model,strategy,seed,case_id,path,bytes,sha256
resnet,clean_only,17,clean,phase2/results/predictions/full/clean_only/resnet/seed_17/clean.npz,76437,ab761b7e0c4c971d799a165c6105ec17fbe12076cc30fabe1d5d898a4794fed9
resnet,clean_only,17,bandpass_n20001_cRA_LA_LL_independent_rms_s20,phase2/results/predictions/full/clean_only/resnet/seed_17/bandpass_n20001_cRA_LA_LL_independent_rms_s20.npz,76516,827e9800871a17d668a9a5bbb25b49ef2f6c5e011d666abea4571ac83f6dfbec
resnet,clean_only,17,bandpass_n20001_cRA_LA_LL_independent_rms_s15,phase2/results/predictions/full/clean_only/resnet/seed_17/bandpass_n20001_cRA_LA_LL_independent_rms_s15.npz,76406,751265f6a6f4b10198fd32e173f01ef1c4dfb1fb167fbcf20732d4632484f89f
resnet,clean_only,17,bandpass_n20001_cRA_LA_LL_independent_rms_s10,phase2/results/predictions/full/clean_only/resnet/seed_17/bandpass_n20001_cRA_LA_LL_independent_rms_s10.npz,76242,dd200b18baa49c1c3c594d57d4c305e0f5b7ad2f84be159d77dcf474f8033aae
resnet,clean_only,17,bandpass_n20001_cRA_LA_LL_independent_rms_s5,phase2/results/predictions/full/clean_only/resnet/seed_17/bandpass_n20001_cRA_LA_LL_independent_rms_s5.npz,75944,c9d32dc82d424683444942d0d367b6b22385f357e4adb6defe49bc22b9e1087c
resnet,clean_only,17,bandpass_n20001_cRA_LA_LL_independent_rms_s0,phase2/results/predictions/full/clean_only/resnet/seed_17/bandpass_n20001_cRA_LA_LL_independent_rms_s0.npz,75551,9fb75a5372d2ed42f74d94a5d44b211d245ff91629e3949fc30fd693cc0f3721
resnet,clean_only,17,bandpass_n20001_cRA_LA_LL_electrode_s20,phase2/results/predictions/full/clean_only/resnet/seed_17/bandpass_n20001_cRA_LA_LL_electrode_s20.npz,76475,88278611c7438971a6360164c71e590d8ac16009b70394fffdcefa4d02d157a4
resnet,clean_only,17,bandpass_n20001_cRA_LA_LL_electrode_s15,phase2/results/predictions/full/clean_only/resnet/seed_17/bandpass_n20001_cRA_LA_LL_electrode_s15.npz,76377,3cd1c77cafc69601f4872cdad350ddd7cf592ca423d5c3ec197954c87441167f
resnet,clean_only,17,bandpass_n20001_cRA_LA_LL_electrode_s10,phase2/results/predictions/full/clean_only/resnet/seed_17/bandpass_n20001_cRA_LA_LL_electrode_s10.npz,76131,2b1faac2981feaa87460a4b40a638ea82f84d73006cd54435c71839c32bfdd38
resnet,clean_only,17,bandpass_n20001_cRA_LA_LL_electrode_s5,phase2/results/predictions/full/clean_only/resnet/seed_17/bandpass_n20001_cRA_LA_LL_electrode_s5.npz,75790,019e32ee69e7f9bac2445900f456e7753a48a48f1b1330a644be98224ddd3e9f
resnet,clean_only,17,bandpass_n20001_cRA_LA_LL_electrode_s0,phase2/results/predictions/full/clean_only/resnet/seed_17/bandpass_n20001_cRA_LA_LL_electrode_s0.npz,75482,d6a475d7a68ea7d3928ecfb279ac4a27caed73cdda1845df28c62e4c85166792
resnet,clean_only,17,bandpass_n20001_cRA_LA_LL_covariance_s20,phase2/results/predictions/full/clean_only/resnet/seed_17/bandpass_n20001_cRA_LA_LL_covariance_s20.npz,76434,8afa8a191a651bd0accd2c992cce947b231ec4af2844c65738095f64f1084375
resnet,clean_only,17,bandpass_n20001_cRA_LA_LL_covariance_s15,phase2/results/predictions/full/clean_only/resnet/seed_17/bandpass_n20001_cRA_LA_LL_covariance_s15.npz,76351,135ba8e9f78def217d343de0d2e019b5bfe7ed385ea86312646a01d9251d9095
resnet,clean_only,17,bandpass_n20001_cRA_LA_LL_covariance_s10,phase2/results/predictions/full/clean_only/resnet/seed_17/bandpass_n20001_cRA_LA_LL_covariance_s10.npz,76162,ec66615babab3f9a4cf8881c9e6322a83b751fe26df0c0fd45bcc653f62701a2
resnet,clean_only,17,bandpass_n20001_cRA_LA_LL_covariance_s5,phase2/results/predictions/full/clean_only/resnet/seed_17/bandpass_n20001_cRA_LA_LL_covariance_s5.npz,75842,a8530db7baee5c912ef861af7cf7eae9a0add35a6429a4259069602a7e91de4f
resnet,clean_only,17,bandpass_n20001_cRA_LA_LL_covariance_s0,phase2/results/predictions/full/clean_only/resnet/seed_17/bandpass_n20001_cRA_LA_LL_covariance_s0.npz,75476,75ef5575f71c3f9b6ef131ff1b742ceb933eb3d250b765c0df02262970cf8fef
resnet,clean_only,17,bandpass_n20001_cV1_independent_rms_s20,phase2/results/predictions/full/clean_only/resnet/seed_17/bandpass_n20001_cV1_independent_rms_s20.npz,76442,448e7e59b7aaec3930c27fe199611c06347c516025a4aca98403f4968eba503d
resnet,clean_only,17,bandpass_n20001_cV1_independent_rms_s15,phase2/results/predictions/full/clean_only/resnet/seed_17/bandpass_n20001_cV1_independent_rms_s15.npz,76372,9849a62799836cfdc95485d5ec2dd4efc90ad005487e981cc84d44fe1cd25cae
resnet,clean_only,17,bandpass_n20001_cV1_independent_rms_s10,phase2/results/predictions/full/clean_only/resnet/seed_17/bandpass_n20001_cV1_independent_rms_s10.npz,76299,384a173ec94bf5381e22c766d10aa2cbc4923efb00098cadd18e3ad3472afe06
resnet,clean_only,17,bandpass_n20001_cV1_independent_rms_s5,phase2/results/predictions/full/clean_only/resnet/seed_17/bandpass_n20001_cV1_independent_rms_s5.npz,76104,8d2190ec32efca87bc7bd0c1a57c7f499db32195bf2e4b1f6be46c1e227868b7
resnet,clean_only,17,bandpass_n20001_cV1_independent_rms_s0,phase2/results/predictions/full/clean_only/resnet/seed_17/bandpass_n20001_cV1_independent_rms_s0.npz,75795,3d934a1f2e4d1df537b4032bfe86e5fcc87ca24c1d76a7db9ad31750d2b79558
resnet,clean_only,17,bandpass_n20001_cV1_electrode_s20,phase2/results/predictions/full/clean_only/resnet/seed_17/bandpass_n20001_cV1_electrode_s20.npz,76420,3eb3a4f633f5a373e3cbe24fd7c3b1fac79b9b275256a63f8f3ce91fe3939244
resnet,clean_only,17,bandpass_n20001_cV1_electrode_s15,phase2/results/predictions/full/clean_only/resnet/seed_17/bandpass_n20001_cV1_electrode_s15.npz,76428,6efab56c395148f629f3825fdd1b8147eddf1e4c981275d8592f9a7e226ef6be
resnet,clean_only,17,bandpass_n20001_cV1_electrode_s10,phase2/results/predictions/full/clean_only/resnet/seed_17/bandpass_n20001_cV1_electrode_s10.npz,76301,795c17ff6d55aaa7506a580dbd649762e04e17939da85c05aa28744fb14d4863
resnet,clean_only,17,bandpass_n20001_cV1_electrode_s5,phase2/results/predictions/full/clean_only/resnet/seed_17/bandpass_n20001_cV1_electrode_s5.npz,76065,8150b52b3add804dc55ad1b6f32b40b4f422a20490f116a110c2ebc765ee6e5f
resnet,clean_only,17,bandpass_n20001_cV1_electrode_s0,phase2/results/predictions/full/clean_only/resnet/seed_17/bandpass_n20001_cV1_electrode_s0.npz,75763,a0a86b0fcc78b5a5e5523619ead9451894e0f58980e184952210739b2de582fb
resnet,clean_only,17,bandpass_n20001_cV1_covariance_s20,phase2/results/predictions/full/clean_only/resnet/seed_17/bandpass_n20001_cV1_covariance_s20.npz,76442,f25f5bf2fc952f6453da61d02dc125b40406702b24daf341a36082439e413205
resnet,clean_only,17,bandpass_n20001_cV1_covariance_s15,phase2/results/predictions/full/clean_only/resnet/seed_17/bandpass_n20001_cV1_covariance_s15.npz,76382,7d52098368c54aab5676b8ee89c4d644e22f608f854275961b78a7ce4f3af0cc
resnet,clean_only,17,bandpass_n20001_cV1_covariance_s10,phase2/results/predictions/full/clean_only/resnet/seed_17/bandpass_n20001_cV1_covariance_s10.npz,76261,9e084058b0c2045acbb13f4848e76218928f30c5c2b8e341daf43641f8d55356
resnet,clean_only,17,bandpass_n20001_cV1_covariance_s5,phase2/results/predictions/full/clean_only/resnet/seed_17/bandpass_n20001_cV1_covariance_s5.npz,76073,558271a9a0d335ed8994de0e997ed29a552679ded129613d1f9c922947980036
resnet,clean_only,17,bandpass_n20001_cV1_covariance_s0,phase2/results/predictions/full/clean_only/resnet/seed_17/bandpass_n20001_cV1_covariance_s0.npz,75782,7373e6b0f2b3bd20805348d28059b98d080af62ca0ffa8ed85294cc107aabbea
resnet,clean_only,17,bandpass_n20001_cV2_independent_rms_s20,phase2/results/predictions/full/clean_only/resnet/seed_17/bandpass_n20001_cV2_independent_rms_s20.npz,76480,af8399fac68c4950096239bcda1416008ff3c64427a5205352f8c5f47d92fab8
resnet,clean_only,17,bandpass_n20001_cV2_independent_rms_s15,phase2/results/predictions/full/clean_only/resnet/seed_17/bandpass_n20001_cV2_independent_rms_s15.npz,76426,bb88ce1e9c4d63dd2eb63648ebb25541e96aeb20e00d2255750bfa2f8f138e3f
resnet,clean_only,17,bandpass_n20001_cV2_independent_rms_s10,phase2/results/predictions/full/clean_only/resnet/seed_17/bandpass_n20001_cV2_independent_rms_s10.npz,76247,1d29edca2a046cdfb19717b14b4981c2ee8ac54601a245f0841a31cfb40f254d
resnet,clean_only,17,bandpass_n20001_cV2_independent_rms_s5,phase2/results/predictions/full/clean_only/resnet/seed_17/bandpass_n20001_cV2_independent_rms_s5.npz,76029,596e372d893012455286e2454c6b903f96298d841bf883e9240e86c2dd2fe2d1
resnet,clean_only,17,bandpass_n20001_cV2_independent_rms_s0,phase2/results/predictions/full/clean_only/resnet/seed_17/bandpass_n20001_cV2_independent_rms_s0.npz,75682,64586e0e3b71ebf4851f875cb4db2bf9685ee72092578cb8f9cd5eab77418ebb
resnet,clean_only,17,bandpass_n20001_cV2_electrode_s20,phase2/results/predictions/full/clean_only/resnet/seed_17/bandpass_n20001_cV2_electrode_s20.npz,76477,094e59769e0efb932f4587c40d04b66d0caf14e298e17e447ba7b31c9c7bdaa3
resnet,clean_only,17,bandpass_n20001_cV2_electrode_s15,phase2/results/predictions/full/clean_only/resnet/seed_17/bandpass_n20001_cV2_electrode_s15.npz,76409,ed1c6890210c9bfb5dc1d374eba249fac8ad5455fff5671e217ca88bbc9f6b3b
resnet,clean_only,17,bandpass_n20001_cV2_electrode_s10,phase2/results/predictions/full/clean_only/resnet/seed_17/bandpass_n20001_cV2_electrode_s10.npz,76297,3772b4f64ae9b291c7896e3f39baadf371f9b6e2a0b7854ab9618cf3efd50e1c
resnet,clean_only,17,bandpass_n20001_cV2_electrode_s5,phase2/results/predictions/full/clean_only/resnet/seed_17/bandpass_n20001_cV2_electrode_s5.npz,76009,44447901d2118c3567ceb5867f90edf2024ed1efae1ee16a6f6403db7a605f90
resnet,clean_only,17,bandpass_n20001_cV2_electrode_s0,phase2/results/predictions/full/clean_only/resnet/seed_17/bandpass_n20001_cV2_electrode_s0.npz,75646,1a6332a7f8b769b33f151f66fa7c35d1cec82c3f70d0ab18f435b2d85d25e699
resnet,clean_only,17,bandpass_n20001_cV2_covariance_s20,phase2/results/predictions/full/clean_only/resnet/seed_17/bandpass_n20001_cV2_covariance_s20.npz,76436,303399ca6ca88f23598b6815347e1f01b324ac9c8312e9637615ad3207898e64
resnet,clean_only,17,bandpass_n20001_cV2_covariance_s15,phase2/results/predictions/full/clean_only/resnet/seed_17/bandpass_n20001_cV2_covariance_s15.npz,76399,9c3c7875f71b83bd641159ea4964bd7e2dea24dd0156357eb058c59bcf3e6d98
resnet,clean_only,17,bandpass_n20001_cV2_covariance_s10,phase2/results/predictions/full/clean_only/resnet/seed_17/bandpass_n20001_cV2_covariance_s10.npz,76275,c4b9b4c258d89e6c598c9d36af7c55c6a5f13743478bd24d28fe48bd5698cbcf
resnet,clean_only,17,bandpass_n20001_cV2_covariance_s5,phase2/results/predictions/full/clean_only/resnet/seed_17/bandpass_n20001_cV2_covariance_s5.npz,76047,971db48c214ad9ce8dc2f547b7b7af5a40c54aa64f8e155613c34690b1fbaaef
resnet,clean_only,17,bandpass_n20001_cV2_covariance_s0,phase2/results/predictions/full/clean_only/resnet/seed_17/bandpass_n20001_cV2_covariance_s0.npz,75665,d183a1e9b230adf505d1c4c593f593f4c571657cb521dcb571fc32e2042dfa25
resnet,clean_only,17,bandpass_n20001_cV3_independent_rms_s20,phase2/results/predictions/full/clean_only/resnet/seed_17/bandpass_n20001_cV3_independent_rms_s20.npz,76462,ba55bc766cf84291393c5818b96dff308a173944b5c4ef693a0a4e5e32c23208
resnet,clean_only,17,bandpass_n20001_cV3_independent_rms_s15,phase2/results/predictions/full/clean_only/resnet/seed_17/bandpass_n20001_cV3_independent_rms_s15.npz,76415,5f6ac51c08e8e44f55b724c7743c0f2f25e5cbe0702702e82d1674f0cadb55dd
resnet,clean_only,17,bandpass_n20001_cV3_independent_rms_s10,phase2/results/predictions/full/clean_only/resnet/seed_17/bandpass_n20001_cV3_independent_rms_s10.npz,76269,f8d32bcf18cc367e60fb6637e6a485de27e1762383b10c6890f1be5558806f95
resnet,clean_only,17,bandpass_n20001_cV3_independent_rms_s5,phase2/results/predictions/full/clean_only/resnet/seed_17/bandpass_n20001_cV3_independent_rms_s5.npz,76027,abd7ba2fdb37f40a3e7698fb1c753837511401f84e3b5858f051796ba6c88ad0
resnet,clean_only,17,bandpass_n20001_cV3_independent_rms_s0,phase2/results/predictions/full/clean_only/resnet/seed_17/bandpass_n20001_cV3_independent_rms_s0.npz,75519,0c1aa5ff80c7b58fc6d1ef8c62b50b92a939bab0bf60e85433d49e22b85a0d49
resnet,clean_only,17,bandpass_n20001_cV3_electrode_s20,phase2/results/predictions/full/clean_only/resnet/seed_17/bandpass_n20001_cV3_electrode_s20.npz,76436,186d92a6f5dc68b13dcfba63276c4b30e3f33653cf11fa25a1f698637b36fad0
resnet,clean_only,17,bandpass_n20001_cV3_electrode_s15,phase2/results/predictions/full/clean_only/resnet/seed_17/bandpass_n20001_cV3_electrode_s15.npz,76411,86a753277d722fff1a0de344c75fb549552c3f8a18baa2b4c997b2f22df336c9
resnet,clean_only,17,bandpass_n20001_cV3_electrode_s10,phase2/results/predictions/full/clean_only/resnet/seed_17/bandpass_n20001_cV3_electrode_s10.npz,76297,14b6b3758ba0901a3667ffbf45e65c57662b98ece8e010731f3a846ebe3194d3
resnet,clean_only,17,bandpass_n20001_cV3_electrode_s5,phase2/results/predictions/full/clean_only/resnet/seed_17/bandpass_n20001_cV3_electrode_s5.npz,76008,aed8c58e31bd1e97d0de9df5b71864cc5f150376c545e5a4056eb6427c193cc1
resnet,clean_only,17,bandpass_n20001_cV3_electrode_s0,phase2/results/predictions/full/clean_only/resnet/seed_17/bandpass_n20001_cV3_electrode_s0.npz,75503,cb23d4584ac1ca3f2360b3e9680113772b91a60b61e059b8e9a0d795aa2f09bd
resnet,clean_only,17,bandpass_n20001_cV3_covariance_s20,phase2/results/predictions/full/clean_only/resnet/seed_17/bandpass_n20001_cV3_covariance_s20.npz,76456,05fb70a86f0515d6380e1c997785e7ee587f4a4bc34ed98a6fbe34316444a066
resnet,clean_only,17,bandpass_n20001_cV3_covariance_s15,phase2/results/predictions/full/clean_only/resnet/seed_17/bandpass_n20001_cV3_covariance_s15.npz,76435,fd7bf9c14b8e746f6bbaa74a80c538b9720eac5d0adddcb651ad78664cb7b403
resnet,clean_only,17,bandpass_n20001_cV3_covariance_s10,phase2/results/predictions/full/clean_only/resnet/seed_17/bandpass_n20001_cV3_covariance_s10.npz,76264,474773a567dc86b6521ffc775ca62579b7742ed3cb51308a7fbad1dc628aa774
resnet,clean_only,17,bandpass_n20001_cV3_covariance_s5,phase2/results/predictions/full/clean_only/resnet/seed_17/bandpass_n20001_cV3_covariance_s5.npz,75994,a407dc8088f16f4c4945431e247087dbc06b3acbb3a25893628b9b62c5c71e2f
resnet,clean_only,17,bandpass_n20001_cV3_covariance_s0,phase2/results/predictions/full/clean_only/resnet/seed_17/bandpass_n20001_cV3_covariance_s0.npz,75503,ac0a22d0083036075808c6deb49332d9eb5f422749dcaf81c0630887794490fa
resnet,clean_only,17,bandpass_n20001_cV4_independent_rms_s20,phase2/results/predictions/full/clean_only/resnet/seed_17/bandpass_n20001_cV4_independent_rms_s20.npz,76446,19a1ad3d6e7d92a1ef75f8cc05df892d2a5a6f7b2a2824d127ee765c5828195f
resnet,clean_only,17,bandpass_n20001_cV4_independent_rms_s15,phase2/results/predictions/full/clean_only/resnet/seed_17/bandpass_n20001_cV4_independent_rms_s15.npz,76468,abc9c284aa31dbe6cfa3103eacbedfa308de4db442da92d49a8a2079b0376413
resnet,clean_only,17,bandpass_n20001_cV4_independent_rms_s10,phase2/results/predictions/full/clean_only/resnet/seed_17/bandpass_n20001_cV4_independent_rms_s10.npz,76359,5841a1334cccb7c85c22d3f3666be2ca0b79c1850fdcd99ef12ade17cfca23ee
resnet,clean_only,17,bandpass_n20001_cV4_independent_rms_s5,phase2/results/predictions/full/clean_only/resnet/seed_17/bandpass_n20001_cV4_independent_rms_s5.npz,76218,7e6f2c331100bd77f0bdc3884ff852b5023185369c9834c396ea574933e348ff
resnet,clean_only,17,bandpass_n20001_cV4_independent_rms_s0,phase2/results/predictions/full/clean_only/resnet/seed_17/bandpass_n20001_cV4_independent_rms_s0.npz,75874,4a27b7fc9220bfc0253940cc7081bcc0c36ba0b8cf54dd63c2ce0cb78facceb5
resnet,clean_only,17,bandpass_n20001_cV4_electrode_s20,phase2/results/predictions/full/clean_only/resnet/seed_17/bandpass_n20001_cV4_electrode_s20.npz,76447,9c2f0cee91f10561a932030f7cacb3cd5fc8770e62fe1ee6a4816b41bc7fc08e
resnet,clean_only,17,bandpass_n20001_cV4_electrode_s15,phase2/results/predictions/full/clean_only/resnet/seed_17/bandpass_n20001_cV4_electrode_s15.npz,76428,f28c55e0b60587f34fb0274d9355a66e60eef87ebcf913c36aa8febcfd225718
resnet,clean_only,17,bandpass_n20001_cV4_electrode_s10,phase2/results/predictions/full/clean_only/resnet/seed_17/bandpass_n20001_cV4_electrode_s10.npz,76336,f7617d80108251494398185c4f26d6cbd766546c1a2570a3f9191d4993ce7d44
resnet,clean_only,17,bandpass_n20001_cV4_electrode_s5,phase2/results/predictions/full/clean_only/resnet/seed_17/bandpass_n20001_cV4_electrode_s5.npz,76182,51ad0ecbe9627d2d02500a516b37d642e98bed963129484d659c46803317445e
resnet,clean_only,17,bandpass_n20001_cV4_electrode_s0,phase2/results/predictions/full/clean_only/resnet/seed_17/bandpass_n20001_cV4_electrode_s0.npz,75886,a820239efc465c2524cc5dd5b17d3f650f905aace482765aac7cd04083e0107e
resnet,clean_only,17,bandpass_n20001_cV4_covariance_s20,phase2/results/predictions/full/clean_only/resnet/seed_17/bandpass_n20001_cV4_covariance_s20.npz,76462,c0180d2c462f5cd8abb4f63b32a84a50e4f0d798cc59314f68fa8561b00eb7d5
resnet,clean_only,17,bandpass_n20001_cV4_covariance_s15,phase2/results/predictions/full/clean_only/resnet/seed_17/bandpass_n20001_cV4_covariance_s15.npz,76457,60daf9a47a90cdacf87fda766d1e598d776c4322bdad4d42863c807b645c60f0
resnet,clean_only,17,bandpass_n20001_cV4_covariance_s10,phase2/results/predictions/full/clean_only/resnet/seed_17/bandpass_n20001_cV4_covariance_s10.npz,76364,6152f0e16096cc5b633e75c8adfd7cd81db5beda8843c05b2696e1b97be6c2fd
resnet,clean_only,17,bandpass_n20001_cV4_covariance_s5,phase2/results/predictions/full/clean_only/resnet/seed_17/bandpass_n20001_cV4_covariance_s5.npz,76174,ffff15298a2019dc18281bc9c16b176f4b15a9558a6c1608760cd913a5ca921f
resnet,clean_only,17,bandpass_n20001_cV4_covariance_s0,phase2/results/predictions/full/clean_only/resnet/seed_17/bandpass_n20001_cV4_covariance_s0.npz,75883,46547cb6f2ddec91e6e64915ba5ac5296ffc871b5d4941e3794779da377a6ff2
resnet,clean_only,17,bandpass_n20001_cV5_independent_rms_s20,phase2/results/predictions/full/clean_only/resnet/seed_17/bandpass_n20001_cV5_independent_rms_s20.npz,76445,647acd7b78b607c8dbe9c844510e82a26bb36d49578a104af38f35ca8071f045
resnet,clean_only,17,bandpass_n20001_cV5_independent_rms_s15,phase2/results/predictions/full/clean_only/resnet/seed_17/bandpass_n20001_cV5_independent_rms_s15.npz,76417,65f5b41115b1a6a2c88b27f659d0aa058cfeb495a9b862685d46aa1a3b786243
resnet,clean_only,17,bandpass_n20001_cV5_independent_rms_s10,phase2/results/predictions/full/clean_only/resnet/seed_17/bandpass_n20001_cV5_independent_rms_s10.npz,76297,a6612875066721dc2a9ab8847cee16a2368a0cd1babee35816203ce3d3f9e295
resnet,clean_only,17,bandpass_n20001_cV5_independent_rms_s5,phase2/results/predictions/full/clean_only/resnet/seed_17/bandpass_n20001_cV5_independent_rms_s5.npz,76057,03f0928ce75a08bf2a72a3179be870fe08b819a0aead8f2a136bd677978d9b76
resnet,clean_only,17,bandpass_n20001_cV5_independent_rms_s0,phase2/results/predictions/full/clean_only/resnet/seed_17/bandpass_n20001_cV5_independent_rms_s0.npz,75610,de93b940daa0947b05c6f101e09a29c5645f9f467624ce1ebe6303f81d3f1a9d
resnet,clean_only,17,bandpass_n20001_cV5_electrode_s20,phase2/results/predictions/full/clean_only/resnet/seed_17/bandpass_n20001_cV5_electrode_s20.npz,76485,861f0f22e27b7d35732bcbb134abb82ff95f9c6975716a936a27a1a7907ef67d
resnet,clean_only,17,bandpass_n20001_cV5_electrode_s15,phase2/results/predictions/full/clean_only/resnet/seed_17/bandpass_n20001_cV5_electrode_s15.npz,76434,c8bf145ad6ffc63bdd68686e480d0aa7b8b8bd0d90bb7d224bf26a4e759b4bf3
resnet,clean_only,17,bandpass_n20001_cV5_electrode_s10,phase2/results/predictions/full/clean_only/resnet/seed_17/bandpass_n20001_cV5_electrode_s10.npz,76300,311fc2599d6100d45bfaf07e16bb172d733e91801a4a2e63e776a20a0b0cff48
resnet,clean_only,17,bandpass_n20001_cV5_electrode_s5,phase2/results/predictions/full/clean_only/resnet/seed_17/bandpass_n20001_cV5_electrode_s5.npz,76033,ecdd26618f9d69f1e946ccf9208dd60cd085bd8ec59d3c1711ada49c0eb5a648
resnet,clean_only,17,bandpass_n20001_cV5_electrode_s0,phase2/results/predictions/full/clean_only/resnet/seed_17/bandpass_n20001_cV5_electrode_s0.npz,75580,10213230d71199d3203ee4f3df58773e37fe2feaf38f602a7ef04071a80a3487
resnet,clean_only,17,bandpass_n20001_cV5_covariance_s20,phase2/results/predictions/full/clean_only/resnet/seed_17/bandpass_n20001_cV5_covariance_s20.npz,76442,1f9de5461c33804e4841c764594037fddc1bc7f2311e79843770b1c7a7839de8
resnet,clean_only,17,bandpass_n20001_cV5_covariance_s15,phase2/results/predictions/full/clean_only/resnet/seed_17/bandpass_n20001_cV5_covariance_s15.npz,76377,00f21cf65619e5f72848dd085b33e3db347a931429f5fd68f79d4b3b97bde145
resnet,clean_only,17,bandpass_n20001_cV5_covariance_s10,phase2/results/predictions/full/clean_only/resnet/seed_17/bandpass_n20001_cV5_covariance_s10.npz,76276,044f11038affd3baf6dcd7069325fd38fe59238573e4ceea6d146914ebd4429f
resnet,clean_only,17,bandpass_n20001_cV5_covariance_s5,phase2/results/predictions/full/clean_only/resnet/seed_17/bandpass_n20001_cV5_covariance_s5.npz,76057,b22fb61f7af5c610c1360c708a9cac8e1dc1d7620fa070c0243e4ac3dfacfeff
resnet,clean_only,17,bandpass_n20001_cV5_covariance_s0,phase2/results/predictions/full/clean_only/resnet/seed_17/bandpass_n20001_cV5_covariance_s0.npz,75576,6a67cf287eea44d6b2fc8da51f21858bc88dea07a31d1854ff344608111abd11
resnet,clean_only,17,bandpass_n20001_cV6_independent_rms_s20,phase2/results/predictions/full/clean_only/resnet/seed_17/bandpass_n20001_cV6_independent_rms_s20.npz,76474,daeee2463db22ed06f7ee925a5e0b3900a5634782269db1cfbafea2b6935a646
resnet,clean_only,17,bandpass_n20001_cV6_independent_rms_s15,phase2/results/predictions/full/clean_only/resnet/seed_17/bandpass_n20001_cV6_independent_rms_s15.npz,76429,44fab36b500cbeb3f482a2987a1c60e071ed35f3a19106e65258463a8dc461fa
resnet,clean_only,17,bandpass_n20001_cV6_independent_rms_s10,phase2/results/predictions/full/clean_only/resnet/seed_17/bandpass_n20001_cV6_independent_rms_s10.npz,76284,ad64a14022b7bd3f234a574853da37561a26746b47893655f8d422a7af00c10f
resnet,clean_only,17,bandpass_n20001_cV6_independent_rms_s5,phase2/results/predictions/full/clean_only/resnet/seed_17/bandpass_n20001_cV6_independent_rms_s5.npz,75958,251ee4deae8d8a6010357e84f92845256c09a2704285152d6b627e722dbc1b0c
resnet,clean_only,17,bandpass_n20001_cV6_independent_rms_s0,phase2/results/predictions/full/clean_only/resnet/seed_17/bandpass_n20001_cV6_independent_rms_s0.npz,75506,425a6ecb36477a32f6da6095e80b61cd4db4caae08597a5db39851e3e464b928
resnet,clean_only,17,bandpass_n20001_cV6_electrode_s20,phase2/results/predictions/full/clean_only/resnet/seed_17/bandpass_n20001_cV6_electrode_s20.npz,76463,cf1297ed52d9d997150496c0cf8e2177a2a2ac36a0ec8f89bdfcf95c51c1cd19
resnet,clean_only,17,bandpass_n20001_cV6_electrode_s15,phase2/results/predictions/full/clean_only/resnet/seed_17/bandpass_n20001_cV6_electrode_s15.npz,76392,a49cc64bee4b8cd76ba40d02da8a90f3473184f979328c921350c99c01026b14
resnet,clean_only,17,bandpass_n20001_cV6_electrode_s10,phase2/results/predictions/full/clean_only/resnet/seed_17/bandpass_n20001_cV6_electrode_s10.npz,76244,eaaa47c70528cd35976eb03d3dfa656218d83e8e9bf0cf047379e04afeb238fc
resnet,clean_only,17,bandpass_n20001_cV6_electrode_s5,phase2/results/predictions/full/clean_only/resnet/seed_17/bandpass_n20001_cV6_electrode_s5.npz,75957,14fbc1b39d3cc80a9e80834495d7c83664bf64b204ae5ce626d92fff8835b1ac
resnet,clean_only,17,bandpass_n20001_cV6_electrode_s0,phase2/results/predictions/full/clean_only/resnet/seed_17/bandpass_n20001_cV6_electrode_s0.npz,75528,88ddf8b696cdc0c67adee6610572f9f2fbf97089f6535902e0e15c6157087db6
resnet,clean_only,17,bandpass_n20001_cV6_covariance_s20,phase2/results/predictions/full/clean_only/resnet/seed_17/bandpass_n20001_cV6_covariance_s20.npz,76454,48ac268bd155242352ee51df635dab56816cbbe81ae1ca1dc1058dcfbbb0b38e
resnet,clean_only,17,bandpass_n20001_cV6_covariance_s15,phase2/results/predictions/full/clean_only/resnet/seed_17/bandpass_n20001_cV6_covariance_s15.npz,76425,ba7d5b8842625697d6ebc39b6d9b7df8a8533d58ff0f3df2c61fe97dc86e2b4c
resnet,clean_only,17,bandpass_n20001_cV6_covariance_s10,phase2/results/predictions/full/clean_only/resnet/seed_17/bandpass_n20001_cV6_covariance_s10.npz,76242,a295211c313dff61944a617f9ea89aca8bea9d55ab753d7efb7cfc950451d5eb
resnet,clean_only,17,bandpass_n20001_cV6_covariance_s5,phase2/results/predictions/full/clean_only/resnet/seed_17/bandpass_n20001_cV6_covariance_s5.npz,75956,79e0f9644fbf1769a378c4303ee172bb88cbc1d8b93bd34024cbb6ef2284c0e3
resnet,clean_only,17,bandpass_n20001_cV6_covariance_s0,phase2/results/predictions/full/clean_only/resnet/seed_17/bandpass_n20001_cV6_covariance_s0.npz,75565,29c932d0a5620b5c834f35747d9362f60c706f058a457239f00e01aa3f9e57c5
resnet,clean_only,17,bandpass_n20001_cRA_LA_independent_rms_s20,phase2/results/predictions/full/clean_only/resnet/seed_17/bandpass_n20001_cRA_LA_independent_rms_s20.npz,76465,568973cdd2e716f95b5771cdf32c2477d31ba674d1c2ca2371e4e9cb3f052f0a
resnet,clean_only,17,bandpass_n20001_cRA_LA_independent_rms_s15,phase2/results/predictions/full/clean_only/resnet/seed_17/bandpass_n20001_cRA_LA_independent_rms_s15.npz,76419,90ee2c6028f896687bba2fc04b78dbedc29082b84bc290c85b68fc6166e3958d
resnet,clean_only,17,bandpass_n20001_cRA_LA_independent_rms_s10,phase2/results/predictions/full/clean_only/resnet/seed_17/bandpass_n20001_cRA_LA_independent_rms_s10.npz,76287,0dd9586ce02aa78dc02739a1f6a5383053363dc5352d2f894c0e47761237cde1
resnet,clean_only,17,bandpass_n20001_cRA_LA_independent_rms_s5,phase2/results/predictions/full/clean_only/resnet/seed_17/bandpass_n20001_cRA_LA_independent_rms_s5.npz,75990,521fe5dbb24d9889c493f616fddf8b597f90a05a6410e22461125d3e33a9be5b
resnet,clean_only,17,bandpass_n20001_cRA_LA_independent_rms_s0,phase2/results/predictions/full/clean_only/resnet/seed_17/bandpass_n20001_cRA_LA_independent_rms_s0.npz,75557,6e3dee348f4b49341de0b60b3e283a86f7adf41ed9f81f6794d9f5ff921fab2c
resnet,clean_only,17,bandpass_n20001_cRA_LA_electrode_s20,phase2/results/predictions/full/clean_only/resnet/seed_17/bandpass_n20001_cRA_LA_electrode_s20.npz,76462,a7f633f737d0bc688563aaeb1d3c1b160e0bcea755a4173ea22607aa5f55045b
resnet,clean_only,17,bandpass_n20001_cRA_LA_electrode_s15,phase2/results/predictions/full/clean_only/resnet/seed_17/bandpass_n20001_cRA_LA_electrode_s15.npz,76372,e15730e767ce5bc2561fc0e769174269d654d297e73261f7267d0ad255da202b
resnet,clean_only,17,bandpass_n20001_cRA_LA_electrode_s10,phase2/results/predictions/full/clean_only/resnet/seed_17/bandpass_n20001_cRA_LA_electrode_s10.npz,76184,d80e293aa42f6ceb65bab6ebf085ff4d3512fde78b7bb01684c102639a4b74f5
resnet,clean_only,17,bandpass_n20001_cRA_LA_electrode_s5,phase2/results/predictions/full/clean_only/resnet/seed_17/bandpass_n20001_cRA_LA_electrode_s5.npz,75841,72c025ab84a9a5373ba7d25da269adadfd2e5c63d1299790b5df816c297aeb33
resnet,clean_only,17,bandpass_n20001_cRA_LA_electrode_s0,phase2/results/predictions/full/clean_only/resnet/seed_17/bandpass_n20001_cRA_LA_electrode_s0.npz,75463,70f3584e490162cd9763124012e344d93fe960a53d8400651b51def311afcf78
resnet,clean_only,17,bandpass_n20001_cRA_LA_covariance_s20,phase2/results/predictions/full/clean_only/resnet/seed_17/bandpass_n20001_cRA_LA_covariance_s20.npz,76451,dec0a08ab8633e5f6271a62b7c99070033d53b9f6880bf40ff44f54413d10aa4
resnet,clean_only,17,bandpass_n20001_cRA_LA_covariance_s15,phase2/results/predictions/full/clean_only/resnet/seed_17/bandpass_n20001_cRA_LA_covariance_s15.npz,76369,6db66ab1e3c763d307f41f29897f71e2f5b1223a11a626776a438e840ee42c17
resnet,clean_only,17,bandpass_n20001_cRA_LA_covariance_s10,phase2/results/predictions/full/clean_only/resnet/seed_17/bandpass_n20001_cRA_LA_covariance_s10.npz,76161,ac12771da5b4a732d3c02bbdabf6545bccd310e2e35a5fdb8df054201ea413a8
resnet,clean_only,17,bandpass_n20001_cRA_LA_covariance_s5,phase2/results/predictions/full/clean_only/resnet/seed_17/bandpass_n20001_cRA_LA_covariance_s5.npz,75848,674bf73f2708ca6e80fe3ab1f93241a00e8ea64254a96d3a6c2ee41827f72bf7
resnet,clean_only,17,bandpass_n20001_cRA_LA_covariance_s0,phase2/results/predictions/full/clean_only/resnet/seed_17/bandpass_n20001_cRA_LA_covariance_s0.npz,75473,0413a72c01946f2b9fc7e101e83c2008d0dacf3e5cb2737973bce20bf96a8a67
resnet,clean_only,17,bandpass_n20001_cLA_LL_independent_rms_s20,phase2/results/predictions/full/clean_only/resnet/seed_17/bandpass_n20001_cLA_LL_independent_rms_s20.npz,76473,b6dfb67c641fe9069cb239b2b25dbf705778f45874eea869a169b9d8fb09a184
resnet,clean_only,17,bandpass_n20001_cLA_LL_independent_rms_s15,phase2/results/predictions/full/clean_only/resnet/seed_17/bandpass_n20001_cLA_LL_independent_rms_s15.npz,76407,02ecc8fba86a7049876352230bd44a54e21a5d738e273f88948bba95ff3d39d3
resnet,clean_only,17,bandpass_n20001_cLA_LL_independent_rms_s10,phase2/results/predictions/full/clean_only/resnet/seed_17/bandpass_n20001_cLA_LL_independent_rms_s10.npz,76260,8e57e52ae82a178875980dce110a016f2cb6dd8d9905dafc4ea8d59310758167
resnet,clean_only,17,bandpass_n20001_cLA_LL_independent_rms_s5,phase2/results/predictions/full/clean_only/resnet/seed_17/bandpass_n20001_cLA_LL_independent_rms_s5.npz,75964,42d594c54b1a060cee01888a7cbf1f8758dbd358cdc6c57f1b1929560bb09c17
resnet,clean_only,17,bandpass_n20001_cLA_LL_independent_rms_s0,phase2/results/predictions/full/clean_only/resnet/seed_17/bandpass_n20001_cLA_LL_independent_rms_s0.npz,75508,8aa638471e2a627fabda4b4af5cb2867f5446bf6524feec1423ae119f8ed0970
resnet,clean_only,17,bandpass_n20001_cLA_LL_electrode_s20,phase2/results/predictions/full/clean_only/resnet/seed_17/bandpass_n20001_cLA_LL_electrode_s20.npz,76429,81bf8b6529d54a428896bf1bac26ca6c973dbbd5acff6e7eff2fc6c6a53cdd1b
resnet,clean_only,17,bandpass_n20001_cLA_LL_electrode_s15,phase2/results/predictions/full/clean_only/resnet/seed_17/bandpass_n20001_cLA_LL_electrode_s15.npz,76337,39c1b650b1fb822051e2f7c4978231a85d7f8f4caee7eda6782080bb26dc3c99
resnet,clean_only,17,bandpass_n20001_cLA_LL_electrode_s10,phase2/results/predictions/full/clean_only/resnet/seed_17/bandpass_n20001_cLA_LL_electrode_s10.npz,76140,9e5ebb6eabfdeded004a063086cd6c1cd8e9faddc9fc25e98eeb073483722ab1
resnet,clean_only,17,bandpass_n20001_cLA_LL_electrode_s5,phase2/results/predictions/full/clean_only/resnet/seed_17/bandpass_n20001_cLA_LL_electrode_s5.npz,75829,a32e8fd107bdeb525787629d7fd4de88c22e42dcbbd452f478250829edab4f02
resnet,clean_only,17,bandpass_n20001_cLA_LL_electrode_s0,phase2/results/predictions/full/clean_only/resnet/seed_17/bandpass_n20001_cLA_LL_electrode_s0.npz,75478,aadeb76247a22eefe50108603ea0bc1557d6acc575852da6a63629719cc91999
resnet,clean_only,17,bandpass_n20001_cLA_LL_covariance_s20,phase2/results/predictions/full/clean_only/resnet/seed_17/bandpass_n20001_cLA_LL_covariance_s20.npz,76452,5ed66e46dce4883c6dfb109a17282844128a3417892981d690e092364a6cef2a
resnet,clean_only,17,bandpass_n20001_cLA_LL_covariance_s15,phase2/results/predictions/full/clean_only/resnet/seed_17/bandpass_n20001_cLA_LL_covariance_s15.npz,76360,15a5db1a68ffb4c2c508de5aec237696316ddfa3e71414c810b860684d93ea28
resnet,clean_only,17,bandpass_n20001_cLA_LL_covariance_s10,phase2/results/predictions/full/clean_only/resnet/seed_17/bandpass_n20001_cLA_LL_covariance_s10.npz,76114,b6100bd40881e216ccb51e125b98a1d7bcd4842d75bd76442402b5ab9f83edde
resnet,clean_only,17,bandpass_n20001_cLA_LL_covariance_s5,phase2/results/predictions/full/clean_only/resnet/seed_17/bandpass_n20001_cLA_LL_covariance_s5.npz,75821,89c86eeaf8e42921bcc918a2edb4a0ad1a8afdf59ccb00ef34162c8c3202e23f
resnet,clean_only,17,bandpass_n20001_cLA_LL_covariance_s0,phase2/results/predictions/full/clean_only/resnet/seed_17/bandpass_n20001_cLA_LL_covariance_s0.npz,75483,0becdd6e8db4b23efb1077c5b640587235961604cb99b1835b3d70d2b1c7dbc0
resnet,clean_only,17,bandpass_n20001_cRA_LL_independent_rms_s20,phase2/results/predictions/full/clean_only/resnet/seed_17/bandpass_n20001_cRA_LL_independent_rms_s20.npz,76460,51635f7586e9b3bbba53bf9944a46e13d038ba9eef53bd74cda1982c599bc2e6
resnet,clean_only,17,bandpass_n20001_cRA_LL_independent_rms_s15,phase2/results/predictions/full/clean_only/resnet/seed_17/bandpass_n20001_cRA_LL_independent_rms_s15.npz,76409,c8d4a87570f5730d2622002a5f049ce906abaf3d3dc406f22900aab92b2377d4
resnet,clean_only,17,bandpass_n20001_cRA_LL_independent_rms_s10,phase2/results/predictions/full/clean_only/resnet/seed_17/bandpass_n20001_cRA_LL_independent_rms_s10.npz,76258,0a2c4481e8d9164e95e39171b3be5216cfc1407ca921da4b15657e860ee2d88b
resnet,clean_only,17,bandpass_n20001_cRA_LL_independent_rms_s5,phase2/results/predictions/full/clean_only/resnet/seed_17/bandpass_n20001_cRA_LL_independent_rms_s5.npz,75966,2e78761a19771459a910e084d891f5ffd7d0c81a7dfe1a24f6d32d20f47b5c43
resnet,clean_only,17,bandpass_n20001_cRA_LL_independent_rms_s0,phase2/results/predictions/full/clean_only/resnet/seed_17/bandpass_n20001_cRA_LL_independent_rms_s0.npz,75544,cea8498b3c551490d72d41864b7ed86f2a84d091b3ea5a65598d2361755f3449
resnet,clean_only,17,bandpass_n20001_cRA_LL_electrode_s20,phase2/results/predictions/full/clean_only/resnet/seed_17/bandpass_n20001_cRA_LL_electrode_s20.npz,76409,d87219eadd62bd30354e58e1beb345f1b2759fc52399b8f2d5c60aa92f7524c4
resnet,clean_only,17,bandpass_n20001_cRA_LL_electrode_s15,phase2/results/predictions/full/clean_only/resnet/seed_17/bandpass_n20001_cRA_LL_electrode_s15.npz,76367,d07608fad800579b0f6bda317ad43f43f29cd618d4165ec6c9f5f2c8bc2e2166
resnet,clean_only,17,bandpass_n20001_cRA_LL_electrode_s10,phase2/results/predictions/full/clean_only/resnet/seed_17/bandpass_n20001_cRA_LL_electrode_s10.npz,76129,8dd41cde364c08f8a92e85a1931d89427bef24e8c43a16e1ef88a1bee2d78bb9
resnet,clean_only,17,bandpass_n20001_cRA_LL_electrode_s5,phase2/results/predictions/full/clean_only/resnet/seed_17/bandpass_n20001_cRA_LL_electrode_s5.npz,75810,f766b30326e5f87e3a280ef1f4948aa3c275d27ad17387f9ee244f9b4b309620
resnet,clean_only,17,bandpass_n20001_cRA_LL_electrode_s0,phase2/results/predictions/full/clean_only/resnet/seed_17/bandpass_n20001_cRA_LL_electrode_s0.npz,75492,5c50993b7c4c837d18660d828621e6b37d81446f42a04c5a12482fe92a655979
resnet,clean_only,17,bandpass_n20001_cRA_LL_covariance_s20,phase2/results/predictions/full/clean_only/resnet/seed_17/bandpass_n20001_cRA_LL_covariance_s20.npz,76450,b11a8666a8f9cb254f346501210e38ebeae5a579c195e4a1bdda69271e1d4438
resnet,clean_only,17,bandpass_n20001_cRA_LL_covariance_s15,phase2/results/predictions/full/clean_only/resnet/seed_17/bandpass_n20001_cRA_LL_covariance_s15.npz,76366,65f0a72acbd3df54f012e160cdd6f4f6ca6877d78240601bf0587dedbb8d233a
resnet,clean_only,17,bandpass_n20001_cRA_LL_covariance_s10,phase2/results/predictions/full/clean_only/resnet/seed_17/bandpass_n20001_cRA_LL_covariance_s10.npz,76126,d6f718d3fd1d4c1af08cee0f779d2c9c7fb093592422f261124112b11ac09328
resnet,clean_only,17,bandpass_n20001_cRA_LL_covariance_s5,phase2/results/predictions/full/clean_only/resnet/seed_17/bandpass_n20001_cRA_LL_covariance_s5.npz,75830,e226fdec9ac11ad8f850db9dbd0f8fd43aee5709fceb5a0908789e919611c3fa
resnet,clean_only,17,bandpass_n20001_cRA_LL_covariance_s0,phase2/results/predictions/full/clean_only/resnet/seed_17/bandpass_n20001_cRA_LL_covariance_s0.npz,75449,c51593db02acb48095a6a0108366e03a4a2b2bf58b38b287a703c8b6fec0b932
resnet,clean_only,17,bandpass_n20001_cRA_independent_rms_s20,phase2/results/predictions/full/clean_only/resnet/seed_17/bandpass_n20001_cRA_independent_rms_s20.npz,76454,dd50d61875e03813e2ecc52945cf8aca845495133bab06b9474c330b542a7f8e
resnet,clean_only,17,bandpass_n20001_cRA_independent_rms_s15,phase2/results/predictions/full/clean_only/resnet/seed_17/bandpass_n20001_cRA_independent_rms_s15.npz,76407,5f6642ab309f738b344a9272e9d2b2ecbf26ae582a61e169a8d04f400cda8889
resnet,clean_only,17,bandpass_n20001_cRA_independent_rms_s10,phase2/results/predictions/full/clean_only/resnet/seed_17/bandpass_n20001_cRA_independent_rms_s10.npz,76222,56ff5ce18e7eab5c957b46e8d7e10d6b606c388c4ef27c0ba8d0bbff15814503
resnet,clean_only,17,bandpass_n20001_cRA_independent_rms_s5,phase2/results/predictions/full/clean_only/resnet/seed_17/bandpass_n20001_cRA_independent_rms_s5.npz,75969,27dc6f5598af6036f45e09baab219f72f400b0f7d34c59ca0a830fb3a82b103b
resnet,clean_only,17,bandpass_n20001_cRA_independent_rms_s0,phase2/results/predictions/full/clean_only/resnet/seed_17/bandpass_n20001_cRA_independent_rms_s0.npz,75556,422348b05d5e75fa97770072274b8f06f08265a54f13346791157061e2051031
resnet,clean_only,17,bandpass_n20001_cRA_electrode_s20,phase2/results/predictions/full/clean_only/resnet/seed_17/bandpass_n20001_cRA_electrode_s20.npz,76462,9249b1c4fa0ae14468ad0c9921c89acd80fbe8cfdd0366e6fcdc402926e8ac07
resnet,clean_only,17,bandpass_n20001_cRA_electrode_s15,phase2/results/predictions/full/clean_only/resnet/seed_17/bandpass_n20001_cRA_electrode_s15.npz,76370,97fc38988bee29972f447690fc61e6367acdb010a22639dcb2873e02f69d1d6e
resnet,clean_only,17,bandpass_n20001_cRA_electrode_s10,phase2/results/predictions/full/clean_only/resnet/seed_17/bandpass_n20001_cRA_electrode_s10.npz,76167,47bb46d523853cb82a061e953be9f92109e7d825d1df7f381d16c935a5531348
resnet,clean_only,17,bandpass_n20001_cRA_electrode_s5,phase2/results/predictions/full/clean_only/resnet/seed_17/bandpass_n20001_cRA_electrode_s5.npz,75897,e069a7b858696da2baa1fb2c9609d408a690ae372e1a8dfcce5387fb849115a3
resnet,clean_only,17,bandpass_n20001_cRA_electrode_s0,phase2/results/predictions/full/clean_only/resnet/seed_17/bandpass_n20001_cRA_electrode_s0.npz,75556,b660d6b8019cad919c0d5e41bd41b030d47d9189d135249dc3996c847ada457d
resnet,clean_only,17,bandpass_n20001_cRA_covariance_s20,phase2/results/predictions/full/clean_only/resnet/seed_17/bandpass_n20001_cRA_covariance_s20.npz,76434,739f484e5e7f0c4d03ebcd7e41e847939280c962f6ccd33c37e511a217b34a5b
resnet,clean_only,17,bandpass_n20001_cRA_covariance_s15,phase2/results/predictions/full/clean_only/resnet/seed_17/bandpass_n20001_cRA_covariance_s15.npz,76388,1e6381ad78d39ee3890d88e3e5e7d2fcce5e399ab04ca3ba4ff6d452f80e571b
resnet,clean_only,17,bandpass_n20001_cRA_covariance_s10,phase2/results/predictions/full/clean_only/resnet/seed_17/bandpass_n20001_cRA_covariance_s10.npz,76164,5ecfa2bd2fe8f579d76628e38ae17ce1e82b85ad7504910e02018c8a9b8d0a08
resnet,clean_only,17,bandpass_n20001_cRA_covariance_s5,phase2/results/predictions/full/clean_only/resnet/seed_17/bandpass_n20001_cRA_covariance_s5.npz,75894,b6d4efe7106bfe8fb8befd209793d2bb07e7bfe4a4cd5b70b036c695a38a2e49
resnet,clean_only,17,bandpass_n20001_cRA_covariance_s0,phase2/results/predictions/full/clean_only/resnet/seed_17/bandpass_n20001_cRA_covariance_s0.npz,75550,aea74285380008f8086d8b7956aeb950365c11b6790e6c7f0259893d76ff3d5b
resnet,clean_only,17,bandpass_n20001_cLA_independent_rms_s20,phase2/results/predictions/full/clean_only/resnet/seed_17/bandpass_n20001_cLA_independent_rms_s20.npz,76470,97c8ca23ec9e41cc68f16284e6a385a8dfe615e4ac360ccef1cdd4d61359ed6b
resnet,clean_only,17,bandpass_n20001_cLA_independent_rms_s15,phase2/results/predictions/full/clean_only/resnet/seed_17/bandpass_n20001_cLA_independent_rms_s15.npz,76399,1a4dda3cab65c559493b79a725a9bd096dfaabf7fdf63f176e546134b7d24ee5
resnet,clean_only,17,bandpass_n20001_cLA_independent_rms_s10,phase2/results/predictions/full/clean_only/resnet/seed_17/bandpass_n20001_cLA_independent_rms_s10.npz,76245,39d110c5d9b9925fe63dbffe4bdd1635b114c78752b151e01411ff56aebf11b2
resnet,clean_only,17,bandpass_n20001_cLA_independent_rms_s5,phase2/results/predictions/full/clean_only/resnet/seed_17/bandpass_n20001_cLA_independent_rms_s5.npz,76019,5489c362aa81d30b12358c3225e5b8e8059f5f553b72c05b14287383a11af639
resnet,clean_only,17,bandpass_n20001_cLA_independent_rms_s0,phase2/results/predictions/full/clean_only/resnet/seed_17/bandpass_n20001_cLA_independent_rms_s0.npz,75518,60ae15ba6b95e7a938b178fa6b48ce5c30d286e314f97380090f9722327e855f
resnet,clean_only,17,bandpass_n20001_cLA_electrode_s20,phase2/results/predictions/full/clean_only/resnet/seed_17/bandpass_n20001_cLA_electrode_s20.npz,76447,e52665ac0130cd531e1c9352a7f3960325848e4b1ed55a50a9be58c2b634e17f
resnet,clean_only,17,bandpass_n20001_cLA_electrode_s15,phase2/results/predictions/full/clean_only/resnet/seed_17/bandpass_n20001_cLA_electrode_s15.npz,76383,46df05af8d070a096fe6898230a0f577332a6882d6f842cf3678fac9c0157c20
resnet,clean_only,17,bandpass_n20001_cLA_electrode_s10,phase2/results/predictions/full/clean_only/resnet/seed_17/bandpass_n20001_cLA_electrode_s10.npz,76211,e84926e7c7897173da893c1acdd100059c7f59bd9db9a93b4e13e80ec24b47a0
resnet,clean_only,17,bandpass_n20001_cLA_electrode_s5,phase2/results/predictions/full/clean_only/resnet/seed_17/bandpass_n20001_cLA_electrode_s5.npz,75864,15ebd06c885b98a21d84cca7abbd13d4337feb1b0a79904fd4caf9b954b13a3e
resnet,clean_only,17,bandpass_n20001_cLA_electrode_s0,phase2/results/predictions/full/clean_only/resnet/seed_17/bandpass_n20001_cLA_electrode_s0.npz,75440,1d6142d18aebf57766e4608349c3e015095f9b8b63e4d3e9b650edb084fd7d0a
resnet,clean_only,17,bandpass_n20001_cLA_covariance_s20,phase2/results/predictions/full/clean_only/resnet/seed_17/bandpass_n20001_cLA_covariance_s20.npz,76454,543c967d30565e1cd1339db0905e9f52fe761ca84a45be06edad14ba1c1435a7
resnet,clean_only,17,bandpass_n20001_cLA_covariance_s15,phase2/results/predictions/full/clean_only/resnet/seed_17/bandpass_n20001_cLA_covariance_s15.npz,76393,d714f5c07c04dd5487dde15ce9235ff82339931622abebeae3bbf722808be226
resnet,clean_only,17,bandpass_n20001_cLA_covariance_s10,phase2/results/predictions/full/clean_only/resnet/seed_17/bandpass_n20001_cLA_covariance_s10.npz,76227,b53c87ed65a24575d233d20a7508a2f2d540550ee241d9384c5afe313ff265b5
resnet,clean_only,17,bandpass_n20001_cLA_covariance_s5,phase2/results/predictions/full/clean_only/resnet/seed_17/bandpass_n20001_cLA_covariance_s5.npz,75879,30d31ef6d651fa22fd3a25e175b0d1d6335546d017418fd9cf8666881ef8131e
resnet,clean_only,17,bandpass_n20001_cLA_covariance_s0,phase2/results/predictions/full/clean_only/resnet/seed_17/bandpass_n20001_cLA_covariance_s0.npz,75442,5d3712b54bc3ca1d619fbe16a12e0edd39b8a74d9997d9c469aba5c3f565a4d8
resnet,clean_only,17,bandpass_n20001_cLL_independent_rms_s20,phase2/results/predictions/full/clean_only/resnet/seed_17/bandpass_n20001_cLL_independent_rms_s20.npz,76464,fb6a7e62a6caced3327aaf5e04310327fdd54790066dc68de3762fcd1a16de00
resnet,clean_only,17,bandpass_n20001_cLL_independent_rms_s15,phase2/results/predictions/full/clean_only/resnet/seed_17/bandpass_n20001_cLL_independent_rms_s15.npz,76412,eb81e75f5b7c6d1c1e8c938f3556f21548384e9ad4aafc917a384e1e446946da
resnet,clean_only,17,bandpass_n20001_cLL_independent_rms_s10,phase2/results/predictions/full/clean_only/resnet/seed_17/bandpass_n20001_cLL_independent_rms_s10.npz,76259,96e3c68808fb83a43f9e8b4c2d0952041a45cc446c7dc451f163c6e9c83f3ee8
resnet,clean_only,17,bandpass_n20001_cLL_independent_rms_s5,phase2/results/predictions/full/clean_only/resnet/seed_17/bandpass_n20001_cLL_independent_rms_s5.npz,75905,339927a80530333fe7b656015c25f72df0430fd95699b6c1e80df61a81349779
resnet,clean_only,17,bandpass_n20001_cLL_independent_rms_s0,phase2/results/predictions/full/clean_only/resnet/seed_17/bandpass_n20001_cLL_independent_rms_s0.npz,75486,71b6673550916eb83ab696fd18a30f61c1751db1ce7689648275e6229117055f
resnet,clean_only,17,bandpass_n20001_cLL_electrode_s20,phase2/results/predictions/full/clean_only/resnet/seed_17/bandpass_n20001_cLL_electrode_s20.npz,76432,3826d0e9fab138c717c0ae33166f82be9953186245759210d611cbba00d538f2
resnet,clean_only,17,bandpass_n20001_cLL_electrode_s15,phase2/results/predictions/full/clean_only/resnet/seed_17/bandpass_n20001_cLL_electrode_s15.npz,76347,aca66a335beffc00d8927ebde4aacf8ee60cc5a74f0b4e3788f40c01408f82cd
resnet,clean_only,17,bandpass_n20001_cLL_electrode_s10,phase2/results/predictions/full/clean_only/resnet/seed_17/bandpass_n20001_cLL_electrode_s10.npz,76120,d1c142fb111a82a0605b15172e79013d4eabe111dbee35a7c445e04c1d63dec1
resnet,clean_only,17,bandpass_n20001_cLL_electrode_s5,phase2/results/predictions/full/clean_only/resnet/seed_17/bandpass_n20001_cLL_electrode_s5.npz,75818,c7fe4495fa895e5fe9f885de012707387a7cc734d68432e5df7f8c5c7aed4d1d
resnet,clean_only,17,bandpass_n20001_cLL_electrode_s0,phase2/results/predictions/full/clean_only/resnet/seed_17/bandpass_n20001_cLL_electrode_s0.npz,75599,fa26c718dd404062da1bd3f0fa7746e4c778bcce24f1f48c3b8e1033cfc4669c
resnet,clean_only,17,bandpass_n20001_cLL_covariance_s20,phase2/results/predictions/full/clean_only/resnet/seed_17/bandpass_n20001_cLL_covariance_s20.npz,76424,0ce6a0b6826786c6d4d3f66bb29c961e225590bd87eb00a68e26de62357856d7
resnet,clean_only,17,bandpass_n20001_cLL_covariance_s15,phase2/results/predictions/full/clean_only/resnet/seed_17/bandpass_n20001_cLL_covariance_s15.npz,76313,899bd3abd1ddd5e6b08ca4a1aa1a1a1af2b078f5fc176f8681c7c31bf67beed8
resnet,clean_only,17,bandpass_n20001_cLL_covariance_s10,phase2/results/predictions/full/clean_only/resnet/seed_17/bandpass_n20001_cLL_covariance_s10.npz,76098,f3fc07b7a4917dd81019f9fd28ff253276ccae71180324e4341a368b4ec5e228
resnet,clean_only,17,bandpass_n20001_cLL_covariance_s5,phase2/results/predictions/full/clean_only/resnet/seed_17/bandpass_n20001_cLL_covariance_s5.npz,75802,cc8f2f4015780126c35dec63f7bc4e799961b3d879055017ded70aa9c6f1afcb
resnet,clean_only,17,bandpass_n20001_cLL_covariance_s0,phase2/results/predictions/full/clean_only/resnet/seed_17/bandpass_n20001_cLL_covariance_s0.npz,75610,2ecb765e5c552da3c21356368ba854bdb03328b99a84a02758f8dd7223dec6c8
resnet,clean_only,17,bandpass_n20001_cRA_V1_independent_rms_s20,phase2/results/predictions/full/clean_only/resnet/seed_17/bandpass_n20001_cRA_V1_independent_rms_s20.npz,76512,a62bb753b069d5a3c7e41ee64628eae5b2ca892efa315762978b7f145b1f60e6
resnet,clean_only,17,bandpass_n20001_cRA_V1_independent_rms_s15,phase2/results/predictions/full/clean_only/resnet/seed_17/bandpass_n20001_cRA_V1_independent_rms_s15.npz,76436,38c8d119792ca06905be28b129d8dad7c400784afc0543a9ce85ee2479f4fd5a
resnet,clean_only,17,bandpass_n20001_cRA_V1_independent_rms_s10,phase2/results/predictions/full/clean_only/resnet/seed_17/bandpass_n20001_cRA_V1_independent_rms_s10.npz,76266,a1c50fad3cacda831eb1e11904908449fe3da256dbf4b80deb6e8ebec6fe0120
resnet,clean_only,17,bandpass_n20001_cRA_V1_independent_rms_s5,phase2/results/predictions/full/clean_only/resnet/seed_17/bandpass_n20001_cRA_V1_independent_rms_s5.npz,75980,2bb9ca1ab80fc2fff03dc802ff5d222c30d5a663fa5a4f8c16e9cc5fc95ba689
resnet,clean_only,17,bandpass_n20001_cRA_V1_independent_rms_s0,phase2/results/predictions/full/clean_only/resnet/seed_17/bandpass_n20001_cRA_V1_independent_rms_s0.npz,75641,107078eb8f72c8083c8c6aec3f424e9b431c2b4b60d67b0f1c4428c2b82840fd
resnet,clean_only,17,bandpass_n20001_cRA_V1_electrode_s20,phase2/results/predictions/full/clean_only/resnet/seed_17/bandpass_n20001_cRA_V1_electrode_s20.npz,76435,2ea8386acccc0fff462f43771ad2006c348ca48074a68ece8d6ecacd6aa20887
resnet,clean_only,17,bandpass_n20001_cRA_V1_electrode_s15,phase2/results/predictions/full/clean_only/resnet/seed_17/bandpass_n20001_cRA_V1_electrode_s15.npz,76404,604ad4b26e7ef7c14d8150262513fd0245c80b919943eba15f17fbef404cf7c0
resnet,clean_only,17,bandpass_n20001_cRA_V1_electrode_s10,phase2/results/predictions/full/clean_only/resnet/seed_17/bandpass_n20001_cRA_V1_electrode_s10.npz,76201,0e71774a0502a3b8a663ffc3bc5d22c805511c12bd1a908b559ac573805a36fb
resnet,clean_only,17,bandpass_n20001_cRA_V1_electrode_s5,phase2/results/predictions/full/clean_only/resnet/seed_17/bandpass_n20001_cRA_V1_electrode_s5.npz,75904,dc712a7bba2c170914d1135cfeb661bcb89dce9666b31e8e21f94bcd14463f70
resnet,clean_only,17,bandpass_n20001_cRA_V1_electrode_s0,phase2/results/predictions/full/clean_only/resnet/seed_17/bandpass_n20001_cRA_V1_electrode_s0.npz,75566,190316a8bd95440a63d275583d0939d450764eedff234a5a50dfb4e17603b2e5
resnet,clean_only,17,bandpass_n20001_cRA_V1_covariance_s20,phase2/results/predictions/full/clean_only/resnet/seed_17/bandpass_n20001_cRA_V1_covariance_s20.npz,76458,0c9330ec2d37185b3f675e8065b95b36660dac98c8f4b5a96fdaa5cc39d3b75e
resnet,clean_only,17,bandpass_n20001_cRA_V1_covariance_s15,phase2/results/predictions/full/clean_only/resnet/seed_17/bandpass_n20001_cRA_V1_covariance_s15.npz,76404,83e1f8c00372672ddc106250543913e5a16b089c2b9b595c331f68d90f1b29b1
resnet,clean_only,17,bandpass_n20001_cRA_V1_covariance_s10,phase2/results/predictions/full/clean_only/resnet/seed_17/bandpass_n20001_cRA_V1_covariance_s10.npz,76208,4e469cae9b8acb593411e47e6eef8196deddd2961432eef061f4a241ecdcd8e4
resnet,clean_only,17,bandpass_n20001_cRA_V1_covariance_s5,phase2/results/predictions/full/clean_only/resnet/seed_17/bandpass_n20001_cRA_V1_covariance_s5.npz,75943,81fe1755a2b842e701450d29bdd59d6b946882ee07e44877b09b85616e280ae7
resnet,clean_only,17,bandpass_n20001_cRA_V1_covariance_s0,phase2/results/predictions/full/clean_only/resnet/seed_17/bandpass_n20001_cRA_V1_covariance_s0.npz,75575,2f9c468dd88977bfd3bfc43642b66b4730415ea5e6a2f3d62eb32e901508bc70
resnet,clean_only,17,bandpass_n20001_cLA_V6_independent_rms_s20,phase2/results/predictions/full/clean_only/resnet/seed_17/bandpass_n20001_cLA_V6_independent_rms_s20.npz,76477,9fd5f4a800e2ec74454eabec8b39b6818bffeb904fd1ebd1ce07079e40cac316
resnet,clean_only,17,bandpass_n20001_cLA_V6_independent_rms_s15,phase2/results/predictions/full/clean_only/resnet/seed_17/bandpass_n20001_cLA_V6_independent_rms_s15.npz,76426,ac227382d7022a092adbfc9fa004e7ad45abdcd0286effdafcf53739c4e645a2
resnet,clean_only,17,bandpass_n20001_cLA_V6_independent_rms_s10,phase2/results/predictions/full/clean_only/resnet/seed_17/bandpass_n20001_cLA_V6_independent_rms_s10.npz,76261,8a8ae8ff4b6d059a08947f03a4fd68aa9453c57ad9d8f3104525e739ca035af5
resnet,clean_only,17,bandpass_n20001_cLA_V6_independent_rms_s5,phase2/results/predictions/full/clean_only/resnet/seed_17/bandpass_n20001_cLA_V6_independent_rms_s5.npz,75970,c11cda8d7b051db6647cd86bf583fca77f984dc38162c200d69002606132c053
resnet,clean_only,17,bandpass_n20001_cLA_V6_independent_rms_s0,phase2/results/predictions/full/clean_only/resnet/seed_17/bandpass_n20001_cLA_V6_independent_rms_s0.npz,75555,4bf286bac2532c3fc45760b2049d174d3662418191b74d89e57163042da46f16
resnet,clean_only,17,bandpass_n20001_cLA_V6_electrode_s20,phase2/results/predictions/full/clean_only/resnet/seed_17/bandpass_n20001_cLA_V6_electrode_s20.npz,76451,06b9b00eed1d80228469e55a5b4b445b86abca10ea44191a4bbca8cdf9c74ce6
resnet,clean_only,17,bandpass_n20001_cLA_V6_electrode_s15,phase2/results/predictions/full/clean_only/resnet/seed_17/bandpass_n20001_cLA_V6_electrode_s15.npz,76417,0577ba93337a26c827357fadb3009eb35936792f37661764d791ea046ec93875
resnet,clean_only,17,bandpass_n20001_cLA_V6_electrode_s10,phase2/results/predictions/full/clean_only/resnet/seed_17/bandpass_n20001_cLA_V6_electrode_s10.npz,76242,c95026638d63c6682f2e3fe43fbef9d1dd7114e9f155a92727ee68db19a22820
resnet,clean_only,17,bandpass_n20001_cLA_V6_electrode_s5,phase2/results/predictions/full/clean_only/resnet/seed_17/bandpass_n20001_cLA_V6_electrode_s5.npz,75900,69f71e95aa146233e7d02fcd36b359acf02bfac8bc17e7f25479bb4fb8230e85
resnet,clean_only,17,bandpass_n20001_cLA_V6_electrode_s0,phase2/results/predictions/full/clean_only/resnet/seed_17/bandpass_n20001_cLA_V6_electrode_s0.npz,75464,023364aa6d0a2ac8ca382070a8b2bfc8da7ce13035f35191518345b6d80abea2
resnet,clean_only,17,bandpass_n20001_cLA_V6_covariance_s20,phase2/results/predictions/full/clean_only/resnet/seed_17/bandpass_n20001_cLA_V6_covariance_s20.npz,76459,c9726c994ae8f0cd81c5465d038b9b6afd31e0b2309ae2536113b3ede7d7e605
resnet,clean_only,17,bandpass_n20001_cLA_V6_covariance_s15,phase2/results/predictions/full/clean_only/resnet/seed_17/bandpass_n20001_cLA_V6_covariance_s15.npz,76436,c6d7b3bb98e90a7c141276252cadee12452689cdeda2d87aa01e22deb8f84ac5
resnet,clean_only,17,bandpass_n20001_cLA_V6_covariance_s10,phase2/results/predictions/full/clean_only/resnet/seed_17/bandpass_n20001_cLA_V6_covariance_s10.npz,76240,b3c81e2d764cf074ef12ba8183ad9244be1b9bbcd2b05ef9fa8796e31ecc416c
resnet,clean_only,17,bandpass_n20001_cLA_V6_covariance_s5,phase2/results/predictions/full/clean_only/resnet/seed_17/bandpass_n20001_cLA_V6_covariance_s5.npz,75894,c45591a9769b2d601e47da0d94cc4cb4fab4795726fcc2818cf3fe8541691c96
resnet,clean_only,17,bandpass_n20001_cLA_V6_covariance_s0,phase2/results/predictions/full/clean_only/resnet/seed_17/bandpass_n20001_cLA_V6_covariance_s0.npz,75429,a646f0e2f1b2ef737732780ec39ff68d65d6a4bf8188182a8b7996480f967ca6
resnet,clean_only,17,bandpass_n20001_cLL_V4_independent_rms_s20,phase2/results/predictions/full/clean_only/resnet/seed_17/bandpass_n20001_cLL_V4_independent_rms_s20.npz,76500,336e04569401774468b319063a5c2615c60ae480b076926f3e789393d87b46f7
resnet,clean_only,17,bandpass_n20001_cLL_V4_independent_rms_s15,phase2/results/predictions/full/clean_only/resnet/seed_17/bandpass_n20001_cLL_V4_independent_rms_s15.npz,76380,278635705b02e2d8dff4d01ce922de03e550ce20f36dba58ac743463aa01353e
resnet,clean_only,17,bandpass_n20001_cLL_V4_independent_rms_s10,phase2/results/predictions/full/clean_only/resnet/seed_17/bandpass_n20001_cLL_V4_independent_rms_s10.npz,76273,87d0c0c0bb6332f4be707b09efc6d12bcfe40e2f4372ee88ee263762dc3d02f4
resnet,clean_only,17,bandpass_n20001_cLL_V4_independent_rms_s5,phase2/results/predictions/full/clean_only/resnet/seed_17/bandpass_n20001_cLL_V4_independent_rms_s5.npz,76009,1a414d55290d08151dc41766b64f60f1f77d10d663a59903a778234cf6a675f0
resnet,clean_only,17,bandpass_n20001_cLL_V4_independent_rms_s0,phase2/results/predictions/full/clean_only/resnet/seed_17/bandpass_n20001_cLL_V4_independent_rms_s0.npz,75550,6cdc11646f2a8a9de6c04e374281655e3bd2c41e23aab78660a81c00b7d6fd68
resnet,clean_only,17,bandpass_n20001_cLL_V4_electrode_s20,phase2/results/predictions/full/clean_only/resnet/seed_17/bandpass_n20001_cLL_V4_electrode_s20.npz,76465,23f8c299429f632cc84f7a65911f585aca45ae251abce128a3beeba602d73492
resnet,clean_only,17,bandpass_n20001_cLL_V4_electrode_s15,phase2/results/predictions/full/clean_only/resnet/seed_17/bandpass_n20001_cLL_V4_electrode_s15.npz,76342,e8bc982e21c66cdf3228bbf66a4e0e3579c2cb2fb4d010d87bd17a51db158aa5
resnet,clean_only,17,bandpass_n20001_cLL_V4_electrode_s10,phase2/results/predictions/full/clean_only/resnet/seed_17/bandpass_n20001_cLL_V4_electrode_s10.npz,76122,21768ade2b455f2fd5b76f256f845de490e5f907062d3a0c90d4c8b2703f44bf
resnet,clean_only,17,bandpass_n20001_cLL_V4_electrode_s5,phase2/results/predictions/full/clean_only/resnet/seed_17/bandpass_n20001_cLL_V4_electrode_s5.npz,75873,33301dd87e3c07c215b1092a907b0fb17f5b77023a5f696ffa111e0d9f264be6
resnet,clean_only,17,bandpass_n20001_cLL_V4_electrode_s0,phase2/results/predictions/full/clean_only/resnet/seed_17/bandpass_n20001_cLL_V4_electrode_s0.npz,75648,f924ff1af80517caa6ded30faf66036217506ca69611ae337033957ae42d0d54
resnet,clean_only,17,bandpass_n20001_cLL_V4_covariance_s20,phase2/results/predictions/full/clean_only/resnet/seed_17/bandpass_n20001_cLL_V4_covariance_s20.npz,76416,454b83490b1ea34e44d5fb4d4c381099ca1b0ac66d7e74334e55d67cec3bcb7f
resnet,clean_only,17,bandpass_n20001_cLL_V4_covariance_s15,phase2/results/predictions/full/clean_only/resnet/seed_17/bandpass_n20001_cLL_V4_covariance_s15.npz,76376,a497532310cde3211fc082c281e88b5f9206407671283d3abc4793bed5fe7f79
resnet,clean_only,17,bandpass_n20001_cLL_V4_covariance_s10,phase2/results/predictions/full/clean_only/resnet/seed_17/bandpass_n20001_cLL_V4_covariance_s10.npz,76182,668cd0dad8fa6e5aca80816f66c900a8805342b9dc1507d0874eec8dd4e6a9cf
resnet,clean_only,17,bandpass_n20001_cLL_V4_covariance_s5,phase2/results/predictions/full/clean_only/resnet/seed_17/bandpass_n20001_cLL_V4_covariance_s5.npz,75872,ab6a0d9dfe2b701485371c02612d7a76f59637609d3251c5c9ebae0dabe2d020
resnet,clean_only,17,bandpass_n20001_cLL_V4_covariance_s0,phase2/results/predictions/full/clean_only/resnet/seed_17/bandpass_n20001_cLL_V4_covariance_s0.npz,75581,93aa9c95433eeb48ef681ed1568bf44522bc80982f5fa17a7d03eeaaf816adf2
resnet,clean_only,17,bandpass_n20001_cRA_LA_V1_V6_independent_rms_s20,phase2/results/predictions/full/clean_only/resnet/seed_17/bandpass_n20001_cRA_LA_V1_V6_independent_rms_s20.npz,76490,6bcf7962f60211d49a1235a49bb0874436d596602680fc0360f348dd866f32c0
resnet,clean_only,17,bandpass_n20001_cRA_LA_V1_V6_independent_rms_s15,phase2/results/predictions/full/clean_only/resnet/seed_17/bandpass_n20001_cRA_LA_V1_V6_independent_rms_s15.npz,76449,f9b7df2afc262fca7473e0e74a3536f9d014a365316c65542be7ff55f315e562
resnet,clean_only,17,bandpass_n20001_cRA_LA_V1_V6_independent_rms_s10,phase2/results/predictions/full/clean_only/resnet/seed_17/bandpass_n20001_cRA_LA_V1_V6_independent_rms_s10.npz,76296,581181c3837d405e98449c944acd10cf3a9be71225dd41b110c1f1cddc03641d
resnet,clean_only,17,bandpass_n20001_cRA_LA_V1_V6_independent_rms_s5,phase2/results/predictions/full/clean_only/resnet/seed_17/bandpass_n20001_cRA_LA_V1_V6_independent_rms_s5.npz,76017,20918dd4dc381ec57c7e0a9b12c5105ecd49df888d93300433b4c4c0d57978bc
resnet,clean_only,17,bandpass_n20001_cRA_LA_V1_V6_independent_rms_s0,phase2/results/predictions/full/clean_only/resnet/seed_17/bandpass_n20001_cRA_LA_V1_V6_independent_rms_s0.npz,75600,d21f85ab890d338bd79eff04074fb74c42845907bd678fc9ab40bc9c5ff35f62
resnet,clean_only,17,bandpass_n20001_cRA_LA_V1_V6_electrode_s20,phase2/results/predictions/full/clean_only/resnet/seed_17/bandpass_n20001_cRA_LA_V1_V6_electrode_s20.npz,76468,bb568fe2672ce1f3ee0946612514cae57e3ea4a0a22cb82e7eb1d8a66753cbef
resnet,clean_only,17,bandpass_n20001_cRA_LA_V1_V6_electrode_s15,phase2/results/predictions/full/clean_only/resnet/seed_17/bandpass_n20001_cRA_LA_V1_V6_electrode_s15.npz,76431,62b1d3ae1794929caf874cded93704e2c34bd95265b2354f17c4161f97e504e6
resnet,clean_only,17,bandpass_n20001_cRA_LA_V1_V6_electrode_s10,phase2/results/predictions/full/clean_only/resnet/seed_17/bandpass_n20001_cRA_LA_V1_V6_electrode_s10.npz,76215,31d5d56d91a600762975a59a5cc75e813ba4978bde44ce52a2e40dae748b618d
resnet,clean_only,17,bandpass_n20001_cRA_LA_V1_V6_electrode_s5,phase2/results/predictions/full/clean_only/resnet/seed_17/bandpass_n20001_cRA_LA_V1_V6_electrode_s5.npz,75894,657e98d68842ac4deb6e35d0f86c8d3cabdc505241cda77dabe6c6ba8be75dea
resnet,clean_only,17,bandpass_n20001_cRA_LA_V1_V6_electrode_s0,phase2/results/predictions/full/clean_only/resnet/seed_17/bandpass_n20001_cRA_LA_V1_V6_electrode_s0.npz,75572,4eb112815bec5d1fa33ed704bb77d071fa4f46e5f85deb208a6f1620fac55765
resnet,clean_only,17,bandpass_n20001_cRA_LA_V1_V6_covariance_s20,phase2/results/predictions/full/clean_only/resnet/seed_17/bandpass_n20001_cRA_LA_V1_V6_covariance_s20.npz,76446,7e98a0f8fdffe1f456d9437976b8bcbe55a60e6eba3af549602781319f258c1c
resnet,clean_only,17,bandpass_n20001_cRA_LA_V1_V6_covariance_s15,phase2/results/predictions/full/clean_only/resnet/seed_17/bandpass_n20001_cRA_LA_V1_V6_covariance_s15.npz,76414,7d9448614538a60d99aec472152cc68f05238dcd7897c09437da18353fecb61e
resnet,clean_only,17,bandpass_n20001_cRA_LA_V1_V6_covariance_s10,phase2/results/predictions/full/clean_only/resnet/seed_17/bandpass_n20001_cRA_LA_V1_V6_covariance_s10.npz,76208,cfbbaefd6505fb63002394cb44d4a99c619285fa81b803fcee2e1c0c332f0e15
resnet,clean_only,17,bandpass_n20001_cRA_LA_V1_V6_covariance_s5,phase2/results/predictions/full/clean_only/resnet/seed_17/bandpass_n20001_cRA_LA_V1_V6_covariance_s5.npz,75926,4904a3a94fadca8a563b5f04a6bffd8e2928a0bdd4f8a1209ed7e648ee05003d
resnet,clean_only,17,bandpass_n20001_cRA_LA_V1_V6_covariance_s0,phase2/results/predictions/full/clean_only/resnet/seed_17/bandpass_n20001_cRA_LA_V1_V6_covariance_s0.npz,75519,71d9174bf60349256b3cf47ea1f8716c8528fbb07bef6e154d8c73860d5c1c92
resnet,clean_only,17,bandpass_n20001_cRA_V2_V5_independent_rms_s20,phase2/results/predictions/full/clean_only/resnet/seed_17/bandpass_n20001_cRA_V2_V5_independent_rms_s20.npz,76492,fdf2496c8507bdf5e2249df9de359dc2262e8712e431aa5dee832d206a4676ce
resnet,clean_only,17,bandpass_n20001_cRA_V2_V5_independent_rms_s15,phase2/results/predictions/full/clean_only/resnet/seed_17/bandpass_n20001_cRA_V2_V5_independent_rms_s15.npz,76434,d9ca0afe9fe4b8d60546f70dcb5d9ca3dcd20201b06b49e37ee12988a679036d
resnet,clean_only,17,bandpass_n20001_cRA_V2_V5_independent_rms_s10,phase2/results/predictions/full/clean_only/resnet/seed_17/bandpass_n20001_cRA_V2_V5_independent_rms_s10.npz,76279,65c6c89d1cd362cec42c6884222da6879edd0a5eb0070b493920d62fc7231409
resnet,clean_only,17,bandpass_n20001_cRA_V2_V5_independent_rms_s5,phase2/results/predictions/full/clean_only/resnet/seed_17/bandpass_n20001_cRA_V2_V5_independent_rms_s5.npz,75993,148ed2ae169172711735e7a1de2a9cc990503167a079eedeccdad2923a229a9d
resnet,clean_only,17,bandpass_n20001_cRA_V2_V5_independent_rms_s0,phase2/results/predictions/full/clean_only/resnet/seed_17/bandpass_n20001_cRA_V2_V5_independent_rms_s0.npz,75612,98836a0a7667156ba87f2e78e9e1875a71f45c05301c2a32ea55f70680ac2dca
resnet,clean_only,17,bandpass_n20001_cRA_V2_V5_electrode_s20,phase2/results/predictions/full/clean_only/resnet/seed_17/bandpass_n20001_cRA_V2_V5_electrode_s20.npz,76442,def815c1a5718d3069b8c6b9946ad1aac13fb1fb4a2ba20c167e38b272073c3b
resnet,clean_only,17,bandpass_n20001_cRA_V2_V5_electrode_s15,phase2/results/predictions/full/clean_only/resnet/seed_17/bandpass_n20001_cRA_V2_V5_electrode_s15.npz,76359,b0a79e1cbeed088301e005ab970bbc9e5edce9792249c0ff332ca2541379d18f
resnet,clean_only,17,bandpass_n20001_cRA_V2_V5_electrode_s10,phase2/results/predictions/full/clean_only/resnet/seed_17/bandpass_n20001_cRA_V2_V5_electrode_s10.npz,76231,3cb85ef8155dcea287fd377496534460e4c5c1baa864542f31336eee9cbd4a05
resnet,clean_only,17,bandpass_n20001_cRA_V2_V5_electrode_s5,phase2/results/predictions/full/clean_only/resnet/seed_17/bandpass_n20001_cRA_V2_V5_electrode_s5.npz,75938,1e91768ca8d2f8485bb0aeb4d93bfb5a2331bb25cb200e90f9987bb99628307d
resnet,clean_only,17,bandpass_n20001_cRA_V2_V5_electrode_s0,phase2/results/predictions/full/clean_only/resnet/seed_17/bandpass_n20001_cRA_V2_V5_electrode_s0.npz,75593,cf068af3accf55d324d131e11fa41ab7e7fb58c1d2cc98afa8f9ddcaa3afb85c
resnet,clean_only,17,bandpass_n20001_cRA_V2_V5_covariance_s20,phase2/results/predictions/full/clean_only/resnet/seed_17/bandpass_n20001_cRA_V2_V5_covariance_s20.npz,76471,a16453882b191bc03c46b3929b09dc63e163c99bb11c310395f0868c6c4fa9ef
resnet,clean_only,17,bandpass_n20001_cRA_V2_V5_covariance_s15,phase2/results/predictions/full/clean_only/resnet/seed_17/bandpass_n20001_cRA_V2_V5_covariance_s15.npz,76401,c1f13864f909b1e61106f94f088690b7ca9f4c03f3e7649971e492d0830afb5d
resnet,clean_only,17,bandpass_n20001_cRA_V2_V5_covariance_s10,phase2/results/predictions/full/clean_only/resnet/seed_17/bandpass_n20001_cRA_V2_V5_covariance_s10.npz,76259,ddd41e22f727645a67cdd2a239ba81fd5dd0824c17ed73ee40c8beadd3ea32d8
resnet,clean_only,17,bandpass_n20001_cRA_V2_V5_covariance_s5,phase2/results/predictions/full/clean_only/resnet/seed_17/bandpass_n20001_cRA_V2_V5_covariance_s5.npz,75904,6b35d2034ae3b7924b0e5890810e91458e212c193e46c28fa9e3863f7f6ae64e
resnet,clean_only,17,bandpass_n20001_cRA_V2_V5_covariance_s0,phase2/results/predictions/full/clean_only/resnet/seed_17/bandpass_n20001_cRA_V2_V5_covariance_s0.npz,75587,6046d07f4899b34d38d07bc8e8a4fe7f1774865a3ee3db5452907ba202e5daab
resnet,clean_only,17,bandpass_n20001_cLA_V3_V6_independent_rms_s20,phase2/results/predictions/full/clean_only/resnet/seed_17/bandpass_n20001_cLA_V3_V6_independent_rms_s20.npz,76486,09171826fbd4711c5a54897a3216ad181fe576bdcf7d5f65e9e798e26b0ced61
resnet,clean_only,17,bandpass_n20001_cLA_V3_V6_independent_rms_s15,phase2/results/predictions/full/clean_only/resnet/seed_17/bandpass_n20001_cLA_V3_V6_independent_rms_s15.npz,76423,9a65bd8132729357f49be4d0880f0adab6fcf09f1e0a64ccf9bb25a796efdc1f
resnet,clean_only,17,bandpass_n20001_cLA_V3_V6_independent_rms_s10,phase2/results/predictions/full/clean_only/resnet/seed_17/bandpass_n20001_cLA_V3_V6_independent_rms_s10.npz,76286,f80d07f830f8f59b03aef2f255fded0e54b46967ce18bcffe20623fadf7b4fa5
resnet,clean_only,17,bandpass_n20001_cLA_V3_V6_independent_rms_s5,phase2/results/predictions/full/clean_only/resnet/seed_17/bandpass_n20001_cLA_V3_V6_independent_rms_s5.npz,76007,37314274cc5373f76244141795d439671a56e134bb6d5e91dbddfbdadb3b62b9
resnet,clean_only,17,bandpass_n20001_cLA_V3_V6_independent_rms_s0,phase2/results/predictions/full/clean_only/resnet/seed_17/bandpass_n20001_cLA_V3_V6_independent_rms_s0.npz,75530,e4746ca3fdfed8047bcf70ce84f306600fd7802c922d0440e21c093bdd5db6c5
resnet,clean_only,17,bandpass_n20001_cLA_V3_V6_electrode_s20,phase2/results/predictions/full/clean_only/resnet/seed_17/bandpass_n20001_cLA_V3_V6_electrode_s20.npz,76470,cb493ad7941ccb55bc330810288027126d0f1315ad7df9ebbac28192917066cf
resnet,clean_only,17,bandpass_n20001_cLA_V3_V6_electrode_s15,phase2/results/predictions/full/clean_only/resnet/seed_17/bandpass_n20001_cLA_V3_V6_electrode_s15.npz,76418,e60ef7d7fe0885e6e15e1740d2f22c2479e7ce33cdc1991284ce10360d6717c4
resnet,clean_only,17,bandpass_n20001_cLA_V3_V6_electrode_s10,phase2/results/predictions/full/clean_only/resnet/seed_17/bandpass_n20001_cLA_V3_V6_electrode_s10.npz,76216,d62290a3b97d62a85d12a11265294b339f4f5f600ae68d0d83dab08eaa3d3cc8
resnet,clean_only,17,bandpass_n20001_cLA_V3_V6_electrode_s5,phase2/results/predictions/full/clean_only/resnet/seed_17/bandpass_n20001_cLA_V3_V6_electrode_s5.npz,75921,873d90487153498acb1b2eaf1bfb5ad313166d4f9c8674eec8e690939d71459b
resnet,clean_only,17,bandpass_n20001_cLA_V3_V6_electrode_s0,phase2/results/predictions/full/clean_only/resnet/seed_17/bandpass_n20001_cLA_V3_V6_electrode_s0.npz,75478,75fa2c02dc31a73c80f544f99555df8db3a1d8fc2bf47c530333218051d0367e
resnet,clean_only,17,bandpass_n20001_cLA_V3_V6_covariance_s20,phase2/results/predictions/full/clean_only/resnet/seed_17/bandpass_n20001_cLA_V3_V6_covariance_s20.npz,76484,0eb17f266f0669bba4695fc531fcdd335cff4cf9e57eb36a3de8dc50dd153b7b
resnet,clean_only,17,bandpass_n20001_cLA_V3_V6_covariance_s15,phase2/results/predictions/full/clean_only/resnet/seed_17/bandpass_n20001_cLA_V3_V6_covariance_s15.npz,76417,6f64c8c9c500553e6bafcda3a9302d2ad61f8996adec22a963ef1311f1e3ad15
resnet,clean_only,17,bandpass_n20001_cLA_V3_V6_covariance_s10,phase2/results/predictions/full/clean_only/resnet/seed_17/bandpass_n20001_cLA_V3_V6_covariance_s10.npz,76239,f4374730eebeeb2a7e1ea7237f64c4693f56a5f91cf7810876e6875779856bb8
resnet,clean_only,17,bandpass_n20001_cLA_V3_V6_covariance_s5,phase2/results/predictions/full/clean_only/resnet/seed_17/bandpass_n20001_cLA_V3_V6_covariance_s5.npz,75895,cd50e9c910ab8e0c37097c1c63ee2db06ce37c2bf340fbe784ea50464058018a
resnet,clean_only,17,bandpass_n20001_cLA_V3_V6_covariance_s0,phase2/results/predictions/full/clean_only/resnet/seed_17/bandpass_n20001_cLA_V3_V6_covariance_s0.npz,75474,99b695a5eb9484668ad72fb6562d7be86fa31933f30718b6a471f03d96ad726e
resnet,clean_only,17,bandpass_n20001_cLL_V1_V4_independent_rms_s20,phase2/results/predictions/full/clean_only/resnet/seed_17/bandpass_n20001_cLL_V1_V4_independent_rms_s20.npz,76489,9679934cd13c92c8cea7dbc95206645f49d4f331b2f21d8700a15b9b768f6309
resnet,clean_only,17,bandpass_n20001_cLL_V1_V4_independent_rms_s15,phase2/results/predictions/full/clean_only/resnet/seed_17/bandpass_n20001_cLL_V1_V4_independent_rms_s15.npz,76428,e598e8df457b69a88959e6a3484c18332851094b80870185705adab29a86079d
resnet,clean_only,17,bandpass_n20001_cLL_V1_V4_independent_rms_s10,phase2/results/predictions/full/clean_only/resnet/seed_17/bandpass_n20001_cLL_V1_V4_independent_rms_s10.npz,76283,6e3a497d79cb8b22616982dd59ded0ff18a3c537bb6085be87a006f8fe7b7295
resnet,clean_only,17,bandpass_n20001_cLL_V1_V4_independent_rms_s5,phase2/results/predictions/full/clean_only/resnet/seed_17/bandpass_n20001_cLL_V1_V4_independent_rms_s5.npz,76003,6302bee3412dc6be3e231ab45cd95d551c212c0fb6d7e39edf860372c7c5cbc4
resnet,clean_only,17,bandpass_n20001_cLL_V1_V4_independent_rms_s0,phase2/results/predictions/full/clean_only/resnet/seed_17/bandpass_n20001_cLL_V1_V4_independent_rms_s0.npz,75589,a7762a34ef23997090be110bf3a820b8e88d1380e7ce22d149d5fca8285cb170
resnet,clean_only,17,bandpass_n20001_cLL_V1_V4_electrode_s20,phase2/results/predictions/full/clean_only/resnet/seed_17/bandpass_n20001_cLL_V1_V4_electrode_s20.npz,76439,3a98da17e9becd09ac001eb32f8451450f0994b9af60fa0a7b933fbec237ce62
resnet,clean_only,17,bandpass_n20001_cLL_V1_V4_electrode_s15,phase2/results/predictions/full/clean_only/resnet/seed_17/bandpass_n20001_cLL_V1_V4_electrode_s15.npz,76364,81ff48b1be9faa8cbacf9947b8925e44a4bf9e028723488ed7284a56f9490db6
resnet,clean_only,17,bandpass_n20001_cLL_V1_V4_electrode_s10,phase2/results/predictions/full/clean_only/resnet/seed_17/bandpass_n20001_cLL_V1_V4_electrode_s10.npz,76194,70b908a679d4c1f8f902928d6b9075c00fc9521034dc7ec861648e109e5679b4
resnet,clean_only,17,bandpass_n20001_cLL_V1_V4_electrode_s5,phase2/results/predictions/full/clean_only/resnet/seed_17/bandpass_n20001_cLL_V1_V4_electrode_s5.npz,75902,7a877245643061edef8ee44dca2642b43f16296e9414fd68b0ce1441aa464833
resnet,clean_only,17,bandpass_n20001_cLL_V1_V4_electrode_s0,phase2/results/predictions/full/clean_only/resnet/seed_17/bandpass_n20001_cLL_V1_V4_electrode_s0.npz,75649,ef5f10e48fca44cdb2adf23e59525f4a69f341e439e1baf8fbb964728cd68ddb
resnet,clean_only,17,bandpass_n20001_cLL_V1_V4_covariance_s20,phase2/results/predictions/full/clean_only/resnet/seed_17/bandpass_n20001_cLL_V1_V4_covariance_s20.npz,76427,40cf5fd172e802caf81b8d0ce40b988e8c738de4e42b426f4a0911092033b959
resnet,clean_only,17,bandpass_n20001_cLL_V1_V4_covariance_s15,phase2/results/predictions/full/clean_only/resnet/seed_17/bandpass_n20001_cLL_V1_V4_covariance_s15.npz,76372,e432994cd92f8c7de95efaa7bef12d06d80cf9afae3ab4261ee995bcec7d93f0
resnet,clean_only,17,bandpass_n20001_cLL_V1_V4_covariance_s10,phase2/results/predictions/full/clean_only/resnet/seed_17/bandpass_n20001_cLL_V1_V4_covariance_s10.npz,76168,6ed1a9da539a19369251d3a4abdc1d226238c3002932919700a60cfe7bf3df8a
resnet,clean_only,17,bandpass_n20001_cLL_V1_V4_covariance_s5,phase2/results/predictions/full/clean_only/resnet/seed_17/bandpass_n20001_cLL_V1_V4_covariance_s5.npz,75902,b8ba1767da919f5752ea174869285cc531d7181d1bf9cd4ec3df2939c574e198
resnet,clean_only,17,bandpass_n20001_cLL_V1_V4_covariance_s0,phase2/results/predictions/full/clean_only/resnet/seed_17/bandpass_n20001_cLL_V1_V4_covariance_s0.npz,75637,54720ae57ad00f7cab7618428b149dd1d8f748f8164cdc265c912fa1a4528abf
resnet,clean_only,17,bandpass_n20001_call_independent_rms_s20,phase2/results/predictions/full/clean_only/resnet/seed_17/bandpass_n20001_call_independent_rms_s20.npz,76502,b93ec5248f5d2059633ad4f77c03db8e41325abb4ce97c9e7111902053356aa0
resnet,clean_only,17,bandpass_n20001_call_independent_rms_s15,phase2/results/predictions/full/clean_only/resnet/seed_17/bandpass_n20001_call_independent_rms_s15.npz,76433,dbc795af352dc48a20e9b1bf5df8a6c92d141bfdba47c203a0371f76c572e79a
resnet,clean_only,17,bandpass_n20001_call_independent_rms_s10,phase2/results/predictions/full/clean_only/resnet/seed_17/bandpass_n20001_call_independent_rms_s10.npz,76267,632842ba0079e8ddf6140ab488ad8bbe91de7caba8d55245fb60d5cfb3ba1fbf
resnet,clean_only,17,bandpass_n20001_call_independent_rms_s5,phase2/results/predictions/full/clean_only/resnet/seed_17/bandpass_n20001_call_independent_rms_s5.npz,75995,e35b5fb6f66d0a166d517497a400c6839f5f24ee6d3952a3a47662c2a87b7f48
resnet,clean_only,17,bandpass_n20001_call_independent_rms_s0,phase2/results/predictions/full/clean_only/resnet/seed_17/bandpass_n20001_call_independent_rms_s0.npz,75557,e76820f60336129eb57503a6cd0f3acf149f71300a58f038ab676f40076ea6ae
resnet,clean_only,17,bandpass_n20001_call_electrode_s20,phase2/results/predictions/full/clean_only/resnet/seed_17/bandpass_n20001_call_electrode_s20.npz,76391,c10de0ee90ce702c47d9cf49c19337e07696ed00845fa6c46fae570a22517d6c
resnet,clean_only,17,bandpass_n20001_call_electrode_s15,phase2/results/predictions/full/clean_only/resnet/seed_17/bandpass_n20001_call_electrode_s15.npz,76326,525c75f04801ec0e85aa78dd82208fee6f5e8fc1b7bcdbd199ae447b9667db7e
resnet,clean_only,17,bandpass_n20001_call_electrode_s10,phase2/results/predictions/full/clean_only/resnet/seed_17/bandpass_n20001_call_electrode_s10.npz,76191,aa133e7dfec1ac3a2def2c9414fba90e421942e335eb4b902ce40305fae8ce2e
resnet,clean_only,17,bandpass_n20001_call_electrode_s5,phase2/results/predictions/full/clean_only/resnet/seed_17/bandpass_n20001_call_electrode_s5.npz,75903,8534351328d38d6fef5a545548b6ed05087949668e0747bd5816d67cf861a33b
resnet,clean_only,17,bandpass_n20001_call_electrode_s0,phase2/results/predictions/full/clean_only/resnet/seed_17/bandpass_n20001_call_electrode_s0.npz,75507,8d18fe60c7f94d64b81ec7352bb734c4a70b2a6903e06352d0d883374466c6ff
resnet,clean_only,17,bandpass_n20001_call_covariance_s20,phase2/results/predictions/full/clean_only/resnet/seed_17/bandpass_n20001_call_covariance_s20.npz,76420,a37cdad31e2cd9994616a23a508d04cc4fef3a4347c68b569b58b8ef4f15db03
resnet,clean_only,17,bandpass_n20001_call_covariance_s15,phase2/results/predictions/full/clean_only/resnet/seed_17/bandpass_n20001_call_covariance_s15.npz,76362,cad28fd62f020036db58b769fb93fdbf3c7ac40d41819d0b63af89cf2e693df9
resnet,clean_only,17,bandpass_n20001_call_covariance_s10,phase2/results/predictions/full/clean_only/resnet/seed_17/bandpass_n20001_call_covariance_s10.npz,76208,793d47522f936be8db2298001ad6ed64322fdfbadde65c11ca0ff019ba442da5
resnet,clean_only,17,bandpass_n20001_call_covariance_s5,phase2/results/predictions/full/clean_only/resnet/seed_17/bandpass_n20001_call_covariance_s5.npz,75880,582b27181598d30d26e45e858467a464eda2f41cc5db3e4c7138f23934a7150f
resnet,clean_only,17,bandpass_n20001_call_covariance_s0,phase2/results/predictions/full/clean_only/resnet/seed_17/bandpass_n20001_call_covariance_s0.npz,75490,5f52a435b6e87bd6a7fa2bd20498153a75c47a66f6b69602590e63a9f82cee37
resnet,clean_only,17,bandpass_n20002_cRA_LA_LL_independent_rms_s20,phase2/results/predictions/full/clean_only/resnet/seed_17/bandpass_n20002_cRA_LA_LL_independent_rms_s20.npz,76462,9affa458dda2c9239fac88c8378c2772dfeb40f40e018afa2a924ccedc626ce6
resnet,clean_only,17,bandpass_n20002_cRA_LA_LL_independent_rms_s15,phase2/results/predictions/full/clean_only/resnet/seed_17/bandpass_n20002_cRA_LA_LL_independent_rms_s15.npz,76398,b6a419e68a4431eea45c5f80f3657cff2624ecaea49c66ee8a8fcc0f59d838e5
resnet,clean_only,17,bandpass_n20002_cRA_LA_LL_independent_rms_s10,phase2/results/predictions/full/clean_only/resnet/seed_17/bandpass_n20002_cRA_LA_LL_independent_rms_s10.npz,76242,48decdf6719e03c0ba5a2ae31d567c2c801f88796fb969f02fe9b74a337b9d30
resnet,clean_only,17,bandpass_n20002_cRA_LA_LL_independent_rms_s5,phase2/results/predictions/full/clean_only/resnet/seed_17/bandpass_n20002_cRA_LA_LL_independent_rms_s5.npz,75989,301f383571b2a9d1041562b55210bf0e83993ccf163eeb322db378cced0489a4
resnet,clean_only,17,bandpass_n20002_cRA_LA_LL_independent_rms_s0,phase2/results/predictions/full/clean_only/resnet/seed_17/bandpass_n20002_cRA_LA_LL_independent_rms_s0.npz,75543,dd2e4a2412dc12365a4e67c20f59aabd6b9691d7ccde829495aeb92fdaa4e786
resnet,clean_only,17,bandpass_n20002_cRA_LA_LL_electrode_s20,phase2/results/predictions/full/clean_only/resnet/seed_17/bandpass_n20002_cRA_LA_LL_electrode_s20.npz,76441,b1362fed896d4678b7ec3ddc9525d95e324746597a61f069fa6a0cd6873f978e
resnet,clean_only,17,bandpass_n20002_cRA_LA_LL_electrode_s15,phase2/results/predictions/full/clean_only/resnet/seed_17/bandpass_n20002_cRA_LA_LL_electrode_s15.npz,76373,0e568f215742d3695e6f15e43487f896a2a8af8734a8373c12da62db0ee7ae78
resnet,clean_only,17,bandpass_n20002_cRA_LA_LL_electrode_s10,phase2/results/predictions/full/clean_only/resnet/seed_17/bandpass_n20002_cRA_LA_LL_electrode_s10.npz,76146,06d9a5f759fd1fab211ce60926906f582170e2513d3a367c22b106341686ab79
resnet,clean_only,17,bandpass_n20002_cRA_LA_LL_electrode_s5,phase2/results/predictions/full/clean_only/resnet/seed_17/bandpass_n20002_cRA_LA_LL_electrode_s5.npz,75837,53999eda37c506e0750034f3b1043058b16b3fe4a2fde90845e0059d042d197d
resnet,clean_only,17,bandpass_n20002_cRA_LA_LL_electrode_s0,phase2/results/predictions/full/clean_only/resnet/seed_17/bandpass_n20002_cRA_LA_LL_electrode_s0.npz,75446,41785de3227dd0422fa42fd87596db6d23cde495da43bddf75ccb4ba02614ec7
resnet,clean_only,17,bandpass_n20002_cRA_LA_LL_covariance_s20,phase2/results/predictions/full/clean_only/resnet/seed_17/bandpass_n20002_cRA_LA_LL_covariance_s20.npz,76430,c5d8a485f45bdf72ae47b1923c7833feb5cea51d2380901a865154b349bdb97c
resnet,clean_only,17,bandpass_n20002_cRA_LA_LL_covariance_s15,phase2/results/predictions/full/clean_only/resnet/seed_17/bandpass_n20002_cRA_LA_LL_covariance_s15.npz,76366,395fcc23f27382f15cf3d7071d644317edf4b8203c6a8137ca3fdf884de07e0c
resnet,clean_only,17,bandpass_n20002_cRA_LA_LL_covariance_s10,phase2/results/predictions/full/clean_only/resnet/seed_17/bandpass_n20002_cRA_LA_LL_covariance_s10.npz,76174,973b6620bfdd9d68bed5d6830b67184a23389394196015fa5824a13a316f8217
resnet,clean_only,17,bandpass_n20002_cRA_LA_LL_covariance_s5,phase2/results/predictions/full/clean_only/resnet/seed_17/bandpass_n20002_cRA_LA_LL_covariance_s5.npz,75835,e504491d08aba50adfc62ba99bd010b54a43d0f9b50ded603dae40164edf49ef
resnet,clean_only,17,bandpass_n20002_cRA_LA_LL_covariance_s0,phase2/results/predictions/full/clean_only/resnet/seed_17/bandpass_n20002_cRA_LA_LL_covariance_s0.npz,75495,118f8a07df16a13654ab9a07a41504a29e94bb673f96c6e09c311bdcd384b377
resnet,clean_only,17,bandpass_n20002_cV1_independent_rms_s20,phase2/results/predictions/full/clean_only/resnet/seed_17/bandpass_n20002_cV1_independent_rms_s20.npz,76459,41af8aa3936c378f026035cf2305c4f4cec1e14cae2efa8ec26e82c7c158a984
resnet,clean_only,17,bandpass_n20002_cV1_independent_rms_s15,phase2/results/predictions/full/clean_only/resnet/seed_17/bandpass_n20002_cV1_independent_rms_s15.npz,76410,569c6283c7ced781a302b3537b79abc5403ec1561e1d9ed46105f0ea04b965d5
resnet,clean_only,17,bandpass_n20002_cV1_independent_rms_s10,phase2/results/predictions/full/clean_only/resnet/seed_17/bandpass_n20002_cV1_independent_rms_s10.npz,76267,399092041b672149ecd38077afe2effed13fa34a031cff9e80dd59e27e38877f
resnet,clean_only,17,bandpass_n20002_cV1_independent_rms_s5,phase2/results/predictions/full/clean_only/resnet/seed_17/bandpass_n20002_cV1_independent_rms_s5.npz,76028,4adeaa063bc45f5a0c38d9c7ad2aac4333c7db8376de39152d29da6851d26b60
resnet,clean_only,17,bandpass_n20002_cV1_independent_rms_s0,phase2/results/predictions/full/clean_only/resnet/seed_17/bandpass_n20002_cV1_independent_rms_s0.npz,75759,66675bb31209310c7c1b563f871daaf6ea4a01bd5b15a16b84ba27afdcfd5f2c
resnet,clean_only,17,bandpass_n20002_cV1_electrode_s20,phase2/results/predictions/full/clean_only/resnet/seed_17/bandpass_n20002_cV1_electrode_s20.npz,76446,cf0b96ea3f13915ab5b223f5ca7197f1191be7f9234a2990fbc403caf27f2ace
resnet,clean_only,17,bandpass_n20002_cV1_electrode_s15,phase2/results/predictions/full/clean_only/resnet/seed_17/bandpass_n20002_cV1_electrode_s15.npz,76377,1375bf29d234ccb3d77d5577fb2d3af0991b283110b725bc412ef2fbbd958d4e
resnet,clean_only,17,bandpass_n20002_cV1_electrode_s10,phase2/results/predictions/full/clean_only/resnet/seed_17/bandpass_n20002_cV1_electrode_s10.npz,76277,4bf53a1320b03e877269b1a9eb4efe67430b012c425a9c218fab2becc4b0b40e
resnet,clean_only,17,bandpass_n20002_cV1_electrode_s5,phase2/results/predictions/full/clean_only/resnet/seed_17/bandpass_n20002_cV1_electrode_s5.npz,76074,b0fa5d923cfbeb518249f15f2727de9883f9cedf93b057668ce1a9ff26d3d351
resnet,clean_only,17,bandpass_n20002_cV1_electrode_s0,phase2/results/predictions/full/clean_only/resnet/seed_17/bandpass_n20002_cV1_electrode_s0.npz,75766,1a13f4d67bf70c290c9676afda979c1c09d89c10dd646000631350f6bf6d72fe
resnet,clean_only,17,bandpass_n20002_cV1_covariance_s20,phase2/results/predictions/full/clean_only/resnet/seed_17/bandpass_n20002_cV1_covariance_s20.npz,76454,0a46ba4ef25b718ed943d37457554743c26030d9570dfd2103a7f69b59ef1201
resnet,clean_only,17,bandpass_n20002_cV1_covariance_s15,phase2/results/predictions/full/clean_only/resnet/seed_17/bandpass_n20002_cV1_covariance_s15.npz,76409,54c65e4f4e3c831aeb1616d18f0d8c44817f0fbd80d1d01dde2f3d23e765300b
resnet,clean_only,17,bandpass_n20002_cV1_covariance_s10,phase2/results/predictions/full/clean_only/resnet/seed_17/bandpass_n20002_cV1_covariance_s10.npz,76256,bb6127da2896f332e5f17f4ba44a8fb2b1b0f6549ec5cdd16a47e1439bbe8991
resnet,clean_only,17,bandpass_n20002_cV1_covariance_s5,phase2/results/predictions/full/clean_only/resnet/seed_17/bandpass_n20002_cV1_covariance_s5.npz,76027,61836454db5bf60cf5159f0890fc76a4466608e1a4cb678d0051f86cabe4fcda
resnet,clean_only,17,bandpass_n20002_cV1_covariance_s0,phase2/results/predictions/full/clean_only/resnet/seed_17/bandpass_n20002_cV1_covariance_s0.npz,75764,6f610dd8d63b18090b725ca81f34c4577f5ce1dccdda3c7bdd2f308fcafcda86
resnet,clean_only,17,bandpass_n20002_cV2_independent_rms_s20,phase2/results/predictions/full/clean_only/resnet/seed_17/bandpass_n20002_cV2_independent_rms_s20.npz,76466,5334f78a5520b835549f1716271d6ceeab26cdf77daa7289d8732c1a3a7cbcf9
resnet,clean_only,17,bandpass_n20002_cV2_independent_rms_s15,phase2/results/predictions/full/clean_only/resnet/seed_17/bandpass_n20002_cV2_independent_rms_s15.npz,76426,2fe1caa14cb721bed906aad3af063b181cf2840a0b48f01718e3af72c7a96e19
resnet,clean_only,17,bandpass_n20002_cV2_independent_rms_s10,phase2/results/predictions/full/clean_only/resnet/seed_17/bandpass_n20002_cV2_independent_rms_s10.npz,76295,c07ba93903bd54fffd4ab011233e0c8e7ae0a6fd1a1e5fd91edbfe86d216b36d
resnet,clean_only,17,bandpass_n20002_cV2_independent_rms_s5,phase2/results/predictions/full/clean_only/resnet/seed_17/bandpass_n20002_cV2_independent_rms_s5.npz,76082,0c4d7975f448646fdeb174ed68ab3a2f4210a553af2e2ea0ef1d9bcb1c529e49
resnet,clean_only,17,bandpass_n20002_cV2_independent_rms_s0,phase2/results/predictions/full/clean_only/resnet/seed_17/bandpass_n20002_cV2_independent_rms_s0.npz,75665,0245224f47091b39f8f59c8c91f2263af61cb15e142a2a4084f9d22a13b6c1e1
resnet,clean_only,17,bandpass_n20002_cV2_electrode_s20,phase2/results/predictions/full/clean_only/resnet/seed_17/bandpass_n20002_cV2_electrode_s20.npz,76415,0ae74302f8453ce5079e2e3bc9ac99bf6158cbd0fcda0d46d9bec8a73d90587d
resnet,clean_only,17,bandpass_n20002_cV2_electrode_s15,phase2/results/predictions/full/clean_only/resnet/seed_17/bandpass_n20002_cV2_electrode_s15.npz,76417,35f58dc497a9117d601b6db6e4a73666c9aa998eb7494373c8950f18b25e514f
resnet,clean_only,17,bandpass_n20002_cV2_electrode_s10,phase2/results/predictions/full/clean_only/resnet/seed_17/bandpass_n20002_cV2_electrode_s10.npz,76268,1d2e63326ffe38f447dac5c820060516a9162d81fcc0555f2a56f6e47600212a
resnet,clean_only,17,bandpass_n20002_cV2_electrode_s5,phase2/results/predictions/full/clean_only/resnet/seed_17/bandpass_n20002_cV2_electrode_s5.npz,76009,6f415901ac73d79fd7cd2bdd14fe9bc5e3667a5bd57cf89d7e844791fe0877a0
resnet,clean_only,17,bandpass_n20002_cV2_electrode_s0,phase2/results/predictions/full/clean_only/resnet/seed_17/bandpass_n20002_cV2_electrode_s0.npz,75670,9833e6a89349988484f47be74a69f58252acabd91c7e3293fe2ce5bb2e4ca105
resnet,clean_only,17,bandpass_n20002_cV2_covariance_s20,phase2/results/predictions/full/clean_only/resnet/seed_17/bandpass_n20002_cV2_covariance_s20.npz,76442,74a27b322dd9a2d74c881ab32ae90a8c0ca7f0cbdfe76e51efebb9b142517bf7
resnet,clean_only,17,bandpass_n20002_cV2_covariance_s15,phase2/results/predictions/full/clean_only/resnet/seed_17/bandpass_n20002_cV2_covariance_s15.npz,76404,c0324c8e178b88a7093aeea79341ae4f54cf3ede56a27ab4cae6ea7525d084e1
resnet,clean_only,17,bandpass_n20002_cV2_covariance_s10,phase2/results/predictions/full/clean_only/resnet/seed_17/bandpass_n20002_cV2_covariance_s10.npz,76288,47e0323f937b4af35bbb6d4e6f135d0ba6343544767ef39806934a52d9e7cd48
resnet,clean_only,17,bandpass_n20002_cV2_covariance_s5,phase2/results/predictions/full/clean_only/resnet/seed_17/bandpass_n20002_cV2_covariance_s5.npz,76026,dbdbba90753094305499c9949e0b30d7098677dc986f460e090fa73c08cc78ee
resnet,clean_only,17,bandpass_n20002_cV2_covariance_s0,phase2/results/predictions/full/clean_only/resnet/seed_17/bandpass_n20002_cV2_covariance_s0.npz,75655,3ed4cbe242a1f1fd9d5997212d78cc3b6b2df88a626ca5545790def1c3f23d14
resnet,clean_only,17,bandpass_n20002_cV3_independent_rms_s20,phase2/results/predictions/full/clean_only/resnet/seed_17/bandpass_n20002_cV3_independent_rms_s20.npz,76487,419496cd051788e51dd5a7723e46a2a5ed73cfa420991aad0fe39fe672cb6955
resnet,clean_only,17,bandpass_n20002_cV3_independent_rms_s15,phase2/results/predictions/full/clean_only/resnet/seed_17/bandpass_n20002_cV3_independent_rms_s15.npz,76390,b3fe98b40ddbfd06826c9932b9ea5e5f730a3a0ea3c037007d11bcbf45b5133c
resnet,clean_only,17,bandpass_n20002_cV3_independent_rms_s10,phase2/results/predictions/full/clean_only/resnet/seed_17/bandpass_n20002_cV3_independent_rms_s10.npz,76265,35b363405a2c2535e725adaec0c9000160ae4b448151bd7dcbd406ca00193052
resnet,clean_only,17,bandpass_n20002_cV3_independent_rms_s5,phase2/results/predictions/full/clean_only/resnet/seed_17/bandpass_n20002_cV3_independent_rms_s5.npz,75994,3d74823c9e714db07fbc9a9176b56cf463a9ba21fb29fe4a6dc979510ee2246e
resnet,clean_only,17,bandpass_n20002_cV3_independent_rms_s0,phase2/results/predictions/full/clean_only/resnet/seed_17/bandpass_n20002_cV3_independent_rms_s0.npz,75496,4c83cbe3be5ca18d0233ddea3660063cac272026840d7011f1ed736eadc4ec15
resnet,clean_only,17,bandpass_n20002_cV3_electrode_s20,phase2/results/predictions/full/clean_only/resnet/seed_17/bandpass_n20002_cV3_electrode_s20.npz,76455,227dc95eca526a2be5e81b621f54a2ea3055c4a9de52e5bb05a1e41d4cde03bb
resnet,clean_only,17,bandpass_n20002_cV3_electrode_s15,phase2/results/predictions/full/clean_only/resnet/seed_17/bandpass_n20002_cV3_electrode_s15.npz,76403,1883d870f594b1eb61adfcd5a90c6ed2d49ded85813433bf8c8b4899ac6bde3e
resnet,clean_only,17,bandpass_n20002_cV3_electrode_s10,phase2/results/predictions/full/clean_only/resnet/seed_17/bandpass_n20002_cV3_electrode_s10.npz,76271,a1929b4d494dc6beffe5d517b212bb636b15a2c89eaae80e2b97061b3cb09fed
resnet,clean_only,17,bandpass_n20002_cV3_electrode_s5,phase2/results/predictions/full/clean_only/resnet/seed_17/bandpass_n20002_cV3_electrode_s5.npz,75994,f568eb157873851b58504799b404fdc90b24305eb362858c9b9ad247c98e0db4
resnet,clean_only,17,bandpass_n20002_cV3_electrode_s0,phase2/results/predictions/full/clean_only/resnet/seed_17/bandpass_n20002_cV3_electrode_s0.npz,75509,b9e4e2526e5b41ac607560cec8f3aa3265d092ab21935fcda868991f8c78f5ba
resnet,clean_only,17,bandpass_n20002_cV3_covariance_s20,phase2/results/predictions/full/clean_only/resnet/seed_17/bandpass_n20002_cV3_covariance_s20.npz,76451,9ddb351c89c6f8e1faab883644fb5cfdb4a8fc5811f08d8841983649ee4d095e
resnet,clean_only,17,bandpass_n20002_cV3_covariance_s15,phase2/results/predictions/full/clean_only/resnet/seed_17/bandpass_n20002_cV3_covariance_s15.npz,76413,44541da42f5b89eb779b0ee141cf3ec124728e32a18155566ea09d248111a58e
resnet,clean_only,17,bandpass_n20002_cV3_covariance_s10,phase2/results/predictions/full/clean_only/resnet/seed_17/bandpass_n20002_cV3_covariance_s10.npz,76269,46db8b92caeff75682a88c098e96f2d182d7ae877d9923833b6fc04213697bb7
resnet,clean_only,17,bandpass_n20002_cV3_covariance_s5,phase2/results/predictions/full/clean_only/resnet/seed_17/bandpass_n20002_cV3_covariance_s5.npz,76014,02470db4086e955eb051f8779626db76741d77269425888eee60557260d27baa
resnet,clean_only,17,bandpass_n20002_cV3_covariance_s0,phase2/results/predictions/full/clean_only/resnet/seed_17/bandpass_n20002_cV3_covariance_s0.npz,75506,80bde393c81318a89eb05898eee8b589db648d24f81894322119b3f14f0e8c9f
resnet,clean_only,17,bandpass_n20002_cV4_independent_rms_s20,phase2/results/predictions/full/clean_only/resnet/seed_17/bandpass_n20002_cV4_independent_rms_s20.npz,76504,130eb81a91d8bd7d5892aed3dccbc8711a91e71c01b865d8434879bbcad690c0
resnet,clean_only,17,bandpass_n20002_cV4_independent_rms_s15,phase2/results/predictions/full/clean_only/resnet/seed_17/bandpass_n20002_cV4_independent_rms_s15.npz,76467,2a528513eb9fcd47047c5c7e2959eb5e74d6a724f5dd0c0ce03e5c3b1163d297
resnet,clean_only,17,bandpass_n20002_cV4_independent_rms_s10,phase2/results/predictions/full/clean_only/resnet/seed_17/bandpass_n20002_cV4_independent_rms_s10.npz,76353,0b5d1c7d3e02da9f647369f68bc7d06ac63c0f605c6b78edada7a917cf657cb0
resnet,clean_only,17,bandpass_n20002_cV4_independent_rms_s5,phase2/results/predictions/full/clean_only/resnet/seed_17/bandpass_n20002_cV4_independent_rms_s5.npz,76177,4cbcd36f621140f02cdcb4ccc0be10e37d56b15fe0632cbc0b53d24bdb083330
resnet,clean_only,17,bandpass_n20002_cV4_independent_rms_s0,phase2/results/predictions/full/clean_only/resnet/seed_17/bandpass_n20002_cV4_independent_rms_s0.npz,75881,0a5bba57335d045b6c5383cc53980f2162eb6a5d1942b2410b8bb67c56b309f7
resnet,clean_only,17,bandpass_n20002_cV4_electrode_s20,phase2/results/predictions/full/clean_only/resnet/seed_17/bandpass_n20002_cV4_electrode_s20.npz,76445,4c1efb0500cd6ef5d1d30ba793dd3f5c4dbe629046285820be626c93a5b98a48
resnet,clean_only,17,bandpass_n20002_cV4_electrode_s15,phase2/results/predictions/full/clean_only/resnet/seed_17/bandpass_n20002_cV4_electrode_s15.npz,76422,cca389eb28a496ac09740e8b91be95b711c6e95be7edfd5b7314d4868b889abc
resnet,clean_only,17,bandpass_n20002_cV4_electrode_s10,phase2/results/predictions/full/clean_only/resnet/seed_17/bandpass_n20002_cV4_electrode_s10.npz,76361,ff07a4e03b25d5fbf7edfe148c5fee5ddf4768c8bdb2610a87a36a4c5c8d43c9
resnet,clean_only,17,bandpass_n20002_cV4_electrode_s5,phase2/results/predictions/full/clean_only/resnet/seed_17/bandpass_n20002_cV4_electrode_s5.npz,76199,e9a0250eaea62cf0269247b5b80f383b3633502b2ed778ce25a4cce98edb5611
resnet,clean_only,17,bandpass_n20002_cV4_electrode_s0,phase2/results/predictions/full/clean_only/resnet/seed_17/bandpass_n20002_cV4_electrode_s0.npz,75891,dbe9d47e95a7145902cc34dab31407384ebaae1f53651e76cb038a683bddd3b8
resnet,clean_only,17,bandpass_n20002_cV4_covariance_s20,phase2/results/predictions/full/clean_only/resnet/seed_17/bandpass_n20002_cV4_covariance_s20.npz,76484,eb51ef5b08bdd59f075e2623e18baa7f73e7dba035a5aa9c09ddb81fa72d16b0
resnet,clean_only,17,bandpass_n20002_cV4_covariance_s15,phase2/results/predictions/full/clean_only/resnet/seed_17/bandpass_n20002_cV4_covariance_s15.npz,76436,d6ddf121ac2a7467c15f8b257a25f7d23080a5248f2a705220e9126c3f2db0e5
resnet,clean_only,17,bandpass_n20002_cV4_covariance_s10,phase2/results/predictions/full/clean_only/resnet/seed_17/bandpass_n20002_cV4_covariance_s10.npz,76349,a222eadf8a296a89cc539992372949529d8f82762ce743fb684518c789432296
resnet,clean_only,17,bandpass_n20002_cV4_covariance_s5,phase2/results/predictions/full/clean_only/resnet/seed_17/bandpass_n20002_cV4_covariance_s5.npz,76143,ec12eaf7a66c8d02714d65eaffcdbe16f6735fd252fa7cdccd69693ee2e4cdf1
resnet,clean_only,17,bandpass_n20002_cV4_covariance_s0,phase2/results/predictions/full/clean_only/resnet/seed_17/bandpass_n20002_cV4_covariance_s0.npz,75866,8c69287fdcb1077d96b7b276183e2ece9f609d830fcbd41443ab057454a98ce7
resnet,clean_only,17,bandpass_n20002_cV5_independent_rms_s20,phase2/results/predictions/full/clean_only/resnet/seed_17/bandpass_n20002_cV5_independent_rms_s20.npz,76481,787b5eba969401f3f02ccab01f3d4308c987e5f2e9c8454b2626c36a9e873def
resnet,clean_only,17,bandpass_n20002_cV5_independent_rms_s15,phase2/results/predictions/full/clean_only/resnet/seed_17/bandpass_n20002_cV5_independent_rms_s15.npz,76418,9fa5b81f799aeb8b8b16b2f73157666168b0e79fb6ccedc64761bcdb8933a02d
resnet,clean_only,17,bandpass_n20002_cV5_independent_rms_s10,phase2/results/predictions/full/clean_only/resnet/seed_17/bandpass_n20002_cV5_independent_rms_s10.npz,76309,36db9960bcaf98ac33ce058fc981c2e7c922a6245f4e465af2b5a8ba5cf9fa85
resnet,clean_only,17,bandpass_n20002_cV5_independent_rms_s5,phase2/results/predictions/full/clean_only/resnet/seed_17/bandpass_n20002_cV5_independent_rms_s5.npz,76036,fbc2773b684bc4de31f8433d5fdd43114961e5183cae3b2548b994abd75aa2b1
resnet,clean_only,17,bandpass_n20002_cV5_independent_rms_s0,phase2/results/predictions/full/clean_only/resnet/seed_17/bandpass_n20002_cV5_independent_rms_s0.npz,75572,e5dfaba9f7cc7eaf03fb285c22988a0e3aa1ecf59b85f5615e556521cd59762d
resnet,clean_only,17,bandpass_n20002_cV5_electrode_s20,phase2/results/predictions/full/clean_only/resnet/seed_17/bandpass_n20002_cV5_electrode_s20.npz,76437,6fc65ef88ef646385eacf65bf8d0eec533b5d8207ec755ff4265c8ebd6294fbd
resnet,clean_only,17,bandpass_n20002_cV5_electrode_s15,phase2/results/predictions/full/clean_only/resnet/seed_17/bandpass_n20002_cV5_electrode_s15.npz,76415,8e4b1913badd701c7d4bbbc430bc51ff2a9a3acffd3a48d3b73f4e9a895b7b13
resnet,clean_only,17,bandpass_n20002_cV5_electrode_s10,phase2/results/predictions/full/clean_only/resnet/seed_17/bandpass_n20002_cV5_electrode_s10.npz,76277,8b8073717e44f8f1358d5685e064f36ccd3eeb249474abe058d010d98c1946f9
resnet,clean_only,17,bandpass_n20002_cV5_electrode_s5,phase2/results/predictions/full/clean_only/resnet/seed_17/bandpass_n20002_cV5_electrode_s5.npz,76026,385fc37277b4242c51a8fb205a01c249a4401c860bab2908acc5a0c849c82cb1
resnet,clean_only,17,bandpass_n20002_cV5_electrode_s0,phase2/results/predictions/full/clean_only/resnet/seed_17/bandpass_n20002_cV5_electrode_s0.npz,75594,be4d3c134274cfcd30060ac40b6958940c59d9d6287f4c54e23f1a68c19219b2
resnet,clean_only,17,bandpass_n20002_cV5_covariance_s20,phase2/results/predictions/full/clean_only/resnet/seed_17/bandpass_n20002_cV5_covariance_s20.npz,76477,32e9f1b4a171368ddeb7a0e53345d764fc41c85141d857699474512482566379
resnet,clean_only,17,bandpass_n20002_cV5_covariance_s15,phase2/results/predictions/full/clean_only/resnet/seed_17/bandpass_n20002_cV5_covariance_s15.npz,76413,2e6a9939033df9e145609aa3db0692482772dd3b88ca25cbef8fc1cecc81af8f
resnet,clean_only,17,bandpass_n20002_cV5_covariance_s10,phase2/results/predictions/full/clean_only/resnet/seed_17/bandpass_n20002_cV5_covariance_s10.npz,76259,af2c94931b5daa0f0c53998a1c0e1413ba8e28dede8d2f83c91360c2fc1e45eb
resnet,clean_only,17,bandpass_n20002_cV5_covariance_s5,phase2/results/predictions/full/clean_only/resnet/seed_17/bandpass_n20002_cV5_covariance_s5.npz,76022,960ed99c428c077779b9f089f2f2e629cacf21d41a27dcf3dd1ea8453c43db85
resnet,clean_only,17,bandpass_n20002_cV5_covariance_s0,phase2/results/predictions/full/clean_only/resnet/seed_17/bandpass_n20002_cV5_covariance_s0.npz,75575,0b172523d849aade71a4241b97acdd53ffbb4f4f07198d7074fd660864772340
resnet,clean_only,17,bandpass_n20002_cV6_independent_rms_s20,phase2/results/predictions/full/clean_only/resnet/seed_17/bandpass_n20002_cV6_independent_rms_s20.npz,76437,5a3729f8d2fa8051fd99e6b483f40c7af28873e4ba62d4e5ea8e6c556f594065
resnet,clean_only,17,bandpass_n20002_cV6_independent_rms_s15,phase2/results/predictions/full/clean_only/resnet/seed_17/bandpass_n20002_cV6_independent_rms_s15.npz,76428,1d936b0cb60a3be74421d07ffe8dc79c330e3a7f4523ba81dd9c63875e885628
resnet,clean_only,17,bandpass_n20002_cV6_independent_rms_s10,phase2/results/predictions/full/clean_only/resnet/seed_17/bandpass_n20002_cV6_independent_rms_s10.npz,76283,a963fb6c927eb78ee5e173b9c9dfc1e7f3c608646794a63ba72df246866d3f85
resnet,clean_only,17,bandpass_n20002_cV6_independent_rms_s5,phase2/results/predictions/full/clean_only/resnet/seed_17/bandpass_n20002_cV6_independent_rms_s5.npz,75967,a9971d92085467181396286f8f795a14da86b074a2325da5121af1e166ac4108
resnet,clean_only,17,bandpass_n20002_cV6_independent_rms_s0,phase2/results/predictions/full/clean_only/resnet/seed_17/bandpass_n20002_cV6_independent_rms_s0.npz,75554,2550a872dde19e0447db4f7195e0272cb6e61291884cc27499f0bc8bd682b564
resnet,clean_only,17,bandpass_n20002_cV6_electrode_s20,phase2/results/predictions/full/clean_only/resnet/seed_17/bandpass_n20002_cV6_electrode_s20.npz,76455,d12221188750fb5723008a88bed032faf09e0a88ccd7e4217f96b6fdd24e3eb9
resnet,clean_only,17,bandpass_n20002_cV6_electrode_s15,phase2/results/predictions/full/clean_only/resnet/seed_17/bandpass_n20002_cV6_electrode_s15.npz,76412,a8478584057ff57b315bea80e119cf90dd0e7d73be3af4e658d4d89302259973
resnet,clean_only,17,bandpass_n20002_cV6_electrode_s10,phase2/results/predictions/full/clean_only/resnet/seed_17/bandpass_n20002_cV6_electrode_s10.npz,76229,5d9ac87631f87134e39c872ed90fd361aeeb8e936839bd638bfbf7165df9f9c9
resnet,clean_only,17,bandpass_n20002_cV6_electrode_s5,phase2/results/predictions/full/clean_only/resnet/seed_17/bandpass_n20002_cV6_electrode_s5.npz,75970,db12f37d882d4c95e83f1e1e41469fbf796c2510fce84a1d9a249f95454142ea
resnet,clean_only,17,bandpass_n20002_cV6_electrode_s0,phase2/results/predictions/full/clean_only/resnet/seed_17/bandpass_n20002_cV6_electrode_s0.npz,75519,2466961fa065b59d7d5df15e9a484f094d46b529eecc77ba757532ad79f37a41
resnet,clean_only,17,bandpass_n20002_cV6_covariance_s20,phase2/results/predictions/full/clean_only/resnet/seed_17/bandpass_n20002_cV6_covariance_s20.npz,76460,10be0d8dfa026e398b4efc78afe9303bde018ab0b8d49abc05398ca3ebc3dab8
resnet,clean_only,17,bandpass_n20002_cV6_covariance_s15,phase2/results/predictions/full/clean_only/resnet/seed_17/bandpass_n20002_cV6_covariance_s15.npz,76402,0f42eba44c758ecdbf42dad0187a0dab41b97253b5d7d817ebeb706d5484338f
resnet,clean_only,17,bandpass_n20002_cV6_covariance_s10,phase2/results/predictions/full/clean_only/resnet/seed_17/bandpass_n20002_cV6_covariance_s10.npz,76245,88d979167ea2b8726f2fb4542750791cddd623b7ff7f57831193262879b8ccdc
resnet,clean_only,17,bandpass_n20002_cV6_covariance_s5,phase2/results/predictions/full/clean_only/resnet/seed_17/bandpass_n20002_cV6_covariance_s5.npz,75982,ca3fa3c23a505436446e860743d0ba3895fe882ef05a3032e11aa2575b53335e
resnet,clean_only,17,bandpass_n20002_cV6_covariance_s0,phase2/results/predictions/full/clean_only/resnet/seed_17/bandpass_n20002_cV6_covariance_s0.npz,75511,30f56d4faba2e95dcb5f313c91d10a9b12dbe3de7303656d969bc7bae0c2d955
resnet,clean_only,17,bandpass_n20002_cRA_LA_independent_rms_s20,phase2/results/predictions/full/clean_only/resnet/seed_17/bandpass_n20002_cRA_LA_independent_rms_s20.npz,76469,9127a8f28df6d9fe0c428ff4ca55d8fe43f06f021b7b73c44736c800025ee8f6
resnet,clean_only,17,bandpass_n20002_cRA_LA_independent_rms_s15,phase2/results/predictions/full/clean_only/resnet/seed_17/bandpass_n20002_cRA_LA_independent_rms_s15.npz,76407,692f70ef995c923be3e219aa87f46c8fceedbede97e810e586ed73fcc68536b0
resnet,clean_only,17,bandpass_n20002_cRA_LA_independent_rms_s10,phase2/results/predictions/full/clean_only/resnet/seed_17/bandpass_n20002_cRA_LA_independent_rms_s10.npz,76260,1302fe79303f89bc7b7e7d9ad86c51c611e383efc21df11e3490a21002569977
resnet,clean_only,17,bandpass_n20002_cRA_LA_independent_rms_s5,phase2/results/predictions/full/clean_only/resnet/seed_17/bandpass_n20002_cRA_LA_independent_rms_s5.npz,75973,5e2c9c2d9c8fbd8e0c31d2fccbc1841c0de23b92b0a545ef330e92abf2377241
resnet,clean_only,17,bandpass_n20002_cRA_LA_independent_rms_s0,phase2/results/predictions/full/clean_only/resnet/seed_17/bandpass_n20002_cRA_LA_independent_rms_s0.npz,75543,b2284b0300d4192198ae38a8de1b731fa5e6053ea2922acd44eacd0277902e4d
resnet,clean_only,17,bandpass_n20002_cRA_LA_electrode_s20,phase2/results/predictions/full/clean_only/resnet/seed_17/bandpass_n20002_cRA_LA_electrode_s20.npz,76465,ce6b60f0b1774126282044aa6c618338c09b998f720bbc6870af1e1843805757
resnet,clean_only,17,bandpass_n20002_cRA_LA_electrode_s15,phase2/results/predictions/full/clean_only/resnet/seed_17/bandpass_n20002_cRA_LA_electrode_s15.npz,76347,0750fb0b071f11866b01eea25460933ff38c491e0f865fde66ede9c0cd3e8572
resnet,clean_only,17,bandpass_n20002_cRA_LA_electrode_s10,phase2/results/predictions/full/clean_only/resnet/seed_17/bandpass_n20002_cRA_LA_electrode_s10.npz,76176,44603d9afe5c57236c6d296562ad75b0e64f199d8fcb7ce00b66bbc01b0c6360
resnet,clean_only,17,bandpass_n20002_cRA_LA_electrode_s5,phase2/results/predictions/full/clean_only/resnet/seed_17/bandpass_n20002_cRA_LA_electrode_s5.npz,75876,dfa9d6dbe0d7c49972936a290ae21e7840767ff56e5712c0d5a8668fcea3ad0b
resnet,clean_only,17,bandpass_n20002_cRA_LA_electrode_s0,phase2/results/predictions/full/clean_only/resnet/seed_17/bandpass_n20002_cRA_LA_electrode_s0.npz,75497,0e94ed3b99f2cede34ddb7f842c784908b482f34886bb2d02a0173045054793f
resnet,clean_only,17,bandpass_n20002_cRA_LA_covariance_s20,phase2/results/predictions/full/clean_only/resnet/seed_17/bandpass_n20002_cRA_LA_covariance_s20.npz,76454,722d9f8e384df1ca70df940ae8c183871cef0e50db042209ba40b339837e8552
resnet,clean_only,17,bandpass_n20002_cRA_LA_covariance_s15,phase2/results/predictions/full/clean_only/resnet/seed_17/bandpass_n20002_cRA_LA_covariance_s15.npz,76370,f818af4b6618713fc84016430104c6ea73a57e56b02f77abda437b657eea58ad
resnet,clean_only,17,bandpass_n20002_cRA_LA_covariance_s10,phase2/results/predictions/full/clean_only/resnet/seed_17/bandpass_n20002_cRA_LA_covariance_s10.npz,76173,b71fbdf0892276d62cd65a9b5f972f1dae2369efa12a71f876b8c97eb4d8e2a8
resnet,clean_only,17,bandpass_n20002_cRA_LA_covariance_s5,phase2/results/predictions/full/clean_only/resnet/seed_17/bandpass_n20002_cRA_LA_covariance_s5.npz,75830,cdc9973637a10d49ad03844c7b029969266ac43ca86f926d52a6068cd68533ca
resnet,clean_only,17,bandpass_n20002_cRA_LA_covariance_s0,phase2/results/predictions/full/clean_only/resnet/seed_17/bandpass_n20002_cRA_LA_covariance_s0.npz,75500,4a0e8f76006f2cc260a7203163b6c3b918802ba0a7ad56c2bbe1bb66dccfbb2e
resnet,clean_only,17,bandpass_n20002_cLA_LL_independent_rms_s20,phase2/results/predictions/full/clean_only/resnet/seed_17/bandpass_n20002_cLA_LL_independent_rms_s20.npz,76484,0a88f10b758fa5da55feaa9af74ba929edd8f6214dfa7711b74e6727a66cb8c2
resnet,clean_only,17,bandpass_n20002_cLA_LL_independent_rms_s15,phase2/results/predictions/full/clean_only/resnet/seed_17/bandpass_n20002_cLA_LL_independent_rms_s15.npz,76384,ffc4e8697c77983c505d367150cd57b42445fde6416724698cc6c4193998df24
resnet,clean_only,17,bandpass_n20002_cLA_LL_independent_rms_s10,phase2/results/predictions/full/clean_only/resnet/seed_17/bandpass_n20002_cLA_LL_independent_rms_s10.npz,76278,80837650131445aefed853ab774e95d6bfbec36a5ab3eca5ddd6a54ab25a12e7
resnet,clean_only,17,bandpass_n20002_cLA_LL_independent_rms_s5,phase2/results/predictions/full/clean_only/resnet/seed_17/bandpass_n20002_cLA_LL_independent_rms_s5.npz,75960,c3f9af1cdaae726fad88468aeb3ac6c9a9ae3833394329da0591e7d9bba6dc8a
resnet,clean_only,17,bandpass_n20002_cLA_LL_independent_rms_s0,phase2/results/predictions/full/clean_only/resnet/seed_17/bandpass_n20002_cLA_LL_independent_rms_s0.npz,75555,43b0a1b285740d64f42a16e21b8aed629d9cb9aae8f578a675a78d40181a1908
resnet,clean_only,17,bandpass_n20002_cLA_LL_electrode_s20,phase2/results/predictions/full/clean_only/resnet/seed_17/bandpass_n20002_cLA_LL_electrode_s20.npz,76428,280066b49821c28ab5ee1a898b1d0618394fae731cb62d47465e194c44ba1142
resnet,clean_only,17,bandpass_n20002_cLA_LL_electrode_s15,phase2/results/predictions/full/clean_only/resnet/seed_17/bandpass_n20002_cLA_LL_electrode_s15.npz,76353,49f0f4011262e1b79329e7a4f5b32fbff026e8125ac7e6da50ba8ed3bd1381be
resnet,clean_only,17,bandpass_n20002_cLA_LL_electrode_s10,phase2/results/predictions/full/clean_only/resnet/seed_17/bandpass_n20002_cLA_LL_electrode_s10.npz,76137,7d4f32502bc13f0dfe1c9a226a55fe68131a01c77f675b45eb1721539acf7443
resnet,clean_only,17,bandpass_n20002_cLA_LL_electrode_s5,phase2/results/predictions/full/clean_only/resnet/seed_17/bandpass_n20002_cLA_LL_electrode_s5.npz,75780,d2d58b8545ddc857bbaf67f4907fdf8a4785b264b48a9e3d133dbd5836372f7e
resnet,clean_only,17,bandpass_n20002_cLA_LL_electrode_s0,phase2/results/predictions/full/clean_only/resnet/seed_17/bandpass_n20002_cLA_LL_electrode_s0.npz,75432,3e05c24493b12abbf577f6d4c7f260741d52e00c1a134723882e62b1a241a72c
resnet,clean_only,17,bandpass_n20002_cLA_LL_covariance_s20,phase2/results/predictions/full/clean_only/resnet/seed_17/bandpass_n20002_cLA_LL_covariance_s20.npz,76438,720be20e85ec2c11140968c7125fd8d0add2017b1ba45a7149945a106e3c8cd4
resnet,clean_only,17,bandpass_n20002_cLA_LL_covariance_s15,phase2/results/predictions/full/clean_only/resnet/seed_17/bandpass_n20002_cLA_LL_covariance_s15.npz,76369,4f2bc2254d92464bf627400a5496c690e7979f86c1b508349046fcd1e57eff97
resnet,clean_only,17,bandpass_n20002_cLA_LL_covariance_s10,phase2/results/predictions/full/clean_only/resnet/seed_17/bandpass_n20002_cLA_LL_covariance_s10.npz,76156,91f5403c5b2011d5d81ace8720e07e6f8f83340877d4738717d40a167a6f45cf
resnet,clean_only,17,bandpass_n20002_cLA_LL_covariance_s5,phase2/results/predictions/full/clean_only/resnet/seed_17/bandpass_n20002_cLA_LL_covariance_s5.npz,75811,a9bb7220b59bde48349c6562cf4dee4172b0d229f2e48ee164df65b1fb0779ec
resnet,clean_only,17,bandpass_n20002_cLA_LL_covariance_s0,phase2/results/predictions/full/clean_only/resnet/seed_17/bandpass_n20002_cLA_LL_covariance_s0.npz,75446,32749293399aa699665caba9f5a1e9a74c0e57a9c3b573f69680e8eb6a5a615a
resnet,clean_only,17,bandpass_n20002_cRA_LL_independent_rms_s20,phase2/results/predictions/full/clean_only/resnet/seed_17/bandpass_n20002_cRA_LL_independent_rms_s20.npz,76477,75c0c87cc759c45d3dab50a5e528ae278ac7304af70cb9edcf944812763f372e
resnet,clean_only,17,bandpass_n20002_cRA_LL_independent_rms_s15,phase2/results/predictions/full/clean_only/resnet/seed_17/bandpass_n20002_cRA_LL_independent_rms_s15.npz,76384,bdf1e7afea4f661b6572dafb609554005fadc925cf0e30abcf0fa152ed3bcd8c
resnet,clean_only,17,bandpass_n20002_cRA_LL_independent_rms_s10,phase2/results/predictions/full/clean_only/resnet/seed_17/bandpass_n20002_cRA_LL_independent_rms_s10.npz,76227,d5dfe89601162411c3772b5c388c46b4fcf0979f6e4a93030e994b764e1c6404
resnet,clean_only,17,bandpass_n20002_cRA_LL_independent_rms_s5,phase2/results/predictions/full/clean_only/resnet/seed_17/bandpass_n20002_cRA_LL_independent_rms_s5.npz,75944,daf5d3b2a91fa00fe48524e75d2c0afa1e325c132770251475b5fa650c918542
resnet,clean_only,17,bandpass_n20002_cRA_LL_independent_rms_s0,phase2/results/predictions/full/clean_only/resnet/seed_17/bandpass_n20002_cRA_LL_independent_rms_s0.npz,75520,de8537e4c63dc0fdc468ec0ee7697179b5952bfcea1b2119f4cb06f859cb0c0e
resnet,clean_only,17,bandpass_n20002_cRA_LL_electrode_s20,phase2/results/predictions/full/clean_only/resnet/seed_17/bandpass_n20002_cRA_LL_electrode_s20.npz,76444,95fd4746792c7a8149d59268c49de3238edce50d1ee13a12c532b8348c109f98
resnet,clean_only,17,bandpass_n20002_cRA_LL_electrode_s15,phase2/results/predictions/full/clean_only/resnet/seed_17/bandpass_n20002_cRA_LL_electrode_s15.npz,76304,6639b22e2cdc181f01ea1cd3c4b01fed6821f6421e9e663bfedeebf13d0d7d11
resnet,clean_only,17,bandpass_n20002_cRA_LL_electrode_s10,phase2/results/predictions/full/clean_only/resnet/seed_17/bandpass_n20002_cRA_LL_electrode_s10.npz,76137,ba90790fa907311e462cab06c2b6fb135aa5e2c03870b5b4d8ed683bb4e2c300
resnet,clean_only,17,bandpass_n20002_cRA_LL_electrode_s5,phase2/results/predictions/full/clean_only/resnet/seed_17/bandpass_n20002_cRA_LL_electrode_s5.npz,75827,b276197d7d847231f35eea0a5bb6310f655f877fdd6cb52b0ab8cbbe6fac96a7
resnet,clean_only,17,bandpass_n20002_cRA_LL_electrode_s0,phase2/results/predictions/full/clean_only/resnet/seed_17/bandpass_n20002_cRA_LL_electrode_s0.npz,75489,f168935e32c5a7b53159b57e2e61ce399889397876adb80bf93553418f5929e3
resnet,clean_only,17,bandpass_n20002_cRA_LL_covariance_s20,phase2/results/predictions/full/clean_only/resnet/seed_17/bandpass_n20002_cRA_LL_covariance_s20.npz,76451,c4c0a2d0c367d62c75321470239e2ac343b74b13242257d0338d5b86a0cda3e6
resnet,clean_only,17,bandpass_n20002_cRA_LL_covariance_s15,phase2/results/predictions/full/clean_only/resnet/seed_17/bandpass_n20002_cRA_LL_covariance_s15.npz,76339,baa72cc52eacd19937773b18d43432f00a7cfd497082f8d596cebd64168c5c63
resnet,clean_only,17,bandpass_n20002_cRA_LL_covariance_s10,phase2/results/predictions/full/clean_only/resnet/seed_17/bandpass_n20002_cRA_LL_covariance_s10.npz,76167,020e53b3e751224fba85ed52e192591b552592186d15664c75ccfb70e887910e
resnet,clean_only,17,bandpass_n20002_cRA_LL_covariance_s5,phase2/results/predictions/full/clean_only/resnet/seed_17/bandpass_n20002_cRA_LL_covariance_s5.npz,75798,33662f33be53d9cf07a7c772e59bfc468af80c40210e63ee58ddac90000c1d62
resnet,clean_only,17,bandpass_n20002_cRA_LL_covariance_s0,phase2/results/predictions/full/clean_only/resnet/seed_17/bandpass_n20002_cRA_LL_covariance_s0.npz,75500,4c4ddd8d56bbc26228771d965ef5de0335ee7814ddbe654eac634eeb2b6f3809
resnet,clean_only,17,bandpass_n20002_cRA_independent_rms_s20,phase2/results/predictions/full/clean_only/resnet/seed_17/bandpass_n20002_cRA_independent_rms_s20.npz,76472,18b1cc484768fe9e4744544a2e1654d3aecd56e86896646cfecdd57144d78489
resnet,clean_only,17,bandpass_n20002_cRA_independent_rms_s15,phase2/results/predictions/full/clean_only/resnet/seed_17/bandpass_n20002_cRA_independent_rms_s15.npz,76410,04bb5ff2ffd00c40d7071ad86646ac5f1cef4040b375d5c853da24db04d7f52f
resnet,clean_only,17,bandpass_n20002_cRA_independent_rms_s10,phase2/results/predictions/full/clean_only/resnet/seed_17/bandpass_n20002_cRA_independent_rms_s10.npz,76250,45e2ee55bde89ae3279fb8cabd8c4e308429d837160f544dfbbd1fb5ba41c6e7
resnet,clean_only,17,bandpass_n20002_cRA_independent_rms_s5,phase2/results/predictions/full/clean_only/resnet/seed_17/bandpass_n20002_cRA_independent_rms_s5.npz,75967,d06f76554bb01d6d82e245bcd77bdfd5c328abebe1241795b602504d08f55961
resnet,clean_only,17,bandpass_n20002_cRA_independent_rms_s0,phase2/results/predictions/full/clean_only/resnet/seed_17/bandpass_n20002_cRA_independent_rms_s0.npz,75595,b329634c966a9586f476697b4dae50d7b4f98a23ef3aa47796cb129987911876
resnet,clean_only,17,bandpass_n20002_cRA_electrode_s20,phase2/results/predictions/full/clean_only/resnet/seed_17/bandpass_n20002_cRA_electrode_s20.npz,76439,d118335501d9926188ad5ebaa1770cada960ec68182456f78ce2b7db41191542
resnet,clean_only,17,bandpass_n20002_cRA_electrode_s15,phase2/results/predictions/full/clean_only/resnet/seed_17/bandpass_n20002_cRA_electrode_s15.npz,76377,f7dd64d921e650bb3df7d0c83f99af80b6796e7ce2ed5286eddac254bb57df44
resnet,clean_only,17,bandpass_n20002_cRA_electrode_s10,phase2/results/predictions/full/clean_only/resnet/seed_17/bandpass_n20002_cRA_electrode_s10.npz,76192,811c732a1f42c1ea5421ff67957b904abfadfd0818793e321896e9d7dd70a18b
resnet,clean_only,17,bandpass_n20002_cRA_electrode_s5,phase2/results/predictions/full/clean_only/resnet/seed_17/bandpass_n20002_cRA_electrode_s5.npz,75855,59e8a98c410f71b94e308a6a584228afb777e650e490e3a72ccdf90ca688bb72
resnet,clean_only,17,bandpass_n20002_cRA_electrode_s0,phase2/results/predictions/full/clean_only/resnet/seed_17/bandpass_n20002_cRA_electrode_s0.npz,75557,fef8be984de618409646532886e83d6333926b9c305e602004a052216fc23f64
resnet,clean_only,17,bandpass_n20002_cRA_covariance_s20,phase2/results/predictions/full/clean_only/resnet/seed_17/bandpass_n20002_cRA_covariance_s20.npz,76441,4934e45b8c2056649afc51b7dac520e405f83ca3d7189e1d2746316e9e126ddc
resnet,clean_only,17,bandpass_n20002_cRA_covariance_s15,phase2/results/predictions/full/clean_only/resnet/seed_17/bandpass_n20002_cRA_covariance_s15.npz,76357,b04c9376457bb976283b6b37cca81557dcd7ea8dc4a59c191e456524eea8471b
resnet,clean_only,17,bandpass_n20002_cRA_covariance_s10,phase2/results/predictions/full/clean_only/resnet/seed_17/bandpass_n20002_cRA_covariance_s10.npz,76186,0095cd0c9311873904d9473e3e4110745ab227da32f407c8d4d296e13140552e
resnet,clean_only,17,bandpass_n20002_cRA_covariance_s5,phase2/results/predictions/full/clean_only/resnet/seed_17/bandpass_n20002_cRA_covariance_s5.npz,75897,6cb03006cba84c79256b63490c952d222fbc8ed592cc8de6d99f752eb4f2de7e
resnet,clean_only,17,bandpass_n20002_cRA_covariance_s0,phase2/results/predictions/full/clean_only/resnet/seed_17/bandpass_n20002_cRA_covariance_s0.npz,75577,77447dcfdd44dd13a4ccf742f7f7d682c059788ba7f7ffb917ef97e420042bfc
resnet,clean_only,17,bandpass_n20002_cLA_independent_rms_s20,phase2/results/predictions/full/clean_only/resnet/seed_17/bandpass_n20002_cLA_independent_rms_s20.npz,76450,dc9574ae28889a60313b09a0f8498b0d2d79cb60720a721a53fa496ed1a9a8ec
resnet,clean_only,17,bandpass_n20002_cLA_independent_rms_s15,phase2/results/predictions/full/clean_only/resnet/seed_17/bandpass_n20002_cLA_independent_rms_s15.npz,76404,62484255af088da214e0d8540e28370ca8cf5fd0e31210cca579154b8899a1ae
resnet,clean_only,17,bandpass_n20002_cLA_independent_rms_s10,phase2/results/predictions/full/clean_only/resnet/seed_17/bandpass_n20002_cLA_independent_rms_s10.npz,76294,2b1ae1509f0832916977c18e47c69dd296b9297f47054d684ed801094deb60a8
resnet,clean_only,17,bandpass_n20002_cLA_independent_rms_s5,phase2/results/predictions/full/clean_only/resnet/seed_17/bandpass_n20002_cLA_independent_rms_s5.npz,75994,d43a40091acf9dc2003eb9ba0dddc2145695fce90b3a4394c7065aef09378ad7
resnet,clean_only,17,bandpass_n20002_cLA_independent_rms_s0,phase2/results/predictions/full/clean_only/resnet/seed_17/bandpass_n20002_cLA_independent_rms_s0.npz,75526,c0429f8f04062490bb1398415443d12c3047f46f39c351c1e285df5171d3d2b0
resnet,clean_only,17,bandpass_n20002_cLA_electrode_s20,phase2/results/predictions/full/clean_only/resnet/seed_17/bandpass_n20002_cLA_electrode_s20.npz,76449,aa4529e70e7f5779f68f253cf50fc33318d122e6f8e2177805033715457fe08d
resnet,clean_only,17,bandpass_n20002_cLA_electrode_s15,phase2/results/predictions/full/clean_only/resnet/seed_17/bandpass_n20002_cLA_electrode_s15.npz,76364,708b1b66de973ba27f24f2069a16ee7702da64cd234cae34d799bc8e6fc212ae
resnet,clean_only,17,bandpass_n20002_cLA_electrode_s10,phase2/results/predictions/full/clean_only/resnet/seed_17/bandpass_n20002_cLA_electrode_s10.npz,76201,b2c3753d3c879a261bec479a70c39ad6382f00c30fc59a8da1fa29aeb6ce1f98
resnet,clean_only,17,bandpass_n20002_cLA_electrode_s5,phase2/results/predictions/full/clean_only/resnet/seed_17/bandpass_n20002_cLA_electrode_s5.npz,75827,7c297ea410beae997879f45e13fa2df2446b2b742feee92c027a73472a58b579
resnet,clean_only,17,bandpass_n20002_cLA_electrode_s0,phase2/results/predictions/full/clean_only/resnet/seed_17/bandpass_n20002_cLA_electrode_s0.npz,75403,fc726f27c400aa386ed79d070b4a37ef23bfc87f25b869cb6508cbf9c9b132f5
resnet,clean_only,17,bandpass_n20002_cLA_covariance_s20,phase2/results/predictions/full/clean_only/resnet/seed_17/bandpass_n20002_cLA_covariance_s20.npz,76460,337a43e22356acbaac93dbcdf4ff588fb39dd1f66d71aaeb782e4c4bd9fe1d48
resnet,clean_only,17,bandpass_n20002_cLA_covariance_s15,phase2/results/predictions/full/clean_only/resnet/seed_17/bandpass_n20002_cLA_covariance_s15.npz,76383,1b51534c7de57fdf95e249e32c88e24d190b5fd1368a4aade34d6c86418939df
resnet,clean_only,17,bandpass_n20002_cLA_covariance_s10,phase2/results/predictions/full/clean_only/resnet/seed_17/bandpass_n20002_cLA_covariance_s10.npz,76216,f7db767d7229c16b4c9c7c9e09a97c73ea11f57f0b6373ccb2db732b91319a2b
resnet,clean_only,17,bandpass_n20002_cLA_covariance_s5,phase2/results/predictions/full/clean_only/resnet/seed_17/bandpass_n20002_cLA_covariance_s5.npz,75877,d672352e84e85b154b1d1c207bb73ce734df7dcaac7866bd68bdea4c1ae03182
resnet,clean_only,17,bandpass_n20002_cLA_covariance_s0,phase2/results/predictions/full/clean_only/resnet/seed_17/bandpass_n20002_cLA_covariance_s0.npz,75413,33847b0c8adaad6cec5a67ccdf3c2bc391ddf76a80c9d1140d8721aaf18591c1
resnet,clean_only,17,bandpass_n20002_cLL_independent_rms_s20,phase2/results/predictions/full/clean_only/resnet/seed_17/bandpass_n20002_cLL_independent_rms_s20.npz,76480,b64a1efcde0ac20bec5aab71b14ccb8e31c289a81bb7f2afe5e0a58e89b3f53c
resnet,clean_only,17,bandpass_n20002_cLL_independent_rms_s15,phase2/results/predictions/full/clean_only/resnet/seed_17/bandpass_n20002_cLL_independent_rms_s15.npz,76408,ede06491be2dcff99a461132535011c9a4a1b4dd0d4e0a296a4cf50b9be75760
resnet,clean_only,17,bandpass_n20002_cLL_independent_rms_s10,phase2/results/predictions/full/clean_only/resnet/seed_17/bandpass_n20002_cLL_independent_rms_s10.npz,76210,14949e008ecb9ba2ea03599cc823e45b5df6b5ea5b8951fad76a8e5d6cc6dd9b
resnet,clean_only,17,bandpass_n20002_cLL_independent_rms_s5,phase2/results/predictions/full/clean_only/resnet/seed_17/bandpass_n20002_cLL_independent_rms_s5.npz,75918,12ede189f2cfe97659c125784cec516e03078612789ee381dd42054cea0be94f
resnet,clean_only,17,bandpass_n20002_cLL_independent_rms_s0,phase2/results/predictions/full/clean_only/resnet/seed_17/bandpass_n20002_cLL_independent_rms_s0.npz,75493,3f4594d8e1fa96f527b72f5575a474d1d07a4c256ba3dd228c6559a147020781
resnet,clean_only,17,bandpass_n20002_cLL_electrode_s20,phase2/results/predictions/full/clean_only/resnet/seed_17/bandpass_n20002_cLL_electrode_s20.npz,76420,c570fd6a35d8c93cac17ccec0077fa8fd3af3051b74f7125fe17c857e2c2eaca
resnet,clean_only,17,bandpass_n20002_cLL_electrode_s15,phase2/results/predictions/full/clean_only/resnet/seed_17/bandpass_n20002_cLL_electrode_s15.npz,76338,1be540638683817ed2cbb9d7467e6cc288584b015b6a91d63d05bb6df686f475
resnet,clean_only,17,bandpass_n20002_cLL_electrode_s10,phase2/results/predictions/full/clean_only/resnet/seed_17/bandpass_n20002_cLL_electrode_s10.npz,76132,aec9c633a86ffa0e1f6c8913f570ca736a9c3d856e61a7b710f641d6ac2c7882
resnet,clean_only,17,bandpass_n20002_cLL_electrode_s5,phase2/results/predictions/full/clean_only/resnet/seed_17/bandpass_n20002_cLL_electrode_s5.npz,75817,507ec415d66a1edd8dd7f98d414555e39ced2af5363f67bf717602a33fb0a5d7
resnet,clean_only,17,bandpass_n20002_cLL_electrode_s0,phase2/results/predictions/full/clean_only/resnet/seed_17/bandpass_n20002_cLL_electrode_s0.npz,75599,0b03d2c1a66875fab04f27866d9c62c98c6b1db574ed67fd97fe338c3f4b530c
resnet,clean_only,17,bandpass_n20002_cLL_covariance_s20,phase2/results/predictions/full/clean_only/resnet/seed_17/bandpass_n20002_cLL_covariance_s20.npz,76419,8f64966f30b5385937d8be6db96b60ebd9069e97e27c3c1ae3407b7f6a2f0bea
resnet,clean_only,17,bandpass_n20002_cLL_covariance_s15,phase2/results/predictions/full/clean_only/resnet/seed_17/bandpass_n20002_cLL_covariance_s15.npz,76325,5287ae9ac7f943157fabc77f6a6b3bfe7783a65c1e3deda8975326777d86ac45
resnet,clean_only,17,bandpass_n20002_cLL_covariance_s10,phase2/results/predictions/full/clean_only/resnet/seed_17/bandpass_n20002_cLL_covariance_s10.npz,76136,e96013c8c4e5fc88cf9dc521311797a6819ba8d45998d785968763d285f42aba
resnet,clean_only,17,bandpass_n20002_cLL_covariance_s5,phase2/results/predictions/full/clean_only/resnet/seed_17/bandpass_n20002_cLL_covariance_s5.npz,75816,6b29793d815e23aecb8c1b1ba89aae2077bb877a74d6bce1535b8324c40f29d9
resnet,clean_only,17,bandpass_n20002_cLL_covariance_s0,phase2/results/predictions/full/clean_only/resnet/seed_17/bandpass_n20002_cLL_covariance_s0.npz,75578,36fab32a10286c1044d050832fc821ead33d9fdf42fe83291020b428f3a93845
resnet,clean_only,17,bandpass_n20002_cRA_V1_independent_rms_s20,phase2/results/predictions/full/clean_only/resnet/seed_17/bandpass_n20002_cRA_V1_independent_rms_s20.npz,76464,4a896c5995e7db233cb65084c096824386d6f12047b8dc9b120b4b8753e69552
resnet,clean_only,17,bandpass_n20002_cRA_V1_independent_rms_s15,phase2/results/predictions/full/clean_only/resnet/seed_17/bandpass_n20002_cRA_V1_independent_rms_s15.npz,76412,8f15a502adb9c70e7784fc47172d42085b0ed2d338ebfa1d23fc5899044f89fe
resnet,clean_only,17,bandpass_n20002_cRA_V1_independent_rms_s10,phase2/results/predictions/full/clean_only/resnet/seed_17/bandpass_n20002_cRA_V1_independent_rms_s10.npz,76249,94812b63054b3db7f18a1365152aa6fa7323ee30b77e41d58ea7b15feb73b29f
resnet,clean_only,17,bandpass_n20002_cRA_V1_independent_rms_s5,phase2/results/predictions/full/clean_only/resnet/seed_17/bandpass_n20002_cRA_V1_independent_rms_s5.npz,76005,e3fde2a78d31664d6e92534ae09562d9bb7a5255e88744bb8b820b1006cec4a3
resnet,clean_only,17,bandpass_n20002_cRA_V1_independent_rms_s0,phase2/results/predictions/full/clean_only/resnet/seed_17/bandpass_n20002_cRA_V1_independent_rms_s0.npz,75629,0641bc0a1423ce1093d1a23637261baec05847db325d06e885aff5dc734ce77f
resnet,clean_only,17,bandpass_n20002_cRA_V1_electrode_s20,phase2/results/predictions/full/clean_only/resnet/seed_17/bandpass_n20002_cRA_V1_electrode_s20.npz,76441,658ef35c08aa98dbb20bda1fbdeb3c0342bdf140efdfab91ef1f8d6edc2e044d
resnet,clean_only,17,bandpass_n20002_cRA_V1_electrode_s15,phase2/results/predictions/full/clean_only/resnet/seed_17/bandpass_n20002_cRA_V1_electrode_s15.npz,76403,a7a1518fc01f7b23ef54c688522dfca8bfed7b76c7d1c44069e6465e7bb1b99d
resnet,clean_only,17,bandpass_n20002_cRA_V1_electrode_s10,phase2/results/predictions/full/clean_only/resnet/seed_17/bandpass_n20002_cRA_V1_electrode_s10.npz,76214,51ae8a6d6be55be03b24a0c42b4b4ce5410ebbdf850b50510c88f37db58531c8
resnet,clean_only,17,bandpass_n20002_cRA_V1_electrode_s5,phase2/results/predictions/full/clean_only/resnet/seed_17/bandpass_n20002_cRA_V1_electrode_s5.npz,75919,a32c1a5d836953d7f544fb5565c6ee999c708b5e69b9714bb034099f4a506ad3
resnet,clean_only,17,bandpass_n20002_cRA_V1_electrode_s0,phase2/results/predictions/full/clean_only/resnet/seed_17/bandpass_n20002_cRA_V1_electrode_s0.npz,75589,622faa544e2c8172f71b91b0be1082fc03ae678b936d2bd91f6c2ce9bc6da926
resnet,clean_only,17,bandpass_n20002_cRA_V1_covariance_s20,phase2/results/predictions/full/clean_only/resnet/seed_17/bandpass_n20002_cRA_V1_covariance_s20.npz,76417,865506ad395ee9c33bbd81d7660ddc8860fcaf4f0130cb82555fa1a234f9a702
resnet,clean_only,17,bandpass_n20002_cRA_V1_covariance_s15,phase2/results/predictions/full/clean_only/resnet/seed_17/bandpass_n20002_cRA_V1_covariance_s15.npz,76403,36004c98bef4f1125a76563aa4e425fbccf7f7f1516ba5aa7da64c1452d65b0b
resnet,clean_only,17,bandpass_n20002_cRA_V1_covariance_s10,phase2/results/predictions/full/clean_only/resnet/seed_17/bandpass_n20002_cRA_V1_covariance_s10.npz,76207,e43a34d6ede2b70b3206eba9a64d8b44ecda7ebb48bf1585ace2e6545bdb53ae
resnet,clean_only,17,bandpass_n20002_cRA_V1_covariance_s5,phase2/results/predictions/full/clean_only/resnet/seed_17/bandpass_n20002_cRA_V1_covariance_s5.npz,75977,4d6073fbb4cf23037f5b6a18ef6c570e191050dd3d8523c04bca6f7b0a22769b
resnet,clean_only,17,bandpass_n20002_cRA_V1_covariance_s0,phase2/results/predictions/full/clean_only/resnet/seed_17/bandpass_n20002_cRA_V1_covariance_s0.npz,75580,1f76a353a4bd8d73da8ff197bcb0cef6cad07aefeda1369a86dc56db198d57b3
resnet,clean_only,17,bandpass_n20002_cLA_V6_independent_rms_s20,phase2/results/predictions/full/clean_only/resnet/seed_17/bandpass_n20002_cLA_V6_independent_rms_s20.npz,76494,4922e0889795a2ab53a0e4a161e6fe800cccb99541d6734aeb09b008f389ba7c
resnet,clean_only,17,bandpass_n20002_cLA_V6_independent_rms_s15,phase2/results/predictions/full/clean_only/resnet/seed_17/bandpass_n20002_cLA_V6_independent_rms_s15.npz,76439,83c16213626bf7b4f1dbeba0c5b68126c0dfea0bbe04cc0d40ea2f0f694a5dd7
resnet,clean_only,17,bandpass_n20002_cLA_V6_independent_rms_s10,phase2/results/predictions/full/clean_only/resnet/seed_17/bandpass_n20002_cLA_V6_independent_rms_s10.npz,76272,628867c898f0d9ce825ddd941563958277cc2b98988f8e61e0f068916ba38fb8
resnet,clean_only,17,bandpass_n20002_cLA_V6_independent_rms_s5,phase2/results/predictions/full/clean_only/resnet/seed_17/bandpass_n20002_cLA_V6_independent_rms_s5.npz,75992,cd08ca5da63da0ab5f79f38917e2e175370b70390958065e480c130e304b25bd
resnet,clean_only,17,bandpass_n20002_cLA_V6_independent_rms_s0,phase2/results/predictions/full/clean_only/resnet/seed_17/bandpass_n20002_cLA_V6_independent_rms_s0.npz,75561,07e9e83fa4049072a551a015c74b50924ac86b5b6a1447392ddd404f6d0be8f0
resnet,clean_only,17,bandpass_n20002_cLA_V6_electrode_s20,phase2/results/predictions/full/clean_only/resnet/seed_17/bandpass_n20002_cLA_V6_electrode_s20.npz,76480,4e74049dee2c7b2d9ae6e0eaa9d2096ee2a20e18987cce49ec6f82abc9fb7e53
resnet,clean_only,17,bandpass_n20002_cLA_V6_electrode_s15,phase2/results/predictions/full/clean_only/resnet/seed_17/bandpass_n20002_cLA_V6_electrode_s15.npz,76394,a8385868d9d4852642a55e650a3b2b566655dfc9e2b5560d5af2e0e9de8be8d8
resnet,clean_only,17,bandpass_n20002_cLA_V6_electrode_s10,phase2/results/predictions/full/clean_only/resnet/seed_17/bandpass_n20002_cLA_V6_electrode_s10.npz,76251,7863fbd95969edb8695806cc1c83d8cb89380b822c30f53e2dec3909316ad93c
resnet,clean_only,17,bandpass_n20002_cLA_V6_electrode_s5,phase2/results/predictions/full/clean_only/resnet/seed_17/bandpass_n20002_cLA_V6_electrode_s5.npz,75897,d3324bceb404d4ebf3c0151390a9dc12b378b29aa487f1fc30243f371a54489c
resnet,clean_only,17,bandpass_n20002_cLA_V6_electrode_s0,phase2/results/predictions/full/clean_only/resnet/seed_17/bandpass_n20002_cLA_V6_electrode_s0.npz,75435,2ee210f12f97870d65a8996385c0429a03bec51663b0479dd91d1c1037a73797
resnet,clean_only,17,bandpass_n20002_cLA_V6_covariance_s20,phase2/results/predictions/full/clean_only/resnet/seed_17/bandpass_n20002_cLA_V6_covariance_s20.npz,76465,df5e0ec4f75f0ef41ab81eddc471fed08a30b61679c7bcdd137898d52931140d
resnet,clean_only,17,bandpass_n20002_cLA_V6_covariance_s15,phase2/results/predictions/full/clean_only/resnet/seed_17/bandpass_n20002_cLA_V6_covariance_s15.npz,76396,4b6df00b90a7094995bccd4d3064f4242cb226c2023852e0b814344b7ac08c66
resnet,clean_only,17,bandpass_n20002_cLA_V6_covariance_s10,phase2/results/predictions/full/clean_only/resnet/seed_17/bandpass_n20002_cLA_V6_covariance_s10.npz,76234,88be9abe6cc5bd153cc8dacc056c04ca17f89d8bfd4ea3ea7aae62f0066d4296
resnet,clean_only,17,bandpass_n20002_cLA_V6_covariance_s5,phase2/results/predictions/full/clean_only/resnet/seed_17/bandpass_n20002_cLA_V6_covariance_s5.npz,75864,244ee45b859f76662dad0fa64d6eb8a5fb6a17c98d4e6e01e15041b1b7b369e6
resnet,clean_only,17,bandpass_n20002_cLA_V6_covariance_s0,phase2/results/predictions/full/clean_only/resnet/seed_17/bandpass_n20002_cLA_V6_covariance_s0.npz,75434,bdeca75ec566dc82dd8434d6c1a68f876b6bfb6470d137fead8eb65d6a6fc1d7
resnet,clean_only,17,bandpass_n20002_cLL_V4_independent_rms_s20,phase2/results/predictions/full/clean_only/resnet/seed_17/bandpass_n20002_cLL_V4_independent_rms_s20.npz,76482,3dab28243a4ee00a5c38b7159a9585a982b3d5e672d9014d6236b16b145370bc
resnet,clean_only,17,bandpass_n20002_cLL_V4_independent_rms_s15,phase2/results/predictions/full/clean_only/resnet/seed_17/bandpass_n20002_cLL_V4_independent_rms_s15.npz,76413,8813f286fb1c49753b0404a4ad942e926765963e915f572c384894baf25824b3
resnet,clean_only,17,bandpass_n20002_cLL_V4_independent_rms_s10,phase2/results/predictions/full/clean_only/resnet/seed_17/bandpass_n20002_cLL_V4_independent_rms_s10.npz,76292,5812f4f2453fbdb9e90615b03a7e9a2aefb0f81aa7bb8af877b74095c31bc9b8
resnet,clean_only,17,bandpass_n20002_cLL_V4_independent_rms_s5,phase2/results/predictions/full/clean_only/resnet/seed_17/bandpass_n20002_cLL_V4_independent_rms_s5.npz,76001,a47498f05bf1d32d19590357d8f0b7f22078e051d06f97274d854965a750f12a
resnet,clean_only,17,bandpass_n20002_cLL_V4_independent_rms_s0,phase2/results/predictions/full/clean_only/resnet/seed_17/bandpass_n20002_cLL_V4_independent_rms_s0.npz,75523,5a75bb5d7ade681ada85df22bb5045a09bf95886b8265d8e6c7bc2f0b5f887e9
resnet,clean_only,17,bandpass_n20002_cLL_V4_electrode_s20,phase2/results/predictions/full/clean_only/resnet/seed_17/bandpass_n20002_cLL_V4_electrode_s20.npz,76443,c5daa39cb595cf0d0753be36a68b4593f4e3358b4a8105d9f87244c1a5e8570d
resnet,clean_only,17,bandpass_n20002_cLL_V4_electrode_s15,phase2/results/predictions/full/clean_only/resnet/seed_17/bandpass_n20002_cLL_V4_electrode_s15.npz,76379,a67d7225304273a390ffb2a22c519eefd1ca1e12475c8370bca0ae476354fd3b
resnet,clean_only,17,bandpass_n20002_cLL_V4_electrode_s10,phase2/results/predictions/full/clean_only/resnet/seed_17/bandpass_n20002_cLL_V4_electrode_s10.npz,76159,7972b42d2ba9f5339c7379efa62f72afe9b1eeabc1f511ca77c2f12a0cf0b90f
resnet,clean_only,17,bandpass_n20002_cLL_V4_electrode_s5,phase2/results/predictions/full/clean_only/resnet/seed_17/bandpass_n20002_cLL_V4_electrode_s5.npz,75872,7ad9620be7b3d4db40b06d0bdaca12af20797bfb0f0dafe9c835ae172c24c3c6
resnet,clean_only,17,bandpass_n20002_cLL_V4_electrode_s0,phase2/results/predictions/full/clean_only/resnet/seed_17/bandpass_n20002_cLL_V4_electrode_s0.npz,75647,d47d375c7f7626a078912659fca7dec95d20bac8b6bdb8013f1e29970ef0bff2
resnet,clean_only,17,bandpass_n20002_cLL_V4_covariance_s20,phase2/results/predictions/full/clean_only/resnet/seed_17/bandpass_n20002_cLL_V4_covariance_s20.npz,76426,61c5f219ef280434d1b406d0ab5ac1d711653a6fa5bced0c10eb0e3a0940b179
resnet,clean_only,17,bandpass_n20002_cLL_V4_covariance_s15,phase2/results/predictions/full/clean_only/resnet/seed_17/bandpass_n20002_cLL_V4_covariance_s15.npz,76371,9da48e2c54c6036518691667343235ddc19b3296f727741e08564a3c66860e32
resnet,clean_only,17,bandpass_n20002_cLL_V4_covariance_s10,phase2/results/predictions/full/clean_only/resnet/seed_17/bandpass_n20002_cLL_V4_covariance_s10.npz,76189,9ac0ef2e4e8d10cbde76001973341cabf7ec75da536e1ec529d482d9d40526db
resnet,clean_only,17,bandpass_n20002_cLL_V4_covariance_s5,phase2/results/predictions/full/clean_only/resnet/seed_17/bandpass_n20002_cLL_V4_covariance_s5.npz,75902,2954d1d442cb6818c452a695058b10a7a4ac0a746f78d54b1c3f5a0284591e50
resnet,clean_only,17,bandpass_n20002_cLL_V4_covariance_s0,phase2/results/predictions/full/clean_only/resnet/seed_17/bandpass_n20002_cLL_V4_covariance_s0.npz,75633,fd2caa0a00ffcc75befb5612af92360f6d1ad72b4c47bc337842c4e354e21515
resnet,clean_only,17,bandpass_n20002_cRA_LA_V1_V6_independent_rms_s20,phase2/results/predictions/full/clean_only/resnet/seed_17/bandpass_n20002_cRA_LA_V1_V6_independent_rms_s20.npz,76499,9d14a0131fc81825f0d617e398de1acd4625e6933b26b796ad05aed13bcc75b1
resnet,clean_only,17,bandpass_n20002_cRA_LA_V1_V6_independent_rms_s15,phase2/results/predictions/full/clean_only/resnet/seed_17/bandpass_n20002_cRA_LA_V1_V6_independent_rms_s15.npz,76431,c8e604152f88aab8e8b5a5e114331ab620871c0ce751fb3af3aa5f9e1150d930
resnet,clean_only,17,bandpass_n20002_cRA_LA_V1_V6_independent_rms_s10,phase2/results/predictions/full/clean_only/resnet/seed_17/bandpass_n20002_cRA_LA_V1_V6_independent_rms_s10.npz,76269,d4c15fcc29ea2ca0b644c23b3c65a274171c0d398e7ad1edd3e67f444c13f4fb
resnet,clean_only,17,bandpass_n20002_cRA_LA_V1_V6_independent_rms_s5,phase2/results/predictions/full/clean_only/resnet/seed_17/bandpass_n20002_cRA_LA_V1_V6_independent_rms_s5.npz,76000,a113396399098f1b14167e68796e6554ff97a97e5caed41a25b521a3a9245dc3
resnet,clean_only,17,bandpass_n20002_cRA_LA_V1_V6_independent_rms_s0,phase2/results/predictions/full/clean_only/resnet/seed_17/bandpass_n20002_cRA_LA_V1_V6_independent_rms_s0.npz,75616,026bdf78922fb065f25fed830b24ed5931b117faf46feabcaf7f612009772cf4
resnet,clean_only,17,bandpass_n20002_cRA_LA_V1_V6_electrode_s20,phase2/results/predictions/full/clean_only/resnet/seed_17/bandpass_n20002_cRA_LA_V1_V6_electrode_s20.npz,76458,3092d58f79d8b84a143669ec47ee150de3b1b113f42fbd37fbeb4670c20fe513
resnet,clean_only,17,bandpass_n20002_cRA_LA_V1_V6_electrode_s15,phase2/results/predictions/full/clean_only/resnet/seed_17/bandpass_n20002_cRA_LA_V1_V6_electrode_s15.npz,76399,438adfb5d8e8dc893c4b08d7b7c83d2b48e00125244108861f40b410444207a0
resnet,clean_only,17,bandpass_n20002_cRA_LA_V1_V6_electrode_s10,phase2/results/predictions/full/clean_only/resnet/seed_17/bandpass_n20002_cRA_LA_V1_V6_electrode_s10.npz,76223,f220675c91828ef1669ac453cf03eedb4badb7e49d1a0d3f0112f7f5ddbbc314
resnet,clean_only,17,bandpass_n20002_cRA_LA_V1_V6_electrode_s5,phase2/results/predictions/full/clean_only/resnet/seed_17/bandpass_n20002_cRA_LA_V1_V6_electrode_s5.npz,75912,9434eebe80a6de41624f5d72b7cac8e9b0d99ffa878feb6f0c212d91832b51d2
resnet,clean_only,17,bandpass_n20002_cRA_LA_V1_V6_electrode_s0,phase2/results/predictions/full/clean_only/resnet/seed_17/bandpass_n20002_cRA_LA_V1_V6_electrode_s0.npz,75536,e5b901a401cbeb035d2b597ccd46a21f02ba5eb01d385f45617cf8ba621505eb
resnet,clean_only,17,bandpass_n20002_cRA_LA_V1_V6_covariance_s20,phase2/results/predictions/full/clean_only/resnet/seed_17/bandpass_n20002_cRA_LA_V1_V6_covariance_s20.npz,76513,d446e2e65275930299540e5a04830d0a82eeb2b481b664c167d27490a1d07de0
resnet,clean_only,17,bandpass_n20002_cRA_LA_V1_V6_covariance_s15,phase2/results/predictions/full/clean_only/resnet/seed_17/bandpass_n20002_cRA_LA_V1_V6_covariance_s15.npz,76404,b5938ae4f0125c0d83fbce71469ece07094dfbc8fbb24afd96382964deec3e45
resnet,clean_only,17,bandpass_n20002_cRA_LA_V1_V6_covariance_s10,phase2/results/predictions/full/clean_only/resnet/seed_17/bandpass_n20002_cRA_LA_V1_V6_covariance_s10.npz,76241,b31ab7b1479282eec1141167826fd23f029687c793ad6d2a393361133dfc1ea2
resnet,clean_only,17,bandpass_n20002_cRA_LA_V1_V6_covariance_s5,phase2/results/predictions/full/clean_only/resnet/seed_17/bandpass_n20002_cRA_LA_V1_V6_covariance_s5.npz,75891,4d99179e8495bca38184b82243579070d91036f9d8340d83da161feb1d777e51
resnet,clean_only,17,bandpass_n20002_cRA_LA_V1_V6_covariance_s0,phase2/results/predictions/full/clean_only/resnet/seed_17/bandpass_n20002_cRA_LA_V1_V6_covariance_s0.npz,75565,325776192bf5d7b24244991fac8643624cd2ac0227ed341de39e5e24fecceb0b
resnet,clean_only,17,bandpass_n20002_cRA_V2_V5_independent_rms_s20,phase2/results/predictions/full/clean_only/resnet/seed_17/bandpass_n20002_cRA_V2_V5_independent_rms_s20.npz,76501,b942f4370f322690639b30fb081274d48868f37ca144be88c7496b2989b2cf13
resnet,clean_only,17,bandpass_n20002_cRA_V2_V5_independent_rms_s15,phase2/results/predictions/full/clean_only/resnet/seed_17/bandpass_n20002_cRA_V2_V5_independent_rms_s15.npz,76416,2c56600b120dbaca63429cfa4782d1ab814c13c13835a8b2277327580e6f0370
resnet,clean_only,17,bandpass_n20002_cRA_V2_V5_independent_rms_s10,phase2/results/predictions/full/clean_only/resnet/seed_17/bandpass_n20002_cRA_V2_V5_independent_rms_s10.npz,76276,d71c61f0422fac13ca2b1cc33cf76842cb93a279cce41935ae31bec3eb97648e
resnet,clean_only,17,bandpass_n20002_cRA_V2_V5_independent_rms_s5,phase2/results/predictions/full/clean_only/resnet/seed_17/bandpass_n20002_cRA_V2_V5_independent_rms_s5.npz,76010,ac1ff0bb4fa8fd8ff6faba355cf9aa24a84eafc04fbc65fcf8342ec21e33eac8
resnet,clean_only,17,bandpass_n20002_cRA_V2_V5_independent_rms_s0,phase2/results/predictions/full/clean_only/resnet/seed_17/bandpass_n20002_cRA_V2_V5_independent_rms_s0.npz,75615,15222e3a9dc3d06fbcc5e54b0765b3116ee7f168c8150210b2a941a0e0800022
resnet,clean_only,17,bandpass_n20002_cRA_V2_V5_electrode_s20,phase2/results/predictions/full/clean_only/resnet/seed_17/bandpass_n20002_cRA_V2_V5_electrode_s20.npz,76498,2cdeeaf042aa4a4f3baf35292a232738e4a106e24d660ae4df6396ccda03737f
resnet,clean_only,17,bandpass_n20002_cRA_V2_V5_electrode_s15,phase2/results/predictions/full/clean_only/resnet/seed_17/bandpass_n20002_cRA_V2_V5_electrode_s15.npz,76422,299ad4154c130a1c47c188633d0ea50621eb673cd9d21b0802553b0a5894ec8c
resnet,clean_only,17,bandpass_n20002_cRA_V2_V5_electrode_s10,phase2/results/predictions/full/clean_only/resnet/seed_17/bandpass_n20002_cRA_V2_V5_electrode_s10.npz,76260,b95285ee6204743d927dc69d2dc5a4f05969ee6c259fb046a6247d023e382d10
resnet,clean_only,17,bandpass_n20002_cRA_V2_V5_electrode_s5,phase2/results/predictions/full/clean_only/resnet/seed_17/bandpass_n20002_cRA_V2_V5_electrode_s5.npz,75941,0225f7483ae8020490d2b1389d1ca9e8f79a680d7d531397630a5c1a6a89bacf
resnet,clean_only,17,bandpass_n20002_cRA_V2_V5_electrode_s0,phase2/results/predictions/full/clean_only/resnet/seed_17/bandpass_n20002_cRA_V2_V5_electrode_s0.npz,75600,40f396966fa42c775dbdaa55a1ba83ecb8ec640c855fc63b6d828cf4169e68b7
resnet,clean_only,17,bandpass_n20002_cRA_V2_V5_covariance_s20,phase2/results/predictions/full/clean_only/resnet/seed_17/bandpass_n20002_cRA_V2_V5_covariance_s20.npz,76486,28880dc6cbefda2b92ea7c1a0f7e3750dc844bce5bab35edd2b02206326a442b
resnet,clean_only,17,bandpass_n20002_cRA_V2_V5_covariance_s15,phase2/results/predictions/full/clean_only/resnet/seed_17/bandpass_n20002_cRA_V2_V5_covariance_s15.npz,76425,ebbbe52d824b38774c839e7fd9e86c634adbc8710f3a5f904e542c23b6308a17
resnet,clean_only,17,bandpass_n20002_cRA_V2_V5_covariance_s10,phase2/results/predictions/full/clean_only/resnet/seed_17/bandpass_n20002_cRA_V2_V5_covariance_s10.npz,76237,b701b3fe41a29dc7f368a63257dabadaf5d84d7fd8236bb819ee668f644321e3
resnet,clean_only,17,bandpass_n20002_cRA_V2_V5_covariance_s5,phase2/results/predictions/full/clean_only/resnet/seed_17/bandpass_n20002_cRA_V2_V5_covariance_s5.npz,75944,cfe8ad0fbbb375cecd084f964c90a17e67457d082c5b386888e00cde0cfb32dd
resnet,clean_only,17,bandpass_n20002_cRA_V2_V5_covariance_s0,phase2/results/predictions/full/clean_only/resnet/seed_17/bandpass_n20002_cRA_V2_V5_covariance_s0.npz,75615,83db000ca118c6cea3818b82b43cacb250531e0ec2103a7822aa1bcaf2413bf0
resnet,clean_only,17,bandpass_n20002_cLA_V3_V6_independent_rms_s20,phase2/results/predictions/full/clean_only/resnet/seed_17/bandpass_n20002_cLA_V3_V6_independent_rms_s20.npz,76473,f48fe1c0c784e3b39be4bc0bc05dac2660e9128cfc917f0eef78ad7d0f1713f6
resnet,clean_only,17,bandpass_n20002_cLA_V3_V6_independent_rms_s15,phase2/results/predictions/full/clean_only/resnet/seed_17/bandpass_n20002_cLA_V3_V6_independent_rms_s15.npz,76408,939b055f7a62584e472f1b1d11266030b9c29b235150dc8fdbe5be31eb667930
resnet,clean_only,17,bandpass_n20002_cLA_V3_V6_independent_rms_s10,phase2/results/predictions/full/clean_only/resnet/seed_17/bandpass_n20002_cLA_V3_V6_independent_rms_s10.npz,76298,b605cfb6b2a89fe6c4533ab4ce7e131be69242a9a96b12b17564264e4748e78c
resnet,clean_only,17,bandpass_n20002_cLA_V3_V6_independent_rms_s5,phase2/results/predictions/full/clean_only/resnet/seed_17/bandpass_n20002_cLA_V3_V6_independent_rms_s5.npz,76001,dec20bb397c204a02a723fc827830646425a2fd99e6fe609a8934e11cc5a8b72
resnet,clean_only,17,bandpass_n20002_cLA_V3_V6_independent_rms_s0,phase2/results/predictions/full/clean_only/resnet/seed_17/bandpass_n20002_cLA_V3_V6_independent_rms_s0.npz,75568,262dfb3a7374ec734ce35c0ca2888279ecfcc1390b218b1a8cab403efedc31a1
resnet,clean_only,17,bandpass_n20002_cLA_V3_V6_electrode_s20,phase2/results/predictions/full/clean_only/resnet/seed_17/bandpass_n20002_cLA_V3_V6_electrode_s20.npz,76463,91d4ed22d9b44c9859d4690489c84583d86cf5cb702ae4ec85384f3ed7771cf2
resnet,clean_only,17,bandpass_n20002_cLA_V3_V6_electrode_s15,phase2/results/predictions/full/clean_only/resnet/seed_17/bandpass_n20002_cLA_V3_V6_electrode_s15.npz,76396,0dc3d63bdce52738d8674158ae53267ff17094589684cdcfacc9dd8982ca5cec
resnet,clean_only,17,bandpass_n20002_cLA_V3_V6_electrode_s10,phase2/results/predictions/full/clean_only/resnet/seed_17/bandpass_n20002_cLA_V3_V6_electrode_s10.npz,76241,0f4e1b48ad9b35641ea144d279e3b4fb47fd6733cf0fa9c9e58ee0a03c8b05fd
resnet,clean_only,17,bandpass_n20002_cLA_V3_V6_electrode_s5,phase2/results/predictions/full/clean_only/resnet/seed_17/bandpass_n20002_cLA_V3_V6_electrode_s5.npz,75897,f772dba393f4ec6ebb7e9ea6c1ceb6b3931acc9547879acb0eb16e282847f522
resnet,clean_only,17,bandpass_n20002_cLA_V3_V6_electrode_s0,phase2/results/predictions/full/clean_only/resnet/seed_17/bandpass_n20002_cLA_V3_V6_electrode_s0.npz,75435,8fe856e45a9e093ef60fed57379d5674e72b18a695a7a011bfdebc03c8e089bf
resnet,clean_only,17,bandpass_n20002_cLA_V3_V6_covariance_s20,phase2/results/predictions/full/clean_only/resnet/seed_17/bandpass_n20002_cLA_V3_V6_covariance_s20.npz,76464,3a075d701d2db978b9247a1856dde25c120edabef717400c5061edef330b3fdd
resnet,clean_only,17,bandpass_n20002_cLA_V3_V6_covariance_s15,phase2/results/predictions/full/clean_only/resnet/seed_17/bandpass_n20002_cLA_V3_V6_covariance_s15.npz,76413,807f78ef9011e5bc50d19643cfab6b8e89c23ea65bc4f215cd43ef9f5ae41fb5
resnet,clean_only,17,bandpass_n20002_cLA_V3_V6_covariance_s10,phase2/results/predictions/full/clean_only/resnet/seed_17/bandpass_n20002_cLA_V3_V6_covariance_s10.npz,76233,7ca8c1af8f224179cbd14c3a9bdaa5ec9890fe6e588e7fcb292c7191938b2d06
resnet,clean_only,17,bandpass_n20002_cLA_V3_V6_covariance_s5,phase2/results/predictions/full/clean_only/resnet/seed_17/bandpass_n20002_cLA_V3_V6_covariance_s5.npz,75911,ae9b50b5a4711d7b6e6705921941c59d2986a9e2d3db3030fccc9524225f7ec3
resnet,clean_only,17,bandpass_n20002_cLA_V3_V6_covariance_s0,phase2/results/predictions/full/clean_only/resnet/seed_17/bandpass_n20002_cLA_V3_V6_covariance_s0.npz,75455,e57e8c88802b15ab4338bf081fe61c6a5b2bd93ab780277c7e29734ad11ffcd5
resnet,clean_only,17,bandpass_n20002_cLL_V1_V4_independent_rms_s20,phase2/results/predictions/full/clean_only/resnet/seed_17/bandpass_n20002_cLL_V1_V4_independent_rms_s20.npz,76469,8fedcd54306a623eaaed6359c1d573070e018cbec1333facdc45d9893c82e68b
resnet,clean_only,17,bandpass_n20002_cLL_V1_V4_independent_rms_s15,phase2/results/predictions/full/clean_only/resnet/seed_17/bandpass_n20002_cLL_V1_V4_independent_rms_s15.npz,76424,a10576291e5c318c6a308ea79752c47ee255646106d2c305a710132d115e46c3
resnet,clean_only,17,bandpass_n20002_cLL_V1_V4_independent_rms_s10,phase2/results/predictions/full/clean_only/resnet/seed_17/bandpass_n20002_cLL_V1_V4_independent_rms_s10.npz,76265,55091eefc557b2c9c92cd6e30ec863f5e6f01f10b4da451fd8f5d3897d48e2cd
resnet,clean_only,17,bandpass_n20002_cLL_V1_V4_independent_rms_s5,phase2/results/predictions/full/clean_only/resnet/seed_17/bandpass_n20002_cLL_V1_V4_independent_rms_s5.npz,76015,e69307f4c654440b947e1cb5d4f85cc61296cb1df0390063aba0dfb46c9e8bc6
resnet,clean_only,17,bandpass_n20002_cLL_V1_V4_independent_rms_s0,phase2/results/predictions/full/clean_only/resnet/seed_17/bandpass_n20002_cLL_V1_V4_independent_rms_s0.npz,75619,3d0ab54219b6ef8b37c89e7dfed2cca88b3a79c9e1818f16fb0fef6b544b0471
resnet,clean_only,17,bandpass_n20002_cLL_V1_V4_electrode_s20,phase2/results/predictions/full/clean_only/resnet/seed_17/bandpass_n20002_cLL_V1_V4_electrode_s20.npz,76455,2d0371a94323e0cda2e38f49b3748a560f780a4a462289bed25b0d9d75a1e9f5
resnet,clean_only,17,bandpass_n20002_cLL_V1_V4_electrode_s15,phase2/results/predictions/full/clean_only/resnet/seed_17/bandpass_n20002_cLL_V1_V4_electrode_s15.npz,76411,f348b92380459442fdc4e4504af728ab228cef02d141c1e255e8e18c23d44122
resnet,clean_only,17,bandpass_n20002_cLL_V1_V4_electrode_s10,phase2/results/predictions/full/clean_only/resnet/seed_17/bandpass_n20002_cLL_V1_V4_electrode_s10.npz,76175,820e3b878c15df6b22487a2ca3d80462e3ce0a06614090293285420de7503ef7
resnet,clean_only,17,bandpass_n20002_cLL_V1_V4_electrode_s5,phase2/results/predictions/full/clean_only/resnet/seed_17/bandpass_n20002_cLL_V1_V4_electrode_s5.npz,75907,b89d752a577a7e3b09c8d75812a4315c278dd1e6fa75f7396c117a279ee1c185
resnet,clean_only,17,bandpass_n20002_cLL_V1_V4_electrode_s0,phase2/results/predictions/full/clean_only/resnet/seed_17/bandpass_n20002_cLL_V1_V4_electrode_s0.npz,75643,3da0397c53a753516c3a296c5fca64c067b7e65e61863a5d38f7fbbbe06fc4cd
resnet,clean_only,17,bandpass_n20002_cLL_V1_V4_covariance_s20,phase2/results/predictions/full/clean_only/resnet/seed_17/bandpass_n20002_cLL_V1_V4_covariance_s20.npz,76481,eaceb059496a1de9c9f007d01748c0027b6ebe262972e0fca3e0a88c8a8032aa
resnet,clean_only,17,bandpass_n20002_cLL_V1_V4_covariance_s15,phase2/results/predictions/full/clean_only/resnet/seed_17/bandpass_n20002_cLL_V1_V4_covariance_s15.npz,76390,e37582509b2113733fb7c6df522ac94fc3344dc7c9aefde09ae55d8025f8e54c
resnet,clean_only,17,bandpass_n20002_cLL_V1_V4_covariance_s10,phase2/results/predictions/full/clean_only/resnet/seed_17/bandpass_n20002_cLL_V1_V4_covariance_s10.npz,76179,43b2b6c144e1edd02b1298890f3daebb0c0eea2fffcca8b8659219f6b56ed104
resnet,clean_only,17,bandpass_n20002_cLL_V1_V4_covariance_s5,phase2/results/predictions/full/clean_only/resnet/seed_17/bandpass_n20002_cLL_V1_V4_covariance_s5.npz,75911,3901858e20eaa551c6b8c0bd246c3ef543b10eba468bbf4224dd0e0bbf0097ef
resnet,clean_only,17,bandpass_n20002_cLL_V1_V4_covariance_s0,phase2/results/predictions/full/clean_only/resnet/seed_17/bandpass_n20002_cLL_V1_V4_covariance_s0.npz,75676,197a4450007426cd397c6cd042c41998276b5880b333330b5b5259750f718798
resnet,clean_only,17,bandpass_n20002_call_independent_rms_s20,phase2/results/predictions/full/clean_only/resnet/seed_17/bandpass_n20002_call_independent_rms_s20.npz,76466,428e254b9ddde5fd47f83567eea9318f5a0f4c924c970d23ba50f46738b87d97
resnet,clean_only,17,bandpass_n20002_call_independent_rms_s15,phase2/results/predictions/full/clean_only/resnet/seed_17/bandpass_n20002_call_independent_rms_s15.npz,76378,7e8253af654d3cd7adb2e7de20339487d2165d136edaee9fc14a71e80e25b095
resnet,clean_only,17,bandpass_n20002_call_independent_rms_s10,phase2/results/predictions/full/clean_only/resnet/seed_17/bandpass_n20002_call_independent_rms_s10.npz,76245,aa793819b4dec7dea4c2af9a7cbce6b448da0eeb1da28d96623970317408d7e2
resnet,clean_only,17,bandpass_n20002_call_independent_rms_s5,phase2/results/predictions/full/clean_only/resnet/seed_17/bandpass_n20002_call_independent_rms_s5.npz,75936,86b72a740f64b55157974cbdfb489fb58685649b8d08b1fe1a442e0825781e67
resnet,clean_only,17,bandpass_n20002_call_independent_rms_s0,phase2/results/predictions/full/clean_only/resnet/seed_17/bandpass_n20002_call_independent_rms_s0.npz,75542,0874c282f619b1bf963028a03297e4fa32aaf329000459cdfa08bb55ac989311
resnet,clean_only,17,bandpass_n20002_call_electrode_s20,phase2/results/predictions/full/clean_only/resnet/seed_17/bandpass_n20002_call_electrode_s20.npz,76416,1979967d857b21e12541ff6d253d207047a233a133a73745620d78a5993887a9
resnet,clean_only,17,bandpass_n20002_call_electrode_s15,phase2/results/predictions/full/clean_only/resnet/seed_17/bandpass_n20002_call_electrode_s15.npz,76376,8c4fa712af0488996f78dfbe0e5a5b6cc7fa0c561cf979706edc0bca20aef1d5
resnet,clean_only,17,bandpass_n20002_call_electrode_s10,phase2/results/predictions/full/clean_only/resnet/seed_17/bandpass_n20002_call_electrode_s10.npz,76180,cb2053fa31a825166bbca4d789e74680325fd54cd3650b851cd54e6e376ed9a5
resnet,clean_only,17,bandpass_n20002_call_electrode_s5,phase2/results/predictions/full/clean_only/resnet/seed_17/bandpass_n20002_call_electrode_s5.npz,75863,7e662c184b8a0bdc4b2581b082e710419fa53f506aaffcbad915a01c9b92d652
resnet,clean_only,17,bandpass_n20002_call_electrode_s0,phase2/results/predictions/full/clean_only/resnet/seed_17/bandpass_n20002_call_electrode_s0.npz,75505,a57ad488696ffbfbd4db306c4c3ffddea627800d44c96a65a743812a78b4d574
resnet,clean_only,17,bandpass_n20002_call_covariance_s20,phase2/results/predictions/full/clean_only/resnet/seed_17/bandpass_n20002_call_covariance_s20.npz,76448,a1e14d4e1ff7f159f914e49de9924eef8ba433665ff5e7c3307dfbbb9c09678b
resnet,clean_only,17,bandpass_n20002_call_covariance_s15,phase2/results/predictions/full/clean_only/resnet/seed_17/bandpass_n20002_call_covariance_s15.npz,76371,4b692fa081d66ee6876bd0205ed7a6ba75258c168ddb239942498287c0cbe65e
resnet,clean_only,17,bandpass_n20002_call_covariance_s10,phase2/results/predictions/full/clean_only/resnet/seed_17/bandpass_n20002_call_covariance_s10.npz,76177,b9e2653cc82553fc4f63a360f44c39c4010584a74a15a387d5aeb83ac0a1e5cb
resnet,clean_only,17,bandpass_n20002_call_covariance_s5,phase2/results/predictions/full/clean_only/resnet/seed_17/bandpass_n20002_call_covariance_s5.npz,75877,e167f6dbdf48570c91d2201a3b7c3a3458630ad32cc2c663ee049a6f5a44cd3d
resnet,clean_only,17,bandpass_n20002_call_covariance_s0,phase2/results/predictions/full/clean_only/resnet/seed_17/bandpass_n20002_call_covariance_s0.npz,75453,308fee2a424f4945b60bc0deff86aef03698924468e7e0019d493010b23d3495
resnet,clean_only,17,bandpass_n20003_cRA_LA_LL_independent_rms_s20,phase2/results/predictions/full/clean_only/resnet/seed_17/bandpass_n20003_cRA_LA_LL_independent_rms_s20.npz,76477,1e7546b8fc1ffda1fb9d3790772697810a44f0eb694dddecc853db4eade9128b
resnet,clean_only,17,bandpass_n20003_cRA_LA_LL_independent_rms_s15,phase2/results/predictions/full/clean_only/resnet/seed_17/bandpass_n20003_cRA_LA_LL_independent_rms_s15.npz,76430,a60bef77f52b6ed71c2652699290ab64018dea2c4c48ac919742ca953166078f
resnet,clean_only,17,bandpass_n20003_cRA_LA_LL_independent_rms_s10,phase2/results/predictions/full/clean_only/resnet/seed_17/bandpass_n20003_cRA_LA_LL_independent_rms_s10.npz,76289,50e8e89618df8383f46274049015e202ae060bc9bdeff06d94a9bc5bc1dcf22f
resnet,clean_only,17,bandpass_n20003_cRA_LA_LL_independent_rms_s5,phase2/results/predictions/full/clean_only/resnet/seed_17/bandpass_n20003_cRA_LA_LL_independent_rms_s5.npz,75967,62e76e44bf27ce5cb79313ed11af62b9a282ebcab8b59ba9de7d19f93e8c7c0b
resnet,clean_only,17,bandpass_n20003_cRA_LA_LL_independent_rms_s0,phase2/results/predictions/full/clean_only/resnet/seed_17/bandpass_n20003_cRA_LA_LL_independent_rms_s0.npz,75534,293f59618af56c4b63626e64f744fe238bb27927cef948fce04842fdc26b557c
resnet,clean_only,17,bandpass_n20003_cRA_LA_LL_electrode_s20,phase2/results/predictions/full/clean_only/resnet/seed_17/bandpass_n20003_cRA_LA_LL_electrode_s20.npz,76448,23f972864a2211252e789abee93d0a809b98717a2f03ea14c412a07b156270db
resnet,clean_only,17,bandpass_n20003_cRA_LA_LL_electrode_s15,phase2/results/predictions/full/clean_only/resnet/seed_17/bandpass_n20003_cRA_LA_LL_electrode_s15.npz,76352,cb7e14d70e21a0e5a837c0b144b6e579a86e4c96db7e1fd57880272c9d937a48
resnet,clean_only,17,bandpass_n20003_cRA_LA_LL_electrode_s10,phase2/results/predictions/full/clean_only/resnet/seed_17/bandpass_n20003_cRA_LA_LL_electrode_s10.npz,76158,37dd28d8fbdfb97b3c9880e59e5dcf2b08f192273ab42a3f77777ff04acedfc1
resnet,clean_only,17,bandpass_n20003_cRA_LA_LL_electrode_s5,phase2/results/predictions/full/clean_only/resnet/seed_17/bandpass_n20003_cRA_LA_LL_electrode_s5.npz,75828,4561aa8bbf7bb0ba97bd195f61a89970b66cde384e46facd1555b162805ceab1
resnet,clean_only,17,bandpass_n20003_cRA_LA_LL_electrode_s0,phase2/results/predictions/full/clean_only/resnet/seed_17/bandpass_n20003_cRA_LA_LL_electrode_s0.npz,75461,629e9ff76341998d809ac2fe6fbe797c09d0f5dd8c4ca6508afcaa5689976eb4
resnet,clean_only,17,bandpass_n20003_cRA_LA_LL_covariance_s20,phase2/results/predictions/full/clean_only/resnet/seed_17/bandpass_n20003_cRA_LA_LL_covariance_s20.npz,76447,365ab9d6fcece7978d1ba37db1843f0d5ac151a0a15cf78a82d6d66a1bd5170e
resnet,clean_only,17,bandpass_n20003_cRA_LA_LL_covariance_s15,phase2/results/predictions/full/clean_only/resnet/seed_17/bandpass_n20003_cRA_LA_LL_covariance_s15.npz,76333,d4e89dfe7d2cb2a24156eab36f14942cf75215d9633af806ee347065923414f7
resnet,clean_only,17,bandpass_n20003_cRA_LA_LL_covariance_s10,phase2/results/predictions/full/clean_only/resnet/seed_17/bandpass_n20003_cRA_LA_LL_covariance_s10.npz,76167,a723af3545535e0be61c2522a3d770d5b8ba2e2fa78ac6d6bf84279e78259f9d
resnet,clean_only,17,bandpass_n20003_cRA_LA_LL_covariance_s5,phase2/results/predictions/full/clean_only/resnet/seed_17/bandpass_n20003_cRA_LA_LL_covariance_s5.npz,75823,54438c62922a4c85cd562b2a89d0e9e3031f5345a997b70c5e26e69141c77397
resnet,clean_only,17,bandpass_n20003_cRA_LA_LL_covariance_s0,phase2/results/predictions/full/clean_only/resnet/seed_17/bandpass_n20003_cRA_LA_LL_covariance_s0.npz,75472,3c8f92955d028226616ef371e9ebfb979eebcea974154098ae3de732cd3e42d7
resnet,clean_only,17,bandpass_n20003_cV1_independent_rms_s20,phase2/results/predictions/full/clean_only/resnet/seed_17/bandpass_n20003_cV1_independent_rms_s20.npz,76459,7b577ff2afcf2d6b4d44af3af047b3455c0118b04fc8ade4adf1e0a52786ded5
resnet,clean_only,17,bandpass_n20003_cV1_independent_rms_s15,phase2/results/predictions/full/clean_only/resnet/seed_17/bandpass_n20003_cV1_independent_rms_s15.npz,76425,be8521575e85fc101a7d4970beb8221595292a544e47ef8939b8fa6a2b5b5b71
resnet,clean_only,17,bandpass_n20003_cV1_independent_rms_s10,phase2/results/predictions/full/clean_only/resnet/seed_17/bandpass_n20003_cV1_independent_rms_s10.npz,76299,256642a76e3849c6f535d0dd94e44db0faf116c4535042e954b12f3393134118
resnet,clean_only,17,bandpass_n20003_cV1_independent_rms_s5,phase2/results/predictions/full/clean_only/resnet/seed_17/bandpass_n20003_cV1_independent_rms_s5.npz,76062,84716dbf8f3b427276986088ea74b2b9173fa89a67f542b8bc7467e5ed02b4d7
resnet,clean_only,17,bandpass_n20003_cV1_independent_rms_s0,phase2/results/predictions/full/clean_only/resnet/seed_17/bandpass_n20003_cV1_independent_rms_s0.npz,75794,f292ec63bce7ac9ee9d75bd39f331a34a81f65dc7ed0c1362d68204d518033c7
resnet,clean_only,17,bandpass_n20003_cV1_electrode_s20,phase2/results/predictions/full/clean_only/resnet/seed_17/bandpass_n20003_cV1_electrode_s20.npz,76428,ad810cfe15f2f009aa1fbdc45d74dfbe8b649cfe81a4f1f35b80b2546632772a
resnet,clean_only,17,bandpass_n20003_cV1_electrode_s15,phase2/results/predictions/full/clean_only/resnet/seed_17/bandpass_n20003_cV1_electrode_s15.npz,76377,ac6557833289f6766ed2fa13411ba459ac670ad44426a4d185398ccfc4124548
resnet,clean_only,17,bandpass_n20003_cV1_electrode_s10,phase2/results/predictions/full/clean_only/resnet/seed_17/bandpass_n20003_cV1_electrode_s10.npz,76286,8d7f79d746589d2e03a38090c8203b57dafec198e91cfb02ee887260044ee478
resnet,clean_only,17,bandpass_n20003_cV1_electrode_s5,phase2/results/predictions/full/clean_only/resnet/seed_17/bandpass_n20003_cV1_electrode_s5.npz,76055,41f3805602b4e99f4eea21dbd494e139690031277d417e2654b32c414f69032c
resnet,clean_only,17,bandpass_n20003_cV1_electrode_s0,phase2/results/predictions/full/clean_only/resnet/seed_17/bandpass_n20003_cV1_electrode_s0.npz,75801,38c631d47b938f14d32e5802782ccd92dcc5caec00f1e2f16a63dc36370f8ac9
resnet,clean_only,17,bandpass_n20003_cV1_covariance_s20,phase2/results/predictions/full/clean_only/resnet/seed_17/bandpass_n20003_cV1_covariance_s20.npz,76481,f4581fb42e073aa34b8adc7ebd7ab1e908f87e5435b028674a0fad988f590ea4
resnet,clean_only,17,bandpass_n20003_cV1_covariance_s15,phase2/results/predictions/full/clean_only/resnet/seed_17/bandpass_n20003_cV1_covariance_s15.npz,76417,f7dbc075fe3a2f254b7c63ad1745db63e00a5c7851f66b4bb13c4ec460200a81
resnet,clean_only,17,bandpass_n20003_cV1_covariance_s10,phase2/results/predictions/full/clean_only/resnet/seed_17/bandpass_n20003_cV1_covariance_s10.npz,76311,8c9b6d461d0d906026cccc890d997e0cf33b84c1a68212d1a116c865f8841ff3
resnet,clean_only,17,bandpass_n20003_cV1_covariance_s5,phase2/results/predictions/full/clean_only/resnet/seed_17/bandpass_n20003_cV1_covariance_s5.npz,76092,40a0f5e821dc35466869b93d28f21986bf6c4d5173d17a1d3432c364992fe8e6
resnet,clean_only,17,bandpass_n20003_cV1_covariance_s0,phase2/results/predictions/full/clean_only/resnet/seed_17/bandpass_n20003_cV1_covariance_s0.npz,75755,60cbbfc74988a347faf9216c5e8f297a88d95c51e1971fe89cf9e437af572771
resnet,clean_only,17,bandpass_n20003_cV2_independent_rms_s20,phase2/results/predictions/full/clean_only/resnet/seed_17/bandpass_n20003_cV2_independent_rms_s20.npz,76484,4eb701807d06dc09f333ce57a84da2e3fc3bfeb3325931c6186d9241dd3b3283
resnet,clean_only,17,bandpass_n20003_cV2_independent_rms_s15,phase2/results/predictions/full/clean_only/resnet/seed_17/bandpass_n20003_cV2_independent_rms_s15.npz,76406,62ff4b8350a30e8e8c491dc091f6539ff6445c55f36c05336a7487895a5d05db
resnet,clean_only,17,bandpass_n20003_cV2_independent_rms_s10,phase2/results/predictions/full/clean_only/resnet/seed_17/bandpass_n20003_cV2_independent_rms_s10.npz,76310,5deb7b5fc3d501b02229e15cc46847c580a0da8813125ab43b2ec01e75b14980
resnet,clean_only,17,bandpass_n20003_cV2_independent_rms_s5,phase2/results/predictions/full/clean_only/resnet/seed_17/bandpass_n20003_cV2_independent_rms_s5.npz,76040,1218cf27bd66433efe516e727be99bd9f417a85cc46acdf7bc1281646156dcf6
resnet,clean_only,17,bandpass_n20003_cV2_independent_rms_s0,phase2/results/predictions/full/clean_only/resnet/seed_17/bandpass_n20003_cV2_independent_rms_s0.npz,75642,183ba7e624d414ccd6cad6ce50f484d3ec5ffe141ad3c129f05fc665952b7b61
resnet,clean_only,17,bandpass_n20003_cV2_electrode_s20,phase2/results/predictions/full/clean_only/resnet/seed_17/bandpass_n20003_cV2_electrode_s20.npz,76449,bf29ca07cbe5f4ae46fa65ead49f9177d25188a1db30249501737207eab681db
resnet,clean_only,17,bandpass_n20003_cV2_electrode_s15,phase2/results/predictions/full/clean_only/resnet/seed_17/bandpass_n20003_cV2_electrode_s15.npz,76393,8319e2722052d729aaf94197a61c4407a35e99c806ce4e7009f58ded83eaf7f3
resnet,clean_only,17,bandpass_n20003_cV2_electrode_s10,phase2/results/predictions/full/clean_only/resnet/seed_17/bandpass_n20003_cV2_electrode_s10.npz,76264,7168605db786db1b634348f524bd6832accd6e5822afda12f77b2d0a03dd27e4
resnet,clean_only,17,bandpass_n20003_cV2_electrode_s5,phase2/results/predictions/full/clean_only/resnet/seed_17/bandpass_n20003_cV2_electrode_s5.npz,76043,6ea08c50178b7bfd6165f5e6247b0d38f9a525d8dad65d507e8be3f1b35f1667
resnet,clean_only,17,bandpass_n20003_cV2_electrode_s0,phase2/results/predictions/full/clean_only/resnet/seed_17/bandpass_n20003_cV2_electrode_s0.npz,75654,994337a74e6277ffaec36c647df0677977cdf6a5839e03378a68c3a8472ee185
resnet,clean_only,17,bandpass_n20003_cV2_covariance_s20,phase2/results/predictions/full/clean_only/resnet/seed_17/bandpass_n20003_cV2_covariance_s20.npz,76447,aa1c71150b408d702274feadca3a3b573a46cdbf36f2740bdab0b23bda8d67bf
resnet,clean_only,17,bandpass_n20003_cV2_covariance_s15,phase2/results/predictions/full/clean_only/resnet/seed_17/bandpass_n20003_cV2_covariance_s15.npz,76402,5c141dcc01d51a70d87f70b504403f4577c7e92ea9481a1c422f5a125ddf3e7a
resnet,clean_only,17,bandpass_n20003_cV2_covariance_s10,phase2/results/predictions/full/clean_only/resnet/seed_17/bandpass_n20003_cV2_covariance_s10.npz,76303,31047cd7a6cf14de4510cf9a7ff2fc44b576a580779a5c552a01d27aac5ac24e
resnet,clean_only,17,bandpass_n20003_cV2_covariance_s5,phase2/results/predictions/full/clean_only/resnet/seed_17/bandpass_n20003_cV2_covariance_s5.npz,76023,5d89bea769b16ebb38bef5e480149e05676f84411365a392529eed13a480193c
resnet,clean_only,17,bandpass_n20003_cV2_covariance_s0,phase2/results/predictions/full/clean_only/resnet/seed_17/bandpass_n20003_cV2_covariance_s0.npz,75670,8448bd33028c2321054e97f3be2b060748d636d7d67c064026ba98817f8605a6
resnet,clean_only,17,bandpass_n20003_cV3_independent_rms_s20,phase2/results/predictions/full/clean_only/resnet/seed_17/bandpass_n20003_cV3_independent_rms_s20.npz,76483,da106709067c04eaa986ea9bcdd00caf06851281a5b3475032361ae4fe6ab26c
resnet,clean_only,17,bandpass_n20003_cV3_independent_rms_s15,phase2/results/predictions/full/clean_only/resnet/seed_17/bandpass_n20003_cV3_independent_rms_s15.npz,76384,3d76a4c6c5d93efc82ec2a8075a51bc4d6e62cea96db3a7db2bda38ef3532537
resnet,clean_only,17,bandpass_n20003_cV3_independent_rms_s10,phase2/results/predictions/full/clean_only/resnet/seed_17/bandpass_n20003_cV3_independent_rms_s10.npz,76283,e52ce15118c8785154c136e6b71b5db2d0e893e3e03bf132aca76f3d763d7b24
resnet,clean_only,17,bandpass_n20003_cV3_independent_rms_s5,phase2/results/predictions/full/clean_only/resnet/seed_17/bandpass_n20003_cV3_independent_rms_s5.npz,76001,c0526fb2bd9d0c58ca59dbb6fa5d22b8db0ad095143ba3d7182533a4cb461646
resnet,clean_only,17,bandpass_n20003_cV3_independent_rms_s0,phase2/results/predictions/full/clean_only/resnet/seed_17/bandpass_n20003_cV3_independent_rms_s0.npz,75497,01591cf7ba2575513d993cab3916f421595e762141c133b44a56461f2c748a23
resnet,clean_only,17,bandpass_n20003_cV3_electrode_s20,phase2/results/predictions/full/clean_only/resnet/seed_17/bandpass_n20003_cV3_electrode_s20.npz,76428,4126b0f0e5fc3c8685913b95e77361cdcd82195a9797f1f5353227d059a2a3a3
resnet,clean_only,17,bandpass_n20003_cV3_electrode_s15,phase2/results/predictions/full/clean_only/resnet/seed_17/bandpass_n20003_cV3_electrode_s15.npz,76422,e4087db96744d7096bc7f1d306b9c4bd0bf8f704256441620d51f708d6c039e6
resnet,clean_only,17,bandpass_n20003_cV3_electrode_s10,phase2/results/predictions/full/clean_only/resnet/seed_17/bandpass_n20003_cV3_electrode_s10.npz,76255,9544c385ef2123b2215cc910c9adc7144b23f7e2dc49a1cb2067b56ed08769a6
resnet,clean_only,17,bandpass_n20003_cV3_electrode_s5,phase2/results/predictions/full/clean_only/resnet/seed_17/bandpass_n20003_cV3_electrode_s5.npz,75998,fe3a46eeb5407c5dd78e2df273f21441c2805c62048f0be4c52328f9d7818b99
resnet,clean_only,17,bandpass_n20003_cV3_electrode_s0,phase2/results/predictions/full/clean_only/resnet/seed_17/bandpass_n20003_cV3_electrode_s0.npz,75514,9764d27db2d0538fe1fe5c2ce1a651e633c6588c987f529b20377f95082d522a
resnet,clean_only,17,bandpass_n20003_cV3_covariance_s20,phase2/results/predictions/full/clean_only/resnet/seed_17/bandpass_n20003_cV3_covariance_s20.npz,76459,c56f598a15d9fb23c55a0d247cb05f6ba1ee6632aeceee59a764d1efaf275cb0
resnet,clean_only,17,bandpass_n20003_cV3_covariance_s15,phase2/results/predictions/full/clean_only/resnet/seed_17/bandpass_n20003_cV3_covariance_s15.npz,76398,12c87269620bd3125bea82295240a4dc0b613bc119bc43a84b4dfeaeda6233d3
resnet,clean_only,17,bandpass_n20003_cV3_covariance_s10,phase2/results/predictions/full/clean_only/resnet/seed_17/bandpass_n20003_cV3_covariance_s10.npz,76262,4f18093b83ffd7a8edb84caf965406c063f99dde392d8f94661c55ee9c74bca9
resnet,clean_only,17,bandpass_n20003_cV3_covariance_s5,phase2/results/predictions/full/clean_only/resnet/seed_17/bandpass_n20003_cV3_covariance_s5.npz,76006,09a481fccad9a34be269d64ff264dcd1afe08e9d97428ed2bccb7194bf7005f6
resnet,clean_only,17,bandpass_n20003_cV3_covariance_s0,phase2/results/predictions/full/clean_only/resnet/seed_17/bandpass_n20003_cV3_covariance_s0.npz,75539,66e7473b3ed7b90c2e6f27afac9dbc291f03f662be293c741ba85901f2047fa5
resnet,clean_only,17,bandpass_n20003_cV4_independent_rms_s20,phase2/results/predictions/full/clean_only/resnet/seed_17/bandpass_n20003_cV4_independent_rms_s20.npz,76500,fba0164699eeda38df3a1cd3b1990dd64ee2379e21197b288b12c6e515ec7a6d
resnet,clean_only,17,bandpass_n20003_cV4_independent_rms_s15,phase2/results/predictions/full/clean_only/resnet/seed_17/bandpass_n20003_cV4_independent_rms_s15.npz,76446,a6f85c0bb8107d9a771f5033ff65450c61ab85bf52e684bf66e4db8d4677d91e
resnet,clean_only,17,bandpass_n20003_cV4_independent_rms_s10,phase2/results/predictions/full/clean_only/resnet/seed_17/bandpass_n20003_cV4_independent_rms_s10.npz,76373,b47b9c77c2ed214a87800acea883991667e85beced89e41007c1ced39c8fec29
resnet,clean_only,17,bandpass_n20003_cV4_independent_rms_s5,phase2/results/predictions/full/clean_only/resnet/seed_17/bandpass_n20003_cV4_independent_rms_s5.npz,76193,3271b58eeefe086b8067e94cd7943f07ab414f539b39c73e948ec1ce335b7e2a
resnet,clean_only,17,bandpass_n20003_cV4_independent_rms_s0,phase2/results/predictions/full/clean_only/resnet/seed_17/bandpass_n20003_cV4_independent_rms_s0.npz,75886,89b9337204d19f4d77ea00188db13b8cc03a29361b8781756095a796b05b03b7
resnet,clean_only,17,bandpass_n20003_cV4_electrode_s20,phase2/results/predictions/full/clean_only/resnet/seed_17/bandpass_n20003_cV4_electrode_s20.npz,76450,cbda21b3b907eb3bd37a73458f3f4b23911b4d56a6a84d6dd72aa9417c009601
resnet,clean_only,17,bandpass_n20003_cV4_electrode_s15,phase2/results/predictions/full/clean_only/resnet/seed_17/bandpass_n20003_cV4_electrode_s15.npz,76448,1a7e1ac9b571f6f870d8450926129bb2c298b3293f725d68a0b7c7556607f7f4
resnet,clean_only,17,bandpass_n20003_cV4_electrode_s10,phase2/results/predictions/full/clean_only/resnet/seed_17/bandpass_n20003_cV4_electrode_s10.npz,76360,1a72b516e59c61096aa7c0c79325edb0f3135837d7646b74ec1c2b0914bfa822
resnet,clean_only,17,bandpass_n20003_cV4_electrode_s5,phase2/results/predictions/full/clean_only/resnet/seed_17/bandpass_n20003_cV4_electrode_s5.npz,76160,c30db59381d7ca66ec0ee50641af650dbaf058120b52d1d032e9bf2a9f49bb00
resnet,clean_only,17,bandpass_n20003_cV4_electrode_s0,phase2/results/predictions/full/clean_only/resnet/seed_17/bandpass_n20003_cV4_electrode_s0.npz,75913,1509f95d0e53d04fa24af043ef98c9c4a0b0c42f72afd511ade8d3d15081deb8
resnet,clean_only,17,bandpass_n20003_cV4_covariance_s20,phase2/results/predictions/full/clean_only/resnet/seed_17/bandpass_n20003_cV4_covariance_s20.npz,76432,5805d175b710b76c6ac46d2c1729eee5d5fff15286c8c0cfd05508252a6968df
resnet,clean_only,17,bandpass_n20003_cV4_covariance_s15,phase2/results/predictions/full/clean_only/resnet/seed_17/bandpass_n20003_cV4_covariance_s15.npz,76440,1848c90022808b18ed365e1f6346aa55bec79641dc2f6c926a081edcfbef0b79
resnet,clean_only,17,bandpass_n20003_cV4_covariance_s10,phase2/results/predictions/full/clean_only/resnet/seed_17/bandpass_n20003_cV4_covariance_s10.npz,76357,f8c86ba087e05de6fc405714fd4ccc0c5b2f53d946839cbdef148012ccca9849
resnet,clean_only,17,bandpass_n20003_cV4_covariance_s5,phase2/results/predictions/full/clean_only/resnet/seed_17/bandpass_n20003_cV4_covariance_s5.npz,76183,98f1c3e38555a75d96333feab1a647b7c2f390bdd34a514b39a76dee13052828
resnet,clean_only,17,bandpass_n20003_cV4_covariance_s0,phase2/results/predictions/full/clean_only/resnet/seed_17/bandpass_n20003_cV4_covariance_s0.npz,75897,8fc76900b756f073d78e57d491a0e999a0eeb9388b4fcf5aea5340e24863c51b
resnet,clean_only,17,bandpass_n20003_cV5_independent_rms_s20,phase2/results/predictions/full/clean_only/resnet/seed_17/bandpass_n20003_cV5_independent_rms_s20.npz,76465,917aa8d45d49765df6c1e8363ece282c706ae54c9cc28187837e65fe7d952c0d
resnet,clean_only,17,bandpass_n20003_cV5_independent_rms_s15,phase2/results/predictions/full/clean_only/resnet/seed_17/bandpass_n20003_cV5_independent_rms_s15.npz,76411,c6b3acece543847ad0572cabeb7e027ab2abf6b527930d3adde50dad261ab95b
resnet,clean_only,17,bandpass_n20003_cV5_independent_rms_s10,phase2/results/predictions/full/clean_only/resnet/seed_17/bandpass_n20003_cV5_independent_rms_s10.npz,76314,4b3ba5017958c1e8df73e3094e24dacfaf011c200c7b84d9ab15c2493dcc2cb1
resnet,clean_only,17,bandpass_n20003_cV5_independent_rms_s5,phase2/results/predictions/full/clean_only/resnet/seed_17/bandpass_n20003_cV5_independent_rms_s5.npz,76057,5fdef231421cd067a63e1883ec9b58d5803b82d13b68e98e8b9a8898e61b4664
resnet,clean_only,17,bandpass_n20003_cV5_independent_rms_s0,phase2/results/predictions/full/clean_only/resnet/seed_17/bandpass_n20003_cV5_independent_rms_s0.npz,75585,ecf65fa3ef0a074cbbab0e73b6196c6d214254c761fec2d1b49b24233daaa91e
resnet,clean_only,17,bandpass_n20003_cV5_electrode_s20,phase2/results/predictions/full/clean_only/resnet/seed_17/bandpass_n20003_cV5_electrode_s20.npz,76454,2ebdb4909ac52b98b90b86e56d9ad4d7506918628eec81282f47fcb5a57a52bc
resnet,clean_only,17,bandpass_n20003_cV5_electrode_s15,phase2/results/predictions/full/clean_only/resnet/seed_17/bandpass_n20003_cV5_electrode_s15.npz,76393,20d1b394adfb0313de8c5f39ecf4bae9894f65b3561b4bf4b2472884d4ecc3cb
resnet,clean_only,17,bandpass_n20003_cV5_electrode_s10,phase2/results/predictions/full/clean_only/resnet/seed_17/bandpass_n20003_cV5_electrode_s10.npz,76271,751361cd80504b5d18384d431ecc3ecdc17b74cb5ab6a42fd77f8674a904a620
resnet,clean_only,17,bandpass_n20003_cV5_electrode_s5,phase2/results/predictions/full/clean_only/resnet/seed_17/bandpass_n20003_cV5_electrode_s5.npz,76036,64802e441481fc2912b96281d0b814451214f6230719ec8215436a7252af8237
resnet,clean_only,17,bandpass_n20003_cV5_electrode_s0,phase2/results/predictions/full/clean_only/resnet/seed_17/bandpass_n20003_cV5_electrode_s0.npz,75592,8806e742504bd76b9fae293b507efdf0d8df0f8b799a75b86705244756d39ad9
resnet,clean_only,17,bandpass_n20003_cV5_covariance_s20,phase2/results/predictions/full/clean_only/resnet/seed_17/bandpass_n20003_cV5_covariance_s20.npz,76466,12b7c224561db645450f5019b2dd6b3114e65329afdd8f2a3607db38b85dce0c
resnet,clean_only,17,bandpass_n20003_cV5_covariance_s15,phase2/results/predictions/full/clean_only/resnet/seed_17/bandpass_n20003_cV5_covariance_s15.npz,76424,93526e43b84dc5875fcb960385f4ce5582bb61f41e2e6602ab0f672fb2fc8214
resnet,clean_only,17,bandpass_n20003_cV5_covariance_s10,phase2/results/predictions/full/clean_only/resnet/seed_17/bandpass_n20003_cV5_covariance_s10.npz,76296,0fa81729acd6d08dfbb1a9013ef73258679be59a7e6bb1aa4e8f5bc248472bca
resnet,clean_only,17,bandpass_n20003_cV5_covariance_s5,phase2/results/predictions/full/clean_only/resnet/seed_17/bandpass_n20003_cV5_covariance_s5.npz,76009,c9e92b12f3f64dbbd0c88cb290861c702031b83743f888b9604efa5756c7cba7
resnet,clean_only,17,bandpass_n20003_cV5_covariance_s0,phase2/results/predictions/full/clean_only/resnet/seed_17/bandpass_n20003_cV5_covariance_s0.npz,75600,0553d78c1fa714317db050392eb7e099458fdf23ff022af88386b73e0538d080
resnet,clean_only,17,bandpass_n20003_cV6_independent_rms_s20,phase2/results/predictions/full/clean_only/resnet/seed_17/bandpass_n20003_cV6_independent_rms_s20.npz,76468,3a394fe9ab9eb339cc087cc39a332a6087c207d7536d04dbcb88497a37d977a1
resnet,clean_only,17,bandpass_n20003_cV6_independent_rms_s15,phase2/results/predictions/full/clean_only/resnet/seed_17/bandpass_n20003_cV6_independent_rms_s15.npz,76385,e67f8c49add544b66609b29b3b811b23031053eeba3d4c1884dd9846b5dad94c
resnet,clean_only,17,bandpass_n20003_cV6_independent_rms_s10,phase2/results/predictions/full/clean_only/resnet/seed_17/bandpass_n20003_cV6_independent_rms_s10.npz,76255,95ccacbf1d013e4357075cd430f5e3008888d3c84aa987c7638489fb8b04bc76
resnet,clean_only,17,bandpass_n20003_cV6_independent_rms_s5,phase2/results/predictions/full/clean_only/resnet/seed_17/bandpass_n20003_cV6_independent_rms_s5.npz,75973,ac2885a8402be3df8fdd575fe1c02178d02251cd636653900c7bc3b9d5afdef0
resnet,clean_only,17,bandpass_n20003_cV6_independent_rms_s0,phase2/results/predictions/full/clean_only/resnet/seed_17/bandpass_n20003_cV6_independent_rms_s0.npz,75544,0bf3d690cde9ad0e1601a6491b73f45c49d19999bf1351be36e79036e2a67556
resnet,clean_only,17,bandpass_n20003_cV6_electrode_s20,phase2/results/predictions/full/clean_only/resnet/seed_17/bandpass_n20003_cV6_electrode_s20.npz,76440,61dfbfc62c6fc371b95e8bfe94422480a6d0bae29b0bf9500f44ac7e39e49bd3
resnet,clean_only,17,bandpass_n20003_cV6_electrode_s15,phase2/results/predictions/full/clean_only/resnet/seed_17/bandpass_n20003_cV6_electrode_s15.npz,76390,cbfa1a42dafd0d48bc371c7c0c1dff995f097fed603f95730edbe61320f90349
resnet,clean_only,17,bandpass_n20003_cV6_electrode_s10,phase2/results/predictions/full/clean_only/resnet/seed_17/bandpass_n20003_cV6_electrode_s10.npz,76251,a15c6839d1120aaf4a3640639494a3d1c56e64d284881626b6b1160811c7f622
resnet,clean_only,17,bandpass_n20003_cV6_electrode_s5,phase2/results/predictions/full/clean_only/resnet/seed_17/bandpass_n20003_cV6_electrode_s5.npz,75948,c97c46b3a49f9a2b48a6aca9d74ff9c1e92bf94cf4a4af91a6717c1625f146fb
resnet,clean_only,17,bandpass_n20003_cV6_electrode_s0,phase2/results/predictions/full/clean_only/resnet/seed_17/bandpass_n20003_cV6_electrode_s0.npz,75578,8e0115243911392795da957c10f14861d8dfbd2204d7f1cb9940cfc8e1dad5db
resnet,clean_only,17,bandpass_n20003_cV6_covariance_s20,phase2/results/predictions/full/clean_only/resnet/seed_17/bandpass_n20003_cV6_covariance_s20.npz,76449,afcc249ba59093a72b86e2922a9c596a18ed62d49cae21e81a03bd132b065f08
resnet,clean_only,17,bandpass_n20003_cV6_covariance_s15,phase2/results/predictions/full/clean_only/resnet/seed_17/bandpass_n20003_cV6_covariance_s15.npz,76402,eb08631100973ee06c53e33d5a3d5af36d9ad190770a0470064f4dc0383bd843
resnet,clean_only,17,bandpass_n20003_cV6_covariance_s10,phase2/results/predictions/full/clean_only/resnet/seed_17/bandpass_n20003_cV6_covariance_s10.npz,76263,1db2948cb73fee6ff8b36e2242e18e8cc87e9dfbc6f7ce36348d92f5a06d3d76
resnet,clean_only,17,bandpass_n20003_cV6_covariance_s5,phase2/results/predictions/full/clean_only/resnet/seed_17/bandpass_n20003_cV6_covariance_s5.npz,75934,8a6403778dd36fd178ee62d311f7520a4a0c4fabd314d14cdd20fa3bdacefbb9
resnet,clean_only,17,bandpass_n20003_cV6_covariance_s0,phase2/results/predictions/full/clean_only/resnet/seed_17/bandpass_n20003_cV6_covariance_s0.npz,75571,049ecadf8b900e323f874d1d6d6d7aa38051a7682a2e0535688607416a29bc93
resnet,clean_only,17,bandpass_n20003_cRA_LA_independent_rms_s20,phase2/results/predictions/full/clean_only/resnet/seed_17/bandpass_n20003_cRA_LA_independent_rms_s20.npz,76479,845435d68d5c25d0c2af173f4b280ef998786a820e42c5ae97ab50c7ab3f7d8b
resnet,clean_only,17,bandpass_n20003_cRA_LA_independent_rms_s15,phase2/results/predictions/full/clean_only/resnet/seed_17/bandpass_n20003_cRA_LA_independent_rms_s15.npz,76420,f7cb635166f2a10fc890a095f46d7ad237850c5c6061d758d45376a0f85fc472
resnet,clean_only,17,bandpass_n20003_cRA_LA_independent_rms_s10,phase2/results/predictions/full/clean_only/resnet/seed_17/bandpass_n20003_cRA_LA_independent_rms_s10.npz,76266,dd4db9d5a873cc608268d1df2e5395d2d3e6d16efb4c84aab85d9d1c86179f84
resnet,clean_only,17,bandpass_n20003_cRA_LA_independent_rms_s5,phase2/results/predictions/full/clean_only/resnet/seed_17/bandpass_n20003_cRA_LA_independent_rms_s5.npz,75946,2f6d401ff2216049a94df9dfb8402682bb4220ed51a23cb09b75a60d4a28a962
resnet,clean_only,17,bandpass_n20003_cRA_LA_independent_rms_s0,phase2/results/predictions/full/clean_only/resnet/seed_17/bandpass_n20003_cRA_LA_independent_rms_s0.npz,75545,0b066109e5c4be0f217c97a792eccb991f885417ca84a3ec383e7962067fb9cc
resnet,clean_only,17,bandpass_n20003_cRA_LA_electrode_s20,phase2/results/predictions/full/clean_only/resnet/seed_17/bandpass_n20003_cRA_LA_electrode_s20.npz,76464,04d0df9a23feadd78c0daa192dcccdb66b82191d3ed3a0576cc8234793d9978e
resnet,clean_only,17,bandpass_n20003_cRA_LA_electrode_s15,phase2/results/predictions/full/clean_only/resnet/seed_17/bandpass_n20003_cRA_LA_electrode_s15.npz,76351,564a52bda91023f6b06453a94d0aa55c691cfdfab7d68b2d6e598e8102c270a9
resnet,clean_only,17,bandpass_n20003_cRA_LA_electrode_s10,phase2/results/predictions/full/clean_only/resnet/seed_17/bandpass_n20003_cRA_LA_electrode_s10.npz,76198,a77317a4ace7ccfd644002cc8b9efe99eaddb73f59dfbfe9afa25014a0c21dc7
resnet,clean_only,17,bandpass_n20003_cRA_LA_electrode_s5,phase2/results/predictions/full/clean_only/resnet/seed_17/bandpass_n20003_cRA_LA_electrode_s5.npz,75847,deaef9e9831b72e044d16f89cd0a6634234ea6028f91d8f99843d164de9b0a3d
resnet,clean_only,17,bandpass_n20003_cRA_LA_electrode_s0,phase2/results/predictions/full/clean_only/resnet/seed_17/bandpass_n20003_cRA_LA_electrode_s0.npz,75469,1084f8e3c62754b640364c0ef0a9008770c747145541f9d544365120cacea302
resnet,clean_only,17,bandpass_n20003_cRA_LA_covariance_s20,phase2/results/predictions/full/clean_only/resnet/seed_17/bandpass_n20003_cRA_LA_covariance_s20.npz,76472,0aa0cf4feb33c29caae91f692c91975b9510805d73ee69c747736eb253754189
resnet,clean_only,17,bandpass_n20003_cRA_LA_covariance_s15,phase2/results/predictions/full/clean_only/resnet/seed_17/bandpass_n20003_cRA_LA_covariance_s15.npz,76384,3bf917ae12f22378dd17c3887212a881e2b8db311bed5d54da8c56514b7d2058
resnet,clean_only,17,bandpass_n20003_cRA_LA_covariance_s10,phase2/results/predictions/full/clean_only/resnet/seed_17/bandpass_n20003_cRA_LA_covariance_s10.npz,76198,72f8737b9449fbe0c686fd22d243cdf7a38470ebed99d81da2bfc4777d62cc31
resnet,clean_only,17,bandpass_n20003_cRA_LA_covariance_s5,phase2/results/predictions/full/clean_only/resnet/seed_17/bandpass_n20003_cRA_LA_covariance_s5.npz,75877,671ce8c1207e8f2bd492e6217b22ecdbbeac674f7b7feb2fcbe6aa79024a3e4a
resnet,clean_only,17,bandpass_n20003_cRA_LA_covariance_s0,phase2/results/predictions/full/clean_only/resnet/seed_17/bandpass_n20003_cRA_LA_covariance_s0.npz,75491,aaff1b0bb108dd9e666b3d0e85dd329e399a3f43024c43b7d7c2a5171bb29d1f
resnet,clean_only,17,bandpass_n20003_cLA_LL_independent_rms_s20,phase2/results/predictions/full/clean_only/resnet/seed_17/bandpass_n20003_cLA_LL_independent_rms_s20.npz,76461,485d777b3e9d08320b54825e9948a95e5d727c05fa1ff128b35e18e478ce4483
resnet,clean_only,17,bandpass_n20003_cLA_LL_independent_rms_s15,phase2/results/predictions/full/clean_only/resnet/seed_17/bandpass_n20003_cLA_LL_independent_rms_s15.npz,76406,111f5d6e6e56471ce129f520e6ed2d8fbc893c6b984413285646f37fb6dafda4
resnet,clean_only,17,bandpass_n20003_cLA_LL_independent_rms_s10,phase2/results/predictions/full/clean_only/resnet/seed_17/bandpass_n20003_cLA_LL_independent_rms_s10.npz,76249,4011d29c806b842ccf61aa866a9b4ab7c77263a83c72b5b2c23c36c783efc707
resnet,clean_only,17,bandpass_n20003_cLA_LL_independent_rms_s5,phase2/results/predictions/full/clean_only/resnet/seed_17/bandpass_n20003_cLA_LL_independent_rms_s5.npz,75969,94ab6a001fe0bcd7e59835b216623fecebb4bfaf22d4060772d54c1fe6e03bd0
resnet,clean_only,17,bandpass_n20003_cLA_LL_independent_rms_s0,phase2/results/predictions/full/clean_only/resnet/seed_17/bandpass_n20003_cLA_LL_independent_rms_s0.npz,75515,4cbad24a8d2cdef78c82855a726513f8dc2493745db65920ee7e8929a60262d1
resnet,clean_only,17,bandpass_n20003_cLA_LL_electrode_s20,phase2/results/predictions/full/clean_only/resnet/seed_17/bandpass_n20003_cLA_LL_electrode_s20.npz,76405,a117293922cbed8715e4145eef93af05117bb50d0d086aed8b895c1bea199477
resnet,clean_only,17,bandpass_n20003_cLA_LL_electrode_s15,phase2/results/predictions/full/clean_only/resnet/seed_17/bandpass_n20003_cLA_LL_electrode_s15.npz,76355,d37763f03a4ce08c0b97ec9975ad41c7c3d802909ffb5a397d5e3fa57ddb7ab4
resnet,clean_only,17,bandpass_n20003_cLA_LL_electrode_s10,phase2/results/predictions/full/clean_only/resnet/seed_17/bandpass_n20003_cLA_LL_electrode_s10.npz,76147,866220073ef749e17017e1fb249928d4e8ec6f14453df2f1296f8e812dbe1a97
resnet,clean_only,17,bandpass_n20003_cLA_LL_electrode_s5,phase2/results/predictions/full/clean_only/resnet/seed_17/bandpass_n20003_cLA_LL_electrode_s5.npz,75824,b6b53ffdc85da9fec4fd875dab7814e48d8a5de3af1d69ca2119461d3bcbe861
resnet,clean_only,17,bandpass_n20003_cLA_LL_electrode_s0,phase2/results/predictions/full/clean_only/resnet/seed_17/bandpass_n20003_cLA_LL_electrode_s0.npz,75440,558978b13d054f29ac6e89cd6a0dd891676e703c6f76c7b9eed923e2896c2186
resnet,clean_only,17,bandpass_n20003_cLA_LL_covariance_s20,phase2/results/predictions/full/clean_only/resnet/seed_17/bandpass_n20003_cLA_LL_covariance_s20.npz,76443,6b28427f8a3356281d2af6e2c9301da6766539eccafeaee740e54151c20ba4b2
resnet,clean_only,17,bandpass_n20003_cLA_LL_covariance_s15,phase2/results/predictions/full/clean_only/resnet/seed_17/bandpass_n20003_cLA_LL_covariance_s15.npz,76361,aef1c50e5f2cd03f5b4431b91d9d5805165d6df56a90ccf1f5903e0678078536
resnet,clean_only,17,bandpass_n20003_cLA_LL_covariance_s10,phase2/results/predictions/full/clean_only/resnet/seed_17/bandpass_n20003_cLA_LL_covariance_s10.npz,76160,4aed927a4bd54541960f7d4eee779906d83ef2fe8d2d985034c1f0b366dc0cb5
resnet,clean_only,17,bandpass_n20003_cLA_LL_covariance_s5,phase2/results/predictions/full/clean_only/resnet/seed_17/bandpass_n20003_cLA_LL_covariance_s5.npz,75840,a74d112bacceea6621dda9ec463fad10ec6058e5feff120cc26eb3aeccc94663
resnet,clean_only,17,bandpass_n20003_cLA_LL_covariance_s0,phase2/results/predictions/full/clean_only/resnet/seed_17/bandpass_n20003_cLA_LL_covariance_s0.npz,75447,1b05289e6aa06df4a894eef046f6f2897f5b644ec4608ca0b6bab0a7d8f41d20
resnet,clean_only,17,bandpass_n20003_cRA_LL_independent_rms_s20,phase2/results/predictions/full/clean_only/resnet/seed_17/bandpass_n20003_cRA_LL_independent_rms_s20.npz,76483,dd90788a26644bfb69ed6a29c91a142ae1919c109740c57e4ec3e16401f7f8da
resnet,clean_only,17,bandpass_n20003_cRA_LL_independent_rms_s15,phase2/results/predictions/full/clean_only/resnet/seed_17/bandpass_n20003_cRA_LL_independent_rms_s15.npz,76390,cacbcb2b0b16f883a510c326a8ae5f1f811a4b4ae1f3dd92c7e7106a88d64bda
resnet,clean_only,17,bandpass_n20003_cRA_LL_independent_rms_s10,phase2/results/predictions/full/clean_only/resnet/seed_17/bandpass_n20003_cRA_LL_independent_rms_s10.npz,76249,3b54cbeacd341f291bb31ddb9b5224eb4396086bc33ed405c4116f0cfd24ab2a
resnet,clean_only,17,bandpass_n20003_cRA_LL_independent_rms_s5,phase2/results/predictions/full/clean_only/resnet/seed_17/bandpass_n20003_cRA_LL_independent_rms_s5.npz,75975,011a5d760cf73fd66b597b95b95d435b5db40bc2baf909ef6a959702a1d90439
resnet,clean_only,17,bandpass_n20003_cRA_LL_independent_rms_s0,phase2/results/predictions/full/clean_only/resnet/seed_17/bandpass_n20003_cRA_LL_independent_rms_s0.npz,75528,05bcf11013da477dfbe16c2660a641c6b1b1385d509257b5db200bf594427e36
resnet,clean_only,17,bandpass_n20003_cRA_LL_electrode_s20,phase2/results/predictions/full/clean_only/resnet/seed_17/bandpass_n20003_cRA_LL_electrode_s20.npz,76437,61697edad6d20141b25aba594e6978423cc725ce71f4e9685e3a53cf58a78330
resnet,clean_only,17,bandpass_n20003_cRA_LL_electrode_s15,phase2/results/predictions/full/clean_only/resnet/seed_17/bandpass_n20003_cRA_LL_electrode_s15.npz,76353,d187d0c1e438a4e2a27d374eeecfdd99a64fa96ec25a0b4867c2ffd3a642974e
resnet,clean_only,17,bandpass_n20003_cRA_LL_electrode_s10,phase2/results/predictions/full/clean_only/resnet/seed_17/bandpass_n20003_cRA_LL_electrode_s10.npz,76151,09a1bec81f33ec34c6239ec693668f29999cae97a62847a8cedbe859c46ee964
resnet,clean_only,17,bandpass_n20003_cRA_LL_electrode_s5,phase2/results/predictions/full/clean_only/resnet/seed_17/bandpass_n20003_cRA_LL_electrode_s5.npz,75812,40ea279396bf6a3aed0501fd86cd33e70883267ba69dfaae05c60785740601e0
resnet,clean_only,17,bandpass_n20003_cRA_LL_electrode_s0,phase2/results/predictions/full/clean_only/resnet/seed_17/bandpass_n20003_cRA_LL_electrode_s0.npz,75470,0ddaf0571ebd4346ecc785fa04a198967c7b7d9ff37c7e995f21a6725330c41a
resnet,clean_only,17,bandpass_n20003_cRA_LL_covariance_s20,phase2/results/predictions/full/clean_only/resnet/seed_17/bandpass_n20003_cRA_LL_covariance_s20.npz,76466,3ef6c609af7705dda85d884ab037d8a5e819006669b17fd9d436b82a434d0a89
resnet,clean_only,17,bandpass_n20003_cRA_LL_covariance_s15,phase2/results/predictions/full/clean_only/resnet/seed_17/bandpass_n20003_cRA_LL_covariance_s15.npz,76373,d2826d28e3e054a6e93428dc51d7f20607c11397bdc5626674d2ee78b75d169f
resnet,clean_only,17,bandpass_n20003_cRA_LL_covariance_s10,phase2/results/predictions/full/clean_only/resnet/seed_17/bandpass_n20003_cRA_LL_covariance_s10.npz,76148,8048ced977daeeced90fd194f37e5004002b1b12003cd3fed7f7ffda22cd7624
resnet,clean_only,17,bandpass_n20003_cRA_LL_covariance_s5,phase2/results/predictions/full/clean_only/resnet/seed_17/bandpass_n20003_cRA_LL_covariance_s5.npz,75805,acd10eb02237400ec2f886eda7d280e9b59f38191028e86e7e7cc05f5f949509
resnet,clean_only,17,bandpass_n20003_cRA_LL_covariance_s0,phase2/results/predictions/full/clean_only/resnet/seed_17/bandpass_n20003_cRA_LL_covariance_s0.npz,75513,7ed563a6f5db0a7db53934ca0268a3384504969cb147d6903dc1af61559e4e36
resnet,clean_only,17,bandpass_n20003_cRA_independent_rms_s20,phase2/results/predictions/full/clean_only/resnet/seed_17/bandpass_n20003_cRA_independent_rms_s20.npz,76461,cfe1789c4a50a7ecb5f3a167d2aa4e224395be5b014572a5ff3510a324fe107b
resnet,clean_only,17,bandpass_n20003_cRA_independent_rms_s15,phase2/results/predictions/full/clean_only/resnet/seed_17/bandpass_n20003_cRA_independent_rms_s15.npz,76382,c2214f8d638799d233a315b3d154491855644ece0d46ac31f41e08bf1529dd3e
resnet,clean_only,17,bandpass_n20003_cRA_independent_rms_s10,phase2/results/predictions/full/clean_only/resnet/seed_17/bandpass_n20003_cRA_independent_rms_s10.npz,76264,146de1593e80b336f5088e9570ff222761251abbaefdc7f1610be3505af0d032
resnet,clean_only,17,bandpass_n20003_cRA_independent_rms_s5,phase2/results/predictions/full/clean_only/resnet/seed_17/bandpass_n20003_cRA_independent_rms_s5.npz,75972,d42c41271672cb78161c3a317bff88c809b469862d34648f57988f5802eca3b5
resnet,clean_only,17,bandpass_n20003_cRA_independent_rms_s0,phase2/results/predictions/full/clean_only/resnet/seed_17/bandpass_n20003_cRA_independent_rms_s0.npz,75549,71208e8b765b21b017bb503aa7b0a03cdfec4d8fb5e903334ab76a389602c3ee
resnet,clean_only,17,bandpass_n20003_cRA_electrode_s20,phase2/results/predictions/full/clean_only/resnet/seed_17/bandpass_n20003_cRA_electrode_s20.npz,76466,0ac0bedabdbedc626b9fc7bd7a75dd1bb67671cbc33d7b93d11ecc3a3a75caa3
resnet,clean_only,17,bandpass_n20003_cRA_electrode_s15,phase2/results/predictions/full/clean_only/resnet/seed_17/bandpass_n20003_cRA_electrode_s15.npz,76377,c949b43d80b153a48277617f809ac0a67dbcec02cc5156a0c9420aabb9e5772f
resnet,clean_only,17,bandpass_n20003_cRA_electrode_s10,phase2/results/predictions/full/clean_only/resnet/seed_17/bandpass_n20003_cRA_electrode_s10.npz,76212,e974fd510a0b9cf2f378bcb633406034070bc2a88c10606e8d1b702749aab7ca
resnet,clean_only,17,bandpass_n20003_cRA_electrode_s5,phase2/results/predictions/full/clean_only/resnet/seed_17/bandpass_n20003_cRA_electrode_s5.npz,75861,9de4caf6cca17527b64979dcb4b1caedd05828bc8d291511860233824e223da7
resnet,clean_only,17,bandpass_n20003_cRA_electrode_s0,phase2/results/predictions/full/clean_only/resnet/seed_17/bandpass_n20003_cRA_electrode_s0.npz,75518,3a78ab388990b476986b895e709788ece49fec5d746ab94a7a82f3a9cdc0b1fc
resnet,clean_only,17,bandpass_n20003_cRA_covariance_s20,phase2/results/predictions/full/clean_only/resnet/seed_17/bandpass_n20003_cRA_covariance_s20.npz,76466,487ee003ef9bea23debc9dd854835162291dc945b531a96c9aa5c7e8a9e851df
resnet,clean_only,17,bandpass_n20003_cRA_covariance_s15,phase2/results/predictions/full/clean_only/resnet/seed_17/bandpass_n20003_cRA_covariance_s15.npz,76379,9db2de76d94cdce27e2981a5a1cc02b85ddeda98ad9d105af551c132b2ade007
resnet,clean_only,17,bandpass_n20003_cRA_covariance_s10,phase2/results/predictions/full/clean_only/resnet/seed_17/bandpass_n20003_cRA_covariance_s10.npz,76187,07d7100462fbfeeaea8ad51e08f655b3edb0f32e7eb4318034aa662a694ef883
resnet,clean_only,17,bandpass_n20003_cRA_covariance_s5,phase2/results/predictions/full/clean_only/resnet/seed_17/bandpass_n20003_cRA_covariance_s5.npz,75888,734159fdd4391d643ee40517513937deca9a9672d19f512b3d7c0345454ae981
resnet,clean_only,17,bandpass_n20003_cRA_covariance_s0,phase2/results/predictions/full/clean_only/resnet/seed_17/bandpass_n20003_cRA_covariance_s0.npz,75538,0cb045deafdfce4709fe5d4ac02592aecf71498149f81e126988cd25d5084fec
resnet,clean_only,17,bandpass_n20003_cLA_independent_rms_s20,phase2/results/predictions/full/clean_only/resnet/seed_17/bandpass_n20003_cLA_independent_rms_s20.npz,76444,893152aa71375b14be268d89e030621ce678cb790e08e01c85a904258f51ac31
resnet,clean_only,17,bandpass_n20003_cLA_independent_rms_s15,phase2/results/predictions/full/clean_only/resnet/seed_17/bandpass_n20003_cLA_independent_rms_s15.npz,76412,e4a71f8dc724cdc78fc041d05751cb394990b2b90e28276580e92afa72a92af9
resnet,clean_only,17,bandpass_n20003_cLA_independent_rms_s10,phase2/results/predictions/full/clean_only/resnet/seed_17/bandpass_n20003_cLA_independent_rms_s10.npz,76276,7d59118ed78bbdbc149691c55a2fb6159fff542e3330d2b6e1e94a904530cb09
resnet,clean_only,17,bandpass_n20003_cLA_independent_rms_s5,phase2/results/predictions/full/clean_only/resnet/seed_17/bandpass_n20003_cLA_independent_rms_s5.npz,75982,b76355e39b6415263f481837ad27b5c7ecfade07bf518b08eb22f6b789da8600
resnet,clean_only,17,bandpass_n20003_cLA_independent_rms_s0,phase2/results/predictions/full/clean_only/resnet/seed_17/bandpass_n20003_cLA_independent_rms_s0.npz,75534,f9d81cca0dfc271b7011996f72c82b055d07035496f094901d6543ba327fbda1
resnet,clean_only,17,bandpass_n20003_cLA_electrode_s20,phase2/results/predictions/full/clean_only/resnet/seed_17/bandpass_n20003_cLA_electrode_s20.npz,76455,eaadb76d06792e2bdd0b642cdccb23754f4c500e2bff6b7cd08fe79b598c70b6
resnet,clean_only,17,bandpass_n20003_cLA_electrode_s15,phase2/results/predictions/full/clean_only/resnet/seed_17/bandpass_n20003_cLA_electrode_s15.npz,76362,a6b3a39a75483e9ddb1d328624f76d1bc919c0493cf59fa4ff237954ae061f1c
resnet,clean_only,17,bandpass_n20003_cLA_electrode_s10,phase2/results/predictions/full/clean_only/resnet/seed_17/bandpass_n20003_cLA_electrode_s10.npz,76226,d4c0f7a1128cf1016b7932211f7c3351e9a950183f142eecc0667bde70c0644f
resnet,clean_only,17,bandpass_n20003_cLA_electrode_s5,phase2/results/predictions/full/clean_only/resnet/seed_17/bandpass_n20003_cLA_electrode_s5.npz,75865,81d878b198a2c3ee625fe50bb004a5ee89b0e367bd2d8eb6b3c29706fed5fa80
resnet,clean_only,17,bandpass_n20003_cLA_electrode_s0,phase2/results/predictions/full/clean_only/resnet/seed_17/bandpass_n20003_cLA_electrode_s0.npz,75433,380337cf18eb17c91ef71dfc4b1c6134c14ed1706b4f6189ae7ff5255e1161f1
resnet,clean_only,17,bandpass_n20003_cLA_covariance_s20,phase2/results/predictions/full/clean_only/resnet/seed_17/bandpass_n20003_cLA_covariance_s20.npz,76468,2bed63682ae7c29373a98f37ba9a78671d720b4a251325169e93e2047b0c436a
resnet,clean_only,17,bandpass_n20003_cLA_covariance_s15,phase2/results/predictions/full/clean_only/resnet/seed_17/bandpass_n20003_cLA_covariance_s15.npz,76364,6d3fc64777b31a7aa86ba1b5a4d9d481d120c040cbd22d0a181c24d1e92612ad
resnet,clean_only,17,bandpass_n20003_cLA_covariance_s10,phase2/results/predictions/full/clean_only/resnet/seed_17/bandpass_n20003_cLA_covariance_s10.npz,76191,e32d37ab7900e71f9f163cd592e28ccbf10e2b0c924cdad54b040f4d741f770e
resnet,clean_only,17,bandpass_n20003_cLA_covariance_s5,phase2/results/predictions/full/clean_only/resnet/seed_17/bandpass_n20003_cLA_covariance_s5.npz,75832,25e3c7a2d335037222581910d632a45cbd39ad5f5bcd5e219d345b1c37d70692
resnet,clean_only,17,bandpass_n20003_cLA_covariance_s0,phase2/results/predictions/full/clean_only/resnet/seed_17/bandpass_n20003_cLA_covariance_s0.npz,75430,f233e76413976652bf01c8f0659e8621e0ec0e51c482b3fd268772e7c46308cc
resnet,clean_only,17,bandpass_n20003_cLL_independent_rms_s20,phase2/results/predictions/full/clean_only/resnet/seed_17/bandpass_n20003_cLL_independent_rms_s20.npz,76449,a04cfda9fed382f20612bdaedde970925336773b12317563d0a55a73445ca376
resnet,clean_only,17,bandpass_n20003_cLL_independent_rms_s15,phase2/results/predictions/full/clean_only/resnet/seed_17/bandpass_n20003_cLL_independent_rms_s15.npz,76407,78dbbe3bfffa20e9848ef65d99d0b01f63c24d648d533a23060e605bd747b9ff
resnet,clean_only,17,bandpass_n20003_cLL_independent_rms_s10,phase2/results/predictions/full/clean_only/resnet/seed_17/bandpass_n20003_cLL_independent_rms_s10.npz,76234,55415a454ea422855bdedea902f4e490632b943f93c3c0967a256bb3e9ebd543
resnet,clean_only,17,bandpass_n20003_cLL_independent_rms_s5,phase2/results/predictions/full/clean_only/resnet/seed_17/bandpass_n20003_cLL_independent_rms_s5.npz,75929,b19b2bf7dbab3c80437e840891c149e2d0eb1bb5846b2550cca501fa713ad5b6
resnet,clean_only,17,bandpass_n20003_cLL_independent_rms_s0,phase2/results/predictions/full/clean_only/resnet/seed_17/bandpass_n20003_cLL_independent_rms_s0.npz,75469,4fade7777f516bdf1593ad06fca7b1c599adca02ee698a07d9adf7605f3957c7
resnet,clean_only,17,bandpass_n20003_cLL_electrode_s20,phase2/results/predictions/full/clean_only/resnet/seed_17/bandpass_n20003_cLL_electrode_s20.npz,76429,5cfcdcb78b82a7e552dd81a9db8c4e2dc8a985a725f602a6cb6fe0e08635a6f7
resnet,clean_only,17,bandpass_n20003_cLL_electrode_s15,phase2/results/predictions/full/clean_only/resnet/seed_17/bandpass_n20003_cLL_electrode_s15.npz,76332,682ef001927cbc753172371a450635f764966e5719edee928f41a9dec8767a02
resnet,clean_only,17,bandpass_n20003_cLL_electrode_s10,phase2/results/predictions/full/clean_only/resnet/seed_17/bandpass_n20003_cLL_electrode_s10.npz,76118,463ac8efef163cc3192c0d4a66ac4c8e2961e21d2f73305012ef0c9ce1b40971
resnet,clean_only,17,bandpass_n20003_cLL_electrode_s5,phase2/results/predictions/full/clean_only/resnet/seed_17/bandpass_n20003_cLL_electrode_s5.npz,75837,0a9247e81ee16135ca1f90d3fca1d41eb4d7326d7a3197d98b2133018549232d
resnet,clean_only,17,bandpass_n20003_cLL_electrode_s0,phase2/results/predictions/full/clean_only/resnet/seed_17/bandpass_n20003_cLL_electrode_s0.npz,75578,ebe7c9701483ebd4dcbc19d5b64cd3b75dfa1c19b727d455228706ec3c7b4099
resnet,clean_only,17,bandpass_n20003_cLL_covariance_s20,phase2/results/predictions/full/clean_only/resnet/seed_17/bandpass_n20003_cLL_covariance_s20.npz,76426,76718316c5ef573aa55418b52a9723e9cc06df052e55e439b16ffc147a2e1d6a
resnet,clean_only,17,bandpass_n20003_cLL_covariance_s15,phase2/results/predictions/full/clean_only/resnet/seed_17/bandpass_n20003_cLL_covariance_s15.npz,76354,328176271e71946ed542d612f18d48cd680c3e4e6721a8789e959fe9b1e79ced
resnet,clean_only,17,bandpass_n20003_cLL_covariance_s10,phase2/results/predictions/full/clean_only/resnet/seed_17/bandpass_n20003_cLL_covariance_s10.npz,76101,01843db42f3c01d5ea1698a2cb6596497d469b49b10b0ac0e540775110b41e16
resnet,clean_only,17,bandpass_n20003_cLL_covariance_s5,phase2/results/predictions/full/clean_only/resnet/seed_17/bandpass_n20003_cLL_covariance_s5.npz,75797,f8ab637d09822116e729ec1435b4513901e92bc00b72813b5ae349f01726de44
resnet,clean_only,17,bandpass_n20003_cLL_covariance_s0,phase2/results/predictions/full/clean_only/resnet/seed_17/bandpass_n20003_cLL_covariance_s0.npz,75566,150c14010b761cfc04f03f721d59051a51a918763ce8f7f03e17203873badc9c
resnet,clean_only,17,bandpass_n20003_cRA_V1_independent_rms_s20,phase2/results/predictions/full/clean_only/resnet/seed_17/bandpass_n20003_cRA_V1_independent_rms_s20.npz,76490,b2d9807999e3c880dfa5efffe84a3ae87bc0b5b467e42544df50469e502cc347
resnet,clean_only,17,bandpass_n20003_cRA_V1_independent_rms_s15,phase2/results/predictions/full/clean_only/resnet/seed_17/bandpass_n20003_cRA_V1_independent_rms_s15.npz,76411,af155408623cc689c857502a196a3526e17de50e047a8c795873153449b5d019
resnet,clean_only,17,bandpass_n20003_cRA_V1_independent_rms_s10,phase2/results/predictions/full/clean_only/resnet/seed_17/bandpass_n20003_cRA_V1_independent_rms_s10.npz,76262,d5e7bc535c00a51b3e6a0a41ee3716c76f5b0cb783d3f3819b47aebddbdb44e9
resnet,clean_only,17,bandpass_n20003_cRA_V1_independent_rms_s5,phase2/results/predictions/full/clean_only/resnet/seed_17/bandpass_n20003_cRA_V1_independent_rms_s5.npz,76010,498f5fc21c120f5ca30bcea1fc5ff88f5375c50abcc0420751119230a24ca7b3
resnet,clean_only,17,bandpass_n20003_cRA_V1_independent_rms_s0,phase2/results/predictions/full/clean_only/resnet/seed_17/bandpass_n20003_cRA_V1_independent_rms_s0.npz,75604,5221cae5ff6e29a183161c9f4c1df9bdc8c25adeb8b310dab1b35beecc26553d
resnet,clean_only,17,bandpass_n20003_cRA_V1_electrode_s20,phase2/results/predictions/full/clean_only/resnet/seed_17/bandpass_n20003_cRA_V1_electrode_s20.npz,76489,4a0c8eb38e7747effcd70695ce26969165f080dbb79c3a6aa0ebd7d2b5fe2bad
resnet,clean_only,17,bandpass_n20003_cRA_V1_electrode_s15,phase2/results/predictions/full/clean_only/resnet/seed_17/bandpass_n20003_cRA_V1_electrode_s15.npz,76390,b4acd9eb8071d1c54c70248c93fa1a8466a77d5f53443a0dd7e4a9d4b3e49bcb
resnet,clean_only,17,bandpass_n20003_cRA_V1_electrode_s10,phase2/results/predictions/full/clean_only/resnet/seed_17/bandpass_n20003_cRA_V1_electrode_s10.npz,76229,34942dddc43ae8fe13bdf6194429548165896b29d6ea3c5ff958200c546e3cc9
resnet,clean_only,17,bandpass_n20003_cRA_V1_electrode_s5,phase2/results/predictions/full/clean_only/resnet/seed_17/bandpass_n20003_cRA_V1_electrode_s5.npz,75895,77ced5ef27e2f95959475877d08b0e658b37e0dc0b5c4628cef6ce222c7953c9
resnet,clean_only,17,bandpass_n20003_cRA_V1_electrode_s0,phase2/results/predictions/full/clean_only/resnet/seed_17/bandpass_n20003_cRA_V1_electrode_s0.npz,75567,de1b3a47faa926f1c93ba4a45c5e3278af6cc5f2be19727cd79868ad760e6745
resnet,clean_only,17,bandpass_n20003_cRA_V1_covariance_s20,phase2/results/predictions/full/clean_only/resnet/seed_17/bandpass_n20003_cRA_V1_covariance_s20.npz,76495,fa2154da166e7e41dbdd63a22886b5e192cbc61b26a7085398bd3a900c584799
resnet,clean_only,17,bandpass_n20003_cRA_V1_covariance_s15,phase2/results/predictions/full/clean_only/resnet/seed_17/bandpass_n20003_cRA_V1_covariance_s15.npz,76371,bd2c15d0f1360714db3062ad99c4915201731ce81422b4726fa0f6a114215e93
resnet,clean_only,17,bandpass_n20003_cRA_V1_covariance_s10,phase2/results/predictions/full/clean_only/resnet/seed_17/bandpass_n20003_cRA_V1_covariance_s10.npz,76209,819b1565cae33270141d6c6fd84036a9eb15678f840cd45eb907e996ec91de0a
resnet,clean_only,17,bandpass_n20003_cRA_V1_covariance_s5,phase2/results/predictions/full/clean_only/resnet/seed_17/bandpass_n20003_cRA_V1_covariance_s5.npz,75901,42bb90046bca5284fe6d047f58ae80f9825cd36392e866e7e2b3ec0589409778
resnet,clean_only,17,bandpass_n20003_cRA_V1_covariance_s0,phase2/results/predictions/full/clean_only/resnet/seed_17/bandpass_n20003_cRA_V1_covariance_s0.npz,75561,6f079959ca7a001992f5b0cc248adf9468847407a832b4c6f89f7e5d835ac26e
resnet,clean_only,17,bandpass_n20003_cLA_V6_independent_rms_s20,phase2/results/predictions/full/clean_only/resnet/seed_17/bandpass_n20003_cLA_V6_independent_rms_s20.npz,76472,9055e8235cfb063d8d05c2373702111e5fdf7687a9e9a5e299e0ef5a24af1a32
resnet,clean_only,17,bandpass_n20003_cLA_V6_independent_rms_s15,phase2/results/predictions/full/clean_only/resnet/seed_17/bandpass_n20003_cLA_V6_independent_rms_s15.npz,76435,b383ce81b1a6e729635c57247fd8bbd293f4bfd03057084b8afc7ffc57a18134
resnet,clean_only,17,bandpass_n20003_cLA_V6_independent_rms_s10,phase2/results/predictions/full/clean_only/resnet/seed_17/bandpass_n20003_cLA_V6_independent_rms_s10.npz,76282,0e32c9e1ebe1c2897f9642d24edf95c15c969f40250603cde98bd4f8eee1b5e5
resnet,clean_only,17,bandpass_n20003_cLA_V6_independent_rms_s5,phase2/results/predictions/full/clean_only/resnet/seed_17/bandpass_n20003_cLA_V6_independent_rms_s5.npz,75992,4ba7e74aae4f670470e48705f725762442e44772f0bc0bdaa03dc2b2fcb8e4ae
resnet,clean_only,17,bandpass_n20003_cLA_V6_independent_rms_s0,phase2/results/predictions/full/clean_only/resnet/seed_17/bandpass_n20003_cLA_V6_independent_rms_s0.npz,75563,e1c63886b9f9dd68dad36ea8ae6a00b020c3dbc8f37aafe048e68d63c4857573
resnet,clean_only,17,bandpass_n20003_cLA_V6_electrode_s20,phase2/results/predictions/full/clean_only/resnet/seed_17/bandpass_n20003_cLA_V6_electrode_s20.npz,76481,817f5a142b449eb6801531b37d86e938368576b410e24a9a2653f73da6fe5f3b
resnet,clean_only,17,bandpass_n20003_cLA_V6_electrode_s15,phase2/results/predictions/full/clean_only/resnet/seed_17/bandpass_n20003_cLA_V6_electrode_s15.npz,76392,5da6fa3498e0785f3370caa29efdd37014da335cb9a3ba8cc669c1c4da422508
resnet,clean_only,17,bandpass_n20003_cLA_V6_electrode_s10,phase2/results/predictions/full/clean_only/resnet/seed_17/bandpass_n20003_cLA_V6_electrode_s10.npz,76242,e3a131d6e303c00bc9b557acb723810f4ac02fd599a98bf598d19295916dcd25
resnet,clean_only,17,bandpass_n20003_cLA_V6_electrode_s5,phase2/results/predictions/full/clean_only/resnet/seed_17/bandpass_n20003_cLA_V6_electrode_s5.npz,75888,f821a1960d7d7cb941d6d093de063c678ce70a6fc78c5d9cde24c8433fda1481
resnet,clean_only,17,bandpass_n20003_cLA_V6_electrode_s0,phase2/results/predictions/full/clean_only/resnet/seed_17/bandpass_n20003_cLA_V6_electrode_s0.npz,75453,b6da0c79045775105aca63ff4b998ba849776839be8689bba122ef1ce58eb960
resnet,clean_only,17,bandpass_n20003_cLA_V6_covariance_s20,phase2/results/predictions/full/clean_only/resnet/seed_17/bandpass_n20003_cLA_V6_covariance_s20.npz,76422,af81a524e76cddcbf42598445c80b3c9b73f457be850411bb421bb01382edc1f
resnet,clean_only,17,bandpass_n20003_cLA_V6_covariance_s15,phase2/results/predictions/full/clean_only/resnet/seed_17/bandpass_n20003_cLA_V6_covariance_s15.npz,76379,c98acfcb48c77505405df66e9c83294ec7e537b9303931cb12e46355c0f109eb
resnet,clean_only,17,bandpass_n20003_cLA_V6_covariance_s10,phase2/results/predictions/full/clean_only/resnet/seed_17/bandpass_n20003_cLA_V6_covariance_s10.npz,76243,38e51d716a129b36fcacd85e8daae2e6d6df36d0b4b32ccfd4a07f295c24a5b4
resnet,clean_only,17,bandpass_n20003_cLA_V6_covariance_s5,phase2/results/predictions/full/clean_only/resnet/seed_17/bandpass_n20003_cLA_V6_covariance_s5.npz,75868,b63639fd43673836f448e604e644a9bbdfa7a5f3091256ab1b78e71d073ea89a
resnet,clean_only,17,bandpass_n20003_cLA_V6_covariance_s0,phase2/results/predictions/full/clean_only/resnet/seed_17/bandpass_n20003_cLA_V6_covariance_s0.npz,75469,72b21b558d5fc2a903e407e4529774729e535f0278b3bf59e32d3d1c1df7403e
resnet,clean_only,17,bandpass_n20003_cLL_V4_independent_rms_s20,phase2/results/predictions/full/clean_only/resnet/seed_17/bandpass_n20003_cLL_V4_independent_rms_s20.npz,76481,70b14ff97a1c799b0a45c97d8811e10f6abfe85ff114d1b70372eda226410c04
resnet,clean_only,17,bandpass_n20003_cLL_V4_independent_rms_s15,phase2/results/predictions/full/clean_only/resnet/seed_17/bandpass_n20003_cLL_V4_independent_rms_s15.npz,76405,0eab588f74553c45901f7d929ee0bbd3d237aab6f5e60ede750363e2e4312860
resnet,clean_only,17,bandpass_n20003_cLL_V4_independent_rms_s10,phase2/results/predictions/full/clean_only/resnet/seed_17/bandpass_n20003_cLL_V4_independent_rms_s10.npz,76257,db6f93ca4f8c94334b9bb91e49c2f097d9d00e40e5f32efd2046e1bade22b05b
resnet,clean_only,17,bandpass_n20003_cLL_V4_independent_rms_s5,phase2/results/predictions/full/clean_only/resnet/seed_17/bandpass_n20003_cLL_V4_independent_rms_s5.npz,75987,0b98c19032ef141d0adedd58965d13080be867b488673d086f7badb10dc74c3d
resnet,clean_only,17,bandpass_n20003_cLL_V4_independent_rms_s0,phase2/results/predictions/full/clean_only/resnet/seed_17/bandpass_n20003_cLL_V4_independent_rms_s0.npz,75550,0e18e15470b4509a8344eb974d940ca621268694113870efa76e175f6a6720cb
resnet,clean_only,17,bandpass_n20003_cLL_V4_electrode_s20,phase2/results/predictions/full/clean_only/resnet/seed_17/bandpass_n20003_cLL_V4_electrode_s20.npz,76487,14f92b81e6bb963078b2f3344d65285c1aae0987bd0255c76552536da1695586
resnet,clean_only,17,bandpass_n20003_cLL_V4_electrode_s15,phase2/results/predictions/full/clean_only/resnet/seed_17/bandpass_n20003_cLL_V4_electrode_s15.npz,76345,5d9d2008ce10bd2de824c25acb6ae20a3f7fb1e8406b2d907db7a763c04ae1d7
resnet,clean_only,17,bandpass_n20003_cLL_V4_electrode_s10,phase2/results/predictions/full/clean_only/resnet/seed_17/bandpass_n20003_cLL_V4_electrode_s10.npz,76137,fed5ce93d75bc1d29e26ebe9ee0e3f4147a36ef6a560aa0e61f3d0036f3d9aa9
resnet,clean_only,17,bandpass_n20003_cLL_V4_electrode_s5,phase2/results/predictions/full/clean_only/resnet/seed_17/bandpass_n20003_cLL_V4_electrode_s5.npz,75918,8fb4df5705e4684df9acc5b34180225eb72a90fedd5cfa246a0776433a47390e
resnet,clean_only,17,bandpass_n20003_cLL_V4_electrode_s0,phase2/results/predictions/full/clean_only/resnet/seed_17/bandpass_n20003_cLL_V4_electrode_s0.npz,75598,51d87cb0bc65e149d390e1b2855b8c1fc376faaf47c7227c3208574b992464a6
resnet,clean_only,17,bandpass_n20003_cLL_V4_covariance_s20,phase2/results/predictions/full/clean_only/resnet/seed_17/bandpass_n20003_cLL_V4_covariance_s20.npz,76425,a22af248e22bc6bae92619fdb5290b770409842f56f51a0f102d2b28c1dfd3dd
resnet,clean_only,17,bandpass_n20003_cLL_V4_covariance_s15,phase2/results/predictions/full/clean_only/resnet/seed_17/bandpass_n20003_cLL_V4_covariance_s15.npz,76396,b90b8a08088a680c57d77b3e652f5a78a7457b7560bde15340427f85f309735b
resnet,clean_only,17,bandpass_n20003_cLL_V4_covariance_s10,phase2/results/predictions/full/clean_only/resnet/seed_17/bandpass_n20003_cLL_V4_covariance_s10.npz,76134,94fab1d199c81b031ee7646383479b1dbbc1aeaa427acfcab0fb2f73499cb9cc
resnet,clean_only,17,bandpass_n20003_cLL_V4_covariance_s5,phase2/results/predictions/full/clean_only/resnet/seed_17/bandpass_n20003_cLL_V4_covariance_s5.npz,75869,6f46f5df209a2e4e9d68785686694d84a5c5db9c9c8e295ede12e3c00fe4b49d
resnet,clean_only,17,bandpass_n20003_cLL_V4_covariance_s0,phase2/results/predictions/full/clean_only/resnet/seed_17/bandpass_n20003_cLL_V4_covariance_s0.npz,75639,a94695a53f3a79db875a4468a9882aed4e4733e587d617789486db191a32a47c
resnet,clean_only,17,bandpass_n20003_cRA_LA_V1_V6_independent_rms_s20,phase2/results/predictions/full/clean_only/resnet/seed_17/bandpass_n20003_cRA_LA_V1_V6_independent_rms_s20.npz,76492,5e397c3157ba02e5430d0ea5f5f624b05d28fef93e71aae144449fe7e24e1ae7
resnet,clean_only,17,bandpass_n20003_cRA_LA_V1_V6_independent_rms_s15,phase2/results/predictions/full/clean_only/resnet/seed_17/bandpass_n20003_cRA_LA_V1_V6_independent_rms_s15.npz,76435,ae0ecbebbf71f0b9cf216dbec21bddfb1b86f79083ffb6a8b1b6261c11d467d2
resnet,clean_only,17,bandpass_n20003_cRA_LA_V1_V6_independent_rms_s10,phase2/results/predictions/full/clean_only/resnet/seed_17/bandpass_n20003_cRA_LA_V1_V6_independent_rms_s10.npz,76268,bdee946ac5252399ad1d0e6cc8bcfde92bee14139295988267b9c0cc49d5397d
resnet,clean_only,17,bandpass_n20003_cRA_LA_V1_V6_independent_rms_s5,phase2/results/predictions/full/clean_only/resnet/seed_17/bandpass_n20003_cRA_LA_V1_V6_independent_rms_s5.npz,75972,3cfce5a65f35334a8433545c8d0b4708c9c8f437908e47506de32a4e6098efbd
resnet,clean_only,17,bandpass_n20003_cRA_LA_V1_V6_independent_rms_s0,phase2/results/predictions/full/clean_only/resnet/seed_17/bandpass_n20003_cRA_LA_V1_V6_independent_rms_s0.npz,75617,82315575356ec69d1eda86969c5095c7cc2b68af3e86ac03525348eeb633bf68
resnet,clean_only,17,bandpass_n20003_cRA_LA_V1_V6_electrode_s20,phase2/results/predictions/full/clean_only/resnet/seed_17/bandpass_n20003_cRA_LA_V1_V6_electrode_s20.npz,76461,fb5af0ec90b6f1e9b2e809de750842996ea7ed5334197b7b54bfd28781938a27
resnet,clean_only,17,bandpass_n20003_cRA_LA_V1_V6_electrode_s15,phase2/results/predictions/full/clean_only/resnet/seed_17/bandpass_n20003_cRA_LA_V1_V6_electrode_s15.npz,76406,98a34cb202fcfd28bd8b44376f1550e4b1056e0b266f902af537a9f57beb292b
resnet,clean_only,17,bandpass_n20003_cRA_LA_V1_V6_electrode_s10,phase2/results/predictions/full/clean_only/resnet/seed_17/bandpass_n20003_cRA_LA_V1_V6_electrode_s10.npz,76245,77018102a3fdd5e6b798ca49f194835aa35c5faa06f3a0ce9e0d37feca8bdfda
resnet,clean_only,17,bandpass_n20003_cRA_LA_V1_V6_electrode_s5,phase2/results/predictions/full/clean_only/resnet/seed_17/bandpass_n20003_cRA_LA_V1_V6_electrode_s5.npz,75891,f402cecf6876825d71f0b4b5c033fccf2d7c867f0200e288ad361b31d62a17da
resnet,clean_only,17,bandpass_n20003_cRA_LA_V1_V6_electrode_s0,phase2/results/predictions/full/clean_only/resnet/seed_17/bandpass_n20003_cRA_LA_V1_V6_electrode_s0.npz,75537,82071e50a382c9faa319f25b102bc6b51c01939575e279015007bad7d1ab429c
resnet,clean_only,17,bandpass_n20003_cRA_LA_V1_V6_covariance_s20,phase2/results/predictions/full/clean_only/resnet/seed_17/bandpass_n20003_cRA_LA_V1_V6_covariance_s20.npz,76474,177e575255265f8e43892550cecae6fe8f30ba42df660d03603f22f0b6cf4ae4
resnet,clean_only,17,bandpass_n20003_cRA_LA_V1_V6_covariance_s15,phase2/results/predictions/full/clean_only/resnet/seed_17/bandpass_n20003_cRA_LA_V1_V6_covariance_s15.npz,76410,39d262acfae32bf0877096cbde1007b0b0fce879ffafaba1f0b19b1d54e315fc
resnet,clean_only,17,bandpass_n20003_cRA_LA_V1_V6_covariance_s10,phase2/results/predictions/full/clean_only/resnet/seed_17/bandpass_n20003_cRA_LA_V1_V6_covariance_s10.npz,76202,f01b1b36fb089469c43488c6e06bb4bab74063b3492fb762a5dfaf4b93e875f9
resnet,clean_only,17,bandpass_n20003_cRA_LA_V1_V6_covariance_s5,phase2/results/predictions/full/clean_only/resnet/seed_17/bandpass_n20003_cRA_LA_V1_V6_covariance_s5.npz,75907,279869dce30df49730c76731e0b74b65defe1db69d8521c17b17c2d14037c0f0
resnet,clean_only,17,bandpass_n20003_cRA_LA_V1_V6_covariance_s0,phase2/results/predictions/full/clean_only/resnet/seed_17/bandpass_n20003_cRA_LA_V1_V6_covariance_s0.npz,75511,ed115e4051fca283ce4be6bf7a5a5c583b0fb06680affc845a10a82050e474ea
resnet,clean_only,17,bandpass_n20003_cRA_V2_V5_independent_rms_s20,phase2/results/predictions/full/clean_only/resnet/seed_17/bandpass_n20003_cRA_V2_V5_independent_rms_s20.npz,76480,85c692d5a5fba80b8031efc1b41c166e10f7a5c2fd8d699c68ec5b4e2eb5a98a
resnet,clean_only,17,bandpass_n20003_cRA_V2_V5_independent_rms_s15,phase2/results/predictions/full/clean_only/resnet/seed_17/bandpass_n20003_cRA_V2_V5_independent_rms_s15.npz,76401,6fc1195cef7f8e99de6547905495e0a55f18e5e5f4ff262fc0a4aa01e271a000
resnet,clean_only,17,bandpass_n20003_cRA_V2_V5_independent_rms_s10,phase2/results/predictions/full/clean_only/resnet/seed_17/bandpass_n20003_cRA_V2_V5_independent_rms_s10.npz,76278,933340ab0c309b9ab123082c595bbc5c5c571a32e92517ab0d36046eced27fce
resnet,clean_only,17,bandpass_n20003_cRA_V2_V5_independent_rms_s5,phase2/results/predictions/full/clean_only/resnet/seed_17/bandpass_n20003_cRA_V2_V5_independent_rms_s5.npz,76007,7022ea396f784e7fad144e225fbc9f999bef3fb2b5005e85b2a7645773f36d7e
resnet,clean_only,17,bandpass_n20003_cRA_V2_V5_independent_rms_s0,phase2/results/predictions/full/clean_only/resnet/seed_17/bandpass_n20003_cRA_V2_V5_independent_rms_s0.npz,75564,b4b12039f78a2f148b16b729f6b9776ba8ca15c5289252f28495a537cac7a03e
resnet,clean_only,17,bandpass_n20003_cRA_V2_V5_electrode_s20,phase2/results/predictions/full/clean_only/resnet/seed_17/bandpass_n20003_cRA_V2_V5_electrode_s20.npz,76504,74b389988e9d0b3e76a77fbcf53f50683e03e44f5ae560f14c395c5df6cf661b
resnet,clean_only,17,bandpass_n20003_cRA_V2_V5_electrode_s15,phase2/results/predictions/full/clean_only/resnet/seed_17/bandpass_n20003_cRA_V2_V5_electrode_s15.npz,76404,22a83e62eccb9dc0e1c744d90a5e533cada384358de48d5505663bfccfb6894d
resnet,clean_only,17,bandpass_n20003_cRA_V2_V5_electrode_s10,phase2/results/predictions/full/clean_only/resnet/seed_17/bandpass_n20003_cRA_V2_V5_electrode_s10.npz,76231,c8a8f50189785ab155168735da77cd93a37161d6a1961dafe0764445a710bc1e
resnet,clean_only,17,bandpass_n20003_cRA_V2_V5_electrode_s5,phase2/results/predictions/full/clean_only/resnet/seed_17/bandpass_n20003_cRA_V2_V5_electrode_s5.npz,75920,1334618c8a08fdc0559d02b89acb16c56761bf14d1f1bd5593dd52176a6a301f
resnet,clean_only,17,bandpass_n20003_cRA_V2_V5_electrode_s0,phase2/results/predictions/full/clean_only/resnet/seed_17/bandpass_n20003_cRA_V2_V5_electrode_s0.npz,75575,bc166c3d8e033028eaf4794765c280698e0436b16cd5019066db534a7b81365b
resnet,clean_only,17,bandpass_n20003_cRA_V2_V5_covariance_s20,phase2/results/predictions/full/clean_only/resnet/seed_17/bandpass_n20003_cRA_V2_V5_covariance_s20.npz,76464,81a39190ec5dd98bbd07ddb8cdea1bc88be3812e64b7d8f7919cf92541eeeb07
resnet,clean_only,17,bandpass_n20003_cRA_V2_V5_covariance_s15,phase2/results/predictions/full/clean_only/resnet/seed_17/bandpass_n20003_cRA_V2_V5_covariance_s15.npz,76428,3631ea8a6956409b25332819370f660860a807bf93cf6c4cd445ac9cc4705e6f
resnet,clean_only,17,bandpass_n20003_cRA_V2_V5_covariance_s10,phase2/results/predictions/full/clean_only/resnet/seed_17/bandpass_n20003_cRA_V2_V5_covariance_s10.npz,76234,a95f75a113c8e0714532dc2f4f4dc3df6f711d52e96a38926a8c3494a36858c2
resnet,clean_only,17,bandpass_n20003_cRA_V2_V5_covariance_s5,phase2/results/predictions/full/clean_only/resnet/seed_17/bandpass_n20003_cRA_V2_V5_covariance_s5.npz,75947,fc99ffeebc468c7070b642f8f8cede47649f31da16faea96f3f39d4d043acafb
resnet,clean_only,17,bandpass_n20003_cRA_V2_V5_covariance_s0,phase2/results/predictions/full/clean_only/resnet/seed_17/bandpass_n20003_cRA_V2_V5_covariance_s0.npz,75629,7a050198fe1db3124c7fb6d613d73183c20a2fd0cea0628892abb2f3478d66d4
resnet,clean_only,17,bandpass_n20003_cLA_V3_V6_independent_rms_s20,phase2/results/predictions/full/clean_only/resnet/seed_17/bandpass_n20003_cLA_V3_V6_independent_rms_s20.npz,76504,cfebbe757c85b501fbb0522203526c6a55e7b1804800162a8704c49dafa7d81e
resnet,clean_only,17,bandpass_n20003_cLA_V3_V6_independent_rms_s15,phase2/results/predictions/full/clean_only/resnet/seed_17/bandpass_n20003_cLA_V3_V6_independent_rms_s15.npz,76413,bf7655f37130931f467cd059ca95d1f8788b85da9115060e254ffdadd3127dc9
resnet,clean_only,17,bandpass_n20003_cLA_V3_V6_independent_rms_s10,phase2/results/predictions/full/clean_only/resnet/seed_17/bandpass_n20003_cLA_V3_V6_independent_rms_s10.npz,76279,7efd894e11543c487d5c24213797c38e0de8632b48eed77fd325b4dae8f0b5ad
resnet,clean_only,17,bandpass_n20003_cLA_V3_V6_independent_rms_s5,phase2/results/predictions/full/clean_only/resnet/seed_17/bandpass_n20003_cLA_V3_V6_independent_rms_s5.npz,75997,44c256dcd8ece5e567c5e5422db3338cc8b6b86263cc55ffa438b7cba07e44aa
resnet,clean_only,17,bandpass_n20003_cLA_V3_V6_independent_rms_s0,phase2/results/predictions/full/clean_only/resnet/seed_17/bandpass_n20003_cLA_V3_V6_independent_rms_s0.npz,75596,42ce0faf3b6c5e073bd121de4866e40e4fdaf23f03cd04f9e792e9bbdf13bb94
resnet,clean_only,17,bandpass_n20003_cLA_V3_V6_electrode_s20,phase2/results/predictions/full/clean_only/resnet/seed_17/bandpass_n20003_cLA_V3_V6_electrode_s20.npz,76467,d7449b9c69dd7fabc75d868f320e6c326516f1c0de7cf31b62751872c51cf6b7
resnet,clean_only,17,bandpass_n20003_cLA_V3_V6_electrode_s15,phase2/results/predictions/full/clean_only/resnet/seed_17/bandpass_n20003_cLA_V3_V6_electrode_s15.npz,76385,111783dff1a0ee3c32248bfdaf47bc633fc912fc45e211da7d8825e1cda14c81
resnet,clean_only,17,bandpass_n20003_cLA_V3_V6_electrode_s10,phase2/results/predictions/full/clean_only/resnet/seed_17/bandpass_n20003_cLA_V3_V6_electrode_s10.npz,76234,fc3d9baa8dd500643cb1d5fcb81e83425a5efb00ec88cffccda4b3592c3c68a7
resnet,clean_only,17,bandpass_n20003_cLA_V3_V6_electrode_s5,phase2/results/predictions/full/clean_only/resnet/seed_17/bandpass_n20003_cLA_V3_V6_electrode_s5.npz,75900,bc781780363dec7a04c7a678ec54bb7cd4fda80f9b8d62e4ffbff0128cd3a314
resnet,clean_only,17,bandpass_n20003_cLA_V3_V6_electrode_s0,phase2/results/predictions/full/clean_only/resnet/seed_17/bandpass_n20003_cLA_V3_V6_electrode_s0.npz,75450,81965892f04d8d683308ebffb910a3d2938621b602206015b93f515175fbd7cf
resnet,clean_only,17,bandpass_n20003_cLA_V3_V6_covariance_s20,phase2/results/predictions/full/clean_only/resnet/seed_17/bandpass_n20003_cLA_V3_V6_covariance_s20.npz,76466,654e020c54f44a0370633b88ec6e33f298ddccfcf42816a189fe00aa362f65f4
resnet,clean_only,17,bandpass_n20003_cLA_V3_V6_covariance_s15,phase2/results/predictions/full/clean_only/resnet/seed_17/bandpass_n20003_cLA_V3_V6_covariance_s15.npz,76385,d21d93b354d3ff13885cd9263176ce749a57813fc67117bad9f674784c596b00
resnet,clean_only,17,bandpass_n20003_cLA_V3_V6_covariance_s10,phase2/results/predictions/full/clean_only/resnet/seed_17/bandpass_n20003_cLA_V3_V6_covariance_s10.npz,76207,6e2a6437c37ad2adffafb95b2e4f7c7a7a8e834b379db82e90a7f046e0468cf6
resnet,clean_only,17,bandpass_n20003_cLA_V3_V6_covariance_s5,phase2/results/predictions/full/clean_only/resnet/seed_17/bandpass_n20003_cLA_V3_V6_covariance_s5.npz,75904,101856636f9561d025726db78ef9e7389a90c10af3350a7975c8d32227d2a259
resnet,clean_only,17,bandpass_n20003_cLA_V3_V6_covariance_s0,phase2/results/predictions/full/clean_only/resnet/seed_17/bandpass_n20003_cLA_V3_V6_covariance_s0.npz,75453,d575c6104a65fd85f1649957798d03820c7b095f7e2c084b79b1a3c5ac29c958
resnet,clean_only,17,bandpass_n20003_cLL_V1_V4_independent_rms_s20,phase2/results/predictions/full/clean_only/resnet/seed_17/bandpass_n20003_cLL_V1_V4_independent_rms_s20.npz,76477,fd4b60be28ac2ed549ace803db824653ad30ca8538426743dab5ac3866c9cf80
resnet,clean_only,17,bandpass_n20003_cLL_V1_V4_independent_rms_s15,phase2/results/predictions/full/clean_only/resnet/seed_17/bandpass_n20003_cLL_V1_V4_independent_rms_s15.npz,76418,0e8fe8883bfc58c40402c71046cef3ccc41b434411392951a2bd9516132e3358
resnet,clean_only,17,bandpass_n20003_cLL_V1_V4_independent_rms_s10,phase2/results/predictions/full/clean_only/resnet/seed_17/bandpass_n20003_cLL_V1_V4_independent_rms_s10.npz,76285,2be1ebc774e87fb30417d2f627f7cbc4a7684bb18b8ba5b7d2d6e011cfbf0b53
resnet,clean_only,17,bandpass_n20003_cLL_V1_V4_independent_rms_s5,phase2/results/predictions/full/clean_only/resnet/seed_17/bandpass_n20003_cLL_V1_V4_independent_rms_s5.npz,76003,201cc67798d73c65c045934eafc600b33c56d7c2bee44aa392349b41fb1f5de3
resnet,clean_only,17,bandpass_n20003_cLL_V1_V4_independent_rms_s0,phase2/results/predictions/full/clean_only/resnet/seed_17/bandpass_n20003_cLL_V1_V4_independent_rms_s0.npz,75585,bcb63a8ce49f172315e65068a94567338ae31788f03738f51f94dbcebf443995
resnet,clean_only,17,bandpass_n20003_cLL_V1_V4_electrode_s20,phase2/results/predictions/full/clean_only/resnet/seed_17/bandpass_n20003_cLL_V1_V4_electrode_s20.npz,76451,0a0d62ebff61d7104966dac02928428324ff2d1d5014e2cfd1bb2c35046a531d
resnet,clean_only,17,bandpass_n20003_cLL_V1_V4_electrode_s15,phase2/results/predictions/full/clean_only/resnet/seed_17/bandpass_n20003_cLL_V1_V4_electrode_s15.npz,76340,c0811a0d23925cd2776b0bcb48f74e32fade39fbebf6fc8b003edec40f840182
resnet,clean_only,17,bandpass_n20003_cLL_V1_V4_electrode_s10,phase2/results/predictions/full/clean_only/resnet/seed_17/bandpass_n20003_cLL_V1_V4_electrode_s10.npz,76192,364f5f653170483f2118638179e0cb22cb07ccb5c8add8280e19f55a7de7b991
resnet,clean_only,17,bandpass_n20003_cLL_V1_V4_electrode_s5,phase2/results/predictions/full/clean_only/resnet/seed_17/bandpass_n20003_cLL_V1_V4_electrode_s5.npz,75893,5fd782097d266db5e170649d8531439d9683e84e11fa56b8c93dda7f3a69c5db
resnet,clean_only,17,bandpass_n20003_cLL_V1_V4_electrode_s0,phase2/results/predictions/full/clean_only/resnet/seed_17/bandpass_n20003_cLL_V1_V4_electrode_s0.npz,75663,ca69ac4ee021a6d4f3d604756e8124bc24d8ab4cfc18c7472522a9e1e8ac6739
resnet,clean_only,17,bandpass_n20003_cLL_V1_V4_covariance_s20,phase2/results/predictions/full/clean_only/resnet/seed_17/bandpass_n20003_cLL_V1_V4_covariance_s20.npz,76469,0f1c530342582bbf28b900cde9e153d99b719655203d03d3c492f94e154c04c0
resnet,clean_only,17,bandpass_n20003_cLL_V1_V4_covariance_s15,phase2/results/predictions/full/clean_only/resnet/seed_17/bandpass_n20003_cLL_V1_V4_covariance_s15.npz,76344,6943b1e13d782367aa2f59157c5ca559b04c2e615e3bdf3e1639765b99698e7d
resnet,clean_only,17,bandpass_n20003_cLL_V1_V4_covariance_s10,phase2/results/predictions/full/clean_only/resnet/seed_17/bandpass_n20003_cLL_V1_V4_covariance_s10.npz,76229,fcb6b3e7f7c1a8bd8533105860b39db0b38d7a6c9f6a00769d7e6559dd7c7076
resnet,clean_only,17,bandpass_n20003_cLL_V1_V4_covariance_s5,phase2/results/predictions/full/clean_only/resnet/seed_17/bandpass_n20003_cLL_V1_V4_covariance_s5.npz,75924,aae91b689f8f6df5aeb0bee9411c6cba8ae79273f822bb567a483f8597adb3ac
resnet,clean_only,17,bandpass_n20003_cLL_V1_V4_covariance_s0,phase2/results/predictions/full/clean_only/resnet/seed_17/bandpass_n20003_cLL_V1_V4_covariance_s0.npz,75655,2d99d5b482a9278847d9a9e0fac69d7fd7f9947bf5f92a84a3fbac3dae7ef366
resnet,clean_only,17,bandpass_n20003_call_independent_rms_s20,phase2/results/predictions/full/clean_only/resnet/seed_17/bandpass_n20003_call_independent_rms_s20.npz,76435,1e61d0b3ee13e69b06c96c2ad77bcb8340f64a0fc7444e64705b89189828d15e
resnet,clean_only,17,bandpass_n20003_call_independent_rms_s15,phase2/results/predictions/full/clean_only/resnet/seed_17/bandpass_n20003_call_independent_rms_s15.npz,76414,ebb9b9a2933a0a3915387de7fe0c82175a600e74bec003ad41ba28066c87d975
resnet,clean_only,17,bandpass_n20003_call_independent_rms_s10,phase2/results/predictions/full/clean_only/resnet/seed_17/bandpass_n20003_call_independent_rms_s10.npz,76283,81516cc2d8276164c3657cf4796fccf77b6edc9c7580366bf2f5aefc123e27b2
resnet,clean_only,17,bandpass_n20003_call_independent_rms_s5,phase2/results/predictions/full/clean_only/resnet/seed_17/bandpass_n20003_call_independent_rms_s5.npz,75978,b97eb0e01326704ca7c38783627369d46bc200b99cf449c307d4f7512068107a
resnet,clean_only,17,bandpass_n20003_call_independent_rms_s0,phase2/results/predictions/full/clean_only/resnet/seed_17/bandpass_n20003_call_independent_rms_s0.npz,75559,a1d7ae58a04f68fce0368c6a4083cb70300015dfd574d32470095f43e2d6952a
resnet,clean_only,17,bandpass_n20003_call_electrode_s20,phase2/results/predictions/full/clean_only/resnet/seed_17/bandpass_n20003_call_electrode_s20.npz,76415,39046ebd8c4c1ec24ae92e9835c51862d40543047596b78382108f3034e2d15e
resnet,clean_only,17,bandpass_n20003_call_electrode_s15,phase2/results/predictions/full/clean_only/resnet/seed_17/bandpass_n20003_call_electrode_s15.npz,76332,38e1c370ebeac7fc31ce401e7d36684bdcc420a0915c5d5b0b8f2df5f00c4530
resnet,clean_only,17,bandpass_n20003_call_electrode_s10,phase2/results/predictions/full/clean_only/resnet/seed_17/bandpass_n20003_call_electrode_s10.npz,76191,65531309ffacb103ae5f5002d72628a04af0f304ea981aaa75e4d3c00a75f084
resnet,clean_only,17,bandpass_n20003_call_electrode_s5,phase2/results/predictions/full/clean_only/resnet/seed_17/bandpass_n20003_call_electrode_s5.npz,75850,77537e7bc7db9bdf07129d1084fa006d724350abb55745e21a4512b10bde49f8
resnet,clean_only,17,bandpass_n20003_call_electrode_s0,phase2/results/predictions/full/clean_only/resnet/seed_17/bandpass_n20003_call_electrode_s0.npz,75445,436d9a8c3b4bd15f10ac43bf17d0503b28173e7b303d1bf737724c8045553862
resnet,clean_only,17,bandpass_n20003_call_covariance_s20,phase2/results/predictions/full/clean_only/resnet/seed_17/bandpass_n20003_call_covariance_s20.npz,76439,d08dae5b9fc0647e244ae8399654b4bee7da683cd8f0befcbd5de9c4add77dc3
resnet,clean_only,17,bandpass_n20003_call_covariance_s15,phase2/results/predictions/full/clean_only/resnet/seed_17/bandpass_n20003_call_covariance_s15.npz,76344,837cedfc7896706c7819bbdfbaea84cc0099e79b7479820a11517d91ff4d3baa
resnet,clean_only,17,bandpass_n20003_call_covariance_s10,phase2/results/predictions/full/clean_only/resnet/seed_17/bandpass_n20003_call_covariance_s10.npz,76191,54c281c1084331e7b4baee5febc4e2f2de5e0c0a523c9ff2220df768855d4154
resnet,clean_only,17,bandpass_n20003_call_covariance_s5,phase2/results/predictions/full/clean_only/resnet/seed_17/bandpass_n20003_call_covariance_s5.npz,75884,c4d4484819f854dd7c0af028fcf867825b9fdb52fea497f8a6a0160fc3591b07
resnet,clean_only,17,bandpass_n20003_call_covariance_s0,phase2/results/predictions/full/clean_only/resnet/seed_17/bandpass_n20003_call_covariance_s0.npz,75471,116b77c1cd2c406f225091eb6d1130e4677ff4f103c88bfbd50b257674064a50
resnet,clean_only,17,bandpass_n20004_cRA_LA_LL_independent_rms_s20,phase2/results/predictions/full/clean_only/resnet/seed_17/bandpass_n20004_cRA_LA_LL_independent_rms_s20.npz,76449,433e992da76603fa396974c96f7739a685f49eba174631093b12c82e9b4fd899
resnet,clean_only,17,bandpass_n20004_cRA_LA_LL_independent_rms_s15,phase2/results/predictions/full/clean_only/resnet/seed_17/bandpass_n20004_cRA_LA_LL_independent_rms_s15.npz,76387,98478ef5a1def9eb00096f62cae72b356f28e32ca853164159043054b6da9163
resnet,clean_only,17,bandpass_n20004_cRA_LA_LL_independent_rms_s10,phase2/results/predictions/full/clean_only/resnet/seed_17/bandpass_n20004_cRA_LA_LL_independent_rms_s10.npz,76228,218bce74bc14ee34a3b5879f2727dcc84a412f5e2ee22f7f5b8b38b2cec3497b
resnet,clean_only,17,bandpass_n20004_cRA_LA_LL_independent_rms_s5,phase2/results/predictions/full/clean_only/resnet/seed_17/bandpass_n20004_cRA_LA_LL_independent_rms_s5.npz,75963,93643db8e317adebc98ee1670a444af313771f18601293f6ff28e63d7327488a
resnet,clean_only,17,bandpass_n20004_cRA_LA_LL_independent_rms_s0,phase2/results/predictions/full/clean_only/resnet/seed_17/bandpass_n20004_cRA_LA_LL_independent_rms_s0.npz,75539,ed706d91c881533d702911abb0a3f0e4d5b0918ac0927dde1aa552d1ffa24251
resnet,clean_only,17,bandpass_n20004_cRA_LA_LL_electrode_s20,phase2/results/predictions/full/clean_only/resnet/seed_17/bandpass_n20004_cRA_LA_LL_electrode_s20.npz,76438,b95163e2a07522f0524a08f1f81e9660dc61332033171757c8a1bae2a7f7cfaa
resnet,clean_only,17,bandpass_n20004_cRA_LA_LL_electrode_s15,phase2/results/predictions/full/clean_only/resnet/seed_17/bandpass_n20004_cRA_LA_LL_electrode_s15.npz,76311,6b49860488273ecae4ae844b86b9a8262fdf9cc4f49cde6fa8ca4e92eb011bb0
resnet,clean_only,17,bandpass_n20004_cRA_LA_LL_electrode_s10,phase2/results/predictions/full/clean_only/resnet/seed_17/bandpass_n20004_cRA_LA_LL_electrode_s10.npz,76130,6b2c3445f91f24b7836afbd8580cdb46807a422b208fd25c1239104d248035ba
resnet,clean_only,17,bandpass_n20004_cRA_LA_LL_electrode_s5,phase2/results/predictions/full/clean_only/resnet/seed_17/bandpass_n20004_cRA_LA_LL_electrode_s5.npz,75819,11d87148dfbfa21bad684b9a9c429bc6a5fcfd955cd04c8f5b4b40bb740c2139
resnet,clean_only,17,bandpass_n20004_cRA_LA_LL_electrode_s0,phase2/results/predictions/full/clean_only/resnet/seed_17/bandpass_n20004_cRA_LA_LL_electrode_s0.npz,75482,cdc75571598f7ab5f90d3a2b314e70b17db3dc2b41cc56ed6b9ae78d78286624
resnet,clean_only,17,bandpass_n20004_cRA_LA_LL_covariance_s20,phase2/results/predictions/full/clean_only/resnet/seed_17/bandpass_n20004_cRA_LA_LL_covariance_s20.npz,76417,81d9ad7c5c9dabec2ad2ba4b7380e360014c7522a46ba8e44cc0280b5218d17f
resnet,clean_only,17,bandpass_n20004_cRA_LA_LL_covariance_s15,phase2/results/predictions/full/clean_only/resnet/seed_17/bandpass_n20004_cRA_LA_LL_covariance_s15.npz,76360,ff4e785b2dc3e0a8ddb275a286c6459c95eb83820326c1895b0ad9e1b7d63ffa
resnet,clean_only,17,bandpass_n20004_cRA_LA_LL_covariance_s10,phase2/results/predictions/full/clean_only/resnet/seed_17/bandpass_n20004_cRA_LA_LL_covariance_s10.npz,76169,f1a9d7cbb4a7b8752281f04f709b8010c223b1da543faca9ef9a878e2f9beda2
resnet,clean_only,17,bandpass_n20004_cRA_LA_LL_covariance_s5,phase2/results/predictions/full/clean_only/resnet/seed_17/bandpass_n20004_cRA_LA_LL_covariance_s5.npz,75816,a202b4f8aafff5543c4b73dda1f55c3563262cb24f9d5a94313cb5619ee4b2b8
resnet,clean_only,17,bandpass_n20004_cRA_LA_LL_covariance_s0,phase2/results/predictions/full/clean_only/resnet/seed_17/bandpass_n20004_cRA_LA_LL_covariance_s0.npz,75492,0f1e2117bd18fb6b92ed769cdddd5dabf153b5ff7b5428cdb23fd025834b4ebe
resnet,clean_only,17,bandpass_n20004_cV1_independent_rms_s20,phase2/results/predictions/full/clean_only/resnet/seed_17/bandpass_n20004_cV1_independent_rms_s20.npz,76494,21c407694615a844ba62c7c5cee594316e50d17bd557740458946e19bc1a1726
resnet,clean_only,17,bandpass_n20004_cV1_independent_rms_s15,phase2/results/predictions/full/clean_only/resnet/seed_17/bandpass_n20004_cV1_independent_rms_s15.npz,76441,310eba7f2b98e63a84b63b52514a703940859170acf810725326e94101f961a3
resnet,clean_only,17,bandpass_n20004_cV1_independent_rms_s10,phase2/results/predictions/full/clean_only/resnet/seed_17/bandpass_n20004_cV1_independent_rms_s10.npz,76296,7d27638a759b93ae2ea0c1d9854c43d51f0767d36dd69edee27ed5122c49cd3d
resnet,clean_only,17,bandpass_n20004_cV1_independent_rms_s5,phase2/results/predictions/full/clean_only/resnet/seed_17/bandpass_n20004_cV1_independent_rms_s5.npz,76097,400d897b44b57e82db9446c58fd6cf768c37296a57809f5d1b4117d3bb753ad1
resnet,clean_only,17,bandpass_n20004_cV1_independent_rms_s0,phase2/results/predictions/full/clean_only/resnet/seed_17/bandpass_n20004_cV1_independent_rms_s0.npz,75794,a76f69b83fa5a32ee18782633e50aea298c924b9c47cd5f50228ff4620f05b61
resnet,clean_only,17,bandpass_n20004_cV1_electrode_s20,phase2/results/predictions/full/clean_only/resnet/seed_17/bandpass_n20004_cV1_electrode_s20.npz,76449,40460534fe2c2f577e213d133be2557cd1ca392bf9f628f850970a4cfa2cbd26
resnet,clean_only,17,bandpass_n20004_cV1_electrode_s15,phase2/results/predictions/full/clean_only/resnet/seed_17/bandpass_n20004_cV1_electrode_s15.npz,76371,a7a0a7ca8b6019572d88a9004ff56e05841eacfa3a4524b8ee000e0a5a7640e1
resnet,clean_only,17,bandpass_n20004_cV1_electrode_s10,phase2/results/predictions/full/clean_only/resnet/seed_17/bandpass_n20004_cV1_electrode_s10.npz,76200,a38320afda9d43b0e7545a9a12082aa4faf5b71054712023075a35544445530c
resnet,clean_only,17,bandpass_n20004_cV1_electrode_s5,phase2/results/predictions/full/clean_only/resnet/seed_17/bandpass_n20004_cV1_electrode_s5.npz,76067,4a7446a287f889a50aab8e56965f837bf122580efb8da22b1649a0b8d3a50dc8
resnet,clean_only,17,bandpass_n20004_cV1_electrode_s0,phase2/results/predictions/full/clean_only/resnet/seed_17/bandpass_n20004_cV1_electrode_s0.npz,75760,e56216bb94f0fce499c99929b3e8464db266aaabdcd959863df1978736c2f9e7
resnet,clean_only,17,bandpass_n20004_cV1_covariance_s20,phase2/results/predictions/full/clean_only/resnet/seed_17/bandpass_n20004_cV1_covariance_s20.npz,76451,2cc519b2f4a98659c782592cb6398c3e00d2d0a2d1059455c34314b7d671d79d
resnet,clean_only,17,bandpass_n20004_cV1_covariance_s15,phase2/results/predictions/full/clean_only/resnet/seed_17/bandpass_n20004_cV1_covariance_s15.npz,76395,632954857e89dca7ac2a0d8ff82d8b59081bb2005649ea4722f9d215ab01bdab
resnet,clean_only,17,bandpass_n20004_cV1_covariance_s10,phase2/results/predictions/full/clean_only/resnet/seed_17/bandpass_n20004_cV1_covariance_s10.npz,76277,93057a21c61ba5f093097a70209c062b530fd2dae4d2659112a8607a57109229
resnet,clean_only,17,bandpass_n20004_cV1_covariance_s5,phase2/results/predictions/full/clean_only/resnet/seed_17/bandpass_n20004_cV1_covariance_s5.npz,76046,cd146d63d58e7a816f1e8b3b0aa844fcfd7fbfd01790fbdaf5b1b0d25b078e9b
resnet,clean_only,17,bandpass_n20004_cV1_covariance_s0,phase2/results/predictions/full/clean_only/resnet/seed_17/bandpass_n20004_cV1_covariance_s0.npz,75755,cf7de41a533de5da006353b221fed5ecbc697c1f3422f285386f0b3af32dbb46
resnet,clean_only,17,bandpass_n20004_cV2_independent_rms_s20,phase2/results/predictions/full/clean_only/resnet/seed_17/bandpass_n20004_cV2_independent_rms_s20.npz,76467,b8f55ef2d36e4ef8b8de0669e2f0afa6b81f6904238eaea482b548c52334d3b1
resnet,clean_only,17,bandpass_n20004_cV2_independent_rms_s15,phase2/results/predictions/full/clean_only/resnet/seed_17/bandpass_n20004_cV2_independent_rms_s15.npz,76424,02ebf9e99d267767409a8a832ea2aba8e81a93d8bac48e417119c0272ac191f7
resnet,clean_only,17,bandpass_n20004_cV2_independent_rms_s10,phase2/results/predictions/full/clean_only/resnet/seed_17/bandpass_n20004_cV2_independent_rms_s10.npz,76286,bc736535b5745d63a4ebd1a66f38c9ca9b577fac1f4b0c0d00435b052c212401
resnet,clean_only,17,bandpass_n20004_cV2_independent_rms_s5,phase2/results/predictions/full/clean_only/resnet/seed_17/bandpass_n20004_cV2_independent_rms_s5.npz,76026,80eed1a468227d2252f9ecba770f6d14bb51d1c42c37d6dd10d9e171710a6e35
resnet,clean_only,17,bandpass_n20004_cV2_independent_rms_s0,phase2/results/predictions/full/clean_only/resnet/seed_17/bandpass_n20004_cV2_independent_rms_s0.npz,75667,8215369094281022b3694d4bd4a5d8c5c3d9c9051684d38185438cc5a85d6531
resnet,clean_only,17,bandpass_n20004_cV2_electrode_s20,phase2/results/predictions/full/clean_only/resnet/seed_17/bandpass_n20004_cV2_electrode_s20.npz,76457,5e89ebd66a2151b7e77710561f25dae116395750cc173df9d075535a9db38690
resnet,clean_only,17,bandpass_n20004_cV2_electrode_s15,phase2/results/predictions/full/clean_only/resnet/seed_17/bandpass_n20004_cV2_electrode_s15.npz,76405,5511ab30d75f1c7108ce09d4a1cde86af395c3ce87e003b40d1596e55fc3af78
resnet,clean_only,17,bandpass_n20004_cV2_electrode_s10,phase2/results/predictions/full/clean_only/resnet/seed_17/bandpass_n20004_cV2_electrode_s10.npz,76288,6569ed88988bb539e02d89229fd0fc6b0383a8375c4d7d3bbd1efa05309d314a
resnet,clean_only,17,bandpass_n20004_cV2_electrode_s5,phase2/results/predictions/full/clean_only/resnet/seed_17/bandpass_n20004_cV2_electrode_s5.npz,76030,01dfab1e326a848a4d04309e1074fb59470144e142990a58db13861b3388130c
resnet,clean_only,17,bandpass_n20004_cV2_electrode_s0,phase2/results/predictions/full/clean_only/resnet/seed_17/bandpass_n20004_cV2_electrode_s0.npz,75624,fd2d952a8c242c0f19a35ce11fda385b69c7db3e1d35c90b1a8a28e7be2a3562
resnet,clean_only,17,bandpass_n20004_cV2_covariance_s20,phase2/results/predictions/full/clean_only/resnet/seed_17/bandpass_n20004_cV2_covariance_s20.npz,76441,930faf01a5959bcc802797c1effa7d13f302603c6f70575f71e0c3b2e6697eae
resnet,clean_only,17,bandpass_n20004_cV2_covariance_s15,phase2/results/predictions/full/clean_only/resnet/seed_17/bandpass_n20004_cV2_covariance_s15.npz,76418,ce60cad02d65125fa23b02f7fb3af81c99c097bb01f2ba7afdf70bbf77ceaf59
resnet,clean_only,17,bandpass_n20004_cV2_covariance_s10,phase2/results/predictions/full/clean_only/resnet/seed_17/bandpass_n20004_cV2_covariance_s10.npz,76282,1fd03d7ec929c6d1c7290b4e0148f78bb38756145853630a492c58a6564b6800
resnet,clean_only,17,bandpass_n20004_cV2_covariance_s5,phase2/results/predictions/full/clean_only/resnet/seed_17/bandpass_n20004_cV2_covariance_s5.npz,76051,062b88dff2586eed7970d297832657e60fd90903cfc6ebb552d4783aac1c5dc9
resnet,clean_only,17,bandpass_n20004_cV2_covariance_s0,phase2/results/predictions/full/clean_only/resnet/seed_17/bandpass_n20004_cV2_covariance_s0.npz,75653,2bceab4c2c497c4b0cab1fff1addc28306c7e8bac8be08539b2e081469b30a42
resnet,clean_only,17,bandpass_n20004_cV3_independent_rms_s20,phase2/results/predictions/full/clean_only/resnet/seed_17/bandpass_n20004_cV3_independent_rms_s20.npz,76441,c551e280366abef089460eaf90123524f90981ebb6f7eba53f19fb3f91c4a63a
resnet,clean_only,17,bandpass_n20004_cV3_independent_rms_s15,phase2/results/predictions/full/clean_only/resnet/seed_17/bandpass_n20004_cV3_independent_rms_s15.npz,76404,ef01cf7cbb64ea89346b265787959276ff075a6676b25512154a320b4232b43a
resnet,clean_only,17,bandpass_n20004_cV3_independent_rms_s10,phase2/results/predictions/full/clean_only/resnet/seed_17/bandpass_n20004_cV3_independent_rms_s10.npz,76266,aa895f92f2bb28acc9dbd96b53acca6090610ada911276e8dde12340002da5bd
resnet,clean_only,17,bandpass_n20004_cV3_independent_rms_s5,phase2/results/predictions/full/clean_only/resnet/seed_17/bandpass_n20004_cV3_independent_rms_s5.npz,76020,6b28e53332d26333fc1f7087aa36a25fd3af7c8f8436a33dd1b8c07d281cb6e9
resnet,clean_only,17,bandpass_n20004_cV3_independent_rms_s0,phase2/results/predictions/full/clean_only/resnet/seed_17/bandpass_n20004_cV3_independent_rms_s0.npz,75492,33dd5b2914e3d882c1fb1d528134f29d037aad77600c1b9a140faa6e95c5d751
resnet,clean_only,17,bandpass_n20004_cV3_electrode_s20,phase2/results/predictions/full/clean_only/resnet/seed_17/bandpass_n20004_cV3_electrode_s20.npz,76420,bb8bfa262c27570ae0b47eb63fbd8f0e69cd8ba43468d8e52d73983d51db6061
resnet,clean_only,17,bandpass_n20004_cV3_electrode_s15,phase2/results/predictions/full/clean_only/resnet/seed_17/bandpass_n20004_cV3_electrode_s15.npz,76389,3307fb2bdb3114022a466afbcc57647dcd4aeec39e3aae2fa78180c583e1078d
resnet,clean_only,17,bandpass_n20004_cV3_electrode_s10,phase2/results/predictions/full/clean_only/resnet/seed_17/bandpass_n20004_cV3_electrode_s10.npz,76275,9f70f72710a1edb8ab6d841ac39de02afa62697777c681b3b33d16692792e8b7
resnet,clean_only,17,bandpass_n20004_cV3_electrode_s5,phase2/results/predictions/full/clean_only/resnet/seed_17/bandpass_n20004_cV3_electrode_s5.npz,75980,7001ccb51e6a41cf8076b12ee58672408cbd2c7d41d88c12d235b615f9ffc6a5
resnet,clean_only,17,bandpass_n20004_cV3_electrode_s0,phase2/results/predictions/full/clean_only/resnet/seed_17/bandpass_n20004_cV3_electrode_s0.npz,75493,be046e6cd3c62a4e4df5f724ba3970faafbbeb3b620a6b0c8f6e9dfc34f99744
resnet,clean_only,17,bandpass_n20004_cV3_covariance_s20,phase2/results/predictions/full/clean_only/resnet/seed_17/bandpass_n20004_cV3_covariance_s20.npz,76433,0fbd96f85001bcc8b6ce00f4e966f4fedefd29ace04874e4bf5c8ae02a523c79
resnet,clean_only,17,bandpass_n20004_cV3_covariance_s15,phase2/results/predictions/full/clean_only/resnet/seed_17/bandpass_n20004_cV3_covariance_s15.npz,76399,b8666e854f2f5e8c0e07b8559ec4d45e9121ebb43c59a277a807d1b47d69dc4c
resnet,clean_only,17,bandpass_n20004_cV3_covariance_s10,phase2/results/predictions/full/clean_only/resnet/seed_17/bandpass_n20004_cV3_covariance_s10.npz,76282,060b5c040153bc1f99182c8fbb4c2b1a2dbc24089d2647e90fd3e7b016817ec0
resnet,clean_only,17,bandpass_n20004_cV3_covariance_s5,phase2/results/predictions/full/clean_only/resnet/seed_17/bandpass_n20004_cV3_covariance_s5.npz,76016,7562a240fced8650921c080246151d8816b7b63a2d0ecbb1b74272c25109aec2
resnet,clean_only,17,bandpass_n20004_cV3_covariance_s0,phase2/results/predictions/full/clean_only/resnet/seed_17/bandpass_n20004_cV3_covariance_s0.npz,75521,faf12fc127de3472b446842617f3323995a2a750d3ba2bf3c04d75f5fe76c0fe
resnet,clean_only,17,bandpass_n20004_cV4_independent_rms_s20,phase2/results/predictions/full/clean_only/resnet/seed_17/bandpass_n20004_cV4_independent_rms_s20.npz,76495,6b7b9d2d41c2fc9d0e0541173a8b2ac39da3c3dfe8c887629f71d1c85240a064
resnet,clean_only,17,bandpass_n20004_cV4_independent_rms_s15,phase2/results/predictions/full/clean_only/resnet/seed_17/bandpass_n20004_cV4_independent_rms_s15.npz,76469,692ca1954a53f29564ff45c2cab783cbec3b72a444d315f1c7b6f8f708d33e3f
resnet,clean_only,17,bandpass_n20004_cV4_independent_rms_s10,phase2/results/predictions/full/clean_only/resnet/seed_17/bandpass_n20004_cV4_independent_rms_s10.npz,76373,c71bdda559750e48c6c54118b12a8f53e2e7d33b4232aea743db0cb85cc9332b
resnet,clean_only,17,bandpass_n20004_cV4_independent_rms_s5,phase2/results/predictions/full/clean_only/resnet/seed_17/bandpass_n20004_cV4_independent_rms_s5.npz,76174,dfbf551316bddbf217296d5164ed7de4dafcad983645a201c280865e6018fbaa
resnet,clean_only,17,bandpass_n20004_cV4_independent_rms_s0,phase2/results/predictions/full/clean_only/resnet/seed_17/bandpass_n20004_cV4_independent_rms_s0.npz,75854,573c231ed160de7fee36b981dd9ff3dc918c5227d87853ca6f8a71d251fd4799
resnet,clean_only,17,bandpass_n20004_cV4_electrode_s20,phase2/results/predictions/full/clean_only/resnet/seed_17/bandpass_n20004_cV4_electrode_s20.npz,76453,e419011ba4843bb64e4b5b8d4dacdcd9f1301acc92a06a8b4e0aa90cf978df9c
resnet,clean_only,17,bandpass_n20004_cV4_electrode_s15,phase2/results/predictions/full/clean_only/resnet/seed_17/bandpass_n20004_cV4_electrode_s15.npz,76405,19f7efb553f15680bafca89049065cda20b810de24e88e0d4bee2fb5197a24c3
resnet,clean_only,17,bandpass_n20004_cV4_electrode_s10,phase2/results/predictions/full/clean_only/resnet/seed_17/bandpass_n20004_cV4_electrode_s10.npz,76371,a93b7b3444e7498c233aae15d29908332623b89be6320ca2bcf04dcab888864e
resnet,clean_only,17,bandpass_n20004_cV4_electrode_s5,phase2/results/predictions/full/clean_only/resnet/seed_17/bandpass_n20004_cV4_electrode_s5.npz,76179,8000a36ed4bf668598ce5c6d62528074e4d75ebbce7c64be88ecb8a26251a13e
resnet,clean_only,17,bandpass_n20004_cV4_electrode_s0,phase2/results/predictions/full/clean_only/resnet/seed_17/bandpass_n20004_cV4_electrode_s0.npz,75896,1e16dba54fd8e86d50168239cd1868c793aab50b89f6792d6a10512787ac6ee9
resnet,clean_only,17,bandpass_n20004_cV4_covariance_s20,phase2/results/predictions/full/clean_only/resnet/seed_17/bandpass_n20004_cV4_covariance_s20.npz,76476,9774099dabf4d985a1e5b7a9351d740d0c994e6a819f10ba7e745bee4e078040
resnet,clean_only,17,bandpass_n20004_cV4_covariance_s15,phase2/results/predictions/full/clean_only/resnet/seed_17/bandpass_n20004_cV4_covariance_s15.npz,76404,efd3a230e19aa6bc2f70dcd69059783c4c4bb40fd18d78c0d8fd3d6c99f331b3
resnet,clean_only,17,bandpass_n20004_cV4_covariance_s10,phase2/results/predictions/full/clean_only/resnet/seed_17/bandpass_n20004_cV4_covariance_s10.npz,76347,f21b96252a4a5fcc0d12ff7627e015675c3fc9dc459c51d7b908490e577afdff
resnet,clean_only,17,bandpass_n20004_cV4_covariance_s5,phase2/results/predictions/full/clean_only/resnet/seed_17/bandpass_n20004_cV4_covariance_s5.npz,76165,8cd0431c557869e7e5fd934956a72e4dd7551e705bb42352413930d661275d1e
resnet,clean_only,17,bandpass_n20004_cV4_covariance_s0,phase2/results/predictions/full/clean_only/resnet/seed_17/bandpass_n20004_cV4_covariance_s0.npz,75880,2edcb1086bd5ddb26e0c6696b7ce4fc1cc19ba43e4202fcf32a487b338fe021e
resnet,clean_only,17,bandpass_n20004_cV5_independent_rms_s20,phase2/results/predictions/full/clean_only/resnet/seed_17/bandpass_n20004_cV5_independent_rms_s20.npz,76463,f7e2f25ec8b3b19735bab375e6486d29f21db91635cbc8a51392fac9fe4538c8
resnet,clean_only,17,bandpass_n20004_cV5_independent_rms_s15,phase2/results/predictions/full/clean_only/resnet/seed_17/bandpass_n20004_cV5_independent_rms_s15.npz,76418,0b925a773f839d82780c720018a99e49d1dbfd30dab05919a256a3fb0f7b2c15
resnet,clean_only,17,bandpass_n20004_cV5_independent_rms_s10,phase2/results/predictions/full/clean_only/resnet/seed_17/bandpass_n20004_cV5_independent_rms_s10.npz,76302,83cd4fbee2d43509aa0be3bb2560c05c4ef0b3b521a3498a353a39111ee58d9c
resnet,clean_only,17,bandpass_n20004_cV5_independent_rms_s5,phase2/results/predictions/full/clean_only/resnet/seed_17/bandpass_n20004_cV5_independent_rms_s5.npz,76056,265c4714a174fd43369648888c27e88f185db54fb99394b5caa6701594286292
resnet,clean_only,17,bandpass_n20004_cV5_independent_rms_s0,phase2/results/predictions/full/clean_only/resnet/seed_17/bandpass_n20004_cV5_independent_rms_s0.npz,75558,b06727045879f620d46466bbf7fd8b80acc5c7bd3ecff1f1e7542509f47dbb20
resnet,clean_only,17,bandpass_n20004_cV5_electrode_s20,phase2/results/predictions/full/clean_only/resnet/seed_17/bandpass_n20004_cV5_electrode_s20.npz,76446,0ed84d4433fe6baf66441f1df8c7d2e63776ee25f5f88c49aeee447b3ea730cf
resnet,clean_only,17,bandpass_n20004_cV5_electrode_s15,phase2/results/predictions/full/clean_only/resnet/seed_17/bandpass_n20004_cV5_electrode_s15.npz,76423,7e12765a2fceb267cee7dfb1618de267aa81205c08a1b84b675b5e990b98d1ac
resnet,clean_only,17,bandpass_n20004_cV5_electrode_s10,phase2/results/predictions/full/clean_only/resnet/seed_17/bandpass_n20004_cV5_electrode_s10.npz,76293,bfbc5bbd3c03943ba894930e94f3c2466311f24e90c5caf80f3fd8b0fd80c252
resnet,clean_only,17,bandpass_n20004_cV5_electrode_s5,phase2/results/predictions/full/clean_only/resnet/seed_17/bandpass_n20004_cV5_electrode_s5.npz,76052,bd06a6c0965ccbfb6bca484b8463d517069bd41f7c12488e541e80a94d688b06
resnet,clean_only,17,bandpass_n20004_cV5_electrode_s0,phase2/results/predictions/full/clean_only/resnet/seed_17/bandpass_n20004_cV5_electrode_s0.npz,75567,9f5ecda870edd69bef43345ad9e198734aa9ff4279a2854962c6188e32eceba0
resnet,clean_only,17,bandpass_n20004_cV5_covariance_s20,phase2/results/predictions/full/clean_only/resnet/seed_17/bandpass_n20004_cV5_covariance_s20.npz,76436,922dee19772c7931265e368aa4b69d7496545cef678f12e656f520a93df01a54
resnet,clean_only,17,bandpass_n20004_cV5_covariance_s15,phase2/results/predictions/full/clean_only/resnet/seed_17/bandpass_n20004_cV5_covariance_s15.npz,76397,5b981ab9ec9c4647222cedf74aa54d8bf289f64ae4383c7d46ef9193ebadb260
resnet,clean_only,17,bandpass_n20004_cV5_covariance_s10,phase2/results/predictions/full/clean_only/resnet/seed_17/bandpass_n20004_cV5_covariance_s10.npz,76307,eab65cd12f043d150055227610ebc7bec6ef4445ec68a40fe9c142e2a4bac092
resnet,clean_only,17,bandpass_n20004_cV5_covariance_s5,phase2/results/predictions/full/clean_only/resnet/seed_17/bandpass_n20004_cV5_covariance_s5.npz,75986,4c9e3e78d00fe4787c6a3de5bcc86e409a4acbb9df12b4ab0fa878f5b71c9f00
resnet,clean_only,17,bandpass_n20004_cV5_covariance_s0,phase2/results/predictions/full/clean_only/resnet/seed_17/bandpass_n20004_cV5_covariance_s0.npz,75589,61fd3a9029db7ceb84d35ca88b504b9425ebcf790ec8509b7674c25ca37d5806
resnet,clean_only,17,bandpass_n20004_cV6_independent_rms_s20,phase2/results/predictions/full/clean_only/resnet/seed_17/bandpass_n20004_cV6_independent_rms_s20.npz,76472,7b7408dbbd2d38a14abc228493d79c17bbe2a16e6a452596a14382fd1a217cc1
resnet,clean_only,17,bandpass_n20004_cV6_independent_rms_s15,phase2/results/predictions/full/clean_only/resnet/seed_17/bandpass_n20004_cV6_independent_rms_s15.npz,76436,bb5fab9f12133418e99fa91ab40a7d3dbe10426a55954f34aadbf025860769a9
resnet,clean_only,17,bandpass_n20004_cV6_independent_rms_s10,phase2/results/predictions/full/clean_only/resnet/seed_17/bandpass_n20004_cV6_independent_rms_s10.npz,76273,26d5b8edbfa17ff8382244592cd2cda03d61e355d7bfbe31f6202a36e9f07d32
resnet,clean_only,17,bandpass_n20004_cV6_independent_rms_s5,phase2/results/predictions/full/clean_only/resnet/seed_17/bandpass_n20004_cV6_independent_rms_s5.npz,75985,e27d1bf8eac600ccb74a5826adba5bf04714e38911b9ad170a23f40d4aca8037
resnet,clean_only,17,bandpass_n20004_cV6_independent_rms_s0,phase2/results/predictions/full/clean_only/resnet/seed_17/bandpass_n20004_cV6_independent_rms_s0.npz,75582,468f4258b4e2c7c8ce8402cd82c67848dfb027202a4371aa4754d02888395b99
resnet,clean_only,17,bandpass_n20004_cV6_electrode_s20,phase2/results/predictions/full/clean_only/resnet/seed_17/bandpass_n20004_cV6_electrode_s20.npz,76443,2680cff9294ca42a430e697462a2545891c6aa23842ee631ed605b4216048aca
resnet,clean_only,17,bandpass_n20004_cV6_electrode_s15,phase2/results/predictions/full/clean_only/resnet/seed_17/bandpass_n20004_cV6_electrode_s15.npz,76390,637bf44bf212fb42b5f15e22290e6b711d70dfaeb77172062175bbe3b16d591b
resnet,clean_only,17,bandpass_n20004_cV6_electrode_s10,phase2/results/predictions/full/clean_only/resnet/seed_17/bandpass_n20004_cV6_electrode_s10.npz,76250,8985b253e3974c599ddcb6199ac12822ae36a13462ef82a85f3a0fe681e1774e
resnet,clean_only,17,bandpass_n20004_cV6_electrode_s5,phase2/results/predictions/full/clean_only/resnet/seed_17/bandpass_n20004_cV6_electrode_s5.npz,75967,cb06aab06170cba2f67f2847067474bfe72362e64a12a6428e160d321f2740c3
resnet,clean_only,17,bandpass_n20004_cV6_electrode_s0,phase2/results/predictions/full/clean_only/resnet/seed_17/bandpass_n20004_cV6_electrode_s0.npz,75540,41d4f10f2f6414ebaf33d324fbb6c130fca4b1436e615c660450ddc82e2aba02
resnet,clean_only,17,bandpass_n20004_cV6_covariance_s20,phase2/results/predictions/full/clean_only/resnet/seed_17/bandpass_n20004_cV6_covariance_s20.npz,76450,6c37616d0067ec34b6db11f0eee256f6ce0a807ae5add3a5190fc165ca8a966d
resnet,clean_only,17,bandpass_n20004_cV6_covariance_s15,phase2/results/predictions/full/clean_only/resnet/seed_17/bandpass_n20004_cV6_covariance_s15.npz,76383,7b65df830adf76f2dfa1fb2d10329342a3dadbcde57eb9386cf11242fdf641a1
resnet,clean_only,17,bandpass_n20004_cV6_covariance_s10,phase2/results/predictions/full/clean_only/resnet/seed_17/bandpass_n20004_cV6_covariance_s10.npz,76263,8bcfb24e2b769edbc3b3b29358fe0e7447e75f3adeb0a62323254aa58398c02c
resnet,clean_only,17,bandpass_n20004_cV6_covariance_s5,phase2/results/predictions/full/clean_only/resnet/seed_17/bandpass_n20004_cV6_covariance_s5.npz,75943,4a96e1ea0ff30fdd6e92035bdef5471c4e1bef0c4e9b3d4642c98cac7297c24f
resnet,clean_only,17,bandpass_n20004_cV6_covariance_s0,phase2/results/predictions/full/clean_only/resnet/seed_17/bandpass_n20004_cV6_covariance_s0.npz,75544,4ba34e8f4297293ffb1ae7033f43c275448839d45842751bc72c5b260e0c8a1b
resnet,clean_only,17,bandpass_n20004_cRA_LA_independent_rms_s20,phase2/results/predictions/full/clean_only/resnet/seed_17/bandpass_n20004_cRA_LA_independent_rms_s20.npz,76479,69a7efff9383697f2006ec611e831c641d17484dece6da14179c2d171b0f2c57
resnet,clean_only,17,bandpass_n20004_cRA_LA_independent_rms_s15,phase2/results/predictions/full/clean_only/resnet/seed_17/bandpass_n20004_cRA_LA_independent_rms_s15.npz,76420,6a5b04bf8ef8ab720fcd21a7db0f25d6e116a667d0b7c6f5824c74c10420ef87
resnet,clean_only,17,bandpass_n20004_cRA_LA_independent_rms_s10,phase2/results/predictions/full/clean_only/resnet/seed_17/bandpass_n20004_cRA_LA_independent_rms_s10.npz,76257,7c813294a5f5680d52b82862ed4bd2b1e1d64931333d23c7fa578fc9b7aac9bc
resnet,clean_only,17,bandpass_n20004_cRA_LA_independent_rms_s5,phase2/results/predictions/full/clean_only/resnet/seed_17/bandpass_n20004_cRA_LA_independent_rms_s5.npz,75987,9cea3d2eac6b93f4a8a3790e76d8457bcf12c0de1040c0d0d66c5fb50707509d
resnet,clean_only,17,bandpass_n20004_cRA_LA_independent_rms_s0,phase2/results/predictions/full/clean_only/resnet/seed_17/bandpass_n20004_cRA_LA_independent_rms_s0.npz,75548,2bbe022eaeac68652460e26a61afaf410b2c8f59d315b74446ac72298475a448
resnet,clean_only,17,bandpass_n20004_cRA_LA_electrode_s20,phase2/results/predictions/full/clean_only/resnet/seed_17/bandpass_n20004_cRA_LA_electrode_s20.npz,76422,982b292806a340e6dc2fa1abd2dc91710795a8cd4d26eb9548d51e91052a62f7
resnet,clean_only,17,bandpass_n20004_cRA_LA_electrode_s15,phase2/results/predictions/full/clean_only/resnet/seed_17/bandpass_n20004_cRA_LA_electrode_s15.npz,76394,73cd2709a35eb9c559888e79b5299a98ba020997d668ac346303d9a49d921c47
resnet,clean_only,17,bandpass_n20004_cRA_LA_electrode_s10,phase2/results/predictions/full/clean_only/resnet/seed_17/bandpass_n20004_cRA_LA_electrode_s10.npz,76182,a0797bcb8c0e1be6c6c6946edce4d56a7ade154bb76046cf7fb6db8003e2b91c
resnet,clean_only,17,bandpass_n20004_cRA_LA_electrode_s5,phase2/results/predictions/full/clean_only/resnet/seed_17/bandpass_n20004_cRA_LA_electrode_s5.npz,75850,b3eebb9d62b3cf48a0a0ff803458828130cf9ed3c9b71d6298fa1a938995aebd
resnet,clean_only,17,bandpass_n20004_cRA_LA_electrode_s0,phase2/results/predictions/full/clean_only/resnet/seed_17/bandpass_n20004_cRA_LA_electrode_s0.npz,75514,43018885bbe48df21333fd720e69f71bc005f9bb95ecc5b2b9bec87a71efa02e
resnet,clean_only,17,bandpass_n20004_cRA_LA_covariance_s20,phase2/results/predictions/full/clean_only/resnet/seed_17/bandpass_n20004_cRA_LA_covariance_s20.npz,76447,159dc0e7715b231274eb11f63d78241dd11c61d1777c2c61c8824bc0d834ffc7
resnet,clean_only,17,bandpass_n20004_cRA_LA_covariance_s15,phase2/results/predictions/full/clean_only/resnet/seed_17/bandpass_n20004_cRA_LA_covariance_s15.npz,76367,09a030fb352c342559a1af40c47d82ff2f43428a5f96addc9484c4f18cc32895
resnet,clean_only,17,bandpass_n20004_cRA_LA_covariance_s10,phase2/results/predictions/full/clean_only/resnet/seed_17/bandpass_n20004_cRA_LA_covariance_s10.npz,76177,d0df7005448ac4cbb8a52a18a02aaed3acc5111272f28e2126b4ddbd84d05c51
resnet,clean_only,17,bandpass_n20004_cRA_LA_covariance_s5,phase2/results/predictions/full/clean_only/resnet/seed_17/bandpass_n20004_cRA_LA_covariance_s5.npz,75870,a5784b908e2f9177f34bf6c710b2e84495d463e3101d18bfa00ae728bb501ce6
resnet,clean_only,17,bandpass_n20004_cRA_LA_covariance_s0,phase2/results/predictions/full/clean_only/resnet/seed_17/bandpass_n20004_cRA_LA_covariance_s0.npz,75472,016f8c40c90ba4e900361a548df6704cf205cb6b8730d338a328886a6149a705
resnet,clean_only,17,bandpass_n20004_cLA_LL_independent_rms_s20,phase2/results/predictions/full/clean_only/resnet/seed_17/bandpass_n20004_cLA_LL_independent_rms_s20.npz,76467,7f20d21443f48309c1783ae2d405b1d56b38c6a2fd667d04609489c252aaec32
resnet,clean_only,17,bandpass_n20004_cLA_LL_independent_rms_s15,phase2/results/predictions/full/clean_only/resnet/seed_17/bandpass_n20004_cLA_LL_independent_rms_s15.npz,76435,b15ae3cc4da7b3d9cc865e5eb1e47a23afc818fcd0cbab422b674be6b1f12426
resnet,clean_only,17,bandpass_n20004_cLA_LL_independent_rms_s10,phase2/results/predictions/full/clean_only/resnet/seed_17/bandpass_n20004_cLA_LL_independent_rms_s10.npz,76227,edc8cd0d56f3ab4f199ad14297f579405ec76aec2881f1ffff848f4d97a0d736
resnet,clean_only,17,bandpass_n20004_cLA_LL_independent_rms_s5,phase2/results/predictions/full/clean_only/resnet/seed_17/bandpass_n20004_cLA_LL_independent_rms_s5.npz,75956,588ac3ea5abfe673a81f1ef2e511dfdce3f62a08abca9b6ddb76f20781520d43
resnet,clean_only,17,bandpass_n20004_cLA_LL_independent_rms_s0,phase2/results/predictions/full/clean_only/resnet/seed_17/bandpass_n20004_cLA_LL_independent_rms_s0.npz,75546,5128ee052384317bcc0b5ae458c23662d2ec4627fb4f3ea1b6c957e43aa59de7
resnet,clean_only,17,bandpass_n20004_cLA_LL_electrode_s20,phase2/results/predictions/full/clean_only/resnet/seed_17/bandpass_n20004_cLA_LL_electrode_s20.npz,76442,ea4045e81cb5d7aea2812e38d89c818902d58ec80a0df9ca5517278e13a49623
resnet,clean_only,17,bandpass_n20004_cLA_LL_electrode_s15,phase2/results/predictions/full/clean_only/resnet/seed_17/bandpass_n20004_cLA_LL_electrode_s15.npz,76359,e234eb22c801ad153e8dea5bb3239617fa9008b86cbcca306b103fe66e8f0353
resnet,clean_only,17,bandpass_n20004_cLA_LL_electrode_s10,phase2/results/predictions/full/clean_only/resnet/seed_17/bandpass_n20004_cLA_LL_electrode_s10.npz,76151,eda8f9c04e08f298f1c0d57690e67d1a4d498159c159c2742f61e8ef97da722a
resnet,clean_only,17,bandpass_n20004_cLA_LL_electrode_s5,phase2/results/predictions/full/clean_only/resnet/seed_17/bandpass_n20004_cLA_LL_electrode_s5.npz,75809,0252f3bfda5e680555c79cdc6d2cebd672a152ad4b8af8f6d41a1551ba559590
resnet,clean_only,17,bandpass_n20004_cLA_LL_electrode_s0,phase2/results/predictions/full/clean_only/resnet/seed_17/bandpass_n20004_cLA_LL_electrode_s0.npz,75503,6393e12389dbbf1b2901f6a78d2a0d4e7e700aa25b375fc1f876a706b3fdf31b
resnet,clean_only,17,bandpass_n20004_cLA_LL_covariance_s20,phase2/results/predictions/full/clean_only/resnet/seed_17/bandpass_n20004_cLA_LL_covariance_s20.npz,76455,e309f8cf677ddcfbd4dc6ee3f2a38d393952c29aaa6841256c2328f08dd538bd
resnet,clean_only,17,bandpass_n20004_cLA_LL_covariance_s15,phase2/results/predictions/full/clean_only/resnet/seed_17/bandpass_n20004_cLA_LL_covariance_s15.npz,76359,789e324820ed7f933489ef996a0bac04ab39841f3dcd65d5555315ccffe4c9f8
resnet,clean_only,17,bandpass_n20004_cLA_LL_covariance_s10,phase2/results/predictions/full/clean_only/resnet/seed_17/bandpass_n20004_cLA_LL_covariance_s10.npz,76139,3077fb14058070cdc61a531252282e5b035ecb95ca3d08f9eaefc9db7e48c887
resnet,clean_only,17,bandpass_n20004_cLA_LL_covariance_s5,phase2/results/predictions/full/clean_only/resnet/seed_17/bandpass_n20004_cLA_LL_covariance_s5.npz,75802,b49b23bac927d575da3e7c1a9138e38d0e5b079f077e70790d8f456ab80da103
resnet,clean_only,17,bandpass_n20004_cLA_LL_covariance_s0,phase2/results/predictions/full/clean_only/resnet/seed_17/bandpass_n20004_cLA_LL_covariance_s0.npz,75456,7238f79c95fe1ed328a6cc15d193cff2ae18e45d27dd0c92a88082f7bb76aa37
resnet,clean_only,17,bandpass_n20004_cRA_LL_independent_rms_s20,phase2/results/predictions/full/clean_only/resnet/seed_17/bandpass_n20004_cRA_LL_independent_rms_s20.npz,76449,fdfcfa7feccedd6bd3ef4932d66daa5cf804b6077aa0587919f2bc3fd21bb6a4
resnet,clean_only,17,bandpass_n20004_cRA_LL_independent_rms_s15,phase2/results/predictions/full/clean_only/resnet/seed_17/bandpass_n20004_cRA_LL_independent_rms_s15.npz,76431,5e13f65afba2996612b3afe6faaacc0656ec4ed94644de4fa1c9c48317626072
resnet,clean_only,17,bandpass_n20004_cRA_LL_independent_rms_s10,phase2/results/predictions/full/clean_only/resnet/seed_17/bandpass_n20004_cRA_LL_independent_rms_s10.npz,76233,cc348818f75638d7eed8c0aa694456b48a9af59535b36113e9eb7a9af1985276
resnet,clean_only,17,bandpass_n20004_cRA_LL_independent_rms_s5,phase2/results/predictions/full/clean_only/resnet/seed_17/bandpass_n20004_cRA_LL_independent_rms_s5.npz,75959,4797fad3816ce550577a3add918f4ca05193216946ced25871999c9459b4d6e5
resnet,clean_only,17,bandpass_n20004_cRA_LL_independent_rms_s0,phase2/results/predictions/full/clean_only/resnet/seed_17/bandpass_n20004_cRA_LL_independent_rms_s0.npz,75541,15cb124071acf42006aecf8e87bade1867116bcc529829dc25eeb743c08dad1c
resnet,clean_only,17,bandpass_n20004_cRA_LL_electrode_s20,phase2/results/predictions/full/clean_only/resnet/seed_17/bandpass_n20004_cRA_LL_electrode_s20.npz,76425,a73bd5f9bce71de012baa2388e5e02d07b0461b9f89acb64f6f5ac3fdb2bc9de
resnet,clean_only,17,bandpass_n20004_cRA_LL_electrode_s15,phase2/results/predictions/full/clean_only/resnet/seed_17/bandpass_n20004_cRA_LL_electrode_s15.npz,76330,8036c861a18457a071b5dcb310b968236ffb17093cac1c49409acce46085b80c
resnet,clean_only,17,bandpass_n20004_cRA_LL_electrode_s10,phase2/results/predictions/full/clean_only/resnet/seed_17/bandpass_n20004_cRA_LL_electrode_s10.npz,76133,efc17d529390129542ef2633fcb47073a5164ca1c1d7ba7b8cc1527fac384b67
resnet,clean_only,17,bandpass_n20004_cRA_LL_electrode_s5,phase2/results/predictions/full/clean_only/resnet/seed_17/bandpass_n20004_cRA_LL_electrode_s5.npz,75805,02e511facb8b1d3c5bedd45054bce3392a2ef825c8d93352829ecd9de5f880fd
resnet,clean_only,17,bandpass_n20004_cRA_LL_electrode_s0,phase2/results/predictions/full/clean_only/resnet/seed_17/bandpass_n20004_cRA_LL_electrode_s0.npz,75498,c1a0d62ef9c5b4abbd43d0927fa6f93422c563b56e2546152052afced6d08c29
resnet,clean_only,17,bandpass_n20004_cRA_LL_covariance_s20,phase2/results/predictions/full/clean_only/resnet/seed_17/bandpass_n20004_cRA_LL_covariance_s20.npz,76435,256142d21e95fb2f693786ed5c22b99f063d6c610aef3c4225d37089ffd1653e
resnet,clean_only,17,bandpass_n20004_cRA_LL_covariance_s15,phase2/results/predictions/full/clean_only/resnet/seed_17/bandpass_n20004_cRA_LL_covariance_s15.npz,76375,7486f4fba894e547acb23f1ba0cc9c2fb75c16b40bbbf7ffb7f09370bab3a727
resnet,clean_only,17,bandpass_n20004_cRA_LL_covariance_s10,phase2/results/predictions/full/clean_only/resnet/seed_17/bandpass_n20004_cRA_LL_covariance_s10.npz,76136,5721b6cf756616641a30510f96d36e2b016d6e8a81229a58d5d4a497b1e5425c
resnet,clean_only,17,bandpass_n20004_cRA_LL_covariance_s5,phase2/results/predictions/full/clean_only/resnet/seed_17/bandpass_n20004_cRA_LL_covariance_s5.npz,75796,66e0a13c651896cde325c1ee6950207fb9fc1d62f0ce584489fd612b7b62e4f7
resnet,clean_only,17,bandpass_n20004_cRA_LL_covariance_s0,phase2/results/predictions/full/clean_only/resnet/seed_17/bandpass_n20004_cRA_LL_covariance_s0.npz,75482,e51ace30d29d04608f4ad65cc4ebc73545813928d2d505408e7726ea55462e37
resnet,clean_only,17,bandpass_n20004_cRA_independent_rms_s20,phase2/results/predictions/full/clean_only/resnet/seed_17/bandpass_n20004_cRA_independent_rms_s20.npz,76490,47e770ffbffec0b3c4128fe58bcf8e6a76df880462138aaedc8317c2b6d54989
resnet,clean_only,17,bandpass_n20004_cRA_independent_rms_s15,phase2/results/predictions/full/clean_only/resnet/seed_17/bandpass_n20004_cRA_independent_rms_s15.npz,76388,818b829e8d1d1857775ed3ad74b909e9f824b45e8e220c2e302fe8a3c124cbfd
resnet,clean_only,17,bandpass_n20004_cRA_independent_rms_s10,phase2/results/predictions/full/clean_only/resnet/seed_17/bandpass_n20004_cRA_independent_rms_s10.npz,76263,8d444226928c5a8cdb5c84671b14b810bd30d300b9cafa6b1f85f0ac4a0556d2
resnet,clean_only,17,bandpass_n20004_cRA_independent_rms_s5,phase2/results/predictions/full/clean_only/resnet/seed_17/bandpass_n20004_cRA_independent_rms_s5.npz,75929,c23134accc680f3b718fea9ff800102b25663ea67d3b22edf8af4d551fa6e5d0
resnet,clean_only,17,bandpass_n20004_cRA_independent_rms_s0,phase2/results/predictions/full/clean_only/resnet/seed_17/bandpass_n20004_cRA_independent_rms_s0.npz,75535,9e27de591b49a63ef23acaaa6303f9c194d817b42356831e1c8b8f3c66e54694
resnet,clean_only,17,bandpass_n20004_cRA_electrode_s20,phase2/results/predictions/full/clean_only/resnet/seed_17/bandpass_n20004_cRA_electrode_s20.npz,76459,775d35510628214d758cc151c38c946360e9a8674880282361d08f1d2d6267e1
resnet,clean_only,17,bandpass_n20004_cRA_electrode_s15,phase2/results/predictions/full/clean_only/resnet/seed_17/bandpass_n20004_cRA_electrode_s15.npz,76365,e942fdd0cf3419d1450ae6e520cd4ae85fdc2f54999c6ea7d8c3c1cb72fdf5fc
resnet,clean_only,17,bandpass_n20004_cRA_electrode_s10,phase2/results/predictions/full/clean_only/resnet/seed_17/bandpass_n20004_cRA_electrode_s10.npz,76205,88ffd32cbf90f53b61233e53cd7b2f00613fc0b5cfe57ab02351dcdd00065466
resnet,clean_only,17,bandpass_n20004_cRA_electrode_s5,phase2/results/predictions/full/clean_only/resnet/seed_17/bandpass_n20004_cRA_electrode_s5.npz,75844,f6dfb00d731ebdad7435fd62bdc9af602cfe60154b88704322dbbea854975c77
resnet,clean_only,17,bandpass_n20004_cRA_electrode_s0,phase2/results/predictions/full/clean_only/resnet/seed_17/bandpass_n20004_cRA_electrode_s0.npz,75562,40f2df1b8c4b6bf520da311afd4abaa4d10d613ab1387e8c7120b9f9abaa0cc8
resnet,clean_only,17,bandpass_n20004_cRA_covariance_s20,phase2/results/predictions/full/clean_only/resnet/seed_17/bandpass_n20004_cRA_covariance_s20.npz,76452,99a11283e4f25c4a85f8c920b1e859df6df9b8e1e2c0646551db8c278f6873d4
resnet,clean_only,17,bandpass_n20004_cRA_covariance_s15,phase2/results/predictions/full/clean_only/resnet/seed_17/bandpass_n20004_cRA_covariance_s15.npz,76369,66611d2989fd3df214a89a4393aae9cb3a16a2af67bca8fada2f45d305051bbd
resnet,clean_only,17,bandpass_n20004_cRA_covariance_s10,phase2/results/predictions/full/clean_only/resnet/seed_17/bandpass_n20004_cRA_covariance_s10.npz,76183,9ac8a3c7599547333f345a2335c56194637b6c087493cb282a52399876466224
resnet,clean_only,17,bandpass_n20004_cRA_covariance_s5,phase2/results/predictions/full/clean_only/resnet/seed_17/bandpass_n20004_cRA_covariance_s5.npz,75899,99293700fa46e27fa44482706aee8c92f210e4773ef7d3a1d20a1468849fb1b5
resnet,clean_only,17,bandpass_n20004_cRA_covariance_s0,phase2/results/predictions/full/clean_only/resnet/seed_17/bandpass_n20004_cRA_covariance_s0.npz,75523,fabbdf3f2ff1b54f910fef54e8ce7325d3478be9fb3b389a5c0e4323050e6551
resnet,clean_only,17,bandpass_n20004_cLA_independent_rms_s20,phase2/results/predictions/full/clean_only/resnet/seed_17/bandpass_n20004_cLA_independent_rms_s20.npz,76433,c7c0fe4cfdff85b17715e949c1ebdf20434203b1e3cdbcea0b2b6b36e9d59762
resnet,clean_only,17,bandpass_n20004_cLA_independent_rms_s15,phase2/results/predictions/full/clean_only/resnet/seed_17/bandpass_n20004_cLA_independent_rms_s15.npz,76424,89980128be9d5b8ac28d17f6fd1fed46e178b9e28388ef74980a89d734d210db
resnet,clean_only,17,bandpass_n20004_cLA_independent_rms_s10,phase2/results/predictions/full/clean_only/resnet/seed_17/bandpass_n20004_cLA_independent_rms_s10.npz,76242,6709f77cf3d60824b3ffe44d16766e14e9b18da23f4d0abcd68c503e85466bb3
resnet,clean_only,17,bandpass_n20004_cLA_independent_rms_s5,phase2/results/predictions/full/clean_only/resnet/seed_17/bandpass_n20004_cLA_independent_rms_s5.npz,75987,d373185e63f465e6c33fa115dd0b29df93da4adf5821fc9024971fa63b73bbff
resnet,clean_only,17,bandpass_n20004_cLA_independent_rms_s0,phase2/results/predictions/full/clean_only/resnet/seed_17/bandpass_n20004_cLA_independent_rms_s0.npz,75535,5754302236fba86681f0f09537180226a8d5254bcf1a7f1bb593beeb19ad9473
resnet,clean_only,17,bandpass_n20004_cLA_electrode_s20,phase2/results/predictions/full/clean_only/resnet/seed_17/bandpass_n20004_cLA_electrode_s20.npz,76454,eac4a4722e7752a84f31606b395aca3392ff282e86ca93ecee7ed0c9e8c9b9a7
resnet,clean_only,17,bandpass_n20004_cLA_electrode_s15,phase2/results/predictions/full/clean_only/resnet/seed_17/bandpass_n20004_cLA_electrode_s15.npz,76380,2a6dea6c34aba27b096733c332d1e25871d6e22743bc63e4ca3feaafcfd2e3e1
resnet,clean_only,17,bandpass_n20004_cLA_electrode_s10,phase2/results/predictions/full/clean_only/resnet/seed_17/bandpass_n20004_cLA_electrode_s10.npz,76217,0601a2ee3833167d4a90e78f8fafd09c5e7cbf79fe3a06a54d147ddce9d53ca4
resnet,clean_only,17,bandpass_n20004_cLA_electrode_s5,phase2/results/predictions/full/clean_only/resnet/seed_17/bandpass_n20004_cLA_electrode_s5.npz,75855,0d0ccc46db6d6e657ac34b9b7ddce3b47e899702443b82a9c175492528f8740c
resnet,clean_only,17,bandpass_n20004_cLA_electrode_s0,phase2/results/predictions/full/clean_only/resnet/seed_17/bandpass_n20004_cLA_electrode_s0.npz,75453,0a24f85329020c29c72b062b08de9183c5a2ce8da2f5376faab29271096f45ec
resnet,clean_only,17,bandpass_n20004_cLA_covariance_s20,phase2/results/predictions/full/clean_only/resnet/seed_17/bandpass_n20004_cLA_covariance_s20.npz,76449,1f5bd80d81ca2ba14e6016fb743a06c8ebf769e0f5ef011c64ed732759fdff95
resnet,clean_only,17,bandpass_n20004_cLA_covariance_s15,phase2/results/predictions/full/clean_only/resnet/seed_17/bandpass_n20004_cLA_covariance_s15.npz,76392,d502ca62fae93c84590138ccfd0c36f7b683bc0cdfa4faf50699c6af158cae92
resnet,clean_only,17,bandpass_n20004_cLA_covariance_s10,phase2/results/predictions/full/clean_only/resnet/seed_17/bandpass_n20004_cLA_covariance_s10.npz,76185,ab9a68b0f51c2b7cbcbe0000e341c39dd5a5ac3eb2fe22f948b030c36c1a4efa
resnet,clean_only,17,bandpass_n20004_cLA_covariance_s5,phase2/results/predictions/full/clean_only/resnet/seed_17/bandpass_n20004_cLA_covariance_s5.npz,75862,fce3964850f174dae24a73370ba96a5bb216a29570944fda605215ea78708320
resnet,clean_only,17,bandpass_n20004_cLA_covariance_s0,phase2/results/predictions/full/clean_only/resnet/seed_17/bandpass_n20004_cLA_covariance_s0.npz,75427,7decb3c8a0a10aaf272cb7eb64cf66cddad59d0adb13268bf0ddc7b0dd77b352
resnet,clean_only,17,bandpass_n20004_cLL_independent_rms_s20,phase2/results/predictions/full/clean_only/resnet/seed_17/bandpass_n20004_cLL_independent_rms_s20.npz,76439,f6bf50710336c45b79790e5977f539356944fe27d9702612c43d656d44211986
resnet,clean_only,17,bandpass_n20004_cLL_independent_rms_s15,phase2/results/predictions/full/clean_only/resnet/seed_17/bandpass_n20004_cLL_independent_rms_s15.npz,76363,f59600d208b3cfa0ef95fba3bc755f692e5389c0d55cb06c682d4f5898aca67a
resnet,clean_only,17,bandpass_n20004_cLL_independent_rms_s10,phase2/results/predictions/full/clean_only/resnet/seed_17/bandpass_n20004_cLL_independent_rms_s10.npz,76246,46647c0349c198f4cac44bf59c91cc2f9be43948fc9d2109e5ae6b1067b38f7b
resnet,clean_only,17,bandpass_n20004_cLL_independent_rms_s5,phase2/results/predictions/full/clean_only/resnet/seed_17/bandpass_n20004_cLL_independent_rms_s5.npz,75927,34b69388369fb89f69fd9677517feb61ff54b6b9661bbd7c6db491b0c4d69e7e
resnet,clean_only,17,bandpass_n20004_cLL_independent_rms_s0,phase2/results/predictions/full/clean_only/resnet/seed_17/bandpass_n20004_cLL_independent_rms_s0.npz,75459,8b0f83ab12ba10b28bef2aecd2907900f62c3c1e17b9106e48b090811a7227fe
resnet,clean_only,17,bandpass_n20004_cLL_electrode_s20,phase2/results/predictions/full/clean_only/resnet/seed_17/bandpass_n20004_cLL_electrode_s20.npz,76419,e10ccba3e44120db7bdbdb188cfc166ea44bf279d0cb02dc2ba84d6f66afdaa8
resnet,clean_only,17,bandpass_n20004_cLL_electrode_s15,phase2/results/predictions/full/clean_only/resnet/seed_17/bandpass_n20004_cLL_electrode_s15.npz,76334,f148d28a91846b6fc932b1f47f5e4c019893c19b7f98c35e193c13889895bb4f
resnet,clean_only,17,bandpass_n20004_cLL_electrode_s10,phase2/results/predictions/full/clean_only/resnet/seed_17/bandpass_n20004_cLL_electrode_s10.npz,76095,1672192963fb08a6f8c8992d0e5a796c137d8272243cda7ea01c622080431b59
resnet,clean_only,17,bandpass_n20004_cLL_electrode_s5,phase2/results/predictions/full/clean_only/resnet/seed_17/bandpass_n20004_cLL_electrode_s5.npz,75847,e5178bbd2d693529ce096b03fca45d495bde70fb89274372e3fc76e3ed8b11b1
resnet,clean_only,17,bandpass_n20004_cLL_electrode_s0,phase2/results/predictions/full/clean_only/resnet/seed_17/bandpass_n20004_cLL_electrode_s0.npz,75591,94bee358f5e0f7ce3dde4656d22cffb4908cc44d59bc2fdc8537614f80737b5d
resnet,clean_only,17,bandpass_n20004_cLL_covariance_s20,phase2/results/predictions/full/clean_only/resnet/seed_17/bandpass_n20004_cLL_covariance_s20.npz,76469,062fd8926bdae082f8c9ceb630fed22fb89c2a19d5b2c332e28bd23b07bc8df5
resnet,clean_only,17,bandpass_n20004_cLL_covariance_s15,phase2/results/predictions/full/clean_only/resnet/seed_17/bandpass_n20004_cLL_covariance_s15.npz,76333,18a93f17bbd9bd2db8f0d6d7b08eef0d3471bac6bc8dc62b7a625e48f81547ce
resnet,clean_only,17,bandpass_n20004_cLL_covariance_s10,phase2/results/predictions/full/clean_only/resnet/seed_17/bandpass_n20004_cLL_covariance_s10.npz,76129,547ebd9995dce3348bd55909a92c00ee29a7d971d7172afecef2a017f8f1e957
resnet,clean_only,17,bandpass_n20004_cLL_covariance_s5,phase2/results/predictions/full/clean_only/resnet/seed_17/bandpass_n20004_cLL_covariance_s5.npz,75822,bbed44da98cdafecd5cba4cd789aac47b67129aebdde59e7af6d6c8f19473ea5
resnet,clean_only,17,bandpass_n20004_cLL_covariance_s0,phase2/results/predictions/full/clean_only/resnet/seed_17/bandpass_n20004_cLL_covariance_s0.npz,75606,0a6c090379d9c0b894e3b2c0d620a1cf5a6af8f74ab3cfab72380a9115ca11a8
resnet,clean_only,17,bandpass_n20004_cRA_V1_independent_rms_s20,phase2/results/predictions/full/clean_only/resnet/seed_17/bandpass_n20004_cRA_V1_independent_rms_s20.npz,76476,0c1a7b847a8171cbd148fd04e82e20aaa65e1c0959699027a6e475c8f841b605
resnet,clean_only,17,bandpass_n20004_cRA_V1_independent_rms_s15,phase2/results/predictions/full/clean_only/resnet/seed_17/bandpass_n20004_cRA_V1_independent_rms_s15.npz,76386,f40ec5683910e9c7e8dea0535bc27347dfe36cd07fc6395d54fe6687a041d0c6
resnet,clean_only,17,bandpass_n20004_cRA_V1_independent_rms_s10,phase2/results/predictions/full/clean_only/resnet/seed_17/bandpass_n20004_cRA_V1_independent_rms_s10.npz,76253,6f485075406028e8a9a7229b1bee95ae841007054627cc4fe18eb02c2b8e2acd
resnet,clean_only,17,bandpass_n20004_cRA_V1_independent_rms_s5,phase2/results/predictions/full/clean_only/resnet/seed_17/bandpass_n20004_cRA_V1_independent_rms_s5.npz,75984,c44c37dfc4cbd047f37cbf6eca23b4b6b2c1bd878a1bfe26a97bc18aa29e272b
resnet,clean_only,17,bandpass_n20004_cRA_V1_independent_rms_s0,phase2/results/predictions/full/clean_only/resnet/seed_17/bandpass_n20004_cRA_V1_independent_rms_s0.npz,75617,188a83c7ebd113d5f0be454f56280ecfb818624df0d24fbec2bfd6b2a6d2d982
resnet,clean_only,17,bandpass_n20004_cRA_V1_electrode_s20,phase2/results/predictions/full/clean_only/resnet/seed_17/bandpass_n20004_cRA_V1_electrode_s20.npz,76439,f862c3263c33e41769f192ae78334b28487179b684d0e4b26062918f066f08f5
resnet,clean_only,17,bandpass_n20004_cRA_V1_electrode_s15,phase2/results/predictions/full/clean_only/resnet/seed_17/bandpass_n20004_cRA_V1_electrode_s15.npz,76352,1c17e9922e69d174fc321bfbbd930473e867211f38d0bc57d7070aaedce744a4
resnet,clean_only,17,bandpass_n20004_cRA_V1_electrode_s10,phase2/results/predictions/full/clean_only/resnet/seed_17/bandpass_n20004_cRA_V1_electrode_s10.npz,76191,b4a59d08cf8ae8bca4986eaf1732d4108577e3154474c136a5849fbd291b88f1
resnet,clean_only,17,bandpass_n20004_cRA_V1_electrode_s5,phase2/results/predictions/full/clean_only/resnet/seed_17/bandpass_n20004_cRA_V1_electrode_s5.npz,75909,4bdb8adb1d84199ec04a8e89a92d3bfe409727b681db326fdd6b0927d80dd6cd
resnet,clean_only,17,bandpass_n20004_cRA_V1_electrode_s0,phase2/results/predictions/full/clean_only/resnet/seed_17/bandpass_n20004_cRA_V1_electrode_s0.npz,75557,5763c1cc1ea19bf38709612fbb614c8473dfa29f173a1661fb34fe0a8a26ca5e
resnet,clean_only,17,bandpass_n20004_cRA_V1_covariance_s20,phase2/results/predictions/full/clean_only/resnet/seed_17/bandpass_n20004_cRA_V1_covariance_s20.npz,76434,28c20b9b0d118fd8f1ef68614eb8610ca58b5139f5f4f9e199a606346c24ac4d
resnet,clean_only,17,bandpass_n20004_cRA_V1_covariance_s15,phase2/results/predictions/full/clean_only/resnet/seed_17/bandpass_n20004_cRA_V1_covariance_s15.npz,76367,66f13179c16b2309f2497987029030e7666d297c5cf64faf457a797310d6fdd7
resnet,clean_only,17,bandpass_n20004_cRA_V1_covariance_s10,phase2/results/predictions/full/clean_only/resnet/seed_17/bandpass_n20004_cRA_V1_covariance_s10.npz,76202,eed8644949c1b923c29e7b1aa51a7f0a30fa7409a50dad45ad5f528a85fff395
resnet,clean_only,17,bandpass_n20004_cRA_V1_covariance_s5,phase2/results/predictions/full/clean_only/resnet/seed_17/bandpass_n20004_cRA_V1_covariance_s5.npz,75897,402941e0a2807036695c246d67bc17cba0a2155bd2a45e566ec1fb1954e005e5
resnet,clean_only,17,bandpass_n20004_cRA_V1_covariance_s0,phase2/results/predictions/full/clean_only/resnet/seed_17/bandpass_n20004_cRA_V1_covariance_s0.npz,75549,80d5323eec8cc9e47af803eea662b0bf287105b0d682301036c12501c62d4767
resnet,clean_only,17,bandpass_n20004_cLA_V6_independent_rms_s20,phase2/results/predictions/full/clean_only/resnet/seed_17/bandpass_n20004_cLA_V6_independent_rms_s20.npz,76497,703e8946ed0bda5b99cf3eb540e8c3a82403138de65e59742e65da82d0efd81b
resnet,clean_only,17,bandpass_n20004_cLA_V6_independent_rms_s15,phase2/results/predictions/full/clean_only/resnet/seed_17/bandpass_n20004_cLA_V6_independent_rms_s15.npz,76404,a65888ee1674023741ed705e23fc92b5367bc81e977bb3553ab7cecb62f0723f
resnet,clean_only,17,bandpass_n20004_cLA_V6_independent_rms_s10,phase2/results/predictions/full/clean_only/resnet/seed_17/bandpass_n20004_cLA_V6_independent_rms_s10.npz,76305,321af6c06ef47c0d547b0341d2c69410b7e9f86470ec17c399ab041a0f225df6
resnet,clean_only,17,bandpass_n20004_cLA_V6_independent_rms_s5,phase2/results/predictions/full/clean_only/resnet/seed_17/bandpass_n20004_cLA_V6_independent_rms_s5.npz,75969,e1ed56f81cb41f52611a2e9b65eb396e877ce416cb8f8a49fc8f0caaecb9d08e
resnet,clean_only,17,bandpass_n20004_cLA_V6_independent_rms_s0,phase2/results/predictions/full/clean_only/resnet/seed_17/bandpass_n20004_cLA_V6_independent_rms_s0.npz,75518,c5819c3cde97711a703d20850649cdd2b4a0a90d31f26dbd7d1ea41fb99a3769
resnet,clean_only,17,bandpass_n20004_cLA_V6_electrode_s20,phase2/results/predictions/full/clean_only/resnet/seed_17/bandpass_n20004_cLA_V6_electrode_s20.npz,76485,e9156e4e2098730142994cdc9211b3a9f8dfe34d972960e1c337abbaff3a114d
resnet,clean_only,17,bandpass_n20004_cLA_V6_electrode_s15,phase2/results/predictions/full/clean_only/resnet/seed_17/bandpass_n20004_cLA_V6_electrode_s15.npz,76405,074f9d4d98cbca9d4db30d503412ded694618665d1a6015209149be5459d613c
resnet,clean_only,17,bandpass_n20004_cLA_V6_electrode_s10,phase2/results/predictions/full/clean_only/resnet/seed_17/bandpass_n20004_cLA_V6_electrode_s10.npz,76236,1243bd1edb9f26c5d3264c36765c14c2555b0605ff1f406a1a3c8bfcffa3cfde
resnet,clean_only,17,bandpass_n20004_cLA_V6_electrode_s5,phase2/results/predictions/full/clean_only/resnet/seed_17/bandpass_n20004_cLA_V6_electrode_s5.npz,75862,f61551ab31a3e8b11f71d52f176d50e246591474821d2b7c1be9e43d3695c91f
resnet,clean_only,17,bandpass_n20004_cLA_V6_electrode_s0,phase2/results/predictions/full/clean_only/resnet/seed_17/bandpass_n20004_cLA_V6_electrode_s0.npz,75415,452801e10b333de7712a89a5e55f28fcadea146f1dafd6b86055674d2ddb9c45
resnet,clean_only,17,bandpass_n20004_cLA_V6_covariance_s20,phase2/results/predictions/full/clean_only/resnet/seed_17/bandpass_n20004_cLA_V6_covariance_s20.npz,76460,3c96b9666cfc1cef67e77afc0b73a97588fac96e06b020d13a11f01c36e87288
resnet,clean_only,17,bandpass_n20004_cLA_V6_covariance_s15,phase2/results/predictions/full/clean_only/resnet/seed_17/bandpass_n20004_cLA_V6_covariance_s15.npz,76386,532c94699d492756ea95677efb90f8e7c609a131cd45e6be5a1331963310fea7
resnet,clean_only,17,bandpass_n20004_cLA_V6_covariance_s10,phase2/results/predictions/full/clean_only/resnet/seed_17/bandpass_n20004_cLA_V6_covariance_s10.npz,76228,d8e99cddf5e561a728947329eebcc9840b673fc18c3e71ce6176b42a343c8d8a
resnet,clean_only,17,bandpass_n20004_cLA_V6_covariance_s5,phase2/results/predictions/full/clean_only/resnet/seed_17/bandpass_n20004_cLA_V6_covariance_s5.npz,75866,fbe3ad90585167123a2eb6b07eca970d41955321d244cf92072be12bd29fac1d
resnet,clean_only,17,bandpass_n20004_cLA_V6_covariance_s0,phase2/results/predictions/full/clean_only/resnet/seed_17/bandpass_n20004_cLA_V6_covariance_s0.npz,75436,5b42760509ffb9b12c6a0247ff79cffd8287547f3b4ecc712c299f065944cf18
resnet,clean_only,17,bandpass_n20004_cLL_V4_independent_rms_s20,phase2/results/predictions/full/clean_only/resnet/seed_17/bandpass_n20004_cLL_V4_independent_rms_s20.npz,76475,a96b8656cc1f9c1135d95a10705df924d4575ab3d85e32012e547cb68d2164d3
resnet,clean_only,17,bandpass_n20004_cLL_V4_independent_rms_s15,phase2/results/predictions/full/clean_only/resnet/seed_17/bandpass_n20004_cLL_V4_independent_rms_s15.npz,76429,4ac8b5de51bc4683ef73552a60910ab90d1e055f84a12b59b09b56aacd6b8e0a
resnet,clean_only,17,bandpass_n20004_cLL_V4_independent_rms_s10,phase2/results/predictions/full/clean_only/resnet/seed_17/bandpass_n20004_cLL_V4_independent_rms_s10.npz,76244,2f37692aaefa0b9f04d81c1784c5d29b492d94dbf884a0a007b9667a7d10ad3d
resnet,clean_only,17,bandpass_n20004_cLL_V4_independent_rms_s5,phase2/results/predictions/full/clean_only/resnet/seed_17/bandpass_n20004_cLL_V4_independent_rms_s5.npz,75949,c4c18b79b261e7321b7e400660ff95bf1be43d50f3e258cf4267adaa6bd2752f
resnet,clean_only,17,bandpass_n20004_cLL_V4_independent_rms_s0,phase2/results/predictions/full/clean_only/resnet/seed_17/bandpass_n20004_cLL_V4_independent_rms_s0.npz,75523,344f329f0e501e6a44e185ec6563dc4b255172f7999b61044bd0fde65e31d4f6
resnet,clean_only,17,bandpass_n20004_cLL_V4_electrode_s20,phase2/results/predictions/full/clean_only/resnet/seed_17/bandpass_n20004_cLL_V4_electrode_s20.npz,76453,c276d2d7877046d8b138d2567dda8bf1d0cfa2b82a10459a231e5eb49a468bc9
resnet,clean_only,17,bandpass_n20004_cLL_V4_electrode_s15,phase2/results/predictions/full/clean_only/resnet/seed_17/bandpass_n20004_cLL_V4_electrode_s15.npz,76383,10d2096261a6fcb79b76bd122a20d84c78cc527aa98fcc8f3e66968a0f925fca
resnet,clean_only,17,bandpass_n20004_cLL_V4_electrode_s10,phase2/results/predictions/full/clean_only/resnet/seed_17/bandpass_n20004_cLL_V4_electrode_s10.npz,76136,00e83e024a307d6598d40e5b477f9f0a30334784ae7a3c50508b11954b769f72
resnet,clean_only,17,bandpass_n20004_cLL_V4_electrode_s5,phase2/results/predictions/full/clean_only/resnet/seed_17/bandpass_n20004_cLL_V4_electrode_s5.npz,75847,1416f43c72d0e5a94b624f710be8e354ad57ddc5d772267eb5a1c37251862177
resnet,clean_only,17,bandpass_n20004_cLL_V4_electrode_s0,phase2/results/predictions/full/clean_only/resnet/seed_17/bandpass_n20004_cLL_V4_electrode_s0.npz,75634,f1151c7f1f5cb7b30634874e8fead406aefc991e232d2c0e629bfcf94857e72e
resnet,clean_only,17,bandpass_n20004_cLL_V4_covariance_s20,phase2/results/predictions/full/clean_only/resnet/seed_17/bandpass_n20004_cLL_V4_covariance_s20.npz,76444,ff535d4bfa3c2ac2c1be566f2c5151817bbd11e2f9a1ad65e8e7a28ea3767cfb
resnet,clean_only,17,bandpass_n20004_cLL_V4_covariance_s15,phase2/results/predictions/full/clean_only/resnet/seed_17/bandpass_n20004_cLL_V4_covariance_s15.npz,76345,fd88a6909f96b5c5dd90a245e7a6ed07f35f319dcbd2ab82c7719a0bc2908441
resnet,clean_only,17,bandpass_n20004_cLL_V4_covariance_s10,phase2/results/predictions/full/clean_only/resnet/seed_17/bandpass_n20004_cLL_V4_covariance_s10.npz,76160,54627f1dbc1ee29204039780f1c22cb43ed0866c7a1917c1604b77b4b6de735b
resnet,clean_only,17,bandpass_n20004_cLL_V4_covariance_s5,phase2/results/predictions/full/clean_only/resnet/seed_17/bandpass_n20004_cLL_V4_covariance_s5.npz,75843,d3c9c91f29c1614043b6e7e4e006cbc35ee3c53639f336c62db738adf769d8c0
resnet,clean_only,17,bandpass_n20004_cLL_V4_covariance_s0,phase2/results/predictions/full/clean_only/resnet/seed_17/bandpass_n20004_cLL_V4_covariance_s0.npz,75625,0058056102215ac8530589564b82462df2a139f05f077a58f7778d17c7d38f23
resnet,clean_only,17,bandpass_n20004_cRA_LA_V1_V6_independent_rms_s20,phase2/results/predictions/full/clean_only/resnet/seed_17/bandpass_n20004_cRA_LA_V1_V6_independent_rms_s20.npz,76475,7632968085a32958a239717e5a45d5bec8a36e52f82f9de342d983e1cb03bd04
resnet,clean_only,17,bandpass_n20004_cRA_LA_V1_V6_independent_rms_s15,phase2/results/predictions/full/clean_only/resnet/seed_17/bandpass_n20004_cRA_LA_V1_V6_independent_rms_s15.npz,76441,1d271db866f010d405fc5642dcde47f248565c8f144bf323f51b7ae2609cda55
resnet,clean_only,17,bandpass_n20004_cRA_LA_V1_V6_independent_rms_s10,phase2/results/predictions/full/clean_only/resnet/seed_17/bandpass_n20004_cRA_LA_V1_V6_independent_rms_s10.npz,76294,65a130b93e2dab5302be5f048ee00aaa7c5118f0f5b4635c34b61fafc5d63f1d
resnet,clean_only,17,bandpass_n20004_cRA_LA_V1_V6_independent_rms_s5,phase2/results/predictions/full/clean_only/resnet/seed_17/bandpass_n20004_cRA_LA_V1_V6_independent_rms_s5.npz,76010,02ae3c2a3a5cd3d15dd9aed064852dea9bfc905a927c5d546c8178fe19e3a368
resnet,clean_only,17,bandpass_n20004_cRA_LA_V1_V6_independent_rms_s0,phase2/results/predictions/full/clean_only/resnet/seed_17/bandpass_n20004_cRA_LA_V1_V6_independent_rms_s0.npz,75598,d917ecb57fc104fc5a99bf92e07625ced999fc5664964289f5a54b720e8f455b
resnet,clean_only,17,bandpass_n20004_cRA_LA_V1_V6_electrode_s20,phase2/results/predictions/full/clean_only/resnet/seed_17/bandpass_n20004_cRA_LA_V1_V6_electrode_s20.npz,76480,9fc9ad1432ee1d04b0d1c2ed8db5645fd2d0fd34a5a18e2a7102f92d94d24e47
resnet,clean_only,17,bandpass_n20004_cRA_LA_V1_V6_electrode_s15,phase2/results/predictions/full/clean_only/resnet/seed_17/bandpass_n20004_cRA_LA_V1_V6_electrode_s15.npz,76392,e22346d907e6b0a409229d5863b8e142abdf99eeb0839b9d5567852144fa44e6
resnet,clean_only,17,bandpass_n20004_cRA_LA_V1_V6_electrode_s10,phase2/results/predictions/full/clean_only/resnet/seed_17/bandpass_n20004_cRA_LA_V1_V6_electrode_s10.npz,76222,6d366ccbd645078635479c6f7b673c7f80a79d20c836aa7a978f6b56df36e822
resnet,clean_only,17,bandpass_n20004_cRA_LA_V1_V6_electrode_s5,phase2/results/predictions/full/clean_only/resnet/seed_17/bandpass_n20004_cRA_LA_V1_V6_electrode_s5.npz,75884,b7b8e83afd524fafe6c63c1d987a923d2d7a579765c723196737a33e19905732
resnet,clean_only,17,bandpass_n20004_cRA_LA_V1_V6_electrode_s0,phase2/results/predictions/full/clean_only/resnet/seed_17/bandpass_n20004_cRA_LA_V1_V6_electrode_s0.npz,75548,ad0a0736b5e861cffed9aae71e351e0c3e105476342bfa35e4a2e8bbab9c740f
resnet,clean_only,17,bandpass_n20004_cRA_LA_V1_V6_covariance_s20,phase2/results/predictions/full/clean_only/resnet/seed_17/bandpass_n20004_cRA_LA_V1_V6_covariance_s20.npz,76484,ef57d87a0c96559285d9526ad3ca5d2849e9f44d3ef93d404463a72516e6ae26
resnet,clean_only,17,bandpass_n20004_cRA_LA_V1_V6_covariance_s15,phase2/results/predictions/full/clean_only/resnet/seed_17/bandpass_n20004_cRA_LA_V1_V6_covariance_s15.npz,76392,99b38f2679f0290d127e3b30b6a04964a720dcff2d89bba2e2da4e7334d2c1af
resnet,clean_only,17,bandpass_n20004_cRA_LA_V1_V6_covariance_s10,phase2/results/predictions/full/clean_only/resnet/seed_17/bandpass_n20004_cRA_LA_V1_V6_covariance_s10.npz,76229,9e8a18a5fbd36815f3defaa274852e3d2c4beb2d3a603b9a7079eeec65407303
resnet,clean_only,17,bandpass_n20004_cRA_LA_V1_V6_covariance_s5,phase2/results/predictions/full/clean_only/resnet/seed_17/bandpass_n20004_cRA_LA_V1_V6_covariance_s5.npz,75945,a39aef4837249c974642fa18697d7512a37c4a8d6708540993663503e82d5aa8
resnet,clean_only,17,bandpass_n20004_cRA_LA_V1_V6_covariance_s0,phase2/results/predictions/full/clean_only/resnet/seed_17/bandpass_n20004_cRA_LA_V1_V6_covariance_s0.npz,75516,936676d67e885ce14ea10692057a554b4414eea7e11ba8e33f27ecf2563311a2
resnet,clean_only,17,bandpass_n20004_cRA_V2_V5_independent_rms_s20,phase2/results/predictions/full/clean_only/resnet/seed_17/bandpass_n20004_cRA_V2_V5_independent_rms_s20.npz,76477,41f4cf9323e2e68dc45aa4f09737885555a092cfc03af31167d06d3e1833689d
resnet,clean_only,17,bandpass_n20004_cRA_V2_V5_independent_rms_s15,phase2/results/predictions/full/clean_only/resnet/seed_17/bandpass_n20004_cRA_V2_V5_independent_rms_s15.npz,76435,804345f56e9704dd0d4ddf62b28ab2df79c8f310d5e8c41b2c7991ceb6e796a5
resnet,clean_only,17,bandpass_n20004_cRA_V2_V5_independent_rms_s10,phase2/results/predictions/full/clean_only/resnet/seed_17/bandpass_n20004_cRA_V2_V5_independent_rms_s10.npz,76292,0bfac7aed1072a81143fa65d5dadddb52e61c232c9e0e21cf5d97b0c3d2cf7cf
resnet,clean_only,17,bandpass_n20004_cRA_V2_V5_independent_rms_s5,phase2/results/predictions/full/clean_only/resnet/seed_17/bandpass_n20004_cRA_V2_V5_independent_rms_s5.npz,75987,39145bb816f4681e617a222c8f9b89b42fd8c9c6db32e80576b3cd48b0a625b9
resnet,clean_only,17,bandpass_n20004_cRA_V2_V5_independent_rms_s0,phase2/results/predictions/full/clean_only/resnet/seed_17/bandpass_n20004_cRA_V2_V5_independent_rms_s0.npz,75601,568e4ff7d0dca60188baeb995429fd99fdcf47a80b0a0d1e87b4db681218c138
resnet,clean_only,17,bandpass_n20004_cRA_V2_V5_electrode_s20,phase2/results/predictions/full/clean_only/resnet/seed_17/bandpass_n20004_cRA_V2_V5_electrode_s20.npz,76440,a9da240df69be140c091e9cdd824168273e4290513ff05693a228387f2ea4427
resnet,clean_only,17,bandpass_n20004_cRA_V2_V5_electrode_s15,phase2/results/predictions/full/clean_only/resnet/seed_17/bandpass_n20004_cRA_V2_V5_electrode_s15.npz,76389,56cc68db3b6af573ab404cc684f6dc2309223f2cc07fa96e299add3eb299b6a7
resnet,clean_only,17,bandpass_n20004_cRA_V2_V5_electrode_s10,phase2/results/predictions/full/clean_only/resnet/seed_17/bandpass_n20004_cRA_V2_V5_electrode_s10.npz,76244,421ae681f8dad07b7f3bd349e68461371b79e983511f07e2e1c10e690a08c329
resnet,clean_only,17,bandpass_n20004_cRA_V2_V5_electrode_s5,phase2/results/predictions/full/clean_only/resnet/seed_17/bandpass_n20004_cRA_V2_V5_electrode_s5.npz,75911,c0945a02721e873a0e005162c512e312fb8104d0d1231aa3e8352935630e90a6
resnet,clean_only,17,bandpass_n20004_cRA_V2_V5_electrode_s0,phase2/results/predictions/full/clean_only/resnet/seed_17/bandpass_n20004_cRA_V2_V5_electrode_s0.npz,75593,bf02872aff4ca0b472f4885e63e0784926e74890b98e892ef72097fa404ab4bc
resnet,clean_only,17,bandpass_n20004_cRA_V2_V5_covariance_s20,phase2/results/predictions/full/clean_only/resnet/seed_17/bandpass_n20004_cRA_V2_V5_covariance_s20.npz,76438,3a7107af6ed7cc6a2da0c90657d20aedf7ea1ef305a08c00aa6aa16289425711
resnet,clean_only,17,bandpass_n20004_cRA_V2_V5_covariance_s15,phase2/results/predictions/full/clean_only/resnet/seed_17/bandpass_n20004_cRA_V2_V5_covariance_s15.npz,76377,3c884dc91fb24c8d242194b5a49d2d197aaae075d0e2601dc272c7f583695431
resnet,clean_only,17,bandpass_n20004_cRA_V2_V5_covariance_s10,phase2/results/predictions/full/clean_only/resnet/seed_17/bandpass_n20004_cRA_V2_V5_covariance_s10.npz,76253,1868e97925c01cbd7ec99c91563bad164cc83ff2c13ae5fbe2bf411d089174f2
resnet,clean_only,17,bandpass_n20004_cRA_V2_V5_covariance_s5,phase2/results/predictions/full/clean_only/resnet/seed_17/bandpass_n20004_cRA_V2_V5_covariance_s5.npz,75926,a39068dc96e111a170dc2ee9230c1451e4042e6208a2b2c60af86048930854ba
resnet,clean_only,17,bandpass_n20004_cRA_V2_V5_covariance_s0,phase2/results/predictions/full/clean_only/resnet/seed_17/bandpass_n20004_cRA_V2_V5_covariance_s0.npz,75576,7d87b3b2d42815caf5326aca2f84bed83c1a627f78dca174d5332ef195e31f47
resnet,clean_only,17,bandpass_n20004_cLA_V3_V6_independent_rms_s20,phase2/results/predictions/full/clean_only/resnet/seed_17/bandpass_n20004_cLA_V3_V6_independent_rms_s20.npz,76503,16021d9356d94adf77f02f8d7ffea4e164aab5b3b44a5de28d7297b6b982f696
resnet,clean_only,17,bandpass_n20004_cLA_V3_V6_independent_rms_s15,phase2/results/predictions/full/clean_only/resnet/seed_17/bandpass_n20004_cLA_V3_V6_independent_rms_s15.npz,76416,8313c53fbc561b6f0c44652369d8fa5fd9081f7832000787981ef196d31ebbbd
resnet,clean_only,17,bandpass_n20004_cLA_V3_V6_independent_rms_s10,phase2/results/predictions/full/clean_only/resnet/seed_17/bandpass_n20004_cLA_V3_V6_independent_rms_s10.npz,76278,7e0d57aa70951d5287f1ee16aa4ca33fc82561d92b5e57e80b0bedab9fb6c49a
resnet,clean_only,17,bandpass_n20004_cLA_V3_V6_independent_rms_s5,phase2/results/predictions/full/clean_only/resnet/seed_17/bandpass_n20004_cLA_V3_V6_independent_rms_s5.npz,75978,84a296284ae0534dba975273ceee7f156c380775f71ed1c2f403ffe67281986a
resnet,clean_only,17,bandpass_n20004_cLA_V3_V6_independent_rms_s0,phase2/results/predictions/full/clean_only/resnet/seed_17/bandpass_n20004_cLA_V3_V6_independent_rms_s0.npz,75566,78bab60e67b957f74b334ff66283d406cab1aeebdda2c6b03d4d57a9095a69f2
resnet,clean_only,17,bandpass_n20004_cLA_V3_V6_electrode_s20,phase2/results/predictions/full/clean_only/resnet/seed_17/bandpass_n20004_cLA_V3_V6_electrode_s20.npz,76466,4b2a4af7eaef36b7ae8bae358884cf70e6e711eea8f97ec1ae7948f21e033603
resnet,clean_only,17,bandpass_n20004_cLA_V3_V6_electrode_s15,phase2/results/predictions/full/clean_only/resnet/seed_17/bandpass_n20004_cLA_V3_V6_electrode_s15.npz,76410,1b79628333fc1ff05933f081812018afe22efeff0db863fa9e53166cd11dd0a7
resnet,clean_only,17,bandpass_n20004_cLA_V3_V6_electrode_s10,phase2/results/predictions/full/clean_only/resnet/seed_17/bandpass_n20004_cLA_V3_V6_electrode_s10.npz,76216,0169bc547545301a46df0cfdb944d2051d6eaad589f20d7af9b776b27e0b46be
resnet,clean_only,17,bandpass_n20004_cLA_V3_V6_electrode_s5,phase2/results/predictions/full/clean_only/resnet/seed_17/bandpass_n20004_cLA_V3_V6_electrode_s5.npz,75887,ae74b98ca14edfce3982c4f1f0291b74e6e39bc248ae10d80ba207a6fe2321ef
resnet,clean_only,17,bandpass_n20004_cLA_V3_V6_electrode_s0,phase2/results/predictions/full/clean_only/resnet/seed_17/bandpass_n20004_cLA_V3_V6_electrode_s0.npz,75464,4c1f6fa6a29992067548f9ba86dfc58a8e24ee7fe5cea9f87a77a68e234557f2
resnet,clean_only,17,bandpass_n20004_cLA_V3_V6_covariance_s20,phase2/results/predictions/full/clean_only/resnet/seed_17/bandpass_n20004_cLA_V3_V6_covariance_s20.npz,76477,3fa5dea22a88cabf8b985a3ccfd78fb1b52dfdf44fa2d88b557f6d7da2bcce2b
resnet,clean_only,17,bandpass_n20004_cLA_V3_V6_covariance_s15,phase2/results/predictions/full/clean_only/resnet/seed_17/bandpass_n20004_cLA_V3_V6_covariance_s15.npz,76420,56efbd4251778dedb0294ad8fe720c6a434d7527c2e6b440551f2ac2a82eb220
resnet,clean_only,17,bandpass_n20004_cLA_V3_V6_covariance_s10,phase2/results/predictions/full/clean_only/resnet/seed_17/bandpass_n20004_cLA_V3_V6_covariance_s10.npz,76242,67af7d3e2295a965508580b158cdc55fc2d5cbf3889b408280b937b2600fe16d
resnet,clean_only,17,bandpass_n20004_cLA_V3_V6_covariance_s5,phase2/results/predictions/full/clean_only/resnet/seed_17/bandpass_n20004_cLA_V3_V6_covariance_s5.npz,75901,bc9e28acfc33900ed6757dcd1d6b8a2301d7c79fa70265182455af5c1f1da567
resnet,clean_only,17,bandpass_n20004_cLA_V3_V6_covariance_s0,phase2/results/predictions/full/clean_only/resnet/seed_17/bandpass_n20004_cLA_V3_V6_covariance_s0.npz,75425,40357ad54c63bbfc85ea75bcff6b369d92a95a560c52cf1eb0eca98184a0a0fe
resnet,clean_only,17,bandpass_n20004_cLL_V1_V4_independent_rms_s20,phase2/results/predictions/full/clean_only/resnet/seed_17/bandpass_n20004_cLL_V1_V4_independent_rms_s20.npz,76454,c1d13cbc806af709b6fdd55ad1f06c2bdf433d4ec3133336d15b7b89c4493f16
resnet,clean_only,17,bandpass_n20004_cLL_V1_V4_independent_rms_s15,phase2/results/predictions/full/clean_only/resnet/seed_17/bandpass_n20004_cLL_V1_V4_independent_rms_s15.npz,76410,2ede97d5ee87dedaacabde554b4347985e5923dbc0edb6ba19c8749b330cf69e
resnet,clean_only,17,bandpass_n20004_cLL_V1_V4_independent_rms_s10,phase2/results/predictions/full/clean_only/resnet/seed_17/bandpass_n20004_cLL_V1_V4_independent_rms_s10.npz,76276,6bf9cca0de886f1a78844c3d5a9efb3359a0ef569bb15bce46b7afd164fd3a56
resnet,clean_only,17,bandpass_n20004_cLL_V1_V4_independent_rms_s5,phase2/results/predictions/full/clean_only/resnet/seed_17/bandpass_n20004_cLL_V1_V4_independent_rms_s5.npz,76016,a4df2e2a81c08e6714fcc3d9514aea3fe8ad1c6acef02603bec22798e2caf721
resnet,clean_only,17,bandpass_n20004_cLL_V1_V4_independent_rms_s0,phase2/results/predictions/full/clean_only/resnet/seed_17/bandpass_n20004_cLL_V1_V4_independent_rms_s0.npz,75601,b8cd8489b9f0e3523f806c8bbc81261ac951182f004f237ca99562f2961c2f84
resnet,clean_only,17,bandpass_n20004_cLL_V1_V4_electrode_s20,phase2/results/predictions/full/clean_only/resnet/seed_17/bandpass_n20004_cLL_V1_V4_electrode_s20.npz,76460,85ba54c9ef25f2d22e867d334673d483f17d4454fb53ae5cc06beee8a3629274
resnet,clean_only,17,bandpass_n20004_cLL_V1_V4_electrode_s15,phase2/results/predictions/full/clean_only/resnet/seed_17/bandpass_n20004_cLL_V1_V4_electrode_s15.npz,76374,c69dbf9851efe7b7933a8ee25e7dc4729e37b963a78dc5950a16e8d31f26d36d
resnet,clean_only,17,bandpass_n20004_cLL_V1_V4_electrode_s10,phase2/results/predictions/full/clean_only/resnet/seed_17/bandpass_n20004_cLL_V1_V4_electrode_s10.npz,76170,274671aeba29b9f92885faba497ed6a0673de84fc169263f91d80231fa81ea53
resnet,clean_only,17,bandpass_n20004_cLL_V1_V4_electrode_s5,phase2/results/predictions/full/clean_only/resnet/seed_17/bandpass_n20004_cLL_V1_V4_electrode_s5.npz,75894,e74e735ecd8672ef193f05c706bf157c12314cdb2078e2a0d774f39a6f7ff4b5
resnet,clean_only,17,bandpass_n20004_cLL_V1_V4_electrode_s0,phase2/results/predictions/full/clean_only/resnet/seed_17/bandpass_n20004_cLL_V1_V4_electrode_s0.npz,75626,66c8dfef0cb60ef3f550bbe3ae18485c50ed93979234490e17219869fb0fc21c
resnet,clean_only,17,bandpass_n20004_cLL_V1_V4_covariance_s20,phase2/results/predictions/full/clean_only/resnet/seed_17/bandpass_n20004_cLL_V1_V4_covariance_s20.npz,76459,ff8933f19d63f222a813300979bd527cf1557e118c2b7118c81e9667aa48b9f1
resnet,clean_only,17,bandpass_n20004_cLL_V1_V4_covariance_s15,phase2/results/predictions/full/clean_only/resnet/seed_17/bandpass_n20004_cLL_V1_V4_covariance_s15.npz,76384,59c6e33a2497e6a7050035f721cb056bd3c88c2090043d465cadd66d744617ae
resnet,clean_only,17,bandpass_n20004_cLL_V1_V4_covariance_s10,phase2/results/predictions/full/clean_only/resnet/seed_17/bandpass_n20004_cLL_V1_V4_covariance_s10.npz,76170,024c22bab6728e4738d89e332c3e2a663aebb1a88ec1b663cf4effecd40ab296
resnet,clean_only,17,bandpass_n20004_cLL_V1_V4_covariance_s5,phase2/results/predictions/full/clean_only/resnet/seed_17/bandpass_n20004_cLL_V1_V4_covariance_s5.npz,75905,091656698821dc015b0df0556fa5612624aa819fb52a630faf670e2a60319250
resnet,clean_only,17,bandpass_n20004_cLL_V1_V4_covariance_s0,phase2/results/predictions/full/clean_only/resnet/seed_17/bandpass_n20004_cLL_V1_V4_covariance_s0.npz,75630,25c05be60fdb7d79ea5414b088e7fbc74f9134f2fcb500e8139030d919fc63fd
resnet,clean_only,17,bandpass_n20004_call_independent_rms_s20,phase2/results/predictions/full/clean_only/resnet/seed_17/bandpass_n20004_call_independent_rms_s20.npz,76453,98bc42628007ef5867d3fc646009ab245382476ae436bfbdfe6fca0491236a10
resnet,clean_only,17,bandpass_n20004_call_independent_rms_s15,phase2/results/predictions/full/clean_only/resnet/seed_17/bandpass_n20004_call_independent_rms_s15.npz,76386,050409776cda31b742731e339f387e877f6d18353d02f43f7132d43be4d34ed6
resnet,clean_only,17,bandpass_n20004_call_independent_rms_s10,phase2/results/predictions/full/clean_only/resnet/seed_17/bandpass_n20004_call_independent_rms_s10.npz,76228,0aab2f018ee07c5b74af34a419b20162f4adc6b213aeb74d831b459fc7e61ed6
resnet,clean_only,17,bandpass_n20004_call_independent_rms_s5,phase2/results/predictions/full/clean_only/resnet/seed_17/bandpass_n20004_call_independent_rms_s5.npz,75992,a49f2611917ab8d47b89a087b9ce170c99646675417580a51ead8b42e7078daf
resnet,clean_only,17,bandpass_n20004_call_independent_rms_s0,phase2/results/predictions/full/clean_only/resnet/seed_17/bandpass_n20004_call_independent_rms_s0.npz,75546,6930f2ad97fa48448f99e27f799f555772efc159e524398d8f355d9122282b52
resnet,clean_only,17,bandpass_n20004_call_electrode_s20,phase2/results/predictions/full/clean_only/resnet/seed_17/bandpass_n20004_call_electrode_s20.npz,76419,cc2c998167fa4f9dfe757393a62637f44592799d3c6e5e754552110eccb568c4
resnet,clean_only,17,bandpass_n20004_call_electrode_s15,phase2/results/predictions/full/clean_only/resnet/seed_17/bandpass_n20004_call_electrode_s15.npz,76326,416917cecbc312f6452be3f8a148dfc0b2df1052ac9e77a44f750ace7e6a447a
resnet,clean_only,17,bandpass_n20004_call_electrode_s10,phase2/results/predictions/full/clean_only/resnet/seed_17/bandpass_n20004_call_electrode_s10.npz,76169,64fe636cb7db739dbdd970827c6b08cc91bd6ab10ef8d132ffd3f6bbd5313783
resnet,clean_only,17,bandpass_n20004_call_electrode_s5,phase2/results/predictions/full/clean_only/resnet/seed_17/bandpass_n20004_call_electrode_s5.npz,75868,cf40f2e4e7b7ceeeb980236c8d620d4306f695ea107efda97c6dc6a954829273
resnet,clean_only,17,bandpass_n20004_call_electrode_s0,phase2/results/predictions/full/clean_only/resnet/seed_17/bandpass_n20004_call_electrode_s0.npz,75483,89123877b4eb3105746c45e0e8343871c042cf2bb3ad00b721e2cf092ca515be
resnet,clean_only,17,bandpass_n20004_call_covariance_s20,phase2/results/predictions/full/clean_only/resnet/seed_17/bandpass_n20004_call_covariance_s20.npz,76426,4b905c31cbdca99efde6f696f1bb8ad11d3f9ad9ab9eeb5f92e5b1fb5abea699
resnet,clean_only,17,bandpass_n20004_call_covariance_s15,phase2/results/predictions/full/clean_only/resnet/seed_17/bandpass_n20004_call_covariance_s15.npz,76321,e5b36e81811f32e5b49d433c173b00370315a60d82f4356e958deb6ab5a19aab
resnet,clean_only,17,bandpass_n20004_call_covariance_s10,phase2/results/predictions/full/clean_only/resnet/seed_17/bandpass_n20004_call_covariance_s10.npz,76192,99c0718d76a97373e4ddb712e4a0663d7be2edcf2182a13760b942364497d7b9
resnet,clean_only,17,bandpass_n20004_call_covariance_s5,phase2/results/predictions/full/clean_only/resnet/seed_17/bandpass_n20004_call_covariance_s5.npz,75874,d02b4c229c07ce26b839fda42b4319ea0cd793839f3245f4471a92e391d9c118
resnet,clean_only,17,bandpass_n20004_call_covariance_s0,phase2/results/predictions/full/clean_only/resnet/seed_17/bandpass_n20004_call_covariance_s0.npz,75490,6ebff86fbc91ada588fa92d867e914263f389ca3bec334864ae1f60809ddee4f
resnet,clean_only,17,bandpass_n20005_cRA_LA_LL_independent_rms_s20,phase2/results/predictions/full/clean_only/resnet/seed_17/bandpass_n20005_cRA_LA_LL_independent_rms_s20.npz,76498,f3f988d4e4225a7f390daebb69b507da62c98cf894ebb4dfb6c4bf1dc81c0d20
resnet,clean_only,17,bandpass_n20005_cRA_LA_LL_independent_rms_s15,phase2/results/predictions/full/clean_only/resnet/seed_17/bandpass_n20005_cRA_LA_LL_independent_rms_s15.npz,76409,0f6bf62a072cbfc71fba27c5d92da81c715a12ee3e891bfaaa4abbd94f36fd8a
resnet,clean_only,17,bandpass_n20005_cRA_LA_LL_independent_rms_s10,phase2/results/predictions/full/clean_only/resnet/seed_17/bandpass_n20005_cRA_LA_LL_independent_rms_s10.npz,76238,0472b9805954cb0adb1ec20ae60fb68137f2e0c5b480c375f59c92c3f41fefb0
resnet,clean_only,17,bandpass_n20005_cRA_LA_LL_independent_rms_s5,phase2/results/predictions/full/clean_only/resnet/seed_17/bandpass_n20005_cRA_LA_LL_independent_rms_s5.npz,75996,d95be2b1a87b9a128ab313d42977a881480e9b924a15a961654cb9117605030e
resnet,clean_only,17,bandpass_n20005_cRA_LA_LL_independent_rms_s0,phase2/results/predictions/full/clean_only/resnet/seed_17/bandpass_n20005_cRA_LA_LL_independent_rms_s0.npz,75541,53aba33e6f1fe3ab449e9e60f63f4094875f50b4d6b913ae31e60f3ac4696536
resnet,clean_only,17,bandpass_n20005_cRA_LA_LL_electrode_s20,phase2/results/predictions/full/clean_only/resnet/seed_17/bandpass_n20005_cRA_LA_LL_electrode_s20.npz,76431,34df3d80b57d03a4bdbe4beb0613725851648b234b7067fcfaa64050394be4b0
resnet,clean_only,17,bandpass_n20005_cRA_LA_LL_electrode_s15,phase2/results/predictions/full/clean_only/resnet/seed_17/bandpass_n20005_cRA_LA_LL_electrode_s15.npz,76363,d872a07fcc54564192ef3d3a4453b472a5f7996f73dfe1f05f25369a1696c239
resnet,clean_only,17,bandpass_n20005_cRA_LA_LL_electrode_s10,phase2/results/predictions/full/clean_only/resnet/seed_17/bandpass_n20005_cRA_LA_LL_electrode_s10.npz,76162,70011c3f4a38b4432394577e30e45330ccd099ffda1a276be6a9e1e60a1ca1a2
resnet,clean_only,17,bandpass_n20005_cRA_LA_LL_electrode_s5,phase2/results/predictions/full/clean_only/resnet/seed_17/bandpass_n20005_cRA_LA_LL_electrode_s5.npz,75824,9c5bf0e3d805c3ae093d6a292d758b62100c6af017372a935dc836f5fdbf99e2
resnet,clean_only,17,bandpass_n20005_cRA_LA_LL_electrode_s0,phase2/results/predictions/full/clean_only/resnet/seed_17/bandpass_n20005_cRA_LA_LL_electrode_s0.npz,75471,20e44bb068fbf6bd66b6ff1b28cfba0c1ce22c5d7d6732f3239e5de196d9d7d9
resnet,clean_only,17,bandpass_n20005_cRA_LA_LL_covariance_s20,phase2/results/predictions/full/clean_only/resnet/seed_17/bandpass_n20005_cRA_LA_LL_covariance_s20.npz,76473,659dab56777620d7cafa108e6c15bb9c74ef5fcc50221550b70986937f40027f
resnet,clean_only,17,bandpass_n20005_cRA_LA_LL_covariance_s15,phase2/results/predictions/full/clean_only/resnet/seed_17/bandpass_n20005_cRA_LA_LL_covariance_s15.npz,76368,0f11006566b2cd2315e80dadb8f5a73ab3e5b76cc86912a26d27fa9047c3a8eb
resnet,clean_only,17,bandpass_n20005_cRA_LA_LL_covariance_s10,phase2/results/predictions/full/clean_only/resnet/seed_17/bandpass_n20005_cRA_LA_LL_covariance_s10.npz,76165,079edf1889dad425b485215dc77663ad94cfb83ab53e9fa50391334b4b9a4f91
resnet,clean_only,17,bandpass_n20005_cRA_LA_LL_covariance_s5,phase2/results/predictions/full/clean_only/resnet/seed_17/bandpass_n20005_cRA_LA_LL_covariance_s5.npz,75807,283a331a3731ef49ab62a659730e6f19ea577fa83b5b390cee23dd5470e10b1b
resnet,clean_only,17,bandpass_n20005_cRA_LA_LL_covariance_s0,phase2/results/predictions/full/clean_only/resnet/seed_17/bandpass_n20005_cRA_LA_LL_covariance_s0.npz,75500,54463d23540d6d5bb39f41db12a1523b241cb6519ace7b5e918506987c94cc88
resnet,clean_only,17,bandpass_n20005_cV1_independent_rms_s20,phase2/results/predictions/full/clean_only/resnet/seed_17/bandpass_n20005_cV1_independent_rms_s20.npz,76473,9c90757d653962b774c8cded5b479a1f1713553854dddc548fba6084f1ef24e0
resnet,clean_only,17,bandpass_n20005_cV1_independent_rms_s15,phase2/results/predictions/full/clean_only/resnet/seed_17/bandpass_n20005_cV1_independent_rms_s15.npz,76426,0e6cbd1a83783475ad9ee7b4b913713107a5152dc7fd167bbc49ed18c8e5a202
resnet,clean_only,17,bandpass_n20005_cV1_independent_rms_s10,phase2/results/predictions/full/clean_only/resnet/seed_17/bandpass_n20005_cV1_independent_rms_s10.npz,76294,2726550acc2bc6b671068ff8f87f57a6fdc617a6b1c7b9856a9e02d631cee729
resnet,clean_only,17,bandpass_n20005_cV1_independent_rms_s5,phase2/results/predictions/full/clean_only/resnet/seed_17/bandpass_n20005_cV1_independent_rms_s5.npz,76073,3abb193cfa593b62b800934d9fad31eabc8d92cb9d06ac91ec2f76fa9ecc0a2c
resnet,clean_only,17,bandpass_n20005_cV1_independent_rms_s0,phase2/results/predictions/full/clean_only/resnet/seed_17/bandpass_n20005_cV1_independent_rms_s0.npz,75797,9f1c0684752ec450fb1b9c9a40e6459a04d1321f73c5dcba63278072516ed5fe
resnet,clean_only,17,bandpass_n20005_cV1_electrode_s20,phase2/results/predictions/full/clean_only/resnet/seed_17/bandpass_n20005_cV1_electrode_s20.npz,76451,b30a434e92aea286bac73cf6c23bd3c231ff5e09d9d9c62adb56e8a81e46a979
resnet,clean_only,17,bandpass_n20005_cV1_electrode_s15,phase2/results/predictions/full/clean_only/resnet/seed_17/bandpass_n20005_cV1_electrode_s15.npz,76400,c06882585e4495e6ab6163a3e10b8c66e6c65360f4c35ed1938eeb548c680cde
resnet,clean_only,17,bandpass_n20005_cV1_electrode_s10,phase2/results/predictions/full/clean_only/resnet/seed_17/bandpass_n20005_cV1_electrode_s10.npz,76298,98187bc35b16e1d52b346d2dd71bcde7d7d07d249ac3239223c08866c31c0168
resnet,clean_only,17,bandpass_n20005_cV1_electrode_s5,phase2/results/predictions/full/clean_only/resnet/seed_17/bandpass_n20005_cV1_electrode_s5.npz,76042,60a00cc958e77f17baa7ad28225dd3314d039a956afae591921930222c89905e
resnet,clean_only,17,bandpass_n20005_cV1_electrode_s0,phase2/results/predictions/full/clean_only/resnet/seed_17/bandpass_n20005_cV1_electrode_s0.npz,75752,97d7cf5669590d5b730e89f8620c478fe1ba45038d5d989be6273664c82f5a8e
resnet,clean_only,17,bandpass_n20005_cV1_covariance_s20,phase2/results/predictions/full/clean_only/resnet/seed_17/bandpass_n20005_cV1_covariance_s20.npz,76438,f540f0e56addb04f2a934d6c41a87737a3176db003348061671ac7a3e497a2c5
resnet,clean_only,17,bandpass_n20005_cV1_covariance_s15,phase2/results/predictions/full/clean_only/resnet/seed_17/bandpass_n20005_cV1_covariance_s15.npz,76382,22a658063f21aef5e678aad80b28ae3d6f68feef0e7be94a4d72ab973226ddf1
resnet,clean_only,17,bandpass_n20005_cV1_covariance_s10,phase2/results/predictions/full/clean_only/resnet/seed_17/bandpass_n20005_cV1_covariance_s10.npz,76276,9b26b096d22eabbafa5feeb5663cd0345f1862e7b91b08c087c025160e1b30f6
resnet,clean_only,17,bandpass_n20005_cV1_covariance_s5,phase2/results/predictions/full/clean_only/resnet/seed_17/bandpass_n20005_cV1_covariance_s5.npz,76076,7d8843cfd66e6c8f9b5543598f09ab6af7a92e7f4324775018db4edda81718cc
resnet,clean_only,17,bandpass_n20005_cV1_covariance_s0,phase2/results/predictions/full/clean_only/resnet/seed_17/bandpass_n20005_cV1_covariance_s0.npz,75792,c04870e97c3a322b9344514c137710c2eeb16f69a25ebf61802c596cd99b4653
resnet,clean_only,17,bandpass_n20005_cV2_independent_rms_s20,phase2/results/predictions/full/clean_only/resnet/seed_17/bandpass_n20005_cV2_independent_rms_s20.npz,76455,e74769353c180eabbbae9cfa7d903c0f7cd70464e31a2434ae2486d07131fbfe
resnet,clean_only,17,bandpass_n20005_cV2_independent_rms_s15,phase2/results/predictions/full/clean_only/resnet/seed_17/bandpass_n20005_cV2_independent_rms_s15.npz,76431,79f124902e10157f4fe9ca629119744c907e926b2007ae078dbc2a0f81ce3761
resnet,clean_only,17,bandpass_n20005_cV2_independent_rms_s10,phase2/results/predictions/full/clean_only/resnet/seed_17/bandpass_n20005_cV2_independent_rms_s10.npz,76276,1064e24860eacb59eb0c7ed351da71dfe23d43f61cdc1836830795e1fff17100
resnet,clean_only,17,bandpass_n20005_cV2_independent_rms_s5,phase2/results/predictions/full/clean_only/resnet/seed_17/bandpass_n20005_cV2_independent_rms_s5.npz,76024,0c711dbd187bd5ade7d0a544a0e4100792b358301d72446ea0ff49f77d7eb32a
resnet,clean_only,17,bandpass_n20005_cV2_independent_rms_s0,phase2/results/predictions/full/clean_only/resnet/seed_17/bandpass_n20005_cV2_independent_rms_s0.npz,75626,0340fd29d7b318ba24b1e472c901eb234b7d7d222ddaed33e3f611495483e7e9
resnet,clean_only,17,bandpass_n20005_cV2_electrode_s20,phase2/results/predictions/full/clean_only/resnet/seed_17/bandpass_n20005_cV2_electrode_s20.npz,76463,ff5c35c5e60d49e86a7689cb3dc5b02583d992e3d53909032275588c4967b20e
resnet,clean_only,17,bandpass_n20005_cV2_electrode_s15,phase2/results/predictions/full/clean_only/resnet/seed_17/bandpass_n20005_cV2_electrode_s15.npz,76409,7bcc9b68cf24a754d351bcf381d28d51f689247f087bc9c2701f3db324caae0e
resnet,clean_only,17,bandpass_n20005_cV2_electrode_s10,phase2/results/predictions/full/clean_only/resnet/seed_17/bandpass_n20005_cV2_electrode_s10.npz,76317,320ab395e3f7244f53512201e09732d11f409cca07a45a63343ce5ec41be7d42
resnet,clean_only,17,bandpass_n20005_cV2_electrode_s5,phase2/results/predictions/full/clean_only/resnet/seed_17/bandpass_n20005_cV2_electrode_s5.npz,76032,55bf28f2c973cf118d1d2ece9b16655b05cf3ae04f72b8f0b7e436bb807194e6
resnet,clean_only,17,bandpass_n20005_cV2_electrode_s0,phase2/results/predictions/full/clean_only/resnet/seed_17/bandpass_n20005_cV2_electrode_s0.npz,75667,5663ba72da7e41cbae86dc2b0f851d5d098076e0eb4bbeb5265672eeee3498fd
resnet,clean_only,17,bandpass_n20005_cV2_covariance_s20,phase2/results/predictions/full/clean_only/resnet/seed_17/bandpass_n20005_cV2_covariance_s20.npz,76454,7d9b0a3fe7cc482de0059b288b72862d1df9c0970183597c0fbad195a57828ad
resnet,clean_only,17,bandpass_n20005_cV2_covariance_s15,phase2/results/predictions/full/clean_only/resnet/seed_17/bandpass_n20005_cV2_covariance_s15.npz,76397,0497e3cc9daa44d604e95344486f40e29fa18e68f2b2a72dced0d4c5a7c87313
resnet,clean_only,17,bandpass_n20005_cV2_covariance_s10,phase2/results/predictions/full/clean_only/resnet/seed_17/bandpass_n20005_cV2_covariance_s10.npz,76293,fd019c39b4e4154d98a11595b32ab4e7f5a8f9bcf26334fb3a02af8fc289327d
resnet,clean_only,17,bandpass_n20005_cV2_covariance_s5,phase2/results/predictions/full/clean_only/resnet/seed_17/bandpass_n20005_cV2_covariance_s5.npz,76009,f1e9d5591802f10ecf1177ebccfaf8b2f153f297a0b0c44708e8fa0eda4f3f0c
resnet,clean_only,17,bandpass_n20005_cV2_covariance_s0,phase2/results/predictions/full/clean_only/resnet/seed_17/bandpass_n20005_cV2_covariance_s0.npz,75685,994cc8f8b6cc146b2c091dc8a4eaf74e4c38b0f4c51bd6e07db5804fdd557c0b
resnet,clean_only,17,bandpass_n20005_cV3_independent_rms_s20,phase2/results/predictions/full/clean_only/resnet/seed_17/bandpass_n20005_cV3_independent_rms_s20.npz,76472,5fc9e6fae56d7626f1bf926c2ad4180dc6efb5e78513010bce05a4cb6b0c85ef
resnet,clean_only,17,bandpass_n20005_cV3_independent_rms_s15,phase2/results/predictions/full/clean_only/resnet/seed_17/bandpass_n20005_cV3_independent_rms_s15.npz,76408,1c8b764cfbd44b1070d895c45dd3781a1bc2f122711b82aec46df6d9f6fe155c
resnet,clean_only,17,bandpass_n20005_cV3_independent_rms_s10,phase2/results/predictions/full/clean_only/resnet/seed_17/bandpass_n20005_cV3_independent_rms_s10.npz,76280,e1a438428d9a6f31eef1a91584b55547631bd97686a179724eda8ef3191a579a
resnet,clean_only,17,bandpass_n20005_cV3_independent_rms_s5,phase2/results/predictions/full/clean_only/resnet/seed_17/bandpass_n20005_cV3_independent_rms_s5.npz,76018,b3463372b1773a4d853bc82ec8241f548388180d760d5abedd455c6661942a70
resnet,clean_only,17,bandpass_n20005_cV3_independent_rms_s0,phase2/results/predictions/full/clean_only/resnet/seed_17/bandpass_n20005_cV3_independent_rms_s0.npz,75555,b98624d7484a4a0f10430882acfbaeeac0cc61a406a54b06567048d59cb9600c
resnet,clean_only,17,bandpass_n20005_cV3_electrode_s20,phase2/results/predictions/full/clean_only/resnet/seed_17/bandpass_n20005_cV3_electrode_s20.npz,76461,6c0795d53a02d6a98027d7f42968f4768e909cde36d24c49d3ec83d7b80a8de6
resnet,clean_only,17,bandpass_n20005_cV3_electrode_s15,phase2/results/predictions/full/clean_only/resnet/seed_17/bandpass_n20005_cV3_electrode_s15.npz,76403,30f126ce79db5f62614d941948d22fa96acac319422bce577602e99160b8cf31
resnet,clean_only,17,bandpass_n20005_cV3_electrode_s10,phase2/results/predictions/full/clean_only/resnet/seed_17/bandpass_n20005_cV3_electrode_s10.npz,76307,a36a05ef8812fe8ad041cf6ec974f2aa3a4d8eaa49b8dbfc0a65eadf6ac8c7e2
resnet,clean_only,17,bandpass_n20005_cV3_electrode_s5,phase2/results/predictions/full/clean_only/resnet/seed_17/bandpass_n20005_cV3_electrode_s5.npz,75997,cdc5b1ac4ce1f388bb224b72bab513ff0e814ae3c40f7d11254e2520c55d9fa0
resnet,clean_only,17,bandpass_n20005_cV3_electrode_s0,phase2/results/predictions/full/clean_only/resnet/seed_17/bandpass_n20005_cV3_electrode_s0.npz,75514,3d8922474d869a7f4b84b97fe5205a1e424172e25859f38bba7edf88bc1b199a
resnet,clean_only,17,bandpass_n20005_cV3_covariance_s20,phase2/results/predictions/full/clean_only/resnet/seed_17/bandpass_n20005_cV3_covariance_s20.npz,76444,ab25c7315518cd8ddd9291c40dc7f7f645ce6928c10f2446a02480f7d237cd2f
resnet,clean_only,17,bandpass_n20005_cV3_covariance_s15,phase2/results/predictions/full/clean_only/resnet/seed_17/bandpass_n20005_cV3_covariance_s15.npz,76426,5a772202a0f96a7003f7771933da496002c5c6f256fbf592dea4ce0cb713be30
resnet,clean_only,17,bandpass_n20005_cV3_covariance_s10,phase2/results/predictions/full/clean_only/resnet/seed_17/bandpass_n20005_cV3_covariance_s10.npz,76250,ac48d35f5fd8369010fa6a15e9fa0e1ce37706467c201a222de1aed96b811456
resnet,clean_only,17,bandpass_n20005_cV3_covariance_s5,phase2/results/predictions/full/clean_only/resnet/seed_17/bandpass_n20005_cV3_covariance_s5.npz,75980,bc9db626c46b5d2ecb5cb1bd9796df2af9b180226b7f4d573875f3b7ccb2e933
resnet,clean_only,17,bandpass_n20005_cV3_covariance_s0,phase2/results/predictions/full/clean_only/resnet/seed_17/bandpass_n20005_cV3_covariance_s0.npz,75512,3138f7b567c8e962522afa9a7618cb335aabcbc8a2eaeb22093951321b98bed5
resnet,clean_only,17,bandpass_n20005_cV4_independent_rms_s20,phase2/results/predictions/full/clean_only/resnet/seed_17/bandpass_n20005_cV4_independent_rms_s20.npz,76487,69108957af3fe8c87bf9d8ec1e520dd09eff69884d54e46d87a39c2bdf5b3aaf
resnet,clean_only,17,bandpass_n20005_cV4_independent_rms_s15,phase2/results/predictions/full/clean_only/resnet/seed_17/bandpass_n20005_cV4_independent_rms_s15.npz,76427,7c9a18d5362f1e9cf2bfe301058386ab2b860f3353f234ccf30de63e4e411e4e
resnet,clean_only,17,bandpass_n20005_cV4_independent_rms_s10,phase2/results/predictions/full/clean_only/resnet/seed_17/bandpass_n20005_cV4_independent_rms_s10.npz,76372,eda9c610516ca9fc3effd904743a293a188ba84be495aadab2e10c584d574029
resnet,clean_only,17,bandpass_n20005_cV4_independent_rms_s5,phase2/results/predictions/full/clean_only/resnet/seed_17/bandpass_n20005_cV4_independent_rms_s5.npz,76163,5308fa762bac7f6158214fac548623bad47ddff74d9e712548ab535f213091d2
resnet,clean_only,17,bandpass_n20005_cV4_independent_rms_s0,phase2/results/predictions/full/clean_only/resnet/seed_17/bandpass_n20005_cV4_independent_rms_s0.npz,75894,5bb94d6ea77c518cc0860bcd69083247f03152ca64200bf369763a0b3ec64b79
resnet,clean_only,17,bandpass_n20005_cV4_electrode_s20,phase2/results/predictions/full/clean_only/resnet/seed_17/bandpass_n20005_cV4_electrode_s20.npz,76444,a431484393ae4ed7633e9429e5fd8206c6045078c36d5f617b49c0bef5214b20
resnet,clean_only,17,bandpass_n20005_cV4_electrode_s15,phase2/results/predictions/full/clean_only/resnet/seed_17/bandpass_n20005_cV4_electrode_s15.npz,76410,99ff1006c3a03e3c4f276dab592ceae1c1224cb50162fecd608c09f22ba99580
resnet,clean_only,17,bandpass_n20005_cV4_electrode_s10,phase2/results/predictions/full/clean_only/resnet/seed_17/bandpass_n20005_cV4_electrode_s10.npz,76359,1e3ecb75f8ab71644665bc57405a45a97afc6849e6c187c4a97b8eb28ac3a6a4
resnet,clean_only,17,bandpass_n20005_cV4_electrode_s5,phase2/results/predictions/full/clean_only/resnet/seed_17/bandpass_n20005_cV4_electrode_s5.npz,76171,76b49fd63e379b2b3f97c6a68719010a4a76ede7f74074dbf1cb3468479b1509
resnet,clean_only,17,bandpass_n20005_cV4_electrode_s0,phase2/results/predictions/full/clean_only/resnet/seed_17/bandpass_n20005_cV4_electrode_s0.npz,75874,67b1e810624a065c2a878e09317a6b8a841179e61ede9491061674198f68b6fb
resnet,clean_only,17,bandpass_n20005_cV4_covariance_s20,phase2/results/predictions/full/clean_only/resnet/seed_17/bandpass_n20005_cV4_covariance_s20.npz,76464,cc63f4f3c9d60bbd6c3a114cf2b154984aa249de699f1eab188c7615f1942353
resnet,clean_only,17,bandpass_n20005_cV4_covariance_s15,phase2/results/predictions/full/clean_only/resnet/seed_17/bandpass_n20005_cV4_covariance_s15.npz,76401,3f9e87fd64c4438fdcdc99123c9b8091e5705ef047d6f11cdb48898926aae85d
resnet,clean_only,17,bandpass_n20005_cV4_covariance_s10,phase2/results/predictions/full/clean_only/resnet/seed_17/bandpass_n20005_cV4_covariance_s10.npz,76349,3139b281924ec4d7dd71d3efdc6aa066025509719876479597b8b0c760639986
resnet,clean_only,17,bandpass_n20005_cV4_covariance_s5,phase2/results/predictions/full/clean_only/resnet/seed_17/bandpass_n20005_cV4_covariance_s5.npz,76163,ed1c765187918186a05818a9fbab147c32e9950c81bf9be3c3733f0287de8ed4
resnet,clean_only,17,bandpass_n20005_cV4_covariance_s0,phase2/results/predictions/full/clean_only/resnet/seed_17/bandpass_n20005_cV4_covariance_s0.npz,75897,4a9ff8efca1f119e90d54c29faf41faa3da361148571dc028297091d4e46605f
resnet,clean_only,17,bandpass_n20005_cV5_independent_rms_s20,phase2/results/predictions/full/clean_only/resnet/seed_17/bandpass_n20005_cV5_independent_rms_s20.npz,76464,853f88ba482743efaa36382920ea382e95ba7a11d9446461acca29e0d698a291
resnet,clean_only,17,bandpass_n20005_cV5_independent_rms_s15,phase2/results/predictions/full/clean_only/resnet/seed_17/bandpass_n20005_cV5_independent_rms_s15.npz,76442,d0503c22489e0f266c5238947aefb5f10058fa7d0698299ac572e86cb7b4a449
resnet,clean_only,17,bandpass_n20005_cV5_independent_rms_s10,phase2/results/predictions/full/clean_only/resnet/seed_17/bandpass_n20005_cV5_independent_rms_s10.npz,76291,c9d4d17a5b197a3bdfcb82e9e50ed55cb71af79785e80f183f84f25beeda71a7
resnet,clean_only,17,bandpass_n20005_cV5_independent_rms_s5,phase2/results/predictions/full/clean_only/resnet/seed_17/bandpass_n20005_cV5_independent_rms_s5.npz,76046,c226128687a1976950f6e7a0a71c42ca5d109ca68c85757340c156823ad6800e
resnet,clean_only,17,bandpass_n20005_cV5_independent_rms_s0,phase2/results/predictions/full/clean_only/resnet/seed_17/bandpass_n20005_cV5_independent_rms_s0.npz,75610,e57858d24ab0c31e333b69b3ddb719a566ad0c01fc78b45857f2246040396ef2
resnet,clean_only,17,bandpass_n20005_cV5_electrode_s20,phase2/results/predictions/full/clean_only/resnet/seed_17/bandpass_n20005_cV5_electrode_s20.npz,76459,7d5ca5c081ef3cf22b9049bf6c249b7306fdebc1014ac731a855ad752f725418
resnet,clean_only,17,bandpass_n20005_cV5_electrode_s15,phase2/results/predictions/full/clean_only/resnet/seed_17/bandpass_n20005_cV5_electrode_s15.npz,76389,467fbe206021123987e18058b65fc32c846e3423307b8d3d9022dbe7212474bb
resnet,clean_only,17,bandpass_n20005_cV5_electrode_s10,phase2/results/predictions/full/clean_only/resnet/seed_17/bandpass_n20005_cV5_electrode_s10.npz,76297,23066b2e649ba6d9b103cec37bd4515ff69b9d4c6ceafeaa143b368bae989f69
resnet,clean_only,17,bandpass_n20005_cV5_electrode_s5,phase2/results/predictions/full/clean_only/resnet/seed_17/bandpass_n20005_cV5_electrode_s5.npz,76027,f55084938387d7f604dd8100aa24b927d438f43f4b6e7afa255c95cfa3ef7aa3
resnet,clean_only,17,bandpass_n20005_cV5_electrode_s0,phase2/results/predictions/full/clean_only/resnet/seed_17/bandpass_n20005_cV5_electrode_s0.npz,75589,d7b8de511496050b50f5a85f624ba1c82094e99ed7657b7bf3c7177c4ca14355
resnet,clean_only,17,bandpass_n20005_cV5_covariance_s20,phase2/results/predictions/full/clean_only/resnet/seed_17/bandpass_n20005_cV5_covariance_s20.npz,76444,78c0910440dcfb2c79f20232a7e9807767b73441ad8c6a0c663624aaf9e0c0dd
resnet,clean_only,17,bandpass_n20005_cV5_covariance_s15,phase2/results/predictions/full/clean_only/resnet/seed_17/bandpass_n20005_cV5_covariance_s15.npz,76451,0cbfa84f0d8c2460a61b519d3df87221a595b311dcb9190fcef92e4b91fb0b2c
resnet,clean_only,17,bandpass_n20005_cV5_covariance_s10,phase2/results/predictions/full/clean_only/resnet/seed_17/bandpass_n20005_cV5_covariance_s10.npz,76275,9e456ec13f55a28269ac12ba86a22426f11add1383fd0c1606af05d001c94502
resnet,clean_only,17,bandpass_n20005_cV5_covariance_s5,phase2/results/predictions/full/clean_only/resnet/seed_17/bandpass_n20005_cV5_covariance_s5.npz,76035,76b3701c3154fb939c3e6d998c2e7e73668c4de0949b786ff7fe822322b6e077
resnet,clean_only,17,bandpass_n20005_cV5_covariance_s0,phase2/results/predictions/full/clean_only/resnet/seed_17/bandpass_n20005_cV5_covariance_s0.npz,75582,c98a20fdfd7930e76cde817e761821c63a6042c8634dd3b67e7cb1e0bf262809
resnet,clean_only,17,bandpass_n20005_cV6_independent_rms_s20,phase2/results/predictions/full/clean_only/resnet/seed_17/bandpass_n20005_cV6_independent_rms_s20.npz,76490,8ad410c57c116d6eba1f086a61b5565d143bfce4994ac9c5643d74437d1ae16e
resnet,clean_only,17,bandpass_n20005_cV6_independent_rms_s15,phase2/results/predictions/full/clean_only/resnet/seed_17/bandpass_n20005_cV6_independent_rms_s15.npz,76386,77e4d2559a38f79f2c36d163417fc07eb293bc130a84dd4d9076952bf14ba82f
resnet,clean_only,17,bandpass_n20005_cV6_independent_rms_s10,phase2/results/predictions/full/clean_only/resnet/seed_17/bandpass_n20005_cV6_independent_rms_s10.npz,76283,d8cc5d1b1d97be771ce71ead1a8fc1849e6f2cd61080aeef252e385708e64a64
resnet,clean_only,17,bandpass_n20005_cV6_independent_rms_s5,phase2/results/predictions/full/clean_only/resnet/seed_17/bandpass_n20005_cV6_independent_rms_s5.npz,75977,3b75deb595061f2d18ea5fd94bbe35137bf8815e1ce183e7e261a8554e288e05
resnet,clean_only,17,bandpass_n20005_cV6_independent_rms_s0,phase2/results/predictions/full/clean_only/resnet/seed_17/bandpass_n20005_cV6_independent_rms_s0.npz,75558,cddb569c6d8b5920d071af2c1e5e1926ea8bba2b4d93cb1c19684f7991b746a9
resnet,clean_only,17,bandpass_n20005_cV6_electrode_s20,phase2/results/predictions/full/clean_only/resnet/seed_17/bandpass_n20005_cV6_electrode_s20.npz,76477,b8cbad5c42a933ab5f5387b4388ef39a6c4f6937a77309c7fb4b519ab7d50a38
resnet,clean_only,17,bandpass_n20005_cV6_electrode_s15,phase2/results/predictions/full/clean_only/resnet/seed_17/bandpass_n20005_cV6_electrode_s15.npz,76392,25bb9768850ecf317ec78681bed3a2a3bacbdadcd2ebaa3de438661954d918ff
resnet,clean_only,17,bandpass_n20005_cV6_electrode_s10,phase2/results/predictions/full/clean_only/resnet/seed_17/bandpass_n20005_cV6_electrode_s10.npz,76262,53eeb35b0c6fef4cfef541e196e5f4217dd139d1278c5ce356a38af67fbb7598
resnet,clean_only,17,bandpass_n20005_cV6_electrode_s5,phase2/results/predictions/full/clean_only/resnet/seed_17/bandpass_n20005_cV6_electrode_s5.npz,75970,fb40447b10c2b0eeb7940f74fb04c62959784767f4746d473dfa6120431f6ac1
resnet,clean_only,17,bandpass_n20005_cV6_electrode_s0,phase2/results/predictions/full/clean_only/resnet/seed_17/bandpass_n20005_cV6_electrode_s0.npz,75517,d5f5b34d3e79deaabca593d3c128065e2265c0441c978609594b5b82c0d0f06b
resnet,clean_only,17,bandpass_n20005_cV6_covariance_s20,phase2/results/predictions/full/clean_only/resnet/seed_17/bandpass_n20005_cV6_covariance_s20.npz,76408,ee3d79b84fea255f0bda20dbef9c456ff0d8210a2432d49cd35fc9dfc45474f0
resnet,clean_only,17,bandpass_n20005_cV6_covariance_s15,phase2/results/predictions/full/clean_only/resnet/seed_17/bandpass_n20005_cV6_covariance_s15.npz,76390,e7b9d5431cfd10afac5df9d9dd391d013de5bfbb45f66a1450e72968ebfa0f2d
resnet,clean_only,17,bandpass_n20005_cV6_covariance_s10,phase2/results/predictions/full/clean_only/resnet/seed_17/bandpass_n20005_cV6_covariance_s10.npz,76223,d23dd4b4b333ae9fd715cbfe9825ff946d530cf4305f35be9cb9a6e468c29ccb
resnet,clean_only,17,bandpass_n20005_cV6_covariance_s5,phase2/results/predictions/full/clean_only/resnet/seed_17/bandpass_n20005_cV6_covariance_s5.npz,75938,8af6c1e1e9a48c8f4cd5119ece5aa4c5bdbd57f10bb1e184dad6623e58f8eada
resnet,clean_only,17,bandpass_n20005_cV6_covariance_s0,phase2/results/predictions/full/clean_only/resnet/seed_17/bandpass_n20005_cV6_covariance_s0.npz,75567,d92fa2b93d5c6aa52e4d3d6e442aa3a97defd7322eaf27d12b7dace9fc25a8bb
resnet,clean_only,17,bandpass_n20005_cRA_LA_independent_rms_s20,phase2/results/predictions/full/clean_only/resnet/seed_17/bandpass_n20005_cRA_LA_independent_rms_s20.npz,76474,f644cd0a0edbd20d138db214ef09c907aa022b1b13e868a0e5be137b1964d729
resnet,clean_only,17,bandpass_n20005_cRA_LA_independent_rms_s15,phase2/results/predictions/full/clean_only/resnet/seed_17/bandpass_n20005_cRA_LA_independent_rms_s15.npz,76409,ae6367a9a865c24497d325ec603ce4af50951395d5f13d7c196cb77b425e8964
resnet,clean_only,17,bandpass_n20005_cRA_LA_independent_rms_s10,phase2/results/predictions/full/clean_only/resnet/seed_17/bandpass_n20005_cRA_LA_independent_rms_s10.npz,76237,9e7b867f707b678f7e4dd91eca23046d241052baa040a1c15cea08c1b22c2103
resnet,clean_only,17,bandpass_n20005_cRA_LA_independent_rms_s5,phase2/results/predictions/full/clean_only/resnet/seed_17/bandpass_n20005_cRA_LA_independent_rms_s5.npz,75987,f48ffc1b17dfd94d3604b897cb3ef41054cd17a1494ee1ec769d60b59280fc6b
resnet,clean_only,17,bandpass_n20005_cRA_LA_independent_rms_s0,phase2/results/predictions/full/clean_only/resnet/seed_17/bandpass_n20005_cRA_LA_independent_rms_s0.npz,75580,9a64037d9b4a006e98f380ef1eb3b06d6f59b5fd61e23da0dc5ca4b6ce642a39
resnet,clean_only,17,bandpass_n20005_cRA_LA_electrode_s20,phase2/results/predictions/full/clean_only/resnet/seed_17/bandpass_n20005_cRA_LA_electrode_s20.npz,76474,72635659469876fb20638e90481537b4ab5d2541c28c0f2a92ab35ea90f6f551
resnet,clean_only,17,bandpass_n20005_cRA_LA_electrode_s15,phase2/results/predictions/full/clean_only/resnet/seed_17/bandpass_n20005_cRA_LA_electrode_s15.npz,76368,167cb8d1fba8ab537d88f3e5ce6fca5020b460aa135f1063900bcebfc81d4c82
resnet,clean_only,17,bandpass_n20005_cRA_LA_electrode_s10,phase2/results/predictions/full/clean_only/resnet/seed_17/bandpass_n20005_cRA_LA_electrode_s10.npz,76171,735920ff2abcd01b946ed6f5fcab203dc5de01d8cc1e59502e1e8f93cc7ed86d
resnet,clean_only,17,bandpass_n20005_cRA_LA_electrode_s5,phase2/results/predictions/full/clean_only/resnet/seed_17/bandpass_n20005_cRA_LA_electrode_s5.npz,75909,0290eb585df21eb7108f6a069f6c64245e2072536d457fca26654dba7185e77d
resnet,clean_only,17,bandpass_n20005_cRA_LA_electrode_s0,phase2/results/predictions/full/clean_only/resnet/seed_17/bandpass_n20005_cRA_LA_electrode_s0.npz,75512,ca25d652a092d8867550ef729b93a832131bf4c8fa5c5670d82caa13df8ef5fa
resnet,clean_only,17,bandpass_n20005_cRA_LA_covariance_s20,phase2/results/predictions/full/clean_only/resnet/seed_17/bandpass_n20005_cRA_LA_covariance_s20.npz,76443,38b9080be06b43e3b8124b5e38eddc627629d5759824949abf2679922cc29d4d
resnet,clean_only,17,bandpass_n20005_cRA_LA_covariance_s15,phase2/results/predictions/full/clean_only/resnet/seed_17/bandpass_n20005_cRA_LA_covariance_s15.npz,76381,50e5c5ae9ca6dc6673c754ec484a4e4c7f554766d2a700a6f17645e77f30fcd4
resnet,clean_only,17,bandpass_n20005_cRA_LA_covariance_s10,phase2/results/predictions/full/clean_only/resnet/seed_17/bandpass_n20005_cRA_LA_covariance_s10.npz,76181,02505a772da7e2963164fd607f6607cd63f67eeeb086f74f7ca6c4c1047ea738
resnet,clean_only,17,bandpass_n20005_cRA_LA_covariance_s5,phase2/results/predictions/full/clean_only/resnet/seed_17/bandpass_n20005_cRA_LA_covariance_s5.npz,75906,47a062c4e36a176060b242a7b033629c3b716670fc62cf23c71c3acda4c81e61
resnet,clean_only,17,bandpass_n20005_cRA_LA_covariance_s0,phase2/results/predictions/full/clean_only/resnet/seed_17/bandpass_n20005_cRA_LA_covariance_s0.npz,75501,57273d45d99aac2b3ac67a3595bd4556725a5139a2506e2d30a7dd572f3eef05
resnet,clean_only,17,bandpass_n20005_cLA_LL_independent_rms_s20,phase2/results/predictions/full/clean_only/resnet/seed_17/bandpass_n20005_cLA_LL_independent_rms_s20.npz,76482,4d13d5755fdc1523d665212d489537fb7630f8fe5634cc1d1380ff3fa3625218
resnet,clean_only,17,bandpass_n20005_cLA_LL_independent_rms_s15,phase2/results/predictions/full/clean_only/resnet/seed_17/bandpass_n20005_cLA_LL_independent_rms_s15.npz,76403,cc647765b8ccd441dbb5a0e7df150c6514253af079d1e404a912198598d2eb51
resnet,clean_only,17,bandpass_n20005_cLA_LL_independent_rms_s10,phase2/results/predictions/full/clean_only/resnet/seed_17/bandpass_n20005_cLA_LL_independent_rms_s10.npz,76268,d66b5f197bd6ac4a95fde9f1644de348b8090729011e0da7612b8f95776d8114
resnet,clean_only,17,bandpass_n20005_cLA_LL_independent_rms_s5,phase2/results/predictions/full/clean_only/resnet/seed_17/bandpass_n20005_cLA_LL_independent_rms_s5.npz,75976,5f77ae9fad7b47de722896f6355f73db57dfab714dcad433cfd95f08935fd45f
resnet,clean_only,17,bandpass_n20005_cLA_LL_independent_rms_s0,phase2/results/predictions/full/clean_only/resnet/seed_17/bandpass_n20005_cLA_LL_independent_rms_s0.npz,75540,f9ee45a73cc7c684183eec393d4e80f1fb38cc0755d4b70af73f6bcb0161e9eb
resnet,clean_only,17,bandpass_n20005_cLA_LL_electrode_s20,phase2/results/predictions/full/clean_only/resnet/seed_17/bandpass_n20005_cLA_LL_electrode_s20.npz,76462,30ecb27981e686ac01898ab2d46aba512e550b91c0cd53c4ea39d79d670d4eb1
resnet,clean_only,17,bandpass_n20005_cLA_LL_electrode_s15,phase2/results/predictions/full/clean_only/resnet/seed_17/bandpass_n20005_cLA_LL_electrode_s15.npz,76363,694d7191594bbc58fc90e1bdb63e50edb2e339c85ac0e4c78478c7fea6ee3b18
resnet,clean_only,17,bandpass_n20005_cLA_LL_electrode_s10,phase2/results/predictions/full/clean_only/resnet/seed_17/bandpass_n20005_cLA_LL_electrode_s10.npz,76186,11d70fa0e2359cace7a196259ce56e43df57edaf37ebe9f9239bb9b0b9efed6d
resnet,clean_only,17,bandpass_n20005_cLA_LL_electrode_s5,phase2/results/predictions/full/clean_only/resnet/seed_17/bandpass_n20005_cLA_LL_electrode_s5.npz,75809,6b1781a60e8dc47adf298754a7badcd5aa0ae336e711f256ec644e8fd1c445d4
resnet,clean_only,17,bandpass_n20005_cLA_LL_electrode_s0,phase2/results/predictions/full/clean_only/resnet/seed_17/bandpass_n20005_cLA_LL_electrode_s0.npz,75465,a06b6809df9522988e21c8e0a1966ca0a01f03d36d8cff53a5cc4e4dbc417d18
resnet,clean_only,17,bandpass_n20005_cLA_LL_covariance_s20,phase2/results/predictions/full/clean_only/resnet/seed_17/bandpass_n20005_cLA_LL_covariance_s20.npz,76467,cc9304e9b363300c7b0c77a8e9a9dddb871605a75182961248be93142f1ba3fe
resnet,clean_only,17,bandpass_n20005_cLA_LL_covariance_s15,phase2/results/predictions/full/clean_only/resnet/seed_17/bandpass_n20005_cLA_LL_covariance_s15.npz,76351,a6721d7b031964d3fcbc77b5d440fd548b4b22d13e48ff801e1b4f156608f7dd
resnet,clean_only,17,bandpass_n20005_cLA_LL_covariance_s10,phase2/results/predictions/full/clean_only/resnet/seed_17/bandpass_n20005_cLA_LL_covariance_s10.npz,76170,223c854d4bdee505027142967c19b76e6903839495d17d1fd3baf5aa96d7cf2a
resnet,clean_only,17,bandpass_n20005_cLA_LL_covariance_s5,phase2/results/predictions/full/clean_only/resnet/seed_17/bandpass_n20005_cLA_LL_covariance_s5.npz,75813,de275cea79b80a1081a205940f1e3fff2ec0205c3c67f251e628f71f5c75aef9
resnet,clean_only,17,bandpass_n20005_cLA_LL_covariance_s0,phase2/results/predictions/full/clean_only/resnet/seed_17/bandpass_n20005_cLA_LL_covariance_s0.npz,75458,7f44af1687a52812711819c8f41e104473d7b4788d10feeb29d9b8d6f93e97c9
resnet,clean_only,17,bandpass_n20005_cRA_LL_independent_rms_s20,phase2/results/predictions/full/clean_only/resnet/seed_17/bandpass_n20005_cRA_LL_independent_rms_s20.npz,76470,423cd4d890a925770b62f1a2ef628dfa4d27dcde42eae080a0f459188446cc41
resnet,clean_only,17,bandpass_n20005_cRA_LL_independent_rms_s15,phase2/results/predictions/full/clean_only/resnet/seed_17/bandpass_n20005_cRA_LL_independent_rms_s15.npz,76404,28291966473af29b91c9515d54c8d2dbe320db426dec591782ed1e87289df3d9
resnet,clean_only,17,bandpass_n20005_cRA_LL_independent_rms_s10,phase2/results/predictions/full/clean_only/resnet/seed_17/bandpass_n20005_cRA_LL_independent_rms_s10.npz,76263,c32068aa450b9c313e26dbfe26c8c23ec2f2d90c005eb808f35c9fc7561a8a13
resnet,clean_only,17,bandpass_n20005_cRA_LL_independent_rms_s5,phase2/results/predictions/full/clean_only/resnet/seed_17/bandpass_n20005_cRA_LL_independent_rms_s5.npz,75973,bab51511fd7cbef880156866bdafb409af12384281e161833613011d2a3d5912
resnet,clean_only,17,bandpass_n20005_cRA_LL_independent_rms_s0,phase2/results/predictions/full/clean_only/resnet/seed_17/bandpass_n20005_cRA_LL_independent_rms_s0.npz,75503,3c32a72e75196c97274956011f422c85715ab297c4377a5a8774bce4d0827c5a
resnet,clean_only,17,bandpass_n20005_cRA_LL_electrode_s20,phase2/results/predictions/full/clean_only/resnet/seed_17/bandpass_n20005_cRA_LL_electrode_s20.npz,76430,6694d50c91aa8d3ec45f5185ae0fac9ddb010c485669d2e5f599faeb7676c0f7
resnet,clean_only,17,bandpass_n20005_cRA_LL_electrode_s15,phase2/results/predictions/full/clean_only/resnet/seed_17/bandpass_n20005_cRA_LL_electrode_s15.npz,76338,506fed27dabc1310369a527bed2d0157af6edd41f31728ea4ac6bf6d5dec5f26
resnet,clean_only,17,bandpass_n20005_cRA_LL_electrode_s10,phase2/results/predictions/full/clean_only/resnet/seed_17/bandpass_n20005_cRA_LL_electrode_s10.npz,76127,3c7e4520ae41ba92990c18918865fdb57562de5cd97ea8ea2269fa792067346d
resnet,clean_only,17,bandpass_n20005_cRA_LL_electrode_s5,phase2/results/predictions/full/clean_only/resnet/seed_17/bandpass_n20005_cRA_LL_electrode_s5.npz,75867,139494467af7e7de1f129a9d02c9b220ad066cb0d617a6366d9eee90ee79d9fa
resnet,clean_only,17,bandpass_n20005_cRA_LL_electrode_s0,phase2/results/predictions/full/clean_only/resnet/seed_17/bandpass_n20005_cRA_LL_electrode_s0.npz,75503,6f7d1fca833299e1e4e3ba689cfd6f535e33620be932eb7f693b9e0a14ebe661
resnet,clean_only,17,bandpass_n20005_cRA_LL_covariance_s20,phase2/results/predictions/full/clean_only/resnet/seed_17/bandpass_n20005_cRA_LL_covariance_s20.npz,76446,7094a41ed010e2f028637045ce30606f6006f63185f44b93b522ea8161b3e488
resnet,clean_only,17,bandpass_n20005_cRA_LL_covariance_s15,phase2/results/predictions/full/clean_only/resnet/seed_17/bandpass_n20005_cRA_LL_covariance_s15.npz,76335,d422f7355a8427b992b2a20f59cd36c070473b46b7ca2d7c720037034229be05
resnet,clean_only,17,bandpass_n20005_cRA_LL_covariance_s10,phase2/results/predictions/full/clean_only/resnet/seed_17/bandpass_n20005_cRA_LL_covariance_s10.npz,76142,70bb71ee3df6cfc7cfbb873fac9aa041e4f23c0c40f89b02f0b7a2aa57062062
resnet,clean_only,17,bandpass_n20005_cRA_LL_covariance_s5,phase2/results/predictions/full/clean_only/resnet/seed_17/bandpass_n20005_cRA_LL_covariance_s5.npz,75847,f83463f992e022851e73d7a7e7d4f26f8ded0a4f1050314fb0832bf498120371
resnet,clean_only,17,bandpass_n20005_cRA_LL_covariance_s0,phase2/results/predictions/full/clean_only/resnet/seed_17/bandpass_n20005_cRA_LL_covariance_s0.npz,75482,b05b8bb0feafe4e9446c174b0676441c26d2d8a8427624bc670e9ea1b9f7024c
resnet,clean_only,17,bandpass_n20005_cRA_independent_rms_s20,phase2/results/predictions/full/clean_only/resnet/seed_17/bandpass_n20005_cRA_independent_rms_s20.npz,76435,467a404a2c5a0fbfe792718e4102051d425747c2ef9d056b5bc6afc54595a997
resnet,clean_only,17,bandpass_n20005_cRA_independent_rms_s15,phase2/results/predictions/full/clean_only/resnet/seed_17/bandpass_n20005_cRA_independent_rms_s15.npz,76394,ec4f796bf2b06833341b0b554505ee8c6fdba724ddfec28512a200c7fb0c948f
resnet,clean_only,17,bandpass_n20005_cRA_independent_rms_s10,phase2/results/predictions/full/clean_only/resnet/seed_17/bandpass_n20005_cRA_independent_rms_s10.npz,76271,738a5c1d13e97a40c4a77067eb2e1cc4f55471885670f44a102511892245ce03
resnet,clean_only,17,bandpass_n20005_cRA_independent_rms_s5,phase2/results/predictions/full/clean_only/resnet/seed_17/bandpass_n20005_cRA_independent_rms_s5.npz,75981,6e8ef0664ce362393006c82fdb1fd740d9ac7cb4f145e61374cf63747dcdb908
resnet,clean_only,17,bandpass_n20005_cRA_independent_rms_s0,phase2/results/predictions/full/clean_only/resnet/seed_17/bandpass_n20005_cRA_independent_rms_s0.npz,75606,d02a2beee7cab26f3366343501c1a0a64edec4d76cac0690e4293b8035faac39
resnet,clean_only,17,bandpass_n20005_cRA_electrode_s20,phase2/results/predictions/full/clean_only/resnet/seed_17/bandpass_n20005_cRA_electrode_s20.npz,76421,3f582e319199dae1a1010a2dd45a0d930f81b6242743ba98c3a8f7d1824f7095
resnet,clean_only,17,bandpass_n20005_cRA_electrode_s15,phase2/results/predictions/full/clean_only/resnet/seed_17/bandpass_n20005_cRA_electrode_s15.npz,76329,9369b2d5d3d250585898e12fa3c0331a77035acb41edc2882b26d9f6f4afb423
resnet,clean_only,17,bandpass_n20005_cRA_electrode_s10,phase2/results/predictions/full/clean_only/resnet/seed_17/bandpass_n20005_cRA_electrode_s10.npz,76202,3e3d4f208b15142bb0274fc0a121ae2b738092f9d32cd247ec244a8910ecd088
resnet,clean_only,17,bandpass_n20005_cRA_electrode_s5,phase2/results/predictions/full/clean_only/resnet/seed_17/bandpass_n20005_cRA_electrode_s5.npz,75881,5bccdca736ebb0c4c0d6e9be4154210dcd408980034a1537a4d93a3e24581768
resnet,clean_only,17,bandpass_n20005_cRA_electrode_s0,phase2/results/predictions/full/clean_only/resnet/seed_17/bandpass_n20005_cRA_electrode_s0.npz,75521,1eb62d8df0a0b12b5769a5a159ce2aa89a4f5ca0096c9b2c66f2c2510b301f36
resnet,clean_only,17,bandpass_n20005_cRA_covariance_s20,phase2/results/predictions/full/clean_only/resnet/seed_17/bandpass_n20005_cRA_covariance_s20.npz,76438,7e73f1403d34d9a5ebcaa08a0c4dcc216dc94151899985634302389fce9c5a79
resnet,clean_only,17,bandpass_n20005_cRA_covariance_s15,phase2/results/predictions/full/clean_only/resnet/seed_17/bandpass_n20005_cRA_covariance_s15.npz,76356,06acfb582969dd919c4f5fc78e11eb6edbc7c1ed3eacdd6c0949253081d4429d
resnet,clean_only,17,bandpass_n20005_cRA_covariance_s10,phase2/results/predictions/full/clean_only/resnet/seed_17/bandpass_n20005_cRA_covariance_s10.npz,76222,88141d5bfe77ccc948643951a121cf559d798031135ea6b9ebda5c3baf20a910
resnet,clean_only,17,bandpass_n20005_cRA_covariance_s5,phase2/results/predictions/full/clean_only/resnet/seed_17/bandpass_n20005_cRA_covariance_s5.npz,75894,20b0933327219d8826def2341762154215847acd51573b0800bebdf270c0f01a
resnet,clean_only,17,bandpass_n20005_cRA_covariance_s0,phase2/results/predictions/full/clean_only/resnet/seed_17/bandpass_n20005_cRA_covariance_s0.npz,75551,bac425b2a97d089c4dbc615a387a62f64846a0e1bc1aad365c060faffeca94df
resnet,clean_only,17,bandpass_n20005_cLA_independent_rms_s20,phase2/results/predictions/full/clean_only/resnet/seed_17/bandpass_n20005_cLA_independent_rms_s20.npz,76476,fb91e5fcb87190def116f2af074feefbf585e0638ef709f02d0455c209edf380
resnet,clean_only,17,bandpass_n20005_cLA_independent_rms_s15,phase2/results/predictions/full/clean_only/resnet/seed_17/bandpass_n20005_cLA_independent_rms_s15.npz,76429,427281e8a60556086ffdf7c0e34a1eb19770b69963d513e55c9db9d798a094d1
resnet,clean_only,17,bandpass_n20005_cLA_independent_rms_s10,phase2/results/predictions/full/clean_only/resnet/seed_17/bandpass_n20005_cLA_independent_rms_s10.npz,76304,4b34c80e173e6cf6941f63846e35ad32f3c5a877f1d4a2d5d8e4ccf843b380d4
resnet,clean_only,17,bandpass_n20005_cLA_independent_rms_s5,phase2/results/predictions/full/clean_only/resnet/seed_17/bandpass_n20005_cLA_independent_rms_s5.npz,75986,8f3700def0959714c33b43872ee9188112adb7b365b8a41efd0574b9ed430785
resnet,clean_only,17,bandpass_n20005_cLA_independent_rms_s0,phase2/results/predictions/full/clean_only/resnet/seed_17/bandpass_n20005_cLA_independent_rms_s0.npz,75556,c6462305aa0b28c64113a1223636613b5921c46050d644d706d27ca506440314
resnet,clean_only,17,bandpass_n20005_cLA_electrode_s20,phase2/results/predictions/full/clean_only/resnet/seed_17/bandpass_n20005_cLA_electrode_s20.npz,76458,62d9b72ceee970c17f2abf1937ad09bb039231e35bec488d4860ecc8658f97e1
resnet,clean_only,17,bandpass_n20005_cLA_electrode_s15,phase2/results/predictions/full/clean_only/resnet/seed_17/bandpass_n20005_cLA_electrode_s15.npz,76365,dee29d4e2bf4e206f75141669a1399af61b536ed5c42ad01ab810a75d5a8a7b4
resnet,clean_only,17,bandpass_n20005_cLA_electrode_s10,phase2/results/predictions/full/clean_only/resnet/seed_17/bandpass_n20005_cLA_electrode_s10.npz,76224,b57d57aadbfac91888e19b04fa9ff6aa8439f5a80ea3c91c3366fbca139f23dc
resnet,clean_only,17,bandpass_n20005_cLA_electrode_s5,phase2/results/predictions/full/clean_only/resnet/seed_17/bandpass_n20005_cLA_electrode_s5.npz,75854,d33c926dcf068ae6225ace7bd389ba2d3ea2b65af9af52d1cbbcba0909901099
resnet,clean_only,17,bandpass_n20005_cLA_electrode_s0,phase2/results/predictions/full/clean_only/resnet/seed_17/bandpass_n20005_cLA_electrode_s0.npz,75413,4ea229babe1bb670f3fae31890e23d29838702895410083d3eb07379737248b3
resnet,clean_only,17,bandpass_n20005_cLA_covariance_s20,phase2/results/predictions/full/clean_only/resnet/seed_17/bandpass_n20005_cLA_covariance_s20.npz,76442,ea82f877dfae91a2cddf5d974b7a13f48d517ba6f5d1783ca7a6e3184a011832
resnet,clean_only,17,bandpass_n20005_cLA_covariance_s15,phase2/results/predictions/full/clean_only/resnet/seed_17/bandpass_n20005_cLA_covariance_s15.npz,76341,64ae9468136f6b6dd24bbdd33ad16817da8ac97818a7d99d83d5ec483deb1c28
resnet,clean_only,17,bandpass_n20005_cLA_covariance_s10,phase2/results/predictions/full/clean_only/resnet/seed_17/bandpass_n20005_cLA_covariance_s10.npz,76177,82c18685e41ac89c06ca742bedf26d0c26dfd245bf294cd7e7d783ce89222cc7
resnet,clean_only,17,bandpass_n20005_cLA_covariance_s5,phase2/results/predictions/full/clean_only/resnet/seed_17/bandpass_n20005_cLA_covariance_s5.npz,75853,acd467cfaa38a93a1c744c3071a7e26f1cb67c4a1f65af9191ef228447806563
resnet,clean_only,17,bandpass_n20005_cLA_covariance_s0,phase2/results/predictions/full/clean_only/resnet/seed_17/bandpass_n20005_cLA_covariance_s0.npz,75400,a20f90bc030c8809c6f8ff11d7b75e2afd4a4d4e4aa900e2df940dc675690c1d
resnet,clean_only,17,bandpass_n20005_cLL_independent_rms_s20,phase2/results/predictions/full/clean_only/resnet/seed_17/bandpass_n20005_cLL_independent_rms_s20.npz,76441,ed3e9a70e1cd5cbc7ee9f32ac3094183f96a5d5bc57b55b043e841e9a3972980
resnet,clean_only,17,bandpass_n20005_cLL_independent_rms_s15,phase2/results/predictions/full/clean_only/resnet/seed_17/bandpass_n20005_cLL_independent_rms_s15.npz,76374,02ae3402e581c0aa47de2d44c53faefd53079cae964cdeac1c7551c069e739eb
resnet,clean_only,17,bandpass_n20005_cLL_independent_rms_s10,phase2/results/predictions/full/clean_only/resnet/seed_17/bandpass_n20005_cLL_independent_rms_s10.npz,76243,8fb8d737ea307eca68784d6d6f726783c30b67e5336a2138712728516b1bf331
resnet,clean_only,17,bandpass_n20005_cLL_independent_rms_s5,phase2/results/predictions/full/clean_only/resnet/seed_17/bandpass_n20005_cLL_independent_rms_s5.npz,75922,de35f877cf279e1c5ccdefe7cf832e23b49969657dad627f56f39c9263f27e47
resnet,clean_only,17,bandpass_n20005_cLL_independent_rms_s0,phase2/results/predictions/full/clean_only/resnet/seed_17/bandpass_n20005_cLL_independent_rms_s0.npz,75470,1ef39edf354922d8d614cf5e05c5319ce3617cb4403152b7e94a6c1ef4de52bf
resnet,clean_only,17,bandpass_n20005_cLL_electrode_s20,phase2/results/predictions/full/clean_only/resnet/seed_17/bandpass_n20005_cLL_electrode_s20.npz,76458,dbeb4412d579a69625eb06de21432a79dd0a4344375615863a5d1d6e9ae6cd6d
resnet,clean_only,17,bandpass_n20005_cLL_electrode_s15,phase2/results/predictions/full/clean_only/resnet/seed_17/bandpass_n20005_cLL_electrode_s15.npz,76343,311d304763c47f99139a776fab8c436225939ed7c946867726a22fcf03709d79
resnet,clean_only,17,bandpass_n20005_cLL_electrode_s10,phase2/results/predictions/full/clean_only/resnet/seed_17/bandpass_n20005_cLL_electrode_s10.npz,76108,51934efb6ad8348614ff8cde3b69e491a60f46c13151f2ba8ff05497bbef1dc6
resnet,clean_only,17,bandpass_n20005_cLL_electrode_s5,phase2/results/predictions/full/clean_only/resnet/seed_17/bandpass_n20005_cLL_electrode_s5.npz,75856,d70fead3933027609af514ea45e0861c421cc298025ad801b303142e8ebf55df
resnet,clean_only,17,bandpass_n20005_cLL_electrode_s0,phase2/results/predictions/full/clean_only/resnet/seed_17/bandpass_n20005_cLL_electrode_s0.npz,75624,32e33abd4b9c111f092a43921ba9ff70a2d29283bac2bdc68cc4e6ff9345d591
resnet,clean_only,17,bandpass_n20005_cLL_covariance_s20,phase2/results/predictions/full/clean_only/resnet/seed_17/bandpass_n20005_cLL_covariance_s20.npz,76459,8026c512d8fd6531fbc1b19fecac37360891df2b8d01515c14219422d3e294d9
resnet,clean_only,17,bandpass_n20005_cLL_covariance_s15,phase2/results/predictions/full/clean_only/resnet/seed_17/bandpass_n20005_cLL_covariance_s15.npz,76325,5581426c5cfbdd59f2031d50df9b4d2f82f011b908ccc89db531fa11aab1196e
resnet,clean_only,17,bandpass_n20005_cLL_covariance_s10,phase2/results/predictions/full/clean_only/resnet/seed_17/bandpass_n20005_cLL_covariance_s10.npz,76115,130de515913f637f769838b45ff4a5aafc7a9f3447377132cda0379c491eeea5
resnet,clean_only,17,bandpass_n20005_cLL_covariance_s5,phase2/results/predictions/full/clean_only/resnet/seed_17/bandpass_n20005_cLL_covariance_s5.npz,75819,3071bdc05838a978444427e7501d9ab6402426b35318f6009391bf1ed03b99e0
resnet,clean_only,17,bandpass_n20005_cLL_covariance_s0,phase2/results/predictions/full/clean_only/resnet/seed_17/bandpass_n20005_cLL_covariance_s0.npz,75591,3783ad94b80745af59be9f847760f0c0627b06fd01c260b0e89e5885b993210f
resnet,clean_only,17,bandpass_n20005_cRA_V1_independent_rms_s20,phase2/results/predictions/full/clean_only/resnet/seed_17/bandpass_n20005_cRA_V1_independent_rms_s20.npz,76472,b019645d421ec92d9191cb87c245e3f7291aafe74275bbea39149e7f01a04160
resnet,clean_only,17,bandpass_n20005_cRA_V1_independent_rms_s15,phase2/results/predictions/full/clean_only/resnet/seed_17/bandpass_n20005_cRA_V1_independent_rms_s15.npz,76454,9fb2de3efc4e1c7bda6ce11fbde1637ee9b6e1b7044630e4fb1ff8c9ba599bfa
resnet,clean_only,17,bandpass_n20005_cRA_V1_independent_rms_s10,phase2/results/predictions/full/clean_only/resnet/seed_17/bandpass_n20005_cRA_V1_independent_rms_s10.npz,76266,7ad0e14d9e0948cc30abe8c53ed289e62df33230ad6bd1f473ffff9a53cf74fd
resnet,clean_only,17,bandpass_n20005_cRA_V1_independent_rms_s5,phase2/results/predictions/full/clean_only/resnet/seed_17/bandpass_n20005_cRA_V1_independent_rms_s5.npz,75996,cc56044426640194e8326c400a6dcf7f4dcb40a7267894cbdbcb1f2d1af9e0ac
resnet,clean_only,17,bandpass_n20005_cRA_V1_independent_rms_s0,phase2/results/predictions/full/clean_only/resnet/seed_17/bandpass_n20005_cRA_V1_independent_rms_s0.npz,75633,a1f52e544c3ec9faa0b4df0c3791c14dbee400adedcf2b911073d4e91c1a8efe
resnet,clean_only,17,bandpass_n20005_cRA_V1_electrode_s20,phase2/results/predictions/full/clean_only/resnet/seed_17/bandpass_n20005_cRA_V1_electrode_s20.npz,76454,f32b80442fc43d3f4c560e683fd5d74c83ea926f979de72b5c120fbe7bb62548
resnet,clean_only,17,bandpass_n20005_cRA_V1_electrode_s15,phase2/results/predictions/full/clean_only/resnet/seed_17/bandpass_n20005_cRA_V1_electrode_s15.npz,76413,38ddb2359d3c3c1fbb52d51666e71324d82e19d2ec7462b9d7f3780aace4aee4
resnet,clean_only,17,bandpass_n20005_cRA_V1_electrode_s10,phase2/results/predictions/full/clean_only/resnet/seed_17/bandpass_n20005_cRA_V1_electrode_s10.npz,76189,4c2fbeec47645c7dd08c8906a3ed5c724d02e6120f33150a945c31869894bc9b
resnet,clean_only,17,bandpass_n20005_cRA_V1_electrode_s5,phase2/results/predictions/full/clean_only/resnet/seed_17/bandpass_n20005_cRA_V1_electrode_s5.npz,75920,c802d0e4da368b43925977cd919566186cd18d2e80dbe7658544211610565ba5
resnet,clean_only,17,bandpass_n20005_cRA_V1_electrode_s0,phase2/results/predictions/full/clean_only/resnet/seed_17/bandpass_n20005_cRA_V1_electrode_s0.npz,75562,863eda151dc8fb24e22c02beab0ca3abc9991583d4bc750e87f6dacf3061b0a9
resnet,clean_only,17,bandpass_n20005_cRA_V1_covariance_s20,phase2/results/predictions/full/clean_only/resnet/seed_17/bandpass_n20005_cRA_V1_covariance_s20.npz,76476,32c0a3b89f6128d917bce0dc9e0eeb3437e369f621109ef4e6ccdbd57537bf34
resnet,clean_only,17,bandpass_n20005_cRA_V1_covariance_s15,phase2/results/predictions/full/clean_only/resnet/seed_17/bandpass_n20005_cRA_V1_covariance_s15.npz,76365,ceeb8d81bd009b124c2cabd1b0914f8b81cac098e45a4174f2a209f1dfc677c3
resnet,clean_only,17,bandpass_n20005_cRA_V1_covariance_s10,phase2/results/predictions/full/clean_only/resnet/seed_17/bandpass_n20005_cRA_V1_covariance_s10.npz,76260,ad173fe92b18f507329948b10adeb6795bc7ea8c01fd80f016c61e42528b8582
resnet,clean_only,17,bandpass_n20005_cRA_V1_covariance_s5,phase2/results/predictions/full/clean_only/resnet/seed_17/bandpass_n20005_cRA_V1_covariance_s5.npz,75931,ccb6f620edd8215198db4cc27a5655a5cd976f57f8a46249a69f53871f20d8c7
resnet,clean_only,17,bandpass_n20005_cRA_V1_covariance_s0,phase2/results/predictions/full/clean_only/resnet/seed_17/bandpass_n20005_cRA_V1_covariance_s0.npz,75595,24e40318ee31f83a3a1493cef28f95a658fc98a5c93b3ebefa5dc80ea09bae1f
resnet,clean_only,17,bandpass_n20005_cLA_V6_independent_rms_s20,phase2/results/predictions/full/clean_only/resnet/seed_17/bandpass_n20005_cLA_V6_independent_rms_s20.npz,76503,991ed13493ebec7688fc616051326ebfd7fef419b3ca7158c7ea1ff649bd85a6
resnet,clean_only,17,bandpass_n20005_cLA_V6_independent_rms_s15,phase2/results/predictions/full/clean_only/resnet/seed_17/bandpass_n20005_cLA_V6_independent_rms_s15.npz,76397,5fab6690f78b0cac796140ca7c622095d4759961adc1f924241b0a3d67000aab
resnet,clean_only,17,bandpass_n20005_cLA_V6_independent_rms_s10,phase2/results/predictions/full/clean_only/resnet/seed_17/bandpass_n20005_cLA_V6_independent_rms_s10.npz,76297,c9ce59dd638506eeddfd2a6a4c02edeb2c79819fee6f7b4ab458281a5989555d
resnet,clean_only,17,bandpass_n20005_cLA_V6_independent_rms_s5,phase2/results/predictions/full/clean_only/resnet/seed_17/bandpass_n20005_cLA_V6_independent_rms_s5.npz,76000,e2eb01d4ce970a1f59e70caf5fd3cf7951119b173326e77ec89a6e982aaa26d2
resnet,clean_only,17,bandpass_n20005_cLA_V6_independent_rms_s0,phase2/results/predictions/full/clean_only/resnet/seed_17/bandpass_n20005_cLA_V6_independent_rms_s0.npz,75578,241b5ba9a12ad3b04610b1e64bb5ca517cd579b15d06d0f34e79cbd9161746f7
resnet,clean_only,17,bandpass_n20005_cLA_V6_electrode_s20,phase2/results/predictions/full/clean_only/resnet/seed_17/bandpass_n20005_cLA_V6_electrode_s20.npz,76455,afec80f3354c3a4ffa0d1fef2a228594310a1ccaaa269c98f3e63ccd431b7b7e
resnet,clean_only,17,bandpass_n20005_cLA_V6_electrode_s15,phase2/results/predictions/full/clean_only/resnet/seed_17/bandpass_n20005_cLA_V6_electrode_s15.npz,76377,33beceb324c251d32f023e436b522b0ba823abb6ce195ccc59b85919a02f3483
resnet,clean_only,17,bandpass_n20005_cLA_V6_electrode_s10,phase2/results/predictions/full/clean_only/resnet/seed_17/bandpass_n20005_cLA_V6_electrode_s10.npz,76230,b38d733c00df20302a13225e21692cd4cea923cde367e7bccbc4295412d8cd18
resnet,clean_only,17,bandpass_n20005_cLA_V6_electrode_s5,phase2/results/predictions/full/clean_only/resnet/seed_17/bandpass_n20005_cLA_V6_electrode_s5.npz,75870,462ce7df1ee5056a0b3c3161bd64ca7f8730e63390015b42735c3f13d894a94d
resnet,clean_only,17,bandpass_n20005_cLA_V6_electrode_s0,phase2/results/predictions/full/clean_only/resnet/seed_17/bandpass_n20005_cLA_V6_electrode_s0.npz,75390,1484d5aebdfa324b3f90fe9a6ea7c087038d13394ae13df79fda99c25792a69c
resnet,clean_only,17,bandpass_n20005_cLA_V6_covariance_s20,phase2/results/predictions/full/clean_only/resnet/seed_17/bandpass_n20005_cLA_V6_covariance_s20.npz,76483,aca784670d7ae4e32a4fd4b5f0744df6acd9ecc3e0a9fed9e1be168242d10900
resnet,clean_only,17,bandpass_n20005_cLA_V6_covariance_s15,phase2/results/predictions/full/clean_only/resnet/seed_17/bandpass_n20005_cLA_V6_covariance_s15.npz,76403,060f6f3588aedb910bb2535ee25d5c0405d64ce55273dc9d83409615027cab71
resnet,clean_only,17,bandpass_n20005_cLA_V6_covariance_s10,phase2/results/predictions/full/clean_only/resnet/seed_17/bandpass_n20005_cLA_V6_covariance_s10.npz,76228,c222f4cf5b2e27d53a688bef51a4988d3c0f7e75542e5d36f61a1d2f6953b566
resnet,clean_only,17,bandpass_n20005_cLA_V6_covariance_s5,phase2/results/predictions/full/clean_only/resnet/seed_17/bandpass_n20005_cLA_V6_covariance_s5.npz,75883,a0c3f7105c6de9b85d38bf7e5e5da10080d5dda499b06596b4371bf15c833856
resnet,clean_only,17,bandpass_n20005_cLA_V6_covariance_s0,phase2/results/predictions/full/clean_only/resnet/seed_17/bandpass_n20005_cLA_V6_covariance_s0.npz,75448,46185a274f9cbfc72b14643e729cc3b0a7359e66520c9665540b08f69db60714
resnet,clean_only,17,bandpass_n20005_cLL_V4_independent_rms_s20,phase2/results/predictions/full/clean_only/resnet/seed_17/bandpass_n20005_cLL_V4_independent_rms_s20.npz,76494,b7ab919478e7f684875e477c3b43c4e525c21b19919781858b7f05da04adf7ad
resnet,clean_only,17,bandpass_n20005_cLL_V4_independent_rms_s15,phase2/results/predictions/full/clean_only/resnet/seed_17/bandpass_n20005_cLL_V4_independent_rms_s15.npz,76431,9547d96c3187ec5d9a54b90e4ee2de5d60d995a453ea170ca8f78e7af00b08ba
resnet,clean_only,17,bandpass_n20005_cLL_V4_independent_rms_s10,phase2/results/predictions/full/clean_only/resnet/seed_17/bandpass_n20005_cLL_V4_independent_rms_s10.npz,76272,72f29ba5678b91ffa18042e28b6de6a76ad49afd16b872174bbfaba9d3ee5dfe
resnet,clean_only,17,bandpass_n20005_cLL_V4_independent_rms_s5,phase2/results/predictions/full/clean_only/resnet/seed_17/bandpass_n20005_cLL_V4_independent_rms_s5.npz,75992,82735da78bd1c5501eb9291ebbe8ffe12d893cc2d44b194c9667ccd7872b23ae
resnet,clean_only,17,bandpass_n20005_cLL_V4_independent_rms_s0,phase2/results/predictions/full/clean_only/resnet/seed_17/bandpass_n20005_cLL_V4_independent_rms_s0.npz,75527,9f5da55211e3b5acd7726a285716b119ca055ed73b5500a5c5f75488cef50066
resnet,clean_only,17,bandpass_n20005_cLL_V4_electrode_s20,phase2/results/predictions/full/clean_only/resnet/seed_17/bandpass_n20005_cLL_V4_electrode_s20.npz,76475,db7cbddf119081d81776e3bf5d26493669d71757a65630e30bff60714a9579b5
resnet,clean_only,17,bandpass_n20005_cLL_V4_electrode_s15,phase2/results/predictions/full/clean_only/resnet/seed_17/bandpass_n20005_cLL_V4_electrode_s15.npz,76356,1d9e9f66f229c21a30f2e69beb1d7d4bc0032a51a127d079db3368890c831342
resnet,clean_only,17,bandpass_n20005_cLL_V4_electrode_s10,phase2/results/predictions/full/clean_only/resnet/seed_17/bandpass_n20005_cLL_V4_electrode_s10.npz,76159,f901df6a3f68b6d6bc0537c92f471e19c9f98ee142b3faf14bfc095532bbdabb
resnet,clean_only,17,bandpass_n20005_cLL_V4_electrode_s5,phase2/results/predictions/full/clean_only/resnet/seed_17/bandpass_n20005_cLL_V4_electrode_s5.npz,75854,da96a185829eca47f05e48134818894ed27f434c2925472a61278f5d27122861
resnet,clean_only,17,bandpass_n20005_cLL_V4_electrode_s0,phase2/results/predictions/full/clean_only/resnet/seed_17/bandpass_n20005_cLL_V4_electrode_s0.npz,75618,a9a0734fc97da79a1ded9c184add4fb0f63a5d084e0a96f1a96be4381b184496
resnet,clean_only,17,bandpass_n20005_cLL_V4_covariance_s20,phase2/results/predictions/full/clean_only/resnet/seed_17/bandpass_n20005_cLL_V4_covariance_s20.npz,76476,d3b76ef7c9d7534b8ad93ef5b0c49982dec239381cb42b2c780f80ca56330b55
resnet,clean_only,17,bandpass_n20005_cLL_V4_covariance_s15,phase2/results/predictions/full/clean_only/resnet/seed_17/bandpass_n20005_cLL_V4_covariance_s15.npz,76351,e6e673675962bf03b8b4d521291d6845389abf6d440db34c074b0f636f9a6b1b
resnet,clean_only,17,bandpass_n20005_cLL_V4_covariance_s10,phase2/results/predictions/full/clean_only/resnet/seed_17/bandpass_n20005_cLL_V4_covariance_s10.npz,76150,4d359d8d780b164b0742664c7014f2c368b9e5ed4928f4c3cbdf7c734d70a2a1
resnet,clean_only,17,bandpass_n20005_cLL_V4_covariance_s5,phase2/results/predictions/full/clean_only/resnet/seed_17/bandpass_n20005_cLL_V4_covariance_s5.npz,75873,ac3bbca8429124f658972526c33f2a3d9c1160a58ee956899cb3d2c4c1757e09
resnet,clean_only,17,bandpass_n20005_cLL_V4_covariance_s0,phase2/results/predictions/full/clean_only/resnet/seed_17/bandpass_n20005_cLL_V4_covariance_s0.npz,75630,f4a0467e8244ba7193b6a65276fd0c544b90b6b697442367921ca5ea80968b80
resnet,clean_only,17,bandpass_n20005_cRA_LA_V1_V6_independent_rms_s20,phase2/results/predictions/full/clean_only/resnet/seed_17/bandpass_n20005_cRA_LA_V1_V6_independent_rms_s20.npz,76509,f23068d0bcda5be7f652fc28fb43c8170930b9bff4bfa1818d9d84cb3cb25cd7
resnet,clean_only,17,bandpass_n20005_cRA_LA_V1_V6_independent_rms_s15,phase2/results/predictions/full/clean_only/resnet/seed_17/bandpass_n20005_cRA_LA_V1_V6_independent_rms_s15.npz,76425,47e39a6df14ec4d2bec000c4ee7b71344a4be62972f3b439589832f6a4359176
resnet,clean_only,17,bandpass_n20005_cRA_LA_V1_V6_independent_rms_s10,phase2/results/predictions/full/clean_only/resnet/seed_17/bandpass_n20005_cRA_LA_V1_V6_independent_rms_s10.npz,76284,fdeb373805787a1aa684919e2734d8aa5cb235a18677167d29e485d6cd6a844b
resnet,clean_only,17,bandpass_n20005_cRA_LA_V1_V6_independent_rms_s5,phase2/results/predictions/full/clean_only/resnet/seed_17/bandpass_n20005_cRA_LA_V1_V6_independent_rms_s5.npz,76024,c5368cf858611c11035f3897841dca11b763dc85fc1f0da3a99119f85886ac73
resnet,clean_only,17,bandpass_n20005_cRA_LA_V1_V6_independent_rms_s0,phase2/results/predictions/full/clean_only/resnet/seed_17/bandpass_n20005_cRA_LA_V1_V6_independent_rms_s0.npz,75644,1c36070158790723c26e8a014c3be234c268d1468032d89f454793cdc60f4bd6
resnet,clean_only,17,bandpass_n20005_cRA_LA_V1_V6_electrode_s20,phase2/results/predictions/full/clean_only/resnet/seed_17/bandpass_n20005_cRA_LA_V1_V6_electrode_s20.npz,76453,19bbcf0cf7ad4346afa50264f65a6ffd10d4d795ff39b587a2f30347641c56c9
resnet,clean_only,17,bandpass_n20005_cRA_LA_V1_V6_electrode_s15,phase2/results/predictions/full/clean_only/resnet/seed_17/bandpass_n20005_cRA_LA_V1_V6_electrode_s15.npz,76396,b154e2a1683d109658145c661e04a046e1b56f2cb23110d3b03be8f08067a4e6
resnet,clean_only,17,bandpass_n20005_cRA_LA_V1_V6_electrode_s10,phase2/results/predictions/full/clean_only/resnet/seed_17/bandpass_n20005_cRA_LA_V1_V6_electrode_s10.npz,76218,2f36978e126650736050dc0d195f5868d9ccb977fe4655e4d38ad264d52a459a
resnet,clean_only,17,bandpass_n20005_cRA_LA_V1_V6_electrode_s5,phase2/results/predictions/full/clean_only/resnet/seed_17/bandpass_n20005_cRA_LA_V1_V6_electrode_s5.npz,75894,ae57f2abb08e599a3d96f23040603f6f1a08c236907ef4112b8d6f3b4ae55050
resnet,clean_only,17,bandpass_n20005_cRA_LA_V1_V6_electrode_s0,phase2/results/predictions/full/clean_only/resnet/seed_17/bandpass_n20005_cRA_LA_V1_V6_electrode_s0.npz,75536,8f863a4f7c6b66b6c0650925967799cdff599258a7c8eaf9a6d1415896e40cb4
resnet,clean_only,17,bandpass_n20005_cRA_LA_V1_V6_covariance_s20,phase2/results/predictions/full/clean_only/resnet/seed_17/bandpass_n20005_cRA_LA_V1_V6_covariance_s20.npz,76483,e7aeed1bf99f12c95236673909bc1aa538e3dc35cda20766e160209ef0cfc13f
resnet,clean_only,17,bandpass_n20005_cRA_LA_V1_V6_covariance_s15,phase2/results/predictions/full/clean_only/resnet/seed_17/bandpass_n20005_cRA_LA_V1_V6_covariance_s15.npz,76411,6566f02f02b58ee5c7e3edcf5def0523811f81f4bb8ec31f5d7f2069e29d3fef
resnet,clean_only,17,bandpass_n20005_cRA_LA_V1_V6_covariance_s10,phase2/results/predictions/full/clean_only/resnet/seed_17/bandpass_n20005_cRA_LA_V1_V6_covariance_s10.npz,76218,7005840a45eb137a26f96d55ef163851b9697753cb015535edf0eb698f402ef1
resnet,clean_only,17,bandpass_n20005_cRA_LA_V1_V6_covariance_s5,phase2/results/predictions/full/clean_only/resnet/seed_17/bandpass_n20005_cRA_LA_V1_V6_covariance_s5.npz,75902,b6c1e6010318cded38581321e5f688681cee73c5f3570d6fbff69fe5afffa8e0
resnet,clean_only,17,bandpass_n20005_cRA_LA_V1_V6_covariance_s0,phase2/results/predictions/full/clean_only/resnet/seed_17/bandpass_n20005_cRA_LA_V1_V6_covariance_s0.npz,75531,442fc739da1258aab397170b0748b7f41b541e8ea0cafbd9ceb60774baa45b09
resnet,clean_only,17,bandpass_n20005_cRA_V2_V5_independent_rms_s20,phase2/results/predictions/full/clean_only/resnet/seed_17/bandpass_n20005_cRA_V2_V5_independent_rms_s20.npz,76482,9796c7d18a9d5b312aa25f146820f12577fab2f0748beb9c3468675d759e21d4
resnet,clean_only,17,bandpass_n20005_cRA_V2_V5_independent_rms_s15,phase2/results/predictions/full/clean_only/resnet/seed_17/bandpass_n20005_cRA_V2_V5_independent_rms_s15.npz,76394,b2b20450e05a1046de7c622dd70864e65832badb556dd76703ac9a2a95203ca9
resnet,clean_only,17,bandpass_n20005_cRA_V2_V5_independent_rms_s10,phase2/results/predictions/full/clean_only/resnet/seed_17/bandpass_n20005_cRA_V2_V5_independent_rms_s10.npz,76290,d0c4fd1d13bb330eefcd47e672566605b586123718c2fcfb0e3a49317632a4be
resnet,clean_only,17,bandpass_n20005_cRA_V2_V5_independent_rms_s5,phase2/results/predictions/full/clean_only/resnet/seed_17/bandpass_n20005_cRA_V2_V5_independent_rms_s5.npz,76017,ad7710d0eb51d633a3ead4393d521d8e7bac519c96ad0bb95ad659891a2d8be8
resnet,clean_only,17,bandpass_n20005_cRA_V2_V5_independent_rms_s0,phase2/results/predictions/full/clean_only/resnet/seed_17/bandpass_n20005_cRA_V2_V5_independent_rms_s0.npz,75590,bf6ddc19b959b336ae1f2e48a452e91b2629d40d3b42ea3a696bf0780af40ee4
resnet,clean_only,17,bandpass_n20005_cRA_V2_V5_electrode_s20,phase2/results/predictions/full/clean_only/resnet/seed_17/bandpass_n20005_cRA_V2_V5_electrode_s20.npz,76464,cbfcea5d3e16ecf3ab85b0334c2fd734fdd2a47de53305d2827e03de92ae45a9
resnet,clean_only,17,bandpass_n20005_cRA_V2_V5_electrode_s15,phase2/results/predictions/full/clean_only/resnet/seed_17/bandpass_n20005_cRA_V2_V5_electrode_s15.npz,76402,33045fa3909494c773f91ac5c3416f99fb232031da72aa2110c56b1165e9979c
resnet,clean_only,17,bandpass_n20005_cRA_V2_V5_electrode_s10,phase2/results/predictions/full/clean_only/resnet/seed_17/bandpass_n20005_cRA_V2_V5_electrode_s10.npz,76225,3d1b81b31b5483f535f322cf28a5986886638b07d048048e6820cea0eae921de
resnet,clean_only,17,bandpass_n20005_cRA_V2_V5_electrode_s5,phase2/results/predictions/full/clean_only/resnet/seed_17/bandpass_n20005_cRA_V2_V5_electrode_s5.npz,75943,e9dfa576ca13fba04b13d9df037695352f1cd159a878c4264b6b8e031c3b26e1
resnet,clean_only,17,bandpass_n20005_cRA_V2_V5_electrode_s0,phase2/results/predictions/full/clean_only/resnet/seed_17/bandpass_n20005_cRA_V2_V5_electrode_s0.npz,75599,6f43c2abc101b604f6cc21b84a3291c7358465b2e2ec648720458492df3b6415
resnet,clean_only,17,bandpass_n20005_cRA_V2_V5_covariance_s20,phase2/results/predictions/full/clean_only/resnet/seed_17/bandpass_n20005_cRA_V2_V5_covariance_s20.npz,76478,0a56a939e1df1601c2a96447b5de412789d495e62845c36d2880ff025dc26431
resnet,clean_only,17,bandpass_n20005_cRA_V2_V5_covariance_s15,phase2/results/predictions/full/clean_only/resnet/seed_17/bandpass_n20005_cRA_V2_V5_covariance_s15.npz,76398,a7be06d49491c5e94d69eb888f2eaa11aacc08612b17a7600790cf8844b9a34b
resnet,clean_only,17,bandpass_n20005_cRA_V2_V5_covariance_s10,phase2/results/predictions/full/clean_only/resnet/seed_17/bandpass_n20005_cRA_V2_V5_covariance_s10.npz,76229,8ab18d1d1c8bf56c1b04f74df632247d75ea01f968da2ab316dfcbef7e600d05
resnet,clean_only,17,bandpass_n20005_cRA_V2_V5_covariance_s5,phase2/results/predictions/full/clean_only/resnet/seed_17/bandpass_n20005_cRA_V2_V5_covariance_s5.npz,75918,ae8ae4f51ac5152a33170296239e5da66cceffe16f9be753c5bd76bbd63f05de
resnet,clean_only,17,bandpass_n20005_cRA_V2_V5_covariance_s0,phase2/results/predictions/full/clean_only/resnet/seed_17/bandpass_n20005_cRA_V2_V5_covariance_s0.npz,75580,ba0414317aea17fab4283648e5ef74a1ff1bb1ec4baf754306bebd36aaf9882a
resnet,clean_only,17,bandpass_n20005_cLA_V3_V6_independent_rms_s20,phase2/results/predictions/full/clean_only/resnet/seed_17/bandpass_n20005_cLA_V3_V6_independent_rms_s20.npz,76472,a11217959954be07c41ae3ea756df5b8d05130a6bd7fcc04947556489b9885ff
resnet,clean_only,17,bandpass_n20005_cLA_V3_V6_independent_rms_s15,phase2/results/predictions/full/clean_only/resnet/seed_17/bandpass_n20005_cLA_V3_V6_independent_rms_s15.npz,76443,3942809a96bfecd118def376acce26b2358bbfaa75bc218f36fd1f9d63930481
resnet,clean_only,17,bandpass_n20005_cLA_V3_V6_independent_rms_s10,phase2/results/predictions/full/clean_only/resnet/seed_17/bandpass_n20005_cLA_V3_V6_independent_rms_s10.npz,76303,bd9a2812fa3c8ee03deeaa7d6f81ef3ef3006aeaeafe77884cf821cef9ebc3e4
resnet,clean_only,17,bandpass_n20005_cLA_V3_V6_independent_rms_s5,phase2/results/predictions/full/clean_only/resnet/seed_17/bandpass_n20005_cLA_V3_V6_independent_rms_s5.npz,76001,e3ea89c26865b627d2216600e214a5ab6975b8a6dcea27f98d55c3ef03a1a918
resnet,clean_only,17,bandpass_n20005_cLA_V3_V6_independent_rms_s0,phase2/results/predictions/full/clean_only/resnet/seed_17/bandpass_n20005_cLA_V3_V6_independent_rms_s0.npz,75580,ab7425efbb08ffc94c531fcb5caf3d2664447df5bb1fd6b4b491251a5275fc5d
resnet,clean_only,17,bandpass_n20005_cLA_V3_V6_electrode_s20,phase2/results/predictions/full/clean_only/resnet/seed_17/bandpass_n20005_cLA_V3_V6_electrode_s20.npz,76445,eac18018ec9254292102f599e950d3980f17b21f0270e0e02b27996bea2502eb
resnet,clean_only,17,bandpass_n20005_cLA_V3_V6_electrode_s15,phase2/results/predictions/full/clean_only/resnet/seed_17/bandpass_n20005_cLA_V3_V6_electrode_s15.npz,76377,e3fd2ae7ece98443c927e4f50acdf55bfdf85de3368bcf975add7c1cb99f749d
resnet,clean_only,17,bandpass_n20005_cLA_V3_V6_electrode_s10,phase2/results/predictions/full/clean_only/resnet/seed_17/bandpass_n20005_cLA_V3_V6_electrode_s10.npz,76245,69bd3e217e7c0e03f92393a9206c661847374ce186c96faa8e8e45c3fd0c7cb5
resnet,clean_only,17,bandpass_n20005_cLA_V3_V6_electrode_s5,phase2/results/predictions/full/clean_only/resnet/seed_17/bandpass_n20005_cLA_V3_V6_electrode_s5.npz,75890,a4111bddf23222caa384e168b45724b3196cc7a417f7c4ed8ddff04cb291ec73
resnet,clean_only,17,bandpass_n20005_cLA_V3_V6_electrode_s0,phase2/results/predictions/full/clean_only/resnet/seed_17/bandpass_n20005_cLA_V3_V6_electrode_s0.npz,75434,8d32e83c9a4dc7a299d32f7a0665204b5feb9549872b58e1e47308202cb45241
resnet,clean_only,17,bandpass_n20005_cLA_V3_V6_covariance_s20,phase2/results/predictions/full/clean_only/resnet/seed_17/bandpass_n20005_cLA_V3_V6_covariance_s20.npz,76474,3b870d41be322403c18da012aa0d1aad051ecb951c098c36d62ce580067dc84a
resnet,clean_only,17,bandpass_n20005_cLA_V3_V6_covariance_s15,phase2/results/predictions/full/clean_only/resnet/seed_17/bandpass_n20005_cLA_V3_V6_covariance_s15.npz,76383,0eae72c3680a01494ad6449f9a973c88953694dc86f8406dac3ba85ed9c0d572
resnet,clean_only,17,bandpass_n20005_cLA_V3_V6_covariance_s10,phase2/results/predictions/full/clean_only/resnet/seed_17/bandpass_n20005_cLA_V3_V6_covariance_s10.npz,76245,e3b9002ae537ec3642aafd34dc6ebfc18f3e15ecf2d4619255e096dee4b14727
resnet,clean_only,17,bandpass_n20005_cLA_V3_V6_covariance_s5,phase2/results/predictions/full/clean_only/resnet/seed_17/bandpass_n20005_cLA_V3_V6_covariance_s5.npz,75895,9c63fa7be3d0b375cad66d87a783547e5598d13d690d2f94490eca0a81c6a533
resnet,clean_only,17,bandpass_n20005_cLA_V3_V6_covariance_s0,phase2/results/predictions/full/clean_only/resnet/seed_17/bandpass_n20005_cLA_V3_V6_covariance_s0.npz,75479,bccf2d1f07b34ef22f0e888219df7ceb75b786ef9834a40452f7df4eb03b7659
resnet,clean_only,17,bandpass_n20005_cLL_V1_V4_independent_rms_s20,phase2/results/predictions/full/clean_only/resnet/seed_17/bandpass_n20005_cLL_V1_V4_independent_rms_s20.npz,76506,acdc37bdda209da60850280f160cc41e61fb1708cd5bbecf9ed4873477b51f6a
resnet,clean_only,17,bandpass_n20005_cLL_V1_V4_independent_rms_s15,phase2/results/predictions/full/clean_only/resnet/seed_17/bandpass_n20005_cLL_V1_V4_independent_rms_s15.npz,76416,dd61e57522096cec7daabf7a8d0c9218588b89019d528fa3fe2adf6e75eebde1
resnet,clean_only,17,bandpass_n20005_cLL_V1_V4_independent_rms_s10,phase2/results/predictions/full/clean_only/resnet/seed_17/bandpass_n20005_cLL_V1_V4_independent_rms_s10.npz,76288,33ef0dca10f569246e913ad434bd85f6a5d749ea9b30fd570bc2ebc45c9e62d7
resnet,clean_only,17,bandpass_n20005_cLL_V1_V4_independent_rms_s5,phase2/results/predictions/full/clean_only/resnet/seed_17/bandpass_n20005_cLL_V1_V4_independent_rms_s5.npz,76007,608d81fb942c599653d1a5ba942c9de2f6b1015de9f7952461f9a5f20acb3e5a
resnet,clean_only,17,bandpass_n20005_cLL_V1_V4_independent_rms_s0,phase2/results/predictions/full/clean_only/resnet/seed_17/bandpass_n20005_cLL_V1_V4_independent_rms_s0.npz,75636,a269c19efd59c90145efeadb5c609318caeb7a53819470dc953d4907360c752f
resnet,clean_only,17,bandpass_n20005_cLL_V1_V4_electrode_s20,phase2/results/predictions/full/clean_only/resnet/seed_17/bandpass_n20005_cLL_V1_V4_electrode_s20.npz,76457,8e80ad4d57df644d641a1dc7f894762c850e922958a188ce5f90fc72f3f57202
resnet,clean_only,17,bandpass_n20005_cLL_V1_V4_electrode_s15,phase2/results/predictions/full/clean_only/resnet/seed_17/bandpass_n20005_cLL_V1_V4_electrode_s15.npz,76373,d7d922db0f50daf954da1224f1f0140f78e4cddee7fea7f2fb77ab21800d512b
resnet,clean_only,17,bandpass_n20005_cLL_V1_V4_electrode_s10,phase2/results/predictions/full/clean_only/resnet/seed_17/bandpass_n20005_cLL_V1_V4_electrode_s10.npz,76206,d34349792562c569ebb8eb13cf8d9c01c0b6e28e475bcae3fb8d688fdfb3f8c3
resnet,clean_only,17,bandpass_n20005_cLL_V1_V4_electrode_s5,phase2/results/predictions/full/clean_only/resnet/seed_17/bandpass_n20005_cLL_V1_V4_electrode_s5.npz,75930,09899c6a0f53152a88f8486bdcde0a8ae2e7917a25cc36a7b7c338365aaa5aca
resnet,clean_only,17,bandpass_n20005_cLL_V1_V4_electrode_s0,phase2/results/predictions/full/clean_only/resnet/seed_17/bandpass_n20005_cLL_V1_V4_electrode_s0.npz,75629,550ed5147edff489184eacf7e425a5c962bc94109e0eb1ae6df8f7d0d138a75e
resnet,clean_only,17,bandpass_n20005_cLL_V1_V4_covariance_s20,phase2/results/predictions/full/clean_only/resnet/seed_17/bandpass_n20005_cLL_V1_V4_covariance_s20.npz,76427,8b4322431d49bcf080299c2722e946cda522ea384e9a14809d7bab951021160b
resnet,clean_only,17,bandpass_n20005_cLL_V1_V4_covariance_s15,phase2/results/predictions/full/clean_only/resnet/seed_17/bandpass_n20005_cLL_V1_V4_covariance_s15.npz,76373,0f20c8db11388f6762269722cf3b13f9501361bbf868e78b1280e80c273308f7
resnet,clean_only,17,bandpass_n20005_cLL_V1_V4_covariance_s10,phase2/results/predictions/full/clean_only/resnet/seed_17/bandpass_n20005_cLL_V1_V4_covariance_s10.npz,76207,f7de1103e8e0ada44b436b7bc6b1cea36dda31506b5c6a7fd8b3195f5044a408
resnet,clean_only,17,bandpass_n20005_cLL_V1_V4_covariance_s5,phase2/results/predictions/full/clean_only/resnet/seed_17/bandpass_n20005_cLL_V1_V4_covariance_s5.npz,75897,82ebec6147c1e1ea9c57b23c0518bac6ac543bfbd842494aa7cbf8997ee36bb1
resnet,clean_only,17,bandpass_n20005_cLL_V1_V4_covariance_s0,phase2/results/predictions/full/clean_only/resnet/seed_17/bandpass_n20005_cLL_V1_V4_covariance_s0.npz,75642,e3cdd64a1e9f96e265b4c9f4fe7f597c24ebb71fc2202dab9cdafbd93f54ba34
resnet,clean_only,17,bandpass_n20005_call_independent_rms_s20,phase2/results/predictions/full/clean_only/resnet/seed_17/bandpass_n20005_call_independent_rms_s20.npz,76477,d0083ff58ac05a27feadaadfe1482b4c23da9981482510fac9101b4f52447c58
resnet,clean_only,17,bandpass_n20005_call_independent_rms_s15,phase2/results/predictions/full/clean_only/resnet/seed_17/bandpass_n20005_call_independent_rms_s15.npz,76410,08800f3af6f7d3363a2cf2b0837cb18a075f722045a39ba9e296d91ce25188be
resnet,clean_only,17,bandpass_n20005_call_independent_rms_s10,phase2/results/predictions/full/clean_only/resnet/seed_17/bandpass_n20005_call_independent_rms_s10.npz,76295,dee5d1b3f6d884a40f1745a256bf7635bc5952c634484d8982b98dfbb78ab46e
resnet,clean_only,17,bandpass_n20005_call_independent_rms_s5,phase2/results/predictions/full/clean_only/resnet/seed_17/bandpass_n20005_call_independent_rms_s5.npz,75997,0d560631ae055ab40ee62a5096729e074365386457db12dff8554a63c9b059d1
resnet,clean_only,17,bandpass_n20005_call_independent_rms_s0,phase2/results/predictions/full/clean_only/resnet/seed_17/bandpass_n20005_call_independent_rms_s0.npz,75534,e3c46330a386f19791e2d2bc19548f44ebf46bbf7c0d51ce086a879bb1696911
resnet,clean_only,17,bandpass_n20005_call_electrode_s20,phase2/results/predictions/full/clean_only/resnet/seed_17/bandpass_n20005_call_electrode_s20.npz,76394,e75e77a9109c8b2c3308152713bb0c7452e75c4d02757d911dcff65550f4ecca
resnet,clean_only,17,bandpass_n20005_call_electrode_s15,phase2/results/predictions/full/clean_only/resnet/seed_17/bandpass_n20005_call_electrode_s15.npz,76334,c7fbc0bed8bfb5de6dbfa16a1b0195fa0ff1b5c98d9753caea8920cac2568ae7
resnet,clean_only,17,bandpass_n20005_call_electrode_s10,phase2/results/predictions/full/clean_only/resnet/seed_17/bandpass_n20005_call_electrode_s10.npz,76155,43a3f9bdf491820b8ada0062ff4f478d1ca6eab284306afdb5c735aed15a9b40
resnet,clean_only,17,bandpass_n20005_call_electrode_s5,phase2/results/predictions/full/clean_only/resnet/seed_17/bandpass_n20005_call_electrode_s5.npz,75865,e42f953bac1deed3161d3be7a7dc52059ca98636daae5cbd8ab6cb75ce4bddaf
resnet,clean_only,17,bandpass_n20005_call_electrode_s0,phase2/results/predictions/full/clean_only/resnet/seed_17/bandpass_n20005_call_electrode_s0.npz,75494,da90147182db75b5f49693bbad8aa6bb0c8198a199c28a1c36304fcbd0f8017f
resnet,clean_only,17,bandpass_n20005_call_covariance_s20,phase2/results/predictions/full/clean_only/resnet/seed_17/bandpass_n20005_call_covariance_s20.npz,76457,69a1a116e667e7c1e3889d3e5758f7d7c8990e848b52bc79eab42236de235166
resnet,clean_only,17,bandpass_n20005_call_covariance_s15,phase2/results/predictions/full/clean_only/resnet/seed_17/bandpass_n20005_call_covariance_s15.npz,76373,2b0bae01cbeddf6cb7d05db93e0b326d6a4b89fc31c8ecf4c5407af39a35e88e
resnet,clean_only,17,bandpass_n20005_call_covariance_s10,phase2/results/predictions/full/clean_only/resnet/seed_17/bandpass_n20005_call_covariance_s10.npz,76171,c30918584ec265c818b4267fd2f694f8ad2d72f561510da34390402f9c3bfa62
resnet,clean_only,17,bandpass_n20005_call_covariance_s5,phase2/results/predictions/full/clean_only/resnet/seed_17/bandpass_n20005_call_covariance_s5.npz,75831,9f21ea604fcd3ae56a9d100b690ddd553f4112d6f2b6e80ba57d3df9d57ec9be
resnet,clean_only,17,bandpass_n20005_call_covariance_s0,phase2/results/predictions/full/clean_only/resnet/seed_17/bandpass_n20005_call_covariance_s0.npz,75472,0e4720fc6af4b795ff636c89fb4b6a385fd40abf3e6715b9256ec30acfa1e297
resnet,clean_only,17,bw_n20001_call_independent_rms_s20,phase2/results/predictions/full/clean_only/resnet/seed_17/bw_n20001_call_independent_rms_s20.npz,76470,113a78a2debb47e8e22eba7e20de8481ca18263d6e77357655b06053edf79aff
resnet,clean_only,17,bw_n20001_call_independent_rms_s10,phase2/results/predictions/full/clean_only/resnet/seed_17/bw_n20001_call_independent_rms_s10.npz,76417,f45000b48f8713ace97d296fa25ea91b40d486591ea7981f7a1575a6898a1c5c
resnet,clean_only,17,bw_n20001_call_independent_rms_s0,phase2/results/predictions/full/clean_only/resnet/seed_17/bw_n20001_call_independent_rms_s0.npz,76023,188cd913151a494913a55bcf7c79343bc8ca74567b6f9ba30e9b533097d32bb3
resnet,clean_only,17,bw_n20001_call_electrode_s20,phase2/results/predictions/full/clean_only/resnet/seed_17/bw_n20001_call_electrode_s20.npz,76475,d288e68cbf4897242eef0938a50f313867711c30f2d67c4160f78bd30ea0e63d
resnet,clean_only,17,bw_n20001_call_electrode_s10,phase2/results/predictions/full/clean_only/resnet/seed_17/bw_n20001_call_electrode_s10.npz,76384,4898a84161f246294b8185277e25aab93b5347606e77402a0d2f2427cfa39966
resnet,clean_only,17,bw_n20001_call_electrode_s0,phase2/results/predictions/full/clean_only/resnet/seed_17/bw_n20001_call_electrode_s0.npz,76042,73b9fa532b2e9d970404eff21963af0186d132aec799848128fa9b3cf6136950
resnet,clean_only,17,bw_n20001_call_covariance_s20,phase2/results/predictions/full/clean_only/resnet/seed_17/bw_n20001_call_covariance_s20.npz,76492,208e9dd20c29f9cfc8b78cc184faf8f9456b03f2be8596ae3b99f4a3f731eccd
resnet,clean_only,17,bw_n20001_call_covariance_s10,phase2/results/predictions/full/clean_only/resnet/seed_17/bw_n20001_call_covariance_s10.npz,76426,55d50f3791f5203f73dfe6a7e753341e706a739b7984d010278d5ef05adb3bd6
resnet,clean_only,17,bw_n20001_call_covariance_s0,phase2/results/predictions/full/clean_only/resnet/seed_17/bw_n20001_call_covariance_s0.npz,76049,4ba2437d272ff66690d59ad097cdf6569b45795cb6bf93c86529cff205d88c94
resnet,clean_only,17,bw_n20002_call_independent_rms_s20,phase2/results/predictions/full/clean_only/resnet/seed_17/bw_n20002_call_independent_rms_s20.npz,76442,f88025dbfc3d7929222d887d3d2cd3b5d0eca14e7235188933cf216a6ecd353d
resnet,clean_only,17,bw_n20002_call_independent_rms_s10,phase2/results/predictions/full/clean_only/resnet/seed_17/bw_n20002_call_independent_rms_s10.npz,76409,c07d27706802e7d58d20c2643d1ef94cbc6f067b78e8a86981b01c27787205d9
resnet,clean_only,17,bw_n20002_call_independent_rms_s0,phase2/results/predictions/full/clean_only/resnet/seed_17/bw_n20002_call_independent_rms_s0.npz,76027,91ddbc84eda75287486c13e619bea33e98b08d7ebf095a93bc39f93cd97a484f
resnet,clean_only,17,bw_n20002_call_electrode_s20,phase2/results/predictions/full/clean_only/resnet/seed_17/bw_n20002_call_electrode_s20.npz,76446,3cb94540245c1d32d3ecae3167df7c6a0e991e98764f9eda83a2914085bb2eaf
resnet,clean_only,17,bw_n20002_call_electrode_s10,phase2/results/predictions/full/clean_only/resnet/seed_17/bw_n20002_call_electrode_s10.npz,76385,7b04a953e9c484808e920c478f73b499374bafe886e0d7ee5db48f7f9654523d
resnet,clean_only,17,bw_n20002_call_electrode_s0,phase2/results/predictions/full/clean_only/resnet/seed_17/bw_n20002_call_electrode_s0.npz,76044,94438a1ebb9612ab4774ba26f1c489885fcf0b010fdf2d2c2e59bd07b0dec4e6
resnet,clean_only,17,bw_n20002_call_covariance_s20,phase2/results/predictions/full/clean_only/resnet/seed_17/bw_n20002_call_covariance_s20.npz,76476,a9a4a8895555e44f33d8ca2dc3682af5bb4fcff7fb440dc523e00fde6e9e076d
resnet,clean_only,17,bw_n20002_call_covariance_s10,phase2/results/predictions/full/clean_only/resnet/seed_17/bw_n20002_call_covariance_s10.npz,76424,950c7cb47d6a4a2700a16523657196fb6a3c124daadc8800c691c00046614298
resnet,clean_only,17,bw_n20002_call_covariance_s0,phase2/results/predictions/full/clean_only/resnet/seed_17/bw_n20002_call_covariance_s0.npz,76064,1c028e60826e5dcbf35a84a3997b943f498284660488df9ad1233c82f2efe623
resnet,clean_only,17,bw_n20003_call_independent_rms_s20,phase2/results/predictions/full/clean_only/resnet/seed_17/bw_n20003_call_independent_rms_s20.npz,76480,29bcf45562863922893b3bcbe4e4e06efe68b9fffc4b511a95aa5cd2abc60b2b
resnet,clean_only,17,bw_n20003_call_independent_rms_s10,phase2/results/predictions/full/clean_only/resnet/seed_17/bw_n20003_call_independent_rms_s10.npz,76385,b324824e8af762d067c08b095d7cb5d7561140bd7adf7f550d47c0575c868bb8
resnet,clean_only,17,bw_n20003_call_independent_rms_s0,phase2/results/predictions/full/clean_only/resnet/seed_17/bw_n20003_call_independent_rms_s0.npz,76060,503548e515e335c96fce731e35f9efe9eeda317ab5c0074f27383307bf2e82ce
resnet,clean_only,17,bw_n20003_call_electrode_s20,phase2/results/predictions/full/clean_only/resnet/seed_17/bw_n20003_call_electrode_s20.npz,76459,230ad116f1ee4dd9d1d3ff5dab61904821e89359a14881086d2f8d472449fca4
resnet,clean_only,17,bw_n20003_call_electrode_s10,phase2/results/predictions/full/clean_only/resnet/seed_17/bw_n20003_call_electrode_s10.npz,76413,c7ab8e607a9379adc233253e7a2020f6cacda61a60b4cfe59d6d4c822a095712
resnet,clean_only,17,bw_n20003_call_electrode_s0,phase2/results/predictions/full/clean_only/resnet/seed_17/bw_n20003_call_electrode_s0.npz,76056,9af58cd2d8e13b374849582ef80b8dc4558f163c80fb5c93b73a589df211dbb1
resnet,clean_only,17,bw_n20003_call_covariance_s20,phase2/results/predictions/full/clean_only/resnet/seed_17/bw_n20003_call_covariance_s20.npz,76448,39829993a658b4e7f8692459c0dea1e4206da9cfde38a2e1ca7bc7d8b883a678
resnet,clean_only,17,bw_n20003_call_covariance_s10,phase2/results/predictions/full/clean_only/resnet/seed_17/bw_n20003_call_covariance_s10.npz,76399,b9c6f25731303627518d50da87fb96fa17167ef31428f7f92ceec8bdc8f4cff6
resnet,clean_only,17,bw_n20003_call_covariance_s0,phase2/results/predictions/full/clean_only/resnet/seed_17/bw_n20003_call_covariance_s0.npz,76043,2098b881eb07cfb401c4b5fe176ccee4793f52d4b9429f29ddd44ee3a3a26994
resnet,clean_only,17,bw_n20004_call_independent_rms_s20,phase2/results/predictions/full/clean_only/resnet/seed_17/bw_n20004_call_independent_rms_s20.npz,76488,f4fc4720b1b322c7a29c113cc691f72526422b2efd4166f3ee3b0ab5c193f3b8
resnet,clean_only,17,bw_n20004_call_independent_rms_s10,phase2/results/predictions/full/clean_only/resnet/seed_17/bw_n20004_call_independent_rms_s10.npz,76408,b68d64163932f955c4af1d1f396223f5c42e600c51c493529e113c1fdd1983cf
resnet,clean_only,17,bw_n20004_call_independent_rms_s0,phase2/results/predictions/full/clean_only/resnet/seed_17/bw_n20004_call_independent_rms_s0.npz,76061,541301c92d23285b9e79b355c462078dad719a956ac0d4aecb1cd7f04f004b5f
resnet,clean_only,17,bw_n20004_call_electrode_s20,phase2/results/predictions/full/clean_only/resnet/seed_17/bw_n20004_call_electrode_s20.npz,76481,b350d7348f3677dd3cfd9ff4bd750000ea3d131712100c3d9ca146ccccad9b71
resnet,clean_only,17,bw_n20004_call_electrode_s10,phase2/results/predictions/full/clean_only/resnet/seed_17/bw_n20004_call_electrode_s10.npz,76407,82d6d897a3c63e2ba7376617b707b1ff058252c90858ed0922793f38724ea93a
resnet,clean_only,17,bw_n20004_call_electrode_s0,phase2/results/predictions/full/clean_only/resnet/seed_17/bw_n20004_call_electrode_s0.npz,76047,122e766a62db70043ac3a0ab2053980c75bcca3d410d028b5fde6660728eaff6
resnet,clean_only,17,bw_n20004_call_covariance_s20,phase2/results/predictions/full/clean_only/resnet/seed_17/bw_n20004_call_covariance_s20.npz,76482,e928855b5baa441ee832d4730c29971ae87242e7bc573de103783dba4214223b
resnet,clean_only,17,bw_n20004_call_covariance_s10,phase2/results/predictions/full/clean_only/resnet/seed_17/bw_n20004_call_covariance_s10.npz,76425,b4f1b48f7ed599a504a5e7ef75e1e65623ebb562b39e20e1802cea06b8ba2228
resnet,clean_only,17,bw_n20004_call_covariance_s0,phase2/results/predictions/full/clean_only/resnet/seed_17/bw_n20004_call_covariance_s0.npz,76033,99d7b51cd124326848639b23c860b0bfa192e57e39294307033b0a541de834d5
resnet,clean_only,17,bw_n20005_call_independent_rms_s20,phase2/results/predictions/full/clean_only/resnet/seed_17/bw_n20005_call_independent_rms_s20.npz,76480,1ff84177f18e0926efdc082424f9876e385c8e3c20ed4fb9c8e8e2720da6493c
resnet,clean_only,17,bw_n20005_call_independent_rms_s10,phase2/results/predictions/full/clean_only/resnet/seed_17/bw_n20005_call_independent_rms_s10.npz,76407,a5c860dcbbd35a2102df721a495debb4fb943b02a165c8fbd290bd54d4decb78
resnet,clean_only,17,bw_n20005_call_independent_rms_s0,phase2/results/predictions/full/clean_only/resnet/seed_17/bw_n20005_call_independent_rms_s0.npz,76033,be7f7c41ac792d47dad1d2f08495e04837f5e9481c96383c87e56a8ad465ae00
resnet,clean_only,17,bw_n20005_call_electrode_s20,phase2/results/predictions/full/clean_only/resnet/seed_17/bw_n20005_call_electrode_s20.npz,76431,e621a56a162020de9f9ca2f285abe6370694fe4ee05b0afd33815d538908e971
resnet,clean_only,17,bw_n20005_call_electrode_s10,phase2/results/predictions/full/clean_only/resnet/seed_17/bw_n20005_call_electrode_s10.npz,76379,42b46ab59890751f4c7396698d25c8bfb1e9e5f3fa842396fba668cef9fd59d3
resnet,clean_only,17,bw_n20005_call_electrode_s0,phase2/results/predictions/full/clean_only/resnet/seed_17/bw_n20005_call_electrode_s0.npz,76055,53291def60957fdb239b3825ff0d0ef9a611cc2460098d600625a59adcbb30b1
resnet,clean_only,17,bw_n20005_call_covariance_s20,phase2/results/predictions/full/clean_only/resnet/seed_17/bw_n20005_call_covariance_s20.npz,76456,010ce29116d302df8eae461a51694b8a804de682b8c46f7ffe655e8ad146cb34
resnet,clean_only,17,bw_n20005_call_covariance_s10,phase2/results/predictions/full/clean_only/resnet/seed_17/bw_n20005_call_covariance_s10.npz,76398,1b16961a594b580f96e1840df4e41a07b034879e051cc24dc8404d6c2823a613
resnet,clean_only,17,bw_n20005_call_covariance_s0,phase2/results/predictions/full/clean_only/resnet/seed_17/bw_n20005_call_covariance_s0.npz,76043,d02346c5d0738fa01bc31a9dda88333de7f89a730ec4772072c00a7de80b611a
resnet,clean_only,17,ma_n20001_call_independent_rms_s20,phase2/results/predictions/full/clean_only/resnet/seed_17/ma_n20001_call_independent_rms_s20.npz,76462,3de8605a1d6745653c3d53a5a73099ead6e384c273d2d03c8c589226595b827c
resnet,clean_only,17,ma_n20001_call_independent_rms_s10,phase2/results/predictions/full/clean_only/resnet/seed_17/ma_n20001_call_independent_rms_s10.npz,76356,24fe06eb3a1d3b5d1eb55f5c2a71145ae6015574e0a4cc2a8f69a89582e30414
resnet,clean_only,17,ma_n20001_call_independent_rms_s0,phase2/results/predictions/full/clean_only/resnet/seed_17/ma_n20001_call_independent_rms_s0.npz,75871,b35959307006b78e16eabe7229fec445a7aa7ac248b5dd4c276912285a47e06a
resnet,clean_only,17,ma_n20001_call_electrode_s20,phase2/results/predictions/full/clean_only/resnet/seed_17/ma_n20001_call_electrode_s20.npz,76433,bfc26e2fda6ee3ee1600fdfbcd0234744cf97b646edf454a8e27af261cd40795
resnet,clean_only,17,ma_n20001_call_electrode_s10,phase2/results/predictions/full/clean_only/resnet/seed_17/ma_n20001_call_electrode_s10.npz,76327,6419d274f89a5b8f78708e8aec6a414962062149e2749e2509ac39cdab4a6454
resnet,clean_only,17,ma_n20001_call_electrode_s0,phase2/results/predictions/full/clean_only/resnet/seed_17/ma_n20001_call_electrode_s0.npz,75888,89ea786b947443f47188587b45cf67ba8b1b63e596e73ba053d34127b75dd320
resnet,clean_only,17,ma_n20001_call_covariance_s20,phase2/results/predictions/full/clean_only/resnet/seed_17/ma_n20001_call_covariance_s20.npz,76471,c97f23d93f1bbc85fab141f4529133e9a677ce409c838e893e72dc677581bbaa
resnet,clean_only,17,ma_n20001_call_covariance_s10,phase2/results/predictions/full/clean_only/resnet/seed_17/ma_n20001_call_covariance_s10.npz,76359,156b755ba47195733a4bd28ed277a8161db9505a562ca0b9ea7402b0c7499a15
resnet,clean_only,17,ma_n20001_call_covariance_s0,phase2/results/predictions/full/clean_only/resnet/seed_17/ma_n20001_call_covariance_s0.npz,75934,3efb7a6fb69d3c9863ba218962f63def1cd5de2ee7fcd15a6f88c475c3991d53
resnet,clean_only,17,ma_n20002_call_independent_rms_s20,phase2/results/predictions/full/clean_only/resnet/seed_17/ma_n20002_call_independent_rms_s20.npz,76462,b32113b97ef6a505375d945c6a780928bd29b8536f84ab39ce3fc308e98bfb8f
resnet,clean_only,17,ma_n20002_call_independent_rms_s10,phase2/results/predictions/full/clean_only/resnet/seed_17/ma_n20002_call_independent_rms_s10.npz,76359,b1b4e8d7390f8262ded071bd27660c7dc821498315848a51656b625010fb995d
resnet,clean_only,17,ma_n20002_call_independent_rms_s0,phase2/results/predictions/full/clean_only/resnet/seed_17/ma_n20002_call_independent_rms_s0.npz,75864,5786ef681fc78abcd1821e683ebbdf3017c702b771ad2a0d106b0a3d599a4e34
resnet,clean_only,17,ma_n20002_call_electrode_s20,phase2/results/predictions/full/clean_only/resnet/seed_17/ma_n20002_call_electrode_s20.npz,76454,1a2d523ac145d1a22e6a563f9ca342d05e5fb0984d295438b9bc909e217bd994
resnet,clean_only,17,ma_n20002_call_electrode_s10,phase2/results/predictions/full/clean_only/resnet/seed_17/ma_n20002_call_electrode_s10.npz,76346,62287e9ac3bdcc98e611421b309e88b0099d70c48ac44a12bbc158c8cdd59c5a
resnet,clean_only,17,ma_n20002_call_electrode_s0,phase2/results/predictions/full/clean_only/resnet/seed_17/ma_n20002_call_electrode_s0.npz,75883,677f39e57dcb7a68a8aae74b360007d3772bb749b7db771da988908c071fac42
resnet,clean_only,17,ma_n20002_call_covariance_s20,phase2/results/predictions/full/clean_only/resnet/seed_17/ma_n20002_call_covariance_s20.npz,76433,27e91c238388d60006544cc3813b36d4932177595c523eef418e3f788f924ced
resnet,clean_only,17,ma_n20002_call_covariance_s10,phase2/results/predictions/full/clean_only/resnet/seed_17/ma_n20002_call_covariance_s10.npz,76383,bcd88383f9ef12282b7e23ac743a80f1f6b0f132bfac9566dd49c32a0310816c
resnet,clean_only,17,ma_n20002_call_covariance_s0,phase2/results/predictions/full/clean_only/resnet/seed_17/ma_n20002_call_covariance_s0.npz,75927,f612a287d8728795889f71e3ee8d6a8bdfc76d2a30936cf069be323eed90f792
resnet,clean_only,17,ma_n20003_call_independent_rms_s20,phase2/results/predictions/full/clean_only/resnet/seed_17/ma_n20003_call_independent_rms_s20.npz,76448,5189c0b9dada9b33d8f07e1974249e37a7e8eb4f3401a2e1af4cff75bd291c9d
resnet,clean_only,17,ma_n20003_call_independent_rms_s10,phase2/results/predictions/full/clean_only/resnet/seed_17/ma_n20003_call_independent_rms_s10.npz,76331,91e01f7dab400ed10789c3bbb0fc999915c4b126ddfaef0b9862b7b14a7f51dd
resnet,clean_only,17,ma_n20003_call_independent_rms_s0,phase2/results/predictions/full/clean_only/resnet/seed_17/ma_n20003_call_independent_rms_s0.npz,75858,7a4d67943166a4fcaee135755becc7bb7f24f41a1cd1ebe82fa7604554ab241d
resnet,clean_only,17,ma_n20003_call_electrode_s20,phase2/results/predictions/full/clean_only/resnet/seed_17/ma_n20003_call_electrode_s20.npz,76468,8adc8d1218384ea8c47391ba95906c9d47edd08571075965f80262b57581faa9
resnet,clean_only,17,ma_n20003_call_electrode_s10,phase2/results/predictions/full/clean_only/resnet/seed_17/ma_n20003_call_electrode_s10.npz,76324,e0664ccb0c096bb5f1112b8dab9ca25e4d27ad77f4d6b70cc9b29b410b06298a
resnet,clean_only,17,ma_n20003_call_electrode_s0,phase2/results/predictions/full/clean_only/resnet/seed_17/ma_n20003_call_electrode_s0.npz,75902,f5fa2e9754bb10aafe7e241157cb26938c8ead1b8c0a59e909c8dbf4a4de2cce
resnet,clean_only,17,ma_n20003_call_covariance_s20,phase2/results/predictions/full/clean_only/resnet/seed_17/ma_n20003_call_covariance_s20.npz,76447,bbb8d02a69651a39e7d362b1ee2e62e3af36005c42c34e33e0a333792938b615
resnet,clean_only,17,ma_n20003_call_covariance_s10,phase2/results/predictions/full/clean_only/resnet/seed_17/ma_n20003_call_covariance_s10.npz,76364,4a73446db4698e78129ad266b8a078dea0922229587283630b38b9d618dcb057
resnet,clean_only,17,ma_n20003_call_covariance_s0,phase2/results/predictions/full/clean_only/resnet/seed_17/ma_n20003_call_covariance_s0.npz,75895,e9b240032ef53f668a28e6edc5556f640806f2d42d54df282d54347887c0f146
resnet,clean_only,17,ma_n20004_call_independent_rms_s20,phase2/results/predictions/full/clean_only/resnet/seed_17/ma_n20004_call_independent_rms_s20.npz,76462,be73f6b8cc841d1b2ba3625564cc426a3ff4496e5e01ca7e46bf7758f545eb20
resnet,clean_only,17,ma_n20004_call_independent_rms_s10,phase2/results/predictions/full/clean_only/resnet/seed_17/ma_n20004_call_independent_rms_s10.npz,76379,4139f7707477744948e801919c69708c17f5ea3c14dfdf216b38820cf90d65ca
resnet,clean_only,17,ma_n20004_call_independent_rms_s0,phase2/results/predictions/full/clean_only/resnet/seed_17/ma_n20004_call_independent_rms_s0.npz,75883,0b99ab848aa0b213d7a0fd36ab4b2bc46868d6ae1ac50caaa30d82e5d119310d
resnet,clean_only,17,ma_n20004_call_electrode_s20,phase2/results/predictions/full/clean_only/resnet/seed_17/ma_n20004_call_electrode_s20.npz,76475,a68cf3574b26a0b705c61f47575f726bb31d3d28bb6f30c3674850ed103db850
resnet,clean_only,17,ma_n20004_call_electrode_s10,phase2/results/predictions/full/clean_only/resnet/seed_17/ma_n20004_call_electrode_s10.npz,76336,74e81cb243605256c34414ec0c162a7f47ae64eec63a6f7e8dd8758bc460e03d
resnet,clean_only,17,ma_n20004_call_electrode_s0,phase2/results/predictions/full/clean_only/resnet/seed_17/ma_n20004_call_electrode_s0.npz,75879,db90eda109428c4bbc6edc2e834b4f347fbb3bb9967378a2abc8237c1cd3a8b4
resnet,clean_only,17,ma_n20004_call_covariance_s20,phase2/results/predictions/full/clean_only/resnet/seed_17/ma_n20004_call_covariance_s20.npz,76472,f0d2925b0669c871e6fac95ee8a6b929b8b1dca2b63a79870163773951e40bf0
resnet,clean_only,17,ma_n20004_call_covariance_s10,phase2/results/predictions/full/clean_only/resnet/seed_17/ma_n20004_call_covariance_s10.npz,76368,cdeaba28c299368434bb2e2df74d07954e4ba2673d0d08eff5bf68421afa2424
resnet,clean_only,17,ma_n20004_call_covariance_s0,phase2/results/predictions/full/clean_only/resnet/seed_17/ma_n20004_call_covariance_s0.npz,75894,80e7ee97e61dc1104050cf8fb03194deb3e24fbb1a554e90d44ae93ce62d5d6e
resnet,clean_only,17,ma_n20005_call_independent_rms_s20,phase2/results/predictions/full/clean_only/resnet/seed_17/ma_n20005_call_independent_rms_s20.npz,76479,3b903b4fd13e49323c19ccd91d71b8c72703f5964a2a4b61fda3d84edd530988
resnet,clean_only,17,ma_n20005_call_independent_rms_s10,phase2/results/predictions/full/clean_only/resnet/seed_17/ma_n20005_call_independent_rms_s10.npz,76375,993881856bd1919beae233c0169ed8b235c0dfba8b4d95b70ff518f5b9e4675a
resnet,clean_only,17,ma_n20005_call_independent_rms_s0,phase2/results/predictions/full/clean_only/resnet/seed_17/ma_n20005_call_independent_rms_s0.npz,75865,01b66a15f13821e6536fe17d5d61dfe75ba45d4a17b51a282dfc2180f8fd2bee
resnet,clean_only,17,ma_n20005_call_electrode_s20,phase2/results/predictions/full/clean_only/resnet/seed_17/ma_n20005_call_electrode_s20.npz,76430,605aad7676587f96c7dc0e39c430f7624bba90d85b7d52698c7aaa89702615e7
resnet,clean_only,17,ma_n20005_call_electrode_s10,phase2/results/predictions/full/clean_only/resnet/seed_17/ma_n20005_call_electrode_s10.npz,76374,a15498cf3e89870719b44fb9a99f914f601ea37db63ece4f4ec9a131d1e0f4f3
resnet,clean_only,17,ma_n20005_call_electrode_s0,phase2/results/predictions/full/clean_only/resnet/seed_17/ma_n20005_call_electrode_s0.npz,75865,fc541f2668800705b924d956a34fffd7e183af373d8a15fc75ec3ff51e8c8fb2
resnet,clean_only,17,ma_n20005_call_covariance_s20,phase2/results/predictions/full/clean_only/resnet/seed_17/ma_n20005_call_covariance_s20.npz,76446,d51c3ca32a0aff77c5afce51a3f3c165cc51bc57bd9cf28924c997f7c0948fda
resnet,clean_only,17,ma_n20005_call_covariance_s10,phase2/results/predictions/full/clean_only/resnet/seed_17/ma_n20005_call_covariance_s10.npz,76366,2fd509a5ead9db80223ee460c933e8a465aeb0e8b4b2f01d11db5233aebd66a4
resnet,clean_only,17,ma_n20005_call_covariance_s0,phase2/results/predictions/full/clean_only/resnet/seed_17/ma_n20005_call_covariance_s0.npz,75903,28745e4eaca10f00d170e08e48bcfdc820a6718f242205c5b785ef1d720c28a3
resnet,clean_only,17,em_n20001_call_independent_rms_s20,phase2/results/predictions/full/clean_only/resnet/seed_17/em_n20001_call_independent_rms_s20.npz,76474,db750385991010445d7512f361d6fd2d2d0f51cba0693332a80ff2aadd6a293e
resnet,clean_only,17,em_n20001_call_independent_rms_s10,phase2/results/predictions/full/clean_only/resnet/seed_17/em_n20001_call_independent_rms_s10.npz,76368,25d3ddca17064456b7301b56a6db1603dd46a83986db01c78f031b04f9838244
resnet,clean_only,17,em_n20001_call_independent_rms_s0,phase2/results/predictions/full/clean_only/resnet/seed_17/em_n20001_call_independent_rms_s0.npz,75823,325c7070140a2915925c3d28deff0a5461525a18304588a21bb0a17ed6a27793
resnet,clean_only,17,em_n20001_call_electrode_s20,phase2/results/predictions/full/clean_only/resnet/seed_17/em_n20001_call_electrode_s20.npz,76446,164c306e78aa5fa5bfbd9586cc40da18645d0ad6e4922b480d8711dc30090716
resnet,clean_only,17,em_n20001_call_electrode_s10,phase2/results/predictions/full/clean_only/resnet/seed_17/em_n20001_call_electrode_s10.npz,76273,aa947bb2abe53335b50a9801e96f1836f84ffbd28dc9bf8d8dc36b71fd7ab528
resnet,clean_only,17,em_n20001_call_electrode_s0,phase2/results/predictions/full/clean_only/resnet/seed_17/em_n20001_call_electrode_s0.npz,75751,bfc70546a0ad3a99159809ebbd35d10f0aebad959745a1637d0b3f991a0397ff
resnet,clean_only,17,em_n20001_call_covariance_s20,phase2/results/predictions/full/clean_only/resnet/seed_17/em_n20001_call_covariance_s20.npz,76436,14a1a2116731a19fe369dca322916d5f1b6c00c3f5cc776798e1754aa86d4c53
resnet,clean_only,17,em_n20001_call_covariance_s10,phase2/results/predictions/full/clean_only/resnet/seed_17/em_n20001_call_covariance_s10.npz,76291,3dd4b46beaf27ebce6f430e12c99a04d1663fadf80d5e1c6b3bd487c87052e88
resnet,clean_only,17,em_n20001_call_covariance_s0,phase2/results/predictions/full/clean_only/resnet/seed_17/em_n20001_call_covariance_s0.npz,75740,3f21d3c6a8e16da25f1c4a669451072af366feb95a90629ab2178d7c699f76e5
resnet,clean_only,17,em_n20002_call_independent_rms_s20,phase2/results/predictions/full/clean_only/resnet/seed_17/em_n20002_call_independent_rms_s20.npz,76512,5333bfff29432a09c5d92902c3f8de8a5f66d45c4b8f1ff2b8b3cf03f65dc909
resnet,clean_only,17,em_n20002_call_independent_rms_s10,phase2/results/predictions/full/clean_only/resnet/seed_17/em_n20002_call_independent_rms_s10.npz,76369,39fff3cfa17a45165053d92ba973e1285872ea15eac5fd3172bd6235d1491fbd
resnet,clean_only,17,em_n20002_call_independent_rms_s0,phase2/results/predictions/full/clean_only/resnet/seed_17/em_n20002_call_independent_rms_s0.npz,75831,047d862889f932db8211d472298937eee24ddcea85745b983810b1dfeccdf32b
resnet,clean_only,17,em_n20002_call_electrode_s20,phase2/results/predictions/full/clean_only/resnet/seed_17/em_n20002_call_electrode_s20.npz,76454,5f09868f7ea10693451e478fe78b2d40100aa70498735a038acef38314104e5a
resnet,clean_only,17,em_n20002_call_electrode_s10,phase2/results/predictions/full/clean_only/resnet/seed_17/em_n20002_call_electrode_s10.npz,76287,40803d1066ee534144db646ac31fd88bb8e38167b39df8bf444084b40f92be7a
resnet,clean_only,17,em_n20002_call_electrode_s0,phase2/results/predictions/full/clean_only/resnet/seed_17/em_n20002_call_electrode_s0.npz,75739,c4df0cc73cec760bcfa19c7548d4938c35ece5e6060eec97fac7997c2f7ae62d
resnet,clean_only,17,em_n20002_call_covariance_s20,phase2/results/predictions/full/clean_only/resnet/seed_17/em_n20002_call_covariance_s20.npz,76449,46c07617dea0f86ac8a3762cd644733aa1b7a28ad39f8df2d7a8d8d287479035
resnet,clean_only,17,em_n20002_call_covariance_s10,phase2/results/predictions/full/clean_only/resnet/seed_17/em_n20002_call_covariance_s10.npz,76276,94f018de967ad2b40ee4be7490995c1e193afa8e30c03d2d45e30a93faf62582
resnet,clean_only,17,em_n20002_call_covariance_s0,phase2/results/predictions/full/clean_only/resnet/seed_17/em_n20002_call_covariance_s0.npz,75792,59cafb14b96ee66973ad14888aeebece31f4de1871a328839eec403ce9576b5a
resnet,clean_only,17,em_n20003_call_independent_rms_s20,phase2/results/predictions/full/clean_only/resnet/seed_17/em_n20003_call_independent_rms_s20.npz,76486,ef3dec638f7bd208579b1354c213d728d52c531aced4c123c31919eddd35d4e4
resnet,clean_only,17,em_n20003_call_independent_rms_s10,phase2/results/predictions/full/clean_only/resnet/seed_17/em_n20003_call_independent_rms_s10.npz,76350,fe3facb8843409e09db0bd71fdc9bbbaa76823b62e192a54aa9ceb1d60b0a9dc
resnet,clean_only,17,em_n20003_call_independent_rms_s0,phase2/results/predictions/full/clean_only/resnet/seed_17/em_n20003_call_independent_rms_s0.npz,75827,3a844cb9c285473632507f03644800a3cf08692616b8360d3528f5c9b9b6eb53
resnet,clean_only,17,em_n20003_call_electrode_s20,phase2/results/predictions/full/clean_only/resnet/seed_17/em_n20003_call_electrode_s20.npz,76426,098654b2ae2032118ff98d611a34b91c565963f1cfa63a77b273d821785dc967
resnet,clean_only,17,em_n20003_call_electrode_s10,phase2/results/predictions/full/clean_only/resnet/seed_17/em_n20003_call_electrode_s10.npz,76293,3af75c409fd584e81d411e928327cb70224162b1200b6f2987498e23702678fd
resnet,clean_only,17,em_n20003_call_electrode_s0,phase2/results/predictions/full/clean_only/resnet/seed_17/em_n20003_call_electrode_s0.npz,75741,87c3d85797972601797206a57353af5fe1e35c29a0bee707b85cd2bc73990960
resnet,clean_only,17,em_n20003_call_covariance_s20,phase2/results/predictions/full/clean_only/resnet/seed_17/em_n20003_call_covariance_s20.npz,76411,767c6460add41189cddc71e70f86ed795d7d518ec24c0af0fb29b6312a6e6e70
resnet,clean_only,17,em_n20003_call_covariance_s10,phase2/results/predictions/full/clean_only/resnet/seed_17/em_n20003_call_covariance_s10.npz,76272,00ef71c461010a3b1b741d040702e5a1e68e6a483ac5064e87fb8782794d3e6d
resnet,clean_only,17,em_n20003_call_covariance_s0,phase2/results/predictions/full/clean_only/resnet/seed_17/em_n20003_call_covariance_s0.npz,75781,5d32de2c0dac24bb283d2740412384a41e0a926e03d2dfb2270b7a2448b4b49b
resnet,clean_only,17,em_n20004_call_independent_rms_s20,phase2/results/predictions/full/clean_only/resnet/seed_17/em_n20004_call_independent_rms_s20.npz,76468,0fae14abdbae5f298d14e4b79cf8769a16fa31f29d176078442505d5e54d75c9
resnet,clean_only,17,em_n20004_call_independent_rms_s10,phase2/results/predictions/full/clean_only/resnet/seed_17/em_n20004_call_independent_rms_s10.npz,76380,6b3bb66deec6054a405ff1d6da49696b0efc38319386bf6d2ac051be0c642ad8
resnet,clean_only,17,em_n20004_call_independent_rms_s0,phase2/results/predictions/full/clean_only/resnet/seed_17/em_n20004_call_independent_rms_s0.npz,75801,25bbd36ef0ae6aba09cc37776fe7cd5ea076a55203859bcc1eb3afe9f4f80764
resnet,clean_only,17,em_n20004_call_electrode_s20,phase2/results/predictions/full/clean_only/resnet/seed_17/em_n20004_call_electrode_s20.npz,76446,2d799b0371d8058542942040b7e109767cbf0391479bf8804681b13777bfe563
resnet,clean_only,17,em_n20004_call_electrode_s10,phase2/results/predictions/full/clean_only/resnet/seed_17/em_n20004_call_electrode_s10.npz,76290,e9c9762f7124405392f9a7ba4f8680c25e50b3c3d84931e981c8afb3b42e5b90
resnet,clean_only,17,em_n20004_call_electrode_s0,phase2/results/predictions/full/clean_only/resnet/seed_17/em_n20004_call_electrode_s0.npz,75777,ed0364fca7790204822b207563f16683488916fc7ca5cd207949697b83966fc9
resnet,clean_only,17,em_n20004_call_covariance_s20,phase2/results/predictions/full/clean_only/resnet/seed_17/em_n20004_call_covariance_s20.npz,76453,0da1833d0775e83a6162fea42dffc49f6d5134a15dd7367c397f5137081351cf
resnet,clean_only,17,em_n20004_call_covariance_s10,phase2/results/predictions/full/clean_only/resnet/seed_17/em_n20004_call_covariance_s10.npz,76327,e4fbef5fb294acb7fa47658b8d5a8f750b6b5ac3d43ba2fbea3ea3eea446a8e7
resnet,clean_only,17,em_n20004_call_covariance_s0,phase2/results/predictions/full/clean_only/resnet/seed_17/em_n20004_call_covariance_s0.npz,75766,330db67fda07a2112750f5ba83d5fe8e3d8f1bc6336133041b5dd1ce9143a745
resnet,clean_only,17,em_n20005_call_independent_rms_s20,phase2/results/predictions/full/clean_only/resnet/seed_17/em_n20005_call_independent_rms_s20.npz,76474,de0205f29dccf0f397c96d56f1bbe4e9e62bd82c9c54fdf262d9a8fcbd4479d1
resnet,clean_only,17,em_n20005_call_independent_rms_s10,phase2/results/predictions/full/clean_only/resnet/seed_17/em_n20005_call_independent_rms_s10.npz,76338,52c88c26de8c0a57a4dcefd2dfe59da89db857443e032dfa69c0d2b3a2fb37de
resnet,clean_only,17,em_n20005_call_independent_rms_s0,phase2/results/predictions/full/clean_only/resnet/seed_17/em_n20005_call_independent_rms_s0.npz,75813,999e0518ee7f40cf0a0e09c46578549560150de032e104431708ab7ef65cafeb
resnet,clean_only,17,em_n20005_call_electrode_s20,phase2/results/predictions/full/clean_only/resnet/seed_17/em_n20005_call_electrode_s20.npz,76452,06641b49fc0d21f1b9ef7e07b8462f29ffab71f795218d17b7114b66511813cb
resnet,clean_only,17,em_n20005_call_electrode_s10,phase2/results/predictions/full/clean_only/resnet/seed_17/em_n20005_call_electrode_s10.npz,76307,5eccd703f0b16d3b468bb86ced392ac86ed33fe0a24ce3b7af800686ae749b18
resnet,clean_only,17,em_n20005_call_electrode_s0,phase2/results/predictions/full/clean_only/resnet/seed_17/em_n20005_call_electrode_s0.npz,75760,961b8b78ad6b0e4ee0d142166dfbeb4ab6d6653187a6690ce6a31c1c254e2a41
resnet,clean_only,17,em_n20005_call_covariance_s20,phase2/results/predictions/full/clean_only/resnet/seed_17/em_n20005_call_covariance_s20.npz,76418,f4d853f2455b6ba3e0b94284fabfb7e7e924fa0069a2776021b2ce5339a4ec82
resnet,clean_only,17,em_n20005_call_covariance_s10,phase2/results/predictions/full/clean_only/resnet/seed_17/em_n20005_call_covariance_s10.npz,76285,1f43414cda5a22f23f55fb04c5f7f495f7c377b85578a13786c3109140ba90b6
resnet,clean_only,17,em_n20005_call_covariance_s0,phase2/results/predictions/full/clean_only/resnet/seed_17/em_n20005_call_covariance_s0.npz,75780,f8936f2db91dea168359da187021e915d020428cc764053db7da3efe8e384d06
resnet,independent_rms,17,clean,phase2/results/predictions/full/independent_rms/resnet/seed_17/clean.npz,76503,5d92dce93b4daf1fc8b02ac18a002745d73aa78d0e0347767e805a78360bca08
resnet,independent_rms,17,bandpass_n20001_cRA_LA_LL_independent_rms_s20,phase2/results/predictions/full/independent_rms/resnet/seed_17/bandpass_n20001_cRA_LA_LL_independent_rms_s20.npz,76594,b94a06f87e6a1ba3475707a7218ce68e53c42217879d68947689726f8f3a6255
resnet,independent_rms,17,bandpass_n20001_cRA_LA_LL_independent_rms_s15,phase2/results/predictions/full/independent_rms/resnet/seed_17/bandpass_n20001_cRA_LA_LL_independent_rms_s15.npz,76605,de1948130a418448bb1862db2297fc82004b8a844c27cc6fc984218b108aefb0
resnet,independent_rms,17,bandpass_n20001_cRA_LA_LL_independent_rms_s10,phase2/results/predictions/full/independent_rms/resnet/seed_17/bandpass_n20001_cRA_LA_LL_independent_rms_s10.npz,76509,6017ad574b29de970446e1708b928e709549ec12f2509eb27b824d8222f396c3
resnet,independent_rms,17,bandpass_n20001_cRA_LA_LL_independent_rms_s5,phase2/results/predictions/full/independent_rms/resnet/seed_17/bandpass_n20001_cRA_LA_LL_independent_rms_s5.npz,76333,411c268713bc9339b09891cc11b1aca44fe043aeda138a5e2c90691024539385
resnet,independent_rms,17,bandpass_n20001_cRA_LA_LL_independent_rms_s0,phase2/results/predictions/full/independent_rms/resnet/seed_17/bandpass_n20001_cRA_LA_LL_independent_rms_s0.npz,76068,dc2cc63f5d2f249d240af348ad241bf5e8370306d254b543b954aa622d5ed155
resnet,independent_rms,17,bandpass_n20001_cRA_LA_LL_electrode_s20,phase2/results/predictions/full/independent_rms/resnet/seed_17/bandpass_n20001_cRA_LA_LL_electrode_s20.npz,76601,b2967ddaef3888a24e4eeb1080d615d411b7f412e1ad1f5cf729d1cb6d50596d
resnet,independent_rms,17,bandpass_n20001_cRA_LA_LL_electrode_s15,phase2/results/predictions/full/independent_rms/resnet/seed_17/bandpass_n20001_cRA_LA_LL_electrode_s15.npz,76516,54c097968067a53bf9ac0a4dd684d358b39e668b445a86380ee63c319402b6f3
resnet,independent_rms,17,bandpass_n20001_cRA_LA_LL_electrode_s10,phase2/results/predictions/full/independent_rms/resnet/seed_17/bandpass_n20001_cRA_LA_LL_electrode_s10.npz,76441,0397cb74ab3292102198dd82f4900b917bbf221ea79e44c743bf9b1aa2f8de38
resnet,independent_rms,17,bandpass_n20001_cRA_LA_LL_electrode_s5,phase2/results/predictions/full/independent_rms/resnet/seed_17/bandpass_n20001_cRA_LA_LL_electrode_s5.npz,76182,44f0645560e355ea9958e55e47b2fbb7bc4b84d08443f0bd4478271f27971cd3
resnet,independent_rms,17,bandpass_n20001_cRA_LA_LL_electrode_s0,phase2/results/predictions/full/independent_rms/resnet/seed_17/bandpass_n20001_cRA_LA_LL_electrode_s0.npz,75763,a475b2e749326656d1b21918c1779e381c3e6b27436eeb3fea3d71021d8660a7
resnet,independent_rms,17,bandpass_n20001_cRA_LA_LL_covariance_s20,phase2/results/predictions/full/independent_rms/resnet/seed_17/bandpass_n20001_cRA_LA_LL_covariance_s20.npz,76636,477ddb369f40fbd1ac7d83e664a8adbe6d3bf54abf07cd78b9abd650872a1c06
resnet,independent_rms,17,bandpass_n20001_cRA_LA_LL_covariance_s15,phase2/results/predictions/full/independent_rms/resnet/seed_17/bandpass_n20001_cRA_LA_LL_covariance_s15.npz,76547,6715b0bc891942c92d29ead30488567609145bbfe8360cef2ad75934efc48a61
resnet,independent_rms,17,bandpass_n20001_cRA_LA_LL_covariance_s10,phase2/results/predictions/full/independent_rms/resnet/seed_17/bandpass_n20001_cRA_LA_LL_covariance_s10.npz,76383,b81282a4d1bf9e30c645c26adae717e50aff9cbdf4b6ad95e99525465c09be04
resnet,independent_rms,17,bandpass_n20001_cRA_LA_LL_covariance_s5,phase2/results/predictions/full/independent_rms/resnet/seed_17/bandpass_n20001_cRA_LA_LL_covariance_s5.npz,76195,1262079280acde65b04de8a402e44e934a7a8a10416d4a5e4926b46bb3e9c0a1
resnet,independent_rms,17,bandpass_n20001_cRA_LA_LL_covariance_s0,phase2/results/predictions/full/independent_rms/resnet/seed_17/bandpass_n20001_cRA_LA_LL_covariance_s0.npz,75798,a2e417b19d0b8802f2424be3bc0620d627ec6298ed7046d2095ba7ed1548c1ba
resnet,independent_rms,17,bandpass_n20001_cV1_independent_rms_s20,phase2/results/predictions/full/independent_rms/resnet/seed_17/bandpass_n20001_cV1_independent_rms_s20.npz,76572,9b9a9124d0752c4c70765a197f385cd19ce272a1c43a59d857c456cdd40f1d55
resnet,independent_rms,17,bandpass_n20001_cV1_independent_rms_s15,phase2/results/predictions/full/independent_rms/resnet/seed_17/bandpass_n20001_cV1_independent_rms_s15.npz,76558,9e4695247d64aff750055cd8ad02c80bcc464b2732fa70d588a567f4fad99530
resnet,independent_rms,17,bandpass_n20001_cV1_independent_rms_s10,phase2/results/predictions/full/independent_rms/resnet/seed_17/bandpass_n20001_cV1_independent_rms_s10.npz,76489,5818696bcb2598e0b624cb311493c5d5729a0009b20ba6499c536ad8a56e8b0d
resnet,independent_rms,17,bandpass_n20001_cV1_independent_rms_s5,phase2/results/predictions/full/independent_rms/resnet/seed_17/bandpass_n20001_cV1_independent_rms_s5.npz,76349,eb6fdd7ca3094e2f0dc7fd56949c5879d7e159dd05cbe4908b2ed8a264a265ee
resnet,independent_rms,17,bandpass_n20001_cV1_independent_rms_s0,phase2/results/predictions/full/independent_rms/resnet/seed_17/bandpass_n20001_cV1_independent_rms_s0.npz,76084,28a684a6f1e5ab75337b2ce651279a8e34f86a72a894d2c23bffdcff2515b715
resnet,independent_rms,17,bandpass_n20001_cV1_electrode_s20,phase2/results/predictions/full/independent_rms/resnet/seed_17/bandpass_n20001_cV1_electrode_s20.npz,76621,93a5fef7f182c53f79e147165a94bbb2df717142f4e64774d4c4350a56064806
resnet,independent_rms,17,bandpass_n20001_cV1_electrode_s15,phase2/results/predictions/full/independent_rms/resnet/seed_17/bandpass_n20001_cV1_electrode_s15.npz,76551,db4a67e264d713b01048f51ade911df88fccb97e9dda97a013f5e17aa22c99e1
resnet,independent_rms,17,bandpass_n20001_cV1_electrode_s10,phase2/results/predictions/full/independent_rms/resnet/seed_17/bandpass_n20001_cV1_electrode_s10.npz,76491,02ead2edb627eff43324a6c712f726e3586f224cd7535f0befa0ef343b4aa04a
resnet,independent_rms,17,bandpass_n20001_cV1_electrode_s5,phase2/results/predictions/full/independent_rms/resnet/seed_17/bandpass_n20001_cV1_electrode_s5.npz,76336,2a987c7d535330b2be434db3e642049f5a7aded304860c32dfd72267ee58b47b
resnet,independent_rms,17,bandpass_n20001_cV1_electrode_s0,phase2/results/predictions/full/independent_rms/resnet/seed_17/bandpass_n20001_cV1_electrode_s0.npz,76060,528ee189e2bd44cf05e1eeddcfc092773913452e6525cc52952162a9cc47b08c
resnet,independent_rms,17,bandpass_n20001_cV1_covariance_s20,phase2/results/predictions/full/independent_rms/resnet/seed_17/bandpass_n20001_cV1_covariance_s20.npz,76605,db51843e52d51c3e774c6baf2ea961124ac4dd401f04a3954fd5263ecee4d582
resnet,independent_rms,17,bandpass_n20001_cV1_covariance_s15,phase2/results/predictions/full/independent_rms/resnet/seed_17/bandpass_n20001_cV1_covariance_s15.npz,76529,931de541d7e6523e701f08e9bcb43d5fce27bb88878f7d656e13c22e35bce812
resnet,independent_rms,17,bandpass_n20001_cV1_covariance_s10,phase2/results/predictions/full/independent_rms/resnet/seed_17/bandpass_n20001_cV1_covariance_s10.npz,76485,cdfecbd1785b27458f0c525cacd661c30bb5b71ee99277da2f9927633f973068
resnet,independent_rms,17,bandpass_n20001_cV1_covariance_s5,phase2/results/predictions/full/independent_rms/resnet/seed_17/bandpass_n20001_cV1_covariance_s5.npz,76342,0fe3eb877eb6cc8112e225d87f26e183a2d6e7e9b04e93fff303b60e8460f98c
resnet,independent_rms,17,bandpass_n20001_cV1_covariance_s0,phase2/results/predictions/full/independent_rms/resnet/seed_17/bandpass_n20001_cV1_covariance_s0.npz,76072,e8785569eeacdf549f277c06bda6c6e2135c186a25344e2a5a0bd3a7f05edc9f
resnet,independent_rms,17,bandpass_n20001_cV2_independent_rms_s20,phase2/results/predictions/full/independent_rms/resnet/seed_17/bandpass_n20001_cV2_independent_rms_s20.npz,76616,9043b31d5e29b7813ebf5f11ec7367908c55979dedfd75090fe09ed993a608c0
resnet,independent_rms,17,bandpass_n20001_cV2_independent_rms_s15,phase2/results/predictions/full/independent_rms/resnet/seed_17/bandpass_n20001_cV2_independent_rms_s15.npz,76552,25b0dc4af2aab4946a91be1fdc5ef0f0c513806dc904f486e2b622a0cdf199df
resnet,independent_rms,17,bandpass_n20001_cV2_independent_rms_s10,phase2/results/predictions/full/independent_rms/resnet/seed_17/bandpass_n20001_cV2_independent_rms_s10.npz,76529,2ac3fab9f519f8199e8749efad9c0e04479ffddbcd360433d14bf5c096b220ff
resnet,independent_rms,17,bandpass_n20001_cV2_independent_rms_s5,phase2/results/predictions/full/independent_rms/resnet/seed_17/bandpass_n20001_cV2_independent_rms_s5.npz,76407,e1f975a4454317546c5136df7d5ea497b1ef9cc133ab7e4b965e3b9d133b7d95
resnet,independent_rms,17,bandpass_n20001_cV2_independent_rms_s0,phase2/results/predictions/full/independent_rms/resnet/seed_17/bandpass_n20001_cV2_independent_rms_s0.npz,76148,b5a94584c9eab923b476a2ef26aa2c60ca92a8fb97a40a94a589c31e0ed30875
resnet,independent_rms,17,bandpass_n20001_cV2_electrode_s20,phase2/results/predictions/full/independent_rms/resnet/seed_17/bandpass_n20001_cV2_electrode_s20.npz,76597,04a3c9455fac402fec3e346e315b733ea7310219a2b3873375ce5399f492402a
resnet,independent_rms,17,bandpass_n20001_cV2_electrode_s15,phase2/results/predictions/full/independent_rms/resnet/seed_17/bandpass_n20001_cV2_electrode_s15.npz,76572,8830ab77691ad7f3c3792f598cffc11a4388df311eb57131d3fc77ac582e0e84
resnet,independent_rms,17,bandpass_n20001_cV2_electrode_s10,phase2/results/predictions/full/independent_rms/resnet/seed_17/bandpass_n20001_cV2_electrode_s10.npz,76489,cf799a3840e048ac3e7d4d0db5cdc017b8625527bcc52455d34840317a60563b
resnet,independent_rms,17,bandpass_n20001_cV2_electrode_s5,phase2/results/predictions/full/independent_rms/resnet/seed_17/bandpass_n20001_cV2_electrode_s5.npz,76367,f232702f51a9feedc3ad738a265ed485591cb37fb5ba605026afb3b3948bb733
resnet,independent_rms,17,bandpass_n20001_cV2_electrode_s0,phase2/results/predictions/full/independent_rms/resnet/seed_17/bandpass_n20001_cV2_electrode_s0.npz,76089,a97c732540cfc4d81298c30d973821691175aa8c90be01afff73a151b20bf5ee
resnet,independent_rms,17,bandpass_n20001_cV2_covariance_s20,phase2/results/predictions/full/independent_rms/resnet/seed_17/bandpass_n20001_cV2_covariance_s20.npz,76609,dd5384f599239604f8e847709ab34f79cae1938ae971fafc33001bd4806367be
resnet,independent_rms,17,bandpass_n20001_cV2_covariance_s15,phase2/results/predictions/full/independent_rms/resnet/seed_17/bandpass_n20001_cV2_covariance_s15.npz,76568,ace659a246131a4fae30864e7b410e861dba3a5ae7c807288614ccb357453e4e
resnet,independent_rms,17,bandpass_n20001_cV2_covariance_s10,phase2/results/predictions/full/independent_rms/resnet/seed_17/bandpass_n20001_cV2_covariance_s10.npz,76520,003ea1c8918c282cb93455d7f73112754d11d89c245b43151355f3ed38c3aa14
resnet,independent_rms,17,bandpass_n20001_cV2_covariance_s5,phase2/results/predictions/full/independent_rms/resnet/seed_17/bandpass_n20001_cV2_covariance_s5.npz,76367,22f860123d84d97d1d57bf18e22c3d39529d7b110f4cd7d37048068c8374b76b
resnet,independent_rms,17,bandpass_n20001_cV2_covariance_s0,phase2/results/predictions/full/independent_rms/resnet/seed_17/bandpass_n20001_cV2_covariance_s0.npz,76140,16baf541fe369c7a88aa7e02dbefd8275cc7b6314b0391142b39613541b34414
resnet,independent_rms,17,bandpass_n20001_cV3_independent_rms_s20,phase2/results/predictions/full/independent_rms/resnet/seed_17/bandpass_n20001_cV3_independent_rms_s20.npz,76627,a3afdc18453f7db2217a0adf0dd7785106a949edc8a69a9a21385df24177e1a4
resnet,independent_rms,17,bandpass_n20001_cV3_independent_rms_s15,phase2/results/predictions/full/independent_rms/resnet/seed_17/bandpass_n20001_cV3_independent_rms_s15.npz,76622,429a5bb6b9335e0a090924bf982070161285e8f8aeccba1143ebb18c8f3761d4
resnet,independent_rms,17,bandpass_n20001_cV3_independent_rms_s10,phase2/results/predictions/full/independent_rms/resnet/seed_17/bandpass_n20001_cV3_independent_rms_s10.npz,76538,c6fec95408097fcc12199488c58fa05609be3882a28fe2154be9344f9a808c5a
resnet,independent_rms,17,bandpass_n20001_cV3_independent_rms_s5,phase2/results/predictions/full/independent_rms/resnet/seed_17/bandpass_n20001_cV3_independent_rms_s5.npz,76397,a916f77a8fae95ff80ede6420bc81615106690504aa10da707ac6ab8374a2ed3
resnet,independent_rms,17,bandpass_n20001_cV3_independent_rms_s0,phase2/results/predictions/full/independent_rms/resnet/seed_17/bandpass_n20001_cV3_independent_rms_s0.npz,76141,6bc643cded0b49b58797ccb4d9b33817bad3b20e904932642b23bf2407d94db0
resnet,independent_rms,17,bandpass_n20001_cV3_electrode_s20,phase2/results/predictions/full/independent_rms/resnet/seed_17/bandpass_n20001_cV3_electrode_s20.npz,76573,11dec0d30bab28b38dbb6b2b4058d7f03b4482f71716ad2e3c48c5c12d98b43d
resnet,independent_rms,17,bandpass_n20001_cV3_electrode_s15,phase2/results/predictions/full/independent_rms/resnet/seed_17/bandpass_n20001_cV3_electrode_s15.npz,76592,5264ef3e5122860a4a9586e6762058b194992039fa1c8dc73569a716e8864149
resnet,independent_rms,17,bandpass_n20001_cV3_electrode_s10,phase2/results/predictions/full/independent_rms/resnet/seed_17/bandpass_n20001_cV3_electrode_s10.npz,76533,600f4c21187ea0d04a59c3bf0583a45c17b01bc75e24c69bf19f1f5164440372
resnet,independent_rms,17,bandpass_n20001_cV3_electrode_s5,phase2/results/predictions/full/independent_rms/resnet/seed_17/bandpass_n20001_cV3_electrode_s5.npz,76379,553a6b0c6ed6b0c864a51649eeae270887a8f58273916ada6de61524cc02f37a
resnet,independent_rms,17,bandpass_n20001_cV3_electrode_s0,phase2/results/predictions/full/independent_rms/resnet/seed_17/bandpass_n20001_cV3_electrode_s0.npz,76119,966c82026f0e6c72b0d86e67b7ae3e5be23d3bf60b34631fe0518f28b32ea182
resnet,independent_rms,17,bandpass_n20001_cV3_covariance_s20,phase2/results/predictions/full/independent_rms/resnet/seed_17/bandpass_n20001_cV3_covariance_s20.npz,76619,bebed4a4cab4cb7f2433f7907b8783a85934d01c710cf0ab6e763a44eb8fbe79
resnet,independent_rms,17,bandpass_n20001_cV3_covariance_s15,phase2/results/predictions/full/independent_rms/resnet/seed_17/bandpass_n20001_cV3_covariance_s15.npz,76598,669aa003e8c78c8e12f8210a97a14bbafca61371297e8b99a2153bffdb6f50df
resnet,independent_rms,17,bandpass_n20001_cV3_covariance_s10,phase2/results/predictions/full/independent_rms/resnet/seed_17/bandpass_n20001_cV3_covariance_s10.npz,76522,ae6cbb6d5a7d462a21ad87291f1fd3a61b37e83e68dec7bb7a62737ce3c1f6e3
resnet,independent_rms,17,bandpass_n20001_cV3_covariance_s5,phase2/results/predictions/full/independent_rms/resnet/seed_17/bandpass_n20001_cV3_covariance_s5.npz,76384,b4097ebe256e3577a24b035676e0588cad2ea5f7df392f93eb0336a2f2ada185
resnet,independent_rms,17,bandpass_n20001_cV3_covariance_s0,phase2/results/predictions/full/independent_rms/resnet/seed_17/bandpass_n20001_cV3_covariance_s0.npz,76153,194069458a795b5ac6ce801c1605cd171f3053100c419db0a3af8381cbc2a6e1
resnet,independent_rms,17,bandpass_n20001_cV4_independent_rms_s20,phase2/results/predictions/full/independent_rms/resnet/seed_17/bandpass_n20001_cV4_independent_rms_s20.npz,76590,55423d3209993939852cf4cbd2e4d6dd0766c323b3bef89bb14df8650e4ff669
resnet,independent_rms,17,bandpass_n20001_cV4_independent_rms_s15,phase2/results/predictions/full/independent_rms/resnet/seed_17/bandpass_n20001_cV4_independent_rms_s15.npz,76613,06fc1af043256edcf26fb0d14ac97d60601a26935f9b8482354541cb5209829b
resnet,independent_rms,17,bandpass_n20001_cV4_independent_rms_s10,phase2/results/predictions/full/independent_rms/resnet/seed_17/bandpass_n20001_cV4_independent_rms_s10.npz,76516,f78f9fb25ce9593cf3d722bed83b2d12049faa518c0a4517c2bd6e6b35947178
resnet,independent_rms,17,bandpass_n20001_cV4_independent_rms_s5,phase2/results/predictions/full/independent_rms/resnet/seed_17/bandpass_n20001_cV4_independent_rms_s5.npz,76462,f845aef991ad4a0b4653ad8a09c4ee2eb724f695f067d3b12214712a6645c648
resnet,independent_rms,17,bandpass_n20001_cV4_independent_rms_s0,phase2/results/predictions/full/independent_rms/resnet/seed_17/bandpass_n20001_cV4_independent_rms_s0.npz,76250,79593ce9fb1e9fb58df7e20ed8e83122ae6d8e26db79c61b95589c81a4524a25
resnet,independent_rms,17,bandpass_n20001_cV4_electrode_s20,phase2/results/predictions/full/independent_rms/resnet/seed_17/bandpass_n20001_cV4_electrode_s20.npz,76601,b1f8628589102a8c6125a702a1b93ba8071b811dee2935b1030fafd75c136143
resnet,independent_rms,17,bandpass_n20001_cV4_electrode_s15,phase2/results/predictions/full/independent_rms/resnet/seed_17/bandpass_n20001_cV4_electrode_s15.npz,76592,f12f26934b503423c2f656d108123ae827534b99cc61a4cdd0faf3bf4818f319
resnet,independent_rms,17,bandpass_n20001_cV4_electrode_s10,phase2/results/predictions/full/independent_rms/resnet/seed_17/bandpass_n20001_cV4_electrode_s10.npz,76541,99a4be5bbc6cad062161e455bd1b4c06ce484d0ad4582e6aa9fa34728e9c38d3
resnet,independent_rms,17,bandpass_n20001_cV4_electrode_s5,phase2/results/predictions/full/independent_rms/resnet/seed_17/bandpass_n20001_cV4_electrode_s5.npz,76378,9ff090950f6d11f915e0d985965c6ad935493fc3025f6a26962c183ada6cf99c
resnet,independent_rms,17,bandpass_n20001_cV4_electrode_s0,phase2/results/predictions/full/independent_rms/resnet/seed_17/bandpass_n20001_cV4_electrode_s0.npz,76256,1e0737b621c87207ac7144c7a931cee5fa2173eb8c227e5bdba163173c424d9d
resnet,independent_rms,17,bandpass_n20001_cV4_covariance_s20,phase2/results/predictions/full/independent_rms/resnet/seed_17/bandpass_n20001_cV4_covariance_s20.npz,76594,c92a75f668478dfb913a8ffc894855708e2b0b6c105a3d7b2c7f20ece5c21c14
resnet,independent_rms,17,bandpass_n20001_cV4_covariance_s15,phase2/results/predictions/full/independent_rms/resnet/seed_17/bandpass_n20001_cV4_covariance_s15.npz,76602,80319e868d7af291a41630820576820c802f9bdc4f052cbfd9ec73c6c6519da9
resnet,independent_rms,17,bandpass_n20001_cV4_covariance_s10,phase2/results/predictions/full/independent_rms/resnet/seed_17/bandpass_n20001_cV4_covariance_s10.npz,76498,78285d73ec43c3813a4c1bb358eb4d0aad04cb648341b71d0972bec9acc04851
resnet,independent_rms,17,bandpass_n20001_cV4_covariance_s5,phase2/results/predictions/full/independent_rms/resnet/seed_17/bandpass_n20001_cV4_covariance_s5.npz,76462,d96a26d0552523d5ce0b493659732a8a54d610d02602fd8178ab863c0f87d7cf
resnet,independent_rms,17,bandpass_n20001_cV4_covariance_s0,phase2/results/predictions/full/independent_rms/resnet/seed_17/bandpass_n20001_cV4_covariance_s0.npz,76244,6a35e788aad9fa6ecb2cb8f3a1f67feec70dc0b8228e8a98a957db2cfbb88e26
resnet,independent_rms,17,bandpass_n20001_cV5_independent_rms_s20,phase2/results/predictions/full/independent_rms/resnet/seed_17/bandpass_n20001_cV5_independent_rms_s20.npz,76570,5269aa2056f4f83b7d896279e92be18103e8b47c286e2a106db9917274e10e9c
resnet,independent_rms,17,bandpass_n20001_cV5_independent_rms_s15,phase2/results/predictions/full/independent_rms/resnet/seed_17/bandpass_n20001_cV5_independent_rms_s15.npz,76570,fbfcaeb7385b1f28cf083a8a05137d406906d6d169852764130c779ab653a4b0
resnet,independent_rms,17,bandpass_n20001_cV5_independent_rms_s10,phase2/results/predictions/full/independent_rms/resnet/seed_17/bandpass_n20001_cV5_independent_rms_s10.npz,76494,8265b4706d695631934b61db278bda6cc593047d6c89123b744ffeb7784faf82
resnet,independent_rms,17,bandpass_n20001_cV5_independent_rms_s5,phase2/results/predictions/full/independent_rms/resnet/seed_17/bandpass_n20001_cV5_independent_rms_s5.npz,76331,2d70dac8d4e472191416155c59a62d74044f52da70d03a4bb33a9da34930ab25
resnet,independent_rms,17,bandpass_n20001_cV5_independent_rms_s0,phase2/results/predictions/full/independent_rms/resnet/seed_17/bandpass_n20001_cV5_independent_rms_s0.npz,76070,59907c6f746286cac16f13966f27e2b0400928b9028eb193cc08c264d4bf8970
resnet,independent_rms,17,bandpass_n20001_cV5_electrode_s20,phase2/results/predictions/full/independent_rms/resnet/seed_17/bandpass_n20001_cV5_electrode_s20.npz,76617,349d706cbd6ea742ce9ac10727a8a3e1720c118ab90aca1e8a8e65cd8b280e80
resnet,independent_rms,17,bandpass_n20001_cV5_electrode_s15,phase2/results/predictions/full/independent_rms/resnet/seed_17/bandpass_n20001_cV5_electrode_s15.npz,76570,a51fa3db3168cf16b5898ea319f75bce0124ae187036c90abe7744c1cce1cdd1
resnet,independent_rms,17,bandpass_n20001_cV5_electrode_s10,phase2/results/predictions/full/independent_rms/resnet/seed_17/bandpass_n20001_cV5_electrode_s10.npz,76507,20942e315f40dcd40ff301c4bdb2fcbaa82bc3639730c6ae46ac880b0e672edb
resnet,independent_rms,17,bandpass_n20001_cV5_electrode_s5,phase2/results/predictions/full/independent_rms/resnet/seed_17/bandpass_n20001_cV5_electrode_s5.npz,76308,0488a888b36101efd64e2bb4fbc7a34c8b63255afecabab29ca3f41c0ce8b647
resnet,independent_rms,17,bandpass_n20001_cV5_electrode_s0,phase2/results/predictions/full/independent_rms/resnet/seed_17/bandpass_n20001_cV5_electrode_s0.npz,76034,2ea983d2bbb179f9be4471b2daa0a98d0e665d5f2d07180272cfa5014ef1192e
resnet,independent_rms,17,bandpass_n20001_cV5_covariance_s20,phase2/results/predictions/full/independent_rms/resnet/seed_17/bandpass_n20001_cV5_covariance_s20.npz,76602,b74c770a26c7ef6eb2b891295ffd2e5608d584ec27e93e096143d4eec2194ee7
resnet,independent_rms,17,bandpass_n20001_cV5_covariance_s15,phase2/results/predictions/full/independent_rms/resnet/seed_17/bandpass_n20001_cV5_covariance_s15.npz,76553,3828c8b8cfd9ca50766333b5f4c7aed2902e988380c18b4480e27c899325e67c
resnet,independent_rms,17,bandpass_n20001_cV5_covariance_s10,phase2/results/predictions/full/independent_rms/resnet/seed_17/bandpass_n20001_cV5_covariance_s10.npz,76492,bc163b67b50b82f344056f68ec2daf8f4898178fe91e8e29eef6d06bd54e2482
resnet,independent_rms,17,bandpass_n20001_cV5_covariance_s5,phase2/results/predictions/full/independent_rms/resnet/seed_17/bandpass_n20001_cV5_covariance_s5.npz,76328,f22b4f2d2c5a0c234d23a0e684186fd9c2fd88ce7059e09fc6be11b7abc869fa
resnet,independent_rms,17,bandpass_n20001_cV5_covariance_s0,phase2/results/predictions/full/independent_rms/resnet/seed_17/bandpass_n20001_cV5_covariance_s0.npz,76014,b05eb6cddf59e5bf17de37fbf995a3db365d8e8444612a9665a1335e974d6d54
resnet,independent_rms,17,bandpass_n20001_cV6_independent_rms_s20,phase2/results/predictions/full/independent_rms/resnet/seed_17/bandpass_n20001_cV6_independent_rms_s20.npz,76608,0ec28aab2f814e47ef6c93391f1e6f6610290fd0be6c1c50fc334e88af740f08
resnet,independent_rms,17,bandpass_n20001_cV6_independent_rms_s15,phase2/results/predictions/full/independent_rms/resnet/seed_17/bandpass_n20001_cV6_independent_rms_s15.npz,76581,8b1b8b70120a2633a424a8c857d98c2ea219a9c41f6e7691032d6e65879dd4d6
resnet,independent_rms,17,bandpass_n20001_cV6_independent_rms_s10,phase2/results/predictions/full/independent_rms/resnet/seed_17/bandpass_n20001_cV6_independent_rms_s10.npz,76520,ce8d504b3e1f8bcea2f229e8b22b0ac3048aeea198321ae253cc414b00e97903
resnet,independent_rms,17,bandpass_n20001_cV6_independent_rms_s5,phase2/results/predictions/full/independent_rms/resnet/seed_17/bandpass_n20001_cV6_independent_rms_s5.npz,76407,abf261e38f6270acc3e1315ce5e5e8cbedd1587003166e874352aea5fe08a1e3
resnet,independent_rms,17,bandpass_n20001_cV6_independent_rms_s0,phase2/results/predictions/full/independent_rms/resnet/seed_17/bandpass_n20001_cV6_independent_rms_s0.npz,76196,9c44ce047eaa21b9e84dd19b7e294772908c2c0bcff7f617dd62796ab7a75af4
resnet,independent_rms,17,bandpass_n20001_cV6_electrode_s20,phase2/results/predictions/full/independent_rms/resnet/seed_17/bandpass_n20001_cV6_electrode_s20.npz,76579,384b6f7527113c39432e6b0e448e97ed69e0243f0a7d187f70f87ab941b371a8
resnet,independent_rms,17,bandpass_n20001_cV6_electrode_s15,phase2/results/predictions/full/independent_rms/resnet/seed_17/bandpass_n20001_cV6_electrode_s15.npz,76574,c49064c18d0a385d2f60b6a1c73edab0cfc42ce681be7836e5c8524991df01ca
resnet,independent_rms,17,bandpass_n20001_cV6_electrode_s10,phase2/results/predictions/full/independent_rms/resnet/seed_17/bandpass_n20001_cV6_electrode_s10.npz,76512,fa4c8146ae934720e5868c1edf7deb7d421696c66bfa7f2041206a57d63b047b
resnet,independent_rms,17,bandpass_n20001_cV6_electrode_s5,phase2/results/predictions/full/independent_rms/resnet/seed_17/bandpass_n20001_cV6_electrode_s5.npz,76360,0144e43c9fba4cb29c17558ffaf85fa01a87841f3c8205736ef2c113378ce35d
resnet,independent_rms,17,bandpass_n20001_cV6_electrode_s0,phase2/results/predictions/full/independent_rms/resnet/seed_17/bandpass_n20001_cV6_electrode_s0.npz,76151,c4217c13f19a43766c110d31926105c4b95d53033b242e46fae841a440e69019
resnet,independent_rms,17,bandpass_n20001_cV6_covariance_s20,phase2/results/predictions/full/independent_rms/resnet/seed_17/bandpass_n20001_cV6_covariance_s20.npz,76572,28f4b06d36ef5fb778c97132a120d12e13bdb33bc1edee3b8b113d660324f286
resnet,independent_rms,17,bandpass_n20001_cV6_covariance_s15,phase2/results/predictions/full/independent_rms/resnet/seed_17/bandpass_n20001_cV6_covariance_s15.npz,76565,0e0f562a0e93a60e8bdb60cc7b858cbec1debf2396be6601c2d6bfb8e04242cf
resnet,independent_rms,17,bandpass_n20001_cV6_covariance_s10,phase2/results/predictions/full/independent_rms/resnet/seed_17/bandpass_n20001_cV6_covariance_s10.npz,76516,3d92a0160dc909f284279cb9fe2c36d57457d33346bee16caf0e86de076644dc
resnet,independent_rms,17,bandpass_n20001_cV6_covariance_s5,phase2/results/predictions/full/independent_rms/resnet/seed_17/bandpass_n20001_cV6_covariance_s5.npz,76397,32bb84d955cd7e4c37bfa77fa18c32d75254b4ca0d83c89517f4f968f6940a55
resnet,independent_rms,17,bandpass_n20001_cV6_covariance_s0,phase2/results/predictions/full/independent_rms/resnet/seed_17/bandpass_n20001_cV6_covariance_s0.npz,76171,db9c11b9bbf61fb2b368c1e0944c641507b4d52dfb41ad2e607b29433a09642a
resnet,independent_rms,17,bandpass_n20001_cRA_LA_independent_rms_s20,phase2/results/predictions/full/independent_rms/resnet/seed_17/bandpass_n20001_cRA_LA_independent_rms_s20.npz,76626,45353009a35e10634059d696d7a57cdbd33095a454ca5d657c5f2c808af5aac9
resnet,independent_rms,17,bandpass_n20001_cRA_LA_independent_rms_s15,phase2/results/predictions/full/independent_rms/resnet/seed_17/bandpass_n20001_cRA_LA_independent_rms_s15.npz,76612,12f6ee42e36ed1636855cf1b634b645ef36949ef34527ca57bc9e52148302971
resnet,independent_rms,17,bandpass_n20001_cRA_LA_independent_rms_s10,phase2/results/predictions/full/independent_rms/resnet/seed_17/bandpass_n20001_cRA_LA_independent_rms_s10.npz,76520,ecbba6ffd6e588fb9f9265f852b04ba5242162d1a6d646f23bbfd57f780d19f6
resnet,independent_rms,17,bandpass_n20001_cRA_LA_independent_rms_s5,phase2/results/predictions/full/independent_rms/resnet/seed_17/bandpass_n20001_cRA_LA_independent_rms_s5.npz,76361,fba68f3cbc8dbe66d59726b26a497159e3330b4fd33dce6c7b7a4957972d935a
resnet,independent_rms,17,bandpass_n20001_cRA_LA_independent_rms_s0,phase2/results/predictions/full/independent_rms/resnet/seed_17/bandpass_n20001_cRA_LA_independent_rms_s0.npz,76092,c7b663a68cf0bccdfeae6c934fc98ee5b5578613fa88e1119788ea1a9dee9191
resnet,independent_rms,17,bandpass_n20001_cRA_LA_electrode_s20,phase2/results/predictions/full/independent_rms/resnet/seed_17/bandpass_n20001_cRA_LA_electrode_s20.npz,76572,4fe74e9daf5e1b566c6c720fececdef189e1204cfb5f9f5d7de9f738a34e50e0
resnet,independent_rms,17,bandpass_n20001_cRA_LA_electrode_s15,phase2/results/predictions/full/independent_rms/resnet/seed_17/bandpass_n20001_cRA_LA_electrode_s15.npz,76556,40f48f2e96eb00b9af60d134a2ee69ef2b144cbc735525732cf9b239a3deed22
resnet,independent_rms,17,bandpass_n20001_cRA_LA_electrode_s10,phase2/results/predictions/full/independent_rms/resnet/seed_17/bandpass_n20001_cRA_LA_electrode_s10.npz,76403,2b84277c0f54ad2626222a4904d97897304da9124aeee015154e9cb595bd77a9
resnet,independent_rms,17,bandpass_n20001_cRA_LA_electrode_s5,phase2/results/predictions/full/independent_rms/resnet/seed_17/bandpass_n20001_cRA_LA_electrode_s5.npz,76223,d337b594e5e11a9c0107beb1344127598fee2de8e2af4434f702412638dd8cfd
resnet,independent_rms,17,bandpass_n20001_cRA_LA_electrode_s0,phase2/results/predictions/full/independent_rms/resnet/seed_17/bandpass_n20001_cRA_LA_electrode_s0.npz,75866,5ae67a4a0c576d4cf99c7f3750031cccec80deeefdb8b78b6c3d51b9248a52ac
resnet,independent_rms,17,bandpass_n20001_cRA_LA_covariance_s20,phase2/results/predictions/full/independent_rms/resnet/seed_17/bandpass_n20001_cRA_LA_covariance_s20.npz,76568,058e825c7ffdcf67babdd360b62d875bbad64ca170e8e0eb802130101274ebc5
resnet,independent_rms,17,bandpass_n20001_cRA_LA_covariance_s15,phase2/results/predictions/full/independent_rms/resnet/seed_17/bandpass_n20001_cRA_LA_covariance_s15.npz,76538,319428cada296e79ef033a093098e6577353606d6b1e541b82176286ba3191de
resnet,independent_rms,17,bandpass_n20001_cRA_LA_covariance_s10,phase2/results/predictions/full/independent_rms/resnet/seed_17/bandpass_n20001_cRA_LA_covariance_s10.npz,76466,1941715b43be3497e05050badb4f89ad5d101286a8807ec8efc1bb06c5f8ec3b
resnet,independent_rms,17,bandpass_n20001_cRA_LA_covariance_s5,phase2/results/predictions/full/independent_rms/resnet/seed_17/bandpass_n20001_cRA_LA_covariance_s5.npz,76211,8df2e4198978c071f5f63bfe864dea6b2c64a1c0fe986ac4e95e5ec04ea7353b
resnet,independent_rms,17,bandpass_n20001_cRA_LA_covariance_s0,phase2/results/predictions/full/independent_rms/resnet/seed_17/bandpass_n20001_cRA_LA_covariance_s0.npz,75919,b511df39b7b88a4e2c6ba013ebc3ab740bac1ef065e7b01fccda3d24f454e388
resnet,independent_rms,17,bandpass_n20001_cLA_LL_independent_rms_s20,phase2/results/predictions/full/independent_rms/resnet/seed_17/bandpass_n20001_cLA_LL_independent_rms_s20.npz,76596,48fca0d933e85530fc8ade4581b9427d6cae4ae70cd5f226ed2917678104503d
resnet,independent_rms,17,bandpass_n20001_cLA_LL_independent_rms_s15,phase2/results/predictions/full/independent_rms/resnet/seed_17/bandpass_n20001_cLA_LL_independent_rms_s15.npz,76605,2e232d120aef56df648fb2b04ca9dcfa5dc13a0c816143953364d91f51d60097
resnet,independent_rms,17,bandpass_n20001_cLA_LL_independent_rms_s10,phase2/results/predictions/full/independent_rms/resnet/seed_17/bandpass_n20001_cLA_LL_independent_rms_s10.npz,76512,c64becdae97b64f7e0936168ddb38a1c570bdd8dfe9fe3ffcaf7dfcbeb73defd
resnet,independent_rms,17,bandpass_n20001_cLA_LL_independent_rms_s5,phase2/results/predictions/full/independent_rms/resnet/seed_17/bandpass_n20001_cLA_LL_independent_rms_s5.npz,76336,32a9be959644ed825ae34933fba69a2927dab2295af84fe8c2b78462a6ff9cc9
resnet,independent_rms,17,bandpass_n20001_cLA_LL_independent_rms_s0,phase2/results/predictions/full/independent_rms/resnet/seed_17/bandpass_n20001_cLA_LL_independent_rms_s0.npz,76077,613e12c6ed4ef19efe2515aafd5b25da5f6b021431a0f099f5b9a7f1708dcf69
resnet,independent_rms,17,bandpass_n20001_cLA_LL_electrode_s20,phase2/results/predictions/full/independent_rms/resnet/seed_17/bandpass_n20001_cLA_LL_electrode_s20.npz,76598,6939b44da520701f46b6818e2027abaef7b22a27596b5af25bc8b7bba0610add
resnet,independent_rms,17,bandpass_n20001_cLA_LL_electrode_s15,phase2/results/predictions/full/independent_rms/resnet/seed_17/bandpass_n20001_cLA_LL_electrode_s15.npz,76573,3e3f67451439c192fad95a1500dae306630f67e538f8c8a71157769ae615d62a
resnet,independent_rms,17,bandpass_n20001_cLA_LL_electrode_s10,phase2/results/predictions/full/independent_rms/resnet/seed_17/bandpass_n20001_cLA_LL_electrode_s10.npz,76416,ac1e6ae2a559f971ac4070ff49bb9025d0b6237801b84d22bf360875c4780b66
resnet,independent_rms,17,bandpass_n20001_cLA_LL_electrode_s5,phase2/results/predictions/full/independent_rms/resnet/seed_17/bandpass_n20001_cLA_LL_electrode_s5.npz,76197,646fa92990fce34656708de2b829d4fa4be72d0a2d84af847d05272247512207
resnet,independent_rms,17,bandpass_n20001_cLA_LL_electrode_s0,phase2/results/predictions/full/independent_rms/resnet/seed_17/bandpass_n20001_cLA_LL_electrode_s0.npz,75869,6b26325713ac3f99dc60a7e1d746b1f31c55112bfba4d4208618b06ad88009d6
resnet,independent_rms,17,bandpass_n20001_cLA_LL_covariance_s20,phase2/results/predictions/full/independent_rms/resnet/seed_17/bandpass_n20001_cLA_LL_covariance_s20.npz,76577,c4a05458012561a19a0fb2626fffc1858b34bff76f88b80c3ea37324ed0821a6
resnet,independent_rms,17,bandpass_n20001_cLA_LL_covariance_s15,phase2/results/predictions/full/independent_rms/resnet/seed_17/bandpass_n20001_cLA_LL_covariance_s15.npz,76567,cc44fa2b1433345050b4f30c820980421434f7b010570d240d07d95a2f8cd557
resnet,independent_rms,17,bandpass_n20001_cLA_LL_covariance_s10,phase2/results/predictions/full/independent_rms/resnet/seed_17/bandpass_n20001_cLA_LL_covariance_s10.npz,76423,bfb0b458fc7aa05d45e8dea8c58fe4a5e5ca8b17e6133157a3439dcad29ec52a
resnet,independent_rms,17,bandpass_n20001_cLA_LL_covariance_s5,phase2/results/predictions/full/independent_rms/resnet/seed_17/bandpass_n20001_cLA_LL_covariance_s5.npz,76220,106c590d4b51a1928946280f0cb807343c7fe043281d960b8fd4e79afd19c7d2
resnet,independent_rms,17,bandpass_n20001_cLA_LL_covariance_s0,phase2/results/predictions/full/independent_rms/resnet/seed_17/bandpass_n20001_cLA_LL_covariance_s0.npz,75839,c3ad11d17f53394c72359bf3e5012403726524eb7c50d3c78dc03a8a73c58892
resnet,independent_rms,17,bandpass_n20001_cRA_LL_independent_rms_s20,phase2/results/predictions/full/independent_rms/resnet/seed_17/bandpass_n20001_cRA_LL_independent_rms_s20.npz,76592,e6e8891a0f766a06d70a29e299d8e26580201de3f91919371968a477ae365c10
resnet,independent_rms,17,bandpass_n20001_cRA_LL_independent_rms_s15,phase2/results/predictions/full/independent_rms/resnet/seed_17/bandpass_n20001_cRA_LL_independent_rms_s15.npz,76595,1b7fa64cd967bde64c71359937e9569cded12b36946906727547d7321e77a6ec
resnet,independent_rms,17,bandpass_n20001_cRA_LL_independent_rms_s10,phase2/results/predictions/full/independent_rms/resnet/seed_17/bandpass_n20001_cRA_LL_independent_rms_s10.npz,76504,dbfbda632c4de08f86326d89db13e35f092f7618fa671d159459a812f7e97236
resnet,independent_rms,17,bandpass_n20001_cRA_LL_independent_rms_s5,phase2/results/predictions/full/independent_rms/resnet/seed_17/bandpass_n20001_cRA_LL_independent_rms_s5.npz,76319,b307d37d26c9a205dddabddd7b45dc0495181ba7ca6cf329265b59dceedc53ae
resnet,independent_rms,17,bandpass_n20001_cRA_LL_independent_rms_s0,phase2/results/predictions/full/independent_rms/resnet/seed_17/bandpass_n20001_cRA_LL_independent_rms_s0.npz,76092,1ce5cf14ff95c6b75caee15bf1637aac4cff1870d1257ba1ed184d7face10bde
resnet,independent_rms,17,bandpass_n20001_cRA_LL_electrode_s20,phase2/results/predictions/full/independent_rms/resnet/seed_17/bandpass_n20001_cRA_LL_electrode_s20.npz,76601,60703d8fc2d48d3c1dc3de859ec02ba069632aa6f0914c1e32ea220de2a6f75c
resnet,independent_rms,17,bandpass_n20001_cRA_LL_electrode_s15,phase2/results/predictions/full/independent_rms/resnet/seed_17/bandpass_n20001_cRA_LL_electrode_s15.npz,76550,716e5eb81bdedf442bd577cd1f61efd66edf69327d3c90588db4378e3edbdc7c
resnet,independent_rms,17,bandpass_n20001_cRA_LL_electrode_s10,phase2/results/predictions/full/independent_rms/resnet/seed_17/bandpass_n20001_cRA_LL_electrode_s10.npz,76388,67d9838f3289e81ab6b4be2114002f223a0ba0664b82a29fc810c16a45815ff7
resnet,independent_rms,17,bandpass_n20001_cRA_LL_electrode_s5,phase2/results/predictions/full/independent_rms/resnet/seed_17/bandpass_n20001_cRA_LL_electrode_s5.npz,76168,0b786ea4a360f8c0aae49d3defba54f11e772dbe964d9967162afe66a798c20a
resnet,independent_rms,17,bandpass_n20001_cRA_LL_electrode_s0,phase2/results/predictions/full/independent_rms/resnet/seed_17/bandpass_n20001_cRA_LL_electrode_s0.npz,75806,34d0dea7acca142a1b775ed0530b951220ea315ccf35daed302554f71523ef38
resnet,independent_rms,17,bandpass_n20001_cRA_LL_covariance_s20,phase2/results/predictions/full/independent_rms/resnet/seed_17/bandpass_n20001_cRA_LL_covariance_s20.npz,76579,d7c1c86690c8ac823230eada191c9fb3d6537aac53e975bbc0c1957cae323947
resnet,independent_rms,17,bandpass_n20001_cRA_LL_covariance_s15,phase2/results/predictions/full/independent_rms/resnet/seed_17/bandpass_n20001_cRA_LL_covariance_s15.npz,76521,c0131282044d8e91a2b832e236e49ad72fee424cdef074ea5f8f28c9ca312e50
resnet,independent_rms,17,bandpass_n20001_cRA_LL_covariance_s10,phase2/results/predictions/full/independent_rms/resnet/seed_17/bandpass_n20001_cRA_LL_covariance_s10.npz,76414,cb16b0cdde031c237f3718e65da4e1f7e363180c82ff9da5e43b071d835344f7
resnet,independent_rms,17,bandpass_n20001_cRA_LL_covariance_s5,phase2/results/predictions/full/independent_rms/resnet/seed_17/bandpass_n20001_cRA_LL_covariance_s5.npz,76211,1ffb3e1ca57bade3c5d38e4322a21c14b004f8f9e9e27ebb0ff3479f1542191d
resnet,independent_rms,17,bandpass_n20001_cRA_LL_covariance_s0,phase2/results/predictions/full/independent_rms/resnet/seed_17/bandpass_n20001_cRA_LL_covariance_s0.npz,75833,261c17feb103eee8a4cc86c349be2ad32c55fb64675e0fc932764630ed545c81
resnet,independent_rms,17,bandpass_n20001_cRA_independent_rms_s20,phase2/results/predictions/full/independent_rms/resnet/seed_17/bandpass_n20001_cRA_independent_rms_s20.npz,76610,9cfcfb531060359d244fde601adb741e36a2445af469b97a413d7501a056ad23
resnet,independent_rms,17,bandpass_n20001_cRA_independent_rms_s15,phase2/results/predictions/full/independent_rms/resnet/seed_17/bandpass_n20001_cRA_independent_rms_s15.npz,76568,ce662554be7eab62564de3ee51a328f4e892c92069bf553ee0081247f276c059
resnet,independent_rms,17,bandpass_n20001_cRA_independent_rms_s10,phase2/results/predictions/full/independent_rms/resnet/seed_17/bandpass_n20001_cRA_independent_rms_s10.npz,76505,8c888efe3f0edb5c6f5e1b7f83dc70219e2043ca498bad1f52a6e547ec193f28
resnet,independent_rms,17,bandpass_n20001_cRA_independent_rms_s5,phase2/results/predictions/full/independent_rms/resnet/seed_17/bandpass_n20001_cRA_independent_rms_s5.npz,76333,4ca4f9de1d39e36cc875c2f47d88dedf1e2913c3ed19e1c68cad710903244aec
resnet,independent_rms,17,bandpass_n20001_cRA_independent_rms_s0,phase2/results/predictions/full/independent_rms/resnet/seed_17/bandpass_n20001_cRA_independent_rms_s0.npz,76071,d47b00b03eaa1200f9a061d79e4f97c39e9f32679bb563622744b1ac6027f63e
resnet,independent_rms,17,bandpass_n20001_cRA_electrode_s20,phase2/results/predictions/full/independent_rms/resnet/seed_17/bandpass_n20001_cRA_electrode_s20.npz,76589,74a6e108b8f138747e0a3978caa7432091e715eb63fe82cabeef60838fde1b2e
resnet,independent_rms,17,bandpass_n20001_cRA_electrode_s15,phase2/results/predictions/full/independent_rms/resnet/seed_17/bandpass_n20001_cRA_electrode_s15.npz,76542,4f09317d03c1c25e8c86a695b3e0ccf0b07dcab14d1b7141cf2c075ceefbbc3c
resnet,independent_rms,17,bandpass_n20001_cRA_electrode_s10,phase2/results/predictions/full/independent_rms/resnet/seed_17/bandpass_n20001_cRA_electrode_s10.npz,76408,47bbbd2dbf1ab4f26a7d395d5cf7818d43cb8071c0adc8e71761255e1d12f008
resnet,independent_rms,17,bandpass_n20001_cRA_electrode_s5,phase2/results/predictions/full/independent_rms/resnet/seed_17/bandpass_n20001_cRA_electrode_s5.npz,76270,fd29320f09b8937079fab396260816ea0937cae5a0389848f0a1d59e01c9e335
resnet,independent_rms,17,bandpass_n20001_cRA_electrode_s0,phase2/results/predictions/full/independent_rms/resnet/seed_17/bandpass_n20001_cRA_electrode_s0.npz,76005,6f069b9edc649d4cc8928cc8b3151ce23402eb1d3457881407792f12ea24e1e0
resnet,independent_rms,17,bandpass_n20001_cRA_covariance_s20,phase2/results/predictions/full/independent_rms/resnet/seed_17/bandpass_n20001_cRA_covariance_s20.npz,76548,ee93b9cd06ede20b0fcb36f675ce3f8799e055b96f837d69efe1e74d7b8a71fb
resnet,independent_rms,17,bandpass_n20001_cRA_covariance_s15,phase2/results/predictions/full/independent_rms/resnet/seed_17/bandpass_n20001_cRA_covariance_s15.npz,76539,9f84da0ce74d242861dfa63e08ce2d6ac77494e908c9192990d674f834ecd903
resnet,independent_rms,17,bandpass_n20001_cRA_covariance_s10,phase2/results/predictions/full/independent_rms/resnet/seed_17/bandpass_n20001_cRA_covariance_s10.npz,76454,088057ebf340adc2193e3a8acb5aba7ed60d8cdc259f6fb489f449cfa98de93e
resnet,independent_rms,17,bandpass_n20001_cRA_covariance_s5,phase2/results/predictions/full/independent_rms/resnet/seed_17/bandpass_n20001_cRA_covariance_s5.npz,76221,8730e7cb46d20c66f1bafd7ea65d37f9c91310d3931ead47b4c07f151196abdb
resnet,independent_rms,17,bandpass_n20001_cRA_covariance_s0,phase2/results/predictions/full/independent_rms/resnet/seed_17/bandpass_n20001_cRA_covariance_s0.npz,76030,820e5955a0259b4aa9bba7654ebbc1ab4fb184e6a1f2c7979dc2ad000138bc3c
resnet,independent_rms,17,bandpass_n20001_cLA_independent_rms_s20,phase2/results/predictions/full/independent_rms/resnet/seed_17/bandpass_n20001_cLA_independent_rms_s20.npz,76584,00efa74826b1a920f1399cb13f8fe3fa2d0d7578d92cb92608ce917295fe7981
resnet,independent_rms,17,bandpass_n20001_cLA_independent_rms_s15,phase2/results/predictions/full/independent_rms/resnet/seed_17/bandpass_n20001_cLA_independent_rms_s15.npz,76580,8fdd7b3c309b112e2f0e3a5a5d27a51eb4df30857de0468ffba2d69cc2d3d7cf
resnet,independent_rms,17,bandpass_n20001_cLA_independent_rms_s10,phase2/results/predictions/full/independent_rms/resnet/seed_17/bandpass_n20001_cLA_independent_rms_s10.npz,76537,5dd2d0b345c81798ce5d30c3b1459271e8ad9130bb98ff3b61125ff58de70ce4
resnet,independent_rms,17,bandpass_n20001_cLA_independent_rms_s5,phase2/results/predictions/full/independent_rms/resnet/seed_17/bandpass_n20001_cLA_independent_rms_s5.npz,76391,2e957f91c3415838901208a1954d22ee3a1720f3707ed61ccd9ece6641932afe
resnet,independent_rms,17,bandpass_n20001_cLA_independent_rms_s0,phase2/results/predictions/full/independent_rms/resnet/seed_17/bandpass_n20001_cLA_independent_rms_s0.npz,76052,1e031e8ed6ecda38b5e36c3f07811e79ca4d917da2b196de386813db4c22917c
resnet,independent_rms,17,bandpass_n20001_cLA_electrode_s20,phase2/results/predictions/full/independent_rms/resnet/seed_17/bandpass_n20001_cLA_electrode_s20.npz,76593,6c55de8f9ad8998d6d403b1d1ff0c2724f542be8b14b947b1b40a50e67b48870
resnet,independent_rms,17,bandpass_n20001_cLA_electrode_s15,phase2/results/predictions/full/independent_rms/resnet/seed_17/bandpass_n20001_cLA_electrode_s15.npz,76551,3e6ec787871eb453a919d0bd1298a36547ed98ba871611c3b693a783794513f2
resnet,independent_rms,17,bandpass_n20001_cLA_electrode_s10,phase2/results/predictions/full/independent_rms/resnet/seed_17/bandpass_n20001_cLA_electrode_s10.npz,76456,d691d6277e577a26b25d27efec89e3e3e99b8c013c902bc5399e4504a2ebb1e9
resnet,independent_rms,17,bandpass_n20001_cLA_electrode_s5,phase2/results/predictions/full/independent_rms/resnet/seed_17/bandpass_n20001_cLA_electrode_s5.npz,76257,790519241c5115c9fe7147e308e9ccb33f7cfef065a834033a7974f3db70d7e5
resnet,independent_rms,17,bandpass_n20001_cLA_electrode_s0,phase2/results/predictions/full/independent_rms/resnet/seed_17/bandpass_n20001_cLA_electrode_s0.npz,75797,9e3ee522e3a6e6471bb9c4ce55703136c95698b69a571bc1c57a14111987c7b5
resnet,independent_rms,17,bandpass_n20001_cLA_covariance_s20,phase2/results/predictions/full/independent_rms/resnet/seed_17/bandpass_n20001_cLA_covariance_s20.npz,76599,5252acf131d1f303e5882e591d98be4a07412d5d5f86e1d10fbdab7ef6ab5d0b
resnet,independent_rms,17,bandpass_n20001_cLA_covariance_s15,phase2/results/predictions/full/independent_rms/resnet/seed_17/bandpass_n20001_cLA_covariance_s15.npz,76570,cdc33d8bce7ce60424d6f2254b8e85aa8dac639bac50fade8be2807df50bbd6d
resnet,independent_rms,17,bandpass_n20001_cLA_covariance_s10,phase2/results/predictions/full/independent_rms/resnet/seed_17/bandpass_n20001_cLA_covariance_s10.npz,76426,fe12974e7a91ce8cc356ad76892d7ab0d0c85ffccf5d5277c9b1bead96d24a24
resnet,independent_rms,17,bandpass_n20001_cLA_covariance_s5,phase2/results/predictions/full/independent_rms/resnet/seed_17/bandpass_n20001_cLA_covariance_s5.npz,76252,91b71bab221af73c25323c2a03ff63065f170130acacf84abbf62ac38787a80a
resnet,independent_rms,17,bandpass_n20001_cLA_covariance_s0,phase2/results/predictions/full/independent_rms/resnet/seed_17/bandpass_n20001_cLA_covariance_s0.npz,75797,498fc53e4314ad627999485bf414073d8aa76aab01126b8f613710e96a78f049
resnet,independent_rms,17,bandpass_n20001_cLL_independent_rms_s20,phase2/results/predictions/full/independent_rms/resnet/seed_17/bandpass_n20001_cLL_independent_rms_s20.npz,76601,c2942280a13b5ddb8b360cf71590dcbba68a2851334c7e94e0e738e217cc25ec
resnet,independent_rms,17,bandpass_n20001_cLL_independent_rms_s15,phase2/results/predictions/full/independent_rms/resnet/seed_17/bandpass_n20001_cLL_independent_rms_s15.npz,76625,069adca008f4a5e7e204024678a05c416052e526ffb81ef51c7884504f2523ad
resnet,independent_rms,17,bandpass_n20001_cLL_independent_rms_s10,phase2/results/predictions/full/independent_rms/resnet/seed_17/bandpass_n20001_cLL_independent_rms_s10.npz,76497,034c10c362818e8091755f46cad2e051ee76b49eaa039ee90c929b1be1e3dec6
resnet,independent_rms,17,bandpass_n20001_cLL_independent_rms_s5,phase2/results/predictions/full/independent_rms/resnet/seed_17/bandpass_n20001_cLL_independent_rms_s5.npz,76315,6c4bfd1e53ebac56918d8d0eaf299f70d83a4147e842b3a0b5c9936265e45cf8
resnet,independent_rms,17,bandpass_n20001_cLL_independent_rms_s0,phase2/results/predictions/full/independent_rms/resnet/seed_17/bandpass_n20001_cLL_independent_rms_s0.npz,76064,ac073a1709dde8f2f81e00ccff95e353e33cb057f9f1eb4a58809018db37971a
resnet,independent_rms,17,bandpass_n20001_cLL_electrode_s20,phase2/results/predictions/full/independent_rms/resnet/seed_17/bandpass_n20001_cLL_electrode_s20.npz,76587,77fa9faa4cee19e9337ad4fd774e71ec472c34c9bf63aa903e2fda3fe73a6d3a
resnet,independent_rms,17,bandpass_n20001_cLL_electrode_s15,phase2/results/predictions/full/independent_rms/resnet/seed_17/bandpass_n20001_cLL_electrode_s15.npz,76500,37f9a23b0c9e3b7267e1a48460928abe747572ab5356803d80ad27c204e9b221
resnet,independent_rms,17,bandpass_n20001_cLL_electrode_s10,phase2/results/predictions/full/independent_rms/resnet/seed_17/bandpass_n20001_cLL_electrode_s10.npz,76382,f2d1f793818c0d2494a2fb695c72c2b597083427a0b4843935c02cd455482677
resnet,independent_rms,17,bandpass_n20001_cLL_electrode_s5,phase2/results/predictions/full/independent_rms/resnet/seed_17/bandpass_n20001_cLL_electrode_s5.npz,76194,90eaabae1c82bd795483227c7a5a218209ea25ff332d28eec6eb804a280e7179
resnet,independent_rms,17,bandpass_n20001_cLL_electrode_s0,phase2/results/predictions/full/independent_rms/resnet/seed_17/bandpass_n20001_cLL_electrode_s0.npz,75957,677294719d3d9018ba398860c691b60a09109e3805551be494a6adf0a1e46870
resnet,independent_rms,17,bandpass_n20001_cLL_covariance_s20,phase2/results/predictions/full/independent_rms/resnet/seed_17/bandpass_n20001_cLL_covariance_s20.npz,76596,a9a24a709df5755be31b7af073fe6bfc33e519c4c7c87b45d675839a5f62d379
resnet,independent_rms,17,bandpass_n20001_cLL_covariance_s15,phase2/results/predictions/full/independent_rms/resnet/seed_17/bandpass_n20001_cLL_covariance_s15.npz,76547,6b5462def9b1241072e524d9882b9e332df3f5ff6cf759821d9e1681b2ed41a9
resnet,independent_rms,17,bandpass_n20001_cLL_covariance_s10,phase2/results/predictions/full/independent_rms/resnet/seed_17/bandpass_n20001_cLL_covariance_s10.npz,76402,d7c19af38162bf32716b20f5ce17694e66ac908bddeb7fbbbfd4052c86b6fd2b
resnet,independent_rms,17,bandpass_n20001_cLL_covariance_s5,phase2/results/predictions/full/independent_rms/resnet/seed_17/bandpass_n20001_cLL_covariance_s5.npz,76170,598e98ac8ce4bd683fa74fcb114e84d2c0f06d91acdfe57fbaaf7d220a979c39
resnet,independent_rms,17,bandpass_n20001_cLL_covariance_s0,phase2/results/predictions/full/independent_rms/resnet/seed_17/bandpass_n20001_cLL_covariance_s0.npz,75955,3a3886e9b721d5e620d50e97439b550482a8471f0e3e137281b04002fad9a75e
resnet,independent_rms,17,bandpass_n20001_cRA_V1_independent_rms_s20,phase2/results/predictions/full/independent_rms/resnet/seed_17/bandpass_n20001_cRA_V1_independent_rms_s20.npz,76596,164debca9f12af9b8ade6ee3e911a5b1b4a58d0554ff7b32d9128c9bce888407
resnet,independent_rms,17,bandpass_n20001_cRA_V1_independent_rms_s15,phase2/results/predictions/full/independent_rms/resnet/seed_17/bandpass_n20001_cRA_V1_independent_rms_s15.npz,76577,523e884236f60e445f86edd97c46faf763f3e798aab296bf75c4e593399147c5
resnet,independent_rms,17,bandpass_n20001_cRA_V1_independent_rms_s10,phase2/results/predictions/full/independent_rms/resnet/seed_17/bandpass_n20001_cRA_V1_independent_rms_s10.npz,76526,0d061f06475add7d90ed7d19c870c7e6111b081e36b01e622245d6318deda0cb
resnet,independent_rms,17,bandpass_n20001_cRA_V1_independent_rms_s5,phase2/results/predictions/full/independent_rms/resnet/seed_17/bandpass_n20001_cRA_V1_independent_rms_s5.npz,76362,0c9ea7f3f5a1e7e9842a1b82f1a6b4ad31074957eed18c4efd9299997bea6134
resnet,independent_rms,17,bandpass_n20001_cRA_V1_independent_rms_s0,phase2/results/predictions/full/independent_rms/resnet/seed_17/bandpass_n20001_cRA_V1_independent_rms_s0.npz,76111,3ccbee080da2b0cd9c180202102569f1b0fa48cd555cf13c3108a4c84627ae52
resnet,independent_rms,17,bandpass_n20001_cRA_V1_electrode_s20,phase2/results/predictions/full/independent_rms/resnet/seed_17/bandpass_n20001_cRA_V1_electrode_s20.npz,76570,917be77259c2439df9ef0f14ac2b1b3cf16cf3999b91eaa14c3b11a73c9b0694
resnet,independent_rms,17,bandpass_n20001_cRA_V1_electrode_s15,phase2/results/predictions/full/independent_rms/resnet/seed_17/bandpass_n20001_cRA_V1_electrode_s15.npz,76543,938c8e986c360d11b21531685ce42a988d40fcb2233df7c002ea584ef4d88c62
resnet,independent_rms,17,bandpass_n20001_cRA_V1_electrode_s10,phase2/results/predictions/full/independent_rms/resnet/seed_17/bandpass_n20001_cRA_V1_electrode_s10.npz,76427,a68a3961390fbd37351439c5448c583f8980f91e81375f2773843d70ca1a409e
resnet,independent_rms,17,bandpass_n20001_cRA_V1_electrode_s5,phase2/results/predictions/full/independent_rms/resnet/seed_17/bandpass_n20001_cRA_V1_electrode_s5.npz,76260,cad09050d9b5fcaa15db654d263f9945f4d255813043e7787bb771b4cfb63ad6
resnet,independent_rms,17,bandpass_n20001_cRA_V1_electrode_s0,phase2/results/predictions/full/independent_rms/resnet/seed_17/bandpass_n20001_cRA_V1_electrode_s0.npz,75994,57c8dd920b7bcd7d193c0abe14b7e94a57633af9559223e7a70208cc14f8e6c8
resnet,independent_rms,17,bandpass_n20001_cRA_V1_covariance_s20,phase2/results/predictions/full/independent_rms/resnet/seed_17/bandpass_n20001_cRA_V1_covariance_s20.npz,76553,abcdd0a18ff58b6c8b89b528e6451b506739959de40420c2f07f69638001b8a8
resnet,independent_rms,17,bandpass_n20001_cRA_V1_covariance_s15,phase2/results/predictions/full/independent_rms/resnet/seed_17/bandpass_n20001_cRA_V1_covariance_s15.npz,76558,992f7813f8e822bae78ac20af0717d09b769060e18e4073602cb5e3de19db25b
resnet,independent_rms,17,bandpass_n20001_cRA_V1_covariance_s10,phase2/results/predictions/full/independent_rms/resnet/seed_17/bandpass_n20001_cRA_V1_covariance_s10.npz,76440,55139a364e23d95b187e0d25e2e26792caaeb042bfd25d781f477f4037bb0fe8
resnet,independent_rms,17,bandpass_n20001_cRA_V1_covariance_s5,phase2/results/predictions/full/independent_rms/resnet/seed_17/bandpass_n20001_cRA_V1_covariance_s5.npz,76239,3c6ae230ac56599bd85355ffe5542e0dbc92d6447f3d5d16e01eca3c8552b08c
resnet,independent_rms,17,bandpass_n20001_cRA_V1_covariance_s0,phase2/results/predictions/full/independent_rms/resnet/seed_17/bandpass_n20001_cRA_V1_covariance_s0.npz,75987,b833eb57d3489df1d9dc26b159641d16c31d7069ccb3c467edd4bdab2efc4638
resnet,independent_rms,17,bandpass_n20001_cLA_V6_independent_rms_s20,phase2/results/predictions/full/independent_rms/resnet/seed_17/bandpass_n20001_cLA_V6_independent_rms_s20.npz,76606,62d9201e581c840d1606ad652f239f368b9072369d42ade09e2eef9189bc6507
resnet,independent_rms,17,bandpass_n20001_cLA_V6_independent_rms_s15,phase2/results/predictions/full/independent_rms/resnet/seed_17/bandpass_n20001_cLA_V6_independent_rms_s15.npz,76602,2272b1787c25e9c2062a9e1e421e5721630e63d64d16f08cf9997b93a0f5382a
resnet,independent_rms,17,bandpass_n20001_cLA_V6_independent_rms_s10,phase2/results/predictions/full/independent_rms/resnet/seed_17/bandpass_n20001_cLA_V6_independent_rms_s10.npz,76554,8f92ea1034a8e0f9923eae71597d348dda111dd5acb4127d1866af3b6e7e5b61
resnet,independent_rms,17,bandpass_n20001_cLA_V6_independent_rms_s5,phase2/results/predictions/full/independent_rms/resnet/seed_17/bandpass_n20001_cLA_V6_independent_rms_s5.npz,76377,91a214e1c63ce1cf460fb195ab77e4d6483f4022d17aa10f12c4a7a010903a9d
resnet,independent_rms,17,bandpass_n20001_cLA_V6_independent_rms_s0,phase2/results/predictions/full/independent_rms/resnet/seed_17/bandpass_n20001_cLA_V6_independent_rms_s0.npz,76122,8651102231569531a628320661eb5016310177bc7a99a6cd768516cb4b285529
resnet,independent_rms,17,bandpass_n20001_cLA_V6_electrode_s20,phase2/results/predictions/full/independent_rms/resnet/seed_17/bandpass_n20001_cLA_V6_electrode_s20.npz,76632,5fa2c98b622dd6e300150336663be7f5c18a22dbf88bc369c72a463572ab28a8
resnet,independent_rms,17,bandpass_n20001_cLA_V6_electrode_s15,phase2/results/predictions/full/independent_rms/resnet/seed_17/bandpass_n20001_cLA_V6_electrode_s15.npz,76577,ddb3ce7df05accca0bb61aeea26de32c3063f5bd3e0cf75e2de822a7ff18a735
resnet,independent_rms,17,bandpass_n20001_cLA_V6_electrode_s10,phase2/results/predictions/full/independent_rms/resnet/seed_17/bandpass_n20001_cLA_V6_electrode_s10.npz,76510,a3f57343274cab5bcdbc30b7979f48f4868fe1a44f762c0046b9e1861ec3c4e4
resnet,independent_rms,17,bandpass_n20001_cLA_V6_electrode_s5,phase2/results/predictions/full/independent_rms/resnet/seed_17/bandpass_n20001_cLA_V6_electrode_s5.npz,76299,e24b815f5694345304b314203908fcdd70236311f5198a0814f52af417752a59
resnet,independent_rms,17,bandpass_n20001_cLA_V6_electrode_s0,phase2/results/predictions/full/independent_rms/resnet/seed_17/bandpass_n20001_cLA_V6_electrode_s0.npz,75900,a5f94a7d9b3e493c5ffe231a24de41fde455311260d9106beacc4943e1a27fe1
resnet,independent_rms,17,bandpass_n20001_cLA_V6_covariance_s20,phase2/results/predictions/full/independent_rms/resnet/seed_17/bandpass_n20001_cLA_V6_covariance_s20.npz,76611,550e3798eb60dd88c43576a73e08aae0830df856bee2a121e07b1940e6b5be4e
resnet,independent_rms,17,bandpass_n20001_cLA_V6_covariance_s15,phase2/results/predictions/full/independent_rms/resnet/seed_17/bandpass_n20001_cLA_V6_covariance_s15.npz,76562,bf9ff063eb486d16f9c3b7173acf5f6af809015d3f1d2250659ef989eba50cf9
resnet,independent_rms,17,bandpass_n20001_cLA_V6_covariance_s10,phase2/results/predictions/full/independent_rms/resnet/seed_17/bandpass_n20001_cLA_V6_covariance_s10.npz,76495,8858aa61dc11191a7112796ec5f27dc70f9e64a8fecddfd3164a40e610e11e5b
resnet,independent_rms,17,bandpass_n20001_cLA_V6_covariance_s5,phase2/results/predictions/full/independent_rms/resnet/seed_17/bandpass_n20001_cLA_V6_covariance_s5.npz,76318,494c7fc985205b84c3840425bcffab473881f056fce1fd9a02d9999516e3b93a
resnet,independent_rms,17,bandpass_n20001_cLA_V6_covariance_s0,phase2/results/predictions/full/independent_rms/resnet/seed_17/bandpass_n20001_cLA_V6_covariance_s0.npz,75899,396650f93c9b53913000593ce449b974d364a25163828544b25b9dbdac021688
resnet,independent_rms,17,bandpass_n20001_cLL_V4_independent_rms_s20,phase2/results/predictions/full/independent_rms/resnet/seed_17/bandpass_n20001_cLL_V4_independent_rms_s20.npz,76589,dc9051e42158fbea74d57392e504f2cc31588e620bfe18e21cc1392889ed4279
resnet,independent_rms,17,bandpass_n20001_cLL_V4_independent_rms_s15,phase2/results/predictions/full/independent_rms/resnet/seed_17/bandpass_n20001_cLL_V4_independent_rms_s15.npz,76590,5aa18ab5dd3798f4fc0ae403e31e46750fe77d9b0148fc780f16bdd93de97a47
resnet,independent_rms,17,bandpass_n20001_cLL_V4_independent_rms_s10,phase2/results/predictions/full/independent_rms/resnet/seed_17/bandpass_n20001_cLL_V4_independent_rms_s10.npz,76530,e9a847d06ee121242ca44310dd5310bd0eb7757d5dc4f144d3d8eef4bc5ee577
resnet,independent_rms,17,bandpass_n20001_cLL_V4_independent_rms_s5,phase2/results/predictions/full/independent_rms/resnet/seed_17/bandpass_n20001_cLL_V4_independent_rms_s5.npz,76366,ef6a14355f7a76c7c417352a3467bdd97c012398e45727e71c068258eac11656
resnet,independent_rms,17,bandpass_n20001_cLL_V4_independent_rms_s0,phase2/results/predictions/full/independent_rms/resnet/seed_17/bandpass_n20001_cLL_V4_independent_rms_s0.npz,76106,6154cbda130199944ddda7ca7b9d37215dca33b4e2bd83797550878e3d6322db
resnet,independent_rms,17,bandpass_n20001_cLL_V4_electrode_s20,phase2/results/predictions/full/independent_rms/resnet/seed_17/bandpass_n20001_cLL_V4_electrode_s20.npz,76580,775f471202f5d1cbd446f5b6eee2e70c95a93d9d58d540cc9eb854b0e89dfe1b
resnet,independent_rms,17,bandpass_n20001_cLL_V4_electrode_s15,phase2/results/predictions/full/independent_rms/resnet/seed_17/bandpass_n20001_cLL_V4_electrode_s15.npz,76520,4140dd5bb29942d36cf60fac912e59bd8d8a2e1a5c0a6cead11e57904e0366b5
resnet,independent_rms,17,bandpass_n20001_cLL_V4_electrode_s10,phase2/results/predictions/full/independent_rms/resnet/seed_17/bandpass_n20001_cLL_V4_electrode_s10.npz,76425,2ac4a4f42942ce6de8121a00069cf48039174fdf525c11e9334f58c2c161eda0
resnet,independent_rms,17,bandpass_n20001_cLL_V4_electrode_s5,phase2/results/predictions/full/independent_rms/resnet/seed_17/bandpass_n20001_cLL_V4_electrode_s5.npz,76235,ada0d4489b1fe444563813d672a5865edabccaf97c716849fe2d3f25ff93aac6
resnet,independent_rms,17,bandpass_n20001_cLL_V4_electrode_s0,phase2/results/predictions/full/independent_rms/resnet/seed_17/bandpass_n20001_cLL_V4_electrode_s0.npz,75947,83981cb1dfab4fd08016cfba5537bddbc284e002bd5003f585a2862f09e04084
resnet,independent_rms,17,bandpass_n20001_cLL_V4_covariance_s20,phase2/results/predictions/full/independent_rms/resnet/seed_17/bandpass_n20001_cLL_V4_covariance_s20.npz,76576,58d13c3e53c826d0710c3ce955f05bf6a3d9ba19c3521f2afc2e2fbac338129e
resnet,independent_rms,17,bandpass_n20001_cLL_V4_covariance_s15,phase2/results/predictions/full/independent_rms/resnet/seed_17/bandpass_n20001_cLL_V4_covariance_s15.npz,76565,2cf27f0d9c99c59406374a583ff1ab17543092afdedaca2e0f77b2ec4c519c4f
resnet,independent_rms,17,bandpass_n20001_cLL_V4_covariance_s10,phase2/results/predictions/full/independent_rms/resnet/seed_17/bandpass_n20001_cLL_V4_covariance_s10.npz,76444,d9e88afbdc0890f7144d11a88ae330f2803139df8b7e7e381ce8a629f027ac92
resnet,independent_rms,17,bandpass_n20001_cLL_V4_covariance_s5,phase2/results/predictions/full/independent_rms/resnet/seed_17/bandpass_n20001_cLL_V4_covariance_s5.npz,76232,f2ec766b16cb6d3dc9bcddd31c4a11e2d7861be2b1cd28fb11ec31f87b8adb40
resnet,independent_rms,17,bandpass_n20001_cLL_V4_covariance_s0,phase2/results/predictions/full/independent_rms/resnet/seed_17/bandpass_n20001_cLL_V4_covariance_s0.npz,75971,7f67cd0b5dc13471c118a0c3c3c9acbce59075e407a721c4e37927f17e9cd54e
resnet,independent_rms,17,bandpass_n20001_cRA_LA_V1_V6_independent_rms_s20,phase2/results/predictions/full/independent_rms/resnet/seed_17/bandpass_n20001_cRA_LA_V1_V6_independent_rms_s20.npz,76634,19d4ee05b7c6858e45be75a4e70a1ee4a5fed86ad37551f502d017e6745e2adc
resnet,independent_rms,17,bandpass_n20001_cRA_LA_V1_V6_independent_rms_s15,phase2/results/predictions/full/independent_rms/resnet/seed_17/bandpass_n20001_cRA_LA_V1_V6_independent_rms_s15.npz,76624,94cbf14aa08df9fe4988a3ed4522355d5fb83233e127484ac7e20a1c291bbf80
resnet,independent_rms,17,bandpass_n20001_cRA_LA_V1_V6_independent_rms_s10,phase2/results/predictions/full/independent_rms/resnet/seed_17/bandpass_n20001_cRA_LA_V1_V6_independent_rms_s10.npz,76565,d2c4a8ec3093643a88cb9c387931a7aa1274c3fbd1f711dcb4eca38727004ebf
resnet,independent_rms,17,bandpass_n20001_cRA_LA_V1_V6_independent_rms_s5,phase2/results/predictions/full/independent_rms/resnet/seed_17/bandpass_n20001_cRA_LA_V1_V6_independent_rms_s5.npz,76361,5dd51fdf94c2894e5842a6972e03623b2ac69ae5c8926f123ab2e6dd95b82a3f
resnet,independent_rms,17,bandpass_n20001_cRA_LA_V1_V6_independent_rms_s0,phase2/results/predictions/full/independent_rms/resnet/seed_17/bandpass_n20001_cRA_LA_V1_V6_independent_rms_s0.npz,76113,a5864126cf34c754764e2da838bdb4f5ebf923bfcc35b7fdbba856004d877a97
resnet,independent_rms,17,bandpass_n20001_cRA_LA_V1_V6_electrode_s20,phase2/results/predictions/full/independent_rms/resnet/seed_17/bandpass_n20001_cRA_LA_V1_V6_electrode_s20.npz,76607,d9a217cbbcc241b08de0a2e0038a842df5acd19607d7966adbba859e21dd0c34
resnet,independent_rms,17,bandpass_n20001_cRA_LA_V1_V6_electrode_s15,phase2/results/predictions/full/independent_rms/resnet/seed_17/bandpass_n20001_cRA_LA_V1_V6_electrode_s15.npz,76586,ff277f7731322f1965a1d799386d2aad5d1e4a2de276dd466725764bd15ec056
resnet,independent_rms,17,bandpass_n20001_cRA_LA_V1_V6_electrode_s10,phase2/results/predictions/full/independent_rms/resnet/seed_17/bandpass_n20001_cRA_LA_V1_V6_electrode_s10.npz,76453,2229c2691fecafb954787d3aafb6d6f26aa2f8817efb399f8bdd1e07e62c1279
resnet,independent_rms,17,bandpass_n20001_cRA_LA_V1_V6_electrode_s5,phase2/results/predictions/full/independent_rms/resnet/seed_17/bandpass_n20001_cRA_LA_V1_V6_electrode_s5.npz,76274,611690562e753d6b8c4b4d6d5c6462138d7a2457972c786e0e985c2e3fff8223
resnet,independent_rms,17,bandpass_n20001_cRA_LA_V1_V6_electrode_s0,phase2/results/predictions/full/independent_rms/resnet/seed_17/bandpass_n20001_cRA_LA_V1_V6_electrode_s0.npz,75976,ada1c55dc31c4d7aa2942ca9129a5f13833a7001dcb0d6856c8cc11da9aebda7
resnet,independent_rms,17,bandpass_n20001_cRA_LA_V1_V6_covariance_s20,phase2/results/predictions/full/independent_rms/resnet/seed_17/bandpass_n20001_cRA_LA_V1_V6_covariance_s20.npz,76628,d361c0b4043396ad769d283ee6d14e06a9ae389e8931f730c1ae5b8a5ebaaf6a
resnet,independent_rms,17,bandpass_n20001_cRA_LA_V1_V6_covariance_s15,phase2/results/predictions/full/independent_rms/resnet/seed_17/bandpass_n20001_cRA_LA_V1_V6_covariance_s15.npz,76575,4dd45f216b55e4e1d2e15dfd316f12d149b7fc8dda4e6739afe5f85cb99b9555
resnet,independent_rms,17,bandpass_n20001_cRA_LA_V1_V6_covariance_s10,phase2/results/predictions/full/independent_rms/resnet/seed_17/bandpass_n20001_cRA_LA_V1_V6_covariance_s10.npz,76444,ea0ad754a48381f388ef20bb7099194672f702b746fb054c04787ee60dcfb693
resnet,independent_rms,17,bandpass_n20001_cRA_LA_V1_V6_covariance_s5,phase2/results/predictions/full/independent_rms/resnet/seed_17/bandpass_n20001_cRA_LA_V1_V6_covariance_s5.npz,76268,92bd484bb99cf6c0cc3ffac8115d00007c5bc8833aab5000c61345e0b28734d9
resnet,independent_rms,17,bandpass_n20001_cRA_LA_V1_V6_covariance_s0,phase2/results/predictions/full/independent_rms/resnet/seed_17/bandpass_n20001_cRA_LA_V1_V6_covariance_s0.npz,75971,9d6c435d25cf762f2637df7a054ec0756812b77164d3c9598d28ab4be3682ac5
resnet,independent_rms,17,bandpass_n20001_cRA_V2_V5_independent_rms_s20,phase2/results/predictions/full/independent_rms/resnet/seed_17/bandpass_n20001_cRA_V2_V5_independent_rms_s20.npz,76598,b79978dc7f41586a3910808dd4c4dc7a1cf2a25155892102a3877d60621db1ad
resnet,independent_rms,17,bandpass_n20001_cRA_V2_V5_independent_rms_s15,phase2/results/predictions/full/independent_rms/resnet/seed_17/bandpass_n20001_cRA_V2_V5_independent_rms_s15.npz,76641,18fbe03b82688e6570160d3adacc1f21383fe1ebe5543d0c6ab26d3dce72c678
resnet,independent_rms,17,bandpass_n20001_cRA_V2_V5_independent_rms_s10,phase2/results/predictions/full/independent_rms/resnet/seed_17/bandpass_n20001_cRA_V2_V5_independent_rms_s10.npz,76503,0dc77e883cddeeb03b912b0b1bf775e811577376b082423c91d664bd67b36c62
resnet,independent_rms,17,bandpass_n20001_cRA_V2_V5_independent_rms_s5,phase2/results/predictions/full/independent_rms/resnet/seed_17/bandpass_n20001_cRA_V2_V5_independent_rms_s5.npz,76369,672d66ba262a2f93bec63210e87296bf2a374c1965d3f2a3d500a57879ec033b
resnet,independent_rms,17,bandpass_n20001_cRA_V2_V5_independent_rms_s0,phase2/results/predictions/full/independent_rms/resnet/seed_17/bandpass_n20001_cRA_V2_V5_independent_rms_s0.npz,76103,8b93b507cb5a4794654af0221f16a148831c999b4bcc9d0c9661a4c59587ddcd
resnet,independent_rms,17,bandpass_n20001_cRA_V2_V5_electrode_s20,phase2/results/predictions/full/independent_rms/resnet/seed_17/bandpass_n20001_cRA_V2_V5_electrode_s20.npz,76595,2ff5f2fca0b31c0afb2607c8a4abb0d2fdcbfa43605b00304314d021abcca2d6
resnet,independent_rms,17,bandpass_n20001_cRA_V2_V5_electrode_s15,phase2/results/predictions/full/independent_rms/resnet/seed_17/bandpass_n20001_cRA_V2_V5_electrode_s15.npz,76579,beb9d9b156eafe1e820f81a4487e79f7c68be5b9e99a117818f7fb60011071fd
resnet,independent_rms,17,bandpass_n20001_cRA_V2_V5_electrode_s10,phase2/results/predictions/full/independent_rms/resnet/seed_17/bandpass_n20001_cRA_V2_V5_electrode_s10.npz,76460,7fa27fb1c67c3ea62109e24520aae63ffe229e06efb59185c913b709fe5e6434
resnet,independent_rms,17,bandpass_n20001_cRA_V2_V5_electrode_s5,phase2/results/predictions/full/independent_rms/resnet/seed_17/bandpass_n20001_cRA_V2_V5_electrode_s5.npz,76256,e5f6ed265d8493b5592226a5fb0848f9ddc8e7c07a703c7c562f78e957bc29bd
resnet,independent_rms,17,bandpass_n20001_cRA_V2_V5_electrode_s0,phase2/results/predictions/full/independent_rms/resnet/seed_17/bandpass_n20001_cRA_V2_V5_electrode_s0.npz,76034,541373ad1b326503948be1a49f0ac1b8aaef806523ba2d0ec771ffff538769d7
resnet,independent_rms,17,bandpass_n20001_cRA_V2_V5_covariance_s20,phase2/results/predictions/full/independent_rms/resnet/seed_17/bandpass_n20001_cRA_V2_V5_covariance_s20.npz,76588,a4e845ee2d09738e64e5486adcf4800350f7b75799119a637701090cf87da384
resnet,independent_rms,17,bandpass_n20001_cRA_V2_V5_covariance_s15,phase2/results/predictions/full/independent_rms/resnet/seed_17/bandpass_n20001_cRA_V2_V5_covariance_s15.npz,76529,77b21daf668105c307c1840312e8e3c1c1e6b0fc67264e6fd4eefb464d504910
resnet,independent_rms,17,bandpass_n20001_cRA_V2_V5_covariance_s10,phase2/results/predictions/full/independent_rms/resnet/seed_17/bandpass_n20001_cRA_V2_V5_covariance_s10.npz,76442,64c2cd27e8f517e064d1c1dd6b91752259485f1fe07b6eab22ea0efce9d29232
resnet,independent_rms,17,bandpass_n20001_cRA_V2_V5_covariance_s5,phase2/results/predictions/full/independent_rms/resnet/seed_17/bandpass_n20001_cRA_V2_V5_covariance_s5.npz,76276,1828fc46fed0937113f55dd70b2f70e5dfd869cbe07216daeb6d1c217aa89100
resnet,independent_rms,17,bandpass_n20001_cRA_V2_V5_covariance_s0,phase2/results/predictions/full/independent_rms/resnet/seed_17/bandpass_n20001_cRA_V2_V5_covariance_s0.npz,76025,8bcb6bd9ee0c1f75ad291463709a3968706fc2131ce22e373c1f32f8fd186710
resnet,independent_rms,17,bandpass_n20001_cLA_V3_V6_independent_rms_s20,phase2/results/predictions/full/independent_rms/resnet/seed_17/bandpass_n20001_cLA_V3_V6_independent_rms_s20.npz,76613,dd137a33c8f4330d23ef907030b8daddedd0f92cf14e4550c6543b8a81455bc1
resnet,independent_rms,17,bandpass_n20001_cLA_V3_V6_independent_rms_s15,phase2/results/predictions/full/independent_rms/resnet/seed_17/bandpass_n20001_cLA_V3_V6_independent_rms_s15.npz,76609,83ffb98a1d0f77a6d57f64b409065b4ef0d9330b8006060e102eadc6a743b540
resnet,independent_rms,17,bandpass_n20001_cLA_V3_V6_independent_rms_s10,phase2/results/predictions/full/independent_rms/resnet/seed_17/bandpass_n20001_cLA_V3_V6_independent_rms_s10.npz,76542,89da7f208d99a9d27a652a02685ba199f98a53a6e13ab7a9a65592b4d895c88e
resnet,independent_rms,17,bandpass_n20001_cLA_V3_V6_independent_rms_s5,phase2/results/predictions/full/independent_rms/resnet/seed_17/bandpass_n20001_cLA_V3_V6_independent_rms_s5.npz,76398,5fb68d389f526cebf2d1e50ebed8953a220a85f59585eb6439ebca435cba6c99
resnet,independent_rms,17,bandpass_n20001_cLA_V3_V6_independent_rms_s0,phase2/results/predictions/full/independent_rms/resnet/seed_17/bandpass_n20001_cLA_V3_V6_independent_rms_s0.npz,76110,6f2d5d478d3d8b43d8c0da853eeb9e329f71a6572c125b79413dc8ac671e9fe2
resnet,independent_rms,17,bandpass_n20001_cLA_V3_V6_electrode_s20,phase2/results/predictions/full/independent_rms/resnet/seed_17/bandpass_n20001_cLA_V3_V6_electrode_s20.npz,76596,593cf4e7b4329f8360586c145e12f432959d6580139982ea60f850d7f6e95059
resnet,independent_rms,17,bandpass_n20001_cLA_V3_V6_electrode_s15,phase2/results/predictions/full/independent_rms/resnet/seed_17/bandpass_n20001_cLA_V3_V6_electrode_s15.npz,76585,38b5d094cae651bde5f2b1c48a0187871f4b36756347610594096c0687f9d5d2
resnet,independent_rms,17,bandpass_n20001_cLA_V3_V6_electrode_s10,phase2/results/predictions/full/independent_rms/resnet/seed_17/bandpass_n20001_cLA_V3_V6_electrode_s10.npz,76506,84c90a5ef7d38689188f2ce34607c2e9a65cd1ac537457cb9c5cbfeffff9abb7
resnet,independent_rms,17,bandpass_n20001_cLA_V3_V6_electrode_s5,phase2/results/predictions/full/independent_rms/resnet/seed_17/bandpass_n20001_cLA_V3_V6_electrode_s5.npz,76293,d3ae4c275f206526562557e7f613d1bbcc76205821cba8c52f02e93a32754fe3
resnet,independent_rms,17,bandpass_n20001_cLA_V3_V6_electrode_s0,phase2/results/predictions/full/independent_rms/resnet/seed_17/bandpass_n20001_cLA_V3_V6_electrode_s0.npz,75944,cf443c90ccb26f82921d954b1f5fc8ce8d32b45ae05c6fff107179ae48fd9e49
resnet,independent_rms,17,bandpass_n20001_cLA_V3_V6_covariance_s20,phase2/results/predictions/full/independent_rms/resnet/seed_17/bandpass_n20001_cLA_V3_V6_covariance_s20.npz,76584,4682b862fdcd940f1467f7165af8e0ba49651db5ea188ff3fb16a6220c228082
resnet,independent_rms,17,bandpass_n20001_cLA_V3_V6_covariance_s15,phase2/results/predictions/full/independent_rms/resnet/seed_17/bandpass_n20001_cLA_V3_V6_covariance_s15.npz,76561,9974aa870e286872cdbce5a62705e6e2a3f36bb40f874eb752617243416e597c
resnet,independent_rms,17,bandpass_n20001_cLA_V3_V6_covariance_s10,phase2/results/predictions/full/independent_rms/resnet/seed_17/bandpass_n20001_cLA_V3_V6_covariance_s10.npz,76508,7cc01dd28ada5d716b35b9486d21e0674055dbc3c4d11af13659c5f4b27e53a5
resnet,independent_rms,17,bandpass_n20001_cLA_V3_V6_covariance_s5,phase2/results/predictions/full/independent_rms/resnet/seed_17/bandpass_n20001_cLA_V3_V6_covariance_s5.npz,76298,e88214e72d6cdea5a3e3abd8b10086ac97fe758c06db78b305b86315f9a286cb
resnet,independent_rms,17,bandpass_n20001_cLA_V3_V6_covariance_s0,phase2/results/predictions/full/independent_rms/resnet/seed_17/bandpass_n20001_cLA_V3_V6_covariance_s0.npz,75915,4ec7603b00ef1c4cd58acd5130864f5aea9191e66073ac0bd09ffe5b829593a5
resnet,independent_rms,17,bandpass_n20001_cLL_V1_V4_independent_rms_s20,phase2/results/predictions/full/independent_rms/resnet/seed_17/bandpass_n20001_cLL_V1_V4_independent_rms_s20.npz,76613,61d708d9917ad029d86ddab87675029a3ba3e1ce59f3fdc78c3a295543c4b8a1
resnet,independent_rms,17,bandpass_n20001_cLL_V1_V4_independent_rms_s15,phase2/results/predictions/full/independent_rms/resnet/seed_17/bandpass_n20001_cLL_V1_V4_independent_rms_s15.npz,76601,d055727176cbe537e9e382972ebd7048be8549adfff591e780e181614f9f3990
resnet,independent_rms,17,bandpass_n20001_cLL_V1_V4_independent_rms_s10,phase2/results/predictions/full/independent_rms/resnet/seed_17/bandpass_n20001_cLL_V1_V4_independent_rms_s10.npz,76531,75de4c3d20dca819658a63b6d7acd23caa962ad60130d9f29c41623a225db556
resnet,independent_rms,17,bandpass_n20001_cLL_V1_V4_independent_rms_s5,phase2/results/predictions/full/independent_rms/resnet/seed_17/bandpass_n20001_cLL_V1_V4_independent_rms_s5.npz,76383,16917aa8d3d05c5359d1ad28f1cc85b16ec102a4d606f622da0d476dd33a5eec
resnet,independent_rms,17,bandpass_n20001_cLL_V1_V4_independent_rms_s0,phase2/results/predictions/full/independent_rms/resnet/seed_17/bandpass_n20001_cLL_V1_V4_independent_rms_s0.npz,76114,d1e8d5805df631732dc56e8517549b42b9207f79aa650fb17ec3d7ae3e0969b1
resnet,independent_rms,17,bandpass_n20001_cLL_V1_V4_electrode_s20,phase2/results/predictions/full/independent_rms/resnet/seed_17/bandpass_n20001_cLL_V1_V4_electrode_s20.npz,76603,1bae3eeee17104161be00cad055ed1522c7fb7dea6b5916b6b3772c6e0f21c64
resnet,independent_rms,17,bandpass_n20001_cLL_V1_V4_electrode_s15,phase2/results/predictions/full/independent_rms/resnet/seed_17/bandpass_n20001_cLL_V1_V4_electrode_s15.npz,76564,faa0a61b6e8bd93568b35b563156feb11438a121993f712ef68a6e82ee9a1f31
resnet,independent_rms,17,bandpass_n20001_cLL_V1_V4_electrode_s10,phase2/results/predictions/full/independent_rms/resnet/seed_17/bandpass_n20001_cLL_V1_V4_electrode_s10.npz,76456,fb72cd0f8bbc4052578686ba2b8e092c9747f178b8af9d9536d4aadeec072983
resnet,independent_rms,17,bandpass_n20001_cLL_V1_V4_electrode_s5,phase2/results/predictions/full/independent_rms/resnet/seed_17/bandpass_n20001_cLL_V1_V4_electrode_s5.npz,76248,373825035fda38e02d6f7229f63f208a54687ea1bbd575661d3b443885bcfb0f
resnet,independent_rms,17,bandpass_n20001_cLL_V1_V4_electrode_s0,phase2/results/predictions/full/independent_rms/resnet/seed_17/bandpass_n20001_cLL_V1_V4_electrode_s0.npz,75985,22a6050695d42e67279b681494fa97d0bd6525cd8b5fa4e3cd7a8b4f822d8396
resnet,independent_rms,17,bandpass_n20001_cLL_V1_V4_covariance_s20,phase2/results/predictions/full/independent_rms/resnet/seed_17/bandpass_n20001_cLL_V1_V4_covariance_s20.npz,76604,921e9c33e58691ae4e5f1877c3f980aa42a2a848ea5bc97fe77a455335fc6cb5
resnet,independent_rms,17,bandpass_n20001_cLL_V1_V4_covariance_s15,phase2/results/predictions/full/independent_rms/resnet/seed_17/bandpass_n20001_cLL_V1_V4_covariance_s15.npz,76568,ab36cc7d156795d5edda7cb48b00ae558903e9a4dd72ebc635d35dbd2c65111a
resnet,independent_rms,17,bandpass_n20001_cLL_V1_V4_covariance_s10,phase2/results/predictions/full/independent_rms/resnet/seed_17/bandpass_n20001_cLL_V1_V4_covariance_s10.npz,76458,663a3ba5382f644d9651cb6c47a72e98b368bfe496dbc03e9970c4c40b2675a4
resnet,independent_rms,17,bandpass_n20001_cLL_V1_V4_covariance_s5,phase2/results/predictions/full/independent_rms/resnet/seed_17/bandpass_n20001_cLL_V1_V4_covariance_s5.npz,76228,194e01945086a9c12981f52484639e84a8ae1b797ba8ee6ea5f391140db6d638
resnet,independent_rms,17,bandpass_n20001_cLL_V1_V4_covariance_s0,phase2/results/predictions/full/independent_rms/resnet/seed_17/bandpass_n20001_cLL_V1_V4_covariance_s0.npz,76008,710b274005987248b1896560d02b0cbe46ec9ceacae9ba56882f5251486e47d7
resnet,independent_rms,17,bandpass_n20001_call_independent_rms_s20,phase2/results/predictions/full/independent_rms/resnet/seed_17/bandpass_n20001_call_independent_rms_s20.npz,76579,e4c62c713402ce8ba75912f2598db1cdd2d2883803361429de314cb2fa337324
resnet,independent_rms,17,bandpass_n20001_call_independent_rms_s15,phase2/results/predictions/full/independent_rms/resnet/seed_17/bandpass_n20001_call_independent_rms_s15.npz,76584,d01d8dbf26efec1374b2a392c8b2830900fa4d5b3ccf5419444c7e03f0f8948a
resnet,independent_rms,17,bandpass_n20001_call_independent_rms_s10,phase2/results/predictions/full/independent_rms/resnet/seed_17/bandpass_n20001_call_independent_rms_s10.npz,76493,941c92e47ead925443e8cdc8a0b413f328a5a6b2701c19c006fcb7eaf67d8174
resnet,independent_rms,17,bandpass_n20001_call_independent_rms_s5,phase2/results/predictions/full/independent_rms/resnet/seed_17/bandpass_n20001_call_independent_rms_s5.npz,76329,341d9b1fd17ca7831158822549989452bd91f4a6cd32063ab1c39fd0879d995c
resnet,independent_rms,17,bandpass_n20001_call_independent_rms_s0,phase2/results/predictions/full/independent_rms/resnet/seed_17/bandpass_n20001_call_independent_rms_s0.npz,76081,6c945bc62f639c9e2129a0d1331c7e31069179c1919abca16e63809d9bce1513
resnet,independent_rms,17,bandpass_n20001_call_electrode_s20,phase2/results/predictions/full/independent_rms/resnet/seed_17/bandpass_n20001_call_electrode_s20.npz,76579,9e43ca456222c1ba0a5227863fd0820bd0581385d616f1482a4ca06b84e16d0d
resnet,independent_rms,17,bandpass_n20001_call_electrode_s15,phase2/results/predictions/full/independent_rms/resnet/seed_17/bandpass_n20001_call_electrode_s15.npz,76540,3a21e572cc99aa232945e69fa8d5e6e0dc5a79f0843a078c162931666650732e
resnet,independent_rms,17,bandpass_n20001_call_electrode_s10,phase2/results/predictions/full/independent_rms/resnet/seed_17/bandpass_n20001_call_electrode_s10.npz,76446,f25f6d588f8c7bbe823827f724fb9bf9a70edca71e54af1e72848a544f5be727
resnet,independent_rms,17,bandpass_n20001_call_electrode_s5,phase2/results/predictions/full/independent_rms/resnet/seed_17/bandpass_n20001_call_electrode_s5.npz,76229,1400d18e059488ee9da3748973ae7f1ac3f61c725c46c129cdc7a7b9256a6637
resnet,independent_rms,17,bandpass_n20001_call_electrode_s0,phase2/results/predictions/full/independent_rms/resnet/seed_17/bandpass_n20001_call_electrode_s0.npz,75892,556a1f1b41aa5a2c69a8e785b589f5bbd5eb286f1673de636d820f23ab964fea
resnet,independent_rms,17,bandpass_n20001_call_covariance_s20,phase2/results/predictions/full/independent_rms/resnet/seed_17/bandpass_n20001_call_covariance_s20.npz,76559,aa6b2df0627deaa8412fb1b749bbe7921d2c600b65838c5b0f6142a48147f8c0
resnet,independent_rms,17,bandpass_n20001_call_covariance_s15,phase2/results/predictions/full/independent_rms/resnet/seed_17/bandpass_n20001_call_covariance_s15.npz,76533,9eda717178d90395fc829cfefe066a2a481388ada7c7d5fbc15c2553d429663a
resnet,independent_rms,17,bandpass_n20001_call_covariance_s10,phase2/results/predictions/full/independent_rms/resnet/seed_17/bandpass_n20001_call_covariance_s10.npz,76473,f9256d46170f904621b7cf31457a664c7f6fa8c6b80b4e0f5c72ee33094b11bb
resnet,independent_rms,17,bandpass_n20001_call_covariance_s5,phase2/results/predictions/full/independent_rms/resnet/seed_17/bandpass_n20001_call_covariance_s5.npz,76244,76992a2d13c4be9c113bac807e53ac5c5d89bed738efa134d19ac5afc65cec69
resnet,independent_rms,17,bandpass_n20001_call_covariance_s0,phase2/results/predictions/full/independent_rms/resnet/seed_17/bandpass_n20001_call_covariance_s0.npz,75863,fa78c81b3044acab09bb5f52589ee383fe830f0c740fd14205e2286e1120b4fb
resnet,independent_rms,17,bandpass_n20002_cRA_LA_LL_independent_rms_s20,phase2/results/predictions/full/independent_rms/resnet/seed_17/bandpass_n20002_cRA_LA_LL_independent_rms_s20.npz,76611,58b55b1cea65e6089710e4c224797d7af8b723a678ec325578678e344b859eaa
resnet,independent_rms,17,bandpass_n20002_cRA_LA_LL_independent_rms_s15,phase2/results/predictions/full/independent_rms/resnet/seed_17/bandpass_n20002_cRA_LA_LL_independent_rms_s15.npz,76585,be491df7fec1c984120a0c0e5cb7d497f30233941a316e3ac3e425e5e99712d2
resnet,independent_rms,17,bandpass_n20002_cRA_LA_LL_independent_rms_s10,phase2/results/predictions/full/independent_rms/resnet/seed_17/bandpass_n20002_cRA_LA_LL_independent_rms_s10.npz,76517,be57cc8ad4c485b6ba87bebf3f9f22be266e2371d65456fbc8377400bc446c80
resnet,independent_rms,17,bandpass_n20002_cRA_LA_LL_independent_rms_s5,phase2/results/predictions/full/independent_rms/resnet/seed_17/bandpass_n20002_cRA_LA_LL_independent_rms_s5.npz,76346,da686d1520462cb67be160a3abc7b55e40e5b4eecbe3a7baf035cce085c91735
resnet,independent_rms,17,bandpass_n20002_cRA_LA_LL_independent_rms_s0,phase2/results/predictions/full/independent_rms/resnet/seed_17/bandpass_n20002_cRA_LA_LL_independent_rms_s0.npz,76056,9d821bc4d51a8ac9f9ce753c2fa650a208cc4d8b81fa5cc55e4ad9f9cb237903
resnet,independent_rms,17,bandpass_n20002_cRA_LA_LL_electrode_s20,phase2/results/predictions/full/independent_rms/resnet/seed_17/bandpass_n20002_cRA_LA_LL_electrode_s20.npz,76580,0eb3f209823dc21f5348f87e583fe40236e3082ef5d7c1d3c6300fd2d36f0430
resnet,independent_rms,17,bandpass_n20002_cRA_LA_LL_electrode_s15,phase2/results/predictions/full/independent_rms/resnet/seed_17/bandpass_n20002_cRA_LA_LL_electrode_s15.npz,76573,e0acd9657200543935dbfad40938cc467d3de28b2dd2845e0d5745d46dc3dd67
resnet,independent_rms,17,bandpass_n20002_cRA_LA_LL_electrode_s10,phase2/results/predictions/full/independent_rms/resnet/seed_17/bandpass_n20002_cRA_LA_LL_electrode_s10.npz,76406,266dcecc8f968883187335b4bf34683473d2ac8b4ebef1480ca593fdf8785908
resnet,independent_rms,17,bandpass_n20002_cRA_LA_LL_electrode_s5,phase2/results/predictions/full/independent_rms/resnet/seed_17/bandpass_n20002_cRA_LA_LL_electrode_s5.npz,76196,65c364b14d755a7cda6f286d0eab6a88e1db69da542b43bd0309d1908a6d8cb2
resnet,independent_rms,17,bandpass_n20002_cRA_LA_LL_electrode_s0,phase2/results/predictions/full/independent_rms/resnet/seed_17/bandpass_n20002_cRA_LA_LL_electrode_s0.npz,75805,6ebd542a5a4a7b28878bf883cf9ded5d98eaa9e5b55e74abf0aee367661790c8
resnet,independent_rms,17,bandpass_n20002_cRA_LA_LL_covariance_s20,phase2/results/predictions/full/independent_rms/resnet/seed_17/bandpass_n20002_cRA_LA_LL_covariance_s20.npz,76576,adafe0741a4dc3ac81d0fefbbace9485f5ae25edcb03d80881a1e778c3c4eb40
resnet,independent_rms,17,bandpass_n20002_cRA_LA_LL_covariance_s15,phase2/results/predictions/full/independent_rms/resnet/seed_17/bandpass_n20002_cRA_LA_LL_covariance_s15.npz,76536,a78b76f723059c663d2188a89eac97e4fa6410198e6a76f62b4b9e523b5b7b26
resnet,independent_rms,17,bandpass_n20002_cRA_LA_LL_covariance_s10,phase2/results/predictions/full/independent_rms/resnet/seed_17/bandpass_n20002_cRA_LA_LL_covariance_s10.npz,76430,1b12be931deb17247ae5457e4b91d45b21dbf29b1f4575f811b20885b07b503e
resnet,independent_rms,17,bandpass_n20002_cRA_LA_LL_covariance_s5,phase2/results/predictions/full/independent_rms/resnet/seed_17/bandpass_n20002_cRA_LA_LL_covariance_s5.npz,76235,e2372b7c6cd76ec9773455c6300bd12206484ce87f9625b37419f9c9fc9d500b
resnet,independent_rms,17,bandpass_n20002_cRA_LA_LL_covariance_s0,phase2/results/predictions/full/independent_rms/resnet/seed_17/bandpass_n20002_cRA_LA_LL_covariance_s0.npz,75818,9285c157ca587decc362266001cbd1606b49a282e0089c0dc497349e7b3b1485
resnet,independent_rms,17,bandpass_n20002_cV1_independent_rms_s20,phase2/results/predictions/full/independent_rms/resnet/seed_17/bandpass_n20002_cV1_independent_rms_s20.npz,76594,c281da3f53938e518eb571144d16249d6a68c831cfe9b78c826d1c022a01c7c4
resnet,independent_rms,17,bandpass_n20002_cV1_independent_rms_s15,phase2/results/predictions/full/independent_rms/resnet/seed_17/bandpass_n20002_cV1_independent_rms_s15.npz,76578,d83a831e51193428cdc0b7c18313f329fd0129ec819d73a60e353a4e22a8bf90
resnet,independent_rms,17,bandpass_n20002_cV1_independent_rms_s10,phase2/results/predictions/full/independent_rms/resnet/seed_17/bandpass_n20002_cV1_independent_rms_s10.npz,76520,0e573537baeae9c30f78ac0677123393f9d5117de6a5e2d1ea57443800205958
resnet,independent_rms,17,bandpass_n20002_cV1_independent_rms_s5,phase2/results/predictions/full/independent_rms/resnet/seed_17/bandpass_n20002_cV1_independent_rms_s5.npz,76379,55d3a2b5baf908fa1eb4a544bc69d933264d796a342d66f4329806739173c975
resnet,independent_rms,17,bandpass_n20002_cV1_independent_rms_s0,phase2/results/predictions/full/independent_rms/resnet/seed_17/bandpass_n20002_cV1_independent_rms_s0.npz,76113,42e462a4c990b096bd09396fff603de5c02fbde2476fa22044bfcbcf57edca66
resnet,independent_rms,17,bandpass_n20002_cV1_electrode_s20,phase2/results/predictions/full/independent_rms/resnet/seed_17/bandpass_n20002_cV1_electrode_s20.npz,76581,3fbeaee74789121d7c0b3109c7559630ac6f54f35604c78a646b734fad324625
resnet,independent_rms,17,bandpass_n20002_cV1_electrode_s15,phase2/results/predictions/full/independent_rms/resnet/seed_17/bandpass_n20002_cV1_electrode_s15.npz,76592,257311d3bb2925d0aa9ac79ff89510451f48e65ffb3564a744a141265627ee66
resnet,independent_rms,17,bandpass_n20002_cV1_electrode_s10,phase2/results/predictions/full/independent_rms/resnet/seed_17/bandpass_n20002_cV1_electrode_s10.npz,76488,5f5e91d075f7c27981ddd04f6adcced9e92f6f1c727370f435cd2b4a0a049600
resnet,independent_rms,17,bandpass_n20002_cV1_electrode_s5,phase2/results/predictions/full/independent_rms/resnet/seed_17/bandpass_n20002_cV1_electrode_s5.npz,76356,58a8a39c15aac885f1f730e0fd9673c11be3c0a4730b539976ae188ef4f63442
resnet,independent_rms,17,bandpass_n20002_cV1_electrode_s0,phase2/results/predictions/full/independent_rms/resnet/seed_17/bandpass_n20002_cV1_electrode_s0.npz,76075,364eb23df6d7c0c551fab047593bf992071587ac08da11170866f54e6c0e3b29
resnet,independent_rms,17,bandpass_n20002_cV1_covariance_s20,phase2/results/predictions/full/independent_rms/resnet/seed_17/bandpass_n20002_cV1_covariance_s20.npz,76587,e853c9a21896ceb9f729cd3eade2d783d6424482367d65efee63ac079ce52cf2
resnet,independent_rms,17,bandpass_n20002_cV1_covariance_s15,phase2/results/predictions/full/independent_rms/resnet/seed_17/bandpass_n20002_cV1_covariance_s15.npz,76571,a0fecf24eb4b438611a0a811769468c1826144306f7df88c656e3d3ada8951d1
resnet,independent_rms,17,bandpass_n20002_cV1_covariance_s10,phase2/results/predictions/full/independent_rms/resnet/seed_17/bandpass_n20002_cV1_covariance_s10.npz,76499,a141a83a87c4303bfba6d3a2133cfa1ffe4e8a6fc55963784c177afbb6513546
resnet,independent_rms,17,bandpass_n20002_cV1_covariance_s5,phase2/results/predictions/full/independent_rms/resnet/seed_17/bandpass_n20002_cV1_covariance_s5.npz,76347,7b6476a81b489036e95b7631619db731e98770767784cef02793acb8e4adfd40
resnet,independent_rms,17,bandpass_n20002_cV1_covariance_s0,phase2/results/predictions/full/independent_rms/resnet/seed_17/bandpass_n20002_cV1_covariance_s0.npz,76069,c38ce68e84e69741464d0d3625fee4c9eb9c024eb786e663e17aa0247d60cef0
resnet,independent_rms,17,bandpass_n20002_cV2_independent_rms_s20,phase2/results/predictions/full/independent_rms/resnet/seed_17/bandpass_n20002_cV2_independent_rms_s20.npz,76599,97eef8d4d809c27fd64861d3e453f505fe570e5112a4f1dcb8175950ca3a47ca
resnet,independent_rms,17,bandpass_n20002_cV2_independent_rms_s15,phase2/results/predictions/full/independent_rms/resnet/seed_17/bandpass_n20002_cV2_independent_rms_s15.npz,76595,279acea486c7475ce86cf2b619e0d368374786d867e9608e3c0d5ee27673635f
resnet,independent_rms,17,bandpass_n20002_cV2_independent_rms_s10,phase2/results/predictions/full/independent_rms/resnet/seed_17/bandpass_n20002_cV2_independent_rms_s10.npz,76507,de84663024afc0ba8bde7ef3b1479f1f9496934e866f36f60ca1de752a5d8e68
resnet,independent_rms,17,bandpass_n20002_cV2_independent_rms_s5,phase2/results/predictions/full/independent_rms/resnet/seed_17/bandpass_n20002_cV2_independent_rms_s5.npz,76374,4d07d582432bc72a03eeab8094ac423dbff3aba0c6d0c4ab6f895bd52cbae1ae
resnet,independent_rms,17,bandpass_n20002_cV2_independent_rms_s0,phase2/results/predictions/full/independent_rms/resnet/seed_17/bandpass_n20002_cV2_independent_rms_s0.npz,76142,7b1e5c72ebed042247987414885a505a61b3889a171c4eda329143c6eef71706
resnet,independent_rms,17,bandpass_n20002_cV2_electrode_s20,phase2/results/predictions/full/independent_rms/resnet/seed_17/bandpass_n20002_cV2_electrode_s20.npz,76586,0d01a828c913b02b2649b92b79f721a44ac7d5d6106a6603852a831c8a4c304e
resnet,independent_rms,17,bandpass_n20002_cV2_electrode_s15,phase2/results/predictions/full/independent_rms/resnet/seed_17/bandpass_n20002_cV2_electrode_s15.npz,76547,a1a671791a930f27683aeaf3406a2ee1335234091f319bf217a419b36686c3cb
resnet,independent_rms,17,bandpass_n20002_cV2_electrode_s10,phase2/results/predictions/full/independent_rms/resnet/seed_17/bandpass_n20002_cV2_electrode_s10.npz,76515,0190faa1f124e3f4ca6ea07eafd358a0aa7e7af8e8e3b8231ccec5074ef80a3b
resnet,independent_rms,17,bandpass_n20002_cV2_electrode_s5,phase2/results/predictions/full/independent_rms/resnet/seed_17/bandpass_n20002_cV2_electrode_s5.npz,76367,399675eb50a21e700a064855e59994a83992d6a4adee318dc063269f383eb890
resnet,independent_rms,17,bandpass_n20002_cV2_electrode_s0,phase2/results/predictions/full/independent_rms/resnet/seed_17/bandpass_n20002_cV2_electrode_s0.npz,76103,dc5a8b6131e06672b05d7156a5d643f11f7b2c2e58b712ce595288f95b08850c
resnet,independent_rms,17,bandpass_n20002_cV2_covariance_s20,phase2/results/predictions/full/independent_rms/resnet/seed_17/bandpass_n20002_cV2_covariance_s20.npz,76582,66ad13724592d41097074c7d9f2f74980feded75c5ecc4242978b8dcac670e69
resnet,independent_rms,17,bandpass_n20002_cV2_covariance_s15,phase2/results/predictions/full/independent_rms/resnet/seed_17/bandpass_n20002_cV2_covariance_s15.npz,76574,188a9586253fdb6eb657c87dc4e9a7f9a6f4a20305105b4e570b1687ae11da80
resnet,independent_rms,17,bandpass_n20002_cV2_covariance_s10,phase2/results/predictions/full/independent_rms/resnet/seed_17/bandpass_n20002_cV2_covariance_s10.npz,76531,9851f3be6d3fb1323181538dae6ebd2efe2e13ccc497453db921ce997974816c
resnet,independent_rms,17,bandpass_n20002_cV2_covariance_s5,phase2/results/predictions/full/independent_rms/resnet/seed_17/bandpass_n20002_cV2_covariance_s5.npz,76360,c77de942923c8f5d3085c168809894b4b9f7ed9921d6ba5f602ee13c37fe558d
resnet,independent_rms,17,bandpass_n20002_cV2_covariance_s0,phase2/results/predictions/full/independent_rms/resnet/seed_17/bandpass_n20002_cV2_covariance_s0.npz,76105,09f979b548b4b1bd83d9ee37aaa663dc85f23d813d295fc72f97b5a68ec968ed
resnet,independent_rms,17,bandpass_n20002_cV3_independent_rms_s20,phase2/results/predictions/full/independent_rms/resnet/seed_17/bandpass_n20002_cV3_independent_rms_s20.npz,76603,fd69889d8337a2319e7deaa2bded529549bcbbe53321f828b57a42f79dbbba71
resnet,independent_rms,17,bandpass_n20002_cV3_independent_rms_s15,phase2/results/predictions/full/independent_rms/resnet/seed_17/bandpass_n20002_cV3_independent_rms_s15.npz,76558,5c3cdeceb708715a28ce5124a9b04e65647f8d26de80dcd0c0a77dde13f974e7
resnet,independent_rms,17,bandpass_n20002_cV3_independent_rms_s10,phase2/results/predictions/full/independent_rms/resnet/seed_17/bandpass_n20002_cV3_independent_rms_s10.npz,76549,fb195095fcba75e97c0050da2e1ea85c80aab03ec425307e943b5592cc21e2b6
resnet,independent_rms,17,bandpass_n20002_cV3_independent_rms_s5,phase2/results/predictions/full/independent_rms/resnet/seed_17/bandpass_n20002_cV3_independent_rms_s5.npz,76417,0f54fd25bf4a507d6eb8555a6403b37720dbfc3962dc8a8a9b979d6313f4b623
resnet,independent_rms,17,bandpass_n20002_cV3_independent_rms_s0,phase2/results/predictions/full/independent_rms/resnet/seed_17/bandpass_n20002_cV3_independent_rms_s0.npz,76150,c28930be56cf061a85c661836f0d3cb42b0112bc4b55bae62eb7372da787cb89
resnet,independent_rms,17,bandpass_n20002_cV3_electrode_s20,phase2/results/predictions/full/independent_rms/resnet/seed_17/bandpass_n20002_cV3_electrode_s20.npz,76610,00cfafb57dacfeba3b8a69d2e46422bef5706b612d1cedc688e0f4b2073c9ab2
resnet,independent_rms,17,bandpass_n20002_cV3_electrode_s15,phase2/results/predictions/full/independent_rms/resnet/seed_17/bandpass_n20002_cV3_electrode_s15.npz,76580,25a0d2d26053e8b7b5b256430771954437d1678d14685372863bd0a104b483fe
resnet,independent_rms,17,bandpass_n20002_cV3_electrode_s10,phase2/results/predictions/full/independent_rms/resnet/seed_17/bandpass_n20002_cV3_electrode_s10.npz,76540,8fd9d299f584bee936e55fed7b8d9e1bbf777484dc107ae0087f6d1e2d319a24
resnet,independent_rms,17,bandpass_n20002_cV3_electrode_s5,phase2/results/predictions/full/independent_rms/resnet/seed_17/bandpass_n20002_cV3_electrode_s5.npz,76372,b57209eb0d9500611ef285b58f173571d5891e9c9946c99efcdb60eadc524efa
resnet,independent_rms,17,bandpass_n20002_cV3_electrode_s0,phase2/results/predictions/full/independent_rms/resnet/seed_17/bandpass_n20002_cV3_electrode_s0.npz,76153,f455a85225cf80b52d7cd8ec56c207a039459dd94a0d65da7ff9ec02c60c10eb
resnet,independent_rms,17,bandpass_n20002_cV3_covariance_s20,phase2/results/predictions/full/independent_rms/resnet/seed_17/bandpass_n20002_cV3_covariance_s20.npz,76570,38a72b4701a4c6928ae7e1249fecdc73667aa0fe66f43bc7b0fc987cd4eb0d07
resnet,independent_rms,17,bandpass_n20002_cV3_covariance_s15,phase2/results/predictions/full/independent_rms/resnet/seed_17/bandpass_n20002_cV3_covariance_s15.npz,76581,995694ad70180502c890631b9eed4ca6aef4bd2b795e68480eac0682e3196942
resnet,independent_rms,17,bandpass_n20002_cV3_covariance_s10,phase2/results/predictions/full/independent_rms/resnet/seed_17/bandpass_n20002_cV3_covariance_s10.npz,76570,024b75780b09ff139c8959300bbd4873209c72d4e5e3e5f9bc9452b5ba6f49ec
resnet,independent_rms,17,bandpass_n20002_cV3_covariance_s5,phase2/results/predictions/full/independent_rms/resnet/seed_17/bandpass_n20002_cV3_covariance_s5.npz,76408,de2b8f6429126793325bd25358cb6c941919c988bee6c41e530665bfbad246ea
resnet,independent_rms,17,bandpass_n20002_cV3_covariance_s0,phase2/results/predictions/full/independent_rms/resnet/seed_17/bandpass_n20002_cV3_covariance_s0.npz,76133,d8bb5ad5999ad6ec9414455948b882a2c059da4fbdb7a29e3223f05e2dddf9f3
resnet,independent_rms,17,bandpass_n20002_cV4_independent_rms_s20,phase2/results/predictions/full/independent_rms/resnet/seed_17/bandpass_n20002_cV4_independent_rms_s20.npz,76581,7be0ffd0438e93f183833320e481e9637dee6911c36d465b376170c42279ee21
resnet,independent_rms,17,bandpass_n20002_cV4_independent_rms_s15,phase2/results/predictions/full/independent_rms/resnet/seed_17/bandpass_n20002_cV4_independent_rms_s15.npz,76568,2e3476b6b6d1752ce9c402507f09cfa86030a4f1c9904ae25b6d7856c3e0705d
resnet,independent_rms,17,bandpass_n20002_cV4_independent_rms_s10,phase2/results/predictions/full/independent_rms/resnet/seed_17/bandpass_n20002_cV4_independent_rms_s10.npz,76564,d0d3894bc128f97bd3be841a088d87b9dfdf7258532d5b26e097d7a2f26881a6
resnet,independent_rms,17,bandpass_n20002_cV4_independent_rms_s5,phase2/results/predictions/full/independent_rms/resnet/seed_17/bandpass_n20002_cV4_independent_rms_s5.npz,76425,99be2ca34178ddfa373685ccd1e27cb38d740175b14b0db5284ae24be0824132
resnet,independent_rms,17,bandpass_n20002_cV4_independent_rms_s0,phase2/results/predictions/full/independent_rms/resnet/seed_17/bandpass_n20002_cV4_independent_rms_s0.npz,76256,4f183084ae3f09934bfed3f57633da33c419b09b0ea39051c42d406df434bfa4
resnet,independent_rms,17,bandpass_n20002_cV4_electrode_s20,phase2/results/predictions/full/independent_rms/resnet/seed_17/bandpass_n20002_cV4_electrode_s20.npz,76599,3152d6c9520aa53659e071a3cbc989e05177932394ee3a33c13962d0fedc2e7f
resnet,independent_rms,17,bandpass_n20002_cV4_electrode_s15,phase2/results/predictions/full/independent_rms/resnet/seed_17/bandpass_n20002_cV4_electrode_s15.npz,76569,1048e38b105afbb30284b36b5034428bc4a76e22f4e98fcf0b1a6f113db6967d
resnet,independent_rms,17,bandpass_n20002_cV4_electrode_s10,phase2/results/predictions/full/independent_rms/resnet/seed_17/bandpass_n20002_cV4_electrode_s10.npz,76538,0f30531279f3290352d0ba95f0b2c05ba5d53bb0edb19cc1570a4b6760624814
resnet,independent_rms,17,bandpass_n20002_cV4_electrode_s5,phase2/results/predictions/full/independent_rms/resnet/seed_17/bandpass_n20002_cV4_electrode_s5.npz,76420,ff28001606184b45c3366c5bcf11ab55fe9fcfa4f7f040800eb369370208bd9e
resnet,independent_rms,17,bandpass_n20002_cV4_electrode_s0,phase2/results/predictions/full/independent_rms/resnet/seed_17/bandpass_n20002_cV4_electrode_s0.npz,76256,89295fde65865216aa144239e34d27fdd09268083b9f5890acab10e1ce716cbc
resnet,independent_rms,17,bandpass_n20002_cV4_covariance_s20,phase2/results/predictions/full/independent_rms/resnet/seed_17/bandpass_n20002_cV4_covariance_s20.npz,76537,178e9ddef66c455acc24e5ef1ab30599e4ce0ac839f7afd959d1e971ee7b560a
resnet,independent_rms,17,bandpass_n20002_cV4_covariance_s15,phase2/results/predictions/full/independent_rms/resnet/seed_17/bandpass_n20002_cV4_covariance_s15.npz,76586,6b71d9c543a2f60635c46da2522fc37032e143499e76d2bfe09d1ad7ab4728d5
resnet,independent_rms,17,bandpass_n20002_cV4_covariance_s10,phase2/results/predictions/full/independent_rms/resnet/seed_17/bandpass_n20002_cV4_covariance_s10.npz,76516,807166d8c698be1917354d0ad23885ca0260d339452be305f4a4ca0cefd99240
resnet,independent_rms,17,bandpass_n20002_cV4_covariance_s5,phase2/results/predictions/full/independent_rms/resnet/seed_17/bandpass_n20002_cV4_covariance_s5.npz,76425,2a61722346f01484ba05c747ca1b99daad960caaed04f32de9ae998388f3f03c
resnet,independent_rms,17,bandpass_n20002_cV4_covariance_s0,phase2/results/predictions/full/independent_rms/resnet/seed_17/bandpass_n20002_cV4_covariance_s0.npz,76257,6ea110cacdae84de056cfb7fe987b265c5b4ac7102aabef2be62e090fe99e916
resnet,independent_rms,17,bandpass_n20002_cV5_independent_rms_s20,phase2/results/predictions/full/independent_rms/resnet/seed_17/bandpass_n20002_cV5_independent_rms_s20.npz,76603,5ff71be2a16198cb64b9e74600a45d290abba928f2d2947a9b3695ac200a5310
resnet,independent_rms,17,bandpass_n20002_cV5_independent_rms_s15,phase2/results/predictions/full/independent_rms/resnet/seed_17/bandpass_n20002_cV5_independent_rms_s15.npz,76555,aaf5f30de11fe9876e6bc3e274e68d5f5534f38ac54bc2ace8f2055745407d88
resnet,independent_rms,17,bandpass_n20002_cV5_independent_rms_s10,phase2/results/predictions/full/independent_rms/resnet/seed_17/bandpass_n20002_cV5_independent_rms_s10.npz,76514,a4d01ac8a6be1a11ab549b92f90cd4a07966eede0be3b4c50b804800f6aa3b03
resnet,independent_rms,17,bandpass_n20002_cV5_independent_rms_s5,phase2/results/predictions/full/independent_rms/resnet/seed_17/bandpass_n20002_cV5_independent_rms_s5.npz,76330,28b53c27454cd00e8b88696214117801c12040814a377ab8131cf2061a035a84
resnet,independent_rms,17,bandpass_n20002_cV5_independent_rms_s0,phase2/results/predictions/full/independent_rms/resnet/seed_17/bandpass_n20002_cV5_independent_rms_s0.npz,76036,90c904b23c22d353b6abb232c82e94bb55acd6d7071775c5e3d9fc28ee168be0
resnet,independent_rms,17,bandpass_n20002_cV5_electrode_s20,phase2/results/predictions/full/independent_rms/resnet/seed_17/bandpass_n20002_cV5_electrode_s20.npz,76566,16f1f5b4c7264461072a030503f0201a7da74c29eee0ed8fff52f33219662907
resnet,independent_rms,17,bandpass_n20002_cV5_electrode_s15,phase2/results/predictions/full/independent_rms/resnet/seed_17/bandpass_n20002_cV5_electrode_s15.npz,76557,f7ae8668edd98fcdd69a89ef6c1c9d849217009b25707f4119022072a2768123
resnet,independent_rms,17,bandpass_n20002_cV5_electrode_s10,phase2/results/predictions/full/independent_rms/resnet/seed_17/bandpass_n20002_cV5_electrode_s10.npz,76475,b35f58e25e8efc50815ac0dbafcfd3a69651d2eddf44626160d1b32e13b40b15
resnet,independent_rms,17,bandpass_n20002_cV5_electrode_s5,phase2/results/predictions/full/independent_rms/resnet/seed_17/bandpass_n20002_cV5_electrode_s5.npz,76357,40e75796883a4a5619411c30f30d2f405cc6dbf9db1fa6dedc28e093052c5421
resnet,independent_rms,17,bandpass_n20002_cV5_electrode_s0,phase2/results/predictions/full/independent_rms/resnet/seed_17/bandpass_n20002_cV5_electrode_s0.npz,76049,98feee975f1b9f19b9ed81217e1dbb3691885b08d6f5351eeed2ca2edb8f73b2
resnet,independent_rms,17,bandpass_n20002_cV5_covariance_s20,phase2/results/predictions/full/independent_rms/resnet/seed_17/bandpass_n20002_cV5_covariance_s20.npz,76608,87909f6177843c0f9fd46d3e869e2f0b98d705d9ea7798acd6c05bed32602215
resnet,independent_rms,17,bandpass_n20002_cV5_covariance_s15,phase2/results/predictions/full/independent_rms/resnet/seed_17/bandpass_n20002_cV5_covariance_s15.npz,76586,0d0212bd4f42246bd1ced7d0aa39ae2fa3b1a867f1cda3447b5a7785c24f1942
resnet,independent_rms,17,bandpass_n20002_cV5_covariance_s10,phase2/results/predictions/full/independent_rms/resnet/seed_17/bandpass_n20002_cV5_covariance_s10.npz,76544,f2f6ce54ad4f7e63d36a47d94d83a0f968cffd5e1a984e584cafb20650333b3f
resnet,independent_rms,17,bandpass_n20002_cV5_covariance_s5,phase2/results/predictions/full/independent_rms/resnet/seed_17/bandpass_n20002_cV5_covariance_s5.npz,76357,6fc932ff37b37a1c83d96db173a37a711269de73649e159dabeb2af7c103d37a
resnet,independent_rms,17,bandpass_n20002_cV5_covariance_s0,phase2/results/predictions/full/independent_rms/resnet/seed_17/bandpass_n20002_cV5_covariance_s0.npz,76022,c7c343ebfb0e91c1c116d398db42036a426d9107b5c48d5a7507fcb2b089a9c1
resnet,independent_rms,17,bandpass_n20002_cV6_independent_rms_s20,phase2/results/predictions/full/independent_rms/resnet/seed_17/bandpass_n20002_cV6_independent_rms_s20.npz,76587,112781592389cef9ecda2416e03ea7cdef983a8ce7cdecbbb5fc3c5762afd7ef
resnet,independent_rms,17,bandpass_n20002_cV6_independent_rms_s15,phase2/results/predictions/full/independent_rms/resnet/seed_17/bandpass_n20002_cV6_independent_rms_s15.npz,76610,804a4ea6bf02334ff1d416e1dae4351b4c78a3f38fe6f6f7e95aced08d23b0b6
resnet,independent_rms,17,bandpass_n20002_cV6_independent_rms_s10,phase2/results/predictions/full/independent_rms/resnet/seed_17/bandpass_n20002_cV6_independent_rms_s10.npz,76542,7b4d3248071cbbd9bc494fd2b7d8f4b18d0edf5f203a2dbcbf4c1b55e69132bb
resnet,independent_rms,17,bandpass_n20002_cV6_independent_rms_s5,phase2/results/predictions/full/independent_rms/resnet/seed_17/bandpass_n20002_cV6_independent_rms_s5.npz,76426,7c69b4f72eef3c7ae0edddaa6df720dec38e295ff16a315d325fa9ddf0f6b115
resnet,independent_rms,17,bandpass_n20002_cV6_independent_rms_s0,phase2/results/predictions/full/independent_rms/resnet/seed_17/bandpass_n20002_cV6_independent_rms_s0.npz,76199,ab76fb1246fba3b17240e83c579b9049d589b334c41204b96ab960c617270a96
resnet,independent_rms,17,bandpass_n20002_cV6_electrode_s20,phase2/results/predictions/full/independent_rms/resnet/seed_17/bandpass_n20002_cV6_electrode_s20.npz,76568,63f6a34e7a05d0d75e23006aae96ba14046060624db1bb99e6c229b4bf89d153
resnet,independent_rms,17,bandpass_n20002_cV6_electrode_s15,phase2/results/predictions/full/independent_rms/resnet/seed_17/bandpass_n20002_cV6_electrode_s15.npz,76562,67cd8ed5ee6ff60b2e7a3d342b2139ec4a5fc6803e19592ddbab49e8fb301651
resnet,independent_rms,17,bandpass_n20002_cV6_electrode_s10,phase2/results/predictions/full/independent_rms/resnet/seed_17/bandpass_n20002_cV6_electrode_s10.npz,76484,1a5e1b447ad517d4a2f37c2aa528b376926f57b896182a2756094819f859e914
resnet,independent_rms,17,bandpass_n20002_cV6_electrode_s5,phase2/results/predictions/full/independent_rms/resnet/seed_17/bandpass_n20002_cV6_electrode_s5.npz,76382,fb0c829c58fd93f5452436b185c6dd09ec58aa9ee4fa1c776e4ff62308ad12e0
resnet,independent_rms,17,bandpass_n20002_cV6_electrode_s0,phase2/results/predictions/full/independent_rms/resnet/seed_17/bandpass_n20002_cV6_electrode_s0.npz,76195,db7d8aac924941b4054bb7762c590e95c19748b00065841540c56c1471b869d0
resnet,independent_rms,17,bandpass_n20002_cV6_covariance_s20,phase2/results/predictions/full/independent_rms/resnet/seed_17/bandpass_n20002_cV6_covariance_s20.npz,76577,da13a2e095b500d2ff9859b294dcd415f32d6e1712ae59675b507f021c1a2bd7
resnet,independent_rms,17,bandpass_n20002_cV6_covariance_s15,phase2/results/predictions/full/independent_rms/resnet/seed_17/bandpass_n20002_cV6_covariance_s15.npz,76577,575cc2ca7b9f329f7bad84b10f6653e58adfa9eaac58ce40d9ae1a29bd7f0178
resnet,independent_rms,17,bandpass_n20002_cV6_covariance_s10,phase2/results/predictions/full/independent_rms/resnet/seed_17/bandpass_n20002_cV6_covariance_s10.npz,76521,f81baa878465372c30484d2952a6feec4cb08585a19d3b84d7c05572164f325b
resnet,independent_rms,17,bandpass_n20002_cV6_covariance_s5,phase2/results/predictions/full/independent_rms/resnet/seed_17/bandpass_n20002_cV6_covariance_s5.npz,76368,5536796aae58e529bf15a8cda06cde8db901f17049362cef2b44b13b5cefe3f9
resnet,independent_rms,17,bandpass_n20002_cV6_covariance_s0,phase2/results/predictions/full/independent_rms/resnet/seed_17/bandpass_n20002_cV6_covariance_s0.npz,76191,c2521f700472d21f2ce5be5c4a9542daea4235042c96e675af70d896e615a54a
resnet,independent_rms,17,bandpass_n20002_cRA_LA_independent_rms_s20,phase2/results/predictions/full/independent_rms/resnet/seed_17/bandpass_n20002_cRA_LA_independent_rms_s20.npz,76584,71e985516bb1cb9ab621aa2b02acc8a15f5025370d001de250af4c980aefdd48
resnet,independent_rms,17,bandpass_n20002_cRA_LA_independent_rms_s15,phase2/results/predictions/full/independent_rms/resnet/seed_17/bandpass_n20002_cRA_LA_independent_rms_s15.npz,76574,8ff44bca441900c7eeca075df4f4b8150a22153fb33841eaa51c168456da4392
resnet,independent_rms,17,bandpass_n20002_cRA_LA_independent_rms_s10,phase2/results/predictions/full/independent_rms/resnet/seed_17/bandpass_n20002_cRA_LA_independent_rms_s10.npz,76529,3fcc45d7f2371d2963f50ff0d64c26a87c38569bbb3b9f8cc2b7d27ea8b7b492
resnet,independent_rms,17,bandpass_n20002_cRA_LA_independent_rms_s5,phase2/results/predictions/full/independent_rms/resnet/seed_17/bandpass_n20002_cRA_LA_independent_rms_s5.npz,76357,bbd38dd702fef2cb486dbc85e1699460a500c87a6fac6c0cc0bcdd759ed161d1
resnet,independent_rms,17,bandpass_n20002_cRA_LA_independent_rms_s0,phase2/results/predictions/full/independent_rms/resnet/seed_17/bandpass_n20002_cRA_LA_independent_rms_s0.npz,76076,cb0b64015d954567d11e73531e67d64c2af66131d5cd4f5faebb686d9ef89a68
resnet,independent_rms,17,bandpass_n20002_cRA_LA_electrode_s20,phase2/results/predictions/full/independent_rms/resnet/seed_17/bandpass_n20002_cRA_LA_electrode_s20.npz,76593,488f68bb59811a6f91732cac4d288f46302585946e4cdb74bbd84590997cf4c3
resnet,independent_rms,17,bandpass_n20002_cRA_LA_electrode_s15,phase2/results/predictions/full/independent_rms/resnet/seed_17/bandpass_n20002_cRA_LA_electrode_s15.npz,76574,f53ac673f9b3ffbb5273c2c06adda4e933b0064df4a973e41f8b85720c8f3a65
resnet,independent_rms,17,bandpass_n20002_cRA_LA_electrode_s10,phase2/results/predictions/full/independent_rms/resnet/seed_17/bandpass_n20002_cRA_LA_electrode_s10.npz,76417,1494bb46d72cb2196f803f061bb08d076f9ef57fcf240211a85150884d096204
resnet,independent_rms,17,bandpass_n20002_cRA_LA_electrode_s5,phase2/results/predictions/full/independent_rms/resnet/seed_17/bandpass_n20002_cRA_LA_electrode_s5.npz,76209,038561d9555fc379e140bc62ee3eb9c7ab5f0ec74c26073a97e39cac12eb7ebf
resnet,independent_rms,17,bandpass_n20002_cRA_LA_electrode_s0,phase2/results/predictions/full/independent_rms/resnet/seed_17/bandpass_n20002_cRA_LA_electrode_s0.npz,75895,da2af0ade4fd5dfb2b5243a6aa175bcea8ca9e7ff6410f5ff4637db9b5cc21a1
resnet,independent_rms,17,bandpass_n20002_cRA_LA_covariance_s20,phase2/results/predictions/full/independent_rms/resnet/seed_17/bandpass_n20002_cRA_LA_covariance_s20.npz,76568,a875f643577d69ff1b2fcdbe3d63132e96304df435a1c3805d938cab050e9793
resnet,independent_rms,17,bandpass_n20002_cRA_LA_covariance_s15,phase2/results/predictions/full/independent_rms/resnet/seed_17/bandpass_n20002_cRA_LA_covariance_s15.npz,76572,5b23c39737677540de651ca0aeace135bc9efc68cbea8000b49c5cee3dd56c91
resnet,independent_rms,17,bandpass_n20002_cRA_LA_covariance_s10,phase2/results/predictions/full/independent_rms/resnet/seed_17/bandpass_n20002_cRA_LA_covariance_s10.npz,76436,73bee08cf47593d893350ae6d3cd15428ce67698962704ef97891e9dc5b9ba36
resnet,independent_rms,17,bandpass_n20002_cRA_LA_covariance_s5,phase2/results/predictions/full/independent_rms/resnet/seed_17/bandpass_n20002_cRA_LA_covariance_s5.npz,76205,540c12953133d145ede6b14d37adb0bf2d1595260d2c40a5e93dd36423b0a9af
resnet,independent_rms,17,bandpass_n20002_cRA_LA_covariance_s0,phase2/results/predictions/full/independent_rms/resnet/seed_17/bandpass_n20002_cRA_LA_covariance_s0.npz,75876,eb3525bb51253762cceed47ccf5ca7209cece4164ce769f54a0780e59b4e2277
resnet,independent_rms,17,bandpass_n20002_cLA_LL_independent_rms_s20,phase2/results/predictions/full/independent_rms/resnet/seed_17/bandpass_n20002_cLA_LL_independent_rms_s20.npz,76584,1fdf61d9c4d0a8f649dadf9baa39e4e9bc0404a1854755e12abdf8135d57191b
resnet,independent_rms,17,bandpass_n20002_cLA_LL_independent_rms_s15,phase2/results/predictions/full/independent_rms/resnet/seed_17/bandpass_n20002_cLA_LL_independent_rms_s15.npz,76603,d52fd81e06a82987311e1288f4f1d1e61f162b9e321ea9d8691aaa2d60b54c57
resnet,independent_rms,17,bandpass_n20002_cLA_LL_independent_rms_s10,phase2/results/predictions/full/independent_rms/resnet/seed_17/bandpass_n20002_cLA_LL_independent_rms_s10.npz,76531,567f0faa631c6220f2ec26c9bfd95c011e5d71f992c971558cccbd536a81c498
resnet,independent_rms,17,bandpass_n20002_cLA_LL_independent_rms_s5,phase2/results/predictions/full/independent_rms/resnet/seed_17/bandpass_n20002_cLA_LL_independent_rms_s5.npz,76314,6f7a8390bea429f195ab454023166b9e3eb04891b29c25d5c918db8055cccd57
resnet,independent_rms,17,bandpass_n20002_cLA_LL_independent_rms_s0,phase2/results/predictions/full/independent_rms/resnet/seed_17/bandpass_n20002_cLA_LL_independent_rms_s0.npz,76050,cb74770c26ad16aba79666e7137468151ac266825b434dceca0a5afeeb21e7f5
resnet,independent_rms,17,bandpass_n20002_cLA_LL_electrode_s20,phase2/results/predictions/full/independent_rms/resnet/seed_17/bandpass_n20002_cLA_LL_electrode_s20.npz,76568,6278659e33750f3d08326364b2fc28a73e47c912cc8c6a1ae4744e6f082ea040
resnet,independent_rms,17,bandpass_n20002_cLA_LL_electrode_s15,phase2/results/predictions/full/independent_rms/resnet/seed_17/bandpass_n20002_cLA_LL_electrode_s15.npz,76540,e02cb87aea470a06ae60d0b120cfa43581188d27b507633d16bb8dea3962848c
resnet,independent_rms,17,bandpass_n20002_cLA_LL_electrode_s10,phase2/results/predictions/full/independent_rms/resnet/seed_17/bandpass_n20002_cLA_LL_electrode_s10.npz,76427,dfe79d4ef95e5e56063f94ede7a09e4945c7059645dd69b3c82a4ad254a25192
resnet,independent_rms,17,bandpass_n20002_cLA_LL_electrode_s5,phase2/results/predictions/full/independent_rms/resnet/seed_17/bandpass_n20002_cLA_LL_electrode_s5.npz,76226,6570e47014a60d0d56118551b47e213fde87818f154015309a02cf840a683476
resnet,independent_rms,17,bandpass_n20002_cLA_LL_electrode_s0,phase2/results/predictions/full/independent_rms/resnet/seed_17/bandpass_n20002_cLA_LL_electrode_s0.npz,75840,b468cfd697100e158536f8ba1e77631e237bc4c53e3c603992d1e1081c8714c7
resnet,independent_rms,17,bandpass_n20002_cLA_LL_covariance_s20,phase2/results/predictions/full/independent_rms/resnet/seed_17/bandpass_n20002_cLA_LL_covariance_s20.npz,76597,57c4faeb440a47977daccb421f65c1dca430a1c69ddb3cc65f7bb7c9956a5179
resnet,independent_rms,17,bandpass_n20002_cLA_LL_covariance_s15,phase2/results/predictions/full/independent_rms/resnet/seed_17/bandpass_n20002_cLA_LL_covariance_s15.npz,76567,03dd845b059ccc82c63255e3fcb7ccfb6e9a921efea000ea893a8f3281fd8212
resnet,independent_rms,17,bandpass_n20002_cLA_LL_covariance_s10,phase2/results/predictions/full/independent_rms/resnet/seed_17/bandpass_n20002_cLA_LL_covariance_s10.npz,76455,7e6f0a9d28e829ca42bb7aa649373083a669754824fd0d43feac1910477eaef6
resnet,independent_rms,17,bandpass_n20002_cLA_LL_covariance_s5,phase2/results/predictions/full/independent_rms/resnet/seed_17/bandpass_n20002_cLA_LL_covariance_s5.npz,76205,1e3f5922d342bf0caa07339e5b12c3adb2fb7536bdb684aee130316199a1cada
resnet,independent_rms,17,bandpass_n20002_cLA_LL_covariance_s0,phase2/results/predictions/full/independent_rms/resnet/seed_17/bandpass_n20002_cLA_LL_covariance_s0.npz,75860,1a4a27fce7eaa26e0cfaab3150fdc709e266ddf0cabda639617621b080f3751a
resnet,independent_rms,17,bandpass_n20002_cRA_LL_independent_rms_s20,phase2/results/predictions/full/independent_rms/resnet/seed_17/bandpass_n20002_cRA_LL_independent_rms_s20.npz,76595,61d96ee3138d86aac658128d13e1aedc61a4ab9d4227ce1b1154580d4af39b48
resnet,independent_rms,17,bandpass_n20002_cRA_LL_independent_rms_s15,phase2/results/predictions/full/independent_rms/resnet/seed_17/bandpass_n20002_cRA_LL_independent_rms_s15.npz,76578,bc48b33d70fdcc354e56d412c08b0b8789615da0363864fdf72ecc0960978058
resnet,independent_rms,17,bandpass_n20002_cRA_LL_independent_rms_s10,phase2/results/predictions/full/independent_rms/resnet/seed_17/bandpass_n20002_cRA_LL_independent_rms_s10.npz,76491,f5e3590920ac68caa66782bc9463dca36a3457b056fa71508671947202d58cd3
resnet,independent_rms,17,bandpass_n20002_cRA_LL_independent_rms_s5,phase2/results/predictions/full/independent_rms/resnet/seed_17/bandpass_n20002_cRA_LL_independent_rms_s5.npz,76348,990e0b523fd033563479a3568796666d61057da7b47a13ee008a8f8d07008de9
resnet,independent_rms,17,bandpass_n20002_cRA_LL_independent_rms_s0,phase2/results/predictions/full/independent_rms/resnet/seed_17/bandpass_n20002_cRA_LL_independent_rms_s0.npz,76037,7b0e0d098836de9c04758f6d2851a9ffb1aa07dfc0ff698e15d273c66868df95
resnet,independent_rms,17,bandpass_n20002_cRA_LL_electrode_s20,phase2/results/predictions/full/independent_rms/resnet/seed_17/bandpass_n20002_cRA_LL_electrode_s20.npz,76593,920db1307095500c7d3f6f59993701b78a82a8fc7a0273b2aee478b8efe0123a
resnet,independent_rms,17,bandpass_n20002_cRA_LL_electrode_s15,phase2/results/predictions/full/independent_rms/resnet/seed_17/bandpass_n20002_cRA_LL_electrode_s15.npz,76495,4fb17d0ea7819d4a3dffb784fe1819e4b31a8bb82827e87a507a832706c69847
resnet,independent_rms,17,bandpass_n20002_cRA_LL_electrode_s10,phase2/results/predictions/full/independent_rms/resnet/seed_17/bandpass_n20002_cRA_LL_electrode_s10.npz,76373,66e27605db30463d9f71df069d0c534828d9a06c604607f3f978aab676dbbe96
resnet,independent_rms,17,bandpass_n20002_cRA_LL_electrode_s5,phase2/results/predictions/full/independent_rms/resnet/seed_17/bandpass_n20002_cRA_LL_electrode_s5.npz,76217,da43089b913bb21b79b1c74faf31879c0ea26334277a830d32b070a48070563e
resnet,independent_rms,17,bandpass_n20002_cRA_LL_electrode_s0,phase2/results/predictions/full/independent_rms/resnet/seed_17/bandpass_n20002_cRA_LL_electrode_s0.npz,75822,e029c4b1784d66af1732d3a2398cf1a705adf7affc92c9e8289aad791cc068c7
resnet,independent_rms,17,bandpass_n20002_cRA_LL_covariance_s20,phase2/results/predictions/full/independent_rms/resnet/seed_17/bandpass_n20002_cRA_LL_covariance_s20.npz,76593,145ae463768d3201d66fdaf4cd86abaa5f6353828519ab45f16b58b9bbfb39d6
resnet,independent_rms,17,bandpass_n20002_cRA_LL_covariance_s15,phase2/results/predictions/full/independent_rms/resnet/seed_17/bandpass_n20002_cRA_LL_covariance_s15.npz,76538,d13c1d0cd542482b16439be9e1d38c38ff2baef5f3eafd54c186436f67cc93ac
resnet,independent_rms,17,bandpass_n20002_cRA_LL_covariance_s10,phase2/results/predictions/full/independent_rms/resnet/seed_17/bandpass_n20002_cRA_LL_covariance_s10.npz,76409,0416198b049cec51cb22676b2860b7fae8868b5a7d64705d1695b62a269015fa
resnet,independent_rms,17,bandpass_n20002_cRA_LL_covariance_s5,phase2/results/predictions/full/independent_rms/resnet/seed_17/bandpass_n20002_cRA_LL_covariance_s5.npz,76185,cbe55adbc2b4aaab3fbe043d41ab511ac0fe3d96bd9d404826e3acb2eab98f9b
resnet,independent_rms,17,bandpass_n20002_cRA_LL_covariance_s0,phase2/results/predictions/full/independent_rms/resnet/seed_17/bandpass_n20002_cRA_LL_covariance_s0.npz,75816,45a5a4add83c14add029abaf3f8141434b04275e02f6219a831b7863ebbba015
resnet,independent_rms,17,bandpass_n20002_cRA_independent_rms_s20,phase2/results/predictions/full/independent_rms/resnet/seed_17/bandpass_n20002_cRA_independent_rms_s20.npz,76603,e165f9bf3dea0bd9c88737c7844ef269762c7ee8493efdfaa4dfc8c53d54d2dd
resnet,independent_rms,17,bandpass_n20002_cRA_independent_rms_s15,phase2/results/predictions/full/independent_rms/resnet/seed_17/bandpass_n20002_cRA_independent_rms_s15.npz,76573,91ac93551c0f2d2aa2e8d457419212c84f52a08d1645f6c4218938a091f54868
resnet,independent_rms,17,bandpass_n20002_cRA_independent_rms_s10,phase2/results/predictions/full/independent_rms/resnet/seed_17/bandpass_n20002_cRA_independent_rms_s10.npz,76467,180c3d8aa5a76be25d76c7ce1ce18a8a45b07106d43a2e4ead2e64431c807fc6
resnet,independent_rms,17,bandpass_n20002_cRA_independent_rms_s5,phase2/results/predictions/full/independent_rms/resnet/seed_17/bandpass_n20002_cRA_independent_rms_s5.npz,76343,0170f711aa779ff77cc47b1272e2040ae2e1d55ab0f7d31e087f0e399659715a
resnet,independent_rms,17,bandpass_n20002_cRA_independent_rms_s0,phase2/results/predictions/full/independent_rms/resnet/seed_17/bandpass_n20002_cRA_independent_rms_s0.npz,76065,f7155a480ea0ab01e6dc158fbc17035b5fb100c38a6419c3c08d37471a3ae446
resnet,independent_rms,17,bandpass_n20002_cRA_electrode_s20,phase2/results/predictions/full/independent_rms/resnet/seed_17/bandpass_n20002_cRA_electrode_s20.npz,76597,65f8c80bfa84105ec66cc5808712552f5034a6dceae21a94a6e31e081f02b5f8
resnet,independent_rms,17,bandpass_n20002_cRA_electrode_s15,phase2/results/predictions/full/independent_rms/resnet/seed_17/bandpass_n20002_cRA_electrode_s15.npz,76543,665cab1f74257fd6c77ec343bcab3ea51084aef2c3afbe0a194ef604ca395d6f
resnet,independent_rms,17,bandpass_n20002_cRA_electrode_s10,phase2/results/predictions/full/independent_rms/resnet/seed_17/bandpass_n20002_cRA_electrode_s10.npz,76433,2330f2ff45c1ae23b0caa5acdec5db043d254b0137fb9bec892790eba9f22cd0
resnet,independent_rms,17,bandpass_n20002_cRA_electrode_s5,phase2/results/predictions/full/independent_rms/resnet/seed_17/bandpass_n20002_cRA_electrode_s5.npz,76196,710b78b0aea218fbdcb1e6cafb3db1a2a24c7433b44003598fd47b9c54c26fad
resnet,independent_rms,17,bandpass_n20002_cRA_electrode_s0,phase2/results/predictions/full/independent_rms/resnet/seed_17/bandpass_n20002_cRA_electrode_s0.npz,76020,737f31826a08fff5c42f49611dd05d928ad8d0729c594fa07daf2df1a5d93cf5
resnet,independent_rms,17,bandpass_n20002_cRA_covariance_s20,phase2/results/predictions/full/independent_rms/resnet/seed_17/bandpass_n20002_cRA_covariance_s20.npz,76577,20ae04186d30b119ffa94227820382ee879828ee009b2682859a074c0ae1beb3
resnet,independent_rms,17,bandpass_n20002_cRA_covariance_s15,phase2/results/predictions/full/independent_rms/resnet/seed_17/bandpass_n20002_cRA_covariance_s15.npz,76551,40df51a8e2de8ce7888c5bc76b804c1959c0f7623038e558ca60edd3312631b8
resnet,independent_rms,17,bandpass_n20002_cRA_covariance_s10,phase2/results/predictions/full/independent_rms/resnet/seed_17/bandpass_n20002_cRA_covariance_s10.npz,76415,fefb1bc3f83cfb64d02d8c6017b1733cc21fcfe9a9d3a01b71dce56846964a7d
resnet,independent_rms,17,bandpass_n20002_cRA_covariance_s5,phase2/results/predictions/full/independent_rms/resnet/seed_17/bandpass_n20002_cRA_covariance_s5.npz,76228,4492fd62cfd9255713521e044df356ec57edf8b2efcad12b2b6483f7eda0d062
resnet,independent_rms,17,bandpass_n20002_cRA_covariance_s0,phase2/results/predictions/full/independent_rms/resnet/seed_17/bandpass_n20002_cRA_covariance_s0.npz,76036,b62c04f1592ab3322cd64c2e2e64b386d44c414984ea2ac78442679a6e104f97
resnet,independent_rms,17,bandpass_n20002_cLA_independent_rms_s20,phase2/results/predictions/full/independent_rms/resnet/seed_17/bandpass_n20002_cLA_independent_rms_s20.npz,76593,65c07e4fd42966a386d277e38002449481c4b443bfdd81e34fd0907b428e9493
resnet,independent_rms,17,bandpass_n20002_cLA_independent_rms_s15,phase2/results/predictions/full/independent_rms/resnet/seed_17/bandpass_n20002_cLA_independent_rms_s15.npz,76563,47ce7a08dfcb7ca3446ba6e502ee2145db4c901362a9e72d553c14cb11b70092
resnet,independent_rms,17,bandpass_n20002_cLA_independent_rms_s10,phase2/results/predictions/full/independent_rms/resnet/seed_17/bandpass_n20002_cLA_independent_rms_s10.npz,76516,7d95340c77178fb6f2294671e6a76637ba68d21eb727f723d62859150db43929
resnet,independent_rms,17,bandpass_n20002_cLA_independent_rms_s5,phase2/results/predictions/full/independent_rms/resnet/seed_17/bandpass_n20002_cLA_independent_rms_s5.npz,76375,37db1222a4d69ee0bcb0f4688a76bfea11c7bd6fd3ae925bde4328cfac0874c4
resnet,independent_rms,17,bandpass_n20002_cLA_independent_rms_s0,phase2/results/predictions/full/independent_rms/resnet/seed_17/bandpass_n20002_cLA_independent_rms_s0.npz,76075,634bfbd8e521bbf7a289346f7f1c0c62f35dabc742992b4319c4378adaa3c966
resnet,independent_rms,17,bandpass_n20002_cLA_electrode_s20,phase2/results/predictions/full/independent_rms/resnet/seed_17/bandpass_n20002_cLA_electrode_s20.npz,76610,1c93029c4fb42a800680e486b5f2aceaf12d630fdd95a60170e63db4174572a1
resnet,independent_rms,17,bandpass_n20002_cLA_electrode_s15,phase2/results/predictions/full/independent_rms/resnet/seed_17/bandpass_n20002_cLA_electrode_s15.npz,76606,8d7a08295ee495b55c2d26289cd35adffd44ad55da383bc8d06c9e36225e78e6
resnet,independent_rms,17,bandpass_n20002_cLA_electrode_s10,phase2/results/predictions/full/independent_rms/resnet/seed_17/bandpass_n20002_cLA_electrode_s10.npz,76452,12899b6dae056503b802ac08989890b9227bee0c68806c698d0b4533d7925610
resnet,independent_rms,17,bandpass_n20002_cLA_electrode_s5,phase2/results/predictions/full/independent_rms/resnet/seed_17/bandpass_n20002_cLA_electrode_s5.npz,76205,5b15a64ffdd6c06acaf4ff5c99fe5666859386afa277afc080d86c5851b66e21
resnet,independent_rms,17,bandpass_n20002_cLA_electrode_s0,phase2/results/predictions/full/independent_rms/resnet/seed_17/bandpass_n20002_cLA_electrode_s0.npz,75786,f10025aea35716740f1c8dc4af5957def42eff91367bd4ad8c95f16c7a9f26a6
resnet,independent_rms,17,bandpass_n20002_cLA_covariance_s20,phase2/results/predictions/full/independent_rms/resnet/seed_17/bandpass_n20002_cLA_covariance_s20.npz,76584,ca1f58d5945fbf2f22b11be45c54eed52444fdb411c27c89f6843a849f8c672d
resnet,independent_rms,17,bandpass_n20002_cLA_covariance_s15,phase2/results/predictions/full/independent_rms/resnet/seed_17/bandpass_n20002_cLA_covariance_s15.npz,76586,b3dd88d1e725d2212a459c44e3281b38e9532c9bfacb9db43f4b70c1be5eb82d
resnet,independent_rms,17,bandpass_n20002_cLA_covariance_s10,phase2/results/predictions/full/independent_rms/resnet/seed_17/bandpass_n20002_cLA_covariance_s10.npz,76476,eae09b2e0fe94be297381d3fe7b8aa94401a042116a1b674b0a9fce6d0a16e75
resnet,independent_rms,17,bandpass_n20002_cLA_covariance_s5,phase2/results/predictions/full/independent_rms/resnet/seed_17/bandpass_n20002_cLA_covariance_s5.npz,76249,5223486e71f9a05b2a283af1cbd03da2c502f9e8187a20ac7498525055c233b7
resnet,independent_rms,17,bandpass_n20002_cLA_covariance_s0,phase2/results/predictions/full/independent_rms/resnet/seed_17/bandpass_n20002_cLA_covariance_s0.npz,75791,71cbc14ff841b6a2a047ef8583fc1b13851e26f7c69267c591c645e88a634dc0
resnet,independent_rms,17,bandpass_n20002_cLL_independent_rms_s20,phase2/results/predictions/full/independent_rms/resnet/seed_17/bandpass_n20002_cLL_independent_rms_s20.npz,76610,5f75ee0d7e7316c223b1d867e430fed884b46b264fb685d237772f57592c4892
resnet,independent_rms,17,bandpass_n20002_cLL_independent_rms_s15,phase2/results/predictions/full/independent_rms/resnet/seed_17/bandpass_n20002_cLL_independent_rms_s15.npz,76589,b648e2e3eeb1680ab9192839e19146a8674b802dd01198614a8572e6e2730fbd
resnet,independent_rms,17,bandpass_n20002_cLL_independent_rms_s10,phase2/results/predictions/full/independent_rms/resnet/seed_17/bandpass_n20002_cLL_independent_rms_s10.npz,76479,845207d40aca5e37c9a40a2d542d54c3960509e29df28ea8bd3fd9a9cd58bd6e
resnet,independent_rms,17,bandpass_n20002_cLL_independent_rms_s5,phase2/results/predictions/full/independent_rms/resnet/seed_17/bandpass_n20002_cLL_independent_rms_s5.npz,76336,0fe13087a060f23dc68c6fbe972b16ecc28ac8de2b8bd5783cdc0663b55281d6
resnet,independent_rms,17,bandpass_n20002_cLL_independent_rms_s0,phase2/results/predictions/full/independent_rms/resnet/seed_17/bandpass_n20002_cLL_independent_rms_s0.npz,76042,e35bddb042181428360d24f3e5aaad3f56e96bdc2c4205613a1cf73756eb125c
resnet,independent_rms,17,bandpass_n20002_cLL_electrode_s20,phase2/results/predictions/full/independent_rms/resnet/seed_17/bandpass_n20002_cLL_electrode_s20.npz,76585,01fbb935b0e6a4fa1883568cd4b4b3bb37aa4cb1dedf333358b6ca16b9b56bf1
resnet,independent_rms,17,bandpass_n20002_cLL_electrode_s15,phase2/results/predictions/full/independent_rms/resnet/seed_17/bandpass_n20002_cLL_electrode_s15.npz,76483,2ccd228627600de227813ad58676348c284234bd4c372a1a178a8bac26cacd65
resnet,independent_rms,17,bandpass_n20002_cLL_electrode_s10,phase2/results/predictions/full/independent_rms/resnet/seed_17/bandpass_n20002_cLL_electrode_s10.npz,76392,113d311f81f42eb0d875f1d2fac2780b6f981e364101f81871c9c230fdfae7ab
resnet,independent_rms,17,bandpass_n20002_cLL_electrode_s5,phase2/results/predictions/full/independent_rms/resnet/seed_17/bandpass_n20002_cLL_electrode_s5.npz,76179,82e0992a89fc605ea8e67f535a13ff8d8893e7baa034c6bd6d4429ccae5471dc
resnet,independent_rms,17,bandpass_n20002_cLL_electrode_s0,phase2/results/predictions/full/independent_rms/resnet/seed_17/bandpass_n20002_cLL_electrode_s0.npz,75944,25f6a6122fb73a603f09b559dba080179cffc9cc92fd6de2b1f38ce18b08a88e
resnet,independent_rms,17,bandpass_n20002_cLL_covariance_s20,phase2/results/predictions/full/independent_rms/resnet/seed_17/bandpass_n20002_cLL_covariance_s20.npz,76563,0fd782e78043f4ea3012faa03dfa5a38b28285d9f6cc1541aec21b9e88087274
resnet,independent_rms,17,bandpass_n20002_cLL_covariance_s15,phase2/results/predictions/full/independent_rms/resnet/seed_17/bandpass_n20002_cLL_covariance_s15.npz,76530,08f8aea0ef487ea46a3aa7ea160adfb84c12230301a3f3ad662cf9d755e61f80
resnet,independent_rms,17,bandpass_n20002_cLL_covariance_s10,phase2/results/predictions/full/independent_rms/resnet/seed_17/bandpass_n20002_cLL_covariance_s10.npz,76393,e5a12376a985a449b8b8aa88ee8f5b6591485d44224840617c836a0ab572e7bc
resnet,independent_rms,17,bandpass_n20002_cLL_covariance_s5,phase2/results/predictions/full/independent_rms/resnet/seed_17/bandpass_n20002_cLL_covariance_s5.npz,76194,839f1c3a36634267cd72c82e31ffee1516fef2bfaf1699b6faa1da042b5952a8
resnet,independent_rms,17,bandpass_n20002_cLL_covariance_s0,phase2/results/predictions/full/independent_rms/resnet/seed_17/bandpass_n20002_cLL_covariance_s0.npz,75945,ab27a0004f6f028030c55a3b6bf68f707f337ca41ad67f9d46bc99aa473ff98a
resnet,independent_rms,17,bandpass_n20002_cRA_V1_independent_rms_s20,phase2/results/predictions/full/independent_rms/resnet/seed_17/bandpass_n20002_cRA_V1_independent_rms_s20.npz,76585,ac20bb436291d69abfff36069a301d4c45b461da57492211ec6909355e3f6832
resnet,independent_rms,17,bandpass_n20002_cRA_V1_independent_rms_s15,phase2/results/predictions/full/independent_rms/resnet/seed_17/bandpass_n20002_cRA_V1_independent_rms_s15.npz,76580,55cbe30a1a157dbc4fc9f93c7b6f8af7e9e06da3b78555800b02738f38d8e482
resnet,independent_rms,17,bandpass_n20002_cRA_V1_independent_rms_s10,phase2/results/predictions/full/independent_rms/resnet/seed_17/bandpass_n20002_cRA_V1_independent_rms_s10.npz,76526,640af14badd4078b03e3922f0d8b5266518256f3c3f26e582f2a9e5e2fa3e24e
resnet,independent_rms,17,bandpass_n20002_cRA_V1_independent_rms_s5,phase2/results/predictions/full/independent_rms/resnet/seed_17/bandpass_n20002_cRA_V1_independent_rms_s5.npz,76330,21631c9be4db4b5b25a0dfee39463821785e2e51885b599f0f309871a6e799fe
resnet,independent_rms,17,bandpass_n20002_cRA_V1_independent_rms_s0,phase2/results/predictions/full/independent_rms/resnet/seed_17/bandpass_n20002_cRA_V1_independent_rms_s0.npz,76079,9c4a3dc31af3cc1eb7dfcd1c20d7f16aca86164f0305f2153203dddf5777ff74
resnet,independent_rms,17,bandpass_n20002_cRA_V1_electrode_s20,phase2/results/predictions/full/independent_rms/resnet/seed_17/bandpass_n20002_cRA_V1_electrode_s20.npz,76588,4d0ad61028283b4ae8fa005d85fb9f2eadafc21bfbdfb2e7c77409c9640d7410
resnet,independent_rms,17,bandpass_n20002_cRA_V1_electrode_s15,phase2/results/predictions/full/independent_rms/resnet/seed_17/bandpass_n20002_cRA_V1_electrode_s15.npz,76536,0f7a41686cb8210d368c0d1531f22ed1978bb4c9d86f57ac2f42802ac57e98eb
resnet,independent_rms,17,bandpass_n20002_cRA_V1_electrode_s10,phase2/results/predictions/full/independent_rms/resnet/seed_17/bandpass_n20002_cRA_V1_electrode_s10.npz,76454,4c355e9b3f632a3259df336bdac8a49ce613ad653f0fb908057753f539e430cc
resnet,independent_rms,17,bandpass_n20002_cRA_V1_electrode_s5,phase2/results/predictions/full/independent_rms/resnet/seed_17/bandpass_n20002_cRA_V1_electrode_s5.npz,76225,ee31ca43bb4d2d3fba0f5ec08509dbb1ab2e4c54a7cbbbf6b862a0015ad8f3ab
resnet,independent_rms,17,bandpass_n20002_cRA_V1_electrode_s0,phase2/results/predictions/full/independent_rms/resnet/seed_17/bandpass_n20002_cRA_V1_electrode_s0.npz,75996,de9c1660ab1ade573db182d22697cda83e438d3a2aa7ac8c8e50a603294113fa
resnet,independent_rms,17,bandpass_n20002_cRA_V1_covariance_s20,phase2/results/predictions/full/independent_rms/resnet/seed_17/bandpass_n20002_cRA_V1_covariance_s20.npz,76585,8dd842267be97d05b6e15313f5af3a95a3083bf7d47d561a468d7e4abb7d0d5b
resnet,independent_rms,17,bandpass_n20002_cRA_V1_covariance_s15,phase2/results/predictions/full/independent_rms/resnet/seed_17/bandpass_n20002_cRA_V1_covariance_s15.npz,76571,2967f948b28613eb9208a1f3a7dd0365239e4bdd3a18d3f9ed0f84dd456f4324
resnet,independent_rms,17,bandpass_n20002_cRA_V1_covariance_s10,phase2/results/predictions/full/independent_rms/resnet/seed_17/bandpass_n20002_cRA_V1_covariance_s10.npz,76460,74bdfb5b6ac1dd30e85a18e2053cb15ebcb8a6c1cf381dd149ed8fe57eb35cb1
resnet,independent_rms,17,bandpass_n20002_cRA_V1_covariance_s5,phase2/results/predictions/full/independent_rms/resnet/seed_17/bandpass_n20002_cRA_V1_covariance_s5.npz,76253,a0d39250949de393319aaf089041b85a7b53f7cfe0a0f5c253fada28cd9eaca2
resnet,independent_rms,17,bandpass_n20002_cRA_V1_covariance_s0,phase2/results/predictions/full/independent_rms/resnet/seed_17/bandpass_n20002_cRA_V1_covariance_s0.npz,76027,5236233694e7a8940186d8b52e954966ac9e40f39a3aa13412b0b9028e399c99
resnet,independent_rms,17,bandpass_n20002_cLA_V6_independent_rms_s20,phase2/results/predictions/full/independent_rms/resnet/seed_17/bandpass_n20002_cLA_V6_independent_rms_s20.npz,76605,2dfe2d0bc3e7869ee5873080737805a855cf560e906613a867b8e7a6369eda00
resnet,independent_rms,17,bandpass_n20002_cLA_V6_independent_rms_s15,phase2/results/predictions/full/independent_rms/resnet/seed_17/bandpass_n20002_cLA_V6_independent_rms_s15.npz,76604,e372a475652d636ddf4ddcb2d1824d96104dc306f3356cc82d06b29e548db11c
resnet,independent_rms,17,bandpass_n20002_cLA_V6_independent_rms_s10,phase2/results/predictions/full/independent_rms/resnet/seed_17/bandpass_n20002_cLA_V6_independent_rms_s10.npz,76510,30a75a161b05e01600279f58c5167e554d3c277d33ac7ab5662559d684b5f12a
resnet,independent_rms,17,bandpass_n20002_cLA_V6_independent_rms_s5,phase2/results/predictions/full/independent_rms/resnet/seed_17/bandpass_n20002_cLA_V6_independent_rms_s5.npz,76392,806649970ab136f659ed81adf0f4ea3479c308373ce11bab334d4246346be95f
resnet,independent_rms,17,bandpass_n20002_cLA_V6_independent_rms_s0,phase2/results/predictions/full/independent_rms/resnet/seed_17/bandpass_n20002_cLA_V6_independent_rms_s0.npz,76115,910639e23a64ff920f4cbce2a70e295877b44e92ad16130918ba00c687e09013
resnet,independent_rms,17,bandpass_n20002_cLA_V6_electrode_s20,phase2/results/predictions/full/independent_rms/resnet/seed_17/bandpass_n20002_cLA_V6_electrode_s20.npz,76571,f33aa6ffbfb948fe5dae8459e2c623b6e423d726be0fb44fd214e5c27700658d
resnet,independent_rms,17,bandpass_n20002_cLA_V6_electrode_s15,phase2/results/predictions/full/independent_rms/resnet/seed_17/bandpass_n20002_cLA_V6_electrode_s15.npz,76572,df3d622939f2ed95ebc338a6841f5571650f01e6a01364bbf47f202e0e7cfcaf
resnet,independent_rms,17,bandpass_n20002_cLA_V6_electrode_s10,phase2/results/predictions/full/independent_rms/resnet/seed_17/bandpass_n20002_cLA_V6_electrode_s10.npz,76464,86c610535c59864cecd4c378d27658355c009c6081ee326196eec1a761b99714
resnet,independent_rms,17,bandpass_n20002_cLA_V6_electrode_s5,phase2/results/predictions/full/independent_rms/resnet/seed_17/bandpass_n20002_cLA_V6_electrode_s5.npz,76261,00383fe4d1b937baa66252cbd7f913a60bb5775a4467e2ccfa89a0e7f5e5d3cf
resnet,independent_rms,17,bandpass_n20002_cLA_V6_electrode_s0,phase2/results/predictions/full/independent_rms/resnet/seed_17/bandpass_n20002_cLA_V6_electrode_s0.npz,75868,5a75ca440ecae42e4a4f88954f48ac6b576eabf0513c86cd4e6e751197a3780d
resnet,independent_rms,17,bandpass_n20002_cLA_V6_covariance_s20,phase2/results/predictions/full/independent_rms/resnet/seed_17/bandpass_n20002_cLA_V6_covariance_s20.npz,76605,1087408844a7800a3eda62ac02b5d8448b4825e542100507afd65138f2c79bda
resnet,independent_rms,17,bandpass_n20002_cLA_V6_covariance_s15,phase2/results/predictions/full/independent_rms/resnet/seed_17/bandpass_n20002_cLA_V6_covariance_s15.npz,76562,9fe18a850344d6e82d420cc5959188ce56bc107334ba59692a291ae28da470ee
resnet,independent_rms,17,bandpass_n20002_cLA_V6_covariance_s10,phase2/results/predictions/full/independent_rms/resnet/seed_17/bandpass_n20002_cLA_V6_covariance_s10.npz,76501,629487385685c1b839b3a64929563b726e38596ac3450ee580405e9532ad41ca
resnet,independent_rms,17,bandpass_n20002_cLA_V6_covariance_s5,phase2/results/predictions/full/independent_rms/resnet/seed_17/bandpass_n20002_cLA_V6_covariance_s5.npz,76278,475b1e0775ff7ea46e0845624ac0ec8e6c4aff4041b031be71a881cfff374fc3
resnet,independent_rms,17,bandpass_n20002_cLA_V6_covariance_s0,phase2/results/predictions/full/independent_rms/resnet/seed_17/bandpass_n20002_cLA_V6_covariance_s0.npz,75863,fc03ab8e4f3a5634c72c2d788bda70dbf073fcd14702bdfdc3b05a4dc5fe9298
resnet,independent_rms,17,bandpass_n20002_cLL_V4_independent_rms_s20,phase2/results/predictions/full/independent_rms/resnet/seed_17/bandpass_n20002_cLL_V4_independent_rms_s20.npz,76593,ae038beaf8aec1e3aa1d82a2b393e91eb180a76a743ea0727cdf10f19a24f2ca
resnet,independent_rms,17,bandpass_n20002_cLL_V4_independent_rms_s15,phase2/results/predictions/full/independent_rms/resnet/seed_17/bandpass_n20002_cLL_V4_independent_rms_s15.npz,76577,8512836d6c4e588c6206548538dd9b1d68c33601ee17527a5d6459bccac39a04
resnet,independent_rms,17,bandpass_n20002_cLL_V4_independent_rms_s10,phase2/results/predictions/full/independent_rms/resnet/seed_17/bandpass_n20002_cLL_V4_independent_rms_s10.npz,76501,229f17197e089fb6b88f1321b59991565bbd70d43678c610e67cedabab6ea7e8
resnet,independent_rms,17,bandpass_n20002_cLL_V4_independent_rms_s5,phase2/results/predictions/full/independent_rms/resnet/seed_17/bandpass_n20002_cLL_V4_independent_rms_s5.npz,76380,5598f7cc470add2488c4a79505401052c0a5444e1333b1d740fe9741f9edafce
resnet,independent_rms,17,bandpass_n20002_cLL_V4_independent_rms_s0,phase2/results/predictions/full/independent_rms/resnet/seed_17/bandpass_n20002_cLL_V4_independent_rms_s0.npz,76108,3d6425d37d844ac866042e48cae412939e51d66d3e7f94af7491d44fed561247
resnet,independent_rms,17,bandpass_n20002_cLL_V4_electrode_s20,phase2/results/predictions/full/independent_rms/resnet/seed_17/bandpass_n20002_cLL_V4_electrode_s20.npz,76608,659550a40459e6407790c3e4a53bed7a71c8a159b6908bda8e4655aa8548265f
resnet,independent_rms,17,bandpass_n20002_cLL_V4_electrode_s15,phase2/results/predictions/full/independent_rms/resnet/seed_17/bandpass_n20002_cLL_V4_electrode_s15.npz,76507,cc61657e093de350e0270765e9426c4fa18a1fb50ed1ea4f7328a024f7516a21
resnet,independent_rms,17,bandpass_n20002_cLL_V4_electrode_s10,phase2/results/predictions/full/independent_rms/resnet/seed_17/bandpass_n20002_cLL_V4_electrode_s10.npz,76438,9382678958104b415dd98420dcc73f6794d40937e0a262f2d366425cfe7fdb9e
resnet,independent_rms,17,bandpass_n20002_cLL_V4_electrode_s5,phase2/results/predictions/full/independent_rms/resnet/seed_17/bandpass_n20002_cLL_V4_electrode_s5.npz,76227,7e4a7823afe9e02d11243422258647feb9dc25bf30d688daab4c3020f48a4159
resnet,independent_rms,17,bandpass_n20002_cLL_V4_electrode_s0,phase2/results/predictions/full/independent_rms/resnet/seed_17/bandpass_n20002_cLL_V4_electrode_s0.npz,75989,2bc33ec3a39d96d77d9dd98a9c8a63afb1937dfda555b09ed51b53062a1528a6
resnet,independent_rms,17,bandpass_n20002_cLL_V4_covariance_s20,phase2/results/predictions/full/independent_rms/resnet/seed_17/bandpass_n20002_cLL_V4_covariance_s20.npz,76576,bc3949fd490047285200563fe287f0d1d58222415ac9ddea98e41ff9d4290aac
resnet,independent_rms,17,bandpass_n20002_cLL_V4_covariance_s15,phase2/results/predictions/full/independent_rms/resnet/seed_17/bandpass_n20002_cLL_V4_covariance_s15.npz,76550,643c22827d58becc7447a746ef531f4f75340c5cba259a964b0fb08225d99598
resnet,independent_rms,17,bandpass_n20002_cLL_V4_covariance_s10,phase2/results/predictions/full/independent_rms/resnet/seed_17/bandpass_n20002_cLL_V4_covariance_s10.npz,76432,5de53d448cd76be22c13835047cc2886f7970827aed1496bb6b3415609fc0472
resnet,independent_rms,17,bandpass_n20002_cLL_V4_covariance_s5,phase2/results/predictions/full/independent_rms/resnet/seed_17/bandpass_n20002_cLL_V4_covariance_s5.npz,76216,72f3dbc7c68228d576eac072764b27b00f689f42dcd62e548954a1cfcd39e19c
resnet,independent_rms,17,bandpass_n20002_cLL_V4_covariance_s0,phase2/results/predictions/full/independent_rms/resnet/seed_17/bandpass_n20002_cLL_V4_covariance_s0.npz,75960,aa8d54daa6d17697bf956fb487d68525499ea1567352ec68b01f324ad334b530
resnet,independent_rms,17,bandpass_n20002_cRA_LA_V1_V6_independent_rms_s20,phase2/results/predictions/full/independent_rms/resnet/seed_17/bandpass_n20002_cRA_LA_V1_V6_independent_rms_s20.npz,76606,601e6dca74adc36e907d46fb8dae0e7a45db08381694515dc4a2a9b46d94d66d
resnet,independent_rms,17,bandpass_n20002_cRA_LA_V1_V6_independent_rms_s15,phase2/results/predictions/full/independent_rms/resnet/seed_17/bandpass_n20002_cRA_LA_V1_V6_independent_rms_s15.npz,76629,a2dcdc735cf88406025a705125ac3783ed1ef268df367789da3134b09240d1e1
resnet,independent_rms,17,bandpass_n20002_cRA_LA_V1_V6_independent_rms_s10,phase2/results/predictions/full/independent_rms/resnet/seed_17/bandpass_n20002_cRA_LA_V1_V6_independent_rms_s10.npz,76535,045e30d1063c8195cbb7ae674358731b0a6297f99edfcd179f40caff2abed028
resnet,independent_rms,17,bandpass_n20002_cRA_LA_V1_V6_independent_rms_s5,phase2/results/predictions/full/independent_rms/resnet/seed_17/bandpass_n20002_cRA_LA_V1_V6_independent_rms_s5.npz,76363,8af1309f3ec758f245cdffc01365aa8465d59d7f080a69ed5d8e68ac1518a98f
resnet,independent_rms,17,bandpass_n20002_cRA_LA_V1_V6_independent_rms_s0,phase2/results/predictions/full/independent_rms/resnet/seed_17/bandpass_n20002_cRA_LA_V1_V6_independent_rms_s0.npz,76103,2d321895f86b0f4c90522931a4090f5841957888000dfda4b3b9d3b4f82d994e
resnet,independent_rms,17,bandpass_n20002_cRA_LA_V1_V6_electrode_s20,phase2/results/predictions/full/independent_rms/resnet/seed_17/bandpass_n20002_cRA_LA_V1_V6_electrode_s20.npz,76623,e343633e0158f81bd8cd52804c888fb326a335608ba50fc3029ad6f148da363e
resnet,independent_rms,17,bandpass_n20002_cRA_LA_V1_V6_electrode_s15,phase2/results/predictions/full/independent_rms/resnet/seed_17/bandpass_n20002_cRA_LA_V1_V6_electrode_s15.npz,76534,3ca0ac719d5526a606010ef0d0a309d9b1e1c4fc6c41e94be4c51f1a7e838d12
resnet,independent_rms,17,bandpass_n20002_cRA_LA_V1_V6_electrode_s10,phase2/results/predictions/full/independent_rms/resnet/seed_17/bandpass_n20002_cRA_LA_V1_V6_electrode_s10.npz,76460,e0eefcc4fb246c8b9301234e73e3b38be6e93307c62f6172fc4f7c948ffec639
resnet,independent_rms,17,bandpass_n20002_cRA_LA_V1_V6_electrode_s5,phase2/results/predictions/full/independent_rms/resnet/seed_17/bandpass_n20002_cRA_LA_V1_V6_electrode_s5.npz,76286,a02c9fedb6fd1ac8ad4ac16d39469e00c559f23d8f569d4eb8000e4b7afd0798
resnet,independent_rms,17,bandpass_n20002_cRA_LA_V1_V6_electrode_s0,phase2/results/predictions/full/independent_rms/resnet/seed_17/bandpass_n20002_cRA_LA_V1_V6_electrode_s0.npz,75891,ba776952ee1c764d07ed275da08c61191f7ad3eef7cb92746adc0bcd1b9893a8
resnet,independent_rms,17,bandpass_n20002_cRA_LA_V1_V6_covariance_s20,phase2/results/predictions/full/independent_rms/resnet/seed_17/bandpass_n20002_cRA_LA_V1_V6_covariance_s20.npz,76586,1c6bb30223e51bc8560b8e782014eff539ec10e4eed0f49834020f64fdfbd8c4
resnet,independent_rms,17,bandpass_n20002_cRA_LA_V1_V6_covariance_s15,phase2/results/predictions/full/independent_rms/resnet/seed_17/bandpass_n20002_cRA_LA_V1_V6_covariance_s15.npz,76568,4f1e724a72542be9e601667ccb8434656f4c93446b7db00cd5c9ac2378718ccb
resnet,independent_rms,17,bandpass_n20002_cRA_LA_V1_V6_covariance_s10,phase2/results/predictions/full/independent_rms/resnet/seed_17/bandpass_n20002_cRA_LA_V1_V6_covariance_s10.npz,76444,47973cc4f45c71cb435978a9d48d0f9ec812319f94598acfc4864dcb09291871
resnet,independent_rms,17,bandpass_n20002_cRA_LA_V1_V6_covariance_s5,phase2/results/predictions/full/independent_rms/resnet/seed_17/bandpass_n20002_cRA_LA_V1_V6_covariance_s5.npz,76247,3f688fb6b2452e69e65f6f0fd46b9e5e680151ad730274791dec2e9a689e97aa
resnet,independent_rms,17,bandpass_n20002_cRA_LA_V1_V6_covariance_s0,phase2/results/predictions/full/independent_rms/resnet/seed_17/bandpass_n20002_cRA_LA_V1_V6_covariance_s0.npz,75972,348206efe6ca879dd88ed8ff3ae78448b460c8780545531195482ab3d9ab2a8f
resnet,independent_rms,17,bandpass_n20002_cRA_V2_V5_independent_rms_s20,phase2/results/predictions/full/independent_rms/resnet/seed_17/bandpass_n20002_cRA_V2_V5_independent_rms_s20.npz,76623,4afc243038b669468e08e865ca65b6c7241f7b1d1e8d31fa3c5a19ddf7e8255c
resnet,independent_rms,17,bandpass_n20002_cRA_V2_V5_independent_rms_s15,phase2/results/predictions/full/independent_rms/resnet/seed_17/bandpass_n20002_cRA_V2_V5_independent_rms_s15.npz,76580,2f1354340e512a3dc5f53445f2bde6c204c43a704c058f50b18ed91101e78ec2
resnet,independent_rms,17,bandpass_n20002_cRA_V2_V5_independent_rms_s10,phase2/results/predictions/full/independent_rms/resnet/seed_17/bandpass_n20002_cRA_V2_V5_independent_rms_s10.npz,76535,8b1a3cca3992197ea94beb5aaa3c19fb948d5d7004760b63f74d687245f29595
resnet,independent_rms,17,bandpass_n20002_cRA_V2_V5_independent_rms_s5,phase2/results/predictions/full/independent_rms/resnet/seed_17/bandpass_n20002_cRA_V2_V5_independent_rms_s5.npz,76374,1c73778e609e65502cb7cefcd6f3887223b5fc8f65b7766fbcf32b947b32f0a0
resnet,independent_rms,17,bandpass_n20002_cRA_V2_V5_independent_rms_s0,phase2/results/predictions/full/independent_rms/resnet/seed_17/bandpass_n20002_cRA_V2_V5_independent_rms_s0.npz,76089,c8b683282d21aab29f350a9416d74d1054ee537cfb65ad444fb088c6be02b0cd
resnet,independent_rms,17,bandpass_n20002_cRA_V2_V5_electrode_s20,phase2/results/predictions/full/independent_rms/resnet/seed_17/bandpass_n20002_cRA_V2_V5_electrode_s20.npz,76567,57bacb4240812fac5bc731d3077994062f069ebe452ad5b5b9f6bdcfd08e607b
resnet,independent_rms,17,bandpass_n20002_cRA_V2_V5_electrode_s15,phase2/results/predictions/full/independent_rms/resnet/seed_17/bandpass_n20002_cRA_V2_V5_electrode_s15.npz,76568,444bd7ed163e4f16a2622646a59d8142e283acdfaae8a9cd7b048c60d07948f2
resnet,independent_rms,17,bandpass_n20002_cRA_V2_V5_electrode_s10,phase2/results/predictions/full/independent_rms/resnet/seed_17/bandpass_n20002_cRA_V2_V5_electrode_s10.npz,76450,16eb76ab5b341210bed52f7eb9983559d2ad8480821dda3c0dd9c2d0a5f2fad7
resnet,independent_rms,17,bandpass_n20002_cRA_V2_V5_electrode_s5,phase2/results/predictions/full/independent_rms/resnet/seed_17/bandpass_n20002_cRA_V2_V5_electrode_s5.npz,76270,fb0fc19731e6cfb9c3a84de091b82b699fb4294789073e19f13a15dfa093cec1
resnet,independent_rms,17,bandpass_n20002_cRA_V2_V5_electrode_s0,phase2/results/predictions/full/independent_rms/resnet/seed_17/bandpass_n20002_cRA_V2_V5_electrode_s0.npz,76028,95e220cdce0f77cc1e21ef93f7f08db35dac65166f9c8a452d3c4f4e11d68d7f
resnet,independent_rms,17,bandpass_n20002_cRA_V2_V5_covariance_s20,phase2/results/predictions/full/independent_rms/resnet/seed_17/bandpass_n20002_cRA_V2_V5_covariance_s20.npz,76615,955fc9756988e9dca15eac2260a595792831900addd816e18c87cfaa172f9568
resnet,independent_rms,17,bandpass_n20002_cRA_V2_V5_covariance_s15,phase2/results/predictions/full/independent_rms/resnet/seed_17/bandpass_n20002_cRA_V2_V5_covariance_s15.npz,76575,4b3619d57e360ffded2ab98e54f82766d4725d888779701a61eaefe7999c7fc2
resnet,independent_rms,17,bandpass_n20002_cRA_V2_V5_covariance_s10,phase2/results/predictions/full/independent_rms/resnet/seed_17/bandpass_n20002_cRA_V2_V5_covariance_s10.npz,76479,7de3e7a3ac6a60e517f149292b51f35d18b5897205b10aebbb6db3f2549bae4b
resnet,independent_rms,17,bandpass_n20002_cRA_V2_V5_covariance_s5,phase2/results/predictions/full/independent_rms/resnet/seed_17/bandpass_n20002_cRA_V2_V5_covariance_s5.npz,76290,c09e79a5f945759986ed2ef0578cd03721cb104bf1718bc92feb7c57453af477
resnet,independent_rms,17,bandpass_n20002_cRA_V2_V5_covariance_s0,phase2/results/predictions/full/independent_rms/resnet/seed_17/bandpass_n20002_cRA_V2_V5_covariance_s0.npz,76028,f23327d30917ad86aba975dd9a5fe7b3f0e926b6c204d24dec4b99b4466550bf
resnet,independent_rms,17,bandpass_n20002_cLA_V3_V6_independent_rms_s20,phase2/results/predictions/full/independent_rms/resnet/seed_17/bandpass_n20002_cLA_V3_V6_independent_rms_s20.npz,76610,9998ca0d27949a0c0ca025275cd24ee8768fc3ca8fa9be5c29db5df7092bf031
resnet,independent_rms,17,bandpass_n20002_cLA_V3_V6_independent_rms_s15,phase2/results/predictions/full/independent_rms/resnet/seed_17/bandpass_n20002_cLA_V3_V6_independent_rms_s15.npz,76602,655ef22bc5483f7882165dfd4ca69e2231ac1149eeb3e330c54e290d7f06faa1
resnet,independent_rms,17,bandpass_n20002_cLA_V3_V6_independent_rms_s10,phase2/results/predictions/full/independent_rms/resnet/seed_17/bandpass_n20002_cLA_V3_V6_independent_rms_s10.npz,76540,3f2ce96c590c288a3a685b3a4a979b8206696afb93f71a94a6fc9a9800cf3638
resnet,independent_rms,17,bandpass_n20002_cLA_V3_V6_independent_rms_s5,phase2/results/predictions/full/independent_rms/resnet/seed_17/bandpass_n20002_cLA_V3_V6_independent_rms_s5.npz,76390,1ac894a4fa4d638c5a5b5927c1642a2696470c5eb42134c0e273be35e19db653
resnet,independent_rms,17,bandpass_n20002_cLA_V3_V6_independent_rms_s0,phase2/results/predictions/full/independent_rms/resnet/seed_17/bandpass_n20002_cLA_V3_V6_independent_rms_s0.npz,76178,b8391c490ed6fc8019a666ccc4d6341ff2f3a9a7cba0baa59326fd05fa254cf7
resnet,independent_rms,17,bandpass_n20002_cLA_V3_V6_electrode_s20,phase2/results/predictions/full/independent_rms/resnet/seed_17/bandpass_n20002_cLA_V3_V6_electrode_s20.npz,76616,69316ab1502d4bd9e7b4a9240e071abb8128fdaf1c9c47babe983fe361d09358
resnet,independent_rms,17,bandpass_n20002_cLA_V3_V6_electrode_s15,phase2/results/predictions/full/independent_rms/resnet/seed_17/bandpass_n20002_cLA_V3_V6_electrode_s15.npz,76572,e4d2390b73d5237ccb05b3570b3ddd64c7e366551f9cd582df1ff0e4ab614938
resnet,independent_rms,17,bandpass_n20002_cLA_V3_V6_electrode_s10,phase2/results/predictions/full/independent_rms/resnet/seed_17/bandpass_n20002_cLA_V3_V6_electrode_s10.npz,76527,0fd2fe545cc5495c610bc72330d68bdd5866aaac3157d2449b7dde64ff851228
resnet,independent_rms,17,bandpass_n20002_cLA_V3_V6_electrode_s5,phase2/results/predictions/full/independent_rms/resnet/seed_17/bandpass_n20002_cLA_V3_V6_electrode_s5.npz,76283,b385aa06ae2bcd2304be140934f87a491e61c5a43257ac10bbf3df1930978c71
resnet,independent_rms,17,bandpass_n20002_cLA_V3_V6_electrode_s0,phase2/results/predictions/full/independent_rms/resnet/seed_17/bandpass_n20002_cLA_V3_V6_electrode_s0.npz,75919,3b4b5a697f6e03d1ba1ab97594e90d3397d1f26605d838a82672562e4b7a2d1f
resnet,independent_rms,17,bandpass_n20002_cLA_V3_V6_covariance_s20,phase2/results/predictions/full/independent_rms/resnet/seed_17/bandpass_n20002_cLA_V3_V6_covariance_s20.npz,76617,818a89eecc2ccc3d8be84719b3b2c0b2a2a1650546ddc7dacee94ce2f52ed610
resnet,independent_rms,17,bandpass_n20002_cLA_V3_V6_covariance_s15,phase2/results/predictions/full/independent_rms/resnet/seed_17/bandpass_n20002_cLA_V3_V6_covariance_s15.npz,76588,65f7fa2f8bb146049e618bdb007c4dabeb97841ae3496ee1da07c5574883daa4
resnet,independent_rms,17,bandpass_n20002_cLA_V3_V6_covariance_s10,phase2/results/predictions/full/independent_rms/resnet/seed_17/bandpass_n20002_cLA_V3_V6_covariance_s10.npz,76497,73a151905fcfd64587aaaebf0b88dd80572ecd677fbb5bd9950017211e197a6a
resnet,independent_rms,17,bandpass_n20002_cLA_V3_V6_covariance_s5,phase2/results/predictions/full/independent_rms/resnet/seed_17/bandpass_n20002_cLA_V3_V6_covariance_s5.npz,76288,e0098c2efa3cc6cb1e15016e030f101d7edaddc0feac8f7b3d6310646a714334
resnet,independent_rms,17,bandpass_n20002_cLA_V3_V6_covariance_s0,phase2/results/predictions/full/independent_rms/resnet/seed_17/bandpass_n20002_cLA_V3_V6_covariance_s0.npz,75935,f9577a19b4276adfe482ff588dc5d22a53d319948a188ebfa9a81481612c2db6
resnet,independent_rms,17,bandpass_n20002_cLL_V1_V4_independent_rms_s20,phase2/results/predictions/full/independent_rms/resnet/seed_17/bandpass_n20002_cLL_V1_V4_independent_rms_s20.npz,76582,c4537350b49303067882048b19e536b705109eb8db4959805d421c02bfd1ab87
resnet,independent_rms,17,bandpass_n20002_cLL_V1_V4_independent_rms_s15,phase2/results/predictions/full/independent_rms/resnet/seed_17/bandpass_n20002_cLL_V1_V4_independent_rms_s15.npz,76574,de7ef2559793786065145e6160198d4485e23005710625b90ae190bca6b86513
resnet,independent_rms,17,bandpass_n20002_cLL_V1_V4_independent_rms_s10,phase2/results/predictions/full/independent_rms/resnet/seed_17/bandpass_n20002_cLL_V1_V4_independent_rms_s10.npz,76537,e28fc091d3c551ee065ae93cb5db62c2225895aca20ba23ca9c27b9499dd853c
resnet,independent_rms,17,bandpass_n20002_cLL_V1_V4_independent_rms_s5,phase2/results/predictions/full/independent_rms/resnet/seed_17/bandpass_n20002_cLL_V1_V4_independent_rms_s5.npz,76378,bc7a57707b4767b57c7d767f2a2af1418926108dd137d279207525c326f9fb67
resnet,independent_rms,17,bandpass_n20002_cLL_V1_V4_independent_rms_s0,phase2/results/predictions/full/independent_rms/resnet/seed_17/bandpass_n20002_cLL_V1_V4_independent_rms_s0.npz,76102,8cf672947e780b634ccb30c843d3807132708e5deb302012cc8d47345e4d6feb
resnet,independent_rms,17,bandpass_n20002_cLL_V1_V4_electrode_s20,phase2/results/predictions/full/independent_rms/resnet/seed_17/bandpass_n20002_cLL_V1_V4_electrode_s20.npz,76612,a5a114be44703d108b4eb5dbb8ca083b79ba48e233f493ab177ad4a22d7867ff
resnet,independent_rms,17,bandpass_n20002_cLL_V1_V4_electrode_s15,phase2/results/predictions/full/independent_rms/resnet/seed_17/bandpass_n20002_cLL_V1_V4_electrode_s15.npz,76569,3c7d625d1b01d7f73164386dd24298fe43fc0e7ae04290b4565d489a0bfeed3e
resnet,independent_rms,17,bandpass_n20002_cLL_V1_V4_electrode_s10,phase2/results/predictions/full/independent_rms/resnet/seed_17/bandpass_n20002_cLL_V1_V4_electrode_s10.npz,76450,4a1cc27fb3f00a1ce09190d61b32ad287a60ef9f4477d5afe08f8d8085d2869c
resnet,independent_rms,17,bandpass_n20002_cLL_V1_V4_electrode_s5,phase2/results/predictions/full/independent_rms/resnet/seed_17/bandpass_n20002_cLL_V1_V4_electrode_s5.npz,76275,70a66e8559fe6d013445bbf88f12391534fdbdeae56e4aee04667325b63115fd
resnet,independent_rms,17,bandpass_n20002_cLL_V1_V4_electrode_s0,phase2/results/predictions/full/independent_rms/resnet/seed_17/bandpass_n20002_cLL_V1_V4_electrode_s0.npz,75975,6bfb76c42578b551fd24c0da64b0306900eca24cb18b32c6788c6b82ad7f27bb
resnet,independent_rms,17,bandpass_n20002_cLL_V1_V4_covariance_s20,phase2/results/predictions/full/independent_rms/resnet/seed_17/bandpass_n20002_cLL_V1_V4_covariance_s20.npz,76590,d473fc1fc9994805bc72ac5d48dbc2d4a5cc7d4cbb50bc5a22d3597c6c7d0625
resnet,independent_rms,17,bandpass_n20002_cLL_V1_V4_covariance_s15,phase2/results/predictions/full/independent_rms/resnet/seed_17/bandpass_n20002_cLL_V1_V4_covariance_s15.npz,76562,7a293cf1692c8212c07832f8ffa4e1bbf53de9a667a22a24e6e6e2238b55f22a
resnet,independent_rms,17,bandpass_n20002_cLL_V1_V4_covariance_s10,phase2/results/predictions/full/independent_rms/resnet/seed_17/bandpass_n20002_cLL_V1_V4_covariance_s10.npz,76453,7456fd8c087a992d204b4c5c40c3129ca5ca1f3ab576bbc963c88937f6490d57
resnet,independent_rms,17,bandpass_n20002_cLL_V1_V4_covariance_s5,phase2/results/predictions/full/independent_rms/resnet/seed_17/bandpass_n20002_cLL_V1_V4_covariance_s5.npz,76268,25dd69988336165c9d26a5cc997bca20c6a1de7bc77d907b10b0e9846c65c3e9
resnet,independent_rms,17,bandpass_n20002_cLL_V1_V4_covariance_s0,phase2/results/predictions/full/independent_rms/resnet/seed_17/bandpass_n20002_cLL_V1_V4_covariance_s0.npz,75951,fbb0c9518ac2a63f8e6c3c5ab92aa8f74d47c1bfcd8b4ed935acd8ca6f59f5b0
resnet,independent_rms,17,bandpass_n20002_call_independent_rms_s20,phase2/results/predictions/full/independent_rms/resnet/seed_17/bandpass_n20002_call_independent_rms_s20.npz,76599,da98365e1916619e53550467096f32056b656e9f5a28654b8ccfaa3ca557dab4
resnet,independent_rms,17,bandpass_n20002_call_independent_rms_s15,phase2/results/predictions/full/independent_rms/resnet/seed_17/bandpass_n20002_call_independent_rms_s15.npz,76571,38e81a6bc7b8262dbff92c2dc16852126ecce2711c1447421f1c1756b3d2e070
resnet,independent_rms,17,bandpass_n20002_call_independent_rms_s10,phase2/results/predictions/full/independent_rms/resnet/seed_17/bandpass_n20002_call_independent_rms_s10.npz,76534,46c4c3743c3c1a82bc34c8f14d1eb16f0cc53e6b204d6b408614b92ba48052df
resnet,independent_rms,17,bandpass_n20002_call_independent_rms_s5,phase2/results/predictions/full/independent_rms/resnet/seed_17/bandpass_n20002_call_independent_rms_s5.npz,76337,7d4641b7c523c0c5158e0d086472363c7b73f2a4f52df42ab94c7d7de07007e5
resnet,independent_rms,17,bandpass_n20002_call_independent_rms_s0,phase2/results/predictions/full/independent_rms/resnet/seed_17/bandpass_n20002_call_independent_rms_s0.npz,76076,04c650e2402ad08c832ab63b6f2e3ba2b7dd0a628cdc2d783f2637cc8e81d5c5
resnet,independent_rms,17,bandpass_n20002_call_electrode_s20,phase2/results/predictions/full/independent_rms/resnet/seed_17/bandpass_n20002_call_electrode_s20.npz,76576,2db8396bd0964181c3e748008fd77b10a78ec3016242143c87c09abae92fde44
resnet,independent_rms,17,bandpass_n20002_call_electrode_s15,phase2/results/predictions/full/independent_rms/resnet/seed_17/bandpass_n20002_call_electrode_s15.npz,76529,e31540c9b33b526eb5bce565b9be6ddc2a31aa30dcb5daa9e61db5268cd46fdd
resnet,independent_rms,17,bandpass_n20002_call_electrode_s10,phase2/results/predictions/full/independent_rms/resnet/seed_17/bandpass_n20002_call_electrode_s10.npz,76431,a0d335ee003883c4ac719c378ec6f013fb884e9090d9631284ff6219299e88d7
resnet,independent_rms,17,bandpass_n20002_call_electrode_s5,phase2/results/predictions/full/independent_rms/resnet/seed_17/bandpass_n20002_call_electrode_s5.npz,76233,7c72db084a8e4fb391ce767b16fb216cbbf93ec3c32f6c5e81c24406510edaf0
resnet,independent_rms,17,bandpass_n20002_call_electrode_s0,phase2/results/predictions/full/independent_rms/resnet/seed_17/bandpass_n20002_call_electrode_s0.npz,75913,a377da5ef27da44180eb22c953c9f03e002d54c2c94f681f21313a81f22cd463
resnet,independent_rms,17,bandpass_n20002_call_covariance_s20,phase2/results/predictions/full/independent_rms/resnet/seed_17/bandpass_n20002_call_covariance_s20.npz,76598,627191a8ac62c4f95a10550316f77109ee69bfebf9d5d02abe3544679f7889ce
resnet,independent_rms,17,bandpass_n20002_call_covariance_s15,phase2/results/predictions/full/independent_rms/resnet/seed_17/bandpass_n20002_call_covariance_s15.npz,76555,a3e9b37ccff0c308f94554e9f52e2aea67d6e66eaed84a4f7b70515608972681
resnet,independent_rms,17,bandpass_n20002_call_covariance_s10,phase2/results/predictions/full/independent_rms/resnet/seed_17/bandpass_n20002_call_covariance_s10.npz,76422,23876f9e91b8f4f1f89fbc5b25caa9b39d0891fa1fc0f0549bbf98ff99af872f
resnet,independent_rms,17,bandpass_n20002_call_covariance_s5,phase2/results/predictions/full/independent_rms/resnet/seed_17/bandpass_n20002_call_covariance_s5.npz,76228,28a1b4df8fbb750f0cd08ebb62663cce9be9305be09896b42cf46c7f8029bc37
resnet,independent_rms,17,bandpass_n20002_call_covariance_s0,phase2/results/predictions/full/independent_rms/resnet/seed_17/bandpass_n20002_call_covariance_s0.npz,75889,4c903b9b713ae6c764342dc7cc974727283f46f2b0b522d38865d40927d2f63f
resnet,independent_rms,17,bandpass_n20003_cRA_LA_LL_independent_rms_s20,phase2/results/predictions/full/independent_rms/resnet/seed_17/bandpass_n20003_cRA_LA_LL_independent_rms_s20.npz,76597,af3e64e14ef8b4114dcc7c401f70eebfc5aeb3c119f884af6e4e324be065a11d
resnet,independent_rms,17,bandpass_n20003_cRA_LA_LL_independent_rms_s15,phase2/results/predictions/full/independent_rms/resnet/seed_17/bandpass_n20003_cRA_LA_LL_independent_rms_s15.npz,76605,524f9daafd23016248d513fc4e29c476f2d8da27b21e360067221a808c0cc0ef
resnet,independent_rms,17,bandpass_n20003_cRA_LA_LL_independent_rms_s10,phase2/results/predictions/full/independent_rms/resnet/seed_17/bandpass_n20003_cRA_LA_LL_independent_rms_s10.npz,76543,21fd57f3aa73553d7057978fb3b1539fd93fa0d795f2c9f36b9754848c31e7a5
resnet,independent_rms,17,bandpass_n20003_cRA_LA_LL_independent_rms_s5,phase2/results/predictions/full/independent_rms/resnet/seed_17/bandpass_n20003_cRA_LA_LL_independent_rms_s5.npz,76333,85eb1fcc222d3c014801950b0042ac293d45434966b07b248242b6625cdb765c
resnet,independent_rms,17,bandpass_n20003_cRA_LA_LL_independent_rms_s0,phase2/results/predictions/full/independent_rms/resnet/seed_17/bandpass_n20003_cRA_LA_LL_independent_rms_s0.npz,76043,4f937d49e209f68b2767be0be5f5885f50895356099e45bba7603a1a7f77608a
resnet,independent_rms,17,bandpass_n20003_cRA_LA_LL_electrode_s20,phase2/results/predictions/full/independent_rms/resnet/seed_17/bandpass_n20003_cRA_LA_LL_electrode_s20.npz,76577,c4462a3f11e0e5491b428cf831d83fb9821c621e40294cd103fca7c63b5bf2fb
resnet,independent_rms,17,bandpass_n20003_cRA_LA_LL_electrode_s15,phase2/results/predictions/full/independent_rms/resnet/seed_17/bandpass_n20003_cRA_LA_LL_electrode_s15.npz,76547,0668a617d997f89c503b1d6c7bfa660b4d7ed3df62858e13ac1ae9ded963319f
resnet,independent_rms,17,bandpass_n20003_cRA_LA_LL_electrode_s10,phase2/results/predictions/full/independent_rms/resnet/seed_17/bandpass_n20003_cRA_LA_LL_electrode_s10.npz,76436,75b07674bfe39028729fe6fd623f56aec08a4ec0b2baa07fd492a73a9a1262f0
resnet,independent_rms,17,bandpass_n20003_cRA_LA_LL_electrode_s5,phase2/results/predictions/full/independent_rms/resnet/seed_17/bandpass_n20003_cRA_LA_LL_electrode_s5.npz,76216,1abeb3d6be2e9f42ed100e0713f5665dc72fe86ceb13dc0c8353cd533fe38538
resnet,independent_rms,17,bandpass_n20003_cRA_LA_LL_electrode_s0,phase2/results/predictions/full/independent_rms/resnet/seed_17/bandpass_n20003_cRA_LA_LL_electrode_s0.npz,75802,c788364b3ab31e250788512a4fc439af363e9fcb41fc5fe7b83da22542c9fbb3
resnet,independent_rms,17,bandpass_n20003_cRA_LA_LL_covariance_s20,phase2/results/predictions/full/independent_rms/resnet/seed_17/bandpass_n20003_cRA_LA_LL_covariance_s20.npz,76570,f33d6d0942b1dfe0b719f957a522a2a75a1bec7ffbc284ae50346f83ed314beb
resnet,independent_rms,17,bandpass_n20003_cRA_LA_LL_covariance_s15,phase2/results/predictions/full/independent_rms/resnet/seed_17/bandpass_n20003_cRA_LA_LL_covariance_s15.npz,76539,d26813555eb35020e8a694692e1dab6ec039d10a7abfdf30d9ff18d799b40a37
resnet,independent_rms,17,bandpass_n20003_cRA_LA_LL_covariance_s10,phase2/results/predictions/full/independent_rms/resnet/seed_17/bandpass_n20003_cRA_LA_LL_covariance_s10.npz,76415,fc4b5118432ca7a5671228b6674c038d68f32372a1e18e917bb955135645ab57
resnet,independent_rms,17,bandpass_n20003_cRA_LA_LL_covariance_s5,phase2/results/predictions/full/independent_rms/resnet/seed_17/bandpass_n20003_cRA_LA_LL_covariance_s5.npz,76232,a688de75d2350395c27a694b3e5fd437e0f2d5a2ce6389c8ae7d9f9f6446a780
resnet,independent_rms,17,bandpass_n20003_cRA_LA_LL_covariance_s0,phase2/results/predictions/full/independent_rms/resnet/seed_17/bandpass_n20003_cRA_LA_LL_covariance_s0.npz,75798,4e42bb03afb2267f70adb968bcf9ad1b37bf82f8094480e5451402453bb38e2c
resnet,independent_rms,17,bandpass_n20003_cV1_independent_rms_s20,phase2/results/predictions/full/independent_rms/resnet/seed_17/bandpass_n20003_cV1_independent_rms_s20.npz,76591,a086508ef58b57e2d7f4345cf7f1362469f95b7f4752a9df8e959a61d7d4117d
resnet,independent_rms,17,bandpass_n20003_cV1_independent_rms_s15,phase2/results/predictions/full/independent_rms/resnet/seed_17/bandpass_n20003_cV1_independent_rms_s15.npz,76563,8409a1fa0b057bcd6e5f1771925d0c3a7d92c327108ee2c23fa9991c81dc47a7
resnet,independent_rms,17,bandpass_n20003_cV1_independent_rms_s10,phase2/results/predictions/full/independent_rms/resnet/seed_17/bandpass_n20003_cV1_independent_rms_s10.npz,76523,2479de8cf4f90d8bc28e9698fb35fca7ac1dbf296b821191e7c2bfcfaced1d27
resnet,independent_rms,17,bandpass_n20003_cV1_independent_rms_s5,phase2/results/predictions/full/independent_rms/resnet/seed_17/bandpass_n20003_cV1_independent_rms_s5.npz,76324,530cf9486ef5aecd667c6cfbfaaba8f533e40e55ac437bd4d5ad651eeab145e2
resnet,independent_rms,17,bandpass_n20003_cV1_independent_rms_s0,phase2/results/predictions/full/independent_rms/resnet/seed_17/bandpass_n20003_cV1_independent_rms_s0.npz,76090,5b25ac1d73de0fc336f5f8f2f92609a4b7b474b0f1eeff4768ba2d3334c7cf5a
resnet,independent_rms,17,bandpass_n20003_cV1_electrode_s20,phase2/results/predictions/full/independent_rms/resnet/seed_17/bandpass_n20003_cV1_electrode_s20.npz,76551,e3ea8c0b65aff9c88581a5ff635c4a9bdc7d4759aea10d30ba099d0625de3a3e
resnet,independent_rms,17,bandpass_n20003_cV1_electrode_s15,phase2/results/predictions/full/independent_rms/resnet/seed_17/bandpass_n20003_cV1_electrode_s15.npz,76572,3b361adae6c046c9fa61d1ada57cd05b8ab1c6348400d7896050df6f069745d4
resnet,independent_rms,17,bandpass_n20003_cV1_electrode_s10,phase2/results/predictions/full/independent_rms/resnet/seed_17/bandpass_n20003_cV1_electrode_s10.npz,76497,65a51872c1652737013655ebfca7f6bfed77faa72cf02efb3a29ad7fd243abd8
resnet,independent_rms,17,bandpass_n20003_cV1_electrode_s5,phase2/results/predictions/full/independent_rms/resnet/seed_17/bandpass_n20003_cV1_electrode_s5.npz,76319,9459ec624158ab373c97da9ffe87e0b26873e8a821b3dc399c855211ab21d2c0
resnet,independent_rms,17,bandpass_n20003_cV1_electrode_s0,phase2/results/predictions/full/independent_rms/resnet/seed_17/bandpass_n20003_cV1_electrode_s0.npz,76091,43156ae55467291798cd9878468819af4ade268fbcf1489c575c21cafd8df145
resnet,independent_rms,17,bandpass_n20003_cV1_covariance_s20,phase2/results/predictions/full/independent_rms/resnet/seed_17/bandpass_n20003_cV1_covariance_s20.npz,76594,d26562e9c81824b99c038b7e9b3870775b7b6eb8b127b19107565d415397ff67
resnet,independent_rms,17,bandpass_n20003_cV1_covariance_s15,phase2/results/predictions/full/independent_rms/resnet/seed_17/bandpass_n20003_cV1_covariance_s15.npz,76576,b442404efb684ce3edfaa740ff5f753d2f019d7e3f421ed07947b4028a3ae32b
resnet,independent_rms,17,bandpass_n20003_cV1_covariance_s10,phase2/results/predictions/full/independent_rms/resnet/seed_17/bandpass_n20003_cV1_covariance_s10.npz,76479,6b16115dc114166e5ff5c1ac4a3725b8062ae6bbda26d0c0babf5c3e5084d55b
resnet,independent_rms,17,bandpass_n20003_cV1_covariance_s5,phase2/results/predictions/full/independent_rms/resnet/seed_17/bandpass_n20003_cV1_covariance_s5.npz,76312,9efb2032301967dbeca72ff7612c68238db85002e5fd25183dcf5acae0b03e23
resnet,independent_rms,17,bandpass_n20003_cV1_covariance_s0,phase2/results/predictions/full/independent_rms/resnet/seed_17/bandpass_n20003_cV1_covariance_s0.npz,76076,31beb09de3d7aaba830adfd3e2d4c01a997d6cdf9dc10919aa4a73f01cc0f961
resnet,independent_rms,17,bandpass_n20003_cV2_independent_rms_s20,phase2/results/predictions/full/independent_rms/resnet/seed_17/bandpass_n20003_cV2_independent_rms_s20.npz,76601,2cc2217680232f06add08c66deb8e9e6d5da6bb5a655fc2e123ac05104c52592
resnet,independent_rms,17,bandpass_n20003_cV2_independent_rms_s15,phase2/results/predictions/full/independent_rms/resnet/seed_17/bandpass_n20003_cV2_independent_rms_s15.npz,76580,7cc2f4843657e7530941b1ddf472c9976d51a5ee5caa7972446224e4533ad0c0
resnet,independent_rms,17,bandpass_n20003_cV2_independent_rms_s10,phase2/results/predictions/full/independent_rms/resnet/seed_17/bandpass_n20003_cV2_independent_rms_s10.npz,76535,311ed49c9bc56830678af278ff384c906aaa936e64f13045eac0cea54b312483
resnet,independent_rms,17,bandpass_n20003_cV2_independent_rms_s5,phase2/results/predictions/full/independent_rms/resnet/seed_17/bandpass_n20003_cV2_independent_rms_s5.npz,76405,a2f495da438a058368eb1cf6f565885f2b927956628208b7b998e6c9db00eba5
resnet,independent_rms,17,bandpass_n20003_cV2_independent_rms_s0,phase2/results/predictions/full/independent_rms/resnet/seed_17/bandpass_n20003_cV2_independent_rms_s0.npz,76168,ca2291704ef767f0965ff565967e3ad5d46088ae54aab749cb2ac9b156f18412
resnet,independent_rms,17,bandpass_n20003_cV2_electrode_s20,phase2/results/predictions/full/independent_rms/resnet/seed_17/bandpass_n20003_cV2_electrode_s20.npz,76607,42e2264b52a0eeb3d7495af784cd9d7b3164af397f46bc196736cd3010085890
resnet,independent_rms,17,bandpass_n20003_cV2_electrode_s15,phase2/results/predictions/full/independent_rms/resnet/seed_17/bandpass_n20003_cV2_electrode_s15.npz,76575,353fad96ec1ef585da9dd0366a1279f480d483ca2c1f4354d1f59e0f0598f5c3
resnet,independent_rms,17,bandpass_n20003_cV2_electrode_s10,phase2/results/predictions/full/independent_rms/resnet/seed_17/bandpass_n20003_cV2_electrode_s10.npz,76496,360f97e19ae967d6ef7f121c15952a3a569912beffdb35b9375905f0d080f21b
resnet,independent_rms,17,bandpass_n20003_cV2_electrode_s5,phase2/results/predictions/full/independent_rms/resnet/seed_17/bandpass_n20003_cV2_electrode_s5.npz,76399,e1ff7e38a7199809f8cc260573c43e743a6339b281ee644a791bbb28b72641fa
resnet,independent_rms,17,bandpass_n20003_cV2_electrode_s0,phase2/results/predictions/full/independent_rms/resnet/seed_17/bandpass_n20003_cV2_electrode_s0.npz,76149,9decf01c45e99340fa9e66e7b4e72f60c0020c54054553cf70783f6a2e83c8cb
resnet,independent_rms,17,bandpass_n20003_cV2_covariance_s20,phase2/results/predictions/full/independent_rms/resnet/seed_17/bandpass_n20003_cV2_covariance_s20.npz,76619,f526afdb95353da6e0e80138db6c2f1f0f4577815162589789a3214eb3909511
resnet,independent_rms,17,bandpass_n20003_cV2_covariance_s15,phase2/results/predictions/full/independent_rms/resnet/seed_17/bandpass_n20003_cV2_covariance_s15.npz,76577,598f7f7cc58f63cf5750315450dfb2d84b8548a70c06e4a9d528e706e2cc97e0
resnet,independent_rms,17,bandpass_n20003_cV2_covariance_s10,phase2/results/predictions/full/independent_rms/resnet/seed_17/bandpass_n20003_cV2_covariance_s10.npz,76519,e3cfeaf530a6283ca024487aafc6dd1b54b75162557948e97b6e58b50996b532
resnet,independent_rms,17,bandpass_n20003_cV2_covariance_s5,phase2/results/predictions/full/independent_rms/resnet/seed_17/bandpass_n20003_cV2_covariance_s5.npz,76356,df5c89a3baa66593a09ae5fae49ce69fb47faf9744bcdb89e56a13198584d1e9
resnet,independent_rms,17,bandpass_n20003_cV2_covariance_s0,phase2/results/predictions/full/independent_rms/resnet/seed_17/bandpass_n20003_cV2_covariance_s0.npz,76146,e58a8e57c25e40a59fd61c1f2de0a664710974c15c1e2881ea0ad1fa87ffa9d2
resnet,independent_rms,17,bandpass_n20003_cV3_independent_rms_s20,phase2/results/predictions/full/independent_rms/resnet/seed_17/bandpass_n20003_cV3_independent_rms_s20.npz,76607,d2189e4ded42c2b092d5d37a4d131884d65be18d0c4595370791c627d9376e63
resnet,independent_rms,17,bandpass_n20003_cV3_independent_rms_s15,phase2/results/predictions/full/independent_rms/resnet/seed_17/bandpass_n20003_cV3_independent_rms_s15.npz,76620,53c4c8033721867ab1e87362f67dc846a092464d40e148d214085ffe6414fb32
resnet,independent_rms,17,bandpass_n20003_cV3_independent_rms_s10,phase2/results/predictions/full/independent_rms/resnet/seed_17/bandpass_n20003_cV3_independent_rms_s10.npz,76566,efdc12690bc2f3d050cc7bde00454dad1691c9ada05b6039ad31c1f621d982b9
resnet,independent_rms,17,bandpass_n20003_cV3_independent_rms_s5,phase2/results/predictions/full/independent_rms/resnet/seed_17/bandpass_n20003_cV3_independent_rms_s5.npz,76383,48cedfae32202ae88b170708fe4bd4a588e2808831d3e5ba4ea97977802ec0d9
resnet,independent_rms,17,bandpass_n20003_cV3_independent_rms_s0,phase2/results/predictions/full/independent_rms/resnet/seed_17/bandpass_n20003_cV3_independent_rms_s0.npz,76129,6f33443da616fb125d442f320a0f4e9c204ab656f536492ad483e09e751346fe
resnet,independent_rms,17,bandpass_n20003_cV3_electrode_s20,phase2/results/predictions/full/independent_rms/resnet/seed_17/bandpass_n20003_cV3_electrode_s20.npz,76623,695b9f85099db73ee972e9b00c0c5e1473b0b78c3184bf58383c6153d0623e69
resnet,independent_rms,17,bandpass_n20003_cV3_electrode_s15,phase2/results/predictions/full/independent_rms/resnet/seed_17/bandpass_n20003_cV3_electrode_s15.npz,76569,1c89d51a8cfc46e8c957b0ae4ff2453717cfb38253db6d52cad122f6e7050778
resnet,independent_rms,17,bandpass_n20003_cV3_electrode_s10,phase2/results/predictions/full/independent_rms/resnet/seed_17/bandpass_n20003_cV3_electrode_s10.npz,76533,d6a179aca38ddc5ab57f5c1e781d3d532783a083a795767c3900c0bff61c11ed
resnet,independent_rms,17,bandpass_n20003_cV3_electrode_s5,phase2/results/predictions/full/independent_rms/resnet/seed_17/bandpass_n20003_cV3_electrode_s5.npz,76386,14d34051828ce8f3d64ae35c5f7324570a0312c3d1f93d7a30462add7c467010
resnet,independent_rms,17,bandpass_n20003_cV3_electrode_s0,phase2/results/predictions/full/independent_rms/resnet/seed_17/bandpass_n20003_cV3_electrode_s0.npz,76136,d02e502a710a26c72ab4f5907b396f29fe15cda19bdcd94bd57a681a2344aae0
resnet,independent_rms,17,bandpass_n20003_cV3_covariance_s20,phase2/results/predictions/full/independent_rms/resnet/seed_17/bandpass_n20003_cV3_covariance_s20.npz,76607,3752ff8d29eff4408b968e86e35e3438023df927c139389b76ed84a1c3d282f4
resnet,independent_rms,17,bandpass_n20003_cV3_covariance_s15,phase2/results/predictions/full/independent_rms/resnet/seed_17/bandpass_n20003_cV3_covariance_s15.npz,76563,29ff8239ae286973729a3cce03a6474efe02f87a7caf542031fcde1d1dd28a74
resnet,independent_rms,17,bandpass_n20003_cV3_covariance_s10,phase2/results/predictions/full/independent_rms/resnet/seed_17/bandpass_n20003_cV3_covariance_s10.npz,76548,628f35e94238d4dd95d7571db4f7df321af0083625efb01dd9e8fcd84a422776
resnet,independent_rms,17,bandpass_n20003_cV3_covariance_s5,phase2/results/predictions/full/independent_rms/resnet/seed_17/bandpass_n20003_cV3_covariance_s5.npz,76391,63f097816b7626b95b66a7037683990ba8f9f3991895c53b6009b278ceac5c76
resnet,independent_rms,17,bandpass_n20003_cV3_covariance_s0,phase2/results/predictions/full/independent_rms/resnet/seed_17/bandpass_n20003_cV3_covariance_s0.npz,76154,be11cb48e4d911ebcaa7e2daa528d8b4a2f61620e5866c0c64b15daebc0d1dc9
resnet,independent_rms,17,bandpass_n20003_cV4_independent_rms_s20,phase2/results/predictions/full/independent_rms/resnet/seed_17/bandpass_n20003_cV4_independent_rms_s20.npz,76595,4c730a6d5a33e628cdf1e27168876450f62402ca5be06fe9ab3432c91f4051fb
resnet,independent_rms,17,bandpass_n20003_cV4_independent_rms_s15,phase2/results/predictions/full/independent_rms/resnet/seed_17/bandpass_n20003_cV4_independent_rms_s15.npz,76585,52ac34925211815dc190605e3e25e74fa29a93de4a53a5925695d179874fea76
resnet,independent_rms,17,bandpass_n20003_cV4_independent_rms_s10,phase2/results/predictions/full/independent_rms/resnet/seed_17/bandpass_n20003_cV4_independent_rms_s10.npz,76557,b38423bd4d93f1d68bd9edccecc507842ad7abc6648e161d5c433a392c71a3b6
resnet,independent_rms,17,bandpass_n20003_cV4_independent_rms_s5,phase2/results/predictions/full/independent_rms/resnet/seed_17/bandpass_n20003_cV4_independent_rms_s5.npz,76421,2895290952ab5294689c0bf1b4b3fcd31f41ceebaa905d15e12e75b8a6f35071
resnet,independent_rms,17,bandpass_n20003_cV4_independent_rms_s0,phase2/results/predictions/full/independent_rms/resnet/seed_17/bandpass_n20003_cV4_independent_rms_s0.npz,76253,c2e80460b40bca97e12e5896ac13bc79152bd2a1f397fcc940ba6f1d6d555ab1
resnet,independent_rms,17,bandpass_n20003_cV4_electrode_s20,phase2/results/predictions/full/independent_rms/resnet/seed_17/bandpass_n20003_cV4_electrode_s20.npz,76615,c8a97c3f176572410a5e32390be81713a6b3b50fb9cbde805f95518539fba71e
resnet,independent_rms,17,bandpass_n20003_cV4_electrode_s15,phase2/results/predictions/full/independent_rms/resnet/seed_17/bandpass_n20003_cV4_electrode_s15.npz,76581,e7ccb44d66b13da12b5e8c2e6f359ba852e398387bc9e3e4f21a383d808a81c8
resnet,independent_rms,17,bandpass_n20003_cV4_electrode_s10,phase2/results/predictions/full/independent_rms/resnet/seed_17/bandpass_n20003_cV4_electrode_s10.npz,76550,3f57e513ffc9cd3bb23d6e88aab8efd6bae77ead7698e79df5afe0bbffaa75d6
resnet,independent_rms,17,bandpass_n20003_cV4_electrode_s5,phase2/results/predictions/full/independent_rms/resnet/seed_17/bandpass_n20003_cV4_electrode_s5.npz,76394,2543a7d9715972c53eb283c9a547cc10ce1277e5949cc63163e52277dd2cd986
resnet,independent_rms,17,bandpass_n20003_cV4_electrode_s0,phase2/results/predictions/full/independent_rms/resnet/seed_17/bandpass_n20003_cV4_electrode_s0.npz,76232,77532f2a2367baaff25dcdf645563ee6ac2dcb3bd9f05b2329db7fb3506f1e36
resnet,independent_rms,17,bandpass_n20003_cV4_covariance_s20,phase2/results/predictions/full/independent_rms/resnet/seed_17/bandpass_n20003_cV4_covariance_s20.npz,76580,e30ee5ab50cbee6302c5b4a3b072649862175052356a319e5a2d2613d0b2f6e8
resnet,independent_rms,17,bandpass_n20003_cV4_covariance_s15,phase2/results/predictions/full/independent_rms/resnet/seed_17/bandpass_n20003_cV4_covariance_s15.npz,76568,8db43a6f739dfe5e91d5dcc20ceb68014eb8417025f71772f6f0d3714ccd6977
resnet,independent_rms,17,bandpass_n20003_cV4_covariance_s10,phase2/results/predictions/full/independent_rms/resnet/seed_17/bandpass_n20003_cV4_covariance_s10.npz,76549,62e35e65f6de18312dc4772cae00f94edcc15a96e6fbb7b8ce8d0e8b030b7160
resnet,independent_rms,17,bandpass_n20003_cV4_covariance_s5,phase2/results/predictions/full/independent_rms/resnet/seed_17/bandpass_n20003_cV4_covariance_s5.npz,76425,c975942780bb4e9cae9777ef228e52e38cdcfc6e9ea30e17d6b0fb3058f421b9
resnet,independent_rms,17,bandpass_n20003_cV4_covariance_s0,phase2/results/predictions/full/independent_rms/resnet/seed_17/bandpass_n20003_cV4_covariance_s0.npz,76240,958a4ca17e93aeb63904ebe813af2dbb3eae6bfab5348261cf33821c868da667
resnet,independent_rms,17,bandpass_n20003_cV5_independent_rms_s20,phase2/results/predictions/full/independent_rms/resnet/seed_17/bandpass_n20003_cV5_independent_rms_s20.npz,76607,cb3097437f680365e9d8374485646ed0dddb2982823513e0327673cfff490a45
resnet,independent_rms,17,bandpass_n20003_cV5_independent_rms_s15,phase2/results/predictions/full/independent_rms/resnet/seed_17/bandpass_n20003_cV5_independent_rms_s15.npz,76612,a5fe647f14ebaa37b986c2e35750ea5a6ba9b8308b6b6d6b7504be082e6a6140
resnet,independent_rms,17,bandpass_n20003_cV5_independent_rms_s10,phase2/results/predictions/full/independent_rms/resnet/seed_17/bandpass_n20003_cV5_independent_rms_s10.npz,76527,93a459cb3c7d164a89c9a60c105e99010d8b71c8e4a6b89357043792566ca573
resnet,independent_rms,17,bandpass_n20003_cV5_independent_rms_s5,phase2/results/predictions/full/independent_rms/resnet/seed_17/bandpass_n20003_cV5_independent_rms_s5.npz,76351,a475dceb0f798740e4891c82f9d3d0b98bce6c0bff92075a9bf933223e1968ae
resnet,independent_rms,17,bandpass_n20003_cV5_independent_rms_s0,phase2/results/predictions/full/independent_rms/resnet/seed_17/bandpass_n20003_cV5_independent_rms_s0.npz,76055,4b58268591c4456de75e12b89cb2761b5fd2cd8e2aa0e8d9c29d4d64331ae991
resnet,independent_rms,17,bandpass_n20003_cV5_electrode_s20,phase2/results/predictions/full/independent_rms/resnet/seed_17/bandpass_n20003_cV5_electrode_s20.npz,76600,0ecaea0b530ca4174945c7c2cf459259f1491650494cd3cc4c50a591b787a410
resnet,independent_rms,17,bandpass_n20003_cV5_electrode_s15,phase2/results/predictions/full/independent_rms/resnet/seed_17/bandpass_n20003_cV5_electrode_s15.npz,76565,2d34312cbb9c1d99ee5b4877d1b65520f1178f78fc7367f63c1990a210a49d17
resnet,independent_rms,17,bandpass_n20003_cV5_electrode_s10,phase2/results/predictions/full/independent_rms/resnet/seed_17/bandpass_n20003_cV5_electrode_s10.npz,76499,a0d38e5110ffc46021169eed9b4d5fc4c0fa2a405ca18d048f9c6e278c578057
resnet,independent_rms,17,bandpass_n20003_cV5_electrode_s5,phase2/results/predictions/full/independent_rms/resnet/seed_17/bandpass_n20003_cV5_electrode_s5.npz,76352,5006cb1fb25f657ad5bb31e67b0ef58c7e398342d18476f5ab2cd087507fc3c6
resnet,independent_rms,17,bandpass_n20003_cV5_electrode_s0,phase2/results/predictions/full/independent_rms/resnet/seed_17/bandpass_n20003_cV5_electrode_s0.npz,76047,8fd2d5822bbe35e70d6bd921afda393aca12ce51b811b65a70801836f3259a00
resnet,independent_rms,17,bandpass_n20003_cV5_covariance_s20,phase2/results/predictions/full/independent_rms/resnet/seed_17/bandpass_n20003_cV5_covariance_s20.npz,76597,805d739de0d2e49f54286edb7a042433eb1c272ccef9a99aa3e18531c0b0f18c
resnet,independent_rms,17,bandpass_n20003_cV5_covariance_s15,phase2/results/predictions/full/independent_rms/resnet/seed_17/bandpass_n20003_cV5_covariance_s15.npz,76546,e9c9c85342226f5a2afba4cd6617e42f21f0bb3f5e8a622b9e3326b700be4382
resnet,independent_rms,17,bandpass_n20003_cV5_covariance_s10,phase2/results/predictions/full/independent_rms/resnet/seed_17/bandpass_n20003_cV5_covariance_s10.npz,76490,0db3592ce2cf74ef83c474d03e971bd51d40fc2751e771056b63492b74f90689
resnet,independent_rms,17,bandpass_n20003_cV5_covariance_s5,phase2/results/predictions/full/independent_rms/resnet/seed_17/bandpass_n20003_cV5_covariance_s5.npz,76342,f60ea18bf0d98003e07583b5af940329eb8c277f3f4132b8b93fe62c9e72738e
resnet,independent_rms,17,bandpass_n20003_cV5_covariance_s0,phase2/results/predictions/full/independent_rms/resnet/seed_17/bandpass_n20003_cV5_covariance_s0.npz,76033,d39b6549b80c1711fd9228597aad5de6882327053ccefb4c3afae2e59d31a98b
resnet,independent_rms,17,bandpass_n20003_cV6_independent_rms_s20,phase2/results/predictions/full/independent_rms/resnet/seed_17/bandpass_n20003_cV6_independent_rms_s20.npz,76595,fe65e7c2cefb36bab0e6c10f6eeb8281708fe082dee42a777f3745bc0f3981cb
resnet,independent_rms,17,bandpass_n20003_cV6_independent_rms_s15,phase2/results/predictions/full/independent_rms/resnet/seed_17/bandpass_n20003_cV6_independent_rms_s15.npz,76575,aef7db8abb083623eb5d5038434b015dd9d22ec6ea7aa2fa7d644f86ec0515d2
resnet,independent_rms,17,bandpass_n20003_cV6_independent_rms_s10,phase2/results/predictions/full/independent_rms/resnet/seed_17/bandpass_n20003_cV6_independent_rms_s10.npz,76501,6249232d1141e0eb88c45281316abc1eb0feaf10fc9dfb2c8a89de1e9bc8e4ba
resnet,independent_rms,17,bandpass_n20003_cV6_independent_rms_s5,phase2/results/predictions/full/independent_rms/resnet/seed_17/bandpass_n20003_cV6_independent_rms_s5.npz,76406,b1add137762e5714c663ca504b00839d1ce3b73159ae2be2e4f5395387f23eb7
resnet,independent_rms,17,bandpass_n20003_cV6_independent_rms_s0,phase2/results/predictions/full/independent_rms/resnet/seed_17/bandpass_n20003_cV6_independent_rms_s0.npz,76194,f34a03c0e0c40a621d674d49c0e5b39d93bdcc853f82c3c33c1ac30df0990e0e
resnet,independent_rms,17,bandpass_n20003_cV6_electrode_s20,phase2/results/predictions/full/independent_rms/resnet/seed_17/bandpass_n20003_cV6_electrode_s20.npz,76592,48eae8630da044a3761af8943f12e61ef6612653533ac12d18c0c5b81d4fc425
resnet,independent_rms,17,bandpass_n20003_cV6_electrode_s15,phase2/results/predictions/full/independent_rms/resnet/seed_17/bandpass_n20003_cV6_electrode_s15.npz,76536,0638a0fc0e34f58cda352116d49b8bb1cad0dbe9b5ae2a3d8f50bde29f86dc9b
resnet,independent_rms,17,bandpass_n20003_cV6_electrode_s10,phase2/results/predictions/full/independent_rms/resnet/seed_17/bandpass_n20003_cV6_electrode_s10.npz,76492,92a8070f9b9253a8a3d2ed1b7e34d14992752f096485088e1044247dc5e9b398
resnet,independent_rms,17,bandpass_n20003_cV6_electrode_s5,phase2/results/predictions/full/independent_rms/resnet/seed_17/bandpass_n20003_cV6_electrode_s5.npz,76372,7ae69c8095c5bd23faa5a4920bfe753f9411ef3747e5598dc3c80c42339b4c0a
resnet,independent_rms,17,bandpass_n20003_cV6_electrode_s0,phase2/results/predictions/full/independent_rms/resnet/seed_17/bandpass_n20003_cV6_electrode_s0.npz,76203,a2ee93b976c5968366ef9553a8a61fd28adff382f5877eba80275cd1d78af98c
resnet,independent_rms,17,bandpass_n20003_cV6_covariance_s20,phase2/results/predictions/full/independent_rms/resnet/seed_17/bandpass_n20003_cV6_covariance_s20.npz,76591,14e125fcc72267263c49a38170053ef0267f1543fdee6eec748dd66fc2a3e0eb
resnet,independent_rms,17,bandpass_n20003_cV6_covariance_s15,phase2/results/predictions/full/independent_rms/resnet/seed_17/bandpass_n20003_cV6_covariance_s15.npz,76547,3b970c3844f580a5a466f7382e9f4e39fc6802b4f5ae60d2cebdc41e4f2afcdc
resnet,independent_rms,17,bandpass_n20003_cV6_covariance_s10,phase2/results/predictions/full/independent_rms/resnet/seed_17/bandpass_n20003_cV6_covariance_s10.npz,76536,6af4e8ba6f857df6fbe3f6dfa40d93ca89a981deb169856583cc895bca8af775
resnet,independent_rms,17,bandpass_n20003_cV6_covariance_s5,phase2/results/predictions/full/independent_rms/resnet/seed_17/bandpass_n20003_cV6_covariance_s5.npz,76423,b04071900f2357b0feaacbd9cfc97306c669cb6104b767eff46f729e6dfd38a8
resnet,independent_rms,17,bandpass_n20003_cV6_covariance_s0,phase2/results/predictions/full/independent_rms/resnet/seed_17/bandpass_n20003_cV6_covariance_s0.npz,76171,891b02bc291cff6ea9a52ed06e39bba550a7bb78f8dcccadb3114a26ec477ec3
resnet,independent_rms,17,bandpass_n20003_cRA_LA_independent_rms_s20,phase2/results/predictions/full/independent_rms/resnet/seed_17/bandpass_n20003_cRA_LA_independent_rms_s20.npz,76596,56990d255e29329e604d8af9a7e75a6e0fe41f6eac4f8176513b669a17fe64b5
resnet,independent_rms,17,bandpass_n20003_cRA_LA_independent_rms_s15,phase2/results/predictions/full/independent_rms/resnet/seed_17/bandpass_n20003_cRA_LA_independent_rms_s15.npz,76600,3e28c743110fe54e12587a4176834a7f8162e722c79250a5b228bfd9823c8be0
resnet,independent_rms,17,bandpass_n20003_cRA_LA_independent_rms_s10,phase2/results/predictions/full/independent_rms/resnet/seed_17/bandpass_n20003_cRA_LA_independent_rms_s10.npz,76521,fa62696a2312dfc09598bd16a04d92ffe1abfb36ba35bad44978bdcb7aa5a6cc
resnet,independent_rms,17,bandpass_n20003_cRA_LA_independent_rms_s5,phase2/results/predictions/full/independent_rms/resnet/seed_17/bandpass_n20003_cRA_LA_independent_rms_s5.npz,76372,fcd7deb5d2809381e834db2d5db422c8482fd8bb7968ec2bff2a83bf86344060
resnet,independent_rms,17,bandpass_n20003_cRA_LA_independent_rms_s0,phase2/results/predictions/full/independent_rms/resnet/seed_17/bandpass_n20003_cRA_LA_independent_rms_s0.npz,76061,e7bcc73441fa1a4797bbc51bc72d096491350f2bdd56e48bdb32e8b23d6f1c86
resnet,independent_rms,17,bandpass_n20003_cRA_LA_electrode_s20,phase2/results/predictions/full/independent_rms/resnet/seed_17/bandpass_n20003_cRA_LA_electrode_s20.npz,76553,70a60eedf4fcd9e2062e393447b938456c2cb9666e48d37c2c9075c6a7bc5968
resnet,independent_rms,17,bandpass_n20003_cRA_LA_electrode_s15,phase2/results/predictions/full/independent_rms/resnet/seed_17/bandpass_n20003_cRA_LA_electrode_s15.npz,76585,f589c3fb0d0529d858933345d69828925e0deab8cb6de2f7ca5c562f0fab50aa
resnet,independent_rms,17,bandpass_n20003_cRA_LA_electrode_s10,phase2/results/predictions/full/independent_rms/resnet/seed_17/bandpass_n20003_cRA_LA_electrode_s10.npz,76430,3d9c5802ca1c207063b0f830efc00ed81293dc5af686b476d42a4b9bc87e0f67
resnet,independent_rms,17,bandpass_n20003_cRA_LA_electrode_s5,phase2/results/predictions/full/independent_rms/resnet/seed_17/bandpass_n20003_cRA_LA_electrode_s5.npz,76218,288e6d1489914a255bdd815640720a0ea135ff8fed3e59905c064df65f201379
resnet,independent_rms,17,bandpass_n20003_cRA_LA_electrode_s0,phase2/results/predictions/full/independent_rms/resnet/seed_17/bandpass_n20003_cRA_LA_electrode_s0.npz,75850,b5560cf23f7c503f2eec5536c72a23522320252494f3bd23a8ee8f237b03af8c
resnet,independent_rms,17,bandpass_n20003_cRA_LA_covariance_s20,phase2/results/predictions/full/independent_rms/resnet/seed_17/bandpass_n20003_cRA_LA_covariance_s20.npz,76581,8339e4e09a70dab7eaa2d622c1a198cc8e697757c3fe02b3cd61d66ea3035f4b
resnet,independent_rms,17,bandpass_n20003_cRA_LA_covariance_s15,phase2/results/predictions/full/independent_rms/resnet/seed_17/bandpass_n20003_cRA_LA_covariance_s15.npz,76547,573d715c5657e44a1e5c27207b34cd04d3763a69f00bd030072c10f4bc05769c
resnet,independent_rms,17,bandpass_n20003_cRA_LA_covariance_s10,phase2/results/predictions/full/independent_rms/resnet/seed_17/bandpass_n20003_cRA_LA_covariance_s10.npz,76411,98877d95b640989da4ad3db0b29043de29b7cc46cdde9879b0fd2ade6ab8e921
resnet,independent_rms,17,bandpass_n20003_cRA_LA_covariance_s5,phase2/results/predictions/full/independent_rms/resnet/seed_17/bandpass_n20003_cRA_LA_covariance_s5.npz,76249,65f63faa896b49ae9a883ab1602b7daa17dbcb4e9d8c7612ba31fd4d881e390b
resnet,independent_rms,17,bandpass_n20003_cRA_LA_covariance_s0,phase2/results/predictions/full/independent_rms/resnet/seed_17/bandpass_n20003_cRA_LA_covariance_s0.npz,75895,0f4b47037ef64edd98df2f814ecd3af037a8cfcacc7ecd991b4391b9ea661ea3
resnet,independent_rms,17,bandpass_n20003_cLA_LL_independent_rms_s20,phase2/results/predictions/full/independent_rms/resnet/seed_17/bandpass_n20003_cLA_LL_independent_rms_s20.npz,76613,654bbe3e02b013aa93a2b8ba7550d28c09937106e6f927bb7492c26fedfb6095
resnet,independent_rms,17,bandpass_n20003_cLA_LL_independent_rms_s15,phase2/results/predictions/full/independent_rms/resnet/seed_17/bandpass_n20003_cLA_LL_independent_rms_s15.npz,76587,7ee2596a4d4eca3866d20788a15132692b3c0dcbe5360ca6a1a705903c7fad34
resnet,independent_rms,17,bandpass_n20003_cLA_LL_independent_rms_s10,phase2/results/predictions/full/independent_rms/resnet/seed_17/bandpass_n20003_cLA_LL_independent_rms_s10.npz,76527,3039fc1bf27bd5e8e294512c6bf25cd8cbfb1302d12f3bca83ae5a87da4c5587
resnet,independent_rms,17,bandpass_n20003_cLA_LL_independent_rms_s5,phase2/results/predictions/full/independent_rms/resnet/seed_17/bandpass_n20003_cLA_LL_independent_rms_s5.npz,76349,15f04e428adfbe3c2fe684cd39b16438b2281662332fb8961d9a1f4b9d1179c6
resnet,independent_rms,17,bandpass_n20003_cLA_LL_independent_rms_s0,phase2/results/predictions/full/independent_rms/resnet/seed_17/bandpass_n20003_cLA_LL_independent_rms_s0.npz,76074,b3612ad8c66d0b719c3b6a4b3172827e9cb45188c5b837f121af1bab083d7695
resnet,independent_rms,17,bandpass_n20003_cLA_LL_electrode_s20,phase2/results/predictions/full/independent_rms/resnet/seed_17/bandpass_n20003_cLA_LL_electrode_s20.npz,76564,b2d72a9aa617589302bf9d9653983e8a3d0b7248fbfb7eeee9852465de224285
resnet,independent_rms,17,bandpass_n20003_cLA_LL_electrode_s15,phase2/results/predictions/full/independent_rms/resnet/seed_17/bandpass_n20003_cLA_LL_electrode_s15.npz,76541,98549e80748ea8ec9ab059fb07bada62eccbc316ba723951a23b913fefa9329c
resnet,independent_rms,17,bandpass_n20003_cLA_LL_electrode_s10,phase2/results/predictions/full/independent_rms/resnet/seed_17/bandpass_n20003_cLA_LL_electrode_s10.npz,76427,9261b753d625db58ae59ae5f6f2cf95e6efed0fdbd14f273040138433c6736f4
resnet,independent_rms,17,bandpass_n20003_cLA_LL_electrode_s5,phase2/results/predictions/full/independent_rms/resnet/seed_17/bandpass_n20003_cLA_LL_electrode_s5.npz,76209,83c3c69a1161362d64563416c8e9bac7bdbb75354597bb59acd0ee005a515623
resnet,independent_rms,17,bandpass_n20003_cLA_LL_electrode_s0,phase2/results/predictions/full/independent_rms/resnet/seed_17/bandpass_n20003_cLA_LL_electrode_s0.npz,75834,6aaedaf641ee6763e3ee3cd9e88d686689529fb6a8ae52897771472db2ade948
resnet,independent_rms,17,bandpass_n20003_cLA_LL_covariance_s20,phase2/results/predictions/full/independent_rms/resnet/seed_17/bandpass_n20003_cLA_LL_covariance_s20.npz,76575,8da723243ff914ea88e23cbd5928ff8ad3dbfdd3a849c2079793c6636e3938af
resnet,independent_rms,17,bandpass_n20003_cLA_LL_covariance_s15,phase2/results/predictions/full/independent_rms/resnet/seed_17/bandpass_n20003_cLA_LL_covariance_s15.npz,76543,9c5676452ee789b285f0fef054df2038ee78b7842b1ef8dec4130361be89be61
resnet,independent_rms,17,bandpass_n20003_cLA_LL_covariance_s10,phase2/results/predictions/full/independent_rms/resnet/seed_17/bandpass_n20003_cLA_LL_covariance_s10.npz,76436,b97a83c4936e8c42b3c5c46fe413371a1f7a273b4fbc3913e56ea6837ef3198b
resnet,independent_rms,17,bandpass_n20003_cLA_LL_covariance_s5,phase2/results/predictions/full/independent_rms/resnet/seed_17/bandpass_n20003_cLA_LL_covariance_s5.npz,76218,e22bc6e53292ccf805911ade1ab07ed671391cd26f35c09216058d8d9f4fd17a
resnet,independent_rms,17,bandpass_n20003_cLA_LL_covariance_s0,phase2/results/predictions/full/independent_rms/resnet/seed_17/bandpass_n20003_cLA_LL_covariance_s0.npz,75836,a3675b64a2cae753e1fb5a564600e87e80385a9ebbc89555af816ccd5c8d3cf4
resnet,independent_rms,17,bandpass_n20003_cRA_LL_independent_rms_s20,phase2/results/predictions/full/independent_rms/resnet/seed_17/bandpass_n20003_cRA_LL_independent_rms_s20.npz,76607,682302960b7836d1af8a3f856fb25472219ff1712879f5625c4fe62da9a2e158
resnet,independent_rms,17,bandpass_n20003_cRA_LL_independent_rms_s15,phase2/results/predictions/full/independent_rms/resnet/seed_17/bandpass_n20003_cRA_LL_independent_rms_s15.npz,76578,88137e84bc2e662b8753d138b8f69437a4b400b0cd0d34fe040e908fcca059dd
resnet,independent_rms,17,bandpass_n20003_cRA_LL_independent_rms_s10,phase2/results/predictions/full/independent_rms/resnet/seed_17/bandpass_n20003_cRA_LL_independent_rms_s10.npz,76504,ea5f43946a06a904f53d4431c8b55aaae55fac13f69dba99309c0d18ae2f19c0
resnet,independent_rms,17,bandpass_n20003_cRA_LL_independent_rms_s5,phase2/results/predictions/full/independent_rms/resnet/seed_17/bandpass_n20003_cRA_LL_independent_rms_s5.npz,76350,b40e26ed1dd8a618027d16dc0c3031bd76e21bac39fc037d405fe92dac4d133c
resnet,independent_rms,17,bandpass_n20003_cRA_LL_independent_rms_s0,phase2/results/predictions/full/independent_rms/resnet/seed_17/bandpass_n20003_cRA_LL_independent_rms_s0.npz,76054,72771913ebd437a68e817c8695e60d2d59cbb978dee98cac82b1cd8b2ee962e4
resnet,independent_rms,17,bandpass_n20003_cRA_LL_electrode_s20,phase2/results/predictions/full/independent_rms/resnet/seed_17/bandpass_n20003_cRA_LL_electrode_s20.npz,76566,af5ab4a6e2d6e027470937c79365ee1d89dbb04dc6f05d56586c233edba669eb
resnet,independent_rms,17,bandpass_n20003_cRA_LL_electrode_s15,phase2/results/predictions/full/independent_rms/resnet/seed_17/bandpass_n20003_cRA_LL_electrode_s15.npz,76560,c6651694fb6080f637008d59fc597bdd0cd0f33f18f83d8783d41fe0e41504b4
resnet,independent_rms,17,bandpass_n20003_cRA_LL_electrode_s10,phase2/results/predictions/full/independent_rms/resnet/seed_17/bandpass_n20003_cRA_LL_electrode_s10.npz,76394,3120d32e01cb0104c001c9e8d0e6786498f536159965c1efb75918a60f9ce7a1
resnet,independent_rms,17,bandpass_n20003_cRA_LL_electrode_s5,phase2/results/predictions/full/independent_rms/resnet/seed_17/bandpass_n20003_cRA_LL_electrode_s5.npz,76163,d6a0f458470e4a921f4a978d30b0c03d8a1f61bd747a992ee4b994b4207e2f02
resnet,independent_rms,17,bandpass_n20003_cRA_LL_electrode_s0,phase2/results/predictions/full/independent_rms/resnet/seed_17/bandpass_n20003_cRA_LL_electrode_s0.npz,75821,ccf55025f8a217c546efe94438291d171febcde0cad841ed12509cc2ebf347da
resnet,independent_rms,17,bandpass_n20003_cRA_LL_covariance_s20,phase2/results/predictions/full/independent_rms/resnet/seed_17/bandpass_n20003_cRA_LL_covariance_s20.npz,76589,736ce8508a1559e0dc67fc4fa76d7af4310273f83976ba4ccd105546e4b707f9
resnet,independent_rms,17,bandpass_n20003_cRA_LL_covariance_s15,phase2/results/predictions/full/independent_rms/resnet/seed_17/bandpass_n20003_cRA_LL_covariance_s15.npz,76533,ee99f912ab4c0b31ed4f6443361972dd2be4625db15078fdf0ff952fb9380b9e
resnet,independent_rms,17,bandpass_n20003_cRA_LL_covariance_s10,phase2/results/predictions/full/independent_rms/resnet/seed_17/bandpass_n20003_cRA_LL_covariance_s10.npz,76405,8a99de73825b117f5934a39258a04f7e31926e4f647bc44c012fc02044785496
resnet,independent_rms,17,bandpass_n20003_cRA_LL_covariance_s5,phase2/results/predictions/full/independent_rms/resnet/seed_17/bandpass_n20003_cRA_LL_covariance_s5.npz,76214,6812c64685afb05e71419f422cbd253c654b54d1be899eaade228d6e7bd176cd
resnet,independent_rms,17,bandpass_n20003_cRA_LL_covariance_s0,phase2/results/predictions/full/independent_rms/resnet/seed_17/bandpass_n20003_cRA_LL_covariance_s0.npz,75789,9bde4fda2eb13f2adfbd75ec969b3b0d432f59ee229739b2113bf42e77d8c555
resnet,independent_rms,17,bandpass_n20003_cRA_independent_rms_s20,phase2/results/predictions/full/independent_rms/resnet/seed_17/bandpass_n20003_cRA_independent_rms_s20.npz,76571,5ba121d7b836a7417bc9e75a7c93893c39d37748de5618ca64b6ba928259bc28
resnet,independent_rms,17,bandpass_n20003_cRA_independent_rms_s15,phase2/results/predictions/full/independent_rms/resnet/seed_17/bandpass_n20003_cRA_independent_rms_s15.npz,76589,819c1dba1007806c1f6361b07d8a86288ac41bb86b4cce52d8481ab18d25591a
resnet,independent_rms,17,bandpass_n20003_cRA_independent_rms_s10,phase2/results/predictions/full/independent_rms/resnet/seed_17/bandpass_n20003_cRA_independent_rms_s10.npz,76526,653c92b35b252688205272595d9fb7548375c317aa7ee6d40fd37ac966bf4b68
resnet,independent_rms,17,bandpass_n20003_cRA_independent_rms_s5,phase2/results/predictions/full/independent_rms/resnet/seed_17/bandpass_n20003_cRA_independent_rms_s5.npz,76317,c0926268789267f73de97b75450d21197c58344e67537138e859557bb808af66
resnet,independent_rms,17,bandpass_n20003_cRA_independent_rms_s0,phase2/results/predictions/full/independent_rms/resnet/seed_17/bandpass_n20003_cRA_independent_rms_s0.npz,76100,d5fadc6006777a47c895d688ec34a0ac83ce7cf5e8df7c98d49800fc02ee7913
resnet,independent_rms,17,bandpass_n20003_cRA_electrode_s20,phase2/results/predictions/full/independent_rms/resnet/seed_17/bandpass_n20003_cRA_electrode_s20.npz,76587,c4a84e777a80060521cdd27b9234cff3dcb3b608b37152bf7d853f16aa27485a
resnet,independent_rms,17,bandpass_n20003_cRA_electrode_s15,phase2/results/predictions/full/independent_rms/resnet/seed_17/bandpass_n20003_cRA_electrode_s15.npz,76571,fc25214583ebd7e9e7d8e352dd51f7f65d04e5953ffa6827e272182673efb705
resnet,independent_rms,17,bandpass_n20003_cRA_electrode_s10,phase2/results/predictions/full/independent_rms/resnet/seed_17/bandpass_n20003_cRA_electrode_s10.npz,76438,bd61258c2f76fbe659567a87ee1747788efea05578b67e1c1c78072399a498fb
resnet,independent_rms,17,bandpass_n20003_cRA_electrode_s5,phase2/results/predictions/full/independent_rms/resnet/seed_17/bandpass_n20003_cRA_electrode_s5.npz,76249,6da52e7575092c32667af6688895cee4690c33e026df766317cdad2826fc21c5
resnet,independent_rms,17,bandpass_n20003_cRA_electrode_s0,phase2/results/predictions/full/independent_rms/resnet/seed_17/bandpass_n20003_cRA_electrode_s0.npz,75992,00249195146b5ab335b4fde3d2e2907aef07357eb61186e5fc6294ec862e3c0d
resnet,independent_rms,17,bandpass_n20003_cRA_covariance_s20,phase2/results/predictions/full/independent_rms/resnet/seed_17/bandpass_n20003_cRA_covariance_s20.npz,76579,232ab9b66cca0a0e4f128c35a2ca1d0c6bcbac8c6e68647b5d5ec634b3e0b42c
resnet,independent_rms,17,bandpass_n20003_cRA_covariance_s15,phase2/results/predictions/full/independent_rms/resnet/seed_17/bandpass_n20003_cRA_covariance_s15.npz,76520,6043885a315fe75f77b8fad7dab9f924086b3248458305e261022c46dd4865ff
resnet,independent_rms,17,bandpass_n20003_cRA_covariance_s10,phase2/results/predictions/full/independent_rms/resnet/seed_17/bandpass_n20003_cRA_covariance_s10.npz,76414,48128788402fab0e9b1b45a9e7e4d36ecbce080c2637046794e67d069873e735
resnet,independent_rms,17,bandpass_n20003_cRA_covariance_s5,phase2/results/predictions/full/independent_rms/resnet/seed_17/bandpass_n20003_cRA_covariance_s5.npz,76243,caec75fde46b5d845c9cc9eecc14c054f1247afd6408f63c1bec2075bd23d43e
resnet,independent_rms,17,bandpass_n20003_cRA_covariance_s0,phase2/results/predictions/full/independent_rms/resnet/seed_17/bandpass_n20003_cRA_covariance_s0.npz,76036,88a03203a88b931c78109cfea204ea331a74ac6c6cf1d9fedddb1c4a35e58838
resnet,independent_rms,17,bandpass_n20003_cLA_independent_rms_s20,phase2/results/predictions/full/independent_rms/resnet/seed_17/bandpass_n20003_cLA_independent_rms_s20.npz,76600,4fb5aae95c121eee4952db94c84b47fd067eaf3195b092a18363f8266cdfba6d
resnet,independent_rms,17,bandpass_n20003_cLA_independent_rms_s15,phase2/results/predictions/full/independent_rms/resnet/seed_17/bandpass_n20003_cLA_independent_rms_s15.npz,76596,73e04514aa9b58ac44c5a587d974c088aeecb8bdd76cd6bccfe09511276d9ca2
resnet,independent_rms,17,bandpass_n20003_cLA_independent_rms_s10,phase2/results/predictions/full/independent_rms/resnet/seed_17/bandpass_n20003_cLA_independent_rms_s10.npz,76515,3883a8c193214e8e9b3eb524f7b1fb6322aa3dc62ff7322b5a80f5e15f5f6652
resnet,independent_rms,17,bandpass_n20003_cLA_independent_rms_s5,phase2/results/predictions/full/independent_rms/resnet/seed_17/bandpass_n20003_cLA_independent_rms_s5.npz,76351,57c75964a1399ab17b9015a44fe76a2e8ed40c760ac32d844ffa497ebe6775bb
resnet,independent_rms,17,bandpass_n20003_cLA_independent_rms_s0,phase2/results/predictions/full/independent_rms/resnet/seed_17/bandpass_n20003_cLA_independent_rms_s0.npz,76059,45cfe69c2492abaaa2a6f6aab3fb2c4fb34b0589b5eb19b67709455e61c8a0c9
resnet,independent_rms,17,bandpass_n20003_cLA_electrode_s20,phase2/results/predictions/full/independent_rms/resnet/seed_17/bandpass_n20003_cLA_electrode_s20.npz,76602,f47f96f07b38548504461adf51165371d6b5e678f1eb95452342121b4b1b8b15
resnet,independent_rms,17,bandpass_n20003_cLA_electrode_s15,phase2/results/predictions/full/independent_rms/resnet/seed_17/bandpass_n20003_cLA_electrode_s15.npz,76544,00f5b91c0a89dc96682a2ffa7a17804b064ec4d872f5f8774bcb9168a5dc0609
resnet,independent_rms,17,bandpass_n20003_cLA_electrode_s10,phase2/results/predictions/full/independent_rms/resnet/seed_17/bandpass_n20003_cLA_electrode_s10.npz,76470,f4363024492fdbb30d73af0b846b308958220dc1109bbdb91447094f2d96d9cc
resnet,independent_rms,17,bandpass_n20003_cLA_electrode_s5,phase2/results/predictions/full/independent_rms/resnet/seed_17/bandpass_n20003_cLA_electrode_s5.npz,76223,020b9f2857d1328d70d797078f96431abb5bf1b298af319b82cc59537841d51a
resnet,independent_rms,17,bandpass_n20003_cLA_electrode_s0,phase2/results/predictions/full/independent_rms/resnet/seed_17/bandpass_n20003_cLA_electrode_s0.npz,75812,dd20dbf6cdeb182f7d5fca9be68c553f1df8a4ae758cba22cde8d771ba26bdd4
resnet,independent_rms,17,bandpass_n20003_cLA_covariance_s20,phase2/results/predictions/full/independent_rms/resnet/seed_17/bandpass_n20003_cLA_covariance_s20.npz,76600,830aa8c04d14b619cf9980403d69fe5cddbbf89ee4026ec353b17ec952579734
resnet,independent_rms,17,bandpass_n20003_cLA_covariance_s15,phase2/results/predictions/full/independent_rms/resnet/seed_17/bandpass_n20003_cLA_covariance_s15.npz,76562,13789f3537b13b85516f30450a476400453f4cba8dd0c0f3e89eba01b1b4f81a
resnet,independent_rms,17,bandpass_n20003_cLA_covariance_s10,phase2/results/predictions/full/independent_rms/resnet/seed_17/bandpass_n20003_cLA_covariance_s10.npz,76453,c78e7dd172f823d0462129d9000ac0b55e5f8617c43e88b72d4a983e17173113
resnet,independent_rms,17,bandpass_n20003_cLA_covariance_s5,phase2/results/predictions/full/independent_rms/resnet/seed_17/bandpass_n20003_cLA_covariance_s5.npz,76242,bcc02054b65db6639c75dec49cfc01cd6dbb14214701f5d189ba83960b3d17c3
resnet,independent_rms,17,bandpass_n20003_cLA_covariance_s0,phase2/results/predictions/full/independent_rms/resnet/seed_17/bandpass_n20003_cLA_covariance_s0.npz,75815,8e4a7ca7025624bb723c7dd224a63a2c97163fafc3b3f11c6a40eea71dfe7fb3
resnet,independent_rms,17,bandpass_n20003_cLL_independent_rms_s20,phase2/results/predictions/full/independent_rms/resnet/seed_17/bandpass_n20003_cLL_independent_rms_s20.npz,76600,0a7b9bd29cba0c8bb470904adf12d7839fbc36d03845401db24e485a9c6c46f2
resnet,independent_rms,17,bandpass_n20003_cLL_independent_rms_s15,phase2/results/predictions/full/independent_rms/resnet/seed_17/bandpass_n20003_cLL_independent_rms_s15.npz,76583,47530356893d7800d38e648f598d6cc42f788a746bed6f7c99e7dd0496f19bff
resnet,independent_rms,17,bandpass_n20003_cLL_independent_rms_s10,phase2/results/predictions/full/independent_rms/resnet/seed_17/bandpass_n20003_cLL_independent_rms_s10.npz,76530,03aefbeeda29aad6ad1bad1f3c28805209f9db892291180a4f67db700302d5da
resnet,independent_rms,17,bandpass_n20003_cLL_independent_rms_s5,phase2/results/predictions/full/independent_rms/resnet/seed_17/bandpass_n20003_cLL_independent_rms_s5.npz,76375,3633de32a991642a2648ee071a1557c25e4dd9f073be25cd657504cba0130f13
resnet,independent_rms,17,bandpass_n20003_cLL_independent_rms_s0,phase2/results/predictions/full/independent_rms/resnet/seed_17/bandpass_n20003_cLL_independent_rms_s0.npz,76028,fd0f934639658be63949402afb439b8338b530a3ac9e1255ccf88ae40a2e823d
resnet,independent_rms,17,bandpass_n20003_cLL_electrode_s20,phase2/results/predictions/full/independent_rms/resnet/seed_17/bandpass_n20003_cLL_electrode_s20.npz,76517,b86c788131bec3c67040dbabec4d3ef3c60f97399e1b66e9e53e30da52d674cd
resnet,independent_rms,17,bandpass_n20003_cLL_electrode_s15,phase2/results/predictions/full/independent_rms/resnet/seed_17/bandpass_n20003_cLL_electrode_s15.npz,76533,1a9fa406c18e2312dcb1daa9c80ad5317e5f69acb4766489241602521d49071d
resnet,independent_rms,17,bandpass_n20003_cLL_electrode_s10,phase2/results/predictions/full/independent_rms/resnet/seed_17/bandpass_n20003_cLL_electrode_s10.npz,76387,9f9df5ecc5d90c0dd688fe991660198aec174617b6d5046ec6008a905a2479c0
resnet,independent_rms,17,bandpass_n20003_cLL_electrode_s5,phase2/results/predictions/full/independent_rms/resnet/seed_17/bandpass_n20003_cLL_electrode_s5.npz,76160,c027f6ff865cae374247df3dcd8fcb98326feabd1e3e1426f317118c3a61a986
resnet,independent_rms,17,bandpass_n20003_cLL_electrode_s0,phase2/results/predictions/full/independent_rms/resnet/seed_17/bandpass_n20003_cLL_electrode_s0.npz,75938,4f2c62a62e6fe25647e04631d5a0c047f8ed437ef972220c283bbbdfdaed1237
resnet,independent_rms,17,bandpass_n20003_cLL_covariance_s20,phase2/results/predictions/full/independent_rms/resnet/seed_17/bandpass_n20003_cLL_covariance_s20.npz,76552,d6e3cfb393fe40bd556442b780be12820c31c3f274a573acabdc62258970372b
resnet,independent_rms,17,bandpass_n20003_cLL_covariance_s15,phase2/results/predictions/full/independent_rms/resnet/seed_17/bandpass_n20003_cLL_covariance_s15.npz,76520,cc711d94280264efad3f8e69d31b905fd7ce3bd961946f2cf7f639ef0c83eaf3
resnet,independent_rms,17,bandpass_n20003_cLL_covariance_s10,phase2/results/predictions/full/independent_rms/resnet/seed_17/bandpass_n20003_cLL_covariance_s10.npz,76397,01d1c8291b52385c7b6fa525f603d83d97457bbf3655784d37e519dc73f2b61c
resnet,independent_rms,17,bandpass_n20003_cLL_covariance_s5,phase2/results/predictions/full/independent_rms/resnet/seed_17/bandpass_n20003_cLL_covariance_s5.npz,76212,9dcd871e6e14065d79ddbd2d7ca12f89c662045bc299d15bd53305de975116a8
resnet,independent_rms,17,bandpass_n20003_cLL_covariance_s0,phase2/results/predictions/full/independent_rms/resnet/seed_17/bandpass_n20003_cLL_covariance_s0.npz,75962,97c415d23f8710f9911d04e0c23f42ea7a2f3d0ea94c83ef93c569d390d4b3b5
resnet,independent_rms,17,bandpass_n20003_cRA_V1_independent_rms_s20,phase2/results/predictions/full/independent_rms/resnet/seed_17/bandpass_n20003_cRA_V1_independent_rms_s20.npz,76626,aa5aee48812f60e7541267d092d3de6dda98bff9f76cc1a8734c5c6ec8994961
resnet,independent_rms,17,bandpass_n20003_cRA_V1_independent_rms_s15,phase2/results/predictions/full/independent_rms/resnet/seed_17/bandpass_n20003_cRA_V1_independent_rms_s15.npz,76599,13e717d83d133356ed19ea93c6aa5dc7e762df0b8cd380a951811bb8b71da741
resnet,independent_rms,17,bandpass_n20003_cRA_V1_independent_rms_s10,phase2/results/predictions/full/independent_rms/resnet/seed_17/bandpass_n20003_cRA_V1_independent_rms_s10.npz,76506,209b8313f180f82cc31767af0fdb83601e0f2852d44e6f925b162061cd58109e
resnet,independent_rms,17,bandpass_n20003_cRA_V1_independent_rms_s5,phase2/results/predictions/full/independent_rms/resnet/seed_17/bandpass_n20003_cRA_V1_independent_rms_s5.npz,76321,bda11aeb2a1a53e86000b44f5ee92054348ba9f5f80bbb45eda2ac621e3992f1
resnet,independent_rms,17,bandpass_n20003_cRA_V1_independent_rms_s0,phase2/results/predictions/full/independent_rms/resnet/seed_17/bandpass_n20003_cRA_V1_independent_rms_s0.npz,76082,e25bb12525d7024f313d8ebf7921539a8be2d03d76fed849a5146aeafcd5cd4b
resnet,independent_rms,17,bandpass_n20003_cRA_V1_electrode_s20,phase2/results/predictions/full/independent_rms/resnet/seed_17/bandpass_n20003_cRA_V1_electrode_s20.npz,76571,2c4684c2dabb29e43b9135059c891f4db3c1c41ed3fb93858c7c9cb1438f59d7
resnet,independent_rms,17,bandpass_n20003_cRA_V1_electrode_s15,phase2/results/predictions/full/independent_rms/resnet/seed_17/bandpass_n20003_cRA_V1_electrode_s15.npz,76557,0fe0f3f0e36ad544f3758bbdba0cd3a5d8a3c9ac93f190862723fb8cb22391c6
resnet,independent_rms,17,bandpass_n20003_cRA_V1_electrode_s10,phase2/results/predictions/full/independent_rms/resnet/seed_17/bandpass_n20003_cRA_V1_electrode_s10.npz,76405,9b103842be002de1b7e7f34c822c687d2549e2fed706cede001432d58063dba1
resnet,independent_rms,17,bandpass_n20003_cRA_V1_electrode_s5,phase2/results/predictions/full/independent_rms/resnet/seed_17/bandpass_n20003_cRA_V1_electrode_s5.npz,76257,d02ba49f200fed73232e9f09f6e315ba09d2abfa56b0ac0d4676e017ff88f3a6
resnet,independent_rms,17,bandpass_n20003_cRA_V1_electrode_s0,phase2/results/predictions/full/independent_rms/resnet/seed_17/bandpass_n20003_cRA_V1_electrode_s0.npz,76026,547b2ac8fd03d1a5aa43524d22c112cd2a86c6fb05b40a69e5f51932ec9454b1
resnet,independent_rms,17,bandpass_n20003_cRA_V1_covariance_s20,phase2/results/predictions/full/independent_rms/resnet/seed_17/bandpass_n20003_cRA_V1_covariance_s20.npz,76611,9d117f2d4ca555bafaeaf8a6f81ff051ee36a1b19bb6a814bc8682689743ab1e
resnet,independent_rms,17,bandpass_n20003_cRA_V1_covariance_s15,phase2/results/predictions/full/independent_rms/resnet/seed_17/bandpass_n20003_cRA_V1_covariance_s15.npz,76553,1d58e35eda039f4f99ce0e1b4dd74159bbd3a117fcddaf121783630e1aadaaed
resnet,independent_rms,17,bandpass_n20003_cRA_V1_covariance_s10,phase2/results/predictions/full/independent_rms/resnet/seed_17/bandpass_n20003_cRA_V1_covariance_s10.npz,76462,301bd3cbef06d29a91ce39138f26ed30ad9b10e924fb6698e2d6b7b97196da12
resnet,independent_rms,17,bandpass_n20003_cRA_V1_covariance_s5,phase2/results/predictions/full/independent_rms/resnet/seed_17/bandpass_n20003_cRA_V1_covariance_s5.npz,76245,78755227347c275298ef71483c4790491d557876ec5648615ce0fb65508bce6c
resnet,independent_rms,17,bandpass_n20003_cRA_V1_covariance_s0,phase2/results/predictions/full/independent_rms/resnet/seed_17/bandpass_n20003_cRA_V1_covariance_s0.npz,75992,42c4150b8bb80e5abe75214294cda7a3ff12df1cb96f73af3500c542b5366aa7
resnet,independent_rms,17,bandpass_n20003_cLA_V6_independent_rms_s20,phase2/results/predictions/full/independent_rms/resnet/seed_17/bandpass_n20003_cLA_V6_independent_rms_s20.npz,76611,2fcedb81e31df49dbbd804e714ed6a826b36ee615267fc499e0e02c9b24fbb8c
resnet,independent_rms,17,bandpass_n20003_cLA_V6_independent_rms_s15,phase2/results/predictions/full/independent_rms/resnet/seed_17/bandpass_n20003_cLA_V6_independent_rms_s15.npz,76620,19ac079131590fa4429f178b86ec888a63ca981e8d565fb6b4a186a464767fed
resnet,independent_rms,17,bandpass_n20003_cLA_V6_independent_rms_s10,phase2/results/predictions/full/independent_rms/resnet/seed_17/bandpass_n20003_cLA_V6_independent_rms_s10.npz,76498,c011ceb093f52010ae15415a97c53f3858cf2b43510be91759b6c0902a4f78d2
resnet,independent_rms,17,bandpass_n20003_cLA_V6_independent_rms_s5,phase2/results/predictions/full/independent_rms/resnet/seed_17/bandpass_n20003_cLA_V6_independent_rms_s5.npz,76373,c930d79a2c230cd343df08de70aa0044aeb846a2e13b4d617c1b9ae41286fbea
resnet,independent_rms,17,bandpass_n20003_cLA_V6_independent_rms_s0,phase2/results/predictions/full/independent_rms/resnet/seed_17/bandpass_n20003_cLA_V6_independent_rms_s0.npz,76137,bab48c002d2e147a49f37fabc717cfb39cd4d1e770e6616cf93c2f1c99d466e9
resnet,independent_rms,17,bandpass_n20003_cLA_V6_electrode_s20,phase2/results/predictions/full/independent_rms/resnet/seed_17/bandpass_n20003_cLA_V6_electrode_s20.npz,76582,88a00036fcf10dd6ee1cae339a9b68a4893c5dc010f5e1e9e847edef59c5159e
resnet,independent_rms,17,bandpass_n20003_cLA_V6_electrode_s15,phase2/results/predictions/full/independent_rms/resnet/seed_17/bandpass_n20003_cLA_V6_electrode_s15.npz,76591,e08380c35658f417e0292959d3ded5b92d6899fcf8610a8f9f5f6abbf1037bba
resnet,independent_rms,17,bandpass_n20003_cLA_V6_electrode_s10,phase2/results/predictions/full/independent_rms/resnet/seed_17/bandpass_n20003_cLA_V6_electrode_s10.npz,76490,ed271de8fbabd9f7ba617b2725fff1cf6f05d0da43675b5033f95a92bb464a47
resnet,independent_rms,17,bandpass_n20003_cLA_V6_electrode_s5,phase2/results/predictions/full/independent_rms/resnet/seed_17/bandpass_n20003_cLA_V6_electrode_s5.npz,76266,2c14c55dcabf1d7c60dde7206c7c834cecca0d227d44329ba199754362002ccb
resnet,independent_rms,17,bandpass_n20003_cLA_V6_electrode_s0,phase2/results/predictions/full/independent_rms/resnet/seed_17/bandpass_n20003_cLA_V6_electrode_s0.npz,75880,ff45a65b61137c7117e11f828664e9a61029de5b17920c5d166f5be8e8d49c97
resnet,independent_rms,17,bandpass_n20003_cLA_V6_covariance_s20,phase2/results/predictions/full/independent_rms/resnet/seed_17/bandpass_n20003_cLA_V6_covariance_s20.npz,76587,3d285f36f3bb6b6eacf6f5559b05b603657045b251532ee8ef0b63b02753bc77
resnet,independent_rms,17,bandpass_n20003_cLA_V6_covariance_s15,phase2/results/predictions/full/independent_rms/resnet/seed_17/bandpass_n20003_cLA_V6_covariance_s15.npz,76606,583dbaecace6d9690e190883e6c08b18c4c59620060be5c8e1b6253c9185c026
resnet,independent_rms,17,bandpass_n20003_cLA_V6_covariance_s10,phase2/results/predictions/full/independent_rms/resnet/seed_17/bandpass_n20003_cLA_V6_covariance_s10.npz,76474,aced064e52b5b58b102258421ae69686058d3d8ffcfea25fe6b5467db7e17d38
resnet,independent_rms,17,bandpass_n20003_cLA_V6_covariance_s5,phase2/results/predictions/full/independent_rms/resnet/seed_17/bandpass_n20003_cLA_V6_covariance_s5.npz,76274,a285729338cadf95c252ae9daa3825171993098c93a8a3f5a2b16dda1b6dc49a
resnet,independent_rms,17,bandpass_n20003_cLA_V6_covariance_s0,phase2/results/predictions/full/independent_rms/resnet/seed_17/bandpass_n20003_cLA_V6_covariance_s0.npz,75907,e099e87bf62a4f2eb6ca02f97ba2a77cef236bd8a7f926519177ba5b33e39f38
resnet,independent_rms,17,bandpass_n20003_cLL_V4_independent_rms_s20,phase2/results/predictions/full/independent_rms/resnet/seed_17/bandpass_n20003_cLL_V4_independent_rms_s20.npz,76637,777dc2b50b8918028d12f4d2fd041c2adbb9c2c441b18aea2aa4aeb59ca81f13
resnet,independent_rms,17,bandpass_n20003_cLL_V4_independent_rms_s15,phase2/results/predictions/full/independent_rms/resnet/seed_17/bandpass_n20003_cLL_V4_independent_rms_s15.npz,76615,70f70555d6348bb5395139aae66b7e786a094ea647bfd502a66f615a9cf2879d
resnet,independent_rms,17,bandpass_n20003_cLL_V4_independent_rms_s10,phase2/results/predictions/full/independent_rms/resnet/seed_17/bandpass_n20003_cLL_V4_independent_rms_s10.npz,76539,131617f48398e64053d8aeb9f2e8283eec3e7397c18c571f0230fc9bda8224b7
resnet,independent_rms,17,bandpass_n20003_cLL_V4_independent_rms_s5,phase2/results/predictions/full/independent_rms/resnet/seed_17/bandpass_n20003_cLL_V4_independent_rms_s5.npz,76335,fe07c2c779a9d977018ac370b9f41ac1499917405321dc727943c0965ee0e49a
resnet,independent_rms,17,bandpass_n20003_cLL_V4_independent_rms_s0,phase2/results/predictions/full/independent_rms/resnet/seed_17/bandpass_n20003_cLL_V4_independent_rms_s0.npz,76094,d1e3b0397f2cf1127c7a6dc4c94dc552d03b0d8fa0c08788aa103d3e86698fc1
resnet,independent_rms,17,bandpass_n20003_cLL_V4_electrode_s20,phase2/results/predictions/full/independent_rms/resnet/seed_17/bandpass_n20003_cLL_V4_electrode_s20.npz,76555,a23bba4f4929488fbf6c4e44d4c87011c12c9e075ba37465db6b3cec45455a35
resnet,independent_rms,17,bandpass_n20003_cLL_V4_electrode_s15,phase2/results/predictions/full/independent_rms/resnet/seed_17/bandpass_n20003_cLL_V4_electrode_s15.npz,76546,41461de6269db3acee5ab3b8916a5ff8d32aabfafe4cd9d49683e34028241e94
resnet,independent_rms,17,bandpass_n20003_cLL_V4_electrode_s10,phase2/results/predictions/full/independent_rms/resnet/seed_17/bandpass_n20003_cLL_V4_electrode_s10.npz,76447,2e6571c560add18024a666ee5d78e6ab1c3ac8063229ec7826b2579f99fc4d8f
resnet,independent_rms,17,bandpass_n20003_cLL_V4_electrode_s5,phase2/results/predictions/full/independent_rms/resnet/seed_17/bandpass_n20003_cLL_V4_electrode_s5.npz,76215,a9ac774d5674a9b549386273e54882b676379c82d637728e4de09dd49626723b
resnet,independent_rms,17,bandpass_n20003_cLL_V4_electrode_s0,phase2/results/predictions/full/independent_rms/resnet/seed_17/bandpass_n20003_cLL_V4_electrode_s0.npz,75981,727fe7d710cc9a2dc51eec4e93b23c598e0c844f39fd7776c3cb7658f7d5ecc9
resnet,independent_rms,17,bandpass_n20003_cLL_V4_covariance_s20,phase2/results/predictions/full/independent_rms/resnet/seed_17/bandpass_n20003_cLL_V4_covariance_s20.npz,76603,1ee3ee0aebebda1e58c548ec80d9bd7b709ba5803b82164c25e36abcfdda194d
resnet,independent_rms,17,bandpass_n20003_cLL_V4_covariance_s15,phase2/results/predictions/full/independent_rms/resnet/seed_17/bandpass_n20003_cLL_V4_covariance_s15.npz,76586,945394429597be3dce0aed78a472c629890d771e6e210e97e93339725dfb2358
resnet,independent_rms,17,bandpass_n20003_cLL_V4_covariance_s10,phase2/results/predictions/full/independent_rms/resnet/seed_17/bandpass_n20003_cLL_V4_covariance_s10.npz,76395,ff90ffccbb05e6a99e37b609a553cc56596754663d54672e7b19b559a6346d25
resnet,independent_rms,17,bandpass_n20003_cLL_V4_covariance_s5,phase2/results/predictions/full/independent_rms/resnet/seed_17/bandpass_n20003_cLL_V4_covariance_s5.npz,76239,735131644e73aa84e53d8ddde7b2829fd8d562d8c813f2f46a67feff98201d22
resnet,independent_rms,17,bandpass_n20003_cLL_V4_covariance_s0,phase2/results/predictions/full/independent_rms/resnet/seed_17/bandpass_n20003_cLL_V4_covariance_s0.npz,76005,d83b5388707ec58d4ac6a2f7a1b52dc83cec84dcb45f950d5b50ba1e2512f9fc
resnet,independent_rms,17,bandpass_n20003_cRA_LA_V1_V6_independent_rms_s20,phase2/results/predictions/full/independent_rms/resnet/seed_17/bandpass_n20003_cRA_LA_V1_V6_independent_rms_s20.npz,76620,5d1d36aa956918c701c9cc791bdc3a47567d9d7b33db6deeaa82230a3dc8b67e
resnet,independent_rms,17,bandpass_n20003_cRA_LA_V1_V6_independent_rms_s15,phase2/results/predictions/full/independent_rms/resnet/seed_17/bandpass_n20003_cRA_LA_V1_V6_independent_rms_s15.npz,76619,ac812d0f77a765f916e86cfb5a9a3cf0718106e923cae1fb217fabc7792f40cf
resnet,independent_rms,17,bandpass_n20003_cRA_LA_V1_V6_independent_rms_s10,phase2/results/predictions/full/independent_rms/resnet/seed_17/bandpass_n20003_cRA_LA_V1_V6_independent_rms_s10.npz,76521,7d50bc49bef65dfc8dafa84eae714c67061d883859d059a1031ffea96cbd88c2
resnet,independent_rms,17,bandpass_n20003_cRA_LA_V1_V6_independent_rms_s5,phase2/results/predictions/full/independent_rms/resnet/seed_17/bandpass_n20003_cRA_LA_V1_V6_independent_rms_s5.npz,76381,50b3e3291abfb5bc6102f80d92f058d7397b6757c70e1bac2beb09d10f01bc16
resnet,independent_rms,17,bandpass_n20003_cRA_LA_V1_V6_independent_rms_s0,phase2/results/predictions/full/independent_rms/resnet/seed_17/bandpass_n20003_cRA_LA_V1_V6_independent_rms_s0.npz,76118,a1b07af5d40d51fbce5e0b269a355d3b2316f12f12b069f9dfb75a7c6dd70c53
resnet,independent_rms,17,bandpass_n20003_cRA_LA_V1_V6_electrode_s20,phase2/results/predictions/full/independent_rms/resnet/seed_17/bandpass_n20003_cRA_LA_V1_V6_electrode_s20.npz,76573,7c30e19a4deb03f518d9dc2ee64d3dbc8e9290b080b63e17d00386c9654fce28
resnet,independent_rms,17,bandpass_n20003_cRA_LA_V1_V6_electrode_s15,phase2/results/predictions/full/independent_rms/resnet/seed_17/bandpass_n20003_cRA_LA_V1_V6_electrode_s15.npz,76579,4d8c384e7659db6dbeb25393d0cb3fffdf24cfea56daa621bb9d4dec19392b70
resnet,independent_rms,17,bandpass_n20003_cRA_LA_V1_V6_electrode_s10,phase2/results/predictions/full/independent_rms/resnet/seed_17/bandpass_n20003_cRA_LA_V1_V6_electrode_s10.npz,76470,e768317ae6891907eb22169be45128497f5c446aa823e060988e282b2273e60a
resnet,independent_rms,17,bandpass_n20003_cRA_LA_V1_V6_electrode_s5,phase2/results/predictions/full/independent_rms/resnet/seed_17/bandpass_n20003_cRA_LA_V1_V6_electrode_s5.npz,76268,a48800313fd7aa27540396fd66c5ec62cde9e87ac1781663f23649cd8ca957bb
resnet,independent_rms,17,bandpass_n20003_cRA_LA_V1_V6_electrode_s0,phase2/results/predictions/full/independent_rms/resnet/seed_17/bandpass_n20003_cRA_LA_V1_V6_electrode_s0.npz,75961,bdf77861363d32999c6bb7c8ec6ed44b978abfb6080c5dc51235c85ee48d6844
resnet,independent_rms,17,bandpass_n20003_cRA_LA_V1_V6_covariance_s20,phase2/results/predictions/full/independent_rms/resnet/seed_17/bandpass_n20003_cRA_LA_V1_V6_covariance_s20.npz,76606,a18425483607f74abc2d0ad6e715c724dfc5dc811cf21bb7efe72bd37daa153e
resnet,independent_rms,17,bandpass_n20003_cRA_LA_V1_V6_covariance_s15,phase2/results/predictions/full/independent_rms/resnet/seed_17/bandpass_n20003_cRA_LA_V1_V6_covariance_s15.npz,76578,ef1636883f4f80149e681d854fc8a6d21c830d74936d1adf566b7df5af6b5cd3
resnet,independent_rms,17,bandpass_n20003_cRA_LA_V1_V6_covariance_s10,phase2/results/predictions/full/independent_rms/resnet/seed_17/bandpass_n20003_cRA_LA_V1_V6_covariance_s10.npz,76422,df051541959e78823964ac73b40751408f0e1fb1de08ef4b0c48b1d2fd7fc463
resnet,independent_rms,17,bandpass_n20003_cRA_LA_V1_V6_covariance_s5,phase2/results/predictions/full/independent_rms/resnet/seed_17/bandpass_n20003_cRA_LA_V1_V6_covariance_s5.npz,76284,707fe8edb885940dd4f519e188cb9201661c6c9f29f0576d8f3039275a402e93
resnet,independent_rms,17,bandpass_n20003_cRA_LA_V1_V6_covariance_s0,phase2/results/predictions/full/independent_rms/resnet/seed_17/bandpass_n20003_cRA_LA_V1_V6_covariance_s0.npz,75947,aa2bd5b868e6c830d950f0ee16d53a0713fc4f54713e4855ba3afa2e3786b03c
resnet,independent_rms,17,bandpass_n20003_cRA_V2_V5_independent_rms_s20,phase2/results/predictions/full/independent_rms/resnet/seed_17/bandpass_n20003_cRA_V2_V5_independent_rms_s20.npz,76610,cc65243ab81fe89e08fc9733c26f2a19688f72b22330e6d1787a018acd78f5fa
resnet,independent_rms,17,bandpass_n20003_cRA_V2_V5_independent_rms_s15,phase2/results/predictions/full/independent_rms/resnet/seed_17/bandpass_n20003_cRA_V2_V5_independent_rms_s15.npz,76598,d00c7a58933c7fc770da26caa70af1b587f324f860a64d06a10e8f66d84e58a2
resnet,independent_rms,17,bandpass_n20003_cRA_V2_V5_independent_rms_s10,phase2/results/predictions/full/independent_rms/resnet/seed_17/bandpass_n20003_cRA_V2_V5_independent_rms_s10.npz,76535,600a927f255c8e7e8a6b657a1d826a0b8a7cfdfa10b4e49baab6c3086078f3f7
resnet,independent_rms,17,bandpass_n20003_cRA_V2_V5_independent_rms_s5,phase2/results/predictions/full/independent_rms/resnet/seed_17/bandpass_n20003_cRA_V2_V5_independent_rms_s5.npz,76373,fc9f68fef57114394d9dd659fdccd6bae1fe1f32e4e1666efe6f0b043ec6a2b9
resnet,independent_rms,17,bandpass_n20003_cRA_V2_V5_independent_rms_s0,phase2/results/predictions/full/independent_rms/resnet/seed_17/bandpass_n20003_cRA_V2_V5_independent_rms_s0.npz,76100,9d70eee6034c73acaf3c0274e9f89a2e7c700d74d39680189c84f26ff0b6f141
resnet,independent_rms,17,bandpass_n20003_cRA_V2_V5_electrode_s20,phase2/results/predictions/full/independent_rms/resnet/seed_17/bandpass_n20003_cRA_V2_V5_electrode_s20.npz,76626,7274516ce3c00c13f1825d3be9292b07d7e7fd7d591a34e5d60b8ec826ff8593
resnet,independent_rms,17,bandpass_n20003_cRA_V2_V5_electrode_s15,phase2/results/predictions/full/independent_rms/resnet/seed_17/bandpass_n20003_cRA_V2_V5_electrode_s15.npz,76569,e0fc4ee85e5c4301e38190bc2b2ba2ff37289acef48343ab7bbb499faa297733
resnet,independent_rms,17,bandpass_n20003_cRA_V2_V5_electrode_s10,phase2/results/predictions/full/independent_rms/resnet/seed_17/bandpass_n20003_cRA_V2_V5_electrode_s10.npz,76448,0b1103d5c21fb5b8aa804073ecbad9a40d6ecb9ccfb566894aec72f05d33de41
resnet,independent_rms,17,bandpass_n20003_cRA_V2_V5_electrode_s5,phase2/results/predictions/full/independent_rms/resnet/seed_17/bandpass_n20003_cRA_V2_V5_electrode_s5.npz,76271,097bcd2477ccf3c771a9d1fafae203802cc0a81482ca3d8ec49299bb0797aabe
resnet,independent_rms,17,bandpass_n20003_cRA_V2_V5_electrode_s0,phase2/results/predictions/full/independent_rms/resnet/seed_17/bandpass_n20003_cRA_V2_V5_electrode_s0.npz,76062,dcb7f90390ef5b8de548ea3c2c7af849f4809e8a22760a75c0190eca8ea0ed5b
resnet,independent_rms,17,bandpass_n20003_cRA_V2_V5_covariance_s20,phase2/results/predictions/full/independent_rms/resnet/seed_17/bandpass_n20003_cRA_V2_V5_covariance_s20.npz,76607,552b57360f6e002d7f979492333519aeca6e9bb030e627257104315a74e4edd3
resnet,independent_rms,17,bandpass_n20003_cRA_V2_V5_covariance_s15,phase2/results/predictions/full/independent_rms/resnet/seed_17/bandpass_n20003_cRA_V2_V5_covariance_s15.npz,76572,35e22f403e9d8736a35bf9ed49a30a1fd46c47be4a7a1a936f72f7290a166198
resnet,independent_rms,17,bandpass_n20003_cRA_V2_V5_covariance_s10,phase2/results/predictions/full/independent_rms/resnet/seed_17/bandpass_n20003_cRA_V2_V5_covariance_s10.npz,76449,1bdc7257c91ce8c1f7541370f1db308397e716e94fc8ac8a59b44907f62838ab
resnet,independent_rms,17,bandpass_n20003_cRA_V2_V5_covariance_s5,phase2/results/predictions/full/independent_rms/resnet/seed_17/bandpass_n20003_cRA_V2_V5_covariance_s5.npz,76257,dd08ba940389ca69f04dc10110772d5f1d9c7d8eba94005900218a517a567ceb
resnet,independent_rms,17,bandpass_n20003_cRA_V2_V5_covariance_s0,phase2/results/predictions/full/independent_rms/resnet/seed_17/bandpass_n20003_cRA_V2_V5_covariance_s0.npz,76018,da0efdaab65468428e66dcaa9cdc2b0e440aecd40881abaa7f2185038ce7fe24
resnet,independent_rms,17,bandpass_n20003_cLA_V3_V6_independent_rms_s20,phase2/results/predictions/full/independent_rms/resnet/seed_17/bandpass_n20003_cLA_V3_V6_independent_rms_s20.npz,76640,fd672bad7a7ee7c8f9ce2276916e627f1907b3e0e98c188f02ce2ce17567deef
resnet,independent_rms,17,bandpass_n20003_cLA_V3_V6_independent_rms_s15,phase2/results/predictions/full/independent_rms/resnet/seed_17/bandpass_n20003_cLA_V3_V6_independent_rms_s15.npz,76626,c2c6e45ecbbbed4af39cbaf07c21b82abc1cf8cf705d7dbd307fc6613df16936
resnet,independent_rms,17,bandpass_n20003_cLA_V3_V6_independent_rms_s10,phase2/results/predictions/full/independent_rms/resnet/seed_17/bandpass_n20003_cLA_V3_V6_independent_rms_s10.npz,76550,1a844904bab529b116af27b78fae069ae2c449a080ea01f43235ccad9abe8ea2
resnet,independent_rms,17,bandpass_n20003_cLA_V3_V6_independent_rms_s5,phase2/results/predictions/full/independent_rms/resnet/seed_17/bandpass_n20003_cLA_V3_V6_independent_rms_s5.npz,76403,88e3fa837c3b07b0388991a65091ad95888271164444d73fce7f548674973e27
resnet,independent_rms,17,bandpass_n20003_cLA_V3_V6_independent_rms_s0,phase2/results/predictions/full/independent_rms/resnet/seed_17/bandpass_n20003_cLA_V3_V6_independent_rms_s0.npz,76161,2c415d2008eb7f5895016e0db1a80d4ad7a4f053731b6edd6a2ea66ba28d151d
resnet,independent_rms,17,bandpass_n20003_cLA_V3_V6_electrode_s20,phase2/results/predictions/full/independent_rms/resnet/seed_17/bandpass_n20003_cLA_V3_V6_electrode_s20.npz,76604,feab350ec938eca4edbba9e50a2827fa053886df16498461691c35e355fb1aaf
resnet,independent_rms,17,bandpass_n20003_cLA_V3_V6_electrode_s15,phase2/results/predictions/full/independent_rms/resnet/seed_17/bandpass_n20003_cLA_V3_V6_electrode_s15.npz,76580,779efff1b418cb5a4ad6334e0bb537ebf46f928b70d06cae04913cd13fbf5e64
resnet,independent_rms,17,bandpass_n20003_cLA_V3_V6_electrode_s10,phase2/results/predictions/full/independent_rms/resnet/seed_17/bandpass_n20003_cLA_V3_V6_electrode_s10.npz,76520,2e9ef1f348c733161779d398d19c6e7273350f9bd43c434e1d6fe80cf2e70045
resnet,independent_rms,17,bandpass_n20003_cLA_V3_V6_electrode_s5,phase2/results/predictions/full/independent_rms/resnet/seed_17/bandpass_n20003_cLA_V3_V6_electrode_s5.npz,76304,28f8389f2218d4b92d4bc00c0796d87ee3c2b66144a24623c686201f49344ad5
resnet,independent_rms,17,bandpass_n20003_cLA_V3_V6_electrode_s0,phase2/results/predictions/full/independent_rms/resnet/seed_17/bandpass_n20003_cLA_V3_V6_electrode_s0.npz,75919,fd9847e4be1bdac3aa5c17b0804cd889e84fa7e9002c06791a8ba73ca7f76a19
resnet,independent_rms,17,bandpass_n20003_cLA_V3_V6_covariance_s20,phase2/results/predictions/full/independent_rms/resnet/seed_17/bandpass_n20003_cLA_V3_V6_covariance_s20.npz,76561,52e16be17736260bc9636043c498553c0d2b1117b2c801604bb295da56c3f650
resnet,independent_rms,17,bandpass_n20003_cLA_V3_V6_covariance_s15,phase2/results/predictions/full/independent_rms/resnet/seed_17/bandpass_n20003_cLA_V3_V6_covariance_s15.npz,76584,df397032879abae550760dba4c1ee8ca9039d8e4017aa9192176d51bcf71eda3
resnet,independent_rms,17,bandpass_n20003_cLA_V3_V6_covariance_s10,phase2/results/predictions/full/independent_rms/resnet/seed_17/bandpass_n20003_cLA_V3_V6_covariance_s10.npz,76517,82d8ee30639a8701d6f9d9e5ecd80547e1dbb9a021248e144a14222bd255eda4
resnet,independent_rms,17,bandpass_n20003_cLA_V3_V6_covariance_s5,phase2/results/predictions/full/independent_rms/resnet/seed_17/bandpass_n20003_cLA_V3_V6_covariance_s5.npz,76316,910c4703f6f71e94da1ac16747380a57e5a4ec91cfdc28375fdfcead3b1037b9
resnet,independent_rms,17,bandpass_n20003_cLA_V3_V6_covariance_s0,phase2/results/predictions/full/independent_rms/resnet/seed_17/bandpass_n20003_cLA_V3_V6_covariance_s0.npz,75934,a1e51bfc9396f35f52db2f659c6fa4e66cef16a71b31d4022e7ecee74264b67c
resnet,independent_rms,17,bandpass_n20003_cLL_V1_V4_independent_rms_s20,phase2/results/predictions/full/independent_rms/resnet/seed_17/bandpass_n20003_cLL_V1_V4_independent_rms_s20.npz,76651,c32ea283b0526581a6cbdad61abca709627b65ee3dfce6b716d223e6094ba0ad
resnet,independent_rms,17,bandpass_n20003_cLL_V1_V4_independent_rms_s15,phase2/results/predictions/full/independent_rms/resnet/seed_17/bandpass_n20003_cLL_V1_V4_independent_rms_s15.npz,76580,224d198d1580c0d10f0720253f8c892f1bae7b362b5682d20e02c83448bc32df
resnet,independent_rms,17,bandpass_n20003_cLL_V1_V4_independent_rms_s10,phase2/results/predictions/full/independent_rms/resnet/seed_17/bandpass_n20003_cLL_V1_V4_independent_rms_s10.npz,76539,b06ee0d6ff2b0c2c9fae1eedad74675ca92824f1b5ea33e6cc5d173fed195ff2
resnet,independent_rms,17,bandpass_n20003_cLL_V1_V4_independent_rms_s5,phase2/results/predictions/full/independent_rms/resnet/seed_17/bandpass_n20003_cLL_V1_V4_independent_rms_s5.npz,76359,61bfc43a8164720b25292578c52e17b83e7f3b8194a9054c175ed5c78cac6b57
resnet,independent_rms,17,bandpass_n20003_cLL_V1_V4_independent_rms_s0,phase2/results/predictions/full/independent_rms/resnet/seed_17/bandpass_n20003_cLL_V1_V4_independent_rms_s0.npz,76101,6add5e8469948fc1276b79d1f61c4c2069b4f3574838620518928a9ed28ca5eb
resnet,independent_rms,17,bandpass_n20003_cLL_V1_V4_electrode_s20,phase2/results/predictions/full/independent_rms/resnet/seed_17/bandpass_n20003_cLL_V1_V4_electrode_s20.npz,76572,c62254b29a250a8f4aad31bdf51c7e3452e78cecf8214f2abea6fff21197b188
resnet,independent_rms,17,bandpass_n20003_cLL_V1_V4_electrode_s15,phase2/results/predictions/full/independent_rms/resnet/seed_17/bandpass_n20003_cLL_V1_V4_electrode_s15.npz,76569,77b7143399ce0614276c23adecfced2a7edebd2363928b8416f3f610be6c8bc4
resnet,independent_rms,17,bandpass_n20003_cLL_V1_V4_electrode_s10,phase2/results/predictions/full/independent_rms/resnet/seed_17/bandpass_n20003_cLL_V1_V4_electrode_s10.npz,76437,17752a1bc2aed8d50bc52d8e3098a41102ccf85b1334022563f1b42eda565c71
resnet,independent_rms,17,bandpass_n20003_cLL_V1_V4_electrode_s5,phase2/results/predictions/full/independent_rms/resnet/seed_17/bandpass_n20003_cLL_V1_V4_electrode_s5.npz,76236,e0099c923b4daeb59afde6af5e1108f28aeaa85d7bb85b6575a29c407ea6025c
resnet,independent_rms,17,bandpass_n20003_cLL_V1_V4_electrode_s0,phase2/results/predictions/full/independent_rms/resnet/seed_17/bandpass_n20003_cLL_V1_V4_electrode_s0.npz,75999,f0cc1aef3f582fa7b7f167c1344cd83c067ce928ca7cbb8d987dc04e47f1cd20
resnet,independent_rms,17,bandpass_n20003_cLL_V1_V4_covariance_s20,phase2/results/predictions/full/independent_rms/resnet/seed_17/bandpass_n20003_cLL_V1_V4_covariance_s20.npz,76618,4d10222a99faaf0236f01fb23cd4715b7a655219f31f240d1e61619e75a8f181
resnet,independent_rms,17,bandpass_n20003_cLL_V1_V4_covariance_s15,phase2/results/predictions/full/independent_rms/resnet/seed_17/bandpass_n20003_cLL_V1_V4_covariance_s15.npz,76577,46b7ad3d478f62eb1413882941ad3be954738bb5d28c261224801b71a5110178
resnet,independent_rms,17,bandpass_n20003_cLL_V1_V4_covariance_s10,phase2/results/predictions/full/independent_rms/resnet/seed_17/bandpass_n20003_cLL_V1_V4_covariance_s10.npz,76426,0a9fac12af442bf49a5191b314aa19d46170a1f62f2df863f9026a3d48de3954
resnet,independent_rms,17,bandpass_n20003_cLL_V1_V4_covariance_s5,phase2/results/predictions/full/independent_rms/resnet/seed_17/bandpass_n20003_cLL_V1_V4_covariance_s5.npz,76235,fea586ab0d7c354502675a94131ed9e06faf4ae5b659547bb7a078abdd47023a
resnet,independent_rms,17,bandpass_n20003_cLL_V1_V4_covariance_s0,phase2/results/predictions/full/independent_rms/resnet/seed_17/bandpass_n20003_cLL_V1_V4_covariance_s0.npz,75981,b6dfd4618e7aef24a00fc4e87d610c0d402d83c1dec713d967f63b23c2c79bff
resnet,independent_rms,17,bandpass_n20003_call_independent_rms_s20,phase2/results/predictions/full/independent_rms/resnet/seed_17/bandpass_n20003_call_independent_rms_s20.npz,76589,e900b0bc76c83c77f8f3c167135589d54c2754d6f2a6f268a5d83fa3a405caab
resnet,independent_rms,17,bandpass_n20003_call_independent_rms_s15,phase2/results/predictions/full/independent_rms/resnet/seed_17/bandpass_n20003_call_independent_rms_s15.npz,76578,c2cab48b6ae6716d8bec5ad0de37a056607b61491f4567eeafdce48202e39da2
resnet,independent_rms,17,bandpass_n20003_call_independent_rms_s10,phase2/results/predictions/full/independent_rms/resnet/seed_17/bandpass_n20003_call_independent_rms_s10.npz,76503,d060ba4d6ea41b9e02de90488ede857d5fbedcd43173329db9abd50a1dda1cd3
resnet,independent_rms,17,bandpass_n20003_call_independent_rms_s5,phase2/results/predictions/full/independent_rms/resnet/seed_17/bandpass_n20003_call_independent_rms_s5.npz,76340,b7dcf79f943c7efe8c0620f59b2c4c3aae1ed0ad8744553954b696b825059635
resnet,independent_rms,17,bandpass_n20003_call_independent_rms_s0,phase2/results/predictions/full/independent_rms/resnet/seed_17/bandpass_n20003_call_independent_rms_s0.npz,76099,71484a881fc369157303b006dcabbd391078d739725556a780570f566754bf27
resnet,independent_rms,17,bandpass_n20003_call_electrode_s20,phase2/results/predictions/full/independent_rms/resnet/seed_17/bandpass_n20003_call_electrode_s20.npz,76569,f53101de5c23ebd67836ef1157236cf6925eaee3c6016e103b7903430010ef53
resnet,independent_rms,17,bandpass_n20003_call_electrode_s15,phase2/results/predictions/full/independent_rms/resnet/seed_17/bandpass_n20003_call_electrode_s15.npz,76517,a866ad4a05b154573d1c2f40c1ca3aa7f03bea461b5ae7fc50839adfb4e79a1c
resnet,independent_rms,17,bandpass_n20003_call_electrode_s10,phase2/results/predictions/full/independent_rms/resnet/seed_17/bandpass_n20003_call_electrode_s10.npz,76422,2ecc9d83ae2ce1332a7a22b236806f69847fee58c35c76142a879c047391d3bb
resnet,independent_rms,17,bandpass_n20003_call_electrode_s5,phase2/results/predictions/full/independent_rms/resnet/seed_17/bandpass_n20003_call_electrode_s5.npz,76195,c54aecd7c5b6bf8d95124aa325416f20c120ad5ee6fc592f00f4b9366c43d89d
resnet,independent_rms,17,bandpass_n20003_call_electrode_s0,phase2/results/predictions/full/independent_rms/resnet/seed_17/bandpass_n20003_call_electrode_s0.npz,75869,84b9891d772a71c4ca14cbda8e831245877f0904e847603594e5d89a7a6d833c
resnet,independent_rms,17,bandpass_n20003_call_covariance_s20,phase2/results/predictions/full/independent_rms/resnet/seed_17/bandpass_n20003_call_covariance_s20.npz,76597,e03d14806f589d276bd099bc72d1656a341a480a670f2bca90e2652817102653
resnet,independent_rms,17,bandpass_n20003_call_covariance_s15,phase2/results/predictions/full/independent_rms/resnet/seed_17/bandpass_n20003_call_covariance_s15.npz,76508,3557afce92dac0158becf90f51c69ebdfa9a0b692c9fee27701fd0310e18eb33
resnet,independent_rms,17,bandpass_n20003_call_covariance_s10,phase2/results/predictions/full/independent_rms/resnet/seed_17/bandpass_n20003_call_covariance_s10.npz,76409,865a49a7dd46467d905c236f9be63802944b16f6c8fde8c05a36e2ae481f96e6
resnet,independent_rms,17,bandpass_n20003_call_covariance_s5,phase2/results/predictions/full/independent_rms/resnet/seed_17/bandpass_n20003_call_covariance_s5.npz,76228,0534428ef97b1ce1ed4219fd79c7b3ccd063ad8dab6b25d5fc4f3ca429a2a165
resnet,independent_rms,17,bandpass_n20003_call_covariance_s0,phase2/results/predictions/full/independent_rms/resnet/seed_17/bandpass_n20003_call_covariance_s0.npz,75875,b37b4f157931359b5e64e32aab530518e5fc843a3a5cdcc955094bd36fe69711
resnet,independent_rms,17,bandpass_n20004_cRA_LA_LL_independent_rms_s20,phase2/results/predictions/full/independent_rms/resnet/seed_17/bandpass_n20004_cRA_LA_LL_independent_rms_s20.npz,76590,40e636508eb79271853926d6e304a44ca22c8f5c5bc04899fd627dede6ece228
resnet,independent_rms,17,bandpass_n20004_cRA_LA_LL_independent_rms_s15,phase2/results/predictions/full/independent_rms/resnet/seed_17/bandpass_n20004_cRA_LA_LL_independent_rms_s15.npz,76598,4703e9855b6df1439544b9bff6dce5d41994249b61a251d3cc3a25f4100471ad
resnet,independent_rms,17,bandpass_n20004_cRA_LA_LL_independent_rms_s10,phase2/results/predictions/full/independent_rms/resnet/seed_17/bandpass_n20004_cRA_LA_LL_independent_rms_s10.npz,76515,9b51c520d77fc86c68c1ef0e0b0182ec75dac8812eca50ba7823801135cec3f6
resnet,independent_rms,17,bandpass_n20004_cRA_LA_LL_independent_rms_s5,phase2/results/predictions/full/independent_rms/resnet/seed_17/bandpass_n20004_cRA_LA_LL_independent_rms_s5.npz,76350,f62a1a4153b249994db4a7075e37d5bde18ac7c5eecd0ead6999f2bed6370f18
resnet,independent_rms,17,bandpass_n20004_cRA_LA_LL_independent_rms_s0,phase2/results/predictions/full/independent_rms/resnet/seed_17/bandpass_n20004_cRA_LA_LL_independent_rms_s0.npz,76074,119835e362321c6200c23b6f67953da2903438cba7f74d152d301fc43be6bd97
resnet,independent_rms,17,bandpass_n20004_cRA_LA_LL_electrode_s20,phase2/results/predictions/full/independent_rms/resnet/seed_17/bandpass_n20004_cRA_LA_LL_electrode_s20.npz,76591,3b20ab72a75cdd8bf634811996d97c2e267586ac2038abadc06e2b7e83e2f6bd
resnet,independent_rms,17,bandpass_n20004_cRA_LA_LL_electrode_s15,phase2/results/predictions/full/independent_rms/resnet/seed_17/bandpass_n20004_cRA_LA_LL_electrode_s15.npz,76567,167043cb6c087527f364b4213c3065c7bc92bce5d19dbcd03ae2bdff5ee1cf17
resnet,independent_rms,17,bandpass_n20004_cRA_LA_LL_electrode_s10,phase2/results/predictions/full/independent_rms/resnet/seed_17/bandpass_n20004_cRA_LA_LL_electrode_s10.npz,76454,a2cccd85d14b4bc35c4a01ef2ed2ec0177516a1a06bd2ffb88c72d452715f1d7
resnet,independent_rms,17,bandpass_n20004_cRA_LA_LL_electrode_s5,phase2/results/predictions/full/independent_rms/resnet/seed_17/bandpass_n20004_cRA_LA_LL_electrode_s5.npz,76171,dd30fe06d4f98919c286e7678d460a2ecb78faf3f6eccf04fab606a9a0f3c7fa
resnet,independent_rms,17,bandpass_n20004_cRA_LA_LL_electrode_s0,phase2/results/predictions/full/independent_rms/resnet/seed_17/bandpass_n20004_cRA_LA_LL_electrode_s0.npz,75785,5d5d7a33ec0519435a63b752332fc0e3fd3813d7540d07acd87ed03cd84d3b10
resnet,independent_rms,17,bandpass_n20004_cRA_LA_LL_covariance_s20,phase2/results/predictions/full/independent_rms/resnet/seed_17/bandpass_n20004_cRA_LA_LL_covariance_s20.npz,76598,26256362154b79ff47904755eb6c88ddfa090bb3d8694c8d824246762e1b120f
resnet,independent_rms,17,bandpass_n20004_cRA_LA_LL_covariance_s15,phase2/results/predictions/full/independent_rms/resnet/seed_17/bandpass_n20004_cRA_LA_LL_covariance_s15.npz,76564,8f2d9ca6ccb05f7bb1a08c788a32efb3bd520f5c207431dd1e4e64618aea8ec9
resnet,independent_rms,17,bandpass_n20004_cRA_LA_LL_covariance_s10,phase2/results/predictions/full/independent_rms/resnet/seed_17/bandpass_n20004_cRA_LA_LL_covariance_s10.npz,76419,c8582924c8f31ac8933db36e6caed4162ab83607559f4097152d23e8df2f9a43
resnet,independent_rms,17,bandpass_n20004_cRA_LA_LL_covariance_s5,phase2/results/predictions/full/independent_rms/resnet/seed_17/bandpass_n20004_cRA_LA_LL_covariance_s5.npz,76198,47e8d2eae8039e14bc1a4c974c9c89b89b3c3b0a8fbe47b4dafebc0a783ce27f
resnet,independent_rms,17,bandpass_n20004_cRA_LA_LL_covariance_s0,phase2/results/predictions/full/independent_rms/resnet/seed_17/bandpass_n20004_cRA_LA_LL_covariance_s0.npz,75802,0ecc2b35c453a2247d7db313b95dae2747e259ae9b2a833a72225d02f5f2f3ca
resnet,independent_rms,17,bandpass_n20004_cV1_independent_rms_s20,phase2/results/predictions/full/independent_rms/resnet/seed_17/bandpass_n20004_cV1_independent_rms_s20.npz,76628,59f642129faa968893d7d7454298f1061a3d65539e7af8ad8f1ca24dc822ff83
resnet,independent_rms,17,bandpass_n20004_cV1_independent_rms_s15,phase2/results/predictions/full/independent_rms/resnet/seed_17/bandpass_n20004_cV1_independent_rms_s15.npz,76586,b8f0b71e46f27f88b673f624fbecae392ace5cf7a945a48e999dd38f052474d9
resnet,independent_rms,17,bandpass_n20004_cV1_independent_rms_s10,phase2/results/predictions/full/independent_rms/resnet/seed_17/bandpass_n20004_cV1_independent_rms_s10.npz,76516,f3e8ad47e11aefdf3f9ff61e246eeb984948745169ccff9d080043377e96186c
resnet,independent_rms,17,bandpass_n20004_cV1_independent_rms_s5,phase2/results/predictions/full/independent_rms/resnet/seed_17/bandpass_n20004_cV1_independent_rms_s5.npz,76354,691f98ff442e13ab15e2b46b2a510e5191087d80f1b36010ed8f12ef87c9804b
resnet,independent_rms,17,bandpass_n20004_cV1_independent_rms_s0,phase2/results/predictions/full/independent_rms/resnet/seed_17/bandpass_n20004_cV1_independent_rms_s0.npz,76070,1ff2c9f8ca1cba0325d877cee959da916b00b7a7faa3fe170270b863ab721d37
resnet,independent_rms,17,bandpass_n20004_cV1_electrode_s20,phase2/results/predictions/full/independent_rms/resnet/seed_17/bandpass_n20004_cV1_electrode_s20.npz,76594,b11c06d2e6f1f1ee462e1e8d3bbcde772ada7cd7f1854bb9b1c6757e0ff4805a
resnet,independent_rms,17,bandpass_n20004_cV1_electrode_s15,phase2/results/predictions/full/independent_rms/resnet/seed_17/bandpass_n20004_cV1_electrode_s15.npz,76566,12d88f2dfd89becf91c6fd34235e72b90ea1ba18df1f96c0549b9cfc9999969e
resnet,independent_rms,17,bandpass_n20004_cV1_electrode_s10,phase2/results/predictions/full/independent_rms/resnet/seed_17/bandpass_n20004_cV1_electrode_s10.npz,76481,146968efb30a6b64edc0234d8634a26b8972f6662dbc5361a95ed09b24406228
resnet,independent_rms,17,bandpass_n20004_cV1_electrode_s5,phase2/results/predictions/full/independent_rms/resnet/seed_17/bandpass_n20004_cV1_electrode_s5.npz,76330,dfb64293d2cd3939e9e82e69a056274aa54cb4f175a4523d9eb185117abc76d6
resnet,independent_rms,17,bandpass_n20004_cV1_electrode_s0,phase2/results/predictions/full/independent_rms/resnet/seed_17/bandpass_n20004_cV1_electrode_s0.npz,76079,722c1c2d5f3a6831183f3524fe8c351f83a47e0a7ed4cd29d4fcec4e584587e4
resnet,independent_rms,17,bandpass_n20004_cV1_covariance_s20,phase2/results/predictions/full/independent_rms/resnet/seed_17/bandpass_n20004_cV1_covariance_s20.npz,76595,09c468a42eaa4e94c6bb581148f384f005186e8401020231b4a41b3a6f4e9475
resnet,independent_rms,17,bandpass_n20004_cV1_covariance_s15,phase2/results/predictions/full/independent_rms/resnet/seed_17/bandpass_n20004_cV1_covariance_s15.npz,76558,5c37c137849bce5030ba65206cb3f217ec16b62a3a2bfa715693fd97523c06bc
resnet,independent_rms,17,bandpass_n20004_cV1_covariance_s10,phase2/results/predictions/full/independent_rms/resnet/seed_17/bandpass_n20004_cV1_covariance_s10.npz,76495,2c96578ad87cd25e8bd7466f311c18bc66814f6e43a21af3138e72fe8b4683c6
resnet,independent_rms,17,bandpass_n20004_cV1_covariance_s5,phase2/results/predictions/full/independent_rms/resnet/seed_17/bandpass_n20004_cV1_covariance_s5.npz,76333,496a6a591a74f02cd0860bcb1cc08f1055bf1258052934b6b4e5890b162940bb
resnet,independent_rms,17,bandpass_n20004_cV1_covariance_s0,phase2/results/predictions/full/independent_rms/resnet/seed_17/bandpass_n20004_cV1_covariance_s0.npz,76070,252bed3bb05575142ab5d8310d9df5e383dcc5242520fe5ec12c18d5e38efc6b
resnet,independent_rms,17,bandpass_n20004_cV2_independent_rms_s20,phase2/results/predictions/full/independent_rms/resnet/seed_17/bandpass_n20004_cV2_independent_rms_s20.npz,76606,170da91f0d5418eb9857e673cd905dc7f0a9feabd44cc9c42b32924877e7dc2f
resnet,independent_rms,17,bandpass_n20004_cV2_independent_rms_s15,phase2/results/predictions/full/independent_rms/resnet/seed_17/bandpass_n20004_cV2_independent_rms_s15.npz,76588,d1a72c70ad306ab38228630e99c1ca55b339980e0f295d540d6dd06898ad57e4
resnet,independent_rms,17,bandpass_n20004_cV2_independent_rms_s10,phase2/results/predictions/full/independent_rms/resnet/seed_17/bandpass_n20004_cV2_independent_rms_s10.npz,76535,26a20d1ca603817ab232fd4b11958859fdb13f7d4dfb2c41f9c218f4e66d1e1d
resnet,independent_rms,17,bandpass_n20004_cV2_independent_rms_s5,phase2/results/predictions/full/independent_rms/resnet/seed_17/bandpass_n20004_cV2_independent_rms_s5.npz,76409,7ac273f9d0b84bb9e3801d56172150a0387399fb43eb965fa4e25e54aa0e1e2e
resnet,independent_rms,17,bandpass_n20004_cV2_independent_rms_s0,phase2/results/predictions/full/independent_rms/resnet/seed_17/bandpass_n20004_cV2_independent_rms_s0.npz,76134,6da2e264c6f9f0fbca110834c89f3a936bc22301b0ded8c7b569eddd38e29389
resnet,independent_rms,17,bandpass_n20004_cV2_electrode_s20,phase2/results/predictions/full/independent_rms/resnet/seed_17/bandpass_n20004_cV2_electrode_s20.npz,76578,cb71e6ec2eae373a593d7e6e9039c46aff9e2659e527cb359dfda36a55e22ccb
resnet,independent_rms,17,bandpass_n20004_cV2_electrode_s15,phase2/results/predictions/full/independent_rms/resnet/seed_17/bandpass_n20004_cV2_electrode_s15.npz,76554,cdfc8759a106827db28a56335462e93a92d9f8fc0984270041f0f662a4e37298
resnet,independent_rms,17,bandpass_n20004_cV2_electrode_s10,phase2/results/predictions/full/independent_rms/resnet/seed_17/bandpass_n20004_cV2_electrode_s10.npz,76521,2285c43f1d7d96814c706ef174674fb9dd52c2a4dab41732af3cc714f31c949d
resnet,independent_rms,17,bandpass_n20004_cV2_electrode_s5,phase2/results/predictions/full/independent_rms/resnet/seed_17/bandpass_n20004_cV2_electrode_s5.npz,76381,036819c232b35faa7451ece222707163da53631d4a770536d1f9e12e17a8aa5a
resnet,independent_rms,17,bandpass_n20004_cV2_electrode_s0,phase2/results/predictions/full/independent_rms/resnet/seed_17/bandpass_n20004_cV2_electrode_s0.npz,76137,452133afbd37ff5972cfcd06652281f86c28048318de20c498698d50a01b9576
resnet,independent_rms,17,bandpass_n20004_cV2_covariance_s20,phase2/results/predictions/full/independent_rms/resnet/seed_17/bandpass_n20004_cV2_covariance_s20.npz,76614,3328e615a54f25d9a1d8da96f3fdfa2d691893777a9089443f2987815119a1a6
resnet,independent_rms,17,bandpass_n20004_cV2_covariance_s15,phase2/results/predictions/full/independent_rms/resnet/seed_17/bandpass_n20004_cV2_covariance_s15.npz,76576,6160b755c7983b4a960d92512baa00b1bf2f942415cb8cf7c4694c1a488d683e
resnet,independent_rms,17,bandpass_n20004_cV2_covariance_s10,phase2/results/predictions/full/independent_rms/resnet/seed_17/bandpass_n20004_cV2_covariance_s10.npz,76508,4c6b053ad053ca8a57940ed734100730d76b6bd36107735c6dfe486a27ee219a
resnet,independent_rms,17,bandpass_n20004_cV2_covariance_s5,phase2/results/predictions/full/independent_rms/resnet/seed_17/bandpass_n20004_cV2_covariance_s5.npz,76380,69ade49e96c4489770767a485005fb619991631ccaa2beee62b461a857883323
resnet,independent_rms,17,bandpass_n20004_cV2_covariance_s0,phase2/results/predictions/full/independent_rms/resnet/seed_17/bandpass_n20004_cV2_covariance_s0.npz,76131,db58d728830c3b2edacafe4a30f0102752d220e798a69058d6ad3bc39851f8d8
resnet,independent_rms,17,bandpass_n20004_cV3_independent_rms_s20,phase2/results/predictions/full/independent_rms/resnet/seed_17/bandpass_n20004_cV3_independent_rms_s20.npz,76603,8c0ade0c0594f9b6acbdf018e823fbf9db7017972be7cefea588eebe366d0a7f
resnet,independent_rms,17,bandpass_n20004_cV3_independent_rms_s15,phase2/results/predictions/full/independent_rms/resnet/seed_17/bandpass_n20004_cV3_independent_rms_s15.npz,76594,79d21b825a917a80243f37418d654ea199b8a2781a4509c07dc7e6b4846aed6a
resnet,independent_rms,17,bandpass_n20004_cV3_independent_rms_s10,phase2/results/predictions/full/independent_rms/resnet/seed_17/bandpass_n20004_cV3_independent_rms_s10.npz,76533,4579370600d0f6b9eb252de9926799e6c123ae07c673855a84e79a88f6c3fe3b
resnet,independent_rms,17,bandpass_n20004_cV3_independent_rms_s5,phase2/results/predictions/full/independent_rms/resnet/seed_17/bandpass_n20004_cV3_independent_rms_s5.npz,76435,71b1adc5dc876796114f0f85842aeefe38cb546f199d1f198f2aed92d2028948
resnet,independent_rms,17,bandpass_n20004_cV3_independent_rms_s0,phase2/results/predictions/full/independent_rms/resnet/seed_17/bandpass_n20004_cV3_independent_rms_s0.npz,76130,398d0a1782ac48bfa28f084a481f29a74698a590dce1d2a75e08dc2e1dcdb9d3
resnet,independent_rms,17,bandpass_n20004_cV3_electrode_s20,phase2/results/predictions/full/independent_rms/resnet/seed_17/bandpass_n20004_cV3_electrode_s20.npz,76590,283fb81a2d94c3ac5574fc8fac55a59cbcd8fefa201321c78ad595061dee7248
resnet,independent_rms,17,bandpass_n20004_cV3_electrode_s15,phase2/results/predictions/full/independent_rms/resnet/seed_17/bandpass_n20004_cV3_electrode_s15.npz,76573,9e01090ab363c80cb79430462113a9eacf7a6112af1d3c615c710718b790f4c3
resnet,independent_rms,17,bandpass_n20004_cV3_electrode_s10,phase2/results/predictions/full/independent_rms/resnet/seed_17/bandpass_n20004_cV3_electrode_s10.npz,76535,c6f4fea924a868d2c49fde687a24763e0892e0ab702e51065b3b61ca7d2cceda
resnet,independent_rms,17,bandpass_n20004_cV3_electrode_s5,phase2/results/predictions/full/independent_rms/resnet/seed_17/bandpass_n20004_cV3_electrode_s5.npz,76382,600ace1ac50ce65398056b837bd804ae7f1302c14e02d564643f85d19b390661
resnet,independent_rms,17,bandpass_n20004_cV3_electrode_s0,phase2/results/predictions/full/independent_rms/resnet/seed_17/bandpass_n20004_cV3_electrode_s0.npz,76140,2a07fe43b27291023bde0d1a49f07139567d03c07623f1b11656ec4271119fea
resnet,independent_rms,17,bandpass_n20004_cV3_covariance_s20,phase2/results/predictions/full/independent_rms/resnet/seed_17/bandpass_n20004_cV3_covariance_s20.npz,76604,8e8a7649d9d54f331434a39d8a03996d6270c94f171567dd8032827af2a3dee2
resnet,independent_rms,17,bandpass_n20004_cV3_covariance_s15,phase2/results/predictions/full/independent_rms/resnet/seed_17/bandpass_n20004_cV3_covariance_s15.npz,76599,bdaf51642f7122fa18b3fc2bef96135e428dc2ce769b21f1ee51d3f24160b3db
resnet,independent_rms,17,bandpass_n20004_cV3_covariance_s10,phase2/results/predictions/full/independent_rms/resnet/seed_17/bandpass_n20004_cV3_covariance_s10.npz,76541,7ba7b1d7c5e73474cde9833ab3f954dd19d0d884d77da4554835184409e7d7b9
resnet,independent_rms,17,bandpass_n20004_cV3_covariance_s5,phase2/results/predictions/full/independent_rms/resnet/seed_17/bandpass_n20004_cV3_covariance_s5.npz,76405,67acade257f86f7dc63f99baff5b5f70b1316ac6bd7d36711b453ed1fa82a7db
resnet,independent_rms,17,bandpass_n20004_cV3_covariance_s0,phase2/results/predictions/full/independent_rms/resnet/seed_17/bandpass_n20004_cV3_covariance_s0.npz,76111,a9b7e2b6f9b0f9aaffe028cb233cced1c29fdb4016f2f80705597be112ba245c
resnet,independent_rms,17,bandpass_n20004_cV4_independent_rms_s20,phase2/results/predictions/full/independent_rms/resnet/seed_17/bandpass_n20004_cV4_independent_rms_s20.npz,76640,b48824ef2caf03764452aa9ba947f2b82ce14956fa3b96be951daf88876acb3f
resnet,independent_rms,17,bandpass_n20004_cV4_independent_rms_s15,phase2/results/predictions/full/independent_rms/resnet/seed_17/bandpass_n20004_cV4_independent_rms_s15.npz,76600,573248d9cbe0aa414cf94e63420d5d993fffbdeaf19f87a671720f18d82de2fd
resnet,independent_rms,17,bandpass_n20004_cV4_independent_rms_s10,phase2/results/predictions/full/independent_rms/resnet/seed_17/bandpass_n20004_cV4_independent_rms_s10.npz,76550,a6435a2beaa9e0bec466bc186777aee822f07ff4d72ec4d89d441f9bef516cb5
resnet,independent_rms,17,bandpass_n20004_cV4_independent_rms_s5,phase2/results/predictions/full/independent_rms/resnet/seed_17/bandpass_n20004_cV4_independent_rms_s5.npz,76422,0ccf5f132c74571007bd5be5a3ce62e5841b6c09bbbbdb5fabfaeee9127712fe
resnet,independent_rms,17,bandpass_n20004_cV4_independent_rms_s0,phase2/results/predictions/full/independent_rms/resnet/seed_17/bandpass_n20004_cV4_independent_rms_s0.npz,76239,ed955d203e69c58f1f64a40ccbe0bc4688483ab29f98588e527a3ec06d32a341
resnet,independent_rms,17,bandpass_n20004_cV4_electrode_s20,phase2/results/predictions/full/independent_rms/resnet/seed_17/bandpass_n20004_cV4_electrode_s20.npz,76585,30c411e9ac9157efebe96de7027d0e964b3957a4924bed23ec52bf9188a7b20d
resnet,independent_rms,17,bandpass_n20004_cV4_electrode_s15,phase2/results/predictions/full/independent_rms/resnet/seed_17/bandpass_n20004_cV4_electrode_s15.npz,76585,b870405b55cc85e64351356ceceb694cf262543a1a24e9e96a55b43066ad5e18
resnet,independent_rms,17,bandpass_n20004_cV4_electrode_s10,phase2/results/predictions/full/independent_rms/resnet/seed_17/bandpass_n20004_cV4_electrode_s10.npz,76529,772e980047bcd4edc01d300ad4d0b90e25d22fbd9538d99ccfcdc579bb9f2277
resnet,independent_rms,17,bandpass_n20004_cV4_electrode_s5,phase2/results/predictions/full/independent_rms/resnet/seed_17/bandpass_n20004_cV4_electrode_s5.npz,76427,e272e32fd29a01cfd1ae522e3e5a115fa23d560a708aadf7459c7eba8fdcbb37
resnet,independent_rms,17,bandpass_n20004_cV4_electrode_s0,phase2/results/predictions/full/independent_rms/resnet/seed_17/bandpass_n20004_cV4_electrode_s0.npz,76257,3f03c429670f116a8119b5fece185e001b7f0a146c1db73adc97952d99b54f7f
resnet,independent_rms,17,bandpass_n20004_cV4_covariance_s20,phase2/results/predictions/full/independent_rms/resnet/seed_17/bandpass_n20004_cV4_covariance_s20.npz,76568,55b9e78a27fe0ab77d917a5aa67c86b3d9fb6b925c98a75c68ec5435a01c52cf
resnet,independent_rms,17,bandpass_n20004_cV4_covariance_s15,phase2/results/predictions/full/independent_rms/resnet/seed_17/bandpass_n20004_cV4_covariance_s15.npz,76591,4bad9409622e8899e3122a3dc2db77cbcd7d1a00e742ee0449a5fd9af29f237e
resnet,independent_rms,17,bandpass_n20004_cV4_covariance_s10,phase2/results/predictions/full/independent_rms/resnet/seed_17/bandpass_n20004_cV4_covariance_s10.npz,76541,77bacfa1d3df2d0111965f8959a63548a01c55961a5f1f281d990fcc82a3e0e3
resnet,independent_rms,17,bandpass_n20004_cV4_covariance_s5,phase2/results/predictions/full/independent_rms/resnet/seed_17/bandpass_n20004_cV4_covariance_s5.npz,76462,db99081b4c32079604087a1a2662056c05f294715c51e0fadc8f38a7bb6f5a63
resnet,independent_rms,17,bandpass_n20004_cV4_covariance_s0,phase2/results/predictions/full/independent_rms/resnet/seed_17/bandpass_n20004_cV4_covariance_s0.npz,76265,a6114c5f7868ec4d2c9bd953fdcce8cf8c5b4531ed8a56f7f5e836facfcc8ba1
resnet,independent_rms,17,bandpass_n20004_cV5_independent_rms_s20,phase2/results/predictions/full/independent_rms/resnet/seed_17/bandpass_n20004_cV5_independent_rms_s20.npz,76590,e411324d57aa9032be7ec6d7a2728ef4f2276405c29463ee2591961154cf497b
resnet,independent_rms,17,bandpass_n20004_cV5_independent_rms_s15,phase2/results/predictions/full/independent_rms/resnet/seed_17/bandpass_n20004_cV5_independent_rms_s15.npz,76570,42cdeb54a755aa1373a599cef721c6db985d6b3ae451c7c2b364ed4d3ce58e9e
resnet,independent_rms,17,bandpass_n20004_cV5_independent_rms_s10,phase2/results/predictions/full/independent_rms/resnet/seed_17/bandpass_n20004_cV5_independent_rms_s10.npz,76504,5204ecf31450e4b04b1643781c8c66130a0703651ab044d1604603b3e91b9c36
resnet,independent_rms,17,bandpass_n20004_cV5_independent_rms_s5,phase2/results/predictions/full/independent_rms/resnet/seed_17/bandpass_n20004_cV5_independent_rms_s5.npz,76321,5fb00aa20ba6494ad3d6739d8f731183c94aa95eb6bd617f44f2d466a035be6f
resnet,independent_rms,17,bandpass_n20004_cV5_independent_rms_s0,phase2/results/predictions/full/independent_rms/resnet/seed_17/bandpass_n20004_cV5_independent_rms_s0.npz,76036,06c2758a87f0891113e73bb9d062a2cd64071a909cd83bd3379dfb96e1b6d71a
resnet,independent_rms,17,bandpass_n20004_cV5_electrode_s20,phase2/results/predictions/full/independent_rms/resnet/seed_17/bandpass_n20004_cV5_electrode_s20.npz,76578,f7aa6272a35302d4b7d253d47873fbf32b5ce1ac442e2bf75e5986c04c9c497c
resnet,independent_rms,17,bandpass_n20004_cV5_electrode_s15,phase2/results/predictions/full/independent_rms/resnet/seed_17/bandpass_n20004_cV5_electrode_s15.npz,76557,a22e5da6c907c4775d2deb2731946d901ca0072671384b3d79d2ae2aa406ff38
resnet,independent_rms,17,bandpass_n20004_cV5_electrode_s10,phase2/results/predictions/full/independent_rms/resnet/seed_17/bandpass_n20004_cV5_electrode_s10.npz,76516,8e27d33886f48fc3ad052f3d6e7eed6d3ee577d4af847d1ab4c8cc9a29d5a794
resnet,independent_rms,17,bandpass_n20004_cV5_electrode_s5,phase2/results/predictions/full/independent_rms/resnet/seed_17/bandpass_n20004_cV5_electrode_s5.npz,76355,4372a8a4d1db39e3f352adbcfda985573fb1b5fc06cefddcfcec6d662c9dde8b
resnet,independent_rms,17,bandpass_n20004_cV5_electrode_s0,phase2/results/predictions/full/independent_rms/resnet/seed_17/bandpass_n20004_cV5_electrode_s0.npz,76011,940514d5bb175d3697fde6672c1ed38c2d10ebb731f71ab946a9b2ca52367d24
resnet,independent_rms,17,bandpass_n20004_cV5_covariance_s20,phase2/results/predictions/full/independent_rms/resnet/seed_17/bandpass_n20004_cV5_covariance_s20.npz,76590,b7f24ce72191899c3e071a08cdd33553defdb3642d5767ded630bf37934310e5
resnet,independent_rms,17,bandpass_n20004_cV5_covariance_s15,phase2/results/predictions/full/independent_rms/resnet/seed_17/bandpass_n20004_cV5_covariance_s15.npz,76573,3ed94469fe9fd3fcc6e8773cb451f65b3cf163e42eba9b15955df781c621d542
resnet,independent_rms,17,bandpass_n20004_cV5_covariance_s10,phase2/results/predictions/full/independent_rms/resnet/seed_17/bandpass_n20004_cV5_covariance_s10.npz,76480,7a1c23879d37f4e40adadeb591505064cf6a040d14c4f825507ca37eda6ff2bf
resnet,independent_rms,17,bandpass_n20004_cV5_covariance_s5,phase2/results/predictions/full/independent_rms/resnet/seed_17/bandpass_n20004_cV5_covariance_s5.npz,76339,02d09456a1a8a3888ae7adbde0ef291ea8d0dd66d3f85035483b44e42627a767
resnet,independent_rms,17,bandpass_n20004_cV5_covariance_s0,phase2/results/predictions/full/independent_rms/resnet/seed_17/bandpass_n20004_cV5_covariance_s0.npz,76040,997de12d80d749f0b484f8d6917c98ce39a1ab4b28135cd41dcaf504919e203f
resnet,independent_rms,17,bandpass_n20004_cV6_independent_rms_s20,phase2/results/predictions/full/independent_rms/resnet/seed_17/bandpass_n20004_cV6_independent_rms_s20.npz,76600,53df38dc2e7b53392873f09b38d2d484e86fad314c2ce8a56ee46ab49600f2d2
resnet,independent_rms,17,bandpass_n20004_cV6_independent_rms_s15,phase2/results/predictions/full/independent_rms/resnet/seed_17/bandpass_n20004_cV6_independent_rms_s15.npz,76583,e890e4e2f13f32435a066eb2a271c11773e207fe653daf6a5dcb23b5d8ffc7f3
resnet,independent_rms,17,bandpass_n20004_cV6_independent_rms_s10,phase2/results/predictions/full/independent_rms/resnet/seed_17/bandpass_n20004_cV6_independent_rms_s10.npz,76520,898b40cb8f4b726c40d0898f7be0c640d8822c2a6f33b5b0d90f6048741db85b
resnet,independent_rms,17,bandpass_n20004_cV6_independent_rms_s5,phase2/results/predictions/full/independent_rms/resnet/seed_17/bandpass_n20004_cV6_independent_rms_s5.npz,76394,86e2ce8595356bf6b7092a81c0da5a180acd2348dc7f1cbaf580ffe4a7d9b36b
resnet,independent_rms,17,bandpass_n20004_cV6_independent_rms_s0,phase2/results/predictions/full/independent_rms/resnet/seed_17/bandpass_n20004_cV6_independent_rms_s0.npz,76208,12f4a8bfadbd237ccc603a83b5b898353c7ca274d06f5f83ef13b58d77ab02d5
resnet,independent_rms,17,bandpass_n20004_cV6_electrode_s20,phase2/results/predictions/full/independent_rms/resnet/seed_17/bandpass_n20004_cV6_electrode_s20.npz,76591,3507436ff22599dc2d4bf11e19b2f944039742615505bae16ffe138907e42e87
resnet,independent_rms,17,bandpass_n20004_cV6_electrode_s15,phase2/results/predictions/full/independent_rms/resnet/seed_17/bandpass_n20004_cV6_electrode_s15.npz,76561,3bd8f855f46d45eea5bd8f9549b3a866df907ba5f85f36134d269b294dffb998
resnet,independent_rms,17,bandpass_n20004_cV6_electrode_s10,phase2/results/predictions/full/independent_rms/resnet/seed_17/bandpass_n20004_cV6_electrode_s10.npz,76511,8722c4bd8a880951d510fbe3ad61bbc61a1f8f2d6f0ec1351d11b85e6bc91980
resnet,independent_rms,17,bandpass_n20004_cV6_electrode_s5,phase2/results/predictions/full/independent_rms/resnet/seed_17/bandpass_n20004_cV6_electrode_s5.npz,76387,c26901155a5b64881081b8c52619ffe5857bf594c0dc3a20efeee3b148490dff
resnet,independent_rms,17,bandpass_n20004_cV6_electrode_s0,phase2/results/predictions/full/independent_rms/resnet/seed_17/bandpass_n20004_cV6_electrode_s0.npz,76207,652205d26cff7fd89baf3750c82761d3d94146f3ff142ee6b21213ad9bf73960
resnet,independent_rms,17,bandpass_n20004_cV6_covariance_s20,phase2/results/predictions/full/independent_rms/resnet/seed_17/bandpass_n20004_cV6_covariance_s20.npz,76576,a1bacb1b3a08e93fbeefa92cb33711eb7c37c2a1590d4be8689a37f5cd9fc103
resnet,independent_rms,17,bandpass_n20004_cV6_covariance_s15,phase2/results/predictions/full/independent_rms/resnet/seed_17/bandpass_n20004_cV6_covariance_s15.npz,76594,e8c1f6f47f67a8c570c3c33605034e0baaff81720ad72d717a6187db28e301cc
resnet,independent_rms,17,bandpass_n20004_cV6_covariance_s10,phase2/results/predictions/full/independent_rms/resnet/seed_17/bandpass_n20004_cV6_covariance_s10.npz,76520,a25eaa363c647c74276fa714aca3815289616e04552cf8cfc2ca9854c80196d3
resnet,independent_rms,17,bandpass_n20004_cV6_covariance_s5,phase2/results/predictions/full/independent_rms/resnet/seed_17/bandpass_n20004_cV6_covariance_s5.npz,76369,a6a591446397b2b74418a6dca648d6a1fac223066c088d999850fbb5b1670960
resnet,independent_rms,17,bandpass_n20004_cV6_covariance_s0,phase2/results/predictions/full/independent_rms/resnet/seed_17/bandpass_n20004_cV6_covariance_s0.npz,76220,1dbf138008916e56079c6f3b0ab05b44e927e38f0f51e695c7fa3807c4a9b1d1
resnet,independent_rms,17,bandpass_n20004_cRA_LA_independent_rms_s20,phase2/results/predictions/full/independent_rms/resnet/seed_17/bandpass_n20004_cRA_LA_independent_rms_s20.npz,76624,f72ebdc77209ca856ff7f894c112b44d2451d3aa1ab42490db35e4cd4905c89d
resnet,independent_rms,17,bandpass_n20004_cRA_LA_independent_rms_s15,phase2/results/predictions/full/independent_rms/resnet/seed_17/bandpass_n20004_cRA_LA_independent_rms_s15.npz,76612,fbd7d0dba02fcc5e72d5648b58a9138d2bd859624d7098349e017cb991af1829
resnet,independent_rms,17,bandpass_n20004_cRA_LA_independent_rms_s10,phase2/results/predictions/full/independent_rms/resnet/seed_17/bandpass_n20004_cRA_LA_independent_rms_s10.npz,76527,130dcc70ec863568bf686b7a80247324fd045998aa0b24d4fef25d173018e500
resnet,independent_rms,17,bandpass_n20004_cRA_LA_independent_rms_s5,phase2/results/predictions/full/independent_rms/resnet/seed_17/bandpass_n20004_cRA_LA_independent_rms_s5.npz,76360,9a34ad22bd0effa2eb0cfb1f939806225ea11131d7514e3ea61a50a8c82c4f45
resnet,independent_rms,17,bandpass_n20004_cRA_LA_independent_rms_s0,phase2/results/predictions/full/independent_rms/resnet/seed_17/bandpass_n20004_cRA_LA_independent_rms_s0.npz,76095,f3eb6774c9750dfe3a5cd28c2a3991c0bc14838eeff86f5fc8eb20f5070ac597
resnet,independent_rms,17,bandpass_n20004_cRA_LA_electrode_s20,phase2/results/predictions/full/independent_rms/resnet/seed_17/bandpass_n20004_cRA_LA_electrode_s20.npz,76569,00bd1fc3bb3f57387e910e284386f45fd03d0b23e415bf3b4fae879b88df74a8
resnet,independent_rms,17,bandpass_n20004_cRA_LA_electrode_s15,phase2/results/predictions/full/independent_rms/resnet/seed_17/bandpass_n20004_cRA_LA_electrode_s15.npz,76551,63c6df78692a009c57a0cb03a93d0ffc7a120e26e4ff350f5b38efcc428af722
resnet,independent_rms,17,bandpass_n20004_cRA_LA_electrode_s10,phase2/results/predictions/full/independent_rms/resnet/seed_17/bandpass_n20004_cRA_LA_electrode_s10.npz,76446,84b6da07dcf440a9d336c79b7ef8c1ac311f6c1788a9331c398083cfd97bc2bf
resnet,independent_rms,17,bandpass_n20004_cRA_LA_electrode_s5,phase2/results/predictions/full/independent_rms/resnet/seed_17/bandpass_n20004_cRA_LA_electrode_s5.npz,76200,609e1ee9122d89a8f636baeeb124de2bf939c0f9570f02356dfc8bc9451832a0
resnet,independent_rms,17,bandpass_n20004_cRA_LA_electrode_s0,phase2/results/predictions/full/independent_rms/resnet/seed_17/bandpass_n20004_cRA_LA_electrode_s0.npz,75854,92510c801565773930a32684bdb68f572655ae86fd7abb68f3497fe7da2b582d
resnet,independent_rms,17,bandpass_n20004_cRA_LA_covariance_s20,phase2/results/predictions/full/independent_rms/resnet/seed_17/bandpass_n20004_cRA_LA_covariance_s20.npz,76577,ad4e28f7f9e6e1ac50a3f0a1d4eb6533179bf068af832f913434a9f6c60aad96
resnet,independent_rms,17,bandpass_n20004_cRA_LA_covariance_s15,phase2/results/predictions/full/independent_rms/resnet/seed_17/bandpass_n20004_cRA_LA_covariance_s15.npz,76555,490d5ede2f1a758252b831a1c234e306d6c8dbe80a0e9dc8286767b9d25b153f
resnet,independent_rms,17,bandpass_n20004_cRA_LA_covariance_s10,phase2/results/predictions/full/independent_rms/resnet/seed_17/bandpass_n20004_cRA_LA_covariance_s10.npz,76437,11605a2933c6854089d608238b64cf12e0c09c1ee31235eb3834f4832bfa15bf
resnet,independent_rms,17,bandpass_n20004_cRA_LA_covariance_s5,phase2/results/predictions/full/independent_rms/resnet/seed_17/bandpass_n20004_cRA_LA_covariance_s5.npz,76227,b1676e25c0908ac81973c43320ecf1f28f2f1f2490c19223d2ab7d4baf35fcf9
resnet,independent_rms,17,bandpass_n20004_cRA_LA_covariance_s0,phase2/results/predictions/full/independent_rms/resnet/seed_17/bandpass_n20004_cRA_LA_covariance_s0.npz,75884,dc61528640f55847e84c01af8bed9683645fafd0636dc77fe191a4b062b286f7
resnet,independent_rms,17,bandpass_n20004_cLA_LL_independent_rms_s20,phase2/results/predictions/full/independent_rms/resnet/seed_17/bandpass_n20004_cLA_LL_independent_rms_s20.npz,76598,f9bf65bdade011d1fdbf27f799442a50cb59cb2deb92193c266f5fbbd08fd042
resnet,independent_rms,17,bandpass_n20004_cLA_LL_independent_rms_s15,phase2/results/predictions/full/independent_rms/resnet/seed_17/bandpass_n20004_cLA_LL_independent_rms_s15.npz,76607,13fd54f59168899fb9bf20e19808e76862710f96d9155541e02b23c0829f7089
resnet,independent_rms,17,bandpass_n20004_cLA_LL_independent_rms_s10,phase2/results/predictions/full/independent_rms/resnet/seed_17/bandpass_n20004_cLA_LL_independent_rms_s10.npz,76533,0425064813af10224786ddb299c953a247753ab695adec89054dbb0b7149508c
resnet,independent_rms,17,bandpass_n20004_cLA_LL_independent_rms_s5,phase2/results/predictions/full/independent_rms/resnet/seed_17/bandpass_n20004_cLA_LL_independent_rms_s5.npz,76350,9f90e2ab10479932782c6809f4aa1b075698d7ab4827625362411e93d45b581a
resnet,independent_rms,17,bandpass_n20004_cLA_LL_independent_rms_s0,phase2/results/predictions/full/independent_rms/resnet/seed_17/bandpass_n20004_cLA_LL_independent_rms_s0.npz,76089,74ddf87463d9ce60fae513c8309e6bc83f6b99aa6bdf20e177aeab552ab01de3
resnet,independent_rms,17,bandpass_n20004_cLA_LL_electrode_s20,phase2/results/predictions/full/independent_rms/resnet/seed_17/bandpass_n20004_cLA_LL_electrode_s20.npz,76616,49af0590bdedd0988ab0db2b98de6693deab00327b0c55f252acb3526de932bc
resnet,independent_rms,17,bandpass_n20004_cLA_LL_electrode_s15,phase2/results/predictions/full/independent_rms/resnet/seed_17/bandpass_n20004_cLA_LL_electrode_s15.npz,76544,5d4ef560a0b80fd2526e9cdb6c2c47d065fccf83c8e44fcaed7f9cee7cfde939
resnet,independent_rms,17,bandpass_n20004_cLA_LL_electrode_s10,phase2/results/predictions/full/independent_rms/resnet/seed_17/bandpass_n20004_cLA_LL_electrode_s10.npz,76428,c19bd81e758b4ed23719dc63aaf431767da191237d36f32af034faebff8ce743
resnet,independent_rms,17,bandpass_n20004_cLA_LL_electrode_s5,phase2/results/predictions/full/independent_rms/resnet/seed_17/bandpass_n20004_cLA_LL_electrode_s5.npz,76207,ca568ddc05458f0ca195d53c3dddb2b04abbfc3445373b71d16cbad6fc607d80
resnet,independent_rms,17,bandpass_n20004_cLA_LL_electrode_s0,phase2/results/predictions/full/independent_rms/resnet/seed_17/bandpass_n20004_cLA_LL_electrode_s0.npz,75859,5af4b8d939123e99d69a6c7eaabcbbe91ee5f105605659ebf7723b9bfe5fe9ce
resnet,independent_rms,17,bandpass_n20004_cLA_LL_covariance_s20,phase2/results/predictions/full/independent_rms/resnet/seed_17/bandpass_n20004_cLA_LL_covariance_s20.npz,76600,b447d581d72209d8f63c80cde422fe62bf3e5af8308aafdf6013cdbe65171506
resnet,independent_rms,17,bandpass_n20004_cLA_LL_covariance_s15,phase2/results/predictions/full/independent_rms/resnet/seed_17/bandpass_n20004_cLA_LL_covariance_s15.npz,76574,d2fcde5a97f764e6ecb99e59e3d6d00e1cc542c9d56b63e64a1318effaba9e00
resnet,independent_rms,17,bandpass_n20004_cLA_LL_covariance_s10,phase2/results/predictions/full/independent_rms/resnet/seed_17/bandpass_n20004_cLA_LL_covariance_s10.npz,76460,b19105329a59aa9205c581f2c0105bd474713df4982400f0f64815f11dbb636a
resnet,independent_rms,17,bandpass_n20004_cLA_LL_covariance_s5,phase2/results/predictions/full/independent_rms/resnet/seed_17/bandpass_n20004_cLA_LL_covariance_s5.npz,76137,25e0ab947abb905fa2d6edf05e9a5227d74c550f6cd40f50e4d846db1eebb8ab
resnet,independent_rms,17,bandpass_n20004_cLA_LL_covariance_s0,phase2/results/predictions/full/independent_rms/resnet/seed_17/bandpass_n20004_cLA_LL_covariance_s0.npz,75867,e91de66c69180ab4777f30165f62050a00c024e0a98335fdb6ba824e00be8fdf
resnet,independent_rms,17,bandpass_n20004_cRA_LL_independent_rms_s20,phase2/results/predictions/full/independent_rms/resnet/seed_17/bandpass_n20004_cRA_LL_independent_rms_s20.npz,76621,df2f15279f9380d94dade30bb5f11e4e00b84d9d796235422e880ae26fb432e6
resnet,independent_rms,17,bandpass_n20004_cRA_LL_independent_rms_s15,phase2/results/predictions/full/independent_rms/resnet/seed_17/bandpass_n20004_cRA_LL_independent_rms_s15.npz,76585,635882b1c6652056c8dfe85fdb18e6ff6474a888bf46a383fdc7ed637927c11a
resnet,independent_rms,17,bandpass_n20004_cRA_LL_independent_rms_s10,phase2/results/predictions/full/independent_rms/resnet/seed_17/bandpass_n20004_cRA_LL_independent_rms_s10.npz,76522,e8b5e312466a0540047f3b0f94df2335221f1520bce8309aea4f79ba209ab205
resnet,independent_rms,17,bandpass_n20004_cRA_LL_independent_rms_s5,phase2/results/predictions/full/independent_rms/resnet/seed_17/bandpass_n20004_cRA_LL_independent_rms_s5.npz,76362,4d2786980a24619c277866ce50f54334809eedbced09c9a5249ab9be1534deca
resnet,independent_rms,17,bandpass_n20004_cRA_LL_independent_rms_s0,phase2/results/predictions/full/independent_rms/resnet/seed_17/bandpass_n20004_cRA_LL_independent_rms_s0.npz,76034,fbf2da85540989941f329adaf29036400886b0c3dee44f7cf971696a6192c992
resnet,independent_rms,17,bandpass_n20004_cRA_LL_electrode_s20,phase2/results/predictions/full/independent_rms/resnet/seed_17/bandpass_n20004_cRA_LL_electrode_s20.npz,76561,e3783ecef4c4183e16b92237948a6deaa7921128020898f5b2db06352e9027bd
resnet,independent_rms,17,bandpass_n20004_cRA_LL_electrode_s15,phase2/results/predictions/full/independent_rms/resnet/seed_17/bandpass_n20004_cRA_LL_electrode_s15.npz,76527,6ba6e1f611eedac75e9df67b89929c0ea10de47198946b33bd8c6a917c1c4871
resnet,independent_rms,17,bandpass_n20004_cRA_LL_electrode_s10,phase2/results/predictions/full/independent_rms/resnet/seed_17/bandpass_n20004_cRA_LL_electrode_s10.npz,76408,aae6cd7a25e998c4e44818d66a475ed694061472639d9d26d78dea4accd4eda8
resnet,independent_rms,17,bandpass_n20004_cRA_LL_electrode_s5,phase2/results/predictions/full/independent_rms/resnet/seed_17/bandpass_n20004_cRA_LL_electrode_s5.npz,76200,e3596c3130fdfc41d090873d042237408e5881f30c35e5af91beb830ca9deaf3
resnet,independent_rms,17,bandpass_n20004_cRA_LL_electrode_s0,phase2/results/predictions/full/independent_rms/resnet/seed_17/bandpass_n20004_cRA_LL_electrode_s0.npz,75809,a4ac41ce6b2c8a8fdec80ac4479dd5224d3ffd2ec3d20b3458b68165bca3d082
resnet,independent_rms,17,bandpass_n20004_cRA_LL_covariance_s20,phase2/results/predictions/full/independent_rms/resnet/seed_17/bandpass_n20004_cRA_LL_covariance_s20.npz,76571,5a4e7cf4dae013173d9329c6969424d3f14db698a1a36ed249766d6d967fdd12
resnet,independent_rms,17,bandpass_n20004_cRA_LL_covariance_s15,phase2/results/predictions/full/independent_rms/resnet/seed_17/bandpass_n20004_cRA_LL_covariance_s15.npz,76550,cbe1d5c9d79e6e0bace09c700285ae1e835dc15e37d7aa37f45cd0650186b22e
resnet,independent_rms,17,bandpass_n20004_cRA_LL_covariance_s10,phase2/results/predictions/full/independent_rms/resnet/seed_17/bandpass_n20004_cRA_LL_covariance_s10.npz,76441,cbe645ab3f8428438d398d2913df326e302d70bd12be29a9e81677291245a87f
resnet,independent_rms,17,bandpass_n20004_cRA_LL_covariance_s5,phase2/results/predictions/full/independent_rms/resnet/seed_17/bandpass_n20004_cRA_LL_covariance_s5.npz,76183,ad5d2b189ada5d2edbce34616d43ed1da7832fc349f1c2451f88e36c1bdd4702
resnet,independent_rms,17,bandpass_n20004_cRA_LL_covariance_s0,phase2/results/predictions/full/independent_rms/resnet/seed_17/bandpass_n20004_cRA_LL_covariance_s0.npz,75797,a322ebff7138c6f6690f4041cd2dd4f8383e14c9a13ef1c1fc9266325a4026eb
resnet,independent_rms,17,bandpass_n20004_cRA_independent_rms_s20,phase2/results/predictions/full/independent_rms/resnet/seed_17/bandpass_n20004_cRA_independent_rms_s20.npz,76623,c8dab04c66632119426352e1c5a98abe4ea73ef32fa87846b1cd7262a31343f2
resnet,independent_rms,17,bandpass_n20004_cRA_independent_rms_s15,phase2/results/predictions/full/independent_rms/resnet/seed_17/bandpass_n20004_cRA_independent_rms_s15.npz,76586,e3d8b97cae98268ba27de9629a29d2ce40be5e9df14143b8c1cd473866249be9
resnet,independent_rms,17,bandpass_n20004_cRA_independent_rms_s10,phase2/results/predictions/full/independent_rms/resnet/seed_17/bandpass_n20004_cRA_independent_rms_s10.npz,76523,0211dc7989822760ba652e197da86bc9e8559eedb6f009e2418a618c7e2dfa17
resnet,independent_rms,17,bandpass_n20004_cRA_independent_rms_s5,phase2/results/predictions/full/independent_rms/resnet/seed_17/bandpass_n20004_cRA_independent_rms_s5.npz,76372,2b2e827273aeb2aad0160483404e5133b552134d9a87e4663125b94f457140bc
resnet,independent_rms,17,bandpass_n20004_cRA_independent_rms_s0,phase2/results/predictions/full/independent_rms/resnet/seed_17/bandpass_n20004_cRA_independent_rms_s0.npz,76045,cb6f086c6021e14e256b1659203fd17caa3f5ace70f7e04b835eaaae7d44af91
resnet,independent_rms,17,bandpass_n20004_cRA_electrode_s20,phase2/results/predictions/full/independent_rms/resnet/seed_17/bandpass_n20004_cRA_electrode_s20.npz,76546,c87d4a70d41892d668a9755e3c4b4f81ce0391988282249cbf548b8a9b8464bf
resnet,independent_rms,17,bandpass_n20004_cRA_electrode_s15,phase2/results/predictions/full/independent_rms/resnet/seed_17/bandpass_n20004_cRA_electrode_s15.npz,76539,c8771f170530c210ab28798375c0054bc9538e8335452a153eaa7f7a687dacbf
resnet,independent_rms,17,bandpass_n20004_cRA_electrode_s10,phase2/results/predictions/full/independent_rms/resnet/seed_17/bandpass_n20004_cRA_electrode_s10.npz,76412,d98ffaedd53ed0852f29cdedf40ecf7642b8520df1e1df8f3fccc8f583452173
resnet,independent_rms,17,bandpass_n20004_cRA_electrode_s5,phase2/results/predictions/full/independent_rms/resnet/seed_17/bandpass_n20004_cRA_electrode_s5.npz,76259,03625e6d1b7d3a26798f3d7134f88164ca33859a664fe60e71dd6bf2288d4e38
resnet,independent_rms,17,bandpass_n20004_cRA_electrode_s0,phase2/results/predictions/full/independent_rms/resnet/seed_17/bandpass_n20004_cRA_electrode_s0.npz,75997,68cbbb57b5e4ec88e164c383ac0e923487c7f8d47967ed6252785b25f6205686
resnet,independent_rms,17,bandpass_n20004_cRA_covariance_s20,phase2/results/predictions/full/independent_rms/resnet/seed_17/bandpass_n20004_cRA_covariance_s20.npz,76586,b65ab51d5097bf8e7040dedd32d21c5f9a8874fb96dc5f057c4c9d30a193b47f
resnet,independent_rms,17,bandpass_n20004_cRA_covariance_s15,phase2/results/predictions/full/independent_rms/resnet/seed_17/bandpass_n20004_cRA_covariance_s15.npz,76547,4fef12e528150e3d618bc20cad7a03ac3c0328a04994670d201a0b2885de3211
resnet,independent_rms,17,bandpass_n20004_cRA_covariance_s10,phase2/results/predictions/full/independent_rms/resnet/seed_17/bandpass_n20004_cRA_covariance_s10.npz,76421,9572a20806a26b0411ae3c8f5645095089c3089c3e56bccad2bfc465e893c699
resnet,independent_rms,17,bandpass_n20004_cRA_covariance_s5,phase2/results/predictions/full/independent_rms/resnet/seed_17/bandpass_n20004_cRA_covariance_s5.npz,76239,cf83520cd9721a90c6eec2ef86f14935ee89e823d024b69c61ca607fbb6cadae
resnet,independent_rms,17,bandpass_n20004_cRA_covariance_s0,phase2/results/predictions/full/independent_rms/resnet/seed_17/bandpass_n20004_cRA_covariance_s0.npz,76006,d2b42dfb71b0007747863f3e9e805d822e0f25547bee8feb54ed38f53c0fb663
resnet,independent_rms,17,bandpass_n20004_cLA_independent_rms_s20,phase2/results/predictions/full/independent_rms/resnet/seed_17/bandpass_n20004_cLA_independent_rms_s20.npz,76608,a886871213dbc7aa53a3ce17ac00b89dfc02cb789fa7662e998792319c3499e3
resnet,independent_rms,17,bandpass_n20004_cLA_independent_rms_s15,phase2/results/predictions/full/independent_rms/resnet/seed_17/bandpass_n20004_cLA_independent_rms_s15.npz,76571,906b3daff10396206ae2329f07680f7ae9f43293224ffe334b241cb01ce2bf28
resnet,independent_rms,17,bandpass_n20004_cLA_independent_rms_s10,phase2/results/predictions/full/independent_rms/resnet/seed_17/bandpass_n20004_cLA_independent_rms_s10.npz,76550,2678766da94e4db16cd79b64a985bacb0c21dd618fb324dc1927786d292b91e4
resnet,independent_rms,17,bandpass_n20004_cLA_independent_rms_s5,phase2/results/predictions/full/independent_rms/resnet/seed_17/bandpass_n20004_cLA_independent_rms_s5.npz,76399,4a7768bdbf4e26d0aeeb711db0a473d5583857954523e50184512493041889c2
resnet,independent_rms,17,bandpass_n20004_cLA_independent_rms_s0,phase2/results/predictions/full/independent_rms/resnet/seed_17/bandpass_n20004_cLA_independent_rms_s0.npz,76086,a8137f0d889fb011390f3a39d3777d6ee04b612335a829aaca07f68e9311ea2f
resnet,independent_rms,17,bandpass_n20004_cLA_electrode_s20,phase2/results/predictions/full/independent_rms/resnet/seed_17/bandpass_n20004_cLA_electrode_s20.npz,76560,49b7c12c0657a8eb4e501a0fbd68df3db1e1da90951b1ae56c7783e673ba923b
resnet,independent_rms,17,bandpass_n20004_cLA_electrode_s15,phase2/results/predictions/full/independent_rms/resnet/seed_17/bandpass_n20004_cLA_electrode_s15.npz,76539,2ac2d1aafa254c71c34ca0ab15e93abd5ace1e977780b408b4466f83381d9138
resnet,independent_rms,17,bandpass_n20004_cLA_electrode_s10,phase2/results/predictions/full/independent_rms/resnet/seed_17/bandpass_n20004_cLA_electrode_s10.npz,76436,e9a47fed918eaad37ab86382011372d54cd58b22b547988bcd2defffa5e96b7e
resnet,independent_rms,17,bandpass_n20004_cLA_electrode_s5,phase2/results/predictions/full/independent_rms/resnet/seed_17/bandpass_n20004_cLA_electrode_s5.npz,76226,d8f719ea1e3adf870516a8b95cc5c3043d2508a7399d8548127d5fafc490c191
resnet,independent_rms,17,bandpass_n20004_cLA_electrode_s0,phase2/results/predictions/full/independent_rms/resnet/seed_17/bandpass_n20004_cLA_electrode_s0.npz,75806,08963a4140bb301d4b11989ab6a432d48db19079d2eb2b556793c137d466ffdc
resnet,independent_rms,17,bandpass_n20004_cLA_covariance_s20,phase2/results/predictions/full/independent_rms/resnet/seed_17/bandpass_n20004_cLA_covariance_s20.npz,76601,d99f68157c5dea1c6befe19cf737a5094c19eea2837efceeae1ad0305450f9ac
resnet,independent_rms,17,bandpass_n20004_cLA_covariance_s15,phase2/results/predictions/full/independent_rms/resnet/seed_17/bandpass_n20004_cLA_covariance_s15.npz,76558,8426fd3862193b22227675631c74b07d3e362bbac293b2b951622b4c950cdf61
resnet,independent_rms,17,bandpass_n20004_cLA_covariance_s10,phase2/results/predictions/full/independent_rms/resnet/seed_17/bandpass_n20004_cLA_covariance_s10.npz,76451,ca06123ff50334be2357ef1b3c236c5e247538ad2eb36d1ff4d481fef588c99d
resnet,independent_rms,17,bandpass_n20004_cLA_covariance_s5,phase2/results/predictions/full/independent_rms/resnet/seed_17/bandpass_n20004_cLA_covariance_s5.npz,76233,9a9977da18af58120fab30309170fe14c761137bcb0b380df0278b7a840e2315
resnet,independent_rms,17,bandpass_n20004_cLA_covariance_s0,phase2/results/predictions/full/independent_rms/resnet/seed_17/bandpass_n20004_cLA_covariance_s0.npz,75838,c9dd77718f8f440d6aae704ec01f3a8de50beadce06e5ea8385ef8e0dc861ede
resnet,independent_rms,17,bandpass_n20004_cLL_independent_rms_s20,phase2/results/predictions/full/independent_rms/resnet/seed_17/bandpass_n20004_cLL_independent_rms_s20.npz,76576,c22da59141fa7e2c8bab1f678a7ca1ddaa95a708ee8176ed35fb7cfd6c4c500b
resnet,independent_rms,17,bandpass_n20004_cLL_independent_rms_s15,phase2/results/predictions/full/independent_rms/resnet/seed_17/bandpass_n20004_cLL_independent_rms_s15.npz,76565,f37b823fea5aa1f0ea4e9d8499e5ccbe3b6b5e6b88f130f9a2551c0de7b6fb42
resnet,independent_rms,17,bandpass_n20004_cLL_independent_rms_s10,phase2/results/predictions/full/independent_rms/resnet/seed_17/bandpass_n20004_cLL_independent_rms_s10.npz,76477,b283e379727cda582fa037f5ad73f0a21460256b0476d7d4aebb005f14ed72fe
resnet,independent_rms,17,bandpass_n20004_cLL_independent_rms_s5,phase2/results/predictions/full/independent_rms/resnet/seed_17/bandpass_n20004_cLL_independent_rms_s5.npz,76313,42a02391c20772af4982e5d6156b9e7925f1a868a279c5dd13a99345e917b43f
resnet,independent_rms,17,bandpass_n20004_cLL_independent_rms_s0,phase2/results/predictions/full/independent_rms/resnet/seed_17/bandpass_n20004_cLL_independent_rms_s0.npz,76069,c43bcbbfa611c288636c0faa756e790bf74c8ec24e5c7d1d0388c9d9e05fdd3b
resnet,independent_rms,17,bandpass_n20004_cLL_electrode_s20,phase2/results/predictions/full/independent_rms/resnet/seed_17/bandpass_n20004_cLL_electrode_s20.npz,76584,2b2f20d56341daa099325820cbe6afe232a9f7e6b5eda81c186b46ce059832b5
resnet,independent_rms,17,bandpass_n20004_cLL_electrode_s15,phase2/results/predictions/full/independent_rms/resnet/seed_17/bandpass_n20004_cLL_electrode_s15.npz,76518,86e89b748dc866d1d34e9f20332bfebef777ddd5522af6227f54c629919494fd
resnet,independent_rms,17,bandpass_n20004_cLL_electrode_s10,phase2/results/predictions/full/independent_rms/resnet/seed_17/bandpass_n20004_cLL_electrode_s10.npz,76396,b2612b4f9b8f32b0a93f965598947cbb43703225bef53d3aff2e2d61719d6a5f
resnet,independent_rms,17,bandpass_n20004_cLL_electrode_s5,phase2/results/predictions/full/independent_rms/resnet/seed_17/bandpass_n20004_cLL_electrode_s5.npz,76181,1f69178bde69c2e34371fee50dfbcaf2b5d884dd46d0e1ee889e13b8a8a88614
resnet,independent_rms,17,bandpass_n20004_cLL_electrode_s0,phase2/results/predictions/full/independent_rms/resnet/seed_17/bandpass_n20004_cLL_electrode_s0.npz,75946,17f9836b03794d1a2bb13bf0ac86472763f096a6e508a602dc8d73327544810a
resnet,independent_rms,17,bandpass_n20004_cLL_covariance_s20,phase2/results/predictions/full/independent_rms/resnet/seed_17/bandpass_n20004_cLL_covariance_s20.npz,76588,b27e8a5d6f5f692ce7985b39efd1320131738a0a5c7e7e8f925ccbb940770123
resnet,independent_rms,17,bandpass_n20004_cLL_covariance_s15,phase2/results/predictions/full/independent_rms/resnet/seed_17/bandpass_n20004_cLL_covariance_s15.npz,76510,25feb8ee8971eb953edee9c79fd94a8f03ea292048ec62b7d28209a2739f514c
resnet,independent_rms,17,bandpass_n20004_cLL_covariance_s10,phase2/results/predictions/full/independent_rms/resnet/seed_17/bandpass_n20004_cLL_covariance_s10.npz,76352,2b16aeb5b6952da2b480e3bf93902361493cde4c989b2f0fc77bb2475e162ba1
resnet,independent_rms,17,bandpass_n20004_cLL_covariance_s5,phase2/results/predictions/full/independent_rms/resnet/seed_17/bandpass_n20004_cLL_covariance_s5.npz,76152,8550a21d0dc6bb432b677ec480dde44f66e0ee100d27007b018f7822b201ecad
resnet,independent_rms,17,bandpass_n20004_cLL_covariance_s0,phase2/results/predictions/full/independent_rms/resnet/seed_17/bandpass_n20004_cLL_covariance_s0.npz,75956,0e0a960d94f23d4e5a681c89485268a9925f049f22d7ea36f34b39f1c5f9f9ba
resnet,independent_rms,17,bandpass_n20004_cRA_V1_independent_rms_s20,phase2/results/predictions/full/independent_rms/resnet/seed_17/bandpass_n20004_cRA_V1_independent_rms_s20.npz,76600,2e9b69d4890da0e02215faf8a67fdae1c1013ff303dc6465657e5ad450747e15
resnet,independent_rms,17,bandpass_n20004_cRA_V1_independent_rms_s15,phase2/results/predictions/full/independent_rms/resnet/seed_17/bandpass_n20004_cRA_V1_independent_rms_s15.npz,76611,5c68e2540be2b75c64913359a16fe95329da8aec943a40505bfd67f0a71df91f
resnet,independent_rms,17,bandpass_n20004_cRA_V1_independent_rms_s10,phase2/results/predictions/full/independent_rms/resnet/seed_17/bandpass_n20004_cRA_V1_independent_rms_s10.npz,76535,46d0ff7756afcac41b5c0f48bc259e6f9137fe91a234e5613a00ef28c6c32451
resnet,independent_rms,17,bandpass_n20004_cRA_V1_independent_rms_s5,phase2/results/predictions/full/independent_rms/resnet/seed_17/bandpass_n20004_cRA_V1_independent_rms_s5.npz,76347,f8890c36d25aa5e400202fa77910f772067619f5834d41395896082003bc13e5
resnet,independent_rms,17,bandpass_n20004_cRA_V1_independent_rms_s0,phase2/results/predictions/full/independent_rms/resnet/seed_17/bandpass_n20004_cRA_V1_independent_rms_s0.npz,76059,09a70eaf1816fdbe8f098ec276e8a6c9d56a8f7c0269e3d7fc50abf82e59f862
resnet,independent_rms,17,bandpass_n20004_cRA_V1_electrode_s20,phase2/results/predictions/full/independent_rms/resnet/seed_17/bandpass_n20004_cRA_V1_electrode_s20.npz,76588,605e59241ff1d9c9f9e5c2d2dcdee0e57236c48db3f1530e4ef97813ab3647a9
resnet,independent_rms,17,bandpass_n20004_cRA_V1_electrode_s15,phase2/results/predictions/full/independent_rms/resnet/seed_17/bandpass_n20004_cRA_V1_electrode_s15.npz,76563,5fc56d4dcbcc912b547bb16445d808ce93d3452a302046651bb3e47a9081867b
resnet,independent_rms,17,bandpass_n20004_cRA_V1_electrode_s10,phase2/results/predictions/full/independent_rms/resnet/seed_17/bandpass_n20004_cRA_V1_electrode_s10.npz,76434,852fe6252523180bd30594f5814b1f618c407801d663c112f62672f7578de4b2
resnet,independent_rms,17,bandpass_n20004_cRA_V1_electrode_s5,phase2/results/predictions/full/independent_rms/resnet/seed_17/bandpass_n20004_cRA_V1_electrode_s5.npz,76275,30e791900a97c6d71157833711979f0df454f0dfd6e33c4805c962489c98e3a1
resnet,independent_rms,17,bandpass_n20004_cRA_V1_electrode_s0,phase2/results/predictions/full/independent_rms/resnet/seed_17/bandpass_n20004_cRA_V1_electrode_s0.npz,75981,7fc7463d55860b50eaddcc3b75de84f1dda0d7bf9abb3f27ff7df39b272b9fda
resnet,independent_rms,17,bandpass_n20004_cRA_V1_covariance_s20,phase2/results/predictions/full/independent_rms/resnet/seed_17/bandpass_n20004_cRA_V1_covariance_s20.npz,76590,01afe3a10a1bfe79b8f2e8f8384b78214cf8451d0d8435072de5b8dabb764796
resnet,independent_rms,17,bandpass_n20004_cRA_V1_covariance_s15,phase2/results/predictions/full/independent_rms/resnet/seed_17/bandpass_n20004_cRA_V1_covariance_s15.npz,76574,ab9d6cba0e1eacaac6ebd64531b7e7775bb8ecdc4a3cac1ff29815656c1b76ba
resnet,independent_rms,17,bandpass_n20004_cRA_V1_covariance_s10,phase2/results/predictions/full/independent_rms/resnet/seed_17/bandpass_n20004_cRA_V1_covariance_s10.npz,76412,7cc6ec8296883f845a39cd617c33f93615ef43ccd07906edff59c324d3060367
resnet,independent_rms,17,bandpass_n20004_cRA_V1_covariance_s5,phase2/results/predictions/full/independent_rms/resnet/seed_17/bandpass_n20004_cRA_V1_covariance_s5.npz,76233,a9c84ca4f36310da5117e5a5e3d52cbce9bf58faec563efda3bb2e74e5ca8ab0
resnet,independent_rms,17,bandpass_n20004_cRA_V1_covariance_s0,phase2/results/predictions/full/independent_rms/resnet/seed_17/bandpass_n20004_cRA_V1_covariance_s0.npz,75988,024c721de4b1df68ff85b967d1c34575d78d97d795f66ae21db544af2eee3be9
resnet,independent_rms,17,bandpass_n20004_cLA_V6_independent_rms_s20,phase2/results/predictions/full/independent_rms/resnet/seed_17/bandpass_n20004_cLA_V6_independent_rms_s20.npz,76588,e90f1bf613098e5c6f44c2d364fc71fdeaf7e0a37eea608162d0104e231a53f7
resnet,independent_rms,17,bandpass_n20004_cLA_V6_independent_rms_s15,phase2/results/predictions/full/independent_rms/resnet/seed_17/bandpass_n20004_cLA_V6_independent_rms_s15.npz,76593,4935696c2bb68dd7bff4619f837d0b7167c8fba0c0ccafeca259058bf3eca9b9
resnet,independent_rms,17,bandpass_n20004_cLA_V6_independent_rms_s10,phase2/results/predictions/full/independent_rms/resnet/seed_17/bandpass_n20004_cLA_V6_independent_rms_s10.npz,76544,86206249eaa79ddf9a83bc2f6e03809821c24a80135e39f2ac4dcc4cbef8978e
resnet,independent_rms,17,bandpass_n20004_cLA_V6_independent_rms_s5,phase2/results/predictions/full/independent_rms/resnet/seed_17/bandpass_n20004_cLA_V6_independent_rms_s5.npz,76353,8ada0d7a64ea5fe091e6830ebf0a94f2c4dca7b50fef72bdeb62f6822238450a
resnet,independent_rms,17,bandpass_n20004_cLA_V6_independent_rms_s0,phase2/results/predictions/full/independent_rms/resnet/seed_17/bandpass_n20004_cLA_V6_independent_rms_s0.npz,76160,8fed95e2ad1e491266241811e549d0bd3c07f28cee89a9b5f144f847ff810a0a
resnet,independent_rms,17,bandpass_n20004_cLA_V6_electrode_s20,phase2/results/predictions/full/independent_rms/resnet/seed_17/bandpass_n20004_cLA_V6_electrode_s20.npz,76580,71b08d2dd56fd69d66d4fa797fc83f04acd3b7abeacbcbdf179f01f74b74d6fb
resnet,independent_rms,17,bandpass_n20004_cLA_V6_electrode_s15,phase2/results/predictions/full/independent_rms/resnet/seed_17/bandpass_n20004_cLA_V6_electrode_s15.npz,76609,28c94572ab0d0091d2d0893cee4363ead0a0758ed02c9e1801473e686a0756fb
resnet,independent_rms,17,bandpass_n20004_cLA_V6_electrode_s10,phase2/results/predictions/full/independent_rms/resnet/seed_17/bandpass_n20004_cLA_V6_electrode_s10.npz,76487,5134681707088dee9b3131ce75de1892e6a3cf3ac66efeaab977a6ca35fd52c0
resnet,independent_rms,17,bandpass_n20004_cLA_V6_electrode_s5,phase2/results/predictions/full/independent_rms/resnet/seed_17/bandpass_n20004_cLA_V6_electrode_s5.npz,76288,62bf60cca3a2504f69dfa25c6f57b83f922ef2154da047c39c255a84f876defe
resnet,independent_rms,17,bandpass_n20004_cLA_V6_electrode_s0,phase2/results/predictions/full/independent_rms/resnet/seed_17/bandpass_n20004_cLA_V6_electrode_s0.npz,75870,1e2a6ba87a253aa7cb3d9b3795abb6853c4e7fe19aa104a0ed9468bac1312391
resnet,independent_rms,17,bandpass_n20004_cLA_V6_covariance_s20,phase2/results/predictions/full/independent_rms/resnet/seed_17/bandpass_n20004_cLA_V6_covariance_s20.npz,76598,a223f4099e5907bcdba786001b7aa89f99f2038f821bd6bc69b4f99385f88831
resnet,independent_rms,17,bandpass_n20004_cLA_V6_covariance_s15,phase2/results/predictions/full/independent_rms/resnet/seed_17/bandpass_n20004_cLA_V6_covariance_s15.npz,76575,2c70fa5b13950f3e8af2a70e4e8505234dfe8bc56d2f7f0a64cb9bf3644569e1
resnet,independent_rms,17,bandpass_n20004_cLA_V6_covariance_s10,phase2/results/predictions/full/independent_rms/resnet/seed_17/bandpass_n20004_cLA_V6_covariance_s10.npz,76491,5883226461ced93fc8a44ce66011f79342a1b6129920a358476c0636c1100d13
resnet,independent_rms,17,bandpass_n20004_cLA_V6_covariance_s5,phase2/results/predictions/full/independent_rms/resnet/seed_17/bandpass_n20004_cLA_V6_covariance_s5.npz,76301,1078c923de890bebd8a2affed294fc091f3b8d00788c1cf1faafa1bf3be1481f
resnet,independent_rms,17,bandpass_n20004_cLA_V6_covariance_s0,phase2/results/predictions/full/independent_rms/resnet/seed_17/bandpass_n20004_cLA_V6_covariance_s0.npz,75878,e6b27016e5716988c12a1fec72f397b874157b5ac390c53af2ad2f6bebca203a
resnet,independent_rms,17,bandpass_n20004_cLL_V4_independent_rms_s20,phase2/results/predictions/full/independent_rms/resnet/seed_17/bandpass_n20004_cLL_V4_independent_rms_s20.npz,76638,bbabffa5c426a1836b343839db413fe610f848922f5452fc12792d284ac98489
resnet,independent_rms,17,bandpass_n20004_cLL_V4_independent_rms_s15,phase2/results/predictions/full/independent_rms/resnet/seed_17/bandpass_n20004_cLL_V4_independent_rms_s15.npz,76579,e6cb48301473433306f47d0a83c2f7afa97c4a0a13536685a30cd4fccab4de94
resnet,independent_rms,17,bandpass_n20004_cLL_V4_independent_rms_s10,phase2/results/predictions/full/independent_rms/resnet/seed_17/bandpass_n20004_cLL_V4_independent_rms_s10.npz,76510,7f93901fcc6494279191b094ab316cac0b1641a41edb060226b1e3cd19226d9f
resnet,independent_rms,17,bandpass_n20004_cLL_V4_independent_rms_s5,phase2/results/predictions/full/independent_rms/resnet/seed_17/bandpass_n20004_cLL_V4_independent_rms_s5.npz,76327,b41eede125ae04272ba0c1f7ca0ac7038a225689347b022927d53ad13b9926ef
resnet,independent_rms,17,bandpass_n20004_cLL_V4_independent_rms_s0,phase2/results/predictions/full/independent_rms/resnet/seed_17/bandpass_n20004_cLL_V4_independent_rms_s0.npz,76069,25e34f7040cbfb53edc893c41532747b299c8041e94db832de2377e60f5a5710
resnet,independent_rms,17,bandpass_n20004_cLL_V4_electrode_s20,phase2/results/predictions/full/independent_rms/resnet/seed_17/bandpass_n20004_cLL_V4_electrode_s20.npz,76584,f99a128347ec91e68403274ad069cea3a04205d26fb7d5b300200c6d40686ea8
resnet,independent_rms,17,bandpass_n20004_cLL_V4_electrode_s15,phase2/results/predictions/full/independent_rms/resnet/seed_17/bandpass_n20004_cLL_V4_electrode_s15.npz,76538,b36fe3bb361d71b924a0618ec5550c0a9464037b83be3fe141452476e768a17f
resnet,independent_rms,17,bandpass_n20004_cLL_V4_electrode_s10,phase2/results/predictions/full/independent_rms/resnet/seed_17/bandpass_n20004_cLL_V4_electrode_s10.npz,76413,02fe66c07e4abcd6751b30eee20c44937e4c4c8c59071ea269d18b80e5b66267
resnet,independent_rms,17,bandpass_n20004_cLL_V4_electrode_s5,phase2/results/predictions/full/independent_rms/resnet/seed_17/bandpass_n20004_cLL_V4_electrode_s5.npz,76225,dda44b5c53f78cb982e61a1da1ef66957f7063dc0a4959a542df587c7bb1c9ce
resnet,independent_rms,17,bandpass_n20004_cLL_V4_electrode_s0,phase2/results/predictions/full/independent_rms/resnet/seed_17/bandpass_n20004_cLL_V4_electrode_s0.npz,75941,55192a069e3300627679ce62e41a0a121b8ccc56291facc2209b28f507ad770a
resnet,independent_rms,17,bandpass_n20004_cLL_V4_covariance_s20,phase2/results/predictions/full/independent_rms/resnet/seed_17/bandpass_n20004_cLL_V4_covariance_s20.npz,76575,57cb9eb288f238b508b393ab2c45688e1c0732d22875ce8cd8791ae22f0f966d
resnet,independent_rms,17,bandpass_n20004_cLL_V4_covariance_s15,phase2/results/predictions/full/independent_rms/resnet/seed_17/bandpass_n20004_cLL_V4_covariance_s15.npz,76551,85e3ecad2c64745069be943f94aa4bb074c045e250bb269d4dd6961c433eabed
resnet,independent_rms,17,bandpass_n20004_cLL_V4_covariance_s10,phase2/results/predictions/full/independent_rms/resnet/seed_17/bandpass_n20004_cLL_V4_covariance_s10.npz,76429,5e7cacbf67e7134085301d66bde075b355d8c961e4f90116175119503ebadb19
resnet,independent_rms,17,bandpass_n20004_cLL_V4_covariance_s5,phase2/results/predictions/full/independent_rms/resnet/seed_17/bandpass_n20004_cLL_V4_covariance_s5.npz,76244,fc9679adb0443e8ae89b72bf4f0552b0cb827534d9c8b5c19d160461ff737c5e
resnet,independent_rms,17,bandpass_n20004_cLL_V4_covariance_s0,phase2/results/predictions/full/independent_rms/resnet/seed_17/bandpass_n20004_cLL_V4_covariance_s0.npz,75957,617ea365b7f2c560f355bf04394c1032845476f3c9c89bd0ff2cbc91312c9c8f
resnet,independent_rms,17,bandpass_n20004_cRA_LA_V1_V6_independent_rms_s20,phase2/results/predictions/full/independent_rms/resnet/seed_17/bandpass_n20004_cRA_LA_V1_V6_independent_rms_s20.npz,76632,efda652bd1c96b1e1e3ac8389e97567fa78c1d9e1cc4cf7cf525ee36ae8d02ca
resnet,independent_rms,17,bandpass_n20004_cRA_LA_V1_V6_independent_rms_s15,phase2/results/predictions/full/independent_rms/resnet/seed_17/bandpass_n20004_cRA_LA_V1_V6_independent_rms_s15.npz,76623,383563930f7db481ea3c3cbc4596c093a80bda88bc00605e196881ca12097b23
resnet,independent_rms,17,bandpass_n20004_cRA_LA_V1_V6_independent_rms_s10,phase2/results/predictions/full/independent_rms/resnet/seed_17/bandpass_n20004_cRA_LA_V1_V6_independent_rms_s10.npz,76543,f1154f49ff10f9ffe343d29247349772942558821d6e9b9148061dc9381321fa
resnet,independent_rms,17,bandpass_n20004_cRA_LA_V1_V6_independent_rms_s5,phase2/results/predictions/full/independent_rms/resnet/seed_17/bandpass_n20004_cRA_LA_V1_V6_independent_rms_s5.npz,76384,d4de3054b93b2537ea4313e4d0b362e13410bf5ac820ca283179a15a0288a079
resnet,independent_rms,17,bandpass_n20004_cRA_LA_V1_V6_independent_rms_s0,phase2/results/predictions/full/independent_rms/resnet/seed_17/bandpass_n20004_cRA_LA_V1_V6_independent_rms_s0.npz,76107,892ec52a3fcb69108e8b0b2ce7059c89d260f56a08e13e9a6a170282d90402be
resnet,independent_rms,17,bandpass_n20004_cRA_LA_V1_V6_electrode_s20,phase2/results/predictions/full/independent_rms/resnet/seed_17/bandpass_n20004_cRA_LA_V1_V6_electrode_s20.npz,76590,dfc7a5ed72396def686c2893d57e60399b50a0b9f8935bfa1cc102010ac1c649
resnet,independent_rms,17,bandpass_n20004_cRA_LA_V1_V6_electrode_s15,phase2/results/predictions/full/independent_rms/resnet/seed_17/bandpass_n20004_cRA_LA_V1_V6_electrode_s15.npz,76539,6715651f32ccd15a2069e36b6d520bc868b1d3045e1865049a2e6867057fd491
resnet,independent_rms,17,bandpass_n20004_cRA_LA_V1_V6_electrode_s10,phase2/results/predictions/full/independent_rms/resnet/seed_17/bandpass_n20004_cRA_LA_V1_V6_electrode_s10.npz,76465,06dae264a15b8ce61de2a97b5932ccde48eba9fdcf250ceb59a75f9583c3b074
resnet,independent_rms,17,bandpass_n20004_cRA_LA_V1_V6_electrode_s5,phase2/results/predictions/full/independent_rms/resnet/seed_17/bandpass_n20004_cRA_LA_V1_V6_electrode_s5.npz,76285,5b88d681998346f698f02121476ebf1ce20e8ae3f9259017c7c0ac2e44c76e90
resnet,independent_rms,17,bandpass_n20004_cRA_LA_V1_V6_electrode_s0,phase2/results/predictions/full/independent_rms/resnet/seed_17/bandpass_n20004_cRA_LA_V1_V6_electrode_s0.npz,75957,cdfe83216935f064c73bae2db0a053db9ce5905605bbb54e762d1a1c32f9ecb5
resnet,independent_rms,17,bandpass_n20004_cRA_LA_V1_V6_covariance_s20,phase2/results/predictions/full/independent_rms/resnet/seed_17/bandpass_n20004_cRA_LA_V1_V6_covariance_s20.npz,76618,5c9dc15ad85105081d04b787132a083df390d4d698b514b9490569fc3f3936e1
resnet,independent_rms,17,bandpass_n20004_cRA_LA_V1_V6_covariance_s15,phase2/results/predictions/full/independent_rms/resnet/seed_17/bandpass_n20004_cRA_LA_V1_V6_covariance_s15.npz,76563,fa2cbf38185a042e65e06851554904151f3d3730708144c5759f24e554651e6c
resnet,independent_rms,17,bandpass_n20004_cRA_LA_V1_V6_covariance_s10,phase2/results/predictions/full/independent_rms/resnet/seed_17/bandpass_n20004_cRA_LA_V1_V6_covariance_s10.npz,76448,1ad1cb281e57ed227a618fb1a1f607626bebd96c76268a4af49799f797a87077
resnet,independent_rms,17,bandpass_n20004_cRA_LA_V1_V6_covariance_s5,phase2/results/predictions/full/independent_rms/resnet/seed_17/bandpass_n20004_cRA_LA_V1_V6_covariance_s5.npz,76286,712039dadd16877674f22068c918c923f8786cbdb3e61f488cbfdb80f7c93065
resnet,independent_rms,17,bandpass_n20004_cRA_LA_V1_V6_covariance_s0,phase2/results/predictions/full/independent_rms/resnet/seed_17/bandpass_n20004_cRA_LA_V1_V6_covariance_s0.npz,75938,128e8d07b880b31f527a3e54c52194ce950977908baa80fcd2f52e6c2f28fca1
resnet,independent_rms,17,bandpass_n20004_cRA_V2_V5_independent_rms_s20,phase2/results/predictions/full/independent_rms/resnet/seed_17/bandpass_n20004_cRA_V2_V5_independent_rms_s20.npz,76595,3c76db5fe97e2e3879464ab584c62c883609d46bfa30e452fd2e722d587407ed
resnet,independent_rms,17,bandpass_n20004_cRA_V2_V5_independent_rms_s15,phase2/results/predictions/full/independent_rms/resnet/seed_17/bandpass_n20004_cRA_V2_V5_independent_rms_s15.npz,76614,8b894e5f95cc470c71a4187047f5e9c070c84927cb2753cd20b0c279cfc4726b
resnet,independent_rms,17,bandpass_n20004_cRA_V2_V5_independent_rms_s10,phase2/results/predictions/full/independent_rms/resnet/seed_17/bandpass_n20004_cRA_V2_V5_independent_rms_s10.npz,76539,89ef2eb1d22f85dfcda3c80061996ee5788f2016f1fdbc73895b436cd8a827e1
resnet,independent_rms,17,bandpass_n20004_cRA_V2_V5_independent_rms_s5,phase2/results/predictions/full/independent_rms/resnet/seed_17/bandpass_n20004_cRA_V2_V5_independent_rms_s5.npz,76344,0ec6ebc0ad30c2ca60cf7ddbee843ed80e40c5a60b765aad0e38f1695f7758c7
resnet,independent_rms,17,bandpass_n20004_cRA_V2_V5_independent_rms_s0,phase2/results/predictions/full/independent_rms/resnet/seed_17/bandpass_n20004_cRA_V2_V5_independent_rms_s0.npz,76085,8b47cab2db069ccf4ccb34c7a19eb8f16d34fd0ee9c96ca321a33ce14e1ab1a0
resnet,independent_rms,17,bandpass_n20004_cRA_V2_V5_electrode_s20,phase2/results/predictions/full/independent_rms/resnet/seed_17/bandpass_n20004_cRA_V2_V5_electrode_s20.npz,76633,f644fb3ac17afcb24af54bbb305484a142abaa00d3c438e27e14e1b8adac0574
resnet,independent_rms,17,bandpass_n20004_cRA_V2_V5_electrode_s15,phase2/results/predictions/full/independent_rms/resnet/seed_17/bandpass_n20004_cRA_V2_V5_electrode_s15.npz,76579,8c836b382ac8d148bcef395f5c9cf16e84b65c468c4432279c6a47b00e6028cd
resnet,independent_rms,17,bandpass_n20004_cRA_V2_V5_electrode_s10,phase2/results/predictions/full/independent_rms/resnet/seed_17/bandpass_n20004_cRA_V2_V5_electrode_s10.npz,76478,9ad9d04c9c840f6e5370626fd3a1d77035ca36548f93a1b440aef18477354b16
resnet,independent_rms,17,bandpass_n20004_cRA_V2_V5_electrode_s5,phase2/results/predictions/full/independent_rms/resnet/seed_17/bandpass_n20004_cRA_V2_V5_electrode_s5.npz,76292,5716d798bf5ff4a1b0ad44c950ecc12ad477638abb97bc32eb6f72ecccf0ccc1
resnet,independent_rms,17,bandpass_n20004_cRA_V2_V5_electrode_s0,phase2/results/predictions/full/independent_rms/resnet/seed_17/bandpass_n20004_cRA_V2_V5_electrode_s0.npz,76044,e6c2bea74248f8ed938b70bd88b3ed171604d8a8374ecaa306238e73adfc7f08
resnet,independent_rms,17,bandpass_n20004_cRA_V2_V5_covariance_s20,phase2/results/predictions/full/independent_rms/resnet/seed_17/bandpass_n20004_cRA_V2_V5_covariance_s20.npz,76590,0be35d44a72df9d2b9b3748961c812ac67510528af74932566662c22b18f834f
resnet,independent_rms,17,bandpass_n20004_cRA_V2_V5_covariance_s15,phase2/results/predictions/full/independent_rms/resnet/seed_17/bandpass_n20004_cRA_V2_V5_covariance_s15.npz,76543,d09ca28b54c69ea150817da58657d6ba7a6b0fc342bea67b987c3a929caccf37
resnet,independent_rms,17,bandpass_n20004_cRA_V2_V5_covariance_s10,phase2/results/predictions/full/independent_rms/resnet/seed_17/bandpass_n20004_cRA_V2_V5_covariance_s10.npz,76467,594265e3637704044fc57900d09098f6f5106b7e4b50dd2a77fce306fe073106
resnet,independent_rms,17,bandpass_n20004_cRA_V2_V5_covariance_s5,phase2/results/predictions/full/independent_rms/resnet/seed_17/bandpass_n20004_cRA_V2_V5_covariance_s5.npz,76244,1d92606d7a31ea08196199c22e65e8af57f5245ad2aff96c16b597f9bd0b2ab7
resnet,independent_rms,17,bandpass_n20004_cRA_V2_V5_covariance_s0,phase2/results/predictions/full/independent_rms/resnet/seed_17/bandpass_n20004_cRA_V2_V5_covariance_s0.npz,76030,ee7c942cb9d9bdf8d3c34226fbc8a663f7e5f4ddc305eadb5cdc0b185ac4d5ef
resnet,independent_rms,17,bandpass_n20004_cLA_V3_V6_independent_rms_s20,phase2/results/predictions/full/independent_rms/resnet/seed_17/bandpass_n20004_cLA_V3_V6_independent_rms_s20.npz,76607,4952ec07079d5c86431aea3d041923a622db602458f16d3c4fca5a37bacc9a33
resnet,independent_rms,17,bandpass_n20004_cLA_V3_V6_independent_rms_s15,phase2/results/predictions/full/independent_rms/resnet/seed_17/bandpass_n20004_cLA_V3_V6_independent_rms_s15.npz,76608,b6aaa5f52ddadf2fa8f7a3fb24f49edf21aa5399fd8cd5e440e1dbb1fa8a5af2
resnet,independent_rms,17,bandpass_n20004_cLA_V3_V6_independent_rms_s10,phase2/results/predictions/full/independent_rms/resnet/seed_17/bandpass_n20004_cLA_V3_V6_independent_rms_s10.npz,76546,f8343a715740c823cf347b521ab340ce73872b039333be60c1ffc2129389d973
resnet,independent_rms,17,bandpass_n20004_cLA_V3_V6_independent_rms_s5,phase2/results/predictions/full/independent_rms/resnet/seed_17/bandpass_n20004_cLA_V3_V6_independent_rms_s5.npz,76410,595a5b8455da0159d647a49804aebee922f7696b9410af615400580d685247b3
resnet,independent_rms,17,bandpass_n20004_cLA_V3_V6_independent_rms_s0,phase2/results/predictions/full/independent_rms/resnet/seed_17/bandpass_n20004_cLA_V3_V6_independent_rms_s0.npz,76133,1261115fb9ebbdd804cf84306f132c4dd27d9b4eb78c961c034ab4c10a6ebeac
resnet,independent_rms,17,bandpass_n20004_cLA_V3_V6_electrode_s20,phase2/results/predictions/full/independent_rms/resnet/seed_17/bandpass_n20004_cLA_V3_V6_electrode_s20.npz,76612,fe3360ddf579ebe5bcd248c76ae0fcbbfd5ef2f9a51295f968769421aa2299a8
resnet,independent_rms,17,bandpass_n20004_cLA_V3_V6_electrode_s15,phase2/results/predictions/full/independent_rms/resnet/seed_17/bandpass_n20004_cLA_V3_V6_electrode_s15.npz,76594,84e7c0a8b61c990a86089fd22dca9dfb81284738fe9c30890dc14df853a17214
resnet,independent_rms,17,bandpass_n20004_cLA_V3_V6_electrode_s10,phase2/results/predictions/full/independent_rms/resnet/seed_17/bandpass_n20004_cLA_V3_V6_electrode_s10.npz,76503,f7020e3526e161dbaff7c247456ebde1eeca6fb376bc9f7529730c2ae615b711
resnet,independent_rms,17,bandpass_n20004_cLA_V3_V6_electrode_s5,phase2/results/predictions/full/independent_rms/resnet/seed_17/bandpass_n20004_cLA_V3_V6_electrode_s5.npz,76321,adc5874fe62e5127765ccb65560eb743f3fec0b57c4f1708f07b9d20c6360345
resnet,independent_rms,17,bandpass_n20004_cLA_V3_V6_electrode_s0,phase2/results/predictions/full/independent_rms/resnet/seed_17/bandpass_n20004_cLA_V3_V6_electrode_s0.npz,75911,b4192f17986d85a6ae643da0dc2ee26be13a7a707900bac1790df21634048d08
resnet,independent_rms,17,bandpass_n20004_cLA_V3_V6_covariance_s20,phase2/results/predictions/full/independent_rms/resnet/seed_17/bandpass_n20004_cLA_V3_V6_covariance_s20.npz,76617,f7a5bfa66f3054e952e5bd9684888085d6561a74f8ade130b7e6cda90b349a7c
resnet,independent_rms,17,bandpass_n20004_cLA_V3_V6_covariance_s15,phase2/results/predictions/full/independent_rms/resnet/seed_17/bandpass_n20004_cLA_V3_V6_covariance_s15.npz,76582,a9ccc265e8ebc27bc0f7e3764ade63c2107a303344b8c4a1ec163977c6e9de44
resnet,independent_rms,17,bandpass_n20004_cLA_V3_V6_covariance_s10,phase2/results/predictions/full/independent_rms/resnet/seed_17/bandpass_n20004_cLA_V3_V6_covariance_s10.npz,76520,c8eef34e4acf8d03d135d1401be22df1bfd0107d64509a1eed1f82f08e7ad6ad
resnet,independent_rms,17,bandpass_n20004_cLA_V3_V6_covariance_s5,phase2/results/predictions/full/independent_rms/resnet/seed_17/bandpass_n20004_cLA_V3_V6_covariance_s5.npz,76320,473e3c58b41579540c8d4ff15182320e7185b30d9afcad03f48296484ffa4cf8
resnet,independent_rms,17,bandpass_n20004_cLA_V3_V6_covariance_s0,phase2/results/predictions/full/independent_rms/resnet/seed_17/bandpass_n20004_cLA_V3_V6_covariance_s0.npz,75897,0aaed4e90fc942f89d2713ec0c4bc97bcf8065b5f2572d79ac561649e4fc12b9
resnet,independent_rms,17,bandpass_n20004_cLL_V1_V4_independent_rms_s20,phase2/results/predictions/full/independent_rms/resnet/seed_17/bandpass_n20004_cLL_V1_V4_independent_rms_s20.npz,76622,c32762c58e77577fbbe6b0528456ac5012f509a18c284c85b38e7928c19ce33f
resnet,independent_rms,17,bandpass_n20004_cLL_V1_V4_independent_rms_s15,phase2/results/predictions/full/independent_rms/resnet/seed_17/bandpass_n20004_cLL_V1_V4_independent_rms_s15.npz,76582,436ad78f1d46027b9fa41704ec10a7fb14c6290f09970be6060cf8460f550bbe
resnet,independent_rms,17,bandpass_n20004_cLL_V1_V4_independent_rms_s10,phase2/results/predictions/full/independent_rms/resnet/seed_17/bandpass_n20004_cLL_V1_V4_independent_rms_s10.npz,76521,705a5bb1f309e4d33dc02b4576f146b3e3f134a9d869199dc74b5100c42f7f4a
resnet,independent_rms,17,bandpass_n20004_cLL_V1_V4_independent_rms_s5,phase2/results/predictions/full/independent_rms/resnet/seed_17/bandpass_n20004_cLL_V1_V4_independent_rms_s5.npz,76396,1534d26c9e14522d6d17b03b05f57f77d1f53b941b345dbc8205048961a1f7ae
resnet,independent_rms,17,bandpass_n20004_cLL_V1_V4_independent_rms_s0,phase2/results/predictions/full/independent_rms/resnet/seed_17/bandpass_n20004_cLL_V1_V4_independent_rms_s0.npz,76079,10fa09bbb0fb9c212dbcbcc52d424a549e3757698844fcfd491aa9e3e2beabc7
resnet,independent_rms,17,bandpass_n20004_cLL_V1_V4_electrode_s20,phase2/results/predictions/full/independent_rms/resnet/seed_17/bandpass_n20004_cLL_V1_V4_electrode_s20.npz,76592,7cdd3c46056cca4efc2305d8f90821af1c4e13f875f49659cab172e453665d5f
resnet,independent_rms,17,bandpass_n20004_cLL_V1_V4_electrode_s15,phase2/results/predictions/full/independent_rms/resnet/seed_17/bandpass_n20004_cLL_V1_V4_electrode_s15.npz,76571,5fbe1dfc3c81a506f54f6e6fe8a429d8eb26acd5291d1811d16d491bec64f573
resnet,independent_rms,17,bandpass_n20004_cLL_V1_V4_electrode_s10,phase2/results/predictions/full/independent_rms/resnet/seed_17/bandpass_n20004_cLL_V1_V4_electrode_s10.npz,76448,65e579f3c74832df697e2655b16e011a154fed4f09c3c5d4ecb740260c21f013
resnet,independent_rms,17,bandpass_n20004_cLL_V1_V4_electrode_s5,phase2/results/predictions/full/independent_rms/resnet/seed_17/bandpass_n20004_cLL_V1_V4_electrode_s5.npz,76239,c54752e531773d11367d814070f4bc7f8b8c7c083a4ee17e1ea32c1d31413fd7
resnet,independent_rms,17,bandpass_n20004_cLL_V1_V4_electrode_s0,phase2/results/predictions/full/independent_rms/resnet/seed_17/bandpass_n20004_cLL_V1_V4_electrode_s0.npz,75973,6aac1341a5960ece265376fe6377b399327c375818a9a01bbc7192c6b06e4b04
resnet,independent_rms,17,bandpass_n20004_cLL_V1_V4_covariance_s20,phase2/results/predictions/full/independent_rms/resnet/seed_17/bandpass_n20004_cLL_V1_V4_covariance_s20.npz,76597,2b72cf7fe741634fa5bb62f5f3b37885fe289823dca3c7c4390c6dafed9d9735
resnet,independent_rms,17,bandpass_n20004_cLL_V1_V4_covariance_s15,phase2/results/predictions/full/independent_rms/resnet/seed_17/bandpass_n20004_cLL_V1_V4_covariance_s15.npz,76599,37656d8a645905b354691403feba98e90081185466a81206e3f013316411738c
resnet,independent_rms,17,bandpass_n20004_cLL_V1_V4_covariance_s10,phase2/results/predictions/full/independent_rms/resnet/seed_17/bandpass_n20004_cLL_V1_V4_covariance_s10.npz,76435,a8beaeb3c95a422c83df472a79b286fda130c838a213f453ddbb8006a7d75ede
resnet,independent_rms,17,bandpass_n20004_cLL_V1_V4_covariance_s5,phase2/results/predictions/full/independent_rms/resnet/seed_17/bandpass_n20004_cLL_V1_V4_covariance_s5.npz,76240,37d37a4c7bdb848c89c978ad608f4ad65b20dcc1e8666ff8c29beab64a79a9d5
resnet,independent_rms,17,bandpass_n20004_cLL_V1_V4_covariance_s0,phase2/results/predictions/full/independent_rms/resnet/seed_17/bandpass_n20004_cLL_V1_V4_covariance_s0.npz,75994,3ca552e732ac93548ed25e2481d0b761ce052d8e464cff6d74bbf35a45d0d774
resnet,independent_rms,17,bandpass_n20004_call_independent_rms_s20,phase2/results/predictions/full/independent_rms/resnet/seed_17/bandpass_n20004_call_independent_rms_s20.npz,76601,c8dc64970928909d487525b67807bc86f5200843778b270ed13f6acb6357cd99
resnet,independent_rms,17,bandpass_n20004_call_independent_rms_s15,phase2/results/predictions/full/independent_rms/resnet/seed_17/bandpass_n20004_call_independent_rms_s15.npz,76584,c698aaa67380336d81846424475f57a2ee8549ac6aac944f167883440edb97cc
resnet,independent_rms,17,bandpass_n20004_call_independent_rms_s10,phase2/results/predictions/full/independent_rms/resnet/seed_17/bandpass_n20004_call_independent_rms_s10.npz,76487,d7075f0486ac949498e20180a6623b9fbb0ef57111bff162daa323729ccea9ee
resnet,independent_rms,17,bandpass_n20004_call_independent_rms_s5,phase2/results/predictions/full/independent_rms/resnet/seed_17/bandpass_n20004_call_independent_rms_s5.npz,76360,04bf2c9b3331a3a72e650635dad20701dd08d74d3a82b24ee207cd348b708540
resnet,independent_rms,17,bandpass_n20004_call_independent_rms_s0,phase2/results/predictions/full/independent_rms/resnet/seed_17/bandpass_n20004_call_independent_rms_s0.npz,76054,a78d680fcb78595412343b04f61f08f3783f021dfb11b70988f810b0058040fb
resnet,independent_rms,17,bandpass_n20004_call_electrode_s20,phase2/results/predictions/full/independent_rms/resnet/seed_17/bandpass_n20004_call_electrode_s20.npz,76563,0dc83d4a2842b7a39766d8491c3dcac26090c3e8b0f7bd48c6c2dfe04b7fd437
resnet,independent_rms,17,bandpass_n20004_call_electrode_s15,phase2/results/predictions/full/independent_rms/resnet/seed_17/bandpass_n20004_call_electrode_s15.npz,76553,2681a927398ecccd57c595887a6f590df96b4b342de77f5796f918e5ebffd718
resnet,independent_rms,17,bandpass_n20004_call_electrode_s10,phase2/results/predictions/full/independent_rms/resnet/seed_17/bandpass_n20004_call_electrode_s10.npz,76427,54d24144cdcd0876b5c2799c0e0c9c95deb9d0bd14cdacd8af0defdbea90e6c6
resnet,independent_rms,17,bandpass_n20004_call_electrode_s5,phase2/results/predictions/full/independent_rms/resnet/seed_17/bandpass_n20004_call_electrode_s5.npz,76244,25b3fa731a85839681adc133abb20ceb19849166b06aa20d81857839c27b4df8
resnet,independent_rms,17,bandpass_n20004_call_electrode_s0,phase2/results/predictions/full/independent_rms/resnet/seed_17/bandpass_n20004_call_electrode_s0.npz,75905,9cb78985b0c5c42325f2ea19f243dbcdc03927cfffe04112c78c0fda79cf5346
resnet,independent_rms,17,bandpass_n20004_call_covariance_s20,phase2/results/predictions/full/independent_rms/resnet/seed_17/bandpass_n20004_call_covariance_s20.npz,76570,40a8606a898ada92b71447e72e5d9498373a2dcf58854283c51022b00bfc1470
resnet,independent_rms,17,bandpass_n20004_call_covariance_s15,phase2/results/predictions/full/independent_rms/resnet/seed_17/bandpass_n20004_call_covariance_s15.npz,76547,1ddb9472dab496bec1b715015b4d61cbc012b8ddc94dbf66033cc25b30bc185a
resnet,independent_rms,17,bandpass_n20004_call_covariance_s10,phase2/results/predictions/full/independent_rms/resnet/seed_17/bandpass_n20004_call_covariance_s10.npz,76432,14f655ec26c1aaddcb3ab2c3e6e9d27e97fc1d63c6a619a3267dc8c4d7696388
resnet,independent_rms,17,bandpass_n20004_call_covariance_s5,phase2/results/predictions/full/independent_rms/resnet/seed_17/bandpass_n20004_call_covariance_s5.npz,76220,143db0be78027fa35b6d658fdc78efc947776b8c4eccf86145384d1e465ec7e2
resnet,independent_rms,17,bandpass_n20004_call_covariance_s0,phase2/results/predictions/full/independent_rms/resnet/seed_17/bandpass_n20004_call_covariance_s0.npz,75877,1574b654b3a79daa57160db6b1faf4ca4bfa086582f6f5a1385d78e345843a6e
resnet,independent_rms,17,bandpass_n20005_cRA_LA_LL_independent_rms_s20,phase2/results/predictions/full/independent_rms/resnet/seed_17/bandpass_n20005_cRA_LA_LL_independent_rms_s20.npz,76620,3a4097ccfcf97a9241dc9c36709ac7f6b93a51b7a870dd58cb262184dda7a10a
resnet,independent_rms,17,bandpass_n20005_cRA_LA_LL_independent_rms_s15,phase2/results/predictions/full/independent_rms/resnet/seed_17/bandpass_n20005_cRA_LA_LL_independent_rms_s15.npz,76613,d4736980d845d247e6ce35f271809e7ec642f039a3b2eb057d3d51a07a899353
resnet,independent_rms,17,bandpass_n20005_cRA_LA_LL_independent_rms_s10,phase2/results/predictions/full/independent_rms/resnet/seed_17/bandpass_n20005_cRA_LA_LL_independent_rms_s10.npz,76514,0d7dffb76af14d9544ef47bb9d3c77075e4e971d7efd63346f7d01b6b4358c4b
resnet,independent_rms,17,bandpass_n20005_cRA_LA_LL_independent_rms_s5,phase2/results/predictions/full/independent_rms/resnet/seed_17/bandpass_n20005_cRA_LA_LL_independent_rms_s5.npz,76376,2e375ba6a46fb72c10bedb448aed6135988b051a63e0e8acf6feaa463501c8cc
resnet,independent_rms,17,bandpass_n20005_cRA_LA_LL_independent_rms_s0,phase2/results/predictions/full/independent_rms/resnet/seed_17/bandpass_n20005_cRA_LA_LL_independent_rms_s0.npz,76062,ec5d7e8597789923ca26aaa4b44cbf30acfa5b912f877708a4d9da820a400904
resnet,independent_rms,17,bandpass_n20005_cRA_LA_LL_electrode_s20,phase2/results/predictions/full/independent_rms/resnet/seed_17/bandpass_n20005_cRA_LA_LL_electrode_s20.npz,76567,ddaf52dc2981254cfd6e1902fc68cb45b1a56478874a87ac9384b2f422890c97
resnet,independent_rms,17,bandpass_n20005_cRA_LA_LL_electrode_s15,phase2/results/predictions/full/independent_rms/resnet/seed_17/bandpass_n20005_cRA_LA_LL_electrode_s15.npz,76511,c4f2afaf03922ffcebbf06987f224814bafa74336870391306093e0028390b72
resnet,independent_rms,17,bandpass_n20005_cRA_LA_LL_electrode_s10,phase2/results/predictions/full/independent_rms/resnet/seed_17/bandpass_n20005_cRA_LA_LL_electrode_s10.npz,76390,227f8810a1e4f106a699f0e61851baa27d7eec8feb9f9c56ac1817d663fab0df
resnet,independent_rms,17,bandpass_n20005_cRA_LA_LL_electrode_s5,phase2/results/predictions/full/independent_rms/resnet/seed_17/bandpass_n20005_cRA_LA_LL_electrode_s5.npz,76218,55ab3c5718e067b9f5347b953f569ae858bee985837f12c217c9ebf414ed7880
resnet,independent_rms,17,bandpass_n20005_cRA_LA_LL_electrode_s0,phase2/results/predictions/full/independent_rms/resnet/seed_17/bandpass_n20005_cRA_LA_LL_electrode_s0.npz,75794,759af741ae451d5f9ec683a407787fb923a67ae007d972f3738b5148c91ecf32
resnet,independent_rms,17,bandpass_n20005_cRA_LA_LL_covariance_s20,phase2/results/predictions/full/independent_rms/resnet/seed_17/bandpass_n20005_cRA_LA_LL_covariance_s20.npz,76587,81105c2bb77d41f5f6aa4f9d55eeedbd311046a3ff157ef5b2c70f1ad4663b10
resnet,independent_rms,17,bandpass_n20005_cRA_LA_LL_covariance_s15,phase2/results/predictions/full/independent_rms/resnet/seed_17/bandpass_n20005_cRA_LA_LL_covariance_s15.npz,76561,291e62b0377e1c1e812fd8ed8903726c274ea1012b35dc9d67144c325802c227
resnet,independent_rms,17,bandpass_n20005_cRA_LA_LL_covariance_s10,phase2/results/predictions/full/independent_rms/resnet/seed_17/bandpass_n20005_cRA_LA_LL_covariance_s10.npz,76467,7a9c5aff1508d2b78daec305b97259c118622d454d584341e521b4ece485e869
resnet,independent_rms,17,bandpass_n20005_cRA_LA_LL_covariance_s5,phase2/results/predictions/full/independent_rms/resnet/seed_17/bandpass_n20005_cRA_LA_LL_covariance_s5.npz,76224,8dab484711e7cb05cdf64600c501d8d73a98b5ff678442c1734b978ac2cc707a
resnet,independent_rms,17,bandpass_n20005_cRA_LA_LL_covariance_s0,phase2/results/predictions/full/independent_rms/resnet/seed_17/bandpass_n20005_cRA_LA_LL_covariance_s0.npz,75812,e66a4af2d5dc846be7f028708dde906d6f2dccf0ad724c9c2eb3d31536dcbcac
resnet,independent_rms,17,bandpass_n20005_cV1_independent_rms_s20,phase2/results/predictions/full/independent_rms/resnet/seed_17/bandpass_n20005_cV1_independent_rms_s20.npz,76583,5dd8ea49d6c40dd5584e81f001063c5b2ed039c84b5047f052365979520e2f55
resnet,independent_rms,17,bandpass_n20005_cV1_independent_rms_s15,phase2/results/predictions/full/independent_rms/resnet/seed_17/bandpass_n20005_cV1_independent_rms_s15.npz,76567,f03e56c5f8ffa8e3f0f4b40f463a9ad57cacaee9811e23afa1ca360ecba92d0d
resnet,independent_rms,17,bandpass_n20005_cV1_independent_rms_s10,phase2/results/predictions/full/independent_rms/resnet/seed_17/bandpass_n20005_cV1_independent_rms_s10.npz,76506,cc09d87b7988434de5db03b7285877e5450f01f7cb28526c115ed256c1161cdf
resnet,independent_rms,17,bandpass_n20005_cV1_independent_rms_s5,phase2/results/predictions/full/independent_rms/resnet/seed_17/bandpass_n20005_cV1_independent_rms_s5.npz,76351,c483eb962ff9019cba2ee1370e9b3ccfc42c0cc673696681709b423cce0853af
resnet,independent_rms,17,bandpass_n20005_cV1_independent_rms_s0,phase2/results/predictions/full/independent_rms/resnet/seed_17/bandpass_n20005_cV1_independent_rms_s0.npz,76111,4755782ce75126e64315d82b9d4dd67a123b03e6d26a8e34b3862df3e09f54f4
resnet,independent_rms,17,bandpass_n20005_cV1_electrode_s20,phase2/results/predictions/full/independent_rms/resnet/seed_17/bandpass_n20005_cV1_electrode_s20.npz,76604,6cd94baf7a3bf096dd3549df651fb1534533ce1985f4309f8cc2dbf58d622c29
resnet,independent_rms,17,bandpass_n20005_cV1_electrode_s15,phase2/results/predictions/full/independent_rms/resnet/seed_17/bandpass_n20005_cV1_electrode_s15.npz,76578,205f55be354d97ef1c468bea72619b26f320f0c06581b4bd658e9af5b6f345d2
resnet,independent_rms,17,bandpass_n20005_cV1_electrode_s10,phase2/results/predictions/full/independent_rms/resnet/seed_17/bandpass_n20005_cV1_electrode_s10.npz,76514,e9bd9e930a266e14bf965e1de6d1945f25a196f6f4ce487ea8548bd861bfa52f
resnet,independent_rms,17,bandpass_n20005_cV1_electrode_s5,phase2/results/predictions/full/independent_rms/resnet/seed_17/bandpass_n20005_cV1_electrode_s5.npz,76358,7a487ce396290798c5ab0a5a56c071510ee5b5a43012aa497f2b945ae8299c98
resnet,independent_rms,17,bandpass_n20005_cV1_electrode_s0,phase2/results/predictions/full/independent_rms/resnet/seed_17/bandpass_n20005_cV1_electrode_s0.npz,76094,83614321c251f593551057df25ffed3a109950aecf414a93f5b940e8b1952d30
resnet,independent_rms,17,bandpass_n20005_cV1_covariance_s20,phase2/results/predictions/full/independent_rms/resnet/seed_17/bandpass_n20005_cV1_covariance_s20.npz,76565,520f6e23b9c6cb8aefba5d0b1e0efbd754cefb37ac7a995c5dbdd2cc679ad72a
resnet,independent_rms,17,bandpass_n20005_cV1_covariance_s15,phase2/results/predictions/full/independent_rms/resnet/seed_17/bandpass_n20005_cV1_covariance_s15.npz,76563,997a90e07fe35ca605c9a2e1762f9b0d68f9047c80bbd140956e072e1f95330c
resnet,independent_rms,17,bandpass_n20005_cV1_covariance_s10,phase2/results/predictions/full/independent_rms/resnet/seed_17/bandpass_n20005_cV1_covariance_s10.npz,76484,a46b1bfa89c517014066a5d6a5cec000d8becb1a396220a01782fd833bbfdefb
resnet,independent_rms,17,bandpass_n20005_cV1_covariance_s5,phase2/results/predictions/full/independent_rms/resnet/seed_17/bandpass_n20005_cV1_covariance_s5.npz,76351,2f96f787e7dc28636fc571b5eb06540704bc68c8b5313136b4f8c45fcdbeb35a
resnet,independent_rms,17,bandpass_n20005_cV1_covariance_s0,phase2/results/predictions/full/independent_rms/resnet/seed_17/bandpass_n20005_cV1_covariance_s0.npz,76040,767de0e867ceed6a1f77dad5b51e5ae28dfb6d810208676c0a549ea921b8977c
resnet,independent_rms,17,bandpass_n20005_cV2_independent_rms_s20,phase2/results/predictions/full/independent_rms/resnet/seed_17/bandpass_n20005_cV2_independent_rms_s20.npz,76575,b3fdbf647227736a3d63f5fc922e76bb42619f4bd0d706328c2847aa38608c9c
resnet,independent_rms,17,bandpass_n20005_cV2_independent_rms_s15,phase2/results/predictions/full/independent_rms/resnet/seed_17/bandpass_n20005_cV2_independent_rms_s15.npz,76585,ac714b34b50411ec100d4373cfbce2309a600f6e0bf10d6c277ba6969f643c50
resnet,independent_rms,17,bandpass_n20005_cV2_independent_rms_s10,phase2/results/predictions/full/independent_rms/resnet/seed_17/bandpass_n20005_cV2_independent_rms_s10.npz,76527,366b2b23d91310c1981a678add3abc36ffc2f9d437c577c052d444152c54767f
resnet,independent_rms,17,bandpass_n20005_cV2_independent_rms_s5,phase2/results/predictions/full/independent_rms/resnet/seed_17/bandpass_n20005_cV2_independent_rms_s5.npz,76353,e778634b916f8c82389cb98f3556c27293dbb738d7d0e7f8a2e9de4c52567aec
resnet,independent_rms,17,bandpass_n20005_cV2_independent_rms_s0,phase2/results/predictions/full/independent_rms/resnet/seed_17/bandpass_n20005_cV2_independent_rms_s0.npz,76148,838bc86a433ba77dd3d6dd46afc26dc92e91ecdef31211ac281aac0694960e2a
resnet,independent_rms,17,bandpass_n20005_cV2_electrode_s20,phase2/results/predictions/full/independent_rms/resnet/seed_17/bandpass_n20005_cV2_electrode_s20.npz,76567,14fa78498e0185fa318e28c419bbac491b75e3117ea7f692ee11290646937218
resnet,independent_rms,17,bandpass_n20005_cV2_electrode_s15,phase2/results/predictions/full/independent_rms/resnet/seed_17/bandpass_n20005_cV2_electrode_s15.npz,76570,18432e0b007f5c29308fca3cb69cc1ccf13dcde958cb1d61eb94d4bb39d94a80
resnet,independent_rms,17,bandpass_n20005_cV2_electrode_s10,phase2/results/predictions/full/independent_rms/resnet/seed_17/bandpass_n20005_cV2_electrode_s10.npz,76516,346fb610f40213371521d11bd11621b6179d867ffe10e9d30e4107f9771f4da1
resnet,independent_rms,17,bandpass_n20005_cV2_electrode_s5,phase2/results/predictions/full/independent_rms/resnet/seed_17/bandpass_n20005_cV2_electrode_s5.npz,76359,9811256cd80b1cfd2943ae233a7f2deb4667e981717bb5b7f88e2d9c5196d1dd
resnet,independent_rms,17,bandpass_n20005_cV2_electrode_s0,phase2/results/predictions/full/independent_rms/resnet/seed_17/bandpass_n20005_cV2_electrode_s0.npz,76135,48a8de484f923865b035b10db191444c3417745d534df78feecefaa08c147d70
resnet,independent_rms,17,bandpass_n20005_cV2_covariance_s20,phase2/results/predictions/full/independent_rms/resnet/seed_17/bandpass_n20005_cV2_covariance_s20.npz,76586,cadd65759c8afb3135187848898c084eb6c3049151d789f8545e1db1e2f3b00c
resnet,independent_rms,17,bandpass_n20005_cV2_covariance_s15,phase2/results/predictions/full/independent_rms/resnet/seed_17/bandpass_n20005_cV2_covariance_s15.npz,76551,a493def9c94f50e54c5e91858a1fa357718fd98ab412bb1d18461578a5ac2cbc
resnet,independent_rms,17,bandpass_n20005_cV2_covariance_s10,phase2/results/predictions/full/independent_rms/resnet/seed_17/bandpass_n20005_cV2_covariance_s10.npz,76493,27d3b7abb710406e0cc99585d068da79583d833644339f757882d43102f1983f
resnet,independent_rms,17,bandpass_n20005_cV2_covariance_s5,phase2/results/predictions/full/independent_rms/resnet/seed_17/bandpass_n20005_cV2_covariance_s5.npz,76379,649178a368aa745b0bb7cc9a8c3ae2ed8757216138741e455bf863934e7c8e8c
resnet,independent_rms,17,bandpass_n20005_cV2_covariance_s0,phase2/results/predictions/full/independent_rms/resnet/seed_17/bandpass_n20005_cV2_covariance_s0.npz,76138,49886be886048b85802ffaf6bd05ba8bf0debc45779909a6eb2199a9caf45c15
resnet,independent_rms,17,bandpass_n20005_cV3_independent_rms_s20,phase2/results/predictions/full/independent_rms/resnet/seed_17/bandpass_n20005_cV3_independent_rms_s20.npz,76615,86ea8d5db19fa1b7290d5fe4a7983ee100a28129e0bf926b45187a1e8d996072
resnet,independent_rms,17,bandpass_n20005_cV3_independent_rms_s15,phase2/results/predictions/full/independent_rms/resnet/seed_17/bandpass_n20005_cV3_independent_rms_s15.npz,76619,766f0bc8c9a28005fc7dbfefb03a031a1f82c321e7d4e17749b6a068f0c14b99
resnet,independent_rms,17,bandpass_n20005_cV3_independent_rms_s10,phase2/results/predictions/full/independent_rms/resnet/seed_17/bandpass_n20005_cV3_independent_rms_s10.npz,76544,c6529c37346be65cc560d464beccfe7fe457cab9d27b238212d17daa1f5dbc55
resnet,independent_rms,17,bandpass_n20005_cV3_independent_rms_s5,phase2/results/predictions/full/independent_rms/resnet/seed_17/bandpass_n20005_cV3_independent_rms_s5.npz,76434,be07407b8ce54257c24c7e57b7f678c85a1ab016ce9f4c5105de77271d5077b1
resnet,independent_rms,17,bandpass_n20005_cV3_independent_rms_s0,phase2/results/predictions/full/independent_rms/resnet/seed_17/bandpass_n20005_cV3_independent_rms_s0.npz,76098,6aa0f2fbec465bb80c243bbd21d779904212f6893884142044f646ca2664b8c8
resnet,independent_rms,17,bandpass_n20005_cV3_electrode_s20,phase2/results/predictions/full/independent_rms/resnet/seed_17/bandpass_n20005_cV3_electrode_s20.npz,76602,7b26f6f60c60c9de03ca421f5b7821c8616d779b72f20e801c7bb9ac4736ad0e
resnet,independent_rms,17,bandpass_n20005_cV3_electrode_s15,phase2/results/predictions/full/independent_rms/resnet/seed_17/bandpass_n20005_cV3_electrode_s15.npz,76581,00730d770b16269eb7d3473b2413d29c9ae47dbf00b45b337b869968e93fe3d5
resnet,independent_rms,17,bandpass_n20005_cV3_electrode_s10,phase2/results/predictions/full/independent_rms/resnet/seed_17/bandpass_n20005_cV3_electrode_s10.npz,76550,7b3e76a48f1208825fefb0de5956fd9a821e19f567b6e134cce01c5f57674c0c
resnet,independent_rms,17,bandpass_n20005_cV3_electrode_s5,phase2/results/predictions/full/independent_rms/resnet/seed_17/bandpass_n20005_cV3_electrode_s5.npz,76390,05a3fb5eb386a0123d69ce261d6c06f1a13fd459acf211cb41a688e65d50adde
resnet,independent_rms,17,bandpass_n20005_cV3_electrode_s0,phase2/results/predictions/full/independent_rms/resnet/seed_17/bandpass_n20005_cV3_electrode_s0.npz,76135,aad55e1a3bf8f5fcbad95c29027b6fc092f3deb4933fee3b88d21703363efa31
resnet,independent_rms,17,bandpass_n20005_cV3_covariance_s20,phase2/results/predictions/full/independent_rms/resnet/seed_17/bandpass_n20005_cV3_covariance_s20.npz,76585,fe0c0decaf36723a48cbc3837dd359dd9d489c7512e41aa784fe929efa589e53
resnet,independent_rms,17,bandpass_n20005_cV3_covariance_s15,phase2/results/predictions/full/independent_rms/resnet/seed_17/bandpass_n20005_cV3_covariance_s15.npz,76606,94a59ba2a31a17025a475d164739c88d5e0c65a1c29495db92dfbb80dab5af6c
resnet,independent_rms,17,bandpass_n20005_cV3_covariance_s10,phase2/results/predictions/full/independent_rms/resnet/seed_17/bandpass_n20005_cV3_covariance_s10.npz,76538,419ac00b47a4eaab9439143045d8773f89622e35c774c82f15e5456627cbe694
resnet,independent_rms,17,bandpass_n20005_cV3_covariance_s5,phase2/results/predictions/full/independent_rms/resnet/seed_17/bandpass_n20005_cV3_covariance_s5.npz,76374,feec32029542d796512f4e4123f0329cf91cb17d3b4f8554891f1b7826a28c2b
resnet,independent_rms,17,bandpass_n20005_cV3_covariance_s0,phase2/results/predictions/full/independent_rms/resnet/seed_17/bandpass_n20005_cV3_covariance_s0.npz,76147,b6dbc38a81356d14570596b85b6d2cc999c44627076ea8dcf48d25b7f85265b8
resnet,independent_rms,17,bandpass_n20005_cV4_independent_rms_s20,phase2/results/predictions/full/independent_rms/resnet/seed_17/bandpass_n20005_cV4_independent_rms_s20.npz,76602,5c063d3bc3696be5b671e3a090620c2c2d4a0aa303080f178e6645f49b7fc439
resnet,independent_rms,17,bandpass_n20005_cV4_independent_rms_s15,phase2/results/predictions/full/independent_rms/resnet/seed_17/bandpass_n20005_cV4_independent_rms_s15.npz,76540,32124ea84c5bbe08125d4b3c1988f6ba9ec8b68e957e036073cab973b93caec7
resnet,independent_rms,17,bandpass_n20005_cV4_independent_rms_s10,phase2/results/predictions/full/independent_rms/resnet/seed_17/bandpass_n20005_cV4_independent_rms_s10.npz,76556,5e552d4f09988ab2a2fc4c05bc178a322f7174a9d1f8dcc25df5670aa8008748
resnet,independent_rms,17,bandpass_n20005_cV4_independent_rms_s5,phase2/results/predictions/full/independent_rms/resnet/seed_17/bandpass_n20005_cV4_independent_rms_s5.npz,76424,c3fd78a43fbe36a30ef1cb1d1b4bb2c73a41e1a9fa516188719162592a8c3056
resnet,independent_rms,17,bandpass_n20005_cV4_independent_rms_s0,phase2/results/predictions/full/independent_rms/resnet/seed_17/bandpass_n20005_cV4_independent_rms_s0.npz,76256,ce9ca7884374cc20f3cd86c2173d92b70153996d5f5d6badc0a15f7dad6dc27a
resnet,independent_rms,17,bandpass_n20005_cV4_electrode_s20,phase2/results/predictions/full/independent_rms/resnet/seed_17/bandpass_n20005_cV4_electrode_s20.npz,76582,1b1ad10e80533a93036fb89c66c6d5e2b04493f7ed76c004a0c3c10f3e81803e
resnet,independent_rms,17,bandpass_n20005_cV4_electrode_s15,phase2/results/predictions/full/independent_rms/resnet/seed_17/bandpass_n20005_cV4_electrode_s15.npz,76580,935a57b1d5393c39d304de1d4f950c581ece25e63f520b4817910ec66b654ffa
resnet,independent_rms,17,bandpass_n20005_cV4_electrode_s10,phase2/results/predictions/full/independent_rms/resnet/seed_17/bandpass_n20005_cV4_electrode_s10.npz,76545,99067eee723aac11a85ad2bb028d97a8366b0eda254f04c06fba41042b390745
resnet,independent_rms,17,bandpass_n20005_cV4_electrode_s5,phase2/results/predictions/full/independent_rms/resnet/seed_17/bandpass_n20005_cV4_electrode_s5.npz,76391,5995db7dd0568a23127775c7ca80f44cfe3079db6515c82f17d9ad46e32242ae
resnet,independent_rms,17,bandpass_n20005_cV4_electrode_s0,phase2/results/predictions/full/independent_rms/resnet/seed_17/bandpass_n20005_cV4_electrode_s0.npz,76265,a05b646acb672a2bf1531dbd5f7acf31cd7c087b6a3b2f66c269109f7fe319f8
resnet,independent_rms,17,bandpass_n20005_cV4_covariance_s20,phase2/results/predictions/full/independent_rms/resnet/seed_17/bandpass_n20005_cV4_covariance_s20.npz,76576,23c3ab99b60f5ba469b502867ebf571c3ac765ced46c4290db15bf6912538c0f
resnet,independent_rms,17,bandpass_n20005_cV4_covariance_s15,phase2/results/predictions/full/independent_rms/resnet/seed_17/bandpass_n20005_cV4_covariance_s15.npz,76564,61c270d301f150f9058fd4116ba1fa2224d2ede868948ff98440525326d78265
resnet,independent_rms,17,bandpass_n20005_cV4_covariance_s10,phase2/results/predictions/full/independent_rms/resnet/seed_17/bandpass_n20005_cV4_covariance_s10.npz,76559,27bb48f8aaa6c15271b10243d0709f8b7f577e6be4efc25e38e83fd463d8bbc1
resnet,independent_rms,17,bandpass_n20005_cV4_covariance_s5,phase2/results/predictions/full/independent_rms/resnet/seed_17/bandpass_n20005_cV4_covariance_s5.npz,76433,24025142e579be620aa4c2fe541cbbf4af6a3fc600f1afa14ccad64a6ec266e4
resnet,independent_rms,17,bandpass_n20005_cV4_covariance_s0,phase2/results/predictions/full/independent_rms/resnet/seed_17/bandpass_n20005_cV4_covariance_s0.npz,76263,ea19fd2577961e8ce1f2cb88876de865bc01da85382109b9d4405d59ce82642d
resnet,independent_rms,17,bandpass_n20005_cV5_independent_rms_s20,phase2/results/predictions/full/independent_rms/resnet/seed_17/bandpass_n20005_cV5_independent_rms_s20.npz,76600,39e2e8900bc6a11553c18dff303ccb062b8011b7db45c66f628f6055fd6fe4a9
resnet,independent_rms,17,bandpass_n20005_cV5_independent_rms_s15,phase2/results/predictions/full/independent_rms/resnet/seed_17/bandpass_n20005_cV5_independent_rms_s15.npz,76575,fec3f5b2ef189b42be2c784b54d8bde99ec40bdeff7f77f2bf9566a457b8a6a8
resnet,independent_rms,17,bandpass_n20005_cV5_independent_rms_s10,phase2/results/predictions/full/independent_rms/resnet/seed_17/bandpass_n20005_cV5_independent_rms_s10.npz,76541,3c6561a686bd4b97e49b440d4392217970c96314bd3d26eb223253dad9b70748
resnet,independent_rms,17,bandpass_n20005_cV5_independent_rms_s5,phase2/results/predictions/full/independent_rms/resnet/seed_17/bandpass_n20005_cV5_independent_rms_s5.npz,76325,2532b8144b3c5cc1bfc318b4cdf7d6380d79587109ae5ad43019a1171fd6bb95
resnet,independent_rms,17,bandpass_n20005_cV5_independent_rms_s0,phase2/results/predictions/full/independent_rms/resnet/seed_17/bandpass_n20005_cV5_independent_rms_s0.npz,76061,8798ac6861dfa5bc3e33a26bef530394933160581952390fe78e9fc4e5128856
resnet,independent_rms,17,bandpass_n20005_cV5_electrode_s20,phase2/results/predictions/full/independent_rms/resnet/seed_17/bandpass_n20005_cV5_electrode_s20.npz,76579,5b6e748a9999d57c641eff8b5e34d93d9b034335e5d1e58f145e6e6fcb0175e2
resnet,independent_rms,17,bandpass_n20005_cV5_electrode_s15,phase2/results/predictions/full/independent_rms/resnet/seed_17/bandpass_n20005_cV5_electrode_s15.npz,76552,bf0f53c6f53e28299458a98ca525cd0d17a951fd9a945c7ad6eaad2b8da5aead
resnet,independent_rms,17,bandpass_n20005_cV5_electrode_s10,phase2/results/predictions/full/independent_rms/resnet/seed_17/bandpass_n20005_cV5_electrode_s10.npz,76473,8bcb385c7fe62988b09fcf7f3c555767e73061235575915c48ca03784c97f37f
resnet,independent_rms,17,bandpass_n20005_cV5_electrode_s5,phase2/results/predictions/full/independent_rms/resnet/seed_17/bandpass_n20005_cV5_electrode_s5.npz,76327,9b9384628f17ff0f3859b3a37236afe2ee1920e08f830164e1bbbd60622fcfc3
resnet,independent_rms,17,bandpass_n20005_cV5_electrode_s0,phase2/results/predictions/full/independent_rms/resnet/seed_17/bandpass_n20005_cV5_electrode_s0.npz,76032,f65e0aba4a12518187dc3424a867f905b73d8d3fe7e5517f3c3659c83e021ea7
resnet,independent_rms,17,bandpass_n20005_cV5_covariance_s20,phase2/results/predictions/full/independent_rms/resnet/seed_17/bandpass_n20005_cV5_covariance_s20.npz,76578,ec4d4a30df2fe2261d204a7fb6af4edc46c946afb42bde1dbc139ad509d01eea
resnet,independent_rms,17,bandpass_n20005_cV5_covariance_s15,phase2/results/predictions/full/independent_rms/resnet/seed_17/bandpass_n20005_cV5_covariance_s15.npz,76581,3000bad00cc1cf56dbf29993f4db20c343e406c3e026d738e5442eed6b702e14
resnet,independent_rms,17,bandpass_n20005_cV5_covariance_s10,phase2/results/predictions/full/independent_rms/resnet/seed_17/bandpass_n20005_cV5_covariance_s10.npz,76495,a1673a809edc10dedab91744b6f2dae6f9f41a6b0dbb39d309e83020222d9d60
resnet,independent_rms,17,bandpass_n20005_cV5_covariance_s5,phase2/results/predictions/full/independent_rms/resnet/seed_17/bandpass_n20005_cV5_covariance_s5.npz,76362,27541753e411c7016de6537812a7d4c1bd7ff235ba614f73367eb248348f918e
resnet,independent_rms,17,bandpass_n20005_cV5_covariance_s0,phase2/results/predictions/full/independent_rms/resnet/seed_17/bandpass_n20005_cV5_covariance_s0.npz,76033,57a95238e03a76606a01a8de8605afc6f86d584f5c8bdbe845f5c428755cd634
resnet,independent_rms,17,bandpass_n20005_cV6_independent_rms_s20,phase2/results/predictions/full/independent_rms/resnet/seed_17/bandpass_n20005_cV6_independent_rms_s20.npz,76557,2cf635d02e566cc4af8b6c33b09640e718fe1b9155f58aecca06188983f759b8
resnet,independent_rms,17,bandpass_n20005_cV6_independent_rms_s15,phase2/results/predictions/full/independent_rms/resnet/seed_17/bandpass_n20005_cV6_independent_rms_s15.npz,76589,be090516826860992c957bf27c8aa1769034158cb83ee4607da82f72e28ca288
resnet,independent_rms,17,bandpass_n20005_cV6_independent_rms_s10,phase2/results/predictions/full/independent_rms/resnet/seed_17/bandpass_n20005_cV6_independent_rms_s10.npz,76534,c615ff1af9841a8bfe4070faff39e2a5567a29b46edb22b6321dbbf223f5c3da
resnet,independent_rms,17,bandpass_n20005_cV6_independent_rms_s5,phase2/results/predictions/full/independent_rms/resnet/seed_17/bandpass_n20005_cV6_independent_rms_s5.npz,76405,c87ccaad3da1b238c7e13c09e15dc414a091bed43501972cb9ad0a588457ab6a
resnet,independent_rms,17,bandpass_n20005_cV6_independent_rms_s0,phase2/results/predictions/full/independent_rms/resnet/seed_17/bandpass_n20005_cV6_independent_rms_s0.npz,76215,7b053ab397650d7d6a88204aa90c21f4b51fd820c484015f51e98694af5c0660
resnet,independent_rms,17,bandpass_n20005_cV6_electrode_s20,phase2/results/predictions/full/independent_rms/resnet/seed_17/bandpass_n20005_cV6_electrode_s20.npz,76533,376ee8562f5b35b0da6d1d04dbd9e747dd5d24d231e839653a84f09adad0561d
resnet,independent_rms,17,bandpass_n20005_cV6_electrode_s15,phase2/results/predictions/full/independent_rms/resnet/seed_17/bandpass_n20005_cV6_electrode_s15.npz,76549,6c3c03e14922f5bbbbd190d4d111a5eadf70bc4d1ae66ff21b94d6d9fef795ff
resnet,independent_rms,17,bandpass_n20005_cV6_electrode_s10,phase2/results/predictions/full/independent_rms/resnet/seed_17/bandpass_n20005_cV6_electrode_s10.npz,76498,2ac2de52320574e2ac7c6539d73092a63ef38f294a9c65598c12417f4ee43396
resnet,independent_rms,17,bandpass_n20005_cV6_electrode_s5,phase2/results/predictions/full/independent_rms/resnet/seed_17/bandpass_n20005_cV6_electrode_s5.npz,76401,812105a122550b84723355cdbd61658a43d2c9aaa5cac2c7e6580f8d1a606cb9
resnet,independent_rms,17,bandpass_n20005_cV6_electrode_s0,phase2/results/predictions/full/independent_rms/resnet/seed_17/bandpass_n20005_cV6_electrode_s0.npz,76181,cb401d5813db1f37f3982799f9dbf1f76622c53fd9ff5a89f73a768e1aa0f983
resnet,independent_rms,17,bandpass_n20005_cV6_covariance_s20,phase2/results/predictions/full/independent_rms/resnet/seed_17/bandpass_n20005_cV6_covariance_s20.npz,76581,69528d528c3759cf65f34c2e232cc259e7a1893e03e2f66b785fc1f45adec7e3
resnet,independent_rms,17,bandpass_n20005_cV6_covariance_s15,phase2/results/predictions/full/independent_rms/resnet/seed_17/bandpass_n20005_cV6_covariance_s15.npz,76571,d43b884329184cefce358fd2a689315c0bd3c5758e00b898ddcd923fb9a6bebe
resnet,independent_rms,17,bandpass_n20005_cV6_covariance_s10,phase2/results/predictions/full/independent_rms/resnet/seed_17/bandpass_n20005_cV6_covariance_s10.npz,76529,07e8f338d70e0ccc9916149478e5ef33c4de3932ea9675c8fb3e76ef1f4c3eaf
resnet,independent_rms,17,bandpass_n20005_cV6_covariance_s5,phase2/results/predictions/full/independent_rms/resnet/seed_17/bandpass_n20005_cV6_covariance_s5.npz,76382,adc1425c740ad2fb19b09d2394b8c9d269e71a09f6ad73c82456efe143493052
resnet,independent_rms,17,bandpass_n20005_cV6_covariance_s0,phase2/results/predictions/full/independent_rms/resnet/seed_17/bandpass_n20005_cV6_covariance_s0.npz,76206,a108ef2414e0172f0cb25903eb9db770b1469630d84fe99e0a79b069dc495c11
resnet,independent_rms,17,bandpass_n20005_cRA_LA_independent_rms_s20,phase2/results/predictions/full/independent_rms/resnet/seed_17/bandpass_n20005_cRA_LA_independent_rms_s20.npz,76589,cd6f1eba575b036a6593664cf04559f0f7abf931839e794c0fac44fe75bc59cd
resnet,independent_rms,17,bandpass_n20005_cRA_LA_independent_rms_s15,phase2/results/predictions/full/independent_rms/resnet/seed_17/bandpass_n20005_cRA_LA_independent_rms_s15.npz,76591,d25cc48ba3a3c42720251dfdd65305f53dae54de0807b1fee255fd9e78d2760a
resnet,independent_rms,17,bandpass_n20005_cRA_LA_independent_rms_s10,phase2/results/predictions/full/independent_rms/resnet/seed_17/bandpass_n20005_cRA_LA_independent_rms_s10.npz,76515,cd9d0a62f6e5e287008eedcac6dcf0b8b836687acafd5ca7dfca50940a28ccd2
resnet,independent_rms,17,bandpass_n20005_cRA_LA_independent_rms_s5,phase2/results/predictions/full/independent_rms/resnet/seed_17/bandpass_n20005_cRA_LA_independent_rms_s5.npz,76352,198e1fca754fc9deffc1f6bc8194396564ca7f6b12bffbaeb1a143ab37719f8d
resnet,independent_rms,17,bandpass_n20005_cRA_LA_independent_rms_s0,phase2/results/predictions/full/independent_rms/resnet/seed_17/bandpass_n20005_cRA_LA_independent_rms_s0.npz,76085,fe2f0450662119f40b3481a6baf88429ef4174d03d452abf079276a01e238e95
resnet,independent_rms,17,bandpass_n20005_cRA_LA_electrode_s20,phase2/results/predictions/full/independent_rms/resnet/seed_17/bandpass_n20005_cRA_LA_electrode_s20.npz,76603,a0f7ac40c04bd9b0a207b0ad886465d1c7ccf8ae9a70cbe863e1db02d3e9fbfb
resnet,independent_rms,17,bandpass_n20005_cRA_LA_electrode_s15,phase2/results/predictions/full/independent_rms/resnet/seed_17/bandpass_n20005_cRA_LA_electrode_s15.npz,76547,3f17cd936a82235dd0413a88ecae2b39343d1898d858080b2499358f34c40f7f
resnet,independent_rms,17,bandpass_n20005_cRA_LA_electrode_s10,phase2/results/predictions/full/independent_rms/resnet/seed_17/bandpass_n20005_cRA_LA_electrode_s10.npz,76412,6da164f2997e9fe77d246fdbdf48c90903d7d2cdab1b05a8308002d930098fe8
resnet,independent_rms,17,bandpass_n20005_cRA_LA_electrode_s5,phase2/results/predictions/full/independent_rms/resnet/seed_17/bandpass_n20005_cRA_LA_electrode_s5.npz,76228,1795cb09b43b9b9c13e26632944cd7864b9a5e5dfb44ad9eeb9b0c4ba282d610
resnet,independent_rms,17,bandpass_n20005_cRA_LA_electrode_s0,phase2/results/predictions/full/independent_rms/resnet/seed_17/bandpass_n20005_cRA_LA_electrode_s0.npz,75860,5a2cdbd35bed53693d48f3cb272c976e7aa75ed1fe610571f524c9f1745f840d
resnet,independent_rms,17,bandpass_n20005_cRA_LA_covariance_s20,phase2/results/predictions/full/independent_rms/resnet/seed_17/bandpass_n20005_cRA_LA_covariance_s20.npz,76591,6182d06cecba3692fa042a5661469a6ba288c2084606da11bcc1b598c45ba3ff
resnet,independent_rms,17,bandpass_n20005_cRA_LA_covariance_s15,phase2/results/predictions/full/independent_rms/resnet/seed_17/bandpass_n20005_cRA_LA_covariance_s15.npz,76555,fcce70d2cf8a5d166b9dcbc75efd9c514de1ffbb6cf13cab725d5889f0cc7f47
resnet,independent_rms,17,bandpass_n20005_cRA_LA_covariance_s10,phase2/results/predictions/full/independent_rms/resnet/seed_17/bandpass_n20005_cRA_LA_covariance_s10.npz,76447,cd2a4ce2baeb1af7255d55881fb3dc47740b60a6476a27efc4fa85ccb235d7f0
resnet,independent_rms,17,bandpass_n20005_cRA_LA_covariance_s5,phase2/results/predictions/full/independent_rms/resnet/seed_17/bandpass_n20005_cRA_LA_covariance_s5.npz,76236,284cb2d8070f8b70cfe0abb27081327de7b054caa6ad43f7422cb9fdc11adf1d
resnet,independent_rms,17,bandpass_n20005_cRA_LA_covariance_s0,phase2/results/predictions/full/independent_rms/resnet/seed_17/bandpass_n20005_cRA_LA_covariance_s0.npz,75842,efde3f77582ea941c6d5d10b00e741b76eb12e71f708bfc1cd2677e07f837652
resnet,independent_rms,17,bandpass_n20005_cLA_LL_independent_rms_s20,phase2/results/predictions/full/independent_rms/resnet/seed_17/bandpass_n20005_cLA_LL_independent_rms_s20.npz,76575,108bf1d7c7d3c31c39ead98fa3b1a782cce337981b47c2598b3618edf19b1137
resnet,independent_rms,17,bandpass_n20005_cLA_LL_independent_rms_s15,phase2/results/predictions/full/independent_rms/resnet/seed_17/bandpass_n20005_cLA_LL_independent_rms_s15.npz,76604,1edb40389780bb4b2b518be26e5e2eaed920ef36622b1f2771b5a21fd5694e42
resnet,independent_rms,17,bandpass_n20005_cLA_LL_independent_rms_s10,phase2/results/predictions/full/independent_rms/resnet/seed_17/bandpass_n20005_cLA_LL_independent_rms_s10.npz,76520,1a2ecbbcb33a3f2d0ce89fbfa17d772534fbe6b21b78b1158c9ee2d20a53d428
resnet,independent_rms,17,bandpass_n20005_cLA_LL_independent_rms_s5,phase2/results/predictions/full/independent_rms/resnet/seed_17/bandpass_n20005_cLA_LL_independent_rms_s5.npz,76378,49d726cd4be1c3b1c0773c5dcf3fd125f55909fac0ea5ddb8fb2a7cf26d50ace
resnet,independent_rms,17,bandpass_n20005_cLA_LL_independent_rms_s0,phase2/results/predictions/full/independent_rms/resnet/seed_17/bandpass_n20005_cLA_LL_independent_rms_s0.npz,76072,d01233d60029936519910d5c4636303b952ab130c805437f1d1bdaebe3a05dbe
resnet,independent_rms,17,bandpass_n20005_cLA_LL_electrode_s20,phase2/results/predictions/full/independent_rms/resnet/seed_17/bandpass_n20005_cLA_LL_electrode_s20.npz,76547,bddb78e123a3e018d06ce44f0b9e607affca7001557be45a8a460ab38305995a
resnet,independent_rms,17,bandpass_n20005_cLA_LL_electrode_s15,phase2/results/predictions/full/independent_rms/resnet/seed_17/bandpass_n20005_cLA_LL_electrode_s15.npz,76546,b8d950598978ccc0ced610d432220c3a558e923d93aa445a08a4f173f119963d
resnet,independent_rms,17,bandpass_n20005_cLA_LL_electrode_s10,phase2/results/predictions/full/independent_rms/resnet/seed_17/bandpass_n20005_cLA_LL_electrode_s10.npz,76440,1c88d3e64cc399075af861a32a6bc2418f5a7e51dbb63c7528a6b8bf8ead71ee
resnet,independent_rms,17,bandpass_n20005_cLA_LL_electrode_s5,phase2/results/predictions/full/independent_rms/resnet/seed_17/bandpass_n20005_cLA_LL_electrode_s5.npz,76201,baeae4932add35a2e03f91ed5bccc8c0325c025b079824e8634c3c97aa3a7d6e
resnet,independent_rms,17,bandpass_n20005_cLA_LL_electrode_s0,phase2/results/predictions/full/independent_rms/resnet/seed_17/bandpass_n20005_cLA_LL_electrode_s0.npz,75836,61df35ec20202ad445825c2f4f863a8dffc881c00db2e3499d8aeafd20044e23
resnet,independent_rms,17,bandpass_n20005_cLA_LL_covariance_s20,phase2/results/predictions/full/independent_rms/resnet/seed_17/bandpass_n20005_cLA_LL_covariance_s20.npz,76565,83332c63f102368cd02cd16d8f486f833b812753195798688113706f81995f9b
resnet,independent_rms,17,bandpass_n20005_cLA_LL_covariance_s15,phase2/results/predictions/full/independent_rms/resnet/seed_17/bandpass_n20005_cLA_LL_covariance_s15.npz,76559,8d799de434633f28c00ba424efca43dbfdf1d560f7128e5a885faecac902cd89
resnet,independent_rms,17,bandpass_n20005_cLA_LL_covariance_s10,phase2/results/predictions/full/independent_rms/resnet/seed_17/bandpass_n20005_cLA_LL_covariance_s10.npz,76441,d32d02c9f087e07c7a8b5b2ee26940c1a5ecb347d680575724f65fbb027889d9
resnet,independent_rms,17,bandpass_n20005_cLA_LL_covariance_s5,phase2/results/predictions/full/independent_rms/resnet/seed_17/bandpass_n20005_cLA_LL_covariance_s5.npz,76216,3c41022a366fd336e3c35c4e23569e9b0cee2b6fc11f341b4616456a5ff37795
resnet,independent_rms,17,bandpass_n20005_cLA_LL_covariance_s0,phase2/results/predictions/full/independent_rms/resnet/seed_17/bandpass_n20005_cLA_LL_covariance_s0.npz,75837,270b259616b09fea661f4030ff42df53232001dc995ef19427c2efffd91510a2
resnet,independent_rms,17,bandpass_n20005_cRA_LL_independent_rms_s20,phase2/results/predictions/full/independent_rms/resnet/seed_17/bandpass_n20005_cRA_LL_independent_rms_s20.npz,76607,383ba2daece1ad3ea5e1ec661aff24777fe955a0ebd1442ee60fc5abc21804c3
resnet,independent_rms,17,bandpass_n20005_cRA_LL_independent_rms_s15,phase2/results/predictions/full/independent_rms/resnet/seed_17/bandpass_n20005_cRA_LL_independent_rms_s15.npz,76591,18b6dc93817cad3c60ed5b36b4ac242a12a1b5b6e7ebdef3495770c183433e1d
resnet,independent_rms,17,bandpass_n20005_cRA_LL_independent_rms_s10,phase2/results/predictions/full/independent_rms/resnet/seed_17/bandpass_n20005_cRA_LL_independent_rms_s10.npz,76506,26c629e0b55e48dbc817a58526ca5d6c75e5c08a8ad1ed5ac70ed3b2e763c1fb
resnet,independent_rms,17,bandpass_n20005_cRA_LL_independent_rms_s5,phase2/results/predictions/full/independent_rms/resnet/seed_17/bandpass_n20005_cRA_LL_independent_rms_s5.npz,76353,2f5a3ebdd9eb18cc10e0b6834fbe9b2da1a6635040ba5c4776274a8b8197e20a
resnet,independent_rms,17,bandpass_n20005_cRA_LL_independent_rms_s0,phase2/results/predictions/full/independent_rms/resnet/seed_17/bandpass_n20005_cRA_LL_independent_rms_s0.npz,76049,d8c092a384db8840e0eddd3c14da2a40694a92761edfc75cbc7e2052a27a5d6c
resnet,independent_rms,17,bandpass_n20005_cRA_LL_electrode_s20,phase2/results/predictions/full/independent_rms/resnet/seed_17/bandpass_n20005_cRA_LL_electrode_s20.npz,76593,0c702f206644824f65157f3f99d313e813b49b2b6a33ea95ef92cb7acefa024e
resnet,independent_rms,17,bandpass_n20005_cRA_LL_electrode_s15,phase2/results/predictions/full/independent_rms/resnet/seed_17/bandpass_n20005_cRA_LL_electrode_s15.npz,76534,a2a930a2df8d8fa12e341b31910fbfe6703b1ac69f21816526b0d7608fd29f7a
resnet,independent_rms,17,bandpass_n20005_cRA_LL_electrode_s10,phase2/results/predictions/full/independent_rms/resnet/seed_17/bandpass_n20005_cRA_LL_electrode_s10.npz,76388,0f0ea6d06e97ed7a1448747e64a1e583d4ed62e332b7a752de3557c6a14f75ec
resnet,independent_rms,17,bandpass_n20005_cRA_LL_electrode_s5,phase2/results/predictions/full/independent_rms/resnet/seed_17/bandpass_n20005_cRA_LL_electrode_s5.npz,76173,57ce00a794912922a8ec8d9c2f37dd70cb9011575712bc3715d6633f4cecc8a9
resnet,independent_rms,17,bandpass_n20005_cRA_LL_electrode_s0,phase2/results/predictions/full/independent_rms/resnet/seed_17/bandpass_n20005_cRA_LL_electrode_s0.npz,75799,c96e0d3b1ddbc7bd38ca4f4f228a4cf52deae3b4655c5b9907ec8bd98bf4c675
resnet,independent_rms,17,bandpass_n20005_cRA_LL_covariance_s20,phase2/results/predictions/full/independent_rms/resnet/seed_17/bandpass_n20005_cRA_LL_covariance_s20.npz,76564,04d2a1ce7a0ef33105d5193d0a7fa532408c389821d34cc6a1845f0160dbe3c9
resnet,independent_rms,17,bandpass_n20005_cRA_LL_covariance_s15,phase2/results/predictions/full/independent_rms/resnet/seed_17/bandpass_n20005_cRA_LL_covariance_s15.npz,76551,8f72011a926d1b4a2eba44cbf26eebaae7149923f852dd3f336f818b8b838e83
resnet,independent_rms,17,bandpass_n20005_cRA_LL_covariance_s10,phase2/results/predictions/full/independent_rms/resnet/seed_17/bandpass_n20005_cRA_LL_covariance_s10.npz,76358,05a24831401962b632261d47a08fa2a486a32e0d1f6ee3c67bf6b8e4ab541c74
resnet,independent_rms,17,bandpass_n20005_cRA_LL_covariance_s5,phase2/results/predictions/full/independent_rms/resnet/seed_17/bandpass_n20005_cRA_LL_covariance_s5.npz,76179,e2ea0b3c65b891518fce441867c931b2d4161e046338038c5db48aaf2fa60caa
resnet,independent_rms,17,bandpass_n20005_cRA_LL_covariance_s0,phase2/results/predictions/full/independent_rms/resnet/seed_17/bandpass_n20005_cRA_LL_covariance_s0.npz,75816,3eec9e682d81307cd811e4efd76e7380ec9dac2a450e0bd98ccdee37a045e2d0
resnet,independent_rms,17,bandpass_n20005_cRA_independent_rms_s20,phase2/results/predictions/full/independent_rms/resnet/seed_17/bandpass_n20005_cRA_independent_rms_s20.npz,76582,13b5b25b756f34f357cf61fc60b12ba8a6e2b2ce9d54af9e639020a5b6c59b8e
resnet,independent_rms,17,bandpass_n20005_cRA_independent_rms_s15,phase2/results/predictions/full/independent_rms/resnet/seed_17/bandpass_n20005_cRA_independent_rms_s15.npz,76581,bbeb23ef503b6e422ee64bb6604cb439fe70caf7e6ce96a3bc86435ba30322ca
resnet,independent_rms,17,bandpass_n20005_cRA_independent_rms_s10,phase2/results/predictions/full/independent_rms/resnet/seed_17/bandpass_n20005_cRA_independent_rms_s10.npz,76502,bfb352b26a74b4c2d12cf7fa7949dee7f50191f7771c9151f6f83dfc27b07c16
resnet,independent_rms,17,bandpass_n20005_cRA_independent_rms_s5,phase2/results/predictions/full/independent_rms/resnet/seed_17/bandpass_n20005_cRA_independent_rms_s5.npz,76337,759d713944b9731a420d711e56868a3cf44f353a8b08fea05abee6186d2b1a2c
resnet,independent_rms,17,bandpass_n20005_cRA_independent_rms_s0,phase2/results/predictions/full/independent_rms/resnet/seed_17/bandpass_n20005_cRA_independent_rms_s0.npz,76062,a1967928e0c8129f85ff7f319a603092199a0075d8e9807387c859d0f3346cdf
resnet,independent_rms,17,bandpass_n20005_cRA_electrode_s20,phase2/results/predictions/full/independent_rms/resnet/seed_17/bandpass_n20005_cRA_electrode_s20.npz,76591,75d5010936364aa975c3e26a6c80be932df84ec10f9f7b0c35fdc96ea8d8f8db
resnet,independent_rms,17,bandpass_n20005_cRA_electrode_s15,phase2/results/predictions/full/independent_rms/resnet/seed_17/bandpass_n20005_cRA_electrode_s15.npz,76563,f626fca149a89319df2ce0bd561e4f0c2e0cb8bcb6ee94fdc18a8d27245eba65
resnet,independent_rms,17,bandpass_n20005_cRA_electrode_s10,phase2/results/predictions/full/independent_rms/resnet/seed_17/bandpass_n20005_cRA_electrode_s10.npz,76401,16857d3dff9dd2266ccc143a5a5ccc13ca12bce385d50a2f9604a38f514dc140
resnet,independent_rms,17,bandpass_n20005_cRA_electrode_s5,phase2/results/predictions/full/independent_rms/resnet/seed_17/bandpass_n20005_cRA_electrode_s5.npz,76215,7e32b6770b7b89af39dcddadd83fffca2a8891e36decec9ff892cb53152fe177
resnet,independent_rms,17,bandpass_n20005_cRA_electrode_s0,phase2/results/predictions/full/independent_rms/resnet/seed_17/bandpass_n20005_cRA_electrode_s0.npz,76026,4f9456263008fdf1139fc659c4bdd37482abd0074f26a79c664008d2948609e9
resnet,independent_rms,17,bandpass_n20005_cRA_covariance_s20,phase2/results/predictions/full/independent_rms/resnet/seed_17/bandpass_n20005_cRA_covariance_s20.npz,76565,a444d763dbcc7f2464593351b0f4b68d541831438b8f6886ab7ff2ee2436a63c
resnet,independent_rms,17,bandpass_n20005_cRA_covariance_s15,phase2/results/predictions/full/independent_rms/resnet/seed_17/bandpass_n20005_cRA_covariance_s15.npz,76543,1c7bca1e41b23c800b40b2153e9aa124e0887b42cef18c4de27e02f801936bcf
resnet,independent_rms,17,bandpass_n20005_cRA_covariance_s10,phase2/results/predictions/full/independent_rms/resnet/seed_17/bandpass_n20005_cRA_covariance_s10.npz,76438,02e6da9ad299ea81a0d7ca69e4deb1db21dd5de1fe9e8b8db75557e1027c9f10
resnet,independent_rms,17,bandpass_n20005_cRA_covariance_s5,phase2/results/predictions/full/independent_rms/resnet/seed_17/bandpass_n20005_cRA_covariance_s5.npz,76281,21066b3e8634d16b77182a0bdcb5a88658a15883799f066374204febe2b60e60
resnet,independent_rms,17,bandpass_n20005_cRA_covariance_s0,phase2/results/predictions/full/independent_rms/resnet/seed_17/bandpass_n20005_cRA_covariance_s0.npz,76010,b5a034a2f581f3d43cb33b47b2d67b8a963620bef6c01cd60242d4026bf07624
resnet,independent_rms,17,bandpass_n20005_cLA_independent_rms_s20,phase2/results/predictions/full/independent_rms/resnet/seed_17/bandpass_n20005_cLA_independent_rms_s20.npz,76567,c77fb6b64c656e9ca7f3c47437367592d2cab7194c83bbeaa9e7a4f1923dd58c
resnet,independent_rms,17,bandpass_n20005_cLA_independent_rms_s15,phase2/results/predictions/full/independent_rms/resnet/seed_17/bandpass_n20005_cLA_independent_rms_s15.npz,76584,5ad869d454a0349e7cbf9e818203751c6171533e0cd8e0a162a8e39dba1e6d3e
resnet,independent_rms,17,bandpass_n20005_cLA_independent_rms_s10,phase2/results/predictions/full/independent_rms/resnet/seed_17/bandpass_n20005_cLA_independent_rms_s10.npz,76524,08839369fc691865866514c8939228e04283f6817e51d0fad1451a8c57ef20d4
resnet,independent_rms,17,bandpass_n20005_cLA_independent_rms_s5,phase2/results/predictions/full/independent_rms/resnet/seed_17/bandpass_n20005_cLA_independent_rms_s5.npz,76357,8aa6e97ad408a23ef066a3b37d36c28d48ec12f05c8119876c0a652434c375a5
resnet,independent_rms,17,bandpass_n20005_cLA_independent_rms_s0,phase2/results/predictions/full/independent_rms/resnet/seed_17/bandpass_n20005_cLA_independent_rms_s0.npz,76081,a29690c51be0e137a5680fd75b6a352d309de63e1635f2b68e84f237cfc07c6a
resnet,independent_rms,17,bandpass_n20005_cLA_electrode_s20,phase2/results/predictions/full/independent_rms/resnet/seed_17/bandpass_n20005_cLA_electrode_s20.npz,76597,6749cfbfe43ee06cea20ca805be5122c62aca2654d25919f0642ad08a1c203a5
resnet,independent_rms,17,bandpass_n20005_cLA_electrode_s15,phase2/results/predictions/full/independent_rms/resnet/seed_17/bandpass_n20005_cLA_electrode_s15.npz,76556,6c4935354cfe589dfa31748bed128430a249da98e273e7ac7fdcd6c31f038bf0
resnet,independent_rms,17,bandpass_n20005_cLA_electrode_s10,phase2/results/predictions/full/independent_rms/resnet/seed_17/bandpass_n20005_cLA_electrode_s10.npz,76465,40ae195ab5631a70c4619f70ff61009e07d870a859072881b28b954d3b833952
resnet,independent_rms,17,bandpass_n20005_cLA_electrode_s5,phase2/results/predictions/full/independent_rms/resnet/seed_17/bandpass_n20005_cLA_electrode_s5.npz,76191,09666195f351e2c9955112f775364a8fc654fb5592b74f684bbcdfc544e578ac
resnet,independent_rms,17,bandpass_n20005_cLA_electrode_s0,phase2/results/predictions/full/independent_rms/resnet/seed_17/bandpass_n20005_cLA_electrode_s0.npz,75794,90cb6785ee11c0313476c736cfdcbb3e66f1e919342c6a1c1b776f0e55bb7709
resnet,independent_rms,17,bandpass_n20005_cLA_covariance_s20,phase2/results/predictions/full/independent_rms/resnet/seed_17/bandpass_n20005_cLA_covariance_s20.npz,76606,7ff4146bc4f87162a6a4dee7b4959a603e293d19a6ab24386a0f1776375b9571
resnet,independent_rms,17,bandpass_n20005_cLA_covariance_s15,phase2/results/predictions/full/independent_rms/resnet/seed_17/bandpass_n20005_cLA_covariance_s15.npz,76577,f752decb64e68a336732fbadc350e48e85d9b02226a1601d705c7e21cbf2bcde
resnet,independent_rms,17,bandpass_n20005_cLA_covariance_s10,phase2/results/predictions/full/independent_rms/resnet/seed_17/bandpass_n20005_cLA_covariance_s10.npz,76469,d7044444bdfe3d94eba2ebe3808bd205a310ec25dbc6cd1dfd8197df9658c1f4
resnet,independent_rms,17,bandpass_n20005_cLA_covariance_s5,phase2/results/predictions/full/independent_rms/resnet/seed_17/bandpass_n20005_cLA_covariance_s5.npz,76268,7103f8bb8316625886f13e4535824d02d91fcf1ab70f8da0f73b61c4bfc86095
resnet,independent_rms,17,bandpass_n20005_cLA_covariance_s0,phase2/results/predictions/full/independent_rms/resnet/seed_17/bandpass_n20005_cLA_covariance_s0.npz,75821,14c8b8a78a91332b1f1608071cddea5d5f30765188256b432736812d5660246f
resnet,independent_rms,17,bandpass_n20005_cLL_independent_rms_s20,phase2/results/predictions/full/independent_rms/resnet/seed_17/bandpass_n20005_cLL_independent_rms_s20.npz,76640,c957e8631eb737d210126e70e29d5f3baadcdb0fc9a29548148b34e927a249a4
resnet,independent_rms,17,bandpass_n20005_cLL_independent_rms_s15,phase2/results/predictions/full/independent_rms/resnet/seed_17/bandpass_n20005_cLL_independent_rms_s15.npz,76565,200e1b06a21b52408bd6dd0dbe95101f17082fb3e1cf37de17aca1653faf5b86
resnet,independent_rms,17,bandpass_n20005_cLL_independent_rms_s10,phase2/results/predictions/full/independent_rms/resnet/seed_17/bandpass_n20005_cLL_independent_rms_s10.npz,76503,66c330969e686bb76785e0090e205aa0af669bf8e6d9b2b9ef7fbde78d05cc6a
resnet,independent_rms,17,bandpass_n20005_cLL_independent_rms_s5,phase2/results/predictions/full/independent_rms/resnet/seed_17/bandpass_n20005_cLL_independent_rms_s5.npz,76336,b40002fffdec46375ae45269fb6810ec345a0108f64f6a387a5e733fa349947d
resnet,independent_rms,17,bandpass_n20005_cLL_independent_rms_s0,phase2/results/predictions/full/independent_rms/resnet/seed_17/bandpass_n20005_cLL_independent_rms_s0.npz,76068,d8ac2be3e53847e5bb11b8688f4f8bc670251906984f46429a6b29092283945e
resnet,independent_rms,17,bandpass_n20005_cLL_electrode_s20,phase2/results/predictions/full/independent_rms/resnet/seed_17/bandpass_n20005_cLL_electrode_s20.npz,76564,d46c5b97b9bb4d94dcaf202613ced83cff38d47923da4cfd5c8f484f6cc3089d
resnet,independent_rms,17,bandpass_n20005_cLL_electrode_s15,phase2/results/predictions/full/independent_rms/resnet/seed_17/bandpass_n20005_cLL_electrode_s15.npz,76500,8d7104f0d9c2f6f6d4f7db5debbccce9c1a705f3aa5bec854875154be3e548e7
resnet,independent_rms,17,bandpass_n20005_cLL_electrode_s10,phase2/results/predictions/full/independent_rms/resnet/seed_17/bandpass_n20005_cLL_electrode_s10.npz,76391,002db21ce996436130415945c7086cc40c1ac6ff38f0e7fef05885c6f178d541
resnet,independent_rms,17,bandpass_n20005_cLL_electrode_s5,phase2/results/predictions/full/independent_rms/resnet/seed_17/bandpass_n20005_cLL_electrode_s5.npz,76185,7439d1f736884953f54853b019e3da3d650cf541db27a3cd36f4961011416518
resnet,independent_rms,17,bandpass_n20005_cLL_electrode_s0,phase2/results/predictions/full/independent_rms/resnet/seed_17/bandpass_n20005_cLL_electrode_s0.npz,75943,7086397bacf7e1bfb277e4bdc8f0850a877915a47620658a4b39cbdbf6a3db21
resnet,independent_rms,17,bandpass_n20005_cLL_covariance_s20,phase2/results/predictions/full/independent_rms/resnet/seed_17/bandpass_n20005_cLL_covariance_s20.npz,76563,1ea0346ce0dccb4dcdbda305ae2a5dae4da7185dc103bb7351835eea6f7c370b
resnet,independent_rms,17,bandpass_n20005_cLL_covariance_s15,phase2/results/predictions/full/independent_rms/resnet/seed_17/bandpass_n20005_cLL_covariance_s15.npz,76553,ce8214c0474fbaa2b988adee38462f724ca8da4edd513d5c3de79244fdfbe9d5
resnet,independent_rms,17,bandpass_n20005_cLL_covariance_s10,phase2/results/predictions/full/independent_rms/resnet/seed_17/bandpass_n20005_cLL_covariance_s10.npz,76412,ec33ef5ac9d4bfb8994c148390d3122c07b809657d70575d0ef9a26804156f77
resnet,independent_rms,17,bandpass_n20005_cLL_covariance_s5,phase2/results/predictions/full/independent_rms/resnet/seed_17/bandpass_n20005_cLL_covariance_s5.npz,76183,4e270153a47c97dd55f9f46ee621a321731d9e8c1a4dddc608d3b026a52245e2
resnet,independent_rms,17,bandpass_n20005_cLL_covariance_s0,phase2/results/predictions/full/independent_rms/resnet/seed_17/bandpass_n20005_cLL_covariance_s0.npz,75919,984987512e41cd4a457021abdaae74873d2d1fd8d61d57b51f6e229c5b4bb45a
resnet,independent_rms,17,bandpass_n20005_cRA_V1_independent_rms_s20,phase2/results/predictions/full/independent_rms/resnet/seed_17/bandpass_n20005_cRA_V1_independent_rms_s20.npz,76621,733b36c7660b43795e045bfac32d5248b2b55ad1a27e53db2cfad727f23315af
resnet,independent_rms,17,bandpass_n20005_cRA_V1_independent_rms_s15,phase2/results/predictions/full/independent_rms/resnet/seed_17/bandpass_n20005_cRA_V1_independent_rms_s15.npz,76595,7ef66db7a4463bfea7fae6a293715b9f70c0c5a9d517bd82ed294841c1b5939e
resnet,independent_rms,17,bandpass_n20005_cRA_V1_independent_rms_s10,phase2/results/predictions/full/independent_rms/resnet/seed_17/bandpass_n20005_cRA_V1_independent_rms_s10.npz,76516,e31568a3a7abd08511bc290fe83f98972849522d3c4429bd37f0d5a2f4afc938
resnet,independent_rms,17,bandpass_n20005_cRA_V1_independent_rms_s5,phase2/results/predictions/full/independent_rms/resnet/seed_17/bandpass_n20005_cRA_V1_independent_rms_s5.npz,76366,2b320fba7b0abf40d1000b86d2e76c563a9404cfabe7b831fae12de03da54f4c
resnet,independent_rms,17,bandpass_n20005_cRA_V1_independent_rms_s0,phase2/results/predictions/full/independent_rms/resnet/seed_17/bandpass_n20005_cRA_V1_independent_rms_s0.npz,76072,5d1fa93e3ffe2223c155d42f5fd86acdfd3b93037fc8c6c1c21353d0cc820578
resnet,independent_rms,17,bandpass_n20005_cRA_V1_electrode_s20,phase2/results/predictions/full/independent_rms/resnet/seed_17/bandpass_n20005_cRA_V1_electrode_s20.npz,76576,ad9cc97f24acedea4a3476efb909912bd386f5bbdbc6152787a5ef01eee1a8e1
resnet,independent_rms,17,bandpass_n20005_cRA_V1_electrode_s15,phase2/results/predictions/full/independent_rms/resnet/seed_17/bandpass_n20005_cRA_V1_electrode_s15.npz,76565,003881d84b6d500b2cf4cbab2d94e7576a703ae3b39d6db5ec40de9d78f1531d
resnet,independent_rms,17,bandpass_n20005_cRA_V1_electrode_s10,phase2/results/predictions/full/independent_rms/resnet/seed_17/bandpass_n20005_cRA_V1_electrode_s10.npz,76442,41a3234dcdb88a5c25cda383cefa40a4a47a4caad270ff92a1404064e5147022
resnet,independent_rms,17,bandpass_n20005_cRA_V1_electrode_s5,phase2/results/predictions/full/independent_rms/resnet/seed_17/bandpass_n20005_cRA_V1_electrode_s5.npz,76240,e94a9fb8f6ebb5a2d037f53411af0191383958b14cbee9af010c6ef093816906
resnet,independent_rms,17,bandpass_n20005_cRA_V1_electrode_s0,phase2/results/predictions/full/independent_rms/resnet/seed_17/bandpass_n20005_cRA_V1_electrode_s0.npz,76013,3d5ae726f91242f511d1e8277faa3a6ae1c7c3c6f8a07ec12dddfbc190fda18b
resnet,independent_rms,17,bandpass_n20005_cRA_V1_covariance_s20,phase2/results/predictions/full/independent_rms/resnet/seed_17/bandpass_n20005_cRA_V1_covariance_s20.npz,76589,0bf6b718a47942903906c58a16f98764baed87bc8eb381d88e32025466a59de3
resnet,independent_rms,17,bandpass_n20005_cRA_V1_covariance_s15,phase2/results/predictions/full/independent_rms/resnet/seed_17/bandpass_n20005_cRA_V1_covariance_s15.npz,76573,31b53e8c1929216c21833485135eaaa6e02caa6c3de7f97c5733005976426c9b
resnet,independent_rms,17,bandpass_n20005_cRA_V1_covariance_s10,phase2/results/predictions/full/independent_rms/resnet/seed_17/bandpass_n20005_cRA_V1_covariance_s10.npz,76426,7f447a8a9b9bbc8bc5026d463359b6920f755245f20ddfb0846218453f31c616
resnet,independent_rms,17,bandpass_n20005_cRA_V1_covariance_s5,phase2/results/predictions/full/independent_rms/resnet/seed_17/bandpass_n20005_cRA_V1_covariance_s5.npz,76263,5d1a4a54232193d8b89269b027eb07632e218e191b60cfe8352919fb845fef3b
resnet,independent_rms,17,bandpass_n20005_cRA_V1_covariance_s0,phase2/results/predictions/full/independent_rms/resnet/seed_17/bandpass_n20005_cRA_V1_covariance_s0.npz,76016,87b1d1c0501c1b82a4070df51b82e1fff01034335b39651a0f8028151939e849
resnet,independent_rms,17,bandpass_n20005_cLA_V6_independent_rms_s20,phase2/results/predictions/full/independent_rms/resnet/seed_17/bandpass_n20005_cLA_V6_independent_rms_s20.npz,76632,09edb512a63f6de3200d8097f365efffdf17b450d03710ff1cd630fed2edd869
resnet,independent_rms,17,bandpass_n20005_cLA_V6_independent_rms_s15,phase2/results/predictions/full/independent_rms/resnet/seed_17/bandpass_n20005_cLA_V6_independent_rms_s15.npz,76594,4affea2e1ab4fe84831e63a17c2b729f2ff5f926181a78d44fe38e08a3d043f5
resnet,independent_rms,17,bandpass_n20005_cLA_V6_independent_rms_s10,phase2/results/predictions/full/independent_rms/resnet/seed_17/bandpass_n20005_cLA_V6_independent_rms_s10.npz,76534,18ad8184efaea9d72ba369826da835f4b968cefd007ac279ac8eef6e769a6556
resnet,independent_rms,17,bandpass_n20005_cLA_V6_independent_rms_s5,phase2/results/predictions/full/independent_rms/resnet/seed_17/bandpass_n20005_cLA_V6_independent_rms_s5.npz,76373,ec4e5a3dc0adabab3958ee36acdc1bb100ccb5eb5e0c970ed71e7d2788471eed
resnet,independent_rms,17,bandpass_n20005_cLA_V6_independent_rms_s0,phase2/results/predictions/full/independent_rms/resnet/seed_17/bandpass_n20005_cLA_V6_independent_rms_s0.npz,76119,0a685170d5e6b0a5e3585a989d6954c016a6f98fee9799b30ece3d0683969917
resnet,independent_rms,17,bandpass_n20005_cLA_V6_electrode_s20,phase2/results/predictions/full/independent_rms/resnet/seed_17/bandpass_n20005_cLA_V6_electrode_s20.npz,76602,790a9974b9400d812749a7edf87a47452a7261602a922e86584976c864075e44
resnet,independent_rms,17,bandpass_n20005_cLA_V6_electrode_s15,phase2/results/predictions/full/independent_rms/resnet/seed_17/bandpass_n20005_cLA_V6_electrode_s15.npz,76591,1f3726bccbb0fece789334f1a0f5f4154ae5595c40c8784a22d9174566cd131e
resnet,independent_rms,17,bandpass_n20005_cLA_V6_electrode_s10,phase2/results/predictions/full/independent_rms/resnet/seed_17/bandpass_n20005_cLA_V6_electrode_s10.npz,76460,4043a19114a8d4b396726c8cb208fea7bcb15bba946468ac17058e7a340bcb16
resnet,independent_rms,17,bandpass_n20005_cLA_V6_electrode_s5,phase2/results/predictions/full/independent_rms/resnet/seed_17/bandpass_n20005_cLA_V6_electrode_s5.npz,76280,db43e090b86e3d4bbb67ab830bfa6447c457fcfa63533276873195b67f3755d1
resnet,independent_rms,17,bandpass_n20005_cLA_V6_electrode_s0,phase2/results/predictions/full/independent_rms/resnet/seed_17/bandpass_n20005_cLA_V6_electrode_s0.npz,75865,14357e1eecc7b21d873226a8c9f6fa34e2efc52ed943f168b21c59e627e81e23
resnet,independent_rms,17,bandpass_n20005_cLA_V6_covariance_s20,phase2/results/predictions/full/independent_rms/resnet/seed_17/bandpass_n20005_cLA_V6_covariance_s20.npz,76627,27ebd9e7798976b2acefd6aece9b171148ec52360c524ef26bfdad4bdae2d1a3
resnet,independent_rms,17,bandpass_n20005_cLA_V6_covariance_s15,phase2/results/predictions/full/independent_rms/resnet/seed_17/bandpass_n20005_cLA_V6_covariance_s15.npz,76576,33e9bcc328430a84a7d08135ad7b0f2755debe2c42bc59b15353b3ad9c785328
resnet,independent_rms,17,bandpass_n20005_cLA_V6_covariance_s10,phase2/results/predictions/full/independent_rms/resnet/seed_17/bandpass_n20005_cLA_V6_covariance_s10.npz,76486,acbe144c4e5cee5c826679a226a8ddac1044e65ecb5999368737674d098a2cfe
resnet,independent_rms,17,bandpass_n20005_cLA_V6_covariance_s5,phase2/results/predictions/full/independent_rms/resnet/seed_17/bandpass_n20005_cLA_V6_covariance_s5.npz,76273,ed21babff601b3ecf751c7028d382f07c3384fab409db671c0006a4358aac34a
resnet,independent_rms,17,bandpass_n20005_cLA_V6_covariance_s0,phase2/results/predictions/full/independent_rms/resnet/seed_17/bandpass_n20005_cLA_V6_covariance_s0.npz,75898,cd443611f62d5b695481cad224e095d403835cbd69f52baaf2770c945a791ff9
resnet,independent_rms,17,bandpass_n20005_cLL_V4_independent_rms_s20,phase2/results/predictions/full/independent_rms/resnet/seed_17/bandpass_n20005_cLL_V4_independent_rms_s20.npz,76608,06b451d835d95b58e89930a3e795907cc0240607ceb2227bef66b79646207f26
resnet,independent_rms,17,bandpass_n20005_cLL_V4_independent_rms_s15,phase2/results/predictions/full/independent_rms/resnet/seed_17/bandpass_n20005_cLL_V4_independent_rms_s15.npz,76606,22d8be0ba96b7d4a5706b302523cbcd71afd5f690b741e5493643cd6cf49170f
resnet,independent_rms,17,bandpass_n20005_cLL_V4_independent_rms_s10,phase2/results/predictions/full/independent_rms/resnet/seed_17/bandpass_n20005_cLL_V4_independent_rms_s10.npz,76514,af2bfa477efdfded21f785689436b9826cfc3b763dd50acbd02b7ff30a72b492
resnet,independent_rms,17,bandpass_n20005_cLL_V4_independent_rms_s5,phase2/results/predictions/full/independent_rms/resnet/seed_17/bandpass_n20005_cLL_V4_independent_rms_s5.npz,76364,e8d736b36dd270ee005796fdd12c8bd4eceea9780bf5e8e6ab0fc588ca581789
resnet,independent_rms,17,bandpass_n20005_cLL_V4_independent_rms_s0,phase2/results/predictions/full/independent_rms/resnet/seed_17/bandpass_n20005_cLL_V4_independent_rms_s0.npz,76090,f9fbfa4af5d2259498683af627e9a4a42a1c5e56fdb4a00c97ea977772b6b718
resnet,independent_rms,17,bandpass_n20005_cLL_V4_electrode_s20,phase2/results/predictions/full/independent_rms/resnet/seed_17/bandpass_n20005_cLL_V4_electrode_s20.npz,76581,f2c376b42db0f2a18bcd7f40af62138a11b85c1dd001e5263ced31a90160f3a4
resnet,independent_rms,17,bandpass_n20005_cLL_V4_electrode_s15,phase2/results/predictions/full/independent_rms/resnet/seed_17/bandpass_n20005_cLL_V4_electrode_s15.npz,76539,5f99487914f75acc6d4d5ca441653068f45b0f99ebc1085e8f11fea1af98f589
resnet,independent_rms,17,bandpass_n20005_cLL_V4_electrode_s10,phase2/results/predictions/full/independent_rms/resnet/seed_17/bandpass_n20005_cLL_V4_electrode_s10.npz,76433,b57a0e64e3d0962467e460a617ff788a926df712501d45e13b19e3a84c738444
resnet,independent_rms,17,bandpass_n20005_cLL_V4_electrode_s5,phase2/results/predictions/full/independent_rms/resnet/seed_17/bandpass_n20005_cLL_V4_electrode_s5.npz,76204,d3e9908d1cfdbb06581aeb613c6c863752ecbc18394fa807fb42dac0f60f370c
resnet,independent_rms,17,bandpass_n20005_cLL_V4_electrode_s0,phase2/results/predictions/full/independent_rms/resnet/seed_17/bandpass_n20005_cLL_V4_electrode_s0.npz,75967,65fc51a09073d82c975ebb4788d9767a3f8948e40c829b20b33ad61e64a511ce
resnet,independent_rms,17,bandpass_n20005_cLL_V4_covariance_s20,phase2/results/predictions/full/independent_rms/resnet/seed_17/bandpass_n20005_cLL_V4_covariance_s20.npz,76586,a966a4e8e65dcbd3f2c7189b41c277dad1b188c65a5703b52017964815f2f1f1
resnet,independent_rms,17,bandpass_n20005_cLL_V4_covariance_s15,phase2/results/predictions/full/independent_rms/resnet/seed_17/bandpass_n20005_cLL_V4_covariance_s15.npz,76530,c3708850201c36181b78616229067d0ef2ea70895a4f0d1677f971686161fab2
resnet,independent_rms,17,bandpass_n20005_cLL_V4_covariance_s10,phase2/results/predictions/full/independent_rms/resnet/seed_17/bandpass_n20005_cLL_V4_covariance_s10.npz,76457,5efd5c5a28b0a62e53de0b8dc366f7f66adf6e2dd38eaf844266c0936c532532
resnet,independent_rms,17,bandpass_n20005_cLL_V4_covariance_s5,phase2/results/predictions/full/independent_rms/resnet/seed_17/bandpass_n20005_cLL_V4_covariance_s5.npz,76213,6ce61d55a2c8805151672da1ced49b8c143305833beb2b55cb2be07b04f7214e
resnet,independent_rms,17,bandpass_n20005_cLL_V4_covariance_s0,phase2/results/predictions/full/independent_rms/resnet/seed_17/bandpass_n20005_cLL_V4_covariance_s0.npz,75976,c33b5acc28160a76341fbb8b60e8963379c8c652bb7f9b6bd5adeda2f3b07957
resnet,independent_rms,17,bandpass_n20005_cRA_LA_V1_V6_independent_rms_s20,phase2/results/predictions/full/independent_rms/resnet/seed_17/bandpass_n20005_cRA_LA_V1_V6_independent_rms_s20.npz,76626,1df779b2bd837dec43c86bb6f78b69b43f4bd25796fb99e630c0e21aecada9a7
resnet,independent_rms,17,bandpass_n20005_cRA_LA_V1_V6_independent_rms_s15,phase2/results/predictions/full/independent_rms/resnet/seed_17/bandpass_n20005_cRA_LA_V1_V6_independent_rms_s15.npz,76597,71cc0f00b5946c0c5cb52ab0f8953ca9976e19aa353f98b21343f2025de5dc0f
resnet,independent_rms,17,bandpass_n20005_cRA_LA_V1_V6_independent_rms_s10,phase2/results/predictions/full/independent_rms/resnet/seed_17/bandpass_n20005_cRA_LA_V1_V6_independent_rms_s10.npz,76563,047ccb2f6f3fe2081822373aef62c20fe31c759f272e3f56d57370e5f642e856
resnet,independent_rms,17,bandpass_n20005_cRA_LA_V1_V6_independent_rms_s5,phase2/results/predictions/full/independent_rms/resnet/seed_17/bandpass_n20005_cRA_LA_V1_V6_independent_rms_s5.npz,76398,4c29b758eee65e41c5322e384d2193d55050cafedcf89ec0b72da59ae397791b
resnet,independent_rms,17,bandpass_n20005_cRA_LA_V1_V6_independent_rms_s0,phase2/results/predictions/full/independent_rms/resnet/seed_17/bandpass_n20005_cRA_LA_V1_V6_independent_rms_s0.npz,76129,308bf7a178a96d0f462c758707cc85840f68f6b985cf2aa0c83401ff2f719d44
resnet,independent_rms,17,bandpass_n20005_cRA_LA_V1_V6_electrode_s20,phase2/results/predictions/full/independent_rms/resnet/seed_17/bandpass_n20005_cRA_LA_V1_V6_electrode_s20.npz,76611,3e45f21c9c3672d024b9a5411d57215dd31bd57c7317a82c7e05b34b9dd462ec
resnet,independent_rms,17,bandpass_n20005_cRA_LA_V1_V6_electrode_s15,phase2/results/predictions/full/independent_rms/resnet/seed_17/bandpass_n20005_cRA_LA_V1_V6_electrode_s15.npz,76579,da89f3720dfb2db4ce9027c280afc0543cb3c5fb356f1b53d249fa357387df18
resnet,independent_rms,17,bandpass_n20005_cRA_LA_V1_V6_electrode_s10,phase2/results/predictions/full/independent_rms/resnet/seed_17/bandpass_n20005_cRA_LA_V1_V6_electrode_s10.npz,76460,8ff51250195817a184d8b42cf8b20d0f4f3dc526fb20141658e94265431266e3
resnet,independent_rms,17,bandpass_n20005_cRA_LA_V1_V6_electrode_s5,phase2/results/predictions/full/independent_rms/resnet/seed_17/bandpass_n20005_cRA_LA_V1_V6_electrode_s5.npz,76239,2248c8fab92c9f260f5267314a3e7b3003e212dd72bf4763b096561bd3f56747
resnet,independent_rms,17,bandpass_n20005_cRA_LA_V1_V6_electrode_s0,phase2/results/predictions/full/independent_rms/resnet/seed_17/bandpass_n20005_cRA_LA_V1_V6_electrode_s0.npz,75934,4dc3ebc4fae2f745b6a98a6abf4addca2887414f95ad6cda6e9d721b17e35ef6
resnet,independent_rms,17,bandpass_n20005_cRA_LA_V1_V6_covariance_s20,phase2/results/predictions/full/independent_rms/resnet/seed_17/bandpass_n20005_cRA_LA_V1_V6_covariance_s20.npz,76609,4d7da05a5a1a7d59a1a1163e67310ccd91e251ca14b88bc270b0e62f6372c0e7
resnet,independent_rms,17,bandpass_n20005_cRA_LA_V1_V6_covariance_s15,phase2/results/predictions/full/independent_rms/resnet/seed_17/bandpass_n20005_cRA_LA_V1_V6_covariance_s15.npz,76592,beb40c9211d09a1fcdd9bca5702b0aabca46911ae00f4587e390449cd64ed6da
resnet,independent_rms,17,bandpass_n20005_cRA_LA_V1_V6_covariance_s10,phase2/results/predictions/full/independent_rms/resnet/seed_17/bandpass_n20005_cRA_LA_V1_V6_covariance_s10.npz,76479,419476b97ebca87c9ab8244df23d7704c2db4cafcef33f6bfb5f5b39711728ec
resnet,independent_rms,17,bandpass_n20005_cRA_LA_V1_V6_covariance_s5,phase2/results/predictions/full/independent_rms/resnet/seed_17/bandpass_n20005_cRA_LA_V1_V6_covariance_s5.npz,76248,e7f25d618457bd41065644e9c04d5ca2b9fb7b338eff018a9ac3e8fe444fa9ed
resnet,independent_rms,17,bandpass_n20005_cRA_LA_V1_V6_covariance_s0,phase2/results/predictions/full/independent_rms/resnet/seed_17/bandpass_n20005_cRA_LA_V1_V6_covariance_s0.npz,75960,3e08911b56070d72c735cfd10b99b81a3bc70b6bab1736eb0f460d38f4c25f8e
resnet,independent_rms,17,bandpass_n20005_cRA_V2_V5_independent_rms_s20,phase2/results/predictions/full/independent_rms/resnet/seed_17/bandpass_n20005_cRA_V2_V5_independent_rms_s20.npz,76614,16bc8e4ade1aac35379b80573547478f05cd9ef6a21df76928e03378c936a8a5
resnet,independent_rms,17,bandpass_n20005_cRA_V2_V5_independent_rms_s15,phase2/results/predictions/full/independent_rms/resnet/seed_17/bandpass_n20005_cRA_V2_V5_independent_rms_s15.npz,76617,41564e27903a50f39014db688afcd1daca3684fd96c7cbee8f8895c7978a52c4
resnet,independent_rms,17,bandpass_n20005_cRA_V2_V5_independent_rms_s10,phase2/results/predictions/full/independent_rms/resnet/seed_17/bandpass_n20005_cRA_V2_V5_independent_rms_s10.npz,76534,3cb4d0f9d9ac4237217cfd799debd2af299dfb60b9255bcfbc8a863b33b9ecdb
resnet,independent_rms,17,bandpass_n20005_cRA_V2_V5_independent_rms_s5,phase2/results/predictions/full/independent_rms/resnet/seed_17/bandpass_n20005_cRA_V2_V5_independent_rms_s5.npz,76354,02dc44e83c04c815fa0dde3fca7b3840a2c755c9fa12a9adf20a449f016a277b
resnet,independent_rms,17,bandpass_n20005_cRA_V2_V5_independent_rms_s0,phase2/results/predictions/full/independent_rms/resnet/seed_17/bandpass_n20005_cRA_V2_V5_independent_rms_s0.npz,76098,fa39463e902763ba5ebf3b3e73f1f39fb1f711a7ca3602b0ede31de42c2f1a3c
resnet,independent_rms,17,bandpass_n20005_cRA_V2_V5_electrode_s20,phase2/results/predictions/full/independent_rms/resnet/seed_17/bandpass_n20005_cRA_V2_V5_electrode_s20.npz,76607,564ba06c83fc95788ee46fec0ee36423806d135359f4f63246c84826ef510d21
resnet,independent_rms,17,bandpass_n20005_cRA_V2_V5_electrode_s15,phase2/results/predictions/full/independent_rms/resnet/seed_17/bandpass_n20005_cRA_V2_V5_electrode_s15.npz,76565,73265e1e2c6e4faa5ca1d959e69eacbaca45a522cf6fb0c1c2186200a4ddc92f
resnet,independent_rms,17,bandpass_n20005_cRA_V2_V5_electrode_s10,phase2/results/predictions/full/independent_rms/resnet/seed_17/bandpass_n20005_cRA_V2_V5_electrode_s10.npz,76478,f29a3b90409e7800d23284bb23938a203a6666c926a6ce760ea2c0c2abfb58a9
resnet,independent_rms,17,bandpass_n20005_cRA_V2_V5_electrode_s5,phase2/results/predictions/full/independent_rms/resnet/seed_17/bandpass_n20005_cRA_V2_V5_electrode_s5.npz,76276,cd22d447a312b59c09f2a4721661451f9ef9145346c1d552a0b86575f20297a1
resnet,independent_rms,17,bandpass_n20005_cRA_V2_V5_electrode_s0,phase2/results/predictions/full/independent_rms/resnet/seed_17/bandpass_n20005_cRA_V2_V5_electrode_s0.npz,76036,6bd60be4e06080168bd1a28104b6e344ffb135e803c5508ce668b3c8b7c9278a
resnet,independent_rms,17,bandpass_n20005_cRA_V2_V5_covariance_s20,phase2/results/predictions/full/independent_rms/resnet/seed_17/bandpass_n20005_cRA_V2_V5_covariance_s20.npz,76593,680e029fc426ca8a6382949d2ca3f404d8d06132b8fffb425f14d95da21b4436
resnet,independent_rms,17,bandpass_n20005_cRA_V2_V5_covariance_s15,phase2/results/predictions/full/independent_rms/resnet/seed_17/bandpass_n20005_cRA_V2_V5_covariance_s15.npz,76555,7ddd6422d65eda74b2364c397b066ef8485c010923ccf587ccc3973bc5e8f3ef
resnet,independent_rms,17,bandpass_n20005_cRA_V2_V5_covariance_s10,phase2/results/predictions/full/independent_rms/resnet/seed_17/bandpass_n20005_cRA_V2_V5_covariance_s10.npz,76431,24bc5a2d8666344387fcb96f531bf449ebbf6fa6b9aa1616478d1dbabef59bda
resnet,independent_rms,17,bandpass_n20005_cRA_V2_V5_covariance_s5,phase2/results/predictions/full/independent_rms/resnet/seed_17/bandpass_n20005_cRA_V2_V5_covariance_s5.npz,76252,c970f562a43f55a15d50a7f2a28d5ad9d3060783743db18ed27071da92242cb4
resnet,independent_rms,17,bandpass_n20005_cRA_V2_V5_covariance_s0,phase2/results/predictions/full/independent_rms/resnet/seed_17/bandpass_n20005_cRA_V2_V5_covariance_s0.npz,76023,586e9e9996cd41c07a246f15d954a6e3858dc88347ed3818a4cd3e5858e29054
resnet,independent_rms,17,bandpass_n20005_cLA_V3_V6_independent_rms_s20,phase2/results/predictions/full/independent_rms/resnet/seed_17/bandpass_n20005_cLA_V3_V6_independent_rms_s20.npz,76589,8bcd7030ca83cbf76e4930179ce8d8333cc1f861208061ae4502022cd81c46d3
resnet,independent_rms,17,bandpass_n20005_cLA_V3_V6_independent_rms_s15,phase2/results/predictions/full/independent_rms/resnet/seed_17/bandpass_n20005_cLA_V3_V6_independent_rms_s15.npz,76578,57a6275ea9016fa3b43571e973578063e29ec14c48c0c6248bcfbebf5f04a22e
resnet,independent_rms,17,bandpass_n20005_cLA_V3_V6_independent_rms_s10,phase2/results/predictions/full/independent_rms/resnet/seed_17/bandpass_n20005_cLA_V3_V6_independent_rms_s10.npz,76532,b06b2412aa230c27103d79b4beb0443a880fe0cbbc8a987cf15b13334baf53d7
resnet,independent_rms,17,bandpass_n20005_cLA_V3_V6_independent_rms_s5,phase2/results/predictions/full/independent_rms/resnet/seed_17/bandpass_n20005_cLA_V3_V6_independent_rms_s5.npz,76436,b6bc72ccea9c4c171d0286de20c532c2c4088ad3c27c43a62736074303b03b5a
resnet,independent_rms,17,bandpass_n20005_cLA_V3_V6_independent_rms_s0,phase2/results/predictions/full/independent_rms/resnet/seed_17/bandpass_n20005_cLA_V3_V6_independent_rms_s0.npz,76122,de6b8042dda8f70ab9728d774696bfe1a9feecebcaf50d7c6471ff8f9b848b11
resnet,independent_rms,17,bandpass_n20005_cLA_V3_V6_electrode_s20,phase2/results/predictions/full/independent_rms/resnet/seed_17/bandpass_n20005_cLA_V3_V6_electrode_s20.npz,76593,deb4b549024af3ec9610900ac86a9a57a4b7152ee4dd14721437005434f283f1
resnet,independent_rms,17,bandpass_n20005_cLA_V3_V6_electrode_s15,phase2/results/predictions/full/independent_rms/resnet/seed_17/bandpass_n20005_cLA_V3_V6_electrode_s15.npz,76602,395a636f41b040b502e107007b50ab9ee5ae63c9347f804315eb08b3de2ffb37
resnet,independent_rms,17,bandpass_n20005_cLA_V3_V6_electrode_s10,phase2/results/predictions/full/independent_rms/resnet/seed_17/bandpass_n20005_cLA_V3_V6_electrode_s10.npz,76472,7f6cf7ac52ccfbb446a255fe210228f3fff36f5f0467464d0a92ef2263c852bd
resnet,independent_rms,17,bandpass_n20005_cLA_V3_V6_electrode_s5,phase2/results/predictions/full/independent_rms/resnet/seed_17/bandpass_n20005_cLA_V3_V6_electrode_s5.npz,76274,71ba4bd52461b71a241e28049fea27298a6b7a28ddb7ef7ec6a61fe1dcebf01d
resnet,independent_rms,17,bandpass_n20005_cLA_V3_V6_electrode_s0,phase2/results/predictions/full/independent_rms/resnet/seed_17/bandpass_n20005_cLA_V3_V6_electrode_s0.npz,75931,fa9217f17f12afa05c2545ce3501e810193551145a1af2c337f6b5335bf7c047
resnet,independent_rms,17,bandpass_n20005_cLA_V3_V6_covariance_s20,phase2/results/predictions/full/independent_rms/resnet/seed_17/bandpass_n20005_cLA_V3_V6_covariance_s20.npz,76608,a86383f0968d1b9d6e82861c29e4b262c5f0a8237d45c1ad448aa5895729a7f2
resnet,independent_rms,17,bandpass_n20005_cLA_V3_V6_covariance_s15,phase2/results/predictions/full/independent_rms/resnet/seed_17/bandpass_n20005_cLA_V3_V6_covariance_s15.npz,76571,67d9b49f37409e140d1356bbd5663a07649ceb7c391b1023fb4fc47aefcba019
resnet,independent_rms,17,bandpass_n20005_cLA_V3_V6_covariance_s10,phase2/results/predictions/full/independent_rms/resnet/seed_17/bandpass_n20005_cLA_V3_V6_covariance_s10.npz,76541,5fd0d34764ac5b4a3473a9a687ecb52d2b5fc218c7dd3633fa2b5b359a07453a
resnet,independent_rms,17,bandpass_n20005_cLA_V3_V6_covariance_s5,phase2/results/predictions/full/independent_rms/resnet/seed_17/bandpass_n20005_cLA_V3_V6_covariance_s5.npz,76309,742183d983470b4923b49ad6d8d29be8c84fa13b9abb26a20b4213acfb82153a
resnet,independent_rms,17,bandpass_n20005_cLA_V3_V6_covariance_s0,phase2/results/predictions/full/independent_rms/resnet/seed_17/bandpass_n20005_cLA_V3_V6_covariance_s0.npz,75922,253f63710ee0ccf38dc902ae00309c11ac75c09e07999ea2152360c6a1cc9de2
resnet,independent_rms,17,bandpass_n20005_cLL_V1_V4_independent_rms_s20,phase2/results/predictions/full/independent_rms/resnet/seed_17/bandpass_n20005_cLL_V1_V4_independent_rms_s20.npz,76611,4ac512c6e4c13e03a88345e8ab5be1cf76705824d34c4ca65fd9418bda31d805
resnet,independent_rms,17,bandpass_n20005_cLL_V1_V4_independent_rms_s15,phase2/results/predictions/full/independent_rms/resnet/seed_17/bandpass_n20005_cLL_V1_V4_independent_rms_s15.npz,76604,75b00f7ec205877a1331e3db84be25c76a532b5b0c49078bb14fc58d525714f5
resnet,independent_rms,17,bandpass_n20005_cLL_V1_V4_independent_rms_s10,phase2/results/predictions/full/independent_rms/resnet/seed_17/bandpass_n20005_cLL_V1_V4_independent_rms_s10.npz,76554,46d252d8add55a76d3e8141d4746c686fea5cc7dcdf0e3582aadf7093e88069b
resnet,independent_rms,17,bandpass_n20005_cLL_V1_V4_independent_rms_s5,phase2/results/predictions/full/independent_rms/resnet/seed_17/bandpass_n20005_cLL_V1_V4_independent_rms_s5.npz,76362,bff72ab3b0b016278e31bb4d5ce70023beba76032ebeb5a74b6e468adffc9c31
resnet,independent_rms,17,bandpass_n20005_cLL_V1_V4_independent_rms_s0,phase2/results/predictions/full/independent_rms/resnet/seed_17/bandpass_n20005_cLL_V1_V4_independent_rms_s0.npz,76120,da2e4623cc76a9999970cee166eb516e879af20022a3f9db2aa9b37f6f1a18ad
resnet,independent_rms,17,bandpass_n20005_cLL_V1_V4_electrode_s20,phase2/results/predictions/full/independent_rms/resnet/seed_17/bandpass_n20005_cLL_V1_V4_electrode_s20.npz,76612,21d3b6dd8e4b45b3af1d21a3bc0504cc9d0d5e458cabd8fea70bcaf8f6c92534
resnet,independent_rms,17,bandpass_n20005_cLL_V1_V4_electrode_s15,phase2/results/predictions/full/independent_rms/resnet/seed_17/bandpass_n20005_cLL_V1_V4_electrode_s15.npz,76526,032d3efb6e16594499d1e67a7729df2fd3ecf8105086c6b16e17c50542bafed8
resnet,independent_rms,17,bandpass_n20005_cLL_V1_V4_electrode_s10,phase2/results/predictions/full/independent_rms/resnet/seed_17/bandpass_n20005_cLL_V1_V4_electrode_s10.npz,76448,a54863356bf2c1d0bc6c448cb64415aa195e61841ce22b277f48d1eaff2d02a5
resnet,independent_rms,17,bandpass_n20005_cLL_V1_V4_electrode_s5,phase2/results/predictions/full/independent_rms/resnet/seed_17/bandpass_n20005_cLL_V1_V4_electrode_s5.npz,76232,5976734b0814f4c2a511ca78e9ea7da5da71788277fbf827e28ff6fbbe2bc13f
resnet,independent_rms,17,bandpass_n20005_cLL_V1_V4_electrode_s0,phase2/results/predictions/full/independent_rms/resnet/seed_17/bandpass_n20005_cLL_V1_V4_electrode_s0.npz,75962,4998f90ab46415298a417cf2b42c47430a800d799f74a87fcf83d8d086ac4722
resnet,independent_rms,17,bandpass_n20005_cLL_V1_V4_covariance_s20,phase2/results/predictions/full/independent_rms/resnet/seed_17/bandpass_n20005_cLL_V1_V4_covariance_s20.npz,76592,bbc3e276cb5a1415e65a327aaec0b17f36b45381d32dacd27a8e41b18b359857
resnet,independent_rms,17,bandpass_n20005_cLL_V1_V4_covariance_s15,phase2/results/predictions/full/independent_rms/resnet/seed_17/bandpass_n20005_cLL_V1_V4_covariance_s15.npz,76598,ecd838c3b8540298055f36f2c9fd75a4fd6b66a67b2823dfec02beb03488a14e
resnet,independent_rms,17,bandpass_n20005_cLL_V1_V4_covariance_s10,phase2/results/predictions/full/independent_rms/resnet/seed_17/bandpass_n20005_cLL_V1_V4_covariance_s10.npz,76438,4fa59107e1f6bf7431e22faf944da49f68c08e791d739dc4f0b0f2d5c919dc3f
resnet,independent_rms,17,bandpass_n20005_cLL_V1_V4_covariance_s5,phase2/results/predictions/full/independent_rms/resnet/seed_17/bandpass_n20005_cLL_V1_V4_covariance_s5.npz,76248,ae3bd3b8451d6ce8597ce39868af5e9c06feae0e85124bc285b2a74ef42104f6
resnet,independent_rms,17,bandpass_n20005_cLL_V1_V4_covariance_s0,phase2/results/predictions/full/independent_rms/resnet/seed_17/bandpass_n20005_cLL_V1_V4_covariance_s0.npz,75973,a2c50727f9eedef4e7bbefd3f7a0d332032043f80e653aa5fce254f22f54dddd
resnet,independent_rms,17,bandpass_n20005_call_independent_rms_s20,phase2/results/predictions/full/independent_rms/resnet/seed_17/bandpass_n20005_call_independent_rms_s20.npz,76603,78c4d8741b590b85d988c4b80878c6cae2c6dfffb329b14c60effd02ea4ad213
resnet,independent_rms,17,bandpass_n20005_call_independent_rms_s15,phase2/results/predictions/full/independent_rms/resnet/seed_17/bandpass_n20005_call_independent_rms_s15.npz,76555,99aff8dede4b46e1ff1d4bd02d4d6331f1f7efd8b2a65cbc0733163ca5dbbf6f
resnet,independent_rms,17,bandpass_n20005_call_independent_rms_s10,phase2/results/predictions/full/independent_rms/resnet/seed_17/bandpass_n20005_call_independent_rms_s10.npz,76517,fcc968a344c1e8f38ff094d7a204cafd16cd7f738a093717ade4a362855922ec
resnet,independent_rms,17,bandpass_n20005_call_independent_rms_s5,phase2/results/predictions/full/independent_rms/resnet/seed_17/bandpass_n20005_call_independent_rms_s5.npz,76361,f68e9155586ec13c73f73c8730e6a71d28ac5a2dbbf86e1c1064848acec1f08d
resnet,independent_rms,17,bandpass_n20005_call_independent_rms_s0,phase2/results/predictions/full/independent_rms/resnet/seed_17/bandpass_n20005_call_independent_rms_s0.npz,76091,a8cca980bbc6b509aec8b9dff3e5a89e3d26cd96b626ef9acc4646e90baade7a
resnet,independent_rms,17,bandpass_n20005_call_electrode_s20,phase2/results/predictions/full/independent_rms/resnet/seed_17/bandpass_n20005_call_electrode_s20.npz,76552,1db456bc3bee5e5420ea8c141153b6639620990fa8fa38447706e88961b16cbf
resnet,independent_rms,17,bandpass_n20005_call_electrode_s15,phase2/results/predictions/full/independent_rms/resnet/seed_17/bandpass_n20005_call_electrode_s15.npz,76535,cdd499538b660294d68229ad2a3f838116e927ac1cc7a6977ba5b96fe4a6ce61
resnet,independent_rms,17,bandpass_n20005_call_electrode_s10,phase2/results/predictions/full/independent_rms/resnet/seed_17/bandpass_n20005_call_electrode_s10.npz,76429,da6aa93c83e52d07ddc6853644c707afda9eecd5eb27a1fa55a2dff41248c485
resnet,independent_rms,17,bandpass_n20005_call_electrode_s5,phase2/results/predictions/full/independent_rms/resnet/seed_17/bandpass_n20005_call_electrode_s5.npz,76210,25815fb0ee757818945f0d4a54076aaf927ea69d7b6023669c5d0f8b7f5f47b8
resnet,independent_rms,17,bandpass_n20005_call_electrode_s0,phase2/results/predictions/full/independent_rms/resnet/seed_17/bandpass_n20005_call_electrode_s0.npz,75878,0764d1f8f522144ab979c849332bcda9cca17f8827f73ee35a38c7fc04385443
resnet,independent_rms,17,bandpass_n20005_call_covariance_s20,phase2/results/predictions/full/independent_rms/resnet/seed_17/bandpass_n20005_call_covariance_s20.npz,76583,55bd6d14950135c93c662c9d5855555b0b0cc8098e21b27bc377a3f8dd352acc
resnet,independent_rms,17,bandpass_n20005_call_covariance_s15,phase2/results/predictions/full/independent_rms/resnet/seed_17/bandpass_n20005_call_covariance_s15.npz,76520,7a9e621ff9aa63363b68a58cbf84b7a48afceb25fdeb234cca4892fb3aca19de
resnet,independent_rms,17,bandpass_n20005_call_covariance_s10,phase2/results/predictions/full/independent_rms/resnet/seed_17/bandpass_n20005_call_covariance_s10.npz,76428,f5621cf344f9aa33531d94147c01b14a26ed6133ea987dd2c9ab7cb6675a45c0
resnet,independent_rms,17,bandpass_n20005_call_covariance_s5,phase2/results/predictions/full/independent_rms/resnet/seed_17/bandpass_n20005_call_covariance_s5.npz,76217,7a4f5a0f4c7c6c181d9ed71bac8c7767cbd42302b80cb3324ba0589c340db9bf
resnet,independent_rms,17,bandpass_n20005_call_covariance_s0,phase2/results/predictions/full/independent_rms/resnet/seed_17/bandpass_n20005_call_covariance_s0.npz,75902,4d3ed2c00c1069a926bde859b357dbda57c9757ed6ff930c55fa0b4db5a03e64
resnet,independent_rms,17,bw_n20001_call_independent_rms_s20,phase2/results/predictions/full/independent_rms/resnet/seed_17/bw_n20001_call_independent_rms_s20.npz,76627,ab8cbd97563a6108c54d3376ae857b20d636d11eee5322625b1a9fb06148355b
resnet,independent_rms,17,bw_n20001_call_independent_rms_s10,phase2/results/predictions/full/independent_rms/resnet/seed_17/bw_n20001_call_independent_rms_s10.npz,76559,a2abc9c67654cd70b3ad831e2fc722a290e7eaca27938de7fd54eccb2209d59b
resnet,independent_rms,17,bw_n20001_call_independent_rms_s0,phase2/results/predictions/full/independent_rms/resnet/seed_17/bw_n20001_call_independent_rms_s0.npz,76331,064161c61cb4cf68356c1009764317fa252f74247e13f5e06741700d1efde027
resnet,independent_rms,17,bw_n20001_call_electrode_s20,phase2/results/predictions/full/independent_rms/resnet/seed_17/bw_n20001_call_electrode_s20.npz,76566,998d61392d6cf7045b8797a9ab147d4974740c2fc83bf7060ecab36ca4d4b452
resnet,independent_rms,17,bw_n20001_call_electrode_s10,phase2/results/predictions/full/independent_rms/resnet/seed_17/bw_n20001_call_electrode_s10.npz,76538,4e6db0d2533daa4b8c2c7d5725df1d65f25415d38cdcd11a5953d2f5b383cf99
resnet,independent_rms,17,bw_n20001_call_electrode_s0,phase2/results/predictions/full/independent_rms/resnet/seed_17/bw_n20001_call_electrode_s0.npz,76249,b7c319f05abecee2a5d2f3b92ec2d9f04f65f15201ba1a47cef3994c35f1fc2d
resnet,independent_rms,17,bw_n20001_call_covariance_s20,phase2/results/predictions/full/independent_rms/resnet/seed_17/bw_n20001_call_covariance_s20.npz,76599,bb0c690473beb9755206d03ce1a1fb6779a3f8a0dcad77778661a4c8290f2276
resnet,independent_rms,17,bw_n20001_call_covariance_s10,phase2/results/predictions/full/independent_rms/resnet/seed_17/bw_n20001_call_covariance_s10.npz,76557,b4cf6b921e912a6c4737c87aef016dd5ae1f51120b8e2ff75fd316d70d697a1f
resnet,independent_rms,17,bw_n20001_call_covariance_s0,phase2/results/predictions/full/independent_rms/resnet/seed_17/bw_n20001_call_covariance_s0.npz,76213,67c20fcbaadef29ca6b6801a891668411ac8229f4f57f4202bc27e9737c53bb6
resnet,independent_rms,17,bw_n20002_call_independent_rms_s20,phase2/results/predictions/full/independent_rms/resnet/seed_17/bw_n20002_call_independent_rms_s20.npz,76568,eedcc5c73073c10e109f1548a79403d9e7822cf93d56c9e547efd7d54100c939
resnet,independent_rms,17,bw_n20002_call_independent_rms_s10,phase2/results/predictions/full/independent_rms/resnet/seed_17/bw_n20002_call_independent_rms_s10.npz,76547,fa49a15664778ca0e14971291f97644458ed09b2eee9b642a75c80ae68649c55
resnet,independent_rms,17,bw_n20002_call_independent_rms_s0,phase2/results/predictions/full/independent_rms/resnet/seed_17/bw_n20002_call_independent_rms_s0.npz,76338,fdc01577d62ecc1972037677600085428634e5101a16570e2be1e94e7e6807c2
resnet,independent_rms,17,bw_n20002_call_electrode_s20,phase2/results/predictions/full/independent_rms/resnet/seed_17/bw_n20002_call_electrode_s20.npz,76546,0742fbfe8f26765f4f36bbf5450b3e008703c90ab91d7fd8b6cc240ea3fdbc29
resnet,independent_rms,17,bw_n20002_call_electrode_s10,phase2/results/predictions/full/independent_rms/resnet/seed_17/bw_n20002_call_electrode_s10.npz,76510,ee73820d422eb4a57862a2815b51c69fdaed393bdb2298ee65c9d618ecb9224c
resnet,independent_rms,17,bw_n20002_call_electrode_s0,phase2/results/predictions/full/independent_rms/resnet/seed_17/bw_n20002_call_electrode_s0.npz,76250,7ac1341890fb20c9b5faf5d501592bf779b6f32f1f291f471de8549d8ddfc7fa
resnet,independent_rms,17,bw_n20002_call_covariance_s20,phase2/results/predictions/full/independent_rms/resnet/seed_17/bw_n20002_call_covariance_s20.npz,76585,fde3c8a9fdd2e37fce336ab48cbee704b77bfdace7819021dfbb9402a6d1d90a
resnet,independent_rms,17,bw_n20002_call_covariance_s10,phase2/results/predictions/full/independent_rms/resnet/seed_17/bw_n20002_call_covariance_s10.npz,76491,08b767ef10f9fc37fae614ab8655346ca07b4a6d93c6be1a0b2f9692305e6686
resnet,independent_rms,17,bw_n20002_call_covariance_s0,phase2/results/predictions/full/independent_rms/resnet/seed_17/bw_n20002_call_covariance_s0.npz,76239,d3cc726df9eb19516f6bcf47494695fafb47cef5026620eef2ac68fb480b80bc
resnet,independent_rms,17,bw_n20003_call_independent_rms_s20,phase2/results/predictions/full/independent_rms/resnet/seed_17/bw_n20003_call_independent_rms_s20.npz,76586,6b59156bc7a167890256471dcf1db768b35aebd57245735ca9aaa2f17a9c4ee4
resnet,independent_rms,17,bw_n20003_call_independent_rms_s10,phase2/results/predictions/full/independent_rms/resnet/seed_17/bw_n20003_call_independent_rms_s10.npz,76541,98ee8dfae92a78d48dd96cb56d0a01970530a8660a1cc8d1c9897c927c045063
resnet,independent_rms,17,bw_n20003_call_independent_rms_s0,phase2/results/predictions/full/independent_rms/resnet/seed_17/bw_n20003_call_independent_rms_s0.npz,76320,c3d08bfc6f5c569861eff42ffdceec20040fbf1ded402f5e31ba01ce4013a44f
resnet,independent_rms,17,bw_n20003_call_electrode_s20,phase2/results/predictions/full/independent_rms/resnet/seed_17/bw_n20003_call_electrode_s20.npz,76566,a9da2e527a043e9386d9fc43bc2c140b8a7bb4976e86d492fcfbbe580011b476
resnet,independent_rms,17,bw_n20003_call_electrode_s10,phase2/results/predictions/full/independent_rms/resnet/seed_17/bw_n20003_call_electrode_s10.npz,76527,088dc6242649723bda37d80e31477fa862697a86e513469c35902715399e2498
resnet,independent_rms,17,bw_n20003_call_electrode_s0,phase2/results/predictions/full/independent_rms/resnet/seed_17/bw_n20003_call_electrode_s0.npz,76235,4bc7f66f4bd16a9c69e90643c0d3c3c5bb83e3cb941835809126c8f618509a8f
resnet,independent_rms,17,bw_n20003_call_covariance_s20,phase2/results/predictions/full/independent_rms/resnet/seed_17/bw_n20003_call_covariance_s20.npz,76588,26e252ca5dfda81887f93aed12d65526b2756869f07f0b0937d44a6e5bb68211
resnet,independent_rms,17,bw_n20003_call_covariance_s10,phase2/results/predictions/full/independent_rms/resnet/seed_17/bw_n20003_call_covariance_s10.npz,76506,2fd7465b2212212c81d49b4a1b17a501a6b39150b9e26d893205860441baea11
resnet,independent_rms,17,bw_n20003_call_covariance_s0,phase2/results/predictions/full/independent_rms/resnet/seed_17/bw_n20003_call_covariance_s0.npz,76249,01ee7721f477cd8a4025e347124849579be1afa916762c63ce9252406c3af467
resnet,independent_rms,17,bw_n20004_call_independent_rms_s20,phase2/results/predictions/full/independent_rms/resnet/seed_17/bw_n20004_call_independent_rms_s20.npz,76595,bb092071aa72b16604080d77b02fe6f217a772ddf5daadfefbe6aa6bb6db5b9b
resnet,independent_rms,17,bw_n20004_call_independent_rms_s10,phase2/results/predictions/full/independent_rms/resnet/seed_17/bw_n20004_call_independent_rms_s10.npz,76565,7f413b5cfaba3da9ee8c6355e9d117604e5821a74d35d2a48e0c8b747721c052
resnet,independent_rms,17,bw_n20004_call_independent_rms_s0,phase2/results/predictions/full/independent_rms/resnet/seed_17/bw_n20004_call_independent_rms_s0.npz,76326,3983c9567b52050e191e6002e69a456c5e0f481967f7595ffe9fcc56a339c57e
resnet,independent_rms,17,bw_n20004_call_electrode_s20,phase2/results/predictions/full/independent_rms/resnet/seed_17/bw_n20004_call_electrode_s20.npz,76583,b2972d6481f1d143ba3275cf2ba782e5f448868aa07b42614810f6828ce89f07
resnet,independent_rms,17,bw_n20004_call_electrode_s10,phase2/results/predictions/full/independent_rms/resnet/seed_17/bw_n20004_call_electrode_s10.npz,76513,bb82ea811884397cf76ac5be0d1acba37bd79faa74b92a826881cd7020117b87
resnet,independent_rms,17,bw_n20004_call_electrode_s0,phase2/results/predictions/full/independent_rms/resnet/seed_17/bw_n20004_call_electrode_s0.npz,76215,e2125b740dc94ed8ec6a902c55835fdfad157de05f11ec0ace32eac0c39de539
resnet,independent_rms,17,bw_n20004_call_covariance_s20,phase2/results/predictions/full/independent_rms/resnet/seed_17/bw_n20004_call_covariance_s20.npz,76586,b9724ec6fb6371b92080ebb0be9097af71a31bab3dee0aea35f1cd540154e65e
resnet,independent_rms,17,bw_n20004_call_covariance_s10,phase2/results/predictions/full/independent_rms/resnet/seed_17/bw_n20004_call_covariance_s10.npz,76507,bca6bf3cc745c64f97f234224a006a5e9221f6cd6a924fb88a899973aab84443
resnet,independent_rms,17,bw_n20004_call_covariance_s0,phase2/results/predictions/full/independent_rms/resnet/seed_17/bw_n20004_call_covariance_s0.npz,76305,d0714097a9925dbbf92ce1a6de8848efb81aa64068ed1469de1dc8a79e2cabe8
resnet,independent_rms,17,bw_n20005_call_independent_rms_s20,phase2/results/predictions/full/independent_rms/resnet/seed_17/bw_n20005_call_independent_rms_s20.npz,76557,19fdd6b719542c5c46bd332b073581c5f666577044970fb8226f3fd47e9a0643
resnet,independent_rms,17,bw_n20005_call_independent_rms_s10,phase2/results/predictions/full/independent_rms/resnet/seed_17/bw_n20005_call_independent_rms_s10.npz,76572,f7d283c1375494ea4f3a6dbecbdff72d3cc85bfba8768c116335a5c9ca7e2775
resnet,independent_rms,17,bw_n20005_call_independent_rms_s0,phase2/results/predictions/full/independent_rms/resnet/seed_17/bw_n20005_call_independent_rms_s0.npz,76365,c98746a22d994167980162d43d060affcc3098d04a386e8b5539def87cb4624a
resnet,independent_rms,17,bw_n20005_call_electrode_s20,phase2/results/predictions/full/independent_rms/resnet/seed_17/bw_n20005_call_electrode_s20.npz,76534,4b033a15bebc2deaf5725f899a53bd5280959e47c0edc451f32aa3dbe94b3aa2
resnet,independent_rms,17,bw_n20005_call_electrode_s10,phase2/results/predictions/full/independent_rms/resnet/seed_17/bw_n20005_call_electrode_s10.npz,76515,cbd3bd42d8cda06594330e248f333e359aba8dd98e78b0f044eab295e7087546
resnet,independent_rms,17,bw_n20005_call_electrode_s0,phase2/results/predictions/full/independent_rms/resnet/seed_17/bw_n20005_call_electrode_s0.npz,76254,df52ad0e749ec3bf4da3102d1b1741943b3f057e7e75c8f5cfd2f1f0ca4ddfcd
resnet,independent_rms,17,bw_n20005_call_covariance_s20,phase2/results/predictions/full/independent_rms/resnet/seed_17/bw_n20005_call_covariance_s20.npz,76556,07bf9f6ecfcb0d2a366e071877d6d799c574c4b414ec0a14c9d0e73b218e2fb3
resnet,independent_rms,17,bw_n20005_call_covariance_s10,phase2/results/predictions/full/independent_rms/resnet/seed_17/bw_n20005_call_covariance_s10.npz,76519,c860778940bbf65470a05db5d4ae8fbbf137973dd26aec8ca97015eb6425e8de
resnet,independent_rms,17,bw_n20005_call_covariance_s0,phase2/results/predictions/full/independent_rms/resnet/seed_17/bw_n20005_call_covariance_s0.npz,76205,938c576c903da7a355d457c3a7f37760a1c8a0230c97d18daaf3c843d8ce5c87
resnet,independent_rms,17,ma_n20001_call_independent_rms_s20,phase2/results/predictions/full/independent_rms/resnet/seed_17/ma_n20001_call_independent_rms_s20.npz,76542,501a0c9987eb79cb4abb639e1e092884e259744b8e4bcacd9a112b6314c5a6b4
resnet,independent_rms,17,ma_n20001_call_independent_rms_s10,phase2/results/predictions/full/independent_rms/resnet/seed_17/ma_n20001_call_independent_rms_s10.npz,76540,0ac1efdfc9d9e154d83aef441be600f046b2f73de82188f1e5e4d21f17f020b9
resnet,independent_rms,17,ma_n20001_call_independent_rms_s0,phase2/results/predictions/full/independent_rms/resnet/seed_17/ma_n20001_call_independent_rms_s0.npz,76278,9343e996d4e360a33fc9c0461cfd6595a4296b5f12bb4047b451e5867e78f91c
resnet,independent_rms,17,ma_n20001_call_electrode_s20,phase2/results/predictions/full/independent_rms/resnet/seed_17/ma_n20001_call_electrode_s20.npz,76536,a3d9c35b2b234010a880f95fb58998205ff92d17d941cbfdfa1bb66beadf7229
resnet,independent_rms,17,ma_n20001_call_electrode_s10,phase2/results/predictions/full/independent_rms/resnet/seed_17/ma_n20001_call_electrode_s10.npz,76486,88819bda7bd40fdb82d61f93518c9b270db937475ce6b9aadc33260b642f7c60
resnet,independent_rms,17,ma_n20001_call_electrode_s0,phase2/results/predictions/full/independent_rms/resnet/seed_17/ma_n20001_call_electrode_s0.npz,76182,14f9a8e271ffb8a79808ff153dace9802797b94bdb47cd4174f8968fe22d3f29
resnet,independent_rms,17,ma_n20001_call_covariance_s20,phase2/results/predictions/full/independent_rms/resnet/seed_17/ma_n20001_call_covariance_s20.npz,76573,3a310de9d7f5b1ffd3cd15ae67af00ca5004f8e612c62786cc84c88ed398bc34
resnet,independent_rms,17,ma_n20001_call_covariance_s10,phase2/results/predictions/full/independent_rms/resnet/seed_17/ma_n20001_call_covariance_s10.npz,76501,c3cdb4431cfcf9debe462f763478a3284b4af6c30fed49fc6bb2ad2d03a21a7a
resnet,independent_rms,17,ma_n20001_call_covariance_s0,phase2/results/predictions/full/independent_rms/resnet/seed_17/ma_n20001_call_covariance_s0.npz,76195,365b9a9c7a449d5c0ff15ca2b54b8ceb32a505d403c440d1a32b2f2eb017cdf8
resnet,independent_rms,17,ma_n20002_call_independent_rms_s20,phase2/results/predictions/full/independent_rms/resnet/seed_17/ma_n20002_call_independent_rms_s20.npz,76588,cf73e6b1a7cfb577022961941d1ec988e8aea0c27fb90e5719164968730541ca
resnet,independent_rms,17,ma_n20002_call_independent_rms_s10,phase2/results/predictions/full/independent_rms/resnet/seed_17/ma_n20002_call_independent_rms_s10.npz,76537,969baaf9358d6e43b9948c7a5ed2581c861f31b3d0366ba4f46d071a04df6d5a
resnet,independent_rms,17,ma_n20002_call_independent_rms_s0,phase2/results/predictions/full/independent_rms/resnet/seed_17/ma_n20002_call_independent_rms_s0.npz,76256,35a6742562d56b6a1d0650c67ef1a7816805a2cf3a72814122263c64106b764d
resnet,independent_rms,17,ma_n20002_call_electrode_s20,phase2/results/predictions/full/independent_rms/resnet/seed_17/ma_n20002_call_electrode_s20.npz,76554,bee7b16f6038b21f874528ef97f9c82e022efae7c7dd6bd1fd1d80b52047d5dc
resnet,independent_rms,17,ma_n20002_call_electrode_s10,phase2/results/predictions/full/independent_rms/resnet/seed_17/ma_n20002_call_electrode_s10.npz,76488,d6dd81d55a3ae2482524f938a554fcd68cc3c3908255d7d3415b04fa734c1007
resnet,independent_rms,17,ma_n20002_call_electrode_s0,phase2/results/predictions/full/independent_rms/resnet/seed_17/ma_n20002_call_electrode_s0.npz,76179,14d2eb5c0c9888c884dfbf8a6629847ddb7088e576d713f23a50356415f24dae
resnet,independent_rms,17,ma_n20002_call_covariance_s20,phase2/results/predictions/full/independent_rms/resnet/seed_17/ma_n20002_call_covariance_s20.npz,76552,6127fa9abbf43b98ccb8a05385d6e4e4138e487f51a249c47a90114f0d2bb924
resnet,independent_rms,17,ma_n20002_call_covariance_s10,phase2/results/predictions/full/independent_rms/resnet/seed_17/ma_n20002_call_covariance_s10.npz,76520,2953b8f794bc98cae731f99d4509b03fca6f53f11c08fd57290d3a00fb0cfa97
resnet,independent_rms,17,ma_n20002_call_covariance_s0,phase2/results/predictions/full/independent_rms/resnet/seed_17/ma_n20002_call_covariance_s0.npz,76185,d2d0c4fa6b792dae67f3c3eaafdd68da9b7af28cedca7dc0269ac79248cd3d61
resnet,independent_rms,17,ma_n20003_call_independent_rms_s20,phase2/results/predictions/full/independent_rms/resnet/seed_17/ma_n20003_call_independent_rms_s20.npz,76582,40778c7742b8c151b8dc0c08f65833436a30ab410663320c8d52ef6eede36312
resnet,independent_rms,17,ma_n20003_call_independent_rms_s10,phase2/results/predictions/full/independent_rms/resnet/seed_17/ma_n20003_call_independent_rms_s10.npz,76547,954be9c5213b0bf27bf6fe6d8de59f63691f2410529cf55a3ed88f9663cc46f6
resnet,independent_rms,17,ma_n20003_call_independent_rms_s0,phase2/results/predictions/full/independent_rms/resnet/seed_17/ma_n20003_call_independent_rms_s0.npz,76260,4faed2f4e4c08512dd1558158d57bcc1e5e556f0c0a54f003cca1ac2724b5e46
resnet,independent_rms,17,ma_n20003_call_electrode_s20,phase2/results/predictions/full/independent_rms/resnet/seed_17/ma_n20003_call_electrode_s20.npz,76579,d8fef5d0c32ad23b8f593c23e979c22730cd1231c08ca022225858df38f44c41
resnet,independent_rms,17,ma_n20003_call_electrode_s10,phase2/results/predictions/full/independent_rms/resnet/seed_17/ma_n20003_call_electrode_s10.npz,76507,1aa116c2ccaf47974d1a9ef6dda5e04769f33f27c15c6957ec0ac63a707864aa
resnet,independent_rms,17,ma_n20003_call_electrode_s0,phase2/results/predictions/full/independent_rms/resnet/seed_17/ma_n20003_call_electrode_s0.npz,76202,7f6f337c2bed4df810e55a5c9bc1b45f4fdc35b43f245ccd693922bb78e022e3
resnet,independent_rms,17,ma_n20003_call_covariance_s20,phase2/results/predictions/full/independent_rms/resnet/seed_17/ma_n20003_call_covariance_s20.npz,76559,7c1a98f8a1de7817bccd917496ea981a4f59668366ff46f86eab6aa765baebcf
resnet,independent_rms,17,ma_n20003_call_covariance_s10,phase2/results/predictions/full/independent_rms/resnet/seed_17/ma_n20003_call_covariance_s10.npz,76532,efe570910724c255ad759002bc92b3b8e15b0dd2550e6b365ddff9758f1a35fc
resnet,independent_rms,17,ma_n20003_call_covariance_s0,phase2/results/predictions/full/independent_rms/resnet/seed_17/ma_n20003_call_covariance_s0.npz,76177,61bf8ce9d87c31e93c36d510a9cd5f39b30eef5580f106641d199eaf181967d9
resnet,independent_rms,17,ma_n20004_call_independent_rms_s20,phase2/results/predictions/full/independent_rms/resnet/seed_17/ma_n20004_call_independent_rms_s20.npz,76574,ee61e7bbf905d4ca5fffc4f51cb2a46a347f4576e3cb515bd05994a5edb53515
resnet,independent_rms,17,ma_n20004_call_independent_rms_s10,phase2/results/predictions/full/independent_rms/resnet/seed_17/ma_n20004_call_independent_rms_s10.npz,76577,6786ae4a213c1e05c6ec864d7206474364e3ad165414f6f4fcd981106d3633a1
resnet,independent_rms,17,ma_n20004_call_independent_rms_s0,phase2/results/predictions/full/independent_rms/resnet/seed_17/ma_n20004_call_independent_rms_s0.npz,76220,4e6828354f5541cf551f79a7bd09a6ce78480debf4a26c46efde54d491e94426
resnet,independent_rms,17,ma_n20004_call_electrode_s20,phase2/results/predictions/full/independent_rms/resnet/seed_17/ma_n20004_call_electrode_s20.npz,76554,89c30525b923011fa8f1c34eaae5cae5c4521c49f4bb7164b42bf4247d65852b
resnet,independent_rms,17,ma_n20004_call_electrode_s10,phase2/results/predictions/full/independent_rms/resnet/seed_17/ma_n20004_call_electrode_s10.npz,76523,196fea3d68531d02bb63a038d12a72a82e51e708dfcb99299172b9b480b8dd82
resnet,independent_rms,17,ma_n20004_call_electrode_s0,phase2/results/predictions/full/independent_rms/resnet/seed_17/ma_n20004_call_electrode_s0.npz,76192,591aec1ce2affaf625a336dccf26437d73a7f6d3b85f18d06d06f0f13730702a
resnet,independent_rms,17,ma_n20004_call_covariance_s20,phase2/results/predictions/full/independent_rms/resnet/seed_17/ma_n20004_call_covariance_s20.npz,76572,4454008dc0648f655885446aedbd0572b79159ce736114130c554a5d61229222
resnet,independent_rms,17,ma_n20004_call_covariance_s10,phase2/results/predictions/full/independent_rms/resnet/seed_17/ma_n20004_call_covariance_s10.npz,76535,579aa56b63401d7510f76ec426e5ea1b3e8ee725ea1b1c41a398d02acf1e29e0
resnet,independent_rms,17,ma_n20004_call_covariance_s0,phase2/results/predictions/full/independent_rms/resnet/seed_17/ma_n20004_call_covariance_s0.npz,76186,3b04f5805dd998197341c9b1528e1166f34bd87f005c9bf1da5cb66915faeee8
resnet,independent_rms,17,ma_n20005_call_independent_rms_s20,phase2/results/predictions/full/independent_rms/resnet/seed_17/ma_n20005_call_independent_rms_s20.npz,76531,64aaf16cd6f0dcaf1a6d7541e6c01051624bae8909f211b2fceaaa7e6eebe8f5
resnet,independent_rms,17,ma_n20005_call_independent_rms_s10,phase2/results/predictions/full/independent_rms/resnet/seed_17/ma_n20005_call_independent_rms_s10.npz,76532,96b1a5a598dc4285be6a13bf618a41f2e8ff76ebc0d647c2e40ff01ac4ca752e
resnet,independent_rms,17,ma_n20005_call_independent_rms_s0,phase2/results/predictions/full/independent_rms/resnet/seed_17/ma_n20005_call_independent_rms_s0.npz,76232,0475fb6b813c8ba266f60461fc8dc2192e8b129d26206a5044998ae9ea619d40
resnet,independent_rms,17,ma_n20005_call_electrode_s20,phase2/results/predictions/full/independent_rms/resnet/seed_17/ma_n20005_call_electrode_s20.npz,76564,0f256ca7f830025daccbc04bea90b065fef86b174721bf5e53a394fde831ae38
resnet,independent_rms,17,ma_n20005_call_electrode_s10,phase2/results/predictions/full/independent_rms/resnet/seed_17/ma_n20005_call_electrode_s10.npz,76515,6da5aea4eb4a876380495b325ee76fe877bf05f7a666e1dc0122987cab8ffe69
resnet,independent_rms,17,ma_n20005_call_electrode_s0,phase2/results/predictions/full/independent_rms/resnet/seed_17/ma_n20005_call_electrode_s0.npz,76187,68a53d098e0b26902d241d974b09500533cfd071f79181af35ce06a455dc7db5
resnet,independent_rms,17,ma_n20005_call_covariance_s20,phase2/results/predictions/full/independent_rms/resnet/seed_17/ma_n20005_call_covariance_s20.npz,76555,066d0e9d757d3e47872af6c6411f0b9e6b83917148b6abab10b45c941b997251
resnet,independent_rms,17,ma_n20005_call_covariance_s10,phase2/results/predictions/full/independent_rms/resnet/seed_17/ma_n20005_call_covariance_s10.npz,76512,cd9aec1578dfc8bbc903b421ef34116c9e3db397baee3064e34dd43e0f42da35
resnet,independent_rms,17,ma_n20005_call_covariance_s0,phase2/results/predictions/full/independent_rms/resnet/seed_17/ma_n20005_call_covariance_s0.npz,76212,0b0b1529f2b6d9c67d6981a92503536b5d58bad601d95128b4bd4db2870d93b9
resnet,independent_rms,17,em_n20001_call_independent_rms_s20,phase2/results/predictions/full/independent_rms/resnet/seed_17/em_n20001_call_independent_rms_s20.npz,76582,a1f41f4f4775ceb147c74ec4a38ed06eab00f33cbf63512a4f36e4fda59d2e3f
resnet,independent_rms,17,em_n20001_call_independent_rms_s10,phase2/results/predictions/full/independent_rms/resnet/seed_17/em_n20001_call_independent_rms_s10.npz,76507,6f94cbaf2aeffd9e5925a63022c743ed19fc5968061d2ff91c92311ffc273b67
resnet,independent_rms,17,em_n20001_call_independent_rms_s0,phase2/results/predictions/full/independent_rms/resnet/seed_17/em_n20001_call_independent_rms_s0.npz,76160,f1317303bd38d87f1b745e94cfe817cee55bc6c239426c96c6d8877b3c0c8291
resnet,independent_rms,17,em_n20001_call_electrode_s20,phase2/results/predictions/full/independent_rms/resnet/seed_17/em_n20001_call_electrode_s20.npz,76568,dec5af44e76ef96ac7e8a01d46cca01b13ecd6a5e4d43553e20c8b75e44ad8cb
resnet,independent_rms,17,em_n20001_call_electrode_s10,phase2/results/predictions/full/independent_rms/resnet/seed_17/em_n20001_call_electrode_s10.npz,76400,05c3da1fb2c09282c8c0c640d2956f3560d3021794aa29f6fe2367635c5a9425
resnet,independent_rms,17,em_n20001_call_electrode_s0,phase2/results/predictions/full/independent_rms/resnet/seed_17/em_n20001_call_electrode_s0.npz,76004,000ea55a46320ec11d32047c4863d821c73bd1a7be26670a4a593eb51a836ed2
resnet,independent_rms,17,em_n20001_call_covariance_s20,phase2/results/predictions/full/independent_rms/resnet/seed_17/em_n20001_call_covariance_s20.npz,76547,c25457622e5f4b4e0ed10bf3d9384a25e4291e9dc90ded8429abea40512c0b0f
resnet,independent_rms,17,em_n20001_call_covariance_s10,phase2/results/predictions/full/independent_rms/resnet/seed_17/em_n20001_call_covariance_s10.npz,76439,9aa413e90b1252808da3bc28b2c9d501ee42f93b8d7b2566bbce7d7ec67edc5c
resnet,independent_rms,17,em_n20001_call_covariance_s0,phase2/results/predictions/full/independent_rms/resnet/seed_17/em_n20001_call_covariance_s0.npz,75965,4f4457027f6299bef397e7ac592e2f1182273b73d245197bb9f31ea4caed7639
resnet,independent_rms,17,em_n20002_call_independent_rms_s20,phase2/results/predictions/full/independent_rms/resnet/seed_17/em_n20002_call_independent_rms_s20.npz,76540,a75be3263ce713fef398bc972bc753a27b4dd2e8911cb452cfeeac133440ef69
resnet,independent_rms,17,em_n20002_call_independent_rms_s10,phase2/results/predictions/full/independent_rms/resnet/seed_17/em_n20002_call_independent_rms_s10.npz,76529,ee00866c6443624dcf12993993164abb410a0894696505a188a37c10147273c5
resnet,independent_rms,17,em_n20002_call_independent_rms_s0,phase2/results/predictions/full/independent_rms/resnet/seed_17/em_n20002_call_independent_rms_s0.npz,76119,7f7236c9794adfd1425a71320bb6e4639331cb6a28db4c0e38dd6079d34af573
resnet,independent_rms,17,em_n20002_call_electrode_s20,phase2/results/predictions/full/independent_rms/resnet/seed_17/em_n20002_call_electrode_s20.npz,76550,72a9d65f61fee75adf01e9152ef6286388676868ef1c584c942cf2c7047ddd9f
resnet,independent_rms,17,em_n20002_call_electrode_s10,phase2/results/predictions/full/independent_rms/resnet/seed_17/em_n20002_call_electrode_s10.npz,76413,e555045bb5fb60d19b626c8a2accf9555a5317d68dc55f56c6f54398cb2a0a78
resnet,independent_rms,17,em_n20002_call_electrode_s0,phase2/results/predictions/full/independent_rms/resnet/seed_17/em_n20002_call_electrode_s0.npz,75982,fd6a5b73578f70b74072dee61cfd6d4f3d8f37611a7daf1bed435c72210cb928
resnet,independent_rms,17,em_n20002_call_covariance_s20,phase2/results/predictions/full/independent_rms/resnet/seed_17/em_n20002_call_covariance_s20.npz,76534,e2c0498297770ef51a16ee5a9164749ecd710ab782a90c31cdb00e850b23f4ce
resnet,independent_rms,17,em_n20002_call_covariance_s10,phase2/results/predictions/full/independent_rms/resnet/seed_17/em_n20002_call_covariance_s10.npz,76423,5c9827a523a547b4df48b9597e2befd2ebabcced1a0d22649d5fcaa3267b62cb
resnet,independent_rms,17,em_n20002_call_covariance_s0,phase2/results/predictions/full/independent_rms/resnet/seed_17/em_n20002_call_covariance_s0.npz,76002,cc8c15ece993c156c4712c55e7a6663b478bc6193464a173720086af77d5c0df
resnet,independent_rms,17,em_n20003_call_independent_rms_s20,phase2/results/predictions/full/independent_rms/resnet/seed_17/em_n20003_call_independent_rms_s20.npz,76564,2414d1fec75c917ff876b058255c97a6a3a71c19da4af6e6add822e0cd7b4b5c
resnet,independent_rms,17,em_n20003_call_independent_rms_s10,phase2/results/predictions/full/independent_rms/resnet/seed_17/em_n20003_call_independent_rms_s10.npz,76498,03fdd32d6f98586ac43fe5e24c25311c579136cb47fc2f191f80bfc50953c270
resnet,independent_rms,17,em_n20003_call_independent_rms_s0,phase2/results/predictions/full/independent_rms/resnet/seed_17/em_n20003_call_independent_rms_s0.npz,76150,a47ebf280cd4392f12e3fe4991cdb54dd1454cf4d860f3c4143731e5a0fb10bf
resnet,independent_rms,17,em_n20003_call_electrode_s20,phase2/results/predictions/full/independent_rms/resnet/seed_17/em_n20003_call_electrode_s20.npz,76534,ab83dfb60257ad9bde7195df4d8329edfb873ff06d852ae9c5bdef2f10078a63
resnet,independent_rms,17,em_n20003_call_electrode_s10,phase2/results/predictions/full/independent_rms/resnet/seed_17/em_n20003_call_electrode_s10.npz,76431,d29302da33dd7ce26d681e871094ec29e029ee7bdd87671ea4d634a5e97cf2d3
resnet,independent_rms,17,em_n20003_call_electrode_s0,phase2/results/predictions/full/independent_rms/resnet/seed_17/em_n20003_call_electrode_s0.npz,75977,62f07ebcbf77d0671345a7bc8e3884d147e673b99ba765d6406e1c935aefe5f9
resnet,independent_rms,17,em_n20003_call_covariance_s20,phase2/results/predictions/full/independent_rms/resnet/seed_17/em_n20003_call_covariance_s20.npz,76556,f81bdfa54575f2bdac7684f68fa9c220d9af0193b9b8856d414d32d68d5cb8bd
resnet,independent_rms,17,em_n20003_call_covariance_s10,phase2/results/predictions/full/independent_rms/resnet/seed_17/em_n20003_call_covariance_s10.npz,76434,1459633e2b71fd2ec536203d3e4a0623d228875338a773351f508275059c8092
resnet,independent_rms,17,em_n20003_call_covariance_s0,phase2/results/predictions/full/independent_rms/resnet/seed_17/em_n20003_call_covariance_s0.npz,75985,1a47800d4dd373c6ddcd33be4502b86d374a3c76923fb76adcb640f9116a6416
resnet,independent_rms,17,em_n20004_call_independent_rms_s20,phase2/results/predictions/full/independent_rms/resnet/seed_17/em_n20004_call_independent_rms_s20.npz,76557,7d55689dd5b010e0f741e4bd9f3ef49bf79583c880916e926e5711e145b8b963
resnet,independent_rms,17,em_n20004_call_independent_rms_s10,phase2/results/predictions/full/independent_rms/resnet/seed_17/em_n20004_call_independent_rms_s10.npz,76476,d73ef33daddde49002a95ed788eab3ea6c2f2011a8e6f154a08730d01cc007c2
resnet,independent_rms,17,em_n20004_call_independent_rms_s0,phase2/results/predictions/full/independent_rms/resnet/seed_17/em_n20004_call_independent_rms_s0.npz,76130,df73314ed381772a367442764b4d54d8b453fdab38cc5329a3564c1e20d6ebf8
resnet,independent_rms,17,em_n20004_call_electrode_s20,phase2/results/predictions/full/independent_rms/resnet/seed_17/em_n20004_call_electrode_s20.npz,76523,e2ed2533064d777621379284c0cea8af7e32afa7505f7cf97cea05d0c4d6ac72
resnet,independent_rms,17,em_n20004_call_electrode_s10,phase2/results/predictions/full/independent_rms/resnet/seed_17/em_n20004_call_electrode_s10.npz,76424,113256ec775875319299ef3b9522bbae4e7dcfd7a79005cf9a1b0b3819bc1627
resnet,independent_rms,17,em_n20004_call_electrode_s0,phase2/results/predictions/full/independent_rms/resnet/seed_17/em_n20004_call_electrode_s0.npz,75985,4cea8afdc74c38dcffcd9990a2f3b56b599c9de32f7574ed54d9478468c5f9dc
resnet,independent_rms,17,em_n20004_call_covariance_s20,phase2/results/predictions/full/independent_rms/resnet/seed_17/em_n20004_call_covariance_s20.npz,76549,b21571da51bebd0302ecdfcf209d3cc3c484a2d3ded0e2d197e58e2bb266e4e3
resnet,independent_rms,17,em_n20004_call_covariance_s10,phase2/results/predictions/full/independent_rms/resnet/seed_17/em_n20004_call_covariance_s10.npz,76414,60c8a6679f321e5d2c9d54ec19233459e7a21312375930b41ffb495b3ca81ac3
resnet,independent_rms,17,em_n20004_call_covariance_s0,phase2/results/predictions/full/independent_rms/resnet/seed_17/em_n20004_call_covariance_s0.npz,76009,68edc048b9fbaa0f867674a52a1f35c7c787b74ee45c8153beaee521489ecd0d
resnet,independent_rms,17,em_n20005_call_independent_rms_s20,phase2/results/predictions/full/independent_rms/resnet/seed_17/em_n20005_call_independent_rms_s20.npz,76573,c4c6495eea914ba793a96e1749562dc0543ca129a7658cab778f81a59969bf16
resnet,independent_rms,17,em_n20005_call_independent_rms_s10,phase2/results/predictions/full/independent_rms/resnet/seed_17/em_n20005_call_independent_rms_s10.npz,76491,8fef890813ac8b9464c3fbb00b3e63c42c956e7f427e95c9c915a0c7db00af2b
resnet,independent_rms,17,em_n20005_call_independent_rms_s0,phase2/results/predictions/full/independent_rms/resnet/seed_17/em_n20005_call_independent_rms_s0.npz,76110,a4b2f901d31ea09c0ee64a8eff23011e9207df89314082690ad60c68ea5b4fa8
resnet,independent_rms,17,em_n20005_call_electrode_s20,phase2/results/predictions/full/independent_rms/resnet/seed_17/em_n20005_call_electrode_s20.npz,76565,a35444373b0b6e6c6b3724048f6c8dab7b3c6c6570301f2335b0ba9aef99d3ca
resnet,independent_rms,17,em_n20005_call_electrode_s10,phase2/results/predictions/full/independent_rms/resnet/seed_17/em_n20005_call_electrode_s10.npz,76398,460864d7afb7b3dc69371cd488e9a88af76148b30da0c1ac1d524c6d32153dad
resnet,independent_rms,17,em_n20005_call_electrode_s0,phase2/results/predictions/full/independent_rms/resnet/seed_17/em_n20005_call_electrode_s0.npz,75995,7b3437ace7deee7a05eb7e8decfe87d25712a5af0698ec8bb41d360832212e95
resnet,independent_rms,17,em_n20005_call_covariance_s20,phase2/results/predictions/full/independent_rms/resnet/seed_17/em_n20005_call_covariance_s20.npz,76559,dda71db9a174f7d30e011549c90ae4224b4eb7b4b704cd1ad19bc1c53c8e14ed
resnet,independent_rms,17,em_n20005_call_covariance_s10,phase2/results/predictions/full/independent_rms/resnet/seed_17/em_n20005_call_covariance_s10.npz,76413,e6b24108df7ba598425afc91aea920c4c29b7e3be2152ebbba3519b66bb8138c
resnet,independent_rms,17,em_n20005_call_covariance_s0,phase2/results/predictions/full/independent_rms/resnet/seed_17/em_n20005_call_covariance_s0.npz,76028,f225e2c9d1112d1c3da6f2dcd6cf6b22de41b89750f28732dd0ce3ed58547a89
resnet,electrode,17,clean,phase2/results/predictions/full/electrode/resnet/seed_17/clean.npz,76548,91bed502a0480ecaf8462208707220dba173ee21245f7784093181ab5a9d9883
resnet,electrode,17,bandpass_n20001_cRA_LA_LL_independent_rms_s20,phase2/results/predictions/full/electrode/resnet/seed_17/bandpass_n20001_cRA_LA_LL_independent_rms_s20.npz,76592,d899bbe3cb70f17bead83545b6767e4bc06b718814ebf20e7eb9027cee8a4a64
resnet,electrode,17,bandpass_n20001_cRA_LA_LL_independent_rms_s15,phase2/results/predictions/full/electrode/resnet/seed_17/bandpass_n20001_cRA_LA_LL_independent_rms_s15.npz,76589,8c45a34dfd0ca206e523d0dbcc9bf20cc3eeaf982ebc6630cd2c1bfd5f5dd215
resnet,electrode,17,bandpass_n20001_cRA_LA_LL_independent_rms_s10,phase2/results/predictions/full/electrode/resnet/seed_17/bandpass_n20001_cRA_LA_LL_independent_rms_s10.npz,76572,cf90d08c84c71b46064140cd052ee05486eded08dda827f19c32faa418f923bf
resnet,electrode,17,bandpass_n20001_cRA_LA_LL_independent_rms_s5,phase2/results/predictions/full/electrode/resnet/seed_17/bandpass_n20001_cRA_LA_LL_independent_rms_s5.npz,76431,b09fad3ea6f87590142d35aff17e1477a1b34c2e5903fd14076d9c3b95130d87
resnet,electrode,17,bandpass_n20001_cRA_LA_LL_independent_rms_s0,phase2/results/predictions/full/electrode/resnet/seed_17/bandpass_n20001_cRA_LA_LL_independent_rms_s0.npz,76146,bb0aac95eff02fe020d7bc059c8fbfe48dbee70f73ea7e0f6eab7e7e1feba16e
resnet,electrode,17,bandpass_n20001_cRA_LA_LL_electrode_s20,phase2/results/predictions/full/electrode/resnet/seed_17/bandpass_n20001_cRA_LA_LL_electrode_s20.npz,76595,e1de984e299e55beace7e40c5635d7012d353974193996bdd2e09d0178970742
resnet,electrode,17,bandpass_n20001_cRA_LA_LL_electrode_s15,phase2/results/predictions/full/electrode/resnet/seed_17/bandpass_n20001_cRA_LA_LL_electrode_s15.npz,76546,4771b5391016ddbf82fbb3ca3293873c437da2e18e37c41793770c9abfe4be42
resnet,electrode,17,bandpass_n20001_cRA_LA_LL_electrode_s10,phase2/results/predictions/full/electrode/resnet/seed_17/bandpass_n20001_cRA_LA_LL_electrode_s10.npz,76495,c7391e0e35f610b80f44c73c8ba20646816596da93590f928ad5dad2abc92720
resnet,electrode,17,bandpass_n20001_cRA_LA_LL_electrode_s5,phase2/results/predictions/full/electrode/resnet/seed_17/bandpass_n20001_cRA_LA_LL_electrode_s5.npz,76299,c866ea580ac7d406b9b0ba34fbbc5d85ffae157e0cf47e7cd33595ebb5b31a40
resnet,electrode,17,bandpass_n20001_cRA_LA_LL_electrode_s0,phase2/results/predictions/full/electrode/resnet/seed_17/bandpass_n20001_cRA_LA_LL_electrode_s0.npz,75985,d7338f8fe1cab614375942c926c1a44372cb362c870aa2799690fa3ba62fff6b
resnet,electrode,17,bandpass_n20001_cRA_LA_LL_covariance_s20,phase2/results/predictions/full/electrode/resnet/seed_17/bandpass_n20001_cRA_LA_LL_covariance_s20.npz,76595,3657eb61f5afd60215db279ca5cb634e1dc709bcdc80d4f5394261ebd081327d
resnet,electrode,17,bandpass_n20001_cRA_LA_LL_covariance_s15,phase2/results/predictions/full/electrode/resnet/seed_17/bandpass_n20001_cRA_LA_LL_covariance_s15.npz,76566,e808a97430768e6a0fa336deebbaf357b5667c890576e3b04699a0422c979bc1
resnet,electrode,17,bandpass_n20001_cRA_LA_LL_covariance_s10,phase2/results/predictions/full/electrode/resnet/seed_17/bandpass_n20001_cRA_LA_LL_covariance_s10.npz,76478,87032359caf5b1f83f3540c188ac69018d5c552d6ed8d1a68cfbeb6f14bf68d5
resnet,electrode,17,bandpass_n20001_cRA_LA_LL_covariance_s5,phase2/results/predictions/full/electrode/resnet/seed_17/bandpass_n20001_cRA_LA_LL_covariance_s5.npz,76270,0c9dd29f7cff81ad005ef8d8c38a07f42371dcb7431ed252e7eaa36298ed72e5
resnet,electrode,17,bandpass_n20001_cRA_LA_LL_covariance_s0,phase2/results/predictions/full/electrode/resnet/seed_17/bandpass_n20001_cRA_LA_LL_covariance_s0.npz,75964,8b3ceec3c34dd19973ba584d14e296bd9a5c656b10ee3e78a1785f52e17f5d30
resnet,electrode,17,bandpass_n20001_cV1_independent_rms_s20,phase2/results/predictions/full/electrode/resnet/seed_17/bandpass_n20001_cV1_independent_rms_s20.npz,76582,6177d6a23b4735b66985d6115b3f044eb2739436c4783ffaa6a09be3be7849dd
resnet,electrode,17,bandpass_n20001_cV1_independent_rms_s15,phase2/results/predictions/full/electrode/resnet/seed_17/bandpass_n20001_cV1_independent_rms_s15.npz,76564,3b6b8fae51db463e0a820529946c2c5d89e3bde175809aa570e184061e5273f5
resnet,electrode,17,bandpass_n20001_cV1_independent_rms_s10,phase2/results/predictions/full/electrode/resnet/seed_17/bandpass_n20001_cV1_independent_rms_s10.npz,76526,ac30a2ac08fa9f557fb1acfcaf966340ffde9a276e9dd38b71fc5770e853d4d5
resnet,electrode,17,bandpass_n20001_cV1_independent_rms_s5,phase2/results/predictions/full/electrode/resnet/seed_17/bandpass_n20001_cV1_independent_rms_s5.npz,76377,53ecf016101fd75d5437d398a49534c89cecb70f6510dffc134bf3d807a6f80c
resnet,electrode,17,bandpass_n20001_cV1_independent_rms_s0,phase2/results/predictions/full/electrode/resnet/seed_17/bandpass_n20001_cV1_independent_rms_s0.npz,76065,1840d2e2a64181d909ba32f9235261221ac521c123588673000b457799b46493
resnet,electrode,17,bandpass_n20001_cV1_electrode_s20,phase2/results/predictions/full/electrode/resnet/seed_17/bandpass_n20001_cV1_electrode_s20.npz,76559,f62c07d35680331707e2601b6997f684ef4b098f6296339a470e5b21926739a5
resnet,electrode,17,bandpass_n20001_cV1_electrode_s15,phase2/results/predictions/full/electrode/resnet/seed_17/bandpass_n20001_cV1_electrode_s15.npz,76565,3d23620bd5767adfe8cff5df34d47cc50215232d9f3087844ed69cc84c19e32c
resnet,electrode,17,bandpass_n20001_cV1_electrode_s10,phase2/results/predictions/full/electrode/resnet/seed_17/bandpass_n20001_cV1_electrode_s10.npz,76512,2be28e58843837df751a1cf2cfae774eccd86f7da5273479203751d0d97f3ea0
resnet,electrode,17,bandpass_n20001_cV1_electrode_s5,phase2/results/predictions/full/electrode/resnet/seed_17/bandpass_n20001_cV1_electrode_s5.npz,76378,09894ea08d8caef7b7436e10c8b662a6ded8b9ea757dd12e6df9fdeb70c46d68
resnet,electrode,17,bandpass_n20001_cV1_electrode_s0,phase2/results/predictions/full/electrode/resnet/seed_17/bandpass_n20001_cV1_electrode_s0.npz,76082,650bb3f2f48099e7defaeec9e40caa58f3f3cbb302f1f127ff250836180782fa
resnet,electrode,17,bandpass_n20001_cV1_covariance_s20,phase2/results/predictions/full/electrode/resnet/seed_17/bandpass_n20001_cV1_covariance_s20.npz,76564,6e0f5a3010a29bcf7dc741c8fdc695b616f37c7594827e59badcfb92c6ec22e7
resnet,electrode,17,bandpass_n20001_cV1_covariance_s15,phase2/results/predictions/full/electrode/resnet/seed_17/bandpass_n20001_cV1_covariance_s15.npz,76548,67183b18b0cd3d544c7f9e519a645513d5b6e4e9b0443091603a7c48d1de7b28
resnet,electrode,17,bandpass_n20001_cV1_covariance_s10,phase2/results/predictions/full/electrode/resnet/seed_17/bandpass_n20001_cV1_covariance_s10.npz,76499,628e7dfdb778653151492bb5ac93adbd4fea67382aa82cc19b87bbf45e341d93
resnet,electrode,17,bandpass_n20001_cV1_covariance_s5,phase2/results/predictions/full/electrode/resnet/seed_17/bandpass_n20001_cV1_covariance_s5.npz,76373,d636e78f814e782b97d47a3f9fe13558eaf1695c48506c1583bbc3154066d511
resnet,electrode,17,bandpass_n20001_cV1_covariance_s0,phase2/results/predictions/full/electrode/resnet/seed_17/bandpass_n20001_cV1_covariance_s0.npz,76066,da4579baf8468c38a3856d85405c65008ea76c7e7b900aa80481a9e99cf1ccce
resnet,electrode,17,bandpass_n20001_cV2_independent_rms_s20,phase2/results/predictions/full/electrode/resnet/seed_17/bandpass_n20001_cV2_independent_rms_s20.npz,76587,82c2f70cb0d9028f8efc0898ce2355b20a3f1f464a23c806bd3aac48fcf9c10b
resnet,electrode,17,bandpass_n20001_cV2_independent_rms_s15,phase2/results/predictions/full/electrode/resnet/seed_17/bandpass_n20001_cV2_independent_rms_s15.npz,76557,0ba9c6a72f7472ba380147963e1faed85c7ceb38b72bf3dfd76f5f7fab5aad91
resnet,electrode,17,bandpass_n20001_cV2_independent_rms_s10,phase2/results/predictions/full/electrode/resnet/seed_17/bandpass_n20001_cV2_independent_rms_s10.npz,76554,c708ad4af4d56a9cdf461a837c85e5d38e24396a568acb86c56b96b8b6c16568
resnet,electrode,17,bandpass_n20001_cV2_independent_rms_s5,phase2/results/predictions/full/electrode/resnet/seed_17/bandpass_n20001_cV2_independent_rms_s5.npz,76456,e96bbf66e516d464f3b91f315b3c8c181ac5a98b995eb82e1e76048d00180852
resnet,electrode,17,bandpass_n20001_cV2_independent_rms_s0,phase2/results/predictions/full/electrode/resnet/seed_17/bandpass_n20001_cV2_independent_rms_s0.npz,76203,8020144fd4b6b6cdfdde65de079d6b46b92849f3424850b016e161c49e85cd24
resnet,electrode,17,bandpass_n20001_cV2_electrode_s20,phase2/results/predictions/full/electrode/resnet/seed_17/bandpass_n20001_cV2_electrode_s20.npz,76594,3e32eb0180ba25bbe25d49fbbfac0f007204a47e950fd9c658d8d588214b7122
resnet,electrode,17,bandpass_n20001_cV2_electrode_s15,phase2/results/predictions/full/electrode/resnet/seed_17/bandpass_n20001_cV2_electrode_s15.npz,76563,b34f10da2c37e1ea1a7f7d6da9276ea66140b21f7e86f78ee0207133b5cc4bb2
resnet,electrode,17,bandpass_n20001_cV2_electrode_s10,phase2/results/predictions/full/electrode/resnet/seed_17/bandpass_n20001_cV2_electrode_s10.npz,76537,40a3a8f88c23e6c78dff848712df713753f730884b7aafc18a43a41dbcd6e9da
resnet,electrode,17,bandpass_n20001_cV2_electrode_s5,phase2/results/predictions/full/electrode/resnet/seed_17/bandpass_n20001_cV2_electrode_s5.npz,76385,e7816a2dc41892910b3e370f1851590c4faf1e6416bd7442c99d2b9b6ff29e6b
resnet,electrode,17,bandpass_n20001_cV2_electrode_s0,phase2/results/predictions/full/electrode/resnet/seed_17/bandpass_n20001_cV2_electrode_s0.npz,76208,c89ad4ed4c9bc1bff1a1336048fddde80132d1f8cd7343f90a118688c09a0b1a
resnet,electrode,17,bandpass_n20001_cV2_covariance_s20,phase2/results/predictions/full/electrode/resnet/seed_17/bandpass_n20001_cV2_covariance_s20.npz,76575,c87f0fa5f7466a64b6b54e737a32dc8699018fac40b3d34dca53af9cc15bce65
resnet,electrode,17,bandpass_n20001_cV2_covariance_s15,phase2/results/predictions/full/electrode/resnet/seed_17/bandpass_n20001_cV2_covariance_s15.npz,76565,32331dbe7138dda0a8b7231609818556c207de682d237161a8900a14eb8ae34c
resnet,electrode,17,bandpass_n20001_cV2_covariance_s10,phase2/results/predictions/full/electrode/resnet/seed_17/bandpass_n20001_cV2_covariance_s10.npz,76529,b475d9bc0102a5bbdcebf2aa35662f3fe0386c4cd909b37a604d77913ba770e7
resnet,electrode,17,bandpass_n20001_cV2_covariance_s5,phase2/results/predictions/full/electrode/resnet/seed_17/bandpass_n20001_cV2_covariance_s5.npz,76418,e160e27b72aadf68b0a510e1b9badbe196412b5f15fec764e7ff3bd90f9bc275
resnet,electrode,17,bandpass_n20001_cV2_covariance_s0,phase2/results/predictions/full/electrode/resnet/seed_17/bandpass_n20001_cV2_covariance_s0.npz,76196,2182dfae54cdf2d3788d4b49cae2bb6c8105e5be32d39cbd1665d9d2310c1d99
resnet,electrode,17,bandpass_n20001_cV3_independent_rms_s20,phase2/results/predictions/full/electrode/resnet/seed_17/bandpass_n20001_cV3_independent_rms_s20.npz,76607,161b8f0cd7eb20feb09f313ad15ff0ed265779864b30af7a6a509d741b15faa5
resnet,electrode,17,bandpass_n20001_cV3_independent_rms_s15,phase2/results/predictions/full/electrode/resnet/seed_17/bandpass_n20001_cV3_independent_rms_s15.npz,76594,71cf7c304f44fa67643795ec5e7e522e784db2e2d1b5de449546ff6d1125d2d1
resnet,electrode,17,bandpass_n20001_cV3_independent_rms_s10,phase2/results/predictions/full/electrode/resnet/seed_17/bandpass_n20001_cV3_independent_rms_s10.npz,76579,8d47587c1c2f28a70bfe24d53b6a0219a74d9d325323664ce2b0857e3fec8790
resnet,electrode,17,bandpass_n20001_cV3_independent_rms_s5,phase2/results/predictions/full/electrode/resnet/seed_17/bandpass_n20001_cV3_independent_rms_s5.npz,76470,d7bcbaf8b3a8b8f62a3b1b1690bda3246e8abf9f84a4550c6c4d9287c0e47daa
resnet,electrode,17,bandpass_n20001_cV3_independent_rms_s0,phase2/results/predictions/full/electrode/resnet/seed_17/bandpass_n20001_cV3_independent_rms_s0.npz,76196,2dcdf58b9d5edb3f205feb6a84a7009521f8c43b3f199d539ddeb35dc5dbc1ac
resnet,electrode,17,bandpass_n20001_cV3_electrode_s20,phase2/results/predictions/full/electrode/resnet/seed_17/bandpass_n20001_cV3_electrode_s20.npz,76565,97816340d12823af22b0c232e1698eb77ebc2ce1c4fd46cacd192689392c0fe2
resnet,electrode,17,bandpass_n20001_cV3_electrode_s15,phase2/results/predictions/full/electrode/resnet/seed_17/bandpass_n20001_cV3_electrode_s15.npz,76559,f111d31858b9a0db62caacac5ea399a6dd602768226f815e58da58e71e749e60
resnet,electrode,17,bandpass_n20001_cV3_electrode_s10,phase2/results/predictions/full/electrode/resnet/seed_17/bandpass_n20001_cV3_electrode_s10.npz,76534,846ffb984d928687f98a285ed45f7015dc77acd773d50c38388ab08fae63f64a
resnet,electrode,17,bandpass_n20001_cV3_electrode_s5,phase2/results/predictions/full/electrode/resnet/seed_17/bandpass_n20001_cV3_electrode_s5.npz,76438,0d212adc15303a7e7401a6f8e8a1da3fd81c3134662377c4aaede2c0b0908029
resnet,electrode,17,bandpass_n20001_cV3_electrode_s0,phase2/results/predictions/full/electrode/resnet/seed_17/bandpass_n20001_cV3_electrode_s0.npz,76199,23eccf73af916a623baedd70c2ea7890be50970af72a469b651ed55fbb65e44e
resnet,electrode,17,bandpass_n20001_cV3_covariance_s20,phase2/results/predictions/full/electrode/resnet/seed_17/bandpass_n20001_cV3_covariance_s20.npz,76568,544bd01329928534a161acfb175ec3a170ae7c451301be0cdba1058179bccace
resnet,electrode,17,bandpass_n20001_cV3_covariance_s15,phase2/results/predictions/full/electrode/resnet/seed_17/bandpass_n20001_cV3_covariance_s15.npz,76582,a27bad025ac38abb32efe3ca18e225a153f3fa872523c67094326d01ab163f99
resnet,electrode,17,bandpass_n20001_cV3_covariance_s10,phase2/results/predictions/full/electrode/resnet/seed_17/bandpass_n20001_cV3_covariance_s10.npz,76594,453cb0d525359e3dda93f0bbe34f08b980ce1c39ee85cd3e864816dce709a527
resnet,electrode,17,bandpass_n20001_cV3_covariance_s5,phase2/results/predictions/full/electrode/resnet/seed_17/bandpass_n20001_cV3_covariance_s5.npz,76498,1eabeda4dacd48d219fe30e0a8d3a2385b0fa689a781989108bb4371e7c8271f
resnet,electrode,17,bandpass_n20001_cV3_covariance_s0,phase2/results/predictions/full/electrode/resnet/seed_17/bandpass_n20001_cV3_covariance_s0.npz,76201,01bd73ff1685cb39f7acdbb407e233155f1970dd886a8567ba30248472056265
resnet,electrode,17,bandpass_n20001_cV4_independent_rms_s20,phase2/results/predictions/full/electrode/resnet/seed_17/bandpass_n20001_cV4_independent_rms_s20.npz,76590,9ab637eef27b1e0d0c33b80014514e748a34a8ae148ba67234d694b4fe37393f
resnet,electrode,17,bandpass_n20001_cV4_independent_rms_s15,phase2/results/predictions/full/electrode/resnet/seed_17/bandpass_n20001_cV4_independent_rms_s15.npz,76573,c9b1340eeac51c51ae9790ab5fd7264423dcfa2118ce00851fe8c918334e3062
resnet,electrode,17,bandpass_n20001_cV4_independent_rms_s10,phase2/results/predictions/full/electrode/resnet/seed_17/bandpass_n20001_cV4_independent_rms_s10.npz,76579,0de1c43aed04865ced55f1b0c6a77c97f5911d6d7132ed25d3bfaa3e1ef1c669
resnet,electrode,17,bandpass_n20001_cV4_independent_rms_s5,phase2/results/predictions/full/electrode/resnet/seed_17/bandpass_n20001_cV4_independent_rms_s5.npz,76487,1ca1b57780f26df0632f40fff337053c624047f2331eb4a8f6f7100a50a30e48
resnet,electrode,17,bandpass_n20001_cV4_independent_rms_s0,phase2/results/predictions/full/electrode/resnet/seed_17/bandpass_n20001_cV4_independent_rms_s0.npz,76343,54f09ac907b0f4613cdbd3d465cb9609b0b87305a196b828d287db350ec5458e
resnet,electrode,17,bandpass_n20001_cV4_electrode_s20,phase2/results/predictions/full/electrode/resnet/seed_17/bandpass_n20001_cV4_electrode_s20.npz,76573,e785ebeabfa736f34def0e05235f032d4661f16981ad83cd8d0c679757b71cad
resnet,electrode,17,bandpass_n20001_cV4_electrode_s15,phase2/results/predictions/full/electrode/resnet/seed_17/bandpass_n20001_cV4_electrode_s15.npz,76598,016fef1f131f8689bcf4944bb81b32e10978d33c8a7482a9c87c3eca8a20ec9c
resnet,electrode,17,bandpass_n20001_cV4_electrode_s10,phase2/results/predictions/full/electrode/resnet/seed_17/bandpass_n20001_cV4_electrode_s10.npz,76574,cea009ea1dadbbafb09520984552c548105a7065f71b845eae06e5aae6e6c3d0
resnet,electrode,17,bandpass_n20001_cV4_electrode_s5,phase2/results/predictions/full/electrode/resnet/seed_17/bandpass_n20001_cV4_electrode_s5.npz,76477,f9cd5ee8e0f785ab951e5209b550d4c9a6c6ac97413c0407e35abeeb40ec393c
resnet,electrode,17,bandpass_n20001_cV4_electrode_s0,phase2/results/predictions/full/electrode/resnet/seed_17/bandpass_n20001_cV4_electrode_s0.npz,76334,701ab72f74d358cb6a620b77f38f9b3f1e08ca7ea10fd0eefc130d5ef19d248c
resnet,electrode,17,bandpass_n20001_cV4_covariance_s20,phase2/results/predictions/full/electrode/resnet/seed_17/bandpass_n20001_cV4_covariance_s20.npz,76572,76b219bb0bfaa6330aa99074283740e090d406df8f6ffbe24affa609f02ee180
resnet,electrode,17,bandpass_n20001_cV4_covariance_s15,phase2/results/predictions/full/electrode/resnet/seed_17/bandpass_n20001_cV4_covariance_s15.npz,76558,2bac754b236bbc8a7c114f48800f3761a7622802e9cd1506d1d004af2f120e3f
resnet,electrode,17,bandpass_n20001_cV4_covariance_s10,phase2/results/predictions/full/electrode/resnet/seed_17/bandpass_n20001_cV4_covariance_s10.npz,76551,55e7069439df76ce5278bed137d6fb02f70f6daac23064bfbe11d0047367139c
resnet,electrode,17,bandpass_n20001_cV4_covariance_s5,phase2/results/predictions/full/electrode/resnet/seed_17/bandpass_n20001_cV4_covariance_s5.npz,76483,d7e44cc9192cd592a70a00d2243193318b6a21bd964942de11456dfd9e24d4ea
resnet,electrode,17,bandpass_n20001_cV4_covariance_s0,phase2/results/predictions/full/electrode/resnet/seed_17/bandpass_n20001_cV4_covariance_s0.npz,76292,be9da154e491b7fc85ae345ded7bb14e5bb50a0d598d78cddda26c13d169fa39
resnet,electrode,17,bandpass_n20001_cV5_independent_rms_s20,phase2/results/predictions/full/electrode/resnet/seed_17/bandpass_n20001_cV5_independent_rms_s20.npz,76594,26e14233c1f96326ba1571b90e71cc0f0d530b2870c2c1fc79fe13e843505316
resnet,electrode,17,bandpass_n20001_cV5_independent_rms_s15,phase2/results/predictions/full/electrode/resnet/seed_17/bandpass_n20001_cV5_independent_rms_s15.npz,76584,e71c2ae3281ee3ff6c8c2dd8e6cc88c7085bb6451bd0c371ae2063436f5bbac0
resnet,electrode,17,bandpass_n20001_cV5_independent_rms_s10,phase2/results/predictions/full/electrode/resnet/seed_17/bandpass_n20001_cV5_independent_rms_s10.npz,76534,4cd7e2693a53f5732ff9fa465ef0fabf736f34006f4bb8a29dca6107ca3ab79c
resnet,electrode,17,bandpass_n20001_cV5_independent_rms_s5,phase2/results/predictions/full/electrode/resnet/seed_17/bandpass_n20001_cV5_independent_rms_s5.npz,76374,07d5b90b7896d2a79df25e55248330d61ad24f56a4a770efec3d79dc99fb26fd
resnet,electrode,17,bandpass_n20001_cV5_independent_rms_s0,phase2/results/predictions/full/electrode/resnet/seed_17/bandpass_n20001_cV5_independent_rms_s0.npz,76099,27bd26aeddf74f683c11aa77ea68993e2c2d813912a4598fa59fa487d6fe8450
resnet,electrode,17,bandpass_n20001_cV5_electrode_s20,phase2/results/predictions/full/electrode/resnet/seed_17/bandpass_n20001_cV5_electrode_s20.npz,76567,6e6c01daf54eaeb808a7d80a6d26842cc6456c40831b72cb8040bdecbc7d74f4
resnet,electrode,17,bandpass_n20001_cV5_electrode_s15,phase2/results/predictions/full/electrode/resnet/seed_17/bandpass_n20001_cV5_electrode_s15.npz,76580,7b65af6486de63e9cb106bd7ceaeb512b02110194ea6e073db3546ff9e3ad486
resnet,electrode,17,bandpass_n20001_cV5_electrode_s10,phase2/results/predictions/full/electrode/resnet/seed_17/bandpass_n20001_cV5_electrode_s10.npz,76509,be1326f13dbceef39b9874c38a17c1cfc2f72ab218d3955557a12214ed633650
resnet,electrode,17,bandpass_n20001_cV5_electrode_s5,phase2/results/predictions/full/electrode/resnet/seed_17/bandpass_n20001_cV5_electrode_s5.npz,76358,f283a75016d450daef900c54cc5790e3d61510153da1cd762a3f4cd5738fe1f5
resnet,electrode,17,bandpass_n20001_cV5_electrode_s0,phase2/results/predictions/full/electrode/resnet/seed_17/bandpass_n20001_cV5_electrode_s0.npz,76070,57ffd1037aa7b1bf3fb839811ec9b62d2ab072edc4cc1f083d4f91bf0bc7c6c8
resnet,electrode,17,bandpass_n20001_cV5_covariance_s20,phase2/results/predictions/full/electrode/resnet/seed_17/bandpass_n20001_cV5_covariance_s20.npz,76552,464a3a3cf755d57b1736357d60ba450f840fadf118eef2ddf4c18350474ea3a5
resnet,electrode,17,bandpass_n20001_cV5_covariance_s15,phase2/results/predictions/full/electrode/resnet/seed_17/bandpass_n20001_cV5_covariance_s15.npz,76560,10fbe41b3366f6ebce238e09f7733a69942b79011fb809e0b4666adfbb954417
resnet,electrode,17,bandpass_n20001_cV5_covariance_s10,phase2/results/predictions/full/electrode/resnet/seed_17/bandpass_n20001_cV5_covariance_s10.npz,76510,90a890d922f6ab89ca757eca48ef59efa4709aa0a594a0aef98591776ad25c83
resnet,electrode,17,bandpass_n20001_cV5_covariance_s5,phase2/results/predictions/full/electrode/resnet/seed_17/bandpass_n20001_cV5_covariance_s5.npz,76375,1e4c2a7c49fb19e71b66b0676d23d0ebbe4af4f8caa92a2d370941c8175cdb51
resnet,electrode,17,bandpass_n20001_cV5_covariance_s0,phase2/results/predictions/full/electrode/resnet/seed_17/bandpass_n20001_cV5_covariance_s0.npz,76057,1e219fbeab7e31f1f54f09a8b6ad7b10a4010abfb9430c2c7bc7816319607d6c
resnet,electrode,17,bandpass_n20001_cV6_independent_rms_s20,phase2/results/predictions/full/electrode/resnet/seed_17/bandpass_n20001_cV6_independent_rms_s20.npz,76572,11648d026bdb8742b41d76657779b6fd2f90789346d289a5cfb8805e236d69aa
resnet,electrode,17,bandpass_n20001_cV6_independent_rms_s15,phase2/results/predictions/full/electrode/resnet/seed_17/bandpass_n20001_cV6_independent_rms_s15.npz,76572,14ed40d79f55645edffafc4b70ba612d09bb650f1d671ac555898b5c2bac86fe
resnet,electrode,17,bandpass_n20001_cV6_independent_rms_s10,phase2/results/predictions/full/electrode/resnet/seed_17/bandpass_n20001_cV6_independent_rms_s10.npz,76551,e00051d566db0d5af805e3754be847c49ee4502184000f4e3a962148fdcb8c2c
resnet,electrode,17,bandpass_n20001_cV6_independent_rms_s5,phase2/results/predictions/full/electrode/resnet/seed_17/bandpass_n20001_cV6_independent_rms_s5.npz,76386,5edb851b14974479ea3189823639d4ecd1e15911c5688c8c539b621cad7236c0
resnet,electrode,17,bandpass_n20001_cV6_independent_rms_s0,phase2/results/predictions/full/electrode/resnet/seed_17/bandpass_n20001_cV6_independent_rms_s0.npz,76145,cf19a6863751be2f7ed704ddf3880e30782388ec0d911239374d4939ddca62e9
resnet,electrode,17,bandpass_n20001_cV6_electrode_s20,phase2/results/predictions/full/electrode/resnet/seed_17/bandpass_n20001_cV6_electrode_s20.npz,76564,5c3c856fe237eec699adff40fc916d848cde47b56c262dd78a0a2b1bba0ef623
resnet,electrode,17,bandpass_n20001_cV6_electrode_s15,phase2/results/predictions/full/electrode/resnet/seed_17/bandpass_n20001_cV6_electrode_s15.npz,76572,cfc7b86a031ec6dc0b72e71bee155cd1d0d19b2d032c9ccfb3840387c16a7e18
resnet,electrode,17,bandpass_n20001_cV6_electrode_s10,phase2/results/predictions/full/electrode/resnet/seed_17/bandpass_n20001_cV6_electrode_s10.npz,76510,44d0cad796f991080780ee68731bab08350c01aa6463a133ffb9ef563ff57703
resnet,electrode,17,bandpass_n20001_cV6_electrode_s5,phase2/results/predictions/full/electrode/resnet/seed_17/bandpass_n20001_cV6_electrode_s5.npz,76398,2ff18eb7d53ce2abfa0705d1618ac5f34a315fc44345ab7e32f5ec1c1fe35ffc
resnet,electrode,17,bandpass_n20001_cV6_electrode_s0,phase2/results/predictions/full/electrode/resnet/seed_17/bandpass_n20001_cV6_electrode_s0.npz,76101,1d143075128c3e195e1b7a5e006da113499cee862d97af6386b83a60c59ac001
resnet,electrode,17,bandpass_n20001_cV6_covariance_s20,phase2/results/predictions/full/electrode/resnet/seed_17/bandpass_n20001_cV6_covariance_s20.npz,76568,abb560a839611af6758c68a5a3311783f0cf97c0a93aa5fae38c3758a7309ef2
resnet,electrode,17,bandpass_n20001_cV6_covariance_s15,phase2/results/predictions/full/electrode/resnet/seed_17/bandpass_n20001_cV6_covariance_s15.npz,76545,105f92a073763953cb8080febec9f783c4cc55bf002900cd49e73abbee19d21f
resnet,electrode,17,bandpass_n20001_cV6_covariance_s10,phase2/results/predictions/full/electrode/resnet/seed_17/bandpass_n20001_cV6_covariance_s10.npz,76539,83bdc6123bcd3279eaf48806e676497a02abca978112d4b511f962304905057d
resnet,electrode,17,bandpass_n20001_cV6_covariance_s5,phase2/results/predictions/full/electrode/resnet/seed_17/bandpass_n20001_cV6_covariance_s5.npz,76385,2f4b4085f80192be4d7727edc2074aacf8380d006269fcbf2a42c7c93d094bd4
resnet,electrode,17,bandpass_n20001_cV6_covariance_s0,phase2/results/predictions/full/electrode/resnet/seed_17/bandpass_n20001_cV6_covariance_s0.npz,76087,8cdb332b7d6c08d4c3e5bc094122f5198907e4b58880dc2c12198b43c63c2e89
resnet,electrode,17,bandpass_n20001_cRA_LA_independent_rms_s20,phase2/results/predictions/full/electrode/resnet/seed_17/bandpass_n20001_cRA_LA_independent_rms_s20.npz,76589,06049699bf71b7f63c9b759126d598fb8615d860bffc074118e2a03d6aa13fde
resnet,electrode,17,bandpass_n20001_cRA_LA_independent_rms_s15,phase2/results/predictions/full/electrode/resnet/seed_17/bandpass_n20001_cRA_LA_independent_rms_s15.npz,76581,54a736764bde8db291f6eb50449ff874e43e0c2daab918f47271f39e5287ac4c
resnet,electrode,17,bandpass_n20001_cRA_LA_independent_rms_s10,phase2/results/predictions/full/electrode/resnet/seed_17/bandpass_n20001_cRA_LA_independent_rms_s10.npz,76557,a194dc7c4060ad542b02098991e89fdcde89f697947ee69b1b7932a0c545c7f9
resnet,electrode,17,bandpass_n20001_cRA_LA_independent_rms_s5,phase2/results/predictions/full/electrode/resnet/seed_17/bandpass_n20001_cRA_LA_independent_rms_s5.npz,76411,7069ab4bd339de6bd68c9a55e99c5a37d4850b151a7180d3c39185822e7f6303
resnet,electrode,17,bandpass_n20001_cRA_LA_independent_rms_s0,phase2/results/predictions/full/electrode/resnet/seed_17/bandpass_n20001_cRA_LA_independent_rms_s0.npz,76199,f17c51aeaa1bc031e183f0cea876c7164d858ee5f8850b9b5f83084b21a16274
resnet,electrode,17,bandpass_n20001_cRA_LA_electrode_s20,phase2/results/predictions/full/electrode/resnet/seed_17/bandpass_n20001_cRA_LA_electrode_s20.npz,76558,ed5277759c9ec7e7af3e6ace33a7b23079324b46fa2273130c982de564c4e568
resnet,electrode,17,bandpass_n20001_cRA_LA_electrode_s15,phase2/results/predictions/full/electrode/resnet/seed_17/bandpass_n20001_cRA_LA_electrode_s15.npz,76554,6180ee54516a900c93aa13bdf3a60e6f85541c9c1e72c72db76d6fb77f835b0d
resnet,electrode,17,bandpass_n20001_cRA_LA_electrode_s10,phase2/results/predictions/full/electrode/resnet/seed_17/bandpass_n20001_cRA_LA_electrode_s10.npz,76460,7ae27380271ef4a3fa257ffe34e783d67ef0b1a66670297fcf24680939716bcc
resnet,electrode,17,bandpass_n20001_cRA_LA_electrode_s5,phase2/results/predictions/full/electrode/resnet/seed_17/bandpass_n20001_cRA_LA_electrode_s5.npz,76290,ff9bcd75b4d517825a076abbd4d4b06ab2499fd722862ab98240b64121cf4b5a
resnet,electrode,17,bandpass_n20001_cRA_LA_electrode_s0,phase2/results/predictions/full/electrode/resnet/seed_17/bandpass_n20001_cRA_LA_electrode_s0.npz,76014,464ae681aa5422af96c73de3b50c50e7a55b85249ed342d18442f88aab557196
resnet,electrode,17,bandpass_n20001_cRA_LA_covariance_s20,phase2/results/predictions/full/electrode/resnet/seed_17/bandpass_n20001_cRA_LA_covariance_s20.npz,76587,1eeb8ca649cf79137b71cddf8d59b3398176a326b9b35e80cbcb5a6a92487740
resnet,electrode,17,bandpass_n20001_cRA_LA_covariance_s15,phase2/results/predictions/full/electrode/resnet/seed_17/bandpass_n20001_cRA_LA_covariance_s15.npz,76545,3071bad87ccbd446237030e2b1b3f3c301d63e9f9a285bd730c9e8d0a6b6104a
resnet,electrode,17,bandpass_n20001_cRA_LA_covariance_s10,phase2/results/predictions/full/electrode/resnet/seed_17/bandpass_n20001_cRA_LA_covariance_s10.npz,76505,e66cd999758a5f5662cebc8df24021b55b3bf3cdb49661a87ef796f7194beabc
resnet,electrode,17,bandpass_n20001_cRA_LA_covariance_s5,phase2/results/predictions/full/electrode/resnet/seed_17/bandpass_n20001_cRA_LA_covariance_s5.npz,76277,5687ebd7743e5b9438b63cf6645c96b9888035c79377a9d3222d7686d17318d8
resnet,electrode,17,bandpass_n20001_cRA_LA_covariance_s0,phase2/results/predictions/full/electrode/resnet/seed_17/bandpass_n20001_cRA_LA_covariance_s0.npz,76023,2edc50623b1d6bd4e3d90ee5f2a5888c2f4104f569d35593591f3c15ff1059a2
resnet,electrode,17,bandpass_n20001_cLA_LL_independent_rms_s20,phase2/results/predictions/full/electrode/resnet/seed_17/bandpass_n20001_cLA_LL_independent_rms_s20.npz,76601,862f6424b5f3f687abb4d9ceebf90c89b983f1db1a86628d0c54c36391812269
resnet,electrode,17,bandpass_n20001_cLA_LL_independent_rms_s15,phase2/results/predictions/full/electrode/resnet/seed_17/bandpass_n20001_cLA_LL_independent_rms_s15.npz,76562,2aedcbdd30dda8e185cb204a21b5f22d22befc846dec5921611fac4adf968980
resnet,electrode,17,bandpass_n20001_cLA_LL_independent_rms_s10,phase2/results/predictions/full/electrode/resnet/seed_17/bandpass_n20001_cLA_LL_independent_rms_s10.npz,76599,baeb41590440ea9d4547fa0ddeb3d587cf57375d9feb64ef15fb9ae92bafdbb2
resnet,electrode,17,bandpass_n20001_cLA_LL_independent_rms_s5,phase2/results/predictions/full/electrode/resnet/seed_17/bandpass_n20001_cLA_LL_independent_rms_s5.npz,76353,970b45e8fb7b4ca1d8553b1176679f3cf8f98c599639115794aa3c089f39019d
resnet,electrode,17,bandpass_n20001_cLA_LL_independent_rms_s0,phase2/results/predictions/full/electrode/resnet/seed_17/bandpass_n20001_cLA_LL_independent_rms_s0.npz,76138,c6d4d0eacc73fa8d2758c20476058e33f77f97414d48d11eeb8b2a1c7a516d61
resnet,electrode,17,bandpass_n20001_cLA_LL_electrode_s20,phase2/results/predictions/full/electrode/resnet/seed_17/bandpass_n20001_cLA_LL_electrode_s20.npz,76588,26f79f206e2b1260ba37929b74aeaa86c9f49e27475a9db656144493beed6eb7
resnet,electrode,17,bandpass_n20001_cLA_LL_electrode_s15,phase2/results/predictions/full/electrode/resnet/seed_17/bandpass_n20001_cLA_LL_electrode_s15.npz,76569,86c4c2358a3395e86bbb4c5ecd88f828c12cad8dd3ddc95b55c54186d486fd83
resnet,electrode,17,bandpass_n20001_cLA_LL_electrode_s10,phase2/results/predictions/full/electrode/resnet/seed_17/bandpass_n20001_cLA_LL_electrode_s10.npz,76507,06778aca6269aa6a44a45a52d6ea89cb2c37bea7a68562bfd72835554f5d5a2d
resnet,electrode,17,bandpass_n20001_cLA_LL_electrode_s5,phase2/results/predictions/full/electrode/resnet/seed_17/bandpass_n20001_cLA_LL_electrode_s5.npz,76256,90f648d9dee0a87c603d4167e6385c6dc942865933fe0dcecf56710460ad8ecf
resnet,electrode,17,bandpass_n20001_cLA_LL_electrode_s0,phase2/results/predictions/full/electrode/resnet/seed_17/bandpass_n20001_cLA_LL_electrode_s0.npz,75868,0d57cf8c4f70c23a54ec54dbd81835eabc6bb3a7fdfec08421cfa11ac2cced45
resnet,electrode,17,bandpass_n20001_cLA_LL_covariance_s20,phase2/results/predictions/full/electrode/resnet/seed_17/bandpass_n20001_cLA_LL_covariance_s20.npz,76549,b221e89d77b299fc3c429197fb16bc868dc5e6a2b7f4f798b5f254b7eb612df0
resnet,electrode,17,bandpass_n20001_cLA_LL_covariance_s15,phase2/results/predictions/full/electrode/resnet/seed_17/bandpass_n20001_cLA_LL_covariance_s15.npz,76535,f8e1add380c73cecabeaab4798701dca7bde675b6f131261458b3724354cfa6b
resnet,electrode,17,bandpass_n20001_cLA_LL_covariance_s10,phase2/results/predictions/full/electrode/resnet/seed_17/bandpass_n20001_cLA_LL_covariance_s10.npz,76480,0e0d847100803a0405b3db5ac272d62452b5cde2537ccfb4a7168822c50f0707
resnet,electrode,17,bandpass_n20001_cLA_LL_covariance_s5,phase2/results/predictions/full/electrode/resnet/seed_17/bandpass_n20001_cLA_LL_covariance_s5.npz,76273,57bf9eceb909eda3826277b6b956c3e437e28c311ccf225b8cd5bbb8585fac89
resnet,electrode,17,bandpass_n20001_cLA_LL_covariance_s0,phase2/results/predictions/full/electrode/resnet/seed_17/bandpass_n20001_cLA_LL_covariance_s0.npz,75899,c98659c2d9f8f1665ca2396711e3414a6e05ae7d9373d50199dca8a37294c0e0
resnet,electrode,17,bandpass_n20001_cRA_LL_independent_rms_s20,phase2/results/predictions/full/electrode/resnet/seed_17/bandpass_n20001_cRA_LL_independent_rms_s20.npz,76586,491a1d93f0fe519a8ee3eda129de14a22bc07cf332deaa4ff32670d97e65d0b0
resnet,electrode,17,bandpass_n20001_cRA_LL_independent_rms_s15,phase2/results/predictions/full/electrode/resnet/seed_17/bandpass_n20001_cRA_LL_independent_rms_s15.npz,76578,9814d1a374e4e46da10d4f2fee6e0157ce31e87f01843620dfa823f951af99cf
resnet,electrode,17,bandpass_n20001_cRA_LL_independent_rms_s10,phase2/results/predictions/full/electrode/resnet/seed_17/bandpass_n20001_cRA_LL_independent_rms_s10.npz,76543,579dec52a21207284f00e987d14bbb90ecc9d90b91833b0967847c419280711c
resnet,electrode,17,bandpass_n20001_cRA_LL_independent_rms_s5,phase2/results/predictions/full/electrode/resnet/seed_17/bandpass_n20001_cRA_LL_independent_rms_s5.npz,76376,9b4e87ebed9ca0590f793ecfa6dca9740d9930a9389a9da095bbb49b38d42d4d
resnet,electrode,17,bandpass_n20001_cRA_LL_independent_rms_s0,phase2/results/predictions/full/electrode/resnet/seed_17/bandpass_n20001_cRA_LL_independent_rms_s0.npz,76149,f0141f63d3cf2871ac1a64f6137b3221ea67bd2d827d20432ff609a746661b32
resnet,electrode,17,bandpass_n20001_cRA_LL_electrode_s20,phase2/results/predictions/full/electrode/resnet/seed_17/bandpass_n20001_cRA_LL_electrode_s20.npz,76559,54e3126957056177d22f22fe66f937b6df06a003da0cbd04c700367243a6e36e
resnet,electrode,17,bandpass_n20001_cRA_LL_electrode_s15,phase2/results/predictions/full/electrode/resnet/seed_17/bandpass_n20001_cRA_LL_electrode_s15.npz,76537,cf3f0a7d02fc298b4c78de5ecdd9b1446c01e0021c6ec0f95445aea38dbc010a
resnet,electrode,17,bandpass_n20001_cRA_LL_electrode_s10,phase2/results/predictions/full/electrode/resnet/seed_17/bandpass_n20001_cRA_LL_electrode_s10.npz,76463,bf301c8aa2bb6c075883d12e1816f6a1bb048dcd137ac170f49052991ecc22b5
resnet,electrode,17,bandpass_n20001_cRA_LL_electrode_s5,phase2/results/predictions/full/electrode/resnet/seed_17/bandpass_n20001_cRA_LL_electrode_s5.npz,76256,75fe1e0fe0b19a1a8f44e54fe66faa06d75738e62f5e27742197c0150c04e8cd
resnet,electrode,17,bandpass_n20001_cRA_LL_electrode_s0,phase2/results/predictions/full/electrode/resnet/seed_17/bandpass_n20001_cRA_LL_electrode_s0.npz,75992,184ed0b6771000e8a863ba66383d6518a47f8caa9afbffcfb21f60bb260fda6f
resnet,electrode,17,bandpass_n20001_cRA_LL_covariance_s20,phase2/results/predictions/full/electrode/resnet/seed_17/bandpass_n20001_cRA_LL_covariance_s20.npz,76591,0fd6a4ebfea3dcb3098e298bbe2c51e8deae2ef2d61f4fc944df80014e9df45f
resnet,electrode,17,bandpass_n20001_cRA_LL_covariance_s15,phase2/results/predictions/full/electrode/resnet/seed_17/bandpass_n20001_cRA_LL_covariance_s15.npz,76555,225a747fee5bd95774f726c91016cc6a3e8706166c61a6a42e7813c4ddb6bc8d
resnet,electrode,17,bandpass_n20001_cRA_LL_covariance_s10,phase2/results/predictions/full/electrode/resnet/seed_17/bandpass_n20001_cRA_LL_covariance_s10.npz,76457,baef23b8bd4ff1dd24196c365bbd50c82578e1117dbc7a8b185642aa645060a0
resnet,electrode,17,bandpass_n20001_cRA_LL_covariance_s5,phase2/results/predictions/full/electrode/resnet/seed_17/bandpass_n20001_cRA_LL_covariance_s5.npz,76295,09bdd3cf451d2d86e92a8805439f423f73828da660942086455244cc7750a76b
resnet,electrode,17,bandpass_n20001_cRA_LL_covariance_s0,phase2/results/predictions/full/electrode/resnet/seed_17/bandpass_n20001_cRA_LL_covariance_s0.npz,75985,b35d544fcbc8545265dec792e63346078e6fafb4ee84ce23c66fac8701fdb9a6
resnet,electrode,17,bandpass_n20001_cRA_independent_rms_s20,phase2/results/predictions/full/electrode/resnet/seed_17/bandpass_n20001_cRA_independent_rms_s20.npz,76584,05560711d28f9cd5f2e5807f8282b1d3368840e903e94cd4b7a9794b3a54c5f6
resnet,electrode,17,bandpass_n20001_cRA_independent_rms_s15,phase2/results/predictions/full/electrode/resnet/seed_17/bandpass_n20001_cRA_independent_rms_s15.npz,76573,a50f5b3784a7bfc399978e00371011ed4a9f0c4a1d7f246dbe62acee95d46d9c
resnet,electrode,17,bandpass_n20001_cRA_independent_rms_s10,phase2/results/predictions/full/electrode/resnet/seed_17/bandpass_n20001_cRA_independent_rms_s10.npz,76550,e0bb36c479e6afc09ac43f041ff22a6ae6461de3f2b72bf96fb88a95f7bff628
resnet,electrode,17,bandpass_n20001_cRA_independent_rms_s5,phase2/results/predictions/full/electrode/resnet/seed_17/bandpass_n20001_cRA_independent_rms_s5.npz,76401,6380c045c9935097d8186d0cecf97e03ecc32972ca9164173dfaa360f042e4de
resnet,electrode,17,bandpass_n20001_cRA_independent_rms_s0,phase2/results/predictions/full/electrode/resnet/seed_17/bandpass_n20001_cRA_independent_rms_s0.npz,76175,49b6e18a16eb9c8e037fc05c460bd8c8de0475e0969c270812f3b8de30fc486e
resnet,electrode,17,bandpass_n20001_cRA_electrode_s20,phase2/results/predictions/full/electrode/resnet/seed_17/bandpass_n20001_cRA_electrode_s20.npz,76534,ed2f77fa63e9465924cd0ece9a06728ed723b361caa904dd440faf8d28d52d9e
resnet,electrode,17,bandpass_n20001_cRA_electrode_s15,phase2/results/predictions/full/electrode/resnet/seed_17/bandpass_n20001_cRA_electrode_s15.npz,76538,6ac8c8f15049c25c5ccfa985aba28c1345daac4e3a272377ecf16562f164f7e6
resnet,electrode,17,bandpass_n20001_cRA_electrode_s10,phase2/results/predictions/full/electrode/resnet/seed_17/bandpass_n20001_cRA_electrode_s10.npz,76483,66e3f271ef91babf1d3bc252d25601bd6572da06d7f48f5b4a3095bb5cfdc05d
resnet,electrode,17,bandpass_n20001_cRA_electrode_s5,phase2/results/predictions/full/electrode/resnet/seed_17/bandpass_n20001_cRA_electrode_s5.npz,76269,b1fde2593d1abab7f71e4653e78971adf799584f10635581181cc7600d2a187a
resnet,electrode,17,bandpass_n20001_cRA_electrode_s0,phase2/results/predictions/full/electrode/resnet/seed_17/bandpass_n20001_cRA_electrode_s0.npz,76105,b32cbc481cba319f3209383d3f4837db44662ebd6993d3f9a89149546d862c80
resnet,electrode,17,bandpass_n20001_cRA_covariance_s20,phase2/results/predictions/full/electrode/resnet/seed_17/bandpass_n20001_cRA_covariance_s20.npz,76586,ad76094cc137de18b8873c96a79a5dc5df96152529089284d92e5dd6aafee255
resnet,electrode,17,bandpass_n20001_cRA_covariance_s15,phase2/results/predictions/full/electrode/resnet/seed_17/bandpass_n20001_cRA_covariance_s15.npz,76528,c1e51b212b5d54979ec7f587b93858a4ead7fc60c075f2d17c3bd5e20c22d86c
resnet,electrode,17,bandpass_n20001_cRA_covariance_s10,phase2/results/predictions/full/electrode/resnet/seed_17/bandpass_n20001_cRA_covariance_s10.npz,76453,d5f312ee94d400d4d00ce41bd8c8746502ece605f79c7fb2a3bcc16e017c7c9a
resnet,electrode,17,bandpass_n20001_cRA_covariance_s5,phase2/results/predictions/full/electrode/resnet/seed_17/bandpass_n20001_cRA_covariance_s5.npz,76324,4d1f190eba0bc563fbfb3f2b8da34120f37f76669526f923ec20bbb4dd54cd98
resnet,electrode,17,bandpass_n20001_cRA_covariance_s0,phase2/results/predictions/full/electrode/resnet/seed_17/bandpass_n20001_cRA_covariance_s0.npz,76107,cb64a8890bb3af8b8a0957224ed424fd8e3be3a438e9d204ade63fc063c937da
resnet,electrode,17,bandpass_n20001_cLA_independent_rms_s20,phase2/results/predictions/full/electrode/resnet/seed_17/bandpass_n20001_cLA_independent_rms_s20.npz,76574,2c87698b9d6420fb710b558acd1a34a033718c4af9efaa714f68341f1b5b4bde
resnet,electrode,17,bandpass_n20001_cLA_independent_rms_s15,phase2/results/predictions/full/electrode/resnet/seed_17/bandpass_n20001_cLA_independent_rms_s15.npz,76573,51e8ca57e926b0b05c84ca3954f87dad63e99eae140e9eb019411212f84b506e
resnet,electrode,17,bandpass_n20001_cLA_independent_rms_s10,phase2/results/predictions/full/electrode/resnet/seed_17/bandpass_n20001_cLA_independent_rms_s10.npz,76506,c37e68cdd1aa3daa1f6c4ca48618fc6c00b3bb5a529f7a56d64b7e1eb552cb01
resnet,electrode,17,bandpass_n20001_cLA_independent_rms_s5,phase2/results/predictions/full/electrode/resnet/seed_17/bandpass_n20001_cLA_independent_rms_s5.npz,76399,0b4ac0712590ae64f8aff4440df3c7bc99d9022be70e541908bd3e20d702667c
resnet,electrode,17,bandpass_n20001_cLA_independent_rms_s0,phase2/results/predictions/full/electrode/resnet/seed_17/bandpass_n20001_cLA_independent_rms_s0.npz,76144,800cc14741a049a24be5a0d3f3a5b79d4f7c8cfc8f275d41ba4bd9a383084c8e
resnet,electrode,17,bandpass_n20001_cLA_electrode_s20,phase2/results/predictions/full/electrode/resnet/seed_17/bandpass_n20001_cLA_electrode_s20.npz,76554,7c49e32f796bd78f4f8c371bae628a6a163838453eb485df0dcf954c5258adea
resnet,electrode,17,bandpass_n20001_cLA_electrode_s15,phase2/results/predictions/full/electrode/resnet/seed_17/bandpass_n20001_cLA_electrode_s15.npz,76576,780963198b109d1e3a46767fcb684477c559221be7dc4d4e4469aa4301789b4e
resnet,electrode,17,bandpass_n20001_cLA_electrode_s10,phase2/results/predictions/full/electrode/resnet/seed_17/bandpass_n20001_cLA_electrode_s10.npz,76548,448bc26dd98fb1a4b1c1c49f921cda31612c265b3a819520e6374c9459b77418
resnet,electrode,17,bandpass_n20001_cLA_electrode_s5,phase2/results/predictions/full/electrode/resnet/seed_17/bandpass_n20001_cLA_electrode_s5.npz,76315,ceb6e4d79112c5f7a2677be57624f554444f037719a17393f3ab54f5c4190c8d
resnet,electrode,17,bandpass_n20001_cLA_electrode_s0,phase2/results/predictions/full/electrode/resnet/seed_17/bandpass_n20001_cLA_electrode_s0.npz,75869,72e4c5987a69c2c3d75ff249e87b56d539e4342ecfb0bf7d9c0d1502dc05ce9f
resnet,electrode,17,bandpass_n20001_cLA_covariance_s20,phase2/results/predictions/full/electrode/resnet/seed_17/bandpass_n20001_cLA_covariance_s20.npz,76548,1c0848d36a09878d41a790d8fc13f5ea5df376028458a56fd0014a79f89052ea
resnet,electrode,17,bandpass_n20001_cLA_covariance_s15,phase2/results/predictions/full/electrode/resnet/seed_17/bandpass_n20001_cLA_covariance_s15.npz,76558,2c6d2acd3c6856645b10998f5053d5491003b3709633231fa0c1c42fcda2c78d
resnet,electrode,17,bandpass_n20001_cLA_covariance_s10,phase2/results/predictions/full/electrode/resnet/seed_17/bandpass_n20001_cLA_covariance_s10.npz,76510,e8f373949310f5cb8a8c4c1603576b1fd9eeaa5da99c3f034abbf830c125c335
resnet,electrode,17,bandpass_n20001_cLA_covariance_s5,phase2/results/predictions/full/electrode/resnet/seed_17/bandpass_n20001_cLA_covariance_s5.npz,76317,451cc87aa0211ad3009786521d40244c11fd8a18462f42cea9f031a4ea4fd9ae
resnet,electrode,17,bandpass_n20001_cLA_covariance_s0,phase2/results/predictions/full/electrode/resnet/seed_17/bandpass_n20001_cLA_covariance_s0.npz,75935,d2309ec09c67ac82dc7746cd4a216a0dd6ae09a03d36f0831900820c5b28a215
resnet,electrode,17,bandpass_n20001_cLL_independent_rms_s20,phase2/results/predictions/full/electrode/resnet/seed_17/bandpass_n20001_cLL_independent_rms_s20.npz,76577,4d8090af70906b097eaca1317f8882d47ebcf48a392fe6e37e1e72b1fac877d5
resnet,electrode,17,bandpass_n20001_cLL_independent_rms_s15,phase2/results/predictions/full/electrode/resnet/seed_17/bandpass_n20001_cLL_independent_rms_s15.npz,76546,379aee64734f364de2fc298b51929b897a27f0966c4258f7439359f38ab94831
resnet,electrode,17,bandpass_n20001_cLL_independent_rms_s10,phase2/results/predictions/full/electrode/resnet/seed_17/bandpass_n20001_cLL_independent_rms_s10.npz,76523,8bef19e1358fc35be746d82b0112f1acf37be7231960a46b0339ea41a0ab333b
resnet,electrode,17,bandpass_n20001_cLL_independent_rms_s5,phase2/results/predictions/full/electrode/resnet/seed_17/bandpass_n20001_cLL_independent_rms_s5.npz,76393,352a6be1ff4cad3a36182250791af7d46de4b527ed72c579976f15ef0a5e7df4
resnet,electrode,17,bandpass_n20001_cLL_independent_rms_s0,phase2/results/predictions/full/electrode/resnet/seed_17/bandpass_n20001_cLL_independent_rms_s0.npz,76098,d3219a004d2533abc46ece4f65e719815b49c18cdb27be987f593c419a866265
resnet,electrode,17,bandpass_n20001_cLL_electrode_s20,phase2/results/predictions/full/electrode/resnet/seed_17/bandpass_n20001_cLL_electrode_s20.npz,76558,23f58b76c6e17853505cc94a7705f65045b1a952b59f9764014435dd6931a4bb
resnet,electrode,17,bandpass_n20001_cLL_electrode_s15,phase2/results/predictions/full/electrode/resnet/seed_17/bandpass_n20001_cLL_electrode_s15.npz,76566,950610795fa200fa8f30c7c8e085725b377b723ed8042756aa71e85c84c57879
resnet,electrode,17,bandpass_n20001_cLL_electrode_s10,phase2/results/predictions/full/electrode/resnet/seed_17/bandpass_n20001_cLL_electrode_s10.npz,76493,73934d504f356cdcc0fceb30b7d93517561dc1c267939cef1977271899d07d1f
resnet,electrode,17,bandpass_n20001_cLL_electrode_s5,phase2/results/predictions/full/electrode/resnet/seed_17/bandpass_n20001_cLL_electrode_s5.npz,76231,a4d422c9b445786296fb87bc8d31f55c10a7defc7b59a35e28a6dfee329d3bb2
resnet,electrode,17,bandpass_n20001_cLL_electrode_s0,phase2/results/predictions/full/electrode/resnet/seed_17/bandpass_n20001_cLL_electrode_s0.npz,75890,7044b5cd1586244de17d4add9a38e647917f6fe5473de5a772afafd0727feb26
resnet,electrode,17,bandpass_n20001_cLL_covariance_s20,phase2/results/predictions/full/electrode/resnet/seed_17/bandpass_n20001_cLL_covariance_s20.npz,76578,1621302ddc0e4bbc43c0358d6e2ac0d713ebb1d518c6d5bcbb2080acff449779
resnet,electrode,17,bandpass_n20001_cLL_covariance_s15,phase2/results/predictions/full/electrode/resnet/seed_17/bandpass_n20001_cLL_covariance_s15.npz,76555,66b74e20e10a0a07858ffbdc847eff6add571017870d017428c49e2bea9965f2
resnet,electrode,17,bandpass_n20001_cLL_covariance_s10,phase2/results/predictions/full/electrode/resnet/seed_17/bandpass_n20001_cLL_covariance_s10.npz,76475,10a83ca437d218b1f1107a9b0cece8a0cd2569707ae1bd484961badb73790398
resnet,electrode,17,bandpass_n20001_cLL_covariance_s5,phase2/results/predictions/full/electrode/resnet/seed_17/bandpass_n20001_cLL_covariance_s5.npz,76258,394c795c702043634b5d25d49230bb043fd7816362737be323c03ca4859d53c1
resnet,electrode,17,bandpass_n20001_cLL_covariance_s0,phase2/results/predictions/full/electrode/resnet/seed_17/bandpass_n20001_cLL_covariance_s0.npz,75893,99e069b315b1b2b085111d40efdf8acea19423ef91aacfde716532d734d8cc6d
resnet,electrode,17,bandpass_n20001_cRA_V1_independent_rms_s20,phase2/results/predictions/full/electrode/resnet/seed_17/bandpass_n20001_cRA_V1_independent_rms_s20.npz,76601,bdea4c7b7a75a4081cc8dba5c203e457546f90e5f2860aa1b3b1348b25386c87
resnet,electrode,17,bandpass_n20001_cRA_V1_independent_rms_s15,phase2/results/predictions/full/electrode/resnet/seed_17/bandpass_n20001_cRA_V1_independent_rms_s15.npz,76566,7b8b9bfa682215abf2c74c9423504e366be3b0aded48acc43d435e44caf22abe
resnet,electrode,17,bandpass_n20001_cRA_V1_independent_rms_s10,phase2/results/predictions/full/electrode/resnet/seed_17/bandpass_n20001_cRA_V1_independent_rms_s10.npz,76557,cde61570f8f665bb88f1a4c4efb1bd86dffd7921d7254352fe449628490ff302
resnet,electrode,17,bandpass_n20001_cRA_V1_independent_rms_s5,phase2/results/predictions/full/electrode/resnet/seed_17/bandpass_n20001_cRA_V1_independent_rms_s5.npz,76397,1d518076dd8572f05e6699ee31ac5d8f241917feb1311994cf5825854f749e71
resnet,electrode,17,bandpass_n20001_cRA_V1_independent_rms_s0,phase2/results/predictions/full/electrode/resnet/seed_17/bandpass_n20001_cRA_V1_independent_rms_s0.npz,76158,7171c68ab6eccd9df2ad2ca99ec378ffad763baff865da9cbb8785d50f4340c8
resnet,electrode,17,bandpass_n20001_cRA_V1_electrode_s20,phase2/results/predictions/full/electrode/resnet/seed_17/bandpass_n20001_cRA_V1_electrode_s20.npz,76588,32b54aa8b60577cd1bc89bc35bc431a1622740465051a1c8926e85723618c56c
resnet,electrode,17,bandpass_n20001_cRA_V1_electrode_s15,phase2/results/predictions/full/electrode/resnet/seed_17/bandpass_n20001_cRA_V1_electrode_s15.npz,76572,d67466b004f6e4e9881bd1c254e38dc629ad837cb3c91584a25e2fe46834a4e2
resnet,electrode,17,bandpass_n20001_cRA_V1_electrode_s10,phase2/results/predictions/full/electrode/resnet/seed_17/bandpass_n20001_cRA_V1_electrode_s10.npz,76428,1aff2ed45374d49cdb402f460f39cd6841bf6c42c1812e868cb9e5c86d772006
resnet,electrode,17,bandpass_n20001_cRA_V1_electrode_s5,phase2/results/predictions/full/electrode/resnet/seed_17/bandpass_n20001_cRA_V1_electrode_s5.npz,76353,4ffc576a4c78547fb25e998ffe15a7b4e6a12076db9517694a2faf034966af43
resnet,electrode,17,bandpass_n20001_cRA_V1_electrode_s0,phase2/results/predictions/full/electrode/resnet/seed_17/bandpass_n20001_cRA_V1_electrode_s0.npz,76116,896386d172011d314e496ccac6c4d6cf053bb8b81198296117d55cbf1da4243c
resnet,electrode,17,bandpass_n20001_cRA_V1_covariance_s20,phase2/results/predictions/full/electrode/resnet/seed_17/bandpass_n20001_cRA_V1_covariance_s20.npz,76589,9812c9ee1fe10cec43856214686abf4cd8513f66f28cefad44cfb4d999fb5177
resnet,electrode,17,bandpass_n20001_cRA_V1_covariance_s15,phase2/results/predictions/full/electrode/resnet/seed_17/bandpass_n20001_cRA_V1_covariance_s15.npz,76580,52cba68276d3d128d5136aa5d146406f4daf7adf8e652ac2586dfb14944fe1bc
resnet,electrode,17,bandpass_n20001_cRA_V1_covariance_s10,phase2/results/predictions/full/electrode/resnet/seed_17/bandpass_n20001_cRA_V1_covariance_s10.npz,76451,de92730f242d009d34c03e73e936f9ba77f781e07eb54d68c3fd7c1b8f39c817
resnet,electrode,17,bandpass_n20001_cRA_V1_covariance_s5,phase2/results/predictions/full/electrode/resnet/seed_17/bandpass_n20001_cRA_V1_covariance_s5.npz,76281,ac724c128435082c93690b5a88796f91e86ed0a1679c9c0742d6607d1eb74ea0
resnet,electrode,17,bandpass_n20001_cRA_V1_covariance_s0,phase2/results/predictions/full/electrode/resnet/seed_17/bandpass_n20001_cRA_V1_covariance_s0.npz,76141,1bb787edeac01cd1aa83e4155395c5b4670ea500cb520b864a3bdbb873546e2a
resnet,electrode,17,bandpass_n20001_cLA_V6_independent_rms_s20,phase2/results/predictions/full/electrode/resnet/seed_17/bandpass_n20001_cLA_V6_independent_rms_s20.npz,76562,8cda6c2ec17ff0723551fb0933fe9594e6dca0bc47fe5af254d6315ed63b3044
resnet,electrode,17,bandpass_n20001_cLA_V6_independent_rms_s15,phase2/results/predictions/full/electrode/resnet/seed_17/bandpass_n20001_cLA_V6_independent_rms_s15.npz,76587,1f3a2d920d0ecb25a24ff0e2c7196b3af0d4725da6f7b668633fdb2c187fe9f3
resnet,electrode,17,bandpass_n20001_cLA_V6_independent_rms_s10,phase2/results/predictions/full/electrode/resnet/seed_17/bandpass_n20001_cLA_V6_independent_rms_s10.npz,76507,0776317a88be882ac461543d0751b3c2b642742716c73e52c2abd703807f3cfb
resnet,electrode,17,bandpass_n20001_cLA_V6_independent_rms_s5,phase2/results/predictions/full/electrode/resnet/seed_17/bandpass_n20001_cLA_V6_independent_rms_s5.npz,76430,9af42f59cf8bdcf061ac086726c0ba0ccf6743c135cdd2290cca8714cfc85407
resnet,electrode,17,bandpass_n20001_cLA_V6_independent_rms_s0,phase2/results/predictions/full/electrode/resnet/seed_17/bandpass_n20001_cLA_V6_independent_rms_s0.npz,76164,4faef002c3bdadd7ccdc5a284aac33b52cc588245af9324591f90baa2b72eb55
resnet,electrode,17,bandpass_n20001_cLA_V6_electrode_s20,phase2/results/predictions/full/electrode/resnet/seed_17/bandpass_n20001_cLA_V6_electrode_s20.npz,76606,efcda2b60bc484a415071c7cd6ca7610dd50386afcfab4f0121fc0fb93edea48
resnet,electrode,17,bandpass_n20001_cLA_V6_electrode_s15,phase2/results/predictions/full/electrode/resnet/seed_17/bandpass_n20001_cLA_V6_electrode_s15.npz,76573,3c342a3992b3c0624ced941b23a63c0c24b1a9fdd0f4dafe9cfd9d8aa5c9e1b5
resnet,electrode,17,bandpass_n20001_cLA_V6_electrode_s10,phase2/results/predictions/full/electrode/resnet/seed_17/bandpass_n20001_cLA_V6_electrode_s10.npz,76531,1979296c49a6da412df73fd6aa8f3178aa5d0a924a84e43e6afd49f349b281e3
resnet,electrode,17,bandpass_n20001_cLA_V6_electrode_s5,phase2/results/predictions/full/electrode/resnet/seed_17/bandpass_n20001_cLA_V6_electrode_s5.npz,76329,87dd10d73bbbb6d1f882bb7d0d5acd218ba206dc533b679a48a7f5a7d0af43dd
resnet,electrode,17,bandpass_n20001_cLA_V6_electrode_s0,phase2/results/predictions/full/electrode/resnet/seed_17/bandpass_n20001_cLA_V6_electrode_s0.npz,75966,8b3ce4c099fa843c933d1c1fb260ace27f6bd89a75e948be03d106e539b470db
resnet,electrode,17,bandpass_n20001_cLA_V6_covariance_s20,phase2/results/predictions/full/electrode/resnet/seed_17/bandpass_n20001_cLA_V6_covariance_s20.npz,76574,2efcb11973efccc5f46071e5eb813e1b2f85b1dc1b181a010a905df7c8577794
resnet,electrode,17,bandpass_n20001_cLA_V6_covariance_s15,phase2/results/predictions/full/electrode/resnet/seed_17/bandpass_n20001_cLA_V6_covariance_s15.npz,76568,1f7a8f03e2ee005002c0dacb9208d1a2c4652ba24822935ec15c58254f0951f2
resnet,electrode,17,bandpass_n20001_cLA_V6_covariance_s10,phase2/results/predictions/full/electrode/resnet/seed_17/bandpass_n20001_cLA_V6_covariance_s10.npz,76536,61c0c7d5fc327f685e697d92b6fe7a37a1a83fcfdf593d4d24dd7b4fac475f14
resnet,electrode,17,bandpass_n20001_cLA_V6_covariance_s5,phase2/results/predictions/full/electrode/resnet/seed_17/bandpass_n20001_cLA_V6_covariance_s5.npz,76358,137b3eee939ed50c999fcb82974d61ef85a39791e3f8bf5ae35b8ea264477d24
resnet,electrode,17,bandpass_n20001_cLA_V6_covariance_s0,phase2/results/predictions/full/electrode/resnet/seed_17/bandpass_n20001_cLA_V6_covariance_s0.npz,75965,8ea0b026a165c41d7877ea7f2da1aa9b9ec72c03cfe6dc873b5dcb2fa25f30ad
resnet,electrode,17,bandpass_n20001_cLL_V4_independent_rms_s20,phase2/results/predictions/full/electrode/resnet/seed_17/bandpass_n20001_cLL_V4_independent_rms_s20.npz,76591,76287389ab534dc4f7cf292e5a2bf709626266a8c8f15996dbe2df7bc0c931d9
resnet,electrode,17,bandpass_n20001_cLL_V4_independent_rms_s15,phase2/results/predictions/full/electrode/resnet/seed_17/bandpass_n20001_cLL_V4_independent_rms_s15.npz,76574,7836101f4855de40b9dc4cfc2b1f7b66f3af85cd5f7d5b2e17216964ed5e4193
resnet,electrode,17,bandpass_n20001_cLL_V4_independent_rms_s10,phase2/results/predictions/full/electrode/resnet/seed_17/bandpass_n20001_cLL_V4_independent_rms_s10.npz,76544,356e453aee03e18502a7f8c01a8576b302939ff2b4063e5d5911d4771633ccbb
resnet,electrode,17,bandpass_n20001_cLL_V4_independent_rms_s5,phase2/results/predictions/full/electrode/resnet/seed_17/bandpass_n20001_cLL_V4_independent_rms_s5.npz,76389,cd66629c552d0f83d5a457c4ff76ffb63d8a6143e1b1353a8f18b17e77f5f963
resnet,electrode,17,bandpass_n20001_cLL_V4_independent_rms_s0,phase2/results/predictions/full/electrode/resnet/seed_17/bandpass_n20001_cLL_V4_independent_rms_s0.npz,76158,3795ad87004ea4805c28bad37a6878e2e4f5e389f39b0f88525c61cf24b52b57
resnet,electrode,17,bandpass_n20001_cLL_V4_electrode_s20,phase2/results/predictions/full/electrode/resnet/seed_17/bandpass_n20001_cLL_V4_electrode_s20.npz,76618,30ce50324bfa3eec99875560414c052c36ba4ccba849a26fd6096152ea7f8a2a
resnet,electrode,17,bandpass_n20001_cLL_V4_electrode_s15,phase2/results/predictions/full/electrode/resnet/seed_17/bandpass_n20001_cLL_V4_electrode_s15.npz,76552,7397b9233fcf034b8e85f00b24a687a0839e9c9e9eaf901c19bf4ee341373fc8
resnet,electrode,17,bandpass_n20001_cLL_V4_electrode_s10,phase2/results/predictions/full/electrode/resnet/seed_17/bandpass_n20001_cLL_V4_electrode_s10.npz,76485,d760bb10b776467696f536acfb0121bf9827f55186622feea14301d636d05eb8
resnet,electrode,17,bandpass_n20001_cLL_V4_electrode_s5,phase2/results/predictions/full/electrode/resnet/seed_17/bandpass_n20001_cLL_V4_electrode_s5.npz,76281,301993f1360315ffc2ea8f64793caa743314aa24dc08aeb7d2882692f32b100b
resnet,electrode,17,bandpass_n20001_cLL_V4_electrode_s0,phase2/results/predictions/full/electrode/resnet/seed_17/bandpass_n20001_cLL_V4_electrode_s0.npz,75965,f0ed8b046bca25aeb1f8f1a69712226215106cbb5934667318197d5afc364e80
resnet,electrode,17,bandpass_n20001_cLL_V4_covariance_s20,phase2/results/predictions/full/electrode/resnet/seed_17/bandpass_n20001_cLL_V4_covariance_s20.npz,76578,8adc6c2df94c01fe02cd5429a8f2ac047a5592f00087ffbc4b069e2c7bdd0b88
resnet,electrode,17,bandpass_n20001_cLL_V4_covariance_s15,phase2/results/predictions/full/electrode/resnet/seed_17/bandpass_n20001_cLL_V4_covariance_s15.npz,76603,2e085be762da7a2ae58c96a9dc39e4451e30731f0b69b81bb8279892a4bedea4
resnet,electrode,17,bandpass_n20001_cLL_V4_covariance_s10,phase2/results/predictions/full/electrode/resnet/seed_17/bandpass_n20001_cLL_V4_covariance_s10.npz,76488,607653b7353154f537e3e135f7cf58f4825845c217e74c61c98f75df5189f2a6
resnet,electrode,17,bandpass_n20001_cLL_V4_covariance_s5,phase2/results/predictions/full/electrode/resnet/seed_17/bandpass_n20001_cLL_V4_covariance_s5.npz,76344,9f0dfbf469a78ebcc16b99ebbe862493c2cb5399321e805652247d9e050d8181
resnet,electrode,17,bandpass_n20001_cLL_V4_covariance_s0,phase2/results/predictions/full/electrode/resnet/seed_17/bandpass_n20001_cLL_V4_covariance_s0.npz,75990,445595cbda111e8bf76294428409b2021c36187c4ac3b6aef10ee68a5e9a9ca2
resnet,electrode,17,bandpass_n20001_cRA_LA_V1_V6_independent_rms_s20,phase2/results/predictions/full/electrode/resnet/seed_17/bandpass_n20001_cRA_LA_V1_V6_independent_rms_s20.npz,76613,40d0ebb95fb7e30706b617c8f22821b0d41452fa69a57a528855fce01c93925f
resnet,electrode,17,bandpass_n20001_cRA_LA_V1_V6_independent_rms_s15,phase2/results/predictions/full/electrode/resnet/seed_17/bandpass_n20001_cRA_LA_V1_V6_independent_rms_s15.npz,76594,f73175acf733fea4938c00218529cf69dd260238ab9a60d9bb663aabf2d98897
resnet,electrode,17,bandpass_n20001_cRA_LA_V1_V6_independent_rms_s10,phase2/results/predictions/full/electrode/resnet/seed_17/bandpass_n20001_cRA_LA_V1_V6_independent_rms_s10.npz,76553,45988c2535a042eb5b991867491fedf880843214c9f2ca0f3955a9467c00630a
resnet,electrode,17,bandpass_n20001_cRA_LA_V1_V6_independent_rms_s5,phase2/results/predictions/full/electrode/resnet/seed_17/bandpass_n20001_cRA_LA_V1_V6_independent_rms_s5.npz,76437,27d48b980d8aefcc2ce0920cc1b3043bd4ad1f3a14bf0683194559bb9220874b
resnet,electrode,17,bandpass_n20001_cRA_LA_V1_V6_independent_rms_s0,phase2/results/predictions/full/electrode/resnet/seed_17/bandpass_n20001_cRA_LA_V1_V6_independent_rms_s0.npz,76165,62d85ff22bf07b5df39da3e34bf8f275da4244a427d879b82db59bc07e9b9b35
resnet,electrode,17,bandpass_n20001_cRA_LA_V1_V6_electrode_s20,phase2/results/predictions/full/electrode/resnet/seed_17/bandpass_n20001_cRA_LA_V1_V6_electrode_s20.npz,76608,c407ca00bea5246affc547bec2b678d59dc271e3e1b6f69d858fe58427634dd9
resnet,electrode,17,bandpass_n20001_cRA_LA_V1_V6_electrode_s15,phase2/results/predictions/full/electrode/resnet/seed_17/bandpass_n20001_cRA_LA_V1_V6_electrode_s15.npz,76592,59a6957500a48fd0b23dda3f59b4e32f63d489191d42d46a973d6f5fbe4c99a7
resnet,electrode,17,bandpass_n20001_cRA_LA_V1_V6_electrode_s10,phase2/results/predictions/full/electrode/resnet/seed_17/bandpass_n20001_cRA_LA_V1_V6_electrode_s10.npz,76508,c69f6a750d628b1f5e2802d47bf27e572ab4652b37966c2d92e337d09b77b928
resnet,electrode,17,bandpass_n20001_cRA_LA_V1_V6_electrode_s5,phase2/results/predictions/full/electrode/resnet/seed_17/bandpass_n20001_cRA_LA_V1_V6_electrode_s5.npz,76326,253a5a4c2fc7be9b1690de7ee8c58503ae108bc37a12b34e0a3103d2ba125a73
resnet,electrode,17,bandpass_n20001_cRA_LA_V1_V6_electrode_s0,phase2/results/predictions/full/electrode/resnet/seed_17/bandpass_n20001_cRA_LA_V1_V6_electrode_s0.npz,76056,5c341595482eb2f24116549ad7417bc0dca87cda280c609d4354f7451c766477
resnet,electrode,17,bandpass_n20001_cRA_LA_V1_V6_covariance_s20,phase2/results/predictions/full/electrode/resnet/seed_17/bandpass_n20001_cRA_LA_V1_V6_covariance_s20.npz,76606,b97153748fe02e9a1b479656d56936a2aa5f26c58a787e0991cffc9d75560872
resnet,electrode,17,bandpass_n20001_cRA_LA_V1_V6_covariance_s15,phase2/results/predictions/full/electrode/resnet/seed_17/bandpass_n20001_cRA_LA_V1_V6_covariance_s15.npz,76614,b3a50f4386bff64add3f29cfa51b3c6c72e0f78fc56353b94fa62cfca9054598
resnet,electrode,17,bandpass_n20001_cRA_LA_V1_V6_covariance_s10,phase2/results/predictions/full/electrode/resnet/seed_17/bandpass_n20001_cRA_LA_V1_V6_covariance_s10.npz,76473,818968bafeaca85a8b66c504ea3f0348ad12eb1941364d6f10c2b00818421746
resnet,electrode,17,bandpass_n20001_cRA_LA_V1_V6_covariance_s5,phase2/results/predictions/full/electrode/resnet/seed_17/bandpass_n20001_cRA_LA_V1_V6_covariance_s5.npz,76346,238001cf079bcecfbb4fb9e32748de2188b84370fd58c48dc3cd23764fdde1a7
resnet,electrode,17,bandpass_n20001_cRA_LA_V1_V6_covariance_s0,phase2/results/predictions/full/electrode/resnet/seed_17/bandpass_n20001_cRA_LA_V1_V6_covariance_s0.npz,76073,6544db61148751ecfbdf9898a59efe6a50262ec666df201f6b6090ef2f32e2c6
resnet,electrode,17,bandpass_n20001_cRA_V2_V5_independent_rms_s20,phase2/results/predictions/full/electrode/resnet/seed_17/bandpass_n20001_cRA_V2_V5_independent_rms_s20.npz,76590,327723fdee897eb13823900779c02b9f82178355532b09d271560a2ff793b8c7
resnet,electrode,17,bandpass_n20001_cRA_V2_V5_independent_rms_s15,phase2/results/predictions/full/electrode/resnet/seed_17/bandpass_n20001_cRA_V2_V5_independent_rms_s15.npz,76580,6d91406c74e6ad05be66361920dd00188ec80c85d68d2457ae61abae5943d3dc
resnet,electrode,17,bandpass_n20001_cRA_V2_V5_independent_rms_s10,phase2/results/predictions/full/electrode/resnet/seed_17/bandpass_n20001_cRA_V2_V5_independent_rms_s10.npz,76542,f59b6cd72cc96e7c9ce4d808934f6074fc971b61e5dab7ef21e597c32fbad412
resnet,electrode,17,bandpass_n20001_cRA_V2_V5_independent_rms_s5,phase2/results/predictions/full/electrode/resnet/seed_17/bandpass_n20001_cRA_V2_V5_independent_rms_s5.npz,76415,5649ba1bb01ff2f9fadb5065619499e0f7001e869b7b1f2c93f19cffe3ad3532
resnet,electrode,17,bandpass_n20001_cRA_V2_V5_independent_rms_s0,phase2/results/predictions/full/electrode/resnet/seed_17/bandpass_n20001_cRA_V2_V5_independent_rms_s0.npz,76170,cd542fc72f9ec5c481bf9adde8af5f0f49447c7d0c46f184967460614db40b5d
resnet,electrode,17,bandpass_n20001_cRA_V2_V5_electrode_s20,phase2/results/predictions/full/electrode/resnet/seed_17/bandpass_n20001_cRA_V2_V5_electrode_s20.npz,76590,60da9a347f069b2e7190a8e7d511f15f611deb8c6cc6cdd56d2a28d84654fdf0
resnet,electrode,17,bandpass_n20001_cRA_V2_V5_electrode_s15,phase2/results/predictions/full/electrode/resnet/seed_17/bandpass_n20001_cRA_V2_V5_electrode_s15.npz,76546,73f12431aafcb19c27bd116b4877216f118dd14a685506b4274157092403c9e7
resnet,electrode,17,bandpass_n20001_cRA_V2_V5_electrode_s10,phase2/results/predictions/full/electrode/resnet/seed_17/bandpass_n20001_cRA_V2_V5_electrode_s10.npz,76490,f6e3bed3e8268c8ac50dd8a2ea517beb7223e52dff3bd606715666a2a7d90f3f
resnet,electrode,17,bandpass_n20001_cRA_V2_V5_electrode_s5,phase2/results/predictions/full/electrode/resnet/seed_17/bandpass_n20001_cRA_V2_V5_electrode_s5.npz,76324,edd517ce8da3d5828c9f71263ad900ace66bba0ce29c8ae12633b3782868a19e
resnet,electrode,17,bandpass_n20001_cRA_V2_V5_electrode_s0,phase2/results/predictions/full/electrode/resnet/seed_17/bandpass_n20001_cRA_V2_V5_electrode_s0.npz,76147,48e85ca3f8a9435ffcdb7c6f706aee4c3d7e210f497e362da5c463c95e2fdb81
resnet,electrode,17,bandpass_n20001_cRA_V2_V5_covariance_s20,phase2/results/predictions/full/electrode/resnet/seed_17/bandpass_n20001_cRA_V2_V5_covariance_s20.npz,76591,0d947faae3df6aa66263f989b2cbef546e997c2b9284a64d6de05797375526fe
resnet,electrode,17,bandpass_n20001_cRA_V2_V5_covariance_s15,phase2/results/predictions/full/electrode/resnet/seed_17/bandpass_n20001_cRA_V2_V5_covariance_s15.npz,76557,1e0c7cbcd6b5ad0270fd1c44755b40b284c30c0baf88cbf054d5d98746b1ca7e
resnet,electrode,17,bandpass_n20001_cRA_V2_V5_covariance_s10,phase2/results/predictions/full/electrode/resnet/seed_17/bandpass_n20001_cRA_V2_V5_covariance_s10.npz,76484,0f14e213f9e4cab45c2b360a5991a5ebc44befff00381fd65251f777e7b46779
resnet,electrode,17,bandpass_n20001_cRA_V2_V5_covariance_s5,phase2/results/predictions/full/electrode/resnet/seed_17/bandpass_n20001_cRA_V2_V5_covariance_s5.npz,76314,b3eddf41818d663ab4fe3b0fa73cf3fafe49a42ee3914a7f49fce5e7eb2eb4db
resnet,electrode,17,bandpass_n20001_cRA_V2_V5_covariance_s0,phase2/results/predictions/full/electrode/resnet/seed_17/bandpass_n20001_cRA_V2_V5_covariance_s0.npz,76152,dbf8528fb0b9e002fce48edb2c627ea622a51f7e3bc4ec4c7a3f114e1704e857
resnet,electrode,17,bandpass_n20001_cLA_V3_V6_independent_rms_s20,phase2/results/predictions/full/electrode/resnet/seed_17/bandpass_n20001_cLA_V3_V6_independent_rms_s20.npz,76579,6c185bed4a5af75802afe0a3c2f3cf4e31558d22b182dd491747a539f6c24929
resnet,electrode,17,bandpass_n20001_cLA_V3_V6_independent_rms_s15,phase2/results/predictions/full/electrode/resnet/seed_17/bandpass_n20001_cLA_V3_V6_independent_rms_s15.npz,76590,1fc4f956526d6e66a5a8397119e1a3f9afafa4d15b7c68ff93dbb93af3bd2d6e
resnet,electrode,17,bandpass_n20001_cLA_V3_V6_independent_rms_s10,phase2/results/predictions/full/electrode/resnet/seed_17/bandpass_n20001_cLA_V3_V6_independent_rms_s10.npz,76559,c731d385ebeb411e75169b8cb5e53d5f4313ecee802d0de405bfc3e30ee3a4d7
resnet,electrode,17,bandpass_n20001_cLA_V3_V6_independent_rms_s5,phase2/results/predictions/full/electrode/resnet/seed_17/bandpass_n20001_cLA_V3_V6_independent_rms_s5.npz,76432,e14858cc79a2506331d9dd6cf377c904d1b8e33a2f42d3d99679f2e864780024
resnet,electrode,17,bandpass_n20001_cLA_V3_V6_independent_rms_s0,phase2/results/predictions/full/electrode/resnet/seed_17/bandpass_n20001_cLA_V3_V6_independent_rms_s0.npz,76153,7a6d572a6394dacb7fb19cde5380002bf13de6ba17a97e0ea98afe6d2a1154e7
resnet,electrode,17,bandpass_n20001_cLA_V3_V6_electrode_s20,phase2/results/predictions/full/electrode/resnet/seed_17/bandpass_n20001_cLA_V3_V6_electrode_s20.npz,76593,5697665b353d10c771321e134ef121d24c433cbf710d83ac1f80bb0305067355
resnet,electrode,17,bandpass_n20001_cLA_V3_V6_electrode_s15,phase2/results/predictions/full/electrode/resnet/seed_17/bandpass_n20001_cLA_V3_V6_electrode_s15.npz,76586,2303f48d4f1e518df3c99a15e7dbb65933447cb9fcb70bf505350618aa20388a
resnet,electrode,17,bandpass_n20001_cLA_V3_V6_electrode_s10,phase2/results/predictions/full/electrode/resnet/seed_17/bandpass_n20001_cLA_V3_V6_electrode_s10.npz,76540,af280e1702fad600054798c19bd2ac8b0fe75c7c09083eaf06a80c2b1768603c
resnet,electrode,17,bandpass_n20001_cLA_V3_V6_electrode_s5,phase2/results/predictions/full/electrode/resnet/seed_17/bandpass_n20001_cLA_V3_V6_electrode_s5.npz,76356,5f8a73257829fd633a74822c445b26e27f286d0ffa80c3bfd00b4251992c6fa0
resnet,electrode,17,bandpass_n20001_cLA_V3_V6_electrode_s0,phase2/results/predictions/full/electrode/resnet/seed_17/bandpass_n20001_cLA_V3_V6_electrode_s0.npz,76011,3c0f5bf9401040c0ddfc3bd6317bbc72e53d6608cc6bf6db7eb56993d96ce361
resnet,electrode,17,bandpass_n20001_cLA_V3_V6_covariance_s20,phase2/results/predictions/full/electrode/resnet/seed_17/bandpass_n20001_cLA_V3_V6_covariance_s20.npz,76587,0fb575e0ab249c16b5e52cf382000226058bf4c45b41bf94cadad26803fc5182
resnet,electrode,17,bandpass_n20001_cLA_V3_V6_covariance_s15,phase2/results/predictions/full/electrode/resnet/seed_17/bandpass_n20001_cLA_V3_V6_covariance_s15.npz,76581,ae6e40f85c966ab5d2fdfb845a6392952a0134beebd79a85164b7254e0a63b95
resnet,electrode,17,bandpass_n20001_cLA_V3_V6_covariance_s10,phase2/results/predictions/full/electrode/resnet/seed_17/bandpass_n20001_cLA_V3_V6_covariance_s10.npz,76555,30f737469cf5fb07de13b97e5cc888e794455186d1c3377470909d7492417aad
resnet,electrode,17,bandpass_n20001_cLA_V3_V6_covariance_s5,phase2/results/predictions/full/electrode/resnet/seed_17/bandpass_n20001_cLA_V3_V6_covariance_s5.npz,76391,352959bd14290f5800f8d8ec05d7d82a83873094949634fbc0d4d6e06ebd4051
resnet,electrode,17,bandpass_n20001_cLA_V3_V6_covariance_s0,phase2/results/predictions/full/electrode/resnet/seed_17/bandpass_n20001_cLA_V3_V6_covariance_s0.npz,76021,05abe508e587703ec990d0fff66f792b11c82d7f9b5664cbd6e82c30dc1055bb
resnet,electrode,17,bandpass_n20001_cLL_V1_V4_independent_rms_s20,phase2/results/predictions/full/electrode/resnet/seed_17/bandpass_n20001_cLL_V1_V4_independent_rms_s20.npz,76625,e6c9b6ecccee0c0ca144d9463aade06dec2eea5e8cb11642c0953dd40b07a55c
resnet,electrode,17,bandpass_n20001_cLL_V1_V4_independent_rms_s15,phase2/results/predictions/full/electrode/resnet/seed_17/bandpass_n20001_cLL_V1_V4_independent_rms_s15.npz,76591,74a90807ed37ea8575f16178cc55134ff4d2806ef37fa3fd0c08d960c3ab4e95
resnet,electrode,17,bandpass_n20001_cLL_V1_V4_independent_rms_s10,phase2/results/predictions/full/electrode/resnet/seed_17/bandpass_n20001_cLL_V1_V4_independent_rms_s10.npz,76518,8d7425470b4daef47845c92e3c6decbcf0e0a2938d7d040ae20927745843ab7c
resnet,electrode,17,bandpass_n20001_cLL_V1_V4_independent_rms_s5,phase2/results/predictions/full/electrode/resnet/seed_17/bandpass_n20001_cLL_V1_V4_independent_rms_s5.npz,76379,01accd039caa67c15e9445c43b487be8afa0fb0e1f89bb4b83aa05ddcfad25d8
resnet,electrode,17,bandpass_n20001_cLL_V1_V4_independent_rms_s0,phase2/results/predictions/full/electrode/resnet/seed_17/bandpass_n20001_cLL_V1_V4_independent_rms_s0.npz,76148,a951074ef753060d96333017aaf494d368b2a1b5d891d1cb69519f90e6de46d4
resnet,electrode,17,bandpass_n20001_cLL_V1_V4_electrode_s20,phase2/results/predictions/full/electrode/resnet/seed_17/bandpass_n20001_cLL_V1_V4_electrode_s20.npz,76601,cada4b63b443b092ac7cd032b9b32b0026a4abef0397f33a2ea47296b78245b1
resnet,electrode,17,bandpass_n20001_cLL_V1_V4_electrode_s15,phase2/results/predictions/full/electrode/resnet/seed_17/bandpass_n20001_cLL_V1_V4_electrode_s15.npz,76566,6bcf93a746f6624810f8cb0044e42689fd27b696fecc7627d917569f2dde31ab
resnet,electrode,17,bandpass_n20001_cLL_V1_V4_electrode_s10,phase2/results/predictions/full/electrode/resnet/seed_17/bandpass_n20001_cLL_V1_V4_electrode_s10.npz,76523,9999b69384ba5884e1666db73672b5c9c7fce03b4f69c2ea749e0dfbdd1796b5
resnet,electrode,17,bandpass_n20001_cLL_V1_V4_electrode_s5,phase2/results/predictions/full/electrode/resnet/seed_17/bandpass_n20001_cLL_V1_V4_electrode_s5.npz,76325,9f6b572610dc2df3d70be3274608cf8d01844ab1e211888f11329e7a2a25750b
resnet,electrode,17,bandpass_n20001_cLL_V1_V4_electrode_s0,phase2/results/predictions/full/electrode/resnet/seed_17/bandpass_n20001_cLL_V1_V4_electrode_s0.npz,75993,8e5ab025a31e1d4fd10048520ec6eeb6d7e89230f3250a98153fedfc19c17a42
resnet,electrode,17,bandpass_n20001_cLL_V1_V4_covariance_s20,phase2/results/predictions/full/electrode/resnet/seed_17/bandpass_n20001_cLL_V1_V4_covariance_s20.npz,76586,29b269ea548c7965e403e7e2a8d347e87e47ddf567745ccd2387fe09bed29891
resnet,electrode,17,bandpass_n20001_cLL_V1_V4_covariance_s15,phase2/results/predictions/full/electrode/resnet/seed_17/bandpass_n20001_cLL_V1_V4_covariance_s15.npz,76578,9878ee8417cc088df3a9c59f41744cf4955dd53ad23edf891cd06275d3e6cce6
resnet,electrode,17,bandpass_n20001_cLL_V1_V4_covariance_s10,phase2/results/predictions/full/electrode/resnet/seed_17/bandpass_n20001_cLL_V1_V4_covariance_s10.npz,76538,d26816e2c51ccb2dd47d34d92e8caeb710e7fb3656582934b9786ab43a48ef4c
resnet,electrode,17,bandpass_n20001_cLL_V1_V4_covariance_s5,phase2/results/predictions/full/electrode/resnet/seed_17/bandpass_n20001_cLL_V1_V4_covariance_s5.npz,76347,f777b095dbfe6919fb558753fba77f93dd95ebc86e9cb5fe7e6c17693bcac45c
resnet,electrode,17,bandpass_n20001_cLL_V1_V4_covariance_s0,phase2/results/predictions/full/electrode/resnet/seed_17/bandpass_n20001_cLL_V1_V4_covariance_s0.npz,76007,6ebc86c008a95786b844567bea097bc04e27017681fbc04488639791ed77054f
resnet,electrode,17,bandpass_n20001_call_independent_rms_s20,phase2/results/predictions/full/electrode/resnet/seed_17/bandpass_n20001_call_independent_rms_s20.npz,76579,e3692707cba57cd878ae3ef6b97b2744babcf23a0a0418ea8163ff66b15cc99d
resnet,electrode,17,bandpass_n20001_call_independent_rms_s15,phase2/results/predictions/full/electrode/resnet/seed_17/bandpass_n20001_call_independent_rms_s15.npz,76530,375f8ff052d440170a2782373a0715ee60bb1df9c74eb4ca3c52fabf679c6d0a
resnet,electrode,17,bandpass_n20001_call_independent_rms_s10,phase2/results/predictions/full/electrode/resnet/seed_17/bandpass_n20001_call_independent_rms_s10.npz,76553,3944ba6898fe6cdc22bdc9376a59bf7a263fefb5613477762e182b8410e7ae2b
resnet,electrode,17,bandpass_n20001_call_independent_rms_s5,phase2/results/predictions/full/electrode/resnet/seed_17/bandpass_n20001_call_independent_rms_s5.npz,76414,4bdbb06b35bdd42adacf5139a5c04d0becd963d128389f60cfb059886c52be1b
resnet,electrode,17,bandpass_n20001_call_independent_rms_s0,phase2/results/predictions/full/electrode/resnet/seed_17/bandpass_n20001_call_independent_rms_s0.npz,76136,34015a93aac5def4c9b98d4bfb8d109a2434b5a54daba9404493488abe066a72
resnet,electrode,17,bandpass_n20001_call_electrode_s20,phase2/results/predictions/full/electrode/resnet/seed_17/bandpass_n20001_call_electrode_s20.npz,76576,3c249b95b1dc648cb9d72cd6d6b9b976d7baa4d9d6ce7f7e42341df9404ad831
resnet,electrode,17,bandpass_n20001_call_electrode_s15,phase2/results/predictions/full/electrode/resnet/seed_17/bandpass_n20001_call_electrode_s15.npz,76579,abc729a0197337e0c7cc99e9fa4378c7fda228544368e7b347cbaf7674990773
resnet,electrode,17,bandpass_n20001_call_electrode_s10,phase2/results/predictions/full/electrode/resnet/seed_17/bandpass_n20001_call_electrode_s10.npz,76476,26888325a863670d6bd8ab13cb7f99da15da02077006f9127a947510b5422999
resnet,electrode,17,bandpass_n20001_call_electrode_s5,phase2/results/predictions/full/electrode/resnet/seed_17/bandpass_n20001_call_electrode_s5.npz,76264,2a76947afbe730e7ed90fe3439ce2b88da47d0ecacb36bc0a60ea84a01b664da
resnet,electrode,17,bandpass_n20001_call_electrode_s0,phase2/results/predictions/full/electrode/resnet/seed_17/bandpass_n20001_call_electrode_s0.npz,76023,2262f8ed571e429762ba38637ad33088e42e592320eba201df72091acf1afcc5
resnet,electrode,17,bandpass_n20001_call_covariance_s20,phase2/results/predictions/full/electrode/resnet/seed_17/bandpass_n20001_call_covariance_s20.npz,76578,caf9a98d919ca432f88d90b0ca9a0a500354b869f7f7cc00fbc7cc86ceb9ccbf
resnet,electrode,17,bandpass_n20001_call_covariance_s15,phase2/results/predictions/full/electrode/resnet/seed_17/bandpass_n20001_call_covariance_s15.npz,76540,9c2f055a79330f05557daaf3cad3811b89e5b32413cc098935be8d870c133596
resnet,electrode,17,bandpass_n20001_call_covariance_s10,phase2/results/predictions/full/electrode/resnet/seed_17/bandpass_n20001_call_covariance_s10.npz,76484,e843e567ccc8872f5f6eb4cb36f20c56b20ea5bec7ad72ad1c54f0824dfa170a
resnet,electrode,17,bandpass_n20001_call_covariance_s5,phase2/results/predictions/full/electrode/resnet/seed_17/bandpass_n20001_call_covariance_s5.npz,76299,f91717dded315a084918b89bcfd7e4e8557b52fe76b56d9ea0d14e08e4f6f39d
resnet,electrode,17,bandpass_n20001_call_covariance_s0,phase2/results/predictions/full/electrode/resnet/seed_17/bandpass_n20001_call_covariance_s0.npz,75999,e0240728ff8d4e14719fd9a2cff13608155f40b24c6d31f9d00edf4e0959995d
resnet,electrode,17,bandpass_n20002_cRA_LA_LL_independent_rms_s20,phase2/results/predictions/full/electrode/resnet/seed_17/bandpass_n20002_cRA_LA_LL_independent_rms_s20.npz,76604,68d51a6b479b971269e33fc20a9aebd5cd9e4ab964928cd8131518656c2dd0e0
resnet,electrode,17,bandpass_n20002_cRA_LA_LL_independent_rms_s15,phase2/results/predictions/full/electrode/resnet/seed_17/bandpass_n20002_cRA_LA_LL_independent_rms_s15.npz,76569,48fd2a884f25b5d1de76b1f681c70b02aa2d206d6f52a4a832008383d2b02902
resnet,electrode,17,bandpass_n20002_cRA_LA_LL_independent_rms_s10,phase2/results/predictions/full/electrode/resnet/seed_17/bandpass_n20002_cRA_LA_LL_independent_rms_s10.npz,76539,5e71f0e53def0d111b1bd1b3f45116e4a485e28de18eac6052dccc153e1a221e
resnet,electrode,17,bandpass_n20002_cRA_LA_LL_independent_rms_s5,phase2/results/predictions/full/electrode/resnet/seed_17/bandpass_n20002_cRA_LA_LL_independent_rms_s5.npz,76378,27b5e491346bdc68375bb18a83a7c9c1dbf8c65403a687963392439d3f763a5a
resnet,electrode,17,bandpass_n20002_cRA_LA_LL_independent_rms_s0,phase2/results/predictions/full/electrode/resnet/seed_17/bandpass_n20002_cRA_LA_LL_independent_rms_s0.npz,76148,9ac3f55fc269dfaab9e479fc3fd72e5b83767e7312459ef75ed77bce057345bf
resnet,electrode,17,bandpass_n20002_cRA_LA_LL_electrode_s20,phase2/results/predictions/full/electrode/resnet/seed_17/bandpass_n20002_cRA_LA_LL_electrode_s20.npz,76573,cb3813a1ea89c0d2b873f3208e2c7048df4d7cbcfa189245d64d96bf173224cf
resnet,electrode,17,bandpass_n20002_cRA_LA_LL_electrode_s15,phase2/results/predictions/full/electrode/resnet/seed_17/bandpass_n20002_cRA_LA_LL_electrode_s15.npz,76529,6e4fd17f86e6a2ad8a039ba466ff58db5e220922836fc02ccdcea7ffcf750cdd
resnet,electrode,17,bandpass_n20002_cRA_LA_LL_electrode_s10,phase2/results/predictions/full/electrode/resnet/seed_17/bandpass_n20002_cRA_LA_LL_electrode_s10.npz,76468,d38ae998c548d6af90b8ebe65f812dc2a61b76f6b76447961b57685a19869405
resnet,electrode,17,bandpass_n20002_cRA_LA_LL_electrode_s5,phase2/results/predictions/full/electrode/resnet/seed_17/bandpass_n20002_cRA_LA_LL_electrode_s5.npz,76248,36439317e19e9059b81404604f71f93c243eec4759a15a35d4d0d58ee16c496b
resnet,electrode,17,bandpass_n20002_cRA_LA_LL_electrode_s0,phase2/results/predictions/full/electrode/resnet/seed_17/bandpass_n20002_cRA_LA_LL_electrode_s0.npz,75999,51fea44059a1aecccd4c87f96dba2195d0da0b4ab9f99b82c9f3b40b37f9c667
resnet,electrode,17,bandpass_n20002_cRA_LA_LL_covariance_s20,phase2/results/predictions/full/electrode/resnet/seed_17/bandpass_n20002_cRA_LA_LL_covariance_s20.npz,76580,8f245ef3e488ba9201f66d3a98c0739de3f43f1f915920650123f0fa10083bbe
resnet,electrode,17,bandpass_n20002_cRA_LA_LL_covariance_s15,phase2/results/predictions/full/electrode/resnet/seed_17/bandpass_n20002_cRA_LA_LL_covariance_s15.npz,76570,ea369af73c1dd1c357b9bff1898504b6d5d64cbfe51ebb9e36ee5ee3f209fdc4
resnet,electrode,17,bandpass_n20002_cRA_LA_LL_covariance_s10,phase2/results/predictions/full/electrode/resnet/seed_17/bandpass_n20002_cRA_LA_LL_covariance_s10.npz,76459,55b61c9593cf9c3728149d78281a76a0d86d52d86fb71771a559a5d56988bc73
resnet,electrode,17,bandpass_n20002_cRA_LA_LL_covariance_s5,phase2/results/predictions/full/electrode/resnet/seed_17/bandpass_n20002_cRA_LA_LL_covariance_s5.npz,76277,77e7e73f34e28402e5587997ecf04b6be0a9c842b41de80a6f6b7d9cf61b185a
resnet,electrode,17,bandpass_n20002_cRA_LA_LL_covariance_s0,phase2/results/predictions/full/electrode/resnet/seed_17/bandpass_n20002_cRA_LA_LL_covariance_s0.npz,75982,e8826d666a3b346b5270e52dd06fdf67dcfd78cc6c6508fda67dcc774812f60d
resnet,electrode,17,bandpass_n20002_cV1_independent_rms_s20,phase2/results/predictions/full/electrode/resnet/seed_17/bandpass_n20002_cV1_independent_rms_s20.npz,76576,9407acabd2881248673bdd0803968bf25a6719e6a769dc729357bb5bf44ce2d4
resnet,electrode,17,bandpass_n20002_cV1_independent_rms_s15,phase2/results/predictions/full/electrode/resnet/seed_17/bandpass_n20002_cV1_independent_rms_s15.npz,76604,0a03f2e111205e54fc60b0b4a1c6c46c56d772539a11d36555b83ff80f3142cd
resnet,electrode,17,bandpass_n20002_cV1_independent_rms_s10,phase2/results/predictions/full/electrode/resnet/seed_17/bandpass_n20002_cV1_independent_rms_s10.npz,76524,64f631c80d6072397bb1ab89c6b9a68fe1c468ace62f6266d6c1244f6367f5a9
resnet,electrode,17,bandpass_n20002_cV1_independent_rms_s5,phase2/results/predictions/full/electrode/resnet/seed_17/bandpass_n20002_cV1_independent_rms_s5.npz,76381,5a4b49d254ffce67d8cc6c6a64d77c2f4abe91374cd20abea1f3a55bbf6fed8a
resnet,electrode,17,bandpass_n20002_cV1_independent_rms_s0,phase2/results/predictions/full/electrode/resnet/seed_17/bandpass_n20002_cV1_independent_rms_s0.npz,76080,06182ed51224eb0749562ae68fd74c311bb1168213d94ea0aa275d72086d7380
resnet,electrode,17,bandpass_n20002_cV1_electrode_s20,phase2/results/predictions/full/electrode/resnet/seed_17/bandpass_n20002_cV1_electrode_s20.npz,76566,d4528e1db4c38bff6da85c33686b9e4d02971395865ff6e24d189fb7f0ef394a
resnet,electrode,17,bandpass_n20002_cV1_electrode_s15,phase2/results/predictions/full/electrode/resnet/seed_17/bandpass_n20002_cV1_electrode_s15.npz,76581,c44f1f1533367fe874c383cc8313aef5516698364d285fc02fe5571974eec58b
resnet,electrode,17,bandpass_n20002_cV1_electrode_s10,phase2/results/predictions/full/electrode/resnet/seed_17/bandpass_n20002_cV1_electrode_s10.npz,76467,db5f8e911836ef3536f6efcb610cabcada734afd668dfae7244aab410cfe7029
resnet,electrode,17,bandpass_n20002_cV1_electrode_s5,phase2/results/predictions/full/electrode/resnet/seed_17/bandpass_n20002_cV1_electrode_s5.npz,76360,4c9bc261279e0022d32f3261ba24ea66bdb872a3179d08fb1580dc62be286e58
resnet,electrode,17,bandpass_n20002_cV1_electrode_s0,phase2/results/predictions/full/electrode/resnet/seed_17/bandpass_n20002_cV1_electrode_s0.npz,76056,140fc29df3024d1f6caf49e73ed6c4ed06adf2b5e6383d1273db667628f345b1
resnet,electrode,17,bandpass_n20002_cV1_covariance_s20,phase2/results/predictions/full/electrode/resnet/seed_17/bandpass_n20002_cV1_covariance_s20.npz,76588,44fcee7df28e974aaf776376c58655abdbc85b4a3bf541c56906588b62a97b98
resnet,electrode,17,bandpass_n20002_cV1_covariance_s15,phase2/results/predictions/full/electrode/resnet/seed_17/bandpass_n20002_cV1_covariance_s15.npz,76556,a6fd0f9562f45902b85ed3941c043aa3a673f65c8e065a7c24167171cb60cb13
resnet,electrode,17,bandpass_n20002_cV1_covariance_s10,phase2/results/predictions/full/electrode/resnet/seed_17/bandpass_n20002_cV1_covariance_s10.npz,76510,c87b344b644c7c92241f071ca57294bade8749ae27ae0a795bb0679aa5aaedd3
resnet,electrode,17,bandpass_n20002_cV1_covariance_s5,phase2/results/predictions/full/electrode/resnet/seed_17/bandpass_n20002_cV1_covariance_s5.npz,76355,55f301f82323cf5ffbbcfd002154e3c4000a4334b8097d39c1c1ba3b675d4900
resnet,electrode,17,bandpass_n20002_cV1_covariance_s0,phase2/results/predictions/full/electrode/resnet/seed_17/bandpass_n20002_cV1_covariance_s0.npz,76061,5bdeaa045b3855fa0e8144a7b9a14f054dc2071b05c4e234d201be568ae2e577
resnet,electrode,17,bandpass_n20002_cV2_independent_rms_s20,phase2/results/predictions/full/electrode/resnet/seed_17/bandpass_n20002_cV2_independent_rms_s20.npz,76557,f648f25746ece19602ca342fc1a17ff4ba8f9a6c31ad3d24bd134490155b6e5a
resnet,electrode,17,bandpass_n20002_cV2_independent_rms_s15,phase2/results/predictions/full/electrode/resnet/seed_17/bandpass_n20002_cV2_independent_rms_s15.npz,76561,fcb1932ab912840aa2472e3802b742b52f5cdcb8ad15f81c5eb7aec996cd8284
resnet,electrode,17,bandpass_n20002_cV2_independent_rms_s10,phase2/results/predictions/full/electrode/resnet/seed_17/bandpass_n20002_cV2_independent_rms_s10.npz,76521,ed6fc45df7deaec7fe8be76798c2c6cb72b4a10ca96c3821d0c1b7500573adf9
resnet,electrode,17,bandpass_n20002_cV2_independent_rms_s5,phase2/results/predictions/full/electrode/resnet/seed_17/bandpass_n20002_cV2_independent_rms_s5.npz,76452,3de7e876a8da5ab12ad63ee00cf10ab69f593805703dea7d9e14a9109f4cb938
resnet,electrode,17,bandpass_n20002_cV2_independent_rms_s0,phase2/results/predictions/full/electrode/resnet/seed_17/bandpass_n20002_cV2_independent_rms_s0.npz,76203,98bb3571f77756303e976962dea5080230a5e98c05cc4136ec534f5da20b164f
resnet,electrode,17,bandpass_n20002_cV2_electrode_s20,phase2/results/predictions/full/electrode/resnet/seed_17/bandpass_n20002_cV2_electrode_s20.npz,76555,5243944b0c32840f5379096024bd5973d80c69cf360c6b5d201db58a0e53613a
resnet,electrode,17,bandpass_n20002_cV2_electrode_s15,phase2/results/predictions/full/electrode/resnet/seed_17/bandpass_n20002_cV2_electrode_s15.npz,76568,ae97d8a19ce5ed0c8b2843514e1454f8e99c5494d31721b6c440ab0684bb546a
resnet,electrode,17,bandpass_n20002_cV2_electrode_s10,phase2/results/predictions/full/electrode/resnet/seed_17/bandpass_n20002_cV2_electrode_s10.npz,76546,97e581632c3204f45351ee2a725090c7006ce56863ceb17144eea54f1fd9b7ac
resnet,electrode,17,bandpass_n20002_cV2_electrode_s5,phase2/results/predictions/full/electrode/resnet/seed_17/bandpass_n20002_cV2_electrode_s5.npz,76426,93d062aa2c1e1ff61bc1cc01aed9a892f99b561667eead88dded9b5b77ec17d8
resnet,electrode,17,bandpass_n20002_cV2_electrode_s0,phase2/results/predictions/full/electrode/resnet/seed_17/bandpass_n20002_cV2_electrode_s0.npz,76224,42238515d95b9022e818564757fa4e3e169fd1e14294cedfaed85954e4f5caaa
resnet,electrode,17,bandpass_n20002_cV2_covariance_s20,phase2/results/predictions/full/electrode/resnet/seed_17/bandpass_n20002_cV2_covariance_s20.npz,76557,6fea02e521eaa04ea6dbbe56d652106111c45616acaea599d314a67e44953abf
resnet,electrode,17,bandpass_n20002_cV2_covariance_s15,phase2/results/predictions/full/electrode/resnet/seed_17/bandpass_n20002_cV2_covariance_s15.npz,76584,8ae2b5b7dc26d07d3b0bf19c880525bf719b8d6db6602d501b737e0a227f966e
resnet,electrode,17,bandpass_n20002_cV2_covariance_s10,phase2/results/predictions/full/electrode/resnet/seed_17/bandpass_n20002_cV2_covariance_s10.npz,76538,7d83f6dd61acdb2ffe7a285a31a8ec2865224c81942741b06c1ade664f1049dc
resnet,electrode,17,bandpass_n20002_cV2_covariance_s5,phase2/results/predictions/full/electrode/resnet/seed_17/bandpass_n20002_cV2_covariance_s5.npz,76438,c26a8cd50bbbaafeb615b29b67f0e6276a44bdd85428db5ef98bebe66cb99249
resnet,electrode,17,bandpass_n20002_cV2_covariance_s0,phase2/results/predictions/full/electrode/resnet/seed_17/bandpass_n20002_cV2_covariance_s0.npz,76238,3e750c51456bea2f24d202958333be2ba5cbad231c61601b6363801afff36974
resnet,electrode,17,bandpass_n20002_cV3_independent_rms_s20,phase2/results/predictions/full/electrode/resnet/seed_17/bandpass_n20002_cV3_independent_rms_s20.npz,76583,1b0fdbd40b92af9333989423bdedd68432c4a9c5cc4e8b62e0d83975ac803775
resnet,electrode,17,bandpass_n20002_cV3_independent_rms_s15,phase2/results/predictions/full/electrode/resnet/seed_17/bandpass_n20002_cV3_independent_rms_s15.npz,76599,97866728f50ce09bb1459ec1bf3d2252c0e1d762ed3b58adeb3185fb759fe602
resnet,electrode,17,bandpass_n20002_cV3_independent_rms_s10,phase2/results/predictions/full/electrode/resnet/seed_17/bandpass_n20002_cV3_independent_rms_s10.npz,76555,bf77242498064276ea0e0203f2dfa5ced1382194f164a930b05c0d9fdc50989c
resnet,electrode,17,bandpass_n20002_cV3_independent_rms_s5,phase2/results/predictions/full/electrode/resnet/seed_17/bandpass_n20002_cV3_independent_rms_s5.npz,76460,d5f1b53b36edb389f7a9bfb1fe7113e71ad0b15c98dc63be7affd4b7a6e053bb
resnet,electrode,17,bandpass_n20002_cV3_independent_rms_s0,phase2/results/predictions/full/electrode/resnet/seed_17/bandpass_n20002_cV3_independent_rms_s0.npz,76195,5828b45bf36005f5eb6af1a67a0964ac470a9f2b5682c5bb21d3131a270f8aed
resnet,electrode,17,bandpass_n20002_cV3_electrode_s20,phase2/results/predictions/full/electrode/resnet/seed_17/bandpass_n20002_cV3_electrode_s20.npz,76554,f55d207ee222aa7f0d8c4ed440616d2fb692f2f68b13682a18e72c6a4ee4b3c2
resnet,electrode,17,bandpass_n20002_cV3_electrode_s15,phase2/results/predictions/full/electrode/resnet/seed_17/bandpass_n20002_cV3_electrode_s15.npz,76576,42d3e97a865ec0c8dfe86e7377d8cbcb20b937ed443e0a4142cacd2ea528594b
resnet,electrode,17,bandpass_n20002_cV3_electrode_s10,phase2/results/predictions/full/electrode/resnet/seed_17/bandpass_n20002_cV3_electrode_s10.npz,76546,01b9f9c2b8fe754e841ba48de655175e911c9bbd97ddc5677697e0c29bb05ed8
resnet,electrode,17,bandpass_n20002_cV3_electrode_s5,phase2/results/predictions/full/electrode/resnet/seed_17/bandpass_n20002_cV3_electrode_s5.npz,76415,3b88c2fc522167cf4eb7491ac6649a3d9642e3d949d6fb093255073d90bcaed1
resnet,electrode,17,bandpass_n20002_cV3_electrode_s0,phase2/results/predictions/full/electrode/resnet/seed_17/bandpass_n20002_cV3_electrode_s0.npz,76189,e7ca0582aad5e66e531557e84666c727d5eacec43da62fd5a2dcc1ab53c4ce73
resnet,electrode,17,bandpass_n20002_cV3_covariance_s20,phase2/results/predictions/full/electrode/resnet/seed_17/bandpass_n20002_cV3_covariance_s20.npz,76600,91a2872ad5fc4f14a4c3be3fcb621dabb01e3855bcc424c2aa09770af697757d
resnet,electrode,17,bandpass_n20002_cV3_covariance_s15,phase2/results/predictions/full/electrode/resnet/seed_17/bandpass_n20002_cV3_covariance_s15.npz,76575,96044491236ad8ab02c5fb0eb1d29fd4296450305da896ecb01312ee3a3e7d06
resnet,electrode,17,bandpass_n20002_cV3_covariance_s10,phase2/results/predictions/full/electrode/resnet/seed_17/bandpass_n20002_cV3_covariance_s10.npz,76551,6f6d554fff93334ebb724b99c831f196d5ca9a9d5419aa6f923d87b5380ba274
resnet,electrode,17,bandpass_n20002_cV3_covariance_s5,phase2/results/predictions/full/electrode/resnet/seed_17/bandpass_n20002_cV3_covariance_s5.npz,76472,30c080e8c51a7be461b332ce43c884c1b096e9b5bd76e4a4bd27cc3414b02f1b
resnet,electrode,17,bandpass_n20002_cV3_covariance_s0,phase2/results/predictions/full/electrode/resnet/seed_17/bandpass_n20002_cV3_covariance_s0.npz,76217,e42884f17444d07d40daba15492318bc6625fc5ae913c55af928556ba80ee134
resnet,electrode,17,bandpass_n20002_cV4_independent_rms_s20,phase2/results/predictions/full/electrode/resnet/seed_17/bandpass_n20002_cV4_independent_rms_s20.npz,76584,f3ff6519af58c91559caf08a9a5d976966062b7077be777a008f0a7e204aacce
resnet,electrode,17,bandpass_n20002_cV4_independent_rms_s15,phase2/results/predictions/full/electrode/resnet/seed_17/bandpass_n20002_cV4_independent_rms_s15.npz,76604,421ce2ce224cea8f74c308aeb040fe024322d0eee75ded94f130a47370b28a09
resnet,electrode,17,bandpass_n20002_cV4_independent_rms_s10,phase2/results/predictions/full/electrode/resnet/seed_17/bandpass_n20002_cV4_independent_rms_s10.npz,76563,b505953f82cc56670d1e8fe49e1c6234c04f6d24e8650d13c435be9a9c1f0808
resnet,electrode,17,bandpass_n20002_cV4_independent_rms_s5,phase2/results/predictions/full/electrode/resnet/seed_17/bandpass_n20002_cV4_independent_rms_s5.npz,76481,8cfa7bf80d24b7f751143c31d7ef9219d4f2f15c825155aab085d89331b881a8
resnet,electrode,17,bandpass_n20002_cV4_independent_rms_s0,phase2/results/predictions/full/electrode/resnet/seed_17/bandpass_n20002_cV4_independent_rms_s0.npz,76327,007cc8155719120b4c1c754e270d736a384fa5cb2ca68cb6df446b049ce424ce
resnet,electrode,17,bandpass_n20002_cV4_electrode_s20,phase2/results/predictions/full/electrode/resnet/seed_17/bandpass_n20002_cV4_electrode_s20.npz,76552,c3823168837dadd067f5389d28fbda94860addb8a7b9e8aaa4fa14e2186d45b6
resnet,electrode,17,bandpass_n20002_cV4_electrode_s15,phase2/results/predictions/full/electrode/resnet/seed_17/bandpass_n20002_cV4_electrode_s15.npz,76575,de061f1cf808cade89d6b74e2d4f098113c688423dd308843c053bbbe097327b
resnet,electrode,17,bandpass_n20002_cV4_electrode_s10,phase2/results/predictions/full/electrode/resnet/seed_17/bandpass_n20002_cV4_electrode_s10.npz,76576,8a5badd038a7b510c7896d5d6ee7710c557786c0755237efdaaa99527e5be3ab
resnet,electrode,17,bandpass_n20002_cV4_electrode_s5,phase2/results/predictions/full/electrode/resnet/seed_17/bandpass_n20002_cV4_electrode_s5.npz,76502,2b0dd1062245d7238d81fa0bb83da0f005c0501deb2d990fefe83c87dd64c10a
resnet,electrode,17,bandpass_n20002_cV4_electrode_s0,phase2/results/predictions/full/electrode/resnet/seed_17/bandpass_n20002_cV4_electrode_s0.npz,76265,404910f74e94939d9310c971c831a8b92a03055c8070a27d858fec8e1b7b43f8
resnet,electrode,17,bandpass_n20002_cV4_covariance_s20,phase2/results/predictions/full/electrode/resnet/seed_17/bandpass_n20002_cV4_covariance_s20.npz,76563,6b33b1b70b513e5f31787b2795cff6014041ee7fb2e1a7d9782b7d6c92043b3f
resnet,electrode,17,bandpass_n20002_cV4_covariance_s15,phase2/results/predictions/full/electrode/resnet/seed_17/bandpass_n20002_cV4_covariance_s15.npz,76561,73d013d53ee062d868ef04c4f6cc78144b2ab6de4c9e4e8e61de3a9a971e4d3b
resnet,electrode,17,bandpass_n20002_cV4_covariance_s10,phase2/results/predictions/full/electrode/resnet/seed_17/bandpass_n20002_cV4_covariance_s10.npz,76573,3ee648081c2f9a3c47d3a081beb98df1bd9fdb21910c57b47d920ec525dcadff
resnet,electrode,17,bandpass_n20002_cV4_covariance_s5,phase2/results/predictions/full/electrode/resnet/seed_17/bandpass_n20002_cV4_covariance_s5.npz,76489,31c6f6c2ac963663530893f5b04ffeba0b7ca6bbc7eed246ef982cad37a46cda
resnet,electrode,17,bandpass_n20002_cV4_covariance_s0,phase2/results/predictions/full/electrode/resnet/seed_17/bandpass_n20002_cV4_covariance_s0.npz,76304,da547692207047ff361c8c8f898a5e74508915682adf0fbd83fdc782f0d59193
resnet,electrode,17,bandpass_n20002_cV5_independent_rms_s20,phase2/results/predictions/full/electrode/resnet/seed_17/bandpass_n20002_cV5_independent_rms_s20.npz,76580,fa55e6e667b9ebf0a1fa7562444a2dd7a5b55cb95665083d57004b7230561955
resnet,electrode,17,bandpass_n20002_cV5_independent_rms_s15,phase2/results/predictions/full/electrode/resnet/seed_17/bandpass_n20002_cV5_independent_rms_s15.npz,76561,a54c8956509627597346ccc95234b46e2565d6d325d3fe2b6418cd96ca854947
resnet,electrode,17,bandpass_n20002_cV5_independent_rms_s10,phase2/results/predictions/full/electrode/resnet/seed_17/bandpass_n20002_cV5_independent_rms_s10.npz,76536,a819b58cd63f1266d9674c2f6273acc9d89db2ed1e8d6cfa9c7d19c63450e46b
resnet,electrode,17,bandpass_n20002_cV5_independent_rms_s5,phase2/results/predictions/full/electrode/resnet/seed_17/bandpass_n20002_cV5_independent_rms_s5.npz,76365,c95389cb6004ef732d2685a7e4b537b1a7319e3adb47cba52eb31ef88e8f4817
resnet,electrode,17,bandpass_n20002_cV5_independent_rms_s0,phase2/results/predictions/full/electrode/resnet/seed_17/bandpass_n20002_cV5_independent_rms_s0.npz,76112,bd6df5d413279db84a222bebaf8c8b90de7361ed002572a550d577700c791959
resnet,electrode,17,bandpass_n20002_cV5_electrode_s20,phase2/results/predictions/full/electrode/resnet/seed_17/bandpass_n20002_cV5_electrode_s20.npz,76568,9c2917a4d152ab89071c94e157029310c4f954acbbbeba5f7c719c7116279454
resnet,electrode,17,bandpass_n20002_cV5_electrode_s15,phase2/results/predictions/full/electrode/resnet/seed_17/bandpass_n20002_cV5_electrode_s15.npz,76584,e6082c65307c6b3768a774970f15f2ce330620732f2aba1addefc860e6390b42
resnet,electrode,17,bandpass_n20002_cV5_electrode_s10,phase2/results/predictions/full/electrode/resnet/seed_17/bandpass_n20002_cV5_electrode_s10.npz,76507,f0bae8bc66520c75560ed9e1b9598331bf2025831f88d20712610c7225e729cc
resnet,electrode,17,bandpass_n20002_cV5_electrode_s5,phase2/results/predictions/full/electrode/resnet/seed_17/bandpass_n20002_cV5_electrode_s5.npz,76376,0da5a64238362932f9089b7843818ada09989e5e30e851a3d74b17eda49e086d
resnet,electrode,17,bandpass_n20002_cV5_electrode_s0,phase2/results/predictions/full/electrode/resnet/seed_17/bandpass_n20002_cV5_electrode_s0.npz,76104,520a63ca6d0f3f4ffc6853a8933db7bb3bad322cf481099c744428632a03e404
resnet,electrode,17,bandpass_n20002_cV5_covariance_s20,phase2/results/predictions/full/electrode/resnet/seed_17/bandpass_n20002_cV5_covariance_s20.npz,76565,ade61223bb57608932deb884c891a1daed516ea2c8699e520df358de33094d32
resnet,electrode,17,bandpass_n20002_cV5_covariance_s15,phase2/results/predictions/full/electrode/resnet/seed_17/bandpass_n20002_cV5_covariance_s15.npz,76539,1739590ca3e38f16d2763f4f6fc85f8fba31ca23eac9abf416dacf7c6e1350aa
resnet,electrode,17,bandpass_n20002_cV5_covariance_s10,phase2/results/predictions/full/electrode/resnet/seed_17/bandpass_n20002_cV5_covariance_s10.npz,76538,523798b7c05069d581c63a076abc9e2a02fbc2735ebc9ffae4c3a58af234454d
resnet,electrode,17,bandpass_n20002_cV5_covariance_s5,phase2/results/predictions/full/electrode/resnet/seed_17/bandpass_n20002_cV5_covariance_s5.npz,76351,66d059935614cfdae8dc2154c9900e0a8b6787baf944bd6c682c0e81349afa67
resnet,electrode,17,bandpass_n20002_cV5_covariance_s0,phase2/results/predictions/full/electrode/resnet/seed_17/bandpass_n20002_cV5_covariance_s0.npz,76098,489a99358f03e99af07cefcf029e6506ceb21ee3842ed7611196270d46c0eb5d
resnet,electrode,17,bandpass_n20002_cV6_independent_rms_s20,phase2/results/predictions/full/electrode/resnet/seed_17/bandpass_n20002_cV6_independent_rms_s20.npz,76567,bcbb685f03609a8d316bb15f1e3919a4f47ab0e807cc4d6dff03a996f32d02b6
resnet,electrode,17,bandpass_n20002_cV6_independent_rms_s15,phase2/results/predictions/full/electrode/resnet/seed_17/bandpass_n20002_cV6_independent_rms_s15.npz,76540,ff8fc59577bd0827204095e826c84842bc572399dd4081b0dfecb8bba54495e6
resnet,electrode,17,bandpass_n20002_cV6_independent_rms_s10,phase2/results/predictions/full/electrode/resnet/seed_17/bandpass_n20002_cV6_independent_rms_s10.npz,76524,dddfc64e381dd70f1278898d425cdeeaaba03a601d5536c3ed5a6c9e00edd1b9
resnet,electrode,17,bandpass_n20002_cV6_independent_rms_s5,phase2/results/predictions/full/electrode/resnet/seed_17/bandpass_n20002_cV6_independent_rms_s5.npz,76378,fa1edc7390da23be1aa47d8dfde752e58b74898ddadb5ceb1b063140731332d6
resnet,electrode,17,bandpass_n20002_cV6_independent_rms_s0,phase2/results/predictions/full/electrode/resnet/seed_17/bandpass_n20002_cV6_independent_rms_s0.npz,76131,3a6c8434210e70b72f55b96efa2e11c92662485327c3934ba4f4afe76c6f89cd
resnet,electrode,17,bandpass_n20002_cV6_electrode_s20,phase2/results/predictions/full/electrode/resnet/seed_17/bandpass_n20002_cV6_electrode_s20.npz,76549,82368feec7b0f3869dc8c04ad73059c9434318a106f79809b8f86ececcb46c67
resnet,electrode,17,bandpass_n20002_cV6_electrode_s15,phase2/results/predictions/full/electrode/resnet/seed_17/bandpass_n20002_cV6_electrode_s15.npz,76534,e9c61543c6b7bf9275daa689f959a8aed21a11d4719c53635403c29c41c48949
resnet,electrode,17,bandpass_n20002_cV6_electrode_s10,phase2/results/predictions/full/electrode/resnet/seed_17/bandpass_n20002_cV6_electrode_s10.npz,76550,dd9d65c04a0c0f1ca68dd465d4ebcbd2d48f122061bfcf57e732e9cd85cb022c
resnet,electrode,17,bandpass_n20002_cV6_electrode_s5,phase2/results/predictions/full/electrode/resnet/seed_17/bandpass_n20002_cV6_electrode_s5.npz,76391,ed9954aa3ddabe5ca2086ca3c875fd2747c1234f494950a69f599317bd30f605
resnet,electrode,17,bandpass_n20002_cV6_electrode_s0,phase2/results/predictions/full/electrode/resnet/seed_17/bandpass_n20002_cV6_electrode_s0.npz,76077,73528070a71b345220a221d3e54ae5f7e27e00d11308d0f1d1da97ec85232271
resnet,electrode,17,bandpass_n20002_cV6_covariance_s20,phase2/results/predictions/full/electrode/resnet/seed_17/bandpass_n20002_cV6_covariance_s20.npz,76555,d7bef0ec9d3a0a38dd7c2a5eee982e9f14bd9219cd7e796a7e3b6e1f79e5ddf9
resnet,electrode,17,bandpass_n20002_cV6_covariance_s15,phase2/results/predictions/full/electrode/resnet/seed_17/bandpass_n20002_cV6_covariance_s15.npz,76574,1cbf217e7a29286ab54fdab1a21d981fc83741f6c7c364cd6e97d6b3c6d407c2
resnet,electrode,17,bandpass_n20002_cV6_covariance_s10,phase2/results/predictions/full/electrode/resnet/seed_17/bandpass_n20002_cV6_covariance_s10.npz,76530,ec46e45467e87fc1c8ff95b339b7a8c429df6194fc9b0c4348daa7b3ecdff566
resnet,electrode,17,bandpass_n20002_cV6_covariance_s5,phase2/results/predictions/full/electrode/resnet/seed_17/bandpass_n20002_cV6_covariance_s5.npz,76383,ab2e56ffea50cfdb7ff940355d85133a555a9a7ea519830c8be953e67b2e3a8a
resnet,electrode,17,bandpass_n20002_cV6_covariance_s0,phase2/results/predictions/full/electrode/resnet/seed_17/bandpass_n20002_cV6_covariance_s0.npz,76114,19f2c24f3dd840bb969bc6500ea90df8279aa901a6857288dd45a4bf2b213aef
resnet,electrode,17,bandpass_n20002_cRA_LA_independent_rms_s20,phase2/results/predictions/full/electrode/resnet/seed_17/bandpass_n20002_cRA_LA_independent_rms_s20.npz,76599,9a36634d1d8ca9446d625719f897708c64b1643d47db4a9ff6d5086290ac7ce5
resnet,electrode,17,bandpass_n20002_cRA_LA_independent_rms_s15,phase2/results/predictions/full/electrode/resnet/seed_17/bandpass_n20002_cRA_LA_independent_rms_s15.npz,76573,32d2c9a295536ec225a19cf52e836041c1e080e6c8b4e4a18559efdbc035c793
resnet,electrode,17,bandpass_n20002_cRA_LA_independent_rms_s10,phase2/results/predictions/full/electrode/resnet/seed_17/bandpass_n20002_cRA_LA_independent_rms_s10.npz,76556,576e3cc3134ac834e02ed99648bb69d7bd1661f8c4c4eb7a8ad747e8483e2d98
resnet,electrode,17,bandpass_n20002_cRA_LA_independent_rms_s5,phase2/results/predictions/full/electrode/resnet/seed_17/bandpass_n20002_cRA_LA_independent_rms_s5.npz,76400,1791d83f2085f092201c70c5871bd46473020fbb6187fbce49a13452dac8ad87
resnet,electrode,17,bandpass_n20002_cRA_LA_independent_rms_s0,phase2/results/predictions/full/electrode/resnet/seed_17/bandpass_n20002_cRA_LA_independent_rms_s0.npz,76164,3f25f1e084e2b3952f39ec8081bcd24fb54b174f3feac50e31dfe1385b845505
resnet,electrode,17,bandpass_n20002_cRA_LA_electrode_s20,phase2/results/predictions/full/electrode/resnet/seed_17/bandpass_n20002_cRA_LA_electrode_s20.npz,76560,45e45158ad3380701a18abaa97f9b5e91a535aeef4fd98070196071131d8a2c3
resnet,electrode,17,bandpass_n20002_cRA_LA_electrode_s15,phase2/results/predictions/full/electrode/resnet/seed_17/bandpass_n20002_cRA_LA_electrode_s15.npz,76573,4c3e0eef27c9531bcc8786bcb22f441416f8bcc3e180014c5ba704e114244cf7
resnet,electrode,17,bandpass_n20002_cRA_LA_electrode_s10,phase2/results/predictions/full/electrode/resnet/seed_17/bandpass_n20002_cRA_LA_electrode_s10.npz,76508,9c3a6a53cae2b1bfc941b861fc5a9ef1e1f6b170a9ead5641f7496f82a82ce63
resnet,electrode,17,bandpass_n20002_cRA_LA_electrode_s5,phase2/results/predictions/full/electrode/resnet/seed_17/bandpass_n20002_cRA_LA_electrode_s5.npz,76298,a06b0a69ed66c3faf9ba151e108456d9f15632eb0d9bebc90c4b8814e7644b17
resnet,electrode,17,bandpass_n20002_cRA_LA_electrode_s0,phase2/results/predictions/full/electrode/resnet/seed_17/bandpass_n20002_cRA_LA_electrode_s0.npz,76031,f3009cca4636a776599a6f51544026d939e2370a7717778952aac08a5f0d59e1
resnet,electrode,17,bandpass_n20002_cRA_LA_covariance_s20,phase2/results/predictions/full/electrode/resnet/seed_17/bandpass_n20002_cRA_LA_covariance_s20.npz,76548,ff81309476f4b4929edea639a0b4e322db540878294cbf9d82bfb9c49f1b0a34
resnet,electrode,17,bandpass_n20002_cRA_LA_covariance_s15,phase2/results/predictions/full/electrode/resnet/seed_17/bandpass_n20002_cRA_LA_covariance_s15.npz,76547,309e236cd3167273174d0ae4e7a92a387f023af1db9e5557268b015044d63388
resnet,electrode,17,bandpass_n20002_cRA_LA_covariance_s10,phase2/results/predictions/full/electrode/resnet/seed_17/bandpass_n20002_cRA_LA_covariance_s10.npz,76467,3763ffb329ec240be783c5dfa49d59fd29285682831e21fc77b2d12a9fa3e49d
resnet,electrode,17,bandpass_n20002_cRA_LA_covariance_s5,phase2/results/predictions/full/electrode/resnet/seed_17/bandpass_n20002_cRA_LA_covariance_s5.npz,76288,04698fc7c55dfe4516a27d91eb13f8ae1e6f742bb33fd9f069755c7fcdd1c9f7
resnet,electrode,17,bandpass_n20002_cRA_LA_covariance_s0,phase2/results/predictions/full/electrode/resnet/seed_17/bandpass_n20002_cRA_LA_covariance_s0.npz,76029,0b32970222cfcd0b75eaab8b37a05c399f3ac55e7254b92487a7a6a0862dd517
resnet,electrode,17,bandpass_n20002_cLA_LL_independent_rms_s20,phase2/results/predictions/full/electrode/resnet/seed_17/bandpass_n20002_cLA_LL_independent_rms_s20.npz,76579,ccf283d31484160d23abaec492ce2f72929ce2c4149967d7fda211c2108da9e4
resnet,electrode,17,bandpass_n20002_cLA_LL_independent_rms_s15,phase2/results/predictions/full/electrode/resnet/seed_17/bandpass_n20002_cLA_LL_independent_rms_s15.npz,76547,a257be9aec74847ee07686986b643eaa1877c652ff6c951c40e198b304248f26
resnet,electrode,17,bandpass_n20002_cLA_LL_independent_rms_s10,phase2/results/predictions/full/electrode/resnet/seed_17/bandpass_n20002_cLA_LL_independent_rms_s10.npz,76553,de00fafec085fedf0174f4fb4a7845cc9dfadb00091222309131b92562c6bd76
resnet,electrode,17,bandpass_n20002_cLA_LL_independent_rms_s5,phase2/results/predictions/full/electrode/resnet/seed_17/bandpass_n20002_cLA_LL_independent_rms_s5.npz,76415,c9b4d26f485c223a3288e49888f97226fe6d16133723af1b8c12ce7698b29ff5
resnet,electrode,17,bandpass_n20002_cLA_LL_independent_rms_s0,phase2/results/predictions/full/electrode/resnet/seed_17/bandpass_n20002_cLA_LL_independent_rms_s0.npz,76111,5967e4733cc3c95e2014ad3d887ebcd7000688ed1df00277c732fa380c89d2b6
resnet,electrode,17,bandpass_n20002_cLA_LL_electrode_s20,phase2/results/predictions/full/electrode/resnet/seed_17/bandpass_n20002_cLA_LL_electrode_s20.npz,76571,76c4a4768dcbaa7c314696661c38db6d93978cca08dbce8a7b39d361858f5c21
resnet,electrode,17,bandpass_n20002_cLA_LL_electrode_s15,phase2/results/predictions/full/electrode/resnet/seed_17/bandpass_n20002_cLA_LL_electrode_s15.npz,76563,5762a4693cc751593600116fa71b1daf32f0aa51058a65045629094e491486b0
resnet,electrode,17,bandpass_n20002_cLA_LL_electrode_s10,phase2/results/predictions/full/electrode/resnet/seed_17/bandpass_n20002_cLA_LL_electrode_s10.npz,76464,f9c873f818bb95d6cc0d832a79b74f515d4d8f0692c18974ec552c1a56ad1b3c
resnet,electrode,17,bandpass_n20002_cLA_LL_electrode_s5,phase2/results/predictions/full/electrode/resnet/seed_17/bandpass_n20002_cLA_LL_electrode_s5.npz,76282,852ac014a3bfebc6c64bd94f3e406409ef8ddd5b9bbcc4cad28c868532af8552
resnet,electrode,17,bandpass_n20002_cLA_LL_electrode_s0,phase2/results/predictions/full/electrode/resnet/seed_17/bandpass_n20002_cLA_LL_electrode_s0.npz,75927,6c9a8088ba31445aa6dd88ad64901c5f8c8d7158b4d1f38178601e1bc25a2f1b
resnet,electrode,17,bandpass_n20002_cLA_LL_covariance_s20,phase2/results/predictions/full/electrode/resnet/seed_17/bandpass_n20002_cLA_LL_covariance_s20.npz,76585,9df62352cd14787ea1c800134a54746b93683f3d11483785b491720da820788b
resnet,electrode,17,bandpass_n20002_cLA_LL_covariance_s15,phase2/results/predictions/full/electrode/resnet/seed_17/bandpass_n20002_cLA_LL_covariance_s15.npz,76572,8b005af472bdee66aa49efebbc4caa9c06d842b8a91bf8cc5fb0ebf40ff4ae45
resnet,electrode,17,bandpass_n20002_cLA_LL_covariance_s10,phase2/results/predictions/full/electrode/resnet/seed_17/bandpass_n20002_cLA_LL_covariance_s10.npz,76490,366facca72850f1182e4ee2d9eec98ff6587e78cb8f55c60ef90c59b90b5fd4e
resnet,electrode,17,bandpass_n20002_cLA_LL_covariance_s5,phase2/results/predictions/full/electrode/resnet/seed_17/bandpass_n20002_cLA_LL_covariance_s5.npz,76270,760b191289ccf94a247968848ec4f19ee230044830b3134317f1eb6b42109252
resnet,electrode,17,bandpass_n20002_cLA_LL_covariance_s0,phase2/results/predictions/full/electrode/resnet/seed_17/bandpass_n20002_cLA_LL_covariance_s0.npz,75871,63901f4a394b1570cc64645e1eef59a2c3805abbab094d819577c17672356223
resnet,electrode,17,bandpass_n20002_cRA_LL_independent_rms_s20,phase2/results/predictions/full/electrode/resnet/seed_17/bandpass_n20002_cRA_LL_independent_rms_s20.npz,76584,82671bdf6539e3f3cfd7da1572551237217f44a825d05794fefac332d32f63a8
resnet,electrode,17,bandpass_n20002_cRA_LL_independent_rms_s15,phase2/results/predictions/full/electrode/resnet/seed_17/bandpass_n20002_cRA_LL_independent_rms_s15.npz,76606,f0dfb0e0a0c4e9e51a9e4916e614cf711c380a94be59744bbc7eeb7f023b2ad5
resnet,electrode,17,bandpass_n20002_cRA_LL_independent_rms_s10,phase2/results/predictions/full/electrode/resnet/seed_17/bandpass_n20002_cRA_LL_independent_rms_s10.npz,76513,33745d8402822d7f988e777b6aa97bf170172a7e9f616ee0d0d85f592cf3bb31
resnet,electrode,17,bandpass_n20002_cRA_LL_independent_rms_s5,phase2/results/predictions/full/electrode/resnet/seed_17/bandpass_n20002_cRA_LL_independent_rms_s5.npz,76370,82d054ea4396ba3c01041c03a785724447d11230ba1c901e582d7e72c64dcca1
resnet,electrode,17,bandpass_n20002_cRA_LL_independent_rms_s0,phase2/results/predictions/full/electrode/resnet/seed_17/bandpass_n20002_cRA_LL_independent_rms_s0.npz,76159,763e9d07ea1d3a9a23bc767eae55f728848e415ff29908b08f0996fbe1ce8049
resnet,electrode,17,bandpass_n20002_cRA_LL_electrode_s20,phase2/results/predictions/full/electrode/resnet/seed_17/bandpass_n20002_cRA_LL_electrode_s20.npz,76578,29d21564ef27ca80bb7f697f96fa194ff3d681e18c82308e4542bf6c9ddb9aea
resnet,electrode,17,bandpass_n20002_cRA_LL_electrode_s15,phase2/results/predictions/full/electrode/resnet/seed_17/bandpass_n20002_cRA_LL_electrode_s15.npz,76558,d54d5e9ea57b2f3971d747b22ee30ecb03fd7ffb966cb916b4fb2ec4bd7ecb1e
resnet,electrode,17,bandpass_n20002_cRA_LL_electrode_s10,phase2/results/predictions/full/electrode/resnet/seed_17/bandpass_n20002_cRA_LL_electrode_s10.npz,76471,7041e2d30b2935a481cbd842227b5922e4674e67a55b4681c6fad6090e3a9bfd
resnet,electrode,17,bandpass_n20002_cRA_LL_electrode_s5,phase2/results/predictions/full/electrode/resnet/seed_17/bandpass_n20002_cRA_LL_electrode_s5.npz,76280,65f35ed3d8011a941df22d2a3d46fbf827e1ad4ee208ebdf5152b4aeb44fcecd
resnet,electrode,17,bandpass_n20002_cRA_LL_electrode_s0,phase2/results/predictions/full/electrode/resnet/seed_17/bandpass_n20002_cRA_LL_electrode_s0.npz,76009,9afac7285c03e0c3b0fd5cc5851fb0048e9a1fe49280220c275c2df42308998f
resnet,electrode,17,bandpass_n20002_cRA_LL_covariance_s20,phase2/results/predictions/full/electrode/resnet/seed_17/bandpass_n20002_cRA_LL_covariance_s20.npz,76603,e99d301b2ef05df6d886572af738975d3fff76621457b45ab124ad1ca27ec527
resnet,electrode,17,bandpass_n20002_cRA_LL_covariance_s15,phase2/results/predictions/full/electrode/resnet/seed_17/bandpass_n20002_cRA_LL_covariance_s15.npz,76570,d79e972bd3e2af40be502215006e40055150feb0394da4b99e99846ac0168dc4
resnet,electrode,17,bandpass_n20002_cRA_LL_covariance_s10,phase2/results/predictions/full/electrode/resnet/seed_17/bandpass_n20002_cRA_LL_covariance_s10.npz,76475,61e606e8494d2c68ed45f905e4e940f5a1e0a971860adb6acfac553d6f4284b2
resnet,electrode,17,bandpass_n20002_cRA_LL_covariance_s5,phase2/results/predictions/full/electrode/resnet/seed_17/bandpass_n20002_cRA_LL_covariance_s5.npz,76281,cd56b55c16cb874407f1e1c39be945776f57f90ee20105e5dc2ebbc66db8f0a2
resnet,electrode,17,bandpass_n20002_cRA_LL_covariance_s0,phase2/results/predictions/full/electrode/resnet/seed_17/bandpass_n20002_cRA_LL_covariance_s0.npz,76004,7b02a4de10e2d1a9292e33b75a7d64a7d9c92eb8710cd389c26f7171301a41e2
resnet,electrode,17,bandpass_n20002_cRA_independent_rms_s20,phase2/results/predictions/full/electrode/resnet/seed_17/bandpass_n20002_cRA_independent_rms_s20.npz,76591,9b5427b65a2152c3996efa223138365bf3976b4386c840b89ad29dc48de2d2c7
resnet,electrode,17,bandpass_n20002_cRA_independent_rms_s15,phase2/results/predictions/full/electrode/resnet/seed_17/bandpass_n20002_cRA_independent_rms_s15.npz,76586,64f8907770653ecc4b28ea1a7ba47e1b8d95e07ebceac8d31ff3f32427e394eb
resnet,electrode,17,bandpass_n20002_cRA_independent_rms_s10,phase2/results/predictions/full/electrode/resnet/seed_17/bandpass_n20002_cRA_independent_rms_s10.npz,76562,b5ee81f549aa633e381bcf63dc815fec6bcff01fa4149a4e962fa91e086f6d37
resnet,electrode,17,bandpass_n20002_cRA_independent_rms_s5,phase2/results/predictions/full/electrode/resnet/seed_17/bandpass_n20002_cRA_independent_rms_s5.npz,76388,0e90550a478043f57b39a5f17a3d901782796728815d2b5654ddeb88404d8584
resnet,electrode,17,bandpass_n20002_cRA_independent_rms_s0,phase2/results/predictions/full/electrode/resnet/seed_17/bandpass_n20002_cRA_independent_rms_s0.npz,76183,1035c4e6049281a60e722e25a724bb3ac38ff1990dc4544424501876d503fcc4
resnet,electrode,17,bandpass_n20002_cRA_electrode_s20,phase2/results/predictions/full/electrode/resnet/seed_17/bandpass_n20002_cRA_electrode_s20.npz,76568,1a7e3fdb1b5d607e4b789728c6b0001d400f0a7468d14f66f0158f49630aae85
resnet,electrode,17,bandpass_n20002_cRA_electrode_s15,phase2/results/predictions/full/electrode/resnet/seed_17/bandpass_n20002_cRA_electrode_s15.npz,76561,cb06ca6d50e54e722c958818f5f71161d92ba8eef0b34fc2bc6a5ad83c4acd03
resnet,electrode,17,bandpass_n20002_cRA_electrode_s10,phase2/results/predictions/full/electrode/resnet/seed_17/bandpass_n20002_cRA_electrode_s10.npz,76415,cfd8ee781bddc6beb07fd9b17c56c5aa8629103c2a4f07575c6ef7737d2db58b
resnet,electrode,17,bandpass_n20002_cRA_electrode_s5,phase2/results/predictions/full/electrode/resnet/seed_17/bandpass_n20002_cRA_electrode_s5.npz,76270,33531dadaa1610b25c1f9f377222e6aeaa2d1cc84b4a8d395f3106514e14533a
resnet,electrode,17,bandpass_n20002_cRA_electrode_s0,phase2/results/predictions/full/electrode/resnet/seed_17/bandpass_n20002_cRA_electrode_s0.npz,76085,0880ae82dc87efa18f5f190c13a8dacedeb1b01d7861148aebd9e56067bf3ddf
resnet,electrode,17,bandpass_n20002_cRA_covariance_s20,phase2/results/predictions/full/electrode/resnet/seed_17/bandpass_n20002_cRA_covariance_s20.npz,76576,a291560d784b76629d8f04187d76f963bb508908705571f457a7281949a5c81f
resnet,electrode,17,bandpass_n20002_cRA_covariance_s15,phase2/results/predictions/full/electrode/resnet/seed_17/bandpass_n20002_cRA_covariance_s15.npz,76549,453ba405b35a5492659554513c8e3cc0784a855d8fddf609d9bb58b2d9489c61
resnet,electrode,17,bandpass_n20002_cRA_covariance_s10,phase2/results/predictions/full/electrode/resnet/seed_17/bandpass_n20002_cRA_covariance_s10.npz,76445,4f3ad6a24c55373ee36bf62fa0cc017fb4ded100a2392619f9eb92537d5967f4
resnet,electrode,17,bandpass_n20002_cRA_covariance_s5,phase2/results/predictions/full/electrode/resnet/seed_17/bandpass_n20002_cRA_covariance_s5.npz,76294,416b838c81497fb681a69c294483a2c40076389730826147c028d0788957da8d
resnet,electrode,17,bandpass_n20002_cRA_covariance_s0,phase2/results/predictions/full/electrode/resnet/seed_17/bandpass_n20002_cRA_covariance_s0.npz,76158,1b534680b681f6e3885df45db00d29d0841c20dce61d85a7756634a810d075cb
resnet,electrode,17,bandpass_n20002_cLA_independent_rms_s20,phase2/results/predictions/full/electrode/resnet/seed_17/bandpass_n20002_cLA_independent_rms_s20.npz,76586,108995ccb30a8c99fcbb2cf4073866ce09e0d0746e8995829d6f2b5f19c8d3bd
resnet,electrode,17,bandpass_n20002_cLA_independent_rms_s15,phase2/results/predictions/full/electrode/resnet/seed_17/bandpass_n20002_cLA_independent_rms_s15.npz,76571,2ff124e69539b885f593a31dd758b592d597eac51cc1b831e7eab5a09661ed2f
resnet,electrode,17,bandpass_n20002_cLA_independent_rms_s10,phase2/results/predictions/full/electrode/resnet/seed_17/bandpass_n20002_cLA_independent_rms_s10.npz,76538,cefc873de9d7d8bfe81a7c7d0e3cad0e1ebafb9b31858b5c9c804b49f5fcea69
resnet,electrode,17,bandpass_n20002_cLA_independent_rms_s5,phase2/results/predictions/full/electrode/resnet/seed_17/bandpass_n20002_cLA_independent_rms_s5.npz,76407,695111ed8486016438f1da2fee8cc5d98fa10a83d1e7f0cf0a887110922db40f
resnet,electrode,17,bandpass_n20002_cLA_independent_rms_s0,phase2/results/predictions/full/electrode/resnet/seed_17/bandpass_n20002_cLA_independent_rms_s0.npz,76151,cd934d121a7ff10e0aa08fec6739d6551286cb0a39ea63abb71e0e039c09e989
resnet,electrode,17,bandpass_n20002_cLA_electrode_s20,phase2/results/predictions/full/electrode/resnet/seed_17/bandpass_n20002_cLA_electrode_s20.npz,76597,b2eca495615a7ba300ecb5d2449071a5ec23390500d1271c1ebbec753d60ba93
resnet,electrode,17,bandpass_n20002_cLA_electrode_s15,phase2/results/predictions/full/electrode/resnet/seed_17/bandpass_n20002_cLA_electrode_s15.npz,76561,74603d01cbf821b5ac7a3431c590fb1aa5f2adc2df436ec3561a2e65ef920b2f
resnet,electrode,17,bandpass_n20002_cLA_electrode_s10,phase2/results/predictions/full/electrode/resnet/seed_17/bandpass_n20002_cLA_electrode_s10.npz,76528,5e3850f6e1bb7815e8ec04977b08a2ca86897cb747679ecf4a89bace6e090c8f
resnet,electrode,17,bandpass_n20002_cLA_electrode_s5,phase2/results/predictions/full/electrode/resnet/seed_17/bandpass_n20002_cLA_electrode_s5.npz,76312,8760d3016b03144f79d6631f9cf33a5154ad284901cc10fc3c670576387b0b3b
resnet,electrode,17,bandpass_n20002_cLA_electrode_s0,phase2/results/predictions/full/electrode/resnet/seed_17/bandpass_n20002_cLA_electrode_s0.npz,75913,53e90e28a1d6981f525ff590b21bf77da7bdc94557ba2ecd2424a1c06afcf5c0
resnet,electrode,17,bandpass_n20002_cLA_covariance_s20,phase2/results/predictions/full/electrode/resnet/seed_17/bandpass_n20002_cLA_covariance_s20.npz,76574,183929f9c1e11a6452cd2958fbe31fb5ad07407110d633e7bb6833863b1352ac
resnet,electrode,17,bandpass_n20002_cLA_covariance_s15,phase2/results/predictions/full/electrode/resnet/seed_17/bandpass_n20002_cLA_covariance_s15.npz,76599,80898e06c4d0edfa51d0623e10dbd1906c23e41571d9af8c316eb369387df053
resnet,electrode,17,bandpass_n20002_cLA_covariance_s10,phase2/results/predictions/full/electrode/resnet/seed_17/bandpass_n20002_cLA_covariance_s10.npz,76510,80783c4f029c25af83fbce4e1de5d1740606f6e779cf82733ca7562519e92890
resnet,electrode,17,bandpass_n20002_cLA_covariance_s5,phase2/results/predictions/full/electrode/resnet/seed_17/bandpass_n20002_cLA_covariance_s5.npz,76307,22d078697c024f146074b4180a72f383d7cf56ac923e7d0eb68ab94fda64bab4
resnet,electrode,17,bandpass_n20002_cLA_covariance_s0,phase2/results/predictions/full/electrode/resnet/seed_17/bandpass_n20002_cLA_covariance_s0.npz,75924,5972d951f7e212d9af9fde81f2cce41e5bb0c9419bf0d13440428d81ce188f0a
resnet,electrode,17,bandpass_n20002_cLL_independent_rms_s20,phase2/results/predictions/full/electrode/resnet/seed_17/bandpass_n20002_cLL_independent_rms_s20.npz,76588,6b8160eda2b81b4e877cff326940278369b35eeab12f5c2e6bb40f8c23601b77
resnet,electrode,17,bandpass_n20002_cLL_independent_rms_s15,phase2/results/predictions/full/electrode/resnet/seed_17/bandpass_n20002_cLL_independent_rms_s15.npz,76556,27335f55caddc0d4aba8c414c4ebb40e934188ad3530647fbbedb7e1181f20b3
resnet,electrode,17,bandpass_n20002_cLL_independent_rms_s10,phase2/results/predictions/full/electrode/resnet/seed_17/bandpass_n20002_cLL_independent_rms_s10.npz,76541,6bea877ab21c2daa2f3ce20ef063c726780c56e70d61a1c76a0d5b29a59f0b3d
resnet,electrode,17,bandpass_n20002_cLL_independent_rms_s5,phase2/results/predictions/full/electrode/resnet/seed_17/bandpass_n20002_cLL_independent_rms_s5.npz,76354,7ec72ab8c1415fca661dce0c5911023d7839f72c290b835d2f2bae527165c8c4
resnet,electrode,17,bandpass_n20002_cLL_independent_rms_s0,phase2/results/predictions/full/electrode/resnet/seed_17/bandpass_n20002_cLL_independent_rms_s0.npz,76087,4d9f67454d4644426b68b07928d1fe55f52d9beee3ba80aa8ae4074a6f6b9593
resnet,electrode,17,bandpass_n20002_cLL_electrode_s20,phase2/results/predictions/full/electrode/resnet/seed_17/bandpass_n20002_cLL_electrode_s20.npz,76574,2f4a5767ff5782fa972d4c5bb8cda5fbc48ad8039a5d2905581a401c7c8a145a
resnet,electrode,17,bandpass_n20002_cLL_electrode_s15,phase2/results/predictions/full/electrode/resnet/seed_17/bandpass_n20002_cLL_electrode_s15.npz,76546,6cc826416f61a213ddaf85c71597674041fe8fb5749087b0db0fb252cb982e5d
resnet,electrode,17,bandpass_n20002_cLL_electrode_s10,phase2/results/predictions/full/electrode/resnet/seed_17/bandpass_n20002_cLL_electrode_s10.npz,76481,3f9e0d8e10081a26554276d69e4406c3777c24bec580efe55e8e0c2bd3142183
resnet,electrode,17,bandpass_n20002_cLL_electrode_s5,phase2/results/predictions/full/electrode/resnet/seed_17/bandpass_n20002_cLL_electrode_s5.npz,76250,2e747be3b6368c237cdae76b2f38baeb1bfee45e6a72d72aa7635dad6aa493cf
resnet,electrode,17,bandpass_n20002_cLL_electrode_s0,phase2/results/predictions/full/electrode/resnet/seed_17/bandpass_n20002_cLL_electrode_s0.npz,75901,e8399b72a9338fbdaf9c7dcc0e28fd6889c4530ba80887a092902fbc55bcc16a
resnet,electrode,17,bandpass_n20002_cLL_covariance_s20,phase2/results/predictions/full/electrode/resnet/seed_17/bandpass_n20002_cLL_covariance_s20.npz,76584,29935cdfa27e8f107cf342a54814667b4a7c234289c1b39408917465f84c6187
resnet,electrode,17,bandpass_n20002_cLL_covariance_s15,phase2/results/predictions/full/electrode/resnet/seed_17/bandpass_n20002_cLL_covariance_s15.npz,76546,e712d4fc396ff693c280bec4e8c2eebc08160baa7a10b5f296fd81f0d0501df4
resnet,electrode,17,bandpass_n20002_cLL_covariance_s10,phase2/results/predictions/full/electrode/resnet/seed_17/bandpass_n20002_cLL_covariance_s10.npz,76499,1c06168a693e2c15346e057e2a14572f7a6739e069c6e84573c99fb7048f27a3
resnet,electrode,17,bandpass_n20002_cLL_covariance_s5,phase2/results/predictions/full/electrode/resnet/seed_17/bandpass_n20002_cLL_covariance_s5.npz,76245,3ed1e63e260fc8689c24202e9b6acd16598b3196f1e08485ab98f5e3aa2eb929
resnet,electrode,17,bandpass_n20002_cLL_covariance_s0,phase2/results/predictions/full/electrode/resnet/seed_17/bandpass_n20002_cLL_covariance_s0.npz,75892,5b4a955afe4bf367ac2068045ec0c49cce50e29e21596c66a6ec8088ff75fd7b
resnet,electrode,17,bandpass_n20002_cRA_V1_independent_rms_s20,phase2/results/predictions/full/electrode/resnet/seed_17/bandpass_n20002_cRA_V1_independent_rms_s20.npz,76599,56ac048e8296798f7f406fe0cae33d2927238e737eba40874a0b454616511124
resnet,electrode,17,bandpass_n20002_cRA_V1_independent_rms_s15,phase2/results/predictions/full/electrode/resnet/seed_17/bandpass_n20002_cRA_V1_independent_rms_s15.npz,76580,0afda6028c72985efecdfb4ad28c000282d9edd189110eaf97704c9995b10da8
resnet,electrode,17,bandpass_n20002_cRA_V1_independent_rms_s10,phase2/results/predictions/full/electrode/resnet/seed_17/bandpass_n20002_cRA_V1_independent_rms_s10.npz,76552,1d73f0311bbae11f4801620071808f34cfb90dfe1076a711cd379d04247c9dde
resnet,electrode,17,bandpass_n20002_cRA_V1_independent_rms_s5,phase2/results/predictions/full/electrode/resnet/seed_17/bandpass_n20002_cRA_V1_independent_rms_s5.npz,76454,9a3bf143fe52842cab6af65357e8bc4fe2e99fd34984c708f5006558ff952547
resnet,electrode,17,bandpass_n20002_cRA_V1_independent_rms_s0,phase2/results/predictions/full/electrode/resnet/seed_17/bandpass_n20002_cRA_V1_independent_rms_s0.npz,76171,2555d5985f65912a1ba176d6f3e084464b8517d85b87e75ebb5a6be60ea679f6
resnet,electrode,17,bandpass_n20002_cRA_V1_electrode_s20,phase2/results/predictions/full/electrode/resnet/seed_17/bandpass_n20002_cRA_V1_electrode_s20.npz,76571,18e53e8811e5c2c1da6ff13e137de19959a046bf13f31fdfcef511cf5791c025
resnet,electrode,17,bandpass_n20002_cRA_V1_electrode_s15,phase2/results/predictions/full/electrode/resnet/seed_17/bandpass_n20002_cRA_V1_electrode_s15.npz,76545,dcac03b741901c73aaad9e1d45fe470504d4ead9d45811b30b45aa295b03b207
resnet,electrode,17,bandpass_n20002_cRA_V1_electrode_s10,phase2/results/predictions/full/electrode/resnet/seed_17/bandpass_n20002_cRA_V1_electrode_s10.npz,76460,6aff21e293975519c3915138e15ae8083cdac71a6337d6cf46911f116d026006
resnet,electrode,17,bandpass_n20002_cRA_V1_electrode_s5,phase2/results/predictions/full/electrode/resnet/seed_17/bandpass_n20002_cRA_V1_electrode_s5.npz,76301,14bda679193011e83cb37195f2c48af12e8f934d9eb85f598c1ceb3527ee3a92
resnet,electrode,17,bandpass_n20002_cRA_V1_electrode_s0,phase2/results/predictions/full/electrode/resnet/seed_17/bandpass_n20002_cRA_V1_electrode_s0.npz,76104,9f0797b38c09041db0173d9b2bb30b08d5dfcb7c8bf355e3a35c0b2416973c7c
resnet,electrode,17,bandpass_n20002_cRA_V1_covariance_s20,phase2/results/predictions/full/electrode/resnet/seed_17/bandpass_n20002_cRA_V1_covariance_s20.npz,76588,78a5c74759480f0f903898ec415dd4b3613fa871297825087a30ea2cf31189a9
resnet,electrode,17,bandpass_n20002_cRA_V1_covariance_s15,phase2/results/predictions/full/electrode/resnet/seed_17/bandpass_n20002_cRA_V1_covariance_s15.npz,76559,a16d10cf89fd10dd34a43e81aa79efa0b9455dd55f76fef2f89d8f1b5990f859
resnet,electrode,17,bandpass_n20002_cRA_V1_covariance_s10,phase2/results/predictions/full/electrode/resnet/seed_17/bandpass_n20002_cRA_V1_covariance_s10.npz,76467,496dd663583cfc259db3cfeb599c0e86922d24188bb8f3cc533eb27d4bb38c35
resnet,electrode,17,bandpass_n20002_cRA_V1_covariance_s5,phase2/results/predictions/full/electrode/resnet/seed_17/bandpass_n20002_cRA_V1_covariance_s5.npz,76307,043868104f1a07ecaa233b8537823ad6eb6372604863e382ee60885b7f88b69e
resnet,electrode,17,bandpass_n20002_cRA_V1_covariance_s0,phase2/results/predictions/full/electrode/resnet/seed_17/bandpass_n20002_cRA_V1_covariance_s0.npz,76115,c69756c4231d6daff8da166e40c855fd9c2eb63e599b5d4e0657ba829696703c
resnet,electrode,17,bandpass_n20002_cLA_V6_independent_rms_s20,phase2/results/predictions/full/electrode/resnet/seed_17/bandpass_n20002_cLA_V6_independent_rms_s20.npz,76576,206c41a32cb390217ec4174b1fe4018e52be096cafb58af4dd38d4de597b9ffc
resnet,electrode,17,bandpass_n20002_cLA_V6_independent_rms_s15,phase2/results/predictions/full/electrode/resnet/seed_17/bandpass_n20002_cLA_V6_independent_rms_s15.npz,76597,24e890b841885d5f60840b8ffa49cc498f47c8ca15f6c6aa13ce44371e7de627
resnet,electrode,17,bandpass_n20002_cLA_V6_independent_rms_s10,phase2/results/predictions/full/electrode/resnet/seed_17/bandpass_n20002_cLA_V6_independent_rms_s10.npz,76550,4a90b2175f2461968ea251944691e3bdd1c04f60717fd0eb9540fcdf77ed20c9
resnet,electrode,17,bandpass_n20002_cLA_V6_independent_rms_s5,phase2/results/predictions/full/electrode/resnet/seed_17/bandpass_n20002_cLA_V6_independent_rms_s5.npz,76412,19b5427d136e73dff8bd9d0efe2e97ba9ae73ab3f9d1dcdb64d894db023187d6
resnet,electrode,17,bandpass_n20002_cLA_V6_independent_rms_s0,phase2/results/predictions/full/electrode/resnet/seed_17/bandpass_n20002_cLA_V6_independent_rms_s0.npz,76168,d79367a80224b0308849e5a9de2daa645d599e6d670fd313dd7045ee6e792126
resnet,electrode,17,bandpass_n20002_cLA_V6_electrode_s20,phase2/results/predictions/full/electrode/resnet/seed_17/bandpass_n20002_cLA_V6_electrode_s20.npz,76588,96d275f68d9b5b319b5fa8308588bf3e4b328fdb890b2a6d65cc555ef6345316
resnet,electrode,17,bandpass_n20002_cLA_V6_electrode_s15,phase2/results/predictions/full/electrode/resnet/seed_17/bandpass_n20002_cLA_V6_electrode_s15.npz,76550,237cf37b972aaf5b67813ea15f88ec6a9826ee729775491dcb71d64a15cd2c6b
resnet,electrode,17,bandpass_n20002_cLA_V6_electrode_s10,phase2/results/predictions/full/electrode/resnet/seed_17/bandpass_n20002_cLA_V6_electrode_s10.npz,76515,e0c5d3321e88b5ae271e51379d19f857d6187c5b6ad3bea670cebc2ebc6703df
resnet,electrode,17,bandpass_n20002_cLA_V6_electrode_s5,phase2/results/predictions/full/electrode/resnet/seed_17/bandpass_n20002_cLA_V6_electrode_s5.npz,76350,c32712f3326d1f74f274a8c6659c58a0587b6260272203a6598081e7d44f171b
resnet,electrode,17,bandpass_n20002_cLA_V6_electrode_s0,phase2/results/predictions/full/electrode/resnet/seed_17/bandpass_n20002_cLA_V6_electrode_s0.npz,75957,15c8c49c6f62b056310bea035d9637c1997a8f856330ed2a15064eb8e2995e4e
resnet,electrode,17,bandpass_n20002_cLA_V6_covariance_s20,phase2/results/predictions/full/electrode/resnet/seed_17/bandpass_n20002_cLA_V6_covariance_s20.npz,76584,8d1f31be30c56f1e1ad41e7d9fc6d1176e88d455a2a393f1e3169b5a4a3b2e28
resnet,electrode,17,bandpass_n20002_cLA_V6_covariance_s15,phase2/results/predictions/full/electrode/resnet/seed_17/bandpass_n20002_cLA_V6_covariance_s15.npz,76576,d37aae5c5f74a777c4db109c63b25b87befa66cb670a9746a26ca3b4fb89c8e9
resnet,electrode,17,bandpass_n20002_cLA_V6_covariance_s10,phase2/results/predictions/full/electrode/resnet/seed_17/bandpass_n20002_cLA_V6_covariance_s10.npz,76566,062e3617cf49b1455c7fab35d73c5c717bf440bff0459b3b741f23c563010e93
resnet,electrode,17,bandpass_n20002_cLA_V6_covariance_s5,phase2/results/predictions/full/electrode/resnet/seed_17/bandpass_n20002_cLA_V6_covariance_s5.npz,76345,2b79241b80e8d34487dc1d13236ed32fdd03d7f043638281ffa2f265f74b38c9
resnet,electrode,17,bandpass_n20002_cLA_V6_covariance_s0,phase2/results/predictions/full/electrode/resnet/seed_17/bandpass_n20002_cLA_V6_covariance_s0.npz,75985,4ada1c34f78a1da1e5134dcfe22865a65b740a72e09cf85fe9b01eff23ec1403
resnet,electrode,17,bandpass_n20002_cLL_V4_independent_rms_s20,phase2/results/predictions/full/electrode/resnet/seed_17/bandpass_n20002_cLL_V4_independent_rms_s20.npz,76566,9b365ae59bd87d11e474c5542d5b6bd030fc2f1623280d803e7e322e8d732ffd
resnet,electrode,17,bandpass_n20002_cLL_V4_independent_rms_s15,phase2/results/predictions/full/electrode/resnet/seed_17/bandpass_n20002_cLL_V4_independent_rms_s15.npz,76563,0c2bab98b88f5e9e39bfadbe2849bf49ee021217f1f8cae2d954203e3dcaaeb3
resnet,electrode,17,bandpass_n20002_cLL_V4_independent_rms_s10,phase2/results/predictions/full/electrode/resnet/seed_17/bandpass_n20002_cLL_V4_independent_rms_s10.npz,76566,cfdd11af06ffae90aaa662cce5d58c4fc39425da8012b0e530a0ac1fef00dce5
resnet,electrode,17,bandpass_n20002_cLL_V4_independent_rms_s5,phase2/results/predictions/full/electrode/resnet/seed_17/bandpass_n20002_cLL_V4_independent_rms_s5.npz,76426,72237dd8e0afaac12a2d0f8e2bea0fa3aec7e564369353e68038da4f20326f4b
resnet,electrode,17,bandpass_n20002_cLL_V4_independent_rms_s0,phase2/results/predictions/full/electrode/resnet/seed_17/bandpass_n20002_cLL_V4_independent_rms_s0.npz,76132,ca3eab7860db36e96ded8d64b67ccb2ff29181ea9e8cfc3814241835a6a2741a
resnet,electrode,17,bandpass_n20002_cLL_V4_electrode_s20,phase2/results/predictions/full/electrode/resnet/seed_17/bandpass_n20002_cLL_V4_electrode_s20.npz,76571,3f483b0527d990cac6b1f91d0fdfb1d4742b9299dea22f91858e251c1e4f4476
resnet,electrode,17,bandpass_n20002_cLL_V4_electrode_s15,phase2/results/predictions/full/electrode/resnet/seed_17/bandpass_n20002_cLL_V4_electrode_s15.npz,76554,efdf30e00441a49290920982d55e892e5111f1b9e3f42e649e6614c4a297f270
resnet,electrode,17,bandpass_n20002_cLL_V4_electrode_s10,phase2/results/predictions/full/electrode/resnet/seed_17/bandpass_n20002_cLL_V4_electrode_s10.npz,76518,b2848f3ae2ac637cb6795b2c48fa70673e258f987c5ec89bf2ecbdba5255a088
resnet,electrode,17,bandpass_n20002_cLL_V4_electrode_s5,phase2/results/predictions/full/electrode/resnet/seed_17/bandpass_n20002_cLL_V4_electrode_s5.npz,76295,7e0169972f5c5cf55c33d6e08ecac363fa90620a54390313cc705e2baa3478b1
resnet,electrode,17,bandpass_n20002_cLL_V4_electrode_s0,phase2/results/predictions/full/electrode/resnet/seed_17/bandpass_n20002_cLL_V4_electrode_s0.npz,76012,b0f8438a9964dde68c86c2f5b9c34620dce7169819688223e2f1f6247fbcf1e2
resnet,electrode,17,bandpass_n20002_cLL_V4_covariance_s20,phase2/results/predictions/full/electrode/resnet/seed_17/bandpass_n20002_cLL_V4_covariance_s20.npz,76600,ad8d4b87076d21db5b4804819c51a894a873bffc91f4c02ae096ef9fbd85407b
resnet,electrode,17,bandpass_n20002_cLL_V4_covariance_s15,phase2/results/predictions/full/electrode/resnet/seed_17/bandpass_n20002_cLL_V4_covariance_s15.npz,76596,f972b53c84889a6a8379432f4b2ea6e0c1cb84f18762fb2cad6cc4445363e4f9
resnet,electrode,17,bandpass_n20002_cLL_V4_covariance_s10,phase2/results/predictions/full/electrode/resnet/seed_17/bandpass_n20002_cLL_V4_covariance_s10.npz,76504,ad5cd12f0c5c63dcd93a28b19117ee7a18909f760f33c47fab92e0e217282fa5
resnet,electrode,17,bandpass_n20002_cLL_V4_covariance_s5,phase2/results/predictions/full/electrode/resnet/seed_17/bandpass_n20002_cLL_V4_covariance_s5.npz,76287,f879b8cd77812eef388379f3927849474b22a0d918f27596ae15c7b182ee050d
resnet,electrode,17,bandpass_n20002_cLL_V4_covariance_s0,phase2/results/predictions/full/electrode/resnet/seed_17/bandpass_n20002_cLL_V4_covariance_s0.npz,75986,ea17ebb895d75c6d95bb5e09e5fba7d73d7dea5a6ae051301499d96c5478cf48
resnet,electrode,17,bandpass_n20002_cRA_LA_V1_V6_independent_rms_s20,phase2/results/predictions/full/electrode/resnet/seed_17/bandpass_n20002_cRA_LA_V1_V6_independent_rms_s20.npz,76649,5c2e31d7887247023365e5caa8908bb2be2f203dd86b39b01d5650c53befc2cf
resnet,electrode,17,bandpass_n20002_cRA_LA_V1_V6_independent_rms_s15,phase2/results/predictions/full/electrode/resnet/seed_17/bandpass_n20002_cRA_LA_V1_V6_independent_rms_s15.npz,76588,b73265677c1ae64c525b1e329886a1ec404d4262b388b83693fce828f8f29b7a
resnet,electrode,17,bandpass_n20002_cRA_LA_V1_V6_independent_rms_s10,phase2/results/predictions/full/electrode/resnet/seed_17/bandpass_n20002_cRA_LA_V1_V6_independent_rms_s10.npz,76539,7fa51ae87df62cf35438e0bf1413dbff828a4de4426cf38f1e6875cb2b94ae1a
resnet,electrode,17,bandpass_n20002_cRA_LA_V1_V6_independent_rms_s5,phase2/results/predictions/full/electrode/resnet/seed_17/bandpass_n20002_cRA_LA_V1_V6_independent_rms_s5.npz,76408,4aef3a89d7a3d0e11c06d20577610f8f47555ef91b892206d87094acd20f610d
resnet,electrode,17,bandpass_n20002_cRA_LA_V1_V6_independent_rms_s0,phase2/results/predictions/full/electrode/resnet/seed_17/bandpass_n20002_cRA_LA_V1_V6_independent_rms_s0.npz,76172,6a70412c9a96cfe41f5168eb897ef4d3bef6237e33774496dcd2c4635d2425b0
resnet,electrode,17,bandpass_n20002_cRA_LA_V1_V6_electrode_s20,phase2/results/predictions/full/electrode/resnet/seed_17/bandpass_n20002_cRA_LA_V1_V6_electrode_s20.npz,76588,8eccebc3dcda474ba34a5815bff6223efe42e4c315997adaa7be7d92a71dcbe1
resnet,electrode,17,bandpass_n20002_cRA_LA_V1_V6_electrode_s15,phase2/results/predictions/full/electrode/resnet/seed_17/bandpass_n20002_cRA_LA_V1_V6_electrode_s15.npz,76594,aacb30d1a1315cebbb04270e3c3666deab33d5e3cd1fd286da4dd9301462b8bf
resnet,electrode,17,bandpass_n20002_cRA_LA_V1_V6_electrode_s10,phase2/results/predictions/full/electrode/resnet/seed_17/bandpass_n20002_cRA_LA_V1_V6_electrode_s10.npz,76503,40f3b8a2c05f62502e1aa87df5be763aa1b7c5e28e8721cc9b2960add0699f38
resnet,electrode,17,bandpass_n20002_cRA_LA_V1_V6_electrode_s5,phase2/results/predictions/full/electrode/resnet/seed_17/bandpass_n20002_cRA_LA_V1_V6_electrode_s5.npz,76307,8f795d96f275d3dbf792042a095f89c68529a7bde0046204bba6d815b89f8e34
resnet,electrode,17,bandpass_n20002_cRA_LA_V1_V6_electrode_s0,phase2/results/predictions/full/electrode/resnet/seed_17/bandpass_n20002_cRA_LA_V1_V6_electrode_s0.npz,76060,1408e09c79fed861f593e581a4476aafb06ea45769f077c71bc82dbe770e1ce9
resnet,electrode,17,bandpass_n20002_cRA_LA_V1_V6_covariance_s20,phase2/results/predictions/full/electrode/resnet/seed_17/bandpass_n20002_cRA_LA_V1_V6_covariance_s20.npz,76642,8772daa010664223f7ca3dfd814347fc60d344628733488cbe42447d4bf35061
resnet,electrode,17,bandpass_n20002_cRA_LA_V1_V6_covariance_s15,phase2/results/predictions/full/electrode/resnet/seed_17/bandpass_n20002_cRA_LA_V1_V6_covariance_s15.npz,76594,b35d30a32a4d78c730f5a9fd3c616a8fd6983ad3b1a5469a5568317bfca0add5
resnet,electrode,17,bandpass_n20002_cRA_LA_V1_V6_covariance_s10,phase2/results/predictions/full/electrode/resnet/seed_17/bandpass_n20002_cRA_LA_V1_V6_covariance_s10.npz,76544,93146f1b7ca5e63dbce9cab400e92bdeeb562254485af7a2b5c1070dcffd6714
resnet,electrode,17,bandpass_n20002_cRA_LA_V1_V6_covariance_s5,phase2/results/predictions/full/electrode/resnet/seed_17/bandpass_n20002_cRA_LA_V1_V6_covariance_s5.npz,76313,a9f8dc9b7f1c6372b0e81ebfcc701185a6ad255c265172f8c6bdaf0f3bb4c6aa
resnet,electrode,17,bandpass_n20002_cRA_LA_V1_V6_covariance_s0,phase2/results/predictions/full/electrode/resnet/seed_17/bandpass_n20002_cRA_LA_V1_V6_covariance_s0.npz,76044,241f000ed45ed14ce8aca3abb4d8e1d1f8b0861fe00d335c93d7e67d0573c10b
resnet,electrode,17,bandpass_n20002_cRA_V2_V5_independent_rms_s20,phase2/results/predictions/full/electrode/resnet/seed_17/bandpass_n20002_cRA_V2_V5_independent_rms_s20.npz,76605,a65a41fe2ab46dc21aec3d898330708c43ba0a976e8f99bd0e13511613d867e9
resnet,electrode,17,bandpass_n20002_cRA_V2_V5_independent_rms_s15,phase2/results/predictions/full/electrode/resnet/seed_17/bandpass_n20002_cRA_V2_V5_independent_rms_s15.npz,76559,d10d8ee72758b13bc86290fec31b0fd57b318bc33dc95d401f5cc86899126501
resnet,electrode,17,bandpass_n20002_cRA_V2_V5_independent_rms_s10,phase2/results/predictions/full/electrode/resnet/seed_17/bandpass_n20002_cRA_V2_V5_independent_rms_s10.npz,76588,92bed3f160ec9ed27f66084166030dc11312066453c329b5c0bc26347729c548
resnet,electrode,17,bandpass_n20002_cRA_V2_V5_independent_rms_s5,phase2/results/predictions/full/electrode/resnet/seed_17/bandpass_n20002_cRA_V2_V5_independent_rms_s5.npz,76419,26c62158c4fdbb34c76defdc054aa1caa66125d5b9e4cbd7842ced1795b0e728
resnet,electrode,17,bandpass_n20002_cRA_V2_V5_independent_rms_s0,phase2/results/predictions/full/electrode/resnet/seed_17/bandpass_n20002_cRA_V2_V5_independent_rms_s0.npz,76224,88506a6ac77b0a2b22afe0bf2a413d2f7a1e91a4663643837ee40c2f11b59ca0
resnet,electrode,17,bandpass_n20002_cRA_V2_V5_electrode_s20,phase2/results/predictions/full/electrode/resnet/seed_17/bandpass_n20002_cRA_V2_V5_electrode_s20.npz,76600,b7b6738b3657eea1278ac41a45a985846e5d14635c9cf510028cd90da7d39133
resnet,electrode,17,bandpass_n20002_cRA_V2_V5_electrode_s15,phase2/results/predictions/full/electrode/resnet/seed_17/bandpass_n20002_cRA_V2_V5_electrode_s15.npz,76545,0ee3f47b2519e446bd9b37730a158f26020f236d8ad0a1d11dfb75b89ac84f07
resnet,electrode,17,bandpass_n20002_cRA_V2_V5_electrode_s10,phase2/results/predictions/full/electrode/resnet/seed_17/bandpass_n20002_cRA_V2_V5_electrode_s10.npz,76486,8bd4741d162b388ab1f7a5da97faa502db94680625a685ec006a672ada06f53d
resnet,electrode,17,bandpass_n20002_cRA_V2_V5_electrode_s5,phase2/results/predictions/full/electrode/resnet/seed_17/bandpass_n20002_cRA_V2_V5_electrode_s5.npz,76293,eec3c28b9797c409da28c2046bcb8be9cc1c0b4b41ea7a36838fa2bc32244440
resnet,electrode,17,bandpass_n20002_cRA_V2_V5_electrode_s0,phase2/results/predictions/full/electrode/resnet/seed_17/bandpass_n20002_cRA_V2_V5_electrode_s0.npz,76158,3e6c955be02c32f3de7e7a36ee47918b14cb5a0d0798876529b811fcfc907b82
resnet,electrode,17,bandpass_n20002_cRA_V2_V5_covariance_s20,phase2/results/predictions/full/electrode/resnet/seed_17/bandpass_n20002_cRA_V2_V5_covariance_s20.npz,76610,17c4b9a25d0f62f6687bbaef263a963a9fd82bc07bab75d03142704eaaae4967
resnet,electrode,17,bandpass_n20002_cRA_V2_V5_covariance_s15,phase2/results/predictions/full/electrode/resnet/seed_17/bandpass_n20002_cRA_V2_V5_covariance_s15.npz,76569,eed7263354627ea4529fecb0366a6eafba6fe9fce05f532d1e247bd6034729ce
resnet,electrode,17,bandpass_n20002_cRA_V2_V5_covariance_s10,phase2/results/predictions/full/electrode/resnet/seed_17/bandpass_n20002_cRA_V2_V5_covariance_s10.npz,76481,8747b7f1bbc4dfcdd9e293414851bf652c59a9d1676e539e504abc5f471dad0d
resnet,electrode,17,bandpass_n20002_cRA_V2_V5_covariance_s5,phase2/results/predictions/full/electrode/resnet/seed_17/bandpass_n20002_cRA_V2_V5_covariance_s5.npz,76333,e484e72dc51998a6ab69a88eb4b2a524a8293ae1127dad500c3ea769db869279
resnet,electrode,17,bandpass_n20002_cRA_V2_V5_covariance_s0,phase2/results/predictions/full/electrode/resnet/seed_17/bandpass_n20002_cRA_V2_V5_covariance_s0.npz,76140,a6a0963e93c3891a453d06de95f6ce5284f8de33e67026cc53c241c75c5c5b5e
resnet,electrode,17,bandpass_n20002_cLA_V3_V6_independent_rms_s20,phase2/results/predictions/full/electrode/resnet/seed_17/bandpass_n20002_cLA_V3_V6_independent_rms_s20.npz,76589,c1e4225c89a2309b9cf5601935f5a34b51efbaeb86eb836d1d4be5ab88d14d75
resnet,electrode,17,bandpass_n20002_cLA_V3_V6_independent_rms_s15,phase2/results/predictions/full/electrode/resnet/seed_17/bandpass_n20002_cLA_V3_V6_independent_rms_s15.npz,76611,eede1e3a8ce71c1083743b7b39be7672f92494f1adc16b9b5f6bda311ae3b17d
resnet,electrode,17,bandpass_n20002_cLA_V3_V6_independent_rms_s10,phase2/results/predictions/full/electrode/resnet/seed_17/bandpass_n20002_cLA_V3_V6_independent_rms_s10.npz,76540,8bc4d7fab4a83475c911939b2af1e2ef4be79c6538b90a0aa30c1272b1a4d9b7
resnet,electrode,17,bandpass_n20002_cLA_V3_V6_independent_rms_s5,phase2/results/predictions/full/electrode/resnet/seed_17/bandpass_n20002_cLA_V3_V6_independent_rms_s5.npz,76434,f8f336dc9884313bf9e323502e5f03c375a4404a8b57fe6cd239f012ced99cbb
resnet,electrode,17,bandpass_n20002_cLA_V3_V6_independent_rms_s0,phase2/results/predictions/full/electrode/resnet/seed_17/bandpass_n20002_cLA_V3_V6_independent_rms_s0.npz,76180,bd7a7a8bc04defd222992524c49f8c6ab7c73ac831a505a45f3a4ce2bcd7ec14
resnet,electrode,17,bandpass_n20002_cLA_V3_V6_electrode_s20,phase2/results/predictions/full/electrode/resnet/seed_17/bandpass_n20002_cLA_V3_V6_electrode_s20.npz,76613,0ae781d46cd6869dfab14e2fad2d8d7f0c9806469271f4df4dccb164fd2c5dad
resnet,electrode,17,bandpass_n20002_cLA_V3_V6_electrode_s15,phase2/results/predictions/full/electrode/resnet/seed_17/bandpass_n20002_cLA_V3_V6_electrode_s15.npz,76572,1e074d3ac6b9be75ee2d1541e1ff0490f3d0c7db0291346ee4701f3cb614e44a
resnet,electrode,17,bandpass_n20002_cLA_V3_V6_electrode_s10,phase2/results/predictions/full/electrode/resnet/seed_17/bandpass_n20002_cLA_V3_V6_electrode_s10.npz,76526,bab6c44ca75d6bf611b71fb8244194b85e84262623a3873339a52adf72f5fa50
resnet,electrode,17,bandpass_n20002_cLA_V3_V6_electrode_s5,phase2/results/predictions/full/electrode/resnet/seed_17/bandpass_n20002_cLA_V3_V6_electrode_s5.npz,76344,c3f429e9295d7d6917a5361ccd40d14003ebd2a6db92d17a4fc987d8452560b2
resnet,electrode,17,bandpass_n20002_cLA_V3_V6_electrode_s0,phase2/results/predictions/full/electrode/resnet/seed_17/bandpass_n20002_cLA_V3_V6_electrode_s0.npz,76034,3b1ef648d1013e4e4549e921f165dfeb37c3368d2503776cd552a062ebf4057b
resnet,electrode,17,bandpass_n20002_cLA_V3_V6_covariance_s20,phase2/results/predictions/full/electrode/resnet/seed_17/bandpass_n20002_cLA_V3_V6_covariance_s20.npz,76590,a496cce350dca2d8652d1058bc82406e929b7ca17fa3754d5f0ff5b1659f285a
resnet,electrode,17,bandpass_n20002_cLA_V3_V6_covariance_s15,phase2/results/predictions/full/electrode/resnet/seed_17/bandpass_n20002_cLA_V3_V6_covariance_s15.npz,76578,072d04bf6a805ed00fb123dbbfa9be76831a2d6004595cf476655ef2277f6b55
resnet,electrode,17,bandpass_n20002_cLA_V3_V6_covariance_s10,phase2/results/predictions/full/electrode/resnet/seed_17/bandpass_n20002_cLA_V3_V6_covariance_s10.npz,76543,dea07fadbbb090518f0e31ad17e17fd14e2eccb32ab56a9a33010684b63e717b
resnet,electrode,17,bandpass_n20002_cLA_V3_V6_covariance_s5,phase2/results/predictions/full/electrode/resnet/seed_17/bandpass_n20002_cLA_V3_V6_covariance_s5.npz,76349,2c1cc95332d16d00df7707a3c623cc83e7d229e572f889278acaac8fc30121d3
resnet,electrode,17,bandpass_n20002_cLA_V3_V6_covariance_s0,phase2/results/predictions/full/electrode/resnet/seed_17/bandpass_n20002_cLA_V3_V6_covariance_s0.npz,75968,aec6c014d4bf6638913eb09208c88b0a0d28348ec35b97cb60e163d5adad6722
resnet,electrode,17,bandpass_n20002_cLL_V1_V4_independent_rms_s20,phase2/results/predictions/full/electrode/resnet/seed_17/bandpass_n20002_cLL_V1_V4_independent_rms_s20.npz,76580,e88385298c38ab53f99ea4a5b426fda39d5e8ef0e064a80dd89e7fad283eb1af
resnet,electrode,17,bandpass_n20002_cLL_V1_V4_independent_rms_s15,phase2/results/predictions/full/electrode/resnet/seed_17/bandpass_n20002_cLL_V1_V4_independent_rms_s15.npz,76589,70101a017d278fe1b82946940fdd021ec3b71a0143768e7861a1de5a9da009b6
resnet,electrode,17,bandpass_n20002_cLL_V1_V4_independent_rms_s10,phase2/results/predictions/full/electrode/resnet/seed_17/bandpass_n20002_cLL_V1_V4_independent_rms_s10.npz,76550,ce68a7487e92643913f53026ccd360eb18bada0637fe1796941322ece74d9280
resnet,electrode,17,bandpass_n20002_cLL_V1_V4_independent_rms_s5,phase2/results/predictions/full/electrode/resnet/seed_17/bandpass_n20002_cLL_V1_V4_independent_rms_s5.npz,76394,221dceb478c5166075a1090c54347ebcf4bf260516996355f2855ddd471346e9
resnet,electrode,17,bandpass_n20002_cLL_V1_V4_independent_rms_s0,phase2/results/predictions/full/electrode/resnet/seed_17/bandpass_n20002_cLL_V1_V4_independent_rms_s0.npz,76151,465b10913722d741bc356b7b0f79737d014bc06370c3521b9dc16aa985586f63
resnet,electrode,17,bandpass_n20002_cLL_V1_V4_electrode_s20,phase2/results/predictions/full/electrode/resnet/seed_17/bandpass_n20002_cLL_V1_V4_electrode_s20.npz,76597,ad8ce2409618ce4393aaf477b09637d397dbc3331755766ea97929070b18f248
resnet,electrode,17,bandpass_n20002_cLL_V1_V4_electrode_s15,phase2/results/predictions/full/electrode/resnet/seed_17/bandpass_n20002_cLL_V1_V4_electrode_s15.npz,76563,f3b7b52431225f20dacc7880f98fe070d33df9b4b6555bf6885715b671fb1b50
resnet,electrode,17,bandpass_n20002_cLL_V1_V4_electrode_s10,phase2/results/predictions/full/electrode/resnet/seed_17/bandpass_n20002_cLL_V1_V4_electrode_s10.npz,76479,9b65b49e02f2e86718953b83abf441b6d55e004d6cc7ee250cf48c6bfda7bc40
resnet,electrode,17,bandpass_n20002_cLL_V1_V4_electrode_s5,phase2/results/predictions/full/electrode/resnet/seed_17/bandpass_n20002_cLL_V1_V4_electrode_s5.npz,76316,3b2f1c090191c355670f2fcf8aed294568da60635eb248cf692d2dc89d73e839
resnet,electrode,17,bandpass_n20002_cLL_V1_V4_electrode_s0,phase2/results/predictions/full/electrode/resnet/seed_17/bandpass_n20002_cLL_V1_V4_electrode_s0.npz,76014,0561d24dd600a7f5f6b7f4f8755cdd6ef75a423598f652a13872f1383535b5b3
resnet,electrode,17,bandpass_n20002_cLL_V1_V4_covariance_s20,phase2/results/predictions/full/electrode/resnet/seed_17/bandpass_n20002_cLL_V1_V4_covariance_s20.npz,76596,8b1a548db5455eb4a715a77ea82ab21fd5ad23439f6999d920154099bbce5557
resnet,electrode,17,bandpass_n20002_cLL_V1_V4_covariance_s15,phase2/results/predictions/full/electrode/resnet/seed_17/bandpass_n20002_cLL_V1_V4_covariance_s15.npz,76590,6f2753971ba886ba8e58b60948b9d79ea93e43d12e07b8eac3df21936798a274
resnet,electrode,17,bandpass_n20002_cLL_V1_V4_covariance_s10,phase2/results/predictions/full/electrode/resnet/seed_17/bandpass_n20002_cLL_V1_V4_covariance_s10.npz,76528,91d6dd6c6d883ec77a41e68cd804efae99915dfb3ee14b21746195099fc00072
resnet,electrode,17,bandpass_n20002_cLL_V1_V4_covariance_s5,phase2/results/predictions/full/electrode/resnet/seed_17/bandpass_n20002_cLL_V1_V4_covariance_s5.npz,76288,87a05d7346fa9a0ec24b48801c59a69f56dc85b45283dc58c7afc8f1e9b4b5b7
resnet,electrode,17,bandpass_n20002_cLL_V1_V4_covariance_s0,phase2/results/predictions/full/electrode/resnet/seed_17/bandpass_n20002_cLL_V1_V4_covariance_s0.npz,75992,ed85ef56737afa7f2d2e708871af52ccfadc616f94a6eb66ade66cd4ef7a0d7d
resnet,electrode,17,bandpass_n20002_call_independent_rms_s20,phase2/results/predictions/full/electrode/resnet/seed_17/bandpass_n20002_call_independent_rms_s20.npz,76566,16e5ca0c18165b3e8c6bb747a67519e6f5504f74fef5588c6adb9acb7747c524
resnet,electrode,17,bandpass_n20002_call_independent_rms_s15,phase2/results/predictions/full/electrode/resnet/seed_17/bandpass_n20002_call_independent_rms_s15.npz,76567,bb524f34d6524b66e288a57ec2fd256d7f7e245fdba73073e4cc1a0591e369ab
resnet,electrode,17,bandpass_n20002_call_independent_rms_s10,phase2/results/predictions/full/electrode/resnet/seed_17/bandpass_n20002_call_independent_rms_s10.npz,76531,4a42c3b660214413789efa597c3e05cb954afa098d7e9570048ccd1faf2f1a19
resnet,electrode,17,bandpass_n20002_call_independent_rms_s5,phase2/results/predictions/full/electrode/resnet/seed_17/bandpass_n20002_call_independent_rms_s5.npz,76410,019db62e56b421c10c13cb7b4ff450bba0035e5612659d68bf79277b76b2afd8
resnet,electrode,17,bandpass_n20002_call_independent_rms_s0,phase2/results/predictions/full/electrode/resnet/seed_17/bandpass_n20002_call_independent_rms_s0.npz,76133,bbd7cbe800626d1ae4d6be242e088e388f38fffa6110ac91e2f620e3cd8f69d5
resnet,electrode,17,bandpass_n20002_call_electrode_s20,phase2/results/predictions/full/electrode/resnet/seed_17/bandpass_n20002_call_electrode_s20.npz,76542,c67fe2da4972767964245b8e2b59e6e5748ec8c734e289efece42e586dc8df58
resnet,electrode,17,bandpass_n20002_call_electrode_s15,phase2/results/predictions/full/electrode/resnet/seed_17/bandpass_n20002_call_electrode_s15.npz,76519,6b1a767e56655bc1ae1b0855d6b6957d6fe588ece865831d06fd65590c418320
resnet,electrode,17,bandpass_n20002_call_electrode_s10,phase2/results/predictions/full/electrode/resnet/seed_17/bandpass_n20002_call_electrode_s10.npz,76445,0848a57394efb5d8aa504b4abbdc4d1ee5476d5f978c949e67bf3770f9713b64
resnet,electrode,17,bandpass_n20002_call_electrode_s5,phase2/results/predictions/full/electrode/resnet/seed_17/bandpass_n20002_call_electrode_s5.npz,76313,7dce555c6771d410c61754081b25322683c21bc5600b507e1d9d02077fe0b2ec
resnet,electrode,17,bandpass_n20002_call_electrode_s0,phase2/results/predictions/full/electrode/resnet/seed_17/bandpass_n20002_call_electrode_s0.npz,76013,5c6c4cb012367c365a6205c19408bdfd49f67d631dfb9f9b8f6477ca588ee09f
resnet,electrode,17,bandpass_n20002_call_covariance_s20,phase2/results/predictions/full/electrode/resnet/seed_17/bandpass_n20002_call_covariance_s20.npz,76534,f73244008c99962e356c002880cb8a6941ae76b04deef9be5382eb6edd37820b
resnet,electrode,17,bandpass_n20002_call_covariance_s15,phase2/results/predictions/full/electrode/resnet/seed_17/bandpass_n20002_call_covariance_s15.npz,76565,c0a5de25031faa10af65c276b3d8e195a48905f07bf068ad4e234de511689edf
resnet,electrode,17,bandpass_n20002_call_covariance_s10,phase2/results/predictions/full/electrode/resnet/seed_17/bandpass_n20002_call_covariance_s10.npz,76488,bd1c2df714a13f689d21be5aad7d0e369ee7a9b07b9075b24072b69f0d124948
resnet,electrode,17,bandpass_n20002_call_covariance_s5,phase2/results/predictions/full/electrode/resnet/seed_17/bandpass_n20002_call_covariance_s5.npz,76282,e9837e42d1eb532998a8c15d955409698ea3c5aadab068e03c18658027a41d1f
resnet,electrode,17,bandpass_n20002_call_covariance_s0,phase2/results/predictions/full/electrode/resnet/seed_17/bandpass_n20002_call_covariance_s0.npz,76020,c979301d4126f18bf78d13b9a6c794f8d0f7a4808a9d00560e1abbd8dce36bba
resnet,electrode,17,bandpass_n20003_cRA_LA_LL_independent_rms_s20,phase2/results/predictions/full/electrode/resnet/seed_17/bandpass_n20003_cRA_LA_LL_independent_rms_s20.npz,76595,ef04ecd18d86aed8815d891fc927983cd85377abd87c982e39fb129a049c970d
resnet,electrode,17,bandpass_n20003_cRA_LA_LL_independent_rms_s15,phase2/results/predictions/full/electrode/resnet/seed_17/bandpass_n20003_cRA_LA_LL_independent_rms_s15.npz,76597,8c0325b8b6cdf922c4a5707c1f42452625ab958682b2af458a49876099c25b15
resnet,electrode,17,bandpass_n20003_cRA_LA_LL_independent_rms_s10,phase2/results/predictions/full/electrode/resnet/seed_17/bandpass_n20003_cRA_LA_LL_independent_rms_s10.npz,76543,f4ebf21f121b876e664ae2dd206247f36b39c33db8f5f2d5f00f98abdb5a2146
resnet,electrode,17,bandpass_n20003_cRA_LA_LL_independent_rms_s5,phase2/results/predictions/full/electrode/resnet/seed_17/bandpass_n20003_cRA_LA_LL_independent_rms_s5.npz,76405,32ca0afe91a918429758a3bfe8e3f6bd029b32be014487fea63dcaa7547e0faa
resnet,electrode,17,bandpass_n20003_cRA_LA_LL_independent_rms_s0,phase2/results/predictions/full/electrode/resnet/seed_17/bandpass_n20003_cRA_LA_LL_independent_rms_s0.npz,76161,65362a6afcb186a402c119c46fdf4ae5975cf481bd1c3c8bea99d86ad8d13599
resnet,electrode,17,bandpass_n20003_cRA_LA_LL_electrode_s20,phase2/results/predictions/full/electrode/resnet/seed_17/bandpass_n20003_cRA_LA_LL_electrode_s20.npz,76582,8cb5b72c4eeeabc026aabce0b1a85ad6a01015a295358e1e6aa2082be3fbe382
resnet,electrode,17,bandpass_n20003_cRA_LA_LL_electrode_s15,phase2/results/predictions/full/electrode/resnet/seed_17/bandpass_n20003_cRA_LA_LL_electrode_s15.npz,76568,ce0671acbae6743fa77038b9545ed516234144353104d02485eeff2837b3e1f7
resnet,electrode,17,bandpass_n20003_cRA_LA_LL_electrode_s10,phase2/results/predictions/full/electrode/resnet/seed_17/bandpass_n20003_cRA_LA_LL_electrode_s10.npz,76462,341a324e6b0df0e4629092fddba04c7ac77196a5b7f9750948f91a3b62387139
resnet,electrode,17,bandpass_n20003_cRA_LA_LL_electrode_s5,phase2/results/predictions/full/electrode/resnet/seed_17/bandpass_n20003_cRA_LA_LL_electrode_s5.npz,76248,cba8698c391d853e1336244c6a3d1cee5e92cc5811d5c8d1eb030821dba3bb26
resnet,electrode,17,bandpass_n20003_cRA_LA_LL_electrode_s0,phase2/results/predictions/full/electrode/resnet/seed_17/bandpass_n20003_cRA_LA_LL_electrode_s0.npz,75986,71083924f84c2f0bdc8676582f1f972a3b7d1de6d8f3ad0bd8df26264e249fc6
resnet,electrode,17,bandpass_n20003_cRA_LA_LL_covariance_s20,phase2/results/predictions/full/electrode/resnet/seed_17/bandpass_n20003_cRA_LA_LL_covariance_s20.npz,76599,766addd9df8d17f81e75c3763fb5faf765d39da496ced89359736af2a7eeb916
resnet,electrode,17,bandpass_n20003_cRA_LA_LL_covariance_s15,phase2/results/predictions/full/electrode/resnet/seed_17/bandpass_n20003_cRA_LA_LL_covariance_s15.npz,76544,2f28ac1557391c722023279914ed4ba5e4623a34131b5d371118b3f04d0e5a96
resnet,electrode,17,bandpass_n20003_cRA_LA_LL_covariance_s10,phase2/results/predictions/full/electrode/resnet/seed_17/bandpass_n20003_cRA_LA_LL_covariance_s10.npz,76513,54aa1da9e8819fbce605036731c91dc77a4a371fab293a4e814a66e18b22f715
resnet,electrode,17,bandpass_n20003_cRA_LA_LL_covariance_s5,phase2/results/predictions/full/electrode/resnet/seed_17/bandpass_n20003_cRA_LA_LL_covariance_s5.npz,76309,bf6e1934ff96fabea0aa1111663c6ba69445451c256a92defb71833ad1f3bdbe
resnet,electrode,17,bandpass_n20003_cRA_LA_LL_covariance_s0,phase2/results/predictions/full/electrode/resnet/seed_17/bandpass_n20003_cRA_LA_LL_covariance_s0.npz,75989,21b1ba04831d3888b0a6fe261751368e95e8d6118df3522c1e420841a23b743d
resnet,electrode,17,bandpass_n20003_cV1_independent_rms_s20,phase2/results/predictions/full/electrode/resnet/seed_17/bandpass_n20003_cV1_independent_rms_s20.npz,76571,c052019e60bc7c526057b0dc72d87bf73af2aa3291320a61b78626b67164f4c2
resnet,electrode,17,bandpass_n20003_cV1_independent_rms_s15,phase2/results/predictions/full/electrode/resnet/seed_17/bandpass_n20003_cV1_independent_rms_s15.npz,76549,3eb5e96b0c80f2925bd56616814cbf95b7ad6524e25d42ff2659640d5050f0c2
resnet,electrode,17,bandpass_n20003_cV1_independent_rms_s10,phase2/results/predictions/full/electrode/resnet/seed_17/bandpass_n20003_cV1_independent_rms_s10.npz,76538,8f4d58e6117d852eed7b7535694269346ee798e4919e5c850d557ddb77f29b96
resnet,electrode,17,bandpass_n20003_cV1_independent_rms_s5,phase2/results/predictions/full/electrode/resnet/seed_17/bandpass_n20003_cV1_independent_rms_s5.npz,76326,b4d06494960afc7d3aedf0aea220ac5161ae964f5fc38ccfbc730116d73912e6
resnet,electrode,17,bandpass_n20003_cV1_independent_rms_s0,phase2/results/predictions/full/electrode/resnet/seed_17/bandpass_n20003_cV1_independent_rms_s0.npz,76081,c7c6b85086ec5ab0ba03e27587dbb83feed13c0867308d67f78a12eeaa030994
resnet,electrode,17,bandpass_n20003_cV1_electrode_s20,phase2/results/predictions/full/electrode/resnet/seed_17/bandpass_n20003_cV1_electrode_s20.npz,76566,b464633d6c72e889548ea8da397dc387fe3fbf8660169fc824d01bc2a3f870e8
resnet,electrode,17,bandpass_n20003_cV1_electrode_s15,phase2/results/predictions/full/electrode/resnet/seed_17/bandpass_n20003_cV1_electrode_s15.npz,76588,f189371143b34c285aeef1a297ce88f5dbb4fa503a55dca0939378e3eb92535b
resnet,electrode,17,bandpass_n20003_cV1_electrode_s10,phase2/results/predictions/full/electrode/resnet/seed_17/bandpass_n20003_cV1_electrode_s10.npz,76540,87ef2fc355b1eeb15241176d62c6963c396bcd2e05eee2d008eb505156f7cf37
resnet,electrode,17,bandpass_n20003_cV1_electrode_s5,phase2/results/predictions/full/electrode/resnet/seed_17/bandpass_n20003_cV1_electrode_s5.npz,76356,78779f656359aa1157d2b6fa6a57c31155771bab9b0cb96218a31f97c2f0ee65
resnet,electrode,17,bandpass_n20003_cV1_electrode_s0,phase2/results/predictions/full/electrode/resnet/seed_17/bandpass_n20003_cV1_electrode_s0.npz,76064,3a427467470c72cdec86d1b005243c725b102725c3f660b128ab88862fa0840d
resnet,electrode,17,bandpass_n20003_cV1_covariance_s20,phase2/results/predictions/full/electrode/resnet/seed_17/bandpass_n20003_cV1_covariance_s20.npz,76608,e8b8ab46e0280b979562c7d5e690a7dbb4edfbd6f9cdeb9d156a8e13b3e9da35
resnet,electrode,17,bandpass_n20003_cV1_covariance_s15,phase2/results/predictions/full/electrode/resnet/seed_17/bandpass_n20003_cV1_covariance_s15.npz,76557,414dc6c58a2717d60ef1e2dd466e57d9078a5356f0620fe8383fe6f25c64571c
resnet,electrode,17,bandpass_n20003_cV1_covariance_s10,phase2/results/predictions/full/electrode/resnet/seed_17/bandpass_n20003_cV1_covariance_s10.npz,76555,10d45c801f098d93255759a3e644631de95facaf21aea483f04925c94f3b0984
resnet,electrode,17,bandpass_n20003_cV1_covariance_s5,phase2/results/predictions/full/electrode/resnet/seed_17/bandpass_n20003_cV1_covariance_s5.npz,76365,995b542857522130602dec60f056e26382bd3bb46cdb7d0a87a180284c0939a0
resnet,electrode,17,bandpass_n20003_cV1_covariance_s0,phase2/results/predictions/full/electrode/resnet/seed_17/bandpass_n20003_cV1_covariance_s0.npz,76084,0d5aba18927e871b0644d36dbd60e24d5894dd6dc84799a703bf974f98f0c7d1
resnet,electrode,17,bandpass_n20003_cV2_independent_rms_s20,phase2/results/predictions/full/electrode/resnet/seed_17/bandpass_n20003_cV2_independent_rms_s20.npz,76575,fc9c04b796de03bbbfa9da47fd3f10b3161aad8d93ece3e533acbb06962072bf
resnet,electrode,17,bandpass_n20003_cV2_independent_rms_s15,phase2/results/predictions/full/electrode/resnet/seed_17/bandpass_n20003_cV2_independent_rms_s15.npz,76577,691933c934a9d0c13102b96ed70e2e0248bae047b41800f5da38f7520acc4412
resnet,electrode,17,bandpass_n20003_cV2_independent_rms_s10,phase2/results/predictions/full/electrode/resnet/seed_17/bandpass_n20003_cV2_independent_rms_s10.npz,76520,0e267bb03c0ad97e3cf5090e686c9c62c9b85264f190ce6db3f1e15655099ff5
resnet,electrode,17,bandpass_n20003_cV2_independent_rms_s5,phase2/results/predictions/full/electrode/resnet/seed_17/bandpass_n20003_cV2_independent_rms_s5.npz,76444,cdd6e7c34c00968741aa193617f7273c14149adebd9a6d4775f44a527a68c695
resnet,electrode,17,bandpass_n20003_cV2_independent_rms_s0,phase2/results/predictions/full/electrode/resnet/seed_17/bandpass_n20003_cV2_independent_rms_s0.npz,76225,5fe1aa8d76084ee6afc4b342418e71c2f9614f1e017ba580b4148afa357b66eb
resnet,electrode,17,bandpass_n20003_cV2_electrode_s20,phase2/results/predictions/full/electrode/resnet/seed_17/bandpass_n20003_cV2_electrode_s20.npz,76582,7808ce83cc2b8ab14b82a8aee162587c88def594bee41346e00883d0ca1f2b20
resnet,electrode,17,bandpass_n20003_cV2_electrode_s15,phase2/results/predictions/full/electrode/resnet/seed_17/bandpass_n20003_cV2_electrode_s15.npz,76559,bb82e7034b35bcc8d2b1dd6e7fe81ceea6c2c9b0cb75de48583f43873a2201f0
resnet,electrode,17,bandpass_n20003_cV2_electrode_s10,phase2/results/predictions/full/electrode/resnet/seed_17/bandpass_n20003_cV2_electrode_s10.npz,76544,79000e5cd8b727f0c76f1267de2648cb70d8b08f0909e5559f9d461bc2954f17
resnet,electrode,17,bandpass_n20003_cV2_electrode_s5,phase2/results/predictions/full/electrode/resnet/seed_17/bandpass_n20003_cV2_electrode_s5.npz,76440,662007c838a3650e57d4c1caf7571e38165ae122f61f317b932122270a818a26
resnet,electrode,17,bandpass_n20003_cV2_electrode_s0,phase2/results/predictions/full/electrode/resnet/seed_17/bandpass_n20003_cV2_electrode_s0.npz,76264,026ebe0d383043dac13ea7a6039526492bff18bd7d34a7e0d0310105c7049e2b
resnet,electrode,17,bandpass_n20003_cV2_covariance_s20,phase2/results/predictions/full/electrode/resnet/seed_17/bandpass_n20003_cV2_covariance_s20.npz,76582,a1083157c3c8119e928ae77792ad980c253d16a177e0a47e27c9d1f0ed23dcf4
resnet,electrode,17,bandpass_n20003_cV2_covariance_s15,phase2/results/predictions/full/electrode/resnet/seed_17/bandpass_n20003_cV2_covariance_s15.npz,76550,22e6f6ea74c7b42330a7ed9b3cfea39769090cb01aaf9715b06f4ec41a676759
resnet,electrode,17,bandpass_n20003_cV2_covariance_s10,phase2/results/predictions/full/electrode/resnet/seed_17/bandpass_n20003_cV2_covariance_s10.npz,76553,a0a4932ff995073fae39e5c959ceec7c73ea21e35eb772fd5cf8e971b56acf9a
resnet,electrode,17,bandpass_n20003_cV2_covariance_s5,phase2/results/predictions/full/electrode/resnet/seed_17/bandpass_n20003_cV2_covariance_s5.npz,76419,f797c2c0a9d1f606b56c293772f51717904932fb1334c4f79b8cf93645873cad
resnet,electrode,17,bandpass_n20003_cV2_covariance_s0,phase2/results/predictions/full/electrode/resnet/seed_17/bandpass_n20003_cV2_covariance_s0.npz,76241,44fe4a04bf26ea38efc2693d19135df0cbb32a9b7a0039a1464bb600a8695c79
resnet,electrode,17,bandpass_n20003_cV3_independent_rms_s20,phase2/results/predictions/full/electrode/resnet/seed_17/bandpass_n20003_cV3_independent_rms_s20.npz,76594,b53a0ad8cca9aeb5fb0f44f2fa9b987827009158dc5adeee8a3ecd95684dac22
resnet,electrode,17,bandpass_n20003_cV3_independent_rms_s15,phase2/results/predictions/full/electrode/resnet/seed_17/bandpass_n20003_cV3_independent_rms_s15.npz,76576,34b9f3ac29b0c6b38f4b9b49802fdaa573cf3d7dd817ef1b630aac92f55d1460
resnet,electrode,17,bandpass_n20003_cV3_independent_rms_s10,phase2/results/predictions/full/electrode/resnet/seed_17/bandpass_n20003_cV3_independent_rms_s10.npz,76545,216676ead4d775c3b373a3fd85db840fb27acd77680a5cfc4215e8aa6e7f7677
resnet,electrode,17,bandpass_n20003_cV3_independent_rms_s5,phase2/results/predictions/full/electrode/resnet/seed_17/bandpass_n20003_cV3_independent_rms_s5.npz,76453,26b90d9c9f4953c75c2e19e8eea854a9d5efdf1ce9ccdd2639e7c3fb5390f8d7
resnet,electrode,17,bandpass_n20003_cV3_independent_rms_s0,phase2/results/predictions/full/electrode/resnet/seed_17/bandpass_n20003_cV3_independent_rms_s0.npz,76223,3bfc7b708478e05410b84bdfd6417ae832006b6ef769c3deadf757c67d06c921
resnet,electrode,17,bandpass_n20003_cV3_electrode_s20,phase2/results/predictions/full/electrode/resnet/seed_17/bandpass_n20003_cV3_electrode_s20.npz,76575,23381ec962b012f9cc1aa62b195cb5967870dc5a59a16d6e8cfc5e5227f67f67
resnet,electrode,17,bandpass_n20003_cV3_electrode_s15,phase2/results/predictions/full/electrode/resnet/seed_17/bandpass_n20003_cV3_electrode_s15.npz,76595,cc8cd57f46cdd366d3f38863dd55c6351318f1cc522528fb933becb411047b77
resnet,electrode,17,bandpass_n20003_cV3_electrode_s10,phase2/results/predictions/full/electrode/resnet/seed_17/bandpass_n20003_cV3_electrode_s10.npz,76524,b3e5a9528ff49a6712070658e8b32b42d63668677de677e562891e7683d80374
resnet,electrode,17,bandpass_n20003_cV3_electrode_s5,phase2/results/predictions/full/electrode/resnet/seed_17/bandpass_n20003_cV3_electrode_s5.npz,76458,d926183004bdfb91911ee182474b06539eecbf9aef9fbfc054129184df0de383
resnet,electrode,17,bandpass_n20003_cV3_electrode_s0,phase2/results/predictions/full/electrode/resnet/seed_17/bandpass_n20003_cV3_electrode_s0.npz,76179,ab02283899b83aac554f11c741b5dc193214a7868969a16029910577d91d79ff
resnet,electrode,17,bandpass_n20003_cV3_covariance_s20,phase2/results/predictions/full/electrode/resnet/seed_17/bandpass_n20003_cV3_covariance_s20.npz,76567,45430b2b5eb79cf8a89d64a3c4d4fd5b4773358019df74f0f2ae3cf4de3f45aa
resnet,electrode,17,bandpass_n20003_cV3_covariance_s15,phase2/results/predictions/full/electrode/resnet/seed_17/bandpass_n20003_cV3_covariance_s15.npz,76539,0132fc2257d164ef6ab2a0dc987b971200909389bb6d25c05efe493293c03d63
resnet,electrode,17,bandpass_n20003_cV3_covariance_s10,phase2/results/predictions/full/electrode/resnet/seed_17/bandpass_n20003_cV3_covariance_s10.npz,76567,ca919d61a2dd5c38421ff0edb3282476248b96422300f4eb6e73c1f2ff5adbd5
resnet,electrode,17,bandpass_n20003_cV3_covariance_s5,phase2/results/predictions/full/electrode/resnet/seed_17/bandpass_n20003_cV3_covariance_s5.npz,76431,1ec7aec36dd62f178f71d05fe40146d63a1094c8eb25a80fee3bb1cfa020a0c9
resnet,electrode,17,bandpass_n20003_cV3_covariance_s0,phase2/results/predictions/full/electrode/resnet/seed_17/bandpass_n20003_cV3_covariance_s0.npz,76198,20a9da4b4f194652e432f1ced50e67fd43ca5fa1200b0273454e38fa00ca7879
resnet,electrode,17,bandpass_n20003_cV4_independent_rms_s20,phase2/results/predictions/full/electrode/resnet/seed_17/bandpass_n20003_cV4_independent_rms_s20.npz,76586,c35bb1b2aef9f2356c32132c6341f443f0ae9a78db9c8bf97310864d6dde1de3
resnet,electrode,17,bandpass_n20003_cV4_independent_rms_s15,phase2/results/predictions/full/electrode/resnet/seed_17/bandpass_n20003_cV4_independent_rms_s15.npz,76594,194fdaec376317efc40bd7600e63439cbbed5a8d05a122f3a72563de0dc7a987
resnet,electrode,17,bandpass_n20003_cV4_independent_rms_s10,phase2/results/predictions/full/electrode/resnet/seed_17/bandpass_n20003_cV4_independent_rms_s10.npz,76569,ba741fe114236a4d85dc26be2cd671c52595f3881f69aac09d5967e8c66f3948
resnet,electrode,17,bandpass_n20003_cV4_independent_rms_s5,phase2/results/predictions/full/electrode/resnet/seed_17/bandpass_n20003_cV4_independent_rms_s5.npz,76457,9a4ba6418c30744e160bbbfc7a3736038692d9181212b404fd4399a5d7994c58
resnet,electrode,17,bandpass_n20003_cV4_independent_rms_s0,phase2/results/predictions/full/electrode/resnet/seed_17/bandpass_n20003_cV4_independent_rms_s0.npz,76320,8a5af6f0935c4ea0e9bcb93188dc782bd80e22b41a40dd482d4859cf701d8c18
resnet,electrode,17,bandpass_n20003_cV4_electrode_s20,phase2/results/predictions/full/electrode/resnet/seed_17/bandpass_n20003_cV4_electrode_s20.npz,76567,7b99e173f966463f14175cb507a023c12577f3a34f84f1a88ff72166f2d3b61c
resnet,electrode,17,bandpass_n20003_cV4_electrode_s15,phase2/results/predictions/full/electrode/resnet/seed_17/bandpass_n20003_cV4_electrode_s15.npz,76585,7a955fe9a785fe0645e27c0fe6d498f60de27ad04a69bfd07b9e0c46a9e8a97f
resnet,electrode,17,bandpass_n20003_cV4_electrode_s10,phase2/results/predictions/full/electrode/resnet/seed_17/bandpass_n20003_cV4_electrode_s10.npz,76551,5964d31280303ab68b9150960c8f8476ef37552e40dd45d15e9d8d3490bdc602
resnet,electrode,17,bandpass_n20003_cV4_electrode_s5,phase2/results/predictions/full/electrode/resnet/seed_17/bandpass_n20003_cV4_electrode_s5.npz,76476,cc7f927bc3d0b45f9500879d16101d4af3be75170d2d61992317239f48def42f
resnet,electrode,17,bandpass_n20003_cV4_electrode_s0,phase2/results/predictions/full/electrode/resnet/seed_17/bandpass_n20003_cV4_electrode_s0.npz,76323,da53a0ac51543f1fe83e57ac148854a8b2b2e73a8642872a59117b7e1124822b
resnet,electrode,17,bandpass_n20003_cV4_covariance_s20,phase2/results/predictions/full/electrode/resnet/seed_17/bandpass_n20003_cV4_covariance_s20.npz,76589,04f50713e9e97506df518f130e64f1cb95904ac120dea8fcca0a96d466de04e7
resnet,electrode,17,bandpass_n20003_cV4_covariance_s15,phase2/results/predictions/full/electrode/resnet/seed_17/bandpass_n20003_cV4_covariance_s15.npz,76574,b8749ceb122ff33567de2739e5d854482914178c763c673cea453f56a1601dfb
resnet,electrode,17,bandpass_n20003_cV4_covariance_s10,phase2/results/predictions/full/electrode/resnet/seed_17/bandpass_n20003_cV4_covariance_s10.npz,76578,203212b7d03584a2b4eeebcce554c9d81db1d577b6134154f03b017283eba2ad
resnet,electrode,17,bandpass_n20003_cV4_covariance_s5,phase2/results/predictions/full/electrode/resnet/seed_17/bandpass_n20003_cV4_covariance_s5.npz,76511,12b8629d32a6dbfe43ea76cc3c127bf47a97c58090f358397a09062eb877c315
resnet,electrode,17,bandpass_n20003_cV4_covariance_s0,phase2/results/predictions/full/electrode/resnet/seed_17/bandpass_n20003_cV4_covariance_s0.npz,76322,e573e8d506d25f8bf2d5d938a28b1f66608ab7aa47671ded49a66b4abf89d35c
resnet,electrode,17,bandpass_n20003_cV5_independent_rms_s20,phase2/results/predictions/full/electrode/resnet/seed_17/bandpass_n20003_cV5_independent_rms_s20.npz,76583,1cd67ae444ef8f00da45c9fa38f509b0b1642942c5e05887501d2f019d31fcac
resnet,electrode,17,bandpass_n20003_cV5_independent_rms_s15,phase2/results/predictions/full/electrode/resnet/seed_17/bandpass_n20003_cV5_independent_rms_s15.npz,76599,f7862ee56ebee763e5bee24bf6c26994349a3c7bb745cb94c7b519bd89e66866
resnet,electrode,17,bandpass_n20003_cV5_independent_rms_s10,phase2/results/predictions/full/electrode/resnet/seed_17/bandpass_n20003_cV5_independent_rms_s10.npz,76524,2a0c446e0ebd72a4ad99499741fb4374a7c16b489e9a69edb8c9df18945c1e63
resnet,electrode,17,bandpass_n20003_cV5_independent_rms_s5,phase2/results/predictions/full/electrode/resnet/seed_17/bandpass_n20003_cV5_independent_rms_s5.npz,76371,06fca8475baa43aa320b34201d673df8a93a19bb343d6b910e59a16fd174bfe7
resnet,electrode,17,bandpass_n20003_cV5_independent_rms_s0,phase2/results/predictions/full/electrode/resnet/seed_17/bandpass_n20003_cV5_independent_rms_s0.npz,76112,a94073125296bfbfd56ca656be72993c74ced94456d580c43923df87822ad8ec
resnet,electrode,17,bandpass_n20003_cV5_electrode_s20,phase2/results/predictions/full/electrode/resnet/seed_17/bandpass_n20003_cV5_electrode_s20.npz,76596,78bed882b09c36c7f06191d68869461cb5b85baee3eccea044cc4c008207697d
resnet,electrode,17,bandpass_n20003_cV5_electrode_s15,phase2/results/predictions/full/electrode/resnet/seed_17/bandpass_n20003_cV5_electrode_s15.npz,76552,785e491bd7dfe905350ec632670294ded623d158743d6aead435e405187de691
resnet,electrode,17,bandpass_n20003_cV5_electrode_s10,phase2/results/predictions/full/electrode/resnet/seed_17/bandpass_n20003_cV5_electrode_s10.npz,76492,e03f02b68568517ca5a976fe1c709bdf7e2c34dd2798b069a6c97efb7f40eae2
resnet,electrode,17,bandpass_n20003_cV5_electrode_s5,phase2/results/predictions/full/electrode/resnet/seed_17/bandpass_n20003_cV5_electrode_s5.npz,76382,a1b6a7e7b2dd296e7d24a80bb6324c3de7d2f8b79387793696550947213d2231
resnet,electrode,17,bandpass_n20003_cV5_electrode_s0,phase2/results/predictions/full/electrode/resnet/seed_17/bandpass_n20003_cV5_electrode_s0.npz,76091,53bfb5ed71a45f9f5c147777145bd3b6ae62548bf0cff91b6d9585e60aab979b
resnet,electrode,17,bandpass_n20003_cV5_covariance_s20,phase2/results/predictions/full/electrode/resnet/seed_17/bandpass_n20003_cV5_covariance_s20.npz,76559,7e669b333edc9dce417c1103fca1617e0725ebb5bee5ce5174be0ff645b6079d
resnet,electrode,17,bandpass_n20003_cV5_covariance_s15,phase2/results/predictions/full/electrode/resnet/seed_17/bandpass_n20003_cV5_covariance_s15.npz,76548,df5c779a1762273105897fdcab1ac96b110c94e224b72472a7573a8f5499782b
resnet,electrode,17,bandpass_n20003_cV5_covariance_s10,phase2/results/predictions/full/electrode/resnet/seed_17/bandpass_n20003_cV5_covariance_s10.npz,76495,8ccf0ecde7b86ae665478768355320509e1b4815bf6e59b9452da1b341c3c190
resnet,electrode,17,bandpass_n20003_cV5_covariance_s5,phase2/results/predictions/full/electrode/resnet/seed_17/bandpass_n20003_cV5_covariance_s5.npz,76376,c8fc053fba152afd3f8c6934b372e5488fe2520e20edb1d9db28e6ad1dadb749
resnet,electrode,17,bandpass_n20003_cV5_covariance_s0,phase2/results/predictions/full/electrode/resnet/seed_17/bandpass_n20003_cV5_covariance_s0.npz,76090,cbcdc4fcf0459b2d7ff28448102a8ee884cdd8e56e9ee35acd8c9b8aab974276
resnet,electrode,17,bandpass_n20003_cV6_independent_rms_s20,phase2/results/predictions/full/electrode/resnet/seed_17/bandpass_n20003_cV6_independent_rms_s20.npz,76589,842a16c8a3806ed71c24527576a8bcd7fe0003a030649d32cd1d9b6e49051a1d
resnet,electrode,17,bandpass_n20003_cV6_independent_rms_s15,phase2/results/predictions/full/electrode/resnet/seed_17/bandpass_n20003_cV6_independent_rms_s15.npz,76564,83d5620f53643daaffafbae261802ee457bcdea8f4faf89c2766ef05abc9b651
resnet,electrode,17,bandpass_n20003_cV6_independent_rms_s10,phase2/results/predictions/full/electrode/resnet/seed_17/bandpass_n20003_cV6_independent_rms_s10.npz,76555,e64db2add8b736a0f55df97b0ddea7d9dc4fa9fbb188e0e29b275d6ee8714cb1
resnet,electrode,17,bandpass_n20003_cV6_independent_rms_s5,phase2/results/predictions/full/electrode/resnet/seed_17/bandpass_n20003_cV6_independent_rms_s5.npz,76391,b84f657b686e066af9eb6be3e4b946269c2080fa2145f3f908bbeeb02480e1d3
resnet,electrode,17,bandpass_n20003_cV6_independent_rms_s0,phase2/results/predictions/full/electrode/resnet/seed_17/bandpass_n20003_cV6_independent_rms_s0.npz,76121,490cd1accb3eb7dec5f1e9d74b8e6da0b66e8c8c63309e6b23b48f4cf0ac69e7
resnet,electrode,17,bandpass_n20003_cV6_electrode_s20,phase2/results/predictions/full/electrode/resnet/seed_17/bandpass_n20003_cV6_electrode_s20.npz,76539,7a1967619f144d6f3fdb1f70385859346e4d5a863c186ab26057ae8b4c8742b5
resnet,electrode,17,bandpass_n20003_cV6_electrode_s15,phase2/results/predictions/full/electrode/resnet/seed_17/bandpass_n20003_cV6_electrode_s15.npz,76576,ea531b2f7ae6bd02f33cd5cb3ace2b083cb219fc2e8bc398bf9e58e37da96259
resnet,electrode,17,bandpass_n20003_cV6_electrode_s10,phase2/results/predictions/full/electrode/resnet/seed_17/bandpass_n20003_cV6_electrode_s10.npz,76503,807a89d71bad3d7fe15d6f475e932a45958ee858c96bace86f2091007a89da64
resnet,electrode,17,bandpass_n20003_cV6_electrode_s5,phase2/results/predictions/full/electrode/resnet/seed_17/bandpass_n20003_cV6_electrode_s5.npz,76377,b146c3b1b3222c9730de1eb465e9b83b6e8df3453a349d2a330a2f4a62cd2955
resnet,electrode,17,bandpass_n20003_cV6_electrode_s0,phase2/results/predictions/full/electrode/resnet/seed_17/bandpass_n20003_cV6_electrode_s0.npz,76114,e257347755262a7428c41e1c9c226b26e656f699cd9b540ebaf1aae2c9c7251a
resnet,electrode,17,bandpass_n20003_cV6_covariance_s20,phase2/results/predictions/full/electrode/resnet/seed_17/bandpass_n20003_cV6_covariance_s20.npz,76586,325c3464ec165cc38841c4904d40dc7fd8cbd6cfece43499f207bc0d663dde3e
resnet,electrode,17,bandpass_n20003_cV6_covariance_s15,phase2/results/predictions/full/electrode/resnet/seed_17/bandpass_n20003_cV6_covariance_s15.npz,76546,cad8d47d390e3db6594c9852eaeb6ab9399a7d0d379d9e0e657c6f47cff4107a
resnet,electrode,17,bandpass_n20003_cV6_covariance_s10,phase2/results/predictions/full/electrode/resnet/seed_17/bandpass_n20003_cV6_covariance_s10.npz,76529,08923dfeda0c578124b37852e9d0e965ef69b68e39d2f5cbfdb5c9e0bc131e78
resnet,electrode,17,bandpass_n20003_cV6_covariance_s5,phase2/results/predictions/full/electrode/resnet/seed_17/bandpass_n20003_cV6_covariance_s5.npz,76408,b12591a71763701828a34aff30f502f6440110b0dddf885dca8e5a145e4c044c
resnet,electrode,17,bandpass_n20003_cV6_covariance_s0,phase2/results/predictions/full/electrode/resnet/seed_17/bandpass_n20003_cV6_covariance_s0.npz,76144,6b3f4673925419617106d249e617840b854854398062c97bb5953e2f9f0c7a78
resnet,electrode,17,bandpass_n20003_cRA_LA_independent_rms_s20,phase2/results/predictions/full/electrode/resnet/seed_17/bandpass_n20003_cRA_LA_independent_rms_s20.npz,76557,4d754c2a50f1d5b3e516089a9bf2ad6725bdd83f0afa9df01e4b16a3cab9b840
resnet,electrode,17,bandpass_n20003_cRA_LA_independent_rms_s15,phase2/results/predictions/full/electrode/resnet/seed_17/bandpass_n20003_cRA_LA_independent_rms_s15.npz,76601,eb80979284a428dce1e0cfc0eb20c631dfcfd317228d093af133946b47868e77
resnet,electrode,17,bandpass_n20003_cRA_LA_independent_rms_s10,phase2/results/predictions/full/electrode/resnet/seed_17/bandpass_n20003_cRA_LA_independent_rms_s10.npz,76545,1255b80c237681e108a2b1f6b9f1ed910cdfe5501cfaffd93ae2f219aa39dc1e
resnet,electrode,17,bandpass_n20003_cRA_LA_independent_rms_s5,phase2/results/predictions/full/electrode/resnet/seed_17/bandpass_n20003_cRA_LA_independent_rms_s5.npz,76384,25397552937519b1ac74dba9de58f62adbb85e2d5062b3c90c64851a7a2bf5a6
resnet,electrode,17,bandpass_n20003_cRA_LA_independent_rms_s0,phase2/results/predictions/full/electrode/resnet/seed_17/bandpass_n20003_cRA_LA_independent_rms_s0.npz,76168,1ba77e8b2e95493fa8c06af4e3aa0ade2366bd5c3680427a08fa938d19995149
resnet,electrode,17,bandpass_n20003_cRA_LA_electrode_s20,phase2/results/predictions/full/electrode/resnet/seed_17/bandpass_n20003_cRA_LA_electrode_s20.npz,76573,ee528df6fe02ad8f41916e9f4c8871533d9b3a989c40d4d5d80c1e477fc895dc
resnet,electrode,17,bandpass_n20003_cRA_LA_electrode_s15,phase2/results/predictions/full/electrode/resnet/seed_17/bandpass_n20003_cRA_LA_electrode_s15.npz,76562,91909ba35a9243b519a9c64431ee8ff2ad9622589e9538f9b5074f31dd884664
resnet,electrode,17,bandpass_n20003_cRA_LA_electrode_s10,phase2/results/predictions/full/electrode/resnet/seed_17/bandpass_n20003_cRA_LA_electrode_s10.npz,76474,57ddca471f47ca59e07f5ba7fa8b7dd364167395afbf742b261a7fbc28a46e36
resnet,electrode,17,bandpass_n20003_cRA_LA_electrode_s5,phase2/results/predictions/full/electrode/resnet/seed_17/bandpass_n20003_cRA_LA_electrode_s5.npz,76292,bc50ddcda78df2a2a1075ce19ab31da3f68c25f56f09efe32eef6b64036894da
resnet,electrode,17,bandpass_n20003_cRA_LA_electrode_s0,phase2/results/predictions/full/electrode/resnet/seed_17/bandpass_n20003_cRA_LA_electrode_s0.npz,76053,ae59f8d2852bf81a627639af6ba4ab93511eae62f9930b7f4a1f9ebb098c4afe
resnet,electrode,17,bandpass_n20003_cRA_LA_covariance_s20,phase2/results/predictions/full/electrode/resnet/seed_17/bandpass_n20003_cRA_LA_covariance_s20.npz,76564,91500593ba44c8dd65565cd2014f7c60c7b1e0ad28bf53b8da49eb198a188507
resnet,electrode,17,bandpass_n20003_cRA_LA_covariance_s15,phase2/results/predictions/full/electrode/resnet/seed_17/bandpass_n20003_cRA_LA_covariance_s15.npz,76540,2cd979392ba39f2930074280fdfdc0032bb04c20b79d8d5037fa0d8796f44eee
resnet,electrode,17,bandpass_n20003_cRA_LA_covariance_s10,phase2/results/predictions/full/electrode/resnet/seed_17/bandpass_n20003_cRA_LA_covariance_s10.npz,76472,a83d4623e648c8eda154b3eac0c012c2d42d85e8138cfe8f66c940728a90dbe5
resnet,electrode,17,bandpass_n20003_cRA_LA_covariance_s5,phase2/results/predictions/full/electrode/resnet/seed_17/bandpass_n20003_cRA_LA_covariance_s5.npz,76293,1cc9e3e136d6f3d5a78d046e0546b1717d78ba134cdf930849c36d9b139feeb0
resnet,electrode,17,bandpass_n20003_cRA_LA_covariance_s0,phase2/results/predictions/full/electrode/resnet/seed_17/bandpass_n20003_cRA_LA_covariance_s0.npz,76005,6a59b1d3da0092f2be2d1ab3201c696c83006018164e0ec898349759e5251e30
resnet,electrode,17,bandpass_n20003_cLA_LL_independent_rms_s20,phase2/results/predictions/full/electrode/resnet/seed_17/bandpass_n20003_cLA_LL_independent_rms_s20.npz,76587,46d72ff629ed7b3df7c9ab378d9b92c56920082dabb03339f70112252542500d
resnet,electrode,17,bandpass_n20003_cLA_LL_independent_rms_s15,phase2/results/predictions/full/electrode/resnet/seed_17/bandpass_n20003_cLA_LL_independent_rms_s15.npz,76629,395f927b20930b16cc5adc9228870d1d2321f29eb4933641d388e57a457c6ad6
resnet,electrode,17,bandpass_n20003_cLA_LL_independent_rms_s10,phase2/results/predictions/full/electrode/resnet/seed_17/bandpass_n20003_cLA_LL_independent_rms_s10.npz,76522,c3398cebda1133ec4da66712e291c74d2882f46a0206c851f5b7c2686e2a4385
resnet,electrode,17,bandpass_n20003_cLA_LL_independent_rms_s5,phase2/results/predictions/full/electrode/resnet/seed_17/bandpass_n20003_cLA_LL_independent_rms_s5.npz,76386,bba505f38728d21d20aa97484339077f044f8cea9e5c04b441619ec9e7722671
resnet,electrode,17,bandpass_n20003_cLA_LL_independent_rms_s0,phase2/results/predictions/full/electrode/resnet/seed_17/bandpass_n20003_cLA_LL_independent_rms_s0.npz,76160,d9e691b875c34a4fa1cc8201fd7367563b49dc7002af9f428f2aa9b312cc78f0
resnet,electrode,17,bandpass_n20003_cLA_LL_electrode_s20,phase2/results/predictions/full/electrode/resnet/seed_17/bandpass_n20003_cLA_LL_electrode_s20.npz,76585,03c7c36aa6cbcc856fdd1e1273957faad74dd868b2296ba94914102ad02e7665
resnet,electrode,17,bandpass_n20003_cLA_LL_electrode_s15,phase2/results/predictions/full/electrode/resnet/seed_17/bandpass_n20003_cLA_LL_electrode_s15.npz,76562,6725952c8a22284c5db75e2176048834692a8c33ffefcc3763575f79d8bec20e
resnet,electrode,17,bandpass_n20003_cLA_LL_electrode_s10,phase2/results/predictions/full/electrode/resnet/seed_17/bandpass_n20003_cLA_LL_electrode_s10.npz,76470,210cf76135f5e579a6a2fb6c792bddb29abb72502d51c25ce97d221694ab353e
resnet,electrode,17,bandpass_n20003_cLA_LL_electrode_s5,phase2/results/predictions/full/electrode/resnet/seed_17/bandpass_n20003_cLA_LL_electrode_s5.npz,76269,7c28402b4cfda506174dcb40d84aca87f4d1de70c86de887ebfa44608459a034
resnet,electrode,17,bandpass_n20003_cLA_LL_electrode_s0,phase2/results/predictions/full/electrode/resnet/seed_17/bandpass_n20003_cLA_LL_electrode_s0.npz,75852,91cffefe4104d5c91e8af6c0cc24896258b416ab33706cffb411005c48337e47
resnet,electrode,17,bandpass_n20003_cLA_LL_covariance_s20,phase2/results/predictions/full/electrode/resnet/seed_17/bandpass_n20003_cLA_LL_covariance_s20.npz,76568,d29872d5fbdd27456c9b958b345b9a4e95094c86c56cb2b99094ef58161742ec
resnet,electrode,17,bandpass_n20003_cLA_LL_covariance_s15,phase2/results/predictions/full/electrode/resnet/seed_17/bandpass_n20003_cLA_LL_covariance_s15.npz,76568,1e218d18e9cb8fcdc9645d39d2ed77c8bc22bca37f3ca4ce4a3446e599c06083
resnet,electrode,17,bandpass_n20003_cLA_LL_covariance_s10,phase2/results/predictions/full/electrode/resnet/seed_17/bandpass_n20003_cLA_LL_covariance_s10.npz,76498,a2ab43dbb65bea51e90a5d6d92e96872f5204d7c8b4cda325689387f99b5beb0
resnet,electrode,17,bandpass_n20003_cLA_LL_covariance_s5,phase2/results/predictions/full/electrode/resnet/seed_17/bandpass_n20003_cLA_LL_covariance_s5.npz,76256,60610687b7ee59aef96d43b74046a173c1393c6591c6729262df06a5ffe0a7ac
resnet,electrode,17,bandpass_n20003_cLA_LL_covariance_s0,phase2/results/predictions/full/electrode/resnet/seed_17/bandpass_n20003_cLA_LL_covariance_s0.npz,75898,115b0206ffedb26e0ec75ae7d2622b8d8e7bea7b548684af753d109b89ec4d7d
resnet,electrode,17,bandpass_n20003_cRA_LL_independent_rms_s20,phase2/results/predictions/full/electrode/resnet/seed_17/bandpass_n20003_cRA_LL_independent_rms_s20.npz,76585,17cfa4725a7dd407930af3a2730f6afc60e71bd808822d50ca71ff9aa40810ff
resnet,electrode,17,bandpass_n20003_cRA_LL_independent_rms_s15,phase2/results/predictions/full/electrode/resnet/seed_17/bandpass_n20003_cRA_LL_independent_rms_s15.npz,76580,712d76e5c3775d238aba917c392555f7d1e83e08e0497ab4e2a507cb87b2871e
resnet,electrode,17,bandpass_n20003_cRA_LL_independent_rms_s10,phase2/results/predictions/full/electrode/resnet/seed_17/bandpass_n20003_cRA_LL_independent_rms_s10.npz,76566,6b064fbc8ecf6e001bde1ebf4019beddad9783b8282d2a50eb5105f4a5acf800
resnet,electrode,17,bandpass_n20003_cRA_LL_independent_rms_s5,phase2/results/predictions/full/electrode/resnet/seed_17/bandpass_n20003_cRA_LL_independent_rms_s5.npz,76451,d9b99bae6d4c9d04568dddc645d9915b0d2103fd7c190eea2aa890ed59145a94
resnet,electrode,17,bandpass_n20003_cRA_LL_independent_rms_s0,phase2/results/predictions/full/electrode/resnet/seed_17/bandpass_n20003_cRA_LL_independent_rms_s0.npz,76133,c262446bf70bac9c509119bfa4f75189017e9fc8f7f89da041cef17f533aeab9
resnet,electrode,17,bandpass_n20003_cRA_LL_electrode_s20,phase2/results/predictions/full/electrode/resnet/seed_17/bandpass_n20003_cRA_LL_electrode_s20.npz,76587,1f670130399934f7da00aa2c3b423b5977d1799b7c9aeb19e5db22e07098348b
resnet,electrode,17,bandpass_n20003_cRA_LL_electrode_s15,phase2/results/predictions/full/electrode/resnet/seed_17/bandpass_n20003_cRA_LL_electrode_s15.npz,76579,66abc80a648fb18330e473e8fd9ba99c6bf92e3c86826fe59243e6ee9a8d7ef0
resnet,electrode,17,bandpass_n20003_cRA_LL_electrode_s10,phase2/results/predictions/full/electrode/resnet/seed_17/bandpass_n20003_cRA_LL_electrode_s10.npz,76458,802a1792819e735755d3d6542b03271006e1842a32918c61d15ebd6cced9cbf3
resnet,electrode,17,bandpass_n20003_cRA_LL_electrode_s5,phase2/results/predictions/full/electrode/resnet/seed_17/bandpass_n20003_cRA_LL_electrode_s5.npz,76236,cc2d225e815a281a77952aaf414cfdc43ae234ce4362df31fab1d909ea128820
resnet,electrode,17,bandpass_n20003_cRA_LL_electrode_s0,phase2/results/predictions/full/electrode/resnet/seed_17/bandpass_n20003_cRA_LL_electrode_s0.npz,75972,30142d09626eb4018b92dfae21ae24dbbf251b8c67703abd49d0161dfeca5b8d
resnet,electrode,17,bandpass_n20003_cRA_LL_covariance_s20,phase2/results/predictions/full/electrode/resnet/seed_17/bandpass_n20003_cRA_LL_covariance_s20.npz,76588,588c5b72e1dd66b89eba73930538a9e7ec18bcfd8c111f85998243976336c8c9
resnet,electrode,17,bandpass_n20003_cRA_LL_covariance_s15,phase2/results/predictions/full/electrode/resnet/seed_17/bandpass_n20003_cRA_LL_covariance_s15.npz,76541,fa55cd14efc79351305239da35100f2a969da5919fbba8b099668297ea4ccb15
resnet,electrode,17,bandpass_n20003_cRA_LL_covariance_s10,phase2/results/predictions/full/electrode/resnet/seed_17/bandpass_n20003_cRA_LL_covariance_s10.npz,76443,f8e95575db5a7db52a9950a1c9ca1f117773f59ff3eaf0cf7bf1c17c2acfeb46
resnet,electrode,17,bandpass_n20003_cRA_LL_covariance_s5,phase2/results/predictions/full/electrode/resnet/seed_17/bandpass_n20003_cRA_LL_covariance_s5.npz,76272,62f841e8fa676b472323c112a21c244ce269cbe42faa668c9d73de8992e823ff
resnet,electrode,17,bandpass_n20003_cRA_LL_covariance_s0,phase2/results/predictions/full/electrode/resnet/seed_17/bandpass_n20003_cRA_LL_covariance_s0.npz,75995,0413b025880faf7085b830e7ff83e9153ba80b588719617497903b2a2912972f
resnet,electrode,17,bandpass_n20003_cRA_independent_rms_s20,phase2/results/predictions/full/electrode/resnet/seed_17/bandpass_n20003_cRA_independent_rms_s20.npz,76577,7b434435d39c05e00a940b690250003de29f79687cb443c7b14b8e436c31fbee
resnet,electrode,17,bandpass_n20003_cRA_independent_rms_s15,phase2/results/predictions/full/electrode/resnet/seed_17/bandpass_n20003_cRA_independent_rms_s15.npz,76564,563b5b3fc2e012b6f99017926f3b8c0bc2e7b45fd3e51c8390ed6aed14d748d5
resnet,electrode,17,bandpass_n20003_cRA_independent_rms_s10,phase2/results/predictions/full/electrode/resnet/seed_17/bandpass_n20003_cRA_independent_rms_s10.npz,76541,8d0d8ebb44d96d2132dcaf6968774a40d26426fadedc95bf5661be168c20aee0
resnet,electrode,17,bandpass_n20003_cRA_independent_rms_s5,phase2/results/predictions/full/electrode/resnet/seed_17/bandpass_n20003_cRA_independent_rms_s5.npz,76398,0346fa13a6bc7522f18b9c1578b8054d2cbdd286dbf1705eff384c2ba1a5945b
resnet,electrode,17,bandpass_n20003_cRA_independent_rms_s0,phase2/results/predictions/full/electrode/resnet/seed_17/bandpass_n20003_cRA_independent_rms_s0.npz,76166,3121406997322d3f10b9565a82291397e6ac8dcf4d8fcb24f32a07fdb9b92d6c
resnet,electrode,17,bandpass_n20003_cRA_electrode_s20,phase2/results/predictions/full/electrode/resnet/seed_17/bandpass_n20003_cRA_electrode_s20.npz,76589,ea319460b59bbf57130defccad800584706ddb8e7959d14b603d6014492697fb
resnet,electrode,17,bandpass_n20003_cRA_electrode_s15,phase2/results/predictions/full/electrode/resnet/seed_17/bandpass_n20003_cRA_electrode_s15.npz,76530,c8b87fb299a683e1ea8307fe0f2dbfd2327c9bfb888974143920dc25e951c37d
resnet,electrode,17,bandpass_n20003_cRA_electrode_s10,phase2/results/predictions/full/electrode/resnet/seed_17/bandpass_n20003_cRA_electrode_s10.npz,76488,5ecc0513c6cbdd7c6ca7aa8e182b4dae6466f62f443cd3c40e19253753f7cc51
resnet,electrode,17,bandpass_n20003_cRA_electrode_s5,phase2/results/predictions/full/electrode/resnet/seed_17/bandpass_n20003_cRA_electrode_s5.npz,76276,7cd4ed12b99d1e85d599af1b2bc82e8169ad97d840d04d118c95e76207c5cfcc
resnet,electrode,17,bandpass_n20003_cRA_electrode_s0,phase2/results/predictions/full/electrode/resnet/seed_17/bandpass_n20003_cRA_electrode_s0.npz,76145,fe512e018e63750ae0b73f2f4ccfed78c14006511299f3c676318d40ac0a5fe0
resnet,electrode,17,bandpass_n20003_cRA_covariance_s20,phase2/results/predictions/full/electrode/resnet/seed_17/bandpass_n20003_cRA_covariance_s20.npz,76572,84cec096b4ab7c7044b61462b7a23b636f20fb4091f1ca64cabee5b682f51c42
resnet,electrode,17,bandpass_n20003_cRA_covariance_s15,phase2/results/predictions/full/electrode/resnet/seed_17/bandpass_n20003_cRA_covariance_s15.npz,76531,ebdd3e25c21d1cbef8dbdf39fe7bd28bb1719b9b2925d58334247d3177de2181
resnet,electrode,17,bandpass_n20003_cRA_covariance_s10,phase2/results/predictions/full/electrode/resnet/seed_17/bandpass_n20003_cRA_covariance_s10.npz,76474,639c5db3b45eda0a38106a68abfef4ececd9af9b8649b8f52c26cbd712f23771
resnet,electrode,17,bandpass_n20003_cRA_covariance_s5,phase2/results/predictions/full/electrode/resnet/seed_17/bandpass_n20003_cRA_covariance_s5.npz,76292,4fa63deb560a128bc4124988c19a1c226de7ef2eaa8bbd406b164b09c411069d
resnet,electrode,17,bandpass_n20003_cRA_covariance_s0,phase2/results/predictions/full/electrode/resnet/seed_17/bandpass_n20003_cRA_covariance_s0.npz,76080,aa0ad01837ef3d2a4ff3e398dad5829b41501ebe74934c2ac5dd5bad30b4564d
resnet,electrode,17,bandpass_n20003_cLA_independent_rms_s20,phase2/results/predictions/full/electrode/resnet/seed_17/bandpass_n20003_cLA_independent_rms_s20.npz,76599,c4b3b9e3231f77d55979143d8440468b65927e605051c31b3fee4f52ed37f284
resnet,electrode,17,bandpass_n20003_cLA_independent_rms_s15,phase2/results/predictions/full/electrode/resnet/seed_17/bandpass_n20003_cLA_independent_rms_s15.npz,76589,f01c7d8ac4c0623bf880d4cd47153f4856b46c8dee6ada17ef2e078f9f993f46
resnet,electrode,17,bandpass_n20003_cLA_independent_rms_s10,phase2/results/predictions/full/electrode/resnet/seed_17/bandpass_n20003_cLA_independent_rms_s10.npz,76538,7af4fdf5e5fcbff010dd1926e6fe0358e3851e2c42e9d568d6eb95ecc6588f68
resnet,electrode,17,bandpass_n20003_cLA_independent_rms_s5,phase2/results/predictions/full/electrode/resnet/seed_17/bandpass_n20003_cLA_independent_rms_s5.npz,76431,f2bc150713e7c99837dfb58b2f4664109b1b7df2508f222d6d74158adb4aaba4
resnet,electrode,17,bandpass_n20003_cLA_independent_rms_s0,phase2/results/predictions/full/electrode/resnet/seed_17/bandpass_n20003_cLA_independent_rms_s0.npz,76135,008245dee011e8eda129d29ccd7b9bc889e38cb8cd4669ac199478706c0db60d
resnet,electrode,17,bandpass_n20003_cLA_electrode_s20,phase2/results/predictions/full/electrode/resnet/seed_17/bandpass_n20003_cLA_electrode_s20.npz,76561,2b99fdc5637de6ec6d2789897c916c0c96eee869816f4e89459ccc43f01488d4
resnet,electrode,17,bandpass_n20003_cLA_electrode_s15,phase2/results/predictions/full/electrode/resnet/seed_17/bandpass_n20003_cLA_electrode_s15.npz,76574,db33377745a61896d06bf662a31cf64a6beef7a3074ae4573e385d9689cf0fc1
resnet,electrode,17,bandpass_n20003_cLA_electrode_s10,phase2/results/predictions/full/electrode/resnet/seed_17/bandpass_n20003_cLA_electrode_s10.npz,76499,41e5d2ad4df18b20baa5612b094f8473060fd9cfe21acf74087e7cf5f1ce8108
resnet,electrode,17,bandpass_n20003_cLA_electrode_s5,phase2/results/predictions/full/electrode/resnet/seed_17/bandpass_n20003_cLA_electrode_s5.npz,76272,05eadce5020af58b94958ff2090ab87294a4762f87a65d4edf7433d1a851e0d4
resnet,electrode,17,bandpass_n20003_cLA_electrode_s0,phase2/results/predictions/full/electrode/resnet/seed_17/bandpass_n20003_cLA_electrode_s0.npz,75936,59892d0104d20f7a281fc8f48ad0c24cc1ed297ab5e8a0210458217a975ee931
resnet,electrode,17,bandpass_n20003_cLA_covariance_s20,phase2/results/predictions/full/electrode/resnet/seed_17/bandpass_n20003_cLA_covariance_s20.npz,76572,68bfd84344732b192066e8573004d99853a8dbacfe515ce07b537f9662ef8144
resnet,electrode,17,bandpass_n20003_cLA_covariance_s15,phase2/results/predictions/full/electrode/resnet/seed_17/bandpass_n20003_cLA_covariance_s15.npz,76548,2472ee2f969a7c4d579d58f21e4701b4e586c53706eac2de236609914a5481ad
resnet,electrode,17,bandpass_n20003_cLA_covariance_s10,phase2/results/predictions/full/electrode/resnet/seed_17/bandpass_n20003_cLA_covariance_s10.npz,76508,c586031710bd708fd168290373b1fef36faf684e055871cb39cb41cc7ed47626
resnet,electrode,17,bandpass_n20003_cLA_covariance_s5,phase2/results/predictions/full/electrode/resnet/seed_17/bandpass_n20003_cLA_covariance_s5.npz,76301,ae95251627e490f9d2f6046316b9d89b8bbbb858ca9a69c07b5af5a07b02641e
resnet,electrode,17,bandpass_n20003_cLA_covariance_s0,phase2/results/predictions/full/electrode/resnet/seed_17/bandpass_n20003_cLA_covariance_s0.npz,75887,82dc982c285afd1457b57432949da19071a7657caa29c62e0b0fe5ca2d526870
resnet,electrode,17,bandpass_n20003_cLL_independent_rms_s20,phase2/results/predictions/full/electrode/resnet/seed_17/bandpass_n20003_cLL_independent_rms_s20.npz,76579,f9f8c0c264ab5dc17cb5bcb855185461f1b1cb96ce6e30f31443f8e98ec8d38a
resnet,electrode,17,bandpass_n20003_cLL_independent_rms_s15,phase2/results/predictions/full/electrode/resnet/seed_17/bandpass_n20003_cLL_independent_rms_s15.npz,76571,bbbac81befc8dac49677f46b250dc88f00ab2d3bb97e65e0ff243d7d0c66314d
resnet,electrode,17,bandpass_n20003_cLL_independent_rms_s10,phase2/results/predictions/full/electrode/resnet/seed_17/bandpass_n20003_cLL_independent_rms_s10.npz,76529,b8c2d01eab4e2a0a3c08bdc83084f301076eca93d2ab0632725cca48dae4b462
resnet,electrode,17,bandpass_n20003_cLL_independent_rms_s5,phase2/results/predictions/full/electrode/resnet/seed_17/bandpass_n20003_cLL_independent_rms_s5.npz,76381,4ffbb67066239ec0e94ac2c8e58bd0293bc44b6bae8111de2c570fdb051eef73
resnet,electrode,17,bandpass_n20003_cLL_independent_rms_s0,phase2/results/predictions/full/electrode/resnet/seed_17/bandpass_n20003_cLL_independent_rms_s0.npz,76105,ac109b9bbe3fa2cea3dc2eadf8c78da437b36572a9267a4e403ddeb3636e0396
resnet,electrode,17,bandpass_n20003_cLL_electrode_s20,phase2/results/predictions/full/electrode/resnet/seed_17/bandpass_n20003_cLL_electrode_s20.npz,76561,c02e23143bf5d7d1e890e9b5908b58f74088350b58ff929850addc77a66c8993
resnet,electrode,17,bandpass_n20003_cLL_electrode_s15,phase2/results/predictions/full/electrode/resnet/seed_17/bandpass_n20003_cLL_electrode_s15.npz,76544,58322df33d862d13a7c0e5dabed0b88bdd98a24ef08934885fe9c6fe1bf986a1
resnet,electrode,17,bandpass_n20003_cLL_electrode_s10,phase2/results/predictions/full/electrode/resnet/seed_17/bandpass_n20003_cLL_electrode_s10.npz,76506,1e338f7fe9da1c04f28f37afac2190a818afbff58dbed97da05d206310b93f48
resnet,electrode,17,bandpass_n20003_cLL_electrode_s5,phase2/results/predictions/full/electrode/resnet/seed_17/bandpass_n20003_cLL_electrode_s5.npz,76250,42a3cd1b7fb30a937f6ba278f7faba810f38e4550a1623aaefe3cde8bbea9801
resnet,electrode,17,bandpass_n20003_cLL_electrode_s0,phase2/results/predictions/full/electrode/resnet/seed_17/bandpass_n20003_cLL_electrode_s0.npz,75935,513ae6a1e569fe02a16bde554964821ce69c585804f3bd72c284cb39f81d8890
resnet,electrode,17,bandpass_n20003_cLL_covariance_s20,phase2/results/predictions/full/electrode/resnet/seed_17/bandpass_n20003_cLL_covariance_s20.npz,76545,4e926383a381c4bc3ebdb99e90f10a922086d40a7f93801801c94c7c2598cb10
resnet,electrode,17,bandpass_n20003_cLL_covariance_s15,phase2/results/predictions/full/electrode/resnet/seed_17/bandpass_n20003_cLL_covariance_s15.npz,76573,aee362c08fc9a975c5e717ebb54848f7f4a021dc5e89bfdc2898c63c0ad2b7fa
resnet,electrode,17,bandpass_n20003_cLL_covariance_s10,phase2/results/predictions/full/electrode/resnet/seed_17/bandpass_n20003_cLL_covariance_s10.npz,76507,594c4a5a3a310e273df653367029b658fe1b75da6b943ca3f43cb999788c92d2
resnet,electrode,17,bandpass_n20003_cLL_covariance_s5,phase2/results/predictions/full/electrode/resnet/seed_17/bandpass_n20003_cLL_covariance_s5.npz,76243,e90128affd74d265b8018391ca147cca7dd85e205a233f130e9e3e48daa9b31e
resnet,electrode,17,bandpass_n20003_cLL_covariance_s0,phase2/results/predictions/full/electrode/resnet/seed_17/bandpass_n20003_cLL_covariance_s0.npz,75910,15000fa8e9f0cecfb18f818877dc1081d657299e5d8b3065abb91219158def1d
resnet,electrode,17,bandpass_n20003_cRA_V1_independent_rms_s20,phase2/results/predictions/full/electrode/resnet/seed_17/bandpass_n20003_cRA_V1_independent_rms_s20.npz,76582,50614bf6154f0e608ad5cb225f1a8531293048a82838e0c20b4cd2ea2e6b3d6d
resnet,electrode,17,bandpass_n20003_cRA_V1_independent_rms_s15,phase2/results/predictions/full/electrode/resnet/seed_17/bandpass_n20003_cRA_V1_independent_rms_s15.npz,76581,367816e4584af4402fd455cce46036c8d0047c03318ef82ba38f5a7207645420
resnet,electrode,17,bandpass_n20003_cRA_V1_independent_rms_s10,phase2/results/predictions/full/electrode/resnet/seed_17/bandpass_n20003_cRA_V1_independent_rms_s10.npz,76556,9630da4cef2adbc1d74ab16df8f6366e8aa4e2d02830fa83f62f9779065031d3
resnet,electrode,17,bandpass_n20003_cRA_V1_independent_rms_s5,phase2/results/predictions/full/electrode/resnet/seed_17/bandpass_n20003_cRA_V1_independent_rms_s5.npz,76370,9599256ae8a5a7cecb3c029fd8e46c21d6c2a9d02d39f62010e285286bc237c6
resnet,electrode,17,bandpass_n20003_cRA_V1_independent_rms_s0,phase2/results/predictions/full/electrode/resnet/seed_17/bandpass_n20003_cRA_V1_independent_rms_s0.npz,76177,ff23d5de477267f42809f58fc95f912542cf8e00d69054915ff898bb766d6345
resnet,electrode,17,bandpass_n20003_cRA_V1_electrode_s20,phase2/results/predictions/full/electrode/resnet/seed_17/bandpass_n20003_cRA_V1_electrode_s20.npz,76563,bff58f8e95cd2de64acedfa4d9ae62056fb3367bd5f839c9f1a48206aaeaff89
resnet,electrode,17,bandpass_n20003_cRA_V1_electrode_s15,phase2/results/predictions/full/electrode/resnet/seed_17/bandpass_n20003_cRA_V1_electrode_s15.npz,76561,1cd097df4d759ec0a553b429670eaf6252e66e9af00c3a726167fee7d4967525
resnet,electrode,17,bandpass_n20003_cRA_V1_electrode_s10,phase2/results/predictions/full/electrode/resnet/seed_17/bandpass_n20003_cRA_V1_electrode_s10.npz,76452,a8c40762efbea900c4fc803c9905b71b291be5f02c30a932faa4c043ddb26ae0
resnet,electrode,17,bandpass_n20003_cRA_V1_electrode_s5,phase2/results/predictions/full/electrode/resnet/seed_17/bandpass_n20003_cRA_V1_electrode_s5.npz,76300,848da1c75e4a9598aac58e620701fec4cde07324c9a11d7232e764de8e4d9b42
resnet,electrode,17,bandpass_n20003_cRA_V1_electrode_s0,phase2/results/predictions/full/electrode/resnet/seed_17/bandpass_n20003_cRA_V1_electrode_s0.npz,76114,e480b7b4f5f7bfcc7ddc5a6ef6eb50701c18a6f633622c190e09cd45b2dcd0f2
resnet,electrode,17,bandpass_n20003_cRA_V1_covariance_s20,phase2/results/predictions/full/electrode/resnet/seed_17/bandpass_n20003_cRA_V1_covariance_s20.npz,76568,f80686ffc00fbe76daa0018f34a752ec3fa961a34f464d869013fd99530a0489
resnet,electrode,17,bandpass_n20003_cRA_V1_covariance_s15,phase2/results/predictions/full/electrode/resnet/seed_17/bandpass_n20003_cRA_V1_covariance_s15.npz,76571,dd4bccc47261316c649cdd52ded644733e36df2d02e1ad4bc4f62421497e10ac
resnet,electrode,17,bandpass_n20003_cRA_V1_covariance_s10,phase2/results/predictions/full/electrode/resnet/seed_17/bandpass_n20003_cRA_V1_covariance_s10.npz,76435,d75a07c0279c28bcefd5c24efe622730dbf2a9af42cde3a0fd090c558ba94ab0
resnet,electrode,17,bandpass_n20003_cRA_V1_covariance_s5,phase2/results/predictions/full/electrode/resnet/seed_17/bandpass_n20003_cRA_V1_covariance_s5.npz,76300,71cedb01b0f2fdc920d6515ca5f1bd02143bb1765c9a1333af58fb0f4f8c9e7a
resnet,electrode,17,bandpass_n20003_cRA_V1_covariance_s0,phase2/results/predictions/full/electrode/resnet/seed_17/bandpass_n20003_cRA_V1_covariance_s0.npz,76118,1323087e3bfe5ba109a2a4f4738f850389d9184f3d35dbfaaf2ceca394d7d4a6
resnet,electrode,17,bandpass_n20003_cLA_V6_independent_rms_s20,phase2/results/predictions/full/electrode/resnet/seed_17/bandpass_n20003_cLA_V6_independent_rms_s20.npz,76591,e99c03493ac8f3094ceebcf75dfee0e0f60b41514af3680bffd7c81dd912b141
resnet,electrode,17,bandpass_n20003_cLA_V6_independent_rms_s15,phase2/results/predictions/full/electrode/resnet/seed_17/bandpass_n20003_cLA_V6_independent_rms_s15.npz,76597,930166e2bed92849aa3b1c8e15cc12b11fd35598fe0d5c11515d5f4767051f7c
resnet,electrode,17,bandpass_n20003_cLA_V6_independent_rms_s10,phase2/results/predictions/full/electrode/resnet/seed_17/bandpass_n20003_cLA_V6_independent_rms_s10.npz,76537,2e1cf99b000f2c64fbba4f95a9b859ea6d05d6a02f9cc652ad1ff1c292208968
resnet,electrode,17,bandpass_n20003_cLA_V6_independent_rms_s5,phase2/results/predictions/full/electrode/resnet/seed_17/bandpass_n20003_cLA_V6_independent_rms_s5.npz,76458,6ae43ee314eb656f905f69592d391861dbb58e369758bf1b9a966e67c4f66c4e
resnet,electrode,17,bandpass_n20003_cLA_V6_independent_rms_s0,phase2/results/predictions/full/electrode/resnet/seed_17/bandpass_n20003_cLA_V6_independent_rms_s0.npz,76168,3ffe706ac1dda67dccd0cc849f0a29a83dc39329314f02b9a89b6b4c60261ce3
resnet,electrode,17,bandpass_n20003_cLA_V6_electrode_s20,phase2/results/predictions/full/electrode/resnet/seed_17/bandpass_n20003_cLA_V6_electrode_s20.npz,76601,539fe16cf753daf4498c617230037fe09fc08244b2fb0ba6a1424bf68173661c
resnet,electrode,17,bandpass_n20003_cLA_V6_electrode_s15,phase2/results/predictions/full/electrode/resnet/seed_17/bandpass_n20003_cLA_V6_electrode_s15.npz,76564,a8d5ac1f2e1fc32e108a23924fb208889cc6c7b51b7a5b0a20c593c348eb789d
resnet,electrode,17,bandpass_n20003_cLA_V6_electrode_s10,phase2/results/predictions/full/electrode/resnet/seed_17/bandpass_n20003_cLA_V6_electrode_s10.npz,76537,bef2d23ce8d2010633bf1b8ad055cb7beb1982d278c88c5fc532172d56d1b58a
resnet,electrode,17,bandpass_n20003_cLA_V6_electrode_s5,phase2/results/predictions/full/electrode/resnet/seed_17/bandpass_n20003_cLA_V6_electrode_s5.npz,76303,444cd20403331dbefc18aaa2a9c584bfd2db9d6bcd85bd112de37d60a920bcbc
resnet,electrode,17,bandpass_n20003_cLA_V6_electrode_s0,phase2/results/predictions/full/electrode/resnet/seed_17/bandpass_n20003_cLA_V6_electrode_s0.npz,75977,ee7f70ac882d01ea20c08c73b863b8f9937b5066624124e941e11e7ec73ea894
resnet,electrode,17,bandpass_n20003_cLA_V6_covariance_s20,phase2/results/predictions/full/electrode/resnet/seed_17/bandpass_n20003_cLA_V6_covariance_s20.npz,76592,29c11758cfa841f56271ed85eb5ce92b0dece9596137715f6e5c999fd9c91188
resnet,electrode,17,bandpass_n20003_cLA_V6_covariance_s15,phase2/results/predictions/full/electrode/resnet/seed_17/bandpass_n20003_cLA_V6_covariance_s15.npz,76568,99ef2bf3f928b38ac6f3033630b9417454bdfcd4b2f689bf7fc795b50c8c7575
resnet,electrode,17,bandpass_n20003_cLA_V6_covariance_s10,phase2/results/predictions/full/electrode/resnet/seed_17/bandpass_n20003_cLA_V6_covariance_s10.npz,76551,f2bf99dfe273e373576436a02c55bc9f81f8bf64ceffe01785e530b407bff78f
resnet,electrode,17,bandpass_n20003_cLA_V6_covariance_s5,phase2/results/predictions/full/electrode/resnet/seed_17/bandpass_n20003_cLA_V6_covariance_s5.npz,76351,796b928d62699eb97ac3cd1e54a1d6179e0e1b308fab95b35d8d622c1b7c313b
resnet,electrode,17,bandpass_n20003_cLA_V6_covariance_s0,phase2/results/predictions/full/electrode/resnet/seed_17/bandpass_n20003_cLA_V6_covariance_s0.npz,75969,3855fb767f5619d18f05ddba0487ec44b3bc8a0fdb1a148f5b8d76b9ed8d550d
resnet,electrode,17,bandpass_n20003_cLL_V4_independent_rms_s20,phase2/results/predictions/full/electrode/resnet/seed_17/bandpass_n20003_cLL_V4_independent_rms_s20.npz,76584,f56cb65f548694173dabcf93b6eb7f655aefbc0eefc700d15cbea1bae647836a
resnet,electrode,17,bandpass_n20003_cLL_V4_independent_rms_s15,phase2/results/predictions/full/electrode/resnet/seed_17/bandpass_n20003_cLL_V4_independent_rms_s15.npz,76605,e756c9c951662be1aa81862d26a1c377214b2c98b1375d513cc254740844a226
resnet,electrode,17,bandpass_n20003_cLL_V4_independent_rms_s10,phase2/results/predictions/full/electrode/resnet/seed_17/bandpass_n20003_cLL_V4_independent_rms_s10.npz,76562,3680fd73db17a16878faae29ea86dbb4301875948ab8cbb94e6f25356f60ae25
resnet,electrode,17,bandpass_n20003_cLL_V4_independent_rms_s5,phase2/results/predictions/full/electrode/resnet/seed_17/bandpass_n20003_cLL_V4_independent_rms_s5.npz,76398,9999152b52af17b7ecc2fcd408f962374f6f7df80416343aaaf728a72024d37c
resnet,electrode,17,bandpass_n20003_cLL_V4_independent_rms_s0,phase2/results/predictions/full/electrode/resnet/seed_17/bandpass_n20003_cLL_V4_independent_rms_s0.npz,76169,242c7b2caab7285353b026975d474128a25883e640190a6d0a15cb42ab4a8f9f
resnet,electrode,17,bandpass_n20003_cLL_V4_electrode_s20,phase2/results/predictions/full/electrode/resnet/seed_17/bandpass_n20003_cLL_V4_electrode_s20.npz,76591,f203a13d072e7c911e57e508b2596451c3c55693119c5e3788930bbc366d1dfa
resnet,electrode,17,bandpass_n20003_cLL_V4_electrode_s15,phase2/results/predictions/full/electrode/resnet/seed_17/bandpass_n20003_cLL_V4_electrode_s15.npz,76558,85ed9db032eb9e4efc325470061513573aebff47b49b099b35aae6957ebc87c6
resnet,electrode,17,bandpass_n20003_cLL_V4_electrode_s10,phase2/results/predictions/full/electrode/resnet/seed_17/bandpass_n20003_cLL_V4_electrode_s10.npz,76500,3e8510aba9b48fe916cb9a611054c2f66c84397da7b6cbee7d644e78c5a40f4b
resnet,electrode,17,bandpass_n20003_cLL_V4_electrode_s5,phase2/results/predictions/full/electrode/resnet/seed_17/bandpass_n20003_cLL_V4_electrode_s5.npz,76300,9f2a39d94f8a95d9030f105630debce930db668d050e6573984f86deb6596878
resnet,electrode,17,bandpass_n20003_cLL_V4_electrode_s0,phase2/results/predictions/full/electrode/resnet/seed_17/bandpass_n20003_cLL_V4_electrode_s0.npz,75976,799bf5abb4a83b7fb5a18513f23f6184ce60faa52ec8db626891af6f04b20b23
resnet,electrode,17,bandpass_n20003_cLL_V4_covariance_s20,phase2/results/predictions/full/electrode/resnet/seed_17/bandpass_n20003_cLL_V4_covariance_s20.npz,76581,ea632aa1149bc99e3faa4cfa426d59f6843833b151efa3b15b4a121de73b928e
resnet,electrode,17,bandpass_n20003_cLL_V4_covariance_s15,phase2/results/predictions/full/electrode/resnet/seed_17/bandpass_n20003_cLL_V4_covariance_s15.npz,76569,ea865955d75f64e0f974df2b32c0dcd38e53dbe501e32d200f49015b8458c3c2
resnet,electrode,17,bandpass_n20003_cLL_V4_covariance_s10,phase2/results/predictions/full/electrode/resnet/seed_17/bandpass_n20003_cLL_V4_covariance_s10.npz,76493,c8b6f49282103d5c8e4404fe7595e78f1847c78ae5182780f67b0db35b3b9ce6
resnet,electrode,17,bandpass_n20003_cLL_V4_covariance_s5,phase2/results/predictions/full/electrode/resnet/seed_17/bandpass_n20003_cLL_V4_covariance_s5.npz,76297,9897d05b03788282a13fd371d32b0f8b9bb0dce4a910572d2f37d6b57455fa2a
resnet,electrode,17,bandpass_n20003_cLL_V4_covariance_s0,phase2/results/predictions/full/electrode/resnet/seed_17/bandpass_n20003_cLL_V4_covariance_s0.npz,76011,2fcd6f3e8d8caa3c160fae6c0dea342da31eb811a8a7b59e79d02bd199a43fcb
resnet,electrode,17,bandpass_n20003_cRA_LA_V1_V6_independent_rms_s20,phase2/results/predictions/full/electrode/resnet/seed_17/bandpass_n20003_cRA_LA_V1_V6_independent_rms_s20.npz,76624,448f5e5c5d21ed51d4fbd628a6b901cb3b7791c0c32ffece78e9a75854ee5c97
resnet,electrode,17,bandpass_n20003_cRA_LA_V1_V6_independent_rms_s15,phase2/results/predictions/full/electrode/resnet/seed_17/bandpass_n20003_cRA_LA_V1_V6_independent_rms_s15.npz,76585,6b0df3559a5ba507d87701c335dba27c5e0c64195dedc40362799fb74c54be74
resnet,electrode,17,bandpass_n20003_cRA_LA_V1_V6_independent_rms_s10,phase2/results/predictions/full/electrode/resnet/seed_17/bandpass_n20003_cRA_LA_V1_V6_independent_rms_s10.npz,76581,90889b612a6df62a3f59e314403a109aa76422ee900ea14055c1e15d7a1adcd1
resnet,electrode,17,bandpass_n20003_cRA_LA_V1_V6_independent_rms_s5,phase2/results/predictions/full/electrode/resnet/seed_17/bandpass_n20003_cRA_LA_V1_V6_independent_rms_s5.npz,76442,e4d02d5f7c5f6b0f14a2198287439df70e3a3ea0735356a10c64c299a4930d1f
resnet,electrode,17,bandpass_n20003_cRA_LA_V1_V6_independent_rms_s0,phase2/results/predictions/full/electrode/resnet/seed_17/bandpass_n20003_cRA_LA_V1_V6_independent_rms_s0.npz,76215,bd08751d07d8232f5719d1240cc481a478056d4ef69865e0dd3673d91af74ee3
resnet,electrode,17,bandpass_n20003_cRA_LA_V1_V6_electrode_s20,phase2/results/predictions/full/electrode/resnet/seed_17/bandpass_n20003_cRA_LA_V1_V6_electrode_s20.npz,76601,839a5d6277108341101be792b8230919f6875d2b6a5d64fa71e69f1740ef1d55
resnet,electrode,17,bandpass_n20003_cRA_LA_V1_V6_electrode_s15,phase2/results/predictions/full/electrode/resnet/seed_17/bandpass_n20003_cRA_LA_V1_V6_electrode_s15.npz,76567,f28b6c865397134723544fb81b0f18fac2cc6dff5f42be3996be05332305afd8
resnet,electrode,17,bandpass_n20003_cRA_LA_V1_V6_electrode_s10,phase2/results/predictions/full/electrode/resnet/seed_17/bandpass_n20003_cRA_LA_V1_V6_electrode_s10.npz,76530,f837e604205b28a027613b013b22b5118afe2d389ed18dfac7defc0bd3de1cbb
resnet,electrode,17,bandpass_n20003_cRA_LA_V1_V6_electrode_s5,phase2/results/predictions/full/electrode/resnet/seed_17/bandpass_n20003_cRA_LA_V1_V6_electrode_s5.npz,76326,a48fe5026effd52686c729b3424bdfaff31cc45b67a716887888b252d3b31bef
resnet,electrode,17,bandpass_n20003_cRA_LA_V1_V6_electrode_s0,phase2/results/predictions/full/electrode/resnet/seed_17/bandpass_n20003_cRA_LA_V1_V6_electrode_s0.npz,76080,18d4c61bf2ee614969e6c46712b94944164356ab5f18af6f81402b2befc33b28
resnet,electrode,17,bandpass_n20003_cRA_LA_V1_V6_covariance_s20,phase2/results/predictions/full/electrode/resnet/seed_17/bandpass_n20003_cRA_LA_V1_V6_covariance_s20.npz,76589,8523b0a4b672d0b75abb4e1328612e61b78836361b5a52f541631012d68a37e7
resnet,electrode,17,bandpass_n20003_cRA_LA_V1_V6_covariance_s15,phase2/results/predictions/full/electrode/resnet/seed_17/bandpass_n20003_cRA_LA_V1_V6_covariance_s15.npz,76583,5b1c41752bf25e9f82009fe676702fd3278f7d90d7051885d42c863ece3af93c
resnet,electrode,17,bandpass_n20003_cRA_LA_V1_V6_covariance_s10,phase2/results/predictions/full/electrode/resnet/seed_17/bandpass_n20003_cRA_LA_V1_V6_covariance_s10.npz,76469,6f605bfde7b233379e34c1bce95fed4b36b724e02d48ad38adbc15d8fa8d2a9f
resnet,electrode,17,bandpass_n20003_cRA_LA_V1_V6_covariance_s5,phase2/results/predictions/full/electrode/resnet/seed_17/bandpass_n20003_cRA_LA_V1_V6_covariance_s5.npz,76338,262913c6a801140e5956d797dea825a0891ebdc4325fe82b8abf314da40ebb1a
resnet,electrode,17,bandpass_n20003_cRA_LA_V1_V6_covariance_s0,phase2/results/predictions/full/electrode/resnet/seed_17/bandpass_n20003_cRA_LA_V1_V6_covariance_s0.npz,76075,14d9bbf44035f16b58635620071822249d0641b5f25f7f9a97bfa5d9bd0e7ef3
resnet,electrode,17,bandpass_n20003_cRA_V2_V5_independent_rms_s20,phase2/results/predictions/full/electrode/resnet/seed_17/bandpass_n20003_cRA_V2_V5_independent_rms_s20.npz,76617,a51feaf7dc4383a585758017ae2be2bf2bc75f39212d9d73372094279886e1be
resnet,electrode,17,bandpass_n20003_cRA_V2_V5_independent_rms_s15,phase2/results/predictions/full/electrode/resnet/seed_17/bandpass_n20003_cRA_V2_V5_independent_rms_s15.npz,76595,7c6473365d5a0a3d70e8a9ac072b079960d2715c160eabf792af1e7dea55df20
resnet,electrode,17,bandpass_n20003_cRA_V2_V5_independent_rms_s10,phase2/results/predictions/full/electrode/resnet/seed_17/bandpass_n20003_cRA_V2_V5_independent_rms_s10.npz,76570,656b484a549ca9a0d48d48d12ff9ddac2cb314b725f6e1cf3e1ad9410fac80c4
resnet,electrode,17,bandpass_n20003_cRA_V2_V5_independent_rms_s5,phase2/results/predictions/full/electrode/resnet/seed_17/bandpass_n20003_cRA_V2_V5_independent_rms_s5.npz,76445,1500ee8d1b78971419a6b25500fb49f7dfe34a7eef10a810ca789fa29d6998d4
resnet,electrode,17,bandpass_n20003_cRA_V2_V5_independent_rms_s0,phase2/results/predictions/full/electrode/resnet/seed_17/bandpass_n20003_cRA_V2_V5_independent_rms_s0.npz,76174,6e120d8d5a6826d122673ec54db609e67db71478ee66801e3e20c4ef59d49d50
resnet,electrode,17,bandpass_n20003_cRA_V2_V5_electrode_s20,phase2/results/predictions/full/electrode/resnet/seed_17/bandpass_n20003_cRA_V2_V5_electrode_s20.npz,76598,381560b9bbc2b84b9410d81fa510b6f0f361e2db08b5a744b189e26a86bf0119
resnet,electrode,17,bandpass_n20003_cRA_V2_V5_electrode_s15,phase2/results/predictions/full/electrode/resnet/seed_17/bandpass_n20003_cRA_V2_V5_electrode_s15.npz,76574,d947384acef691783e8c4d4f674b2f1df6058161b75546d07ca90199a5dae5c9
resnet,electrode,17,bandpass_n20003_cRA_V2_V5_electrode_s10,phase2/results/predictions/full/electrode/resnet/seed_17/bandpass_n20003_cRA_V2_V5_electrode_s10.npz,76484,fea4f720bac2d5beb5a78f177040e772184b2317e7239fa559d73478785cac3c
resnet,electrode,17,bandpass_n20003_cRA_V2_V5_electrode_s5,phase2/results/predictions/full/electrode/resnet/seed_17/bandpass_n20003_cRA_V2_V5_electrode_s5.npz,76330,007100f496598750b8426e8f93e7c91c7310879ef2c8019a0293a5af60d66bd5
resnet,electrode,17,bandpass_n20003_cRA_V2_V5_electrode_s0,phase2/results/predictions/full/electrode/resnet/seed_17/bandpass_n20003_cRA_V2_V5_electrode_s0.npz,76129,8acad9e0027368be99182132bc440ab4c195446a78ff83a1489f3efc0c8de451
resnet,electrode,17,bandpass_n20003_cRA_V2_V5_covariance_s20,phase2/results/predictions/full/electrode/resnet/seed_17/bandpass_n20003_cRA_V2_V5_covariance_s20.npz,76583,33084ceb3fa9809c3e7a566a3e2c1a99a7903e01d9902ab2370254d6c5e15f44
resnet,electrode,17,bandpass_n20003_cRA_V2_V5_covariance_s15,phase2/results/predictions/full/electrode/resnet/seed_17/bandpass_n20003_cRA_V2_V5_covariance_s15.npz,76548,26437f924b052e2af721b880bac49affa6b8a6a98f3e83a16d39ac8aa1b706b2
resnet,electrode,17,bandpass_n20003_cRA_V2_V5_covariance_s10,phase2/results/predictions/full/electrode/resnet/seed_17/bandpass_n20003_cRA_V2_V5_covariance_s10.npz,76478,614de990d89f21eb70d9a84007651eb6e46cb735e4d8a8def92871b3462a1daf
resnet,electrode,17,bandpass_n20003_cRA_V2_V5_covariance_s5,phase2/results/predictions/full/electrode/resnet/seed_17/bandpass_n20003_cRA_V2_V5_covariance_s5.npz,76349,cfb68128582e9518b4cc7c1dcb5171163dfd60c401e58ac755d1954bfe70af58
resnet,electrode,17,bandpass_n20003_cRA_V2_V5_covariance_s0,phase2/results/predictions/full/electrode/resnet/seed_17/bandpass_n20003_cRA_V2_V5_covariance_s0.npz,76148,b4515049a1967438d21a4cd484acd5ee6a1e02eabc4b021a05b38d9e1360b659
resnet,electrode,17,bandpass_n20003_cLA_V3_V6_independent_rms_s20,phase2/results/predictions/full/electrode/resnet/seed_17/bandpass_n20003_cLA_V3_V6_independent_rms_s20.npz,76658,da6bbe152a2ca41562c765f336894d87a874b5dfdd27bb4e11b623ffca28ef79
resnet,electrode,17,bandpass_n20003_cLA_V3_V6_independent_rms_s15,phase2/results/predictions/full/electrode/resnet/seed_17/bandpass_n20003_cLA_V3_V6_independent_rms_s15.npz,76604,714a8238056338a3cbc9c18a1e0fdb2d16456005a017f969e1f77794d52fd01b
resnet,electrode,17,bandpass_n20003_cLA_V3_V6_independent_rms_s10,phase2/results/predictions/full/electrode/resnet/seed_17/bandpass_n20003_cLA_V3_V6_independent_rms_s10.npz,76583,e422c2da254a94a1a26b8936f5ae34fe71bee960125510f1679f49e530a61588
resnet,electrode,17,bandpass_n20003_cLA_V3_V6_independent_rms_s5,phase2/results/predictions/full/electrode/resnet/seed_17/bandpass_n20003_cLA_V3_V6_independent_rms_s5.npz,76445,cae4bd44c4c568474591893ffedaac877d6c01dc16c3e943196a5258cc493431
resnet,electrode,17,bandpass_n20003_cLA_V3_V6_independent_rms_s0,phase2/results/predictions/full/electrode/resnet/seed_17/bandpass_n20003_cLA_V3_V6_independent_rms_s0.npz,76211,ddc9d7f1809c9f992b31a2268a4758edfca2b6fd75ef6546c4b1b2839ccf6ff9
resnet,electrode,17,bandpass_n20003_cLA_V3_V6_electrode_s20,phase2/results/predictions/full/electrode/resnet/seed_17/bandpass_n20003_cLA_V3_V6_electrode_s20.npz,76595,ec2ebcab009f527615af14678d5ad671ee78a9a541987e75b151f20350820ad8
resnet,electrode,17,bandpass_n20003_cLA_V3_V6_electrode_s15,phase2/results/predictions/full/electrode/resnet/seed_17/bandpass_n20003_cLA_V3_V6_electrode_s15.npz,76549,117b4396e7e5f8c587f948b87e859c2ed79860e41e5d7768b893fb17cddf2566
resnet,electrode,17,bandpass_n20003_cLA_V3_V6_electrode_s10,phase2/results/predictions/full/electrode/resnet/seed_17/bandpass_n20003_cLA_V3_V6_electrode_s10.npz,76536,48b9f972853ac6ddaa827b0f216285a85682857eb968595c708a6070e1ee2e54
resnet,electrode,17,bandpass_n20003_cLA_V3_V6_electrode_s5,phase2/results/predictions/full/electrode/resnet/seed_17/bandpass_n20003_cLA_V3_V6_electrode_s5.npz,76384,855389dd92a35ac6f6bb5cdca38aa27532a48c21fe3aeb75f591bcc6bc69e684
resnet,electrode,17,bandpass_n20003_cLA_V3_V6_electrode_s0,phase2/results/predictions/full/electrode/resnet/seed_17/bandpass_n20003_cLA_V3_V6_electrode_s0.npz,76019,86e2debf304bdd5cec3db0b10afde1eba28df3671c90ebce42e4531dc9921604
resnet,electrode,17,bandpass_n20003_cLA_V3_V6_covariance_s20,phase2/results/predictions/full/electrode/resnet/seed_17/bandpass_n20003_cLA_V3_V6_covariance_s20.npz,76591,f42a58b20565ab78e4b4bb6e6c6e286232ef48db819b2dde1655f956cb4d7d7a
resnet,electrode,17,bandpass_n20003_cLA_V3_V6_covariance_s15,phase2/results/predictions/full/electrode/resnet/seed_17/bandpass_n20003_cLA_V3_V6_covariance_s15.npz,76587,78a968c106f6d7033454574a8c200b41670c5bd04c3e6323a93f4c4f225c01d6
resnet,electrode,17,bandpass_n20003_cLA_V3_V6_covariance_s10,phase2/results/predictions/full/electrode/resnet/seed_17/bandpass_n20003_cLA_V3_V6_covariance_s10.npz,76536,15212463c6d370a59777186a7f0132118ee58924653d2cbf42f4f856582d11b8
resnet,electrode,17,bandpass_n20003_cLA_V3_V6_covariance_s5,phase2/results/predictions/full/electrode/resnet/seed_17/bandpass_n20003_cLA_V3_V6_covariance_s5.npz,76366,1406edbc69bdab7c6db70c3c6ee54f0dfe6fe0cdea0218b8fc67283c83df92c6
resnet,electrode,17,bandpass_n20003_cLA_V3_V6_covariance_s0,phase2/results/predictions/full/electrode/resnet/seed_17/bandpass_n20003_cLA_V3_V6_covariance_s0.npz,76025,fcf774617e22106dddff039476f64985c127c41155b183830be76f3fae2de299
resnet,electrode,17,bandpass_n20003_cLL_V1_V4_independent_rms_s20,phase2/results/predictions/full/electrode/resnet/seed_17/bandpass_n20003_cLL_V1_V4_independent_rms_s20.npz,76611,6f33703abc80379c5d1eb23bd9a6c33c5c2a24b21a6a0a84bda6f75b7d4dd22b
resnet,electrode,17,bandpass_n20003_cLL_V1_V4_independent_rms_s15,phase2/results/predictions/full/electrode/resnet/seed_17/bandpass_n20003_cLL_V1_V4_independent_rms_s15.npz,76612,7503a4a9a4f66cec94a3aa239a4d366c0efdaeed47b40cd96842ba3bd5f193be
resnet,electrode,17,bandpass_n20003_cLL_V1_V4_independent_rms_s10,phase2/results/predictions/full/electrode/resnet/seed_17/bandpass_n20003_cLL_V1_V4_independent_rms_s10.npz,76560,6dd0b7a3cb02fa8aaf1f31abd0590bc12cffb538e29ae7c613f1b5bf2ce0782f
resnet,electrode,17,bandpass_n20003_cLL_V1_V4_independent_rms_s5,phase2/results/predictions/full/electrode/resnet/seed_17/bandpass_n20003_cLL_V1_V4_independent_rms_s5.npz,76424,03e1d2a6645d1c0596e5f594427ab0bb4ea97be41b4ef2cb629afeb992942e6e
resnet,electrode,17,bandpass_n20003_cLL_V1_V4_independent_rms_s0,phase2/results/predictions/full/electrode/resnet/seed_17/bandpass_n20003_cLL_V1_V4_independent_rms_s0.npz,76161,cbe92204d07b74de26f3f6f9fa89d0d6439f0c6f575cf5877cac77ea7dd16e26
resnet,electrode,17,bandpass_n20003_cLL_V1_V4_electrode_s20,phase2/results/predictions/full/electrode/resnet/seed_17/bandpass_n20003_cLL_V1_V4_electrode_s20.npz,76587,1da743a3b9c22d23afffd70518100f00fad3ff0231f651aa138be01f9ba5226f
resnet,electrode,17,bandpass_n20003_cLL_V1_V4_electrode_s15,phase2/results/predictions/full/electrode/resnet/seed_17/bandpass_n20003_cLL_V1_V4_electrode_s15.npz,76549,9b0f991dd114b2d593ff69c68d8c5366555e271b2e252d9934a52c9e8532a65f
resnet,electrode,17,bandpass_n20003_cLL_V1_V4_electrode_s10,phase2/results/predictions/full/electrode/resnet/seed_17/bandpass_n20003_cLL_V1_V4_electrode_s10.npz,76514,8c727c786c0df094295678bf3fdbe8be91f20eb92344ecd23972d2bdddc2f043
resnet,electrode,17,bandpass_n20003_cLL_V1_V4_electrode_s5,phase2/results/predictions/full/electrode/resnet/seed_17/bandpass_n20003_cLL_V1_V4_electrode_s5.npz,76325,bc376f4dbd92f0f9d7f02e559945695527fd60656795df331627b24a802809cd
resnet,electrode,17,bandpass_n20003_cLL_V1_V4_electrode_s0,phase2/results/predictions/full/electrode/resnet/seed_17/bandpass_n20003_cLL_V1_V4_electrode_s0.npz,75978,3fecf846c8f555145526c3b90d0bd34a7387ca92b332873f541173d872986a37
resnet,electrode,17,bandpass_n20003_cLL_V1_V4_covariance_s20,phase2/results/predictions/full/electrode/resnet/seed_17/bandpass_n20003_cLL_V1_V4_covariance_s20.npz,76599,f30805b9437852ae46af520bbd14b42e9e1f75f96b1d487a0e7935410fcfe848
resnet,electrode,17,bandpass_n20003_cLL_V1_V4_covariance_s15,phase2/results/predictions/full/electrode/resnet/seed_17/bandpass_n20003_cLL_V1_V4_covariance_s15.npz,76587,3de32e501c5cb5382a2cbb5325062263225cdd9e73e7599294e74fce36733273
resnet,electrode,17,bandpass_n20003_cLL_V1_V4_covariance_s10,phase2/results/predictions/full/electrode/resnet/seed_17/bandpass_n20003_cLL_V1_V4_covariance_s10.npz,76491,151432d831d60fd91e0116189a1acd4bda5b4d1ea096d5e1461449b554905791
resnet,electrode,17,bandpass_n20003_cLL_V1_V4_covariance_s5,phase2/results/predictions/full/electrode/resnet/seed_17/bandpass_n20003_cLL_V1_V4_covariance_s5.npz,76280,6fed664d74f294e2485fe1b9c755e80e264aff4632156c8244b769ff086789d3
resnet,electrode,17,bandpass_n20003_cLL_V1_V4_covariance_s0,phase2/results/predictions/full/electrode/resnet/seed_17/bandpass_n20003_cLL_V1_V4_covariance_s0.npz,76011,c2feac9cc7585d60aba39498e09038ebde067838c496af8bb1487e88542b3789
resnet,electrode,17,bandpass_n20003_call_independent_rms_s20,phase2/results/predictions/full/electrode/resnet/seed_17/bandpass_n20003_call_independent_rms_s20.npz,76564,adc8716bfe3b150b1bc21bfab7b1809e408ef6bfe21db013d6832952e612ef3f
resnet,electrode,17,bandpass_n20003_call_independent_rms_s15,phase2/results/predictions/full/electrode/resnet/seed_17/bandpass_n20003_call_independent_rms_s15.npz,76594,3bdd8f50396ec3c389ab5bc74bd7fff7242b23611a25dd71c8ab312df2459f5b
resnet,electrode,17,bandpass_n20003_call_independent_rms_s10,phase2/results/predictions/full/electrode/resnet/seed_17/bandpass_n20003_call_independent_rms_s10.npz,76566,1c967207dfcbcca6ce7732f8622ebf9045ef9ced04eb41b6b15592eb3a3c2940
resnet,electrode,17,bandpass_n20003_call_independent_rms_s5,phase2/results/predictions/full/electrode/resnet/seed_17/bandpass_n20003_call_independent_rms_s5.npz,76417,2da9287599996b2a1f270487a1a97dbc45110f153badcd3b6792c6d2c0f4d57d
resnet,electrode,17,bandpass_n20003_call_independent_rms_s0,phase2/results/predictions/full/electrode/resnet/seed_17/bandpass_n20003_call_independent_rms_s0.npz,76149,e458e5ac3a9c93784186ca44443b91bdb4f6a6b24043078684cb5ead369fb711
resnet,electrode,17,bandpass_n20003_call_electrode_s20,phase2/results/predictions/full/electrode/resnet/seed_17/bandpass_n20003_call_electrode_s20.npz,76544,d03c4ca489924c9aaf785668f6d3ec11c977bc679bbbadd96dada533dd86b233
resnet,electrode,17,bandpass_n20003_call_electrode_s15,phase2/results/predictions/full/electrode/resnet/seed_17/bandpass_n20003_call_electrode_s15.npz,76544,a185dbd232add417e3819a6654d0c4e7e99019a7672c67fd4fd6bf6576d8d81d
resnet,electrode,17,bandpass_n20003_call_electrode_s10,phase2/results/predictions/full/electrode/resnet/seed_17/bandpass_n20003_call_electrode_s10.npz,76463,21f93583766bf30b298f75953e8f03fe49b7d8f0ec01ab5acf387091ab61c26c
resnet,electrode,17,bandpass_n20003_call_electrode_s5,phase2/results/predictions/full/electrode/resnet/seed_17/bandpass_n20003_call_electrode_s5.npz,76288,cfe9d299512c41b311aea85c2abe32ddfb53ecf213ea6974862ed4ed84f2525a
resnet,electrode,17,bandpass_n20003_call_electrode_s0,phase2/results/predictions/full/electrode/resnet/seed_17/bandpass_n20003_call_electrode_s0.npz,76012,c0d60e3d0464998a92b88ce64ae50e93500d3a7dbb69e20d232373be9e7a947c
resnet,electrode,17,bandpass_n20003_call_covariance_s20,phase2/results/predictions/full/electrode/resnet/seed_17/bandpass_n20003_call_covariance_s20.npz,76540,8860ed8055972b40e7482d2f09f84b59f1c266cfd50b7c7878c3246b0761f10a
resnet,electrode,17,bandpass_n20003_call_covariance_s15,phase2/results/predictions/full/electrode/resnet/seed_17/bandpass_n20003_call_covariance_s15.npz,76556,cf4cd8ba4a73e488cfa1dbd5c1ec4abc5a48312a076646e2a54d9d69297f2668
resnet,electrode,17,bandpass_n20003_call_covariance_s10,phase2/results/predictions/full/electrode/resnet/seed_17/bandpass_n20003_call_covariance_s10.npz,76452,1a4bb77b363dd94a30fc7881f7923f7df6e6f63fc2d99f267f5a0539d29f268b
resnet,electrode,17,bandpass_n20003_call_covariance_s5,phase2/results/predictions/full/electrode/resnet/seed_17/bandpass_n20003_call_covariance_s5.npz,76284,1ecb8e5b3d346f4797789ce5774a88447fab31792d6deded27c26843500d3d64
resnet,electrode,17,bandpass_n20003_call_covariance_s0,phase2/results/predictions/full/electrode/resnet/seed_17/bandpass_n20003_call_covariance_s0.npz,76020,2331430bdde498ad69c05aaa57de9a4c4c2956e1e053fee70bc976c0a2d9231a
resnet,electrode,17,bandpass_n20004_cRA_LA_LL_independent_rms_s20,phase2/results/predictions/full/electrode/resnet/seed_17/bandpass_n20004_cRA_LA_LL_independent_rms_s20.npz,76595,0dcb642f36c063f7b12e572b9a80d18e57d72cef2bbcaf15796925938c9b9643
resnet,electrode,17,bandpass_n20004_cRA_LA_LL_independent_rms_s15,phase2/results/predictions/full/electrode/resnet/seed_17/bandpass_n20004_cRA_LA_LL_independent_rms_s15.npz,76591,d99bfefc480096e5e066ddca49a34053db53ace7136d1a00c99ef6f12725e8b1
resnet,electrode,17,bandpass_n20004_cRA_LA_LL_independent_rms_s10,phase2/results/predictions/full/electrode/resnet/seed_17/bandpass_n20004_cRA_LA_LL_independent_rms_s10.npz,76588,f527255e229440f1114bb571f4e033e90cc5fc8eb127e2de1d103f9117406e2b
resnet,electrode,17,bandpass_n20004_cRA_LA_LL_independent_rms_s5,phase2/results/predictions/full/electrode/resnet/seed_17/bandpass_n20004_cRA_LA_LL_independent_rms_s5.npz,76428,7382c0bfa10b00bd6660399ba551292666bdad157e823f5d8f34f38a1fe12e83
resnet,electrode,17,bandpass_n20004_cRA_LA_LL_independent_rms_s0,phase2/results/predictions/full/electrode/resnet/seed_17/bandpass_n20004_cRA_LA_LL_independent_rms_s0.npz,76143,443d97f93bee1d5cb0bab3418c0407bb198f99166e8ab7576fac3aa119b67727
resnet,electrode,17,bandpass_n20004_cRA_LA_LL_electrode_s20,phase2/results/predictions/full/electrode/resnet/seed_17/bandpass_n20004_cRA_LA_LL_electrode_s20.npz,76592,9cb6cb67ada0ba79f9198647930bcdc1dc38f9357ddcb7f7c319a28afb174a14
resnet,electrode,17,bandpass_n20004_cRA_LA_LL_electrode_s15,phase2/results/predictions/full/electrode/resnet/seed_17/bandpass_n20004_cRA_LA_LL_electrode_s15.npz,76568,34eda7eefb698304c8af0e14f5427014699921929cd7f888b9221a9b13faa22c
resnet,electrode,17,bandpass_n20004_cRA_LA_LL_electrode_s10,phase2/results/predictions/full/electrode/resnet/seed_17/bandpass_n20004_cRA_LA_LL_electrode_s10.npz,76474,b4a4b595b280e69f20667cfc5a004d55c6ec2507eaa84a663199f6a1cc90e2ac
resnet,electrode,17,bandpass_n20004_cRA_LA_LL_electrode_s5,phase2/results/predictions/full/electrode/resnet/seed_17/bandpass_n20004_cRA_LA_LL_electrode_s5.npz,76284,bab3f4d526b303a25d50a536f5be3ef63b128b1d3ba230cfa47deb0acacf6c13
resnet,electrode,17,bandpass_n20004_cRA_LA_LL_electrode_s0,phase2/results/predictions/full/electrode/resnet/seed_17/bandpass_n20004_cRA_LA_LL_electrode_s0.npz,75989,1e5ce7f90db6c6c4c0ad418bce209a49bd94558d969c391b765735caae08ce6c
resnet,electrode,17,bandpass_n20004_cRA_LA_LL_covariance_s20,phase2/results/predictions/full/electrode/resnet/seed_17/bandpass_n20004_cRA_LA_LL_covariance_s20.npz,76587,b035e83cf8641cf869b449f3abf1558c4eb5a5bfa07bc31806459ef6c8ad0c3b
resnet,electrode,17,bandpass_n20004_cRA_LA_LL_covariance_s15,phase2/results/predictions/full/electrode/resnet/seed_17/bandpass_n20004_cRA_LA_LL_covariance_s15.npz,76557,506a55c8d078892802f3c4f619c644c2cdd742381e8a59f355d597e1e387323e
resnet,electrode,17,bandpass_n20004_cRA_LA_LL_covariance_s10,phase2/results/predictions/full/electrode/resnet/seed_17/bandpass_n20004_cRA_LA_LL_covariance_s10.npz,76450,c17a5c0e05befba8c0dbf6762e465c5b671fd50d9d290e3eeed557775474e7bb
resnet,electrode,17,bandpass_n20004_cRA_LA_LL_covariance_s5,phase2/results/predictions/full/electrode/resnet/seed_17/bandpass_n20004_cRA_LA_LL_covariance_s5.npz,76274,a0e238e5d871e34f85199438212fabbdca7ddd30c175f82d2ccb0c4eca8ad420
resnet,electrode,17,bandpass_n20004_cRA_LA_LL_covariance_s0,phase2/results/predictions/full/electrode/resnet/seed_17/bandpass_n20004_cRA_LA_LL_covariance_s0.npz,76002,a302ae1aa41912019988cc6aeea22482433d8b35c58a4b4d4b6628646515ba12
resnet,electrode,17,bandpass_n20004_cV1_independent_rms_s20,phase2/results/predictions/full/electrode/resnet/seed_17/bandpass_n20004_cV1_independent_rms_s20.npz,76596,b02ac471a2f1389b90bda0127430fdfb543717b2facc47f0b2c61c4284877de9
resnet,electrode,17,bandpass_n20004_cV1_independent_rms_s15,phase2/results/predictions/full/electrode/resnet/seed_17/bandpass_n20004_cV1_independent_rms_s15.npz,76550,452c58c750d5457de923f35c3ff7413411b745cdca157a15abc93e7b2839a927
resnet,electrode,17,bandpass_n20004_cV1_independent_rms_s10,phase2/results/predictions/full/electrode/resnet/seed_17/bandpass_n20004_cV1_independent_rms_s10.npz,76558,3fa6c7a507d55fadeaccb2cc1924829e2771212b4992e20a936e605f3c15c775
resnet,electrode,17,bandpass_n20004_cV1_independent_rms_s5,phase2/results/predictions/full/electrode/resnet/seed_17/bandpass_n20004_cV1_independent_rms_s5.npz,76358,a20b31319db53c3fd6683455d9e3d380cfb18bbe22ae24c48efc87518bda77d6
resnet,electrode,17,bandpass_n20004_cV1_independent_rms_s0,phase2/results/predictions/full/electrode/resnet/seed_17/bandpass_n20004_cV1_independent_rms_s0.npz,76085,450d261e6bad575c456a2ae6ae3fe5e5ce29856553b1be8c88d6bbc50e7f71e8
resnet,electrode,17,bandpass_n20004_cV1_electrode_s20,phase2/results/predictions/full/electrode/resnet/seed_17/bandpass_n20004_cV1_electrode_s20.npz,76576,dd0632186e1ec901eb91f01da559105fd73563b30d227cb17d9111f326e4dfd7
resnet,electrode,17,bandpass_n20004_cV1_electrode_s15,phase2/results/predictions/full/electrode/resnet/seed_17/bandpass_n20004_cV1_electrode_s15.npz,76563,2e99ba25a7c56775fe2ff5961302577bf28f58fbc31bbcae5b218030178758da
resnet,electrode,17,bandpass_n20004_cV1_electrode_s10,phase2/results/predictions/full/electrode/resnet/seed_17/bandpass_n20004_cV1_electrode_s10.npz,76538,5211ada93cd94b863a9e95a4762e218dc8c5d497c149a57ef3d1ea67e302ab8f
resnet,electrode,17,bandpass_n20004_cV1_electrode_s5,phase2/results/predictions/full/electrode/resnet/seed_17/bandpass_n20004_cV1_electrode_s5.npz,76369,19292e87a052b4ad4d4e0a328b21ee00f6e48e3a37462c4ffe62c10946ffae9a
resnet,electrode,17,bandpass_n20004_cV1_electrode_s0,phase2/results/predictions/full/electrode/resnet/seed_17/bandpass_n20004_cV1_electrode_s0.npz,76076,55c201b777a2aa4f55fd7e9375a2d2968e66a9b0a7f6dc767aef7e8944c5a77e
resnet,electrode,17,bandpass_n20004_cV1_covariance_s20,phase2/results/predictions/full/electrode/resnet/seed_17/bandpass_n20004_cV1_covariance_s20.npz,76576,bec11b986d59143a67bee121313c7ad76b2e9705e206e1bb12ef99b051105fb8
resnet,electrode,17,bandpass_n20004_cV1_covariance_s15,phase2/results/predictions/full/electrode/resnet/seed_17/bandpass_n20004_cV1_covariance_s15.npz,76599,a7f0413328e58e30a521c7994a1737f251b827b308341414204480eb569d4d18
resnet,electrode,17,bandpass_n20004_cV1_covariance_s10,phase2/results/predictions/full/electrode/resnet/seed_17/bandpass_n20004_cV1_covariance_s10.npz,76506,f59bac7369d58ee7f1a3b62e6745700deda7376b00fd82f8076eb84a3cee0b8b
resnet,electrode,17,bandpass_n20004_cV1_covariance_s5,phase2/results/predictions/full/electrode/resnet/seed_17/bandpass_n20004_cV1_covariance_s5.npz,76381,315a0bed4e1245c406b777fd4b3b5ebcfaec32cf94bedcbd6b5788814795c83d
resnet,electrode,17,bandpass_n20004_cV1_covariance_s0,phase2/results/predictions/full/electrode/resnet/seed_17/bandpass_n20004_cV1_covariance_s0.npz,76051,453411a6858e2252c2a71f0ea13c10a215b32a5ec030575a5e5211f78d7685b8
resnet,electrode,17,bandpass_n20004_cV2_independent_rms_s20,phase2/results/predictions/full/electrode/resnet/seed_17/bandpass_n20004_cV2_independent_rms_s20.npz,76577,a8020c9e8608af407b6d7f0b21556d6e6ab8cc60edd6c810d0750e045862700e
resnet,electrode,17,bandpass_n20004_cV2_independent_rms_s15,phase2/results/predictions/full/electrode/resnet/seed_17/bandpass_n20004_cV2_independent_rms_s15.npz,76572,7275acaf5f354b80438a8cf987853bfe0c8789ab1882d703b4b37cc444491fff
resnet,electrode,17,bandpass_n20004_cV2_independent_rms_s10,phase2/results/predictions/full/electrode/resnet/seed_17/bandpass_n20004_cV2_independent_rms_s10.npz,76517,baadb14997031bccf88c0271ef155aed768cb9689d8d3700a2be3c58133003aa
resnet,electrode,17,bandpass_n20004_cV2_independent_rms_s5,phase2/results/predictions/full/electrode/resnet/seed_17/bandpass_n20004_cV2_independent_rms_s5.npz,76450,8a9cf137b43e39ed3d371aa8feb2c4bf356c933b10a610497f272a96f01defb6
resnet,electrode,17,bandpass_n20004_cV2_independent_rms_s0,phase2/results/predictions/full/electrode/resnet/seed_17/bandpass_n20004_cV2_independent_rms_s0.npz,76201,6480ad22ecc8e8efe0334ed962c759974d9725ab8635cac45236d7da36f3ca0e
resnet,electrode,17,bandpass_n20004_cV2_electrode_s20,phase2/results/predictions/full/electrode/resnet/seed_17/bandpass_n20004_cV2_electrode_s20.npz,76572,5fa0b15dec96aabecc12e18ce9127910083857ced8682e09d78b01bc8bace4ca
resnet,electrode,17,bandpass_n20004_cV2_electrode_s15,phase2/results/predictions/full/electrode/resnet/seed_17/bandpass_n20004_cV2_electrode_s15.npz,76560,adfb467b1fc6ce53bc74c51cada0f2195f94fbefd828840b38d7542935de89c5
resnet,electrode,17,bandpass_n20004_cV2_electrode_s10,phase2/results/predictions/full/electrode/resnet/seed_17/bandpass_n20004_cV2_electrode_s10.npz,76542,bccb2b3036007369c82a54c137f47eea10b22047acbb053ab9b42bc6bce6946c
resnet,electrode,17,bandpass_n20004_cV2_electrode_s5,phase2/results/predictions/full/electrode/resnet/seed_17/bandpass_n20004_cV2_electrode_s5.npz,76418,a73bc8e242a0949e01b6e3caa9d5f7f6d2287d647efe1746875f0c1f5b1e714e
resnet,electrode,17,bandpass_n20004_cV2_electrode_s0,phase2/results/predictions/full/electrode/resnet/seed_17/bandpass_n20004_cV2_electrode_s0.npz,76213,58bf9075a873e31b122519b59ce1757065208d9304d2ccd159bf7ba536967f90
resnet,electrode,17,bandpass_n20004_cV2_covariance_s20,phase2/results/predictions/full/electrode/resnet/seed_17/bandpass_n20004_cV2_covariance_s20.npz,76590,81bb41472f78912605273ec23bcd9d71c1091ba2b1a6abc4f4f33b21606c7da6
resnet,electrode,17,bandpass_n20004_cV2_covariance_s15,phase2/results/predictions/full/electrode/resnet/seed_17/bandpass_n20004_cV2_covariance_s15.npz,76557,b30763581efc37a8687df4cd449fe4428f7da802b359cb626929406f1db9820b
resnet,electrode,17,bandpass_n20004_cV2_covariance_s10,phase2/results/predictions/full/electrode/resnet/seed_17/bandpass_n20004_cV2_covariance_s10.npz,76568,33fe5079e9c7ffb476bb2b52e2a2f68a9d278a07c8f3f626a0d38a7176d371ab
resnet,electrode,17,bandpass_n20004_cV2_covariance_s5,phase2/results/predictions/full/electrode/resnet/seed_17/bandpass_n20004_cV2_covariance_s5.npz,76410,7207b7a082545d965075d21bb41b9b81758a414d9bb4a74a09572ceb51582b2d
resnet,electrode,17,bandpass_n20004_cV2_covariance_s0,phase2/results/predictions/full/electrode/resnet/seed_17/bandpass_n20004_cV2_covariance_s0.npz,76231,42f712bce24638edc4540edb33edba831727feaf4f680e31729d4558d8f5c913
resnet,electrode,17,bandpass_n20004_cV3_independent_rms_s20,phase2/results/predictions/full/electrode/resnet/seed_17/bandpass_n20004_cV3_independent_rms_s20.npz,76555,bc0851d6211aed3a22cc9a6628baf2cc01e37f31eb4961dd22d1f9fc1a36a1f3
resnet,electrode,17,bandpass_n20004_cV3_independent_rms_s15,phase2/results/predictions/full/electrode/resnet/seed_17/bandpass_n20004_cV3_independent_rms_s15.npz,76569,19f40311069bc9828ee1c3a0d4736ce8cf634cbedc6865a910bcc509f85a4976
resnet,electrode,17,bandpass_n20004_cV3_independent_rms_s10,phase2/results/predictions/full/electrode/resnet/seed_17/bandpass_n20004_cV3_independent_rms_s10.npz,76535,c3bb11a801b019e8ca8cd510cddd7646cc4afb633b00a79aa975310b7f3108a0
resnet,electrode,17,bandpass_n20004_cV3_independent_rms_s5,phase2/results/predictions/full/electrode/resnet/seed_17/bandpass_n20004_cV3_independent_rms_s5.npz,76444,6556a0d9680cea6e2def14efb07d260a24a56566e4ff85e305949bf4e8dbdc36
resnet,electrode,17,bandpass_n20004_cV3_independent_rms_s0,phase2/results/predictions/full/electrode/resnet/seed_17/bandpass_n20004_cV3_independent_rms_s0.npz,76219,b171718f1ceaa93b3b6b48aa43a17d27b1ae5421443fdffc720e9d593d0e7266
resnet,electrode,17,bandpass_n20004_cV3_electrode_s20,phase2/results/predictions/full/electrode/resnet/seed_17/bandpass_n20004_cV3_electrode_s20.npz,76568,84b46993623beceafe77c738994ee344d72a0b4384ff9d04382d14a8aa2fa00b
resnet,electrode,17,bandpass_n20004_cV3_electrode_s15,phase2/results/predictions/full/electrode/resnet/seed_17/bandpass_n20004_cV3_electrode_s15.npz,76575,89cdab05fea42a19c2821d6135043fc8edd0b160c0416f6dd40ba2da5429737b
resnet,electrode,17,bandpass_n20004_cV3_electrode_s10,phase2/results/predictions/full/electrode/resnet/seed_17/bandpass_n20004_cV3_electrode_s10.npz,76514,08d04efacce50b209b0bdf628fc8e4c354adbdd37b20a8151c2d2a6491f46449
resnet,electrode,17,bandpass_n20004_cV3_electrode_s5,phase2/results/predictions/full/electrode/resnet/seed_17/bandpass_n20004_cV3_electrode_s5.npz,76459,ddd06886482db786649f6b9f03e40c9e7e7bda08be63db2a1f84eb2404eaa2c6
resnet,electrode,17,bandpass_n20004_cV3_electrode_s0,phase2/results/predictions/full/electrode/resnet/seed_17/bandpass_n20004_cV3_electrode_s0.npz,76182,6ff54264a27521a6c0e6a3c21488c571c61c1c80f244af9ca5866709603369f5
resnet,electrode,17,bandpass_n20004_cV3_covariance_s20,phase2/results/predictions/full/electrode/resnet/seed_17/bandpass_n20004_cV3_covariance_s20.npz,76557,01692ea7afb4830e6d3af78538c7d3601d245e33bb6cc2540e0365282b9ab385
resnet,electrode,17,bandpass_n20004_cV3_covariance_s15,phase2/results/predictions/full/electrode/resnet/seed_17/bandpass_n20004_cV3_covariance_s15.npz,76584,826fd28730e96d47ee15f20d1cd79ff0048e1ca0c9fb4543362bea5c1a00a777
resnet,electrode,17,bandpass_n20004_cV3_covariance_s10,phase2/results/predictions/full/electrode/resnet/seed_17/bandpass_n20004_cV3_covariance_s10.npz,76549,b39849f6aa507ed1408e20fa6f8f6a561878871c21fa6430854d9e6979954533
resnet,electrode,17,bandpass_n20004_cV3_covariance_s5,phase2/results/predictions/full/electrode/resnet/seed_17/bandpass_n20004_cV3_covariance_s5.npz,76408,20b9f9b86abd5c168b6e1c474d9d04b19bfb799b3a633a926ed6adcbf46c4e36
resnet,electrode,17,bandpass_n20004_cV3_covariance_s0,phase2/results/predictions/full/electrode/resnet/seed_17/bandpass_n20004_cV3_covariance_s0.npz,76164,0502836cafa55cf3378078b10a1a7e3d72bd5fe8479a2f8f4d0fbf401e6ed97a
resnet,electrode,17,bandpass_n20004_cV4_independent_rms_s20,phase2/results/predictions/full/electrode/resnet/seed_17/bandpass_n20004_cV4_independent_rms_s20.npz,76596,f8a7de7ba08975251b838e798f4466e50ccd20fb48a87970728344e90211f724
resnet,electrode,17,bandpass_n20004_cV4_independent_rms_s15,phase2/results/predictions/full/electrode/resnet/seed_17/bandpass_n20004_cV4_independent_rms_s15.npz,76613,6491e812460256f901dd672cfaaf502a0c48ef6ca929518fd104ba39c81d1e58
resnet,electrode,17,bandpass_n20004_cV4_independent_rms_s10,phase2/results/predictions/full/electrode/resnet/seed_17/bandpass_n20004_cV4_independent_rms_s10.npz,76561,8ead6ec58bef9bbdffbd3b4e0ae87805baa10e5b463a3bdd5ed79c9cc329c2fb
resnet,electrode,17,bandpass_n20004_cV4_independent_rms_s5,phase2/results/predictions/full/electrode/resnet/seed_17/bandpass_n20004_cV4_independent_rms_s5.npz,76482,84c1ff08b0b9c3ed9927d4083a42ebb5edd6666a2d6c82ccd7c806f21fd49877
resnet,electrode,17,bandpass_n20004_cV4_independent_rms_s0,phase2/results/predictions/full/electrode/resnet/seed_17/bandpass_n20004_cV4_independent_rms_s0.npz,76304,ede51be30251dff94a6bdf61a1771319dbc2dc0e4b88cad7868e4461a0a2a735
resnet,electrode,17,bandpass_n20004_cV4_electrode_s20,phase2/results/predictions/full/electrode/resnet/seed_17/bandpass_n20004_cV4_electrode_s20.npz,76555,084fadf15ae56710a740c6a7c87ff43b139faa1907427e89fd1b45363d9e9c35
resnet,electrode,17,bandpass_n20004_cV4_electrode_s15,phase2/results/predictions/full/electrode/resnet/seed_17/bandpass_n20004_cV4_electrode_s15.npz,76578,63058052c7bf4d2c25ab1557bc42340914a035c042f00390e1fbd7fde1b37cc9
resnet,electrode,17,bandpass_n20004_cV4_electrode_s10,phase2/results/predictions/full/electrode/resnet/seed_17/bandpass_n20004_cV4_electrode_s10.npz,76564,a0b8fb6b65c4437b6fb3cde4dc8da8e9b023934aafe4f590723466d15c2dbb32
resnet,electrode,17,bandpass_n20004_cV4_electrode_s5,phase2/results/predictions/full/electrode/resnet/seed_17/bandpass_n20004_cV4_electrode_s5.npz,76474,7b4015b6f35f2c068f202eaf45503c00bbb1cd121268e6f2b21e481bd8d002ef
resnet,electrode,17,bandpass_n20004_cV4_electrode_s0,phase2/results/predictions/full/electrode/resnet/seed_17/bandpass_n20004_cV4_electrode_s0.npz,76317,aadcc8b13d69f97e61efb618d88e66b90fe465e7bc00a2d1ac0d6f0cd6045bc0
resnet,electrode,17,bandpass_n20004_cV4_covariance_s20,phase2/results/predictions/full/electrode/resnet/seed_17/bandpass_n20004_cV4_covariance_s20.npz,76588,49edcb09d17d78fd534f36ed74b98040188ea61b64ddba8bb7fe69a6305c2514
resnet,electrode,17,bandpass_n20004_cV4_covariance_s15,phase2/results/predictions/full/electrode/resnet/seed_17/bandpass_n20004_cV4_covariance_s15.npz,76573,f0c8771cef2238c6114c166c3b3af6a494aceaad73d6ff080ead6e26b83b2ad0
resnet,electrode,17,bandpass_n20004_cV4_covariance_s10,phase2/results/predictions/full/electrode/resnet/seed_17/bandpass_n20004_cV4_covariance_s10.npz,76581,ca05b4c7ed383a29b245ae54a6e4dd8aba6e08bb367938c13f6ff54210a3e17c
resnet,electrode,17,bandpass_n20004_cV4_covariance_s5,phase2/results/predictions/full/electrode/resnet/seed_17/bandpass_n20004_cV4_covariance_s5.npz,76474,e69732286546c1bcb66776b3dc23d479d47c92828807a17020807f3b4fbf135d
resnet,electrode,17,bandpass_n20004_cV4_covariance_s0,phase2/results/predictions/full/electrode/resnet/seed_17/bandpass_n20004_cV4_covariance_s0.npz,76301,70b7877aef987e7a5ff5ba0c7d3712c058f1a26801fd7c6002283c3aff503a46
resnet,electrode,17,bandpass_n20004_cV5_independent_rms_s20,phase2/results/predictions/full/electrode/resnet/seed_17/bandpass_n20004_cV5_independent_rms_s20.npz,76578,287cedd396a40fd6d1abe57c853d86bc43cf6d3ce200fd17a6f9188770ef2b06
resnet,electrode,17,bandpass_n20004_cV5_independent_rms_s15,phase2/results/predictions/full/electrode/resnet/seed_17/bandpass_n20004_cV5_independent_rms_s15.npz,76572,9856a1e76a026b1a2a981ac6510be25f39959074da95bb783d3c3d8ec1b0ed6a
resnet,electrode,17,bandpass_n20004_cV5_independent_rms_s10,phase2/results/predictions/full/electrode/resnet/seed_17/bandpass_n20004_cV5_independent_rms_s10.npz,76522,3a7dfcb3dc779400f21695cae3ec00e46530eff16036225ea5693ca24e75a5dc
resnet,electrode,17,bandpass_n20004_cV5_independent_rms_s5,phase2/results/predictions/full/electrode/resnet/seed_17/bandpass_n20004_cV5_independent_rms_s5.npz,76355,f0170d4c8a7b717f5f4002d8c5c7abbe833167c225b01134e5782d2d70158970
resnet,electrode,17,bandpass_n20004_cV5_independent_rms_s0,phase2/results/predictions/full/electrode/resnet/seed_17/bandpass_n20004_cV5_independent_rms_s0.npz,76093,9f73f81095b15e447da28f82aff3d91e11c0bf7086c14df540ad8fa4b0145322
resnet,electrode,17,bandpass_n20004_cV5_electrode_s20,phase2/results/predictions/full/electrode/resnet/seed_17/bandpass_n20004_cV5_electrode_s20.npz,76557,01d322d60320df25955f8267600446213e539692e52e503916534065fbcc455c
resnet,electrode,17,bandpass_n20004_cV5_electrode_s15,phase2/results/predictions/full/electrode/resnet/seed_17/bandpass_n20004_cV5_electrode_s15.npz,76559,afea68253526380bcc95bde2a75b79dd2622fd6565bbe9bd00faf954d8232c58
resnet,electrode,17,bandpass_n20004_cV5_electrode_s10,phase2/results/predictions/full/electrode/resnet/seed_17/bandpass_n20004_cV5_electrode_s10.npz,76513,21b4b92f41b6309519a2bedd4908a0306ece986a7a1778a54af56dc218af7cd5
resnet,electrode,17,bandpass_n20004_cV5_electrode_s5,phase2/results/predictions/full/electrode/resnet/seed_17/bandpass_n20004_cV5_electrode_s5.npz,76349,28ca8ad68750d2046974a60d10a37ea8a52898076d4e98576cd4e00ad4fd3585
resnet,electrode,17,bandpass_n20004_cV5_electrode_s0,phase2/results/predictions/full/electrode/resnet/seed_17/bandpass_n20004_cV5_electrode_s0.npz,76072,d3573528c5d2e19802cc55644f9894aaba309e1263659ea3cb74543c29961543
resnet,electrode,17,bandpass_n20004_cV5_covariance_s20,phase2/results/predictions/full/electrode/resnet/seed_17/bandpass_n20004_cV5_covariance_s20.npz,76571,cbc55d1c1a91539260f687a0ea7dfcce1b5736b2430bdb2aa2119bee05096a40
resnet,electrode,17,bandpass_n20004_cV5_covariance_s15,phase2/results/predictions/full/electrode/resnet/seed_17/bandpass_n20004_cV5_covariance_s15.npz,76554,c638ef98f2bb0668457064b1076ec7c5a81ac7579e232c4bcd3afbe9f8ea7ee7
resnet,electrode,17,bandpass_n20004_cV5_covariance_s10,phase2/results/predictions/full/electrode/resnet/seed_17/bandpass_n20004_cV5_covariance_s10.npz,76525,8a1d65bc0ba0e0d3a203b8c5c813ede3ec789720b44a3869165cac182ba92566
resnet,electrode,17,bandpass_n20004_cV5_covariance_s5,phase2/results/predictions/full/electrode/resnet/seed_17/bandpass_n20004_cV5_covariance_s5.npz,76365,7c401899f7e71c208eec0a5bd408288e76ed893bb29531c8f626836631ca4c8e
resnet,electrode,17,bandpass_n20004_cV5_covariance_s0,phase2/results/predictions/full/electrode/resnet/seed_17/bandpass_n20004_cV5_covariance_s0.npz,76078,6f087829867289888087907245eee64b86ef838b69ac755c0c334e5bde942609
resnet,electrode,17,bandpass_n20004_cV6_independent_rms_s20,phase2/results/predictions/full/electrode/resnet/seed_17/bandpass_n20004_cV6_independent_rms_s20.npz,76558,37cb2e082ffdd79ad2e6fbc29a8d9c38975f6a050d82ed67316f1578de9d6410
resnet,electrode,17,bandpass_n20004_cV6_independent_rms_s15,phase2/results/predictions/full/electrode/resnet/seed_17/bandpass_n20004_cV6_independent_rms_s15.npz,76568,c52d5b55f92ebeeeb4a365e51648bba5e7f1f382f3adb9237566aaa4a4edfe21
resnet,electrode,17,bandpass_n20004_cV6_independent_rms_s10,phase2/results/predictions/full/electrode/resnet/seed_17/bandpass_n20004_cV6_independent_rms_s10.npz,76527,98d001d6907de57c39b7a1adf8a07f7f3ec457416864fe148d87f58b81c4ef3c
resnet,electrode,17,bandpass_n20004_cV6_independent_rms_s5,phase2/results/predictions/full/electrode/resnet/seed_17/bandpass_n20004_cV6_independent_rms_s5.npz,76408,d7cc333eca4dd222fe85ebe77c492e4ddcc1c600fea9d085531c4749e5c6ea8f
resnet,electrode,17,bandpass_n20004_cV6_independent_rms_s0,phase2/results/predictions/full/electrode/resnet/seed_17/bandpass_n20004_cV6_independent_rms_s0.npz,76108,963fae3dc3223501c8b475f13dad82ca753af8b1e68073afeeea8a8fe635dca4
resnet,electrode,17,bandpass_n20004_cV6_electrode_s20,phase2/results/predictions/full/electrode/resnet/seed_17/bandpass_n20004_cV6_electrode_s20.npz,76548,9fce01bd60d6d38165b879c76550a6a31cef9bf384ff96e44669f7a4530711f4
resnet,electrode,17,bandpass_n20004_cV6_electrode_s15,phase2/results/predictions/full/electrode/resnet/seed_17/bandpass_n20004_cV6_electrode_s15.npz,76549,d6a708eac9e56be5a67e54e613dca6c551defd330a86eb09c9afc7ed4fbddb78
resnet,electrode,17,bandpass_n20004_cV6_electrode_s10,phase2/results/predictions/full/electrode/resnet/seed_17/bandpass_n20004_cV6_electrode_s10.npz,76491,97b951bcfcc2354d98c4d116c8129a0e7ca8976093326596a86a046c843aa320
resnet,electrode,17,bandpass_n20004_cV6_electrode_s5,phase2/results/predictions/full/electrode/resnet/seed_17/bandpass_n20004_cV6_electrode_s5.npz,76373,a9a68f50e09cf8955116a4ec8cf23d16725d8b42b7885d5e849357607d2dc130
resnet,electrode,17,bandpass_n20004_cV6_electrode_s0,phase2/results/predictions/full/electrode/resnet/seed_17/bandpass_n20004_cV6_electrode_s0.npz,76142,e49eb127fc0afcd877a0782ac6f4ce20ad94a2228a23a85c2c96e6ec49c899a7
resnet,electrode,17,bandpass_n20004_cV6_covariance_s20,phase2/results/predictions/full/electrode/resnet/seed_17/bandpass_n20004_cV6_covariance_s20.npz,76588,3fc973b37464340f95c793d213be1253fdd9ef9a5ae5dc5af04f9d008b475402
resnet,electrode,17,bandpass_n20004_cV6_covariance_s15,phase2/results/predictions/full/electrode/resnet/seed_17/bandpass_n20004_cV6_covariance_s15.npz,76580,1c56827afdc208fcf4e9a0a125f2bc4b62c85b0e7adf4570022f4817cb190be5
resnet,electrode,17,bandpass_n20004_cV6_covariance_s10,phase2/results/predictions/full/electrode/resnet/seed_17/bandpass_n20004_cV6_covariance_s10.npz,76556,1e8df74acec94bbdde7d7a53f2f897f6aa2ac80d86aa730e5e234163cc12aecb
resnet,electrode,17,bandpass_n20004_cV6_covariance_s5,phase2/results/predictions/full/electrode/resnet/seed_17/bandpass_n20004_cV6_covariance_s5.npz,76398,f2e6eba7ae2f981e99db58a799299aa1c749a87fd071814eb549fc985c1d36d9
resnet,electrode,17,bandpass_n20004_cV6_covariance_s0,phase2/results/predictions/full/electrode/resnet/seed_17/bandpass_n20004_cV6_covariance_s0.npz,76126,565db3a71bc7342684b63c28bdba1eb4615ce9a7e71ebe1a664cdd04eee9ad23
resnet,electrode,17,bandpass_n20004_cRA_LA_independent_rms_s20,phase2/results/predictions/full/electrode/resnet/seed_17/bandpass_n20004_cRA_LA_independent_rms_s20.npz,76571,0f117ba2dfa335a7ea48e55a8b6b796b7d5e276bb07c942f02917b2cf6719640
resnet,electrode,17,bandpass_n20004_cRA_LA_independent_rms_s15,phase2/results/predictions/full/electrode/resnet/seed_17/bandpass_n20004_cRA_LA_independent_rms_s15.npz,76587,ffb31ca5d2dcf52604df2145241ae653abdd7c8d7401e425f6d68578f17b5e19
resnet,electrode,17,bandpass_n20004_cRA_LA_independent_rms_s10,phase2/results/predictions/full/electrode/resnet/seed_17/bandpass_n20004_cRA_LA_independent_rms_s10.npz,76535,ceec844f26334f2d54bd7d1ff2dcd2adc18d058c90c3c36fdc33abd36d16340d
resnet,electrode,17,bandpass_n20004_cRA_LA_independent_rms_s5,phase2/results/predictions/full/electrode/resnet/seed_17/bandpass_n20004_cRA_LA_independent_rms_s5.npz,76407,ceb133444455a041cf364f624f8b46d36b3c1d7169808e0acfc21e56a1835548
resnet,electrode,17,bandpass_n20004_cRA_LA_independent_rms_s0,phase2/results/predictions/full/electrode/resnet/seed_17/bandpass_n20004_cRA_LA_independent_rms_s0.npz,76173,bfdea59438031aa44b03fc3112d57ddee5f45f846330295851038503210d442f
resnet,electrode,17,bandpass_n20004_cRA_LA_electrode_s20,phase2/results/predictions/full/electrode/resnet/seed_17/bandpass_n20004_cRA_LA_electrode_s20.npz,76570,66634cef65bfe77a570cc6219cbf47f9b88a3ae87983aa2fde4503f4dfe1dec5
resnet,electrode,17,bandpass_n20004_cRA_LA_electrode_s15,phase2/results/predictions/full/electrode/resnet/seed_17/bandpass_n20004_cRA_LA_electrode_s15.npz,76541,6c7ea89a246c9d5432e28caeac8d2cc86546ebb8e9c71d6930c46d6ce59df95d
resnet,electrode,17,bandpass_n20004_cRA_LA_electrode_s10,phase2/results/predictions/full/electrode/resnet/seed_17/bandpass_n20004_cRA_LA_electrode_s10.npz,76479,494efe34abb6263e29d3272371460a7603adec04bbecfa707d31da7a70e3e164
resnet,electrode,17,bandpass_n20004_cRA_LA_electrode_s5,phase2/results/predictions/full/electrode/resnet/seed_17/bandpass_n20004_cRA_LA_electrode_s5.npz,76248,59aad3fc3b435f99dcc70aaf96c923e97ab5b32e447b9b9ea744f130dcaa03a7
resnet,electrode,17,bandpass_n20004_cRA_LA_electrode_s0,phase2/results/predictions/full/electrode/resnet/seed_17/bandpass_n20004_cRA_LA_electrode_s0.npz,76008,bceffcf13417162df63d43a59738c802e01a286c0cf236a284e0f6ad864f6acf
resnet,electrode,17,bandpass_n20004_cRA_LA_covariance_s20,phase2/results/predictions/full/electrode/resnet/seed_17/bandpass_n20004_cRA_LA_covariance_s20.npz,76577,0c8a1c67efddbc4e69e75e8f1adeeb7810ad6ab5715d750c98a6209ed8359086
resnet,electrode,17,bandpass_n20004_cRA_LA_covariance_s15,phase2/results/predictions/full/electrode/resnet/seed_17/bandpass_n20004_cRA_LA_covariance_s15.npz,76581,29cc0c43f680d23de08f72a867d5e5222f30b7b623c6364fc7c98045780fdf1e
resnet,electrode,17,bandpass_n20004_cRA_LA_covariance_s10,phase2/results/predictions/full/electrode/resnet/seed_17/bandpass_n20004_cRA_LA_covariance_s10.npz,76490,7c577399b3567d344b8b192df8f2a2b501340250b70043de434e650e3b0483f1
resnet,electrode,17,bandpass_n20004_cRA_LA_covariance_s5,phase2/results/predictions/full/electrode/resnet/seed_17/bandpass_n20004_cRA_LA_covariance_s5.npz,76323,54f1d4ba7ed43fdff0214a70d8cbe237a1b80b164d9010fb2a48305c405eafe1
resnet,electrode,17,bandpass_n20004_cRA_LA_covariance_s0,phase2/results/predictions/full/electrode/resnet/seed_17/bandpass_n20004_cRA_LA_covariance_s0.npz,76030,2ec87fd0522411c6ae2a818bd5be15a618c038b9e5555390a7db229483552ccf
resnet,electrode,17,bandpass_n20004_cLA_LL_independent_rms_s20,phase2/results/predictions/full/electrode/resnet/seed_17/bandpass_n20004_cLA_LL_independent_rms_s20.npz,76596,0386d7dde747caf2bc88b1bfe33e6ecad9930d48a41bad1eefef9a569b33fe0d
resnet,electrode,17,bandpass_n20004_cLA_LL_independent_rms_s15,phase2/results/predictions/full/electrode/resnet/seed_17/bandpass_n20004_cLA_LL_independent_rms_s15.npz,76569,b27f3b4c1fb7c4fe3f0af68aad7d5b19779721dbbb68daad15fe15284cb720cf
resnet,electrode,17,bandpass_n20004_cLA_LL_independent_rms_s10,phase2/results/predictions/full/electrode/resnet/seed_17/bandpass_n20004_cLA_LL_independent_rms_s10.npz,76537,d3f992bfd4f0462d43bcd5161b42dcd6b2f0c90a128f1d55e05139f70dcb4318
resnet,electrode,17,bandpass_n20004_cLA_LL_independent_rms_s5,phase2/results/predictions/full/electrode/resnet/seed_17/bandpass_n20004_cLA_LL_independent_rms_s5.npz,76403,62d5706b1ac56259495705dd0ea0038dbdd46d993a0bc357c146583c5fe072fd
resnet,electrode,17,bandpass_n20004_cLA_LL_independent_rms_s0,phase2/results/predictions/full/electrode/resnet/seed_17/bandpass_n20004_cLA_LL_independent_rms_s0.npz,76142,1c984b6359c62dcc037c52313dc1053d493b5252b596992d1fab832c7a351423
resnet,electrode,17,bandpass_n20004_cLA_LL_electrode_s20,phase2/results/predictions/full/electrode/resnet/seed_17/bandpass_n20004_cLA_LL_electrode_s20.npz,76563,58666e3f993cde9782f3ec77bacce741614fd9306f8ddc17b80b4d2917881122
resnet,electrode,17,bandpass_n20004_cLA_LL_electrode_s15,phase2/results/predictions/full/electrode/resnet/seed_17/bandpass_n20004_cLA_LL_electrode_s15.npz,76573,6300874c862e63eda8917fa0f815c3087ba2d82f1fef2ce8c0c77f94aaa3e080
resnet,electrode,17,bandpass_n20004_cLA_LL_electrode_s10,phase2/results/predictions/full/electrode/resnet/seed_17/bandpass_n20004_cLA_LL_electrode_s10.npz,76502,8aa40dea1a932c4fec407024a062ef099f468e86ded04b8d43c2c1b4df296b47
resnet,electrode,17,bandpass_n20004_cLA_LL_electrode_s5,phase2/results/predictions/full/electrode/resnet/seed_17/bandpass_n20004_cLA_LL_electrode_s5.npz,76273,875ef2c48fd2e12ec7a931f0b76a2ced9f30120a3ddb41a7df5ecbf08111e5bc
resnet,electrode,17,bandpass_n20004_cLA_LL_electrode_s0,phase2/results/predictions/full/electrode/resnet/seed_17/bandpass_n20004_cLA_LL_electrode_s0.npz,75897,053f1b5bcc28ab1967fec231d8f4991bda11552f38154392a60c6e8e3609f3aa
resnet,electrode,17,bandpass_n20004_cLA_LL_covariance_s20,phase2/results/predictions/full/electrode/resnet/seed_17/bandpass_n20004_cLA_LL_covariance_s20.npz,76603,e31062795245b4e5c5a84504ad76311853faeaa9c8c4d36eb36bac58bb42d086
resnet,electrode,17,bandpass_n20004_cLA_LL_covariance_s15,phase2/results/predictions/full/electrode/resnet/seed_17/bandpass_n20004_cLA_LL_covariance_s15.npz,76598,795d904d5884eac18b148c3b5d6e09073c02fa93da03dfda07b81ab2f623d4ba
resnet,electrode,17,bandpass_n20004_cLA_LL_covariance_s10,phase2/results/predictions/full/electrode/resnet/seed_17/bandpass_n20004_cLA_LL_covariance_s10.npz,76480,493522bf2c70ea751161b3c69c5ad9170c2e56a55687438f3e6bfe8a56518523
resnet,electrode,17,bandpass_n20004_cLA_LL_covariance_s5,phase2/results/predictions/full/electrode/resnet/seed_17/bandpass_n20004_cLA_LL_covariance_s5.npz,76286,43d144540a311723f8f2dbc6ba8a6e1ab092215a57b35bae79ae20694c4efd36
resnet,electrode,17,bandpass_n20004_cLA_LL_covariance_s0,phase2/results/predictions/full/electrode/resnet/seed_17/bandpass_n20004_cLA_LL_covariance_s0.npz,75914,ee5976fe3d2cf392baa9e3c1631111025d57ba8a4f8e0720c0572c92013ca22c
resnet,electrode,17,bandpass_n20004_cRA_LL_independent_rms_s20,phase2/results/predictions/full/electrode/resnet/seed_17/bandpass_n20004_cRA_LL_independent_rms_s20.npz,76604,91fca56dfa1e4e356a228054778b903b02e7d6c37278eff20fb37d9191b37856
resnet,electrode,17,bandpass_n20004_cRA_LL_independent_rms_s15,phase2/results/predictions/full/electrode/resnet/seed_17/bandpass_n20004_cRA_LL_independent_rms_s15.npz,76545,9958f289a9a345409c6034b50ce502c833da18efaf40bce638f43744dd6f917c
resnet,electrode,17,bandpass_n20004_cRA_LL_independent_rms_s10,phase2/results/predictions/full/electrode/resnet/seed_17/bandpass_n20004_cRA_LL_independent_rms_s10.npz,76550,522e993701d66a2c9fa168685be9cf3b30e7c60ac045242a06a9027feb8f1e75
resnet,electrode,17,bandpass_n20004_cRA_LL_independent_rms_s5,phase2/results/predictions/full/electrode/resnet/seed_17/bandpass_n20004_cRA_LL_independent_rms_s5.npz,76384,94a563cf3ad3bda2ad1362e2db52adccabf017fb7350a75ba2e04602e2c36d14
resnet,electrode,17,bandpass_n20004_cRA_LL_independent_rms_s0,phase2/results/predictions/full/electrode/resnet/seed_17/bandpass_n20004_cRA_LL_independent_rms_s0.npz,76147,8744fb70777b76e5c581f30fb356f425de45a72cbed67134bbdf7d59876fac03
resnet,electrode,17,bandpass_n20004_cRA_LL_electrode_s20,phase2/results/predictions/full/electrode/resnet/seed_17/bandpass_n20004_cRA_LL_electrode_s20.npz,76563,62dfc168d902eba305614a0c1001eed753394994322df47bf08a8a1d0ee95905
resnet,electrode,17,bandpass_n20004_cRA_LL_electrode_s15,phase2/results/predictions/full/electrode/resnet/seed_17/bandpass_n20004_cRA_LL_electrode_s15.npz,76560,64f23c0f23386aa32cf667c2a9155437bc0b39753121e8c20b0820f26eef9491
resnet,electrode,17,bandpass_n20004_cRA_LL_electrode_s10,phase2/results/predictions/full/electrode/resnet/seed_17/bandpass_n20004_cRA_LL_electrode_s10.npz,76445,8353a76d822c2013861deef4b0faab0bb5851a262e164e1ed8c7b00664093293
resnet,electrode,17,bandpass_n20004_cRA_LL_electrode_s5,phase2/results/predictions/full/electrode/resnet/seed_17/bandpass_n20004_cRA_LL_electrode_s5.npz,76256,9c7e72ad0b96ba7ce0d0b5b9d10e813ba103e9c960a481eea4865b2b40cd7df0
resnet,electrode,17,bandpass_n20004_cRA_LL_electrode_s0,phase2/results/predictions/full/electrode/resnet/seed_17/bandpass_n20004_cRA_LL_electrode_s0.npz,75983,2b936b8d37b08386346c6d25b940e2810fb814e36a4e63297202c810c70547e7
resnet,electrode,17,bandpass_n20004_cRA_LL_covariance_s20,phase2/results/predictions/full/electrode/resnet/seed_17/bandpass_n20004_cRA_LL_covariance_s20.npz,76576,cdb02ed89ce5e316c5172d44a14c18be75145b11e2f42759f874e1b6f379ec3a
resnet,electrode,17,bandpass_n20004_cRA_LL_covariance_s15,phase2/results/predictions/full/electrode/resnet/seed_17/bandpass_n20004_cRA_LL_covariance_s15.npz,76562,5b91c1cae500083d3e1bf57b8e4652c1844e4486c124ad993700b4bc5f76aefc
resnet,electrode,17,bandpass_n20004_cRA_LL_covariance_s10,phase2/results/predictions/full/electrode/resnet/seed_17/bandpass_n20004_cRA_LL_covariance_s10.npz,76467,24fb2bf323425d251c41923bf1408e2d2a8a0db663e04d15ea34bad996f4406e
resnet,electrode,17,bandpass_n20004_cRA_LL_covariance_s5,phase2/results/predictions/full/electrode/resnet/seed_17/bandpass_n20004_cRA_LL_covariance_s5.npz,76246,81074d5a68710d8e7d3f2d6deb212bb9355c189e875c8ccb6540c214159d6b8d
resnet,electrode,17,bandpass_n20004_cRA_LL_covariance_s0,phase2/results/predictions/full/electrode/resnet/seed_17/bandpass_n20004_cRA_LL_covariance_s0.npz,75997,790246c0307e3fb9caab27189c2fceb8f5780bc31578f241b90fc76622bdb81e
resnet,electrode,17,bandpass_n20004_cRA_independent_rms_s20,phase2/results/predictions/full/electrode/resnet/seed_17/bandpass_n20004_cRA_independent_rms_s20.npz,76564,3ef6063949eb914d4a82803c5b76e35b419b2b5ee4f895d3cd2127f96b10aeb4
resnet,electrode,17,bandpass_n20004_cRA_independent_rms_s15,phase2/results/predictions/full/electrode/resnet/seed_17/bandpass_n20004_cRA_independent_rms_s15.npz,76565,d5ea5fdf4169cf61946b8f29c05c1d8a94ae76a4bca36ffbc764ef7acaa3a43e
resnet,electrode,17,bandpass_n20004_cRA_independent_rms_s10,phase2/results/predictions/full/electrode/resnet/seed_17/bandpass_n20004_cRA_independent_rms_s10.npz,76522,f0fddf5f65dae42b7bdaf98d74449a18e4e28ce94a9cca18111ae720a6756f53
resnet,electrode,17,bandpass_n20004_cRA_independent_rms_s5,phase2/results/predictions/full/electrode/resnet/seed_17/bandpass_n20004_cRA_independent_rms_s5.npz,76415,48005635ccc8d16f78a9a4b3c1c0b7d0d8919d27dcb2ce49a30d7e0716016a0b
resnet,electrode,17,bandpass_n20004_cRA_independent_rms_s0,phase2/results/predictions/full/electrode/resnet/seed_17/bandpass_n20004_cRA_independent_rms_s0.npz,76167,1dcad5e218eb5b2216cab10f20c3f8f9d59e1077070f435256aa73fccf5888ec
resnet,electrode,17,bandpass_n20004_cRA_electrode_s20,phase2/results/predictions/full/electrode/resnet/seed_17/bandpass_n20004_cRA_electrode_s20.npz,76546,003f3951cb9b130fbaf7345405b595ac880987bf761360381f961c7ba1814f76
resnet,electrode,17,bandpass_n20004_cRA_electrode_s15,phase2/results/predictions/full/electrode/resnet/seed_17/bandpass_n20004_cRA_electrode_s15.npz,76530,f5772e436ca3520dd53e51b4b3a080da9daaadd9863e7d2323aee5f5c4ef7824
resnet,electrode,17,bandpass_n20004_cRA_electrode_s10,phase2/results/predictions/full/electrode/resnet/seed_17/bandpass_n20004_cRA_electrode_s10.npz,76450,5fa91b47d4659b2caa14e074a5c8eca925999050a090728a3e3c67d8ab6d16b5
resnet,electrode,17,bandpass_n20004_cRA_electrode_s5,phase2/results/predictions/full/electrode/resnet/seed_17/bandpass_n20004_cRA_electrode_s5.npz,76299,062ee247e80f04f562d0d29f18f5dbf706901bbb489896761af0375b13202722
resnet,electrode,17,bandpass_n20004_cRA_electrode_s0,phase2/results/predictions/full/electrode/resnet/seed_17/bandpass_n20004_cRA_electrode_s0.npz,76131,50cdae3f4c2d4e289a08fffe27ec47a4604da37b34e114e86b8310ed8b0fc957
resnet,electrode,17,bandpass_n20004_cRA_covariance_s20,phase2/results/predictions/full/electrode/resnet/seed_17/bandpass_n20004_cRA_covariance_s20.npz,76596,4c43592bb47bc5bcc0f97335848d7af9a4038d34c7d450e2250fef419e11b89c
resnet,electrode,17,bandpass_n20004_cRA_covariance_s15,phase2/results/predictions/full/electrode/resnet/seed_17/bandpass_n20004_cRA_covariance_s15.npz,76542,7d6d20b7953706a888017260b64df92160067eea5ffb7a0f0c6b4c0841e0070f
resnet,electrode,17,bandpass_n20004_cRA_covariance_s10,phase2/results/predictions/full/electrode/resnet/seed_17/bandpass_n20004_cRA_covariance_s10.npz,76439,9983eb1898560e089a96a886163eeb6dd06b2f82c62293d181934b860ccc9f1f
resnet,electrode,17,bandpass_n20004_cRA_covariance_s5,phase2/results/predictions/full/electrode/resnet/seed_17/bandpass_n20004_cRA_covariance_s5.npz,76281,b7ab78ea9b1e82e5cf71e3a22a011cfa1632b2f331cad6ca7f5a367eca29d0b9
resnet,electrode,17,bandpass_n20004_cRA_covariance_s0,phase2/results/predictions/full/electrode/resnet/seed_17/bandpass_n20004_cRA_covariance_s0.npz,76095,e7036173fc9b427979bfdea8c64d0d75060f1dab638264fdb1142ebf06b575f5
resnet,electrode,17,bandpass_n20004_cLA_independent_rms_s20,phase2/results/predictions/full/electrode/resnet/seed_17/bandpass_n20004_cLA_independent_rms_s20.npz,76550,1d698f54922aa2f0e52e3bba973f19cdb51d701f7558a0f5de6db00533976d79
resnet,electrode,17,bandpass_n20004_cLA_independent_rms_s15,phase2/results/predictions/full/electrode/resnet/seed_17/bandpass_n20004_cLA_independent_rms_s15.npz,76591,58088f8dde14f784fac781ecc22b0d01b3df04edef9363a096a68492f58edc05
resnet,electrode,17,bandpass_n20004_cLA_independent_rms_s10,phase2/results/predictions/full/electrode/resnet/seed_17/bandpass_n20004_cLA_independent_rms_s10.npz,76548,e316e2df1079e1fa96a04de56659bd68c4cee4dce1a1c2a5e03adc858954e90d
resnet,electrode,17,bandpass_n20004_cLA_independent_rms_s5,phase2/results/predictions/full/electrode/resnet/seed_17/bandpass_n20004_cLA_independent_rms_s5.npz,76388,a0c061aeaa9023f6fecb8bcaed81982a8e87edf68dd3364afbb8a467d6996a66
resnet,electrode,17,bandpass_n20004_cLA_independent_rms_s0,phase2/results/predictions/full/electrode/resnet/seed_17/bandpass_n20004_cLA_independent_rms_s0.npz,76152,eb84427d9e183c7adb5ef47c16234416759bc80fbdb8b50e04b6b1a8923ac45c
resnet,electrode,17,bandpass_n20004_cLA_electrode_s20,phase2/results/predictions/full/electrode/resnet/seed_17/bandpass_n20004_cLA_electrode_s20.npz,76600,6116009ffb7faf059b92e8bcdb2e4a12075884ada3fd1fa228119a26ba1b9578
resnet,electrode,17,bandpass_n20004_cLA_electrode_s15,phase2/results/predictions/full/electrode/resnet/seed_17/bandpass_n20004_cLA_electrode_s15.npz,76561,46c0480e8cd915df0fef77d4b5913b7837805fe4ed328435510f179dcb857761
resnet,electrode,17,bandpass_n20004_cLA_electrode_s10,phase2/results/predictions/full/electrode/resnet/seed_17/bandpass_n20004_cLA_electrode_s10.npz,76509,a7eb5778b653aeeb1d91b3c6e22d33a5c3ae4666489913bf73d7da2ee23a9e19
resnet,electrode,17,bandpass_n20004_cLA_electrode_s5,phase2/results/predictions/full/electrode/resnet/seed_17/bandpass_n20004_cLA_electrode_s5.npz,76330,4571c12a361cca82b4eafbe4d40c56f3cacb660e99e33f28f61b93205d41ebc2
resnet,electrode,17,bandpass_n20004_cLA_electrode_s0,phase2/results/predictions/full/electrode/resnet/seed_17/bandpass_n20004_cLA_electrode_s0.npz,75937,fca09f39f3ffdbda28229ea01fd3b0fb150591828533cd91d73790b86ef11009
resnet,electrode,17,bandpass_n20004_cLA_covariance_s20,phase2/results/predictions/full/electrode/resnet/seed_17/bandpass_n20004_cLA_covariance_s20.npz,76570,ccf02a72be04d4fdef1a6d3a45f4c65460efc5082d0abf253e908dedc2175acc
resnet,electrode,17,bandpass_n20004_cLA_covariance_s15,phase2/results/predictions/full/electrode/resnet/seed_17/bandpass_n20004_cLA_covariance_s15.npz,76567,6bfc7c38b7d3ef3dbf5e8368da29bdb802fb8c877d3e59e5502e5e5f877821df
resnet,electrode,17,bandpass_n20004_cLA_covariance_s10,phase2/results/predictions/full/electrode/resnet/seed_17/bandpass_n20004_cLA_covariance_s10.npz,76524,9d212b38b8f38515fe1515a9aa5ea4b5f8dba5149fc1dd0016ed56ded3ed93f6
resnet,electrode,17,bandpass_n20004_cLA_covariance_s5,phase2/results/predictions/full/electrode/resnet/seed_17/bandpass_n20004_cLA_covariance_s5.npz,76314,f786b8e151434d8502b33690f541d407d921d48302d633507040533ce839cafb
resnet,electrode,17,bandpass_n20004_cLA_covariance_s0,phase2/results/predictions/full/electrode/resnet/seed_17/bandpass_n20004_cLA_covariance_s0.npz,75907,5f8ceed8192d1b6a37be422d1c85027ba6c2a8254e46fd12018f0e6f21f7d358
resnet,electrode,17,bandpass_n20004_cLL_independent_rms_s20,phase2/results/predictions/full/electrode/resnet/seed_17/bandpass_n20004_cLL_independent_rms_s20.npz,76592,b4034754f89b15cf5650c87b113111e97fb48d1e836c54aa177f9c824048069c
resnet,electrode,17,bandpass_n20004_cLL_independent_rms_s15,phase2/results/predictions/full/electrode/resnet/seed_17/bandpass_n20004_cLL_independent_rms_s15.npz,76592,8cbde97f1822bba8369c0c02430a3687742e08bae191d4c5f62575f7c40be512
resnet,electrode,17,bandpass_n20004_cLL_independent_rms_s10,phase2/results/predictions/full/electrode/resnet/seed_17/bandpass_n20004_cLL_independent_rms_s10.npz,76515,3d011f556ce3d04df28da757e0f449c3c41f7129f2a8f28232a5ae179d33b9dc
resnet,electrode,17,bandpass_n20004_cLL_independent_rms_s5,phase2/results/predictions/full/electrode/resnet/seed_17/bandpass_n20004_cLL_independent_rms_s5.npz,76378,76481a0477783d1df30409ace1ba698ef4dfd95bf38bd9be2ac3364244b7a345
resnet,electrode,17,bandpass_n20004_cLL_independent_rms_s0,phase2/results/predictions/full/electrode/resnet/seed_17/bandpass_n20004_cLL_independent_rms_s0.npz,76130,3cda4eac28c682778b4e96bc19bfb2934c45f174b895c191df7c1efb701d84df
resnet,electrode,17,bandpass_n20004_cLL_electrode_s20,phase2/results/predictions/full/electrode/resnet/seed_17/bandpass_n20004_cLL_electrode_s20.npz,76566,cea65a2350881d996710b9198dc9e57364918fb16f95ee71d16cb28cf19512f2
resnet,electrode,17,bandpass_n20004_cLL_electrode_s15,phase2/results/predictions/full/electrode/resnet/seed_17/bandpass_n20004_cLL_electrode_s15.npz,76560,99a686df01eabe788169b90063989418a123ef0db530aded6d33ac6f5b8981e4
resnet,electrode,17,bandpass_n20004_cLL_electrode_s10,phase2/results/predictions/full/electrode/resnet/seed_17/bandpass_n20004_cLL_electrode_s10.npz,76459,8c598a4a24a16a0c88897659304603baceed0c98e8bcd5f499819fc67d00438b
resnet,electrode,17,bandpass_n20004_cLL_electrode_s5,phase2/results/predictions/full/electrode/resnet/seed_17/bandpass_n20004_cLL_electrode_s5.npz,76236,e62742cf83083bbe40d7d8d217cf5cd475afbbedb4c9099707820745273d8b16
resnet,electrode,17,bandpass_n20004_cLL_electrode_s0,phase2/results/predictions/full/electrode/resnet/seed_17/bandpass_n20004_cLL_electrode_s0.npz,75914,4921227f544d4fc7fb4154348f6f4a038779b8de79142e33e13cc0a6ee3385f4
resnet,electrode,17,bandpass_n20004_cLL_covariance_s20,phase2/results/predictions/full/electrode/resnet/seed_17/bandpass_n20004_cLL_covariance_s20.npz,76587,ec77b32b9ae9da4be8630079359e32b5d9266b3a175f24f72fbc222ad7c67690
resnet,electrode,17,bandpass_n20004_cLL_covariance_s15,phase2/results/predictions/full/electrode/resnet/seed_17/bandpass_n20004_cLL_covariance_s15.npz,76536,14f6c9ee35d13d34cc2556e0392245a3c08a2249459d18529450b0ca1ac70495
resnet,electrode,17,bandpass_n20004_cLL_covariance_s10,phase2/results/predictions/full/electrode/resnet/seed_17/bandpass_n20004_cLL_covariance_s10.npz,76433,214b28258136ae89c5431993544e0a83c9611b366cd91f05a986d474361610c3
resnet,electrode,17,bandpass_n20004_cLL_covariance_s5,phase2/results/predictions/full/electrode/resnet/seed_17/bandpass_n20004_cLL_covariance_s5.npz,76250,937b7bf60f42e653d554726d85a0e7ac8e0057fe8eea7534f0197be20c0d824d
resnet,electrode,17,bandpass_n20004_cLL_covariance_s0,phase2/results/predictions/full/electrode/resnet/seed_17/bandpass_n20004_cLL_covariance_s0.npz,75904,f9257328c61c6ce7d332e803ec3b6cd9783a001e8b3e0e74541d056432289d14
resnet,electrode,17,bandpass_n20004_cRA_V1_independent_rms_s20,phase2/results/predictions/full/electrode/resnet/seed_17/bandpass_n20004_cRA_V1_independent_rms_s20.npz,76575,8b9c534c257e26751a3d315161be55fd63dfdd0d4ba044c4f86792c17c4f3d64
resnet,electrode,17,bandpass_n20004_cRA_V1_independent_rms_s15,phase2/results/predictions/full/electrode/resnet/seed_17/bandpass_n20004_cRA_V1_independent_rms_s15.npz,76550,3497323508ee82211e1178a601de6db732f03674c76dd3a99cf4ea54fd804624
resnet,electrode,17,bandpass_n20004_cRA_V1_independent_rms_s10,phase2/results/predictions/full/electrode/resnet/seed_17/bandpass_n20004_cRA_V1_independent_rms_s10.npz,76531,710d697effeb150b27bc41e20179199e4cf32f3f7999abfa22271ff7cbce3d9a
resnet,electrode,17,bandpass_n20004_cRA_V1_independent_rms_s5,phase2/results/predictions/full/electrode/resnet/seed_17/bandpass_n20004_cRA_V1_independent_rms_s5.npz,76376,71a56f575702a9203657e5cbf03979ecc3dd5541b151c5f29393ecca9434fa15
resnet,electrode,17,bandpass_n20004_cRA_V1_independent_rms_s0,phase2/results/predictions/full/electrode/resnet/seed_17/bandpass_n20004_cRA_V1_independent_rms_s0.npz,76145,c3be0d4830820d70f65895a1f7f56a3ed9c5b7dae539d5cacc93c42d540ab86a
resnet,electrode,17,bandpass_n20004_cRA_V1_electrode_s20,phase2/results/predictions/full/electrode/resnet/seed_17/bandpass_n20004_cRA_V1_electrode_s20.npz,76606,bd8645c561395e177eedc5ffafd7393b92c805113222439838c103e98767ebd6
resnet,electrode,17,bandpass_n20004_cRA_V1_electrode_s15,phase2/results/predictions/full/electrode/resnet/seed_17/bandpass_n20004_cRA_V1_electrode_s15.npz,76554,dcb3a345fe7e9524f1aa163762d3bc9a95c6529ae96bc7036c0a79d123488eeb
resnet,electrode,17,bandpass_n20004_cRA_V1_electrode_s10,phase2/results/predictions/full/electrode/resnet/seed_17/bandpass_n20004_cRA_V1_electrode_s10.npz,76455,b0d3d48e59ed8aedcc6697dd69406e6bb9d36a4a3c4f248506172a2ae3abbe16
resnet,electrode,17,bandpass_n20004_cRA_V1_electrode_s5,phase2/results/predictions/full/electrode/resnet/seed_17/bandpass_n20004_cRA_V1_electrode_s5.npz,76280,1a1588f555c6846e8a7b77b186634753bba578f506d671cdef449a534d2923c4
resnet,electrode,17,bandpass_n20004_cRA_V1_electrode_s0,phase2/results/predictions/full/electrode/resnet/seed_17/bandpass_n20004_cRA_V1_electrode_s0.npz,76091,ddba1eaced58974bacad3d8008a6844870f20664c13f8e1b1583eede19dbae2d
resnet,electrode,17,bandpass_n20004_cRA_V1_covariance_s20,phase2/results/predictions/full/electrode/resnet/seed_17/bandpass_n20004_cRA_V1_covariance_s20.npz,76557,d0bd26d89f5fe24aece8b19c5199870b42e38ea8014e3eb5020b8d563d30cad2
resnet,electrode,17,bandpass_n20004_cRA_V1_covariance_s15,phase2/results/predictions/full/electrode/resnet/seed_17/bandpass_n20004_cRA_V1_covariance_s15.npz,76544,558459d9c7732d7b1b1e289d7400dcaa14a322ca2059100938965d46e1bbffc0
resnet,electrode,17,bandpass_n20004_cRA_V1_covariance_s10,phase2/results/predictions/full/electrode/resnet/seed_17/bandpass_n20004_cRA_V1_covariance_s10.npz,76471,a41e6545824a99ba20435bbc90de7d8831a06aa177f2c26d4ed9c43ec8f986e4
resnet,electrode,17,bandpass_n20004_cRA_V1_covariance_s5,phase2/results/predictions/full/electrode/resnet/seed_17/bandpass_n20004_cRA_V1_covariance_s5.npz,76318,3ec0fbdd817e72f97e2a8e9f3986ee0213f0d997f93427973a882ce4ed0ad803
resnet,electrode,17,bandpass_n20004_cRA_V1_covariance_s0,phase2/results/predictions/full/electrode/resnet/seed_17/bandpass_n20004_cRA_V1_covariance_s0.npz,76113,d0a5efd321646093aae116316e549125d059313d516f41b35a984a14f6ab0efe
resnet,electrode,17,bandpass_n20004_cLA_V6_independent_rms_s20,phase2/results/predictions/full/electrode/resnet/seed_17/bandpass_n20004_cLA_V6_independent_rms_s20.npz,76569,18053e5242a87117ac1e0ba17447a8a5c1e918565d3280a28107826e37a9aec3
resnet,electrode,17,bandpass_n20004_cLA_V6_independent_rms_s15,phase2/results/predictions/full/electrode/resnet/seed_17/bandpass_n20004_cLA_V6_independent_rms_s15.npz,76574,d69874d5f03a1cbf773ed5661e712a9a7f138ba7362f989239aad941a30a4138
resnet,electrode,17,bandpass_n20004_cLA_V6_independent_rms_s10,phase2/results/predictions/full/electrode/resnet/seed_17/bandpass_n20004_cLA_V6_independent_rms_s10.npz,76558,051db88454691567cd5e28d9748263be6ae1cc0857e484ee601116857d3de28d
resnet,electrode,17,bandpass_n20004_cLA_V6_independent_rms_s5,phase2/results/predictions/full/electrode/resnet/seed_17/bandpass_n20004_cLA_V6_independent_rms_s5.npz,76432,86a5d4a5c00eee2c5e31f1560596e8af3203c152ca45422fffb927e0ba703a98
resnet,electrode,17,bandpass_n20004_cLA_V6_independent_rms_s0,phase2/results/predictions/full/electrode/resnet/seed_17/bandpass_n20004_cLA_V6_independent_rms_s0.npz,76190,1f93ef20a6757fa520239a0523db1f94ea3d52645c55b4dac4c1b05de33cf21f
resnet,electrode,17,bandpass_n20004_cLA_V6_electrode_s20,phase2/results/predictions/full/electrode/resnet/seed_17/bandpass_n20004_cLA_V6_electrode_s20.npz,76590,20a1ba95a33482142f21aed762366f82515aac653fa57c9c40c14b6d83aea772
resnet,electrode,17,bandpass_n20004_cLA_V6_electrode_s15,phase2/results/predictions/full/electrode/resnet/seed_17/bandpass_n20004_cLA_V6_electrode_s15.npz,76583,c8515ebe9c7f0a2fa9a35a527ca47f49fad01af18636171de061eac3e787360c
resnet,electrode,17,bandpass_n20004_cLA_V6_electrode_s10,phase2/results/predictions/full/electrode/resnet/seed_17/bandpass_n20004_cLA_V6_electrode_s10.npz,76521,5c4ecd3c9c14e60c62da6a2e032a17c9f5f31aee288f937bb4a4ae498346186c
resnet,electrode,17,bandpass_n20004_cLA_V6_electrode_s5,phase2/results/predictions/full/electrode/resnet/seed_17/bandpass_n20004_cLA_V6_electrode_s5.npz,76319,5fc683ba3fbdd7b5d502c5398e02bc43c42fa031b91efac41a16354d9e2baf84
resnet,electrode,17,bandpass_n20004_cLA_V6_electrode_s0,phase2/results/predictions/full/electrode/resnet/seed_17/bandpass_n20004_cLA_V6_electrode_s0.npz,75972,bbc9e41ad8aef640f918719e99d2f5088eea18cc16d3a22c64239534454ede90
resnet,electrode,17,bandpass_n20004_cLA_V6_covariance_s20,phase2/results/predictions/full/electrode/resnet/seed_17/bandpass_n20004_cLA_V6_covariance_s20.npz,76603,0fba74bc60c7b7df8cbee38151b06575f3cfacd84b4dd5340378b661914f9c0d
resnet,electrode,17,bandpass_n20004_cLA_V6_covariance_s15,phase2/results/predictions/full/electrode/resnet/seed_17/bandpass_n20004_cLA_V6_covariance_s15.npz,76569,b234aba3ab891c69dd403de0c52bb13b912ea0571d43d794fa6179a206f8e920
resnet,electrode,17,bandpass_n20004_cLA_V6_covariance_s10,phase2/results/predictions/full/electrode/resnet/seed_17/bandpass_n20004_cLA_V6_covariance_s10.npz,76504,0d5987cc1cdbb9c7f4a38dc4af6cf4be007b9b0fbac0280958f595f9f6b7fa25
resnet,electrode,17,bandpass_n20004_cLA_V6_covariance_s5,phase2/results/predictions/full/electrode/resnet/seed_17/bandpass_n20004_cLA_V6_covariance_s5.npz,76315,02ccd0dd27318e9126544166adc8715bed9bf6337292dbb66e958128f7a1a78b
resnet,electrode,17,bandpass_n20004_cLA_V6_covariance_s0,phase2/results/predictions/full/electrode/resnet/seed_17/bandpass_n20004_cLA_V6_covariance_s0.npz,75929,976d13df434faa9d9534f5dce4960d4843ecb9a600a296d9b99ce4a17ee7311c
resnet,electrode,17,bandpass_n20004_cLL_V4_independent_rms_s20,phase2/results/predictions/full/electrode/resnet/seed_17/bandpass_n20004_cLL_V4_independent_rms_s20.npz,76585,4f6a96f9c330b2cd58a7d0b02ad29b2b04ebb1a08991570e6be6a34dc2f944b0
resnet,electrode,17,bandpass_n20004_cLL_V4_independent_rms_s15,phase2/results/predictions/full/electrode/resnet/seed_17/bandpass_n20004_cLL_V4_independent_rms_s15.npz,76574,f936168ae2d7f27f0fe520d13246438111b5cea78e673757a6558d3510812fc4
resnet,electrode,17,bandpass_n20004_cLL_V4_independent_rms_s10,phase2/results/predictions/full/electrode/resnet/seed_17/bandpass_n20004_cLL_V4_independent_rms_s10.npz,76568,be2ebf798f058358579177c06012666819baa5c096efb0a715ca18879ab10547
resnet,electrode,17,bandpass_n20004_cLL_V4_independent_rms_s5,phase2/results/predictions/full/electrode/resnet/seed_17/bandpass_n20004_cLL_V4_independent_rms_s5.npz,76433,ba9de617cfa39d015c58f047231085b1f5f065efdf4611e8c3f0ef7e3e7e3992
resnet,electrode,17,bandpass_n20004_cLL_V4_independent_rms_s0,phase2/results/predictions/full/electrode/resnet/seed_17/bandpass_n20004_cLL_V4_independent_rms_s0.npz,76165,f8c7b49f17f64f222d7c06f4c8732c6595faaa4da1f08efb321a118fa6af54ba
resnet,electrode,17,bandpass_n20004_cLL_V4_electrode_s20,phase2/results/predictions/full/electrode/resnet/seed_17/bandpass_n20004_cLL_V4_electrode_s20.npz,76568,4b19ff9775a519e96cc2622ac7eba1319d98570629de4038d4b29d1d7577731b
resnet,electrode,17,bandpass_n20004_cLL_V4_electrode_s15,phase2/results/predictions/full/electrode/resnet/seed_17/bandpass_n20004_cLL_V4_electrode_s15.npz,76581,814268982fceaca9e68f6c7b6f534dcbb43c8b81ca1d5153a3c941d6813f9b9e
resnet,electrode,17,bandpass_n20004_cLL_V4_electrode_s10,phase2/results/predictions/full/electrode/resnet/seed_17/bandpass_n20004_cLL_V4_electrode_s10.npz,76490,d49c7514d3c4379b3d5b4fbd5a09cdb535340ec5ceed9dbb183c20a63f59968a
resnet,electrode,17,bandpass_n20004_cLL_V4_electrode_s5,phase2/results/predictions/full/electrode/resnet/seed_17/bandpass_n20004_cLL_V4_electrode_s5.npz,76299,78bcb5af67232f722328e1ba5d6889af72732c20bf2f2439ad32c7811a493025
resnet,electrode,17,bandpass_n20004_cLL_V4_electrode_s0,phase2/results/predictions/full/electrode/resnet/seed_17/bandpass_n20004_cLL_V4_electrode_s0.npz,75952,b8ab5a9ed3461e2f685a2863f1caf1ae2c11c0dcd1732c3d295181aae87ec6a1
resnet,electrode,17,bandpass_n20004_cLL_V4_covariance_s20,phase2/results/predictions/full/electrode/resnet/seed_17/bandpass_n20004_cLL_V4_covariance_s20.npz,76557,5971dffb1b0da5e999f0c051c34ba39c30f21544b840f39a21d2b9d75b828b56
resnet,electrode,17,bandpass_n20004_cLL_V4_covariance_s15,phase2/results/predictions/full/electrode/resnet/seed_17/bandpass_n20004_cLL_V4_covariance_s15.npz,76576,88403b88936e23907d1f5bda64b4c96a6f9bbb36bb41a52197980286843fc49d
resnet,electrode,17,bandpass_n20004_cLL_V4_covariance_s10,phase2/results/predictions/full/electrode/resnet/seed_17/bandpass_n20004_cLL_V4_covariance_s10.npz,76479,a1ec662319abce3e68588848e2325534bb1baf66098739245dc070b8acb7ae96
resnet,electrode,17,bandpass_n20004_cLL_V4_covariance_s5,phase2/results/predictions/full/electrode/resnet/seed_17/bandpass_n20004_cLL_V4_covariance_s5.npz,76276,68859995ef9ff2ae5e0214a530490503f5ed2c06ad9eec98317ff1193e84769b
resnet,electrode,17,bandpass_n20004_cLL_V4_covariance_s0,phase2/results/predictions/full/electrode/resnet/seed_17/bandpass_n20004_cLL_V4_covariance_s0.npz,75941,e36ac6dd52f73f7af146ed851da0d513c72923cd22d5671c447b4863308b618d
resnet,electrode,17,bandpass_n20004_cRA_LA_V1_V6_independent_rms_s20,phase2/results/predictions/full/electrode/resnet/seed_17/bandpass_n20004_cRA_LA_V1_V6_independent_rms_s20.npz,76610,76fd96f6166540ef90397b0fd9cfe2c0691bef7699c36f00684fda12519fc6c7
resnet,electrode,17,bandpass_n20004_cRA_LA_V1_V6_independent_rms_s15,phase2/results/predictions/full/electrode/resnet/seed_17/bandpass_n20004_cRA_LA_V1_V6_independent_rms_s15.npz,76627,d84f8705484cfd52c00cc23699d45807288de0fdc455b59776e3037c505315bc
resnet,electrode,17,bandpass_n20004_cRA_LA_V1_V6_independent_rms_s10,phase2/results/predictions/full/electrode/resnet/seed_17/bandpass_n20004_cRA_LA_V1_V6_independent_rms_s10.npz,76560,3f70499815834f9654c33b312e621addafb0f3d4e52b3ed3915936ae8b4bde71
resnet,electrode,17,bandpass_n20004_cRA_LA_V1_V6_independent_rms_s5,phase2/results/predictions/full/electrode/resnet/seed_17/bandpass_n20004_cRA_LA_V1_V6_independent_rms_s5.npz,76463,11911f5f40e85090bbca5d7a94b695cbe0be773132585a061dccd6373b1f4a3b
resnet,electrode,17,bandpass_n20004_cRA_LA_V1_V6_independent_rms_s0,phase2/results/predictions/full/electrode/resnet/seed_17/bandpass_n20004_cRA_LA_V1_V6_independent_rms_s0.npz,76163,a5e5fcab4e9cc1c04af76d77d490644cdfe1d523712ded0888353881fc868cc3
resnet,electrode,17,bandpass_n20004_cRA_LA_V1_V6_electrode_s20,phase2/results/predictions/full/electrode/resnet/seed_17/bandpass_n20004_cRA_LA_V1_V6_electrode_s20.npz,76616,1ca3916862236af9c84ca0ce70918f760ef944e23b71805f5efc1aa3bc3bfb1a
resnet,electrode,17,bandpass_n20004_cRA_LA_V1_V6_electrode_s15,phase2/results/predictions/full/electrode/resnet/seed_17/bandpass_n20004_cRA_LA_V1_V6_electrode_s15.npz,76577,188dfe44e59fda0b3826558b80803c11c23edc091a299fc3f3e340374710f8a8
resnet,electrode,17,bandpass_n20004_cRA_LA_V1_V6_electrode_s10,phase2/results/predictions/full/electrode/resnet/seed_17/bandpass_n20004_cRA_LA_V1_V6_electrode_s10.npz,76502,ff847d37bd4ede7f427d1de224e5eccb08d2c76e97c3bed8c158aed465dd648c
resnet,electrode,17,bandpass_n20004_cRA_LA_V1_V6_electrode_s5,phase2/results/predictions/full/electrode/resnet/seed_17/bandpass_n20004_cRA_LA_V1_V6_electrode_s5.npz,76334,d61b5da991da8446635c34808a871340a767a4f3d10a348fbb75992f452a2c40
resnet,electrode,17,bandpass_n20004_cRA_LA_V1_V6_electrode_s0,phase2/results/predictions/full/electrode/resnet/seed_17/bandpass_n20004_cRA_LA_V1_V6_electrode_s0.npz,76031,ae0f3aa66c50080d7e88b0692d980e8bce6e7230ed26184c16504148e0ed275d
resnet,electrode,17,bandpass_n20004_cRA_LA_V1_V6_covariance_s20,phase2/results/predictions/full/electrode/resnet/seed_17/bandpass_n20004_cRA_LA_V1_V6_covariance_s20.npz,76565,b814e72e76c072471e960af2c281c22c2aca4e8f4d9d4829448c85fba593e539
resnet,electrode,17,bandpass_n20004_cRA_LA_V1_V6_covariance_s15,phase2/results/predictions/full/electrode/resnet/seed_17/bandpass_n20004_cRA_LA_V1_V6_covariance_s15.npz,76612,bb21c97e96a311af6d458c388390e8ad4131d90977e4f714119df9e153c0893e
resnet,electrode,17,bandpass_n20004_cRA_LA_V1_V6_covariance_s10,phase2/results/predictions/full/electrode/resnet/seed_17/bandpass_n20004_cRA_LA_V1_V6_covariance_s10.npz,76513,b4b603b1910acc624f81aaffea34dc83b566751ee2dbe1bb92d9c0044080a36e
resnet,electrode,17,bandpass_n20004_cRA_LA_V1_V6_covariance_s5,phase2/results/predictions/full/electrode/resnet/seed_17/bandpass_n20004_cRA_LA_V1_V6_covariance_s5.npz,76317,6a41ec7acd1876edfe9aeeafad9ef5b510330fa6674db7bd33e34f12317f8fda
resnet,electrode,17,bandpass_n20004_cRA_LA_V1_V6_covariance_s0,phase2/results/predictions/full/electrode/resnet/seed_17/bandpass_n20004_cRA_LA_V1_V6_covariance_s0.npz,76031,c35d2deef26760842f9df04ae1c9d05d7b5b0b6b680d605dc315af9505bb952c
resnet,electrode,17,bandpass_n20004_cRA_V2_V5_independent_rms_s20,phase2/results/predictions/full/electrode/resnet/seed_17/bandpass_n20004_cRA_V2_V5_independent_rms_s20.npz,76583,974eadcf044d0f2f09ce3fcdca4f08cc2c8c689e5caaa675b08dab4a7a822302
resnet,electrode,17,bandpass_n20004_cRA_V2_V5_independent_rms_s15,phase2/results/predictions/full/electrode/resnet/seed_17/bandpass_n20004_cRA_V2_V5_independent_rms_s15.npz,76594,786e243d76cf2d0c6430d0c5e79a4c132564e44c4c345f4fb3b8422e0d5a5def
resnet,electrode,17,bandpass_n20004_cRA_V2_V5_independent_rms_s10,phase2/results/predictions/full/electrode/resnet/seed_17/bandpass_n20004_cRA_V2_V5_independent_rms_s10.npz,76567,9f42702444349cd67aa2f73f86527150637a8734ba12ed475c8c7bae92052822
resnet,electrode,17,bandpass_n20004_cRA_V2_V5_independent_rms_s5,phase2/results/predictions/full/electrode/resnet/seed_17/bandpass_n20004_cRA_V2_V5_independent_rms_s5.npz,76434,f5b3dd91f9de26364eb19557145cfd28d798c3c1a64c551b3334d62f84d3d64c
resnet,electrode,17,bandpass_n20004_cRA_V2_V5_independent_rms_s0,phase2/results/predictions/full/electrode/resnet/seed_17/bandpass_n20004_cRA_V2_V5_independent_rms_s0.npz,76218,dfd65bdd3deb4c38b22ebaa0aabd66c2b930d95070ddfc2c22f5844a48051329
resnet,electrode,17,bandpass_n20004_cRA_V2_V5_electrode_s20,phase2/results/predictions/full/electrode/resnet/seed_17/bandpass_n20004_cRA_V2_V5_electrode_s20.npz,76582,679553042710e888acaa3516b3d7a730235df182285fad71714fd49e791923e8
resnet,electrode,17,bandpass_n20004_cRA_V2_V5_electrode_s15,phase2/results/predictions/full/electrode/resnet/seed_17/bandpass_n20004_cRA_V2_V5_electrode_s15.npz,76541,3fbbe20a80cba879fd5b673fea430f339ac62fc13e8b64ffb6499ad1b48a4aa0
resnet,electrode,17,bandpass_n20004_cRA_V2_V5_electrode_s10,phase2/results/predictions/full/electrode/resnet/seed_17/bandpass_n20004_cRA_V2_V5_electrode_s10.npz,76519,7518afe5759732f0e27ec77fe026aa6323954b852f220df0fb0b5f10882c5141
resnet,electrode,17,bandpass_n20004_cRA_V2_V5_electrode_s5,phase2/results/predictions/full/electrode/resnet/seed_17/bandpass_n20004_cRA_V2_V5_electrode_s5.npz,76331,8e4b2ae016524bcc1debe92f1eb2a8a40e4b96edba85b437bd44d8e558e5f11a
resnet,electrode,17,bandpass_n20004_cRA_V2_V5_electrode_s0,phase2/results/predictions/full/electrode/resnet/seed_17/bandpass_n20004_cRA_V2_V5_electrode_s0.npz,76130,b535e2da82edfdd2e94a996b6a80d3638cb67ee2adf819b21558a0759f0b992f
resnet,electrode,17,bandpass_n20004_cRA_V2_V5_covariance_s20,phase2/results/predictions/full/electrode/resnet/seed_17/bandpass_n20004_cRA_V2_V5_covariance_s20.npz,76595,9a094f9e4e1364a512fa85ccd9e06ccf0d07c93b08d94450eb265df474da830a
resnet,electrode,17,bandpass_n20004_cRA_V2_V5_covariance_s15,phase2/results/predictions/full/electrode/resnet/seed_17/bandpass_n20004_cRA_V2_V5_covariance_s15.npz,76580,b60763ff6270206358f9fe9078f14126e543fee9d0c174211d120332b55f8b1d
resnet,electrode,17,bandpass_n20004_cRA_V2_V5_covariance_s10,phase2/results/predictions/full/electrode/resnet/seed_17/bandpass_n20004_cRA_V2_V5_covariance_s10.npz,76474,65ceb6d18670038823e73f929a5093bd9047567b3f2b1a329d705fce73e735e4
resnet,electrode,17,bandpass_n20004_cRA_V2_V5_covariance_s5,phase2/results/predictions/full/electrode/resnet/seed_17/bandpass_n20004_cRA_V2_V5_covariance_s5.npz,76336,dd166379de1715b17ddd1c314ab5cdd8913f3784ba9f5fd59fdaa2bb5b091a1b
resnet,electrode,17,bandpass_n20004_cRA_V2_V5_covariance_s0,phase2/results/predictions/full/electrode/resnet/seed_17/bandpass_n20004_cRA_V2_V5_covariance_s0.npz,76152,d6d4307ca3bbe836ed73a48297d74bae1751acde5219e87be93da15d490f2ba4
resnet,electrode,17,bandpass_n20004_cLA_V3_V6_independent_rms_s20,phase2/results/predictions/full/electrode/resnet/seed_17/bandpass_n20004_cLA_V3_V6_independent_rms_s20.npz,76600,78c9bfb3d0e3978275aacfcacfa0a7725499502acf306ce3b5b292d297c0af60
resnet,electrode,17,bandpass_n20004_cLA_V3_V6_independent_rms_s15,phase2/results/predictions/full/electrode/resnet/seed_17/bandpass_n20004_cLA_V3_V6_independent_rms_s15.npz,76602,71a6b369e51fa5f94fd27a8fb1adc40474d5acf7cb67d8ba747437d96b3291ad
resnet,electrode,17,bandpass_n20004_cLA_V3_V6_independent_rms_s10,phase2/results/predictions/full/electrode/resnet/seed_17/bandpass_n20004_cLA_V3_V6_independent_rms_s10.npz,76560,d6a9ace96859d7880b6cbc1254d9b582b4a2ea679febb65a0158db9da1024699
resnet,electrode,17,bandpass_n20004_cLA_V3_V6_independent_rms_s5,phase2/results/predictions/full/electrode/resnet/seed_17/bandpass_n20004_cLA_V3_V6_independent_rms_s5.npz,76434,f54bc6c8c1828f3aa8698343d63b1caf528bf58035909d043e27854276035907
resnet,electrode,17,bandpass_n20004_cLA_V3_V6_independent_rms_s0,phase2/results/predictions/full/electrode/resnet/seed_17/bandpass_n20004_cLA_V3_V6_independent_rms_s0.npz,76185,87b25dcbaff475c34ad60bc58f90d213eb510f88b95e62340e19d8f2aa108c30
resnet,electrode,17,bandpass_n20004_cLA_V3_V6_electrode_s20,phase2/results/predictions/full/electrode/resnet/seed_17/bandpass_n20004_cLA_V3_V6_electrode_s20.npz,76557,c366f26b3e3558691e91176bd0a37a80c68fe6ee308fd2c4f27a06a597169c48
resnet,electrode,17,bandpass_n20004_cLA_V3_V6_electrode_s15,phase2/results/predictions/full/electrode/resnet/seed_17/bandpass_n20004_cLA_V3_V6_electrode_s15.npz,76599,dc3fcf7339f9fd2f7f407338751c718b229772481f9e4da521ec0d0d4fd30e1a
resnet,electrode,17,bandpass_n20004_cLA_V3_V6_electrode_s10,phase2/results/predictions/full/electrode/resnet/seed_17/bandpass_n20004_cLA_V3_V6_electrode_s10.npz,76530,f66439e4171f8f96126698ea708f8f607dacc0ab945fb3b9c41b42d3b34041e2
resnet,electrode,17,bandpass_n20004_cLA_V3_V6_electrode_s5,phase2/results/predictions/full/electrode/resnet/seed_17/bandpass_n20004_cLA_V3_V6_electrode_s5.npz,76382,2711115fb068229b3e4b9ed5fc3e9d12f3da352de72a34764cf23daa4869b03f
resnet,electrode,17,bandpass_n20004_cLA_V3_V6_electrode_s0,phase2/results/predictions/full/electrode/resnet/seed_17/bandpass_n20004_cLA_V3_V6_electrode_s0.npz,76011,69f9d86b9880dfcf837565ebe311ddacdb63ef2739b2b9863c25e01b9cf8c357
resnet,electrode,17,bandpass_n20004_cLA_V3_V6_covariance_s20,phase2/results/predictions/full/electrode/resnet/seed_17/bandpass_n20004_cLA_V3_V6_covariance_s20.npz,76607,14cd0bacdb7ad083943c840aaf182dc69ee886af6b4f6726470f257535842cab
resnet,electrode,17,bandpass_n20004_cLA_V3_V6_covariance_s15,phase2/results/predictions/full/electrode/resnet/seed_17/bandpass_n20004_cLA_V3_V6_covariance_s15.npz,76576,65c61a72dcdb459fa869dc7392c2bca50cde2225f3937c52176c1847e6eff700
resnet,electrode,17,bandpass_n20004_cLA_V3_V6_covariance_s10,phase2/results/predictions/full/electrode/resnet/seed_17/bandpass_n20004_cLA_V3_V6_covariance_s10.npz,76526,08a15fbf004d5bc3e7a5235350748a8aea942086fc82895e820bf68f7c1e0bfb
resnet,electrode,17,bandpass_n20004_cLA_V3_V6_covariance_s5,phase2/results/predictions/full/electrode/resnet/seed_17/bandpass_n20004_cLA_V3_V6_covariance_s5.npz,76351,448aa10db1bbba9fc89f013ab0328ca04d4fe3c885d7fce2197dd1bdfede5897
resnet,electrode,17,bandpass_n20004_cLA_V3_V6_covariance_s0,phase2/results/predictions/full/electrode/resnet/seed_17/bandpass_n20004_cLA_V3_V6_covariance_s0.npz,76007,79119cb571c1401fccc8bc6f1df9821a90b7eb82582f63d0b2a25d67fb64690d
resnet,electrode,17,bandpass_n20004_cLL_V1_V4_independent_rms_s20,phase2/results/predictions/full/electrode/resnet/seed_17/bandpass_n20004_cLL_V1_V4_independent_rms_s20.npz,76605,3555a278e8698b3982c2b570262a5267ab236341bc0e27a85d6237d9751aa78a
resnet,electrode,17,bandpass_n20004_cLL_V1_V4_independent_rms_s15,phase2/results/predictions/full/electrode/resnet/seed_17/bandpass_n20004_cLL_V1_V4_independent_rms_s15.npz,76586,43a389d1880ba82781a5bb5774aee12a88462390546e1b13f163482b667b1b1b
resnet,electrode,17,bandpass_n20004_cLL_V1_V4_independent_rms_s10,phase2/results/predictions/full/electrode/resnet/seed_17/bandpass_n20004_cLL_V1_V4_independent_rms_s10.npz,76574,4b1f4b99671585dfab2a853709276b8d5602d95e3f750e25c49b8c1f7a8472b0
resnet,electrode,17,bandpass_n20004_cLL_V1_V4_independent_rms_s5,phase2/results/predictions/full/electrode/resnet/seed_17/bandpass_n20004_cLL_V1_V4_independent_rms_s5.npz,76408,3a428b04f7661ed0390d7e896b516d89dce40a661949fb252f2a1f9152104df7
resnet,electrode,17,bandpass_n20004_cLL_V1_V4_independent_rms_s0,phase2/results/predictions/full/electrode/resnet/seed_17/bandpass_n20004_cLL_V1_V4_independent_rms_s0.npz,76160,d9c1dc50dedc1c7809df840861aa578d883cb92bb3dfff4f67b013d8d635f2ca
resnet,electrode,17,bandpass_n20004_cLL_V1_V4_electrode_s20,phase2/results/predictions/full/electrode/resnet/seed_17/bandpass_n20004_cLL_V1_V4_electrode_s20.npz,76562,1a556995ccca9da24e108f77619543425d2e99af8a3bcaaff4b944d51ce7914e
resnet,electrode,17,bandpass_n20004_cLL_V1_V4_electrode_s15,phase2/results/predictions/full/electrode/resnet/seed_17/bandpass_n20004_cLL_V1_V4_electrode_s15.npz,76576,17a040134948657211ee1f8e92ace5e9b1b11d6184ca5fb2c5ad7aa39cf782ea
resnet,electrode,17,bandpass_n20004_cLL_V1_V4_electrode_s10,phase2/results/predictions/full/electrode/resnet/seed_17/bandpass_n20004_cLL_V1_V4_electrode_s10.npz,76516,e9f584515adcfa7f6e469632cc50ee55a5a99c0810450f3d2d914f4dc89a9b83
resnet,electrode,17,bandpass_n20004_cLL_V1_V4_electrode_s5,phase2/results/predictions/full/electrode/resnet/seed_17/bandpass_n20004_cLL_V1_V4_electrode_s5.npz,76332,6fa391c57d49e790b9d169f76ec05773eb9eadc58369ea55174c49926723640d
resnet,electrode,17,bandpass_n20004_cLL_V1_V4_electrode_s0,phase2/results/predictions/full/electrode/resnet/seed_17/bandpass_n20004_cLL_V1_V4_electrode_s0.npz,75951,caf2b4e3363730709226699cd1e080c289b05dbc355aeb243a799f02ff711d02
resnet,electrode,17,bandpass_n20004_cLL_V1_V4_covariance_s20,phase2/results/predictions/full/electrode/resnet/seed_17/bandpass_n20004_cLL_V1_V4_covariance_s20.npz,76614,c7ca932ae2ef9d87dc34dfc7a9d37b32532c62a9eb466b904c479805fd0c8de1
resnet,electrode,17,bandpass_n20004_cLL_V1_V4_covariance_s15,phase2/results/predictions/full/electrode/resnet/seed_17/bandpass_n20004_cLL_V1_V4_covariance_s15.npz,76568,cbf97f7f46c30694890af58a5dc92c29c79b828b31ef68581546f6f1f738363c
resnet,electrode,17,bandpass_n20004_cLL_V1_V4_covariance_s10,phase2/results/predictions/full/electrode/resnet/seed_17/bandpass_n20004_cLL_V1_V4_covariance_s10.npz,76485,07b01c74b8f37b0c035babacb9ddc8b9c3e3164cb26ffe045cec17ee336211be
resnet,electrode,17,bandpass_n20004_cLL_V1_V4_covariance_s5,phase2/results/predictions/full/electrode/resnet/seed_17/bandpass_n20004_cLL_V1_V4_covariance_s5.npz,76289,b2526d8330e74b54c7da1b6c2aa401eae10868af946f61c738f28c9fc228c608
resnet,electrode,17,bandpass_n20004_cLL_V1_V4_covariance_s0,phase2/results/predictions/full/electrode/resnet/seed_17/bandpass_n20004_cLL_V1_V4_covariance_s0.npz,75962,9b3c043712e2af2ef115ac937142f76184262ad89d13fd4e2c87914a3ebd0b7b
resnet,electrode,17,bandpass_n20004_call_independent_rms_s20,phase2/results/predictions/full/electrode/resnet/seed_17/bandpass_n20004_call_independent_rms_s20.npz,76574,593ef3dda6d1b2e63cc25f17ad623db245bdbe2edad8c04171d6dda99ede859d
resnet,electrode,17,bandpass_n20004_call_independent_rms_s15,phase2/results/predictions/full/electrode/resnet/seed_17/bandpass_n20004_call_independent_rms_s15.npz,76578,91b6da2d438669ff9c6ad8472b445a3a1e54759cf288773ff7aa5209c7025913
resnet,electrode,17,bandpass_n20004_call_independent_rms_s10,phase2/results/predictions/full/electrode/resnet/seed_17/bandpass_n20004_call_independent_rms_s10.npz,76527,951f9d864760558be214e90b79d03c00e10caecaef05a7c4d800f4ecc7e936e8
resnet,electrode,17,bandpass_n20004_call_independent_rms_s5,phase2/results/predictions/full/electrode/resnet/seed_17/bandpass_n20004_call_independent_rms_s5.npz,76429,9fca6509b3e8e4e60b76ef2e7d9ac8776c49105168d067d3c5403db72dd17feb
resnet,electrode,17,bandpass_n20004_call_independent_rms_s0,phase2/results/predictions/full/electrode/resnet/seed_17/bandpass_n20004_call_independent_rms_s0.npz,76139,2991e5957cb4bfb76c77a4d96d0a80b9bed6517a3007fdf6579af5d7817e2f49
resnet,electrode,17,bandpass_n20004_call_electrode_s20,phase2/results/predictions/full/electrode/resnet/seed_17/bandpass_n20004_call_electrode_s20.npz,76553,4fd14c2f3f9e9cf82b5bf8b0f4cce5caa73d2605f9ceb76587eec0b65b14660d
resnet,electrode,17,bandpass_n20004_call_electrode_s15,phase2/results/predictions/full/electrode/resnet/seed_17/bandpass_n20004_call_electrode_s15.npz,76585,fea3d466dc01bb0d677320e635be153fca7dbd23d78ef47b3b029e449d951733
resnet,electrode,17,bandpass_n20004_call_electrode_s10,phase2/results/predictions/full/electrode/resnet/seed_17/bandpass_n20004_call_electrode_s10.npz,76488,c78d4a54745691693f73e8ad923725793a1be93f12195b6ec0670250f71d52c9
resnet,electrode,17,bandpass_n20004_call_electrode_s5,phase2/results/predictions/full/electrode/resnet/seed_17/bandpass_n20004_call_electrode_s5.npz,76266,e840e09f677d3c7f912b5375eb288d048b808f89ce92b024420f57739cbdf4cb
resnet,electrode,17,bandpass_n20004_call_electrode_s0,phase2/results/predictions/full/electrode/resnet/seed_17/bandpass_n20004_call_electrode_s0.npz,76006,a765db40b75f8689caebd87ad30bf0f8e60c54d190fbf407275c9d5ec69dc4a3
resnet,electrode,17,bandpass_n20004_call_covariance_s20,phase2/results/predictions/full/electrode/resnet/seed_17/bandpass_n20004_call_covariance_s20.npz,76552,4619765cd65dbafc8be25072c274367e05b7c8401ec67d7b886f972c075bf05f
resnet,electrode,17,bandpass_n20004_call_covariance_s15,phase2/results/predictions/full/electrode/resnet/seed_17/bandpass_n20004_call_covariance_s15.npz,76554,d8cd24b76ad61ca0773ad723ec6f2585b6bd59b29bbc0d120380d25163b0492b
resnet,electrode,17,bandpass_n20004_call_covariance_s10,phase2/results/predictions/full/electrode/resnet/seed_17/bandpass_n20004_call_covariance_s10.npz,76494,9911b687bdf6170e97c970819f19a75d523c66e9fe3b6118eb48111735c60c8f
resnet,electrode,17,bandpass_n20004_call_covariance_s5,phase2/results/predictions/full/electrode/resnet/seed_17/bandpass_n20004_call_covariance_s5.npz,76326,7b83eb131bc098340f904b1f03436bf77fe8c73bfbba43a55921e21bb091728a
resnet,electrode,17,bandpass_n20004_call_covariance_s0,phase2/results/predictions/full/electrode/resnet/seed_17/bandpass_n20004_call_covariance_s0.npz,76016,5d317d334e21cceb5223dbeffd35df537ba54001510bf8cabd4a88dba40f7f15
resnet,electrode,17,bandpass_n20005_cRA_LA_LL_independent_rms_s20,phase2/results/predictions/full/electrode/resnet/seed_17/bandpass_n20005_cRA_LA_LL_independent_rms_s20.npz,76617,63dd12e5ed9065472bc2d4c1aa8e9785f2fad8c29ae959c5cfffc2565c2de1f5
resnet,electrode,17,bandpass_n20005_cRA_LA_LL_independent_rms_s15,phase2/results/predictions/full/electrode/resnet/seed_17/bandpass_n20005_cRA_LA_LL_independent_rms_s15.npz,76576,1ee438b8dd118c0b7006a8e20c2e95df8e82059443c83985170edff28b49356f
resnet,electrode,17,bandpass_n20005_cRA_LA_LL_independent_rms_s10,phase2/results/predictions/full/electrode/resnet/seed_17/bandpass_n20005_cRA_LA_LL_independent_rms_s10.npz,76575,0e4e8f001ca66c7b3c365491021fa9ba083a76d70d99c98ba8658480e7b29ebe
resnet,electrode,17,bandpass_n20005_cRA_LA_LL_independent_rms_s5,phase2/results/predictions/full/electrode/resnet/seed_17/bandpass_n20005_cRA_LA_LL_independent_rms_s5.npz,76411,3b1db30d874dcc31b7b505753b9f80d79ea36c5c08428ca0023f22b415b51b13
resnet,electrode,17,bandpass_n20005_cRA_LA_LL_independent_rms_s0,phase2/results/predictions/full/electrode/resnet/seed_17/bandpass_n20005_cRA_LA_LL_independent_rms_s0.npz,76168,6d5dbd2ed7829a32144a338cb400ed1c8a9ef242a1c5ed0c14e01469d7a25903
resnet,electrode,17,bandpass_n20005_cRA_LA_LL_electrode_s20,phase2/results/predictions/full/electrode/resnet/seed_17/bandpass_n20005_cRA_LA_LL_electrode_s20.npz,76575,945290a89875887fc64b5df439229429f3a2da503a3224806cd403403a996920
resnet,electrode,17,bandpass_n20005_cRA_LA_LL_electrode_s15,phase2/results/predictions/full/electrode/resnet/seed_17/bandpass_n20005_cRA_LA_LL_electrode_s15.npz,76549,e915196f71c9e91badb75198fdf52d4dbb5412e05c0ae200e6333003a5d5feaa
resnet,electrode,17,bandpass_n20005_cRA_LA_LL_electrode_s10,phase2/results/predictions/full/electrode/resnet/seed_17/bandpass_n20005_cRA_LA_LL_electrode_s10.npz,76496,afd2b0314e16115256c8096a8e2e47e3638f02ca642f78b4b6e8b0e40e931993
resnet,electrode,17,bandpass_n20005_cRA_LA_LL_electrode_s5,phase2/results/predictions/full/electrode/resnet/seed_17/bandpass_n20005_cRA_LA_LL_electrode_s5.npz,76283,d58c610967b1d1392e72b98ac327cbfbaeecccde1eca9583f84248775c535923
resnet,electrode,17,bandpass_n20005_cRA_LA_LL_electrode_s0,phase2/results/predictions/full/electrode/resnet/seed_17/bandpass_n20005_cRA_LA_LL_electrode_s0.npz,75981,b68cea1deec6740843ea2b51939ab01a4919ca7a38bcecb88eed7981d577c8fd
resnet,electrode,17,bandpass_n20005_cRA_LA_LL_covariance_s20,phase2/results/predictions/full/electrode/resnet/seed_17/bandpass_n20005_cRA_LA_LL_covariance_s20.npz,76596,3aadee4a4571e112b72a6c240917b64509ee9070093d2f74b24d6bae458e18fc
resnet,electrode,17,bandpass_n20005_cRA_LA_LL_covariance_s15,phase2/results/predictions/full/electrode/resnet/seed_17/bandpass_n20005_cRA_LA_LL_covariance_s15.npz,76539,974843774e721152fa6a2c99be4ce785709c8e649281ae4c54826782bd6578de
resnet,electrode,17,bandpass_n20005_cRA_LA_LL_covariance_s10,phase2/results/predictions/full/electrode/resnet/seed_17/bandpass_n20005_cRA_LA_LL_covariance_s10.npz,76462,2c4275e98b8666b1a46772579912b82b0b870e643f1c98424858a5d3e54f55e6
resnet,electrode,17,bandpass_n20005_cRA_LA_LL_covariance_s5,phase2/results/predictions/full/electrode/resnet/seed_17/bandpass_n20005_cRA_LA_LL_covariance_s5.npz,76286,d8b2c24fce5b8db0d005755de736a89555c5e99f96ee3be6b2aa836d25b87e51
resnet,electrode,17,bandpass_n20005_cRA_LA_LL_covariance_s0,phase2/results/predictions/full/electrode/resnet/seed_17/bandpass_n20005_cRA_LA_LL_covariance_s0.npz,75982,ac9f9822e16a8f036d5d8fd528b717ebaccb1d9b29357d584ba91b07efe8dbd1
resnet,electrode,17,bandpass_n20005_cV1_independent_rms_s20,phase2/results/predictions/full/electrode/resnet/seed_17/bandpass_n20005_cV1_independent_rms_s20.npz,76599,41a8face8fb0d96716e334afe714d063c299be57dc1e0fb7d10707e07cda6ae6
resnet,electrode,17,bandpass_n20005_cV1_independent_rms_s15,phase2/results/predictions/full/electrode/resnet/seed_17/bandpass_n20005_cV1_independent_rms_s15.npz,76576,c881675135ebb7507b1af06aa3eb583f45d302e8f58c0d30e95112683f361424
resnet,electrode,17,bandpass_n20005_cV1_independent_rms_s10,phase2/results/predictions/full/electrode/resnet/seed_17/bandpass_n20005_cV1_independent_rms_s10.npz,76513,fca0f66d7475bccf7e8798c87c56dd45e80987f18a5510385a72d1d7f9ea4e57
resnet,electrode,17,bandpass_n20005_cV1_independent_rms_s5,phase2/results/predictions/full/electrode/resnet/seed_17/bandpass_n20005_cV1_independent_rms_s5.npz,76366,df54fb7c0657d68b94fa0c9a4791e18a648f41c638a91606ac9cc9f8b6688499
resnet,electrode,17,bandpass_n20005_cV1_independent_rms_s0,phase2/results/predictions/full/electrode/resnet/seed_17/bandpass_n20005_cV1_independent_rms_s0.npz,76071,8457f236d2e3878e1f3142754318cdd222d09073e7afcbfdad68f8251d150a42
resnet,electrode,17,bandpass_n20005_cV1_electrode_s20,phase2/results/predictions/full/electrode/resnet/seed_17/bandpass_n20005_cV1_electrode_s20.npz,76573,248164c8730b8a4b2a29ba20882eb5b2c729566ce81d492ae1f8a2955ce2da99
resnet,electrode,17,bandpass_n20005_cV1_electrode_s15,phase2/results/predictions/full/electrode/resnet/seed_17/bandpass_n20005_cV1_electrode_s15.npz,76544,16abe881bb8221f15a85bcfcf389e94552256c47da71717dfef23e943a1d6866
resnet,electrode,17,bandpass_n20005_cV1_electrode_s10,phase2/results/predictions/full/electrode/resnet/seed_17/bandpass_n20005_cV1_electrode_s10.npz,76505,4cb2487df4b26413c612938a23d21e8a9691c5fabf0a2172c14d1053bee21650
resnet,electrode,17,bandpass_n20005_cV1_electrode_s5,phase2/results/predictions/full/electrode/resnet/seed_17/bandpass_n20005_cV1_electrode_s5.npz,76359,899dceb419a35a5802c5ffa0c38619e5d63afc2fa9abf802579a821d6410858e
resnet,electrode,17,bandpass_n20005_cV1_electrode_s0,phase2/results/predictions/full/electrode/resnet/seed_17/bandpass_n20005_cV1_electrode_s0.npz,76052,ca3fdad718e65a00d7f7201ddb52084a0228550b7e977ab299c11151e0cfdda7
resnet,electrode,17,bandpass_n20005_cV1_covariance_s20,phase2/results/predictions/full/electrode/resnet/seed_17/bandpass_n20005_cV1_covariance_s20.npz,76567,c9809b90da561ba94e31d42fe010062083322dad2c9c72472ae3aefe4c2a9f33
resnet,electrode,17,bandpass_n20005_cV1_covariance_s15,phase2/results/predictions/full/electrode/resnet/seed_17/bandpass_n20005_cV1_covariance_s15.npz,76580,f17af0bbe7cf7d7711ede213be86bf7717efdccc11cf92815f38dc01fca8609d
resnet,electrode,17,bandpass_n20005_cV1_covariance_s10,phase2/results/predictions/full/electrode/resnet/seed_17/bandpass_n20005_cV1_covariance_s10.npz,76510,27001016f6060121cfc231168eef8751da0a2858ade9003481db11bfca8c7040
resnet,electrode,17,bandpass_n20005_cV1_covariance_s5,phase2/results/predictions/full/electrode/resnet/seed_17/bandpass_n20005_cV1_covariance_s5.npz,76374,d4d1c29280345af7c05dad11719632eae73d65bb02b75c9260f1ea0eed829381
resnet,electrode,17,bandpass_n20005_cV1_covariance_s0,phase2/results/predictions/full/electrode/resnet/seed_17/bandpass_n20005_cV1_covariance_s0.npz,76079,e7ed327dcd0b1d5ddb84676fc5ef823cbfe52622d87bf3e3a41701172b7fb2b1
resnet,electrode,17,bandpass_n20005_cV2_independent_rms_s20,phase2/results/predictions/full/electrode/resnet/seed_17/bandpass_n20005_cV2_independent_rms_s20.npz,76573,831f3178e0d6db69f46c792a9dc904cbb4d28d9bf3e2f13cd48f86c3bdaf7da5
resnet,electrode,17,bandpass_n20005_cV2_independent_rms_s15,phase2/results/predictions/full/electrode/resnet/seed_17/bandpass_n20005_cV2_independent_rms_s15.npz,76573,4d28d8ea43bba2b01ae7e6a23fd167e3230855ad218fcb5b41240c061eca2bc4
resnet,electrode,17,bandpass_n20005_cV2_independent_rms_s10,phase2/results/predictions/full/electrode/resnet/seed_17/bandpass_n20005_cV2_independent_rms_s10.npz,76553,5b0491e1a42f1b8b613e2e9f40d8f249cce228e4b9912df9c3d04beb50d2f5e2
resnet,electrode,17,bandpass_n20005_cV2_independent_rms_s5,phase2/results/predictions/full/electrode/resnet/seed_17/bandpass_n20005_cV2_independent_rms_s5.npz,76468,10b377a90d38e2c7e8a5784c59e23463046bcf65761cb8d3ac4055f43ba9f06e
resnet,electrode,17,bandpass_n20005_cV2_independent_rms_s0,phase2/results/predictions/full/electrode/resnet/seed_17/bandpass_n20005_cV2_independent_rms_s0.npz,76226,48804cf3f060b006dc385b1f0390027cfd6b317d8522f0ed19a14a39d078de7f
resnet,electrode,17,bandpass_n20005_cV2_electrode_s20,phase2/results/predictions/full/electrode/resnet/seed_17/bandpass_n20005_cV2_electrode_s20.npz,76558,9b3ec5804965f69de0a388c09d7b2289f73d25515bd8d4959acf02248c0c77d3
resnet,electrode,17,bandpass_n20005_cV2_electrode_s15,phase2/results/predictions/full/electrode/resnet/seed_17/bandpass_n20005_cV2_electrode_s15.npz,76543,328e6e001cd24efe751aed357d25773594e40a26814429e2090235c65246351a
resnet,electrode,17,bandpass_n20005_cV2_electrode_s10,phase2/results/predictions/full/electrode/resnet/seed_17/bandpass_n20005_cV2_electrode_s10.npz,76515,b267f3b8d183fcda89a3697da659c8ed8c8a19e2623afce7ae9ded9c2e890967
resnet,electrode,17,bandpass_n20005_cV2_electrode_s5,phase2/results/predictions/full/electrode/resnet/seed_17/bandpass_n20005_cV2_electrode_s5.npz,76433,ae8feb7a3848eb5f27e7893c45955be28d0119f1d854c9e94b4e9d99c96a7d84
resnet,electrode,17,bandpass_n20005_cV2_electrode_s0,phase2/results/predictions/full/electrode/resnet/seed_17/bandpass_n20005_cV2_electrode_s0.npz,76239,b0ec558f6f79f2e3019eb01e02ffcc87cad37964e7b69317a4669977a9a181d7
resnet,electrode,17,bandpass_n20005_cV2_covariance_s20,phase2/results/predictions/full/electrode/resnet/seed_17/bandpass_n20005_cV2_covariance_s20.npz,76561,8874b5f416645ef1293997a8c327d18221c8fbb5985bab6942ed858d8c7dd234
resnet,electrode,17,bandpass_n20005_cV2_covariance_s15,phase2/results/predictions/full/electrode/resnet/seed_17/bandpass_n20005_cV2_covariance_s15.npz,76559,7111179b003f134b71f6a80a12526ab602a466570a1612fd79df9f7d850ea677
resnet,electrode,17,bandpass_n20005_cV2_covariance_s10,phase2/results/predictions/full/electrode/resnet/seed_17/bandpass_n20005_cV2_covariance_s10.npz,76527,6ff1b82b6453c229900e95ce1ceb4c061f21c7bc4d7604c7819189694fb68f3e
resnet,electrode,17,bandpass_n20005_cV2_covariance_s5,phase2/results/predictions/full/electrode/resnet/seed_17/bandpass_n20005_cV2_covariance_s5.npz,76414,20341f990aeefa421cf768849eeedaa4c785d3b4663b2eac0c27fea9eb4f5fd4
resnet,electrode,17,bandpass_n20005_cV2_covariance_s0,phase2/results/predictions/full/electrode/resnet/seed_17/bandpass_n20005_cV2_covariance_s0.npz,76228,2bc6e41d79aea28df5c973d7586d4db532a6c1e555d8aac6b7f7e2d27f37bab7
resnet,electrode,17,bandpass_n20005_cV3_independent_rms_s20,phase2/results/predictions/full/electrode/resnet/seed_17/bandpass_n20005_cV3_independent_rms_s20.npz,76568,a1049a15fcba97928075a77ad4421b6ae2f8ebabc7a451fa3bdb66f1f9f91053
resnet,electrode,17,bandpass_n20005_cV3_independent_rms_s15,phase2/results/predictions/full/electrode/resnet/seed_17/bandpass_n20005_cV3_independent_rms_s15.npz,76607,80166ea21933964c6507bd9b29ed5f9c08769319f56d06e08e7ea9e25495edd0
resnet,electrode,17,bandpass_n20005_cV3_independent_rms_s10,phase2/results/predictions/full/electrode/resnet/seed_17/bandpass_n20005_cV3_independent_rms_s10.npz,76564,0de003d3e4ca0d536c180160435d949af8638824526b29026627954a56aa23ff
resnet,electrode,17,bandpass_n20005_cV3_independent_rms_s5,phase2/results/predictions/full/electrode/resnet/seed_17/bandpass_n20005_cV3_independent_rms_s5.npz,76440,ced1d11e6e9ad450028016abb06a3c294cc627a5ee8de15393df2267451b46a9
resnet,electrode,17,bandpass_n20005_cV3_independent_rms_s0,phase2/results/predictions/full/electrode/resnet/seed_17/bandpass_n20005_cV3_independent_rms_s0.npz,76205,a23b23ee9b3055c8746a067ff538f4dd9b88bf3d463bca529e598b3727b6f75a
resnet,electrode,17,bandpass_n20005_cV3_electrode_s20,phase2/results/predictions/full/electrode/resnet/seed_17/bandpass_n20005_cV3_electrode_s20.npz,76574,445a1bdcc1b50220511a70ab7d184944d527741de6a8be0a5c29268573a49abd
resnet,electrode,17,bandpass_n20005_cV3_electrode_s15,phase2/results/predictions/full/electrode/resnet/seed_17/bandpass_n20005_cV3_electrode_s15.npz,76565,b5ac5f04fa3466d37d8e9ab5095e89bd35c1fb98722dcf78062b63f4ad3abd93
resnet,electrode,17,bandpass_n20005_cV3_electrode_s10,phase2/results/predictions/full/electrode/resnet/seed_17/bandpass_n20005_cV3_electrode_s10.npz,76517,43e2ab78f8519c7d07f363dc11a213472fee119aff4099c4383fea2950ec0285
resnet,electrode,17,bandpass_n20005_cV3_electrode_s5,phase2/results/predictions/full/electrode/resnet/seed_17/bandpass_n20005_cV3_electrode_s5.npz,76414,69dd3b9c4edb617c845a2c6cbaad7abb7646fc40508608bb9df2c173e08ae028
resnet,electrode,17,bandpass_n20005_cV3_electrode_s0,phase2/results/predictions/full/electrode/resnet/seed_17/bandpass_n20005_cV3_electrode_s0.npz,76230,a3ee67fea84db6fc21f6dacc3aadc8cfecac9f5113d8a1824cb168f42d69f4c0
resnet,electrode,17,bandpass_n20005_cV3_covariance_s20,phase2/results/predictions/full/electrode/resnet/seed_17/bandpass_n20005_cV3_covariance_s20.npz,76574,14141fe9bfa9aae5a81e7e4ed441a8f1e066ca9388b25870317a952c8d40a673
resnet,electrode,17,bandpass_n20005_cV3_covariance_s15,phase2/results/predictions/full/electrode/resnet/seed_17/bandpass_n20005_cV3_covariance_s15.npz,76572,7facb68d943b2a2dc66278838f719552d119f26658f6bf5470d275000e7008e1
resnet,electrode,17,bandpass_n20005_cV3_covariance_s10,phase2/results/predictions/full/electrode/resnet/seed_17/bandpass_n20005_cV3_covariance_s10.npz,76573,c9d560d078d56d355e29da14936257b21e9f0f896a4c9c73aae3fa2b9bb6fad9
resnet,electrode,17,bandpass_n20005_cV3_covariance_s5,phase2/results/predictions/full/electrode/resnet/seed_17/bandpass_n20005_cV3_covariance_s5.npz,76449,dbe8134855a0daf5a12aad20a1d62f6a133b924dec653930e210e4647c61f695
resnet,electrode,17,bandpass_n20005_cV3_covariance_s0,phase2/results/predictions/full/electrode/resnet/seed_17/bandpass_n20005_cV3_covariance_s0.npz,76194,c17870fef170f75a1ce9c5610f9ffb4e7fed9a37568d69ae0beafb838c645e95
resnet,electrode,17,bandpass_n20005_cV4_independent_rms_s20,phase2/results/predictions/full/electrode/resnet/seed_17/bandpass_n20005_cV4_independent_rms_s20.npz,76562,be9f3df83964e227a09acd38fc5fef7ef09f9da436d9562b5891e0b0a12fc617
resnet,electrode,17,bandpass_n20005_cV4_independent_rms_s15,phase2/results/predictions/full/electrode/resnet/seed_17/bandpass_n20005_cV4_independent_rms_s15.npz,76564,6f691767af044f46ff2b44ef1b485c0413c89e39062cbea734e05ce016b0d7a4
resnet,electrode,17,bandpass_n20005_cV4_independent_rms_s10,phase2/results/predictions/full/electrode/resnet/seed_17/bandpass_n20005_cV4_independent_rms_s10.npz,76570,07acc334f4d0def1178f228eb8d5792f74f83f5fda104353223b8432a1d43c09
resnet,electrode,17,bandpass_n20005_cV4_independent_rms_s5,phase2/results/predictions/full/electrode/resnet/seed_17/bandpass_n20005_cV4_independent_rms_s5.npz,76500,1ed93807e76be83b48e1edd978df8bf6aadbcab663514441d1fed4e8b00625cd
resnet,electrode,17,bandpass_n20005_cV4_independent_rms_s0,phase2/results/predictions/full/electrode/resnet/seed_17/bandpass_n20005_cV4_independent_rms_s0.npz,76337,47dbd6f7c2542b923b1654dca215701e88fa37281cc4806f2b0cee5973207989
resnet,electrode,17,bandpass_n20005_cV4_electrode_s20,phase2/results/predictions/full/electrode/resnet/seed_17/bandpass_n20005_cV4_electrode_s20.npz,76596,552d39571eb8e5767c81b80a9686b8f4be0d20ff0364de9d5268bc4b8fc22409
resnet,electrode,17,bandpass_n20005_cV4_electrode_s15,phase2/results/predictions/full/electrode/resnet/seed_17/bandpass_n20005_cV4_electrode_s15.npz,76574,701f31b4dbcbd629a2aa76e5c6a559aca54cf963b38609980af315d3cc200309
resnet,electrode,17,bandpass_n20005_cV4_electrode_s10,phase2/results/predictions/full/electrode/resnet/seed_17/bandpass_n20005_cV4_electrode_s10.npz,76583,510ff5c5abbf9ba44d4b82d890bdf720e31712aada0eee11ef71ce24c3a32b03
resnet,electrode,17,bandpass_n20005_cV4_electrode_s5,phase2/results/predictions/full/electrode/resnet/seed_17/bandpass_n20005_cV4_electrode_s5.npz,76481,bd7b54e293a3c81337f6cf90f8b6e90da0aca7f503f124167233c390db71e2e4
resnet,electrode,17,bandpass_n20005_cV4_electrode_s0,phase2/results/predictions/full/electrode/resnet/seed_17/bandpass_n20005_cV4_electrode_s0.npz,76274,4c918d7d7d6b5a6f9a483ab5ee3f0e71c66745a16d7b2aa43e12a463cdb01cec
resnet,electrode,17,bandpass_n20005_cV4_covariance_s20,phase2/results/predictions/full/electrode/resnet/seed_17/bandpass_n20005_cV4_covariance_s20.npz,76562,33295cdafc7c6c246296da45a7debbfb158536372b8424b1b122b5b83080debf
resnet,electrode,17,bandpass_n20005_cV4_covariance_s15,phase2/results/predictions/full/electrode/resnet/seed_17/bandpass_n20005_cV4_covariance_s15.npz,76592,f5ad1110df93e45ad6ae12213ba0545c2aee1c4f7342123661f2bb30ec99a584
resnet,electrode,17,bandpass_n20005_cV4_covariance_s10,phase2/results/predictions/full/electrode/resnet/seed_17/bandpass_n20005_cV4_covariance_s10.npz,76593,193cc3da641e5dec404a00dfe7173aa4531829e15d8dc73312be7fc42de322b1
resnet,electrode,17,bandpass_n20005_cV4_covariance_s5,phase2/results/predictions/full/electrode/resnet/seed_17/bandpass_n20005_cV4_covariance_s5.npz,76471,026a95a117790d5eadda35ff1c9fe9c30a9925cba3e814bf708bce9246d71e14
resnet,electrode,17,bandpass_n20005_cV4_covariance_s0,phase2/results/predictions/full/electrode/resnet/seed_17/bandpass_n20005_cV4_covariance_s0.npz,76291,7bbb13782cb91fe9ef93d8cb575d43af10ecc82284cf00be11ae5c4b0690794d
resnet,electrode,17,bandpass_n20005_cV5_independent_rms_s20,phase2/results/predictions/full/electrode/resnet/seed_17/bandpass_n20005_cV5_independent_rms_s20.npz,76604,97e67361396e491a7110c124c7a34f528c1a928caec68bd7dca4901a1b73fa7c
resnet,electrode,17,bandpass_n20005_cV5_independent_rms_s15,phase2/results/predictions/full/electrode/resnet/seed_17/bandpass_n20005_cV5_independent_rms_s15.npz,76590,86433ff9b318db4eb384de4bae0e161e1907bb14199ac2e730816da44e9430d0
resnet,electrode,17,bandpass_n20005_cV5_independent_rms_s10,phase2/results/predictions/full/electrode/resnet/seed_17/bandpass_n20005_cV5_independent_rms_s10.npz,76499,20cbb6d4ec8ecd431788b57f0b1dc3064f370476241a69c4e7f75d5cdcc4fea2
resnet,electrode,17,bandpass_n20005_cV5_independent_rms_s5,phase2/results/predictions/full/electrode/resnet/seed_17/bandpass_n20005_cV5_independent_rms_s5.npz,76368,95820edef4e492499fa47ae836e3d85d3481c2e9656bfb0ed6f319d52ca57082
resnet,electrode,17,bandpass_n20005_cV5_independent_rms_s0,phase2/results/predictions/full/electrode/resnet/seed_17/bandpass_n20005_cV5_independent_rms_s0.npz,76053,3209ed58cf8c175a53f4a1cc4e56bf6f0232e8d864eca378f760b27bd429470c
resnet,electrode,17,bandpass_n20005_cV5_electrode_s20,phase2/results/predictions/full/electrode/resnet/seed_17/bandpass_n20005_cV5_electrode_s20.npz,76560,67b3efff9bdb180047e4cdb57d3b6234440c5d9cd8d5aac8cfe04356ff92232f
resnet,electrode,17,bandpass_n20005_cV5_electrode_s15,phase2/results/predictions/full/electrode/resnet/seed_17/bandpass_n20005_cV5_electrode_s15.npz,76570,8b30c6de9fe4d5f942168dad5a1f71a8d89d0ed8ceaab5cf23c2489f34a345e2
resnet,electrode,17,bandpass_n20005_cV5_electrode_s10,phase2/results/predictions/full/electrode/resnet/seed_17/bandpass_n20005_cV5_electrode_s10.npz,76503,fa78faca5235ecbfa0d48bd3bef3105dde33279c13ab2135109e039d78bc8aae
resnet,electrode,17,bandpass_n20005_cV5_electrode_s5,phase2/results/predictions/full/electrode/resnet/seed_17/bandpass_n20005_cV5_electrode_s5.npz,76358,0051fe95a9457b22a9e7f02a815b7f793817e3eab9a6358856490cdbb23849fc
resnet,electrode,17,bandpass_n20005_cV5_electrode_s0,phase2/results/predictions/full/electrode/resnet/seed_17/bandpass_n20005_cV5_electrode_s0.npz,76077,0f74ccc0a954666cde4fba77bbd8a41f341bab17dfcae85276a10ec40bc750f8
resnet,electrode,17,bandpass_n20005_cV5_covariance_s20,phase2/results/predictions/full/electrode/resnet/seed_17/bandpass_n20005_cV5_covariance_s20.npz,76550,984e5697508214523cc1958dfd0d5e9b53c9893d5ade91245ba72b020e22990e
resnet,electrode,17,bandpass_n20005_cV5_covariance_s15,phase2/results/predictions/full/electrode/resnet/seed_17/bandpass_n20005_cV5_covariance_s15.npz,76550,72c564556268052e5199fa2c324e8cf0f18274cddde1219414dbf14ffe96f47f
resnet,electrode,17,bandpass_n20005_cV5_covariance_s10,phase2/results/predictions/full/electrode/resnet/seed_17/bandpass_n20005_cV5_covariance_s10.npz,76533,a6308fe6e6129ff63276d577c35f223b65c4f5c8d5c6ec3df59518f958ec1b15
resnet,electrode,17,bandpass_n20005_cV5_covariance_s5,phase2/results/predictions/full/electrode/resnet/seed_17/bandpass_n20005_cV5_covariance_s5.npz,76361,e5a4c233ce2efd3a5d2e1d200d1e5212d9cd23e6416909bbf60de558fa199edb
resnet,electrode,17,bandpass_n20005_cV5_covariance_s0,phase2/results/predictions/full/electrode/resnet/seed_17/bandpass_n20005_cV5_covariance_s0.npz,76052,2458bd43fd98386946254799de04b950a2799152bb95829f68a665b5ab822f66
resnet,electrode,17,bandpass_n20005_cV6_independent_rms_s20,phase2/results/predictions/full/electrode/resnet/seed_17/bandpass_n20005_cV6_independent_rms_s20.npz,76574,fde8ea3bcfa7d9a79004ae047282a336cfda034d6ec24f26680b011864b091d7
resnet,electrode,17,bandpass_n20005_cV6_independent_rms_s15,phase2/results/predictions/full/electrode/resnet/seed_17/bandpass_n20005_cV6_independent_rms_s15.npz,76541,b7746d1f2a22ed3dda5d8ec50c377be4fd5060712d97d301deac0f11cb0d6761
resnet,electrode,17,bandpass_n20005_cV6_independent_rms_s10,phase2/results/predictions/full/electrode/resnet/seed_17/bandpass_n20005_cV6_independent_rms_s10.npz,76539,0dc88cc0574e840abf8435d124dbc40f03a815679431dbecb1917ffe313ce07d
resnet,electrode,17,bandpass_n20005_cV6_independent_rms_s5,phase2/results/predictions/full/electrode/resnet/seed_17/bandpass_n20005_cV6_independent_rms_s5.npz,76417,40745f0e713439c86bdca8794d968f9e49b93cae381fce7c697066dee0450080
resnet,electrode,17,bandpass_n20005_cV6_independent_rms_s0,phase2/results/predictions/full/electrode/resnet/seed_17/bandpass_n20005_cV6_independent_rms_s0.npz,76133,0cf851e63921a7f1d26a0811781093a670dc60f95f0f3c6d5b9d5b88b5a5eacb
resnet,electrode,17,bandpass_n20005_cV6_electrode_s20,phase2/results/predictions/full/electrode/resnet/seed_17/bandpass_n20005_cV6_electrode_s20.npz,76582,3af1cfd84ab0af4ea2672d503ddc9e0e8afc55fe791c7853517d566320935688
resnet,electrode,17,bandpass_n20005_cV6_electrode_s15,phase2/results/predictions/full/electrode/resnet/seed_17/bandpass_n20005_cV6_electrode_s15.npz,76572,3cea24f076c2b5f7a7c8a813be9a3062fd40150f1b38969520becdec19992f50
resnet,electrode,17,bandpass_n20005_cV6_electrode_s10,phase2/results/predictions/full/electrode/resnet/seed_17/bandpass_n20005_cV6_electrode_s10.npz,76486,7d683f4bb16fb83af49e62f739af5b4e08a1bb50efac59ab7b8a95f9397976ca
resnet,electrode,17,bandpass_n20005_cV6_electrode_s5,phase2/results/predictions/full/electrode/resnet/seed_17/bandpass_n20005_cV6_electrode_s5.npz,76378,7f9f513e4dc5f2ec47043b2723597ae58c15c615f28a27e9103aafef2b58dc61
resnet,electrode,17,bandpass_n20005_cV6_electrode_s0,phase2/results/predictions/full/electrode/resnet/seed_17/bandpass_n20005_cV6_electrode_s0.npz,76121,a5b4839007e4918833cbe59d130626b25d531c2637476d3e437652c9c742bc63
resnet,electrode,17,bandpass_n20005_cV6_covariance_s20,phase2/results/predictions/full/electrode/resnet/seed_17/bandpass_n20005_cV6_covariance_s20.npz,76585,7d8b58923558fb5be6c77778861204720ded88d10b4e360d356476ec68428fb0
resnet,electrode,17,bandpass_n20005_cV6_covariance_s15,phase2/results/predictions/full/electrode/resnet/seed_17/bandpass_n20005_cV6_covariance_s15.npz,76566,4a0a282436f6be29798cdce0325e0cd93135c86ed121cb13d9acd4b5c9bca377
resnet,electrode,17,bandpass_n20005_cV6_covariance_s10,phase2/results/predictions/full/electrode/resnet/seed_17/bandpass_n20005_cV6_covariance_s10.npz,76523,168b491f48fc252d61948cebf75f550503ef5254db01470d1df4b2c44310e3e6
resnet,electrode,17,bandpass_n20005_cV6_covariance_s5,phase2/results/predictions/full/electrode/resnet/seed_17/bandpass_n20005_cV6_covariance_s5.npz,76363,f15fa13470a06cb39c2ee4364ec6e488033516c1953c15f5b3a89fa284793772
resnet,electrode,17,bandpass_n20005_cV6_covariance_s0,phase2/results/predictions/full/electrode/resnet/seed_17/bandpass_n20005_cV6_covariance_s0.npz,76095,597d29cfc0e2acf8d53bab7525c6a41d26bd0f6436449acee41951f739f09350
resnet,electrode,17,bandpass_n20005_cRA_LA_independent_rms_s20,phase2/results/predictions/full/electrode/resnet/seed_17/bandpass_n20005_cRA_LA_independent_rms_s20.npz,76600,77cd4e712d29d36d48b89610165f3d47e34e62787650bd9de4dd3da6d2a5fbc5
resnet,electrode,17,bandpass_n20005_cRA_LA_independent_rms_s15,phase2/results/predictions/full/electrode/resnet/seed_17/bandpass_n20005_cRA_LA_independent_rms_s15.npz,76587,9ff997801f95f887c23417fbc66d8c93f48bfbd37129d306ae77b1816e761c72
resnet,electrode,17,bandpass_n20005_cRA_LA_independent_rms_s10,phase2/results/predictions/full/electrode/resnet/seed_17/bandpass_n20005_cRA_LA_independent_rms_s10.npz,76538,861aedc6a474945de40337601c39ff89094ff6ee162eca7298c80560528a64ef
resnet,electrode,17,bandpass_n20005_cRA_LA_independent_rms_s5,phase2/results/predictions/full/electrode/resnet/seed_17/bandpass_n20005_cRA_LA_independent_rms_s5.npz,76405,819c0dcb134edd97b064b17920ec13f4275f7e98c3cc6df8e8c39ae4c012e645
resnet,electrode,17,bandpass_n20005_cRA_LA_independent_rms_s0,phase2/results/predictions/full/electrode/resnet/seed_17/bandpass_n20005_cRA_LA_independent_rms_s0.npz,76160,3befbc4434f042fdbd71f60e1f164c8cbc7f9f12c6d103a11dea7cbb95f3fa30
resnet,electrode,17,bandpass_n20005_cRA_LA_electrode_s20,phase2/results/predictions/full/electrode/resnet/seed_17/bandpass_n20005_cRA_LA_electrode_s20.npz,76589,a559413ce511bce51c9851eece2794cfd9e59c874954796c21d0076533bb7ba2
resnet,electrode,17,bandpass_n20005_cRA_LA_electrode_s15,phase2/results/predictions/full/electrode/resnet/seed_17/bandpass_n20005_cRA_LA_electrode_s15.npz,76560,5b81ab495f300a7e268511415db567d5b9e4aae71859a41efcdb349091fc23b0
resnet,electrode,17,bandpass_n20005_cRA_LA_electrode_s10,phase2/results/predictions/full/electrode/resnet/seed_17/bandpass_n20005_cRA_LA_electrode_s10.npz,76462,8c60390fc24dc958fb3483fc6c942937c4b4abcbfb2af8b365d7901a94af2ca5
resnet,electrode,17,bandpass_n20005_cRA_LA_electrode_s5,phase2/results/predictions/full/electrode/resnet/seed_17/bandpass_n20005_cRA_LA_electrode_s5.npz,76271,a80e470123be1a3ab98b7ef81c8f004c3082e1ec167145d00c8f61d49c04a1f9
resnet,electrode,17,bandpass_n20005_cRA_LA_electrode_s0,phase2/results/predictions/full/electrode/resnet/seed_17/bandpass_n20005_cRA_LA_electrode_s0.npz,76008,0f61cd4c3740ce4561f2da91d344d0f0a289aaccc41094c1149890417cad7ce0
resnet,electrode,17,bandpass_n20005_cRA_LA_covariance_s20,phase2/results/predictions/full/electrode/resnet/seed_17/bandpass_n20005_cRA_LA_covariance_s20.npz,76596,59419134927ed51cff2c66e88a645a4ed0d1573d24a0a69dc069873208f953ab
resnet,electrode,17,bandpass_n20005_cRA_LA_covariance_s15,phase2/results/predictions/full/electrode/resnet/seed_17/bandpass_n20005_cRA_LA_covariance_s15.npz,76573,e8cfc34c832fad1333342f9b7749476951a9c643022f157b67c1b95a6f662d6b
resnet,electrode,17,bandpass_n20005_cRA_LA_covariance_s10,phase2/results/predictions/full/electrode/resnet/seed_17/bandpass_n20005_cRA_LA_covariance_s10.npz,76476,87a3a2553a0742a8c820b94972503ff2c7897b5726635379cff6d056d156f5e4
resnet,electrode,17,bandpass_n20005_cRA_LA_covariance_s5,phase2/results/predictions/full/electrode/resnet/seed_17/bandpass_n20005_cRA_LA_covariance_s5.npz,76294,3f2412ed6d7fa867f600dc1e5aeca82ee9bf7d83e94aef3457fdda2e767b014b
resnet,electrode,17,bandpass_n20005_cRA_LA_covariance_s0,phase2/results/predictions/full/electrode/resnet/seed_17/bandpass_n20005_cRA_LA_covariance_s0.npz,76049,f6423ee350bdbd23595840d9f8c9042267e2028ed9c9273581714cae01c1b682
resnet,electrode,17,bandpass_n20005_cLA_LL_independent_rms_s20,phase2/results/predictions/full/electrode/resnet/seed_17/bandpass_n20005_cLA_LL_independent_rms_s20.npz,76594,9cfc9d309b529725eab0a8137b67500d7353b9742f64cd2f99543cff08cea578
resnet,electrode,17,bandpass_n20005_cLA_LL_independent_rms_s15,phase2/results/predictions/full/electrode/resnet/seed_17/bandpass_n20005_cLA_LL_independent_rms_s15.npz,76592,6fb03782e4d6548fac15f1e2615de7a0fbcc6d1d149b455ac7a84ce728ae774a
resnet,electrode,17,bandpass_n20005_cLA_LL_independent_rms_s10,phase2/results/predictions/full/electrode/resnet/seed_17/bandpass_n20005_cLA_LL_independent_rms_s10.npz,76573,ae256d8baba89c0c9be157f851cde10addd1e7fef66131f13268819a05dafaa8
resnet,electrode,17,bandpass_n20005_cLA_LL_independent_rms_s5,phase2/results/predictions/full/electrode/resnet/seed_17/bandpass_n20005_cLA_LL_independent_rms_s5.npz,76421,31d8302cda3d99f350a413a361caf1706f27b2ae47a9453273cd163ebf56917d
resnet,electrode,17,bandpass_n20005_cLA_LL_independent_rms_s0,phase2/results/predictions/full/electrode/resnet/seed_17/bandpass_n20005_cLA_LL_independent_rms_s0.npz,76111,ccf19c3e7a288cb2f70549c25d3cb013af58c0bd7462581fe64e408c3703aa97
resnet,electrode,17,bandpass_n20005_cLA_LL_electrode_s20,phase2/results/predictions/full/electrode/resnet/seed_17/bandpass_n20005_cLA_LL_electrode_s20.npz,76596,e6eba998013a50defc49c77e466e7792dfa41adf8cb16918a20e3ae903508e1a
resnet,electrode,17,bandpass_n20005_cLA_LL_electrode_s15,phase2/results/predictions/full/electrode/resnet/seed_17/bandpass_n20005_cLA_LL_electrode_s15.npz,76550,dc5b4a3d847c1cf147c597ad6b7f4a3a2da422682c483598359053c5c147083e
resnet,electrode,17,bandpass_n20005_cLA_LL_electrode_s10,phase2/results/predictions/full/electrode/resnet/seed_17/bandpass_n20005_cLA_LL_electrode_s10.npz,76499,d943eed41708891f8f46c78d89e36a6d0fd03b3c8fc0d6ee5fef7fc14f7e1d34
resnet,electrode,17,bandpass_n20005_cLA_LL_electrode_s5,phase2/results/predictions/full/electrode/resnet/seed_17/bandpass_n20005_cLA_LL_electrode_s5.npz,76250,6e14cd0945385edff8d857e590903294e2c496ab2dbb5f0c29740db86dbd9752
resnet,electrode,17,bandpass_n20005_cLA_LL_electrode_s0,phase2/results/predictions/full/electrode/resnet/seed_17/bandpass_n20005_cLA_LL_electrode_s0.npz,75872,362a185feae8880701de42b67fdf842d466d67acbb5376f082c28ee63eb0cab0
resnet,electrode,17,bandpass_n20005_cLA_LL_covariance_s20,phase2/results/predictions/full/electrode/resnet/seed_17/bandpass_n20005_cLA_LL_covariance_s20.npz,76599,5a8e2bd3a217e246a4d00e706b2769ed6f32a79fb8a46de9d8df3020b218a160
resnet,electrode,17,bandpass_n20005_cLA_LL_covariance_s15,phase2/results/predictions/full/electrode/resnet/seed_17/bandpass_n20005_cLA_LL_covariance_s15.npz,76542,4e8584ed117b2f0faedbfacf78b93abb0c4ee993380dd224e5cb89bffe9b7a71
resnet,electrode,17,bandpass_n20005_cLA_LL_covariance_s10,phase2/results/predictions/full/electrode/resnet/seed_17/bandpass_n20005_cLA_LL_covariance_s10.npz,76499,4c2d29d11217ddaa628861d078dd32cf9bddbb0d9ff0656721f262c64620c6c7
resnet,electrode,17,bandpass_n20005_cLA_LL_covariance_s5,phase2/results/predictions/full/electrode/resnet/seed_17/bandpass_n20005_cLA_LL_covariance_s5.npz,76259,6468eeeb9f90cd1b585a7e80bb96c9b7bb037eb421c2acf44c67527cad8bd82d
resnet,electrode,17,bandpass_n20005_cLA_LL_covariance_s0,phase2/results/predictions/full/electrode/resnet/seed_17/bandpass_n20005_cLA_LL_covariance_s0.npz,75893,24c0d1c15f21ecc5ff86f0c6cf4bd1c1fa916ba0062e20aa35467c0ab3345f8e
resnet,electrode,17,bandpass_n20005_cRA_LL_independent_rms_s20,phase2/results/predictions/full/electrode/resnet/seed_17/bandpass_n20005_cRA_LL_independent_rms_s20.npz,76602,f4435590a4a08100062341d2bdb389165066c135402f9cb823e35fcdfe3b5f8a
resnet,electrode,17,bandpass_n20005_cRA_LL_independent_rms_s15,phase2/results/predictions/full/electrode/resnet/seed_17/bandpass_n20005_cRA_LL_independent_rms_s15.npz,76572,8729b7df440dae2780123739fb3b8151ad6c45d9123ada8fe06c6635fa410c9e
resnet,electrode,17,bandpass_n20005_cRA_LL_independent_rms_s10,phase2/results/predictions/full/electrode/resnet/seed_17/bandpass_n20005_cRA_LL_independent_rms_s10.npz,76518,29622f7fe7435e478e5d91343a948c3df6d1b3755e318f4668c9ba5cfd5af952
resnet,electrode,17,bandpass_n20005_cRA_LL_independent_rms_s5,phase2/results/predictions/full/electrode/resnet/seed_17/bandpass_n20005_cRA_LL_independent_rms_s5.npz,76376,177d01693737c49659d0cfb41513fe2c9d4ca9a55f2db38155a78b4ab57d53ac
resnet,electrode,17,bandpass_n20005_cRA_LL_independent_rms_s0,phase2/results/predictions/full/electrode/resnet/seed_17/bandpass_n20005_cRA_LL_independent_rms_s0.npz,76135,0c883777aed59fe70444310dc71a9aa93b24f984a33a0a1c5819a4b0b35c4df0
resnet,electrode,17,bandpass_n20005_cRA_LL_electrode_s20,phase2/results/predictions/full/electrode/resnet/seed_17/bandpass_n20005_cRA_LL_electrode_s20.npz,76553,e8c38bcc44676d16e09078c28a5fd2d5a604a46f633533150df3386d36640c73
resnet,electrode,17,bandpass_n20005_cRA_LL_electrode_s15,phase2/results/predictions/full/electrode/resnet/seed_17/bandpass_n20005_cRA_LL_electrode_s15.npz,76567,ba0651a1619a88397c398580367485aabc080bb19b166c344ffe7d0e8233f278
resnet,electrode,17,bandpass_n20005_cRA_LL_electrode_s10,phase2/results/predictions/full/electrode/resnet/seed_17/bandpass_n20005_cRA_LL_electrode_s10.npz,76483,552e6fbd03b1df882dd96eff0e21631cafe575cf0aa279ec7fd44804cf2b0106
resnet,electrode,17,bandpass_n20005_cRA_LL_electrode_s5,phase2/results/predictions/full/electrode/resnet/seed_17/bandpass_n20005_cRA_LL_electrode_s5.npz,76282,08c6396a86f9a784768f219b0679890bdd06546c07bbfacae5d7630def6322ba
resnet,electrode,17,bandpass_n20005_cRA_LL_electrode_s0,phase2/results/predictions/full/electrode/resnet/seed_17/bandpass_n20005_cRA_LL_electrode_s0.npz,75987,2d7ccc546afe486ae455380ee3cb53735c996e507c88eddebb235ba23ebe9fa1
resnet,electrode,17,bandpass_n20005_cRA_LL_covariance_s20,phase2/results/predictions/full/electrode/resnet/seed_17/bandpass_n20005_cRA_LL_covariance_s20.npz,76574,66bffc0c41870f386b4efaf4eb5065fd8d4054b14385b66fd8cc956242802789
resnet,electrode,17,bandpass_n20005_cRA_LL_covariance_s15,phase2/results/predictions/full/electrode/resnet/seed_17/bandpass_n20005_cRA_LL_covariance_s15.npz,76569,553959a05fcb85a265b6e2fe85b0b698180e7f2a87fc8fc1548231d67d1dbd87
resnet,electrode,17,bandpass_n20005_cRA_LL_covariance_s10,phase2/results/predictions/full/electrode/resnet/seed_17/bandpass_n20005_cRA_LL_covariance_s10.npz,76464,b0d0e64dce6e31ceab38c43b4a811199e2db42a7227349e0e3fb14318df08775
resnet,electrode,17,bandpass_n20005_cRA_LL_covariance_s5,phase2/results/predictions/full/electrode/resnet/seed_17/bandpass_n20005_cRA_LL_covariance_s5.npz,76242,faf712fd11c384f1ff6199a21812b44886ce6b7ec53cf7fb2782fc7b6b410906
resnet,electrode,17,bandpass_n20005_cRA_LL_covariance_s0,phase2/results/predictions/full/electrode/resnet/seed_17/bandpass_n20005_cRA_LL_covariance_s0.npz,75986,0bccc45619cdf51815bce45638bb3e5273c70e41e2c0917b107033649c156470
resnet,electrode,17,bandpass_n20005_cRA_independent_rms_s20,phase2/results/predictions/full/electrode/resnet/seed_17/bandpass_n20005_cRA_independent_rms_s20.npz,76584,ee02263aeb5876669ff6dbb981e9d30ccb0a4dbe59607a6c343ddcf2931351a0
resnet,electrode,17,bandpass_n20005_cRA_independent_rms_s15,phase2/results/predictions/full/electrode/resnet/seed_17/bandpass_n20005_cRA_independent_rms_s15.npz,76555,4be764e9a8564b62d10d2bc3511b527b1afa1c9d29516ac2c0b4a99f682ceba6
resnet,electrode,17,bandpass_n20005_cRA_independent_rms_s10,phase2/results/predictions/full/electrode/resnet/seed_17/bandpass_n20005_cRA_independent_rms_s10.npz,76551,125e9f0062e02bbb53ed3077cf46ab835a68d7932c304e652ff794bc50dce7d3
resnet,electrode,17,bandpass_n20005_cRA_independent_rms_s5,phase2/results/predictions/full/electrode/resnet/seed_17/bandpass_n20005_cRA_independent_rms_s5.npz,76430,da7d140fc2f19eb93d9e6154deb48d658caed0e4c4e8eca16a803f6a767581a5
resnet,electrode,17,bandpass_n20005_cRA_independent_rms_s0,phase2/results/predictions/full/electrode/resnet/seed_17/bandpass_n20005_cRA_independent_rms_s0.npz,76184,179d3514d61a6eec74f7b2e1e32b5dbcaba9c477632e04da6eccf1e3da3c7b50
resnet,electrode,17,bandpass_n20005_cRA_electrode_s20,phase2/results/predictions/full/electrode/resnet/seed_17/bandpass_n20005_cRA_electrode_s20.npz,76590,9e60981c748d927802af27158646a4bf680c5623d765859c122e2e4f88e8f206
resnet,electrode,17,bandpass_n20005_cRA_electrode_s15,phase2/results/predictions/full/electrode/resnet/seed_17/bandpass_n20005_cRA_electrode_s15.npz,76514,3bf0c056fd23d60266f14e2eb928dbf09273e5028e7a4ee3c7ec14b5e8d082b1
resnet,electrode,17,bandpass_n20005_cRA_electrode_s10,phase2/results/predictions/full/electrode/resnet/seed_17/bandpass_n20005_cRA_electrode_s10.npz,76436,854044526de0998d85e71821aa0b5aad36c748f3ddb4991699aa65c0a1649d6b
resnet,electrode,17,bandpass_n20005_cRA_electrode_s5,phase2/results/predictions/full/electrode/resnet/seed_17/bandpass_n20005_cRA_electrode_s5.npz,76306,a6fcb8c9e01eee05836e4659c22050fbc27a0a4346d8834f0e616aba193b1013
resnet,electrode,17,bandpass_n20005_cRA_electrode_s0,phase2/results/predictions/full/electrode/resnet/seed_17/bandpass_n20005_cRA_electrode_s0.npz,76126,e6b9e72b6c5227ed535bd3bcf66265b410b2d93e83c156d6942c3e6431a18a23
resnet,electrode,17,bandpass_n20005_cRA_covariance_s20,phase2/results/predictions/full/electrode/resnet/seed_17/bandpass_n20005_cRA_covariance_s20.npz,76580,d063d7287290ea078d38f341f96df3e59fb0705df819f267512e90147774af78
resnet,electrode,17,bandpass_n20005_cRA_covariance_s15,phase2/results/predictions/full/electrode/resnet/seed_17/bandpass_n20005_cRA_covariance_s15.npz,76539,d1b2eb2afae48a6b13c54069064467f19ab2e7b83f363bace0079f233f0b01e4
resnet,electrode,17,bandpass_n20005_cRA_covariance_s10,phase2/results/predictions/full/electrode/resnet/seed_17/bandpass_n20005_cRA_covariance_s10.npz,76443,ffddcb00600119d2f01139eadf360b3d3d2b6c11fcdd5eb335434dae50155787
resnet,electrode,17,bandpass_n20005_cRA_covariance_s5,phase2/results/predictions/full/electrode/resnet/seed_17/bandpass_n20005_cRA_covariance_s5.npz,76276,91669b989a8a8d83c3d63baea504f24ab07c7b280b7409be3b62db9fcfd6da2d
resnet,electrode,17,bandpass_n20005_cRA_covariance_s0,phase2/results/predictions/full/electrode/resnet/seed_17/bandpass_n20005_cRA_covariance_s0.npz,76104,1027862e7a111c572dd247a80ed4c97be2d9739a692b8462c01e2661915b6d4a
resnet,electrode,17,bandpass_n20005_cLA_independent_rms_s20,phase2/results/predictions/full/electrode/resnet/seed_17/bandpass_n20005_cLA_independent_rms_s20.npz,76583,e74f9871b952ccd536b100685d117834a46674ad205ef4c3adcc58631d24d834
resnet,electrode,17,bandpass_n20005_cLA_independent_rms_s15,phase2/results/predictions/full/electrode/resnet/seed_17/bandpass_n20005_cLA_independent_rms_s15.npz,76559,651fb0f1dd6bcc7e3308de47705f5cecd869c054876d70ed62e19ecfafe1937e
resnet,electrode,17,bandpass_n20005_cLA_independent_rms_s10,phase2/results/predictions/full/electrode/resnet/seed_17/bandpass_n20005_cLA_independent_rms_s10.npz,76540,f4350ce8b6bdd2658c062a42b2878d87ac5cfa0d75bfb0132e854170906441be
resnet,electrode,17,bandpass_n20005_cLA_independent_rms_s5,phase2/results/predictions/full/electrode/resnet/seed_17/bandpass_n20005_cLA_independent_rms_s5.npz,76393,b16f3beeb3c3fd2e78c975f7521962c416f91d55e80e5c53a9ce20d288a793e0
resnet,electrode,17,bandpass_n20005_cLA_independent_rms_s0,phase2/results/predictions/full/electrode/resnet/seed_17/bandpass_n20005_cLA_independent_rms_s0.npz,76162,e72590e4e9424ce4426d3adb4daf5c2514fdca3bd7556e4b03cd2beea6cb2322
resnet,electrode,17,bandpass_n20005_cLA_electrode_s20,phase2/results/predictions/full/electrode/resnet/seed_17/bandpass_n20005_cLA_electrode_s20.npz,76563,c4fbdf17ed29d9bb3d33b3b482aaa0346c40ac45916cf79236eeaeccdfc1ffa0
resnet,electrode,17,bandpass_n20005_cLA_electrode_s15,phase2/results/predictions/full/electrode/resnet/seed_17/bandpass_n20005_cLA_electrode_s15.npz,76565,4ba3f189c37c7fbc814b7270654a2b573f5ffe39b4168749416dff19c1bd7c24
resnet,electrode,17,bandpass_n20005_cLA_electrode_s10,phase2/results/predictions/full/electrode/resnet/seed_17/bandpass_n20005_cLA_electrode_s10.npz,76491,1667caffad3e6d9e8bddb9fddcf664e0a415e1b83320b8808f76acba5ee3dc66
resnet,electrode,17,bandpass_n20005_cLA_electrode_s5,phase2/results/predictions/full/electrode/resnet/seed_17/bandpass_n20005_cLA_electrode_s5.npz,76303,fa0d2fe10f3d6ad5bded7ccc5feb8a9347b2830ebe52a86951e0521072641052
resnet,electrode,17,bandpass_n20005_cLA_electrode_s0,phase2/results/predictions/full/electrode/resnet/seed_17/bandpass_n20005_cLA_electrode_s0.npz,75896,8282f78fbb40f256690cd34a3ded4f76538ea3964ca6d96d6c24495072e2628e
resnet,electrode,17,bandpass_n20005_cLA_covariance_s20,phase2/results/predictions/full/electrode/resnet/seed_17/bandpass_n20005_cLA_covariance_s20.npz,76549,94be6f4923626c6a7b78b9422edd998c131c33f8bf10847579829c0b06253495
resnet,electrode,17,bandpass_n20005_cLA_covariance_s15,phase2/results/predictions/full/electrode/resnet/seed_17/bandpass_n20005_cLA_covariance_s15.npz,76556,e04b9b44c0e6ef841cd10e2b639faec135b5dc9f768bc54b8b1042f33a3abfb7
resnet,electrode,17,bandpass_n20005_cLA_covariance_s10,phase2/results/predictions/full/electrode/resnet/seed_17/bandpass_n20005_cLA_covariance_s10.npz,76498,5ac76ded46345b9029e38e7a22f2f3b1d580eb6ed102aae5f3fa1959d83b8f67
resnet,electrode,17,bandpass_n20005_cLA_covariance_s5,phase2/results/predictions/full/electrode/resnet/seed_17/bandpass_n20005_cLA_covariance_s5.npz,76302,ff7f481759c97f016687095e702d43dc5dbc0f315e658df42b65b1ab8ae2e7a1
resnet,electrode,17,bandpass_n20005_cLA_covariance_s0,phase2/results/predictions/full/electrode/resnet/seed_17/bandpass_n20005_cLA_covariance_s0.npz,75944,c3b1f96ba26eee0bb222847da9fdcc76a70ba820da23ff31eae7cf486a8c5a9c
resnet,electrode,17,bandpass_n20005_cLL_independent_rms_s20,phase2/results/predictions/full/electrode/resnet/seed_17/bandpass_n20005_cLL_independent_rms_s20.npz,76566,0e22ad50472d43ec81412896c7c7382d4f0fe88bc17a5f8fdc269966d1485c0d
resnet,electrode,17,bandpass_n20005_cLL_independent_rms_s15,phase2/results/predictions/full/electrode/resnet/seed_17/bandpass_n20005_cLL_independent_rms_s15.npz,76585,52fbe9a9f5d4c99829737cae819a0d471aa8c88d7b79fbc515a9c3add81421ff
resnet,electrode,17,bandpass_n20005_cLL_independent_rms_s10,phase2/results/predictions/full/electrode/resnet/seed_17/bandpass_n20005_cLL_independent_rms_s10.npz,76492,5b53b1b068cc54991e977900ee6e508f7f71e3253b1b8cf92d256f1ede4c52d5
resnet,electrode,17,bandpass_n20005_cLL_independent_rms_s5,phase2/results/predictions/full/electrode/resnet/seed_17/bandpass_n20005_cLL_independent_rms_s5.npz,76360,84196e7bd735147be1a18c47cf1210c3f39ad7d1d12f05fc555698df35577a68
resnet,electrode,17,bandpass_n20005_cLL_independent_rms_s0,phase2/results/predictions/full/electrode/resnet/seed_17/bandpass_n20005_cLL_independent_rms_s0.npz,76105,10d5ce75d7fb6355905acb746273c9ab852fe70e911a11b488333f7536e5a018
resnet,electrode,17,bandpass_n20005_cLL_electrode_s20,phase2/results/predictions/full/electrode/resnet/seed_17/bandpass_n20005_cLL_electrode_s20.npz,76581,c260c50008e021ad925f8065c63e2392ad776c7640d36086a163bc4339ebadca
resnet,electrode,17,bandpass_n20005_cLL_electrode_s15,phase2/results/predictions/full/electrode/resnet/seed_17/bandpass_n20005_cLL_electrode_s15.npz,76543,0a6a718e1b4f9fa334f7bf91343b6456eb43dc79b9c06f6f025558b5b4b6c906
resnet,electrode,17,bandpass_n20005_cLL_electrode_s10,phase2/results/predictions/full/electrode/resnet/seed_17/bandpass_n20005_cLL_electrode_s10.npz,76454,82fa3bfc1d60df140c6788840c8527042098efa8b89d1705b09150e431c17d7c
resnet,electrode,17,bandpass_n20005_cLL_electrode_s5,phase2/results/predictions/full/electrode/resnet/seed_17/bandpass_n20005_cLL_electrode_s5.npz,76234,a1e9980589f3e759752c3d2f5dfec5b27b273f19b578900e8652217562648141
resnet,electrode,17,bandpass_n20005_cLL_electrode_s0,phase2/results/predictions/full/electrode/resnet/seed_17/bandpass_n20005_cLL_electrode_s0.npz,75912,bb61a5654833b22c61a8bf8ab5135dbed2f10e5276d41a9e05e017300d704fa1
resnet,electrode,17,bandpass_n20005_cLL_covariance_s20,phase2/results/predictions/full/electrode/resnet/seed_17/bandpass_n20005_cLL_covariance_s20.npz,76569,934e53064cc6260d7512133706225e8543b48f3caf3ce37f5ffe694f4ca146d2
resnet,electrode,17,bandpass_n20005_cLL_covariance_s15,phase2/results/predictions/full/electrode/resnet/seed_17/bandpass_n20005_cLL_covariance_s15.npz,76557,7e1951681f099e8c5de557e7ddd53d7c4b76f7b8e3b536e3d6c265b52db53f80
resnet,electrode,17,bandpass_n20005_cLL_covariance_s10,phase2/results/predictions/full/electrode/resnet/seed_17/bandpass_n20005_cLL_covariance_s10.npz,76471,6a89b091386018236f5bc01980a8f2298cd5a99685bb7edc26c10f96bed3e68f
resnet,electrode,17,bandpass_n20005_cLL_covariance_s5,phase2/results/predictions/full/electrode/resnet/seed_17/bandpass_n20005_cLL_covariance_s5.npz,76273,d9a7c7580b954a8f53551f3fee03346a25ef4273f8af3a2e7cffab3a47ae06ac
resnet,electrode,17,bandpass_n20005_cLL_covariance_s0,phase2/results/predictions/full/electrode/resnet/seed_17/bandpass_n20005_cLL_covariance_s0.npz,75913,f50ce3fde79e2b5db55697bd82282cc7bfe998165dac188a0b31d7cd8ed7ee81
resnet,electrode,17,bandpass_n20005_cRA_V1_independent_rms_s20,phase2/results/predictions/full/electrode/resnet/seed_17/bandpass_n20005_cRA_V1_independent_rms_s20.npz,76623,5fd209606fff993d5961bfdb3e849fbc41eae21fbbe412535b1e10538b6dddca
resnet,electrode,17,bandpass_n20005_cRA_V1_independent_rms_s15,phase2/results/predictions/full/electrode/resnet/seed_17/bandpass_n20005_cRA_V1_independent_rms_s15.npz,76565,c75662f246d5a8fc555670ecd9b002fa332c5a2cc5e4eb61e49ca73f99d16f94
resnet,electrode,17,bandpass_n20005_cRA_V1_independent_rms_s10,phase2/results/predictions/full/electrode/resnet/seed_17/bandpass_n20005_cRA_V1_independent_rms_s10.npz,76546,f36879bf5774668bb389d9f615069f6ac4ebffaba2be3e0c0e1a184919fbfd85
resnet,electrode,17,bandpass_n20005_cRA_V1_independent_rms_s5,phase2/results/predictions/full/electrode/resnet/seed_17/bandpass_n20005_cRA_V1_independent_rms_s5.npz,76410,a47a44ba32205fca6842dd00576c889ab2248e43a8ce630f483d075066d84a65
resnet,electrode,17,bandpass_n20005_cRA_V1_independent_rms_s0,phase2/results/predictions/full/electrode/resnet/seed_17/bandpass_n20005_cRA_V1_independent_rms_s0.npz,76150,85a8af65a4472d4d67f3bd0f6cad19ca34667b0ee4e6287c1d110ecd1651dc18
resnet,electrode,17,bandpass_n20005_cRA_V1_electrode_s20,phase2/results/predictions/full/electrode/resnet/seed_17/bandpass_n20005_cRA_V1_electrode_s20.npz,76567,fa03f55e65969e0d8ae0e713e804f9cade8aa22ed458f27e0eef3ae0e84c0461
resnet,electrode,17,bandpass_n20005_cRA_V1_electrode_s15,phase2/results/predictions/full/electrode/resnet/seed_17/bandpass_n20005_cRA_V1_electrode_s15.npz,76616,99ac5c56ccf023ae866e5162721dd4e52e87b8e7b905f203c9201af54024ee48
resnet,electrode,17,bandpass_n20005_cRA_V1_electrode_s10,phase2/results/predictions/full/electrode/resnet/seed_17/bandpass_n20005_cRA_V1_electrode_s10.npz,76482,70edcce01df5f82ec5af8ecba4c72154c6af6bf60f0af4ed8e6f3fcd38b409c5
resnet,electrode,17,bandpass_n20005_cRA_V1_electrode_s5,phase2/results/predictions/full/electrode/resnet/seed_17/bandpass_n20005_cRA_V1_electrode_s5.npz,76315,65b761f7d09db1cb04e4315a0614a0ea94d4e7e1e45402adbcfd8004d6ddd5ed
resnet,electrode,17,bandpass_n20005_cRA_V1_electrode_s0,phase2/results/predictions/full/electrode/resnet/seed_17/bandpass_n20005_cRA_V1_electrode_s0.npz,76108,4cdf2f42b1a25593d66113a3cb43fc39cd45a237751cff72efc9e65442186e5f
resnet,electrode,17,bandpass_n20005_cRA_V1_covariance_s20,phase2/results/predictions/full/electrode/resnet/seed_17/bandpass_n20005_cRA_V1_covariance_s20.npz,76582,f78c20d04093bea0a2477b089b4bbb0f3cb2dd3b68e4ff84915903ffe773c954
resnet,electrode,17,bandpass_n20005_cRA_V1_covariance_s15,phase2/results/predictions/full/electrode/resnet/seed_17/bandpass_n20005_cRA_V1_covariance_s15.npz,76525,3d241c6f045aba4544217dc2f35f8f2bb232fd8a194ea2b6ca0604bad21543cb
resnet,electrode,17,bandpass_n20005_cRA_V1_covariance_s10,phase2/results/predictions/full/electrode/resnet/seed_17/bandpass_n20005_cRA_V1_covariance_s10.npz,76444,31155320c56613b0ae87849948ed060d34eecdb0bc9edfe6049caf97e4cded92
resnet,electrode,17,bandpass_n20005_cRA_V1_covariance_s5,phase2/results/predictions/full/electrode/resnet/seed_17/bandpass_n20005_cRA_V1_covariance_s5.npz,76305,8e98a0cfb6588bbc54ff18cc4def2e8b30cfffc08a3c2fd336e204962bba2db2
resnet,electrode,17,bandpass_n20005_cRA_V1_covariance_s0,phase2/results/predictions/full/electrode/resnet/seed_17/bandpass_n20005_cRA_V1_covariance_s0.npz,76121,4ad029b498da9c880b90541334b4eb01e38a2f6f5962e92c2aab5af33d96259c
resnet,electrode,17,bandpass_n20005_cLA_V6_independent_rms_s20,phase2/results/predictions/full/electrode/resnet/seed_17/bandpass_n20005_cLA_V6_independent_rms_s20.npz,76594,24293dba5ef10e45fca0bd3f94765f4c5a7299f50f964dc5c0441dad917fb981
resnet,electrode,17,bandpass_n20005_cLA_V6_independent_rms_s15,phase2/results/predictions/full/electrode/resnet/seed_17/bandpass_n20005_cLA_V6_independent_rms_s15.npz,76608,420a82f68eb9d219039a02412d078c56e1475a0954fcf282d5975bd8acac2c4e
resnet,electrode,17,bandpass_n20005_cLA_V6_independent_rms_s10,phase2/results/predictions/full/electrode/resnet/seed_17/bandpass_n20005_cLA_V6_independent_rms_s10.npz,76558,0fb79b622c293b6c6f49bcebb5a171360e2841d9bd68e9b8e7e3f20527b3c898
resnet,electrode,17,bandpass_n20005_cLA_V6_independent_rms_s5,phase2/results/predictions/full/electrode/resnet/seed_17/bandpass_n20005_cLA_V6_independent_rms_s5.npz,76404,603c9853df1f19c62aceeddeb27e597ec081fa933af357b5cf40f133e5dd2610
resnet,electrode,17,bandpass_n20005_cLA_V6_independent_rms_s0,phase2/results/predictions/full/electrode/resnet/seed_17/bandpass_n20005_cLA_V6_independent_rms_s0.npz,76171,ad759c700af44b753f01bbc8f38e72c5330aed09aa86b55004bcc2ace3ccde96
resnet,electrode,17,bandpass_n20005_cLA_V6_electrode_s20,phase2/results/predictions/full/electrode/resnet/seed_17/bandpass_n20005_cLA_V6_electrode_s20.npz,76616,2e72ed93caf10faddb59de870df4d8ebc0558efc608ccea356299a90945ba0f1
resnet,electrode,17,bandpass_n20005_cLA_V6_electrode_s15,phase2/results/predictions/full/electrode/resnet/seed_17/bandpass_n20005_cLA_V6_electrode_s15.npz,76591,0618e371ec3c4d26aa1fb8b236ab061348e0c5354bf2516d2b9a3fae014fd214
resnet,electrode,17,bandpass_n20005_cLA_V6_electrode_s10,phase2/results/predictions/full/electrode/resnet/seed_17/bandpass_n20005_cLA_V6_electrode_s10.npz,76525,ab456d92fc67143e5b90225878de4df485a15c374446c8450ef6ed1697115d18
resnet,electrode,17,bandpass_n20005_cLA_V6_electrode_s5,phase2/results/predictions/full/electrode/resnet/seed_17/bandpass_n20005_cLA_V6_electrode_s5.npz,76362,82baad58bfe435dc53e1d0aa3d6a584a6fcec4e2f75b0d0a50b70109d2f277c7
resnet,electrode,17,bandpass_n20005_cLA_V6_electrode_s0,phase2/results/predictions/full/electrode/resnet/seed_17/bandpass_n20005_cLA_V6_electrode_s0.npz,75984,7a03ae4e0458c3a3277c7ecd53f65dc2a97a6d53e50f4adb6b60fb07f788a022
resnet,electrode,17,bandpass_n20005_cLA_V6_covariance_s20,phase2/results/predictions/full/electrode/resnet/seed_17/bandpass_n20005_cLA_V6_covariance_s20.npz,76582,91a7a10daa5b4214b2d2059373ed3ac784c083b2a9e63633dbb186fcb666944c
resnet,electrode,17,bandpass_n20005_cLA_V6_covariance_s15,phase2/results/predictions/full/electrode/resnet/seed_17/bandpass_n20005_cLA_V6_covariance_s15.npz,76603,2baad9f856b3ec37c5fcc81226f0fe06aefa772c1804b0b41363896fc59380bd
resnet,electrode,17,bandpass_n20005_cLA_V6_covariance_s10,phase2/results/predictions/full/electrode/resnet/seed_17/bandpass_n20005_cLA_V6_covariance_s10.npz,76543,6a959e47df803aa2dca0d0d15fa41bcf7dde47ed1d3a1a3b634c185fd27c1633
resnet,electrode,17,bandpass_n20005_cLA_V6_covariance_s5,phase2/results/predictions/full/electrode/resnet/seed_17/bandpass_n20005_cLA_V6_covariance_s5.npz,76351,89dc8023414e5162612e7d15fedcf705c0ed6f0c2c96199240fbb3b767e8faa1
resnet,electrode,17,bandpass_n20005_cLA_V6_covariance_s0,phase2/results/predictions/full/electrode/resnet/seed_17/bandpass_n20005_cLA_V6_covariance_s0.npz,75973,3036edd4d1714481894ac4d512b731e0d820b34c559a7c07be3d263eecadac1c
resnet,electrode,17,bandpass_n20005_cLL_V4_independent_rms_s20,phase2/results/predictions/full/electrode/resnet/seed_17/bandpass_n20005_cLL_V4_independent_rms_s20.npz,76625,71513227a907e1222c93799dc751a437ebba11016920c85690192458ae5b95fe
resnet,electrode,17,bandpass_n20005_cLL_V4_independent_rms_s15,phase2/results/predictions/full/electrode/resnet/seed_17/bandpass_n20005_cLL_V4_independent_rms_s15.npz,76600,a20c4e7fcd4bab9d96666a1010f0d9e2dcead4234e75b076b127436b0a10d1a5
resnet,electrode,17,bandpass_n20005_cLL_V4_independent_rms_s10,phase2/results/predictions/full/electrode/resnet/seed_17/bandpass_n20005_cLL_V4_independent_rms_s10.npz,76559,ff5e02764240b003cb49981706d26516e28d20101ebfa25b78b9be9fbc99ae47
resnet,electrode,17,bandpass_n20005_cLL_V4_independent_rms_s5,phase2/results/predictions/full/electrode/resnet/seed_17/bandpass_n20005_cLL_V4_independent_rms_s5.npz,76410,d64b1a662c16cbb8176a3f67d918733bd7b16c8a28e58b98970e1d7c407454a7
resnet,electrode,17,bandpass_n20005_cLL_V4_independent_rms_s0,phase2/results/predictions/full/electrode/resnet/seed_17/bandpass_n20005_cLL_V4_independent_rms_s0.npz,76161,8463b4d0e5b39876f5521f904df12d549d2a1cafc55507f614c744f7656eaa2d
resnet,electrode,17,bandpass_n20005_cLL_V4_electrode_s20,phase2/results/predictions/full/electrode/resnet/seed_17/bandpass_n20005_cLL_V4_electrode_s20.npz,76565,8b015df81b79614ee95cd8d9a3b193e819ac49673cac33843a66eb014c6de050
resnet,electrode,17,bandpass_n20005_cLL_V4_electrode_s15,phase2/results/predictions/full/electrode/resnet/seed_17/bandpass_n20005_cLL_V4_electrode_s15.npz,76569,ff84c25c02d8bb6127d51ea99f54f462095c6234f002bb372ec653b8f71a7c5b
resnet,electrode,17,bandpass_n20005_cLL_V4_electrode_s10,phase2/results/predictions/full/electrode/resnet/seed_17/bandpass_n20005_cLL_V4_electrode_s10.npz,76480,a6c9dde8ce0a3665b731e329ad4eaba7cfcb5c41370234b659bf12ae7ec05a02
resnet,electrode,17,bandpass_n20005_cLL_V4_electrode_s5,phase2/results/predictions/full/electrode/resnet/seed_17/bandpass_n20005_cLL_V4_electrode_s5.npz,76293,d3ffa1a51ef1ce7370516fad66352e7ecf8cdf0a5467872c078385bb04aea9f4
resnet,electrode,17,bandpass_n20005_cLL_V4_electrode_s0,phase2/results/predictions/full/electrode/resnet/seed_17/bandpass_n20005_cLL_V4_electrode_s0.npz,75953,53f815e028856aaa786a94e50fe2d5c509013519338252a59de58f3040b5b26a
resnet,electrode,17,bandpass_n20005_cLL_V4_covariance_s20,phase2/results/predictions/full/electrode/resnet/seed_17/bandpass_n20005_cLL_V4_covariance_s20.npz,76531,4efe3f955f401062993b489747d3d2bdd879f2fd5751c567356e49bcb9a97adc
resnet,electrode,17,bandpass_n20005_cLL_V4_covariance_s15,phase2/results/predictions/full/electrode/resnet/seed_17/bandpass_n20005_cLL_V4_covariance_s15.npz,76573,5ade3f9dab0cdec241b80a571c07f78800b77ab04b23c156284d812e0c78d7a2
resnet,electrode,17,bandpass_n20005_cLL_V4_covariance_s10,phase2/results/predictions/full/electrode/resnet/seed_17/bandpass_n20005_cLL_V4_covariance_s10.npz,76478,bd6a942b14deb2ef8b0d8635febe64e33ef40e17ff5d0d5e38bd017c9bc33552
resnet,electrode,17,bandpass_n20005_cLL_V4_covariance_s5,phase2/results/predictions/full/electrode/resnet/seed_17/bandpass_n20005_cLL_V4_covariance_s5.npz,76297,6ff2798292e2c1ba06a11176112bc4acd3a3277ece54e5c106ada446be13dc5c
resnet,electrode,17,bandpass_n20005_cLL_V4_covariance_s0,phase2/results/predictions/full/electrode/resnet/seed_17/bandpass_n20005_cLL_V4_covariance_s0.npz,75944,c58f1cd079d2320a8a6fdbe488addc4c2870c011f548e5700d8678daf408ad40
resnet,electrode,17,bandpass_n20005_cRA_LA_V1_V6_independent_rms_s20,phase2/results/predictions/full/electrode/resnet/seed_17/bandpass_n20005_cRA_LA_V1_V6_independent_rms_s20.npz,76590,19eca9a545f696ef040f84d4260fce0dab2616c45b04e48b158a201dc3d83b20
resnet,electrode,17,bandpass_n20005_cRA_LA_V1_V6_independent_rms_s15,phase2/results/predictions/full/electrode/resnet/seed_17/bandpass_n20005_cRA_LA_V1_V6_independent_rms_s15.npz,76605,f87c61d0abe75793f24c4db74987b72bfd37b096c33ddda62032aaf6557f7968
resnet,electrode,17,bandpass_n20005_cRA_LA_V1_V6_independent_rms_s10,phase2/results/predictions/full/electrode/resnet/seed_17/bandpass_n20005_cRA_LA_V1_V6_independent_rms_s10.npz,76553,011b8d754aea534b46731cd3a51ec5bbeea3821708776868a9f2d4f3240f2c6d
resnet,electrode,17,bandpass_n20005_cRA_LA_V1_V6_independent_rms_s5,phase2/results/predictions/full/electrode/resnet/seed_17/bandpass_n20005_cRA_LA_V1_V6_independent_rms_s5.npz,76398,672ddf8189ee55ddba828182d63d72e182fdd645682b20c9622db227bccc295c
resnet,electrode,17,bandpass_n20005_cRA_LA_V1_V6_independent_rms_s0,phase2/results/predictions/full/electrode/resnet/seed_17/bandpass_n20005_cRA_LA_V1_V6_independent_rms_s0.npz,76164,760132fa3880da53b73167209095e4be27bb343ec71f88da2e5c0e2ac8ec373a
resnet,electrode,17,bandpass_n20005_cRA_LA_V1_V6_electrode_s20,phase2/results/predictions/full/electrode/resnet/seed_17/bandpass_n20005_cRA_LA_V1_V6_electrode_s20.npz,76600,3d6404800d8af6fc732fb918a3e82180488a11341875b7f94e981d94f0750878
resnet,electrode,17,bandpass_n20005_cRA_LA_V1_V6_electrode_s15,phase2/results/predictions/full/electrode/resnet/seed_17/bandpass_n20005_cRA_LA_V1_V6_electrode_s15.npz,76539,ab328eca49be2fb822fb27a084be0c6a3cdbd472ad5a646a83b60652f73a229f
resnet,electrode,17,bandpass_n20005_cRA_LA_V1_V6_electrode_s10,phase2/results/predictions/full/electrode/resnet/seed_17/bandpass_n20005_cRA_LA_V1_V6_electrode_s10.npz,76532,64207b0d9238509d30ab7a58eb04d2199586862b106e009541b2b8ec81d3978e
resnet,electrode,17,bandpass_n20005_cRA_LA_V1_V6_electrode_s5,phase2/results/predictions/full/electrode/resnet/seed_17/bandpass_n20005_cRA_LA_V1_V6_electrode_s5.npz,76333,cc4bc31bdca1fe2c73889b53b581b6698139759f475dc0d1841e43ec130d056a
resnet,electrode,17,bandpass_n20005_cRA_LA_V1_V6_electrode_s0,phase2/results/predictions/full/electrode/resnet/seed_17/bandpass_n20005_cRA_LA_V1_V6_electrode_s0.npz,76047,517e65b3c5829ec8b80b16e4a5167636cfee411b3512277bb6eb00ef47c72544
resnet,electrode,17,bandpass_n20005_cRA_LA_V1_V6_covariance_s20,phase2/results/predictions/full/electrode/resnet/seed_17/bandpass_n20005_cRA_LA_V1_V6_covariance_s20.npz,76623,3f83f1e40990a81629d7ee56dfe32c60d2de7e15e3c431a8a3fea5fc7054aa0b
resnet,electrode,17,bandpass_n20005_cRA_LA_V1_V6_covariance_s15,phase2/results/predictions/full/electrode/resnet/seed_17/bandpass_n20005_cRA_LA_V1_V6_covariance_s15.npz,76563,3c983bd4638d6e325e3559b70f42132aecb7726259cddbb783da8d8386882278
resnet,electrode,17,bandpass_n20005_cRA_LA_V1_V6_covariance_s10,phase2/results/predictions/full/electrode/resnet/seed_17/bandpass_n20005_cRA_LA_V1_V6_covariance_s10.npz,76511,379a4f629e5161d0f39d0a016b4fb028ab9010ed6998641fd59730650dd7dce3
resnet,electrode,17,bandpass_n20005_cRA_LA_V1_V6_covariance_s5,phase2/results/predictions/full/electrode/resnet/seed_17/bandpass_n20005_cRA_LA_V1_V6_covariance_s5.npz,76342,2fa41154b973b77414981c1fdb7de5b69b864b5b8d41083616bbd62b4beaefb2
resnet,electrode,17,bandpass_n20005_cRA_LA_V1_V6_covariance_s0,phase2/results/predictions/full/electrode/resnet/seed_17/bandpass_n20005_cRA_LA_V1_V6_covariance_s0.npz,76041,730d72ec50899c92e5638b4965dd67691d3a5b4685214069eda1f54745a2f5e9
resnet,electrode,17,bandpass_n20005_cRA_V2_V5_independent_rms_s20,phase2/results/predictions/full/electrode/resnet/seed_17/bandpass_n20005_cRA_V2_V5_independent_rms_s20.npz,76617,0071f797e449018dd9ab413622278d8513c85559fa7c13249fc82a7ce0b84086
resnet,electrode,17,bandpass_n20005_cRA_V2_V5_independent_rms_s15,phase2/results/predictions/full/electrode/resnet/seed_17/bandpass_n20005_cRA_V2_V5_independent_rms_s15.npz,76599,5e3be9b9d553836ded79b116b58d84539f6d3d28e4d8d6e5abf863d80fd6a0c1
resnet,electrode,17,bandpass_n20005_cRA_V2_V5_independent_rms_s10,phase2/results/predictions/full/electrode/resnet/seed_17/bandpass_n20005_cRA_V2_V5_independent_rms_s10.npz,76515,30af8d3e5bc1a1149c95a7ad5dddb41160fee6e7887b1fc1c47647ae7e75d00d
resnet,electrode,17,bandpass_n20005_cRA_V2_V5_independent_rms_s5,phase2/results/predictions/full/electrode/resnet/seed_17/bandpass_n20005_cRA_V2_V5_independent_rms_s5.npz,76439,774f3f7a47aea3ba3d41035cee47b05b5c12df13843bb0172dea97d74f0d86b6
resnet,electrode,17,bandpass_n20005_cRA_V2_V5_independent_rms_s0,phase2/results/predictions/full/electrode/resnet/seed_17/bandpass_n20005_cRA_V2_V5_independent_rms_s0.npz,76201,494d741fef3e74c80c3e5b493b2762476ba5e09699c369788a6deb4e9467453a
resnet,electrode,17,bandpass_n20005_cRA_V2_V5_electrode_s20,phase2/results/predictions/full/electrode/resnet/seed_17/bandpass_n20005_cRA_V2_V5_electrode_s20.npz,76578,5eb24b59e644010daf4498c36a6bda5db966046701c35c6e8249030d728ae0d7
resnet,electrode,17,bandpass_n20005_cRA_V2_V5_electrode_s15,phase2/results/predictions/full/electrode/resnet/seed_17/bandpass_n20005_cRA_V2_V5_electrode_s15.npz,76572,3bf59c4ad66a0b457c8a4131af094de180b4394c098671118a265fe6271dc335
resnet,electrode,17,bandpass_n20005_cRA_V2_V5_electrode_s10,phase2/results/predictions/full/electrode/resnet/seed_17/bandpass_n20005_cRA_V2_V5_electrode_s10.npz,76484,a161cf85f4b8e2234943c7c2283c81d2567e80d912484d50fb572f67893baa86
resnet,electrode,17,bandpass_n20005_cRA_V2_V5_electrode_s5,phase2/results/predictions/full/electrode/resnet/seed_17/bandpass_n20005_cRA_V2_V5_electrode_s5.npz,76342,04e01aee8d0148713cf06c313f69fe799159f9ceebf911c2d1230734eac85e42
resnet,electrode,17,bandpass_n20005_cRA_V2_V5_electrode_s0,phase2/results/predictions/full/electrode/resnet/seed_17/bandpass_n20005_cRA_V2_V5_electrode_s0.npz,76111,ec1d5b62f4e2b36828cb9e9390253f2d6ede1c43483e1498df22956a2d65c286
resnet,electrode,17,bandpass_n20005_cRA_V2_V5_covariance_s20,phase2/results/predictions/full/electrode/resnet/seed_17/bandpass_n20005_cRA_V2_V5_covariance_s20.npz,76592,aa45b0bf98901753d376dab8942aa2607296bc86431d22b1f4101c371760a7e3
resnet,electrode,17,bandpass_n20005_cRA_V2_V5_covariance_s15,phase2/results/predictions/full/electrode/resnet/seed_17/bandpass_n20005_cRA_V2_V5_covariance_s15.npz,76537,4560afaf263e1d35422779bf62eaa852e653d900cc03e5c1290da9a8592f42a4
resnet,electrode,17,bandpass_n20005_cRA_V2_V5_covariance_s10,phase2/results/predictions/full/electrode/resnet/seed_17/bandpass_n20005_cRA_V2_V5_covariance_s10.npz,76523,7a050140d9ec39a07636470e116b30b53a426622861e7932d3d2d98bcc077ed5
resnet,electrode,17,bandpass_n20005_cRA_V2_V5_covariance_s5,phase2/results/predictions/full/electrode/resnet/seed_17/bandpass_n20005_cRA_V2_V5_covariance_s5.npz,76346,ce28b9b7bbda2063a2ee6e1da0a1bcde7eac8622011775f8d6b3c9d0d8c223f4
resnet,electrode,17,bandpass_n20005_cRA_V2_V5_covariance_s0,phase2/results/predictions/full/electrode/resnet/seed_17/bandpass_n20005_cRA_V2_V5_covariance_s0.npz,76121,1b75605038cb5172af283d3b0ba7b5b12c8cf097ddcd44fafd4392d46248f3de
resnet,electrode,17,bandpass_n20005_cLA_V3_V6_independent_rms_s20,phase2/results/predictions/full/electrode/resnet/seed_17/bandpass_n20005_cLA_V3_V6_independent_rms_s20.npz,76616,2b55031660f531d62448cf440da29d81757aebe26ed5466ae6bb90d3a2c6c9eb
resnet,electrode,17,bandpass_n20005_cLA_V3_V6_independent_rms_s15,phase2/results/predictions/full/electrode/resnet/seed_17/bandpass_n20005_cLA_V3_V6_independent_rms_s15.npz,76571,a7c10b90f85a6958125a0e640893c7c3b5d5cc2df7b77d1adbd28fa7a5a5e625
resnet,electrode,17,bandpass_n20005_cLA_V3_V6_independent_rms_s10,phase2/results/predictions/full/electrode/resnet/seed_17/bandpass_n20005_cLA_V3_V6_independent_rms_s10.npz,76554,07c155ffd1bcaaebc957f3bfd935f28652e45646717279dbfce21b944f9cacb3
resnet,electrode,17,bandpass_n20005_cLA_V3_V6_independent_rms_s5,phase2/results/predictions/full/electrode/resnet/seed_17/bandpass_n20005_cLA_V3_V6_independent_rms_s5.npz,76424,79c427762e0686e4991af30e04d4a5fb57c523ecd9b6a84fd65e31fcc84111de
resnet,electrode,17,bandpass_n20005_cLA_V3_V6_independent_rms_s0,phase2/results/predictions/full/electrode/resnet/seed_17/bandpass_n20005_cLA_V3_V6_independent_rms_s0.npz,76232,5b5b8d3d765d0918458c4ecb7dc889c1667a61aa64aae7ca3c361db7fb33a5b7
resnet,electrode,17,bandpass_n20005_cLA_V3_V6_electrode_s20,phase2/results/predictions/full/electrode/resnet/seed_17/bandpass_n20005_cLA_V3_V6_electrode_s20.npz,76617,f876e9872d15339179814d6e874e4cdf6ac2740c92474c444773ba4fb9244b2d
resnet,electrode,17,bandpass_n20005_cLA_V3_V6_electrode_s15,phase2/results/predictions/full/electrode/resnet/seed_17/bandpass_n20005_cLA_V3_V6_electrode_s15.npz,76567,9940483b7b9f18bcbaa4b1269427d72316711652ef90ea7ef3baa9f8f7293182
resnet,electrode,17,bandpass_n20005_cLA_V3_V6_electrode_s10,phase2/results/predictions/full/electrode/resnet/seed_17/bandpass_n20005_cLA_V3_V6_electrode_s10.npz,76526,22734e16c7948b89f1417e7bc0d3af0333d8a7b089c878309551f6bc75500df2
resnet,electrode,17,bandpass_n20005_cLA_V3_V6_electrode_s5,phase2/results/predictions/full/electrode/resnet/seed_17/bandpass_n20005_cLA_V3_V6_electrode_s5.npz,76335,e17bda091213a23bd59d1b4f083bd80adaea5b88433bcd71a75c2365e2adc4fc
resnet,electrode,17,bandpass_n20005_cLA_V3_V6_electrode_s0,phase2/results/predictions/full/electrode/resnet/seed_17/bandpass_n20005_cLA_V3_V6_electrode_s0.npz,76028,135123d6f1c2e5fdaf1d114c0899229cfd039b34a5a8fe0fc5840c05a00635f3
resnet,electrode,17,bandpass_n20005_cLA_V3_V6_covariance_s20,phase2/results/predictions/full/electrode/resnet/seed_17/bandpass_n20005_cLA_V3_V6_covariance_s20.npz,76560,3ee77767aacd78a33325f2045f686ee03fe54481ca2f670995f9898c99d4b03c
resnet,electrode,17,bandpass_n20005_cLA_V3_V6_covariance_s15,phase2/results/predictions/full/electrode/resnet/seed_17/bandpass_n20005_cLA_V3_V6_covariance_s15.npz,76580,743e9b95c313f31763b119dcaad8ad8e64fbab53516a48542437b3f40f9f95b4
resnet,electrode,17,bandpass_n20005_cLA_V3_V6_covariance_s10,phase2/results/predictions/full/electrode/resnet/seed_17/bandpass_n20005_cLA_V3_V6_covariance_s10.npz,76533,1209c01720d4b1bb09d838039ddacb8adacab23588951fad9663b1ee1f626b02
resnet,electrode,17,bandpass_n20005_cLA_V3_V6_covariance_s5,phase2/results/predictions/full/electrode/resnet/seed_17/bandpass_n20005_cLA_V3_V6_covariance_s5.npz,76369,a5c30a1c4c041bfe27d243779a3185514d49c3cf638c2c466116a82c7b0360a0
resnet,electrode,17,bandpass_n20005_cLA_V3_V6_covariance_s0,phase2/results/predictions/full/electrode/resnet/seed_17/bandpass_n20005_cLA_V3_V6_covariance_s0.npz,76038,e032791953598ba8b1bd76f289b2aaf7fd92c4cc5fe1c6480e3d5ae5be059a12
resnet,electrode,17,bandpass_n20005_cLL_V1_V4_independent_rms_s20,phase2/results/predictions/full/electrode/resnet/seed_17/bandpass_n20005_cLL_V1_V4_independent_rms_s20.npz,76602,86dcb95d9f0bf048de8e4371fc17c2088c1ad2a78fe79c3dba144bc168e847c7
resnet,electrode,17,bandpass_n20005_cLL_V1_V4_independent_rms_s15,phase2/results/predictions/full/electrode/resnet/seed_17/bandpass_n20005_cLL_V1_V4_independent_rms_s15.npz,76590,72aea79ff8d656bc63d54e79da8ef3a73c919731659cb219136546f30b46b71b
resnet,electrode,17,bandpass_n20005_cLL_V1_V4_independent_rms_s10,phase2/results/predictions/full/electrode/resnet/seed_17/bandpass_n20005_cLL_V1_V4_independent_rms_s10.npz,76536,2e0a1321b79d5e2b806edce392a874b475c574328de83fc59004fe3b9c172e01
resnet,electrode,17,bandpass_n20005_cLL_V1_V4_independent_rms_s5,phase2/results/predictions/full/electrode/resnet/seed_17/bandpass_n20005_cLL_V1_V4_independent_rms_s5.npz,76399,e7054b8275cc946fa68bbadc107287936c52f79a1098cb26008bdbc185c51efd
resnet,electrode,17,bandpass_n20005_cLL_V1_V4_independent_rms_s0,phase2/results/predictions/full/electrode/resnet/seed_17/bandpass_n20005_cLL_V1_V4_independent_rms_s0.npz,76140,4085e94e000388891c2a33821a00c515eb61d3d5cb0b0279a28e8fca33e8e5bf
resnet,electrode,17,bandpass_n20005_cLL_V1_V4_electrode_s20,phase2/results/predictions/full/electrode/resnet/seed_17/bandpass_n20005_cLL_V1_V4_electrode_s20.npz,76574,c57b722ff7f8a0ff36a048ba0cc6b2051d0b444659f03ca1d8d08df39573769f
resnet,electrode,17,bandpass_n20005_cLL_V1_V4_electrode_s15,phase2/results/predictions/full/electrode/resnet/seed_17/bandpass_n20005_cLL_V1_V4_electrode_s15.npz,76553,9832377a785c2d80e28a4ee73bebd57133ea8f0c7d926f3163b5a196b4fd8d1e
resnet,electrode,17,bandpass_n20005_cLL_V1_V4_electrode_s10,phase2/results/predictions/full/electrode/resnet/seed_17/bandpass_n20005_cLL_V1_V4_electrode_s10.npz,76505,032e07b8059bbb9504aae703515f1a59194ecd12984c977f11203a3aef4b187b
resnet,electrode,17,bandpass_n20005_cLL_V1_V4_electrode_s5,phase2/results/predictions/full/electrode/resnet/seed_17/bandpass_n20005_cLL_V1_V4_electrode_s5.npz,76290,0923957167fdc28f4ab4c539b94b6cbad0a1f244c0efc137ce3970f468c22baf
resnet,electrode,17,bandpass_n20005_cLL_V1_V4_electrode_s0,phase2/results/predictions/full/electrode/resnet/seed_17/bandpass_n20005_cLL_V1_V4_electrode_s0.npz,75971,dd09d20afa40c0eafe13f7cc5c346c50b8501d9df817c4031ec7c2aa67ac6d31
resnet,electrode,17,bandpass_n20005_cLL_V1_V4_covariance_s20,phase2/results/predictions/full/electrode/resnet/seed_17/bandpass_n20005_cLL_V1_V4_covariance_s20.npz,76606,503b46d5af469c16f2137562e8e2c198466c8e69133bdbc9d5a73b2d17ba9987
resnet,electrode,17,bandpass_n20005_cLL_V1_V4_covariance_s15,phase2/results/predictions/full/electrode/resnet/seed_17/bandpass_n20005_cLL_V1_V4_covariance_s15.npz,76560,5a68ffa88791889136a43c19a3cbfb29194276d58e15c33c2a0a3c9de152c5b2
resnet,electrode,17,bandpass_n20005_cLL_V1_V4_covariance_s10,phase2/results/predictions/full/electrode/resnet/seed_17/bandpass_n20005_cLL_V1_V4_covariance_s10.npz,76508,3f14f767b95d58554a152dc4d0e0e0cc5f6aef1796f27788a2b5198110e75c71
resnet,electrode,17,bandpass_n20005_cLL_V1_V4_covariance_s5,phase2/results/predictions/full/electrode/resnet/seed_17/bandpass_n20005_cLL_V1_V4_covariance_s5.npz,76331,fe91b6ae0533ad3041740b34186d94a0bd1d647eaf5130315725c7cd2604f1f7
resnet,electrode,17,bandpass_n20005_cLL_V1_V4_covariance_s0,phase2/results/predictions/full/electrode/resnet/seed_17/bandpass_n20005_cLL_V1_V4_covariance_s0.npz,75979,fdc599c429681918a5c91d134c967faf888159fe508f5c84f9e8d55a2365871d
resnet,electrode,17,bandpass_n20005_call_independent_rms_s20,phase2/results/predictions/full/electrode/resnet/seed_17/bandpass_n20005_call_independent_rms_s20.npz,76559,91cedfb9f5dcb52be584e5405818ac2c598fa90b5ab7a794aa6735553d882610
resnet,electrode,17,bandpass_n20005_call_independent_rms_s15,phase2/results/predictions/full/electrode/resnet/seed_17/bandpass_n20005_call_independent_rms_s15.npz,76564,44e959835f8f402ffbc33dfac0dd3055bde3ac35a3dd8dff3a73752ead8c0b90
resnet,electrode,17,bandpass_n20005_call_independent_rms_s10,phase2/results/predictions/full/electrode/resnet/seed_17/bandpass_n20005_call_independent_rms_s10.npz,76532,ce5a76f7ee5b66ae70421c4cafeb1bb2be9effe85872d4ca468ec7ef446ad20b
resnet,electrode,17,bandpass_n20005_call_independent_rms_s5,phase2/results/predictions/full/electrode/resnet/seed_17/bandpass_n20005_call_independent_rms_s5.npz,76372,a8d5c5ef50925d08a9703a8eee4cd7264d1d2187e613b292275ca519bb5a0b56
resnet,electrode,17,bandpass_n20005_call_independent_rms_s0,phase2/results/predictions/full/electrode/resnet/seed_17/bandpass_n20005_call_independent_rms_s0.npz,76141,c84aa9b8e83d38e342fd55b107c1ea30fa29f31eda92f17144ec3b3e0867e92f
resnet,electrode,17,bandpass_n20005_call_electrode_s20,phase2/results/predictions/full/electrode/resnet/seed_17/bandpass_n20005_call_electrode_s20.npz,76546,5d3da7278baa87d4ca352429f926fd0600a756756c1e4c3d178ac1289d53225c
resnet,electrode,17,bandpass_n20005_call_electrode_s15,phase2/results/predictions/full/electrode/resnet/seed_17/bandpass_n20005_call_electrode_s15.npz,76559,ac20e1407c07bc746c7d5ea7e93b0c943d7d080780ce55e5bcb4859e2a923dab
resnet,electrode,17,bandpass_n20005_call_electrode_s10,phase2/results/predictions/full/electrode/resnet/seed_17/bandpass_n20005_call_electrode_s10.npz,76473,b60b76176122234e02a0692479d6119fd5ddc20c3aef36e29052b04ae6d26ae2
resnet,electrode,17,bandpass_n20005_call_electrode_s5,phase2/results/predictions/full/electrode/resnet/seed_17/bandpass_n20005_call_electrode_s5.npz,76310,77e5a85d4af52c56e1b6d5b627d951da68fd58e394afb950023332b9f49e2edf
resnet,electrode,17,bandpass_n20005_call_electrode_s0,phase2/results/predictions/full/electrode/resnet/seed_17/bandpass_n20005_call_electrode_s0.npz,76033,6a5f247f179f8fef752bc14ea67946f056200be2885c373a5c976cede1cbbcd8
resnet,electrode,17,bandpass_n20005_call_covariance_s20,phase2/results/predictions/full/electrode/resnet/seed_17/bandpass_n20005_call_covariance_s20.npz,76570,33e25c12f583e4da093a2cc37a70b9781904970d683445fda625156f62399d67
resnet,electrode,17,bandpass_n20005_call_covariance_s15,phase2/results/predictions/full/electrode/resnet/seed_17/bandpass_n20005_call_covariance_s15.npz,76544,051357e2f0b6fecafe73e173aadae1e4110db96c9d61ba64a06dc2cf7fa8c641
resnet,electrode,17,bandpass_n20005_call_covariance_s10,phase2/results/predictions/full/electrode/resnet/seed_17/bandpass_n20005_call_covariance_s10.npz,76509,5691285563d1dcfc01ae01c58cb45ae2153aa13089d4eda1fa631da4285de117
resnet,electrode,17,bandpass_n20005_call_covariance_s5,phase2/results/predictions/full/electrode/resnet/seed_17/bandpass_n20005_call_covariance_s5.npz,76270,1b1125abf3cef4fc89039b7ffac860280218ceadeba7e33719a1d58b4ee67e87
resnet,electrode,17,bandpass_n20005_call_covariance_s0,phase2/results/predictions/full/electrode/resnet/seed_17/bandpass_n20005_call_covariance_s0.npz,76013,80041c8d01827b6498737875625c257cbc81d62841e6aa2d7c8873083cffac7c
resnet,electrode,17,bw_n20001_call_independent_rms_s20,phase2/results/predictions/full/electrode/resnet/seed_17/bw_n20001_call_independent_rms_s20.npz,76563,8c99413620d1afa1f05fe346093e47f37e145c39ea6ac22ee6577ffe48c18b33
resnet,electrode,17,bw_n20001_call_independent_rms_s10,phase2/results/predictions/full/electrode/resnet/seed_17/bw_n20001_call_independent_rms_s10.npz,76541,d1fba9b965b5647ed80ebcd2a89227ad286e49dabece234e1df15f64b1a47e79
resnet,electrode,17,bw_n20001_call_independent_rms_s0,phase2/results/predictions/full/electrode/resnet/seed_17/bw_n20001_call_independent_rms_s0.npz,76377,8d7ca218df569948d98da0d5e7cf738ba496b6a9fb57feb03691f8cfe8f0832b
resnet,electrode,17,bw_n20001_call_electrode_s20,phase2/results/predictions/full/electrode/resnet/seed_17/bw_n20001_call_electrode_s20.npz,76544,09434b22769815edf3ec8ad0d995d3ba84f0592ea90a571806a912fa1da7bc35
resnet,electrode,17,bw_n20001_call_electrode_s10,phase2/results/predictions/full/electrode/resnet/seed_17/bw_n20001_call_electrode_s10.npz,76538,f6d24d1ccbe52a67fba50a66cf743f8be2cbe53f9c8cba5645d787a37b670915
resnet,electrode,17,bw_n20001_call_electrode_s0,phase2/results/predictions/full/electrode/resnet/seed_17/bw_n20001_call_electrode_s0.npz,76338,0fc86a14858893102bc08fb80c1e6b73e9fc76bc9be1060e8d74385b05a53ff2
resnet,electrode,17,bw_n20001_call_covariance_s20,phase2/results/predictions/full/electrode/resnet/seed_17/bw_n20001_call_covariance_s20.npz,76547,e2f7093e884b7cefa23d1d2155e216253771dcf9f7636140f81109a1e70c65f8
resnet,electrode,17,bw_n20001_call_covariance_s10,phase2/results/predictions/full/electrode/resnet/seed_17/bw_n20001_call_covariance_s10.npz,76528,a23560345efd5d65d3eaff7ca288c5ef8c7bf1a8a236cbd362b85afc39667b5c
resnet,electrode,17,bw_n20001_call_covariance_s0,phase2/results/predictions/full/electrode/resnet/seed_17/bw_n20001_call_covariance_s0.npz,76326,9ecc2b7deb08196ffae02d60504332c378bf0335ed3e7213d1a7b012e1cd3cec
resnet,electrode,17,bw_n20002_call_independent_rms_s20,phase2/results/predictions/full/electrode/resnet/seed_17/bw_n20002_call_independent_rms_s20.npz,76571,cec8afcf147f3c7eb868eb04e1bd54239e1eaef1684532209d53a0cdff7d417e
resnet,electrode,17,bw_n20002_call_independent_rms_s10,phase2/results/predictions/full/electrode/resnet/seed_17/bw_n20002_call_independent_rms_s10.npz,76546,d35e362ae69e5862e5adf8c9a00f4e674bc14e71aba9b5f2569dbe912ce601d7
resnet,electrode,17,bw_n20002_call_independent_rms_s0,phase2/results/predictions/full/electrode/resnet/seed_17/bw_n20002_call_independent_rms_s0.npz,76343,1f35fdc25901668b753966ba4bd922c35eddb043cd292c31ca7b9f2eb1613a5f
resnet,electrode,17,bw_n20002_call_electrode_s20,phase2/results/predictions/full/electrode/resnet/seed_17/bw_n20002_call_electrode_s20.npz,76540,9c76b9039f7891832f73c59b6759a12508af74866a40a74b7ddee3d9f28e14c0
resnet,electrode,17,bw_n20002_call_electrode_s10,phase2/results/predictions/full/electrode/resnet/seed_17/bw_n20002_call_electrode_s10.npz,76544,f25de09b40e45f9879589f71a34f702779bf2d7db0b18ca5b495ffdd3569f804
resnet,electrode,17,bw_n20002_call_electrode_s0,phase2/results/predictions/full/electrode/resnet/seed_17/bw_n20002_call_electrode_s0.npz,76331,29e2138a1fee590828501f2dc19422460794bfb024df39e7a2b1f740a828ad81
resnet,electrode,17,bw_n20002_call_covariance_s20,phase2/results/predictions/full/electrode/resnet/seed_17/bw_n20002_call_covariance_s20.npz,76519,9b97a0bcc068001c819eb4022e538d7697bd63ba58e2f0f1266eceb5d45fbad8
resnet,electrode,17,bw_n20002_call_covariance_s10,phase2/results/predictions/full/electrode/resnet/seed_17/bw_n20002_call_covariance_s10.npz,76510,8c36252b7f1f96a35e8ce7620265b47665ac1892402ab0f3696c3b9411500aea
resnet,electrode,17,bw_n20002_call_covariance_s0,phase2/results/predictions/full/electrode/resnet/seed_17/bw_n20002_call_covariance_s0.npz,76343,890b885838d37f8b5938dbef44da3e288e229b65bbc7c4ec6f609b890ce30d1d
resnet,electrode,17,bw_n20003_call_independent_rms_s20,phase2/results/predictions/full/electrode/resnet/seed_17/bw_n20003_call_independent_rms_s20.npz,76567,15d086496ffce7e33f451396c869a1a9045c8a5ff7be051afd880a7282306460
resnet,electrode,17,bw_n20003_call_independent_rms_s10,phase2/results/predictions/full/electrode/resnet/seed_17/bw_n20003_call_independent_rms_s10.npz,76566,7546ac9de970b9264c3db20c3b7c9e26ec6dedafea7542f759a8e8efb441c3bc
resnet,electrode,17,bw_n20003_call_independent_rms_s0,phase2/results/predictions/full/electrode/resnet/seed_17/bw_n20003_call_independent_rms_s0.npz,76374,e6875ffcff0654fce3f250d46d10f0c77a52de9cb9df8775bddb37658f279f72
resnet,electrode,17,bw_n20003_call_electrode_s20,phase2/results/predictions/full/electrode/resnet/seed_17/bw_n20003_call_electrode_s20.npz,76529,a56f16c662723c2e2cbf2386507ea751c994f839c2de900d5531f7d854ecd4b5
resnet,electrode,17,bw_n20003_call_electrode_s10,phase2/results/predictions/full/electrode/resnet/seed_17/bw_n20003_call_electrode_s10.npz,76519,d14a51fa36a1f417b8cfe3cfa961199d5ae8451b3a812325642022c348863cfd
resnet,electrode,17,bw_n20003_call_electrode_s0,phase2/results/predictions/full/electrode/resnet/seed_17/bw_n20003_call_electrode_s0.npz,76276,75a9291ec06dac2f7d62735ab0fba8debc7b2983db147400212f7ac445e310c1
resnet,electrode,17,bw_n20003_call_covariance_s20,phase2/results/predictions/full/electrode/resnet/seed_17/bw_n20003_call_covariance_s20.npz,76508,a1ffa84ef176e35d6c0739308b349e4711bc9653739e330d3e834bba56b9c606
resnet,electrode,17,bw_n20003_call_covariance_s10,phase2/results/predictions/full/electrode/resnet/seed_17/bw_n20003_call_covariance_s10.npz,76533,b7f1c46ea41bfa14f910639088bcf18b63dad2d267af1207c1e4c9fe49fdd861
resnet,electrode,17,bw_n20003_call_covariance_s0,phase2/results/predictions/full/electrode/resnet/seed_17/bw_n20003_call_covariance_s0.npz,76347,aeae1c509257308174a04389681a7f03c019743a505ebacfc107c14e1097a6bd
resnet,electrode,17,bw_n20004_call_independent_rms_s20,phase2/results/predictions/full/electrode/resnet/seed_17/bw_n20004_call_independent_rms_s20.npz,76562,2dfd46c6b638da1f3440faa4380c9ee378aa3dc43d9a3d92d72e5a528ee2e564
resnet,electrode,17,bw_n20004_call_independent_rms_s10,phase2/results/predictions/full/electrode/resnet/seed_17/bw_n20004_call_independent_rms_s10.npz,76548,544bad88bd0f4461cf3f8a3128b1f529b7423b85df569859833ec8c8c05aabee
resnet,electrode,17,bw_n20004_call_independent_rms_s0,phase2/results/predictions/full/electrode/resnet/seed_17/bw_n20004_call_independent_rms_s0.npz,76391,137f3da305003af0658d6d76410e7cd3dea5f02d9da2a2976af9d0327794a439
resnet,electrode,17,bw_n20004_call_electrode_s20,phase2/results/predictions/full/electrode/resnet/seed_17/bw_n20004_call_electrode_s20.npz,76552,cfc3c77af9ab3968100fca451e66c375dc90ecc1a9ce5ad496165b5c8fc71d5d
resnet,electrode,17,bw_n20004_call_electrode_s10,phase2/results/predictions/full/electrode/resnet/seed_17/bw_n20004_call_electrode_s10.npz,76532,31ba999de3d238f77126048d03ac7e72557187d9e658de2267d468dd007ce7a2
resnet,electrode,17,bw_n20004_call_electrode_s0,phase2/results/predictions/full/electrode/resnet/seed_17/bw_n20004_call_electrode_s0.npz,76290,91b4c459d11b8be18beffb1f923dcf64309c240da58bef0e82f53fdb22448c1d
resnet,electrode,17,bw_n20004_call_covariance_s20,phase2/results/predictions/full/electrode/resnet/seed_17/bw_n20004_call_covariance_s20.npz,76560,870d6db0e640f6c5153643d109b5fa1753b1e47b4166be503b2a726ffa1b63e8
resnet,electrode,17,bw_n20004_call_covariance_s10,phase2/results/predictions/full/electrode/resnet/seed_17/bw_n20004_call_covariance_s10.npz,76526,f4d4c005e13c4a219e2beb0189754a1fc9a2e3fd5388d4d6b379a9ef527e1792
resnet,electrode,17,bw_n20004_call_covariance_s0,phase2/results/predictions/full/electrode/resnet/seed_17/bw_n20004_call_covariance_s0.npz,76314,68f6348084e0556bef44a71c93b3eef2a39aeb451e1adc8d2ff0c4824f728f05
resnet,electrode,17,bw_n20005_call_independent_rms_s20,phase2/results/predictions/full/electrode/resnet/seed_17/bw_n20005_call_independent_rms_s20.npz,76547,614b7c2749be5d223e62acf548e009ac1bd75412ab2f839400687adca0dd3e9e
resnet,electrode,17,bw_n20005_call_independent_rms_s10,phase2/results/predictions/full/electrode/resnet/seed_17/bw_n20005_call_independent_rms_s10.npz,76565,3db9efd2456b9b6dd9d4473f661c7e30737f18bf9d514cf47badbc6ce7922fb8
resnet,electrode,17,bw_n20005_call_independent_rms_s0,phase2/results/predictions/full/electrode/resnet/seed_17/bw_n20005_call_independent_rms_s0.npz,76390,bc1fea021afa644722e641606f53bbdec6a4c313fee76bacf9f28f3a59d909d4
resnet,electrode,17,bw_n20005_call_electrode_s20,phase2/results/predictions/full/electrode/resnet/seed_17/bw_n20005_call_electrode_s20.npz,76552,6499c699f1da48bcf84d8722e63a619dc84fb6c7f502a8e65313f4aa82a04d1a
resnet,electrode,17,bw_n20005_call_electrode_s10,phase2/results/predictions/full/electrode/resnet/seed_17/bw_n20005_call_electrode_s10.npz,76502,e5e5280b8cdd1666022f6be8c7fc93552619355d1e1a026c22845664eb3349d6
resnet,electrode,17,bw_n20005_call_electrode_s0,phase2/results/predictions/full/electrode/resnet/seed_17/bw_n20005_call_electrode_s0.npz,76336,ced8a6405659e9622326e1c42434ca581a25d5b1afd587c8ae1a19d2a65203c2
resnet,electrode,17,bw_n20005_call_covariance_s20,phase2/results/predictions/full/electrode/resnet/seed_17/bw_n20005_call_covariance_s20.npz,76552,6fb958cbd76d7aadd103116541483eeb3ee67ca3a30091d31fa6ac78e325d48c
resnet,electrode,17,bw_n20005_call_covariance_s10,phase2/results/predictions/full/electrode/resnet/seed_17/bw_n20005_call_covariance_s10.npz,76557,01c5584ef29e9a61fd2ab8127e2a51e69f5908f76f813445a0f0395f752b1b4b
resnet,electrode,17,bw_n20005_call_covariance_s0,phase2/results/predictions/full/electrode/resnet/seed_17/bw_n20005_call_covariance_s0.npz,76354,7744b668a6201668d0da5369ffaf63f488d3a7387dc6e13ac9e14c8410bc0183
resnet,electrode,17,ma_n20001_call_independent_rms_s20,phase2/results/predictions/full/electrode/resnet/seed_17/ma_n20001_call_independent_rms_s20.npz,76574,211c5718d3f219ee28c260ade59a370287b8d286339734d73ad8732b04d2d645
resnet,electrode,17,ma_n20001_call_independent_rms_s10,phase2/results/predictions/full/electrode/resnet/seed_17/ma_n20001_call_independent_rms_s10.npz,76558,472daa3c4f4fa0ec3e6030a217ce13364388d38c098b5577e56689a890f89b63
resnet,electrode,17,ma_n20001_call_independent_rms_s0,phase2/results/predictions/full/electrode/resnet/seed_17/ma_n20001_call_independent_rms_s0.npz,76275,d08dbba25032e0dfa4ab5c5be4847d0e8aee5d249c98aa4efbf553d11a11e488
resnet,electrode,17,ma_n20001_call_electrode_s20,phase2/results/predictions/full/electrode/resnet/seed_17/ma_n20001_call_electrode_s20.npz,76524,5a7b1aafef2e8a94d6b3db05c5d1e8cc49800e405e682f386de553675cd115a4
resnet,electrode,17,ma_n20001_call_electrode_s10,phase2/results/predictions/full/electrode/resnet/seed_17/ma_n20001_call_electrode_s10.npz,76526,326f4fe6d8dbefe51bfabf321ca17e51d9c3649e9d096ebee748a22e320aca31
resnet,electrode,17,ma_n20001_call_electrode_s0,phase2/results/predictions/full/electrode/resnet/seed_17/ma_n20001_call_electrode_s0.npz,76267,7524026fa3b8316548e93e90e7c0f8cc2fb364fa7880cd08cba4f8950a86ce09
resnet,electrode,17,ma_n20001_call_covariance_s20,phase2/results/predictions/full/electrode/resnet/seed_17/ma_n20001_call_covariance_s20.npz,76563,677613c5a5ceb59c7536329285f3fc01bd21a9f67ac2bd5dcbbbbd9368ff0c66
resnet,electrode,17,ma_n20001_call_covariance_s10,phase2/results/predictions/full/electrode/resnet/seed_17/ma_n20001_call_covariance_s10.npz,76524,d82748d6deb27e1f41868ed66cfb0e855f5c272a6001ccf7f0942d205a7f675c
resnet,electrode,17,ma_n20001_call_covariance_s0,phase2/results/predictions/full/electrode/resnet/seed_17/ma_n20001_call_covariance_s0.npz,76305,9bfd29821e00c508fa0f7de7457936749b82e3637d27ee0bb8b8d7431b47a56c
resnet,electrode,17,ma_n20002_call_independent_rms_s20,phase2/results/predictions/full/electrode/resnet/seed_17/ma_n20002_call_independent_rms_s20.npz,76552,8b435eb1a90febdcdfc1352841e13b53c7277500e59b8b7a7e1ae0a140ac8069
resnet,electrode,17,ma_n20002_call_independent_rms_s10,phase2/results/predictions/full/electrode/resnet/seed_17/ma_n20002_call_independent_rms_s10.npz,76582,aaf67545d32e42b2d519674a247737561414abcd93e19889b5629c004880af46
resnet,electrode,17,ma_n20002_call_independent_rms_s0,phase2/results/predictions/full/electrode/resnet/seed_17/ma_n20002_call_independent_rms_s0.npz,76292,76d924d7ad37d1fc99c24e5a4cca55bac06c2e36ffe99df88b0860f2eeaf629b
resnet,electrode,17,ma_n20002_call_electrode_s20,phase2/results/predictions/full/electrode/resnet/seed_17/ma_n20002_call_electrode_s20.npz,76511,3b9846fc4c66e62930803cdbca6fee23f7294974c29a4382657411172a313092
resnet,electrode,17,ma_n20002_call_electrode_s10,phase2/results/predictions/full/electrode/resnet/seed_17/ma_n20002_call_electrode_s10.npz,76517,350b8b3f0327d3562a3e93b61182fc3a7dbf035773da39bbc2d8842cbfba4e29
resnet,electrode,17,ma_n20002_call_electrode_s0,phase2/results/predictions/full/electrode/resnet/seed_17/ma_n20002_call_electrode_s0.npz,76239,2aaeb7b05d05a41c2e71038e5668aa069dd82888eac4f6384866b25148085178
resnet,electrode,17,ma_n20002_call_covariance_s20,phase2/results/predictions/full/electrode/resnet/seed_17/ma_n20002_call_covariance_s20.npz,76542,9af76e993e5c31352dba9071a61a496289d841cf813178493d9c402ee45e9554
resnet,electrode,17,ma_n20002_call_covariance_s10,phase2/results/predictions/full/electrode/resnet/seed_17/ma_n20002_call_covariance_s10.npz,76524,27cabe4a859cd1d60a05436f3ab3b9334254951f9cd271ae1eb03eb900011c5a
resnet,electrode,17,ma_n20002_call_covariance_s0,phase2/results/predictions/full/electrode/resnet/seed_17/ma_n20002_call_covariance_s0.npz,76261,b83f72b45f8e0e0184cc72829414e6bf020c1829b98a34b77ffa4fb19936a69c
resnet,electrode,17,ma_n20003_call_independent_rms_s20,phase2/results/predictions/full/electrode/resnet/seed_17/ma_n20003_call_independent_rms_s20.npz,76596,0f3e4e1435abac1cddb95ef30bc450c6cb2d9955d847c674580d3506d92c36a1
resnet,electrode,17,ma_n20003_call_independent_rms_s10,phase2/results/predictions/full/electrode/resnet/seed_17/ma_n20003_call_independent_rms_s10.npz,76540,0ca4449c9a6fd52f98e35153b3bbe1224f90f3cb337e12ce8ac778e684dc0191
resnet,electrode,17,ma_n20003_call_independent_rms_s0,phase2/results/predictions/full/electrode/resnet/seed_17/ma_n20003_call_independent_rms_s0.npz,76313,9545d8f699392f30054e08c6a5c9cd5e0227a278cf2792de141c6cd30cf7a8b6
resnet,electrode,17,ma_n20003_call_electrode_s20,phase2/results/predictions/full/electrode/resnet/seed_17/ma_n20003_call_electrode_s20.npz,76554,5f980f94294a724132e5910fc5300c06673536bed027b7951a9a65af1f9aad9e
resnet,electrode,17,ma_n20003_call_electrode_s10,phase2/results/predictions/full/electrode/resnet/seed_17/ma_n20003_call_electrode_s10.npz,76519,75888f3338e17c01651a147212db28685935f441420d0d1555cd2d1aa2b34819
resnet,electrode,17,ma_n20003_call_electrode_s0,phase2/results/predictions/full/electrode/resnet/seed_17/ma_n20003_call_electrode_s0.npz,76257,ba04c16aba2cde6b30b10e5017bd80687e4a762edcb5514f59568dd5eea36800
resnet,electrode,17,ma_n20003_call_covariance_s20,phase2/results/predictions/full/electrode/resnet/seed_17/ma_n20003_call_covariance_s20.npz,76548,0edaaa70f82913319d530371549d89a3ef9f23f0f59ee0f1611d7d0d8af1d74b
resnet,electrode,17,ma_n20003_call_covariance_s10,phase2/results/predictions/full/electrode/resnet/seed_17/ma_n20003_call_covariance_s10.npz,76576,08af6c2098356949db673971f43f73315cf7d4be8b3122b2cf6e894cabbf7115
resnet,electrode,17,ma_n20003_call_covariance_s0,phase2/results/predictions/full/electrode/resnet/seed_17/ma_n20003_call_covariance_s0.npz,76292,f08ed4312b114e843475998c523719deb39d492b57db1637edcc56490e43cad0
resnet,electrode,17,ma_n20004_call_independent_rms_s20,phase2/results/predictions/full/electrode/resnet/seed_17/ma_n20004_call_independent_rms_s20.npz,76543,2ad390765e0f4928baa2fcca2cb2e246ddd9f343f554445a98924251d1fe7e1d
resnet,electrode,17,ma_n20004_call_independent_rms_s10,phase2/results/predictions/full/electrode/resnet/seed_17/ma_n20004_call_independent_rms_s10.npz,76543,de9710a53a206cb2fd7d142d9c8d3f4b9311e01422cb9cfb35b656050c2f971f
resnet,electrode,17,ma_n20004_call_independent_rms_s0,phase2/results/predictions/full/electrode/resnet/seed_17/ma_n20004_call_independent_rms_s0.npz,76308,e4ef5aceb28a6d0b2d1d90163d38af8b2920608d83620be2168b8e60891770c2
resnet,electrode,17,ma_n20004_call_electrode_s20,phase2/results/predictions/full/electrode/resnet/seed_17/ma_n20004_call_electrode_s20.npz,76522,4924cf93c5929a859442aa46c8b6a1a3caa550dcbdb03b1685e052e9801c76e4
resnet,electrode,17,ma_n20004_call_electrode_s10,phase2/results/predictions/full/electrode/resnet/seed_17/ma_n20004_call_electrode_s10.npz,76507,df7617d85d271bc9365ead5b5be43441ef9c725292d236facb270404e2fefdfb
resnet,electrode,17,ma_n20004_call_electrode_s0,phase2/results/predictions/full/electrode/resnet/seed_17/ma_n20004_call_electrode_s0.npz,76236,d90fdab079d45194d4541abd40487d6035a172d87d54a9a09a8a60c62889b785
resnet,electrode,17,ma_n20004_call_covariance_s20,phase2/results/predictions/full/electrode/resnet/seed_17/ma_n20004_call_covariance_s20.npz,76550,fc9cef3a220fdf306c6cf89d8547471fdd49a4e57f3875df3ffad02e7663b14f
resnet,electrode,17,ma_n20004_call_covariance_s10,phase2/results/predictions/full/electrode/resnet/seed_17/ma_n20004_call_covariance_s10.npz,76526,418eee6bdcadab6a6e7235923b723de71adf1e2ad7195d0ef2fe2b99767ae551
resnet,electrode,17,ma_n20004_call_covariance_s0,phase2/results/predictions/full/electrode/resnet/seed_17/ma_n20004_call_covariance_s0.npz,76271,0105536c2e3476371576b03316ef512f7f95cc1dc97ce5e67c2c83463b912c89
resnet,electrode,17,ma_n20005_call_independent_rms_s20,phase2/results/predictions/full/electrode/resnet/seed_17/ma_n20005_call_independent_rms_s20.npz,76569,1a21441feadbee27db17318e6b417bf37d69546567b9a5f57131de60901ef727
resnet,electrode,17,ma_n20005_call_independent_rms_s10,phase2/results/predictions/full/electrode/resnet/seed_17/ma_n20005_call_independent_rms_s10.npz,76565,4e694f2d860834fc6a27e9343b5c826cb7f306c68fd17f37c4425a1db325667e
resnet,electrode,17,ma_n20005_call_independent_rms_s0,phase2/results/predictions/full/electrode/resnet/seed_17/ma_n20005_call_independent_rms_s0.npz,76302,38785b690a1f56d5108be898476f9f3f2f7ef58c46bc58145422bbb8ce5afffe
resnet,electrode,17,ma_n20005_call_electrode_s20,phase2/results/predictions/full/electrode/resnet/seed_17/ma_n20005_call_electrode_s20.npz,76535,fbc32df59415a4010ccb89dbfdf5c48613b43777f1582a2edbeea22e21a4327c
resnet,electrode,17,ma_n20005_call_electrode_s10,phase2/results/predictions/full/electrode/resnet/seed_17/ma_n20005_call_electrode_s10.npz,76546,bdbcd63217c200edf1aa48ee73351baa79585437e782d11bf215c86b2c532c11
resnet,electrode,17,ma_n20005_call_electrode_s0,phase2/results/predictions/full/electrode/resnet/seed_17/ma_n20005_call_electrode_s0.npz,76217,b364cc282d159747734eaf56b7329c30ef0ee6de8001d0834bdbfadf551950e2
resnet,electrode,17,ma_n20005_call_covariance_s20,phase2/results/predictions/full/electrode/resnet/seed_17/ma_n20005_call_covariance_s20.npz,76575,f98e9dedacbe0eefed2c001b8bb6cd23e424936b49072c0c36ce609d71b6aa51
resnet,electrode,17,ma_n20005_call_covariance_s10,phase2/results/predictions/full/electrode/resnet/seed_17/ma_n20005_call_covariance_s10.npz,76515,4ca32aa4204d6f1914a0b10ddf35600ba7976b2d7cca46a68992dd8d02db2707
resnet,electrode,17,ma_n20005_call_covariance_s0,phase2/results/predictions/full/electrode/resnet/seed_17/ma_n20005_call_covariance_s0.npz,76299,9fc6bbfacacafd7fcdd294af2fa8fddbb28217b0b525b4e52450c1bc6766648b
resnet,electrode,17,em_n20001_call_independent_rms_s20,phase2/results/predictions/full/electrode/resnet/seed_17/em_n20001_call_independent_rms_s20.npz,76548,e9614a1500d33f50d6d437379a09e64dadcd6cc282677b663a7b7b31fe2088bc
resnet,electrode,17,em_n20001_call_independent_rms_s10,phase2/results/predictions/full/electrode/resnet/seed_17/em_n20001_call_independent_rms_s10.npz,76501,b6d1908a0797c800f0d25e9a81f8d01e7ac12377bc662e7548d0fcee5bf19ead
resnet,electrode,17,em_n20001_call_independent_rms_s0,phase2/results/predictions/full/electrode/resnet/seed_17/em_n20001_call_independent_rms_s0.npz,76143,52f23a6c2caac38e29527ada42edb8377b54b50846b04c8f66588d71acfc129d
resnet,electrode,17,em_n20001_call_electrode_s20,phase2/results/predictions/full/electrode/resnet/seed_17/em_n20001_call_electrode_s20.npz,76525,77042f93af7ed96e778017e17c34c6d63ddc244cf6b54ffa5ff6655399c0757b
resnet,electrode,17,em_n20001_call_electrode_s10,phase2/results/predictions/full/electrode/resnet/seed_17/em_n20001_call_electrode_s10.npz,76449,082dfa80631cb36322c60825e07aacf5c69b8f6dba1f04a23339cef786f4d139
resnet,electrode,17,em_n20001_call_electrode_s0,phase2/results/predictions/full/electrode/resnet/seed_17/em_n20001_call_electrode_s0.npz,75970,1e88af4b78dc2412e4c285f050c3a23783b45a5bad3799943ecd10afc39d3fd4
resnet,electrode,17,em_n20001_call_covariance_s20,phase2/results/predictions/full/electrode/resnet/seed_17/em_n20001_call_covariance_s20.npz,76537,a60fa913a9149a6ac255c4e151e763c9f1de909dfb3792d4e7cbb5440c8dfee1
resnet,electrode,17,em_n20001_call_covariance_s10,phase2/results/predictions/full/electrode/resnet/seed_17/em_n20001_call_covariance_s10.npz,76442,c57e8dd6fcd0851895504a2fb5d6393dd6019a8f174480052ece01c225bf3a94
resnet,electrode,17,em_n20001_call_covariance_s0,phase2/results/predictions/full/electrode/resnet/seed_17/em_n20001_call_covariance_s0.npz,76015,ec29d6cbd744577975ea6fe8be7e303f1fdbb81ad13a0e92b60ea66e6bbf6016
resnet,electrode,17,em_n20002_call_independent_rms_s20,phase2/results/predictions/full/electrode/resnet/seed_17/em_n20002_call_independent_rms_s20.npz,76573,f62246551bdbd08d30c8226552155af8498bd1ac2c61e81b485008f79d4ad905
resnet,electrode,17,em_n20002_call_independent_rms_s10,phase2/results/predictions/full/electrode/resnet/seed_17/em_n20002_call_independent_rms_s10.npz,76527,0757157b74f15c1e517c5b5a4659411784d58477378ffff4f6abef42810060d0
resnet,electrode,17,em_n20002_call_independent_rms_s0,phase2/results/predictions/full/electrode/resnet/seed_17/em_n20002_call_independent_rms_s0.npz,76155,e35708e2b18a32d6a25470aaa363a72bd70d73cadc83bb2673cbf662782e6f0d
resnet,electrode,17,em_n20002_call_electrode_s20,phase2/results/predictions/full/electrode/resnet/seed_17/em_n20002_call_electrode_s20.npz,76531,bebdadd51f0beb7d3ccaf5be21c5b3b6f5fb200eef654e7971f5d9371a3ce719
resnet,electrode,17,em_n20002_call_electrode_s10,phase2/results/predictions/full/electrode/resnet/seed_17/em_n20002_call_electrode_s10.npz,76463,e25b210017e7e5b40acfa177947720cebc899ac582fe9e194915fb446041356d
resnet,electrode,17,em_n20002_call_electrode_s0,phase2/results/predictions/full/electrode/resnet/seed_17/em_n20002_call_electrode_s0.npz,75976,431faf6e0f7fb529574f00fce1100c4dcf0e3347fc8708accd26ad853461128a
resnet,electrode,17,em_n20002_call_covariance_s20,phase2/results/predictions/full/electrode/resnet/seed_17/em_n20002_call_covariance_s20.npz,76511,de31ce713bf56ff2fdf79807ef489d4e11b3bcff111a632796f13b76a5a2a298
resnet,electrode,17,em_n20002_call_covariance_s10,phase2/results/predictions/full/electrode/resnet/seed_17/em_n20002_call_covariance_s10.npz,76434,da40c4b77b078a840eedbee9a49a171c1321ceee9acdb8c6a889b4a15b631c05
resnet,electrode,17,em_n20002_call_covariance_s0,phase2/results/predictions/full/electrode/resnet/seed_17/em_n20002_call_covariance_s0.npz,75988,1c9b335b03eb942ab547aca414740e6cb8c61ee1178e11572729568e416b507b
resnet,electrode,17,em_n20003_call_independent_rms_s20,phase2/results/predictions/full/electrode/resnet/seed_17/em_n20003_call_independent_rms_s20.npz,76541,f114e9ae282a772c0f74c727642fc9d9d4254bba34647f677b6432b138c61cb9
resnet,electrode,17,em_n20003_call_independent_rms_s10,phase2/results/predictions/full/electrode/resnet/seed_17/em_n20003_call_independent_rms_s10.npz,76510,31693dc2db2491c59ab3264d02e7cd27aef9108049c7f95ed9341deaeb7e25e7
resnet,electrode,17,em_n20003_call_independent_rms_s0,phase2/results/predictions/full/electrode/resnet/seed_17/em_n20003_call_independent_rms_s0.npz,76139,db3fd5a8b5e4c3389859642c50a320c23e02efc03dfbcd2e7fed6ac85d497240
resnet,electrode,17,em_n20003_call_electrode_s20,phase2/results/predictions/full/electrode/resnet/seed_17/em_n20003_call_electrode_s20.npz,76504,c75afe1c37ddba0ce965b4f621698063c34904e77847cd5a4203772679748b9b
resnet,electrode,17,em_n20003_call_electrode_s10,phase2/results/predictions/full/electrode/resnet/seed_17/em_n20003_call_electrode_s10.npz,76413,63710590f1593ee3037cead1fdcbe790776644f68b041a04615b95f7fe73337d
resnet,electrode,17,em_n20003_call_electrode_s0,phase2/results/predictions/full/electrode/resnet/seed_17/em_n20003_call_electrode_s0.npz,75966,315a1e64d8ec79ff238138efee68c9dc4c9926a00c039606ebf25fcebc3d38b1
resnet,electrode,17,em_n20003_call_covariance_s20,phase2/results/predictions/full/electrode/resnet/seed_17/em_n20003_call_covariance_s20.npz,76555,0d24084a1076ab07e269719b71b83779272921eb76997c266c5893f789d102ec
resnet,electrode,17,em_n20003_call_covariance_s10,phase2/results/predictions/full/electrode/resnet/seed_17/em_n20003_call_covariance_s10.npz,76416,db75c91a18d4c1c62405f07ef3b3874261a9f0304fd170b52b0ca3e66e475d56
resnet,electrode,17,em_n20003_call_covariance_s0,phase2/results/predictions/full/electrode/resnet/seed_17/em_n20003_call_covariance_s0.npz,75991,698232549794a552db85b7316adb814548041da0ffdb4249d8a358544d49fb29
resnet,electrode,17,em_n20004_call_independent_rms_s20,phase2/results/predictions/full/electrode/resnet/seed_17/em_n20004_call_independent_rms_s20.npz,76547,02f1daf7316d3e6f25aa4e9d0613032db0b874375ccf0924d643451c85f081f5
resnet,electrode,17,em_n20004_call_independent_rms_s10,phase2/results/predictions/full/electrode/resnet/seed_17/em_n20004_call_independent_rms_s10.npz,76479,286be07a6c927418af3c80f2b9510de5089227f88b95a137516db80f1ccb509e
resnet,electrode,17,em_n20004_call_independent_rms_s0,phase2/results/predictions/full/electrode/resnet/seed_17/em_n20004_call_independent_rms_s0.npz,76175,c852c694d35de7969265bbe6379b112635513a880eb9b986da90b0c0563fbe27
resnet,electrode,17,em_n20004_call_electrode_s20,phase2/results/predictions/full/electrode/resnet/seed_17/em_n20004_call_electrode_s20.npz,76545,15e0587cf795ca20bea7134cb2c5838410c807aba8ca5f9c3af611260308e2c3
resnet,electrode,17,em_n20004_call_electrode_s10,phase2/results/predictions/full/electrode/resnet/seed_17/em_n20004_call_electrode_s10.npz,76431,31a12935cdeaf438f64dc881e7d4822df45a8a1ae88095e0d6acebe3139578d9
resnet,electrode,17,em_n20004_call_electrode_s0,phase2/results/predictions/full/electrode/resnet/seed_17/em_n20004_call_electrode_s0.npz,76012,a7ad8620ed12843f536b091338420d0fda7da3a16019c25c85e5562d2dd266e3
resnet,electrode,17,em_n20004_call_covariance_s20,phase2/results/predictions/full/electrode/resnet/seed_17/em_n20004_call_covariance_s20.npz,76530,0ad7588fb99c504767105091882e17957ee1fce4e05f0f06fd7848de838560c3
resnet,electrode,17,em_n20004_call_covariance_s10,phase2/results/predictions/full/electrode/resnet/seed_17/em_n20004_call_covariance_s10.npz,76461,b45fcc009310810c5d905ee852843a975ba69ec3dc0fe297f3fd0d10e42291af
resnet,electrode,17,em_n20004_call_covariance_s0,phase2/results/predictions/full/electrode/resnet/seed_17/em_n20004_call_covariance_s0.npz,75999,31f64a73e5225c094eb70000d1fc9bd793e489b748126570b45a05487f711841
resnet,electrode,17,em_n20005_call_independent_rms_s20,phase2/results/predictions/full/electrode/resnet/seed_17/em_n20005_call_independent_rms_s20.npz,76529,9cebafa278005f6b685e53e73e48d917d14ec9edd323ad9829f831e52fd80db2
resnet,electrode,17,em_n20005_call_independent_rms_s10,phase2/results/predictions/full/electrode/resnet/seed_17/em_n20005_call_independent_rms_s10.npz,76500,4f5bd300bf0b9c6194d31cbe77cbe2e3337b6bfb15ba18ff48386e8336b2fb4a
resnet,electrode,17,em_n20005_call_independent_rms_s0,phase2/results/predictions/full/electrode/resnet/seed_17/em_n20005_call_independent_rms_s0.npz,76163,d473e80bd7d903a52291ac84f3a294ff49a9df30bec3cc8382c2bcb2457de528
resnet,electrode,17,em_n20005_call_electrode_s20,phase2/results/predictions/full/electrode/resnet/seed_17/em_n20005_call_electrode_s20.npz,76551,2d7cbc0521e97e525582ddc85bf586095d959bfef8d85c07ad1fddc45341eda2
resnet,electrode,17,em_n20005_call_electrode_s10,phase2/results/predictions/full/electrode/resnet/seed_17/em_n20005_call_electrode_s10.npz,76403,595927d8707cb14c5eb10ecefc485f00275a28333d969dfc2cf373916795d60f
resnet,electrode,17,em_n20005_call_electrode_s0,phase2/results/predictions/full/electrode/resnet/seed_17/em_n20005_call_electrode_s0.npz,75989,a43aa971c0da65a8059e9594351a09560dc9d2f9fc7397931d21ac3e2ebd6abf
resnet,electrode,17,em_n20005_call_covariance_s20,phase2/results/predictions/full/electrode/resnet/seed_17/em_n20005_call_covariance_s20.npz,76494,0a6edef8935de13d0295ca1c7a83a6e1666563f174542bddbecb415911cd8dee
resnet,electrode,17,em_n20005_call_covariance_s10,phase2/results/predictions/full/electrode/resnet/seed_17/em_n20005_call_covariance_s10.npz,76436,150e76327929d99c17e46f48c861c2dfe097e7e0deec0c616cabe769ce315b99
resnet,electrode,17,em_n20005_call_covariance_s0,phase2/results/predictions/full/electrode/resnet/seed_17/em_n20005_call_covariance_s0.npz,75990,57aab616eb2a1e651b6643fccc35de8050f9ccb07601032d676129c4c7cbf955
resnet,mixed,17,clean,phase2/results/predictions/full/mixed/resnet/seed_17/clean.npz,76571,68c9ac996e2d9b6847c8e3103d20852736f898cbfc5583cbde8e6c90bb939a61
resnet,mixed,17,bandpass_n20001_cRA_LA_LL_independent_rms_s20,phase2/results/predictions/full/mixed/resnet/seed_17/bandpass_n20001_cRA_LA_LL_independent_rms_s20.npz,76628,d020e0e9bd373567d8199d8503fff9edfb2d9c11b5c9afa28d18d28b3d89ed0a
resnet,mixed,17,bandpass_n20001_cRA_LA_LL_independent_rms_s15,phase2/results/predictions/full/mixed/resnet/seed_17/bandpass_n20001_cRA_LA_LL_independent_rms_s15.npz,76651,5bb5f211acb3c7971fbdc64c88c69d94e6b07612d91fd6496bbfbf20a461c0b0
resnet,mixed,17,bandpass_n20001_cRA_LA_LL_independent_rms_s10,phase2/results/predictions/full/mixed/resnet/seed_17/bandpass_n20001_cRA_LA_LL_independent_rms_s10.npz,76578,dc74eeb0f55dbefc0ddc34c6f3a7db11aee50e816b76141bee360c1d22350b7c
resnet,mixed,17,bandpass_n20001_cRA_LA_LL_independent_rms_s5,phase2/results/predictions/full/mixed/resnet/seed_17/bandpass_n20001_cRA_LA_LL_independent_rms_s5.npz,76468,c8f54daaa24aae3949f152a6d17ca1c73a9908e42c4dd11ed9b2e33adff36be4
resnet,mixed,17,bandpass_n20001_cRA_LA_LL_independent_rms_s0,phase2/results/predictions/full/mixed/resnet/seed_17/bandpass_n20001_cRA_LA_LL_independent_rms_s0.npz,76194,2f6e1b8a912ac995bb4237d2adf69c8fae1b6a23320645558904f3a2c5f88335
resnet,mixed,17,bandpass_n20001_cRA_LA_LL_electrode_s20,phase2/results/predictions/full/mixed/resnet/seed_17/bandpass_n20001_cRA_LA_LL_electrode_s20.npz,76619,41967c4dd141ef844bc67f54ba5cca4288a129ca34e4b530d1c1126c607a1349
resnet,mixed,17,bandpass_n20001_cRA_LA_LL_electrode_s15,phase2/results/predictions/full/mixed/resnet/seed_17/bandpass_n20001_cRA_LA_LL_electrode_s15.npz,76603,f8d2610e6c3b20881a2ab788c3aa8b89589d820d5b3220f79aa5a8cb04becde5
resnet,mixed,17,bandpass_n20001_cRA_LA_LL_electrode_s10,phase2/results/predictions/full/mixed/resnet/seed_17/bandpass_n20001_cRA_LA_LL_electrode_s10.npz,76506,5ed6b8a921365132f2ea48199cc5a1d2d7e0886e6e61b9bd8904e6a1d320c4df
resnet,mixed,17,bandpass_n20001_cRA_LA_LL_electrode_s5,phase2/results/predictions/full/mixed/resnet/seed_17/bandpass_n20001_cRA_LA_LL_electrode_s5.npz,76347,7049865edcd0cfc3db8d1369d33e6b74780957cd083cbbcdab200b8b0b6a8a54
resnet,mixed,17,bandpass_n20001_cRA_LA_LL_electrode_s0,phase2/results/predictions/full/mixed/resnet/seed_17/bandpass_n20001_cRA_LA_LL_electrode_s0.npz,75977,e5c0f40b274f0b98dff4b670296c3b273db355f95ae4d8fc0dc146c1a211ac93
resnet,mixed,17,bandpass_n20001_cRA_LA_LL_covariance_s20,phase2/results/predictions/full/mixed/resnet/seed_17/bandpass_n20001_cRA_LA_LL_covariance_s20.npz,76633,ee6f546c30ff1d3b126c6304cef98e76cd855e73c7fabe6c42e81e336c76f340
resnet,mixed,17,bandpass_n20001_cRA_LA_LL_covariance_s15,phase2/results/predictions/full/mixed/resnet/seed_17/bandpass_n20001_cRA_LA_LL_covariance_s15.npz,76619,33060d34384e1ce38c58e307376fad7e88e3a53c8bd64a4558b2ea7b4a8581f1
resnet,mixed,17,bandpass_n20001_cRA_LA_LL_covariance_s10,phase2/results/predictions/full/mixed/resnet/seed_17/bandpass_n20001_cRA_LA_LL_covariance_s10.npz,76535,2d59523ee9c9390baefdcf3f2999aa67c99cc14a2edd635f90b2d860e6b89299
resnet,mixed,17,bandpass_n20001_cRA_LA_LL_covariance_s5,phase2/results/predictions/full/mixed/resnet/seed_17/bandpass_n20001_cRA_LA_LL_covariance_s5.npz,76333,5fe266b30f208b446b2118bac98c41cc048f7372d6d464a518472d712be22a1b
resnet,mixed,17,bandpass_n20001_cRA_LA_LL_covariance_s0,phase2/results/predictions/full/mixed/resnet/seed_17/bandpass_n20001_cRA_LA_LL_covariance_s0.npz,75994,3cb8daa4c96a1dbb32e8a7e38dea5266ea27b6fa051f6da0c165eed6724c27e8
resnet,mixed,17,bandpass_n20001_cV1_independent_rms_s20,phase2/results/predictions/full/mixed/resnet/seed_17/bandpass_n20001_cV1_independent_rms_s20.npz,76614,52047fe57493ea5c581766bafda63d84dbbb5d9d091578ba9daabda48b8fb697
resnet,mixed,17,bandpass_n20001_cV1_independent_rms_s15,phase2/results/predictions/full/mixed/resnet/seed_17/bandpass_n20001_cV1_independent_rms_s15.npz,76610,ccb65655940852d0b312ee0696825fcf14c1fb69f9180514c24774fd6001c262
resnet,mixed,17,bandpass_n20001_cV1_independent_rms_s10,phase2/results/predictions/full/mixed/resnet/seed_17/bandpass_n20001_cV1_independent_rms_s10.npz,76577,9e1ae3d24c640e5614c04d7efdfdde9e6dc04f7c6bcc8ea7f70a8685d205ed8c
resnet,mixed,17,bandpass_n20001_cV1_independent_rms_s5,phase2/results/predictions/full/mixed/resnet/seed_17/bandpass_n20001_cV1_independent_rms_s5.npz,76410,48debc559e1a69170001a81baa85fca419c546548948d2f76e7fe0b0ad67f5b8
resnet,mixed,17,bandpass_n20001_cV1_independent_rms_s0,phase2/results/predictions/full/mixed/resnet/seed_17/bandpass_n20001_cV1_independent_rms_s0.npz,76133,c82e548fc99cfe45e7fd4c5e8e3fb46be5386bb44601aa020917a1e9aa3b031e
resnet,mixed,17,bandpass_n20001_cV1_electrode_s20,phase2/results/predictions/full/mixed/resnet/seed_17/bandpass_n20001_cV1_electrode_s20.npz,76616,728500333e02a821e2dc88ada8f62863b60f643cfa8ffe79e4933194e5c67b35
resnet,mixed,17,bandpass_n20001_cV1_electrode_s15,phase2/results/predictions/full/mixed/resnet/seed_17/bandpass_n20001_cV1_electrode_s15.npz,76600,5b165ce914d1b3971fac8b6ad2086194da71dd2412d9df52d249effbab70d052
resnet,mixed,17,bandpass_n20001_cV1_electrode_s10,phase2/results/predictions/full/mixed/resnet/seed_17/bandpass_n20001_cV1_electrode_s10.npz,76549,3104b19f17f65b13fedf6ad3e60a0587e44e504ba6bf1a229c4e3b3d8da83933
resnet,mixed,17,bandpass_n20001_cV1_electrode_s5,phase2/results/predictions/full/mixed/resnet/seed_17/bandpass_n20001_cV1_electrode_s5.npz,76410,c70ff85a5c3c4bb5ddf1ea1cc8ae6d40d2a77e3ae48488a808eb09458a884bea
resnet,mixed,17,bandpass_n20001_cV1_electrode_s0,phase2/results/predictions/full/mixed/resnet/seed_17/bandpass_n20001_cV1_electrode_s0.npz,76084,23ddcc00456482ae6d3bdfc5a4967218b8f819f5991396562527d3de6701bbb3
resnet,mixed,17,bandpass_n20001_cV1_covariance_s20,phase2/results/predictions/full/mixed/resnet/seed_17/bandpass_n20001_cV1_covariance_s20.npz,76617,43b2a84fdd71347034eca10e35f537fd0f6cd7b944371fa572bc660089e675a3
resnet,mixed,17,bandpass_n20001_cV1_covariance_s15,phase2/results/predictions/full/mixed/resnet/seed_17/bandpass_n20001_cV1_covariance_s15.npz,76621,df099808a04c2f20b74623f7d40322b2c9f53fbe08df7156a8568834c31c7056
resnet,mixed,17,bandpass_n20001_cV1_covariance_s10,phase2/results/predictions/full/mixed/resnet/seed_17/bandpass_n20001_cV1_covariance_s10.npz,76571,ded3a74cc1c5372a2a38373aecd4d0ddacc67c32b8e7a00a7374074d1228f602
resnet,mixed,17,bandpass_n20001_cV1_covariance_s5,phase2/results/predictions/full/mixed/resnet/seed_17/bandpass_n20001_cV1_covariance_s5.npz,76365,2c333c35b7c71fe326aa5dc02727e1f84e55debeda4542daa8349cec19eabc04
resnet,mixed,17,bandpass_n20001_cV1_covariance_s0,phase2/results/predictions/full/mixed/resnet/seed_17/bandpass_n20001_cV1_covariance_s0.npz,76075,bd671b790cd0f5bb380e0bd51b434b3fa707452da33ed44b8ac1f8c12ce961f6
resnet,mixed,17,bandpass_n20001_cV2_independent_rms_s20,phase2/results/predictions/full/mixed/resnet/seed_17/bandpass_n20001_cV2_independent_rms_s20.npz,76612,ed5d9d6110a31f5d943ca81400d344cc0adf89b8450de0255daefb0479f066c1
resnet,mixed,17,bandpass_n20001_cV2_independent_rms_s15,phase2/results/predictions/full/mixed/resnet/seed_17/bandpass_n20001_cV2_independent_rms_s15.npz,76600,750f6afac400f8fae6ac1b931a21df930bf97a320201065c3dfecc539ba16acc
resnet,mixed,17,bandpass_n20001_cV2_independent_rms_s10,phase2/results/predictions/full/mixed/resnet/seed_17/bandpass_n20001_cV2_independent_rms_s10.npz,76590,2576a5a155a3d6381cd6e36fa494b6f63e0e888272aebd0d0332954d785945b6
resnet,mixed,17,bandpass_n20001_cV2_independent_rms_s5,phase2/results/predictions/full/mixed/resnet/seed_17/bandpass_n20001_cV2_independent_rms_s5.npz,76466,d5aae0cd7909a1f40bc6301cd2241ca8ee2a7f875fa13d9b8b19e163e9df9db9
resnet,mixed,17,bandpass_n20001_cV2_independent_rms_s0,phase2/results/predictions/full/mixed/resnet/seed_17/bandpass_n20001_cV2_independent_rms_s0.npz,76139,0a7e4c250e49060b8341c86be6804e3b63c482578b402a2626be2bba64eb0660
resnet,mixed,17,bandpass_n20001_cV2_electrode_s20,phase2/results/predictions/full/mixed/resnet/seed_17/bandpass_n20001_cV2_electrode_s20.npz,76579,76c09e462c30aea33e67452d52e74ae395fe9028d979bccaa9a1910e631a2459
resnet,mixed,17,bandpass_n20001_cV2_electrode_s15,phase2/results/predictions/full/mixed/resnet/seed_17/bandpass_n20001_cV2_electrode_s15.npz,76573,1e0045aad146408f556bfc951ce456735ee0dd665d26eefbed46fa4796977534
resnet,mixed,17,bandpass_n20001_cV2_electrode_s10,phase2/results/predictions/full/mixed/resnet/seed_17/bandpass_n20001_cV2_electrode_s10.npz,76556,77a001443d1b653c040c7f9601ce5cb12ead455147e92ea14b854ac0937f091b
resnet,mixed,17,bandpass_n20001_cV2_electrode_s5,phase2/results/predictions/full/mixed/resnet/seed_17/bandpass_n20001_cV2_electrode_s5.npz,76416,162b85f097e965a1813d0bd64495feedc3bf073ba0f57db27efa6fcbcc6117ee
resnet,mixed,17,bandpass_n20001_cV2_electrode_s0,phase2/results/predictions/full/mixed/resnet/seed_17/bandpass_n20001_cV2_electrode_s0.npz,76128,1f248067d01acb31ca2793026620268ebdb667a1075f5dd24f4b432f2b3f7561
resnet,mixed,17,bandpass_n20001_cV2_covariance_s20,phase2/results/predictions/full/mixed/resnet/seed_17/bandpass_n20001_cV2_covariance_s20.npz,76617,6fd38530bc6105b75b76a06d041ab57824634426094c0fe48d2b4d8ca7d4df01
resnet,mixed,17,bandpass_n20001_cV2_covariance_s15,phase2/results/predictions/full/mixed/resnet/seed_17/bandpass_n20001_cV2_covariance_s15.npz,76589,4ce6114a09641cdf1a2d3c2f07bf9155f7c436cb2be2c09a152b628a48679dae
resnet,mixed,17,bandpass_n20001_cV2_covariance_s10,phase2/results/predictions/full/mixed/resnet/seed_17/bandpass_n20001_cV2_covariance_s10.npz,76579,b2c51af70c1f8ad2df1659189438dae399e07a980782a49f0e8b62efad36f5e0
resnet,mixed,17,bandpass_n20001_cV2_covariance_s5,phase2/results/predictions/full/mixed/resnet/seed_17/bandpass_n20001_cV2_covariance_s5.npz,76404,840b6a25ee1accd5cbd9c0f0796055b28b97155bce115c8d946febd8994cff9d
resnet,mixed,17,bandpass_n20001_cV2_covariance_s0,phase2/results/predictions/full/mixed/resnet/seed_17/bandpass_n20001_cV2_covariance_s0.npz,76113,7db7de37ae2e7940299197e2f58b1d0978e38b206b67a11e8f635220d30fa09b
resnet,mixed,17,bandpass_n20001_cV3_independent_rms_s20,phase2/results/predictions/full/mixed/resnet/seed_17/bandpass_n20001_cV3_independent_rms_s20.npz,76634,79165026382cc0843bbc6ef5330e2c6d52aa43d2263ead97243461fb8497456a
resnet,mixed,17,bandpass_n20001_cV3_independent_rms_s15,phase2/results/predictions/full/mixed/resnet/seed_17/bandpass_n20001_cV3_independent_rms_s15.npz,76623,f10700b0f636d5ea947abae66204a5b6a75f6b0c6c3544fe971af19490ecc3b0
resnet,mixed,17,bandpass_n20001_cV3_independent_rms_s10,phase2/results/predictions/full/mixed/resnet/seed_17/bandpass_n20001_cV3_independent_rms_s10.npz,76605,8b177b57ccf1f8de94262cd527ddc63d581a15b4a708c192e44f18b10f8ba780
resnet,mixed,17,bandpass_n20001_cV3_independent_rms_s5,phase2/results/predictions/full/mixed/resnet/seed_17/bandpass_n20001_cV3_independent_rms_s5.npz,76507,b1d60cac203c84148df5065d219f2604d0f2652ec032393e881b0470c6d29dc8
resnet,mixed,17,bandpass_n20001_cV3_independent_rms_s0,phase2/results/predictions/full/mixed/resnet/seed_17/bandpass_n20001_cV3_independent_rms_s0.npz,76181,26a50866a9415cc0c32a84f23cb300137f3fbe6178fb6419ececf4faf0b04a7d
resnet,mixed,17,bandpass_n20001_cV3_electrode_s20,phase2/results/predictions/full/mixed/resnet/seed_17/bandpass_n20001_cV3_electrode_s20.npz,76628,a8c1a0b0fcf08d621405ca4d97c6590f34d0b11274dee41bfc669b3c1d733b6e
resnet,mixed,17,bandpass_n20001_cV3_electrode_s15,phase2/results/predictions/full/mixed/resnet/seed_17/bandpass_n20001_cV3_electrode_s15.npz,76575,ef0ed4566d4fce8664580c9eb756dd413a1cd732bf75bbafdcc49ee6b5f275ed
resnet,mixed,17,bandpass_n20001_cV3_electrode_s10,phase2/results/predictions/full/mixed/resnet/seed_17/bandpass_n20001_cV3_electrode_s10.npz,76583,a316f0a3f910c97c9e96f1350f6ee01f63d956e77be1721a0f56b54a6df7958c
resnet,mixed,17,bandpass_n20001_cV3_electrode_s5,phase2/results/predictions/full/mixed/resnet/seed_17/bandpass_n20001_cV3_electrode_s5.npz,76488,1962f8c1a6ae0e6353e361c4532bd57ed50738637dd81780cde599692301b368
resnet,mixed,17,bandpass_n20001_cV3_electrode_s0,phase2/results/predictions/full/mixed/resnet/seed_17/bandpass_n20001_cV3_electrode_s0.npz,76160,a3e9d8e28b27a291f94f51342ba32659eee9e0b44759f9defaaf80121ef39c30
resnet,mixed,17,bandpass_n20001_cV3_covariance_s20,phase2/results/predictions/full/mixed/resnet/seed_17/bandpass_n20001_cV3_covariance_s20.npz,76612,ef079e8a4283748ccc9b99b3e17365b216249135209557bf7514ace0d8ce4f4f
resnet,mixed,17,bandpass_n20001_cV3_covariance_s15,phase2/results/predictions/full/mixed/resnet/seed_17/bandpass_n20001_cV3_covariance_s15.npz,76598,47367f8966593bdf2c4243a589cfb52ae4fd5156596f0a79f02bec5e7b2a1e9a
resnet,mixed,17,bandpass_n20001_cV3_covariance_s10,phase2/results/predictions/full/mixed/resnet/seed_17/bandpass_n20001_cV3_covariance_s10.npz,76609,9b18064bfb881a93e12118ae6e1528a2d99113c4d4450781607ae9ea31ceaa78
resnet,mixed,17,bandpass_n20001_cV3_covariance_s5,phase2/results/predictions/full/mixed/resnet/seed_17/bandpass_n20001_cV3_covariance_s5.npz,76496,2e982537d14d1bc2ad9e91bbd5c962c8fb516a5eb416fc6e47bbaf2c79a6e7e0
resnet,mixed,17,bandpass_n20001_cV3_covariance_s0,phase2/results/predictions/full/mixed/resnet/seed_17/bandpass_n20001_cV3_covariance_s0.npz,76156,d66a2bffe57afb33c317b1686134a1171299c5bd577b2c356af1a7e508585113
resnet,mixed,17,bandpass_n20001_cV4_independent_rms_s20,phase2/results/predictions/full/mixed/resnet/seed_17/bandpass_n20001_cV4_independent_rms_s20.npz,76630,1cc9d3de98b62bd907270609c4588ad731645acdeeace1dbf0226b267dd623a1
resnet,mixed,17,bandpass_n20001_cV4_independent_rms_s15,phase2/results/predictions/full/mixed/resnet/seed_17/bandpass_n20001_cV4_independent_rms_s15.npz,76626,af5f5a757454e2982d8040513970c3d8e5a9027db541f7c42220ccf0c1843d52
resnet,mixed,17,bandpass_n20001_cV4_independent_rms_s10,phase2/results/predictions/full/mixed/resnet/seed_17/bandpass_n20001_cV4_independent_rms_s10.npz,76630,8becc781b066acc66587920200359c3d28b6c6ce68f52feee768eacdf8ab082c
resnet,mixed,17,bandpass_n20001_cV4_independent_rms_s5,phase2/results/predictions/full/mixed/resnet/seed_17/bandpass_n20001_cV4_independent_rms_s5.npz,76585,2078b6c7c0744665583b4cc4e99530d388db829321717bfa73eee261b8cfeca0
resnet,mixed,17,bandpass_n20001_cV4_independent_rms_s0,phase2/results/predictions/full/mixed/resnet/seed_17/bandpass_n20001_cV4_independent_rms_s0.npz,76357,e6549099c80d737609b9c561687d0453b8bce66eadcc9d0aa89aeee062b1aad0
resnet,mixed,17,bandpass_n20001_cV4_electrode_s20,phase2/results/predictions/full/mixed/resnet/seed_17/bandpass_n20001_cV4_electrode_s20.npz,76600,6af3c12ecbaa911bfd7f5d40ffd6d72b5846f80cf081a85e758e72935d41bc96
resnet,mixed,17,bandpass_n20001_cV4_electrode_s15,phase2/results/predictions/full/mixed/resnet/seed_17/bandpass_n20001_cV4_electrode_s15.npz,76626,783d9aa989ccc8143161fa7b4f95e91035e893b99b50d4748f242a3ff3f5bb7d
resnet,mixed,17,bandpass_n20001_cV4_electrode_s10,phase2/results/predictions/full/mixed/resnet/seed_17/bandpass_n20001_cV4_electrode_s10.npz,76596,2c1699dcaea67ddb44512b5737deba8dcc02d3e21df5b10a2af682295734047e
resnet,mixed,17,bandpass_n20001_cV4_electrode_s5,phase2/results/predictions/full/mixed/resnet/seed_17/bandpass_n20001_cV4_electrode_s5.npz,76560,17e59f46edac47ff4a8965f66405bc25194da5d59c6f7b5cbbc6cd053732610e
resnet,mixed,17,bandpass_n20001_cV4_electrode_s0,phase2/results/predictions/full/mixed/resnet/seed_17/bandpass_n20001_cV4_electrode_s0.npz,76365,bb12bd873182f5144626631f1ef7cfb9218a4c753b41ab8db7e579f76b1fdb28
resnet,mixed,17,bandpass_n20001_cV4_covariance_s20,phase2/results/predictions/full/mixed/resnet/seed_17/bandpass_n20001_cV4_covariance_s20.npz,76602,a14833461f5ae6eebd4c49999fb39024d49c018bd0a15d2fab0104b1c40ed0aa
resnet,mixed,17,bandpass_n20001_cV4_covariance_s15,phase2/results/predictions/full/mixed/resnet/seed_17/bandpass_n20001_cV4_covariance_s15.npz,76618,b33ad70fcde6a17ed2a126c0d6ddb09028ed852fb87ad44127629fae09985167
resnet,mixed,17,bandpass_n20001_cV4_covariance_s10,phase2/results/predictions/full/mixed/resnet/seed_17/bandpass_n20001_cV4_covariance_s10.npz,76602,06e4f138afa938064cc08053f47d96d98e14d4dead5e475a499325cda5d632c6
resnet,mixed,17,bandpass_n20001_cV4_covariance_s5,phase2/results/predictions/full/mixed/resnet/seed_17/bandpass_n20001_cV4_covariance_s5.npz,76568,8733540ad9127a9202956bf9d0e72403ba31101554f7da3093a976a2e068e8f9
resnet,mixed,17,bandpass_n20001_cV4_covariance_s0,phase2/results/predictions/full/mixed/resnet/seed_17/bandpass_n20001_cV4_covariance_s0.npz,76341,1aa1a8325501dba102bb93ede6033838d1afe2cbae8500e571da50dff95c8b69
resnet,mixed,17,bandpass_n20001_cV5_independent_rms_s20,phase2/results/predictions/full/mixed/resnet/seed_17/bandpass_n20001_cV5_independent_rms_s20.npz,76637,25f60a8963868c81880b0f66553be9266f8d938fcd7331c24872347de3445b73
resnet,mixed,17,bandpass_n20001_cV5_independent_rms_s15,phase2/results/predictions/full/mixed/resnet/seed_17/bandpass_n20001_cV5_independent_rms_s15.npz,76608,a202d40cc3b90333807ba51716a6dff8387538fa176019743d3a96e1ff27b7e7
resnet,mixed,17,bandpass_n20001_cV5_independent_rms_s10,phase2/results/predictions/full/mixed/resnet/seed_17/bandpass_n20001_cV5_independent_rms_s10.npz,76580,0eccaf713b703338a26482d63822ca556c582b6eac2912a99d8e44b696fb38d3
resnet,mixed,17,bandpass_n20001_cV5_independent_rms_s5,phase2/results/predictions/full/mixed/resnet/seed_17/bandpass_n20001_cV5_independent_rms_s5.npz,76493,e707da4f85b7a0dfa8c7ef4232d26991e62b3704d9c143fcbee988da0e3b6ec5
resnet,mixed,17,bandpass_n20001_cV5_independent_rms_s0,phase2/results/predictions/full/mixed/resnet/seed_17/bandpass_n20001_cV5_independent_rms_s0.npz,76257,c045a2bb62f50f8276ad519cabea3065c799af7f58b203edab719c6d6855a913
resnet,mixed,17,bandpass_n20001_cV5_electrode_s20,phase2/results/predictions/full/mixed/resnet/seed_17/bandpass_n20001_cV5_electrode_s20.npz,76604,10729f89d66524284e12b33a693f0e54acb91d1cbe078342e5a9a6f8abb1fb20
resnet,mixed,17,bandpass_n20001_cV5_electrode_s15,phase2/results/predictions/full/mixed/resnet/seed_17/bandpass_n20001_cV5_electrode_s15.npz,76598,6f12083100a883bee8814c17ca63147a1421bcbf75840b5dd50c6d99e7493c71
resnet,mixed,17,bandpass_n20001_cV5_electrode_s10,phase2/results/predictions/full/mixed/resnet/seed_17/bandpass_n20001_cV5_electrode_s10.npz,76568,725bb8cc4cff5bd74eaadc36a3f7fbf240f33407236b175f43081af6c42daed5
resnet,mixed,17,bandpass_n20001_cV5_electrode_s5,phase2/results/predictions/full/mixed/resnet/seed_17/bandpass_n20001_cV5_electrode_s5.npz,76471,95504ce04feac4c294992fae9d38625f1db8ee41ffdc38ba11ec671d15b21770
resnet,mixed,17,bandpass_n20001_cV5_electrode_s0,phase2/results/predictions/full/mixed/resnet/seed_17/bandpass_n20001_cV5_electrode_s0.npz,76235,d11a7502b12231705dc4b47b67a49c9e691bb0b2da714051111528871a6d9fbc
resnet,mixed,17,bandpass_n20001_cV5_covariance_s20,phase2/results/predictions/full/mixed/resnet/seed_17/bandpass_n20001_cV5_covariance_s20.npz,76625,32561fac74f02df961ea63ab73dfe8d5e3a442e72674816364f2572431f8c536
resnet,mixed,17,bandpass_n20001_cV5_covariance_s15,phase2/results/predictions/full/mixed/resnet/seed_17/bandpass_n20001_cV5_covariance_s15.npz,76616,0866bd885e60231d9347afd194c1a8bb859efcf6681961a52e9f7b31b92ee4d9
resnet,mixed,17,bandpass_n20001_cV5_covariance_s10,phase2/results/predictions/full/mixed/resnet/seed_17/bandpass_n20001_cV5_covariance_s10.npz,76594,129564bc478ed70e490b257f8aeb9d047804a41d1620e67bd2df4223135015c6
resnet,mixed,17,bandpass_n20001_cV5_covariance_s5,phase2/results/predictions/full/mixed/resnet/seed_17/bandpass_n20001_cV5_covariance_s5.npz,76476,69a5c25f59958af9b7bf1753ba1d0c4bfee1dddd51e3cd90e67f4194c9f95146
resnet,mixed,17,bandpass_n20001_cV5_covariance_s0,phase2/results/predictions/full/mixed/resnet/seed_17/bandpass_n20001_cV5_covariance_s0.npz,76199,63d441b47a005450f1e3bc8210f6010da3cdee22e7cf2691c033f890946cd521
resnet,mixed,17,bandpass_n20001_cV6_independent_rms_s20,phase2/results/predictions/full/mixed/resnet/seed_17/bandpass_n20001_cV6_independent_rms_s20.npz,76607,b007029d5d6c7541c5db29ab78446a2511c3c272873a71f1421d3e010663c5ad
resnet,mixed,17,bandpass_n20001_cV6_independent_rms_s15,phase2/results/predictions/full/mixed/resnet/seed_17/bandpass_n20001_cV6_independent_rms_s15.npz,76611,d9dbc9d11ee28d25da40d85b3fd5d27c8a7dc33596033a23d82ff279c13cace4
resnet,mixed,17,bandpass_n20001_cV6_independent_rms_s10,phase2/results/predictions/full/mixed/resnet/seed_17/bandpass_n20001_cV6_independent_rms_s10.npz,76557,9849c70d7b7e040f3a0dd073aba4d727df0a30c675805bb2daf61a9a9a65223c
resnet,mixed,17,bandpass_n20001_cV6_independent_rms_s5,phase2/results/predictions/full/mixed/resnet/seed_17/bandpass_n20001_cV6_independent_rms_s5.npz,76454,04f446dd6cbb5901649d5412f40c9f9fc4248e18db8c011ad0f1c90a53627e58
resnet,mixed,17,bandpass_n20001_cV6_independent_rms_s0,phase2/results/predictions/full/mixed/resnet/seed_17/bandpass_n20001_cV6_independent_rms_s0.npz,76171,7728b0d2921b001ce354599ebfaf3b3c6995f2d832e4d0b6843dab7c1c992bc2
resnet,mixed,17,bandpass_n20001_cV6_electrode_s20,phase2/results/predictions/full/mixed/resnet/seed_17/bandpass_n20001_cV6_electrode_s20.npz,76612,d0547063a39191c282e8a1a9f5367712677bb712bf1ebc886ae3eba719b8d008
resnet,mixed,17,bandpass_n20001_cV6_electrode_s15,phase2/results/predictions/full/mixed/resnet/seed_17/bandpass_n20001_cV6_electrode_s15.npz,76615,97c1b313ff865946fd93296bed0880147275897d5dbbd7813a0bbed3eb3083ba
resnet,mixed,17,bandpass_n20001_cV6_electrode_s10,phase2/results/predictions/full/mixed/resnet/seed_17/bandpass_n20001_cV6_electrode_s10.npz,76530,f173ff5041c465a5b4a98c605284ba1e7f86d2ed5ac45c503d09162b8f7200df
resnet,mixed,17,bandpass_n20001_cV6_electrode_s5,phase2/results/predictions/full/mixed/resnet/seed_17/bandpass_n20001_cV6_electrode_s5.npz,76456,5802c6caa83cfc4d76aeea905415dcdb60e01b4a30df7f0f789a90665acdf2f5
resnet,mixed,17,bandpass_n20001_cV6_electrode_s0,phase2/results/predictions/full/mixed/resnet/seed_17/bandpass_n20001_cV6_electrode_s0.npz,76158,486ba83606c4baafc50b25cce5eddf87bc74808eea7d3b78592abac67b96ad0c
resnet,mixed,17,bandpass_n20001_cV6_covariance_s20,phase2/results/predictions/full/mixed/resnet/seed_17/bandpass_n20001_cV6_covariance_s20.npz,76631,b1ce4761ecec3d7ad227229896e0521cf0d4f18fbb612bd962f934200a5138fe
resnet,mixed,17,bandpass_n20001_cV6_covariance_s15,phase2/results/predictions/full/mixed/resnet/seed_17/bandpass_n20001_cV6_covariance_s15.npz,76616,76773e7d78ce50174d583aa177a9c062a51d3d472946e1d01c72eaa9b9c43e0f
resnet,mixed,17,bandpass_n20001_cV6_covariance_s10,phase2/results/predictions/full/mixed/resnet/seed_17/bandpass_n20001_cV6_covariance_s10.npz,76555,05c73b2a7088f5c907424318b2d9c87c1c8f4540cd1a533f0a0427346c1c387d
resnet,mixed,17,bandpass_n20001_cV6_covariance_s5,phase2/results/predictions/full/mixed/resnet/seed_17/bandpass_n20001_cV6_covariance_s5.npz,76457,11fa689e394f0f00aeed40027d8cc4883adba76e1abcd46f8277315c359b543d
resnet,mixed,17,bandpass_n20001_cV6_covariance_s0,phase2/results/predictions/full/mixed/resnet/seed_17/bandpass_n20001_cV6_covariance_s0.npz,76155,251349e4993acbd6e2a41ef8f717bdd6ab996aee0cd1e7e1196f8cf2dd09b2f3
resnet,mixed,17,bandpass_n20001_cRA_LA_independent_rms_s20,phase2/results/predictions/full/mixed/resnet/seed_17/bandpass_n20001_cRA_LA_independent_rms_s20.npz,76618,03179dc90496c2f432877d03e5b94d830307b2647c27b71258cc832154c4eaf3
resnet,mixed,17,bandpass_n20001_cRA_LA_independent_rms_s15,phase2/results/predictions/full/mixed/resnet/seed_17/bandpass_n20001_cRA_LA_independent_rms_s15.npz,76620,746fac324f1a22c81723064de1da86899f6ea52b539a2992da9268c8144cf56e
resnet,mixed,17,bandpass_n20001_cRA_LA_independent_rms_s10,phase2/results/predictions/full/mixed/resnet/seed_17/bandpass_n20001_cRA_LA_independent_rms_s10.npz,76578,637cb2adf85e7aaa3158911016d30bb2b6cf66b145021d078b4f192ac43e42ab
resnet,mixed,17,bandpass_n20001_cRA_LA_independent_rms_s5,phase2/results/predictions/full/mixed/resnet/seed_17/bandpass_n20001_cRA_LA_independent_rms_s5.npz,76446,e1cd74f960353d109266de1077120d3a1236eaf0877daa2c37a93d5912591064
resnet,mixed,17,bandpass_n20001_cRA_LA_independent_rms_s0,phase2/results/predictions/full/mixed/resnet/seed_17/bandpass_n20001_cRA_LA_independent_rms_s0.npz,76203,d5ce660143a55d81c6fce11ec8116cb91f992949bfbd730f6a16253216177098
resnet,mixed,17,bandpass_n20001_cRA_LA_electrode_s20,phase2/results/predictions/full/mixed/resnet/seed_17/bandpass_n20001_cRA_LA_electrode_s20.npz,76584,78a02253f3fd090aabedf170ad0d1202d9735f44996dc55b053b097339462353
resnet,mixed,17,bandpass_n20001_cRA_LA_electrode_s15,phase2/results/predictions/full/mixed/resnet/seed_17/bandpass_n20001_cRA_LA_electrode_s15.npz,76588,e8dc76112b1a0783b694d933afb3908d007fa300bbd35a73ad59cb87968c8464
resnet,mixed,17,bandpass_n20001_cRA_LA_electrode_s10,phase2/results/predictions/full/mixed/resnet/seed_17/bandpass_n20001_cRA_LA_electrode_s10.npz,76495,8c1fad7edbd49d041d431be0d61dfade83ecad6b5f9fd0c755ac4f7a68e1fb9f
resnet,mixed,17,bandpass_n20001_cRA_LA_electrode_s5,phase2/results/predictions/full/mixed/resnet/seed_17/bandpass_n20001_cRA_LA_electrode_s5.npz,76349,89f3c46a039c7afe463f5d49cf03c2e19803df494da4afbe2f61c696e145c24b
resnet,mixed,17,bandpass_n20001_cRA_LA_electrode_s0,phase2/results/predictions/full/mixed/resnet/seed_17/bandpass_n20001_cRA_LA_electrode_s0.npz,76049,23f26b6b4f5e3632ff23ca413bb914a2a58003d9a2a19e1f682a445c7e6ab55a
resnet,mixed,17,bandpass_n20001_cRA_LA_covariance_s20,phase2/results/predictions/full/mixed/resnet/seed_17/bandpass_n20001_cRA_LA_covariance_s20.npz,76634,88825dd02793fccbbb14588aab46540b0bfe8fb5820b6c6d8521c4eea86edf77
resnet,mixed,17,bandpass_n20001_cRA_LA_covariance_s15,phase2/results/predictions/full/mixed/resnet/seed_17/bandpass_n20001_cRA_LA_covariance_s15.npz,76610,c36e5ee43605581ec098f5fd0f287f3d0c69880a598128cf8b2b9cfb7e3e3c55
resnet,mixed,17,bandpass_n20001_cRA_LA_covariance_s10,phase2/results/predictions/full/mixed/resnet/seed_17/bandpass_n20001_cRA_LA_covariance_s10.npz,76540,f4442ffc64c4285bdb3640b3878683ba7b4e70fb9bea10649eda7ae037b142bb
resnet,mixed,17,bandpass_n20001_cRA_LA_covariance_s5,phase2/results/predictions/full/mixed/resnet/seed_17/bandpass_n20001_cRA_LA_covariance_s5.npz,76359,cd1ccb109ffb1ca300d8d78a9e1a8412d3dcd238def1ac652bb02d310ee635e2
resnet,mixed,17,bandpass_n20001_cRA_LA_covariance_s0,phase2/results/predictions/full/mixed/resnet/seed_17/bandpass_n20001_cRA_LA_covariance_s0.npz,76022,4105c2f3d28603332b2b0bdea91a406d026f9f952360d33ab879d81ec78d6c80
resnet,mixed,17,bandpass_n20001_cLA_LL_independent_rms_s20,phase2/results/predictions/full/mixed/resnet/seed_17/bandpass_n20001_cLA_LL_independent_rms_s20.npz,76610,52f7d0f6ccfc8b5c4a68e2d84615d5fb53dbc8ce67bef7a2631ad424df257077
resnet,mixed,17,bandpass_n20001_cLA_LL_independent_rms_s15,phase2/results/predictions/full/mixed/resnet/seed_17/bandpass_n20001_cLA_LL_independent_rms_s15.npz,76611,4dd0852f69e67b891739ffce6a7e31c0164cb42c2f5c725107b39d46b540bd94
resnet,mixed,17,bandpass_n20001_cLA_LL_independent_rms_s10,phase2/results/predictions/full/mixed/resnet/seed_17/bandpass_n20001_cLA_LL_independent_rms_s10.npz,76583,c2c86469690eb8cd748f45ef97f0c6e6e4184ee3702fb3a995e0f91b32c27eca
resnet,mixed,17,bandpass_n20001_cLA_LL_independent_rms_s5,phase2/results/predictions/full/mixed/resnet/seed_17/bandpass_n20001_cLA_LL_independent_rms_s5.npz,76457,868d691333e6e2932df6b02b3087796c92351d9332f3d415c7efeef11c15dd31
resnet,mixed,17,bandpass_n20001_cLA_LL_independent_rms_s0,phase2/results/predictions/full/mixed/resnet/seed_17/bandpass_n20001_cLA_LL_independent_rms_s0.npz,76144,e2dba5588291248e4c6674000473d208a431e104cc374ada92dcfceb35eb14cd
resnet,mixed,17,bandpass_n20001_cLA_LL_electrode_s20,phase2/results/predictions/full/mixed/resnet/seed_17/bandpass_n20001_cLA_LL_electrode_s20.npz,76644,1e3281ec0c80750a6b62850ae7e0153b7338284bb0b60fae703b09a3092cd01e
resnet,mixed,17,bandpass_n20001_cLA_LL_electrode_s15,phase2/results/predictions/full/mixed/resnet/seed_17/bandpass_n20001_cLA_LL_electrode_s15.npz,76596,da3a98c6e38d797a90d946afbb5194f27ff112f8db6d40ed8c64b90eec9aef33
resnet,mixed,17,bandpass_n20001_cLA_LL_electrode_s10,phase2/results/predictions/full/mixed/resnet/seed_17/bandpass_n20001_cLA_LL_electrode_s10.npz,76527,4fa06227a7edd9f642b72535abdf8b831ff7abd79083da44285b65659adc4cde
resnet,mixed,17,bandpass_n20001_cLA_LL_electrode_s5,phase2/results/predictions/full/mixed/resnet/seed_17/bandpass_n20001_cLA_LL_electrode_s5.npz,76304,21b7134a777a332ac3f56b7dad519e2f6108434254a1a3753c9666ff82b7825e
resnet,mixed,17,bandpass_n20001_cLA_LL_electrode_s0,phase2/results/predictions/full/mixed/resnet/seed_17/bandpass_n20001_cLA_LL_electrode_s0.npz,75949,faf2e84846ebcf2e03f43f2138f770b3099722290285495d9a528967fd58cea9
resnet,mixed,17,bandpass_n20001_cLA_LL_covariance_s20,phase2/results/predictions/full/mixed/resnet/seed_17/bandpass_n20001_cLA_LL_covariance_s20.npz,76626,cf43bad2d312ad8899c04807ee1f10f72fa84017d8c2564cb2ca755980ba686f
resnet,mixed,17,bandpass_n20001_cLA_LL_covariance_s15,phase2/results/predictions/full/mixed/resnet/seed_17/bandpass_n20001_cLA_LL_covariance_s15.npz,76612,7184fe40802afd52fa148eab89f4a035232e1d909661b80daf16c291a51e6cc9
resnet,mixed,17,bandpass_n20001_cLA_LL_covariance_s10,phase2/results/predictions/full/mixed/resnet/seed_17/bandpass_n20001_cLA_LL_covariance_s10.npz,76511,760798ecea3bfcf08c472e7b3ee5d3a99ae6f7ad89a67fc0df068ce7992276fa
resnet,mixed,17,bandpass_n20001_cLA_LL_covariance_s5,phase2/results/predictions/full/mixed/resnet/seed_17/bandpass_n20001_cLA_LL_covariance_s5.npz,76315,927613c05e5fe4feaef77e25d2af4a25b28cb49d3fe04233b5220975de2b5eae
resnet,mixed,17,bandpass_n20001_cLA_LL_covariance_s0,phase2/results/predictions/full/mixed/resnet/seed_17/bandpass_n20001_cLA_LL_covariance_s0.npz,75918,b30bcb9d82e1e940978a88239424f36edb6488168f0eeb01c66c36f5f1646368
resnet,mixed,17,bandpass_n20001_cRA_LL_independent_rms_s20,phase2/results/predictions/full/mixed/resnet/seed_17/bandpass_n20001_cRA_LL_independent_rms_s20.npz,76624,a2178f6ff2f52fe423f0d6123bd830804742a121c794beda667d6fa7806f8f68
resnet,mixed,17,bandpass_n20001_cRA_LL_independent_rms_s15,phase2/results/predictions/full/mixed/resnet/seed_17/bandpass_n20001_cRA_LL_independent_rms_s15.npz,76604,ac7308b940bf422c01d6d5b7dff7ed1d8730cf22f058f1ec8faf21f7632e101d
resnet,mixed,17,bandpass_n20001_cRA_LL_independent_rms_s10,phase2/results/predictions/full/mixed/resnet/seed_17/bandpass_n20001_cRA_LL_independent_rms_s10.npz,76594,846b8ac209f0d9eb7a6465ce5b6eb9a0e551c98933db7d2605bf9567dea1a50a
resnet,mixed,17,bandpass_n20001_cRA_LL_independent_rms_s5,phase2/results/predictions/full/mixed/resnet/seed_17/bandpass_n20001_cRA_LL_independent_rms_s5.npz,76464,9168ef1d2bba026022002663aa2534804237b93a7ab6f5056ad60772d56a0784
resnet,mixed,17,bandpass_n20001_cRA_LL_independent_rms_s0,phase2/results/predictions/full/mixed/resnet/seed_17/bandpass_n20001_cRA_LL_independent_rms_s0.npz,76151,d7997901c9c21865af85e726d7df7af78b415afdbadb3da31987548f08a49e73
resnet,mixed,17,bandpass_n20001_cRA_LL_electrode_s20,phase2/results/predictions/full/mixed/resnet/seed_17/bandpass_n20001_cRA_LL_electrode_s20.npz,76611,2f602dc1b8f1ff5ab70f46b41d82958763b6b7469f274b0a7319b7985cb823fc
resnet,mixed,17,bandpass_n20001_cRA_LL_electrode_s15,phase2/results/predictions/full/mixed/resnet/seed_17/bandpass_n20001_cRA_LL_electrode_s15.npz,76580,c8c44ad1d85dbca5d1152c294a9a19b2161424afcf03be55975543aa06582e9c
resnet,mixed,17,bandpass_n20001_cRA_LL_electrode_s10,phase2/results/predictions/full/mixed/resnet/seed_17/bandpass_n20001_cRA_LL_electrode_s10.npz,76505,a8bc7a3de9128f2f5fa07c9672ac9d0b5fe04514acf0db38d1c17189c8e2f7ef
resnet,mixed,17,bandpass_n20001_cRA_LL_electrode_s5,phase2/results/predictions/full/mixed/resnet/seed_17/bandpass_n20001_cRA_LL_electrode_s5.npz,76315,65640148eca1c9ba92b7c54358c03bf7053886874a6c3dae48a461f55f1ef5da
resnet,mixed,17,bandpass_n20001_cRA_LL_electrode_s0,phase2/results/predictions/full/mixed/resnet/seed_17/bandpass_n20001_cRA_LL_electrode_s0.npz,76002,dc46db10f24d140b2aceb34980e6646a5ca1a51f2a3640aa183a890fda2fbcdc
resnet,mixed,17,bandpass_n20001_cRA_LL_covariance_s20,phase2/results/predictions/full/mixed/resnet/seed_17/bandpass_n20001_cRA_LL_covariance_s20.npz,76573,b0a7c350063cbd7f114dca575a4e041a8dd258917033508cc7f356405d8fecfe
resnet,mixed,17,bandpass_n20001_cRA_LL_covariance_s15,phase2/results/predictions/full/mixed/resnet/seed_17/bandpass_n20001_cRA_LL_covariance_s15.npz,76543,b0e3a3588825c6181f7d0e8bdd1a5a7c2f20c4b7d7c9758be71376888bde9665
resnet,mixed,17,bandpass_n20001_cRA_LL_covariance_s10,phase2/results/predictions/full/mixed/resnet/seed_17/bandpass_n20001_cRA_LL_covariance_s10.npz,76497,1e4eae1254372d218bae6e0fed07de5e9b1e02b42edb09c64bfcd59cee890422
resnet,mixed,17,bandpass_n20001_cRA_LL_covariance_s5,phase2/results/predictions/full/mixed/resnet/seed_17/bandpass_n20001_cRA_LL_covariance_s5.npz,76322,80c62bace72c6602da20850517e1962ec0ed188627e20532e0af274171e0c9ed
resnet,mixed,17,bandpass_n20001_cRA_LL_covariance_s0,phase2/results/predictions/full/mixed/resnet/seed_17/bandpass_n20001_cRA_LL_covariance_s0.npz,75963,806fe1c3b311eed9211559132a9b00cdbb12378b9d4db2aef848e66c43a20d1f
resnet,mixed,17,bandpass_n20001_cRA_independent_rms_s20,phase2/results/predictions/full/mixed/resnet/seed_17/bandpass_n20001_cRA_independent_rms_s20.npz,76655,1d573d922f931da3991f7a0289ad339613988d9a1fd7a7905a5134160cbda3a7
resnet,mixed,17,bandpass_n20001_cRA_independent_rms_s15,phase2/results/predictions/full/mixed/resnet/seed_17/bandpass_n20001_cRA_independent_rms_s15.npz,76614,cf6fab49f892ab64a1cd31966b9b7ec9373852f5c0ca45989782860b7d8f5254
resnet,mixed,17,bandpass_n20001_cRA_independent_rms_s10,phase2/results/predictions/full/mixed/resnet/seed_17/bandpass_n20001_cRA_independent_rms_s10.npz,76562,c4f10bea6971c9c38bdea3da7a8a46c70ddcc29b0c809a0fe726d7af8e533033
resnet,mixed,17,bandpass_n20001_cRA_independent_rms_s5,phase2/results/predictions/full/mixed/resnet/seed_17/bandpass_n20001_cRA_independent_rms_s5.npz,76460,f83cc8cd0159cb188be75543381aa786987ff7b6086cd6360b4345e01c9b9f48
resnet,mixed,17,bandpass_n20001_cRA_independent_rms_s0,phase2/results/predictions/full/mixed/resnet/seed_17/bandpass_n20001_cRA_independent_rms_s0.npz,76189,cc4bda75923f5cf43591a3c2dd4593fda8bb62276ead1b9ec109de8616218508
resnet,mixed,17,bandpass_n20001_cRA_electrode_s20,phase2/results/predictions/full/mixed/resnet/seed_17/bandpass_n20001_cRA_electrode_s20.npz,76601,e65fa4506e7eafd1248ec9ffe4288827c706327c87e1cc0f38af4dbe202fbb77
resnet,mixed,17,bandpass_n20001_cRA_electrode_s15,phase2/results/predictions/full/mixed/resnet/seed_17/bandpass_n20001_cRA_electrode_s15.npz,76569,509e270b502af52b791597c28435a0a2c4954e1ae191783121f1111f41a38e6a
resnet,mixed,17,bandpass_n20001_cRA_electrode_s10,phase2/results/predictions/full/mixed/resnet/seed_17/bandpass_n20001_cRA_electrode_s10.npz,76563,9ae94dc7de0c5a64fd84192eff53153153cd508f90e39bd5bbc016739385b9a6
resnet,mixed,17,bandpass_n20001_cRA_electrode_s5,phase2/results/predictions/full/mixed/resnet/seed_17/bandpass_n20001_cRA_electrode_s5.npz,76350,5d48574dcac569cf95dbbca8f93bdd404b991af3c27cf269dd444fb2f489fb80
resnet,mixed,17,bandpass_n20001_cRA_electrode_s0,phase2/results/predictions/full/mixed/resnet/seed_17/bandpass_n20001_cRA_electrode_s0.npz,76086,958088672d11f794d06d7314bb2342514e2e3a9490b4a036593af305583b0f6f
resnet,mixed,17,bandpass_n20001_cRA_covariance_s20,phase2/results/predictions/full/mixed/resnet/seed_17/bandpass_n20001_cRA_covariance_s20.npz,76580,d962f9871683d31169f192ed01ce597c35169c1a5e7707d2d28f0bbfc9bb5a81
resnet,mixed,17,bandpass_n20001_cRA_covariance_s15,phase2/results/predictions/full/mixed/resnet/seed_17/bandpass_n20001_cRA_covariance_s15.npz,76612,2bdb808970499845e835b1490c39342af62f4b4c7f398a87a8da2a6163da22b5
resnet,mixed,17,bandpass_n20001_cRA_covariance_s10,phase2/results/predictions/full/mixed/resnet/seed_17/bandpass_n20001_cRA_covariance_s10.npz,76551,7a221d0fa3526d923fac8a403310d1d4b6567e36d536aba02b03340bd5de90d8
resnet,mixed,17,bandpass_n20001_cRA_covariance_s5,phase2/results/predictions/full/mixed/resnet/seed_17/bandpass_n20001_cRA_covariance_s5.npz,76362,4d5c5149b181a38e07cdbddc7ac74f38c2553dcf752b956721d90e54e45afb01
resnet,mixed,17,bandpass_n20001_cRA_covariance_s0,phase2/results/predictions/full/mixed/resnet/seed_17/bandpass_n20001_cRA_covariance_s0.npz,76097,a8268f030df84a1229f46e17eb83fc62b17e72e2a74ccc16c5c9249093413431
resnet,mixed,17,bandpass_n20001_cLA_independent_rms_s20,phase2/results/predictions/full/mixed/resnet/seed_17/bandpass_n20001_cLA_independent_rms_s20.npz,76643,692afd336e75b1c486a924eaaadabdea89c1eeed38e3c8d4b0c5c6ef9dfb2e36
resnet,mixed,17,bandpass_n20001_cLA_independent_rms_s15,phase2/results/predictions/full/mixed/resnet/seed_17/bandpass_n20001_cLA_independent_rms_s15.npz,76629,61ca9fcd2d887d6b76fef7c02b4991c593c056b8774cd98be12b15537f19a8e1
resnet,mixed,17,bandpass_n20001_cLA_independent_rms_s10,phase2/results/predictions/full/mixed/resnet/seed_17/bandpass_n20001_cLA_independent_rms_s10.npz,76605,d504d57685746eae90651490b2aa7d1308a1e028a18fe009ad03059d13cc2189
resnet,mixed,17,bandpass_n20001_cLA_independent_rms_s5,phase2/results/predictions/full/mixed/resnet/seed_17/bandpass_n20001_cLA_independent_rms_s5.npz,76468,9af7856c9d597f7cf02ee94831f07a93396d09c3a73a7f3185d893e570298837
resnet,mixed,17,bandpass_n20001_cLA_independent_rms_s0,phase2/results/predictions/full/mixed/resnet/seed_17/bandpass_n20001_cLA_independent_rms_s0.npz,76172,07c715b1fcc7bd064f400b8ee0068d4914ec0b2581a797b50d93c822f7e17708
resnet,mixed,17,bandpass_n20001_cLA_electrode_s20,phase2/results/predictions/full/mixed/resnet/seed_17/bandpass_n20001_cLA_electrode_s20.npz,76613,4cca63486931ed7190ccf05b02e1ee2ca1ed2c36422bc56fd42a2a014039e3ce
resnet,mixed,17,bandpass_n20001_cLA_electrode_s15,phase2/results/predictions/full/mixed/resnet/seed_17/bandpass_n20001_cLA_electrode_s15.npz,76602,5a2d6c1bf00b6a437d1352f79a8e8f5279cc44cb26ec50875e7daa9d8239f7ee
resnet,mixed,17,bandpass_n20001_cLA_electrode_s10,phase2/results/predictions/full/mixed/resnet/seed_17/bandpass_n20001_cLA_electrode_s10.npz,76534,84e51f7f1c03aa4d63e0aee644612fd59c1f08355ae3dc9c30bc16585cdaee18
resnet,mixed,17,bandpass_n20001_cLA_electrode_s5,phase2/results/predictions/full/mixed/resnet/seed_17/bandpass_n20001_cLA_electrode_s5.npz,76356,e9158a22db0058daa7a000f3d8159a099e157568223917888b0168b5dc51f84c
resnet,mixed,17,bandpass_n20001_cLA_electrode_s0,phase2/results/predictions/full/mixed/resnet/seed_17/bandpass_n20001_cLA_electrode_s0.npz,75963,bcaf5368cc7e2126a69004ff5e6ed7711113cb2d656025cb5acd2b6896387955
resnet,mixed,17,bandpass_n20001_cLA_covariance_s20,phase2/results/predictions/full/mixed/resnet/seed_17/bandpass_n20001_cLA_covariance_s20.npz,76577,deeb259690becdb5121e8af984fc06e1e0f06f6bf5ddf5501f71567607caec33
resnet,mixed,17,bandpass_n20001_cLA_covariance_s15,phase2/results/predictions/full/mixed/resnet/seed_17/bandpass_n20001_cLA_covariance_s15.npz,76579,71983e1971088d3511b59ddabe10fd7358404371a73f87ef0a99feb366ab39de
resnet,mixed,17,bandpass_n20001_cLA_covariance_s10,phase2/results/predictions/full/mixed/resnet/seed_17/bandpass_n20001_cLA_covariance_s10.npz,76518,7696fae72efe6af2f4abf10bd78be5e342c2c2bcd5f0ead1727fc467d8b73b80
resnet,mixed,17,bandpass_n20001_cLA_covariance_s5,phase2/results/predictions/full/mixed/resnet/seed_17/bandpass_n20001_cLA_covariance_s5.npz,76360,321921c3d7f15b8b6928a97c98d20ff6825ef07461e2e6a7648db27f9cb6b841
resnet,mixed,17,bandpass_n20001_cLA_covariance_s0,phase2/results/predictions/full/mixed/resnet/seed_17/bandpass_n20001_cLA_covariance_s0.npz,75943,37647c81fa83ee8c12f271106bc3fcae0371813219d204fb223dddd51ebf5a5f
resnet,mixed,17,bandpass_n20001_cLL_independent_rms_s20,phase2/results/predictions/full/mixed/resnet/seed_17/bandpass_n20001_cLL_independent_rms_s20.npz,76617,24428a713e483bb37a3340a12044045b796b03b16a49e8e9213b72c3eea08079
resnet,mixed,17,bandpass_n20001_cLL_independent_rms_s15,phase2/results/predictions/full/mixed/resnet/seed_17/bandpass_n20001_cLL_independent_rms_s15.npz,76618,38007d3f27ab322b236c721e0b438d71158a948939df9bd260a80165eeb2ad5b
resnet,mixed,17,bandpass_n20001_cLL_independent_rms_s10,phase2/results/predictions/full/mixed/resnet/seed_17/bandpass_n20001_cLL_independent_rms_s10.npz,76573,dfede1391c2c8e6113262c9df131e38c52d8a1e2a0cea529672da510e708cda7
resnet,mixed,17,bandpass_n20001_cLL_independent_rms_s5,phase2/results/predictions/full/mixed/resnet/seed_17/bandpass_n20001_cLL_independent_rms_s5.npz,76408,b63a234d5359db03b146049b3c0c6b7569fd3997fbb48014cfa08aa4e717d4c6
resnet,mixed,17,bandpass_n20001_cLL_independent_rms_s0,phase2/results/predictions/full/mixed/resnet/seed_17/bandpass_n20001_cLL_independent_rms_s0.npz,76156,1ae74e80af0a0d3137c3affd769076bbbdc0de5f60cd948c406f03534407f010
resnet,mixed,17,bandpass_n20001_cLL_electrode_s20,phase2/results/predictions/full/mixed/resnet/seed_17/bandpass_n20001_cLL_electrode_s20.npz,76635,3a1d1e22c47ff64932bafa60e90ab3a0a59831381b73ce909dbf201271357371
resnet,mixed,17,bandpass_n20001_cLL_electrode_s15,phase2/results/predictions/full/mixed/resnet/seed_17/bandpass_n20001_cLL_electrode_s15.npz,76594,91bb628deb05c2f1e36be13740ff6654f29bfae5594f875c8337ab3a5b8e3721
resnet,mixed,17,bandpass_n20001_cLL_electrode_s10,phase2/results/predictions/full/mixed/resnet/seed_17/bandpass_n20001_cLL_electrode_s10.npz,76518,eca9783f45d939b4fdad815919961992cdb1e88e15688ce6b5538d675b82f0aa
resnet,mixed,17,bandpass_n20001_cLL_electrode_s5,phase2/results/predictions/full/mixed/resnet/seed_17/bandpass_n20001_cLL_electrode_s5.npz,76310,6156c88c164b5dd21600030aeabeaf0216d9a2e6a1c658833500acaf72eb5cab
resnet,mixed,17,bandpass_n20001_cLL_electrode_s0,phase2/results/predictions/full/mixed/resnet/seed_17/bandpass_n20001_cLL_electrode_s0.npz,75905,47df25af5353418ac08372c597e87ebec4b2829173db66043cabc5ce58b05c7b
resnet,mixed,17,bandpass_n20001_cLL_covariance_s20,phase2/results/predictions/full/mixed/resnet/seed_17/bandpass_n20001_cLL_covariance_s20.npz,76649,79d2179848734afc28d5ca065224b27db399e6be4146bf37bb0f89602a75cebe
resnet,mixed,17,bandpass_n20001_cLL_covariance_s15,phase2/results/predictions/full/mixed/resnet/seed_17/bandpass_n20001_cLL_covariance_s15.npz,76608,a899a38eb71ebd38f2d17ed0ff676340705e32000282f540049233dc03f85ed1
resnet,mixed,17,bandpass_n20001_cLL_covariance_s10,phase2/results/predictions/full/mixed/resnet/seed_17/bandpass_n20001_cLL_covariance_s10.npz,76487,198b75f8965fdad2033aa9143484c439f5c52fa8858819cb865149a041c0e5c9
resnet,mixed,17,bandpass_n20001_cLL_covariance_s5,phase2/results/predictions/full/mixed/resnet/seed_17/bandpass_n20001_cLL_covariance_s5.npz,76266,1c15f33907adbc742811ab1eda1e17253e96dd0a3dfe14e755a56b246e935957
resnet,mixed,17,bandpass_n20001_cLL_covariance_s0,phase2/results/predictions/full/mixed/resnet/seed_17/bandpass_n20001_cLL_covariance_s0.npz,75887,0be72cb52cf859cbcc6a26553a3aa6f272add0b689093245efb89a3de4595125
resnet,mixed,17,bandpass_n20001_cRA_V1_independent_rms_s20,phase2/results/predictions/full/mixed/resnet/seed_17/bandpass_n20001_cRA_V1_independent_rms_s20.npz,76632,a0eada6bc2163af93b2fe5edecb31bece48eee2c1b1b3734739dddf3ea0a7776
resnet,mixed,17,bandpass_n20001_cRA_V1_independent_rms_s15,phase2/results/predictions/full/mixed/resnet/seed_17/bandpass_n20001_cRA_V1_independent_rms_s15.npz,76618,b51ddbbbb299198795f8f879d888fc4eaad122977a4941ff973196002d37ef37
resnet,mixed,17,bandpass_n20001_cRA_V1_independent_rms_s10,phase2/results/predictions/full/mixed/resnet/seed_17/bandpass_n20001_cRA_V1_independent_rms_s10.npz,76583,9f7d8e297d02048f6701befc45dfd663373aa8f753b5336ba24891c7d69eb78c
resnet,mixed,17,bandpass_n20001_cRA_V1_independent_rms_s5,phase2/results/predictions/full/mixed/resnet/seed_17/bandpass_n20001_cRA_V1_independent_rms_s5.npz,76457,76c9cc572ec884aee2c16bcbf7ccb9cd1441abadddff15e02fff730e2d870978
resnet,mixed,17,bandpass_n20001_cRA_V1_independent_rms_s0,phase2/results/predictions/full/mixed/resnet/seed_17/bandpass_n20001_cRA_V1_independent_rms_s0.npz,76170,5eeecece414b6d27b17e5f663e6f45fc5d1a784bbd8dab7ecf75d1f81a833724
resnet,mixed,17,bandpass_n20001_cRA_V1_electrode_s20,phase2/results/predictions/full/mixed/resnet/seed_17/bandpass_n20001_cRA_V1_electrode_s20.npz,76629,f47a549f25160544fcc4d9ced4af1d8cd38dcf5492d37df29c1b800864948cd9
resnet,mixed,17,bandpass_n20001_cRA_V1_electrode_s15,phase2/results/predictions/full/mixed/resnet/seed_17/bandpass_n20001_cRA_V1_electrode_s15.npz,76584,e5dd84a9e19b0cd275849fa6d6c1fbfcd090cb0d29c340f947700492ac8cefbf
resnet,mixed,17,bandpass_n20001_cRA_V1_electrode_s10,phase2/results/predictions/full/mixed/resnet/seed_17/bandpass_n20001_cRA_V1_electrode_s10.npz,76518,575643d290088697a82bb9fd47a6b8b5ea63d991535efb4fb0e0e2c103da6eb1
resnet,mixed,17,bandpass_n20001_cRA_V1_electrode_s5,phase2/results/predictions/full/mixed/resnet/seed_17/bandpass_n20001_cRA_V1_electrode_s5.npz,76354,968f6494d707b91ff7cf744a7b1b2b654c27706466bbd5cf97ab710e67715e99
resnet,mixed,17,bandpass_n20001_cRA_V1_electrode_s0,phase2/results/predictions/full/mixed/resnet/seed_17/bandpass_n20001_cRA_V1_electrode_s0.npz,76088,c4cb01f2797972c459a0ec32a5dfc7a40fb35044cbb187bbaa49d468a1605d66
resnet,mixed,17,bandpass_n20001_cRA_V1_covariance_s20,phase2/results/predictions/full/mixed/resnet/seed_17/bandpass_n20001_cRA_V1_covariance_s20.npz,76625,d59513aac234a768178d7bc5bf37fce4855091dde9f2b28cc0e84ff19c1006b6
resnet,mixed,17,bandpass_n20001_cRA_V1_covariance_s15,phase2/results/predictions/full/mixed/resnet/seed_17/bandpass_n20001_cRA_V1_covariance_s15.npz,76615,8b6327f633f996954ab35b2a5ccc28c7f0adb4e6d9ff2f36b9f3642ac682d57f
resnet,mixed,17,bandpass_n20001_cRA_V1_covariance_s10,phase2/results/predictions/full/mixed/resnet/seed_17/bandpass_n20001_cRA_V1_covariance_s10.npz,76504,313a5cd04e8bbb1dee4c3a522ab32e286cbaf383857a909e7cbb2b2b70877e8a
resnet,mixed,17,bandpass_n20001_cRA_V1_covariance_s5,phase2/results/predictions/full/mixed/resnet/seed_17/bandpass_n20001_cRA_V1_covariance_s5.npz,76383,a2bac090d9f0258b4c1c0040146a882084b47aece0d9b18a3cfccd7e5b5dc107
resnet,mixed,17,bandpass_n20001_cRA_V1_covariance_s0,phase2/results/predictions/full/mixed/resnet/seed_17/bandpass_n20001_cRA_V1_covariance_s0.npz,76081,e7a68cdbfacc33ef2a1c4e47e2e96c2733eba537860874866d9dd3485784da60
resnet,mixed,17,bandpass_n20001_cLA_V6_independent_rms_s20,phase2/results/predictions/full/mixed/resnet/seed_17/bandpass_n20001_cLA_V6_independent_rms_s20.npz,76623,e52e02a437158d9d77adb4598b71e4b1c07f6856245965c9cce27b2b55749d5d
resnet,mixed,17,bandpass_n20001_cLA_V6_independent_rms_s15,phase2/results/predictions/full/mixed/resnet/seed_17/bandpass_n20001_cLA_V6_independent_rms_s15.npz,76669,ff92e0242f202a5cbdab253cd7abfda9117950538d00c97a4ebfacf6cd505467
resnet,mixed,17,bandpass_n20001_cLA_V6_independent_rms_s10,phase2/results/predictions/full/mixed/resnet/seed_17/bandpass_n20001_cLA_V6_independent_rms_s10.npz,76589,23a1ed2981ee567455e41612bf8e5e014e44b5ecf2feb722d5bb901a3a540158
resnet,mixed,17,bandpass_n20001_cLA_V6_independent_rms_s5,phase2/results/predictions/full/mixed/resnet/seed_17/bandpass_n20001_cLA_V6_independent_rms_s5.npz,76465,5d06b2156c3b01881551c69ebd7e1e62b946413121818ed1104d3a0db4bc7713
resnet,mixed,17,bandpass_n20001_cLA_V6_independent_rms_s0,phase2/results/predictions/full/mixed/resnet/seed_17/bandpass_n20001_cLA_V6_independent_rms_s0.npz,76216,6a833e1234fd6c6bcab15f8f9df823bed5762dcac704112833f406a59bfd8b41
resnet,mixed,17,bandpass_n20001_cLA_V6_electrode_s20,phase2/results/predictions/full/mixed/resnet/seed_17/bandpass_n20001_cLA_V6_electrode_s20.npz,76642,528c4383401ca2eaeeabb1b6faa1a70e87ceb12290c9f2ee3c472a2a172a4146
resnet,mixed,17,bandpass_n20001_cLA_V6_electrode_s15,phase2/results/predictions/full/mixed/resnet/seed_17/bandpass_n20001_cLA_V6_electrode_s15.npz,76615,f9012f5d78ff215fa27c4163c751ef763eab3224b80d8bfd111c63a444e5b8ad
resnet,mixed,17,bandpass_n20001_cLA_V6_electrode_s10,phase2/results/predictions/full/mixed/resnet/seed_17/bandpass_n20001_cLA_V6_electrode_s10.npz,76556,d1d0b24b988d1647cf3d199e50d92e49982dfc20756efb91edf57b26d6249bc0
resnet,mixed,17,bandpass_n20001_cLA_V6_electrode_s5,phase2/results/predictions/full/mixed/resnet/seed_17/bandpass_n20001_cLA_V6_electrode_s5.npz,76356,e3ebe66655c267cd07ed9cd96b7c26c715ecf6b9337ddf3f96c4906ad48afdb1
resnet,mixed,17,bandpass_n20001_cLA_V6_electrode_s0,phase2/results/predictions/full/mixed/resnet/seed_17/bandpass_n20001_cLA_V6_electrode_s0.npz,75991,837230fe4f36a087d8eef354f96dc991f32490b5f8f1e2bacfe0e53bedd5df03
resnet,mixed,17,bandpass_n20001_cLA_V6_covariance_s20,phase2/results/predictions/full/mixed/resnet/seed_17/bandpass_n20001_cLA_V6_covariance_s20.npz,76621,79d09f70583428555a6d328a26ed32c6859cc53cd4e61f23e9163712e8578ff3
resnet,mixed,17,bandpass_n20001_cLA_V6_covariance_s15,phase2/results/predictions/full/mixed/resnet/seed_17/bandpass_n20001_cLA_V6_covariance_s15.npz,76625,c399c9722ba653df494d2f16f1bf0e99ba2ee777e8b2170f6a3eb287eba2538d
resnet,mixed,17,bandpass_n20001_cLA_V6_covariance_s10,phase2/results/predictions/full/mixed/resnet/seed_17/bandpass_n20001_cLA_V6_covariance_s10.npz,76544,9dfac092cc268cb133572b8ea8f1996683dab642c77e21912b8d6f3fe051dcf5
resnet,mixed,17,bandpass_n20001_cLA_V6_covariance_s5,phase2/results/predictions/full/mixed/resnet/seed_17/bandpass_n20001_cLA_V6_covariance_s5.npz,76374,7b31b7e8b131bd538f030b30f789f657c30aced455c1f5552e4de0d6cffdc68f
resnet,mixed,17,bandpass_n20001_cLA_V6_covariance_s0,phase2/results/predictions/full/mixed/resnet/seed_17/bandpass_n20001_cLA_V6_covariance_s0.npz,75997,d48bf63669c6044fe59907358c739cd51417842facecedcf6699a2ae7afc7e04
resnet,mixed,17,bandpass_n20001_cLL_V4_independent_rms_s20,phase2/results/predictions/full/mixed/resnet/seed_17/bandpass_n20001_cLL_V4_independent_rms_s20.npz,76611,0c5d590b7279a15f1d96d2a32f47c055f5aa8c17d6acd971dd487ecd0938743c
resnet,mixed,17,bandpass_n20001_cLL_V4_independent_rms_s15,phase2/results/predictions/full/mixed/resnet/seed_17/bandpass_n20001_cLL_V4_independent_rms_s15.npz,76604,c24237175f7a0e7d1f1b43dd08cd7bd7e878ec5659dd5b834095dd8a8bd99474
resnet,mixed,17,bandpass_n20001_cLL_V4_independent_rms_s10,phase2/results/predictions/full/mixed/resnet/seed_17/bandpass_n20001_cLL_V4_independent_rms_s10.npz,76605,387ccb846d259a0a266ae5b860a873dd112b0b461b4ca33b81c947e042205739
resnet,mixed,17,bandpass_n20001_cLL_V4_independent_rms_s5,phase2/results/predictions/full/mixed/resnet/seed_17/bandpass_n20001_cLL_V4_independent_rms_s5.npz,76481,e828b99a3e96cfe6d73340033c20e5440a6b6c1f6f822ff46c957615ccd1ddd0
resnet,mixed,17,bandpass_n20001_cLL_V4_independent_rms_s0,phase2/results/predictions/full/mixed/resnet/seed_17/bandpass_n20001_cLL_V4_independent_rms_s0.npz,76200,a5ac2b04f68c60a2ce2a77c0eb27697bb45b04601b45032bce81002214989552
resnet,mixed,17,bandpass_n20001_cLL_V4_electrode_s20,phase2/results/predictions/full/mixed/resnet/seed_17/bandpass_n20001_cLL_V4_electrode_s20.npz,76629,ad8e52713012cd90357db675611459d18441ac716c3f2ba5d84091f5d4a6cada
resnet,mixed,17,bandpass_n20001_cLL_V4_electrode_s15,phase2/results/predictions/full/mixed/resnet/seed_17/bandpass_n20001_cLL_V4_electrode_s15.npz,76607,c57e9c7a61832843ae0d79bdf1c88ef98305d5296a9d8975853d1def01ad202c
resnet,mixed,17,bandpass_n20001_cLL_V4_electrode_s10,phase2/results/predictions/full/mixed/resnet/seed_17/bandpass_n20001_cLL_V4_electrode_s10.npz,76545,bf81b41d0e6a17340c36a70c5b493e3d2092a919f3e37dd7dd42da4504d1af8e
resnet,mixed,17,bandpass_n20001_cLL_V4_electrode_s5,phase2/results/predictions/full/mixed/resnet/seed_17/bandpass_n20001_cLL_V4_electrode_s5.npz,76331,6d50f8502cda01fa01d973ddaebcaad1145967e285fec6e36ff57bfdde64e8a9
resnet,mixed,17,bandpass_n20001_cLL_V4_electrode_s0,phase2/results/predictions/full/mixed/resnet/seed_17/bandpass_n20001_cLL_V4_electrode_s0.npz,75999,c048b3360fa73fbf8fd057c428a8ba051a5a656e795a26a11f8fdc080e702e59
resnet,mixed,17,bandpass_n20001_cLL_V4_covariance_s20,phase2/results/predictions/full/mixed/resnet/seed_17/bandpass_n20001_cLL_V4_covariance_s20.npz,76615,773766df36b2902b5f3b8d9d1d07e32a4d6036235a27f978b721f86da1f5adbe
resnet,mixed,17,bandpass_n20001_cLL_V4_covariance_s15,phase2/results/predictions/full/mixed/resnet/seed_17/bandpass_n20001_cLL_V4_covariance_s15.npz,76636,2e4d69b61c79a4c49ca57483296391e8b862ecaccb975108c96b60065a6da3c6
resnet,mixed,17,bandpass_n20001_cLL_V4_covariance_s10,phase2/results/predictions/full/mixed/resnet/seed_17/bandpass_n20001_cLL_V4_covariance_s10.npz,76518,19ded320798ce4f5aba13116c4d08cb1bcd8c075d5ab436cef956388ecd31b87
resnet,mixed,17,bandpass_n20001_cLL_V4_covariance_s5,phase2/results/predictions/full/mixed/resnet/seed_17/bandpass_n20001_cLL_V4_covariance_s5.npz,76351,8d181c8d1e68177d5f10c49e74ec87dda82788cc65e38964005511406b280254
resnet,mixed,17,bandpass_n20001_cLL_V4_covariance_s0,phase2/results/predictions/full/mixed/resnet/seed_17/bandpass_n20001_cLL_V4_covariance_s0.npz,75997,7b6decaf5d126a05ad9962b792958734617e8c120c9263232669ed8b772a2f9e
resnet,mixed,17,bandpass_n20001_cRA_LA_V1_V6_independent_rms_s20,phase2/results/predictions/full/mixed/resnet/seed_17/bandpass_n20001_cRA_LA_V1_V6_independent_rms_s20.npz,76671,c926a298fe7f67490ca59558e4627bc2e24697a8f24a33eccdec280a9718b9aa
resnet,mixed,17,bandpass_n20001_cRA_LA_V1_V6_independent_rms_s15,phase2/results/predictions/full/mixed/resnet/seed_17/bandpass_n20001_cRA_LA_V1_V6_independent_rms_s15.npz,76616,ffd826f6025850b8828aa8ff93e9d69b244c56a2c0b413ab054015c273e7c363
resnet,mixed,17,bandpass_n20001_cRA_LA_V1_V6_independent_rms_s10,phase2/results/predictions/full/mixed/resnet/seed_17/bandpass_n20001_cRA_LA_V1_V6_independent_rms_s10.npz,76617,514bcf0fe0fa6fb0c0216feb403f421ca384fd0b2f5d0908a9a420f8cc4e73a2
resnet,mixed,17,bandpass_n20001_cRA_LA_V1_V6_independent_rms_s5,phase2/results/predictions/full/mixed/resnet/seed_17/bandpass_n20001_cRA_LA_V1_V6_independent_rms_s5.npz,76514,ba6d8dda8f30ffedf478ff02b42e1390f1c0fe2a5c3e6d6b3506dc26657ec9fa
resnet,mixed,17,bandpass_n20001_cRA_LA_V1_V6_independent_rms_s0,phase2/results/predictions/full/mixed/resnet/seed_17/bandpass_n20001_cRA_LA_V1_V6_independent_rms_s0.npz,76186,247e9d287ef540f3a2ce1d59ef46bbc298df4697fa482a6a2c7c30b5198c5223
resnet,mixed,17,bandpass_n20001_cRA_LA_V1_V6_electrode_s20,phase2/results/predictions/full/mixed/resnet/seed_17/bandpass_n20001_cRA_LA_V1_V6_electrode_s20.npz,76625,0b8e491b16161eb30030dc50a52f2b984a61d616a841f5fefbcb97ee09cec845
resnet,mixed,17,bandpass_n20001_cRA_LA_V1_V6_electrode_s15,phase2/results/predictions/full/mixed/resnet/seed_17/bandpass_n20001_cRA_LA_V1_V6_electrode_s15.npz,76620,3e3441e19db253ad45823cef7e6a2c0c02850dd19fe8285eba7c4fde610805c7
resnet,mixed,17,bandpass_n20001_cRA_LA_V1_V6_electrode_s10,phase2/results/predictions/full/mixed/resnet/seed_17/bandpass_n20001_cRA_LA_V1_V6_electrode_s10.npz,76544,35296226d428b2fd7b93cffe8750616c19074dc3b5cf063ac272fd40624aec2c
resnet,mixed,17,bandpass_n20001_cRA_LA_V1_V6_electrode_s5,phase2/results/predictions/full/mixed/resnet/seed_17/bandpass_n20001_cRA_LA_V1_V6_electrode_s5.npz,76389,7bcbd2de8ab5c78c2b7aedf50c2d2efa8b6596fcf17908a9bf82bce3914a8c4b
resnet,mixed,17,bandpass_n20001_cRA_LA_V1_V6_electrode_s0,phase2/results/predictions/full/mixed/resnet/seed_17/bandpass_n20001_cRA_LA_V1_V6_electrode_s0.npz,76050,1cbca7228fab7ce0f70a15e41b3be3a09631426eb4702f4ca79fd6f9d422e10c
resnet,mixed,17,bandpass_n20001_cRA_LA_V1_V6_covariance_s20,phase2/results/predictions/full/mixed/resnet/seed_17/bandpass_n20001_cRA_LA_V1_V6_covariance_s20.npz,76625,388e0c394c2f41e4107c4b48d7c0e0f22f7748c80607dd6cf0232ecb00683cd2
resnet,mixed,17,bandpass_n20001_cRA_LA_V1_V6_covariance_s15,phase2/results/predictions/full/mixed/resnet/seed_17/bandpass_n20001_cRA_LA_V1_V6_covariance_s15.npz,76631,a0ac950826d2e2f2b0e14a95a681382800e3b9fa36cd6d737b9df374bf6da14d
resnet,mixed,17,bandpass_n20001_cRA_LA_V1_V6_covariance_s10,phase2/results/predictions/full/mixed/resnet/seed_17/bandpass_n20001_cRA_LA_V1_V6_covariance_s10.npz,76582,2675b2eafcba34e3b8cd9ddfec5ed72faf7b27fe8596e352eb49aebceeacd1c3
resnet,mixed,17,bandpass_n20001_cRA_LA_V1_V6_covariance_s5,phase2/results/predictions/full/mixed/resnet/seed_17/bandpass_n20001_cRA_LA_V1_V6_covariance_s5.npz,76394,7712873d3c13ac7caa180f10a1f42e95aaab74dfc173e7759457f30eff3767ab
resnet,mixed,17,bandpass_n20001_cRA_LA_V1_V6_covariance_s0,phase2/results/predictions/full/mixed/resnet/seed_17/bandpass_n20001_cRA_LA_V1_V6_covariance_s0.npz,76039,f8b1c4c2ce10d05b745a4d5601769b6642c86773edc90ce94c24d7ada46cd7db
resnet,mixed,17,bandpass_n20001_cRA_V2_V5_independent_rms_s20,phase2/results/predictions/full/mixed/resnet/seed_17/bandpass_n20001_cRA_V2_V5_independent_rms_s20.npz,76593,1061da0352669ced3277d6e1c9cb4a76f4563260ce6df99b6015e182057fb380
resnet,mixed,17,bandpass_n20001_cRA_V2_V5_independent_rms_s15,phase2/results/predictions/full/mixed/resnet/seed_17/bandpass_n20001_cRA_V2_V5_independent_rms_s15.npz,76680,7248daa0c643ac89a8019f374f08d23f535a88ea4bb0c48feb9e7dfe4d85b67d
resnet,mixed,17,bandpass_n20001_cRA_V2_V5_independent_rms_s10,phase2/results/predictions/full/mixed/resnet/seed_17/bandpass_n20001_cRA_V2_V5_independent_rms_s10.npz,76589,111bad6753dc76755a836f49892b779881d620a85d7179664b5a2d856a0179ee
resnet,mixed,17,bandpass_n20001_cRA_V2_V5_independent_rms_s5,phase2/results/predictions/full/mixed/resnet/seed_17/bandpass_n20001_cRA_V2_V5_independent_rms_s5.npz,76481,d3d8e500338387996b07c0b7841da13e4b6bd910cebcbde7839c249292280ea0
resnet,mixed,17,bandpass_n20001_cRA_V2_V5_independent_rms_s0,phase2/results/predictions/full/mixed/resnet/seed_17/bandpass_n20001_cRA_V2_V5_independent_rms_s0.npz,76234,3520b5f2bb8f4d19337e2d22ded610fada2b5cc5286519f9da87df726fb89021
resnet,mixed,17,bandpass_n20001_cRA_V2_V5_electrode_s20,phase2/results/predictions/full/mixed/resnet/seed_17/bandpass_n20001_cRA_V2_V5_electrode_s20.npz,76626,7cae3808068491fe44d869c77f2ffca45e5c7d9dd28aece338493125b9e7a46f
resnet,mixed,17,bandpass_n20001_cRA_V2_V5_electrode_s15,phase2/results/predictions/full/mixed/resnet/seed_17/bandpass_n20001_cRA_V2_V5_electrode_s15.npz,76599,12ea36aa545c31bb5d1eb5ddea20aa457d5e6d9d3ffd6d3d9aee98d1ffcaf0ea
resnet,mixed,17,bandpass_n20001_cRA_V2_V5_electrode_s10,phase2/results/predictions/full/mixed/resnet/seed_17/bandpass_n20001_cRA_V2_V5_electrode_s10.npz,76562,bac49138c5b20a7c4d6010d7ae7acecb1ffd85a5f4cc5ace5f141cdb78b1f930
resnet,mixed,17,bandpass_n20001_cRA_V2_V5_electrode_s5,phase2/results/predictions/full/mixed/resnet/seed_17/bandpass_n20001_cRA_V2_V5_electrode_s5.npz,76386,b1dcdb24e39d3e71799410c1bb6a45ed6f52d3ec8c18c029e51248ba748af062
resnet,mixed,17,bandpass_n20001_cRA_V2_V5_electrode_s0,phase2/results/predictions/full/mixed/resnet/seed_17/bandpass_n20001_cRA_V2_V5_electrode_s0.npz,76130,89027fc8666c60f4a10d92dd723a34b8dac18e7af788dce336722fbef578ca1b
resnet,mixed,17,bandpass_n20001_cRA_V2_V5_covariance_s20,phase2/results/predictions/full/mixed/resnet/seed_17/bandpass_n20001_cRA_V2_V5_covariance_s20.npz,76593,7fea429f68318c582cf6529e8e6b23c31f13fe17a8d8366ac05145d41ad7c9af
resnet,mixed,17,bandpass_n20001_cRA_V2_V5_covariance_s15,phase2/results/predictions/full/mixed/resnet/seed_17/bandpass_n20001_cRA_V2_V5_covariance_s15.npz,76632,f665997d2e23deb61700ac4f5dd8c88c4732cb3bb88284aa75ad9fb5b69f95a8
resnet,mixed,17,bandpass_n20001_cRA_V2_V5_covariance_s10,phase2/results/predictions/full/mixed/resnet/seed_17/bandpass_n20001_cRA_V2_V5_covariance_s10.npz,76569,a658e0e93f1f8292f31d144535475a7d4b263298fcaa7402b8f9d7552a381f6a
resnet,mixed,17,bandpass_n20001_cRA_V2_V5_covariance_s5,phase2/results/predictions/full/mixed/resnet/seed_17/bandpass_n20001_cRA_V2_V5_covariance_s5.npz,76388,6b582de22eb950b8e6cc2b7c262dcc817a02ce589489d10f582d1f2451bd4ec8
resnet,mixed,17,bandpass_n20001_cRA_V2_V5_covariance_s0,phase2/results/predictions/full/mixed/resnet/seed_17/bandpass_n20001_cRA_V2_V5_covariance_s0.npz,76144,4a55c8193845c361012856a6d4d9d724e5ada49b966999ef3cf51ca6963a0c42
resnet,mixed,17,bandpass_n20001_cLA_V3_V6_independent_rms_s20,phase2/results/predictions/full/mixed/resnet/seed_17/bandpass_n20001_cLA_V3_V6_independent_rms_s20.npz,76623,2502628f6c68d76e8a0b49aed8f3587bff16f36730bd0fe68a656abf2ebdeeaf
resnet,mixed,17,bandpass_n20001_cLA_V3_V6_independent_rms_s15,phase2/results/predictions/full/mixed/resnet/seed_17/bandpass_n20001_cLA_V3_V6_independent_rms_s15.npz,76629,ee266b4a09ff89859fdce606a88872aea17ab2f565bd0dec03cbdd4777576f57
resnet,mixed,17,bandpass_n20001_cLA_V3_V6_independent_rms_s10,phase2/results/predictions/full/mixed/resnet/seed_17/bandpass_n20001_cLA_V3_V6_independent_rms_s10.npz,76612,38648ddb5c0c7e9375d33f5eb518cf86b08050c1b803747008b6d00b6323c5d0
resnet,mixed,17,bandpass_n20001_cLA_V3_V6_independent_rms_s5,phase2/results/predictions/full/mixed/resnet/seed_17/bandpass_n20001_cLA_V3_V6_independent_rms_s5.npz,76495,b0d2a30584904c40b5c2efd36d34b75ed6c519a947926196be7656318bea4938
resnet,mixed,17,bandpass_n20001_cLA_V3_V6_independent_rms_s0,phase2/results/predictions/full/mixed/resnet/seed_17/bandpass_n20001_cLA_V3_V6_independent_rms_s0.npz,76240,04101b6af60deae6b7845b68eb498cb6d9856813ca9627ef01147b54c696bd47
resnet,mixed,17,bandpass_n20001_cLA_V3_V6_electrode_s20,phase2/results/predictions/full/mixed/resnet/seed_17/bandpass_n20001_cLA_V3_V6_electrode_s20.npz,76637,75669fd50de9564666c51a13a3c866be7351ab5b1b7cb44ad2fe96379a12c63d
resnet,mixed,17,bandpass_n20001_cLA_V3_V6_electrode_s15,phase2/results/predictions/full/mixed/resnet/seed_17/bandpass_n20001_cLA_V3_V6_electrode_s15.npz,76602,af8c9be6035cdcddcf4773c70fdb0490cf06feea795d8d8af275a6a230c9dd3a
resnet,mixed,17,bandpass_n20001_cLA_V3_V6_electrode_s10,phase2/results/predictions/full/mixed/resnet/seed_17/bandpass_n20001_cLA_V3_V6_electrode_s10.npz,76556,3394b9362304e44727d31693aec1b0d4240b3e0f28386f4c6490b9d77e5d5fad
resnet,mixed,17,bandpass_n20001_cLA_V3_V6_electrode_s5,phase2/results/predictions/full/mixed/resnet/seed_17/bandpass_n20001_cLA_V3_V6_electrode_s5.npz,76420,94f10df572a3552c4abbba17d9a352b6859babb6916a852acccb5f3a57717756
resnet,mixed,17,bandpass_n20001_cLA_V3_V6_electrode_s0,phase2/results/predictions/full/mixed/resnet/seed_17/bandpass_n20001_cLA_V3_V6_electrode_s0.npz,76012,c1dea75156ad407cf7f26962d8ad12039ce2465b97428be06ee2bcc30b0396e8
resnet,mixed,17,bandpass_n20001_cLA_V3_V6_covariance_s20,phase2/results/predictions/full/mixed/resnet/seed_17/bandpass_n20001_cLA_V3_V6_covariance_s20.npz,76625,db91b666821703a0b8360eccb29f1015fcd7a5fa7726261f8eaf398faf0864b3
resnet,mixed,17,bandpass_n20001_cLA_V3_V6_covariance_s15,phase2/results/predictions/full/mixed/resnet/seed_17/bandpass_n20001_cLA_V3_V6_covariance_s15.npz,76616,6d158892ff2a949315d8d433aee0ccb4bfceb8577d6a3ddad6b3027ad3aafba7
resnet,mixed,17,bandpass_n20001_cLA_V3_V6_covariance_s10,phase2/results/predictions/full/mixed/resnet/seed_17/bandpass_n20001_cLA_V3_V6_covariance_s10.npz,76585,19338e7f06abd8ef556a5981952d771803efc35cfdf768b19773ab30983c342b
resnet,mixed,17,bandpass_n20001_cLA_V3_V6_covariance_s5,phase2/results/predictions/full/mixed/resnet/seed_17/bandpass_n20001_cLA_V3_V6_covariance_s5.npz,76426,3fa95c79128ef2f71e94da1cc86daab3866c0c966cb9124538213d8ec3384190
resnet,mixed,17,bandpass_n20001_cLA_V3_V6_covariance_s0,phase2/results/predictions/full/mixed/resnet/seed_17/bandpass_n20001_cLA_V3_V6_covariance_s0.npz,76026,6058f6ce13e8971bf1de01e0767ccc3e94ba01fd687dbdcb7ded56aa3317c45b
resnet,mixed,17,bandpass_n20001_cLL_V1_V4_independent_rms_s20,phase2/results/predictions/full/mixed/resnet/seed_17/bandpass_n20001_cLL_V1_V4_independent_rms_s20.npz,76674,04e72d1776dddfb743a625d4cbaeb60cdebd63e8080825a21fbe6a524d3cd0d2
resnet,mixed,17,bandpass_n20001_cLL_V1_V4_independent_rms_s15,phase2/results/predictions/full/mixed/resnet/seed_17/bandpass_n20001_cLL_V1_V4_independent_rms_s15.npz,76629,a7983228efc5b0a1e8531ce2de60072f9ab820ddb3e643e503601213be82aa0f
resnet,mixed,17,bandpass_n20001_cLL_V1_V4_independent_rms_s10,phase2/results/predictions/full/mixed/resnet/seed_17/bandpass_n20001_cLL_V1_V4_independent_rms_s10.npz,76628,2953f3bb88fc26a8fe27ac2dfa151e73eb6a951b716349b87310d7c19cb352a4
resnet,mixed,17,bandpass_n20001_cLL_V1_V4_independent_rms_s5,phase2/results/predictions/full/mixed/resnet/seed_17/bandpass_n20001_cLL_V1_V4_independent_rms_s5.npz,76474,ca64216ede904a7ea67711e7cfb53fbe41c2d2eefd4cbc5d1b79f210f227f2a6
resnet,mixed,17,bandpass_n20001_cLL_V1_V4_independent_rms_s0,phase2/results/predictions/full/mixed/resnet/seed_17/bandpass_n20001_cLL_V1_V4_independent_rms_s0.npz,76192,ce2bbb7cc64fdc8efe72ac777036e2eda81c0945e76e9916c1c1ef45d897e41c
resnet,mixed,17,bandpass_n20001_cLL_V1_V4_electrode_s20,phase2/results/predictions/full/mixed/resnet/seed_17/bandpass_n20001_cLL_V1_V4_electrode_s20.npz,76659,2784b7558cedf51a2632eeeaf290a13335f812e8f0d663a11be214e7024b9aa7
resnet,mixed,17,bandpass_n20001_cLL_V1_V4_electrode_s15,phase2/results/predictions/full/mixed/resnet/seed_17/bandpass_n20001_cLL_V1_V4_electrode_s15.npz,76589,6797cb008c7a8cfc56659fce8196a17481a2e8648762a5443adf1fcfa65b3ceb
resnet,mixed,17,bandpass_n20001_cLL_V1_V4_electrode_s10,phase2/results/predictions/full/mixed/resnet/seed_17/bandpass_n20001_cLL_V1_V4_electrode_s10.npz,76525,0b33b93cac20c6fe3425c8da60dc31ad15fec13cae35a236d743abd34fa4cd2b
resnet,mixed,17,bandpass_n20001_cLL_V1_V4_electrode_s5,phase2/results/predictions/full/mixed/resnet/seed_17/bandpass_n20001_cLL_V1_V4_electrode_s5.npz,76349,c100336000fc141e46cf57e5f82a2d0e5c9f49ed14d4be4f6e4685bb7bc2e3af
resnet,mixed,17,bandpass_n20001_cLL_V1_V4_electrode_s0,phase2/results/predictions/full/mixed/resnet/seed_17/bandpass_n20001_cLL_V1_V4_electrode_s0.npz,76015,057b05cd301760113f7afa25515ddd455a7e5c1f9e7315d279066e6a4c025ea1
resnet,mixed,17,bandpass_n20001_cLL_V1_V4_covariance_s20,phase2/results/predictions/full/mixed/resnet/seed_17/bandpass_n20001_cLL_V1_V4_covariance_s20.npz,76614,3bb5b087dce72e73c4e63cf6067c3f54de41ac27a45e24219f4a8e98cf2f29ed
resnet,mixed,17,bandpass_n20001_cLL_V1_V4_covariance_s15,phase2/results/predictions/full/mixed/resnet/seed_17/bandpass_n20001_cLL_V1_V4_covariance_s15.npz,76623,4291b779c2326a79e9892a5241462bfa341f502dc9db56e691dc876c84115424
resnet,mixed,17,bandpass_n20001_cLL_V1_V4_covariance_s10,phase2/results/predictions/full/mixed/resnet/seed_17/bandpass_n20001_cLL_V1_V4_covariance_s10.npz,76568,b145294067e3d4bb4868e5477c3d28fa58c9a651a4ff24ff481cc570a7a9b1c2
resnet,mixed,17,bandpass_n20001_cLL_V1_V4_covariance_s5,phase2/results/predictions/full/mixed/resnet/seed_17/bandpass_n20001_cLL_V1_V4_covariance_s5.npz,76330,fbda0e3ed63a7a3d70ecbd42a30f81da7f11b499fe3c102305138cc56f9ccf69
resnet,mixed,17,bandpass_n20001_cLL_V1_V4_covariance_s0,phase2/results/predictions/full/mixed/resnet/seed_17/bandpass_n20001_cLL_V1_V4_covariance_s0.npz,76026,6340125498f7b2a29568347500fd526659e5dd07b6a8c29dd8c039a7635e090f
resnet,mixed,17,bandpass_n20001_call_independent_rms_s20,phase2/results/predictions/full/mixed/resnet/seed_17/bandpass_n20001_call_independent_rms_s20.npz,76614,d1efd1b4c30267899a4a86cbdc3d4f5116c5b12b993b9cd0aab87e7404e46ac8
resnet,mixed,17,bandpass_n20001_call_independent_rms_s15,phase2/results/predictions/full/mixed/resnet/seed_17/bandpass_n20001_call_independent_rms_s15.npz,76596,98024b8a520da14cf43afc08804dfc2819462351302fa83759e99e8048bb1300
resnet,mixed,17,bandpass_n20001_call_independent_rms_s10,phase2/results/predictions/full/mixed/resnet/seed_17/bandpass_n20001_call_independent_rms_s10.npz,76580,5128852a4a3331fece103c0cd91c75c9e808b3ed841b6a78b590f07709b5d629
resnet,mixed,17,bandpass_n20001_call_independent_rms_s5,phase2/results/predictions/full/mixed/resnet/seed_17/bandpass_n20001_call_independent_rms_s5.npz,76468,515f0a0274ef757781bcdf6151888f8350d8b0ece601eb8db1a4753b86190ae8
resnet,mixed,17,bandpass_n20001_call_independent_rms_s0,phase2/results/predictions/full/mixed/resnet/seed_17/bandpass_n20001_call_independent_rms_s0.npz,76153,53235d644efc07f791accb88c97374296d176224a749835b827adf19819de4e2
resnet,mixed,17,bandpass_n20001_call_electrode_s20,phase2/results/predictions/full/mixed/resnet/seed_17/bandpass_n20001_call_electrode_s20.npz,76592,6a03d825847249c568b28e7dc7c6575dc2b74a308e74560c5559ed3a3f7889da
resnet,mixed,17,bandpass_n20001_call_electrode_s15,phase2/results/predictions/full/mixed/resnet/seed_17/bandpass_n20001_call_electrode_s15.npz,76579,41efa2ed85111134627f327bbeae3d3ad99fc1041014d6c8fb26500abe5e17ee
resnet,mixed,17,bandpass_n20001_call_electrode_s10,phase2/results/predictions/full/mixed/resnet/seed_17/bandpass_n20001_call_electrode_s10.npz,76541,840c13efe539a0d79ea42d0f6878fb3a3665a6d9a34ea4f60ddb36f3b760ddba
resnet,mixed,17,bandpass_n20001_call_electrode_s5,phase2/results/predictions/full/mixed/resnet/seed_17/bandpass_n20001_call_electrode_s5.npz,76323,a78c23805ce35633b12c4c7b80897052c6563a37622a30304bfdeeb55a74f8c9
resnet,mixed,17,bandpass_n20001_call_electrode_s0,phase2/results/predictions/full/mixed/resnet/seed_17/bandpass_n20001_call_electrode_s0.npz,76050,20f2622446b08b28082fa81582e0b1d0e4e533ac242aed22688a6ee9f2f140d7
resnet,mixed,17,bandpass_n20001_call_covariance_s20,phase2/results/predictions/full/mixed/resnet/seed_17/bandpass_n20001_call_covariance_s20.npz,76582,af1b8da3fefd8e997d85f77ebf40363fa05e201876f17974f214196216a19b2f
resnet,mixed,17,bandpass_n20001_call_covariance_s15,phase2/results/predictions/full/mixed/resnet/seed_17/bandpass_n20001_call_covariance_s15.npz,76550,1343ad8a289ec9f1eb41a47dfe302471a2da8d92b7e80bfd0423f75051104b67
resnet,mixed,17,bandpass_n20001_call_covariance_s10,phase2/results/predictions/full/mixed/resnet/seed_17/bandpass_n20001_call_covariance_s10.npz,76546,33a40f61ed7c36d3b7022661462c3076965c70b9c647f3fe1a5c0b8fe803077a
resnet,mixed,17,bandpass_n20001_call_covariance_s5,phase2/results/predictions/full/mixed/resnet/seed_17/bandpass_n20001_call_covariance_s5.npz,76366,819653f63b78469c83e1efc65e77f72449b2ae20cd4c6adecfb98f60a8f2f311
resnet,mixed,17,bandpass_n20001_call_covariance_s0,phase2/results/predictions/full/mixed/resnet/seed_17/bandpass_n20001_call_covariance_s0.npz,76030,5fc56619225a69fc5ddc553939d003fbae2c87472690975b2e181f63363077ff
resnet,mixed,17,bandpass_n20002_cRA_LA_LL_independent_rms_s20,phase2/results/predictions/full/mixed/resnet/seed_17/bandpass_n20002_cRA_LA_LL_independent_rms_s20.npz,76610,e2a600f6f535d81fa09e9aac1223e9fa1dedc29fc57a5192dfe7380b2984558b
resnet,mixed,17,bandpass_n20002_cRA_LA_LL_independent_rms_s15,phase2/results/predictions/full/mixed/resnet/seed_17/bandpass_n20002_cRA_LA_LL_independent_rms_s15.npz,76625,d1073522660abf4e0a982b1dc3f7ad7300afc1e451721b6417068b14a599c68e
resnet,mixed,17,bandpass_n20002_cRA_LA_LL_independent_rms_s10,phase2/results/predictions/full/mixed/resnet/seed_17/bandpass_n20002_cRA_LA_LL_independent_rms_s10.npz,76575,d4037da5c455a4e596ecba3784fc2d570e27691fa2ece929385e6fba0449943a
resnet,mixed,17,bandpass_n20002_cRA_LA_LL_independent_rms_s5,phase2/results/predictions/full/mixed/resnet/seed_17/bandpass_n20002_cRA_LA_LL_independent_rms_s5.npz,76460,5dbeee31e622caf460cca062b575a656ccb498b65bdebaf97f04b2aca44851f7
resnet,mixed,17,bandpass_n20002_cRA_LA_LL_independent_rms_s0,phase2/results/predictions/full/mixed/resnet/seed_17/bandpass_n20002_cRA_LA_LL_independent_rms_s0.npz,76169,f9ac429117f8c41c732daa26a5f2de7a42689c542a9902a767dd5a5322cfa547
resnet,mixed,17,bandpass_n20002_cRA_LA_LL_electrode_s20,phase2/results/predictions/full/mixed/resnet/seed_17/bandpass_n20002_cRA_LA_LL_electrode_s20.npz,76621,f322bda63684aaab2bf2e32ad1eaf5ea24d14ef0dad227404fa5527d1a788c36
resnet,mixed,17,bandpass_n20002_cRA_LA_LL_electrode_s15,phase2/results/predictions/full/mixed/resnet/seed_17/bandpass_n20002_cRA_LA_LL_electrode_s15.npz,76600,bb163bb9573ce6b921191c292fa0a5f41600806e521c2a1e48c1ff9cb766e4ed
resnet,mixed,17,bandpass_n20002_cRA_LA_LL_electrode_s10,phase2/results/predictions/full/mixed/resnet/seed_17/bandpass_n20002_cRA_LA_LL_electrode_s10.npz,76519,e5ca7dfc01e445a9fbccf9559bc8d0f8f161438c087393123b3266e7b221357f
resnet,mixed,17,bandpass_n20002_cRA_LA_LL_electrode_s5,phase2/results/predictions/full/mixed/resnet/seed_17/bandpass_n20002_cRA_LA_LL_electrode_s5.npz,76342,894ab30aa30eb8a978f1276db1426ed1b3bd9c2d69efac65d271fa709883cfef
resnet,mixed,17,bandpass_n20002_cRA_LA_LL_electrode_s0,phase2/results/predictions/full/mixed/resnet/seed_17/bandpass_n20002_cRA_LA_LL_electrode_s0.npz,75992,112086437e02c40c41e5eedfb91e0bd7bfee5e76fb1ec405e930d717c894f743
resnet,mixed,17,bandpass_n20002_cRA_LA_LL_covariance_s20,phase2/results/predictions/full/mixed/resnet/seed_17/bandpass_n20002_cRA_LA_LL_covariance_s20.npz,76607,4409088d4b3f65be8f0c6dfc6eef00f6c689cc877c3af185814249a129d5e8a7
resnet,mixed,17,bandpass_n20002_cRA_LA_LL_covariance_s15,phase2/results/predictions/full/mixed/resnet/seed_17/bandpass_n20002_cRA_LA_LL_covariance_s15.npz,76609,03ceba037e14c32de179d9bd8b644bf8ec158b4e9b31ae9ae962d155572e1e58
resnet,mixed,17,bandpass_n20002_cRA_LA_LL_covariance_s10,phase2/results/predictions/full/mixed/resnet/seed_17/bandpass_n20002_cRA_LA_LL_covariance_s10.npz,76543,a00a16874761a619445b8928dbf2cbf037579bbe2796d91720d586618ab25ce0
resnet,mixed,17,bandpass_n20002_cRA_LA_LL_covariance_s5,phase2/results/predictions/full/mixed/resnet/seed_17/bandpass_n20002_cRA_LA_LL_covariance_s5.npz,76332,2fd5c8dc254d09c4ee559c24ac75effbc792f7ca7e7ba9383f62c92dc15986f8
resnet,mixed,17,bandpass_n20002_cRA_LA_LL_covariance_s0,phase2/results/predictions/full/mixed/resnet/seed_17/bandpass_n20002_cRA_LA_LL_covariance_s0.npz,76003,f9096005225a3efd7a64c44c8917d38c72f0d831f2c19621c2651adefbd73497
resnet,mixed,17,bandpass_n20002_cV1_independent_rms_s20,phase2/results/predictions/full/mixed/resnet/seed_17/bandpass_n20002_cV1_independent_rms_s20.npz,76618,5dbccd74b99d22269ba871b6f02184ca5bda05d69caf6e2c8bf8bf3b1d74ea3c
resnet,mixed,17,bandpass_n20002_cV1_independent_rms_s15,phase2/results/predictions/full/mixed/resnet/seed_17/bandpass_n20002_cV1_independent_rms_s15.npz,76592,3592dca7fb99845016bb3b7b6b0ed1bf60e6a8eeb778716a3a827a913260afad
resnet,mixed,17,bandpass_n20002_cV1_independent_rms_s10,phase2/results/predictions/full/mixed/resnet/seed_17/bandpass_n20002_cV1_independent_rms_s10.npz,76588,8ce6af2a692ba31db0bf71eb8d35696da93c3514e6e73d281733e201fe8d0439
resnet,mixed,17,bandpass_n20002_cV1_independent_rms_s5,phase2/results/predictions/full/mixed/resnet/seed_17/bandpass_n20002_cV1_independent_rms_s5.npz,76413,ff43b87f8439eea6ee52e56a1726b14ab6ba86535553c7cc198b32191378da38
resnet,mixed,17,bandpass_n20002_cV1_independent_rms_s0,phase2/results/predictions/full/mixed/resnet/seed_17/bandpass_n20002_cV1_independent_rms_s0.npz,76086,8ab2ee1ce6c34eb8c1f9349be69ea832e1f5a399a8b41bc8b9b494c5752d9617
resnet,mixed,17,bandpass_n20002_cV1_electrode_s20,phase2/results/predictions/full/mixed/resnet/seed_17/bandpass_n20002_cV1_electrode_s20.npz,76601,a8044a5398cb7e5f0d8500d843f85934cc3325aec0aafc5dc9813aa05ed029f9
resnet,mixed,17,bandpass_n20002_cV1_electrode_s15,phase2/results/predictions/full/mixed/resnet/seed_17/bandpass_n20002_cV1_electrode_s15.npz,76582,594fbcd7b1d0c33f5b927db026cf190e4fbd1fb13fb482c0a4262a48e65e78ec
resnet,mixed,17,bandpass_n20002_cV1_electrode_s10,phase2/results/predictions/full/mixed/resnet/seed_17/bandpass_n20002_cV1_electrode_s10.npz,76539,cd4db2f7ab1c597f62af4adf7bb689f3f55ffc7c8446bc09c168533fc0f8350e
resnet,mixed,17,bandpass_n20002_cV1_electrode_s5,phase2/results/predictions/full/mixed/resnet/seed_17/bandpass_n20002_cV1_electrode_s5.npz,76389,bf9f9c41e9ef0a277ee6a6c76cd12f1104b7b66a0ccebc9b341842f2960dfcf5
resnet,mixed,17,bandpass_n20002_cV1_electrode_s0,phase2/results/predictions/full/mixed/resnet/seed_17/bandpass_n20002_cV1_electrode_s0.npz,76076,6439dbe69b21ebeb5ab71af29355f6b1541a2daa81de3545e26bbdfac669bd60
resnet,mixed,17,bandpass_n20002_cV1_covariance_s20,phase2/results/predictions/full/mixed/resnet/seed_17/bandpass_n20002_cV1_covariance_s20.npz,76594,8ec4614f6dcf452c9f7ab9aaa1b6a33572bf1ace33e398987632a4a3e13a85d8
resnet,mixed,17,bandpass_n20002_cV1_covariance_s15,phase2/results/predictions/full/mixed/resnet/seed_17/bandpass_n20002_cV1_covariance_s15.npz,76602,ddb626b16d17e753883c96d97c800144a4c35b7f6795a8925caa255d3aa9e3cd
resnet,mixed,17,bandpass_n20002_cV1_covariance_s10,phase2/results/predictions/full/mixed/resnet/seed_17/bandpass_n20002_cV1_covariance_s10.npz,76531,0ab949ea599619693702d7e30490597ba6db442e0d402ac8c8e7c33e2e2b7d02
resnet,mixed,17,bandpass_n20002_cV1_covariance_s5,phase2/results/predictions/full/mixed/resnet/seed_17/bandpass_n20002_cV1_covariance_s5.npz,76385,684f03c3930ffb6857b675718c0a0318ff7c14994dc0064cbc76df3e05a83346
resnet,mixed,17,bandpass_n20002_cV1_covariance_s0,phase2/results/predictions/full/mixed/resnet/seed_17/bandpass_n20002_cV1_covariance_s0.npz,76109,6c02465ee486ae07fdf2182928f9db6110a42a0916f64717a749e3fe22acc778
resnet,mixed,17,bandpass_n20002_cV2_independent_rms_s20,phase2/results/predictions/full/mixed/resnet/seed_17/bandpass_n20002_cV2_independent_rms_s20.npz,76612,676fa93e5cef257139dcfb510abe28156b76bac8030c3ea650a130ad0aa0599a
resnet,mixed,17,bandpass_n20002_cV2_independent_rms_s15,phase2/results/predictions/full/mixed/resnet/seed_17/bandpass_n20002_cV2_independent_rms_s15.npz,76626,e825dc50b29e54659f881cfa3c8d52ed0a446470e653361e5e12542306f69031
resnet,mixed,17,bandpass_n20002_cV2_independent_rms_s10,phase2/results/predictions/full/mixed/resnet/seed_17/bandpass_n20002_cV2_independent_rms_s10.npz,76608,998f3c06994faf1cc7dbe10245e9ceb6f6431e6b1bae85fc91290c7c64feab7b
resnet,mixed,17,bandpass_n20002_cV2_independent_rms_s5,phase2/results/predictions/full/mixed/resnet/seed_17/bandpass_n20002_cV2_independent_rms_s5.npz,76448,5ef2ebc291cd5c82adbc0c99ee71fabfdf57489229963bfe6abdbf0a9759ea12
resnet,mixed,17,bandpass_n20002_cV2_independent_rms_s0,phase2/results/predictions/full/mixed/resnet/seed_17/bandpass_n20002_cV2_independent_rms_s0.npz,76152,b115bf2ea72439e3cf70d3cca70982f36b21a4a9e1ca311185ef8762aab7a9bf
resnet,mixed,17,bandpass_n20002_cV2_electrode_s20,phase2/results/predictions/full/mixed/resnet/seed_17/bandpass_n20002_cV2_electrode_s20.npz,76595,dee662d754a67ba8c1c1908537fdac3deac388cf5633674115e347816586ad30
resnet,mixed,17,bandpass_n20002_cV2_electrode_s15,phase2/results/predictions/full/mixed/resnet/seed_17/bandpass_n20002_cV2_electrode_s15.npz,76568,780e8d8b344a730839d02c5db70e046924948b72d055fe78fdfd3f3eece70a22
resnet,mixed,17,bandpass_n20002_cV2_electrode_s10,phase2/results/predictions/full/mixed/resnet/seed_17/bandpass_n20002_cV2_electrode_s10.npz,76543,e0553506f97896dca0e31506103c2b20333e435e6936835e0f071a30f0763fe1
resnet,mixed,17,bandpass_n20002_cV2_electrode_s5,phase2/results/predictions/full/mixed/resnet/seed_17/bandpass_n20002_cV2_electrode_s5.npz,76458,d2cb4ffad5fa41ff6fe758337dc8b8c2c1c354d08f655b199e5ba084ac3f0006
resnet,mixed,17,bandpass_n20002_cV2_electrode_s0,phase2/results/predictions/full/mixed/resnet/seed_17/bandpass_n20002_cV2_electrode_s0.npz,76132,7a2a221ef11b77ae6bde5d03e473f409d9a3b504aa73747d08887add3d5d2b2f
resnet,mixed,17,bandpass_n20002_cV2_covariance_s20,phase2/results/predictions/full/mixed/resnet/seed_17/bandpass_n20002_cV2_covariance_s20.npz,76607,b2ff5bbb70f271cec81b75508e5fc8b43cbe4370f0df38c1dc73b5650cb9910e
resnet,mixed,17,bandpass_n20002_cV2_covariance_s15,phase2/results/predictions/full/mixed/resnet/seed_17/bandpass_n20002_cV2_covariance_s15.npz,76609,49d00f84127269e5bc3a71307090bd00e78159e5ddea16be352e8238efccd112
resnet,mixed,17,bandpass_n20002_cV2_covariance_s10,phase2/results/predictions/full/mixed/resnet/seed_17/bandpass_n20002_cV2_covariance_s10.npz,76563,a3a11948fb70d2ccad20a55a3ae711c4359a8b7fbc3c94b862fdd6d5f67094a3
resnet,mixed,17,bandpass_n20002_cV2_covariance_s5,phase2/results/predictions/full/mixed/resnet/seed_17/bandpass_n20002_cV2_covariance_s5.npz,76430,c440b9919549b7036826d7074d566e6a64150b1015effdffc84789a9bcf9cf9c
resnet,mixed,17,bandpass_n20002_cV2_covariance_s0,phase2/results/predictions/full/mixed/resnet/seed_17/bandpass_n20002_cV2_covariance_s0.npz,76146,92c371e4bd9943abf07ecab5bc4d7b4a722f340f141cea6e9aaad3092b931e08
resnet,mixed,17,bandpass_n20002_cV3_independent_rms_s20,phase2/results/predictions/full/mixed/resnet/seed_17/bandpass_n20002_cV3_independent_rms_s20.npz,76609,c103b55ec7570c4967ca1fde8fd7e9dc7dad83e36f6c6e126b21a5a12fee2f1a
resnet,mixed,17,bandpass_n20002_cV3_independent_rms_s15,phase2/results/predictions/full/mixed/resnet/seed_17/bandpass_n20002_cV3_independent_rms_s15.npz,76628,2fc9e9cd7ade6b316961d9586c203c560063c1d3ab5390785c6d301939a03b0e
resnet,mixed,17,bandpass_n20002_cV3_independent_rms_s10,phase2/results/predictions/full/mixed/resnet/seed_17/bandpass_n20002_cV3_independent_rms_s10.npz,76613,b7871de251deffe1aed9b502c991a7cd2ec1f752f45d8852b9d3638b33c23d03
resnet,mixed,17,bandpass_n20002_cV3_independent_rms_s5,phase2/results/predictions/full/mixed/resnet/seed_17/bandpass_n20002_cV3_independent_rms_s5.npz,76502,80557797959cf69e8166eb99c7c22ddc3d65c27b7dbc97fa5aa10b95080b36e4
resnet,mixed,17,bandpass_n20002_cV3_independent_rms_s0,phase2/results/predictions/full/mixed/resnet/seed_17/bandpass_n20002_cV3_independent_rms_s0.npz,76168,82f54576644fe1dc9045b214909caf997a465eafbf662444459bc768062a4971
resnet,mixed,17,bandpass_n20002_cV3_electrode_s20,phase2/results/predictions/full/mixed/resnet/seed_17/bandpass_n20002_cV3_electrode_s20.npz,76628,bdd9b97cdcf394e5f50de9c74f3a52fd90248010a0de28304cc1219e73a9e640
resnet,mixed,17,bandpass_n20002_cV3_electrode_s15,phase2/results/predictions/full/mixed/resnet/seed_17/bandpass_n20002_cV3_electrode_s15.npz,76600,eab182a2c890d39e353013567e680753ebbe47b0318a5fc998e1298886a2525c
resnet,mixed,17,bandpass_n20002_cV3_electrode_s10,phase2/results/predictions/full/mixed/resnet/seed_17/bandpass_n20002_cV3_electrode_s10.npz,76572,02dce66139eed328ecf375a2185e41a745fd080caf253d882d2b5868671bfc97
resnet,mixed,17,bandpass_n20002_cV3_electrode_s5,phase2/results/predictions/full/mixed/resnet/seed_17/bandpass_n20002_cV3_electrode_s5.npz,76460,1c46502bbd25486641862054845a810bbfb92538f835fa250746e9f4d0c54006
resnet,mixed,17,bandpass_n20002_cV3_electrode_s0,phase2/results/predictions/full/mixed/resnet/seed_17/bandpass_n20002_cV3_electrode_s0.npz,76171,a65c70eaf2da2533371195afb27bc6bf0e38f2273bdb7d4b8647a5c0c08cd975
resnet,mixed,17,bandpass_n20002_cV3_covariance_s20,phase2/results/predictions/full/mixed/resnet/seed_17/bandpass_n20002_cV3_covariance_s20.npz,76624,3d5de47c55646d5faac1c93bd5466e05d068ad80ccfcd779456b19363ec92a57
resnet,mixed,17,bandpass_n20002_cV3_covariance_s15,phase2/results/predictions/full/mixed/resnet/seed_17/bandpass_n20002_cV3_covariance_s15.npz,76640,afd7aefe4948a73741ea5392fe94e7b9488309c17c38b5f55aec151174f693eb
resnet,mixed,17,bandpass_n20002_cV3_covariance_s10,phase2/results/predictions/full/mixed/resnet/seed_17/bandpass_n20002_cV3_covariance_s10.npz,76577,cfe6a30d7d089cd875dea13fc764c8483a27e8fa98136c77209be5f8823ef0ef
resnet,mixed,17,bandpass_n20002_cV3_covariance_s5,phase2/results/predictions/full/mixed/resnet/seed_17/bandpass_n20002_cV3_covariance_s5.npz,76498,56295497f2cfc914cca4e8eac5997dcdfe034f965262f53ddda77a8a333879bd
resnet,mixed,17,bandpass_n20002_cV3_covariance_s0,phase2/results/predictions/full/mixed/resnet/seed_17/bandpass_n20002_cV3_covariance_s0.npz,76144,34ad202da9a289d08d085addc7eb7dd85a707a2b04894761f33d08647f61cbb0
resnet,mixed,17,bandpass_n20002_cV4_independent_rms_s20,phase2/results/predictions/full/mixed/resnet/seed_17/bandpass_n20002_cV4_independent_rms_s20.npz,76638,d2d62bba433a33da23ccecfbc1ec717a7c7540f017a9ccb7c22d0e991a5d103a
resnet,mixed,17,bandpass_n20002_cV4_independent_rms_s15,phase2/results/predictions/full/mixed/resnet/seed_17/bandpass_n20002_cV4_independent_rms_s15.npz,76614,7375815762f35583de197ff88cc509b59c4f9f7b250f9a44177178d104445fd0
resnet,mixed,17,bandpass_n20002_cV4_independent_rms_s10,phase2/results/predictions/full/mixed/resnet/seed_17/bandpass_n20002_cV4_independent_rms_s10.npz,76600,156d001db49303cdea874489149084cef703b972ea2032cf0bb7d1f1bb18cae9
resnet,mixed,17,bandpass_n20002_cV4_independent_rms_s5,phase2/results/predictions/full/mixed/resnet/seed_17/bandpass_n20002_cV4_independent_rms_s5.npz,76550,384c840e287cfb1618632831b8f09a57ca46a814888dab8729487ac72b117a8e
resnet,mixed,17,bandpass_n20002_cV4_independent_rms_s0,phase2/results/predictions/full/mixed/resnet/seed_17/bandpass_n20002_cV4_independent_rms_s0.npz,76342,72e5f015736b1882a72e6dcc946d7cbbff683e16b3af1cbb3e0efbdbff97fab0
resnet,mixed,17,bandpass_n20002_cV4_electrode_s20,phase2/results/predictions/full/mixed/resnet/seed_17/bandpass_n20002_cV4_electrode_s20.npz,76628,e6c2eb404b05154eef46dcdcd8dcc340f50fe179f925670ac9fa85c2e6097bc6
resnet,mixed,17,bandpass_n20002_cV4_electrode_s15,phase2/results/predictions/full/mixed/resnet/seed_17/bandpass_n20002_cV4_electrode_s15.npz,76635,6dda317f7cf4733a84e758cb8e52294bc62ec7aec5c3d7f36d0bcb3412f18522
resnet,mixed,17,bandpass_n20002_cV4_electrode_s10,phase2/results/predictions/full/mixed/resnet/seed_17/bandpass_n20002_cV4_electrode_s10.npz,76607,be84f420fed2334cfe2bd012035b2f1a88aa480dc69f9f4958af0a76d5d7c0bf
resnet,mixed,17,bandpass_n20002_cV4_electrode_s5,phase2/results/predictions/full/mixed/resnet/seed_17/bandpass_n20002_cV4_electrode_s5.npz,76535,05ba69864a374f66aec3af0996e4f07c4003177f08593e5d3612434cf6ba61a2
resnet,mixed,17,bandpass_n20002_cV4_electrode_s0,phase2/results/predictions/full/mixed/resnet/seed_17/bandpass_n20002_cV4_electrode_s0.npz,76389,0348a655ab17c37eab884e32c8e42928221cda418f0c72e8e5823d19d2b8e371
resnet,mixed,17,bandpass_n20002_cV4_covariance_s20,phase2/results/predictions/full/mixed/resnet/seed_17/bandpass_n20002_cV4_covariance_s20.npz,76563,207783b8c31feaeeeb3cbda5c38abe41e369018984deb2659a52b3493b977cc0
resnet,mixed,17,bandpass_n20002_cV4_covariance_s15,phase2/results/predictions/full/mixed/resnet/seed_17/bandpass_n20002_cV4_covariance_s15.npz,76605,a4412e6555fbd95da5c0524930b4f66b33b0d8307b03b7e09900685372fa0492
resnet,mixed,17,bandpass_n20002_cV4_covariance_s10,phase2/results/predictions/full/mixed/resnet/seed_17/bandpass_n20002_cV4_covariance_s10.npz,76607,becabf50ddfa8e52e5f738b569a3ba8e0b7da60e0bcde435f7d938a904dd2322
resnet,mixed,17,bandpass_n20002_cV4_covariance_s5,phase2/results/predictions/full/mixed/resnet/seed_17/bandpass_n20002_cV4_covariance_s5.npz,76547,a58c64c64a2c026e87f5cef480b87566a3c921f090672c781265875a1d0b54df
resnet,mixed,17,bandpass_n20002_cV4_covariance_s0,phase2/results/predictions/full/mixed/resnet/seed_17/bandpass_n20002_cV4_covariance_s0.npz,76366,0381edf04d4e8eb347ea454a2de6f953c3d13eb2c8a9eea657e5601a54f0925b
resnet,mixed,17,bandpass_n20002_cV5_independent_rms_s20,phase2/results/predictions/full/mixed/resnet/seed_17/bandpass_n20002_cV5_independent_rms_s20.npz,76632,c4b5f0c92a61797d5a4ea573b7c453ab823b75e46063cf4ad49ad58018ea04a4
resnet,mixed,17,bandpass_n20002_cV5_independent_rms_s15,phase2/results/predictions/full/mixed/resnet/seed_17/bandpass_n20002_cV5_independent_rms_s15.npz,76623,21f6ed824847f03fb61b89eb9e21eb120669f11b7cabb73ff465a1427faf85f1
resnet,mixed,17,bandpass_n20002_cV5_independent_rms_s10,phase2/results/predictions/full/mixed/resnet/seed_17/bandpass_n20002_cV5_independent_rms_s10.npz,76572,e59ee32270c892dfe8f05238cf1f86a45a07f2fdfd9640554fbc54b6e73bb052
resnet,mixed,17,bandpass_n20002_cV5_independent_rms_s5,phase2/results/predictions/full/mixed/resnet/seed_17/bandpass_n20002_cV5_independent_rms_s5.npz,76488,c9313e662c9b63a7b1cab09e73b51fab4476780aeacd30e0e1b6f5240b72248f
resnet,mixed,17,bandpass_n20002_cV5_independent_rms_s0,phase2/results/predictions/full/mixed/resnet/seed_17/bandpass_n20002_cV5_independent_rms_s0.npz,76260,2682d1fece2addf4582f5f2b8d3ece655f62da7c2ac3ada2c994ac8748035b4b
resnet,mixed,17,bandpass_n20002_cV5_electrode_s20,phase2/results/predictions/full/mixed/resnet/seed_17/bandpass_n20002_cV5_electrode_s20.npz,76595,d84347382ca613bc0f8373c2534a3d1ca01954c7297495071dcec19bc395198d
resnet,mixed,17,bandpass_n20002_cV5_electrode_s15,phase2/results/predictions/full/mixed/resnet/seed_17/bandpass_n20002_cV5_electrode_s15.npz,76610,68cad8092c9bb6d2a8d418fd878302571c3994684c5c3dc61d7c4451719307be
resnet,mixed,17,bandpass_n20002_cV5_electrode_s10,phase2/results/predictions/full/mixed/resnet/seed_17/bandpass_n20002_cV5_electrode_s10.npz,76562,b816ecda300f94628ebe5ae9857f4c69b44b7ee6530ef26cc16c89e1ab9d8668
resnet,mixed,17,bandpass_n20002_cV5_electrode_s5,phase2/results/predictions/full/mixed/resnet/seed_17/bandpass_n20002_cV5_electrode_s5.npz,76468,4cf7fd051770133a12e468700e94f57092adbe18cf7b990567c9c568c7a5c487
resnet,mixed,17,bandpass_n20002_cV5_electrode_s0,phase2/results/predictions/full/mixed/resnet/seed_17/bandpass_n20002_cV5_electrode_s0.npz,76183,2ac44a6ed12a34de4dac15df3dd59821327fc4550b82c59832e9f41a1dda6d83
resnet,mixed,17,bandpass_n20002_cV5_covariance_s20,phase2/results/predictions/full/mixed/resnet/seed_17/bandpass_n20002_cV5_covariance_s20.npz,76590,76781c2c16c46e127c62a715205b573ac199a1d184be25546b57772afbe564b2
resnet,mixed,17,bandpass_n20002_cV5_covariance_s15,phase2/results/predictions/full/mixed/resnet/seed_17/bandpass_n20002_cV5_covariance_s15.npz,76615,92a91283a4d1665e30d949d9eda08fb3d39d7828a005920e36a54ffdc78c485a
resnet,mixed,17,bandpass_n20002_cV5_covariance_s10,phase2/results/predictions/full/mixed/resnet/seed_17/bandpass_n20002_cV5_covariance_s10.npz,76578,57149029c4cb68b8ba1402553b7dae2ae41124b98e97cca73d6329de4cc06706
resnet,mixed,17,bandpass_n20002_cV5_covariance_s5,phase2/results/predictions/full/mixed/resnet/seed_17/bandpass_n20002_cV5_covariance_s5.npz,76462,0a25f8411a86a3a2ae9473d6b594b6fe6c1757bba941f833e94eb13d1bf18e28
resnet,mixed,17,bandpass_n20002_cV5_covariance_s0,phase2/results/predictions/full/mixed/resnet/seed_17/bandpass_n20002_cV5_covariance_s0.npz,76213,103f4943ca7314f8979b4ce5d4135623a6e45989c01457f8c5bb2fb1dd8f5e38
resnet,mixed,17,bandpass_n20002_cV6_independent_rms_s20,phase2/results/predictions/full/mixed/resnet/seed_17/bandpass_n20002_cV6_independent_rms_s20.npz,76599,7a83b4e04f3abaf28d4d74fd60c24235ac6ba06ca4a523d6804c9387978cfef3
resnet,mixed,17,bandpass_n20002_cV6_independent_rms_s15,phase2/results/predictions/full/mixed/resnet/seed_17/bandpass_n20002_cV6_independent_rms_s15.npz,76599,06e144ad7b38a825c290bad68e4a0badd2252134431a07b5fdfa5da678e98d2f
resnet,mixed,17,bandpass_n20002_cV6_independent_rms_s10,phase2/results/predictions/full/mixed/resnet/seed_17/bandpass_n20002_cV6_independent_rms_s10.npz,76553,13c749cfbf3af0325d3c72040ea8f7955407d50bff8f61834e9cbf8953827de2
resnet,mixed,17,bandpass_n20002_cV6_independent_rms_s5,phase2/results/predictions/full/mixed/resnet/seed_17/bandpass_n20002_cV6_independent_rms_s5.npz,76454,05b5d541fd67cd054108be9c9e16831ac67182f8451a1d71231a013868356f6c
resnet,mixed,17,bandpass_n20002_cV6_independent_rms_s0,phase2/results/predictions/full/mixed/resnet/seed_17/bandpass_n20002_cV6_independent_rms_s0.npz,76155,d8455066d1ac63e818af5f4df483c3b769d0138214d5f627c1e89b8a1d2c82ce
resnet,mixed,17,bandpass_n20002_cV6_electrode_s20,phase2/results/predictions/full/mixed/resnet/seed_17/bandpass_n20002_cV6_electrode_s20.npz,76612,54cbd9e49e471353eaa938efb545477b8e9b7c19018b66459cf8a3d52c938dd2
resnet,mixed,17,bandpass_n20002_cV6_electrode_s15,phase2/results/predictions/full/mixed/resnet/seed_17/bandpass_n20002_cV6_electrode_s15.npz,76600,d5cc1f7e9366343fc77596f89c4e1d4818e62b51a6fa6e8c6f1128c9512de08c
resnet,mixed,17,bandpass_n20002_cV6_electrode_s10,phase2/results/predictions/full/mixed/resnet/seed_17/bandpass_n20002_cV6_electrode_s10.npz,76549,7739615ddd70b43ee291865b98e4b99b5f0e577c2075fd02fd0ecfa4c6862675
resnet,mixed,17,bandpass_n20002_cV6_electrode_s5,phase2/results/predictions/full/mixed/resnet/seed_17/bandpass_n20002_cV6_electrode_s5.npz,76427,c97bbe7f0e1e0c66d918157efa4ed16a914a42039274778dce445b6f596233ea
resnet,mixed,17,bandpass_n20002_cV6_electrode_s0,phase2/results/predictions/full/mixed/resnet/seed_17/bandpass_n20002_cV6_electrode_s0.npz,76185,ca80c059549b2398a5fadc6482fd3580df4313b8d73a0eb3325bb0610627ab66
resnet,mixed,17,bandpass_n20002_cV6_covariance_s20,phase2/results/predictions/full/mixed/resnet/seed_17/bandpass_n20002_cV6_covariance_s20.npz,76598,3c9ac083d3be24aa7828a6a0efd75e79fc6737a007142210d8d10b4ba13de729
resnet,mixed,17,bandpass_n20002_cV6_covariance_s15,phase2/results/predictions/full/mixed/resnet/seed_17/bandpass_n20002_cV6_covariance_s15.npz,76604,2090b7c10dd4c7958a4ff8899c4bbdedc80d424638374f2d6d606d79fe872103
resnet,mixed,17,bandpass_n20002_cV6_covariance_s10,phase2/results/predictions/full/mixed/resnet/seed_17/bandpass_n20002_cV6_covariance_s10.npz,76564,2fb8f837089bb538e3f5fa81d1da0714474c9fab7ba352b17286877fa918d6f4
resnet,mixed,17,bandpass_n20002_cV6_covariance_s5,phase2/results/predictions/full/mixed/resnet/seed_17/bandpass_n20002_cV6_covariance_s5.npz,76412,688f0d763b3d85f81e8a32591211372adb2af7d00b84fbecbb0e3650cf1df69a
resnet,mixed,17,bandpass_n20002_cV6_covariance_s0,phase2/results/predictions/full/mixed/resnet/seed_17/bandpass_n20002_cV6_covariance_s0.npz,76171,57f4d3fd8041fd820bfbbd8be0590e4394134a0b6491597a8bb10e3d47476a15
resnet,mixed,17,bandpass_n20002_cRA_LA_independent_rms_s20,phase2/results/predictions/full/mixed/resnet/seed_17/bandpass_n20002_cRA_LA_independent_rms_s20.npz,76621,a20a701ec039617eea29b464172f9746d0823faf9fdaaa4c88346e15f4155856
resnet,mixed,17,bandpass_n20002_cRA_LA_independent_rms_s15,phase2/results/predictions/full/mixed/resnet/seed_17/bandpass_n20002_cRA_LA_independent_rms_s15.npz,76614,d1b63d5838de3b2e128ad2c1eb3bdb2ad95ef5c79fa7f4f24f33a980064e076e
resnet,mixed,17,bandpass_n20002_cRA_LA_independent_rms_s10,phase2/results/predictions/full/mixed/resnet/seed_17/bandpass_n20002_cRA_LA_independent_rms_s10.npz,76596,ef206198f07135a299d9cd33e79394971bd9b19fc884422557f5fcfe566b6656
resnet,mixed,17,bandpass_n20002_cRA_LA_independent_rms_s5,phase2/results/predictions/full/mixed/resnet/seed_17/bandpass_n20002_cRA_LA_independent_rms_s5.npz,76483,03ab281951d5b4b25dd36188d620698dcdc1012f186e0750f18b068be78d6704
resnet,mixed,17,bandpass_n20002_cRA_LA_independent_rms_s0,phase2/results/predictions/full/mixed/resnet/seed_17/bandpass_n20002_cRA_LA_independent_rms_s0.npz,76203,17f3ba485a3342254acc5b082bc1f7986595c1a9bbe10d635a541ab9e68c51ca
resnet,mixed,17,bandpass_n20002_cRA_LA_electrode_s20,phase2/results/predictions/full/mixed/resnet/seed_17/bandpass_n20002_cRA_LA_electrode_s20.npz,76602,292b445420b30d450a8aa584c09efa64a912167ed0eb185a7f6d4df55bfc6224
resnet,mixed,17,bandpass_n20002_cRA_LA_electrode_s15,phase2/results/predictions/full/mixed/resnet/seed_17/bandpass_n20002_cRA_LA_electrode_s15.npz,76588,7ae698dba0d0201c111db02b87ebfc1aefff6911ff2f4b0a4b635a7a30b65bc4
resnet,mixed,17,bandpass_n20002_cRA_LA_electrode_s10,phase2/results/predictions/full/mixed/resnet/seed_17/bandpass_n20002_cRA_LA_electrode_s10.npz,76527,59cf5e6d4803517a5b8f477f8631658e333c3b2337aa383ffd9de5a10e38355d
resnet,mixed,17,bandpass_n20002_cRA_LA_electrode_s5,phase2/results/predictions/full/mixed/resnet/seed_17/bandpass_n20002_cRA_LA_electrode_s5.npz,76334,e68aa21f7a9f63272e0ea6c54d3e7f7c7b2172b2e18048a011eef81ef47001bf
resnet,mixed,17,bandpass_n20002_cRA_LA_electrode_s0,phase2/results/predictions/full/mixed/resnet/seed_17/bandpass_n20002_cRA_LA_electrode_s0.npz,76047,39a5a470d85de735c8ef628987617d0d01fa0f9ca85ee744667a1f0741d55376
resnet,mixed,17,bandpass_n20002_cRA_LA_covariance_s20,phase2/results/predictions/full/mixed/resnet/seed_17/bandpass_n20002_cRA_LA_covariance_s20.npz,76596,f39cdfc9ae1a5333b7e2b6beec107e01d91dac687b3e8a762eac7ad11c0cb3d8
resnet,mixed,17,bandpass_n20002_cRA_LA_covariance_s15,phase2/results/predictions/full/mixed/resnet/seed_17/bandpass_n20002_cRA_LA_covariance_s15.npz,76586,96b5b78e94500a41ade62b04edfee5aaa854a94f4c136d075421075f3ea7c5fe
resnet,mixed,17,bandpass_n20002_cRA_LA_covariance_s10,phase2/results/predictions/full/mixed/resnet/seed_17/bandpass_n20002_cRA_LA_covariance_s10.npz,76502,4b1934830f72324efede6ad474d76bac21b16ced6d6ed0dd5750e7abe0dfe93a
resnet,mixed,17,bandpass_n20002_cRA_LA_covariance_s5,phase2/results/predictions/full/mixed/resnet/seed_17/bandpass_n20002_cRA_LA_covariance_s5.npz,76371,b70670b19b125b81a47a26113bd8c5318c5605797ade85f294d51864a8905003
resnet,mixed,17,bandpass_n20002_cRA_LA_covariance_s0,phase2/results/predictions/full/mixed/resnet/seed_17/bandpass_n20002_cRA_LA_covariance_s0.npz,76038,d64eecd8bd5d401927d03ba5c530c781ea6f6e0ffaef136d390396c1601e47d3
resnet,mixed,17,bandpass_n20002_cLA_LL_independent_rms_s20,phase2/results/predictions/full/mixed/resnet/seed_17/bandpass_n20002_cLA_LL_independent_rms_s20.npz,76617,5d9db0b0ecdf86841c73339801845ca95d5c1b4d17381b3eb2937ec6eb5e2f2d
resnet,mixed,17,bandpass_n20002_cLA_LL_independent_rms_s15,phase2/results/predictions/full/mixed/resnet/seed_17/bandpass_n20002_cLA_LL_independent_rms_s15.npz,76619,e9b4c265933733261ea50cccf14d251d527cd17c1086cb0cc7b431832e94e96f
resnet,mixed,17,bandpass_n20002_cLA_LL_independent_rms_s10,phase2/results/predictions/full/mixed/resnet/seed_17/bandpass_n20002_cLA_LL_independent_rms_s10.npz,76610,1e36eb8670bcf7749515233bfbf7d8c3ca29105c34271f6ea90b386dd0e9f45f
resnet,mixed,17,bandpass_n20002_cLA_LL_independent_rms_s5,phase2/results/predictions/full/mixed/resnet/seed_17/bandpass_n20002_cLA_LL_independent_rms_s5.npz,76469,63e844ce054740022532c5ceea073f807f0e31b636265363190f1c9b34478ce3
resnet,mixed,17,bandpass_n20002_cLA_LL_independent_rms_s0,phase2/results/predictions/full/mixed/resnet/seed_17/bandpass_n20002_cLA_LL_independent_rms_s0.npz,76181,89e74d3f21c233cb91bcc48491bb821b96a0fb5b9c7e63cfd011fdd7bb4eb8d5
resnet,mixed,17,bandpass_n20002_cLA_LL_electrode_s20,phase2/results/predictions/full/mixed/resnet/seed_17/bandpass_n20002_cLA_LL_electrode_s20.npz,76618,63e207af49aa1014abc97bcce3804caad87cd286f70dd068a6171ff4bf5d13a5
resnet,mixed,17,bandpass_n20002_cLA_LL_electrode_s15,phase2/results/predictions/full/mixed/resnet/seed_17/bandpass_n20002_cLA_LL_electrode_s15.npz,76624,acd641e16097ddb342a46dfac7a46c59f49495fbfac9e177ba00e6f3296eb875
resnet,mixed,17,bandpass_n20002_cLA_LL_electrode_s10,phase2/results/predictions/full/mixed/resnet/seed_17/bandpass_n20002_cLA_LL_electrode_s10.npz,76511,26387cb3a4214db73cd2e6c1001f955a053e74f1415494d3131ca59504d2843a
resnet,mixed,17,bandpass_n20002_cLA_LL_electrode_s5,phase2/results/predictions/full/mixed/resnet/seed_17/bandpass_n20002_cLA_LL_electrode_s5.npz,76303,f1c8e2407a25fef8484230db1a23d6bf52fc837d733738a48e08ae6a68bbebe6
resnet,mixed,17,bandpass_n20002_cLA_LL_electrode_s0,phase2/results/predictions/full/mixed/resnet/seed_17/bandpass_n20002_cLA_LL_electrode_s0.npz,75943,2aead58d723a08e1262f5caac4f64637ab0cc5c22c85403397379769d10e4046
resnet,mixed,17,bandpass_n20002_cLA_LL_covariance_s20,phase2/results/predictions/full/mixed/resnet/seed_17/bandpass_n20002_cLA_LL_covariance_s20.npz,76600,7d4109e01c68a3d80b125e5c0abf680a64fcf5f75142bdd5e828cbe29b619d24
resnet,mixed,17,bandpass_n20002_cLA_LL_covariance_s15,phase2/results/predictions/full/mixed/resnet/seed_17/bandpass_n20002_cLA_LL_covariance_s15.npz,76615,5fc637332fb3b971104da92cc3ec58e83cb697e65330320bddd4f5ea2a16f4ab
resnet,mixed,17,bandpass_n20002_cLA_LL_covariance_s10,phase2/results/predictions/full/mixed/resnet/seed_17/bandpass_n20002_cLA_LL_covariance_s10.npz,76510,9d6404ce93fbb574cd0ab8b54382fe9c761f598179f36e5c607d7e3fd150b9c2
resnet,mixed,17,bandpass_n20002_cLA_LL_covariance_s5,phase2/results/predictions/full/mixed/resnet/seed_17/bandpass_n20002_cLA_LL_covariance_s5.npz,76348,f1e00e9710a087927bd9859e5ad31e118079bc4ad172e4a92e3e7419e42d68ee
resnet,mixed,17,bandpass_n20002_cLA_LL_covariance_s0,phase2/results/predictions/full/mixed/resnet/seed_17/bandpass_n20002_cLA_LL_covariance_s0.npz,75967,6a90dfbd3dd50836ff6ed4fb44412c6cb9e601578fba7450234f1896ac778da1
resnet,mixed,17,bandpass_n20002_cRA_LL_independent_rms_s20,phase2/results/predictions/full/mixed/resnet/seed_17/bandpass_n20002_cRA_LL_independent_rms_s20.npz,76611,790535fca4d6ca89c51d779cb8ed5b1da91e59ceb1ed933d708b584bc67aca05
resnet,mixed,17,bandpass_n20002_cRA_LL_independent_rms_s15,phase2/results/predictions/full/mixed/resnet/seed_17/bandpass_n20002_cRA_LL_independent_rms_s15.npz,76635,c63a60878d4a791e3860ac9fe049ddaa1fd255262cdaa8b5069a9ac74961cf89
resnet,mixed,17,bandpass_n20002_cRA_LL_independent_rms_s10,phase2/results/predictions/full/mixed/resnet/seed_17/bandpass_n20002_cRA_LL_independent_rms_s10.npz,76575,95a5e5c61f5552478cf4cb3689547cadae85fee79eee5da54c6af2a1d76e22e5
resnet,mixed,17,bandpass_n20002_cRA_LL_independent_rms_s5,phase2/results/predictions/full/mixed/resnet/seed_17/bandpass_n20002_cRA_LL_independent_rms_s5.npz,76428,683a12d350af33b7f5373cbcce5e06bb519886112e27a7f64b19f6cc9fcbc36a
resnet,mixed,17,bandpass_n20002_cRA_LL_independent_rms_s0,phase2/results/predictions/full/mixed/resnet/seed_17/bandpass_n20002_cRA_LL_independent_rms_s0.npz,76175,1ee5936f7ea85814910044033cd3d1e75c1613a2faad420374f773f4f1b335f2
resnet,mixed,17,bandpass_n20002_cRA_LL_electrode_s20,phase2/results/predictions/full/mixed/resnet/seed_17/bandpass_n20002_cRA_LL_electrode_s20.npz,76622,dc86d5ec99baa2e32eeef29d81409a2317e2ade0c9850743da6f2651c0f674a1
resnet,mixed,17,bandpass_n20002_cRA_LL_electrode_s15,phase2/results/predictions/full/mixed/resnet/seed_17/bandpass_n20002_cRA_LL_electrode_s15.npz,76592,db99aafbf497ab43c8a9991d2d9871e7c6af25a3f5ae349a63837269545e09fe
resnet,mixed,17,bandpass_n20002_cRA_LL_electrode_s10,phase2/results/predictions/full/mixed/resnet/seed_17/bandpass_n20002_cRA_LL_electrode_s10.npz,76526,bf6db9e38233f6893b89a8dc4f28dd0bd929895eebcdc2f770221735023a3636
resnet,mixed,17,bandpass_n20002_cRA_LL_electrode_s5,phase2/results/predictions/full/mixed/resnet/seed_17/bandpass_n20002_cRA_LL_electrode_s5.npz,76338,e7f940805b16e176bd5fbb6afa62e0443ecaa4ccd7051f9a252a7f2294eaa834
resnet,mixed,17,bandpass_n20002_cRA_LL_electrode_s0,phase2/results/predictions/full/mixed/resnet/seed_17/bandpass_n20002_cRA_LL_electrode_s0.npz,75977,e2d8c96c04f1f8ebc4fcc4ac30ee5cb5c28826ab1f2da09394c700c9bc38f0f9
resnet,mixed,17,bandpass_n20002_cRA_LL_covariance_s20,phase2/results/predictions/full/mixed/resnet/seed_17/bandpass_n20002_cRA_LL_covariance_s20.npz,76647,6753a55c1aafdd6a6a1ad76fe01f5cbe98dc02b81035f9ad330e45411d2fdfe0
resnet,mixed,17,bandpass_n20002_cRA_LL_covariance_s15,phase2/results/predictions/full/mixed/resnet/seed_17/bandpass_n20002_cRA_LL_covariance_s15.npz,76633,cb15c9c705d5fa30ef58337b16eb1e17565fda62fb208590a861a052f16da1dc
resnet,mixed,17,bandpass_n20002_cRA_LL_covariance_s10,phase2/results/predictions/full/mixed/resnet/seed_17/bandpass_n20002_cRA_LL_covariance_s10.npz,76542,fb4434efbae89f7c4cd4dbbfd4ebd95810ea0f985b054c9c100c8b68e5f2e8ee
resnet,mixed,17,bandpass_n20002_cRA_LL_covariance_s5,phase2/results/predictions/full/mixed/resnet/seed_17/bandpass_n20002_cRA_LL_covariance_s5.npz,76344,b2de672f737ce7f0225af92eea4bb0ff9ce87ff35225b895cf520f0f63213ce2
resnet,mixed,17,bandpass_n20002_cRA_LL_covariance_s0,phase2/results/predictions/full/mixed/resnet/seed_17/bandpass_n20002_cRA_LL_covariance_s0.npz,75993,6cf362d928b47b1efd3d45000e019a792be5b45093b91562bb83d716642086b2
resnet,mixed,17,bandpass_n20002_cRA_independent_rms_s20,phase2/results/predictions/full/mixed/resnet/seed_17/bandpass_n20002_cRA_independent_rms_s20.npz,76623,9b4902ea37b9ac8c72c773697d0f40ffbfe4623c777448c1eb4be8ee193baa3a
resnet,mixed,17,bandpass_n20002_cRA_independent_rms_s15,phase2/results/predictions/full/mixed/resnet/seed_17/bandpass_n20002_cRA_independent_rms_s15.npz,76611,19d7d2924077c0631fe27fd293cffa983b2d05998fa6caa1ce24a2e960a11b63
resnet,mixed,17,bandpass_n20002_cRA_independent_rms_s10,phase2/results/predictions/full/mixed/resnet/seed_17/bandpass_n20002_cRA_independent_rms_s10.npz,76592,78c07d3477479f61febff0857ec7cecd078c77f99b1dbfab6981145f1e234f04
resnet,mixed,17,bandpass_n20002_cRA_independent_rms_s5,phase2/results/predictions/full/mixed/resnet/seed_17/bandpass_n20002_cRA_independent_rms_s5.npz,76492,87b1093dfeda9f8d9af21885fe40f667044809403728d36520056aeb2a49bd31
resnet,mixed,17,bandpass_n20002_cRA_independent_rms_s0,phase2/results/predictions/full/mixed/resnet/seed_17/bandpass_n20002_cRA_independent_rms_s0.npz,76185,52b71484092c970d85404c7231897182affae9311429ea69dbfd4867a2e28c0b
resnet,mixed,17,bandpass_n20002_cRA_electrode_s20,phase2/results/predictions/full/mixed/resnet/seed_17/bandpass_n20002_cRA_electrode_s20.npz,76585,5ae3add3b79d8ad0d650c3ae96c6e17413ecd0d12d01a783d794764604b5a8b8
resnet,mixed,17,bandpass_n20002_cRA_electrode_s15,phase2/results/predictions/full/mixed/resnet/seed_17/bandpass_n20002_cRA_electrode_s15.npz,76583,0eeea5c9a7353da45a2bc786e63b408987564fc5898e07d02b225ab30b7891bc
resnet,mixed,17,bandpass_n20002_cRA_electrode_s10,phase2/results/predictions/full/mixed/resnet/seed_17/bandpass_n20002_cRA_electrode_s10.npz,76539,675c2c50a235b55e3224a230a6d392acd62824a884e5d973c766df88c427d7c3
resnet,mixed,17,bandpass_n20002_cRA_electrode_s5,phase2/results/predictions/full/mixed/resnet/seed_17/bandpass_n20002_cRA_electrode_s5.npz,76359,573af35778649975ee0af98368546d87b6b7b948ffbd4a830ea83236abe3e1a1
resnet,mixed,17,bandpass_n20002_cRA_electrode_s0,phase2/results/predictions/full/mixed/resnet/seed_17/bandpass_n20002_cRA_electrode_s0.npz,76093,8ed3f739528c7992ed78822031a2b3ef7e795bcac5a4f7577179946c9cbeef98
resnet,mixed,17,bandpass_n20002_cRA_covariance_s20,phase2/results/predictions/full/mixed/resnet/seed_17/bandpass_n20002_cRA_covariance_s20.npz,76654,36a4b3a9411c1f9f469d40e6f8d9a5c174c7f7e80bcf2e15f3bb960bd225a968
resnet,mixed,17,bandpass_n20002_cRA_covariance_s15,phase2/results/predictions/full/mixed/resnet/seed_17/bandpass_n20002_cRA_covariance_s15.npz,76586,741af5db90d0c891d8c5997c793d23d76cb6e37ea60ade4795c146ea51c40530
resnet,mixed,17,bandpass_n20002_cRA_covariance_s10,phase2/results/predictions/full/mixed/resnet/seed_17/bandpass_n20002_cRA_covariance_s10.npz,76543,3993e25312f8351d0b6fe801375daabb58c2919573e4543ecdd0965579f4aca5
resnet,mixed,17,bandpass_n20002_cRA_covariance_s5,phase2/results/predictions/full/mixed/resnet/seed_17/bandpass_n20002_cRA_covariance_s5.npz,76369,d70d14aec201b74eb57bbb267f6ad43480697d629161b54f42a4f332e546b7db
resnet,mixed,17,bandpass_n20002_cRA_covariance_s0,phase2/results/predictions/full/mixed/resnet/seed_17/bandpass_n20002_cRA_covariance_s0.npz,76114,d8f8a36a92168089ccac9d65f42dea77edb256fde3ae21db16272cbfc564314e
resnet,mixed,17,bandpass_n20002_cLA_independent_rms_s20,phase2/results/predictions/full/mixed/resnet/seed_17/bandpass_n20002_cLA_independent_rms_s20.npz,76627,eebf14d819bff9dd7a2ee4f5aeb3443a4c9ed5a28fcdd4b263b1e56f959eac32
resnet,mixed,17,bandpass_n20002_cLA_independent_rms_s15,phase2/results/predictions/full/mixed/resnet/seed_17/bandpass_n20002_cLA_independent_rms_s15.npz,76600,6a1263b08e54a6b4122701696a4cc6038cd5fe5a0366509ea700b16294f948a0
resnet,mixed,17,bandpass_n20002_cLA_independent_rms_s10,phase2/results/predictions/full/mixed/resnet/seed_17/bandpass_n20002_cLA_independent_rms_s10.npz,76600,93a7b648846231556906c4d35c3e4f71d8ed422b7da67090707afa362971ff10
resnet,mixed,17,bandpass_n20002_cLA_independent_rms_s5,phase2/results/predictions/full/mixed/resnet/seed_17/bandpass_n20002_cLA_independent_rms_s5.npz,76458,57e022be9e94dbdb73702c9185704a1070d6d103da583558e319eaff6a166a20
resnet,mixed,17,bandpass_n20002_cLA_independent_rms_s0,phase2/results/predictions/full/mixed/resnet/seed_17/bandpass_n20002_cLA_independent_rms_s0.npz,76214,93ada2349a2b926c9e64e44eca359d7af68e77619031619a0c4de16ec86e06ee
resnet,mixed,17,bandpass_n20002_cLA_electrode_s20,phase2/results/predictions/full/mixed/resnet/seed_17/bandpass_n20002_cLA_electrode_s20.npz,76638,2affb89292f913310833bbc46a7949b0753b8b52a29d27ff31adab36e3e96885
resnet,mixed,17,bandpass_n20002_cLA_electrode_s15,phase2/results/predictions/full/mixed/resnet/seed_17/bandpass_n20002_cLA_electrode_s15.npz,76609,a533709dbc6c7b20bae38d245fa496fb24181c6b2468d4215d5d9772a29a9d4f
resnet,mixed,17,bandpass_n20002_cLA_electrode_s10,phase2/results/predictions/full/mixed/resnet/seed_17/bandpass_n20002_cLA_electrode_s10.npz,76529,d75ec6b9e27575a9fe86fa8dc2835552bbda85b8030a8b0a7c190c049f30dccb
resnet,mixed,17,bandpass_n20002_cLA_electrode_s5,phase2/results/predictions/full/mixed/resnet/seed_17/bandpass_n20002_cLA_electrode_s5.npz,76342,2601d1422efea8aad34fbdb75ae439a981734f2cd33553493a2f7947251c7caa
resnet,mixed,17,bandpass_n20002_cLA_electrode_s0,phase2/results/predictions/full/mixed/resnet/seed_17/bandpass_n20002_cLA_electrode_s0.npz,75949,982aea96f1533cd3bdb541433b7498d98e3f451ab765678cb3eea51688e2b5d6
resnet,mixed,17,bandpass_n20002_cLA_covariance_s20,phase2/results/predictions/full/mixed/resnet/seed_17/bandpass_n20002_cLA_covariance_s20.npz,76616,5561b6bedc1af41a5f26ab3b16f5396279ac00e54cca8815d872031523788172
resnet,mixed,17,bandpass_n20002_cLA_covariance_s15,phase2/results/predictions/full/mixed/resnet/seed_17/bandpass_n20002_cLA_covariance_s15.npz,76625,60769f39ac65cf443de97494abd96ca1e85429029e17369bc8c62f9166d48373
resnet,mixed,17,bandpass_n20002_cLA_covariance_s10,phase2/results/predictions/full/mixed/resnet/seed_17/bandpass_n20002_cLA_covariance_s10.npz,76566,3f7d422e3375d35d67061c2b61a5037d226aa772beb2d39950309262cb2bd82e
resnet,mixed,17,bandpass_n20002_cLA_covariance_s5,phase2/results/predictions/full/mixed/resnet/seed_17/bandpass_n20002_cLA_covariance_s5.npz,76352,b55e152b6458b6f54e9caa99abed5d38c4030ee3d776d2bb422e54e3c3df5f67
resnet,mixed,17,bandpass_n20002_cLA_covariance_s0,phase2/results/predictions/full/mixed/resnet/seed_17/bandpass_n20002_cLA_covariance_s0.npz,75975,9e244301eeb651842b679b72d3eb31d7c99b6a25e60a7f9c66f661bed48094ba
resnet,mixed,17,bandpass_n20002_cLL_independent_rms_s20,phase2/results/predictions/full/mixed/resnet/seed_17/bandpass_n20002_cLL_independent_rms_s20.npz,76614,7168b4c20ba31518e4315822641509fb76f3cd4351e374d35fec9361a35a4573
resnet,mixed,17,bandpass_n20002_cLL_independent_rms_s15,phase2/results/predictions/full/mixed/resnet/seed_17/bandpass_n20002_cLL_independent_rms_s15.npz,76616,874ece9abf717c0e0d62c4a09067439aecacf3b1eed4f7956f7c47ecba5d12a0
resnet,mixed,17,bandpass_n20002_cLL_independent_rms_s10,phase2/results/predictions/full/mixed/resnet/seed_17/bandpass_n20002_cLL_independent_rms_s10.npz,76610,e08c0a98023362ff8e7409803dbee7c2f422a4a8748f716750b45a0794b37112
resnet,mixed,17,bandpass_n20002_cLL_independent_rms_s5,phase2/results/predictions/full/mixed/resnet/seed_17/bandpass_n20002_cLL_independent_rms_s5.npz,76427,01f6cab131dea643724af45396cb31c499c8edefacab74ee409d3679889cd507
resnet,mixed,17,bandpass_n20002_cLL_independent_rms_s0,phase2/results/predictions/full/mixed/resnet/seed_17/bandpass_n20002_cLL_independent_rms_s0.npz,76118,02bbd7f0eefea06cfa20d1c84099287240c70d8d6dabcb1b282250a966568322
resnet,mixed,17,bandpass_n20002_cLL_electrode_s20,phase2/results/predictions/full/mixed/resnet/seed_17/bandpass_n20002_cLL_electrode_s20.npz,76604,18bc6730e146507a653b7b81a2915221270eecd4f528aa770f4ab5158611b187
resnet,mixed,17,bandpass_n20002_cLL_electrode_s15,phase2/results/predictions/full/mixed/resnet/seed_17/bandpass_n20002_cLL_electrode_s15.npz,76599,a4903e5668fc8fc1f62029c6129d5870f2d93ca896d13550287b59b0eb9eadc8
resnet,mixed,17,bandpass_n20002_cLL_electrode_s10,phase2/results/predictions/full/mixed/resnet/seed_17/bandpass_n20002_cLL_electrode_s10.npz,76504,36bbf3d85ab3f8e1915cf767e5e42b0243d4facff31a197987b0cb114fbb1119
resnet,mixed,17,bandpass_n20002_cLL_electrode_s5,phase2/results/predictions/full/mixed/resnet/seed_17/bandpass_n20002_cLL_electrode_s5.npz,76282,603a9486e3390e433d8120c3298a2d298cdfbdcf882b643970103a87f94229c3
resnet,mixed,17,bandpass_n20002_cLL_electrode_s0,phase2/results/predictions/full/mixed/resnet/seed_17/bandpass_n20002_cLL_electrode_s0.npz,75922,26f869b20070b50029022766e6ca9507277f673f4ea3693f532414b2ca07e406
resnet,mixed,17,bandpass_n20002_cLL_covariance_s20,phase2/results/predictions/full/mixed/resnet/seed_17/bandpass_n20002_cLL_covariance_s20.npz,76580,e32de1a68d634f0e62cacbe625f3e844b90a23c113e61d276f114bb186f29eca
resnet,mixed,17,bandpass_n20002_cLL_covariance_s15,phase2/results/predictions/full/mixed/resnet/seed_17/bandpass_n20002_cLL_covariance_s15.npz,76602,6d8e1f28d26f8d4b0670c4403bb440608adb553f4eeb9c1d63d40d414a1bd927
resnet,mixed,17,bandpass_n20002_cLL_covariance_s10,phase2/results/predictions/full/mixed/resnet/seed_17/bandpass_n20002_cLL_covariance_s10.npz,76505,c3e97b1eb23a29a8ef1bb3af837f1299020366be1771cb63f932c7cc4cdac2e3
resnet,mixed,17,bandpass_n20002_cLL_covariance_s5,phase2/results/predictions/full/mixed/resnet/seed_17/bandpass_n20002_cLL_covariance_s5.npz,76293,cfec8c92cf4d2daf14897d4da606c95804074be175695d84bce50c1c796b5b28
resnet,mixed,17,bandpass_n20002_cLL_covariance_s0,phase2/results/predictions/full/mixed/resnet/seed_17/bandpass_n20002_cLL_covariance_s0.npz,75918,fa27fb0aec75de29fbc798b578a35a6432670119c0657979e6b6feed72821b23
resnet,mixed,17,bandpass_n20002_cRA_V1_independent_rms_s20,phase2/results/predictions/full/mixed/resnet/seed_17/bandpass_n20002_cRA_V1_independent_rms_s20.npz,76672,b7d7bd616411f3a5646bbe67ae345e7bb68e64e82f8abbfced2c68f05a096342
resnet,mixed,17,bandpass_n20002_cRA_V1_independent_rms_s15,phase2/results/predictions/full/mixed/resnet/seed_17/bandpass_n20002_cRA_V1_independent_rms_s15.npz,76625,745003444cd3eb14d0ffd722da80bf8e331f89e69999a19bfd55326bc00f5da7
resnet,mixed,17,bandpass_n20002_cRA_V1_independent_rms_s10,phase2/results/predictions/full/mixed/resnet/seed_17/bandpass_n20002_cRA_V1_independent_rms_s10.npz,76597,14854f30bcb1363dc762891cf7b55bd929969d947a7c0e9e6ceb3f64edc18131
resnet,mixed,17,bandpass_n20002_cRA_V1_independent_rms_s5,phase2/results/predictions/full/mixed/resnet/seed_17/bandpass_n20002_cRA_V1_independent_rms_s5.npz,76450,f13ca61d7484768793656514203658a889276f3ce02a06ac115c7df36b9b04d8
resnet,mixed,17,bandpass_n20002_cRA_V1_independent_rms_s0,phase2/results/predictions/full/mixed/resnet/seed_17/bandpass_n20002_cRA_V1_independent_rms_s0.npz,76151,5e64bf43ec1a8428b5d6e1933f33494b13aaf7f44d2bce58fb16cbb7ab13012a
resnet,mixed,17,bandpass_n20002_cRA_V1_electrode_s20,phase2/results/predictions/full/mixed/resnet/seed_17/bandpass_n20002_cRA_V1_electrode_s20.npz,76655,3ee28835f788d0580ab2b80a2274e819047456af0d62472e3bd70c588480a244
resnet,mixed,17,bandpass_n20002_cRA_V1_electrode_s15,phase2/results/predictions/full/mixed/resnet/seed_17/bandpass_n20002_cRA_V1_electrode_s15.npz,76616,bafe0909c9d1d2cb1d6380f6f504a8dac87f833a1e0bf75a71dca4486aa6f278
resnet,mixed,17,bandpass_n20002_cRA_V1_electrode_s10,phase2/results/predictions/full/mixed/resnet/seed_17/bandpass_n20002_cRA_V1_electrode_s10.npz,76518,eeab94e1722a15749feb2e054204dc515ad1cabebc0c312dd99afc7148e83d92
resnet,mixed,17,bandpass_n20002_cRA_V1_electrode_s5,phase2/results/predictions/full/mixed/resnet/seed_17/bandpass_n20002_cRA_V1_electrode_s5.npz,76388,f4fd582b4a62fe17e397dcd31b9842d337f54dddb17c7ebd293ab05b41f50219
resnet,mixed,17,bandpass_n20002_cRA_V1_electrode_s0,phase2/results/predictions/full/mixed/resnet/seed_17/bandpass_n20002_cRA_V1_electrode_s0.npz,76024,ad89b363b340425ea60d6fd0060fea4b3d151f59ac930231ac329d3e0c72cece
resnet,mixed,17,bandpass_n20002_cRA_V1_covariance_s20,phase2/results/predictions/full/mixed/resnet/seed_17/bandpass_n20002_cRA_V1_covariance_s20.npz,76656,ff5852bbfa4b5778965576c6efd0989f0bac8bce814ab7d852acf748138491a5
resnet,mixed,17,bandpass_n20002_cRA_V1_covariance_s15,phase2/results/predictions/full/mixed/resnet/seed_17/bandpass_n20002_cRA_V1_covariance_s15.npz,76638,9b1d632d059ca39a563467633974f59ed62248fb548226478611c8f4d5df8146
resnet,mixed,17,bandpass_n20002_cRA_V1_covariance_s10,phase2/results/predictions/full/mixed/resnet/seed_17/bandpass_n20002_cRA_V1_covariance_s10.npz,76540,7c38e2962ef4999fd09224a49ffb7132ec95cfc4648ab26da24c9ef39c562523
resnet,mixed,17,bandpass_n20002_cRA_V1_covariance_s5,phase2/results/predictions/full/mixed/resnet/seed_17/bandpass_n20002_cRA_V1_covariance_s5.npz,76382,74347b9025e10b740d5010b1ffcb1b7fc175bdfbae2fcf32499a40addf906514
resnet,mixed,17,bandpass_n20002_cRA_V1_covariance_s0,phase2/results/predictions/full/mixed/resnet/seed_17/bandpass_n20002_cRA_V1_covariance_s0.npz,76099,077cb559e7d93a2061370996adf8c0fcdb614a5a0a7ea5c58b00b32add381c1b
resnet,mixed,17,bandpass_n20002_cLA_V6_independent_rms_s20,phase2/results/predictions/full/mixed/resnet/seed_17/bandpass_n20002_cLA_V6_independent_rms_s20.npz,76638,260d690912aba9802dd973fd5de004cb6b6169e7e04ac717aa7fd17bda4afb6f
resnet,mixed,17,bandpass_n20002_cLA_V6_independent_rms_s15,phase2/results/predictions/full/mixed/resnet/seed_17/bandpass_n20002_cLA_V6_independent_rms_s15.npz,76628,4d1d1f9637a54057debb1e64ba9e5d86d17aa59f22fd75cae71ba42cc817fea2
resnet,mixed,17,bandpass_n20002_cLA_V6_independent_rms_s10,phase2/results/predictions/full/mixed/resnet/seed_17/bandpass_n20002_cLA_V6_independent_rms_s10.npz,76596,3447fb80fce42b6ceaf1350322129bebedd6aa893fe0276c2c885a0cd580c96b
resnet,mixed,17,bandpass_n20002_cLA_V6_independent_rms_s5,phase2/results/predictions/full/mixed/resnet/seed_17/bandpass_n20002_cLA_V6_independent_rms_s5.npz,76500,3d638f3c6f316a63693329d2bfb013073eac1c86adcb2c5f6b9940d02efab97d
resnet,mixed,17,bandpass_n20002_cLA_V6_independent_rms_s0,phase2/results/predictions/full/mixed/resnet/seed_17/bandpass_n20002_cLA_V6_independent_rms_s0.npz,76210,0b98a72a33db1dc6b01bd0565ae9a3f17a086b6fb2b73eb6b202b303b7e18b8f
resnet,mixed,17,bandpass_n20002_cLA_V6_electrode_s20,phase2/results/predictions/full/mixed/resnet/seed_17/bandpass_n20002_cLA_V6_electrode_s20.npz,76615,a017b4af9dcf295705ecb13ebd7f8de65dc17b9ea4e1afb2ea29bc7bb5ee1c74
resnet,mixed,17,bandpass_n20002_cLA_V6_electrode_s15,phase2/results/predictions/full/mixed/resnet/seed_17/bandpass_n20002_cLA_V6_electrode_s15.npz,76620,cd5a3a977c25d05da7d22697652316b75e51eb95ccc705592f313bbcda00527e
resnet,mixed,17,bandpass_n20002_cLA_V6_electrode_s10,phase2/results/predictions/full/mixed/resnet/seed_17/bandpass_n20002_cLA_V6_electrode_s10.npz,76557,ca5d1dd3832d470cc268637982e330708fe43e01015a8e40c3e8940a8cff9c0e
resnet,mixed,17,bandpass_n20002_cLA_V6_electrode_s5,phase2/results/predictions/full/mixed/resnet/seed_17/bandpass_n20002_cLA_V6_electrode_s5.npz,76365,abdeb2863fe4ab9be5afbef802948644924cde962ee682d81ae358abe87c21fe
resnet,mixed,17,bandpass_n20002_cLA_V6_electrode_s0,phase2/results/predictions/full/mixed/resnet/seed_17/bandpass_n20002_cLA_V6_electrode_s0.npz,76004,ccca7b22483771b744c47bd4deda1a7dbdb264b72251a51d73461c85eb1d76c2
resnet,mixed,17,bandpass_n20002_cLA_V6_covariance_s20,phase2/results/predictions/full/mixed/resnet/seed_17/bandpass_n20002_cLA_V6_covariance_s20.npz,76621,e3f33a529c414c57ac3ec514d31c12c06ef7201f64476e5e871a2173b25dad45
resnet,mixed,17,bandpass_n20002_cLA_V6_covariance_s15,phase2/results/predictions/full/mixed/resnet/seed_17/bandpass_n20002_cLA_V6_covariance_s15.npz,76620,2ff200373f83766da11eb038b179b358284a01ffa951c41713903f654b86495a
resnet,mixed,17,bandpass_n20002_cLA_V6_covariance_s10,phase2/results/predictions/full/mixed/resnet/seed_17/bandpass_n20002_cLA_V6_covariance_s10.npz,76570,22fa948308216b3c3e41a2776d46cd2bfe7ff17bd0d1ca4e6098bb34f9baadea
resnet,mixed,17,bandpass_n20002_cLA_V6_covariance_s5,phase2/results/predictions/full/mixed/resnet/seed_17/bandpass_n20002_cLA_V6_covariance_s5.npz,76380,bf64737bb561a3c2b078daf43ce85434565d5ec798fffd1aaab43bba7bac4753
resnet,mixed,17,bandpass_n20002_cLA_V6_covariance_s0,phase2/results/predictions/full/mixed/resnet/seed_17/bandpass_n20002_cLA_V6_covariance_s0.npz,76014,ca587eddc8a0d9ffe600f6f0efb32921f68e3b78b38385195fdc0d31eae80553
resnet,mixed,17,bandpass_n20002_cLL_V4_independent_rms_s20,phase2/results/predictions/full/mixed/resnet/seed_17/bandpass_n20002_cLL_V4_independent_rms_s20.npz,76635,8e9cd742901ea61c8cd70660a83dba583e3a208de84ef9833441a9f9f327a289
resnet,mixed,17,bandpass_n20002_cLL_V4_independent_rms_s15,phase2/results/predictions/full/mixed/resnet/seed_17/bandpass_n20002_cLL_V4_independent_rms_s15.npz,76626,0e101da6e55a12d571f17bf191a04dab4fcd2194424d63c560820f26041f8628
resnet,mixed,17,bandpass_n20002_cLL_V4_independent_rms_s10,phase2/results/predictions/full/mixed/resnet/seed_17/bandpass_n20002_cLL_V4_independent_rms_s10.npz,76618,8c403584f735ab752688428a73345f7b13b0ce14105e15699aa06b120ce2dc34
resnet,mixed,17,bandpass_n20002_cLL_V4_independent_rms_s5,phase2/results/predictions/full/mixed/resnet/seed_17/bandpass_n20002_cLL_V4_independent_rms_s5.npz,76432,3d483858b0926ece44ea840314fdb42f39d171570b5a31d1a26503ff6e651302
resnet,mixed,17,bandpass_n20002_cLL_V4_independent_rms_s0,phase2/results/predictions/full/mixed/resnet/seed_17/bandpass_n20002_cLL_V4_independent_rms_s0.npz,76185,56ef1da8b609adb40251c1a1b043c1947690d967804e72710a7c40f0efbf290e
resnet,mixed,17,bandpass_n20002_cLL_V4_electrode_s20,phase2/results/predictions/full/mixed/resnet/seed_17/bandpass_n20002_cLL_V4_electrode_s20.npz,76596,4ee04fd413b4c24099385f5a528f0bb5e4ea4f41e2079ed9bc4cc5edd5ec7acc
resnet,mixed,17,bandpass_n20002_cLL_V4_electrode_s15,phase2/results/predictions/full/mixed/resnet/seed_17/bandpass_n20002_cLL_V4_electrode_s15.npz,76611,c9361a0f8710381bade6d63bcec354cf8c9b78c1dedb1667fbf23ca800aa7eb2
resnet,mixed,17,bandpass_n20002_cLL_V4_electrode_s10,phase2/results/predictions/full/mixed/resnet/seed_17/bandpass_n20002_cLL_V4_electrode_s10.npz,76547,2133634f40b673a35066288d91cbfbec648b632d387a08fc57b34526228cc011
resnet,mixed,17,bandpass_n20002_cLL_V4_electrode_s5,phase2/results/predictions/full/mixed/resnet/seed_17/bandpass_n20002_cLL_V4_electrode_s5.npz,76328,7aeb556974f52d0e1ff14232b07ab6fc57b9845f182448a3cebafc801affea91
resnet,mixed,17,bandpass_n20002_cLL_V4_electrode_s0,phase2/results/predictions/full/mixed/resnet/seed_17/bandpass_n20002_cLL_V4_electrode_s0.npz,75989,56fd4988e0a6f79a851c7d8deb54f02572cc2389f16cfde6cd1bfa0caa51a223
resnet,mixed,17,bandpass_n20002_cLL_V4_covariance_s20,phase2/results/predictions/full/mixed/resnet/seed_17/bandpass_n20002_cLL_V4_covariance_s20.npz,76647,5818efba2b3e7b27b284218e622292de6f73231f51ec20751f8548d5074ff42b
resnet,mixed,17,bandpass_n20002_cLL_V4_covariance_s15,phase2/results/predictions/full/mixed/resnet/seed_17/bandpass_n20002_cLL_V4_covariance_s15.npz,76571,e35279ef11f1070b91f20ca0a55a400b92ed0d777a9bf5e13a06834c37e44b2e
resnet,mixed,17,bandpass_n20002_cLL_V4_covariance_s10,phase2/results/predictions/full/mixed/resnet/seed_17/bandpass_n20002_cLL_V4_covariance_s10.npz,76546,963af0ad6e7fb70bd2af9a394a09e8e727d7a3775c9e8ae4a7b476900c1986e0
resnet,mixed,17,bandpass_n20002_cLL_V4_covariance_s5,phase2/results/predictions/full/mixed/resnet/seed_17/bandpass_n20002_cLL_V4_covariance_s5.npz,76327,ca73ba1206c1fe83801b4d2567a140b86eaf1fee8cddf47846cc0fd32a340808
resnet,mixed,17,bandpass_n20002_cLL_V4_covariance_s0,phase2/results/predictions/full/mixed/resnet/seed_17/bandpass_n20002_cLL_V4_covariance_s0.npz,76009,04c84d7144e430a8aad0da9f77520c4567bd2c68d9cc7c9aefccbcef9b03be63
resnet,mixed,17,bandpass_n20002_cRA_LA_V1_V6_independent_rms_s20,phase2/results/predictions/full/mixed/resnet/seed_17/bandpass_n20002_cRA_LA_V1_V6_independent_rms_s20.npz,76620,692e8ae35eef395c1284f86e95d9f775cde8d03a4bf9582dac621978b4132569
resnet,mixed,17,bandpass_n20002_cRA_LA_V1_V6_independent_rms_s15,phase2/results/predictions/full/mixed/resnet/seed_17/bandpass_n20002_cRA_LA_V1_V6_independent_rms_s15.npz,76633,3fd0e5ce28286f423a09623030fd0c9e44ae39bc904ae9d46da6b33292b14db5
resnet,mixed,17,bandpass_n20002_cRA_LA_V1_V6_independent_rms_s10,phase2/results/predictions/full/mixed/resnet/seed_17/bandpass_n20002_cRA_LA_V1_V6_independent_rms_s10.npz,76601,fe9ecad3b6b1843786885cc2b3e42aab36d506469fbccce587dc4e305dbbfcbc
resnet,mixed,17,bandpass_n20002_cRA_LA_V1_V6_independent_rms_s5,phase2/results/predictions/full/mixed/resnet/seed_17/bandpass_n20002_cRA_LA_V1_V6_independent_rms_s5.npz,76459,614af577945edfc9667dea0525c904232bc78ececf90695c7d47e06f867d138e
resnet,mixed,17,bandpass_n20002_cRA_LA_V1_V6_independent_rms_s0,phase2/results/predictions/full/mixed/resnet/seed_17/bandpass_n20002_cRA_LA_V1_V6_independent_rms_s0.npz,76240,ea85c218851ff27807c21b68625e6c18fb35b513f95e6c4a68948d9530d4b42c
resnet,mixed,17,bandpass_n20002_cRA_LA_V1_V6_electrode_s20,phase2/results/predictions/full/mixed/resnet/seed_17/bandpass_n20002_cRA_LA_V1_V6_electrode_s20.npz,76593,8c8d7ef498e584c7c5d316eba78bf2b7488d6d429394c0ac708cb0be052a18da
resnet,mixed,17,bandpass_n20002_cRA_LA_V1_V6_electrode_s15,phase2/results/predictions/full/mixed/resnet/seed_17/bandpass_n20002_cRA_LA_V1_V6_electrode_s15.npz,76623,fa79b1e6499f4e6cebe8dbdb9294861ed29fbac556679699b217b02ed9b1da06
resnet,mixed,17,bandpass_n20002_cRA_LA_V1_V6_electrode_s10,phase2/results/predictions/full/mixed/resnet/seed_17/bandpass_n20002_cRA_LA_V1_V6_electrode_s10.npz,76557,21f310aa9e1d3533993976d38176ece4803e8a52ea348cc783dbbefb252ce69c
resnet,mixed,17,bandpass_n20002_cRA_LA_V1_V6_electrode_s5,phase2/results/predictions/full/mixed/resnet/seed_17/bandpass_n20002_cRA_LA_V1_V6_electrode_s5.npz,76400,6347a7dc28785f521688405fd2a54fa33500cf26a3706e5a5aba663bbbb3c291
resnet,mixed,17,bandpass_n20002_cRA_LA_V1_V6_electrode_s0,phase2/results/predictions/full/mixed/resnet/seed_17/bandpass_n20002_cRA_LA_V1_V6_electrode_s0.npz,76060,164da2315bfcefca9b87633ebc964c2e873130e4b4c22fca059ae4b5fab9898b
resnet,mixed,17,bandpass_n20002_cRA_LA_V1_V6_covariance_s20,phase2/results/predictions/full/mixed/resnet/seed_17/bandpass_n20002_cRA_LA_V1_V6_covariance_s20.npz,76585,f44b8e4bbf0432d8ea086e4d92bd755ab3726a0a534f36eca2934c27a234555f
resnet,mixed,17,bandpass_n20002_cRA_LA_V1_V6_covariance_s15,phase2/results/predictions/full/mixed/resnet/seed_17/bandpass_n20002_cRA_LA_V1_V6_covariance_s15.npz,76602,29eeb9a18faeb5910645e52054e4d6797528ca7604634bef33e150779dca6a5d
resnet,mixed,17,bandpass_n20002_cRA_LA_V1_V6_covariance_s10,phase2/results/predictions/full/mixed/resnet/seed_17/bandpass_n20002_cRA_LA_V1_V6_covariance_s10.npz,76567,5127be7ae9857af8244b125cd3940145dda8126bb05edb3b09809b04f0bce83c
resnet,mixed,17,bandpass_n20002_cRA_LA_V1_V6_covariance_s5,phase2/results/predictions/full/mixed/resnet/seed_17/bandpass_n20002_cRA_LA_V1_V6_covariance_s5.npz,76399,2865de27e089f579d3cb1a9f71aed8a42419473fe15d3783c04121502be30342
resnet,mixed,17,bandpass_n20002_cRA_LA_V1_V6_covariance_s0,phase2/results/predictions/full/mixed/resnet/seed_17/bandpass_n20002_cRA_LA_V1_V6_covariance_s0.npz,76071,0f4343bdf3eb2c117c335ec4e3b8610321de0b5a659728ea8855e7dc6b5573b7
resnet,mixed,17,bandpass_n20002_cRA_V2_V5_independent_rms_s20,phase2/results/predictions/full/mixed/resnet/seed_17/bandpass_n20002_cRA_V2_V5_independent_rms_s20.npz,76644,fd3ebb4bff422ff16af14cbe95b8996baad5b64c0ca5451ed725365e5a21d53a
resnet,mixed,17,bandpass_n20002_cRA_V2_V5_independent_rms_s15,phase2/results/predictions/full/mixed/resnet/seed_17/bandpass_n20002_cRA_V2_V5_independent_rms_s15.npz,76623,85f159748dbf5d6ea339e1373075c02f60635907b401a496b2e0821f189e0a7c
resnet,mixed,17,bandpass_n20002_cRA_V2_V5_independent_rms_s10,phase2/results/predictions/full/mixed/resnet/seed_17/bandpass_n20002_cRA_V2_V5_independent_rms_s10.npz,76610,5d0c226752ec58523774ee2fb37d747fb5de05becd816280dcf54c824ce2b247
resnet,mixed,17,bandpass_n20002_cRA_V2_V5_independent_rms_s5,phase2/results/predictions/full/mixed/resnet/seed_17/bandpass_n20002_cRA_V2_V5_independent_rms_s5.npz,76486,00860db38c557d5ba59cfb576134026a3c9cc2bcbae7054876f1377bc27b45ad
resnet,mixed,17,bandpass_n20002_cRA_V2_V5_independent_rms_s0,phase2/results/predictions/full/mixed/resnet/seed_17/bandpass_n20002_cRA_V2_V5_independent_rms_s0.npz,76213,4062bfbd2a9c9038a3c034578761b7b63c56612bb6a2f70a2cebf621cdc33958
resnet,mixed,17,bandpass_n20002_cRA_V2_V5_electrode_s20,phase2/results/predictions/full/mixed/resnet/seed_17/bandpass_n20002_cRA_V2_V5_electrode_s20.npz,76650,21821eddabaded4023290005858505b799aa469028a0b260ff6bdeee999df07f
resnet,mixed,17,bandpass_n20002_cRA_V2_V5_electrode_s15,phase2/results/predictions/full/mixed/resnet/seed_17/bandpass_n20002_cRA_V2_V5_electrode_s15.npz,76620,19579ffdfe7043437bf12623ac30ce1dd37706bf8870cd5f7350246a5cb7a8c5
resnet,mixed,17,bandpass_n20002_cRA_V2_V5_electrode_s10,phase2/results/predictions/full/mixed/resnet/seed_17/bandpass_n20002_cRA_V2_V5_electrode_s10.npz,76552,5e6fd3bfaaed1c470fb1c6c04f64897ae6292756ad6954614c280da6ee99e3a3
resnet,mixed,17,bandpass_n20002_cRA_V2_V5_electrode_s5,phase2/results/predictions/full/mixed/resnet/seed_17/bandpass_n20002_cRA_V2_V5_electrode_s5.npz,76419,e13a503b82d304fab971e16424a5c688f113aa2722fac92919fc2a26dcdbaf13
resnet,mixed,17,bandpass_n20002_cRA_V2_V5_electrode_s0,phase2/results/predictions/full/mixed/resnet/seed_17/bandpass_n20002_cRA_V2_V5_electrode_s0.npz,76136,9b3d8be4a08320fd3ac93b500c0d3e97ce4081ea8e07287283ace66c5f0ec0ac
resnet,mixed,17,bandpass_n20002_cRA_V2_V5_covariance_s20,phase2/results/predictions/full/mixed/resnet/seed_17/bandpass_n20002_cRA_V2_V5_covariance_s20.npz,76636,f2bf4e316e0dff67944d78fa152bcb7f4653877c32b66a2805c14c16ae16f87d
resnet,mixed,17,bandpass_n20002_cRA_V2_V5_covariance_s15,phase2/results/predictions/full/mixed/resnet/seed_17/bandpass_n20002_cRA_V2_V5_covariance_s15.npz,76608,eeb566835c6fd94da8ab5379372ea697bea5cd91168ccace5a4bea8c6e452ee7
resnet,mixed,17,bandpass_n20002_cRA_V2_V5_covariance_s10,phase2/results/predictions/full/mixed/resnet/seed_17/bandpass_n20002_cRA_V2_V5_covariance_s10.npz,76539,5c4d52f7e7eea44fb54bdbeb3caf9b56dccab2bbc9615f8411ee36ca45baeb71
resnet,mixed,17,bandpass_n20002_cRA_V2_V5_covariance_s5,phase2/results/predictions/full/mixed/resnet/seed_17/bandpass_n20002_cRA_V2_V5_covariance_s5.npz,76401,9de6e6a06948125dd3520936a2bbf6ed59487f988c62e3a27953dc0e7d205faa
resnet,mixed,17,bandpass_n20002_cRA_V2_V5_covariance_s0,phase2/results/predictions/full/mixed/resnet/seed_17/bandpass_n20002_cRA_V2_V5_covariance_s0.npz,76159,a4a74e050092f4456ceb7dfd37c9ce8342566444543905ead86293e25b821f40
resnet,mixed,17,bandpass_n20002_cLA_V3_V6_independent_rms_s20,phase2/results/predictions/full/mixed/resnet/seed_17/bandpass_n20002_cLA_V3_V6_independent_rms_s20.npz,76639,9e188d54322b9c3b76a0f27913a0af31ffedb3651efeab6d2f2b6709afb311f4
resnet,mixed,17,bandpass_n20002_cLA_V3_V6_independent_rms_s15,phase2/results/predictions/full/mixed/resnet/seed_17/bandpass_n20002_cLA_V3_V6_independent_rms_s15.npz,76640,b68d44a76b7da9130690f772b7a2f0e389f9307f986bd8929236bf8bfb7bbf08
resnet,mixed,17,bandpass_n20002_cLA_V3_V6_independent_rms_s10,phase2/results/predictions/full/mixed/resnet/seed_17/bandpass_n20002_cLA_V3_V6_independent_rms_s10.npz,76593,3047286ca96f7638fd8f0729b288ef20af5684fb612f89603b1470e0487da5ab
resnet,mixed,17,bandpass_n20002_cLA_V3_V6_independent_rms_s5,phase2/results/predictions/full/mixed/resnet/seed_17/bandpass_n20002_cLA_V3_V6_independent_rms_s5.npz,76519,c603d1c50334bbb13d9e5f7988c6c8f639c994ccb03945e5f73795f16619ec49
resnet,mixed,17,bandpass_n20002_cLA_V3_V6_independent_rms_s0,phase2/results/predictions/full/mixed/resnet/seed_17/bandpass_n20002_cLA_V3_V6_independent_rms_s0.npz,76200,d1644226fc9dd9d1aff224e3ef7f517d08b8302dd73fcbdac1eb8699b29d542a
resnet,mixed,17,bandpass_n20002_cLA_V3_V6_electrode_s20,phase2/results/predictions/full/mixed/resnet/seed_17/bandpass_n20002_cLA_V3_V6_electrode_s20.npz,76638,4dd613adae949535cafe790a11aaf7eca364b79360809073324c9470156c97b5
resnet,mixed,17,bandpass_n20002_cLA_V3_V6_electrode_s15,phase2/results/predictions/full/mixed/resnet/seed_17/bandpass_n20002_cLA_V3_V6_electrode_s15.npz,76610,ae15db30da8aa1e2f307871e042e7d62b0215392f924d7b2c4aae5bf64f8480b
resnet,mixed,17,bandpass_n20002_cLA_V3_V6_electrode_s10,phase2/results/predictions/full/mixed/resnet/seed_17/bandpass_n20002_cLA_V3_V6_electrode_s10.npz,76567,da3d3ab98f7352a3cd9868937617177e23cc117380a7661a133896d679cccb27
resnet,mixed,17,bandpass_n20002_cLA_V3_V6_electrode_s5,phase2/results/predictions/full/mixed/resnet/seed_17/bandpass_n20002_cLA_V3_V6_electrode_s5.npz,76406,54dbf97388965ab06c088a904df9835885954dfbc988a351c2757a927ed78270
resnet,mixed,17,bandpass_n20002_cLA_V3_V6_electrode_s0,phase2/results/predictions/full/mixed/resnet/seed_17/bandpass_n20002_cLA_V3_V6_electrode_s0.npz,76023,ed35308ff003d6427912358aab81e28918164227303e0a1fd4334392ce12fcb8
resnet,mixed,17,bandpass_n20002_cLA_V3_V6_covariance_s20,phase2/results/predictions/full/mixed/resnet/seed_17/bandpass_n20002_cLA_V3_V6_covariance_s20.npz,76628,86770d339508becb6d3b17a973288c2bf2cb7c28effc67c648effee5f16f3b15
resnet,mixed,17,bandpass_n20002_cLA_V3_V6_covariance_s15,phase2/results/predictions/full/mixed/resnet/seed_17/bandpass_n20002_cLA_V3_V6_covariance_s15.npz,76633,d3048834a9f18ecf08c1f66d725da8723bdd652eed6c2d2c4adbf0d3eea2f535
resnet,mixed,17,bandpass_n20002_cLA_V3_V6_covariance_s10,phase2/results/predictions/full/mixed/resnet/seed_17/bandpass_n20002_cLA_V3_V6_covariance_s10.npz,76551,dfe0982009bd3e92759abc3cb9cd971badaa8a2ddc401163df2cec53eed12a14
resnet,mixed,17,bandpass_n20002_cLA_V3_V6_covariance_s5,phase2/results/predictions/full/mixed/resnet/seed_17/bandpass_n20002_cLA_V3_V6_covariance_s5.npz,76408,67d782274781c3eb9da0fdb2f0a7a38a71946e07e49c4576c52fb03c88a1e46a
resnet,mixed,17,bandpass_n20002_cLA_V3_V6_covariance_s0,phase2/results/predictions/full/mixed/resnet/seed_17/bandpass_n20002_cLA_V3_V6_covariance_s0.npz,76048,b3a9ef54a1c1e211870c77b753f36f63713f21071215dab51a1dbbc100a56d3a
resnet,mixed,17,bandpass_n20002_cLL_V1_V4_independent_rms_s20,phase2/results/predictions/full/mixed/resnet/seed_17/bandpass_n20002_cLL_V1_V4_independent_rms_s20.npz,76622,116c3fefdbf9b55ab2fc77a9419e3f62b90b3878996d46d49aa5d379fb7c1769
resnet,mixed,17,bandpass_n20002_cLL_V1_V4_independent_rms_s15,phase2/results/predictions/full/mixed/resnet/seed_17/bandpass_n20002_cLL_V1_V4_independent_rms_s15.npz,76598,5b37adcd8b818f75608f6a6d82474cafa3b1e55a89d90752cc3c9cc5fd6e44f4
resnet,mixed,17,bandpass_n20002_cLL_V1_V4_independent_rms_s10,phase2/results/predictions/full/mixed/resnet/seed_17/bandpass_n20002_cLL_V1_V4_independent_rms_s10.npz,76613,783d8b7a47e218ec89e7634d011c066aa723f560dbab357e8d01c8857c8d0a6c
resnet,mixed,17,bandpass_n20002_cLL_V1_V4_independent_rms_s5,phase2/results/predictions/full/mixed/resnet/seed_17/bandpass_n20002_cLL_V1_V4_independent_rms_s5.npz,76488,816a5c5b6799ea84ba72befbe0715708af87f649f64c4a70404f1eddb81b973c
resnet,mixed,17,bandpass_n20002_cLL_V1_V4_independent_rms_s0,phase2/results/predictions/full/mixed/resnet/seed_17/bandpass_n20002_cLL_V1_V4_independent_rms_s0.npz,76148,51550ec3fc2cdd466292bef80b601209ed9f7e3d3daa12449f06460cf0ce6cd2
resnet,mixed,17,bandpass_n20002_cLL_V1_V4_electrode_s20,phase2/results/predictions/full/mixed/resnet/seed_17/bandpass_n20002_cLL_V1_V4_electrode_s20.npz,76609,fd7e9033fd27403e734133241e86ae845d1072f110be3b93b24a22535bfcdd75
resnet,mixed,17,bandpass_n20002_cLL_V1_V4_electrode_s15,phase2/results/predictions/full/mixed/resnet/seed_17/bandpass_n20002_cLL_V1_V4_electrode_s15.npz,76634,6c000658365b10103df583326e0549f23f7ca4a6e921d46bc564fd083f4649f4
resnet,mixed,17,bandpass_n20002_cLL_V1_V4_electrode_s10,phase2/results/predictions/full/mixed/resnet/seed_17/bandpass_n20002_cLL_V1_V4_electrode_s10.npz,76549,49da80df74ddef499ef67a50524ee82147a4638badf83af594d971697dd5fa25
resnet,mixed,17,bandpass_n20002_cLL_V1_V4_electrode_s5,phase2/results/predictions/full/mixed/resnet/seed_17/bandpass_n20002_cLL_V1_V4_electrode_s5.npz,76379,4a176b7e46176c7cd2a87e199b91ff9557e8981c6a100e21abd3dcacc42a4d64
resnet,mixed,17,bandpass_n20002_cLL_V1_V4_electrode_s0,phase2/results/predictions/full/mixed/resnet/seed_17/bandpass_n20002_cLL_V1_V4_electrode_s0.npz,76023,e551d1b2ca071ed614dae43a9bf909958396de1b37a392e27146c94a1a160ee7
resnet,mixed,17,bandpass_n20002_cLL_V1_V4_covariance_s20,phase2/results/predictions/full/mixed/resnet/seed_17/bandpass_n20002_cLL_V1_V4_covariance_s20.npz,76615,b272d76188833e4372094294e8c0d4d196e122836510a9aa8e64770224b944c4
resnet,mixed,17,bandpass_n20002_cLL_V1_V4_covariance_s15,phase2/results/predictions/full/mixed/resnet/seed_17/bandpass_n20002_cLL_V1_V4_covariance_s15.npz,76594,aec52319b2676171e6f653dd2d03529865e695fc413ca4e8435c1861136aa680
resnet,mixed,17,bandpass_n20002_cLL_V1_V4_covariance_s10,phase2/results/predictions/full/mixed/resnet/seed_17/bandpass_n20002_cLL_V1_V4_covariance_s10.npz,76538,78b61e48ad83408a9774bd24095d89b0b473be19c99a3606986cdff836035647
resnet,mixed,17,bandpass_n20002_cLL_V1_V4_covariance_s5,phase2/results/predictions/full/mixed/resnet/seed_17/bandpass_n20002_cLL_V1_V4_covariance_s5.npz,76364,e7d56c05038b44a83d006f894f47440296a30b56e429c7ec08b0e89b93d289e1
resnet,mixed,17,bandpass_n20002_cLL_V1_V4_covariance_s0,phase2/results/predictions/full/mixed/resnet/seed_17/bandpass_n20002_cLL_V1_V4_covariance_s0.npz,76001,0b1d2277ff586d53f3cdefbaf70064fa4b154f86878847403bbf5276ae325f5e
resnet,mixed,17,bandpass_n20002_call_independent_rms_s20,phase2/results/predictions/full/mixed/resnet/seed_17/bandpass_n20002_call_independent_rms_s20.npz,76618,bf482f534d6f4e5d8717a7bd28afb73f2c421672d79d60d282cafbb66a945a27
resnet,mixed,17,bandpass_n20002_call_independent_rms_s15,phase2/results/predictions/full/mixed/resnet/seed_17/bandpass_n20002_call_independent_rms_s15.npz,76605,ce4aa7e095f5499eb9c9837ad0dfec7813ba49e54da7cce606ba8218fed83eec
resnet,mixed,17,bandpass_n20002_call_independent_rms_s10,phase2/results/predictions/full/mixed/resnet/seed_17/bandpass_n20002_call_independent_rms_s10.npz,76601,054fa5ff151535584eb17feb535d286fa9f8146fd9f18fa91b1e683398780560
resnet,mixed,17,bandpass_n20002_call_independent_rms_s5,phase2/results/predictions/full/mixed/resnet/seed_17/bandpass_n20002_call_independent_rms_s5.npz,76439,5106402301f6d160e015be25dfff4eb5194263f6a5c62074170209c31e3f685f
resnet,mixed,17,bandpass_n20002_call_independent_rms_s0,phase2/results/predictions/full/mixed/resnet/seed_17/bandpass_n20002_call_independent_rms_s0.npz,76193,849376bdb73c2ac573d4f876c1a7b41db761b08042dbc65b0c92b75d48acb6d2
resnet,mixed,17,bandpass_n20002_call_electrode_s20,phase2/results/predictions/full/mixed/resnet/seed_17/bandpass_n20002_call_electrode_s20.npz,76575,8459ff9c80948a54cd9b4a90db45a0f5908309f03289a56372733ea6a2cf8715
resnet,mixed,17,bandpass_n20002_call_electrode_s15,phase2/results/predictions/full/mixed/resnet/seed_17/bandpass_n20002_call_electrode_s15.npz,76579,0d55b7c9c69fad72added0b155180bcd99007823207a5b78dacfb734bdf15b72
resnet,mixed,17,bandpass_n20002_call_electrode_s10,phase2/results/predictions/full/mixed/resnet/seed_17/bandpass_n20002_call_electrode_s10.npz,76513,f0bea28dca11fe2fe20fd8fd88115eabfabc58d5047ccb5fbbd2225cbe14ef8a
resnet,mixed,17,bandpass_n20002_call_electrode_s5,phase2/results/predictions/full/mixed/resnet/seed_17/bandpass_n20002_call_electrode_s5.npz,76350,9acabb13f0de47c2f93512e1b33cecd767d7c32f254ffa7b1a4bd09f98304c70
resnet,mixed,17,bandpass_n20002_call_electrode_s0,phase2/results/predictions/full/mixed/resnet/seed_17/bandpass_n20002_call_electrode_s0.npz,76042,70507cb9c5c7b7bf1eb9140c64a1b7f3ff50c621390a68fa64c128232def51c6
resnet,mixed,17,bandpass_n20002_call_covariance_s20,phase2/results/predictions/full/mixed/resnet/seed_17/bandpass_n20002_call_covariance_s20.npz,76576,ae74ab2029ad01d6243bd51755fd6a933b2832940ed47526bfb9f6d5782b6843
resnet,mixed,17,bandpass_n20002_call_covariance_s15,phase2/results/predictions/full/mixed/resnet/seed_17/bandpass_n20002_call_covariance_s15.npz,76595,14fbc50026e8746d0d466220a9f52c96fc6c6bbd13acb64ab00093b7f384c079
resnet,mixed,17,bandpass_n20002_call_covariance_s10,phase2/results/predictions/full/mixed/resnet/seed_17/bandpass_n20002_call_covariance_s10.npz,76516,3944354744751ca2a8bd396d241746a2ef02339069048767a6e5e38a83ae8576
resnet,mixed,17,bandpass_n20002_call_covariance_s5,phase2/results/predictions/full/mixed/resnet/seed_17/bandpass_n20002_call_covariance_s5.npz,76341,c3979032c9e8380efc8a030ba2ded3b74a6d2bd14eddc7f9c1406e1be09da4d6
resnet,mixed,17,bandpass_n20002_call_covariance_s0,phase2/results/predictions/full/mixed/resnet/seed_17/bandpass_n20002_call_covariance_s0.npz,76023,ef440551e925a7cc71fb3212550084be5e3d28717299372517bf21dd6e09f52b
resnet,mixed,17,bandpass_n20003_cRA_LA_LL_independent_rms_s20,phase2/results/predictions/full/mixed/resnet/seed_17/bandpass_n20003_cRA_LA_LL_independent_rms_s20.npz,76630,f6caa978ccc0b41abd67cf972d17dc1483cf11e4d335bb286e956cc240a02cd4
resnet,mixed,17,bandpass_n20003_cRA_LA_LL_independent_rms_s15,phase2/results/predictions/full/mixed/resnet/seed_17/bandpass_n20003_cRA_LA_LL_independent_rms_s15.npz,76629,2db15ca22881a4f835414cab7be81a480cd5d31753780b029df9d76825f26006
resnet,mixed,17,bandpass_n20003_cRA_LA_LL_independent_rms_s10,phase2/results/predictions/full/mixed/resnet/seed_17/bandpass_n20003_cRA_LA_LL_independent_rms_s10.npz,76606,4401910b75376aa09ba01408487399c5337ed9c3b0a6c19a7d64f400c1577d39
resnet,mixed,17,bandpass_n20003_cRA_LA_LL_independent_rms_s5,phase2/results/predictions/full/mixed/resnet/seed_17/bandpass_n20003_cRA_LA_LL_independent_rms_s5.npz,76478,5a62d14b26872f99e6a630b84549a42d50e203909d636fdb191b000af8564886
resnet,mixed,17,bandpass_n20003_cRA_LA_LL_independent_rms_s0,phase2/results/predictions/full/mixed/resnet/seed_17/bandpass_n20003_cRA_LA_LL_independent_rms_s0.npz,76170,0405f23ed0f54a0d9b513a6ea6a09c3683e5e47432a836aede3856d5b5ba905e
resnet,mixed,17,bandpass_n20003_cRA_LA_LL_electrode_s20,phase2/results/predictions/full/mixed/resnet/seed_17/bandpass_n20003_cRA_LA_LL_electrode_s20.npz,76624,fc719682a22f210c634feed062304b299ecf85625f88bd7d449f8df16ecb51fa
resnet,mixed,17,bandpass_n20003_cRA_LA_LL_electrode_s15,phase2/results/predictions/full/mixed/resnet/seed_17/bandpass_n20003_cRA_LA_LL_electrode_s15.npz,76597,be4443cc8dd66bd5713a1b1a9dae826969934ed0b4cd95d82129272d94dddedb
resnet,mixed,17,bandpass_n20003_cRA_LA_LL_electrode_s10,phase2/results/predictions/full/mixed/resnet/seed_17/bandpass_n20003_cRA_LA_LL_electrode_s10.npz,76528,61671c74f0890ba940b1c2450cbcc791febf114273b61bbd691c1440304fe4b5
resnet,mixed,17,bandpass_n20003_cRA_LA_LL_electrode_s5,phase2/results/predictions/full/mixed/resnet/seed_17/bandpass_n20003_cRA_LA_LL_electrode_s5.npz,76348,e5fe34eee04c83f7a1db831929ca95253efeabfa0c6b61365bfc8a9edcf8d603
resnet,mixed,17,bandpass_n20003_cRA_LA_LL_electrode_s0,phase2/results/predictions/full/mixed/resnet/seed_17/bandpass_n20003_cRA_LA_LL_electrode_s0.npz,75996,18b64f64cb2d894afcca5ee7cf64b51d291d3a8b1cadea4296bf4b0b00a2e2b9
resnet,mixed,17,bandpass_n20003_cRA_LA_LL_covariance_s20,phase2/results/predictions/full/mixed/resnet/seed_17/bandpass_n20003_cRA_LA_LL_covariance_s20.npz,76607,bb3d00dcc42c5762a5a090f62821ebe8194faa61882067d3c9ac668803f4236e
resnet,mixed,17,bandpass_n20003_cRA_LA_LL_covariance_s15,phase2/results/predictions/full/mixed/resnet/seed_17/bandpass_n20003_cRA_LA_LL_covariance_s15.npz,76582,4b3e9b29fdc54137919285598d9455eb3b3a91f07fc011cf29d654a92bd42eaf
resnet,mixed,17,bandpass_n20003_cRA_LA_LL_covariance_s10,phase2/results/predictions/full/mixed/resnet/seed_17/bandpass_n20003_cRA_LA_LL_covariance_s10.npz,76508,de25eded6f914cfe087a00cc3d6886c84f7193aefc05f1037e298f82af149c82
resnet,mixed,17,bandpass_n20003_cRA_LA_LL_covariance_s5,phase2/results/predictions/full/mixed/resnet/seed_17/bandpass_n20003_cRA_LA_LL_covariance_s5.npz,76337,d046b341b51a6ae6a62c7a6ea4e0ed62d371dd4372acc7bdfc8b78f77d015228
resnet,mixed,17,bandpass_n20003_cRA_LA_LL_covariance_s0,phase2/results/predictions/full/mixed/resnet/seed_17/bandpass_n20003_cRA_LA_LL_covariance_s0.npz,75967,c2cafc2f0565966c12630a825ece44d36f1fcd9e1520b66209c8cd7226a9399d
resnet,mixed,17,bandpass_n20003_cV1_independent_rms_s20,phase2/results/predictions/full/mixed/resnet/seed_17/bandpass_n20003_cV1_independent_rms_s20.npz,76618,da23d2a12e08773e77cf8dd43986593913b24096033410d700109ed74bd1dfe0
resnet,mixed,17,bandpass_n20003_cV1_independent_rms_s15,phase2/results/predictions/full/mixed/resnet/seed_17/bandpass_n20003_cV1_independent_rms_s15.npz,76627,28dccdae0d40b5a7b207b61d6d48e1cebed2fe12171a291e56b777ea1b8a20a0
resnet,mixed,17,bandpass_n20003_cV1_independent_rms_s10,phase2/results/predictions/full/mixed/resnet/seed_17/bandpass_n20003_cV1_independent_rms_s10.npz,76560,7c52f98a0d2f4c4e07f6aa644ffdafc9ba85312656c01ffecd544dde95ba29ee
resnet,mixed,17,bandpass_n20003_cV1_independent_rms_s5,phase2/results/predictions/full/mixed/resnet/seed_17/bandpass_n20003_cV1_independent_rms_s5.npz,76416,7f031f1fb9c850882c5af1934f35f8c73869d46f09bfb0a98c7f0e252c3a45d3
resnet,mixed,17,bandpass_n20003_cV1_independent_rms_s0,phase2/results/predictions/full/mixed/resnet/seed_17/bandpass_n20003_cV1_independent_rms_s0.npz,76081,e62781c729f9b176f9faf35505bec8665933b33d01f1f6e4fc2411261c96d079
resnet,mixed,17,bandpass_n20003_cV1_electrode_s20,phase2/results/predictions/full/mixed/resnet/seed_17/bandpass_n20003_cV1_electrode_s20.npz,76588,b15225600dc33adc680b61b1e856e9f4617815f70c2cb0319d1aacfae3f6d208
resnet,mixed,17,bandpass_n20003_cV1_electrode_s15,phase2/results/predictions/full/mixed/resnet/seed_17/bandpass_n20003_cV1_electrode_s15.npz,76580,38527707a62a442a6bd1f7f10066d4885cf7d22a1108efeaaac6a749b65306f9
resnet,mixed,17,bandpass_n20003_cV1_electrode_s10,phase2/results/predictions/full/mixed/resnet/seed_17/bandpass_n20003_cV1_electrode_s10.npz,76553,849ae62d336d337db01d84cbb42d7b9c9b29a293644cd635a9e4e71f75cec537
resnet,mixed,17,bandpass_n20003_cV1_electrode_s5,phase2/results/predictions/full/mixed/resnet/seed_17/bandpass_n20003_cV1_electrode_s5.npz,76375,498623d45fb41f319dbe70e02207ef1f9b30b253479894618ad694d7d8170303
resnet,mixed,17,bandpass_n20003_cV1_electrode_s0,phase2/results/predictions/full/mixed/resnet/seed_17/bandpass_n20003_cV1_electrode_s0.npz,76073,d1533706668a5defaf0aa757ed5bd58d999ab146c7b5b86c4a7434de7da93cda
resnet,mixed,17,bandpass_n20003_cV1_covariance_s20,phase2/results/predictions/full/mixed/resnet/seed_17/bandpass_n20003_cV1_covariance_s20.npz,76609,6db162a9eddbefe367260058121e235a1c72e2083e84ba35004b38ec979b7ded
resnet,mixed,17,bandpass_n20003_cV1_covariance_s15,phase2/results/predictions/full/mixed/resnet/seed_17/bandpass_n20003_cV1_covariance_s15.npz,76607,442fc88319de2066f460f74f26ebb75e31ca50ba22c7b74aa594a67bd8964487
resnet,mixed,17,bandpass_n20003_cV1_covariance_s10,phase2/results/predictions/full/mixed/resnet/seed_17/bandpass_n20003_cV1_covariance_s10.npz,76560,052fc7410ff416abacdf262ba05efbb8f8be79eb46e9b56096eb348a67a3e38d
resnet,mixed,17,bandpass_n20003_cV1_covariance_s5,phase2/results/predictions/full/mixed/resnet/seed_17/bandpass_n20003_cV1_covariance_s5.npz,76411,61939e10001921f419388dce644e6d6197debfb16fb7f4b6ed03d83fcf9a5c1d
resnet,mixed,17,bandpass_n20003_cV1_covariance_s0,phase2/results/predictions/full/mixed/resnet/seed_17/bandpass_n20003_cV1_covariance_s0.npz,76059,223c73b02ba39ffed648279de5e1c272b9c87c6393c66f4dd72ac483cebe98aa
resnet,mixed,17,bandpass_n20003_cV2_independent_rms_s20,phase2/results/predictions/full/mixed/resnet/seed_17/bandpass_n20003_cV2_independent_rms_s20.npz,76615,9ab758d54f8c202661d73af3aec7afca5f6ffea28f2a816110e2099eadedb60b
resnet,mixed,17,bandpass_n20003_cV2_independent_rms_s15,phase2/results/predictions/full/mixed/resnet/seed_17/bandpass_n20003_cV2_independent_rms_s15.npz,76590,763bd564e361d46cad9d02902df976b83f4037bb44e9a2c1ee085ceed726cf27
resnet,mixed,17,bandpass_n20003_cV2_independent_rms_s10,phase2/results/predictions/full/mixed/resnet/seed_17/bandpass_n20003_cV2_independent_rms_s10.npz,76598,37f39deabbfbd43695b2476aa4bf8a79891484a69fe32852975989628511ec7b
resnet,mixed,17,bandpass_n20003_cV2_independent_rms_s5,phase2/results/predictions/full/mixed/resnet/seed_17/bandpass_n20003_cV2_independent_rms_s5.npz,76401,5b997b03d8652fff28aeaee380909ff1d08c4d1029d164b2dc3d4f1970a22cbe
resnet,mixed,17,bandpass_n20003_cV2_independent_rms_s0,phase2/results/predictions/full/mixed/resnet/seed_17/bandpass_n20003_cV2_independent_rms_s0.npz,76150,5429106938d40c8b5b7b2899203a261ac90fcaa34b513924a4d3015f796a61c5
resnet,mixed,17,bandpass_n20003_cV2_electrode_s20,phase2/results/predictions/full/mixed/resnet/seed_17/bandpass_n20003_cV2_electrode_s20.npz,76600,dfbc785ffa5cacd0603680fe41f3ea85855e2c1e995a7fc38cf5334a85eb1d37
resnet,mixed,17,bandpass_n20003_cV2_electrode_s15,phase2/results/predictions/full/mixed/resnet/seed_17/bandpass_n20003_cV2_electrode_s15.npz,76621,b80de6021bcc9ced3dd7079b6ee57fb4fe57e6f670251c7fa641f98bb693e87e
resnet,mixed,17,bandpass_n20003_cV2_electrode_s10,phase2/results/predictions/full/mixed/resnet/seed_17/bandpass_n20003_cV2_electrode_s10.npz,76583,8e5cf4ae0c7863a5a1202e6ecce7da97ab8a5ea34607ef2130e35933b47dc2f5
resnet,mixed,17,bandpass_n20003_cV2_electrode_s5,phase2/results/predictions/full/mixed/resnet/seed_17/bandpass_n20003_cV2_electrode_s5.npz,76430,d56534417b8394ad8476c992dfa147887d909c9123e62a115582d58002ba3d21
resnet,mixed,17,bandpass_n20003_cV2_electrode_s0,phase2/results/predictions/full/mixed/resnet/seed_17/bandpass_n20003_cV2_electrode_s0.npz,76164,18dbf861e81f1638177bab5bb2e68708d4d5f23255d857f1276fc290eac88dde
resnet,mixed,17,bandpass_n20003_cV2_covariance_s20,phase2/results/predictions/full/mixed/resnet/seed_17/bandpass_n20003_cV2_covariance_s20.npz,76573,57e2790a7c8bab4fbdb6e591dc82d216a188f7f6f120fed0bfe54914b4a23d16
resnet,mixed,17,bandpass_n20003_cV2_covariance_s15,phase2/results/predictions/full/mixed/resnet/seed_17/bandpass_n20003_cV2_covariance_s15.npz,76594,c44fd57780698d6df1c978698d5a46693b33fa346d13432d8de5280340e6d129
resnet,mixed,17,bandpass_n20003_cV2_covariance_s10,phase2/results/predictions/full/mixed/resnet/seed_17/bandpass_n20003_cV2_covariance_s10.npz,76587,d704aa7987d962f2e2e677604a0ca51981e81d0e0bd88615b2e1b2c9101d2258
resnet,mixed,17,bandpass_n20003_cV2_covariance_s5,phase2/results/predictions/full/mixed/resnet/seed_17/bandpass_n20003_cV2_covariance_s5.npz,76434,d9ad02fe76c13c5361a8fae79281858ee23135d774e2c52ed283a7b1b4af9650
resnet,mixed,17,bandpass_n20003_cV2_covariance_s0,phase2/results/predictions/full/mixed/resnet/seed_17/bandpass_n20003_cV2_covariance_s0.npz,76118,7f1cdf75bf071e7dca328064af4aba05a0efcc9f6a35aad75e4aea309e36ebba
resnet,mixed,17,bandpass_n20003_cV3_independent_rms_s20,phase2/results/predictions/full/mixed/resnet/seed_17/bandpass_n20003_cV3_independent_rms_s20.npz,76617,f2565b3caaa7c6e5755c89269902f9aa3de58f294781cd24cf34b603f1b0f59a
resnet,mixed,17,bandpass_n20003_cV3_independent_rms_s15,phase2/results/predictions/full/mixed/resnet/seed_17/bandpass_n20003_cV3_independent_rms_s15.npz,76623,636448da0401de54d85ff0d696e5a91eec27c0d928516415311b8b95f6056c30
resnet,mixed,17,bandpass_n20003_cV3_independent_rms_s10,phase2/results/predictions/full/mixed/resnet/seed_17/bandpass_n20003_cV3_independent_rms_s10.npz,76614,03962eb33fb012321c6d5d9bd3026cd21f717b7162ac6821f2223fd7e8a2bbf9
resnet,mixed,17,bandpass_n20003_cV3_independent_rms_s5,phase2/results/predictions/full/mixed/resnet/seed_17/bandpass_n20003_cV3_independent_rms_s5.npz,76506,a1bcce834cccc3c655ea781cc39b1dbe85c6154ca2c53708124148cd3ba6acb2
resnet,mixed,17,bandpass_n20003_cV3_independent_rms_s0,phase2/results/predictions/full/mixed/resnet/seed_17/bandpass_n20003_cV3_independent_rms_s0.npz,76142,1993c39c778cd47ba20e6510f6a491a346b0972a641077e23881cca7f6365d9b
resnet,mixed,17,bandpass_n20003_cV3_electrode_s20,phase2/results/predictions/full/mixed/resnet/seed_17/bandpass_n20003_cV3_electrode_s20.npz,76584,48ab81fa925339330fe3447d425f34c4dd5dc466c91b3904a71505edf23ff4ea
resnet,mixed,17,bandpass_n20003_cV3_electrode_s15,phase2/results/predictions/full/mixed/resnet/seed_17/bandpass_n20003_cV3_electrode_s15.npz,76632,a2df4f9198b37c133b436c8f91a8e70b170d6356d8e3aa2df6df54324a7c3b35
resnet,mixed,17,bandpass_n20003_cV3_electrode_s10,phase2/results/predictions/full/mixed/resnet/seed_17/bandpass_n20003_cV3_electrode_s10.npz,76582,1da3777fd44d6acbbb1b8e0b3e76a062fdbfeaabbc0dc0a8d035b9af153d4e00
resnet,mixed,17,bandpass_n20003_cV3_electrode_s5,phase2/results/predictions/full/mixed/resnet/seed_17/bandpass_n20003_cV3_electrode_s5.npz,76502,35bab1d104904ace9e4d0020d42fb048f55e78d858f336129bd2b1ffdc2e3ea2
resnet,mixed,17,bandpass_n20003_cV3_electrode_s0,phase2/results/predictions/full/mixed/resnet/seed_17/bandpass_n20003_cV3_electrode_s0.npz,76143,0c085f8de85c2ba910178d86b200fa1e5e3dd049d224fc5344ed7abb474b303d
resnet,mixed,17,bandpass_n20003_cV3_covariance_s20,phase2/results/predictions/full/mixed/resnet/seed_17/bandpass_n20003_cV3_covariance_s20.npz,76613,5d6c1cca8b130afe069abb972d05ba8086a6ace887d52fa993d58a5a269fea22
resnet,mixed,17,bandpass_n20003_cV3_covariance_s15,phase2/results/predictions/full/mixed/resnet/seed_17/bandpass_n20003_cV3_covariance_s15.npz,76584,474fbd15bbeb18519548ad463ed2035e7b24c746532f6873d913db76916d2ecc
resnet,mixed,17,bandpass_n20003_cV3_covariance_s10,phase2/results/predictions/full/mixed/resnet/seed_17/bandpass_n20003_cV3_covariance_s10.npz,76585,a0880d9b97a7f42271b6761509c29174bcca64a8328dbc5dde64c7d586b6703b
resnet,mixed,17,bandpass_n20003_cV3_covariance_s5,phase2/results/predictions/full/mixed/resnet/seed_17/bandpass_n20003_cV3_covariance_s5.npz,76492,6c9ed19ecd9dcd0ce49746bcb6dc5bcc4b750c400cc9cf0adf4b8cf3c80e184d
resnet,mixed,17,bandpass_n20003_cV3_covariance_s0,phase2/results/predictions/full/mixed/resnet/seed_17/bandpass_n20003_cV3_covariance_s0.npz,76188,7f74e4b6b26b5415369f20463491b84e15cea9c248403258e08120456b00e7df
resnet,mixed,17,bandpass_n20003_cV4_independent_rms_s20,phase2/results/predictions/full/mixed/resnet/seed_17/bandpass_n20003_cV4_independent_rms_s20.npz,76586,57c46c3502d2b20985eaf1b58f4a0d10106151cec2f9b10edbfcab761d442b04
resnet,mixed,17,bandpass_n20003_cV4_independent_rms_s15,phase2/results/predictions/full/mixed/resnet/seed_17/bandpass_n20003_cV4_independent_rms_s15.npz,76612,1558f3e58c8eb41fe2d137f55836357acf9b69cb38b53216c2ba25710745b027
resnet,mixed,17,bandpass_n20003_cV4_independent_rms_s10,phase2/results/predictions/full/mixed/resnet/seed_17/bandpass_n20003_cV4_independent_rms_s10.npz,76626,61b9002723ececf3bda8f703f4d24ca81041df7447df9fdef3cd59609c759cc2
resnet,mixed,17,bandpass_n20003_cV4_independent_rms_s5,phase2/results/predictions/full/mixed/resnet/seed_17/bandpass_n20003_cV4_independent_rms_s5.npz,76558,6b18d276fbb2367973c0538bc2eb9acb0304e98b57a919fd1a81c2cab08407d0
resnet,mixed,17,bandpass_n20003_cV4_independent_rms_s0,phase2/results/predictions/full/mixed/resnet/seed_17/bandpass_n20003_cV4_independent_rms_s0.npz,76360,32b3d5c5b716bae9a04a51b38536e36dcb1a1071e1cd6f6fa43bcf34ae5d6899
resnet,mixed,17,bandpass_n20003_cV4_electrode_s20,phase2/results/predictions/full/mixed/resnet/seed_17/bandpass_n20003_cV4_electrode_s20.npz,76610,eb5ccf07fdd98532a0b89cfc14ae76b986343e9fa783241699fb1ef855d804a5
resnet,mixed,17,bandpass_n20003_cV4_electrode_s15,phase2/results/predictions/full/mixed/resnet/seed_17/bandpass_n20003_cV4_electrode_s15.npz,76620,2941b00256356c2f5afb708d78ca4eb3a74f293f50e1ca132f8a98194ba4ff7c
resnet,mixed,17,bandpass_n20003_cV4_electrode_s10,phase2/results/predictions/full/mixed/resnet/seed_17/bandpass_n20003_cV4_electrode_s10.npz,76614,b30b59ba9b1612d4a274d5b1be5ad6261b70a3b6cf381bb9a635d7d48aaf54b9
resnet,mixed,17,bandpass_n20003_cV4_electrode_s5,phase2/results/predictions/full/mixed/resnet/seed_17/bandpass_n20003_cV4_electrode_s5.npz,76572,8326f81f84679d74fe4b4946f8f743aba15eb36994621ed16049542c6a1a7738
resnet,mixed,17,bandpass_n20003_cV4_electrode_s0,phase2/results/predictions/full/mixed/resnet/seed_17/bandpass_n20003_cV4_electrode_s0.npz,76385,5cea33cad17320f3019d1ce00cf493c7ebb731144c17bb6f6c82d5d2321cf1fd
resnet,mixed,17,bandpass_n20003_cV4_covariance_s20,phase2/results/predictions/full/mixed/resnet/seed_17/bandpass_n20003_cV4_covariance_s20.npz,76584,11e0577b06f70312d967a497d9adefc49d74126f1de045e1171d729d7dab28fe
resnet,mixed,17,bandpass_n20003_cV4_covariance_s15,phase2/results/predictions/full/mixed/resnet/seed_17/bandpass_n20003_cV4_covariance_s15.npz,76624,b4976840f685bedba3112ca619a5202d46542510299153f45459bf3c175084b7
resnet,mixed,17,bandpass_n20003_cV4_covariance_s10,phase2/results/predictions/full/mixed/resnet/seed_17/bandpass_n20003_cV4_covariance_s10.npz,76614,fe69a470c79f9e11fbe71d922d72da99b6627decba70c6ccb6a4ce91ea7e67c5
resnet,mixed,17,bandpass_n20003_cV4_covariance_s5,phase2/results/predictions/full/mixed/resnet/seed_17/bandpass_n20003_cV4_covariance_s5.npz,76557,ad78b1df3ad24a5274923afda2e392dca1957f68931e2475c3957a4c7d2b069f
resnet,mixed,17,bandpass_n20003_cV4_covariance_s0,phase2/results/predictions/full/mixed/resnet/seed_17/bandpass_n20003_cV4_covariance_s0.npz,76330,7aa77acd5c1fdd4134947e013660c862af6557c2fca2294a598ee0e2029ae209
resnet,mixed,17,bandpass_n20003_cV5_independent_rms_s20,phase2/results/predictions/full/mixed/resnet/seed_17/bandpass_n20003_cV5_independent_rms_s20.npz,76613,2fad4e63d07e99fb8e34d61554cc30448271e47d51e1c5d4a1c236918f26ee38
resnet,mixed,17,bandpass_n20003_cV5_independent_rms_s15,phase2/results/predictions/full/mixed/resnet/seed_17/bandpass_n20003_cV5_independent_rms_s15.npz,76614,fc23de7048f8cf3301b8043bc3ac053c29761feec2b51aa6ca7f85b221a1f52f
resnet,mixed,17,bandpass_n20003_cV5_independent_rms_s10,phase2/results/predictions/full/mixed/resnet/seed_17/bandpass_n20003_cV5_independent_rms_s10.npz,76587,73852f4df20afef07d28192e63a1a5279ef88c32105436115555644658e33bef
resnet,mixed,17,bandpass_n20003_cV5_independent_rms_s5,phase2/results/predictions/full/mixed/resnet/seed_17/bandpass_n20003_cV5_independent_rms_s5.npz,76483,b4d9d6632ac1e206bc1d9a906f1b00b20c5f472991db877c330eb66cd5036c5a
resnet,mixed,17,bandpass_n20003_cV5_independent_rms_s0,phase2/results/predictions/full/mixed/resnet/seed_17/bandpass_n20003_cV5_independent_rms_s0.npz,76254,5840851a7ecbefca0912108fd5652be38a838b43bf4cd0f04ab58b231fb143d6
resnet,mixed,17,bandpass_n20003_cV5_electrode_s20,phase2/results/predictions/full/mixed/resnet/seed_17/bandpass_n20003_cV5_electrode_s20.npz,76584,da17f8e5fe5ec978e089e60a52ec592eb686893d85c0976c709260591736887b
resnet,mixed,17,bandpass_n20003_cV5_electrode_s15,phase2/results/predictions/full/mixed/resnet/seed_17/bandpass_n20003_cV5_electrode_s15.npz,76627,c8f9d163dfcefff6cd65c0dd7ea385620a07c654083cd75b043d3187f3801a65
resnet,mixed,17,bandpass_n20003_cV5_electrode_s10,phase2/results/predictions/full/mixed/resnet/seed_17/bandpass_n20003_cV5_electrode_s10.npz,76544,2311f26307e1c0e88aaa78b05120c888ab3d7bf476b0b1d0e14384ef4a2cbdbe
resnet,mixed,17,bandpass_n20003_cV5_electrode_s5,phase2/results/predictions/full/mixed/resnet/seed_17/bandpass_n20003_cV5_electrode_s5.npz,76472,3fbc1da41351852682dd9c4c85c36c97f9f01d55b23260dee69db3fe432d5fce
resnet,mixed,17,bandpass_n20003_cV5_electrode_s0,phase2/results/predictions/full/mixed/resnet/seed_17/bandpass_n20003_cV5_electrode_s0.npz,76201,aa5d7462d84736a3dd533631340815d3165209c701a201cddb36430753551110
resnet,mixed,17,bandpass_n20003_cV5_covariance_s20,phase2/results/predictions/full/mixed/resnet/seed_17/bandpass_n20003_cV5_covariance_s20.npz,76620,0b61d4ffd25735fd6754c843bfc62772b8a3dbcdfffeee7c97806fbaaf5f3773
resnet,mixed,17,bandpass_n20003_cV5_covariance_s15,phase2/results/predictions/full/mixed/resnet/seed_17/bandpass_n20003_cV5_covariance_s15.npz,76585,947ebd42a2b69a06d477d4d031c241dafd1bcff2bab42ad751fd6761ba267b67
resnet,mixed,17,bandpass_n20003_cV5_covariance_s10,phase2/results/predictions/full/mixed/resnet/seed_17/bandpass_n20003_cV5_covariance_s10.npz,76581,707cc8bea313372dd58ed78772f8c7b970ca9e2a77b8b05bbc58aff13bb30dea
resnet,mixed,17,bandpass_n20003_cV5_covariance_s5,phase2/results/predictions/full/mixed/resnet/seed_17/bandpass_n20003_cV5_covariance_s5.npz,76468,05041f9a493b3d9eff74fc088449ce7b20fe056dd2ec0ce44730155166c03abc
resnet,mixed,17,bandpass_n20003_cV5_covariance_s0,phase2/results/predictions/full/mixed/resnet/seed_17/bandpass_n20003_cV5_covariance_s0.npz,76238,887e8266fad7f8b55f7d6f4ad9a0bb4e7fe09622d2782e94bc03e36ec342d85f
resnet,mixed,17,bandpass_n20003_cV6_independent_rms_s20,phase2/results/predictions/full/mixed/resnet/seed_17/bandpass_n20003_cV6_independent_rms_s20.npz,76637,5cbb96adfbcb586a7b860eba8838db4672b4fa1b721ff2f2a60b78e62d9b6c14
resnet,mixed,17,bandpass_n20003_cV6_independent_rms_s15,phase2/results/predictions/full/mixed/resnet/seed_17/bandpass_n20003_cV6_independent_rms_s15.npz,76612,f51b739708c23f2da75ab47ae617d251c02df953521864c7b9546c3bd3dd4978
resnet,mixed,17,bandpass_n20003_cV6_independent_rms_s10,phase2/results/predictions/full/mixed/resnet/seed_17/bandpass_n20003_cV6_independent_rms_s10.npz,76585,250b406324af1d89b260884942131b44de6761357f53fce0451c909c36b4ca48
resnet,mixed,17,bandpass_n20003_cV6_independent_rms_s5,phase2/results/predictions/full/mixed/resnet/seed_17/bandpass_n20003_cV6_independent_rms_s5.npz,76424,73cfc59d17c8f76f8a23f668bd18c9e46d9d4805187d1d53447c9e705e5781fa
resnet,mixed,17,bandpass_n20003_cV6_independent_rms_s0,phase2/results/predictions/full/mixed/resnet/seed_17/bandpass_n20003_cV6_independent_rms_s0.npz,76177,c682e447f701ea634857606eab9d35a21e3c24a1d3c7d7ab2350a06468d745b0
resnet,mixed,17,bandpass_n20003_cV6_electrode_s20,phase2/results/predictions/full/mixed/resnet/seed_17/bandpass_n20003_cV6_electrode_s20.npz,76599,deaf492e7e65657612468bc2d9aae0fcdef5aa65da17c7da4f93b25941302bd1
resnet,mixed,17,bandpass_n20003_cV6_electrode_s15,phase2/results/predictions/full/mixed/resnet/seed_17/bandpass_n20003_cV6_electrode_s15.npz,76578,51000d38e317ec1c80cfcb93730b97135157ab979255a091a3da9ac02f4cefb4
resnet,mixed,17,bandpass_n20003_cV6_electrode_s10,phase2/results/predictions/full/mixed/resnet/seed_17/bandpass_n20003_cV6_electrode_s10.npz,76563,7a78668b7c4227fa2e40bb09b8ee162b83464925ea357f7478528888068264b3
resnet,mixed,17,bandpass_n20003_cV6_electrode_s5,phase2/results/predictions/full/mixed/resnet/seed_17/bandpass_n20003_cV6_electrode_s5.npz,76426,4f13459495cce37079b28a5d419add98169845f658eecf531cee2578eb2c3e84
resnet,mixed,17,bandpass_n20003_cV6_electrode_s0,phase2/results/predictions/full/mixed/resnet/seed_17/bandpass_n20003_cV6_electrode_s0.npz,76142,e65ed657584da22bc9a500aa2790eabe33924dc96f53d53ecf3da5fcd7e3c9c2
resnet,mixed,17,bandpass_n20003_cV6_covariance_s20,phase2/results/predictions/full/mixed/resnet/seed_17/bandpass_n20003_cV6_covariance_s20.npz,76586,856be450f901fa6e31e0f4f3ba0fdf09d724e912e39a05a77679e781c552f680
resnet,mixed,17,bandpass_n20003_cV6_covariance_s15,phase2/results/predictions/full/mixed/resnet/seed_17/bandpass_n20003_cV6_covariance_s15.npz,76616,dc7f912ddedbff870e5ff13e9f0184086002f9c5e6f3838199cbecf3635f742e
resnet,mixed,17,bandpass_n20003_cV6_covariance_s10,phase2/results/predictions/full/mixed/resnet/seed_17/bandpass_n20003_cV6_covariance_s10.npz,76567,b93a94e73b43891914ab2500f5cd2446d84bf9bfc867245a9f5c02e10ec74805
resnet,mixed,17,bandpass_n20003_cV6_covariance_s5,phase2/results/predictions/full/mixed/resnet/seed_17/bandpass_n20003_cV6_covariance_s5.npz,76416,e83753b173d431132c772e27137f72228bd219d1baa7c14ffe3d67cdf66abb41
resnet,mixed,17,bandpass_n20003_cV6_covariance_s0,phase2/results/predictions/full/mixed/resnet/seed_17/bandpass_n20003_cV6_covariance_s0.npz,76153,60d69fd606fa9d261af10fce29da0980bd0c4a9144c0df661ccff33ff8309111
resnet,mixed,17,bandpass_n20003_cRA_LA_independent_rms_s20,phase2/results/predictions/full/mixed/resnet/seed_17/bandpass_n20003_cRA_LA_independent_rms_s20.npz,76642,5e81eaf66e0680c7f2b1a89fbf4fc37291131d8333704676312de76b069ebb52
resnet,mixed,17,bandpass_n20003_cRA_LA_independent_rms_s15,phase2/results/predictions/full/mixed/resnet/seed_17/bandpass_n20003_cRA_LA_independent_rms_s15.npz,76619,a8886cf80ea725fe21624af027881149c26171b7347aea5b93bac570cb1ed7a0
resnet,mixed,17,bandpass_n20003_cRA_LA_independent_rms_s10,phase2/results/predictions/full/mixed/resnet/seed_17/bandpass_n20003_cRA_LA_independent_rms_s10.npz,76605,79826d45a8a2b3a57d21d7e8b56fb078ed11978e292545a1d29d4462c93e3562
resnet,mixed,17,bandpass_n20003_cRA_LA_independent_rms_s5,phase2/results/predictions/full/mixed/resnet/seed_17/bandpass_n20003_cRA_LA_independent_rms_s5.npz,76446,f190064385d1cf68c2b6d20e1759e0f6e246f341a5c59dd9ea72c66f8f229611
resnet,mixed,17,bandpass_n20003_cRA_LA_independent_rms_s0,phase2/results/predictions/full/mixed/resnet/seed_17/bandpass_n20003_cRA_LA_independent_rms_s0.npz,76209,ff14d98048f098dd48f2126e40f4e86ae683b8798010065d7ed0684c9258b1f5
resnet,mixed,17,bandpass_n20003_cRA_LA_electrode_s20,phase2/results/predictions/full/mixed/resnet/seed_17/bandpass_n20003_cRA_LA_electrode_s20.npz,76586,7ba99b5d74028a9f176ad8709a536bec344a7c75a1f6346534b65373e0542d23
resnet,mixed,17,bandpass_n20003_cRA_LA_electrode_s15,phase2/results/predictions/full/mixed/resnet/seed_17/bandpass_n20003_cRA_LA_electrode_s15.npz,76602,19bcfbff2c7f3f197f2fff1edd39334a9e6219dd54217778deb6ef13c0e30c7c
resnet,mixed,17,bandpass_n20003_cRA_LA_electrode_s10,phase2/results/predictions/full/mixed/resnet/seed_17/bandpass_n20003_cRA_LA_electrode_s10.npz,76538,daff355c572e57ab297e01813a346facb7cd41c85e15141ca277a8bef66b2f98
resnet,mixed,17,bandpass_n20003_cRA_LA_electrode_s5,phase2/results/predictions/full/mixed/resnet/seed_17/bandpass_n20003_cRA_LA_electrode_s5.npz,76325,7465ef6cf3ae2b2b363e961d4ab36f6304f469103e743be8e4b905727bc23fbc
resnet,mixed,17,bandpass_n20003_cRA_LA_electrode_s0,phase2/results/predictions/full/mixed/resnet/seed_17/bandpass_n20003_cRA_LA_electrode_s0.npz,76043,965728bfadf95c3cc10881a0faa2098f46b532193c93b05c1b63fbfd9ce856aa
resnet,mixed,17,bandpass_n20003_cRA_LA_covariance_s20,phase2/results/predictions/full/mixed/resnet/seed_17/bandpass_n20003_cRA_LA_covariance_s20.npz,76648,07862e745a4ce8dd28501e89af5546e265a60e3b18c744cd16f9958f336acc6f
resnet,mixed,17,bandpass_n20003_cRA_LA_covariance_s15,phase2/results/predictions/full/mixed/resnet/seed_17/bandpass_n20003_cRA_LA_covariance_s15.npz,76569,d31e13a6df6c114c3377afd51c95b42acf16b2c63341dc60935224f9d03d9386
resnet,mixed,17,bandpass_n20003_cRA_LA_covariance_s10,phase2/results/predictions/full/mixed/resnet/seed_17/bandpass_n20003_cRA_LA_covariance_s10.npz,76535,4364da395171a8204df9d8b46083cf33e6fe4383e40ea84c3be4c5bb5fd23de8
resnet,mixed,17,bandpass_n20003_cRA_LA_covariance_s5,phase2/results/predictions/full/mixed/resnet/seed_17/bandpass_n20003_cRA_LA_covariance_s5.npz,76328,5e45a7ca4cb40ab81af8e3ee68396e930b2de4a05b3109997562d08b2e92c1ee
resnet,mixed,17,bandpass_n20003_cRA_LA_covariance_s0,phase2/results/predictions/full/mixed/resnet/seed_17/bandpass_n20003_cRA_LA_covariance_s0.npz,76035,8727ab76e4373d1ecea22b4fc8f16189dc419dcc0e273ac92369be0a8569b776
resnet,mixed,17,bandpass_n20003_cLA_LL_independent_rms_s20,phase2/results/predictions/full/mixed/resnet/seed_17/bandpass_n20003_cLA_LL_independent_rms_s20.npz,76588,13c81693099356c85d5164539306dd272152753d3cac742dfd20d8417def0a81
resnet,mixed,17,bandpass_n20003_cLA_LL_independent_rms_s15,phase2/results/predictions/full/mixed/resnet/seed_17/bandpass_n20003_cLA_LL_independent_rms_s15.npz,76653,e3a7a0a56345ef803f48f49533d34b458e476ee96bce4b27134b777e63c5dde3
resnet,mixed,17,bandpass_n20003_cLA_LL_independent_rms_s10,phase2/results/predictions/full/mixed/resnet/seed_17/bandpass_n20003_cLA_LL_independent_rms_s10.npz,76624,5484b81e2d73d7feb9e49861544776a2d05be92154aee0aedb4524ac048772e7
resnet,mixed,17,bandpass_n20003_cLA_LL_independent_rms_s5,phase2/results/predictions/full/mixed/resnet/seed_17/bandpass_n20003_cLA_LL_independent_rms_s5.npz,76470,fe7ea9e5b81c622468460fcab516f1b12c4d96a3900b039224dcc73911767782
resnet,mixed,17,bandpass_n20003_cLA_LL_independent_rms_s0,phase2/results/predictions/full/mixed/resnet/seed_17/bandpass_n20003_cLA_LL_independent_rms_s0.npz,76150,344a39ea6a7c87b0e47c1900b24d52a0c25041996b8aead0dd441514b7378d36
resnet,mixed,17,bandpass_n20003_cLA_LL_electrode_s20,phase2/results/predictions/full/mixed/resnet/seed_17/bandpass_n20003_cLA_LL_electrode_s20.npz,76594,ece5ca7efe01ea11c543d82be38ca41d41756bd4ed416ff97259ed79864b6c8e
resnet,mixed,17,bandpass_n20003_cLA_LL_electrode_s15,phase2/results/predictions/full/mixed/resnet/seed_17/bandpass_n20003_cLA_LL_electrode_s15.npz,76602,be0c4f5ae3279cbc0bf3d41b2b3454ff42b6ae42ac48af2f56412c3f93038b18
resnet,mixed,17,bandpass_n20003_cLA_LL_electrode_s10,phase2/results/predictions/full/mixed/resnet/seed_17/bandpass_n20003_cLA_LL_electrode_s10.npz,76504,20dd4206048a9686c8ecfd610a4aac69219dba2c2bf0284845413d9e6bd0d13d
resnet,mixed,17,bandpass_n20003_cLA_LL_electrode_s5,phase2/results/predictions/full/mixed/resnet/seed_17/bandpass_n20003_cLA_LL_electrode_s5.npz,76347,e5b9af9e3d01ca48029091ebf897649a3d5b7531162f0568058938caaad88d02
resnet,mixed,17,bandpass_n20003_cLA_LL_electrode_s0,phase2/results/predictions/full/mixed/resnet/seed_17/bandpass_n20003_cLA_LL_electrode_s0.npz,75942,7ace4225aecf14e38d5681a7a9aff5664446bfffb2b19809f4d48d13e70e21a3
resnet,mixed,17,bandpass_n20003_cLA_LL_covariance_s20,phase2/results/predictions/full/mixed/resnet/seed_17/bandpass_n20003_cLA_LL_covariance_s20.npz,76609,81459e683cc7bc56fa8b247395fd326bb5fdbdeab5d0fa79ebd667a629ebac09
resnet,mixed,17,bandpass_n20003_cLA_LL_covariance_s15,phase2/results/predictions/full/mixed/resnet/seed_17/bandpass_n20003_cLA_LL_covariance_s15.npz,76590,db1be6a6f355377aa990194ad4bd005efca80210732189998f4531d6f63da566
resnet,mixed,17,bandpass_n20003_cLA_LL_covariance_s10,phase2/results/predictions/full/mixed/resnet/seed_17/bandpass_n20003_cLA_LL_covariance_s10.npz,76510,21b4cca5d91da59eaf84b73212644dee1c9ef4bb551d9cae402a6c57752c090f
resnet,mixed,17,bandpass_n20003_cLA_LL_covariance_s5,phase2/results/predictions/full/mixed/resnet/seed_17/bandpass_n20003_cLA_LL_covariance_s5.npz,76327,384d78b2b6bfb6728481ba8509716ef07bbaa70d4e75e685c3e38a8e3d7a45ab
resnet,mixed,17,bandpass_n20003_cLA_LL_covariance_s0,phase2/results/predictions/full/mixed/resnet/seed_17/bandpass_n20003_cLA_LL_covariance_s0.npz,75918,c78617d426c84966782afd89518ce29c5bd4f4eec47e1cb56ec9a1aadc079f35
resnet,mixed,17,bandpass_n20003_cRA_LL_independent_rms_s20,phase2/results/predictions/full/mixed/resnet/seed_17/bandpass_n20003_cRA_LL_independent_rms_s20.npz,76627,8f6b64fbc480700f62b1f59453965938646eee982beef05206bf4a04f03e0944
resnet,mixed,17,bandpass_n20003_cRA_LL_independent_rms_s15,phase2/results/predictions/full/mixed/resnet/seed_17/bandpass_n20003_cRA_LL_independent_rms_s15.npz,76609,82e50e975bf6c9ca4905cb27857d15df4799f3dacd3559b0091eaedcf6373127
resnet,mixed,17,bandpass_n20003_cRA_LL_independent_rms_s10,phase2/results/predictions/full/mixed/resnet/seed_17/bandpass_n20003_cRA_LL_independent_rms_s10.npz,76570,887c3ab6ad13f5fc132f0b4e10609850a15d564e716f1cddd8f60435797003fc
resnet,mixed,17,bandpass_n20003_cRA_LL_independent_rms_s5,phase2/results/predictions/full/mixed/resnet/seed_17/bandpass_n20003_cRA_LL_independent_rms_s5.npz,76431,aaad99bee6bdb1ee7cb3208016a576d798850b4bdaab16c3e06c0e43935aa713
resnet,mixed,17,bandpass_n20003_cRA_LL_independent_rms_s0,phase2/results/predictions/full/mixed/resnet/seed_17/bandpass_n20003_cRA_LL_independent_rms_s0.npz,76147,0bc3a49042e5d0ec95de182847d2ead3fc0039416ed395aa6ec628b9dd8ee9ff
resnet,mixed,17,bandpass_n20003_cRA_LL_electrode_s20,phase2/results/predictions/full/mixed/resnet/seed_17/bandpass_n20003_cRA_LL_electrode_s20.npz,76616,213c3d93474c101459d87ac2867a3a7209154d3ca3a5819e331457f419880b94
resnet,mixed,17,bandpass_n20003_cRA_LL_electrode_s15,phase2/results/predictions/full/mixed/resnet/seed_17/bandpass_n20003_cRA_LL_electrode_s15.npz,76622,695e003ea34fe41338b3d04ae6de56055c344430304f21e2666f75113c4007a5
resnet,mixed,17,bandpass_n20003_cRA_LL_electrode_s10,phase2/results/predictions/full/mixed/resnet/seed_17/bandpass_n20003_cRA_LL_electrode_s10.npz,76528,8ad89ab7299c3b81dbac6ef73edbb176ebfbf351f6d99f1f2620a5200e722381
resnet,mixed,17,bandpass_n20003_cRA_LL_electrode_s5,phase2/results/predictions/full/mixed/resnet/seed_17/bandpass_n20003_cRA_LL_electrode_s5.npz,76318,7fca168401031f2723c5b8f2dbfc76c761988810ee2bbfb4e4cad37886140f93
resnet,mixed,17,bandpass_n20003_cRA_LL_electrode_s0,phase2/results/predictions/full/mixed/resnet/seed_17/bandpass_n20003_cRA_LL_electrode_s0.npz,75985,3a33ea678d66f01efd2737645f8b185625415c56b55b71d1f6670d022b26fe89
resnet,mixed,17,bandpass_n20003_cRA_LL_covariance_s20,phase2/results/predictions/full/mixed/resnet/seed_17/bandpass_n20003_cRA_LL_covariance_s20.npz,76612,c5bea9f4c11f9ae463210073abe22900b737b1f5206230f7ac4f05e74171eb68
resnet,mixed,17,bandpass_n20003_cRA_LL_covariance_s15,phase2/results/predictions/full/mixed/resnet/seed_17/bandpass_n20003_cRA_LL_covariance_s15.npz,76603,2d5cbe70615b78e55b853a3aca79b4f77d63b64b579f9d273fa14c3c2e0ba744
resnet,mixed,17,bandpass_n20003_cRA_LL_covariance_s10,phase2/results/predictions/full/mixed/resnet/seed_17/bandpass_n20003_cRA_LL_covariance_s10.npz,76520,90fe253c1107395f3f3350003924c0187ae4c173f1357a7bc31a776b66d31f6a
resnet,mixed,17,bandpass_n20003_cRA_LL_covariance_s5,phase2/results/predictions/full/mixed/resnet/seed_17/bandpass_n20003_cRA_LL_covariance_s5.npz,76318,cdd66c42add3e88709cda4e3470a80c023666fc29e260c1392e414b033024e25
resnet,mixed,17,bandpass_n20003_cRA_LL_covariance_s0,phase2/results/predictions/full/mixed/resnet/seed_17/bandpass_n20003_cRA_LL_covariance_s0.npz,75999,1ea150fbfade4dbbe99c7731e3c7ac2320076bce5c623d3ed19f01abbc531d9f
resnet,mixed,17,bandpass_n20003_cRA_independent_rms_s20,phase2/results/predictions/full/mixed/resnet/seed_17/bandpass_n20003_cRA_independent_rms_s20.npz,76621,090732b34d945ce345a39a47bf757f871a5afa026b9cdbbbc2b6d0b7e6e81831
resnet,mixed,17,bandpass_n20003_cRA_independent_rms_s15,phase2/results/predictions/full/mixed/resnet/seed_17/bandpass_n20003_cRA_independent_rms_s15.npz,76602,573dc0269062b2402180ca48cfb0915ff5b446ae834d3b88ef7688e0356306b0
resnet,mixed,17,bandpass_n20003_cRA_independent_rms_s10,phase2/results/predictions/full/mixed/resnet/seed_17/bandpass_n20003_cRA_independent_rms_s10.npz,76568,ca23d13cdb1062813838c3d9370f96f993f41fa199293e067c4062f757c116fc
resnet,mixed,17,bandpass_n20003_cRA_independent_rms_s5,phase2/results/predictions/full/mixed/resnet/seed_17/bandpass_n20003_cRA_independent_rms_s5.npz,76491,86089fb2f67240f6f93190a5943da8e2a2fc2d89d12a597d68a11c135e9228ce
resnet,mixed,17,bandpass_n20003_cRA_independent_rms_s0,phase2/results/predictions/full/mixed/resnet/seed_17/bandpass_n20003_cRA_independent_rms_s0.npz,76207,bf48b13ed3f33e9172071f1d151fb81665cd76a874efbba13cdece0e3ab48074
resnet,mixed,17,bandpass_n20003_cRA_electrode_s20,phase2/results/predictions/full/mixed/resnet/seed_17/bandpass_n20003_cRA_electrode_s20.npz,76607,612fef2d805d769a36df017329467d931ecb4cfbc529a0dd79951d9c918d09d8
resnet,mixed,17,bandpass_n20003_cRA_electrode_s15,phase2/results/predictions/full/mixed/resnet/seed_17/bandpass_n20003_cRA_electrode_s15.npz,76587,9023016884d18c1a9add26fa3791ecdff5329b5eb2007802acfb2f7fdff222ae
resnet,mixed,17,bandpass_n20003_cRA_electrode_s10,phase2/results/predictions/full/mixed/resnet/seed_17/bandpass_n20003_cRA_electrode_s10.npz,76516,a4c07388bb2d1fc72a324d5fea563d312144ad10c37ab5c440ce31ea72c09611
resnet,mixed,17,bandpass_n20003_cRA_electrode_s5,phase2/results/predictions/full/mixed/resnet/seed_17/bandpass_n20003_cRA_electrode_s5.npz,76394,7856df64c86e764b44bcc860c22dc55d2d443579a4033850db54057c54503e4e
resnet,mixed,17,bandpass_n20003_cRA_electrode_s0,phase2/results/predictions/full/mixed/resnet/seed_17/bandpass_n20003_cRA_electrode_s0.npz,76088,da8d02cf2589c832b59f727a77eccb8d779b2ac5b337c91c4107718025587cd5
resnet,mixed,17,bandpass_n20003_cRA_covariance_s20,phase2/results/predictions/full/mixed/resnet/seed_17/bandpass_n20003_cRA_covariance_s20.npz,76610,cd952177d6f1ffe30b38350d8bfd0b215908e56ddb53f2ad57228b89290262a3
resnet,mixed,17,bandpass_n20003_cRA_covariance_s15,phase2/results/predictions/full/mixed/resnet/seed_17/bandpass_n20003_cRA_covariance_s15.npz,76609,23ba5bb55e046cc95c5ddd59e00ad1211e4f3703d9a93def68ea781230c5e8b0
resnet,mixed,17,bandpass_n20003_cRA_covariance_s10,phase2/results/predictions/full/mixed/resnet/seed_17/bandpass_n20003_cRA_covariance_s10.npz,76533,4ede20e550edb60d1d9fb9ba63749ee2234f5ff33ddfd9dbf4075b2ad5084286
resnet,mixed,17,bandpass_n20003_cRA_covariance_s5,phase2/results/predictions/full/mixed/resnet/seed_17/bandpass_n20003_cRA_covariance_s5.npz,76354,8ca66f4a61b4513143cda2ddcb616048ed2cf170472780c2a761a31aae5428b0
resnet,mixed,17,bandpass_n20003_cRA_covariance_s0,phase2/results/predictions/full/mixed/resnet/seed_17/bandpass_n20003_cRA_covariance_s0.npz,76072,3fd93af775d540117878f1558110a130cd2d547514a56a91e58031de188d06b0
resnet,mixed,17,bandpass_n20003_cLA_independent_rms_s20,phase2/results/predictions/full/mixed/resnet/seed_17/bandpass_n20003_cLA_independent_rms_s20.npz,76645,48505635b27b29d86394fa23c8fbee4e2f1a3bf3840ba141df9e5dae79121d7e
resnet,mixed,17,bandpass_n20003_cLA_independent_rms_s15,phase2/results/predictions/full/mixed/resnet/seed_17/bandpass_n20003_cLA_independent_rms_s15.npz,76618,27859192cdcead5886a83d27d054d539a7b3ed20d56484b3fbd098383bacb645
resnet,mixed,17,bandpass_n20003_cLA_independent_rms_s10,phase2/results/predictions/full/mixed/resnet/seed_17/bandpass_n20003_cLA_independent_rms_s10.npz,76548,047139457bb71750acfd9e606ffdf725b5c0f907404bdc28fd1c78f32a844a76
resnet,mixed,17,bandpass_n20003_cLA_independent_rms_s5,phase2/results/predictions/full/mixed/resnet/seed_17/bandpass_n20003_cLA_independent_rms_s5.npz,76496,c4a8ed0a3ad1020c0a8e82a447299dd68439ba0c61f9be359f38d79638ff755f
resnet,mixed,17,bandpass_n20003_cLA_independent_rms_s0,phase2/results/predictions/full/mixed/resnet/seed_17/bandpass_n20003_cLA_independent_rms_s0.npz,76187,9aeb7f49627815dfb113c430f85cccd42095cb23943709ce380be437c0ea766a
resnet,mixed,17,bandpass_n20003_cLA_electrode_s20,phase2/results/predictions/full/mixed/resnet/seed_17/bandpass_n20003_cLA_electrode_s20.npz,76617,b0280258a5789c9cf130bfb62a7fb8cd59e32c269a04d1777140e30b0e26a830
resnet,mixed,17,bandpass_n20003_cLA_electrode_s15,phase2/results/predictions/full/mixed/resnet/seed_17/bandpass_n20003_cLA_electrode_s15.npz,76561,93ae6235a3bb5c2e3794b00d4fbf54b07109c878b9473217fa76459e149b063e
resnet,mixed,17,bandpass_n20003_cLA_electrode_s10,phase2/results/predictions/full/mixed/resnet/seed_17/bandpass_n20003_cLA_electrode_s10.npz,76509,1f3fb749f3d7c32da0446a0d641bc452edcc63a16446c6996f706ff656cfa862
resnet,mixed,17,bandpass_n20003_cLA_electrode_s5,phase2/results/predictions/full/mixed/resnet/seed_17/bandpass_n20003_cLA_electrode_s5.npz,76353,79a4f6607649a9b36c130fd5fe4969238caeb8d70a8429ee0ef956e64648d2d2
resnet,mixed,17,bandpass_n20003_cLA_electrode_s0,phase2/results/predictions/full/mixed/resnet/seed_17/bandpass_n20003_cLA_electrode_s0.npz,75973,1bc3c8a9827e67ab468ecc7216ed4e338f1a093c94dd5e4f9df2da37b411ddee
resnet,mixed,17,bandpass_n20003_cLA_covariance_s20,phase2/results/predictions/full/mixed/resnet/seed_17/bandpass_n20003_cLA_covariance_s20.npz,76578,ee3a46ec89819ebdbebeb926d710b4f6e8e4a64c164ab36ad31cdca0c3198482
resnet,mixed,17,bandpass_n20003_cLA_covariance_s15,phase2/results/predictions/full/mixed/resnet/seed_17/bandpass_n20003_cLA_covariance_s15.npz,76619,c789c9668b0a269bea17a26fbf72a2a56de6fe9d9afa50a6334ae2827d8229e8
resnet,mixed,17,bandpass_n20003_cLA_covariance_s10,phase2/results/predictions/full/mixed/resnet/seed_17/bandpass_n20003_cLA_covariance_s10.npz,76549,87e69ba3c259a538160a0726bee967f0a1ec83cfc19b6488d20ea42023f7660d
resnet,mixed,17,bandpass_n20003_cLA_covariance_s5,phase2/results/predictions/full/mixed/resnet/seed_17/bandpass_n20003_cLA_covariance_s5.npz,76320,c311d75f16ee085333ac7ab8ac2eb4d33c240cfa77224af23d132457f5178975
resnet,mixed,17,bandpass_n20003_cLA_covariance_s0,phase2/results/predictions/full/mixed/resnet/seed_17/bandpass_n20003_cLA_covariance_s0.npz,75967,ce1f0a013aaa57de912efcc6c2ab6215cd10d39cf839509626fb8194117a92c5
resnet,mixed,17,bandpass_n20003_cLL_independent_rms_s20,phase2/results/predictions/full/mixed/resnet/seed_17/bandpass_n20003_cLL_independent_rms_s20.npz,76630,49a6d7b5c4bacdbac485216432bf2746f92c4090fac035da9ea593b7c43973fe
resnet,mixed,17,bandpass_n20003_cLL_independent_rms_s15,phase2/results/predictions/full/mixed/resnet/seed_17/bandpass_n20003_cLL_independent_rms_s15.npz,76594,08edee2b4d7efebd598a285f1edb21c4d54f75ef0390ad16cda6e5641d2d3681
resnet,mixed,17,bandpass_n20003_cLL_independent_rms_s10,phase2/results/predictions/full/mixed/resnet/seed_17/bandpass_n20003_cLL_independent_rms_s10.npz,76587,048b81587453157285dcb8ec68d8d6088e3130e2b47c684dcbaf7616d27f09ac
resnet,mixed,17,bandpass_n20003_cLL_independent_rms_s5,phase2/results/predictions/full/mixed/resnet/seed_17/bandpass_n20003_cLL_independent_rms_s5.npz,76442,115d67d6f9762ce1240238bcb8d5544f5317a57b3bf09c38f7160d1a263886f4
resnet,mixed,17,bandpass_n20003_cLL_independent_rms_s0,phase2/results/predictions/full/mixed/resnet/seed_17/bandpass_n20003_cLL_independent_rms_s0.npz,76121,3c01cfc084b9418583aca58bdbd7806c3e8c28d2ba8ce1fe777e69a7b074008c
resnet,mixed,17,bandpass_n20003_cLL_electrode_s20,phase2/results/predictions/full/mixed/resnet/seed_17/bandpass_n20003_cLL_electrode_s20.npz,76590,ac5ab2aa64dd410f7a85fe3c28fce5496e6e987ae86d032aa1baab06a207e5dd
resnet,mixed,17,bandpass_n20003_cLL_electrode_s15,phase2/results/predictions/full/mixed/resnet/seed_17/bandpass_n20003_cLL_electrode_s15.npz,76626,89c827383472cf3074d43ca810be8f4546d373bf6d85f004e1d45b88066307f7
resnet,mixed,17,bandpass_n20003_cLL_electrode_s10,phase2/results/predictions/full/mixed/resnet/seed_17/bandpass_n20003_cLL_electrode_s10.npz,76507,0aa1b9aa6de283e74561d28c9d3c336eaad7ec7f0388e5a60ac4d23345c16015
resnet,mixed,17,bandpass_n20003_cLL_electrode_s5,phase2/results/predictions/full/mixed/resnet/seed_17/bandpass_n20003_cLL_electrode_s5.npz,76279,52fefbf5a347389e231cacd3a1c8c8c9a80d0b20fcca112bbf5d8c83e5817098
resnet,mixed,17,bandpass_n20003_cLL_electrode_s0,phase2/results/predictions/full/mixed/resnet/seed_17/bandpass_n20003_cLL_electrode_s0.npz,75890,debf9a53cc1f05fff0ec90f10614eb54caca3af4cebdfd0eb9dc6e4a3bde5455
resnet,mixed,17,bandpass_n20003_cLL_covariance_s20,phase2/results/predictions/full/mixed/resnet/seed_17/bandpass_n20003_cLL_covariance_s20.npz,76606,747ea93fd01e06e82091a8afde3c51e9f7a8e0f7175bac98fa27d8d9538501e4
resnet,mixed,17,bandpass_n20003_cLL_covariance_s15,phase2/results/predictions/full/mixed/resnet/seed_17/bandpass_n20003_cLL_covariance_s15.npz,76620,9e31e280f885d5a19531e3c2749ae640fe61f8d1b2d1acddfdf98846b3068f07
resnet,mixed,17,bandpass_n20003_cLL_covariance_s10,phase2/results/predictions/full/mixed/resnet/seed_17/bandpass_n20003_cLL_covariance_s10.npz,76502,a6d334d0c47b6487c1758ebe3cb0f2839db341e95184140c34d5451755ba7e08
resnet,mixed,17,bandpass_n20003_cLL_covariance_s5,phase2/results/predictions/full/mixed/resnet/seed_17/bandpass_n20003_cLL_covariance_s5.npz,76266,c7a6e03c6499aa2bb7b4f6155e98f43e2e206dd4f556dc9e5e5da51062036b2e
resnet,mixed,17,bandpass_n20003_cLL_covariance_s0,phase2/results/predictions/full/mixed/resnet/seed_17/bandpass_n20003_cLL_covariance_s0.npz,75907,37a7f3abb5ac9697d452519c0719b271b44b74ffd5d18c2f38e4f43daebf4534
resnet,mixed,17,bandpass_n20003_cRA_V1_independent_rms_s20,phase2/results/predictions/full/mixed/resnet/seed_17/bandpass_n20003_cRA_V1_independent_rms_s20.npz,76621,fa1d81cec114da9357e216f7791125edb7e0009da80afc983c5f9487b0cd100b
resnet,mixed,17,bandpass_n20003_cRA_V1_independent_rms_s15,phase2/results/predictions/full/mixed/resnet/seed_17/bandpass_n20003_cRA_V1_independent_rms_s15.npz,76637,35bc580f4f621c77e7b89296f00bad22cf6e1cbde01096cd9a50554588c3bafa
resnet,mixed,17,bandpass_n20003_cRA_V1_independent_rms_s10,phase2/results/predictions/full/mixed/resnet/seed_17/bandpass_n20003_cRA_V1_independent_rms_s10.npz,76569,b24dedbf59e52534bc80e4cd34b0f87b6543229343a299852e4ac847035043da
resnet,mixed,17,bandpass_n20003_cRA_V1_independent_rms_s5,phase2/results/predictions/full/mixed/resnet/seed_17/bandpass_n20003_cRA_V1_independent_rms_s5.npz,76465,3f6c70464fd8b4dd9618f1f1f7578379c556d62782706561e4fda15f75371ec3
resnet,mixed,17,bandpass_n20003_cRA_V1_independent_rms_s0,phase2/results/predictions/full/mixed/resnet/seed_17/bandpass_n20003_cRA_V1_independent_rms_s0.npz,76200,ff29d593b3cf0171363c5dae0b04db7be8325887487652874e262147ce4bdccd
resnet,mixed,17,bandpass_n20003_cRA_V1_electrode_s20,phase2/results/predictions/full/mixed/resnet/seed_17/bandpass_n20003_cRA_V1_electrode_s20.npz,76594,7d96ece4d1bf2728f83a9330ae14c5bae4759d96b61f4fb03026a51e4958bddd
resnet,mixed,17,bandpass_n20003_cRA_V1_electrode_s15,phase2/results/predictions/full/mixed/resnet/seed_17/bandpass_n20003_cRA_V1_electrode_s15.npz,76622,9318f751a839a233a4f5c03ee8fea9915caa8ecbba55e2aebb8e24a188bd14e2
resnet,mixed,17,bandpass_n20003_cRA_V1_electrode_s10,phase2/results/predictions/full/mixed/resnet/seed_17/bandpass_n20003_cRA_V1_electrode_s10.npz,76530,5947bc5454e8e1e1399f87e5cf65817471ddbe91e9a65289dcecab30a7ce0c38
resnet,mixed,17,bandpass_n20003_cRA_V1_electrode_s5,phase2/results/predictions/full/mixed/resnet/seed_17/bandpass_n20003_cRA_V1_electrode_s5.npz,76367,9ee99edb897403784934c1745cf2e335a6eb3ce1b7edf9146a4797a73fd38c84
resnet,mixed,17,bandpass_n20003_cRA_V1_electrode_s0,phase2/results/predictions/full/mixed/resnet/seed_17/bandpass_n20003_cRA_V1_electrode_s0.npz,76082,c835caa27f74b9d18d162dab1de9248dd46ff0e86347c972cf06fdbf2d0c3f07
resnet,mixed,17,bandpass_n20003_cRA_V1_covariance_s20,phase2/results/predictions/full/mixed/resnet/seed_17/bandpass_n20003_cRA_V1_covariance_s20.npz,76633,dfc6993e71212fc596fa5b713d254644fdac323982501f97670b928adf971fd9
resnet,mixed,17,bandpass_n20003_cRA_V1_covariance_s15,phase2/results/predictions/full/mixed/resnet/seed_17/bandpass_n20003_cRA_V1_covariance_s15.npz,76629,50745be4b8ed058e4f00f6a2da07632d05b410cceb2fbe586dba2c10c134a3e5
resnet,mixed,17,bandpass_n20003_cRA_V1_covariance_s10,phase2/results/predictions/full/mixed/resnet/seed_17/bandpass_n20003_cRA_V1_covariance_s10.npz,76568,0f7131e3f90fd4da91effe4d19071cfa116da2fe27f3bbbeae5952013747d043
resnet,mixed,17,bandpass_n20003_cRA_V1_covariance_s5,phase2/results/predictions/full/mixed/resnet/seed_17/bandpass_n20003_cRA_V1_covariance_s5.npz,76384,b1f94c13046e27f30882ce6f848c243c0010247d04d7b9ca9ea60ca66e4768b0
resnet,mixed,17,bandpass_n20003_cRA_V1_covariance_s0,phase2/results/predictions/full/mixed/resnet/seed_17/bandpass_n20003_cRA_V1_covariance_s0.npz,76083,57978183ef8d838c1812481a4950f33b5224ee2d22ad5f479523345c0431b2bc
resnet,mixed,17,bandpass_n20003_cLA_V6_independent_rms_s20,phase2/results/predictions/full/mixed/resnet/seed_17/bandpass_n20003_cLA_V6_independent_rms_s20.npz,76622,25f200a2fa863204596a3e8c86f3c9b6ed9016bd982bdfe18325167cb864ea4a
resnet,mixed,17,bandpass_n20003_cLA_V6_independent_rms_s15,phase2/results/predictions/full/mixed/resnet/seed_17/bandpass_n20003_cLA_V6_independent_rms_s15.npz,76621,7a70739419eba4a299f6fac8baea38452f9331a26b82874872b3981f2320a757
resnet,mixed,17,bandpass_n20003_cLA_V6_independent_rms_s10,phase2/results/predictions/full/mixed/resnet/seed_17/bandpass_n20003_cLA_V6_independent_rms_s10.npz,76582,942283b82222860b415621115f19807f9f02a3c8d3c8ccef7b7d38115ed4c59d
resnet,mixed,17,bandpass_n20003_cLA_V6_independent_rms_s5,phase2/results/predictions/full/mixed/resnet/seed_17/bandpass_n20003_cLA_V6_independent_rms_s5.npz,76477,1f0376c4d947fd44189cf03d32f5220c11eaa6c3ddf8adcb773ae12728530403
resnet,mixed,17,bandpass_n20003_cLA_V6_independent_rms_s0,phase2/results/predictions/full/mixed/resnet/seed_17/bandpass_n20003_cLA_V6_independent_rms_s0.npz,76198,e4f19deb08e1030ca265e84a367192a50cbb95e2ad7aae269446902c765eaab0
resnet,mixed,17,bandpass_n20003_cLA_V6_electrode_s20,phase2/results/predictions/full/mixed/resnet/seed_17/bandpass_n20003_cLA_V6_electrode_s20.npz,76636,c248cc1c93403d694c359b3b7cdc05d84209329f56e888f32b955394fd781acb
resnet,mixed,17,bandpass_n20003_cLA_V6_electrode_s15,phase2/results/predictions/full/mixed/resnet/seed_17/bandpass_n20003_cLA_V6_electrode_s15.npz,76604,587da47ea6a3e4ec1ff23aff50a1bd15d620267011c7c00641e0451410a9142d
resnet,mixed,17,bandpass_n20003_cLA_V6_electrode_s10,phase2/results/predictions/full/mixed/resnet/seed_17/bandpass_n20003_cLA_V6_electrode_s10.npz,76556,c0e2d8454c41de695f1aa41399f6a1dd444d9b6bce50866c6db0bfc44a1dc089
resnet,mixed,17,bandpass_n20003_cLA_V6_electrode_s5,phase2/results/predictions/full/mixed/resnet/seed_17/bandpass_n20003_cLA_V6_electrode_s5.npz,76361,048abde19a630420dcfc76156ef5f59702e5ce5fee815d3ed0cc520561c8e085
resnet,mixed,17,bandpass_n20003_cLA_V6_electrode_s0,phase2/results/predictions/full/mixed/resnet/seed_17/bandpass_n20003_cLA_V6_electrode_s0.npz,76017,7b2e8a3d699074a6a5814f1b99cf2308d7e156a01f995b7d5add0c71c9d22180
resnet,mixed,17,bandpass_n20003_cLA_V6_covariance_s20,phase2/results/predictions/full/mixed/resnet/seed_17/bandpass_n20003_cLA_V6_covariance_s20.npz,76627,9a9a12b6393b0f9ba5a9f68b481c6b1758df41cd2080c61482efc7f2affadfcc
resnet,mixed,17,bandpass_n20003_cLA_V6_covariance_s15,phase2/results/predictions/full/mixed/resnet/seed_17/bandpass_n20003_cLA_V6_covariance_s15.npz,76636,36a4172a3b2f8c257dceec9eb97ba81375ee8a627f42e1d80d4250e1cc9ec548
resnet,mixed,17,bandpass_n20003_cLA_V6_covariance_s10,phase2/results/predictions/full/mixed/resnet/seed_17/bandpass_n20003_cLA_V6_covariance_s10.npz,76556,0c75efe0bfa079cd281b48a90d114028123e76787f320925f44fa1fd08d6152e
resnet,mixed,17,bandpass_n20003_cLA_V6_covariance_s5,phase2/results/predictions/full/mixed/resnet/seed_17/bandpass_n20003_cLA_V6_covariance_s5.npz,76368,84cd851cc80b95d3fe3bb1439ed4164300cccb251a5fb03c2b7c3ecf69711f79
resnet,mixed,17,bandpass_n20003_cLA_V6_covariance_s0,phase2/results/predictions/full/mixed/resnet/seed_17/bandpass_n20003_cLA_V6_covariance_s0.npz,76020,656c717ee82f12738b27b59189d0162a1509d5ebe33e6900502bd014c3685808
resnet,mixed,17,bandpass_n20003_cLL_V4_independent_rms_s20,phase2/results/predictions/full/mixed/resnet/seed_17/bandpass_n20003_cLL_V4_independent_rms_s20.npz,76619,7ec19bd837173a8bc40824f81d5e02851c0f781a8551f706b66b6af35e17132f
resnet,mixed,17,bandpass_n20003_cLL_V4_independent_rms_s15,phase2/results/predictions/full/mixed/resnet/seed_17/bandpass_n20003_cLL_V4_independent_rms_s15.npz,76641,83423349cceb17894b3c4e7901984f3ccb7824fa673edbc51c495252eab086a9
resnet,mixed,17,bandpass_n20003_cLL_V4_independent_rms_s10,phase2/results/predictions/full/mixed/resnet/seed_17/bandpass_n20003_cLL_V4_independent_rms_s10.npz,76587,17e2cf0d74cdeb59f31ec737f24607974f927b1c316684b81d40cf52a3edcf5a
resnet,mixed,17,bandpass_n20003_cLL_V4_independent_rms_s5,phase2/results/predictions/full/mixed/resnet/seed_17/bandpass_n20003_cLL_V4_independent_rms_s5.npz,76482,6974f70887ed91151a9bf6967fd6e41488495a215a31816004142d99cc328d46
resnet,mixed,17,bandpass_n20003_cLL_V4_independent_rms_s0,phase2/results/predictions/full/mixed/resnet/seed_17/bandpass_n20003_cLL_V4_independent_rms_s0.npz,76187,00e4b99d0e4610efe2b7512a3cce141e929a8dd1556a64e598ca01c2a95d16d8
resnet,mixed,17,bandpass_n20003_cLL_V4_electrode_s20,phase2/results/predictions/full/mixed/resnet/seed_17/bandpass_n20003_cLL_V4_electrode_s20.npz,76613,e0d511b956fba1f993c0c879b7fec0f7e88ed94bbbc86f5ac283e08c3400e52c
resnet,mixed,17,bandpass_n20003_cLL_V4_electrode_s15,phase2/results/predictions/full/mixed/resnet/seed_17/bandpass_n20003_cLL_V4_electrode_s15.npz,76622,14c0e930331ee10c64c3ef92b6656985d12254941bffdf19ca4224d97b408a0a
resnet,mixed,17,bandpass_n20003_cLL_V4_electrode_s10,phase2/results/predictions/full/mixed/resnet/seed_17/bandpass_n20003_cLL_V4_electrode_s10.npz,76533,efeb2db9a6126cb5c61cd4f45ac6318cf99d0e8864d2e7e1f1d737d9d2c63935
resnet,mixed,17,bandpass_n20003_cLL_V4_electrode_s5,phase2/results/predictions/full/mixed/resnet/seed_17/bandpass_n20003_cLL_V4_electrode_s5.npz,76353,2d1bcfab0f0b7333bbe42b849c60e81141f61577a469012162069deb980b7422
resnet,mixed,17,bandpass_n20003_cLL_V4_electrode_s0,phase2/results/predictions/full/mixed/resnet/seed_17/bandpass_n20003_cLL_V4_electrode_s0.npz,76002,23ee390dd9ffb39181a2e11ae11c70ba53a49df5c88f24566be43d03ba3e9eb3
resnet,mixed,17,bandpass_n20003_cLL_V4_covariance_s20,phase2/results/predictions/full/mixed/resnet/seed_17/bandpass_n20003_cLL_V4_covariance_s20.npz,76623,0862d10567eace882657d6a3eeeeaac9d1035e572e7b5fb3c77e102e0a36b759
resnet,mixed,17,bandpass_n20003_cLL_V4_covariance_s15,phase2/results/predictions/full/mixed/resnet/seed_17/bandpass_n20003_cLL_V4_covariance_s15.npz,76622,74d038d61002bd2532c725d65a4ba156a4d1dd58c3b42b453c105c214b47b8ae
resnet,mixed,17,bandpass_n20003_cLL_V4_covariance_s10,phase2/results/predictions/full/mixed/resnet/seed_17/bandpass_n20003_cLL_V4_covariance_s10.npz,76541,443fb78a15811a13f79cbafc7dff4d63a566c9faccec70de00173fc5dd097c64
resnet,mixed,17,bandpass_n20003_cLL_V4_covariance_s5,phase2/results/predictions/full/mixed/resnet/seed_17/bandpass_n20003_cLL_V4_covariance_s5.npz,76340,f7444cbfc3bd6d79e4fb89b13633b773911a02e87c507236abfafb23b37c3e17
resnet,mixed,17,bandpass_n20003_cLL_V4_covariance_s0,phase2/results/predictions/full/mixed/resnet/seed_17/bandpass_n20003_cLL_V4_covariance_s0.npz,76004,f607dbb5ae82796dfaf556cd1236dbfbc54581d1de33df012b0f702198070e38
resnet,mixed,17,bandpass_n20003_cRA_LA_V1_V6_independent_rms_s20,phase2/results/predictions/full/mixed/resnet/seed_17/bandpass_n20003_cRA_LA_V1_V6_independent_rms_s20.npz,76646,812c339f73cf01ca83465e297ab43b62c305426b559ebce98e8c687fdbf8a5a2
resnet,mixed,17,bandpass_n20003_cRA_LA_V1_V6_independent_rms_s15,phase2/results/predictions/full/mixed/resnet/seed_17/bandpass_n20003_cRA_LA_V1_V6_independent_rms_s15.npz,76658,5e2085712f05bf533a729db6b7639223c879c21f87bb592ad1aca03203fe3e6e
resnet,mixed,17,bandpass_n20003_cRA_LA_V1_V6_independent_rms_s10,phase2/results/predictions/full/mixed/resnet/seed_17/bandpass_n20003_cRA_LA_V1_V6_independent_rms_s10.npz,76599,37cd3ee887902d2d30248cdd59f1f2e70dcbc5bdc731067755780cf90739cb06
resnet,mixed,17,bandpass_n20003_cRA_LA_V1_V6_independent_rms_s5,phase2/results/predictions/full/mixed/resnet/seed_17/bandpass_n20003_cRA_LA_V1_V6_independent_rms_s5.npz,76496,24e021d016442bf71e75cd84ff60cc29f8702e5210dae29d6829352db24c7f25
resnet,mixed,17,bandpass_n20003_cRA_LA_V1_V6_independent_rms_s0,phase2/results/predictions/full/mixed/resnet/seed_17/bandpass_n20003_cRA_LA_V1_V6_independent_rms_s0.npz,76219,e9c9b29ea0b5f651194449e25f2806a9f728b4299cb48bed20bf58e163e800aa
resnet,mixed,17,bandpass_n20003_cRA_LA_V1_V6_electrode_s20,phase2/results/predictions/full/mixed/resnet/seed_17/bandpass_n20003_cRA_LA_V1_V6_electrode_s20.npz,76644,e955c69b6df8a74e27dcd3a8831d4a62e2a14e6095c6812d7791798f4dba2d76
resnet,mixed,17,bandpass_n20003_cRA_LA_V1_V6_electrode_s15,phase2/results/predictions/full/mixed/resnet/seed_17/bandpass_n20003_cRA_LA_V1_V6_electrode_s15.npz,76635,a686d074454d11fc298413be4844ff9f1c090b82d9b24613f96cdfde24e40f9a
resnet,mixed,17,bandpass_n20003_cRA_LA_V1_V6_electrode_s10,phase2/results/predictions/full/mixed/resnet/seed_17/bandpass_n20003_cRA_LA_V1_V6_electrode_s10.npz,76554,f39de413062606b67e3de59c46a3e2bcd84a462107c19ff07772febf4d1ab2c2
resnet,mixed,17,bandpass_n20003_cRA_LA_V1_V6_electrode_s5,phase2/results/predictions/full/mixed/resnet/seed_17/bandpass_n20003_cRA_LA_V1_V6_electrode_s5.npz,76393,4d1b0dad7d7dff3070888d946b6ff7b1b1bcfc9b7976bdde13691fa1e19ad569
resnet,mixed,17,bandpass_n20003_cRA_LA_V1_V6_electrode_s0,phase2/results/predictions/full/mixed/resnet/seed_17/bandpass_n20003_cRA_LA_V1_V6_electrode_s0.npz,76019,c4c34b34ac26f6e1bc3dbacaeb65fb7b6690058c076e5deaba9e7313625457a9
resnet,mixed,17,bandpass_n20003_cRA_LA_V1_V6_covariance_s20,phase2/results/predictions/full/mixed/resnet/seed_17/bandpass_n20003_cRA_LA_V1_V6_covariance_s20.npz,76619,124f9964c7dbc6eb9490be54fa16d286d29e4e88e4f17b1ad6be9b700a0a9b2d
resnet,mixed,17,bandpass_n20003_cRA_LA_V1_V6_covariance_s15,phase2/results/predictions/full/mixed/resnet/seed_17/bandpass_n20003_cRA_LA_V1_V6_covariance_s15.npz,76648,6e621f8cf7b3c2d364f0a1d05bc450699bdaeb2e1d929dcaa46737a7f814bd11
resnet,mixed,17,bandpass_n20003_cRA_LA_V1_V6_covariance_s10,phase2/results/predictions/full/mixed/resnet/seed_17/bandpass_n20003_cRA_LA_V1_V6_covariance_s10.npz,76580,45e4917e279c04e60c52be65ff62cba0a7d67e4d5a64e38e012a9c4b4c09db49
resnet,mixed,17,bandpass_n20003_cRA_LA_V1_V6_covariance_s5,phase2/results/predictions/full/mixed/resnet/seed_17/bandpass_n20003_cRA_LA_V1_V6_covariance_s5.npz,76416,e552823d7999a9ff92597b62373a6f5da2bd1a26b8109d91b72af5b62a3c3c86
resnet,mixed,17,bandpass_n20003_cRA_LA_V1_V6_covariance_s0,phase2/results/predictions/full/mixed/resnet/seed_17/bandpass_n20003_cRA_LA_V1_V6_covariance_s0.npz,76025,370bf8fcd9b84aca5c29377b74f92c5a1a50502edef30176c85a8281d99234f8
resnet,mixed,17,bandpass_n20003_cRA_V2_V5_independent_rms_s20,phase2/results/predictions/full/mixed/resnet/seed_17/bandpass_n20003_cRA_V2_V5_independent_rms_s20.npz,76635,13cd1ce506678c6473a50b2726c05083e0b5c9fa3164121c619b742159632a39
resnet,mixed,17,bandpass_n20003_cRA_V2_V5_independent_rms_s15,phase2/results/predictions/full/mixed/resnet/seed_17/bandpass_n20003_cRA_V2_V5_independent_rms_s15.npz,76599,c45145b6bab06d6e0769acd0ed0ea3f8537be36af4f122fdc9fdc27ec5f96046
resnet,mixed,17,bandpass_n20003_cRA_V2_V5_independent_rms_s10,phase2/results/predictions/full/mixed/resnet/seed_17/bandpass_n20003_cRA_V2_V5_independent_rms_s10.npz,76587,4a761ee1935c48cca49abd33dc9e2ca779e6895c7ef4234a5932887ee88ee69b
resnet,mixed,17,bandpass_n20003_cRA_V2_V5_independent_rms_s5,phase2/results/predictions/full/mixed/resnet/seed_17/bandpass_n20003_cRA_V2_V5_independent_rms_s5.npz,76489,f905b184aea0c5ec7a27dfd272a3031bf805d84cd0a2b5500912f900021f2800
resnet,mixed,17,bandpass_n20003_cRA_V2_V5_independent_rms_s0,phase2/results/predictions/full/mixed/resnet/seed_17/bandpass_n20003_cRA_V2_V5_independent_rms_s0.npz,76225,8e8c181bb21827d090ebd366dabbdc03e57ea73d9f4771c232f564f01e022319
resnet,mixed,17,bandpass_n20003_cRA_V2_V5_electrode_s20,phase2/results/predictions/full/mixed/resnet/seed_17/bandpass_n20003_cRA_V2_V5_electrode_s20.npz,76605,5e6d613d82b90a57e9d2e8dda780f2c9aa38ed2894c5f9fb81741401695c4824
resnet,mixed,17,bandpass_n20003_cRA_V2_V5_electrode_s15,phase2/results/predictions/full/mixed/resnet/seed_17/bandpass_n20003_cRA_V2_V5_electrode_s15.npz,76619,168aa4885b57c3f90877af3782ce9c5ad9ead99edf24b1004752732cd80ebfa8
resnet,mixed,17,bandpass_n20003_cRA_V2_V5_electrode_s10,phase2/results/predictions/full/mixed/resnet/seed_17/bandpass_n20003_cRA_V2_V5_electrode_s10.npz,76592,e30d56e54ad4bb947f1098439b7050cd6802a03261a9e3fb278abfdb89d6db09
resnet,mixed,17,bandpass_n20003_cRA_V2_V5_electrode_s5,phase2/results/predictions/full/mixed/resnet/seed_17/bandpass_n20003_cRA_V2_V5_electrode_s5.npz,76368,09b58b29ae2853e3c221f2f509bf67a7d22f6797303703e918c9c393dbf05765
resnet,mixed,17,bandpass_n20003_cRA_V2_V5_electrode_s0,phase2/results/predictions/full/mixed/resnet/seed_17/bandpass_n20003_cRA_V2_V5_electrode_s0.npz,76126,4b4beaafad24b24c1d8754ce5c47ab908b9b7db72cbb7b73973459169cd8b4a7
resnet,mixed,17,bandpass_n20003_cRA_V2_V5_covariance_s20,phase2/results/predictions/full/mixed/resnet/seed_17/bandpass_n20003_cRA_V2_V5_covariance_s20.npz,76614,037e48c584d4f1ebbfa1222f674d808de5370fe426997fb2a028b39947d563f8
resnet,mixed,17,bandpass_n20003_cRA_V2_V5_covariance_s15,phase2/results/predictions/full/mixed/resnet/seed_17/bandpass_n20003_cRA_V2_V5_covariance_s15.npz,76585,0ff3bda7778ada33cfa7bb65b62dde23c8e8abbd69343a80f35b7e3cbd7989a6
resnet,mixed,17,bandpass_n20003_cRA_V2_V5_covariance_s10,phase2/results/predictions/full/mixed/resnet/seed_17/bandpass_n20003_cRA_V2_V5_covariance_s10.npz,76578,99ec7d0829ee13ece241a02c05735de3894d4c46c4e6a42f5d45533fc30e6167
resnet,mixed,17,bandpass_n20003_cRA_V2_V5_covariance_s5,phase2/results/predictions/full/mixed/resnet/seed_17/bandpass_n20003_cRA_V2_V5_covariance_s5.npz,76388,e1739b2f80b87da3a1e3c5d5d95fb5ee9c4190f2bfc74ccaf08340545962bdf3
resnet,mixed,17,bandpass_n20003_cRA_V2_V5_covariance_s0,phase2/results/predictions/full/mixed/resnet/seed_17/bandpass_n20003_cRA_V2_V5_covariance_s0.npz,76142,67be6f26a7cbc340b9205b56fcd367d2da79578114299d79549e95ce00909acf
resnet,mixed,17,bandpass_n20003_cLA_V3_V6_independent_rms_s20,phase2/results/predictions/full/mixed/resnet/seed_17/bandpass_n20003_cLA_V3_V6_independent_rms_s20.npz,76653,40c3b9761e4b0db7834fc815e1767297cf5ab9160f57204e0c1f402641eb0d7e
resnet,mixed,17,bandpass_n20003_cLA_V3_V6_independent_rms_s15,phase2/results/predictions/full/mixed/resnet/seed_17/bandpass_n20003_cLA_V3_V6_independent_rms_s15.npz,76610,9aae0c1adadd257fdf301c64665ff53f5f29c71726fec694a62741ece3440c58
resnet,mixed,17,bandpass_n20003_cLA_V3_V6_independent_rms_s10,phase2/results/predictions/full/mixed/resnet/seed_17/bandpass_n20003_cLA_V3_V6_independent_rms_s10.npz,76629,0d495de02e8496a1213fe07b5847a9813b1e2e810c85155b35b32f969a23e6ec
resnet,mixed,17,bandpass_n20003_cLA_V3_V6_independent_rms_s5,phase2/results/predictions/full/mixed/resnet/seed_17/bandpass_n20003_cLA_V3_V6_independent_rms_s5.npz,76506,1c4334e8315a9bb23372446eaf753fd0af94f38f8770c013acbc75ae1be3703c
resnet,mixed,17,bandpass_n20003_cLA_V3_V6_independent_rms_s0,phase2/results/predictions/full/mixed/resnet/seed_17/bandpass_n20003_cLA_V3_V6_independent_rms_s0.npz,76202,cf4b401833be4f3b5d12e61a6a533ec713b03fd8b2aa05feeb21be9bf6810b54
resnet,mixed,17,bandpass_n20003_cLA_V3_V6_electrode_s20,phase2/results/predictions/full/mixed/resnet/seed_17/bandpass_n20003_cLA_V3_V6_electrode_s20.npz,76620,8f596bbc0b6c562956c0ee2475b771c21c372c51100f999104a462ca52feae0e
resnet,mixed,17,bandpass_n20003_cLA_V3_V6_electrode_s15,phase2/results/predictions/full/mixed/resnet/seed_17/bandpass_n20003_cLA_V3_V6_electrode_s15.npz,76607,668355b7ce0c86b93d06f287d9447a02cf81a1afe13529fe97c81099db4dc638
resnet,mixed,17,bandpass_n20003_cLA_V3_V6_electrode_s10,phase2/results/predictions/full/mixed/resnet/seed_17/bandpass_n20003_cLA_V3_V6_electrode_s10.npz,76553,d172352dfb769cb7f33bd459b4be46583dd4d7a07a9adb2b405848e360829823
resnet,mixed,17,bandpass_n20003_cLA_V3_V6_electrode_s5,phase2/results/predictions/full/mixed/resnet/seed_17/bandpass_n20003_cLA_V3_V6_electrode_s5.npz,76398,19d429d0ed9b36d3a40936756f6b965f5a008ddbe70639cb276f40f40f2c69f2
resnet,mixed,17,bandpass_n20003_cLA_V3_V6_electrode_s0,phase2/results/predictions/full/mixed/resnet/seed_17/bandpass_n20003_cLA_V3_V6_electrode_s0.npz,76042,b5d228c449755e48456b4a2abcc7b6ada4b9ecbc97d08c91a6e91833af3ed7a7
resnet,mixed,17,bandpass_n20003_cLA_V3_V6_covariance_s20,phase2/results/predictions/full/mixed/resnet/seed_17/bandpass_n20003_cLA_V3_V6_covariance_s20.npz,76614,d14ac97c079e111dc7b3a273a8fea2696af1735ffaaa2e03f56ba5b35d1dae44
resnet,mixed,17,bandpass_n20003_cLA_V3_V6_covariance_s15,phase2/results/predictions/full/mixed/resnet/seed_17/bandpass_n20003_cLA_V3_V6_covariance_s15.npz,76592,04cd84fcdb5805d1851e5a228d90311b0e8f190da2e77f7e4f2a68e04722f091
resnet,mixed,17,bandpass_n20003_cLA_V3_V6_covariance_s10,phase2/results/predictions/full/mixed/resnet/seed_17/bandpass_n20003_cLA_V3_V6_covariance_s10.npz,76561,47e78e56f47381dc193977043ab519ba323792ac2bf3ba9fac1d5abee025afe4
resnet,mixed,17,bandpass_n20003_cLA_V3_V6_covariance_s5,phase2/results/predictions/full/mixed/resnet/seed_17/bandpass_n20003_cLA_V3_V6_covariance_s5.npz,76396,0bf226fc925f8febff31e5f9c78175051b151ad9b3cf49212f57ce81016f22be
resnet,mixed,17,bandpass_n20003_cLA_V3_V6_covariance_s0,phase2/results/predictions/full/mixed/resnet/seed_17/bandpass_n20003_cLA_V3_V6_covariance_s0.npz,76023,eea936bb3ef16c8f2af233c83e3abe4c12cab05673baeb96e973872be28ca7fd
resnet,mixed,17,bandpass_n20003_cLL_V1_V4_independent_rms_s20,phase2/results/predictions/full/mixed/resnet/seed_17/bandpass_n20003_cLL_V1_V4_independent_rms_s20.npz,76614,774db27cbccbffa8243ae4668bbd17cf54040aadd29369d24d88fc1679d62c96
resnet,mixed,17,bandpass_n20003_cLL_V1_V4_independent_rms_s15,phase2/results/predictions/full/mixed/resnet/seed_17/bandpass_n20003_cLL_V1_V4_independent_rms_s15.npz,76614,9b0ef28cc5fb831b935912d9d6c32f05c966ab153618092a2b6a2b2ac36ac2c4
resnet,mixed,17,bandpass_n20003_cLL_V1_V4_independent_rms_s10,phase2/results/predictions/full/mixed/resnet/seed_17/bandpass_n20003_cLL_V1_V4_independent_rms_s10.npz,76611,8fad1b8bc5603a4a018971e7d79f8d2d6d375d9ae4579a923413a072402462d2
resnet,mixed,17,bandpass_n20003_cLL_V1_V4_independent_rms_s5,phase2/results/predictions/full/mixed/resnet/seed_17/bandpass_n20003_cLL_V1_V4_independent_rms_s5.npz,76441,63932d8e45821816770ab3a56a1433318c8ec4c74be90af82df4145b9c72247c
resnet,mixed,17,bandpass_n20003_cLL_V1_V4_independent_rms_s0,phase2/results/predictions/full/mixed/resnet/seed_17/bandpass_n20003_cLL_V1_V4_independent_rms_s0.npz,76175,47b9ed840a958044a18c9a1f772baa25ea004ceb65f2d71817f4eddbcb989f7b
resnet,mixed,17,bandpass_n20003_cLL_V1_V4_electrode_s20,phase2/results/predictions/full/mixed/resnet/seed_17/bandpass_n20003_cLL_V1_V4_electrode_s20.npz,76616,34514867b601b6b3eae536e6df821441f466c0f97dcf2f045ef5c937df9f64de
resnet,mixed,17,bandpass_n20003_cLL_V1_V4_electrode_s15,phase2/results/predictions/full/mixed/resnet/seed_17/bandpass_n20003_cLL_V1_V4_electrode_s15.npz,76634,019904238d2c89fdd35d043acf3c56b6cbc77ef847ac644ddbf5f0794fd2186e
resnet,mixed,17,bandpass_n20003_cLL_V1_V4_electrode_s10,phase2/results/predictions/full/mixed/resnet/seed_17/bandpass_n20003_cLL_V1_V4_electrode_s10.npz,76529,16253c048c8f5b424e1427f74be98346e8070191f9ae4e73294da5c9a2d4a128
resnet,mixed,17,bandpass_n20003_cLL_V1_V4_electrode_s5,phase2/results/predictions/full/mixed/resnet/seed_17/bandpass_n20003_cLL_V1_V4_electrode_s5.npz,76387,fafd01895602515ded32ade0309a72402a3d728dde13b9cffe1341bb73591fb8
resnet,mixed,17,bandpass_n20003_cLL_V1_V4_electrode_s0,phase2/results/predictions/full/mixed/resnet/seed_17/bandpass_n20003_cLL_V1_V4_electrode_s0.npz,76017,0cdcdf12244e3393977f374938c2744b7c1238f93839518c01529816766d9126
resnet,mixed,17,bandpass_n20003_cLL_V1_V4_covariance_s20,phase2/results/predictions/full/mixed/resnet/seed_17/bandpass_n20003_cLL_V1_V4_covariance_s20.npz,76619,4710ebb2d6c6fb4d638284bd48d83b362e50e3357c7750ac7de709203f32f866
resnet,mixed,17,bandpass_n20003_cLL_V1_V4_covariance_s15,phase2/results/predictions/full/mixed/resnet/seed_17/bandpass_n20003_cLL_V1_V4_covariance_s15.npz,76622,c4fe40da2532bb98651d6a088eb63bd0432c7e4624fa0797e7a99af5762abd86
resnet,mixed,17,bandpass_n20003_cLL_V1_V4_covariance_s10,phase2/results/predictions/full/mixed/resnet/seed_17/bandpass_n20003_cLL_V1_V4_covariance_s10.npz,76531,2d07b1da3db1de78d94c6b492584f9b9b032a14a007595bda9c08e73db9638a5
resnet,mixed,17,bandpass_n20003_cLL_V1_V4_covariance_s5,phase2/results/predictions/full/mixed/resnet/seed_17/bandpass_n20003_cLL_V1_V4_covariance_s5.npz,76363,7228e13c83c15cfa53c4614dc5824f0974a5435423c664d17d1e6971af62d9ff
resnet,mixed,17,bandpass_n20003_cLL_V1_V4_covariance_s0,phase2/results/predictions/full/mixed/resnet/seed_17/bandpass_n20003_cLL_V1_V4_covariance_s0.npz,76047,f0e6f3028066fac549f8b286609871fc06a1b76ebf3a03b368f0f0f3e9cd92ef
resnet,mixed,17,bandpass_n20003_call_independent_rms_s20,phase2/results/predictions/full/mixed/resnet/seed_17/bandpass_n20003_call_independent_rms_s20.npz,76619,0104699115fefb0d9c005eab4983859152a1b8707ed93917f95d7fb2e92a5da3
resnet,mixed,17,bandpass_n20003_call_independent_rms_s15,phase2/results/predictions/full/mixed/resnet/seed_17/bandpass_n20003_call_independent_rms_s15.npz,76594,185368387a0a2f28014cf7fd307e1738c6a0876b272240ca76b2aa184fed865f
resnet,mixed,17,bandpass_n20003_call_independent_rms_s10,phase2/results/predictions/full/mixed/resnet/seed_17/bandpass_n20003_call_independent_rms_s10.npz,76603,9a21ee5375e03bf857ac944169d65784ea00b9515aa28669586ab2a99a8e0116
resnet,mixed,17,bandpass_n20003_call_independent_rms_s5,phase2/results/predictions/full/mixed/resnet/seed_17/bandpass_n20003_call_independent_rms_s5.npz,76440,dd5f9460a10d1cb6579105f055fda637df656499e15da235b0fdbfdb2456d246
resnet,mixed,17,bandpass_n20003_call_independent_rms_s0,phase2/results/predictions/full/mixed/resnet/seed_17/bandpass_n20003_call_independent_rms_s0.npz,76165,ce420c9958349d73759b423a25aa2418851cbf1e6081f230e170ebd2c63bef4b
resnet,mixed,17,bandpass_n20003_call_electrode_s20,phase2/results/predictions/full/mixed/resnet/seed_17/bandpass_n20003_call_electrode_s20.npz,76584,e0bed0327322d45fea20c976159bea72dc65dd734e0b37b32006b2419dcbf610
resnet,mixed,17,bandpass_n20003_call_electrode_s15,phase2/results/predictions/full/mixed/resnet/seed_17/bandpass_n20003_call_electrode_s15.npz,76583,f049ad8737aeb84ba07cf4ee2f4aaa94fe01cc6f9585987fd09bfa8b76010226
resnet,mixed,17,bandpass_n20003_call_electrode_s10,phase2/results/predictions/full/mixed/resnet/seed_17/bandpass_n20003_call_electrode_s10.npz,76515,475a98ea665f4a165cfb759522cc2ccc79d2652d50c71745602321a7a7d5776c
resnet,mixed,17,bandpass_n20003_call_electrode_s5,phase2/results/predictions/full/mixed/resnet/seed_17/bandpass_n20003_call_electrode_s5.npz,76338,e36d576996a45a73298f2a3831aeb71cba7f0966d3e4a70d3d1321de11eb8f94
resnet,mixed,17,bandpass_n20003_call_electrode_s0,phase2/results/predictions/full/mixed/resnet/seed_17/bandpass_n20003_call_electrode_s0.npz,76032,9527369d83149c196761741d95daa11a3d61891fd50bb3de46f2702367aad765
resnet,mixed,17,bandpass_n20003_call_covariance_s20,phase2/results/predictions/full/mixed/resnet/seed_17/bandpass_n20003_call_covariance_s20.npz,76590,9256937d8ac87368cd1b73e42f70f262a6dd4f5ead0c35daedaea40d4872c04b
resnet,mixed,17,bandpass_n20003_call_covariance_s15,phase2/results/predictions/full/mixed/resnet/seed_17/bandpass_n20003_call_covariance_s15.npz,76590,14784f17fc30a9dbcf8045dfbb3090a55144b0ae2ca8156c06b46571dc538b96
resnet,mixed,17,bandpass_n20003_call_covariance_s10,phase2/results/predictions/full/mixed/resnet/seed_17/bandpass_n20003_call_covariance_s10.npz,76538,8092d1df74f3465f74861239ba36312adb2fd4d9a0cffa8302129dd8ffd1383b
resnet,mixed,17,bandpass_n20003_call_covariance_s5,phase2/results/predictions/full/mixed/resnet/seed_17/bandpass_n20003_call_covariance_s5.npz,76352,ae597968d1807d67e823648ed427ff4890472220208f077dbd0064595f26e38a
resnet,mixed,17,bandpass_n20003_call_covariance_s0,phase2/results/predictions/full/mixed/resnet/seed_17/bandpass_n20003_call_covariance_s0.npz,76021,2bc12b0d67f46f065239ef8dcaee70ebaf86737134b64ea6425053d6d952d82b
resnet,mixed,17,bandpass_n20004_cRA_LA_LL_independent_rms_s20,phase2/results/predictions/full/mixed/resnet/seed_17/bandpass_n20004_cRA_LA_LL_independent_rms_s20.npz,76670,e1b0e69799dcdbb008db10b5ac4cae57e487ebb6099f846b753eefa235a1bb14
resnet,mixed,17,bandpass_n20004_cRA_LA_LL_independent_rms_s15,phase2/results/predictions/full/mixed/resnet/seed_17/bandpass_n20004_cRA_LA_LL_independent_rms_s15.npz,76623,2dc47dc21267a3e6ed279d5fe62e113280fcb9a0572cbdd10eb6c023943ec50d
resnet,mixed,17,bandpass_n20004_cRA_LA_LL_independent_rms_s10,phase2/results/predictions/full/mixed/resnet/seed_17/bandpass_n20004_cRA_LA_LL_independent_rms_s10.npz,76615,796cad138be1d676b0772c56347612d34477a93067419ee173879448fbc3e010
resnet,mixed,17,bandpass_n20004_cRA_LA_LL_independent_rms_s5,phase2/results/predictions/full/mixed/resnet/seed_17/bandpass_n20004_cRA_LA_LL_independent_rms_s5.npz,76474,84117e75a8004f575f50ade4ef4596559386ae2615e7cfb55a09c5d4a61d1ffd
resnet,mixed,17,bandpass_n20004_cRA_LA_LL_independent_rms_s0,phase2/results/predictions/full/mixed/resnet/seed_17/bandpass_n20004_cRA_LA_LL_independent_rms_s0.npz,76169,423da1bcd5a3dea61f5fe461c530145f46bda75ae969ebd5638be11e9efc6297
resnet,mixed,17,bandpass_n20004_cRA_LA_LL_electrode_s20,phase2/results/predictions/full/mixed/resnet/seed_17/bandpass_n20004_cRA_LA_LL_electrode_s20.npz,76617,e408ec27bec4953c53b0fee95e91afb2c9bfd2a00a11ea2030613a46ab7f7f7f
resnet,mixed,17,bandpass_n20004_cRA_LA_LL_electrode_s15,phase2/results/predictions/full/mixed/resnet/seed_17/bandpass_n20004_cRA_LA_LL_electrode_s15.npz,76590,ac0defbdd58129d479016537e1495875365306468f3d88ea4496e750aeb082ae
resnet,mixed,17,bandpass_n20004_cRA_LA_LL_electrode_s10,phase2/results/predictions/full/mixed/resnet/seed_17/bandpass_n20004_cRA_LA_LL_electrode_s10.npz,76539,1b00a94403e7674b90a4bde63026a319652d748f39c2fae6a21742624325372a
resnet,mixed,17,bandpass_n20004_cRA_LA_LL_electrode_s5,phase2/results/predictions/full/mixed/resnet/seed_17/bandpass_n20004_cRA_LA_LL_electrode_s5.npz,76341,a8c956103359929e1f6bf383b6b06295a6a379a28f0a8de85bffd3fdc040b65d
resnet,mixed,17,bandpass_n20004_cRA_LA_LL_electrode_s0,phase2/results/predictions/full/mixed/resnet/seed_17/bandpass_n20004_cRA_LA_LL_electrode_s0.npz,76010,d1a8c0f6bd3b2c877542c726b2c71f756bda43a5b869555b6a92b06282651cab
resnet,mixed,17,bandpass_n20004_cRA_LA_LL_covariance_s20,phase2/results/predictions/full/mixed/resnet/seed_17/bandpass_n20004_cRA_LA_LL_covariance_s20.npz,76602,5239131e27ae22513ceb001a7ee0334e6f4752be8dd2109ad6751c022c055406
resnet,mixed,17,bandpass_n20004_cRA_LA_LL_covariance_s15,phase2/results/predictions/full/mixed/resnet/seed_17/bandpass_n20004_cRA_LA_LL_covariance_s15.npz,76606,a8d1c8b6bc43f8a471f06084289358c79d1c999fb7aaf0c073ba815bc3d29696
resnet,mixed,17,bandpass_n20004_cRA_LA_LL_covariance_s10,phase2/results/predictions/full/mixed/resnet/seed_17/bandpass_n20004_cRA_LA_LL_covariance_s10.npz,76541,953a08f7f449e321adad4242bc68ae66b7dc875f566f2f301deb00a5e2cafa13
resnet,mixed,17,bandpass_n20004_cRA_LA_LL_covariance_s5,phase2/results/predictions/full/mixed/resnet/seed_17/bandpass_n20004_cRA_LA_LL_covariance_s5.npz,76341,7ff4afc9bf149fead9c8025afc45d12017105b15e84312507d6297083f984c33
resnet,mixed,17,bandpass_n20004_cRA_LA_LL_covariance_s0,phase2/results/predictions/full/mixed/resnet/seed_17/bandpass_n20004_cRA_LA_LL_covariance_s0.npz,75958,0e01ca5e26199f1b1e065026aa88e6775a48f525901ada6381c8d53c81d34975
resnet,mixed,17,bandpass_n20004_cV1_independent_rms_s20,phase2/results/predictions/full/mixed/resnet/seed_17/bandpass_n20004_cV1_independent_rms_s20.npz,76615,b7c3d2d9fa89adaa2ba516e1c528392a5b75c7e7fd2f588c7262488b9b4a288f
resnet,mixed,17,bandpass_n20004_cV1_independent_rms_s15,phase2/results/predictions/full/mixed/resnet/seed_17/bandpass_n20004_cV1_independent_rms_s15.npz,76603,5427d0368727884494ee048b2d3051b72de62849eb641b66e7113d7f3e64e31e
resnet,mixed,17,bandpass_n20004_cV1_independent_rms_s10,phase2/results/predictions/full/mixed/resnet/seed_17/bandpass_n20004_cV1_independent_rms_s10.npz,76546,3fe5a32c3d28c55e3a03a643048fac0713370d34102d9cfd07942abcea313887
resnet,mixed,17,bandpass_n20004_cV1_independent_rms_s5,phase2/results/predictions/full/mixed/resnet/seed_17/bandpass_n20004_cV1_independent_rms_s5.npz,76411,b47eff413f7b303b5fe4c8477d2770c99cef5d4b1396cf0289212896062b9cc8
resnet,mixed,17,bandpass_n20004_cV1_independent_rms_s0,phase2/results/predictions/full/mixed/resnet/seed_17/bandpass_n20004_cV1_independent_rms_s0.npz,76111,9c43873e852ef887f4fcc0822c45ad1d081990ac82157654055697e8c387e55a
resnet,mixed,17,bandpass_n20004_cV1_electrode_s20,phase2/results/predictions/full/mixed/resnet/seed_17/bandpass_n20004_cV1_electrode_s20.npz,76585,f8b6160338dc30f598c4a612d4d62e94553c787fb02de051e88fe238c46abdd6
resnet,mixed,17,bandpass_n20004_cV1_electrode_s15,phase2/results/predictions/full/mixed/resnet/seed_17/bandpass_n20004_cV1_electrode_s15.npz,76588,432f97d23688df64aa8b96ec0d15def5c7ca9b922667321e56608d5a9a0030b1
resnet,mixed,17,bandpass_n20004_cV1_electrode_s10,phase2/results/predictions/full/mixed/resnet/seed_17/bandpass_n20004_cV1_electrode_s10.npz,76543,a7a85640a4c16741b3f6a24271f511fc2e009bb210ab6f7cbfff65c5424d7c05
resnet,mixed,17,bandpass_n20004_cV1_electrode_s5,phase2/results/predictions/full/mixed/resnet/seed_17/bandpass_n20004_cV1_electrode_s5.npz,76377,451a86569e7289a191e76cedefa8b5d50bec174342a7807dd26907e5a20552d4
resnet,mixed,17,bandpass_n20004_cV1_electrode_s0,phase2/results/predictions/full/mixed/resnet/seed_17/bandpass_n20004_cV1_electrode_s0.npz,76113,7baac79788d6bba48c9a659ef81e36d56f1dbfd9977cfe34428f0b6c6f3bac7d
resnet,mixed,17,bandpass_n20004_cV1_covariance_s20,phase2/results/predictions/full/mixed/resnet/seed_17/bandpass_n20004_cV1_covariance_s20.npz,76607,b72e109a202624dd87334d9a82f5003be130f7ccbce3f56e6f5ee97c191f0888
resnet,mixed,17,bandpass_n20004_cV1_covariance_s15,phase2/results/predictions/full/mixed/resnet/seed_17/bandpass_n20004_cV1_covariance_s15.npz,76546,13ebd02fb336da774b14187d87df80fd81936e2dfc19bda89d91a0a616709d1a
resnet,mixed,17,bandpass_n20004_cV1_covariance_s10,phase2/results/predictions/full/mixed/resnet/seed_17/bandpass_n20004_cV1_covariance_s10.npz,76589,7ab7743ffd9a95a6b37dc1639eb8aad95a107379f6ab77d412df908d4b7a4f39
resnet,mixed,17,bandpass_n20004_cV1_covariance_s5,phase2/results/predictions/full/mixed/resnet/seed_17/bandpass_n20004_cV1_covariance_s5.npz,76392,ae2bcb79c7736902ddb32935a616f477267233f3008b792d2fb5ad3b24c7483a
resnet,mixed,17,bandpass_n20004_cV1_covariance_s0,phase2/results/predictions/full/mixed/resnet/seed_17/bandpass_n20004_cV1_covariance_s0.npz,76111,3d55f66704afb2398a8967ba2568cb1a7d3a6c86bd980a9b8be6c3c4d7ddb569
resnet,mixed,17,bandpass_n20004_cV2_independent_rms_s20,phase2/results/predictions/full/mixed/resnet/seed_17/bandpass_n20004_cV2_independent_rms_s20.npz,76610,19bbaaf589e14c09b6b68154cf2f1134e802f540b3a323b7b646398ff7c3930b
resnet,mixed,17,bandpass_n20004_cV2_independent_rms_s15,phase2/results/predictions/full/mixed/resnet/seed_17/bandpass_n20004_cV2_independent_rms_s15.npz,76626,12018d7c7d7b3fb5882e68b2e40e9c1dc6b81d095292b9aa07400a23c3b02998
resnet,mixed,17,bandpass_n20004_cV2_independent_rms_s10,phase2/results/predictions/full/mixed/resnet/seed_17/bandpass_n20004_cV2_independent_rms_s10.npz,76551,26e75a4d88e50dfe7be88bc16b33994eee97fe30cbd18a60ec2259ce128d666d
resnet,mixed,17,bandpass_n20004_cV2_independent_rms_s5,phase2/results/predictions/full/mixed/resnet/seed_17/bandpass_n20004_cV2_independent_rms_s5.npz,76461,761e96e0a68bcd8fa9ce44e0db63377abda7738b2e113925c5cc0dd322acd2a6
resnet,mixed,17,bandpass_n20004_cV2_independent_rms_s0,phase2/results/predictions/full/mixed/resnet/seed_17/bandpass_n20004_cV2_independent_rms_s0.npz,76145,831cf537d7a3d424afa11ec99e0a397953911a83b4fff194de605154ff62976d
resnet,mixed,17,bandpass_n20004_cV2_electrode_s20,phase2/results/predictions/full/mixed/resnet/seed_17/bandpass_n20004_cV2_electrode_s20.npz,76603,fcaf047c5d46fd54d89de082f3853cde5f5e5be15f534daaf7b6b93395a9223b
resnet,mixed,17,bandpass_n20004_cV2_electrode_s15,phase2/results/predictions/full/mixed/resnet/seed_17/bandpass_n20004_cV2_electrode_s15.npz,76593,2002bb55b9be30192cc2dbaae582958e6f73246b7bfa77dc680f4c8fde0b1f9f
resnet,mixed,17,bandpass_n20004_cV2_electrode_s10,phase2/results/predictions/full/mixed/resnet/seed_17/bandpass_n20004_cV2_electrode_s10.npz,76572,1b969bdb2a19461c32e34d11528fff7cd806e428e30aeee70b6d312a84099325
resnet,mixed,17,bandpass_n20004_cV2_electrode_s5,phase2/results/predictions/full/mixed/resnet/seed_17/bandpass_n20004_cV2_electrode_s5.npz,76437,f7b3cad8963dfbebfa61b21caa0e07233dfcefb657abeea48d8bf52c3b80ac0d
resnet,mixed,17,bandpass_n20004_cV2_electrode_s0,phase2/results/predictions/full/mixed/resnet/seed_17/bandpass_n20004_cV2_electrode_s0.npz,76139,e121d292995c2b2358cccd9011932e048521babb45cd5497eeff4cca8f629cb8
resnet,mixed,17,bandpass_n20004_cV2_covariance_s20,phase2/results/predictions/full/mixed/resnet/seed_17/bandpass_n20004_cV2_covariance_s20.npz,76592,0a1704e174276c0cf338c66c76851c12d37d593b56a1c21eeb9e75f4817da593
resnet,mixed,17,bandpass_n20004_cV2_covariance_s15,phase2/results/predictions/full/mixed/resnet/seed_17/bandpass_n20004_cV2_covariance_s15.npz,76613,42a211d2120ba76ff4803bc54353a527a1d8e170f342696888f7341590ef82e9
resnet,mixed,17,bandpass_n20004_cV2_covariance_s10,phase2/results/predictions/full/mixed/resnet/seed_17/bandpass_n20004_cV2_covariance_s10.npz,76587,d5d814973dcee47b445de92e2f997c37c4326ecfd265f321b569ee61cfa635b3
resnet,mixed,17,bandpass_n20004_cV2_covariance_s5,phase2/results/predictions/full/mixed/resnet/seed_17/bandpass_n20004_cV2_covariance_s5.npz,76440,c181aac75f59e612a0fe9e7da9875351d96f7b16a00717230747d7fe04da79ee
resnet,mixed,17,bandpass_n20004_cV2_covariance_s0,phase2/results/predictions/full/mixed/resnet/seed_17/bandpass_n20004_cV2_covariance_s0.npz,76125,3b0aef8ef56acba4a3543b203dae5fc71d5f9e953d6db3f9bd1fab24e87304b9
resnet,mixed,17,bandpass_n20004_cV3_independent_rms_s20,phase2/results/predictions/full/mixed/resnet/seed_17/bandpass_n20004_cV3_independent_rms_s20.npz,76599,27117d4ea9f460d899968ad75aef9639f5c27a2e5162d5dfe7c4f9b929496fd6
resnet,mixed,17,bandpass_n20004_cV3_independent_rms_s15,phase2/results/predictions/full/mixed/resnet/seed_17/bandpass_n20004_cV3_independent_rms_s15.npz,76644,fc0f6e0b19b083a6f1856ce1cca4e39d83f1d4be446caf03518772d9e4924b1e
resnet,mixed,17,bandpass_n20004_cV3_independent_rms_s10,phase2/results/predictions/full/mixed/resnet/seed_17/bandpass_n20004_cV3_independent_rms_s10.npz,76629,d39937b22dd9035140adf054d7ee81e0a55a52a571132dac5d4e7915ea530e7e
resnet,mixed,17,bandpass_n20004_cV3_independent_rms_s5,phase2/results/predictions/full/mixed/resnet/seed_17/bandpass_n20004_cV3_independent_rms_s5.npz,76494,9cb014b9cbbd472bdb98b6b50da71a4e24a9429e87ff508516429c51716ba8df
resnet,mixed,17,bandpass_n20004_cV3_independent_rms_s0,phase2/results/predictions/full/mixed/resnet/seed_17/bandpass_n20004_cV3_independent_rms_s0.npz,76162,96c02761802264691da65e432de6172d3ac63fd5f27859f98fb2c939b3adc79c
resnet,mixed,17,bandpass_n20004_cV3_electrode_s20,phase2/results/predictions/full/mixed/resnet/seed_17/bandpass_n20004_cV3_electrode_s20.npz,76611,1652388fe5e02ccfe35a81cb81d9cf0afc37fb932618e115eab23c6a07534511
resnet,mixed,17,bandpass_n20004_cV3_electrode_s15,phase2/results/predictions/full/mixed/resnet/seed_17/bandpass_n20004_cV3_electrode_s15.npz,76643,a33ce16df7e41102f8cb184cde99b35d96449d8fa71686f040c4d329540279ff
resnet,mixed,17,bandpass_n20004_cV3_electrode_s10,phase2/results/predictions/full/mixed/resnet/seed_17/bandpass_n20004_cV3_electrode_s10.npz,76552,8905a7ace85b30def1711b2e5de314292b9dfdecb1434717083b44559ab46e47
resnet,mixed,17,bandpass_n20004_cV3_electrode_s5,phase2/results/predictions/full/mixed/resnet/seed_17/bandpass_n20004_cV3_electrode_s5.npz,76500,9e3683d9fd9d2e1be9db853dca5f725168b8c166acb08db5d5b5fe1e1dafbae4
resnet,mixed,17,bandpass_n20004_cV3_electrode_s0,phase2/results/predictions/full/mixed/resnet/seed_17/bandpass_n20004_cV3_electrode_s0.npz,76137,9a4a7a7fc8162c5814c5143f3b4d716c7ea882c94b40407110220dfa77bc7888
resnet,mixed,17,bandpass_n20004_cV3_covariance_s20,phase2/results/predictions/full/mixed/resnet/seed_17/bandpass_n20004_cV3_covariance_s20.npz,76588,750d494a0cffe1ce5f14fa5aa063cfcf04460e4545eda31f327a447b71f3703f
resnet,mixed,17,bandpass_n20004_cV3_covariance_s15,phase2/results/predictions/full/mixed/resnet/seed_17/bandpass_n20004_cV3_covariance_s15.npz,76627,fcb092db9d8b55d1918f82d4e584475ff9658fe2360c7dced9deb41cfd1743d7
resnet,mixed,17,bandpass_n20004_cV3_covariance_s10,phase2/results/predictions/full/mixed/resnet/seed_17/bandpass_n20004_cV3_covariance_s10.npz,76561,39834911ef5f7020257d387bca2c4e51aeb12ed628d0e22d608d54339f6a15aa
resnet,mixed,17,bandpass_n20004_cV3_covariance_s5,phase2/results/predictions/full/mixed/resnet/seed_17/bandpass_n20004_cV3_covariance_s5.npz,76493,061af7578d2a789935c0d355b2e565668c74e53ada144f4f86e3fe977162ea32
resnet,mixed,17,bandpass_n20004_cV3_covariance_s0,phase2/results/predictions/full/mixed/resnet/seed_17/bandpass_n20004_cV3_covariance_s0.npz,76103,2c53d1678f08c5d7d827754c812757da3f6950e70906634cb278adc5b9cb7efa
resnet,mixed,17,bandpass_n20004_cV4_independent_rms_s20,phase2/results/predictions/full/mixed/resnet/seed_17/bandpass_n20004_cV4_independent_rms_s20.npz,76626,e54714a446ac2d2d681ed5e2c5314772aff2e6dbfebb7b7775a8304b2e4522f6
resnet,mixed,17,bandpass_n20004_cV4_independent_rms_s15,phase2/results/predictions/full/mixed/resnet/seed_17/bandpass_n20004_cV4_independent_rms_s15.npz,76614,f0a410af083a0995d2292a4152c6fa1eca705b33d1b26b0b2d30345a3efa793e
resnet,mixed,17,bandpass_n20004_cV4_independent_rms_s10,phase2/results/predictions/full/mixed/resnet/seed_17/bandpass_n20004_cV4_independent_rms_s10.npz,76588,b1cdd0c2c6fb5f00f2bdffd82cee66209600ba76a0ffd23680201b08aa84caaa
resnet,mixed,17,bandpass_n20004_cV4_independent_rms_s5,phase2/results/predictions/full/mixed/resnet/seed_17/bandpass_n20004_cV4_independent_rms_s5.npz,76591,8355ca2c21551a91f4aeb37482e6a05c2992eeaead8eca3a0bb0438045bd8a82
resnet,mixed,17,bandpass_n20004_cV4_independent_rms_s0,phase2/results/predictions/full/mixed/resnet/seed_17/bandpass_n20004_cV4_independent_rms_s0.npz,76348,28ccfa9153655f4934e9e9448726465f077480265c6a1342fd4665db7889b699
resnet,mixed,17,bandpass_n20004_cV4_electrode_s20,phase2/results/predictions/full/mixed/resnet/seed_17/bandpass_n20004_cV4_electrode_s20.npz,76572,72d33879689fe7e39984ef99d000effd2fff4a900c9d5d8d5fe8fcdeb07d07fb
resnet,mixed,17,bandpass_n20004_cV4_electrode_s15,phase2/results/predictions/full/mixed/resnet/seed_17/bandpass_n20004_cV4_electrode_s15.npz,76612,2d16dc4399eb7abc696ab49870300469b739cee68040473945210df9363dc5f1
resnet,mixed,17,bandpass_n20004_cV4_electrode_s10,phase2/results/predictions/full/mixed/resnet/seed_17/bandpass_n20004_cV4_electrode_s10.npz,76620,623976e03652d9290e93891c67d32c5b7da4085aef41dd813969af900d289044
resnet,mixed,17,bandpass_n20004_cV4_electrode_s5,phase2/results/predictions/full/mixed/resnet/seed_17/bandpass_n20004_cV4_electrode_s5.npz,76538,037f182a6eea704f3c8dd8515bfa55bce1941ed048029e94f498d725a1770a30
resnet,mixed,17,bandpass_n20004_cV4_electrode_s0,phase2/results/predictions/full/mixed/resnet/seed_17/bandpass_n20004_cV4_electrode_s0.npz,76349,a1bf9ff7867507314d3062a8689ea735e050e0a718218f9e4e70c7e6cd963e92
resnet,mixed,17,bandpass_n20004_cV4_covariance_s20,phase2/results/predictions/full/mixed/resnet/seed_17/bandpass_n20004_cV4_covariance_s20.npz,76598,e673da933a9892256a728b9125cabcd6746d0e397c122eb01189766e4111759f
resnet,mixed,17,bandpass_n20004_cV4_covariance_s15,phase2/results/predictions/full/mixed/resnet/seed_17/bandpass_n20004_cV4_covariance_s15.npz,76599,a87d67333d5adfc1e9c7d4684baa8590ed2259fa19f2eab14686588fa4307088
resnet,mixed,17,bandpass_n20004_cV4_covariance_s10,phase2/results/predictions/full/mixed/resnet/seed_17/bandpass_n20004_cV4_covariance_s10.npz,76586,801b75fa726cad7eafb58446722d6c6296324cbd9970163f666eaf29b4b10cd8
resnet,mixed,17,bandpass_n20004_cV4_covariance_s5,phase2/results/predictions/full/mixed/resnet/seed_17/bandpass_n20004_cV4_covariance_s5.npz,76537,865ad6001272e18b5a078fb51494b276d86f7653cccef2a0da37037b8d667786
resnet,mixed,17,bandpass_n20004_cV4_covariance_s0,phase2/results/predictions/full/mixed/resnet/seed_17/bandpass_n20004_cV4_covariance_s0.npz,76372,47cab4c7b3cfcc84e8fc084134d0e64d189fd18d5f57471b335e4e55a93acc42
resnet,mixed,17,bandpass_n20004_cV5_independent_rms_s20,phase2/results/predictions/full/mixed/resnet/seed_17/bandpass_n20004_cV5_independent_rms_s20.npz,76615,449e71c9f72513f6c3836c48cdcc3fcb339884020d88d4432c4969ce2f5ec72f
resnet,mixed,17,bandpass_n20004_cV5_independent_rms_s15,phase2/results/predictions/full/mixed/resnet/seed_17/bandpass_n20004_cV5_independent_rms_s15.npz,76617,c30e946d21bdb8b40c81034082e360d2e55f7b6d741eef5467dcfe009faacec3
resnet,mixed,17,bandpass_n20004_cV5_independent_rms_s10,phase2/results/predictions/full/mixed/resnet/seed_17/bandpass_n20004_cV5_independent_rms_s10.npz,76570,5b6dcefa01e5eaf3c0769ba874e04caffe72cbf15bd7c37a1ef0a0eb12f126c4
resnet,mixed,17,bandpass_n20004_cV5_independent_rms_s5,phase2/results/predictions/full/mixed/resnet/seed_17/bandpass_n20004_cV5_independent_rms_s5.npz,76495,586a89861a05664cdcc8922455c27b49402e8dfad8c80b2c75b0eeecd6d20181
resnet,mixed,17,bandpass_n20004_cV5_independent_rms_s0,phase2/results/predictions/full/mixed/resnet/seed_17/bandpass_n20004_cV5_independent_rms_s0.npz,76220,3cd76fb8b209e4c16359f40889f1ae12030746eb8837ea9de6e21bc7a2e43fd9
resnet,mixed,17,bandpass_n20004_cV5_electrode_s20,phase2/results/predictions/full/mixed/resnet/seed_17/bandpass_n20004_cV5_electrode_s20.npz,76624,d55fb34aad50176c0877629e0a30ff95b98e116f1b7fb61ef3c467285f93e8b6
resnet,mixed,17,bandpass_n20004_cV5_electrode_s15,phase2/results/predictions/full/mixed/resnet/seed_17/bandpass_n20004_cV5_electrode_s15.npz,76587,f7b434105521eea7803f9055abf3e95cfaf3139c02272b2073cd3facc576c294
resnet,mixed,17,bandpass_n20004_cV5_electrode_s10,phase2/results/predictions/full/mixed/resnet/seed_17/bandpass_n20004_cV5_electrode_s10.npz,76570,fbb779198375ee95dd36c7e3c3014556184f6c227757a0b909a2f78cbf0d2c30
resnet,mixed,17,bandpass_n20004_cV5_electrode_s5,phase2/results/predictions/full/mixed/resnet/seed_17/bandpass_n20004_cV5_electrode_s5.npz,76478,83b146b96f5f60f12318aa62c61ca80f5189a1ccc58b7bde39950e6640aa4d8a
resnet,mixed,17,bandpass_n20004_cV5_electrode_s0,phase2/results/predictions/full/mixed/resnet/seed_17/bandpass_n20004_cV5_electrode_s0.npz,76237,5fd0eb4b25d7d3cb08919e64ac462e58948fbe1b5ef9c124add0cae1b0c43254
resnet,mixed,17,bandpass_n20004_cV5_covariance_s20,phase2/results/predictions/full/mixed/resnet/seed_17/bandpass_n20004_cV5_covariance_s20.npz,76609,5816bad6567f522208206796cdc279c1ac45fcfba6f5bb64bac1905d0fe57de8
resnet,mixed,17,bandpass_n20004_cV5_covariance_s15,phase2/results/predictions/full/mixed/resnet/seed_17/bandpass_n20004_cV5_covariance_s15.npz,76614,05dbceaf288f6b5ee0d89851c3285b422b4531b4df850ec9b584e3ec7dcfc36e
resnet,mixed,17,bandpass_n20004_cV5_covariance_s10,phase2/results/predictions/full/mixed/resnet/seed_17/bandpass_n20004_cV5_covariance_s10.npz,76579,a10aceadc46ba111d79b4786a9ecc65b5687d8edafc954d977f0cfbae7f718c9
resnet,mixed,17,bandpass_n20004_cV5_covariance_s5,phase2/results/predictions/full/mixed/resnet/seed_17/bandpass_n20004_cV5_covariance_s5.npz,76484,5d96ee182b8ae977be5f8f5415fb98302bde24d88296283e4333bf8a04e70204
resnet,mixed,17,bandpass_n20004_cV5_covariance_s0,phase2/results/predictions/full/mixed/resnet/seed_17/bandpass_n20004_cV5_covariance_s0.npz,76241,728d022aa4d64f6931049e41370348363e7ce14e07fbe275e59817e11308614d
resnet,mixed,17,bandpass_n20004_cV6_independent_rms_s20,phase2/results/predictions/full/mixed/resnet/seed_17/bandpass_n20004_cV6_independent_rms_s20.npz,76603,1cd2ef451613f878b269df933c4c8055d142716cdfa4f0a546e60fa194f2b4a7
resnet,mixed,17,bandpass_n20004_cV6_independent_rms_s15,phase2/results/predictions/full/mixed/resnet/seed_17/bandpass_n20004_cV6_independent_rms_s15.npz,76590,e907b196f9b9d4f720475925dabd466e0df3130fcf4b11a1f6bdb0fcc09fa7f4
resnet,mixed,17,bandpass_n20004_cV6_independent_rms_s10,phase2/results/predictions/full/mixed/resnet/seed_17/bandpass_n20004_cV6_independent_rms_s10.npz,76563,45474705a975a11db76129c0f038e01bcc9ddd7b8f0d057bbf54c446f4169c72
resnet,mixed,17,bandpass_n20004_cV6_independent_rms_s5,phase2/results/predictions/full/mixed/resnet/seed_17/bandpass_n20004_cV6_independent_rms_s5.npz,76445,598f47bc7cd6e63bf6b03989841108f42b841f742e72aa1faf2f65c0d2f1dab4
resnet,mixed,17,bandpass_n20004_cV6_independent_rms_s0,phase2/results/predictions/full/mixed/resnet/seed_17/bandpass_n20004_cV6_independent_rms_s0.npz,76148,e094c9ee8d09552685dbaa2d265e256d644d676cd611cd69eabefb7478b69b8a
resnet,mixed,17,bandpass_n20004_cV6_electrode_s20,phase2/results/predictions/full/mixed/resnet/seed_17/bandpass_n20004_cV6_electrode_s20.npz,76614,dab412ce1827bc535b6b9293322dfbbd1b0b8af118144dc504f12a9f657df5dc
resnet,mixed,17,bandpass_n20004_cV6_electrode_s15,phase2/results/predictions/full/mixed/resnet/seed_17/bandpass_n20004_cV6_electrode_s15.npz,76599,81b417e74ca83966bb65a45ddf3c2612ef8526ba8b3b87a04cf1294443c45d82
resnet,mixed,17,bandpass_n20004_cV6_electrode_s10,phase2/results/predictions/full/mixed/resnet/seed_17/bandpass_n20004_cV6_electrode_s10.npz,76554,0d491772e9a6a1deaa9d00d47dc6298a6a2f48dada0b257c92476c2b5c945edc
resnet,mixed,17,bandpass_n20004_cV6_electrode_s5,phase2/results/predictions/full/mixed/resnet/seed_17/bandpass_n20004_cV6_electrode_s5.npz,76440,f382e09134a16850349ca1075e0eb0e7c0a98bfa5d1e680ca53be2c58b4f4148
resnet,mixed,17,bandpass_n20004_cV6_electrode_s0,phase2/results/predictions/full/mixed/resnet/seed_17/bandpass_n20004_cV6_electrode_s0.npz,76153,8a9c89213d3abe41bbcb3b6ff1d5fa5602987ef6d50b333b2d768a2d908c2038
resnet,mixed,17,bandpass_n20004_cV6_covariance_s20,phase2/results/predictions/full/mixed/resnet/seed_17/bandpass_n20004_cV6_covariance_s20.npz,76624,f61e7e11d76439dbae7f77185d51030049623805d8d8e32a135b24608175c52d
resnet,mixed,17,bandpass_n20004_cV6_covariance_s15,phase2/results/predictions/full/mixed/resnet/seed_17/bandpass_n20004_cV6_covariance_s15.npz,76597,d04c31ee178110349442301761f128f1914669a4de6a95eb266b0e4cbf3d47b6
resnet,mixed,17,bandpass_n20004_cV6_covariance_s10,phase2/results/predictions/full/mixed/resnet/seed_17/bandpass_n20004_cV6_covariance_s10.npz,76543,cf05e5ae9853eed5450706e560dd6802149549133d5f8e1c37d2cc9ffdaf749a
resnet,mixed,17,bandpass_n20004_cV6_covariance_s5,phase2/results/predictions/full/mixed/resnet/seed_17/bandpass_n20004_cV6_covariance_s5.npz,76460,9578807ede988b9a8f6f60c3df139a8d391a3cbc32e0b74149bda1e429aefe85
resnet,mixed,17,bandpass_n20004_cV6_covariance_s0,phase2/results/predictions/full/mixed/resnet/seed_17/bandpass_n20004_cV6_covariance_s0.npz,76161,d3bc8b591affc7fbc6e0570b46dfeadf333cb5b1375e7cee610c757f8d2ac199
resnet,mixed,17,bandpass_n20004_cRA_LA_independent_rms_s20,phase2/results/predictions/full/mixed/resnet/seed_17/bandpass_n20004_cRA_LA_independent_rms_s20.npz,76628,3840ab37288dac66222e6f046a6d17b7bd7563429c9a3dba48b500447e67f7d8
resnet,mixed,17,bandpass_n20004_cRA_LA_independent_rms_s15,phase2/results/predictions/full/mixed/resnet/seed_17/bandpass_n20004_cRA_LA_independent_rms_s15.npz,76632,f58bfdc1fa2edc8bcd8aa10f67d56567b8764090a31c4205b0fc84ad9931fb89
resnet,mixed,17,bandpass_n20004_cRA_LA_independent_rms_s10,phase2/results/predictions/full/mixed/resnet/seed_17/bandpass_n20004_cRA_LA_independent_rms_s10.npz,76597,86d6c4e1d4cbf524d7e2d895696faff52b45345c74a5faae372c50271719043a
resnet,mixed,17,bandpass_n20004_cRA_LA_independent_rms_s5,phase2/results/predictions/full/mixed/resnet/seed_17/bandpass_n20004_cRA_LA_independent_rms_s5.npz,76475,782bc8a49c18e2fdb32641d339c43d2d8a2c079dab3318aed94ae8c5afbe3908
resnet,mixed,17,bandpass_n20004_cRA_LA_independent_rms_s0,phase2/results/predictions/full/mixed/resnet/seed_17/bandpass_n20004_cRA_LA_independent_rms_s0.npz,76199,a2baa4238678ba41d6461bcb43c140735412a012e54f4dae2301600572656bc7
resnet,mixed,17,bandpass_n20004_cRA_LA_electrode_s20,phase2/results/predictions/full/mixed/resnet/seed_17/bandpass_n20004_cRA_LA_electrode_s20.npz,76639,82523b93812fb8ee81c5e652a2d7c640c539bf8e4c308f90dc1c2856c6518ca3
resnet,mixed,17,bandpass_n20004_cRA_LA_electrode_s15,phase2/results/predictions/full/mixed/resnet/seed_17/bandpass_n20004_cRA_LA_electrode_s15.npz,76597,fa5836b96184b1877b9646a432a45d99290662cf5ffa0f791c351064d25826a4
resnet,mixed,17,bandpass_n20004_cRA_LA_electrode_s10,phase2/results/predictions/full/mixed/resnet/seed_17/bandpass_n20004_cRA_LA_electrode_s10.npz,76525,3d197c24c9b693f3225f076942bf56ed15a93de6284e28021491954a818a69e8
resnet,mixed,17,bandpass_n20004_cRA_LA_electrode_s5,phase2/results/predictions/full/mixed/resnet/seed_17/bandpass_n20004_cRA_LA_electrode_s5.npz,76357,12d7acf93a51d4b6d943575c60b72376861ccc637f7b909cda724146a95ceef9
resnet,mixed,17,bandpass_n20004_cRA_LA_electrode_s0,phase2/results/predictions/full/mixed/resnet/seed_17/bandpass_n20004_cRA_LA_electrode_s0.npz,76004,3caa82d188e18a902ca946f72bc83489130096f1c66f6b300d2c4a42c86c0b0a
resnet,mixed,17,bandpass_n20004_cRA_LA_covariance_s20,phase2/results/predictions/full/mixed/resnet/seed_17/bandpass_n20004_cRA_LA_covariance_s20.npz,76596,471c447a477481a289e82b55f40f6dc22f0dd7c3e9e82f543553102e3977dc1c
resnet,mixed,17,bandpass_n20004_cRA_LA_covariance_s15,phase2/results/predictions/full/mixed/resnet/seed_17/bandpass_n20004_cRA_LA_covariance_s15.npz,76574,77bd6befeafa248f928987d0c3dbf1257122195e5852ef5635b241a4c9021ea7
resnet,mixed,17,bandpass_n20004_cRA_LA_covariance_s10,phase2/results/predictions/full/mixed/resnet/seed_17/bandpass_n20004_cRA_LA_covariance_s10.npz,76550,9c571b9bc24a08573758c426b1018b1e1c82016baa023c920575bdf934ba9cd3
resnet,mixed,17,bandpass_n20004_cRA_LA_covariance_s5,phase2/results/predictions/full/mixed/resnet/seed_17/bandpass_n20004_cRA_LA_covariance_s5.npz,76330,98c423343eb3adb9b80042a4e149106984c3cf2f3edf30ad276a8d04c83e2d5f
resnet,mixed,17,bandpass_n20004_cRA_LA_covariance_s0,phase2/results/predictions/full/mixed/resnet/seed_17/bandpass_n20004_cRA_LA_covariance_s0.npz,76040,75e420dca73d9eb1e0df009f7ef96b0f05b7db3fdcd18d72b314490af9efebfc
resnet,mixed,17,bandpass_n20004_cLA_LL_independent_rms_s20,phase2/results/predictions/full/mixed/resnet/seed_17/bandpass_n20004_cLA_LL_independent_rms_s20.npz,76657,b98bb8235c592f2a05a43918a961dbfd2b8248637deb31249b0af23b8d923cd0
resnet,mixed,17,bandpass_n20004_cLA_LL_independent_rms_s15,phase2/results/predictions/full/mixed/resnet/seed_17/bandpass_n20004_cLA_LL_independent_rms_s15.npz,76629,4b89df92ca6de4870afc75e6939177710ae2db4f8daf6bc379746eaf026c6800
resnet,mixed,17,bandpass_n20004_cLA_LL_independent_rms_s10,phase2/results/predictions/full/mixed/resnet/seed_17/bandpass_n20004_cLA_LL_independent_rms_s10.npz,76581,915251d3cfc254db1e6bc483688c6bc3610e2b924eddb911320a8fd65551b82d
resnet,mixed,17,bandpass_n20004_cLA_LL_independent_rms_s5,phase2/results/predictions/full/mixed/resnet/seed_17/bandpass_n20004_cLA_LL_independent_rms_s5.npz,76477,9b99ff891edf6da672bc0423b9ace104efca8068bd22658fb6bc52d4798221e3
resnet,mixed,17,bandpass_n20004_cLA_LL_independent_rms_s0,phase2/results/predictions/full/mixed/resnet/seed_17/bandpass_n20004_cLA_LL_independent_rms_s0.npz,76191,c789d7198ad1237faf226d9e99637d2bd54f1b98b5e99dcd88adb6ddf84825ef
resnet,mixed,17,bandpass_n20004_cLA_LL_electrode_s20,phase2/results/predictions/full/mixed/resnet/seed_17/bandpass_n20004_cLA_LL_electrode_s20.npz,76622,95603100c7d8ad70ab550953ac3909c1b3bce4f4197be5ea700818560cadd74e
resnet,mixed,17,bandpass_n20004_cLA_LL_electrode_s15,phase2/results/predictions/full/mixed/resnet/seed_17/bandpass_n20004_cLA_LL_electrode_s15.npz,76617,f8bc7518a7ce30d1819651f5fb8ec760702e24f1b5a3d27dc316174af58f4fef
resnet,mixed,17,bandpass_n20004_cLA_LL_electrode_s10,phase2/results/predictions/full/mixed/resnet/seed_17/bandpass_n20004_cLA_LL_electrode_s10.npz,76535,566132d744cfe5f1409968b5696bf8a3057eb73656349b9edb641b1605c17d5b
resnet,mixed,17,bandpass_n20004_cLA_LL_electrode_s5,phase2/results/predictions/full/mixed/resnet/seed_17/bandpass_n20004_cLA_LL_electrode_s5.npz,76350,f9e3f25c45bc2cd36ef16bb2122ae51992f88fdde1978045770b3e3e17159c29
resnet,mixed,17,bandpass_n20004_cLA_LL_electrode_s0,phase2/results/predictions/full/mixed/resnet/seed_17/bandpass_n20004_cLA_LL_electrode_s0.npz,75946,b1f3eaf609fdd3e30e04b675c4ad395fa0d2e92a474c6e2b9fcdc57af1cfb4ed
resnet,mixed,17,bandpass_n20004_cLA_LL_covariance_s20,phase2/results/predictions/full/mixed/resnet/seed_17/bandpass_n20004_cLA_LL_covariance_s20.npz,76603,5f5c97a9492b7614b7118a38ca6c7d4242f4602b34314117100a95cb8ffd8b45
resnet,mixed,17,bandpass_n20004_cLA_LL_covariance_s15,phase2/results/predictions/full/mixed/resnet/seed_17/bandpass_n20004_cLA_LL_covariance_s15.npz,76595,803544d8397d2df19c05ca9b0eddb029423bc79f5da0786ca0b7c68d7f1fb04c
resnet,mixed,17,bandpass_n20004_cLA_LL_covariance_s10,phase2/results/predictions/full/mixed/resnet/seed_17/bandpass_n20004_cLA_LL_covariance_s10.npz,76547,289c3639927a1f9955a4eaaad356146b75feec2473598ff7e28b5341d516e85a
resnet,mixed,17,bandpass_n20004_cLA_LL_covariance_s5,phase2/results/predictions/full/mixed/resnet/seed_17/bandpass_n20004_cLA_LL_covariance_s5.npz,76299,83fece2ce14ff235c2f76327d0155726c4dfa01acc8e5b694349170e686062f3
resnet,mixed,17,bandpass_n20004_cLA_LL_covariance_s0,phase2/results/predictions/full/mixed/resnet/seed_17/bandpass_n20004_cLA_LL_covariance_s0.npz,75945,e043bcc181d99480931d15c665ab5ee49906e4fae6b53555a9411590a3369e3d
resnet,mixed,17,bandpass_n20004_cRA_LL_independent_rms_s20,phase2/results/predictions/full/mixed/resnet/seed_17/bandpass_n20004_cRA_LL_independent_rms_s20.npz,76636,5977b57df8dccda8f2836a7bed4570bfa52c7af15c7924b956234a24bdbcce0a
resnet,mixed,17,bandpass_n20004_cRA_LL_independent_rms_s15,phase2/results/predictions/full/mixed/resnet/seed_17/bandpass_n20004_cRA_LL_independent_rms_s15.npz,76606,5edeae707f9e92b092b4e45fb8b5d2e0df894ec10d22ee8908b985ca33aa6ce4
resnet,mixed,17,bandpass_n20004_cRA_LL_independent_rms_s10,phase2/results/predictions/full/mixed/resnet/seed_17/bandpass_n20004_cRA_LL_independent_rms_s10.npz,76595,4e99dbff5354ec861702537b60310a65dd63bd8f9179096d8013bbe0ff8a631e
resnet,mixed,17,bandpass_n20004_cRA_LL_independent_rms_s5,phase2/results/predictions/full/mixed/resnet/seed_17/bandpass_n20004_cRA_LL_independent_rms_s5.npz,76460,ad85957db27bc2a32b321866ad53de4f262b506092d7bb1551b94d925f2163b2
resnet,mixed,17,bandpass_n20004_cRA_LL_independent_rms_s0,phase2/results/predictions/full/mixed/resnet/seed_17/bandpass_n20004_cRA_LL_independent_rms_s0.npz,76175,bd7a46956fc8d32ac2bc3a5850f8f7d915bba5790af6ba2ed20853300470d8d5
resnet,mixed,17,bandpass_n20004_cRA_LL_electrode_s20,phase2/results/predictions/full/mixed/resnet/seed_17/bandpass_n20004_cRA_LL_electrode_s20.npz,76613,190ea8198dcd1cdef3b40cc554312f6de8fff3fdd9f47d6425be1f69c4c00cb3
resnet,mixed,17,bandpass_n20004_cRA_LL_electrode_s15,phase2/results/predictions/full/mixed/resnet/seed_17/bandpass_n20004_cRA_LL_electrode_s15.npz,76585,8455070b2ac964a68ea6f6acd70ddff71a3d03111f3d8b2895c9c0f72ef6c3f8
resnet,mixed,17,bandpass_n20004_cRA_LL_electrode_s10,phase2/results/predictions/full/mixed/resnet/seed_17/bandpass_n20004_cRA_LL_electrode_s10.npz,76524,361d429b88ca955501c7c23c60536874dfc83deafd37eb02fea17467ccc0b8c4
resnet,mixed,17,bandpass_n20004_cRA_LL_electrode_s5,phase2/results/predictions/full/mixed/resnet/seed_17/bandpass_n20004_cRA_LL_electrode_s5.npz,76295,6d83fa2971b225d6e6850462e454c517f8cccadf19eb328d0fed89ef853d017d
resnet,mixed,17,bandpass_n20004_cRA_LL_electrode_s0,phase2/results/predictions/full/mixed/resnet/seed_17/bandpass_n20004_cRA_LL_electrode_s0.npz,75982,7d5000967603a469409362cb2f16c17e64634e11a981beb056cb8776995722f3
resnet,mixed,17,bandpass_n20004_cRA_LL_covariance_s20,phase2/results/predictions/full/mixed/resnet/seed_17/bandpass_n20004_cRA_LL_covariance_s20.npz,76627,d5ca64a6063615a8b1aa36b1b3ffb70f0f6c3b788d6ebced2462838c47a53136
resnet,mixed,17,bandpass_n20004_cRA_LL_covariance_s15,phase2/results/predictions/full/mixed/resnet/seed_17/bandpass_n20004_cRA_LL_covariance_s15.npz,76591,b1b60b59f4a4b409d19bfbacb88ebf91867963f95d3b31ababec700d3afc7ded
resnet,mixed,17,bandpass_n20004_cRA_LL_covariance_s10,phase2/results/predictions/full/mixed/resnet/seed_17/bandpass_n20004_cRA_LL_covariance_s10.npz,76538,bea6f57af777d4e1d8d3ca43d9b7ea1bdf1f2cf321363fa2f074a372b0283c75
resnet,mixed,17,bandpass_n20004_cRA_LL_covariance_s5,phase2/results/predictions/full/mixed/resnet/seed_17/bandpass_n20004_cRA_LL_covariance_s5.npz,76354,4cdf3f418ce2001f64008945b808dc77687ca2220bb4e56ea6e63d51e6e22401
resnet,mixed,17,bandpass_n20004_cRA_LL_covariance_s0,phase2/results/predictions/full/mixed/resnet/seed_17/bandpass_n20004_cRA_LL_covariance_s0.npz,75983,2624dbfe85d997fae0663b4de83b423854de530a7d5736a0a8f1d1b42ba0c678
resnet,mixed,17,bandpass_n20004_cRA_independent_rms_s20,phase2/results/predictions/full/mixed/resnet/seed_17/bandpass_n20004_cRA_independent_rms_s20.npz,76613,40aaf3f3726c18a879e931ea4875bbff2afde129464dd2ea542defcdd8479e25
resnet,mixed,17,bandpass_n20004_cRA_independent_rms_s15,phase2/results/predictions/full/mixed/resnet/seed_17/bandpass_n20004_cRA_independent_rms_s15.npz,76584,2b2cefe253e2d0e6b9172b8896c6b9523b7034f7be45cbfb76e24126699ce87f
resnet,mixed,17,bandpass_n20004_cRA_independent_rms_s10,phase2/results/predictions/full/mixed/resnet/seed_17/bandpass_n20004_cRA_independent_rms_s10.npz,76553,70fc1e176ffebb0054b776f936360707c395bf275be5bf947547923d9a07ce60
resnet,mixed,17,bandpass_n20004_cRA_independent_rms_s5,phase2/results/predictions/full/mixed/resnet/seed_17/bandpass_n20004_cRA_independent_rms_s5.npz,76472,1ecfff9f7b5d4379a54311bbfc28d8b7385a30b448cde0aed82d258d094c6604
resnet,mixed,17,bandpass_n20004_cRA_independent_rms_s0,phase2/results/predictions/full/mixed/resnet/seed_17/bandpass_n20004_cRA_independent_rms_s0.npz,76173,b27c637a99730c41728cf9e1c3aa85aa8fc9e56d75c07dea681c32cd00e1fbdc
resnet,mixed,17,bandpass_n20004_cRA_electrode_s20,phase2/results/predictions/full/mixed/resnet/seed_17/bandpass_n20004_cRA_electrode_s20.npz,76601,15aa6d84737a00cb7a0868d2e4fe8934abf6d2b42d611044092e74e04f1c504f
resnet,mixed,17,bandpass_n20004_cRA_electrode_s15,phase2/results/predictions/full/mixed/resnet/seed_17/bandpass_n20004_cRA_electrode_s15.npz,76606,b27523c6a5db385f5e5c97137a34b8ffb4417c5f1ba63724756b2685af877c9c
resnet,mixed,17,bandpass_n20004_cRA_electrode_s10,phase2/results/predictions/full/mixed/resnet/seed_17/bandpass_n20004_cRA_electrode_s10.npz,76552,280b5f424c483c1639a5bfc9fc57030f099cb3f92b5a39487b374479f8cb0238
resnet,mixed,17,bandpass_n20004_cRA_electrode_s5,phase2/results/predictions/full/mixed/resnet/seed_17/bandpass_n20004_cRA_electrode_s5.npz,76376,1da701d15f5ac532696b47200a22857beaf24ec715a41c13f096affeadce61db
resnet,mixed,17,bandpass_n20004_cRA_electrode_s0,phase2/results/predictions/full/mixed/resnet/seed_17/bandpass_n20004_cRA_electrode_s0.npz,76068,a3bb580fd97442f5c073969154a2b233441a5219dbe82b5bae241e8d3cf0d579
resnet,mixed,17,bandpass_n20004_cRA_covariance_s20,phase2/results/predictions/full/mixed/resnet/seed_17/bandpass_n20004_cRA_covariance_s20.npz,76621,3813aa2a638cf3ac3a9bb436ce0204a0022addcd83e69638b88a72fbbf249f94
resnet,mixed,17,bandpass_n20004_cRA_covariance_s15,phase2/results/predictions/full/mixed/resnet/seed_17/bandpass_n20004_cRA_covariance_s15.npz,76612,cc64ec4898e68dd915106975ddbaf39af4510f3910c85041e6f2198b4d44cb12
resnet,mixed,17,bandpass_n20004_cRA_covariance_s10,phase2/results/predictions/full/mixed/resnet/seed_17/bandpass_n20004_cRA_covariance_s10.npz,76531,7f03887fec71b36f7cf2aafffd523fdf9cd949812080e3b580a1b1408a8d4e1e
resnet,mixed,17,bandpass_n20004_cRA_covariance_s5,phase2/results/predictions/full/mixed/resnet/seed_17/bandpass_n20004_cRA_covariance_s5.npz,76349,ba6e52e03315e79f141f868fbcc978a6fa5b0d6f2706d15cb2eee918eb0e6570
resnet,mixed,17,bandpass_n20004_cRA_covariance_s0,phase2/results/predictions/full/mixed/resnet/seed_17/bandpass_n20004_cRA_covariance_s0.npz,76085,b51cea5d4185d27636409e0a2af489369881e178a5669841d1b773afcdcb1f0d
resnet,mixed,17,bandpass_n20004_cLA_independent_rms_s20,phase2/results/predictions/full/mixed/resnet/seed_17/bandpass_n20004_cLA_independent_rms_s20.npz,76616,8df50b217367a7dd3da24044062257fcf926f9c6f9fd3a21aa94bfa4c820cd2f
resnet,mixed,17,bandpass_n20004_cLA_independent_rms_s15,phase2/results/predictions/full/mixed/resnet/seed_17/bandpass_n20004_cLA_independent_rms_s15.npz,76601,52a969f05e91ab283d851ae910b668e7b44f6689a3d37d7067aec7f0f87cbb87
resnet,mixed,17,bandpass_n20004_cLA_independent_rms_s10,phase2/results/predictions/full/mixed/resnet/seed_17/bandpass_n20004_cLA_independent_rms_s10.npz,76625,785f45ae57946c28282116c9b23877301a2865988df0e096f28c61773a221f4e
resnet,mixed,17,bandpass_n20004_cLA_independent_rms_s5,phase2/results/predictions/full/mixed/resnet/seed_17/bandpass_n20004_cLA_independent_rms_s5.npz,76517,c258f43bd71c5d859e04df3e32485419729d51fdad094161511fc068be655c61
resnet,mixed,17,bandpass_n20004_cLA_independent_rms_s0,phase2/results/predictions/full/mixed/resnet/seed_17/bandpass_n20004_cLA_independent_rms_s0.npz,76224,368077306549e22ebb7ef971b75c9ae4702de7a48e65a43b43fdc5a32b283c63
resnet,mixed,17,bandpass_n20004_cLA_electrode_s20,phase2/results/predictions/full/mixed/resnet/seed_17/bandpass_n20004_cLA_electrode_s20.npz,76622,ea41345ddb7fa92a9d1763ec92a12918d00257ccc672c080c944ddee3f9f4a94
resnet,mixed,17,bandpass_n20004_cLA_electrode_s15,phase2/results/predictions/full/mixed/resnet/seed_17/bandpass_n20004_cLA_electrode_s15.npz,76575,eac304abf5cfe94c665dc52289708516e41370d2bd2124c28acb85a45c9b1cbb
resnet,mixed,17,bandpass_n20004_cLA_electrode_s10,phase2/results/predictions/full/mixed/resnet/seed_17/bandpass_n20004_cLA_electrode_s10.npz,76518,937a53f2f8ad1de72c37d5e4914eafb763d19b0b7a89db67a8f243c3a147c8df
resnet,mixed,17,bandpass_n20004_cLA_electrode_s5,phase2/results/predictions/full/mixed/resnet/seed_17/bandpass_n20004_cLA_electrode_s5.npz,76326,ff215c799b26d6bc8b6abf6d767dd89b9e0e6cffe322ae18b3f23265bc127cc8
resnet,mixed,17,bandpass_n20004_cLA_electrode_s0,phase2/results/predictions/full/mixed/resnet/seed_17/bandpass_n20004_cLA_electrode_s0.npz,75915,edfb474168e5c79e4f7ef7f8b122fdfa23bcd2091ada77978660a1ab3bc5352a
resnet,mixed,17,bandpass_n20004_cLA_covariance_s20,phase2/results/predictions/full/mixed/resnet/seed_17/bandpass_n20004_cLA_covariance_s20.npz,76599,ef82f5246820222a223eff4156c916dc4160913314eaddfa9f40dd411aa33424
resnet,mixed,17,bandpass_n20004_cLA_covariance_s15,phase2/results/predictions/full/mixed/resnet/seed_17/bandpass_n20004_cLA_covariance_s15.npz,76595,2b89aa89681cade4f388dbe039d1ae8ab466917ead2c5ac9ae857fa239c9bd7a
resnet,mixed,17,bandpass_n20004_cLA_covariance_s10,phase2/results/predictions/full/mixed/resnet/seed_17/bandpass_n20004_cLA_covariance_s10.npz,76541,73ccd807d174c9ddbffd5c9d4d5b73c980ed1319d65744171ead3eaf86d12153
resnet,mixed,17,bandpass_n20004_cLA_covariance_s5,phase2/results/predictions/full/mixed/resnet/seed_17/bandpass_n20004_cLA_covariance_s5.npz,76319,9eade9b0fba453c37531cac5f524e99701c8d4e1f62cd709d5e4551759471d5f
resnet,mixed,17,bandpass_n20004_cLA_covariance_s0,phase2/results/predictions/full/mixed/resnet/seed_17/bandpass_n20004_cLA_covariance_s0.npz,75952,ed955c8c82bd3cb8ee59a2d5a168b9a15364cc0d8d6dcb51a4045d5a54cff0ed
resnet,mixed,17,bandpass_n20004_cLL_independent_rms_s20,phase2/results/predictions/full/mixed/resnet/seed_17/bandpass_n20004_cLL_independent_rms_s20.npz,76629,37cd79de096f0c516dcbf05706772255b76e49861e422e8d37916d5717a887a0
resnet,mixed,17,bandpass_n20004_cLL_independent_rms_s15,phase2/results/predictions/full/mixed/resnet/seed_17/bandpass_n20004_cLL_independent_rms_s15.npz,76623,8502eb1b2b0a320cda3579f2e8f12f6639b9a166644431f77b495f292c371619
resnet,mixed,17,bandpass_n20004_cLL_independent_rms_s10,phase2/results/predictions/full/mixed/resnet/seed_17/bandpass_n20004_cLL_independent_rms_s10.npz,76561,efb3585d479b6ad5dc860f55680ffe38895f674816f277ab4f0672d41ecffc19
resnet,mixed,17,bandpass_n20004_cLL_independent_rms_s5,phase2/results/predictions/full/mixed/resnet/seed_17/bandpass_n20004_cLL_independent_rms_s5.npz,76432,cd5f68d0ed26d771d5cd5a1f33c99830a70bcb751602a93a6f5d0cf690823758
resnet,mixed,17,bandpass_n20004_cLL_independent_rms_s0,phase2/results/predictions/full/mixed/resnet/seed_17/bandpass_n20004_cLL_independent_rms_s0.npz,76119,04409b54783f288bcacd1c586fd8f55dbddd5f233518501a943565095c6fe7af
resnet,mixed,17,bandpass_n20004_cLL_electrode_s20,phase2/results/predictions/full/mixed/resnet/seed_17/bandpass_n20004_cLL_electrode_s20.npz,76598,043d5ae28a5f80d8f8d14b01780f7f651a33f5975da948b294ffa6501a83128d
resnet,mixed,17,bandpass_n20004_cLL_electrode_s15,phase2/results/predictions/full/mixed/resnet/seed_17/bandpass_n20004_cLL_electrode_s15.npz,76579,9b1ef9edf51644252d70c4b2271054d556bf18e10c3920c01070b9ef2c72330c
resnet,mixed,17,bandpass_n20004_cLL_electrode_s10,phase2/results/predictions/full/mixed/resnet/seed_17/bandpass_n20004_cLL_electrode_s10.npz,76503,64b05b8a4d3dd0c373cee728ecad4efd768ded5e01808a857f8fe3d9e39c9d61
resnet,mixed,17,bandpass_n20004_cLL_electrode_s5,phase2/results/predictions/full/mixed/resnet/seed_17/bandpass_n20004_cLL_electrode_s5.npz,76285,eab15293106cdfde06545fbf73ed1e46bfe983051afdaefe14b8e4e862a2fdba
resnet,mixed,17,bandpass_n20004_cLL_electrode_s0,phase2/results/predictions/full/mixed/resnet/seed_17/bandpass_n20004_cLL_electrode_s0.npz,75892,c17b7bad2517ed9c66c32fed11702cc1e4e0b21c6ff9268968fb86fca80b706d
resnet,mixed,17,bandpass_n20004_cLL_covariance_s20,phase2/results/predictions/full/mixed/resnet/seed_17/bandpass_n20004_cLL_covariance_s20.npz,76610,b0ed98337d4696e901bb4bfad26ef2a658e4f1af165ed7f52f82e8541648d1c6
resnet,mixed,17,bandpass_n20004_cLL_covariance_s15,phase2/results/predictions/full/mixed/resnet/seed_17/bandpass_n20004_cLL_covariance_s15.npz,76562,389b9a5ae52c5e65cce562ef262b11e7e68d46d9ddcb8b5fe988308aae7a3801
resnet,mixed,17,bandpass_n20004_cLL_covariance_s10,phase2/results/predictions/full/mixed/resnet/seed_17/bandpass_n20004_cLL_covariance_s10.npz,76499,49cbe7fe580221ab342a788b917f293e5f266b5cd2f035e22fbe605219d67781
resnet,mixed,17,bandpass_n20004_cLL_covariance_s5,phase2/results/predictions/full/mixed/resnet/seed_17/bandpass_n20004_cLL_covariance_s5.npz,76280,ed5bcaf8f1bce9b9c2cc421225f271aa5c0377dd8e309b98261f4002d882ea59
resnet,mixed,17,bandpass_n20004_cLL_covariance_s0,phase2/results/predictions/full/mixed/resnet/seed_17/bandpass_n20004_cLL_covariance_s0.npz,75891,c9508295c4f5eddaddb778f9e0bf818ef3e6886b3562cf858d5fe36e49675d99
resnet,mixed,17,bandpass_n20004_cRA_V1_independent_rms_s20,phase2/results/predictions/full/mixed/resnet/seed_17/bandpass_n20004_cRA_V1_independent_rms_s20.npz,76620,1f21c63b41eab05cceb35dd9aed217d3723d69d44714d7af702fd867903ed0ca
resnet,mixed,17,bandpass_n20004_cRA_V1_independent_rms_s15,phase2/results/predictions/full/mixed/resnet/seed_17/bandpass_n20004_cRA_V1_independent_rms_s15.npz,76618,e2908a82d47117734f4f11a79e5cf7fa3d8824688e9242c8459fcd44e2ee0307
resnet,mixed,17,bandpass_n20004_cRA_V1_independent_rms_s10,phase2/results/predictions/full/mixed/resnet/seed_17/bandpass_n20004_cRA_V1_independent_rms_s10.npz,76645,abc51385173a49df5a8e05f770620e9ffc991c0adcd6a6f0ecfd07e6094fc979
resnet,mixed,17,bandpass_n20004_cRA_V1_independent_rms_s5,phase2/results/predictions/full/mixed/resnet/seed_17/bandpass_n20004_cRA_V1_independent_rms_s5.npz,76440,f3065414e51aba73d8790c9541f0bbc967e4cf46bde8df3889cf183082b010bf
resnet,mixed,17,bandpass_n20004_cRA_V1_independent_rms_s0,phase2/results/predictions/full/mixed/resnet/seed_17/bandpass_n20004_cRA_V1_independent_rms_s0.npz,76162,886a870bb40d3593bc41ba6b3765c5bb86da30ed9579ea789f823ea70b92de5d
resnet,mixed,17,bandpass_n20004_cRA_V1_electrode_s20,phase2/results/predictions/full/mixed/resnet/seed_17/bandpass_n20004_cRA_V1_electrode_s20.npz,76621,afa9fa9475aa6fc6eb111000342eec3fd2d1fbda7f0b3739fc2f5220973190b6
resnet,mixed,17,bandpass_n20004_cRA_V1_electrode_s15,phase2/results/predictions/full/mixed/resnet/seed_17/bandpass_n20004_cRA_V1_electrode_s15.npz,76609,dc996b9bbcc8cd92469b36a1dd2a2729fdf27b0e2c3423f4b2a15ed0f1aaf8e0
resnet,mixed,17,bandpass_n20004_cRA_V1_electrode_s10,phase2/results/predictions/full/mixed/resnet/seed_17/bandpass_n20004_cRA_V1_electrode_s10.npz,76537,262b7ff97fab0ea930e0e46e54dcf97af5a9de91aed0726a481c6cc285201746
resnet,mixed,17,bandpass_n20004_cRA_V1_electrode_s5,phase2/results/predictions/full/mixed/resnet/seed_17/bandpass_n20004_cRA_V1_electrode_s5.npz,76371,7d9180d2a8c5cb5aa56318ab6d58bf78e4ac53399ae0e3dcdd56c19e78540dbb
resnet,mixed,17,bandpass_n20004_cRA_V1_electrode_s0,phase2/results/predictions/full/mixed/resnet/seed_17/bandpass_n20004_cRA_V1_electrode_s0.npz,76077,ddb47593d3699d23f05d547bde800a52de4a5a94875702ecf27832f97ff577f8
resnet,mixed,17,bandpass_n20004_cRA_V1_covariance_s20,phase2/results/predictions/full/mixed/resnet/seed_17/bandpass_n20004_cRA_V1_covariance_s20.npz,76598,515ead19d41fc43149d9e6ccec6128ef3e830c583bfe40f9c4dd95542f0f5b11
resnet,mixed,17,bandpass_n20004_cRA_V1_covariance_s15,phase2/results/predictions/full/mixed/resnet/seed_17/bandpass_n20004_cRA_V1_covariance_s15.npz,76628,f7d126b10dd5f11943fab5136f45f9a354091848f0a4dcfa92c5e4c59f6fb76b
resnet,mixed,17,bandpass_n20004_cRA_V1_covariance_s10,phase2/results/predictions/full/mixed/resnet/seed_17/bandpass_n20004_cRA_V1_covariance_s10.npz,76519,771e495bd7cc465073815f1c73d8aca9fe6a9afdffaf896523526aff90daa5d6
resnet,mixed,17,bandpass_n20004_cRA_V1_covariance_s5,phase2/results/predictions/full/mixed/resnet/seed_17/bandpass_n20004_cRA_V1_covariance_s5.npz,76349,9948a8803ea9e45c966dc60628cc1a9eaf4e3b5d1334c72b560f6c24b26b0933
resnet,mixed,17,bandpass_n20004_cRA_V1_covariance_s0,phase2/results/predictions/full/mixed/resnet/seed_17/bandpass_n20004_cRA_V1_covariance_s0.npz,76073,48c7d9de0f9b6e89a0d3a1cc8a70a3ae2eac3420d759169bfa432a5b77f35d1d
resnet,mixed,17,bandpass_n20004_cLA_V6_independent_rms_s20,phase2/results/predictions/full/mixed/resnet/seed_17/bandpass_n20004_cLA_V6_independent_rms_s20.npz,76644,fb10378ec122f875a3dcb560929d1d18c6119039f03b1f7c1b548539374464e8
resnet,mixed,17,bandpass_n20004_cLA_V6_independent_rms_s15,phase2/results/predictions/full/mixed/resnet/seed_17/bandpass_n20004_cLA_V6_independent_rms_s15.npz,76616,8b068eaaa186a7f943da5cdd1e9da8c6a84093fb6e1b108a28d0a656a645d316
resnet,mixed,17,bandpass_n20004_cLA_V6_independent_rms_s10,phase2/results/predictions/full/mixed/resnet/seed_17/bandpass_n20004_cLA_V6_independent_rms_s10.npz,76597,d394d6cb48c7824866a3d33b50c71ae2e784e9cf25c28176f11c0cb3cfab873d
resnet,mixed,17,bandpass_n20004_cLA_V6_independent_rms_s5,phase2/results/predictions/full/mixed/resnet/seed_17/bandpass_n20004_cLA_V6_independent_rms_s5.npz,76516,7546482d7497b06b12c34f31f3b1ebd8b7fb7d9513ff4d369636c70046c505a4
resnet,mixed,17,bandpass_n20004_cLA_V6_independent_rms_s0,phase2/results/predictions/full/mixed/resnet/seed_17/bandpass_n20004_cLA_V6_independent_rms_s0.npz,76138,5838d33c990e322493a94b0fa937973bf118873ace3512558ccc2b30d0274905
resnet,mixed,17,bandpass_n20004_cLA_V6_electrode_s20,phase2/results/predictions/full/mixed/resnet/seed_17/bandpass_n20004_cLA_V6_electrode_s20.npz,76627,edcf2a148cbd0de023ad0753fa458cb1d9286895c98ed41ee29eeab88a5cf9e9
resnet,mixed,17,bandpass_n20004_cLA_V6_electrode_s15,phase2/results/predictions/full/mixed/resnet/seed_17/bandpass_n20004_cLA_V6_electrode_s15.npz,76587,0fac4bd3d9880be435a593362e009609ee10e68c1405d25726b80eefcdfb258c
resnet,mixed,17,bandpass_n20004_cLA_V6_electrode_s10,phase2/results/predictions/full/mixed/resnet/seed_17/bandpass_n20004_cLA_V6_electrode_s10.npz,76552,60f759a0362939f42cbc9ce3d73dfd3a45f6fb656bc60d5d9855284ea8a44bee
resnet,mixed,17,bandpass_n20004_cLA_V6_electrode_s5,phase2/results/predictions/full/mixed/resnet/seed_17/bandpass_n20004_cLA_V6_electrode_s5.npz,76372,03caf54bd63e3f7e42c1d8d733e049dcf1ddf5ffd480edb00993afe35fc828a5
resnet,mixed,17,bandpass_n20004_cLA_V6_electrode_s0,phase2/results/predictions/full/mixed/resnet/seed_17/bandpass_n20004_cLA_V6_electrode_s0.npz,76018,788a4d0b2397cf9c26f1721b0d62132b485fbc03c0ebacfe916491f9a87b1023
resnet,mixed,17,bandpass_n20004_cLA_V6_covariance_s20,phase2/results/predictions/full/mixed/resnet/seed_17/bandpass_n20004_cLA_V6_covariance_s20.npz,76599,254f6daa9ee91811d95dbe6c552c793e232caa58b1ea66ecf2def367a197ded4
resnet,mixed,17,bandpass_n20004_cLA_V6_covariance_s15,phase2/results/predictions/full/mixed/resnet/seed_17/bandpass_n20004_cLA_V6_covariance_s15.npz,76591,4239163783215f9f95eebb0a1521e483746a567b0d00ec8c6b2fc5fbdafdf69d
resnet,mixed,17,bandpass_n20004_cLA_V6_covariance_s10,phase2/results/predictions/full/mixed/resnet/seed_17/bandpass_n20004_cLA_V6_covariance_s10.npz,76594,019db91edb3ad5a5f294f48c5a9cacd585f37efa09149b244947347b036ce916
resnet,mixed,17,bandpass_n20004_cLA_V6_covariance_s5,phase2/results/predictions/full/mixed/resnet/seed_17/bandpass_n20004_cLA_V6_covariance_s5.npz,76380,d5fdc194c28f1cdbbeda93cd3933e520082eac2c37495ce0b27f657113973ad0
resnet,mixed,17,bandpass_n20004_cLA_V6_covariance_s0,phase2/results/predictions/full/mixed/resnet/seed_17/bandpass_n20004_cLA_V6_covariance_s0.npz,76001,8204f2964dddf0f6b5f11f16e519673ade7ec3c4c6f74bcd4ad3fa1fa7a2909c
resnet,mixed,17,bandpass_n20004_cLL_V4_independent_rms_s20,phase2/results/predictions/full/mixed/resnet/seed_17/bandpass_n20004_cLL_V4_independent_rms_s20.npz,76665,c05c7459a59d15e9b318a56afc54fbfa9c36158ff2c2ec5367f91fdcbdaa2873
resnet,mixed,17,bandpass_n20004_cLL_V4_independent_rms_s15,phase2/results/predictions/full/mixed/resnet/seed_17/bandpass_n20004_cLL_V4_independent_rms_s15.npz,76636,37fbfed51601fedb54a422b30aa80eb6027f733fbce59d7b525699d538a829a6
resnet,mixed,17,bandpass_n20004_cLL_V4_independent_rms_s10,phase2/results/predictions/full/mixed/resnet/seed_17/bandpass_n20004_cLL_V4_independent_rms_s10.npz,76553,38267213588f1d88fe001b2c49b957574c830e3e8ed89d039a43aca7ecf78506
resnet,mixed,17,bandpass_n20004_cLL_V4_independent_rms_s5,phase2/results/predictions/full/mixed/resnet/seed_17/bandpass_n20004_cLL_V4_independent_rms_s5.npz,76489,b3a9779830ef6a29a7a4b0d0bcf0802546932d06489f4767a57f1fd76647d529
resnet,mixed,17,bandpass_n20004_cLL_V4_independent_rms_s0,phase2/results/predictions/full/mixed/resnet/seed_17/bandpass_n20004_cLL_V4_independent_rms_s0.npz,76161,b1f01fe5d22c1d74860a541fcc3865bbe153806314e73a155c4f5f92e66e7a35
resnet,mixed,17,bandpass_n20004_cLL_V4_electrode_s20,phase2/results/predictions/full/mixed/resnet/seed_17/bandpass_n20004_cLL_V4_electrode_s20.npz,76636,ec1336aec88060332cd7a731ef74f93cae4c1e4e5ede0828e0d11012d40e01f9
resnet,mixed,17,bandpass_n20004_cLL_V4_electrode_s15,phase2/results/predictions/full/mixed/resnet/seed_17/bandpass_n20004_cLL_V4_electrode_s15.npz,76613,0df933392d871b89e16f577b90da6b144162a4fb41273df34221e76be4a80209
resnet,mixed,17,bandpass_n20004_cLL_V4_electrode_s10,phase2/results/predictions/full/mixed/resnet/seed_17/bandpass_n20004_cLL_V4_electrode_s10.npz,76536,56a9dc22e391eefb90abfae9ec4a468fd743104fcf0b30bd36ec987c14d5ae18
resnet,mixed,17,bandpass_n20004_cLL_V4_electrode_s5,phase2/results/predictions/full/mixed/resnet/seed_17/bandpass_n20004_cLL_V4_electrode_s5.npz,76337,ecb71a002b000d560aae92ea5e453dc08bc8a98d4b7083a9bda522b630f9d2c8
resnet,mixed,17,bandpass_n20004_cLL_V4_electrode_s0,phase2/results/predictions/full/mixed/resnet/seed_17/bandpass_n20004_cLL_V4_electrode_s0.npz,75974,b942270330ba8fc73f453e6297fa0bd83126e7bd1f0e12b546319bdb430bba2d
resnet,mixed,17,bandpass_n20004_cLL_V4_covariance_s20,phase2/results/predictions/full/mixed/resnet/seed_17/bandpass_n20004_cLL_V4_covariance_s20.npz,76632,5cf8879f25a0bf37d9dac96422d9de8564cb35be8b48bb550965e546965c4999
resnet,mixed,17,bandpass_n20004_cLL_V4_covariance_s15,phase2/results/predictions/full/mixed/resnet/seed_17/bandpass_n20004_cLL_V4_covariance_s15.npz,76587,ed79f69691511e0771d8ac958bdab0ec024a64357ef4a8099d259336aa7a2105
resnet,mixed,17,bandpass_n20004_cLL_V4_covariance_s10,phase2/results/predictions/full/mixed/resnet/seed_17/bandpass_n20004_cLL_V4_covariance_s10.npz,76527,ed66e84516fe4d1f701dc4dc83a695c41fe2dc31b3230b3657f8464cd699c1be
resnet,mixed,17,bandpass_n20004_cLL_V4_covariance_s5,phase2/results/predictions/full/mixed/resnet/seed_17/bandpass_n20004_cLL_V4_covariance_s5.npz,76354,029b71b359f89eb53902cad8fef087e447056bddcdeee09e56c3f2e968a339e2
resnet,mixed,17,bandpass_n20004_cLL_V4_covariance_s0,phase2/results/predictions/full/mixed/resnet/seed_17/bandpass_n20004_cLL_V4_covariance_s0.npz,75998,d05144951240b4474201ca517dea9c91478eba84f5aa821b4bbad57d2eee83a0
resnet,mixed,17,bandpass_n20004_cRA_LA_V1_V6_independent_rms_s20,phase2/results/predictions/full/mixed/resnet/seed_17/bandpass_n20004_cRA_LA_V1_V6_independent_rms_s20.npz,76630,5a8ea915205357d8405d8edfc8457322fac2c9a1b097c703f2372b2f26dde6a7
resnet,mixed,17,bandpass_n20004_cRA_LA_V1_V6_independent_rms_s15,phase2/results/predictions/full/mixed/resnet/seed_17/bandpass_n20004_cRA_LA_V1_V6_independent_rms_s15.npz,76647,f3516040e041e811c91a4b600da548c644856012af0d90689fcb1cf184469673
resnet,mixed,17,bandpass_n20004_cRA_LA_V1_V6_independent_rms_s10,phase2/results/predictions/full/mixed/resnet/seed_17/bandpass_n20004_cRA_LA_V1_V6_independent_rms_s10.npz,76577,f422506873867e2f662d81541abe858907d23af1f9894b49366622a0ff836587
resnet,mixed,17,bandpass_n20004_cRA_LA_V1_V6_independent_rms_s5,phase2/results/predictions/full/mixed/resnet/seed_17/bandpass_n20004_cRA_LA_V1_V6_independent_rms_s5.npz,76477,b23b58543f2c126fd06cc900865d08ff6bbba4a5ec281bba26b3f1df47d92908
resnet,mixed,17,bandpass_n20004_cRA_LA_V1_V6_independent_rms_s0,phase2/results/predictions/full/mixed/resnet/seed_17/bandpass_n20004_cRA_LA_V1_V6_independent_rms_s0.npz,76201,40420eb4b7117f184cef6bad477a531566bf5cd5163785573e708a251ca71649
resnet,mixed,17,bandpass_n20004_cRA_LA_V1_V6_electrode_s20,phase2/results/predictions/full/mixed/resnet/seed_17/bandpass_n20004_cRA_LA_V1_V6_electrode_s20.npz,76626,4cebad04462060e3851fa003d8da593b1ba88a892254962df19f0625c3cf151e
resnet,mixed,17,bandpass_n20004_cRA_LA_V1_V6_electrode_s15,phase2/results/predictions/full/mixed/resnet/seed_17/bandpass_n20004_cRA_LA_V1_V6_electrode_s15.npz,76620,4876e77f46e63b62bf8c5f72d13395dafffa5daee086ef48b746f48f9564a687
resnet,mixed,17,bandpass_n20004_cRA_LA_V1_V6_electrode_s10,phase2/results/predictions/full/mixed/resnet/seed_17/bandpass_n20004_cRA_LA_V1_V6_electrode_s10.npz,76547,40c74847b5d70d55561d384a647c3c29db1bda0a37cafa6fcea1069c59cfbd69
resnet,mixed,17,bandpass_n20004_cRA_LA_V1_V6_electrode_s5,phase2/results/predictions/full/mixed/resnet/seed_17/bandpass_n20004_cRA_LA_V1_V6_electrode_s5.npz,76390,a9cf00df5f0376e89fe09d5a7e20db0336e259ee7557872aba1d10baeb1637f0
resnet,mixed,17,bandpass_n20004_cRA_LA_V1_V6_electrode_s0,phase2/results/predictions/full/mixed/resnet/seed_17/bandpass_n20004_cRA_LA_V1_V6_electrode_s0.npz,76026,8140f161e50351a298ca3a8b79ea1b2db499bb6e5e979bc5d582761f28a1fd2d
resnet,mixed,17,bandpass_n20004_cRA_LA_V1_V6_covariance_s20,phase2/results/predictions/full/mixed/resnet/seed_17/bandpass_n20004_cRA_LA_V1_V6_covariance_s20.npz,76630,966f63af5abec8d29154510929881c1151db62cd095c995a2e6d839e12eac5e3
resnet,mixed,17,bandpass_n20004_cRA_LA_V1_V6_covariance_s15,phase2/results/predictions/full/mixed/resnet/seed_17/bandpass_n20004_cRA_LA_V1_V6_covariance_s15.npz,76632,1ab291b9270ef0a50bf161705f4dbfe2523002d4ca2a58d6f7fad9a6e659b639
resnet,mixed,17,bandpass_n20004_cRA_LA_V1_V6_covariance_s10,phase2/results/predictions/full/mixed/resnet/seed_17/bandpass_n20004_cRA_LA_V1_V6_covariance_s10.npz,76554,00a504fbf7659f05722a6de568ee1114b83e685b5c626211db179789e16d89c4
resnet,mixed,17,bandpass_n20004_cRA_LA_V1_V6_covariance_s5,phase2/results/predictions/full/mixed/resnet/seed_17/bandpass_n20004_cRA_LA_V1_V6_covariance_s5.npz,76397,aa4d794b45dc93ab953a53d16dde278ccd074a8d14d351fcc9e323292b0514e9
resnet,mixed,17,bandpass_n20004_cRA_LA_V1_V6_covariance_s0,phase2/results/predictions/full/mixed/resnet/seed_17/bandpass_n20004_cRA_LA_V1_V6_covariance_s0.npz,76038,0fc38e6e49095432f83b3b833fdc87882e40c0ac3ba5e38e3f403a030ffdc591
resnet,mixed,17,bandpass_n20004_cRA_V2_V5_independent_rms_s20,phase2/results/predictions/full/mixed/resnet/seed_17/bandpass_n20004_cRA_V2_V5_independent_rms_s20.npz,76637,ab8ab14d0fe50b44551443fbc5d7540d11df027639f8722dde38fdfe4754ab57
resnet,mixed,17,bandpass_n20004_cRA_V2_V5_independent_rms_s15,phase2/results/predictions/full/mixed/resnet/seed_17/bandpass_n20004_cRA_V2_V5_independent_rms_s15.npz,76632,5b475f8de27c8694850023afe4c590c62ffdfc8f20b4e018925811270387b96d
resnet,mixed,17,bandpass_n20004_cRA_V2_V5_independent_rms_s10,phase2/results/predictions/full/mixed/resnet/seed_17/bandpass_n20004_cRA_V2_V5_independent_rms_s10.npz,76616,0f71e83cdbd17994cadebf19f58252d776d733731e43255a51748bc4656c6cd2
resnet,mixed,17,bandpass_n20004_cRA_V2_V5_independent_rms_s5,phase2/results/predictions/full/mixed/resnet/seed_17/bandpass_n20004_cRA_V2_V5_independent_rms_s5.npz,76465,b6185f8e9a5e724c385a43d2e05434b433e7c0c73152759664409cea5f71c565
resnet,mixed,17,bandpass_n20004_cRA_V2_V5_independent_rms_s0,phase2/results/predictions/full/mixed/resnet/seed_17/bandpass_n20004_cRA_V2_V5_independent_rms_s0.npz,76226,52b8876682b976d3fc3529bd8b3e6823c701ed6ffec3d4fd006a88bef323d5c5
resnet,mixed,17,bandpass_n20004_cRA_V2_V5_electrode_s20,phase2/results/predictions/full/mixed/resnet/seed_17/bandpass_n20004_cRA_V2_V5_electrode_s20.npz,76629,d0820d37be1cc7f2a11711956b4973ec78b3b0ba08606a28ca6c04dd0d0dae61
resnet,mixed,17,bandpass_n20004_cRA_V2_V5_electrode_s15,phase2/results/predictions/full/mixed/resnet/seed_17/bandpass_n20004_cRA_V2_V5_electrode_s15.npz,76613,974928995d384cb90d19098d631d46e3880cffaca5be840816cf3d7cd4afe526
resnet,mixed,17,bandpass_n20004_cRA_V2_V5_electrode_s10,phase2/results/predictions/full/mixed/resnet/seed_17/bandpass_n20004_cRA_V2_V5_electrode_s10.npz,76565,3981729a953d4998185d599ab32c54c67140f6b629176eba9948736b479009f8
resnet,mixed,17,bandpass_n20004_cRA_V2_V5_electrode_s5,phase2/results/predictions/full/mixed/resnet/seed_17/bandpass_n20004_cRA_V2_V5_electrode_s5.npz,76395,3db904d618c8e67c16b21591d2e0ad8f56aa5231908f8ea1d90626ca0fc08f96
resnet,mixed,17,bandpass_n20004_cRA_V2_V5_electrode_s0,phase2/results/predictions/full/mixed/resnet/seed_17/bandpass_n20004_cRA_V2_V5_electrode_s0.npz,76146,fc0e87021c2d2f8c9140633c12a99d1f2d018edb07f333659a494c131bc12059
resnet,mixed,17,bandpass_n20004_cRA_V2_V5_covariance_s20,phase2/results/predictions/full/mixed/resnet/seed_17/bandpass_n20004_cRA_V2_V5_covariance_s20.npz,76639,7dc029cee4bf6785c3b7e8c02e5620e4a155c0909d881b3ef8981bb2b3cb72fd
resnet,mixed,17,bandpass_n20004_cRA_V2_V5_covariance_s15,phase2/results/predictions/full/mixed/resnet/seed_17/bandpass_n20004_cRA_V2_V5_covariance_s15.npz,76620,0fa24c68cc2e83123bc4c267979291f3664609d9932c9f60347a2d3c6ad80cd0
resnet,mixed,17,bandpass_n20004_cRA_V2_V5_covariance_s10,phase2/results/predictions/full/mixed/resnet/seed_17/bandpass_n20004_cRA_V2_V5_covariance_s10.npz,76523,2b086a2161d916d4cf1ad9291044d76793086d0338c84ca46bc84bf7bf26de8c
resnet,mixed,17,bandpass_n20004_cRA_V2_V5_covariance_s5,phase2/results/predictions/full/mixed/resnet/seed_17/bandpass_n20004_cRA_V2_V5_covariance_s5.npz,76431,90660b3827849caaf0deaf30181540d4185c73098f45d588cb95935b2fbe62c2
resnet,mixed,17,bandpass_n20004_cRA_V2_V5_covariance_s0,phase2/results/predictions/full/mixed/resnet/seed_17/bandpass_n20004_cRA_V2_V5_covariance_s0.npz,76133,17bd540835c461823b525692c8f811a07c2ddf8f28c02c9ebf662acd66b76b33
resnet,mixed,17,bandpass_n20004_cLA_V3_V6_independent_rms_s20,phase2/results/predictions/full/mixed/resnet/seed_17/bandpass_n20004_cLA_V3_V6_independent_rms_s20.npz,76637,b12563b45afd903ad28610d0e51dac53fcf9de4f3eaa64c3f3500cb687cf3a63
resnet,mixed,17,bandpass_n20004_cLA_V3_V6_independent_rms_s15,phase2/results/predictions/full/mixed/resnet/seed_17/bandpass_n20004_cLA_V3_V6_independent_rms_s15.npz,76666,170707f62265ffce2e2f1e0ad7b5bcd8c51fa3d1699a9c4b45e3ea4a5adfed0b
resnet,mixed,17,bandpass_n20004_cLA_V3_V6_independent_rms_s10,phase2/results/predictions/full/mixed/resnet/seed_17/bandpass_n20004_cLA_V3_V6_independent_rms_s10.npz,76610,1c47748e09b09c166e22dce09edc02f401e913399b5d7475be093d8f2c91c936
resnet,mixed,17,bandpass_n20004_cLA_V3_V6_independent_rms_s5,phase2/results/predictions/full/mixed/resnet/seed_17/bandpass_n20004_cLA_V3_V6_independent_rms_s5.npz,76519,482eba3aa5fdf8033cb90e24f5176e9e76764854f41cd945dc6fe461c70af8ae
resnet,mixed,17,bandpass_n20004_cLA_V3_V6_independent_rms_s0,phase2/results/predictions/full/mixed/resnet/seed_17/bandpass_n20004_cLA_V3_V6_independent_rms_s0.npz,76174,58c26954a66cf0ec69ed3ccee8208895b935ff98c20ed8da1fbb86c3879eaaef
resnet,mixed,17,bandpass_n20004_cLA_V3_V6_electrode_s20,phase2/results/predictions/full/mixed/resnet/seed_17/bandpass_n20004_cLA_V3_V6_electrode_s20.npz,76649,2daa7253112fd64f9b7c8847ef22cd4a9da408e3e32a88dc407e5e930d86a740
resnet,mixed,17,bandpass_n20004_cLA_V3_V6_electrode_s15,phase2/results/predictions/full/mixed/resnet/seed_17/bandpass_n20004_cLA_V3_V6_electrode_s15.npz,76622,598ea39f7dea87d7651c50a7f48fd27ffaaa1260f607bbac15306d2903435b73
resnet,mixed,17,bandpass_n20004_cLA_V3_V6_electrode_s10,phase2/results/predictions/full/mixed/resnet/seed_17/bandpass_n20004_cLA_V3_V6_electrode_s10.npz,76561,7829b4e38ed51da529288a42a3ebbafe6577a33a24f79cb43b25f66f1f639d89
resnet,mixed,17,bandpass_n20004_cLA_V3_V6_electrode_s5,phase2/results/predictions/full/mixed/resnet/seed_17/bandpass_n20004_cLA_V3_V6_electrode_s5.npz,76399,b4c2dfba1c50948b9bd6007ff9da89b620ae4c090bac0887d14766a1f05bc5fb
resnet,mixed,17,bandpass_n20004_cLA_V3_V6_electrode_s0,phase2/results/predictions/full/mixed/resnet/seed_17/bandpass_n20004_cLA_V3_V6_electrode_s0.npz,76030,2b0810ce65a2275a2cbc2ab1ca65bcb931e3eb38c2fb24c8f9f798247950d14e
resnet,mixed,17,bandpass_n20004_cLA_V3_V6_covariance_s20,phase2/results/predictions/full/mixed/resnet/seed_17/bandpass_n20004_cLA_V3_V6_covariance_s20.npz,76628,a4079cd6f56528ccf13c9d9c6635209e132c7e9739076f57af173fbdd8dd59e2
resnet,mixed,17,bandpass_n20004_cLA_V3_V6_covariance_s15,phase2/results/predictions/full/mixed/resnet/seed_17/bandpass_n20004_cLA_V3_V6_covariance_s15.npz,76585,380b4090f77108df85661978e00f591ee44b7048510288173957060db2198edc
resnet,mixed,17,bandpass_n20004_cLA_V3_V6_covariance_s10,phase2/results/predictions/full/mixed/resnet/seed_17/bandpass_n20004_cLA_V3_V6_covariance_s10.npz,76546,72d363fee2a05e816108e3a4ad303265195ee481e937c1719d431eb3d85ea529
resnet,mixed,17,bandpass_n20004_cLA_V3_V6_covariance_s5,phase2/results/predictions/full/mixed/resnet/seed_17/bandpass_n20004_cLA_V3_V6_covariance_s5.npz,76426,a0171789020d0de699bc0a2f29ac3baf21d69c5819ca8e555dbac73ac7f9b616
resnet,mixed,17,bandpass_n20004_cLA_V3_V6_covariance_s0,phase2/results/predictions/full/mixed/resnet/seed_17/bandpass_n20004_cLA_V3_V6_covariance_s0.npz,76046,ce25d8d86c81e8237799e888a284a9ef5aacf897619ecbe85980e0eedcc39081
resnet,mixed,17,bandpass_n20004_cLL_V1_V4_independent_rms_s20,phase2/results/predictions/full/mixed/resnet/seed_17/bandpass_n20004_cLL_V1_V4_independent_rms_s20.npz,76650,b350477e807315a2b4ee33cfdb318c87a379df881955d18bc7966ceb3bed642f
resnet,mixed,17,bandpass_n20004_cLL_V1_V4_independent_rms_s15,phase2/results/predictions/full/mixed/resnet/seed_17/bandpass_n20004_cLL_V1_V4_independent_rms_s15.npz,76598,4e1b4cc2fbefbc81a739e2a4af72769ed13e179bce2d9fc309b660aa7d7c631a
resnet,mixed,17,bandpass_n20004_cLL_V1_V4_independent_rms_s10,phase2/results/predictions/full/mixed/resnet/seed_17/bandpass_n20004_cLL_V1_V4_independent_rms_s10.npz,76577,18686475c69849d113aca6530a11aaabbe9fee33422cdf2ec13fd20a8047264f
resnet,mixed,17,bandpass_n20004_cLL_V1_V4_independent_rms_s5,phase2/results/predictions/full/mixed/resnet/seed_17/bandpass_n20004_cLL_V1_V4_independent_rms_s5.npz,76464,1f7aec7807519f46309356123a2d6e824d258b01503e3c86af52e8227bc2fe4e
resnet,mixed,17,bandpass_n20004_cLL_V1_V4_independent_rms_s0,phase2/results/predictions/full/mixed/resnet/seed_17/bandpass_n20004_cLL_V1_V4_independent_rms_s0.npz,76170,2618330c6d8fb40b4f50405f743b4118c2bbabbcf744006f8c66f88936e9916c
resnet,mixed,17,bandpass_n20004_cLL_V1_V4_electrode_s20,phase2/results/predictions/full/mixed/resnet/seed_17/bandpass_n20004_cLL_V1_V4_electrode_s20.npz,76636,8a9add7051104a2572b1bdc3ba4983609cbe5754c65befb4898c7ef743160450
resnet,mixed,17,bandpass_n20004_cLL_V1_V4_electrode_s15,phase2/results/predictions/full/mixed/resnet/seed_17/bandpass_n20004_cLL_V1_V4_electrode_s15.npz,76599,02772c8af516a70b89ed0f69f393a57e5928913dcf5f1be7b0d2ecba2db3f9e3
resnet,mixed,17,bandpass_n20004_cLL_V1_V4_electrode_s10,phase2/results/predictions/full/mixed/resnet/seed_17/bandpass_n20004_cLL_V1_V4_electrode_s10.npz,76547,fb3a1d339cdd10cae3ffbd310f4206ce514374ca8c355f3fec1c65a5f3830713
resnet,mixed,17,bandpass_n20004_cLL_V1_V4_electrode_s5,phase2/results/predictions/full/mixed/resnet/seed_17/bandpass_n20004_cLL_V1_V4_electrode_s5.npz,76359,e11a36de16be10bae7072c96474cb7f6baeb0c7ac12b9b812f21b5583ddf4d5e
resnet,mixed,17,bandpass_n20004_cLL_V1_V4_electrode_s0,phase2/results/predictions/full/mixed/resnet/seed_17/bandpass_n20004_cLL_V1_V4_electrode_s0.npz,76026,6b4ebe10ab76479eaf5788b0772321c9f8cb06871b30f4c209c4a530e9ca4ade
resnet,mixed,17,bandpass_n20004_cLL_V1_V4_covariance_s20,phase2/results/predictions/full/mixed/resnet/seed_17/bandpass_n20004_cLL_V1_V4_covariance_s20.npz,76610,947594c8c4452208a4472a779cd354666a5cc5f2a1a53d7b041aab87f8c484f3
resnet,mixed,17,bandpass_n20004_cLL_V1_V4_covariance_s15,phase2/results/predictions/full/mixed/resnet/seed_17/bandpass_n20004_cLL_V1_V4_covariance_s15.npz,76601,6387bd7435a8bf3a944cf3a8f6efff23ed57ef3c0e1ef3cb018ad7dd5f8bf40f
resnet,mixed,17,bandpass_n20004_cLL_V1_V4_covariance_s10,phase2/results/predictions/full/mixed/resnet/seed_17/bandpass_n20004_cLL_V1_V4_covariance_s10.npz,76546,28c00efe6a9e5019cf11a60666551646d60501b57688b8c430e95b109d728e4e
resnet,mixed,17,bandpass_n20004_cLL_V1_V4_covariance_s5,phase2/results/predictions/full/mixed/resnet/seed_17/bandpass_n20004_cLL_V1_V4_covariance_s5.npz,76344,097c61c8adda79e71ffc958455db52de44d0ca77c0619a50b1529625dd4ebc70
resnet,mixed,17,bandpass_n20004_cLL_V1_V4_covariance_s0,phase2/results/predictions/full/mixed/resnet/seed_17/bandpass_n20004_cLL_V1_V4_covariance_s0.npz,76001,82cea841b08dbe47967daf3dfd4c1db7b2fd7cc134ec07f9152a2e3775c3672f
resnet,mixed,17,bandpass_n20004_call_independent_rms_s20,phase2/results/predictions/full/mixed/resnet/seed_17/bandpass_n20004_call_independent_rms_s20.npz,76611,1838c589afdca49ead9699c1d71f63065853d6a4cace534277036edf320f4517
resnet,mixed,17,bandpass_n20004_call_independent_rms_s15,phase2/results/predictions/full/mixed/resnet/seed_17/bandpass_n20004_call_independent_rms_s15.npz,76605,26d22006c890d2a946182f844b80f66ee1a2c7fdea002a464ccbdab1b3ec21a2
resnet,mixed,17,bandpass_n20004_call_independent_rms_s10,phase2/results/predictions/full/mixed/resnet/seed_17/bandpass_n20004_call_independent_rms_s10.npz,76619,bf22c2fddb0ef6a63624ad59e617bd85c6461a9ae9a924bb34efbaeea56756a8
resnet,mixed,17,bandpass_n20004_call_independent_rms_s5,phase2/results/predictions/full/mixed/resnet/seed_17/bandpass_n20004_call_independent_rms_s5.npz,76452,c3809ee7fe762ecce2d74227e9589fc756a70567bec82085473946163356a04e
resnet,mixed,17,bandpass_n20004_call_independent_rms_s0,phase2/results/predictions/full/mixed/resnet/seed_17/bandpass_n20004_call_independent_rms_s0.npz,76150,0310692775f157cbc3af73fd704fd81f3a43f9fd3af719e448779ab06624d50e
resnet,mixed,17,bandpass_n20004_call_electrode_s20,phase2/results/predictions/full/mixed/resnet/seed_17/bandpass_n20004_call_electrode_s20.npz,76584,202dd6a92b4313b0220829bfd48b318df171f1449be9e1e07287e94368972858
resnet,mixed,17,bandpass_n20004_call_electrode_s15,phase2/results/predictions/full/mixed/resnet/seed_17/bandpass_n20004_call_electrode_s15.npz,76579,9e875097f532f3430cbd5989eeaea953367931634b93d7d4f5755d9ca590b837
resnet,mixed,17,bandpass_n20004_call_electrode_s10,phase2/results/predictions/full/mixed/resnet/seed_17/bandpass_n20004_call_electrode_s10.npz,76507,6bf300d6696fc2b9a01f6bc4ed4d474e8a73b6e4a7febb10bd6c5acca37a39c2
resnet,mixed,17,bandpass_n20004_call_electrode_s5,phase2/results/predictions/full/mixed/resnet/seed_17/bandpass_n20004_call_electrode_s5.npz,76341,8a51b178cf1bf8f703fb353893bce82c473bd142262db69f358593e5db0bac59
resnet,mixed,17,bandpass_n20004_call_electrode_s0,phase2/results/predictions/full/mixed/resnet/seed_17/bandpass_n20004_call_electrode_s0.npz,76043,a635d85647c327fb51277404172e6574f43862c6cf7aa0a82a1812b6bfcab5e1
resnet,mixed,17,bandpass_n20004_call_covariance_s20,phase2/results/predictions/full/mixed/resnet/seed_17/bandpass_n20004_call_covariance_s20.npz,76609,5434ab20ce4492b609575257489e26e419f6551859dd43ff796cc0a73c170640
resnet,mixed,17,bandpass_n20004_call_covariance_s15,phase2/results/predictions/full/mixed/resnet/seed_17/bandpass_n20004_call_covariance_s15.npz,76589,ee1868309540b140ac78dc7e488266f94a366cb9eca793609375633bdfb1dd48
resnet,mixed,17,bandpass_n20004_call_covariance_s10,phase2/results/predictions/full/mixed/resnet/seed_17/bandpass_n20004_call_covariance_s10.npz,76517,9ac38fb0c603f26dcd72335b2125dc7455ad3dab98f4541e7061584a9474be91
resnet,mixed,17,bandpass_n20004_call_covariance_s5,phase2/results/predictions/full/mixed/resnet/seed_17/bandpass_n20004_call_covariance_s5.npz,76369,3606cc976d86f7fdb494370deb73f957238736ed5804339a87a77892fabcc744
resnet,mixed,17,bandpass_n20004_call_covariance_s0,phase2/results/predictions/full/mixed/resnet/seed_17/bandpass_n20004_call_covariance_s0.npz,76033,337496e0eec50cf7bad1128d5485674a04b5d04a78357966cc7f72db2fc947bd
resnet,mixed,17,bandpass_n20005_cRA_LA_LL_independent_rms_s20,phase2/results/predictions/full/mixed/resnet/seed_17/bandpass_n20005_cRA_LA_LL_independent_rms_s20.npz,76635,147bfaade97b0358da37d44eae70e562ee610e381fc730df137cde2e2012d9e6
resnet,mixed,17,bandpass_n20005_cRA_LA_LL_independent_rms_s15,phase2/results/predictions/full/mixed/resnet/seed_17/bandpass_n20005_cRA_LA_LL_independent_rms_s15.npz,76626,ccfe380277fdb68fbcb1d0a3953f9fdb90ee4c7b120505679e0ef453e20490a2
resnet,mixed,17,bandpass_n20005_cRA_LA_LL_independent_rms_s10,phase2/results/predictions/full/mixed/resnet/seed_17/bandpass_n20005_cRA_LA_LL_independent_rms_s10.npz,76613,3b018f4362adda9079d4984980e3da6b449825839057b6b8e267d702b0e2dcc6
resnet,mixed,17,bandpass_n20005_cRA_LA_LL_independent_rms_s5,phase2/results/predictions/full/mixed/resnet/seed_17/bandpass_n20005_cRA_LA_LL_independent_rms_s5.npz,76487,ca31a97b871249a5fe3ffc5f8134d89032b6aae8d48b3a1d7b44384cd1bc9a3c
resnet,mixed,17,bandpass_n20005_cRA_LA_LL_independent_rms_s0,phase2/results/predictions/full/mixed/resnet/seed_17/bandpass_n20005_cRA_LA_LL_independent_rms_s0.npz,76165,62c6ee03af74ac1d77c97765cf40ddd274a95809d28774dadcf156b1ce47a3fe
resnet,mixed,17,bandpass_n20005_cRA_LA_LL_electrode_s20,phase2/results/predictions/full/mixed/resnet/seed_17/bandpass_n20005_cRA_LA_LL_electrode_s20.npz,76621,3638817df59b37cff7f5bd9e5ea14d7f692f22b4effc098d102c0b3a63ce9737
resnet,mixed,17,bandpass_n20005_cRA_LA_LL_electrode_s15,phase2/results/predictions/full/mixed/resnet/seed_17/bandpass_n20005_cRA_LA_LL_electrode_s15.npz,76603,ec4f4f70b63f594d9df8c2c4bdc7cfc03f173e460f9ee20e275779278fa043ae
resnet,mixed,17,bandpass_n20005_cRA_LA_LL_electrode_s10,phase2/results/predictions/full/mixed/resnet/seed_17/bandpass_n20005_cRA_LA_LL_electrode_s10.npz,76539,5af1405b7fcc11b78bfd5d1002ff8f59cf7894baf7c70f70ddc6b15c9007d0fc
resnet,mixed,17,bandpass_n20005_cRA_LA_LL_electrode_s5,phase2/results/predictions/full/mixed/resnet/seed_17/bandpass_n20005_cRA_LA_LL_electrode_s5.npz,76351,de3bd864292b742a918b57768ba683e5252fea8b7ffbe971486a5bb70346261c
resnet,mixed,17,bandpass_n20005_cRA_LA_LL_electrode_s0,phase2/results/predictions/full/mixed/resnet/seed_17/bandpass_n20005_cRA_LA_LL_electrode_s0.npz,75990,530528dadac7afa09fcfc66ca56431203c7516468bee659e150882eff16af348
resnet,mixed,17,bandpass_n20005_cRA_LA_LL_covariance_s20,phase2/results/predictions/full/mixed/resnet/seed_17/bandpass_n20005_cRA_LA_LL_covariance_s20.npz,76617,f87e4cd5bfa82412d7351c1af21b48bc25e51ff606acf4fc748b538114f37c97
resnet,mixed,17,bandpass_n20005_cRA_LA_LL_covariance_s15,phase2/results/predictions/full/mixed/resnet/seed_17/bandpass_n20005_cRA_LA_LL_covariance_s15.npz,76585,87ccf0f0fe539ed3580c6c59d3c0a9aa468c0411d2826ebaff7d656ac171ba09
resnet,mixed,17,bandpass_n20005_cRA_LA_LL_covariance_s10,phase2/results/predictions/full/mixed/resnet/seed_17/bandpass_n20005_cRA_LA_LL_covariance_s10.npz,76523,61bc1a0c05f457cf39b5f617726ac302326dc031f3b277ea4b6c58ff5a3d8263
resnet,mixed,17,bandpass_n20005_cRA_LA_LL_covariance_s5,phase2/results/predictions/full/mixed/resnet/seed_17/bandpass_n20005_cRA_LA_LL_covariance_s5.npz,76340,704faacfc2f0d64ef448df8a1b7934aa190f7d6177bd534b08f6fb45502b343d
resnet,mixed,17,bandpass_n20005_cRA_LA_LL_covariance_s0,phase2/results/predictions/full/mixed/resnet/seed_17/bandpass_n20005_cRA_LA_LL_covariance_s0.npz,75955,818fff95e9abe4ed0fb3e0309f051dbc15db5678fcd09cce1b246e4213f34d2e
resnet,mixed,17,bandpass_n20005_cV1_independent_rms_s20,phase2/results/predictions/full/mixed/resnet/seed_17/bandpass_n20005_cV1_independent_rms_s20.npz,76638,49a6a58294eeae739ed7169dbc9525fe6602510d4e5d5a4a971d5f4eaf6b84ff
resnet,mixed,17,bandpass_n20005_cV1_independent_rms_s15,phase2/results/predictions/full/mixed/resnet/seed_17/bandpass_n20005_cV1_independent_rms_s15.npz,76621,434ab07f413db4ddb0fdf5a305a948694dfe92e7cbbc2aad02a6a2ddc5f43c3e
resnet,mixed,17,bandpass_n20005_cV1_independent_rms_s10,phase2/results/predictions/full/mixed/resnet/seed_17/bandpass_n20005_cV1_independent_rms_s10.npz,76573,64409ad99c24d19efa3541a0675a0b21c785a84e1893a5bcb0456b62df2d5d92
resnet,mixed,17,bandpass_n20005_cV1_independent_rms_s5,phase2/results/predictions/full/mixed/resnet/seed_17/bandpass_n20005_cV1_independent_rms_s5.npz,76410,dcc71b959ff7d99293e5a7dbb59c5234b8f573f7513e45ca27c1af9117341d3a
resnet,mixed,17,bandpass_n20005_cV1_independent_rms_s0,phase2/results/predictions/full/mixed/resnet/seed_17/bandpass_n20005_cV1_independent_rms_s0.npz,76089,eb0452ee1a3a991d1e072c044269e8d71c523870d313bbddcc25c888358daac2
resnet,mixed,17,bandpass_n20005_cV1_electrode_s20,phase2/results/predictions/full/mixed/resnet/seed_17/bandpass_n20005_cV1_electrode_s20.npz,76619,a281b58da9f6689eb2d321bcedb5c50ad23ef999a19648618659f38f3eda0b57
resnet,mixed,17,bandpass_n20005_cV1_electrode_s15,phase2/results/predictions/full/mixed/resnet/seed_17/bandpass_n20005_cV1_electrode_s15.npz,76597,da2a0985fcb00de9929a3afbbedc7df79f0623631206bf8f4e76b29f9240ed3d
resnet,mixed,17,bandpass_n20005_cV1_electrode_s10,phase2/results/predictions/full/mixed/resnet/seed_17/bandpass_n20005_cV1_electrode_s10.npz,76584,543d7b8c8a0a85f56c642949cf6652bf3c289e7e814677b5371e1bd6971f4402
resnet,mixed,17,bandpass_n20005_cV1_electrode_s5,phase2/results/predictions/full/mixed/resnet/seed_17/bandpass_n20005_cV1_electrode_s5.npz,76397,490ee069280265b430c41cc7e46b0d4c13bdf2c3fb19843e1dcaded7ae332f46
resnet,mixed,17,bandpass_n20005_cV1_electrode_s0,phase2/results/predictions/full/mixed/resnet/seed_17/bandpass_n20005_cV1_electrode_s0.npz,76084,85b92f69af77e5bdc8dded5a60e12195e66e090068b5acd39e5e9c66cbf2cd30
resnet,mixed,17,bandpass_n20005_cV1_covariance_s20,phase2/results/predictions/full/mixed/resnet/seed_17/bandpass_n20005_cV1_covariance_s20.npz,76589,022ef346144a5b590a34e8cd523be2fd23791f3cb4659aceef21594f13199360
resnet,mixed,17,bandpass_n20005_cV1_covariance_s15,phase2/results/predictions/full/mixed/resnet/seed_17/bandpass_n20005_cV1_covariance_s15.npz,76606,cba0907c61583e7be68e30659f62f3bf254a9474a829bc3c4a4bc91eb56a78cf
resnet,mixed,17,bandpass_n20005_cV1_covariance_s10,phase2/results/predictions/full/mixed/resnet/seed_17/bandpass_n20005_cV1_covariance_s10.npz,76584,499456a4d79bb210f4b33f7ee3351171b1edab785055749b525aedc6dbd1b139
resnet,mixed,17,bandpass_n20005_cV1_covariance_s5,phase2/results/predictions/full/mixed/resnet/seed_17/bandpass_n20005_cV1_covariance_s5.npz,76390,77075b23ea1f821096da0e65d06d2e6d83a2b089c8300d66e463fa2bd7058904
resnet,mixed,17,bandpass_n20005_cV1_covariance_s0,phase2/results/predictions/full/mixed/resnet/seed_17/bandpass_n20005_cV1_covariance_s0.npz,76077,14de3b54a26f7cc7541a08b1d69181b6d03348fd53f3b5713d238ce3fc28a693
resnet,mixed,17,bandpass_n20005_cV2_independent_rms_s20,phase2/results/predictions/full/mixed/resnet/seed_17/bandpass_n20005_cV2_independent_rms_s20.npz,76612,5708125b5297503bdf7e1afc1fdf0bc00dbdd33bcfffc662a9b236761de6feb1
resnet,mixed,17,bandpass_n20005_cV2_independent_rms_s15,phase2/results/predictions/full/mixed/resnet/seed_17/bandpass_n20005_cV2_independent_rms_s15.npz,76620,25baae3c7b82eb7265063602ce1c2771c7483cabc3b49950178b59e373249a36
resnet,mixed,17,bandpass_n20005_cV2_independent_rms_s10,phase2/results/predictions/full/mixed/resnet/seed_17/bandpass_n20005_cV2_independent_rms_s10.npz,76566,cdee3eba4caae114a441a5a86280f511a3508a0212abe48118cfd35f5779e5ce
resnet,mixed,17,bandpass_n20005_cV2_independent_rms_s5,phase2/results/predictions/full/mixed/resnet/seed_17/bandpass_n20005_cV2_independent_rms_s5.npz,76449,3bccb1f022fcc0365a59b8220eda9346345f26d54b34775cfff1d85b23eed1a6
resnet,mixed,17,bandpass_n20005_cV2_independent_rms_s0,phase2/results/predictions/full/mixed/resnet/seed_17/bandpass_n20005_cV2_independent_rms_s0.npz,76127,4ee1b9dbcd66948cbd5149a3b83b7ea1da77dcdadbb653a8b3f5c9f73b1b5916
resnet,mixed,17,bandpass_n20005_cV2_electrode_s20,phase2/results/predictions/full/mixed/resnet/seed_17/bandpass_n20005_cV2_electrode_s20.npz,76591,47c4cfc095d7da5a5d70659e89d96bcf07c0761688179bc432d6f6a39ee36c0d
resnet,mixed,17,bandpass_n20005_cV2_electrode_s15,phase2/results/predictions/full/mixed/resnet/seed_17/bandpass_n20005_cV2_electrode_s15.npz,76637,021a8353b680c1f8467dbd9445a42507bd3e0428f6df936279b0dbcc19eb7558
resnet,mixed,17,bandpass_n20005_cV2_electrode_s10,phase2/results/predictions/full/mixed/resnet/seed_17/bandpass_n20005_cV2_electrode_s10.npz,76572,05645eba03d24c861b52bd99c6674385e3a855c88e5d82a71a271f700151a414
resnet,mixed,17,bandpass_n20005_cV2_electrode_s5,phase2/results/predictions/full/mixed/resnet/seed_17/bandpass_n20005_cV2_electrode_s5.npz,76439,d281c1eeb4b7184f68f4a75ed2159b58f10ca4d263dfe96d73a49d62302d39f7
resnet,mixed,17,bandpass_n20005_cV2_electrode_s0,phase2/results/predictions/full/mixed/resnet/seed_17/bandpass_n20005_cV2_electrode_s0.npz,76103,0a292ff39008c7a78f5836ecc92066c389e9f25a79b903b74d01c72bb50e3d68
resnet,mixed,17,bandpass_n20005_cV2_covariance_s20,phase2/results/predictions/full/mixed/resnet/seed_17/bandpass_n20005_cV2_covariance_s20.npz,76605,2f2f79d4ba78c2280f8a12909f79f4e641c5fb380dae0936c82f1f40645fda4a
resnet,mixed,17,bandpass_n20005_cV2_covariance_s15,phase2/results/predictions/full/mixed/resnet/seed_17/bandpass_n20005_cV2_covariance_s15.npz,76611,60f0dafe7d8e642c2972388af0b7442760048c0a03932ee97fdc16bc3911a0e6
resnet,mixed,17,bandpass_n20005_cV2_covariance_s10,phase2/results/predictions/full/mixed/resnet/seed_17/bandpass_n20005_cV2_covariance_s10.npz,76610,bae23c602e2ec264526a8c409acf99616f0293fcc90bdea0f6cb1a80faa5ad64
resnet,mixed,17,bandpass_n20005_cV2_covariance_s5,phase2/results/predictions/full/mixed/resnet/seed_17/bandpass_n20005_cV2_covariance_s5.npz,76417,750d14d7593f6f1be3ad11459f4d301827969dd0612bfc6252eb0020d8b4f403
resnet,mixed,17,bandpass_n20005_cV2_covariance_s0,phase2/results/predictions/full/mixed/resnet/seed_17/bandpass_n20005_cV2_covariance_s0.npz,76133,ed2170d8f3f7a135636aa849eecbcf98ab1733410639336110d539775082b625
resnet,mixed,17,bandpass_n20005_cV3_independent_rms_s20,phase2/results/predictions/full/mixed/resnet/seed_17/bandpass_n20005_cV3_independent_rms_s20.npz,76637,db90b6663fa6830bbf3a166fb4e208245a691be60d482b93e144d455ecc1ebb2
resnet,mixed,17,bandpass_n20005_cV3_independent_rms_s15,phase2/results/predictions/full/mixed/resnet/seed_17/bandpass_n20005_cV3_independent_rms_s15.npz,76634,7f0a406e97db718399b27d318de68e22e1d1ab5f34b6dee5e81c093728c4f772
resnet,mixed,17,bandpass_n20005_cV3_independent_rms_s10,phase2/results/predictions/full/mixed/resnet/seed_17/bandpass_n20005_cV3_independent_rms_s10.npz,76642,7602ca6e859745a81a2d983642a76b7408034cdb89d287d9faea7fb9b8bb2534
resnet,mixed,17,bandpass_n20005_cV3_independent_rms_s5,phase2/results/predictions/full/mixed/resnet/seed_17/bandpass_n20005_cV3_independent_rms_s5.npz,76487,d396e57bf7cbb51e49468cc7e5daed56dcb8c2b02b2c61678267c2e46034320d
resnet,mixed,17,bandpass_n20005_cV3_independent_rms_s0,phase2/results/predictions/full/mixed/resnet/seed_17/bandpass_n20005_cV3_independent_rms_s0.npz,76165,94724fb08721f899b6faacb74a92e9789785340f07a949c06796c51956c4eedf
resnet,mixed,17,bandpass_n20005_cV3_electrode_s20,phase2/results/predictions/full/mixed/resnet/seed_17/bandpass_n20005_cV3_electrode_s20.npz,76617,5ada05bd7c59e14b4e9002b772b7609f3f144f4ec7a17e11b568a32ab64d4133
resnet,mixed,17,bandpass_n20005_cV3_electrode_s15,phase2/results/predictions/full/mixed/resnet/seed_17/bandpass_n20005_cV3_electrode_s15.npz,76624,5601b0a9db38bb33afe3ce045240f8400ef60796407733291761b9e3205c427a
resnet,mixed,17,bandpass_n20005_cV3_electrode_s10,phase2/results/predictions/full/mixed/resnet/seed_17/bandpass_n20005_cV3_electrode_s10.npz,76599,569409e162fd083602f0b70629a1e1ea4200877f918fc0bacaea1eae9e64e8d4
resnet,mixed,17,bandpass_n20005_cV3_electrode_s5,phase2/results/predictions/full/mixed/resnet/seed_17/bandpass_n20005_cV3_electrode_s5.npz,76482,b9f23b5cfe22ca93ab8c60bfbb75c200b3dfe3db7635f7281248376ab6bb9f88
resnet,mixed,17,bandpass_n20005_cV3_electrode_s0,phase2/results/predictions/full/mixed/resnet/seed_17/bandpass_n20005_cV3_electrode_s0.npz,76127,08cf3dcd61fa42cb14c8d22a0614ffc3d7caf99d43ae085eaec9feeeaf923451
resnet,mixed,17,bandpass_n20005_cV3_covariance_s20,phase2/results/predictions/full/mixed/resnet/seed_17/bandpass_n20005_cV3_covariance_s20.npz,76617,8822e28bb794579a2796b2450e26e845c7cb1599928f8d60c3e7c22ef6a82251
resnet,mixed,17,bandpass_n20005_cV3_covariance_s15,phase2/results/predictions/full/mixed/resnet/seed_17/bandpass_n20005_cV3_covariance_s15.npz,76604,d54eb39925efac7f018c1bbc0801f1739c19ed82f04f6080cf8c425b40ac4aac
resnet,mixed,17,bandpass_n20005_cV3_covariance_s10,phase2/results/predictions/full/mixed/resnet/seed_17/bandpass_n20005_cV3_covariance_s10.npz,76567,c7861c8972f76264033f4f7c4fe7c82e18a24aeeb7917be1bf46ef278e130de7
resnet,mixed,17,bandpass_n20005_cV3_covariance_s5,phase2/results/predictions/full/mixed/resnet/seed_17/bandpass_n20005_cV3_covariance_s5.npz,76503,a29abe01e3dc8503a9b94388e7a377d003661b84f2ff07ea6508714574543108
resnet,mixed,17,bandpass_n20005_cV3_covariance_s0,phase2/results/predictions/full/mixed/resnet/seed_17/bandpass_n20005_cV3_covariance_s0.npz,76137,5e47d5d33e6d6dbae2bb53f052d593109faadaf021807d839b6f1c459c0f18be
resnet,mixed,17,bandpass_n20005_cV4_independent_rms_s20,phase2/results/predictions/full/mixed/resnet/seed_17/bandpass_n20005_cV4_independent_rms_s20.npz,76637,75f4700ee0db531c35188205a531c1cf4657e650b201ded7149a03de8850b5e2
resnet,mixed,17,bandpass_n20005_cV4_independent_rms_s15,phase2/results/predictions/full/mixed/resnet/seed_17/bandpass_n20005_cV4_independent_rms_s15.npz,76656,4101626bee97109e6feaeb1018862b3c257f8edec8d7b1eb5a864214a5bc7f26
resnet,mixed,17,bandpass_n20005_cV4_independent_rms_s10,phase2/results/predictions/full/mixed/resnet/seed_17/bandpass_n20005_cV4_independent_rms_s10.npz,76598,830c8729b77074ed4b8f8b2c66b821f35239fdd3ae95e251772323b885e12388
resnet,mixed,17,bandpass_n20005_cV4_independent_rms_s5,phase2/results/predictions/full/mixed/resnet/seed_17/bandpass_n20005_cV4_independent_rms_s5.npz,76573,ce3f2123e918749df271f1154e6b12ababf7a79a6481f6d7f58100fdea514f2a
resnet,mixed,17,bandpass_n20005_cV4_independent_rms_s0,phase2/results/predictions/full/mixed/resnet/seed_17/bandpass_n20005_cV4_independent_rms_s0.npz,76371,85be8c2195105975ad0ce567651232801c61f52692441eea514fe85fef22932c
resnet,mixed,17,bandpass_n20005_cV4_electrode_s20,phase2/results/predictions/full/mixed/resnet/seed_17/bandpass_n20005_cV4_electrode_s20.npz,76621,ca0049328051049b55b42b6e3d440bb6dffc5365ef3697a0b66f5415b2a0b759
resnet,mixed,17,bandpass_n20005_cV4_electrode_s15,phase2/results/predictions/full/mixed/resnet/seed_17/bandpass_n20005_cV4_electrode_s15.npz,76599,d8c589e9048e6b627bb852c71645f18bfa57ac7084385b6d52d60477388fa7ee
resnet,mixed,17,bandpass_n20005_cV4_electrode_s10,phase2/results/predictions/full/mixed/resnet/seed_17/bandpass_n20005_cV4_electrode_s10.npz,76625,0da4974683809b73a4a8ef134401c17695ff573dc388c6076c90de66582a78fe
resnet,mixed,17,bandpass_n20005_cV4_electrode_s5,phase2/results/predictions/full/mixed/resnet/seed_17/bandpass_n20005_cV4_electrode_s5.npz,76549,a0e6ce3353b561ab5be1bd8edef97c821b0216f50cf981a426f551f912bfca16
resnet,mixed,17,bandpass_n20005_cV4_electrode_s0,phase2/results/predictions/full/mixed/resnet/seed_17/bandpass_n20005_cV4_electrode_s0.npz,76361,666bf499368f322ef9d8efb087b4ccf8c1ddab5ddff402b98b16a8466f72e0db
resnet,mixed,17,bandpass_n20005_cV4_covariance_s20,phase2/results/predictions/full/mixed/resnet/seed_17/bandpass_n20005_cV4_covariance_s20.npz,76619,072a9a43d425ffe7369f642b359c45ec39c37a2c44adb749a22238421bd5c484
resnet,mixed,17,bandpass_n20005_cV4_covariance_s15,phase2/results/predictions/full/mixed/resnet/seed_17/bandpass_n20005_cV4_covariance_s15.npz,76637,3857e134aec42f6beaa6366ec7bca42249e776841ddd95d7c96ecfc50c9134f4
resnet,mixed,17,bandpass_n20005_cV4_covariance_s10,phase2/results/predictions/full/mixed/resnet/seed_17/bandpass_n20005_cV4_covariance_s10.npz,76608,bc7d5b27d8ca4f09a2c23371ffc329bfa090541aae03090b4a76f9a136d366c6
resnet,mixed,17,bandpass_n20005_cV4_covariance_s5,phase2/results/predictions/full/mixed/resnet/seed_17/bandpass_n20005_cV4_covariance_s5.npz,76554,0de247e4ffc4f8263f7b280b00b2781a413915a69fcd5f73ed5bb95d528202ba
resnet,mixed,17,bandpass_n20005_cV4_covariance_s0,phase2/results/predictions/full/mixed/resnet/seed_17/bandpass_n20005_cV4_covariance_s0.npz,76367,31303908047e4f27c8eef9ea7fce15dc686ba164ee44e1022e05842c25c5b824
resnet,mixed,17,bandpass_n20005_cV5_independent_rms_s20,phase2/results/predictions/full/mixed/resnet/seed_17/bandpass_n20005_cV5_independent_rms_s20.npz,76576,052fb84f4a40f682cf92857cfd4feb5feabd43ad555cff224cb191a4192fe213
resnet,mixed,17,bandpass_n20005_cV5_independent_rms_s15,phase2/results/predictions/full/mixed/resnet/seed_17/bandpass_n20005_cV5_independent_rms_s15.npz,76617,32398d92c070d5f9995498cc3fdf034928ac3fe58f368af1223ba634faa6c3e8
resnet,mixed,17,bandpass_n20005_cV5_independent_rms_s10,phase2/results/predictions/full/mixed/resnet/seed_17/bandpass_n20005_cV5_independent_rms_s10.npz,76594,4c2898d809aa77bd563430a749bdc6107eb0f8e983b2b6076d0569e0bc3cc2fa
resnet,mixed,17,bandpass_n20005_cV5_independent_rms_s5,phase2/results/predictions/full/mixed/resnet/seed_17/bandpass_n20005_cV5_independent_rms_s5.npz,76468,0bfdbf93c3f867dfb27d0e1737d0339c729a4dc3c1a819d4316bde5520311602
resnet,mixed,17,bandpass_n20005_cV5_independent_rms_s0,phase2/results/predictions/full/mixed/resnet/seed_17/bandpass_n20005_cV5_independent_rms_s0.npz,76206,4a687b19b5194c3092cd0fc45ac8925243c9affddcf739a1fcd6468abf41f3c7
resnet,mixed,17,bandpass_n20005_cV5_electrode_s20,phase2/results/predictions/full/mixed/resnet/seed_17/bandpass_n20005_cV5_electrode_s20.npz,76610,9fb24bc87976c88bbab867a19ac7de96854c300f723dc7ddb0e490086ec93531
resnet,mixed,17,bandpass_n20005_cV5_electrode_s15,phase2/results/predictions/full/mixed/resnet/seed_17/bandpass_n20005_cV5_electrode_s15.npz,76581,41ee72195994ab94318ed21c308c32d7c7b921dcc0f1f76e1ea35e7182d0f653
resnet,mixed,17,bandpass_n20005_cV5_electrode_s10,phase2/results/predictions/full/mixed/resnet/seed_17/bandpass_n20005_cV5_electrode_s10.npz,76548,14c42abfbf9a03225adc08821292cc2340495d8ad1c4e6ffed0c0f86a0f92e94
resnet,mixed,17,bandpass_n20005_cV5_electrode_s5,phase2/results/predictions/full/mixed/resnet/seed_17/bandpass_n20005_cV5_electrode_s5.npz,76458,7fe298c6961533e7e1150467f8616b21bf2ddb09a874c9f00de6ca1ca95d7578
resnet,mixed,17,bandpass_n20005_cV5_electrode_s0,phase2/results/predictions/full/mixed/resnet/seed_17/bandpass_n20005_cV5_electrode_s0.npz,76229,71e5ddfda6eee3a6eac33c918e13820b9fd140a73409bf200dffa3562bd466d3
resnet,mixed,17,bandpass_n20005_cV5_covariance_s20,phase2/results/predictions/full/mixed/resnet/seed_17/bandpass_n20005_cV5_covariance_s20.npz,76615,8926df9febd92885ef4acf1428b7554f8454ed147e9cfbc55f6faa7b435d5a04
resnet,mixed,17,bandpass_n20005_cV5_covariance_s15,phase2/results/predictions/full/mixed/resnet/seed_17/bandpass_n20005_cV5_covariance_s15.npz,76590,36a8ed49f4ab3f2e09b02ad54831f081fac41e332f0750029d5ea34815e49747
resnet,mixed,17,bandpass_n20005_cV5_covariance_s10,phase2/results/predictions/full/mixed/resnet/seed_17/bandpass_n20005_cV5_covariance_s10.npz,76592,80bfb1dfe2669dd3bc66d773bdbe69b2412e49189b4df6c27cfe23ed70302239
resnet,mixed,17,bandpass_n20005_cV5_covariance_s5,phase2/results/predictions/full/mixed/resnet/seed_17/bandpass_n20005_cV5_covariance_s5.npz,76462,4fe2ee03828ae4a94ed3b0f4a0c0032e2f88d10ed894519f564977a531269fb9
resnet,mixed,17,bandpass_n20005_cV5_covariance_s0,phase2/results/predictions/full/mixed/resnet/seed_17/bandpass_n20005_cV5_covariance_s0.npz,76244,d2f8860d217125027abf3f870610ac1a1c747b2655135a6072a7c81ec68a4e57
resnet,mixed,17,bandpass_n20005_cV6_independent_rms_s20,phase2/results/predictions/full/mixed/resnet/seed_17/bandpass_n20005_cV6_independent_rms_s20.npz,76591,943df51bae88dc3cc0cb0e077c18553b6e9e656283cad7bf0b0cdc3b3bd67dce
resnet,mixed,17,bandpass_n20005_cV6_independent_rms_s15,phase2/results/predictions/full/mixed/resnet/seed_17/bandpass_n20005_cV6_independent_rms_s15.npz,76579,2a3f8e614bd92e26a43f7665f1e6219893e721cda5eb5197f848bc6659e53bff
resnet,mixed,17,bandpass_n20005_cV6_independent_rms_s10,phase2/results/predictions/full/mixed/resnet/seed_17/bandpass_n20005_cV6_independent_rms_s10.npz,76593,41f5b0bbf0bd6111582721478351d16c9af1ca0795ee157fdcb586d0fb843379
resnet,mixed,17,bandpass_n20005_cV6_independent_rms_s5,phase2/results/predictions/full/mixed/resnet/seed_17/bandpass_n20005_cV6_independent_rms_s5.npz,76431,986e2d398b827f3c0b4d8e0454e4aba1d12636fb05d119705be794c74176a45f
resnet,mixed,17,bandpass_n20005_cV6_independent_rms_s0,phase2/results/predictions/full/mixed/resnet/seed_17/bandpass_n20005_cV6_independent_rms_s0.npz,76150,0f2e1f70c03a44d8d5f70881944e7fe32d9be22a79cf43da82d797f0a5e444c7
resnet,mixed,17,bandpass_n20005_cV6_electrode_s20,phase2/results/predictions/full/mixed/resnet/seed_17/bandpass_n20005_cV6_electrode_s20.npz,76606,1cc7689cc179509da8a806cfd067a2f447ad7ffb7efe90033ccfb80d9243ba54
resnet,mixed,17,bandpass_n20005_cV6_electrode_s15,phase2/results/predictions/full/mixed/resnet/seed_17/bandpass_n20005_cV6_electrode_s15.npz,76593,05bd57253a0f68274e8230b46450fb72bf2e582b07b95d22127007322e1f2699
resnet,mixed,17,bandpass_n20005_cV6_electrode_s10,phase2/results/predictions/full/mixed/resnet/seed_17/bandpass_n20005_cV6_electrode_s10.npz,76552,805ef67a48cf29392ebc73c71f13e9716ff5a09bf71304b804b685f1de526be3
resnet,mixed,17,bandpass_n20005_cV6_electrode_s5,phase2/results/predictions/full/mixed/resnet/seed_17/bandpass_n20005_cV6_electrode_s5.npz,76408,aa8d133b492cb0a536a37ea60db7aab20e2a01df0e4c23cf27765990458f6664
resnet,mixed,17,bandpass_n20005_cV6_electrode_s0,phase2/results/predictions/full/mixed/resnet/seed_17/bandpass_n20005_cV6_electrode_s0.npz,76164,f7a5f10f56fdbe88720b7c3d6b88703eee93936c685a99d8e4a6921d64610245
resnet,mixed,17,bandpass_n20005_cV6_covariance_s20,phase2/results/predictions/full/mixed/resnet/seed_17/bandpass_n20005_cV6_covariance_s20.npz,76614,e22ff495de2645f15de5b5e2c561c90c4c6d7e592d45a0a7f55ecbf46e48b7cd
resnet,mixed,17,bandpass_n20005_cV6_covariance_s15,phase2/results/predictions/full/mixed/resnet/seed_17/bandpass_n20005_cV6_covariance_s15.npz,76609,4b6e83d16c5858fb4cab4de832ea157afa46b8566a3c3292b370d7ee58faeb3e
resnet,mixed,17,bandpass_n20005_cV6_covariance_s10,phase2/results/predictions/full/mixed/resnet/seed_17/bandpass_n20005_cV6_covariance_s10.npz,76564,9a25494fc3007a83f7a8a5a60e4bac667e51b094ac9dc59f27333f8446f2d66a
resnet,mixed,17,bandpass_n20005_cV6_covariance_s5,phase2/results/predictions/full/mixed/resnet/seed_17/bandpass_n20005_cV6_covariance_s5.npz,76418,4450d33df75ac042ca525e291e474f1136807b2f9201d48f85804a64ccc7670d
resnet,mixed,17,bandpass_n20005_cV6_covariance_s0,phase2/results/predictions/full/mixed/resnet/seed_17/bandpass_n20005_cV6_covariance_s0.npz,76155,420275cfe2396f15dd1bebdc42a180c9092744b386345322740f836ad2ba5ffd
resnet,mixed,17,bandpass_n20005_cRA_LA_independent_rms_s20,phase2/results/predictions/full/mixed/resnet/seed_17/bandpass_n20005_cRA_LA_independent_rms_s20.npz,76611,b9646e99ecb658545fa17809c34f291ff1d20ac3246eabe62b076fffcc758b45
resnet,mixed,17,bandpass_n20005_cRA_LA_independent_rms_s15,phase2/results/predictions/full/mixed/resnet/seed_17/bandpass_n20005_cRA_LA_independent_rms_s15.npz,76590,90353f04b04281b30ec83387b343aa3c32d20c8be98c0c16163fbcccbec3f480
resnet,mixed,17,bandpass_n20005_cRA_LA_independent_rms_s10,phase2/results/predictions/full/mixed/resnet/seed_17/bandpass_n20005_cRA_LA_independent_rms_s10.npz,76635,f08ca5b1cd987ecf6a9983b3e2008856260e0c0acc55c4400bb2f97a0509e894
resnet,mixed,17,bandpass_n20005_cRA_LA_independent_rms_s5,phase2/results/predictions/full/mixed/resnet/seed_17/bandpass_n20005_cRA_LA_independent_rms_s5.npz,76454,e695fb0986ca85376fe4f339d8452a6c9bbba2a7b2db3be542c2a7783575bcf1
resnet,mixed,17,bandpass_n20005_cRA_LA_independent_rms_s0,phase2/results/predictions/full/mixed/resnet/seed_17/bandpass_n20005_cRA_LA_independent_rms_s0.npz,76208,b4dec89a96e906f4d89f17135dffc4b96e77d9031289e7fe89c508b38c6339e6
resnet,mixed,17,bandpass_n20005_cRA_LA_electrode_s20,phase2/results/predictions/full/mixed/resnet/seed_17/bandpass_n20005_cRA_LA_electrode_s20.npz,76600,94fd763880c76338a407fdc6f46aca8c261d1c72537ae6fd34ae26b4059a3b3c
resnet,mixed,17,bandpass_n20005_cRA_LA_electrode_s15,phase2/results/predictions/full/mixed/resnet/seed_17/bandpass_n20005_cRA_LA_electrode_s15.npz,76569,b90434c37a5ec516bfdab0c324f93a9c189a80f9d8ef83d8f8ba4915287d88d2
resnet,mixed,17,bandpass_n20005_cRA_LA_electrode_s10,phase2/results/predictions/full/mixed/resnet/seed_17/bandpass_n20005_cRA_LA_electrode_s10.npz,76553,27f78ccde63a8a8e7572ce794955d1472d44356a0190727b4205c0a37491f9a6
resnet,mixed,17,bandpass_n20005_cRA_LA_electrode_s5,phase2/results/predictions/full/mixed/resnet/seed_17/bandpass_n20005_cRA_LA_electrode_s5.npz,76351,a8a40f67aedd9515eddaaae72289d8f5748e00b6febcfd20dd255b319eb39c24
resnet,mixed,17,bandpass_n20005_cRA_LA_electrode_s0,phase2/results/predictions/full/mixed/resnet/seed_17/bandpass_n20005_cRA_LA_electrode_s0.npz,76013,93e95f3c50bf4e25e34e77fd6527a922e325dc937545d39438e5166638d5e6a7
resnet,mixed,17,bandpass_n20005_cRA_LA_covariance_s20,phase2/results/predictions/full/mixed/resnet/seed_17/bandpass_n20005_cRA_LA_covariance_s20.npz,76629,962b9ff3600a7b017788e63c2a85a8294d8e60d2e766aef67f33489970885d2c
resnet,mixed,17,bandpass_n20005_cRA_LA_covariance_s15,phase2/results/predictions/full/mixed/resnet/seed_17/bandpass_n20005_cRA_LA_covariance_s15.npz,76593,bfe3e7006e8b8871e82f63380ed0302f5a27885c9f123509870b24a4ddd4966b
resnet,mixed,17,bandpass_n20005_cRA_LA_covariance_s10,phase2/results/predictions/full/mixed/resnet/seed_17/bandpass_n20005_cRA_LA_covariance_s10.npz,76534,9668cadaaf667af6975d2b72d96b4411ce643ebe9ba47923d6b2e509653f5f27
resnet,mixed,17,bandpass_n20005_cRA_LA_covariance_s5,phase2/results/predictions/full/mixed/resnet/seed_17/bandpass_n20005_cRA_LA_covariance_s5.npz,76349,bd8440fc3f16b63cabbe6c2fa57c60f408414b6add22d9480137bbbf8b44e4ef
resnet,mixed,17,bandpass_n20005_cRA_LA_covariance_s0,phase2/results/predictions/full/mixed/resnet/seed_17/bandpass_n20005_cRA_LA_covariance_s0.npz,76037,958f2518c47befe8058826bb5d4b5881d33a8d339e217f424f6a7b7a83f9194e
resnet,mixed,17,bandpass_n20005_cLA_LL_independent_rms_s20,phase2/results/predictions/full/mixed/resnet/seed_17/bandpass_n20005_cLA_LL_independent_rms_s20.npz,76644,ed77e930093b8e54042f8cb1704779e91f581406ae27bbac6c058e64abb90b6e
resnet,mixed,17,bandpass_n20005_cLA_LL_independent_rms_s15,phase2/results/predictions/full/mixed/resnet/seed_17/bandpass_n20005_cLA_LL_independent_rms_s15.npz,76603,bf227b06fb82e26497ec090740810308280d95f4515b737f095e0aaa2e931ddc
resnet,mixed,17,bandpass_n20005_cLA_LL_independent_rms_s10,phase2/results/predictions/full/mixed/resnet/seed_17/bandpass_n20005_cLA_LL_independent_rms_s10.npz,76578,bec9de71406d842157fb19ff4ee44b12ffbaa1fc5e65f188609ce885e6bd9554
resnet,mixed,17,bandpass_n20005_cLA_LL_independent_rms_s5,phase2/results/predictions/full/mixed/resnet/seed_17/bandpass_n20005_cLA_LL_independent_rms_s5.npz,76472,52dba43afd428d1269979eaaf52b21f079a5caada0471321730e8a7366c4e838
resnet,mixed,17,bandpass_n20005_cLA_LL_independent_rms_s0,phase2/results/predictions/full/mixed/resnet/seed_17/bandpass_n20005_cLA_LL_independent_rms_s0.npz,76146,84e214ce93b3d293a72cc817e646dafa1be82105ee52af2927cf4ffa8e3348bb
resnet,mixed,17,bandpass_n20005_cLA_LL_electrode_s20,phase2/results/predictions/full/mixed/resnet/seed_17/bandpass_n20005_cLA_LL_electrode_s20.npz,76585,d021407ef185db982b8f11021e01652fdc23a54820617636a76bc04348403d72
resnet,mixed,17,bandpass_n20005_cLA_LL_electrode_s15,phase2/results/predictions/full/mixed/resnet/seed_17/bandpass_n20005_cLA_LL_electrode_s15.npz,76578,dd09f6536700cd2ca2c042c45865911b1a9a209abb8a32e84bd8b8684ae47f17
resnet,mixed,17,bandpass_n20005_cLA_LL_electrode_s10,phase2/results/predictions/full/mixed/resnet/seed_17/bandpass_n20005_cLA_LL_electrode_s10.npz,76540,9852f10eaf9cb43c7c103ad2caf87bbaa29b9d87c808d9f39558df3734e74f28
resnet,mixed,17,bandpass_n20005_cLA_LL_electrode_s5,phase2/results/predictions/full/mixed/resnet/seed_17/bandpass_n20005_cLA_LL_electrode_s5.npz,76304,a71954d75d965282e8e6df3c61caa6cffe2dc0cc89722186a0f9a618515f104a
resnet,mixed,17,bandpass_n20005_cLA_LL_electrode_s0,phase2/results/predictions/full/mixed/resnet/seed_17/bandpass_n20005_cLA_LL_electrode_s0.npz,75923,fb8a2843a0ede8dd586607daf2d6f6a5c43cfc9736dbd0d4095288da99d575d2
resnet,mixed,17,bandpass_n20005_cLA_LL_covariance_s20,phase2/results/predictions/full/mixed/resnet/seed_17/bandpass_n20005_cLA_LL_covariance_s20.npz,76614,de2b0f6b8dc6de02ab211ce0a9de88211b54b7d89887bec028aa268f9bc3b21c
resnet,mixed,17,bandpass_n20005_cLA_LL_covariance_s15,phase2/results/predictions/full/mixed/resnet/seed_17/bandpass_n20005_cLA_LL_covariance_s15.npz,76620,be8c07d690d13046dde72d2763ccac5b7ba9c2d5cb0ab45cb82eebbd5b231815
resnet,mixed,17,bandpass_n20005_cLA_LL_covariance_s10,phase2/results/predictions/full/mixed/resnet/seed_17/bandpass_n20005_cLA_LL_covariance_s10.npz,76486,ad000b49dd4959a655f675f465a239444036a51d8a88d021cb4c95b2a0e616bc
resnet,mixed,17,bandpass_n20005_cLA_LL_covariance_s5,phase2/results/predictions/full/mixed/resnet/seed_17/bandpass_n20005_cLA_LL_covariance_s5.npz,76336,09b62477d8b57060847aa8a48bd38666a542caefab046968803ee41f188454a3
resnet,mixed,17,bandpass_n20005_cLA_LL_covariance_s0,phase2/results/predictions/full/mixed/resnet/seed_17/bandpass_n20005_cLA_LL_covariance_s0.npz,75959,37e068e7ca787850b9044912106ca579d8becc318091b5805e37ad1a71c88a7f
resnet,mixed,17,bandpass_n20005_cRA_LL_independent_rms_s20,phase2/results/predictions/full/mixed/resnet/seed_17/bandpass_n20005_cRA_LL_independent_rms_s20.npz,76613,842f396f65011e5ace5be93a0d869a1cf6ac73a22a5b2df7e87d8efbe7238665
resnet,mixed,17,bandpass_n20005_cRA_LL_independent_rms_s15,phase2/results/predictions/full/mixed/resnet/seed_17/bandpass_n20005_cRA_LL_independent_rms_s15.npz,76622,cac6dc0ffd7aa3815880ca817bac8e959e8b3f49402079d4425e8fef93ad521e
resnet,mixed,17,bandpass_n20005_cRA_LL_independent_rms_s10,phase2/results/predictions/full/mixed/resnet/seed_17/bandpass_n20005_cRA_LL_independent_rms_s10.npz,76572,a919b1c27f11029c5d62cd6f37c48f018a93abb6b452ca5c2eaccde9dd92dc6d
resnet,mixed,17,bandpass_n20005_cRA_LL_independent_rms_s5,phase2/results/predictions/full/mixed/resnet/seed_17/bandpass_n20005_cRA_LL_independent_rms_s5.npz,76454,2db1e2276685ef457f2e3f0b4221572cb6449c4e84098de374cd47cb856e7f53
resnet,mixed,17,bandpass_n20005_cRA_LL_independent_rms_s0,phase2/results/predictions/full/mixed/resnet/seed_17/bandpass_n20005_cRA_LL_independent_rms_s0.npz,76138,003b481d777a2b91f253cda8bbdc47b30190240a692405487ce164616cf83a91
resnet,mixed,17,bandpass_n20005_cRA_LL_electrode_s20,phase2/results/predictions/full/mixed/resnet/seed_17/bandpass_n20005_cRA_LL_electrode_s20.npz,76600,feea63ead232339e1dab68036e6f34e5f01076aa2814ffe6a8f1a0f4c0236701
resnet,mixed,17,bandpass_n20005_cRA_LL_electrode_s15,phase2/results/predictions/full/mixed/resnet/seed_17/bandpass_n20005_cRA_LL_electrode_s15.npz,76599,fed369bb03f9c7ad56ffaf84da974ed60191ebd5fcf61910495bd599d3957971
resnet,mixed,17,bandpass_n20005_cRA_LL_electrode_s10,phase2/results/predictions/full/mixed/resnet/seed_17/bandpass_n20005_cRA_LL_electrode_s10.npz,76496,47b9a6a82d9854872e33c57395ca17e58f85f7b5b283f40d31c393ac31eda307
resnet,mixed,17,bandpass_n20005_cRA_LL_electrode_s5,phase2/results/predictions/full/mixed/resnet/seed_17/bandpass_n20005_cRA_LL_electrode_s5.npz,76356,f9c3e388d1661d94f028b745aceb479b63d199939084d543b6cb424c9a54e42c
resnet,mixed,17,bandpass_n20005_cRA_LL_electrode_s0,phase2/results/predictions/full/mixed/resnet/seed_17/bandpass_n20005_cRA_LL_electrode_s0.npz,76017,0a555fd9dda86072852d16d348d2f5664fffbb75d97e483a897f405e7c33e677
resnet,mixed,17,bandpass_n20005_cRA_LL_covariance_s20,phase2/results/predictions/full/mixed/resnet/seed_17/bandpass_n20005_cRA_LL_covariance_s20.npz,76606,d22d5a9e74fd89927f6df8b5ae02fa85ec87d0c9da1f62d7c30e9024d2b93027
resnet,mixed,17,bandpass_n20005_cRA_LL_covariance_s15,phase2/results/predictions/full/mixed/resnet/seed_17/bandpass_n20005_cRA_LL_covariance_s15.npz,76600,62c718e6689c164462a0f0b78a4438ae787217989516649148d8a3818957bd34
resnet,mixed,17,bandpass_n20005_cRA_LL_covariance_s10,phase2/results/predictions/full/mixed/resnet/seed_17/bandpass_n20005_cRA_LL_covariance_s10.npz,76557,986c59480ad1267d52fabe11188365affcbb911c42b6431616cf69a7624befe3
resnet,mixed,17,bandpass_n20005_cRA_LL_covariance_s5,phase2/results/predictions/full/mixed/resnet/seed_17/bandpass_n20005_cRA_LL_covariance_s5.npz,76340,6280fe996f1ea18a3f89d91353e44b754b28298a28175e66456af4157a852072
resnet,mixed,17,bandpass_n20005_cRA_LL_covariance_s0,phase2/results/predictions/full/mixed/resnet/seed_17/bandpass_n20005_cRA_LL_covariance_s0.npz,75990,388198951a5ce005939d5c5a8ad5966888932bc75eaed57f3122394fdb478aff
resnet,mixed,17,bandpass_n20005_cRA_independent_rms_s20,phase2/results/predictions/full/mixed/resnet/seed_17/bandpass_n20005_cRA_independent_rms_s20.npz,76624,d5f25f957191d5f8e909ee6e4819a0d7df601f2adae1af6076afb6b6dc035730
resnet,mixed,17,bandpass_n20005_cRA_independent_rms_s15,phase2/results/predictions/full/mixed/resnet/seed_17/bandpass_n20005_cRA_independent_rms_s15.npz,76578,aea5f953cd89101517811dbf218e8bea73d39e7524918396108c37cce82cdc9c
resnet,mixed,17,bandpass_n20005_cRA_independent_rms_s10,phase2/results/predictions/full/mixed/resnet/seed_17/bandpass_n20005_cRA_independent_rms_s10.npz,76547,bbf30ae9e2cfbb50fabad63427b49c1021c75fa5be627048af5d06d4ebbac33b
resnet,mixed,17,bandpass_n20005_cRA_independent_rms_s5,phase2/results/predictions/full/mixed/resnet/seed_17/bandpass_n20005_cRA_independent_rms_s5.npz,76448,30636004be59cc753f684d25ca0cddffeebc4f6a5ed78a71072525405380d0ae
resnet,mixed,17,bandpass_n20005_cRA_independent_rms_s0,phase2/results/predictions/full/mixed/resnet/seed_17/bandpass_n20005_cRA_independent_rms_s0.npz,76181,104b5fdf3adc80f34e0b3aae7da41cfdc67120d848619420230dc361bca5496f
resnet,mixed,17,bandpass_n20005_cRA_electrode_s20,phase2/results/predictions/full/mixed/resnet/seed_17/bandpass_n20005_cRA_electrode_s20.npz,76634,112accc540c6e5d7dc2d6525306aa1ee7701ad76672d20e7211769ad25711b61
resnet,mixed,17,bandpass_n20005_cRA_electrode_s15,phase2/results/predictions/full/mixed/resnet/seed_17/bandpass_n20005_cRA_electrode_s15.npz,76593,51b06ad7ca2f64f89db1de5915296aaac70c665e91f71903ef3e50d8397146ea
resnet,mixed,17,bandpass_n20005_cRA_electrode_s10,phase2/results/predictions/full/mixed/resnet/seed_17/bandpass_n20005_cRA_electrode_s10.npz,76539,e80ef154d7b7b3a18a053148b2c71e874cd56e21ed8152b2edff5137e4f2ca40
resnet,mixed,17,bandpass_n20005_cRA_electrode_s5,phase2/results/predictions/full/mixed/resnet/seed_17/bandpass_n20005_cRA_electrode_s5.npz,76374,68539331375e7d1836e432670b10b261a5dadc330ab1340c089bb76f1d99d37f
resnet,mixed,17,bandpass_n20005_cRA_electrode_s0,phase2/results/predictions/full/mixed/resnet/seed_17/bandpass_n20005_cRA_electrode_s0.npz,76102,a7f5cd25c0cf22572fe3a9449758ad03dd6d8986de03aecccf0ba3277ce449a0
resnet,mixed,17,bandpass_n20005_cRA_covariance_s20,phase2/results/predictions/full/mixed/resnet/seed_17/bandpass_n20005_cRA_covariance_s20.npz,76603,8fefbc7b7ac63080e5920643dbb1e924395afa07efb84bb03a1bb20a6a4f9984
resnet,mixed,17,bandpass_n20005_cRA_covariance_s15,phase2/results/predictions/full/mixed/resnet/seed_17/bandpass_n20005_cRA_covariance_s15.npz,76590,7e0d8b304559b9e4fc5a325245af4c4fc431e9623b002ea88166c182b0f33310
resnet,mixed,17,bandpass_n20005_cRA_covariance_s10,phase2/results/predictions/full/mixed/resnet/seed_17/bandpass_n20005_cRA_covariance_s10.npz,76547,14e46f4b24d697b333f1d13e17a19d11da1902b5a63496d162473491d5aba8d4
resnet,mixed,17,bandpass_n20005_cRA_covariance_s5,phase2/results/predictions/full/mixed/resnet/seed_17/bandpass_n20005_cRA_covariance_s5.npz,76375,4c2c179fd7a0bc3740e86de29b5c949ba20905d59ffe36c018bc5e5c43035fca
resnet,mixed,17,bandpass_n20005_cRA_covariance_s0,phase2/results/predictions/full/mixed/resnet/seed_17/bandpass_n20005_cRA_covariance_s0.npz,76083,f95e700e235dcd072395262ab4dced062a95f7ecf6f5861d3e702890cbd216d7
resnet,mixed,17,bandpass_n20005_cLA_independent_rms_s20,phase2/results/predictions/full/mixed/resnet/seed_17/bandpass_n20005_cLA_independent_rms_s20.npz,76615,dadc6116af98baffbb1c7db8a6fe12413bbd55ab0e98dfe52e118dbd1bd9c115
resnet,mixed,17,bandpass_n20005_cLA_independent_rms_s15,phase2/results/predictions/full/mixed/resnet/seed_17/bandpass_n20005_cLA_independent_rms_s15.npz,76612,e5affd3a17de2a45233b46950a6f76fed4e36d7f1ef3ddb777a82821d5a31f84
resnet,mixed,17,bandpass_n20005_cLA_independent_rms_s10,phase2/results/predictions/full/mixed/resnet/seed_17/bandpass_n20005_cLA_independent_rms_s10.npz,76594,8008d4b7b7bb9323c5d79de37c919b5ebc1de679517a818eb0545ec49de698d0
resnet,mixed,17,bandpass_n20005_cLA_independent_rms_s5,phase2/results/predictions/full/mixed/resnet/seed_17/bandpass_n20005_cLA_independent_rms_s5.npz,76480,7b9bb5f35c1cf82f70c1aece83776d1044d5cfedc002e9be4d19e85d8f079912
resnet,mixed,17,bandpass_n20005_cLA_independent_rms_s0,phase2/results/predictions/full/mixed/resnet/seed_17/bandpass_n20005_cLA_independent_rms_s0.npz,76204,81d380ba526fbb09da0b4b2a39c5b5e29abaa4a79c09133d0f4ea6616900e70e
resnet,mixed,17,bandpass_n20005_cLA_electrode_s20,phase2/results/predictions/full/mixed/resnet/seed_17/bandpass_n20005_cLA_electrode_s20.npz,76599,acc46c1320670014b398e32901918fbdae8a8cfb97196705fb3f78fe94add29b
resnet,mixed,17,bandpass_n20005_cLA_electrode_s15,phase2/results/predictions/full/mixed/resnet/seed_17/bandpass_n20005_cLA_electrode_s15.npz,76614,58e41e7e710e45ee86188a2b8c4e30db47e656dfe67014a321b9674a7c739b24
resnet,mixed,17,bandpass_n20005_cLA_electrode_s10,phase2/results/predictions/full/mixed/resnet/seed_17/bandpass_n20005_cLA_electrode_s10.npz,76547,b415e21de245e6c0e8c4f8463c8f2e62622e3d55ac16e6a8b2fbb78a61e6b83f
resnet,mixed,17,bandpass_n20005_cLA_electrode_s5,phase2/results/predictions/full/mixed/resnet/seed_17/bandpass_n20005_cLA_electrode_s5.npz,76336,4c5b5910d250d3f2a17fe6ca80402d63bff47761b6de2448e8aae3bfb0bd3384
resnet,mixed,17,bandpass_n20005_cLA_electrode_s0,phase2/results/predictions/full/mixed/resnet/seed_17/bandpass_n20005_cLA_electrode_s0.npz,75955,1d75b53c3ad69aa980532d8bf8b39715d5e720d3cd4158aa096fda062c402922
resnet,mixed,17,bandpass_n20005_cLA_covariance_s20,phase2/results/predictions/full/mixed/resnet/seed_17/bandpass_n20005_cLA_covariance_s20.npz,76611,b315f82c1cb6b9efe17b3cfcc93ac328ecaff554eacf57ebbbe522c1fbaf97ee
resnet,mixed,17,bandpass_n20005_cLA_covariance_s15,phase2/results/predictions/full/mixed/resnet/seed_17/bandpass_n20005_cLA_covariance_s15.npz,76632,90bbc0945d398b751a71a916d4daee94a80a7cc8b0816e4d109beeb93fe722b3
resnet,mixed,17,bandpass_n20005_cLA_covariance_s10,phase2/results/predictions/full/mixed/resnet/seed_17/bandpass_n20005_cLA_covariance_s10.npz,76528,43545c6dea40c792480ab84b39b6c476a50c492c8922dc77bb47c6cddad500a8
resnet,mixed,17,bandpass_n20005_cLA_covariance_s5,phase2/results/predictions/full/mixed/resnet/seed_17/bandpass_n20005_cLA_covariance_s5.npz,76355,b864112ca310168b1f0c1e5e8928f65dbb246d922f1695c99004a88b18ccac58
resnet,mixed,17,bandpass_n20005_cLA_covariance_s0,phase2/results/predictions/full/mixed/resnet/seed_17/bandpass_n20005_cLA_covariance_s0.npz,75913,a79ea1d448da963b4bee10d7c6063a2c86820f9830c32e0a78e43cea66864c9b
resnet,mixed,17,bandpass_n20005_cLL_independent_rms_s20,phase2/results/predictions/full/mixed/resnet/seed_17/bandpass_n20005_cLL_independent_rms_s20.npz,76625,b35d232ce6ff0d832370f8284de7b1cb24eef8f9547cacc5004be3596c0e6f0d
resnet,mixed,17,bandpass_n20005_cLL_independent_rms_s15,phase2/results/predictions/full/mixed/resnet/seed_17/bandpass_n20005_cLL_independent_rms_s15.npz,76590,a33254ddb4f27350d462038fc5c0ef877a5f17bd3fb34c1dcd7f1ee778c4ae28
resnet,mixed,17,bandpass_n20005_cLL_independent_rms_s10,phase2/results/predictions/full/mixed/resnet/seed_17/bandpass_n20005_cLL_independent_rms_s10.npz,76558,1d43947f81c1bc47ba42df219f4f05a096c25728f71ba3e2d6ecf35c2cbd3290
resnet,mixed,17,bandpass_n20005_cLL_independent_rms_s5,phase2/results/predictions/full/mixed/resnet/seed_17/bandpass_n20005_cLL_independent_rms_s5.npz,76413,ffc3e32c81b893594331316e71f74511e1597cbb1647c33e97a2664dc78b8dfd
resnet,mixed,17,bandpass_n20005_cLL_independent_rms_s0,phase2/results/predictions/full/mixed/resnet/seed_17/bandpass_n20005_cLL_independent_rms_s0.npz,76103,bdff74a8853ff20a52ebb81da0bfcad4c1ff88fbe95b681d19d828602dfcdf15
resnet,mixed,17,bandpass_n20005_cLL_electrode_s20,phase2/results/predictions/full/mixed/resnet/seed_17/bandpass_n20005_cLL_electrode_s20.npz,76588,9fc1a8c97a413d78f2d6c3c5ffc8742ef182d6dd7899cc8fb80b5c7be5024eda
resnet,mixed,17,bandpass_n20005_cLL_electrode_s15,phase2/results/predictions/full/mixed/resnet/seed_17/bandpass_n20005_cLL_electrode_s15.npz,76567,cdb56c72b7bdc2441ec368fdfb5998d8008552ce686b38c18870738d308fe2c3
resnet,mixed,17,bandpass_n20005_cLL_electrode_s10,phase2/results/predictions/full/mixed/resnet/seed_17/bandpass_n20005_cLL_electrode_s10.npz,76490,95ebdf509cec8f2dd2bc6ac5d7e7e557dc484813bdc61723a89899a04f589a2b
resnet,mixed,17,bandpass_n20005_cLL_electrode_s5,phase2/results/predictions/full/mixed/resnet/seed_17/bandpass_n20005_cLL_electrode_s5.npz,76264,563849693dadb5c6d7e1121cd9bcc4acfb7b71db8c585680b971d11ff47ffd0f
resnet,mixed,17,bandpass_n20005_cLL_electrode_s0,phase2/results/predictions/full/mixed/resnet/seed_17/bandpass_n20005_cLL_electrode_s0.npz,75884,b27d8afb94e73de8f59c2ce6229e4934f4bb5aa2250b48524ed9fe68355e61dd
resnet,mixed,17,bandpass_n20005_cLL_covariance_s20,phase2/results/predictions/full/mixed/resnet/seed_17/bandpass_n20005_cLL_covariance_s20.npz,76610,50aec0bae82f604c06e5e72598c375ebcad7dcc834141e09d0310edcb1928b62
resnet,mixed,17,bandpass_n20005_cLL_covariance_s15,phase2/results/predictions/full/mixed/resnet/seed_17/bandpass_n20005_cLL_covariance_s15.npz,76591,12253f51cee6f1023f10c17003f7851879e8a68d0c7d18fccbf3a381d4aa1da2
resnet,mixed,17,bandpass_n20005_cLL_covariance_s10,phase2/results/predictions/full/mixed/resnet/seed_17/bandpass_n20005_cLL_covariance_s10.npz,76490,fddc9b660d6067491c6e3352459248a9cb163a50894301ed4ce2e97ae1827a5c
resnet,mixed,17,bandpass_n20005_cLL_covariance_s5,phase2/results/predictions/full/mixed/resnet/seed_17/bandpass_n20005_cLL_covariance_s5.npz,76301,cec5c9535e709122974d8d2d1ea6d0ef22a0616b2ffb2ad1db812b08f8d92577
resnet,mixed,17,bandpass_n20005_cLL_covariance_s0,phase2/results/predictions/full/mixed/resnet/seed_17/bandpass_n20005_cLL_covariance_s0.npz,75913,8db5f6708c8175f38ad0306937e6b40dadd9a0406aa7cd74393e9aded2a65120
resnet,mixed,17,bandpass_n20005_cRA_V1_independent_rms_s20,phase2/results/predictions/full/mixed/resnet/seed_17/bandpass_n20005_cRA_V1_independent_rms_s20.npz,76620,c2ed611f3d1bdd84a538506f547e1d7f0028bc63fb42cc8dca053da87fe0a8b0
resnet,mixed,17,bandpass_n20005_cRA_V1_independent_rms_s15,phase2/results/predictions/full/mixed/resnet/seed_17/bandpass_n20005_cRA_V1_independent_rms_s15.npz,76625,517378f94288e0324625ed2b3cd5b0fb4497ba06ae054219cdf7b5e3fecd4219
resnet,mixed,17,bandpass_n20005_cRA_V1_independent_rms_s10,phase2/results/predictions/full/mixed/resnet/seed_17/bandpass_n20005_cRA_V1_independent_rms_s10.npz,76590,93ca2ae6fdb6a93f697db87b0b79f5b43e3ed897e91361fb9666dd1ea57231f1
resnet,mixed,17,bandpass_n20005_cRA_V1_independent_rms_s5,phase2/results/predictions/full/mixed/resnet/seed_17/bandpass_n20005_cRA_V1_independent_rms_s5.npz,76436,bb601a3cf411cf1ee96762e566ff5ae862a659c643b30b5e265e4a36459e1589
resnet,mixed,17,bandpass_n20005_cRA_V1_independent_rms_s0,phase2/results/predictions/full/mixed/resnet/seed_17/bandpass_n20005_cRA_V1_independent_rms_s0.npz,76159,dd61555d60148f12237fdb4f64719acac9406c6d9e5c02010254b95b7876791d
resnet,mixed,17,bandpass_n20005_cRA_V1_electrode_s20,phase2/results/predictions/full/mixed/resnet/seed_17/bandpass_n20005_cRA_V1_electrode_s20.npz,76628,26fdb775ab771a5ef2b55666469394cadf98137284ceecabe7a46d8adb29ef45
resnet,mixed,17,bandpass_n20005_cRA_V1_electrode_s15,phase2/results/predictions/full/mixed/resnet/seed_17/bandpass_n20005_cRA_V1_electrode_s15.npz,76616,dad68511b404238214a65bb04eb82121fe41967b34dfc41f233a94e55d61761a
resnet,mixed,17,bandpass_n20005_cRA_V1_electrode_s10,phase2/results/predictions/full/mixed/resnet/seed_17/bandpass_n20005_cRA_V1_electrode_s10.npz,76515,835d13483f77aa8bb08869409f565c1e87b423c95da76858024d8bc9fae617b1
resnet,mixed,17,bandpass_n20005_cRA_V1_electrode_s5,phase2/results/predictions/full/mixed/resnet/seed_17/bandpass_n20005_cRA_V1_electrode_s5.npz,76359,2b6dcc1b36a366660cf1b946e83a57b4ec824db1bd7fd1214c8cda879aea4347
resnet,mixed,17,bandpass_n20005_cRA_V1_electrode_s0,phase2/results/predictions/full/mixed/resnet/seed_17/bandpass_n20005_cRA_V1_electrode_s0.npz,76067,f6f3a0983663964db6e0a074c683f547ee341eab6211d59e6844934eb760ecfd
resnet,mixed,17,bandpass_n20005_cRA_V1_covariance_s20,phase2/results/predictions/full/mixed/resnet/seed_17/bandpass_n20005_cRA_V1_covariance_s20.npz,76626,a265e9a9d2fe94ec0b7c1f1f2fddd1b1a393bdf179b70f945098cdfc0a454c0b
resnet,mixed,17,bandpass_n20005_cRA_V1_covariance_s15,phase2/results/predictions/full/mixed/resnet/seed_17/bandpass_n20005_cRA_V1_covariance_s15.npz,76621,adb0fcbaf7932adec9076d1754affa685306aece0217e84b421f2c347ebbdbef
resnet,mixed,17,bandpass_n20005_cRA_V1_covariance_s10,phase2/results/predictions/full/mixed/resnet/seed_17/bandpass_n20005_cRA_V1_covariance_s10.npz,76547,85c3896f6bd0c7b65ee2f81895821766c0a31d2d973b5d951fd53289ff97548b
resnet,mixed,17,bandpass_n20005_cRA_V1_covariance_s5,phase2/results/predictions/full/mixed/resnet/seed_17/bandpass_n20005_cRA_V1_covariance_s5.npz,76405,a6df2c7416259bf92b3a631e9fdecd62318a817d63724b8cc51adfddaaa24fe8
resnet,mixed,17,bandpass_n20005_cRA_V1_covariance_s0,phase2/results/predictions/full/mixed/resnet/seed_17/bandpass_n20005_cRA_V1_covariance_s0.npz,76055,209c13887c188893edfbfd909f335b2e13396483e659858553922b265ec865ce
resnet,mixed,17,bandpass_n20005_cLA_V6_independent_rms_s20,phase2/results/predictions/full/mixed/resnet/seed_17/bandpass_n20005_cLA_V6_independent_rms_s20.npz,76636,1efd4275d9222982ced57d1eb061de17f17e62055b0c21ba3c89b9e1923abcc0
resnet,mixed,17,bandpass_n20005_cLA_V6_independent_rms_s15,phase2/results/predictions/full/mixed/resnet/seed_17/bandpass_n20005_cLA_V6_independent_rms_s15.npz,76639,369d44516f17a433f17e5981824fe87416795ff2e7574b989f7f6c31f4612623
resnet,mixed,17,bandpass_n20005_cLA_V6_independent_rms_s10,phase2/results/predictions/full/mixed/resnet/seed_17/bandpass_n20005_cLA_V6_independent_rms_s10.npz,76570,58dbcc8ed5e90ba1cfa03fee77ae9ca0f98cb51d92bcdb9db714715efb827ec6
resnet,mixed,17,bandpass_n20005_cLA_V6_independent_rms_s5,phase2/results/predictions/full/mixed/resnet/seed_17/bandpass_n20005_cLA_V6_independent_rms_s5.npz,76485,b3084f3c9bb79dbddd64f92779e4a0d85f3a4653b8377112314b48818a2107ea
resnet,mixed,17,bandpass_n20005_cLA_V6_independent_rms_s0,phase2/results/predictions/full/mixed/resnet/seed_17/bandpass_n20005_cLA_V6_independent_rms_s0.npz,76194,35b2564f138d9e5094bc356b80faf5fa95e14599c07cfeea2a08619f77a1421a
resnet,mixed,17,bandpass_n20005_cLA_V6_electrode_s20,phase2/results/predictions/full/mixed/resnet/seed_17/bandpass_n20005_cLA_V6_electrode_s20.npz,76619,72c7b69c4122d32e4b9ff51f691ff3113b603cb3a004a7717cdfc32f31c65bab
resnet,mixed,17,bandpass_n20005_cLA_V6_electrode_s15,phase2/results/predictions/full/mixed/resnet/seed_17/bandpass_n20005_cLA_V6_electrode_s15.npz,76600,40d6698885e9f7d77ea5d83c27eded648f2568aee2bab436dacf4a3f7f4855d9
resnet,mixed,17,bandpass_n20005_cLA_V6_electrode_s10,phase2/results/predictions/full/mixed/resnet/seed_17/bandpass_n20005_cLA_V6_electrode_s10.npz,76561,1a0e2bccdeb0f439e8149f86dc7b93a915f1740375a73038ff24881035b3f011
resnet,mixed,17,bandpass_n20005_cLA_V6_electrode_s5,phase2/results/predictions/full/mixed/resnet/seed_17/bandpass_n20005_cLA_V6_electrode_s5.npz,76380,a5cfe8081086ef22958886af14291f4de7fd8f7685b2a64810ca9eb36c1b7145
resnet,mixed,17,bandpass_n20005_cLA_V6_electrode_s0,phase2/results/predictions/full/mixed/resnet/seed_17/bandpass_n20005_cLA_V6_electrode_s0.npz,76007,9fd5be82e9c668ba84b2d35e3244bd8dc904b34496c36a497c426d45aa7ce0e7
resnet,mixed,17,bandpass_n20005_cLA_V6_covariance_s20,phase2/results/predictions/full/mixed/resnet/seed_17/bandpass_n20005_cLA_V6_covariance_s20.npz,76626,862073a4a19ef091b85d3a47c7b954f5465e5331a45ddd6bdc0add0d9aa72ba1
resnet,mixed,17,bandpass_n20005_cLA_V6_covariance_s15,phase2/results/predictions/full/mixed/resnet/seed_17/bandpass_n20005_cLA_V6_covariance_s15.npz,76601,dd52140be88b6d38bd0ac21aea231e7a33e54201dcb16a507cc2691e9be06c8f
resnet,mixed,17,bandpass_n20005_cLA_V6_covariance_s10,phase2/results/predictions/full/mixed/resnet/seed_17/bandpass_n20005_cLA_V6_covariance_s10.npz,76589,a627b8002f7fefbc902e06f7ad05fe799f40f86b217662ec9b8177f7c88cb2ac
resnet,mixed,17,bandpass_n20005_cLA_V6_covariance_s5,phase2/results/predictions/full/mixed/resnet/seed_17/bandpass_n20005_cLA_V6_covariance_s5.npz,76394,55e867e7d0b0335bea5c2ba95287ed8f867d02f09d02e70adef6c5ce17577855
resnet,mixed,17,bandpass_n20005_cLA_V6_covariance_s0,phase2/results/predictions/full/mixed/resnet/seed_17/bandpass_n20005_cLA_V6_covariance_s0.npz,76001,6b9ef790ecd97353cf5ff9a942b409391d4f26f9bd7c0dc45715d3ff08242352
resnet,mixed,17,bandpass_n20005_cLL_V4_independent_rms_s20,phase2/results/predictions/full/mixed/resnet/seed_17/bandpass_n20005_cLL_V4_independent_rms_s20.npz,76615,cab772391be2d5118df37135e7843375d34aeda08f47f18c3da957c343260d10
resnet,mixed,17,bandpass_n20005_cLL_V4_independent_rms_s15,phase2/results/predictions/full/mixed/resnet/seed_17/bandpass_n20005_cLL_V4_independent_rms_s15.npz,76638,47d6dd7d89f97b079577b449f2529c4ec7c941cd27a7d424f3cfbd3353e73e4a
resnet,mixed,17,bandpass_n20005_cLL_V4_independent_rms_s10,phase2/results/predictions/full/mixed/resnet/seed_17/bandpass_n20005_cLL_V4_independent_rms_s10.npz,76558,6fc0807ab6572c3a4ff58d9abec1cccbc4104529eb89b0bddd393f8f3b486281
resnet,mixed,17,bandpass_n20005_cLL_V4_independent_rms_s5,phase2/results/predictions/full/mixed/resnet/seed_17/bandpass_n20005_cLL_V4_independent_rms_s5.npz,76470,11a91219aaa2e725f01fff944a6d5b2c098870050b37f7f8d69b31c410d75817
resnet,mixed,17,bandpass_n20005_cLL_V4_independent_rms_s0,phase2/results/predictions/full/mixed/resnet/seed_17/bandpass_n20005_cLL_V4_independent_rms_s0.npz,76161,6cb6da3187f4d735d248b8dab9381568712c0646fe8a2918cac13cbff609cea6
resnet,mixed,17,bandpass_n20005_cLL_V4_electrode_s20,phase2/results/predictions/full/mixed/resnet/seed_17/bandpass_n20005_cLL_V4_electrode_s20.npz,76608,1af7b527047ef2e4b4d31815051661e62824bc4405c005c7038b0c42e321104f
resnet,mixed,17,bandpass_n20005_cLL_V4_electrode_s15,phase2/results/predictions/full/mixed/resnet/seed_17/bandpass_n20005_cLL_V4_electrode_s15.npz,76583,c3692592dd601bb7561dde104b43baf5cc507b620839d36bd54174a8d1a7ae87
resnet,mixed,17,bandpass_n20005_cLL_V4_electrode_s10,phase2/results/predictions/full/mixed/resnet/seed_17/bandpass_n20005_cLL_V4_electrode_s10.npz,76518,5e7d3748711cdda81ddf4a1cad5fa48c9b5caf65024b9ec52021b8c7d35994b2
resnet,mixed,17,bandpass_n20005_cLL_V4_electrode_s5,phase2/results/predictions/full/mixed/resnet/seed_17/bandpass_n20005_cLL_V4_electrode_s5.npz,76329,8e0a1a9744a1368f53776ad83858148fe2a6ff0b49a282aa19b8b5e6c89d6350
resnet,mixed,17,bandpass_n20005_cLL_V4_electrode_s0,phase2/results/predictions/full/mixed/resnet/seed_17/bandpass_n20005_cLL_V4_electrode_s0.npz,76021,3a6d26e3bc7b9f0176c4214b703e2208056da5adc9b07addbb4d12c3acff1409
resnet,mixed,17,bandpass_n20005_cLL_V4_covariance_s20,phase2/results/predictions/full/mixed/resnet/seed_17/bandpass_n20005_cLL_V4_covariance_s20.npz,76602,98146f469dffda1873ef82451ba17a12789697cc758757f9e670a895db5f6695
resnet,mixed,17,bandpass_n20005_cLL_V4_covariance_s15,phase2/results/predictions/full/mixed/resnet/seed_17/bandpass_n20005_cLL_V4_covariance_s15.npz,76612,5df7c49301b5013a54e5f40e613d854f67456776c82187f91956045af6a8cd5f
resnet,mixed,17,bandpass_n20005_cLL_V4_covariance_s10,phase2/results/predictions/full/mixed/resnet/seed_17/bandpass_n20005_cLL_V4_covariance_s10.npz,76521,f96166b6a50c46a3dd891a9094d33a76dcb956b357d2a0393547f46c1517175b
resnet,mixed,17,bandpass_n20005_cLL_V4_covariance_s5,phase2/results/predictions/full/mixed/resnet/seed_17/bandpass_n20005_cLL_V4_covariance_s5.npz,76313,a0bc965f7d070ce54d632866a001a673b6984d10a112dbbbaa9e98022ac080c0
resnet,mixed,17,bandpass_n20005_cLL_V4_covariance_s0,phase2/results/predictions/full/mixed/resnet/seed_17/bandpass_n20005_cLL_V4_covariance_s0.npz,75980,07072ca93cfb4f02153651c485b56221f43150fd0cad5bea63bde7afa8b133a7
resnet,mixed,17,bandpass_n20005_cRA_LA_V1_V6_independent_rms_s20,phase2/results/predictions/full/mixed/resnet/seed_17/bandpass_n20005_cRA_LA_V1_V6_independent_rms_s20.npz,76673,fce572a6f54b65b3a7f4fea42ce405778a3b60e62478e37baadc6089d14c4093
resnet,mixed,17,bandpass_n20005_cRA_LA_V1_V6_independent_rms_s15,phase2/results/predictions/full/mixed/resnet/seed_17/bandpass_n20005_cRA_LA_V1_V6_independent_rms_s15.npz,76641,4e92ad358b4c3ab2e91ec5e37dcc45bcea3c1d6301765792958237e8cd1dd2bc
resnet,mixed,17,bandpass_n20005_cRA_LA_V1_V6_independent_rms_s10,phase2/results/predictions/full/mixed/resnet/seed_17/bandpass_n20005_cRA_LA_V1_V6_independent_rms_s10.npz,76602,e449a923b507c45ac1a877744e7cd573e3ab17a2b145bb0b7186b4acb04afe38
resnet,mixed,17,bandpass_n20005_cRA_LA_V1_V6_independent_rms_s5,phase2/results/predictions/full/mixed/resnet/seed_17/bandpass_n20005_cRA_LA_V1_V6_independent_rms_s5.npz,76486,3926e6e20af2847fc233760b090f21d0cf639528213b1cd6cd9621d747099f59
resnet,mixed,17,bandpass_n20005_cRA_LA_V1_V6_independent_rms_s0,phase2/results/predictions/full/mixed/resnet/seed_17/bandpass_n20005_cRA_LA_V1_V6_independent_rms_s0.npz,76201,70d772da4272019405ed13c17fdd3da98d3b27659f8de53b1816dd7c8bccc72b
resnet,mixed,17,bandpass_n20005_cRA_LA_V1_V6_electrode_s20,phase2/results/predictions/full/mixed/resnet/seed_17/bandpass_n20005_cRA_LA_V1_V6_electrode_s20.npz,76637,05da8d8258abeead69c7c3508b4c9ba39f9eb51a57689f33766683958f299bc9
resnet,mixed,17,bandpass_n20005_cRA_LA_V1_V6_electrode_s15,phase2/results/predictions/full/mixed/resnet/seed_17/bandpass_n20005_cRA_LA_V1_V6_electrode_s15.npz,76601,10a234c972df84d2d48acbfa897ac5918b5f230060b52dccdd0fb4012e5b7e39
resnet,mixed,17,bandpass_n20005_cRA_LA_V1_V6_electrode_s10,phase2/results/predictions/full/mixed/resnet/seed_17/bandpass_n20005_cRA_LA_V1_V6_electrode_s10.npz,76564,75b3b8dc989e49939c3b40947641df6e490ac18523c0df3e4f8010dedba8a06c
resnet,mixed,17,bandpass_n20005_cRA_LA_V1_V6_electrode_s5,phase2/results/predictions/full/mixed/resnet/seed_17/bandpass_n20005_cRA_LA_V1_V6_electrode_s5.npz,76376,2086f1278805ae79ca5acaa607c01a8dcdb5b320eb2f01d1036c92909f941006
resnet,mixed,17,bandpass_n20005_cRA_LA_V1_V6_electrode_s0,phase2/results/predictions/full/mixed/resnet/seed_17/bandpass_n20005_cRA_LA_V1_V6_electrode_s0.npz,76035,4273c921d0959156ecbc9edb83fb37d833fe394d526bc46521a9db54fb7378de
resnet,mixed,17,bandpass_n20005_cRA_LA_V1_V6_covariance_s20,phase2/results/predictions/full/mixed/resnet/seed_17/bandpass_n20005_cRA_LA_V1_V6_covariance_s20.npz,76636,69815f8fe5219cbc8ec370c6d0556c6033f055529ba773ba270ba4ffb95b8e2d
resnet,mixed,17,bandpass_n20005_cRA_LA_V1_V6_covariance_s15,phase2/results/predictions/full/mixed/resnet/seed_17/bandpass_n20005_cRA_LA_V1_V6_covariance_s15.npz,76632,49ab40e1e70029e18a17f95c8bbd0c89d7755f322e16d2a51fd4c83bfa4df97f
resnet,mixed,17,bandpass_n20005_cRA_LA_V1_V6_covariance_s10,phase2/results/predictions/full/mixed/resnet/seed_17/bandpass_n20005_cRA_LA_V1_V6_covariance_s10.npz,76558,fa6ef516643e1605a4aea2a2ca35c051d93aa7cf7b37b69ced09c970e88499e9
resnet,mixed,17,bandpass_n20005_cRA_LA_V1_V6_covariance_s5,phase2/results/predictions/full/mixed/resnet/seed_17/bandpass_n20005_cRA_LA_V1_V6_covariance_s5.npz,76404,5d4de5e81b760f97c45996b61135670a23e11a0d7ee42365d2907156d59cdfd0
resnet,mixed,17,bandpass_n20005_cRA_LA_V1_V6_covariance_s0,phase2/results/predictions/full/mixed/resnet/seed_17/bandpass_n20005_cRA_LA_V1_V6_covariance_s0.npz,76073,7d1dedec0faa365a229822832006cde9ec38009a09cc0d33b0e909243956312a
resnet,mixed,17,bandpass_n20005_cRA_V2_V5_independent_rms_s20,phase2/results/predictions/full/mixed/resnet/seed_17/bandpass_n20005_cRA_V2_V5_independent_rms_s20.npz,76647,5d33575074763975dd2912f5d2e3a003fd81ade1c9955bb0afec5dce234e15b1
resnet,mixed,17,bandpass_n20005_cRA_V2_V5_independent_rms_s15,phase2/results/predictions/full/mixed/resnet/seed_17/bandpass_n20005_cRA_V2_V5_independent_rms_s15.npz,76612,3f293930b66f12acdb5bf88aea0ec6adfc836c58d17cdb3da76508927d85f38e
resnet,mixed,17,bandpass_n20005_cRA_V2_V5_independent_rms_s10,phase2/results/predictions/full/mixed/resnet/seed_17/bandpass_n20005_cRA_V2_V5_independent_rms_s10.npz,76592,e0c830780a21cbbe8e3b38f3326b1298f32be760648ef0b85796a7c58016f917
resnet,mixed,17,bandpass_n20005_cRA_V2_V5_independent_rms_s5,phase2/results/predictions/full/mixed/resnet/seed_17/bandpass_n20005_cRA_V2_V5_independent_rms_s5.npz,76460,d6e26f9881a7e8f8bce72836d70d1e819e591d15bc7e5751ce1cc890a84b65e6
resnet,mixed,17,bandpass_n20005_cRA_V2_V5_independent_rms_s0,phase2/results/predictions/full/mixed/resnet/seed_17/bandpass_n20005_cRA_V2_V5_independent_rms_s0.npz,76203,fcb865ef1d7e3ff06c98e3b1c418ffd47515573256070ee35337fd61105d1f69
resnet,mixed,17,bandpass_n20005_cRA_V2_V5_electrode_s20,phase2/results/predictions/full/mixed/resnet/seed_17/bandpass_n20005_cRA_V2_V5_electrode_s20.npz,76627,e57364a0a6288669478ecf017a30b404d242323a29a2666621ab5bd7754346f1
resnet,mixed,17,bandpass_n20005_cRA_V2_V5_electrode_s15,phase2/results/predictions/full/mixed/resnet/seed_17/bandpass_n20005_cRA_V2_V5_electrode_s15.npz,76616,de5fbe0758531bdc59e94b120aed655fcaab83ebd2fed8db1e66c6e66da8abec
resnet,mixed,17,bandpass_n20005_cRA_V2_V5_electrode_s10,phase2/results/predictions/full/mixed/resnet/seed_17/bandpass_n20005_cRA_V2_V5_electrode_s10.npz,76568,47c187b3bac8cdb6657abf62e78c7c20904b88f6c77127a2f98ea94b0719135d
resnet,mixed,17,bandpass_n20005_cRA_V2_V5_electrode_s5,phase2/results/predictions/full/mixed/resnet/seed_17/bandpass_n20005_cRA_V2_V5_electrode_s5.npz,76429,da30bcb606b7087569068f11099a58ab09ff0e4b5867dfad4f374f7e5fdd4d0b
resnet,mixed,17,bandpass_n20005_cRA_V2_V5_electrode_s0,phase2/results/predictions/full/mixed/resnet/seed_17/bandpass_n20005_cRA_V2_V5_electrode_s0.npz,76127,a9ecc97be029f807c411bafdd5b9724c084db6d4238d1b555740cfc8e653970a
resnet,mixed,17,bandpass_n20005_cRA_V2_V5_covariance_s20,phase2/results/predictions/full/mixed/resnet/seed_17/bandpass_n20005_cRA_V2_V5_covariance_s20.npz,76660,a4ac07a76b73cab5739d943522bd7f538b518502790ba076fda46d1651f96fc8
resnet,mixed,17,bandpass_n20005_cRA_V2_V5_covariance_s15,phase2/results/predictions/full/mixed/resnet/seed_17/bandpass_n20005_cRA_V2_V5_covariance_s15.npz,76631,9757352fac37a18d07dd499302f23b68bc4e6ce6c8e91a36835ce68a279657e8
resnet,mixed,17,bandpass_n20005_cRA_V2_V5_covariance_s10,phase2/results/predictions/full/mixed/resnet/seed_17/bandpass_n20005_cRA_V2_V5_covariance_s10.npz,76570,e0bb28c2cf56a15a4e35882e4314300608c9cadb61492777d899111497afd61c
resnet,mixed,17,bandpass_n20005_cRA_V2_V5_covariance_s5,phase2/results/predictions/full/mixed/resnet/seed_17/bandpass_n20005_cRA_V2_V5_covariance_s5.npz,76419,07896ebbdf8a2cb55bf82582f873565e387b02de6c0bfaf03a034d705f46c818
resnet,mixed,17,bandpass_n20005_cRA_V2_V5_covariance_s0,phase2/results/predictions/full/mixed/resnet/seed_17/bandpass_n20005_cRA_V2_V5_covariance_s0.npz,76130,5ae2d5bee48df5184029a604d10f1cd987fd7f37db9f5313bbb47471e95220e7
resnet,mixed,17,bandpass_n20005_cLA_V3_V6_independent_rms_s20,phase2/results/predictions/full/mixed/resnet/seed_17/bandpass_n20005_cLA_V3_V6_independent_rms_s20.npz,76636,30acbaf2a9191d08e013b637eb420d6414baa6b1de82df2d02a677cf9ea81b02
resnet,mixed,17,bandpass_n20005_cLA_V3_V6_independent_rms_s15,phase2/results/predictions/full/mixed/resnet/seed_17/bandpass_n20005_cLA_V3_V6_independent_rms_s15.npz,76650,04798388abfdc930b36665361127e07d862cac4c913a92788b0a4eef27bad0c9
resnet,mixed,17,bandpass_n20005_cLA_V3_V6_independent_rms_s10,phase2/results/predictions/full/mixed/resnet/seed_17/bandpass_n20005_cLA_V3_V6_independent_rms_s10.npz,76585,8a0abae98e76402dd1a0174830eceea7d7db50a574598adf89f8ce49ea91145a
resnet,mixed,17,bandpass_n20005_cLA_V3_V6_independent_rms_s5,phase2/results/predictions/full/mixed/resnet/seed_17/bandpass_n20005_cLA_V3_V6_independent_rms_s5.npz,76491,3ad616cad787a2fcde5f87b3a441ad34ad2fb9c7246fba7b1a12319737f9c825
resnet,mixed,17,bandpass_n20005_cLA_V3_V6_independent_rms_s0,phase2/results/predictions/full/mixed/resnet/seed_17/bandpass_n20005_cLA_V3_V6_independent_rms_s0.npz,76232,a069540ab54e6b937477d98dc9c4888a2b1b2a670ebc4b9ad18dc89355dedbe5
resnet,mixed,17,bandpass_n20005_cLA_V3_V6_electrode_s20,phase2/results/predictions/full/mixed/resnet/seed_17/bandpass_n20005_cLA_V3_V6_electrode_s20.npz,76612,887a9d1a15dea34891b9448e0c3b367e27ff0ca2974a03705c16fe3a85427153
resnet,mixed,17,bandpass_n20005_cLA_V3_V6_electrode_s15,phase2/results/predictions/full/mixed/resnet/seed_17/bandpass_n20005_cLA_V3_V6_electrode_s15.npz,76595,a7588dc316b950ae04e68b893835e9f01c17390f0d85c868d9743716e847b669
resnet,mixed,17,bandpass_n20005_cLA_V3_V6_electrode_s10,phase2/results/predictions/full/mixed/resnet/seed_17/bandpass_n20005_cLA_V3_V6_electrode_s10.npz,76562,caf8e73f6af0a021b900e28f815e95f78c9835731e586a03bbbddbd60e9aebb4
resnet,mixed,17,bandpass_n20005_cLA_V3_V6_electrode_s5,phase2/results/predictions/full/mixed/resnet/seed_17/bandpass_n20005_cLA_V3_V6_electrode_s5.npz,76389,5f0de605c2c86c6bb1fd8ecad58c1fb3ed0f78c0fdf0db99b62bbeab0a2622aa
resnet,mixed,17,bandpass_n20005_cLA_V3_V6_electrode_s0,phase2/results/predictions/full/mixed/resnet/seed_17/bandpass_n20005_cLA_V3_V6_electrode_s0.npz,76025,2b6b52f1d2f6229d131d82e7feac24bda00f4037bc737cb0e8bf47a0a5abb8d3
resnet,mixed,17,bandpass_n20005_cLA_V3_V6_covariance_s20,phase2/results/predictions/full/mixed/resnet/seed_17/bandpass_n20005_cLA_V3_V6_covariance_s20.npz,76627,bb1eb5d564612de393ea081acba8fb517499e7530b8a5e9795802cbc012840bc
resnet,mixed,17,bandpass_n20005_cLA_V3_V6_covariance_s15,phase2/results/predictions/full/mixed/resnet/seed_17/bandpass_n20005_cLA_V3_V6_covariance_s15.npz,76617,bcf6baaf9b49c7924fb1bfd1bd278e7e551278c59cb699c31331bb43e301d213
resnet,mixed,17,bandpass_n20005_cLA_V3_V6_covariance_s10,phase2/results/predictions/full/mixed/resnet/seed_17/bandpass_n20005_cLA_V3_V6_covariance_s10.npz,76579,0df8b4882d2369d3c5f1a36784b4d261faf9b0f14c7e730eebba377517d528fa
resnet,mixed,17,bandpass_n20005_cLA_V3_V6_covariance_s5,phase2/results/predictions/full/mixed/resnet/seed_17/bandpass_n20005_cLA_V3_V6_covariance_s5.npz,76396,579a44f6b14cb64a7c05de01d6e50209e67efb628699810de1cc40e7634432e1
resnet,mixed,17,bandpass_n20005_cLA_V3_V6_covariance_s0,phase2/results/predictions/full/mixed/resnet/seed_17/bandpass_n20005_cLA_V3_V6_covariance_s0.npz,76050,6b6f10d5513ae90b62e00435fe12385203687914b158a304da11583b4ab11eba
resnet,mixed,17,bandpass_n20005_cLL_V1_V4_independent_rms_s20,phase2/results/predictions/full/mixed/resnet/seed_17/bandpass_n20005_cLL_V1_V4_independent_rms_s20.npz,76651,98fcaee4c1f098373ffe9e46254ffdfe16cd8e94c58d73c7984d338f40c9b3af
resnet,mixed,17,bandpass_n20005_cLL_V1_V4_independent_rms_s15,phase2/results/predictions/full/mixed/resnet/seed_17/bandpass_n20005_cLL_V1_V4_independent_rms_s15.npz,76642,bcff01db237328a521c8c2352f5863c1201b141677af161486f01ab8267178d2
resnet,mixed,17,bandpass_n20005_cLL_V1_V4_independent_rms_s10,phase2/results/predictions/full/mixed/resnet/seed_17/bandpass_n20005_cLL_V1_V4_independent_rms_s10.npz,76615,3e74541328e5d74b6b6b4441848e47a4270382f30ff45adff51667ce185c3bf6
resnet,mixed,17,bandpass_n20005_cLL_V1_V4_independent_rms_s5,phase2/results/predictions/full/mixed/resnet/seed_17/bandpass_n20005_cLL_V1_V4_independent_rms_s5.npz,76456,de90e184cde879551f84c9ff515381f2fedd6f0d595bd95728aac256c360a3e1
resnet,mixed,17,bandpass_n20005_cLL_V1_V4_independent_rms_s0,phase2/results/predictions/full/mixed/resnet/seed_17/bandpass_n20005_cLL_V1_V4_independent_rms_s0.npz,76176,a4298f1b13ad3107456fe89a7eb6a5c5dcd127fcc1a8a9342ecd98bd1b7e56c3
resnet,mixed,17,bandpass_n20005_cLL_V1_V4_electrode_s20,phase2/results/predictions/full/mixed/resnet/seed_17/bandpass_n20005_cLL_V1_V4_electrode_s20.npz,76628,238bc8340c414dc21006b4971ff6495454a2fde3fc947357ab3302bdb9b57806
resnet,mixed,17,bandpass_n20005_cLL_V1_V4_electrode_s15,phase2/results/predictions/full/mixed/resnet/seed_17/bandpass_n20005_cLL_V1_V4_electrode_s15.npz,76614,bfdd227bde1c0b5b39348c768250df07fb2d1ebcc4a3c0feb7afa1c1076cfbcc
resnet,mixed,17,bandpass_n20005_cLL_V1_V4_electrode_s10,phase2/results/predictions/full/mixed/resnet/seed_17/bandpass_n20005_cLL_V1_V4_electrode_s10.npz,76531,ae3f6a8ab134db2a7e08f2a6371d1aa7d37656af6feaafade921741e11a025d7
resnet,mixed,17,bandpass_n20005_cLL_V1_V4_electrode_s5,phase2/results/predictions/full/mixed/resnet/seed_17/bandpass_n20005_cLL_V1_V4_electrode_s5.npz,76332,0cbd1ecccbbb1d514f06593799cf8a024cbe2f5605d12df320b79793c0d615a1
resnet,mixed,17,bandpass_n20005_cLL_V1_V4_electrode_s0,phase2/results/predictions/full/mixed/resnet/seed_17/bandpass_n20005_cLL_V1_V4_electrode_s0.npz,75988,e8fbbcf9a36019eddbe26b5885f48962d801cfa4a880f8bfd5d21edd55a945c9
resnet,mixed,17,bandpass_n20005_cLL_V1_V4_covariance_s20,phase2/results/predictions/full/mixed/resnet/seed_17/bandpass_n20005_cLL_V1_V4_covariance_s20.npz,76608,725954f732812143e03af78e91542723c8f14442ca2e9781edb20a1e87dd0fa7
resnet,mixed,17,bandpass_n20005_cLL_V1_V4_covariance_s15,phase2/results/predictions/full/mixed/resnet/seed_17/bandpass_n20005_cLL_V1_V4_covariance_s15.npz,76599,64588d9a622b54c504fa51675d6ef8d39576bad97e5cb9ad3348e5a0adda9717
resnet,mixed,17,bandpass_n20005_cLL_V1_V4_covariance_s10,phase2/results/predictions/full/mixed/resnet/seed_17/bandpass_n20005_cLL_V1_V4_covariance_s10.npz,76545,d13a08471c4b9b17a8c363b6ad5cea17e0f894af63c1be01d2fe0a003f6facff
resnet,mixed,17,bandpass_n20005_cLL_V1_V4_covariance_s5,phase2/results/predictions/full/mixed/resnet/seed_17/bandpass_n20005_cLL_V1_V4_covariance_s5.npz,76382,6d919a6fff6645e6fbf0fe8d40d183bde0d0c1e5b9f9ce4e5a5918b69b68a77e
resnet,mixed,17,bandpass_n20005_cLL_V1_V4_covariance_s0,phase2/results/predictions/full/mixed/resnet/seed_17/bandpass_n20005_cLL_V1_V4_covariance_s0.npz,76020,c7bba1b2ad0ea9f6f2ead5754ee9473028aabbd7fbeea3ca226ab4d8904fb052
resnet,mixed,17,bandpass_n20005_call_independent_rms_s20,phase2/results/predictions/full/mixed/resnet/seed_17/bandpass_n20005_call_independent_rms_s20.npz,76605,5b19f6acbdb790997e910bde2b49b8f257849894c75c16916adfe783c0fa7b14
resnet,mixed,17,bandpass_n20005_call_independent_rms_s15,phase2/results/predictions/full/mixed/resnet/seed_17/bandpass_n20005_call_independent_rms_s15.npz,76647,1e26def25be7db8332654a292e27a967793c91757103fcf730a5acbf625633cc
resnet,mixed,17,bandpass_n20005_call_independent_rms_s10,phase2/results/predictions/full/mixed/resnet/seed_17/bandpass_n20005_call_independent_rms_s10.npz,76592,c9ee0ed3f4d04f1aa5bfdd9ff6fa69af3062f7b94f32af746bc2afb1ecb0ff6f
resnet,mixed,17,bandpass_n20005_call_independent_rms_s5,phase2/results/predictions/full/mixed/resnet/seed_17/bandpass_n20005_call_independent_rms_s5.npz,76424,99a0698989a30bfb0b2fb3a7e2b3fea23ff50e61c42d7f5a65fce606a6a74505
resnet,mixed,17,bandpass_n20005_call_independent_rms_s0,phase2/results/predictions/full/mixed/resnet/seed_17/bandpass_n20005_call_independent_rms_s0.npz,76152,c527b773fdce39fdf622064f12b318013c9073c096c3e8fa7d65c44bd04fb412
resnet,mixed,17,bandpass_n20005_call_electrode_s20,phase2/results/predictions/full/mixed/resnet/seed_17/bandpass_n20005_call_electrode_s20.npz,76579,ab831eaedd288ed1013b1929fe2bbc6807ad3717b88185d7bffb1a6e3c04ae48
resnet,mixed,17,bandpass_n20005_call_electrode_s15,phase2/results/predictions/full/mixed/resnet/seed_17/bandpass_n20005_call_electrode_s15.npz,76595,b0d41b715382294cabcaeb65cee5fc92be03befab27d687b36169e22bfdf0d86
resnet,mixed,17,bandpass_n20005_call_electrode_s10,phase2/results/predictions/full/mixed/resnet/seed_17/bandpass_n20005_call_electrode_s10.npz,76557,02b33d4511f0768631176a979a7654a105fbf733e2039dedc16bf570c1aabd88
resnet,mixed,17,bandpass_n20005_call_electrode_s5,phase2/results/predictions/full/mixed/resnet/seed_17/bandpass_n20005_call_electrode_s5.npz,76338,0c5f2885a39bc53acecf5b0a963540bfddf015fcec7955a1b324443a9903a91f
resnet,mixed,17,bandpass_n20005_call_electrode_s0,phase2/results/predictions/full/mixed/resnet/seed_17/bandpass_n20005_call_electrode_s0.npz,76011,de47aaadb27a994a1163c5b8236929bf07120c9d7301df80cca465d10937786a
resnet,mixed,17,bandpass_n20005_call_covariance_s20,phase2/results/predictions/full/mixed/resnet/seed_17/bandpass_n20005_call_covariance_s20.npz,76611,5b86f1fe1ad3820b03ab04119fb6d95241588028727353f5b2f4501335a355a3
resnet,mixed,17,bandpass_n20005_call_covariance_s15,phase2/results/predictions/full/mixed/resnet/seed_17/bandpass_n20005_call_covariance_s15.npz,76576,3b26a6bf15ab604b6a02403e0cfd0bde4f15589a7548378eb835c31294644d4d
resnet,mixed,17,bandpass_n20005_call_covariance_s10,phase2/results/predictions/full/mixed/resnet/seed_17/bandpass_n20005_call_covariance_s10.npz,76529,b33e21c46976b21250a36b0c0232dd60130563ad35d3af3347cf65589c6dba9c
resnet,mixed,17,bandpass_n20005_call_covariance_s5,phase2/results/predictions/full/mixed/resnet/seed_17/bandpass_n20005_call_covariance_s5.npz,76325,9e4b6d45908acf33402a133e1d3fe7b8509002a873b6adff85e143dfadd2980a
resnet,mixed,17,bandpass_n20005_call_covariance_s0,phase2/results/predictions/full/mixed/resnet/seed_17/bandpass_n20005_call_covariance_s0.npz,76006,ece727c01785555456f93329314b836cba24e26067d8d9b1cc94c9f3197c18a6
resnet,mixed,17,bw_n20001_call_independent_rms_s20,phase2/results/predictions/full/mixed/resnet/seed_17/bw_n20001_call_independent_rms_s20.npz,76626,92c41999b66c0db2958b8c9310993d459e06fd60b4929627468d0be71ecaadb5
resnet,mixed,17,bw_n20001_call_independent_rms_s10,phase2/results/predictions/full/mixed/resnet/seed_17/bw_n20001_call_independent_rms_s10.npz,76614,db846a23926620d28758c40b971f8e99bb7f036d24fa6e9b84510d405a3ae864
resnet,mixed,17,bw_n20001_call_independent_rms_s0,phase2/results/predictions/full/mixed/resnet/seed_17/bw_n20001_call_independent_rms_s0.npz,76333,e26096cda152fa58c882be4b034a97b3b3ede2b04891057a69653e492702aa79
resnet,mixed,17,bw_n20001_call_electrode_s20,phase2/results/predictions/full/mixed/resnet/seed_17/bw_n20001_call_electrode_s20.npz,76564,07e797733611d99131344249238c2102b24b7c9bce8b91ab884c727d8a6fe2ec
resnet,mixed,17,bw_n20001_call_electrode_s10,phase2/results/predictions/full/mixed/resnet/seed_17/bw_n20001_call_electrode_s10.npz,76575,62c0f5c6f1f047028acfad2c61a24d86ce4b4ad166662965bb1bb802a61bef96
resnet,mixed,17,bw_n20001_call_electrode_s0,phase2/results/predictions/full/mixed/resnet/seed_17/bw_n20001_call_electrode_s0.npz,76325,db016bd787806f859c85803dbb2f926bd6a81cbe97224115643601d41b1f3489
resnet,mixed,17,bw_n20001_call_covariance_s20,phase2/results/predictions/full/mixed/resnet/seed_17/bw_n20001_call_covariance_s20.npz,76569,0d9662775a5a981ea0cc829b0eabfd8c293b8f874449322461af8b7afb8bdbf1
resnet,mixed,17,bw_n20001_call_covariance_s10,phase2/results/predictions/full/mixed/resnet/seed_17/bw_n20001_call_covariance_s10.npz,76588,704e6e562c84019c434646e62c41b054bd814f91cea0feefe48d17c422e2f9d8
resnet,mixed,17,bw_n20001_call_covariance_s0,phase2/results/predictions/full/mixed/resnet/seed_17/bw_n20001_call_covariance_s0.npz,76321,4c74b612f61b3a029f0ea15d778e7e050d71a802a49415c4e3089ddd39236e32
resnet,mixed,17,bw_n20002_call_independent_rms_s20,phase2/results/predictions/full/mixed/resnet/seed_17/bw_n20002_call_independent_rms_s20.npz,76596,1de62bea96672e16d836e2d9f3b0068607ec791bd7d98012722931b9e535a493
resnet,mixed,17,bw_n20002_call_independent_rms_s10,phase2/results/predictions/full/mixed/resnet/seed_17/bw_n20002_call_independent_rms_s10.npz,76587,a61806a566446679e214614908906973240925044d435f3c895f1d0cd6057533
resnet,mixed,17,bw_n20002_call_independent_rms_s0,phase2/results/predictions/full/mixed/resnet/seed_17/bw_n20002_call_independent_rms_s0.npz,76312,86eb60af3e33ba47204f559727be197e001cf96bddebbc9aaae4f6b73a195bae
resnet,mixed,17,bw_n20002_call_electrode_s20,phase2/results/predictions/full/mixed/resnet/seed_17/bw_n20002_call_electrode_s20.npz,76566,3e05b652a81a09261340fc9e9c9ddba71f6364f23e49618ddd35c4599cba062c
resnet,mixed,17,bw_n20002_call_electrode_s10,phase2/results/predictions/full/mixed/resnet/seed_17/bw_n20002_call_electrode_s10.npz,76555,6da7322e16a7fc49e16a3a950af1b29e1f0f380ce52ec3a99f3c23069065ba90
resnet,mixed,17,bw_n20002_call_electrode_s0,phase2/results/predictions/full/mixed/resnet/seed_17/bw_n20002_call_electrode_s0.npz,76308,45661f7731cb38094632fbec7c9f173d0de091c42db54624160025b37dae19c7
resnet,mixed,17,bw_n20002_call_covariance_s20,phase2/results/predictions/full/mixed/resnet/seed_17/bw_n20002_call_covariance_s20.npz,76576,10661dd4b887727295760a42c563c7d77721768cdb9cc00fb28283c1872fcaed
resnet,mixed,17,bw_n20002_call_covariance_s10,phase2/results/predictions/full/mixed/resnet/seed_17/bw_n20002_call_covariance_s10.npz,76552,0dc45cf0e582b536a54a5c0568a7f0b5563f96f9433d629263186d9af7b5ac27
resnet,mixed,17,bw_n20002_call_covariance_s0,phase2/results/predictions/full/mixed/resnet/seed_17/bw_n20002_call_covariance_s0.npz,76291,8e49387760194582dee080b100d2d0cc6a446d595d3022d7e092c80d8d51b12f
resnet,mixed,17,bw_n20003_call_independent_rms_s20,phase2/results/predictions/full/mixed/resnet/seed_17/bw_n20003_call_independent_rms_s20.npz,76599,686305a9ab95f9599a3bd988d76b9378d4530c0842dfe9606d6e788c12297cdb
resnet,mixed,17,bw_n20003_call_independent_rms_s10,phase2/results/predictions/full/mixed/resnet/seed_17/bw_n20003_call_independent_rms_s10.npz,76586,d2c6a8719daaa2d776b3a5af8fa78179ea205ee17072be43e22d0db26f10f0da
resnet,mixed,17,bw_n20003_call_independent_rms_s0,phase2/results/predictions/full/mixed/resnet/seed_17/bw_n20003_call_independent_rms_s0.npz,76360,9b171dc6f2a543bc893bf02f2d515ac74564cdcaa2627bb73e2e1a5b38b12d50
resnet,mixed,17,bw_n20003_call_electrode_s20,phase2/results/predictions/full/mixed/resnet/seed_17/bw_n20003_call_electrode_s20.npz,76577,38311f4a9b32c4eed2044fe3310cf1639052493862061f2b5038e2869eaaf6fc
resnet,mixed,17,bw_n20003_call_electrode_s10,phase2/results/predictions/full/mixed/resnet/seed_17/bw_n20003_call_electrode_s10.npz,76571,1fc66e284a4c50e76e410cffe7bd115f0aeb3e6ce786cbf6f0695ce14bc077cf
resnet,mixed,17,bw_n20003_call_electrode_s0,phase2/results/predictions/full/mixed/resnet/seed_17/bw_n20003_call_electrode_s0.npz,76293,6d87609cc1d53f45c22162785142dc8d388e688ff41522be0103e1e75da9acbd
resnet,mixed,17,bw_n20003_call_covariance_s20,phase2/results/predictions/full/mixed/resnet/seed_17/bw_n20003_call_covariance_s20.npz,76580,edbe4736208b7ad11a8512f1d12a22b07152c8835dc3a5aed79c6a242b943c9a
resnet,mixed,17,bw_n20003_call_covariance_s10,phase2/results/predictions/full/mixed/resnet/seed_17/bw_n20003_call_covariance_s10.npz,76562,88ffa4defdc166f41e3fd5e44c011fd4cb37c7027f88ef3c5214fd7070bb47dd
resnet,mixed,17,bw_n20003_call_covariance_s0,phase2/results/predictions/full/mixed/resnet/seed_17/bw_n20003_call_covariance_s0.npz,76295,47ef1101a33988b7c6d116886a4e812d8dcc62a88518dcb578f3a524ba866e6e
resnet,mixed,17,bw_n20004_call_independent_rms_s20,phase2/results/predictions/full/mixed/resnet/seed_17/bw_n20004_call_independent_rms_s20.npz,76585,cef994f5d5e3aa51dc7d19890abc9086d4974690ee2c739613ce5b436367be82
resnet,mixed,17,bw_n20004_call_independent_rms_s10,phase2/results/predictions/full/mixed/resnet/seed_17/bw_n20004_call_independent_rms_s10.npz,76553,e5850ad4a5795ac3c35dff2b3380bc6dd0055365600f11da004fb6690feb29ce
resnet,mixed,17,bw_n20004_call_independent_rms_s0,phase2/results/predictions/full/mixed/resnet/seed_17/bw_n20004_call_independent_rms_s0.npz,76381,800f985c0778d07ef18e6b930d86d712e5dd492149661ba25453eb54ff099c39
resnet,mixed,17,bw_n20004_call_electrode_s20,phase2/results/predictions/full/mixed/resnet/seed_17/bw_n20004_call_electrode_s20.npz,76581,94579d12c582788ab8f6dda9b115208f3a70c26a3f924aafcb9b0e6ebac2b5ed
resnet,mixed,17,bw_n20004_call_electrode_s10,phase2/results/predictions/full/mixed/resnet/seed_17/bw_n20004_call_electrode_s10.npz,76569,7cb4de25b6ca03dd4383a6034eaaeadc548e0d4df904d7f5e5cd24528faed6f1
resnet,mixed,17,bw_n20004_call_electrode_s0,phase2/results/predictions/full/mixed/resnet/seed_17/bw_n20004_call_electrode_s0.npz,76333,3f76edfd244844fda425bd269ad0d7832a6c79f925221d7f5efa50ab17e307de
resnet,mixed,17,bw_n20004_call_covariance_s20,phase2/results/predictions/full/mixed/resnet/seed_17/bw_n20004_call_covariance_s20.npz,76568,9b3c0a576129f91773af4541c7cfa5a18ac46e0c553a52bfa9ae4de0dbb41ff2
resnet,mixed,17,bw_n20004_call_covariance_s10,phase2/results/predictions/full/mixed/resnet/seed_17/bw_n20004_call_covariance_s10.npz,76569,b08c1af543454ee5d7436d423020f5f4acdf6e51013ca909cef521e125e2cffe
resnet,mixed,17,bw_n20004_call_covariance_s0,phase2/results/predictions/full/mixed/resnet/seed_17/bw_n20004_call_covariance_s0.npz,76322,de11a1069ebbe8b9f070ee317a4aa9e09ac7e7e34e49153790e0e469278a0330
resnet,mixed,17,bw_n20005_call_independent_rms_s20,phase2/results/predictions/full/mixed/resnet/seed_17/bw_n20005_call_independent_rms_s20.npz,76609,590288ea329ab1225ac87f41c5af955d87f14a856bb41c31ec1a09c55fb13ece
resnet,mixed,17,bw_n20005_call_independent_rms_s10,phase2/results/predictions/full/mixed/resnet/seed_17/bw_n20005_call_independent_rms_s10.npz,76566,0eef1e6d54d2b5a7c84c0476c913a22302dbeb2b85757087ebcafc1dd216aabd
resnet,mixed,17,bw_n20005_call_independent_rms_s0,phase2/results/predictions/full/mixed/resnet/seed_17/bw_n20005_call_independent_rms_s0.npz,76307,57cfd543646fc9f601739304543035669fd2e01daf5069b2a3aa93706062706a
resnet,mixed,17,bw_n20005_call_electrode_s20,phase2/results/predictions/full/mixed/resnet/seed_17/bw_n20005_call_electrode_s20.npz,76593,4eaa21a1b58173535e32a9834ee6c2532ac47f5f420343f4c2f0711ced272d7c
resnet,mixed,17,bw_n20005_call_electrode_s10,phase2/results/predictions/full/mixed/resnet/seed_17/bw_n20005_call_electrode_s10.npz,76544,62a034512c22b214209a4abe0aad90939ddf4e5130769936fd9d9c5307d32269
resnet,mixed,17,bw_n20005_call_electrode_s0,phase2/results/predictions/full/mixed/resnet/seed_17/bw_n20005_call_electrode_s0.npz,76322,d27fd36d7867612c7d28db1c0d92466f83b423e43565ce01e5cfaf81ca70caa5
resnet,mixed,17,bw_n20005_call_covariance_s20,phase2/results/predictions/full/mixed/resnet/seed_17/bw_n20005_call_covariance_s20.npz,76568,c59e7fb085ba73dabe45c0086daf3789f3ed2afa0ce6fe37b57bc9e4dcfde8a6
resnet,mixed,17,bw_n20005_call_covariance_s10,phase2/results/predictions/full/mixed/resnet/seed_17/bw_n20005_call_covariance_s10.npz,76554,45234adc772bf8a690ae07b83eb191676f45e93a0726d8a206e78b1b69599c55
resnet,mixed,17,bw_n20005_call_covariance_s0,phase2/results/predictions/full/mixed/resnet/seed_17/bw_n20005_call_covariance_s0.npz,76315,f16db31fc54a963495b3e593c60498ee3a7b107d483609ac36a57a93bbb11345
resnet,mixed,17,ma_n20001_call_independent_rms_s20,phase2/results/predictions/full/mixed/resnet/seed_17/ma_n20001_call_independent_rms_s20.npz,76597,8339bdc2eddcf3ba03781e0ddaf641c491e7c69420cd413414e18e236f3f7c2f
resnet,mixed,17,ma_n20001_call_independent_rms_s10,phase2/results/predictions/full/mixed/resnet/seed_17/ma_n20001_call_independent_rms_s10.npz,76604,0fef12feb89bc4882390ac4c6bd76a3c4d94d4a5ee1958e0f230553155478b88
resnet,mixed,17,ma_n20001_call_independent_rms_s0,phase2/results/predictions/full/mixed/resnet/seed_17/ma_n20001_call_independent_rms_s0.npz,76277,22d6ac853f222af1af6a85542d13d00b822f35abcc56f0326477914360f6789a
resnet,mixed,17,ma_n20001_call_electrode_s20,phase2/results/predictions/full/mixed/resnet/seed_17/ma_n20001_call_electrode_s20.npz,76577,b1723c18644b64d823a957486e26978f5cee4afc14f2edbbe06f50d5149ea9bc
resnet,mixed,17,ma_n20001_call_electrode_s10,phase2/results/predictions/full/mixed/resnet/seed_17/ma_n20001_call_electrode_s10.npz,76546,406ad712ca284b1aa018b089dd33e667267c3bd9278ccd702387af74e43bd3a5
resnet,mixed,17,ma_n20001_call_electrode_s0,phase2/results/predictions/full/mixed/resnet/seed_17/ma_n20001_call_electrode_s0.npz,76247,ef0c89ce47a9e46c45c1619baf9cadaad6e7b83a2ec5ce5f00bedcce1040038c
resnet,mixed,17,ma_n20001_call_covariance_s20,phase2/results/predictions/full/mixed/resnet/seed_17/ma_n20001_call_covariance_s20.npz,76554,49513771b78d3262e28c511624141bad3eb7dd1ac74365db70cf0f781de9d811
resnet,mixed,17,ma_n20001_call_covariance_s10,phase2/results/predictions/full/mixed/resnet/seed_17/ma_n20001_call_covariance_s10.npz,76558,d730defeead68adfc3d77924c86910b3a2a2b672928a0b77ae599eed2bfc5e29
resnet,mixed,17,ma_n20001_call_covariance_s0,phase2/results/predictions/full/mixed/resnet/seed_17/ma_n20001_call_covariance_s0.npz,76296,d0d27bf7eaabae9d46f15b3b672414264b4edd60f19ba79d0f3c7896a9437686
resnet,mixed,17,ma_n20002_call_independent_rms_s20,phase2/results/predictions/full/mixed/resnet/seed_17/ma_n20002_call_independent_rms_s20.npz,76618,7ecc01b0adeff385132d391704bcbcbff0893c2de7e11b0ccb89c81c071888dc
resnet,mixed,17,ma_n20002_call_independent_rms_s10,phase2/results/predictions/full/mixed/resnet/seed_17/ma_n20002_call_independent_rms_s10.npz,76591,ca67b436dcdf05f3d909d336d700158dd668de666ab033115c469e24fbee1b46
resnet,mixed,17,ma_n20002_call_independent_rms_s0,phase2/results/predictions/full/mixed/resnet/seed_17/ma_n20002_call_independent_rms_s0.npz,76321,c096a30dfc93b88cf35e413ecfe83ae3b36df34da8e90974b5977f9a4bd28775
resnet,mixed,17,ma_n20002_call_electrode_s20,phase2/results/predictions/full/mixed/resnet/seed_17/ma_n20002_call_electrode_s20.npz,76580,a218ad891f129fb643a7e5b1307227ac0cd7505da73da23b998d10fa4675ece3
resnet,mixed,17,ma_n20002_call_electrode_s10,phase2/results/predictions/full/mixed/resnet/seed_17/ma_n20002_call_electrode_s10.npz,76559,da78986bac4479c64de1580ed21c8d6c1278b42b32ed564a2c80f47e5620fde7
resnet,mixed,17,ma_n20002_call_electrode_s0,phase2/results/predictions/full/mixed/resnet/seed_17/ma_n20002_call_electrode_s0.npz,76279,fa475d93d9d444bbe8d0217eee6af51711f17588940e4e7c206c24d4c9278089
resnet,mixed,17,ma_n20002_call_covariance_s20,phase2/results/predictions/full/mixed/resnet/seed_17/ma_n20002_call_covariance_s20.npz,76594,e3dae64baf071d484fcd51c6b192d79e0871c7e7115f4c1f4b7cdf83890f5183
resnet,mixed,17,ma_n20002_call_covariance_s10,phase2/results/predictions/full/mixed/resnet/seed_17/ma_n20002_call_covariance_s10.npz,76534,83530afbd6b10f5cb2a55b54eb7b53259fcf58ef07688a3b107c3d1981e3a34f
resnet,mixed,17,ma_n20002_call_covariance_s0,phase2/results/predictions/full/mixed/resnet/seed_17/ma_n20002_call_covariance_s0.npz,76243,f007660ce60f4d6c36d11371a160a8584e62f3a49aca561038cef6f86e919737
resnet,mixed,17,ma_n20003_call_independent_rms_s20,phase2/results/predictions/full/mixed/resnet/seed_17/ma_n20003_call_independent_rms_s20.npz,76594,148f8c84a765a6f2657d30512b02cd3325af2845969ab2822e4828c20c174cfa
resnet,mixed,17,ma_n20003_call_independent_rms_s10,phase2/results/predictions/full/mixed/resnet/seed_17/ma_n20003_call_independent_rms_s10.npz,76565,eee5e52414aa1cb32ac30af401bd1b1f108e4f6f96265b7917a166c7bd1c9ffc
resnet,mixed,17,ma_n20003_call_independent_rms_s0,phase2/results/predictions/full/mixed/resnet/seed_17/ma_n20003_call_independent_rms_s0.npz,76299,8c2f4690b4ae8de564b699b0c09f1ffebf3f4a904a3d0fa30bb2601cf73d3c87
resnet,mixed,17,ma_n20003_call_electrode_s20,phase2/results/predictions/full/mixed/resnet/seed_17/ma_n20003_call_electrode_s20.npz,76602,16c1248516b4033c3c78081d97c93eca700d916373b4b9a8d360a70e95c96d80
resnet,mixed,17,ma_n20003_call_electrode_s10,phase2/results/predictions/full/mixed/resnet/seed_17/ma_n20003_call_electrode_s10.npz,76576,083afeda2ba47ccbd62f170b1a6d89e9b7fbac1dc2b04278dc921e4b61c55f94
resnet,mixed,17,ma_n20003_call_electrode_s0,phase2/results/predictions/full/mixed/resnet/seed_17/ma_n20003_call_electrode_s0.npz,76254,77e88e89ef2b43500d7f85e3bc843bfc26fecf19c5f678bfbfb3ccfb8048805b
resnet,mixed,17,ma_n20003_call_covariance_s20,phase2/results/predictions/full/mixed/resnet/seed_17/ma_n20003_call_covariance_s20.npz,76600,ae5df34ec0a36c473e1e8f6cde1a1f7d62c221d2fb1696abfe868cd4bdc452e5
resnet,mixed,17,ma_n20003_call_covariance_s10,phase2/results/predictions/full/mixed/resnet/seed_17/ma_n20003_call_covariance_s10.npz,76569,a36d44be55b8187b14fafa1fd50e20beeec8b52815e5959d5d635e65afe77b04
resnet,mixed,17,ma_n20003_call_covariance_s0,phase2/results/predictions/full/mixed/resnet/seed_17/ma_n20003_call_covariance_s0.npz,76262,bbfd869b92728e4c6cb189caad0e11cfe4d8c46dc234db7e8415d0b5bf627c8c
resnet,mixed,17,ma_n20004_call_independent_rms_s20,phase2/results/predictions/full/mixed/resnet/seed_17/ma_n20004_call_independent_rms_s20.npz,76603,485dd69e989eed716681f52e283ae3121c39bcccff0a227e9a8d339fd009382d
resnet,mixed,17,ma_n20004_call_independent_rms_s10,phase2/results/predictions/full/mixed/resnet/seed_17/ma_n20004_call_independent_rms_s10.npz,76563,40a4a0bff570ca9647e26157f26aa8c2ff2f342ec734c743e8a45232e5c5ca36
resnet,mixed,17,ma_n20004_call_independent_rms_s0,phase2/results/predictions/full/mixed/resnet/seed_17/ma_n20004_call_independent_rms_s0.npz,76296,34a77094a7f2eda6188f20d5fb24a686c25935bddaa7259dda4ba4275597c878
resnet,mixed,17,ma_n20004_call_electrode_s20,phase2/results/predictions/full/mixed/resnet/seed_17/ma_n20004_call_electrode_s20.npz,76556,35d9e20c8671f0444c62a915ecd975ac629e25e6d5d4e19f998af228e75faaa3
resnet,mixed,17,ma_n20004_call_electrode_s10,phase2/results/predictions/full/mixed/resnet/seed_17/ma_n20004_call_electrode_s10.npz,76536,2e32c1b6d8f31ea427c0bcb46c399a9d8931a7083801135ca399acebd16053cb
resnet,mixed,17,ma_n20004_call_electrode_s0,phase2/results/predictions/full/mixed/resnet/seed_17/ma_n20004_call_electrode_s0.npz,76257,da482caef5927b19682e13120bdcb85a6072bf6c45c4936f7fecd4f1b8f55bbe
resnet,mixed,17,ma_n20004_call_covariance_s20,phase2/results/predictions/full/mixed/resnet/seed_17/ma_n20004_call_covariance_s20.npz,76603,ac9deb87e9f082b65064a8710ed85d07c32ebceedbc1aea635af46265ddf5604
resnet,mixed,17,ma_n20004_call_covariance_s10,phase2/results/predictions/full/mixed/resnet/seed_17/ma_n20004_call_covariance_s10.npz,76575,e19ee24837f93e502cf5fc055d93ef67394bc821842bc9d958114804638d7198
resnet,mixed,17,ma_n20004_call_covariance_s0,phase2/results/predictions/full/mixed/resnet/seed_17/ma_n20004_call_covariance_s0.npz,76267,801216854cb6ddcb1179cf93f7402d634c7e12e046aa1fff9995c4e80844eccf
resnet,mixed,17,ma_n20005_call_independent_rms_s20,phase2/results/predictions/full/mixed/resnet/seed_17/ma_n20005_call_independent_rms_s20.npz,76621,9a772d3b8ea6f305368ec9d8a97d04f36b83ab135e080dc13fbcec763628b295
resnet,mixed,17,ma_n20005_call_independent_rms_s10,phase2/results/predictions/full/mixed/resnet/seed_17/ma_n20005_call_independent_rms_s10.npz,76615,b7e511d5c0ea909fde75cefbb1f8a3a28ebbac5fb7bcb66ac5a715d4ccc63831
resnet,mixed,17,ma_n20005_call_independent_rms_s0,phase2/results/predictions/full/mixed/resnet/seed_17/ma_n20005_call_independent_rms_s0.npz,76277,7e80ae6c5c9d2d071db8ab142e6cf9cae72b129ea091e1f9487c94c5d8dc2803
resnet,mixed,17,ma_n20005_call_electrode_s20,phase2/results/predictions/full/mixed/resnet/seed_17/ma_n20005_call_electrode_s20.npz,76544,8821121051fe9f7531caa20e543fddbae654b31bee180ec8650e23e89d7c336a
resnet,mixed,17,ma_n20005_call_electrode_s10,phase2/results/predictions/full/mixed/resnet/seed_17/ma_n20005_call_electrode_s10.npz,76548,44caf64ad2ba58fec0649845f78175914c7b2100d9a756195d2aa4d5f843e587
resnet,mixed,17,ma_n20005_call_electrode_s0,phase2/results/predictions/full/mixed/resnet/seed_17/ma_n20005_call_electrode_s0.npz,76285,c49df72834e427f0079b9792f3b4baeeffa745ce1a260d17d8f6555f0b430288
resnet,mixed,17,ma_n20005_call_covariance_s20,phase2/results/predictions/full/mixed/resnet/seed_17/ma_n20005_call_covariance_s20.npz,76572,0ca970ac0543c7541aa453311cb22079ae39a63aa68f2b104a0a773644575519
resnet,mixed,17,ma_n20005_call_covariance_s10,phase2/results/predictions/full/mixed/resnet/seed_17/ma_n20005_call_covariance_s10.npz,76533,dc412741444d6d90abb4096e47cdc9fca6f65ca586befb6404796385f9a03e6c
resnet,mixed,17,ma_n20005_call_covariance_s0,phase2/results/predictions/full/mixed/resnet/seed_17/ma_n20005_call_covariance_s0.npz,76244,8017fedc84eaf7eb44745c6091c7f78df5d7ba5ebd98ba93d75d2f5aa234e5a3
resnet,mixed,17,em_n20001_call_independent_rms_s20,phase2/results/predictions/full/mixed/resnet/seed_17/em_n20001_call_independent_rms_s20.npz,76558,9f02bef391f093b97a0682817fd25a553e90a50b8dd8c9f10c75ea132a2b3fbe
resnet,mixed,17,em_n20001_call_independent_rms_s10,phase2/results/predictions/full/mixed/resnet/seed_17/em_n20001_call_independent_rms_s10.npz,76558,bf687b74b597dafc282b03966dc47b798e7ec6bc84ccfcd1df1662d06a1c3b6e
resnet,mixed,17,em_n20001_call_independent_rms_s0,phase2/results/predictions/full/mixed/resnet/seed_17/em_n20001_call_independent_rms_s0.npz,76113,0173892c4db18f514f4a5970f03536ef9c96f2801d37d2c28bc6bcdc65ccb599
resnet,mixed,17,em_n20001_call_electrode_s20,phase2/results/predictions/full/mixed/resnet/seed_17/em_n20001_call_electrode_s20.npz,76621,209ddda66513b71da5c21fa3f8ae2fa86636dcd0c69c7ea430e8d9bd1de4408f
resnet,mixed,17,em_n20001_call_electrode_s10,phase2/results/predictions/full/mixed/resnet/seed_17/em_n20001_call_electrode_s10.npz,76431,477f2f4bf44afde99a0d0f3fd655972ba6b93660e887b9052227924597986d98
resnet,mixed,17,em_n20001_call_electrode_s0,phase2/results/predictions/full/mixed/resnet/seed_17/em_n20001_call_electrode_s0.npz,75987,0fd9e220037ef7d1522d146dd62a9bfc53b2ff65492cafe487a247d7036871df
resnet,mixed,17,em_n20001_call_covariance_s20,phase2/results/predictions/full/mixed/resnet/seed_17/em_n20001_call_covariance_s20.npz,76577,f45fbe6b20449432c3bc4b6b71f6963dd6acdac6713c7c0c7369e68efae01099
resnet,mixed,17,em_n20001_call_covariance_s10,phase2/results/predictions/full/mixed/resnet/seed_17/em_n20001_call_covariance_s10.npz,76490,a36b58643a1e645913811eeb68f2c05dcaf94998dd8a3cbfb5d97525f6e36b72
resnet,mixed,17,em_n20001_call_covariance_s0,phase2/results/predictions/full/mixed/resnet/seed_17/em_n20001_call_covariance_s0.npz,75973,41b90ed80fe463634c1ee42b20793ea3fd730488228786a46d51350ce886dfce
resnet,mixed,17,em_n20002_call_independent_rms_s20,phase2/results/predictions/full/mixed/resnet/seed_17/em_n20002_call_independent_rms_s20.npz,76631,5e8569a552e22a0e8b47f9d45b6ceb59cf51b7151e7bd7d2a3265e3d1dbfa512
resnet,mixed,17,em_n20002_call_independent_rms_s10,phase2/results/predictions/full/mixed/resnet/seed_17/em_n20002_call_independent_rms_s10.npz,76542,e21a4bf06e3388db168d7472261f3d72314c7893b640c5b66888cc43986565d8
resnet,mixed,17,em_n20002_call_independent_rms_s0,phase2/results/predictions/full/mixed/resnet/seed_17/em_n20002_call_independent_rms_s0.npz,76136,7b15dbc2443880c91731404447b424912c6f29392612b0fa9288c2bd3008728b
resnet,mixed,17,em_n20002_call_electrode_s20,phase2/results/predictions/full/mixed/resnet/seed_17/em_n20002_call_electrode_s20.npz,76577,058f36cffea692d5f5c45120e509dc3a9df3777368585ebd904adf5a16f7e1cf
resnet,mixed,17,em_n20002_call_electrode_s10,phase2/results/predictions/full/mixed/resnet/seed_17/em_n20002_call_electrode_s10.npz,76450,de886536c84aa87f1bf42cd3710f1ba257a816647e36b509c2514d211a812180
resnet,mixed,17,em_n20002_call_electrode_s0,phase2/results/predictions/full/mixed/resnet/seed_17/em_n20002_call_electrode_s0.npz,75950,a3143ebe0d9e9b090541961757a7bbf0d42bbb459b560e45ee28b3d3cc40e4eb
resnet,mixed,17,em_n20002_call_covariance_s20,phase2/results/predictions/full/mixed/resnet/seed_17/em_n20002_call_covariance_s20.npz,76573,259319a2025b43379b3259131dc99760bea2cc27fffb237323a37ec6d7a2b906
resnet,mixed,17,em_n20002_call_covariance_s10,phase2/results/predictions/full/mixed/resnet/seed_17/em_n20002_call_covariance_s10.npz,76465,e0f1726f1771ef52298ce19b7bac4ade7c0d0cb8bdea62ecc70e11feff923981
resnet,mixed,17,em_n20002_call_covariance_s0,phase2/results/predictions/full/mixed/resnet/seed_17/em_n20002_call_covariance_s0.npz,75968,b42c7dba6ec38c983c9c7bb23a87b2840603763e23c26b378460fa0bce90a6a5
resnet,mixed,17,em_n20003_call_independent_rms_s20,phase2/results/predictions/full/mixed/resnet/seed_17/em_n20003_call_independent_rms_s20.npz,76599,a29ccfcecc07a3ba0c4dd788268be40d6892570bb317fc53ec9a430ce5d3cb0d
resnet,mixed,17,em_n20003_call_independent_rms_s10,phase2/results/predictions/full/mixed/resnet/seed_17/em_n20003_call_independent_rms_s10.npz,76521,d29bc526a4ecb4036971d1cefe82302f6b38109ba19bfbb8440bbae34e2d7720
resnet,mixed,17,em_n20003_call_independent_rms_s0,phase2/results/predictions/full/mixed/resnet/seed_17/em_n20003_call_independent_rms_s0.npz,76148,548ea1d2bffdc8817202718617938cf49316d6adef36b9188407ec9e5bdf73e3
resnet,mixed,17,em_n20003_call_electrode_s20,phase2/results/predictions/full/mixed/resnet/seed_17/em_n20003_call_electrode_s20.npz,76571,9c534a056876909103a6d3b547b6ec4eea5cc948e5e0a45d04ec460c999e264c
resnet,mixed,17,em_n20003_call_electrode_s10,phase2/results/predictions/full/mixed/resnet/seed_17/em_n20003_call_electrode_s10.npz,76456,617e919b5e92f8a8afebc95799aa063ce4d3af7f8d53413c865d250162a07275
resnet,mixed,17,em_n20003_call_electrode_s0,phase2/results/predictions/full/mixed/resnet/seed_17/em_n20003_call_electrode_s0.npz,75991,1820e47fe384ef1913a2d21510a5d31391249ace0513b53c274a9cdfce2f760e
resnet,mixed,17,em_n20003_call_covariance_s20,phase2/results/predictions/full/mixed/resnet/seed_17/em_n20003_call_covariance_s20.npz,76605,9cbec819ec08470eb3bda0536517d832c8521cd79c6250326a87e4ad5bc307ae
resnet,mixed,17,em_n20003_call_covariance_s10,phase2/results/predictions/full/mixed/resnet/seed_17/em_n20003_call_covariance_s10.npz,76488,259b10c79bbb5d019cc98e0fa0aff78e5da25e12b10d232d55b6df08d8946185
resnet,mixed,17,em_n20003_call_covariance_s0,phase2/results/predictions/full/mixed/resnet/seed_17/em_n20003_call_covariance_s0.npz,75980,918e1de9b952ee0cda7e615d429605fd5dd85e92668daeaf009875b085c8079f
resnet,mixed,17,em_n20004_call_independent_rms_s20,phase2/results/predictions/full/mixed/resnet/seed_17/em_n20004_call_independent_rms_s20.npz,76582,ff3e4e0ac52849e87b2eb74b6765871ff608013c986b4f05dfe18954e98fadbc
resnet,mixed,17,em_n20004_call_independent_rms_s10,phase2/results/predictions/full/mixed/resnet/seed_17/em_n20004_call_independent_rms_s10.npz,76537,1e3289c0a3c9703802a8c83b62913ef8cbc90abafc938f4da5f0edd98702d5de
resnet,mixed,17,em_n20004_call_independent_rms_s0,phase2/results/predictions/full/mixed/resnet/seed_17/em_n20004_call_independent_rms_s0.npz,76110,b53f7893618cade3fd02f94a67a4fcc8c17d54804cbd2ac79b4392d7592f718b
resnet,mixed,17,em_n20004_call_electrode_s20,phase2/results/predictions/full/mixed/resnet/seed_17/em_n20004_call_electrode_s20.npz,76576,29338131dafb7b63508378284096c6386e8741e9b4692a683f171e311d551c63
resnet,mixed,17,em_n20004_call_electrode_s10,phase2/results/predictions/full/mixed/resnet/seed_17/em_n20004_call_electrode_s10.npz,76476,87350070b344b8d9dfd40d01fa4ddc98f7ca07b06bb3862afdb2d292abdf1e55
resnet,mixed,17,em_n20004_call_electrode_s0,phase2/results/predictions/full/mixed/resnet/seed_17/em_n20004_call_electrode_s0.npz,75958,dd7b109c721ca6d93c61e692d464afe469be89fd7264b099daa05e65839bf878
resnet,mixed,17,em_n20004_call_covariance_s20,phase2/results/predictions/full/mixed/resnet/seed_17/em_n20004_call_covariance_s20.npz,76576,22e8dab17eeea0466931160fea4e12980e81615f50f4ec1b6dcc241c33569c0a
resnet,mixed,17,em_n20004_call_covariance_s10,phase2/results/predictions/full/mixed/resnet/seed_17/em_n20004_call_covariance_s10.npz,76459,60ad7eb2acfd78c3eff964d292c9fe0c5a1efa582576991fd10ba89e8d356daa
resnet,mixed,17,em_n20004_call_covariance_s0,phase2/results/predictions/full/mixed/resnet/seed_17/em_n20004_call_covariance_s0.npz,75985,d7626c60c0c9d253b5b4cbcb913b71334e1a032ddcc3b55b20f8e9c3114f2b8c
resnet,mixed,17,em_n20005_call_independent_rms_s20,phase2/results/predictions/full/mixed/resnet/seed_17/em_n20005_call_independent_rms_s20.npz,76581,830c9128bb03265f5de2df2b48ae5d3c6cac054ccc0fc0c67a498386f1b4305b
resnet,mixed,17,em_n20005_call_independent_rms_s10,phase2/results/predictions/full/mixed/resnet/seed_17/em_n20005_call_independent_rms_s10.npz,76528,9feacde68b3e5e86b4b2b98e3db756728f03cdbedaa4d554a8965e6550c92ba3
resnet,mixed,17,em_n20005_call_independent_rms_s0,phase2/results/predictions/full/mixed/resnet/seed_17/em_n20005_call_independent_rms_s0.npz,76132,699c5ad88ffd9658a2095f9b89d88a58a68ddc171c59175723ac105cad7c3f97
resnet,mixed,17,em_n20005_call_electrode_s20,phase2/results/predictions/full/mixed/resnet/seed_17/em_n20005_call_electrode_s20.npz,76570,47622bc9c6e6df021e520ab80beb275fe49f62a9d2f9594a805f5281f2f90d71
resnet,mixed,17,em_n20005_call_electrode_s10,phase2/results/predictions/full/mixed/resnet/seed_17/em_n20005_call_electrode_s10.npz,76462,381449ad258d31e9003ac6e8f7ed3536769356741ff5cdd548870a1c8b7b8995
resnet,mixed,17,em_n20005_call_electrode_s0,phase2/results/predictions/full/mixed/resnet/seed_17/em_n20005_call_electrode_s0.npz,75950,898e3747743256f45d200fbe0c6267232f44521572935c584e0b6b6649ce6db3
resnet,mixed,17,em_n20005_call_covariance_s20,phase2/results/predictions/full/mixed/resnet/seed_17/em_n20005_call_covariance_s20.npz,76590,7759dda07f2f0fa2e2713d3ecba1676f2202aef59f90f640ac36aae9f6cc8d7c
resnet,mixed,17,em_n20005_call_covariance_s10,phase2/results/predictions/full/mixed/resnet/seed_17/em_n20005_call_covariance_s10.npz,76474,33ce36c05d2cd3beac7a606f197a96d5a8728a63304717b63a7aaf7ad513e38b
resnet,mixed,17,em_n20005_call_covariance_s0,phase2/results/predictions/full/mixed/resnet/seed_17/em_n20005_call_covariance_s0.npz,76022,916a6fc72555ef46b917249115dcb416dcfcf57825331696dbf9ad4fc8c9bcaa
resnet,clean_only,29,clean,phase2/results/predictions/full/clean_only/resnet/seed_29/clean.npz,76358,5ad3e09d7ed2f9ce6e36caaed1d267513e36721747d61d11289d12ac2065be58
resnet,clean_only,29,bandpass_n20001_cRA_LA_LL_independent_rms_s20,phase2/results/predictions/full/clean_only/resnet/seed_29/bandpass_n20001_cRA_LA_LL_independent_rms_s20.npz,76424,793c29e91931c6c45160fb01ab3af70ae3953428b7f56208e970e31bd7d8ebfe
resnet,clean_only,29,bandpass_n20001_cRA_LA_LL_independent_rms_s15,phase2/results/predictions/full/clean_only/resnet/seed_29/bandpass_n20001_cRA_LA_LL_independent_rms_s15.npz,76342,a709038748cfd290cf63a14e2c783992273c617b55abf7831cc869beca6e3d02
resnet,clean_only,29,bandpass_n20001_cRA_LA_LL_independent_rms_s10,phase2/results/predictions/full/clean_only/resnet/seed_29/bandpass_n20001_cRA_LA_LL_independent_rms_s10.npz,76175,23d6509ef6dbc452bafe26cbd3e2c4e60acf2383b7ef79142a2cc50c70199961
resnet,clean_only,29,bandpass_n20001_cRA_LA_LL_independent_rms_s5,phase2/results/predictions/full/clean_only/resnet/seed_29/bandpass_n20001_cRA_LA_LL_independent_rms_s5.npz,75777,671ce3099d149906e7ee27db275e76f2167332e32cfc14ddf64f2b113e33980d
resnet,clean_only,29,bandpass_n20001_cRA_LA_LL_independent_rms_s0,phase2/results/predictions/full/clean_only/resnet/seed_29/bandpass_n20001_cRA_LA_LL_independent_rms_s0.npz,75173,61cfd0f090950414341b68ef7c5ddbd5046dd5850b6d643baf311d1d3140a168
resnet,clean_only,29,bandpass_n20001_cRA_LA_LL_electrode_s20,phase2/results/predictions/full/clean_only/resnet/seed_29/bandpass_n20001_cRA_LA_LL_electrode_s20.npz,76357,31edb84b5cfed3c523d783063cfe2b191a55dfdad299d9e0244cef16b93790a6
resnet,clean_only,29,bandpass_n20001_cRA_LA_LL_electrode_s15,phase2/results/predictions/full/clean_only/resnet/seed_29/bandpass_n20001_cRA_LA_LL_electrode_s15.npz,76278,b6e884196a2b4a14c1148a17be103d02358108f4de231e9e731b57e4795247f0
resnet,clean_only,29,bandpass_n20001_cRA_LA_LL_electrode_s10,phase2/results/predictions/full/clean_only/resnet/seed_29/bandpass_n20001_cRA_LA_LL_electrode_s10.npz,76051,4cb539d710dc7295f933064acd04481c33335f559a7c61d6530999b27936d736
resnet,clean_only,29,bandpass_n20001_cRA_LA_LL_electrode_s5,phase2/results/predictions/full/clean_only/resnet/seed_29/bandpass_n20001_cRA_LA_LL_electrode_s5.npz,75588,26d595b99c4db77cdea03df2a474cb44c01abe28089203cb7ed0c4cb62e2bca7
resnet,clean_only,29,bandpass_n20001_cRA_LA_LL_electrode_s0,phase2/results/predictions/full/clean_only/resnet/seed_29/bandpass_n20001_cRA_LA_LL_electrode_s0.npz,75064,dc4d16b5fb6cbd9b5a1a3e68004e4dc6ae11b969e7c7c74426a320245445fe23
resnet,clean_only,29,bandpass_n20001_cRA_LA_LL_covariance_s20,phase2/results/predictions/full/clean_only/resnet/seed_29/bandpass_n20001_cRA_LA_LL_covariance_s20.npz,76372,f4f299ed3f5a918ef4762e69337813b11709ccb6dce441b000ce38fdc74fd901
resnet,clean_only,29,bandpass_n20001_cRA_LA_LL_covariance_s15,phase2/results/predictions/full/clean_only/resnet/seed_29/bandpass_n20001_cRA_LA_LL_covariance_s15.npz,76257,b717185a586a9ec46046dea3050a1dcb14f84110cdd9c4e3b78b28f10ae2bc89
resnet,clean_only,29,bandpass_n20001_cRA_LA_LL_covariance_s10,phase2/results/predictions/full/clean_only/resnet/seed_29/bandpass_n20001_cRA_LA_LL_covariance_s10.npz,76028,2763f631b32e5a952861c2d2a4880913a40ed4eac81542c9bcbd39bb88ef542b
resnet,clean_only,29,bandpass_n20001_cRA_LA_LL_covariance_s5,phase2/results/predictions/full/clean_only/resnet/seed_29/bandpass_n20001_cRA_LA_LL_covariance_s5.npz,75587,83422c595fc063420289cec3f7e0db0060664d06e3ed74b670ce649e29b06b21
resnet,clean_only,29,bandpass_n20001_cRA_LA_LL_covariance_s0,phase2/results/predictions/full/clean_only/resnet/seed_29/bandpass_n20001_cRA_LA_LL_covariance_s0.npz,75108,dba4f152bf32358e4bcd972ef2730df2e6a309f0b2bc15c2df2f1e85018eee7d
resnet,clean_only,29,bandpass_n20001_cV1_independent_rms_s20,phase2/results/predictions/full/clean_only/resnet/seed_29/bandpass_n20001_cV1_independent_rms_s20.npz,76360,9dcd92edf44975ab27dc2f419049bb3312f9e7d11afcf71daaec0bcd7ca999cf
resnet,clean_only,29,bandpass_n20001_cV1_independent_rms_s15,phase2/results/predictions/full/clean_only/resnet/seed_29/bandpass_n20001_cV1_independent_rms_s15.npz,76328,5f74d139f0aa4b4b5069588c749434539d27b1abe3f79674e4877a332faa08fc
resnet,clean_only,29,bandpass_n20001_cV1_independent_rms_s10,phase2/results/predictions/full/clean_only/resnet/seed_29/bandpass_n20001_cV1_independent_rms_s10.npz,76137,9639d86812c60bcf91ad24a56bdf1b8fec5dfcb087eafd993a6258ac17cda33b
resnet,clean_only,29,bandpass_n20001_cV1_independent_rms_s5,phase2/results/predictions/full/clean_only/resnet/seed_29/bandpass_n20001_cV1_independent_rms_s5.npz,75708,05ac0bb990e40cbd71eccfb5cc8f15382e4f6cf4f397cc4508bd2376092470b4
resnet,clean_only,29,bandpass_n20001_cV1_independent_rms_s0,phase2/results/predictions/full/clean_only/resnet/seed_29/bandpass_n20001_cV1_independent_rms_s0.npz,75040,4e702df90658f4e22854d694591113dee967b7399a1208e734a11abed91f67ce
resnet,clean_only,29,bandpass_n20001_cV1_electrode_s20,phase2/results/predictions/full/clean_only/resnet/seed_29/bandpass_n20001_cV1_electrode_s20.npz,76398,fcaf04cb7b215429fac14c1d5dc581a77dc68891f23d4b7ba1b10cbc28fafc05
resnet,clean_only,29,bandpass_n20001_cV1_electrode_s15,phase2/results/predictions/full/clean_only/resnet/seed_29/bandpass_n20001_cV1_electrode_s15.npz,76318,3f658a63d3c36220617e2cc198130fdc1bef2dfb387bea08fa83bc28c127c673
resnet,clean_only,29,bandpass_n20001_cV1_electrode_s10,phase2/results/predictions/full/clean_only/resnet/seed_29/bandpass_n20001_cV1_electrode_s10.npz,76147,7d0e656420466446071b31d1c9b3ae4161749396d3660b27199a29f3a1db0e98
resnet,clean_only,29,bandpass_n20001_cV1_electrode_s5,phase2/results/predictions/full/clean_only/resnet/seed_29/bandpass_n20001_cV1_electrode_s5.npz,75702,95b721425f68ac0fc8e8486bae26e48bda6343506365fe00a1f9dc793dea1ed4
resnet,clean_only,29,bandpass_n20001_cV1_electrode_s0,phase2/results/predictions/full/clean_only/resnet/seed_29/bandpass_n20001_cV1_electrode_s0.npz,75081,48a2d8daa9d20bca5a756c9afb56968068d334919aa30445f774531b6185fdfd
resnet,clean_only,29,bandpass_n20001_cV1_covariance_s20,phase2/results/predictions/full/clean_only/resnet/seed_29/bandpass_n20001_cV1_covariance_s20.npz,76363,64d1e899b0d336172546fd1265465a79e6f23c1f110def2cc8e7727ba51715f0
resnet,clean_only,29,bandpass_n20001_cV1_covariance_s15,phase2/results/predictions/full/clean_only/resnet/seed_29/bandpass_n20001_cV1_covariance_s15.npz,76333,828ff1fee85efd69fbd1026ff5c387d3daf26cc76db4f7e3270ecd829f2ed751
resnet,clean_only,29,bandpass_n20001_cV1_covariance_s10,phase2/results/predictions/full/clean_only/resnet/seed_29/bandpass_n20001_cV1_covariance_s10.npz,76128,f1c1d921f79f85d5a233c399f2fafd6570b0af62e25b411ff4dfe6615e2cc181
resnet,clean_only,29,bandpass_n20001_cV1_covariance_s5,phase2/results/predictions/full/clean_only/resnet/seed_29/bandpass_n20001_cV1_covariance_s5.npz,75706,957effc3ee4e81a4ebdc6de8b295033de493ba8d6a7fab87ad4b49dd5c9a130b
resnet,clean_only,29,bandpass_n20001_cV1_covariance_s0,phase2/results/predictions/full/clean_only/resnet/seed_29/bandpass_n20001_cV1_covariance_s0.npz,75014,80a92bc2577d1c042fe2b9306f2f95fcb0da1037c9afd4a107bb34178847e244
resnet,clean_only,29,bandpass_n20001_cV2_independent_rms_s20,phase2/results/predictions/full/clean_only/resnet/seed_29/bandpass_n20001_cV2_independent_rms_s20.npz,76393,5ea50f98e717c88b108ed3ec8ba5647188831a47ad881b9fcda560fab2ce1f74
resnet,clean_only,29,bandpass_n20001_cV2_independent_rms_s15,phase2/results/predictions/full/clean_only/resnet/seed_29/bandpass_n20001_cV2_independent_rms_s15.npz,76327,b51501d122cce0e1b92068cdc125f5a5616095e06a2ef1c54275c33c5fe021e0
resnet,clean_only,29,bandpass_n20001_cV2_independent_rms_s10,phase2/results/predictions/full/clean_only/resnet/seed_29/bandpass_n20001_cV2_independent_rms_s10.npz,76194,6c575164e61720d6c932da617c4df2c0a71bcb0274599f498a7057d7b78498e4
resnet,clean_only,29,bandpass_n20001_cV2_independent_rms_s5,phase2/results/predictions/full/clean_only/resnet/seed_29/bandpass_n20001_cV2_independent_rms_s5.npz,75831,edf5816044418a8ad3ffb16c7fc1d6550362d027d6c6124f684d64a6cca4a7b3
resnet,clean_only,29,bandpass_n20001_cV2_independent_rms_s0,phase2/results/predictions/full/clean_only/resnet/seed_29/bandpass_n20001_cV2_independent_rms_s0.npz,75203,00969709ad8a677f0f9e46a553e8c48d1f91564ccead5aa3bc89cce155dca22e
resnet,clean_only,29,bandpass_n20001_cV2_electrode_s20,phase2/results/predictions/full/clean_only/resnet/seed_29/bandpass_n20001_cV2_electrode_s20.npz,76393,3a59f415288b8f8e4a96f521d1efb3d86b5d3534fafe5ed5fe80ad88fbd95da5
resnet,clean_only,29,bandpass_n20001_cV2_electrode_s15,phase2/results/predictions/full/clean_only/resnet/seed_29/bandpass_n20001_cV2_electrode_s15.npz,76334,0552f2760eaa9d4bd988c813613ffe72d334c3db4a6968e8930885f5f567dac3
resnet,clean_only,29,bandpass_n20001_cV2_electrode_s10,phase2/results/predictions/full/clean_only/resnet/seed_29/bandpass_n20001_cV2_electrode_s10.npz,76152,92f6f6314518f3a18041fc4ebca20527047147be492dcc94843c77bfd0007986
resnet,clean_only,29,bandpass_n20001_cV2_electrode_s5,phase2/results/predictions/full/clean_only/resnet/seed_29/bandpass_n20001_cV2_electrode_s5.npz,75807,83fc9bf9d7fdf78a817bd8aae4f75707f8a5fbd7ba23157ec8b848534c4225bb
resnet,clean_only,29,bandpass_n20001_cV2_electrode_s0,phase2/results/predictions/full/clean_only/resnet/seed_29/bandpass_n20001_cV2_electrode_s0.npz,75218,b63de38558e5b7fac17e5871e9ee5480129f7ccfe80ec111b6d54f291bdfa72a
resnet,clean_only,29,bandpass_n20001_cV2_covariance_s20,phase2/results/predictions/full/clean_only/resnet/seed_29/bandpass_n20001_cV2_covariance_s20.npz,76398,3ab485b03000c73e75339ee72fc522d90524009bb3fb3b999da0f80a007dc853
resnet,clean_only,29,bandpass_n20001_cV2_covariance_s15,phase2/results/predictions/full/clean_only/resnet/seed_29/bandpass_n20001_cV2_covariance_s15.npz,76307,6b6ae6e51eeab08dbe46932143645a541e4926d7d4a98995f30a755be17d0fff
resnet,clean_only,29,bandpass_n20001_cV2_covariance_s10,phase2/results/predictions/full/clean_only/resnet/seed_29/bandpass_n20001_cV2_covariance_s10.npz,76174,83dfda52ecf1057310cac9055f50d37fd91402c88294cabc9c08d80def21efe4
resnet,clean_only,29,bandpass_n20001_cV2_covariance_s5,phase2/results/predictions/full/clean_only/resnet/seed_29/bandpass_n20001_cV2_covariance_s5.npz,75822,f2e88506d9e776569707fa80b104e74b44538747510647b9ed1392945b53a0a4
resnet,clean_only,29,bandpass_n20001_cV2_covariance_s0,phase2/results/predictions/full/clean_only/resnet/seed_29/bandpass_n20001_cV2_covariance_s0.npz,75185,982da2752891e695f86916f248ca576d086a196474d2964a09bfdcf2fcf43d18
resnet,clean_only,29,bandpass_n20001_cV3_independent_rms_s20,phase2/results/predictions/full/clean_only/resnet/seed_29/bandpass_n20001_cV3_independent_rms_s20.npz,76416,00696c41c2c0602a8ea572111611268f5ed51a61a4566fb26bb74eb126fce71f
resnet,clean_only,29,bandpass_n20001_cV3_independent_rms_s15,phase2/results/predictions/full/clean_only/resnet/seed_29/bandpass_n20001_cV3_independent_rms_s15.npz,76379,c15c3c84aa56af35df675b2fcdf6c0abec2f2b15a06f923b11b76b69719e4b4e
resnet,clean_only,29,bandpass_n20001_cV3_independent_rms_s10,phase2/results/predictions/full/clean_only/resnet/seed_29/bandpass_n20001_cV3_independent_rms_s10.npz,76283,ceb0d73c97bbb1a931cdbcef936bd30e0ee0f03b2e2cc3ae63d7f61fc573f96c
resnet,clean_only,29,bandpass_n20001_cV3_independent_rms_s5,phase2/results/predictions/full/clean_only/resnet/seed_29/bandpass_n20001_cV3_independent_rms_s5.npz,76013,8c7d766c0f5ff7f483087f46d5beb32ba33524aada6eadfa48c722365d1a3724
resnet,clean_only,29,bandpass_n20001_cV3_independent_rms_s0,phase2/results/predictions/full/clean_only/resnet/seed_29/bandpass_n20001_cV3_independent_rms_s0.npz,75570,d90a28289bec4250e7b3262722d19807307b84d28a6f5d81e35b7f40f2dc9588
resnet,clean_only,29,bandpass_n20001_cV3_electrode_s20,phase2/results/predictions/full/clean_only/resnet/seed_29/bandpass_n20001_cV3_electrode_s20.npz,76409,f2ec12207a7593dc7e1accf21400c482096b10f406290a1f87238b56210f8a3e
resnet,clean_only,29,bandpass_n20001_cV3_electrode_s15,phase2/results/predictions/full/clean_only/resnet/seed_29/bandpass_n20001_cV3_electrode_s15.npz,76362,93dbf3229eedfcb6646546d01d26346425ba6def05fba950b0527e3ef21f3c25
resnet,clean_only,29,bandpass_n20001_cV3_electrode_s10,phase2/results/predictions/full/clean_only/resnet/seed_29/bandpass_n20001_cV3_electrode_s10.npz,76252,1f684de5c14d9f94d75374717f2d583e8923ccfb511bfb6d0b3aefd1fd36e86a
resnet,clean_only,29,bandpass_n20001_cV3_electrode_s5,phase2/results/predictions/full/clean_only/resnet/seed_29/bandpass_n20001_cV3_electrode_s5.npz,76026,bc7a4fde43e0f2f9be78160b9bae4922230d9b18f96459c2e1bba4d640c14868
resnet,clean_only,29,bandpass_n20001_cV3_electrode_s0,phase2/results/predictions/full/clean_only/resnet/seed_29/bandpass_n20001_cV3_electrode_s0.npz,75511,a0c9bb6f011c813c14e27f9e7c9d64d7d7c8f210520c663dfcc5cb43c19c268d
resnet,clean_only,29,bandpass_n20001_cV3_covariance_s20,phase2/results/predictions/full/clean_only/resnet/seed_29/bandpass_n20001_cV3_covariance_s20.npz,76409,a6c024e7dc11b7b915a143972c430cb3a52410e17b019809dbffd7e53db6d355
resnet,clean_only,29,bandpass_n20001_cV3_covariance_s15,phase2/results/predictions/full/clean_only/resnet/seed_29/bandpass_n20001_cV3_covariance_s15.npz,76350,168a80708009eb9dd8dfaf09766410e79ea0f34c3cc4be29808bed0245bcf0fb
resnet,clean_only,29,bandpass_n20001_cV3_covariance_s10,phase2/results/predictions/full/clean_only/resnet/seed_29/bandpass_n20001_cV3_covariance_s10.npz,76285,2b4ebfbea9f86ce71e2f5e7ecfc057c49bf809d61f8b0dd64e6e158dcf60cf7e
resnet,clean_only,29,bandpass_n20001_cV3_covariance_s5,phase2/results/predictions/full/clean_only/resnet/seed_29/bandpass_n20001_cV3_covariance_s5.npz,76050,ff1bdbca2bd03a471b8aed1afa7f41770f9bcd032f65840cb1edffe10d9299c5
resnet,clean_only,29,bandpass_n20001_cV3_covariance_s0,phase2/results/predictions/full/clean_only/resnet/seed_29/bandpass_n20001_cV3_covariance_s0.npz,75493,3e9f3d0864a1de66fbe6008ab614e49929b68fb93dc9bb430fcba9ee65eaf2af
resnet,clean_only,29,bandpass_n20001_cV4_independent_rms_s20,phase2/results/predictions/full/clean_only/resnet/seed_29/bandpass_n20001_cV4_independent_rms_s20.npz,76394,475f9f887721b393ada70aaacff613f47e5196b89882a253b2ddb9db69b3d74e
resnet,clean_only,29,bandpass_n20001_cV4_independent_rms_s15,phase2/results/predictions/full/clean_only/resnet/seed_29/bandpass_n20001_cV4_independent_rms_s15.npz,76366,309695464a78e9d0b521c058f6c64068da72c456f150d29c5b59fe3a8a561ade
resnet,clean_only,29,bandpass_n20001_cV4_independent_rms_s10,phase2/results/predictions/full/clean_only/resnet/seed_29/bandpass_n20001_cV4_independent_rms_s10.npz,76276,7e4114e73ec2f0ac9d0fdf0debe1fb755245c5d3ebea713ed785b332155ffa05
resnet,clean_only,29,bandpass_n20001_cV4_independent_rms_s5,phase2/results/predictions/full/clean_only/resnet/seed_29/bandpass_n20001_cV4_independent_rms_s5.npz,75980,f7aebeb7dd0a8448d4c589433f44a58d173e52092646102f1082edeb89524132
resnet,clean_only,29,bandpass_n20001_cV4_independent_rms_s0,phase2/results/predictions/full/clean_only/resnet/seed_29/bandpass_n20001_cV4_independent_rms_s0.npz,75455,43a055dee25e5cef0592f52b4620f529c517364e03cbd02170d9024a5b483434
resnet,clean_only,29,bandpass_n20001_cV4_electrode_s20,phase2/results/predictions/full/clean_only/resnet/seed_29/bandpass_n20001_cV4_electrode_s20.npz,76373,5ee2cf06d6aa440c690dfeb78f94cc20f4e97d09ba84ce1433dd164e7e19adaf
resnet,clean_only,29,bandpass_n20001_cV4_electrode_s15,phase2/results/predictions/full/clean_only/resnet/seed_29/bandpass_n20001_cV4_electrode_s15.npz,76372,dd71e0460bfe8d675ad4a66d19b07c87e4a96a61cf29bcf622b48a2067ef2c5c
resnet,clean_only,29,bandpass_n20001_cV4_electrode_s10,phase2/results/predictions/full/clean_only/resnet/seed_29/bandpass_n20001_cV4_electrode_s10.npz,76221,9511dc4d8a292f9192707cbe2cc360f7d6f450d8df99a02875923f74990f692b
resnet,clean_only,29,bandpass_n20001_cV4_electrode_s5,phase2/results/predictions/full/clean_only/resnet/seed_29/bandpass_n20001_cV4_electrode_s5.npz,75966,684c76014a4c56d4ffc0150e7d39ff0adc25cef14a399790eff0df79360ff665
resnet,clean_only,29,bandpass_n20001_cV4_electrode_s0,phase2/results/predictions/full/clean_only/resnet/seed_29/bandpass_n20001_cV4_electrode_s0.npz,75424,32657eb003da3c300fca2dbaa9f902ea0aebc525e94174eb49dc4ff270401711
resnet,clean_only,29,bandpass_n20001_cV4_covariance_s20,phase2/results/predictions/full/clean_only/resnet/seed_29/bandpass_n20001_cV4_covariance_s20.npz,76404,f7974ce9186d876b7d43e91ac43a3b9399beb4a39442a8a370e04c67c1bf5c37
resnet,clean_only,29,bandpass_n20001_cV4_covariance_s15,phase2/results/predictions/full/clean_only/resnet/seed_29/bandpass_n20001_cV4_covariance_s15.npz,76370,fecce7d3a81fc33c1e06635f1cfbf00dac01ad52ee16e8423e60a4e88f6101dc
resnet,clean_only,29,bandpass_n20001_cV4_covariance_s10,phase2/results/predictions/full/clean_only/resnet/seed_29/bandpass_n20001_cV4_covariance_s10.npz,76234,c674da68e1dea53f3ae22c49af77240cab6a0ee6ae50581222c78d68c91e52a0
resnet,clean_only,29,bandpass_n20001_cV4_covariance_s5,phase2/results/predictions/full/clean_only/resnet/seed_29/bandpass_n20001_cV4_covariance_s5.npz,75960,e42ffc1b443df8293ee332ca884f4bd59ced5753b0cf8b3614ac25e86b060741
resnet,clean_only,29,bandpass_n20001_cV4_covariance_s0,phase2/results/predictions/full/clean_only/resnet/seed_29/bandpass_n20001_cV4_covariance_s0.npz,75441,98de7bf237068b76ac6ed597cbf21fb753e9406ddd1f19cf513f9dc33d3d08eb
resnet,clean_only,29,bandpass_n20001_cV5_independent_rms_s20,phase2/results/predictions/full/clean_only/resnet/seed_29/bandpass_n20001_cV5_independent_rms_s20.npz,76441,83315d199f5d7a3db5ca8af1a8a29586f606e8cc02bb5d3503a95fee67a4c6df
resnet,clean_only,29,bandpass_n20001_cV5_independent_rms_s15,phase2/results/predictions/full/clean_only/resnet/seed_29/bandpass_n20001_cV5_independent_rms_s15.npz,76377,d0e49efc8a8e2c15d09f4ff5edb56addba6c7533813228919bdaffa302820bcc
resnet,clean_only,29,bandpass_n20001_cV5_independent_rms_s10,phase2/results/predictions/full/clean_only/resnet/seed_29/bandpass_n20001_cV5_independent_rms_s10.npz,76259,43ecdc6928bc5cf11e95f88eef028f3141f5a856f1f038e9306686d443a2e9bf
resnet,clean_only,29,bandpass_n20001_cV5_independent_rms_s5,phase2/results/predictions/full/clean_only/resnet/seed_29/bandpass_n20001_cV5_independent_rms_s5.npz,75925,406667832dcc5e2e31ffecc0ae57618246688a90960a1419e0a94a40d6f599cd
resnet,clean_only,29,bandpass_n20001_cV5_independent_rms_s0,phase2/results/predictions/full/clean_only/resnet/seed_29/bandpass_n20001_cV5_independent_rms_s0.npz,75285,447ae4ea3c0633ecf510d068b8ae12e26f9ae1ce7d4654c2ea828c724d38610f
resnet,clean_only,29,bandpass_n20001_cV5_electrode_s20,phase2/results/predictions/full/clean_only/resnet/seed_29/bandpass_n20001_cV5_electrode_s20.npz,76392,bc5ababade5d7690f2fc79a3ce22fbaadf1c50b235042fb71b9525364dd77e72
resnet,clean_only,29,bandpass_n20001_cV5_electrode_s15,phase2/results/predictions/full/clean_only/resnet/seed_29/bandpass_n20001_cV5_electrode_s15.npz,76355,55ff888bbbaf38f95987ea6a22607b14e5d07d38dfd42f04fd8920f329d8a604
resnet,clean_only,29,bandpass_n20001_cV5_electrode_s10,phase2/results/predictions/full/clean_only/resnet/seed_29/bandpass_n20001_cV5_electrode_s10.npz,76215,246045ebff221db633025eb21850b00b18e578c865360f771bc124e5dd80f19b
resnet,clean_only,29,bandpass_n20001_cV5_electrode_s5,phase2/results/predictions/full/clean_only/resnet/seed_29/bandpass_n20001_cV5_electrode_s5.npz,75907,d3c82c1f7cee4c27fd39276561fbfbba49d0fcee6e19228a8f676071a7c914c9
resnet,clean_only,29,bandpass_n20001_cV5_electrode_s0,phase2/results/predictions/full/clean_only/resnet/seed_29/bandpass_n20001_cV5_electrode_s0.npz,75297,74648203bf998b8be047a6b36c801ff27b65b6f48c42565c1a44b1d1686258d9
resnet,clean_only,29,bandpass_n20001_cV5_covariance_s20,phase2/results/predictions/full/clean_only/resnet/seed_29/bandpass_n20001_cV5_covariance_s20.npz,76404,3cae5603e7eb6a6eb6b4e6c133126d8015089cc37ed93a1c3b8f43b6d04cfaad
resnet,clean_only,29,bandpass_n20001_cV5_covariance_s15,phase2/results/predictions/full/clean_only/resnet/seed_29/bandpass_n20001_cV5_covariance_s15.npz,76369,a01b576ce7eb6b2ae95fa387be99e126737a1ea172d7438889a2dde85d257872
resnet,clean_only,29,bandpass_n20001_cV5_covariance_s10,phase2/results/predictions/full/clean_only/resnet/seed_29/bandpass_n20001_cV5_covariance_s10.npz,76237,8e93a796194cd60ada885f1118d4dfd837e384e5336ff14d9c855cbe4820f405
resnet,clean_only,29,bandpass_n20001_cV5_covariance_s5,phase2/results/predictions/full/clean_only/resnet/seed_29/bandpass_n20001_cV5_covariance_s5.npz,75937,3195d4d541465c72185c65d8c51bf25acb7a1ea6158fc9d2995192dad64c17a0
resnet,clean_only,29,bandpass_n20001_cV5_covariance_s0,phase2/results/predictions/full/clean_only/resnet/seed_29/bandpass_n20001_cV5_covariance_s0.npz,75259,70c4317c9b08af2b4c6a8834691b88477be3fbf308b58fa0710bf23067ab21ed
resnet,clean_only,29,bandpass_n20001_cV6_independent_rms_s20,phase2/results/predictions/full/clean_only/resnet/seed_29/bandpass_n20001_cV6_independent_rms_s20.npz,76380,0342b42416f64081f9005158e0c9a1603fafc9a936962d82f6356a00d736fdf3
resnet,clean_only,29,bandpass_n20001_cV6_independent_rms_s15,phase2/results/predictions/full/clean_only/resnet/seed_29/bandpass_n20001_cV6_independent_rms_s15.npz,76348,8d8a0de7d8c189e661e88b8c0c04805e547ace8202106e38b54de8064c3974cd
resnet,clean_only,29,bandpass_n20001_cV6_independent_rms_s10,phase2/results/predictions/full/clean_only/resnet/seed_29/bandpass_n20001_cV6_independent_rms_s10.npz,76195,9f69a7e731d8ac671fdb3b39e6f03ff065390f16285672044e5f9821d580f9f9
resnet,clean_only,29,bandpass_n20001_cV6_independent_rms_s5,phase2/results/predictions/full/clean_only/resnet/seed_29/bandpass_n20001_cV6_independent_rms_s5.npz,75875,e09f25b2e247c9d3bcbfe0470deb3a3c69af0452282d75f4458ed774121b7738
resnet,clean_only,29,bandpass_n20001_cV6_independent_rms_s0,phase2/results/predictions/full/clean_only/resnet/seed_29/bandpass_n20001_cV6_independent_rms_s0.npz,75367,9f1d8829a0ed2166f4a913ff920b73e4c06758c6ab8f764ca5159c2e4508be5b
resnet,clean_only,29,bandpass_n20001_cV6_electrode_s20,phase2/results/predictions/full/clean_only/resnet/seed_29/bandpass_n20001_cV6_electrode_s20.npz,76398,8986e020a174c2fdbef06bc8a2922f22bb7f3707f9eaa0b121949bc671729a5f
resnet,clean_only,29,bandpass_n20001_cV6_electrode_s15,phase2/results/predictions/full/clean_only/resnet/seed_29/bandpass_n20001_cV6_electrode_s15.npz,76334,ac3c3e7214f9198618f9b780187be1423e92ad70b78e2723882db7a9e2d8fe1f
resnet,clean_only,29,bandpass_n20001_cV6_electrode_s10,phase2/results/predictions/full/clean_only/resnet/seed_29/bandpass_n20001_cV6_electrode_s10.npz,76202,7a5a4098bc9856c341da3976bee0b1ecc5ece52505a52c7e9b9fbde4cc444316
resnet,clean_only,29,bandpass_n20001_cV6_electrode_s5,phase2/results/predictions/full/clean_only/resnet/seed_29/bandpass_n20001_cV6_electrode_s5.npz,75889,b267e758fe44ffd44a48f7ed6002c3b71d7ce08754efe513859f07cbdd866fd2
resnet,clean_only,29,bandpass_n20001_cV6_electrode_s0,phase2/results/predictions/full/clean_only/resnet/seed_29/bandpass_n20001_cV6_electrode_s0.npz,75364,39396478650690bfc9dd6983877639f1bd7e57882bed554fea31e2ab0757a07f
resnet,clean_only,29,bandpass_n20001_cV6_covariance_s20,phase2/results/predictions/full/clean_only/resnet/seed_29/bandpass_n20001_cV6_covariance_s20.npz,76398,5fb32c9e8d2549d6282cffa1b92dbe674f521311ff8db6dabbf0b22c2559a537
resnet,clean_only,29,bandpass_n20001_cV6_covariance_s15,phase2/results/predictions/full/clean_only/resnet/seed_29/bandpass_n20001_cV6_covariance_s15.npz,76373,3f86ae3f2796cc9f0030ba09011b513053a5eddbda75d5d95055430bcff21df5
resnet,clean_only,29,bandpass_n20001_cV6_covariance_s10,phase2/results/predictions/full/clean_only/resnet/seed_29/bandpass_n20001_cV6_covariance_s10.npz,76187,e007742845d52f5bf47d1f2340554ea59c2279bf304cee36a1d1921fd647b88c
resnet,clean_only,29,bandpass_n20001_cV6_covariance_s5,phase2/results/predictions/full/clean_only/resnet/seed_29/bandpass_n20001_cV6_covariance_s5.npz,75887,f733fde11062ee1142516dba1a10a7fd1f420946b7a54def7f0b82b0f92dab38
resnet,clean_only,29,bandpass_n20001_cV6_covariance_s0,phase2/results/predictions/full/clean_only/resnet/seed_29/bandpass_n20001_cV6_covariance_s0.npz,75392,cd202c6db13d26fea29ac8c2f764233ceb42d5b5448ff3a82863b6022fe0d028
resnet,clean_only,29,bandpass_n20001_cRA_LA_independent_rms_s20,phase2/results/predictions/full/clean_only/resnet/seed_29/bandpass_n20001_cRA_LA_independent_rms_s20.npz,76377,c2bf0c6bc11c888d751b35c79899e9b8e5fd14f3b151d8dded330059a01bb52a
resnet,clean_only,29,bandpass_n20001_cRA_LA_independent_rms_s15,phase2/results/predictions/full/clean_only/resnet/seed_29/bandpass_n20001_cRA_LA_independent_rms_s15.npz,76327,ce2b4485fbc6192fc751bf736cce3b419dfc4fd58627ea7e0d699f89866d936e
resnet,clean_only,29,bandpass_n20001_cRA_LA_independent_rms_s10,phase2/results/predictions/full/clean_only/resnet/seed_29/bandpass_n20001_cRA_LA_independent_rms_s10.npz,76143,599fb526781a533164ec5f0ac2a0d3d48dc650351f0b8e181ceb7c96250663f0
resnet,clean_only,29,bandpass_n20001_cRA_LA_independent_rms_s5,phase2/results/predictions/full/clean_only/resnet/seed_29/bandpass_n20001_cRA_LA_independent_rms_s5.npz,75766,31ba2bbf899d303415f4187da3914b44e9beebb881f0b86b1536f2fd620104ce
resnet,clean_only,29,bandpass_n20001_cRA_LA_independent_rms_s0,phase2/results/predictions/full/clean_only/resnet/seed_29/bandpass_n20001_cRA_LA_independent_rms_s0.npz,75166,c498707838b8402ee5a58e577c48c56c9deb3e96c5777d44c62c8af98417fa23
resnet,clean_only,29,bandpass_n20001_cRA_LA_electrode_s20,phase2/results/predictions/full/clean_only/resnet/seed_29/bandpass_n20001_cRA_LA_electrode_s20.npz,76356,ad1d01a5e96d67aac8ee7d40cf36ef73471633de1e096d6480bb21af89e1ea4b
resnet,clean_only,29,bandpass_n20001_cRA_LA_electrode_s15,phase2/results/predictions/full/clean_only/resnet/seed_29/bandpass_n20001_cRA_LA_electrode_s15.npz,76256,fb0a65f2905af4b4fba5b6fb38c7582776d640b27934e7eee1830936b8b89e03
resnet,clean_only,29,bandpass_n20001_cRA_LA_electrode_s10,phase2/results/predictions/full/clean_only/resnet/seed_29/bandpass_n20001_cRA_LA_electrode_s10.npz,76038,573b0ada8100e9a54a52bb4cb81494f7c478793541bb8615c8da8ed3d4ad545e
resnet,clean_only,29,bandpass_n20001_cRA_LA_electrode_s5,phase2/results/predictions/full/clean_only/resnet/seed_29/bandpass_n20001_cRA_LA_electrode_s5.npz,75567,8a9099c186dd13098ca231f33c6ce3834f1bb1bf1d683c463e8f379282c93b2e
resnet,clean_only,29,bandpass_n20001_cRA_LA_electrode_s0,phase2/results/predictions/full/clean_only/resnet/seed_29/bandpass_n20001_cRA_LA_electrode_s0.npz,75031,e99f04c8f84b9567b5446be8387d1058f326bb269ffe037009740875516c6a50
resnet,clean_only,29,bandpass_n20001_cRA_LA_covariance_s20,phase2/results/predictions/full/clean_only/resnet/seed_29/bandpass_n20001_cRA_LA_covariance_s20.npz,76397,7d5f238b11c2202f4b42861a3cafa5c2bd07117f0f7ccfdfe849f0e148fe5f34
resnet,clean_only,29,bandpass_n20001_cRA_LA_covariance_s15,phase2/results/predictions/full/clean_only/resnet/seed_29/bandpass_n20001_cRA_LA_covariance_s15.npz,76305,05fd0ef4891f09e561a4aea896f28316e520fbd2cbabbff7b8f2f67cdb91a176
resnet,clean_only,29,bandpass_n20001_cRA_LA_covariance_s10,phase2/results/predictions/full/clean_only/resnet/seed_29/bandpass_n20001_cRA_LA_covariance_s10.npz,76068,e13cdd68dcd81518941540f8d60cab99bfc8576ff1129af3a41c31938a92f946
resnet,clean_only,29,bandpass_n20001_cRA_LA_covariance_s5,phase2/results/predictions/full/clean_only/resnet/seed_29/bandpass_n20001_cRA_LA_covariance_s5.npz,75578,ffce95bf48b419c4bd438019f27a9783edc5446f32144e6493bd6f4c92b747f6
resnet,clean_only,29,bandpass_n20001_cRA_LA_covariance_s0,phase2/results/predictions/full/clean_only/resnet/seed_29/bandpass_n20001_cRA_LA_covariance_s0.npz,74989,f5103225e4fdaffc1ec6aefbd07fd8f4d16f5955e602a563a2a04b6bbeaf488e
resnet,clean_only,29,bandpass_n20001_cLA_LL_independent_rms_s20,phase2/results/predictions/full/clean_only/resnet/seed_29/bandpass_n20001_cLA_LL_independent_rms_s20.npz,76419,ec487f37cfe992c8a71d45b0245c204dd943f8e012247c93052408810ac94a1c
resnet,clean_only,29,bandpass_n20001_cLA_LL_independent_rms_s15,phase2/results/predictions/full/clean_only/resnet/seed_29/bandpass_n20001_cLA_LL_independent_rms_s15.npz,76345,7877cde73ab9f4ac6ee6f404e1d476e7261bc8162b6e41779cb67c0110d6957d
resnet,clean_only,29,bandpass_n20001_cLA_LL_independent_rms_s10,phase2/results/predictions/full/clean_only/resnet/seed_29/bandpass_n20001_cLA_LL_independent_rms_s10.npz,76169,a3c1faab3c623f78e8090b7d84376520f075e910b40289ee4891e80c4afd415d
resnet,clean_only,29,bandpass_n20001_cLA_LL_independent_rms_s5,phase2/results/predictions/full/clean_only/resnet/seed_29/bandpass_n20001_cLA_LL_independent_rms_s5.npz,75797,64bd12f140cb839022363c676127d5c028596b00e0080ab660a355d3b0f88572
resnet,clean_only,29,bandpass_n20001_cLA_LL_independent_rms_s0,phase2/results/predictions/full/clean_only/resnet/seed_29/bandpass_n20001_cLA_LL_independent_rms_s0.npz,75161,136e67c9b86624c33e209b835997dc5060ddb45dc69650f6f966bc1d6adfae43
resnet,clean_only,29,bandpass_n20001_cLA_LL_electrode_s20,phase2/results/predictions/full/clean_only/resnet/seed_29/bandpass_n20001_cLA_LL_electrode_s20.npz,76372,50aa476643af1f15ca8457e8869be96a62fc1354c96ce6194547e6c40efee088
resnet,clean_only,29,bandpass_n20001_cLA_LL_electrode_s15,phase2/results/predictions/full/clean_only/resnet/seed_29/bandpass_n20001_cLA_LL_electrode_s15.npz,76259,113d0caebc01c3a808a462b03212771f36333e19f30e7637b0c135140c3452f5
resnet,clean_only,29,bandpass_n20001_cLA_LL_electrode_s10,phase2/results/predictions/full/clean_only/resnet/seed_29/bandpass_n20001_cLA_LL_electrode_s10.npz,76057,51dd2d4babb3f8c516e93a3386458a2a58e8c040295d00c9df79191d8dda5468
resnet,clean_only,29,bandpass_n20001_cLA_LL_electrode_s5,phase2/results/predictions/full/clean_only/resnet/seed_29/bandpass_n20001_cLA_LL_electrode_s5.npz,75642,4b99d67929fc4050fc41bb14849261eaaa6e90e68e55f73af167d04c41a2afea
resnet,clean_only,29,bandpass_n20001_cLA_LL_electrode_s0,phase2/results/predictions/full/clean_only/resnet/seed_29/bandpass_n20001_cLA_LL_electrode_s0.npz,75161,24c92918ee022626bb7989303fa4d7f6cccbd6ce49d869b2f1363c281740dcf3
resnet,clean_only,29,bandpass_n20001_cLA_LL_covariance_s20,phase2/results/predictions/full/clean_only/resnet/seed_29/bandpass_n20001_cLA_LL_covariance_s20.npz,76379,6f1639a5074994077adff26b9abb80634be65ac524761a517c163af25cda40af
resnet,clean_only,29,bandpass_n20001_cLA_LL_covariance_s15,phase2/results/predictions/full/clean_only/resnet/seed_29/bandpass_n20001_cLA_LL_covariance_s15.npz,76333,157d3e0a2379b8465cc9285016a05e03501a5f0c141e034e0dced5eb1a02ff6f
resnet,clean_only,29,bandpass_n20001_cLA_LL_covariance_s10,phase2/results/predictions/full/clean_only/resnet/seed_29/bandpass_n20001_cLA_LL_covariance_s10.npz,76077,309881da7359e9d6516e935d74be996b575df1d98374fad4de6f6b568dbddd2c
resnet,clean_only,29,bandpass_n20001_cLA_LL_covariance_s5,phase2/results/predictions/full/clean_only/resnet/seed_29/bandpass_n20001_cLA_LL_covariance_s5.npz,75598,37d6854c4b52196e0e680ef78f2ae656f6ffe2b5f57a057daa30e45db442c24f
resnet,clean_only,29,bandpass_n20001_cLA_LL_covariance_s0,phase2/results/predictions/full/clean_only/resnet/seed_29/bandpass_n20001_cLA_LL_covariance_s0.npz,75196,9ea56261d184caf36ad347cce2f9c1957c5a6aa5d5d2b462f098920a854c9e5e
resnet,clean_only,29,bandpass_n20001_cRA_LL_independent_rms_s20,phase2/results/predictions/full/clean_only/resnet/seed_29/bandpass_n20001_cRA_LL_independent_rms_s20.npz,76383,4c531d52ef28c50e13e6beea8f4984a6b3b9bbd69485c76efbe4ddf2061a0693
resnet,clean_only,29,bandpass_n20001_cRA_LL_independent_rms_s15,phase2/results/predictions/full/clean_only/resnet/seed_29/bandpass_n20001_cRA_LL_independent_rms_s15.npz,76319,90bbba047c563c41776dec24dc578d775468545287c824a64ff556c1215de6e8
resnet,clean_only,29,bandpass_n20001_cRA_LL_independent_rms_s10,phase2/results/predictions/full/clean_only/resnet/seed_29/bandpass_n20001_cRA_LL_independent_rms_s10.npz,76177,7329b6c111dbbb7709c73ebe4ece38e73e49bc6b2f2069d52b3d0c58d4e7bb9a
resnet,clean_only,29,bandpass_n20001_cRA_LL_independent_rms_s5,phase2/results/predictions/full/clean_only/resnet/seed_29/bandpass_n20001_cRA_LL_independent_rms_s5.npz,75791,3d725ae1ae757309d8f657d741a6fac5f6677484301f5d750f8423d70d656e44
resnet,clean_only,29,bandpass_n20001_cRA_LL_independent_rms_s0,phase2/results/predictions/full/clean_only/resnet/seed_29/bandpass_n20001_cRA_LL_independent_rms_s0.npz,75158,d7d8f8086f7c4781c931052bd912be0a453194769545b3d9c0290cd5bc5e0a74
resnet,clean_only,29,bandpass_n20001_cRA_LL_electrode_s20,phase2/results/predictions/full/clean_only/resnet/seed_29/bandpass_n20001_cRA_LL_electrode_s20.npz,76388,6cf3a6f0042430ddf3f1861976d560d9fa802022b91590c5fb27e4eb74e90c34
resnet,clean_only,29,bandpass_n20001_cRA_LL_electrode_s15,phase2/results/predictions/full/clean_only/resnet/seed_29/bandpass_n20001_cRA_LL_electrode_s15.npz,76288,a92328bc7b18cd036ec9a2c97ac8c6489c3813c55e67766abf5fc8a932f12565
resnet,clean_only,29,bandpass_n20001_cRA_LL_electrode_s10,phase2/results/predictions/full/clean_only/resnet/seed_29/bandpass_n20001_cRA_LL_electrode_s10.npz,76063,3fd1aadb608bfc557a5a43f42efe3fc2b25b3fd2a25dcce8a71fabf248bb9679
resnet,clean_only,29,bandpass_n20001_cRA_LL_electrode_s5,phase2/results/predictions/full/clean_only/resnet/seed_29/bandpass_n20001_cRA_LL_electrode_s5.npz,75595,5f5489aeddd6819e2fc7d6bc7bebbcc103668869bfbe5a3cbde6be458496c5a1
resnet,clean_only,29,bandpass_n20001_cRA_LL_electrode_s0,phase2/results/predictions/full/clean_only/resnet/seed_29/bandpass_n20001_cRA_LL_electrode_s0.npz,75082,da5e6ecabebbef61faf06d13ac4c3c8a2b97740b1f774843f30341cd34ca76b8
resnet,clean_only,29,bandpass_n20001_cRA_LL_covariance_s20,phase2/results/predictions/full/clean_only/resnet/seed_29/bandpass_n20001_cRA_LL_covariance_s20.npz,76364,e350aeaae25ac4b1ed8a0e8795c78e08c94795e99f5946ea8d02d6c8d9081872
resnet,clean_only,29,bandpass_n20001_cRA_LL_covariance_s15,phase2/results/predictions/full/clean_only/resnet/seed_29/bandpass_n20001_cRA_LL_covariance_s15.npz,76268,d053d9b6860488c2cfc4f037f15586a7f1f59b1d14f858b2cd03de0922a3ed24
resnet,clean_only,29,bandpass_n20001_cRA_LL_covariance_s10,phase2/results/predictions/full/clean_only/resnet/seed_29/bandpass_n20001_cRA_LL_covariance_s10.npz,76053,1d525d81b8daf6f8e2d4588d5b23ed5349fd240df2dba7e2da471e026812d558
resnet,clean_only,29,bandpass_n20001_cRA_LL_covariance_s5,phase2/results/predictions/full/clean_only/resnet/seed_29/bandpass_n20001_cRA_LL_covariance_s5.npz,75595,fcea23e9e9da6b19c7cf40308b1332c807a6975b46ee3d4339526a61d8a4cb9d
resnet,clean_only,29,bandpass_n20001_cRA_LL_covariance_s0,phase2/results/predictions/full/clean_only/resnet/seed_29/bandpass_n20001_cRA_LL_covariance_s0.npz,75044,6617e779b5aac57a9972a88df31c64bca5f780f821413c8c186c73077af88d07
resnet,clean_only,29,bandpass_n20001_cRA_independent_rms_s20,phase2/results/predictions/full/clean_only/resnet/seed_29/bandpass_n20001_cRA_independent_rms_s20.npz,76355,831b8c120a1643a018cb5b0b556c37623196ae18f89c8c9e2f1a48632b96ee29
resnet,clean_only,29,bandpass_n20001_cRA_independent_rms_s15,phase2/results/predictions/full/clean_only/resnet/seed_29/bandpass_n20001_cRA_independent_rms_s15.npz,76320,21269e56a16f0907dd814ca1f04d44cad3ed60f4a8f9f5a2fa8badaf455dac3b
resnet,clean_only,29,bandpass_n20001_cRA_independent_rms_s10,phase2/results/predictions/full/clean_only/resnet/seed_29/bandpass_n20001_cRA_independent_rms_s10.npz,76145,3cbb41978b36a4f25e962bda8715f8f59abeed93a20b82c94a3a574b4d9f9fe5
resnet,clean_only,29,bandpass_n20001_cRA_independent_rms_s5,phase2/results/predictions/full/clean_only/resnet/seed_29/bandpass_n20001_cRA_independent_rms_s5.npz,75749,b436ba787b99024b6002ae19f9c9d5d229aeaadad315d2e4f45907aa9b7e7fec
resnet,clean_only,29,bandpass_n20001_cRA_independent_rms_s0,phase2/results/predictions/full/clean_only/resnet/seed_29/bandpass_n20001_cRA_independent_rms_s0.npz,75089,30a8925161e93e194079b2da88974896dc2bd5ae123c7b8295bd3cea49892155
resnet,clean_only,29,bandpass_n20001_cRA_electrode_s20,phase2/results/predictions/full/clean_only/resnet/seed_29/bandpass_n20001_cRA_electrode_s20.npz,76388,d22fca7731fa6f82a33dc1517545e4a4b10d4cb1f9bc853c418fdb4c2065eedb
resnet,clean_only,29,bandpass_n20001_cRA_electrode_s15,phase2/results/predictions/full/clean_only/resnet/seed_29/bandpass_n20001_cRA_electrode_s15.npz,76285,6263dbfc450a7423ed797b6a77d229813242d7569f0479288fad410c5e7417e2
resnet,clean_only,29,bandpass_n20001_cRA_electrode_s10,phase2/results/predictions/full/clean_only/resnet/seed_29/bandpass_n20001_cRA_electrode_s10.npz,76056,1a9c03d7c7296e8c1db92d273c1b94310ea988ee2081ce5d6276272d111e50d3
resnet,clean_only,29,bandpass_n20001_cRA_electrode_s5,phase2/results/predictions/full/clean_only/resnet/seed_29/bandpass_n20001_cRA_electrode_s5.npz,75582,ab995066b27863cff761b41a60fe31eed5689d837387348b9644fb2e6d46cc92
resnet,clean_only,29,bandpass_n20001_cRA_electrode_s0,phase2/results/predictions/full/clean_only/resnet/seed_29/bandpass_n20001_cRA_electrode_s0.npz,74981,baaa82166aebe3d9254ae4bfca2bc880c3639c8b57f69ab5964076f8d0728bba
resnet,clean_only,29,bandpass_n20001_cRA_covariance_s20,phase2/results/predictions/full/clean_only/resnet/seed_29/bandpass_n20001_cRA_covariance_s20.npz,76380,cb8dae7e8606cc1660644af6ac53ac9eb0810f54b3804355280dea687bb20b86
resnet,clean_only,29,bandpass_n20001_cRA_covariance_s15,phase2/results/predictions/full/clean_only/resnet/seed_29/bandpass_n20001_cRA_covariance_s15.npz,76269,145c417e476d6b10b64805feaab0a4b65e2f4d304aad5b239051e8f438664fc5
resnet,clean_only,29,bandpass_n20001_cRA_covariance_s10,phase2/results/predictions/full/clean_only/resnet/seed_29/bandpass_n20001_cRA_covariance_s10.npz,76043,47afd5a04d6c9416904a35ea3e4694246a6fdcc3dfafb7ee160b8992bf09fa56
resnet,clean_only,29,bandpass_n20001_cRA_covariance_s5,phase2/results/predictions/full/clean_only/resnet/seed_29/bandpass_n20001_cRA_covariance_s5.npz,75581,7573dca0b6e76be95544bbb4d8ddcce127d4fdc7cfe67cf5729d895f3afbcfcd
resnet,clean_only,29,bandpass_n20001_cRA_covariance_s0,phase2/results/predictions/full/clean_only/resnet/seed_29/bandpass_n20001_cRA_covariance_s0.npz,74953,8e0146820bc7af71c294df443a0a02ed9839d6ec4e6f3479cb629f0b4f4905ac
resnet,clean_only,29,bandpass_n20001_cLA_independent_rms_s20,phase2/results/predictions/full/clean_only/resnet/seed_29/bandpass_n20001_cLA_independent_rms_s20.npz,76384,04969d2071401b23f67f0e2c77bf5570d1d6548d21437386ec2fae2be31e5621
resnet,clean_only,29,bandpass_n20001_cLA_independent_rms_s15,phase2/results/predictions/full/clean_only/resnet/seed_29/bandpass_n20001_cLA_independent_rms_s15.npz,76360,7ec6c9102d18af1fd3457f90418908ead11a397223ed4d084f10d3ee7862639c
resnet,clean_only,29,bandpass_n20001_cLA_independent_rms_s10,phase2/results/predictions/full/clean_only/resnet/seed_29/bandpass_n20001_cLA_independent_rms_s10.npz,76173,b206713c7cd85fdd5e662d4e5bf43c85a698204bd8d020912664f6eae2aba3ce
resnet,clean_only,29,bandpass_n20001_cLA_independent_rms_s5,phase2/results/predictions/full/clean_only/resnet/seed_29/bandpass_n20001_cLA_independent_rms_s5.npz,75777,538a4d05077877c9fd6d44a0eb71ef80e149581fa375161b1a160e6cb3efdbba
resnet,clean_only,29,bandpass_n20001_cLA_independent_rms_s0,phase2/results/predictions/full/clean_only/resnet/seed_29/bandpass_n20001_cLA_independent_rms_s0.npz,75196,b5759dc5bea2ef446f661c346c8ef7c974270fe1df839d5b069f224afc8a324c
resnet,clean_only,29,bandpass_n20001_cLA_electrode_s20,phase2/results/predictions/full/clean_only/resnet/seed_29/bandpass_n20001_cLA_electrode_s20.npz,76344,a05594d6997efff7d077c04dee566a31708a2a5716188f7f93a9c03c93d87f8f
resnet,clean_only,29,bandpass_n20001_cLA_electrode_s15,phase2/results/predictions/full/clean_only/resnet/seed_29/bandpass_n20001_cLA_electrode_s15.npz,76283,10b75f2b0f3aa8b61713e748bae67e4bf9b06d4a24e3080ae66220fe1dc76866
resnet,clean_only,29,bandpass_n20001_cLA_electrode_s10,phase2/results/predictions/full/clean_only/resnet/seed_29/bandpass_n20001_cLA_electrode_s10.npz,76078,b2d32e74fac3e69fee51b5869d34fc2cca010701385223217b3f25b87344aec6
resnet,clean_only,29,bandpass_n20001_cLA_electrode_s5,phase2/results/predictions/full/clean_only/resnet/seed_29/bandpass_n20001_cLA_electrode_s5.npz,75654,2e0503ba8716365d281450ef30c856cf175e40ddad9311c8ea99ee42dda74eea
resnet,clean_only,29,bandpass_n20001_cLA_electrode_s0,phase2/results/predictions/full/clean_only/resnet/seed_29/bandpass_n20001_cLA_electrode_s0.npz,75125,86461057715cb6e48df384a292e66b75bf9496b6ea80e8bf6e7e3d626a957fe2
resnet,clean_only,29,bandpass_n20001_cLA_covariance_s20,phase2/results/predictions/full/clean_only/resnet/seed_29/bandpass_n20001_cLA_covariance_s20.npz,76372,7c7bc84de82a8eb78d83561f9d0be60946a5d7f1c6231e8f5d8933f3c9dbc7d2
resnet,clean_only,29,bandpass_n20001_cLA_covariance_s15,phase2/results/predictions/full/clean_only/resnet/seed_29/bandpass_n20001_cLA_covariance_s15.npz,76276,1ef0f9f560a9edc240d2bdfa3223aebc57f0ee223df37db83945f6289b0bf520
resnet,clean_only,29,bandpass_n20001_cLA_covariance_s10,phase2/results/predictions/full/clean_only/resnet/seed_29/bandpass_n20001_cLA_covariance_s10.npz,76089,4c4073146757e56c0a8c07eac5d899e851c6e63b437ba26736db16a58edb73c1
resnet,clean_only,29,bandpass_n20001_cLA_covariance_s5,phase2/results/predictions/full/clean_only/resnet/seed_29/bandpass_n20001_cLA_covariance_s5.npz,75666,564c59ebf1ec4332d57a7767b09471c18e417fc7c8c4aa79d904212731e67c39
resnet,clean_only,29,bandpass_n20001_cLA_covariance_s0,phase2/results/predictions/full/clean_only/resnet/seed_29/bandpass_n20001_cLA_covariance_s0.npz,75103,9cf996e562d369d989c2149109d9e651e0f6b6ff120afdd1d22752720198aa39
resnet,clean_only,29,bandpass_n20001_cLL_independent_rms_s20,phase2/results/predictions/full/clean_only/resnet/seed_29/bandpass_n20001_cLL_independent_rms_s20.npz,76383,5f2e856ab2fcf05137772d68f0a91c29488e2a67d2a1a5a58e0ce84773fec24a
resnet,clean_only,29,bandpass_n20001_cLL_independent_rms_s15,phase2/results/predictions/full/clean_only/resnet/seed_29/bandpass_n20001_cLL_independent_rms_s15.npz,76322,46c81311521a065d4cabe18038e0297449ea4d57377b8ebfcd2b51d3b42828e0
resnet,clean_only,29,bandpass_n20001_cLL_independent_rms_s10,phase2/results/predictions/full/clean_only/resnet/seed_29/bandpass_n20001_cLL_independent_rms_s10.npz,76164,f67d0caf3886af5e0dfdac70327d750744d7da63fc7acf672506f3425e98f9e5
resnet,clean_only,29,bandpass_n20001_cLL_independent_rms_s5,phase2/results/predictions/full/clean_only/resnet/seed_29/bandpass_n20001_cLL_independent_rms_s5.npz,75801,3c25666b81eada2b7a278574fa73c915780e501f26c01748c72dc889b3048abc
resnet,clean_only,29,bandpass_n20001_cLL_independent_rms_s0,phase2/results/predictions/full/clean_only/resnet/seed_29/bandpass_n20001_cLL_independent_rms_s0.npz,75170,ea5bef0ad8de15410ebefcedc9bc2c4e8438043cb9c67caac7506daa1ef9c548
resnet,clean_only,29,bandpass_n20001_cLL_electrode_s20,phase2/results/predictions/full/clean_only/resnet/seed_29/bandpass_n20001_cLL_electrode_s20.npz,76346,632e0235abba3ecff21778840cbfec0994305d582fb71fc1d2aedb4c4d4ace3d
resnet,clean_only,29,bandpass_n20001_cLL_electrode_s15,phase2/results/predictions/full/clean_only/resnet/seed_29/bandpass_n20001_cLL_electrode_s15.npz,76291,9be9f610d0f950136daad5e9c7af16068526eb06ec3b2c856436d6907e8fd107
resnet,clean_only,29,bandpass_n20001_cLL_electrode_s10,phase2/results/predictions/full/clean_only/resnet/seed_29/bandpass_n20001_cLL_electrode_s10.npz,76009,b2a438cfb1a9b841f6a56863da6ccc54f493fb550646a1561a9549de50a1825f
resnet,clean_only,29,bandpass_n20001_cLL_electrode_s5,phase2/results/predictions/full/clean_only/resnet/seed_29/bandpass_n20001_cLL_electrode_s5.npz,75629,0b805d4a698a833f400cb911b9be8f3ebe0309114afd6807d366f7b02fcbc956
resnet,clean_only,29,bandpass_n20001_cLL_electrode_s0,phase2/results/predictions/full/clean_only/resnet/seed_29/bandpass_n20001_cLL_electrode_s0.npz,75223,890dcf302e6ef29207e5d109000de8931d7ceec9545f38c1c6c0ced3c64e4b27
resnet,clean_only,29,bandpass_n20001_cLL_covariance_s20,phase2/results/predictions/full/clean_only/resnet/seed_29/bandpass_n20001_cLL_covariance_s20.npz,76376,948b1c07b26e1d5ce843275ede30583144f874bbd2f6dd9ada368c230d7e4b13
resnet,clean_only,29,bandpass_n20001_cLL_covariance_s15,phase2/results/predictions/full/clean_only/resnet/seed_29/bandpass_n20001_cLL_covariance_s15.npz,76284,f50a7c79c1c8f3fbef199ca6b224db9eed152c007ae92084accb146f8b758771
resnet,clean_only,29,bandpass_n20001_cLL_covariance_s10,phase2/results/predictions/full/clean_only/resnet/seed_29/bandpass_n20001_cLL_covariance_s10.npz,76045,8e5e31f53a59a852da7cc179fd71e532cc8ba85d55b195b7b1b700110d75c55d
resnet,clean_only,29,bandpass_n20001_cLL_covariance_s5,phase2/results/predictions/full/clean_only/resnet/seed_29/bandpass_n20001_cLL_covariance_s5.npz,75641,6e13c1f4f2d443c66a3ca1660005fe75affb2482006e10d6c89ca1d155896762
resnet,clean_only,29,bandpass_n20001_cLL_covariance_s0,phase2/results/predictions/full/clean_only/resnet/seed_29/bandpass_n20001_cLL_covariance_s0.npz,75259,bf5569f561a7938a9e3c76faa835cca19e8ed8567e0aa16722774c73734d23ab
resnet,clean_only,29,bandpass_n20001_cRA_V1_independent_rms_s20,phase2/results/predictions/full/clean_only/resnet/seed_29/bandpass_n20001_cRA_V1_independent_rms_s20.npz,76427,24310440a2974f6908eec2b0867d9aa9046d53ac8c007a7193e3de3493fe20cb
resnet,clean_only,29,bandpass_n20001_cRA_V1_independent_rms_s15,phase2/results/predictions/full/clean_only/resnet/seed_29/bandpass_n20001_cRA_V1_independent_rms_s15.npz,76329,f8963d4440d060575a6b046895b6939d13fabfc7440cba68b35c6eb640f76388
resnet,clean_only,29,bandpass_n20001_cRA_V1_independent_rms_s10,phase2/results/predictions/full/clean_only/resnet/seed_29/bandpass_n20001_cRA_V1_independent_rms_s10.npz,76153,d278c06c34ebbdfe4ae94a471e790b845d9246fecda4883d4ca668f22a8c7362
resnet,clean_only,29,bandpass_n20001_cRA_V1_independent_rms_s5,phase2/results/predictions/full/clean_only/resnet/seed_29/bandpass_n20001_cRA_V1_independent_rms_s5.npz,75757,7de75ef5dc585c0cf5ad6cb062c408b1055f119b06ad5cc15fc53fdc7c669019
resnet,clean_only,29,bandpass_n20001_cRA_V1_independent_rms_s0,phase2/results/predictions/full/clean_only/resnet/seed_29/bandpass_n20001_cRA_V1_independent_rms_s0.npz,75101,0ed5c16d22c17d0386929dd4aaa337e1dd5a47506ce03ca69d7ee140ba8850c9
resnet,clean_only,29,bandpass_n20001_cRA_V1_electrode_s20,phase2/results/predictions/full/clean_only/resnet/seed_29/bandpass_n20001_cRA_V1_electrode_s20.npz,76407,d15ec8c98c36145a5b7a913b63940743143b3f07a2509c3b4dab7bfb776ee361
resnet,clean_only,29,bandpass_n20001_cRA_V1_electrode_s15,phase2/results/predictions/full/clean_only/resnet/seed_29/bandpass_n20001_cRA_V1_electrode_s15.npz,76263,01dfef927f2de5070815e837ecd42ac422510ddb1d50f8c3ed1f8f38f23c4869
resnet,clean_only,29,bandpass_n20001_cRA_V1_electrode_s10,phase2/results/predictions/full/clean_only/resnet/seed_29/bandpass_n20001_cRA_V1_electrode_s10.npz,76060,0540ccf95a9635430e256060e2656b7624440b5087a62f8e5bc9807a50ad96dc
resnet,clean_only,29,bandpass_n20001_cRA_V1_electrode_s5,phase2/results/predictions/full/clean_only/resnet/seed_29/bandpass_n20001_cRA_V1_electrode_s5.npz,75588,8f2d5b6a370d657c497cc912a76e477e3e4bec01df205da03a53b8a44bdda7e8
resnet,clean_only,29,bandpass_n20001_cRA_V1_electrode_s0,phase2/results/predictions/full/clean_only/resnet/seed_29/bandpass_n20001_cRA_V1_electrode_s0.npz,74943,f2619f19c73a5d75fed07f3f7d4a4d216ea19b0a0f4036fc2db659c510a5f865
resnet,clean_only,29,bandpass_n20001_cRA_V1_covariance_s20,phase2/results/predictions/full/clean_only/resnet/seed_29/bandpass_n20001_cRA_V1_covariance_s20.npz,76376,af2a0b617834724e62ee9f810e64311d1757670094da813fadc5acb8850255cb
resnet,clean_only,29,bandpass_n20001_cRA_V1_covariance_s15,phase2/results/predictions/full/clean_only/resnet/seed_29/bandpass_n20001_cRA_V1_covariance_s15.npz,76289,40b0bfc9d10958dc5713ca36bcebf9b04a26a703207d04aace817d8f8f2bf142
resnet,clean_only,29,bandpass_n20001_cRA_V1_covariance_s10,phase2/results/predictions/full/clean_only/resnet/seed_29/bandpass_n20001_cRA_V1_covariance_s10.npz,76118,4f3dc1be9b4b75a05ecdfef5bf1e327f70380a73ed913c5dcc6d03d0fea4da88
resnet,clean_only,29,bandpass_n20001_cRA_V1_covariance_s5,phase2/results/predictions/full/clean_only/resnet/seed_29/bandpass_n20001_cRA_V1_covariance_s5.npz,75554,af3a2be17416a0b34bd4709d47bbf1d23d0dd89e1585753e085ff9d806387bce
resnet,clean_only,29,bandpass_n20001_cRA_V1_covariance_s0,phase2/results/predictions/full/clean_only/resnet/seed_29/bandpass_n20001_cRA_V1_covariance_s0.npz,74991,e50da2ade57a50c0efe39fe006b1035284c7f2ade8336c26558a44c5724167d4
resnet,clean_only,29,bandpass_n20001_cLA_V6_independent_rms_s20,phase2/results/predictions/full/clean_only/resnet/seed_29/bandpass_n20001_cLA_V6_independent_rms_s20.npz,76434,a97bf2583897fbc73e7283ce0b45790aa72c00eff99ea4ebf990aaec91202bfa
resnet,clean_only,29,bandpass_n20001_cLA_V6_independent_rms_s15,phase2/results/predictions/full/clean_only/resnet/seed_29/bandpass_n20001_cLA_V6_independent_rms_s15.npz,76351,c13222e506852b79c6f164bb7eb06a6fa957e522a115c7aff5c48eef3bae8484
resnet,clean_only,29,bandpass_n20001_cLA_V6_independent_rms_s10,phase2/results/predictions/full/clean_only/resnet/seed_29/bandpass_n20001_cLA_V6_independent_rms_s10.npz,76202,ab94d1ed60a0bc5c93aabc34b240a39be55a62c71ae29fdb88f49820bc5c178d
resnet,clean_only,29,bandpass_n20001_cLA_V6_independent_rms_s5,phase2/results/predictions/full/clean_only/resnet/seed_29/bandpass_n20001_cLA_V6_independent_rms_s5.npz,75828,091a4fcb137d88d7c94c68390043b4a10e1b8c8bdecabd068602cd0f7530d514
resnet,clean_only,29,bandpass_n20001_cLA_V6_independent_rms_s0,phase2/results/predictions/full/clean_only/resnet/seed_29/bandpass_n20001_cLA_V6_independent_rms_s0.npz,75216,8d13e039c94e1f68dbf8b43277432808307f9f7b295cf409bfe24150dcffe6d5
resnet,clean_only,29,bandpass_n20001_cLA_V6_electrode_s20,phase2/results/predictions/full/clean_only/resnet/seed_29/bandpass_n20001_cLA_V6_electrode_s20.npz,76394,6d58e15349fe8cb6294c0257302a5d31aa6f0eeefdc9aa8459f905d98af4b98c
resnet,clean_only,29,bandpass_n20001_cLA_V6_electrode_s15,phase2/results/predictions/full/clean_only/resnet/seed_29/bandpass_n20001_cLA_V6_electrode_s15.npz,76302,471b8b170a70bebb13e50b96156006956e5945aaf65b1bf88075183aadb8d25a
resnet,clean_only,29,bandpass_n20001_cLA_V6_electrode_s10,phase2/results/predictions/full/clean_only/resnet/seed_29/bandpass_n20001_cLA_V6_electrode_s10.npz,76117,bad0e7973cba0ecb3ced931d927b25a546166098bc119b71de7b187e0adbd8c3
resnet,clean_only,29,bandpass_n20001_cLA_V6_electrode_s5,phase2/results/predictions/full/clean_only/resnet/seed_29/bandpass_n20001_cLA_V6_electrode_s5.npz,75676,532856a324d7617da02d10fd50aaf487fcb6f62eb93928716780b58262d4f037
resnet,clean_only,29,bandpass_n20001_cLA_V6_electrode_s0,phase2/results/predictions/full/clean_only/resnet/seed_29/bandpass_n20001_cLA_V6_electrode_s0.npz,75176,b325e6b6a66ed4e53e9a999f7c1a8810990476496ad38f9db39fb157fe1bbeae
resnet,clean_only,29,bandpass_n20001_cLA_V6_covariance_s20,phase2/results/predictions/full/clean_only/resnet/seed_29/bandpass_n20001_cLA_V6_covariance_s20.npz,76391,5bc92afb0f28f19de0f0163a9b49878c78413a71739ae8a6944abdb56a25751e
resnet,clean_only,29,bandpass_n20001_cLA_V6_covariance_s15,phase2/results/predictions/full/clean_only/resnet/seed_29/bandpass_n20001_cLA_V6_covariance_s15.npz,76288,c5a2edd334b00cb32b9f744fbe4d6de8fdbc6ab344ecff46260a65a759bef2eb
resnet,clean_only,29,bandpass_n20001_cLA_V6_covariance_s10,phase2/results/predictions/full/clean_only/resnet/seed_29/bandpass_n20001_cLA_V6_covariance_s10.npz,76147,f55fa46ada39307df90001fdacb2f04f667ef24963b4fd9bdc0f33c123d79b09
resnet,clean_only,29,bandpass_n20001_cLA_V6_covariance_s5,phase2/results/predictions/full/clean_only/resnet/seed_29/bandpass_n20001_cLA_V6_covariance_s5.npz,75734,07d56ea26f1611109b165d2209d58cf4a31cb75137833b8ab1743ad7c7ed1459
resnet,clean_only,29,bandpass_n20001_cLA_V6_covariance_s0,phase2/results/predictions/full/clean_only/resnet/seed_29/bandpass_n20001_cLA_V6_covariance_s0.npz,75164,d6a4e9fbef01b8b7a86d41c61a35abe7b8f89f0d67d8270095ddcaddffa11348
resnet,clean_only,29,bandpass_n20001_cLL_V4_independent_rms_s20,phase2/results/predictions/full/clean_only/resnet/seed_29/bandpass_n20001_cLL_V4_independent_rms_s20.npz,76399,d0090ae0e359b81339bba29fec731adb758d317a0e85d01672e9df879ff8613a
resnet,clean_only,29,bandpass_n20001_cLL_V4_independent_rms_s15,phase2/results/predictions/full/clean_only/resnet/seed_29/bandpass_n20001_cLL_V4_independent_rms_s15.npz,76355,b6353c424305297bebfada322c9ad24012e1d4f3d5f74b6992cb6e0fd9304c55
resnet,clean_only,29,bandpass_n20001_cLL_V4_independent_rms_s10,phase2/results/predictions/full/clean_only/resnet/seed_29/bandpass_n20001_cLL_V4_independent_rms_s10.npz,76197,7607cb3f9c66b017e1a3b95bf6ae3226e3a8b705459f87aba0e1c635f0a70da6
resnet,clean_only,29,bandpass_n20001_cLL_V4_independent_rms_s5,phase2/results/predictions/full/clean_only/resnet/seed_29/bandpass_n20001_cLL_V4_independent_rms_s5.npz,75823,d2b28209bf28d868613e7d78684cac7f7f928e5311baa53013c0ee195e1e924a
resnet,clean_only,29,bandpass_n20001_cLL_V4_independent_rms_s0,phase2/results/predictions/full/clean_only/resnet/seed_29/bandpass_n20001_cLL_V4_independent_rms_s0.npz,75224,b2d42c04879bc5ad83597f76d1fde737ebc26b7521f63d44c7b1a0d509a38989
resnet,clean_only,29,bandpass_n20001_cLL_V4_electrode_s20,phase2/results/predictions/full/clean_only/resnet/seed_29/bandpass_n20001_cLL_V4_electrode_s20.npz,76377,477d4555545d7ec03fb1782835a831952216b7c15d91111781ed0079156b19ed
resnet,clean_only,29,bandpass_n20001_cLL_V4_electrode_s15,phase2/results/predictions/full/clean_only/resnet/seed_29/bandpass_n20001_cLL_V4_electrode_s15.npz,76281,e4efb39561bc94ec890e9f98198ca1a90bdcc8b0bdec6479395d111db6a4ecfe
resnet,clean_only,29,bandpass_n20001_cLL_V4_electrode_s10,phase2/results/predictions/full/clean_only/resnet/seed_29/bandpass_n20001_cLL_V4_electrode_s10.npz,76080,76cfb1c382b792d705fe78fe3c30038b8914699b81e09e817eeeacd180f69ccd
resnet,clean_only,29,bandpass_n20001_cLL_V4_electrode_s5,phase2/results/predictions/full/clean_only/resnet/seed_29/bandpass_n20001_cLL_V4_electrode_s5.npz,75682,3e33083264def104d5b3d3028d052bd6da554800979a9ead3abcba327cceb1c4
resnet,clean_only,29,bandpass_n20001_cLL_V4_electrode_s0,phase2/results/predictions/full/clean_only/resnet/seed_29/bandpass_n20001_cLL_V4_electrode_s0.npz,75249,5c1b69326274f40170644563416640bd6a792c10c4a74bbcb2d3badd7533c751
resnet,clean_only,29,bandpass_n20001_cLL_V4_covariance_s20,phase2/results/predictions/full/clean_only/resnet/seed_29/bandpass_n20001_cLL_V4_covariance_s20.npz,76355,afac872db4f86bfc9513852aa9120bf7973d467f98a8552b5e271ede302cea10
resnet,clean_only,29,bandpass_n20001_cLL_V4_covariance_s15,phase2/results/predictions/full/clean_only/resnet/seed_29/bandpass_n20001_cLL_V4_covariance_s15.npz,76298,9dae61db7c38720c989110ff6740f08db52ff403b1f47d62958f529cceda072c
resnet,clean_only,29,bandpass_n20001_cLL_V4_covariance_s10,phase2/results/predictions/full/clean_only/resnet/seed_29/bandpass_n20001_cLL_V4_covariance_s10.npz,76076,186bbf6d72b2b023e4b441ca83366c9927b39a17f99ac3a7f2b39b9494871805
resnet,clean_only,29,bandpass_n20001_cLL_V4_covariance_s5,phase2/results/predictions/full/clean_only/resnet/seed_29/bandpass_n20001_cLL_V4_covariance_s5.npz,75677,9c2ed619ef226a0a0d64779176082e9b0784bb1329e5663e1d33be0a5450258e
resnet,clean_only,29,bandpass_n20001_cLL_V4_covariance_s0,phase2/results/predictions/full/clean_only/resnet/seed_29/bandpass_n20001_cLL_V4_covariance_s0.npz,75235,8bfb668501e9f5e82cdcabb1d4bb910572617eb637565d4d66afc93f0834083d
resnet,clean_only,29,bandpass_n20001_cRA_LA_V1_V6_independent_rms_s20,phase2/results/predictions/full/clean_only/resnet/seed_29/bandpass_n20001_cRA_LA_V1_V6_independent_rms_s20.npz,76431,c4a3df2e2ca6269c8ba9ec02f95744fa5ec1ded609a3b1d8323e4ee3d493b691
resnet,clean_only,29,bandpass_n20001_cRA_LA_V1_V6_independent_rms_s15,phase2/results/predictions/full/clean_only/resnet/seed_29/bandpass_n20001_cRA_LA_V1_V6_independent_rms_s15.npz,76356,c4da5846274df99ccbdcbe637b7ee5b98cb547193b910390f45cee6dc4acd753
resnet,clean_only,29,bandpass_n20001_cRA_LA_V1_V6_independent_rms_s10,phase2/results/predictions/full/clean_only/resnet/seed_29/bandpass_n20001_cRA_LA_V1_V6_independent_rms_s10.npz,76184,73aea5da5a29f33eb32c7acda9ea7f6b6cadcf28b306b620f22081943a046aee
resnet,clean_only,29,bandpass_n20001_cRA_LA_V1_V6_independent_rms_s5,phase2/results/predictions/full/clean_only/resnet/seed_29/bandpass_n20001_cRA_LA_V1_V6_independent_rms_s5.npz,75810,82aed29f1a483a1825749569b63479dec82d67362c66246e1224e6dc5479f2b8
resnet,clean_only,29,bandpass_n20001_cRA_LA_V1_V6_independent_rms_s0,phase2/results/predictions/full/clean_only/resnet/seed_29/bandpass_n20001_cRA_LA_V1_V6_independent_rms_s0.npz,75191,ddd3fd003759427620f8503b2838aaef14b461676cf74cbf1110513ad2c34232
resnet,clean_only,29,bandpass_n20001_cRA_LA_V1_V6_electrode_s20,phase2/results/predictions/full/clean_only/resnet/seed_29/bandpass_n20001_cRA_LA_V1_V6_electrode_s20.npz,76394,668a43d4cc310d2e7b7c4b1023cf3b716dc9863c8815b3f750daea9b897eae77
resnet,clean_only,29,bandpass_n20001_cRA_LA_V1_V6_electrode_s15,phase2/results/predictions/full/clean_only/resnet/seed_29/bandpass_n20001_cRA_LA_V1_V6_electrode_s15.npz,76321,57b25f3cafc570d5a17173886cfd052509bc1dea9c8f17383f2e2a19b167f1c0
resnet,clean_only,29,bandpass_n20001_cRA_LA_V1_V6_electrode_s10,phase2/results/predictions/full/clean_only/resnet/seed_29/bandpass_n20001_cRA_LA_V1_V6_electrode_s10.npz,76094,806e49efd081de64901b19c59f53d4f1eb53cb0eb51eff306da9810b37646757
resnet,clean_only,29,bandpass_n20001_cRA_LA_V1_V6_electrode_s5,phase2/results/predictions/full/clean_only/resnet/seed_29/bandpass_n20001_cRA_LA_V1_V6_electrode_s5.npz,75636,4b32256b974d47ac4f83d088a024ba98ce155edb2687af12a5440dca073dfda2
resnet,clean_only,29,bandpass_n20001_cRA_LA_V1_V6_electrode_s0,phase2/results/predictions/full/clean_only/resnet/seed_29/bandpass_n20001_cRA_LA_V1_V6_electrode_s0.npz,75056,585693659ee53e0b1c83367a34c7f103c0399c9c7582c703cc3c1f9658e25e2e
resnet,clean_only,29,bandpass_n20001_cRA_LA_V1_V6_covariance_s20,phase2/results/predictions/full/clean_only/resnet/seed_29/bandpass_n20001_cRA_LA_V1_V6_covariance_s20.npz,76375,9ad738114f036e2fe30f25d632280e9216a3ddcf62a2bbac9ee7c1b6ba1cf01a
resnet,clean_only,29,bandpass_n20001_cRA_LA_V1_V6_covariance_s15,phase2/results/predictions/full/clean_only/resnet/seed_29/bandpass_n20001_cRA_LA_V1_V6_covariance_s15.npz,76346,57a34ec693889e1758d6fbf1f36b51033575ea03304e036cc26bf7cc72b0ef87
resnet,clean_only,29,bandpass_n20001_cRA_LA_V1_V6_covariance_s10,phase2/results/predictions/full/clean_only/resnet/seed_29/bandpass_n20001_cRA_LA_V1_V6_covariance_s10.npz,76094,503ccbb2cc3914abdbf92d697460a0721aa20197fc4a2ad223ec14403957342b
resnet,clean_only,29,bandpass_n20001_cRA_LA_V1_V6_covariance_s5,phase2/results/predictions/full/clean_only/resnet/seed_29/bandpass_n20001_cRA_LA_V1_V6_covariance_s5.npz,75599,e38f26aeefe99529364b5573a44e017243a61491c538cce791925e190f3a5f9b
resnet,clean_only,29,bandpass_n20001_cRA_LA_V1_V6_covariance_s0,phase2/results/predictions/full/clean_only/resnet/seed_29/bandpass_n20001_cRA_LA_V1_V6_covariance_s0.npz,75053,5249d51c995ccbf4ee804f156042682c55e3ad591f54bb7f40ce2e6a1dffaa24
resnet,clean_only,29,bandpass_n20001_cRA_V2_V5_independent_rms_s20,phase2/results/predictions/full/clean_only/resnet/seed_29/bandpass_n20001_cRA_V2_V5_independent_rms_s20.npz,76383,ab5092dec0a321be62c84984b28e3253c79a616b593045e9f75a6cb730f03237
resnet,clean_only,29,bandpass_n20001_cRA_V2_V5_independent_rms_s15,phase2/results/predictions/full/clean_only/resnet/seed_29/bandpass_n20001_cRA_V2_V5_independent_rms_s15.npz,76348,775879408a944fb010ec6b030705e5a62578c911d7f872cfee95a8f0028e5839
resnet,clean_only,29,bandpass_n20001_cRA_V2_V5_independent_rms_s10,phase2/results/predictions/full/clean_only/resnet/seed_29/bandpass_n20001_cRA_V2_V5_independent_rms_s10.npz,76193,54dc5ac6a61c2afc7f23b88fe3dcbcd5b3bac3dbfd34b26d3b181430c889ef7b
resnet,clean_only,29,bandpass_n20001_cRA_V2_V5_independent_rms_s5,phase2/results/predictions/full/clean_only/resnet/seed_29/bandpass_n20001_cRA_V2_V5_independent_rms_s5.npz,75827,e74f6361c0f119f2a132e2d0208c1c4fb4c5872499b6bd9c1713c1713a082b9d
resnet,clean_only,29,bandpass_n20001_cRA_V2_V5_independent_rms_s0,phase2/results/predictions/full/clean_only/resnet/seed_29/bandpass_n20001_cRA_V2_V5_independent_rms_s0.npz,75164,ee9d758880f329bb6700ef2b3acee83d48adf3b86955ee30da7175c8320ce070
resnet,clean_only,29,bandpass_n20001_cRA_V2_V5_electrode_s20,phase2/results/predictions/full/clean_only/resnet/seed_29/bandpass_n20001_cRA_V2_V5_electrode_s20.npz,76400,fa111fffbdab869dfd9c8e91875eab2d54f13c85969d36fec397c6d24bb35808
resnet,clean_only,29,bandpass_n20001_cRA_V2_V5_electrode_s15,phase2/results/predictions/full/clean_only/resnet/seed_29/bandpass_n20001_cRA_V2_V5_electrode_s15.npz,76317,027f17399468e3d2444dae0a24a4603a7379a501c54d7ea256126e9afb4bcea5
resnet,clean_only,29,bandpass_n20001_cRA_V2_V5_electrode_s10,phase2/results/predictions/full/clean_only/resnet/seed_29/bandpass_n20001_cRA_V2_V5_electrode_s10.npz,76116,f3333d8a3ee1334a0f0e145efcaac55743185522ceec3ef13de4ca17f8870ddb
resnet,clean_only,29,bandpass_n20001_cRA_V2_V5_electrode_s5,phase2/results/predictions/full/clean_only/resnet/seed_29/bandpass_n20001_cRA_V2_V5_electrode_s5.npz,75649,1254775ac721ae6df7dd2f039de840cbd72f4a88d3021534d058b46eec6a972d
resnet,clean_only,29,bandpass_n20001_cRA_V2_V5_electrode_s0,phase2/results/predictions/full/clean_only/resnet/seed_29/bandpass_n20001_cRA_V2_V5_electrode_s0.npz,75018,43c0bcdfc04cb826dc6fd50521705f10c96c101cab4dde41d5177cb14de24467
resnet,clean_only,29,bandpass_n20001_cRA_V2_V5_covariance_s20,phase2/results/predictions/full/clean_only/resnet/seed_29/bandpass_n20001_cRA_V2_V5_covariance_s20.npz,76397,e131b812b5c0353fbc93626b8066104442914dd5de296be1967c36162b926e77
resnet,clean_only,29,bandpass_n20001_cRA_V2_V5_covariance_s15,phase2/results/predictions/full/clean_only/resnet/seed_29/bandpass_n20001_cRA_V2_V5_covariance_s15.npz,76326,ab76411359b30bc7ccee8584bdbd243eed07eb07ab9fb18196d90d10a8c82347
resnet,clean_only,29,bandpass_n20001_cRA_V2_V5_covariance_s10,phase2/results/predictions/full/clean_only/resnet/seed_29/bandpass_n20001_cRA_V2_V5_covariance_s10.npz,76121,f55b8c72c4c7c0622a16a4f6de997c6f7f82e52e4bd15eecd79170e249d72bc0
resnet,clean_only,29,bandpass_n20001_cRA_V2_V5_covariance_s5,phase2/results/predictions/full/clean_only/resnet/seed_29/bandpass_n20001_cRA_V2_V5_covariance_s5.npz,75681,8e932c193a1c3feb21e439773ec671ab3813abdb596cc19f58e07f99ab9fc050
resnet,clean_only,29,bandpass_n20001_cRA_V2_V5_covariance_s0,phase2/results/predictions/full/clean_only/resnet/seed_29/bandpass_n20001_cRA_V2_V5_covariance_s0.npz,75012,10c99cd62f115852bf99b46970f0dcff4d9b7b53939369d7f735424bddf70c28
resnet,clean_only,29,bandpass_n20001_cLA_V3_V6_independent_rms_s20,phase2/results/predictions/full/clean_only/resnet/seed_29/bandpass_n20001_cLA_V3_V6_independent_rms_s20.npz,76424,16e1b08500788d26f6a72a84fe312b176aba21ce1227dcc63bbc26b7ab51c586
resnet,clean_only,29,bandpass_n20001_cLA_V3_V6_independent_rms_s15,phase2/results/predictions/full/clean_only/resnet/seed_29/bandpass_n20001_cLA_V3_V6_independent_rms_s15.npz,76368,255e8d59cd2fabd300bb65a53c3f65680431a75e3c05f30852fa719896c57863
resnet,clean_only,29,bandpass_n20001_cLA_V3_V6_independent_rms_s10,phase2/results/predictions/full/clean_only/resnet/seed_29/bandpass_n20001_cLA_V3_V6_independent_rms_s10.npz,76222,7686a4740e83f68a22d2b7a63ee4ec7beb811e3ac87ee44ab0c5e2c4cff7a6a2
resnet,clean_only,29,bandpass_n20001_cLA_V3_V6_independent_rms_s5,phase2/results/predictions/full/clean_only/resnet/seed_29/bandpass_n20001_cLA_V3_V6_independent_rms_s5.npz,75902,f242b874b8d55f2325a4f01a18e931f7661079534ddd96ec56f8e843db677b35
resnet,clean_only,29,bandpass_n20001_cLA_V3_V6_independent_rms_s0,phase2/results/predictions/full/clean_only/resnet/seed_29/bandpass_n20001_cLA_V3_V6_independent_rms_s0.npz,75257,21ef64b12b130676ee3a6ab020373afc3e55097a71e4f2b0ceb49e899c076106
resnet,clean_only,29,bandpass_n20001_cLA_V3_V6_electrode_s20,phase2/results/predictions/full/clean_only/resnet/seed_29/bandpass_n20001_cLA_V3_V6_electrode_s20.npz,76362,d91154c5c2bff069593aa6bb5fe4245f50612e34852f4c4caa373d4092a45366
resnet,clean_only,29,bandpass_n20001_cLA_V3_V6_electrode_s15,phase2/results/predictions/full/clean_only/resnet/seed_29/bandpass_n20001_cLA_V3_V6_electrode_s15.npz,76355,ea6fd836e53aef21584395dfc536ae547b6f8f53c1de4a47f1dd7fd260f954a7
resnet,clean_only,29,bandpass_n20001_cLA_V3_V6_electrode_s10,phase2/results/predictions/full/clean_only/resnet/seed_29/bandpass_n20001_cLA_V3_V6_electrode_s10.npz,76164,fcb79cfd49360cc90f7e94baf337edf99d79885f531325a5e8d7ebdf8258b4e4
resnet,clean_only,29,bandpass_n20001_cLA_V3_V6_electrode_s5,phase2/results/predictions/full/clean_only/resnet/seed_29/bandpass_n20001_cLA_V3_V6_electrode_s5.npz,75744,56db41e2e4965644ed3f543bfd881334cfc1aa65661eb7cfad910f04c4d03914
resnet,clean_only,29,bandpass_n20001_cLA_V3_V6_electrode_s0,phase2/results/predictions/full/clean_only/resnet/seed_29/bandpass_n20001_cLA_V3_V6_electrode_s0.npz,75149,ef2840d8249e22b7021dc4dbe5c42f3745e465909aca490c7c205fd78f245166
resnet,clean_only,29,bandpass_n20001_cLA_V3_V6_covariance_s20,phase2/results/predictions/full/clean_only/resnet/seed_29/bandpass_n20001_cLA_V3_V6_covariance_s20.npz,76419,a4019f4e7a390a6a9914ce37eec208cc19f15cf5c216a50f8895768ab11bbe8c
resnet,clean_only,29,bandpass_n20001_cLA_V3_V6_covariance_s15,phase2/results/predictions/full/clean_only/resnet/seed_29/bandpass_n20001_cLA_V3_V6_covariance_s15.npz,76328,d26561d770079e54f672b2e316605105a81e302920b8ffd673bef0c9d6ce3231
resnet,clean_only,29,bandpass_n20001_cLA_V3_V6_covariance_s10,phase2/results/predictions/full/clean_only/resnet/seed_29/bandpass_n20001_cLA_V3_V6_covariance_s10.npz,76148,6eac9bb08459a3c86ddc120a4ead594315c93456a5035231c25b55ce476ae0d6
resnet,clean_only,29,bandpass_n20001_cLA_V3_V6_covariance_s5,phase2/results/predictions/full/clean_only/resnet/seed_29/bandpass_n20001_cLA_V3_V6_covariance_s5.npz,75749,bb25e7eecad9c1cd49a8514052829db764d156ffe8a37494331d86c485b1b11d
resnet,clean_only,29,bandpass_n20001_cLA_V3_V6_covariance_s0,phase2/results/predictions/full/clean_only/resnet/seed_29/bandpass_n20001_cLA_V3_V6_covariance_s0.npz,75171,80713a7c0c1d15bab02c0817750164f1fa1f150973e81b8d83c25a04bed89184
resnet,clean_only,29,bandpass_n20001_cLL_V1_V4_independent_rms_s20,phase2/results/predictions/full/clean_only/resnet/seed_29/bandpass_n20001_cLL_V1_V4_independent_rms_s20.npz,76408,f523d0a1c780d8cf281d14aaceed046dcee569902db317ede8dc08172feaf755
resnet,clean_only,29,bandpass_n20001_cLL_V1_V4_independent_rms_s15,phase2/results/predictions/full/clean_only/resnet/seed_29/bandpass_n20001_cLL_V1_V4_independent_rms_s15.npz,76361,a0831ff7e3bdf6191a6c52bc0495097d73e090a2a49ccb86f01dd36b5499a7b3
resnet,clean_only,29,bandpass_n20001_cLL_V1_V4_independent_rms_s10,phase2/results/predictions/full/clean_only/resnet/seed_29/bandpass_n20001_cLL_V1_V4_independent_rms_s10.npz,76198,e2fefe15663b9c6e64938ca70019ce0b0eb3f4dce9174ad13fe36bcff9c16903
resnet,clean_only,29,bandpass_n20001_cLL_V1_V4_independent_rms_s5,phase2/results/predictions/full/clean_only/resnet/seed_29/bandpass_n20001_cLL_V1_V4_independent_rms_s5.npz,75825,0bb839708a14d947c7024f4b3eaaaa32306f045f31b532c2e7f1f0cf05610ef9
resnet,clean_only,29,bandpass_n20001_cLL_V1_V4_independent_rms_s0,phase2/results/predictions/full/clean_only/resnet/seed_29/bandpass_n20001_cLL_V1_V4_independent_rms_s0.npz,75182,bfde58059305ac05b9202ecdcd7aaaf8d99ac3114016de1d78dc17c575c878f9
resnet,clean_only,29,bandpass_n20001_cLL_V1_V4_electrode_s20,phase2/results/predictions/full/clean_only/resnet/seed_29/bandpass_n20001_cLL_V1_V4_electrode_s20.npz,76396,346935bc8222f7ee2a4b8241276f4f3522f2247a4271cd30f26cfc0f6a4c6ce0
resnet,clean_only,29,bandpass_n20001_cLL_V1_V4_electrode_s15,phase2/results/predictions/full/clean_only/resnet/seed_29/bandpass_n20001_cLL_V1_V4_electrode_s15.npz,76310,258d024b6df914613f58fc3cc6524c602278e8b6544b1ce4a22bb57750066eac
resnet,clean_only,29,bandpass_n20001_cLL_V1_V4_electrode_s10,phase2/results/predictions/full/clean_only/resnet/seed_29/bandpass_n20001_cLL_V1_V4_electrode_s10.npz,76085,e1922cea77330348f06dc639c1ac6564227ad67848ce4f45340ca6d4c5e5f427
resnet,clean_only,29,bandpass_n20001_cLL_V1_V4_electrode_s5,phase2/results/predictions/full/clean_only/resnet/seed_29/bandpass_n20001_cLL_V1_V4_electrode_s5.npz,75685,bb16a2c72a312c42ae38087e57c1736aff3a4536c28d471a97c103c7336f3fef
resnet,clean_only,29,bandpass_n20001_cLL_V1_V4_electrode_s0,phase2/results/predictions/full/clean_only/resnet/seed_29/bandpass_n20001_cLL_V1_V4_electrode_s0.npz,75187,4f2124ba295b84642d602c746eac5f4078c5c092002f4f12c70d1fc275b4bda9
resnet,clean_only,29,bandpass_n20001_cLL_V1_V4_covariance_s20,phase2/results/predictions/full/clean_only/resnet/seed_29/bandpass_n20001_cLL_V1_V4_covariance_s20.npz,76370,13ebe1039b2fc8ef1530571fe496c53af6d452c314e0ec7b40d1346642dd56a8
resnet,clean_only,29,bandpass_n20001_cLL_V1_V4_covariance_s15,phase2/results/predictions/full/clean_only/resnet/seed_29/bandpass_n20001_cLL_V1_V4_covariance_s15.npz,76337,e87b72ba7daa41d0ca2004536647bf5d1c6dfc22fe479c4c6ca01c765e668841
resnet,clean_only,29,bandpass_n20001_cLL_V1_V4_covariance_s10,phase2/results/predictions/full/clean_only/resnet/seed_29/bandpass_n20001_cLL_V1_V4_covariance_s10.npz,76115,ceee1be419dc03d247cd1fa55c07141544d48a813ccec41df5cdafec3e719944
resnet,clean_only,29,bandpass_n20001_cLL_V1_V4_covariance_s5,phase2/results/predictions/full/clean_only/resnet/seed_29/bandpass_n20001_cLL_V1_V4_covariance_s5.npz,75665,d5f6381e48ed78c148cd443e0a656aa6f258ef260ea789a897d55f97a8e97dac
resnet,clean_only,29,bandpass_n20001_cLL_V1_V4_covariance_s0,phase2/results/predictions/full/clean_only/resnet/seed_29/bandpass_n20001_cLL_V1_V4_covariance_s0.npz,75183,e858460f3521190c7d164dc5d8a43d713e33450788c59b62bdc4363b42b58b67
resnet,clean_only,29,bandpass_n20001_call_independent_rms_s20,phase2/results/predictions/full/clean_only/resnet/seed_29/bandpass_n20001_call_independent_rms_s20.npz,76403,b2e4089e4c596cb3ad23751764a24cf21bd014e07fd8e0b34f460fc7d4b60937
resnet,clean_only,29,bandpass_n20001_call_independent_rms_s15,phase2/results/predictions/full/clean_only/resnet/seed_29/bandpass_n20001_call_independent_rms_s15.npz,76329,4ee1a50930d513121c03c6b4e0e0b8e656055b6d4dd1663c6b884987910a2f8b
resnet,clean_only,29,bandpass_n20001_call_independent_rms_s10,phase2/results/predictions/full/clean_only/resnet/seed_29/bandpass_n20001_call_independent_rms_s10.npz,76148,67fff1b55a5be157da4cf4bf0779d7ebbe056514db57754ae003f6410c8d7d07
resnet,clean_only,29,bandpass_n20001_call_independent_rms_s5,phase2/results/predictions/full/clean_only/resnet/seed_29/bandpass_n20001_call_independent_rms_s5.npz,75823,8b93f7e85e979eb04432033c43a653fd6282fdb35af2b6b3ed6df4ea3940245b
resnet,clean_only,29,bandpass_n20001_call_independent_rms_s0,phase2/results/predictions/full/clean_only/resnet/seed_29/bandpass_n20001_call_independent_rms_s0.npz,75138,ef512016b07fef416cb2a6990824a61ff328873d87f8da7c73d97dbca5de4f46
resnet,clean_only,29,bandpass_n20001_call_electrode_s20,phase2/results/predictions/full/clean_only/resnet/seed_29/bandpass_n20001_call_electrode_s20.npz,76339,6358f373332690f29117a24720d5b2b321df729127dfc3f22e6665f5a3c07ce7
resnet,clean_only,29,bandpass_n20001_call_electrode_s15,phase2/results/predictions/full/clean_only/resnet/seed_29/bandpass_n20001_call_electrode_s15.npz,76307,506eb9676b7be1cf54ef3156ddcb85397d227694f1c6196660b35250d51f7d25
resnet,clean_only,29,bandpass_n20001_call_electrode_s10,phase2/results/predictions/full/clean_only/resnet/seed_29/bandpass_n20001_call_electrode_s10.npz,76069,54c049f5f1775873f574eb32df2e4f03c51735e07b67f6c9b06f58a9b2fbf470
resnet,clean_only,29,bandpass_n20001_call_electrode_s5,phase2/results/predictions/full/clean_only/resnet/seed_29/bandpass_n20001_call_electrode_s5.npz,75646,5c9f736027e6a29b88e82ea113b46ba6c5bf054309ab2dcb729de9b69a6b055f
resnet,clean_only,29,bandpass_n20001_call_electrode_s0,phase2/results/predictions/full/clean_only/resnet/seed_29/bandpass_n20001_call_electrode_s0.npz,75066,e4622ee74c61ac508976d93bc904c561fe4148b8a69041596992122378187c4d
resnet,clean_only,29,bandpass_n20001_call_covariance_s20,phase2/results/predictions/full/clean_only/resnet/seed_29/bandpass_n20001_call_covariance_s20.npz,76333,fd5b34179c10b633600f126e6b643c90f66ce2a9a1276490e304ef9ee76b876d
resnet,clean_only,29,bandpass_n20001_call_covariance_s15,phase2/results/predictions/full/clean_only/resnet/seed_29/bandpass_n20001_call_covariance_s15.npz,76289,7b42cebb2ed2960668a9d41a388941f762ed4b17ebb02c74a96feca4dda5087d
resnet,clean_only,29,bandpass_n20001_call_covariance_s10,phase2/results/predictions/full/clean_only/resnet/seed_29/bandpass_n20001_call_covariance_s10.npz,76048,5bdcbc0136109e9e035747fe2963fc5a332b1f00ba5a4a495c3830b1008ba4de
resnet,clean_only,29,bandpass_n20001_call_covariance_s5,phase2/results/predictions/full/clean_only/resnet/seed_29/bandpass_n20001_call_covariance_s5.npz,75650,3ace4ac1546db5d95b5ade39a7e7b97cc01eb3211330235e22895e69bd0b0e31
resnet,clean_only,29,bandpass_n20001_call_covariance_s0,phase2/results/predictions/full/clean_only/resnet/seed_29/bandpass_n20001_call_covariance_s0.npz,75073,7d55e87e49e66a0ddf839c395e5c95bae5dfd211a5eeffb9d74bc87c6bfa600e
resnet,clean_only,29,bandpass_n20002_cRA_LA_LL_independent_rms_s20,phase2/results/predictions/full/clean_only/resnet/seed_29/bandpass_n20002_cRA_LA_LL_independent_rms_s20.npz,76351,08069fd64c14c4d42a73b0388648be732ab79adcf5a26fb4e579c8f61cb2dbf9
resnet,clean_only,29,bandpass_n20002_cRA_LA_LL_independent_rms_s15,phase2/results/predictions/full/clean_only/resnet/seed_29/bandpass_n20002_cRA_LA_LL_independent_rms_s15.npz,76328,8328da5f658c7992a550cfd557ddb447b76c26846ea074f05f6e1c8040decc1b
resnet,clean_only,29,bandpass_n20002_cRA_LA_LL_independent_rms_s10,phase2/results/predictions/full/clean_only/resnet/seed_29/bandpass_n20002_cRA_LA_LL_independent_rms_s10.npz,76159,6a010233257ec268b83ea1ebf8f7bf6975886416f9b9bf45793459d095dfdc21
resnet,clean_only,29,bandpass_n20002_cRA_LA_LL_independent_rms_s5,phase2/results/predictions/full/clean_only/resnet/seed_29/bandpass_n20002_cRA_LA_LL_independent_rms_s5.npz,75781,725521f4128004d66db362a7e8101974a009aa054549a41bc4faae03dc91273c
resnet,clean_only,29,bandpass_n20002_cRA_LA_LL_independent_rms_s0,phase2/results/predictions/full/clean_only/resnet/seed_29/bandpass_n20002_cRA_LA_LL_independent_rms_s0.npz,75143,3194a779331a749378cded6cc3886d6d981514eaa3166075d34eabf166cb4ad0
resnet,clean_only,29,bandpass_n20002_cRA_LA_LL_electrode_s20,phase2/results/predictions/full/clean_only/resnet/seed_29/bandpass_n20002_cRA_LA_LL_electrode_s20.npz,76363,95eb4676e0eecbb0797efe924c7fc409982f6b4bea494f9cbdbd4c165b540dc7
resnet,clean_only,29,bandpass_n20002_cRA_LA_LL_electrode_s15,phase2/results/predictions/full/clean_only/resnet/seed_29/bandpass_n20002_cRA_LA_LL_electrode_s15.npz,76286,7b4ffc4b769e690e570fa06e310b21aba84b727ddbf06b17a7eec2a15c5c0c4b
resnet,clean_only,29,bandpass_n20002_cRA_LA_LL_electrode_s10,phase2/results/predictions/full/clean_only/resnet/seed_29/bandpass_n20002_cRA_LA_LL_electrode_s10.npz,76083,53cc0e39bf1b51495446313f2cb69b17c56f1b17eb54893280551bad31ecf6ab
resnet,clean_only,29,bandpass_n20002_cRA_LA_LL_electrode_s5,phase2/results/predictions/full/clean_only/resnet/seed_29/bandpass_n20002_cRA_LA_LL_electrode_s5.npz,75596,6b35d4880c57e136562e945033de9df9d86905b2a02620c12ce6d61455aae79f
resnet,clean_only,29,bandpass_n20002_cRA_LA_LL_electrode_s0,phase2/results/predictions/full/clean_only/resnet/seed_29/bandpass_n20002_cRA_LA_LL_electrode_s0.npz,75091,79543fc981fb0954f697d5aeab1168c9f68b1908f67ba211c8ec3b9f91421630
resnet,clean_only,29,bandpass_n20002_cRA_LA_LL_covariance_s20,phase2/results/predictions/full/clean_only/resnet/seed_29/bandpass_n20002_cRA_LA_LL_covariance_s20.npz,76380,acd85e4b62f0ed4141f5702e12009caa6c7ef103f96569e01a69d161df216edd
resnet,clean_only,29,bandpass_n20002_cRA_LA_LL_covariance_s15,phase2/results/predictions/full/clean_only/resnet/seed_29/bandpass_n20002_cRA_LA_LL_covariance_s15.npz,76295,2ee93189fae9099fd87b8df6623cd6fbdd2b27b8edace7b1c7e6e6dfb2cc5a73
resnet,clean_only,29,bandpass_n20002_cRA_LA_LL_covariance_s10,phase2/results/predictions/full/clean_only/resnet/seed_29/bandpass_n20002_cRA_LA_LL_covariance_s10.npz,76018,2492f0d754dfab4df14f3d805bb552199a415e40fc5ac77c3029800b8ee8aeb0
resnet,clean_only,29,bandpass_n20002_cRA_LA_LL_covariance_s5,phase2/results/predictions/full/clean_only/resnet/seed_29/bandpass_n20002_cRA_LA_LL_covariance_s5.npz,75594,4455063c283877ce404772b814e99127d7b6eb593322af77867e02b48b6b17c5
resnet,clean_only,29,bandpass_n20002_cRA_LA_LL_covariance_s0,phase2/results/predictions/full/clean_only/resnet/seed_29/bandpass_n20002_cRA_LA_LL_covariance_s0.npz,75113,6084a6ebe50b8c6dee968ece43cb2cebb2cfc8c1e6eed06617f63acd2db72927
resnet,clean_only,29,bandpass_n20002_cV1_independent_rms_s20,phase2/results/predictions/full/clean_only/resnet/seed_29/bandpass_n20002_cV1_independent_rms_s20.npz,76392,0002d1bb4e99a302ba8ef4b1fb0b063ca3cac4d2e672b5fc9c352961ea94f769
resnet,clean_only,29,bandpass_n20002_cV1_independent_rms_s15,phase2/results/predictions/full/clean_only/resnet/seed_29/bandpass_n20002_cV1_independent_rms_s15.npz,76331,7d792634953c0ceed6ad168e97812b060ed4d84f66173866ddd0882489b475b1
resnet,clean_only,29,bandpass_n20002_cV1_independent_rms_s10,phase2/results/predictions/full/clean_only/resnet/seed_29/bandpass_n20002_cV1_independent_rms_s10.npz,76128,c187c9e062d8bb1ea75f24985073c33d5758a2456b5d9468a05fbef38cf782b6
resnet,clean_only,29,bandpass_n20002_cV1_independent_rms_s5,phase2/results/predictions/full/clean_only/resnet/seed_29/bandpass_n20002_cV1_independent_rms_s5.npz,75696,496af8c66266c3dfb7cb17bbbfe56dec820d0a2514f5929dd891c1382612083b
resnet,clean_only,29,bandpass_n20002_cV1_independent_rms_s0,phase2/results/predictions/full/clean_only/resnet/seed_29/bandpass_n20002_cV1_independent_rms_s0.npz,75052,9ef7e2bf25668e2339eb5638ed4624c67fa2fe70c348a0ff0ed0d785deef932b
resnet,clean_only,29,bandpass_n20002_cV1_electrode_s20,phase2/results/predictions/full/clean_only/resnet/seed_29/bandpass_n20002_cV1_electrode_s20.npz,76362,1fbdd65e636c854ddeb31582dff0ed8eca689ecba9cc89ee63390657ecbc71db
resnet,clean_only,29,bandpass_n20002_cV1_electrode_s15,phase2/results/predictions/full/clean_only/resnet/seed_29/bandpass_n20002_cV1_electrode_s15.npz,76311,305ca70940fa750190e69c66f4a4a0a6710a06f9a0214b979cc18860b8a7efca
resnet,clean_only,29,bandpass_n20002_cV1_electrode_s10,phase2/results/predictions/full/clean_only/resnet/seed_29/bandpass_n20002_cV1_electrode_s10.npz,76131,2cacf9a6b7fe4b2f5fbfbb5085f3f348ae610e8533c10f1edbd863a58f34bd64
resnet,clean_only,29,bandpass_n20002_cV1_electrode_s5,phase2/results/predictions/full/clean_only/resnet/seed_29/bandpass_n20002_cV1_electrode_s5.npz,75695,eb23407ce9dddede66cffa679fdd4c870c89066f148f81d1ce2fcca9e7fa8885
resnet,clean_only,29,bandpass_n20002_cV1_electrode_s0,phase2/results/predictions/full/clean_only/resnet/seed_29/bandpass_n20002_cV1_electrode_s0.npz,75028,ab565936a195bcdbc6dd901763218158742eca26b4fa519b7ef4e4aedf16788b
resnet,clean_only,29,bandpass_n20002_cV1_covariance_s20,phase2/results/predictions/full/clean_only/resnet/seed_29/bandpass_n20002_cV1_covariance_s20.npz,76397,f4ea77908ad414cdfa224242ce868d05d1cdb95b11c4f0524a559b8a4b4d6152
resnet,clean_only,29,bandpass_n20002_cV1_covariance_s15,phase2/results/predictions/full/clean_only/resnet/seed_29/bandpass_n20002_cV1_covariance_s15.npz,76322,d38bedf14a87110c337f65976aee34ca4df86c291da78c2d67ab1ca7d678e963
resnet,clean_only,29,bandpass_n20002_cV1_covariance_s10,phase2/results/predictions/full/clean_only/resnet/seed_29/bandpass_n20002_cV1_covariance_s10.npz,76129,e29c9c499b0c4062b75f863a038e227a57e4394fe4dd444b7ed0aa8e63ed10e9
resnet,clean_only,29,bandpass_n20002_cV1_covariance_s5,phase2/results/predictions/full/clean_only/resnet/seed_29/bandpass_n20002_cV1_covariance_s5.npz,75693,6c0113e5eb7578316866dc0970bcb6a32981254559db5ab7c653922343ef7bcc
resnet,clean_only,29,bandpass_n20002_cV1_covariance_s0,phase2/results/predictions/full/clean_only/resnet/seed_29/bandpass_n20002_cV1_covariance_s0.npz,75004,9b23b663a36178fb0f760d1a30807d75b7f500ade1e07b8f28cf4d278f52e0ef
resnet,clean_only,29,bandpass_n20002_cV2_independent_rms_s20,phase2/results/predictions/full/clean_only/resnet/seed_29/bandpass_n20002_cV2_independent_rms_s20.npz,76366,068b772c27949491aa9070057b6d29da232d6e63dabd5e9ecc6abf3335bc37b3
resnet,clean_only,29,bandpass_n20002_cV2_independent_rms_s15,phase2/results/predictions/full/clean_only/resnet/seed_29/bandpass_n20002_cV2_independent_rms_s15.npz,76357,a6480072e27f91e74d544dc0d19e0b26224ab8deb33169878aedaf84147f61ac
resnet,clean_only,29,bandpass_n20002_cV2_independent_rms_s10,phase2/results/predictions/full/clean_only/resnet/seed_29/bandpass_n20002_cV2_independent_rms_s10.npz,76147,52c1c9397464f57b094338483ae8a2e4936e3f013be192f39de4d9f85b6c2bd6
resnet,clean_only,29,bandpass_n20002_cV2_independent_rms_s5,phase2/results/predictions/full/clean_only/resnet/seed_29/bandpass_n20002_cV2_independent_rms_s5.npz,75801,6f909fbfdf99c5363cc02a7bb84c676de703132a8dc1e2007793bd4d5de27d4e
resnet,clean_only,29,bandpass_n20002_cV2_independent_rms_s0,phase2/results/predictions/full/clean_only/resnet/seed_29/bandpass_n20002_cV2_independent_rms_s0.npz,75217,f976656f93401ec22cf18628bce00d580b6ea191442f4e5e1952b1662176432e
resnet,clean_only,29,bandpass_n20002_cV2_electrode_s20,phase2/results/predictions/full/clean_only/resnet/seed_29/bandpass_n20002_cV2_electrode_s20.npz,76389,e0350d7d865c1d7ed9b67104bf1ea315b3ed9312751683fbc2a7a728ecda1ca1
resnet,clean_only,29,bandpass_n20002_cV2_electrode_s15,phase2/results/predictions/full/clean_only/resnet/seed_29/bandpass_n20002_cV2_electrode_s15.npz,76305,3bf048d32fc35de813c8ba3ef6970613ad487347ab81da152675491bc72b5c81
resnet,clean_only,29,bandpass_n20002_cV2_electrode_s10,phase2/results/predictions/full/clean_only/resnet/seed_29/bandpass_n20002_cV2_electrode_s10.npz,76158,2268beb4ae96999a907d61a331e115cba48a13b62c05cbaaa92209c504b80497
resnet,clean_only,29,bandpass_n20002_cV2_electrode_s5,phase2/results/predictions/full/clean_only/resnet/seed_29/bandpass_n20002_cV2_electrode_s5.npz,75811,8de4b583dc16d70d8f4554be2e1db306999c2e4f64e85cb07dfab99600cfc8f8
resnet,clean_only,29,bandpass_n20002_cV2_electrode_s0,phase2/results/predictions/full/clean_only/resnet/seed_29/bandpass_n20002_cV2_electrode_s0.npz,75214,7da542f3c09b79510d4017d2bcf6ae75f1fab0c6305dcf9a08947b54e57f647f
resnet,clean_only,29,bandpass_n20002_cV2_covariance_s20,phase2/results/predictions/full/clean_only/resnet/seed_29/bandpass_n20002_cV2_covariance_s20.npz,76410,1b01ecccab41f268b90004a5674c84ebb2da61444a2d2b6e93f7ce3697581783
resnet,clean_only,29,bandpass_n20002_cV2_covariance_s15,phase2/results/predictions/full/clean_only/resnet/seed_29/bandpass_n20002_cV2_covariance_s15.npz,76314,9ae9bf03d16616f5a3d1bf3d9e4ccff8656c3518fdc16bcf0093bbafebee2523
resnet,clean_only,29,bandpass_n20002_cV2_covariance_s10,phase2/results/predictions/full/clean_only/resnet/seed_29/bandpass_n20002_cV2_covariance_s10.npz,76152,04f332e1aee5ff23999e03c6f32d69153432c55a7cd7784b39bd8ac3ad6d7009
resnet,clean_only,29,bandpass_n20002_cV2_covariance_s5,phase2/results/predictions/full/clean_only/resnet/seed_29/bandpass_n20002_cV2_covariance_s5.npz,75802,1cc73603e35b67d64a9a4d252095ec8295554d3f903aa73cacf2a7253485764b
resnet,clean_only,29,bandpass_n20002_cV2_covariance_s0,phase2/results/predictions/full/clean_only/resnet/seed_29/bandpass_n20002_cV2_covariance_s0.npz,75240,737aac6fc8decc3b50d2c16937de8a4d86c9c5903bf62560f4acce8108551c80
resnet,clean_only,29,bandpass_n20002_cV3_independent_rms_s20,phase2/results/predictions/full/clean_only/resnet/seed_29/bandpass_n20002_cV3_independent_rms_s20.npz,76411,252e7aa7e3a94c5ccdb2fc846675ab29cff10274d71bb68b4f74bbd32c1e2e57
resnet,clean_only,29,bandpass_n20002_cV3_independent_rms_s15,phase2/results/predictions/full/clean_only/resnet/seed_29/bandpass_n20002_cV3_independent_rms_s15.npz,76362,626ef5104a26e6e46fc2b93495989c4a23072b6a6e0fe3b451cee878e657e7e2
resnet,clean_only,29,bandpass_n20002_cV3_independent_rms_s10,phase2/results/predictions/full/clean_only/resnet/seed_29/bandpass_n20002_cV3_independent_rms_s10.npz,76245,2b66a159efc2e5c9ade2bab7d2bfd70a80e5ccde0267e1186c7fd54d3b0f48b4
resnet,clean_only,29,bandpass_n20002_cV3_independent_rms_s5,phase2/results/predictions/full/clean_only/resnet/seed_29/bandpass_n20002_cV3_independent_rms_s5.npz,76039,5ef59cd112833b377cd5dc9af8a2f8b678801f9250a2c370da6b957ea57e60ee
resnet,clean_only,29,bandpass_n20002_cV3_independent_rms_s0,phase2/results/predictions/full/clean_only/resnet/seed_29/bandpass_n20002_cV3_independent_rms_s0.npz,75542,c3c4ba26313419a6cd5cc8b831dc0a870ed85158108e31e93919ad2d20acd071
resnet,clean_only,29,bandpass_n20002_cV3_electrode_s20,phase2/results/predictions/full/clean_only/resnet/seed_29/bandpass_n20002_cV3_electrode_s20.npz,76391,6e5a686886ed62136d6a762aa77f61daa018937f55433f64cce626c1ddf5d4a4
resnet,clean_only,29,bandpass_n20002_cV3_electrode_s15,phase2/results/predictions/full/clean_only/resnet/seed_29/bandpass_n20002_cV3_electrode_s15.npz,76373,b204c6e27d9ab336cb38858c6ea654f70266b25b71dc2a9ccaa5f284220a9716
resnet,clean_only,29,bandpass_n20002_cV3_electrode_s10,phase2/results/predictions/full/clean_only/resnet/seed_29/bandpass_n20002_cV3_electrode_s10.npz,76237,9c46a77524ee083958bfb756a746b4db6dd09999db5c980830d5f70126eca950
resnet,clean_only,29,bandpass_n20002_cV3_electrode_s5,phase2/results/predictions/full/clean_only/resnet/seed_29/bandpass_n20002_cV3_electrode_s5.npz,76050,9ebfeb5d0ec9a365ebfc3a53a4818a2978d21d10c04dbfc81fe622a0ab13ea3b
resnet,clean_only,29,bandpass_n20002_cV3_electrode_s0,phase2/results/predictions/full/clean_only/resnet/seed_29/bandpass_n20002_cV3_electrode_s0.npz,75504,eb103431a7b15f96089d4b3e7e79024273982ccc9bbd1e14ab503b158108b6ab
resnet,clean_only,29,bandpass_n20002_cV3_covariance_s20,phase2/results/predictions/full/clean_only/resnet/seed_29/bandpass_n20002_cV3_covariance_s20.npz,76403,77cb9ab03c9fc4c4b0d33928059ba123d6beffac201977b8914f769814031446
resnet,clean_only,29,bandpass_n20002_cV3_covariance_s15,phase2/results/predictions/full/clean_only/resnet/seed_29/bandpass_n20002_cV3_covariance_s15.npz,76346,09ccd55cf16114c4d98e054d84f9bb0d25409000b63872138796f50c4e544e60
resnet,clean_only,29,bandpass_n20002_cV3_covariance_s10,phase2/results/predictions/full/clean_only/resnet/seed_29/bandpass_n20002_cV3_covariance_s10.npz,76293,4c26c2160665c74267c3851080f2ae03540fc65a468a2f84f19c8090a0a342af
resnet,clean_only,29,bandpass_n20002_cV3_covariance_s5,phase2/results/predictions/full/clean_only/resnet/seed_29/bandpass_n20002_cV3_covariance_s5.npz,76013,b98274d5a63a716cae3fdb067ba172b6a72341eb0aa11d9340eb9b05c3119516
resnet,clean_only,29,bandpass_n20002_cV3_covariance_s0,phase2/results/predictions/full/clean_only/resnet/seed_29/bandpass_n20002_cV3_covariance_s0.npz,75580,6ee6d3dd8f5507bf14f34e91f7c9e2dbc21018fdea11581ed26726283d35aef2
resnet,clean_only,29,bandpass_n20002_cV4_independent_rms_s20,phase2/results/predictions/full/clean_only/resnet/seed_29/bandpass_n20002_cV4_independent_rms_s20.npz,76425,686cb38f160388646ed10a2707e7e4f0bce057ebb91a64e1849756dd8205372d
resnet,clean_only,29,bandpass_n20002_cV4_independent_rms_s15,phase2/results/predictions/full/clean_only/resnet/seed_29/bandpass_n20002_cV4_independent_rms_s15.npz,76366,6736c9f0eed08889117eaca8d3d70287d2a4fc028babc256ea37f425a5e8cf9d
resnet,clean_only,29,bandpass_n20002_cV4_independent_rms_s10,phase2/results/predictions/full/clean_only/resnet/seed_29/bandpass_n20002_cV4_independent_rms_s10.npz,76259,a784ddfc536f6c5b666cfbf39f386e2a60aa95d17aa8442e49773bc8cc17b2fb
resnet,clean_only,29,bandpass_n20002_cV4_independent_rms_s5,phase2/results/predictions/full/clean_only/resnet/seed_29/bandpass_n20002_cV4_independent_rms_s5.npz,75953,f6fcdff06609fca37065d385c63c2f596376eccd54fcfd41982a1b8fa6126e7c
resnet,clean_only,29,bandpass_n20002_cV4_independent_rms_s0,phase2/results/predictions/full/clean_only/resnet/seed_29/bandpass_n20002_cV4_independent_rms_s0.npz,75464,2dbae453293f8294b840b94da6f1f7283e5978cc48469fef9d87d40eb9ea8317
resnet,clean_only,29,bandpass_n20002_cV4_electrode_s20,phase2/results/predictions/full/clean_only/resnet/seed_29/bandpass_n20002_cV4_electrode_s20.npz,76384,b41f1f1053799f36f3d0001503e5ccc3d86bedc2c526f3df2563379551e701e5
resnet,clean_only,29,bandpass_n20002_cV4_electrode_s15,phase2/results/predictions/full/clean_only/resnet/seed_29/bandpass_n20002_cV4_electrode_s15.npz,76373,4fa74c693ed2044338e19baefcc2b8a18bc80c920f4b8c8f360f25be3c768c72
resnet,clean_only,29,bandpass_n20002_cV4_electrode_s10,phase2/results/predictions/full/clean_only/resnet/seed_29/bandpass_n20002_cV4_electrode_s10.npz,76222,f458da588dbd5d4f6711aaa2c3000ec6c86ca3de27f3c67d876a90e4caf13129
resnet,clean_only,29,bandpass_n20002_cV4_electrode_s5,phase2/results/predictions/full/clean_only/resnet/seed_29/bandpass_n20002_cV4_electrode_s5.npz,75959,6d8b0f29c695f6e9aa3ad7abfeac7ed6a3fa755e81db1fab19af8e5dddf23770
resnet,clean_only,29,bandpass_n20002_cV4_electrode_s0,phase2/results/predictions/full/clean_only/resnet/seed_29/bandpass_n20002_cV4_electrode_s0.npz,75449,c39d9dd4a47cddf77a1aa0d84e3193d14659f1260651be99358d82957e3efe6f
resnet,clean_only,29,bandpass_n20002_cV4_covariance_s20,phase2/results/predictions/full/clean_only/resnet/seed_29/bandpass_n20002_cV4_covariance_s20.npz,76401,4a70853c7368d91ced6d9767a840c3be1959c3791a709c04f0ae4f93ba4e30bc
resnet,clean_only,29,bandpass_n20002_cV4_covariance_s15,phase2/results/predictions/full/clean_only/resnet/seed_29/bandpass_n20002_cV4_covariance_s15.npz,76339,ee40ae16b22ebb63ab5acfe1f2e0fdac6294bd6725d25cb00f73f2ff9e043d49
resnet,clean_only,29,bandpass_n20002_cV4_covariance_s10,phase2/results/predictions/full/clean_only/resnet/seed_29/bandpass_n20002_cV4_covariance_s10.npz,76248,4506cbb3f8d238dad11716a2777f55985d397b7f56e503444fd462f07f49dcaa
resnet,clean_only,29,bandpass_n20002_cV4_covariance_s5,phase2/results/predictions/full/clean_only/resnet/seed_29/bandpass_n20002_cV4_covariance_s5.npz,75944,66828e957874d88b0544213dbe6061cc68ad1ba7ff7a51dc55c4373436bf633c
resnet,clean_only,29,bandpass_n20002_cV4_covariance_s0,phase2/results/predictions/full/clean_only/resnet/seed_29/bandpass_n20002_cV4_covariance_s0.npz,75427,74adcb6e7fa4d0794bd73d0da0e0c8ff789db9c3e95ed19343e268855566f59f
resnet,clean_only,29,bandpass_n20002_cV5_independent_rms_s20,phase2/results/predictions/full/clean_only/resnet/seed_29/bandpass_n20002_cV5_independent_rms_s20.npz,76396,0c306e50f5e501aa2bd8cccd07f59b0c775651befa1c94453268032c9044e77d
resnet,clean_only,29,bandpass_n20002_cV5_independent_rms_s15,phase2/results/predictions/full/clean_only/resnet/seed_29/bandpass_n20002_cV5_independent_rms_s15.npz,76384,991408741974c9a8c9fd82c1f975f77c72be46f3e54b0aa5b00b44290c58c93b
resnet,clean_only,29,bandpass_n20002_cV5_independent_rms_s10,phase2/results/predictions/full/clean_only/resnet/seed_29/bandpass_n20002_cV5_independent_rms_s10.npz,76244,9c8673f41c20323451281b4651b2db923bdbd34f79fcef99d57128b0a34181d9
resnet,clean_only,29,bandpass_n20002_cV5_independent_rms_s5,phase2/results/predictions/full/clean_only/resnet/seed_29/bandpass_n20002_cV5_independent_rms_s5.npz,75943,fc3430a5832b5ca01d19c3741583767c18a7bd6178cdc5ee2978f26b6a1f4a8b
resnet,clean_only,29,bandpass_n20002_cV5_independent_rms_s0,phase2/results/predictions/full/clean_only/resnet/seed_29/bandpass_n20002_cV5_independent_rms_s0.npz,75288,63bc40c030daf9cce5d0c1a2fc1fc0b1777e55a444f498c2d80d982ca23da3e1
resnet,clean_only,29,bandpass_n20002_cV5_electrode_s20,phase2/results/predictions/full/clean_only/resnet/seed_29/bandpass_n20002_cV5_electrode_s20.npz,76406,c3bb534f198cce6154e0f6b263161f04b58544f5e6be0a5580ba94858e7a9387
resnet,clean_only,29,bandpass_n20002_cV5_electrode_s15,phase2/results/predictions/full/clean_only/resnet/seed_29/bandpass_n20002_cV5_electrode_s15.npz,76352,15ad546f6440b733f721d1b68e11905ada85e9e504238bbc94bb4069921779df
resnet,clean_only,29,bandpass_n20002_cV5_electrode_s10,phase2/results/predictions/full/clean_only/resnet/seed_29/bandpass_n20002_cV5_electrode_s10.npz,76192,aea91c41beef05d310fcce196d1dc01727f95ee2df79b224474d3e6270c1a169
resnet,clean_only,29,bandpass_n20002_cV5_electrode_s5,phase2/results/predictions/full/clean_only/resnet/seed_29/bandpass_n20002_cV5_electrode_s5.npz,75903,63d602de26ba6d898fe6ebe2e762040799acfb85744d64eabc471cafb2152387
resnet,clean_only,29,bandpass_n20002_cV5_electrode_s0,phase2/results/predictions/full/clean_only/resnet/seed_29/bandpass_n20002_cV5_electrode_s0.npz,75268,d6eebdfdea2590f77b26973f504587a86e6a81117dd55a5f7673288aba1c9ddf
resnet,clean_only,29,bandpass_n20002_cV5_covariance_s20,phase2/results/predictions/full/clean_only/resnet/seed_29/bandpass_n20002_cV5_covariance_s20.npz,76384,97f4dd24759471a0f6c70e9c027c716bb01e51611deda60fe45a7b8e1756dd4d
resnet,clean_only,29,bandpass_n20002_cV5_covariance_s15,phase2/results/predictions/full/clean_only/resnet/seed_29/bandpass_n20002_cV5_covariance_s15.npz,76355,71964ef94c4167e124fa5cc063a7f4abcdd1e8d5168aa0734651a8afaa16d6c2
resnet,clean_only,29,bandpass_n20002_cV5_covariance_s10,phase2/results/predictions/full/clean_only/resnet/seed_29/bandpass_n20002_cV5_covariance_s10.npz,76208,93bcb57123f76ceb3d94f262c65d77348b3b51f0f4e6fd582c0a8e3bb4c66589
resnet,clean_only,29,bandpass_n20002_cV5_covariance_s5,phase2/results/predictions/full/clean_only/resnet/seed_29/bandpass_n20002_cV5_covariance_s5.npz,75946,ee4868d1415d821353063173fcc48aa566a986dc308982170400f4048b5be098
resnet,clean_only,29,bandpass_n20002_cV5_covariance_s0,phase2/results/predictions/full/clean_only/resnet/seed_29/bandpass_n20002_cV5_covariance_s0.npz,75281,03720f4caaa824eaaa1d92ce8a932dbc6d76076c82189930390abf664fd27a5e
resnet,clean_only,29,bandpass_n20002_cV6_independent_rms_s20,phase2/results/predictions/full/clean_only/resnet/seed_29/bandpass_n20002_cV6_independent_rms_s20.npz,76394,42b647de1fca23cc4a048f5e11a0ce5ee9e2b82c83d425e9b31243ee91fed546
resnet,clean_only,29,bandpass_n20002_cV6_independent_rms_s15,phase2/results/predictions/full/clean_only/resnet/seed_29/bandpass_n20002_cV6_independent_rms_s15.npz,76350,ce41bc81bc82661604cbefe63268907055488a92c365daa3acb53196557eec28
resnet,clean_only,29,bandpass_n20002_cV6_independent_rms_s10,phase2/results/predictions/full/clean_only/resnet/seed_29/bandpass_n20002_cV6_independent_rms_s10.npz,76225,1b2bc48a46118bc66a59c19078c5a789dcea7431c0b245dffabff9ed9992d0c2
resnet,clean_only,29,bandpass_n20002_cV6_independent_rms_s5,phase2/results/predictions/full/clean_only/resnet/seed_29/bandpass_n20002_cV6_independent_rms_s5.npz,75895,7b3c63ac544eb74dab96f13db69d97364540324365c38e96dbea8d2251e6b399
resnet,clean_only,29,bandpass_n20002_cV6_independent_rms_s0,phase2/results/predictions/full/clean_only/resnet/seed_29/bandpass_n20002_cV6_independent_rms_s0.npz,75348,aa1e543b5e6419c9685c377a66b03cbd1a0891690048414c2577b31c57c20c72
resnet,clean_only,29,bandpass_n20002_cV6_electrode_s20,phase2/results/predictions/full/clean_only/resnet/seed_29/bandpass_n20002_cV6_electrode_s20.npz,76387,48bc60c5bc2fad646e5f28b8e7f63d015bbda9cb6de3703a5f87a3cc1fa872cb
resnet,clean_only,29,bandpass_n20002_cV6_electrode_s15,phase2/results/predictions/full/clean_only/resnet/seed_29/bandpass_n20002_cV6_electrode_s15.npz,76320,fd8eea18c2815ee61853238343d02f51fb3fe492393a6278317fbc3d532b8290
resnet,clean_only,29,bandpass_n20002_cV6_electrode_s10,phase2/results/predictions/full/clean_only/resnet/seed_29/bandpass_n20002_cV6_electrode_s10.npz,76217,d2fee2b2049d66937ce49301a0e60e8aa2afb20f56c06b204dfe51b49db0597d
resnet,clean_only,29,bandpass_n20002_cV6_electrode_s5,phase2/results/predictions/full/clean_only/resnet/seed_29/bandpass_n20002_cV6_electrode_s5.npz,75870,c0d7121e338f250ae54e95bab478795c7cf2557e270fb76a08319b8a1aebf9a5
resnet,clean_only,29,bandpass_n20002_cV6_electrode_s0,phase2/results/predictions/full/clean_only/resnet/seed_29/bandpass_n20002_cV6_electrode_s0.npz,75364,cf6546d40e48015195731042961b2eae2175e1ac3c0ca0158bd4c98c3903e0d9
resnet,clean_only,29,bandpass_n20002_cV6_covariance_s20,phase2/results/predictions/full/clean_only/resnet/seed_29/bandpass_n20002_cV6_covariance_s20.npz,76405,a04256651980d94030b45e935e57d6d02a7283f1d885c442218f80436b0c0937
resnet,clean_only,29,bandpass_n20002_cV6_covariance_s15,phase2/results/predictions/full/clean_only/resnet/seed_29/bandpass_n20002_cV6_covariance_s15.npz,76341,88c7d20ad8f9faac09722ea12f9ad676a199c2cc9f21f11ee2c7f9b58cf7f059
resnet,clean_only,29,bandpass_n20002_cV6_covariance_s10,phase2/results/predictions/full/clean_only/resnet/seed_29/bandpass_n20002_cV6_covariance_s10.npz,76161,4579375daacb5789d63e230b6737f403bc174b09ff44adb17708b59ea0ec7066
resnet,clean_only,29,bandpass_n20002_cV6_covariance_s5,phase2/results/predictions/full/clean_only/resnet/seed_29/bandpass_n20002_cV6_covariance_s5.npz,75899,293e7761ae467737801f734bcc7a544a13e4deb080d89a0e689719741ccf94a5
resnet,clean_only,29,bandpass_n20002_cV6_covariance_s0,phase2/results/predictions/full/clean_only/resnet/seed_29/bandpass_n20002_cV6_covariance_s0.npz,75335,7020a908b5ec5d9cf1a7707249bd6ec03be0f7bc84209906356c00000514d42a
resnet,clean_only,29,bandpass_n20002_cRA_LA_independent_rms_s20,phase2/results/predictions/full/clean_only/resnet/seed_29/bandpass_n20002_cRA_LA_independent_rms_s20.npz,76398,2e2b360f2a23e86fe49b5977795e1d6426630cf5b78f97985ead98ed261f058f
resnet,clean_only,29,bandpass_n20002_cRA_LA_independent_rms_s15,phase2/results/predictions/full/clean_only/resnet/seed_29/bandpass_n20002_cRA_LA_independent_rms_s15.npz,76330,a2c44e154bd6384ff2cca15ca55ef295b538c9787131c933ec089adcef4c9341
resnet,clean_only,29,bandpass_n20002_cRA_LA_independent_rms_s10,phase2/results/predictions/full/clean_only/resnet/seed_29/bandpass_n20002_cRA_LA_independent_rms_s10.npz,76172,406f6c693bbd45353a78d7c441700040c6f98815eec74cc8e6339faf4cb91ab8
resnet,clean_only,29,bandpass_n20002_cRA_LA_independent_rms_s5,phase2/results/predictions/full/clean_only/resnet/seed_29/bandpass_n20002_cRA_LA_independent_rms_s5.npz,75795,1cdac6e44b06aaaa5c5d6c73b6fdab4de0b3690fe07207d2ad2d84e2faa1d6a8
resnet,clean_only,29,bandpass_n20002_cRA_LA_independent_rms_s0,phase2/results/predictions/full/clean_only/resnet/seed_29/bandpass_n20002_cRA_LA_independent_rms_s0.npz,75149,b954725798a4668e9e0639a6f771086a2053144f47585135665a9fc24653b9b7
resnet,clean_only,29,bandpass_n20002_cRA_LA_electrode_s20,phase2/results/predictions/full/clean_only/resnet/seed_29/bandpass_n20002_cRA_LA_electrode_s20.npz,76403,3a1c9ce75425189b50d2da1cc41bc72eb41577311392f086666ee246abf34d45
resnet,clean_only,29,bandpass_n20002_cRA_LA_electrode_s15,phase2/results/predictions/full/clean_only/resnet/seed_29/bandpass_n20002_cRA_LA_electrode_s15.npz,76299,67f54e9b85e46fb26abaff5d2a75cc12f959f6145e4b2997a9776a75e0755f28
resnet,clean_only,29,bandpass_n20002_cRA_LA_electrode_s10,phase2/results/predictions/full/clean_only/resnet/seed_29/bandpass_n20002_cRA_LA_electrode_s10.npz,76039,85862e2ea178bc9a8756d21002229e17140559f7492eb95154650dd5fc15a6d4
resnet,clean_only,29,bandpass_n20002_cRA_LA_electrode_s5,phase2/results/predictions/full/clean_only/resnet/seed_29/bandpass_n20002_cRA_LA_electrode_s5.npz,75585,bef15dca8cd8c7d81d5102cc2a44caa8ed37a84f6285338a0ecbde69c7a38a52
resnet,clean_only,29,bandpass_n20002_cRA_LA_electrode_s0,phase2/results/predictions/full/clean_only/resnet/seed_29/bandpass_n20002_cRA_LA_electrode_s0.npz,75044,d5a985423ea5e8277b992830198c563c2ef40c0740a51dfb09a37064b0d189c9
resnet,clean_only,29,bandpass_n20002_cRA_LA_covariance_s20,phase2/results/predictions/full/clean_only/resnet/seed_29/bandpass_n20002_cRA_LA_covariance_s20.npz,76405,298f7507f2b1543c4156ac3e49a737b89a437844f64a350cb0492157b7f45439
resnet,clean_only,29,bandpass_n20002_cRA_LA_covariance_s15,phase2/results/predictions/full/clean_only/resnet/seed_29/bandpass_n20002_cRA_LA_covariance_s15.npz,76299,32b5705b81b4500a365ef3d37b2f7e3a9a6461ae794b2492b21f38632ec2ddb2
resnet,clean_only,29,bandpass_n20002_cRA_LA_covariance_s10,phase2/results/predictions/full/clean_only/resnet/seed_29/bandpass_n20002_cRA_LA_covariance_s10.npz,76035,b7cb3bde43866fe0f202d0613450313898e0802e766901661edf9d119201c55a
resnet,clean_only,29,bandpass_n20002_cRA_LA_covariance_s5,phase2/results/predictions/full/clean_only/resnet/seed_29/bandpass_n20002_cRA_LA_covariance_s5.npz,75599,10e9b0f6b3e46c7351d85e42789c3d128b670f02314661392c26b16f1a87b8e6
resnet,clean_only,29,bandpass_n20002_cRA_LA_covariance_s0,phase2/results/predictions/full/clean_only/resnet/seed_29/bandpass_n20002_cRA_LA_covariance_s0.npz,75042,e5ac444b2265fd2049006b247ae179723470524fae10a479ca861b4eee3ef0ec
resnet,clean_only,29,bandpass_n20002_cLA_LL_independent_rms_s20,phase2/results/predictions/full/clean_only/resnet/seed_29/bandpass_n20002_cLA_LL_independent_rms_s20.npz,76380,e2a2cdf2a300c63703328fb0c3268cee7004661cff9c1f0ef7f53e1bcedd9599
resnet,clean_only,29,bandpass_n20002_cLA_LL_independent_rms_s15,phase2/results/predictions/full/clean_only/resnet/seed_29/bandpass_n20002_cLA_LL_independent_rms_s15.npz,76360,71f8fe989f4167fc9c6a1ddab1da4871488aa40d5d9be694b22949731dd3f399
resnet,clean_only,29,bandpass_n20002_cLA_LL_independent_rms_s10,phase2/results/predictions/full/clean_only/resnet/seed_29/bandpass_n20002_cLA_LL_independent_rms_s10.npz,76177,dc5fab19aa1b50a781cc7de187282d407fe3da3f94696c6a570647e912c285fa
resnet,clean_only,29,bandpass_n20002_cLA_LL_independent_rms_s5,phase2/results/predictions/full/clean_only/resnet/seed_29/bandpass_n20002_cLA_LL_independent_rms_s5.npz,75785,3196e7c6f42208e32ddbff178fc13a042f4eccd697ba07e10fa1b320134d114e
resnet,clean_only,29,bandpass_n20002_cLA_LL_independent_rms_s0,phase2/results/predictions/full/clean_only/resnet/seed_29/bandpass_n20002_cLA_LL_independent_rms_s0.npz,75162,18d2f0a4c2ad588cd705bb28fbf1710da1d268876863ea447183cc93f61c289c
resnet,clean_only,29,bandpass_n20002_cLA_LL_electrode_s20,phase2/results/predictions/full/clean_only/resnet/seed_29/bandpass_n20002_cLA_LL_electrode_s20.npz,76365,e83b364c5e9ed4d33bc8626ad2ab03fea78e235ff2c3543d9b2eca1618552f58
resnet,clean_only,29,bandpass_n20002_cLA_LL_electrode_s15,phase2/results/predictions/full/clean_only/resnet/seed_29/bandpass_n20002_cLA_LL_electrode_s15.npz,76275,89cc81aa850efdc4c08c8be764a43a452d5f0f6e2a388500a6d15a09700e2b68
resnet,clean_only,29,bandpass_n20002_cLA_LL_electrode_s10,phase2/results/predictions/full/clean_only/resnet/seed_29/bandpass_n20002_cLA_LL_electrode_s10.npz,76058,6ec496658ce73d73c1a3e01fc9ba2aac5d3965923bd4818399d4fc067bcbc52a
resnet,clean_only,29,bandpass_n20002_cLA_LL_electrode_s5,phase2/results/predictions/full/clean_only/resnet/seed_29/bandpass_n20002_cLA_LL_electrode_s5.npz,75621,4de38fcef31c5685045412034c117e7b0f0de03c56d195f12d789bbe5c3fc30c
resnet,clean_only,29,bandpass_n20002_cLA_LL_electrode_s0,phase2/results/predictions/full/clean_only/resnet/seed_29/bandpass_n20002_cLA_LL_electrode_s0.npz,75162,c851c758928771b3c9a940340841ec9afd483d1cca8ce0b3b8b993d5b13101b8
resnet,clean_only,29,bandpass_n20002_cLA_LL_covariance_s20,phase2/results/predictions/full/clean_only/resnet/seed_29/bandpass_n20002_cLA_LL_covariance_s20.npz,76359,2f57e9fa9b60f49bd10ed43253db0aea846727134efab1f6f79b84b375b25a9f
resnet,clean_only,29,bandpass_n20002_cLA_LL_covariance_s15,phase2/results/predictions/full/clean_only/resnet/seed_29/bandpass_n20002_cLA_LL_covariance_s15.npz,76276,911d2f35926cf606cd284b427a0fbe02d454863bc1b9f6f6efe9e26a724a2dd0
resnet,clean_only,29,bandpass_n20002_cLA_LL_covariance_s10,phase2/results/predictions/full/clean_only/resnet/seed_29/bandpass_n20002_cLA_LL_covariance_s10.npz,76056,692a752786deffb0d5d63cb368ba71f13cd0bcdc6523b75a0c6058e6c06fd808
resnet,clean_only,29,bandpass_n20002_cLA_LL_covariance_s5,phase2/results/predictions/full/clean_only/resnet/seed_29/bandpass_n20002_cLA_LL_covariance_s5.npz,75636,0def5784d18908439d8ba1bc510f91ce65470b3263f1884d1795a3ca77ca5f14
resnet,clean_only,29,bandpass_n20002_cLA_LL_covariance_s0,phase2/results/predictions/full/clean_only/resnet/seed_29/bandpass_n20002_cLA_LL_covariance_s0.npz,75186,c8330c89a6f60bf060637fda0bbe03beec857727a70689c2569fe65715b1eee2
resnet,clean_only,29,bandpass_n20002_cRA_LL_independent_rms_s20,phase2/results/predictions/full/clean_only/resnet/seed_29/bandpass_n20002_cRA_LL_independent_rms_s20.npz,76397,1b121f2063c16eb983154d4bbd5100225a6345285b59d86bf10faf386073b8d7
resnet,clean_only,29,bandpass_n20002_cRA_LL_independent_rms_s15,phase2/results/predictions/full/clean_only/resnet/seed_29/bandpass_n20002_cRA_LL_independent_rms_s15.npz,76348,704f5c02b12df221fe2ce4111ac4f711a35f4d67ca86a5510f5bf06a24cb8158
resnet,clean_only,29,bandpass_n20002_cRA_LL_independent_rms_s10,phase2/results/predictions/full/clean_only/resnet/seed_29/bandpass_n20002_cRA_LL_independent_rms_s10.npz,76153,d5f4b095b6a85d82ee567458a21cb395f3a5b841b8bdcf867cb355d2f5872908
resnet,clean_only,29,bandpass_n20002_cRA_LL_independent_rms_s5,phase2/results/predictions/full/clean_only/resnet/seed_29/bandpass_n20002_cRA_LL_independent_rms_s5.npz,75790,40fed6350c7ed3d2a7c3689cba295e761485ed5739433cbb4b41cd220c71b52d
resnet,clean_only,29,bandpass_n20002_cRA_LL_independent_rms_s0,phase2/results/predictions/full/clean_only/resnet/seed_29/bandpass_n20002_cRA_LL_independent_rms_s0.npz,75140,4bcbc8e59a668fb19eba182c6cb77fd3daa5b82a9a5d5962d68f716b13536b6b
resnet,clean_only,29,bandpass_n20002_cRA_LL_electrode_s20,phase2/results/predictions/full/clean_only/resnet/seed_29/bandpass_n20002_cRA_LL_electrode_s20.npz,76354,f01d282c928fd0a1fd1252a66f7642d78ae723161f334da70b102dc6faf31ac3
resnet,clean_only,29,bandpass_n20002_cRA_LL_electrode_s15,phase2/results/predictions/full/clean_only/resnet/seed_29/bandpass_n20002_cRA_LL_electrode_s15.npz,76270,396c06dad74fbd7b706bb7d7b80232c0cf4759ebe47ef8ac7c3578d3f9e0b333
resnet,clean_only,29,bandpass_n20002_cRA_LL_electrode_s10,phase2/results/predictions/full/clean_only/resnet/seed_29/bandpass_n20002_cRA_LL_electrode_s10.npz,76055,5140c7976193268bdbf8b95d8f358cf571f40818f808a0266aa87aa8741f0467
resnet,clean_only,29,bandpass_n20002_cRA_LL_electrode_s5,phase2/results/predictions/full/clean_only/resnet/seed_29/bandpass_n20002_cRA_LL_electrode_s5.npz,75628,5e65264b6f842c688dc1462bb6a6e91df4d4937ccd3721bd5439a797be73dac9
resnet,clean_only,29,bandpass_n20002_cRA_LL_electrode_s0,phase2/results/predictions/full/clean_only/resnet/seed_29/bandpass_n20002_cRA_LL_electrode_s0.npz,75109,6ffd8bbc2b09bf7d6dbc8abfd7cd45c8818ff1033eaa0bccc68bb832e7d33c66
resnet,clean_only,29,bandpass_n20002_cRA_LL_covariance_s20,phase2/results/predictions/full/clean_only/resnet/seed_29/bandpass_n20002_cRA_LL_covariance_s20.npz,76388,81096774200c1e5bbfe8a997a1cacbdfe7c11140916984b926640ef52fd5273c
resnet,clean_only,29,bandpass_n20002_cRA_LL_covariance_s15,phase2/results/predictions/full/clean_only/resnet/seed_29/bandpass_n20002_cRA_LL_covariance_s15.npz,76286,74f6f0036bd7df002901def4c7cbea0a0c6bd0a8df4dc8c251c2e65c144fa6a1
resnet,clean_only,29,bandpass_n20002_cRA_LL_covariance_s10,phase2/results/predictions/full/clean_only/resnet/seed_29/bandpass_n20002_cRA_LL_covariance_s10.npz,76088,e075e804efade01f3e99af5f2d96ae3201f56f862811690a22dad435a489a847
resnet,clean_only,29,bandpass_n20002_cRA_LL_covariance_s5,phase2/results/predictions/full/clean_only/resnet/seed_29/bandpass_n20002_cRA_LL_covariance_s5.npz,75596,7aa7826ab5d88d760ddbbe5c703bd41912f6ce3d7553cd443a50331138113647
resnet,clean_only,29,bandpass_n20002_cRA_LL_covariance_s0,phase2/results/predictions/full/clean_only/resnet/seed_29/bandpass_n20002_cRA_LL_covariance_s0.npz,75090,2fc7c6425fcdb96bd1a194f9b88cb53141a9e0cb778857721d2de585ee8fbb0f
resnet,clean_only,29,bandpass_n20002_cRA_independent_rms_s20,phase2/results/predictions/full/clean_only/resnet/seed_29/bandpass_n20002_cRA_independent_rms_s20.npz,76373,7c26a32c7cdf2968f302815354785e82b066a7158dcc2d19428a187a00b8827c
resnet,clean_only,29,bandpass_n20002_cRA_independent_rms_s15,phase2/results/predictions/full/clean_only/resnet/seed_29/bandpass_n20002_cRA_independent_rms_s15.npz,76331,2bc25d3810e64dab93bb85e62cf3930e91def639fc1dc4c3e222b9879ac6555f
resnet,clean_only,29,bandpass_n20002_cRA_independent_rms_s10,phase2/results/predictions/full/clean_only/resnet/seed_29/bandpass_n20002_cRA_independent_rms_s10.npz,76131,c1dee8fd31b206024863cb174abe66e6f6c8e571fc2966e71abbae4b92f3a9ee
resnet,clean_only,29,bandpass_n20002_cRA_independent_rms_s5,phase2/results/predictions/full/clean_only/resnet/seed_29/bandpass_n20002_cRA_independent_rms_s5.npz,75778,6239f56bedf875fe6b16335d322505dca2e018204d3cc9b2cd7a29d25c128cf0
resnet,clean_only,29,bandpass_n20002_cRA_independent_rms_s0,phase2/results/predictions/full/clean_only/resnet/seed_29/bandpass_n20002_cRA_independent_rms_s0.npz,75079,5ee448f63e013a08d850ee17204491dbfacc00196b0e292b93772818e5340f43
resnet,clean_only,29,bandpass_n20002_cRA_electrode_s20,phase2/results/predictions/full/clean_only/resnet/seed_29/bandpass_n20002_cRA_electrode_s20.npz,76346,642e740695709d74e236930dbff852d5c3803589fd5b1299f9f6206dc75cd3a3
resnet,clean_only,29,bandpass_n20002_cRA_electrode_s15,phase2/results/predictions/full/clean_only/resnet/seed_29/bandpass_n20002_cRA_electrode_s15.npz,76274,a3fb609b6b6040bacea6cdb388e9bba03fd73687cb0f83a3d54c0049109f2e58
resnet,clean_only,29,bandpass_n20002_cRA_electrode_s10,phase2/results/predictions/full/clean_only/resnet/seed_29/bandpass_n20002_cRA_electrode_s10.npz,76032,38cdac3229f6396de68267dd8ab3952df758ae6c4e335ce52e1ba6e011dbbd4d
resnet,clean_only,29,bandpass_n20002_cRA_electrode_s5,phase2/results/predictions/full/clean_only/resnet/seed_29/bandpass_n20002_cRA_electrode_s5.npz,75613,6ef4b60a8bc6434caa566dae9475b29537fbac9f802793f88494f290569e4e5c
resnet,clean_only,29,bandpass_n20002_cRA_electrode_s0,phase2/results/predictions/full/clean_only/resnet/seed_29/bandpass_n20002_cRA_electrode_s0.npz,74989,e39ae9e5d18d591c1318ea386cce7df8f15b51586bbc6a16c3158163415f4d88
resnet,clean_only,29,bandpass_n20002_cRA_covariance_s20,phase2/results/predictions/full/clean_only/resnet/seed_29/bandpass_n20002_cRA_covariance_s20.npz,76323,d8849749f434bfd79a123c464c551054c5a57779dfb385bf68e0a74231843277
resnet,clean_only,29,bandpass_n20002_cRA_covariance_s15,phase2/results/predictions/full/clean_only/resnet/seed_29/bandpass_n20002_cRA_covariance_s15.npz,76267,f5551254173006519ec9f690507a230784f1349d02a70c5b12971afd9cb3a809
resnet,clean_only,29,bandpass_n20002_cRA_covariance_s10,phase2/results/predictions/full/clean_only/resnet/seed_29/bandpass_n20002_cRA_covariance_s10.npz,76047,37a3c451b67297ec0cd4b22c7d727c90ffdce1193087d1189af8a5c129f242b9
resnet,clean_only,29,bandpass_n20002_cRA_covariance_s5,phase2/results/predictions/full/clean_only/resnet/seed_29/bandpass_n20002_cRA_covariance_s5.npz,75566,387b433e0fcf72466c70b9fab92c62dfb7d4dc4a6bb7ed8ee4d5e8f6268b803c
resnet,clean_only,29,bandpass_n20002_cRA_covariance_s0,phase2/results/predictions/full/clean_only/resnet/seed_29/bandpass_n20002_cRA_covariance_s0.npz,74951,343d70a4110ec4f46804aa3f99392a3d3caf36e9c4d7d46ee5261da0a6dfc42a
resnet,clean_only,29,bandpass_n20002_cLA_independent_rms_s20,phase2/results/predictions/full/clean_only/resnet/seed_29/bandpass_n20002_cLA_independent_rms_s20.npz,76400,78b9951412c18ea4ee98af48e77441870106c0b44de2cdabca38ffbd915b24c8
resnet,clean_only,29,bandpass_n20002_cLA_independent_rms_s15,phase2/results/predictions/full/clean_only/resnet/seed_29/bandpass_n20002_cLA_independent_rms_s15.npz,76348,b2ef4f35755c4940c51eb60be0770ef97f23a346e570032fce99fd0babf69b85
resnet,clean_only,29,bandpass_n20002_cLA_independent_rms_s10,phase2/results/predictions/full/clean_only/resnet/seed_29/bandpass_n20002_cLA_independent_rms_s10.npz,76168,cdcbab8249bdefc929505744a43bbeaf4e53e8d9e06412b1f1599eae43a3ad62
resnet,clean_only,29,bandpass_n20002_cLA_independent_rms_s5,phase2/results/predictions/full/clean_only/resnet/seed_29/bandpass_n20002_cLA_independent_rms_s5.npz,75806,dd02fe0c93abf94aa1caca600e0b40ed777f401f46caaa540fba54b9dd45cfac
resnet,clean_only,29,bandpass_n20002_cLA_independent_rms_s0,phase2/results/predictions/full/clean_only/resnet/seed_29/bandpass_n20002_cLA_independent_rms_s0.npz,75187,6780bb305c760df649ce08ef80c9edafb8a04bda473a8e2099c69da646f032c8
resnet,clean_only,29,bandpass_n20002_cLA_electrode_s20,phase2/results/predictions/full/clean_only/resnet/seed_29/bandpass_n20002_cLA_electrode_s20.npz,76369,cd5c52f15cd97258282af32aa61616267443677722647779c39761b0320d8670
resnet,clean_only,29,bandpass_n20002_cLA_electrode_s15,phase2/results/predictions/full/clean_only/resnet/seed_29/bandpass_n20002_cLA_electrode_s15.npz,76299,797debf1ba39e305964b34bc7cbc972a013dc4bbfdc5a52cda434fabe1118412
resnet,clean_only,29,bandpass_n20002_cLA_electrode_s10,phase2/results/predictions/full/clean_only/resnet/seed_29/bandpass_n20002_cLA_electrode_s10.npz,76087,9d71533159f8beac75cf33c89042216d6e00cb7e86630924210490c5792c35ca
resnet,clean_only,29,bandpass_n20002_cLA_electrode_s5,phase2/results/predictions/full/clean_only/resnet/seed_29/bandpass_n20002_cLA_electrode_s5.npz,75642,65b7d99efa8b82570bf63f0fde3a897872cdc86298ac3f6599f10ab8ef2c5153
resnet,clean_only,29,bandpass_n20002_cLA_electrode_s0,phase2/results/predictions/full/clean_only/resnet/seed_29/bandpass_n20002_cLA_electrode_s0.npz,75084,a5d5bb2781a0a7ce97dcd33803186aaac6569aa14a0c35a8c6062cbeeca4424d
resnet,clean_only,29,bandpass_n20002_cLA_covariance_s20,phase2/results/predictions/full/clean_only/resnet/seed_29/bandpass_n20002_cLA_covariance_s20.npz,76361,523815e7077dd54c01bdab12f777f32f2ad83d993413a3c5dcb12ddf3fdb6f84
resnet,clean_only,29,bandpass_n20002_cLA_covariance_s15,phase2/results/predictions/full/clean_only/resnet/seed_29/bandpass_n20002_cLA_covariance_s15.npz,76244,8051d9bc81cbe8de16569eb23e2041203314ff57812f4dcb313acb24d0e17a71
resnet,clean_only,29,bandpass_n20002_cLA_covariance_s10,phase2/results/predictions/full/clean_only/resnet/seed_29/bandpass_n20002_cLA_covariance_s10.npz,76108,b6404b639000fd8bf40bcfa2d8bf345923819b6962db1c6980ae8d7ddab055b1
resnet,clean_only,29,bandpass_n20002_cLA_covariance_s5,phase2/results/predictions/full/clean_only/resnet/seed_29/bandpass_n20002_cLA_covariance_s5.npz,75681,57bffeb9e9220c6abb18df7ebe2990b758341dc320b07d54c1de58f900b5ba69
resnet,clean_only,29,bandpass_n20002_cLA_covariance_s0,phase2/results/predictions/full/clean_only/resnet/seed_29/bandpass_n20002_cLA_covariance_s0.npz,75098,6eb0985e32e94b934aa6e1b227b953308a9e6d8683636dd4aa15d0fcd7e0332e
resnet,clean_only,29,bandpass_n20002_cLL_independent_rms_s20,phase2/results/predictions/full/clean_only/resnet/seed_29/bandpass_n20002_cLL_independent_rms_s20.npz,76401,b754d1d031569d3c54e2a2b72e6d942a25128751f5d78b3943b59aadcff8d72a
resnet,clean_only,29,bandpass_n20002_cLL_independent_rms_s15,phase2/results/predictions/full/clean_only/resnet/seed_29/bandpass_n20002_cLL_independent_rms_s15.npz,76354,1b86ca6825b412dd54435416abcd0ded76b2474a721102f6e2e7b0f70cea07ed
resnet,clean_only,29,bandpass_n20002_cLL_independent_rms_s10,phase2/results/predictions/full/clean_only/resnet/seed_29/bandpass_n20002_cLL_independent_rms_s10.npz,76141,5919f2d42b7502b168750331fd570232c932e8a22bb60f3eae548ee88d98b1c0
resnet,clean_only,29,bandpass_n20002_cLL_independent_rms_s5,phase2/results/predictions/full/clean_only/resnet/seed_29/bandpass_n20002_cLL_independent_rms_s5.npz,75764,53103a10c9bcda893a85e7d0bb0c10e3ae2d7de5d54d55e627aba469ab31be71
resnet,clean_only,29,bandpass_n20002_cLL_independent_rms_s0,phase2/results/predictions/full/clean_only/resnet/seed_29/bandpass_n20002_cLL_independent_rms_s0.npz,75208,17eab7b113a8979663c392ba15dbd2128d55276da4c178feb40bb57d0c8aa768
resnet,clean_only,29,bandpass_n20002_cLL_electrode_s20,phase2/results/predictions/full/clean_only/resnet/seed_29/bandpass_n20002_cLL_electrode_s20.npz,76358,5b823d6939888eaa8672bc9a8a55f95dac672500e44d764f2a9380d538c1f713
resnet,clean_only,29,bandpass_n20002_cLL_electrode_s15,phase2/results/predictions/full/clean_only/resnet/seed_29/bandpass_n20002_cLL_electrode_s15.npz,76257,05d01ad5c202a32c47ff134717f43875efbb9c51d48e1effdc04e0d94f3d3c42
resnet,clean_only,29,bandpass_n20002_cLL_electrode_s10,phase2/results/predictions/full/clean_only/resnet/seed_29/bandpass_n20002_cLL_electrode_s10.npz,76080,03f053d6eca6bfa061ff4bacd822a2b42b0cb16d54f55518b776d7d8c974c9a3
resnet,clean_only,29,bandpass_n20002_cLL_electrode_s5,phase2/results/predictions/full/clean_only/resnet/seed_29/bandpass_n20002_cLL_electrode_s5.npz,75634,cfcdd6d1fde82da5e367426c1283172111edac7f9bc50a3da7bae6ba47866aab
resnet,clean_only,29,bandpass_n20002_cLL_electrode_s0,phase2/results/predictions/full/clean_only/resnet/seed_29/bandpass_n20002_cLL_electrode_s0.npz,75237,a07f42ae8ab9e7102aa7533a822533791ca89ab6584fbf8080a46af0f4177674
resnet,clean_only,29,bandpass_n20002_cLL_covariance_s20,phase2/results/predictions/full/clean_only/resnet/seed_29/bandpass_n20002_cLL_covariance_s20.npz,76356,24c75aae98db7c8f1c9e7d423ea4022cccf394c129f160a6a2de5ae7aa7a1746
resnet,clean_only,29,bandpass_n20002_cLL_covariance_s15,phase2/results/predictions/full/clean_only/resnet/seed_29/bandpass_n20002_cLL_covariance_s15.npz,76273,4edb46861f09d4cb692279adaed5ca8a2c3bba6b2e227f0a230789953138eb5a
resnet,clean_only,29,bandpass_n20002_cLL_covariance_s10,phase2/results/predictions/full/clean_only/resnet/seed_29/bandpass_n20002_cLL_covariance_s10.npz,76043,9eb90b5c3619d00ad3b4a6168b29972a53e126def26a1be23724ddc5cc24aec5
resnet,clean_only,29,bandpass_n20002_cLL_covariance_s5,phase2/results/predictions/full/clean_only/resnet/seed_29/bandpass_n20002_cLL_covariance_s5.npz,75612,60a7ad441d9ad458172adae1089fd35d62bd4658eff37b3071991030fdb1891c
resnet,clean_only,29,bandpass_n20002_cLL_covariance_s0,phase2/results/predictions/full/clean_only/resnet/seed_29/bandpass_n20002_cLL_covariance_s0.npz,75230,0d51337d9af434e1b0f6bf50ebbe7d7e6fcf25301833b7dd7f8244395a2056f2
resnet,clean_only,29,bandpass_n20002_cRA_V1_independent_rms_s20,phase2/results/predictions/full/clean_only/resnet/seed_29/bandpass_n20002_cRA_V1_independent_rms_s20.npz,76387,fdd329878a0e05e0dd9e6b9107586e37029e2bf4165bbcd132e60790ba035c01
resnet,clean_only,29,bandpass_n20002_cRA_V1_independent_rms_s15,phase2/results/predictions/full/clean_only/resnet/seed_29/bandpass_n20002_cRA_V1_independent_rms_s15.npz,76347,4a1fbbc3595b0fa74f8afcc96bf9a97c044553236f5905208dfcb17087bb6530
resnet,clean_only,29,bandpass_n20002_cRA_V1_independent_rms_s10,phase2/results/predictions/full/clean_only/resnet/seed_29/bandpass_n20002_cRA_V1_independent_rms_s10.npz,76173,55e51db56eec32874c5678da9fae1cee42747f465cd86902536bffe3622f0acd
resnet,clean_only,29,bandpass_n20002_cRA_V1_independent_rms_s5,phase2/results/predictions/full/clean_only/resnet/seed_29/bandpass_n20002_cRA_V1_independent_rms_s5.npz,75729,16925423a957b9664a3629b09bffc72d72a7d8c4ca21599dec30564a36492ddd
resnet,clean_only,29,bandpass_n20002_cRA_V1_independent_rms_s0,phase2/results/predictions/full/clean_only/resnet/seed_29/bandpass_n20002_cRA_V1_independent_rms_s0.npz,75114,5e0321b0ddd90d59739b07dcc2fd5b7ab185f8dd3220037f170465924406b247
resnet,clean_only,29,bandpass_n20002_cRA_V1_electrode_s20,phase2/results/predictions/full/clean_only/resnet/seed_29/bandpass_n20002_cRA_V1_electrode_s20.npz,76389,e8ad2f2c1e7680bc41bbfa39e7b2ba45db449928b144db0a6c2eb3ca77bec2d8
resnet,clean_only,29,bandpass_n20002_cRA_V1_electrode_s15,phase2/results/predictions/full/clean_only/resnet/seed_29/bandpass_n20002_cRA_V1_electrode_s15.npz,76302,fcd6b7bdd2cab099aa082561b1738c8c105689b939972b57b74587dd4f6820cf
resnet,clean_only,29,bandpass_n20002_cRA_V1_electrode_s10,phase2/results/predictions/full/clean_only/resnet/seed_29/bandpass_n20002_cRA_V1_electrode_s10.npz,76061,1d9cd8ed1751518c874eb0eea0acf14865af43ec2c714ea897ca74598c0d560a
resnet,clean_only,29,bandpass_n20002_cRA_V1_electrode_s5,phase2/results/predictions/full/clean_only/resnet/seed_29/bandpass_n20002_cRA_V1_electrode_s5.npz,75599,d0b51934a4c734683b46d357607b2ac811f6fbfaee24db0c8ad5f03c30cadb20
resnet,clean_only,29,bandpass_n20002_cRA_V1_electrode_s0,phase2/results/predictions/full/clean_only/resnet/seed_29/bandpass_n20002_cRA_V1_electrode_s0.npz,74984,7c724a749ec2712cfbd4c9125672483334998655b1adbd5eb42582705108d0c5
resnet,clean_only,29,bandpass_n20002_cRA_V1_covariance_s20,phase2/results/predictions/full/clean_only/resnet/seed_29/bandpass_n20002_cRA_V1_covariance_s20.npz,76390,43a68d4f0d9bd238fc116b50516350ce25f495eb203b42c5eeff9b60be801151
resnet,clean_only,29,bandpass_n20002_cRA_V1_covariance_s15,phase2/results/predictions/full/clean_only/resnet/seed_29/bandpass_n20002_cRA_V1_covariance_s15.npz,76305,aa2e8783e28329923126d10643f9edd830406b5d82d5e888c649fb8a0ec2b634
resnet,clean_only,29,bandpass_n20002_cRA_V1_covariance_s10,phase2/results/predictions/full/clean_only/resnet/seed_29/bandpass_n20002_cRA_V1_covariance_s10.npz,76058,9d603f26a927a7d6030bb25df3e8cc072679d17f513bd0e280dadb05c83e55b5
resnet,clean_only,29,bandpass_n20002_cRA_V1_covariance_s5,phase2/results/predictions/full/clean_only/resnet/seed_29/bandpass_n20002_cRA_V1_covariance_s5.npz,75631,091142f7d20dc4b5680a19a8ecb539f8def24e81f60164965b5f897192ad457c
resnet,clean_only,29,bandpass_n20002_cRA_V1_covariance_s0,phase2/results/predictions/full/clean_only/resnet/seed_29/bandpass_n20002_cRA_V1_covariance_s0.npz,74978,1eb21c5f3fae72df15d08893afdc8152287cd174c2167cbb79ec5ece6b57d819
resnet,clean_only,29,bandpass_n20002_cLA_V6_independent_rms_s20,phase2/results/predictions/full/clean_only/resnet/seed_29/bandpass_n20002_cLA_V6_independent_rms_s20.npz,76397,2ee88f81fe1537a6e4d6fe933d78aeb14766b964b5e2f6139501f01dd6d573db
resnet,clean_only,29,bandpass_n20002_cLA_V6_independent_rms_s15,phase2/results/predictions/full/clean_only/resnet/seed_29/bandpass_n20002_cLA_V6_independent_rms_s15.npz,76351,40049d50fe6c37135ebb733e0ec89236d736db9ea4ff63be51864982c77a695e
resnet,clean_only,29,bandpass_n20002_cLA_V6_independent_rms_s10,phase2/results/predictions/full/clean_only/resnet/seed_29/bandpass_n20002_cLA_V6_independent_rms_s10.npz,76178,50581909735973546e80cf138fb98436ab133c4a9541e0ddb2cdcb81ee27306c
resnet,clean_only,29,bandpass_n20002_cLA_V6_independent_rms_s5,phase2/results/predictions/full/clean_only/resnet/seed_29/bandpass_n20002_cLA_V6_independent_rms_s5.npz,75827,0ea3213ebeecffd9280e5a5bd01474d42b05b491c5bced84fc943f925b9d7142
resnet,clean_only,29,bandpass_n20002_cLA_V6_independent_rms_s0,phase2/results/predictions/full/clean_only/resnet/seed_29/bandpass_n20002_cLA_V6_independent_rms_s0.npz,75233,937c75b7aaf4063010924970290256eb833a32166767e4b6000594daf0e2f533
resnet,clean_only,29,bandpass_n20002_cLA_V6_electrode_s20,phase2/results/predictions/full/clean_only/resnet/seed_29/bandpass_n20002_cLA_V6_electrode_s20.npz,76374,3ea45afb92bf647392d5d03a98e8442ef8103899a65a15472eb04e4674c366c6
resnet,clean_only,29,bandpass_n20002_cLA_V6_electrode_s15,phase2/results/predictions/full/clean_only/resnet/seed_29/bandpass_n20002_cLA_V6_electrode_s15.npz,76331,60cc9f28f98281089fb4d0cd3419f1488f307e0a4d97976f5d051102df3a7533
resnet,clean_only,29,bandpass_n20002_cLA_V6_electrode_s10,phase2/results/predictions/full/clean_only/resnet/seed_29/bandpass_n20002_cLA_V6_electrode_s10.npz,76136,96c853fac5a3387c4994fc27f58b9b605070911aa2927da94b80dce8e1e7c52c
resnet,clean_only,29,bandpass_n20002_cLA_V6_electrode_s5,phase2/results/predictions/full/clean_only/resnet/seed_29/bandpass_n20002_cLA_V6_electrode_s5.npz,75689,4e5ded2f326265ace58f34a394e68a0e50c58742a2214b89d58c2887948c0455
resnet,clean_only,29,bandpass_n20002_cLA_V6_electrode_s0,phase2/results/predictions/full/clean_only/resnet/seed_29/bandpass_n20002_cLA_V6_electrode_s0.npz,75144,fa601c8d6c5f1bdfc9ad35be87f153a639b18b7c3268f451910956aad5df805a
resnet,clean_only,29,bandpass_n20002_cLA_V6_covariance_s20,phase2/results/predictions/full/clean_only/resnet/seed_29/bandpass_n20002_cLA_V6_covariance_s20.npz,76377,7eac2a8219746e971d2a4c82d517491080ddfa1a9b89cedbc77c59bca27081df
resnet,clean_only,29,bandpass_n20002_cLA_V6_covariance_s15,phase2/results/predictions/full/clean_only/resnet/seed_29/bandpass_n20002_cLA_V6_covariance_s15.npz,76297,94d832f9518c9430b82c6e289d6aef1751d9f41ee95ba1c63b4d21edc4ca729a
resnet,clean_only,29,bandpass_n20002_cLA_V6_covariance_s10,phase2/results/predictions/full/clean_only/resnet/seed_29/bandpass_n20002_cLA_V6_covariance_s10.npz,76135,8be6ee6290fce9ef9f96346a14f059c324befc249253a2731e99d75068423fad
resnet,clean_only,29,bandpass_n20002_cLA_V6_covariance_s5,phase2/results/predictions/full/clean_only/resnet/seed_29/bandpass_n20002_cLA_V6_covariance_s5.npz,75691,31f6a8d45b51418de350a6c3e571f98cd7a1341b06971eee125cb308df09af10
resnet,clean_only,29,bandpass_n20002_cLA_V6_covariance_s0,phase2/results/predictions/full/clean_only/resnet/seed_29/bandpass_n20002_cLA_V6_covariance_s0.npz,75160,33dd7a2ea207ff0dc3f6b70e60c167033be2dffbfe355d374593a9e941f4cd04
resnet,clean_only,29,bandpass_n20002_cLL_V4_independent_rms_s20,phase2/results/predictions/full/clean_only/resnet/seed_29/bandpass_n20002_cLL_V4_independent_rms_s20.npz,76423,79696317adbf282de019256d0b15077e12c243b5f06115103bf5783f609117e9
resnet,clean_only,29,bandpass_n20002_cLL_V4_independent_rms_s15,phase2/results/predictions/full/clean_only/resnet/seed_29/bandpass_n20002_cLL_V4_independent_rms_s15.npz,76319,63c898f3de46ba9f6e1af0fb3b2608e3948a97ac3c3332ab7f124d5aa5b33391
resnet,clean_only,29,bandpass_n20002_cLL_V4_independent_rms_s10,phase2/results/predictions/full/clean_only/resnet/seed_29/bandpass_n20002_cLL_V4_independent_rms_s10.npz,76211,4e76aca8c6cbba009433f21e72a903069aa94ca28c7106982769f4534f4d1d35
resnet,clean_only,29,bandpass_n20002_cLL_V4_independent_rms_s5,phase2/results/predictions/full/clean_only/resnet/seed_29/bandpass_n20002_cLL_V4_independent_rms_s5.npz,75840,df9dfeaae59cb335ebc7f0a2454f8b2b0631bda46bf64eb6def5b8541b02a41d
resnet,clean_only,29,bandpass_n20002_cLL_V4_independent_rms_s0,phase2/results/predictions/full/clean_only/resnet/seed_29/bandpass_n20002_cLL_V4_independent_rms_s0.npz,75210,4b5f4618c99882b9b326782a0c7042cad3bd293b258b15da7a8ac8b7cf3694b2
resnet,clean_only,29,bandpass_n20002_cLL_V4_electrode_s20,phase2/results/predictions/full/clean_only/resnet/seed_29/bandpass_n20002_cLL_V4_electrode_s20.npz,76383,fd80463c6ae6e0bdbb5ef3ec3e050031bbb033a26b15e7597c57b10a6ac71428
resnet,clean_only,29,bandpass_n20002_cLL_V4_electrode_s15,phase2/results/predictions/full/clean_only/resnet/seed_29/bandpass_n20002_cLL_V4_electrode_s15.npz,76313,1310b5d161db7a98f82f52923fd85d993964f2984a438af0c8c07f993e2d0359
resnet,clean_only,29,bandpass_n20002_cLL_V4_electrode_s10,phase2/results/predictions/full/clean_only/resnet/seed_29/bandpass_n20002_cLL_V4_electrode_s10.npz,76094,cb0e35e382c56b50a4b3251964d22e0338de2963186dca3d15083a8e2f0342bb
resnet,clean_only,29,bandpass_n20002_cLL_V4_electrode_s5,phase2/results/predictions/full/clean_only/resnet/seed_29/bandpass_n20002_cLL_V4_electrode_s5.npz,75700,ff1e99923f424b69a560a8c1a4a574d34d95d691d7b1dba03926fc6023a1b644
resnet,clean_only,29,bandpass_n20002_cLL_V4_electrode_s0,phase2/results/predictions/full/clean_only/resnet/seed_29/bandpass_n20002_cLL_V4_electrode_s0.npz,75259,c32bd801acd3146f13a694dcf0b9a896f4db847cab3402d4c9b34b60ed84d7f4
resnet,clean_only,29,bandpass_n20002_cLL_V4_covariance_s20,phase2/results/predictions/full/clean_only/resnet/seed_29/bandpass_n20002_cLL_V4_covariance_s20.npz,76425,eca2ba149f899ab2e0a99ff1450e108f04f464b8aa83239a7784dc6095dfdd5a
resnet,clean_only,29,bandpass_n20002_cLL_V4_covariance_s15,phase2/results/predictions/full/clean_only/resnet/seed_29/bandpass_n20002_cLL_V4_covariance_s15.npz,76315,1e8857b46f2ffe46ffa6c28d0c95a61ce7fe629a81918371ec6a727f2c01cc52
resnet,clean_only,29,bandpass_n20002_cLL_V4_covariance_s10,phase2/results/predictions/full/clean_only/resnet/seed_29/bandpass_n20002_cLL_V4_covariance_s10.npz,76061,bd7c21edd8c2e2e093d20d850890cac47f2c7cb297019db765f26f7d14fa3717
resnet,clean_only,29,bandpass_n20002_cLL_V4_covariance_s5,phase2/results/predictions/full/clean_only/resnet/seed_29/bandpass_n20002_cLL_V4_covariance_s5.npz,75708,68d1f2d52207d68da9f73dcb6d8918fd34208d4fd66a281b2a0a0c0a0d2e065b
resnet,clean_only,29,bandpass_n20002_cLL_V4_covariance_s0,phase2/results/predictions/full/clean_only/resnet/seed_29/bandpass_n20002_cLL_V4_covariance_s0.npz,75222,e0465437e98da85911ed18a4dc8c3e00189ad1290f5513a331adfeb4c814bb1b
resnet,clean_only,29,bandpass_n20002_cRA_LA_V1_V6_independent_rms_s20,phase2/results/predictions/full/clean_only/resnet/seed_29/bandpass_n20002_cRA_LA_V1_V6_independent_rms_s20.npz,76437,b99177d067bec6eab9ad01603934f6305206c060992e96292d2ba7a5ad675a60
resnet,clean_only,29,bandpass_n20002_cRA_LA_V1_V6_independent_rms_s15,phase2/results/predictions/full/clean_only/resnet/seed_29/bandpass_n20002_cRA_LA_V1_V6_independent_rms_s15.npz,76372,b28184c18be89a97a783256849b20fac82bf57f878fde42db4a49345c9e65238
resnet,clean_only,29,bandpass_n20002_cRA_LA_V1_V6_independent_rms_s10,phase2/results/predictions/full/clean_only/resnet/seed_29/bandpass_n20002_cRA_LA_V1_V6_independent_rms_s10.npz,76183,219a6a82abd88c222e6703c6106f5809b3fe18bccccc1e84fcd63b07930535cf
resnet,clean_only,29,bandpass_n20002_cRA_LA_V1_V6_independent_rms_s5,phase2/results/predictions/full/clean_only/resnet/seed_29/bandpass_n20002_cRA_LA_V1_V6_independent_rms_s5.npz,75785,563202c4929cb3b9a5ebfebbc0eaf81a3f372ebe9aa2bb2af9ce31a4a5fb317b
resnet,clean_only,29,bandpass_n20002_cRA_LA_V1_V6_independent_rms_s0,phase2/results/predictions/full/clean_only/resnet/seed_29/bandpass_n20002_cRA_LA_V1_V6_independent_rms_s0.npz,75156,c8bf8c3eefbe9e8d3c79674b593fcaf422038fea407186fbeecbf92ec03f59d0
resnet,clean_only,29,bandpass_n20002_cRA_LA_V1_V6_electrode_s20,phase2/results/predictions/full/clean_only/resnet/seed_29/bandpass_n20002_cRA_LA_V1_V6_electrode_s20.npz,76369,c73649914db5efefd63117c3b056045331b805622aa25a0a867125e5ddf81624
resnet,clean_only,29,bandpass_n20002_cRA_LA_V1_V6_electrode_s15,phase2/results/predictions/full/clean_only/resnet/seed_29/bandpass_n20002_cRA_LA_V1_V6_electrode_s15.npz,76289,c6919d20f9033f7107385543c7b3ebde5b8c41ade821d5b7dd64f8fe9243bd89
resnet,clean_only,29,bandpass_n20002_cRA_LA_V1_V6_electrode_s10,phase2/results/predictions/full/clean_only/resnet/seed_29/bandpass_n20002_cRA_LA_V1_V6_electrode_s10.npz,76108,3b8182b88f5f49cefa3635f95d4d58ed2c93d78147cdf35bf2e603bc19dc9d24
resnet,clean_only,29,bandpass_n20002_cRA_LA_V1_V6_electrode_s5,phase2/results/predictions/full/clean_only/resnet/seed_29/bandpass_n20002_cRA_LA_V1_V6_electrode_s5.npz,75646,8b634780e92196fa82834a67f854fcec2f1dfeec1411da8c3e58b19696ae1506
resnet,clean_only,29,bandpass_n20002_cRA_LA_V1_V6_electrode_s0,phase2/results/predictions/full/clean_only/resnet/seed_29/bandpass_n20002_cRA_LA_V1_V6_electrode_s0.npz,75075,163e5519a9996fd67b0fdcdace454fe88ba8a5e21b74d683047655dd37f84818
resnet,clean_only,29,bandpass_n20002_cRA_LA_V1_V6_covariance_s20,phase2/results/predictions/full/clean_only/resnet/seed_29/bandpass_n20002_cRA_LA_V1_V6_covariance_s20.npz,76393,4d05509708c0a6b3732d8e780a8a9fd8bbeed41b7d257a89671a0574fb601b79
resnet,clean_only,29,bandpass_n20002_cRA_LA_V1_V6_covariance_s15,phase2/results/predictions/full/clean_only/resnet/seed_29/bandpass_n20002_cRA_LA_V1_V6_covariance_s15.npz,76300,b74b7d30a9de55c334d7c1fe703b68032176e2f04a325d018c7ffa2bd17c6817
resnet,clean_only,29,bandpass_n20002_cRA_LA_V1_V6_covariance_s10,phase2/results/predictions/full/clean_only/resnet/seed_29/bandpass_n20002_cRA_LA_V1_V6_covariance_s10.npz,76101,7a17e21a54d8002d0d1e52182b5021f10610ce11870a013b3317bda0959c5ca3
resnet,clean_only,29,bandpass_n20002_cRA_LA_V1_V6_covariance_s5,phase2/results/predictions/full/clean_only/resnet/seed_29/bandpass_n20002_cRA_LA_V1_V6_covariance_s5.npz,75632,90caf7203055b3a3bf2776a8d5d2b8d1c6a0144da55e11efec843017e2dabf78
resnet,clean_only,29,bandpass_n20002_cRA_LA_V1_V6_covariance_s0,phase2/results/predictions/full/clean_only/resnet/seed_29/bandpass_n20002_cRA_LA_V1_V6_covariance_s0.npz,75035,3d1f3811df1cd05086df1290176ca87107629528c8578220d986792a04f734a4
resnet,clean_only,29,bandpass_n20002_cRA_V2_V5_independent_rms_s20,phase2/results/predictions/full/clean_only/resnet/seed_29/bandpass_n20002_cRA_V2_V5_independent_rms_s20.npz,76403,066af967393265f9bdebf8c26fd170fc57070b42a170cc2fc48223afe271c2d4
resnet,clean_only,29,bandpass_n20002_cRA_V2_V5_independent_rms_s15,phase2/results/predictions/full/clean_only/resnet/seed_29/bandpass_n20002_cRA_V2_V5_independent_rms_s15.npz,76325,34a52fe1b0a6448a6660fd9afe40988622ece8011a7f4c42af691700858b1304
resnet,clean_only,29,bandpass_n20002_cRA_V2_V5_independent_rms_s10,phase2/results/predictions/full/clean_only/resnet/seed_29/bandpass_n20002_cRA_V2_V5_independent_rms_s10.npz,76173,dc9c7899a9747487cd4c3ddbd5865e6eab9c9f6e8f37ce5d3a8ab0b44b4a5465
resnet,clean_only,29,bandpass_n20002_cRA_V2_V5_independent_rms_s5,phase2/results/predictions/full/clean_only/resnet/seed_29/bandpass_n20002_cRA_V2_V5_independent_rms_s5.npz,75820,4d4ed8f06d7acb1d1d6259ec8f5476edcb67c40415e5b4da28b5c4a6eee80899
resnet,clean_only,29,bandpass_n20002_cRA_V2_V5_independent_rms_s0,phase2/results/predictions/full/clean_only/resnet/seed_29/bandpass_n20002_cRA_V2_V5_independent_rms_s0.npz,75148,9f773f56bf925cb100f8241d6b76e7c239fd4cbd5bcff92f41e518d82264e5ba
resnet,clean_only,29,bandpass_n20002_cRA_V2_V5_electrode_s20,phase2/results/predictions/full/clean_only/resnet/seed_29/bandpass_n20002_cRA_V2_V5_electrode_s20.npz,76384,1606dc2221918a1418f9bf5ac81a85e43c80c978a5164e2e4e53c636807434e2
resnet,clean_only,29,bandpass_n20002_cRA_V2_V5_electrode_s15,phase2/results/predictions/full/clean_only/resnet/seed_29/bandpass_n20002_cRA_V2_V5_electrode_s15.npz,76304,1521e9c5ad3b3ec688241db777e05b6f0b83384e3b3f65fe6880e6c64b54eaec
resnet,clean_only,29,bandpass_n20002_cRA_V2_V5_electrode_s10,phase2/results/predictions/full/clean_only/resnet/seed_29/bandpass_n20002_cRA_V2_V5_electrode_s10.npz,76125,beb61cd222db05f51f2797666e336147282881b363c8c7be91041001865b62b4
resnet,clean_only,29,bandpass_n20002_cRA_V2_V5_electrode_s5,phase2/results/predictions/full/clean_only/resnet/seed_29/bandpass_n20002_cRA_V2_V5_electrode_s5.npz,75656,42126e9d065b65dfcdbf63fd729565e09519955c393edaf85fa4a709153fe6a7
resnet,clean_only,29,bandpass_n20002_cRA_V2_V5_electrode_s0,phase2/results/predictions/full/clean_only/resnet/seed_29/bandpass_n20002_cRA_V2_V5_electrode_s0.npz,75011,8a105b86e7c1902591bfee887fde17c0e313b18dd22a58d12587c958e9a29b23
resnet,clean_only,29,bandpass_n20002_cRA_V2_V5_covariance_s20,phase2/results/predictions/full/clean_only/resnet/seed_29/bandpass_n20002_cRA_V2_V5_covariance_s20.npz,76390,be09670f3bb19b808ca77579b6c13b6ca11e67fa8b15154efa6472fd3fd63e0a
resnet,clean_only,29,bandpass_n20002_cRA_V2_V5_covariance_s15,phase2/results/predictions/full/clean_only/resnet/seed_29/bandpass_n20002_cRA_V2_V5_covariance_s15.npz,76300,f419ada305154360c91a431ce467766b1143e3fc5cd89ab0760861ea403214df
resnet,clean_only,29,bandpass_n20002_cRA_V2_V5_covariance_s10,phase2/results/predictions/full/clean_only/resnet/seed_29/bandpass_n20002_cRA_V2_V5_covariance_s10.npz,76116,d1f911136d8554a028fd371049b401d43b29fe823767f50b6e6085ffdb69721f
resnet,clean_only,29,bandpass_n20002_cRA_V2_V5_covariance_s5,phase2/results/predictions/full/clean_only/resnet/seed_29/bandpass_n20002_cRA_V2_V5_covariance_s5.npz,75676,618c1e7e994287356331bb3122090888129f932ce98e3066a6ef2971c60e6857
resnet,clean_only,29,bandpass_n20002_cRA_V2_V5_covariance_s0,phase2/results/predictions/full/clean_only/resnet/seed_29/bandpass_n20002_cRA_V2_V5_covariance_s0.npz,75060,b52cbd9fcbbe8e77218caa2d9fb2c09db50087becb51b465bf1e31bb2dffe88f
resnet,clean_only,29,bandpass_n20002_cLA_V3_V6_independent_rms_s20,phase2/results/predictions/full/clean_only/resnet/seed_29/bandpass_n20002_cLA_V3_V6_independent_rms_s20.npz,76420,26bb040608b0880afe2339773334470c644f1dbf98f6c65acf9d864422ee5236
resnet,clean_only,29,bandpass_n20002_cLA_V3_V6_independent_rms_s15,phase2/results/predictions/full/clean_only/resnet/seed_29/bandpass_n20002_cLA_V3_V6_independent_rms_s15.npz,76367,c1c73bb96c8bc96e52432e894142cd9698f373076d1aab5115f29712dd31c024
resnet,clean_only,29,bandpass_n20002_cLA_V3_V6_independent_rms_s10,phase2/results/predictions/full/clean_only/resnet/seed_29/bandpass_n20002_cLA_V3_V6_independent_rms_s10.npz,76221,fd1f03d4b0f1134d51f0e53cd1c4f8b40e0c5933d2911705012842ae07cc2f4b
resnet,clean_only,29,bandpass_n20002_cLA_V3_V6_independent_rms_s5,phase2/results/predictions/full/clean_only/resnet/seed_29/bandpass_n20002_cLA_V3_V6_independent_rms_s5.npz,75902,f6132680e6eba6de5b5be733660afb0e3a19094d9aa89bf04c1b9bb10ff97c73
resnet,clean_only,29,bandpass_n20002_cLA_V3_V6_independent_rms_s0,phase2/results/predictions/full/clean_only/resnet/seed_29/bandpass_n20002_cLA_V3_V6_independent_rms_s0.npz,75266,1dd1345690eb244b71316fea06ed945d55466ef4f4e77482fc86a949a622c6b4
resnet,clean_only,29,bandpass_n20002_cLA_V3_V6_electrode_s20,phase2/results/predictions/full/clean_only/resnet/seed_29/bandpass_n20002_cLA_V3_V6_electrode_s20.npz,76397,8498d70182f0fced8750301eadaf285ab73fd4f6cfa2cfd9799afd2e41dd3344
resnet,clean_only,29,bandpass_n20002_cLA_V3_V6_electrode_s15,phase2/results/predictions/full/clean_only/resnet/seed_29/bandpass_n20002_cLA_V3_V6_electrode_s15.npz,76347,a80465cdec7c691bb1cdefc9d14d926c1e8b4e0454453144697aeda93f796bc9
resnet,clean_only,29,bandpass_n20002_cLA_V3_V6_electrode_s10,phase2/results/predictions/full/clean_only/resnet/seed_29/bandpass_n20002_cLA_V3_V6_electrode_s10.npz,76170,a2cc33a516f7363a03c839d55acef669963c929eb3cec1ad1899ffbaa2f436d8
resnet,clean_only,29,bandpass_n20002_cLA_V3_V6_electrode_s5,phase2/results/predictions/full/clean_only/resnet/seed_29/bandpass_n20002_cLA_V3_V6_electrode_s5.npz,75799,697161890347216174aefac48e49516384fa6ea28524353857781d8679400767
resnet,clean_only,29,bandpass_n20002_cLA_V3_V6_electrode_s0,phase2/results/predictions/full/clean_only/resnet/seed_29/bandpass_n20002_cLA_V3_V6_electrode_s0.npz,75131,7df32091c93bf197708814394206ed6f80a3e557ee163ceb1def4892117b7acf
resnet,clean_only,29,bandpass_n20002_cLA_V3_V6_covariance_s20,phase2/results/predictions/full/clean_only/resnet/seed_29/bandpass_n20002_cLA_V3_V6_covariance_s20.npz,76389,2e311ae7550ab134e0073b0fa2411868eea0f96cc52ab8c6a463027e0baa7db5
resnet,clean_only,29,bandpass_n20002_cLA_V3_V6_covariance_s15,phase2/results/predictions/full/clean_only/resnet/seed_29/bandpass_n20002_cLA_V3_V6_covariance_s15.npz,76306,fb71e873ce68ceeec0df2d7d6455ac2373996cce15a9afc7db8025af0406e4f7
resnet,clean_only,29,bandpass_n20002_cLA_V3_V6_covariance_s10,phase2/results/predictions/full/clean_only/resnet/seed_29/bandpass_n20002_cLA_V3_V6_covariance_s10.npz,76154,bb7a56f94e6429debbb9c0d2f667919ce67ca10a57e9cdfbb35b1eba242e78b3
resnet,clean_only,29,bandpass_n20002_cLA_V3_V6_covariance_s5,phase2/results/predictions/full/clean_only/resnet/seed_29/bandpass_n20002_cLA_V3_V6_covariance_s5.npz,75732,5af52e2c61a7c2048fd1fa326974ec0785fa05cd7b17d71dc16c6999809ae29e
resnet,clean_only,29,bandpass_n20002_cLA_V3_V6_covariance_s0,phase2/results/predictions/full/clean_only/resnet/seed_29/bandpass_n20002_cLA_V3_V6_covariance_s0.npz,75204,b24285f39aefeccf018e6f17118f399dc65b6ac1e2950874a75ff4f03a511b46
resnet,clean_only,29,bandpass_n20002_cLL_V1_V4_independent_rms_s20,phase2/results/predictions/full/clean_only/resnet/seed_29/bandpass_n20002_cLL_V1_V4_independent_rms_s20.npz,76434,43896097ed8d8a676d3b619f345623f4b2d205a0eaac968c8a589148b1d25658
resnet,clean_only,29,bandpass_n20002_cLL_V1_V4_independent_rms_s15,phase2/results/predictions/full/clean_only/resnet/seed_29/bandpass_n20002_cLL_V1_V4_independent_rms_s15.npz,76381,78fca7398e243834473d1da0d7caf6415a074b7f0b39a2e2f4307472490048a3
resnet,clean_only,29,bandpass_n20002_cLL_V1_V4_independent_rms_s10,phase2/results/predictions/full/clean_only/resnet/seed_29/bandpass_n20002_cLL_V1_V4_independent_rms_s10.npz,76159,5b973f7a47d2160f1de449c1055631ecc377b2a472444e87281134e55ab8a8fb
resnet,clean_only,29,bandpass_n20002_cLL_V1_V4_independent_rms_s5,phase2/results/predictions/full/clean_only/resnet/seed_29/bandpass_n20002_cLL_V1_V4_independent_rms_s5.npz,75793,b257b47fa4718598732f8f5d0193de605bbe3791d904c0700f5636c35d8bae78
resnet,clean_only,29,bandpass_n20002_cLL_V1_V4_independent_rms_s0,phase2/results/predictions/full/clean_only/resnet/seed_29/bandpass_n20002_cLL_V1_V4_independent_rms_s0.npz,75159,b0c8762c9c328c26234a53fa23fa7742ffbb48951d4d8b5a5fed9b8c954eb5e8
resnet,clean_only,29,bandpass_n20002_cLL_V1_V4_electrode_s20,phase2/results/predictions/full/clean_only/resnet/seed_29/bandpass_n20002_cLL_V1_V4_electrode_s20.npz,76399,a82af748b78478dc2c636d7bf905ec799a517ee486fed227a5018c1528d98a30
resnet,clean_only,29,bandpass_n20002_cLL_V1_V4_electrode_s15,phase2/results/predictions/full/clean_only/resnet/seed_29/bandpass_n20002_cLL_V1_V4_electrode_s15.npz,76317,883d0e70a1ec9a9ccab0e9214dd7f67294a4b046604019db2c098f56b1311aa0
resnet,clean_only,29,bandpass_n20002_cLL_V1_V4_electrode_s10,phase2/results/predictions/full/clean_only/resnet/seed_29/bandpass_n20002_cLL_V1_V4_electrode_s10.npz,76065,1973d3fdcdad2a42c8c1f3efa8b3bf2fccffb33e748a4054523c52dce1a6e6f4
resnet,clean_only,29,bandpass_n20002_cLL_V1_V4_electrode_s5,phase2/results/predictions/full/clean_only/resnet/seed_29/bandpass_n20002_cLL_V1_V4_electrode_s5.npz,75654,3df80f438da633ff8e2adce7fede5c67df2365bac3f5c9bc0a371e749440534e
resnet,clean_only,29,bandpass_n20002_cLL_V1_V4_electrode_s0,phase2/results/predictions/full/clean_only/resnet/seed_29/bandpass_n20002_cLL_V1_V4_electrode_s0.npz,75252,05b70d47d3c4dcdb75d88456eef0327119e8ef08cbcf9a3dcd08dafbb452fe1c
resnet,clean_only,29,bandpass_n20002_cLL_V1_V4_covariance_s20,phase2/results/predictions/full/clean_only/resnet/seed_29/bandpass_n20002_cLL_V1_V4_covariance_s20.npz,76396,8474ef4326ebb2d9b36a702e57a52dbee812821ad270160f4e4842dd0782e330
resnet,clean_only,29,bandpass_n20002_cLL_V1_V4_covariance_s15,phase2/results/predictions/full/clean_only/resnet/seed_29/bandpass_n20002_cLL_V1_V4_covariance_s15.npz,76305,b67612e59ea853f67fb2999331db9274f851fb5702a77e3de445036ed0ebb776
resnet,clean_only,29,bandpass_n20002_cLL_V1_V4_covariance_s10,phase2/results/predictions/full/clean_only/resnet/seed_29/bandpass_n20002_cLL_V1_V4_covariance_s10.npz,76081,4ccc83753d9313876ea939354c0cede103d628a13b20aef521c56ccc676c1c2f
resnet,clean_only,29,bandpass_n20002_cLL_V1_V4_covariance_s5,phase2/results/predictions/full/clean_only/resnet/seed_29/bandpass_n20002_cLL_V1_V4_covariance_s5.npz,75638,b300b775d142d6b28819f9e57f81fb88d1c333b66137fb560bd80d6724a19fbf
resnet,clean_only,29,bandpass_n20002_cLL_V1_V4_covariance_s0,phase2/results/predictions/full/clean_only/resnet/seed_29/bandpass_n20002_cLL_V1_V4_covariance_s0.npz,75247,0a6492ea2eddfa421b26297d32d5dc360335e8b9f37d41419bb60be76ee9c7ac
resnet,clean_only,29,bandpass_n20002_call_independent_rms_s20,phase2/results/predictions/full/clean_only/resnet/seed_29/bandpass_n20002_call_independent_rms_s20.npz,76386,3d9513b44aa81701c4ff2e6c84bf0361601a2beb98a892678dd3c7f4aa809dd4
resnet,clean_only,29,bandpass_n20002_call_independent_rms_s15,phase2/results/predictions/full/clean_only/resnet/seed_29/bandpass_n20002_call_independent_rms_s15.npz,76319,334d2bb34b3934d077f227fbff51a135bf08a6c6043cee660653723c22fcbd4e
resnet,clean_only,29,bandpass_n20002_call_independent_rms_s10,phase2/results/predictions/full/clean_only/resnet/seed_29/bandpass_n20002_call_independent_rms_s10.npz,76174,c310eea226540ce0a73083c85e9b412e656efedb0f666b93850670145c4b0f03
resnet,clean_only,29,bandpass_n20002_call_independent_rms_s5,phase2/results/predictions/full/clean_only/resnet/seed_29/bandpass_n20002_call_independent_rms_s5.npz,75813,95559093a1ab087aad3942977c83dec528b37d4664480f2b9108fc38c6f835eb
resnet,clean_only,29,bandpass_n20002_call_independent_rms_s0,phase2/results/predictions/full/clean_only/resnet/seed_29/bandpass_n20002_call_independent_rms_s0.npz,75171,e110b8f334f52199273654f6e5a6d7eab903a4a993f74710699600fc11818ca4
resnet,clean_only,29,bandpass_n20002_call_electrode_s20,phase2/results/predictions/full/clean_only/resnet/seed_29/bandpass_n20002_call_electrode_s20.npz,76339,6a8b7f706cd52462bfeb17a2defee2009f0231b078f10e7e02015d2fff399003
resnet,clean_only,29,bandpass_n20002_call_electrode_s15,phase2/results/predictions/full/clean_only/resnet/seed_29/bandpass_n20002_call_electrode_s15.npz,76323,d9c43a26d44a206985b9f634fd04e226143f4a95510d51750b87c4d2c32d1c7c
resnet,clean_only,29,bandpass_n20002_call_electrode_s10,phase2/results/predictions/full/clean_only/resnet/seed_29/bandpass_n20002_call_electrode_s10.npz,76088,43ab2850a0dfa73770441dadc1551fcb6a0a1d801fc755a0a8804cf23dabc9c7
resnet,clean_only,29,bandpass_n20002_call_electrode_s5,phase2/results/predictions/full/clean_only/resnet/seed_29/bandpass_n20002_call_electrode_s5.npz,75646,ea105db0723cb376c0513ed2aa327b2e962b1820086d984ccb7db19106b9a617
resnet,clean_only,29,bandpass_n20002_call_electrode_s0,phase2/results/predictions/full/clean_only/resnet/seed_29/bandpass_n20002_call_electrode_s0.npz,75079,e3bfe2c09f50c8bf6172f0b522d0864349266c936155f499b7c186e602f1a97c
resnet,clean_only,29,bandpass_n20002_call_covariance_s20,phase2/results/predictions/full/clean_only/resnet/seed_29/bandpass_n20002_call_covariance_s20.npz,76347,d4320036e08aa0b233a1408a96b3facc311effe17af01b61ea04ef9c92998c4e
resnet,clean_only,29,bandpass_n20002_call_covariance_s15,phase2/results/predictions/full/clean_only/resnet/seed_29/bandpass_n20002_call_covariance_s15.npz,76291,e7d330e70c32890453a9fd2d1c5db2d04326e401bbcf6e089a737e9462512ca0
resnet,clean_only,29,bandpass_n20002_call_covariance_s10,phase2/results/predictions/full/clean_only/resnet/seed_29/bandpass_n20002_call_covariance_s10.npz,76089,a2a74ca71d7369b35de99980caae13eafc8b2cbff6851bdc017e46e1a372f8b8
resnet,clean_only,29,bandpass_n20002_call_covariance_s5,phase2/results/predictions/full/clean_only/resnet/seed_29/bandpass_n20002_call_covariance_s5.npz,75632,c8ae54d1d5dfe50c20e9170f8a5572d76963b0e2d8d0700b50025c20e9fff95c
resnet,clean_only,29,bandpass_n20002_call_covariance_s0,phase2/results/predictions/full/clean_only/resnet/seed_29/bandpass_n20002_call_covariance_s0.npz,75114,30f4778a6aea438e37fd1386f972b6ccff864468a06704c68e5caafa0c6dc3a6
resnet,clean_only,29,bandpass_n20003_cRA_LA_LL_independent_rms_s20,phase2/results/predictions/full/clean_only/resnet/seed_29/bandpass_n20003_cRA_LA_LL_independent_rms_s20.npz,76434,1d2d9c84793002c2d34d34b4993e24c26f30be1618330f4e804f5cfffcb6086b
resnet,clean_only,29,bandpass_n20003_cRA_LA_LL_independent_rms_s15,phase2/results/predictions/full/clean_only/resnet/seed_29/bandpass_n20003_cRA_LA_LL_independent_rms_s15.npz,76353,fa107a138508d49d48689512760183e507b4eca2989f0682c9cf0108c93e15b6
resnet,clean_only,29,bandpass_n20003_cRA_LA_LL_independent_rms_s10,phase2/results/predictions/full/clean_only/resnet/seed_29/bandpass_n20003_cRA_LA_LL_independent_rms_s10.npz,76174,8d20729e81963bb9f77c72d1fbe8be8dc0055300dfe06bdd4a2f17fe33f8b5d7
resnet,clean_only,29,bandpass_n20003_cRA_LA_LL_independent_rms_s5,phase2/results/predictions/full/clean_only/resnet/seed_29/bandpass_n20003_cRA_LA_LL_independent_rms_s5.npz,75783,9e48a66bed79bf1d5534343dd52d14dedd9e9cd2085b1e485e29c65c1e532b3a
resnet,clean_only,29,bandpass_n20003_cRA_LA_LL_independent_rms_s0,phase2/results/predictions/full/clean_only/resnet/seed_29/bandpass_n20003_cRA_LA_LL_independent_rms_s0.npz,75182,59e14eeaa91de1e3582c9d4856b56f76b62a70c2f51580f8fe36626a01f5a2f8
resnet,clean_only,29,bandpass_n20003_cRA_LA_LL_electrode_s20,phase2/results/predictions/full/clean_only/resnet/seed_29/bandpass_n20003_cRA_LA_LL_electrode_s20.npz,76410,7a2c0c595da7bf2c43cbc468e5777c74338bac0f429207cc44f569fbb82a5fe5
resnet,clean_only,29,bandpass_n20003_cRA_LA_LL_electrode_s15,phase2/results/predictions/full/clean_only/resnet/seed_29/bandpass_n20003_cRA_LA_LL_electrode_s15.npz,76301,515e4d66b9eba62bddb2318a638359c29147a805ead32d3efb04bf7eede6abe2
resnet,clean_only,29,bandpass_n20003_cRA_LA_LL_electrode_s10,phase2/results/predictions/full/clean_only/resnet/seed_29/bandpass_n20003_cRA_LA_LL_electrode_s10.npz,76052,06a74807963303b0dc7add3c89db8358b814efa2e979e5c6a1cfd6f5369e860c
resnet,clean_only,29,bandpass_n20003_cRA_LA_LL_electrode_s5,phase2/results/predictions/full/clean_only/resnet/seed_29/bandpass_n20003_cRA_LA_LL_electrode_s5.npz,75585,a378ad55c1b005d589931fd4e12d523a79cb335b3fd10cc5671a85fbb995c712
resnet,clean_only,29,bandpass_n20003_cRA_LA_LL_electrode_s0,phase2/results/predictions/full/clean_only/resnet/seed_29/bandpass_n20003_cRA_LA_LL_electrode_s0.npz,75101,cc4f2a51307fc61c32a5d78a40072e08ee28a7f78430fceab7f1d8cd751e4acc
resnet,clean_only,29,bandpass_n20003_cRA_LA_LL_covariance_s20,phase2/results/predictions/full/clean_only/resnet/seed_29/bandpass_n20003_cRA_LA_LL_covariance_s20.npz,76380,d94550ca93017f8be338d3fd966ed9272513373ac6fcb392fb0e847bea813c2b
resnet,clean_only,29,bandpass_n20003_cRA_LA_LL_covariance_s15,phase2/results/predictions/full/clean_only/resnet/seed_29/bandpass_n20003_cRA_LA_LL_covariance_s15.npz,76276,2142fbdc121bbe1c45a1ca106d0b99d1b3fadc85b13fbc03dcafb21e637c4511
resnet,clean_only,29,bandpass_n20003_cRA_LA_LL_covariance_s10,phase2/results/predictions/full/clean_only/resnet/seed_29/bandpass_n20003_cRA_LA_LL_covariance_s10.npz,76043,9b1c889f7b5dcf694918382fd5a5b836adbb492d83448d2b683c4ec1fe13f7df
resnet,clean_only,29,bandpass_n20003_cRA_LA_LL_covariance_s5,phase2/results/predictions/full/clean_only/resnet/seed_29/bandpass_n20003_cRA_LA_LL_covariance_s5.npz,75599,919d4dc8c1d09207eb53071662a6cb5fa94232afe760330368c21cec4e476c4c
resnet,clean_only,29,bandpass_n20003_cRA_LA_LL_covariance_s0,phase2/results/predictions/full/clean_only/resnet/seed_29/bandpass_n20003_cRA_LA_LL_covariance_s0.npz,75085,5e59992aed9efbda54058c9d9f7ff5b9888d7cc348c613f6d7ee574b778358fa
resnet,clean_only,29,bandpass_n20003_cV1_independent_rms_s20,phase2/results/predictions/full/clean_only/resnet/seed_29/bandpass_n20003_cV1_independent_rms_s20.npz,76416,6c00f9c280f120f5fd342bd9a4854d95d50fefea95660de3464e347d62660f4c
resnet,clean_only,29,bandpass_n20003_cV1_independent_rms_s15,phase2/results/predictions/full/clean_only/resnet/seed_29/bandpass_n20003_cV1_independent_rms_s15.npz,76314,92a29dc5119b53ed008ae1f6f799f112fd11754083771beca4fcb0bf6f14c810
resnet,clean_only,29,bandpass_n20003_cV1_independent_rms_s10,phase2/results/predictions/full/clean_only/resnet/seed_29/bandpass_n20003_cV1_independent_rms_s10.npz,76167,1bba55fb4d9c764056c8e43011a1e4015d7e56a3b8bc5c67cb43c788007ee1ea
resnet,clean_only,29,bandpass_n20003_cV1_independent_rms_s5,phase2/results/predictions/full/clean_only/resnet/seed_29/bandpass_n20003_cV1_independent_rms_s5.npz,75709,d6dc52f450bd82532af17adbadf87cb90d073a0300e8861e64e0e8464f65872c
resnet,clean_only,29,bandpass_n20003_cV1_independent_rms_s0,phase2/results/predictions/full/clean_only/resnet/seed_29/bandpass_n20003_cV1_independent_rms_s0.npz,75040,e79a656871ea09aae22315fb4ed476aefef5a2e59b0f06962719f787e43a6c74
resnet,clean_only,29,bandpass_n20003_cV1_electrode_s20,phase2/results/predictions/full/clean_only/resnet/seed_29/bandpass_n20003_cV1_electrode_s20.npz,76362,ae96f3c2f05a0a211625f9ab372a04c5ac47ba37bb3df17bedb1bab65023be73
resnet,clean_only,29,bandpass_n20003_cV1_electrode_s15,phase2/results/predictions/full/clean_only/resnet/seed_29/bandpass_n20003_cV1_electrode_s15.npz,76317,fd6b4c88bf495c1fbdc1602b8f507a816a3f69faf570f35883479f677fb24fc6
resnet,clean_only,29,bandpass_n20003_cV1_electrode_s10,phase2/results/predictions/full/clean_only/resnet/seed_29/bandpass_n20003_cV1_electrode_s10.npz,76098,5c57ce4fb57cca4212d8b6f3b902095661ac1bcfc0ba7410bdc14630aa284cdc
resnet,clean_only,29,bandpass_n20003_cV1_electrode_s5,phase2/results/predictions/full/clean_only/resnet/seed_29/bandpass_n20003_cV1_electrode_s5.npz,75702,068f6d584bd3c1776888c636abeedee3ce9c4ba9a1c482fa772a9ae792a273de
resnet,clean_only,29,bandpass_n20003_cV1_electrode_s0,phase2/results/predictions/full/clean_only/resnet/seed_29/bandpass_n20003_cV1_electrode_s0.npz,75030,08b977f90ba30e2b8c53bb670d36e8ca116d00e20d1fe89cea65c535dc407d49
resnet,clean_only,29,bandpass_n20003_cV1_covariance_s20,phase2/results/predictions/full/clean_only/resnet/seed_29/bandpass_n20003_cV1_covariance_s20.npz,76381,5dd91db74e9c33962771ca50d2874975cbc3b922355d6d5834182bc746a65477
resnet,clean_only,29,bandpass_n20003_cV1_covariance_s15,phase2/results/predictions/full/clean_only/resnet/seed_29/bandpass_n20003_cV1_covariance_s15.npz,76340,9cf2ddd66e9c6d396b400b5cc9a5333bc60ea3b128bfaf5a0704e28a8d139d41
resnet,clean_only,29,bandpass_n20003_cV1_covariance_s10,phase2/results/predictions/full/clean_only/resnet/seed_29/bandpass_n20003_cV1_covariance_s10.npz,76127,969bf0d0f57954bed882577980e778a6882c3abb5c89be2e919d8d70f79514c5
resnet,clean_only,29,bandpass_n20003_cV1_covariance_s5,phase2/results/predictions/full/clean_only/resnet/seed_29/bandpass_n20003_cV1_covariance_s5.npz,75695,6fe246668ad0d3490b006c1ea43152c823eee954b2b6a48b9c04ba0165b2ca36
resnet,clean_only,29,bandpass_n20003_cV1_covariance_s0,phase2/results/predictions/full/clean_only/resnet/seed_29/bandpass_n20003_cV1_covariance_s0.npz,75019,5e258bcc661a9793aa81b3db318c63173550325f1e586b2b9e28f69196f7a644
resnet,clean_only,29,bandpass_n20003_cV2_independent_rms_s20,phase2/results/predictions/full/clean_only/resnet/seed_29/bandpass_n20003_cV2_independent_rms_s20.npz,76381,1dd2a8f3168a555b7e648e2ab17c393a27c7409860563dbf785ae70003b25b54
resnet,clean_only,29,bandpass_n20003_cV2_independent_rms_s15,phase2/results/predictions/full/clean_only/resnet/seed_29/bandpass_n20003_cV2_independent_rms_s15.npz,76358,baa5301f60749203c3bb2a8aaf20c3798bfb202c791ba8042c849200ba0dba15
resnet,clean_only,29,bandpass_n20003_cV2_independent_rms_s10,phase2/results/predictions/full/clean_only/resnet/seed_29/bandpass_n20003_cV2_independent_rms_s10.npz,76180,ef2f08c358f18a99c1d473a0a4dfd08e1a00bfdd004fdb77eb7725f6f793afdf
resnet,clean_only,29,bandpass_n20003_cV2_independent_rms_s5,phase2/results/predictions/full/clean_only/resnet/seed_29/bandpass_n20003_cV2_independent_rms_s5.npz,75839,c41bd39f9f78bac97234d57845594c8fbddd54f2c7aae752337003c2ab7820b5
resnet,clean_only,29,bandpass_n20003_cV2_independent_rms_s0,phase2/results/predictions/full/clean_only/resnet/seed_29/bandpass_n20003_cV2_independent_rms_s0.npz,75214,b09099ec8b2b2f7fd1ec72317524811af4eb2b3cd63cb890be46ba0a3ce038be
resnet,clean_only,29,bandpass_n20003_cV2_electrode_s20,phase2/results/predictions/full/clean_only/resnet/seed_29/bandpass_n20003_cV2_electrode_s20.npz,76361,9757059208cf18c81546ab3694baeb5a0019ae3e044716988d2a5fc6e704792a
resnet,clean_only,29,bandpass_n20003_cV2_electrode_s15,phase2/results/predictions/full/clean_only/resnet/seed_29/bandpass_n20003_cV2_electrode_s15.npz,76345,b16715a53cb52d9a1422cb57e61bdbf04a612062bdcaa29b3e56db0ea1a9223a
resnet,clean_only,29,bandpass_n20003_cV2_electrode_s10,phase2/results/predictions/full/clean_only/resnet/seed_29/bandpass_n20003_cV2_electrode_s10.npz,76166,d00aea7e3dd5bcc6ca3bd35e797c5336d985daf4a9827c39686f6dc7b51b7201
resnet,clean_only,29,bandpass_n20003_cV2_electrode_s5,phase2/results/predictions/full/clean_only/resnet/seed_29/bandpass_n20003_cV2_electrode_s5.npz,75805,e75bb7667b563663a5242e090ec4f285c19d147ee0b54c031e49dac11b8eba6b
resnet,clean_only,29,bandpass_n20003_cV2_electrode_s0,phase2/results/predictions/full/clean_only/resnet/seed_29/bandpass_n20003_cV2_electrode_s0.npz,75239,0516b2a901d476055444d5522e0009a2c568d477a676ffb96461550ce3df60c9
resnet,clean_only,29,bandpass_n20003_cV2_covariance_s20,phase2/results/predictions/full/clean_only/resnet/seed_29/bandpass_n20003_cV2_covariance_s20.npz,76361,4a2192e101169a74f9fb434973b3a8d108a1b4d9db129e825391f6fe8082cbd4
resnet,clean_only,29,bandpass_n20003_cV2_covariance_s15,phase2/results/predictions/full/clean_only/resnet/seed_29/bandpass_n20003_cV2_covariance_s15.npz,76316,c34ef89094dc0be65a876b4b60c39375f0131bc69bb5dfb00c301167312496ec
resnet,clean_only,29,bandpass_n20003_cV2_covariance_s10,phase2/results/predictions/full/clean_only/resnet/seed_29/bandpass_n20003_cV2_covariance_s10.npz,76155,9f772b1ffb95dbecb47cb830019424d4ddd5649255e2186a7d8d9a6dfe17fe72
resnet,clean_only,29,bandpass_n20003_cV2_covariance_s5,phase2/results/predictions/full/clean_only/resnet/seed_29/bandpass_n20003_cV2_covariance_s5.npz,75794,3de99a168b1c13e52eeebfe66eb35ce98a4d82b6c2a4ec88050972b1cbbf653f
resnet,clean_only,29,bandpass_n20003_cV2_covariance_s0,phase2/results/predictions/full/clean_only/resnet/seed_29/bandpass_n20003_cV2_covariance_s0.npz,75187,c9cff64985791a9d8c7c1aaf2d95aae57f4d12360c4a4c1fd542dfa4eb831bca
resnet,clean_only,29,bandpass_n20003_cV3_independent_rms_s20,phase2/results/predictions/full/clean_only/resnet/seed_29/bandpass_n20003_cV3_independent_rms_s20.npz,76390,c69151522c8805cb6f5330f384cf324381a46929940e15f1a9f65d3a7dfdfbcb
resnet,clean_only,29,bandpass_n20003_cV3_independent_rms_s15,phase2/results/predictions/full/clean_only/resnet/seed_29/bandpass_n20003_cV3_independent_rms_s15.npz,76398,49e7af47fbecf7576ec944afd1e79b166d304cd505416386ec76a1feb4ef7086
resnet,clean_only,29,bandpass_n20003_cV3_independent_rms_s10,phase2/results/predictions/full/clean_only/resnet/seed_29/bandpass_n20003_cV3_independent_rms_s10.npz,76247,1dd2e2234595ce67a6a259033ed8d250da605427f84e6eef5f0e0245521f8fa1
resnet,clean_only,29,bandpass_n20003_cV3_independent_rms_s5,phase2/results/predictions/full/clean_only/resnet/seed_29/bandpass_n20003_cV3_independent_rms_s5.npz,76037,6f4d77df2756808a90bf4db2a669d245ec9cee458504eeb83c775d3d5571623d
resnet,clean_only,29,bandpass_n20003_cV3_independent_rms_s0,phase2/results/predictions/full/clean_only/resnet/seed_29/bandpass_n20003_cV3_independent_rms_s0.npz,75545,2b7db2cae1254ba6422dc761905d2b29abe1b8ce9d7fd887f48234b72491cb7d
resnet,clean_only,29,bandpass_n20003_cV3_electrode_s20,phase2/results/predictions/full/clean_only/resnet/seed_29/bandpass_n20003_cV3_electrode_s20.npz,76408,7c7d5eba8d15c7b89c1206bcf821740f51bd119666a49600fa6d916ca926ffeb
resnet,clean_only,29,bandpass_n20003_cV3_electrode_s15,phase2/results/predictions/full/clean_only/resnet/seed_29/bandpass_n20003_cV3_electrode_s15.npz,76383,1d98e86ca2fc97aba9206dcb3bc3b753422b9f724fac7b57347539f30d19f03c
resnet,clean_only,29,bandpass_n20003_cV3_electrode_s10,phase2/results/predictions/full/clean_only/resnet/seed_29/bandpass_n20003_cV3_electrode_s10.npz,76233,cb799ee7a29d9b2b52ea6979fda6fbcda6bca9147762112b67969d70ca0c5615
resnet,clean_only,29,bandpass_n20003_cV3_electrode_s5,phase2/results/predictions/full/clean_only/resnet/seed_29/bandpass_n20003_cV3_electrode_s5.npz,75997,771daea5b47206aa8f29faec3165a9775b1f8f45238444e7bdc7c1a2480e80c7
resnet,clean_only,29,bandpass_n20003_cV3_electrode_s0,phase2/results/predictions/full/clean_only/resnet/seed_29/bandpass_n20003_cV3_electrode_s0.npz,75539,a16f175035adf0a2e43d0104c8a9e75511432a8bb11c9971f2ce2b99b3d47de1
resnet,clean_only,29,bandpass_n20003_cV3_covariance_s20,phase2/results/predictions/full/clean_only/resnet/seed_29/bandpass_n20003_cV3_covariance_s20.npz,76406,0e32d5fc07b3ac4d2eeb967055f9c900a3b6c69ce12dacd58e2a6516d34384e6
resnet,clean_only,29,bandpass_n20003_cV3_covariance_s15,phase2/results/predictions/full/clean_only/resnet/seed_29/bandpass_n20003_cV3_covariance_s15.npz,76375,29b754739731640bc05dce94cf48ee2546de65b89be4b9c75f98a06bbf2b934c
resnet,clean_only,29,bandpass_n20003_cV3_covariance_s10,phase2/results/predictions/full/clean_only/resnet/seed_29/bandpass_n20003_cV3_covariance_s10.npz,76254,1bdf69d8788d284cb32b5f715aae60ad89c352cde390aa11533ead99bbc36cdf
resnet,clean_only,29,bandpass_n20003_cV3_covariance_s5,phase2/results/predictions/full/clean_only/resnet/seed_29/bandpass_n20003_cV3_covariance_s5.npz,76000,e21d49703aa75b0ef5551c1e82d9c0f0dec670b7b7a099c0900669e301fed3de
resnet,clean_only,29,bandpass_n20003_cV3_covariance_s0,phase2/results/predictions/full/clean_only/resnet/seed_29/bandpass_n20003_cV3_covariance_s0.npz,75504,20078838d4089727c964860e56e01bdbdde96953a3a66a7e31e529bba5bc2e98
resnet,clean_only,29,bandpass_n20003_cV4_independent_rms_s20,phase2/results/predictions/full/clean_only/resnet/seed_29/bandpass_n20003_cV4_independent_rms_s20.npz,76425,5e863e6832265394d0c1ccebbb242e79c81e7d59066999a28dfcf97df172cad1
resnet,clean_only,29,bandpass_n20003_cV4_independent_rms_s15,phase2/results/predictions/full/clean_only/resnet/seed_29/bandpass_n20003_cV4_independent_rms_s15.npz,76339,c97f6d3280ca499f770cfddddcfc7ad3e93a3d2950621995688ec7ed20ddb5e3
resnet,clean_only,29,bandpass_n20003_cV4_independent_rms_s10,phase2/results/predictions/full/clean_only/resnet/seed_29/bandpass_n20003_cV4_independent_rms_s10.npz,76228,08fceafe6b48c1a011c05d12ba924f2e8462e309bf26a10626fb8d5310a2b965
resnet,clean_only,29,bandpass_n20003_cV4_independent_rms_s5,phase2/results/predictions/full/clean_only/resnet/seed_29/bandpass_n20003_cV4_independent_rms_s5.npz,75991,d0662befda6a423f8dd9ea5442ca421943ffbd3100817be81044f8548027ea4a
resnet,clean_only,29,bandpass_n20003_cV4_independent_rms_s0,phase2/results/predictions/full/clean_only/resnet/seed_29/bandpass_n20003_cV4_independent_rms_s0.npz,75412,c52d98318dff5c7994abb2dd56d5f0f10d366aa5f4a669a41de3763ac9873737
resnet,clean_only,29,bandpass_n20003_cV4_electrode_s20,phase2/results/predictions/full/clean_only/resnet/seed_29/bandpass_n20003_cV4_electrode_s20.npz,76345,72af236b57d427b481b96289aae3fe2844cc2300df942d9a4d6a5660e1276262
resnet,clean_only,29,bandpass_n20003_cV4_electrode_s15,phase2/results/predictions/full/clean_only/resnet/seed_29/bandpass_n20003_cV4_electrode_s15.npz,76350,24419d403f0e4661e623847ab9c8fc7751fb1f9dd463744037bc1e45520d45b6
resnet,clean_only,29,bandpass_n20003_cV4_electrode_s10,phase2/results/predictions/full/clean_only/resnet/seed_29/bandpass_n20003_cV4_electrode_s10.npz,76241,017185e37aa4ff930dfe61bd447d555ca5cb83caf1cf90c13235e288de5dcbda
resnet,clean_only,29,bandpass_n20003_cV4_electrode_s5,phase2/results/predictions/full/clean_only/resnet/seed_29/bandpass_n20003_cV4_electrode_s5.npz,75981,cdb64e28ce220cec68d88c5c28476d848f937fa761c84f90cdf4daf041772f02
resnet,clean_only,29,bandpass_n20003_cV4_electrode_s0,phase2/results/predictions/full/clean_only/resnet/seed_29/bandpass_n20003_cV4_electrode_s0.npz,75448,37f2cba61641b3b3dd77e01a7689d46986896710b7178c41c3a3977faa916bfb
resnet,clean_only,29,bandpass_n20003_cV4_covariance_s20,phase2/results/predictions/full/clean_only/resnet/seed_29/bandpass_n20003_cV4_covariance_s20.npz,76433,1e94c52ff083620170b5c80ab6900b95311b81103ceaf6c92696dc669eb208e4
resnet,clean_only,29,bandpass_n20003_cV4_covariance_s15,phase2/results/predictions/full/clean_only/resnet/seed_29/bandpass_n20003_cV4_covariance_s15.npz,76365,693f92b9c9f3082445b87abc4edeeb13d14db21639336ba6bc5bb3754d7fed94
resnet,clean_only,29,bandpass_n20003_cV4_covariance_s10,phase2/results/predictions/full/clean_only/resnet/seed_29/bandpass_n20003_cV4_covariance_s10.npz,76242,9d5d4f08247960e146d7624d209b13357692dfccd2df57400a09bbd3c652f902
resnet,clean_only,29,bandpass_n20003_cV4_covariance_s5,phase2/results/predictions/full/clean_only/resnet/seed_29/bandpass_n20003_cV4_covariance_s5.npz,75929,a20827ffdc5d9cc209b759484ce4765d2c40244dda785c7345414cbec7922e4f
resnet,clean_only,29,bandpass_n20003_cV4_covariance_s0,phase2/results/predictions/full/clean_only/resnet/seed_29/bandpass_n20003_cV4_covariance_s0.npz,75459,6677baba8fa491b8b9959f52c0f294b00a8921b3f13b38d1a30f1900c50f6501
resnet,clean_only,29,bandpass_n20003_cV5_independent_rms_s20,phase2/results/predictions/full/clean_only/resnet/seed_29/bandpass_n20003_cV5_independent_rms_s20.npz,76404,fc4361f2886153a95670df9fdd9836c7118d9033c583d46a0b5d25950c4b68ea
resnet,clean_only,29,bandpass_n20003_cV5_independent_rms_s15,phase2/results/predictions/full/clean_only/resnet/seed_29/bandpass_n20003_cV5_independent_rms_s15.npz,76359,9523adb6602fc8a90eb8dbd0da5547bfd69eef0bef1644308e723d2dfcec140a
resnet,clean_only,29,bandpass_n20003_cV5_independent_rms_s10,phase2/results/predictions/full/clean_only/resnet/seed_29/bandpass_n20003_cV5_independent_rms_s10.npz,76263,c2c55c2351aa86e1991ffc69c9485d375bfbd5e0bc45885e6908cdbb485abd57
resnet,clean_only,29,bandpass_n20003_cV5_independent_rms_s5,phase2/results/predictions/full/clean_only/resnet/seed_29/bandpass_n20003_cV5_independent_rms_s5.npz,75932,1b726554fd3db49aeee8deeea4eea418f5ec35dcabc0b4ca28102836354e00df
resnet,clean_only,29,bandpass_n20003_cV5_independent_rms_s0,phase2/results/predictions/full/clean_only/resnet/seed_29/bandpass_n20003_cV5_independent_rms_s0.npz,75247,f87939b84c1f94c1553324d7de4cc7ef85971d1e588d9a2fb89c86d9f223903a
resnet,clean_only,29,bandpass_n20003_cV5_electrode_s20,phase2/results/predictions/full/clean_only/resnet/seed_29/bandpass_n20003_cV5_electrode_s20.npz,76387,012f150d5bd95c982342940a4f53d54a7b024312bce7bda9cebbcf57f8983cce
resnet,clean_only,29,bandpass_n20003_cV5_electrode_s15,phase2/results/predictions/full/clean_only/resnet/seed_29/bandpass_n20003_cV5_electrode_s15.npz,76328,f63d035e55925458f95a98fdd9e47a9778f334699e6d3f2d7a0c29bb3d222b3c
resnet,clean_only,29,bandpass_n20003_cV5_electrode_s10,phase2/results/predictions/full/clean_only/resnet/seed_29/bandpass_n20003_cV5_electrode_s10.npz,76239,b8c2c92f04aefff336f23d7f5076e20f381e221342e9e7e9b8398dbece028867
resnet,clean_only,29,bandpass_n20003_cV5_electrode_s5,phase2/results/predictions/full/clean_only/resnet/seed_29/bandpass_n20003_cV5_electrode_s5.npz,75942,efb0b7903bb02390a3adbd7a05750c1e9668016f5d5e1ead39a45015ef82e350
resnet,clean_only,29,bandpass_n20003_cV5_electrode_s0,phase2/results/predictions/full/clean_only/resnet/seed_29/bandpass_n20003_cV5_electrode_s0.npz,75286,aeef65e3331302ecdae475b2323acbc60da9af5193daef3bd3e7b0feffd18659
resnet,clean_only,29,bandpass_n20003_cV5_covariance_s20,phase2/results/predictions/full/clean_only/resnet/seed_29/bandpass_n20003_cV5_covariance_s20.npz,76344,8fdf53eb7357461227a36cf2d812efd893181d12c9afcb8afa562b0732a8d6ce
resnet,clean_only,29,bandpass_n20003_cV5_covariance_s15,phase2/results/predictions/full/clean_only/resnet/seed_29/bandpass_n20003_cV5_covariance_s15.npz,76339,c01623993f1fb37341b007ac74f07a55936eafd7ec5a2d519b2a2f5e77e3da54
resnet,clean_only,29,bandpass_n20003_cV5_covariance_s10,phase2/results/predictions/full/clean_only/resnet/seed_29/bandpass_n20003_cV5_covariance_s10.npz,76238,e1c7d4051e3861149dce6a28a630868fe74418c468628917e8f4b40a2f101ad2
resnet,clean_only,29,bandpass_n20003_cV5_covariance_s5,phase2/results/predictions/full/clean_only/resnet/seed_29/bandpass_n20003_cV5_covariance_s5.npz,75954,81bb6094404912294ab12854df48d6fa33157df130a80ace2f508f7a0ba40836
resnet,clean_only,29,bandpass_n20003_cV5_covariance_s0,phase2/results/predictions/full/clean_only/resnet/seed_29/bandpass_n20003_cV5_covariance_s0.npz,75304,50d25cf3dbf0fa1cfdbf9951f5c28e51e42745df568e93a671c76039109aff9f
resnet,clean_only,29,bandpass_n20003_cV6_independent_rms_s20,phase2/results/predictions/full/clean_only/resnet/seed_29/bandpass_n20003_cV6_independent_rms_s20.npz,76408,f78edb2753fc3ca11ba888ea91dcf603334cca07b9914bd49af1c11883e7a4d9
resnet,clean_only,29,bandpass_n20003_cV6_independent_rms_s15,phase2/results/predictions/full/clean_only/resnet/seed_29/bandpass_n20003_cV6_independent_rms_s15.npz,76360,2e3c5461ac7ff9e24602454514fb444862f8070d1f34a8c0ee2d7dbf7ac6421a
resnet,clean_only,29,bandpass_n20003_cV6_independent_rms_s10,phase2/results/predictions/full/clean_only/resnet/seed_29/bandpass_n20003_cV6_independent_rms_s10.npz,76216,cc1751ec3540694c461f4779919254fa2e4ca8171974055707f8bfa2b13c68b8
resnet,clean_only,29,bandpass_n20003_cV6_independent_rms_s5,phase2/results/predictions/full/clean_only/resnet/seed_29/bandpass_n20003_cV6_independent_rms_s5.npz,75896,3061eb9dd2682e622116576a9d9d7dfdbb1f92ac1a91fadc1248f40aa3da1764
resnet,clean_only,29,bandpass_n20003_cV6_independent_rms_s0,phase2/results/predictions/full/clean_only/resnet/seed_29/bandpass_n20003_cV6_independent_rms_s0.npz,75367,dffad45923ba448ada9706adf4fb0cd56cf02961101a10b37417c737194ede17
resnet,clean_only,29,bandpass_n20003_cV6_electrode_s20,phase2/results/predictions/full/clean_only/resnet/seed_29/bandpass_n20003_cV6_electrode_s20.npz,76376,d767d6034e5e6cb47a2a80c7e916148dd4b0b1e8d3b6d46ed68380ff5ef8663a
resnet,clean_only,29,bandpass_n20003_cV6_electrode_s15,phase2/results/predictions/full/clean_only/resnet/seed_29/bandpass_n20003_cV6_electrode_s15.npz,76352,2c679588a66e50ce5c9322b7b818363fdf3ccdd36ecfc912857147aa5f1f3de7
resnet,clean_only,29,bandpass_n20003_cV6_electrode_s10,phase2/results/predictions/full/clean_only/resnet/seed_29/bandpass_n20003_cV6_electrode_s10.npz,76190,4793f73862169322a51d61d98f80ca1196b8f8153d07d20b787d9eac27c1deb9
resnet,clean_only,29,bandpass_n20003_cV6_electrode_s5,phase2/results/predictions/full/clean_only/resnet/seed_29/bandpass_n20003_cV6_electrode_s5.npz,75902,7ea5d0bdc343e6e941aa75ff0777a8308840d09a7bdcb2e5966eabfc65288c7b
resnet,clean_only,29,bandpass_n20003_cV6_electrode_s0,phase2/results/predictions/full/clean_only/resnet/seed_29/bandpass_n20003_cV6_electrode_s0.npz,75354,45982dae36efc7388c0d956189e2b0a9cc3394a855760d87c218f68595567b21
resnet,clean_only,29,bandpass_n20003_cV6_covariance_s20,phase2/results/predictions/full/clean_only/resnet/seed_29/bandpass_n20003_cV6_covariance_s20.npz,76396,f6d2fed34d31246b11af81ecafd29686a2e8f388b3a1247e22bb1c38d9750e3d
resnet,clean_only,29,bandpass_n20003_cV6_covariance_s15,phase2/results/predictions/full/clean_only/resnet/seed_29/bandpass_n20003_cV6_covariance_s15.npz,76389,124351f4052510562f443e7b8607ec7800e4c70088df9049e01c94cec6fd6ab1
resnet,clean_only,29,bandpass_n20003_cV6_covariance_s10,phase2/results/predictions/full/clean_only/resnet/seed_29/bandpass_n20003_cV6_covariance_s10.npz,76215,75c8c761a98cd64d1fcf43ba8dca0ded2871f2a2df0d0954495b9602dcb3ea55
resnet,clean_only,29,bandpass_n20003_cV6_covariance_s5,phase2/results/predictions/full/clean_only/resnet/seed_29/bandpass_n20003_cV6_covariance_s5.npz,75890,3c29624a7d960013a287fa0e092ea6a6e69efbfe7ff18500f9bdb87453530240
resnet,clean_only,29,bandpass_n20003_cV6_covariance_s0,phase2/results/predictions/full/clean_only/resnet/seed_29/bandpass_n20003_cV6_covariance_s0.npz,75396,ab44e8fc54a74c538db64c178488a26094d02caffdad16fdede398fe1457b801
resnet,clean_only,29,bandpass_n20003_cRA_LA_independent_rms_s20,phase2/results/predictions/full/clean_only/resnet/seed_29/bandpass_n20003_cRA_LA_independent_rms_s20.npz,76412,3e6981c5cc00c4cecdaddfc8faac32efd2967cbb978125b674c8099b33b4733f
resnet,clean_only,29,bandpass_n20003_cRA_LA_independent_rms_s15,phase2/results/predictions/full/clean_only/resnet/seed_29/bandpass_n20003_cRA_LA_independent_rms_s15.npz,76313,8914913ff312bc32481424dc2817a25f251ec346125aef598287dbb57621a5fe
resnet,clean_only,29,bandpass_n20003_cRA_LA_independent_rms_s10,phase2/results/predictions/full/clean_only/resnet/seed_29/bandpass_n20003_cRA_LA_independent_rms_s10.npz,76138,e720df53cf30dc6a8911d751bf81217f57261a9f59b3b688a9f1ea460c0e9cb7
resnet,clean_only,29,bandpass_n20003_cRA_LA_independent_rms_s5,phase2/results/predictions/full/clean_only/resnet/seed_29/bandpass_n20003_cRA_LA_independent_rms_s5.npz,75750,4a4f0dca968ef979f7c79251617a05b622a39b24ff201ee32960efbae7679f08
resnet,clean_only,29,bandpass_n20003_cRA_LA_independent_rms_s0,phase2/results/predictions/full/clean_only/resnet/seed_29/bandpass_n20003_cRA_LA_independent_rms_s0.npz,75125,2cf6d89f8d615a9a0fd42232d529d9f59f7fe0d0ccfcd3e506fd66ec681a45ed
resnet,clean_only,29,bandpass_n20003_cRA_LA_electrode_s20,phase2/results/predictions/full/clean_only/resnet/seed_29/bandpass_n20003_cRA_LA_electrode_s20.npz,76353,644d8b353bd7761ba33609b711bbf31d7eb0e4ef0fa4219b6e10af2a0c5fd201
resnet,clean_only,29,bandpass_n20003_cRA_LA_electrode_s15,phase2/results/predictions/full/clean_only/resnet/seed_29/bandpass_n20003_cRA_LA_electrode_s15.npz,76283,3c091a6e7bb3a537b68434138d297b7dced30e52931b84e496d833bca80653b9
resnet,clean_only,29,bandpass_n20003_cRA_LA_electrode_s10,phase2/results/predictions/full/clean_only/resnet/seed_29/bandpass_n20003_cRA_LA_electrode_s10.npz,76065,2512d60d1bf20ebd33c526b1d7e4ea06098ff047a59cb969a6fc58ba6c6db414
resnet,clean_only,29,bandpass_n20003_cRA_LA_electrode_s5,phase2/results/predictions/full/clean_only/resnet/seed_29/bandpass_n20003_cRA_LA_electrode_s5.npz,75584,d611d2004c35e0ecfdd2f55c17cd98000b07ff8dabbb8d13ed062ee909b75c70
resnet,clean_only,29,bandpass_n20003_cRA_LA_electrode_s0,phase2/results/predictions/full/clean_only/resnet/seed_29/bandpass_n20003_cRA_LA_electrode_s0.npz,75029,0082686b8c95ebd0aafb82ebdc9ffaf844eef1a24c987b02bdbcbd432528e7fc
resnet,clean_only,29,bandpass_n20003_cRA_LA_covariance_s20,phase2/results/predictions/full/clean_only/resnet/seed_29/bandpass_n20003_cRA_LA_covariance_s20.npz,76369,787dbd8f7befd2327c220640accb9c8025470b27baa5d7c47073819b4336b8d3
resnet,clean_only,29,bandpass_n20003_cRA_LA_covariance_s15,phase2/results/predictions/full/clean_only/resnet/seed_29/bandpass_n20003_cRA_LA_covariance_s15.npz,76299,37e68124fa395799a292c6d297b9b02916ffd081c473a7917becb1ac8d9c7058
resnet,clean_only,29,bandpass_n20003_cRA_LA_covariance_s10,phase2/results/predictions/full/clean_only/resnet/seed_29/bandpass_n20003_cRA_LA_covariance_s10.npz,76065,df39b38e4827550c31529cdd69694e31fc0a11f65dc1b8ddf87b54b31cfbb10e
resnet,clean_only,29,bandpass_n20003_cRA_LA_covariance_s5,phase2/results/predictions/full/clean_only/resnet/seed_29/bandpass_n20003_cRA_LA_covariance_s5.npz,75613,657a0c7a1b5b989653f4f6e593ef84addb9246b34474d7c249056a1141b45eda
resnet,clean_only,29,bandpass_n20003_cRA_LA_covariance_s0,phase2/results/predictions/full/clean_only/resnet/seed_29/bandpass_n20003_cRA_LA_covariance_s0.npz,75023,0788367977c549d73cf9cbe35ddcee19d283064eded8c12673239399d9bda746
resnet,clean_only,29,bandpass_n20003_cLA_LL_independent_rms_s20,phase2/results/predictions/full/clean_only/resnet/seed_29/bandpass_n20003_cLA_LL_independent_rms_s20.npz,76409,b8ccd2f689e0547e4b783cb9fddef8d54d04628562757c2d69792dc2033429d0
resnet,clean_only,29,bandpass_n20003_cLA_LL_independent_rms_s15,phase2/results/predictions/full/clean_only/resnet/seed_29/bandpass_n20003_cLA_LL_independent_rms_s15.npz,76345,0239efce8362b8cd9fd134608aca8716c838c21b29816f55718e9d4f670a579c
resnet,clean_only,29,bandpass_n20003_cLA_LL_independent_rms_s10,phase2/results/predictions/full/clean_only/resnet/seed_29/bandpass_n20003_cLA_LL_independent_rms_s10.npz,76147,3eeecf48a9a4d22c9fa868a7a205896457dd64b32a5756fd8a266e7bfdfa2697
resnet,clean_only,29,bandpass_n20003_cLA_LL_independent_rms_s5,phase2/results/predictions/full/clean_only/resnet/seed_29/bandpass_n20003_cLA_LL_independent_rms_s5.npz,75770,4757f2a09d44b1309e0587e2478bda949d3a3e16c73355ea8fe36295d7945714
resnet,clean_only,29,bandpass_n20003_cLA_LL_independent_rms_s0,phase2/results/predictions/full/clean_only/resnet/seed_29/bandpass_n20003_cLA_LL_independent_rms_s0.npz,75195,2a8898387b32a59c08eb020c2ff913bc50130ff66b1e05aed9891619f9cbacff
resnet,clean_only,29,bandpass_n20003_cLA_LL_electrode_s20,phase2/results/predictions/full/clean_only/resnet/seed_29/bandpass_n20003_cLA_LL_electrode_s20.npz,76358,894ee4bf3c7d398b69e0094059a8184bfc1b5ef5f26ab0ab6a89a6f8ab4e0790
resnet,clean_only,29,bandpass_n20003_cLA_LL_electrode_s15,phase2/results/predictions/full/clean_only/resnet/seed_29/bandpass_n20003_cLA_LL_electrode_s15.npz,76261,346b7bf6f31685da89884f7f709945fbdbb917ea6689dc8d09083902b32c1a80
resnet,clean_only,29,bandpass_n20003_cLA_LL_electrode_s10,phase2/results/predictions/full/clean_only/resnet/seed_29/bandpass_n20003_cLA_LL_electrode_s10.npz,76068,db414bc01cb659132ca47a28371fdc787ef3111f3b04273e843173b8dd968a78
resnet,clean_only,29,bandpass_n20003_cLA_LL_electrode_s5,phase2/results/predictions/full/clean_only/resnet/seed_29/bandpass_n20003_cLA_LL_electrode_s5.npz,75619,51e2d525ff300d6716a5aa69cc8de98d2ca806c86aa09318d0ec5c378b7529a4
resnet,clean_only,29,bandpass_n20003_cLA_LL_electrode_s0,phase2/results/predictions/full/clean_only/resnet/seed_29/bandpass_n20003_cLA_LL_electrode_s0.npz,75194,67ead014b1a0843ccb1c284915aa4802c7bf277ca22b533f548fd39c728b80b3
resnet,clean_only,29,bandpass_n20003_cLA_LL_covariance_s20,phase2/results/predictions/full/clean_only/resnet/seed_29/bandpass_n20003_cLA_LL_covariance_s20.npz,76377,3cfd3e0097cc6ea362051497b9bd32bdf55b469cdacdd3731b67ab41d263c456
resnet,clean_only,29,bandpass_n20003_cLA_LL_covariance_s15,phase2/results/predictions/full/clean_only/resnet/seed_29/bandpass_n20003_cLA_LL_covariance_s15.npz,76299,978d4700083d3f3b4b2da221c25e036bf69032d824246dba1bbd8a032f60d3f1
resnet,clean_only,29,bandpass_n20003_cLA_LL_covariance_s10,phase2/results/predictions/full/clean_only/resnet/seed_29/bandpass_n20003_cLA_LL_covariance_s10.npz,76090,99a4b60f80b7b5e3b572acdb80497fae5d44b98824ffee114c51f32738e62fe6
resnet,clean_only,29,bandpass_n20003_cLA_LL_covariance_s5,phase2/results/predictions/full/clean_only/resnet/seed_29/bandpass_n20003_cLA_LL_covariance_s5.npz,75621,7410acd4abe6c5839d9cfa863b05715ac5062ab80ca5f46b4f953dc040cd8250
resnet,clean_only,29,bandpass_n20003_cLA_LL_covariance_s0,phase2/results/predictions/full/clean_only/resnet/seed_29/bandpass_n20003_cLA_LL_covariance_s0.npz,75200,66bd39830c72569e9238d47522d4f800abfa9ae9fa92ea0547bb95bab5bee76c
resnet,clean_only,29,bandpass_n20003_cRA_LL_independent_rms_s20,phase2/results/predictions/full/clean_only/resnet/seed_29/bandpass_n20003_cRA_LL_independent_rms_s20.npz,76416,1344db1dc58e321a0c1386c8f8523215b91e7b8703989c82d566042a54f6dede
resnet,clean_only,29,bandpass_n20003_cRA_LL_independent_rms_s15,phase2/results/predictions/full/clean_only/resnet/seed_29/bandpass_n20003_cRA_LL_independent_rms_s15.npz,76316,f133473dcb21e58780a6f801ccf767a5e9df848fc964cd34467f670977d77e5e
resnet,clean_only,29,bandpass_n20003_cRA_LL_independent_rms_s10,phase2/results/predictions/full/clean_only/resnet/seed_29/bandpass_n20003_cRA_LL_independent_rms_s10.npz,76181,aa3bb308067fb5faef53f08f0e8c59100ab8d6cd5c7c82fe88d4fd3400ec799f
resnet,clean_only,29,bandpass_n20003_cRA_LL_independent_rms_s5,phase2/results/predictions/full/clean_only/resnet/seed_29/bandpass_n20003_cRA_LL_independent_rms_s5.npz,75793,c16e5c5d757e50b30e70a369deb63636bef37940de57c1c63119087a86cd1e1d
resnet,clean_only,29,bandpass_n20003_cRA_LL_independent_rms_s0,phase2/results/predictions/full/clean_only/resnet/seed_29/bandpass_n20003_cRA_LL_independent_rms_s0.npz,75132,dd0db3c87a7c5a6c8f54e03af44e9f32afa627aeae1ac6af2ba16a47c4640ae4
resnet,clean_only,29,bandpass_n20003_cRA_LL_electrode_s20,phase2/results/predictions/full/clean_only/resnet/seed_29/bandpass_n20003_cRA_LL_electrode_s20.npz,76352,0d52cbb4734b570511edb26501e9bdd2427597ccf753be5c9e9c6988614902ab
resnet,clean_only,29,bandpass_n20003_cRA_LL_electrode_s15,phase2/results/predictions/full/clean_only/resnet/seed_29/bandpass_n20003_cRA_LL_electrode_s15.npz,76300,430210cbbac0d4877d014af945a8d783fd3f0cb1b4dc4273eddbea160fcf8e82
resnet,clean_only,29,bandpass_n20003_cRA_LL_electrode_s10,phase2/results/predictions/full/clean_only/resnet/seed_29/bandpass_n20003_cRA_LL_electrode_s10.npz,76049,1d806d2ef87b754e432a7a80ef644650b861832864563feef04d332a19ab9220
resnet,clean_only,29,bandpass_n20003_cRA_LL_electrode_s5,phase2/results/predictions/full/clean_only/resnet/seed_29/bandpass_n20003_cRA_LL_electrode_s5.npz,75550,a94b2531e6d3a8535118b055f7721531103f4a0a076ad72bf0a78f6720260d5e
resnet,clean_only,29,bandpass_n20003_cRA_LL_electrode_s0,phase2/results/predictions/full/clean_only/resnet/seed_29/bandpass_n20003_cRA_LL_electrode_s0.npz,75067,a0b5cbacccfcd9c57d418155d9d83b40d6c5ac2102141f4bbe8476015902e5c6
resnet,clean_only,29,bandpass_n20003_cRA_LL_covariance_s20,phase2/results/predictions/full/clean_only/resnet/seed_29/bandpass_n20003_cRA_LL_covariance_s20.npz,76414,62822ed471cba0a6e7377ce9c951cb6111112ecb0753d10bbb535b02ebd9f492
resnet,clean_only,29,bandpass_n20003_cRA_LL_covariance_s15,phase2/results/predictions/full/clean_only/resnet/seed_29/bandpass_n20003_cRA_LL_covariance_s15.npz,76261,f9d803e60b31c0f303acd04f0d395b16f23b4bd829e9a328192319dee4691b7f
resnet,clean_only,29,bandpass_n20003_cRA_LL_covariance_s10,phase2/results/predictions/full/clean_only/resnet/seed_29/bandpass_n20003_cRA_LL_covariance_s10.npz,76065,57806ac77f4e2ccad682ccc3c340c7218cc7e15efdb9a0f7c71beb2d9d258e57
resnet,clean_only,29,bandpass_n20003_cRA_LL_covariance_s5,phase2/results/predictions/full/clean_only/resnet/seed_29/bandpass_n20003_cRA_LL_covariance_s5.npz,75585,a0f917e7c8b7f194d6a729c2948fa3e459b173d420c2859455c103ae43eb8892
resnet,clean_only,29,bandpass_n20003_cRA_LL_covariance_s0,phase2/results/predictions/full/clean_only/resnet/seed_29/bandpass_n20003_cRA_LL_covariance_s0.npz,75064,8a7fb8d74eafe86a62c1b716afed22d98efa154958dfb91c4910674f473d9055
resnet,clean_only,29,bandpass_n20003_cRA_independent_rms_s20,phase2/results/predictions/full/clean_only/resnet/seed_29/bandpass_n20003_cRA_independent_rms_s20.npz,76412,c18315c80df2ebc70cf36fd3616bc86952f9b6d8fc3bf6655b72990dc6f51c7f
resnet,clean_only,29,bandpass_n20003_cRA_independent_rms_s15,phase2/results/predictions/full/clean_only/resnet/seed_29/bandpass_n20003_cRA_independent_rms_s15.npz,76327,e0c7511b285a8e0b140704a932068c338bca6eaf980de0f35517b5a55f5532cf
resnet,clean_only,29,bandpass_n20003_cRA_independent_rms_s10,phase2/results/predictions/full/clean_only/resnet/seed_29/bandpass_n20003_cRA_independent_rms_s10.npz,76125,808f746892b96714c8011c12dd87467d4be454b87d26f6b92648e1346b669037
resnet,clean_only,29,bandpass_n20003_cRA_independent_rms_s5,phase2/results/predictions/full/clean_only/resnet/seed_29/bandpass_n20003_cRA_independent_rms_s5.npz,75718,75cfb78b754e7dfb4defb21d3a80739585532b9366dc00215a7fbed7198e784d
resnet,clean_only,29,bandpass_n20003_cRA_independent_rms_s0,phase2/results/predictions/full/clean_only/resnet/seed_29/bandpass_n20003_cRA_independent_rms_s0.npz,75135,01d2075cc379d5736334ad23d555e3642ea3dd4837362b525fd9266564c66c2f
resnet,clean_only,29,bandpass_n20003_cRA_electrode_s20,phase2/results/predictions/full/clean_only/resnet/seed_29/bandpass_n20003_cRA_electrode_s20.npz,76374,ea69a079b98d295e5cc1946beab25a90ae9ea82132808528e980da47cf6c3e3b
resnet,clean_only,29,bandpass_n20003_cRA_electrode_s15,phase2/results/predictions/full/clean_only/resnet/seed_29/bandpass_n20003_cRA_electrode_s15.npz,76281,7627b087b2e59c3cb7f2e1eef374929b403287dc5c1fd78e5fde817e0fd42cac
resnet,clean_only,29,bandpass_n20003_cRA_electrode_s10,phase2/results/predictions/full/clean_only/resnet/seed_29/bandpass_n20003_cRA_electrode_s10.npz,76030,c25e9b296790ad0e9a0ef6ca2b0a886d46ff6158ebe546b141c2d35cb23d9935
resnet,clean_only,29,bandpass_n20003_cRA_electrode_s5,phase2/results/predictions/full/clean_only/resnet/seed_29/bandpass_n20003_cRA_electrode_s5.npz,75603,43b00929d5dca9b8b06dc4cb7da7628f6eb8f2747c156fda981b0222696c89f1
resnet,clean_only,29,bandpass_n20003_cRA_electrode_s0,phase2/results/predictions/full/clean_only/resnet/seed_29/bandpass_n20003_cRA_electrode_s0.npz,74969,d33b628f0738c199c07d7b6b9ec4446b4a72445ec4fb34ee515e4d1d93d56cf1
resnet,clean_only,29,bandpass_n20003_cRA_covariance_s20,phase2/results/predictions/full/clean_only/resnet/seed_29/bandpass_n20003_cRA_covariance_s20.npz,76378,cc7cdb2f8f77ad4fab1ff572d42dc77fb35dd6c1f62b57fcadc5fc7be418a327
resnet,clean_only,29,bandpass_n20003_cRA_covariance_s15,phase2/results/predictions/full/clean_only/resnet/seed_29/bandpass_n20003_cRA_covariance_s15.npz,76284,cb13a7b590cd98fee93c29689d125be4abefc221df1e3d58f4c2a801edc0277c
resnet,clean_only,29,bandpass_n20003_cRA_covariance_s10,phase2/results/predictions/full/clean_only/resnet/seed_29/bandpass_n20003_cRA_covariance_s10.npz,76040,bf915b3db371e2641f9724743cfaf35bf6afa77888a7b65e92929e89b95ef2db
resnet,clean_only,29,bandpass_n20003_cRA_covariance_s5,phase2/results/predictions/full/clean_only/resnet/seed_29/bandpass_n20003_cRA_covariance_s5.npz,75583,25cc76f87912f3a8a788db822543f40b38fbca194a7784b28b6c5a1a8681e277
resnet,clean_only,29,bandpass_n20003_cRA_covariance_s0,phase2/results/predictions/full/clean_only/resnet/seed_29/bandpass_n20003_cRA_covariance_s0.npz,74993,3a94d983a4bc9734bf2518351502e0677fcf8ba209500ade248586d772720aad
resnet,clean_only,29,bandpass_n20003_cLA_independent_rms_s20,phase2/results/predictions/full/clean_only/resnet/seed_29/bandpass_n20003_cLA_independent_rms_s20.npz,76407,44cf4749ce5c923996eb3b63abc0628edccd9fa0fb6a4a73b3965af2a97cae96
resnet,clean_only,29,bandpass_n20003_cLA_independent_rms_s15,phase2/results/predictions/full/clean_only/resnet/seed_29/bandpass_n20003_cLA_independent_rms_s15.npz,76341,f3eb67979a001498e71d91b63067f012dc7329760abc7f7fcfd73db428f30a60
resnet,clean_only,29,bandpass_n20003_cLA_independent_rms_s10,phase2/results/predictions/full/clean_only/resnet/seed_29/bandpass_n20003_cLA_independent_rms_s10.npz,76145,9bbe573484436776cac751d06046f861037ef9647eda6348e3a583408f801ae6
resnet,clean_only,29,bandpass_n20003_cLA_independent_rms_s5,phase2/results/predictions/full/clean_only/resnet/seed_29/bandpass_n20003_cLA_independent_rms_s5.npz,75767,6120e26bf537abe0c07427533157538f6cbcb2e21d5c2fe620db010fa17346da
resnet,clean_only,29,bandpass_n20003_cLA_independent_rms_s0,phase2/results/predictions/full/clean_only/resnet/seed_29/bandpass_n20003_cLA_independent_rms_s0.npz,75207,487a3b0e848db7f763d4be5b0184668b1f63410f23809e130ec94eaa14711b39
resnet,clean_only,29,bandpass_n20003_cLA_electrode_s20,phase2/results/predictions/full/clean_only/resnet/seed_29/bandpass_n20003_cLA_electrode_s20.npz,76350,9972834e5606029c4e69b4afc4df25e4e63cd29f50f644c5433bf47adc76a615
resnet,clean_only,29,bandpass_n20003_cLA_electrode_s15,phase2/results/predictions/full/clean_only/resnet/seed_29/bandpass_n20003_cLA_electrode_s15.npz,76285,a9e7847988cc67e95913609df0dc3e90b11d681b95154af508b44102cb603f46
resnet,clean_only,29,bandpass_n20003_cLA_electrode_s10,phase2/results/predictions/full/clean_only/resnet/seed_29/bandpass_n20003_cLA_electrode_s10.npz,76075,dc84dae9724d49f348edaf0fc1e23008b1e6177019a88342935a500129cb441b
resnet,clean_only,29,bandpass_n20003_cLA_electrode_s5,phase2/results/predictions/full/clean_only/resnet/seed_29/bandpass_n20003_cLA_electrode_s5.npz,75630,22c4ac8ef43f1287f50a30009b1d5999bca988420575aadf07c0c2216e65a2d0
resnet,clean_only,29,bandpass_n20003_cLA_electrode_s0,phase2/results/predictions/full/clean_only/resnet/seed_29/bandpass_n20003_cLA_electrode_s0.npz,75091,1f5cd873bbeba0e6a73773c4c796ad359b89be460ea52c748045e732ff1eb7ac
resnet,clean_only,29,bandpass_n20003_cLA_covariance_s20,phase2/results/predictions/full/clean_only/resnet/seed_29/bandpass_n20003_cLA_covariance_s20.npz,76367,f07409a3f6d459e11d8131a3f49adb2e2d4a6788d1100846c9bea358529f3d82
resnet,clean_only,29,bandpass_n20003_cLA_covariance_s15,phase2/results/predictions/full/clean_only/resnet/seed_29/bandpass_n20003_cLA_covariance_s15.npz,76294,6663bf56171959824cc2dd8d39ffd3fc041a427425938655b21d948626e9e39d
resnet,clean_only,29,bandpass_n20003_cLA_covariance_s10,phase2/results/predictions/full/clean_only/resnet/seed_29/bandpass_n20003_cLA_covariance_s10.npz,76097,3c358e0a27974b7ad10a80fddcad5dac73c04373190a14106b3395613da029e8
resnet,clean_only,29,bandpass_n20003_cLA_covariance_s5,phase2/results/predictions/full/clean_only/resnet/seed_29/bandpass_n20003_cLA_covariance_s5.npz,75647,4f6a5ea98aa81ae61854d9b21c10f4d053de351547735abd1d9ced41f497e6fc
resnet,clean_only,29,bandpass_n20003_cLA_covariance_s0,phase2/results/predictions/full/clean_only/resnet/seed_29/bandpass_n20003_cLA_covariance_s0.npz,75085,e2a0155823bcbb97321ec73f5249f16de70ffdbc2ae9245b25af426c0b79c974
resnet,clean_only,29,bandpass_n20003_cLL_independent_rms_s20,phase2/results/predictions/full/clean_only/resnet/seed_29/bandpass_n20003_cLL_independent_rms_s20.npz,76395,7d2629979522c09287a60a36ee86ea26b2c50755b1e8717a5fa18b71715c7830
resnet,clean_only,29,bandpass_n20003_cLL_independent_rms_s15,phase2/results/predictions/full/clean_only/resnet/seed_29/bandpass_n20003_cLL_independent_rms_s15.npz,76331,7b11d33080ef02264ca150d8db97ba8dfb9edd49ec6c7eea68d990470b192b8a
resnet,clean_only,29,bandpass_n20003_cLL_independent_rms_s10,phase2/results/predictions/full/clean_only/resnet/seed_29/bandpass_n20003_cLL_independent_rms_s10.npz,76157,14388b2c09afd25f7d92d98055147ce1df15d1d0c92d28ef4a00700396785357
resnet,clean_only,29,bandpass_n20003_cLL_independent_rms_s5,phase2/results/predictions/full/clean_only/resnet/seed_29/bandpass_n20003_cLL_independent_rms_s5.npz,75802,92b011f1262567bbc3c41d67d8045b64b29a40772a5755462a4971c3b85a08aa
resnet,clean_only,29,bandpass_n20003_cLL_independent_rms_s0,phase2/results/predictions/full/clean_only/resnet/seed_29/bandpass_n20003_cLL_independent_rms_s0.npz,75129,e78b282f716bab7c152a073665242ab4d081bfb362c9a5a8a41911128510021b
resnet,clean_only,29,bandpass_n20003_cLL_electrode_s20,phase2/results/predictions/full/clean_only/resnet/seed_29/bandpass_n20003_cLL_electrode_s20.npz,76358,625b083dc80e41232bb909753f1436fa96bf955e38a1935a91bb576935f65b60
resnet,clean_only,29,bandpass_n20003_cLL_electrode_s15,phase2/results/predictions/full/clean_only/resnet/seed_29/bandpass_n20003_cLL_electrode_s15.npz,76249,e10deab59522e71a76dd57f7ce1660ab57e2f5e26d7c219cc738f67e747f783c
resnet,clean_only,29,bandpass_n20003_cLL_electrode_s10,phase2/results/predictions/full/clean_only/resnet/seed_29/bandpass_n20003_cLL_electrode_s10.npz,76024,3abce42353593dda5979570dc0dcb060022bf14796dfad365a4f936bb7f3da57
resnet,clean_only,29,bandpass_n20003_cLL_electrode_s5,phase2/results/predictions/full/clean_only/resnet/seed_29/bandpass_n20003_cLL_electrode_s5.npz,75616,62a52acbb0bfe7aaf504067b0b362ee3faf2f4f523991c9e600caeb718eaed2b
resnet,clean_only,29,bandpass_n20003_cLL_electrode_s0,phase2/results/predictions/full/clean_only/resnet/seed_29/bandpass_n20003_cLL_electrode_s0.npz,75248,9af731da9f38346b9e0771bd40cddd25935505f9547aef0510572b311fc288b3
resnet,clean_only,29,bandpass_n20003_cLL_covariance_s20,phase2/results/predictions/full/clean_only/resnet/seed_29/bandpass_n20003_cLL_covariance_s20.npz,76368,d548e46f924a63735f72371b55df49745e68232eff7af8d90ff3f0647b206c26
resnet,clean_only,29,bandpass_n20003_cLL_covariance_s15,phase2/results/predictions/full/clean_only/resnet/seed_29/bandpass_n20003_cLL_covariance_s15.npz,76302,201900f44199ad82aa0497c17bbcda0273761b4e8dc8c08f056778046b5d1fc5
resnet,clean_only,29,bandpass_n20003_cLL_covariance_s10,phase2/results/predictions/full/clean_only/resnet/seed_29/bandpass_n20003_cLL_covariance_s10.npz,76009,7efb8f7b53e3ec62f213eac5b80d4df4540712166388ee1d2766b782133a46b2
resnet,clean_only,29,bandpass_n20003_cLL_covariance_s5,phase2/results/predictions/full/clean_only/resnet/seed_29/bandpass_n20003_cLL_covariance_s5.npz,75641,f100df847aa41c4684ce576381cc9e06421a66f5871e2f20719e1492014bf086
resnet,clean_only,29,bandpass_n20003_cLL_covariance_s0,phase2/results/predictions/full/clean_only/resnet/seed_29/bandpass_n20003_cLL_covariance_s0.npz,75237,60c86179ca159cf812a75333958ed739523a7dd51a286a77e4c0fc8b6a5bdbc2
resnet,clean_only,29,bandpass_n20003_cRA_V1_independent_rms_s20,phase2/results/predictions/full/clean_only/resnet/seed_29/bandpass_n20003_cRA_V1_independent_rms_s20.npz,76425,703681e4eeca68974ea4fb98c461363dc68f45da20933fa9417515a72ac3d884
resnet,clean_only,29,bandpass_n20003_cRA_V1_independent_rms_s15,phase2/results/predictions/full/clean_only/resnet/seed_29/bandpass_n20003_cRA_V1_independent_rms_s15.npz,76304,d3ecc6b780beaa6d6278b8595f3c6d9afad0b474377523e795f83bce83932c67
resnet,clean_only,29,bandpass_n20003_cRA_V1_independent_rms_s10,phase2/results/predictions/full/clean_only/resnet/seed_29/bandpass_n20003_cRA_V1_independent_rms_s10.npz,76186,94f6fe7ae52c71febd8f9b41a08a886809530dcf90ecfd7618d94fd72af12d96
resnet,clean_only,29,bandpass_n20003_cRA_V1_independent_rms_s5,phase2/results/predictions/full/clean_only/resnet/seed_29/bandpass_n20003_cRA_V1_independent_rms_s5.npz,75768,276cfc40bf8722e611b428916eb0b83216184fafde20ddbcabffd1e03a329782
resnet,clean_only,29,bandpass_n20003_cRA_V1_independent_rms_s0,phase2/results/predictions/full/clean_only/resnet/seed_29/bandpass_n20003_cRA_V1_independent_rms_s0.npz,75110,068086bd99b86944a7cef5e7d2436ce2bb6cbb325f0b5d22da9d4069c659d1e1
resnet,clean_only,29,bandpass_n20003_cRA_V1_electrode_s20,phase2/results/predictions/full/clean_only/resnet/seed_29/bandpass_n20003_cRA_V1_electrode_s20.npz,76400,01f5f8f4b4d90c1e03fe424c59808ce21ea513d54fabe73393a86c66da33d653
resnet,clean_only,29,bandpass_n20003_cRA_V1_electrode_s15,phase2/results/predictions/full/clean_only/resnet/seed_29/bandpass_n20003_cRA_V1_electrode_s15.npz,76322,96bd3faa84332b0be0eafbc7254d06fc89dcb8d2c21f345aed6ea43267d2eddf
resnet,clean_only,29,bandpass_n20003_cRA_V1_electrode_s10,phase2/results/predictions/full/clean_only/resnet/seed_29/bandpass_n20003_cRA_V1_electrode_s10.npz,76058,e2aa6f5d8b95e1bc9decfe3d1b1e8cbf66ae33b6f8cda75fae68d27f5ecd38f9
resnet,clean_only,29,bandpass_n20003_cRA_V1_electrode_s5,phase2/results/predictions/full/clean_only/resnet/seed_29/bandpass_n20003_cRA_V1_electrode_s5.npz,75612,e02b9445538a4760a4cb460d8483dd0375ca7c68e31d186c662c5d3c4ebc2558
resnet,clean_only,29,bandpass_n20003_cRA_V1_electrode_s0,phase2/results/predictions/full/clean_only/resnet/seed_29/bandpass_n20003_cRA_V1_electrode_s0.npz,74972,c6fad05f589507cff6c68623ff6dcb856b89e00cf600562bb3b92cde4cd5267b
resnet,clean_only,29,bandpass_n20003_cRA_V1_covariance_s20,phase2/results/predictions/full/clean_only/resnet/seed_29/bandpass_n20003_cRA_V1_covariance_s20.npz,76366,f61e11f4bcb72ddcbebb777e8c8bae0f67333fca294ab813e8a583462f8c1074
resnet,clean_only,29,bandpass_n20003_cRA_V1_covariance_s15,phase2/results/predictions/full/clean_only/resnet/seed_29/bandpass_n20003_cRA_V1_covariance_s15.npz,76280,0973f834d0a268d2b3643fb14389bb0815b1241101e226fcf7149292da07b082
resnet,clean_only,29,bandpass_n20003_cRA_V1_covariance_s10,phase2/results/predictions/full/clean_only/resnet/seed_29/bandpass_n20003_cRA_V1_covariance_s10.npz,76074,70c5d8b24e78e1ef4401fdbddff04548c05392bb82748124c8c27ccafe93ea04
resnet,clean_only,29,bandpass_n20003_cRA_V1_covariance_s5,phase2/results/predictions/full/clean_only/resnet/seed_29/bandpass_n20003_cRA_V1_covariance_s5.npz,75569,b04ef411c38e6445f9eb474e3cd59fd4c27be789bb2a42428da4d0171432eca3
resnet,clean_only,29,bandpass_n20003_cRA_V1_covariance_s0,phase2/results/predictions/full/clean_only/resnet/seed_29/bandpass_n20003_cRA_V1_covariance_s0.npz,74965,b695ec71994a022b3a59101a3a1c6d0d536be980269c1c7e0bb2e68de32829fc
resnet,clean_only,29,bandpass_n20003_cLA_V6_independent_rms_s20,phase2/results/predictions/full/clean_only/resnet/seed_29/bandpass_n20003_cLA_V6_independent_rms_s20.npz,76447,2b9592f24427421fd510906f94b6fc6a702cbe7cc8e892ae7228376dd45a8658
resnet,clean_only,29,bandpass_n20003_cLA_V6_independent_rms_s15,phase2/results/predictions/full/clean_only/resnet/seed_29/bandpass_n20003_cLA_V6_independent_rms_s15.npz,76357,ecd21e9dcdbd1f9e70d0a88a744bafaa3e280224da0fe569d4354c0b67ab6344
resnet,clean_only,29,bandpass_n20003_cLA_V6_independent_rms_s10,phase2/results/predictions/full/clean_only/resnet/seed_29/bandpass_n20003_cLA_V6_independent_rms_s10.npz,76164,e48d9850b96885a38f6e256531e04a32987ec8f7bf457f85653b956a0cc48a13
resnet,clean_only,29,bandpass_n20003_cLA_V6_independent_rms_s5,phase2/results/predictions/full/clean_only/resnet/seed_29/bandpass_n20003_cLA_V6_independent_rms_s5.npz,75800,3a212ea0e2efbda1a741317be141c84656bb13709605f29b5456be22762b601d
resnet,clean_only,29,bandpass_n20003_cLA_V6_independent_rms_s0,phase2/results/predictions/full/clean_only/resnet/seed_29/bandpass_n20003_cLA_V6_independent_rms_s0.npz,75193,9e099bf6e8d8615d39528d95fbdf93d35bf46d034e4274a39bb35cd740fc0776
resnet,clean_only,29,bandpass_n20003_cLA_V6_electrode_s20,phase2/results/predictions/full/clean_only/resnet/seed_29/bandpass_n20003_cLA_V6_electrode_s20.npz,76381,cf4045ffa258c067f33991ad8573decd8f5737f7150cb41d7a36043d48f22547
resnet,clean_only,29,bandpass_n20003_cLA_V6_electrode_s15,phase2/results/predictions/full/clean_only/resnet/seed_29/bandpass_n20003_cLA_V6_electrode_s15.npz,76300,debc4af5583b75191eb332ea10415c5ea317e5a9062bbbbd530896b90aa51541
resnet,clean_only,29,bandpass_n20003_cLA_V6_electrode_s10,phase2/results/predictions/full/clean_only/resnet/seed_29/bandpass_n20003_cLA_V6_electrode_s10.npz,76126,a98317313700175fc1e61e6865d9e89ecce19ba47ec5e54b2bbb85bc00eb1270
resnet,clean_only,29,bandpass_n20003_cLA_V6_electrode_s5,phase2/results/predictions/full/clean_only/resnet/seed_29/bandpass_n20003_cLA_V6_electrode_s5.npz,75705,00666dbc87a3fb87b3946e86261c0cf88659a56123e151f38198c93f7456dd68
resnet,clean_only,29,bandpass_n20003_cLA_V6_electrode_s0,phase2/results/predictions/full/clean_only/resnet/seed_29/bandpass_n20003_cLA_V6_electrode_s0.npz,75157,0f2711dc7f7f2da8d97bf301b07bca51a561f8bcd85bc2d7dd06965166f3068f
resnet,clean_only,29,bandpass_n20003_cLA_V6_covariance_s20,phase2/results/predictions/full/clean_only/resnet/seed_29/bandpass_n20003_cLA_V6_covariance_s20.npz,76370,48f74c134a225c96e4988d136964ada597cdf322b92350863c2cd763b1db8c0f
resnet,clean_only,29,bandpass_n20003_cLA_V6_covariance_s15,phase2/results/predictions/full/clean_only/resnet/seed_29/bandpass_n20003_cLA_V6_covariance_s15.npz,76328,4d486cdd8188499c8488bba823b04dc9efe1eef8de297e4e60387165bca806f3
resnet,clean_only,29,bandpass_n20003_cLA_V6_covariance_s10,phase2/results/predictions/full/clean_only/resnet/seed_29/bandpass_n20003_cLA_V6_covariance_s10.npz,76140,072fc0b109182374524892502fc6476a237defd196a600ed56f248eff9e0d05e
resnet,clean_only,29,bandpass_n20003_cLA_V6_covariance_s5,phase2/results/predictions/full/clean_only/resnet/seed_29/bandpass_n20003_cLA_V6_covariance_s5.npz,75734,eb2cb7c8198a96dad9e3b6e7afdaf9a3df66f3c1234874d958bc60f5fd920490
resnet,clean_only,29,bandpass_n20003_cLA_V6_covariance_s0,phase2/results/predictions/full/clean_only/resnet/seed_29/bandpass_n20003_cLA_V6_covariance_s0.npz,75160,cb20301d2248b099fef11a0b985f86676c6af7c55925ba7c0f8729efd04796f6
resnet,clean_only,29,bandpass_n20003_cLL_V4_independent_rms_s20,phase2/results/predictions/full/clean_only/resnet/seed_29/bandpass_n20003_cLL_V4_independent_rms_s20.npz,76423,d0d826addee4b3d41f28050ebd131060b06e2f9a4e15b99bd01c8f875115d441
resnet,clean_only,29,bandpass_n20003_cLL_V4_independent_rms_s15,phase2/results/predictions/full/clean_only/resnet/seed_29/bandpass_n20003_cLL_V4_independent_rms_s15.npz,76349,f816027670df0ef57f8ffb79ae6f7ff99638b26aca3282d3e4b6cc0ac595f2f2
resnet,clean_only,29,bandpass_n20003_cLL_V4_independent_rms_s10,phase2/results/predictions/full/clean_only/resnet/seed_29/bandpass_n20003_cLL_V4_independent_rms_s10.npz,76183,c440088d1b65d7a7b43e39b5e3cb9845e2611ea94d2ffee047ee5deeab53c5f4
resnet,clean_only,29,bandpass_n20003_cLL_V4_independent_rms_s5,phase2/results/predictions/full/clean_only/resnet/seed_29/bandpass_n20003_cLL_V4_independent_rms_s5.npz,75831,4f86451835c308008fcb4fe51f237d6877a8931085b3470c25f301242e63b685
resnet,clean_only,29,bandpass_n20003_cLL_V4_independent_rms_s0,phase2/results/predictions/full/clean_only/resnet/seed_29/bandpass_n20003_cLL_V4_independent_rms_s0.npz,75221,417c15b5e640f414e155ba2eba3a1b143899badefad00f3bb8724b5a6fc6f520
resnet,clean_only,29,bandpass_n20003_cLL_V4_electrode_s20,phase2/results/predictions/full/clean_only/resnet/seed_29/bandpass_n20003_cLL_V4_electrode_s20.npz,76406,0893de7d463806653e5917fb09ea2fd9fa9832086ff09b8d730c6148f13fd137
resnet,clean_only,29,bandpass_n20003_cLL_V4_electrode_s15,phase2/results/predictions/full/clean_only/resnet/seed_29/bandpass_n20003_cLL_V4_electrode_s15.npz,76336,7f9a6098bea3ee70ae844d813bff25e8938fd4dc31fd312617649587aff19352
resnet,clean_only,29,bandpass_n20003_cLL_V4_electrode_s10,phase2/results/predictions/full/clean_only/resnet/seed_29/bandpass_n20003_cLL_V4_electrode_s10.npz,76073,010f06a9cb52d6ced84b973bf2788ac948a5db0098c600a128248f395f51f963
resnet,clean_only,29,bandpass_n20003_cLL_V4_electrode_s5,phase2/results/predictions/full/clean_only/resnet/seed_29/bandpass_n20003_cLL_V4_electrode_s5.npz,75631,7e461665d134a77bcb68844a5b9e69dceb335f4902598cd9c910d74e3f58feb1
resnet,clean_only,29,bandpass_n20003_cLL_V4_electrode_s0,phase2/results/predictions/full/clean_only/resnet/seed_29/bandpass_n20003_cLL_V4_electrode_s0.npz,75239,e3449ab7b6515d37abb86e925ac90bdbf0b04b3fe991bc86e9383982aca1e081
resnet,clean_only,29,bandpass_n20003_cLL_V4_covariance_s20,phase2/results/predictions/full/clean_only/resnet/seed_29/bandpass_n20003_cLL_V4_covariance_s20.npz,76375,99fb809fde32865004f0c1d09a8bba8240ebf0543845aafa78917532ed9655a4
resnet,clean_only,29,bandpass_n20003_cLL_V4_covariance_s15,phase2/results/predictions/full/clean_only/resnet/seed_29/bandpass_n20003_cLL_V4_covariance_s15.npz,76301,cdff1e6d18ac1b89942110f0676b9aa56fe48dff76683050f9db2fbf43dfd04a
resnet,clean_only,29,bandpass_n20003_cLL_V4_covariance_s10,phase2/results/predictions/full/clean_only/resnet/seed_29/bandpass_n20003_cLL_V4_covariance_s10.npz,76072,ccd62a23cf977dc6c25760da0fe9de1f230e834744ebe776f96f46c4215416aa
resnet,clean_only,29,bandpass_n20003_cLL_V4_covariance_s5,phase2/results/predictions/full/clean_only/resnet/seed_29/bandpass_n20003_cLL_V4_covariance_s5.npz,75673,c1a861a4b12b335cec9f5842a6c3f58c29fb88fd08ff1392e986a2db325c4821
resnet,clean_only,29,bandpass_n20003_cLL_V4_covariance_s0,phase2/results/predictions/full/clean_only/resnet/seed_29/bandpass_n20003_cLL_V4_covariance_s0.npz,75235,7badc34e310781e80d6a7879718f7b52552030dde7a8dfdc1ee140d0ae14298d
resnet,clean_only,29,bandpass_n20003_cRA_LA_V1_V6_independent_rms_s20,phase2/results/predictions/full/clean_only/resnet/seed_29/bandpass_n20003_cRA_LA_V1_V6_independent_rms_s20.npz,76431,55559ca1f1cee5575ef9aa095aa0616104977c80a34869e858dd07a4cf67af4e
resnet,clean_only,29,bandpass_n20003_cRA_LA_V1_V6_independent_rms_s15,phase2/results/predictions/full/clean_only/resnet/seed_29/bandpass_n20003_cRA_LA_V1_V6_independent_rms_s15.npz,76353,8c7e73366da28dfcd0518965df17c7140f4a1e5da29d8c31b9b8dc61d9dc3a9b
resnet,clean_only,29,bandpass_n20003_cRA_LA_V1_V6_independent_rms_s10,phase2/results/predictions/full/clean_only/resnet/seed_29/bandpass_n20003_cRA_LA_V1_V6_independent_rms_s10.npz,76198,50367f8067f3380ac04a54fffcb134e891fbfe01c1e086d4211989c42b468e41
resnet,clean_only,29,bandpass_n20003_cRA_LA_V1_V6_independent_rms_s5,phase2/results/predictions/full/clean_only/resnet/seed_29/bandpass_n20003_cRA_LA_V1_V6_independent_rms_s5.npz,75807,f1ac818ae86cfa7d0f66a9f7f172e88d30a857f26016ef47f3cbdcda870e9a78
resnet,clean_only,29,bandpass_n20003_cRA_LA_V1_V6_independent_rms_s0,phase2/results/predictions/full/clean_only/resnet/seed_29/bandpass_n20003_cRA_LA_V1_V6_independent_rms_s0.npz,75189,ac78f8a9e633e8f0fd7ef7a762ab6aa5b6fd523f6cedbc665bf7983142869514
resnet,clean_only,29,bandpass_n20003_cRA_LA_V1_V6_electrode_s20,phase2/results/predictions/full/clean_only/resnet/seed_29/bandpass_n20003_cRA_LA_V1_V6_electrode_s20.npz,76377,08affb6a7c8b547ed8db8eb72452cb31df6495e2a6ef5e52fa7bf65747b3fb22
resnet,clean_only,29,bandpass_n20003_cRA_LA_V1_V6_electrode_s15,phase2/results/predictions/full/clean_only/resnet/seed_29/bandpass_n20003_cRA_LA_V1_V6_electrode_s15.npz,76340,a162f2cb398b98bbfa77a10eaf9dc4855d1d77ea59cb344ea48a973e1929d7d3
resnet,clean_only,29,bandpass_n20003_cRA_LA_V1_V6_electrode_s10,phase2/results/predictions/full/clean_only/resnet/seed_29/bandpass_n20003_cRA_LA_V1_V6_electrode_s10.npz,76113,65ab5ca0bb92be3ec06fe2c451e5d68eebaa0c2a64391f312fd4cbe6ed67d951
resnet,clean_only,29,bandpass_n20003_cRA_LA_V1_V6_electrode_s5,phase2/results/predictions/full/clean_only/resnet/seed_29/bandpass_n20003_cRA_LA_V1_V6_electrode_s5.npz,75640,eb91e1f2d4045b2afa987517f2963e7d73eaa9b7dd1c4051909b5cb28170c346
resnet,clean_only,29,bandpass_n20003_cRA_LA_V1_V6_electrode_s0,phase2/results/predictions/full/clean_only/resnet/seed_29/bandpass_n20003_cRA_LA_V1_V6_electrode_s0.npz,75066,985790b6f2a4dd50864203ff8ae1ea4405974204ce23c107fc8577eea551eaea
resnet,clean_only,29,bandpass_n20003_cRA_LA_V1_V6_covariance_s20,phase2/results/predictions/full/clean_only/resnet/seed_29/bandpass_n20003_cRA_LA_V1_V6_covariance_s20.npz,76411,e5a78b800bcbbc9f1f9e6c06d8b4bbbf8eefffd7467dca645611c269f80faa21
resnet,clean_only,29,bandpass_n20003_cRA_LA_V1_V6_covariance_s15,phase2/results/predictions/full/clean_only/resnet/seed_29/bandpass_n20003_cRA_LA_V1_V6_covariance_s15.npz,76286,d01ec73e4cac5e85180365f2b5f1e1c7eae06b8ac651bae28793c6a45b327e7b
resnet,clean_only,29,bandpass_n20003_cRA_LA_V1_V6_covariance_s10,phase2/results/predictions/full/clean_only/resnet/seed_29/bandpass_n20003_cRA_LA_V1_V6_covariance_s10.npz,76116,241ff64eac1a1ab6a381b9a35f05b91f504ea4b74a39f1b59d0ba4e50fc1c04b
resnet,clean_only,29,bandpass_n20003_cRA_LA_V1_V6_covariance_s5,phase2/results/predictions/full/clean_only/resnet/seed_29/bandpass_n20003_cRA_LA_V1_V6_covariance_s5.npz,75651,1e0e25e0729aedd5a2f67f45879a2b3f3649caee3604e547506d58528bcd3638
resnet,clean_only,29,bandpass_n20003_cRA_LA_V1_V6_covariance_s0,phase2/results/predictions/full/clean_only/resnet/seed_29/bandpass_n20003_cRA_LA_V1_V6_covariance_s0.npz,75053,3b24d62d0721de01592637c1cb2dc1e13594b0c7d49a3bcd907866ec2dbec814
resnet,clean_only,29,bandpass_n20003_cRA_V2_V5_independent_rms_s20,phase2/results/predictions/full/clean_only/resnet/seed_29/bandpass_n20003_cRA_V2_V5_independent_rms_s20.npz,76409,278000c734cb139ac10a53ba97061c2d128f3112d73a9a4fa1354dfca65125a6
resnet,clean_only,29,bandpass_n20003_cRA_V2_V5_independent_rms_s15,phase2/results/predictions/full/clean_only/resnet/seed_29/bandpass_n20003_cRA_V2_V5_independent_rms_s15.npz,76356,8f1a14240a954106024cb54c49dfbbd8dfd2f899942c9ed7eccc228a66d4ed32
resnet,clean_only,29,bandpass_n20003_cRA_V2_V5_independent_rms_s10,phase2/results/predictions/full/clean_only/resnet/seed_29/bandpass_n20003_cRA_V2_V5_independent_rms_s10.npz,76177,ff751aea30ffad1acdf34268be08c8d80bbd801b472b4646c09a949876a7cfea
resnet,clean_only,29,bandpass_n20003_cRA_V2_V5_independent_rms_s5,phase2/results/predictions/full/clean_only/resnet/seed_29/bandpass_n20003_cRA_V2_V5_independent_rms_s5.npz,75813,0d9ba953b1c1dc7cf08390cafa2a0a4ee8929078968d9a658622639a9e01c8eb
resnet,clean_only,29,bandpass_n20003_cRA_V2_V5_independent_rms_s0,phase2/results/predictions/full/clean_only/resnet/seed_29/bandpass_n20003_cRA_V2_V5_independent_rms_s0.npz,75161,e0d720ae77b60b73277d6802dbd8bdcb13a9a4e4b691ec9f600860c2548d8b04
resnet,clean_only,29,bandpass_n20003_cRA_V2_V5_electrode_s20,phase2/results/predictions/full/clean_only/resnet/seed_29/bandpass_n20003_cRA_V2_V5_electrode_s20.npz,76392,ba17fc5ed55494e6725c8a4a7062c30b9783dfb4865a7326ed7e6f90d8aa851b
resnet,clean_only,29,bandpass_n20003_cRA_V2_V5_electrode_s15,phase2/results/predictions/full/clean_only/resnet/seed_29/bandpass_n20003_cRA_V2_V5_electrode_s15.npz,76338,36a768d7f3410fd8f4e8410ec71250999ecec7b438ff075692a400557788ef0e
resnet,clean_only,29,bandpass_n20003_cRA_V2_V5_electrode_s10,phase2/results/predictions/full/clean_only/resnet/seed_29/bandpass_n20003_cRA_V2_V5_electrode_s10.npz,76130,d9949fffe65314ed9e3e031fd2628938040c54c5516496a208246a111716eebb
resnet,clean_only,29,bandpass_n20003_cRA_V2_V5_electrode_s5,phase2/results/predictions/full/clean_only/resnet/seed_29/bandpass_n20003_cRA_V2_V5_electrode_s5.npz,75652,be531baa1dc63a8d85709973d8f752fce77fc35dc12574908fef98d0fca9a306
resnet,clean_only,29,bandpass_n20003_cRA_V2_V5_electrode_s0,phase2/results/predictions/full/clean_only/resnet/seed_29/bandpass_n20003_cRA_V2_V5_electrode_s0.npz,75028,a018a64ade28729b9c5cd7d9836d4e9d2dcf3b5f1720c4d0f42c9cdcb8e51b0d
resnet,clean_only,29,bandpass_n20003_cRA_V2_V5_covariance_s20,phase2/results/predictions/full/clean_only/resnet/seed_29/bandpass_n20003_cRA_V2_V5_covariance_s20.npz,76401,3fb275e88ee0b8495db3253876c94afea3bc1f4b795f65d6d6b5dbdf201b3b59
resnet,clean_only,29,bandpass_n20003_cRA_V2_V5_covariance_s15,phase2/results/predictions/full/clean_only/resnet/seed_29/bandpass_n20003_cRA_V2_V5_covariance_s15.npz,76296,196d29ed18849d977b2d065ecd6aeba034db622d5842823531eacad31f49a814
resnet,clean_only,29,bandpass_n20003_cRA_V2_V5_covariance_s10,phase2/results/predictions/full/clean_only/resnet/seed_29/bandpass_n20003_cRA_V2_V5_covariance_s10.npz,76096,b3fdc3a9b0e98d839e1a4b1d87b5379a3479eb6c149405951724cbd5c181f116
resnet,clean_only,29,bandpass_n20003_cRA_V2_V5_covariance_s5,phase2/results/predictions/full/clean_only/resnet/seed_29/bandpass_n20003_cRA_V2_V5_covariance_s5.npz,75652,105d7a9f4fdd5e59b2fdeeb56010d11b9451f1c466fe1cd3e1bfb11610827a69
resnet,clean_only,29,bandpass_n20003_cRA_V2_V5_covariance_s0,phase2/results/predictions/full/clean_only/resnet/seed_29/bandpass_n20003_cRA_V2_V5_covariance_s0.npz,75063,eed711fd59f97032fc1cb0ca7215138b172f2d1f59286ce9c1d98b3ad87f4501
resnet,clean_only,29,bandpass_n20003_cLA_V3_V6_independent_rms_s20,phase2/results/predictions/full/clean_only/resnet/seed_29/bandpass_n20003_cLA_V3_V6_independent_rms_s20.npz,76405,36d6c410e78745e13a4ec1c1ba22299f761a58ac766deb169659376f792a00c6
resnet,clean_only,29,bandpass_n20003_cLA_V3_V6_independent_rms_s15,phase2/results/predictions/full/clean_only/resnet/seed_29/bandpass_n20003_cLA_V3_V6_independent_rms_s15.npz,76339,2e639344c127dac40cfd59ba4f15e159b4ab0f5a6605460e544815fecce31f38
resnet,clean_only,29,bandpass_n20003_cLA_V3_V6_independent_rms_s10,phase2/results/predictions/full/clean_only/resnet/seed_29/bandpass_n20003_cLA_V3_V6_independent_rms_s10.npz,76192,8efd207a2608abb36a4a044428d609e1a1e30d482dce2c714830f7d1fe83f32b
resnet,clean_only,29,bandpass_n20003_cLA_V3_V6_independent_rms_s5,phase2/results/predictions/full/clean_only/resnet/seed_29/bandpass_n20003_cLA_V3_V6_independent_rms_s5.npz,75876,81040a35f0a970afe060f3e3297eee545e865edaff92abe15758c07be9ade076
resnet,clean_only,29,bandpass_n20003_cLA_V3_V6_independent_rms_s0,phase2/results/predictions/full/clean_only/resnet/seed_29/bandpass_n20003_cLA_V3_V6_independent_rms_s0.npz,75242,eea057c06a2690d4c0e586654b3e34a145922254b1e46409fdffba24d6c5387a
resnet,clean_only,29,bandpass_n20003_cLA_V3_V6_electrode_s20,phase2/results/predictions/full/clean_only/resnet/seed_29/bandpass_n20003_cLA_V3_V6_electrode_s20.npz,76384,5b67b25983ba5cf1752d39f8bf73128f5bf068d95218c02f7bb1c8abf490a91e
resnet,clean_only,29,bandpass_n20003_cLA_V3_V6_electrode_s15,phase2/results/predictions/full/clean_only/resnet/seed_29/bandpass_n20003_cLA_V3_V6_electrode_s15.npz,76315,59fb82b8631cb78e0f7a99ee916139f998fee393d67bf32670cfd3b7d1dd915f
resnet,clean_only,29,bandpass_n20003_cLA_V3_V6_electrode_s10,phase2/results/predictions/full/clean_only/resnet/seed_29/bandpass_n20003_cLA_V3_V6_electrode_s10.npz,76161,bbf3f42cd10c126f1bd5b3f50d2f1576ffa89a0f9434e6eeab10e139626c1317
resnet,clean_only,29,bandpass_n20003_cLA_V3_V6_electrode_s5,phase2/results/predictions/full/clean_only/resnet/seed_29/bandpass_n20003_cLA_V3_V6_electrode_s5.npz,75725,7298b16c616d6c86350e360c42fa6f3dd38bd1da3d9a4448ce784ba35a5da48f
resnet,clean_only,29,bandpass_n20003_cLA_V3_V6_electrode_s0,phase2/results/predictions/full/clean_only/resnet/seed_29/bandpass_n20003_cLA_V3_V6_electrode_s0.npz,75217,bea4159b5757e89683b1b9114a10dca847221644608e2366b6a0ae81d04afcb4
resnet,clean_only,29,bandpass_n20003_cLA_V3_V6_covariance_s20,phase2/results/predictions/full/clean_only/resnet/seed_29/bandpass_n20003_cLA_V3_V6_covariance_s20.npz,76407,6c5d7b9bfc801157068327227d4b8aabd8ed0fdff270d68cce0203f75f4d3f15
resnet,clean_only,29,bandpass_n20003_cLA_V3_V6_covariance_s15,phase2/results/predictions/full/clean_only/resnet/seed_29/bandpass_n20003_cLA_V3_V6_covariance_s15.npz,76324,c096e8a6d071b089fd83e5956a20d9fc90caca00297d0b8d19e0df8cd4ee133a
resnet,clean_only,29,bandpass_n20003_cLA_V3_V6_covariance_s10,phase2/results/predictions/full/clean_only/resnet/seed_29/bandpass_n20003_cLA_V3_V6_covariance_s10.npz,76127,9f783ab14868f4ec41ff82ede28fd86ddaede61c2fbcc002e15eee86cd368301
resnet,clean_only,29,bandpass_n20003_cLA_V3_V6_covariance_s5,phase2/results/predictions/full/clean_only/resnet/seed_29/bandpass_n20003_cLA_V3_V6_covariance_s5.npz,75782,ce757afe27f206984de95447dc183dddb14cf00cf60b7ed3b766cf699b721b86
resnet,clean_only,29,bandpass_n20003_cLA_V3_V6_covariance_s0,phase2/results/predictions/full/clean_only/resnet/seed_29/bandpass_n20003_cLA_V3_V6_covariance_s0.npz,75167,15a6111f56189563745716dbf59b5d80bf6b0ecac6ac99dd3d9560bbb61ed382
resnet,clean_only,29,bandpass_n20003_cLL_V1_V4_independent_rms_s20,phase2/results/predictions/full/clean_only/resnet/seed_29/bandpass_n20003_cLL_V1_V4_independent_rms_s20.npz,76402,ac7976323c5c9847cfc4b01f8603118abe0da5c83fd44f3a512d1c4596575cba
resnet,clean_only,29,bandpass_n20003_cLL_V1_V4_independent_rms_s15,phase2/results/predictions/full/clean_only/resnet/seed_29/bandpass_n20003_cLL_V1_V4_independent_rms_s15.npz,76341,a1eb4389c51674f96685379c71ccda899bc44308632e7a753ed2b852bcbc1643
resnet,clean_only,29,bandpass_n20003_cLL_V1_V4_independent_rms_s10,phase2/results/predictions/full/clean_only/resnet/seed_29/bandpass_n20003_cLL_V1_V4_independent_rms_s10.npz,76175,b3c3fd5ab99a1a0cc90587347cff12ef001056e76826853f56c8fdef6e5760cd
resnet,clean_only,29,bandpass_n20003_cLL_V1_V4_independent_rms_s5,phase2/results/predictions/full/clean_only/resnet/seed_29/bandpass_n20003_cLL_V1_V4_independent_rms_s5.npz,75844,f283bcc5ed508a9c5c297d0c8c9368e35b778e91150bea6b109569875f3a2d85
resnet,clean_only,29,bandpass_n20003_cLL_V1_V4_independent_rms_s0,phase2/results/predictions/full/clean_only/resnet/seed_29/bandpass_n20003_cLL_V1_V4_independent_rms_s0.npz,75176,baf1c4795eba720e9175ecb7c7b25817bfdbf595234c26f155b2fc8b51caa491
resnet,clean_only,29,bandpass_n20003_cLL_V1_V4_electrode_s20,phase2/results/predictions/full/clean_only/resnet/seed_29/bandpass_n20003_cLL_V1_V4_electrode_s20.npz,76384,568dd200c28c916269aaef45892ecd3845f33feefe9073525a94745c3a9df6d8
resnet,clean_only,29,bandpass_n20003_cLL_V1_V4_electrode_s15,phase2/results/predictions/full/clean_only/resnet/seed_29/bandpass_n20003_cLL_V1_V4_electrode_s15.npz,76286,69b4d24363a32fc7c550913d7e58e31aa4a79a42cd4b2359f4642bc77c825a9a
resnet,clean_only,29,bandpass_n20003_cLL_V1_V4_electrode_s10,phase2/results/predictions/full/clean_only/resnet/seed_29/bandpass_n20003_cLL_V1_V4_electrode_s10.npz,76094,13d418e0fcbf65ba0b35c61fae24b6909ef9287389955e7f9c1bdc3a4f5db778
resnet,clean_only,29,bandpass_n20003_cLL_V1_V4_electrode_s5,phase2/results/predictions/full/clean_only/resnet/seed_29/bandpass_n20003_cLL_V1_V4_electrode_s5.npz,75662,0371974c316a8a886c4ec3cc65a3f1bd9b79bba5d6dd097acc6ad675cf865aab
resnet,clean_only,29,bandpass_n20003_cLL_V1_V4_electrode_s0,phase2/results/predictions/full/clean_only/resnet/seed_29/bandpass_n20003_cLL_V1_V4_electrode_s0.npz,75210,d0b3aa2292c24194d79cefbe5cd6e87873fe6821bfb675db515db4bb0b80d9d3
resnet,clean_only,29,bandpass_n20003_cLL_V1_V4_covariance_s20,phase2/results/predictions/full/clean_only/resnet/seed_29/bandpass_n20003_cLL_V1_V4_covariance_s20.npz,76384,2ccae6417577a1aa7e0869dd6b205a77b2ba673ef8a213cdc3b10c3ad8ec11d4
resnet,clean_only,29,bandpass_n20003_cLL_V1_V4_covariance_s15,phase2/results/predictions/full/clean_only/resnet/seed_29/bandpass_n20003_cLL_V1_V4_covariance_s15.npz,76330,505027f36fc2c363713155f2d69daa337860695bbc301f13f56bbad828f3f853
resnet,clean_only,29,bandpass_n20003_cLL_V1_V4_covariance_s10,phase2/results/predictions/full/clean_only/resnet/seed_29/bandpass_n20003_cLL_V1_V4_covariance_s10.npz,76080,852facc62325f512bdfb87c22173243fd92b73464956e5aae61f7a832fade4a9
resnet,clean_only,29,bandpass_n20003_cLL_V1_V4_covariance_s5,phase2/results/predictions/full/clean_only/resnet/seed_29/bandpass_n20003_cLL_V1_V4_covariance_s5.npz,75656,bae8a0c3722e76cd4630b63357cfa1522891aa0b6a9844576c69042852859b64
resnet,clean_only,29,bandpass_n20003_cLL_V1_V4_covariance_s0,phase2/results/predictions/full/clean_only/resnet/seed_29/bandpass_n20003_cLL_V1_V4_covariance_s0.npz,75195,d3fb30dca21fa5f81ba8e3083c852002b94c834769fe7be766fe599cbce10c77
resnet,clean_only,29,bandpass_n20003_call_independent_rms_s20,phase2/results/predictions/full/clean_only/resnet/seed_29/bandpass_n20003_call_independent_rms_s20.npz,76411,82a80111110002f27ee982b4d0b2dce71fba31f5db43c2a2890a3a22909b644c
resnet,clean_only,29,bandpass_n20003_call_independent_rms_s15,phase2/results/predictions/full/clean_only/resnet/seed_29/bandpass_n20003_call_independent_rms_s15.npz,76329,dc4b50ec6ee6272102d26d085a1f655771d10c0808551be55efe17a8b4aaf357
resnet,clean_only,29,bandpass_n20003_call_independent_rms_s10,phase2/results/predictions/full/clean_only/resnet/seed_29/bandpass_n20003_call_independent_rms_s10.npz,76162,d71b38ddc651fa546247884c5dceabb08376198cc55d5e437ea90b74125e6819
resnet,clean_only,29,bandpass_n20003_call_independent_rms_s5,phase2/results/predictions/full/clean_only/resnet/seed_29/bandpass_n20003_call_independent_rms_s5.npz,75784,127439a9a1610b42543a73b2aa5bc033f55232e834e7a778fcfc19a8effbbcaf
resnet,clean_only,29,bandpass_n20003_call_independent_rms_s0,phase2/results/predictions/full/clean_only/resnet/seed_29/bandpass_n20003_call_independent_rms_s0.npz,75179,884af0a6de07afdb725d585df3529bd0fb547b37f7affecbe76f51b217244198
resnet,clean_only,29,bandpass_n20003_call_electrode_s20,phase2/results/predictions/full/clean_only/resnet/seed_29/bandpass_n20003_call_electrode_s20.npz,76354,314cc493308b71c40641ca9a376b7a271f5e27b92b610d2a602bf1892debae4e
resnet,clean_only,29,bandpass_n20003_call_electrode_s15,phase2/results/predictions/full/clean_only/resnet/seed_29/bandpass_n20003_call_electrode_s15.npz,76297,aefd152bc2735fc9c2517198396f0dd7851772bfdf588fbded20b134a8e15e6a
resnet,clean_only,29,bandpass_n20003_call_electrode_s10,phase2/results/predictions/full/clean_only/resnet/seed_29/bandpass_n20003_call_electrode_s10.npz,76067,c42df4941737b60243b495a7cd6356d3d2720382468c72c68dac7f7173b7c91d
resnet,clean_only,29,bandpass_n20003_call_electrode_s5,phase2/results/predictions/full/clean_only/resnet/seed_29/bandpass_n20003_call_electrode_s5.npz,75662,0028758148488c654d6ad3ef65f1917d34f278c0e798b1712aad9e9b638f82d4
resnet,clean_only,29,bandpass_n20003_call_electrode_s0,phase2/results/predictions/full/clean_only/resnet/seed_29/bandpass_n20003_call_electrode_s0.npz,75084,c85f8e95a417c828559c74e4b4cfb69acb4d58a934f9ef5617fd72172adf9ec5
resnet,clean_only,29,bandpass_n20003_call_covariance_s20,phase2/results/predictions/full/clean_only/resnet/seed_29/bandpass_n20003_call_covariance_s20.npz,76375,47761bab0ba09698fac99f64a88e09e04f8e61f0eca1fc8fcc205720f7bbc3dd
resnet,clean_only,29,bandpass_n20003_call_covariance_s15,phase2/results/predictions/full/clean_only/resnet/seed_29/bandpass_n20003_call_covariance_s15.npz,76288,17c8d4ac87372137874f1b2d3c7375d8fe8d95f3fbacb9e276a4e5adb17c4349
resnet,clean_only,29,bandpass_n20003_call_covariance_s10,phase2/results/predictions/full/clean_only/resnet/seed_29/bandpass_n20003_call_covariance_s10.npz,76092,496f71731a7a549e3ed126f44e1f1213c2acfae0771dd450e85166b2b1f049c4
resnet,clean_only,29,bandpass_n20003_call_covariance_s5,phase2/results/predictions/full/clean_only/resnet/seed_29/bandpass_n20003_call_covariance_s5.npz,75641,0691b106820f0cbe791136c0700bda36336d2dbc20b37522489232be60210d5f
resnet,clean_only,29,bandpass_n20003_call_covariance_s0,phase2/results/predictions/full/clean_only/resnet/seed_29/bandpass_n20003_call_covariance_s0.npz,75073,fe1ea2be132c8a710b4d3fa08b0b8658cc761062ecda007c5ab88686206829cc
resnet,clean_only,29,bandpass_n20004_cRA_LA_LL_independent_rms_s20,phase2/results/predictions/full/clean_only/resnet/seed_29/bandpass_n20004_cRA_LA_LL_independent_rms_s20.npz,76385,fa419f0af8bb89983c530d36ce5dd20354f26e8bb1b67fa0e59a1496312ccfc0
resnet,clean_only,29,bandpass_n20004_cRA_LA_LL_independent_rms_s15,phase2/results/predictions/full/clean_only/resnet/seed_29/bandpass_n20004_cRA_LA_LL_independent_rms_s15.npz,76334,3abf585489d79c846009946c52a73e7f1550032a201088df6834e04de4c39a8b
resnet,clean_only,29,bandpass_n20004_cRA_LA_LL_independent_rms_s10,phase2/results/predictions/full/clean_only/resnet/seed_29/bandpass_n20004_cRA_LA_LL_independent_rms_s10.npz,76176,e7d1a6c46bc64babc86b6bc3e41e4f7b98852f412c5759d8f04e2d24a6d66f42
resnet,clean_only,29,bandpass_n20004_cRA_LA_LL_independent_rms_s5,phase2/results/predictions/full/clean_only/resnet/seed_29/bandpass_n20004_cRA_LA_LL_independent_rms_s5.npz,75778,e2f1eede8d2e91af221d263f0cade05f145669a2de5c8081e8ac444b3730463b
resnet,clean_only,29,bandpass_n20004_cRA_LA_LL_independent_rms_s0,phase2/results/predictions/full/clean_only/resnet/seed_29/bandpass_n20004_cRA_LA_LL_independent_rms_s0.npz,75162,b9adee90ff7c2e6ba61c8d4a033387f08641c1854b104d7ece99f6e5e378a75a
resnet,clean_only,29,bandpass_n20004_cRA_LA_LL_electrode_s20,phase2/results/predictions/full/clean_only/resnet/seed_29/bandpass_n20004_cRA_LA_LL_electrode_s20.npz,76379,ec73645387cb98779fc7c0bc8380d25b1fe4d54ece8283daf540e8acadc17d64
resnet,clean_only,29,bandpass_n20004_cRA_LA_LL_electrode_s15,phase2/results/predictions/full/clean_only/resnet/seed_29/bandpass_n20004_cRA_LA_LL_electrode_s15.npz,76275,872009eb2263ab85e2c0ec53335e369f28ab976ba3789a4d3fc56ca7bd1d7cdb
resnet,clean_only,29,bandpass_n20004_cRA_LA_LL_electrode_s10,phase2/results/predictions/full/clean_only/resnet/seed_29/bandpass_n20004_cRA_LA_LL_electrode_s10.npz,76091,d6917ca472595dabfd5a5d957641930ac37d0f6ca42c348117933e962409b600
resnet,clean_only,29,bandpass_n20004_cRA_LA_LL_electrode_s5,phase2/results/predictions/full/clean_only/resnet/seed_29/bandpass_n20004_cRA_LA_LL_electrode_s5.npz,75625,af2bd1e2f1d971a2fa93c0086818644c9cc11e79b038a9ad7606cfa6a45d9702
resnet,clean_only,29,bandpass_n20004_cRA_LA_LL_electrode_s0,phase2/results/predictions/full/clean_only/resnet/seed_29/bandpass_n20004_cRA_LA_LL_electrode_s0.npz,75139,029937890eeadbbcc709a9fd269bcf2fc7748377b27785e7d884e6de2c9cb97f
resnet,clean_only,29,bandpass_n20004_cRA_LA_LL_covariance_s20,phase2/results/predictions/full/clean_only/resnet/seed_29/bandpass_n20004_cRA_LA_LL_covariance_s20.npz,76368,a025877960e7028aca7d38ad2741eee17b44812901c82821e6fbd98a792f13c8
resnet,clean_only,29,bandpass_n20004_cRA_LA_LL_covariance_s15,phase2/results/predictions/full/clean_only/resnet/seed_29/bandpass_n20004_cRA_LA_LL_covariance_s15.npz,76294,2e79349adee908aa81c29a74d156f22428cc77b304ef80b167b35b716b4f229d
resnet,clean_only,29,bandpass_n20004_cRA_LA_LL_covariance_s10,phase2/results/predictions/full/clean_only/resnet/seed_29/bandpass_n20004_cRA_LA_LL_covariance_s10.npz,76047,4546620d16c2b350ee17476655560154d9c0c44b6ebf47d8c2205c0ef3ca8ec5
resnet,clean_only,29,bandpass_n20004_cRA_LA_LL_covariance_s5,phase2/results/predictions/full/clean_only/resnet/seed_29/bandpass_n20004_cRA_LA_LL_covariance_s5.npz,75613,81583a9a4462c7e34dfcd114822b3383b2088f08eecf94cb5d9eab71cc5bbcee
resnet,clean_only,29,bandpass_n20004_cRA_LA_LL_covariance_s0,phase2/results/predictions/full/clean_only/resnet/seed_29/bandpass_n20004_cRA_LA_LL_covariance_s0.npz,75088,962970241aae9a2b311afb996a27929d4455dda472de5fa1aad3c890edfdf406
resnet,clean_only,29,bandpass_n20004_cV1_independent_rms_s20,phase2/results/predictions/full/clean_only/resnet/seed_29/bandpass_n20004_cV1_independent_rms_s20.npz,76418,61dce66b3a8d3efa7105d9a63935bb6b83467a60cf4d638607f9f52f6233869d
resnet,clean_only,29,bandpass_n20004_cV1_independent_rms_s15,phase2/results/predictions/full/clean_only/resnet/seed_29/bandpass_n20004_cV1_independent_rms_s15.npz,76340,e074ef2537a95282a1d79833ec40da0af89e08f2692075d65d607a062a271573
resnet,clean_only,29,bandpass_n20004_cV1_independent_rms_s10,phase2/results/predictions/full/clean_only/resnet/seed_29/bandpass_n20004_cV1_independent_rms_s10.npz,76139,ba7c4fa6a5c1a1b5b4c1922c28b6ddddf95ef799bd4f5e920f7fdc8d17c5a152
resnet,clean_only,29,bandpass_n20004_cV1_independent_rms_s5,phase2/results/predictions/full/clean_only/resnet/seed_29/bandpass_n20004_cV1_independent_rms_s5.npz,75730,4a429d8c66f5399dcd430a6b54c4638c34d64e4c7c5d518a199d2533c6bc7acf
resnet,clean_only,29,bandpass_n20004_cV1_independent_rms_s0,phase2/results/predictions/full/clean_only/resnet/seed_29/bandpass_n20004_cV1_independent_rms_s0.npz,75045,fe0b1733f6828ef6b80c6b849532d0b2f65da06f41f0385ac7f5ecb2c35764d7
resnet,clean_only,29,bandpass_n20004_cV1_electrode_s20,phase2/results/predictions/full/clean_only/resnet/seed_29/bandpass_n20004_cV1_electrode_s20.npz,76383,f1729ae36626228df91e962f90be3e9e6ffad16cb5fbee20e53bd218039f19ea
resnet,clean_only,29,bandpass_n20004_cV1_electrode_s15,phase2/results/predictions/full/clean_only/resnet/seed_29/bandpass_n20004_cV1_electrode_s15.npz,76332,d9b2400b9b328537da2d9e06d438e5077580fca969dbaa74de4e9d7035e09874
resnet,clean_only,29,bandpass_n20004_cV1_electrode_s10,phase2/results/predictions/full/clean_only/resnet/seed_29/bandpass_n20004_cV1_electrode_s10.npz,76138,d5cb75079b78fe239b93dbbc73f189b1111d57349fd706ce90038c6403a8600d
resnet,clean_only,29,bandpass_n20004_cV1_electrode_s5,phase2/results/predictions/full/clean_only/resnet/seed_29/bandpass_n20004_cV1_electrode_s5.npz,75720,3178a8de71af2fa3bf890eeb6e652d0d0ff224c06ae234bb783f1d90f85155c0
resnet,clean_only,29,bandpass_n20004_cV1_electrode_s0,phase2/results/predictions/full/clean_only/resnet/seed_29/bandpass_n20004_cV1_electrode_s0.npz,75049,3cac203fdc667019f958369d40af7dff1fe49f476d6b555b5b275e6a2d96c219
resnet,clean_only,29,bandpass_n20004_cV1_covariance_s20,phase2/results/predictions/full/clean_only/resnet/seed_29/bandpass_n20004_cV1_covariance_s20.npz,76400,95c19a8401016d1bfbd91909d993ffd687cc2ccceee0c42d867411329b70cfd4
resnet,clean_only,29,bandpass_n20004_cV1_covariance_s15,phase2/results/predictions/full/clean_only/resnet/seed_29/bandpass_n20004_cV1_covariance_s15.npz,76320,880550c3e6ca328ece4a17946a35dde946d623823615cd5e1832a5f9b783d4ed
resnet,clean_only,29,bandpass_n20004_cV1_covariance_s10,phase2/results/predictions/full/clean_only/resnet/seed_29/bandpass_n20004_cV1_covariance_s10.npz,76134,c56f571406276730cfbcb869dab15867b890fa7bcbb8fafac94f42714bd97e3d
resnet,clean_only,29,bandpass_n20004_cV1_covariance_s5,phase2/results/predictions/full/clean_only/resnet/seed_29/bandpass_n20004_cV1_covariance_s5.npz,75693,ad5610252bc4c2e3ab50a3e6484c4cafca16a927e3c62bf6259899a2ddcb973f
resnet,clean_only,29,bandpass_n20004_cV1_covariance_s0,phase2/results/predictions/full/clean_only/resnet/seed_29/bandpass_n20004_cV1_covariance_s0.npz,75039,4b7cd0c0c835a51b13ae0e1e75e2b7b36d565fa73c42123bbdd934029b19525c
resnet,clean_only,29,bandpass_n20004_cV2_independent_rms_s20,phase2/results/predictions/full/clean_only/resnet/seed_29/bandpass_n20004_cV2_independent_rms_s20.npz,76420,7d28b16215e197ea35b46e10be0879b66554237c7352a80633a10595219817be
resnet,clean_only,29,bandpass_n20004_cV2_independent_rms_s15,phase2/results/predictions/full/clean_only/resnet/seed_29/bandpass_n20004_cV2_independent_rms_s15.npz,76371,896b6a7e09b45a6f82cb3857b8710ec91ad653508f41b497003845e0e35818a2
resnet,clean_only,29,bandpass_n20004_cV2_independent_rms_s10,phase2/results/predictions/full/clean_only/resnet/seed_29/bandpass_n20004_cV2_independent_rms_s10.npz,76173,7f26470fdf72f542bb21950c3f356bdc9d9a579c739692a73589133b2455556a
resnet,clean_only,29,bandpass_n20004_cV2_independent_rms_s5,phase2/results/predictions/full/clean_only/resnet/seed_29/bandpass_n20004_cV2_independent_rms_s5.npz,75826,3f2b56077a36ba0214ed7fd819e977386320340cde3a190ad0ed3ced0d67d56c
resnet,clean_only,29,bandpass_n20004_cV2_independent_rms_s0,phase2/results/predictions/full/clean_only/resnet/seed_29/bandpass_n20004_cV2_independent_rms_s0.npz,75255,887451fad8774cb74e3b54f5066ccaaaee05b24c862d64129fd4f08c1a06d663
resnet,clean_only,29,bandpass_n20004_cV2_electrode_s20,phase2/results/predictions/full/clean_only/resnet/seed_29/bandpass_n20004_cV2_electrode_s20.npz,76339,58b83e24549e419cf8c3b184ac97f2c04294d52ba2b3da9c0995f6bfb863a5a3
resnet,clean_only,29,bandpass_n20004_cV2_electrode_s15,phase2/results/predictions/full/clean_only/resnet/seed_29/bandpass_n20004_cV2_electrode_s15.npz,76315,5a4c2a78cd4c05f289795d5927fd0b49a5121867b2f1eec6c9bb11919376f8c4
resnet,clean_only,29,bandpass_n20004_cV2_electrode_s10,phase2/results/predictions/full/clean_only/resnet/seed_29/bandpass_n20004_cV2_electrode_s10.npz,76199,5bdaf231511f62c5b2b6d4f0e57a101986d5c3186f0ee9cb95459be5fcab8281
resnet,clean_only,29,bandpass_n20004_cV2_electrode_s5,phase2/results/predictions/full/clean_only/resnet/seed_29/bandpass_n20004_cV2_electrode_s5.npz,75776,dba61c234f75616e74db612cbdceb8d3609eafeb8bd59dc1ef1e56ae34468a17
resnet,clean_only,29,bandpass_n20004_cV2_electrode_s0,phase2/results/predictions/full/clean_only/resnet/seed_29/bandpass_n20004_cV2_electrode_s0.npz,75195,e5411fadc0dda6bfe9b03d6507f76c50b09c5de133ec2ebb620ff7d9c5e274b0
resnet,clean_only,29,bandpass_n20004_cV2_covariance_s20,phase2/results/predictions/full/clean_only/resnet/seed_29/bandpass_n20004_cV2_covariance_s20.npz,76370,8267f2c3116ae713291f7defe1b2de8e4a19e6bf520978fb50b87f6ae82fdfaf
resnet,clean_only,29,bandpass_n20004_cV2_covariance_s15,phase2/results/predictions/full/clean_only/resnet/seed_29/bandpass_n20004_cV2_covariance_s15.npz,76320,1644aa9336f4bfce2bb752953fc386808f128625eda3730e284e3342b891c097
resnet,clean_only,29,bandpass_n20004_cV2_covariance_s10,phase2/results/predictions/full/clean_only/resnet/seed_29/bandpass_n20004_cV2_covariance_s10.npz,76196,b9b8074ee49297ffebcbe5ec05877a5083124b04ac97742c105c5923a35d82df
resnet,clean_only,29,bandpass_n20004_cV2_covariance_s5,phase2/results/predictions/full/clean_only/resnet/seed_29/bandpass_n20004_cV2_covariance_s5.npz,75827,3d65988879cbc208d0c89dde358449a3b505fbe62e64fae0bf3ba53ddaf16c24
resnet,clean_only,29,bandpass_n20004_cV2_covariance_s0,phase2/results/predictions/full/clean_only/resnet/seed_29/bandpass_n20004_cV2_covariance_s0.npz,75207,cd09b00e7ea6c9df760f980768a327bed134f745a421660e98d6cf20bee4ee56
resnet,clean_only,29,bandpass_n20004_cV3_independent_rms_s20,phase2/results/predictions/full/clean_only/resnet/seed_29/bandpass_n20004_cV3_independent_rms_s20.npz,76390,e7e46aa841410cbb00d5a62b418a201be63f34d22b6c2b0bde5c65f63bd18dfe
resnet,clean_only,29,bandpass_n20004_cV3_independent_rms_s15,phase2/results/predictions/full/clean_only/resnet/seed_29/bandpass_n20004_cV3_independent_rms_s15.npz,76376,2c56ab6e8492b5d511704ca653041d1f49283ac8ae0eb6d116a8e63b60a336cd
resnet,clean_only,29,bandpass_n20004_cV3_independent_rms_s10,phase2/results/predictions/full/clean_only/resnet/seed_29/bandpass_n20004_cV3_independent_rms_s10.npz,76296,569b818539efb717b53f6886708b44c5d7e635ef5f19889bc92d174824da819f
resnet,clean_only,29,bandpass_n20004_cV3_independent_rms_s5,phase2/results/predictions/full/clean_only/resnet/seed_29/bandpass_n20004_cV3_independent_rms_s5.npz,76016,fa733ae0a106bef023e34014faff6bd370a3781ac392f27260f4dfe04d8beed7
resnet,clean_only,29,bandpass_n20004_cV3_independent_rms_s0,phase2/results/predictions/full/clean_only/resnet/seed_29/bandpass_n20004_cV3_independent_rms_s0.npz,75538,62a1f135b75c7d0d4a837b2a830e5b7986be22ecc9c2a049c052b334655b2695
resnet,clean_only,29,bandpass_n20004_cV3_electrode_s20,phase2/results/predictions/full/clean_only/resnet/seed_29/bandpass_n20004_cV3_electrode_s20.npz,76400,424707276cc5343da94b601ce845238b268729e4276d6e9d9745b2b007106a97
resnet,clean_only,29,bandpass_n20004_cV3_electrode_s15,phase2/results/predictions/full/clean_only/resnet/seed_29/bandpass_n20004_cV3_electrode_s15.npz,76382,545a9aab1369b9a69076c43eae8051f550d255b842b5add5da14c21a063dcdbb
resnet,clean_only,29,bandpass_n20004_cV3_electrode_s10,phase2/results/predictions/full/clean_only/resnet/seed_29/bandpass_n20004_cV3_electrode_s10.npz,76255,0bd2d65790db34b8c845a062cb4b31ef0df8a0d5cccb30320d97a885427e8b18
resnet,clean_only,29,bandpass_n20004_cV3_electrode_s5,phase2/results/predictions/full/clean_only/resnet/seed_29/bandpass_n20004_cV3_electrode_s5.npz,76018,ec14779daf7018000444534147454be3ca8b36b15a054b5ac3eecfbb58403154
resnet,clean_only,29,bandpass_n20004_cV3_electrode_s0,phase2/results/predictions/full/clean_only/resnet/seed_29/bandpass_n20004_cV3_electrode_s0.npz,75510,ed08a9e0438dc42676c06c9b9376bff91ced0a204c433dff0d788dc8d804480f
resnet,clean_only,29,bandpass_n20004_cV3_covariance_s20,phase2/results/predictions/full/clean_only/resnet/seed_29/bandpass_n20004_cV3_covariance_s20.npz,76405,96b48f6b59372b38eda56d415722ede5f3d6cdc527e8b3efe311f52dfa29bdf3
resnet,clean_only,29,bandpass_n20004_cV3_covariance_s15,phase2/results/predictions/full/clean_only/resnet/seed_29/bandpass_n20004_cV3_covariance_s15.npz,76395,20af2a87866989b74f4725a216c9d712b4aa173e5c555b625192e0fed862b699
resnet,clean_only,29,bandpass_n20004_cV3_covariance_s10,phase2/results/predictions/full/clean_only/resnet/seed_29/bandpass_n20004_cV3_covariance_s10.npz,76272,4adcc057a48f12cf71a95853d52e671dc1cd6367d9c879083abfb83339a99b7e
resnet,clean_only,29,bandpass_n20004_cV3_covariance_s5,phase2/results/predictions/full/clean_only/resnet/seed_29/bandpass_n20004_cV3_covariance_s5.npz,76021,d7fcd4a95231230e5259c731ec534f5785cb6da35fcec58ec01667780cb7673f
resnet,clean_only,29,bandpass_n20004_cV3_covariance_s0,phase2/results/predictions/full/clean_only/resnet/seed_29/bandpass_n20004_cV3_covariance_s0.npz,75519,86b29ceb6252ff86e0ce71644a7c6b87ce70658bc02ba64a89cac12fd74cc499
resnet,clean_only,29,bandpass_n20004_cV4_independent_rms_s20,phase2/results/predictions/full/clean_only/resnet/seed_29/bandpass_n20004_cV4_independent_rms_s20.npz,76424,02139433998645608de8ba5c109e3900390fe9b4968bf28e63a8d013e874d5e5
resnet,clean_only,29,bandpass_n20004_cV4_independent_rms_s15,phase2/results/predictions/full/clean_only/resnet/seed_29/bandpass_n20004_cV4_independent_rms_s15.npz,76340,a559448acc13fb61f6cde4bf45de276f6850e0e2fa0e5ef5b6674717ef9a4cec
resnet,clean_only,29,bandpass_n20004_cV4_independent_rms_s10,phase2/results/predictions/full/clean_only/resnet/seed_29/bandpass_n20004_cV4_independent_rms_s10.npz,76224,cda05798c7410ed0adbde59de4e1eb23754943171521f96df349b30b7a10a9a7
resnet,clean_only,29,bandpass_n20004_cV4_independent_rms_s5,phase2/results/predictions/full/clean_only/resnet/seed_29/bandpass_n20004_cV4_independent_rms_s5.npz,75944,b1d50a1ed495a9079aac893706912f88ff4df6c580737dc655c06a9e94db759a
resnet,clean_only,29,bandpass_n20004_cV4_independent_rms_s0,phase2/results/predictions/full/clean_only/resnet/seed_29/bandpass_n20004_cV4_independent_rms_s0.npz,75400,830d2c78a2c0f4d9a0b4ae0e2dab93490bf362bdd47ffa6b41565af585bb90a4
resnet,clean_only,29,bandpass_n20004_cV4_electrode_s20,phase2/results/predictions/full/clean_only/resnet/seed_29/bandpass_n20004_cV4_electrode_s20.npz,76385,6408cc1d4bb8c3590c6d6a591692c611b17a67c2f210d626502672bc20206c96
resnet,clean_only,29,bandpass_n20004_cV4_electrode_s15,phase2/results/predictions/full/clean_only/resnet/seed_29/bandpass_n20004_cV4_electrode_s15.npz,76356,98f2c540e0d5a0fe4167fc59867806e5dad340b1039630b8b248daf1c7bfa23c
resnet,clean_only,29,bandpass_n20004_cV4_electrode_s10,phase2/results/predictions/full/clean_only/resnet/seed_29/bandpass_n20004_cV4_electrode_s10.npz,76219,b2764e85718d151e7602f0789e8543a86982ddfdc03864d71d0be9c0a157128b
resnet,clean_only,29,bandpass_n20004_cV4_electrode_s5,phase2/results/predictions/full/clean_only/resnet/seed_29/bandpass_n20004_cV4_electrode_s5.npz,75973,81e796d3f2cff27de1b5182a444e2b2bc1fd9d720e61b81eed73b35fb7245ac6
resnet,clean_only,29,bandpass_n20004_cV4_electrode_s0,phase2/results/predictions/full/clean_only/resnet/seed_29/bandpass_n20004_cV4_electrode_s0.npz,75445,f014f3f413b1cd2a6e1ff012e6853f353a812f8ab9d4386737ba3335a7ea6426
resnet,clean_only,29,bandpass_n20004_cV4_covariance_s20,phase2/results/predictions/full/clean_only/resnet/seed_29/bandpass_n20004_cV4_covariance_s20.npz,76389,b6992d892e199e154fc1d5cbb3e3a9741b8b4f565848b02eaa6489ac7d7b903d
resnet,clean_only,29,bandpass_n20004_cV4_covariance_s15,phase2/results/predictions/full/clean_only/resnet/seed_29/bandpass_n20004_cV4_covariance_s15.npz,76367,84d99f4443f8a0e91d32e9a8cbd241becf0af8d4dc56fccc237510efaf62bab1
resnet,clean_only,29,bandpass_n20004_cV4_covariance_s10,phase2/results/predictions/full/clean_only/resnet/seed_29/bandpass_n20004_cV4_covariance_s10.npz,76220,d1c007dcd8cbeaf00c2b6b27d5734b8d7b76eaab6eaa27a5d907793203c1c89b
resnet,clean_only,29,bandpass_n20004_cV4_covariance_s5,phase2/results/predictions/full/clean_only/resnet/seed_29/bandpass_n20004_cV4_covariance_s5.npz,75955,725c75b87e950c1c00d281280190c9b12613c80be81682795eceb5f544e0bab3
resnet,clean_only,29,bandpass_n20004_cV4_covariance_s0,phase2/results/predictions/full/clean_only/resnet/seed_29/bandpass_n20004_cV4_covariance_s0.npz,75436,26a5500779c9de9a788d6b5dc099e29aacd36f07b9de35a35be73f29b39c8e06
resnet,clean_only,29,bandpass_n20004_cV5_independent_rms_s20,phase2/results/predictions/full/clean_only/resnet/seed_29/bandpass_n20004_cV5_independent_rms_s20.npz,76398,df46f71c660c55025b785dbb3b0691b18d7caaf182eadd9d37cfc034e6832d4b
resnet,clean_only,29,bandpass_n20004_cV5_independent_rms_s15,phase2/results/predictions/full/clean_only/resnet/seed_29/bandpass_n20004_cV5_independent_rms_s15.npz,76397,afc607343f079733870c21d87c04f3656421364ae97098ed6b17f3482297a26c
resnet,clean_only,29,bandpass_n20004_cV5_independent_rms_s10,phase2/results/predictions/full/clean_only/resnet/seed_29/bandpass_n20004_cV5_independent_rms_s10.npz,76242,9a6066dfd710d632081d841c55a9bd1109d62b23b5457066f8a846cd56b1e1bb
resnet,clean_only,29,bandpass_n20004_cV5_independent_rms_s5,phase2/results/predictions/full/clean_only/resnet/seed_29/bandpass_n20004_cV5_independent_rms_s5.npz,75933,2f39b2245a3ea360db2e6f3f8b85e2c20146c18d511f0e4a85324a9988689db0
resnet,clean_only,29,bandpass_n20004_cV5_independent_rms_s0,phase2/results/predictions/full/clean_only/resnet/seed_29/bandpass_n20004_cV5_independent_rms_s0.npz,75312,5c2e7dbb54b694b1c2c84a2f14af9771799066a606215250d212a2a31df05131
resnet,clean_only,29,bandpass_n20004_cV5_electrode_s20,phase2/results/predictions/full/clean_only/resnet/seed_29/bandpass_n20004_cV5_electrode_s20.npz,76384,8806dacc6018fa6c7784ea4dab004a90e860b17ead7e014f3b33680153bb71fe
resnet,clean_only,29,bandpass_n20004_cV5_electrode_s15,phase2/results/predictions/full/clean_only/resnet/seed_29/bandpass_n20004_cV5_electrode_s15.npz,76335,25c2209a7440bf2cc2cd4510e73da60f82db7031aee046e7f37736a6de8a90e9
resnet,clean_only,29,bandpass_n20004_cV5_electrode_s10,phase2/results/predictions/full/clean_only/resnet/seed_29/bandpass_n20004_cV5_electrode_s10.npz,76230,a0aeb6ba28265329804838a524661a8d648a200fad38cf81ca1282810e25ff57
resnet,clean_only,29,bandpass_n20004_cV5_electrode_s5,phase2/results/predictions/full/clean_only/resnet/seed_29/bandpass_n20004_cV5_electrode_s5.npz,75922,868c5fafa5831011f7306d0af4c47b83d6e43f6336f2cf6073c7452beb16defa
resnet,clean_only,29,bandpass_n20004_cV5_electrode_s0,phase2/results/predictions/full/clean_only/resnet/seed_29/bandpass_n20004_cV5_electrode_s0.npz,75294,3fa496526dcda494951531e97e9b96402d0097707073dca3da38598f430bfc09
resnet,clean_only,29,bandpass_n20004_cV5_covariance_s20,phase2/results/predictions/full/clean_only/resnet/seed_29/bandpass_n20004_cV5_covariance_s20.npz,76364,82e2cdda9cd8593f19ef46a2ea79cbbee277aeac8ff7ae94e58eb9795099bcd1
resnet,clean_only,29,bandpass_n20004_cV5_covariance_s15,phase2/results/predictions/full/clean_only/resnet/seed_29/bandpass_n20004_cV5_covariance_s15.npz,76342,fb5f36603bbad11e30a35bf986db5441a9069d7537f00e3aa24860faf74923db
resnet,clean_only,29,bandpass_n20004_cV5_covariance_s10,phase2/results/predictions/full/clean_only/resnet/seed_29/bandpass_n20004_cV5_covariance_s10.npz,76261,9e72ccc1459b480e06a51fe83fc0b574810da7a4f3bccb2997a9e2449a5b5f42
resnet,clean_only,29,bandpass_n20004_cV5_covariance_s5,phase2/results/predictions/full/clean_only/resnet/seed_29/bandpass_n20004_cV5_covariance_s5.npz,75925,f0f77936b8e5a39bb4fb1dbaa84820db2f08ad9519bdd07c7e6b9e6d2c78818d
resnet,clean_only,29,bandpass_n20004_cV5_covariance_s0,phase2/results/predictions/full/clean_only/resnet/seed_29/bandpass_n20004_cV5_covariance_s0.npz,75267,fdaf54a9586ba1d515c34154cfa44862ee5817736b8a57aadd6c618233afb161
resnet,clean_only,29,bandpass_n20004_cV6_independent_rms_s20,phase2/results/predictions/full/clean_only/resnet/seed_29/bandpass_n20004_cV6_independent_rms_s20.npz,76417,1c2da895817f0b04ad41cf2543ee0631024858ff3773fbf2b93f36c675746293
resnet,clean_only,29,bandpass_n20004_cV6_independent_rms_s15,phase2/results/predictions/full/clean_only/resnet/seed_29/bandpass_n20004_cV6_independent_rms_s15.npz,76354,7c5f2aa9c3d0d7367b1c450484efa2010e8addfab141fa8b5d1f5f52eb02106b
resnet,clean_only,29,bandpass_n20004_cV6_independent_rms_s10,phase2/results/predictions/full/clean_only/resnet/seed_29/bandpass_n20004_cV6_independent_rms_s10.npz,76217,fd70fe4ec6e9e0ac8721db1039e7ed5baffe038a77a1c019d95e638f8cf78862
resnet,clean_only,29,bandpass_n20004_cV6_independent_rms_s5,phase2/results/predictions/full/clean_only/resnet/seed_29/bandpass_n20004_cV6_independent_rms_s5.npz,75937,032758b8fa058b08d6ca9c5cbc5a4d0d8b2fec95acec6c78ad552cd781722944
resnet,clean_only,29,bandpass_n20004_cV6_independent_rms_s0,phase2/results/predictions/full/clean_only/resnet/seed_29/bandpass_n20004_cV6_independent_rms_s0.npz,75407,bfa328614077167880965e4133e1db0df6a600214b77cfa8c3598dc8946a9563
resnet,clean_only,29,bandpass_n20004_cV6_electrode_s20,phase2/results/predictions/full/clean_only/resnet/seed_29/bandpass_n20004_cV6_electrode_s20.npz,76386,edad884bb93936b9d0d061f1060280a07f5533c2bdc941f1a1a7104eca5b5371
resnet,clean_only,29,bandpass_n20004_cV6_electrode_s15,phase2/results/predictions/full/clean_only/resnet/seed_29/bandpass_n20004_cV6_electrode_s15.npz,76329,b4212df0d245dcb2d4911493a9d43d4cc3ad7774c15510d8948626d3c6270367
resnet,clean_only,29,bandpass_n20004_cV6_electrode_s10,phase2/results/predictions/full/clean_only/resnet/seed_29/bandpass_n20004_cV6_electrode_s10.npz,76205,a3f3f75a4f13181d05857cc9b5fc3744473b0e93b20517592391080b456306cf
resnet,clean_only,29,bandpass_n20004_cV6_electrode_s5,phase2/results/predictions/full/clean_only/resnet/seed_29/bandpass_n20004_cV6_electrode_s5.npz,75899,697a846db06878cd43740994dfdf4688540080072d64bfb075a21484ef82bffc
resnet,clean_only,29,bandpass_n20004_cV6_electrode_s0,phase2/results/predictions/full/clean_only/resnet/seed_29/bandpass_n20004_cV6_electrode_s0.npz,75359,726ca42d771b487e5b5c874e051f1b59bffa4256db39dbdfe5019af56cdf33f6
resnet,clean_only,29,bandpass_n20004_cV6_covariance_s20,phase2/results/predictions/full/clean_only/resnet/seed_29/bandpass_n20004_cV6_covariance_s20.npz,76365,4354a05e22b226ea8e8e9f38f5539b3d5d076887f09605be93d80b7d8c4af6ec
resnet,clean_only,29,bandpass_n20004_cV6_covariance_s15,phase2/results/predictions/full/clean_only/resnet/seed_29/bandpass_n20004_cV6_covariance_s15.npz,76322,7a8dc0987788c64f2d91660c84e997906c1c68eff87eec905ef654d2a90fe219
resnet,clean_only,29,bandpass_n20004_cV6_covariance_s10,phase2/results/predictions/full/clean_only/resnet/seed_29/bandpass_n20004_cV6_covariance_s10.npz,76192,c200881c8b40ea15cf127b5445656492e36002ab690f72f824fa5b03609bf1be
resnet,clean_only,29,bandpass_n20004_cV6_covariance_s5,phase2/results/predictions/full/clean_only/resnet/seed_29/bandpass_n20004_cV6_covariance_s5.npz,75853,c77103fd64c86cda8fe7a9777a547c4587a8a8f1dd9d83989964c9e6008d24ba
resnet,clean_only,29,bandpass_n20004_cV6_covariance_s0,phase2/results/predictions/full/clean_only/resnet/seed_29/bandpass_n20004_cV6_covariance_s0.npz,75351,752af5bbadee8b9894eb30dbd971b0abfac4ff6b525bc580a31b62fd020ce8b6
resnet,clean_only,29,bandpass_n20004_cRA_LA_independent_rms_s20,phase2/results/predictions/full/clean_only/resnet/seed_29/bandpass_n20004_cRA_LA_independent_rms_s20.npz,76391,1cbeb662b812ba0b333e57939fdc0d6121b6379d34fa63133b49365391a01b10
resnet,clean_only,29,bandpass_n20004_cRA_LA_independent_rms_s15,phase2/results/predictions/full/clean_only/resnet/seed_29/bandpass_n20004_cRA_LA_independent_rms_s15.npz,76303,defd2b00036ac60951c2c7feabdf8d204bb74c83b6075dfb837e54dda462a7c2
resnet,clean_only,29,bandpass_n20004_cRA_LA_independent_rms_s10,phase2/results/predictions/full/clean_only/resnet/seed_29/bandpass_n20004_cRA_LA_independent_rms_s10.npz,76134,ac4888a792b5a7270fcdcf87b26bb17590c7ecfabafdc5df8909e4f6f6b97f9e
resnet,clean_only,29,bandpass_n20004_cRA_LA_independent_rms_s5,phase2/results/predictions/full/clean_only/resnet/seed_29/bandpass_n20004_cRA_LA_independent_rms_s5.npz,75792,e8bac1b03e660fcbbac593d10e5c15a11be38e23800bb9fe7fb40755eb8df23e
resnet,clean_only,29,bandpass_n20004_cRA_LA_independent_rms_s0,phase2/results/predictions/full/clean_only/resnet/seed_29/bandpass_n20004_cRA_LA_independent_rms_s0.npz,75156,4d605a6e7ae9a7e3e98e631193b808c3cbfba13a85ba74d3bf95856baddb53e8
resnet,clean_only,29,bandpass_n20004_cRA_LA_electrode_s20,phase2/results/predictions/full/clean_only/resnet/seed_29/bandpass_n20004_cRA_LA_electrode_s20.npz,76387,3e47ec6ee22638330f0c17e2325ccc447097f8888ab832d03724761a2c867d4e
resnet,clean_only,29,bandpass_n20004_cRA_LA_electrode_s15,phase2/results/predictions/full/clean_only/resnet/seed_29/bandpass_n20004_cRA_LA_electrode_s15.npz,76288,0942c3505120ca0e4b4d34b539eb67d7313a61414da262c0943c1bb32de4faf3
resnet,clean_only,29,bandpass_n20004_cRA_LA_electrode_s10,phase2/results/predictions/full/clean_only/resnet/seed_29/bandpass_n20004_cRA_LA_electrode_s10.npz,76061,d017805e2d8737ba2bb8a04b55b479f81aa344f512c01f97713e17d9dbf8a1ac
resnet,clean_only,29,bandpass_n20004_cRA_LA_electrode_s5,phase2/results/predictions/full/clean_only/resnet/seed_29/bandpass_n20004_cRA_LA_electrode_s5.npz,75594,822ec414decf7a57ce47cb8f0fea9e6f2e7c0bbf4f49e22c07201edc472d6d72
resnet,clean_only,29,bandpass_n20004_cRA_LA_electrode_s0,phase2/results/predictions/full/clean_only/resnet/seed_29/bandpass_n20004_cRA_LA_electrode_s0.npz,75051,3251fa437de7c0b8092d6fa167732df5fe6f59559e4480a7cc1d0003a67bc239
resnet,clean_only,29,bandpass_n20004_cRA_LA_covariance_s20,phase2/results/predictions/full/clean_only/resnet/seed_29/bandpass_n20004_cRA_LA_covariance_s20.npz,76369,40d51a0ab01058cf07672d51e5bdc4a939ecbc0a43dd5c1259659c7b770215aa
resnet,clean_only,29,bandpass_n20004_cRA_LA_covariance_s15,phase2/results/predictions/full/clean_only/resnet/seed_29/bandpass_n20004_cRA_LA_covariance_s15.npz,76275,5ef790c6861cca8974d2f890536a0089d3cea6990dbc0afcfd9190f1887092f7
resnet,clean_only,29,bandpass_n20004_cRA_LA_covariance_s10,phase2/results/predictions/full/clean_only/resnet/seed_29/bandpass_n20004_cRA_LA_covariance_s10.npz,76060,a26a5e1079a26475082accf2d5cf4f4e06e32c5e2ec404df79c006dd28c2c870
resnet,clean_only,29,bandpass_n20004_cRA_LA_covariance_s5,phase2/results/predictions/full/clean_only/resnet/seed_29/bandpass_n20004_cRA_LA_covariance_s5.npz,75593,91777198308567bceaacb9c8e2f6c6305b956851b1e066b014e357ea29b272d2
resnet,clean_only,29,bandpass_n20004_cRA_LA_covariance_s0,phase2/results/predictions/full/clean_only/resnet/seed_29/bandpass_n20004_cRA_LA_covariance_s0.npz,75050,dba77bb2c56ca0b8a0efc8725d16a53b0cf1b4ff605ee613cb8a0113df0b6a0b
resnet,clean_only,29,bandpass_n20004_cLA_LL_independent_rms_s20,phase2/results/predictions/full/clean_only/resnet/seed_29/bandpass_n20004_cLA_LL_independent_rms_s20.npz,76374,a89ce858d866a1b56eb65fb90c9951780ec2659e5312021b33ceb887d57ffc35
resnet,clean_only,29,bandpass_n20004_cLA_LL_independent_rms_s15,phase2/results/predictions/full/clean_only/resnet/seed_29/bandpass_n20004_cLA_LL_independent_rms_s15.npz,76326,d91528bafc3abca6713fb4a64dc2bca504de9a741543ad9e1d7d2732647b3431
resnet,clean_only,29,bandpass_n20004_cLA_LL_independent_rms_s10,phase2/results/predictions/full/clean_only/resnet/seed_29/bandpass_n20004_cLA_LL_independent_rms_s10.npz,76127,dea557ae7fd2e2f2f39120428b2aee5e72c5c0b9c74b8c646ef76cdb5de1ec78
resnet,clean_only,29,bandpass_n20004_cLA_LL_independent_rms_s5,phase2/results/predictions/full/clean_only/resnet/seed_29/bandpass_n20004_cLA_LL_independent_rms_s5.npz,75775,27655d2576572490817cd71e79faf08c025420c100c8e63bdbbc2ea9bec64472
resnet,clean_only,29,bandpass_n20004_cLA_LL_independent_rms_s0,phase2/results/predictions/full/clean_only/resnet/seed_29/bandpass_n20004_cLA_LL_independent_rms_s0.npz,75187,cfa65d920aeb23855b0db86b7af03c59433589bd692f12650eb88ef1c5c7e407
resnet,clean_only,29,bandpass_n20004_cLA_LL_electrode_s20,phase2/results/predictions/full/clean_only/resnet/seed_29/bandpass_n20004_cLA_LL_electrode_s20.npz,76374,fd61f0d0e51975f82154dcedf937a742af4248c8bc92421c5297fedafc68e57f
resnet,clean_only,29,bandpass_n20004_cLA_LL_electrode_s15,phase2/results/predictions/full/clean_only/resnet/seed_29/bandpass_n20004_cLA_LL_electrode_s15.npz,76251,60ea247cce7cd9eb83b4e4ea5be19b9e85ca5fbb5ba0ac952bfa8fae62a1f7ee
resnet,clean_only,29,bandpass_n20004_cLA_LL_electrode_s10,phase2/results/predictions/full/clean_only/resnet/seed_29/bandpass_n20004_cLA_LL_electrode_s10.npz,76046,e1fb57c6fa64a82688f6ac6760b396edf5df0380de1f2435ae739ce9b430b195
resnet,clean_only,29,bandpass_n20004_cLA_LL_electrode_s5,phase2/results/predictions/full/clean_only/resnet/seed_29/bandpass_n20004_cLA_LL_electrode_s5.npz,75620,e2aabb19fe880ad02fcb03f339be74d1b39b2f37b3a8537ff1db6f534d48e138
resnet,clean_only,29,bandpass_n20004_cLA_LL_electrode_s0,phase2/results/predictions/full/clean_only/resnet/seed_29/bandpass_n20004_cLA_LL_electrode_s0.npz,75178,33127612f5cef1b16f73ebce71be5e95b611e4d2357b6f0fe5805a5b1d484ba9
resnet,clean_only,29,bandpass_n20004_cLA_LL_covariance_s20,phase2/results/predictions/full/clean_only/resnet/seed_29/bandpass_n20004_cLA_LL_covariance_s20.npz,76386,bbe8854e76bda9d119168050d1b4d13b6a2773274b5fbb784282e7494e40201c
resnet,clean_only,29,bandpass_n20004_cLA_LL_covariance_s15,phase2/results/predictions/full/clean_only/resnet/seed_29/bandpass_n20004_cLA_LL_covariance_s15.npz,76279,29601ebf6fc1a2cc080cc452977ebe2f2e68ed1cb891f5e85e204fb192e6b76e
resnet,clean_only,29,bandpass_n20004_cLA_LL_covariance_s10,phase2/results/predictions/full/clean_only/resnet/seed_29/bandpass_n20004_cLA_LL_covariance_s10.npz,76044,8ecce09f7c45233647272101b0508db6486659e62ef5a8ddbe11676dd3126ccc
resnet,clean_only,29,bandpass_n20004_cLA_LL_covariance_s5,phase2/results/predictions/full/clean_only/resnet/seed_29/bandpass_n20004_cLA_LL_covariance_s5.npz,75658,cd3f0d336e4332d6e45afc58e95fc505821438ca131466d57045c522633ef51d
resnet,clean_only,29,bandpass_n20004_cLA_LL_covariance_s0,phase2/results/predictions/full/clean_only/resnet/seed_29/bandpass_n20004_cLA_LL_covariance_s0.npz,75183,0d2410fca5e3056c5a4844d8722fffdbdf6cc83da0132744d96b042c71fc28b7
resnet,clean_only,29,bandpass_n20004_cRA_LL_independent_rms_s20,phase2/results/predictions/full/clean_only/resnet/seed_29/bandpass_n20004_cRA_LL_independent_rms_s20.npz,76425,89422af36d3068b9ba295c01fb5255ad2a9bb76f141f328ee172ede9a6bd8d7d
resnet,clean_only,29,bandpass_n20004_cRA_LL_independent_rms_s15,phase2/results/predictions/full/clean_only/resnet/seed_29/bandpass_n20004_cRA_LL_independent_rms_s15.npz,76311,e2fab7f5fff8160a32cd4dd730cb43807b5b32eaa7da216936110e1f10288559
resnet,clean_only,29,bandpass_n20004_cRA_LL_independent_rms_s10,phase2/results/predictions/full/clean_only/resnet/seed_29/bandpass_n20004_cRA_LL_independent_rms_s10.npz,76164,1c2795c0d545e84ee828acb2a0184a6012f7ed64b230acb0312e7d6286333fc4
resnet,clean_only,29,bandpass_n20004_cRA_LL_independent_rms_s5,phase2/results/predictions/full/clean_only/resnet/seed_29/bandpass_n20004_cRA_LL_independent_rms_s5.npz,75796,d7198e72c65688030719efd1027f266a1746e4ead70f1ea24787658393fbae6c
resnet,clean_only,29,bandpass_n20004_cRA_LL_independent_rms_s0,phase2/results/predictions/full/clean_only/resnet/seed_29/bandpass_n20004_cRA_LL_independent_rms_s0.npz,75179,e7dd164ad860e52625c84972ecec2c5a775391da0c66615e38106e1746f06fdb
resnet,clean_only,29,bandpass_n20004_cRA_LL_electrode_s20,phase2/results/predictions/full/clean_only/resnet/seed_29/bandpass_n20004_cRA_LL_electrode_s20.npz,76362,ce8f70113fd781ae3e8d39887d123c599c7ae6584b152c34a7dd30fb6d6b4709
resnet,clean_only,29,bandpass_n20004_cRA_LL_electrode_s15,phase2/results/predictions/full/clean_only/resnet/seed_29/bandpass_n20004_cRA_LL_electrode_s15.npz,76272,fb89c7dc86083b0e273a684cafdc28e57975430d4e853836c49b5ddb1c619a99
resnet,clean_only,29,bandpass_n20004_cRA_LL_electrode_s10,phase2/results/predictions/full/clean_only/resnet/seed_29/bandpass_n20004_cRA_LL_electrode_s10.npz,76054,7761bc28ca8114d61a8a55a6f2f0cd278866c9adb34b66d5b49cb8d71c525fb6
resnet,clean_only,29,bandpass_n20004_cRA_LL_electrode_s5,phase2/results/predictions/full/clean_only/resnet/seed_29/bandpass_n20004_cRA_LL_electrode_s5.npz,75608,b4116786ad9aa68720cba9c3203a49be91dbb5bf6c68b91692e7748884088eb7
resnet,clean_only,29,bandpass_n20004_cRA_LL_electrode_s0,phase2/results/predictions/full/clean_only/resnet/seed_29/bandpass_n20004_cRA_LL_electrode_s0.npz,75093,6d206ad8f65d34dee32e6496203f3c62ff6f1ab6b1c2618989ef7bd96ed97814
resnet,clean_only,29,bandpass_n20004_cRA_LL_covariance_s20,phase2/results/predictions/full/clean_only/resnet/seed_29/bandpass_n20004_cRA_LL_covariance_s20.npz,76375,e1406c636732541ce0dde02567baf7e089ec4deb5d686231577df4b531ff1b8d
resnet,clean_only,29,bandpass_n20004_cRA_LL_covariance_s15,phase2/results/predictions/full/clean_only/resnet/seed_29/bandpass_n20004_cRA_LL_covariance_s15.npz,76262,f7d4c06e1bc7636b122a1ef4d2bb4effd02cc6754c624b2420a7b866fcbbd3d2
resnet,clean_only,29,bandpass_n20004_cRA_LL_covariance_s10,phase2/results/predictions/full/clean_only/resnet/seed_29/bandpass_n20004_cRA_LL_covariance_s10.npz,76058,0d645510272cd508e9e64b18bc996681e5f0c30cdf401f09b696a6655da0711e
resnet,clean_only,29,bandpass_n20004_cRA_LL_covariance_s5,phase2/results/predictions/full/clean_only/resnet/seed_29/bandpass_n20004_cRA_LL_covariance_s5.npz,75592,82011b9e8fef531d3ffb73a03e0bb106e71101b239474513d94b132da4b936ca
resnet,clean_only,29,bandpass_n20004_cRA_LL_covariance_s0,phase2/results/predictions/full/clean_only/resnet/seed_29/bandpass_n20004_cRA_LL_covariance_s0.npz,75055,5425efe04e2e5580a85cbea0876b9d9447d32b5a211d7586e0530fcc52de604f
resnet,clean_only,29,bandpass_n20004_cRA_independent_rms_s20,phase2/results/predictions/full/clean_only/resnet/seed_29/bandpass_n20004_cRA_independent_rms_s20.npz,76394,d914da4b180fdc6813e7aea17cbfdc300cc41f506b06de6374f187250524b5d2
resnet,clean_only,29,bandpass_n20004_cRA_independent_rms_s15,phase2/results/predictions/full/clean_only/resnet/seed_29/bandpass_n20004_cRA_independent_rms_s15.npz,76315,226f9c7548830fb9702b022a20e582b95a4c5c31b0b52c38a9df73338797a4fa
resnet,clean_only,29,bandpass_n20004_cRA_independent_rms_s10,phase2/results/predictions/full/clean_only/resnet/seed_29/bandpass_n20004_cRA_independent_rms_s10.npz,76140,c05144754374a8e3240d98b982e96dd8558524897f80c30ad2e7fcc8c35ffb76
resnet,clean_only,29,bandpass_n20004_cRA_independent_rms_s5,phase2/results/predictions/full/clean_only/resnet/seed_29/bandpass_n20004_cRA_independent_rms_s5.npz,75732,d1c07f6a1488d60f32de94b50b7e09f9a9d8f23fed100bce23fbbf2c95178ce3
resnet,clean_only,29,bandpass_n20004_cRA_independent_rms_s0,phase2/results/predictions/full/clean_only/resnet/seed_29/bandpass_n20004_cRA_independent_rms_s0.npz,75094,4caabf1f26d64e76031e22d2bec95e1a05cfb2ad698b7f80953501a64658ef01
resnet,clean_only,29,bandpass_n20004_cRA_electrode_s20,phase2/results/predictions/full/clean_only/resnet/seed_29/bandpass_n20004_cRA_electrode_s20.npz,76340,9fa746b21ac0235a4d02fb97f11622971851d0a2dd12a9746f34b535575c941c
resnet,clean_only,29,bandpass_n20004_cRA_electrode_s15,phase2/results/predictions/full/clean_only/resnet/seed_29/bandpass_n20004_cRA_electrode_s15.npz,76275,5141c1a725be1bbfee90d7991273a858553a830129c01cdb8344244dbe9ccaa9
resnet,clean_only,29,bandpass_n20004_cRA_electrode_s10,phase2/results/predictions/full/clean_only/resnet/seed_29/bandpass_n20004_cRA_electrode_s10.npz,76045,7635e07048632e371339574db2db0ad9a8e28f33582b99d2eafad01d4909f382
resnet,clean_only,29,bandpass_n20004_cRA_electrode_s5,phase2/results/predictions/full/clean_only/resnet/seed_29/bandpass_n20004_cRA_electrode_s5.npz,75570,324ac980b9a6ea60094dcb9e81c845f4b7355f287ab08242882096990a4df918
resnet,clean_only,29,bandpass_n20004_cRA_electrode_s0,phase2/results/predictions/full/clean_only/resnet/seed_29/bandpass_n20004_cRA_electrode_s0.npz,74994,f25663a8d58e9682f9874996d86c857911fe1a83ca9fa69991ea247221c1f486
resnet,clean_only,29,bandpass_n20004_cRA_covariance_s20,phase2/results/predictions/full/clean_only/resnet/seed_29/bandpass_n20004_cRA_covariance_s20.npz,76346,77afd7e141c11bb796f9a0bc2e0a91c303b5d2b80de4e226a8fd8766fc94f43e
resnet,clean_only,29,bandpass_n20004_cRA_covariance_s15,phase2/results/predictions/full/clean_only/resnet/seed_29/bandpass_n20004_cRA_covariance_s15.npz,76303,fd7ca48b9e8d7e5bbc78dc767bcbe797bcad9b61a712e13e2be1d4b73f934c90
resnet,clean_only,29,bandpass_n20004_cRA_covariance_s10,phase2/results/predictions/full/clean_only/resnet/seed_29/bandpass_n20004_cRA_covariance_s10.npz,76027,fe10385d9ff8864da3138e55cb9ae9624c283db8b3157ac33de53b2df1456d10
resnet,clean_only,29,bandpass_n20004_cRA_covariance_s5,phase2/results/predictions/full/clean_only/resnet/seed_29/bandpass_n20004_cRA_covariance_s5.npz,75544,4d2c56b82a55e1f4fcbc544b2aa9e3321e8856d02d993e02409462ebd4a344d3
resnet,clean_only,29,bandpass_n20004_cRA_covariance_s0,phase2/results/predictions/full/clean_only/resnet/seed_29/bandpass_n20004_cRA_covariance_s0.npz,75000,762107b9c59378c3fa5b4bee18f6abef173d838f818f44f0fa217c7f55898d1a
resnet,clean_only,29,bandpass_n20004_cLA_independent_rms_s20,phase2/results/predictions/full/clean_only/resnet/seed_29/bandpass_n20004_cLA_independent_rms_s20.npz,76391,cb55cfebbc7999c5b829214f1f7de18e8cbbe42cf56c03f85b523dfeb132db41
resnet,clean_only,29,bandpass_n20004_cLA_independent_rms_s15,phase2/results/predictions/full/clean_only/resnet/seed_29/bandpass_n20004_cLA_independent_rms_s15.npz,76316,b10cd05993a9b242f5502e5e8c8c6f1a94bba551af6d59433527854222eee6dc
resnet,clean_only,29,bandpass_n20004_cLA_independent_rms_s10,phase2/results/predictions/full/clean_only/resnet/seed_29/bandpass_n20004_cLA_independent_rms_s10.npz,76145,b4ab1986fefcde9c3703fd876bd20ce8458e3393805c1637613e9e96faf59b1f
resnet,clean_only,29,bandpass_n20004_cLA_independent_rms_s5,phase2/results/predictions/full/clean_only/resnet/seed_29/bandpass_n20004_cLA_independent_rms_s5.npz,75822,ed5bd3d239cafee4348a90670fdd20f11d367a73f96d689b3069aefeeabd28a3
resnet,clean_only,29,bandpass_n20004_cLA_independent_rms_s0,phase2/results/predictions/full/clean_only/resnet/seed_29/bandpass_n20004_cLA_independent_rms_s0.npz,75203,8dfec30eb3980956521ad5f9a4acbb35c03771d99aa8fe377716ff4fe57f3da4
resnet,clean_only,29,bandpass_n20004_cLA_electrode_s20,phase2/results/predictions/full/clean_only/resnet/seed_29/bandpass_n20004_cLA_electrode_s20.npz,76366,16738388cdd20af4dc4a3937a05788dd8f13c5645f1caf18a07292549d7eb419
resnet,clean_only,29,bandpass_n20004_cLA_electrode_s15,phase2/results/predictions/full/clean_only/resnet/seed_29/bandpass_n20004_cLA_electrode_s15.npz,76300,5b008bb856b8fc16353fbb8b25eafbf45b1429ae17fb26c63ecbbd6574ab022e
resnet,clean_only,29,bandpass_n20004_cLA_electrode_s10,phase2/results/predictions/full/clean_only/resnet/seed_29/bandpass_n20004_cLA_electrode_s10.npz,76063,145bcddbb735b0ecafeb46b981ac0bb5ab28d0b7fd6f8d1f44b44446ad4ae5a2
resnet,clean_only,29,bandpass_n20004_cLA_electrode_s5,phase2/results/predictions/full/clean_only/resnet/seed_29/bandpass_n20004_cLA_electrode_s5.npz,75620,871e47bf0948835a7ad4652c18b4fc42c1360cb306d521418846627e04d1da75
resnet,clean_only,29,bandpass_n20004_cLA_electrode_s0,phase2/results/predictions/full/clean_only/resnet/seed_29/bandpass_n20004_cLA_electrode_s0.npz,75105,917b08e5ff594c78475b283bc8563de286b2aaabd7a253928b94d409c2be5e50
resnet,clean_only,29,bandpass_n20004_cLA_covariance_s20,phase2/results/predictions/full/clean_only/resnet/seed_29/bandpass_n20004_cLA_covariance_s20.npz,76378,71698208961e7c456f3302b08cbf0396c25422986b3f626482804e8f8b3e0d53
resnet,clean_only,29,bandpass_n20004_cLA_covariance_s15,phase2/results/predictions/full/clean_only/resnet/seed_29/bandpass_n20004_cLA_covariance_s15.npz,76308,306e623385a908c5f3b682b9017235d7bacea8af42734c9346d342c9a4834f17
resnet,clean_only,29,bandpass_n20004_cLA_covariance_s10,phase2/results/predictions/full/clean_only/resnet/seed_29/bandpass_n20004_cLA_covariance_s10.npz,76095,1b0568e6d4b555208a86eb69bbcf35bd2e54a6cb348de9f6147ca4c4db5f0fb1
resnet,clean_only,29,bandpass_n20004_cLA_covariance_s5,phase2/results/predictions/full/clean_only/resnet/seed_29/bandpass_n20004_cLA_covariance_s5.npz,75647,48f24e3acd2d327a150fb1654cd36f747f6533fe11bb0ea56f1f92a15cd98bf9
resnet,clean_only,29,bandpass_n20004_cLA_covariance_s0,phase2/results/predictions/full/clean_only/resnet/seed_29/bandpass_n20004_cLA_covariance_s0.npz,75105,724046c1719fc2e1df644805a1692a13c20c3c2d60ef5d4c37983cc3c6cc41b1
resnet,clean_only,29,bandpass_n20004_cLL_independent_rms_s20,phase2/results/predictions/full/clean_only/resnet/seed_29/bandpass_n20004_cLL_independent_rms_s20.npz,76370,a863b0369680e358b072659fcfed4ab1ffc5439e24ec5c794126d505a4b5e775
resnet,clean_only,29,bandpass_n20004_cLL_independent_rms_s15,phase2/results/predictions/full/clean_only/resnet/seed_29/bandpass_n20004_cLL_independent_rms_s15.npz,76362,9258f23a6c7d7f0f0ee355ccb58f1e8d968c3ae971cbe65270c9102618be125c
resnet,clean_only,29,bandpass_n20004_cLL_independent_rms_s10,phase2/results/predictions/full/clean_only/resnet/seed_29/bandpass_n20004_cLL_independent_rms_s10.npz,76170,f6b64ec2bf5c34e0ff65c203f3a1d4717539514332ce93d60e7257c4cdbc5d2b
resnet,clean_only,29,bandpass_n20004_cLL_independent_rms_s5,phase2/results/predictions/full/clean_only/resnet/seed_29/bandpass_n20004_cLL_independent_rms_s5.npz,75774,f3a6117d54ca44262c8597b68fcbe0b8c1ae1e1b1c5d71dc2d529ea1c005781a
resnet,clean_only,29,bandpass_n20004_cLL_independent_rms_s0,phase2/results/predictions/full/clean_only/resnet/seed_29/bandpass_n20004_cLL_independent_rms_s0.npz,75200,25df77d8b3b7d49100d033ca172d48b239cce86339a1543a23f4e06b048f2f68
resnet,clean_only,29,bandpass_n20004_cLL_electrode_s20,phase2/results/predictions/full/clean_only/resnet/seed_29/bandpass_n20004_cLL_electrode_s20.npz,76370,1feb12a10fb297ce4ab41abe5ca809c0cb402367ae1f35faa7846924267b3f4d
resnet,clean_only,29,bandpass_n20004_cLL_electrode_s15,phase2/results/predictions/full/clean_only/resnet/seed_29/bandpass_n20004_cLL_electrode_s15.npz,76262,aab07ae2d26b59f2684a69b319ce27068896f570220fa2bd75f59c3033e8178e
resnet,clean_only,29,bandpass_n20004_cLL_electrode_s10,phase2/results/predictions/full/clean_only/resnet/seed_29/bandpass_n20004_cLL_electrode_s10.npz,76049,8c47fec138da4e13e43d8af6fd15f945225fc21b693153110ddb6b35799f7872
resnet,clean_only,29,bandpass_n20004_cLL_electrode_s5,phase2/results/predictions/full/clean_only/resnet/seed_29/bandpass_n20004_cLL_electrode_s5.npz,75638,b051fca4e1d22b84fdbd0d24aef9b71bcc902c909d4306a3f44ae0328dde7b72
resnet,clean_only,29,bandpass_n20004_cLL_electrode_s0,phase2/results/predictions/full/clean_only/resnet/seed_29/bandpass_n20004_cLL_electrode_s0.npz,75271,708be413b6ade72ad4e6e7c31d99987ebc037ea550d5d91d930c1792f195c0a7
resnet,clean_only,29,bandpass_n20004_cLL_covariance_s20,phase2/results/predictions/full/clean_only/resnet/seed_29/bandpass_n20004_cLL_covariance_s20.npz,76328,1074c1c81215d470f596e9cfb4befe0d3e0600fba941d5f007fcb57fae58612a
resnet,clean_only,29,bandpass_n20004_cLL_covariance_s15,phase2/results/predictions/full/clean_only/resnet/seed_29/bandpass_n20004_cLL_covariance_s15.npz,76270,9160e91ab286059e540b9f955f7a9313670a20b344a14d0991fa22bfa6f14021
resnet,clean_only,29,bandpass_n20004_cLL_covariance_s10,phase2/results/predictions/full/clean_only/resnet/seed_29/bandpass_n20004_cLL_covariance_s10.npz,76040,5ace1793546682296756411165badb021d5fc8712aa15be60ad7b448825fe83a
resnet,clean_only,29,bandpass_n20004_cLL_covariance_s5,phase2/results/predictions/full/clean_only/resnet/seed_29/bandpass_n20004_cLL_covariance_s5.npz,75634,8b181edd00a325b5cd5ad53aff345dd3d315f88106475b10c2fab09141b8d058
resnet,clean_only,29,bandpass_n20004_cLL_covariance_s0,phase2/results/predictions/full/clean_only/resnet/seed_29/bandpass_n20004_cLL_covariance_s0.npz,75238,38cb88c485d5841d707ef374f2e4b955423fa801e557c744f3a074126352da61
resnet,clean_only,29,bandpass_n20004_cRA_V1_independent_rms_s20,phase2/results/predictions/full/clean_only/resnet/seed_29/bandpass_n20004_cRA_V1_independent_rms_s20.npz,76408,0a782662155696d6ea2361864ae1b94d63c13114c7cc12b3128a9e2c78375ca4
resnet,clean_only,29,bandpass_n20004_cRA_V1_independent_rms_s15,phase2/results/predictions/full/clean_only/resnet/seed_29/bandpass_n20004_cRA_V1_independent_rms_s15.npz,76335,f672d29fcb33e5ea331fbc5df6ec726ef00319c6e2b2d312d0328d6e5aaf773e
resnet,clean_only,29,bandpass_n20004_cRA_V1_independent_rms_s10,phase2/results/predictions/full/clean_only/resnet/seed_29/bandpass_n20004_cRA_V1_independent_rms_s10.npz,76152,538231da63d60b69abc0c6c27d65c7538f6d6c9ca0917774f82459f3bc8d7203
resnet,clean_only,29,bandpass_n20004_cRA_V1_independent_rms_s5,phase2/results/predictions/full/clean_only/resnet/seed_29/bandpass_n20004_cRA_V1_independent_rms_s5.npz,75721,8dc755b4796dbf71bd3835ff41fb41132aded730125471fb7180f1fc15c87402
resnet,clean_only,29,bandpass_n20004_cRA_V1_independent_rms_s0,phase2/results/predictions/full/clean_only/resnet/seed_29/bandpass_n20004_cRA_V1_independent_rms_s0.npz,75140,402c551c8108a11dc76da277144abdcbb11aab69195f945997edcd2ef4d5fbca
resnet,clean_only,29,bandpass_n20004_cRA_V1_electrode_s20,phase2/results/predictions/full/clean_only/resnet/seed_29/bandpass_n20004_cRA_V1_electrode_s20.npz,76371,68f88d73f0b7b315094fae0cd03a57f13e0a8ebdd2dfe625f9ceb06ba7146244
resnet,clean_only,29,bandpass_n20004_cRA_V1_electrode_s15,phase2/results/predictions/full/clean_only/resnet/seed_29/bandpass_n20004_cRA_V1_electrode_s15.npz,76285,88621cd8e7382e8d5983c74f0048bfecf7a540dc034801893fbb4724400c6f18
resnet,clean_only,29,bandpass_n20004_cRA_V1_electrode_s10,phase2/results/predictions/full/clean_only/resnet/seed_29/bandpass_n20004_cRA_V1_electrode_s10.npz,76071,4c5de4b3a0e76acb6ea4fe2cb3e176f6b33a58b3f6daa77e92920dbc23550ea3
resnet,clean_only,29,bandpass_n20004_cRA_V1_electrode_s5,phase2/results/predictions/full/clean_only/resnet/seed_29/bandpass_n20004_cRA_V1_electrode_s5.npz,75603,a4e72a3e25a2a4e540dc5d5e2d28c470ae26c42c19f708edf7faf8851934e2b0
resnet,clean_only,29,bandpass_n20004_cRA_V1_electrode_s0,phase2/results/predictions/full/clean_only/resnet/seed_29/bandpass_n20004_cRA_V1_electrode_s0.npz,74982,461c59e4b8f079021fc5f41f2b78b63f75d53c501363e02ba32deea01b1326de
resnet,clean_only,29,bandpass_n20004_cRA_V1_covariance_s20,phase2/results/predictions/full/clean_only/resnet/seed_29/bandpass_n20004_cRA_V1_covariance_s20.npz,76392,0f8f18501f8a8a2ad784df8c8ad7e8031817e8f20c77017362906ebe0aa3b640
resnet,clean_only,29,bandpass_n20004_cRA_V1_covariance_s15,phase2/results/predictions/full/clean_only/resnet/seed_29/bandpass_n20004_cRA_V1_covariance_s15.npz,76309,22e790647aaeb8a9af6e27111c7fe7b9aaebed17b18b488dad7445af21b00890
resnet,clean_only,29,bandpass_n20004_cRA_V1_covariance_s10,phase2/results/predictions/full/clean_only/resnet/seed_29/bandpass_n20004_cRA_V1_covariance_s10.npz,76072,746f15220c3d4ab61d0090d82aca99f165950e5ce82b2af19f6e25a22fb711a1
resnet,clean_only,29,bandpass_n20004_cRA_V1_covariance_s5,phase2/results/predictions/full/clean_only/resnet/seed_29/bandpass_n20004_cRA_V1_covariance_s5.npz,75579,6c17316cd5b8a313441a4bb74dfa08e6f994279a77eed51c4c7b80e752c976ce
resnet,clean_only,29,bandpass_n20004_cRA_V1_covariance_s0,phase2/results/predictions/full/clean_only/resnet/seed_29/bandpass_n20004_cRA_V1_covariance_s0.npz,74985,3058a1d0e81ea755a1a458f84a2f2c400a1b98b6455a5664a47b767ebf4b1c86
resnet,clean_only,29,bandpass_n20004_cLA_V6_independent_rms_s20,phase2/results/predictions/full/clean_only/resnet/seed_29/bandpass_n20004_cLA_V6_independent_rms_s20.npz,76414,e8322229296c920e732954b3f5893834ab63f8b872626d935e4614c733fc96fc
resnet,clean_only,29,bandpass_n20004_cLA_V6_independent_rms_s15,phase2/results/predictions/full/clean_only/resnet/seed_29/bandpass_n20004_cLA_V6_independent_rms_s15.npz,76357,83899a998da6a0152c532a43fc83115a342d72b15f5c03c323cb91b374f08375
resnet,clean_only,29,bandpass_n20004_cLA_V6_independent_rms_s10,phase2/results/predictions/full/clean_only/resnet/seed_29/bandpass_n20004_cLA_V6_independent_rms_s10.npz,76164,d17df2584f45428c812ab8e0ea0e084b7d401fbd7c7281b2ce424f5f6dc73858
resnet,clean_only,29,bandpass_n20004_cLA_V6_independent_rms_s5,phase2/results/predictions/full/clean_only/resnet/seed_29/bandpass_n20004_cLA_V6_independent_rms_s5.npz,75811,4b2b86df438300bc42136da1ae52a6e695ea6a7cf7bdd4aadfa55b9795a8917e
resnet,clean_only,29,bandpass_n20004_cLA_V6_independent_rms_s0,phase2/results/predictions/full/clean_only/resnet/seed_29/bandpass_n20004_cLA_V6_independent_rms_s0.npz,75257,ed8a0db9928a915209c74d40c7dbf961becc4f9bf0e5c8786ef309cd95e9f9e0
resnet,clean_only,29,bandpass_n20004_cLA_V6_electrode_s20,phase2/results/predictions/full/clean_only/resnet/seed_29/bandpass_n20004_cLA_V6_electrode_s20.npz,76379,b73c49533611f0596592dd453f663744cf07074f584a25f431362f4b78b0144a
resnet,clean_only,29,bandpass_n20004_cLA_V6_electrode_s15,phase2/results/predictions/full/clean_only/resnet/seed_29/bandpass_n20004_cLA_V6_electrode_s15.npz,76310,002757b28de24b59a34b2eac85aeae5373a457017acd1ab08c9fb3cb2140fe43
resnet,clean_only,29,bandpass_n20004_cLA_V6_electrode_s10,phase2/results/predictions/full/clean_only/resnet/seed_29/bandpass_n20004_cLA_V6_electrode_s10.npz,76162,7ec76afa03d3813a0750d4bebea84cf6aeff2a53d3ea485289f1b75790578143
resnet,clean_only,29,bandpass_n20004_cLA_V6_electrode_s5,phase2/results/predictions/full/clean_only/resnet/seed_29/bandpass_n20004_cLA_V6_electrode_s5.npz,75712,83e9b7c3196bc5b78a22d0054bf947592bde0134695f96482263dbdd3a542632
resnet,clean_only,29,bandpass_n20004_cLA_V6_electrode_s0,phase2/results/predictions/full/clean_only/resnet/seed_29/bandpass_n20004_cLA_V6_electrode_s0.npz,75145,48378fa9e10415f823d81da0c35601bb1d280f4227ec3876877dc62287ecc16e
resnet,clean_only,29,bandpass_n20004_cLA_V6_covariance_s20,phase2/results/predictions/full/clean_only/resnet/seed_29/bandpass_n20004_cLA_V6_covariance_s20.npz,76409,c5f424fd3dc19905ba606ed0582d82b793ea443163f8362d81dc358f19f48629
resnet,clean_only,29,bandpass_n20004_cLA_V6_covariance_s15,phase2/results/predictions/full/clean_only/resnet/seed_29/bandpass_n20004_cLA_V6_covariance_s15.npz,76333,63d3002cc7b0a26c59b002a1f769700a3d57f88e17ac5379ef67fe57c86aad72
resnet,clean_only,29,bandpass_n20004_cLA_V6_covariance_s10,phase2/results/predictions/full/clean_only/resnet/seed_29/bandpass_n20004_cLA_V6_covariance_s10.npz,76125,fe54b5229fc713ba1464b01ee0ed2801f4b66543d9a3616a037eded4437de42b
resnet,clean_only,29,bandpass_n20004_cLA_V6_covariance_s5,phase2/results/predictions/full/clean_only/resnet/seed_29/bandpass_n20004_cLA_V6_covariance_s5.npz,75696,6aa18d16ce9f9cba44782538c7190b1512b93115278d487eafcbd66b7cc845fd
resnet,clean_only,29,bandpass_n20004_cLA_V6_covariance_s0,phase2/results/predictions/full/clean_only/resnet/seed_29/bandpass_n20004_cLA_V6_covariance_s0.npz,75166,2eb95b8a8c92260e279fd07b172c16600ae0f474f68b334c592b4ceee3b7767e
resnet,clean_only,29,bandpass_n20004_cLL_V4_independent_rms_s20,phase2/results/predictions/full/clean_only/resnet/seed_29/bandpass_n20004_cLL_V4_independent_rms_s20.npz,76423,a83897b21b0c5da51c25721700ea5e13ed2462e7c6d91d2b4ed75bce08ee36ea
resnet,clean_only,29,bandpass_n20004_cLL_V4_independent_rms_s15,phase2/results/predictions/full/clean_only/resnet/seed_29/bandpass_n20004_cLL_V4_independent_rms_s15.npz,76342,5bd3a1b7d221a08b643cd3ab0094bf24b51a294e59cb2d95d240aba75549c5db
resnet,clean_only,29,bandpass_n20004_cLL_V4_independent_rms_s10,phase2/results/predictions/full/clean_only/resnet/seed_29/bandpass_n20004_cLL_V4_independent_rms_s10.npz,76192,5aad7c6305a3ffee169ec170f6b8200bc6d9f0aec8ade18bf06d90044230719a
resnet,clean_only,29,bandpass_n20004_cLL_V4_independent_rms_s5,phase2/results/predictions/full/clean_only/resnet/seed_29/bandpass_n20004_cLL_V4_independent_rms_s5.npz,75841,bf2caa4351948155e90879bd87c827e93c6dfd1254cb46ca88d6b6d592fbf1c3
resnet,clean_only,29,bandpass_n20004_cLL_V4_independent_rms_s0,phase2/results/predictions/full/clean_only/resnet/seed_29/bandpass_n20004_cLL_V4_independent_rms_s0.npz,75202,75055bb6f86720b55ed16c310e36f48a4a77a6711f0f79ca05febe24769a0e05
resnet,clean_only,29,bandpass_n20004_cLL_V4_electrode_s20,phase2/results/predictions/full/clean_only/resnet/seed_29/bandpass_n20004_cLL_V4_electrode_s20.npz,76345,730ad2cad8fb08a8a7b2a3cafca2a2ce9b6e028b7371271ed9a731f47dffa3e6
resnet,clean_only,29,bandpass_n20004_cLL_V4_electrode_s15,phase2/results/predictions/full/clean_only/resnet/seed_29/bandpass_n20004_cLL_V4_electrode_s15.npz,76307,eac93a5e4025a0a384a9570a568cb4cee12d952c5a15ac91bd2555adb31ccd42
resnet,clean_only,29,bandpass_n20004_cLL_V4_electrode_s10,phase2/results/predictions/full/clean_only/resnet/seed_29/bandpass_n20004_cLL_V4_electrode_s10.npz,76056,435b621373701388dc7bcf0a8b8ca9883c325feb6a927a480b6fbc51945388f5
resnet,clean_only,29,bandpass_n20004_cLL_V4_electrode_s5,phase2/results/predictions/full/clean_only/resnet/seed_29/bandpass_n20004_cLL_V4_electrode_s5.npz,75701,eb9324b94a15478d18be28fc7240ae3113119ab09ef1e24f334a93579bc65311
resnet,clean_only,29,bandpass_n20004_cLL_V4_electrode_s0,phase2/results/predictions/full/clean_only/resnet/seed_29/bandpass_n20004_cLL_V4_electrode_s0.npz,75225,397b58928f62c661ada8219288957ff113d6d92cad965821512e7b4ac76badce
resnet,clean_only,29,bandpass_n20004_cLL_V4_covariance_s20,phase2/results/predictions/full/clean_only/resnet/seed_29/bandpass_n20004_cLL_V4_covariance_s20.npz,76389,514f55f51031ac1109dc44c0a19629c92e2b763ffaed173c4744780b7ea4725b
resnet,clean_only,29,bandpass_n20004_cLL_V4_covariance_s15,phase2/results/predictions/full/clean_only/resnet/seed_29/bandpass_n20004_cLL_V4_covariance_s15.npz,76291,91a96a60a420f39944ceeb1e435ba80153996c0f6b85de4d2fa4022f56d771d8
resnet,clean_only,29,bandpass_n20004_cLL_V4_covariance_s10,phase2/results/predictions/full/clean_only/resnet/seed_29/bandpass_n20004_cLL_V4_covariance_s10.npz,76058,3607936030709f348062b81d3c040b6fcb3e23f4a41e06149ce12e6baee4e83f
resnet,clean_only,29,bandpass_n20004_cLL_V4_covariance_s5,phase2/results/predictions/full/clean_only/resnet/seed_29/bandpass_n20004_cLL_V4_covariance_s5.npz,75678,d619f0adb7191dc6633c6325b480435fffa02c91231220220972c3c71fd6198b
resnet,clean_only,29,bandpass_n20004_cLL_V4_covariance_s0,phase2/results/predictions/full/clean_only/resnet/seed_29/bandpass_n20004_cLL_V4_covariance_s0.npz,75259,9d12a658b044a21dfdf1812acc876b9449eaa7b4066799cded8b783b709d6478
resnet,clean_only,29,bandpass_n20004_cRA_LA_V1_V6_independent_rms_s20,phase2/results/predictions/full/clean_only/resnet/seed_29/bandpass_n20004_cRA_LA_V1_V6_independent_rms_s20.npz,76424,2f3ed794ab4327c99e782cdbc1330d70de2d047f85c7ad4a7371248efcf8cb90
resnet,clean_only,29,bandpass_n20004_cRA_LA_V1_V6_independent_rms_s15,phase2/results/predictions/full/clean_only/resnet/seed_29/bandpass_n20004_cRA_LA_V1_V6_independent_rms_s15.npz,76347,cbdd214ca5c740d32d60efc320b770b61d5fa2850760867914d045bc6f250ca8
resnet,clean_only,29,bandpass_n20004_cRA_LA_V1_V6_independent_rms_s10,phase2/results/predictions/full/clean_only/resnet/seed_29/bandpass_n20004_cRA_LA_V1_V6_independent_rms_s10.npz,76163,03d02ead120013e196bbe703cca10d63759277c8dc0c0b84a03923841bc6a09c
resnet,clean_only,29,bandpass_n20004_cRA_LA_V1_V6_independent_rms_s5,phase2/results/predictions/full/clean_only/resnet/seed_29/bandpass_n20004_cRA_LA_V1_V6_independent_rms_s5.npz,75784,29736e6bf4103d9623fe6f093315e0000fbe0195e214da48aac4d89f81a7e08d
resnet,clean_only,29,bandpass_n20004_cRA_LA_V1_V6_independent_rms_s0,phase2/results/predictions/full/clean_only/resnet/seed_29/bandpass_n20004_cRA_LA_V1_V6_independent_rms_s0.npz,75160,72a92a3ae80024616c762717cae9dcd85276e42d60e04cb5174af1ff9f4836af
resnet,clean_only,29,bandpass_n20004_cRA_LA_V1_V6_electrode_s20,phase2/results/predictions/full/clean_only/resnet/seed_29/bandpass_n20004_cRA_LA_V1_V6_electrode_s20.npz,76412,5f470113dd0aa35048cf575879602a1343be47c3b85e3becbb0b2a11ffd3e127
resnet,clean_only,29,bandpass_n20004_cRA_LA_V1_V6_electrode_s15,phase2/results/predictions/full/clean_only/resnet/seed_29/bandpass_n20004_cRA_LA_V1_V6_electrode_s15.npz,76316,b9aee918bf45c615d698ffad3c563ea448cc27f2cb69211977950175496a9483
resnet,clean_only,29,bandpass_n20004_cRA_LA_V1_V6_electrode_s10,phase2/results/predictions/full/clean_only/resnet/seed_29/bandpass_n20004_cRA_LA_V1_V6_electrode_s10.npz,76104,be8203acafdb06dea106eb303982fcb88f6533729f17e4f72871b4f0cbd4cd7b
resnet,clean_only,29,bandpass_n20004_cRA_LA_V1_V6_electrode_s5,phase2/results/predictions/full/clean_only/resnet/seed_29/bandpass_n20004_cRA_LA_V1_V6_electrode_s5.npz,75634,1f04da24a1b531fb619182afd3e73a776fd6e0d0cd8492470741692f11425fc8
resnet,clean_only,29,bandpass_n20004_cRA_LA_V1_V6_electrode_s0,phase2/results/predictions/full/clean_only/resnet/seed_29/bandpass_n20004_cRA_LA_V1_V6_electrode_s0.npz,75053,4338249f116ceb35faf895ee59f04daca560b56cadf263813830223dfa1c2d74
resnet,clean_only,29,bandpass_n20004_cRA_LA_V1_V6_covariance_s20,phase2/results/predictions/full/clean_only/resnet/seed_29/bandpass_n20004_cRA_LA_V1_V6_covariance_s20.npz,76369,14f691e939e039e4677301b8b37753ec444aad153c8541cc661448611ecf9985
resnet,clean_only,29,bandpass_n20004_cRA_LA_V1_V6_covariance_s15,phase2/results/predictions/full/clean_only/resnet/seed_29/bandpass_n20004_cRA_LA_V1_V6_covariance_s15.npz,76309,4bb90ad140b72f2572cee8fc0dd43f6e390a88ec29cc149c5c9736cf7d597e08
resnet,clean_only,29,bandpass_n20004_cRA_LA_V1_V6_covariance_s10,phase2/results/predictions/full/clean_only/resnet/seed_29/bandpass_n20004_cRA_LA_V1_V6_covariance_s10.npz,76112,7ff4e0c66189167ec08fdcfc719b6637849a4c8679999c4a4bd9326788a2e560
resnet,clean_only,29,bandpass_n20004_cRA_LA_V1_V6_covariance_s5,phase2/results/predictions/full/clean_only/resnet/seed_29/bandpass_n20004_cRA_LA_V1_V6_covariance_s5.npz,75678,e81655eb13e1b9d4dee6aa94d344aa55f66502072eae962ace1cf0cce9b0b479
resnet,clean_only,29,bandpass_n20004_cRA_LA_V1_V6_covariance_s0,phase2/results/predictions/full/clean_only/resnet/seed_29/bandpass_n20004_cRA_LA_V1_V6_covariance_s0.npz,75044,1c56537f53a632c18ba83ab0fd4fe32bd8ad038cb2da408cf138ae82d317180d
resnet,clean_only,29,bandpass_n20004_cRA_V2_V5_independent_rms_s20,phase2/results/predictions/full/clean_only/resnet/seed_29/bandpass_n20004_cRA_V2_V5_independent_rms_s20.npz,76392,1384271a6ef2529fc6bf4b6cadc169c94488a52fd406749017539e33fec337f8
resnet,clean_only,29,bandpass_n20004_cRA_V2_V5_independent_rms_s15,phase2/results/predictions/full/clean_only/resnet/seed_29/bandpass_n20004_cRA_V2_V5_independent_rms_s15.npz,76337,3a9a422a398081f92cc942fb64ed8f42842851cb7c4cdb7711fabbbf0f72e973
resnet,clean_only,29,bandpass_n20004_cRA_V2_V5_independent_rms_s10,phase2/results/predictions/full/clean_only/resnet/seed_29/bandpass_n20004_cRA_V2_V5_independent_rms_s10.npz,76183,de650c465d6c967183d2d939ff54e8180786548c966e5c0c35dad582062573ad
resnet,clean_only,29,bandpass_n20004_cRA_V2_V5_independent_rms_s5,phase2/results/predictions/full/clean_only/resnet/seed_29/bandpass_n20004_cRA_V2_V5_independent_rms_s5.npz,75811,1782dd5e5c4f50385d49e14b2d22113f1ccae7e4dee2decc15ef23f6af280de2
resnet,clean_only,29,bandpass_n20004_cRA_V2_V5_independent_rms_s0,phase2/results/predictions/full/clean_only/resnet/seed_29/bandpass_n20004_cRA_V2_V5_independent_rms_s0.npz,75152,31278c5f71573c1a338770279cba51b0935b246c791e36ab857f06ffc7a241f9
resnet,clean_only,29,bandpass_n20004_cRA_V2_V5_electrode_s20,phase2/results/predictions/full/clean_only/resnet/seed_29/bandpass_n20004_cRA_V2_V5_electrode_s20.npz,76399,c6b876405d8712ba2f02e214c9d8901a3f27a585e331b4798be419dcbe19b2e6
resnet,clean_only,29,bandpass_n20004_cRA_V2_V5_electrode_s15,phase2/results/predictions/full/clean_only/resnet/seed_29/bandpass_n20004_cRA_V2_V5_electrode_s15.npz,76315,8bc2dfb1b4c75ec46def88627d4ec1662a5e0f01f035b6f212471be284097769
resnet,clean_only,29,bandpass_n20004_cRA_V2_V5_electrode_s10,phase2/results/predictions/full/clean_only/resnet/seed_29/bandpass_n20004_cRA_V2_V5_electrode_s10.npz,76139,f6c41d22bb6af758de28cffe12bc6a81bba6c7df24a78cef681d489de685cdf7
resnet,clean_only,29,bandpass_n20004_cRA_V2_V5_electrode_s5,phase2/results/predictions/full/clean_only/resnet/seed_29/bandpass_n20004_cRA_V2_V5_electrode_s5.npz,75663,a89b09f23b73e95c8d1986c20fdf8bc287e8a6ca8e608e505299e31293d90788
resnet,clean_only,29,bandpass_n20004_cRA_V2_V5_electrode_s0,phase2/results/predictions/full/clean_only/resnet/seed_29/bandpass_n20004_cRA_V2_V5_electrode_s0.npz,75009,1707843bc13a61f1c2ab172e1f8ffda39f7b248c45d469bd13742a144361e2cd
resnet,clean_only,29,bandpass_n20004_cRA_V2_V5_covariance_s20,phase2/results/predictions/full/clean_only/resnet/seed_29/bandpass_n20004_cRA_V2_V5_covariance_s20.npz,76383,9838a280f1c81c327bdf395e5170183575190914b7da3ed9ad710f19ef9c3e90
resnet,clean_only,29,bandpass_n20004_cRA_V2_V5_covariance_s15,phase2/results/predictions/full/clean_only/resnet/seed_29/bandpass_n20004_cRA_V2_V5_covariance_s15.npz,76313,7bcc1339b06d2a5a770b6d7dd770f3dcceef6cad7931c6b3bb8c3cdb144f9972
resnet,clean_only,29,bandpass_n20004_cRA_V2_V5_covariance_s10,phase2/results/predictions/full/clean_only/resnet/seed_29/bandpass_n20004_cRA_V2_V5_covariance_s10.npz,76078,b990864d7b5922f9205bd37704c3c316a9c3b1931df6a16ebb2bd142e61fdaa9
resnet,clean_only,29,bandpass_n20004_cRA_V2_V5_covariance_s5,phase2/results/predictions/full/clean_only/resnet/seed_29/bandpass_n20004_cRA_V2_V5_covariance_s5.npz,75634,e8ab59c52a819b724d4332f3cb979892b8926bd5e381d3590f79a453453653dc
resnet,clean_only,29,bandpass_n20004_cRA_V2_V5_covariance_s0,phase2/results/predictions/full/clean_only/resnet/seed_29/bandpass_n20004_cRA_V2_V5_covariance_s0.npz,75029,2c5a35f3abd1e11e94c2a94ecec2335151f5b5cb7810a027b3601419adcbf622
resnet,clean_only,29,bandpass_n20004_cLA_V3_V6_independent_rms_s20,phase2/results/predictions/full/clean_only/resnet/seed_29/bandpass_n20004_cLA_V3_V6_independent_rms_s20.npz,76394,161d977aa058dc9cc1231a5e0a6e8fbb7ec706d49e73ba695717092e229cb2c2
resnet,clean_only,29,bandpass_n20004_cLA_V3_V6_independent_rms_s15,phase2/results/predictions/full/clean_only/resnet/seed_29/bandpass_n20004_cLA_V3_V6_independent_rms_s15.npz,76368,173b397ca6079df206a815b9c136c865b15a940fdc3a0eb0397a966697711d44
resnet,clean_only,29,bandpass_n20004_cLA_V3_V6_independent_rms_s10,phase2/results/predictions/full/clean_only/resnet/seed_29/bandpass_n20004_cLA_V3_V6_independent_rms_s10.npz,76207,a3c1353195ec1747e01f895f2e1990217b5750301d98948dbab85379a2184f46
resnet,clean_only,29,bandpass_n20004_cLA_V3_V6_independent_rms_s5,phase2/results/predictions/full/clean_only/resnet/seed_29/bandpass_n20004_cLA_V3_V6_independent_rms_s5.npz,75863,518ed1126dcbdb0ba22c7f04898b391cd41de57e94ccd1ef172d9c4509419ba2
resnet,clean_only,29,bandpass_n20004_cLA_V3_V6_independent_rms_s0,phase2/results/predictions/full/clean_only/resnet/seed_29/bandpass_n20004_cLA_V3_V6_independent_rms_s0.npz,75242,8c6724179626125d070453f0906cfc86edd6bfeb63d4ed39b4c56aa33a1e99d5
resnet,clean_only,29,bandpass_n20004_cLA_V3_V6_electrode_s20,phase2/results/predictions/full/clean_only/resnet/seed_29/bandpass_n20004_cLA_V3_V6_electrode_s20.npz,76395,c0ff90e479c59410924dbad7d5a7e25a60006f14dbbdd5e59d43c577d56c9f8b
resnet,clean_only,29,bandpass_n20004_cLA_V3_V6_electrode_s15,phase2/results/predictions/full/clean_only/resnet/seed_29/bandpass_n20004_cLA_V3_V6_electrode_s15.npz,76321,4b84f38868217ac72b741d7116d4bf1de5f80f2a9185dbd43c37ae50c86408bc
resnet,clean_only,29,bandpass_n20004_cLA_V3_V6_electrode_s10,phase2/results/predictions/full/clean_only/resnet/seed_29/bandpass_n20004_cLA_V3_V6_electrode_s10.npz,76209,2908c38812e6dcdeef40342c23f39406da375f5ed2eb24a609db92a360d4078c
resnet,clean_only,29,bandpass_n20004_cLA_V3_V6_electrode_s5,phase2/results/predictions/full/clean_only/resnet/seed_29/bandpass_n20004_cLA_V3_V6_electrode_s5.npz,75735,881a4eae0916d9eb7d1ba8de55d3b9d8f6f0b3105a918cf8ae0bd10b8cdf2cdf
resnet,clean_only,29,bandpass_n20004_cLA_V3_V6_electrode_s0,phase2/results/predictions/full/clean_only/resnet/seed_29/bandpass_n20004_cLA_V3_V6_electrode_s0.npz,75175,7372e836720ec18f0ec68b73000fa74a3f2d25d8e9e4bef9bdc3665f2a23f216
resnet,clean_only,29,bandpass_n20004_cLA_V3_V6_covariance_s20,phase2/results/predictions/full/clean_only/resnet/seed_29/bandpass_n20004_cLA_V3_V6_covariance_s20.npz,76390,7939e38d03a9ffdfffb977d9b02a4cd5c21550802477a39ca0003cc1d2738703
resnet,clean_only,29,bandpass_n20004_cLA_V3_V6_covariance_s15,phase2/results/predictions/full/clean_only/resnet/seed_29/bandpass_n20004_cLA_V3_V6_covariance_s15.npz,76336,c6dbdcd0d800814f6dbd650ad2a1e4e5b950a7bd0b8d7ce39a677c1c22ad3ec4
resnet,clean_only,29,bandpass_n20004_cLA_V3_V6_covariance_s10,phase2/results/predictions/full/clean_only/resnet/seed_29/bandpass_n20004_cLA_V3_V6_covariance_s10.npz,76125,10905d3e1f7b4fa6c84b6e1d253f28a647ef2b24c97efe6aec02e7305fe34b39
resnet,clean_only,29,bandpass_n20004_cLA_V3_V6_covariance_s5,phase2/results/predictions/full/clean_only/resnet/seed_29/bandpass_n20004_cLA_V3_V6_covariance_s5.npz,75772,dadaae86e0a6226bbdc77468de31d2b6618887f453f2ac5694ac593fd9340161
resnet,clean_only,29,bandpass_n20004_cLA_V3_V6_covariance_s0,phase2/results/predictions/full/clean_only/resnet/seed_29/bandpass_n20004_cLA_V3_V6_covariance_s0.npz,75195,b30b660927f1a75a88d2c41c5eccf290828c38613caadda9e5b12da58b9ccfe5
resnet,clean_only,29,bandpass_n20004_cLL_V1_V4_independent_rms_s20,phase2/results/predictions/full/clean_only/resnet/seed_29/bandpass_n20004_cLL_V1_V4_independent_rms_s20.npz,76428,8401f3d906cee3393ed9dc43cf750a8ea93bed416cc206a22c6313192bdfa745
resnet,clean_only,29,bandpass_n20004_cLL_V1_V4_independent_rms_s15,phase2/results/predictions/full/clean_only/resnet/seed_29/bandpass_n20004_cLL_V1_V4_independent_rms_s15.npz,76351,8355b6bec7d7dc9549d2c9e023563b85bfe9c0f6ec8540f2cee8f0c9feea83d9
resnet,clean_only,29,bandpass_n20004_cLL_V1_V4_independent_rms_s10,phase2/results/predictions/full/clean_only/resnet/seed_29/bandpass_n20004_cLL_V1_V4_independent_rms_s10.npz,76168,db37a80ac9781240804fe1ba0d94867cc8c2b48acab143c6897363e62d7d5bda
resnet,clean_only,29,bandpass_n20004_cLL_V1_V4_independent_rms_s5,phase2/results/predictions/full/clean_only/resnet/seed_29/bandpass_n20004_cLL_V1_V4_independent_rms_s5.npz,75841,52851ed45107b812ecfb0425878d9891ed7d847b4320d6d2c5e4acd606a65fbd
resnet,clean_only,29,bandpass_n20004_cLL_V1_V4_independent_rms_s0,phase2/results/predictions/full/clean_only/resnet/seed_29/bandpass_n20004_cLL_V1_V4_independent_rms_s0.npz,75190,3dcf1124c136383d1e8a069a59389e40ca86a31fdbd7382d269b17f0687f6cf4
resnet,clean_only,29,bandpass_n20004_cLL_V1_V4_electrode_s20,phase2/results/predictions/full/clean_only/resnet/seed_29/bandpass_n20004_cLL_V1_V4_electrode_s20.npz,76407,6fde40e49fba912dba04f67bcd6fd01253d3097e17304d6b8935b1715e36f83f
resnet,clean_only,29,bandpass_n20004_cLL_V1_V4_electrode_s15,phase2/results/predictions/full/clean_only/resnet/seed_29/bandpass_n20004_cLL_V1_V4_electrode_s15.npz,76316,d486660b6bab64a33c7b89be14778e0c2bdc1d2fa4e7ae556250b7229aa05ac4
resnet,clean_only,29,bandpass_n20004_cLL_V1_V4_electrode_s10,phase2/results/predictions/full/clean_only/resnet/seed_29/bandpass_n20004_cLL_V1_V4_electrode_s10.npz,76074,97cdb4560602e664c4d7f06747c7a028076937c1192bffdcb5860b5a6aa0c22c
resnet,clean_only,29,bandpass_n20004_cLL_V1_V4_electrode_s5,phase2/results/predictions/full/clean_only/resnet/seed_29/bandpass_n20004_cLL_V1_V4_electrode_s5.npz,75657,6eb62ae749f34ce807cb5bd20be0bdf1aeb2de6c1d463e0491fadb76ab353bad
resnet,clean_only,29,bandpass_n20004_cLL_V1_V4_electrode_s0,phase2/results/predictions/full/clean_only/resnet/seed_29/bandpass_n20004_cLL_V1_V4_electrode_s0.npz,75209,9f60d0d5daf66cf214ca1063ce16c1a3925bb835053b1eeac5dcec66ff05d44b
resnet,clean_only,29,bandpass_n20004_cLL_V1_V4_covariance_s20,phase2/results/predictions/full/clean_only/resnet/seed_29/bandpass_n20004_cLL_V1_V4_covariance_s20.npz,76385,fc16ec71323defbd3624b79e78e8045d9b6df992b47a2be0f348915d3847c3ee
resnet,clean_only,29,bandpass_n20004_cLL_V1_V4_covariance_s15,phase2/results/predictions/full/clean_only/resnet/seed_29/bandpass_n20004_cLL_V1_V4_covariance_s15.npz,76336,5042e8500f1704151632b96b0ccfe0256c1799ea25143d6b7d72ba966ac6d6cc
resnet,clean_only,29,bandpass_n20004_cLL_V1_V4_covariance_s10,phase2/results/predictions/full/clean_only/resnet/seed_29/bandpass_n20004_cLL_V1_V4_covariance_s10.npz,76102,ae4e27724692ea1cf2412ed5bea1c7ff779d861506533d273c667246d4082dcf
resnet,clean_only,29,bandpass_n20004_cLL_V1_V4_covariance_s5,phase2/results/predictions/full/clean_only/resnet/seed_29/bandpass_n20004_cLL_V1_V4_covariance_s5.npz,75659,8705b96eb12aa23f9362b0d29399ccadd68541866d0a517bbf50172e23fa6993
resnet,clean_only,29,bandpass_n20004_cLL_V1_V4_covariance_s0,phase2/results/predictions/full/clean_only/resnet/seed_29/bandpass_n20004_cLL_V1_V4_covariance_s0.npz,75220,f3302b3ba4d6a77a78cd151f89dd5475706bb6d7a53338f4a6d2fb575e59b0dd
resnet,clean_only,29,bandpass_n20004_call_independent_rms_s20,phase2/results/predictions/full/clean_only/resnet/seed_29/bandpass_n20004_call_independent_rms_s20.npz,76386,94a47836702cba2f62ac9e17c2764e28773e298b03ca09b43afe3a810b690d74
resnet,clean_only,29,bandpass_n20004_call_independent_rms_s15,phase2/results/predictions/full/clean_only/resnet/seed_29/bandpass_n20004_call_independent_rms_s15.npz,76323,1814bcf2881af6559b9ae53e8ab5c0bb6b4456cc906620ba71d7d98aeb9b854e
resnet,clean_only,29,bandpass_n20004_call_independent_rms_s10,phase2/results/predictions/full/clean_only/resnet/seed_29/bandpass_n20004_call_independent_rms_s10.npz,76172,09946228732fb45fcad0fbef867869ad84a495a5cbf92893ffa708578c930915
resnet,clean_only,29,bandpass_n20004_call_independent_rms_s5,phase2/results/predictions/full/clean_only/resnet/seed_29/bandpass_n20004_call_independent_rms_s5.npz,75808,b7898bd4e602021096013a86ab1c76e060ced93884824ccf6945d36310ff6ed3
resnet,clean_only,29,bandpass_n20004_call_independent_rms_s0,phase2/results/predictions/full/clean_only/resnet/seed_29/bandpass_n20004_call_independent_rms_s0.npz,75165,e9c417304f690c7c885cd5b18a9d6f45f4ffce187b3226ef7cc1e5e852a51cb3
resnet,clean_only,29,bandpass_n20004_call_electrode_s20,phase2/results/predictions/full/clean_only/resnet/seed_29/bandpass_n20004_call_electrode_s20.npz,76368,db75cbe5296db5d31325ed3f224949bb660b0a2fd8444d5ae705d88defd847f8
resnet,clean_only,29,bandpass_n20004_call_electrode_s15,phase2/results/predictions/full/clean_only/resnet/seed_29/bandpass_n20004_call_electrode_s15.npz,76249,5b76a1ab6e6d6184596b33fdcb1921f37399451fe02f96888c2b82feea5cb41f
resnet,clean_only,29,bandpass_n20004_call_electrode_s10,phase2/results/predictions/full/clean_only/resnet/seed_29/bandpass_n20004_call_electrode_s10.npz,76077,47bfdc7ef85ad86548731119527ab9df9113eda73bef6989758b048ab2cbdc78
resnet,clean_only,29,bandpass_n20004_call_electrode_s5,phase2/results/predictions/full/clean_only/resnet/seed_29/bandpass_n20004_call_electrode_s5.npz,75690,037d2a144ab81d305ecacfe7e84a455f23537c04fd923ebcde8af27c48412241
resnet,clean_only,29,bandpass_n20004_call_electrode_s0,phase2/results/predictions/full/clean_only/resnet/seed_29/bandpass_n20004_call_electrode_s0.npz,75108,284070c5803986a01fe4ae37128b064b0f6cd744216bb8b57c13ba0e213e4a1a
resnet,clean_only,29,bandpass_n20004_call_covariance_s20,phase2/results/predictions/full/clean_only/resnet/seed_29/bandpass_n20004_call_covariance_s20.npz,76364,5e937d9e9d2ed4a28dc9c275909a71700df39e5921021f294ed95982d23ab80f
resnet,clean_only,29,bandpass_n20004_call_covariance_s15,phase2/results/predictions/full/clean_only/resnet/seed_29/bandpass_n20004_call_covariance_s15.npz,76269,9f2844e2ee6bb7a4ccbf943c0bd3ed0e04a5511226ffa65149efc3db008c5e22
resnet,clean_only,29,bandpass_n20004_call_covariance_s10,phase2/results/predictions/full/clean_only/resnet/seed_29/bandpass_n20004_call_covariance_s10.npz,76083,3178f356517560e858d5784b7c116ded52b64b1aaa29ecbb69188b1fa351d0d2
resnet,clean_only,29,bandpass_n20004_call_covariance_s5,phase2/results/predictions/full/clean_only/resnet/seed_29/bandpass_n20004_call_covariance_s5.npz,75663,7b56d6b450397c9580f1df22d17516393de14d852e29d27033f409baf3f0009f
resnet,clean_only,29,bandpass_n20004_call_covariance_s0,phase2/results/predictions/full/clean_only/resnet/seed_29/bandpass_n20004_call_covariance_s0.npz,75060,13d023f5e0243e934b79b06686239d3b235e94c5b9c9f518e440086c667e1af4
resnet,clean_only,29,bandpass_n20005_cRA_LA_LL_independent_rms_s20,phase2/results/predictions/full/clean_only/resnet/seed_29/bandpass_n20005_cRA_LA_LL_independent_rms_s20.npz,76402,38cd452b7ac17005d45e03f7cd6db3021c7dfed4c17fc9d6ca4149453ddb23e9
resnet,clean_only,29,bandpass_n20005_cRA_LA_LL_independent_rms_s15,phase2/results/predictions/full/clean_only/resnet/seed_29/bandpass_n20005_cRA_LA_LL_independent_rms_s15.npz,76331,ecd05b5d750be4a37607829f8e5da6e5fb49c8af5d2f5460cce1674d22b43140
resnet,clean_only,29,bandpass_n20005_cRA_LA_LL_independent_rms_s10,phase2/results/predictions/full/clean_only/resnet/seed_29/bandpass_n20005_cRA_LA_LL_independent_rms_s10.npz,76142,0d0d2c486b763d498d17774ab5f3e21f124b8e5f8e33eef1cedda94da6a94015
resnet,clean_only,29,bandpass_n20005_cRA_LA_LL_independent_rms_s5,phase2/results/predictions/full/clean_only/resnet/seed_29/bandpass_n20005_cRA_LA_LL_independent_rms_s5.npz,75753,2108cdf0ac2aaf7105d5aafb39ae4dadf348fb022288fb038f6598a8b078d9e3
resnet,clean_only,29,bandpass_n20005_cRA_LA_LL_independent_rms_s0,phase2/results/predictions/full/clean_only/resnet/seed_29/bandpass_n20005_cRA_LA_LL_independent_rms_s0.npz,75162,31f766806a4fa2e17813f1854c9207be6cec34919aee313c523e3be1b8d669b0
resnet,clean_only,29,bandpass_n20005_cRA_LA_LL_electrode_s20,phase2/results/predictions/full/clean_only/resnet/seed_29/bandpass_n20005_cRA_LA_LL_electrode_s20.npz,76358,5fbf4f0c153d1fcc8fce325f1c45155a3829fe641d02107d7fd3400a0d9d96d1
resnet,clean_only,29,bandpass_n20005_cRA_LA_LL_electrode_s15,phase2/results/predictions/full/clean_only/resnet/seed_29/bandpass_n20005_cRA_LA_LL_electrode_s15.npz,76270,8369d1247d4e68869fd74983352a0a48c4ebe1ceec56625166b9653850e17223
resnet,clean_only,29,bandpass_n20005_cRA_LA_LL_electrode_s10,phase2/results/predictions/full/clean_only/resnet/seed_29/bandpass_n20005_cRA_LA_LL_electrode_s10.npz,76070,0b15d9858d872edc0d4624460c1d6b712795cbd8dbadd43b7e50a1308f86ece7
resnet,clean_only,29,bandpass_n20005_cRA_LA_LL_electrode_s5,phase2/results/predictions/full/clean_only/resnet/seed_29/bandpass_n20005_cRA_LA_LL_electrode_s5.npz,75600,4856082ddc8e14d700d7ed98a548b4f8f7cfd5b2fe107715f96658d754b69ff7
resnet,clean_only,29,bandpass_n20005_cRA_LA_LL_electrode_s0,phase2/results/predictions/full/clean_only/resnet/seed_29/bandpass_n20005_cRA_LA_LL_electrode_s0.npz,75116,60af4cde92bc49a31dd00e645a96a6e6919b918fddcfffe4288669be9316659c
resnet,clean_only,29,bandpass_n20005_cRA_LA_LL_covariance_s20,phase2/results/predictions/full/clean_only/resnet/seed_29/bandpass_n20005_cRA_LA_LL_covariance_s20.npz,76375,a31d8d84c856b980c257629df2166cd23ec76321995d3f28ec870ff8f082ea6a
resnet,clean_only,29,bandpass_n20005_cRA_LA_LL_covariance_s15,phase2/results/predictions/full/clean_only/resnet/seed_29/bandpass_n20005_cRA_LA_LL_covariance_s15.npz,76275,11d6d543951ba3e810001d8ccf4d48eb5bec7fe15ad032d8a930555bf8439198
resnet,clean_only,29,bandpass_n20005_cRA_LA_LL_covariance_s10,phase2/results/predictions/full/clean_only/resnet/seed_29/bandpass_n20005_cRA_LA_LL_covariance_s10.npz,76049,100093385cffc848f6b053c7f63f51b2d448336f332dcb043b2c262a0eed10e5
resnet,clean_only,29,bandpass_n20005_cRA_LA_LL_covariance_s5,phase2/results/predictions/full/clean_only/resnet/seed_29/bandpass_n20005_cRA_LA_LL_covariance_s5.npz,75579,58defd3f2d259e6be60dff2a8752dcd91e5154d6e69f35b79f9bb5a480c9d6b0
resnet,clean_only,29,bandpass_n20005_cRA_LA_LL_covariance_s0,phase2/results/predictions/full/clean_only/resnet/seed_29/bandpass_n20005_cRA_LA_LL_covariance_s0.npz,75076,73934230b46327b794d0d4e5891c0956ea1baef81eec94dde4eb7cc5e307e440
resnet,clean_only,29,bandpass_n20005_cV1_independent_rms_s20,phase2/results/predictions/full/clean_only/resnet/seed_29/bandpass_n20005_cV1_independent_rms_s20.npz,76387,f43264264f1475ba9c641b794402ceab5e6949b917299207dace037bc3fff6e1
resnet,clean_only,29,bandpass_n20005_cV1_independent_rms_s15,phase2/results/predictions/full/clean_only/resnet/seed_29/bandpass_n20005_cV1_independent_rms_s15.npz,76326,f467890ce84c25eb8d1c0edb36e908cb3be7d0665e96d3a74f2056b1179a1ca2
resnet,clean_only,29,bandpass_n20005_cV1_independent_rms_s10,phase2/results/predictions/full/clean_only/resnet/seed_29/bandpass_n20005_cV1_independent_rms_s10.npz,76154,5ad38e38e43ceb1272fdc3a39db96641f9f715763a82b39851c7e31084caea78
resnet,clean_only,29,bandpass_n20005_cV1_independent_rms_s5,phase2/results/predictions/full/clean_only/resnet/seed_29/bandpass_n20005_cV1_independent_rms_s5.npz,75721,6d3ab72a7848d698ea12f1fe19f9add2e720fa8588d327ddb23121af484eec59
resnet,clean_only,29,bandpass_n20005_cV1_independent_rms_s0,phase2/results/predictions/full/clean_only/resnet/seed_29/bandpass_n20005_cV1_independent_rms_s0.npz,75022,926223dc2bcb8d1c46cac88b09aee318c20c6cdab32fa7c181cbab8afacd2bfb
resnet,clean_only,29,bandpass_n20005_cV1_electrode_s20,phase2/results/predictions/full/clean_only/resnet/seed_29/bandpass_n20005_cV1_electrode_s20.npz,76372,9c82d14e5f288f1e63819fc1e3d2c52901550994b84c6986ffdd7469dee11d44
resnet,clean_only,29,bandpass_n20005_cV1_electrode_s15,phase2/results/predictions/full/clean_only/resnet/seed_29/bandpass_n20005_cV1_electrode_s15.npz,76324,eebfb8e5ce42f0aeaa25ed2889f882c2bc22e852d01de57ba485f13ae35c2fd5
resnet,clean_only,29,bandpass_n20005_cV1_electrode_s10,phase2/results/predictions/full/clean_only/resnet/seed_29/bandpass_n20005_cV1_electrode_s10.npz,76121,e9726afe76cf0330f1cad8f46f59f28cd551288793a33e24ed0b415e0b91cc99
resnet,clean_only,29,bandpass_n20005_cV1_electrode_s5,phase2/results/predictions/full/clean_only/resnet/seed_29/bandpass_n20005_cV1_electrode_s5.npz,75722,7b0e6bdb4031a640dd0769ec8574f5082d380ed4fb09469de4de6945d4f6beae
resnet,clean_only,29,bandpass_n20005_cV1_electrode_s0,phase2/results/predictions/full/clean_only/resnet/seed_29/bandpass_n20005_cV1_electrode_s0.npz,75007,64f659006aaebfa67248118d2d3f356b67dc56b7f8775f879709d49717b653ba
resnet,clean_only,29,bandpass_n20005_cV1_covariance_s20,phase2/results/predictions/full/clean_only/resnet/seed_29/bandpass_n20005_cV1_covariance_s20.npz,76372,cddd1ff7f207816ea17e203f3a390546101bb8a43139fdbb4d410c61bcfb401a
resnet,clean_only,29,bandpass_n20005_cV1_covariance_s15,phase2/results/predictions/full/clean_only/resnet/seed_29/bandpass_n20005_cV1_covariance_s15.npz,76346,c9a64e569e75b8ea8fdaa9486d092d00cd4bbfbebb637fb022174a4761f96d81
resnet,clean_only,29,bandpass_n20005_cV1_covariance_s10,phase2/results/predictions/full/clean_only/resnet/seed_29/bandpass_n20005_cV1_covariance_s10.npz,76103,9a503dbb2cdfd836a86b81f2db7317417990e51d181ab4687e42f8f093d3c9bb
resnet,clean_only,29,bandpass_n20005_cV1_covariance_s5,phase2/results/predictions/full/clean_only/resnet/seed_29/bandpass_n20005_cV1_covariance_s5.npz,75698,e500fa2d2da26c9351886557acb35b873cf7fb8f8a9f4b590bc0ab3252826e72
resnet,clean_only,29,bandpass_n20005_cV1_covariance_s0,phase2/results/predictions/full/clean_only/resnet/seed_29/bandpass_n20005_cV1_covariance_s0.npz,75019,108fdda983b13931013231d04d4227fb8c335f0ff1b2eec86c6a655a57232672
resnet,clean_only,29,bandpass_n20005_cV2_independent_rms_s20,phase2/results/predictions/full/clean_only/resnet/seed_29/bandpass_n20005_cV2_independent_rms_s20.npz,76420,e66ce6bfc3a3f56ef1a87f267105163ab4929e670c4543cf32d74047baf52bd8
resnet,clean_only,29,bandpass_n20005_cV2_independent_rms_s15,phase2/results/predictions/full/clean_only/resnet/seed_29/bandpass_n20005_cV2_independent_rms_s15.npz,76358,9432d4e763e2527537f615022d86ca8506ab493ff1e3379c89e8014a782080e1
resnet,clean_only,29,bandpass_n20005_cV2_independent_rms_s10,phase2/results/predictions/full/clean_only/resnet/seed_29/bandpass_n20005_cV2_independent_rms_s10.npz,76198,f860fa2014bf993ad76f9e4a3b450ae6ac0795aec89ffc22d63545e0f37e89fe
resnet,clean_only,29,bandpass_n20005_cV2_independent_rms_s5,phase2/results/predictions/full/clean_only/resnet/seed_29/bandpass_n20005_cV2_independent_rms_s5.npz,75817,703ecd81e7c7dd9210ccdd804675bf2d737f014eba06460881cb0d9c8808d291
resnet,clean_only,29,bandpass_n20005_cV2_independent_rms_s0,phase2/results/predictions/full/clean_only/resnet/seed_29/bandpass_n20005_cV2_independent_rms_s0.npz,75231,e1b4f8212739f4109c187e21806581a90fee2e2d77f467c13e7dad9c42529367
resnet,clean_only,29,bandpass_n20005_cV2_electrode_s20,phase2/results/predictions/full/clean_only/resnet/seed_29/bandpass_n20005_cV2_electrode_s20.npz,76374,8033afaff218d61ce81825e298a70387b5dbb125e378b52de779b6cbb64888a2
resnet,clean_only,29,bandpass_n20005_cV2_electrode_s15,phase2/results/predictions/full/clean_only/resnet/seed_29/bandpass_n20005_cV2_electrode_s15.npz,76340,e101f98f275bf9c688592b4f85077458a91dbe4f84350d0d459ea71fb2ee868d
resnet,clean_only,29,bandpass_n20005_cV2_electrode_s10,phase2/results/predictions/full/clean_only/resnet/seed_29/bandpass_n20005_cV2_electrode_s10.npz,76144,53850afa1b15dc372d1f355e7dae7de5cb352c4ce5cbbac9478daca1c24662a1
resnet,clean_only,29,bandpass_n20005_cV2_electrode_s5,phase2/results/predictions/full/clean_only/resnet/seed_29/bandpass_n20005_cV2_electrode_s5.npz,75792,742a6dd8153db23389ef5c5b1fa95a1b8ca3864e6c2404d0aa9115b8b88f02a6
resnet,clean_only,29,bandpass_n20005_cV2_electrode_s0,phase2/results/predictions/full/clean_only/resnet/seed_29/bandpass_n20005_cV2_electrode_s0.npz,75222,93552b8b6e1af6160a423bb3a8931380b74ec04c9f35802aafe2db9b01f9a369
resnet,clean_only,29,bandpass_n20005_cV2_covariance_s20,phase2/results/predictions/full/clean_only/resnet/seed_29/bandpass_n20005_cV2_covariance_s20.npz,76417,98d7b16e94a418fc700d503fa7f84d1c103fb87412e577a925234048336f993b
resnet,clean_only,29,bandpass_n20005_cV2_covariance_s15,phase2/results/predictions/full/clean_only/resnet/seed_29/bandpass_n20005_cV2_covariance_s15.npz,76309,c9f8d054b8fde531918124bc40fa41e3556cb22971656c7ab5bc1b62ac1b2459
resnet,clean_only,29,bandpass_n20005_cV2_covariance_s10,phase2/results/predictions/full/clean_only/resnet/seed_29/bandpass_n20005_cV2_covariance_s10.npz,76144,3412d5be1ba2b8c708b2958a5acef6fffda777a00b15443b665872681106320d
resnet,clean_only,29,bandpass_n20005_cV2_covariance_s5,phase2/results/predictions/full/clean_only/resnet/seed_29/bandpass_n20005_cV2_covariance_s5.npz,75803,e9fcd3b175253ef1c8246444451e90818884030f8235568e2ab116923dc67307
resnet,clean_only,29,bandpass_n20005_cV2_covariance_s0,phase2/results/predictions/full/clean_only/resnet/seed_29/bandpass_n20005_cV2_covariance_s0.npz,75195,ab61a0717e43e5183065133b15d3137a31094f1c27d746c05e1f91a15173a06c
resnet,clean_only,29,bandpass_n20005_cV3_independent_rms_s20,phase2/results/predictions/full/clean_only/resnet/seed_29/bandpass_n20005_cV3_independent_rms_s20.npz,76414,ec91fe4c00e0d0d76f634fe2401ce654e5777a8af52ae9aa2ff2e15c15a37d49
resnet,clean_only,29,bandpass_n20005_cV3_independent_rms_s15,phase2/results/predictions/full/clean_only/resnet/seed_29/bandpass_n20005_cV3_independent_rms_s15.npz,76369,8177bea3a6916d135005cae5b8f59c596217aef317a90fe961697963b39fdac3
resnet,clean_only,29,bandpass_n20005_cV3_independent_rms_s10,phase2/results/predictions/full/clean_only/resnet/seed_29/bandpass_n20005_cV3_independent_rms_s10.npz,76254,6bf9767e5604cbc0635c90e76fe9142b1b58796a182089ed83e18744f87b72a0
resnet,clean_only,29,bandpass_n20005_cV3_independent_rms_s5,phase2/results/predictions/full/clean_only/resnet/seed_29/bandpass_n20005_cV3_independent_rms_s5.npz,76019,a3760a69535ae4c29e925510eccbf41da6909a0f725e3f115e9d1dfeeeaea5c8
resnet,clean_only,29,bandpass_n20005_cV3_independent_rms_s0,phase2/results/predictions/full/clean_only/resnet/seed_29/bandpass_n20005_cV3_independent_rms_s0.npz,75534,9b2ce6aa36e4ad4a676a90453c88d1f5b605fd3a77c760f42fce0bcc3b697e29
resnet,clean_only,29,bandpass_n20005_cV3_electrode_s20,phase2/results/predictions/full/clean_only/resnet/seed_29/bandpass_n20005_cV3_electrode_s20.npz,76403,0dae3bf547fe510f853c1131583ea1600cbc2627407449bbd4842ea73f104589
resnet,clean_only,29,bandpass_n20005_cV3_electrode_s15,phase2/results/predictions/full/clean_only/resnet/seed_29/bandpass_n20005_cV3_electrode_s15.npz,76366,c09d9693739c3047672c47ef98138f3dcb04842dbf316e639485daf821fe65ca
resnet,clean_only,29,bandpass_n20005_cV3_electrode_s10,phase2/results/predictions/full/clean_only/resnet/seed_29/bandpass_n20005_cV3_electrode_s10.npz,76233,41898fc959b0b358434120c5819178226d485a2ebd70f2e2a740f6b456540264
resnet,clean_only,29,bandpass_n20005_cV3_electrode_s5,phase2/results/predictions/full/clean_only/resnet/seed_29/bandpass_n20005_cV3_electrode_s5.npz,76026,0b4f6adff578a5299879ad3fc7a83f50ce033d3142dd128ad61d12f1a6f769db
resnet,clean_only,29,bandpass_n20005_cV3_electrode_s0,phase2/results/predictions/full/clean_only/resnet/seed_29/bandpass_n20005_cV3_electrode_s0.npz,75504,76e45d1c50a535d8ef846156ff7d47f797cc89798034cd8f3b3a59bc52ec43f8
resnet,clean_only,29,bandpass_n20005_cV3_covariance_s20,phase2/results/predictions/full/clean_only/resnet/seed_29/bandpass_n20005_cV3_covariance_s20.npz,76410,b48d1d47ca014d9958daf40ed0480fbe8023969e579746b6888642e4123c11e5
resnet,clean_only,29,bandpass_n20005_cV3_covariance_s15,phase2/results/predictions/full/clean_only/resnet/seed_29/bandpass_n20005_cV3_covariance_s15.npz,76390,8bcbbafe798862612fb3180c973466b20179034d6fb7b87fb2236bb108fbc844
resnet,clean_only,29,bandpass_n20005_cV3_covariance_s10,phase2/results/predictions/full/clean_only/resnet/seed_29/bandpass_n20005_cV3_covariance_s10.npz,76258,8889f6f661e13bd0c4e8efbc2147f4b77554f2d5771fe94c9ba047d26e0a0f49
resnet,clean_only,29,bandpass_n20005_cV3_covariance_s5,phase2/results/predictions/full/clean_only/resnet/seed_29/bandpass_n20005_cV3_covariance_s5.npz,75996,b8b4e8f24ce6b88e9ab48a655a8f3319adc5d9be4582297b2e456ed8d5f4e71e
resnet,clean_only,29,bandpass_n20005_cV3_covariance_s0,phase2/results/predictions/full/clean_only/resnet/seed_29/bandpass_n20005_cV3_covariance_s0.npz,75510,1045510981861bf045af7a45cada430b6aedd8c46885d0f61ab1f376e69f04e8
resnet,clean_only,29,bandpass_n20005_cV4_independent_rms_s20,phase2/results/predictions/full/clean_only/resnet/seed_29/bandpass_n20005_cV4_independent_rms_s20.npz,76406,562f9a816f24be55f5680f4607d3367a0193c46ae12b04146d2795312a11569c
resnet,clean_only,29,bandpass_n20005_cV4_independent_rms_s15,phase2/results/predictions/full/clean_only/resnet/seed_29/bandpass_n20005_cV4_independent_rms_s15.npz,76369,2df4aa7bc9a2d389a2441f63600ceba5a104cff936e1ba4d7650882a11f2ac2b
resnet,clean_only,29,bandpass_n20005_cV4_independent_rms_s10,phase2/results/predictions/full/clean_only/resnet/seed_29/bandpass_n20005_cV4_independent_rms_s10.npz,76250,aae811a7e3722de51ac5bab0a76edc6f774b337bb702887a1eb3839a96ff3aaf
resnet,clean_only,29,bandpass_n20005_cV4_independent_rms_s5,phase2/results/predictions/full/clean_only/resnet/seed_29/bandpass_n20005_cV4_independent_rms_s5.npz,75966,99323d42d0d09673eea06e32aafb4b7cfe829b28e1584db3b178b1d665b16803
resnet,clean_only,29,bandpass_n20005_cV4_independent_rms_s0,phase2/results/predictions/full/clean_only/resnet/seed_29/bandpass_n20005_cV4_independent_rms_s0.npz,75419,97f75951faf7ca9113c5a712b13baf062bf368421fb63f90f9ba0654c328b113
resnet,clean_only,29,bandpass_n20005_cV4_electrode_s20,phase2/results/predictions/full/clean_only/resnet/seed_29/bandpass_n20005_cV4_electrode_s20.npz,76407,c59ecc83d68432189cf8e6ed594db22e6c36cbc2885fda739caafb194aae9a52
resnet,clean_only,29,bandpass_n20005_cV4_electrode_s15,phase2/results/predictions/full/clean_only/resnet/seed_29/bandpass_n20005_cV4_electrode_s15.npz,76386,d39fa1841c03d9cc212067f0d710a97f57e0bfb660d41cfb8f7a007685981d20
resnet,clean_only,29,bandpass_n20005_cV4_electrode_s10,phase2/results/predictions/full/clean_only/resnet/seed_29/bandpass_n20005_cV4_electrode_s10.npz,76249,4248dd85ec2896849397d0823765e1c93ea0103ea964b555365e6ae3280dbfc7
resnet,clean_only,29,bandpass_n20005_cV4_electrode_s5,phase2/results/predictions/full/clean_only/resnet/seed_29/bandpass_n20005_cV4_electrode_s5.npz,75956,f4512ea495db8c2daa6f4db09b352f992d589f528ffdadbd244e9d58aa9b0664
resnet,clean_only,29,bandpass_n20005_cV4_electrode_s0,phase2/results/predictions/full/clean_only/resnet/seed_29/bandpass_n20005_cV4_electrode_s0.npz,75451,5abacae70c2f20f14c389d19b73eb904f08522a230a042153dec95cb4c8ff4b7
resnet,clean_only,29,bandpass_n20005_cV4_covariance_s20,phase2/results/predictions/full/clean_only/resnet/seed_29/bandpass_n20005_cV4_covariance_s20.npz,76389,c5a59fe6b5545ddd862105de16e6305521e88e106a405dc0d463bdf3bbb7ff6a
resnet,clean_only,29,bandpass_n20005_cV4_covariance_s15,phase2/results/predictions/full/clean_only/resnet/seed_29/bandpass_n20005_cV4_covariance_s15.npz,76354,200a4f075c665d0fecefbb7e13775619fa57f06dbe1641d906301cde00d4ac44
resnet,clean_only,29,bandpass_n20005_cV4_covariance_s10,phase2/results/predictions/full/clean_only/resnet/seed_29/bandpass_n20005_cV4_covariance_s10.npz,76218,66de0d57db7c034dfadb779844bfa7e72ed1abfb05ea8fea1fc4fa28c3cf2bd8
resnet,clean_only,29,bandpass_n20005_cV4_covariance_s5,phase2/results/predictions/full/clean_only/resnet/seed_29/bandpass_n20005_cV4_covariance_s5.npz,75958,474f3a9ca5004abce12db85a34af99f3393f3cfdc4de126ffc40c2c294c283ba
resnet,clean_only,29,bandpass_n20005_cV4_covariance_s0,phase2/results/predictions/full/clean_only/resnet/seed_29/bandpass_n20005_cV4_covariance_s0.npz,75425,85e786eab4a0b1b94bf697be348e3daa3725eeeeb51291e137ed071fdeee1896
resnet,clean_only,29,bandpass_n20005_cV5_independent_rms_s20,phase2/results/predictions/full/clean_only/resnet/seed_29/bandpass_n20005_cV5_independent_rms_s20.npz,76429,8b1debbda13182c90fb942a977663a333f3efd0940b37302cc1bfc60d8e3aa53
resnet,clean_only,29,bandpass_n20005_cV5_independent_rms_s15,phase2/results/predictions/full/clean_only/resnet/seed_29/bandpass_n20005_cV5_independent_rms_s15.npz,76355,c9612785f88aaaf491b4458be8c18d0d4bee44dac00c91432e736504a7b895c7
resnet,clean_only,29,bandpass_n20005_cV5_independent_rms_s10,phase2/results/predictions/full/clean_only/resnet/seed_29/bandpass_n20005_cV5_independent_rms_s10.npz,76219,0931580be3f857f2388110b58f44b079e3f050ee69ca0b1e91659850151ac865
resnet,clean_only,29,bandpass_n20005_cV5_independent_rms_s5,phase2/results/predictions/full/clean_only/resnet/seed_29/bandpass_n20005_cV5_independent_rms_s5.npz,75924,298e863425571dd2bd70182277579b6dc7c91affd3d2e4181508f349e7db4eb9
resnet,clean_only,29,bandpass_n20005_cV5_independent_rms_s0,phase2/results/predictions/full/clean_only/resnet/seed_29/bandpass_n20005_cV5_independent_rms_s0.npz,75257,f4d70a2754d548c5e6670d2efc068dc6829663f26961876d3c2280482ceec3c7
resnet,clean_only,29,bandpass_n20005_cV5_electrode_s20,phase2/results/predictions/full/clean_only/resnet/seed_29/bandpass_n20005_cV5_electrode_s20.npz,76386,3e7fe0f70f46a1cd38839472b19cc67484081711c9c6c8fc122f71ad14b803d7
resnet,clean_only,29,bandpass_n20005_cV5_electrode_s15,phase2/results/predictions/full/clean_only/resnet/seed_29/bandpass_n20005_cV5_electrode_s15.npz,76369,72622b5d1f84bd20e5f297bd7c0078772a59500aa41fba771204008b43fa3dfc
resnet,clean_only,29,bandpass_n20005_cV5_electrode_s10,phase2/results/predictions/full/clean_only/resnet/seed_29/bandpass_n20005_cV5_electrode_s10.npz,76225,894224753104e5ee01e487f5df67b026474a0867e74f382b12454d554115f09b
resnet,clean_only,29,bandpass_n20005_cV5_electrode_s5,phase2/results/predictions/full/clean_only/resnet/seed_29/bandpass_n20005_cV5_electrode_s5.npz,75920,ab4ebd440453475bcdbeaa69957f1fc4724ee96e20133a81932998397151320a
resnet,clean_only,29,bandpass_n20005_cV5_electrode_s0,phase2/results/predictions/full/clean_only/resnet/seed_29/bandpass_n20005_cV5_electrode_s0.npz,75298,3f8f5506a974b83862c63010305bd1f5a3b056e1a407b63c5e34fed45d5e3f8b
resnet,clean_only,29,bandpass_n20005_cV5_covariance_s20,phase2/results/predictions/full/clean_only/resnet/seed_29/bandpass_n20005_cV5_covariance_s20.npz,76403,4822713d2956ec376807f302bf893b8817e696df21a10b21d017c55ab4275ff7
resnet,clean_only,29,bandpass_n20005_cV5_covariance_s15,phase2/results/predictions/full/clean_only/resnet/seed_29/bandpass_n20005_cV5_covariance_s15.npz,76347,1110753aafa98747daef2634bfd48c0ba38a1ef5b412e3f7220229f9b59bdcf0
resnet,clean_only,29,bandpass_n20005_cV5_covariance_s10,phase2/results/predictions/full/clean_only/resnet/seed_29/bandpass_n20005_cV5_covariance_s10.npz,76247,e321f6407e49b030543263b619564397f5942403cd330cd80b6f75e64a93dcbd
resnet,clean_only,29,bandpass_n20005_cV5_covariance_s5,phase2/results/predictions/full/clean_only/resnet/seed_29/bandpass_n20005_cV5_covariance_s5.npz,75953,5601513cd3cd1ba592059dad624a714894907aad73d22f3f5baccb4a93e9c8e2
resnet,clean_only,29,bandpass_n20005_cV5_covariance_s0,phase2/results/predictions/full/clean_only/resnet/seed_29/bandpass_n20005_cV5_covariance_s0.npz,75305,57b61d9cfa10e3ad91d7a966fa236cc8bfe3cf69c33bbadfe6cc1ca91822dc36
resnet,clean_only,29,bandpass_n20005_cV6_independent_rms_s20,phase2/results/predictions/full/clean_only/resnet/seed_29/bandpass_n20005_cV6_independent_rms_s20.npz,76399,6e5e528e0e36294a2359af3be706aa7c13a12ee3707124fa0baa0799a8f8772a
resnet,clean_only,29,bandpass_n20005_cV6_independent_rms_s15,phase2/results/predictions/full/clean_only/resnet/seed_29/bandpass_n20005_cV6_independent_rms_s15.npz,76337,1f2767833714f6471fc9d24c7f7832d1773321cfb8fefcebf7b41d9710c0a403
resnet,clean_only,29,bandpass_n20005_cV6_independent_rms_s10,phase2/results/predictions/full/clean_only/resnet/seed_29/bandpass_n20005_cV6_independent_rms_s10.npz,76203,bfb43c7f5c8adf70417eb53b77894a76adab51c35f5219941f4cda95e6e106ae
resnet,clean_only,29,bandpass_n20005_cV6_independent_rms_s5,phase2/results/predictions/full/clean_only/resnet/seed_29/bandpass_n20005_cV6_independent_rms_s5.npz,75914,b9e5d1aa74e462b96ba58e5dd8248123eefe929172266daec14b1f65a3a73434
resnet,clean_only,29,bandpass_n20005_cV6_independent_rms_s0,phase2/results/predictions/full/clean_only/resnet/seed_29/bandpass_n20005_cV6_independent_rms_s0.npz,75356,5002d1b5bbe920e01cd2bd9766d8b7315aad2cd0ecbd6d3c36bffe6b10138249
resnet,clean_only,29,bandpass_n20005_cV6_electrode_s20,phase2/results/predictions/full/clean_only/resnet/seed_29/bandpass_n20005_cV6_electrode_s20.npz,76383,5f166ce3786b7de6e0843119f06e1e6b8071ee2c45ee0bf4071eeecd7f87e84f
resnet,clean_only,29,bandpass_n20005_cV6_electrode_s15,phase2/results/predictions/full/clean_only/resnet/seed_29/bandpass_n20005_cV6_electrode_s15.npz,76328,33c5f611a3eda18a2f8cc4d9605ab9c67de3b061e79787844b2868bbfaf515e3
resnet,clean_only,29,bandpass_n20005_cV6_electrode_s10,phase2/results/predictions/full/clean_only/resnet/seed_29/bandpass_n20005_cV6_electrode_s10.npz,76192,00227e2baa61523fdcd477da54f12d1983bd61a9b6f2c510290760a22736846c
resnet,clean_only,29,bandpass_n20005_cV6_electrode_s5,phase2/results/predictions/full/clean_only/resnet/seed_29/bandpass_n20005_cV6_electrode_s5.npz,75878,e85542ad297f2da9994f7e60b628df6ec4a0f3053422e22cd65b90ab10971fab
resnet,clean_only,29,bandpass_n20005_cV6_electrode_s0,phase2/results/predictions/full/clean_only/resnet/seed_29/bandpass_n20005_cV6_electrode_s0.npz,75370,c4704616bc42f4f79b708004bd0905a2ed47ca8e1c1d6a9b24c7a3ee7f9273a4
resnet,clean_only,29,bandpass_n20005_cV6_covariance_s20,phase2/results/predictions/full/clean_only/resnet/seed_29/bandpass_n20005_cV6_covariance_s20.npz,76391,7a7a8208243eb19ec9b546f3bbc607f97a05a6495019e5c5b788c0870d59060b
resnet,clean_only,29,bandpass_n20005_cV6_covariance_s15,phase2/results/predictions/full/clean_only/resnet/seed_29/bandpass_n20005_cV6_covariance_s15.npz,76360,cd675be33c4479d056175979bbd889a1e12e9bdd9f0fc876b90967ad98ccd641
resnet,clean_only,29,bandpass_n20005_cV6_covariance_s10,phase2/results/predictions/full/clean_only/resnet/seed_29/bandpass_n20005_cV6_covariance_s10.npz,76243,9b48d817c3fe7c3a7ee99723898012563ed8ebdc93ef005400b22b74b164e174
resnet,clean_only,29,bandpass_n20005_cV6_covariance_s5,phase2/results/predictions/full/clean_only/resnet/seed_29/bandpass_n20005_cV6_covariance_s5.npz,75906,dcc78b44ac8ebdc818f3c25ed2ca4ef7a16e46b7a5a8ab139581e1fdbb666197
resnet,clean_only,29,bandpass_n20005_cV6_covariance_s0,phase2/results/predictions/full/clean_only/resnet/seed_29/bandpass_n20005_cV6_covariance_s0.npz,75347,244839afc286f9ce3ca93f942756765b94b765d890ff8a21147fe38d6e616231
resnet,clean_only,29,bandpass_n20005_cRA_LA_independent_rms_s20,phase2/results/predictions/full/clean_only/resnet/seed_29/bandpass_n20005_cRA_LA_independent_rms_s20.npz,76376,736259c56d9255bb30d84703b6a1e560b60de717bd2bb9ed380927e346eca5e2
resnet,clean_only,29,bandpass_n20005_cRA_LA_independent_rms_s15,phase2/results/predictions/full/clean_only/resnet/seed_29/bandpass_n20005_cRA_LA_independent_rms_s15.npz,76303,339ddbc5a134ee5d282f9bf74e2c5196b956bc6aa8dc49854df4cfae81dcd1c5
resnet,clean_only,29,bandpass_n20005_cRA_LA_independent_rms_s10,phase2/results/predictions/full/clean_only/resnet/seed_29/bandpass_n20005_cRA_LA_independent_rms_s10.npz,76130,c03d4bfb520739fc8fb0d4eb5c2eb1207cf3431409feb9d82d8b38c4cb0694ba
resnet,clean_only,29,bandpass_n20005_cRA_LA_independent_rms_s5,phase2/results/predictions/full/clean_only/resnet/seed_29/bandpass_n20005_cRA_LA_independent_rms_s5.npz,75766,45a5a003a4089aed8fe0e70f856edf3168099108c4fce48de796d1ad369d5ea5
resnet,clean_only,29,bandpass_n20005_cRA_LA_independent_rms_s0,phase2/results/predictions/full/clean_only/resnet/seed_29/bandpass_n20005_cRA_LA_independent_rms_s0.npz,75116,6b54218c672586d4bd0a29c3cf2a49f1450472b1e5a2c765923e2d81d05356bd
resnet,clean_only,29,bandpass_n20005_cRA_LA_electrode_s20,phase2/results/predictions/full/clean_only/resnet/seed_29/bandpass_n20005_cRA_LA_electrode_s20.npz,76418,dc09af060c4c2761de6eb9ded9bdaf46fe38ca4be82f4efdeaa275a7640f67ae
resnet,clean_only,29,bandpass_n20005_cRA_LA_electrode_s15,phase2/results/predictions/full/clean_only/resnet/seed_29/bandpass_n20005_cRA_LA_electrode_s15.npz,76286,5cd3816b497a2873556c1fb308fccf3ad4cc82f8c9cdfacaa93ccd1b443a0dbf
resnet,clean_only,29,bandpass_n20005_cRA_LA_electrode_s10,phase2/results/predictions/full/clean_only/resnet/seed_29/bandpass_n20005_cRA_LA_electrode_s10.npz,76067,949db91367987481b8c165763935474b7f3e308551e01074e44c2adc92fa5ad4
resnet,clean_only,29,bandpass_n20005_cRA_LA_electrode_s5,phase2/results/predictions/full/clean_only/resnet/seed_29/bandpass_n20005_cRA_LA_electrode_s5.npz,75592,7e1354872a96c2d78a489773b7df76050af3fd486a05667432f4c82a10f1cf53
resnet,clean_only,29,bandpass_n20005_cRA_LA_electrode_s0,phase2/results/predictions/full/clean_only/resnet/seed_29/bandpass_n20005_cRA_LA_electrode_s0.npz,75044,2500d86029f27f392ce7a9ccdb4377577e8fdb983c0f4e77809d8a32b7c1b95d
resnet,clean_only,29,bandpass_n20005_cRA_LA_covariance_s20,phase2/results/predictions/full/clean_only/resnet/seed_29/bandpass_n20005_cRA_LA_covariance_s20.npz,76387,d1fabce38a60a028ae39edaae3c6f67bff32ac8272d1034814e67ba23aa80d29
resnet,clean_only,29,bandpass_n20005_cRA_LA_covariance_s15,phase2/results/predictions/full/clean_only/resnet/seed_29/bandpass_n20005_cRA_LA_covariance_s15.npz,76314,70666ffd532dd445fdfd4673fd67c41dff10b961e168b1f8a56edeb00de8f4f3
resnet,clean_only,29,bandpass_n20005_cRA_LA_covariance_s10,phase2/results/predictions/full/clean_only/resnet/seed_29/bandpass_n20005_cRA_LA_covariance_s10.npz,76069,8a48caa180e321821a37cf7af099e54fd30adcaf5ebacbac98dde520bf2e6e81
resnet,clean_only,29,bandpass_n20005_cRA_LA_covariance_s5,phase2/results/predictions/full/clean_only/resnet/seed_29/bandpass_n20005_cRA_LA_covariance_s5.npz,75596,88d0d5e05530c8d159a7254b2f700a744ac4080b5fc3480ad6f3d78b8d49cb3e
resnet,clean_only,29,bandpass_n20005_cRA_LA_covariance_s0,phase2/results/predictions/full/clean_only/resnet/seed_29/bandpass_n20005_cRA_LA_covariance_s0.npz,74996,6a4cd5bde2f37f60a7e99196ab3e79e30601e799cc4fd5ab59cacd7d7184facf
resnet,clean_only,29,bandpass_n20005_cLA_LL_independent_rms_s20,phase2/results/predictions/full/clean_only/resnet/seed_29/bandpass_n20005_cLA_LL_independent_rms_s20.npz,76388,5dab4289aa7f90d080bf3995c150be191df4ce2f666e29397fee694d29ef1a1f
resnet,clean_only,29,bandpass_n20005_cLA_LL_independent_rms_s15,phase2/results/predictions/full/clean_only/resnet/seed_29/bandpass_n20005_cLA_LL_independent_rms_s15.npz,76361,e98baf7863c17eedeb0b4df80be1bcadcbdb206156b8c7b6b9e295d745e349b2
resnet,clean_only,29,bandpass_n20005_cLA_LL_independent_rms_s10,phase2/results/predictions/full/clean_only/resnet/seed_29/bandpass_n20005_cLA_LL_independent_rms_s10.npz,76173,2886fe9242bac5f75524ba55ac4ef9b49a95eef3182c467bf80ec8b23becf2ef
resnet,clean_only,29,bandpass_n20005_cLA_LL_independent_rms_s5,phase2/results/predictions/full/clean_only/resnet/seed_29/bandpass_n20005_cLA_LL_independent_rms_s5.npz,75766,fc55fadb7a3c9e9a5d633576efa75e462fbeb272df8d156bcad32c13eab949c1
resnet,clean_only,29,bandpass_n20005_cLA_LL_independent_rms_s0,phase2/results/predictions/full/clean_only/resnet/seed_29/bandpass_n20005_cLA_LL_independent_rms_s0.npz,75201,8a3007bfe0be5120c5ea09d1669f263fc280e81adcd91c921c911ba094adb3af
resnet,clean_only,29,bandpass_n20005_cLA_LL_electrode_s20,phase2/results/predictions/full/clean_only/resnet/seed_29/bandpass_n20005_cLA_LL_electrode_s20.npz,76385,5a06f42213a59877f8e0b910e25a6058b159e124e7c74a4c654cbfd957ce2cf6
resnet,clean_only,29,bandpass_n20005_cLA_LL_electrode_s15,phase2/results/predictions/full/clean_only/resnet/seed_29/bandpass_n20005_cLA_LL_electrode_s15.npz,76281,e7fa2fca87e532d28e5168d04747f38002fd7f72dd061ff4141cc6e0af3a37d3
resnet,clean_only,29,bandpass_n20005_cLA_LL_electrode_s10,phase2/results/predictions/full/clean_only/resnet/seed_29/bandpass_n20005_cLA_LL_electrode_s10.npz,76054,92cee6ef304af7690317226675b6013c46f674f6efb9fe443c7c401677893608
resnet,clean_only,29,bandpass_n20005_cLA_LL_electrode_s5,phase2/results/predictions/full/clean_only/resnet/seed_29/bandpass_n20005_cLA_LL_electrode_s5.npz,75630,09fe67a71b83a796e8e5b40d9b51b58ca6ba95fb5201663951515ea29c2c77e6
resnet,clean_only,29,bandpass_n20005_cLA_LL_electrode_s0,phase2/results/predictions/full/clean_only/resnet/seed_29/bandpass_n20005_cLA_LL_electrode_s0.npz,75170,f40cfbe315ebd0951a2798855ef69fd369229102a86c2e1213d4fc59aca1e30c
resnet,clean_only,29,bandpass_n20005_cLA_LL_covariance_s20,phase2/results/predictions/full/clean_only/resnet/seed_29/bandpass_n20005_cLA_LL_covariance_s20.npz,76376,bb90bef0c6581bbd5cfdb64180e8785f205320f1ef434ee57676d2bfb714db52
resnet,clean_only,29,bandpass_n20005_cLA_LL_covariance_s15,phase2/results/predictions/full/clean_only/resnet/seed_29/bandpass_n20005_cLA_LL_covariance_s15.npz,76266,fdad51574a7e6bdb5bd78fad2bdb42b0a4e4d9474f8dd27e4110786813460c0d
resnet,clean_only,29,bandpass_n20005_cLA_LL_covariance_s10,phase2/results/predictions/full/clean_only/resnet/seed_29/bandpass_n20005_cLA_LL_covariance_s10.npz,76041,ce4289512f2a34d11936cb7c02aa5477a6b7b5e93be675e849101cb699e8d687
resnet,clean_only,29,bandpass_n20005_cLA_LL_covariance_s5,phase2/results/predictions/full/clean_only/resnet/seed_29/bandpass_n20005_cLA_LL_covariance_s5.npz,75622,9aaae2fff78ebdfd215b6f3b4d4970d3418c1945dd325eddf0411dbd290daf71
resnet,clean_only,29,bandpass_n20005_cLA_LL_covariance_s0,phase2/results/predictions/full/clean_only/resnet/seed_29/bandpass_n20005_cLA_LL_covariance_s0.npz,75180,a316f18e6658b8ea2bdf95f05db720f248a25dd368d2598886b7d02f4cfcc801
resnet,clean_only,29,bandpass_n20005_cRA_LL_independent_rms_s20,phase2/results/predictions/full/clean_only/resnet/seed_29/bandpass_n20005_cRA_LL_independent_rms_s20.npz,76408,7de88c7d290c04739ca06d14524f36e7ff6646c85265bc848586302c25d31828
resnet,clean_only,29,bandpass_n20005_cRA_LL_independent_rms_s15,phase2/results/predictions/full/clean_only/resnet/seed_29/bandpass_n20005_cRA_LL_independent_rms_s15.npz,76321,25637e9c50838e40ac31782997202b53970133b6dd347d535b9eb0fcd92a9bb7
resnet,clean_only,29,bandpass_n20005_cRA_LL_independent_rms_s10,phase2/results/predictions/full/clean_only/resnet/seed_29/bandpass_n20005_cRA_LL_independent_rms_s10.npz,76142,54375b6fb72603f009705093a5ad2c82a866b19b7b6d970c18722593f0bcdc1c
resnet,clean_only,29,bandpass_n20005_cRA_LL_independent_rms_s5,phase2/results/predictions/full/clean_only/resnet/seed_29/bandpass_n20005_cRA_LL_independent_rms_s5.npz,75768,7e5a958f8d3f34330dba4eac205eb864cee7c17b64cad689f4cb6192a328c2bc
resnet,clean_only,29,bandpass_n20005_cRA_LL_independent_rms_s0,phase2/results/predictions/full/clean_only/resnet/seed_29/bandpass_n20005_cRA_LL_independent_rms_s0.npz,75164,3af8909637c1b8398cba28f1e2d0c88b99a3104c133b43aa10deab9db0c54a1d
resnet,clean_only,29,bandpass_n20005_cRA_LL_electrode_s20,phase2/results/predictions/full/clean_only/resnet/seed_29/bandpass_n20005_cRA_LL_electrode_s20.npz,76335,ed06b96e2c6651f495f100128cfa1b96195ee3bd92843fc46b96308eb9d44bad
resnet,clean_only,29,bandpass_n20005_cRA_LL_electrode_s15,phase2/results/predictions/full/clean_only/resnet/seed_29/bandpass_n20005_cRA_LL_electrode_s15.npz,76283,3e5dcf3485038795a8dca8e81f90f99b19244d704b12c1846b79bdd1dd8a8e38
resnet,clean_only,29,bandpass_n20005_cRA_LL_electrode_s10,phase2/results/predictions/full/clean_only/resnet/seed_29/bandpass_n20005_cRA_LL_electrode_s10.npz,76024,1726da4d0d4b06ede650e8dbfa30732e62a5a563e7451b8088036cac2d06b4f4
resnet,clean_only,29,bandpass_n20005_cRA_LL_electrode_s5,phase2/results/predictions/full/clean_only/resnet/seed_29/bandpass_n20005_cRA_LL_electrode_s5.npz,75594,4e4d4b721216ba5958d04a30b05546e472385f695ab769a890d56746deb82a79
resnet,clean_only,29,bandpass_n20005_cRA_LL_electrode_s0,phase2/results/predictions/full/clean_only/resnet/seed_29/bandpass_n20005_cRA_LL_electrode_s0.npz,75087,27129ac938cf8d65bb54a9ee87bcabfe86dc30ca703f33e2d1d291d4d7909bcf
resnet,clean_only,29,bandpass_n20005_cRA_LL_covariance_s20,phase2/results/predictions/full/clean_only/resnet/seed_29/bandpass_n20005_cRA_LL_covariance_s20.npz,76384,bf4dfddb035b5dcff2fd97a5ffcf414f3cbe4e98eeafb303799a47ca772b5d62
resnet,clean_only,29,bandpass_n20005_cRA_LL_covariance_s15,phase2/results/predictions/full/clean_only/resnet/seed_29/bandpass_n20005_cRA_LL_covariance_s15.npz,76269,a90907b3f236a3dc8203a500e6b6483fdeafc289f424fdf5465b353ccb7f399c
resnet,clean_only,29,bandpass_n20005_cRA_LL_covariance_s10,phase2/results/predictions/full/clean_only/resnet/seed_29/bandpass_n20005_cRA_LL_covariance_s10.npz,76003,59cf213db14a5c83c7f7f360520efdfce58f57b74d6c652f4476f165d787b4b0
resnet,clean_only,29,bandpass_n20005_cRA_LL_covariance_s5,phase2/results/predictions/full/clean_only/resnet/seed_29/bandpass_n20005_cRA_LL_covariance_s5.npz,75579,5b936f806f484ef91052e47ff116eae82e8b97b9dbdf70373927f35c25cb08bf
resnet,clean_only,29,bandpass_n20005_cRA_LL_covariance_s0,phase2/results/predictions/full/clean_only/resnet/seed_29/bandpass_n20005_cRA_LL_covariance_s0.npz,75075,77729215f961dfdbdc4e05e7165834ca78dad0a6cc17fe7f421a55b1fd6534d3
resnet,clean_only,29,bandpass_n20005_cRA_independent_rms_s20,phase2/results/predictions/full/clean_only/resnet/seed_29/bandpass_n20005_cRA_independent_rms_s20.npz,76380,d3347659745077786217362e18c0a027e122c5f916751f81565750e8b2a29ef8
resnet,clean_only,29,bandpass_n20005_cRA_independent_rms_s15,phase2/results/predictions/full/clean_only/resnet/seed_29/bandpass_n20005_cRA_independent_rms_s15.npz,76343,b3c6923a2ef608a85c4df79f9ddaea36802fc5f32f6dfda0459606f0a6b4a97a
resnet,clean_only,29,bandpass_n20005_cRA_independent_rms_s10,phase2/results/predictions/full/clean_only/resnet/seed_29/bandpass_n20005_cRA_independent_rms_s10.npz,76153,d2e3b35cb4b12aa68657753f0f3ef6ac78dbfda42f13a15b8a73f58230fa5243
resnet,clean_only,29,bandpass_n20005_cRA_independent_rms_s5,phase2/results/predictions/full/clean_only/resnet/seed_29/bandpass_n20005_cRA_independent_rms_s5.npz,75750,69ca0a46296d1b603a46acfd51aa2826ec6f05da99ff811f758a46320bbbe145
resnet,clean_only,29,bandpass_n20005_cRA_independent_rms_s0,phase2/results/predictions/full/clean_only/resnet/seed_29/bandpass_n20005_cRA_independent_rms_s0.npz,75124,3f461ba7f24780da661740e489703d696f9e5b5abd1992e3601dfb7009e322cb
resnet,clean_only,29,bandpass_n20005_cRA_electrode_s20,phase2/results/predictions/full/clean_only/resnet/seed_29/bandpass_n20005_cRA_electrode_s20.npz,76371,adfab873d04f2589220fdd395e2fbdbbc2c852917af3777dd706c6a34c8d7789
resnet,clean_only,29,bandpass_n20005_cRA_electrode_s15,phase2/results/predictions/full/clean_only/resnet/seed_29/bandpass_n20005_cRA_electrode_s15.npz,76250,ece660a00b963ea80db3cad929d896f1d51bf9c0a34438474f9c45f90228ce65
resnet,clean_only,29,bandpass_n20005_cRA_electrode_s10,phase2/results/predictions/full/clean_only/resnet/seed_29/bandpass_n20005_cRA_electrode_s10.npz,76043,d1dc1a1408289858a544f8b4b660f9a0c8f7cf9279bd5ed1c45bb08e237f071f
resnet,clean_only,29,bandpass_n20005_cRA_electrode_s5,phase2/results/predictions/full/clean_only/resnet/seed_29/bandpass_n20005_cRA_electrode_s5.npz,75569,397a4228ce731210352b96f74bb6cefa898c3ee2d71fdf27bb10f7db15e3ee15
resnet,clean_only,29,bandpass_n20005_cRA_electrode_s0,phase2/results/predictions/full/clean_only/resnet/seed_29/bandpass_n20005_cRA_electrode_s0.npz,74982,3e1761721cc6d74e74bc646a0401a389dc4cbbd3c8706d55104034ecfbcf9416
resnet,clean_only,29,bandpass_n20005_cRA_covariance_s20,phase2/results/predictions/full/clean_only/resnet/seed_29/bandpass_n20005_cRA_covariance_s20.npz,76390,75ed8045993a255f0be64a3a8cf5a2754ccbdd9aaabf0a5646fb87b829c607cf
resnet,clean_only,29,bandpass_n20005_cRA_covariance_s15,phase2/results/predictions/full/clean_only/resnet/seed_29/bandpass_n20005_cRA_covariance_s15.npz,76277,029caff949a04e3f0b0cfa7e83f07913c8d8fbbca092015ec779d9079e9e4295
resnet,clean_only,29,bandpass_n20005_cRA_covariance_s10,phase2/results/predictions/full/clean_only/resnet/seed_29/bandpass_n20005_cRA_covariance_s10.npz,76041,6ef5d02cc829d5417367af7d4eaeb1ef9b911e1f2d464e187d13eb5a9019e5ec
resnet,clean_only,29,bandpass_n20005_cRA_covariance_s5,phase2/results/predictions/full/clean_only/resnet/seed_29/bandpass_n20005_cRA_covariance_s5.npz,75590,8a37ad2a7ba52605d35d4d63d36429a22b2bde95f822fa2ddbee23bb0e5d1fc4
resnet,clean_only,29,bandpass_n20005_cRA_covariance_s0,phase2/results/predictions/full/clean_only/resnet/seed_29/bandpass_n20005_cRA_covariance_s0.npz,74967,0b51436ca098f2a6dd64ed2a3279cee048937467ab6a5bb9f5f0030994b2594e
resnet,clean_only,29,bandpass_n20005_cLA_independent_rms_s20,phase2/results/predictions/full/clean_only/resnet/seed_29/bandpass_n20005_cLA_independent_rms_s20.npz,76392,5659384bd8b78908e465cb969f9a97b1441920a6d513a39be6c66b2476fb9d6a
resnet,clean_only,29,bandpass_n20005_cLA_independent_rms_s15,phase2/results/predictions/full/clean_only/resnet/seed_29/bandpass_n20005_cLA_independent_rms_s15.npz,76343,8d8fca83d0a63c4ba3135354023aa26fa504db96cb66610877b8ef70028d6d00
resnet,clean_only,29,bandpass_n20005_cLA_independent_rms_s10,phase2/results/predictions/full/clean_only/resnet/seed_29/bandpass_n20005_cLA_independent_rms_s10.npz,76163,9b2d9bc7d8f16f0f03586c94bd6e4c02bb1435efacab5aa48bcdfaa7626232e5
resnet,clean_only,29,bandpass_n20005_cLA_independent_rms_s5,phase2/results/predictions/full/clean_only/resnet/seed_29/bandpass_n20005_cLA_independent_rms_s5.npz,75741,5a760fbbda8768a19ff13fb04bdb3411a746e2c0ef12850175b88b7bc17ce700
resnet,clean_only,29,bandpass_n20005_cLA_independent_rms_s0,phase2/results/predictions/full/clean_only/resnet/seed_29/bandpass_n20005_cLA_independent_rms_s0.npz,75171,6eb618670e382ba8fdb895fef6688f5b2011bb66fddb3d7fbb14a6eb1b4d8bfa
resnet,clean_only,29,bandpass_n20005_cLA_electrode_s20,phase2/results/predictions/full/clean_only/resnet/seed_29/bandpass_n20005_cLA_electrode_s20.npz,76347,9d62594fe61a8dc274f3d00b542aeb6a2b51959474881a66054b45825829f50c
resnet,clean_only,29,bandpass_n20005_cLA_electrode_s15,phase2/results/predictions/full/clean_only/resnet/seed_29/bandpass_n20005_cLA_electrode_s15.npz,76310,cf2be2d1bfa5a19ddccac9b03e76e756a68e0311c707253b6b3624f0e389d102
resnet,clean_only,29,bandpass_n20005_cLA_electrode_s10,phase2/results/predictions/full/clean_only/resnet/seed_29/bandpass_n20005_cLA_electrode_s10.npz,76073,c70973b56964af85ba44805025821a3fb00f2a9a7fcf0f8bdf3fd47ce8adda97
resnet,clean_only,29,bandpass_n20005_cLA_electrode_s5,phase2/results/predictions/full/clean_only/resnet/seed_29/bandpass_n20005_cLA_electrode_s5.npz,75623,33441d976e5253344752e6d8854994036eb7d9f7e2bc78d67802050b96860a8b
resnet,clean_only,29,bandpass_n20005_cLA_electrode_s0,phase2/results/predictions/full/clean_only/resnet/seed_29/bandpass_n20005_cLA_electrode_s0.npz,75093,7b13b5ccbda6ff8a42d2eeb65e45fb9f2abec88778cf40473c5f61ce6a0b0ff8
resnet,clean_only,29,bandpass_n20005_cLA_covariance_s20,phase2/results/predictions/full/clean_only/resnet/seed_29/bandpass_n20005_cLA_covariance_s20.npz,76364,03d6a792a2c3100b1da47ab3ec39a9198360881a62cff37087aecda2dbd838de
resnet,clean_only,29,bandpass_n20005_cLA_covariance_s15,phase2/results/predictions/full/clean_only/resnet/seed_29/bandpass_n20005_cLA_covariance_s15.npz,76275,e702ba9d86307ec8c228689ae5458ac8805e367b2e136bd4c061b8edd930dd01
resnet,clean_only,29,bandpass_n20005_cLA_covariance_s10,phase2/results/predictions/full/clean_only/resnet/seed_29/bandpass_n20005_cLA_covariance_s10.npz,76054,6c199b48022883580c4438cffb0567f7741419af7a0f600916f78cc840c9ad9f
resnet,clean_only,29,bandpass_n20005_cLA_covariance_s5,phase2/results/predictions/full/clean_only/resnet/seed_29/bandpass_n20005_cLA_covariance_s5.npz,75661,e124a299aef9dd1ab44ec8513702f5d96fcc0fec84b680e46815d09221eacbcd
resnet,clean_only,29,bandpass_n20005_cLA_covariance_s0,phase2/results/predictions/full/clean_only/resnet/seed_29/bandpass_n20005_cLA_covariance_s0.npz,75123,23a234f094d0ec955d0819bfdf970237a6cf223a1c359868a12f321ad73a9d61
resnet,clean_only,29,bandpass_n20005_cLL_independent_rms_s20,phase2/results/predictions/full/clean_only/resnet/seed_29/bandpass_n20005_cLL_independent_rms_s20.npz,76411,0871051570c396c16a32ead91cacba104fcf09cf9f60a6856a5ea639925e1df0
resnet,clean_only,29,bandpass_n20005_cLL_independent_rms_s15,phase2/results/predictions/full/clean_only/resnet/seed_29/bandpass_n20005_cLL_independent_rms_s15.npz,76351,c7f8a0cfaad4830a6c91ad65d5ded8325ad56f587a944da388efb0803b240efa
resnet,clean_only,29,bandpass_n20005_cLL_independent_rms_s10,phase2/results/predictions/full/clean_only/resnet/seed_29/bandpass_n20005_cLL_independent_rms_s10.npz,76186,267ba804321d9e6342a67b7f53c174f23d4bec5d42351080ca99bfa8ee29e417
resnet,clean_only,29,bandpass_n20005_cLL_independent_rms_s5,phase2/results/predictions/full/clean_only/resnet/seed_29/bandpass_n20005_cLL_independent_rms_s5.npz,75782,a1966f41d726fc54da3b8068b10aeef7c0a8b5f803d7a52dff384cf9ec607879
resnet,clean_only,29,bandpass_n20005_cLL_independent_rms_s0,phase2/results/predictions/full/clean_only/resnet/seed_29/bandpass_n20005_cLL_independent_rms_s0.npz,75144,b7ababa95bf57316fae60cbb16ac4e766b571c9d55a75fb2e31e04533fa412d6
resnet,clean_only,29,bandpass_n20005_cLL_electrode_s20,phase2/results/predictions/full/clean_only/resnet/seed_29/bandpass_n20005_cLL_electrode_s20.npz,76373,6a4d361712cb73f703a6401b041682fdff15c1b98e1d9931b5bb02b8f1b585d5
resnet,clean_only,29,bandpass_n20005_cLL_electrode_s15,phase2/results/predictions/full/clean_only/resnet/seed_29/bandpass_n20005_cLL_electrode_s15.npz,76278,1f4dfd55061897cb3075b1c901049eb417649a1d703f7924fe656cc79707f6e9
resnet,clean_only,29,bandpass_n20005_cLL_electrode_s10,phase2/results/predictions/full/clean_only/resnet/seed_29/bandpass_n20005_cLL_electrode_s10.npz,76029,ee83a437545d4c9a4a29838c904e5cbb9d59d3812c7c4ad587426cbdba67a438
resnet,clean_only,29,bandpass_n20005_cLL_electrode_s5,phase2/results/predictions/full/clean_only/resnet/seed_29/bandpass_n20005_cLL_electrode_s5.npz,75627,128dab090a6a15f30aedb2048948966fed08371c013bfe142a0424ace0814324
resnet,clean_only,29,bandpass_n20005_cLL_electrode_s0,phase2/results/predictions/full/clean_only/resnet/seed_29/bandpass_n20005_cLL_electrode_s0.npz,75240,cac1e62a4276a0f131073cbd276e37b2aa1add60081bfd18f938803f2e153fca
resnet,clean_only,29,bandpass_n20005_cLL_covariance_s20,phase2/results/predictions/full/clean_only/resnet/seed_29/bandpass_n20005_cLL_covariance_s20.npz,76373,e2590a65cac5be6ce0fcf509fa6e9d7f23979223f0c9636f44cc500cac4ea660
resnet,clean_only,29,bandpass_n20005_cLL_covariance_s15,phase2/results/predictions/full/clean_only/resnet/seed_29/bandpass_n20005_cLL_covariance_s15.npz,76241,d930a7c6131042c77a2dc3bc38de819fc338cb4cedf171deaedb59d356f1c779
resnet,clean_only,29,bandpass_n20005_cLL_covariance_s10,phase2/results/predictions/full/clean_only/resnet/seed_29/bandpass_n20005_cLL_covariance_s10.npz,76057,ecab4ad1bc8ec5c79e916a4b7c515becaf4f51b5419c884c0fea638dbf0fc190
resnet,clean_only,29,bandpass_n20005_cLL_covariance_s5,phase2/results/predictions/full/clean_only/resnet/seed_29/bandpass_n20005_cLL_covariance_s5.npz,75615,9651ea5b438be2dddcce1317ebb39d5f8635a9d35c4a51ecfcdca385d0c87fcb
resnet,clean_only,29,bandpass_n20005_cLL_covariance_s0,phase2/results/predictions/full/clean_only/resnet/seed_29/bandpass_n20005_cLL_covariance_s0.npz,75229,ef755a4c94c58ec71df5f512edd4d7dcbc05e590bd7a83c466b9f9811bd1b5b2
resnet,clean_only,29,bandpass_n20005_cRA_V1_independent_rms_s20,phase2/results/predictions/full/clean_only/resnet/seed_29/bandpass_n20005_cRA_V1_independent_rms_s20.npz,76410,803e16ea26d6015dbc97143ff16e5169d228a7a2a2c696b84f1c310dfbcbdcc0
resnet,clean_only,29,bandpass_n20005_cRA_V1_independent_rms_s15,phase2/results/predictions/full/clean_only/resnet/seed_29/bandpass_n20005_cRA_V1_independent_rms_s15.npz,76376,e54837fc3af81be536312a31495bb20c2fca04d6f17c4e0f35e725114665c121
resnet,clean_only,29,bandpass_n20005_cRA_V1_independent_rms_s10,phase2/results/predictions/full/clean_only/resnet/seed_29/bandpass_n20005_cRA_V1_independent_rms_s10.npz,76183,dac307977965172dc95525c6ad42f0ff1bade27c25eb67284821c2f8f15f4f66
resnet,clean_only,29,bandpass_n20005_cRA_V1_independent_rms_s5,phase2/results/predictions/full/clean_only/resnet/seed_29/bandpass_n20005_cRA_V1_independent_rms_s5.npz,75734,98684591a0822ca91e2fc67d5f1aedcc6a280f077cbe566a75e1063d9dd1c686
resnet,clean_only,29,bandpass_n20005_cRA_V1_independent_rms_s0,phase2/results/predictions/full/clean_only/resnet/seed_29/bandpass_n20005_cRA_V1_independent_rms_s0.npz,75107,6618704d5f5cdc30f931977bb390dfc830b6792880002daba52d69f346998cfa
resnet,clean_only,29,bandpass_n20005_cRA_V1_electrode_s20,phase2/results/predictions/full/clean_only/resnet/seed_29/bandpass_n20005_cRA_V1_electrode_s20.npz,76380,9d6e242f3356894caf0dcc42c18f7b290b2cdb486c886d6a07872fe89f835da2
resnet,clean_only,29,bandpass_n20005_cRA_V1_electrode_s15,phase2/results/predictions/full/clean_only/resnet/seed_29/bandpass_n20005_cRA_V1_electrode_s15.npz,76315,cc40408142e48cbbe9458bdb1f56d63c887ff1f692b8289637c0d1ca3a29fb38
resnet,clean_only,29,bandpass_n20005_cRA_V1_electrode_s10,phase2/results/predictions/full/clean_only/resnet/seed_29/bandpass_n20005_cRA_V1_electrode_s10.npz,76064,417a93f30d56e3711ee8abd960baff724042a69428cd2bba25c6e093a02ab0e0
resnet,clean_only,29,bandpass_n20005_cRA_V1_electrode_s5,phase2/results/predictions/full/clean_only/resnet/seed_29/bandpass_n20005_cRA_V1_electrode_s5.npz,75601,1265dfc9ad34ac7d3e6427477c7efd997061e70e619063876b579bd1b7d60613
resnet,clean_only,29,bandpass_n20005_cRA_V1_electrode_s0,phase2/results/predictions/full/clean_only/resnet/seed_29/bandpass_n20005_cRA_V1_electrode_s0.npz,74969,5fe78ec465b86138f8e882f3d13bae5fa4852c828f2c842396662a8e11b2205d
resnet,clean_only,29,bandpass_n20005_cRA_V1_covariance_s20,phase2/results/predictions/full/clean_only/resnet/seed_29/bandpass_n20005_cRA_V1_covariance_s20.npz,76371,9669acaf344c32f42192ddaa655184b6a0d0d00dd879d90f8ee6457906dce2cb
resnet,clean_only,29,bandpass_n20005_cRA_V1_covariance_s15,phase2/results/predictions/full/clean_only/resnet/seed_29/bandpass_n20005_cRA_V1_covariance_s15.npz,76308,764ad3a9cb1b7f28aa5b54b5415b73df0461bb0af9e90b01f63426f0cfb45738
resnet,clean_only,29,bandpass_n20005_cRA_V1_covariance_s10,phase2/results/predictions/full/clean_only/resnet/seed_29/bandpass_n20005_cRA_V1_covariance_s10.npz,76088,a489295f8470e5c68841c445a48a02fc186cf1f45565acc816db0a00608cebc6
resnet,clean_only,29,bandpass_n20005_cRA_V1_covariance_s5,phase2/results/predictions/full/clean_only/resnet/seed_29/bandpass_n20005_cRA_V1_covariance_s5.npz,75597,2e61e63884160892f51912bc57ddb5ab59a364d2896698db72ae69a5dae51e1c
resnet,clean_only,29,bandpass_n20005_cRA_V1_covariance_s0,phase2/results/predictions/full/clean_only/resnet/seed_29/bandpass_n20005_cRA_V1_covariance_s0.npz,74985,edd59ade907ed91a2e4783c55bf57c7ce62709c75efaf2ac47719bc49c02d729
resnet,clean_only,29,bandpass_n20005_cLA_V6_independent_rms_s20,phase2/results/predictions/full/clean_only/resnet/seed_29/bandpass_n20005_cLA_V6_independent_rms_s20.npz,76406,99945ed29eb64d5d5c8a99fd492fadcea6b227aae2f9a9b56e0d7dc06467f3aa
resnet,clean_only,29,bandpass_n20005_cLA_V6_independent_rms_s15,phase2/results/predictions/full/clean_only/resnet/seed_29/bandpass_n20005_cLA_V6_independent_rms_s15.npz,76384,3836eacce8318d53200ac6022158229c46556bf71f69f2b65306c217b730f81c
resnet,clean_only,29,bandpass_n20005_cLA_V6_independent_rms_s10,phase2/results/predictions/full/clean_only/resnet/seed_29/bandpass_n20005_cLA_V6_independent_rms_s10.npz,76171,cf1fb78ec4e660f23a5bf1ba3733f608e07741b1701c7213efd104e752961117
resnet,clean_only,29,bandpass_n20005_cLA_V6_independent_rms_s5,phase2/results/predictions/full/clean_only/resnet/seed_29/bandpass_n20005_cLA_V6_independent_rms_s5.npz,75794,d161d3e7aa8fe7af1a5c703e9e3842f6e00ecd55eea7cf3e8034d01cf67aa344
resnet,clean_only,29,bandpass_n20005_cLA_V6_independent_rms_s0,phase2/results/predictions/full/clean_only/resnet/seed_29/bandpass_n20005_cLA_V6_independent_rms_s0.npz,75203,5b901c1e570829901a887371839df35402f3375b064644e80c40d5bd19034e76
resnet,clean_only,29,bandpass_n20005_cLA_V6_electrode_s20,phase2/results/predictions/full/clean_only/resnet/seed_29/bandpass_n20005_cLA_V6_electrode_s20.npz,76372,5168bb4f66ee6ca27a91ad112805553fdc0e7cbf5f833a2934fa2edf41d35ab4
resnet,clean_only,29,bandpass_n20005_cLA_V6_electrode_s15,phase2/results/predictions/full/clean_only/resnet/seed_29/bandpass_n20005_cLA_V6_electrode_s15.npz,76301,55c1bfeb38cc8326478f100ebd614fcdf4ec67e6ea6e70847ab97feadcd0d298
resnet,clean_only,29,bandpass_n20005_cLA_V6_electrode_s10,phase2/results/predictions/full/clean_only/resnet/seed_29/bandpass_n20005_cLA_V6_electrode_s10.npz,76140,cd8d3c6780f66481a2d9ad385e46f56e7adaddb30cdb6e476ed95881ff3fa079
resnet,clean_only,29,bandpass_n20005_cLA_V6_electrode_s5,phase2/results/predictions/full/clean_only/resnet/seed_29/bandpass_n20005_cLA_V6_electrode_s5.npz,75706,1202441d1a98f220d57b6d64dbbb9ac0412f326ee3ff7c74c8670c294e07b514
resnet,clean_only,29,bandpass_n20005_cLA_V6_electrode_s0,phase2/results/predictions/full/clean_only/resnet/seed_29/bandpass_n20005_cLA_V6_electrode_s0.npz,75147,ac01f7921259770f7a7978ecc0584e58e34193a35fcff6924ba78bb5d49a612f
resnet,clean_only,29,bandpass_n20005_cLA_V6_covariance_s20,phase2/results/predictions/full/clean_only/resnet/seed_29/bandpass_n20005_cLA_V6_covariance_s20.npz,76418,080f27f0a7c7354cb8379a1e5f28057a137e44b1f6ae3fe60d869abc1e40bd46
resnet,clean_only,29,bandpass_n20005_cLA_V6_covariance_s15,phase2/results/predictions/full/clean_only/resnet/seed_29/bandpass_n20005_cLA_V6_covariance_s15.npz,76322,6589a0c35fd51a8d70a15a65e64666e12c991f24bb3a6de66d80e53acf2fda83
resnet,clean_only,29,bandpass_n20005_cLA_V6_covariance_s10,phase2/results/predictions/full/clean_only/resnet/seed_29/bandpass_n20005_cLA_V6_covariance_s10.npz,76109,51670375a5e63b76f876909b52f18f71eb3300730382a57538e6e01eab86b775
resnet,clean_only,29,bandpass_n20005_cLA_V6_covariance_s5,phase2/results/predictions/full/clean_only/resnet/seed_29/bandpass_n20005_cLA_V6_covariance_s5.npz,75743,aca60f7e9cc37a332ff3746c288688f3105a1b0cc1781ddc26aaf5f1b3c702f7
resnet,clean_only,29,bandpass_n20005_cLA_V6_covariance_s0,phase2/results/predictions/full/clean_only/resnet/seed_29/bandpass_n20005_cLA_V6_covariance_s0.npz,75156,86d9b7ab4eac4631c8314c348a7ed0864db5a49988588acf38c678c87c18205f
resnet,clean_only,29,bandpass_n20005_cLL_V4_independent_rms_s20,phase2/results/predictions/full/clean_only/resnet/seed_29/bandpass_n20005_cLL_V4_independent_rms_s20.npz,76409,43b4d07b618bb439422fca35995027dd60c733dde0f0a104524f59280658b7b4
resnet,clean_only,29,bandpass_n20005_cLL_V4_independent_rms_s15,phase2/results/predictions/full/clean_only/resnet/seed_29/bandpass_n20005_cLL_V4_independent_rms_s15.npz,76382,bc8b9dba511c2ab65d6f1d9ce0eed5ded11bd3d0c8cab9a3b32602088e1e0501
resnet,clean_only,29,bandpass_n20005_cLL_V4_independent_rms_s10,phase2/results/predictions/full/clean_only/resnet/seed_29/bandpass_n20005_cLL_V4_independent_rms_s10.npz,76211,7f69387e35343efe39182aae6364044870c4e7a1ecea8ec05b7d136c2611e417
resnet,clean_only,29,bandpass_n20005_cLL_V4_independent_rms_s5,phase2/results/predictions/full/clean_only/resnet/seed_29/bandpass_n20005_cLL_V4_independent_rms_s5.npz,75834,97c7692d514fbf6e14ff5eb9f9cd89f0b3054739e4ba03adae4701ad72811792
resnet,clean_only,29,bandpass_n20005_cLL_V4_independent_rms_s0,phase2/results/predictions/full/clean_only/resnet/seed_29/bandpass_n20005_cLL_V4_independent_rms_s0.npz,75208,a794af7dea3fa47d7bd903abec151cde6b8ad97ce9fe6e1a645ca3fb0073a8be
resnet,clean_only,29,bandpass_n20005_cLL_V4_electrode_s20,phase2/results/predictions/full/clean_only/resnet/seed_29/bandpass_n20005_cLL_V4_electrode_s20.npz,76400,3d18d5a00faa40006db8c02007bfdf9d92312463a086ceba8bbc5aebb2dcb177
resnet,clean_only,29,bandpass_n20005_cLL_V4_electrode_s15,phase2/results/predictions/full/clean_only/resnet/seed_29/bandpass_n20005_cLL_V4_electrode_s15.npz,76329,091fcec89a7ea895f1b8c63228d2dbb234b99f0a5dfcd1e6b42e7c80bf38b2b9
resnet,clean_only,29,bandpass_n20005_cLL_V4_electrode_s10,phase2/results/predictions/full/clean_only/resnet/seed_29/bandpass_n20005_cLL_V4_electrode_s10.npz,76086,eadedfa06a0a23c99c8dbfd71f6ceee15ea46650a369b6a560c34c5ea782cf03
resnet,clean_only,29,bandpass_n20005_cLL_V4_electrode_s5,phase2/results/predictions/full/clean_only/resnet/seed_29/bandpass_n20005_cLL_V4_electrode_s5.npz,75619,3beb9b2fd9fbf47431eb1a6aeeafdbe5c07270fe8d7a954ca02f07d7358fd283
resnet,clean_only,29,bandpass_n20005_cLL_V4_electrode_s0,phase2/results/predictions/full/clean_only/resnet/seed_29/bandpass_n20005_cLL_V4_electrode_s0.npz,75279,05f8409a7ca6d9ab444406047ddbc10ae7bb437cddd65c8d2e46207f49bb678a
resnet,clean_only,29,bandpass_n20005_cLL_V4_covariance_s20,phase2/results/predictions/full/clean_only/resnet/seed_29/bandpass_n20005_cLL_V4_covariance_s20.npz,76389,9db7feb483efc6168f3757cb9a91f71469fbc1141346aa7023fc31710e8ce5be
resnet,clean_only,29,bandpass_n20005_cLL_V4_covariance_s15,phase2/results/predictions/full/clean_only/resnet/seed_29/bandpass_n20005_cLL_V4_covariance_s15.npz,76308,3dd32f7e444baca39bf969c2fb719253bf14d11a38ca156e0496970c2401fec8
resnet,clean_only,29,bandpass_n20005_cLL_V4_covariance_s10,phase2/results/predictions/full/clean_only/resnet/seed_29/bandpass_n20005_cLL_V4_covariance_s10.npz,76075,8d6ca01c0a4971debe4da8baaa47a20c348452f437090a3bd9cc61337c7942ed
resnet,clean_only,29,bandpass_n20005_cLL_V4_covariance_s5,phase2/results/predictions/full/clean_only/resnet/seed_29/bandpass_n20005_cLL_V4_covariance_s5.npz,75682,5f45824f06eaac2c827218e7d97498526a95e9f181b8a0fec73e437e3df588dc
resnet,clean_only,29,bandpass_n20005_cLL_V4_covariance_s0,phase2/results/predictions/full/clean_only/resnet/seed_29/bandpass_n20005_cLL_V4_covariance_s0.npz,75251,0bf7a25498095b504a280f1d90d2a84788f8995bdd9661cff0fd46801a58c854
resnet,clean_only,29,bandpass_n20005_cRA_LA_V1_V6_independent_rms_s20,phase2/results/predictions/full/clean_only/resnet/seed_29/bandpass_n20005_cRA_LA_V1_V6_independent_rms_s20.npz,76395,20bca923c96e03158808b27c39a33e0650fee9217c80cab5310f19d050ca2d97
resnet,clean_only,29,bandpass_n20005_cRA_LA_V1_V6_independent_rms_s15,phase2/results/predictions/full/clean_only/resnet/seed_29/bandpass_n20005_cRA_LA_V1_V6_independent_rms_s15.npz,76363,359d9e29a13876c6bc6a2c4676537f682ae7fb9470c12d5466835f730a608bd5
resnet,clean_only,29,bandpass_n20005_cRA_LA_V1_V6_independent_rms_s10,phase2/results/predictions/full/clean_only/resnet/seed_29/bandpass_n20005_cRA_LA_V1_V6_independent_rms_s10.npz,76178,5edbb2afebdd71e9154331bcea0adbdfe7505f981439456e09dc33ce1b6fe409
resnet,clean_only,29,bandpass_n20005_cRA_LA_V1_V6_independent_rms_s5,phase2/results/predictions/full/clean_only/resnet/seed_29/bandpass_n20005_cRA_LA_V1_V6_independent_rms_s5.npz,75809,1280edb7db75d86700c0cb11a5b698ad8b7af3f726db1349999195af14dbb9b4
resnet,clean_only,29,bandpass_n20005_cRA_LA_V1_V6_independent_rms_s0,phase2/results/predictions/full/clean_only/resnet/seed_29/bandpass_n20005_cRA_LA_V1_V6_independent_rms_s0.npz,75159,c53408d54e30d1db240defdb14c148b07152146b2ec9891818347a3697566779
resnet,clean_only,29,bandpass_n20005_cRA_LA_V1_V6_electrode_s20,phase2/results/predictions/full/clean_only/resnet/seed_29/bandpass_n20005_cRA_LA_V1_V6_electrode_s20.npz,76428,4d8d8458c440512dc4e98d2a627c0634cafbedd6fb045771500db4a48a94c039
resnet,clean_only,29,bandpass_n20005_cRA_LA_V1_V6_electrode_s15,phase2/results/predictions/full/clean_only/resnet/seed_29/bandpass_n20005_cRA_LA_V1_V6_electrode_s15.npz,76343,6a6aa4d0c4628c1c0ac5b2306a8700200766c5d59a18a42a066b290ac398dc94
resnet,clean_only,29,bandpass_n20005_cRA_LA_V1_V6_electrode_s10,phase2/results/predictions/full/clean_only/resnet/seed_29/bandpass_n20005_cRA_LA_V1_V6_electrode_s10.npz,76081,e6c3bc104ec33bcf7d7ca59bbc356f6555011a539e6215ca882ebc9908c5cca4
resnet,clean_only,29,bandpass_n20005_cRA_LA_V1_V6_electrode_s5,phase2/results/predictions/full/clean_only/resnet/seed_29/bandpass_n20005_cRA_LA_V1_V6_electrode_s5.npz,75630,a71df3d181e233c7bbe1c33bff5e9238a10f328ecaeeacde628283ef1108e4a8
resnet,clean_only,29,bandpass_n20005_cRA_LA_V1_V6_electrode_s0,phase2/results/predictions/full/clean_only/resnet/seed_29/bandpass_n20005_cRA_LA_V1_V6_electrode_s0.npz,75061,06f04e1dc8b09be0189f2ab6fc41bc9f8f6ab7405a26b482c9cb55c1d81d8f87
resnet,clean_only,29,bandpass_n20005_cRA_LA_V1_V6_covariance_s20,phase2/results/predictions/full/clean_only/resnet/seed_29/bandpass_n20005_cRA_LA_V1_V6_covariance_s20.npz,76375,265dd21e70bbfb50ff5720fe933a19b2157c1b6e1830b934d3bc52418fa43e82
resnet,clean_only,29,bandpass_n20005_cRA_LA_V1_V6_covariance_s15,phase2/results/predictions/full/clean_only/resnet/seed_29/bandpass_n20005_cRA_LA_V1_V6_covariance_s15.npz,76294,bb429cfede65587553eae1317f26c5eb703644dd6ba68c5009db04d9fa804556
resnet,clean_only,29,bandpass_n20005_cRA_LA_V1_V6_covariance_s10,phase2/results/predictions/full/clean_only/resnet/seed_29/bandpass_n20005_cRA_LA_V1_V6_covariance_s10.npz,76097,996f189847e1ec82370a0de70c39e6ca4dae5472b3367bf5cf3db9a6d975ab72
resnet,clean_only,29,bandpass_n20005_cRA_LA_V1_V6_covariance_s5,phase2/results/predictions/full/clean_only/resnet/seed_29/bandpass_n20005_cRA_LA_V1_V6_covariance_s5.npz,75639,96022e6e2ac4a51addd9b6f9e383181dd037b0ae5f3707f1f8a1c810c803f24a
resnet,clean_only,29,bandpass_n20005_cRA_LA_V1_V6_covariance_s0,phase2/results/predictions/full/clean_only/resnet/seed_29/bandpass_n20005_cRA_LA_V1_V6_covariance_s0.npz,75060,0f443f978b3b4fbf37753eb7e1624f379d3bf2e350c045b537a94f7ebb0911bc
resnet,clean_only,29,bandpass_n20005_cRA_V2_V5_independent_rms_s20,phase2/results/predictions/full/clean_only/resnet/seed_29/bandpass_n20005_cRA_V2_V5_independent_rms_s20.npz,76409,d80a05db234b251bea5b47b80e0f338aea506141f4bfb677d98631057b1dd37c
resnet,clean_only,29,bandpass_n20005_cRA_V2_V5_independent_rms_s15,phase2/results/predictions/full/clean_only/resnet/seed_29/bandpass_n20005_cRA_V2_V5_independent_rms_s15.npz,76355,06180461c3e8a7b27c20e17330c67c3742834aecc29caca36492d87148c70118
resnet,clean_only,29,bandpass_n20005_cRA_V2_V5_independent_rms_s10,phase2/results/predictions/full/clean_only/resnet/seed_29/bandpass_n20005_cRA_V2_V5_independent_rms_s10.npz,76166,a94654d3fea8e384ad960add78da15b331389723ee4da70e824c4a33cf3ccfcb
resnet,clean_only,29,bandpass_n20005_cRA_V2_V5_independent_rms_s5,phase2/results/predictions/full/clean_only/resnet/seed_29/bandpass_n20005_cRA_V2_V5_independent_rms_s5.npz,75830,d996ec0b7647eee7d50ef2547bb2b50c16fc881fdbcf94057afb34c90c666b50
resnet,clean_only,29,bandpass_n20005_cRA_V2_V5_independent_rms_s0,phase2/results/predictions/full/clean_only/resnet/seed_29/bandpass_n20005_cRA_V2_V5_independent_rms_s0.npz,75136,4437e8518acf640a56fe0d85a5cfd30e033561d6a6667e3aa7d63add585be1d2
resnet,clean_only,29,bandpass_n20005_cRA_V2_V5_electrode_s20,phase2/results/predictions/full/clean_only/resnet/seed_29/bandpass_n20005_cRA_V2_V5_electrode_s20.npz,76372,7d5f24a714ffbcabe6e5332e9ab111f5c75808e1ddc7f39ac070fc69751b4c57
resnet,clean_only,29,bandpass_n20005_cRA_V2_V5_electrode_s15,phase2/results/predictions/full/clean_only/resnet/seed_29/bandpass_n20005_cRA_V2_V5_electrode_s15.npz,76299,acd7bbea8e88934ea054b87d0c006ed063c6c26c195335162516a8cd4b71c254
resnet,clean_only,29,bandpass_n20005_cRA_V2_V5_electrode_s10,phase2/results/predictions/full/clean_only/resnet/seed_29/bandpass_n20005_cRA_V2_V5_electrode_s10.npz,76098,65b208696fb1717b83bd42d974b3275ab72417142e0021e62234d243f5d05369
resnet,clean_only,29,bandpass_n20005_cRA_V2_V5_electrode_s5,phase2/results/predictions/full/clean_only/resnet/seed_29/bandpass_n20005_cRA_V2_V5_electrode_s5.npz,75654,ba26f4421b64f1da48dff19e797dcd0ab12f44d197bcea13b537c45f5ce36877
resnet,clean_only,29,bandpass_n20005_cRA_V2_V5_electrode_s0,phase2/results/predictions/full/clean_only/resnet/seed_29/bandpass_n20005_cRA_V2_V5_electrode_s0.npz,74986,8b35eba28193ba675c8d94dbc1b7abe229b08de7e038d11f9dcce720a2c7753c
resnet,clean_only,29,bandpass_n20005_cRA_V2_V5_covariance_s20,phase2/results/predictions/full/clean_only/resnet/seed_29/bandpass_n20005_cRA_V2_V5_covariance_s20.npz,76395,2985394894b566b45d3bcbcb10420a29ee8f5a43cc82934317aa710e44099d5f
resnet,clean_only,29,bandpass_n20005_cRA_V2_V5_covariance_s15,phase2/results/predictions/full/clean_only/resnet/seed_29/bandpass_n20005_cRA_V2_V5_covariance_s15.npz,76300,06697099405198d1ed4fc5f33f8f5757d1d681e692e0a2263eb7478b0818549b
resnet,clean_only,29,bandpass_n20005_cRA_V2_V5_covariance_s10,phase2/results/predictions/full/clean_only/resnet/seed_29/bandpass_n20005_cRA_V2_V5_covariance_s10.npz,76112,0e2433bc455ed2eed23835e16842197a16266ffba49625129bb511583be7100e
resnet,clean_only,29,bandpass_n20005_cRA_V2_V5_covariance_s5,phase2/results/predictions/full/clean_only/resnet/seed_29/bandpass_n20005_cRA_V2_V5_covariance_s5.npz,75647,bbd862238ecbd032a76221e7e03a9cdcf83cfcf0751cf0ecca65cd57865bc837
resnet,clean_only,29,bandpass_n20005_cRA_V2_V5_covariance_s0,phase2/results/predictions/full/clean_only/resnet/seed_29/bandpass_n20005_cRA_V2_V5_covariance_s0.npz,75028,45066068bb8b0136c6f0cef4a8da6deda2b8d1bb03fdba7aa434bb6e7bbbd570
resnet,clean_only,29,bandpass_n20005_cLA_V3_V6_independent_rms_s20,phase2/results/predictions/full/clean_only/resnet/seed_29/bandpass_n20005_cLA_V3_V6_independent_rms_s20.npz,76426,0f274b6b8810cbf1ed059a8c97fb64ac94645fa83adecaf688d25047a291f4b0
resnet,clean_only,29,bandpass_n20005_cLA_V3_V6_independent_rms_s15,phase2/results/predictions/full/clean_only/resnet/seed_29/bandpass_n20005_cLA_V3_V6_independent_rms_s15.npz,76380,c1225b3e9520da56ab0a236bf3505cb2e210df732a3bb41c580fa621830a097a
resnet,clean_only,29,bandpass_n20005_cLA_V3_V6_independent_rms_s10,phase2/results/predictions/full/clean_only/resnet/seed_29/bandpass_n20005_cLA_V3_V6_independent_rms_s10.npz,76199,910606306979fd641f397fe686de556085f79677afd009785a542dec3de93df7
resnet,clean_only,29,bandpass_n20005_cLA_V3_V6_independent_rms_s5,phase2/results/predictions/full/clean_only/resnet/seed_29/bandpass_n20005_cLA_V3_V6_independent_rms_s5.npz,75881,30a2ca01e1a9643be03192f0f9f3393f56171d8531e3d1307db1e165b40c6ee8
resnet,clean_only,29,bandpass_n20005_cLA_V3_V6_independent_rms_s0,phase2/results/predictions/full/clean_only/resnet/seed_29/bandpass_n20005_cLA_V3_V6_independent_rms_s0.npz,75208,ce2036e2ae195c6d9b77aafe0cdef7d2b4536ab1055b381c21ee00d33d9e8ea5
resnet,clean_only,29,bandpass_n20005_cLA_V3_V6_electrode_s20,phase2/results/predictions/full/clean_only/resnet/seed_29/bandpass_n20005_cLA_V3_V6_electrode_s20.npz,76374,749094dedc9434ead56d815652271edd0489d93004813834595c9bf9b783b057
resnet,clean_only,29,bandpass_n20005_cLA_V3_V6_electrode_s15,phase2/results/predictions/full/clean_only/resnet/seed_29/bandpass_n20005_cLA_V3_V6_electrode_s15.npz,76323,c6288f3e5b3ff320aca24f9bda7c5b548d5a97bfb59878838d99fd348cdfac17
resnet,clean_only,29,bandpass_n20005_cLA_V3_V6_electrode_s10,phase2/results/predictions/full/clean_only/resnet/seed_29/bandpass_n20005_cLA_V3_V6_electrode_s10.npz,76137,2ade3b110b3285adb21fa0bf409d9f87717fa040c1c86545793037872e8aa140
resnet,clean_only,29,bandpass_n20005_cLA_V3_V6_electrode_s5,phase2/results/predictions/full/clean_only/resnet/seed_29/bandpass_n20005_cLA_V3_V6_electrode_s5.npz,75785,06b733f0bd7b97ba2a6caf83dc58224a4be0163a021310417e42b9c2bd6d3f55
resnet,clean_only,29,bandpass_n20005_cLA_V3_V6_electrode_s0,phase2/results/predictions/full/clean_only/resnet/seed_29/bandpass_n20005_cLA_V3_V6_electrode_s0.npz,75152,3f6b85d46477a398ab36cf20c2dec0c47d7ee919225724f2b94bead7eebdeb0d
resnet,clean_only,29,bandpass_n20005_cLA_V3_V6_covariance_s20,phase2/results/predictions/full/clean_only/resnet/seed_29/bandpass_n20005_cLA_V3_V6_covariance_s20.npz,76398,f62f7fe46c41201bb0c00e119b891afd1768c1c90612af8a869ad6dbe2268c48
resnet,clean_only,29,bandpass_n20005_cLA_V3_V6_covariance_s15,phase2/results/predictions/full/clean_only/resnet/seed_29/bandpass_n20005_cLA_V3_V6_covariance_s15.npz,76337,75cf991ae449921e459d999fc3644836cff2f5f7250480cf0577477ce00f959c
resnet,clean_only,29,bandpass_n20005_cLA_V3_V6_covariance_s10,phase2/results/predictions/full/clean_only/resnet/seed_29/bandpass_n20005_cLA_V3_V6_covariance_s10.npz,76165,1a4d84d1f0383190b3098e555e33dfbc21797c282797aaebb53060ef739000d3
resnet,clean_only,29,bandpass_n20005_cLA_V3_V6_covariance_s5,phase2/results/predictions/full/clean_only/resnet/seed_29/bandpass_n20005_cLA_V3_V6_covariance_s5.npz,75734,022f45328a7695d6c0010ba0e7f124838d5c9cc0d9b1d2b993ef8ab5a54a9f3a
resnet,clean_only,29,bandpass_n20005_cLA_V3_V6_covariance_s0,phase2/results/predictions/full/clean_only/resnet/seed_29/bandpass_n20005_cLA_V3_V6_covariance_s0.npz,75178,7a7cd626d03ca44f4fd385b202d359c9556ce0c937bb1e00860df8576ebcd85e
resnet,clean_only,29,bandpass_n20005_cLL_V1_V4_independent_rms_s20,phase2/results/predictions/full/clean_only/resnet/seed_29/bandpass_n20005_cLL_V1_V4_independent_rms_s20.npz,76425,9f0edb0b72f16c46958b499fcf022165f62733420c98b61dbdcd81d419501807
resnet,clean_only,29,bandpass_n20005_cLL_V1_V4_independent_rms_s15,phase2/results/predictions/full/clean_only/resnet/seed_29/bandpass_n20005_cLL_V1_V4_independent_rms_s15.npz,76363,1f6dfab9ad3eb54fc1c19c20c742d658d965eb803a145c02969587cf9c46c539
resnet,clean_only,29,bandpass_n20005_cLL_V1_V4_independent_rms_s10,phase2/results/predictions/full/clean_only/resnet/seed_29/bandpass_n20005_cLL_V1_V4_independent_rms_s10.npz,76218,a6d70390cd738d7acbba31ebb2ab525fc0e50ecda3da657ddec44fb0f92b215c
resnet,clean_only,29,bandpass_n20005_cLL_V1_V4_independent_rms_s5,phase2/results/predictions/full/clean_only/resnet/seed_29/bandpass_n20005_cLL_V1_V4_independent_rms_s5.npz,75800,1e1541914baed80f15de800ec3cdaccf38763a48f3db7990d47ea46457753a28
resnet,clean_only,29,bandpass_n20005_cLL_V1_V4_independent_rms_s0,phase2/results/predictions/full/clean_only/resnet/seed_29/bandpass_n20005_cLL_V1_V4_independent_rms_s0.npz,75187,a4fbd1d23ef160571042ccbea4f6a73bf48edc6135900dfeb2d0baa80eab7c8c
resnet,clean_only,29,bandpass_n20005_cLL_V1_V4_electrode_s20,phase2/results/predictions/full/clean_only/resnet/seed_29/bandpass_n20005_cLL_V1_V4_electrode_s20.npz,76381,d8bc0491e4a9326c96d7b49915275c94bafc64695aff9555374e8144e78e13b3
resnet,clean_only,29,bandpass_n20005_cLL_V1_V4_electrode_s15,phase2/results/predictions/full/clean_only/resnet/seed_29/bandpass_n20005_cLL_V1_V4_electrode_s15.npz,76350,d105da53385a7f7724517e722a7b46c44d55457d574442410cf1565cdeafa452
resnet,clean_only,29,bandpass_n20005_cLL_V1_V4_electrode_s10,phase2/results/predictions/full/clean_only/resnet/seed_29/bandpass_n20005_cLL_V1_V4_electrode_s10.npz,76099,65fed2738410d4772fbbdb85cb4bc28167e352be063892866f4d4ba661839edc
resnet,clean_only,29,bandpass_n20005_cLL_V1_V4_electrode_s5,phase2/results/predictions/full/clean_only/resnet/seed_29/bandpass_n20005_cLL_V1_V4_electrode_s5.npz,75643,7886a9afeb16b87d1a73aeeb8ef524c8a85994b15f82e219bd6e8b94b9329806
resnet,clean_only,29,bandpass_n20005_cLL_V1_V4_electrode_s0,phase2/results/predictions/full/clean_only/resnet/seed_29/bandpass_n20005_cLL_V1_V4_electrode_s0.npz,75208,189da034e8e2ed7bfc438712b19cca68631c7d6d16d62381d6ac27181c1e9c73
resnet,clean_only,29,bandpass_n20005_cLL_V1_V4_covariance_s20,phase2/results/predictions/full/clean_only/resnet/seed_29/bandpass_n20005_cLL_V1_V4_covariance_s20.npz,76424,d5293474cf552be80d1461edb4d86eb03aa55457c272e3873201291b27505632
resnet,clean_only,29,bandpass_n20005_cLL_V1_V4_covariance_s15,phase2/results/predictions/full/clean_only/resnet/seed_29/bandpass_n20005_cLL_V1_V4_covariance_s15.npz,76308,50b9e9b91928b56cb9cef3da5990bea19c2d7d14d224a1e24cca8691dc883a87
resnet,clean_only,29,bandpass_n20005_cLL_V1_V4_covariance_s10,phase2/results/predictions/full/clean_only/resnet/seed_29/bandpass_n20005_cLL_V1_V4_covariance_s10.npz,76127,57956bcaf5a57cd8efc7643d9a9c9ed96452bee12b5d479bc915121dcd138c74
resnet,clean_only,29,bandpass_n20005_cLL_V1_V4_covariance_s5,phase2/results/predictions/full/clean_only/resnet/seed_29/bandpass_n20005_cLL_V1_V4_covariance_s5.npz,75694,4c5c8108e07c72f915f3f6372cbae94fc0ca289d88c88fbe4040803ba33860e1
resnet,clean_only,29,bandpass_n20005_cLL_V1_V4_covariance_s0,phase2/results/predictions/full/clean_only/resnet/seed_29/bandpass_n20005_cLL_V1_V4_covariance_s0.npz,75215,990cbd9c57c6e7438574d5eccca6bab6e0896022081faaabdcb09d44132050cd
resnet,clean_only,29,bandpass_n20005_call_independent_rms_s20,phase2/results/predictions/full/clean_only/resnet/seed_29/bandpass_n20005_call_independent_rms_s20.npz,76371,a8ad4dfe981c6f9553dd233723c695ef5763c3c100e6271eaa5dc33d8d5d8e13
resnet,clean_only,29,bandpass_n20005_call_independent_rms_s15,phase2/results/predictions/full/clean_only/resnet/seed_29/bandpass_n20005_call_independent_rms_s15.npz,76330,f05f1600b53df692b2dc070f4307fcfe09c3ec4cac0e7dca367598fb9180c195
resnet,clean_only,29,bandpass_n20005_call_independent_rms_s10,phase2/results/predictions/full/clean_only/resnet/seed_29/bandpass_n20005_call_independent_rms_s10.npz,76160,2b73f600de14d07eacb2ea9ba50306d7aab846dce499b3f7f53b02647938c24d
resnet,clean_only,29,bandpass_n20005_call_independent_rms_s5,phase2/results/predictions/full/clean_only/resnet/seed_29/bandpass_n20005_call_independent_rms_s5.npz,75801,e870aa7b8b80c8b7ca8dc2c4feffa98b976dc9c9adb3968c364d19a8dd001463
resnet,clean_only,29,bandpass_n20005_call_independent_rms_s0,phase2/results/predictions/full/clean_only/resnet/seed_29/bandpass_n20005_call_independent_rms_s0.npz,75149,e8ce8630a25fda77e2f0bf4108cb6d3e639e792c5b18753c75edf82cc40e471d
resnet,clean_only,29,bandpass_n20005_call_electrode_s20,phase2/results/predictions/full/clean_only/resnet/seed_29/bandpass_n20005_call_electrode_s20.npz,76360,802a2a1c9ed5d8fd52d7e630cc7ea704ffc00396ff1a1019a2b912f4f6e3e0eb
resnet,clean_only,29,bandpass_n20005_call_electrode_s15,phase2/results/predictions/full/clean_only/resnet/seed_29/bandpass_n20005_call_electrode_s15.npz,76270,78199cddc7a749743884a05a419569c32c50905bbe25b6b46878f29ed742e2c2
resnet,clean_only,29,bandpass_n20005_call_electrode_s10,phase2/results/predictions/full/clean_only/resnet/seed_29/bandpass_n20005_call_electrode_s10.npz,76090,dc965b3de8a1a13b2d4744c9add61a0a28e6e3f686a366ddd65529d42885f6c5
resnet,clean_only,29,bandpass_n20005_call_electrode_s5,phase2/results/predictions/full/clean_only/resnet/seed_29/bandpass_n20005_call_electrode_s5.npz,75599,7e584c2f895b09e031fab6865b08fdac7c8826c61d844fdb72534d3546b845b5
resnet,clean_only,29,bandpass_n20005_call_electrode_s0,phase2/results/predictions/full/clean_only/resnet/seed_29/bandpass_n20005_call_electrode_s0.npz,75080,023af40233c40db1bd8b054d249ac61a6154d9662dd81ae0e432275ed8b4aab0
resnet,clean_only,29,bandpass_n20005_call_covariance_s20,phase2/results/predictions/full/clean_only/resnet/seed_29/bandpass_n20005_call_covariance_s20.npz,76345,030008dea52591cf8dd04d51bba0c8e2f9843da74d93d7e1cfecd31a9bb813d7
resnet,clean_only,29,bandpass_n20005_call_covariance_s15,phase2/results/predictions/full/clean_only/resnet/seed_29/bandpass_n20005_call_covariance_s15.npz,76270,1847f7eebfd62c812019b343e5227b2b9ed185995170959b19da9dd73218690e
resnet,clean_only,29,bandpass_n20005_call_covariance_s10,phase2/results/predictions/full/clean_only/resnet/seed_29/bandpass_n20005_call_covariance_s10.npz,76098,f7748a98485d97700d1344c9807e1b1244704af9137e98947ea53c78a0cbdbda
resnet,clean_only,29,bandpass_n20005_call_covariance_s5,phase2/results/predictions/full/clean_only/resnet/seed_29/bandpass_n20005_call_covariance_s5.npz,75660,4d13aa83ed13d71df1376373bf0a0abccb5ea6c1ac99b202782a5e7fb6d0ab1e
resnet,clean_only,29,bandpass_n20005_call_covariance_s0,phase2/results/predictions/full/clean_only/resnet/seed_29/bandpass_n20005_call_covariance_s0.npz,75084,42aab1e4867b44bb7ec905905d83746c9f7fec9f9532b2d816a8820bcab5e04a
resnet,clean_only,29,bw_n20001_call_independent_rms_s20,phase2/results/predictions/full/clean_only/resnet/seed_29/bw_n20001_call_independent_rms_s20.npz,76422,b3e82a050b4cba48645979f3a64b1976b9f29ddcb77594eb1f33fce3795c15cf
resnet,clean_only,29,bw_n20001_call_independent_rms_s10,phase2/results/predictions/full/clean_only/resnet/seed_29/bw_n20001_call_independent_rms_s10.npz,76358,2ac1d21ed2078709717da036d2b5ad59e5a02cffc3afd45ff9dbadf17ba5ed96
resnet,clean_only,29,bw_n20001_call_independent_rms_s0,phase2/results/predictions/full/clean_only/resnet/seed_29/bw_n20001_call_independent_rms_s0.npz,75967,dd10047faeeb94bf731177067d6d1d09a9a2c365438057cfe598186a82e7a903
resnet,clean_only,29,bw_n20001_call_electrode_s20,phase2/results/predictions/full/clean_only/resnet/seed_29/bw_n20001_call_electrode_s20.npz,76388,9780cdecd3f8e8b9aafb70c7bb0c9f232b706e3ff0f5b834f5a45923affd32e7
resnet,clean_only,29,bw_n20001_call_electrode_s10,phase2/results/predictions/full/clean_only/resnet/seed_29/bw_n20001_call_electrode_s10.npz,76323,12fe2fb799ab0da3669612f4e878f4504a2a8f8fd9f2e31329d2c4ccd7a52ef8
resnet,clean_only,29,bw_n20001_call_electrode_s0,phase2/results/predictions/full/clean_only/resnet/seed_29/bw_n20001_call_electrode_s0.npz,75936,fcf3653939c7ab3864925a809c0a40e4ee5d61df6ff32a105770e0dd0edbc577
resnet,clean_only,29,bw_n20001_call_covariance_s20,phase2/results/predictions/full/clean_only/resnet/seed_29/bw_n20001_call_covariance_s20.npz,76381,deafed6f666f1660aa5bf5f7a0a870b0bd6fc2e0b94e8d1365a67c0629101c7d
resnet,clean_only,29,bw_n20001_call_covariance_s10,phase2/results/predictions/full/clean_only/resnet/seed_29/bw_n20001_call_covariance_s10.npz,76322,9768b69a12165dc800bfe7fc544eac912e46a550a0fcd67855ca18505e21e62b
resnet,clean_only,29,bw_n20001_call_covariance_s0,phase2/results/predictions/full/clean_only/resnet/seed_29/bw_n20001_call_covariance_s0.npz,76002,2c96fb61e674eac1cefe61cfe255ab3781bcc6359e2c8a567574ece4d321ba7b
resnet,clean_only,29,bw_n20002_call_independent_rms_s20,phase2/results/predictions/full/clean_only/resnet/seed_29/bw_n20002_call_independent_rms_s20.npz,76412,95503b42223d9906fd92a2e3daea607aa070ee4a55483fdfb4f6cab70c35ef8a
resnet,clean_only,29,bw_n20002_call_independent_rms_s10,phase2/results/predictions/full/clean_only/resnet/seed_29/bw_n20002_call_independent_rms_s10.npz,76336,a2a33bfdc9e285ce075d4b25345422ab5b819c4e282c3af433bdfdcd343922f3
resnet,clean_only,29,bw_n20002_call_independent_rms_s0,phase2/results/predictions/full/clean_only/resnet/seed_29/bw_n20002_call_independent_rms_s0.npz,75974,53f373d551215955ae04c2f3542a6355b2460bf823dbd5bbf57b599cb38c40ca
resnet,clean_only,29,bw_n20002_call_electrode_s20,phase2/results/predictions/full/clean_only/resnet/seed_29/bw_n20002_call_electrode_s20.npz,76381,1d11afaea6bbf172c33903754a5739b08bbac596e62a599f2964b0d12fe1a8e7
resnet,clean_only,29,bw_n20002_call_electrode_s10,phase2/results/predictions/full/clean_only/resnet/seed_29/bw_n20002_call_electrode_s10.npz,76312,a0b61400220c97dc89a3703ec12432534b893bf7d817915dc1d9bd57ef3546e2
resnet,clean_only,29,bw_n20002_call_electrode_s0,phase2/results/predictions/full/clean_only/resnet/seed_29/bw_n20002_call_electrode_s0.npz,75993,f8bd511c82b91fb27decd0218fe62d316ce3d8e5abd1d5202073f3418a6ee7ad
resnet,clean_only,29,bw_n20002_call_covariance_s20,phase2/results/predictions/full/clean_only/resnet/seed_29/bw_n20002_call_covariance_s20.npz,76369,d502edc54b6380707fe1c2c2beaa25f6045f26df85c480a9ab4a5990c85da7fe
resnet,clean_only,29,bw_n20002_call_covariance_s10,phase2/results/predictions/full/clean_only/resnet/seed_29/bw_n20002_call_covariance_s10.npz,76320,ea4059f0fa5ce36397962c9255515c1588ae47871afc2da888dcb300b3e99168
resnet,clean_only,29,bw_n20002_call_covariance_s0,phase2/results/predictions/full/clean_only/resnet/seed_29/bw_n20002_call_covariance_s0.npz,75976,88bc494daf1d5364f49735beac3e9fdaa8a9099cbaeb99d1e02b93907af9b97f
resnet,clean_only,29,bw_n20003_call_independent_rms_s20,phase2/results/predictions/full/clean_only/resnet/seed_29/bw_n20003_call_independent_rms_s20.npz,76411,db5271f1588ec8ef9038869b69577434af498a752fe8c68531b67a4ef4964c89
resnet,clean_only,29,bw_n20003_call_independent_rms_s10,phase2/results/predictions/full/clean_only/resnet/seed_29/bw_n20003_call_independent_rms_s10.npz,76360,6ac4a724fdf5487d01c6fcfaf952898ca730f5354a129a4908f9f8a3545edc9f
resnet,clean_only,29,bw_n20003_call_independent_rms_s0,phase2/results/predictions/full/clean_only/resnet/seed_29/bw_n20003_call_independent_rms_s0.npz,76006,57b8fe168a3d94759bdf2a84b36545a0345412365851fc72b072829a0387dba1
resnet,clean_only,29,bw_n20003_call_electrode_s20,phase2/results/predictions/full/clean_only/resnet/seed_29/bw_n20003_call_electrode_s20.npz,76389,2a17970d16a0ad9014928beba6285da50c898c9c601d2f7e4243909c76efaba4
resnet,clean_only,29,bw_n20003_call_electrode_s10,phase2/results/predictions/full/clean_only/resnet/seed_29/bw_n20003_call_electrode_s10.npz,76327,60e038cae1ec0490ae1b28d823b8eace149b66fe2ac3c3020d06d4fafd6ae8c7
resnet,clean_only,29,bw_n20003_call_electrode_s0,phase2/results/predictions/full/clean_only/resnet/seed_29/bw_n20003_call_electrode_s0.npz,75934,40331c27e394c5853fac25e37be5d6a825ff6db7f8ef49400d8608943783365c
resnet,clean_only,29,bw_n20003_call_covariance_s20,phase2/results/predictions/full/clean_only/resnet/seed_29/bw_n20003_call_covariance_s20.npz,76376,c8bd03dcf894904b2e98d5ae626b1f1a03ac2baee80fdc3d44cc52a806d1b16e
resnet,clean_only,29,bw_n20003_call_covariance_s10,phase2/results/predictions/full/clean_only/resnet/seed_29/bw_n20003_call_covariance_s10.npz,76344,16ceca162a9c8086a5f8b2077a8916963bb9bbba0190e435d161e53df396d489
resnet,clean_only,29,bw_n20003_call_covariance_s0,phase2/results/predictions/full/clean_only/resnet/seed_29/bw_n20003_call_covariance_s0.npz,75982,71d8f610b267c64136c155989e0c2df7927f3134df094c8e4e8d976305f78a2d
resnet,clean_only,29,bw_n20004_call_independent_rms_s20,phase2/results/predictions/full/clean_only/resnet/seed_29/bw_n20004_call_independent_rms_s20.npz,76413,45a4264bf5a886b6de648427003b3719e773693b66a379fe2422ef1af690a9ca
resnet,clean_only,29,bw_n20004_call_independent_rms_s10,phase2/results/predictions/full/clean_only/resnet/seed_29/bw_n20004_call_independent_rms_s10.npz,76355,3e889b48195c94d834a226f2aa14e380a22f13deadc923b1e4e74d1ec498afa8
resnet,clean_only,29,bw_n20004_call_independent_rms_s0,phase2/results/predictions/full/clean_only/resnet/seed_29/bw_n20004_call_independent_rms_s0.npz,75999,55eddcfc7dc59cb59bd164f435cfe14c2220a0b9288192c1d13e685cd246131e
resnet,clean_only,29,bw_n20004_call_electrode_s20,phase2/results/predictions/full/clean_only/resnet/seed_29/bw_n20004_call_electrode_s20.npz,76403,fb92d74d804e467200214389b31cea7122ded7170ba4d9ca585a0e8082bab3bf
resnet,clean_only,29,bw_n20004_call_electrode_s10,phase2/results/predictions/full/clean_only/resnet/seed_29/bw_n20004_call_electrode_s10.npz,76357,81ddded1da3c5ff3619f04335f2e5a6914823c7ed19b53d539236be443ae4062
resnet,clean_only,29,bw_n20004_call_electrode_s0,phase2/results/predictions/full/clean_only/resnet/seed_29/bw_n20004_call_electrode_s0.npz,75969,48de013dbda6f568c9934748caa7cc8d47e0bdba6633d8c6e5287c2d75f02f52
resnet,clean_only,29,bw_n20004_call_covariance_s20,phase2/results/predictions/full/clean_only/resnet/seed_29/bw_n20004_call_covariance_s20.npz,76425,5888fff1e470bc089491be6b00e414d3a643d6b8c8e7707fbaa00b9116e6299f
resnet,clean_only,29,bw_n20004_call_covariance_s10,phase2/results/predictions/full/clean_only/resnet/seed_29/bw_n20004_call_covariance_s10.npz,76324,bf05e693950bcf32a143bf8cc584f29c4d47ab449445b9ec85a17d17f8a9c69c
resnet,clean_only,29,bw_n20004_call_covariance_s0,phase2/results/predictions/full/clean_only/resnet/seed_29/bw_n20004_call_covariance_s0.npz,75990,37e79b392b762f3209b85ea887b00464569b12f419d059a068f885400041b616
resnet,clean_only,29,bw_n20005_call_independent_rms_s20,phase2/results/predictions/full/clean_only/resnet/seed_29/bw_n20005_call_independent_rms_s20.npz,76416,c4e7ec6826ca8ff9de317c3e0894acc39c6e7db3e89f54497ad73c8246ff6de3
resnet,clean_only,29,bw_n20005_call_independent_rms_s10,phase2/results/predictions/full/clean_only/resnet/seed_29/bw_n20005_call_independent_rms_s10.npz,76345,d80f58f2f48e54cebb96a415074a092a7ea17451d939ec4ae01992615df25b57
resnet,clean_only,29,bw_n20005_call_independent_rms_s0,phase2/results/predictions/full/clean_only/resnet/seed_29/bw_n20005_call_independent_rms_s0.npz,75991,25ac5baa3e56d4388dbab011fdd28458b40d642bc2220ecbe522a535c95c0f67
resnet,clean_only,29,bw_n20005_call_electrode_s20,phase2/results/predictions/full/clean_only/resnet/seed_29/bw_n20005_call_electrode_s20.npz,76392,d9c02a5e4e2f53f24c23e85ded4d464beb66536ccedc7b941c85908ee2aa5c73
resnet,clean_only,29,bw_n20005_call_electrode_s10,phase2/results/predictions/full/clean_only/resnet/seed_29/bw_n20005_call_electrode_s10.npz,76332,3d5dd5581bad835ac87b2828e0c65c6cbed7a61dc82a97d458678614b845bfbf
resnet,clean_only,29,bw_n20005_call_electrode_s0,phase2/results/predictions/full/clean_only/resnet/seed_29/bw_n20005_call_electrode_s0.npz,75971,65a5b869618a1b488eeab04d2970853af72feb9553d6ee8770f9170c0835a774
resnet,clean_only,29,bw_n20005_call_covariance_s20,phase2/results/predictions/full/clean_only/resnet/seed_29/bw_n20005_call_covariance_s20.npz,76382,2d1dbe1031d2a8dac281dc25a8a17e2c9440efcdb2a3b61161ee796173a9317c
resnet,clean_only,29,bw_n20005_call_covariance_s10,phase2/results/predictions/full/clean_only/resnet/seed_29/bw_n20005_call_covariance_s10.npz,76358,404c3fa755b8f45698a9110ba8360a7d4fd41eebae9b5855c0a1fc5be3e83d36
resnet,clean_only,29,bw_n20005_call_covariance_s0,phase2/results/predictions/full/clean_only/resnet/seed_29/bw_n20005_call_covariance_s0.npz,75995,88523b166bd5832574ae0f558e1a589d5957e9ac5ac3cdc646b8dc05174602ef
resnet,clean_only,29,ma_n20001_call_independent_rms_s20,phase2/results/predictions/full/clean_only/resnet/seed_29/ma_n20001_call_independent_rms_s20.npz,76377,d031021231d52568139ea97d0010df309bfdea63b4e4f5b7583173eb7455b195
resnet,clean_only,29,ma_n20001_call_independent_rms_s10,phase2/results/predictions/full/clean_only/resnet/seed_29/ma_n20001_call_independent_rms_s10.npz,76289,585d829185c705d2d69ce75ae91829e1e73b8ff5eab3718448ff1736313c8d3a
resnet,clean_only,29,ma_n20001_call_independent_rms_s0,phase2/results/predictions/full/clean_only/resnet/seed_29/ma_n20001_call_independent_rms_s0.npz,75738,a801d47cd8dbc4acaab4d7cd7255d6776b333cb00dcb3fc842ab433f6c09e4c5
resnet,clean_only,29,ma_n20001_call_electrode_s20,phase2/results/predictions/full/clean_only/resnet/seed_29/ma_n20001_call_electrode_s20.npz,76364,1b6dde33f5f4fb19d2ac830933161eae355e2799bd9576b860a86798c599975d
resnet,clean_only,29,ma_n20001_call_electrode_s10,phase2/results/predictions/full/clean_only/resnet/seed_29/ma_n20001_call_electrode_s10.npz,76294,de87ed62357e84dc0518e55e257b542dbefe43c93dd3975b1ed0fbbe90d606e2
resnet,clean_only,29,ma_n20001_call_electrode_s0,phase2/results/predictions/full/clean_only/resnet/seed_29/ma_n20001_call_electrode_s0.npz,75752,d60b58c322af03764f47b4c78aebb9ba777d133652db9bb918503a82cc4f86fc
resnet,clean_only,29,ma_n20001_call_covariance_s20,phase2/results/predictions/full/clean_only/resnet/seed_29/ma_n20001_call_covariance_s20.npz,76375,7c047ecdb7da066b3d959f9a1e4051939855e92e25932e8f187348d93f5ba60f
resnet,clean_only,29,ma_n20001_call_covariance_s10,phase2/results/predictions/full/clean_only/resnet/seed_29/ma_n20001_call_covariance_s10.npz,76268,0ef0af724d25a735c0a226107e2d7664300598c704527941729bb5eb21f46c3b
resnet,clean_only,29,ma_n20001_call_covariance_s0,phase2/results/predictions/full/clean_only/resnet/seed_29/ma_n20001_call_covariance_s0.npz,75777,21de3d2034515b5dad513f0510a1e1aa5aaca3ce70553a381e22bd4c8387cafd
resnet,clean_only,29,ma_n20002_call_independent_rms_s20,phase2/results/predictions/full/clean_only/resnet/seed_29/ma_n20002_call_independent_rms_s20.npz,76390,6e0f8419c47bb5be9cf0db51bcc1f40ae012f8ca991c23d3cedad4a4b8673c35
resnet,clean_only,29,ma_n20002_call_independent_rms_s10,phase2/results/predictions/full/clean_only/resnet/seed_29/ma_n20002_call_independent_rms_s10.npz,76285,b57c1c34faa98a9bf39abae6b980de3b442ca5002c9e1257ea3d877a592d914f
resnet,clean_only,29,ma_n20002_call_independent_rms_s0,phase2/results/predictions/full/clean_only/resnet/seed_29/ma_n20002_call_independent_rms_s0.npz,75726,eb3fa9a3fc71362d52b8e69228269bbf758c40548440169c56c3f5c642c4a50d
resnet,clean_only,29,ma_n20002_call_electrode_s20,phase2/results/predictions/full/clean_only/resnet/seed_29/ma_n20002_call_electrode_s20.npz,76397,b62b5e67ddc9c618a658e198e1dac2ff11e977bd85a31c48a7f5f47732ae3d87
resnet,clean_only,29,ma_n20002_call_electrode_s10,phase2/results/predictions/full/clean_only/resnet/seed_29/ma_n20002_call_electrode_s10.npz,76294,3bd610396eaa7e43730e17dc96d3df587aa795baa5f23a177f22e2831b55ca93
resnet,clean_only,29,ma_n20002_call_electrode_s0,phase2/results/predictions/full/clean_only/resnet/seed_29/ma_n20002_call_electrode_s0.npz,75816,5d08815326c8957b24e29c80fe2aecbd8e46aeef0181f868efa23d6b7128198b
resnet,clean_only,29,ma_n20002_call_covariance_s20,phase2/results/predictions/full/clean_only/resnet/seed_29/ma_n20002_call_covariance_s20.npz,76392,d44dae0a73eb9f3ad88e058d5df742e663db8f0d2a5d6d17bb51c416b7e03660
resnet,clean_only,29,ma_n20002_call_covariance_s10,phase2/results/predictions/full/clean_only/resnet/seed_29/ma_n20002_call_covariance_s10.npz,76288,bb77ba95059a124d3b7e0f53160842572707da34ee411d8e96acbf36e38fcae2
resnet,clean_only,29,ma_n20002_call_covariance_s0,phase2/results/predictions/full/clean_only/resnet/seed_29/ma_n20002_call_covariance_s0.npz,75808,229cd1c224e93c5ed2edc96ba48c146622f6868a712ef952a28a02c6c3196f2e
resnet,clean_only,29,ma_n20003_call_independent_rms_s20,phase2/results/predictions/full/clean_only/resnet/seed_29/ma_n20003_call_independent_rms_s20.npz,76427,a000efbfbfcae48139c7e0d3b34e357232976b7f735a3d3bc0aa7ab6cad9099a
resnet,clean_only,29,ma_n20003_call_independent_rms_s10,phase2/results/predictions/full/clean_only/resnet/seed_29/ma_n20003_call_independent_rms_s10.npz,76272,d814603a3e39f630c92d3e6c1a3118b2774d9557041756b409c3ccbaec8b861f
resnet,clean_only,29,ma_n20003_call_independent_rms_s0,phase2/results/predictions/full/clean_only/resnet/seed_29/ma_n20003_call_independent_rms_s0.npz,75728,14243838880ea0fa1da81243f61da53e6edeaaffac2072d8ecca78585cffe020
resnet,clean_only,29,ma_n20003_call_electrode_s20,phase2/results/predictions/full/clean_only/resnet/seed_29/ma_n20003_call_electrode_s20.npz,76406,1642740ba7ba68299cba5612bbc299b5c6bf081e8f5f2276c92145cbfa244700
resnet,clean_only,29,ma_n20003_call_electrode_s10,phase2/results/predictions/full/clean_only/resnet/seed_29/ma_n20003_call_electrode_s10.npz,76241,57ab8a523d7f47cd1ae0d01270c7243a41ccbb4e49b7caca29f432c2699654ff
resnet,clean_only,29,ma_n20003_call_electrode_s0,phase2/results/predictions/full/clean_only/resnet/seed_29/ma_n20003_call_electrode_s0.npz,75765,b8b81dc8d7dced783111025a0e0a3b949d5f1fe3ac57fa30f6542f50fd7c4f08
resnet,clean_only,29,ma_n20003_call_covariance_s20,phase2/results/predictions/full/clean_only/resnet/seed_29/ma_n20003_call_covariance_s20.npz,76388,8030b71c74e4608b0a997045326ff60e32d2a08003cf46b9cc0ac11e020ae849
resnet,clean_only,29,ma_n20003_call_covariance_s10,phase2/results/predictions/full/clean_only/resnet/seed_29/ma_n20003_call_covariance_s10.npz,76295,56149f79150818e5f97e30bc7430a3aa8b6f2af7597834bdf133ac85a564f17e
resnet,clean_only,29,ma_n20003_call_covariance_s0,phase2/results/predictions/full/clean_only/resnet/seed_29/ma_n20003_call_covariance_s0.npz,75810,ad6d0a9f7ed018aa24a75688c7d201adb94ff5700c11e40541eaba5e8e098497
resnet,clean_only,29,ma_n20004_call_independent_rms_s20,phase2/results/predictions/full/clean_only/resnet/seed_29/ma_n20004_call_independent_rms_s20.npz,76411,f1f3c1e9335e73ef88f43a75e2079ef26ec56aa33f90ecc673e1180fd2ee8d3e
resnet,clean_only,29,ma_n20004_call_independent_rms_s10,phase2/results/predictions/full/clean_only/resnet/seed_29/ma_n20004_call_independent_rms_s10.npz,76288,7753caf1b0f8bcc7a4cedab1cf151f7338551c80b9d8ffd752e5b6d42124508c
resnet,clean_only,29,ma_n20004_call_independent_rms_s0,phase2/results/predictions/full/clean_only/resnet/seed_29/ma_n20004_call_independent_rms_s0.npz,75728,e2deed951782501cbc09057a1267225ba2c3fa11d033cd3d6744ed1aadcb08fa
resnet,clean_only,29,ma_n20004_call_electrode_s20,phase2/results/predictions/full/clean_only/resnet/seed_29/ma_n20004_call_electrode_s20.npz,76358,1e7bfa79f501cca960ac3207365d7ac8fd57c75e2998cf5b96dd033cc08d5183
resnet,clean_only,29,ma_n20004_call_electrode_s10,phase2/results/predictions/full/clean_only/resnet/seed_29/ma_n20004_call_electrode_s10.npz,76261,f23f12e8e9d9fcf0929335115a48a77ba53be1f7ce813e3a4a1154dee7f08f1e
resnet,clean_only,29,ma_n20004_call_electrode_s0,phase2/results/predictions/full/clean_only/resnet/seed_29/ma_n20004_call_electrode_s0.npz,75771,bb3c13e92a9dc3f62a9c55640269452b32b6f3f295abc93cb50a06b278f4ea0f
resnet,clean_only,29,ma_n20004_call_covariance_s20,phase2/results/predictions/full/clean_only/resnet/seed_29/ma_n20004_call_covariance_s20.npz,76404,91002bf5006940e7642863d804f89b32634190eb53b61a16a182bd04350d5343
resnet,clean_only,29,ma_n20004_call_covariance_s10,phase2/results/predictions/full/clean_only/resnet/seed_29/ma_n20004_call_covariance_s10.npz,76315,48b34eb13aaf2618c5fe66be50aa400ef6cb7a4e9a1771c4480389cd162b2a5a
resnet,clean_only,29,ma_n20004_call_covariance_s0,phase2/results/predictions/full/clean_only/resnet/seed_29/ma_n20004_call_covariance_s0.npz,75819,156d1f31e8c10ff2e01553ef7680349a977f540d82a281fd524d4e453e2929da
resnet,clean_only,29,ma_n20005_call_independent_rms_s20,phase2/results/predictions/full/clean_only/resnet/seed_29/ma_n20005_call_independent_rms_s20.npz,76393,12b79b42867dc72afa64f030232c3eb91f5dbd429c22f78faa6eb2f1a29d14f5
resnet,clean_only,29,ma_n20005_call_independent_rms_s10,phase2/results/predictions/full/clean_only/resnet/seed_29/ma_n20005_call_independent_rms_s10.npz,76283,fdd4bd8ba1fc3e3539355019497aabb4d36ec7742a67e832d62a0a35ec653b87
resnet,clean_only,29,ma_n20005_call_independent_rms_s0,phase2/results/predictions/full/clean_only/resnet/seed_29/ma_n20005_call_independent_rms_s0.npz,75724,b868a804c0942eca47f32b249f1ac27094febaafe41a7db5dc4e8db3a1905691
resnet,clean_only,29,ma_n20005_call_electrode_s20,phase2/results/predictions/full/clean_only/resnet/seed_29/ma_n20005_call_electrode_s20.npz,76382,3d3be65df4d40bd2f5d4fe60cbd89465a6d838c1c28d9054db9b61689fbb739b
resnet,clean_only,29,ma_n20005_call_electrode_s10,phase2/results/predictions/full/clean_only/resnet/seed_29/ma_n20005_call_electrode_s10.npz,76306,df6ee50f6c764acbf4fd6594bd62a49f61ef4c305cf2df6e12a92a5abb5f47f7
resnet,clean_only,29,ma_n20005_call_electrode_s0,phase2/results/predictions/full/clean_only/resnet/seed_29/ma_n20005_call_electrode_s0.npz,75787,330e1a1b482d8302a127b2e8702ea21c5fcde2a96129e5234bfbf102681a48b4
resnet,clean_only,29,ma_n20005_call_covariance_s20,phase2/results/predictions/full/clean_only/resnet/seed_29/ma_n20005_call_covariance_s20.npz,76350,6d928c1582678b03c20136a3891743b1511ac7829f65ddc5a854f10f242c8002
resnet,clean_only,29,ma_n20005_call_covariance_s10,phase2/results/predictions/full/clean_only/resnet/seed_29/ma_n20005_call_covariance_s10.npz,76263,5e998f3faf4382cb529d92e5c1526009c711247c2b54b5f0a0eaff9b19a86124
resnet,clean_only,29,ma_n20005_call_covariance_s0,phase2/results/predictions/full/clean_only/resnet/seed_29/ma_n20005_call_covariance_s0.npz,75825,4f4f497ccbf854c35ebbd3a12b26d3318bf76cf10b88d2039d78795cd47b0877
resnet,clean_only,29,em_n20001_call_independent_rms_s20,phase2/results/predictions/full/clean_only/resnet/seed_29/em_n20001_call_independent_rms_s20.npz,76367,c4254f9e64b0640182b3e160f9efeb766c7ecaaa6f3991c511afe2f983ce104b
resnet,clean_only,29,em_n20001_call_independent_rms_s10,phase2/results/predictions/full/clean_only/resnet/seed_29/em_n20001_call_independent_rms_s10.npz,76286,759035f6611ae0ae027e1be222171f51264d0bfab4a2fa51920c44f113b306d2
resnet,clean_only,29,em_n20001_call_independent_rms_s0,phase2/results/predictions/full/clean_only/resnet/seed_29/em_n20001_call_independent_rms_s0.npz,75643,275d375bda6844d45c4c44451a3b511160a6c3fee0bc2d8ab9dde4d17a13ebe1
resnet,clean_only,29,em_n20001_call_electrode_s20,phase2/results/predictions/full/clean_only/resnet/seed_29/em_n20001_call_electrode_s20.npz,76371,b21a9a9c895e26662f56c353051efdab4763f766df1c7e42e958bd64b010bb96
resnet,clean_only,29,em_n20001_call_electrode_s10,phase2/results/predictions/full/clean_only/resnet/seed_29/em_n20001_call_electrode_s10.npz,76180,ab603e98f4944bcf878a07a45b110ce84adc471acdda8dee91bfd7b667c62a78
resnet,clean_only,29,em_n20001_call_electrode_s0,phase2/results/predictions/full/clean_only/resnet/seed_29/em_n20001_call_electrode_s0.npz,75452,c38063dccd2bd0056be3bd11168f7a661b5fc1267e5e3204bb506b33d84bbfd6
resnet,clean_only,29,em_n20001_call_covariance_s20,phase2/results/predictions/full/clean_only/resnet/seed_29/em_n20001_call_covariance_s20.npz,76352,ecc09bb9ac93648c96440900fa7f81dbba8c92642152f57141f61f348ed9cf86
resnet,clean_only,29,em_n20001_call_covariance_s10,phase2/results/predictions/full/clean_only/resnet/seed_29/em_n20001_call_covariance_s10.npz,76225,8f43ac52c1bb8bbd9de237b3034419e4643c05fa1897a43dff93ca74911adc05
resnet,clean_only,29,em_n20001_call_covariance_s0,phase2/results/predictions/full/clean_only/resnet/seed_29/em_n20001_call_covariance_s0.npz,75464,42aa964e1a6e6c4e329e47307683286e6cfb631a18f85403ce9a63bf60de1b1a
resnet,clean_only,29,em_n20002_call_independent_rms_s20,phase2/results/predictions/full/clean_only/resnet/seed_29/em_n20002_call_independent_rms_s20.npz,76387,e0e80a507f2bcab61326b1abfd8ee4c9d08beadc474ab3c9aacb4e1ed367d151
resnet,clean_only,29,em_n20002_call_independent_rms_s10,phase2/results/predictions/full/clean_only/resnet/seed_29/em_n20002_call_independent_rms_s10.npz,76261,e36aa15ca3299b9037f79312547eae47571fdcf37b0658389137fea0f9811fae
resnet,clean_only,29,em_n20002_call_independent_rms_s0,phase2/results/predictions/full/clean_only/resnet/seed_29/em_n20002_call_independent_rms_s0.npz,75631,604b548d4df21bcd6fedaf3f63dfba04ba5e276343f2b82c63b2bc49ca00d929
resnet,clean_only,29,em_n20002_call_electrode_s20,phase2/results/predictions/full/clean_only/resnet/seed_29/em_n20002_call_electrode_s20.npz,76372,ae92a37f9b499eada195c1d78499a10296336ec64e5b3b6216990a087876cb4e
resnet,clean_only,29,em_n20002_call_electrode_s10,phase2/results/predictions/full/clean_only/resnet/seed_29/em_n20002_call_electrode_s10.npz,76200,76156713026def246797f15be654c6f308083bd861bffff89b6dd013ba9f6c75
resnet,clean_only,29,em_n20002_call_electrode_s0,phase2/results/predictions/full/clean_only/resnet/seed_29/em_n20002_call_electrode_s0.npz,75422,dda6c89c23dd80a20cb1521776efe5d60942692d1eb6394638472efb5fb99545
resnet,clean_only,29,em_n20002_call_covariance_s20,phase2/results/predictions/full/clean_only/resnet/seed_29/em_n20002_call_covariance_s20.npz,76361,7d017a03a85247a9d39281d9a1918ec5a7d1c67ca8a2ea601fd703f54ceb2763
resnet,clean_only,29,em_n20002_call_covariance_s10,phase2/results/predictions/full/clean_only/resnet/seed_29/em_n20002_call_covariance_s10.npz,76199,28f88946d1e58bb1dbd1fb2fa3ee34b5740b05ff02814c6866cbca86b86265cb
resnet,clean_only,29,em_n20002_call_covariance_s0,phase2/results/predictions/full/clean_only/resnet/seed_29/em_n20002_call_covariance_s0.npz,75420,fa6ad305cf2223f34ad34dba209861a8345def53a2bda81ecb286f1f32771add
resnet,clean_only,29,em_n20003_call_independent_rms_s20,phase2/results/predictions/full/clean_only/resnet/seed_29/em_n20003_call_independent_rms_s20.npz,76394,7ed55316926d37133f8526eb2ef9d34769e2c9c6503c059fa7c873b886535ec8
resnet,clean_only,29,em_n20003_call_independent_rms_s10,phase2/results/predictions/full/clean_only/resnet/seed_29/em_n20003_call_independent_rms_s10.npz,76277,f3797b58eb251059a23477f68774d71131d2af16b4c613790b74df0e8b1edcc2
resnet,clean_only,29,em_n20003_call_independent_rms_s0,phase2/results/predictions/full/clean_only/resnet/seed_29/em_n20003_call_independent_rms_s0.npz,75653,534133ccecb6e56eb62af3343fcb73a5f20937e18ff2a6d808575cbb3eea3363
resnet,clean_only,29,em_n20003_call_electrode_s20,phase2/results/predictions/full/clean_only/resnet/seed_29/em_n20003_call_electrode_s20.npz,76364,8700d23e142345d800037a260462a54872aaedad5972a983456aa03b6b47a162
resnet,clean_only,29,em_n20003_call_electrode_s10,phase2/results/predictions/full/clean_only/resnet/seed_29/em_n20003_call_electrode_s10.npz,76209,d5bb39f566d0a26e1f3c520fb22a663835ba318d1fedfbcfe4623a74e982704a
resnet,clean_only,29,em_n20003_call_electrode_s0,phase2/results/predictions/full/clean_only/resnet/seed_29/em_n20003_call_electrode_s0.npz,75440,841a1ed1e85e71971ffcd5ea405cb0bb4e3cb06e9f64bc0ee20f1e5f76b625a6
resnet,clean_only,29,em_n20003_call_covariance_s20,phase2/results/predictions/full/clean_only/resnet/seed_29/em_n20003_call_covariance_s20.npz,76368,3d0703e639a2543903d2fcfbd2bb4137b743845fa630e84cabbea8325792c6b3
resnet,clean_only,29,em_n20003_call_covariance_s10,phase2/results/predictions/full/clean_only/resnet/seed_29/em_n20003_call_covariance_s10.npz,76185,1dbf082eaeec160ba2463969696c6cbce3b6d57ef473c979b401539620b87fe2
resnet,clean_only,29,em_n20003_call_covariance_s0,phase2/results/predictions/full/clean_only/resnet/seed_29/em_n20003_call_covariance_s0.npz,75439,974d0db8bbd99e1d350cb429ea4105cb1b23a83d372867ee2fd4e0b84509d4e1
resnet,clean_only,29,em_n20004_call_independent_rms_s20,phase2/results/predictions/full/clean_only/resnet/seed_29/em_n20004_call_independent_rms_s20.npz,76378,ad66679d64a06e7849e6b6daac9a74e47eb2e9e8d3c6e93a8282b74cabe64470
resnet,clean_only,29,em_n20004_call_independent_rms_s10,phase2/results/predictions/full/clean_only/resnet/seed_29/em_n20004_call_independent_rms_s10.npz,76303,9081a5c364caecf50a555615b69df3821959ceb0b6b11f59e1f1c1305c894b99
resnet,clean_only,29,em_n20004_call_independent_rms_s0,phase2/results/predictions/full/clean_only/resnet/seed_29/em_n20004_call_independent_rms_s0.npz,75710,5b016a9796a5c180de6b5c618b8ad304f373a46ea9f105ccc4675a6b99bef9d8
resnet,clean_only,29,em_n20004_call_electrode_s20,phase2/results/predictions/full/clean_only/resnet/seed_29/em_n20004_call_electrode_s20.npz,76408,e216874a8c8456c83815c8e670b479b118196fa3c67e0cb92856367cd79b0e8a
resnet,clean_only,29,em_n20004_call_electrode_s10,phase2/results/predictions/full/clean_only/resnet/seed_29/em_n20004_call_electrode_s10.npz,76213,513a8fcee7a664cc0309cee99a78eb0d85c6fb680d1e873307dc2a6f775f9d5c
resnet,clean_only,29,em_n20004_call_electrode_s0,phase2/results/predictions/full/clean_only/resnet/seed_29/em_n20004_call_electrode_s0.npz,75417,61e520c59e8489ad237c0089bc78f74da6177fbe31a17fb02d7347991be1b746
resnet,clean_only,29,em_n20004_call_covariance_s20,phase2/results/predictions/full/clean_only/resnet/seed_29/em_n20004_call_covariance_s20.npz,76348,df4d6ead74ebd6ef9e8bc3b9c633fe6610b3c98145d935527768af47ee0aae87
resnet,clean_only,29,em_n20004_call_covariance_s10,phase2/results/predictions/full/clean_only/resnet/seed_29/em_n20004_call_covariance_s10.npz,76218,72a4bf2f136a955d5b14938aaa2152d765024e111fde5a9294d1aea60dc52c5b
resnet,clean_only,29,em_n20004_call_covariance_s0,phase2/results/predictions/full/clean_only/resnet/seed_29/em_n20004_call_covariance_s0.npz,75424,056f3f3be7671bcde74f7901003276209b8ef453fbb2cc337b6ff8de556629cb
resnet,clean_only,29,em_n20005_call_independent_rms_s20,phase2/results/predictions/full/clean_only/resnet/seed_29/em_n20005_call_independent_rms_s20.npz,76393,147cec5faca9b0428d8f1b941a25c49158278a962b0ce29c71a098deaff2190c
resnet,clean_only,29,em_n20005_call_independent_rms_s10,phase2/results/predictions/full/clean_only/resnet/seed_29/em_n20005_call_independent_rms_s10.npz,76276,adbaf63a2d42855de5408093f2727377e8bb0656a0de2110e9a885fe11bfaf8c
resnet,clean_only,29,em_n20005_call_independent_rms_s0,phase2/results/predictions/full/clean_only/resnet/seed_29/em_n20005_call_independent_rms_s0.npz,75662,676ed18b3a37ee3ce403ebee0c40efad8dd90a267e3225fcdff88aecdb91a0cf
resnet,clean_only,29,em_n20005_call_electrode_s20,phase2/results/predictions/full/clean_only/resnet/seed_29/em_n20005_call_electrode_s20.npz,76378,3c2ff36f1f17fa07c5a2209aa1c13479bae42d590c8ca7b63a315a43074d3060
resnet,clean_only,29,em_n20005_call_electrode_s10,phase2/results/predictions/full/clean_only/resnet/seed_29/em_n20005_call_electrode_s10.npz,76173,7a3b9b2b8425d247d0bb093e4561f35471552b9e387649e53530cf5fb8b1898f
resnet,clean_only,29,em_n20005_call_electrode_s0,phase2/results/predictions/full/clean_only/resnet/seed_29/em_n20005_call_electrode_s0.npz,75421,96af4b69cfefe3efb501bf0dfece8092bec310b02e0083a3149c7d825fda94af
resnet,clean_only,29,em_n20005_call_covariance_s20,phase2/results/predictions/full/clean_only/resnet/seed_29/em_n20005_call_covariance_s20.npz,76373,806ad4bd221782b1d32f16ded848f2341503ad7bbfc7b3169f7dbda0491d390a
resnet,clean_only,29,em_n20005_call_covariance_s10,phase2/results/predictions/full/clean_only/resnet/seed_29/em_n20005_call_covariance_s10.npz,76218,93c9eaf2709252f4b46aa49b428b76566b2c595f88a2d29d81875e9d9eb7f0bd
resnet,clean_only,29,em_n20005_call_covariance_s0,phase2/results/predictions/full/clean_only/resnet/seed_29/em_n20005_call_covariance_s0.npz,75466,4c43aa1ea1eef8bb95e5fff0f850ea13ef972a92cc45a1e200e035e30f4fd26c
resnet,independent_rms,29,clean,phase2/results/predictions/full/independent_rms/resnet/seed_29/clean.npz,76333,8aef06e03241c6db8518502c8a3aadab0cf280f30888e64a92622ea13a469a12
resnet,independent_rms,29,bandpass_n20001_cRA_LA_LL_independent_rms_s20,phase2/results/predictions/full/independent_rms/resnet/seed_29/bandpass_n20001_cRA_LA_LL_independent_rms_s20.npz,76375,c0004fd8092f67aac9e1af0fafbd476455394f5b5901316c70f48c8362ea7175
resnet,independent_rms,29,bandpass_n20001_cRA_LA_LL_independent_rms_s15,phase2/results/predictions/full/independent_rms/resnet/seed_29/bandpass_n20001_cRA_LA_LL_independent_rms_s15.npz,76356,710bf4d65ce6a1b05408436dbe4ae39e207465672bafdc43a080d3920fcd0fc2
resnet,independent_rms,29,bandpass_n20001_cRA_LA_LL_independent_rms_s10,phase2/results/predictions/full/independent_rms/resnet/seed_29/bandpass_n20001_cRA_LA_LL_independent_rms_s10.npz,76271,9fe0925ed8cb8b4636ba93cd4e831d9e8763441823d3fc9566e6d0dec0f2967e
resnet,independent_rms,29,bandpass_n20001_cRA_LA_LL_independent_rms_s5,phase2/results/predictions/full/independent_rms/resnet/seed_29/bandpass_n20001_cRA_LA_LL_independent_rms_s5.npz,76098,f81d4202f9000f2bd8c44d429b4771fb8a6088391bcdb9eeb4953da69727b2eb
resnet,independent_rms,29,bandpass_n20001_cRA_LA_LL_independent_rms_s0,phase2/results/predictions/full/independent_rms/resnet/seed_29/bandpass_n20001_cRA_LA_LL_independent_rms_s0.npz,75599,e16179bc01dd666a6248b05c127473b842f01945e83060b536401afe05b3a1b1
resnet,independent_rms,29,bandpass_n20001_cRA_LA_LL_electrode_s20,phase2/results/predictions/full/independent_rms/resnet/seed_29/bandpass_n20001_cRA_LA_LL_electrode_s20.npz,76375,fd08c4a9d96b4060c2fc3152c89cdf52d720cd8c51f4d1f51165ae23235b6d72
resnet,independent_rms,29,bandpass_n20001_cRA_LA_LL_electrode_s15,phase2/results/predictions/full/independent_rms/resnet/seed_29/bandpass_n20001_cRA_LA_LL_electrode_s15.npz,76317,36b86a132de8b6480fca482cc513455d67d863d864630655d5228978f2a0708d
resnet,independent_rms,29,bandpass_n20001_cRA_LA_LL_electrode_s10,phase2/results/predictions/full/independent_rms/resnet/seed_29/bandpass_n20001_cRA_LA_LL_electrode_s10.npz,76218,cc22e5b65e993e07baebe43d0f4cd65de392942ed72d1bef2a53b597cb86a498
resnet,independent_rms,29,bandpass_n20001_cRA_LA_LL_electrode_s5,phase2/results/predictions/full/independent_rms/resnet/seed_29/bandpass_n20001_cRA_LA_LL_electrode_s5.npz,75962,c91fe2b63882760838ae841b3cea081f0c30f4e53ae44cd66564b864776864ce
resnet,independent_rms,29,bandpass_n20001_cRA_LA_LL_electrode_s0,phase2/results/predictions/full/independent_rms/resnet/seed_29/bandpass_n20001_cRA_LA_LL_electrode_s0.npz,75509,d2baf69864865f295ead75b30bafa6513760418a4acb8357f232c74dbe6b910e
resnet,independent_rms,29,bandpass_n20001_cRA_LA_LL_covariance_s20,phase2/results/predictions/full/independent_rms/resnet/seed_29/bandpass_n20001_cRA_LA_LL_covariance_s20.npz,76360,6bfda6244a4d1189cf7d81ac28e87f8e70b156a8caf47f80db277a74c9fcfe89
resnet,independent_rms,29,bandpass_n20001_cRA_LA_LL_covariance_s15,phase2/results/predictions/full/independent_rms/resnet/seed_29/bandpass_n20001_cRA_LA_LL_covariance_s15.npz,76331,ee72645ee1c4a2b0572b902ce2ee916f4d9e8598db7c39a84f8a751b9e81b4fc
resnet,independent_rms,29,bandpass_n20001_cRA_LA_LL_covariance_s10,phase2/results/predictions/full/independent_rms/resnet/seed_29/bandpass_n20001_cRA_LA_LL_covariance_s10.npz,76219,47e89664edc3ce81fe9e69337b6b1097dbf959fd6add90972de33ebe080226ef
resnet,independent_rms,29,bandpass_n20001_cRA_LA_LL_covariance_s5,phase2/results/predictions/full/independent_rms/resnet/seed_29/bandpass_n20001_cRA_LA_LL_covariance_s5.npz,75975,5d0320ad97eaccaf0014559f5be10f6a31458134bf6de66c1a6360533a78f7f3
resnet,independent_rms,29,bandpass_n20001_cRA_LA_LL_covariance_s0,phase2/results/predictions/full/independent_rms/resnet/seed_29/bandpass_n20001_cRA_LA_LL_covariance_s0.npz,75540,65c5fd44234eebf1829c4f9f257771ea386049ae37abf29db3820fe9910542c5
resnet,independent_rms,29,bandpass_n20001_cV1_independent_rms_s20,phase2/results/predictions/full/independent_rms/resnet/seed_29/bandpass_n20001_cV1_independent_rms_s20.npz,76375,ce6bb71a9c8768f14cd8cda183943903e5886b20b6811c29308129479b41a098
resnet,independent_rms,29,bandpass_n20001_cV1_independent_rms_s15,phase2/results/predictions/full/independent_rms/resnet/seed_29/bandpass_n20001_cV1_independent_rms_s15.npz,76350,ebcee5a7cc82c860defde024720c4be3cadcf9a5d535068a1db93da2ebceb6da
resnet,independent_rms,29,bandpass_n20001_cV1_independent_rms_s10,phase2/results/predictions/full/independent_rms/resnet/seed_29/bandpass_n20001_cV1_independent_rms_s10.npz,76283,3078d91d82e3231db98c4e75f842607e3fd109fd332a97b7e207313c00b160bd
resnet,independent_rms,29,bandpass_n20001_cV1_independent_rms_s5,phase2/results/predictions/full/independent_rms/resnet/seed_29/bandpass_n20001_cV1_independent_rms_s5.npz,76122,00951d81e5b69988d25929db30d9567d25eadfb83b9f73246da5478dd5bef436
resnet,independent_rms,29,bandpass_n20001_cV1_independent_rms_s0,phase2/results/predictions/full/independent_rms/resnet/seed_29/bandpass_n20001_cV1_independent_rms_s0.npz,75540,8ffafad690fce7833e3c14aedfed321f0fc5178b5f453715f91ff1d265d1d913
resnet,independent_rms,29,bandpass_n20001_cV1_electrode_s20,phase2/results/predictions/full/independent_rms/resnet/seed_29/bandpass_n20001_cV1_electrode_s20.npz,76346,9fcddb5428517d810c7fdb26128dca1bd73f04c9d1f416027ce79d5aab388c10
resnet,independent_rms,29,bandpass_n20001_cV1_electrode_s15,phase2/results/predictions/full/independent_rms/resnet/seed_29/bandpass_n20001_cV1_electrode_s15.npz,76369,747959ed42e3ca902ead4720b35a0874866f6981e789582524a626d2c0ec284d
resnet,independent_rms,29,bandpass_n20001_cV1_electrode_s10,phase2/results/predictions/full/independent_rms/resnet/seed_29/bandpass_n20001_cV1_electrode_s10.npz,76250,71d344d2ed700ef7a88d712d2189c0dffb78cbf747512872f22ddd7920d4815f
resnet,independent_rms,29,bandpass_n20001_cV1_electrode_s5,phase2/results/predictions/full/independent_rms/resnet/seed_29/bandpass_n20001_cV1_electrode_s5.npz,76081,deebea6b1b076af9d9843ebf679e52cafb0ac93d40745a464bd5c1cf7607e55e
resnet,independent_rms,29,bandpass_n20001_cV1_electrode_s0,phase2/results/predictions/full/independent_rms/resnet/seed_29/bandpass_n20001_cV1_electrode_s0.npz,75589,54321d64e5d4b628dbd0443a066f6d2d68219b845b734b68054b690bb54daa38
resnet,independent_rms,29,bandpass_n20001_cV1_covariance_s20,phase2/results/predictions/full/independent_rms/resnet/seed_29/bandpass_n20001_cV1_covariance_s20.npz,76372,b912e8fd27618e01bdacfad0ac888e27dad94af54e317ce42406e5b2769ddffc
resnet,independent_rms,29,bandpass_n20001_cV1_covariance_s15,phase2/results/predictions/full/independent_rms/resnet/seed_29/bandpass_n20001_cV1_covariance_s15.npz,76329,2bb4a8a26f8b05a7ffa3957587f1cdca8ab6ecba9a5d72cd505cef6e0047f00a
resnet,independent_rms,29,bandpass_n20001_cV1_covariance_s10,phase2/results/predictions/full/independent_rms/resnet/seed_29/bandpass_n20001_cV1_covariance_s10.npz,76272,52058c726269fefd7953e02288502b572aadde93cf2ef7b54284653c4f9cfa07
resnet,independent_rms,29,bandpass_n20001_cV1_covariance_s5,phase2/results/predictions/full/independent_rms/resnet/seed_29/bandpass_n20001_cV1_covariance_s5.npz,76079,0c0c634f639fad658ddd10623a07860a22e7ea5a125645164d3b69954213fbe9
resnet,independent_rms,29,bandpass_n20001_cV1_covariance_s0,phase2/results/predictions/full/independent_rms/resnet/seed_29/bandpass_n20001_cV1_covariance_s0.npz,75571,3b85ccda1465bbc7942f5e75af0c06c0f5710027d617f6e2f79969577f738870
resnet,independent_rms,29,bandpass_n20001_cV2_independent_rms_s20,phase2/results/predictions/full/independent_rms/resnet/seed_29/bandpass_n20001_cV2_independent_rms_s20.npz,76399,2bc89e84852f2946442aaedbe3a0cf8fe47f490c7d505cd8f8f56ad88dc65b89
resnet,independent_rms,29,bandpass_n20001_cV2_independent_rms_s15,phase2/results/predictions/full/independent_rms/resnet/seed_29/bandpass_n20001_cV2_independent_rms_s15.npz,76348,81e6e7746d6db247f0ff72d897f227dc0879f7b8cea383175cba82242c21c773
resnet,independent_rms,29,bandpass_n20001_cV2_independent_rms_s10,phase2/results/predictions/full/independent_rms/resnet/seed_29/bandpass_n20001_cV2_independent_rms_s10.npz,76279,ee16bcb1a5f9e6b1506f766fa4f3426eb424aed3a8d928a11f5200680d2ccb48
resnet,independent_rms,29,bandpass_n20001_cV2_independent_rms_s5,phase2/results/predictions/full/independent_rms/resnet/seed_29/bandpass_n20001_cV2_independent_rms_s5.npz,76137,227e674715b807efd6de13bdfbc779cfda3443e190bba5818651dba26a93559b
resnet,independent_rms,29,bandpass_n20001_cV2_independent_rms_s0,phase2/results/predictions/full/independent_rms/resnet/seed_29/bandpass_n20001_cV2_independent_rms_s0.npz,75584,8c2c100df19de4960304bed8dd6861b7b204ac396c21af7a600b7d2d14c80f07
resnet,independent_rms,29,bandpass_n20001_cV2_electrode_s20,phase2/results/predictions/full/independent_rms/resnet/seed_29/bandpass_n20001_cV2_electrode_s20.npz,76369,b5c82777c722161fc15fe29419d5f89a591d33f3fcdc3481b48927108c387b4d
resnet,independent_rms,29,bandpass_n20001_cV2_electrode_s15,phase2/results/predictions/full/independent_rms/resnet/seed_29/bandpass_n20001_cV2_electrode_s15.npz,76314,9f9bde99f4e98e963f6a98c371d008ad1577b20e3cc8ac572ff5e0d47c38ef27
resnet,independent_rms,29,bandpass_n20001_cV2_electrode_s10,phase2/results/predictions/full/independent_rms/resnet/seed_29/bandpass_n20001_cV2_electrode_s10.npz,76316,7b0818759fdd6247489e5a98778db03747ca28f4939de874428b34c4c762d7e9
resnet,independent_rms,29,bandpass_n20001_cV2_electrode_s5,phase2/results/predictions/full/independent_rms/resnet/seed_29/bandpass_n20001_cV2_electrode_s5.npz,76102,b708357ba1fab8fc6c71e2014f45be835eac0607af5c8acfd2bfc6707efd65bc
resnet,independent_rms,29,bandpass_n20001_cV2_electrode_s0,phase2/results/predictions/full/independent_rms/resnet/seed_29/bandpass_n20001_cV2_electrode_s0.npz,75579,8ca8b5b18aceab0e956ac0e3b60daabeae28d1d7d1d94f760ab21d1e325e1ab8
resnet,independent_rms,29,bandpass_n20001_cV2_covariance_s20,phase2/results/predictions/full/independent_rms/resnet/seed_29/bandpass_n20001_cV2_covariance_s20.npz,76355,956cf696641dc0d7535c2ba728cf009c5a2aee107cfe1343e0ac1945add29a29
resnet,independent_rms,29,bandpass_n20001_cV2_covariance_s15,phase2/results/predictions/full/independent_rms/resnet/seed_29/bandpass_n20001_cV2_covariance_s15.npz,76360,cec3cded9c296124f9f6c37d82567bd7a9be1c2cba7cb6d3cd1ddf734aee51c9
resnet,independent_rms,29,bandpass_n20001_cV2_covariance_s10,phase2/results/predictions/full/independent_rms/resnet/seed_29/bandpass_n20001_cV2_covariance_s10.npz,76310,e71addc66c717ab67ccc6c28fe0f3ced5dcbafe1064eb5bf63c2e03065e26a3a
resnet,independent_rms,29,bandpass_n20001_cV2_covariance_s5,phase2/results/predictions/full/independent_rms/resnet/seed_29/bandpass_n20001_cV2_covariance_s5.npz,76088,abe6959d0268c680e732ffbf55ce02bb29aae058ab55fdeb252e86c02d042a30
resnet,independent_rms,29,bandpass_n20001_cV2_covariance_s0,phase2/results/predictions/full/independent_rms/resnet/seed_29/bandpass_n20001_cV2_covariance_s0.npz,75619,f29f0f50678a4ce66e2c730d65cf5092723f6d9a86d75a235b4fc0e0f495961a
resnet,independent_rms,29,bandpass_n20001_cV3_independent_rms_s20,phase2/results/predictions/full/independent_rms/resnet/seed_29/bandpass_n20001_cV3_independent_rms_s20.npz,76431,c5bcd1b601be2ff567a786667547fdb3690e876fdf8affe2aa8068a43f0b788f
resnet,independent_rms,29,bandpass_n20001_cV3_independent_rms_s15,phase2/results/predictions/full/independent_rms/resnet/seed_29/bandpass_n20001_cV3_independent_rms_s15.npz,76353,a3af92c7a0af185ffc9dad8d404b5b63ed0e26b38eeb5f42035bc885e790a4e9
resnet,independent_rms,29,bandpass_n20001_cV3_independent_rms_s10,phase2/results/predictions/full/independent_rms/resnet/seed_29/bandpass_n20001_cV3_independent_rms_s10.npz,76337,32edd90dec81bb1bf6c68618dbe1f4efbc170f6f57f7b1e352e1dce83e8ca31a
resnet,independent_rms,29,bandpass_n20001_cV3_independent_rms_s5,phase2/results/predictions/full/independent_rms/resnet/seed_29/bandpass_n20001_cV3_independent_rms_s5.npz,76260,2da24c4aaff7fd9aa2531364bce22d9296128d7bf5ee514ab3167fb3fd8a7527
resnet,independent_rms,29,bandpass_n20001_cV3_independent_rms_s0,phase2/results/predictions/full/independent_rms/resnet/seed_29/bandpass_n20001_cV3_independent_rms_s0.npz,75974,6d50df52fa64a4632b9af2e3885fef8cc3c259cad4893c496d25ba6aa1ac1b9a
resnet,independent_rms,29,bandpass_n20001_cV3_electrode_s20,phase2/results/predictions/full/independent_rms/resnet/seed_29/bandpass_n20001_cV3_electrode_s20.npz,76385,e0b6f315cf8fcb00cf9620516d8afbde107aee80074a02b7a2ce074eba5dd974
resnet,independent_rms,29,bandpass_n20001_cV3_electrode_s15,phase2/results/predictions/full/independent_rms/resnet/seed_29/bandpass_n20001_cV3_electrode_s15.npz,76382,0032717d22ee3438d4911330edf439ee3a22dde35c8b22385b83e12441f09a7b
resnet,independent_rms,29,bandpass_n20001_cV3_electrode_s10,phase2/results/predictions/full/independent_rms/resnet/seed_29/bandpass_n20001_cV3_electrode_s10.npz,76311,c52ed197a0ac027ea0ba8890586fbda0aede70e089a69b313d28a2e872d0580c
resnet,independent_rms,29,bandpass_n20001_cV3_electrode_s5,phase2/results/predictions/full/independent_rms/resnet/seed_29/bandpass_n20001_cV3_electrode_s5.npz,76242,78dcb4b0ad15179ad087da8ec2bb71f133cd14defdff23693cd10dc0724fe0fb
resnet,independent_rms,29,bandpass_n20001_cV3_electrode_s0,phase2/results/predictions/full/independent_rms/resnet/seed_29/bandpass_n20001_cV3_electrode_s0.npz,75959,fd704ed5b70ef25c70677e02954346b52d68226f677f4f5143c47e13dce65052
resnet,independent_rms,29,bandpass_n20001_cV3_covariance_s20,phase2/results/predictions/full/independent_rms/resnet/seed_29/bandpass_n20001_cV3_covariance_s20.npz,76392,4383e0c0b235198417cb25489eeda5c965927f92067fc065146ddb74ec833d04
resnet,independent_rms,29,bandpass_n20001_cV3_covariance_s15,phase2/results/predictions/full/independent_rms/resnet/seed_29/bandpass_n20001_cV3_covariance_s15.npz,76341,18af21dd07d68f77f4d8608f119c36ec534626e39a866059ced5a3b085e4a422
resnet,independent_rms,29,bandpass_n20001_cV3_covariance_s10,phase2/results/predictions/full/independent_rms/resnet/seed_29/bandpass_n20001_cV3_covariance_s10.npz,76309,c8233300c3d1e9e1b38006e338011fcde119241839a161954ae5a6c5ac57f1d9
resnet,independent_rms,29,bandpass_n20001_cV3_covariance_s5,phase2/results/predictions/full/independent_rms/resnet/seed_29/bandpass_n20001_cV3_covariance_s5.npz,76238,536d02f11fff6f4e3e768edf60d6120908a094fec5a115c2420804b2f66e6fea
resnet,independent_rms,29,bandpass_n20001_cV3_covariance_s0,phase2/results/predictions/full/independent_rms/resnet/seed_29/bandpass_n20001_cV3_covariance_s0.npz,75968,496b6a83866b09c66227f83cb46c35ac2f933cd2d2b1431b29c9c654891a7a7e
resnet,independent_rms,29,bandpass_n20001_cV4_independent_rms_s20,phase2/results/predictions/full/independent_rms/resnet/seed_29/bandpass_n20001_cV4_independent_rms_s20.npz,76388,888fa35f5a8e0ee21d455a9e75cf736d5469486740f0d482e472d8d158f5c853
resnet,independent_rms,29,bandpass_n20001_cV4_independent_rms_s15,phase2/results/predictions/full/independent_rms/resnet/seed_29/bandpass_n20001_cV4_independent_rms_s15.npz,76379,7cf4df32b618aa11dd4de93d82f884ae99db42400455d79e3077ac62a78f13bc
resnet,independent_rms,29,bandpass_n20001_cV4_independent_rms_s10,phase2/results/predictions/full/independent_rms/resnet/seed_29/bandpass_n20001_cV4_independent_rms_s10.npz,76316,67ad9f496b6b5a32abc5554a9ec65a2e50d005aa5bf866942cc5459d0fc57f86
resnet,independent_rms,29,bandpass_n20001_cV4_independent_rms_s5,phase2/results/predictions/full/independent_rms/resnet/seed_29/bandpass_n20001_cV4_independent_rms_s5.npz,76244,989aae223830f8893c042a5e95b6ead558775d48c4b67a9988eb4dadf869fe2c
resnet,independent_rms,29,bandpass_n20001_cV4_independent_rms_s0,phase2/results/predictions/full/independent_rms/resnet/seed_29/bandpass_n20001_cV4_independent_rms_s0.npz,75918,d5b28171ee2dfd7adf31aad69171468663ba58699279006f80d442f8fee734fb
resnet,independent_rms,29,bandpass_n20001_cV4_electrode_s20,phase2/results/predictions/full/independent_rms/resnet/seed_29/bandpass_n20001_cV4_electrode_s20.npz,76404,ec46470ec1f920c7964cfd0e747cbe6f09ec09761eee13250c2caf89ad7ae94d
resnet,independent_rms,29,bandpass_n20001_cV4_electrode_s15,phase2/results/predictions/full/independent_rms/resnet/seed_29/bandpass_n20001_cV4_electrode_s15.npz,76358,20192d32b59ccdcb0069361f4ddcde08cf32e826b3134dd897aa0b3e3afcda3f
resnet,independent_rms,29,bandpass_n20001_cV4_electrode_s10,phase2/results/predictions/full/independent_rms/resnet/seed_29/bandpass_n20001_cV4_electrode_s10.npz,76318,1244fc43725b84a0730ac6d6cfa8141e16c2033a332d36ce419c5c19b46bf64e
resnet,independent_rms,29,bandpass_n20001_cV4_electrode_s5,phase2/results/predictions/full/independent_rms/resnet/seed_29/bandpass_n20001_cV4_electrode_s5.npz,76235,cb70b8e4cace67845dcf88100aa8d7169f7a18d3d0ca83dbdb84eb851e3e8513
resnet,independent_rms,29,bandpass_n20001_cV4_electrode_s0,phase2/results/predictions/full/independent_rms/resnet/seed_29/bandpass_n20001_cV4_electrode_s0.npz,75890,ec8eb6c0764cdef1fd7e041c851c6747ad22ad44b590ae56b474d28c3d6f86d0
resnet,independent_rms,29,bandpass_n20001_cV4_covariance_s20,phase2/results/predictions/full/independent_rms/resnet/seed_29/bandpass_n20001_cV4_covariance_s20.npz,76371,44a9242ff9ec8e75e152dd8c9a415d70368f9b61bdb308aeadae3e194458175f
resnet,independent_rms,29,bandpass_n20001_cV4_covariance_s15,phase2/results/predictions/full/independent_rms/resnet/seed_29/bandpass_n20001_cV4_covariance_s15.npz,76379,e2993bb23008149a26dcc36c3f47824cb76d4e03b93bf4a37e3dd2c3a9eecaab
resnet,independent_rms,29,bandpass_n20001_cV4_covariance_s10,phase2/results/predictions/full/independent_rms/resnet/seed_29/bandpass_n20001_cV4_covariance_s10.npz,76327,cf556bf0a81142e928e1465a0e68b870fc786342ff9f3dd2d2010c09a01bd9cf
resnet,independent_rms,29,bandpass_n20001_cV4_covariance_s5,phase2/results/predictions/full/independent_rms/resnet/seed_29/bandpass_n20001_cV4_covariance_s5.npz,76211,6e782d128b08a4c992af9ff02733ca027cf6547eacba106c904698f47f8294a6
resnet,independent_rms,29,bandpass_n20001_cV4_covariance_s0,phase2/results/predictions/full/independent_rms/resnet/seed_29/bandpass_n20001_cV4_covariance_s0.npz,75869,d6926281b5b28407ba0f04d170cf1464b181b2acf0e01f86f2029c56ef7ca0a6
resnet,independent_rms,29,bandpass_n20001_cV5_independent_rms_s20,phase2/results/predictions/full/independent_rms/resnet/seed_29/bandpass_n20001_cV5_independent_rms_s20.npz,76407,a28e4bd4281bbe6b867357840f5d9f6865fa344146b6e2a11929e00d350c0089
resnet,independent_rms,29,bandpass_n20001_cV5_independent_rms_s15,phase2/results/predictions/full/independent_rms/resnet/seed_29/bandpass_n20001_cV5_independent_rms_s15.npz,76345,2a9829f07c0e10b377fa2ba2133e54d7c73287bc66349851e0392889a78d826b
resnet,independent_rms,29,bandpass_n20001_cV5_independent_rms_s10,phase2/results/predictions/full/independent_rms/resnet/seed_29/bandpass_n20001_cV5_independent_rms_s10.npz,76299,4a47518e6916ea7cbc59d2bf70cb734d17b495992d37a807067c3919573e012c
resnet,independent_rms,29,bandpass_n20001_cV5_independent_rms_s5,phase2/results/predictions/full/independent_rms/resnet/seed_29/bandpass_n20001_cV5_independent_rms_s5.npz,76128,2f44f70f918abf61c9fa9b8088a6df2b6d0441aa9dcbb708888e52f9ae88cd49
resnet,independent_rms,29,bandpass_n20001_cV5_independent_rms_s0,phase2/results/predictions/full/independent_rms/resnet/seed_29/bandpass_n20001_cV5_independent_rms_s0.npz,75701,10bb5ee4e0a28ed53380b163db87ced3601f1048b2c9b41d031ccd80db198eb3
resnet,independent_rms,29,bandpass_n20001_cV5_electrode_s20,phase2/results/predictions/full/independent_rms/resnet/seed_29/bandpass_n20001_cV5_electrode_s20.npz,76358,2d50593e043253a3f7bae63d35eacac851f58e4ec2d18fd840d3da8fdcf755cb
resnet,independent_rms,29,bandpass_n20001_cV5_electrode_s15,phase2/results/predictions/full/independent_rms/resnet/seed_29/bandpass_n20001_cV5_electrode_s15.npz,76339,1db8c3a1f6b43d2cea3c4ab6798bf6b070ff9220be9674400eafce5ef42e99e6
resnet,independent_rms,29,bandpass_n20001_cV5_electrode_s10,phase2/results/predictions/full/independent_rms/resnet/seed_29/bandpass_n20001_cV5_electrode_s10.npz,76288,85f7c452375fd332ad8b35c38bcbe1a5664c19c697d324f7fb41e840d5c4009c
resnet,independent_rms,29,bandpass_n20001_cV5_electrode_s5,phase2/results/predictions/full/independent_rms/resnet/seed_29/bandpass_n20001_cV5_electrode_s5.npz,76109,9361cef26eec6397573892dbd3a640a64ef03b5955a7b3c219a5e27a9c4d1e1b
resnet,independent_rms,29,bandpass_n20001_cV5_electrode_s0,phase2/results/predictions/full/independent_rms/resnet/seed_29/bandpass_n20001_cV5_electrode_s0.npz,75644,501049e2b349e881114342eba5a9be510d8a849afbee0a52ca9c8ed539f10a73
resnet,independent_rms,29,bandpass_n20001_cV5_covariance_s20,phase2/results/predictions/full/independent_rms/resnet/seed_29/bandpass_n20001_cV5_covariance_s20.npz,76362,47e0e5762452c4f0c45f6d6e976b0e39c4583dc05fbb8f3b86cafcc395694114
resnet,independent_rms,29,bandpass_n20001_cV5_covariance_s15,phase2/results/predictions/full/independent_rms/resnet/seed_29/bandpass_n20001_cV5_covariance_s15.npz,76361,3fee3a1f91078a3573f5bfc512642c1e7af3aad613266a71f92dd6a489fb1785
resnet,independent_rms,29,bandpass_n20001_cV5_covariance_s10,phase2/results/predictions/full/independent_rms/resnet/seed_29/bandpass_n20001_cV5_covariance_s10.npz,76287,8ef28d667ce2b093246f2e2747300630c71cbf5ffedf44f5fb8787a34cb75c42
resnet,independent_rms,29,bandpass_n20001_cV5_covariance_s5,phase2/results/predictions/full/independent_rms/resnet/seed_29/bandpass_n20001_cV5_covariance_s5.npz,76132,66149b99b5381681bdcdbd7f1702d16e0ffdfa3543696bda9439092d66ac219d
resnet,independent_rms,29,bandpass_n20001_cV5_covariance_s0,phase2/results/predictions/full/independent_rms/resnet/seed_29/bandpass_n20001_cV5_covariance_s0.npz,75618,1a8e30a1f770228e96d87dbec7a6391e313615555efb551c00aa3201b2a35f3b
resnet,independent_rms,29,bandpass_n20001_cV6_independent_rms_s20,phase2/results/predictions/full/independent_rms/resnet/seed_29/bandpass_n20001_cV6_independent_rms_s20.npz,76388,2e4394163e9453fe7758e17cf469a234c345ae331664ad97ee092afc14e33a42
resnet,independent_rms,29,bandpass_n20001_cV6_independent_rms_s15,phase2/results/predictions/full/independent_rms/resnet/seed_29/bandpass_n20001_cV6_independent_rms_s15.npz,76344,c8d367f4ebd7281e62bf9a66a32ec76252a5d02e8ffe93fe0d3c5ac40ddcb1da
resnet,independent_rms,29,bandpass_n20001_cV6_independent_rms_s10,phase2/results/predictions/full/independent_rms/resnet/seed_29/bandpass_n20001_cV6_independent_rms_s10.npz,76283,6aeae0c5e1baa66c5e7c1fbda724e733434524579e743daeb72b3c54f74ccdb9
resnet,independent_rms,29,bandpass_n20001_cV6_independent_rms_s5,phase2/results/predictions/full/independent_rms/resnet/seed_29/bandpass_n20001_cV6_independent_rms_s5.npz,76169,a723d0d6c600e34b2355577dac7084ea34dc8c741bc54a7c89b1ef2f6c6c3664
resnet,independent_rms,29,bandpass_n20001_cV6_independent_rms_s0,phase2/results/predictions/full/independent_rms/resnet/seed_29/bandpass_n20001_cV6_independent_rms_s0.npz,75774,2f1c4ed74341abbbdf1bba320fc1642aa8416601242657579197200b07cefdf4
resnet,independent_rms,29,bandpass_n20001_cV6_electrode_s20,phase2/results/predictions/full/independent_rms/resnet/seed_29/bandpass_n20001_cV6_electrode_s20.npz,76403,b3f55a7cead39115d45c84365daff04c1e67e021d2c7ca1cbbe2e28bdc04f6d4
resnet,independent_rms,29,bandpass_n20001_cV6_electrode_s15,phase2/results/predictions/full/independent_rms/resnet/seed_29/bandpass_n20001_cV6_electrode_s15.npz,76339,d91a5175dc96a0839d4b87086a1d6ecef88f01a39e04595f904f3cfb56f91f6b
resnet,independent_rms,29,bandpass_n20001_cV6_electrode_s10,phase2/results/predictions/full/independent_rms/resnet/seed_29/bandpass_n20001_cV6_electrode_s10.npz,76289,bf99a2d16a0a3a19260e5be595a8b9b7de36122eddae1467c3578205ccf3dbff
resnet,independent_rms,29,bandpass_n20001_cV6_electrode_s5,phase2/results/predictions/full/independent_rms/resnet/seed_29/bandpass_n20001_cV6_electrode_s5.npz,76153,ceb506d2059609e9c72e92f25e784f4fcd29d4626034bb4703c6b05a669ec171
resnet,independent_rms,29,bandpass_n20001_cV6_electrode_s0,phase2/results/predictions/full/independent_rms/resnet/seed_29/bandpass_n20001_cV6_electrode_s0.npz,75735,9349254ec749d4a3415b6a570ca6dd8f20639cf4f2a9f71c04ec8f701e3d42fd
resnet,independent_rms,29,bandpass_n20001_cV6_covariance_s20,phase2/results/predictions/full/independent_rms/resnet/seed_29/bandpass_n20001_cV6_covariance_s20.npz,76355,2fbcf873977ce1146050e5089c54223a850143a566ab87e53abb065852c7378f
resnet,independent_rms,29,bandpass_n20001_cV6_covariance_s15,phase2/results/predictions/full/independent_rms/resnet/seed_29/bandpass_n20001_cV6_covariance_s15.npz,76377,351aeb4a48fe699c3bcef7ddba7d55ebaa7eaddb5dca29cd19979cef39081042
resnet,independent_rms,29,bandpass_n20001_cV6_covariance_s10,phase2/results/predictions/full/independent_rms/resnet/seed_29/bandpass_n20001_cV6_covariance_s10.npz,76292,3ec94d5a3ceb110a2b1c6a7ee5cd9fc75e17848a1a707cab9950011488ad97d7
resnet,independent_rms,29,bandpass_n20001_cV6_covariance_s5,phase2/results/predictions/full/independent_rms/resnet/seed_29/bandpass_n20001_cV6_covariance_s5.npz,76143,2ede2161b9ee8fb75dc60fe080d590fe1168c3767140ebeca735094c11cd58d7
resnet,independent_rms,29,bandpass_n20001_cV6_covariance_s0,phase2/results/predictions/full/independent_rms/resnet/seed_29/bandpass_n20001_cV6_covariance_s0.npz,75752,c053ee65c35d9264d22d21a3540972bb90e211a722ca927f1663eccb518a78fb
resnet,independent_rms,29,bandpass_n20001_cRA_LA_independent_rms_s20,phase2/results/predictions/full/independent_rms/resnet/seed_29/bandpass_n20001_cRA_LA_independent_rms_s20.npz,76380,c92bfdd0ffd08bcc0718f48dd84819a8ca8de6ad71cc5349151040ebd098a312
resnet,independent_rms,29,bandpass_n20001_cRA_LA_independent_rms_s15,phase2/results/predictions/full/independent_rms/resnet/seed_29/bandpass_n20001_cRA_LA_independent_rms_s15.npz,76342,62571ad3964bd7d6800d0f73affce5c77bafc0330930497cac81ae9ae9482669
resnet,independent_rms,29,bandpass_n20001_cRA_LA_independent_rms_s10,phase2/results/predictions/full/independent_rms/resnet/seed_29/bandpass_n20001_cRA_LA_independent_rms_s10.npz,76258,d81fa7b7bcdf961947e833a1d64d0404bb64e81be41f989603e7d8d2009232bc
resnet,independent_rms,29,bandpass_n20001_cRA_LA_independent_rms_s5,phase2/results/predictions/full/independent_rms/resnet/seed_29/bandpass_n20001_cRA_LA_independent_rms_s5.npz,76120,14c8f19e7fcfcc6b17614c867dcb1fe7f26f1ed7ba8283740d2d263fb83a850a
resnet,independent_rms,29,bandpass_n20001_cRA_LA_independent_rms_s0,phase2/results/predictions/full/independent_rms/resnet/seed_29/bandpass_n20001_cRA_LA_independent_rms_s0.npz,75638,cb319d59d84f4df75ab521791b26a7000464d6152e03d074c2ff4b0257e5e962
resnet,independent_rms,29,bandpass_n20001_cRA_LA_electrode_s20,phase2/results/predictions/full/independent_rms/resnet/seed_29/bandpass_n20001_cRA_LA_electrode_s20.npz,76323,ea1745f37024b66ed51edd17356819e12126559313b005cc7e04db07f27138b2
resnet,independent_rms,29,bandpass_n20001_cRA_LA_electrode_s15,phase2/results/predictions/full/independent_rms/resnet/seed_29/bandpass_n20001_cRA_LA_electrode_s15.npz,76307,89b92a335e9c3922e16fcba3afef24652444cc99b6568fd90c197c024c4a43a0
resnet,independent_rms,29,bandpass_n20001_cRA_LA_electrode_s10,phase2/results/predictions/full/independent_rms/resnet/seed_29/bandpass_n20001_cRA_LA_electrode_s10.npz,76180,2c4ce48456206cbc61d95e9e8bceff6e11d6fc5014dfad8032823001cfb31ce7
resnet,independent_rms,29,bandpass_n20001_cRA_LA_electrode_s5,phase2/results/predictions/full/independent_rms/resnet/seed_29/bandpass_n20001_cRA_LA_electrode_s5.npz,75952,18b77b012376f380e8a20154bc83d691ff2a25ef50c9698868ef08587b8bdf90
resnet,independent_rms,29,bandpass_n20001_cRA_LA_electrode_s0,phase2/results/predictions/full/independent_rms/resnet/seed_29/bandpass_n20001_cRA_LA_electrode_s0.npz,75413,001a7069b1938944122d6ababad24bd03f30a62492ff329db654087b545b6f12
resnet,independent_rms,29,bandpass_n20001_cRA_LA_covariance_s20,phase2/results/predictions/full/independent_rms/resnet/seed_29/bandpass_n20001_cRA_LA_covariance_s20.npz,76355,df1c9ca1f1abd0caaf7aabec2d4c8f924e3579618c9e96727575a2f17356ef58
resnet,independent_rms,29,bandpass_n20001_cRA_LA_covariance_s15,phase2/results/predictions/full/independent_rms/resnet/seed_29/bandpass_n20001_cRA_LA_covariance_s15.npz,76341,732448497c10abc2ce60ba340919d06f668b9c08e4e4c52719d097b399de44ee
resnet,independent_rms,29,bandpass_n20001_cRA_LA_covariance_s10,phase2/results/predictions/full/independent_rms/resnet/seed_29/bandpass_n20001_cRA_LA_covariance_s10.npz,76208,8f732d2dd73aeae0f1cd85e46c5f0dde7555d3d86668f9198b35c9eb8fd6dd7b
resnet,independent_rms,29,bandpass_n20001_cRA_LA_covariance_s5,phase2/results/predictions/full/independent_rms/resnet/seed_29/bandpass_n20001_cRA_LA_covariance_s5.npz,75939,69cb02b195ce3d8461aca205601e2c77371ac5879ff1d426c737754cd522b326
resnet,independent_rms,29,bandpass_n20001_cRA_LA_covariance_s0,phase2/results/predictions/full/independent_rms/resnet/seed_29/bandpass_n20001_cRA_LA_covariance_s0.npz,75407,749254bff0f98fe7d3e43895d98db080c47a3acf959dd4a990b447671e5652cb
resnet,independent_rms,29,bandpass_n20001_cLA_LL_independent_rms_s20,phase2/results/predictions/full/independent_rms/resnet/seed_29/bandpass_n20001_cLA_LL_independent_rms_s20.npz,76365,26bbb445e8d4b5acf680ad89c5f3f5080b15cab28eaab197b8a34db000227b1d
resnet,independent_rms,29,bandpass_n20001_cLA_LL_independent_rms_s15,phase2/results/predictions/full/independent_rms/resnet/seed_29/bandpass_n20001_cLA_LL_independent_rms_s15.npz,76360,3693aba8658c7a23fff7c4771d6b4126b95dfa602365c652be79af3c61dbd3c1
resnet,independent_rms,29,bandpass_n20001_cLA_LL_independent_rms_s10,phase2/results/predictions/full/independent_rms/resnet/seed_29/bandpass_n20001_cLA_LL_independent_rms_s10.npz,76258,51300a2e7328e83264ca6df02f85245578f90ef4920705da8966c100abb81d46
resnet,independent_rms,29,bandpass_n20001_cLA_LL_independent_rms_s5,phase2/results/predictions/full/independent_rms/resnet/seed_29/bandpass_n20001_cLA_LL_independent_rms_s5.npz,76106,fdb8897a98be7c0171b66a436683b36ce13bf8354c4bf4e8ec7ad7852d7ada88
resnet,independent_rms,29,bandpass_n20001_cLA_LL_independent_rms_s0,phase2/results/predictions/full/independent_rms/resnet/seed_29/bandpass_n20001_cLA_LL_independent_rms_s0.npz,75637,6b69a8e0e05089a35f18c2550f93a941ddb2c5bd33bc94baa7f33507a3a6ea5f
resnet,independent_rms,29,bandpass_n20001_cLA_LL_electrode_s20,phase2/results/predictions/full/independent_rms/resnet/seed_29/bandpass_n20001_cLA_LL_electrode_s20.npz,76332,7c4341fab3eebcd034e43f2bf8e424796901096af62a6bd4bcf1138d45599c23
resnet,independent_rms,29,bandpass_n20001_cLA_LL_electrode_s15,phase2/results/predictions/full/independent_rms/resnet/seed_29/bandpass_n20001_cLA_LL_electrode_s15.npz,76318,71769f3812c9a66c80dca2a9a3eb037499a35d62841bc8df2989747bc40530c4
resnet,independent_rms,29,bandpass_n20001_cLA_LL_electrode_s10,phase2/results/predictions/full/independent_rms/resnet/seed_29/bandpass_n20001_cLA_LL_electrode_s10.npz,76232,41ca06a2793798cf3a138ab757499f12134769304e52cc8cdfcddd35c57718c2
resnet,independent_rms,29,bandpass_n20001_cLA_LL_electrode_s5,phase2/results/predictions/full/independent_rms/resnet/seed_29/bandpass_n20001_cLA_LL_electrode_s5.npz,75964,5c4622ab1a4382426730519ccbfc24c3684749065fc6cf78c03aa8f89ab0a91f
resnet,independent_rms,29,bandpass_n20001_cLA_LL_electrode_s0,phase2/results/predictions/full/independent_rms/resnet/seed_29/bandpass_n20001_cLA_LL_electrode_s0.npz,75626,2c55114386a4c2003dcb1b63be4c881ceab19bec0c45c7f68b00317d91787df3
resnet,independent_rms,29,bandpass_n20001_cLA_LL_covariance_s20,phase2/results/predictions/full/independent_rms/resnet/seed_29/bandpass_n20001_cLA_LL_covariance_s20.npz,76359,ed4941c7b659a6de959022462642bf01a9d2090886eb80a22e5558b63750bc2b
resnet,independent_rms,29,bandpass_n20001_cLA_LL_covariance_s15,phase2/results/predictions/full/independent_rms/resnet/seed_29/bandpass_n20001_cLA_LL_covariance_s15.npz,76326,4c64fc1506501cac6d0e3d4ae992031684ad61a64e1df4f06f0bcc097c86fe27
resnet,independent_rms,29,bandpass_n20001_cLA_LL_covariance_s10,phase2/results/predictions/full/independent_rms/resnet/seed_29/bandpass_n20001_cLA_LL_covariance_s10.npz,76188,c93eb71634221862830198f6998628e45b84b674a321d7023ec1781ec883625b
resnet,independent_rms,29,bandpass_n20001_cLA_LL_covariance_s5,phase2/results/predictions/full/independent_rms/resnet/seed_29/bandpass_n20001_cLA_LL_covariance_s5.npz,75958,a7116ee12632f0a1a47de7be56677a0d731b22254d7762bffac557e4f5b74545
resnet,independent_rms,29,bandpass_n20001_cLA_LL_covariance_s0,phase2/results/predictions/full/independent_rms/resnet/seed_29/bandpass_n20001_cLA_LL_covariance_s0.npz,75618,ffde80270e3af7b7b5cbb8beea4fea4c228267c3e9ac9fe1f40c26eebbf9229a
resnet,independent_rms,29,bandpass_n20001_cRA_LL_independent_rms_s20,phase2/results/predictions/full/independent_rms/resnet/seed_29/bandpass_n20001_cRA_LL_independent_rms_s20.npz,76365,5e53f45cbab551fd472c28cdcdcb4ed5efe7c58af6616f9c94f19726fdd66ce1
resnet,independent_rms,29,bandpass_n20001_cRA_LL_independent_rms_s15,phase2/results/predictions/full/independent_rms/resnet/seed_29/bandpass_n20001_cRA_LL_independent_rms_s15.npz,76347,b0f5c676e9d5859702315f6baf0e525b5dc12fd218fdb78a25e0eacfdda5fec2
resnet,independent_rms,29,bandpass_n20001_cRA_LL_independent_rms_s10,phase2/results/predictions/full/independent_rms/resnet/seed_29/bandpass_n20001_cRA_LL_independent_rms_s10.npz,76266,74fb2f688f1ede67fef7a6425b3810853ab019b307acedcc1eef9aadf5c0f84c
resnet,independent_rms,29,bandpass_n20001_cRA_LL_independent_rms_s5,phase2/results/predictions/full/independent_rms/resnet/seed_29/bandpass_n20001_cRA_LL_independent_rms_s5.npz,76117,b9e76ba43d814db972b528cec90c1cccde8d8f3bc316bad2e2539785edcba714
resnet,independent_rms,29,bandpass_n20001_cRA_LL_independent_rms_s0,phase2/results/predictions/full/independent_rms/resnet/seed_29/bandpass_n20001_cRA_LL_independent_rms_s0.npz,75599,34e6f77ba05c0995d93261501e162ae80c5e5e6ea60064165822b944c89640aa
resnet,independent_rms,29,bandpass_n20001_cRA_LL_electrode_s20,phase2/results/predictions/full/independent_rms/resnet/seed_29/bandpass_n20001_cRA_LL_electrode_s20.npz,76377,1d10c440a55c669a0cc9ac83f162174eefb31e879be7d61dc2d83ca0faafc3a4
resnet,independent_rms,29,bandpass_n20001_cRA_LL_electrode_s15,phase2/results/predictions/full/independent_rms/resnet/seed_29/bandpass_n20001_cRA_LL_electrode_s15.npz,76314,b7d39026ff22a665319a5e89dcb841051e29d27e5e095811de921743577146a2
resnet,independent_rms,29,bandpass_n20001_cRA_LL_electrode_s10,phase2/results/predictions/full/independent_rms/resnet/seed_29/bandpass_n20001_cRA_LL_electrode_s10.npz,76209,6d019c0ca9e7056f77e580c190ef89a5fca4502dcaecdc3dcea07f07266c25d3
resnet,independent_rms,29,bandpass_n20001_cRA_LL_electrode_s5,phase2/results/predictions/full/independent_rms/resnet/seed_29/bandpass_n20001_cRA_LL_electrode_s5.npz,75944,50e44ae19ef2551aceb44a8695af97d09e14ac11ace1b516eb893bcbc73d9a7e
resnet,independent_rms,29,bandpass_n20001_cRA_LL_electrode_s0,phase2/results/predictions/full/independent_rms/resnet/seed_29/bandpass_n20001_cRA_LL_electrode_s0.npz,75507,4082ba3eb923f6782be73156d31108d23fd96052c912706540a2180d5cffca4a
resnet,independent_rms,29,bandpass_n20001_cRA_LL_covariance_s20,phase2/results/predictions/full/independent_rms/resnet/seed_29/bandpass_n20001_cRA_LL_covariance_s20.npz,76350,ea1c8c49bef46921ce6913a666f5d1e94c63be5fe5bbe8704846cfcc2383e2ae
resnet,independent_rms,29,bandpass_n20001_cRA_LL_covariance_s15,phase2/results/predictions/full/independent_rms/resnet/seed_29/bandpass_n20001_cRA_LL_covariance_s15.npz,76291,8df342b735df79593824b1bd7429c88ff0d9f2673cced9229b74aec1fe08d2c2
resnet,independent_rms,29,bandpass_n20001_cRA_LL_covariance_s10,phase2/results/predictions/full/independent_rms/resnet/seed_29/bandpass_n20001_cRA_LL_covariance_s10.npz,76181,a74d04a0f6a438f370ec57d5cc16f2dc41a1ebfd761e233b492eee8fe3cc4d06
resnet,independent_rms,29,bandpass_n20001_cRA_LL_covariance_s5,phase2/results/predictions/full/independent_rms/resnet/seed_29/bandpass_n20001_cRA_LL_covariance_s5.npz,75936,118d1106ddff40870e5de82b2b1fbd353ab012195a81b6d6b3204298bff7c316
resnet,independent_rms,29,bandpass_n20001_cRA_LL_covariance_s0,phase2/results/predictions/full/independent_rms/resnet/seed_29/bandpass_n20001_cRA_LL_covariance_s0.npz,75487,51961e8a5939556e3ed3ce32256e75dacabc0658e1e944e354a535a8c71a9222
resnet,independent_rms,29,bandpass_n20001_cRA_independent_rms_s20,phase2/results/predictions/full/independent_rms/resnet/seed_29/bandpass_n20001_cRA_independent_rms_s20.npz,76392,c1b795e52abffc44a549c37d89299effe13dca3243469c1e1f422fc63ee530f9
resnet,independent_rms,29,bandpass_n20001_cRA_independent_rms_s15,phase2/results/predictions/full/independent_rms/resnet/seed_29/bandpass_n20001_cRA_independent_rms_s15.npz,76380,863cc699d4bbac7fa38fca1577f463f752397d302dd663212acd14f2b1b08105
resnet,independent_rms,29,bandpass_n20001_cRA_independent_rms_s10,phase2/results/predictions/full/independent_rms/resnet/seed_29/bandpass_n20001_cRA_independent_rms_s10.npz,76276,3a28cd389082861aa14aa9d87f1c61098590af7b0015351ff059ee21208b10ec
resnet,independent_rms,29,bandpass_n20001_cRA_independent_rms_s5,phase2/results/predictions/full/independent_rms/resnet/seed_29/bandpass_n20001_cRA_independent_rms_s5.npz,76111,00e989ef1d1a00ae8090c8b04248edabed099b67844f7ba0e13f2d27f4aa8a09
resnet,independent_rms,29,bandpass_n20001_cRA_independent_rms_s0,phase2/results/predictions/full/independent_rms/resnet/seed_29/bandpass_n20001_cRA_independent_rms_s0.npz,75591,dbc141f62b1fd35536ba8c9b4f298671aa776759ad4bdb56276d36ce9d9be4dd
resnet,independent_rms,29,bandpass_n20001_cRA_electrode_s20,phase2/results/predictions/full/independent_rms/resnet/seed_29/bandpass_n20001_cRA_electrode_s20.npz,76370,12a8cc17d6e53db6561d1c616f42c82c9c5b6e044031df1d11317bbb758dccee
resnet,independent_rms,29,bandpass_n20001_cRA_electrode_s15,phase2/results/predictions/full/independent_rms/resnet/seed_29/bandpass_n20001_cRA_electrode_s15.npz,76323,f94ccef2bafd878ca6093e6e4d47d1923275adef4dc71b4850c0b1488c4b6626
resnet,independent_rms,29,bandpass_n20001_cRA_electrode_s10,phase2/results/predictions/full/independent_rms/resnet/seed_29/bandpass_n20001_cRA_electrode_s10.npz,76212,cedb498d67dcc7a1667e466c2670a187ae3a0a452cd0fa7b2e1365c51778c147
resnet,independent_rms,29,bandpass_n20001_cRA_electrode_s5,phase2/results/predictions/full/independent_rms/resnet/seed_29/bandpass_n20001_cRA_electrode_s5.npz,75930,b07d85c42ca85015176ff3236d095d43fd6aebe0c324258ae878615eee285223
resnet,independent_rms,29,bandpass_n20001_cRA_electrode_s0,phase2/results/predictions/full/independent_rms/resnet/seed_29/bandpass_n20001_cRA_electrode_s0.npz,75344,2b723170101f84845c6352c5215409b62686f034f856177a7db51042cab466e1
resnet,independent_rms,29,bandpass_n20001_cRA_covariance_s20,phase2/results/predictions/full/independent_rms/resnet/seed_29/bandpass_n20001_cRA_covariance_s20.npz,76347,ecbb4823cba5eed2c62badec487e96a6605bdd62dc3105ebc72e88fe8a5b35d8
resnet,independent_rms,29,bandpass_n20001_cRA_covariance_s15,phase2/results/predictions/full/independent_rms/resnet/seed_29/bandpass_n20001_cRA_covariance_s15.npz,76338,63f8ac57ff632bb3a52cc2e9fb8955d09224a8a2dbada866a4fb65d4e8badb88
resnet,independent_rms,29,bandpass_n20001_cRA_covariance_s10,phase2/results/predictions/full/independent_rms/resnet/seed_29/bandpass_n20001_cRA_covariance_s10.npz,76177,5ceb292852903e5a57011a9861fcb957779bee08261b741d9904f10cec7851d7
resnet,independent_rms,29,bandpass_n20001_cRA_covariance_s5,phase2/results/predictions/full/independent_rms/resnet/seed_29/bandpass_n20001_cRA_covariance_s5.npz,75930,6a1a651fd08842a9033381875b035bc3f64ab849976b6c395d2b70e320fa071f
resnet,independent_rms,29,bandpass_n20001_cRA_covariance_s0,phase2/results/predictions/full/independent_rms/resnet/seed_29/bandpass_n20001_cRA_covariance_s0.npz,75339,9d7117b954c621c052db7bf2a2f734f5b392911587cf4f3cb2147709aac482b3
resnet,independent_rms,29,bandpass_n20001_cLA_independent_rms_s20,phase2/results/predictions/full/independent_rms/resnet/seed_29/bandpass_n20001_cLA_independent_rms_s20.npz,76384,6a7ffc1cb8ee7da35bf33505c9e0d078df26052e2db92e0c9d296db192950cab
resnet,independent_rms,29,bandpass_n20001_cLA_independent_rms_s15,phase2/results/predictions/full/independent_rms/resnet/seed_29/bandpass_n20001_cLA_independent_rms_s15.npz,76338,5168843865f0bd37f92361961e3f0f15f91fa45839b171bf6484d83259c26d0b
resnet,independent_rms,29,bandpass_n20001_cLA_independent_rms_s10,phase2/results/predictions/full/independent_rms/resnet/seed_29/bandpass_n20001_cLA_independent_rms_s10.npz,76266,08e92d7546f0ef94a5cf4c10ea2a22c3657c246ffe453e59761d18cbf4efabdf
resnet,independent_rms,29,bandpass_n20001_cLA_independent_rms_s5,phase2/results/predictions/full/independent_rms/resnet/seed_29/bandpass_n20001_cLA_independent_rms_s5.npz,76112,c6bd42a52bdb5f0f3e70e3a6a32a9be373e3d7d417aa381457fc099b0ef47097
resnet,independent_rms,29,bandpass_n20001_cLA_independent_rms_s0,phase2/results/predictions/full/independent_rms/resnet/seed_29/bandpass_n20001_cLA_independent_rms_s0.npz,75609,48192880a2c906e623cb1d21fda50f4f75db672074d26f69146f6ba490d628ff
resnet,independent_rms,29,bandpass_n20001_cLA_electrode_s20,phase2/results/predictions/full/independent_rms/resnet/seed_29/bandpass_n20001_cLA_electrode_s20.npz,76362,39f49dc2230fec93e4bae1519204c6e723d0a4567815f8c6e2f8609014b0446f
resnet,independent_rms,29,bandpass_n20001_cLA_electrode_s15,phase2/results/predictions/full/independent_rms/resnet/seed_29/bandpass_n20001_cLA_electrode_s15.npz,76267,cf2129cd4c4e9337c23880758ef7811d0f6d21e65455516c3545f4538e0c3d55
resnet,independent_rms,29,bandpass_n20001_cLA_electrode_s10,phase2/results/predictions/full/independent_rms/resnet/seed_29/bandpass_n20001_cLA_electrode_s10.npz,76213,014e9e232144894bafb09b7b12059086c8025354f158e9e3e54fb09cca1cd2e3
resnet,independent_rms,29,bandpass_n20001_cLA_electrode_s5,phase2/results/predictions/full/independent_rms/resnet/seed_29/bandpass_n20001_cLA_electrode_s5.npz,75982,f3dcde6a98ec7daa4248034bda2e4a0caa8351fb9ca3dae82c8ac0cafcb5afb3
resnet,independent_rms,29,bandpass_n20001_cLA_electrode_s0,phase2/results/predictions/full/independent_rms/resnet/seed_29/bandpass_n20001_cLA_electrode_s0.npz,75505,80ab639ba36310234e467452185e380794de15e80a2462a7fe4c416f9e9e19a5
resnet,independent_rms,29,bandpass_n20001_cLA_covariance_s20,phase2/results/predictions/full/independent_rms/resnet/seed_29/bandpass_n20001_cLA_covariance_s20.npz,76352,c0a824a904af48e5f2c3473cfe3878d678b044f9874fe2ebf8deeb29f6e07a27
resnet,independent_rms,29,bandpass_n20001_cLA_covariance_s15,phase2/results/predictions/full/independent_rms/resnet/seed_29/bandpass_n20001_cLA_covariance_s15.npz,76343,34ca27632b2c21b4297bfdcf3914c7174461ba936b0e3c2a21fe1130e64fc0cd
resnet,independent_rms,29,bandpass_n20001_cLA_covariance_s10,phase2/results/predictions/full/independent_rms/resnet/seed_29/bandpass_n20001_cLA_covariance_s10.npz,76188,9351e67d6527874a0a64760c2e7b06d15b4d33a3d1563cafb7d274bcd92f5519
resnet,independent_rms,29,bandpass_n20001_cLA_covariance_s5,phase2/results/predictions/full/independent_rms/resnet/seed_29/bandpass_n20001_cLA_covariance_s5.npz,75940,cad62ba6538e8401b4b9527e438a1c534ce8a3427370a8d3460ee7018fd0c109
resnet,independent_rms,29,bandpass_n20001_cLA_covariance_s0,phase2/results/predictions/full/independent_rms/resnet/seed_29/bandpass_n20001_cLA_covariance_s0.npz,75496,b2399782cc7abac8e4bf2e6f65e9f420b3909b9e1f9e7ded67362b8cd71269f1
resnet,independent_rms,29,bandpass_n20001_cLL_independent_rms_s20,phase2/results/predictions/full/independent_rms/resnet/seed_29/bandpass_n20001_cLL_independent_rms_s20.npz,76381,ff32b61f9d37b7d2baa0fbbb6e6dabb634faee88979e4aa86e5f0ec190eaa614
resnet,independent_rms,29,bandpass_n20001_cLL_independent_rms_s15,phase2/results/predictions/full/independent_rms/resnet/seed_29/bandpass_n20001_cLL_independent_rms_s15.npz,76335,eed5d0070b50e1682caaaa89927d26795aa06464afb26f85e98dd128c93f927c
resnet,independent_rms,29,bandpass_n20001_cLL_independent_rms_s10,phase2/results/predictions/full/independent_rms/resnet/seed_29/bandpass_n20001_cLL_independent_rms_s10.npz,76271,69e85514be73eceaa864aa444e046c5d2cf19029f0751115525859c862d431ea
resnet,independent_rms,29,bandpass_n20001_cLL_independent_rms_s5,phase2/results/predictions/full/independent_rms/resnet/seed_29/bandpass_n20001_cLL_independent_rms_s5.npz,76107,5e2e7cde7fbb25e9662e0d557d3e53c2ed3c2d69cbac388444541dad2554f017
resnet,independent_rms,29,bandpass_n20001_cLL_independent_rms_s0,phase2/results/predictions/full/independent_rms/resnet/seed_29/bandpass_n20001_cLL_independent_rms_s0.npz,75609,c7849ca099329cb0e818ba8fc7fd638b99e505d6436a8aaf54a8b0df23b9a684
resnet,independent_rms,29,bandpass_n20001_cLL_electrode_s20,phase2/results/predictions/full/independent_rms/resnet/seed_29/bandpass_n20001_cLL_electrode_s20.npz,76329,0241f9c44ed46f0a33b5de129078da4b6cd53eb68c4af93207cdb7f273607c6a
resnet,independent_rms,29,bandpass_n20001_cLL_electrode_s15,phase2/results/predictions/full/independent_rms/resnet/seed_29/bandpass_n20001_cLL_electrode_s15.npz,76317,670b976584b7e44def7bf8156781ac82927d30712a13b4e3af0e2db6b4e41b5e
resnet,independent_rms,29,bandpass_n20001_cLL_electrode_s10,phase2/results/predictions/full/independent_rms/resnet/seed_29/bandpass_n20001_cLL_electrode_s10.npz,76182,f2f8c1a0dee1091239d1b69702484615cdaf7262f854527342c2760afeee339d
resnet,independent_rms,29,bandpass_n20001_cLL_electrode_s5,phase2/results/predictions/full/independent_rms/resnet/seed_29/bandpass_n20001_cLL_electrode_s5.npz,75925,9a0a861635cc13d5756ec2c96c828af48173828434bde987ce0b6157ba68615a
resnet,independent_rms,29,bandpass_n20001_cLL_electrode_s0,phase2/results/predictions/full/independent_rms/resnet/seed_29/bandpass_n20001_cLL_electrode_s0.npz,75723,bb631633c05420e924022f99d0bad1055f0eaa23a3937b40fd2fdc75c4b8c128
resnet,independent_rms,29,bandpass_n20001_cLL_covariance_s20,phase2/results/predictions/full/independent_rms/resnet/seed_29/bandpass_n20001_cLL_covariance_s20.npz,76355,e43ace18bc2db1422d0a3a526ce1d3d8082adf6c85558e348058744dd5589e78
resnet,independent_rms,29,bandpass_n20001_cLL_covariance_s15,phase2/results/predictions/full/independent_rms/resnet/seed_29/bandpass_n20001_cLL_covariance_s15.npz,76353,35d8f4bae0b0fc20afb7e74c9b27746b974689eb0601a0e3535a69f789a7c469
resnet,independent_rms,29,bandpass_n20001_cLL_covariance_s10,phase2/results/predictions/full/independent_rms/resnet/seed_29/bandpass_n20001_cLL_covariance_s10.npz,76165,e5ae0ed5cec4ff6b8f77defb80d8e20a8f9234bd300b32b2bef2ae9f8e375be5
resnet,independent_rms,29,bandpass_n20001_cLL_covariance_s5,phase2/results/predictions/full/independent_rms/resnet/seed_29/bandpass_n20001_cLL_covariance_s5.npz,75963,4afcb0e1e45e198b423a08c7e596bca9e35fe6d4f07537df62009e5883306826
resnet,independent_rms,29,bandpass_n20001_cLL_covariance_s0,phase2/results/predictions/full/independent_rms/resnet/seed_29/bandpass_n20001_cLL_covariance_s0.npz,75696,1b9a658f871866fef4ca8081b609748b4df840b72a749bab71c8ad109a6073a7
resnet,independent_rms,29,bandpass_n20001_cRA_V1_independent_rms_s20,phase2/results/predictions/full/independent_rms/resnet/seed_29/bandpass_n20001_cRA_V1_independent_rms_s20.npz,76401,20e3bb6f5f435d554e0420e71f7128d5fa5806606d6e1632a8e3ee008846b1fe
resnet,independent_rms,29,bandpass_n20001_cRA_V1_independent_rms_s15,phase2/results/predictions/full/independent_rms/resnet/seed_29/bandpass_n20001_cRA_V1_independent_rms_s15.npz,76372,4914c7d4b9711a22b1aace8200c1c53c980d06a5507222c871f9bae8091dbb90
resnet,independent_rms,29,bandpass_n20001_cRA_V1_independent_rms_s10,phase2/results/predictions/full/independent_rms/resnet/seed_29/bandpass_n20001_cRA_V1_independent_rms_s10.npz,76296,81b6cfc56d5d0a95aedbd99ae4a684edf3c92b7267e08240f9e96f9b08a26d3a
resnet,independent_rms,29,bandpass_n20001_cRA_V1_independent_rms_s5,phase2/results/predictions/full/independent_rms/resnet/seed_29/bandpass_n20001_cRA_V1_independent_rms_s5.npz,76112,81a6f5d67a8b4bdad8620c420e1f1d13a5432bc46a5d3e15e224c53118a35d21
resnet,independent_rms,29,bandpass_n20001_cRA_V1_independent_rms_s0,phase2/results/predictions/full/independent_rms/resnet/seed_29/bandpass_n20001_cRA_V1_independent_rms_s0.npz,75616,535d07aaaf55f316b7718cef66ab340b4bd50b29058039d449304823c0545930
resnet,independent_rms,29,bandpass_n20001_cRA_V1_electrode_s20,phase2/results/predictions/full/independent_rms/resnet/seed_29/bandpass_n20001_cRA_V1_electrode_s20.npz,76375,a1aeae8ace4961c1235eb2524ce66ea24e67cb6a63ab60195aa801751be6f5bc
resnet,independent_rms,29,bandpass_n20001_cRA_V1_electrode_s15,phase2/results/predictions/full/independent_rms/resnet/seed_29/bandpass_n20001_cRA_V1_electrode_s15.npz,76328,9e796d017c9158ac482f6d4635e8762ad3b3fac56e9e6cc88a0aa89f271423c0
resnet,independent_rms,29,bandpass_n20001_cRA_V1_electrode_s10,phase2/results/predictions/full/independent_rms/resnet/seed_29/bandpass_n20001_cRA_V1_electrode_s10.npz,76217,c94aa124a9a5b524b0dac6bc263ba9d81fecd69735520738aae77a74bfa4551d
resnet,independent_rms,29,bandpass_n20001_cRA_V1_electrode_s5,phase2/results/predictions/full/independent_rms/resnet/seed_29/bandpass_n20001_cRA_V1_electrode_s5.npz,76006,ab119f10e84a87696637efb832cc301cb22620dd1b494914e365e6b8715858e4
resnet,independent_rms,29,bandpass_n20001_cRA_V1_electrode_s0,phase2/results/predictions/full/independent_rms/resnet/seed_29/bandpass_n20001_cRA_V1_electrode_s0.npz,75404,08980dbe10d84019128dc3fc53cd39221ffb6cad69ae4e4e1b09580525303ec4
resnet,independent_rms,29,bandpass_n20001_cRA_V1_covariance_s20,phase2/results/predictions/full/independent_rms/resnet/seed_29/bandpass_n20001_cRA_V1_covariance_s20.npz,76367,047335981a8ecfe82457b3da80fe4c4fa47e100826f24fa49531804c2dd98362
resnet,independent_rms,29,bandpass_n20001_cRA_V1_covariance_s15,phase2/results/predictions/full/independent_rms/resnet/seed_29/bandpass_n20001_cRA_V1_covariance_s15.npz,76321,8fca6de6f8bccc22b4b4c86c55714dabd598182a13f8bf74a92c5b9795c5415a
resnet,independent_rms,29,bandpass_n20001_cRA_V1_covariance_s10,phase2/results/predictions/full/independent_rms/resnet/seed_29/bandpass_n20001_cRA_V1_covariance_s10.npz,76228,2d338f6b3d0522b72bb6c2c293e257815e95ac52db753464ea655fa33c3b4b0e
resnet,independent_rms,29,bandpass_n20001_cRA_V1_covariance_s5,phase2/results/predictions/full/independent_rms/resnet/seed_29/bandpass_n20001_cRA_V1_covariance_s5.npz,76003,0cedeef8924f377c989a58bef7168c37add0fa0254b9b7552070602df2a35bc2
resnet,independent_rms,29,bandpass_n20001_cRA_V1_covariance_s0,phase2/results/predictions/full/independent_rms/resnet/seed_29/bandpass_n20001_cRA_V1_covariance_s0.npz,75425,2622bd3e4f9b3cd79789eaf552e4571c957999cc296ce9ab6b66aeea10500ecd
resnet,independent_rms,29,bandpass_n20001_cLA_V6_independent_rms_s20,phase2/results/predictions/full/independent_rms/resnet/seed_29/bandpass_n20001_cLA_V6_independent_rms_s20.npz,76397,2719214b95991c3f2eeba78c845a4a2e42f04c0a9e984d954ace6146f91dddda
resnet,independent_rms,29,bandpass_n20001_cLA_V6_independent_rms_s15,phase2/results/predictions/full/independent_rms/resnet/seed_29/bandpass_n20001_cLA_V6_independent_rms_s15.npz,76372,273c8c6da9274c13adbf7e77511a93b2d8dfe93d6bc5ecf3f560d505d9a9298a
resnet,independent_rms,29,bandpass_n20001_cLA_V6_independent_rms_s10,phase2/results/predictions/full/independent_rms/resnet/seed_29/bandpass_n20001_cLA_V6_independent_rms_s10.npz,76305,4609f7f8ddce8b94dfad98a4117d57a425af086eda272ddf429bbbc509fb3f68
resnet,independent_rms,29,bandpass_n20001_cLA_V6_independent_rms_s5,phase2/results/predictions/full/independent_rms/resnet/seed_29/bandpass_n20001_cLA_V6_independent_rms_s5.npz,76111,8b174848b12fa2b63c1c990c9de4ab43f1db5ca0f523170de39cc2e02ba43a78
resnet,independent_rms,29,bandpass_n20001_cLA_V6_independent_rms_s0,phase2/results/predictions/full/independent_rms/resnet/seed_29/bandpass_n20001_cLA_V6_independent_rms_s0.npz,75692,0d65dbf6a59e9945af964193efffbd702af06c0085a3460326bbdcc02fc881f3
resnet,independent_rms,29,bandpass_n20001_cLA_V6_electrode_s20,phase2/results/predictions/full/independent_rms/resnet/seed_29/bandpass_n20001_cLA_V6_electrode_s20.npz,76366,40652ed452b626cd924deab8b4efdd9735973db0e864c528addf102e697135b0
resnet,independent_rms,29,bandpass_n20001_cLA_V6_electrode_s15,phase2/results/predictions/full/independent_rms/resnet/seed_29/bandpass_n20001_cLA_V6_electrode_s15.npz,76331,0d3a7638dd3dc12ecd9c22d440afd03d93bcfa9abfc4bcaf14687f3db8e629e3
resnet,independent_rms,29,bandpass_n20001_cLA_V6_electrode_s10,phase2/results/predictions/full/independent_rms/resnet/seed_29/bandpass_n20001_cLA_V6_electrode_s10.npz,76266,1a29e88ecb6afb87ead322b8dfd526a761bddb1f01934c89a3e0822fe5513ed6
resnet,independent_rms,29,bandpass_n20001_cLA_V6_electrode_s5,phase2/results/predictions/full/independent_rms/resnet/seed_29/bandpass_n20001_cLA_V6_electrode_s5.npz,75998,812270e64650aa9ef510bd17df09706d79e94dd7da80519e7c7abd5d4e1e8ab5
resnet,independent_rms,29,bandpass_n20001_cLA_V6_electrode_s0,phase2/results/predictions/full/independent_rms/resnet/seed_29/bandpass_n20001_cLA_V6_electrode_s0.npz,75534,41721428001bb984328e51520a53523c42c44c8ce296980de1b680c30d2d2aa1
resnet,independent_rms,29,bandpass_n20001_cLA_V6_covariance_s20,phase2/results/predictions/full/independent_rms/resnet/seed_29/bandpass_n20001_cLA_V6_covariance_s20.npz,76364,4d43d938b47c6dd7f670db6a15a433df7624e91dd209fde05fc54cf235784cac
resnet,independent_rms,29,bandpass_n20001_cLA_V6_covariance_s15,phase2/results/predictions/full/independent_rms/resnet/seed_29/bandpass_n20001_cLA_V6_covariance_s15.npz,76361,72086a05f3fab421ca2865272a0f535e8e23bac299a9a69cb4c2e7b2d4c96707
resnet,independent_rms,29,bandpass_n20001_cLA_V6_covariance_s10,phase2/results/predictions/full/independent_rms/resnet/seed_29/bandpass_n20001_cLA_V6_covariance_s10.npz,76225,87897eac5878fc41daaf6cc9bc79f05b8e31ec7acac007e1543ed709ee8d997c
resnet,independent_rms,29,bandpass_n20001_cLA_V6_covariance_s5,phase2/results/predictions/full/independent_rms/resnet/seed_29/bandpass_n20001_cLA_V6_covariance_s5.npz,76024,be33cc734805a1db283ab624464c35ba700d02b1ab433aed451b937479096d3b
resnet,independent_rms,29,bandpass_n20001_cLA_V6_covariance_s0,phase2/results/predictions/full/independent_rms/resnet/seed_29/bandpass_n20001_cLA_V6_covariance_s0.npz,75533,75142bcf6312d230a0e74ab8990442c12a1db23ab956b9ac4392b4a008b71ad5
resnet,independent_rms,29,bandpass_n20001_cLL_V4_independent_rms_s20,phase2/results/predictions/full/independent_rms/resnet/seed_29/bandpass_n20001_cLL_V4_independent_rms_s20.npz,76398,09d77b311e411f0591982ac64f6a4823fff8f86b24c2924ae4aa4218c3ed4412
resnet,independent_rms,29,bandpass_n20001_cLL_V4_independent_rms_s15,phase2/results/predictions/full/independent_rms/resnet/seed_29/bandpass_n20001_cLL_V4_independent_rms_s15.npz,76353,30dc9442488db84db35ed54e9b08ad4f1eda3e4c382d19597162d7af56010f9d
resnet,independent_rms,29,bandpass_n20001_cLL_V4_independent_rms_s10,phase2/results/predictions/full/independent_rms/resnet/seed_29/bandpass_n20001_cLL_V4_independent_rms_s10.npz,76288,fba7ec1bcc0102e749266082acac0c715b05ec6ec89bedee30a2e164cb1f3133
resnet,independent_rms,29,bandpass_n20001_cLL_V4_independent_rms_s5,phase2/results/predictions/full/independent_rms/resnet/seed_29/bandpass_n20001_cLL_V4_independent_rms_s5.npz,76148,001cf3607790c5dd97a4af5ef03f25ac0251a681a6f0d51944caa9743f83b103
resnet,independent_rms,29,bandpass_n20001_cLL_V4_independent_rms_s0,phase2/results/predictions/full/independent_rms/resnet/seed_29/bandpass_n20001_cLL_V4_independent_rms_s0.npz,75686,20fab1bdc985bb90ebb7f6af45f3bdf603bfa7a07a882e993dba67d54cb83ac9
resnet,independent_rms,29,bandpass_n20001_cLL_V4_electrode_s20,phase2/results/predictions/full/independent_rms/resnet/seed_29/bandpass_n20001_cLL_V4_electrode_s20.npz,76382,b06610611dc9f49c279204c9afe45f9f539c04e0e907fd26be26cd708d8a269d
resnet,independent_rms,29,bandpass_n20001_cLL_V4_electrode_s15,phase2/results/predictions/full/independent_rms/resnet/seed_29/bandpass_n20001_cLL_V4_electrode_s15.npz,76328,6293b7b3da35abfe550049eff4434fbd1367e12803af88a8c61ca6e7e721df40
resnet,independent_rms,29,bandpass_n20001_cLL_V4_electrode_s10,phase2/results/predictions/full/independent_rms/resnet/seed_29/bandpass_n20001_cLL_V4_electrode_s10.npz,76216,797f781cecc13e7db2ce80bd9ab89b22a0777c165405f8982eacf20c9a24639e
resnet,independent_rms,29,bandpass_n20001_cLL_V4_electrode_s5,phase2/results/predictions/full/independent_rms/resnet/seed_29/bandpass_n20001_cLL_V4_electrode_s5.npz,75958,b8aa71d71a4e268de6467ad2c1090e33217d053c38d31a541b0771ffd9ef2c71
resnet,independent_rms,29,bandpass_n20001_cLL_V4_electrode_s0,phase2/results/predictions/full/independent_rms/resnet/seed_29/bandpass_n20001_cLL_V4_electrode_s0.npz,75684,b022500b2f9c8877581a7f52a100d773bd791aaa438e6bc457082398b53e1bf4
resnet,independent_rms,29,bandpass_n20001_cLL_V4_covariance_s20,phase2/results/predictions/full/independent_rms/resnet/seed_29/bandpass_n20001_cLL_V4_covariance_s20.npz,76379,295480d298f86c6ad40482872ae763e6a0e57062a99068afc7b3dbf6551baaa2
resnet,independent_rms,29,bandpass_n20001_cLL_V4_covariance_s15,phase2/results/predictions/full/independent_rms/resnet/seed_29/bandpass_n20001_cLL_V4_covariance_s15.npz,76312,c66c6006af6f9a3fc3e4a8ab9efaf87f382c201dd3a778f05cf574de271e92a6
resnet,independent_rms,29,bandpass_n20001_cLL_V4_covariance_s10,phase2/results/predictions/full/independent_rms/resnet/seed_29/bandpass_n20001_cLL_V4_covariance_s10.npz,76217,ab08e71c18260675339a32fe080935fea21a8429c3ca7c769184e4d93e7e11cb
resnet,independent_rms,29,bandpass_n20001_cLL_V4_covariance_s5,phase2/results/predictions/full/independent_rms/resnet/seed_29/bandpass_n20001_cLL_V4_covariance_s5.npz,75975,d7b6f6fa64a6fa7f1ab15773252e45174067ea63b2b31a68df73f17da07dcfc5
resnet,independent_rms,29,bandpass_n20001_cLL_V4_covariance_s0,phase2/results/predictions/full/independent_rms/resnet/seed_29/bandpass_n20001_cLL_V4_covariance_s0.npz,75696,3ddc013b42f4d38141c68192fda2cebebc68cad9ad6d479d5d3986a50edc375c
resnet,independent_rms,29,bandpass_n20001_cRA_LA_V1_V6_independent_rms_s20,phase2/results/predictions/full/independent_rms/resnet/seed_29/bandpass_n20001_cRA_LA_V1_V6_independent_rms_s20.npz,76396,ce58f0357f2b122cf1f180c41137afa53cad4344c3e8ff2ccddb9c3ccaa67f77
resnet,independent_rms,29,bandpass_n20001_cRA_LA_V1_V6_independent_rms_s15,phase2/results/predictions/full/independent_rms/resnet/seed_29/bandpass_n20001_cRA_LA_V1_V6_independent_rms_s15.npz,76381,3b5c94cec907365620a40343656425568a7205f2046a61573f4ff3c4ccdc91f2
resnet,independent_rms,29,bandpass_n20001_cRA_LA_V1_V6_independent_rms_s10,phase2/results/predictions/full/independent_rms/resnet/seed_29/bandpass_n20001_cRA_LA_V1_V6_independent_rms_s10.npz,76320,d8d922345dd0745821a8367a5e6ac3d0ada2a4a54cfb09e695f4b58351107530
resnet,independent_rms,29,bandpass_n20001_cRA_LA_V1_V6_independent_rms_s5,phase2/results/predictions/full/independent_rms/resnet/seed_29/bandpass_n20001_cRA_LA_V1_V6_independent_rms_s5.npz,76154,cebec5d3480f4b12a9aad1d83023cfede63bb5dd5a140eaa4867e74bf8254740
resnet,independent_rms,29,bandpass_n20001_cRA_LA_V1_V6_independent_rms_s0,phase2/results/predictions/full/independent_rms/resnet/seed_29/bandpass_n20001_cRA_LA_V1_V6_independent_rms_s0.npz,75672,a5f38071ad0a683add505af63f0f34e1dc461f8a4ef7506220fa9bc470c0d3be
resnet,independent_rms,29,bandpass_n20001_cRA_LA_V1_V6_electrode_s20,phase2/results/predictions/full/independent_rms/resnet/seed_29/bandpass_n20001_cRA_LA_V1_V6_electrode_s20.npz,76361,d3ea1ca246f3fd631f762d18090013c02ecc52d70a0293dbe3cead0e6fa7c9fe
resnet,independent_rms,29,bandpass_n20001_cRA_LA_V1_V6_electrode_s15,phase2/results/predictions/full/independent_rms/resnet/seed_29/bandpass_n20001_cRA_LA_V1_V6_electrode_s15.npz,76382,bc0df02992dabb1716a70885a2b0e28704b8c10fc5b0c37d7ba07d4ed17ec48c
resnet,independent_rms,29,bandpass_n20001_cRA_LA_V1_V6_electrode_s10,phase2/results/predictions/full/independent_rms/resnet/seed_29/bandpass_n20001_cRA_LA_V1_V6_electrode_s10.npz,76210,f2991128ab6bf4c8dd04bc6f3fd997d1265205f8a32d4009b9f24edda03a98e6
resnet,independent_rms,29,bandpass_n20001_cRA_LA_V1_V6_electrode_s5,phase2/results/predictions/full/independent_rms/resnet/seed_29/bandpass_n20001_cRA_LA_V1_V6_electrode_s5.npz,75969,41c6a919e9131739e54f7145a55b801b81975b5303c1ddcc76814bf221a7e8c0
resnet,independent_rms,29,bandpass_n20001_cRA_LA_V1_V6_electrode_s0,phase2/results/predictions/full/independent_rms/resnet/seed_29/bandpass_n20001_cRA_LA_V1_V6_electrode_s0.npz,75450,bb99398a16695af864553bc6b575686ec1a8dc0a2f694d9095af8c79a3b18b58
resnet,independent_rms,29,bandpass_n20001_cRA_LA_V1_V6_covariance_s20,phase2/results/predictions/full/independent_rms/resnet/seed_29/bandpass_n20001_cRA_LA_V1_V6_covariance_s20.npz,76385,48195a42e3f2b112e6ed59b1134a7c570a492be9e3becbac62fcffee65bce2bd
resnet,independent_rms,29,bandpass_n20001_cRA_LA_V1_V6_covariance_s15,phase2/results/predictions/full/independent_rms/resnet/seed_29/bandpass_n20001_cRA_LA_V1_V6_covariance_s15.npz,76324,6ed090966cfaa3028f194be01c2fff3a1db1a3a1f1697a5a260d31da36909dfa
resnet,independent_rms,29,bandpass_n20001_cRA_LA_V1_V6_covariance_s10,phase2/results/predictions/full/independent_rms/resnet/seed_29/bandpass_n20001_cRA_LA_V1_V6_covariance_s10.npz,76254,898f7ec1bdcc3b3e1882bb6d8f4547443ac3a5b30426eeeb7a776d673fac28b5
resnet,independent_rms,29,bandpass_n20001_cRA_LA_V1_V6_covariance_s5,phase2/results/predictions/full/independent_rms/resnet/seed_29/bandpass_n20001_cRA_LA_V1_V6_covariance_s5.npz,76009,17d38b925bac0945f006d449d1e3d315097f92824817c112232af0f81c8001dc
resnet,independent_rms,29,bandpass_n20001_cRA_LA_V1_V6_covariance_s0,phase2/results/predictions/full/independent_rms/resnet/seed_29/bandpass_n20001_cRA_LA_V1_V6_covariance_s0.npz,75459,cdc6c252e8d1ef26a2bf11d2eb63da17ec175d3409ac5524867285f6a13676d4
resnet,independent_rms,29,bandpass_n20001_cRA_V2_V5_independent_rms_s20,phase2/results/predictions/full/independent_rms/resnet/seed_29/bandpass_n20001_cRA_V2_V5_independent_rms_s20.npz,76415,c5843c54a8932744756a5f11519ba6f64c0d5505df11545919b5b62aad23036d
resnet,independent_rms,29,bandpass_n20001_cRA_V2_V5_independent_rms_s15,phase2/results/predictions/full/independent_rms/resnet/seed_29/bandpass_n20001_cRA_V2_V5_independent_rms_s15.npz,76373,62d975ac6166ffc81d1862e6484d86272725ca93e25b76e3fd18fe11fb7f941b
resnet,independent_rms,29,bandpass_n20001_cRA_V2_V5_independent_rms_s10,phase2/results/predictions/full/independent_rms/resnet/seed_29/bandpass_n20001_cRA_V2_V5_independent_rms_s10.npz,76292,11b6a34d3a7c0590f83dc244067d606ee015b77dbfd7f265b947a25d99d6bf69
resnet,independent_rms,29,bandpass_n20001_cRA_V2_V5_independent_rms_s5,phase2/results/predictions/full/independent_rms/resnet/seed_29/bandpass_n20001_cRA_V2_V5_independent_rms_s5.npz,76112,e6b260ddf038c353c3e0d00ed43356bc34c40d5a878be38dfa4d014f06d4273a
resnet,independent_rms,29,bandpass_n20001_cRA_V2_V5_independent_rms_s0,phase2/results/predictions/full/independent_rms/resnet/seed_29/bandpass_n20001_cRA_V2_V5_independent_rms_s0.npz,75638,52e8ad786d2c2d7635c5bc18f415fafd4a287abbd065b66b8c424a6cb51d2ec5
resnet,independent_rms,29,bandpass_n20001_cRA_V2_V5_electrode_s20,phase2/results/predictions/full/independent_rms/resnet/seed_29/bandpass_n20001_cRA_V2_V5_electrode_s20.npz,76377,083c7a79a3ea8a12cca2b5a30202eca7b67e67c1248118c1c95aaeff66e5fee6
resnet,independent_rms,29,bandpass_n20001_cRA_V2_V5_electrode_s15,phase2/results/predictions/full/independent_rms/resnet/seed_29/bandpass_n20001_cRA_V2_V5_electrode_s15.npz,76336,8ad5f4bbc89013602cd591a904fbaf19d0ac546596d60a433866bf0be4fa56ff
resnet,independent_rms,29,bandpass_n20001_cRA_V2_V5_electrode_s10,phase2/results/predictions/full/independent_rms/resnet/seed_29/bandpass_n20001_cRA_V2_V5_electrode_s10.npz,76225,8fffa248a91584a3eeca294ec26ed699090cd7071011bd7f47ec62c94aa52fad
resnet,independent_rms,29,bandpass_n20001_cRA_V2_V5_electrode_s5,phase2/results/predictions/full/independent_rms/resnet/seed_29/bandpass_n20001_cRA_V2_V5_electrode_s5.npz,76011,4f3f61107c7fafd5d3bc4cd6525d769d59439ad3e21bd2a320c47b35f0f5a79d
resnet,independent_rms,29,bandpass_n20001_cRA_V2_V5_electrode_s0,phase2/results/predictions/full/independent_rms/resnet/seed_29/bandpass_n20001_cRA_V2_V5_electrode_s0.npz,75446,04dea490b6c220d87503037899894f0c0e2fa771fc750e721740edb437a6d24e
resnet,independent_rms,29,bandpass_n20001_cRA_V2_V5_covariance_s20,phase2/results/predictions/full/independent_rms/resnet/seed_29/bandpass_n20001_cRA_V2_V5_covariance_s20.npz,76377,ec6647e10159d2ea3a11c80a6fd328502303a27418b59010f76278a3da70134b
resnet,independent_rms,29,bandpass_n20001_cRA_V2_V5_covariance_s15,phase2/results/predictions/full/independent_rms/resnet/seed_29/bandpass_n20001_cRA_V2_V5_covariance_s15.npz,76357,fd95fa2af6ff3eb425d558451607a368e4a603b79c30b90e3716860040b2250b
resnet,independent_rms,29,bandpass_n20001_cRA_V2_V5_covariance_s10,phase2/results/predictions/full/independent_rms/resnet/seed_29/bandpass_n20001_cRA_V2_V5_covariance_s10.npz,76254,5f5137a49a05abbcf23608c225e93ec97674c7a4d7b8ce4256b36346414525fc
resnet,independent_rms,29,bandpass_n20001_cRA_V2_V5_covariance_s5,phase2/results/predictions/full/independent_rms/resnet/seed_29/bandpass_n20001_cRA_V2_V5_covariance_s5.npz,75974,53fb7e2ecdff0e42d6feca27d8976903f8c00dc4ef0ba689f15eae333cbf3567
resnet,independent_rms,29,bandpass_n20001_cRA_V2_V5_covariance_s0,phase2/results/predictions/full/independent_rms/resnet/seed_29/bandpass_n20001_cRA_V2_V5_covariance_s0.npz,75424,a39e9552c5e27c67e527bea8495dd8db759d07b164ae0b5d4ebbde9747db853b
resnet,independent_rms,29,bandpass_n20001_cLA_V3_V6_independent_rms_s20,phase2/results/predictions/full/independent_rms/resnet/seed_29/bandpass_n20001_cLA_V3_V6_independent_rms_s20.npz,76407,5203c02d56b55daeb315f91f8a753563e5ab0ab3c54d30f215e49d326b33302a
resnet,independent_rms,29,bandpass_n20001_cLA_V3_V6_independent_rms_s15,phase2/results/predictions/full/independent_rms/resnet/seed_29/bandpass_n20001_cLA_V3_V6_independent_rms_s15.npz,76357,3153bdc254ea8c20116b60ecd68023e14796a0bbe425d1beb07cb887982c943d
resnet,independent_rms,29,bandpass_n20001_cLA_V3_V6_independent_rms_s10,phase2/results/predictions/full/independent_rms/resnet/seed_29/bandpass_n20001_cLA_V3_V6_independent_rms_s10.npz,76344,aed03eab7c9dc0f7e5f96d5af65212775888cbc0864f546d8d53ab4176f194ee
resnet,independent_rms,29,bandpass_n20001_cLA_V3_V6_independent_rms_s5,phase2/results/predictions/full/independent_rms/resnet/seed_29/bandpass_n20001_cLA_V3_V6_independent_rms_s5.npz,76150,443bfa7671aced524ac03211e7f2f93db5d4bdc0b97e369db58b44bc7e3497a0
resnet,independent_rms,29,bandpass_n20001_cLA_V3_V6_independent_rms_s0,phase2/results/predictions/full/independent_rms/resnet/seed_29/bandpass_n20001_cLA_V3_V6_independent_rms_s0.npz,75690,2cbae0db3303ede6fa88626188d7db08b8b973e893c480a833f86417cf32dd5c
resnet,independent_rms,29,bandpass_n20001_cLA_V3_V6_electrode_s20,phase2/results/predictions/full/independent_rms/resnet/seed_29/bandpass_n20001_cLA_V3_V6_electrode_s20.npz,76392,316899efcc8f5d4dce4f45ad07df4f31cdb92a7c196b0157c4f1e35b2a175fcd
resnet,independent_rms,29,bandpass_n20001_cLA_V3_V6_electrode_s15,phase2/results/predictions/full/independent_rms/resnet/seed_29/bandpass_n20001_cLA_V3_V6_electrode_s15.npz,76356,94a72464c128bb9a150d73111c3412c1c37b3adb55f821fb4f0306b87738967c
resnet,independent_rms,29,bandpass_n20001_cLA_V3_V6_electrode_s10,phase2/results/predictions/full/independent_rms/resnet/seed_29/bandpass_n20001_cLA_V3_V6_electrode_s10.npz,76283,319c5787d428aaf545993b30b9ea534bfecef0db63c7f95858a89cf9ab08e4bb
resnet,independent_rms,29,bandpass_n20001_cLA_V3_V6_electrode_s5,phase2/results/predictions/full/independent_rms/resnet/seed_29/bandpass_n20001_cLA_V3_V6_electrode_s5.npz,76034,4b2f6aaf752074afd3de393a659d21907265fe529806ed62f92230281e665db2
resnet,independent_rms,29,bandpass_n20001_cLA_V3_V6_electrode_s0,phase2/results/predictions/full/independent_rms/resnet/seed_29/bandpass_n20001_cLA_V3_V6_electrode_s0.npz,75563,970e380235a68de1faca30e92148b4cde2f1bb9c76008bbb211753ce2b1addb4
resnet,independent_rms,29,bandpass_n20001_cLA_V3_V6_covariance_s20,phase2/results/predictions/full/independent_rms/resnet/seed_29/bandpass_n20001_cLA_V3_V6_covariance_s20.npz,76377,13b1896328bad68f838d12ce0f5c3ecaf2aa311f48c2b0756284af4e203a313d
resnet,independent_rms,29,bandpass_n20001_cLA_V3_V6_covariance_s15,phase2/results/predictions/full/independent_rms/resnet/seed_29/bandpass_n20001_cLA_V3_V6_covariance_s15.npz,76327,ebbbe3ae2eca685e7f3a842fbd332aa3746c501a5d8b65df685995ac6e006f78
resnet,independent_rms,29,bandpass_n20001_cLA_V3_V6_covariance_s10,phase2/results/predictions/full/independent_rms/resnet/seed_29/bandpass_n20001_cLA_V3_V6_covariance_s10.npz,76264,cb2b33b1d9cad1c994715a04fe3b58ac0430f24d7c17da7be77f625803ee81c1
resnet,independent_rms,29,bandpass_n20001_cLA_V3_V6_covariance_s5,phase2/results/predictions/full/independent_rms/resnet/seed_29/bandpass_n20001_cLA_V3_V6_covariance_s5.npz,76108,424886d85cccf7c98f61eab080d2d1b036a65815cc6b3754a71081788032c13c
resnet,independent_rms,29,bandpass_n20001_cLA_V3_V6_covariance_s0,phase2/results/predictions/full/independent_rms/resnet/seed_29/bandpass_n20001_cLA_V3_V6_covariance_s0.npz,75580,4e91338462274888515d9a1d292677134fe543c0878e12551aed0b52ed760668
resnet,independent_rms,29,bandpass_n20001_cLL_V1_V4_independent_rms_s20,phase2/results/predictions/full/independent_rms/resnet/seed_29/bandpass_n20001_cLL_V1_V4_independent_rms_s20.npz,76406,516198d990f4ee185c34c7aebc8d6792b98a3a84415099cd4c96c439e7c33111
resnet,independent_rms,29,bandpass_n20001_cLL_V1_V4_independent_rms_s15,phase2/results/predictions/full/independent_rms/resnet/seed_29/bandpass_n20001_cLL_V1_V4_independent_rms_s15.npz,76333,a9afde4b0491f8c51779ba1c82097ea42859ea1e9ebb17f4807337b4995d43ce
resnet,independent_rms,29,bandpass_n20001_cLL_V1_V4_independent_rms_s10,phase2/results/predictions/full/independent_rms/resnet/seed_29/bandpass_n20001_cLL_V1_V4_independent_rms_s10.npz,76308,d0e61f26cb205e9146831bb7d7662cf06c2884a3a0d154ad4f76e7f1acb8d1b1
resnet,independent_rms,29,bandpass_n20001_cLL_V1_V4_independent_rms_s5,phase2/results/predictions/full/independent_rms/resnet/seed_29/bandpass_n20001_cLL_V1_V4_independent_rms_s5.npz,76140,fb4469830d7dca07458a7bef51451aa1aa37e6d8db91af70a96e55822c1b79c2
resnet,independent_rms,29,bandpass_n20001_cLL_V1_V4_independent_rms_s0,phase2/results/predictions/full/independent_rms/resnet/seed_29/bandpass_n20001_cLL_V1_V4_independent_rms_s0.npz,75650,cdcf6fa5cd2c3072148d10ce9dc32555fe56b3cf02dd487e707e04a6208b3dfa
resnet,independent_rms,29,bandpass_n20001_cLL_V1_V4_electrode_s20,phase2/results/predictions/full/independent_rms/resnet/seed_29/bandpass_n20001_cLL_V1_V4_electrode_s20.npz,76363,a195057b5be0d306f243f46f054f8a3a4fa9790ca19c720f930b81ac9389ca7b
resnet,independent_rms,29,bandpass_n20001_cLL_V1_V4_electrode_s15,phase2/results/predictions/full/independent_rms/resnet/seed_29/bandpass_n20001_cLL_V1_V4_electrode_s15.npz,76362,6d9603ab5e2d22ebc8423067efc2450fdbb75a80df5f13a3809130ae7e8d9818
resnet,independent_rms,29,bandpass_n20001_cLL_V1_V4_electrode_s10,phase2/results/predictions/full/independent_rms/resnet/seed_29/bandpass_n20001_cLL_V1_V4_electrode_s10.npz,76247,8101d373ab6169597bfed13f85f8659d562f4328d581c3f6f831402063d1b96d
resnet,independent_rms,29,bandpass_n20001_cLL_V1_V4_electrode_s5,phase2/results/predictions/full/independent_rms/resnet/seed_29/bandpass_n20001_cLL_V1_V4_electrode_s5.npz,76021,bd8ab1bbfca04d88333fbdebf3686804ebc450675b7237eac5cfda74fd27bb68
resnet,independent_rms,29,bandpass_n20001_cLL_V1_V4_electrode_s0,phase2/results/predictions/full/independent_rms/resnet/seed_29/bandpass_n20001_cLL_V1_V4_electrode_s0.npz,75659,82aa49bf242f8b478bcb381817e2e80f2c6dc15d47042a0285b93878ec7e1aa0
resnet,independent_rms,29,bandpass_n20001_cLL_V1_V4_covariance_s20,phase2/results/predictions/full/independent_rms/resnet/seed_29/bandpass_n20001_cLL_V1_V4_covariance_s20.npz,76374,c1399194b3ad36278f3cba630434a7113bc5db5dcbadd0f7f982f22bd2be038a
resnet,independent_rms,29,bandpass_n20001_cLL_V1_V4_covariance_s15,phase2/results/predictions/full/independent_rms/resnet/seed_29/bandpass_n20001_cLL_V1_V4_covariance_s15.npz,76351,f471643e0d4c442e41722936ecc0deba843ad37054971a945c3bdb35ca1efaa8
resnet,independent_rms,29,bandpass_n20001_cLL_V1_V4_covariance_s10,phase2/results/predictions/full/independent_rms/resnet/seed_29/bandpass_n20001_cLL_V1_V4_covariance_s10.npz,76268,4fe9614eb37094926cad781617c09c6ed1d7d28a35938ab6e29ba656414d1546
resnet,independent_rms,29,bandpass_n20001_cLL_V1_V4_covariance_s5,phase2/results/predictions/full/independent_rms/resnet/seed_29/bandpass_n20001_cLL_V1_V4_covariance_s5.npz,76001,b1408d686d9ec9756d7f9b2e602ddd27c1d55d102716249141e629559d0fa0d5
resnet,independent_rms,29,bandpass_n20001_cLL_V1_V4_covariance_s0,phase2/results/predictions/full/independent_rms/resnet/seed_29/bandpass_n20001_cLL_V1_V4_covariance_s0.npz,75652,5938aaf6822b6348cf271dfdf70fbff8a12684263ba834f4a1fd8c5452c54fc8
resnet,independent_rms,29,bandpass_n20001_call_independent_rms_s20,phase2/results/predictions/full/independent_rms/resnet/seed_29/bandpass_n20001_call_independent_rms_s20.npz,76399,7ae7df4ca077a8f8fb1c653d32620464a84defbb6984b83a23a15decacbf00a5
resnet,independent_rms,29,bandpass_n20001_call_independent_rms_s15,phase2/results/predictions/full/independent_rms/resnet/seed_29/bandpass_n20001_call_independent_rms_s15.npz,76326,71d398588667cab1d1c6178c8f48e5eed5618778739ec2b5411dfd645e9b5bfa
resnet,independent_rms,29,bandpass_n20001_call_independent_rms_s10,phase2/results/predictions/full/independent_rms/resnet/seed_29/bandpass_n20001_call_independent_rms_s10.npz,76255,596b275d87ac330742df0daf28d6ef6678d31acfe153312889b7b4fa0d02abd2
resnet,independent_rms,29,bandpass_n20001_call_independent_rms_s5,phase2/results/predictions/full/independent_rms/resnet/seed_29/bandpass_n20001_call_independent_rms_s5.npz,76091,2626aa1ed0cf5c526851e7d063a7c86683f4aac365e6459335645996d0ff8982
resnet,independent_rms,29,bandpass_n20001_call_independent_rms_s0,phase2/results/predictions/full/independent_rms/resnet/seed_29/bandpass_n20001_call_independent_rms_s0.npz,75673,015a752744aa14e610ef0511a4c05eb914b99b7f7824950d8775e43bc6209e7c
resnet,independent_rms,29,bandpass_n20001_call_electrode_s20,phase2/results/predictions/full/independent_rms/resnet/seed_29/bandpass_n20001_call_electrode_s20.npz,76336,54d50240f9d54c6cd8920369e4af2a8d62566c82d6733e3d03cd42758ee1dc0f
resnet,independent_rms,29,bandpass_n20001_call_electrode_s15,phase2/results/predictions/full/independent_rms/resnet/seed_29/bandpass_n20001_call_electrode_s15.npz,76287,c2637ac200e8ac58d13c3b409f4fe4a42d7f93c233ab84fd9047716d78bdcb32
resnet,independent_rms,29,bandpass_n20001_call_electrode_s10,phase2/results/predictions/full/independent_rms/resnet/seed_29/bandpass_n20001_call_electrode_s10.npz,76205,af67df679871c7059c7f42597d3ec730ff061c94ec1b1d7b43a6548f6669845a
resnet,independent_rms,29,bandpass_n20001_call_electrode_s5,phase2/results/predictions/full/independent_rms/resnet/seed_29/bandpass_n20001_call_electrode_s5.npz,75999,943f0ab0726921d0121c05f1b055e819543b63145b1abcda45bae694fe844493
resnet,independent_rms,29,bandpass_n20001_call_electrode_s0,phase2/results/predictions/full/independent_rms/resnet/seed_29/bandpass_n20001_call_electrode_s0.npz,75539,da7c838cc36c844190e72fde50e3001193525958e82c070f62dbc607d8acce73
resnet,independent_rms,29,bandpass_n20001_call_covariance_s20,phase2/results/predictions/full/independent_rms/resnet/seed_29/bandpass_n20001_call_covariance_s20.npz,76365,960577c70f57c3d9d7f505220ea80381b725e7309fb1c99b261a9eab02abbaab
resnet,independent_rms,29,bandpass_n20001_call_covariance_s15,phase2/results/predictions/full/independent_rms/resnet/seed_29/bandpass_n20001_call_covariance_s15.npz,76330,5b8bcc72a74f6e796dc68fc49c095399f78ae9a3ababa74349c1064210131ee6
resnet,independent_rms,29,bandpass_n20001_call_covariance_s10,phase2/results/predictions/full/independent_rms/resnet/seed_29/bandpass_n20001_call_covariance_s10.npz,76224,76603c2a9c1c964b5dbefb9d7b592aac90b2c8621fbe78f0460792937f99ffd5
resnet,independent_rms,29,bandpass_n20001_call_covariance_s5,phase2/results/predictions/full/independent_rms/resnet/seed_29/bandpass_n20001_call_covariance_s5.npz,75972,3948ff3c05cccd6e1a5555ce4fe5fc3a4960866625ccc8fa050b7e800870c4fb
resnet,independent_rms,29,bandpass_n20001_call_covariance_s0,phase2/results/predictions/full/independent_rms/resnet/seed_29/bandpass_n20001_call_covariance_s0.npz,75494,45863238a921c62765c9c1781db678208ddadb92c03dd41d507bc58840a47a32
resnet,independent_rms,29,bandpass_n20002_cRA_LA_LL_independent_rms_s20,phase2/results/predictions/full/independent_rms/resnet/seed_29/bandpass_n20002_cRA_LA_LL_independent_rms_s20.npz,76395,3a581153ffcba99cde3cdab4fee88dc27d7fc9ff93f3a1255f7d838ea1682c12
resnet,independent_rms,29,bandpass_n20002_cRA_LA_LL_independent_rms_s15,phase2/results/predictions/full/independent_rms/resnet/seed_29/bandpass_n20002_cRA_LA_LL_independent_rms_s15.npz,76370,54b72e2b451eadba76606eb85f1643e1f5cef32ef7354fba5635ccf0f2d61f6f
resnet,independent_rms,29,bandpass_n20002_cRA_LA_LL_independent_rms_s10,phase2/results/predictions/full/independent_rms/resnet/seed_29/bandpass_n20002_cRA_LA_LL_independent_rms_s10.npz,76289,1b157d8061a5fbdc8935856fc0b5efbd8638b54062a96a12f572b2ae81e8d7c0
resnet,independent_rms,29,bandpass_n20002_cRA_LA_LL_independent_rms_s5,phase2/results/predictions/full/independent_rms/resnet/seed_29/bandpass_n20002_cRA_LA_LL_independent_rms_s5.npz,76110,80566b0bc5d596c51fa4ce659e242766e31b31ab6704c83011c3e803ba9d3e44
resnet,independent_rms,29,bandpass_n20002_cRA_LA_LL_independent_rms_s0,phase2/results/predictions/full/independent_rms/resnet/seed_29/bandpass_n20002_cRA_LA_LL_independent_rms_s0.npz,75593,8fc0ad96125b87df723ff25eaa86ff8eafca8b7a6ec203ede854264c004462c2
resnet,independent_rms,29,bandpass_n20002_cRA_LA_LL_electrode_s20,phase2/results/predictions/full/independent_rms/resnet/seed_29/bandpass_n20002_cRA_LA_LL_electrode_s20.npz,76328,a73c059ce6f6008b6752dc936a08b70a108547817b48f6ae08ee84fe41386107
resnet,independent_rms,29,bandpass_n20002_cRA_LA_LL_electrode_s15,phase2/results/predictions/full/independent_rms/resnet/seed_29/bandpass_n20002_cRA_LA_LL_electrode_s15.npz,76341,dc58a406c0101a93c22a629a5dcb8c82cafe3112c805683fa3e34c3a59625691
resnet,independent_rms,29,bandpass_n20002_cRA_LA_LL_electrode_s10,phase2/results/predictions/full/independent_rms/resnet/seed_29/bandpass_n20002_cRA_LA_LL_electrode_s10.npz,76195,b185838d4fed35619a2135e73a61b714fc382a7ffb20e9530bf07506763e28ac
resnet,independent_rms,29,bandpass_n20002_cRA_LA_LL_electrode_s5,phase2/results/predictions/full/independent_rms/resnet/seed_29/bandpass_n20002_cRA_LA_LL_electrode_s5.npz,75977,7123780358b0596d2cd1ffc8ece62fea463b13e7d25f5fc0dde9dd5bc2377614
resnet,independent_rms,29,bandpass_n20002_cRA_LA_LL_electrode_s0,phase2/results/predictions/full/independent_rms/resnet/seed_29/bandpass_n20002_cRA_LA_LL_electrode_s0.npz,75553,aa4a61986d89c0a506aaedd902995633367aa4bba85a6961be90475351ba2f15
resnet,independent_rms,29,bandpass_n20002_cRA_LA_LL_covariance_s20,phase2/results/predictions/full/independent_rms/resnet/seed_29/bandpass_n20002_cRA_LA_LL_covariance_s20.npz,76368,6f3ab6c7c7f99b81b9abd54f9e8de5b8649673611b92da532a91929ae62739dc
resnet,independent_rms,29,bandpass_n20002_cRA_LA_LL_covariance_s15,phase2/results/predictions/full/independent_rms/resnet/seed_29/bandpass_n20002_cRA_LA_LL_covariance_s15.npz,76310,4d70409725d9bf6ddad0c9b538984ad551158d5d8742a5868f521f609681798b
resnet,independent_rms,29,bandpass_n20002_cRA_LA_LL_covariance_s10,phase2/results/predictions/full/independent_rms/resnet/seed_29/bandpass_n20002_cRA_LA_LL_covariance_s10.npz,76189,8c11e5e21291bee1c02d59fe3efda6044cc10b487be77e62b1d12adfc8d2f854
resnet,independent_rms,29,bandpass_n20002_cRA_LA_LL_covariance_s5,phase2/results/predictions/full/independent_rms/resnet/seed_29/bandpass_n20002_cRA_LA_LL_covariance_s5.npz,75947,18d1e7a13ddeb896dfc88eab053bd1dbe03481dcba5b385945afc2d50d215f99
resnet,independent_rms,29,bandpass_n20002_cRA_LA_LL_covariance_s0,phase2/results/predictions/full/independent_rms/resnet/seed_29/bandpass_n20002_cRA_LA_LL_covariance_s0.npz,75516,9395c75ac8a98d78d8b0ecd9ae780f9b7575b936fc7f18e30554ec9f8ec57708
resnet,independent_rms,29,bandpass_n20002_cV1_independent_rms_s20,phase2/results/predictions/full/independent_rms/resnet/seed_29/bandpass_n20002_cV1_independent_rms_s20.npz,76361,16021f5af0f1501245c442fd83ce136ce2a0574c0a9040bca721726be8e14578
resnet,independent_rms,29,bandpass_n20002_cV1_independent_rms_s15,phase2/results/predictions/full/independent_rms/resnet/seed_29/bandpass_n20002_cV1_independent_rms_s15.npz,76377,0d98107840fe6ec6d1b2cd37ec426d929c9fb6188ada2c199b0ce893d7c02146
resnet,independent_rms,29,bandpass_n20002_cV1_independent_rms_s10,phase2/results/predictions/full/independent_rms/resnet/seed_29/bandpass_n20002_cV1_independent_rms_s10.npz,76303,0958247fb0ba578971f6ac0deb5729a6d01ccdd62381ef93bbcf9dea4d5da613
resnet,independent_rms,29,bandpass_n20002_cV1_independent_rms_s5,phase2/results/predictions/full/independent_rms/resnet/seed_29/bandpass_n20002_cV1_independent_rms_s5.npz,76078,22266c975682496e25d31fd7b855c69368eee55a5286d91eecef46153e75dda6
resnet,independent_rms,29,bandpass_n20002_cV1_independent_rms_s0,phase2/results/predictions/full/independent_rms/resnet/seed_29/bandpass_n20002_cV1_independent_rms_s0.npz,75586,003f3d175a718a872e39e2efa4adbc7f6d59a8c6a25d17685d14da7a2cebf9db
resnet,independent_rms,29,bandpass_n20002_cV1_electrode_s20,phase2/results/predictions/full/independent_rms/resnet/seed_29/bandpass_n20002_cV1_electrode_s20.npz,76394,def38472358facdf1e9ce73ae84065f818a0cfc3e515578243d857a818d4b3f5
resnet,independent_rms,29,bandpass_n20002_cV1_electrode_s15,phase2/results/predictions/full/independent_rms/resnet/seed_29/bandpass_n20002_cV1_electrode_s15.npz,76335,4d443093aa989d6e99c026047d2cccd7345d3556128da96ff41001deb98655ee
resnet,independent_rms,29,bandpass_n20002_cV1_electrode_s10,phase2/results/predictions/full/independent_rms/resnet/seed_29/bandpass_n20002_cV1_electrode_s10.npz,76290,f19782bfeee98a0c18f90f58c4a10ea12189e4fa2685c2bb71dd4d99f30eb9eb
resnet,independent_rms,29,bandpass_n20002_cV1_electrode_s5,phase2/results/predictions/full/independent_rms/resnet/seed_29/bandpass_n20002_cV1_electrode_s5.npz,76106,d915d154b6b98aefefd9f25f282c687016d6ad5ce8f7ec9585183006da406a3d
resnet,independent_rms,29,bandpass_n20002_cV1_electrode_s0,phase2/results/predictions/full/independent_rms/resnet/seed_29/bandpass_n20002_cV1_electrode_s0.npz,75574,f2838db45bc81311066ad459cb0a61f652715c84c259b1fba678b5a3f3a5b0d0
resnet,independent_rms,29,bandpass_n20002_cV1_covariance_s20,phase2/results/predictions/full/independent_rms/resnet/seed_29/bandpass_n20002_cV1_covariance_s20.npz,76374,c95dbbe5423537b92acc613ab16e67a2547ba27ad4313ec77542cd125ab99161
resnet,independent_rms,29,bandpass_n20002_cV1_covariance_s15,phase2/results/predictions/full/independent_rms/resnet/seed_29/bandpass_n20002_cV1_covariance_s15.npz,76356,c5bf3ea451530331addaf1100bdb034d07cd429721eb2a0a6b88a875c89b583e
resnet,independent_rms,29,bandpass_n20002_cV1_covariance_s10,phase2/results/predictions/full/independent_rms/resnet/seed_29/bandpass_n20002_cV1_covariance_s10.npz,76279,de04048cfdc0a803d22133707064f90dc096bad64a116c22cff7b58429a87b5f
resnet,independent_rms,29,bandpass_n20002_cV1_covariance_s5,phase2/results/predictions/full/independent_rms/resnet/seed_29/bandpass_n20002_cV1_covariance_s5.npz,76088,9fb102a60869c46c6b50bb35d9b09d5a9480541c49a632b1abe99368ee1d7200
resnet,independent_rms,29,bandpass_n20002_cV1_covariance_s0,phase2/results/predictions/full/independent_rms/resnet/seed_29/bandpass_n20002_cV1_covariance_s0.npz,75571,ca85500e0a45ecc9a2897d6399813ea467b9ff67dd7612f7ba33b9ea24470f04
resnet,independent_rms,29,bandpass_n20002_cV2_independent_rms_s20,phase2/results/predictions/full/independent_rms/resnet/seed_29/bandpass_n20002_cV2_independent_rms_s20.npz,76381,179f24e7857350d54056da0642421da73efe1b199851c7ae9f5e44302c19ee19
resnet,independent_rms,29,bandpass_n20002_cV2_independent_rms_s15,phase2/results/predictions/full/independent_rms/resnet/seed_29/bandpass_n20002_cV2_independent_rms_s15.npz,76398,1ef8c916c8567b4ce038b266fd1ea6f26a4625fbfdfb538a7218cfa737b4f923
resnet,independent_rms,29,bandpass_n20002_cV2_independent_rms_s10,phase2/results/predictions/full/independent_rms/resnet/seed_29/bandpass_n20002_cV2_independent_rms_s10.npz,76293,ca8d0666e1b9eb3308bb8dba591ba7b458020b88619805e35f0b4fc2cc0b81bd
resnet,independent_rms,29,bandpass_n20002_cV2_independent_rms_s5,phase2/results/predictions/full/independent_rms/resnet/seed_29/bandpass_n20002_cV2_independent_rms_s5.npz,76090,e80dcd8991b8fc047d28bfd269f8581e2542c3c185c5666f2f72a0790cc24aac
resnet,independent_rms,29,bandpass_n20002_cV2_independent_rms_s0,phase2/results/predictions/full/independent_rms/resnet/seed_29/bandpass_n20002_cV2_independent_rms_s0.npz,75621,51459a9e0211f1cffa00fcef127d494c12776b2731fed4905181f9bf633ac78c
resnet,independent_rms,29,bandpass_n20002_cV2_electrode_s20,phase2/results/predictions/full/independent_rms/resnet/seed_29/bandpass_n20002_cV2_electrode_s20.npz,76372,560b0947c29d771c3a4c5d475d7170f8e06f3a625e54d8ef38cfbd1b9ca44f3e
resnet,independent_rms,29,bandpass_n20002_cV2_electrode_s15,phase2/results/predictions/full/independent_rms/resnet/seed_29/bandpass_n20002_cV2_electrode_s15.npz,76340,9e0f44eab13fc438d740b68c08ae92135628d6d84cc0540e3771173a2c8b5652
resnet,independent_rms,29,bandpass_n20002_cV2_electrode_s10,phase2/results/predictions/full/independent_rms/resnet/seed_29/bandpass_n20002_cV2_electrode_s10.npz,76278,79a968d0974d19023864abab834925f8c24cfbea161c4024ba8e78f475efdb66
resnet,independent_rms,29,bandpass_n20002_cV2_electrode_s5,phase2/results/predictions/full/independent_rms/resnet/seed_29/bandpass_n20002_cV2_electrode_s5.npz,76116,3b93e3e8126e54f849440dd2ee37c02faa2b9fe0fa69f47a294e69a28acd880c
resnet,independent_rms,29,bandpass_n20002_cV2_electrode_s0,phase2/results/predictions/full/independent_rms/resnet/seed_29/bandpass_n20002_cV2_electrode_s0.npz,75616,dfbf4b382f8b2d1849726d1e39f69a558fa4dab8cba05bf26b3284a02b057e08
resnet,independent_rms,29,bandpass_n20002_cV2_covariance_s20,phase2/results/predictions/full/independent_rms/resnet/seed_29/bandpass_n20002_cV2_covariance_s20.npz,76374,8e7e79fce1782c4b9ef1d6f85f7b9f6a1dbc652a909c954036751f64290e74be
resnet,independent_rms,29,bandpass_n20002_cV2_covariance_s15,phase2/results/predictions/full/independent_rms/resnet/seed_29/bandpass_n20002_cV2_covariance_s15.npz,76389,d7b0b3f8c02d4b0453a09d36c4fadbd5e6e47800f165ea26f2a6c70ae10cdf72
resnet,independent_rms,29,bandpass_n20002_cV2_covariance_s10,phase2/results/predictions/full/independent_rms/resnet/seed_29/bandpass_n20002_cV2_covariance_s10.npz,76295,aa2d7f9540799099a47ec43feb600b7d9a4c26b2ecfcc9ad46f178071d9912fb
resnet,independent_rms,29,bandpass_n20002_cV2_covariance_s5,phase2/results/predictions/full/independent_rms/resnet/seed_29/bandpass_n20002_cV2_covariance_s5.npz,76098,952c21bfa7dbae21056b39b743628a8f37920719abc6ac92452232751a36f81f
resnet,independent_rms,29,bandpass_n20002_cV2_covariance_s0,phase2/results/predictions/full/independent_rms/resnet/seed_29/bandpass_n20002_cV2_covariance_s0.npz,75598,1e9057b0e9b968a52043785c1bb2c2a8ecb7ba25b352c8ee878b18142582c41f
resnet,independent_rms,29,bandpass_n20002_cV3_independent_rms_s20,phase2/results/predictions/full/independent_rms/resnet/seed_29/bandpass_n20002_cV3_independent_rms_s20.npz,76376,5f3455b0e819a491c4e845e79da39cd9f346c04bf5cb876431d241eb9c6b8e37
resnet,independent_rms,29,bandpass_n20002_cV3_independent_rms_s15,phase2/results/predictions/full/independent_rms/resnet/seed_29/bandpass_n20002_cV3_independent_rms_s15.npz,76375,aa190d6590a8e37b771fd4aff328c780041f3a4616db9049ee2021c4c224fa70
resnet,independent_rms,29,bandpass_n20002_cV3_independent_rms_s10,phase2/results/predictions/full/independent_rms/resnet/seed_29/bandpass_n20002_cV3_independent_rms_s10.npz,76346,508e16d73eac6636a4a17636ef1980ff69132527844c339b52a7f6a4ce08c3d6
resnet,independent_rms,29,bandpass_n20002_cV3_independent_rms_s5,phase2/results/predictions/full/independent_rms/resnet/seed_29/bandpass_n20002_cV3_independent_rms_s5.npz,76255,eb93eb4c3756f2f42784c201e1ba7bd0a7df819c2e63e001b464c65c56ed60e7
resnet,independent_rms,29,bandpass_n20002_cV3_independent_rms_s0,phase2/results/predictions/full/independent_rms/resnet/seed_29/bandpass_n20002_cV3_independent_rms_s0.npz,76002,14d03a4bea4c2a24e4d3bb71f64ae768bc860d1cb6c65f63b5ec8af20c00c00b
resnet,independent_rms,29,bandpass_n20002_cV3_electrode_s20,phase2/results/predictions/full/independent_rms/resnet/seed_29/bandpass_n20002_cV3_electrode_s20.npz,76358,b7404be8b61c82cd7d85e434fb7069425a178d0f4d26ad95dd5676cac470b283
resnet,independent_rms,29,bandpass_n20002_cV3_electrode_s15,phase2/results/predictions/full/independent_rms/resnet/seed_29/bandpass_n20002_cV3_electrode_s15.npz,76358,bf1c0e3f5bbcd45743d4fed1f93587907f4fbc204bec1074962bc919e86f17eb
resnet,independent_rms,29,bandpass_n20002_cV3_electrode_s10,phase2/results/predictions/full/independent_rms/resnet/seed_29/bandpass_n20002_cV3_electrode_s10.npz,76318,7e1da03a2054bb0e412566d822bc952245b82ef44cbf88d34a00f08e740c04f4
resnet,independent_rms,29,bandpass_n20002_cV3_electrode_s5,phase2/results/predictions/full/independent_rms/resnet/seed_29/bandpass_n20002_cV3_electrode_s5.npz,76217,ab30e00fa041142703476bc8fc7bead0659532a92e9962a1fddbb231ee0780da
resnet,independent_rms,29,bandpass_n20002_cV3_electrode_s0,phase2/results/predictions/full/independent_rms/resnet/seed_29/bandpass_n20002_cV3_electrode_s0.npz,75977,f4d29f4f61d04869c180b51b9b4b5348d9d660aa3352b0e6adb1b155c9866bc2
resnet,independent_rms,29,bandpass_n20002_cV3_covariance_s20,phase2/results/predictions/full/independent_rms/resnet/seed_29/bandpass_n20002_cV3_covariance_s20.npz,76405,13be42b8e72c1d80dfe52a8a00de3177c0d56d56e5f24bbe9720e0979fe5ab8f
resnet,independent_rms,29,bandpass_n20002_cV3_covariance_s15,phase2/results/predictions/full/independent_rms/resnet/seed_29/bandpass_n20002_cV3_covariance_s15.npz,76387,65cc9c659037646f4ba4ae950f4e96bd61f58679340c492b5904db7959f1d8fa
resnet,independent_rms,29,bandpass_n20002_cV3_covariance_s10,phase2/results/predictions/full/independent_rms/resnet/seed_29/bandpass_n20002_cV3_covariance_s10.npz,76338,3db3d58371a7a7796b35d63c46a89b634d5683f773ff46f0807735b79b4389a4
resnet,independent_rms,29,bandpass_n20002_cV3_covariance_s5,phase2/results/predictions/full/independent_rms/resnet/seed_29/bandpass_n20002_cV3_covariance_s5.npz,76234,12075159e378855a1014907de923f5533ebbd59b788818189d7f4be4caca5613
resnet,independent_rms,29,bandpass_n20002_cV3_covariance_s0,phase2/results/predictions/full/independent_rms/resnet/seed_29/bandpass_n20002_cV3_covariance_s0.npz,75958,54beb3425db18b33e01ad1bb40d8613f705aa9d50d135972808b20f5688310ec
resnet,independent_rms,29,bandpass_n20002_cV4_independent_rms_s20,phase2/results/predictions/full/independent_rms/resnet/seed_29/bandpass_n20002_cV4_independent_rms_s20.npz,76384,f3ef552226a14b685da2238c7b8dead6e0610f9b6a72efa5f71e286620c47592
resnet,independent_rms,29,bandpass_n20002_cV4_independent_rms_s15,phase2/results/predictions/full/independent_rms/resnet/seed_29/bandpass_n20002_cV4_independent_rms_s15.npz,76359,6faf8b7eb2010d5e285ff126e4ca98b4bf352eb7ca9bd26be4471a80ca63be05
resnet,independent_rms,29,bandpass_n20002_cV4_independent_rms_s10,phase2/results/predictions/full/independent_rms/resnet/seed_29/bandpass_n20002_cV4_independent_rms_s10.npz,76332,d7048fc65f4d38d6730948cd4e58e0d6c306840e9137cb58108dc61e63772fcb
resnet,independent_rms,29,bandpass_n20002_cV4_independent_rms_s5,phase2/results/predictions/full/independent_rms/resnet/seed_29/bandpass_n20002_cV4_independent_rms_s5.npz,76241,e9123d61916917d61c6c41a9dc17596928e6ac4d1e0b3327014684c1edf5311e
resnet,independent_rms,29,bandpass_n20002_cV4_independent_rms_s0,phase2/results/predictions/full/independent_rms/resnet/seed_29/bandpass_n20002_cV4_independent_rms_s0.npz,75887,7e8e0a6b1289822cab26102318fd83b599818cdf6f7dbb96a93e0b21f85ceecb
resnet,independent_rms,29,bandpass_n20002_cV4_electrode_s20,phase2/results/predictions/full/independent_rms/resnet/seed_29/bandpass_n20002_cV4_electrode_s20.npz,76397,db41a2dc4d5d821d3761dbd676d5c27be18bb592577bc1e0aa70458bcc30da40
resnet,independent_rms,29,bandpass_n20002_cV4_electrode_s15,phase2/results/predictions/full/independent_rms/resnet/seed_29/bandpass_n20002_cV4_electrode_s15.npz,76353,557d8180414eb755b4c48960a51b9f676ad87a1f23f903e09af60321f3474f7a
resnet,independent_rms,29,bandpass_n20002_cV4_electrode_s10,phase2/results/predictions/full/independent_rms/resnet/seed_29/bandpass_n20002_cV4_electrode_s10.npz,76345,86159afd8b9c74f1b1194fca4dc288bac4c392416639c17829127d1bd38c2998
resnet,independent_rms,29,bandpass_n20002_cV4_electrode_s5,phase2/results/predictions/full/independent_rms/resnet/seed_29/bandpass_n20002_cV4_electrode_s5.npz,76214,18ce7a79be8bcf5f5c3a6683a22ac0820680e7432230e1bcb14e4c30d5d40f11
resnet,independent_rms,29,bandpass_n20002_cV4_electrode_s0,phase2/results/predictions/full/independent_rms/resnet/seed_29/bandpass_n20002_cV4_electrode_s0.npz,75904,c4ed751971c16848e6e3a8ec484b36c178f4fb36d7d5fce6c0111653d907e4de
resnet,independent_rms,29,bandpass_n20002_cV4_covariance_s20,phase2/results/predictions/full/independent_rms/resnet/seed_29/bandpass_n20002_cV4_covariance_s20.npz,76351,12fb330165284a38182da6e5105a7ddb7f90e6b71ce688895c05105662baa89a
resnet,independent_rms,29,bandpass_n20002_cV4_covariance_s15,phase2/results/predictions/full/independent_rms/resnet/seed_29/bandpass_n20002_cV4_covariance_s15.npz,76357,36eeb9df458cd9268678634f79fb0c034ac817e156a4ddca4b06f93d91ea7c1a
resnet,independent_rms,29,bandpass_n20002_cV4_covariance_s10,phase2/results/predictions/full/independent_rms/resnet/seed_29/bandpass_n20002_cV4_covariance_s10.npz,76355,05c34716cd9132017165a83527d475de9efadeb88de064b435f418182f995908
resnet,independent_rms,29,bandpass_n20002_cV4_covariance_s5,phase2/results/predictions/full/independent_rms/resnet/seed_29/bandpass_n20002_cV4_covariance_s5.npz,76207,4a3ddb2f5eba516bdc1d2166411159d50aadba7b92139795462a9626b4431adc
resnet,independent_rms,29,bandpass_n20002_cV4_covariance_s0,phase2/results/predictions/full/independent_rms/resnet/seed_29/bandpass_n20002_cV4_covariance_s0.npz,75899,c23a22473a66b3ba0581b1bff966743b279a2bbd862b29ea7a1cb9adda3b91ca
resnet,independent_rms,29,bandpass_n20002_cV5_independent_rms_s20,phase2/results/predictions/full/independent_rms/resnet/seed_29/bandpass_n20002_cV5_independent_rms_s20.npz,76362,18649e450713ff23e2debd49551985a672eb92b9e059a4c1bb7965aa4b650879
resnet,independent_rms,29,bandpass_n20002_cV5_independent_rms_s15,phase2/results/predictions/full/independent_rms/resnet/seed_29/bandpass_n20002_cV5_independent_rms_s15.npz,76332,95335f4a35228020456316a34cd575760c0fa9ff37bc59ff7a6ec9767adcd5ba
resnet,independent_rms,29,bandpass_n20002_cV5_independent_rms_s10,phase2/results/predictions/full/independent_rms/resnet/seed_29/bandpass_n20002_cV5_independent_rms_s10.npz,76266,98423e1382d449bea47c065e71a0083a1bde2b1c8b42b654a6053cc9e5412040
resnet,independent_rms,29,bandpass_n20002_cV5_independent_rms_s5,phase2/results/predictions/full/independent_rms/resnet/seed_29/bandpass_n20002_cV5_independent_rms_s5.npz,76135,ce8ff1bc5fc0de66195333fadc3d3c200eb270b52908ee5724211a0e9deb561e
resnet,independent_rms,29,bandpass_n20002_cV5_independent_rms_s0,phase2/results/predictions/full/independent_rms/resnet/seed_29/bandpass_n20002_cV5_independent_rms_s0.npz,75640,97fd0637c2c66d60e01e34a742a85806f160f5c2be49c968e46161403d960e32
resnet,independent_rms,29,bandpass_n20002_cV5_electrode_s20,phase2/results/predictions/full/independent_rms/resnet/seed_29/bandpass_n20002_cV5_electrode_s20.npz,76366,0d1de937aac6330a0a76ff54d560baa95f8b828f65531ca788c54a27fb67b7a1
resnet,independent_rms,29,bandpass_n20002_cV5_electrode_s15,phase2/results/predictions/full/independent_rms/resnet/seed_29/bandpass_n20002_cV5_electrode_s15.npz,76345,11dc997723c561103a08a7817c58a876b4f34c30f37a789307988d963c29f62e
resnet,independent_rms,29,bandpass_n20002_cV5_electrode_s10,phase2/results/predictions/full/independent_rms/resnet/seed_29/bandpass_n20002_cV5_electrode_s10.npz,76276,017b8e9ce0fcfc2a397f68eba522fc3eae72176e2c98b74c1f813524f82ec32c
resnet,independent_rms,29,bandpass_n20002_cV5_electrode_s5,phase2/results/predictions/full/independent_rms/resnet/seed_29/bandpass_n20002_cV5_electrode_s5.npz,76123,5621e74cbe155027e17f0f6f8044f108dcb92ee203c763860f0482a90bc9b2ad
resnet,independent_rms,29,bandpass_n20002_cV5_electrode_s0,phase2/results/predictions/full/independent_rms/resnet/seed_29/bandpass_n20002_cV5_electrode_s0.npz,75636,66a163a46934817a899dce8ff4fe2287cbf0fc8369ee7c56208890f19bcc4097
resnet,independent_rms,29,bandpass_n20002_cV5_covariance_s20,phase2/results/predictions/full/independent_rms/resnet/seed_29/bandpass_n20002_cV5_covariance_s20.npz,76389,264ee1fee10d724449d6ceffde08fa17feb1d64c7bd725dae5289529355c9298
resnet,independent_rms,29,bandpass_n20002_cV5_covariance_s15,phase2/results/predictions/full/independent_rms/resnet/seed_29/bandpass_n20002_cV5_covariance_s15.npz,76364,c61a7056e441f22d68f3ba8d43db09e2ab0f842bbf8d7626100900b007515eb3
resnet,independent_rms,29,bandpass_n20002_cV5_covariance_s10,phase2/results/predictions/full/independent_rms/resnet/seed_29/bandpass_n20002_cV5_covariance_s10.npz,76315,93d3a7e8d280f9777fa1a13522a3a23a8b94acbeeb4856c4be0600545b0bfada
resnet,independent_rms,29,bandpass_n20002_cV5_covariance_s5,phase2/results/predictions/full/independent_rms/resnet/seed_29/bandpass_n20002_cV5_covariance_s5.npz,76122,dd6ad6e52caeb27f1217f6b92a1d550680be9a63bd858ba4b23c9c891cd8fa77
resnet,independent_rms,29,bandpass_n20002_cV5_covariance_s0,phase2/results/predictions/full/independent_rms/resnet/seed_29/bandpass_n20002_cV5_covariance_s0.npz,75664,5aeb9208d5b69e94a56fc1a19fc29bd805646b18ea422eafcef8f126f62228a1
resnet,independent_rms,29,bandpass_n20002_cV6_independent_rms_s20,phase2/results/predictions/full/independent_rms/resnet/seed_29/bandpass_n20002_cV6_independent_rms_s20.npz,76371,593b4978ef4c2edd74da88b1a26338517c98ffe5fb2f84a64668ab98b9b55d71
resnet,independent_rms,29,bandpass_n20002_cV6_independent_rms_s15,phase2/results/predictions/full/independent_rms/resnet/seed_29/bandpass_n20002_cV6_independent_rms_s15.npz,76363,b100c04dd1770e3426ee8916162f59b8b4e173625bbc320d89f09f65f9a14c09
resnet,independent_rms,29,bandpass_n20002_cV6_independent_rms_s10,phase2/results/predictions/full/independent_rms/resnet/seed_29/bandpass_n20002_cV6_independent_rms_s10.npz,76308,a554778c8466e2c8351bbc554f5fd985ef2e926aea3a0066b3b791bcd1ae6f14
resnet,independent_rms,29,bandpass_n20002_cV6_independent_rms_s5,phase2/results/predictions/full/independent_rms/resnet/seed_29/bandpass_n20002_cV6_independent_rms_s5.npz,76149,6b4366f7f11496e4aa440cb792ebe26f53b346c15f7ae35f11b1e1d7b650fd53
resnet,independent_rms,29,bandpass_n20002_cV6_independent_rms_s0,phase2/results/predictions/full/independent_rms/resnet/seed_29/bandpass_n20002_cV6_independent_rms_s0.npz,75770,58d4d24116605871cc6bbc75ec6124fcfaf76e831c2c87abd8ffe056d109555f
resnet,independent_rms,29,bandpass_n20002_cV6_electrode_s20,phase2/results/predictions/full/independent_rms/resnet/seed_29/bandpass_n20002_cV6_electrode_s20.npz,76365,631e3689ceb5614e600e84bf053bf0e5e41a2ee5d5f9b78bda5cf0f37aa9d001
resnet,independent_rms,29,bandpass_n20002_cV6_electrode_s15,phase2/results/predictions/full/independent_rms/resnet/seed_29/bandpass_n20002_cV6_electrode_s15.npz,76343,556f944e3bb2b44b5272d6e2d24b36d553b920262de634d9ebbb99d6811272ae
resnet,independent_rms,29,bandpass_n20002_cV6_electrode_s10,phase2/results/predictions/full/independent_rms/resnet/seed_29/bandpass_n20002_cV6_electrode_s10.npz,76252,1643e633e0e2037a679c8c29391fbc1279fbc570bed54d473e8f99c6903fd9ed
resnet,independent_rms,29,bandpass_n20002_cV6_electrode_s5,phase2/results/predictions/full/independent_rms/resnet/seed_29/bandpass_n20002_cV6_electrode_s5.npz,76156,8f9bb0163becb5097b5548e43427ec6b6202c10978100bf938abc33f483f1ca9
resnet,independent_rms,29,bandpass_n20002_cV6_electrode_s0,phase2/results/predictions/full/independent_rms/resnet/seed_29/bandpass_n20002_cV6_electrode_s0.npz,75768,7838b60491e63defd4fa8840f0b144429f62f5b367feda2988901b1fd3986c6a
resnet,independent_rms,29,bandpass_n20002_cV6_covariance_s20,phase2/results/predictions/full/independent_rms/resnet/seed_29/bandpass_n20002_cV6_covariance_s20.npz,76391,60ea04827e6a7fdfcdcbc96a374e9377025fbb7e14c0eb12660fa1f4829767ee
resnet,independent_rms,29,bandpass_n20002_cV6_covariance_s15,phase2/results/predictions/full/independent_rms/resnet/seed_29/bandpass_n20002_cV6_covariance_s15.npz,76379,d732e07dcc3086b5292238a03b2072f9a3fe2c7a5127b6636988cb6013a1803a
resnet,independent_rms,29,bandpass_n20002_cV6_covariance_s10,phase2/results/predictions/full/independent_rms/resnet/seed_29/bandpass_n20002_cV6_covariance_s10.npz,76320,dc79aa29117a503211ec04c7fd9ea4bc5e15255ec5bd05282e6e88e51423eee2
resnet,independent_rms,29,bandpass_n20002_cV6_covariance_s5,phase2/results/predictions/full/independent_rms/resnet/seed_29/bandpass_n20002_cV6_covariance_s5.npz,76146,322128205cc10fc513ecf23f7d67e1ea57d28db4086b99cb5a37c8dc2ff1be14
resnet,independent_rms,29,bandpass_n20002_cV6_covariance_s0,phase2/results/predictions/full/independent_rms/resnet/seed_29/bandpass_n20002_cV6_covariance_s0.npz,75770,b35f05d80cc26caae40241ef8910209d0503af752443135b786c5385bd70978a
resnet,independent_rms,29,bandpass_n20002_cRA_LA_independent_rms_s20,phase2/results/predictions/full/independent_rms/resnet/seed_29/bandpass_n20002_cRA_LA_independent_rms_s20.npz,76362,8f6188db2f85427bfbb5565a204658ca43f8fdf4283b75b299541c341f984d75
resnet,independent_rms,29,bandpass_n20002_cRA_LA_independent_rms_s15,phase2/results/predictions/full/independent_rms/resnet/seed_29/bandpass_n20002_cRA_LA_independent_rms_s15.npz,76363,f87b566eed1e268f24e7c22d0c807e3247a4fc76ebce0604c81bce881e5b2e0b
resnet,independent_rms,29,bandpass_n20002_cRA_LA_independent_rms_s10,phase2/results/predictions/full/independent_rms/resnet/seed_29/bandpass_n20002_cRA_LA_independent_rms_s10.npz,76280,59fcacfdf80938c200270f04d64c23a6ff6f3603e325b52c313f99a280965144
resnet,independent_rms,29,bandpass_n20002_cRA_LA_independent_rms_s5,phase2/results/predictions/full/independent_rms/resnet/seed_29/bandpass_n20002_cRA_LA_independent_rms_s5.npz,76096,e86449d68a52d26fd48b816da838dcf0d53eedc0842bc4cb89c20a6b2048f1c3
resnet,independent_rms,29,bandpass_n20002_cRA_LA_independent_rms_s0,phase2/results/predictions/full/independent_rms/resnet/seed_29/bandpass_n20002_cRA_LA_independent_rms_s0.npz,75615,0c594c363735d0cf9e04668c529c61522f724d303c3a92dee79d832b503a2d9a
resnet,independent_rms,29,bandpass_n20002_cRA_LA_electrode_s20,phase2/results/predictions/full/independent_rms/resnet/seed_29/bandpass_n20002_cRA_LA_electrode_s20.npz,76398,54a877a26ce06daa4e1984e11e3cfda92ebdb5e261294eeb990ef95e9024893b
resnet,independent_rms,29,bandpass_n20002_cRA_LA_electrode_s15,phase2/results/predictions/full/independent_rms/resnet/seed_29/bandpass_n20002_cRA_LA_electrode_s15.npz,76303,76469b4fde182eee72dc441c3e5c48033afa4eece7ceece7b16f7b7f7151f133
resnet,independent_rms,29,bandpass_n20002_cRA_LA_electrode_s10,phase2/results/predictions/full/independent_rms/resnet/seed_29/bandpass_n20002_cRA_LA_electrode_s10.npz,76227,0ba4bbc13e9c0273c07c0274856652cc0f63d0ecf712803ca4b8b9733f8ac270
resnet,independent_rms,29,bandpass_n20002_cRA_LA_electrode_s5,phase2/results/predictions/full/independent_rms/resnet/seed_29/bandpass_n20002_cRA_LA_electrode_s5.npz,75944,b0a3bbfd7185fdf970e0fb6d0c7daf9b491cb74c4c4fcb6093bdd218c4aee629
resnet,independent_rms,29,bandpass_n20002_cRA_LA_electrode_s0,phase2/results/predictions/full/independent_rms/resnet/seed_29/bandpass_n20002_cRA_LA_electrode_s0.npz,75411,e0a480457a017d0b7991793b3ffa984ab706cdc73411a841268191fb3c935e99
resnet,independent_rms,29,bandpass_n20002_cRA_LA_covariance_s20,phase2/results/predictions/full/independent_rms/resnet/seed_29/bandpass_n20002_cRA_LA_covariance_s20.npz,76359,aef8b2f1b417788a96eaa13667a58bb1dd0a5307719b5ed66ce92f51e3beb2dc
resnet,independent_rms,29,bandpass_n20002_cRA_LA_covariance_s15,phase2/results/predictions/full/independent_rms/resnet/seed_29/bandpass_n20002_cRA_LA_covariance_s15.npz,76320,83b1e055ce6d473a603319fd32e5944193a1bb1b06e50b3d0a3ff25b5ae1a17f
resnet,independent_rms,29,bandpass_n20002_cRA_LA_covariance_s10,phase2/results/predictions/full/independent_rms/resnet/seed_29/bandpass_n20002_cRA_LA_covariance_s10.npz,76209,7b29d981843b9813355ef22e422bcf8b0cd70fe8b7e7fad982747250268daa74
resnet,independent_rms,29,bandpass_n20002_cRA_LA_covariance_s5,phase2/results/predictions/full/independent_rms/resnet/seed_29/bandpass_n20002_cRA_LA_covariance_s5.npz,75923,7e9c1bb1f5fda3fbbf81b0a1a877546cafca9a6605f4ce6eb360b3be813c4f84
resnet,independent_rms,29,bandpass_n20002_cRA_LA_covariance_s0,phase2/results/predictions/full/independent_rms/resnet/seed_29/bandpass_n20002_cRA_LA_covariance_s0.npz,75404,c01968953938fa537017e7fbe4c1d4a00b339d297228ff35b5013e59a5829a30
resnet,independent_rms,29,bandpass_n20002_cLA_LL_independent_rms_s20,phase2/results/predictions/full/independent_rms/resnet/seed_29/bandpass_n20002_cLA_LL_independent_rms_s20.npz,76409,c86124ddbae0772cf9425a330c0b29a44e14409dc2898c2c61edb7b3648848c6
resnet,independent_rms,29,bandpass_n20002_cLA_LL_independent_rms_s15,phase2/results/predictions/full/independent_rms/resnet/seed_29/bandpass_n20002_cLA_LL_independent_rms_s15.npz,76371,663e02ebc808fe231514c638c0a50c13ef96677fb4f20ca42a199cde5018c570
resnet,independent_rms,29,bandpass_n20002_cLA_LL_independent_rms_s10,phase2/results/predictions/full/independent_rms/resnet/seed_29/bandpass_n20002_cLA_LL_independent_rms_s10.npz,76300,2c22878c5436ee974997ad03d4cfa8d7243a12f7d5d6cf6cfdc31bad4226e4fc
resnet,independent_rms,29,bandpass_n20002_cLA_LL_independent_rms_s5,phase2/results/predictions/full/independent_rms/resnet/seed_29/bandpass_n20002_cLA_LL_independent_rms_s5.npz,76113,c5135a4bc352f0b97e1fddfbad60f32e7255be5e294288ca89355ad06e681f30
resnet,independent_rms,29,bandpass_n20002_cLA_LL_independent_rms_s0,phase2/results/predictions/full/independent_rms/resnet/seed_29/bandpass_n20002_cLA_LL_independent_rms_s0.npz,75659,a017ac8bf0077f8747394ace988d547da5cb12ce34d8ef84e12846dce1b239d7
resnet,independent_rms,29,bandpass_n20002_cLA_LL_electrode_s20,phase2/results/predictions/full/independent_rms/resnet/seed_29/bandpass_n20002_cLA_LL_electrode_s20.npz,76358,5a58fb021322f6e67808e089661ce991c8f4c165bd5420ab15c53b0ae68b72b9
resnet,independent_rms,29,bandpass_n20002_cLA_LL_electrode_s15,phase2/results/predictions/full/independent_rms/resnet/seed_29/bandpass_n20002_cLA_LL_electrode_s15.npz,76338,546bf19930e2765cbed4b8a98f7cd2ad1fdc4e7f4bb771976893459cd02f064e
resnet,independent_rms,29,bandpass_n20002_cLA_LL_electrode_s10,phase2/results/predictions/full/independent_rms/resnet/seed_29/bandpass_n20002_cLA_LL_electrode_s10.npz,76194,33bc0466cd642c1d24edafeeb3d136adda35a633bbbd10a9b9cf9d074e602856
resnet,independent_rms,29,bandpass_n20002_cLA_LL_electrode_s5,phase2/results/predictions/full/independent_rms/resnet/seed_29/bandpass_n20002_cLA_LL_electrode_s5.npz,75957,ae3db9c0f27eb4efb6da019ee7779adb7a0e097857e4d7f7a905d6afc49bb8ff
resnet,independent_rms,29,bandpass_n20002_cLA_LL_electrode_s0,phase2/results/predictions/full/independent_rms/resnet/seed_29/bandpass_n20002_cLA_LL_electrode_s0.npz,75634,4e3da7670d16d94b99952a9fc9b6790d08acf8c44efc1d6e8e73e37824e12098
resnet,independent_rms,29,bandpass_n20002_cLA_LL_covariance_s20,phase2/results/predictions/full/independent_rms/resnet/seed_29/bandpass_n20002_cLA_LL_covariance_s20.npz,76369,90cba6967e33a5835c4bada885c9cda32cf133eb284798d8880ee51a1223d2a8
resnet,independent_rms,29,bandpass_n20002_cLA_LL_covariance_s15,phase2/results/predictions/full/independent_rms/resnet/seed_29/bandpass_n20002_cLA_LL_covariance_s15.npz,76317,342582dd92f94e9f6db2264909829678f442d1d66406ae5626a6fea05c9b55d5
resnet,independent_rms,29,bandpass_n20002_cLA_LL_covariance_s10,phase2/results/predictions/full/independent_rms/resnet/seed_29/bandpass_n20002_cLA_LL_covariance_s10.npz,76208,ff6f95f941e3d770a873fea0095f8870755a0106fa4c6a4e8c3be097aea4c4d5
resnet,independent_rms,29,bandpass_n20002_cLA_LL_covariance_s5,phase2/results/predictions/full/independent_rms/resnet/seed_29/bandpass_n20002_cLA_LL_covariance_s5.npz,75971,15be8b04e82c39fb2ccec754fca29ddb2bdaffde5ed653292e64df2cfb9e8378
resnet,independent_rms,29,bandpass_n20002_cLA_LL_covariance_s0,phase2/results/predictions/full/independent_rms/resnet/seed_29/bandpass_n20002_cLA_LL_covariance_s0.npz,75642,ccddd1ea7649c002bddc5242e5c6d95920a60e4db3b2d102cce5885e4d89f8b7
resnet,independent_rms,29,bandpass_n20002_cRA_LL_independent_rms_s20,phase2/results/predictions/full/independent_rms/resnet/seed_29/bandpass_n20002_cRA_LL_independent_rms_s20.npz,76381,9dff08c98d8534222ca62a481da173a712093bdef384f2f2bbb5092159f17eb8
resnet,independent_rms,29,bandpass_n20002_cRA_LL_independent_rms_s15,phase2/results/predictions/full/independent_rms/resnet/seed_29/bandpass_n20002_cRA_LL_independent_rms_s15.npz,76389,0d06bafebc41e3e3e61bd9b35e95f0ae7778f9c895f18890bb660f822d4adf9f
resnet,independent_rms,29,bandpass_n20002_cRA_LL_independent_rms_s10,phase2/results/predictions/full/independent_rms/resnet/seed_29/bandpass_n20002_cRA_LL_independent_rms_s10.npz,76290,c347674afa17a581b316d778b87682b42ec3a1e78c4e4e71f1d218600c570ef9
resnet,independent_rms,29,bandpass_n20002_cRA_LL_independent_rms_s5,phase2/results/predictions/full/independent_rms/resnet/seed_29/bandpass_n20002_cRA_LL_independent_rms_s5.npz,76100,0a9e6bd0a983b22bde1426efce90d8306692bb2e99477e02b6003a9ddf477188
resnet,independent_rms,29,bandpass_n20002_cRA_LL_independent_rms_s0,phase2/results/predictions/full/independent_rms/resnet/seed_29/bandpass_n20002_cRA_LL_independent_rms_s0.npz,75568,61d60bd8e912166fbe03cad6f6bd9053e6fd9d3601f23a0743d16fff31e78ab3
resnet,independent_rms,29,bandpass_n20002_cRA_LL_electrode_s20,phase2/results/predictions/full/independent_rms/resnet/seed_29/bandpass_n20002_cRA_LL_electrode_s20.npz,76349,0b1de2c38078de8aff6e1b0990c643825d9128cef425b4ca2fc0109939c14c74
resnet,independent_rms,29,bandpass_n20002_cRA_LL_electrode_s15,phase2/results/predictions/full/independent_rms/resnet/seed_29/bandpass_n20002_cRA_LL_electrode_s15.npz,76308,51e1342e8df55d2b1c2a9cd549bb73d3ce1b3e41b08a9603b1e4f09d4f15eb6f
resnet,independent_rms,29,bandpass_n20002_cRA_LL_electrode_s10,phase2/results/predictions/full/independent_rms/resnet/seed_29/bandpass_n20002_cRA_LL_electrode_s10.npz,76198,5cfe0c4d134d2f402e93990fdbc58e33d4f71e1b366e57c94a8b784f0a499b14
resnet,independent_rms,29,bandpass_n20002_cRA_LL_electrode_s5,phase2/results/predictions/full/independent_rms/resnet/seed_29/bandpass_n20002_cRA_LL_electrode_s5.npz,75965,6587726a5f0177dcf5e240c3e4abb88a416be965ba9a3f757b032782b5317bc5
resnet,independent_rms,29,bandpass_n20002_cRA_LL_electrode_s0,phase2/results/predictions/full/independent_rms/resnet/seed_29/bandpass_n20002_cRA_LL_electrode_s0.npz,75525,da83bf835ae42f037d1084eb0730871c9678f6571ec176ba08ad182e1377d564
resnet,independent_rms,29,bandpass_n20002_cRA_LL_covariance_s20,phase2/results/predictions/full/independent_rms/resnet/seed_29/bandpass_n20002_cRA_LL_covariance_s20.npz,76347,cf70df899c6ba8e598d0ee23ae98c2841e5ab18ca77d4b8a6df1bd23997a278a
resnet,independent_rms,29,bandpass_n20002_cRA_LL_covariance_s15,phase2/results/predictions/full/independent_rms/resnet/seed_29/bandpass_n20002_cRA_LL_covariance_s15.npz,76327,12f8c4e8e3ec905a900c22fee9eac5781fa03f60d4b239813421b6eff0cadac4
resnet,independent_rms,29,bandpass_n20002_cRA_LL_covariance_s10,phase2/results/predictions/full/independent_rms/resnet/seed_29/bandpass_n20002_cRA_LL_covariance_s10.npz,76184,01ddbaea0aacc5fb838d282c8dd58682a1fbe0071f9eccbf6355669a5084bfcc
resnet,independent_rms,29,bandpass_n20002_cRA_LL_covariance_s5,phase2/results/predictions/full/independent_rms/resnet/seed_29/bandpass_n20002_cRA_LL_covariance_s5.npz,75936,374efb59d9666c13ab97757b6cac83ae0982d14fec7c3cdea762ec00931cdcb0
resnet,independent_rms,29,bandpass_n20002_cRA_LL_covariance_s0,phase2/results/predictions/full/independent_rms/resnet/seed_29/bandpass_n20002_cRA_LL_covariance_s0.npz,75560,fa652c3395fd86edcd38e1a535598674b9ee7cda18d5b77de3d57a3b92a7ec8e
resnet,independent_rms,29,bandpass_n20002_cRA_independent_rms_s20,phase2/results/predictions/full/independent_rms/resnet/seed_29/bandpass_n20002_cRA_independent_rms_s20.npz,76397,f2af30216bb9dfbac78dad1849428bdedd1dd0e6c3eb86fd1170916b62452291
resnet,independent_rms,29,bandpass_n20002_cRA_independent_rms_s15,phase2/results/predictions/full/independent_rms/resnet/seed_29/bandpass_n20002_cRA_independent_rms_s15.npz,76360,034ee9cfac713b350ae2d0c306b7cf950afb3535b4fed6499ed78044d2315f59
resnet,independent_rms,29,bandpass_n20002_cRA_independent_rms_s10,phase2/results/predictions/full/independent_rms/resnet/seed_29/bandpass_n20002_cRA_independent_rms_s10.npz,76302,1e4ddd4581a0c2047da51c13e014bf42ca24a0a764209fb82bea5372f434c39a
resnet,independent_rms,29,bandpass_n20002_cRA_independent_rms_s5,phase2/results/predictions/full/independent_rms/resnet/seed_29/bandpass_n20002_cRA_independent_rms_s5.npz,76086,1cd33f99d77333b8f5e7cba85486d61f72c635adaf7fb823906a6b41137efd67
resnet,independent_rms,29,bandpass_n20002_cRA_independent_rms_s0,phase2/results/predictions/full/independent_rms/resnet/seed_29/bandpass_n20002_cRA_independent_rms_s0.npz,75537,fa4ba5ef8d9847bd4934710e084a0af8b5a9ce5fbb77cb67867f4817fe62a5be
resnet,independent_rms,29,bandpass_n20002_cRA_electrode_s20,phase2/results/predictions/full/independent_rms/resnet/seed_29/bandpass_n20002_cRA_electrode_s20.npz,76384,7bafb809673ae060198c9a54e8139de9bd7d6a4eb543b8a94d415987aa791b27
resnet,independent_rms,29,bandpass_n20002_cRA_electrode_s15,phase2/results/predictions/full/independent_rms/resnet/seed_29/bandpass_n20002_cRA_electrode_s15.npz,76302,07d917a10c890d9812a2c386b30a6f173b704dc730afd025abf9b6c3541cb32f
resnet,independent_rms,29,bandpass_n20002_cRA_electrode_s10,phase2/results/predictions/full/independent_rms/resnet/seed_29/bandpass_n20002_cRA_electrode_s10.npz,76134,0b26c2d6d30d9b29d9fd3802126a913a9dc91958928f58d655b8366360a77c43
resnet,independent_rms,29,bandpass_n20002_cRA_electrode_s5,phase2/results/predictions/full/independent_rms/resnet/seed_29/bandpass_n20002_cRA_electrode_s5.npz,75943,a76a5779236f0181d898b280aace4bb69aeddc24f61d3ea880b70e006aa2c28d
resnet,independent_rms,29,bandpass_n20002_cRA_electrode_s0,phase2/results/predictions/full/independent_rms/resnet/seed_29/bandpass_n20002_cRA_electrode_s0.npz,75358,803957c77d663373c667e7c9682a6c100da14c0c91276e4508dda0dfce269b0c
resnet,independent_rms,29,bandpass_n20002_cRA_covariance_s20,phase2/results/predictions/full/independent_rms/resnet/seed_29/bandpass_n20002_cRA_covariance_s20.npz,76362,9a152560498aaf3ca6d473c331304cbae213a84a96afba48a055b14c67f8401f
resnet,independent_rms,29,bandpass_n20002_cRA_covariance_s15,phase2/results/predictions/full/independent_rms/resnet/seed_29/bandpass_n20002_cRA_covariance_s15.npz,76307,5f8b7924eb83a84b9b5e7149078e7958d580234eb68032a4e0ed9c323db61410
resnet,independent_rms,29,bandpass_n20002_cRA_covariance_s10,phase2/results/predictions/full/independent_rms/resnet/seed_29/bandpass_n20002_cRA_covariance_s10.npz,76218,986b8d93f59ab66cab7c9da1bbddb6325ba380630c9fee43c7424f00600dc20f
resnet,independent_rms,29,bandpass_n20002_cRA_covariance_s5,phase2/results/predictions/full/independent_rms/resnet/seed_29/bandpass_n20002_cRA_covariance_s5.npz,75938,f94f1a538171a59cb71de3fccd823cb0b2f65036414ac80db5714743e48b2b0c
resnet,independent_rms,29,bandpass_n20002_cRA_covariance_s0,phase2/results/predictions/full/independent_rms/resnet/seed_29/bandpass_n20002_cRA_covariance_s0.npz,75346,9dbf7228e3b84cf6b2c511eeda9f9abfba9730d0768a04e81f363eef2845bcdc
resnet,independent_rms,29,bandpass_n20002_cLA_independent_rms_s20,phase2/results/predictions/full/independent_rms/resnet/seed_29/bandpass_n20002_cLA_independent_rms_s20.npz,76397,fdf96bfd184e346acd56569fda006b5f3ecd183d254418889e422b23af214e70
resnet,independent_rms,29,bandpass_n20002_cLA_independent_rms_s15,phase2/results/predictions/full/independent_rms/resnet/seed_29/bandpass_n20002_cLA_independent_rms_s15.npz,76376,23f04267f12e5188d9905441155cee432ec67dfe5ae533c81b8ef91832c9c321
resnet,independent_rms,29,bandpass_n20002_cLA_independent_rms_s10,phase2/results/predictions/full/independent_rms/resnet/seed_29/bandpass_n20002_cLA_independent_rms_s10.npz,76296,a08ad8e34e4538fe3c8582807934b725062e664947d2c1eaa49a228afd0cd719
resnet,independent_rms,29,bandpass_n20002_cLA_independent_rms_s5,phase2/results/predictions/full/independent_rms/resnet/seed_29/bandpass_n20002_cLA_independent_rms_s5.npz,76091,7400c4126c9bb96c4822ca917f95dbc5104df73ba81c75d16c8971af8989ffa6
resnet,independent_rms,29,bandpass_n20002_cLA_independent_rms_s0,phase2/results/predictions/full/independent_rms/resnet/seed_29/bandpass_n20002_cLA_independent_rms_s0.npz,75631,15b84b86ca85daf6bf1c639e2ebdc06359d6292cefdbc2392362f8acbf805a61
resnet,independent_rms,29,bandpass_n20002_cLA_electrode_s20,phase2/results/predictions/full/independent_rms/resnet/seed_29/bandpass_n20002_cLA_electrode_s20.npz,76341,3a8dece36f0e72462a7dd635ccdbef84f99fe39bac2e5c8bb33ac604093d8840
resnet,independent_rms,29,bandpass_n20002_cLA_electrode_s15,phase2/results/predictions/full/independent_rms/resnet/seed_29/bandpass_n20002_cLA_electrode_s15.npz,76328,80e6fb8052ef8e584cb0eafb61e183b0338cae011f4bc1b52c798fad6980905e
resnet,independent_rms,29,bandpass_n20002_cLA_electrode_s10,phase2/results/predictions/full/independent_rms/resnet/seed_29/bandpass_n20002_cLA_electrode_s10.npz,76206,1a0fcff86c65873829ecdb408bc923c304d494b66ef870afe1d00cd0d63769b1
resnet,independent_rms,29,bandpass_n20002_cLA_electrode_s5,phase2/results/predictions/full/independent_rms/resnet/seed_29/bandpass_n20002_cLA_electrode_s5.npz,75981,5228d022e699f69cf57affd327d5435f7bcb01dfe2fe3e78df2e2e58cc0d0e3b
resnet,independent_rms,29,bandpass_n20002_cLA_electrode_s0,phase2/results/predictions/full/independent_rms/resnet/seed_29/bandpass_n20002_cLA_electrode_s0.npz,75478,521bb8bf4dd0f0d5eabf91215f9b17d15d22bba7838515df274e49cc32f36fa7
resnet,independent_rms,29,bandpass_n20002_cLA_covariance_s20,phase2/results/predictions/full/independent_rms/resnet/seed_29/bandpass_n20002_cLA_covariance_s20.npz,76348,958ac17852af58f9491bca1902ddce822c536ef9d4050481665913422e1bfb85
resnet,independent_rms,29,bandpass_n20002_cLA_covariance_s15,phase2/results/predictions/full/independent_rms/resnet/seed_29/bandpass_n20002_cLA_covariance_s15.npz,76329,507de419dacb6e7cf0db25f4299cc47de0c4e98a330c9d8dfe9851c5f44bcdf8
resnet,independent_rms,29,bandpass_n20002_cLA_covariance_s10,phase2/results/predictions/full/independent_rms/resnet/seed_29/bandpass_n20002_cLA_covariance_s10.npz,76212,b950572f5a1d2b1b37796fc0a7c6a581b9820499e013578ec8966956298d676e
resnet,independent_rms,29,bandpass_n20002_cLA_covariance_s5,phase2/results/predictions/full/independent_rms/resnet/seed_29/bandpass_n20002_cLA_covariance_s5.npz,75962,465d85ac37b372914058cea7288a84235bdf4c6a7623cc695b9587a65759bee5
resnet,independent_rms,29,bandpass_n20002_cLA_covariance_s0,phase2/results/predictions/full/independent_rms/resnet/seed_29/bandpass_n20002_cLA_covariance_s0.npz,75477,68b0f6995fe52a5027ee6c13b9f5238ea8b41d21af5a95424c5f0144ef25dc51
resnet,independent_rms,29,bandpass_n20002_cLL_independent_rms_s20,phase2/results/predictions/full/independent_rms/resnet/seed_29/bandpass_n20002_cLL_independent_rms_s20.npz,76372,886721baa03e6f847d272b491eb99775164ca9a14f0892ec8f5b73c3f33dbbd1
resnet,independent_rms,29,bandpass_n20002_cLL_independent_rms_s15,phase2/results/predictions/full/independent_rms/resnet/seed_29/bandpass_n20002_cLL_independent_rms_s15.npz,76321,2fa010cbd53c323030e165c3ec8fd963e3c6d5528b082fabc957901ac7c696ad
resnet,independent_rms,29,bandpass_n20002_cLL_independent_rms_s10,phase2/results/predictions/full/independent_rms/resnet/seed_29/bandpass_n20002_cLL_independent_rms_s10.npz,76290,f767be98e875fc29e979df1e1ff660988f9b3385f8cc1958624681a982d4a292
resnet,independent_rms,29,bandpass_n20002_cLL_independent_rms_s5,phase2/results/predictions/full/independent_rms/resnet/seed_29/bandpass_n20002_cLL_independent_rms_s5.npz,76095,e1ce123339798a878500461b090ae85f413ae741852b4c82f0102acdba50f974
resnet,independent_rms,29,bandpass_n20002_cLL_independent_rms_s0,phase2/results/predictions/full/independent_rms/resnet/seed_29/bandpass_n20002_cLL_independent_rms_s0.npz,75647,5fe7575ffcb380fe795e97b8b33628e3e337a65398adbc5a33871466d3d72c38
resnet,independent_rms,29,bandpass_n20002_cLL_electrode_s20,phase2/results/predictions/full/independent_rms/resnet/seed_29/bandpass_n20002_cLL_electrode_s20.npz,76346,6d8909c1aba16fdf3f158a7d1d579ef6898db898e0e716ef9d009e200dc4a7e6
resnet,independent_rms,29,bandpass_n20002_cLL_electrode_s15,phase2/results/predictions/full/independent_rms/resnet/seed_29/bandpass_n20002_cLL_electrode_s15.npz,76285,3fcff61a164c9dc32fee657c12fa16dc943abc67b4af0e18394d945b83e7a300
resnet,independent_rms,29,bandpass_n20002_cLL_electrode_s10,phase2/results/predictions/full/independent_rms/resnet/seed_29/bandpass_n20002_cLL_electrode_s10.npz,76155,84a9cfadde40d4fe4f4f9ddee2c240a2105716275d7038e24ffa5699eec2670d
resnet,independent_rms,29,bandpass_n20002_cLL_electrode_s5,phase2/results/predictions/full/independent_rms/resnet/seed_29/bandpass_n20002_cLL_electrode_s5.npz,75933,7c665f477edc6d701e3d7124cd46eff2b67b77ba1f7705a6e20088314bfe39a8
resnet,independent_rms,29,bandpass_n20002_cLL_electrode_s0,phase2/results/predictions/full/independent_rms/resnet/seed_29/bandpass_n20002_cLL_electrode_s0.npz,75762,96b64ebffffd058b4a71384c5c1d2d1ebff1cf961a0c3ef9b34d26ddf88ecd57
resnet,independent_rms,29,bandpass_n20002_cLL_covariance_s20,phase2/results/predictions/full/independent_rms/resnet/seed_29/bandpass_n20002_cLL_covariance_s20.npz,76371,ffea224628d0987426d8ddae9ffe1ef75e9bd220ddc65837a87c8cf53ea2ba69
resnet,independent_rms,29,bandpass_n20002_cLL_covariance_s15,phase2/results/predictions/full/independent_rms/resnet/seed_29/bandpass_n20002_cLL_covariance_s15.npz,76344,149b7b293327e65625b60f4fe2bc8be4f70f186443785a9601e4b6daddb1bae5
resnet,independent_rms,29,bandpass_n20002_cLL_covariance_s10,phase2/results/predictions/full/independent_rms/resnet/seed_29/bandpass_n20002_cLL_covariance_s10.npz,76185,baf240e4aa687c4e57136027dd66ad9131423b097442699bf6ec8a3678050c25
resnet,independent_rms,29,bandpass_n20002_cLL_covariance_s5,phase2/results/predictions/full/independent_rms/resnet/seed_29/bandpass_n20002_cLL_covariance_s5.npz,75948,d1afebc13d6d41a06f03b62a49fcbb9fb0d081c5ed3b98465907df3c9065733e
resnet,independent_rms,29,bandpass_n20002_cLL_covariance_s0,phase2/results/predictions/full/independent_rms/resnet/seed_29/bandpass_n20002_cLL_covariance_s0.npz,75721,4237e163a1f49fa565dd6e2d8336b8039a74b1451e61599690167388b3921465
resnet,independent_rms,29,bandpass_n20002_cRA_V1_independent_rms_s20,phase2/results/predictions/full/independent_rms/resnet/seed_29/bandpass_n20002_cRA_V1_independent_rms_s20.npz,76379,8df6da8cd1801351251e23f7581759097594b9164461bfff21cfe4ace8c988e1
resnet,independent_rms,29,bandpass_n20002_cRA_V1_independent_rms_s15,phase2/results/predictions/full/independent_rms/resnet/seed_29/bandpass_n20002_cRA_V1_independent_rms_s15.npz,76366,c1c7c3a70596178081076a782de24ee1e10ebc3f7e986d3a8de68b1eeea3df6f
resnet,independent_rms,29,bandpass_n20002_cRA_V1_independent_rms_s10,phase2/results/predictions/full/independent_rms/resnet/seed_29/bandpass_n20002_cRA_V1_independent_rms_s10.npz,76294,00592a71343e5e4b99c90b1e37a9e6adaaef3b37e7ad4abae6832f66726cfaf0
resnet,independent_rms,29,bandpass_n20002_cRA_V1_independent_rms_s5,phase2/results/predictions/full/independent_rms/resnet/seed_29/bandpass_n20002_cRA_V1_independent_rms_s5.npz,76114,7664150f124aaa947e91049857a7931529da6357fae5804033a38e2bc4b01c02
resnet,independent_rms,29,bandpass_n20002_cRA_V1_independent_rms_s0,phase2/results/predictions/full/independent_rms/resnet/seed_29/bandpass_n20002_cRA_V1_independent_rms_s0.npz,75574,9dc6f5fd5e6d187f83080a8509fb783dbc9135baad5bf561da0f93bfc4e75eac
resnet,independent_rms,29,bandpass_n20002_cRA_V1_electrode_s20,phase2/results/predictions/full/independent_rms/resnet/seed_29/bandpass_n20002_cRA_V1_electrode_s20.npz,76356,a6870ca6fbc8651720e276b18d947294b328f5f66e794bc7b4dcff1f6fabc94e
resnet,independent_rms,29,bandpass_n20002_cRA_V1_electrode_s15,phase2/results/predictions/full/independent_rms/resnet/seed_29/bandpass_n20002_cRA_V1_electrode_s15.npz,76335,4c2e9ed1bd4a8c1b65a55cb83e664813cdb7859b7c33a7628892ba1a2103cc6f
resnet,independent_rms,29,bandpass_n20002_cRA_V1_electrode_s10,phase2/results/predictions/full/independent_rms/resnet/seed_29/bandpass_n20002_cRA_V1_electrode_s10.npz,76186,3719a0514d104f613b4eca14a68c9f85a0d17b7b96bde3b587156e960679e73f
resnet,independent_rms,29,bandpass_n20002_cRA_V1_electrode_s5,phase2/results/predictions/full/independent_rms/resnet/seed_29/bandpass_n20002_cRA_V1_electrode_s5.npz,75993,dbdda1ec34488d1d565ad590ace4c2b2273077b47d42f9d5bd84169b61c24a6e
resnet,independent_rms,29,bandpass_n20002_cRA_V1_electrode_s0,phase2/results/predictions/full/independent_rms/resnet/seed_29/bandpass_n20002_cRA_V1_electrode_s0.npz,75359,1914d8fb6b221988ac2b4c25f3eedc593d7c40afcac928ac5f82493fd3193ef4
resnet,independent_rms,29,bandpass_n20002_cRA_V1_covariance_s20,phase2/results/predictions/full/independent_rms/resnet/seed_29/bandpass_n20002_cRA_V1_covariance_s20.npz,76358,a92d80b380e09507ddeb80793bab0acfbcd7a9530bcfa5c1bca4d6c9fa3d76f9
resnet,independent_rms,29,bandpass_n20002_cRA_V1_covariance_s15,phase2/results/predictions/full/independent_rms/resnet/seed_29/bandpass_n20002_cRA_V1_covariance_s15.npz,76381,b8533a5e6d01c22f9c9f360c573e47de3fe8ab4bafd6b3bf39a063ce96c29cac
resnet,independent_rms,29,bandpass_n20002_cRA_V1_covariance_s10,phase2/results/predictions/full/independent_rms/resnet/seed_29/bandpass_n20002_cRA_V1_covariance_s10.npz,76223,847458cf60e30f68e80f7b175268a26113ca9950a61244eb768ac6debd4e7d4f
resnet,independent_rms,29,bandpass_n20002_cRA_V1_covariance_s5,phase2/results/predictions/full/independent_rms/resnet/seed_29/bandpass_n20002_cRA_V1_covariance_s5.npz,75990,f24098bdb41a4fdb2b55136032907797ca4824286553892eaab7b91a18ad31ca
resnet,independent_rms,29,bandpass_n20002_cRA_V1_covariance_s0,phase2/results/predictions/full/independent_rms/resnet/seed_29/bandpass_n20002_cRA_V1_covariance_s0.npz,75364,2598f12241391896993deb0cfddfbc4de658b3ddcd7de2a934860af03135ba9c
resnet,independent_rms,29,bandpass_n20002_cLA_V6_independent_rms_s20,phase2/results/predictions/full/independent_rms/resnet/seed_29/bandpass_n20002_cLA_V6_independent_rms_s20.npz,76384,902bfd72fddc6915a68ebd1031d37d2e017c4636c25c31abd8c3c8b4ece384e3
resnet,independent_rms,29,bandpass_n20002_cLA_V6_independent_rms_s15,phase2/results/predictions/full/independent_rms/resnet/seed_29/bandpass_n20002_cLA_V6_independent_rms_s15.npz,76382,e3ac1462784e717efe64bf8b6ec73ef53b80843a7d29464b056c3d5f2e21c9cc
resnet,independent_rms,29,bandpass_n20002_cLA_V6_independent_rms_s10,phase2/results/predictions/full/independent_rms/resnet/seed_29/bandpass_n20002_cLA_V6_independent_rms_s10.npz,76298,28b8f2e04f9a4299c4fb1da231ada3fbfbf4fff6c262f6a72c5b670de8ae8568
resnet,independent_rms,29,bandpass_n20002_cLA_V6_independent_rms_s5,phase2/results/predictions/full/independent_rms/resnet/seed_29/bandpass_n20002_cLA_V6_independent_rms_s5.npz,76136,702b5a73e1519706a8f80ee8bb7d8a32c7f6b1985918df01ab5d674ad2f2ca34
resnet,independent_rms,29,bandpass_n20002_cLA_V6_independent_rms_s0,phase2/results/predictions/full/independent_rms/resnet/seed_29/bandpass_n20002_cLA_V6_independent_rms_s0.npz,75673,32b874157cfceb47b20d180d550c7129db2e37a9b5a50ee420ce28bd36b7cb23
resnet,independent_rms,29,bandpass_n20002_cLA_V6_electrode_s20,phase2/results/predictions/full/independent_rms/resnet/seed_29/bandpass_n20002_cLA_V6_electrode_s20.npz,76340,1da2ce70402a1330c7d77e4323fb60b4b6ac95189a8907c60ed27757ac94a54d
resnet,independent_rms,29,bandpass_n20002_cLA_V6_electrode_s15,phase2/results/predictions/full/independent_rms/resnet/seed_29/bandpass_n20002_cLA_V6_electrode_s15.npz,76313,68716c8bf084068f7d6783d7354f8cd468db8a2a5313e59e2de898ce348ae86c
resnet,independent_rms,29,bandpass_n20002_cLA_V6_electrode_s10,phase2/results/predictions/full/independent_rms/resnet/seed_29/bandpass_n20002_cLA_V6_electrode_s10.npz,76280,5d487dda7335ddb57262a443a555265204ff299f0c526b6422daa804e8f874cc
resnet,independent_rms,29,bandpass_n20002_cLA_V6_electrode_s5,phase2/results/predictions/full/independent_rms/resnet/seed_29/bandpass_n20002_cLA_V6_electrode_s5.npz,76019,015149f51c90f199035f8913bddaf7631e5e5772f99939631daa4158c25f5af3
resnet,independent_rms,29,bandpass_n20002_cLA_V6_electrode_s0,phase2/results/predictions/full/independent_rms/resnet/seed_29/bandpass_n20002_cLA_V6_electrode_s0.npz,75514,c2da33860cb6167b8dc588e2583800a840886f1e85081dcab83c06c61da5dc49
resnet,independent_rms,29,bandpass_n20002_cLA_V6_covariance_s20,phase2/results/predictions/full/independent_rms/resnet/seed_29/bandpass_n20002_cLA_V6_covariance_s20.npz,76380,20ca4f4be50f23ef9a55ca987b61c1cf7f75e40b7556987fb9e82a7314e46187
resnet,independent_rms,29,bandpass_n20002_cLA_V6_covariance_s15,phase2/results/predictions/full/independent_rms/resnet/seed_29/bandpass_n20002_cLA_V6_covariance_s15.npz,76332,d746d307680ba7a5cf8b22a8fb08e5ea53ab3e24dcba4fdf7a7c4c9e0a248c80
resnet,independent_rms,29,bandpass_n20002_cLA_V6_covariance_s10,phase2/results/predictions/full/independent_rms/resnet/seed_29/bandpass_n20002_cLA_V6_covariance_s10.npz,76238,8e18571655bc5d6b3262369f46436333b2d565ef74aa1e5b0e69327acae635dc
resnet,independent_rms,29,bandpass_n20002_cLA_V6_covariance_s5,phase2/results/predictions/full/independent_rms/resnet/seed_29/bandpass_n20002_cLA_V6_covariance_s5.npz,76026,0a4a40167db532b1dab00ffd8024f27acaa2995fb0e8fb249eec2c74ccb18d0e
resnet,independent_rms,29,bandpass_n20002_cLA_V6_covariance_s0,phase2/results/predictions/full/independent_rms/resnet/seed_29/bandpass_n20002_cLA_V6_covariance_s0.npz,75532,bb7df99a3be80170484aeb01b1e22ca7d05d31486ad6e11200438e0fd5ed59da
resnet,independent_rms,29,bandpass_n20002_cLL_V4_independent_rms_s20,phase2/results/predictions/full/independent_rms/resnet/seed_29/bandpass_n20002_cLL_V4_independent_rms_s20.npz,76382,fb4a0cb86aa8195391c56267be81d92c2bce093fad88848fe2db976c059c67c1
resnet,independent_rms,29,bandpass_n20002_cLL_V4_independent_rms_s15,phase2/results/predictions/full/independent_rms/resnet/seed_29/bandpass_n20002_cLL_V4_independent_rms_s15.npz,76358,fc2e5039c4faee58916cd4abc8bec2d72a897daf8408dae981b6111edb2335ba
resnet,independent_rms,29,bandpass_n20002_cLL_V4_independent_rms_s10,phase2/results/predictions/full/independent_rms/resnet/seed_29/bandpass_n20002_cLL_V4_independent_rms_s10.npz,76290,e12e30cc7eb2697b34461675a0396bf1ea132e355bff74dc1ea73c498a32ba87
resnet,independent_rms,29,bandpass_n20002_cLL_V4_independent_rms_s5,phase2/results/predictions/full/independent_rms/resnet/seed_29/bandpass_n20002_cLL_V4_independent_rms_s5.npz,76158,352cf6f4e2cac0a61ad3b713a6e85d412b49948f0965035511fb4a8c386c34d6
resnet,independent_rms,29,bandpass_n20002_cLL_V4_independent_rms_s0,phase2/results/predictions/full/independent_rms/resnet/seed_29/bandpass_n20002_cLL_V4_independent_rms_s0.npz,75706,ab9af6d256b9b8daf996d32def82c3c39256c85c33386cfd9b6cd019ffc2ad57
resnet,independent_rms,29,bandpass_n20002_cLL_V4_electrode_s20,phase2/results/predictions/full/independent_rms/resnet/seed_29/bandpass_n20002_cLL_V4_electrode_s20.npz,76370,8ae2d6e0e9daeb1ac6960ccaef706a3041c3eafa332c5f47442e8b19ad2966fa
resnet,independent_rms,29,bandpass_n20002_cLL_V4_electrode_s15,phase2/results/predictions/full/independent_rms/resnet/seed_29/bandpass_n20002_cLL_V4_electrode_s15.npz,76322,f18559630ed92dfcb5fb57a42eb10225c8754817ecab5027502661333f57334f
resnet,independent_rms,29,bandpass_n20002_cLL_V4_electrode_s10,phase2/results/predictions/full/independent_rms/resnet/seed_29/bandpass_n20002_cLL_V4_electrode_s10.npz,76211,120e4fd4aa3420b2572c3f2d2bf23a6d12d9c154afe33bcd2ffd6e0f7967d67a
resnet,independent_rms,29,bandpass_n20002_cLL_V4_electrode_s5,phase2/results/predictions/full/independent_rms/resnet/seed_29/bandpass_n20002_cLL_V4_electrode_s5.npz,75999,b17e97bf488514f737c30944463f1fc1fdf53c6e839f65df3e7dea509df9c035
resnet,independent_rms,29,bandpass_n20002_cLL_V4_electrode_s0,phase2/results/predictions/full/independent_rms/resnet/seed_29/bandpass_n20002_cLL_V4_electrode_s0.npz,75673,fff95f3eaf1f93959ef40e26d54e59f460eab704389141672d961181c4832402
resnet,independent_rms,29,bandpass_n20002_cLL_V4_covariance_s20,phase2/results/predictions/full/independent_rms/resnet/seed_29/bandpass_n20002_cLL_V4_covariance_s20.npz,76382,f98415945b7be9a3ad66e9003a9f2f39c4ce367ec567d57a3b729cdf58d4e15c
resnet,independent_rms,29,bandpass_n20002_cLL_V4_covariance_s15,phase2/results/predictions/full/independent_rms/resnet/seed_29/bandpass_n20002_cLL_V4_covariance_s15.npz,76344,818d9cc0b5d09b4b345fd069004744d2554e58fc6e8d1640237b5bc54b008407
resnet,independent_rms,29,bandpass_n20002_cLL_V4_covariance_s10,phase2/results/predictions/full/independent_rms/resnet/seed_29/bandpass_n20002_cLL_V4_covariance_s10.npz,76215,de38c836adc493c900d52f337dc25967fbe20a820fd3350997e2ec3b10d124ea
resnet,independent_rms,29,bandpass_n20002_cLL_V4_covariance_s5,phase2/results/predictions/full/independent_rms/resnet/seed_29/bandpass_n20002_cLL_V4_covariance_s5.npz,76019,ccb9c574e48b93c34ab0281d4c57d09ae1440bb2ad696eabf86a0e2c42f8ebb2
resnet,independent_rms,29,bandpass_n20002_cLL_V4_covariance_s0,phase2/results/predictions/full/independent_rms/resnet/seed_29/bandpass_n20002_cLL_V4_covariance_s0.npz,75662,79de10199ce9322bdbf40e6404f0b3076fb4dcce68a1c031445a50f39ddf4d0e
resnet,independent_rms,29,bandpass_n20002_cRA_LA_V1_V6_independent_rms_s20,phase2/results/predictions/full/independent_rms/resnet/seed_29/bandpass_n20002_cRA_LA_V1_V6_independent_rms_s20.npz,76415,7f309fa759fb2e38cba6fceb3a92e12f5ea86dce1b5e6856eb22d88572584264
resnet,independent_rms,29,bandpass_n20002_cRA_LA_V1_V6_independent_rms_s15,phase2/results/predictions/full/independent_rms/resnet/seed_29/bandpass_n20002_cRA_LA_V1_V6_independent_rms_s15.npz,76385,2da771fd2778b01f735ab3a8af40c2e87493d26261e32e1f298a16525d4240f5
resnet,independent_rms,29,bandpass_n20002_cRA_LA_V1_V6_independent_rms_s10,phase2/results/predictions/full/independent_rms/resnet/seed_29/bandpass_n20002_cRA_LA_V1_V6_independent_rms_s10.npz,76315,c4de0f3394e9ee530044e4a61ce7a5fd4c924ec1e2349797e9b56490eea30dd3
resnet,independent_rms,29,bandpass_n20002_cRA_LA_V1_V6_independent_rms_s5,phase2/results/predictions/full/independent_rms/resnet/seed_29/bandpass_n20002_cRA_LA_V1_V6_independent_rms_s5.npz,76130,93b299bdbac8552359d964dcf485aa64347161fec50d5aa44114d83a7178431a
resnet,independent_rms,29,bandpass_n20002_cRA_LA_V1_V6_independent_rms_s0,phase2/results/predictions/full/independent_rms/resnet/seed_29/bandpass_n20002_cRA_LA_V1_V6_independent_rms_s0.npz,75660,68bafd4d17177a40ded1996b0bd59a11b35ebb13c603ad5aa5d45e4b24f1271e
resnet,independent_rms,29,bandpass_n20002_cRA_LA_V1_V6_electrode_s20,phase2/results/predictions/full/independent_rms/resnet/seed_29/bandpass_n20002_cRA_LA_V1_V6_electrode_s20.npz,76373,21ebc250ee88c9576a825ce699d1cd020836dee039d1877e93f7bea69e7ec810
resnet,independent_rms,29,bandpass_n20002_cRA_LA_V1_V6_electrode_s15,phase2/results/predictions/full/independent_rms/resnet/seed_29/bandpass_n20002_cRA_LA_V1_V6_electrode_s15.npz,76349,499ae5a07bc46006587d60e4fe3e96b7c8bcdcc35783eae615dc9a16202de1b8
resnet,independent_rms,29,bandpass_n20002_cRA_LA_V1_V6_electrode_s10,phase2/results/predictions/full/independent_rms/resnet/seed_29/bandpass_n20002_cRA_LA_V1_V6_electrode_s10.npz,76259,d6ee8228cf79dbfa626b266b7f871549f47d5bc87de58f8338bf09cd44488146
resnet,independent_rms,29,bandpass_n20002_cRA_LA_V1_V6_electrode_s5,phase2/results/predictions/full/independent_rms/resnet/seed_29/bandpass_n20002_cRA_LA_V1_V6_electrode_s5.npz,76009,4b8b2170a3a58da9e860e6c41544ea97ab3c667d83afd7e0b55513b13f4f52e4
resnet,independent_rms,29,bandpass_n20002_cRA_LA_V1_V6_electrode_s0,phase2/results/predictions/full/independent_rms/resnet/seed_29/bandpass_n20002_cRA_LA_V1_V6_electrode_s0.npz,75438,26458373d1e39aaebdd68f8f3210ace9baf97b5e7c5d80eb63efddd5a5291699
resnet,independent_rms,29,bandpass_n20002_cRA_LA_V1_V6_covariance_s20,phase2/results/predictions/full/independent_rms/resnet/seed_29/bandpass_n20002_cRA_LA_V1_V6_covariance_s20.npz,76381,0cdddbfdddd83fa8e31c901503157a41f094f2760563e991b125c522f129959d
resnet,independent_rms,29,bandpass_n20002_cRA_LA_V1_V6_covariance_s15,phase2/results/predictions/full/independent_rms/resnet/seed_29/bandpass_n20002_cRA_LA_V1_V6_covariance_s15.npz,76322,29f452143ca5e1ab3831cc57cfa21c5279025ee22a7a1beb60571d799e0acb3c
resnet,independent_rms,29,bandpass_n20002_cRA_LA_V1_V6_covariance_s10,phase2/results/predictions/full/independent_rms/resnet/seed_29/bandpass_n20002_cRA_LA_V1_V6_covariance_s10.npz,76239,715dbf9482a40e9342534074405e6bbc32340bb0d5d773eb601f19798bce4474
resnet,independent_rms,29,bandpass_n20002_cRA_LA_V1_V6_covariance_s5,phase2/results/predictions/full/independent_rms/resnet/seed_29/bandpass_n20002_cRA_LA_V1_V6_covariance_s5.npz,75981,21c313fd5d5718eb6251c1350fa733c822523bd081f33d3e7114f9c5a746fbf6
resnet,independent_rms,29,bandpass_n20002_cRA_LA_V1_V6_covariance_s0,phase2/results/predictions/full/independent_rms/resnet/seed_29/bandpass_n20002_cRA_LA_V1_V6_covariance_s0.npz,75456,57a77b42fa8ddf8a25509736d74556b8f3892e05dac9ace40cb8e078ca86772d
resnet,independent_rms,29,bandpass_n20002_cRA_V2_V5_independent_rms_s20,phase2/results/predictions/full/independent_rms/resnet/seed_29/bandpass_n20002_cRA_V2_V5_independent_rms_s20.npz,76366,2ddb0386f5edce3c0a518d5244bc0c561e10c80539792d16807714fc7d5e2a42
resnet,independent_rms,29,bandpass_n20002_cRA_V2_V5_independent_rms_s15,phase2/results/predictions/full/independent_rms/resnet/seed_29/bandpass_n20002_cRA_V2_V5_independent_rms_s15.npz,76401,0651d18e3dac01c4274e4a8b2f60d3cdb7bee19c756aaa7b2f3bc5c8196db46c
resnet,independent_rms,29,bandpass_n20002_cRA_V2_V5_independent_rms_s10,phase2/results/predictions/full/independent_rms/resnet/seed_29/bandpass_n20002_cRA_V2_V5_independent_rms_s10.npz,76279,9eef3a87bc7d3ff9cceedae98b98dae361a2604235d5898f70e71ab30e0186f7
resnet,independent_rms,29,bandpass_n20002_cRA_V2_V5_independent_rms_s5,phase2/results/predictions/full/independent_rms/resnet/seed_29/bandpass_n20002_cRA_V2_V5_independent_rms_s5.npz,76122,e1a6426d3afe0aa77ab949ac623105e8d19223b44851c2a6edf137e3dc55441f
resnet,independent_rms,29,bandpass_n20002_cRA_V2_V5_independent_rms_s0,phase2/results/predictions/full/independent_rms/resnet/seed_29/bandpass_n20002_cRA_V2_V5_independent_rms_s0.npz,75594,135897a4b625e2101f5fb5a8d98ffe8690a27b9e74877f490aceca44f5fb7a4a
resnet,independent_rms,29,bandpass_n20002_cRA_V2_V5_electrode_s20,phase2/results/predictions/full/independent_rms/resnet/seed_29/bandpass_n20002_cRA_V2_V5_electrode_s20.npz,76388,5f6ae8279f363a513822b59889e4ace8a3b9ea8976ff4063a78dfc1ab227bea4
resnet,independent_rms,29,bandpass_n20002_cRA_V2_V5_electrode_s15,phase2/results/predictions/full/independent_rms/resnet/seed_29/bandpass_n20002_cRA_V2_V5_electrode_s15.npz,76343,cfee5e79d93454bcff8c57c284cb7f9c1ad24ea009cf7246124d8b3b4acf19af
resnet,independent_rms,29,bandpass_n20002_cRA_V2_V5_electrode_s10,phase2/results/predictions/full/independent_rms/resnet/seed_29/bandpass_n20002_cRA_V2_V5_electrode_s10.npz,76214,832a49561421ec1b92a212c6e0290349dd2b413cfbcb11f5f009fc3da560e6ac
resnet,independent_rms,29,bandpass_n20002_cRA_V2_V5_electrode_s5,phase2/results/predictions/full/independent_rms/resnet/seed_29/bandpass_n20002_cRA_V2_V5_electrode_s5.npz,76004,287ff9e1232622ba7870697d155ab46e54d8f6dc3187d30f10d74cedc7a00a7c
resnet,independent_rms,29,bandpass_n20002_cRA_V2_V5_electrode_s0,phase2/results/predictions/full/independent_rms/resnet/seed_29/bandpass_n20002_cRA_V2_V5_electrode_s0.npz,75463,d4d7de0e1c76cd432b2efd396a77684c636b1c8a7e2129f723f85d1d8cbf94d1
resnet,independent_rms,29,bandpass_n20002_cRA_V2_V5_covariance_s20,phase2/results/predictions/full/independent_rms/resnet/seed_29/bandpass_n20002_cRA_V2_V5_covariance_s20.npz,76403,a1ff3c495cb1f80e94767d9092d35d0a77c8d81257a6d1e72456751037cbe2cd
resnet,independent_rms,29,bandpass_n20002_cRA_V2_V5_covariance_s15,phase2/results/predictions/full/independent_rms/resnet/seed_29/bandpass_n20002_cRA_V2_V5_covariance_s15.npz,76337,409495d5dd198f71904ca95e9615bb9f9568441c2246499b708a7104cba2623c
resnet,independent_rms,29,bandpass_n20002_cRA_V2_V5_covariance_s10,phase2/results/predictions/full/independent_rms/resnet/seed_29/bandpass_n20002_cRA_V2_V5_covariance_s10.npz,76278,6a0b92fe19fbb7e7662e50dd370a10de9456a63060c916423d78ba3e6dc78709
resnet,independent_rms,29,bandpass_n20002_cRA_V2_V5_covariance_s5,phase2/results/predictions/full/independent_rms/resnet/seed_29/bandpass_n20002_cRA_V2_V5_covariance_s5.npz,76013,09adcb54d1f98bc912a25d321de8a9ee767814484a6cc80f3ca98a6fcc8564ab
resnet,independent_rms,29,bandpass_n20002_cRA_V2_V5_covariance_s0,phase2/results/predictions/full/independent_rms/resnet/seed_29/bandpass_n20002_cRA_V2_V5_covariance_s0.npz,75404,3ed4caa241b047b9149b0869d5cc404318ee4d327f326159cac07d5066f03274
resnet,independent_rms,29,bandpass_n20002_cLA_V3_V6_independent_rms_s20,phase2/results/predictions/full/independent_rms/resnet/seed_29/bandpass_n20002_cLA_V3_V6_independent_rms_s20.npz,76416,11e5e9873d32903755754d89afae4b03429f90418b94e37ca5a7a3489970886b
resnet,independent_rms,29,bandpass_n20002_cLA_V3_V6_independent_rms_s15,phase2/results/predictions/full/independent_rms/resnet/seed_29/bandpass_n20002_cLA_V3_V6_independent_rms_s15.npz,76358,01828135c7f3675d0d270da118af53aa8a9056b53029ba8807d72f91e1b0e082
resnet,independent_rms,29,bandpass_n20002_cLA_V3_V6_independent_rms_s10,phase2/results/predictions/full/independent_rms/resnet/seed_29/bandpass_n20002_cLA_V3_V6_independent_rms_s10.npz,76328,c08ccd8f50734adf58d1504f637b29e2b680d8889b518fc1491a771b3c93cf21
resnet,independent_rms,29,bandpass_n20002_cLA_V3_V6_independent_rms_s5,phase2/results/predictions/full/independent_rms/resnet/seed_29/bandpass_n20002_cLA_V3_V6_independent_rms_s5.npz,76132,886b22aa9c3fba3b07d1a03f040eafb983fa07bb0dd3d476dd07c04613af0785
resnet,independent_rms,29,bandpass_n20002_cLA_V3_V6_independent_rms_s0,phase2/results/predictions/full/independent_rms/resnet/seed_29/bandpass_n20002_cLA_V3_V6_independent_rms_s0.npz,75734,fb0774ec6798407011a727e1f32a64dc9b901fbfba3e18429998474b322ce235
resnet,independent_rms,29,bandpass_n20002_cLA_V3_V6_electrode_s20,phase2/results/predictions/full/independent_rms/resnet/seed_29/bandpass_n20002_cLA_V3_V6_electrode_s20.npz,76374,13617f9b339e201b1c0ce87db18d24125408c7107a010d84c2e6fb66f9d720a5
resnet,independent_rms,29,bandpass_n20002_cLA_V3_V6_electrode_s15,phase2/results/predictions/full/independent_rms/resnet/seed_29/bandpass_n20002_cLA_V3_V6_electrode_s15.npz,76345,1f8ba580dc4ecf53112c91808cb1655ede4528b15feafbbe7ff986e8a9c48aae
resnet,independent_rms,29,bandpass_n20002_cLA_V3_V6_electrode_s10,phase2/results/predictions/full/independent_rms/resnet/seed_29/bandpass_n20002_cLA_V3_V6_electrode_s10.npz,76263,29f830c053a4cc6ca71411ba5cfe0789f0bb8c7e257dcc39626dbd20bf30b246
resnet,independent_rms,29,bandpass_n20002_cLA_V3_V6_electrode_s5,phase2/results/predictions/full/independent_rms/resnet/seed_29/bandpass_n20002_cLA_V3_V6_electrode_s5.npz,76034,563371fbef33952e112c957d945397a2218a6a4a853cfcbc3a349234c220e530
resnet,independent_rms,29,bandpass_n20002_cLA_V3_V6_electrode_s0,phase2/results/predictions/full/independent_rms/resnet/seed_29/bandpass_n20002_cLA_V3_V6_electrode_s0.npz,75557,b9b3f9ba8a184dc2f440f5eddc9f313c72721cadb43b0476402ecb18beedc19c
resnet,independent_rms,29,bandpass_n20002_cLA_V3_V6_covariance_s20,phase2/results/predictions/full/independent_rms/resnet/seed_29/bandpass_n20002_cLA_V3_V6_covariance_s20.npz,76401,98a05945467636afcfa026b9d55d1e227f7119d2b80e825a04475cf2995ba877
resnet,independent_rms,29,bandpass_n20002_cLA_V3_V6_covariance_s15,phase2/results/predictions/full/independent_rms/resnet/seed_29/bandpass_n20002_cLA_V3_V6_covariance_s15.npz,76349,8c0f6123b8fb6486dca3a3d863f37a4b2efb50680d591fa4f204eaac4c494ade
resnet,independent_rms,29,bandpass_n20002_cLA_V3_V6_covariance_s10,phase2/results/predictions/full/independent_rms/resnet/seed_29/bandpass_n20002_cLA_V3_V6_covariance_s10.npz,76273,dc8d73779b00f5d6b493f199e928b6caf83100e9b113ca60e87f5264569b07b1
resnet,independent_rms,29,bandpass_n20002_cLA_V3_V6_covariance_s5,phase2/results/predictions/full/independent_rms/resnet/seed_29/bandpass_n20002_cLA_V3_V6_covariance_s5.npz,76057,d2c7aa5b3e1e7610f15d01ad8cf5f33691f8b1b234cb7f8fec59a193757be9ff
resnet,independent_rms,29,bandpass_n20002_cLA_V3_V6_covariance_s0,phase2/results/predictions/full/independent_rms/resnet/seed_29/bandpass_n20002_cLA_V3_V6_covariance_s0.npz,75570,9a4a57478e819f8a0788988ca99b861be5fbe2e49a08eaf457d4661451b0bc73
resnet,independent_rms,29,bandpass_n20002_cLL_V1_V4_independent_rms_s20,phase2/results/predictions/full/independent_rms/resnet/seed_29/bandpass_n20002_cLL_V1_V4_independent_rms_s20.npz,76408,df7ec867eb7b4a09a2209116b1b1f1153233794539066c83303dbcac69a3ec20
resnet,independent_rms,29,bandpass_n20002_cLL_V1_V4_independent_rms_s15,phase2/results/predictions/full/independent_rms/resnet/seed_29/bandpass_n20002_cLL_V1_V4_independent_rms_s15.npz,76378,cde61af1b479e2b9c991afc9b7f6419147930caacde45335dfe408f0bf83e305
resnet,independent_rms,29,bandpass_n20002_cLL_V1_V4_independent_rms_s10,phase2/results/predictions/full/independent_rms/resnet/seed_29/bandpass_n20002_cLL_V1_V4_independent_rms_s10.npz,76308,f0e796eaa7d8c1e53c4baadd6a30c7108e5e37340a70683d9f00797613aedf38
resnet,independent_rms,29,bandpass_n20002_cLL_V1_V4_independent_rms_s5,phase2/results/predictions/full/independent_rms/resnet/seed_29/bandpass_n20002_cLL_V1_V4_independent_rms_s5.npz,76126,d86bd95171a7bef07acead47bd0c1026595b773cfaaf696792d563d5552f0807
resnet,independent_rms,29,bandpass_n20002_cLL_V1_V4_independent_rms_s0,phase2/results/predictions/full/independent_rms/resnet/seed_29/bandpass_n20002_cLL_V1_V4_independent_rms_s0.npz,75643,3cdfc13c2a746537542c2dd284d9a0586003a817bf910db4070c276bfd9984b6
resnet,independent_rms,29,bandpass_n20002_cLL_V1_V4_electrode_s20,phase2/results/predictions/full/independent_rms/resnet/seed_29/bandpass_n20002_cLL_V1_V4_electrode_s20.npz,76393,e075f4475ae30d0a824d2f90e2b095434d022f60d3a6a87f0afbbea3ea5ba9e5
resnet,independent_rms,29,bandpass_n20002_cLL_V1_V4_electrode_s15,phase2/results/predictions/full/independent_rms/resnet/seed_29/bandpass_n20002_cLL_V1_V4_electrode_s15.npz,76371,9a2babf64b23f28cfeaf8cca0992ca4f7bc19cb6d114a4434373884739185265
resnet,independent_rms,29,bandpass_n20002_cLL_V1_V4_electrode_s10,phase2/results/predictions/full/independent_rms/resnet/seed_29/bandpass_n20002_cLL_V1_V4_electrode_s10.npz,76218,fe1e3dd9270d2f7d83594c032940dd97616edfd7c12570c6ddd17034e236df32
resnet,independent_rms,29,bandpass_n20002_cLL_V1_V4_electrode_s5,phase2/results/predictions/full/independent_rms/resnet/seed_29/bandpass_n20002_cLL_V1_V4_electrode_s5.npz,75986,6d6da1fadfd776abd721aa71dfcda12e80f224b43c0d080ca548f604b9b7f591
resnet,independent_rms,29,bandpass_n20002_cLL_V1_V4_electrode_s0,phase2/results/predictions/full/independent_rms/resnet/seed_29/bandpass_n20002_cLL_V1_V4_electrode_s0.npz,75662,91f00de5f772483c19dd8be3c195e28a6db5f3cca0cf7230bb59bc3af240e1fc
resnet,independent_rms,29,bandpass_n20002_cLL_V1_V4_covariance_s20,phase2/results/predictions/full/independent_rms/resnet/seed_29/bandpass_n20002_cLL_V1_V4_covariance_s20.npz,76398,59b2790dab4abe323c7dd9ce1ecd0704edb737e442d9d7bba4b0a56f3036f317
resnet,independent_rms,29,bandpass_n20002_cLL_V1_V4_covariance_s15,phase2/results/predictions/full/independent_rms/resnet/seed_29/bandpass_n20002_cLL_V1_V4_covariance_s15.npz,76334,0268d861b008008ae6058817a1b121494106272151de848a81f5455d0300635e
resnet,independent_rms,29,bandpass_n20002_cLL_V1_V4_covariance_s10,phase2/results/predictions/full/independent_rms/resnet/seed_29/bandpass_n20002_cLL_V1_V4_covariance_s10.npz,76244,a0452c13e97ca18611c0b207dba84fcf7b6696e4527a365c3910240029120450
resnet,independent_rms,29,bandpass_n20002_cLL_V1_V4_covariance_s5,phase2/results/predictions/full/independent_rms/resnet/seed_29/bandpass_n20002_cLL_V1_V4_covariance_s5.npz,76004,b841e3303e463128e9f9147c24c9cd56b64e5043787d1f3d4650326a487c0fe8
resnet,independent_rms,29,bandpass_n20002_cLL_V1_V4_covariance_s0,phase2/results/predictions/full/independent_rms/resnet/seed_29/bandpass_n20002_cLL_V1_V4_covariance_s0.npz,75684,6c17a9b013b3461e725a980a2a69a30724a92a649cf7a8c55df725b21c9c0271
resnet,independent_rms,29,bandpass_n20002_call_independent_rms_s20,phase2/results/predictions/full/independent_rms/resnet/seed_29/bandpass_n20002_call_independent_rms_s20.npz,76363,c13de41edbfaec19a0fe8a0cf443a9d2f49b1fc0518181693d0ff9da8ef5c0c2
resnet,independent_rms,29,bandpass_n20002_call_independent_rms_s15,phase2/results/predictions/full/independent_rms/resnet/seed_29/bandpass_n20002_call_independent_rms_s15.npz,76299,e5b6f4cd5b32b8f4f1b66ecaddb4b23c4dcd87fcfacc512c9314ae7487eae687
resnet,independent_rms,29,bandpass_n20002_call_independent_rms_s10,phase2/results/predictions/full/independent_rms/resnet/seed_29/bandpass_n20002_call_independent_rms_s10.npz,76284,83b9761cbf941a523d7575154712e00dc3e463999f8c36dbefd8b093b7e1e5c5
resnet,independent_rms,29,bandpass_n20002_call_independent_rms_s5,phase2/results/predictions/full/independent_rms/resnet/seed_29/bandpass_n20002_call_independent_rms_s5.npz,76114,9fbcdff8f4e40a47b82026d5bf44349c0349012504c03ce6cbcf4b3194690048
resnet,independent_rms,29,bandpass_n20002_call_independent_rms_s0,phase2/results/predictions/full/independent_rms/resnet/seed_29/bandpass_n20002_call_independent_rms_s0.npz,75667,3e7a997d2a523520d1b27ebf5af010f13fdeaaebd8c6a03dc3aca4c5dda19d33
resnet,independent_rms,29,bandpass_n20002_call_electrode_s20,phase2/results/predictions/full/independent_rms/resnet/seed_29/bandpass_n20002_call_electrode_s20.npz,76336,c127ffce69957ef8d9122ff9a5bc615073ad3b1384944b207b2f93867df504fc
resnet,independent_rms,29,bandpass_n20002_call_electrode_s15,phase2/results/predictions/full/independent_rms/resnet/seed_29/bandpass_n20002_call_electrode_s15.npz,76333,fb5945b96228e93b87460bbced5e721fd067332beff1533b0cb0acdadadf1a26
resnet,independent_rms,29,bandpass_n20002_call_electrode_s10,phase2/results/predictions/full/independent_rms/resnet/seed_29/bandpass_n20002_call_electrode_s10.npz,76224,f41b6552d72edf4213cc097c4b2d1eb805c1a852742e10abdad42c3e2a565dcf
resnet,independent_rms,29,bandpass_n20002_call_electrode_s5,phase2/results/predictions/full/independent_rms/resnet/seed_29/bandpass_n20002_call_electrode_s5.npz,75994,93de78e12161660b295d7c8b4a8b09456f4e1d856a3ba4e1490ff15ff294d7f1
resnet,independent_rms,29,bandpass_n20002_call_electrode_s0,phase2/results/predictions/full/independent_rms/resnet/seed_29/bandpass_n20002_call_electrode_s0.npz,75490,877f6d4e9e0e3ae3d0b577aaf6b468f30fb65e8035322054debab60ee2f6932f
resnet,independent_rms,29,bandpass_n20002_call_covariance_s20,phase2/results/predictions/full/independent_rms/resnet/seed_29/bandpass_n20002_call_covariance_s20.npz,76343,1dbb1f442201c692ff6d44a6cf36879e9ee54f09f2e5b70cebafff416d22791b
resnet,independent_rms,29,bandpass_n20002_call_covariance_s15,phase2/results/predictions/full/independent_rms/resnet/seed_29/bandpass_n20002_call_covariance_s15.npz,76308,74cf6ac30369f5712a6e2f78add4840a84f6fc8a3bacaf57b769d26c725c5396
resnet,independent_rms,29,bandpass_n20002_call_covariance_s10,phase2/results/predictions/full/independent_rms/resnet/seed_29/bandpass_n20002_call_covariance_s10.npz,76187,61b19f36086def22d522fe6edb648f45957b5292e529ee820948b81d366bb89f
resnet,independent_rms,29,bandpass_n20002_call_covariance_s5,phase2/results/predictions/full/independent_rms/resnet/seed_29/bandpass_n20002_call_covariance_s5.npz,75958,703a226a5ded3dc0b5f3c44b92092b3cde55d5064ad339b9e0b4cce7f68ca7cc
resnet,independent_rms,29,bandpass_n20002_call_covariance_s0,phase2/results/predictions/full/independent_rms/resnet/seed_29/bandpass_n20002_call_covariance_s0.npz,75496,4c8c8ba6feb18fda0875e54be4f9a1d41911437fe6eed51de30381fce0a1cba7
resnet,independent_rms,29,bandpass_n20003_cRA_LA_LL_independent_rms_s20,phase2/results/predictions/full/independent_rms/resnet/seed_29/bandpass_n20003_cRA_LA_LL_independent_rms_s20.npz,76385,0dc183e5bb78821272b6a3e3d595852c0c1eee8cf2ba525236b32b6df23f09e6
resnet,independent_rms,29,bandpass_n20003_cRA_LA_LL_independent_rms_s15,phase2/results/predictions/full/independent_rms/resnet/seed_29/bandpass_n20003_cRA_LA_LL_independent_rms_s15.npz,76365,8ff3f6b91091322e9b394e0bc784d0997b0443622de62ff72de94e1515d55955
resnet,independent_rms,29,bandpass_n20003_cRA_LA_LL_independent_rms_s10,phase2/results/predictions/full/independent_rms/resnet/seed_29/bandpass_n20003_cRA_LA_LL_independent_rms_s10.npz,76307,4de1fd343cd5855cf59557debe45466aa5c5c24fe510727e8ba21d7ec4b7daef
resnet,independent_rms,29,bandpass_n20003_cRA_LA_LL_independent_rms_s5,phase2/results/predictions/full/independent_rms/resnet/seed_29/bandpass_n20003_cRA_LA_LL_independent_rms_s5.npz,76068,200124546a7295c39581ebb677753a4ebe2c0ae408855a43936de0936dfd98d4
resnet,independent_rms,29,bandpass_n20003_cRA_LA_LL_independent_rms_s0,phase2/results/predictions/full/independent_rms/resnet/seed_29/bandpass_n20003_cRA_LA_LL_independent_rms_s0.npz,75640,546597b787a13e9cfb7ce794a9531c51378126b9e612cb465531672c0ae8b92b
resnet,independent_rms,29,bandpass_n20003_cRA_LA_LL_electrode_s20,phase2/results/predictions/full/independent_rms/resnet/seed_29/bandpass_n20003_cRA_LA_LL_electrode_s20.npz,76375,54e562e09518c1b2c3d2ff0197bac7e44ba78cfafa13cc61037a8a4a0eb0f037
resnet,independent_rms,29,bandpass_n20003_cRA_LA_LL_electrode_s15,phase2/results/predictions/full/independent_rms/resnet/seed_29/bandpass_n20003_cRA_LA_LL_electrode_s15.npz,76356,fec6699f1bfcc7a476d43d0e579348e8d7353e6a109bc79ed0687e35c27ac3a6
resnet,independent_rms,29,bandpass_n20003_cRA_LA_LL_electrode_s10,phase2/results/predictions/full/independent_rms/resnet/seed_29/bandpass_n20003_cRA_LA_LL_electrode_s10.npz,76215,fd67c964ab41f3cf2324291c98a2e4bacaf64f742f64f9ece760910187a654d9
resnet,independent_rms,29,bandpass_n20003_cRA_LA_LL_electrode_s5,phase2/results/predictions/full/independent_rms/resnet/seed_29/bandpass_n20003_cRA_LA_LL_electrode_s5.npz,75925,6fb98023d9bf691ff40a01f54747c7cae8e41f822a928e3de6f17d0da11f980b
resnet,independent_rms,29,bandpass_n20003_cRA_LA_LL_electrode_s0,phase2/results/predictions/full/independent_rms/resnet/seed_29/bandpass_n20003_cRA_LA_LL_electrode_s0.npz,75502,42f19a3aa21b3f650f3064fb756c081bdb1ae5a0309a3d2199cd3da7bcd43baa
resnet,independent_rms,29,bandpass_n20003_cRA_LA_LL_covariance_s20,phase2/results/predictions/full/independent_rms/resnet/seed_29/bandpass_n20003_cRA_LA_LL_covariance_s20.npz,76417,e5df548dec58ff64572f3c0d46f633fdd4bea7384f4925e33547d694009b6fbf
resnet,independent_rms,29,bandpass_n20003_cRA_LA_LL_covariance_s15,phase2/results/predictions/full/independent_rms/resnet/seed_29/bandpass_n20003_cRA_LA_LL_covariance_s15.npz,76308,156b51ca83739091107ea291a3177b4fa8957ce4e390e62fe2972f9f49ea56b2
resnet,independent_rms,29,bandpass_n20003_cRA_LA_LL_covariance_s10,phase2/results/predictions/full/independent_rms/resnet/seed_29/bandpass_n20003_cRA_LA_LL_covariance_s10.npz,76198,856e50cc7865898bc5f09d86beb73386c60d5ff2f2230051ce7fc17518aec752
resnet,independent_rms,29,bandpass_n20003_cRA_LA_LL_covariance_s5,phase2/results/predictions/full/independent_rms/resnet/seed_29/bandpass_n20003_cRA_LA_LL_covariance_s5.npz,75910,70d81418307e796e0a8b956b60a092cb042d324c3ce7e761feba39b4712f8366
resnet,independent_rms,29,bandpass_n20003_cRA_LA_LL_covariance_s0,phase2/results/predictions/full/independent_rms/resnet/seed_29/bandpass_n20003_cRA_LA_LL_covariance_s0.npz,75518,a36bcc636e972a541f15e9069372fcc4ec24d29e970af30896d230bb6de82136
resnet,independent_rms,29,bandpass_n20003_cV1_independent_rms_s20,phase2/results/predictions/full/independent_rms/resnet/seed_29/bandpass_n20003_cV1_independent_rms_s20.npz,76369,5b6eba929605f64b39b3ee9c6c8862bf9f1fc84e9ea610fa0f42eecb63dc0bd0
resnet,independent_rms,29,bandpass_n20003_cV1_independent_rms_s15,phase2/results/predictions/full/independent_rms/resnet/seed_29/bandpass_n20003_cV1_independent_rms_s15.npz,76360,d0f74e765847f3b86a82b9577ffeddd530276bad28fa0f060236b961ba553117
resnet,independent_rms,29,bandpass_n20003_cV1_independent_rms_s10,phase2/results/predictions/full/independent_rms/resnet/seed_29/bandpass_n20003_cV1_independent_rms_s10.npz,76315,612251c5b246128e14cd149c174819f9f5a56fcf8ef53aa652f872a52978bb97
resnet,independent_rms,29,bandpass_n20003_cV1_independent_rms_s5,phase2/results/predictions/full/independent_rms/resnet/seed_29/bandpass_n20003_cV1_independent_rms_s5.npz,76143,8bcf383b762c3bb02e6ba3c8437e6916c6bbd96b932065b148ca69b95549bd59
resnet,independent_rms,29,bandpass_n20003_cV1_independent_rms_s0,phase2/results/predictions/full/independent_rms/resnet/seed_29/bandpass_n20003_cV1_independent_rms_s0.npz,75614,0059bb4a1bafe494009c9e421b85856d2d76dc6735d6872197798d27ffafad0c
resnet,independent_rms,29,bandpass_n20003_cV1_electrode_s20,phase2/results/predictions/full/independent_rms/resnet/seed_29/bandpass_n20003_cV1_electrode_s20.npz,76357,6c234e8c153d03a3914a88f49b3de4274c62058c5f108c22a1145f184e52faa9
resnet,independent_rms,29,bandpass_n20003_cV1_electrode_s15,phase2/results/predictions/full/independent_rms/resnet/seed_29/bandpass_n20003_cV1_electrode_s15.npz,76357,7411c9402efd8efd579cad0894001af5af733090570d69e98171ad97b0f3f19c
resnet,independent_rms,29,bandpass_n20003_cV1_electrode_s10,phase2/results/predictions/full/independent_rms/resnet/seed_29/bandpass_n20003_cV1_electrode_s10.npz,76274,f9828657ac3a9f25e41bb236013f66c4805be62554af77177faec504d42ed13f
resnet,independent_rms,29,bandpass_n20003_cV1_electrode_s5,phase2/results/predictions/full/independent_rms/resnet/seed_29/bandpass_n20003_cV1_electrode_s5.npz,76114,ee3fa536847ae1acff17ea9f7770b9e8eb47b4a65343125224775504f41d684c
resnet,independent_rms,29,bandpass_n20003_cV1_electrode_s0,phase2/results/predictions/full/independent_rms/resnet/seed_29/bandpass_n20003_cV1_electrode_s0.npz,75581,e46d1466a081427667a0eb22eabe64d8b7adcf5d21efa2388e5ac1b6d4beaafa
resnet,independent_rms,29,bandpass_n20003_cV1_covariance_s20,phase2/results/predictions/full/independent_rms/resnet/seed_29/bandpass_n20003_cV1_covariance_s20.npz,76394,8250767c1033d85beffff494e133b1a46455d6c24460bc75696fed14ff7be371
resnet,independent_rms,29,bandpass_n20003_cV1_covariance_s15,phase2/results/predictions/full/independent_rms/resnet/seed_29/bandpass_n20003_cV1_covariance_s15.npz,76356,7f43510a3e889e951b336546e021123af9abbdd00412fd31e9a086684f3a63c5
resnet,independent_rms,29,bandpass_n20003_cV1_covariance_s10,phase2/results/predictions/full/independent_rms/resnet/seed_29/bandpass_n20003_cV1_covariance_s10.npz,76297,6df1921756e0264d67ea4fa94e63f8bd69839eb67a4fb0a9ff86aff0b957b39f
resnet,independent_rms,29,bandpass_n20003_cV1_covariance_s5,phase2/results/predictions/full/independent_rms/resnet/seed_29/bandpass_n20003_cV1_covariance_s5.npz,76082,074d0485ba3196b89d50c858e8fe88a37767c6c346cd1dca359ed80d805035e5
resnet,independent_rms,29,bandpass_n20003_cV1_covariance_s0,phase2/results/predictions/full/independent_rms/resnet/seed_29/bandpass_n20003_cV1_covariance_s0.npz,75625,8e8971d6755e20c852542d982b93dc09a08d8db323dd6ed166a0e08dda223ac6
resnet,independent_rms,29,bandpass_n20003_cV2_independent_rms_s20,phase2/results/predictions/full/independent_rms/resnet/seed_29/bandpass_n20003_cV2_independent_rms_s20.npz,76377,6be174d71a0f6cc5ecc3e37028e1afdba99429f384f5a6eb61353c1ab851ef55
resnet,independent_rms,29,bandpass_n20003_cV2_independent_rms_s15,phase2/results/predictions/full/independent_rms/resnet/seed_29/bandpass_n20003_cV2_independent_rms_s15.npz,76341,a85012e630ff357851d66075242d8744ae93a157ce91f9389e2632fa9e774cca
resnet,independent_rms,29,bandpass_n20003_cV2_independent_rms_s10,phase2/results/predictions/full/independent_rms/resnet/seed_29/bandpass_n20003_cV2_independent_rms_s10.npz,76288,130d4e42791a89b77085760ceea0b6eddfdca7b84a8eb2e4a4089989353e07b1
resnet,independent_rms,29,bandpass_n20003_cV2_independent_rms_s5,phase2/results/predictions/full/independent_rms/resnet/seed_29/bandpass_n20003_cV2_independent_rms_s5.npz,76095,25ae0152ccd417392fe176de9b1cc5e4f86d79beacba269a5a389546478e591f
resnet,independent_rms,29,bandpass_n20003_cV2_independent_rms_s0,phase2/results/predictions/full/independent_rms/resnet/seed_29/bandpass_n20003_cV2_independent_rms_s0.npz,75636,f9af52c7245af52254a57fe9f1b9da11d6ed77bee816201c4bd4294c7e66e535
resnet,independent_rms,29,bandpass_n20003_cV2_electrode_s20,phase2/results/predictions/full/independent_rms/resnet/seed_29/bandpass_n20003_cV2_electrode_s20.npz,76340,bc8c371712ff0b45984cc5944645c638210a2c53ff14a4a5ff1ffbbf52df9f57
resnet,independent_rms,29,bandpass_n20003_cV2_electrode_s15,phase2/results/predictions/full/independent_rms/resnet/seed_29/bandpass_n20003_cV2_electrode_s15.npz,76317,3518ca837e43b7a822f6305d485b2caeee19fe075a0ac23e3cdaeddc2a19c5ee
resnet,independent_rms,29,bandpass_n20003_cV2_electrode_s10,phase2/results/predictions/full/independent_rms/resnet/seed_29/bandpass_n20003_cV2_electrode_s10.npz,76283,97db83525086fe0abfeb32e2b45af62786e1ecc45c6e6279cbe846a4e9e4323b
resnet,independent_rms,29,bandpass_n20003_cV2_electrode_s5,phase2/results/predictions/full/independent_rms/resnet/seed_29/bandpass_n20003_cV2_electrode_s5.npz,76099,ba0ba9f7ad489329e8408b2a905a91bb16c042cf09849b4a9a48c7a6d82b4252
resnet,independent_rms,29,bandpass_n20003_cV2_electrode_s0,phase2/results/predictions/full/independent_rms/resnet/seed_29/bandpass_n20003_cV2_electrode_s0.npz,75591,7ee343342061730e06ff58230fb6bdfbc93ad5981c9fc1ee0cfb459d5fb5f61f
resnet,independent_rms,29,bandpass_n20003_cV2_covariance_s20,phase2/results/predictions/full/independent_rms/resnet/seed_29/bandpass_n20003_cV2_covariance_s20.npz,76378,c5f16489c94f1c87259d3b5ebba47dd7390c00c1afc7392db222a01c848a692d
resnet,independent_rms,29,bandpass_n20003_cV2_covariance_s15,phase2/results/predictions/full/independent_rms/resnet/seed_29/bandpass_n20003_cV2_covariance_s15.npz,76367,8716b5dd849b187622d1494a43b62db11ab0f41bf9aaa37cef3e2e16ff7ad1c6
resnet,independent_rms,29,bandpass_n20003_cV2_covariance_s10,phase2/results/predictions/full/independent_rms/resnet/seed_29/bandpass_n20003_cV2_covariance_s10.npz,76310,a50fdcfe4a38b6ffe15c312e0f5edbb988ff76f3cda303051fb674cd67f09a7f
resnet,independent_rms,29,bandpass_n20003_cV2_covariance_s5,phase2/results/predictions/full/independent_rms/resnet/seed_29/bandpass_n20003_cV2_covariance_s5.npz,76101,fdd3462e93a0910866a4dbae3fed9188ad93faa69567e7e436209aa4847a4344
resnet,independent_rms,29,bandpass_n20003_cV2_covariance_s0,phase2/results/predictions/full/independent_rms/resnet/seed_29/bandpass_n20003_cV2_covariance_s0.npz,75605,6461b8cc036f9232423300f00edd2ffe9dc00c0cd93cba6b1e1cbb6fe1c35190
resnet,independent_rms,29,bandpass_n20003_cV3_independent_rms_s20,phase2/results/predictions/full/independent_rms/resnet/seed_29/bandpass_n20003_cV3_independent_rms_s20.npz,76380,c07844084be0bbd64f64695ce3156ad118deb24b6e3d9d21560d2f06e1495fdd
resnet,independent_rms,29,bandpass_n20003_cV3_independent_rms_s15,phase2/results/predictions/full/independent_rms/resnet/seed_29/bandpass_n20003_cV3_independent_rms_s15.npz,76358,466a019e5e639a5ad1ac617bfe34a80aecc5bdb969345f88df339b714d0ab856
resnet,independent_rms,29,bandpass_n20003_cV3_independent_rms_s10,phase2/results/predictions/full/independent_rms/resnet/seed_29/bandpass_n20003_cV3_independent_rms_s10.npz,76325,d61490c40ed5da62d43327f10f0829f772bce693679fbd1f6f6658725b118cbe
resnet,independent_rms,29,bandpass_n20003_cV3_independent_rms_s5,phase2/results/predictions/full/independent_rms/resnet/seed_29/bandpass_n20003_cV3_independent_rms_s5.npz,76273,858d697ccf0f6b4d7d420f76191f539cfdd0e9ad7f485842a71a22fe4ccb8285
resnet,independent_rms,29,bandpass_n20003_cV3_independent_rms_s0,phase2/results/predictions/full/independent_rms/resnet/seed_29/bandpass_n20003_cV3_independent_rms_s0.npz,75969,1ce2ab26db5f36d9e7c0b172c2b0f4f8581a8af2a22780c008ebc2aa739f1af0
resnet,independent_rms,29,bandpass_n20003_cV3_electrode_s20,phase2/results/predictions/full/independent_rms/resnet/seed_29/bandpass_n20003_cV3_electrode_s20.npz,76370,a15b6cfa9c374622806e5235195b14dc083153a8ac138220dd355841ea6a8772
resnet,independent_rms,29,bandpass_n20003_cV3_electrode_s15,phase2/results/predictions/full/independent_rms/resnet/seed_29/bandpass_n20003_cV3_electrode_s15.npz,76362,a640239bd2a9dc4940aa2314617ede5e1511c22ea5f578b330f40683e21eea50
resnet,independent_rms,29,bandpass_n20003_cV3_electrode_s10,phase2/results/predictions/full/independent_rms/resnet/seed_29/bandpass_n20003_cV3_electrode_s10.npz,76355,0a4dac763f3c23ac76b874f29b0647ebe6a98788a8ff30182d798bd7a30190a3
resnet,independent_rms,29,bandpass_n20003_cV3_electrode_s5,phase2/results/predictions/full/independent_rms/resnet/seed_29/bandpass_n20003_cV3_electrode_s5.npz,76233,f20ceea9d478127b74ca999b1f13e1f4d1feb89dfe77e8cd048c71b57ee63c16
resnet,independent_rms,29,bandpass_n20003_cV3_electrode_s0,phase2/results/predictions/full/independent_rms/resnet/seed_29/bandpass_n20003_cV3_electrode_s0.npz,75938,77c1c109909f30dc5172af1777256e94976c6f3baec31dfee286f73a7462af54
resnet,independent_rms,29,bandpass_n20003_cV3_covariance_s20,phase2/results/predictions/full/independent_rms/resnet/seed_29/bandpass_n20003_cV3_covariance_s20.npz,76396,b05e91634cb0f6b39e8659a060bf0b687d83852ee2ea5bfc5990959e5294c46d
resnet,independent_rms,29,bandpass_n20003_cV3_covariance_s15,phase2/results/predictions/full/independent_rms/resnet/seed_29/bandpass_n20003_cV3_covariance_s15.npz,76387,5790bf0a4ce8b1ad7b32d5408db83ede24ba8d651a9260bce0dacb4c40d24c56
resnet,independent_rms,29,bandpass_n20003_cV3_covariance_s10,phase2/results/predictions/full/independent_rms/resnet/seed_29/bandpass_n20003_cV3_covariance_s10.npz,76307,f62b4aaa2e9888c748b5c6eb60775a664d4c3e2a9d45825a68c77bd2e5772a91
resnet,independent_rms,29,bandpass_n20003_cV3_covariance_s5,phase2/results/predictions/full/independent_rms/resnet/seed_29/bandpass_n20003_cV3_covariance_s5.npz,76248,57172895dc08ff8472e3b2123bb90a8f7fa8e68ec8b306c3c709743fa1ca909f
resnet,independent_rms,29,bandpass_n20003_cV3_covariance_s0,phase2/results/predictions/full/independent_rms/resnet/seed_29/bandpass_n20003_cV3_covariance_s0.npz,75933,bb11e301fb03405b4f7a3d49be8687a3e21a58f1809cdacb8a1419d9c78f53cb
resnet,independent_rms,29,bandpass_n20003_cV4_independent_rms_s20,phase2/results/predictions/full/independent_rms/resnet/seed_29/bandpass_n20003_cV4_independent_rms_s20.npz,76385,adcf2ae85539d07c2fcf4caaccc205778dc8145906994ef4de46751068d0f7dd
resnet,independent_rms,29,bandpass_n20003_cV4_independent_rms_s15,phase2/results/predictions/full/independent_rms/resnet/seed_29/bandpass_n20003_cV4_independent_rms_s15.npz,76385,d11263e205ae3b9083745238d4c117b0d6bfb1ba5833dd3e45722e36910d3589
resnet,independent_rms,29,bandpass_n20003_cV4_independent_rms_s10,phase2/results/predictions/full/independent_rms/resnet/seed_29/bandpass_n20003_cV4_independent_rms_s10.npz,76341,f9b38294bc0e11d33ebefc42acf54015c64f308c6b8fce977cf5b78b7a246f41
resnet,independent_rms,29,bandpass_n20003_cV4_independent_rms_s5,phase2/results/predictions/full/independent_rms/resnet/seed_29/bandpass_n20003_cV4_independent_rms_s5.npz,76229,95b71b0dba2161122cf96ad572bbc0d0f03038effd3a0f007e315b440ea49135
resnet,independent_rms,29,bandpass_n20003_cV4_independent_rms_s0,phase2/results/predictions/full/independent_rms/resnet/seed_29/bandpass_n20003_cV4_independent_rms_s0.npz,75905,c7b862f31700f4c150c6b95880f7dc411b75883511111216a253ba5de129e71d
resnet,independent_rms,29,bandpass_n20003_cV4_electrode_s20,phase2/results/predictions/full/independent_rms/resnet/seed_29/bandpass_n20003_cV4_electrode_s20.npz,76396,986e8aa0e264e53a1a7644685a294f6f787586e44b6f34ac2650a29b377436cb
resnet,independent_rms,29,bandpass_n20003_cV4_electrode_s15,phase2/results/predictions/full/independent_rms/resnet/seed_29/bandpass_n20003_cV4_electrode_s15.npz,76376,ca68a4f2d28cf80845b0f01217b080281c5f89d1adb41e64b1760fca0ad49df8
resnet,independent_rms,29,bandpass_n20003_cV4_electrode_s10,phase2/results/predictions/full/independent_rms/resnet/seed_29/bandpass_n20003_cV4_electrode_s10.npz,76321,e1225ea6dbb9cdcb3339963e53062039dd0d0c3b1daa624578c3dbf5cc217976
resnet,independent_rms,29,bandpass_n20003_cV4_electrode_s5,phase2/results/predictions/full/independent_rms/resnet/seed_29/bandpass_n20003_cV4_electrode_s5.npz,76222,83cc2fb07d99c6dcaae3b5d2abc8cae9a63dcef6d86279f6bbfd6bfe0bc5d313
resnet,independent_rms,29,bandpass_n20003_cV4_electrode_s0,phase2/results/predictions/full/independent_rms/resnet/seed_29/bandpass_n20003_cV4_electrode_s0.npz,75841,f4bd23d29ce4adb1988ab20a2b60c1a9aa5ec21b46659ede557922b85044b30d
resnet,independent_rms,29,bandpass_n20003_cV4_covariance_s20,phase2/results/predictions/full/independent_rms/resnet/seed_29/bandpass_n20003_cV4_covariance_s20.npz,76371,629bd9eeb4d3a888088b91a7700861906d13333e6233746592966db21568c696
resnet,independent_rms,29,bandpass_n20003_cV4_covariance_s15,phase2/results/predictions/full/independent_rms/resnet/seed_29/bandpass_n20003_cV4_covariance_s15.npz,76326,d5663a3f835a01b06a15856a75909d41b938fd4a3c5578d808d1a43309cfb1fa
resnet,independent_rms,29,bandpass_n20003_cV4_covariance_s10,phase2/results/predictions/full/independent_rms/resnet/seed_29/bandpass_n20003_cV4_covariance_s10.npz,76349,1fa36267e9fcc90ac47e4f2578605e787fa6e23c217b009d87be54e02be2dc9e
resnet,independent_rms,29,bandpass_n20003_cV4_covariance_s5,phase2/results/predictions/full/independent_rms/resnet/seed_29/bandpass_n20003_cV4_covariance_s5.npz,76221,d9c20644a9809f5a389b79ca1370870f5b5d97a1e2f573f94c44cc1dbe6342d7
resnet,independent_rms,29,bandpass_n20003_cV4_covariance_s0,phase2/results/predictions/full/independent_rms/resnet/seed_29/bandpass_n20003_cV4_covariance_s0.npz,75895,d70862de0358d06c20e6416778964dbf6d4d0c362f92adb0a159886245b6d02a
resnet,independent_rms,29,bandpass_n20003_cV5_independent_rms_s20,phase2/results/predictions/full/independent_rms/resnet/seed_29/bandpass_n20003_cV5_independent_rms_s20.npz,76396,f9b243d3f44759f35555545de36625fc05e392634e41fbd39fdaf874ec3f772b
resnet,independent_rms,29,bandpass_n20003_cV5_independent_rms_s15,phase2/results/predictions/full/independent_rms/resnet/seed_29/bandpass_n20003_cV5_independent_rms_s15.npz,76344,a6e89fa30615ae5460ad4b13ad59527e764e8aa64f5b47f50397f3794413b953
resnet,independent_rms,29,bandpass_n20003_cV5_independent_rms_s10,phase2/results/predictions/full/independent_rms/resnet/seed_29/bandpass_n20003_cV5_independent_rms_s10.npz,76308,5d3efe141c5e34e8313a6387178f5d81e4108a1507bcaa5379553bb0dd364047
resnet,independent_rms,29,bandpass_n20003_cV5_independent_rms_s5,phase2/results/predictions/full/independent_rms/resnet/seed_29/bandpass_n20003_cV5_independent_rms_s5.npz,76137,82f7b8ea2ef25a20e2cc8eb73eb247c337c037d39178bed8e4f29fa74c74c951
resnet,independent_rms,29,bandpass_n20003_cV5_independent_rms_s0,phase2/results/predictions/full/independent_rms/resnet/seed_29/bandpass_n20003_cV5_independent_rms_s0.npz,75627,3326d937b446cebee6827b9ec34c72f0970d010e6869a62403dcfb8af1dcafbb
resnet,independent_rms,29,bandpass_n20003_cV5_electrode_s20,phase2/results/predictions/full/independent_rms/resnet/seed_29/bandpass_n20003_cV5_electrode_s20.npz,76363,bffd3fca7f5c21612ea002978adb028e1c42bcb938d3360d79854d1cb4036fd0
resnet,independent_rms,29,bandpass_n20003_cV5_electrode_s15,phase2/results/predictions/full/independent_rms/resnet/seed_29/bandpass_n20003_cV5_electrode_s15.npz,76310,6f9c1cf2f9a6a146e079f518ebcce295162f45ab81b3febbebc02b57739c810a
resnet,independent_rms,29,bandpass_n20003_cV5_electrode_s10,phase2/results/predictions/full/independent_rms/resnet/seed_29/bandpass_n20003_cV5_electrode_s10.npz,76301,39c81f8688d4657be5aca66efb935e50e16cef128a96758da38ef07f365ffee5
resnet,independent_rms,29,bandpass_n20003_cV5_electrode_s5,phase2/results/predictions/full/independent_rms/resnet/seed_29/bandpass_n20003_cV5_electrode_s5.npz,76097,115381a6cae408a573984ed0be910a68d9dc8ac16a36352743879d85bf0e3c4c
resnet,independent_rms,29,bandpass_n20003_cV5_electrode_s0,phase2/results/predictions/full/independent_rms/resnet/seed_29/bandpass_n20003_cV5_electrode_s0.npz,75625,a7e21f85f3b69f0dade80de62ec167c415e1bbabd2ef387c90de9c33a8d9154f
resnet,independent_rms,29,bandpass_n20003_cV5_covariance_s20,phase2/results/predictions/full/independent_rms/resnet/seed_29/bandpass_n20003_cV5_covariance_s20.npz,76374,625e0f0caf87a227d9ce7a18e14f08ff63c0496292053e17f8f4f4304ab4ec18
resnet,independent_rms,29,bandpass_n20003_cV5_covariance_s15,phase2/results/predictions/full/independent_rms/resnet/seed_29/bandpass_n20003_cV5_covariance_s15.npz,76316,6a101ec96286b7b06cbb7b9fc66cc68d647633c4ca9a34d521539054ca5eed54
resnet,independent_rms,29,bandpass_n20003_cV5_covariance_s10,phase2/results/predictions/full/independent_rms/resnet/seed_29/bandpass_n20003_cV5_covariance_s10.npz,76271,663814185f24f2c0aab2e78246a98f071715eb11a4299ed3e8c00ad9c4decc98
resnet,independent_rms,29,bandpass_n20003_cV5_covariance_s5,phase2/results/predictions/full/independent_rms/resnet/seed_29/bandpass_n20003_cV5_covariance_s5.npz,76120,475b75ead145bdb965daaf58d4c46ae5ce0d9f03a865706757f50a2ae3a4b12c
resnet,independent_rms,29,bandpass_n20003_cV5_covariance_s0,phase2/results/predictions/full/independent_rms/resnet/seed_29/bandpass_n20003_cV5_covariance_s0.npz,75610,5c49d67cf08d40285d72c633eec2238d35203efef2d8585515206e9a4982827f
resnet,independent_rms,29,bandpass_n20003_cV6_independent_rms_s20,phase2/results/predictions/full/independent_rms/resnet/seed_29/bandpass_n20003_cV6_independent_rms_s20.npz,76374,3e887cc99b777e0514d48a50590d5a79c5dfca0f15f0cc3e75494b164ad1aaea
resnet,independent_rms,29,bandpass_n20003_cV6_independent_rms_s15,phase2/results/predictions/full/independent_rms/resnet/seed_29/bandpass_n20003_cV6_independent_rms_s15.npz,76365,373ea22af0c8db0a374f605cbea0879bb1003ab88fd71f9d1c626df6e2aca682
resnet,independent_rms,29,bandpass_n20003_cV6_independent_rms_s10,phase2/results/predictions/full/independent_rms/resnet/seed_29/bandpass_n20003_cV6_independent_rms_s10.npz,76278,17605f1f80e4fd16c678b94d0d9910575f3358e044de5ad8165daa1efcd339da
resnet,independent_rms,29,bandpass_n20003_cV6_independent_rms_s5,phase2/results/predictions/full/independent_rms/resnet/seed_29/bandpass_n20003_cV6_independent_rms_s5.npz,76164,5061456422ebd6328fe1f4d8d1af46147006802fa854cd61adca66b6577a2126
resnet,independent_rms,29,bandpass_n20003_cV6_independent_rms_s0,phase2/results/predictions/full/independent_rms/resnet/seed_29/bandpass_n20003_cV6_independent_rms_s0.npz,75774,74fae4cd9588224b5813810e25211cc8c5f413f63b62d1ead29312df9dc8bca0
resnet,independent_rms,29,bandpass_n20003_cV6_electrode_s20,phase2/results/predictions/full/independent_rms/resnet/seed_29/bandpass_n20003_cV6_electrode_s20.npz,76385,0d09f18b3405683693acb11e306b62142206cfee9c8a1615e3766f96a3bae57c
resnet,independent_rms,29,bandpass_n20003_cV6_electrode_s15,phase2/results/predictions/full/independent_rms/resnet/seed_29/bandpass_n20003_cV6_electrode_s15.npz,76350,7d193d5376806f13e873b4a54ec737e46b1e752974d757b0390faf9407371e22
resnet,independent_rms,29,bandpass_n20003_cV6_electrode_s10,phase2/results/predictions/full/independent_rms/resnet/seed_29/bandpass_n20003_cV6_electrode_s10.npz,76280,c1b3a298966d098d2846c59f77bef5f20c3aae612dff604fb76b6dd772adcad5
resnet,independent_rms,29,bandpass_n20003_cV6_electrode_s5,phase2/results/predictions/full/independent_rms/resnet/seed_29/bandpass_n20003_cV6_electrode_s5.npz,76136,5597a5af399c6fb4600426133bdd865b2228685e3738d790b0818df60ac990ac
resnet,independent_rms,29,bandpass_n20003_cV6_electrode_s0,phase2/results/predictions/full/independent_rms/resnet/seed_29/bandpass_n20003_cV6_electrode_s0.npz,75738,759c137782af22f8c638399ccbb2deb4eb1f8a3fc98e5e0675163010cd37401a
resnet,independent_rms,29,bandpass_n20003_cV6_covariance_s20,phase2/results/predictions/full/independent_rms/resnet/seed_29/bandpass_n20003_cV6_covariance_s20.npz,76369,a173149d5d08319ac83973b17c4de38043474c3743dfc7bd506ffd957d7902fd
resnet,independent_rms,29,bandpass_n20003_cV6_covariance_s15,phase2/results/predictions/full/independent_rms/resnet/seed_29/bandpass_n20003_cV6_covariance_s15.npz,76382,45fc96b7b4fefccd3c52ec7d2c9bcac75d3ad17d72c508d38f1c72ec90d32174
resnet,independent_rms,29,bandpass_n20003_cV6_covariance_s10,phase2/results/predictions/full/independent_rms/resnet/seed_29/bandpass_n20003_cV6_covariance_s10.npz,76311,4c0f5991cdb381f16b5ec48140d91742423f8fd236e12d0583310fd13f6036ec
resnet,independent_rms,29,bandpass_n20003_cV6_covariance_s5,phase2/results/predictions/full/independent_rms/resnet/seed_29/bandpass_n20003_cV6_covariance_s5.npz,76137,d7ba7f1948ba718e9f56e22baf8c0bba61ca6ab27d3b262fe7885d7e7cdf04c2
resnet,independent_rms,29,bandpass_n20003_cV6_covariance_s0,phase2/results/predictions/full/independent_rms/resnet/seed_29/bandpass_n20003_cV6_covariance_s0.npz,75761,73cc89a1c09f56db6a54ede4fd45cc5cdc5bedec2fe01769e4db3020d0a16210
resnet,independent_rms,29,bandpass_n20003_cRA_LA_independent_rms_s20,phase2/results/predictions/full/independent_rms/resnet/seed_29/bandpass_n20003_cRA_LA_independent_rms_s20.npz,76404,eb9f62eed353d6609fe0e1b2202ae056abbd34d79c3a10e65053f7cebb33dfb9
resnet,independent_rms,29,bandpass_n20003_cRA_LA_independent_rms_s15,phase2/results/predictions/full/independent_rms/resnet/seed_29/bandpass_n20003_cRA_LA_independent_rms_s15.npz,76349,e2ca1bb3d5d9bcee51f8dc8cab5f75e752d1f3a92ef71e1ac39555531934275a
resnet,independent_rms,29,bandpass_n20003_cRA_LA_independent_rms_s10,phase2/results/predictions/full/independent_rms/resnet/seed_29/bandpass_n20003_cRA_LA_independent_rms_s10.npz,76277,d70b4284f3e09ebcaacc740dae512b77ecfeee0dde7517408fb79aa4a1c807db
resnet,independent_rms,29,bandpass_n20003_cRA_LA_independent_rms_s5,phase2/results/predictions/full/independent_rms/resnet/seed_29/bandpass_n20003_cRA_LA_independent_rms_s5.npz,76109,c4f876ea983733f3a0b9e0afb354114f2b25eb5bd96caadc170e47acca440841
resnet,independent_rms,29,bandpass_n20003_cRA_LA_independent_rms_s0,phase2/results/predictions/full/independent_rms/resnet/seed_29/bandpass_n20003_cRA_LA_independent_rms_s0.npz,75605,517dd26bfeb9805a6848355c69be0f437a7ef844c85b4fc873278654e2b36e70
resnet,independent_rms,29,bandpass_n20003_cRA_LA_electrode_s20,phase2/results/predictions/full/independent_rms/resnet/seed_29/bandpass_n20003_cRA_LA_electrode_s20.npz,76328,7a421aea26180f7c8a99401752bf9b687e0e37edb6be91a829dcfeb9a8742937
resnet,independent_rms,29,bandpass_n20003_cRA_LA_electrode_s15,phase2/results/predictions/full/independent_rms/resnet/seed_29/bandpass_n20003_cRA_LA_electrode_s15.npz,76345,4dd83aa07eb0aab3a8d786814e6ab66d478ddfb9ddb81a3279ca92ec944510a0
resnet,independent_rms,29,bandpass_n20003_cRA_LA_electrode_s10,phase2/results/predictions/full/independent_rms/resnet/seed_29/bandpass_n20003_cRA_LA_electrode_s10.npz,76215,08b54ad63d697f10014092d5cbba1efcf3dd1d1c7579985b8654f553f6ac9528
resnet,independent_rms,29,bandpass_n20003_cRA_LA_electrode_s5,phase2/results/predictions/full/independent_rms/resnet/seed_29/bandpass_n20003_cRA_LA_electrode_s5.npz,75965,3fbfa6c2becb03b19ac3022726367da37f6323bf967b37a69b02a99b71601d02
resnet,independent_rms,29,bandpass_n20003_cRA_LA_electrode_s0,phase2/results/predictions/full/independent_rms/resnet/seed_29/bandpass_n20003_cRA_LA_electrode_s0.npz,75412,5c420aa1c6228b9265b9c5581d9111fa2212fa3b1371ff75217cd550465149f2
resnet,independent_rms,29,bandpass_n20003_cRA_LA_covariance_s20,phase2/results/predictions/full/independent_rms/resnet/seed_29/bandpass_n20003_cRA_LA_covariance_s20.npz,76393,074925b567a647122ad402451523f225ad3e6c00b567be760e99b676f06f5ef5
resnet,independent_rms,29,bandpass_n20003_cRA_LA_covariance_s15,phase2/results/predictions/full/independent_rms/resnet/seed_29/bandpass_n20003_cRA_LA_covariance_s15.npz,76319,518f51651078ba0daf9e3e01621475fc35731490d7724274369561747ffbc2f6
resnet,independent_rms,29,bandpass_n20003_cRA_LA_covariance_s10,phase2/results/predictions/full/independent_rms/resnet/seed_29/bandpass_n20003_cRA_LA_covariance_s10.npz,76217,cba742138e7a46da691c9915f1a5fd10b4b611cbac5e1d12608f3701156723aa
resnet,independent_rms,29,bandpass_n20003_cRA_LA_covariance_s5,phase2/results/predictions/full/independent_rms/resnet/seed_29/bandpass_n20003_cRA_LA_covariance_s5.npz,75963,ac430e2599e8fc30ee6f6dc952168c34052a07971f3fac7665fdafb07b0710f3
resnet,independent_rms,29,bandpass_n20003_cRA_LA_covariance_s0,phase2/results/predictions/full/independent_rms/resnet/seed_29/bandpass_n20003_cRA_LA_covariance_s0.npz,75401,66a1e2dfd9843e42e8c463df2d51fd845319135cec4ef8aaeffe23d284e58803
resnet,independent_rms,29,bandpass_n20003_cLA_LL_independent_rms_s20,phase2/results/predictions/full/independent_rms/resnet/seed_29/bandpass_n20003_cLA_LL_independent_rms_s20.npz,76406,94def1131a4514f4275356d67cbe0b8f6cdad9a96802faa16840c0b088b38c5a
resnet,independent_rms,29,bandpass_n20003_cLA_LL_independent_rms_s15,phase2/results/predictions/full/independent_rms/resnet/seed_29/bandpass_n20003_cLA_LL_independent_rms_s15.npz,76367,c23e680485b2e69c3f2cdc93886e5fa6e043f1e3bf9b11508f4264529508b6e5
resnet,independent_rms,29,bandpass_n20003_cLA_LL_independent_rms_s10,phase2/results/predictions/full/independent_rms/resnet/seed_29/bandpass_n20003_cLA_LL_independent_rms_s10.npz,76291,e778905f5b815bb046fb3d2ad122e13a703fd3f6a00bd61145e5bf75844f5bb2
resnet,independent_rms,29,bandpass_n20003_cLA_LL_independent_rms_s5,phase2/results/predictions/full/independent_rms/resnet/seed_29/bandpass_n20003_cLA_LL_independent_rms_s5.npz,76085,35c9184ef824a0504dd8400cdf3d942dae58e95d00b254de991fbfc7306fd45d
resnet,independent_rms,29,bandpass_n20003_cLA_LL_independent_rms_s0,phase2/results/predictions/full/independent_rms/resnet/seed_29/bandpass_n20003_cLA_LL_independent_rms_s0.npz,75613,1efb08db54c6e16583efee41a7ccfbc52e8603806ea5682accf6cb3718c4b9e6
resnet,independent_rms,29,bandpass_n20003_cLA_LL_electrode_s20,phase2/results/predictions/full/independent_rms/resnet/seed_29/bandpass_n20003_cLA_LL_electrode_s20.npz,76344,4a0d25833e9a8a6f3591be15f042c20437af7507941387d8493693d77bfc719a
resnet,independent_rms,29,bandpass_n20003_cLA_LL_electrode_s15,phase2/results/predictions/full/independent_rms/resnet/seed_29/bandpass_n20003_cLA_LL_electrode_s15.npz,76295,7c5a1d03671ba2a9f7caddf56c98b430a0386fc69c69b930d94b136a500c442b
resnet,independent_rms,29,bandpass_n20003_cLA_LL_electrode_s10,phase2/results/predictions/full/independent_rms/resnet/seed_29/bandpass_n20003_cLA_LL_electrode_s10.npz,76195,41d6d724f5874e47b5936d6c5aeb71137f281123b1c9b515f4b867a4d92048d0
resnet,independent_rms,29,bandpass_n20003_cLA_LL_electrode_s5,phase2/results/predictions/full/independent_rms/resnet/seed_29/bandpass_n20003_cLA_LL_electrode_s5.npz,75952,34947f7c22a0247d2245cc8378e058bcecc6d2459840d7b437129a32bd55b2a5
resnet,independent_rms,29,bandpass_n20003_cLA_LL_electrode_s0,phase2/results/predictions/full/independent_rms/resnet/seed_29/bandpass_n20003_cLA_LL_electrode_s0.npz,75614,94c8202b270070f0f051435b2069ac72ac0f028ba031d388f7409f0dc354eb7b
resnet,independent_rms,29,bandpass_n20003_cLA_LL_covariance_s20,phase2/results/predictions/full/independent_rms/resnet/seed_29/bandpass_n20003_cLA_LL_covariance_s20.npz,76371,59b159de3ba35994bc5f5e793b687c504bd534bed3df67e4657ace7c9a404b9b
resnet,independent_rms,29,bandpass_n20003_cLA_LL_covariance_s15,phase2/results/predictions/full/independent_rms/resnet/seed_29/bandpass_n20003_cLA_LL_covariance_s15.npz,76346,8a4550c41e36062e8ef10bf005806fe95463b2907118ec727eb99bf44e8bbc65
resnet,independent_rms,29,bandpass_n20003_cLA_LL_covariance_s10,phase2/results/predictions/full/independent_rms/resnet/seed_29/bandpass_n20003_cLA_LL_covariance_s10.npz,76222,f2d700a609116d1c21f5907191a4ad062e43ce5761d5231338f798a512defbbe
resnet,independent_rms,29,bandpass_n20003_cLA_LL_covariance_s5,phase2/results/predictions/full/independent_rms/resnet/seed_29/bandpass_n20003_cLA_LL_covariance_s5.npz,75972,e882753fc70c66ac8046920a291bbbfc1d3b71990f23e74877164016993842cb
resnet,independent_rms,29,bandpass_n20003_cLA_LL_covariance_s0,phase2/results/predictions/full/independent_rms/resnet/seed_29/bandpass_n20003_cLA_LL_covariance_s0.npz,75586,3de83e021c70ea83daa4b1c3146d238c55ae5f8112915ec5eed852c450e74341
resnet,independent_rms,29,bandpass_n20003_cRA_LL_independent_rms_s20,phase2/results/predictions/full/independent_rms/resnet/seed_29/bandpass_n20003_cRA_LL_independent_rms_s20.npz,76396,47ae067824afcd90859a40b8fd7e0143791d150f3a23997404f3cfd2d2d7296e
resnet,independent_rms,29,bandpass_n20003_cRA_LL_independent_rms_s15,phase2/results/predictions/full/independent_rms/resnet/seed_29/bandpass_n20003_cRA_LL_independent_rms_s15.npz,76369,abc962d857b87268cdf2a01f1e21a2940a1c1bcf8629d165a350398252fd09ba
resnet,independent_rms,29,bandpass_n20003_cRA_LL_independent_rms_s10,phase2/results/predictions/full/independent_rms/resnet/seed_29/bandpass_n20003_cRA_LL_independent_rms_s10.npz,76263,bd57090f67b898dd6621fbcd0d08574ec3dc4a071d4cd3de5fcc447c4000937d
resnet,independent_rms,29,bandpass_n20003_cRA_LL_independent_rms_s5,phase2/results/predictions/full/independent_rms/resnet/seed_29/bandpass_n20003_cRA_LL_independent_rms_s5.npz,76114,8b18eda118952fcf659ce795f4353bf739128b8ad3b1c892668a030edd9c6949
resnet,independent_rms,29,bandpass_n20003_cRA_LL_independent_rms_s0,phase2/results/predictions/full/independent_rms/resnet/seed_29/bandpass_n20003_cRA_LL_independent_rms_s0.npz,75615,1717e302dcdb4869b638105d4174524883b1347f43c01da2b3576accc314ed19
resnet,independent_rms,29,bandpass_n20003_cRA_LL_electrode_s20,phase2/results/predictions/full/independent_rms/resnet/seed_29/bandpass_n20003_cRA_LL_electrode_s20.npz,76357,07fb08412b8dc8012df15a1959114889d654213504383c3b29a6c2edb326d109
resnet,independent_rms,29,bandpass_n20003_cRA_LL_electrode_s15,phase2/results/predictions/full/independent_rms/resnet/seed_29/bandpass_n20003_cRA_LL_electrode_s15.npz,76323,960f34696d4a6d46e1ae726bf7d48e221ba8f902c6af65b0d0ceb875b8890f73
resnet,independent_rms,29,bandpass_n20003_cRA_LL_electrode_s10,phase2/results/predictions/full/independent_rms/resnet/seed_29/bandpass_n20003_cRA_LL_electrode_s10.npz,76193,8610a624e1596b1b21a663b781e3ed2329c7a265ff434ef04f6ad0d5e946a207
resnet,independent_rms,29,bandpass_n20003_cRA_LL_electrode_s5,phase2/results/predictions/full/independent_rms/resnet/seed_29/bandpass_n20003_cRA_LL_electrode_s5.npz,75911,1ea1f2f1b29e0172794e9e5a5d5539ec908567a5738f146d7ed0f84b18f78acc
resnet,independent_rms,29,bandpass_n20003_cRA_LL_electrode_s0,phase2/results/predictions/full/independent_rms/resnet/seed_29/bandpass_n20003_cRA_LL_electrode_s0.npz,75494,ce11c7c4568c6db2de4a15cd3f53c70ca20fb0c4517afe4a49d4997633639211
resnet,independent_rms,29,bandpass_n20003_cRA_LL_covariance_s20,phase2/results/predictions/full/independent_rms/resnet/seed_29/bandpass_n20003_cRA_LL_covariance_s20.npz,76363,1c6a4fda9a8ce5eb54989270edd1c119d7d5cddac8183f424690800bbf05574a
resnet,independent_rms,29,bandpass_n20003_cRA_LL_covariance_s15,phase2/results/predictions/full/independent_rms/resnet/seed_29/bandpass_n20003_cRA_LL_covariance_s15.npz,76317,e2f04e968a3d8ec27a78bee236ef6285dcecef25dea0c5c8e1bf55fcbab40937
resnet,independent_rms,29,bandpass_n20003_cRA_LL_covariance_s10,phase2/results/predictions/full/independent_rms/resnet/seed_29/bandpass_n20003_cRA_LL_covariance_s10.npz,76183,7b2c52b5103c28397314064fbdd4454417f333dd429bc3d40bde64e068f71f7b
resnet,independent_rms,29,bandpass_n20003_cRA_LL_covariance_s5,phase2/results/predictions/full/independent_rms/resnet/seed_29/bandpass_n20003_cRA_LL_covariance_s5.npz,75941,e0b2e06772432ea4c8018cdb29774bb5b3bae2b60257a43083b977cad7760562
resnet,independent_rms,29,bandpass_n20003_cRA_LL_covariance_s0,phase2/results/predictions/full/independent_rms/resnet/seed_29/bandpass_n20003_cRA_LL_covariance_s0.npz,75526,264b0f320d52c4df3340286ee60c64070a75d65ad925d2dc0cbd91620d7beea7
resnet,independent_rms,29,bandpass_n20003_cRA_independent_rms_s20,phase2/results/predictions/full/independent_rms/resnet/seed_29/bandpass_n20003_cRA_independent_rms_s20.npz,76390,8771294f383037c86656f9a4bb783aea27b9a889f232b41c31280eecabcb5b67
resnet,independent_rms,29,bandpass_n20003_cRA_independent_rms_s15,phase2/results/predictions/full/independent_rms/resnet/seed_29/bandpass_n20003_cRA_independent_rms_s15.npz,76356,c375d4ccc044bfa8fa16b5d50be04f1fc7388a2f1dc66a2b25e690c9fc2ed4e0
resnet,independent_rms,29,bandpass_n20003_cRA_independent_rms_s10,phase2/results/predictions/full/independent_rms/resnet/seed_29/bandpass_n20003_cRA_independent_rms_s10.npz,76286,fdb6a4e4edc1dcaf630e3a9daf6c87cd354a98b0bfff465e81b3306539e96828
resnet,independent_rms,29,bandpass_n20003_cRA_independent_rms_s5,phase2/results/predictions/full/independent_rms/resnet/seed_29/bandpass_n20003_cRA_independent_rms_s5.npz,76101,6b976157a3d7023288dc16cae0363f8346e4763f6f95aff82cfaeaac6fdd1626
resnet,independent_rms,29,bandpass_n20003_cRA_independent_rms_s0,phase2/results/predictions/full/independent_rms/resnet/seed_29/bandpass_n20003_cRA_independent_rms_s0.npz,75585,3763aab31f85842d8ff174542496790ba609588e825b7e155361367c7c6ceddd
resnet,independent_rms,29,bandpass_n20003_cRA_electrode_s20,phase2/results/predictions/full/independent_rms/resnet/seed_29/bandpass_n20003_cRA_electrode_s20.npz,76347,6a36e17ac8d75a63dc7d5263501a354fc8f6b7aea51cc4530b1ac16ea95b3296
resnet,independent_rms,29,bandpass_n20003_cRA_electrode_s15,phase2/results/predictions/full/independent_rms/resnet/seed_29/bandpass_n20003_cRA_electrode_s15.npz,76308,2ab7064d7e5ac9f88315047d0ae1bc7e2d05e5df6d6e412ad2425830451a5bc5
resnet,independent_rms,29,bandpass_n20003_cRA_electrode_s10,phase2/results/predictions/full/independent_rms/resnet/seed_29/bandpass_n20003_cRA_electrode_s10.npz,76195,431c93307296217bff8a2c8b7bb3d6b4ed771f06cfab8bab7c0c6c2952a9201a
resnet,independent_rms,29,bandpass_n20003_cRA_electrode_s5,phase2/results/predictions/full/independent_rms/resnet/seed_29/bandpass_n20003_cRA_electrode_s5.npz,75950,7184208839d12b637f5a9c501c71c855bfe8c6e545102d7d1325825e693f9a3b
resnet,independent_rms,29,bandpass_n20003_cRA_electrode_s0,phase2/results/predictions/full/independent_rms/resnet/seed_29/bandpass_n20003_cRA_electrode_s0.npz,75395,e5d789270c70f620bbc2bf48ebc374d799ed5fbe8d9259dba023df3e225f0520
resnet,independent_rms,29,bandpass_n20003_cRA_covariance_s20,phase2/results/predictions/full/independent_rms/resnet/seed_29/bandpass_n20003_cRA_covariance_s20.npz,76352,e947f0185631ea2c01fc83b2cbcf8dac53f425d6da3e477bdb3ce0999e06e95b
resnet,independent_rms,29,bandpass_n20003_cRA_covariance_s15,phase2/results/predictions/full/independent_rms/resnet/seed_29/bandpass_n20003_cRA_covariance_s15.npz,76266,cb8f1e0890aa0e1dfcc745eeae9a32b667fa1c53eb57ec71405473bc85f4aa52
resnet,independent_rms,29,bandpass_n20003_cRA_covariance_s10,phase2/results/predictions/full/independent_rms/resnet/seed_29/bandpass_n20003_cRA_covariance_s10.npz,76188,43c6e61f54f19b166e91249d53774ad8c71ce9c82a48bdc89b25a7b3dcc164b5
resnet,independent_rms,29,bandpass_n20003_cRA_covariance_s5,phase2/results/predictions/full/independent_rms/resnet/seed_29/bandpass_n20003_cRA_covariance_s5.npz,75935,1a5b7185bd9c3e38dff35fa13c5151247a3cf32a1b8c87d6b048a1fca3fe46f5
resnet,independent_rms,29,bandpass_n20003_cRA_covariance_s0,phase2/results/predictions/full/independent_rms/resnet/seed_29/bandpass_n20003_cRA_covariance_s0.npz,75321,1b5cbbf306e6a58d115a089844b911b96e5bcbc8f08b2a07579c7d6376c57dfd
resnet,independent_rms,29,bandpass_n20003_cLA_independent_rms_s20,phase2/results/predictions/full/independent_rms/resnet/seed_29/bandpass_n20003_cLA_independent_rms_s20.npz,76386,3a86944905e7b4500d710eddf9f7361fe4982bd28f5e28f68fecba8d09cdcc8e
resnet,independent_rms,29,bandpass_n20003_cLA_independent_rms_s15,phase2/results/predictions/full/independent_rms/resnet/seed_29/bandpass_n20003_cLA_independent_rms_s15.npz,76333,70ae2f2a6636ae246cb53fce73717d58e44a00eca3ceeebe9a8992052f985802
resnet,independent_rms,29,bandpass_n20003_cLA_independent_rms_s10,phase2/results/predictions/full/independent_rms/resnet/seed_29/bandpass_n20003_cLA_independent_rms_s10.npz,76330,0f56cd9d9c542b181f73cbea895d1b598c938c69ea6e4290312ba4afee44b2b0
resnet,independent_rms,29,bandpass_n20003_cLA_independent_rms_s5,phase2/results/predictions/full/independent_rms/resnet/seed_29/bandpass_n20003_cLA_independent_rms_s5.npz,76083,f957f43159ffc9700900e6ccd479896a8c871c9970fdf1c24b72ded3eaeff996
resnet,independent_rms,29,bandpass_n20003_cLA_independent_rms_s0,phase2/results/predictions/full/independent_rms/resnet/seed_29/bandpass_n20003_cLA_independent_rms_s0.npz,75683,26d92dc2384a4add9ea90913828298b0a20cf7fee1a71e1f802710b47bdcec41
resnet,independent_rms,29,bandpass_n20003_cLA_electrode_s20,phase2/results/predictions/full/independent_rms/resnet/seed_29/bandpass_n20003_cLA_electrode_s20.npz,76333,be1116f5770484cd02bbb145fd51d1297851965ae7cfa8ad89f351e0303e6ed6
resnet,independent_rms,29,bandpass_n20003_cLA_electrode_s15,phase2/results/predictions/full/independent_rms/resnet/seed_29/bandpass_n20003_cLA_electrode_s15.npz,76320,1f736fe396ae544d77f1be752783f8df95d9724195b45d0e2c030f0413811a8f
resnet,independent_rms,29,bandpass_n20003_cLA_electrode_s10,phase2/results/predictions/full/independent_rms/resnet/seed_29/bandpass_n20003_cLA_electrode_s10.npz,76203,b42abdbd2ca780ad3fdedda1442f8be72a591ebc181130ea8918378ca132c08c
resnet,independent_rms,29,bandpass_n20003_cLA_electrode_s5,phase2/results/predictions/full/independent_rms/resnet/seed_29/bandpass_n20003_cLA_electrode_s5.npz,75947,44b85b53bb808157bc09ff65fd55d7ff99a6b483e5155ee2cbab7eab4d5e3c17
resnet,independent_rms,29,bandpass_n20003_cLA_electrode_s0,phase2/results/predictions/full/independent_rms/resnet/seed_29/bandpass_n20003_cLA_electrode_s0.npz,75473,bdddcf7d7279ffd07acef2ab3fc520d103366dc8b925cc8090f19ef35b232bf4
resnet,independent_rms,29,bandpass_n20003_cLA_covariance_s20,phase2/results/predictions/full/independent_rms/resnet/seed_29/bandpass_n20003_cLA_covariance_s20.npz,76356,b69387831a69179a073107400a4b034920bbb542eff3d401ee1baea5fb88b778
resnet,independent_rms,29,bandpass_n20003_cLA_covariance_s15,phase2/results/predictions/full/independent_rms/resnet/seed_29/bandpass_n20003_cLA_covariance_s15.npz,76324,21ef37dfc1bbf11a1b87d613fbf5ab64f7302b5e0e29209813c32c2a1577feea
resnet,independent_rms,29,bandpass_n20003_cLA_covariance_s10,phase2/results/predictions/full/independent_rms/resnet/seed_29/bandpass_n20003_cLA_covariance_s10.npz,76217,ca8266031ed2e770179016c7ea4371f0fd50acada969fe8887b179a911c8d569
resnet,independent_rms,29,bandpass_n20003_cLA_covariance_s5,phase2/results/predictions/full/independent_rms/resnet/seed_29/bandpass_n20003_cLA_covariance_s5.npz,75955,effab9afe032110afad8ae7be0e911e6c6a6bea77d5fa78853389eb7a6fed4bd
resnet,independent_rms,29,bandpass_n20003_cLA_covariance_s0,phase2/results/predictions/full/independent_rms/resnet/seed_29/bandpass_n20003_cLA_covariance_s0.npz,75507,cb7f079d43f7181366738ad9e94b11ecf4dd0a7ba6e4c31f4a1f60afb9ae2401
resnet,independent_rms,29,bandpass_n20003_cLL_independent_rms_s20,phase2/results/predictions/full/independent_rms/resnet/seed_29/bandpass_n20003_cLL_independent_rms_s20.npz,76389,20fa53db27db821cbca4ad4d45c0edfe507c87f170207368b11154528a9d4d33
resnet,independent_rms,29,bandpass_n20003_cLL_independent_rms_s15,phase2/results/predictions/full/independent_rms/resnet/seed_29/bandpass_n20003_cLL_independent_rms_s15.npz,76351,5285bb9cdd01acec87ed097fdf69599b494f2896a40603af9828d4b1bafe1942
resnet,independent_rms,29,bandpass_n20003_cLL_independent_rms_s10,phase2/results/predictions/full/independent_rms/resnet/seed_29/bandpass_n20003_cLL_independent_rms_s10.npz,76305,547f15436efa73a32a17c5878609c563434ae72c448c8b60c89265f96b627fd9
resnet,independent_rms,29,bandpass_n20003_cLL_independent_rms_s5,phase2/results/predictions/full/independent_rms/resnet/seed_29/bandpass_n20003_cLL_independent_rms_s5.npz,76091,38e8173efe902183fa6d73930db20d868329963b894807aee9e832a902e4c1bd
resnet,independent_rms,29,bandpass_n20003_cLL_independent_rms_s0,phase2/results/predictions/full/independent_rms/resnet/seed_29/bandpass_n20003_cLL_independent_rms_s0.npz,75639,6b7b910772ffea4241a7b396b52d249bfdce4803eb23832aed5b68ba4c468b35
resnet,independent_rms,29,bandpass_n20003_cLL_electrode_s20,phase2/results/predictions/full/independent_rms/resnet/seed_29/bandpass_n20003_cLL_electrode_s20.npz,76343,a4dfefb95f2f799dfed4138be2de14280c176e07d35c8482758d699609d0cfbe
resnet,independent_rms,29,bandpass_n20003_cLL_electrode_s15,phase2/results/predictions/full/independent_rms/resnet/seed_29/bandpass_n20003_cLL_electrode_s15.npz,76292,00726b8866b14ca19d8d3aaa6e9d192d63fcdfa0ed3e41773c38da6d0a9d3f0b
resnet,independent_rms,29,bandpass_n20003_cLL_electrode_s10,phase2/results/predictions/full/independent_rms/resnet/seed_29/bandpass_n20003_cLL_electrode_s10.npz,76176,b4b81febce7a6581c4cc286f64e2633debf515e69f67d5d046440674348fc104
resnet,independent_rms,29,bandpass_n20003_cLL_electrode_s5,phase2/results/predictions/full/independent_rms/resnet/seed_29/bandpass_n20003_cLL_electrode_s5.npz,75921,a36732e69264427e5728c4622fd3e1ed0c13d30144374cc734836e4b33e64cc2
resnet,independent_rms,29,bandpass_n20003_cLL_electrode_s0,phase2/results/predictions/full/independent_rms/resnet/seed_29/bandpass_n20003_cLL_electrode_s0.npz,75716,6991125c4026b9ac75fe03a434b38e3a61f7659c8390fd936374fb2740a8ee75
resnet,independent_rms,29,bandpass_n20003_cLL_covariance_s20,phase2/results/predictions/full/independent_rms/resnet/seed_29/bandpass_n20003_cLL_covariance_s20.npz,76341,41a6f31231c87ed28231cddcec4d0567a71bbaa87d2be750f7c8e95ed3bddeaf
resnet,independent_rms,29,bandpass_n20003_cLL_covariance_s15,phase2/results/predictions/full/independent_rms/resnet/seed_29/bandpass_n20003_cLL_covariance_s15.npz,76360,c98ad52065f949789343af4fb3bb7fee3230f9e05ad0f37f9492012c9edc582c
resnet,independent_rms,29,bandpass_n20003_cLL_covariance_s10,phase2/results/predictions/full/independent_rms/resnet/seed_29/bandpass_n20003_cLL_covariance_s10.npz,76173,f0201bc873099e314192378fe3aa0f39636ce3b70f0476ce01856f517df0cc36
resnet,independent_rms,29,bandpass_n20003_cLL_covariance_s5,phase2/results/predictions/full/independent_rms/resnet/seed_29/bandpass_n20003_cLL_covariance_s5.npz,75933,12f98deff114958a10616f8eb791c4369bbec6c2edfb73efdec9e9d281c472ab
resnet,independent_rms,29,bandpass_n20003_cLL_covariance_s0,phase2/results/predictions/full/independent_rms/resnet/seed_29/bandpass_n20003_cLL_covariance_s0.npz,75726,e2fb044f64ececd6ff4fe1f0d15ef444c9c247f5f93f8d5bb1541b00d8119428
resnet,independent_rms,29,bandpass_n20003_cRA_V1_independent_rms_s20,phase2/results/predictions/full/independent_rms/resnet/seed_29/bandpass_n20003_cRA_V1_independent_rms_s20.npz,76400,723186cb49556ca06de6cc9f204c3ca996e6f208d85040eb31f009672636d94a
resnet,independent_rms,29,bandpass_n20003_cRA_V1_independent_rms_s15,phase2/results/predictions/full/independent_rms/resnet/seed_29/bandpass_n20003_cRA_V1_independent_rms_s15.npz,76368,48303cbba6aff8cf86adc55414b363f6ff1d24a7b9a3de14efd67c9a8dd87b11
resnet,independent_rms,29,bandpass_n20003_cRA_V1_independent_rms_s10,phase2/results/predictions/full/independent_rms/resnet/seed_29/bandpass_n20003_cRA_V1_independent_rms_s10.npz,76301,67d5e8135545651240f97cab501b1dcd535ec3cd32c58de641066a84a9167897
resnet,independent_rms,29,bandpass_n20003_cRA_V1_independent_rms_s5,phase2/results/predictions/full/independent_rms/resnet/seed_29/bandpass_n20003_cRA_V1_independent_rms_s5.npz,76126,d5b51ea9f8a8b2f25b3421184368c1dfab29971140428c30051dd677da523eb8
resnet,independent_rms,29,bandpass_n20003_cRA_V1_independent_rms_s0,phase2/results/predictions/full/independent_rms/resnet/seed_29/bandpass_n20003_cRA_V1_independent_rms_s0.npz,75594,ffabbde655dc683057f326c0e690564a697676cc343ce6ab2153e25c73f879bb
resnet,independent_rms,29,bandpass_n20003_cRA_V1_electrode_s20,phase2/results/predictions/full/independent_rms/resnet/seed_29/bandpass_n20003_cRA_V1_electrode_s20.npz,76376,4da9a0bf8718f97f240bc98f0b9f7436e651ed47b46758d0f17b934af2a2433e
resnet,independent_rms,29,bandpass_n20003_cRA_V1_electrode_s15,phase2/results/predictions/full/independent_rms/resnet/seed_29/bandpass_n20003_cRA_V1_electrode_s15.npz,76337,0c830f94f5fe328a3620665ed24911804d054eadfbd336fedda0bdb33da33713
resnet,independent_rms,29,bandpass_n20003_cRA_V1_electrode_s10,phase2/results/predictions/full/independent_rms/resnet/seed_29/bandpass_n20003_cRA_V1_electrode_s10.npz,76213,f7a80768a7d6e144f36544e3266a9f02d098a9039223adc8a72148756117abae
resnet,independent_rms,29,bandpass_n20003_cRA_V1_electrode_s5,phase2/results/predictions/full/independent_rms/resnet/seed_29/bandpass_n20003_cRA_V1_electrode_s5.npz,75982,087bd9ef59e6fd06846331fd043541ec6e57fb5522b655c648a5641bda3c54af
resnet,independent_rms,29,bandpass_n20003_cRA_V1_electrode_s0,phase2/results/predictions/full/independent_rms/resnet/seed_29/bandpass_n20003_cRA_V1_electrode_s0.npz,75403,d346495fe08e1d617e4ea20f4ce3c7d27e1280b2d4b9b343974b5ecb7056fbb6
resnet,independent_rms,29,bandpass_n20003_cRA_V1_covariance_s20,phase2/results/predictions/full/independent_rms/resnet/seed_29/bandpass_n20003_cRA_V1_covariance_s20.npz,76367,788d1c64ddf2eb18b6f9a0a514be4937df2d219faff829422a3a7a15b9594b0e
resnet,independent_rms,29,bandpass_n20003_cRA_V1_covariance_s15,phase2/results/predictions/full/independent_rms/resnet/seed_29/bandpass_n20003_cRA_V1_covariance_s15.npz,76352,2542e6e17341027663ba6cc0c1ac547247ee751eaa4e72792e18d21e9256aaf7
resnet,independent_rms,29,bandpass_n20003_cRA_V1_covariance_s10,phase2/results/predictions/full/independent_rms/resnet/seed_29/bandpass_n20003_cRA_V1_covariance_s10.npz,76224,e61e54582a170cd30faab70a051330f168b340d008d1b2322fc575adf21c950e
resnet,independent_rms,29,bandpass_n20003_cRA_V1_covariance_s5,phase2/results/predictions/full/independent_rms/resnet/seed_29/bandpass_n20003_cRA_V1_covariance_s5.npz,75950,8f0e1f6e1fc555cfcf4636dd405115fff99cebe68ee6dc2cd1b3223458abda37
resnet,independent_rms,29,bandpass_n20003_cRA_V1_covariance_s0,phase2/results/predictions/full/independent_rms/resnet/seed_29/bandpass_n20003_cRA_V1_covariance_s0.npz,75404,4ffade8c3b07bee06f5d91366c9e80884dc56983bd23f251564532d6d7214c6f
resnet,independent_rms,29,bandpass_n20003_cLA_V6_independent_rms_s20,phase2/results/predictions/full/independent_rms/resnet/seed_29/bandpass_n20003_cLA_V6_independent_rms_s20.npz,76397,cde27c0fe1d71c423742dbde975d03808a951bd87b0b98de1cb5c7e4e929e4e4
resnet,independent_rms,29,bandpass_n20003_cLA_V6_independent_rms_s15,phase2/results/predictions/full/independent_rms/resnet/seed_29/bandpass_n20003_cLA_V6_independent_rms_s15.npz,76382,eddf0bd022a3b759ee295766d1ee477210dcd2425edab99c581d0f21e56095c5
resnet,independent_rms,29,bandpass_n20003_cLA_V6_independent_rms_s10,phase2/results/predictions/full/independent_rms/resnet/seed_29/bandpass_n20003_cLA_V6_independent_rms_s10.npz,76289,5aac2ae76a6718a744d4e9b0686ce7ec1f13c4c7e1e072580703fb27645f97e7
resnet,independent_rms,29,bandpass_n20003_cLA_V6_independent_rms_s5,phase2/results/predictions/full/independent_rms/resnet/seed_29/bandpass_n20003_cLA_V6_independent_rms_s5.npz,76123,e80d9d29fc17dd2d219a9714db9aa0eac2ed2e9d569fed40d7806642da7e9ff7
resnet,independent_rms,29,bandpass_n20003_cLA_V6_independent_rms_s0,phase2/results/predictions/full/independent_rms/resnet/seed_29/bandpass_n20003_cLA_V6_independent_rms_s0.npz,75670,81fe069d11ac49349237ff1626bade66f3d60d66248128c470626cfef8f9718e
resnet,independent_rms,29,bandpass_n20003_cLA_V6_electrode_s20,phase2/results/predictions/full/independent_rms/resnet/seed_29/bandpass_n20003_cLA_V6_electrode_s20.npz,76387,ecbcfa5422679f0950e89e2251c58b2098ee6ac4518a637e3db6becfd2c9791a
resnet,independent_rms,29,bandpass_n20003_cLA_V6_electrode_s15,phase2/results/predictions/full/independent_rms/resnet/seed_29/bandpass_n20003_cLA_V6_electrode_s15.npz,76361,47f9798012a38a1fa6457dd8461c09728ba1026c3bf780147491ef5b52a4bc9b
resnet,independent_rms,29,bandpass_n20003_cLA_V6_electrode_s10,phase2/results/predictions/full/independent_rms/resnet/seed_29/bandpass_n20003_cLA_V6_electrode_s10.npz,76220,c40593716275e1fa99b05ef623f7cc55d618e99e4f977a0ce0196fc904559bf6
resnet,independent_rms,29,bandpass_n20003_cLA_V6_electrode_s5,phase2/results/predictions/full/independent_rms/resnet/seed_29/bandpass_n20003_cLA_V6_electrode_s5.npz,76026,8102a9d74d99591bcbf27fd0c20b7a02862339d5674ed232c45956c868d8a2de
resnet,independent_rms,29,bandpass_n20003_cLA_V6_electrode_s0,phase2/results/predictions/full/independent_rms/resnet/seed_29/bandpass_n20003_cLA_V6_electrode_s0.npz,75544,bc95048ca612e97fe22bf42ca0fb2a2ecf52f41b5ffe99952f215583da9869c4
resnet,independent_rms,29,bandpass_n20003_cLA_V6_covariance_s20,phase2/results/predictions/full/independent_rms/resnet/seed_29/bandpass_n20003_cLA_V6_covariance_s20.npz,76362,edc4e2cafb01f6af339e6d9c09ec3de8da73e7fa5f8fd88c0e3b37ca13843ef7
resnet,independent_rms,29,bandpass_n20003_cLA_V6_covariance_s15,phase2/results/predictions/full/independent_rms/resnet/seed_29/bandpass_n20003_cLA_V6_covariance_s15.npz,76363,e051f8fb6f6d101acbb3f9796feeb6475481cedcf628450ca7035a5a0841748a
resnet,independent_rms,29,bandpass_n20003_cLA_V6_covariance_s10,phase2/results/predictions/full/independent_rms/resnet/seed_29/bandpass_n20003_cLA_V6_covariance_s10.npz,76265,d1e74e94aa851df0e28f9e41ecf794f7c7d22500d671d0db5d23ebd72a1bf08d
resnet,independent_rms,29,bandpass_n20003_cLA_V6_covariance_s5,phase2/results/predictions/full/independent_rms/resnet/seed_29/bandpass_n20003_cLA_V6_covariance_s5.npz,75973,ac11b2b7de1c26b780c0deb2e56053a1c89dd51735aa33c62843648fba1d78d3
resnet,independent_rms,29,bandpass_n20003_cLA_V6_covariance_s0,phase2/results/predictions/full/independent_rms/resnet/seed_29/bandpass_n20003_cLA_V6_covariance_s0.npz,75541,35809e1a1d78b8bdc728c28960c8094709a8ecce2a219011342887a6db13c971
resnet,independent_rms,29,bandpass_n20003_cLL_V4_independent_rms_s20,phase2/results/predictions/full/independent_rms/resnet/seed_29/bandpass_n20003_cLL_V4_independent_rms_s20.npz,76405,e982ef7d2a2dfed61a71ee592ec76f7ae41c360dfec2c2f75ddcff5b0ccd85a6
resnet,independent_rms,29,bandpass_n20003_cLL_V4_independent_rms_s15,phase2/results/predictions/full/independent_rms/resnet/seed_29/bandpass_n20003_cLL_V4_independent_rms_s15.npz,76394,47b0bc72e1e3150547fb6a8f2b42075b4dd5bfb24bdace1f15bf83dccb033a48
resnet,independent_rms,29,bandpass_n20003_cLL_V4_independent_rms_s10,phase2/results/predictions/full/independent_rms/resnet/seed_29/bandpass_n20003_cLL_V4_independent_rms_s10.npz,76313,a22883022faf7669698a32e0151f72035ed8466b27329b229c80962d4966ec82
resnet,independent_rms,29,bandpass_n20003_cLL_V4_independent_rms_s5,phase2/results/predictions/full/independent_rms/resnet/seed_29/bandpass_n20003_cLL_V4_independent_rms_s5.npz,76145,6cc6dc5e759d059359cec20eb676dc6365b5ec5cce17eee357404cae1e28a20b
resnet,independent_rms,29,bandpass_n20003_cLL_V4_independent_rms_s0,phase2/results/predictions/full/independent_rms/resnet/seed_29/bandpass_n20003_cLL_V4_independent_rms_s0.npz,75673,55bd53df92c5dac8e6cd20445c42f4d5d3dfb4c64b0281aaf487b306b308feb9
resnet,independent_rms,29,bandpass_n20003_cLL_V4_electrode_s20,phase2/results/predictions/full/independent_rms/resnet/seed_29/bandpass_n20003_cLL_V4_electrode_s20.npz,76374,593b36595cb366681dc39c677dd56546c30d1ec9ecf96ffb58041729db2a85d5
resnet,independent_rms,29,bandpass_n20003_cLL_V4_electrode_s15,phase2/results/predictions/full/independent_rms/resnet/seed_29/bandpass_n20003_cLL_V4_electrode_s15.npz,76299,2b1004e2f9d8f14d2dd01537ba4afb83fb09a413152afd14eaf1c6bf460978f8
resnet,independent_rms,29,bandpass_n20003_cLL_V4_electrode_s10,phase2/results/predictions/full/independent_rms/resnet/seed_29/bandpass_n20003_cLL_V4_electrode_s10.npz,76248,720278011bca5e977247a2ee5f46b24918747db4ea29657467777c4d185c8be9
resnet,independent_rms,29,bandpass_n20003_cLL_V4_electrode_s5,phase2/results/predictions/full/independent_rms/resnet/seed_29/bandpass_n20003_cLL_V4_electrode_s5.npz,76002,edfabe4cea2e2ad0cc63753cb938d89b399e447c1e04d085aaf4ffd661d6507f
resnet,independent_rms,29,bandpass_n20003_cLL_V4_electrode_s0,phase2/results/predictions/full/independent_rms/resnet/seed_29/bandpass_n20003_cLL_V4_electrode_s0.npz,75652,5d9d761a26528af1319e0f871f0d90fa88556a9372ddfe9825d06e6189c07566
resnet,independent_rms,29,bandpass_n20003_cLL_V4_covariance_s20,phase2/results/predictions/full/independent_rms/resnet/seed_29/bandpass_n20003_cLL_V4_covariance_s20.npz,76356,a2977e36fdf06fb86bed63a8ce8e67e969f62759316c93466910969892ffb432
resnet,independent_rms,29,bandpass_n20003_cLL_V4_covariance_s15,phase2/results/predictions/full/independent_rms/resnet/seed_29/bandpass_n20003_cLL_V4_covariance_s15.npz,76325,61adac799a514cf3552cf2d5a926b7eced915aa2c43dcfc1340d6f30cde8a79b
resnet,independent_rms,29,bandpass_n20003_cLL_V4_covariance_s10,phase2/results/predictions/full/independent_rms/resnet/seed_29/bandpass_n20003_cLL_V4_covariance_s10.npz,76195,8ccb47ff911e51ae67c633daa058008d5defc12d9186a045be9b7b7a87a2c2a5
resnet,independent_rms,29,bandpass_n20003_cLL_V4_covariance_s5,phase2/results/predictions/full/independent_rms/resnet/seed_29/bandpass_n20003_cLL_V4_covariance_s5.npz,76001,b0c2ce13c8e2e52e549a1050a9aa0c9144ea4a0f4c253a905f83a14a066cc640
resnet,independent_rms,29,bandpass_n20003_cLL_V4_covariance_s0,phase2/results/predictions/full/independent_rms/resnet/seed_29/bandpass_n20003_cLL_V4_covariance_s0.npz,75701,bcdc1a507a6e09f6c086366c742be3a55e8646638004aca10ab5239d17e3dec6
resnet,independent_rms,29,bandpass_n20003_cRA_LA_V1_V6_independent_rms_s20,phase2/results/predictions/full/independent_rms/resnet/seed_29/bandpass_n20003_cRA_LA_V1_V6_independent_rms_s20.npz,76403,68e466e7dba03628f3e9da66c8b3335591bf2f26d53f7d712030508ae51ae372
resnet,independent_rms,29,bandpass_n20003_cRA_LA_V1_V6_independent_rms_s15,phase2/results/predictions/full/independent_rms/resnet/seed_29/bandpass_n20003_cRA_LA_V1_V6_independent_rms_s15.npz,76384,5688dac08b745fdb4601bd410cd9706acb29adbbc027c03a81437e00c6898047
resnet,independent_rms,29,bandpass_n20003_cRA_LA_V1_V6_independent_rms_s10,phase2/results/predictions/full/independent_rms/resnet/seed_29/bandpass_n20003_cRA_LA_V1_V6_independent_rms_s10.npz,76307,84436385aeaf169f93348495c0003a860ac7ea221dbd4037fcb52566e24d9348
resnet,independent_rms,29,bandpass_n20003_cRA_LA_V1_V6_independent_rms_s5,phase2/results/predictions/full/independent_rms/resnet/seed_29/bandpass_n20003_cRA_LA_V1_V6_independent_rms_s5.npz,76124,858523a1ad75c2673ac422e0e98cb9466cdd6362b28fd9a6b3dd5670a3f4599d
resnet,independent_rms,29,bandpass_n20003_cRA_LA_V1_V6_independent_rms_s0,phase2/results/predictions/full/independent_rms/resnet/seed_29/bandpass_n20003_cRA_LA_V1_V6_independent_rms_s0.npz,75658,9bb8a7d454d3ad123833289a391c21242522a613415a108d500f13cf550d3bfc
resnet,independent_rms,29,bandpass_n20003_cRA_LA_V1_V6_electrode_s20,phase2/results/predictions/full/independent_rms/resnet/seed_29/bandpass_n20003_cRA_LA_V1_V6_electrode_s20.npz,76365,8685a860da798cdc35561eac6540f7c207ab03dad40abdad18aa21f65781fc82
resnet,independent_rms,29,bandpass_n20003_cRA_LA_V1_V6_electrode_s15,phase2/results/predictions/full/independent_rms/resnet/seed_29/bandpass_n20003_cRA_LA_V1_V6_electrode_s15.npz,76373,629e71bd65e9136ebe8878ff9978e0059d968987856e32d0cae649a5640816db
resnet,independent_rms,29,bandpass_n20003_cRA_LA_V1_V6_electrode_s10,phase2/results/predictions/full/independent_rms/resnet/seed_29/bandpass_n20003_cRA_LA_V1_V6_electrode_s10.npz,76242,8885d9c54000c0cb4c3ff84562c063a57fa9da22197817a321f2ce6b299d7dc5
resnet,independent_rms,29,bandpass_n20003_cRA_LA_V1_V6_electrode_s5,phase2/results/predictions/full/independent_rms/resnet/seed_29/bandpass_n20003_cRA_LA_V1_V6_electrode_s5.npz,75987,3984fdf4ab87f8f6ff985e041177790d1b04d88e7b226a3ad56c4d6af4e41489
resnet,independent_rms,29,bandpass_n20003_cRA_LA_V1_V6_electrode_s0,phase2/results/predictions/full/independent_rms/resnet/seed_29/bandpass_n20003_cRA_LA_V1_V6_electrode_s0.npz,75452,ce602b925588b685e41c9edc3c0026301fa8c445b46c1cfadf97db561d8f7758
resnet,independent_rms,29,bandpass_n20003_cRA_LA_V1_V6_covariance_s20,phase2/results/predictions/full/independent_rms/resnet/seed_29/bandpass_n20003_cRA_LA_V1_V6_covariance_s20.npz,76395,44760992f3960beb692b23cf5c955bc5416dc477b107dd00eb4c7d13dabe7063
resnet,independent_rms,29,bandpass_n20003_cRA_LA_V1_V6_covariance_s15,phase2/results/predictions/full/independent_rms/resnet/seed_29/bandpass_n20003_cRA_LA_V1_V6_covariance_s15.npz,76329,942afffcda2e0da597e012aab7e1ba3a2eadfc341b32235e0ea6370e6cef8bc4
resnet,independent_rms,29,bandpass_n20003_cRA_LA_V1_V6_covariance_s10,phase2/results/predictions/full/independent_rms/resnet/seed_29/bandpass_n20003_cRA_LA_V1_V6_covariance_s10.npz,76249,f74f2435b3670dfd8bcd313edfd577734340499646f5acf28633cc33937ad8d8
resnet,independent_rms,29,bandpass_n20003_cRA_LA_V1_V6_covariance_s5,phase2/results/predictions/full/independent_rms/resnet/seed_29/bandpass_n20003_cRA_LA_V1_V6_covariance_s5.npz,75997,5dce659c963779d97ae2469920270d572e31d46e52e86381a38e170f3b9318ca
resnet,independent_rms,29,bandpass_n20003_cRA_LA_V1_V6_covariance_s0,phase2/results/predictions/full/independent_rms/resnet/seed_29/bandpass_n20003_cRA_LA_V1_V6_covariance_s0.npz,75427,942b22062b8393275225526185df8d64eb60e0a22a46cf0a059a4c669579f134
resnet,independent_rms,29,bandpass_n20003_cRA_V2_V5_independent_rms_s20,phase2/results/predictions/full/independent_rms/resnet/seed_29/bandpass_n20003_cRA_V2_V5_independent_rms_s20.npz,76434,1f48bf84745785a3591dea7ccd42aba884f5f1f0a5bb4661070306eaa67513ee
resnet,independent_rms,29,bandpass_n20003_cRA_V2_V5_independent_rms_s15,phase2/results/predictions/full/independent_rms/resnet/seed_29/bandpass_n20003_cRA_V2_V5_independent_rms_s15.npz,76398,80e1cd457ca74fabf3e19f40fa81245725920fc9373d8407c20421605d5d7043
resnet,independent_rms,29,bandpass_n20003_cRA_V2_V5_independent_rms_s10,phase2/results/predictions/full/independent_rms/resnet/seed_29/bandpass_n20003_cRA_V2_V5_independent_rms_s10.npz,76289,4b73cf8baecf9e42f089e792b0ea61421fa6429143313482238b34c40190afe7
resnet,independent_rms,29,bandpass_n20003_cRA_V2_V5_independent_rms_s5,phase2/results/predictions/full/independent_rms/resnet/seed_29/bandpass_n20003_cRA_V2_V5_independent_rms_s5.npz,76123,a4337f1e4a9420649dc5801b07ab845ba05d06fe4ccdf5a9c2f650444e35f3c6
resnet,independent_rms,29,bandpass_n20003_cRA_V2_V5_independent_rms_s0,phase2/results/predictions/full/independent_rms/resnet/seed_29/bandpass_n20003_cRA_V2_V5_independent_rms_s0.npz,75602,32c6be0a0c248ec49fea9c55355b6406f504f3bd88f932535deb913cf0b95330
resnet,independent_rms,29,bandpass_n20003_cRA_V2_V5_electrode_s20,phase2/results/predictions/full/independent_rms/resnet/seed_29/bandpass_n20003_cRA_V2_V5_electrode_s20.npz,76365,086fe3f7c306323298e9396cfd102d1bb0e4062c5904caf9ec94a9d2c7215769
resnet,independent_rms,29,bandpass_n20003_cRA_V2_V5_electrode_s15,phase2/results/predictions/full/independent_rms/resnet/seed_29/bandpass_n20003_cRA_V2_V5_electrode_s15.npz,76346,9c5799a9be8bd9c1921b4f27b916906691ee110b7db0bc9efb07d1abc6a417d3
resnet,independent_rms,29,bandpass_n20003_cRA_V2_V5_electrode_s10,phase2/results/predictions/full/independent_rms/resnet/seed_29/bandpass_n20003_cRA_V2_V5_electrode_s10.npz,76275,cb222d0b151d442d7305c3d69440297a0d9631ec9c5671d4645c25b782b99a54
resnet,independent_rms,29,bandpass_n20003_cRA_V2_V5_electrode_s5,phase2/results/predictions/full/independent_rms/resnet/seed_29/bandpass_n20003_cRA_V2_V5_electrode_s5.npz,75991,5c928cafc1944a383788aa3c8a7f91ca10e7868151bd7a012977295dbe631543
resnet,independent_rms,29,bandpass_n20003_cRA_V2_V5_electrode_s0,phase2/results/predictions/full/independent_rms/resnet/seed_29/bandpass_n20003_cRA_V2_V5_electrode_s0.npz,75421,940c73d0506140d66487c3d5b16b2a98d1899d035df8dac1b377350b882e0104
resnet,independent_rms,29,bandpass_n20003_cRA_V2_V5_covariance_s20,phase2/results/predictions/full/independent_rms/resnet/seed_29/bandpass_n20003_cRA_V2_V5_covariance_s20.npz,76400,e4ff943601e15d8bcc3a1b7e0682a7804ea715133e7671cfffe317b4d9c45488
resnet,independent_rms,29,bandpass_n20003_cRA_V2_V5_covariance_s15,phase2/results/predictions/full/independent_rms/resnet/seed_29/bandpass_n20003_cRA_V2_V5_covariance_s15.npz,76319,6b7b2cf038360ffe730d2516f4b0cfaf80eac2ffbe0a354ec001f028f559a3da
resnet,independent_rms,29,bandpass_n20003_cRA_V2_V5_covariance_s10,phase2/results/predictions/full/independent_rms/resnet/seed_29/bandpass_n20003_cRA_V2_V5_covariance_s10.npz,76231,7413303e72cb641f49cae8b8899c81e09aee402c128131b2338675a2b7c5f340
resnet,independent_rms,29,bandpass_n20003_cRA_V2_V5_covariance_s5,phase2/results/predictions/full/independent_rms/resnet/seed_29/bandpass_n20003_cRA_V2_V5_covariance_s5.npz,75982,119031882bb24edbad1ea5d5a0c69e1e80bce0f096b7c4bea200e36d47c1375b
resnet,independent_rms,29,bandpass_n20003_cRA_V2_V5_covariance_s0,phase2/results/predictions/full/independent_rms/resnet/seed_29/bandpass_n20003_cRA_V2_V5_covariance_s0.npz,75406,6b3474c160bc0a37e33d1171b61e49373b50ad693a790be545af48e21ea42411
resnet,independent_rms,29,bandpass_n20003_cLA_V3_V6_independent_rms_s20,phase2/results/predictions/full/independent_rms/resnet/seed_29/bandpass_n20003_cLA_V3_V6_independent_rms_s20.npz,76399,3e9b3c3686ebbddb52d65a230f1504024ce8aa4b573da0c6d180f425df0c916f
resnet,independent_rms,29,bandpass_n20003_cLA_V3_V6_independent_rms_s15,phase2/results/predictions/full/independent_rms/resnet/seed_29/bandpass_n20003_cLA_V3_V6_independent_rms_s15.npz,76373,da844b60c3ca7729d839686f6f670116e1fb1ea59998c67a7fdccda797d97d48
resnet,independent_rms,29,bandpass_n20003_cLA_V3_V6_independent_rms_s10,phase2/results/predictions/full/independent_rms/resnet/seed_29/bandpass_n20003_cLA_V3_V6_independent_rms_s10.npz,76306,fa10bf12d3f6f227d6dff7d1814d5445c358058dbeebd98a7bcade2f6dd28602
resnet,independent_rms,29,bandpass_n20003_cLA_V3_V6_independent_rms_s5,phase2/results/predictions/full/independent_rms/resnet/seed_29/bandpass_n20003_cLA_V3_V6_independent_rms_s5.npz,76194,6e3cfc81686c8ec408ded7e40a32a8855839c5b70224c12a6e4ec9636651c045
resnet,independent_rms,29,bandpass_n20003_cLA_V3_V6_independent_rms_s0,phase2/results/predictions/full/independent_rms/resnet/seed_29/bandpass_n20003_cLA_V3_V6_independent_rms_s0.npz,75759,6a1744f8baf66e2bddf724eca5dee1281492e96c701bab3cce63a7d1f00d9611
resnet,independent_rms,29,bandpass_n20003_cLA_V3_V6_electrode_s20,phase2/results/predictions/full/independent_rms/resnet/seed_29/bandpass_n20003_cLA_V3_V6_electrode_s20.npz,76374,d5a9cf096b348399dfd2496ad2bc9cae84bc2e7c2c3a0face97aaceee0e7e983
resnet,independent_rms,29,bandpass_n20003_cLA_V3_V6_electrode_s15,phase2/results/predictions/full/independent_rms/resnet/seed_29/bandpass_n20003_cLA_V3_V6_electrode_s15.npz,76321,fad97c40704940e0b4fba1106dce866730f9897a9fb3ec8c3160684c2f6202ec
resnet,independent_rms,29,bandpass_n20003_cLA_V3_V6_electrode_s10,phase2/results/predictions/full/independent_rms/resnet/seed_29/bandpass_n20003_cLA_V3_V6_electrode_s10.npz,76229,2267f101c8d4949d8c659aa52382f57691b1fe25fac083f9405c9e1ffad6518b
resnet,independent_rms,29,bandpass_n20003_cLA_V3_V6_electrode_s5,phase2/results/predictions/full/independent_rms/resnet/seed_29/bandpass_n20003_cLA_V3_V6_electrode_s5.npz,76047,36063a179f5dc497a9dde441e4708e3ae0b59617598d6b4406c46c8438a4986a
resnet,independent_rms,29,bandpass_n20003_cLA_V3_V6_electrode_s0,phase2/results/predictions/full/independent_rms/resnet/seed_29/bandpass_n20003_cLA_V3_V6_electrode_s0.npz,75540,8e8744ea3d63ac8dd8f45d2c6d02dd98eb18ed25b677206593ae93ba4b3fb7ca
resnet,independent_rms,29,bandpass_n20003_cLA_V3_V6_covariance_s20,phase2/results/predictions/full/independent_rms/resnet/seed_29/bandpass_n20003_cLA_V3_V6_covariance_s20.npz,76379,a7eb148f88d3ed6922e147006b9e074b0dc04ac1376327cd5eda12334605384c
resnet,independent_rms,29,bandpass_n20003_cLA_V3_V6_covariance_s15,phase2/results/predictions/full/independent_rms/resnet/seed_29/bandpass_n20003_cLA_V3_V6_covariance_s15.npz,76362,121cd9578d31740f51c0d4922e14f50c93f115b42fde6162ce8e4ba437960bb1
resnet,independent_rms,29,bandpass_n20003_cLA_V3_V6_covariance_s10,phase2/results/predictions/full/independent_rms/resnet/seed_29/bandpass_n20003_cLA_V3_V6_covariance_s10.npz,76265,9b993a7612bbfe62abd4769954e85c9bd34b9c78b3d12040242627be5f4f4b6b
resnet,independent_rms,29,bandpass_n20003_cLA_V3_V6_covariance_s5,phase2/results/predictions/full/independent_rms/resnet/seed_29/bandpass_n20003_cLA_V3_V6_covariance_s5.npz,76061,d5565501018f424c84145b68728d1aaebd0e2dcd29c90fb9fdf53c649fa35595
resnet,independent_rms,29,bandpass_n20003_cLA_V3_V6_covariance_s0,phase2/results/predictions/full/independent_rms/resnet/seed_29/bandpass_n20003_cLA_V3_V6_covariance_s0.npz,75594,cccb035091daabc2988a46b64ecbb278e7aa19d16615b29fff6ba20a3b778a98
resnet,independent_rms,29,bandpass_n20003_cLL_V1_V4_independent_rms_s20,phase2/results/predictions/full/independent_rms/resnet/seed_29/bandpass_n20003_cLL_V1_V4_independent_rms_s20.npz,76398,95ec6f7e9e93757bb5a6e769fedc0c8d511ff90a3ef199e070347440f98f7323
resnet,independent_rms,29,bandpass_n20003_cLL_V1_V4_independent_rms_s15,phase2/results/predictions/full/independent_rms/resnet/seed_29/bandpass_n20003_cLL_V1_V4_independent_rms_s15.npz,76379,d723c4faab4d6ee0d9b3a41136e2ac25b6beb8000b623e072208625a0a024542
resnet,independent_rms,29,bandpass_n20003_cLL_V1_V4_independent_rms_s10,phase2/results/predictions/full/independent_rms/resnet/seed_29/bandpass_n20003_cLL_V1_V4_independent_rms_s10.npz,76314,664916d226b8e263c930e73b81527cf5e4a9e9fc2b13bbef6c665ab56812e1c3
resnet,independent_rms,29,bandpass_n20003_cLL_V1_V4_independent_rms_s5,phase2/results/predictions/full/independent_rms/resnet/seed_29/bandpass_n20003_cLL_V1_V4_independent_rms_s5.npz,76122,f759d28e32b33b2711cb6c400ff0f33a4eb5a370c9decd543ebafe860ca09486
resnet,independent_rms,29,bandpass_n20003_cLL_V1_V4_independent_rms_s0,phase2/results/predictions/full/independent_rms/resnet/seed_29/bandpass_n20003_cLL_V1_V4_independent_rms_s0.npz,75630,c58fc8652dba64775925d191603584c1beb5971fdf7978645bb2f0d21659f5ed
resnet,independent_rms,29,bandpass_n20003_cLL_V1_V4_electrode_s20,phase2/results/predictions/full/independent_rms/resnet/seed_29/bandpass_n20003_cLL_V1_V4_electrode_s20.npz,76371,9ecba50d5aef335c515ced754caec3b230185df58f3c2f049a309f6c687f7bb8
resnet,independent_rms,29,bandpass_n20003_cLL_V1_V4_electrode_s15,phase2/results/predictions/full/independent_rms/resnet/seed_29/bandpass_n20003_cLL_V1_V4_electrode_s15.npz,76355,b654776bdd120f324c2c76da51f804999fa29ac958df28a09b09274bd573dc49
resnet,independent_rms,29,bandpass_n20003_cLL_V1_V4_electrode_s10,phase2/results/predictions/full/independent_rms/resnet/seed_29/bandpass_n20003_cLL_V1_V4_electrode_s10.npz,76250,9e253b92c3942b6eccb805fa0bdc7d287af0a6ac2ebbf15aaf3e94f25dcc5560
resnet,independent_rms,29,bandpass_n20003_cLL_V1_V4_electrode_s5,phase2/results/predictions/full/independent_rms/resnet/seed_29/bandpass_n20003_cLL_V1_V4_electrode_s5.npz,76028,4f918142a73239585b76195ae04a7a7d6b1dea26c1168747143d846f2b2cbc7e
resnet,independent_rms,29,bandpass_n20003_cLL_V1_V4_electrode_s0,phase2/results/predictions/full/independent_rms/resnet/seed_29/bandpass_n20003_cLL_V1_V4_electrode_s0.npz,75632,4c94de448a9a181706ecc1fc3b95f00034351d9ea8eddc59a0c2b59f799a46d7
resnet,independent_rms,29,bandpass_n20003_cLL_V1_V4_covariance_s20,phase2/results/predictions/full/independent_rms/resnet/seed_29/bandpass_n20003_cLL_V1_V4_covariance_s20.npz,76388,39bc398b36b0c3138111105eff7ea75d2ba8342b69d6b7cc069f6a4ebe36a9d0
resnet,independent_rms,29,bandpass_n20003_cLL_V1_V4_covariance_s15,phase2/results/predictions/full/independent_rms/resnet/seed_29/bandpass_n20003_cLL_V1_V4_covariance_s15.npz,76379,eca8dc3eb530e95bfeb7a99a7a38727d3888a68b0c07b66abe61dc7133db0f5b
resnet,independent_rms,29,bandpass_n20003_cLL_V1_V4_covariance_s10,phase2/results/predictions/full/independent_rms/resnet/seed_29/bandpass_n20003_cLL_V1_V4_covariance_s10.npz,76246,552da9cfff4e76fed4a75d9674b433bd9bcc3f60d61530b61da2e69212cc94a4
resnet,independent_rms,29,bandpass_n20003_cLL_V1_V4_covariance_s5,phase2/results/predictions/full/independent_rms/resnet/seed_29/bandpass_n20003_cLL_V1_V4_covariance_s5.npz,75990,a9656478736ed700cfe6d41a6ed61329075a3a25b3045584a983634278d28643
resnet,independent_rms,29,bandpass_n20003_cLL_V1_V4_covariance_s0,phase2/results/predictions/full/independent_rms/resnet/seed_29/bandpass_n20003_cLL_V1_V4_covariance_s0.npz,75641,1cf9db06d9767af8fe741e7b5de7e1d1b61431ab88e2201b861a2c993268e926
resnet,independent_rms,29,bandpass_n20003_call_independent_rms_s20,phase2/results/predictions/full/independent_rms/resnet/seed_29/bandpass_n20003_call_independent_rms_s20.npz,76389,9aa4283ed52166efbb64e13f2a6e9e8fa91e193044402ab1453e88765a46b2dc
resnet,independent_rms,29,bandpass_n20003_call_independent_rms_s15,phase2/results/predictions/full/independent_rms/resnet/seed_29/bandpass_n20003_call_independent_rms_s15.npz,76361,d83e01f90a88f1e99b0ca79fbfe73d1249a0486ce767bc0046ec074a74059554
resnet,independent_rms,29,bandpass_n20003_call_independent_rms_s10,phase2/results/predictions/full/independent_rms/resnet/seed_29/bandpass_n20003_call_independent_rms_s10.npz,76302,90275c7bba3d256d5429d2dea516531ef2c02b65e02ca65cff74bbc2bd775365
resnet,independent_rms,29,bandpass_n20003_call_independent_rms_s5,phase2/results/predictions/full/independent_rms/resnet/seed_29/bandpass_n20003_call_independent_rms_s5.npz,76125,db9c511252e67f3d046eda65ecc2abd6a37542997ef27d9c4d7594b193dc1d89
resnet,independent_rms,29,bandpass_n20003_call_independent_rms_s0,phase2/results/predictions/full/independent_rms/resnet/seed_29/bandpass_n20003_call_independent_rms_s0.npz,75649,30bb4ba91ed269bce331d370682254cf5cfd80004be4a180fa1dbfe1a7a5104a
resnet,independent_rms,29,bandpass_n20003_call_electrode_s20,phase2/results/predictions/full/independent_rms/resnet/seed_29/bandpass_n20003_call_electrode_s20.npz,76313,a9b6838485bdfcbafb2a9404d4f579bf5934149bf733f246e143f1a8c36d51be
resnet,independent_rms,29,bandpass_n20003_call_electrode_s15,phase2/results/predictions/full/independent_rms/resnet/seed_29/bandpass_n20003_call_electrode_s15.npz,76350,91b2a164cbe66ad748401a3de6965b3e1ae0e4c5fb507d42abc6b16ea2cac3b6
resnet,independent_rms,29,bandpass_n20003_call_electrode_s10,phase2/results/predictions/full/independent_rms/resnet/seed_29/bandpass_n20003_call_electrode_s10.npz,76200,ead05d98c2533c53dbfa2fb86509640a5d1b1930c6d8f07c1d6871677cc97395
resnet,independent_rms,29,bandpass_n20003_call_electrode_s5,phase2/results/predictions/full/independent_rms/resnet/seed_29/bandpass_n20003_call_electrode_s5.npz,75977,dc14dcf905aa67530bbaecf2bd373dc9138ce147785a73e7aabe3726c5dea2af
resnet,independent_rms,29,bandpass_n20003_call_electrode_s0,phase2/results/predictions/full/independent_rms/resnet/seed_29/bandpass_n20003_call_electrode_s0.npz,75528,1ce5de2b78fb6e0eb73b15d805e835a19ff4a28ea8c687cd108455d7cf93d0cd
resnet,independent_rms,29,bandpass_n20003_call_covariance_s20,phase2/results/predictions/full/independent_rms/resnet/seed_29/bandpass_n20003_call_covariance_s20.npz,76338,df8dfa67303580acafa27fe505a7c7aad286501321837214c07efc796ec8640a
resnet,independent_rms,29,bandpass_n20003_call_covariance_s15,phase2/results/predictions/full/independent_rms/resnet/seed_29/bandpass_n20003_call_covariance_s15.npz,76305,705abae7290d053ea968f6980f8ff6593c61462ea9e19b80a458298976d729bf
resnet,independent_rms,29,bandpass_n20003_call_covariance_s10,phase2/results/predictions/full/independent_rms/resnet/seed_29/bandpass_n20003_call_covariance_s10.npz,76224,d0a0d8eedb593e61b2239180bebafe2eec869629e84b8d56171fb8ee8267e2e8
resnet,independent_rms,29,bandpass_n20003_call_covariance_s5,phase2/results/predictions/full/independent_rms/resnet/seed_29/bandpass_n20003_call_covariance_s5.npz,75976,2eef077d6097196ad01284af0e8155eff9eacec6d661875bbb38ad837ce75ca3
resnet,independent_rms,29,bandpass_n20003_call_covariance_s0,phase2/results/predictions/full/independent_rms/resnet/seed_29/bandpass_n20003_call_covariance_s0.npz,75487,2fa8aaba5f124c6a4107eea30d4203e638144a655119ed3beef53088222d5f68
resnet,independent_rms,29,bandpass_n20004_cRA_LA_LL_independent_rms_s20,phase2/results/predictions/full/independent_rms/resnet/seed_29/bandpass_n20004_cRA_LA_LL_independent_rms_s20.npz,76382,dc6726bcd3082a5c0f49cf4c9c4c1865fd1c9c73eb18165bf38c9af79bc711ff
resnet,independent_rms,29,bandpass_n20004_cRA_LA_LL_independent_rms_s15,phase2/results/predictions/full/independent_rms/resnet/seed_29/bandpass_n20004_cRA_LA_LL_independent_rms_s15.npz,76337,763cd5418ee0268f5c9fdd35edbb15edb592921f3b52207b3af24f0941afa7ad
resnet,independent_rms,29,bandpass_n20004_cRA_LA_LL_independent_rms_s10,phase2/results/predictions/full/independent_rms/resnet/seed_29/bandpass_n20004_cRA_LA_LL_independent_rms_s10.npz,76271,ce3378bcc21f210e42987cf8410bfcf615fe00b0dcc215ff3fc32d0fbbcbd85a
resnet,independent_rms,29,bandpass_n20004_cRA_LA_LL_independent_rms_s5,phase2/results/predictions/full/independent_rms/resnet/seed_29/bandpass_n20004_cRA_LA_LL_independent_rms_s5.npz,76152,9a0cf577d22b4da71bb96dadcffa2ff048bcd3b9fe2afe8e271283f97a13eddc
resnet,independent_rms,29,bandpass_n20004_cRA_LA_LL_independent_rms_s0,phase2/results/predictions/full/independent_rms/resnet/seed_29/bandpass_n20004_cRA_LA_LL_independent_rms_s0.npz,75663,8e0ba6ac2c90602ea25eacb5f54edbeeeb20d4825562fb213b7176642557eb8a
resnet,independent_rms,29,bandpass_n20004_cRA_LA_LL_electrode_s20,phase2/results/predictions/full/independent_rms/resnet/seed_29/bandpass_n20004_cRA_LA_LL_electrode_s20.npz,76363,ccec720fe231b5feadcf5ffc7e761e52c29bac077895251e8e3544a30b3bf0c0
resnet,independent_rms,29,bandpass_n20004_cRA_LA_LL_electrode_s15,phase2/results/predictions/full/independent_rms/resnet/seed_29/bandpass_n20004_cRA_LA_LL_electrode_s15.npz,76331,d4280d26ed91d91fac3239fa81ede307d5906698df1c0d54071f6d819ac1308f
resnet,independent_rms,29,bandpass_n20004_cRA_LA_LL_electrode_s10,phase2/results/predictions/full/independent_rms/resnet/seed_29/bandpass_n20004_cRA_LA_LL_electrode_s10.npz,76188,8396945cdbc53927ab391fea6d3f886952e372681bb11465418d177279dcc986
resnet,independent_rms,29,bandpass_n20004_cRA_LA_LL_electrode_s5,phase2/results/predictions/full/independent_rms/resnet/seed_29/bandpass_n20004_cRA_LA_LL_electrode_s5.npz,75980,af20129ad72ffd8383ba35d5e40c0ced977569acc1938c96de04382be2a4ee5a
resnet,independent_rms,29,bandpass_n20004_cRA_LA_LL_electrode_s0,phase2/results/predictions/full/independent_rms/resnet/seed_29/bandpass_n20004_cRA_LA_LL_electrode_s0.npz,75515,66883ba38387ea7b4c9383f252aac3b2506492923ba4c78f73340368408c6596
resnet,independent_rms,29,bandpass_n20004_cRA_LA_LL_covariance_s20,phase2/results/predictions/full/independent_rms/resnet/seed_29/bandpass_n20004_cRA_LA_LL_covariance_s20.npz,76365,920f5eee4ea6a1445e608a0e81c16c28dd33983956d6ec0f2cea64684be55b08
resnet,independent_rms,29,bandpass_n20004_cRA_LA_LL_covariance_s15,phase2/results/predictions/full/independent_rms/resnet/seed_29/bandpass_n20004_cRA_LA_LL_covariance_s15.npz,76313,9472a12b01aa38e76be6c3549a33f18ba9304404fb5fa82adb059501afc72e1e
resnet,independent_rms,29,bandpass_n20004_cRA_LA_LL_covariance_s10,phase2/results/predictions/full/independent_rms/resnet/seed_29/bandpass_n20004_cRA_LA_LL_covariance_s10.npz,76212,d697460a7f0424e22b6a6f66da616d5dfca3fedf2cfb0b75b01632dc618b48f8
resnet,independent_rms,29,bandpass_n20004_cRA_LA_LL_covariance_s5,phase2/results/predictions/full/independent_rms/resnet/seed_29/bandpass_n20004_cRA_LA_LL_covariance_s5.npz,75961,eb098edcaa971a630d254987b2a81228ee7d5fe0d131b5312ab73f23697835f6
resnet,independent_rms,29,bandpass_n20004_cRA_LA_LL_covariance_s0,phase2/results/predictions/full/independent_rms/resnet/seed_29/bandpass_n20004_cRA_LA_LL_covariance_s0.npz,75528,38c09f7ea3170ac7e7cc4489e1c13d3cc2baed1a9dcde0b8784ec42c45e4cc71
resnet,independent_rms,29,bandpass_n20004_cV1_independent_rms_s20,phase2/results/predictions/full/independent_rms/resnet/seed_29/bandpass_n20004_cV1_independent_rms_s20.npz,76364,7809dbef4424c3f2e8247d2ee6a4b8ec28dfe8c21bcd42865a103aea35b6eae2
resnet,independent_rms,29,bandpass_n20004_cV1_independent_rms_s15,phase2/results/predictions/full/independent_rms/resnet/seed_29/bandpass_n20004_cV1_independent_rms_s15.npz,76395,dabec7b02402d117c53c50ac2a0716755caae2a145c262180699089cc39fb4d6
resnet,independent_rms,29,bandpass_n20004_cV1_independent_rms_s10,phase2/results/predictions/full/independent_rms/resnet/seed_29/bandpass_n20004_cV1_independent_rms_s10.npz,76315,fdacbd484a92a633b09cc7700b1bd6d872646dc0adf88e153f716ab8cf00a153
resnet,independent_rms,29,bandpass_n20004_cV1_independent_rms_s5,phase2/results/predictions/full/independent_rms/resnet/seed_29/bandpass_n20004_cV1_independent_rms_s5.npz,76121,40a8df7524203cc83f1b539f89b6bff9162d00d84abd9468db31aae78ce2ba36
resnet,independent_rms,29,bandpass_n20004_cV1_independent_rms_s0,phase2/results/predictions/full/independent_rms/resnet/seed_29/bandpass_n20004_cV1_independent_rms_s0.npz,75612,5d8e1b3e590a9d9d34b1b8ce9c9a1886cfec78689107125112ca298c4b12faa6
resnet,independent_rms,29,bandpass_n20004_cV1_electrode_s20,phase2/results/predictions/full/independent_rms/resnet/seed_29/bandpass_n20004_cV1_electrode_s20.npz,76351,0ec4e9b7bde2c01ccac9e9a3c28ff7fa004c64f64d895950ed5040e3e2085d99
resnet,independent_rms,29,bandpass_n20004_cV1_electrode_s15,phase2/results/predictions/full/independent_rms/resnet/seed_29/bandpass_n20004_cV1_electrode_s15.npz,76341,065f51e23723eb4fee34c7e1acb709ed21667743369a1d88c04c56e946217f42
resnet,independent_rms,29,bandpass_n20004_cV1_electrode_s10,phase2/results/predictions/full/independent_rms/resnet/seed_29/bandpass_n20004_cV1_electrode_s10.npz,76259,5c7f9820d110e4a599b8322cf20fef4a4a7bf16377265cdce8d40f874f810298
resnet,independent_rms,29,bandpass_n20004_cV1_electrode_s5,phase2/results/predictions/full/independent_rms/resnet/seed_29/bandpass_n20004_cV1_electrode_s5.npz,76112,ceefc741f14289d40b646eaa67a12e888922f2de1359764bb08737dce6c14829
resnet,independent_rms,29,bandpass_n20004_cV1_electrode_s0,phase2/results/predictions/full/independent_rms/resnet/seed_29/bandpass_n20004_cV1_electrode_s0.npz,75615,d2601f990f3ea858087f25bc3be0dbe3826a7fb8c27256d1bf1b65313d4a7c7a
resnet,independent_rms,29,bandpass_n20004_cV1_covariance_s20,phase2/results/predictions/full/independent_rms/resnet/seed_29/bandpass_n20004_cV1_covariance_s20.npz,76364,8db835b13f82a865687a60c8e08af341a46a84ed71e2e4020a7fba50f0abe3b3
resnet,independent_rms,29,bandpass_n20004_cV1_covariance_s15,phase2/results/predictions/full/independent_rms/resnet/seed_29/bandpass_n20004_cV1_covariance_s15.npz,76352,c5c7167cfe0eefbf10909d68ed833dca8a33f1e62c5075f6f19ab052c0989f76
resnet,independent_rms,29,bandpass_n20004_cV1_covariance_s10,phase2/results/predictions/full/independent_rms/resnet/seed_29/bandpass_n20004_cV1_covariance_s10.npz,76312,c935773d24459368eb7759fa2f3b000c33dbe20c2506ff8a0d695a5ad32c76df
resnet,independent_rms,29,bandpass_n20004_cV1_covariance_s5,phase2/results/predictions/full/independent_rms/resnet/seed_29/bandpass_n20004_cV1_covariance_s5.npz,76081,309bdcc677c820b700fb7a95c22a8b02eab533d9147c6fbd774b05a06854c507
resnet,independent_rms,29,bandpass_n20004_cV1_covariance_s0,phase2/results/predictions/full/independent_rms/resnet/seed_29/bandpass_n20004_cV1_covariance_s0.npz,75592,c6566ec3185e9824da3544c65a94f7e693bed9b79bd74bc97dbb6fa9e8c79caf
resnet,independent_rms,29,bandpass_n20004_cV2_independent_rms_s20,phase2/results/predictions/full/independent_rms/resnet/seed_29/bandpass_n20004_cV2_independent_rms_s20.npz,76325,9bad6e22ce3d6c36facb16399c0dc489ed8120236fd11587b43ff8311f312723
resnet,independent_rms,29,bandpass_n20004_cV2_independent_rms_s15,phase2/results/predictions/full/independent_rms/resnet/seed_29/bandpass_n20004_cV2_independent_rms_s15.npz,76341,d3f5ca94ec68810134db273ec23870a484818c2175075fd256282b126b315238
resnet,independent_rms,29,bandpass_n20004_cV2_independent_rms_s10,phase2/results/predictions/full/independent_rms/resnet/seed_29/bandpass_n20004_cV2_independent_rms_s10.npz,76315,ad230253f6b39179e908b1c020cd9b1034f507b89913cdd76d1c96a0a97380ad
resnet,independent_rms,29,bandpass_n20004_cV2_independent_rms_s5,phase2/results/predictions/full/independent_rms/resnet/seed_29/bandpass_n20004_cV2_independent_rms_s5.npz,76127,5a7f93f34ee93b123415ddfcec92c05f9606dd828c8e7c982f7e12e2a7b400c2
resnet,independent_rms,29,bandpass_n20004_cV2_independent_rms_s0,phase2/results/predictions/full/independent_rms/resnet/seed_29/bandpass_n20004_cV2_independent_rms_s0.npz,75617,726e3869a263a26ea1d6f711fee1368d08ec94d8d6fff1a18172e78fa3fc8ec0
resnet,independent_rms,29,bandpass_n20004_cV2_electrode_s20,phase2/results/predictions/full/independent_rms/resnet/seed_29/bandpass_n20004_cV2_electrode_s20.npz,76342,570e77b5ca826578c461ad2bb3000929fa7ee289ebd65acfe9dd5d1d33650205
resnet,independent_rms,29,bandpass_n20004_cV2_electrode_s15,phase2/results/predictions/full/independent_rms/resnet/seed_29/bandpass_n20004_cV2_electrode_s15.npz,76358,b1b9efbacaf30a582623e75c4de4f1ef108a5cde0682bfac0760b2998f6c3e3f
resnet,independent_rms,29,bandpass_n20004_cV2_electrode_s10,phase2/results/predictions/full/independent_rms/resnet/seed_29/bandpass_n20004_cV2_electrode_s10.npz,76310,9039f4736115fd80ac7d21cd0c481966280f3b88921ed7a5728e5ced25821e85
resnet,independent_rms,29,bandpass_n20004_cV2_electrode_s5,phase2/results/predictions/full/independent_rms/resnet/seed_29/bandpass_n20004_cV2_electrode_s5.npz,76106,cb3c7f783dc018f961a5fd6f6bdaa58dfd8b84f20713cb18226d5775efd016ad
resnet,independent_rms,29,bandpass_n20004_cV2_electrode_s0,phase2/results/predictions/full/independent_rms/resnet/seed_29/bandpass_n20004_cV2_electrode_s0.npz,75574,77b4ed2cebb08893a8fd63d6e4a7f4194b6178019fa1d595dc2f9a3299f7411f
resnet,independent_rms,29,bandpass_n20004_cV2_covariance_s20,phase2/results/predictions/full/independent_rms/resnet/seed_29/bandpass_n20004_cV2_covariance_s20.npz,76373,cc8df00b0b5703c087baeebd42f93df4508d634c3aeb34d2878f5c13fa00ad64
resnet,independent_rms,29,bandpass_n20004_cV2_covariance_s15,phase2/results/predictions/full/independent_rms/resnet/seed_29/bandpass_n20004_cV2_covariance_s15.npz,76364,66b0d95f4fcb542c3b39d8cb9d96cd3563d03b8391df92393ff10d75c0ced393
resnet,independent_rms,29,bandpass_n20004_cV2_covariance_s10,phase2/results/predictions/full/independent_rms/resnet/seed_29/bandpass_n20004_cV2_covariance_s10.npz,76286,9cf5fc9f0f81641f1083fad6ebd2cfaa82957d6cea81a95549e8c8475b78634a
resnet,independent_rms,29,bandpass_n20004_cV2_covariance_s5,phase2/results/predictions/full/independent_rms/resnet/seed_29/bandpass_n20004_cV2_covariance_s5.npz,76099,71fe3bae7b7469f8826f1bfb1fe85a8e6fb983ddf6a465240c84aeb9dcae9829
resnet,independent_rms,29,bandpass_n20004_cV2_covariance_s0,phase2/results/predictions/full/independent_rms/resnet/seed_29/bandpass_n20004_cV2_covariance_s0.npz,75629,206f716590f9c8794acc25f00a1dbda1617a889b8e141fdc42d5580bd487a590
resnet,independent_rms,29,bandpass_n20004_cV3_independent_rms_s20,phase2/results/predictions/full/independent_rms/resnet/seed_29/bandpass_n20004_cV3_independent_rms_s20.npz,76397,170b326d5d20b91648bb779919cb20a71d63f47910cbb3c434e40ab4ca9d0465
resnet,independent_rms,29,bandpass_n20004_cV3_independent_rms_s15,phase2/results/predictions/full/independent_rms/resnet/seed_29/bandpass_n20004_cV3_independent_rms_s15.npz,76382,d739cd54fcee9c17900476c0fc9d0d1f35a0b071c5d7f19702b0ef0551e5993d
resnet,independent_rms,29,bandpass_n20004_cV3_independent_rms_s10,phase2/results/predictions/full/independent_rms/resnet/seed_29/bandpass_n20004_cV3_independent_rms_s10.npz,76341,d98ffaea6f6de1835fa6af4762028dbf6653b34eb43a3d8f4f093f9abd4f869b
resnet,independent_rms,29,bandpass_n20004_cV3_independent_rms_s5,phase2/results/predictions/full/independent_rms/resnet/seed_29/bandpass_n20004_cV3_independent_rms_s5.npz,76278,993b1af182db6b95f652320b3d6504fcc6209f6140770497196b12789003c49a
resnet,independent_rms,29,bandpass_n20004_cV3_independent_rms_s0,phase2/results/predictions/full/independent_rms/resnet/seed_29/bandpass_n20004_cV3_independent_rms_s0.npz,76005,53b3361d0ae45eca7cd5678ed438dfef7fa6659893d0a57c790564ae110bf27c
resnet,independent_rms,29,bandpass_n20004_cV3_electrode_s20,phase2/results/predictions/full/independent_rms/resnet/seed_29/bandpass_n20004_cV3_electrode_s20.npz,76379,cff02fc3765b701c324c6d3b78d569aa392c10110d4ad0fb14b6a3770e49caf8
resnet,independent_rms,29,bandpass_n20004_cV3_electrode_s15,phase2/results/predictions/full/independent_rms/resnet/seed_29/bandpass_n20004_cV3_electrode_s15.npz,76358,bb08287bddcec5d573be6dd466652f98c55baaf9de40db1e28cff0f61e076fe2
resnet,independent_rms,29,bandpass_n20004_cV3_electrode_s10,phase2/results/predictions/full/independent_rms/resnet/seed_29/bandpass_n20004_cV3_electrode_s10.npz,76345,41425f4870d64e32d48d526e65f657528ae9d20d1382bf985b43dee4ca7a9672
resnet,independent_rms,29,bandpass_n20004_cV3_electrode_s5,phase2/results/predictions/full/independent_rms/resnet/seed_29/bandpass_n20004_cV3_electrode_s5.npz,76258,42f64d4b0c3b578088bbbb011b9803e89fce180f32845c3b369bf6d9f4e75af7
resnet,independent_rms,29,bandpass_n20004_cV3_electrode_s0,phase2/results/predictions/full/independent_rms/resnet/seed_29/bandpass_n20004_cV3_electrode_s0.npz,75958,5b7506b5c28021278a5fa0f59af90301d9eaf3aaf380a7e405afc8dc736090ac
resnet,independent_rms,29,bandpass_n20004_cV3_covariance_s20,phase2/results/predictions/full/independent_rms/resnet/seed_29/bandpass_n20004_cV3_covariance_s20.npz,76386,00ce16a94d92a564072940f955c7032cc737a92d3cecb099cc928d32feb6065c
resnet,independent_rms,29,bandpass_n20004_cV3_covariance_s15,phase2/results/predictions/full/independent_rms/resnet/seed_29/bandpass_n20004_cV3_covariance_s15.npz,76365,233941b0d98fc44bb1d2c340760cde4f2b90a5104da28148bd259ff8333e311c
resnet,independent_rms,29,bandpass_n20004_cV3_covariance_s10,phase2/results/predictions/full/independent_rms/resnet/seed_29/bandpass_n20004_cV3_covariance_s10.npz,76362,2fb98085c24132e91cbe342789e68abe5ecb158b0e87b820b7624f63bf347483
resnet,independent_rms,29,bandpass_n20004_cV3_covariance_s5,phase2/results/predictions/full/independent_rms/resnet/seed_29/bandpass_n20004_cV3_covariance_s5.npz,76247,e31b73d564671fe0f9547d448b2b5bc3f31ce50228dd5847c4f858009e4308c7
resnet,independent_rms,29,bandpass_n20004_cV3_covariance_s0,phase2/results/predictions/full/independent_rms/resnet/seed_29/bandpass_n20004_cV3_covariance_s0.npz,75968,a96909adc3e3280e121d0ebf231109db36e4bc4fc34c2f68eb5a4fa3b5e59af1
resnet,independent_rms,29,bandpass_n20004_cV4_independent_rms_s20,phase2/results/predictions/full/independent_rms/resnet/seed_29/bandpass_n20004_cV4_independent_rms_s20.npz,76361,29dbc41cb22e0986da730f6d8ab80130cad732b7ce68779102212fea5c55a135
resnet,independent_rms,29,bandpass_n20004_cV4_independent_rms_s15,phase2/results/predictions/full/independent_rms/resnet/seed_29/bandpass_n20004_cV4_independent_rms_s15.npz,76367,6ffe115b729c5bc98787a0cf7aa15c9e9d90c3e2c39a08613406508575561d75
resnet,independent_rms,29,bandpass_n20004_cV4_independent_rms_s10,phase2/results/predictions/full/independent_rms/resnet/seed_29/bandpass_n20004_cV4_independent_rms_s10.npz,76331,7c461e7db1ea408960f6463b13d453a87759faf179729dfb69b85dd7fd533381
resnet,independent_rms,29,bandpass_n20004_cV4_independent_rms_s5,phase2/results/predictions/full/independent_rms/resnet/seed_29/bandpass_n20004_cV4_independent_rms_s5.npz,76236,e929aa7c6dda7371cc11f69d12b1245f1b316708998b87f6571f338b5857415e
resnet,independent_rms,29,bandpass_n20004_cV4_independent_rms_s0,phase2/results/predictions/full/independent_rms/resnet/seed_29/bandpass_n20004_cV4_independent_rms_s0.npz,75923,dabe8bf88bd932b2eef99fef244b6099eaf0dbd71baf426e724294e0cff2b8a0
resnet,independent_rms,29,bandpass_n20004_cV4_electrode_s20,phase2/results/predictions/full/independent_rms/resnet/seed_29/bandpass_n20004_cV4_electrode_s20.npz,76393,2e21c31bfbe0c5906eb172627b6ad4998b382f42ca2ff6ab3cb271e13a07ed95
resnet,independent_rms,29,bandpass_n20004_cV4_electrode_s15,phase2/results/predictions/full/independent_rms/resnet/seed_29/bandpass_n20004_cV4_electrode_s15.npz,76377,a80b6a922b75f3e6ed814bccf796d37d2dd0203f629a3339530ec6fc67ab21d3
resnet,independent_rms,29,bandpass_n20004_cV4_electrode_s10,phase2/results/predictions/full/independent_rms/resnet/seed_29/bandpass_n20004_cV4_electrode_s10.npz,76343,76f07fb9cf2f98bbf7e2de55a56ee80b1898a3f44a53a80e0ab1df2a3488242e
resnet,independent_rms,29,bandpass_n20004_cV4_electrode_s5,phase2/results/predictions/full/independent_rms/resnet/seed_29/bandpass_n20004_cV4_electrode_s5.npz,76224,51cf5fa522450760ad74735073538a7f132c9b52f3337e6c6a8b338033cf92bf
resnet,independent_rms,29,bandpass_n20004_cV4_electrode_s0,phase2/results/predictions/full/independent_rms/resnet/seed_29/bandpass_n20004_cV4_electrode_s0.npz,75911,edd7f8c313fdd380959912ab84800b5b0303a69ea29e6dad94af5b6d81b0c2c6
resnet,independent_rms,29,bandpass_n20004_cV4_covariance_s20,phase2/results/predictions/full/independent_rms/resnet/seed_29/bandpass_n20004_cV4_covariance_s20.npz,76385,00476f40b05d942c744c11dd53baee74686ea0f70a3d39ca1bb6f41de04ccf18
resnet,independent_rms,29,bandpass_n20004_cV4_covariance_s15,phase2/results/predictions/full/independent_rms/resnet/seed_29/bandpass_n20004_cV4_covariance_s15.npz,76364,6ac8ab910eabcb67fbda5f2be6ecf2b704e2a47233e9b6b2f72cb7dd34d7bb5f
resnet,independent_rms,29,bandpass_n20004_cV4_covariance_s10,phase2/results/predictions/full/independent_rms/resnet/seed_29/bandpass_n20004_cV4_covariance_s10.npz,76335,44dacea9c14e8fc610dd8f67a173e4acd6d9a3e752a0d1a48da5344e8e2530fb
resnet,independent_rms,29,bandpass_n20004_cV4_covariance_s5,phase2/results/predictions/full/independent_rms/resnet/seed_29/bandpass_n20004_cV4_covariance_s5.npz,76227,9d3ce9a8032d62bf65a7826473274c22d6fa0e61b5f90be50deba87f4f8f1c3c
resnet,independent_rms,29,bandpass_n20004_cV4_covariance_s0,phase2/results/predictions/full/independent_rms/resnet/seed_29/bandpass_n20004_cV4_covariance_s0.npz,75904,f7bf88bc02e0f466219c015609ce9f36a9d3c200c30dbcb6532a7adfbe2c5979
resnet,independent_rms,29,bandpass_n20004_cV5_independent_rms_s20,phase2/results/predictions/full/independent_rms/resnet/seed_29/bandpass_n20004_cV5_independent_rms_s20.npz,76386,3837a36f2d74845efd483d4ce53f3d1e501e9d24ae6f7a58842db390aa4a421d
resnet,independent_rms,29,bandpass_n20004_cV5_independent_rms_s15,phase2/results/predictions/full/independent_rms/resnet/seed_29/bandpass_n20004_cV5_independent_rms_s15.npz,76370,d16eddecbaf83bc483f963a94de4b45629e13440dbb5f6fa8b855d589b2d72b3
resnet,independent_rms,29,bandpass_n20004_cV5_independent_rms_s10,phase2/results/predictions/full/independent_rms/resnet/seed_29/bandpass_n20004_cV5_independent_rms_s10.npz,76292,2b848edaee1ce68a25280578ae0d42686c83e1217efecea5c3bcf94527623aa7
resnet,independent_rms,29,bandpass_n20004_cV5_independent_rms_s5,phase2/results/predictions/full/independent_rms/resnet/seed_29/bandpass_n20004_cV5_independent_rms_s5.npz,76088,83032d750b0f1bf7288cad68a349d399c4a14e93c1ee24afb8d07786c1eca0ea
resnet,independent_rms,29,bandpass_n20004_cV5_independent_rms_s0,phase2/results/predictions/full/independent_rms/resnet/seed_29/bandpass_n20004_cV5_independent_rms_s0.npz,75619,51df826ca6839231019ff24a15a1f0a900412028bb2ba24c060fa665153248eb
resnet,independent_rms,29,bandpass_n20004_cV5_electrode_s20,phase2/results/predictions/full/independent_rms/resnet/seed_29/bandpass_n20004_cV5_electrode_s20.npz,76381,61a15dbc55e1954d5315db49d66435457430de5343ba54707a3a7d290b815411
resnet,independent_rms,29,bandpass_n20004_cV5_electrode_s15,phase2/results/predictions/full/independent_rms/resnet/seed_29/bandpass_n20004_cV5_electrode_s15.npz,76336,50447e33e71c8bcb20294dc23b722e60afd74612c1bc390b24cc6219df9f0d7d
resnet,independent_rms,29,bandpass_n20004_cV5_electrode_s10,phase2/results/predictions/full/independent_rms/resnet/seed_29/bandpass_n20004_cV5_electrode_s10.npz,76280,f14e1a6fa5602f6401e1bed4f77b87b81c03c83980c8f5036d4fa65b68c665dd
resnet,independent_rms,29,bandpass_n20004_cV5_electrode_s5,phase2/results/predictions/full/independent_rms/resnet/seed_29/bandpass_n20004_cV5_electrode_s5.npz,76125,566a0a73e827da0951183553b7ef43949c248d12ba9c1b068428244bbdf63f15
resnet,independent_rms,29,bandpass_n20004_cV5_electrode_s0,phase2/results/predictions/full/independent_rms/resnet/seed_29/bandpass_n20004_cV5_electrode_s0.npz,75619,572e0df10cb3bf80548889b088d7ae4771bd071cb1c42ef0bbd37667aaea0b4a
resnet,independent_rms,29,bandpass_n20004_cV5_covariance_s20,phase2/results/predictions/full/independent_rms/resnet/seed_29/bandpass_n20004_cV5_covariance_s20.npz,76358,deca351a52eedc1e84f1dc79f7d30fad7a105e100cd4449aa2fc72f40cbb56b1
resnet,independent_rms,29,bandpass_n20004_cV5_covariance_s15,phase2/results/predictions/full/independent_rms/resnet/seed_29/bandpass_n20004_cV5_covariance_s15.npz,76308,cf864ec0644efc0e50f5e00bc3dc1e9f1ba0a379c135a51b3558f4de11c85414
resnet,independent_rms,29,bandpass_n20004_cV5_covariance_s10,phase2/results/predictions/full/independent_rms/resnet/seed_29/bandpass_n20004_cV5_covariance_s10.npz,76297,35e9380b479043bb3c5d57dd1b5aea8bce2223ebf1b73a134727d02d3f739dc1
resnet,independent_rms,29,bandpass_n20004_cV5_covariance_s5,phase2/results/predictions/full/independent_rms/resnet/seed_29/bandpass_n20004_cV5_covariance_s5.npz,76101,5dcfd6da11eabfb85ad744e93c762196101739edc67e399b5c7b92ca49d89bc8
resnet,independent_rms,29,bandpass_n20004_cV5_covariance_s0,phase2/results/predictions/full/independent_rms/resnet/seed_29/bandpass_n20004_cV5_covariance_s0.npz,75628,69a0462c59883eca5f10059d20235df2e6ac9163ac4d0e98610ff43596cf3f5c
resnet,independent_rms,29,bandpass_n20004_cV6_independent_rms_s20,phase2/results/predictions/full/independent_rms/resnet/seed_29/bandpass_n20004_cV6_independent_rms_s20.npz,76391,2c5794900115781abf5ae1dc5b3f69bcbfb6b206a76dcaba2ca3d0d445ad75ed
resnet,independent_rms,29,bandpass_n20004_cV6_independent_rms_s15,phase2/results/predictions/full/independent_rms/resnet/seed_29/bandpass_n20004_cV6_independent_rms_s15.npz,76375,2eb03c7877aee9168c68d1d25c36a960b63e8e5ed8f099c34e37c5dcc52ef43a
resnet,independent_rms,29,bandpass_n20004_cV6_independent_rms_s10,phase2/results/predictions/full/independent_rms/resnet/seed_29/bandpass_n20004_cV6_independent_rms_s10.npz,76301,0ac1c230358ac6e141daa66572cb32aa99f7013342de30640d0291262f19d444
resnet,independent_rms,29,bandpass_n20004_cV6_independent_rms_s5,phase2/results/predictions/full/independent_rms/resnet/seed_29/bandpass_n20004_cV6_independent_rms_s5.npz,76159,28379c1709c419a7071bfcfe632391682b05095be0b544d3bbdf87316fab5018
resnet,independent_rms,29,bandpass_n20004_cV6_independent_rms_s0,phase2/results/predictions/full/independent_rms/resnet/seed_29/bandpass_n20004_cV6_independent_rms_s0.npz,75742,a94e11138a2e8e23d4414f82281b241194909e46b2646de2efbe9ba65d558914
resnet,independent_rms,29,bandpass_n20004_cV6_electrode_s20,phase2/results/predictions/full/independent_rms/resnet/seed_29/bandpass_n20004_cV6_electrode_s20.npz,76377,11532489eaeb61a284bb3fc8f3ba28727dd342ffc9a984ec4c89465042a0d1aa
resnet,independent_rms,29,bandpass_n20004_cV6_electrode_s15,phase2/results/predictions/full/independent_rms/resnet/seed_29/bandpass_n20004_cV6_electrode_s15.npz,76342,7b89fb39328e04ff0fe1a0cb86b63648784870dffd94d442dbee1614b168e9eb
resnet,independent_rms,29,bandpass_n20004_cV6_electrode_s10,phase2/results/predictions/full/independent_rms/resnet/seed_29/bandpass_n20004_cV6_electrode_s10.npz,76267,9379f5d21c368eb71ba9199741e5424d61907cd036087518a50046e46b888489
resnet,independent_rms,29,bandpass_n20004_cV6_electrode_s5,phase2/results/predictions/full/independent_rms/resnet/seed_29/bandpass_n20004_cV6_electrode_s5.npz,76143,6ffe2f44117be5e3aab04c58aa832c08f9c62a61d307bb7f97809e31d13c63d7
resnet,independent_rms,29,bandpass_n20004_cV6_electrode_s0,phase2/results/predictions/full/independent_rms/resnet/seed_29/bandpass_n20004_cV6_electrode_s0.npz,75726,714c2cb71d62b18e4f1a07fe7bee7bca6cf91e68b39deb2f2214c75d35f3a587
resnet,independent_rms,29,bandpass_n20004_cV6_covariance_s20,phase2/results/predictions/full/independent_rms/resnet/seed_29/bandpass_n20004_cV6_covariance_s20.npz,76390,19f1d46d821ccb6130040045b82854bc733e65b2e572297d1d0bf81bdd0deae8
resnet,independent_rms,29,bandpass_n20004_cV6_covariance_s15,phase2/results/predictions/full/independent_rms/resnet/seed_29/bandpass_n20004_cV6_covariance_s15.npz,76342,255c40a3da80c844baabb6ed3853bf203a5b6b73ae782bd2888d7214a43e09ea
resnet,independent_rms,29,bandpass_n20004_cV6_covariance_s10,phase2/results/predictions/full/independent_rms/resnet/seed_29/bandpass_n20004_cV6_covariance_s10.npz,76299,8151d008288d570cd0b72c1c9e4a08e6deb35baecea9cb09c81f72f7f23531f1
resnet,independent_rms,29,bandpass_n20004_cV6_covariance_s5,phase2/results/predictions/full/independent_rms/resnet/seed_29/bandpass_n20004_cV6_covariance_s5.npz,76136,9e925bcd62c581fed8a454cc53a7c8c980bdd12f6a3d8b8819d6a629dbef5216
resnet,independent_rms,29,bandpass_n20004_cV6_covariance_s0,phase2/results/predictions/full/independent_rms/resnet/seed_29/bandpass_n20004_cV6_covariance_s0.npz,75719,bfcf6896cd486e610ec17e87088a80c8242d8af6268e1720cd52111f540cdcf0
resnet,independent_rms,29,bandpass_n20004_cRA_LA_independent_rms_s20,phase2/results/predictions/full/independent_rms/resnet/seed_29/bandpass_n20004_cRA_LA_independent_rms_s20.npz,76375,0c8cc7a46b5740f41546d10bb7ed6c5e15098195512182795ee916d1dba1bcf1
resnet,independent_rms,29,bandpass_n20004_cRA_LA_independent_rms_s15,phase2/results/predictions/full/independent_rms/resnet/seed_29/bandpass_n20004_cRA_LA_independent_rms_s15.npz,76353,663a7bd9e9dab951daa7565ce911d420b88f7d4c723440aa441897a2cc57ec87
resnet,independent_rms,29,bandpass_n20004_cRA_LA_independent_rms_s10,phase2/results/predictions/full/independent_rms/resnet/seed_29/bandpass_n20004_cRA_LA_independent_rms_s10.npz,76316,00fb4cdd8f87f1ab5fe04c47dadca92c9f92fdcb0b76049311b9d82645567b54
resnet,independent_rms,29,bandpass_n20004_cRA_LA_independent_rms_s5,phase2/results/predictions/full/independent_rms/resnet/seed_29/bandpass_n20004_cRA_LA_independent_rms_s5.npz,76098,e81b5169db3f4f0cda0fda33792ef456b61b46e3b56b4cb0a3ab3f8074855285
resnet,independent_rms,29,bandpass_n20004_cRA_LA_independent_rms_s0,phase2/results/predictions/full/independent_rms/resnet/seed_29/bandpass_n20004_cRA_LA_independent_rms_s0.npz,75615,1f6e0e3f0f747613ca9dd5f75774513d70ca80c151a73aeaa38d6cdc72fe091c
resnet,independent_rms,29,bandpass_n20004_cRA_LA_electrode_s20,phase2/results/predictions/full/independent_rms/resnet/seed_29/bandpass_n20004_cRA_LA_electrode_s20.npz,76339,dc282ae439559156883e0d271734944df12b085aabecc940d91fbf8692caf63d
resnet,independent_rms,29,bandpass_n20004_cRA_LA_electrode_s15,phase2/results/predictions/full/independent_rms/resnet/seed_29/bandpass_n20004_cRA_LA_electrode_s15.npz,76334,8f6ecee6c05fe541a1544b6da86fd50c63ec8b3a3c0a5123a6f4dc9b6d056802
resnet,independent_rms,29,bandpass_n20004_cRA_LA_electrode_s10,phase2/results/predictions/full/independent_rms/resnet/seed_29/bandpass_n20004_cRA_LA_electrode_s10.npz,76189,9eb746b96f442cf7c36e40908c85bf82b4b03ae98edef8b4e828e63a0b3a3e8a
resnet,independent_rms,29,bandpass_n20004_cRA_LA_electrode_s5,phase2/results/predictions/full/independent_rms/resnet/seed_29/bandpass_n20004_cRA_LA_electrode_s5.npz,75970,53b67b8b2d59963a269f78adcc127a1e0c79916353ec98fe6514489ff97bb3e6
resnet,independent_rms,29,bandpass_n20004_cRA_LA_electrode_s0,phase2/results/predictions/full/independent_rms/resnet/seed_29/bandpass_n20004_cRA_LA_electrode_s0.npz,75437,bb0a7c6edc3a42f97f2971e8b0c252f0291a6eb4ca33942dddeae77ee24430c8
resnet,independent_rms,29,bandpass_n20004_cRA_LA_covariance_s20,phase2/results/predictions/full/independent_rms/resnet/seed_29/bandpass_n20004_cRA_LA_covariance_s20.npz,76367,533d9c826b12943b65a16a8aacb4fccbb8ae30069cb60de10e6d752f86478725
resnet,independent_rms,29,bandpass_n20004_cRA_LA_covariance_s15,phase2/results/predictions/full/independent_rms/resnet/seed_29/bandpass_n20004_cRA_LA_covariance_s15.npz,76340,3f2b6229f640cb96cd484243017ef814dd00195733248fce47b9dee150ce4914
resnet,independent_rms,29,bandpass_n20004_cRA_LA_covariance_s10,phase2/results/predictions/full/independent_rms/resnet/seed_29/bandpass_n20004_cRA_LA_covariance_s10.npz,76213,155b71a502ac31d439c6bdb384a7e0fe9b13432eaaeb5e70059038e46b94d42a
resnet,independent_rms,29,bandpass_n20004_cRA_LA_covariance_s5,phase2/results/predictions/full/independent_rms/resnet/seed_29/bandpass_n20004_cRA_LA_covariance_s5.npz,75959,7b77f88396243c3db990033492a41316a92a9e3ca2996bfb42d80dd12623af74
resnet,independent_rms,29,bandpass_n20004_cRA_LA_covariance_s0,phase2/results/predictions/full/independent_rms/resnet/seed_29/bandpass_n20004_cRA_LA_covariance_s0.npz,75406,a288e19bb6faff3a632c036af34391b4112290b673442cb9eeddf0ad5531671c
resnet,independent_rms,29,bandpass_n20004_cLA_LL_independent_rms_s20,phase2/results/predictions/full/independent_rms/resnet/seed_29/bandpass_n20004_cLA_LL_independent_rms_s20.npz,76398,cf2857dfc258b668972a7ddfb78375d8720525987ef33d47f4b18c80b70b71eb
resnet,independent_rms,29,bandpass_n20004_cLA_LL_independent_rms_s15,phase2/results/predictions/full/independent_rms/resnet/seed_29/bandpass_n20004_cLA_LL_independent_rms_s15.npz,76366,6837154892f3200479a29cb9aeb0cca534ffc1db69b2fb0e9c2c01d7a9fb4b42
resnet,independent_rms,29,bandpass_n20004_cLA_LL_independent_rms_s10,phase2/results/predictions/full/independent_rms/resnet/seed_29/bandpass_n20004_cLA_LL_independent_rms_s10.npz,76301,8759077796352da1731e19ff94a464e91bb1490c776758b84fdea16693a31457
resnet,independent_rms,29,bandpass_n20004_cLA_LL_independent_rms_s5,phase2/results/predictions/full/independent_rms/resnet/seed_29/bandpass_n20004_cLA_LL_independent_rms_s5.npz,76126,e148fa2f020f5df036d45f2281db00dc7d412926b3d28b50c6520c72c5fc3389
resnet,independent_rms,29,bandpass_n20004_cLA_LL_independent_rms_s0,phase2/results/predictions/full/independent_rms/resnet/seed_29/bandpass_n20004_cLA_LL_independent_rms_s0.npz,75657,64fee1975b0b817938aa95b5acb5cf037b08bc3b7fb9d42c79ca3dd6d5ab57f3
resnet,independent_rms,29,bandpass_n20004_cLA_LL_electrode_s20,phase2/results/predictions/full/independent_rms/resnet/seed_29/bandpass_n20004_cLA_LL_electrode_s20.npz,76385,51d76a76ecd794f4374e6607f482ed39941f3eff096fa79b45f26cda5e5a8815
resnet,independent_rms,29,bandpass_n20004_cLA_LL_electrode_s15,phase2/results/predictions/full/independent_rms/resnet/seed_29/bandpass_n20004_cLA_LL_electrode_s15.npz,76305,913041020e33ddd71bce54e64c50a552276d00c10839b172670ed0eedaea4023
resnet,independent_rms,29,bandpass_n20004_cLA_LL_electrode_s10,phase2/results/predictions/full/independent_rms/resnet/seed_29/bandpass_n20004_cLA_LL_electrode_s10.npz,76196,745c1c7f02a5dca9d5f85698e9a49680959ddbd26f62e41e978867cf6cee7f9c
resnet,independent_rms,29,bandpass_n20004_cLA_LL_electrode_s5,phase2/results/predictions/full/independent_rms/resnet/seed_29/bandpass_n20004_cLA_LL_electrode_s5.npz,75960,67824e32a4cd1463518a52afe22ceb24737004c1205b45028a99ed6df7b121b1
resnet,independent_rms,29,bandpass_n20004_cLA_LL_electrode_s0,phase2/results/predictions/full/independent_rms/resnet/seed_29/bandpass_n20004_cLA_LL_electrode_s0.npz,75648,c45186b0111bc93d6980c7db7f81b85852998531ea2e8e183084aaa277f8da3b
resnet,independent_rms,29,bandpass_n20004_cLA_LL_covariance_s20,phase2/results/predictions/full/independent_rms/resnet/seed_29/bandpass_n20004_cLA_LL_covariance_s20.npz,76343,f78f75ec881a4a2ceb082cea15eb7d415469fd8764129b36a9c3269be2c657d6
resnet,independent_rms,29,bandpass_n20004_cLA_LL_covariance_s15,phase2/results/predictions/full/independent_rms/resnet/seed_29/bandpass_n20004_cLA_LL_covariance_s15.npz,76336,e2eae31607e086a9d4c94ba628697d88bf80701a14dea1d6394b565a300f7ff2
resnet,independent_rms,29,bandpass_n20004_cLA_LL_covariance_s10,phase2/results/predictions/full/independent_rms/resnet/seed_29/bandpass_n20004_cLA_LL_covariance_s10.npz,76205,a747faf3e8aec3addba336fd99ac909834cab314302b30d4d49cdfd9ffd8b9dd
resnet,independent_rms,29,bandpass_n20004_cLA_LL_covariance_s5,phase2/results/predictions/full/independent_rms/resnet/seed_29/bandpass_n20004_cLA_LL_covariance_s5.npz,75948,5220979ae6e9c447dbed952465e3c44903a6a51c6c9566a73af3a4ea6c6a3981
resnet,independent_rms,29,bandpass_n20004_cLA_LL_covariance_s0,phase2/results/predictions/full/independent_rms/resnet/seed_29/bandpass_n20004_cLA_LL_covariance_s0.npz,75621,c73133e4d5753980fe0643247a08d88e374940edca66b9fb5c63bd4d24f91ff1
resnet,independent_rms,29,bandpass_n20004_cRA_LL_independent_rms_s20,phase2/results/predictions/full/independent_rms/resnet/seed_29/bandpass_n20004_cRA_LL_independent_rms_s20.npz,76410,68bbc23c6e915ef7662d06d5a5702bfc4dcf4e5beac65a570309b9c14b783bac
resnet,independent_rms,29,bandpass_n20004_cRA_LL_independent_rms_s15,phase2/results/predictions/full/independent_rms/resnet/seed_29/bandpass_n20004_cRA_LL_independent_rms_s15.npz,76348,8487bb78d0846822123e37b83f6eb6211fc544ccd02aa4128d0e76ad6bb3df4c
resnet,independent_rms,29,bandpass_n20004_cRA_LL_independent_rms_s10,phase2/results/predictions/full/independent_rms/resnet/seed_29/bandpass_n20004_cRA_LL_independent_rms_s10.npz,76317,2d8a9121f1552a8a5d2026f6c89bfcc2d932efff15721c0eb17b3351403fcc5e
resnet,independent_rms,29,bandpass_n20004_cRA_LL_independent_rms_s5,phase2/results/predictions/full/independent_rms/resnet/seed_29/bandpass_n20004_cRA_LL_independent_rms_s5.npz,76090,45f1df3ea1fdd47d90e4978eb1717c49077679e3c572196cb3da7a3fb1ae1b72
resnet,independent_rms,29,bandpass_n20004_cRA_LL_independent_rms_s0,phase2/results/predictions/full/independent_rms/resnet/seed_29/bandpass_n20004_cRA_LL_independent_rms_s0.npz,75585,518ad2442e1fbf0e00c5dcf9c52992234fdb5ec6d52db251a099972a3c893d61
resnet,independent_rms,29,bandpass_n20004_cRA_LL_electrode_s20,phase2/results/predictions/full/independent_rms/resnet/seed_29/bandpass_n20004_cRA_LL_electrode_s20.npz,76338,ffebc68cf02cfb65c6cb899428fe8b152be61a1e4fd3ea982815579b22ec4e6b
resnet,independent_rms,29,bandpass_n20004_cRA_LL_electrode_s15,phase2/results/predictions/full/independent_rms/resnet/seed_29/bandpass_n20004_cRA_LL_electrode_s15.npz,76291,1f7f37865012485944ed0995b6d6b48cd3cffb2b085bb48ac5b45f256d16e9c7
resnet,independent_rms,29,bandpass_n20004_cRA_LL_electrode_s10,phase2/results/predictions/full/independent_rms/resnet/seed_29/bandpass_n20004_cRA_LL_electrode_s10.npz,76213,1d4c3a41c350fab85999f2ecc9f6a6cc547df7a740e9677a69045dff7deeabd1
resnet,independent_rms,29,bandpass_n20004_cRA_LL_electrode_s5,phase2/results/predictions/full/independent_rms/resnet/seed_29/bandpass_n20004_cRA_LL_electrode_s5.npz,75928,c4a57c07f4058aa4f1836f686ce9d09cfd36ed72f64b63e60baee762d9366ffd
resnet,independent_rms,29,bandpass_n20004_cRA_LL_electrode_s0,phase2/results/predictions/full/independent_rms/resnet/seed_29/bandpass_n20004_cRA_LL_electrode_s0.npz,75519,c8b86f3288bd6603ca300d98ab782ffad3196c4b2f0e44b60af7dc30386449a6
resnet,independent_rms,29,bandpass_n20004_cRA_LL_covariance_s20,phase2/results/predictions/full/independent_rms/resnet/seed_29/bandpass_n20004_cRA_LL_covariance_s20.npz,76342,2612e7b4fa8c1546c46f9545eba89cf1e172d9ac6e3735491112eb64f78b438b
resnet,independent_rms,29,bandpass_n20004_cRA_LL_covariance_s15,phase2/results/predictions/full/independent_rms/resnet/seed_29/bandpass_n20004_cRA_LL_covariance_s15.npz,76339,bfaff57a5f20238db1abe011a1821ad6fe5c9c7ee12f37386f1dfdd23ef0029a
resnet,independent_rms,29,bandpass_n20004_cRA_LL_covariance_s10,phase2/results/predictions/full/independent_rms/resnet/seed_29/bandpass_n20004_cRA_LL_covariance_s10.npz,76220,5ad36ced778790f767f3396faa45c9399d4d567dd31457316bbbb2c3faa599e9
resnet,independent_rms,29,bandpass_n20004_cRA_LL_covariance_s5,phase2/results/predictions/full/independent_rms/resnet/seed_29/bandpass_n20004_cRA_LL_covariance_s5.npz,75926,31c25b65ff2ab6593ea287afb97048d862cc0b9d09e6c5a0fd0d1ea66e3b0813
resnet,independent_rms,29,bandpass_n20004_cRA_LL_covariance_s0,phase2/results/predictions/full/independent_rms/resnet/seed_29/bandpass_n20004_cRA_LL_covariance_s0.npz,75528,8c43250bad2b923196f247f71091314e9a3ca54a099e4179c16961ebaa833c2f
resnet,independent_rms,29,bandpass_n20004_cRA_independent_rms_s20,phase2/results/predictions/full/independent_rms/resnet/seed_29/bandpass_n20004_cRA_independent_rms_s20.npz,76398,505613912275984c370a0529d91edde27aa1c460a0008d5104ac8f93329525dd
resnet,independent_rms,29,bandpass_n20004_cRA_independent_rms_s15,phase2/results/predictions/full/independent_rms/resnet/seed_29/bandpass_n20004_cRA_independent_rms_s15.npz,76373,04be2afbba64e9a36a186813e9248375242696b29af0a3ed5de4c51e37be6aff
resnet,independent_rms,29,bandpass_n20004_cRA_independent_rms_s10,phase2/results/predictions/full/independent_rms/resnet/seed_29/bandpass_n20004_cRA_independent_rms_s10.npz,76279,ecfc061c9b537131e50a3fdd279185293fb85e687ba317159df06e8763ee654b
resnet,independent_rms,29,bandpass_n20004_cRA_independent_rms_s5,phase2/results/predictions/full/independent_rms/resnet/seed_29/bandpass_n20004_cRA_independent_rms_s5.npz,76127,8908b114a7857509770e42f4b8fa7d935b5f5b547373423bedc0af8bb3b183e4
resnet,independent_rms,29,bandpass_n20004_cRA_independent_rms_s0,phase2/results/predictions/full/independent_rms/resnet/seed_29/bandpass_n20004_cRA_independent_rms_s0.npz,75603,39a1f21cd87bfbc47eefe111011873a04c1392cd0096258f0a39aad974a123e4
resnet,independent_rms,29,bandpass_n20004_cRA_electrode_s20,phase2/results/predictions/full/independent_rms/resnet/seed_29/bandpass_n20004_cRA_electrode_s20.npz,76370,39ca94130c99a5cb6f99e4f0cd739147dc6764adaaaf0ebcbfacd90dc5bee043
resnet,independent_rms,29,bandpass_n20004_cRA_electrode_s15,phase2/results/predictions/full/independent_rms/resnet/seed_29/bandpass_n20004_cRA_electrode_s15.npz,76333,1630fd57ad7e53a6687d0c4c50c9a1c5f054825a4acd22024c7293d9e3acd29a
resnet,independent_rms,29,bandpass_n20004_cRA_electrode_s10,phase2/results/predictions/full/independent_rms/resnet/seed_29/bandpass_n20004_cRA_electrode_s10.npz,76199,d33c1cf3a8ff68257f0cda53d05a4cd10aee2f7a629e18df9301438bd3ec2435
resnet,independent_rms,29,bandpass_n20004_cRA_electrode_s5,phase2/results/predictions/full/independent_rms/resnet/seed_29/bandpass_n20004_cRA_electrode_s5.npz,75957,b4c6290df1306a4140c31907a7b275388a92d2dbf01b8bb6f466d1df1deb43f6
resnet,independent_rms,29,bandpass_n20004_cRA_electrode_s0,phase2/results/predictions/full/independent_rms/resnet/seed_29/bandpass_n20004_cRA_electrode_s0.npz,75355,3b6ad3da84f3e09bba368816671aa9340ba62a02a90e3abb963089a1418349a6
resnet,independent_rms,29,bandpass_n20004_cRA_covariance_s20,phase2/results/predictions/full/independent_rms/resnet/seed_29/bandpass_n20004_cRA_covariance_s20.npz,76360,7000169508973fc6e615cb7dba90e19fa398549dcd2a3b53e5e6922195427f23
resnet,independent_rms,29,bandpass_n20004_cRA_covariance_s15,phase2/results/predictions/full/independent_rms/resnet/seed_29/bandpass_n20004_cRA_covariance_s15.npz,76315,a29ab48f1f04430111dcd334b41fd730352ba34a001637106a659f836699fb4c
resnet,independent_rms,29,bandpass_n20004_cRA_covariance_s10,phase2/results/predictions/full/independent_rms/resnet/seed_29/bandpass_n20004_cRA_covariance_s10.npz,76172,266d07721814a1f998a0e84c04a840ce37e9df39b014e1044ad94ba3c82dc3dd
resnet,independent_rms,29,bandpass_n20004_cRA_covariance_s5,phase2/results/predictions/full/independent_rms/resnet/seed_29/bandpass_n20004_cRA_covariance_s5.npz,75954,027101f80158e6a355327444f17541a600fb54bc74bcd160b85e597cc2fffd9b
resnet,independent_rms,29,bandpass_n20004_cRA_covariance_s0,phase2/results/predictions/full/independent_rms/resnet/seed_29/bandpass_n20004_cRA_covariance_s0.npz,75360,70e508daaf91d7b415259ade783156cae56ca319afa07a3d7c61e1cf4c370798
resnet,independent_rms,29,bandpass_n20004_cLA_independent_rms_s20,phase2/results/predictions/full/independent_rms/resnet/seed_29/bandpass_n20004_cLA_independent_rms_s20.npz,76373,85d5dd1163506f8aac7cd9d1ce129b17368c8fb5870189d6ce9c8720ee523386
resnet,independent_rms,29,bandpass_n20004_cLA_independent_rms_s15,phase2/results/predictions/full/independent_rms/resnet/seed_29/bandpass_n20004_cLA_independent_rms_s15.npz,76344,a389eddb3897564f06ec1b521f3615b59d96d57eb9b5f687a0f2d1ba55690b3f
resnet,independent_rms,29,bandpass_n20004_cLA_independent_rms_s10,phase2/results/predictions/full/independent_rms/resnet/seed_29/bandpass_n20004_cLA_independent_rms_s10.npz,76298,a79810b2df581b3ff340decdb8b8e8a4ced8a6de70f661e3be44c319674ced27
resnet,independent_rms,29,bandpass_n20004_cLA_independent_rms_s5,phase2/results/predictions/full/independent_rms/resnet/seed_29/bandpass_n20004_cLA_independent_rms_s5.npz,76103,8990f2a019ab919e6b1f3745d847248b7d31471027bece8bcffa8e134f83ae38
resnet,independent_rms,29,bandpass_n20004_cLA_independent_rms_s0,phase2/results/predictions/full/independent_rms/resnet/seed_29/bandpass_n20004_cLA_independent_rms_s0.npz,75665,ad30926700193f386db2bfd236fe3dc28e9283fd84a6a84c4324d484e4459d50
resnet,independent_rms,29,bandpass_n20004_cLA_electrode_s20,phase2/results/predictions/full/independent_rms/resnet/seed_29/bandpass_n20004_cLA_electrode_s20.npz,76351,577f3eac6c16a1285fcb74fdbbbad42a10101d1471c07eabd3de9558901988e7
resnet,independent_rms,29,bandpass_n20004_cLA_electrode_s15,phase2/results/predictions/full/independent_rms/resnet/seed_29/bandpass_n20004_cLA_electrode_s15.npz,76353,52276dcdb52b371936a58627584c30b53e2b1e9ba82404d83e6a37277b747128
resnet,independent_rms,29,bandpass_n20004_cLA_electrode_s10,phase2/results/predictions/full/independent_rms/resnet/seed_29/bandpass_n20004_cLA_electrode_s10.npz,76213,87001333c48e1d6e7485898b0c377edfb1434dc7f18b6a9b507b659a0608647f
resnet,independent_rms,29,bandpass_n20004_cLA_electrode_s5,phase2/results/predictions/full/independent_rms/resnet/seed_29/bandpass_n20004_cLA_electrode_s5.npz,75985,e2ddee66b7d07e0a0060478655397f124468d7656e66c92ca799d1c6ea8952da
resnet,independent_rms,29,bandpass_n20004_cLA_electrode_s0,phase2/results/predictions/full/independent_rms/resnet/seed_29/bandpass_n20004_cLA_electrode_s0.npz,75477,8524041dc5b30e25e59cd4d85221ed7374f14a1e0151c265eb2ef7442babb72f
resnet,independent_rms,29,bandpass_n20004_cLA_covariance_s20,phase2/results/predictions/full/independent_rms/resnet/seed_29/bandpass_n20004_cLA_covariance_s20.npz,76355,4e91dd073adc35e48e7668997e802d5febab8ed0deb99fa0f069f659f23d933c
resnet,independent_rms,29,bandpass_n20004_cLA_covariance_s15,phase2/results/predictions/full/independent_rms/resnet/seed_29/bandpass_n20004_cLA_covariance_s15.npz,76325,de9e6811afd54e36a8db9f550c215d508d8306d80be6b2325d529a765107b128
resnet,independent_rms,29,bandpass_n20004_cLA_covariance_s10,phase2/results/predictions/full/independent_rms/resnet/seed_29/bandpass_n20004_cLA_covariance_s10.npz,76202,be3ae286baa6c89073f68b26f15d6e41356b30e88e30e0de1f2eaa5f1e229cec
resnet,independent_rms,29,bandpass_n20004_cLA_covariance_s5,phase2/results/predictions/full/independent_rms/resnet/seed_29/bandpass_n20004_cLA_covariance_s5.npz,75979,f16d6391d9a0816232070092157a302319e96e0764b4316dc5e14e3c23107fb9
resnet,independent_rms,29,bandpass_n20004_cLA_covariance_s0,phase2/results/predictions/full/independent_rms/resnet/seed_29/bandpass_n20004_cLA_covariance_s0.npz,75501,81d8aeb4d5b55e619e518b6f3e39b720ed7a9cb3086e1f05d3269f59603d5195
resnet,independent_rms,29,bandpass_n20004_cLL_independent_rms_s20,phase2/results/predictions/full/independent_rms/resnet/seed_29/bandpass_n20004_cLL_independent_rms_s20.npz,76381,ce92617b3432d643fd72c7b63f34e0b14d81e2a3730db3382de52190016ea5d0
resnet,independent_rms,29,bandpass_n20004_cLL_independent_rms_s15,phase2/results/predictions/full/independent_rms/resnet/seed_29/bandpass_n20004_cLL_independent_rms_s15.npz,76365,8a3cd4c82a6d292e506f32014073c9ca3ac84f04b0bbbafe41329f4351263264
resnet,independent_rms,29,bandpass_n20004_cLL_independent_rms_s10,phase2/results/predictions/full/independent_rms/resnet/seed_29/bandpass_n20004_cLL_independent_rms_s10.npz,76290,df68bb1afc32f04a0291fba3518c9bfbdf1fc40a50746203e137c682db1be7c6
resnet,independent_rms,29,bandpass_n20004_cLL_independent_rms_s5,phase2/results/predictions/full/independent_rms/resnet/seed_29/bandpass_n20004_cLL_independent_rms_s5.npz,76096,aa5f14900919a3d17a881a9a14430c396064f635a19a4afd417a11c625655d4b
resnet,independent_rms,29,bandpass_n20004_cLL_independent_rms_s0,phase2/results/predictions/full/independent_rms/resnet/seed_29/bandpass_n20004_cLL_independent_rms_s0.npz,75642,e450fc3bb8f568145558bf345c7eff7b377a1456095f87674a0c039760135318
resnet,independent_rms,29,bandpass_n20004_cLL_electrode_s20,phase2/results/predictions/full/independent_rms/resnet/seed_29/bandpass_n20004_cLL_electrode_s20.npz,76369,7d2e84104f60485870e938aa8e2374ba97dabac6510178ab12148a8356720808
resnet,independent_rms,29,bandpass_n20004_cLL_electrode_s15,phase2/results/predictions/full/independent_rms/resnet/seed_29/bandpass_n20004_cLL_electrode_s15.npz,76300,87181b7483ad9e3bbdb1310cd78b5fa19491e18afdc508a88c222d7e0ee769f5
resnet,independent_rms,29,bandpass_n20004_cLL_electrode_s10,phase2/results/predictions/full/independent_rms/resnet/seed_29/bandpass_n20004_cLL_electrode_s10.npz,76191,d22f1507c8fbfe368492ca277155c3ea57def406c283096c2c2262522ce666de
resnet,independent_rms,29,bandpass_n20004_cLL_electrode_s5,phase2/results/predictions/full/independent_rms/resnet/seed_29/bandpass_n20004_cLL_electrode_s5.npz,75931,ec8bd0bcf48557121007fccb8618dfd1d2c27d8264a7be16e575238fc8d101ef
resnet,independent_rms,29,bandpass_n20004_cLL_electrode_s0,phase2/results/predictions/full/independent_rms/resnet/seed_29/bandpass_n20004_cLL_electrode_s0.npz,75689,1135e5a50220d25479ad99dbafa5edd3d279fe2496a396ec0e64026097a528b1
resnet,independent_rms,29,bandpass_n20004_cLL_covariance_s20,phase2/results/predictions/full/independent_rms/resnet/seed_29/bandpass_n20004_cLL_covariance_s20.npz,76401,d1792624f50ce0419491fb7804184204e8c96d7778586f1629385b1397aa845e
resnet,independent_rms,29,bandpass_n20004_cLL_covariance_s15,phase2/results/predictions/full/independent_rms/resnet/seed_29/bandpass_n20004_cLL_covariance_s15.npz,76308,9995f565c0ee03dd529466ed08033a21719b2531fab09b2e15e8362395b97e9a
resnet,independent_rms,29,bandpass_n20004_cLL_covariance_s10,phase2/results/predictions/full/independent_rms/resnet/seed_29/bandpass_n20004_cLL_covariance_s10.npz,76172,9607dbe9110407aa43e4dbf29808cdcedec917f77bdfba5b0a86b6314c27f42d
resnet,independent_rms,29,bandpass_n20004_cLL_covariance_s5,phase2/results/predictions/full/independent_rms/resnet/seed_29/bandpass_n20004_cLL_covariance_s5.npz,75916,6b5726984955b44e67e24fde60c3bfd4cce3f80e239b8bb3f8b604e0dc7d368e
resnet,independent_rms,29,bandpass_n20004_cLL_covariance_s0,phase2/results/predictions/full/independent_rms/resnet/seed_29/bandpass_n20004_cLL_covariance_s0.npz,75697,39a2b1f5eda4e5524b6b8ac87371c1651b9e43e7e66049d3c1219374752cbfd6
resnet,independent_rms,29,bandpass_n20004_cRA_V1_independent_rms_s20,phase2/results/predictions/full/independent_rms/resnet/seed_29/bandpass_n20004_cRA_V1_independent_rms_s20.npz,76376,16adffcdcbb34c8d1737f120ac602c51d7db308c7dc44f745e430bd0a78f793f
resnet,independent_rms,29,bandpass_n20004_cRA_V1_independent_rms_s15,phase2/results/predictions/full/independent_rms/resnet/seed_29/bandpass_n20004_cRA_V1_independent_rms_s15.npz,76369,f0942ae5312b42e300bbcb9abdd9ac33cfd5ae9ee306bdc04f67bbcdabf7269c
resnet,independent_rms,29,bandpass_n20004_cRA_V1_independent_rms_s10,phase2/results/predictions/full/independent_rms/resnet/seed_29/bandpass_n20004_cRA_V1_independent_rms_s10.npz,76322,3f80aecbd8c1ba42576509ec75b452379247a65972506765f7703f65676f69e8
resnet,independent_rms,29,bandpass_n20004_cRA_V1_independent_rms_s5,phase2/results/predictions/full/independent_rms/resnet/seed_29/bandpass_n20004_cRA_V1_independent_rms_s5.npz,76129,1e9691400a5887bf5e5c8a4730cb433a37e62aa5ca5b9abff23311c8f566ca5b
resnet,independent_rms,29,bandpass_n20004_cRA_V1_independent_rms_s0,phase2/results/predictions/full/independent_rms/resnet/seed_29/bandpass_n20004_cRA_V1_independent_rms_s0.npz,75595,224b11ae5406c938d3448e35274044c17ce02f9b06f65a6ac509afad09580739
resnet,independent_rms,29,bandpass_n20004_cRA_V1_electrode_s20,phase2/results/predictions/full/independent_rms/resnet/seed_29/bandpass_n20004_cRA_V1_electrode_s20.npz,76381,425a82e5fff8611ee65e26525355dbc33e372092929739ee69257745abe2e44d
resnet,independent_rms,29,bandpass_n20004_cRA_V1_electrode_s15,phase2/results/predictions/full/independent_rms/resnet/seed_29/bandpass_n20004_cRA_V1_electrode_s15.npz,76317,488a210078abf7ae89da8ff171955d4fe4ae0aa83d620afb02fb954196b122ff
resnet,independent_rms,29,bandpass_n20004_cRA_V1_electrode_s10,phase2/results/predictions/full/independent_rms/resnet/seed_29/bandpass_n20004_cRA_V1_electrode_s10.npz,76212,2cbbb54cbccf45e68c04f387f27b5637e1dc23917434ba88e1b20d9ba63b7d2e
resnet,independent_rms,29,bandpass_n20004_cRA_V1_electrode_s5,phase2/results/predictions/full/independent_rms/resnet/seed_29/bandpass_n20004_cRA_V1_electrode_s5.npz,75965,169a553ebf0a5830599e90acb0e1ed56c60a0b207e2fd27553c7750e2ff7e5bd
resnet,independent_rms,29,bandpass_n20004_cRA_V1_electrode_s0,phase2/results/predictions/full/independent_rms/resnet/seed_29/bandpass_n20004_cRA_V1_electrode_s0.npz,75384,7c59c136cb0e00b5974ed7c2ac06b74382adc9ef0f6dcb03fd7ceef5d232c684
resnet,independent_rms,29,bandpass_n20004_cRA_V1_covariance_s20,phase2/results/predictions/full/independent_rms/resnet/seed_29/bandpass_n20004_cRA_V1_covariance_s20.npz,76387,7e2b410bf0ddc822cf5d0accae47563cdaf7749475ce3de48c3d8648e0aaedad
resnet,independent_rms,29,bandpass_n20004_cRA_V1_covariance_s15,phase2/results/predictions/full/independent_rms/resnet/seed_29/bandpass_n20004_cRA_V1_covariance_s15.npz,76332,e7bb1de692d9130075bc6c43064d019bc88ff74b4066dd096bbbc79cae900577
resnet,independent_rms,29,bandpass_n20004_cRA_V1_covariance_s10,phase2/results/predictions/full/independent_rms/resnet/seed_29/bandpass_n20004_cRA_V1_covariance_s10.npz,76209,4edb8cb27333667004d96b9753fc2ffe337fa16bab67ccce6984a858d9414d61
resnet,independent_rms,29,bandpass_n20004_cRA_V1_covariance_s5,phase2/results/predictions/full/independent_rms/resnet/seed_29/bandpass_n20004_cRA_V1_covariance_s5.npz,75984,889da29f375ceeb361f301f3840b8f71aa3d17beb6ef97eaba9af0c1622a8af7
resnet,independent_rms,29,bandpass_n20004_cRA_V1_covariance_s0,phase2/results/predictions/full/independent_rms/resnet/seed_29/bandpass_n20004_cRA_V1_covariance_s0.npz,75358,329c87e2776449fc9742b845c87fec0f922c0239fb306dd0fff077aed33e7b17
resnet,independent_rms,29,bandpass_n20004_cLA_V6_independent_rms_s20,phase2/results/predictions/full/independent_rms/resnet/seed_29/bandpass_n20004_cLA_V6_independent_rms_s20.npz,76394,fdc8e0c478f7c4122592f9f848479247062105d2c3fdacb8bee7f29d57727c23
resnet,independent_rms,29,bandpass_n20004_cLA_V6_independent_rms_s15,phase2/results/predictions/full/independent_rms/resnet/seed_29/bandpass_n20004_cLA_V6_independent_rms_s15.npz,76361,f66d633a55c1224883302ee2f8d9e5e82b02c1ffc32ac928b5c4dfdd1fddb46b
resnet,independent_rms,29,bandpass_n20004_cLA_V6_independent_rms_s10,phase2/results/predictions/full/independent_rms/resnet/seed_29/bandpass_n20004_cLA_V6_independent_rms_s10.npz,76292,1e91f26483a4fceeb7f806f7059415d049b0d5b59b6830919ddb55af423c0284
resnet,independent_rms,29,bandpass_n20004_cLA_V6_independent_rms_s5,phase2/results/predictions/full/independent_rms/resnet/seed_29/bandpass_n20004_cLA_V6_independent_rms_s5.npz,76106,d983c5be90f43fda7ad9d913a67d49826f39ebe224defa9a7ae3e47cde7baa63
resnet,independent_rms,29,bandpass_n20004_cLA_V6_independent_rms_s0,phase2/results/predictions/full/independent_rms/resnet/seed_29/bandpass_n20004_cLA_V6_independent_rms_s0.npz,75678,034ea1924ab6f061adf2be95c5db50274f1b0c5ecd278bc907d62461ff9109ff
resnet,independent_rms,29,bandpass_n20004_cLA_V6_electrode_s20,phase2/results/predictions/full/independent_rms/resnet/seed_29/bandpass_n20004_cLA_V6_electrode_s20.npz,76372,b945659ffea297d788502e3b5552633f008a6904efe3a9d0b965a13c59f94d49
resnet,independent_rms,29,bandpass_n20004_cLA_V6_electrode_s15,phase2/results/predictions/full/independent_rms/resnet/seed_29/bandpass_n20004_cLA_V6_electrode_s15.npz,76363,84c0162575930861fe674d7b54edd540354738962ba6b8a91ce19376fe1ccf2d
resnet,independent_rms,29,bandpass_n20004_cLA_V6_electrode_s10,phase2/results/predictions/full/independent_rms/resnet/seed_29/bandpass_n20004_cLA_V6_electrode_s10.npz,76231,37ac3737aa965b2c22eca66c35f5f93bd6aad7875f01eb6ab74002331531a22a
resnet,independent_rms,29,bandpass_n20004_cLA_V6_electrode_s5,phase2/results/predictions/full/independent_rms/resnet/seed_29/bandpass_n20004_cLA_V6_electrode_s5.npz,76005,79cd1662b02025f917cd4eb333fb1181f6ef1208340a3ef2e4b7435431d8dd43
resnet,independent_rms,29,bandpass_n20004_cLA_V6_electrode_s0,phase2/results/predictions/full/independent_rms/resnet/seed_29/bandpass_n20004_cLA_V6_electrode_s0.npz,75496,017012f49bd6a9d69a253eecc32431b54b71cabcf851b8111a5a2f5610ebbf74
resnet,independent_rms,29,bandpass_n20004_cLA_V6_covariance_s20,phase2/results/predictions/full/independent_rms/resnet/seed_29/bandpass_n20004_cLA_V6_covariance_s20.npz,76377,9a27221d9c528ea0fcc6f4cb91e665af211e780a244b1388a2a1c105f7cf6732
resnet,independent_rms,29,bandpass_n20004_cLA_V6_covariance_s15,phase2/results/predictions/full/independent_rms/resnet/seed_29/bandpass_n20004_cLA_V6_covariance_s15.npz,76331,b62a7bc7a677024c4c249131c445bda571800d96bcbc54d0d6585ee4269f8285
resnet,independent_rms,29,bandpass_n20004_cLA_V6_covariance_s10,phase2/results/predictions/full/independent_rms/resnet/seed_29/bandpass_n20004_cLA_V6_covariance_s10.npz,76256,85ed23453510bef3b911dae1e999a2090f3cf0157e7a6e38f8f19e2f2174717d
resnet,independent_rms,29,bandpass_n20004_cLA_V6_covariance_s5,phase2/results/predictions/full/independent_rms/resnet/seed_29/bandpass_n20004_cLA_V6_covariance_s5.npz,76012,b68c7eebf675995ce2cbb7edad8d81d827de19a71c1aba0dadedbfef7cfdd2fc
resnet,independent_rms,29,bandpass_n20004_cLA_V6_covariance_s0,phase2/results/predictions/full/independent_rms/resnet/seed_29/bandpass_n20004_cLA_V6_covariance_s0.npz,75568,65d2d11001238fa75cd71919efc96e8d9fc731ad23a721f38462ecf5caab6732
resnet,independent_rms,29,bandpass_n20004_cLL_V4_independent_rms_s20,phase2/results/predictions/full/independent_rms/resnet/seed_29/bandpass_n20004_cLL_V4_independent_rms_s20.npz,76423,834cb7ee9e7b0cef1c8732aa2312cf8687db6a8e9512073fd361145cd75ff0ad
resnet,independent_rms,29,bandpass_n20004_cLL_V4_independent_rms_s15,phase2/results/predictions/full/independent_rms/resnet/seed_29/bandpass_n20004_cLL_V4_independent_rms_s15.npz,76384,61d196f239920b810c285bb86964ddd60d6df0d53f6c54b7f1efee985f74b807
resnet,independent_rms,29,bandpass_n20004_cLL_V4_independent_rms_s10,phase2/results/predictions/full/independent_rms/resnet/seed_29/bandpass_n20004_cLL_V4_independent_rms_s10.npz,76322,f8f5908ca7f165e963c3f1a1f081863893db73974f6972f96868a80dd3cf88ba
resnet,independent_rms,29,bandpass_n20004_cLL_V4_independent_rms_s5,phase2/results/predictions/full/independent_rms/resnet/seed_29/bandpass_n20004_cLL_V4_independent_rms_s5.npz,76155,68a85bbccebea962756d3ea6942654de8bcc3fc55ffc0d26172b093300b9d939
resnet,independent_rms,29,bandpass_n20004_cLL_V4_independent_rms_s0,phase2/results/predictions/full/independent_rms/resnet/seed_29/bandpass_n20004_cLL_V4_independent_rms_s0.npz,75686,3625ca00a479cf24ebadfcefba9bb0d34316d1c14d2aeee49cfb5d60b72cea94
resnet,independent_rms,29,bandpass_n20004_cLL_V4_electrode_s20,phase2/results/predictions/full/independent_rms/resnet/seed_29/bandpass_n20004_cLL_V4_electrode_s20.npz,76364,b579a022e9eb57684f27d4bca425ae96354544c5e6748b9fed82abe5c85ce2b5
resnet,independent_rms,29,bandpass_n20004_cLL_V4_electrode_s15,phase2/results/predictions/full/independent_rms/resnet/seed_29/bandpass_n20004_cLL_V4_electrode_s15.npz,76317,601b5ccd98ac54dfb135b822a47d015b405b55d99f52aa0f9eeee9f8b30dedc7
resnet,independent_rms,29,bandpass_n20004_cLL_V4_electrode_s10,phase2/results/predictions/full/independent_rms/resnet/seed_29/bandpass_n20004_cLL_V4_electrode_s10.npz,76240,e90d7ab16c090e9661027f918d1dceda7084b7bce7124ee01045af66aceee3d7
resnet,independent_rms,29,bandpass_n20004_cLL_V4_electrode_s5,phase2/results/predictions/full/independent_rms/resnet/seed_29/bandpass_n20004_cLL_V4_electrode_s5.npz,75982,fd14e61b2d073856daf380202ae9a6f83df55166e04c002092c94c8385ebe1c1
resnet,independent_rms,29,bandpass_n20004_cLL_V4_electrode_s0,phase2/results/predictions/full/independent_rms/resnet/seed_29/bandpass_n20004_cLL_V4_electrode_s0.npz,75700,317d6e14b1cbca4c4499487a987a31f428b561b6df04d75038b6b17cf7ebcc17
resnet,independent_rms,29,bandpass_n20004_cLL_V4_covariance_s20,phase2/results/predictions/full/independent_rms/resnet/seed_29/bandpass_n20004_cLL_V4_covariance_s20.npz,76351,28e7e663aad34cd95b5293de06099de9c2d777db970c667d2fddfbf305d05994
resnet,independent_rms,29,bandpass_n20004_cLL_V4_covariance_s15,phase2/results/predictions/full/independent_rms/resnet/seed_29/bandpass_n20004_cLL_V4_covariance_s15.npz,76319,f1470b1357db5550d9ed58e27c7e3ddecc479fa5b02c314df4b5ea81c60a2694
resnet,independent_rms,29,bandpass_n20004_cLL_V4_covariance_s10,phase2/results/predictions/full/independent_rms/resnet/seed_29/bandpass_n20004_cLL_V4_covariance_s10.npz,76232,71fce51f0ff272783004de14b3956c5ce39ab205f40cfbe69526962dba44e2b2
resnet,independent_rms,29,bandpass_n20004_cLL_V4_covariance_s5,phase2/results/predictions/full/independent_rms/resnet/seed_29/bandpass_n20004_cLL_V4_covariance_s5.npz,75997,e4d9e2e691b204df64ac785a943b302e4f5e792eeb53282389de2c5976b3814f
resnet,independent_rms,29,bandpass_n20004_cLL_V4_covariance_s0,phase2/results/predictions/full/independent_rms/resnet/seed_29/bandpass_n20004_cLL_V4_covariance_s0.npz,75678,7596bd56d4f5839a0043759077ac7b5441647949719c65c789f0540fc76e4dc9
resnet,independent_rms,29,bandpass_n20004_cRA_LA_V1_V6_independent_rms_s20,phase2/results/predictions/full/independent_rms/resnet/seed_29/bandpass_n20004_cRA_LA_V1_V6_independent_rms_s20.npz,76411,825e96cd00cbf260681b3b380bc6d670033b0d5ac343921f503b4729cb03596e
resnet,independent_rms,29,bandpass_n20004_cRA_LA_V1_V6_independent_rms_s15,phase2/results/predictions/full/independent_rms/resnet/seed_29/bandpass_n20004_cRA_LA_V1_V6_independent_rms_s15.npz,76385,789da11414f12565f7bd9e7cb6cc0d23bcf6656c9129efee8739934dfb39fc6b
resnet,independent_rms,29,bandpass_n20004_cRA_LA_V1_V6_independent_rms_s10,phase2/results/predictions/full/independent_rms/resnet/seed_29/bandpass_n20004_cRA_LA_V1_V6_independent_rms_s10.npz,76327,5254d6b766fe21d41ce2968f5b9d6b4ada0327e1c72849c47d686046deca720a
resnet,independent_rms,29,bandpass_n20004_cRA_LA_V1_V6_independent_rms_s5,phase2/results/predictions/full/independent_rms/resnet/seed_29/bandpass_n20004_cRA_LA_V1_V6_independent_rms_s5.npz,76111,fc9e98adb3e1de3a3b27a0d81790e482cb7271c04baecdbff2a4344ab5d29150
resnet,independent_rms,29,bandpass_n20004_cRA_LA_V1_V6_independent_rms_s0,phase2/results/predictions/full/independent_rms/resnet/seed_29/bandpass_n20004_cRA_LA_V1_V6_independent_rms_s0.npz,75672,e01c034297e1d3c725a084d9ddceb565acc5bfea4f30d9ca02537f5c9f5c7d9e
resnet,independent_rms,29,bandpass_n20004_cRA_LA_V1_V6_electrode_s20,phase2/results/predictions/full/independent_rms/resnet/seed_29/bandpass_n20004_cRA_LA_V1_V6_electrode_s20.npz,76399,870793ecd51ebe1473e9be3523a89832aba35502b4f6420f52a21d29b1c5ca5e
resnet,independent_rms,29,bandpass_n20004_cRA_LA_V1_V6_electrode_s15,phase2/results/predictions/full/independent_rms/resnet/seed_29/bandpass_n20004_cRA_LA_V1_V6_electrode_s15.npz,76371,efeac605becfc415aab9f1024794946be8df03ac7fe9bd64e07f30e323d4c350
resnet,independent_rms,29,bandpass_n20004_cRA_LA_V1_V6_electrode_s10,phase2/results/predictions/full/independent_rms/resnet/seed_29/bandpass_n20004_cRA_LA_V1_V6_electrode_s10.npz,76257,97f315abbef87f16061d00bcbd3ff234957b952fc0da51c14601d4ed8d335e40
resnet,independent_rms,29,bandpass_n20004_cRA_LA_V1_V6_electrode_s5,phase2/results/predictions/full/independent_rms/resnet/seed_29/bandpass_n20004_cRA_LA_V1_V6_electrode_s5.npz,75981,2db96217c71f7eb5b6c6d9ef9021ff0cf69470a9bf295d594237ab936863512f
resnet,independent_rms,29,bandpass_n20004_cRA_LA_V1_V6_electrode_s0,phase2/results/predictions/full/independent_rms/resnet/seed_29/bandpass_n20004_cRA_LA_V1_V6_electrode_s0.npz,75446,a27b5b18c9eeb98549820a9dab8b28d499b0a5df7bb2ecb1c254b3a74031dfa9
resnet,independent_rms,29,bandpass_n20004_cRA_LA_V1_V6_covariance_s20,phase2/results/predictions/full/independent_rms/resnet/seed_29/bandpass_n20004_cRA_LA_V1_V6_covariance_s20.npz,76411,856cd23dc896c759baaa680714120708115bef7a2b90013add866a5de5a20290
resnet,independent_rms,29,bandpass_n20004_cRA_LA_V1_V6_covariance_s15,phase2/results/predictions/full/independent_rms/resnet/seed_29/bandpass_n20004_cRA_LA_V1_V6_covariance_s15.npz,76336,8eaf5e63ce25512131a8624d1f48fd18bd0a8a18d8d93dfeadab70fe77335582
resnet,independent_rms,29,bandpass_n20004_cRA_LA_V1_V6_covariance_s10,phase2/results/predictions/full/independent_rms/resnet/seed_29/bandpass_n20004_cRA_LA_V1_V6_covariance_s10.npz,76239,89ff63b5ee5badf319dc7c1a3bf992eab819e9f131c2f86271382a4bc7046070
resnet,independent_rms,29,bandpass_n20004_cRA_LA_V1_V6_covariance_s5,phase2/results/predictions/full/independent_rms/resnet/seed_29/bandpass_n20004_cRA_LA_V1_V6_covariance_s5.npz,76004,990f6e1b5901a35472dfd9582b2ef458bd196a5adcdb7456acfab4be2e75b61b
resnet,independent_rms,29,bandpass_n20004_cRA_LA_V1_V6_covariance_s0,phase2/results/predictions/full/independent_rms/resnet/seed_29/bandpass_n20004_cRA_LA_V1_V6_covariance_s0.npz,75450,0f55f438d4477dac9505d06698a83d55c8e82849b92ec2102d2700add65c4b1c
resnet,independent_rms,29,bandpass_n20004_cRA_V2_V5_independent_rms_s20,phase2/results/predictions/full/independent_rms/resnet/seed_29/bandpass_n20004_cRA_V2_V5_independent_rms_s20.npz,76419,351520de813cd16eca76b7661b7e2c1c4f3d785fc087cf8be8b4cba488fd2662
resnet,independent_rms,29,bandpass_n20004_cRA_V2_V5_independent_rms_s15,phase2/results/predictions/full/independent_rms/resnet/seed_29/bandpass_n20004_cRA_V2_V5_independent_rms_s15.npz,76376,5f0aa447c9c164ef6d4bb520d1ee25b43b90ac004c03eeab2d0763fb417a2442
resnet,independent_rms,29,bandpass_n20004_cRA_V2_V5_independent_rms_s10,phase2/results/predictions/full/independent_rms/resnet/seed_29/bandpass_n20004_cRA_V2_V5_independent_rms_s10.npz,76308,dfe11ec417286b28d2a2702a4e557a77926b72fad4f04ff9044a6c598b27cc90
resnet,independent_rms,29,bandpass_n20004_cRA_V2_V5_independent_rms_s5,phase2/results/predictions/full/independent_rms/resnet/seed_29/bandpass_n20004_cRA_V2_V5_independent_rms_s5.npz,76133,76b57c16546d2fb5bfc57e2b57fc2527879159a6a57f9f887dfe6cd625fd49f0
resnet,independent_rms,29,bandpass_n20004_cRA_V2_V5_independent_rms_s0,phase2/results/predictions/full/independent_rms/resnet/seed_29/bandpass_n20004_cRA_V2_V5_independent_rms_s0.npz,75626,250f4e3461542e26e7fbab8adad78efbc5c1215b4d40e53225894b1e906d877a
resnet,independent_rms,29,bandpass_n20004_cRA_V2_V5_electrode_s20,phase2/results/predictions/full/independent_rms/resnet/seed_29/bandpass_n20004_cRA_V2_V5_electrode_s20.npz,76378,259bf9a1ac2e60cab1aa485535b7ef5ef3d0ddba0902e355708033c69dbc82f0
resnet,independent_rms,29,bandpass_n20004_cRA_V2_V5_electrode_s15,phase2/results/predictions/full/independent_rms/resnet/seed_29/bandpass_n20004_cRA_V2_V5_electrode_s15.npz,76362,3cc69e7b5e40ee26f2d9a2f255212338cba46b8a1cc7c6151f838a7f41145899
resnet,independent_rms,29,bandpass_n20004_cRA_V2_V5_electrode_s10,phase2/results/predictions/full/independent_rms/resnet/seed_29/bandpass_n20004_cRA_V2_V5_electrode_s10.npz,76236,e353434108c47c7e7f7e9aa9fdee39eacfe85a014d0e6b10bfda6f595f3c7adc
resnet,independent_rms,29,bandpass_n20004_cRA_V2_V5_electrode_s5,phase2/results/predictions/full/independent_rms/resnet/seed_29/bandpass_n20004_cRA_V2_V5_electrode_s5.npz,75985,757e1474ad5432599a551ff14adffac040d7de2bc5725e75349921210cbf669f
resnet,independent_rms,29,bandpass_n20004_cRA_V2_V5_electrode_s0,phase2/results/predictions/full/independent_rms/resnet/seed_29/bandpass_n20004_cRA_V2_V5_electrode_s0.npz,75408,6dd78870a87d0cf095a9d2793d58ea07a0cc7483b8166c6f6473d79c2d5ec4ed
resnet,independent_rms,29,bandpass_n20004_cRA_V2_V5_covariance_s20,phase2/results/predictions/full/independent_rms/resnet/seed_29/bandpass_n20004_cRA_V2_V5_covariance_s20.npz,76386,6473f7c636df16b7de9087dcf6cace82b3f1d1810bcd313b86dd03931dde4f7a
resnet,independent_rms,29,bandpass_n20004_cRA_V2_V5_covariance_s15,phase2/results/predictions/full/independent_rms/resnet/seed_29/bandpass_n20004_cRA_V2_V5_covariance_s15.npz,76364,31aa59ec2ccd813cd7e6a035155806e7f1f241bc365a45402132fa46ad9b7ba0
resnet,independent_rms,29,bandpass_n20004_cRA_V2_V5_covariance_s10,phase2/results/predictions/full/independent_rms/resnet/seed_29/bandpass_n20004_cRA_V2_V5_covariance_s10.npz,76221,bda2f2714c66389846831c59c526aef09592784b687e7db49c5e83638535c48f
resnet,independent_rms,29,bandpass_n20004_cRA_V2_V5_covariance_s5,phase2/results/predictions/full/independent_rms/resnet/seed_29/bandpass_n20004_cRA_V2_V5_covariance_s5.npz,76000,57a6f77f2b22907a1e3098fbbe8d9475458f3b99578628dd03f3b0e1f78d8fd6
resnet,independent_rms,29,bandpass_n20004_cRA_V2_V5_covariance_s0,phase2/results/predictions/full/independent_rms/resnet/seed_29/bandpass_n20004_cRA_V2_V5_covariance_s0.npz,75400,2375b79383f2c9718a6d63efcf74747b477418b3e4031c4a9414fa144bb69958
resnet,independent_rms,29,bandpass_n20004_cLA_V3_V6_independent_rms_s20,phase2/results/predictions/full/independent_rms/resnet/seed_29/bandpass_n20004_cLA_V3_V6_independent_rms_s20.npz,76401,61ee912abc73589846414d0ef7e9d2b7e6a06f5c0c70f9d03c4cbe20188c3b46
resnet,independent_rms,29,bandpass_n20004_cLA_V3_V6_independent_rms_s15,phase2/results/predictions/full/independent_rms/resnet/seed_29/bandpass_n20004_cLA_V3_V6_independent_rms_s15.npz,76396,61640aff998b26bcced79f40b2641032c2bec46b1999b7eba0777ac80e5b990e
resnet,independent_rms,29,bandpass_n20004_cLA_V3_V6_independent_rms_s10,phase2/results/predictions/full/independent_rms/resnet/seed_29/bandpass_n20004_cLA_V3_V6_independent_rms_s10.npz,76344,7bc40e8b4f10dbb6ed07974e7f212a021b5801ea4f853674d71d334448a27127
resnet,independent_rms,29,bandpass_n20004_cLA_V3_V6_independent_rms_s5,phase2/results/predictions/full/independent_rms/resnet/seed_29/bandpass_n20004_cLA_V3_V6_independent_rms_s5.npz,76162,ac9a2662323c51b51dc8e00f7ce457fe14709a90273baafb7a3c57fea7db7f5c
resnet,independent_rms,29,bandpass_n20004_cLA_V3_V6_independent_rms_s0,phase2/results/predictions/full/independent_rms/resnet/seed_29/bandpass_n20004_cLA_V3_V6_independent_rms_s0.npz,75738,cac7c41c5f8812c7c0f2e76ca96a9a7c47de6397884f5e78c2e9a1b2943abe87
resnet,independent_rms,29,bandpass_n20004_cLA_V3_V6_electrode_s20,phase2/results/predictions/full/independent_rms/resnet/seed_29/bandpass_n20004_cLA_V3_V6_electrode_s20.npz,76397,86e688763e71745174f3bc5ba64c6920ba4b0c2dd6408644dfa8db5c3a2433a6
resnet,independent_rms,29,bandpass_n20004_cLA_V3_V6_electrode_s15,phase2/results/predictions/full/independent_rms/resnet/seed_29/bandpass_n20004_cLA_V3_V6_electrode_s15.npz,76345,a9b6d8dabaa054b339a2f5c0b0b4883bc3aed4c8f2ed84b2d2fbe60a224b9ddf
resnet,independent_rms,29,bandpass_n20004_cLA_V3_V6_electrode_s10,phase2/results/predictions/full/independent_rms/resnet/seed_29/bandpass_n20004_cLA_V3_V6_electrode_s10.npz,76264,bc9333e2b185d376c41f1db374833e64d03a89cf04fb451664dfbed2d660f91c
resnet,independent_rms,29,bandpass_n20004_cLA_V3_V6_electrode_s5,phase2/results/predictions/full/independent_rms/resnet/seed_29/bandpass_n20004_cLA_V3_V6_electrode_s5.npz,76055,5a0cb5025bbaefff93d3286db76c140acb2725eea30b608f85cf850411d00355
resnet,independent_rms,29,bandpass_n20004_cLA_V3_V6_electrode_s0,phase2/results/predictions/full/independent_rms/resnet/seed_29/bandpass_n20004_cLA_V3_V6_electrode_s0.npz,75577,3978e4e809454772849e5b1af786dc422e6ddcced920955ad3e123f09195991b
resnet,independent_rms,29,bandpass_n20004_cLA_V3_V6_covariance_s20,phase2/results/predictions/full/independent_rms/resnet/seed_29/bandpass_n20004_cLA_V3_V6_covariance_s20.npz,76409,61593cb39e1ae13759e8e825ec53eb9ccc0248c94ac723a9d5ce62e59f02f457
resnet,independent_rms,29,bandpass_n20004_cLA_V3_V6_covariance_s15,phase2/results/predictions/full/independent_rms/resnet/seed_29/bandpass_n20004_cLA_V3_V6_covariance_s15.npz,76386,fb2bfe8f07066f94d883b40192dcdab67d3b1bb71330f8a3a008f194399c998f
resnet,independent_rms,29,bandpass_n20004_cLA_V3_V6_covariance_s10,phase2/results/predictions/full/independent_rms/resnet/seed_29/bandpass_n20004_cLA_V3_V6_covariance_s10.npz,76317,5d01dcd9cac33ecc36926fb9395f6a123bd3d00455f10708aa797bd81527451b
resnet,independent_rms,29,bandpass_n20004_cLA_V3_V6_covariance_s5,phase2/results/predictions/full/independent_rms/resnet/seed_29/bandpass_n20004_cLA_V3_V6_covariance_s5.npz,76054,e81477a832390a041b58df089e71100b1733602c9ddfa844c5f11492e673fe31
resnet,independent_rms,29,bandpass_n20004_cLA_V3_V6_covariance_s0,phase2/results/predictions/full/independent_rms/resnet/seed_29/bandpass_n20004_cLA_V3_V6_covariance_s0.npz,75564,9ff080000971b43e17f3c33d2ec7176b6da571b473bf3dae89bbda0a0459ef2d
resnet,independent_rms,29,bandpass_n20004_cLL_V1_V4_independent_rms_s20,phase2/results/predictions/full/independent_rms/resnet/seed_29/bandpass_n20004_cLL_V1_V4_independent_rms_s20.npz,76386,71092204304561c6f8ab0a8762cce75739dc4a37cd395a32b13713e1223f94e4
resnet,independent_rms,29,bandpass_n20004_cLL_V1_V4_independent_rms_s15,phase2/results/predictions/full/independent_rms/resnet/seed_29/bandpass_n20004_cLL_V1_V4_independent_rms_s15.npz,76370,07652cbd600cd7b78db7bb4486bf892545b5acd7cb89dada48d4ea531151235f
resnet,independent_rms,29,bandpass_n20004_cLL_V1_V4_independent_rms_s10,phase2/results/predictions/full/independent_rms/resnet/seed_29/bandpass_n20004_cLL_V1_V4_independent_rms_s10.npz,76308,be30f294b3d9bb2c28501ffaf330ed74f56af47cf8c8a61223e2e7fefa23ae4b
resnet,independent_rms,29,bandpass_n20004_cLL_V1_V4_independent_rms_s5,phase2/results/predictions/full/independent_rms/resnet/seed_29/bandpass_n20004_cLL_V1_V4_independent_rms_s5.npz,76142,8d6fc69852de8d05e5f7cf2afcbb1e59f878d4df77c8b03988b076ad06fa4183
resnet,independent_rms,29,bandpass_n20004_cLL_V1_V4_independent_rms_s0,phase2/results/predictions/full/independent_rms/resnet/seed_29/bandpass_n20004_cLL_V1_V4_independent_rms_s0.npz,75708,126686d84bc8ee69fb73d59caa8ffb067529f5b985c90f0f80da91bad76f8825
resnet,independent_rms,29,bandpass_n20004_cLL_V1_V4_electrode_s20,phase2/results/predictions/full/independent_rms/resnet/seed_29/bandpass_n20004_cLL_V1_V4_electrode_s20.npz,76413,0a3586984f91f60f1e5a32b6d798c73bfc409906d0d4458c2a57106944df6e60
resnet,independent_rms,29,bandpass_n20004_cLL_V1_V4_electrode_s15,phase2/results/predictions/full/independent_rms/resnet/seed_29/bandpass_n20004_cLL_V1_V4_electrode_s15.npz,76335,21b381966c7f047724023a761cb05b95564c2cc089434f72780960903667ea43
resnet,independent_rms,29,bandpass_n20004_cLL_V1_V4_electrode_s10,phase2/results/predictions/full/independent_rms/resnet/seed_29/bandpass_n20004_cLL_V1_V4_electrode_s10.npz,76242,9d19a1b60fa182a96b76181df5a39b28870e74143b655977f68445bbe44dd7e9
resnet,independent_rms,29,bandpass_n20004_cLL_V1_V4_electrode_s5,phase2/results/predictions/full/independent_rms/resnet/seed_29/bandpass_n20004_cLL_V1_V4_electrode_s5.npz,75995,23afe167196b46ef7aa4de168212beae8740a88ed9fc26b9e8762e9a905bc2cc
resnet,independent_rms,29,bandpass_n20004_cLL_V1_V4_electrode_s0,phase2/results/predictions/full/independent_rms/resnet/seed_29/bandpass_n20004_cLL_V1_V4_electrode_s0.npz,75682,57943d05d979ae4ed9270b8b4460297f28ad12c8c2009ca763061fb8e0fb591a
resnet,independent_rms,29,bandpass_n20004_cLL_V1_V4_covariance_s20,phase2/results/predictions/full/independent_rms/resnet/seed_29/bandpass_n20004_cLL_V1_V4_covariance_s20.npz,76362,3b22f23920a7f7dcea1ac6114a09018b7854cb6ba6291412a711f757c6ecbbf7
resnet,independent_rms,29,bandpass_n20004_cLL_V1_V4_covariance_s15,phase2/results/predictions/full/independent_rms/resnet/seed_29/bandpass_n20004_cLL_V1_V4_covariance_s15.npz,76334,7a5587061de42a7a8b93cf074cc6dfb15d506a2edafc2e9ebd6ecedfac75fb33
resnet,independent_rms,29,bandpass_n20004_cLL_V1_V4_covariance_s10,phase2/results/predictions/full/independent_rms/resnet/seed_29/bandpass_n20004_cLL_V1_V4_covariance_s10.npz,76252,a487acec468d58c971bcd1e916e260cf76386df4c8849f620584d33a1a2ee601
resnet,independent_rms,29,bandpass_n20004_cLL_V1_V4_covariance_s5,phase2/results/predictions/full/independent_rms/resnet/seed_29/bandpass_n20004_cLL_V1_V4_covariance_s5.npz,75991,c6c44752dc6a14c8dcb0a33047d72ea8d15b939b169a299f26254f91957385f1
resnet,independent_rms,29,bandpass_n20004_cLL_V1_V4_covariance_s0,phase2/results/predictions/full/independent_rms/resnet/seed_29/bandpass_n20004_cLL_V1_V4_covariance_s0.npz,75630,c48618398fdee07e1b8f300fd717358604df1def887a612a29fbc2d3969665f7
resnet,independent_rms,29,bandpass_n20004_call_independent_rms_s20,phase2/results/predictions/full/independent_rms/resnet/seed_29/bandpass_n20004_call_independent_rms_s20.npz,76361,6e76933caf6f1ca882c5a3d76a111a06a3fa6e8fbe53b8322772394c2087bd02
resnet,independent_rms,29,bandpass_n20004_call_independent_rms_s15,phase2/results/predictions/full/independent_rms/resnet/seed_29/bandpass_n20004_call_independent_rms_s15.npz,76348,5920f0cd9d013eebbfd72cc0e254969beffb9c719b1f5c8cd974da043589ccb5
resnet,independent_rms,29,bandpass_n20004_call_independent_rms_s10,phase2/results/predictions/full/independent_rms/resnet/seed_29/bandpass_n20004_call_independent_rms_s10.npz,76302,7157ab3cef0ca4b5b8047ff13e8434096a26126d0effeb2c33d0518f17bce2a6
resnet,independent_rms,29,bandpass_n20004_call_independent_rms_s5,phase2/results/predictions/full/independent_rms/resnet/seed_29/bandpass_n20004_call_independent_rms_s5.npz,76133,101c1b3d5f7147d3be11fe1d80b7642582824b96b6a1ed41f1318270ced14ff3
resnet,independent_rms,29,bandpass_n20004_call_independent_rms_s0,phase2/results/predictions/full/independent_rms/resnet/seed_29/bandpass_n20004_call_independent_rms_s0.npz,75650,2701cec1221be05777735289cfeeceaac39e42de96588ac9c57fd4230db21d88
resnet,independent_rms,29,bandpass_n20004_call_electrode_s20,phase2/results/predictions/full/independent_rms/resnet/seed_29/bandpass_n20004_call_electrode_s20.npz,76353,c098d289272eb2b6b34f8d5bb45764f4fc78c9e798daff899fe068505e3d9759
resnet,independent_rms,29,bandpass_n20004_call_electrode_s15,phase2/results/predictions/full/independent_rms/resnet/seed_29/bandpass_n20004_call_electrode_s15.npz,76326,d81a897b4f0d844f3afbb829b5e4cc02bdb96f23a391caffb0d47ccd7acab13a
resnet,independent_rms,29,bandpass_n20004_call_electrode_s10,phase2/results/predictions/full/independent_rms/resnet/seed_29/bandpass_n20004_call_electrode_s10.npz,76234,f4053abc643db33b40052f8fec2248b307eb6f34deddb55a87d28ffab50849e2
resnet,independent_rms,29,bandpass_n20004_call_electrode_s5,phase2/results/predictions/full/independent_rms/resnet/seed_29/bandpass_n20004_call_electrode_s5.npz,75954,6f80a435f8386c5c399242285768f0d09f9d9ade6cbe9cf90237065adb5917b9
resnet,independent_rms,29,bandpass_n20004_call_electrode_s0,phase2/results/predictions/full/independent_rms/resnet/seed_29/bandpass_n20004_call_electrode_s0.npz,75497,ab96bdcc8433768045ed3abbc001a5fe8883620b01275c0cfe353d730d21922e
resnet,independent_rms,29,bandpass_n20004_call_covariance_s20,phase2/results/predictions/full/independent_rms/resnet/seed_29/bandpass_n20004_call_covariance_s20.npz,76362,b3d8c312d5672cac8dd28aacae5c57b7ae0372dfd1c5bb5b9ca6f9994f1e98ad
resnet,independent_rms,29,bandpass_n20004_call_covariance_s15,phase2/results/predictions/full/independent_rms/resnet/seed_29/bandpass_n20004_call_covariance_s15.npz,76328,a3302dfb4af61ad8022737819156917821f80a0f1146a1b80a68f1b1614cf46b
resnet,independent_rms,29,bandpass_n20004_call_covariance_s10,phase2/results/predictions/full/independent_rms/resnet/seed_29/bandpass_n20004_call_covariance_s10.npz,76224,d7ec36278e3252d7e0bd00ef4dd982cc9566eb2ffb577db612d1c66e68ca5fcc
resnet,independent_rms,29,bandpass_n20004_call_covariance_s5,phase2/results/predictions/full/independent_rms/resnet/seed_29/bandpass_n20004_call_covariance_s5.npz,75982,47af042ee63d8f75c9c923ab0fbcb0f72b7ec48114d9ea992db5b78f74d2ce46
resnet,independent_rms,29,bandpass_n20004_call_covariance_s0,phase2/results/predictions/full/independent_rms/resnet/seed_29/bandpass_n20004_call_covariance_s0.npz,75502,88e043dfc445658f26fef16fe3738955ba02fb24f122933ab1dfff9b0e643d16
resnet,independent_rms,29,bandpass_n20005_cRA_LA_LL_independent_rms_s20,phase2/results/predictions/full/independent_rms/resnet/seed_29/bandpass_n20005_cRA_LA_LL_independent_rms_s20.npz,76403,5099df79f2627cd3d7106fa325829db02ffbbef236809479ee936820eadf0a21
resnet,independent_rms,29,bandpass_n20005_cRA_LA_LL_independent_rms_s15,phase2/results/predictions/full/independent_rms/resnet/seed_29/bandpass_n20005_cRA_LA_LL_independent_rms_s15.npz,76371,47d4b7847adfe82032fb3cd2d27590b8be64fb2ee4bd5c60e0adfebac414a1a2
resnet,independent_rms,29,bandpass_n20005_cRA_LA_LL_independent_rms_s10,phase2/results/predictions/full/independent_rms/resnet/seed_29/bandpass_n20005_cRA_LA_LL_independent_rms_s10.npz,76287,7e20dfdb82d1affb1e36b86b2089327ac956530746cdda8eb12a5e8e8a853bad
resnet,independent_rms,29,bandpass_n20005_cRA_LA_LL_independent_rms_s5,phase2/results/predictions/full/independent_rms/resnet/seed_29/bandpass_n20005_cRA_LA_LL_independent_rms_s5.npz,76093,8bce32f6bfbb5408a415a6d6fd3f56217457adfdc3378fa10f8e29122ff50bd8
resnet,independent_rms,29,bandpass_n20005_cRA_LA_LL_independent_rms_s0,phase2/results/predictions/full/independent_rms/resnet/seed_29/bandpass_n20005_cRA_LA_LL_independent_rms_s0.npz,75633,c80e4269d972b080cddcf87c611b8456c5a8f9b478e70901576761ae388b5c5e
resnet,independent_rms,29,bandpass_n20005_cRA_LA_LL_electrode_s20,phase2/results/predictions/full/independent_rms/resnet/seed_29/bandpass_n20005_cRA_LA_LL_electrode_s20.npz,76357,c0793a340017de6a08ff2b2e91dbd9f25b959150b40fa2dfadf3d02be961977e
resnet,independent_rms,29,bandpass_n20005_cRA_LA_LL_electrode_s15,phase2/results/predictions/full/independent_rms/resnet/seed_29/bandpass_n20005_cRA_LA_LL_electrode_s15.npz,76314,09ee44047a2eaeeb1e6449d6a0eeef686a744e2cee234f29a7ce1b42085ad952
resnet,independent_rms,29,bandpass_n20005_cRA_LA_LL_electrode_s10,phase2/results/predictions/full/independent_rms/resnet/seed_29/bandpass_n20005_cRA_LA_LL_electrode_s10.npz,76209,5391b07f122d76d4ad59d118a3da75363df886d961103ca2a55fe1f92fe02d4c
resnet,independent_rms,29,bandpass_n20005_cRA_LA_LL_electrode_s5,phase2/results/predictions/full/independent_rms/resnet/seed_29/bandpass_n20005_cRA_LA_LL_electrode_s5.npz,75949,59fd3137d5f548d220add67487498d527727612dcdf247f9cc717cd81de77b8d
resnet,independent_rms,29,bandpass_n20005_cRA_LA_LL_electrode_s0,phase2/results/predictions/full/independent_rms/resnet/seed_29/bandpass_n20005_cRA_LA_LL_electrode_s0.npz,75515,577f32012b96b69781538fe34a8766d624dabec4df9802970b6ab61c7ddb0e42
resnet,independent_rms,29,bandpass_n20005_cRA_LA_LL_covariance_s20,phase2/results/predictions/full/independent_rms/resnet/seed_29/bandpass_n20005_cRA_LA_LL_covariance_s20.npz,76362,073a7d65d88b5367b5b9d28423e4766d849e342a610d994d25d8aa326df02e0c
resnet,independent_rms,29,bandpass_n20005_cRA_LA_LL_covariance_s15,phase2/results/predictions/full/independent_rms/resnet/seed_29/bandpass_n20005_cRA_LA_LL_covariance_s15.npz,76332,1ed27cbf9f95b9c061a6935d8a1721001f766f684fa206206e11094d9f667ff1
resnet,independent_rms,29,bandpass_n20005_cRA_LA_LL_covariance_s10,phase2/results/predictions/full/independent_rms/resnet/seed_29/bandpass_n20005_cRA_LA_LL_covariance_s10.npz,76246,9e6f4d0e3ed53abaae1c69a14189126d590015f2737cd126874cda3466a7e4a5
resnet,independent_rms,29,bandpass_n20005_cRA_LA_LL_covariance_s5,phase2/results/predictions/full/independent_rms/resnet/seed_29/bandpass_n20005_cRA_LA_LL_covariance_s5.npz,75936,66abd2f5c72d1a4b80bb73028a164cd8e77a421ff68400afb85393607cd9e65e
resnet,independent_rms,29,bandpass_n20005_cRA_LA_LL_covariance_s0,phase2/results/predictions/full/independent_rms/resnet/seed_29/bandpass_n20005_cRA_LA_LL_covariance_s0.npz,75512,8a6c79e0213974b5c73ba7719a0c20d91b47c25a16a1976630e1279cb83a252f
resnet,independent_rms,29,bandpass_n20005_cV1_independent_rms_s20,phase2/results/predictions/full/independent_rms/resnet/seed_29/bandpass_n20005_cV1_independent_rms_s20.npz,76391,c4d39860b1a0af7bf7b2f5b28de334d2aa67db532c635d17770c76482e4d74ce
resnet,independent_rms,29,bandpass_n20005_cV1_independent_rms_s15,phase2/results/predictions/full/independent_rms/resnet/seed_29/bandpass_n20005_cV1_independent_rms_s15.npz,76364,4f3fed3ffd341b8941431f2bf1b87b6871d36403eb9fc6e7c152d8a40e3e09d9
resnet,independent_rms,29,bandpass_n20005_cV1_independent_rms_s10,phase2/results/predictions/full/independent_rms/resnet/seed_29/bandpass_n20005_cV1_independent_rms_s10.npz,76316,421ebc0fab5e7e6466155108dcd38fedf1e79d685d0e2c67d16178a3b6f53dc9
resnet,independent_rms,29,bandpass_n20005_cV1_independent_rms_s5,phase2/results/predictions/full/independent_rms/resnet/seed_29/bandpass_n20005_cV1_independent_rms_s5.npz,76106,e57a89cfcbd2e05c0dbbdcdfb75ef0525f7c6150b2e7293a5f8b406311ba25fb
resnet,independent_rms,29,bandpass_n20005_cV1_independent_rms_s0,phase2/results/predictions/full/independent_rms/resnet/seed_29/bandpass_n20005_cV1_independent_rms_s0.npz,75593,1afc2c14e383f8e5eeb64ec6d7a830bb69b2daf992583ebfbd940050487dc8b8
resnet,independent_rms,29,bandpass_n20005_cV1_electrode_s20,phase2/results/predictions/full/independent_rms/resnet/seed_29/bandpass_n20005_cV1_electrode_s20.npz,76377,ae9f6967085adb8e11ee2739ca65102d8d2917ed11a9a2c9a8287fe68226fd84
resnet,independent_rms,29,bandpass_n20005_cV1_electrode_s15,phase2/results/predictions/full/independent_rms/resnet/seed_29/bandpass_n20005_cV1_electrode_s15.npz,76358,6cc2869c29e8fc8d2a2c2641e07f0eed935ab57c846f04aaeacd784080205cf4
resnet,independent_rms,29,bandpass_n20005_cV1_electrode_s10,phase2/results/predictions/full/independent_rms/resnet/seed_29/bandpass_n20005_cV1_electrode_s10.npz,76293,ab892cab5d9cc5270dcd9e0e24117be73a71aefb3293d4026b3bcdbd69111ab7
resnet,independent_rms,29,bandpass_n20005_cV1_electrode_s5,phase2/results/predictions/full/independent_rms/resnet/seed_29/bandpass_n20005_cV1_electrode_s5.npz,76122,e795f07ac1d37ac892b0a8a7f6d37f75ef0fc6f1b0a0b8bf5a3bac4859704dee
resnet,independent_rms,29,bandpass_n20005_cV1_electrode_s0,phase2/results/predictions/full/independent_rms/resnet/seed_29/bandpass_n20005_cV1_electrode_s0.npz,75575,8b942023a5e780a6d1c9563500752993c27e320a52856fb1ceb205341156b790
resnet,independent_rms,29,bandpass_n20005_cV1_covariance_s20,phase2/results/predictions/full/independent_rms/resnet/seed_29/bandpass_n20005_cV1_covariance_s20.npz,76383,f3afe3aae2862290fb45e049d6977999fb99ec594a1d1d7bd91fbe16202663b3
resnet,independent_rms,29,bandpass_n20005_cV1_covariance_s15,phase2/results/predictions/full/independent_rms/resnet/seed_29/bandpass_n20005_cV1_covariance_s15.npz,76330,27dd0350d244faf3048dccb7007310daf7546f80167cd3587ad15bfcc6e16e7c
resnet,independent_rms,29,bandpass_n20005_cV1_covariance_s10,phase2/results/predictions/full/independent_rms/resnet/seed_29/bandpass_n20005_cV1_covariance_s10.npz,76341,de3aa997957b621a8f9ea849c7e0b19da492a04536217a4af3dddd561b4ab789
resnet,independent_rms,29,bandpass_n20005_cV1_covariance_s5,phase2/results/predictions/full/independent_rms/resnet/seed_29/bandpass_n20005_cV1_covariance_s5.npz,76102,a71ecb24dfc65af5f998d7f18089cccb57f9de383af7766fef9db51e73cb8bef
resnet,independent_rms,29,bandpass_n20005_cV1_covariance_s0,phase2/results/predictions/full/independent_rms/resnet/seed_29/bandpass_n20005_cV1_covariance_s0.npz,75572,d0706e917ed7cfa7e59c3a61150050b3767f578dc110d5c40a69203a36250451
resnet,independent_rms,29,bandpass_n20005_cV2_independent_rms_s20,phase2/results/predictions/full/independent_rms/resnet/seed_29/bandpass_n20005_cV2_independent_rms_s20.npz,76401,f5ff2d136130e582aee14467658f6c04b1a684767e6d6a9b8f804435f189b2bc
resnet,independent_rms,29,bandpass_n20005_cV2_independent_rms_s15,phase2/results/predictions/full/independent_rms/resnet/seed_29/bandpass_n20005_cV2_independent_rms_s15.npz,76340,45c6a76e48367012db11175ad1982bf762c3c52bcccb4506bd9d3cf4bca903dd
resnet,independent_rms,29,bandpass_n20005_cV2_independent_rms_s10,phase2/results/predictions/full/independent_rms/resnet/seed_29/bandpass_n20005_cV2_independent_rms_s10.npz,76283,04c1d90af9451e6dabc62c16409de8a2e3f2c59eda1a8421607a53e731ae6d56
resnet,independent_rms,29,bandpass_n20005_cV2_independent_rms_s5,phase2/results/predictions/full/independent_rms/resnet/seed_29/bandpass_n20005_cV2_independent_rms_s5.npz,76109,edc1e097885633e20f09d52ce2e0a961eed7ed4759ca6b3329b47b809f47eae1
resnet,independent_rms,29,bandpass_n20005_cV2_independent_rms_s0,phase2/results/predictions/full/independent_rms/resnet/seed_29/bandpass_n20005_cV2_independent_rms_s0.npz,75618,7faa9eb1b5341992a96a58fe68b879a02f31d053f546ca3f6c8a32e4ca6997b4
resnet,independent_rms,29,bandpass_n20005_cV2_electrode_s20,phase2/results/predictions/full/independent_rms/resnet/seed_29/bandpass_n20005_cV2_electrode_s20.npz,76360,5962454febef0b45e1d5b6cc1bb41dbb43fbc0ff992abbba0864263ac382ac52
resnet,independent_rms,29,bandpass_n20005_cV2_electrode_s15,phase2/results/predictions/full/independent_rms/resnet/seed_29/bandpass_n20005_cV2_electrode_s15.npz,76357,a9c4db3ee9cb791ffdba17225dc9a4482eba044a4ed5da4d6cf9a012d9906995
resnet,independent_rms,29,bandpass_n20005_cV2_electrode_s10,phase2/results/predictions/full/independent_rms/resnet/seed_29/bandpass_n20005_cV2_electrode_s10.npz,76287,0e4ef2383d56e999b71221fa3eb98cc302221590e201a67039e11d448c128ebd
resnet,independent_rms,29,bandpass_n20005_cV2_electrode_s5,phase2/results/predictions/full/independent_rms/resnet/seed_29/bandpass_n20005_cV2_electrode_s5.npz,76113,b4d2462234c7a9a6c851631d83447eebfbaff49c1f0d64bb707d6d534d795831
resnet,independent_rms,29,bandpass_n20005_cV2_electrode_s0,phase2/results/predictions/full/independent_rms/resnet/seed_29/bandpass_n20005_cV2_electrode_s0.npz,75594,fba1ec5e6d6ee4e5a9a788e547ebe2f9ad3eabdbaf4802dae98ad4c20b6cf588
resnet,independent_rms,29,bandpass_n20005_cV2_covariance_s20,phase2/results/predictions/full/independent_rms/resnet/seed_29/bandpass_n20005_cV2_covariance_s20.npz,76349,5e6bfb28048f83d056d503164c553bcd71f8158dee64c9246021a9441db7185c
resnet,independent_rms,29,bandpass_n20005_cV2_covariance_s15,phase2/results/predictions/full/independent_rms/resnet/seed_29/bandpass_n20005_cV2_covariance_s15.npz,76349,fc6ca806355ce96eb64acb898cfc3366fe6563e9ba499cf33b7ce9ea05a40075
resnet,independent_rms,29,bandpass_n20005_cV2_covariance_s10,phase2/results/predictions/full/independent_rms/resnet/seed_29/bandpass_n20005_cV2_covariance_s10.npz,76276,663682ad0bb039147438a64850a9c18c2dbd4be38c3bbf3f8dbd09bbf224555f
resnet,independent_rms,29,bandpass_n20005_cV2_covariance_s5,phase2/results/predictions/full/independent_rms/resnet/seed_29/bandpass_n20005_cV2_covariance_s5.npz,76075,5df265eb46bf6d9e78e2eaedcc5f5a7ceae5b98ae0552cbcfdde4724ae857385
resnet,independent_rms,29,bandpass_n20005_cV2_covariance_s0,phase2/results/predictions/full/independent_rms/resnet/seed_29/bandpass_n20005_cV2_covariance_s0.npz,75603,3c88a2876d9567bd42329ac10aa77cc0242de23786a0cdca052e5e08955e9d98
resnet,independent_rms,29,bandpass_n20005_cV3_independent_rms_s20,phase2/results/predictions/full/independent_rms/resnet/seed_29/bandpass_n20005_cV3_independent_rms_s20.npz,76390,39de91a0c75ce48e338862bcec52419aaee2e94f280c353d7490975ffc8ab070
resnet,independent_rms,29,bandpass_n20005_cV3_independent_rms_s15,phase2/results/predictions/full/independent_rms/resnet/seed_29/bandpass_n20005_cV3_independent_rms_s15.npz,76390,99f7d5fba8ba4fba15e193030cf85c8939f75ac783de3cde1c98a69311b5478b
resnet,independent_rms,29,bandpass_n20005_cV3_independent_rms_s10,phase2/results/predictions/full/independent_rms/resnet/seed_29/bandpass_n20005_cV3_independent_rms_s10.npz,76353,fd84cd7c855234334f6e0ed5612477a3d5439194e8a1df953766f40681f668f7
resnet,independent_rms,29,bandpass_n20005_cV3_independent_rms_s5,phase2/results/predictions/full/independent_rms/resnet/seed_29/bandpass_n20005_cV3_independent_rms_s5.npz,76240,0ca24d3b64874d82257709ca150bf4df601f467e760a11edf22f229c8a232549
resnet,independent_rms,29,bandpass_n20005_cV3_independent_rms_s0,phase2/results/predictions/full/independent_rms/resnet/seed_29/bandpass_n20005_cV3_independent_rms_s0.npz,75989,9ee26e86b1cac67adae0f3bbef6ceaa86fe7db04da9fa509cc08f4956509c535
resnet,independent_rms,29,bandpass_n20005_cV3_electrode_s20,phase2/results/predictions/full/independent_rms/resnet/seed_29/bandpass_n20005_cV3_electrode_s20.npz,76399,e4cab8f3f5eb480b9f80542e8047be2dee259f1aeea5d651c6a01fd08a4bfd1d
resnet,independent_rms,29,bandpass_n20005_cV3_electrode_s15,phase2/results/predictions/full/independent_rms/resnet/seed_29/bandpass_n20005_cV3_electrode_s15.npz,76364,1fbae9e787249ce9209768bce344db1583985374b521cb2e45aa427882c80a4e
resnet,independent_rms,29,bandpass_n20005_cV3_electrode_s10,phase2/results/predictions/full/independent_rms/resnet/seed_29/bandpass_n20005_cV3_electrode_s10.npz,76332,ff8e4149b6c43ccd6781a99bdd7a562b6abce5e4611c06b810d55db78547f6f7
resnet,independent_rms,29,bandpass_n20005_cV3_electrode_s5,phase2/results/predictions/full/independent_rms/resnet/seed_29/bandpass_n20005_cV3_electrode_s5.npz,76245,294ba1a643de5b250703afd7c4a47e97766b6f3f1f703ef8f55400335a716545
resnet,independent_rms,29,bandpass_n20005_cV3_electrode_s0,phase2/results/predictions/full/independent_rms/resnet/seed_29/bandpass_n20005_cV3_electrode_s0.npz,75987,e547fa92d2481610f3aedae3aab61aba4cfc3758a651b6ca1e1793b9ce8b7d41
resnet,independent_rms,29,bandpass_n20005_cV3_covariance_s20,phase2/results/predictions/full/independent_rms/resnet/seed_29/bandpass_n20005_cV3_covariance_s20.npz,76387,f446a43862953d1f7a5148543995a3adc2acfba39043d7278f4aef242866d133
resnet,independent_rms,29,bandpass_n20005_cV3_covariance_s15,phase2/results/predictions/full/independent_rms/resnet/seed_29/bandpass_n20005_cV3_covariance_s15.npz,76361,3e1df699e1c89fdcf5370364c9d3f93cf0f4c9bdf26b3fc18ee7769768f036a2
resnet,independent_rms,29,bandpass_n20005_cV3_covariance_s10,phase2/results/predictions/full/independent_rms/resnet/seed_29/bandpass_n20005_cV3_covariance_s10.npz,76327,2fabe5297a634409539194f96d8bcf0fabddb2b7cfaa0f454cb45bf8e9595d56
resnet,independent_rms,29,bandpass_n20005_cV3_covariance_s5,phase2/results/predictions/full/independent_rms/resnet/seed_29/bandpass_n20005_cV3_covariance_s5.npz,76254,33fe310a7eef7b13c9914452d4dceb2c4f2a571e407ced39ea1c1b97dfbc6b4f
resnet,independent_rms,29,bandpass_n20005_cV3_covariance_s0,phase2/results/predictions/full/independent_rms/resnet/seed_29/bandpass_n20005_cV3_covariance_s0.npz,75959,d5c162d397222a95dc02ac54c9f819686b231998277c355ab5cf9e246c613a06
resnet,independent_rms,29,bandpass_n20005_cV4_independent_rms_s20,phase2/results/predictions/full/independent_rms/resnet/seed_29/bandpass_n20005_cV4_independent_rms_s20.npz,76369,f678a9e4617ef01a274567b2cb3a5e29911ec6079f3feb8c018e7af48ccdf635
resnet,independent_rms,29,bandpass_n20005_cV4_independent_rms_s15,phase2/results/predictions/full/independent_rms/resnet/seed_29/bandpass_n20005_cV4_independent_rms_s15.npz,76377,01d51c223b279d1fc28ed7d9805d2d804290d68eff2a72faf05e3b13823f18e4
resnet,independent_rms,29,bandpass_n20005_cV4_independent_rms_s10,phase2/results/predictions/full/independent_rms/resnet/seed_29/bandpass_n20005_cV4_independent_rms_s10.npz,76347,46eda509fb3e40958124a707de4ac1af59e419ff165241d7a8c2513ca615dc00
resnet,independent_rms,29,bandpass_n20005_cV4_independent_rms_s5,phase2/results/predictions/full/independent_rms/resnet/seed_29/bandpass_n20005_cV4_independent_rms_s5.npz,76232,7dd2bf7dcc4573459d69acbb8c940c09c477440eb0df5e92abb9022a32d10eda
resnet,independent_rms,29,bandpass_n20005_cV4_independent_rms_s0,phase2/results/predictions/full/independent_rms/resnet/seed_29/bandpass_n20005_cV4_independent_rms_s0.npz,75913,0e903aa172162664da6ee2f768e97e5c37c39f490bf664f883b5d6008a17bcd4
resnet,independent_rms,29,bandpass_n20005_cV4_electrode_s20,phase2/results/predictions/full/independent_rms/resnet/seed_29/bandpass_n20005_cV4_electrode_s20.npz,76395,2822bb52ea4dd85226ad8ebfae9a8d66abef37caa2dfcfc71a28d0a53a1fa7dd
resnet,independent_rms,29,bandpass_n20005_cV4_electrode_s15,phase2/results/predictions/full/independent_rms/resnet/seed_29/bandpass_n20005_cV4_electrode_s15.npz,76368,1c65b92ac4254936b7501cafb6a86d5f38401fa2fc9fe5927cc1dfe9ac667162
resnet,independent_rms,29,bandpass_n20005_cV4_electrode_s10,phase2/results/predictions/full/independent_rms/resnet/seed_29/bandpass_n20005_cV4_electrode_s10.npz,76314,e18c94281702abfa2fdabd43648546f1486181966d35ec7e5ed6843164a27364
resnet,independent_rms,29,bandpass_n20005_cV4_electrode_s5,phase2/results/predictions/full/independent_rms/resnet/seed_29/bandpass_n20005_cV4_electrode_s5.npz,76220,f3f8bfd8a277258dff7a16bdcb84b1345e42cf41a1033e906967ca33161e662d
resnet,independent_rms,29,bandpass_n20005_cV4_electrode_s0,phase2/results/predictions/full/independent_rms/resnet/seed_29/bandpass_n20005_cV4_electrode_s0.npz,75923,512a6a6d7326abb8aa6dd7435006e6102a89b7dd648856da234386641c67a454
resnet,independent_rms,29,bandpass_n20005_cV4_covariance_s20,phase2/results/predictions/full/independent_rms/resnet/seed_29/bandpass_n20005_cV4_covariance_s20.npz,76351,afa147314c34266111862e3d97835a6c8a39d599d3444965e7e7915cc14d0cd8
resnet,independent_rms,29,bandpass_n20005_cV4_covariance_s15,phase2/results/predictions/full/independent_rms/resnet/seed_29/bandpass_n20005_cV4_covariance_s15.npz,76350,6c1641fb7db6684b1024a9ffc3a1167acfb41c2e82f449c2b82df4cb1339c91f
resnet,independent_rms,29,bandpass_n20005_cV4_covariance_s10,phase2/results/predictions/full/independent_rms/resnet/seed_29/bandpass_n20005_cV4_covariance_s10.npz,76322,0498ce64e9e8c307cb3004e60fe2c1bb176b109985e43871cd5425d261540a96
resnet,independent_rms,29,bandpass_n20005_cV4_covariance_s5,phase2/results/predictions/full/independent_rms/resnet/seed_29/bandpass_n20005_cV4_covariance_s5.npz,76238,074002d785017fc0818fee2ff508975903d0c3406b3c4dcddcd5fec9816ba651
resnet,independent_rms,29,bandpass_n20005_cV4_covariance_s0,phase2/results/predictions/full/independent_rms/resnet/seed_29/bandpass_n20005_cV4_covariance_s0.npz,75888,c0ce631a29462a28dd0272fb2c1d8c0ef84524924bdbe8d204fb177e3f5e8820
resnet,independent_rms,29,bandpass_n20005_cV5_independent_rms_s20,phase2/results/predictions/full/independent_rms/resnet/seed_29/bandpass_n20005_cV5_independent_rms_s20.npz,76376,a781c8c234b54eb23a010932e69aa15a92efddad23acc593e8af32e69a47661a
resnet,independent_rms,29,bandpass_n20005_cV5_independent_rms_s15,phase2/results/predictions/full/independent_rms/resnet/seed_29/bandpass_n20005_cV5_independent_rms_s15.npz,76341,e01890e9cd56b077b548f3c9aab3569a097ada3bdf09ed824926c881ee2e0332
resnet,independent_rms,29,bandpass_n20005_cV5_independent_rms_s10,phase2/results/predictions/full/independent_rms/resnet/seed_29/bandpass_n20005_cV5_independent_rms_s10.npz,76301,44d1b8be62e378ec1f252852e5b1b9863ace481306c4ab07a9f570c6e7f25601
resnet,independent_rms,29,bandpass_n20005_cV5_independent_rms_s5,phase2/results/predictions/full/independent_rms/resnet/seed_29/bandpass_n20005_cV5_independent_rms_s5.npz,76171,3abe4978f3cd91fd52f552cad788a0f1bcbed42d6c78bba340f804eec14f1293
resnet,independent_rms,29,bandpass_n20005_cV5_independent_rms_s0,phase2/results/predictions/full/independent_rms/resnet/seed_29/bandpass_n20005_cV5_independent_rms_s0.npz,75632,904a2680e10cf01c0478ff4090f1d2cd1cd342b383f4074dfe9404b7a06cb139
resnet,independent_rms,29,bandpass_n20005_cV5_electrode_s20,phase2/results/predictions/full/independent_rms/resnet/seed_29/bandpass_n20005_cV5_electrode_s20.npz,76369,0c16d61e236d6564a6eb01742ee45d7817b21f7a567fe3fae0e0a7a2202543b3
resnet,independent_rms,29,bandpass_n20005_cV5_electrode_s15,phase2/results/predictions/full/independent_rms/resnet/seed_29/bandpass_n20005_cV5_electrode_s15.npz,76347,0626566304571234b4ecc8be3ce6e6009269a51842845dccec0718d0fa97fc56
resnet,independent_rms,29,bandpass_n20005_cV5_electrode_s10,phase2/results/predictions/full/independent_rms/resnet/seed_29/bandpass_n20005_cV5_electrode_s10.npz,76287,4158695f276427975be5fcf5300c7b50dcb1d1148d70abb3e40a1392137e8b67
resnet,independent_rms,29,bandpass_n20005_cV5_electrode_s5,phase2/results/predictions/full/independent_rms/resnet/seed_29/bandpass_n20005_cV5_electrode_s5.npz,76131,f89888d03c3567f3226afaa3b4aa8b732ffe853ec90f2e30d2a1cf9c70887731
resnet,independent_rms,29,bandpass_n20005_cV5_electrode_s0,phase2/results/predictions/full/independent_rms/resnet/seed_29/bandpass_n20005_cV5_electrode_s0.npz,75671,f31759eefaf28de2e0d9587d9429b50101757c882ca2bafa51378dccb1b17db2
resnet,independent_rms,29,bandpass_n20005_cV5_covariance_s20,phase2/results/predictions/full/independent_rms/resnet/seed_29/bandpass_n20005_cV5_covariance_s20.npz,76357,e7c3fa65abf65140b27bf338db12e4dba2d9ff80ca85d82dde84839c69ef05ab
resnet,independent_rms,29,bandpass_n20005_cV5_covariance_s15,phase2/results/predictions/full/independent_rms/resnet/seed_29/bandpass_n20005_cV5_covariance_s15.npz,76329,7e40b9b1035374d6d1fd1b03942251fa2d5aa80857310996b6455d3ad75cea64
resnet,independent_rms,29,bandpass_n20005_cV5_covariance_s10,phase2/results/predictions/full/independent_rms/resnet/seed_29/bandpass_n20005_cV5_covariance_s10.npz,76255,913334e32fa43ba4fe91e0a55d68479554ca4c1fadc88cc7c7e8eb646516c533
resnet,independent_rms,29,bandpass_n20005_cV5_covariance_s5,phase2/results/predictions/full/independent_rms/resnet/seed_29/bandpass_n20005_cV5_covariance_s5.npz,76106,2beec23785fd5968ffa2f7fbf2ea58b4a763120f03b51719f07854e94553b2b4
resnet,independent_rms,29,bandpass_n20005_cV5_covariance_s0,phase2/results/predictions/full/independent_rms/resnet/seed_29/bandpass_n20005_cV5_covariance_s0.npz,75618,497491b5614c7602819dfbc9eb62f984f85388279b21bc824f9da119a8a88b95
resnet,independent_rms,29,bandpass_n20005_cV6_independent_rms_s20,phase2/results/predictions/full/independent_rms/resnet/seed_29/bandpass_n20005_cV6_independent_rms_s20.npz,76389,cbd6b10e9743eaf20e4eca7de49bd7b27c0c1474fd0ed5feee28ba83a1864e78
resnet,independent_rms,29,bandpass_n20005_cV6_independent_rms_s15,phase2/results/predictions/full/independent_rms/resnet/seed_29/bandpass_n20005_cV6_independent_rms_s15.npz,76365,503aac9ccfd0dec9e57b2d8979de142090c3045bb49c766a53d5a79a15ef4c4f
resnet,independent_rms,29,bandpass_n20005_cV6_independent_rms_s10,phase2/results/predictions/full/independent_rms/resnet/seed_29/bandpass_n20005_cV6_independent_rms_s10.npz,76329,d8a20d11c3bb6acb03b5859aff4cf0378081c4576101e93fff086526e55c1efa
resnet,independent_rms,29,bandpass_n20005_cV6_independent_rms_s5,phase2/results/predictions/full/independent_rms/resnet/seed_29/bandpass_n20005_cV6_independent_rms_s5.npz,76161,f6af8e38fde61759bd6067d2d872f8aef95634c6fc335a05d2dc2bef6a5c69f3
resnet,independent_rms,29,bandpass_n20005_cV6_independent_rms_s0,phase2/results/predictions/full/independent_rms/resnet/seed_29/bandpass_n20005_cV6_independent_rms_s0.npz,75751,95470188d40533402670bd8ac30b8a52ca1f342712fbfc8d4baf2de435726996
resnet,independent_rms,29,bandpass_n20005_cV6_electrode_s20,phase2/results/predictions/full/independent_rms/resnet/seed_29/bandpass_n20005_cV6_electrode_s20.npz,76342,9f086f61eb0481326c85f6c7d1ef3f0cda14d0413ff71677b98072eec5a71be5
resnet,independent_rms,29,bandpass_n20005_cV6_electrode_s15,phase2/results/predictions/full/independent_rms/resnet/seed_29/bandpass_n20005_cV6_electrode_s15.npz,76347,0a9b3c25f42a682a1fe60cb4ea42aa03c22155c4abf8ac4408ec16f3046c665e
resnet,independent_rms,29,bandpass_n20005_cV6_electrode_s10,phase2/results/predictions/full/independent_rms/resnet/seed_29/bandpass_n20005_cV6_electrode_s10.npz,76305,b969f179034a09907576c00c56aeb6f26a842fbbcfd6420d7d80a734507a9f6a
resnet,independent_rms,29,bandpass_n20005_cV6_electrode_s5,phase2/results/predictions/full/independent_rms/resnet/seed_29/bandpass_n20005_cV6_electrode_s5.npz,76140,786ea9368462a39118e6178a4041be3c3bdef64515a8b98d7c6bf83a1df237fb
resnet,independent_rms,29,bandpass_n20005_cV6_electrode_s0,phase2/results/predictions/full/independent_rms/resnet/seed_29/bandpass_n20005_cV6_electrode_s0.npz,75752,2f5f0b11ee84ac722164e866593d0f3274ebfba86a6c3164498021509289615d
resnet,independent_rms,29,bandpass_n20005_cV6_covariance_s20,phase2/results/predictions/full/independent_rms/resnet/seed_29/bandpass_n20005_cV6_covariance_s20.npz,76359,4e875a363114613a3692eeed43c17f6ce97876db151b3e28f284deeb48dd5cce
resnet,independent_rms,29,bandpass_n20005_cV6_covariance_s15,phase2/results/predictions/full/independent_rms/resnet/seed_29/bandpass_n20005_cV6_covariance_s15.npz,76346,b996efff6521f72c5bc4f0c3871ac69e4313e493cc138cb59bca156d122507bf
resnet,independent_rms,29,bandpass_n20005_cV6_covariance_s10,phase2/results/predictions/full/independent_rms/resnet/seed_29/bandpass_n20005_cV6_covariance_s10.npz,76346,65379764e120ba4be0729cc91dec579d861fe539ea42522bd07f677eaec74ff8
resnet,independent_rms,29,bandpass_n20005_cV6_covariance_s5,phase2/results/predictions/full/independent_rms/resnet/seed_29/bandpass_n20005_cV6_covariance_s5.npz,76156,d156e6c055b3be4856781265c4c0bd03195b18aa4ecf0ba65a772989b207f08e
resnet,independent_rms,29,bandpass_n20005_cV6_covariance_s0,phase2/results/predictions/full/independent_rms/resnet/seed_29/bandpass_n20005_cV6_covariance_s0.npz,75765,909501c415a143b3bd78f039ec3b9d40890767b88b3c6a7e8effa4113a33a52f
resnet,independent_rms,29,bandpass_n20005_cRA_LA_independent_rms_s20,phase2/results/predictions/full/independent_rms/resnet/seed_29/bandpass_n20005_cRA_LA_independent_rms_s20.npz,76407,eb78a3179d76cd65035f7d82e0999e7d387ba05acb37683bdeb94dc9493323ed
resnet,independent_rms,29,bandpass_n20005_cRA_LA_independent_rms_s15,phase2/results/predictions/full/independent_rms/resnet/seed_29/bandpass_n20005_cRA_LA_independent_rms_s15.npz,76335,c35bb620dc06b622dac32d0c4e9c04088c2cfc7ae394dc7d1123102486653e59
resnet,independent_rms,29,bandpass_n20005_cRA_LA_independent_rms_s10,phase2/results/predictions/full/independent_rms/resnet/seed_29/bandpass_n20005_cRA_LA_independent_rms_s10.npz,76311,dd48ce5b064fc3db0a8fd4a6b151eb69794838e37c968a1fb7f457585528b0e0
resnet,independent_rms,29,bandpass_n20005_cRA_LA_independent_rms_s5,phase2/results/predictions/full/independent_rms/resnet/seed_29/bandpass_n20005_cRA_LA_independent_rms_s5.npz,76071,31a28a0d076da7cfc9db7b99fb7c01badb21bac3fcdeec268b367af9dc010e3b
resnet,independent_rms,29,bandpass_n20005_cRA_LA_independent_rms_s0,phase2/results/predictions/full/independent_rms/resnet/seed_29/bandpass_n20005_cRA_LA_independent_rms_s0.npz,75619,b0afafc78792654f253ee9bd0592b213f4870fe3b717aac21bb828a68b021111
resnet,independent_rms,29,bandpass_n20005_cRA_LA_electrode_s20,phase2/results/predictions/full/independent_rms/resnet/seed_29/bandpass_n20005_cRA_LA_electrode_s20.npz,76329,ed13e20fb6891be87b1054a33eb2342891069d6374bdd5bba7f88c8a90bc772c
resnet,independent_rms,29,bandpass_n20005_cRA_LA_electrode_s15,phase2/results/predictions/full/independent_rms/resnet/seed_29/bandpass_n20005_cRA_LA_electrode_s15.npz,76337,cfc52452efcd2328b8c64269056b7c1d2ea8cd3113b6c103efc1698864eab227
resnet,independent_rms,29,bandpass_n20005_cRA_LA_electrode_s10,phase2/results/predictions/full/independent_rms/resnet/seed_29/bandpass_n20005_cRA_LA_electrode_s10.npz,76211,c33c0a961be8c336e8e5fd0423708f7625ee81b528106bb5c5754fb595dcf809
resnet,independent_rms,29,bandpass_n20005_cRA_LA_electrode_s5,phase2/results/predictions/full/independent_rms/resnet/seed_29/bandpass_n20005_cRA_LA_electrode_s5.npz,75987,c6770175f22f5e81e1dc0517ac02949db0e30c2299a07aeec9bb4090ea0d148a
resnet,independent_rms,29,bandpass_n20005_cRA_LA_electrode_s0,phase2/results/predictions/full/independent_rms/resnet/seed_29/bandpass_n20005_cRA_LA_electrode_s0.npz,75435,a1556eaa972d94f7b15caccc39beb54aed616679c8ecf0d33736628441c4d2b8
resnet,independent_rms,29,bandpass_n20005_cRA_LA_covariance_s20,phase2/results/predictions/full/independent_rms/resnet/seed_29/bandpass_n20005_cRA_LA_covariance_s20.npz,76377,497fa6a83efb2490d49da1445a183350f82729c2ab17c79f1ccc95cb74502f43
resnet,independent_rms,29,bandpass_n20005_cRA_LA_covariance_s15,phase2/results/predictions/full/independent_rms/resnet/seed_29/bandpass_n20005_cRA_LA_covariance_s15.npz,76372,d07f6dd4cdefe2c843a7917c4a79744d24571f5ee54f9c1fbea6896c3816f503
resnet,independent_rms,29,bandpass_n20005_cRA_LA_covariance_s10,phase2/results/predictions/full/independent_rms/resnet/seed_29/bandpass_n20005_cRA_LA_covariance_s10.npz,76203,fb07617469511fe2f8ed9ac64ee1e00560ad0d57c63ec14d5ae98013f9da7c03
resnet,independent_rms,29,bandpass_n20005_cRA_LA_covariance_s5,phase2/results/predictions/full/independent_rms/resnet/seed_29/bandpass_n20005_cRA_LA_covariance_s5.npz,75945,527032a0e759dbe789cef85bba4ca77835d80c265abb93ea5b607e9c2201f657
resnet,independent_rms,29,bandpass_n20005_cRA_LA_covariance_s0,phase2/results/predictions/full/independent_rms/resnet/seed_29/bandpass_n20005_cRA_LA_covariance_s0.npz,75418,22f86ef1c12d097c383223cedd696078a86701f9e673902b5a815285f064b933
resnet,independent_rms,29,bandpass_n20005_cLA_LL_independent_rms_s20,phase2/results/predictions/full/independent_rms/resnet/seed_29/bandpass_n20005_cLA_LL_independent_rms_s20.npz,76381,8b12e4ae20b1bdd971ceef7e49fc747480d20afdc4fef5ccb44240bfc0dbc0c4
resnet,independent_rms,29,bandpass_n20005_cLA_LL_independent_rms_s15,phase2/results/predictions/full/independent_rms/resnet/seed_29/bandpass_n20005_cLA_LL_independent_rms_s15.npz,76373,7aac1280b0461bd22cd1ee35423fd471f26131bd23aa67cb90948ae4cadb3165
resnet,independent_rms,29,bandpass_n20005_cLA_LL_independent_rms_s10,phase2/results/predictions/full/independent_rms/resnet/seed_29/bandpass_n20005_cLA_LL_independent_rms_s10.npz,76291,3204a0c214840c7342639c854e8d24c56bd0da379c7cb13b687079f03398dc85
resnet,independent_rms,29,bandpass_n20005_cLA_LL_independent_rms_s5,phase2/results/predictions/full/independent_rms/resnet/seed_29/bandpass_n20005_cLA_LL_independent_rms_s5.npz,76124,72e4c0069131ce566ee56c0f166e16b4df43196b7834772e531f8033752abdfb
resnet,independent_rms,29,bandpass_n20005_cLA_LL_independent_rms_s0,phase2/results/predictions/full/independent_rms/resnet/seed_29/bandpass_n20005_cLA_LL_independent_rms_s0.npz,75645,13fadca37ecec686cd2fb51e54390abd9c3419dcca6c7fd7a2008db40abed586
resnet,independent_rms,29,bandpass_n20005_cLA_LL_electrode_s20,phase2/results/predictions/full/independent_rms/resnet/seed_29/bandpass_n20005_cLA_LL_electrode_s20.npz,76328,acef2ae7976bc49f1677e137e7a3527197bc743f130334c194e2f24e7b99f38d
resnet,independent_rms,29,bandpass_n20005_cLA_LL_electrode_s15,phase2/results/predictions/full/independent_rms/resnet/seed_29/bandpass_n20005_cLA_LL_electrode_s15.npz,76339,493f82239fca209458124f503afb968ede3a34bae3b5b7d694867a7a5fbcb4a6
resnet,independent_rms,29,bandpass_n20005_cLA_LL_electrode_s10,phase2/results/predictions/full/independent_rms/resnet/seed_29/bandpass_n20005_cLA_LL_electrode_s10.npz,76201,7f18dd8630f2a23bb25f9d1e4852138b21b57e9a49f1b82e4be08676a484f4ad
resnet,independent_rms,29,bandpass_n20005_cLA_LL_electrode_s5,phase2/results/predictions/full/independent_rms/resnet/seed_29/bandpass_n20005_cLA_LL_electrode_s5.npz,75930,ea09b60a4717a365d31f3ae6d18761b77b17a0bf21c43a47b5c5bd38cbf76eb4
resnet,independent_rms,29,bandpass_n20005_cLA_LL_electrode_s0,phase2/results/predictions/full/independent_rms/resnet/seed_29/bandpass_n20005_cLA_LL_electrode_s0.npz,75613,f19ee38079a67572dda0300402b618b1c6711395829f535a9c68941fb132c472
resnet,independent_rms,29,bandpass_n20005_cLA_LL_covariance_s20,phase2/results/predictions/full/independent_rms/resnet/seed_29/bandpass_n20005_cLA_LL_covariance_s20.npz,76385,dbdf4e9a5fc5467feb8cac4c8a6ebc902cc6dfe7d8a923fbdd9bbe5625bc1fe7
resnet,independent_rms,29,bandpass_n20005_cLA_LL_covariance_s15,phase2/results/predictions/full/independent_rms/resnet/seed_29/bandpass_n20005_cLA_LL_covariance_s15.npz,76323,f80f82ebc1584426a306f39542c10c056172910ccfcf1b5c84aee4f91ebe6632
resnet,independent_rms,29,bandpass_n20005_cLA_LL_covariance_s10,phase2/results/predictions/full/independent_rms/resnet/seed_29/bandpass_n20005_cLA_LL_covariance_s10.npz,76198,e56fd67ded4826be682dae4b8055bb4a4addad67fb14c35de71c607055b49f34
resnet,independent_rms,29,bandpass_n20005_cLA_LL_covariance_s5,phase2/results/predictions/full/independent_rms/resnet/seed_29/bandpass_n20005_cLA_LL_covariance_s5.npz,75944,e020e08753f18d66607a0574fe1c6d684a7e87fb680b2646e425d8080031bf87
resnet,independent_rms,29,bandpass_n20005_cLA_LL_covariance_s0,phase2/results/predictions/full/independent_rms/resnet/seed_29/bandpass_n20005_cLA_LL_covariance_s0.npz,75637,d9cd61f91c33ddba0e6cb1db776fb255a0bc5a1ccbbb0d3cb72098ab7dddb2bb
resnet,independent_rms,29,bandpass_n20005_cRA_LL_independent_rms_s20,phase2/results/predictions/full/independent_rms/resnet/seed_29/bandpass_n20005_cRA_LL_independent_rms_s20.npz,76384,5093bf3dc603d41ddd35856abcd4ad2883e2ff4dd0a0f0511a43eaa79c71bcba
resnet,independent_rms,29,bandpass_n20005_cRA_LL_independent_rms_s15,phase2/results/predictions/full/independent_rms/resnet/seed_29/bandpass_n20005_cRA_LL_independent_rms_s15.npz,76363,4aed0f564f52e84a915d9b6d16b0706f609fbdd163399d5713cd4e293a108ae7
resnet,independent_rms,29,bandpass_n20005_cRA_LL_independent_rms_s10,phase2/results/predictions/full/independent_rms/resnet/seed_29/bandpass_n20005_cRA_LL_independent_rms_s10.npz,76314,af6eb0d6532ecc552dc25d3ad0752c99d9f68448569e8b2bda5fdef09af65b0d
resnet,independent_rms,29,bandpass_n20005_cRA_LL_independent_rms_s5,phase2/results/predictions/full/independent_rms/resnet/seed_29/bandpass_n20005_cRA_LL_independent_rms_s5.npz,76086,f65c390bb0277837675331d32d69a9d15cfae9b43a92d650dbcae59588458153
resnet,independent_rms,29,bandpass_n20005_cRA_LL_independent_rms_s0,phase2/results/predictions/full/independent_rms/resnet/seed_29/bandpass_n20005_cRA_LL_independent_rms_s0.npz,75569,045b13a13a1f116278718b4d28241967de5102209501c559896df7415d380ce3
resnet,independent_rms,29,bandpass_n20005_cRA_LL_electrode_s20,phase2/results/predictions/full/independent_rms/resnet/seed_29/bandpass_n20005_cRA_LL_electrode_s20.npz,76362,0d320e39319d49e8a8072ee9052223db14a36dd02ba319ea5e1a1124a96f59a8
resnet,independent_rms,29,bandpass_n20005_cRA_LL_electrode_s15,phase2/results/predictions/full/independent_rms/resnet/seed_29/bandpass_n20005_cRA_LL_electrode_s15.npz,76305,f6f54a0804b64d3b44d579fb0d732d06618fcc76a0b8c3195303679ab68ed2fb
resnet,independent_rms,29,bandpass_n20005_cRA_LL_electrode_s10,phase2/results/predictions/full/independent_rms/resnet/seed_29/bandpass_n20005_cRA_LL_electrode_s10.npz,76201,7956b90a6e52fd79a159b5d9de67c40189c2065987e196f5476178c1c7c3f3b4
resnet,independent_rms,29,bandpass_n20005_cRA_LL_electrode_s5,phase2/results/predictions/full/independent_rms/resnet/seed_29/bandpass_n20005_cRA_LL_electrode_s5.npz,75939,2906598b26c114e8b3eb0cb73658ac8a01e44b9a133d1fb8d1895046d095e523
resnet,independent_rms,29,bandpass_n20005_cRA_LL_electrode_s0,phase2/results/predictions/full/independent_rms/resnet/seed_29/bandpass_n20005_cRA_LL_electrode_s0.npz,75546,44e927fa03ba48df58140c6ee121ee13717a69a4bf6a84c4ae059e3d919878d0
resnet,independent_rms,29,bandpass_n20005_cRA_LL_covariance_s20,phase2/results/predictions/full/independent_rms/resnet/seed_29/bandpass_n20005_cRA_LL_covariance_s20.npz,76356,f013f884110a776934741ee7fe7e20c43682210e0b88da5a9e10a113d5620cd5
resnet,independent_rms,29,bandpass_n20005_cRA_LL_covariance_s15,phase2/results/predictions/full/independent_rms/resnet/seed_29/bandpass_n20005_cRA_LL_covariance_s15.npz,76333,c9e65759b8f758ff86b3244e0595f42991a4d6709b9a2239d70431b574c73270
resnet,independent_rms,29,bandpass_n20005_cRA_LL_covariance_s10,phase2/results/predictions/full/independent_rms/resnet/seed_29/bandpass_n20005_cRA_LL_covariance_s10.npz,76213,2a23641cd356396086b9eedd6141a6566a724c7a684a9801397d5f6c3bafde2f
resnet,independent_rms,29,bandpass_n20005_cRA_LL_covariance_s5,phase2/results/predictions/full/independent_rms/resnet/seed_29/bandpass_n20005_cRA_LL_covariance_s5.npz,75924,e9460c85c3d2cdc1f7e86d73f56da38f26f0a7dfb9186ab0243e7582435d0bba
resnet,independent_rms,29,bandpass_n20005_cRA_LL_covariance_s0,phase2/results/predictions/full/independent_rms/resnet/seed_29/bandpass_n20005_cRA_LL_covariance_s0.npz,75532,28c7b41a74f2df4d635ea066841430d23cbc1288468005452cca00aaa8cd07c1
resnet,independent_rms,29,bandpass_n20005_cRA_independent_rms_s20,phase2/results/predictions/full/independent_rms/resnet/seed_29/bandpass_n20005_cRA_independent_rms_s20.npz,76375,fcea78ec9bf5ef6509b4da47f07beaa32d07746b011b50ee165777fe2f259a7b
resnet,independent_rms,29,bandpass_n20005_cRA_independent_rms_s15,phase2/results/predictions/full/independent_rms/resnet/seed_29/bandpass_n20005_cRA_independent_rms_s15.npz,76350,6b36cb99b0bcc99b18d0236e03db8fa30d1bea45e6aa5176ca8f1fc3c494c183
resnet,independent_rms,29,bandpass_n20005_cRA_independent_rms_s10,phase2/results/predictions/full/independent_rms/resnet/seed_29/bandpass_n20005_cRA_independent_rms_s10.npz,76308,0b43237694e85c97fee0da0df5742063014a0a1c38a1cef4777d1115d0b97f61
resnet,independent_rms,29,bandpass_n20005_cRA_independent_rms_s5,phase2/results/predictions/full/independent_rms/resnet/seed_29/bandpass_n20005_cRA_independent_rms_s5.npz,76087,001ff3fba6c757075da9980ef30a27deb132ac550c4336206e91106d92174ef0
resnet,independent_rms,29,bandpass_n20005_cRA_independent_rms_s0,phase2/results/predictions/full/independent_rms/resnet/seed_29/bandpass_n20005_cRA_independent_rms_s0.npz,75587,821365f1d90e9aba1a06e4476394e25166a96f823b0846dc7b165379d46a8e44
resnet,independent_rms,29,bandpass_n20005_cRA_electrode_s20,phase2/results/predictions/full/independent_rms/resnet/seed_29/bandpass_n20005_cRA_electrode_s20.npz,76351,eaf0bf8fc0d80bd4cae27216f8c7ba11e7f28506f084dc7abc412ba1599e216b
resnet,independent_rms,29,bandpass_n20005_cRA_electrode_s15,phase2/results/predictions/full/independent_rms/resnet/seed_29/bandpass_n20005_cRA_electrode_s15.npz,76288,c8fd291305310f842cec024f4f933cc186d30401ebd7801a9ebcb3a207f3f2dc
resnet,independent_rms,29,bandpass_n20005_cRA_electrode_s10,phase2/results/predictions/full/independent_rms/resnet/seed_29/bandpass_n20005_cRA_electrode_s10.npz,76186,98c1647ba190ba12938e71ec631a9127df3791787a46aa613198428f4db60179
resnet,independent_rms,29,bandpass_n20005_cRA_electrode_s5,phase2/results/predictions/full/independent_rms/resnet/seed_29/bandpass_n20005_cRA_electrode_s5.npz,75932,619bba42e05f0842773722cf24f2ee2a00b7ce2cfda6967fa9ef3711dc04aeaf
resnet,independent_rms,29,bandpass_n20005_cRA_electrode_s0,phase2/results/predictions/full/independent_rms/resnet/seed_29/bandpass_n20005_cRA_electrode_s0.npz,75366,9da1e2ecf0468a1d272032e17edfd62cfb828c8542180e4282eac4b09e094a8e
resnet,independent_rms,29,bandpass_n20005_cRA_covariance_s20,phase2/results/predictions/full/independent_rms/resnet/seed_29/bandpass_n20005_cRA_covariance_s20.npz,76359,6d591593691a80b77782701ab44ed37cf7f94333fba351a7a35a0f3bfaf79fc3
resnet,independent_rms,29,bandpass_n20005_cRA_covariance_s15,phase2/results/predictions/full/independent_rms/resnet/seed_29/bandpass_n20005_cRA_covariance_s15.npz,76335,982c972eeb56c25314f519e859399f40adc1039be60845dbf88d6ecbbd8f9565
resnet,independent_rms,29,bandpass_n20005_cRA_covariance_s10,phase2/results/predictions/full/independent_rms/resnet/seed_29/bandpass_n20005_cRA_covariance_s10.npz,76175,1525892c680e41350dc32d91a9db2e51531567e96389bd87613cd51fb83a0d9a
resnet,independent_rms,29,bandpass_n20005_cRA_covariance_s5,phase2/results/predictions/full/independent_rms/resnet/seed_29/bandpass_n20005_cRA_covariance_s5.npz,75972,ca72ae7a5ef8dd71edd7130117c459a1daa996976f06fcf620567b28fb5871ea
resnet,independent_rms,29,bandpass_n20005_cRA_covariance_s0,phase2/results/predictions/full/independent_rms/resnet/seed_29/bandpass_n20005_cRA_covariance_s0.npz,75336,736afd9b70e831ae7a08d0176a67d5c7cf38b9b191c1066af5a1274fa92c518b
resnet,independent_rms,29,bandpass_n20005_cLA_independent_rms_s20,phase2/results/predictions/full/independent_rms/resnet/seed_29/bandpass_n20005_cLA_independent_rms_s20.npz,76368,a308d2abad04b071dfdb189347a406a0558e994bc669b90fbdc96fbe247cd0c8
resnet,independent_rms,29,bandpass_n20005_cLA_independent_rms_s15,phase2/results/predictions/full/independent_rms/resnet/seed_29/bandpass_n20005_cLA_independent_rms_s15.npz,76358,d29d8711a26d48e2f482f588d174ac5f94471dcb3179eef47fc26ab1229c5588
resnet,independent_rms,29,bandpass_n20005_cLA_independent_rms_s10,phase2/results/predictions/full/independent_rms/resnet/seed_29/bandpass_n20005_cLA_independent_rms_s10.npz,76310,398a6812a7a3d7d536a8b6f7ff5c7206d988c0225ed60c8e6f330e7fe271076b
resnet,independent_rms,29,bandpass_n20005_cLA_independent_rms_s5,phase2/results/predictions/full/independent_rms/resnet/seed_29/bandpass_n20005_cLA_independent_rms_s5.npz,76071,bd46d5b1bbf5c751401a3a111bd697e90f2f3e50a788b915192cd6bda9a83b41
resnet,independent_rms,29,bandpass_n20005_cLA_independent_rms_s0,phase2/results/predictions/full/independent_rms/resnet/seed_29/bandpass_n20005_cLA_independent_rms_s0.npz,75661,4e798b31f743c7fcde1f662bc919f8f57eb99c185a8bcb53670a2dd85830ddf8
resnet,independent_rms,29,bandpass_n20005_cLA_electrode_s20,phase2/results/predictions/full/independent_rms/resnet/seed_29/bandpass_n20005_cLA_electrode_s20.npz,76346,4fa193a249af36589790627fb73029234ef458deab9cfd1d47ff275d97abd8c1
resnet,independent_rms,29,bandpass_n20005_cLA_electrode_s15,phase2/results/predictions/full/independent_rms/resnet/seed_29/bandpass_n20005_cLA_electrode_s15.npz,76327,0098f193e59d1f351f18c0db5f4edce4ad353818a95de8975559cdfe8d163c76
resnet,independent_rms,29,bandpass_n20005_cLA_electrode_s10,phase2/results/predictions/full/independent_rms/resnet/seed_29/bandpass_n20005_cLA_electrode_s10.npz,76220,79d6aebad9503430beeb71c322034444c1f35f56b0f8878dbea687ee77a69b39
resnet,independent_rms,29,bandpass_n20005_cLA_electrode_s5,phase2/results/predictions/full/independent_rms/resnet/seed_29/bandpass_n20005_cLA_electrode_s5.npz,75968,086c7f3803ff4a4b0b8357be373b06c382c2bf9c8bddbaf4ba6f44bfab98dc4d
resnet,independent_rms,29,bandpass_n20005_cLA_electrode_s0,phase2/results/predictions/full/independent_rms/resnet/seed_29/bandpass_n20005_cLA_electrode_s0.npz,75485,c3b44be0b4d8e4036ce130f606454ba16cc0f27210d5c8c47a1924a07afd4e3c
resnet,independent_rms,29,bandpass_n20005_cLA_covariance_s20,phase2/results/predictions/full/independent_rms/resnet/seed_29/bandpass_n20005_cLA_covariance_s20.npz,76350,fdbac4413497ba5da68b0bb83b9394d929a5c7e129a1821968da7d680eecac6f
resnet,independent_rms,29,bandpass_n20005_cLA_covariance_s15,phase2/results/predictions/full/independent_rms/resnet/seed_29/bandpass_n20005_cLA_covariance_s15.npz,76329,111c7f8597d06f5a52d6eaec7d9a6d2668df1f9159a8aab44b9e18d01515dd57
resnet,independent_rms,29,bandpass_n20005_cLA_covariance_s10,phase2/results/predictions/full/independent_rms/resnet/seed_29/bandpass_n20005_cLA_covariance_s10.npz,76237,bac836bf3d0086159baadc2372ba4ea97bf4bc00f943f9e837ce5cdc056f37ee
resnet,independent_rms,29,bandpass_n20005_cLA_covariance_s5,phase2/results/predictions/full/independent_rms/resnet/seed_29/bandpass_n20005_cLA_covariance_s5.npz,75957,d6cff82c257215cca7ac36054bf1731926c958188ac31561d427d9951493fcb3
resnet,independent_rms,29,bandpass_n20005_cLA_covariance_s0,phase2/results/predictions/full/independent_rms/resnet/seed_29/bandpass_n20005_cLA_covariance_s0.npz,75482,ba44a0b70e266a04cb4b7a70d7362ac964214204dbc29a7fef52525e86151e8a
resnet,independent_rms,29,bandpass_n20005_cLL_independent_rms_s20,phase2/results/predictions/full/independent_rms/resnet/seed_29/bandpass_n20005_cLL_independent_rms_s20.npz,76325,c1f2cdae46fb5e5a26069cc252f88e4e3af548d9eb2cb37299edb68da1b3c381
resnet,independent_rms,29,bandpass_n20005_cLL_independent_rms_s15,phase2/results/predictions/full/independent_rms/resnet/seed_29/bandpass_n20005_cLL_independent_rms_s15.npz,76378,bb50c25d73684472b3d945c75bf5716cdc43419e2152746a11faf985ccd0d111
resnet,independent_rms,29,bandpass_n20005_cLL_independent_rms_s10,phase2/results/predictions/full/independent_rms/resnet/seed_29/bandpass_n20005_cLL_independent_rms_s10.npz,76276,eeacb4fe4a0e68330c6cc3cae0bae0310bdb2590f943cdd179b05404a5713e57
resnet,independent_rms,29,bandpass_n20005_cLL_independent_rms_s5,phase2/results/predictions/full/independent_rms/resnet/seed_29/bandpass_n20005_cLL_independent_rms_s5.npz,76080,dfb1cdeb944b21e7ac7cfa4ae5766f2616ecd9334c3d1ba20e0d237e794e13b4
resnet,independent_rms,29,bandpass_n20005_cLL_independent_rms_s0,phase2/results/predictions/full/independent_rms/resnet/seed_29/bandpass_n20005_cLL_independent_rms_s0.npz,75634,b9449fcca248a54bceb99243d1e751a0857c3fa8b8a80f52d8f3ebe153940b05
resnet,independent_rms,29,bandpass_n20005_cLL_electrode_s20,phase2/results/predictions/full/independent_rms/resnet/seed_29/bandpass_n20005_cLL_electrode_s20.npz,76396,fd6906b2dbfb29cabcc350199b6c9745de9bd3440d7cefa79050709396997db8
resnet,independent_rms,29,bandpass_n20005_cLL_electrode_s15,phase2/results/predictions/full/independent_rms/resnet/seed_29/bandpass_n20005_cLL_electrode_s15.npz,76296,c9a7a5f1671a55d2e0b36645ffd6ee38f700a27303cb48a658ed5d203949e713
resnet,independent_rms,29,bandpass_n20005_cLL_electrode_s10,phase2/results/predictions/full/independent_rms/resnet/seed_29/bandpass_n20005_cLL_electrode_s10.npz,76160,332f926fe70a3acab5f7ab338236dc240c310394644fc4e48c857dc6708b5916
resnet,independent_rms,29,bandpass_n20005_cLL_electrode_s5,phase2/results/predictions/full/independent_rms/resnet/seed_29/bandpass_n20005_cLL_electrode_s5.npz,75924,2a094d7be90fa49f1f6754cb8bac1ede520c466d5a380be1cd4e3a705d904307
resnet,independent_rms,29,bandpass_n20005_cLL_electrode_s0,phase2/results/predictions/full/independent_rms/resnet/seed_29/bandpass_n20005_cLL_electrode_s0.npz,75710,33f6053e9d5af13abd4f19d0cd200c351e1b11ed803ffa821452c2bf27826cdb
resnet,independent_rms,29,bandpass_n20005_cLL_covariance_s20,phase2/results/predictions/full/independent_rms/resnet/seed_29/bandpass_n20005_cLL_covariance_s20.npz,76344,d8c73a41bd3d0403f157aed4de888956469ee2a12ea16948ca27145ae9ee5a35
resnet,independent_rms,29,bandpass_n20005_cLL_covariance_s15,phase2/results/predictions/full/independent_rms/resnet/seed_29/bandpass_n20005_cLL_covariance_s15.npz,76304,c59c84dbdd82a254f6cac30da305aaee9ace39a32736ecb4b0ad4c02f0401a6d
resnet,independent_rms,29,bandpass_n20005_cLL_covariance_s10,phase2/results/predictions/full/independent_rms/resnet/seed_29/bandpass_n20005_cLL_covariance_s10.npz,76191,8130f1b4342c0df6df73634cd97ae3eee378df599ca9d5907fde672e59273c44
resnet,independent_rms,29,bandpass_n20005_cLL_covariance_s5,phase2/results/predictions/full/independent_rms/resnet/seed_29/bandpass_n20005_cLL_covariance_s5.npz,75927,9fb2ae5f65d97b27a3e850946220ffed524ec96ec4b62b4ade341eff94951a4f
resnet,independent_rms,29,bandpass_n20005_cLL_covariance_s0,phase2/results/predictions/full/independent_rms/resnet/seed_29/bandpass_n20005_cLL_covariance_s0.npz,75693,901699e2065cf6c771c775189055655195f467ce6f09506174cd81382a4d9516
resnet,independent_rms,29,bandpass_n20005_cRA_V1_independent_rms_s20,phase2/results/predictions/full/independent_rms/resnet/seed_29/bandpass_n20005_cRA_V1_independent_rms_s20.npz,76359,2a60b57c25fb0a94193b711113bb94482d78393f15e80f33c87ee8d3715e3bbd
resnet,independent_rms,29,bandpass_n20005_cRA_V1_independent_rms_s15,phase2/results/predictions/full/independent_rms/resnet/seed_29/bandpass_n20005_cRA_V1_independent_rms_s15.npz,76381,c8ee55dacdb1d26bad078ebcb8e9dbbfdc3c7281005a06d5c30271c608387b81
resnet,independent_rms,29,bandpass_n20005_cRA_V1_independent_rms_s10,phase2/results/predictions/full/independent_rms/resnet/seed_29/bandpass_n20005_cRA_V1_independent_rms_s10.npz,76303,b86a408097f96af3e61c83b8cf621a5d4d8a73cc617f37fc2fc02eb822f7028a
resnet,independent_rms,29,bandpass_n20005_cRA_V1_independent_rms_s5,phase2/results/predictions/full/independent_rms/resnet/seed_29/bandpass_n20005_cRA_V1_independent_rms_s5.npz,76090,194f7f249249936a49832f5e7a6c9bb0727830a18f41406b35a95d5e892208b2
resnet,independent_rms,29,bandpass_n20005_cRA_V1_independent_rms_s0,phase2/results/predictions/full/independent_rms/resnet/seed_29/bandpass_n20005_cRA_V1_independent_rms_s0.npz,75616,80f296e4a3fc3ddd9eb110b349e701b8e61325396c0c2b995c6fc52ee1366620
resnet,independent_rms,29,bandpass_n20005_cRA_V1_electrode_s20,phase2/results/predictions/full/independent_rms/resnet/seed_29/bandpass_n20005_cRA_V1_electrode_s20.npz,76366,e00cadd0e05da5e61d9d9861cc5827e7e62f9977411fbb3cdfd376e86c1d3c7f
resnet,independent_rms,29,bandpass_n20005_cRA_V1_electrode_s15,phase2/results/predictions/full/independent_rms/resnet/seed_29/bandpass_n20005_cRA_V1_electrode_s15.npz,76342,85e5984a3735a4b6c110b48febad04aa318319907921827254ef8739761549d3
resnet,independent_rms,29,bandpass_n20005_cRA_V1_electrode_s10,phase2/results/predictions/full/independent_rms/resnet/seed_29/bandpass_n20005_cRA_V1_electrode_s10.npz,76243,bec81e3f1751aa738411db078333ea488de88afc1fb1d42dacab6204620ff5af
resnet,independent_rms,29,bandpass_n20005_cRA_V1_electrode_s5,phase2/results/predictions/full/independent_rms/resnet/seed_29/bandpass_n20005_cRA_V1_electrode_s5.npz,75973,9fc7862bdeb8fdbe187617fe8f5709fe1534995047556acf9f58b8234dbf38d8
resnet,independent_rms,29,bandpass_n20005_cRA_V1_electrode_s0,phase2/results/predictions/full/independent_rms/resnet/seed_29/bandpass_n20005_cRA_V1_electrode_s0.npz,75367,3e82353dae2c1120919cda0c6ef66c03b375409f5a190a88d4a569f451f63a67
resnet,independent_rms,29,bandpass_n20005_cRA_V1_covariance_s20,phase2/results/predictions/full/independent_rms/resnet/seed_29/bandpass_n20005_cRA_V1_covariance_s20.npz,76355,790f89f9d3e209287553e44cc49711803881d81114c2f936d092104f9fdc8744
resnet,independent_rms,29,bandpass_n20005_cRA_V1_covariance_s15,phase2/results/predictions/full/independent_rms/resnet/seed_29/bandpass_n20005_cRA_V1_covariance_s15.npz,76331,028013e72155df2d7f7ac4ad909c5e9c740549ed5af9eae8abcedc2cc0b86294
resnet,independent_rms,29,bandpass_n20005_cRA_V1_covariance_s10,phase2/results/predictions/full/independent_rms/resnet/seed_29/bandpass_n20005_cRA_V1_covariance_s10.npz,76231,723d53a26f3830b368f5dc6ac3b90a5237a3ac3550a07456098403fbfd7eeca5
resnet,independent_rms,29,bandpass_n20005_cRA_V1_covariance_s5,phase2/results/predictions/full/independent_rms/resnet/seed_29/bandpass_n20005_cRA_V1_covariance_s5.npz,76001,bcb1cc254c2887af1cfccf9df89d05e9128ee1ac82d53d8396a1032f83984d53
resnet,independent_rms,29,bandpass_n20005_cRA_V1_covariance_s0,phase2/results/predictions/full/independent_rms/resnet/seed_29/bandpass_n20005_cRA_V1_covariance_s0.npz,75399,119eba7e300e21946024eb82922dc19f806fa2f1f44a7f6f89992610bc2387dc
resnet,independent_rms,29,bandpass_n20005_cLA_V6_independent_rms_s20,phase2/results/predictions/full/independent_rms/resnet/seed_29/bandpass_n20005_cLA_V6_independent_rms_s20.npz,76380,e87b41bee71f43cf177ed4d1bfe75079151f4c659ec9f78ca77a37b60ec6460f
resnet,independent_rms,29,bandpass_n20005_cLA_V6_independent_rms_s15,phase2/results/predictions/full/independent_rms/resnet/seed_29/bandpass_n20005_cLA_V6_independent_rms_s15.npz,76364,26e8b7e343e2c5e79307e28b0e40db123a7d71293d854f54cf15870dcc1e10af
resnet,independent_rms,29,bandpass_n20005_cLA_V6_independent_rms_s10,phase2/results/predictions/full/independent_rms/resnet/seed_29/bandpass_n20005_cLA_V6_independent_rms_s10.npz,76293,1f766d21737b9c6d7bc9eb2614b08eddb047b07fa01839216aab582aedc891b6
resnet,independent_rms,29,bandpass_n20005_cLA_V6_independent_rms_s5,phase2/results/predictions/full/independent_rms/resnet/seed_29/bandpass_n20005_cLA_V6_independent_rms_s5.npz,76110,a7cf5eeb3cbcd62bcd787a107b2bd559411ab71dda1617e982e7bcfeaa59034d
resnet,independent_rms,29,bandpass_n20005_cLA_V6_independent_rms_s0,phase2/results/predictions/full/independent_rms/resnet/seed_29/bandpass_n20005_cLA_V6_independent_rms_s0.npz,75683,06a159fe9553429ee7602f366b090978ccd1c973e146e7c30dee47b911d5a053
resnet,independent_rms,29,bandpass_n20005_cLA_V6_electrode_s20,phase2/results/predictions/full/independent_rms/resnet/seed_29/bandpass_n20005_cLA_V6_electrode_s20.npz,76335,1aec38f6fbc39ac2e6d5d824ae5cf2f281fd0681a2cbd686162bdbcc48d59c42
resnet,independent_rms,29,bandpass_n20005_cLA_V6_electrode_s15,phase2/results/predictions/full/independent_rms/resnet/seed_29/bandpass_n20005_cLA_V6_electrode_s15.npz,76333,3fa71df371f928ebc382d282337dc77b2c191a301ecbcdb1886ea4e164278653
resnet,independent_rms,29,bandpass_n20005_cLA_V6_electrode_s10,phase2/results/predictions/full/independent_rms/resnet/seed_29/bandpass_n20005_cLA_V6_electrode_s10.npz,76248,558139430dd675d7800d2d04bf9341f23b4629c959ad69ffb37b35da0892e802
resnet,independent_rms,29,bandpass_n20005_cLA_V6_electrode_s5,phase2/results/predictions/full/independent_rms/resnet/seed_29/bandpass_n20005_cLA_V6_electrode_s5.npz,76027,abfddf9587d7766b665521a42dc9c3b4e1dcd2c852cb6f1e136e94d82e0602cb
resnet,independent_rms,29,bandpass_n20005_cLA_V6_electrode_s0,phase2/results/predictions/full/independent_rms/resnet/seed_29/bandpass_n20005_cLA_V6_electrode_s0.npz,75551,2fe1a7b28dd2ce344c0d56982d6e02ec1f7538e93cad688bbaed6d5bce2fef24
resnet,independent_rms,29,bandpass_n20005_cLA_V6_covariance_s20,phase2/results/predictions/full/independent_rms/resnet/seed_29/bandpass_n20005_cLA_V6_covariance_s20.npz,76373,91d121ae23d7ca8704cce2fa5950c746ca1292f4355dcd86ec151b9d31aca45d
resnet,independent_rms,29,bandpass_n20005_cLA_V6_covariance_s15,phase2/results/predictions/full/independent_rms/resnet/seed_29/bandpass_n20005_cLA_V6_covariance_s15.npz,76334,4dd2c66a2e923fd23222870c53f11e79fcc8e802878f4b64306062f65ce6b761
resnet,independent_rms,29,bandpass_n20005_cLA_V6_covariance_s10,phase2/results/predictions/full/independent_rms/resnet/seed_29/bandpass_n20005_cLA_V6_covariance_s10.npz,76227,ac8483f56464b364a4efca79373f89d823d5da9639ef1aecce36c1c9ed1ef297
resnet,independent_rms,29,bandpass_n20005_cLA_V6_covariance_s5,phase2/results/predictions/full/independent_rms/resnet/seed_29/bandpass_n20005_cLA_V6_covariance_s5.npz,76020,d7dab754a69f7828553916321bb67d32338bf3f45740afd52d3297875f648669
resnet,independent_rms,29,bandpass_n20005_cLA_V6_covariance_s0,phase2/results/predictions/full/independent_rms/resnet/seed_29/bandpass_n20005_cLA_V6_covariance_s0.npz,75561,f58b05c19681ccc649be8207660d317eb263a208004b79e78621549f9b28ce81
resnet,independent_rms,29,bandpass_n20005_cLL_V4_independent_rms_s20,phase2/results/predictions/full/independent_rms/resnet/seed_29/bandpass_n20005_cLL_V4_independent_rms_s20.npz,76408,ce6b488eecffaff6be074f124932d9c6b4fe172f6a9c7fa5961b11c82fa22068
resnet,independent_rms,29,bandpass_n20005_cLL_V4_independent_rms_s15,phase2/results/predictions/full/independent_rms/resnet/seed_29/bandpass_n20005_cLL_V4_independent_rms_s15.npz,76400,cb1411b23a56d48eb1452d36605f859f7f083c0c1078a3d2f3076a1f049a5b67
resnet,independent_rms,29,bandpass_n20005_cLL_V4_independent_rms_s10,phase2/results/predictions/full/independent_rms/resnet/seed_29/bandpass_n20005_cLL_V4_independent_rms_s10.npz,76311,026026d310819b3c3e00a0b43b7c3ce9c6b1c678a8d8f3f1be573f2e6f535d5a
resnet,independent_rms,29,bandpass_n20005_cLL_V4_independent_rms_s5,phase2/results/predictions/full/independent_rms/resnet/seed_29/bandpass_n20005_cLL_V4_independent_rms_s5.npz,76113,ddb3d196434294f2aa1e84185077d0126d34f8dd5a53a2436478406c1111b52e
resnet,independent_rms,29,bandpass_n20005_cLL_V4_independent_rms_s0,phase2/results/predictions/full/independent_rms/resnet/seed_29/bandpass_n20005_cLL_V4_independent_rms_s0.npz,75690,1fccbffaf5d67a85d2ff90049cedb98177d2d1cd0e1d37c265df50f2d739d58d
resnet,independent_rms,29,bandpass_n20005_cLL_V4_electrode_s20,phase2/results/predictions/full/independent_rms/resnet/seed_29/bandpass_n20005_cLL_V4_electrode_s20.npz,76380,24102014e9262284c17faeee758c99f5651503bd550b5cf58b525c639934ca29
resnet,independent_rms,29,bandpass_n20005_cLL_V4_electrode_s15,phase2/results/predictions/full/independent_rms/resnet/seed_29/bandpass_n20005_cLL_V4_electrode_s15.npz,76331,7d671378812865adddcc3d20eb837cbb29988f45e39ffb48c900ac6e30f72578
resnet,independent_rms,29,bandpass_n20005_cLL_V4_electrode_s10,phase2/results/predictions/full/independent_rms/resnet/seed_29/bandpass_n20005_cLL_V4_electrode_s10.npz,76204,ef03b8cf19fef4e2441736b2f7458155fb8c25a8fcda8e83a6c8894417a69b9d
resnet,independent_rms,29,bandpass_n20005_cLL_V4_electrode_s5,phase2/results/predictions/full/independent_rms/resnet/seed_29/bandpass_n20005_cLL_V4_electrode_s5.npz,75992,5fd537a39b35ff730a09a74c92b7e1206af9ba186496388ba692948cf7fd107a
resnet,independent_rms,29,bandpass_n20005_cLL_V4_electrode_s0,phase2/results/predictions/full/independent_rms/resnet/seed_29/bandpass_n20005_cLL_V4_electrode_s0.npz,75647,a426bd62891683ab1430e8b21dbc2c5111a7b6a038c8749230afdb1385a4dcb6
resnet,independent_rms,29,bandpass_n20005_cLL_V4_covariance_s20,phase2/results/predictions/full/independent_rms/resnet/seed_29/bandpass_n20005_cLL_V4_covariance_s20.npz,76376,8403e85ec9594a63e772931cc2be9d53f5e4d62e5b6b388a63d98d9e699ae633
resnet,independent_rms,29,bandpass_n20005_cLL_V4_covariance_s15,phase2/results/predictions/full/independent_rms/resnet/seed_29/bandpass_n20005_cLL_V4_covariance_s15.npz,76333,2f9166b6baca631db711751c1960ec0a92a0744500ebe64144fd3634bd69df54
resnet,independent_rms,29,bandpass_n20005_cLL_V4_covariance_s10,phase2/results/predictions/full/independent_rms/resnet/seed_29/bandpass_n20005_cLL_V4_covariance_s10.npz,76206,154f0e8930aa4515307d2e9a19cef522d1a70feb69ed991e96cafde3b096c9bc
resnet,independent_rms,29,bandpass_n20005_cLL_V4_covariance_s5,phase2/results/predictions/full/independent_rms/resnet/seed_29/bandpass_n20005_cLL_V4_covariance_s5.npz,76008,cc98c28bff2df8a355626e8ef597c0ead3874bd70acccf881dd7a03aa3450641
resnet,independent_rms,29,bandpass_n20005_cLL_V4_covariance_s0,phase2/results/predictions/full/independent_rms/resnet/seed_29/bandpass_n20005_cLL_V4_covariance_s0.npz,75697,fe05f1b179fff8f7cab4544834bb893b80dff1c4e6fe710e2ff9bd8313e6b9a9
resnet,independent_rms,29,bandpass_n20005_cRA_LA_V1_V6_independent_rms_s20,phase2/results/predictions/full/independent_rms/resnet/seed_29/bandpass_n20005_cRA_LA_V1_V6_independent_rms_s20.npz,76412,17b06a3044dc5d1e973bbc402efd6c05da2c60a4c598a7e85d37a2ccbcfd80f2
resnet,independent_rms,29,bandpass_n20005_cRA_LA_V1_V6_independent_rms_s15,phase2/results/predictions/full/independent_rms/resnet/seed_29/bandpass_n20005_cRA_LA_V1_V6_independent_rms_s15.npz,76376,5d4ed428264e377cbc225e7f33d6259c0c3961da4e8c7243494b29bfa0abb0eb
resnet,independent_rms,29,bandpass_n20005_cRA_LA_V1_V6_independent_rms_s10,phase2/results/predictions/full/independent_rms/resnet/seed_29/bandpass_n20005_cRA_LA_V1_V6_independent_rms_s10.npz,76324,c0f51caaf85a17f90289884d30b54d8ce893af68bf50eff37658461d4972551b
resnet,independent_rms,29,bandpass_n20005_cRA_LA_V1_V6_independent_rms_s5,phase2/results/predictions/full/independent_rms/resnet/seed_29/bandpass_n20005_cRA_LA_V1_V6_independent_rms_s5.npz,76138,595baa0cd935dadc703705a1364f5f3ffc69f37414e62454412211b8c4b770dc
resnet,independent_rms,29,bandpass_n20005_cRA_LA_V1_V6_independent_rms_s0,phase2/results/predictions/full/independent_rms/resnet/seed_29/bandpass_n20005_cRA_LA_V1_V6_independent_rms_s0.npz,75655,34020c3f0978832a74ae253d6b32f504ac524bae1eeddd105ba4a8f0fb7f44f8
resnet,independent_rms,29,bandpass_n20005_cRA_LA_V1_V6_electrode_s20,phase2/results/predictions/full/independent_rms/resnet/seed_29/bandpass_n20005_cRA_LA_V1_V6_electrode_s20.npz,76415,609a4ca3567c1ab10b9ce6936474e45b9a5d6dd3a6e97d46149cb3f20030d4b4
resnet,independent_rms,29,bandpass_n20005_cRA_LA_V1_V6_electrode_s15,phase2/results/predictions/full/independent_rms/resnet/seed_29/bandpass_n20005_cRA_LA_V1_V6_electrode_s15.npz,76340,e4e11762592fea7c54447158d3c0051045771302745d14751c1accb7c7d9330f
resnet,independent_rms,29,bandpass_n20005_cRA_LA_V1_V6_electrode_s10,phase2/results/predictions/full/independent_rms/resnet/seed_29/bandpass_n20005_cRA_LA_V1_V6_electrode_s10.npz,76258,5262332062d60bbae86efbf8c6a888a4119a5fc10c426f3276436fa06c440b00
resnet,independent_rms,29,bandpass_n20005_cRA_LA_V1_V6_electrode_s5,phase2/results/predictions/full/independent_rms/resnet/seed_29/bandpass_n20005_cRA_LA_V1_V6_electrode_s5.npz,75976,949fb894642a7844e1fd12d40b0e1145e06f627dfb7a739587e3ca319ad168fd
resnet,independent_rms,29,bandpass_n20005_cRA_LA_V1_V6_electrode_s0,phase2/results/predictions/full/independent_rms/resnet/seed_29/bandpass_n20005_cRA_LA_V1_V6_electrode_s0.npz,75487,604e11950a920aeae4cfe8d4c0b571489a405df9d4683271937943275ee8f893
resnet,independent_rms,29,bandpass_n20005_cRA_LA_V1_V6_covariance_s20,phase2/results/predictions/full/independent_rms/resnet/seed_29/bandpass_n20005_cRA_LA_V1_V6_covariance_s20.npz,76376,389f87debd9bd5d62efa1a5e6063c142a87434105be1ae1f4ac44ba12d81c403
resnet,independent_rms,29,bandpass_n20005_cRA_LA_V1_V6_covariance_s15,phase2/results/predictions/full/independent_rms/resnet/seed_29/bandpass_n20005_cRA_LA_V1_V6_covariance_s15.npz,76358,47694c2eb7ce125bda49c0a19543912892d2e380c3a45f1de243d72bd38b6a90
resnet,independent_rms,29,bandpass_n20005_cRA_LA_V1_V6_covariance_s10,phase2/results/predictions/full/independent_rms/resnet/seed_29/bandpass_n20005_cRA_LA_V1_V6_covariance_s10.npz,76282,06f35afc1959bcfc54b5c2119ff8a62fe4134520085e2a62b938542744424007
resnet,independent_rms,29,bandpass_n20005_cRA_LA_V1_V6_covariance_s5,phase2/results/predictions/full/independent_rms/resnet/seed_29/bandpass_n20005_cRA_LA_V1_V6_covariance_s5.npz,76001,3a786bbd8698c4109bfae0d6decf95ebf5e2ec8f04ed9007bccd489d82a75c36
resnet,independent_rms,29,bandpass_n20005_cRA_LA_V1_V6_covariance_s0,phase2/results/predictions/full/independent_rms/resnet/seed_29/bandpass_n20005_cRA_LA_V1_V6_covariance_s0.npz,75428,fb0aeddbeb8f561b141a502fddcb28f070e96172ddfe51036da09895d3e97221
resnet,independent_rms,29,bandpass_n20005_cRA_V2_V5_independent_rms_s20,phase2/results/predictions/full/independent_rms/resnet/seed_29/bandpass_n20005_cRA_V2_V5_independent_rms_s20.npz,76364,4ecdd47191d6a53c43f0a41553b0e5a3d7b5213dbf2314596d31befe7d255c1a
resnet,independent_rms,29,bandpass_n20005_cRA_V2_V5_independent_rms_s15,phase2/results/predictions/full/independent_rms/resnet/seed_29/bandpass_n20005_cRA_V2_V5_independent_rms_s15.npz,76359,2f0f2d08fc59531b84965b9a42b32246deb0e384895507375ab41fc124e6bb8c
resnet,independent_rms,29,bandpass_n20005_cRA_V2_V5_independent_rms_s10,phase2/results/predictions/full/independent_rms/resnet/seed_29/bandpass_n20005_cRA_V2_V5_independent_rms_s10.npz,76301,932ac13cb6a5ad1120fd35a86ac37aa8ae9cf0b8b8d623e9b9253d3066624c11
resnet,independent_rms,29,bandpass_n20005_cRA_V2_V5_independent_rms_s5,phase2/results/predictions/full/independent_rms/resnet/seed_29/bandpass_n20005_cRA_V2_V5_independent_rms_s5.npz,76092,7aa1f58f3a2b49caee6e971fe336e6742de008661ca868815a2cc52f98453781
resnet,independent_rms,29,bandpass_n20005_cRA_V2_V5_independent_rms_s0,phase2/results/predictions/full/independent_rms/resnet/seed_29/bandpass_n20005_cRA_V2_V5_independent_rms_s0.npz,75592,87031de663624185e5d1d3941191ed4f0ddba4cd49bfbebef28b6e6a087d7349
resnet,independent_rms,29,bandpass_n20005_cRA_V2_V5_electrode_s20,phase2/results/predictions/full/independent_rms/resnet/seed_29/bandpass_n20005_cRA_V2_V5_electrode_s20.npz,76365,7642e90985f8c9e3643cad3ea7a91f21d17ba045ef4d526c86d30348df1f168d
resnet,independent_rms,29,bandpass_n20005_cRA_V2_V5_electrode_s15,phase2/results/predictions/full/independent_rms/resnet/seed_29/bandpass_n20005_cRA_V2_V5_electrode_s15.npz,76310,2387241990fdc36eef001babb1b25d9d08150b1beb7b1871c11162675076aacd
resnet,independent_rms,29,bandpass_n20005_cRA_V2_V5_electrode_s10,phase2/results/predictions/full/independent_rms/resnet/seed_29/bandpass_n20005_cRA_V2_V5_electrode_s10.npz,76256,622612f6e6217a79e89349b12a484cdb05e008b9e386f9ca2964fe5b40ed3572
resnet,independent_rms,29,bandpass_n20005_cRA_V2_V5_electrode_s5,phase2/results/predictions/full/independent_rms/resnet/seed_29/bandpass_n20005_cRA_V2_V5_electrode_s5.npz,75985,39d68af983f669ee69d6d846050e9f4af00fef342aa6b10b9f4245358439ebb9
resnet,independent_rms,29,bandpass_n20005_cRA_V2_V5_electrode_s0,phase2/results/predictions/full/independent_rms/resnet/seed_29/bandpass_n20005_cRA_V2_V5_electrode_s0.npz,75462,fb1d866b23d1b2dcb52b88f8a1502fe42c36f063e6a83ca469be7356a5016313
resnet,independent_rms,29,bandpass_n20005_cRA_V2_V5_covariance_s20,phase2/results/predictions/full/independent_rms/resnet/seed_29/bandpass_n20005_cRA_V2_V5_covariance_s20.npz,76352,3605d2eae752c7864ce80b29e651a2f1c8b366e996abb31aeb287be1dce445a1
resnet,independent_rms,29,bandpass_n20005_cRA_V2_V5_covariance_s15,phase2/results/predictions/full/independent_rms/resnet/seed_29/bandpass_n20005_cRA_V2_V5_covariance_s15.npz,76387,e047d3284cc0c4d83b9258b2f0923af6ac70b5d7047f00270d8676f2f43acd78
resnet,independent_rms,29,bandpass_n20005_cRA_V2_V5_covariance_s10,phase2/results/predictions/full/independent_rms/resnet/seed_29/bandpass_n20005_cRA_V2_V5_covariance_s10.npz,76240,101a9a3be96fbf5ecda6c89ff9ba8898adcefb832d1583ca34cd6efce159345b
resnet,independent_rms,29,bandpass_n20005_cRA_V2_V5_covariance_s5,phase2/results/predictions/full/independent_rms/resnet/seed_29/bandpass_n20005_cRA_V2_V5_covariance_s5.npz,76005,fe8e0052220f7f9220a6e9fa1162776ada0e25b3cb8ec2a1c9eb8b9863bfd141
resnet,independent_rms,29,bandpass_n20005_cRA_V2_V5_covariance_s0,phase2/results/predictions/full/independent_rms/resnet/seed_29/bandpass_n20005_cRA_V2_V5_covariance_s0.npz,75443,20d3a3d6e57649125bc240734e4b619c6d8ca7f5ae84b417962b9ac8c5873eeb
resnet,independent_rms,29,bandpass_n20005_cLA_V3_V6_independent_rms_s20,phase2/results/predictions/full/independent_rms/resnet/seed_29/bandpass_n20005_cLA_V3_V6_independent_rms_s20.npz,76405,be76f4576185f1a69e6a1d7738a755c5d761018c138c05bfe3daa0a7d4bbad60
resnet,independent_rms,29,bandpass_n20005_cLA_V3_V6_independent_rms_s15,phase2/results/predictions/full/independent_rms/resnet/seed_29/bandpass_n20005_cLA_V3_V6_independent_rms_s15.npz,76380,103a927980f6abca36bb650e4c25d30d55150041c0d7fea9aae4886ffee05423
resnet,independent_rms,29,bandpass_n20005_cLA_V3_V6_independent_rms_s10,phase2/results/predictions/full/independent_rms/resnet/seed_29/bandpass_n20005_cLA_V3_V6_independent_rms_s10.npz,76325,b357c2526045eb281547987393e78ee32b9fac1f96431987733cdb0c1337a2ea
resnet,independent_rms,29,bandpass_n20005_cLA_V3_V6_independent_rms_s5,phase2/results/predictions/full/independent_rms/resnet/seed_29/bandpass_n20005_cLA_V3_V6_independent_rms_s5.npz,76141,539d0506ff26bdfc498131880fa27f59344cedeff99f675a587ac6c7bce05ce5
resnet,independent_rms,29,bandpass_n20005_cLA_V3_V6_independent_rms_s0,phase2/results/predictions/full/independent_rms/resnet/seed_29/bandpass_n20005_cLA_V3_V6_independent_rms_s0.npz,75718,8e53116826bc4cc8065c27a3458aa454b20a7c4227faf6087638997bcde6a95e
resnet,independent_rms,29,bandpass_n20005_cLA_V3_V6_electrode_s20,phase2/results/predictions/full/independent_rms/resnet/seed_29/bandpass_n20005_cLA_V3_V6_electrode_s20.npz,76382,fa03c92110061a0a108bec3d45e49ff3b41e2ae17bfeeeca01bf55c38694f2b1
resnet,independent_rms,29,bandpass_n20005_cLA_V3_V6_electrode_s15,phase2/results/predictions/full/independent_rms/resnet/seed_29/bandpass_n20005_cLA_V3_V6_electrode_s15.npz,76365,5938077927a67a7846d8a2a8b714454fc270c246cba55999824ae3aa87223f49
resnet,independent_rms,29,bandpass_n20005_cLA_V3_V6_electrode_s10,phase2/results/predictions/full/independent_rms/resnet/seed_29/bandpass_n20005_cLA_V3_V6_electrode_s10.npz,76249,953d027546c6f07a226018defc81338908a5bd8016cf01c99f0f24526140edb9
resnet,independent_rms,29,bandpass_n20005_cLA_V3_V6_electrode_s5,phase2/results/predictions/full/independent_rms/resnet/seed_29/bandpass_n20005_cLA_V3_V6_electrode_s5.npz,76058,f0903e906886e19e26d81d7c126e0e29199dac29dc0a2c817d934d37763b8b0e
resnet,independent_rms,29,bandpass_n20005_cLA_V3_V6_electrode_s0,phase2/results/predictions/full/independent_rms/resnet/seed_29/bandpass_n20005_cLA_V3_V6_electrode_s0.npz,75582,8fa2d5bba93a00d72fc924db3b951b5c740b38e859ecf5f5c440cc90aabb9f3f
resnet,independent_rms,29,bandpass_n20005_cLA_V3_V6_covariance_s20,phase2/results/predictions/full/independent_rms/resnet/seed_29/bandpass_n20005_cLA_V3_V6_covariance_s20.npz,76374,ba240135ce6f389f2ac689c48a0fce86168ea79b0e28c8654d7a11aaf701ad35
resnet,independent_rms,29,bandpass_n20005_cLA_V3_V6_covariance_s15,phase2/results/predictions/full/independent_rms/resnet/seed_29/bandpass_n20005_cLA_V3_V6_covariance_s15.npz,76360,73e274ebfb07a7eb47b399c220c3f0024190e4f1d3d6bdba83fbd71df1cff5e1
resnet,independent_rms,29,bandpass_n20005_cLA_V3_V6_covariance_s10,phase2/results/predictions/full/independent_rms/resnet/seed_29/bandpass_n20005_cLA_V3_V6_covariance_s10.npz,76277,d06138edccc36a324cbae6f9f4b0494763fcd8e375d0a40c58bbf3a7f0ea1d06
resnet,independent_rms,29,bandpass_n20005_cLA_V3_V6_covariance_s5,phase2/results/predictions/full/independent_rms/resnet/seed_29/bandpass_n20005_cLA_V3_V6_covariance_s5.npz,76052,16e81bbbbe515278f0276804db24b92ae9e4216278f1226966022f38a17cffd7
resnet,independent_rms,29,bandpass_n20005_cLA_V3_V6_covariance_s0,phase2/results/predictions/full/independent_rms/resnet/seed_29/bandpass_n20005_cLA_V3_V6_covariance_s0.npz,75596,97506f617c50deb4dc676ce86372c4c93b069ffd95c69c7ba2c5f7792dcf7ba8
resnet,independent_rms,29,bandpass_n20005_cLL_V1_V4_independent_rms_s20,phase2/results/predictions/full/independent_rms/resnet/seed_29/bandpass_n20005_cLL_V1_V4_independent_rms_s20.npz,76386,d7ae2aa6c2ec12fad9a24c757fe092511fda878b70941a010256e3f41a2e1161
resnet,independent_rms,29,bandpass_n20005_cLL_V1_V4_independent_rms_s15,phase2/results/predictions/full/independent_rms/resnet/seed_29/bandpass_n20005_cLL_V1_V4_independent_rms_s15.npz,76379,09628475e31788910e7a48a3bb18e7880649420765478fe6bffb729ca6b4c32b
resnet,independent_rms,29,bandpass_n20005_cLL_V1_V4_independent_rms_s10,phase2/results/predictions/full/independent_rms/resnet/seed_29/bandpass_n20005_cLL_V1_V4_independent_rms_s10.npz,76348,a6b9125a9e76f28072761b6d3167979dd948ea02911a3dbdd8650d8984b6a0ed
resnet,independent_rms,29,bandpass_n20005_cLL_V1_V4_independent_rms_s5,phase2/results/predictions/full/independent_rms/resnet/seed_29/bandpass_n20005_cLL_V1_V4_independent_rms_s5.npz,76137,1b828727e0a7424b82c5fc1ab4d243acf6b6feeb33fb87bcc0a5c0ab6b85ea4a
resnet,independent_rms,29,bandpass_n20005_cLL_V1_V4_independent_rms_s0,phase2/results/predictions/full/independent_rms/resnet/seed_29/bandpass_n20005_cLL_V1_V4_independent_rms_s0.npz,75679,4bed314a2a81654f2a1a1720ff2c2e50c0e04fa188b4189626aaa8800a2abbeb
resnet,independent_rms,29,bandpass_n20005_cLL_V1_V4_electrode_s20,phase2/results/predictions/full/independent_rms/resnet/seed_29/bandpass_n20005_cLL_V1_V4_electrode_s20.npz,76377,5f671b7b9685bc5a076c49240b1c7ce59fdbc90d29b5b1df3caaf29153e07e34
resnet,independent_rms,29,bandpass_n20005_cLL_V1_V4_electrode_s15,phase2/results/predictions/full/independent_rms/resnet/seed_29/bandpass_n20005_cLL_V1_V4_electrode_s15.npz,76343,d42581bc2b74d9180f1eb7452146fbbba31bd3c153f72b2adb64fe6ba7595862
resnet,independent_rms,29,bandpass_n20005_cLL_V1_V4_electrode_s10,phase2/results/predictions/full/independent_rms/resnet/seed_29/bandpass_n20005_cLL_V1_V4_electrode_s10.npz,76244,b88640b66887026cee171184a63e1845b7296bc05ba4f005daa49ea52d789585
resnet,independent_rms,29,bandpass_n20005_cLL_V1_V4_electrode_s5,phase2/results/predictions/full/independent_rms/resnet/seed_29/bandpass_n20005_cLL_V1_V4_electrode_s5.npz,76009,7127ced0459268ce268e78fd5e5d4e8b495305aa742bd770678e636dc85414c0
resnet,independent_rms,29,bandpass_n20005_cLL_V1_V4_electrode_s0,phase2/results/predictions/full/independent_rms/resnet/seed_29/bandpass_n20005_cLL_V1_V4_electrode_s0.npz,75647,7e649e9f527826581b16eb518922ca81400d0107455a8e621a9ceec49968e1d9
resnet,independent_rms,29,bandpass_n20005_cLL_V1_V4_covariance_s20,phase2/results/predictions/full/independent_rms/resnet/seed_29/bandpass_n20005_cLL_V1_V4_covariance_s20.npz,76344,e806dca2495a11498a86b748e2d2db885d69b02874062d1a45b0e6dbb0011622
resnet,independent_rms,29,bandpass_n20005_cLL_V1_V4_covariance_s15,phase2/results/predictions/full/independent_rms/resnet/seed_29/bandpass_n20005_cLL_V1_V4_covariance_s15.npz,76335,72779092827d8de2cfc9001a1e7b863f035831e6f109749279d309154231ea7c
resnet,independent_rms,29,bandpass_n20005_cLL_V1_V4_covariance_s10,phase2/results/predictions/full/independent_rms/resnet/seed_29/bandpass_n20005_cLL_V1_V4_covariance_s10.npz,76253,44476ab40e029d53a80fb6c77155a2da546f23033cd05f5cb5a331bdcab0090e
resnet,independent_rms,29,bandpass_n20005_cLL_V1_V4_covariance_s5,phase2/results/predictions/full/independent_rms/resnet/seed_29/bandpass_n20005_cLL_V1_V4_covariance_s5.npz,76015,d434e86618b754f06d624f609bc03d0e3d643d16ac44c550e3dc4ead6562759c
resnet,independent_rms,29,bandpass_n20005_cLL_V1_V4_covariance_s0,phase2/results/predictions/full/independent_rms/resnet/seed_29/bandpass_n20005_cLL_V1_V4_covariance_s0.npz,75692,e890efa18373786db8d36bd2bacde17b00e1d631757848d6ed82fe53f7601646
resnet,independent_rms,29,bandpass_n20005_call_independent_rms_s20,phase2/results/predictions/full/independent_rms/resnet/seed_29/bandpass_n20005_call_independent_rms_s20.npz,76350,9340064732d2d0b2d6fa0ccae5c9f2de7c1f2ee8aefd45f6b87536c381f878f3
resnet,independent_rms,29,bandpass_n20005_call_independent_rms_s15,phase2/results/predictions/full/independent_rms/resnet/seed_29/bandpass_n20005_call_independent_rms_s15.npz,76334,b8b28a492d80f0dbf1b2362fdeaeeabf7b7046d51c5a0b5a73dd07033612db59
resnet,independent_rms,29,bandpass_n20005_call_independent_rms_s10,phase2/results/predictions/full/independent_rms/resnet/seed_29/bandpass_n20005_call_independent_rms_s10.npz,76258,e61aeac13bf6814f12e07d32b2210237601beafbc4edba6dc4020f2be3d7533f
resnet,independent_rms,29,bandpass_n20005_call_independent_rms_s5,phase2/results/predictions/full/independent_rms/resnet/seed_29/bandpass_n20005_call_independent_rms_s5.npz,76054,4d97caa27ffd72d76dbb0921e0ba1120124a6d20c3d5fdc69646b15e48ad94c1
resnet,independent_rms,29,bandpass_n20005_call_independent_rms_s0,phase2/results/predictions/full/independent_rms/resnet/seed_29/bandpass_n20005_call_independent_rms_s0.npz,75636,a84fa2ff36559c98f4b9f833adc7d5642ae4742115c1203e0806502790c640b6
resnet,independent_rms,29,bandpass_n20005_call_electrode_s20,phase2/results/predictions/full/independent_rms/resnet/seed_29/bandpass_n20005_call_electrode_s20.npz,76370,7608731641e411009823dfdb33334cbfb1947b17220fafbe290ff85b6ee550fc
resnet,independent_rms,29,bandpass_n20005_call_electrode_s15,phase2/results/predictions/full/independent_rms/resnet/seed_29/bandpass_n20005_call_electrode_s15.npz,76280,371fc9b55bedb7335ef9b5aeb902b9fd0a118e9fa2a109756c0d375389ff3d82
resnet,independent_rms,29,bandpass_n20005_call_electrode_s10,phase2/results/predictions/full/independent_rms/resnet/seed_29/bandpass_n20005_call_electrode_s10.npz,76190,04af3bb1c8f257b3aaa6f9dc01a7d0e362331750ab22bd2391abc082ae406d70
resnet,independent_rms,29,bandpass_n20005_call_electrode_s5,phase2/results/predictions/full/independent_rms/resnet/seed_29/bandpass_n20005_call_electrode_s5.npz,75978,cdc7d99072e0b2a54f9816a23f90a40e4149d983df9f3e6cfc08b6e1af1787d9
resnet,independent_rms,29,bandpass_n20005_call_electrode_s0,phase2/results/predictions/full/independent_rms/resnet/seed_29/bandpass_n20005_call_electrode_s0.npz,75524,d9063889466402f1c5b6f16fa8be40551245ae050fe51e59b432e4e40acf7a1a
resnet,independent_rms,29,bandpass_n20005_call_covariance_s20,phase2/results/predictions/full/independent_rms/resnet/seed_29/bandpass_n20005_call_covariance_s20.npz,76341,38d792429879faebd877687e2b98a023f182bdb74d82716671712185f8802467
resnet,independent_rms,29,bandpass_n20005_call_covariance_s15,phase2/results/predictions/full/independent_rms/resnet/seed_29/bandpass_n20005_call_covariance_s15.npz,76315,fbdca2440629c5bd2ad7fb3134df93751fb1be852f0f0dcbae3dbd3b6a11ea73
resnet,independent_rms,29,bandpass_n20005_call_covariance_s10,phase2/results/predictions/full/independent_rms/resnet/seed_29/bandpass_n20005_call_covariance_s10.npz,76191,54a297b14fe97120a358c32865760ecffb6841dc7f7f8c2b3ddfc336aa1b9df1
resnet,independent_rms,29,bandpass_n20005_call_covariance_s5,phase2/results/predictions/full/independent_rms/resnet/seed_29/bandpass_n20005_call_covariance_s5.npz,75985,38a3b5b4d66819a6b0f7a37c2981cf5da9827cabdfae7e5c3cdbffcca8a95a3c
resnet,independent_rms,29,bandpass_n20005_call_covariance_s0,phase2/results/predictions/full/independent_rms/resnet/seed_29/bandpass_n20005_call_covariance_s0.npz,75525,76e0662b77320134524741199a654eea08846b9b3e041dc0bc0d1475b72114a5
resnet,independent_rms,29,bw_n20001_call_independent_rms_s20,phase2/results/predictions/full/independent_rms/resnet/seed_29/bw_n20001_call_independent_rms_s20.npz,76354,2f8ec210b81582299ba5a6bcca77025c2dc39bddc8bfd9749e0658fa0ca3ad8d
resnet,independent_rms,29,bw_n20001_call_independent_rms_s10,phase2/results/predictions/full/independent_rms/resnet/seed_29/bw_n20001_call_independent_rms_s10.npz,76315,a0f68e9f5d3b47c66853407ac4ab94c4f31b3cca606aba1251cdd5466d64e431
resnet,independent_rms,29,bw_n20001_call_independent_rms_s0,phase2/results/predictions/full/independent_rms/resnet/seed_29/bw_n20001_call_independent_rms_s0.npz,76058,402d56364a4f1438a7a91794fb773b434928852e9a834d182be17d178d59293c
resnet,independent_rms,29,bw_n20001_call_electrode_s20,phase2/results/predictions/full/independent_rms/resnet/seed_29/bw_n20001_call_electrode_s20.npz,76344,adc79ded2e2eea09fec156773a4536c0e34a9f63b5692b586e2966ca2f29c670
resnet,independent_rms,29,bw_n20001_call_electrode_s10,phase2/results/predictions/full/independent_rms/resnet/seed_29/bw_n20001_call_electrode_s10.npz,76312,7bd64af35f4fdc52661f82057737187f2d4a1265c9d3d126bb569f635849c265
resnet,independent_rms,29,bw_n20001_call_electrode_s0,phase2/results/predictions/full/independent_rms/resnet/seed_29/bw_n20001_call_electrode_s0.npz,75961,b51a8c3902cf1711e26e820a4937a181a9fd3e68ef26fa2ba80e667cc5b7ad99
resnet,independent_rms,29,bw_n20001_call_covariance_s20,phase2/results/predictions/full/independent_rms/resnet/seed_29/bw_n20001_call_covariance_s20.npz,76374,beef2aa1162dc7c7d9caae2d8603ca1fc1b5efe9643bd3a6d63cc6bec9d86266
resnet,independent_rms,29,bw_n20001_call_covariance_s10,phase2/results/predictions/full/independent_rms/resnet/seed_29/bw_n20001_call_covariance_s10.npz,76307,0f31289bf9996f5e8b92d67788e29beba725242b8bdc0d087f7185d694273703
resnet,independent_rms,29,bw_n20001_call_covariance_s0,phase2/results/predictions/full/independent_rms/resnet/seed_29/bw_n20001_call_covariance_s0.npz,75954,209b1a3f5fa651d4f2c9a4b8c5ce165bc2bb02d908614aa0d801324c2af1bcd6
resnet,independent_rms,29,bw_n20002_call_independent_rms_s20,phase2/results/predictions/full/independent_rms/resnet/seed_29/bw_n20002_call_independent_rms_s20.npz,76348,f44dea24c54bdaa562c91e35054f5d5137a948d50af544b78a86a4f7adb647be
resnet,independent_rms,29,bw_n20002_call_independent_rms_s10,phase2/results/predictions/full/independent_rms/resnet/seed_29/bw_n20002_call_independent_rms_s10.npz,76317,0f37d3f9b1bbe8687f70d6ce51584e9390d21becdb86d08ac2fdc02f73448227
resnet,independent_rms,29,bw_n20002_call_independent_rms_s0,phase2/results/predictions/full/independent_rms/resnet/seed_29/bw_n20002_call_independent_rms_s0.npz,76048,46e75e39c8d71918e07b628a766e1f214f59513d51a4022b1c12b6f797e08db0
resnet,independent_rms,29,bw_n20002_call_electrode_s20,phase2/results/predictions/full/independent_rms/resnet/seed_29/bw_n20002_call_electrode_s20.npz,76354,d2b8d53539105c03dd013bb1e938a25fc65a9d45208cbb0ceb58335d782f39a5
resnet,independent_rms,29,bw_n20002_call_electrode_s10,phase2/results/predictions/full/independent_rms/resnet/seed_29/bw_n20002_call_electrode_s10.npz,76287,d393be232689628638e0d0dc3c2faa117ac8cdbc2e2a48b22a7e4aa90b5c691e
resnet,independent_rms,29,bw_n20002_call_electrode_s0,phase2/results/predictions/full/independent_rms/resnet/seed_29/bw_n20002_call_electrode_s0.npz,75958,1cb4b29c6df5ac804bbbb51dd1edd7264265ca40af4592f0851a22dc61f71694
resnet,independent_rms,29,bw_n20002_call_covariance_s20,phase2/results/predictions/full/independent_rms/resnet/seed_29/bw_n20002_call_covariance_s20.npz,76340,81bba5ee307589dd7483fe8ec040da4bcad44784744a433cf00c7458b4d68b65
resnet,independent_rms,29,bw_n20002_call_covariance_s10,phase2/results/predictions/full/independent_rms/resnet/seed_29/bw_n20002_call_covariance_s10.npz,76280,58f313ce0c0dad039c4804dd118adad0933e30c55b1bfe0055a2e9310f35c14e
resnet,independent_rms,29,bw_n20002_call_covariance_s0,phase2/results/predictions/full/independent_rms/resnet/seed_29/bw_n20002_call_covariance_s0.npz,75971,b43d8aefdf480d05de83ce28e20207352c22d5259ac5fbdd04dc263170d8a3c5
resnet,independent_rms,29,bw_n20003_call_independent_rms_s20,phase2/results/predictions/full/independent_rms/resnet/seed_29/bw_n20003_call_independent_rms_s20.npz,76394,4d91e17a2a8394da1a592687be5141aa13e19817bf6e0b12395d5172f0c0eeec
resnet,independent_rms,29,bw_n20003_call_independent_rms_s10,phase2/results/predictions/full/independent_rms/resnet/seed_29/bw_n20003_call_independent_rms_s10.npz,76334,bc523d80fe292c458f88718d2b5c543402173850405ceee65cfa1032a7ba6674
resnet,independent_rms,29,bw_n20003_call_independent_rms_s0,phase2/results/predictions/full/independent_rms/resnet/seed_29/bw_n20003_call_independent_rms_s0.npz,76066,b30d8ed927c64f4fc1be2548bcdfdc1440635b7a7dd6cfcbb6f5014cd8815898
resnet,independent_rms,29,bw_n20003_call_electrode_s20,phase2/results/predictions/full/independent_rms/resnet/seed_29/bw_n20003_call_electrode_s20.npz,76342,f1a39ad413625aec943c79bb2cc1eed43ebe0e0d8de976f9321e21b02cd4b8bb
resnet,independent_rms,29,bw_n20003_call_electrode_s10,phase2/results/predictions/full/independent_rms/resnet/seed_29/bw_n20003_call_electrode_s10.npz,76255,1313aa46c89ea46521d41dcf122ae9e17f8475321a5b35e2e497bd9a33133b90
resnet,independent_rms,29,bw_n20003_call_electrode_s0,phase2/results/predictions/full/independent_rms/resnet/seed_29/bw_n20003_call_electrode_s0.npz,75936,dd277415cf8f07d0e466150da5fa63bbdb273ffcb2b66f0387261277d063b7be
resnet,independent_rms,29,bw_n20003_call_covariance_s20,phase2/results/predictions/full/independent_rms/resnet/seed_29/bw_n20003_call_covariance_s20.npz,76350,c25f2b1b3d05721d9faca4fe5a25d6c60c55908fb962e59f44784cc1588c3a1c
resnet,independent_rms,29,bw_n20003_call_covariance_s10,phase2/results/predictions/full/independent_rms/resnet/seed_29/bw_n20003_call_covariance_s10.npz,76294,35638b817ea0a844c407fe63383ecf4d757907dd6f032e11a2ac95ce21dbf905
resnet,independent_rms,29,bw_n20003_call_covariance_s0,phase2/results/predictions/full/independent_rms/resnet/seed_29/bw_n20003_call_covariance_s0.npz,75927,21ce23b79218168115d50ae6cb0fb64e7eadf56a77c4a6afff33ccb87c66f8b0
resnet,independent_rms,29,bw_n20004_call_independent_rms_s20,phase2/results/predictions/full/independent_rms/resnet/seed_29/bw_n20004_call_independent_rms_s20.npz,76351,e4ced0ac09e501f0c5faf716d3a3bbcca4b50ffe47713f0af5badd9a52edb345
resnet,independent_rms,29,bw_n20004_call_independent_rms_s10,phase2/results/predictions/full/independent_rms/resnet/seed_29/bw_n20004_call_independent_rms_s10.npz,76314,c73b56c2de6d9e59fabfff1383aed1e7dd1b8611512e3bfa6e13f6575e80e6d6
resnet,independent_rms,29,bw_n20004_call_independent_rms_s0,phase2/results/predictions/full/independent_rms/resnet/seed_29/bw_n20004_call_independent_rms_s0.npz,76037,7f35491f15707cb75e6915125712b4486a90070af0e3ae56967367ebf2a0d59e
resnet,independent_rms,29,bw_n20004_call_electrode_s20,phase2/results/predictions/full/independent_rms/resnet/seed_29/bw_n20004_call_electrode_s20.npz,76334,46d94d9a83a756d267eba0491180031b112152b99894dd523c365246d8456054
resnet,independent_rms,29,bw_n20004_call_electrode_s10,phase2/results/predictions/full/independent_rms/resnet/seed_29/bw_n20004_call_electrode_s10.npz,76284,7e8897f3313e775742e72898738b0e3d8b7791a8c91694ac0455eb329be0a5b3
resnet,independent_rms,29,bw_n20004_call_electrode_s0,phase2/results/predictions/full/independent_rms/resnet/seed_29/bw_n20004_call_electrode_s0.npz,75953,0242e7910cfd01b130fcdd4e85e9967096be9880403d56402239eecf8dc0f44e
resnet,independent_rms,29,bw_n20004_call_covariance_s20,phase2/results/predictions/full/independent_rms/resnet/seed_29/bw_n20004_call_covariance_s20.npz,76371,d59d1ffb923aae36b45dad8c4476e74c8bf29d4d8b121d131e5075d86342b56f
resnet,independent_rms,29,bw_n20004_call_covariance_s10,phase2/results/predictions/full/independent_rms/resnet/seed_29/bw_n20004_call_covariance_s10.npz,76334,84e60c72cbd1328b748fb6c3dfa0a44bc7274cf7fcdb471bc26f501e41579571
resnet,independent_rms,29,bw_n20004_call_covariance_s0,phase2/results/predictions/full/independent_rms/resnet/seed_29/bw_n20004_call_covariance_s0.npz,75974,ed1c9d6f27693070992d8fd9182c94b557d09deaf0092eb07523d7f2435ab491
resnet,independent_rms,29,bw_n20005_call_independent_rms_s20,phase2/results/predictions/full/independent_rms/resnet/seed_29/bw_n20005_call_independent_rms_s20.npz,76363,a20e618e5f6608e4b3f40764e43157a7aed178ed454f86a10840740c21f1701b
resnet,independent_rms,29,bw_n20005_call_independent_rms_s10,phase2/results/predictions/full/independent_rms/resnet/seed_29/bw_n20005_call_independent_rms_s10.npz,76331,7e7b15ee9216f8193a966884c06c9f31ad5f48966cd247d1d3621534c2606b41
resnet,independent_rms,29,bw_n20005_call_independent_rms_s0,phase2/results/predictions/full/independent_rms/resnet/seed_29/bw_n20005_call_independent_rms_s0.npz,76053,788343b4281282c5cbe4689165d5fb8c6b5bcec0357cfb0a4bb4817c0f10fa27
resnet,independent_rms,29,bw_n20005_call_electrode_s20,phase2/results/predictions/full/independent_rms/resnet/seed_29/bw_n20005_call_electrode_s20.npz,76364,09c2d6b351c4e9a0513b1beb9cb99caaae36fc731e463362e8445f984c1951da
resnet,independent_rms,29,bw_n20005_call_electrode_s10,phase2/results/predictions/full/independent_rms/resnet/seed_29/bw_n20005_call_electrode_s10.npz,76285,c9ec3b12bac6130fb5a91dcfbf1028d8b6782be385d8e0269d8322b6afb61747
resnet,independent_rms,29,bw_n20005_call_electrode_s0,phase2/results/predictions/full/independent_rms/resnet/seed_29/bw_n20005_call_electrode_s0.npz,75961,200cfb02fc02416283f1b27efd9df53dcf8b553edad1ebe0fc896f33c8fdfd4c
resnet,independent_rms,29,bw_n20005_call_covariance_s20,phase2/results/predictions/full/independent_rms/resnet/seed_29/bw_n20005_call_covariance_s20.npz,76356,1c00cfa35ca65a01889d24e04da583f6e418f8a849724ee4f6a149264b4cc263
resnet,independent_rms,29,bw_n20005_call_covariance_s10,phase2/results/predictions/full/independent_rms/resnet/seed_29/bw_n20005_call_covariance_s10.npz,76276,aa3f2b7925a9828b2b82cdf054c13780e88e719f0b8ba2acac2dc8c4cc55f9ff
resnet,independent_rms,29,bw_n20005_call_covariance_s0,phase2/results/predictions/full/independent_rms/resnet/seed_29/bw_n20005_call_covariance_s0.npz,75971,65d0404089f3b229bb3ed3d6a7e64f1bf251ebcec74bddb0de3ace857b21ec97
resnet,independent_rms,29,ma_n20001_call_independent_rms_s20,phase2/results/predictions/full/independent_rms/resnet/seed_29/ma_n20001_call_independent_rms_s20.npz,76330,88062f9dbd13f132b7dcf249626565a1196d5806356a98fd37936b0950fda9df
resnet,independent_rms,29,ma_n20001_call_independent_rms_s10,phase2/results/predictions/full/independent_rms/resnet/seed_29/ma_n20001_call_independent_rms_s10.npz,76323,12e01cfc8ea6048ca5c943a3559339bd973666526b1b5a58e5e3d75f35791213
resnet,independent_rms,29,ma_n20001_call_independent_rms_s0,phase2/results/predictions/full/independent_rms/resnet/seed_29/ma_n20001_call_independent_rms_s0.npz,75945,0f926fb0b9e1f718c0b3177d996ba5b2570e6a788c378094d2ab43e245a68875
resnet,independent_rms,29,ma_n20001_call_electrode_s20,phase2/results/predictions/full/independent_rms/resnet/seed_29/ma_n20001_call_electrode_s20.npz,76304,347e2f6c9abfd1ea171f9c01806f762a407fd55ea18a88612e836d18d31716da
resnet,independent_rms,29,ma_n20001_call_electrode_s10,phase2/results/predictions/full/independent_rms/resnet/seed_29/ma_n20001_call_electrode_s10.npz,76254,407b2da5e3db208d8f8943e8ce39f06229d619cd263051bbeafbffc3d4e46a62
resnet,independent_rms,29,ma_n20001_call_electrode_s0,phase2/results/predictions/full/independent_rms/resnet/seed_29/ma_n20001_call_electrode_s0.npz,75856,aa44caa670baec50680d05dbd2ec1a0befe3617dfeb5c65db93c4ff4ce68a7ce
resnet,independent_rms,29,ma_n20001_call_covariance_s20,phase2/results/predictions/full/independent_rms/resnet/seed_29/ma_n20001_call_covariance_s20.npz,76335,ddb6f546e79956cc5a255bdec730a3854d3b0095bd761e5b370b8c7b919525c5
resnet,independent_rms,29,ma_n20001_call_covariance_s10,phase2/results/predictions/full/independent_rms/resnet/seed_29/ma_n20001_call_covariance_s10.npz,76286,43bebffe526f560cb0e1a44fd71f88a1a0aa09ff7c8ebd45a61c18423e92f357
resnet,independent_rms,29,ma_n20001_call_covariance_s0,phase2/results/predictions/full/independent_rms/resnet/seed_29/ma_n20001_call_covariance_s0.npz,75882,f05e96b967dcc06ff5c00a586a79838928da6ecad61156863e1b3f4ffdff2402
resnet,independent_rms,29,ma_n20002_call_independent_rms_s20,phase2/results/predictions/full/independent_rms/resnet/seed_29/ma_n20002_call_independent_rms_s20.npz,76383,2e8d2009c476cc40d02befc9c6fcda0dbb05875a3a04f9209c2ccb7ea610df1c
resnet,independent_rms,29,ma_n20002_call_independent_rms_s10,phase2/results/predictions/full/independent_rms/resnet/seed_29/ma_n20002_call_independent_rms_s10.npz,76300,3855e893f489f9d2ddd3b21959b6c65b2dbf6fa70be0083dca4df6b7ac75d520
resnet,independent_rms,29,ma_n20002_call_independent_rms_s0,phase2/results/predictions/full/independent_rms/resnet/seed_29/ma_n20002_call_independent_rms_s0.npz,75959,c1cc97c0a0607a5f690037aed597b027a234bae4e8d9b7df33205b6ed152ec76
resnet,independent_rms,29,ma_n20002_call_electrode_s20,phase2/results/predictions/full/independent_rms/resnet/seed_29/ma_n20002_call_electrode_s20.npz,76338,562b80fb17580e880d80dcb6524fa217b1cf17a66cbe9f1655aaa0405a60586e
resnet,independent_rms,29,ma_n20002_call_electrode_s10,phase2/results/predictions/full/independent_rms/resnet/seed_29/ma_n20002_call_electrode_s10.npz,76289,d10e8b0eaee6ac2382178c7eca9170946f039d73b01608901f2d77786b77d5ef
resnet,independent_rms,29,ma_n20002_call_electrode_s0,phase2/results/predictions/full/independent_rms/resnet/seed_29/ma_n20002_call_electrode_s0.npz,75873,52b5b483c2d3e9180935f72bfc5b3e56c4c16a2d752eedac2490c7a991e79a19
resnet,independent_rms,29,ma_n20002_call_covariance_s20,phase2/results/predictions/full/independent_rms/resnet/seed_29/ma_n20002_call_covariance_s20.npz,76349,5d3f8577b489536110b5a55f744dcb7aabe0af6a6b1b9067721691e7aee26deb
resnet,independent_rms,29,ma_n20002_call_covariance_s10,phase2/results/predictions/full/independent_rms/resnet/seed_29/ma_n20002_call_covariance_s10.npz,76281,6324e73fb1690b6da0e9a6d63264227d616e828e72d1e1805e813bb7d8140ba3
resnet,independent_rms,29,ma_n20002_call_covariance_s0,phase2/results/predictions/full/independent_rms/resnet/seed_29/ma_n20002_call_covariance_s0.npz,75883,943747558ffa10f7fc90851bf43c6496a4eca8de7cc26cb61243437c25b57974
resnet,independent_rms,29,ma_n20003_call_independent_rms_s20,phase2/results/predictions/full/independent_rms/resnet/seed_29/ma_n20003_call_independent_rms_s20.npz,76368,0bdf81e869fec125ec8d7f87f9255e262dc81779eaf51663bd02f32c7d2bff4b
resnet,independent_rms,29,ma_n20003_call_independent_rms_s10,phase2/results/predictions/full/independent_rms/resnet/seed_29/ma_n20003_call_independent_rms_s10.npz,76282,2a64922030c2b59aa219288e8bbea1ea647fa90f4f116622e97b7dc3ae2fb5e7
resnet,independent_rms,29,ma_n20003_call_independent_rms_s0,phase2/results/predictions/full/independent_rms/resnet/seed_29/ma_n20003_call_independent_rms_s0.npz,75933,15abf41f9ad29371fd2e3ed01e529ac98911a691890b499700ab534d89444e40
resnet,independent_rms,29,ma_n20003_call_electrode_s20,phase2/results/predictions/full/independent_rms/resnet/seed_29/ma_n20003_call_electrode_s20.npz,76338,15d9c4aea495ef66f30ecee77250d9af507575335962aa0f796fedc60e732c7f
resnet,independent_rms,29,ma_n20003_call_electrode_s10,phase2/results/predictions/full/independent_rms/resnet/seed_29/ma_n20003_call_electrode_s10.npz,76280,16eaaad3db8ae4b8961e8458a158989b6e379c968b737a79cd60c4f1a2ebf64c
resnet,independent_rms,29,ma_n20003_call_electrode_s0,phase2/results/predictions/full/independent_rms/resnet/seed_29/ma_n20003_call_electrode_s0.npz,75850,4733307cb5f5f6872fecb2be6abc989e228d26b9222f486fe6b18c7901e4057a
resnet,independent_rms,29,ma_n20003_call_covariance_s20,phase2/results/predictions/full/independent_rms/resnet/seed_29/ma_n20003_call_covariance_s20.npz,76346,9fac232887452dc10a0c0004fd2a37723eebd76ef46370767d395ed7e8adef42
resnet,independent_rms,29,ma_n20003_call_covariance_s10,phase2/results/predictions/full/independent_rms/resnet/seed_29/ma_n20003_call_covariance_s10.npz,76291,c3b765c0dff5bf7e96d385db308b3f0daeb9c9024c9cc7ddad4ad5ee5f915bf9
resnet,independent_rms,29,ma_n20003_call_covariance_s0,phase2/results/predictions/full/independent_rms/resnet/seed_29/ma_n20003_call_covariance_s0.npz,75894,93c817c74a94b7b5cedce178ba2972da1ded8bdc06157567929dddbab959480d
resnet,independent_rms,29,ma_n20004_call_independent_rms_s20,phase2/results/predictions/full/independent_rms/resnet/seed_29/ma_n20004_call_independent_rms_s20.npz,76376,5b2e58e68b2ca1aa4c7f9ac47a181db18618d3686bda08c90fde4a19f29036ae
resnet,independent_rms,29,ma_n20004_call_independent_rms_s10,phase2/results/predictions/full/independent_rms/resnet/seed_29/ma_n20004_call_independent_rms_s10.npz,76302,86b918ba29fa3237f33f68d357b79a9033dcd003b5a77550a32ac1e43607d3eb
resnet,independent_rms,29,ma_n20004_call_independent_rms_s0,phase2/results/predictions/full/independent_rms/resnet/seed_29/ma_n20004_call_independent_rms_s0.npz,75928,7384e13dba1e2b87428663734e1ee1f822366165f90fa25dfbc0a03fd8098a2d
resnet,independent_rms,29,ma_n20004_call_electrode_s20,phase2/results/predictions/full/independent_rms/resnet/seed_29/ma_n20004_call_electrode_s20.npz,76349,2d7d19874c44e928edeabf7350590208cfe4e03ed314fe0d212bc0fe3c8bfb9b
resnet,independent_rms,29,ma_n20004_call_electrode_s10,phase2/results/predictions/full/independent_rms/resnet/seed_29/ma_n20004_call_electrode_s10.npz,76288,94b8282034b464912c7061b3ad289977bd5caab6ed130786375919ed8e1b8127
resnet,independent_rms,29,ma_n20004_call_electrode_s0,phase2/results/predictions/full/independent_rms/resnet/seed_29/ma_n20004_call_electrode_s0.npz,75877,dc388fe4faeb48fa4fe165a003f55828acb947b43d668e326db80938e2f40259
resnet,independent_rms,29,ma_n20004_call_covariance_s20,phase2/results/predictions/full/independent_rms/resnet/seed_29/ma_n20004_call_covariance_s20.npz,76361,446b93dea2770bef951a09277f336e7a6cce265a22721f87cc5b7edf334a9ba2
resnet,independent_rms,29,ma_n20004_call_covariance_s10,phase2/results/predictions/full/independent_rms/resnet/seed_29/ma_n20004_call_covariance_s10.npz,76275,214015b6a2c0c063ccc4717387ebc93b97c88d7e8efe5877d15516dc045da0c6
resnet,independent_rms,29,ma_n20004_call_covariance_s0,phase2/results/predictions/full/independent_rms/resnet/seed_29/ma_n20004_call_covariance_s0.npz,75885,0fda1d171c71dc903fe66dd39d793ea965bc83483cc0abc381e146f452689eaa
resnet,independent_rms,29,ma_n20005_call_independent_rms_s20,phase2/results/predictions/full/independent_rms/resnet/seed_29/ma_n20005_call_independent_rms_s20.npz,76393,1cb3eb5afb4790cca51581bc76849a656ded44ee0798451e6ca57a508b46dc35
resnet,independent_rms,29,ma_n20005_call_independent_rms_s10,phase2/results/predictions/full/independent_rms/resnet/seed_29/ma_n20005_call_independent_rms_s10.npz,76304,8b48b57f6ea694f19b3d046133990ce68229581d97a1aa23401c7c85b7370081
resnet,independent_rms,29,ma_n20005_call_independent_rms_s0,phase2/results/predictions/full/independent_rms/resnet/seed_29/ma_n20005_call_independent_rms_s0.npz,75889,c560cbb80c9be8bfbac12a69b582d67aec82b84310bbd400087304f6efdfa7ef
resnet,independent_rms,29,ma_n20005_call_electrode_s20,phase2/results/predictions/full/independent_rms/resnet/seed_29/ma_n20005_call_electrode_s20.npz,76338,a18e338aee5987c7fff188916a21fd83ab9a71d55e80523e26c3e8be6030fbec
resnet,independent_rms,29,ma_n20005_call_electrode_s10,phase2/results/predictions/full/independent_rms/resnet/seed_29/ma_n20005_call_electrode_s10.npz,76280,4e20af393a7d2af49457de6d98ecba3ba91eaf6e39d5732ab1290cb75820fcc3
resnet,independent_rms,29,ma_n20005_call_electrode_s0,phase2/results/predictions/full/independent_rms/resnet/seed_29/ma_n20005_call_electrode_s0.npz,75856,e2051b9fe9a00135669cfc4a914b791d4631c78d59108271888b8364732da640
resnet,independent_rms,29,ma_n20005_call_covariance_s20,phase2/results/predictions/full/independent_rms/resnet/seed_29/ma_n20005_call_covariance_s20.npz,76341,6ab2303b18385bb711c6623702313989a56d0071117f6fc6905fab7a46d1233e
resnet,independent_rms,29,ma_n20005_call_covariance_s10,phase2/results/predictions/full/independent_rms/resnet/seed_29/ma_n20005_call_covariance_s10.npz,76303,56739f6a1aa45b75ce4e2ddf9b6e26123e561e0f34db177c750f9dc4b2938494
resnet,independent_rms,29,ma_n20005_call_covariance_s0,phase2/results/predictions/full/independent_rms/resnet/seed_29/ma_n20005_call_covariance_s0.npz,75840,770bfac5bdbea434da3e7013df614c960e82d9ef17f7a230638ccf43f205c3eb
resnet,independent_rms,29,em_n20001_call_independent_rms_s20,phase2/results/predictions/full/independent_rms/resnet/seed_29/em_n20001_call_independent_rms_s20.npz,76373,d8a8472f9ac1054214195811de71e017c8a305293189740b76a523d676b7e044
resnet,independent_rms,29,em_n20001_call_independent_rms_s10,phase2/results/predictions/full/independent_rms/resnet/seed_29/em_n20001_call_independent_rms_s10.npz,76270,0495c5aa79bee023dd8d3ebe7e839c9157e11cf8bc10e548a6253e8d464b4c97
resnet,independent_rms,29,em_n20001_call_independent_rms_s0,phase2/results/predictions/full/independent_rms/resnet/seed_29/em_n20001_call_independent_rms_s0.npz,75834,f88b43dd964b85fc7406445de7711fc9520c08a49433a554f8126d17ea102969
resnet,independent_rms,29,em_n20001_call_electrode_s20,phase2/results/predictions/full/independent_rms/resnet/seed_29/em_n20001_call_electrode_s20.npz,76331,d44e9564bece286b31cf0a0c062653a55163231b8807eba6a637ab178f28fae9
resnet,independent_rms,29,em_n20001_call_electrode_s10,phase2/results/predictions/full/independent_rms/resnet/seed_29/em_n20001_call_electrode_s10.npz,76224,a47218c65df7fe5b680d07b33d682a767a8e8a73c4bb64b8ffbe323dc42e3329
resnet,independent_rms,29,em_n20001_call_electrode_s0,phase2/results/predictions/full/independent_rms/resnet/seed_29/em_n20001_call_electrode_s0.npz,75605,0bf34c55e7eaaa43a0f311b2719b0dfdaae8d7e304e5eb2128b485197218ea68
resnet,independent_rms,29,em_n20001_call_covariance_s20,phase2/results/predictions/full/independent_rms/resnet/seed_29/em_n20001_call_covariance_s20.npz,76350,272e39d4a7f2da34aad797449ba6a972352be6fcae64e5a4b166f08ea12b14a8
resnet,independent_rms,29,em_n20001_call_covariance_s10,phase2/results/predictions/full/independent_rms/resnet/seed_29/em_n20001_call_covariance_s10.npz,76262,a8b67da934bf5e42b9dce570c4743a94ca04befbf59e0c27d137fcba679d29c8
resnet,independent_rms,29,em_n20001_call_covariance_s0,phase2/results/predictions/full/independent_rms/resnet/seed_29/em_n20001_call_covariance_s0.npz,75601,2c0a330808b026907ec9daaab4f4608deffc783bffe8f854c8df3f5022636c66
resnet,independent_rms,29,em_n20002_call_independent_rms_s20,phase2/results/predictions/full/independent_rms/resnet/seed_29/em_n20002_call_independent_rms_s20.npz,76372,fa259d1d871b388268927a3280cc3e90d81d18a7fab20f1b51c67620b6df811b
resnet,independent_rms,29,em_n20002_call_independent_rms_s10,phase2/results/predictions/full/independent_rms/resnet/seed_29/em_n20002_call_independent_rms_s10.npz,76297,6d5417ea58bab47cdc1b0550ac6b19c43548203f1f41ed524229049df3bc666b
resnet,independent_rms,29,em_n20002_call_independent_rms_s0,phase2/results/predictions/full/independent_rms/resnet/seed_29/em_n20002_call_independent_rms_s0.npz,75839,368c9b1ba6c9bf84078d5e0e0ade07a80af5f4e873868398c5833ed535f30fa7
resnet,independent_rms,29,em_n20002_call_electrode_s20,phase2/results/predictions/full/independent_rms/resnet/seed_29/em_n20002_call_electrode_s20.npz,76307,2858fd3ed71fcc4e42cc95955fffa389b015fd4436e619d25d4198527459e96b
resnet,independent_rms,29,em_n20002_call_electrode_s10,phase2/results/predictions/full/independent_rms/resnet/seed_29/em_n20002_call_electrode_s10.npz,76203,5ffd789185db7b75f15d6a1baa0f348b0e4fb864ad2b7f2c62f62a26e0f2118b
resnet,independent_rms,29,em_n20002_call_electrode_s0,phase2/results/predictions/full/independent_rms/resnet/seed_29/em_n20002_call_electrode_s0.npz,75616,bb91b97e2f104035154c00646a2a5da1df486dd91f1da527ea419c21abf2b7e1
resnet,independent_rms,29,em_n20002_call_covariance_s20,phase2/results/predictions/full/independent_rms/resnet/seed_29/em_n20002_call_covariance_s20.npz,76329,47148b0440592e609fd03a17230b67cf5ff5efc1e0e8709fcfe17ec2fbf9ce71
resnet,independent_rms,29,em_n20002_call_covariance_s10,phase2/results/predictions/full/independent_rms/resnet/seed_29/em_n20002_call_covariance_s10.npz,76233,7ebf668deef7f313ddb19ba155172997f4be80a104db85d34023959a1c0dd6eb
resnet,independent_rms,29,em_n20002_call_covariance_s0,phase2/results/predictions/full/independent_rms/resnet/seed_29/em_n20002_call_covariance_s0.npz,75592,adbdd01b3de4ed9f52a94e555929f5f7c4a7600f0af0ffb76199b75d7dab3211
resnet,independent_rms,29,em_n20003_call_independent_rms_s20,phase2/results/predictions/full/independent_rms/resnet/seed_29/em_n20003_call_independent_rms_s20.npz,76350,0d5559f131b14bac9ac76a46995c695683e35fb25c5f3bdbfc9d5f88bcc9f7a0
resnet,independent_rms,29,em_n20003_call_independent_rms_s10,phase2/results/predictions/full/independent_rms/resnet/seed_29/em_n20003_call_independent_rms_s10.npz,76266,63350b9720c3a9fa789d81bb112066def873a50d07d3fc6c1eb3ada69593345c
resnet,independent_rms,29,em_n20003_call_independent_rms_s0,phase2/results/predictions/full/independent_rms/resnet/seed_29/em_n20003_call_independent_rms_s0.npz,75854,bc78ecf8ec09d09b14a1cefda0849fe75816375dd48f6f8b7b7c497017e84cef
resnet,independent_rms,29,em_n20003_call_electrode_s20,phase2/results/predictions/full/independent_rms/resnet/seed_29/em_n20003_call_electrode_s20.npz,76320,a35220b0635c50fdfb493d30df89be5227bc7eb48413c0cb6bf8deba2996c8db
resnet,independent_rms,29,em_n20003_call_electrode_s10,phase2/results/predictions/full/independent_rms/resnet/seed_29/em_n20003_call_electrode_s10.npz,76193,b066a48faa0660e8ac94c48a4a8fe72201b3cbc0578def3908d8c94e9d8f04f9
resnet,independent_rms,29,em_n20003_call_electrode_s0,phase2/results/predictions/full/independent_rms/resnet/seed_29/em_n20003_call_electrode_s0.npz,75626,37cf42545b53fe2929f9bbfbacce416cd7347ca5466c2001f7678fdbe2d9b93c
resnet,independent_rms,29,em_n20003_call_covariance_s20,phase2/results/predictions/full/independent_rms/resnet/seed_29/em_n20003_call_covariance_s20.npz,76356,bc1cc86cbe398eace160992ecaab866f44d71469a1c83aea07473a48be1a04e1
resnet,independent_rms,29,em_n20003_call_covariance_s10,phase2/results/predictions/full/independent_rms/resnet/seed_29/em_n20003_call_covariance_s10.npz,76198,636b1f830b5b6002749d142daacea35dd30732cb1c4c8cdfe8b5a19b4ec35af1
resnet,independent_rms,29,em_n20003_call_covariance_s0,phase2/results/predictions/full/independent_rms/resnet/seed_29/em_n20003_call_covariance_s0.npz,75614,37e6440453981504ca5d5c62c7764cf7de47d46186870cfb5defbd7641602d2c
resnet,independent_rms,29,em_n20004_call_independent_rms_s20,phase2/results/predictions/full/independent_rms/resnet/seed_29/em_n20004_call_independent_rms_s20.npz,76349,f1e38c2b2f18fb8d26ff04eff4d0b5606875c53db5baff8d9a3bf3a8557b8c8d
resnet,independent_rms,29,em_n20004_call_independent_rms_s10,phase2/results/predictions/full/independent_rms/resnet/seed_29/em_n20004_call_independent_rms_s10.npz,76277,0811dbf1e412dfde6f946e58b2be2ef2e35ed36c720d2903e733486f4a3adfbc
resnet,independent_rms,29,em_n20004_call_independent_rms_s0,phase2/results/predictions/full/independent_rms/resnet/seed_29/em_n20004_call_independent_rms_s0.npz,75839,cb0bf9a400d0e53841fa6b49bb982d5bf7032bf5115282f5e72e74beee8c2904
resnet,independent_rms,29,em_n20004_call_electrode_s20,phase2/results/predictions/full/independent_rms/resnet/seed_29/em_n20004_call_electrode_s20.npz,76355,22f7526a56874f76dbcda203ae0af3016290391c690b8b14b017ab109835f6ac
resnet,independent_rms,29,em_n20004_call_electrode_s10,phase2/results/predictions/full/independent_rms/resnet/seed_29/em_n20004_call_electrode_s10.npz,76188,6df494b3814109a569b5755b168e6cbad0e83e8ff931e4b9d6eb6f88e3eed84d
resnet,independent_rms,29,em_n20004_call_electrode_s0,phase2/results/predictions/full/independent_rms/resnet/seed_29/em_n20004_call_electrode_s0.npz,75635,1efd2e48a9b9d2a6bb1ae5e71d7113d4e96f4e108b0f003def1c6bdad55c6518
resnet,independent_rms,29,em_n20004_call_covariance_s20,phase2/results/predictions/full/independent_rms/resnet/seed_29/em_n20004_call_covariance_s20.npz,76383,bd30444f418aebd85cee6586c8f09774c8b735cdedcd4795c73dfc226c4de013
resnet,independent_rms,29,em_n20004_call_covariance_s10,phase2/results/predictions/full/independent_rms/resnet/seed_29/em_n20004_call_covariance_s10.npz,76240,077bf6d6d7a6cc0660bb2084db73e2f8d7e17f73b69876df370fab464d0fb03e
resnet,independent_rms,29,em_n20004_call_covariance_s0,phase2/results/predictions/full/independent_rms/resnet/seed_29/em_n20004_call_covariance_s0.npz,75607,5f68e2a587089287b72d7c0890ceb512bca6d8cf5d6e62a2f6e41beeba72b121
resnet,independent_rms,29,em_n20005_call_independent_rms_s20,phase2/results/predictions/full/independent_rms/resnet/seed_29/em_n20005_call_independent_rms_s20.npz,76371,91e44adc0a86cc41adae1ce36a78c29cfff165d8a46b09a87043291db67d7a4e
resnet,independent_rms,29,em_n20005_call_independent_rms_s10,phase2/results/predictions/full/independent_rms/resnet/seed_29/em_n20005_call_independent_rms_s10.npz,76271,9b9077194110e01e115b766447bd419fe15ec01cbdaaa837ac5e3a0490e51165
resnet,independent_rms,29,em_n20005_call_independent_rms_s0,phase2/results/predictions/full/independent_rms/resnet/seed_29/em_n20005_call_independent_rms_s0.npz,75827,c26a0d1a7374337624d638c8011a9b69e2692f65e2af9f7b0cd7711d5fd178d1
resnet,independent_rms,29,em_n20005_call_electrode_s20,phase2/results/predictions/full/independent_rms/resnet/seed_29/em_n20005_call_electrode_s20.npz,76298,e0999df5e5f0526676e9e0a74f68b0550d845773a4bc8356d91cecf75793c70c
resnet,independent_rms,29,em_n20005_call_electrode_s10,phase2/results/predictions/full/independent_rms/resnet/seed_29/em_n20005_call_electrode_s10.npz,76204,7ea3b7fe42c7f0f79d87f0aeaf93d2db464d2a839a086f814be41e905db1f787
resnet,independent_rms,29,em_n20005_call_electrode_s0,phase2/results/predictions/full/independent_rms/resnet/seed_29/em_n20005_call_electrode_s0.npz,75603,045d37557ea809dc56578e072a4c55b942f2cffe9ac33d61c03f382697e708fb
resnet,independent_rms,29,em_n20005_call_covariance_s20,phase2/results/predictions/full/independent_rms/resnet/seed_29/em_n20005_call_covariance_s20.npz,76350,5465d570ccac72ec7aa324c57909bee1d9bc3c63498c0d2e1fbd61cbb774fd25
resnet,independent_rms,29,em_n20005_call_covariance_s10,phase2/results/predictions/full/independent_rms/resnet/seed_29/em_n20005_call_covariance_s10.npz,76220,94c846b49457cb26325f87a53fffce819683aa3d183a71a7744d0a85df1dc5dc
resnet,independent_rms,29,em_n20005_call_covariance_s0,phase2/results/predictions/full/independent_rms/resnet/seed_29/em_n20005_call_covariance_s0.npz,75599,2e614f00e3f44ed8d803d5d3f63e4bbd7e4062f7035a21dde62314253b3f55bb
resnet,electrode,29,clean,phase2/results/predictions/full/electrode/resnet/seed_29/clean.npz,76241,fde031c344ae0236bef4b9518f6909ec9a5769fb1b34f303e3daa6244e8cfbf5
resnet,electrode,29,bandpass_n20001_cRA_LA_LL_independent_rms_s20,phase2/results/predictions/full/electrode/resnet/seed_29/bandpass_n20001_cRA_LA_LL_independent_rms_s20.npz,76335,01cf41c09cd445cb5dc607a9d0681b8c5662a9574c8de92219787da70f009f27
resnet,electrode,29,bandpass_n20001_cRA_LA_LL_independent_rms_s15,phase2/results/predictions/full/electrode/resnet/seed_29/bandpass_n20001_cRA_LA_LL_independent_rms_s15.npz,76297,ea32e09d4daa35e050b32f1648b1bde2d8309a690441fd352fb7407787a68dc3
resnet,electrode,29,bandpass_n20001_cRA_LA_LL_independent_rms_s10,phase2/results/predictions/full/electrode/resnet/seed_29/bandpass_n20001_cRA_LA_LL_independent_rms_s10.npz,76270,4eeb05698af279fdc02439440f550db463fc98c141689aee19d52811c0d76d6b
resnet,electrode,29,bandpass_n20001_cRA_LA_LL_independent_rms_s5,phase2/results/predictions/full/electrode/resnet/seed_29/bandpass_n20001_cRA_LA_LL_independent_rms_s5.npz,76074,3ed373c185ce275321ae8ad1c103cbcc20a88e5402815ea45f03e1830f0c22e1
resnet,electrode,29,bandpass_n20001_cRA_LA_LL_independent_rms_s0,phase2/results/predictions/full/electrode/resnet/seed_29/bandpass_n20001_cRA_LA_LL_independent_rms_s0.npz,75534,be2a1e45c42e69e98330c6aca211928120d120a72903cc940af87320e0b7edd8
resnet,electrode,29,bandpass_n20001_cRA_LA_LL_electrode_s20,phase2/results/predictions/full/electrode/resnet/seed_29/bandpass_n20001_cRA_LA_LL_electrode_s20.npz,76335,c845814d90f0fd34d5223f4120ae84278f46648a2de2e13de647c62d0fdb595c
resnet,electrode,29,bandpass_n20001_cRA_LA_LL_electrode_s15,phase2/results/predictions/full/electrode/resnet/seed_29/bandpass_n20001_cRA_LA_LL_electrode_s15.npz,76281,43105761647914e293e4b58c5e8a86d95b79c678c309735943e9b2d0ab0d96c5
resnet,electrode,29,bandpass_n20001_cRA_LA_LL_electrode_s10,phase2/results/predictions/full/electrode/resnet/seed_29/bandpass_n20001_cRA_LA_LL_electrode_s10.npz,76190,60a562d53bffff22d5849fd814e093026e54bd30e83cf3b0e8e32940e395d73b
resnet,electrode,29,bandpass_n20001_cRA_LA_LL_electrode_s5,phase2/results/predictions/full/electrode/resnet/seed_29/bandpass_n20001_cRA_LA_LL_electrode_s5.npz,75972,5ed8f12d1e798a22fbe20d42b18033133918ee3e9388d086e72b20b2c81b4397
resnet,electrode,29,bandpass_n20001_cRA_LA_LL_electrode_s0,phase2/results/predictions/full/electrode/resnet/seed_29/bandpass_n20001_cRA_LA_LL_electrode_s0.npz,75415,56dd1501d5be39f77c71fe887f4685c9bc3096c8a8ce83e4ab003ef37b3e2013
resnet,electrode,29,bandpass_n20001_cRA_LA_LL_covariance_s20,phase2/results/predictions/full/electrode/resnet/seed_29/bandpass_n20001_cRA_LA_LL_covariance_s20.npz,76299,52d734343c9432d75953358c3bda1ed0274a97b7348553cafe572892da7ad060
resnet,electrode,29,bandpass_n20001_cRA_LA_LL_covariance_s15,phase2/results/predictions/full/electrode/resnet/seed_29/bandpass_n20001_cRA_LA_LL_covariance_s15.npz,76278,a4186159a32a55014669c8aa1c4bb1ec78fce60bdcf737170c784146783d7e64
resnet,electrode,29,bandpass_n20001_cRA_LA_LL_covariance_s10,phase2/results/predictions/full/electrode/resnet/seed_29/bandpass_n20001_cRA_LA_LL_covariance_s10.npz,76214,74d9f2f34d6de4b004d06b80a50a23d117674bcf77994fa8485fb366cd68382d
resnet,electrode,29,bandpass_n20001_cRA_LA_LL_covariance_s5,phase2/results/predictions/full/electrode/resnet/seed_29/bandpass_n20001_cRA_LA_LL_covariance_s5.npz,76001,8b9bb9af9627c9633fca69971aa4117ace5be7d1449412d81b256629ac80fbd7
resnet,electrode,29,bandpass_n20001_cRA_LA_LL_covariance_s0,phase2/results/predictions/full/electrode/resnet/seed_29/bandpass_n20001_cRA_LA_LL_covariance_s0.npz,75387,940d0e84ee273750c52dd1ecad1346834c296ec294752475f6ed2119bd3cbf3d
resnet,electrode,29,bandpass_n20001_cV1_independent_rms_s20,phase2/results/predictions/full/electrode/resnet/seed_29/bandpass_n20001_cV1_independent_rms_s20.npz,76317,96e7848b7943a1343b47a6eb184ddfc4cd39dbb7bd0cbe4dfd5b0ce215482abd
resnet,electrode,29,bandpass_n20001_cV1_independent_rms_s15,phase2/results/predictions/full/electrode/resnet/seed_29/bandpass_n20001_cV1_independent_rms_s15.npz,76301,684b671814a30339cfd4c40258c377c81b8cda5f7ddf10e8a25d6ae8024e03d7
resnet,electrode,29,bandpass_n20001_cV1_independent_rms_s10,phase2/results/predictions/full/electrode/resnet/seed_29/bandpass_n20001_cV1_independent_rms_s10.npz,76212,4b5f66973986701982106fed75a27e25e3c1cac34247b0b6cbfae42a78ca953f
resnet,electrode,29,bandpass_n20001_cV1_independent_rms_s5,phase2/results/predictions/full/electrode/resnet/seed_29/bandpass_n20001_cV1_independent_rms_s5.npz,76013,6f3c1b7371e2b16efd438d9bbf6bd0d1e6d06780d2c1fc6d680c3a6f3bae0669
resnet,electrode,29,bandpass_n20001_cV1_independent_rms_s0,phase2/results/predictions/full/electrode/resnet/seed_29/bandpass_n20001_cV1_independent_rms_s0.npz,75425,2a6ff9ec8ff5ebb96abb36326da1218586b8a64aa2dcc8dbaffd4ff667b65d56
resnet,electrode,29,bandpass_n20001_cV1_electrode_s20,phase2/results/predictions/full/electrode/resnet/seed_29/bandpass_n20001_cV1_electrode_s20.npz,76322,626be3d662481637c04fd2b4dfb9bd0157fd5ac5a0dae62740ab3abd79539fe7
resnet,electrode,29,bandpass_n20001_cV1_electrode_s15,phase2/results/predictions/full/electrode/resnet/seed_29/bandpass_n20001_cV1_electrode_s15.npz,76251,d1beb8151e17f0b6682d7a73c0ca578cc389101f0c58e501746a74100085cb39
resnet,electrode,29,bandpass_n20001_cV1_electrode_s10,phase2/results/predictions/full/electrode/resnet/seed_29/bandpass_n20001_cV1_electrode_s10.npz,76221,1c231a25e12274a44652477c032fd81db4197c86dc9b24fb9d4995d5d0c29007
resnet,electrode,29,bandpass_n20001_cV1_electrode_s5,phase2/results/predictions/full/electrode/resnet/seed_29/bandpass_n20001_cV1_electrode_s5.npz,75987,391b981af2ac69020d168286c18def71de61136254d6ce9f92e1a3bf064934fd
resnet,electrode,29,bandpass_n20001_cV1_electrode_s0,phase2/results/predictions/full/electrode/resnet/seed_29/bandpass_n20001_cV1_electrode_s0.npz,75376,d5d72da0995e78e2c7463fdd1d09938b13d6ccda04723c9c1d748086ba7e47c3
resnet,electrode,29,bandpass_n20001_cV1_covariance_s20,phase2/results/predictions/full/electrode/resnet/seed_29/bandpass_n20001_cV1_covariance_s20.npz,76295,82bb05a82952c662aeecee8b5e42ecc6bcb2adda778843fdc399cfc653fdeded
resnet,electrode,29,bandpass_n20001_cV1_covariance_s15,phase2/results/predictions/full/electrode/resnet/seed_29/bandpass_n20001_cV1_covariance_s15.npz,76299,569450b35efdf2624a579613bd4ff8c8e84b6dd77ac2a903dc9b8e28f2f10e55
resnet,electrode,29,bandpass_n20001_cV1_covariance_s10,phase2/results/predictions/full/electrode/resnet/seed_29/bandpass_n20001_cV1_covariance_s10.npz,76209,e95e50b4ac23028043b097bf34c72b59923086b9ec938e0a5e355d5fefbad689
resnet,electrode,29,bandpass_n20001_cV1_covariance_s5,phase2/results/predictions/full/electrode/resnet/seed_29/bandpass_n20001_cV1_covariance_s5.npz,75987,5070fe9af93c8afec726e91b6e722e3c3e7cfbe4f78393b90ed15b9931f2a6a3
resnet,electrode,29,bandpass_n20001_cV1_covariance_s0,phase2/results/predictions/full/electrode/resnet/seed_29/bandpass_n20001_cV1_covariance_s0.npz,75403,cc298d9dda76f9f1635320d6007a61bbe003d1f17b1a1a560f0cae97fa664e81
resnet,electrode,29,bandpass_n20001_cV2_independent_rms_s20,phase2/results/predictions/full/electrode/resnet/seed_29/bandpass_n20001_cV2_independent_rms_s20.npz,76307,94fab56196af84ce4bc3269edf68809f4e4b2ebb125548fdf502fa378e5842f0
resnet,electrode,29,bandpass_n20001_cV2_independent_rms_s15,phase2/results/predictions/full/electrode/resnet/seed_29/bandpass_n20001_cV2_independent_rms_s15.npz,76273,a691ea98d623a43ccdd230f03004b622e02d9d8c416099211b4442da96b14595
resnet,electrode,29,bandpass_n20001_cV2_independent_rms_s10,phase2/results/predictions/full/electrode/resnet/seed_29/bandpass_n20001_cV2_independent_rms_s10.npz,76262,22a2f8164be11dcca53a10d9312653b194c1f54f294a6fb864b797e1b2a34e01
resnet,electrode,29,bandpass_n20001_cV2_independent_rms_s5,phase2/results/predictions/full/electrode/resnet/seed_29/bandpass_n20001_cV2_independent_rms_s5.npz,76065,fdeb1dbfe5ee199669743c413ba8d7ef759cc34437204c3e9eb80c60b0a68df7
resnet,electrode,29,bandpass_n20001_cV2_independent_rms_s0,phase2/results/predictions/full/electrode/resnet/seed_29/bandpass_n20001_cV2_independent_rms_s0.npz,75520,422f7e20dfdc6bc2107fd1dda7d0126151a3573dd5f298e1100b3e64c3e09870
resnet,electrode,29,bandpass_n20001_cV2_electrode_s20,phase2/results/predictions/full/electrode/resnet/seed_29/bandpass_n20001_cV2_electrode_s20.npz,76321,f4e3948a7c85d9dff6fa0f06aafc493c65e132582821ea27f31355f103ede76f
resnet,electrode,29,bandpass_n20001_cV2_electrode_s15,phase2/results/predictions/full/electrode/resnet/seed_29/bandpass_n20001_cV2_electrode_s15.npz,76307,5cc9da2b6e1c9d5ae7bd69b6f400e6cc020502b00809af6e2bdd01a385a677ab
resnet,electrode,29,bandpass_n20001_cV2_electrode_s10,phase2/results/predictions/full/electrode/resnet/seed_29/bandpass_n20001_cV2_electrode_s10.npz,76228,7b88d08c840918ed2c14d5006f3c68944b611127829e67f0db1e7b7a3cf48a67
resnet,electrode,29,bandpass_n20001_cV2_electrode_s5,phase2/results/predictions/full/electrode/resnet/seed_29/bandpass_n20001_cV2_electrode_s5.npz,76048,ef1e62d7651a39cf27d618cfbd76cb387bf158460f8ccc7f9c3094b747db12ea
resnet,electrode,29,bandpass_n20001_cV2_electrode_s0,phase2/results/predictions/full/electrode/resnet/seed_29/bandpass_n20001_cV2_electrode_s0.npz,75526,6b5a71001e1a53391175930d62b084dbbc362a98befb1a26da3b044dde5bd583
resnet,electrode,29,bandpass_n20001_cV2_covariance_s20,phase2/results/predictions/full/electrode/resnet/seed_29/bandpass_n20001_cV2_covariance_s20.npz,76306,4410db34d5b5e99a5e6da4ef007a66f4ccf1d12fe28bb8477c3ee699efe4c3cd
resnet,electrode,29,bandpass_n20001_cV2_covariance_s15,phase2/results/predictions/full/electrode/resnet/seed_29/bandpass_n20001_cV2_covariance_s15.npz,76274,9ee40cd0c4db74dfd8a14499b6f30c2cd447ef6feb234c4108973607c0ff09db
resnet,electrode,29,bandpass_n20001_cV2_covariance_s10,phase2/results/predictions/full/electrode/resnet/seed_29/bandpass_n20001_cV2_covariance_s10.npz,76266,b7301f2eaf8de92f19d678a754fc33b70e2bae2c8cf55faa730c4053fd8ffd2c
resnet,electrode,29,bandpass_n20001_cV2_covariance_s5,phase2/results/predictions/full/electrode/resnet/seed_29/bandpass_n20001_cV2_covariance_s5.npz,76042,4c83ab4e19f5239fb7b2a721435228a10b3127dffda37bfb91222d3fbb721d83
resnet,electrode,29,bandpass_n20001_cV2_covariance_s0,phase2/results/predictions/full/electrode/resnet/seed_29/bandpass_n20001_cV2_covariance_s0.npz,75536,dae7faefb6a21c971a00ca1a596dfdc37751035bb665e51458f3d8cec4b3e9b1
resnet,electrode,29,bandpass_n20001_cV3_independent_rms_s20,phase2/results/predictions/full/electrode/resnet/seed_29/bandpass_n20001_cV3_independent_rms_s20.npz,76341,16263856ba08710273a449849171eff4291b9866fe5dd9c217d6f9d1eac643b0
resnet,electrode,29,bandpass_n20001_cV3_independent_rms_s15,phase2/results/predictions/full/electrode/resnet/seed_29/bandpass_n20001_cV3_independent_rms_s15.npz,76318,7ce7dfe578764f6b3d8337a4abf4d39140f0072e1d04683c068297148377e6e1
resnet,electrode,29,bandpass_n20001_cV3_independent_rms_s10,phase2/results/predictions/full/electrode/resnet/seed_29/bandpass_n20001_cV3_independent_rms_s10.npz,76270,cb456b4adea5b6258c7f6345fa5ae0dceb517b3d73e6d4e1e154e95dcf5be9c0
resnet,electrode,29,bandpass_n20001_cV3_independent_rms_s5,phase2/results/predictions/full/electrode/resnet/seed_29/bandpass_n20001_cV3_independent_rms_s5.npz,76199,caab07abe95ed91cbd835cf681a18fa1de16c009dd67b61b3f3a751cbbdb34d4
resnet,electrode,29,bandpass_n20001_cV3_independent_rms_s0,phase2/results/predictions/full/electrode/resnet/seed_29/bandpass_n20001_cV3_independent_rms_s0.npz,75856,f3ae3fc1ea9a919832a16867bc036dffe7cda2bfc79baf24900c0388ba688c4a
resnet,electrode,29,bandpass_n20001_cV3_electrode_s20,phase2/results/predictions/full/electrode/resnet/seed_29/bandpass_n20001_cV3_electrode_s20.npz,76293,aaab536a5b5df4aef7f397b8ecdc33dbfee6f88bb30831042867c8d291d047a3
resnet,electrode,29,bandpass_n20001_cV3_electrode_s15,phase2/results/predictions/full/electrode/resnet/seed_29/bandpass_n20001_cV3_electrode_s15.npz,76300,bb4c8c17575a5b2442c8c0aa9f4f1320f5ef602ec977c95c2074ffc26f9738d3
resnet,electrode,29,bandpass_n20001_cV3_electrode_s10,phase2/results/predictions/full/electrode/resnet/seed_29/bandpass_n20001_cV3_electrode_s10.npz,76250,2df3244bc7a26e9dae0584b15a07d0c0cae5d3c8048ec191d2a79b6c8ca03360
resnet,electrode,29,bandpass_n20001_cV3_electrode_s5,phase2/results/predictions/full/electrode/resnet/seed_29/bandpass_n20001_cV3_electrode_s5.npz,76156,3e9940c94dd20b09c593d1517ec011727eeec0c80e3ae79c115157d301d2020e
resnet,electrode,29,bandpass_n20001_cV3_electrode_s0,phase2/results/predictions/full/electrode/resnet/seed_29/bandpass_n20001_cV3_electrode_s0.npz,75887,d087608638d8f1b9497e5838fd50b3e7600842a1d8d3cd89a4328828f101b55b
resnet,electrode,29,bandpass_n20001_cV3_covariance_s20,phase2/results/predictions/full/electrode/resnet/seed_29/bandpass_n20001_cV3_covariance_s20.npz,76294,458001b357ca96142319778ce12a5713d22afb56dd8e0b1e9282bd596f2c6c17
resnet,electrode,29,bandpass_n20001_cV3_covariance_s15,phase2/results/predictions/full/electrode/resnet/seed_29/bandpass_n20001_cV3_covariance_s15.npz,76255,044dae28e40fc91d3e9dba45d8c549cf3df7bf6ae18244aa3fc393054c61e1d2
resnet,electrode,29,bandpass_n20001_cV3_covariance_s10,phase2/results/predictions/full/electrode/resnet/seed_29/bandpass_n20001_cV3_covariance_s10.npz,76290,1651731a01c7a331d92bb9a66c1265202395b33038a3e59f3f9b8cb333cd6de1
resnet,electrode,29,bandpass_n20001_cV3_covariance_s5,phase2/results/predictions/full/electrode/resnet/seed_29/bandpass_n20001_cV3_covariance_s5.npz,76165,4a3df0427db70561bea66a63666059d929f1572333931a6ab1676df9b45fe348
resnet,electrode,29,bandpass_n20001_cV3_covariance_s0,phase2/results/predictions/full/electrode/resnet/seed_29/bandpass_n20001_cV3_covariance_s0.npz,75829,238481f7446ee2a10d5d85c74803506afdbf7e01989ba2e6eaf545d0d5d0fd93
resnet,electrode,29,bandpass_n20001_cV4_independent_rms_s20,phase2/results/predictions/full/electrode/resnet/seed_29/bandpass_n20001_cV4_independent_rms_s20.npz,76330,d0af87329d4317a1eede91d19a3dae604f643b91e3d453580f0bd903909d1fec
resnet,electrode,29,bandpass_n20001_cV4_independent_rms_s15,phase2/results/predictions/full/electrode/resnet/seed_29/bandpass_n20001_cV4_independent_rms_s15.npz,76307,d2f961b069abf4f48f748ed85deba49786b18ac204ace8995c8e7bd1185bfb5e
resnet,electrode,29,bandpass_n20001_cV4_independent_rms_s10,phase2/results/predictions/full/electrode/resnet/seed_29/bandpass_n20001_cV4_independent_rms_s10.npz,76266,f574f55c0f043bd57275a7159e70e79cc07ea392818733de0eb8fcec8daac2a6
resnet,electrode,29,bandpass_n20001_cV4_independent_rms_s5,phase2/results/predictions/full/electrode/resnet/seed_29/bandpass_n20001_cV4_independent_rms_s5.npz,76134,870d51d9f1238bc9c57cb040e7e04ddd050a29aa6b3b1984df6c4cc2b7515da9
resnet,electrode,29,bandpass_n20001_cV4_independent_rms_s0,phase2/results/predictions/full/electrode/resnet/seed_29/bandpass_n20001_cV4_independent_rms_s0.npz,75777,9389e41cb53f57189290df08f87326031731cb75ad921f9cd385c189c9b813b0
resnet,electrode,29,bandpass_n20001_cV4_electrode_s20,phase2/results/predictions/full/electrode/resnet/seed_29/bandpass_n20001_cV4_electrode_s20.npz,76336,60294c52f54de7a1fd95448a711fcc93d9f93779c00e065b0564224c7a47de24
resnet,electrode,29,bandpass_n20001_cV4_electrode_s15,phase2/results/predictions/full/electrode/resnet/seed_29/bandpass_n20001_cV4_electrode_s15.npz,76300,7c50473fb24a10f5fcf010220dbf1aad8deaa2ed2d3811038227f11e64d56bc2
resnet,electrode,29,bandpass_n20001_cV4_electrode_s10,phase2/results/predictions/full/electrode/resnet/seed_29/bandpass_n20001_cV4_electrode_s10.npz,76246,9ed3ebaa395297f274adbd82528e2f4dee6b81b5fef6ac7f1568236219c7f2d5
resnet,electrode,29,bandpass_n20001_cV4_electrode_s5,phase2/results/predictions/full/electrode/resnet/seed_29/bandpass_n20001_cV4_electrode_s5.npz,76117,2458bd160e555dace5ce1b2983774e5077a6f5c581485425db8e5540c5fb0800
resnet,electrode,29,bandpass_n20001_cV4_electrode_s0,phase2/results/predictions/full/electrode/resnet/seed_29/bandpass_n20001_cV4_electrode_s0.npz,75739,9790a6dcec8275c2edacd8385eec1a3cc8d672ee21dcc594f6c366749a769bf4
resnet,electrode,29,bandpass_n20001_cV4_covariance_s20,phase2/results/predictions/full/electrode/resnet/seed_29/bandpass_n20001_cV4_covariance_s20.npz,76303,a3f25f27f5ca838c51256bee5d2ff55bb19db197a607f31d96eb57eb1250ed9a
resnet,electrode,29,bandpass_n20001_cV4_covariance_s15,phase2/results/predictions/full/electrode/resnet/seed_29/bandpass_n20001_cV4_covariance_s15.npz,76309,f432a56bab9622fa42d7992eac3fc248c939781a37abe4528e6053e1c969a8ea
resnet,electrode,29,bandpass_n20001_cV4_covariance_s10,phase2/results/predictions/full/electrode/resnet/seed_29/bandpass_n20001_cV4_covariance_s10.npz,76285,349a3e6b724dcd467824d36c12ba84de726e86a1df77989c8cdcd818720d9db6
resnet,electrode,29,bandpass_n20001_cV4_covariance_s5,phase2/results/predictions/full/electrode/resnet/seed_29/bandpass_n20001_cV4_covariance_s5.npz,76140,59fe439f858400c9dcdc3d122e332d99babec02e12ac8d4266615219ce527916
resnet,electrode,29,bandpass_n20001_cV4_covariance_s0,phase2/results/predictions/full/electrode/resnet/seed_29/bandpass_n20001_cV4_covariance_s0.npz,75755,19f844241642adf80a4312f55f6423daa4a9ab2aa26bbc2863ff22387cedd1df
resnet,electrode,29,bandpass_n20001_cV5_independent_rms_s20,phase2/results/predictions/full/electrode/resnet/seed_29/bandpass_n20001_cV5_independent_rms_s20.npz,76301,4d5a904b01c6c296ab4f127c2cadeac28c369b27725ed07c72062f52236e84c9
resnet,electrode,29,bandpass_n20001_cV5_independent_rms_s15,phase2/results/predictions/full/electrode/resnet/seed_29/bandpass_n20001_cV5_independent_rms_s15.npz,76293,a1ebb529c3eb33789317f7bed626d586b71b85af35013d0b9b64e4c68848bb3c
resnet,electrode,29,bandpass_n20001_cV5_independent_rms_s10,phase2/results/predictions/full/electrode/resnet/seed_29/bandpass_n20001_cV5_independent_rms_s10.npz,76221,9ec283ef680c4d217357f3f632130fa8ded55158c421c4bc5368ade7b20215c5
resnet,electrode,29,bandpass_n20001_cV5_independent_rms_s5,phase2/results/predictions/full/electrode/resnet/seed_29/bandpass_n20001_cV5_independent_rms_s5.npz,76037,2273192766e9cc4d4c1400a81c4a5fc7510f10789741be2ea6287105425fd22c
resnet,electrode,29,bandpass_n20001_cV5_independent_rms_s0,phase2/results/predictions/full/electrode/resnet/seed_29/bandpass_n20001_cV5_independent_rms_s0.npz,75591,fdfbf70c73cfab3e2511efc5c795b1581337fdeb500464c94d0c3e450e611a0f
resnet,electrode,29,bandpass_n20001_cV5_electrode_s20,phase2/results/predictions/full/electrode/resnet/seed_29/bandpass_n20001_cV5_electrode_s20.npz,76314,3f2df2527562606ce565cf0536a5677c79006e433aabc682a955cdb3a8404e75
resnet,electrode,29,bandpass_n20001_cV5_electrode_s15,phase2/results/predictions/full/electrode/resnet/seed_29/bandpass_n20001_cV5_electrode_s15.npz,76283,ba6c786af4eaba13c83978da43b2fe0d97c6eb0a352814fefc82784ebc1eed94
resnet,electrode,29,bandpass_n20001_cV5_electrode_s10,phase2/results/predictions/full/electrode/resnet/seed_29/bandpass_n20001_cV5_electrode_s10.npz,76228,bb23142c9059d01365cc118d02a38a78d8b6b3d50170a7e55592e5f2a541de93
resnet,electrode,29,bandpass_n20001_cV5_electrode_s5,phase2/results/predictions/full/electrode/resnet/seed_29/bandpass_n20001_cV5_electrode_s5.npz,76041,51e5f401774b2770faeb9ad438de7cae2572e817ce5cd256c417441510427503
resnet,electrode,29,bandpass_n20001_cV5_electrode_s0,phase2/results/predictions/full/electrode/resnet/seed_29/bandpass_n20001_cV5_electrode_s0.npz,75534,56c5755a66580c21aa988c6a1e0ce93d5aec5f6f60e89879a5a61cc9d9d1ab32
resnet,electrode,29,bandpass_n20001_cV5_covariance_s20,phase2/results/predictions/full/electrode/resnet/seed_29/bandpass_n20001_cV5_covariance_s20.npz,76264,06c23e861b660f008e92dd6c38cda2efbc941c5d0e35ef608e4b3db7a5561330
resnet,electrode,29,bandpass_n20001_cV5_covariance_s15,phase2/results/predictions/full/electrode/resnet/seed_29/bandpass_n20001_cV5_covariance_s15.npz,76231,ffb8c2c9a06e9e2d9027958b07f4ef16737deb4f35db9a47736ac002ec205f27
resnet,electrode,29,bandpass_n20001_cV5_covariance_s10,phase2/results/predictions/full/electrode/resnet/seed_29/bandpass_n20001_cV5_covariance_s10.npz,76238,fd364654a71a9090e89dcb21d759278e8d5e4cef9f1f7be03e44d756614feb0d
resnet,electrode,29,bandpass_n20001_cV5_covariance_s5,phase2/results/predictions/full/electrode/resnet/seed_29/bandpass_n20001_cV5_covariance_s5.npz,76045,59f172f1976d0b71874cb163395980c09168a99b8124adbcede1741d383b6d63
resnet,electrode,29,bandpass_n20001_cV5_covariance_s0,phase2/results/predictions/full/electrode/resnet/seed_29/bandpass_n20001_cV5_covariance_s0.npz,75545,032127dbee306f957c73106af9a151311d9d7d8b270e8b2083b62394593949a7
resnet,electrode,29,bandpass_n20001_cV6_independent_rms_s20,phase2/results/predictions/full/electrode/resnet/seed_29/bandpass_n20001_cV6_independent_rms_s20.npz,76326,fe95e387ec6fcd4d661b4c201057fc23869b37fcf0066c72304fa3a15aa98ea8
resnet,electrode,29,bandpass_n20001_cV6_independent_rms_s15,phase2/results/predictions/full/electrode/resnet/seed_29/bandpass_n20001_cV6_independent_rms_s15.npz,76324,5ece1d3c4387d11fd7f9a7483409b77fe5b295276299aa02b46aa7516af0ac55
resnet,electrode,29,bandpass_n20001_cV6_independent_rms_s10,phase2/results/predictions/full/electrode/resnet/seed_29/bandpass_n20001_cV6_independent_rms_s10.npz,76259,36962c0221d84a3e7962a506bde2bc22c0c8f404d3651c7f0b95f243ca7a42b6
resnet,electrode,29,bandpass_n20001_cV6_independent_rms_s5,phase2/results/predictions/full/electrode/resnet/seed_29/bandpass_n20001_cV6_independent_rms_s5.npz,76080,c69cb12fc6b0853032c494590fb37b7f0ed29a0c4493ead14f9136df1f668a36
resnet,electrode,29,bandpass_n20001_cV6_independent_rms_s0,phase2/results/predictions/full/electrode/resnet/seed_29/bandpass_n20001_cV6_independent_rms_s0.npz,75650,d024dcc9c414827346a7c59872f31f018ca59f39d57e9d4cb60eebb0a1b140db
resnet,electrode,29,bandpass_n20001_cV6_electrode_s20,phase2/results/predictions/full/electrode/resnet/seed_29/bandpass_n20001_cV6_electrode_s20.npz,76321,f4b875ad074d59269cb251530317d0b4e4b598b3fc87c9d9a870551e6394c070
resnet,electrode,29,bandpass_n20001_cV6_electrode_s15,phase2/results/predictions/full/electrode/resnet/seed_29/bandpass_n20001_cV6_electrode_s15.npz,76274,deefbe1e72ac44e1a9bb56da3d721b302a1dd81a89b4697b040808591e8cd33f
resnet,electrode,29,bandpass_n20001_cV6_electrode_s10,phase2/results/predictions/full/electrode/resnet/seed_29/bandpass_n20001_cV6_electrode_s10.npz,76229,79be6776b0f741781e85c9d3d78d45270a98b45e83e5e5f2350de26e375025d5
resnet,electrode,29,bandpass_n20001_cV6_electrode_s5,phase2/results/predictions/full/electrode/resnet/seed_29/bandpass_n20001_cV6_electrode_s5.npz,76040,cf395583a1c1ed20e4a80a23b2da26dae0824b5c795a9a5aa6f2d843651ad8fd
resnet,electrode,29,bandpass_n20001_cV6_electrode_s0,phase2/results/predictions/full/electrode/resnet/seed_29/bandpass_n20001_cV6_electrode_s0.npz,75604,7ffcdc5dd8c094509144cd65cf4ee5b18181d8c5cba7de92797a84370dfa8a21
resnet,electrode,29,bandpass_n20001_cV6_covariance_s20,phase2/results/predictions/full/electrode/resnet/seed_29/bandpass_n20001_cV6_covariance_s20.npz,76279,d162c9851c34465dce330e47e480c47507ab514f6982ab158d11dab8b55fd7d2
resnet,electrode,29,bandpass_n20001_cV6_covariance_s15,phase2/results/predictions/full/electrode/resnet/seed_29/bandpass_n20001_cV6_covariance_s15.npz,76311,7a55c6fa4c9cde6a8cd33eb8b19c031ae246915c5051b2bdab15851384605e6e
resnet,electrode,29,bandpass_n20001_cV6_covariance_s10,phase2/results/predictions/full/electrode/resnet/seed_29/bandpass_n20001_cV6_covariance_s10.npz,76255,45f59fa03f9ef1fb7ec74ebcf948f9ce9c6ab6e5277ec7390bac90e1b2b84bd7
resnet,electrode,29,bandpass_n20001_cV6_covariance_s5,phase2/results/predictions/full/electrode/resnet/seed_29/bandpass_n20001_cV6_covariance_s5.npz,76054,a594f517556836e17cba2171a0e55d8acdd076be7c9db2f2064f7f3767144eb6
resnet,electrode,29,bandpass_n20001_cV6_covariance_s0,phase2/results/predictions/full/electrode/resnet/seed_29/bandpass_n20001_cV6_covariance_s0.npz,75627,4452da691d4dac0870cbbf48e46d731422ade15764c690fe6cc01e76dda544b9
resnet,electrode,29,bandpass_n20001_cRA_LA_independent_rms_s20,phase2/results/predictions/full/electrode/resnet/seed_29/bandpass_n20001_cRA_LA_independent_rms_s20.npz,76319,47da16f874028f0e471aebb1fa5b99a81c7e3d49923fcbc67b2de78337c26c70
resnet,electrode,29,bandpass_n20001_cRA_LA_independent_rms_s15,phase2/results/predictions/full/electrode/resnet/seed_29/bandpass_n20001_cRA_LA_independent_rms_s15.npz,76299,ab23e83e3e51471ba695fd2677c16dafcf6c6a2802f382d76b438b05564b6801
resnet,electrode,29,bandpass_n20001_cRA_LA_independent_rms_s10,phase2/results/predictions/full/electrode/resnet/seed_29/bandpass_n20001_cRA_LA_independent_rms_s10.npz,76232,4d91d9774ccf1f58daae1c3e439b444154de05e27d884de0442cb5de2420b738
resnet,electrode,29,bandpass_n20001_cRA_LA_independent_rms_s5,phase2/results/predictions/full/electrode/resnet/seed_29/bandpass_n20001_cRA_LA_independent_rms_s5.npz,76049,00e4a4d2d7f7fe109ab943c1950ab40a8c2a05dc80152eac0c7e418ea10efa43
resnet,electrode,29,bandpass_n20001_cRA_LA_independent_rms_s0,phase2/results/predictions/full/electrode/resnet/seed_29/bandpass_n20001_cRA_LA_independent_rms_s0.npz,75515,a1fbdba200eebceb53b83f4fceb4aa6ee126dc8c6ff9c46f7a0f84e76eff1177
resnet,electrode,29,bandpass_n20001_cRA_LA_electrode_s20,phase2/results/predictions/full/electrode/resnet/seed_29/bandpass_n20001_cRA_LA_electrode_s20.npz,76302,89084087e5a9a32964177fc8a361b662f13dca77f068db31cb6a1bcf34bed0e4
resnet,electrode,29,bandpass_n20001_cRA_LA_electrode_s15,phase2/results/predictions/full/electrode/resnet/seed_29/bandpass_n20001_cRA_LA_electrode_s15.npz,76294,85465342747c2cf35c6369b1a8d07dd4fbc7dd4f157b90e957420b0f26eb0b40
resnet,electrode,29,bandpass_n20001_cRA_LA_electrode_s10,phase2/results/predictions/full/electrode/resnet/seed_29/bandpass_n20001_cRA_LA_electrode_s10.npz,76209,930d0adb9c87e5080f07c3b098c2add07624104232e25cd9396b120881fb8a88
resnet,electrode,29,bandpass_n20001_cRA_LA_electrode_s5,phase2/results/predictions/full/electrode/resnet/seed_29/bandpass_n20001_cRA_LA_electrode_s5.npz,75929,06725d5c6077157670baada6f29f85e305962d311b10f0d4dfe34b2f72269e8a
resnet,electrode,29,bandpass_n20001_cRA_LA_electrode_s0,phase2/results/predictions/full/electrode/resnet/seed_29/bandpass_n20001_cRA_LA_electrode_s0.npz,75360,ac45c1164dda205fdfcf2e225469665f7e2947d075c0517c2a286ea87073f9f9
resnet,electrode,29,bandpass_n20001_cRA_LA_covariance_s20,phase2/results/predictions/full/electrode/resnet/seed_29/bandpass_n20001_cRA_LA_covariance_s20.npz,76310,633958572ab3e31ee605a844f1e09a3a8d2506861f7e780fc66b032eb75b7376
resnet,electrode,29,bandpass_n20001_cRA_LA_covariance_s15,phase2/results/predictions/full/electrode/resnet/seed_29/bandpass_n20001_cRA_LA_covariance_s15.npz,76287,c7776f78a7f8b6f4a3fcc7f4bb542922046c99a46c2e1517604999de54192a3d
resnet,electrode,29,bandpass_n20001_cRA_LA_covariance_s10,phase2/results/predictions/full/electrode/resnet/seed_29/bandpass_n20001_cRA_LA_covariance_s10.npz,76208,44785cdde05455e10b38c42876726e27f29e8450f39d6d577cc9bbf8b7a25f9b
resnet,electrode,29,bandpass_n20001_cRA_LA_covariance_s5,phase2/results/predictions/full/electrode/resnet/seed_29/bandpass_n20001_cRA_LA_covariance_s5.npz,75996,8d696b806e91cc519f4d06e8cc611c73e3b2556874328c1bb541c5bd9ad5cc08
resnet,electrode,29,bandpass_n20001_cRA_LA_covariance_s0,phase2/results/predictions/full/electrode/resnet/seed_29/bandpass_n20001_cRA_LA_covariance_s0.npz,75369,fd52126d8f319ce3ff12aa61df5c8482fd7d7374e664ca9e716c8e548d5b7d84
resnet,electrode,29,bandpass_n20001_cLA_LL_independent_rms_s20,phase2/results/predictions/full/electrode/resnet/seed_29/bandpass_n20001_cLA_LL_independent_rms_s20.npz,76304,9f58c137a2ad2fa72cc74c2d47208c5daaf7eef1b9da597529303aeffa4af468
resnet,electrode,29,bandpass_n20001_cLA_LL_independent_rms_s15,phase2/results/predictions/full/electrode/resnet/seed_29/bandpass_n20001_cLA_LL_independent_rms_s15.npz,76286,90ab7680e99c93e09aa76b8a7514fc0db130c6e9257c0cf10a0d8da28d6d2f67
resnet,electrode,29,bandpass_n20001_cLA_LL_independent_rms_s10,phase2/results/predictions/full/electrode/resnet/seed_29/bandpass_n20001_cLA_LL_independent_rms_s10.npz,76266,21534bf3f97c2dee8db03c88237b34edb40c93662195c6caa9012d51c7be6977
resnet,electrode,29,bandpass_n20001_cLA_LL_independent_rms_s5,phase2/results/predictions/full/electrode/resnet/seed_29/bandpass_n20001_cLA_LL_independent_rms_s5.npz,76027,6c9f7f5da430793ef4c1bd0f0c499aee90ab1ac933791d23eecda79bb101a98b
resnet,electrode,29,bandpass_n20001_cLA_LL_independent_rms_s0,phase2/results/predictions/full/electrode/resnet/seed_29/bandpass_n20001_cLA_LL_independent_rms_s0.npz,75536,4b2ee46c8fb6bb3ba001102260a4543766aafa476ff00f1c57fb2b85f35e8bbb
resnet,electrode,29,bandpass_n20001_cLA_LL_electrode_s20,phase2/results/predictions/full/electrode/resnet/seed_29/bandpass_n20001_cLA_LL_electrode_s20.npz,76308,88f77f6492aa413fc0024059e2e0831855321ca1ffc207e73343aa1428088768
resnet,electrode,29,bandpass_n20001_cLA_LL_electrode_s15,phase2/results/predictions/full/electrode/resnet/seed_29/bandpass_n20001_cLA_LL_electrode_s15.npz,76298,049bb3e42bb079556c76f957ccfbc0d94d2d2dbd246691602e368f03c3a4597c
resnet,electrode,29,bandpass_n20001_cLA_LL_electrode_s10,phase2/results/predictions/full/electrode/resnet/seed_29/bandpass_n20001_cLA_LL_electrode_s10.npz,76203,139d9ebf4fcf442db0a4642abac95c435d0380362691bf3949a077fde4d22d5c
resnet,electrode,29,bandpass_n20001_cLA_LL_electrode_s5,phase2/results/predictions/full/electrode/resnet/seed_29/bandpass_n20001_cLA_LL_electrode_s5.npz,75972,36c154626101943b7e9f14609c72c2af1b8b10e1b02aba091b051c3111a5625f
resnet,electrode,29,bandpass_n20001_cLA_LL_electrode_s0,phase2/results/predictions/full/electrode/resnet/seed_29/bandpass_n20001_cLA_LL_electrode_s0.npz,75434,9a4efd46c31c8cacb14d20de4507e1b5bc29498f2cae7f8bfaaa1ce8752838c6
resnet,electrode,29,bandpass_n20001_cLA_LL_covariance_s20,phase2/results/predictions/full/electrode/resnet/seed_29/bandpass_n20001_cLA_LL_covariance_s20.npz,76274,127286c3b457882c9b21b2f21dfcb25c02ecddf96ef8b18b19d2673993f32c45
resnet,electrode,29,bandpass_n20001_cLA_LL_covariance_s15,phase2/results/predictions/full/electrode/resnet/seed_29/bandpass_n20001_cLA_LL_covariance_s15.npz,76286,998e7ddcf8bc98edd8b348706320423683cd7be73fb45561b186184c3cec8cc3
resnet,electrode,29,bandpass_n20001_cLA_LL_covariance_s10,phase2/results/predictions/full/electrode/resnet/seed_29/bandpass_n20001_cLA_LL_covariance_s10.npz,76191,4f6fb8033436e532ec357150842c6458f1cb2eb2d31f285446adf35690f581d4
resnet,electrode,29,bandpass_n20001_cLA_LL_covariance_s5,phase2/results/predictions/full/electrode/resnet/seed_29/bandpass_n20001_cLA_LL_covariance_s5.npz,75969,ce61950531904f1ecd50668bd7391303e92d0eb4ee5d7f56d545e9a688f215ea
resnet,electrode,29,bandpass_n20001_cLA_LL_covariance_s0,phase2/results/predictions/full/electrode/resnet/seed_29/bandpass_n20001_cLA_LL_covariance_s0.npz,75465,f4e7188f5c05b7d8d3b30eae11a63deea470c712a98d6b7ec0cce4be6a6b7b93
resnet,electrode,29,bandpass_n20001_cRA_LL_independent_rms_s20,phase2/results/predictions/full/electrode/resnet/seed_29/bandpass_n20001_cRA_LL_independent_rms_s20.npz,76299,d05a554a1ce5d89942b1e963f74b0089c5cad4f77e98461c6d95e8fb07050304
resnet,electrode,29,bandpass_n20001_cRA_LL_independent_rms_s15,phase2/results/predictions/full/electrode/resnet/seed_29/bandpass_n20001_cRA_LL_independent_rms_s15.npz,76274,b7f4b88884e4015f1ead78f9b91795663923b674208f0c113265d3e9c5a9f202
resnet,electrode,29,bandpass_n20001_cRA_LL_independent_rms_s10,phase2/results/predictions/full/electrode/resnet/seed_29/bandpass_n20001_cRA_LL_independent_rms_s10.npz,76235,af1a16e6869477e2d9dd8e17e2cfc30d64338b3aea64a2171b99c807e9e5eea9
resnet,electrode,29,bandpass_n20001_cRA_LL_independent_rms_s5,phase2/results/predictions/full/electrode/resnet/seed_29/bandpass_n20001_cRA_LL_independent_rms_s5.npz,76077,a3f6925b273ffdaaab2db4351ffb3cbd9583582ff02471ffb090f33be35a8247
resnet,electrode,29,bandpass_n20001_cRA_LL_independent_rms_s0,phase2/results/predictions/full/electrode/resnet/seed_29/bandpass_n20001_cRA_LL_independent_rms_s0.npz,75548,a529b37bd48a1ee97cf633104ec49b8ca4d1babe5e8a3e77bd89fbc1f31692ed
resnet,electrode,29,bandpass_n20001_cRA_LL_electrode_s20,phase2/results/predictions/full/electrode/resnet/seed_29/bandpass_n20001_cRA_LL_electrode_s20.npz,76284,dfff3bb6b154bc776e6b6e46d8e0a18c2a7eaba5148659a5d5543e321c1d4dc5
resnet,electrode,29,bandpass_n20001_cRA_LL_electrode_s15,phase2/results/predictions/full/electrode/resnet/seed_29/bandpass_n20001_cRA_LL_electrode_s15.npz,76283,2000cc11769177b1d57a5dad7a0b9db31419ac680aa3516cf262d5ee241df314
resnet,electrode,29,bandpass_n20001_cRA_LL_electrode_s10,phase2/results/predictions/full/electrode/resnet/seed_29/bandpass_n20001_cRA_LL_electrode_s10.npz,76217,c6cb702c3a21b27731cf4df404d2270a6523c42fe110112f4f91c5678dac23d0
resnet,electrode,29,bandpass_n20001_cRA_LL_electrode_s5,phase2/results/predictions/full/electrode/resnet/seed_29/bandpass_n20001_cRA_LL_electrode_s5.npz,75939,a0aa8ece4a0adac9c4de601bc0302a2116d04553dd45cc7544058bcda085b234
resnet,electrode,29,bandpass_n20001_cRA_LL_electrode_s0,phase2/results/predictions/full/electrode/resnet/seed_29/bandpass_n20001_cRA_LL_electrode_s0.npz,75414,bbdf2e60f1d55bc117e4e12b922bbebbddf064702c276b1d3bf5b80d7843f28e
resnet,electrode,29,bandpass_n20001_cRA_LL_covariance_s20,phase2/results/predictions/full/electrode/resnet/seed_29/bandpass_n20001_cRA_LL_covariance_s20.npz,76324,65f0a3e4811673248d02ea86e2bcf94c165a19c46f09132952e51025d79c8034
resnet,electrode,29,bandpass_n20001_cRA_LL_covariance_s15,phase2/results/predictions/full/electrode/resnet/seed_29/bandpass_n20001_cRA_LL_covariance_s15.npz,76289,f2d28ccbfb51d6e9992841a9fa3668d6c3b5a9cd3bce92f66752b56bd95947ff
resnet,electrode,29,bandpass_n20001_cRA_LL_covariance_s10,phase2/results/predictions/full/electrode/resnet/seed_29/bandpass_n20001_cRA_LL_covariance_s10.npz,76207,d5b274266429e317eb3000da1b3730256d5b0c3f98fe1acc0137dac8d841e66f
resnet,electrode,29,bandpass_n20001_cRA_LL_covariance_s5,phase2/results/predictions/full/electrode/resnet/seed_29/bandpass_n20001_cRA_LL_covariance_s5.npz,75984,412c0caf0cf953181e73f4c2da03616eb99fa8fb8ad5881d2832c2f479bfaaa3
resnet,electrode,29,bandpass_n20001_cRA_LL_covariance_s0,phase2/results/predictions/full/electrode/resnet/seed_29/bandpass_n20001_cRA_LL_covariance_s0.npz,75434,e4b23c1f0153d3e610b325cf8add0ed17cea37e4e8cb9569a724ba505b2d0318
resnet,electrode,29,bandpass_n20001_cRA_independent_rms_s20,phase2/results/predictions/full/electrode/resnet/seed_29/bandpass_n20001_cRA_independent_rms_s20.npz,76337,d01307eacdd2c043a409a6b717329dc22d530e14439a4d242eef72c678aa01cd
resnet,electrode,29,bandpass_n20001_cRA_independent_rms_s15,phase2/results/predictions/full/electrode/resnet/seed_29/bandpass_n20001_cRA_independent_rms_s15.npz,76282,5b6154993acc235613d5f78dfc5b81e1ed4556145ce1f595670c2d5ec2e4aac4
resnet,electrode,29,bandpass_n20001_cRA_independent_rms_s10,phase2/results/predictions/full/electrode/resnet/seed_29/bandpass_n20001_cRA_independent_rms_s10.npz,76241,ee8e08a95da7391b39925f51956d600a4547e546a816c86a442c03210784c79f
resnet,electrode,29,bandpass_n20001_cRA_independent_rms_s5,phase2/results/predictions/full/electrode/resnet/seed_29/bandpass_n20001_cRA_independent_rms_s5.npz,76081,66e564b900bbd85697908637819906d0a03feec6b72d79af2031901e627b7a85
resnet,electrode,29,bandpass_n20001_cRA_independent_rms_s0,phase2/results/predictions/full/electrode/resnet/seed_29/bandpass_n20001_cRA_independent_rms_s0.npz,75542,ee03d972b3e4057f628429fddf7528b3c7f2e886d977bc868ecb1d03beda0ad5
resnet,electrode,29,bandpass_n20001_cRA_electrode_s20,phase2/results/predictions/full/electrode/resnet/seed_29/bandpass_n20001_cRA_electrode_s20.npz,76298,1bddc7ea98cf95b29d343eaae4c9679cb0c9868fa8c4646677bf65e1223db3f8
resnet,electrode,29,bandpass_n20001_cRA_electrode_s15,phase2/results/predictions/full/electrode/resnet/seed_29/bandpass_n20001_cRA_electrode_s15.npz,76289,f974d9c75e7359427806ff33dbadca321c1a57fa37dcfbd53d768adfaf76f425
resnet,electrode,29,bandpass_n20001_cRA_electrode_s10,phase2/results/predictions/full/electrode/resnet/seed_29/bandpass_n20001_cRA_electrode_s10.npz,76207,77d222f856cbc04c755d78d39bebfe02ba0796509f50de1ab7018d14e1b1dcac
resnet,electrode,29,bandpass_n20001_cRA_electrode_s5,phase2/results/predictions/full/electrode/resnet/seed_29/bandpass_n20001_cRA_electrode_s5.npz,75949,4a3de9b922b43713539d5435eeff780989c8220258568cf3166385c1db1a5973
resnet,electrode,29,bandpass_n20001_cRA_electrode_s0,phase2/results/predictions/full/electrode/resnet/seed_29/bandpass_n20001_cRA_electrode_s0.npz,75337,e5964800731ae24904207bee0de560eb8cec94b9ca6e47744d0a64f3e735bfe2
resnet,electrode,29,bandpass_n20001_cRA_covariance_s20,phase2/results/predictions/full/electrode/resnet/seed_29/bandpass_n20001_cRA_covariance_s20.npz,76315,f761749045383145dfe8271ffe99d720d52f506bc69f9cfd895e267921738f06
resnet,electrode,29,bandpass_n20001_cRA_covariance_s15,phase2/results/predictions/full/electrode/resnet/seed_29/bandpass_n20001_cRA_covariance_s15.npz,76292,560494940cceef116c5065e5fc9ee5d14c157ce62c9f3d208f08b94fcb93497d
resnet,electrode,29,bandpass_n20001_cRA_covariance_s10,phase2/results/predictions/full/electrode/resnet/seed_29/bandpass_n20001_cRA_covariance_s10.npz,76212,30baed85dea9fb0ac4cab6b13ed0691de960ec96faf2ec7b878f6a48302ee220
resnet,electrode,29,bandpass_n20001_cRA_covariance_s5,phase2/results/predictions/full/electrode/resnet/seed_29/bandpass_n20001_cRA_covariance_s5.npz,75982,ec0647dfc69b8edbf5ec72de7797cf0301bb1b2d1f918fc4d05f8604598b7126
resnet,electrode,29,bandpass_n20001_cRA_covariance_s0,phase2/results/predictions/full/electrode/resnet/seed_29/bandpass_n20001_cRA_covariance_s0.npz,75358,130642b823a65656a7112d662d784bf93a8591a6a6d6140f3fb86009364d6a4a
resnet,electrode,29,bandpass_n20001_cLA_independent_rms_s20,phase2/results/predictions/full/electrode/resnet/seed_29/bandpass_n20001_cLA_independent_rms_s20.npz,76301,22e2e3f97aba86d108e54b1db71e33f88e34dd0c527626afa4501432899e15cf
resnet,electrode,29,bandpass_n20001_cLA_independent_rms_s15,phase2/results/predictions/full/electrode/resnet/seed_29/bandpass_n20001_cLA_independent_rms_s15.npz,76325,3205bd9096bd21315caef8e81904e2003830f7905bc91c7b25c73e19c3c723eb
resnet,electrode,29,bandpass_n20001_cLA_independent_rms_s10,phase2/results/predictions/full/electrode/resnet/seed_29/bandpass_n20001_cLA_independent_rms_s10.npz,76260,a7c5372852e1c3ba264e6861bda78a8a1eeab4a74ffd8428e4291bf5f15fe04d
resnet,electrode,29,bandpass_n20001_cLA_independent_rms_s5,phase2/results/predictions/full/electrode/resnet/seed_29/bandpass_n20001_cLA_independent_rms_s5.npz,76053,5840be2e36754781c18b7777679663085a383af86ea8ca92b003e9f87fa10471
resnet,electrode,29,bandpass_n20001_cLA_independent_rms_s0,phase2/results/predictions/full/electrode/resnet/seed_29/bandpass_n20001_cLA_independent_rms_s0.npz,75585,81fd290f4da17b681556dfab7cda007ad7f5626d7db28e8d2d2addd9580c42d3
resnet,electrode,29,bandpass_n20001_cLA_electrode_s20,phase2/results/predictions/full/electrode/resnet/seed_29/bandpass_n20001_cLA_electrode_s20.npz,76301,344191541392d1cc41f7f60efc21139920da78430ca597cc05e159eedb1cb822
resnet,electrode,29,bandpass_n20001_cLA_electrode_s15,phase2/results/predictions/full/electrode/resnet/seed_29/bandpass_n20001_cLA_electrode_s15.npz,76290,57ff8c77d9b1c32d01a52377951331388c8ac5bcc4d062fa008b6ea02b92debc
resnet,electrode,29,bandpass_n20001_cLA_electrode_s10,phase2/results/predictions/full/electrode/resnet/seed_29/bandpass_n20001_cLA_electrode_s10.npz,76229,12108b8cd89bac2051812b409c13597bac212e07f6cf1cb23135baf7ac8e7f82
resnet,electrode,29,bandpass_n20001_cLA_electrode_s5,phase2/results/predictions/full/electrode/resnet/seed_29/bandpass_n20001_cLA_electrode_s5.npz,75988,c556f555d83c4c4e50c0518a48cfa8099084d66d38277257a22438dc60be969a
resnet,electrode,29,bandpass_n20001_cLA_electrode_s0,phase2/results/predictions/full/electrode/resnet/seed_29/bandpass_n20001_cLA_electrode_s0.npz,75378,294bd9e18616d4f1cd9518003f0bce2ab8c2bb0ceba644e7da180c789df5a6c3
resnet,electrode,29,bandpass_n20001_cLA_covariance_s20,phase2/results/predictions/full/electrode/resnet/seed_29/bandpass_n20001_cLA_covariance_s20.npz,76305,b9d115374f907fe7083321998cd57e2e305611fccebb9e4f7bab2c22d6050a66
resnet,electrode,29,bandpass_n20001_cLA_covariance_s15,phase2/results/predictions/full/electrode/resnet/seed_29/bandpass_n20001_cLA_covariance_s15.npz,76286,14aff102f9b44489ff2df6cc53ba6f8d16e1c482a0fc2d93cccd8e69f678c052
resnet,electrode,29,bandpass_n20001_cLA_covariance_s10,phase2/results/predictions/full/electrode/resnet/seed_29/bandpass_n20001_cLA_covariance_s10.npz,76214,e449ed440f23d2a43b62477b55dd327a599801703a8204905d783a204f770b50
resnet,electrode,29,bandpass_n20001_cLA_covariance_s5,phase2/results/predictions/full/electrode/resnet/seed_29/bandpass_n20001_cLA_covariance_s5.npz,76001,ead80b77bb84b13c5414e24be852b4460f3a102b6f4c75946b0c2af09348fbb5
resnet,electrode,29,bandpass_n20001_cLA_covariance_s0,phase2/results/predictions/full/electrode/resnet/seed_29/bandpass_n20001_cLA_covariance_s0.npz,75371,7964b3c72866173043bd84163176a44b4bdd8bca835b015af121e7f57be7bd3f
resnet,electrode,29,bandpass_n20001_cLL_independent_rms_s20,phase2/results/predictions/full/electrode/resnet/seed_29/bandpass_n20001_cLL_independent_rms_s20.npz,76301,b6eed2ba49740c97ee30612fb4f65168efb248d288c773c28cf38b92648b07e0
resnet,electrode,29,bandpass_n20001_cLL_independent_rms_s15,phase2/results/predictions/full/electrode/resnet/seed_29/bandpass_n20001_cLL_independent_rms_s15.npz,76299,f2344f2c72663e05b67c22bf9968be1eeb08565de0f58d87333c4f03878415e4
resnet,electrode,29,bandpass_n20001_cLL_independent_rms_s10,phase2/results/predictions/full/electrode/resnet/seed_29/bandpass_n20001_cLL_independent_rms_s10.npz,76251,927ea09e966053f3340d65611041b8a39b8bfde1cfffbcf654497c59cc16ffe5
resnet,electrode,29,bandpass_n20001_cLL_independent_rms_s5,phase2/results/predictions/full/electrode/resnet/seed_29/bandpass_n20001_cLL_independent_rms_s5.npz,76050,fa2d5e1b3277cbca5fe9d764c829ed7cbecb83d19ea53f5fc52c4a3cfb0da9f6
resnet,electrode,29,bandpass_n20001_cLL_independent_rms_s0,phase2/results/predictions/full/electrode/resnet/seed_29/bandpass_n20001_cLL_independent_rms_s0.npz,75533,3a693c59c34ca2c3261f5694dfff1c435a9b5ac472640f37470d2cf3a23ef1a7
resnet,electrode,29,bandpass_n20001_cLL_electrode_s20,phase2/results/predictions/full/electrode/resnet/seed_29/bandpass_n20001_cLL_electrode_s20.npz,76285,ed608a49e7125ceb882432b4314db7ea57e4576f0ec25ee9353590a2ed8d2289
resnet,electrode,29,bandpass_n20001_cLL_electrode_s15,phase2/results/predictions/full/electrode/resnet/seed_29/bandpass_n20001_cLL_electrode_s15.npz,76268,ef0d3aea1e487b71e230e1a34b397c7ff516d72ef254758c2af0923b3daa76a2
resnet,electrode,29,bandpass_n20001_cLL_electrode_s10,phase2/results/predictions/full/electrode/resnet/seed_29/bandpass_n20001_cLL_electrode_s10.npz,76182,6ed42465ab95c21426f01bfbab0b955121648e3dc32d6f61b8cf76683d5adf89
resnet,electrode,29,bandpass_n20001_cLL_electrode_s5,phase2/results/predictions/full/electrode/resnet/seed_29/bandpass_n20001_cLL_electrode_s5.npz,75951,787c24949ba679b5a935b1da8deeaf3c723a3f9271a3a51411a395e46bcbc350
resnet,electrode,29,bandpass_n20001_cLL_electrode_s0,phase2/results/predictions/full/electrode/resnet/seed_29/bandpass_n20001_cLL_electrode_s0.npz,75551,9cec7a6f409936d78e8b6151f33a4df8328074f0f8b60a945fce2f8b1cd9e6bb
resnet,electrode,29,bandpass_n20001_cLL_covariance_s20,phase2/results/predictions/full/electrode/resnet/seed_29/bandpass_n20001_cLL_covariance_s20.npz,76295,3f86e7c98fa310583b4b546e5772c1b25af2ade146b809783005e1fdb9fd7e48
resnet,electrode,29,bandpass_n20001_cLL_covariance_s15,phase2/results/predictions/full/electrode/resnet/seed_29/bandpass_n20001_cLL_covariance_s15.npz,76297,e71b715b669968f4b48da1530fb8620814e75796aa42878dff54843920859474
resnet,electrode,29,bandpass_n20001_cLL_covariance_s10,phase2/results/predictions/full/electrode/resnet/seed_29/bandpass_n20001_cLL_covariance_s10.npz,76159,e3ad712a72c886e41012fa13fa3c8bf32743ff069b85d4efe0e406f05293cded
resnet,electrode,29,bandpass_n20001_cLL_covariance_s5,phase2/results/predictions/full/electrode/resnet/seed_29/bandpass_n20001_cLL_covariance_s5.npz,75930,845725c9d29340fb5c3f6d723f7da0c142fb88b4cf36734baac1bca0da162adc
resnet,electrode,29,bandpass_n20001_cLL_covariance_s0,phase2/results/predictions/full/electrode/resnet/seed_29/bandpass_n20001_cLL_covariance_s0.npz,75496,b150d71ba09ffed82755cc04b234fdf42dd7a05767260acb3d2705473db2dd1b
resnet,electrode,29,bandpass_n20001_cRA_V1_independent_rms_s20,phase2/results/predictions/full/electrode/resnet/seed_29/bandpass_n20001_cRA_V1_independent_rms_s20.npz,76323,2522ae908c291bf62f99cb3c1654c699b5eee23e40606b71c09971c4bc55f935
resnet,electrode,29,bandpass_n20001_cRA_V1_independent_rms_s15,phase2/results/predictions/full/electrode/resnet/seed_29/bandpass_n20001_cRA_V1_independent_rms_s15.npz,76299,729af186ffc0864aa37e51e960d22389c004ce0804669db24b51fc46e368f7da
resnet,electrode,29,bandpass_n20001_cRA_V1_independent_rms_s10,phase2/results/predictions/full/electrode/resnet/seed_29/bandpass_n20001_cRA_V1_independent_rms_s10.npz,76240,a12e3f9236c1dda85c238280232b62c987627537c915799ae15a076706a1bbda
resnet,electrode,29,bandpass_n20001_cRA_V1_independent_rms_s5,phase2/results/predictions/full/electrode/resnet/seed_29/bandpass_n20001_cRA_V1_independent_rms_s5.npz,76038,879ec1d64f775f49066887545a9c2bfaeb6b8fc9b5599a81abf6d867f58de487
resnet,electrode,29,bandpass_n20001_cRA_V1_independent_rms_s0,phase2/results/predictions/full/electrode/resnet/seed_29/bandpass_n20001_cRA_V1_independent_rms_s0.npz,75505,c978af37a64b0e8f3e3b7d8225d088318b4d64aee8ae2700897df9d2606ae143
resnet,electrode,29,bandpass_n20001_cRA_V1_electrode_s20,phase2/results/predictions/full/electrode/resnet/seed_29/bandpass_n20001_cRA_V1_electrode_s20.npz,76340,acb42dc7ecb273383ef39f0f3f537ab2c73e6d9bc0a25a7fcc845ad1bc3778b5
resnet,electrode,29,bandpass_n20001_cRA_V1_electrode_s15,phase2/results/predictions/full/electrode/resnet/seed_29/bandpass_n20001_cRA_V1_electrode_s15.npz,76261,ff3d64487d68d8c04bbe802dd4ee8ff857d795167b7d968da4e8f4f39fd0fd3b
resnet,electrode,29,bandpass_n20001_cRA_V1_electrode_s10,phase2/results/predictions/full/electrode/resnet/seed_29/bandpass_n20001_cRA_V1_electrode_s10.npz,76218,c90314ea239e30038297116ab8976c033f273fa58ccfd60788e9c9074c0f99a9
resnet,electrode,29,bandpass_n20001_cRA_V1_electrode_s5,phase2/results/predictions/full/electrode/resnet/seed_29/bandpass_n20001_cRA_V1_electrode_s5.npz,75969,833a330b79fd0553db93049b21e0a34dce39a0b0cccee35f4d0023a0ea56ad5f
resnet,electrode,29,bandpass_n20001_cRA_V1_electrode_s0,phase2/results/predictions/full/electrode/resnet/seed_29/bandpass_n20001_cRA_V1_electrode_s0.npz,75375,d70cc70f92b1ab64825b554f3baca94f0c7ef4ab7d59d9f6d4972986852ee44e
resnet,electrode,29,bandpass_n20001_cRA_V1_covariance_s20,phase2/results/predictions/full/electrode/resnet/seed_29/bandpass_n20001_cRA_V1_covariance_s20.npz,76335,579f7e5ab823743fc4f732c8520ee05f569608838d4136911c6c873bf2419ec9
resnet,electrode,29,bandpass_n20001_cRA_V1_covariance_s15,phase2/results/predictions/full/electrode/resnet/seed_29/bandpass_n20001_cRA_V1_covariance_s15.npz,76293,a257da66c5ee736ca3f973608aab8852b2c9b85c09bc3f718220710be8822725
resnet,electrode,29,bandpass_n20001_cRA_V1_covariance_s10,phase2/results/predictions/full/electrode/resnet/seed_29/bandpass_n20001_cRA_V1_covariance_s10.npz,76168,da174f8f524b3fc73aabb432711ccbe0936b7e1d076a179084780275776b45a6
resnet,electrode,29,bandpass_n20001_cRA_V1_covariance_s5,phase2/results/predictions/full/electrode/resnet/seed_29/bandpass_n20001_cRA_V1_covariance_s5.npz,75987,0f767924921157bb523eb6d384c2b861f2c360bf6aa096bb50d336217e630bb6
resnet,electrode,29,bandpass_n20001_cRA_V1_covariance_s0,phase2/results/predictions/full/electrode/resnet/seed_29/bandpass_n20001_cRA_V1_covariance_s0.npz,75375,f71ace02f916846fa099b55cf59372a3dbb7d4640f653d6b79410a2dc65cc14b
resnet,electrode,29,bandpass_n20001_cLA_V6_independent_rms_s20,phase2/results/predictions/full/electrode/resnet/seed_29/bandpass_n20001_cLA_V6_independent_rms_s20.npz,76311,56ddd22d38003053fd01759ac2ca6ced304d62b385201be2102c68948ff942e8
resnet,electrode,29,bandpass_n20001_cLA_V6_independent_rms_s15,phase2/results/predictions/full/electrode/resnet/seed_29/bandpass_n20001_cLA_V6_independent_rms_s15.npz,76276,7031b86a81d76cc50c79729d0ccc6e9a94d872a63027fa10ed7e5c5a9ad21ae5
resnet,electrode,29,bandpass_n20001_cLA_V6_independent_rms_s10,phase2/results/predictions/full/electrode/resnet/seed_29/bandpass_n20001_cLA_V6_independent_rms_s10.npz,76235,9c304c549182b81620277225b3c444a7952313585f1580d76cde7ba5fbb9dfd8
resnet,electrode,29,bandpass_n20001_cLA_V6_independent_rms_s5,phase2/results/predictions/full/electrode/resnet/seed_29/bandpass_n20001_cLA_V6_independent_rms_s5.npz,76042,c7e57f160ad593a6b50b765e6f428d93b0cf8f9fe15b825a802ef1f201d872e0
resnet,electrode,29,bandpass_n20001_cLA_V6_independent_rms_s0,phase2/results/predictions/full/electrode/resnet/seed_29/bandpass_n20001_cLA_V6_independent_rms_s0.npz,75583,6a2ce465b5706bf3b74c4e1a73db6534fd42e0dd8a90f3e8c1ae9223db2589d1
resnet,electrode,29,bandpass_n20001_cLA_V6_electrode_s20,phase2/results/predictions/full/electrode/resnet/seed_29/bandpass_n20001_cLA_V6_electrode_s20.npz,76284,75bdad194236a971f43c924a4c8571a448e620d7a1bcea75048727e88bafa6f5
resnet,electrode,29,bandpass_n20001_cLA_V6_electrode_s15,phase2/results/predictions/full/electrode/resnet/seed_29/bandpass_n20001_cLA_V6_electrode_s15.npz,76297,21fff3629f9304672f162700c81cbaa14de740cf38ff8a06476e13720a1928be
resnet,electrode,29,bandpass_n20001_cLA_V6_electrode_s10,phase2/results/predictions/full/electrode/resnet/seed_29/bandpass_n20001_cLA_V6_electrode_s10.npz,76246,a48fb43e23881076bd53e89ac329ee7bfc9cfec727fc3130c99061b0772efca9
resnet,electrode,29,bandpass_n20001_cLA_V6_electrode_s5,phase2/results/predictions/full/electrode/resnet/seed_29/bandpass_n20001_cLA_V6_electrode_s5.npz,76028,5b1d93422c812432c8349f162f739d417bf30c0e4be131df2f26856c407bf69d
resnet,electrode,29,bandpass_n20001_cLA_V6_electrode_s0,phase2/results/predictions/full/electrode/resnet/seed_29/bandpass_n20001_cLA_V6_electrode_s0.npz,75447,28c2c656008dc297ccb7a1d959d632a0c64a45f10669cfb659817fc1768c03b7
resnet,electrode,29,bandpass_n20001_cLA_V6_covariance_s20,phase2/results/predictions/full/electrode/resnet/seed_29/bandpass_n20001_cLA_V6_covariance_s20.npz,76311,7281e4ddf719ca5a03873db1a178c47dac8b61e79083afa464848b96a3ea5cdd
resnet,electrode,29,bandpass_n20001_cLA_V6_covariance_s15,phase2/results/predictions/full/electrode/resnet/seed_29/bandpass_n20001_cLA_V6_covariance_s15.npz,76289,a8926647192e033a91edd46ad77beec111a61a05251b534ef3fe19125c7e89c3
resnet,electrode,29,bandpass_n20001_cLA_V6_covariance_s10,phase2/results/predictions/full/electrode/resnet/seed_29/bandpass_n20001_cLA_V6_covariance_s10.npz,76237,db721d8a9c0746ca8bcf2149994665f7606f9a068e773cf17e99493b140dbad1
resnet,electrode,29,bandpass_n20001_cLA_V6_covariance_s5,phase2/results/predictions/full/electrode/resnet/seed_29/bandpass_n20001_cLA_V6_covariance_s5.npz,76001,6b229a48d9376efa7390c0e2baa8ee1f8c33dd8b4c2ee392d2b3ef413d58b300
resnet,electrode,29,bandpass_n20001_cLA_V6_covariance_s0,phase2/results/predictions/full/electrode/resnet/seed_29/bandpass_n20001_cLA_V6_covariance_s0.npz,75487,581169253c56f6b5aa9185447fc0d21710717820126e2a2ce42c8cdfe39fdd42
resnet,electrode,29,bandpass_n20001_cLL_V4_independent_rms_s20,phase2/results/predictions/full/electrode/resnet/seed_29/bandpass_n20001_cLL_V4_independent_rms_s20.npz,76345,1f392d52ee6924f7601e1ff95345ed4f93b60082f4a5544fc96d969b35bf8716
resnet,electrode,29,bandpass_n20001_cLL_V4_independent_rms_s15,phase2/results/predictions/full/electrode/resnet/seed_29/bandpass_n20001_cLL_V4_independent_rms_s15.npz,76335,bd0e31d94d778b0210dba04f9bf1ed8a0444ac3363ef8950d7989c7a92a99a05
resnet,electrode,29,bandpass_n20001_cLL_V4_independent_rms_s10,phase2/results/predictions/full/electrode/resnet/seed_29/bandpass_n20001_cLL_V4_independent_rms_s10.npz,76268,da7478e9df621967395ee1bcdeb72653accf4cc1c1f9bbcdb1af220677dd5545
resnet,electrode,29,bandpass_n20001_cLL_V4_independent_rms_s5,phase2/results/predictions/full/electrode/resnet/seed_29/bandpass_n20001_cLL_V4_independent_rms_s5.npz,76069,189a20bb3da8f66972ed1f67d6109aba91810a178fca45445f783f2435ec00e3
resnet,electrode,29,bandpass_n20001_cLL_V4_independent_rms_s0,phase2/results/predictions/full/electrode/resnet/seed_29/bandpass_n20001_cLL_V4_independent_rms_s0.npz,75586,792ab512665a266d426fab777040c100aae2d345aec3bd78e263e9006ba34594
resnet,electrode,29,bandpass_n20001_cLL_V4_electrode_s20,phase2/results/predictions/full/electrode/resnet/seed_29/bandpass_n20001_cLL_V4_electrode_s20.npz,76277,0568986f819db5f8e8ccc48647806f6ad44cbac0e8fe325564948d3101db1c69
resnet,electrode,29,bandpass_n20001_cLL_V4_electrode_s15,phase2/results/predictions/full/electrode/resnet/seed_29/bandpass_n20001_cLL_V4_electrode_s15.npz,76288,c22dd2dfc513331e2a3d6db8fe84294741291f4bf70867df17c5b3ac2b145c6b
resnet,electrode,29,bandpass_n20001_cLL_V4_electrode_s10,phase2/results/predictions/full/electrode/resnet/seed_29/bandpass_n20001_cLL_V4_electrode_s10.npz,76215,81b21073e5bafa95dbe695bd1c69ee6059066b18e973dce39bab8188935dd9b8
resnet,electrode,29,bandpass_n20001_cLL_V4_electrode_s5,phase2/results/predictions/full/electrode/resnet/seed_29/bandpass_n20001_cLL_V4_electrode_s5.npz,75986,dbeaf2cc956d779e94cd3bddb2e11e82d1e98f66b778e68cd5c60520d2ff859a
resnet,electrode,29,bandpass_n20001_cLL_V4_electrode_s0,phase2/results/predictions/full/electrode/resnet/seed_29/bandpass_n20001_cLL_V4_electrode_s0.npz,75577,1a1cfdb1498b1c413a0d1e5e8c9f68b7652f53284c1c4f06869d422f14b52aaf
resnet,electrode,29,bandpass_n20001_cLL_V4_covariance_s20,phase2/results/predictions/full/electrode/resnet/seed_29/bandpass_n20001_cLL_V4_covariance_s20.npz,76315,1a8fb6b9fbde2233224c82827b0a665e13bcbcfefc99819ec938dc0331c57b36
resnet,electrode,29,bandpass_n20001_cLL_V4_covariance_s15,phase2/results/predictions/full/electrode/resnet/seed_29/bandpass_n20001_cLL_V4_covariance_s15.npz,76293,33867c41dc8c62095bf0ca437b5b20b1f0feaa569db795be044d85094cc511f8
resnet,electrode,29,bandpass_n20001_cLL_V4_covariance_s10,phase2/results/predictions/full/electrode/resnet/seed_29/bandpass_n20001_cLL_V4_covariance_s10.npz,76207,c5b40d66528204ae5fdd24f436d2e9f3fe2e2841592df4b9e49efec5ecb925f9
resnet,electrode,29,bandpass_n20001_cLL_V4_covariance_s5,phase2/results/predictions/full/electrode/resnet/seed_29/bandpass_n20001_cLL_V4_covariance_s5.npz,76031,b5f52bd81ca32e695412f4755c4f3f826dbf7c454c8f6fd9ac4392a50a288605
resnet,electrode,29,bandpass_n20001_cLL_V4_covariance_s0,phase2/results/predictions/full/electrode/resnet/seed_29/bandpass_n20001_cLL_V4_covariance_s0.npz,75582,0f5d3a8481edd53927bbcb3f7665b7132d17519f32cd9540450f5328dbc7322c
resnet,electrode,29,bandpass_n20001_cRA_LA_V1_V6_independent_rms_s20,phase2/results/predictions/full/electrode/resnet/seed_29/bandpass_n20001_cRA_LA_V1_V6_independent_rms_s20.npz,76373,3f8e8e09e90b7cf942a6de4dcf8a688d9043ca563ea15b2a5acead4353f4d84a
resnet,electrode,29,bandpass_n20001_cRA_LA_V1_V6_independent_rms_s15,phase2/results/predictions/full/electrode/resnet/seed_29/bandpass_n20001_cRA_LA_V1_V6_independent_rms_s15.npz,76367,493d73e4927a561d21df429d50021c9a22e3ac3ab7e6d06638b2f225b0e8027c
resnet,electrode,29,bandpass_n20001_cRA_LA_V1_V6_independent_rms_s10,phase2/results/predictions/full/electrode/resnet/seed_29/bandpass_n20001_cRA_LA_V1_V6_independent_rms_s10.npz,76244,664350b3e162673394c47bb6c39ebd2e77b15de0f88c97d7bb850aad4a40d23a
resnet,electrode,29,bandpass_n20001_cRA_LA_V1_V6_independent_rms_s5,phase2/results/predictions/full/electrode/resnet/seed_29/bandpass_n20001_cRA_LA_V1_V6_independent_rms_s5.npz,76081,6392100e25cd3b292c2dda5fd2b6daa764f00831ddba73694d7e88ad027886e2
resnet,electrode,29,bandpass_n20001_cRA_LA_V1_V6_independent_rms_s0,phase2/results/predictions/full/electrode/resnet/seed_29/bandpass_n20001_cRA_LA_V1_V6_independent_rms_s0.npz,75566,5932066a196a948b55b14d8948518df67ecbc5938c3d588851f9354cbcff7a54
resnet,electrode,29,bandpass_n20001_cRA_LA_V1_V6_electrode_s20,phase2/results/predictions/full/electrode/resnet/seed_29/bandpass_n20001_cRA_LA_V1_V6_electrode_s20.npz,76313,b2bcfe25245f3991701df47ea7a1a65fd9018c5c6db919cfd36853bfcd2ccb40
resnet,electrode,29,bandpass_n20001_cRA_LA_V1_V6_electrode_s15,phase2/results/predictions/full/electrode/resnet/seed_29/bandpass_n20001_cRA_LA_V1_V6_electrode_s15.npz,76316,9355409a15ca2a69605524e90484cf7176b2a76118f054f97dad2d4106a7b135
resnet,electrode,29,bandpass_n20001_cRA_LA_V1_V6_electrode_s10,phase2/results/predictions/full/electrode/resnet/seed_29/bandpass_n20001_cRA_LA_V1_V6_electrode_s10.npz,76227,76f09fcaefed7b70439fa8e82287596486ff3839721bb964cc699217c3ddfae7
resnet,electrode,29,bandpass_n20001_cRA_LA_V1_V6_electrode_s5,phase2/results/predictions/full/electrode/resnet/seed_29/bandpass_n20001_cRA_LA_V1_V6_electrode_s5.npz,76005,67eef353d368075c9bf54b5f6873336a2fe03ecaa9bc8fa80f561ff6ec2c030f
resnet,electrode,29,bandpass_n20001_cRA_LA_V1_V6_electrode_s0,phase2/results/predictions/full/electrode/resnet/seed_29/bandpass_n20001_cRA_LA_V1_V6_electrode_s0.npz,75419,636b8ad9be27be94c41dfe4cfbdd33db5fdb65754950ae5bd1aa2bc9dd6f83fb
resnet,electrode,29,bandpass_n20001_cRA_LA_V1_V6_covariance_s20,phase2/results/predictions/full/electrode/resnet/seed_29/bandpass_n20001_cRA_LA_V1_V6_covariance_s20.npz,76337,fe27b9b6a7a67e70c5c9e20de82f82009f69ea9af8ebcf4f46e6239da4f10547
resnet,electrode,29,bandpass_n20001_cRA_LA_V1_V6_covariance_s15,phase2/results/predictions/full/electrode/resnet/seed_29/bandpass_n20001_cRA_LA_V1_V6_covariance_s15.npz,76330,dc4088df8adc09d9a8999090af37040a640d159caf3f56ce68aec574b11c95ed
resnet,electrode,29,bandpass_n20001_cRA_LA_V1_V6_covariance_s10,phase2/results/predictions/full/electrode/resnet/seed_29/bandpass_n20001_cRA_LA_V1_V6_covariance_s10.npz,76245,7bd4a0b1c6686d08e785a39b591c66d58d930bf6473e162a9d1e9e99ddf3b0a7
resnet,electrode,29,bandpass_n20001_cRA_LA_V1_V6_covariance_s5,phase2/results/predictions/full/electrode/resnet/seed_29/bandpass_n20001_cRA_LA_V1_V6_covariance_s5.npz,76036,c0f854ff5a5997355cae8e618c2627046fb1a57ddba2b533117672546a0ecaa8
resnet,electrode,29,bandpass_n20001_cRA_LA_V1_V6_covariance_s0,phase2/results/predictions/full/electrode/resnet/seed_29/bandpass_n20001_cRA_LA_V1_V6_covariance_s0.npz,75408,d6db532541f157a710ffbedb6f3dda0d5f2c29e25c6ca7482268ee44d0be69b0
resnet,electrode,29,bandpass_n20001_cRA_V2_V5_independent_rms_s20,phase2/results/predictions/full/electrode/resnet/seed_29/bandpass_n20001_cRA_V2_V5_independent_rms_s20.npz,76359,451caac893197abb57191e7ed5fd75b58ad9bca5f56b0610802a6fe61cc5befe
resnet,electrode,29,bandpass_n20001_cRA_V2_V5_independent_rms_s15,phase2/results/predictions/full/electrode/resnet/seed_29/bandpass_n20001_cRA_V2_V5_independent_rms_s15.npz,76325,129542b94b25b3c2b8c54634e5feb9d9d6a3eb2ff9e0a77c124803501faf0cef
resnet,electrode,29,bandpass_n20001_cRA_V2_V5_independent_rms_s10,phase2/results/predictions/full/electrode/resnet/seed_29/bandpass_n20001_cRA_V2_V5_independent_rms_s10.npz,76266,9be7317923e241b7d6b02a56282651474cf301e01a576f23843925fb710dd1cd
resnet,electrode,29,bandpass_n20001_cRA_V2_V5_independent_rms_s5,phase2/results/predictions/full/electrode/resnet/seed_29/bandpass_n20001_cRA_V2_V5_independent_rms_s5.npz,76084,4792d50429068a6818fb0e0b9b172b9696ea024cb99184967ae04e59ac69660a
resnet,electrode,29,bandpass_n20001_cRA_V2_V5_independent_rms_s0,phase2/results/predictions/full/electrode/resnet/seed_29/bandpass_n20001_cRA_V2_V5_independent_rms_s0.npz,75533,7ccad92ae2a67c9761cfb394b0a3b0773dfa3d83ebb58eb635139d7675572218
resnet,electrode,29,bandpass_n20001_cRA_V2_V5_electrode_s20,phase2/results/predictions/full/electrode/resnet/seed_29/bandpass_n20001_cRA_V2_V5_electrode_s20.npz,76335,5663766b06acdb78b224d427c32db653b3a85d48bb727c0e89b7964b0bc76253
resnet,electrode,29,bandpass_n20001_cRA_V2_V5_electrode_s15,phase2/results/predictions/full/electrode/resnet/seed_29/bandpass_n20001_cRA_V2_V5_electrode_s15.npz,76264,4a988e9375bf5af092d42b0a3fcda37e41e7ad9b0920838bed23c9329037ee62
resnet,electrode,29,bandpass_n20001_cRA_V2_V5_electrode_s10,phase2/results/predictions/full/electrode/resnet/seed_29/bandpass_n20001_cRA_V2_V5_electrode_s10.npz,76217,c004eadea092a31bd79c7e91faffd2708460ce97a5a04badbae3d79c5db94f1b
resnet,electrode,29,bandpass_n20001_cRA_V2_V5_electrode_s5,phase2/results/predictions/full/electrode/resnet/seed_29/bandpass_n20001_cRA_V2_V5_electrode_s5.npz,76026,de524047cb9a5329eb1be2502fbb340ab415c5e0c9edc8cbbf9d6763cba64eed
resnet,electrode,29,bandpass_n20001_cRA_V2_V5_electrode_s0,phase2/results/predictions/full/electrode/resnet/seed_29/bandpass_n20001_cRA_V2_V5_electrode_s0.npz,75445,c938f3d5cdbf059f9ca98229146d1abea8bb84253356f38105a5c80e3ee738d9
resnet,electrode,29,bandpass_n20001_cRA_V2_V5_covariance_s20,phase2/results/predictions/full/electrode/resnet/seed_29/bandpass_n20001_cRA_V2_V5_covariance_s20.npz,76328,a4465d638f73d72bd858ce719efc60febae4d2d0e95146fa289176040eca0f23
resnet,electrode,29,bandpass_n20001_cRA_V2_V5_covariance_s15,phase2/results/predictions/full/electrode/resnet/seed_29/bandpass_n20001_cRA_V2_V5_covariance_s15.npz,76316,45bbc0a9b4a330f74af71aeaa46a5bf0c9d289cb5399e72bdbabb5ad470a2536
resnet,electrode,29,bandpass_n20001_cRA_V2_V5_covariance_s10,phase2/results/predictions/full/electrode/resnet/seed_29/bandpass_n20001_cRA_V2_V5_covariance_s10.npz,76221,d10d9bbef8ce9e96d8177df52ec195a23904fcd1fb46ca1922dba4eddf579891
resnet,electrode,29,bandpass_n20001_cRA_V2_V5_covariance_s5,phase2/results/predictions/full/electrode/resnet/seed_29/bandpass_n20001_cRA_V2_V5_covariance_s5.npz,76025,91f684836146e3769b936e808f7a7f222ae879dceecd41536f7ce67b0675ad5e
resnet,electrode,29,bandpass_n20001_cRA_V2_V5_covariance_s0,phase2/results/predictions/full/electrode/resnet/seed_29/bandpass_n20001_cRA_V2_V5_covariance_s0.npz,75443,a18a04d0fd138be7f00e35d3ec77c57d28d10559e1a4bce6acb03fdd7ee13870
resnet,electrode,29,bandpass_n20001_cLA_V3_V6_independent_rms_s20,phase2/results/predictions/full/electrode/resnet/seed_29/bandpass_n20001_cLA_V3_V6_independent_rms_s20.npz,76337,a285a61bd37f54df9ea193b3987f7ef04dabf6a22f755d1b65db72d7a8f8d77c
resnet,electrode,29,bandpass_n20001_cLA_V3_V6_independent_rms_s15,phase2/results/predictions/full/electrode/resnet/seed_29/bandpass_n20001_cLA_V3_V6_independent_rms_s15.npz,76325,16f5c7b223be00313b6863be18d60c40c85c29f651f29494ea9d37a65f3aad99
resnet,electrode,29,bandpass_n20001_cLA_V3_V6_independent_rms_s10,phase2/results/predictions/full/electrode/resnet/seed_29/bandpass_n20001_cLA_V3_V6_independent_rms_s10.npz,76253,e8e2890a4cd314ca85b05bff5540abbca30c18e69395033955e9f9a5ed8e24a2
resnet,electrode,29,bandpass_n20001_cLA_V3_V6_independent_rms_s5,phase2/results/predictions/full/electrode/resnet/seed_29/bandpass_n20001_cLA_V3_V6_independent_rms_s5.npz,76100,9d620a1733efc66013bfd9065e3ac8130dc16b0702905cc7416ff120426a0fae
resnet,electrode,29,bandpass_n20001_cLA_V3_V6_independent_rms_s0,phase2/results/predictions/full/electrode/resnet/seed_29/bandpass_n20001_cLA_V3_V6_independent_rms_s0.npz,75594,754125933f681109189fa62aebd4c15e10e78f58e257939ef70e00b7c4d4fd31
resnet,electrode,29,bandpass_n20001_cLA_V3_V6_electrode_s20,phase2/results/predictions/full/electrode/resnet/seed_29/bandpass_n20001_cLA_V3_V6_electrode_s20.npz,76327,3a6bddd57c5989ff0a9323825431e40f63916f0e9d7839586ee729904b3ad5ec
resnet,electrode,29,bandpass_n20001_cLA_V3_V6_electrode_s15,phase2/results/predictions/full/electrode/resnet/seed_29/bandpass_n20001_cLA_V3_V6_electrode_s15.npz,76328,e14f6d3255b9ed1e37930f73e06e0395f721e4c9e9e0d95645ef217915ff4142
resnet,electrode,29,bandpass_n20001_cLA_V3_V6_electrode_s10,phase2/results/predictions/full/electrode/resnet/seed_29/bandpass_n20001_cLA_V3_V6_electrode_s10.npz,76280,db335ad1a4b81b709bb2775414daa89c6a1d063f531f0c30f074def925a4b99e
resnet,electrode,29,bandpass_n20001_cLA_V3_V6_electrode_s5,phase2/results/predictions/full/electrode/resnet/seed_29/bandpass_n20001_cLA_V3_V6_electrode_s5.npz,76058,9cbe8dda6c591c4d13d0bcafbe47b0a01350d0505770c51de2281d7e1865e810
resnet,electrode,29,bandpass_n20001_cLA_V3_V6_electrode_s0,phase2/results/predictions/full/electrode/resnet/seed_29/bandpass_n20001_cLA_V3_V6_electrode_s0.npz,75497,1cf9a6fc8873a9a38f4b26b482fa022e2c5e86fdf9ec664fc40715dc25cb237a
resnet,electrode,29,bandpass_n20001_cLA_V3_V6_covariance_s20,phase2/results/predictions/full/electrode/resnet/seed_29/bandpass_n20001_cLA_V3_V6_covariance_s20.npz,76335,f7e60b92e16846fb9ef9015cd83ab357ddc01a7453b0d32a5b86a8f4ce211de4
resnet,electrode,29,bandpass_n20001_cLA_V3_V6_covariance_s15,phase2/results/predictions/full/electrode/resnet/seed_29/bandpass_n20001_cLA_V3_V6_covariance_s15.npz,76304,87249a51b52d1f2ed085ec01e4c21491c01763ef39b6d762f66481c0fc4211b3
resnet,electrode,29,bandpass_n20001_cLA_V3_V6_covariance_s10,phase2/results/predictions/full/electrode/resnet/seed_29/bandpass_n20001_cLA_V3_V6_covariance_s10.npz,76238,de90d026fb423ff3b2c7c26b46709ef19a7be162353b332669330b143d54a33c
resnet,electrode,29,bandpass_n20001_cLA_V3_V6_covariance_s5,phase2/results/predictions/full/electrode/resnet/seed_29/bandpass_n20001_cLA_V3_V6_covariance_s5.npz,76062,2f0e0f33c12f68feb36d485266d41a362157c7921fd7d6c8480c5868ab488a4b
resnet,electrode,29,bandpass_n20001_cLA_V3_V6_covariance_s0,phase2/results/predictions/full/electrode/resnet/seed_29/bandpass_n20001_cLA_V3_V6_covariance_s0.npz,75501,3cddd050ed10e4e209d79923eba38747de3401a1c9fc6e139ca6e6255d16b796
resnet,electrode,29,bandpass_n20001_cLL_V1_V4_independent_rms_s20,phase2/results/predictions/full/electrode/resnet/seed_29/bandpass_n20001_cLL_V1_V4_independent_rms_s20.npz,76343,0e6b27975f38870a141bcab51ee08abc87684a51e023ed2f922ae55d6cb6d714
resnet,electrode,29,bandpass_n20001_cLL_V1_V4_independent_rms_s15,phase2/results/predictions/full/electrode/resnet/seed_29/bandpass_n20001_cLL_V1_V4_independent_rms_s15.npz,76307,5f6e955e76253ca5a1cc737812aceeb42840d0cad6910dd5e1d43cf287de1dc6
resnet,electrode,29,bandpass_n20001_cLL_V1_V4_independent_rms_s10,phase2/results/predictions/full/electrode/resnet/seed_29/bandpass_n20001_cLL_V1_V4_independent_rms_s10.npz,76282,2a5e9b94588cd3994813a0cd0e54c4839e9cfa2f60b2a0b3299edde762f1fa42
resnet,electrode,29,bandpass_n20001_cLL_V1_V4_independent_rms_s5,phase2/results/predictions/full/electrode/resnet/seed_29/bandpass_n20001_cLL_V1_V4_independent_rms_s5.npz,76086,d762b14161ef0a76b6d4232773f4f9df58db9fe5ed0e6f145dcd868bb5c951c8
resnet,electrode,29,bandpass_n20001_cLL_V1_V4_independent_rms_s0,phase2/results/predictions/full/electrode/resnet/seed_29/bandpass_n20001_cLL_V1_V4_independent_rms_s0.npz,75577,ff5440ef0802c6b4cc5f921602825b7721e7738a18aec0de1d85e00fa4204a3a
resnet,electrode,29,bandpass_n20001_cLL_V1_V4_electrode_s20,phase2/results/predictions/full/electrode/resnet/seed_29/bandpass_n20001_cLL_V1_V4_electrode_s20.npz,76293,1cfa98f41c5f36aca71a7e33ecb3cf062bdf893ee0f0d1377483e0d6cb5af20c
resnet,electrode,29,bandpass_n20001_cLL_V1_V4_electrode_s15,phase2/results/predictions/full/electrode/resnet/seed_29/bandpass_n20001_cLL_V1_V4_electrode_s15.npz,76290,283d8a9e566dd6241c16d1c6ea1f20e2e9ce266c6e7ca414c87a2f34b15b619e
resnet,electrode,29,bandpass_n20001_cLL_V1_V4_electrode_s10,phase2/results/predictions/full/electrode/resnet/seed_29/bandpass_n20001_cLL_V1_V4_electrode_s10.npz,76203,6f33cb37aa4b26e2cc04223a31a2294d3c5f5f1ed2063068b24a7911bd209d28
resnet,electrode,29,bandpass_n20001_cLL_V1_V4_electrode_s5,phase2/results/predictions/full/electrode/resnet/seed_29/bandpass_n20001_cLL_V1_V4_electrode_s5.npz,75996,ebc77480dc10807d641e1a3fb502c95bcc45d606022906902e19bf9706fcb806
resnet,electrode,29,bandpass_n20001_cLL_V1_V4_electrode_s0,phase2/results/predictions/full/electrode/resnet/seed_29/bandpass_n20001_cLL_V1_V4_electrode_s0.npz,75509,8042854e93d895033eb2e087aec4ca967308ea6f42d784739783113ce0dffab7
resnet,electrode,29,bandpass_n20001_cLL_V1_V4_covariance_s20,phase2/results/predictions/full/electrode/resnet/seed_29/bandpass_n20001_cLL_V1_V4_covariance_s20.npz,76327,8af6d41638092c178b542302b4d8b984bbeb96463357c9758492089f6a04fab4
resnet,electrode,29,bandpass_n20001_cLL_V1_V4_covariance_s15,phase2/results/predictions/full/electrode/resnet/seed_29/bandpass_n20001_cLL_V1_V4_covariance_s15.npz,76304,466a0a64b386fc3932b535b8f6c3a67ee623a4f25571678c9d75fc70b805482e
resnet,electrode,29,bandpass_n20001_cLL_V1_V4_covariance_s10,phase2/results/predictions/full/electrode/resnet/seed_29/bandpass_n20001_cLL_V1_V4_covariance_s10.npz,76241,81b21e565ee395d1d5c22dfd66d26d8ec908d2f91e43a0a94ede9dbb9474b838
resnet,electrode,29,bandpass_n20001_cLL_V1_V4_covariance_s5,phase2/results/predictions/full/electrode/resnet/seed_29/bandpass_n20001_cLL_V1_V4_covariance_s5.npz,75999,581811738b4b19c5748a2520af4ebc9555f813591b25909cfdec3265b2927227
resnet,electrode,29,bandpass_n20001_cLL_V1_V4_covariance_s0,phase2/results/predictions/full/electrode/resnet/seed_29/bandpass_n20001_cLL_V1_V4_covariance_s0.npz,75523,ddf637477ba0e24237ab1c926cc1446a30d0870f840cb217e35e215b07228c9e
resnet,electrode,29,bandpass_n20001_call_independent_rms_s20,phase2/results/predictions/full/electrode/resnet/seed_29/bandpass_n20001_call_independent_rms_s20.npz,76297,e1ca5996221dea73f7cbdfa62e2b6a74f07b05ce891b352c6c620620208dd607
resnet,electrode,29,bandpass_n20001_call_independent_rms_s15,phase2/results/predictions/full/electrode/resnet/seed_29/bandpass_n20001_call_independent_rms_s15.npz,76319,c06b29bf6c9989bf7845657cc274caeb5ad7daeb77bc4a620f294575a7ed2ea6
resnet,electrode,29,bandpass_n20001_call_independent_rms_s10,phase2/results/predictions/full/electrode/resnet/seed_29/bandpass_n20001_call_independent_rms_s10.npz,76236,c5086f26f7f6826801cc01f7469383e6cac7f33169ca3c74ce57c37989b50bb7
resnet,electrode,29,bandpass_n20001_call_independent_rms_s5,phase2/results/predictions/full/electrode/resnet/seed_29/bandpass_n20001_call_independent_rms_s5.npz,76057,540617c4ed4f05e59d8b5ca4bc1dfe429ca6ecc221bffb7f2e960344b23847d6
resnet,electrode,29,bandpass_n20001_call_independent_rms_s0,phase2/results/predictions/full/electrode/resnet/seed_29/bandpass_n20001_call_independent_rms_s0.npz,75556,919a73f080e4b07cc3ebd6ca8a5620ac6126149318e7035e87b760d502e4a888
resnet,electrode,29,bandpass_n20001_call_electrode_s20,phase2/results/predictions/full/electrode/resnet/seed_29/bandpass_n20001_call_electrode_s20.npz,76289,6f605dc034c7e6a3bfc0398e4b161be5f5ff4617b92998814743473a1837fc66
resnet,electrode,29,bandpass_n20001_call_electrode_s15,phase2/results/predictions/full/electrode/resnet/seed_29/bandpass_n20001_call_electrode_s15.npz,76283,ff8e00a187f49a879f77afdfdbd0ded1a6ca6582fd21551ae1d9b312eb2fb042
resnet,electrode,29,bandpass_n20001_call_electrode_s10,phase2/results/predictions/full/electrode/resnet/seed_29/bandpass_n20001_call_electrode_s10.npz,76215,11a6fa7827254c03772614f391ce17d522e546be3c076b0a639a82e47a8436b7
resnet,electrode,29,bandpass_n20001_call_electrode_s5,phase2/results/predictions/full/electrode/resnet/seed_29/bandpass_n20001_call_electrode_s5.npz,75998,058ac1b0badd028356770e01348a133b0b77a72d844c7af9f8d5cee732c0492e
resnet,electrode,29,bandpass_n20001_call_electrode_s0,phase2/results/predictions/full/electrode/resnet/seed_29/bandpass_n20001_call_electrode_s0.npz,75417,9384600b348313d8ee0265e270425966e4ea74bb6595d15c399288cecf6fc7d8
resnet,electrode,29,bandpass_n20001_call_covariance_s20,phase2/results/predictions/full/electrode/resnet/seed_29/bandpass_n20001_call_covariance_s20.npz,76275,0e6567083f918389652f44d23cb96244199e51b9ecf1ef65433f3f32a75a76da
resnet,electrode,29,bandpass_n20001_call_covariance_s15,phase2/results/predictions/full/electrode/resnet/seed_29/bandpass_n20001_call_covariance_s15.npz,76281,eae14c69943eddbc17ef512b42e7fc389d104e6ee7376e101911982641621f6d
resnet,electrode,29,bandpass_n20001_call_covariance_s10,phase2/results/predictions/full/electrode/resnet/seed_29/bandpass_n20001_call_covariance_s10.npz,76230,dcba1d4897d95ef271d4b5074c5569b96333793e10de24716686179037a9eeda
resnet,electrode,29,bandpass_n20001_call_covariance_s5,phase2/results/predictions/full/electrode/resnet/seed_29/bandpass_n20001_call_covariance_s5.npz,76003,4f532e9a67750b3b3b859d329fc93aa2b612daee79c3c7a1290ee5b51be94211
resnet,electrode,29,bandpass_n20001_call_covariance_s0,phase2/results/predictions/full/electrode/resnet/seed_29/bandpass_n20001_call_covariance_s0.npz,75464,cf4d52cabee3b30dcb53ddd09a832fd56b7590f838b6909d30e950c3ecff95ea
resnet,electrode,29,bandpass_n20002_cRA_LA_LL_independent_rms_s20,phase2/results/predictions/full/electrode/resnet/seed_29/bandpass_n20002_cRA_LA_LL_independent_rms_s20.npz,76316,12a9e80ff6f854dced2f6a2484e9dbe1c946f8dad08caf3ab203d1f562994514
resnet,electrode,29,bandpass_n20002_cRA_LA_LL_independent_rms_s15,phase2/results/predictions/full/electrode/resnet/seed_29/bandpass_n20002_cRA_LA_LL_independent_rms_s15.npz,76314,75697746923cec0dfa362c2c16f8026315967562066882654cb196d7c400d592
resnet,electrode,29,bandpass_n20002_cRA_LA_LL_independent_rms_s10,phase2/results/predictions/full/electrode/resnet/seed_29/bandpass_n20002_cRA_LA_LL_independent_rms_s10.npz,76240,db70c0725555323aee0760c95573947295f50ba2595f2e69d9beef28b6625ead
resnet,electrode,29,bandpass_n20002_cRA_LA_LL_independent_rms_s5,phase2/results/predictions/full/electrode/resnet/seed_29/bandpass_n20002_cRA_LA_LL_independent_rms_s5.npz,76072,58a933dc1bfa21ef3d126105a8200271e21fd8909b582b81a22037c5e65d7cc7
resnet,electrode,29,bandpass_n20002_cRA_LA_LL_independent_rms_s0,phase2/results/predictions/full/electrode/resnet/seed_29/bandpass_n20002_cRA_LA_LL_independent_rms_s0.npz,75543,e49121db5b4f2975910599aef3de4bf5433a3426915114dacbd9f790e99ae8e3
resnet,electrode,29,bandpass_n20002_cRA_LA_LL_electrode_s20,phase2/results/predictions/full/electrode/resnet/seed_29/bandpass_n20002_cRA_LA_LL_electrode_s20.npz,76301,6a5da72d92362117bb9e290720433397633192ea5c3ca994dec8bfdd3b339d15
resnet,electrode,29,bandpass_n20002_cRA_LA_LL_electrode_s15,phase2/results/predictions/full/electrode/resnet/seed_29/bandpass_n20002_cRA_LA_LL_electrode_s15.npz,76287,f03aab62a88270ec45f077a11ce22530930c89871260c3747e83cc8fa2161211
resnet,electrode,29,bandpass_n20002_cRA_LA_LL_electrode_s10,phase2/results/predictions/full/electrode/resnet/seed_29/bandpass_n20002_cRA_LA_LL_electrode_s10.npz,76212,cf07608e668df89fd1629b2104376a06a1503e2f8b5d9795bf69c043b77e1a0f
resnet,electrode,29,bandpass_n20002_cRA_LA_LL_electrode_s5,phase2/results/predictions/full/electrode/resnet/seed_29/bandpass_n20002_cRA_LA_LL_electrode_s5.npz,75977,3a67d25fe7356d0ef96d95f546afebcd5b6577398395ce4734cdd11d6d86fd2c
resnet,electrode,29,bandpass_n20002_cRA_LA_LL_electrode_s0,phase2/results/predictions/full/electrode/resnet/seed_29/bandpass_n20002_cRA_LA_LL_electrode_s0.npz,75407,93c7915791526fa1525fd5028ec830a3398a5f69fef29e66ab43d54908c475b4
resnet,electrode,29,bandpass_n20002_cRA_LA_LL_covariance_s20,phase2/results/predictions/full/electrode/resnet/seed_29/bandpass_n20002_cRA_LA_LL_covariance_s20.npz,76269,90a40b088355716eeac10f624d1ce56079804eaff357ff1e01335d614845422a
resnet,electrode,29,bandpass_n20002_cRA_LA_LL_covariance_s15,phase2/results/predictions/full/electrode/resnet/seed_29/bandpass_n20002_cRA_LA_LL_covariance_s15.npz,76290,46a5cc231b1e5495705fb4cadb660bcc7fc1be354117f03175dc3a10afe7df01
resnet,electrode,29,bandpass_n20002_cRA_LA_LL_covariance_s10,phase2/results/predictions/full/electrode/resnet/seed_29/bandpass_n20002_cRA_LA_LL_covariance_s10.npz,76211,4b0bb208a02582a0cf3fd3a4464881873fb067faca63e5d346ace0883c491cf6
resnet,electrode,29,bandpass_n20002_cRA_LA_LL_covariance_s5,phase2/results/predictions/full/electrode/resnet/seed_29/bandpass_n20002_cRA_LA_LL_covariance_s5.npz,76009,a48c6fb628c2ed707eb5143c90593dd22f37cdf71b8c3af1e659849029831761
resnet,electrode,29,bandpass_n20002_cRA_LA_LL_covariance_s0,phase2/results/predictions/full/electrode/resnet/seed_29/bandpass_n20002_cRA_LA_LL_covariance_s0.npz,75409,8e14c2b24c2e6af42a699f48c16f3fff9f42722eb7e00565eeebb8aae98bb3ae
resnet,electrode,29,bandpass_n20002_cV1_independent_rms_s20,phase2/results/predictions/full/electrode/resnet/seed_29/bandpass_n20002_cV1_independent_rms_s20.npz,76340,a1b1967f6852b84eea99f2cb2dafde5014235515032341d166e85833361d372c
resnet,electrode,29,bandpass_n20002_cV1_independent_rms_s15,phase2/results/predictions/full/electrode/resnet/seed_29/bandpass_n20002_cV1_independent_rms_s15.npz,76311,0a332ef45e53a802850ec5baad60a65a6f1fbddef2a6825ffd3074bd34cd89e8
resnet,electrode,29,bandpass_n20002_cV1_independent_rms_s10,phase2/results/predictions/full/electrode/resnet/seed_29/bandpass_n20002_cV1_independent_rms_s10.npz,76256,1db46cf4119b8e639fd8948eb0a18278bfe7542cb009cb9c597ad91bec2bd49b
resnet,electrode,29,bandpass_n20002_cV1_independent_rms_s5,phase2/results/predictions/full/electrode/resnet/seed_29/bandpass_n20002_cV1_independent_rms_s5.npz,76029,4834084dc668aa87ba6855a32e644d7487691704f087f0be11673ffdfb6f97b1
resnet,electrode,29,bandpass_n20002_cV1_independent_rms_s0,phase2/results/predictions/full/electrode/resnet/seed_29/bandpass_n20002_cV1_independent_rms_s0.npz,75418,47ba832b21aadf6078a7e6204a009c31b974444ea56613f6c868c7972b9a9f0c
resnet,electrode,29,bandpass_n20002_cV1_electrode_s20,phase2/results/predictions/full/electrode/resnet/seed_29/bandpass_n20002_cV1_electrode_s20.npz,76293,5c9233f09545894a2441cc5dcb87cf3eafb14cfe26eeaa2214cc7d83ad87c54d
resnet,electrode,29,bandpass_n20002_cV1_electrode_s15,phase2/results/predictions/full/electrode/resnet/seed_29/bandpass_n20002_cV1_electrode_s15.npz,76271,3f3bcdc9a82dc68814f77379193a1fa491224f39fc0d678c66ef7130a19dac4f
resnet,electrode,29,bandpass_n20002_cV1_electrode_s10,phase2/results/predictions/full/electrode/resnet/seed_29/bandpass_n20002_cV1_electrode_s10.npz,76230,c1ff0e2d2cfdf2ef4afa98ef74fc48e08cdc8f3ba18d75ec15e04bb96ee38ba1
resnet,electrode,29,bandpass_n20002_cV1_electrode_s5,phase2/results/predictions/full/electrode/resnet/seed_29/bandpass_n20002_cV1_electrode_s5.npz,75991,18e91c219c61a01305cf409c3fc2e91b3cfa8a38403ae3f5d4e6c015f6bed0ec
resnet,electrode,29,bandpass_n20002_cV1_electrode_s0,phase2/results/predictions/full/electrode/resnet/seed_29/bandpass_n20002_cV1_electrode_s0.npz,75392,9d0658e85c4339d6ee3f332e6aa333ea9cefdda34916495b1a883eea4cd02701
resnet,electrode,29,bandpass_n20002_cV1_covariance_s20,phase2/results/predictions/full/electrode/resnet/seed_29/bandpass_n20002_cV1_covariance_s20.npz,76287,09571ddb89ad20c37e7aef6f9991de7416676135d22767c4b56c22512bd2d568
resnet,electrode,29,bandpass_n20002_cV1_covariance_s15,phase2/results/predictions/full/electrode/resnet/seed_29/bandpass_n20002_cV1_covariance_s15.npz,76318,4f1c1ea65b4c10aed89d2e7cac6ae45d010500eed3de2df63ddd104eaa8a98bf
resnet,electrode,29,bandpass_n20002_cV1_covariance_s10,phase2/results/predictions/full/electrode/resnet/seed_29/bandpass_n20002_cV1_covariance_s10.npz,76226,3d6f30312d0465a21c3507f9a89a23fd648bbc8306837d6cfbd6e01ba0f0c50e
resnet,electrode,29,bandpass_n20002_cV1_covariance_s5,phase2/results/predictions/full/electrode/resnet/seed_29/bandpass_n20002_cV1_covariance_s5.npz,76012,b6b072c158ab713a6b2c038717102453efca841838da5ec5cbe2d79f55ae5951
resnet,electrode,29,bandpass_n20002_cV1_covariance_s0,phase2/results/predictions/full/electrode/resnet/seed_29/bandpass_n20002_cV1_covariance_s0.npz,75400,efbf7b1ea2cb7f02e23372e3fcda0430730cde1d9be7b3a5dbe33b5b4916f4b7
resnet,electrode,29,bandpass_n20002_cV2_independent_rms_s20,phase2/results/predictions/full/electrode/resnet/seed_29/bandpass_n20002_cV2_independent_rms_s20.npz,76305,dfcb3cce147b4285dcfab681b011ae3319e72225e54e8d5da67435884ffc3a30
resnet,electrode,29,bandpass_n20002_cV2_independent_rms_s15,phase2/results/predictions/full/electrode/resnet/seed_29/bandpass_n20002_cV2_independent_rms_s15.npz,76321,7504df22ba76878a20e649d8b7479ef78641b330bb937b47e36d1e9a7abd0bf5
resnet,electrode,29,bandpass_n20002_cV2_independent_rms_s10,phase2/results/predictions/full/electrode/resnet/seed_29/bandpass_n20002_cV2_independent_rms_s10.npz,76251,f1fc07e27e646914b3414b4e84a3149e4801ced2519236ecf01af0d6aab08305
resnet,electrode,29,bandpass_n20002_cV2_independent_rms_s5,phase2/results/predictions/full/electrode/resnet/seed_29/bandpass_n20002_cV2_independent_rms_s5.npz,76056,9c6ba3b756e84907030a834d39471117fcb68e93cad6da2696684fd4cf3ad4a7
resnet,electrode,29,bandpass_n20002_cV2_independent_rms_s0,phase2/results/predictions/full/electrode/resnet/seed_29/bandpass_n20002_cV2_independent_rms_s0.npz,75532,1f4e6e487a782ac9f3de85eb17bd676e9d0c8e92f9f7d9b2f611ea8ccd89278a
resnet,electrode,29,bandpass_n20002_cV2_electrode_s20,phase2/results/predictions/full/electrode/resnet/seed_29/bandpass_n20002_cV2_electrode_s20.npz,76269,0691a22b9f7b8d677c46b6d28376e6b3dbadb0ead9b1a5a8209e0fc35566fa8d
resnet,electrode,29,bandpass_n20002_cV2_electrode_s15,phase2/results/predictions/full/electrode/resnet/seed_29/bandpass_n20002_cV2_electrode_s15.npz,76284,a7a32e2847f1624b20d84472fec2f9ac1328498f6a00429e15d5ca4092f23206
resnet,electrode,29,bandpass_n20002_cV2_electrode_s10,phase2/results/predictions/full/electrode/resnet/seed_29/bandpass_n20002_cV2_electrode_s10.npz,76277,d438706ccf55e3bf41ac7ed2216b3141aae4b6203e22c3b3d89634c64f90b096
resnet,electrode,29,bandpass_n20002_cV2_electrode_s5,phase2/results/predictions/full/electrode/resnet/seed_29/bandpass_n20002_cV2_electrode_s5.npz,76047,0c1139d6f188f38a719a75d7b30cf59c027ba652474ca02e10b9a6b096a41fa0
resnet,electrode,29,bandpass_n20002_cV2_electrode_s0,phase2/results/predictions/full/electrode/resnet/seed_29/bandpass_n20002_cV2_electrode_s0.npz,75514,30ff112dd4f4de809e531ca78d53ed6084be5b838968bcc1521b070c76d145c9
resnet,electrode,29,bandpass_n20002_cV2_covariance_s20,phase2/results/predictions/full/electrode/resnet/seed_29/bandpass_n20002_cV2_covariance_s20.npz,76269,5343e21c59b7bfea1639fce74f2d8a3994d61ba826e8713e2bc489ccdff738dd
resnet,electrode,29,bandpass_n20002_cV2_covariance_s15,phase2/results/predictions/full/electrode/resnet/seed_29/bandpass_n20002_cV2_covariance_s15.npz,76279,8a69b42f224205c48fe6f3dd6d5d9afd33fdafabe20a5e13eb0e8eb30fe98401
resnet,electrode,29,bandpass_n20002_cV2_covariance_s10,phase2/results/predictions/full/electrode/resnet/seed_29/bandpass_n20002_cV2_covariance_s10.npz,76222,97a31084a400594017c50cfaa3833cbdff5b4ebd86e35242ace078c64e9a0496
resnet,electrode,29,bandpass_n20002_cV2_covariance_s5,phase2/results/predictions/full/electrode/resnet/seed_29/bandpass_n20002_cV2_covariance_s5.npz,76052,e0149ee1289a6352da4841ee94905d0835d565d81dc105a9aa6a71200cb562f3
resnet,electrode,29,bandpass_n20002_cV2_covariance_s0,phase2/results/predictions/full/electrode/resnet/seed_29/bandpass_n20002_cV2_covariance_s0.npz,75522,8293a80c8fffd7aed9ca1859382e20592bc9f640b89dc2e99d7047fae021ef06
resnet,electrode,29,bandpass_n20002_cV3_independent_rms_s20,phase2/results/predictions/full/electrode/resnet/seed_29/bandpass_n20002_cV3_independent_rms_s20.npz,76291,fd55975af9c5cd49e4e896b62ab149251f38a22f688297aff3e2a8e3ac69cb3c
resnet,electrode,29,bandpass_n20002_cV3_independent_rms_s15,phase2/results/predictions/full/electrode/resnet/seed_29/bandpass_n20002_cV3_independent_rms_s15.npz,76293,cfffa542ecd76adabc2a37c45302ed6bc54e5f9edc51a23cdd85213c71ebf87b
resnet,electrode,29,bandpass_n20002_cV3_independent_rms_s10,phase2/results/predictions/full/electrode/resnet/seed_29/bandpass_n20002_cV3_independent_rms_s10.npz,76281,ea30167c321a499b8cc1f2432aeaaf71c6427df411bf50d0f4fb3f3e9e8ea7c0
resnet,electrode,29,bandpass_n20002_cV3_independent_rms_s5,phase2/results/predictions/full/electrode/resnet/seed_29/bandpass_n20002_cV3_independent_rms_s5.npz,76198,6f9d760635ea2a598c491f709bd0696ed3cbb1c31a61a34be19ab7df615a8622
resnet,electrode,29,bandpass_n20002_cV3_independent_rms_s0,phase2/results/predictions/full/electrode/resnet/seed_29/bandpass_n20002_cV3_independent_rms_s0.npz,75871,bad0f02420e793425ea1aa42567522f99c04a82fd6d8843feb672d8d12a31de4
resnet,electrode,29,bandpass_n20002_cV3_electrode_s20,phase2/results/predictions/full/electrode/resnet/seed_29/bandpass_n20002_cV3_electrode_s20.npz,76312,d436a8dadf06c00852c090b009ba05a5c075681733365cdff17ebb46a2edebbc
resnet,electrode,29,bandpass_n20002_cV3_electrode_s15,phase2/results/predictions/full/electrode/resnet/seed_29/bandpass_n20002_cV3_electrode_s15.npz,76293,002577f9e40cd5697e6a9f722f7cce28bbf5ab532b3fe43a81d8ad6d40e221f0
resnet,electrode,29,bandpass_n20002_cV3_electrode_s10,phase2/results/predictions/full/electrode/resnet/seed_29/bandpass_n20002_cV3_electrode_s10.npz,76257,a233b70d1300e178bf9a6f9f45a4af8ca0ab5afc397533064399667419f12828
resnet,electrode,29,bandpass_n20002_cV3_electrode_s5,phase2/results/predictions/full/electrode/resnet/seed_29/bandpass_n20002_cV3_electrode_s5.npz,76178,feb4e45979786917240bdc6fcf53c71cdf5b7d78ce2ecd153afc2de05adaa38b
resnet,electrode,29,bandpass_n20002_cV3_electrode_s0,phase2/results/predictions/full/electrode/resnet/seed_29/bandpass_n20002_cV3_electrode_s0.npz,75870,fd39729f5785dce0cf98ae0ee465d2a89e8ae661e64441bfd81fb55741b2a344
resnet,electrode,29,bandpass_n20002_cV3_covariance_s20,phase2/results/predictions/full/electrode/resnet/seed_29/bandpass_n20002_cV3_covariance_s20.npz,76301,fb87d4c798d1c3eb6d011b1a1587bd9eb1404c29981a11c4ac6f4a0e69f656ae
resnet,electrode,29,bandpass_n20002_cV3_covariance_s15,phase2/results/predictions/full/electrode/resnet/seed_29/bandpass_n20002_cV3_covariance_s15.npz,76308,adadb5d49e21c457667e6d6be45b3544951033ace4b33dd2ca30ffa5824d347b
resnet,electrode,29,bandpass_n20002_cV3_covariance_s10,phase2/results/predictions/full/electrode/resnet/seed_29/bandpass_n20002_cV3_covariance_s10.npz,76270,ee3c226f106a93b96088374219e1a1e942f5b45128aa9b4f7d50736045f9a248
resnet,electrode,29,bandpass_n20002_cV3_covariance_s5,phase2/results/predictions/full/electrode/resnet/seed_29/bandpass_n20002_cV3_covariance_s5.npz,76169,d62ffbda6b27e9cb59bc1a8168d830bee5089bef3e390e84f120d9599f92a86f
resnet,electrode,29,bandpass_n20002_cV3_covariance_s0,phase2/results/predictions/full/electrode/resnet/seed_29/bandpass_n20002_cV3_covariance_s0.npz,75886,38f963a484425d43fcd11bbd91df7890575419217b550cc8241b0dc5d3161b45
resnet,electrode,29,bandpass_n20002_cV4_independent_rms_s20,phase2/results/predictions/full/electrode/resnet/seed_29/bandpass_n20002_cV4_independent_rms_s20.npz,76319,188ab094cf2230b20c6712297dc0e63a23b11a9b0d16ea655ef93cb0a310a085
resnet,electrode,29,bandpass_n20002_cV4_independent_rms_s15,phase2/results/predictions/full/electrode/resnet/seed_29/bandpass_n20002_cV4_independent_rms_s15.npz,76305,c32fe8183bdf7cd12f13ee774f91a8853bebb529e5e2144b4cdecd70a3c206e8
resnet,electrode,29,bandpass_n20002_cV4_independent_rms_s10,phase2/results/predictions/full/electrode/resnet/seed_29/bandpass_n20002_cV4_independent_rms_s10.npz,76254,be42808875b7b0fc7907f16f6b485df9a17c2af57429c9769ddf2fc75a854cae
resnet,electrode,29,bandpass_n20002_cV4_independent_rms_s5,phase2/results/predictions/full/electrode/resnet/seed_29/bandpass_n20002_cV4_independent_rms_s5.npz,76144,a2c557e3d0b70e63ea26bce3d59bbc8e438802ec869d45da169a136d7a1c3349
resnet,electrode,29,bandpass_n20002_cV4_independent_rms_s0,phase2/results/predictions/full/electrode/resnet/seed_29/bandpass_n20002_cV4_independent_rms_s0.npz,75737,a8ecd1e5c617b37a1af27e48c0e8f1cc1ae68fe027d58fc66a916a655e27322d
resnet,electrode,29,bandpass_n20002_cV4_electrode_s20,phase2/results/predictions/full/electrode/resnet/seed_29/bandpass_n20002_cV4_electrode_s20.npz,76311,a215ec09a0664a4e13bee41904cbea4183cb2c0379f00cc2c9dc184b49093858
resnet,electrode,29,bandpass_n20002_cV4_electrode_s15,phase2/results/predictions/full/electrode/resnet/seed_29/bandpass_n20002_cV4_electrode_s15.npz,76321,418c89771cc776f0b929c5dae68fc5016f2c9654d6ff4ce7a6d4a2a6ca557c83
resnet,electrode,29,bandpass_n20002_cV4_electrode_s10,phase2/results/predictions/full/electrode/resnet/seed_29/bandpass_n20002_cV4_electrode_s10.npz,76249,6d21bd2e784914dc01d8de6ab68bc80d506116e8b2b930228a2540019cd7593f
resnet,electrode,29,bandpass_n20002_cV4_electrode_s5,phase2/results/predictions/full/electrode/resnet/seed_29/bandpass_n20002_cV4_electrode_s5.npz,76175,0e7a5544a3e1d2c94f8b1033101d56f6926670ffb3c097f04d400352add12772
resnet,electrode,29,bandpass_n20002_cV4_electrode_s0,phase2/results/predictions/full/electrode/resnet/seed_29/bandpass_n20002_cV4_electrode_s0.npz,75746,804acc4a14fe66b8344a634d14d0fa80359b53c87676abb1cb3255cd376d8750
resnet,electrode,29,bandpass_n20002_cV4_covariance_s20,phase2/results/predictions/full/electrode/resnet/seed_29/bandpass_n20002_cV4_covariance_s20.npz,76333,0c543940b934a74880e7104a730b7c65e7e4080dcdb11ba2f7a2adb77e38fb28
resnet,electrode,29,bandpass_n20002_cV4_covariance_s15,phase2/results/predictions/full/electrode/resnet/seed_29/bandpass_n20002_cV4_covariance_s15.npz,76322,1183ae4ce2d7c6fcd79e9f5aa9e947e5196a0262dbe61b8e98bea73f27c3b283
resnet,electrode,29,bandpass_n20002_cV4_covariance_s10,phase2/results/predictions/full/electrode/resnet/seed_29/bandpass_n20002_cV4_covariance_s10.npz,76238,d1ea9c208abd8a080b6b1f4bb0cafc31c11480a92f275301c041de30804cef83
resnet,electrode,29,bandpass_n20002_cV4_covariance_s5,phase2/results/predictions/full/electrode/resnet/seed_29/bandpass_n20002_cV4_covariance_s5.npz,76135,03cd4c66397f8e5109a137002e79e040e82acd013b0f3cbc3620e1324cf5eef8
resnet,electrode,29,bandpass_n20002_cV4_covariance_s0,phase2/results/predictions/full/electrode/resnet/seed_29/bandpass_n20002_cV4_covariance_s0.npz,75685,356be9f4d01d47bedcc01a77064636ab265a08bffc225615be0d02fd3d1099bd
resnet,electrode,29,bandpass_n20002_cV5_independent_rms_s20,phase2/results/predictions/full/electrode/resnet/seed_29/bandpass_n20002_cV5_independent_rms_s20.npz,76307,97527ae74f34eb74f887dffde08f6c5467bb75b0b171da19f1aa2cf68058b33b
resnet,electrode,29,bandpass_n20002_cV5_independent_rms_s15,phase2/results/predictions/full/electrode/resnet/seed_29/bandpass_n20002_cV5_independent_rms_s15.npz,76269,b338f897ad00fb582406555694064a6823ff71b8d3936dab99a0c6284c9029e3
resnet,electrode,29,bandpass_n20002_cV5_independent_rms_s10,phase2/results/predictions/full/electrode/resnet/seed_29/bandpass_n20002_cV5_independent_rms_s10.npz,76223,56e60860ee1d9ee988c258d9fa4ffc489963659fe1799cc87d07f4e9bf1b4e6c
resnet,electrode,29,bandpass_n20002_cV5_independent_rms_s5,phase2/results/predictions/full/electrode/resnet/seed_29/bandpass_n20002_cV5_independent_rms_s5.npz,76055,282de957683b4dbeee92954110bc544529aca3c6e8cd4a3087c5d560b96e2eff
resnet,electrode,29,bandpass_n20002_cV5_independent_rms_s0,phase2/results/predictions/full/electrode/resnet/seed_29/bandpass_n20002_cV5_independent_rms_s0.npz,75564,aba702f40659e30ad3be9c4e1f5b9c26c1cd68a193ee369114fa16d527f80c38
resnet,electrode,29,bandpass_n20002_cV5_electrode_s20,phase2/results/predictions/full/electrode/resnet/seed_29/bandpass_n20002_cV5_electrode_s20.npz,76287,a405d34b47257cadd06d29563895e5914835115719cf4573465aecf7f0e474f9
resnet,electrode,29,bandpass_n20002_cV5_electrode_s15,phase2/results/predictions/full/electrode/resnet/seed_29/bandpass_n20002_cV5_electrode_s15.npz,76284,b192735f880692a756cd2fa1157c95d927d60dd56f5f32040eab2f47295b5d02
resnet,electrode,29,bandpass_n20002_cV5_electrode_s10,phase2/results/predictions/full/electrode/resnet/seed_29/bandpass_n20002_cV5_electrode_s10.npz,76240,425bf02499dccc48da8f83f9eefe8cfdc243321b8b08a28c37b6587c766a7a2d
resnet,electrode,29,bandpass_n20002_cV5_electrode_s5,phase2/results/predictions/full/electrode/resnet/seed_29/bandpass_n20002_cV5_electrode_s5.npz,76059,3165c783538bbe87eb26eb3bc48cad68f872a9cb9e864daab99360fc0ee684db
resnet,electrode,29,bandpass_n20002_cV5_electrode_s0,phase2/results/predictions/full/electrode/resnet/seed_29/bandpass_n20002_cV5_electrode_s0.npz,75539,e0a7cc92f2abd5e34b1b3f9dd9abb4bd438ee581cad76af883d5642b6804a0a0
resnet,electrode,29,bandpass_n20002_cV5_covariance_s20,phase2/results/predictions/full/electrode/resnet/seed_29/bandpass_n20002_cV5_covariance_s20.npz,76277,fdc6dc6bf244afa803e6bf79ac08df151349ad25b8ce7bd9bc8f02a76da9643e
resnet,electrode,29,bandpass_n20002_cV5_covariance_s15,phase2/results/predictions/full/electrode/resnet/seed_29/bandpass_n20002_cV5_covariance_s15.npz,76286,f0198e18e43ce7fc869947cee5cda07293051597360e726dcd74375d43543fc0
resnet,electrode,29,bandpass_n20002_cV5_covariance_s10,phase2/results/predictions/full/electrode/resnet/seed_29/bandpass_n20002_cV5_covariance_s10.npz,76264,b76cf3394cd7ab85a10fb4c979fb5fc5503217f7c880ff91df383b43d1c3f847
resnet,electrode,29,bandpass_n20002_cV5_covariance_s5,phase2/results/predictions/full/electrode/resnet/seed_29/bandpass_n20002_cV5_covariance_s5.npz,76061,20e53f765f853324149c10a14560c8f14bae3bf16b60a182bfb2002521777d87
resnet,electrode,29,bandpass_n20002_cV5_covariance_s0,phase2/results/predictions/full/electrode/resnet/seed_29/bandpass_n20002_cV5_covariance_s0.npz,75543,46383cacfa377c3fa3b49805bed885b812fe55143be50ddcb6c9f7d79c3f0029
resnet,electrode,29,bandpass_n20002_cV6_independent_rms_s20,phase2/results/predictions/full/electrode/resnet/seed_29/bandpass_n20002_cV6_independent_rms_s20.npz,76326,0faaa64e1a140f4f6b5732b5905e9ae81b8eeb6dbb67225b68c1cbf6f85c61bb
resnet,electrode,29,bandpass_n20002_cV6_independent_rms_s15,phase2/results/predictions/full/electrode/resnet/seed_29/bandpass_n20002_cV6_independent_rms_s15.npz,76307,02685915f5a0920b1b44e44613229a144f98497b4ae3b28e1781972df32150bf
resnet,electrode,29,bandpass_n20002_cV6_independent_rms_s10,phase2/results/predictions/full/electrode/resnet/seed_29/bandpass_n20002_cV6_independent_rms_s10.npz,76247,76423bc64816a8b0e612439aa7de5330436a1446bc547a53e29ff290247235d5
resnet,electrode,29,bandpass_n20002_cV6_independent_rms_s5,phase2/results/predictions/full/electrode/resnet/seed_29/bandpass_n20002_cV6_independent_rms_s5.npz,76076,13b158743fdbbc5787a8f9b76e06bb82cb6df67b19edb7f60dcf132eb453c173
resnet,electrode,29,bandpass_n20002_cV6_independent_rms_s0,phase2/results/predictions/full/electrode/resnet/seed_29/bandpass_n20002_cV6_independent_rms_s0.npz,75650,16618638fee7f1f204a6d6238f35fca061df8e851e5140aba7a6c9afdcffe017
resnet,electrode,29,bandpass_n20002_cV6_electrode_s20,phase2/results/predictions/full/electrode/resnet/seed_29/bandpass_n20002_cV6_electrode_s20.npz,76280,fe405b51cdc8723c2dd210094644132c496c097414fdeb5da5252efb5caf3bff
resnet,electrode,29,bandpass_n20002_cV6_electrode_s15,phase2/results/predictions/full/electrode/resnet/seed_29/bandpass_n20002_cV6_electrode_s15.npz,76289,ffaeafef993693f56089b2a67411c41647e739573809c19aabafcce80274ab85
resnet,electrode,29,bandpass_n20002_cV6_electrode_s10,phase2/results/predictions/full/electrode/resnet/seed_29/bandpass_n20002_cV6_electrode_s10.npz,76220,9c375f9b423109937030a3f12b396cb35726aa29b2de626db556a2d08a3976c5
resnet,electrode,29,bandpass_n20002_cV6_electrode_s5,phase2/results/predictions/full/electrode/resnet/seed_29/bandpass_n20002_cV6_electrode_s5.npz,76098,f31ade65568c564446660e03e0c23756940e6276a0314f3cea84a2f6177adbc2
resnet,electrode,29,bandpass_n20002_cV6_electrode_s0,phase2/results/predictions/full/electrode/resnet/seed_29/bandpass_n20002_cV6_electrode_s0.npz,75641,e00e25ff293281b0274a8846db507895043926a07fd737f65db4e40b264e548e
resnet,electrode,29,bandpass_n20002_cV6_covariance_s20,phase2/results/predictions/full/electrode/resnet/seed_29/bandpass_n20002_cV6_covariance_s20.npz,76305,f179f29a1a7c69dc51529254feb25fe5b3a8e72780c06649c4d28188e55f235e
resnet,electrode,29,bandpass_n20002_cV6_covariance_s15,phase2/results/predictions/full/electrode/resnet/seed_29/bandpass_n20002_cV6_covariance_s15.npz,76291,f6ddaa94cd3474879df1b1b2945d5bedfb449225e8d9d857161728ba4816eb7a
resnet,electrode,29,bandpass_n20002_cV6_covariance_s10,phase2/results/predictions/full/electrode/resnet/seed_29/bandpass_n20002_cV6_covariance_s10.npz,76199,1b971c554e045d251cb0e3f83e9fbf0d849537b846b5bf24e9b4ad0c9ded7fb6
resnet,electrode,29,bandpass_n20002_cV6_covariance_s5,phase2/results/predictions/full/electrode/resnet/seed_29/bandpass_n20002_cV6_covariance_s5.npz,76060,22dfea8ff0a73d0bbf8eeeed23c2f0d76a1af96cb2ca258741ac6d682fb7043f
resnet,electrode,29,bandpass_n20002_cV6_covariance_s0,phase2/results/predictions/full/electrode/resnet/seed_29/bandpass_n20002_cV6_covariance_s0.npz,75644,99b882721b7a802c049fb7c6b7bd0a484ed2c96895f4446b0e8ba7fbd3b780fc
resnet,electrode,29,bandpass_n20002_cRA_LA_independent_rms_s20,phase2/results/predictions/full/electrode/resnet/seed_29/bandpass_n20002_cRA_LA_independent_rms_s20.npz,76324,3bb2d4cee4969f6182fa4d86eef52658f66d487ff0d269396670810c8cdb4beb
resnet,electrode,29,bandpass_n20002_cRA_LA_independent_rms_s15,phase2/results/predictions/full/electrode/resnet/seed_29/bandpass_n20002_cRA_LA_independent_rms_s15.npz,76328,bf750419f18bec0e42151c10817e626e19d28be81155b1efbd1d83c491b12740
resnet,electrode,29,bandpass_n20002_cRA_LA_independent_rms_s10,phase2/results/predictions/full/electrode/resnet/seed_29/bandpass_n20002_cRA_LA_independent_rms_s10.npz,76246,687fe9cde01b5c2ce3e0d3aa4fbbdcc26f169450e619957bc15a4357c76711e7
resnet,electrode,29,bandpass_n20002_cRA_LA_independent_rms_s5,phase2/results/predictions/full/electrode/resnet/seed_29/bandpass_n20002_cRA_LA_independent_rms_s5.npz,76051,05d96784a70605e40e410227448a854bd97c9dd7614f3887b24ea179510b34b2
resnet,electrode,29,bandpass_n20002_cRA_LA_independent_rms_s0,phase2/results/predictions/full/electrode/resnet/seed_29/bandpass_n20002_cRA_LA_independent_rms_s0.npz,75490,9b34790c91c4e64358def22af27dd08efcf7a930a8e43b86a03285e2ccc7275c
resnet,electrode,29,bandpass_n20002_cRA_LA_electrode_s20,phase2/results/predictions/full/electrode/resnet/seed_29/bandpass_n20002_cRA_LA_electrode_s20.npz,76279,b06b6fd5160b97c9599232f47c627b2fc8d0f6912f756721c48eabcc67eb5be3
resnet,electrode,29,bandpass_n20002_cRA_LA_electrode_s15,phase2/results/predictions/full/electrode/resnet/seed_29/bandpass_n20002_cRA_LA_electrode_s15.npz,76310,e25ef580eaf3feff2925da2d91e0115b39408bce94433d63f5d0eb688c02636a
resnet,electrode,29,bandpass_n20002_cRA_LA_electrode_s10,phase2/results/predictions/full/electrode/resnet/seed_29/bandpass_n20002_cRA_LA_electrode_s10.npz,76225,1263b78e56505be2a6c0a83893a40e529f85824b9ce48c81e1a63b3f8bc58f13
resnet,electrode,29,bandpass_n20002_cRA_LA_electrode_s5,phase2/results/predictions/full/electrode/resnet/seed_29/bandpass_n20002_cRA_LA_electrode_s5.npz,76009,49b0f71552102435e143d03fab0a7bf6939d35200e49d37dca2688f0af4b1daa
resnet,electrode,29,bandpass_n20002_cRA_LA_electrode_s0,phase2/results/predictions/full/electrode/resnet/seed_29/bandpass_n20002_cRA_LA_electrode_s0.npz,75378,eb80828c34bed1c7357dfbbdcf2acf5454daf15fa875f96edc2ccd4cd2e51dfa
resnet,electrode,29,bandpass_n20002_cRA_LA_covariance_s20,phase2/results/predictions/full/electrode/resnet/seed_29/bandpass_n20002_cRA_LA_covariance_s20.npz,76325,d7b7c50fd9958cc6021499183d35b6fb97a744165dd501a0d21e885e6e66a999
resnet,electrode,29,bandpass_n20002_cRA_LA_covariance_s15,phase2/results/predictions/full/electrode/resnet/seed_29/bandpass_n20002_cRA_LA_covariance_s15.npz,76308,1d3a5fc0c1e5f804c90f6048787acd798a239439c5bd8466954b0583dc74e236
resnet,electrode,29,bandpass_n20002_cRA_LA_covariance_s10,phase2/results/predictions/full/electrode/resnet/seed_29/bandpass_n20002_cRA_LA_covariance_s10.npz,76191,31150deb810f9822e389a467c79fbfb4a3178c2bca257688d0d78f15641b2198
resnet,electrode,29,bandpass_n20002_cRA_LA_covariance_s5,phase2/results/predictions/full/electrode/resnet/seed_29/bandpass_n20002_cRA_LA_covariance_s5.npz,76018,bf95a3de3777ea1c54e2d1aefb93554292264d1999a7883ad646d0af985de2bf
resnet,electrode,29,bandpass_n20002_cRA_LA_covariance_s0,phase2/results/predictions/full/electrode/resnet/seed_29/bandpass_n20002_cRA_LA_covariance_s0.npz,75361,e2bb159d5c3ebcb2a9c346716d0216a19f1eaf06ffbd4304776939f10198ac2c
resnet,electrode,29,bandpass_n20002_cLA_LL_independent_rms_s20,phase2/results/predictions/full/electrode/resnet/seed_29/bandpass_n20002_cLA_LL_independent_rms_s20.npz,76283,1f8be1454c6fb97ff499136253449452deea33f03de0f7b17304d5c4a82cbb90
resnet,electrode,29,bandpass_n20002_cLA_LL_independent_rms_s15,phase2/results/predictions/full/electrode/resnet/seed_29/bandpass_n20002_cLA_LL_independent_rms_s15.npz,76298,b7f9c361f9db6c19499824a5ef3aff2ebada55e97c503cb5c3172e7ff85c7a8a
resnet,electrode,29,bandpass_n20002_cLA_LL_independent_rms_s10,phase2/results/predictions/full/electrode/resnet/seed_29/bandpass_n20002_cLA_LL_independent_rms_s10.npz,76239,ddbeb42cdf93e3e8ef572a720563970c24991759819ba4aede4a0c20eb1c5139
resnet,electrode,29,bandpass_n20002_cLA_LL_independent_rms_s5,phase2/results/predictions/full/electrode/resnet/seed_29/bandpass_n20002_cLA_LL_independent_rms_s5.npz,76078,07591d2a5783d248bd32d4177c5675916fd83295c341b6f0671b1e50bdf2afc0
resnet,electrode,29,bandpass_n20002_cLA_LL_independent_rms_s0,phase2/results/predictions/full/electrode/resnet/seed_29/bandpass_n20002_cLA_LL_independent_rms_s0.npz,75575,484ffbaf64ae7b46ee561b317d7adc651b420fa6d85b93a6c8670ce8369ef1d0
resnet,electrode,29,bandpass_n20002_cLA_LL_electrode_s20,phase2/results/predictions/full/electrode/resnet/seed_29/bandpass_n20002_cLA_LL_electrode_s20.npz,76299,53838be25a1e6bd21919b7044510d5a031220adcbba4e43fe1243bb4c109eec9
resnet,electrode,29,bandpass_n20002_cLA_LL_electrode_s15,phase2/results/predictions/full/electrode/resnet/seed_29/bandpass_n20002_cLA_LL_electrode_s15.npz,76266,388c31ef4c53571f0cc1414937047b5028e4f0f705d97e1ea47ff6901d2e83a7
resnet,electrode,29,bandpass_n20002_cLA_LL_electrode_s10,phase2/results/predictions/full/electrode/resnet/seed_29/bandpass_n20002_cLA_LL_electrode_s10.npz,76182,f47064ec5204148a5aa67031517e068c7b886d0e4f28940ae13db92e4e3f6606
resnet,electrode,29,bandpass_n20002_cLA_LL_electrode_s5,phase2/results/predictions/full/electrode/resnet/seed_29/bandpass_n20002_cLA_LL_electrode_s5.npz,75977,0ef6377d62fdcce1ed16ef8b2fb12e97d1ebbc0dc6f10e01375a1bdcdaf0e260
resnet,electrode,29,bandpass_n20002_cLA_LL_electrode_s0,phase2/results/predictions/full/electrode/resnet/seed_29/bandpass_n20002_cLA_LL_electrode_s0.npz,75439,dba0e49689b109e2ab4bb12c911942f5a2453602756d003ee722bbb149f9f5c4
resnet,electrode,29,bandpass_n20002_cLA_LL_covariance_s20,phase2/results/predictions/full/electrode/resnet/seed_29/bandpass_n20002_cLA_LL_covariance_s20.npz,76294,cf1a264d12e3a6d168046f2185cea38d0436c698047f531b0d42b29296a05660
resnet,electrode,29,bandpass_n20002_cLA_LL_covariance_s15,phase2/results/predictions/full/electrode/resnet/seed_29/bandpass_n20002_cLA_LL_covariance_s15.npz,76273,b4c0e5ec44c923eecd039d5fc7414a04b0bd43c7afecfee1529581bdaab3d9e5
resnet,electrode,29,bandpass_n20002_cLA_LL_covariance_s10,phase2/results/predictions/full/electrode/resnet/seed_29/bandpass_n20002_cLA_LL_covariance_s10.npz,76167,3dfd1b72fcccae4c0730e90bf9779660bc7fae3840989f1be3ecc89db03dc392
resnet,electrode,29,bandpass_n20002_cLA_LL_covariance_s5,phase2/results/predictions/full/electrode/resnet/seed_29/bandpass_n20002_cLA_LL_covariance_s5.npz,76002,233139b121f0c0d4458bf5e0380d58ac4f3f29c67f09ba0c213a595360a339c6
resnet,electrode,29,bandpass_n20002_cLA_LL_covariance_s0,phase2/results/predictions/full/electrode/resnet/seed_29/bandpass_n20002_cLA_LL_covariance_s0.npz,75469,fc7a1277c36b2863a9a7355dc1892a2d01e93b4ee747f19b5d57c6eeedf39a60
resnet,electrode,29,bandpass_n20002_cRA_LL_independent_rms_s20,phase2/results/predictions/full/electrode/resnet/seed_29/bandpass_n20002_cRA_LL_independent_rms_s20.npz,76305,4b94dc1f75a2863f073a3d741ef85086b564739181c45d58d10dbc63b785d592
resnet,electrode,29,bandpass_n20002_cRA_LL_independent_rms_s15,phase2/results/predictions/full/electrode/resnet/seed_29/bandpass_n20002_cRA_LL_independent_rms_s15.npz,76331,b8ca3155b31302708aea3d9b55a1555996d1af751569629608660b4fba51d86a
resnet,electrode,29,bandpass_n20002_cRA_LL_independent_rms_s10,phase2/results/predictions/full/electrode/resnet/seed_29/bandpass_n20002_cRA_LL_independent_rms_s10.npz,76242,62d54fbdf71070919a056f8401fe3d75d8e510bddb8e42db551be371f3e6ed3e
resnet,electrode,29,bandpass_n20002_cRA_LL_independent_rms_s5,phase2/results/predictions/full/electrode/resnet/seed_29/bandpass_n20002_cRA_LL_independent_rms_s5.npz,76052,357f59f2e2ed0584a0f99dec270642fd3823e05803d1b37fdf1863cd065fe517
resnet,electrode,29,bandpass_n20002_cRA_LL_independent_rms_s0,phase2/results/predictions/full/electrode/resnet/seed_29/bandpass_n20002_cRA_LL_independent_rms_s0.npz,75510,c373a3ce5cb6e67a47033e8046591dc2370a41b7bb2799439a0154fb4050048c
resnet,electrode,29,bandpass_n20002_cRA_LL_electrode_s20,phase2/results/predictions/full/electrode/resnet/seed_29/bandpass_n20002_cRA_LL_electrode_s20.npz,76309,0588f652e1845b2238327bc87e09bc039ffdd1b3dfd22cf0a53edd274c834b22
resnet,electrode,29,bandpass_n20002_cRA_LL_electrode_s15,phase2/results/predictions/full/electrode/resnet/seed_29/bandpass_n20002_cRA_LL_electrode_s15.npz,76305,d90fbc23bf37699e49a51148feaa0bb134c66f4642e36700a9ae273532200d4e
resnet,electrode,29,bandpass_n20002_cRA_LL_electrode_s10,phase2/results/predictions/full/electrode/resnet/seed_29/bandpass_n20002_cRA_LL_electrode_s10.npz,76197,b20e731fb1dfde2866a27e4261945110f326e45d5c6f7b05a860d9658657aa59
resnet,electrode,29,bandpass_n20002_cRA_LL_electrode_s5,phase2/results/predictions/full/electrode/resnet/seed_29/bandpass_n20002_cRA_LL_electrode_s5.npz,75954,5ef9809f45b6f8a61b05302492fed35cae029e2b59ebab2f82a97952b6db13a9
resnet,electrode,29,bandpass_n20002_cRA_LL_electrode_s0,phase2/results/predictions/full/electrode/resnet/seed_29/bandpass_n20002_cRA_LL_electrode_s0.npz,75398,d617ae09f7ea81f08a81a027058a5cb6d41e778dae29aee12bb96e533c55eb12
resnet,electrode,29,bandpass_n20002_cRA_LL_covariance_s20,phase2/results/predictions/full/electrode/resnet/seed_29/bandpass_n20002_cRA_LL_covariance_s20.npz,76305,6b8d8dfcc68a441a799282e02b505490cd2b49f838e589eb8345aabe35353e53
resnet,electrode,29,bandpass_n20002_cRA_LL_covariance_s15,phase2/results/predictions/full/electrode/resnet/seed_29/bandpass_n20002_cRA_LL_covariance_s15.npz,76297,43918640d96e005445dee5c233393dd860c776f874b33392b125249c3ab08c40
resnet,electrode,29,bandpass_n20002_cRA_LL_covariance_s10,phase2/results/predictions/full/electrode/resnet/seed_29/bandpass_n20002_cRA_LL_covariance_s10.npz,76181,b55b6661a6f7a67eeb27707305f362b7c05abfcfb7adf65f724f575e1e69ea29
resnet,electrode,29,bandpass_n20002_cRA_LL_covariance_s5,phase2/results/predictions/full/electrode/resnet/seed_29/bandpass_n20002_cRA_LL_covariance_s5.npz,75973,7df05894a7b150615a675f177c0dbb788ff53553b11646324c3f3be4a439bad7
resnet,electrode,29,bandpass_n20002_cRA_LL_covariance_s0,phase2/results/predictions/full/electrode/resnet/seed_29/bandpass_n20002_cRA_LL_covariance_s0.npz,75417,41be4357ef8a69a5c057adaa1112bfdbc8dc8ed2d4c722559be0e2823ab81b0c
resnet,electrode,29,bandpass_n20002_cRA_independent_rms_s20,phase2/results/predictions/full/electrode/resnet/seed_29/bandpass_n20002_cRA_independent_rms_s20.npz,76321,6e6b7e909593ce70115b91c6da99b417d6908208712e34ac09ec8275f444d7cb
resnet,electrode,29,bandpass_n20002_cRA_independent_rms_s15,phase2/results/predictions/full/electrode/resnet/seed_29/bandpass_n20002_cRA_independent_rms_s15.npz,76276,4701986357b8998dc5ba8241900c201ce03c2ef0a64b730a571a1853c1b46c4f
resnet,electrode,29,bandpass_n20002_cRA_independent_rms_s10,phase2/results/predictions/full/electrode/resnet/seed_29/bandpass_n20002_cRA_independent_rms_s10.npz,76261,500865e0478059706a0917033b4f750fd04f1299b8e3bb625fa4f60a6d4125db
resnet,electrode,29,bandpass_n20002_cRA_independent_rms_s5,phase2/results/predictions/full/electrode/resnet/seed_29/bandpass_n20002_cRA_independent_rms_s5.npz,76049,723ce1e9498d558207906fc67a7885009d3b195c82561cc0d64add6dca47479c
resnet,electrode,29,bandpass_n20002_cRA_independent_rms_s0,phase2/results/predictions/full/electrode/resnet/seed_29/bandpass_n20002_cRA_independent_rms_s0.npz,75496,0ee16a727c296a405a90d358b62d44f4aabf672e87cf774e475c4e9afd9a5e6b
resnet,electrode,29,bandpass_n20002_cRA_electrode_s20,phase2/results/predictions/full/electrode/resnet/seed_29/bandpass_n20002_cRA_electrode_s20.npz,76293,b98b51e7f2a4c07fc14639145249a0f8dea844301e235104e101942a6dce2290
resnet,electrode,29,bandpass_n20002_cRA_electrode_s15,phase2/results/predictions/full/electrode/resnet/seed_29/bandpass_n20002_cRA_electrode_s15.npz,76280,8fe7a9d932415709ace3306f202638ce4bd5a541ea24238ef985449637fb7e1f
resnet,electrode,29,bandpass_n20002_cRA_electrode_s10,phase2/results/predictions/full/electrode/resnet/seed_29/bandpass_n20002_cRA_electrode_s10.npz,76190,23c667de312a6f8989908e445e775cc40dbabdfdd9bb7ddedcc0dd05641a4a3c
resnet,electrode,29,bandpass_n20002_cRA_electrode_s5,phase2/results/predictions/full/electrode/resnet/seed_29/bandpass_n20002_cRA_electrode_s5.npz,75998,1e1d14d187b48de746a2eab6ab5aff7aa96e38254290f898a07faa986a28ce14
resnet,electrode,29,bandpass_n20002_cRA_electrode_s0,phase2/results/predictions/full/electrode/resnet/seed_29/bandpass_n20002_cRA_electrode_s0.npz,75368,e8e94e654edc4a6b4f7e8a878d4c45472563f82378cb9c77b74c3a40b1daa6f1
resnet,electrode,29,bandpass_n20002_cRA_covariance_s20,phase2/results/predictions/full/electrode/resnet/seed_29/bandpass_n20002_cRA_covariance_s20.npz,76301,54a0ae5daed6ec493a8f0b2f969d1f297c0196abcf9caa1841328de68e2d495c
resnet,electrode,29,bandpass_n20002_cRA_covariance_s15,phase2/results/predictions/full/electrode/resnet/seed_29/bandpass_n20002_cRA_covariance_s15.npz,76294,6dd872159e2d1b644215160911f0764eb407dcfe93ad9c9f0a8c8101b0ef3112
resnet,electrode,29,bandpass_n20002_cRA_covariance_s10,phase2/results/predictions/full/electrode/resnet/seed_29/bandpass_n20002_cRA_covariance_s10.npz,76228,ea629d7185e5a04d1c8343eae94217955f35aac2382a347c6f530f0c8bfdac68
resnet,electrode,29,bandpass_n20002_cRA_covariance_s5,phase2/results/predictions/full/electrode/resnet/seed_29/bandpass_n20002_cRA_covariance_s5.npz,75981,4d6cbf8002cc3ce1c91ec875362e1ae0cce85b60e05cec37b21f43e95bb4a0d7
resnet,electrode,29,bandpass_n20002_cRA_covariance_s0,phase2/results/predictions/full/electrode/resnet/seed_29/bandpass_n20002_cRA_covariance_s0.npz,75370,2cb0c21a9e65c2adc00f08eb826e70651d234d59d7d16ede53b8b8363c18408f
resnet,electrode,29,bandpass_n20002_cLA_independent_rms_s20,phase2/results/predictions/full/electrode/resnet/seed_29/bandpass_n20002_cLA_independent_rms_s20.npz,76330,6327f4204ce6b1c0daf14d6de5d9be5bd95dd3d11a56792de7dd5fa7caeaa688
resnet,electrode,29,bandpass_n20002_cLA_independent_rms_s15,phase2/results/predictions/full/electrode/resnet/seed_29/bandpass_n20002_cLA_independent_rms_s15.npz,76320,670abeaed3a91e601c9b40fc9e2a6f4d48819506cafcc5462f9b90afe19d66ac
resnet,electrode,29,bandpass_n20002_cLA_independent_rms_s10,phase2/results/predictions/full/electrode/resnet/seed_29/bandpass_n20002_cLA_independent_rms_s10.npz,76269,450f026839f93719dedef7df1c3ef9f755e97067859a1306cb8c0c617c1418e9
resnet,electrode,29,bandpass_n20002_cLA_independent_rms_s5,phase2/results/predictions/full/electrode/resnet/seed_29/bandpass_n20002_cLA_independent_rms_s5.npz,76053,459eb88cfccb932a0c2b892d6f64db97a9ce3493986b2a128e5b18907a0ff3e6
resnet,electrode,29,bandpass_n20002_cLA_independent_rms_s0,phase2/results/predictions/full/electrode/resnet/seed_29/bandpass_n20002_cLA_independent_rms_s0.npz,75530,7df9a4a58e88162de42283f5751f631a2a73c7e8f0c0b9ecd97bbf977a8dc487
resnet,electrode,29,bandpass_n20002_cLA_electrode_s20,phase2/results/predictions/full/electrode/resnet/seed_29/bandpass_n20002_cLA_electrode_s20.npz,76300,fab9cfcbff882f301358a96a52c627e1b5bec9648afe3f124b2e3cb999aca302
resnet,electrode,29,bandpass_n20002_cLA_electrode_s15,phase2/results/predictions/full/electrode/resnet/seed_29/bandpass_n20002_cLA_electrode_s15.npz,76309,7840b9db615f4f6193ffd7755e7fe0277f521b3ea2ec30ec81c144c7170c97d5
resnet,electrode,29,bandpass_n20002_cLA_electrode_s10,phase2/results/predictions/full/electrode/resnet/seed_29/bandpass_n20002_cLA_electrode_s10.npz,76232,2bc8c969e70b18f8f164ac6dc356d13084e99a932a3691fd926c157fca5a6f3e
resnet,electrode,29,bandpass_n20002_cLA_electrode_s5,phase2/results/predictions/full/electrode/resnet/seed_29/bandpass_n20002_cLA_electrode_s5.npz,75999,1ef7ca50826993fdd2c062fdade90fe1f2e4910ada2ef3b7dedcba590eac5bdc
resnet,electrode,29,bandpass_n20002_cLA_electrode_s0,phase2/results/predictions/full/electrode/resnet/seed_29/bandpass_n20002_cLA_electrode_s0.npz,75393,516788b2e03e930cf0b46a2d44e5130cdb0891f5fd481a3010712a12bafa9825
resnet,electrode,29,bandpass_n20002_cLA_covariance_s20,phase2/results/predictions/full/electrode/resnet/seed_29/bandpass_n20002_cLA_covariance_s20.npz,76316,8141f6ced0c39dbea0799028798197a2e693235eb1c298604d52c9a74f1084cc
resnet,electrode,29,bandpass_n20002_cLA_covariance_s15,phase2/results/predictions/full/electrode/resnet/seed_29/bandpass_n20002_cLA_covariance_s15.npz,76288,9468c30e4b16933df92163ae259ab616670d5f47a5a66089abae652a06ec3269
resnet,electrode,29,bandpass_n20002_cLA_covariance_s10,phase2/results/predictions/full/electrode/resnet/seed_29/bandpass_n20002_cLA_covariance_s10.npz,76213,7f4fa48108f7bc7ac5d001f28092a8c583ea2c5c740e7a4b7b3129128f3605a5
resnet,electrode,29,bandpass_n20002_cLA_covariance_s5,phase2/results/predictions/full/electrode/resnet/seed_29/bandpass_n20002_cLA_covariance_s5.npz,75998,b1cd67ad01bb6b8996d0291ecefc7eb6d8c3bfa7054423255e1f668cd4ab28a4
resnet,electrode,29,bandpass_n20002_cLA_covariance_s0,phase2/results/predictions/full/electrode/resnet/seed_29/bandpass_n20002_cLA_covariance_s0.npz,75401,9b0e582a459abefd19a4cd3dc6a6d6a12748517a8aa8746e373b7a1aeff462f9
resnet,electrode,29,bandpass_n20002_cLL_independent_rms_s20,phase2/results/predictions/full/electrode/resnet/seed_29/bandpass_n20002_cLL_independent_rms_s20.npz,76320,94f013b63461831db4cfe393b2740fc0b802a95a13b3984b1b774a1be481c6e3
resnet,electrode,29,bandpass_n20002_cLL_independent_rms_s15,phase2/results/predictions/full/electrode/resnet/seed_29/bandpass_n20002_cLL_independent_rms_s15.npz,76314,088ed069207499fc134e73c73357b2fc8060e5999ab7f89d3c05fbb5c9b44bc9
resnet,electrode,29,bandpass_n20002_cLL_independent_rms_s10,phase2/results/predictions/full/electrode/resnet/seed_29/bandpass_n20002_cLL_independent_rms_s10.npz,76260,bb95d7982fdfcae33c7984ab7f49dce8ef1a5a5cdc2c88ae0558fc932fdfaf2b
resnet,electrode,29,bandpass_n20002_cLL_independent_rms_s5,phase2/results/predictions/full/electrode/resnet/seed_29/bandpass_n20002_cLL_independent_rms_s5.npz,76061,38587d9dac7e198536de94406c364f05fb5a174ee8f7339eb5eb98cf77186153
resnet,electrode,29,bandpass_n20002_cLL_independent_rms_s0,phase2/results/predictions/full/electrode/resnet/seed_29/bandpass_n20002_cLL_independent_rms_s0.npz,75577,9bf7933608b4eebe28ca280f9440e13e003a3c23c25ebc73bc34dca39c277adb
resnet,electrode,29,bandpass_n20002_cLL_electrode_s20,phase2/results/predictions/full/electrode/resnet/seed_29/bandpass_n20002_cLL_electrode_s20.npz,76314,63e5460dabb1011b635c8d2a9e61e9e2a3586a868dc1ac7270bda053329628ce
resnet,electrode,29,bandpass_n20002_cLL_electrode_s15,phase2/results/predictions/full/electrode/resnet/seed_29/bandpass_n20002_cLL_electrode_s15.npz,76284,6cf364730bd2e3ab3e1154db0a4a75c69655f847523703337edd01ecb817cad2
resnet,electrode,29,bandpass_n20002_cLL_electrode_s10,phase2/results/predictions/full/electrode/resnet/seed_29/bandpass_n20002_cLL_electrode_s10.npz,76200,14a6bc382c006df0614c54ec6df6494fce82a7f48c53bfc6f247ef6cb4491e0c
resnet,electrode,29,bandpass_n20002_cLL_electrode_s5,phase2/results/predictions/full/electrode/resnet/seed_29/bandpass_n20002_cLL_electrode_s5.npz,75973,7a36a2d6980c1f591a6c8e38e70a35ab64ac91f6bb157c99883603b68150a401
resnet,electrode,29,bandpass_n20002_cLL_electrode_s0,phase2/results/predictions/full/electrode/resnet/seed_29/bandpass_n20002_cLL_electrode_s0.npz,75541,7d5b685ea1ecc5a1ab80dd75fdaa3174ccacac6dbc1a61b5915e9a07d4b3925d
resnet,electrode,29,bandpass_n20002_cLL_covariance_s20,phase2/results/predictions/full/electrode/resnet/seed_29/bandpass_n20002_cLL_covariance_s20.npz,76316,b37b9a1c26382236a6d633446d28690133346c831ef816cce4f75bf61b697f8a
resnet,electrode,29,bandpass_n20002_cLL_covariance_s15,phase2/results/predictions/full/electrode/resnet/seed_29/bandpass_n20002_cLL_covariance_s15.npz,76264,8932299e5dec0d814d4fc7eb177bb38bfd10f1e04847d76b91762be80a8ba1a6
resnet,electrode,29,bandpass_n20002_cLL_covariance_s10,phase2/results/predictions/full/electrode/resnet/seed_29/bandpass_n20002_cLL_covariance_s10.npz,76196,1b56fa438678ff6db1beea1715875fc92e64d68efa8d0ba57290495b64a04474
resnet,electrode,29,bandpass_n20002_cLL_covariance_s5,phase2/results/predictions/full/electrode/resnet/seed_29/bandpass_n20002_cLL_covariance_s5.npz,75948,eb38144ec3a4732e5563a50f266f2925e98cb01674deb5dbda37490540d2dc50
resnet,electrode,29,bandpass_n20002_cLL_covariance_s0,phase2/results/predictions/full/electrode/resnet/seed_29/bandpass_n20002_cLL_covariance_s0.npz,75530,7d24578456822a57b537abe00e74ecd84f778570b4839df49cdf1bfbdfb44272
resnet,electrode,29,bandpass_n20002_cRA_V1_independent_rms_s20,phase2/results/predictions/full/electrode/resnet/seed_29/bandpass_n20002_cRA_V1_independent_rms_s20.npz,76319,69ca74c7d5bf2a9b485fbcdaad59ff4931dee51dbdb9ebea45690d05824a428d
resnet,electrode,29,bandpass_n20002_cRA_V1_independent_rms_s15,phase2/results/predictions/full/electrode/resnet/seed_29/bandpass_n20002_cRA_V1_independent_rms_s15.npz,76328,288f81ac4ca9d7cb36b1d1d750014a016816a8edb46802dd4e3eaa5fb569c5c6
resnet,electrode,29,bandpass_n20002_cRA_V1_independent_rms_s10,phase2/results/predictions/full/electrode/resnet/seed_29/bandpass_n20002_cRA_V1_independent_rms_s10.npz,76257,a6b2442f8fda2eda24100dbe40c13e5deb8b35670cb76feaad6cf254101f79f1
resnet,electrode,29,bandpass_n20002_cRA_V1_independent_rms_s5,phase2/results/predictions/full/electrode/resnet/seed_29/bandpass_n20002_cRA_V1_independent_rms_s5.npz,76042,b2c596476a64cf5cf8701104a851451a35b6f7016e27e028c04ce54c8635151d
resnet,electrode,29,bandpass_n20002_cRA_V1_independent_rms_s0,phase2/results/predictions/full/electrode/resnet/seed_29/bandpass_n20002_cRA_V1_independent_rms_s0.npz,75493,6504ef7ebb2ccbb314b7ac8167a71760665ffe299d096cf9adb2b61c7be2f821
resnet,electrode,29,bandpass_n20002_cRA_V1_electrode_s20,phase2/results/predictions/full/electrode/resnet/seed_29/bandpass_n20002_cRA_V1_electrode_s20.npz,76351,fc16726865c2eff7a4c505bbfa7423dfcb51c009a08fce7d7a143032d7c1c812
resnet,electrode,29,bandpass_n20002_cRA_V1_electrode_s15,phase2/results/predictions/full/electrode/resnet/seed_29/bandpass_n20002_cRA_V1_electrode_s15.npz,76289,a20696d93565b3b39a6c56ccff0709d03a037ec8b697cbcd0fb0fa490fbc6313
resnet,electrode,29,bandpass_n20002_cRA_V1_electrode_s10,phase2/results/predictions/full/electrode/resnet/seed_29/bandpass_n20002_cRA_V1_electrode_s10.npz,76221,750bb860201be8c44ee6503b9e8f40d00e07a6170ebb9fe27fccdc5c1a189a83
resnet,electrode,29,bandpass_n20002_cRA_V1_electrode_s5,phase2/results/predictions/full/electrode/resnet/seed_29/bandpass_n20002_cRA_V1_electrode_s5.npz,75994,ab7de92ccd1a53ca0b02148a596040a02cab614b09cffe18d92268baa30a83b6
resnet,electrode,29,bandpass_n20002_cRA_V1_electrode_s0,phase2/results/predictions/full/electrode/resnet/seed_29/bandpass_n20002_cRA_V1_electrode_s0.npz,75354,04fa20c24801b25af59fefa600c73d1143c99c1137a0e66be32c38b9007b8a23
resnet,electrode,29,bandpass_n20002_cRA_V1_covariance_s20,phase2/results/predictions/full/electrode/resnet/seed_29/bandpass_n20002_cRA_V1_covariance_s20.npz,76306,8cb6930b66c14d123020f5156952e43fca8073282ddead73b7dea127ef865450
resnet,electrode,29,bandpass_n20002_cRA_V1_covariance_s15,phase2/results/predictions/full/electrode/resnet/seed_29/bandpass_n20002_cRA_V1_covariance_s15.npz,76291,78c527909a7947d509da192d9f6c4781c8285bb19f9bc0042a7a17ee3a8c990d
resnet,electrode,29,bandpass_n20002_cRA_V1_covariance_s10,phase2/results/predictions/full/electrode/resnet/seed_29/bandpass_n20002_cRA_V1_covariance_s10.npz,76202,9992912f96c89f713cf6a6bb768ebc97dc60f298ff2487a3af962659ad5684c0
resnet,electrode,29,bandpass_n20002_cRA_V1_covariance_s5,phase2/results/predictions/full/electrode/resnet/seed_29/bandpass_n20002_cRA_V1_covariance_s5.npz,75992,f224a4d47e39b221affa573ae6715b47df72d49f7b4bedb3f3de40160cee2748
resnet,electrode,29,bandpass_n20002_cRA_V1_covariance_s0,phase2/results/predictions/full/electrode/resnet/seed_29/bandpass_n20002_cRA_V1_covariance_s0.npz,75379,974d4b4aa36eaf0ec5c02d233cedc3ae382c96939ba240e92e493b9a40fe1e93
resnet,electrode,29,bandpass_n20002_cLA_V6_independent_rms_s20,phase2/results/predictions/full/electrode/resnet/seed_29/bandpass_n20002_cLA_V6_independent_rms_s20.npz,76315,e92c96ecdb3ad286c779807d0ccf269fdd1d4abf55945e5345a47e02efac14d5
resnet,electrode,29,bandpass_n20002_cLA_V6_independent_rms_s15,phase2/results/predictions/full/electrode/resnet/seed_29/bandpass_n20002_cLA_V6_independent_rms_s15.npz,76315,3e501bf6c704d4fbbb32d980339fccebaff87e51b19d6d6e07513dac9bc3760f
resnet,electrode,29,bandpass_n20002_cLA_V6_independent_rms_s10,phase2/results/predictions/full/electrode/resnet/seed_29/bandpass_n20002_cLA_V6_independent_rms_s10.npz,76218,746221b1bffa4786ce18bb6c16e01fe470037ece0ea05b4ea1ea0034f88f4bcd
resnet,electrode,29,bandpass_n20002_cLA_V6_independent_rms_s5,phase2/results/predictions/full/electrode/resnet/seed_29/bandpass_n20002_cLA_V6_independent_rms_s5.npz,76070,6cf6916edf6617b1633fd90ca3dd528e1514708dd5c43eaf3430eea4742224c5
resnet,electrode,29,bandpass_n20002_cLA_V6_independent_rms_s0,phase2/results/predictions/full/electrode/resnet/seed_29/bandpass_n20002_cLA_V6_independent_rms_s0.npz,75588,618e28aafeb2f6cfbb6049b156281124da0cfaa93ecae0ce40a2a02264b9c155
resnet,electrode,29,bandpass_n20002_cLA_V6_electrode_s20,phase2/results/predictions/full/electrode/resnet/seed_29/bandpass_n20002_cLA_V6_electrode_s20.npz,76306,4a6e317e569da6b76b2c49adaa488a4ed1292c82e91d2f83aa2f89433b153d59
resnet,electrode,29,bandpass_n20002_cLA_V6_electrode_s15,phase2/results/predictions/full/electrode/resnet/seed_29/bandpass_n20002_cLA_V6_electrode_s15.npz,76274,01dd2eb51386f3ca292352af76af9a3a51d5deef9364fc67dbd3357e8b7028c4
resnet,electrode,29,bandpass_n20002_cLA_V6_electrode_s10,phase2/results/predictions/full/electrode/resnet/seed_29/bandpass_n20002_cLA_V6_electrode_s10.npz,76224,31a3afcac4ad93d19f144d252a9c8230b6717b09f60bb5587b053d87981e09ac
resnet,electrode,29,bandpass_n20002_cLA_V6_electrode_s5,phase2/results/predictions/full/electrode/resnet/seed_29/bandpass_n20002_cLA_V6_electrode_s5.npz,76011,999433a41d4193dfe16eca4fb93ee937eb204ec2b30e610f953bb073592c5afb
resnet,electrode,29,bandpass_n20002_cLA_V6_electrode_s0,phase2/results/predictions/full/electrode/resnet/seed_29/bandpass_n20002_cLA_V6_electrode_s0.npz,75400,26a020306f3b31babaf873d0ad3478935f83d03646821993edbdfd88d646134b
resnet,electrode,29,bandpass_n20002_cLA_V6_covariance_s20,phase2/results/predictions/full/electrode/resnet/seed_29/bandpass_n20002_cLA_V6_covariance_s20.npz,76307,0a6749800a30dbaced9049ab546929fb8bee10992303fa191f620d472067c247
resnet,electrode,29,bandpass_n20002_cLA_V6_covariance_s15,phase2/results/predictions/full/electrode/resnet/seed_29/bandpass_n20002_cLA_V6_covariance_s15.npz,76305,ed97fb612710cf18b4626676b53c790d27fbf267521246553298f9f7a6c6430a
resnet,electrode,29,bandpass_n20002_cLA_V6_covariance_s10,phase2/results/predictions/full/electrode/resnet/seed_29/bandpass_n20002_cLA_V6_covariance_s10.npz,76275,1e357e733d70db61507c9d4b1b610152fc2d154aef920324bfcd876f53022539
resnet,electrode,29,bandpass_n20002_cLA_V6_covariance_s5,phase2/results/predictions/full/electrode/resnet/seed_29/bandpass_n20002_cLA_V6_covariance_s5.npz,76014,9dd9ac344bd43f90871ce520f41820ca7fd9bd2a53f94dbf1f6676ac59479c21
resnet,electrode,29,bandpass_n20002_cLA_V6_covariance_s0,phase2/results/predictions/full/electrode/resnet/seed_29/bandpass_n20002_cLA_V6_covariance_s0.npz,75431,06977317c13dcf6b43d81562a0b096057b76d31191069f0b9cf966ab74c1b412
resnet,electrode,29,bandpass_n20002_cLL_V4_independent_rms_s20,phase2/results/predictions/full/electrode/resnet/seed_29/bandpass_n20002_cLL_V4_independent_rms_s20.npz,76339,91aac4ff15059fa092d68db069ac4bf7f57db07dd9503d50c5244a18f5077d7f
resnet,electrode,29,bandpass_n20002_cLL_V4_independent_rms_s15,phase2/results/predictions/full/electrode/resnet/seed_29/bandpass_n20002_cLL_V4_independent_rms_s15.npz,76353,e3f8a8515372b694cf3115e396d08a92873225ceabeb73025b68e78f05f95ebe
resnet,electrode,29,bandpass_n20002_cLL_V4_independent_rms_s10,phase2/results/predictions/full/electrode/resnet/seed_29/bandpass_n20002_cLL_V4_independent_rms_s10.npz,76284,200d2afd4d46fc6ce83f4b5732be73c40db4a8e6bf46f3512b242f15a97224d7
resnet,electrode,29,bandpass_n20002_cLL_V4_independent_rms_s5,phase2/results/predictions/full/electrode/resnet/seed_29/bandpass_n20002_cLL_V4_independent_rms_s5.npz,76085,9ee8ed50ee978258614025d983312cc1412f4f98152b4cae1f1733c0cd603556
resnet,electrode,29,bandpass_n20002_cLL_V4_independent_rms_s0,phase2/results/predictions/full/electrode/resnet/seed_29/bandpass_n20002_cLL_V4_independent_rms_s0.npz,75630,e9b738b0d91627f86e2314571b72189fb3d55a1020d417c4a7be7523f2f5697f
resnet,electrode,29,bandpass_n20002_cLL_V4_electrode_s20,phase2/results/predictions/full/electrode/resnet/seed_29/bandpass_n20002_cLL_V4_electrode_s20.npz,76301,440b9ad6a791da7d6b657a43a654fa743ba3dce4f754ef25556d241893feee86
resnet,electrode,29,bandpass_n20002_cLL_V4_electrode_s15,phase2/results/predictions/full/electrode/resnet/seed_29/bandpass_n20002_cLL_V4_electrode_s15.npz,76291,52d5b0bffaaa637791efabeb6d9634a5b5e3692c8aef9580a611bea89f21071a
resnet,electrode,29,bandpass_n20002_cLL_V4_electrode_s10,phase2/results/predictions/full/electrode/resnet/seed_29/bandpass_n20002_cLL_V4_electrode_s10.npz,76218,8f19da626391da5e05ca574570a1bfa4762957831a5f71d0cad4312b31392a8e
resnet,electrode,29,bandpass_n20002_cLL_V4_electrode_s5,phase2/results/predictions/full/electrode/resnet/seed_29/bandpass_n20002_cLL_V4_electrode_s5.npz,76023,23c83d2d42983cd267af5d0e34b51fa9afdc547b662d4937d204b4a9a60c8d3a
resnet,electrode,29,bandpass_n20002_cLL_V4_electrode_s0,phase2/results/predictions/full/electrode/resnet/seed_29/bandpass_n20002_cLL_V4_electrode_s0.npz,75540,b7b3bae457c281709ccd91c219e619b2239a0664c5cc3fea2323e06d80e84bb2
resnet,electrode,29,bandpass_n20002_cLL_V4_covariance_s20,phase2/results/predictions/full/electrode/resnet/seed_29/bandpass_n20002_cLL_V4_covariance_s20.npz,76327,cb742c95fb0a6779b1350577ad3900f0c080c6e2869e8c28a05a07558a6ba7db
resnet,electrode,29,bandpass_n20002_cLL_V4_covariance_s15,phase2/results/predictions/full/electrode/resnet/seed_29/bandpass_n20002_cLL_V4_covariance_s15.npz,76322,ccddd368f6de322eae60e794c429a55431aad7a11c8adea5a57a8344bf2a3197
resnet,electrode,29,bandpass_n20002_cLL_V4_covariance_s10,phase2/results/predictions/full/electrode/resnet/seed_29/bandpass_n20002_cLL_V4_covariance_s10.npz,76218,a140a3f411ed5a7b06df3fba0bc39209278f2f7f9df0940946f8efc28c75e8c8
resnet,electrode,29,bandpass_n20002_cLL_V4_covariance_s5,phase2/results/predictions/full/electrode/resnet/seed_29/bandpass_n20002_cLL_V4_covariance_s5.npz,75991,e853d68be065923fa051f13b71e444ddf5c019c253499cf90121ef2e35fb91b2
resnet,electrode,29,bandpass_n20002_cLL_V4_covariance_s0,phase2/results/predictions/full/electrode/resnet/seed_29/bandpass_n20002_cLL_V4_covariance_s0.npz,75552,19d2cfaec26c8d7b53da6316f08c33de468d6c54eac443e31d76e689fce0fb99
resnet,electrode,29,bandpass_n20002_cRA_LA_V1_V6_independent_rms_s20,phase2/results/predictions/full/electrode/resnet/seed_29/bandpass_n20002_cRA_LA_V1_V6_independent_rms_s20.npz,76339,5c904b86d4a3673645f9da7117310c7009dec9dc8761b3130f279529c93a94ef
resnet,electrode,29,bandpass_n20002_cRA_LA_V1_V6_independent_rms_s15,phase2/results/predictions/full/electrode/resnet/seed_29/bandpass_n20002_cRA_LA_V1_V6_independent_rms_s15.npz,76306,fd92d1f4d323c2162998de99f659fdddf051fb16cedf211ddf9584632e5e9439
resnet,electrode,29,bandpass_n20002_cRA_LA_V1_V6_independent_rms_s10,phase2/results/predictions/full/electrode/resnet/seed_29/bandpass_n20002_cRA_LA_V1_V6_independent_rms_s10.npz,76263,05c8e929a979ac53dc926d538c87c44177940dfc0667afcda163be2e642ae35d
resnet,electrode,29,bandpass_n20002_cRA_LA_V1_V6_independent_rms_s5,phase2/results/predictions/full/electrode/resnet/seed_29/bandpass_n20002_cRA_LA_V1_V6_independent_rms_s5.npz,76076,7ec25abe8bd7e6503dcbe41e53042e221c8a3e1ddb89aa790eec6db9eeea5b1e
resnet,electrode,29,bandpass_n20002_cRA_LA_V1_V6_independent_rms_s0,phase2/results/predictions/full/electrode/resnet/seed_29/bandpass_n20002_cRA_LA_V1_V6_independent_rms_s0.npz,75519,8d7920f77aca72f27e4f87941781695c28a5e5ff8bd3fe1c7a9acb6c8f84fc50
resnet,electrode,29,bandpass_n20002_cRA_LA_V1_V6_electrode_s20,phase2/results/predictions/full/electrode/resnet/seed_29/bandpass_n20002_cRA_LA_V1_V6_electrode_s20.npz,76362,e2caee4281b1db61bc1803af835a97343f25569b74544b810624c8ebc42e691a
resnet,electrode,29,bandpass_n20002_cRA_LA_V1_V6_electrode_s15,phase2/results/predictions/full/electrode/resnet/seed_29/bandpass_n20002_cRA_LA_V1_V6_electrode_s15.npz,76271,3aaed7aae745947060f50f2150a4b1817371f929bbd20c6fb9e1600ac53af15f
resnet,electrode,29,bandpass_n20002_cRA_LA_V1_V6_electrode_s10,phase2/results/predictions/full/electrode/resnet/seed_29/bandpass_n20002_cRA_LA_V1_V6_electrode_s10.npz,76231,4c76c7b0322c1d7eba40bf5f8e689cc97ce239592eba2504989f9b5dc8d4e561
resnet,electrode,29,bandpass_n20002_cRA_LA_V1_V6_electrode_s5,phase2/results/predictions/full/electrode/resnet/seed_29/bandpass_n20002_cRA_LA_V1_V6_electrode_s5.npz,76020,063d5cd90d325a64e482d1a44522d4c051a03677935c92283788d5e611ad9a1b
resnet,electrode,29,bandpass_n20002_cRA_LA_V1_V6_electrode_s0,phase2/results/predictions/full/electrode/resnet/seed_29/bandpass_n20002_cRA_LA_V1_V6_electrode_s0.npz,75377,83d998f94201ed408b5eba794f49fddec02cca0800266c7302df4452c1a86db6
resnet,electrode,29,bandpass_n20002_cRA_LA_V1_V6_covariance_s20,phase2/results/predictions/full/electrode/resnet/seed_29/bandpass_n20002_cRA_LA_V1_V6_covariance_s20.npz,76351,e82069f30ec412b2eca67671dff61466b3f1d99b5ebb08664993fe3b00f967ac
resnet,electrode,29,bandpass_n20002_cRA_LA_V1_V6_covariance_s15,phase2/results/predictions/full/electrode/resnet/seed_29/bandpass_n20002_cRA_LA_V1_V6_covariance_s15.npz,76297,2d46f1d2aeb91ebcebd4d0eeaaaf6c08fb856d8e291f19bc7f2f3a479ae2177c
resnet,electrode,29,bandpass_n20002_cRA_LA_V1_V6_covariance_s10,phase2/results/predictions/full/electrode/resnet/seed_29/bandpass_n20002_cRA_LA_V1_V6_covariance_s10.npz,76245,1ec1b55a759ba4544fca9fe8d4f9d1eef701ce9fe12bf81ebce5444c70449e46
resnet,electrode,29,bandpass_n20002_cRA_LA_V1_V6_covariance_s5,phase2/results/predictions/full/electrode/resnet/seed_29/bandpass_n20002_cRA_LA_V1_V6_covariance_s5.npz,76034,62f09a5124a1d4a5d277d50ddefffbde6ac29ed9a7ad9e291cf575b01a3a1cbf
resnet,electrode,29,bandpass_n20002_cRA_LA_V1_V6_covariance_s0,phase2/results/predictions/full/electrode/resnet/seed_29/bandpass_n20002_cRA_LA_V1_V6_covariance_s0.npz,75394,394cd21d5ece854fad3cd7e49cd52aeddd74b0946c101a7f56589b69c3a30650
resnet,electrode,29,bandpass_n20002_cRA_V2_V5_independent_rms_s20,phase2/results/predictions/full/electrode/resnet/seed_29/bandpass_n20002_cRA_V2_V5_independent_rms_s20.npz,76326,95575ab1cebeac8dcd18ab80670261306d920f8403daab9f291d951ce72c87ab
resnet,electrode,29,bandpass_n20002_cRA_V2_V5_independent_rms_s15,phase2/results/predictions/full/electrode/resnet/seed_29/bandpass_n20002_cRA_V2_V5_independent_rms_s15.npz,76300,fbba981b093bc1201fc74dc66016d100ebad021e9d3e7c5af4eb2a7cf9667964
resnet,electrode,29,bandpass_n20002_cRA_V2_V5_independent_rms_s10,phase2/results/predictions/full/electrode/resnet/seed_29/bandpass_n20002_cRA_V2_V5_independent_rms_s10.npz,76251,163d69f868ecfb0633da345bcd2988c90464518a9d749d1205c6c16f7ce42a77
resnet,electrode,29,bandpass_n20002_cRA_V2_V5_independent_rms_s5,phase2/results/predictions/full/electrode/resnet/seed_29/bandpass_n20002_cRA_V2_V5_independent_rms_s5.npz,76060,31561f305db5e7729cc30cec9145cb4ca22e0c5b88643b9df56aac177168263e
resnet,electrode,29,bandpass_n20002_cRA_V2_V5_independent_rms_s0,phase2/results/predictions/full/electrode/resnet/seed_29/bandpass_n20002_cRA_V2_V5_independent_rms_s0.npz,75535,edda8e3223a965e75bf459dc25f323bf4bba232c8f993dee5ac60c6e1a3351f6
resnet,electrode,29,bandpass_n20002_cRA_V2_V5_electrode_s20,phase2/results/predictions/full/electrode/resnet/seed_29/bandpass_n20002_cRA_V2_V5_electrode_s20.npz,76320,fc12f0d6bf7080f2e7077b412674e73606af264644be5a137b9359311e992d56
resnet,electrode,29,bandpass_n20002_cRA_V2_V5_electrode_s15,phase2/results/predictions/full/electrode/resnet/seed_29/bandpass_n20002_cRA_V2_V5_electrode_s15.npz,76309,fb07649d260d3856e74ab9e9cf8eb89fc3e0789d9aae912202cb44d9a32612de
resnet,electrode,29,bandpass_n20002_cRA_V2_V5_electrode_s10,phase2/results/predictions/full/electrode/resnet/seed_29/bandpass_n20002_cRA_V2_V5_electrode_s10.npz,76233,bceaca2c900e0b07d8214d670e914cab3559922b0e40cfd270b77c967f4391b7
resnet,electrode,29,bandpass_n20002_cRA_V2_V5_electrode_s5,phase2/results/predictions/full/electrode/resnet/seed_29/bandpass_n20002_cRA_V2_V5_electrode_s5.npz,76028,1f1b40a3f86ca9896b4d6d7b1b991b4a11e821e0ab066956551d804cb5e37f27
resnet,electrode,29,bandpass_n20002_cRA_V2_V5_electrode_s0,phase2/results/predictions/full/electrode/resnet/seed_29/bandpass_n20002_cRA_V2_V5_electrode_s0.npz,75442,2876dd10fdaac2f064659badfe1a5ed0b9233c8ff09d1b65342da62c41a9f041
resnet,electrode,29,bandpass_n20002_cRA_V2_V5_covariance_s20,phase2/results/predictions/full/electrode/resnet/seed_29/bandpass_n20002_cRA_V2_V5_covariance_s20.npz,76332,1846ee97cd7cc409f33bb2a93d2e1132f3f4356c82cdfcc45a9d10040c604bbb
resnet,electrode,29,bandpass_n20002_cRA_V2_V5_covariance_s15,phase2/results/predictions/full/electrode/resnet/seed_29/bandpass_n20002_cRA_V2_V5_covariance_s15.npz,76316,cab151c3d590012b12f1b9d3607c0fe0224be5e6b3acee3529eed073d8500dd0
resnet,electrode,29,bandpass_n20002_cRA_V2_V5_covariance_s10,phase2/results/predictions/full/electrode/resnet/seed_29/bandpass_n20002_cRA_V2_V5_covariance_s10.npz,76259,96dcb36f0a15c36b190629e34ec0bd282849d2b37bea378c29c40168a3582826
resnet,electrode,29,bandpass_n20002_cRA_V2_V5_covariance_s5,phase2/results/predictions/full/electrode/resnet/seed_29/bandpass_n20002_cRA_V2_V5_covariance_s5.npz,76012,1c8a33bc9dbeee976ce9490e8a0ed96692e5c18b140ee3c502dc32bec49c32ef
resnet,electrode,29,bandpass_n20002_cRA_V2_V5_covariance_s0,phase2/results/predictions/full/electrode/resnet/seed_29/bandpass_n20002_cRA_V2_V5_covariance_s0.npz,75437,a0989f860109cf8b64ad3f60dcf54e527f8c2fb136ae84d733bf4289c7098730
resnet,electrode,29,bandpass_n20002_cLA_V3_V6_independent_rms_s20,phase2/results/predictions/full/electrode/resnet/seed_29/bandpass_n20002_cLA_V3_V6_independent_rms_s20.npz,76354,c5a7ef8e55f0d647a0998c770a0eb7235493611865963e32bee2f2a67e8582df
resnet,electrode,29,bandpass_n20002_cLA_V3_V6_independent_rms_s15,phase2/results/predictions/full/electrode/resnet/seed_29/bandpass_n20002_cLA_V3_V6_independent_rms_s15.npz,76331,4526b9735ece5b1e7833d0f302c86e6ad3008ff1d2e9997d15d8b460edf559bc
resnet,electrode,29,bandpass_n20002_cLA_V3_V6_independent_rms_s10,phase2/results/predictions/full/electrode/resnet/seed_29/bandpass_n20002_cLA_V3_V6_independent_rms_s10.npz,76265,7532c8d57e77320e9e05eefe95f97b781862a029d2d7d635ab885a971f062183
resnet,electrode,29,bandpass_n20002_cLA_V3_V6_independent_rms_s5,phase2/results/predictions/full/electrode/resnet/seed_29/bandpass_n20002_cLA_V3_V6_independent_rms_s5.npz,76106,1bd634e5ffa7830381bd9d5a2b32d0063c4f2efc35d708e9e477a93b5b1f2ea8
resnet,electrode,29,bandpass_n20002_cLA_V3_V6_independent_rms_s0,phase2/results/predictions/full/electrode/resnet/seed_29/bandpass_n20002_cLA_V3_V6_independent_rms_s0.npz,75622,eaa5acff0bfef6be1747dbf4bb9ccb0946daa317f1f91abac3f5a2f810ee6641
resnet,electrode,29,bandpass_n20002_cLA_V3_V6_electrode_s20,phase2/results/predictions/full/electrode/resnet/seed_29/bandpass_n20002_cLA_V3_V6_electrode_s20.npz,76348,4f0634dc67239c556c6585aaa77fa07a23fa465920e4450b8e02bfd268c91104
resnet,electrode,29,bandpass_n20002_cLA_V3_V6_electrode_s15,phase2/results/predictions/full/electrode/resnet/seed_29/bandpass_n20002_cLA_V3_V6_electrode_s15.npz,76291,b6e93da889a09777e7e83e3dd2431fb7c77ad307ca8e2d0720b8d50f4bf037e9
resnet,electrode,29,bandpass_n20002_cLA_V3_V6_electrode_s10,phase2/results/predictions/full/electrode/resnet/seed_29/bandpass_n20002_cLA_V3_V6_electrode_s10.npz,76273,1aa567a0c347f8586ce3e7af7c7d0b1fe747b02e619917ae109160b12085b393
resnet,electrode,29,bandpass_n20002_cLA_V3_V6_electrode_s5,phase2/results/predictions/full/electrode/resnet/seed_29/bandpass_n20002_cLA_V3_V6_electrode_s5.npz,76041,0f80e97b014ced83879c9e42383065311f94319d73e55cdfd74320ea49c00e17
resnet,electrode,29,bandpass_n20002_cLA_V3_V6_electrode_s0,phase2/results/predictions/full/electrode/resnet/seed_29/bandpass_n20002_cLA_V3_V6_electrode_s0.npz,75520,45d6376c5f9d39fc0ad33539bf31001eaeb39811f1a29761ce695a394cf39844
resnet,electrode,29,bandpass_n20002_cLA_V3_V6_covariance_s20,phase2/results/predictions/full/electrode/resnet/seed_29/bandpass_n20002_cLA_V3_V6_covariance_s20.npz,76309,5d1080a8fd53b0e5dc1ddf46e855ad550d87d45343c550123372291076d20dbd
resnet,electrode,29,bandpass_n20002_cLA_V3_V6_covariance_s15,phase2/results/predictions/full/electrode/resnet/seed_29/bandpass_n20002_cLA_V3_V6_covariance_s15.npz,76291,1d20fb9d2eef2e90204d32662cc93169692c620b76e58a95e5cb7fa7d8ef1863
resnet,electrode,29,bandpass_n20002_cLA_V3_V6_covariance_s10,phase2/results/predictions/full/electrode/resnet/seed_29/bandpass_n20002_cLA_V3_V6_covariance_s10.npz,76253,8c47e6c5e32be2754f28294cca47887c516dc27469d2c019d82b73344911cfb0
resnet,electrode,29,bandpass_n20002_cLA_V3_V6_covariance_s5,phase2/results/predictions/full/electrode/resnet/seed_29/bandpass_n20002_cLA_V3_V6_covariance_s5.npz,76044,247bf3cb13a4a669add37aaa29c07ab73660420c98c4f0678418df9645fa389b
resnet,electrode,29,bandpass_n20002_cLA_V3_V6_covariance_s0,phase2/results/predictions/full/electrode/resnet/seed_29/bandpass_n20002_cLA_V3_V6_covariance_s0.npz,75507,52d3b89fdd804efd9d586e920676385cda0aafe4bdf1eef4a4f323ba60474892
resnet,electrode,29,bandpass_n20002_cLL_V1_V4_independent_rms_s20,phase2/results/predictions/full/electrode/resnet/seed_29/bandpass_n20002_cLL_V1_V4_independent_rms_s20.npz,76304,3baaecdaf74854bde62b4c8d65dbd0406dbe7eadd03a09cfd16418a132b0d1de
resnet,electrode,29,bandpass_n20002_cLL_V1_V4_independent_rms_s15,phase2/results/predictions/full/electrode/resnet/seed_29/bandpass_n20002_cLL_V1_V4_independent_rms_s15.npz,76326,273ec2152d413789560c0543f26cd53fec94c56ce7cbe8db1c40494c0e39b98b
resnet,electrode,29,bandpass_n20002_cLL_V1_V4_independent_rms_s10,phase2/results/predictions/full/electrode/resnet/seed_29/bandpass_n20002_cLL_V1_V4_independent_rms_s10.npz,76271,96cd8ba22460bfae3c08c7c6ddfdbea09334fd31464bc85f3328126c788da5ce
resnet,electrode,29,bandpass_n20002_cLL_V1_V4_independent_rms_s5,phase2/results/predictions/full/electrode/resnet/seed_29/bandpass_n20002_cLL_V1_V4_independent_rms_s5.npz,76078,b95dd6f4f14f63b4950e6fc70b7178610db388edfec354ed13e11ec91f2d0029
resnet,electrode,29,bandpass_n20002_cLL_V1_V4_independent_rms_s0,phase2/results/predictions/full/electrode/resnet/seed_29/bandpass_n20002_cLL_V1_V4_independent_rms_s0.npz,75560,2de7e2b8af3263a2f0a47b9c9fc220f4de6d448ded06db4b6f73eb7cdf02e1a7
resnet,electrode,29,bandpass_n20002_cLL_V1_V4_electrode_s20,phase2/results/predictions/full/electrode/resnet/seed_29/bandpass_n20002_cLL_V1_V4_electrode_s20.npz,76309,71b4d4d22c671ceed80c72b23e538c0d0ab32cabaaa18ea83809c9e5c519e756
resnet,electrode,29,bandpass_n20002_cLL_V1_V4_electrode_s15,phase2/results/predictions/full/electrode/resnet/seed_29/bandpass_n20002_cLL_V1_V4_electrode_s15.npz,76280,f23bf1dd277b1e5e31ca5ba3da0304a46b8d1a51d4313a7497f181812cec4977
resnet,electrode,29,bandpass_n20002_cLL_V1_V4_electrode_s10,phase2/results/predictions/full/electrode/resnet/seed_29/bandpass_n20002_cLL_V1_V4_electrode_s10.npz,76242,f804078838c9d85575b9bbcbad1cb34f74209026601696f91143aed460e461ea
resnet,electrode,29,bandpass_n20002_cLL_V1_V4_electrode_s5,phase2/results/predictions/full/electrode/resnet/seed_29/bandpass_n20002_cLL_V1_V4_electrode_s5.npz,75984,fd0b3efcfa4e37c2ea8178d923afbb22858e58794e613b8c3257edeff832fe8d
resnet,electrode,29,bandpass_n20002_cLL_V1_V4_electrode_s0,phase2/results/predictions/full/electrode/resnet/seed_29/bandpass_n20002_cLL_V1_V4_electrode_s0.npz,75543,31b5773f8bce4bf43e644416660bb3c4683a22e05a62f72a1dbad59a3ff1217b
resnet,electrode,29,bandpass_n20002_cLL_V1_V4_covariance_s20,phase2/results/predictions/full/electrode/resnet/seed_29/bandpass_n20002_cLL_V1_V4_covariance_s20.npz,76336,4f1a80273507937b42bd6aaaf2d79fe48149263e096f205ba9f401d35be7d021
resnet,electrode,29,bandpass_n20002_cLL_V1_V4_covariance_s15,phase2/results/predictions/full/electrode/resnet/seed_29/bandpass_n20002_cLL_V1_V4_covariance_s15.npz,76297,39ba3dd99f19721d0294c686a1a3c868fd6454e179e2403a5a4db2c903cb9c2f
resnet,electrode,29,bandpass_n20002_cLL_V1_V4_covariance_s10,phase2/results/predictions/full/electrode/resnet/seed_29/bandpass_n20002_cLL_V1_V4_covariance_s10.npz,76226,224537642b405725a15d33113d111717808dc736e2383a029ce29bb358f9e9a4
resnet,electrode,29,bandpass_n20002_cLL_V1_V4_covariance_s5,phase2/results/predictions/full/electrode/resnet/seed_29/bandpass_n20002_cLL_V1_V4_covariance_s5.npz,76009,a6cfd0676014e0882b69bddc5078057921a16f4ed198e37619bc8361cca4e952
resnet,electrode,29,bandpass_n20002_cLL_V1_V4_covariance_s0,phase2/results/predictions/full/electrode/resnet/seed_29/bandpass_n20002_cLL_V1_V4_covariance_s0.npz,75528,5ab8ecc34e972f243c04ff7bb4819ef1346af410dd6663467bc7fc1bb594e79e
resnet,electrode,29,bandpass_n20002_call_independent_rms_s20,phase2/results/predictions/full/electrode/resnet/seed_29/bandpass_n20002_call_independent_rms_s20.npz,76280,94050d984ffcff970da0ca4761a9600e63ac9c019ae2654e6ed555f9c694accd
resnet,electrode,29,bandpass_n20002_call_independent_rms_s15,phase2/results/predictions/full/electrode/resnet/seed_29/bandpass_n20002_call_independent_rms_s15.npz,76283,a27f60631208de8d206877ffaa4286c96b4858cd4f2260bd307206c52f306086
resnet,electrode,29,bandpass_n20002_call_independent_rms_s10,phase2/results/predictions/full/electrode/resnet/seed_29/bandpass_n20002_call_independent_rms_s10.npz,76244,ecb70208d7488000a4babc889f65aaafaa56b912105aca44de3d9c483b278567
resnet,electrode,29,bandpass_n20002_call_independent_rms_s5,phase2/results/predictions/full/electrode/resnet/seed_29/bandpass_n20002_call_independent_rms_s5.npz,76043,f8740bc59a2a73fab94727adf1d27bcd1a1ab7f4b6bd68912c24d12921c62188
resnet,electrode,29,bandpass_n20002_call_independent_rms_s0,phase2/results/predictions/full/electrode/resnet/seed_29/bandpass_n20002_call_independent_rms_s0.npz,75542,a912936dd0d956516f153935b800ea3d83d503984b954eded59f72cf1a181d5b
resnet,electrode,29,bandpass_n20002_call_electrode_s20,phase2/results/predictions/full/electrode/resnet/seed_29/bandpass_n20002_call_electrode_s20.npz,76297,092bb51a8cd328033380dd5944aab6f013f9a018b20e7f1fcc63eb0211c2daa8
resnet,electrode,29,bandpass_n20002_call_electrode_s15,phase2/results/predictions/full/electrode/resnet/seed_29/bandpass_n20002_call_electrode_s15.npz,76271,3424203eb43dfff0e7c7c1551a557a928556fb5d9e971a51f3b832ffba717d69
resnet,electrode,29,bandpass_n20002_call_electrode_s10,phase2/results/predictions/full/electrode/resnet/seed_29/bandpass_n20002_call_electrode_s10.npz,76193,8ece3f4243a01cd5bc70723f49ecb81f4445eaa247d1d966725ca02d590ff0b6
resnet,electrode,29,bandpass_n20002_call_electrode_s5,phase2/results/predictions/full/electrode/resnet/seed_29/bandpass_n20002_call_electrode_s5.npz,75980,b38872319e2a33db3b208d6cf7826a5e75d3fffe3f47aa5c0622205d9481590e
resnet,electrode,29,bandpass_n20002_call_electrode_s0,phase2/results/predictions/full/electrode/resnet/seed_29/bandpass_n20002_call_electrode_s0.npz,75445,9b5e0af1f9a7f1cd7774e021091cb2f1fe917b6bbb419246e58a72682fb016b4
resnet,electrode,29,bandpass_n20002_call_covariance_s20,phase2/results/predictions/full/electrode/resnet/seed_29/bandpass_n20002_call_covariance_s20.npz,76288,f6f457dc65ce0b696b422098f3c910e56ae4c37fe799ba55ccf89a5ea8f98b56
resnet,electrode,29,bandpass_n20002_call_covariance_s15,phase2/results/predictions/full/electrode/resnet/seed_29/bandpass_n20002_call_covariance_s15.npz,76261,eace99e042d10423fd91b7ee855342a5696d8702f5c43e49f6539f0727aaee27
resnet,electrode,29,bandpass_n20002_call_covariance_s10,phase2/results/predictions/full/electrode/resnet/seed_29/bandpass_n20002_call_covariance_s10.npz,76213,1ad8d8bc97ec5a7b3938fb5fdc43213ef0949d0539cec2f2f83021daebfa0e61
resnet,electrode,29,bandpass_n20002_call_covariance_s5,phase2/results/predictions/full/electrode/resnet/seed_29/bandpass_n20002_call_covariance_s5.npz,76008,c65a24a888fcef9f98d2033a35f8c2158c592149be76c10f3b735eb4a3435df6
resnet,electrode,29,bandpass_n20002_call_covariance_s0,phase2/results/predictions/full/electrode/resnet/seed_29/bandpass_n20002_call_covariance_s0.npz,75418,14208b238651846dd209d560e54300fe708cf9097d501d164b65648567e83e19
resnet,electrode,29,bandpass_n20003_cRA_LA_LL_independent_rms_s20,phase2/results/predictions/full/electrode/resnet/seed_29/bandpass_n20003_cRA_LA_LL_independent_rms_s20.npz,76314,c3080fdf6cfe3ce8f92e159771df020829b5407c31f76ddc7ecf5cee6e56988d
resnet,electrode,29,bandpass_n20003_cRA_LA_LL_independent_rms_s15,phase2/results/predictions/full/electrode/resnet/seed_29/bandpass_n20003_cRA_LA_LL_independent_rms_s15.npz,76344,9f11d5c9f1a4aeca61fdd896769476fefe06a0dad80200655d8a1c5618d529ee
resnet,electrode,29,bandpass_n20003_cRA_LA_LL_independent_rms_s10,phase2/results/predictions/full/electrode/resnet/seed_29/bandpass_n20003_cRA_LA_LL_independent_rms_s10.npz,76235,1a4e915cb91201e526b674937b25cc76be5b1f9f26c1b4810b5dfc9ba5b0c2bf
resnet,electrode,29,bandpass_n20003_cRA_LA_LL_independent_rms_s5,phase2/results/predictions/full/electrode/resnet/seed_29/bandpass_n20003_cRA_LA_LL_independent_rms_s5.npz,76082,518cf07e94bfafb5a5721a6b653f532786b93e92e1d6cca2e6131f3e49b5c94e
resnet,electrode,29,bandpass_n20003_cRA_LA_LL_independent_rms_s0,phase2/results/predictions/full/electrode/resnet/seed_29/bandpass_n20003_cRA_LA_LL_independent_rms_s0.npz,75543,7347f0088662a6e19175b0f1a6e41c2084a5d8688b1fd58fc2b656e931adf3b8
resnet,electrode,29,bandpass_n20003_cRA_LA_LL_electrode_s20,phase2/results/predictions/full/electrode/resnet/seed_29/bandpass_n20003_cRA_LA_LL_electrode_s20.npz,76300,5210034b7a2cd5dd0722de7c2ccb163b0a0319c23b7a09092d74f0ad697d4d1e
resnet,electrode,29,bandpass_n20003_cRA_LA_LL_electrode_s15,phase2/results/predictions/full/electrode/resnet/seed_29/bandpass_n20003_cRA_LA_LL_electrode_s15.npz,76290,e0a727c865dcd13f37be63be7eb57aedef5491cd3861bedeb416dcd6f310f484
resnet,electrode,29,bandpass_n20003_cRA_LA_LL_electrode_s10,phase2/results/predictions/full/electrode/resnet/seed_29/bandpass_n20003_cRA_LA_LL_electrode_s10.npz,76230,32051551b6a3b1de54e2ea36782497776ab99d3209562d9c367d5a1b533b5dbd
resnet,electrode,29,bandpass_n20003_cRA_LA_LL_electrode_s5,phase2/results/predictions/full/electrode/resnet/seed_29/bandpass_n20003_cRA_LA_LL_electrode_s5.npz,76013,ef1da89e15e27588ff81fc82651d3c7ba529c32f3b8860f6bb1d4cbfca3468aa
resnet,electrode,29,bandpass_n20003_cRA_LA_LL_electrode_s0,phase2/results/predictions/full/electrode/resnet/seed_29/bandpass_n20003_cRA_LA_LL_electrode_s0.npz,75363,699e3e40c0d21040e85c194ed4395550ba861c0da4e9947a3e2eb48614261deb
resnet,electrode,29,bandpass_n20003_cRA_LA_LL_covariance_s20,phase2/results/predictions/full/electrode/resnet/seed_29/bandpass_n20003_cRA_LA_LL_covariance_s20.npz,76303,8b265c984bcb6bee2c576688e7845ee714ee0f7b03b472de10e71286fbb387bb
resnet,electrode,29,bandpass_n20003_cRA_LA_LL_covariance_s15,phase2/results/predictions/full/electrode/resnet/seed_29/bandpass_n20003_cRA_LA_LL_covariance_s15.npz,76288,4a9266eb3de522909453544be142439f4924c626da2b510ddd95981a216596ed
resnet,electrode,29,bandpass_n20003_cRA_LA_LL_covariance_s10,phase2/results/predictions/full/electrode/resnet/seed_29/bandpass_n20003_cRA_LA_LL_covariance_s10.npz,76260,104a950c0dc05c16c3479dfe2108a88bf5d3fed163a3b9e20e669a01631dcabd
resnet,electrode,29,bandpass_n20003_cRA_LA_LL_covariance_s5,phase2/results/predictions/full/electrode/resnet/seed_29/bandpass_n20003_cRA_LA_LL_covariance_s5.npz,75955,63d362d4eb654fffff78c4887ad3c4ec10b4a9cc9fb8201b0f85d9dc8cdcaa8e
resnet,electrode,29,bandpass_n20003_cRA_LA_LL_covariance_s0,phase2/results/predictions/full/electrode/resnet/seed_29/bandpass_n20003_cRA_LA_LL_covariance_s0.npz,75420,492516ddded843f4ad0f4635ddb2ec539455c7d524120ed497ac32430226fe55
resnet,electrode,29,bandpass_n20003_cV1_independent_rms_s20,phase2/results/predictions/full/electrode/resnet/seed_29/bandpass_n20003_cV1_independent_rms_s20.npz,76346,a66aa35b2018cf5a0fd5109b457f5dd8a76f4978d9a139bd5895da3e2573d3fc
resnet,electrode,29,bandpass_n20003_cV1_independent_rms_s15,phase2/results/predictions/full/electrode/resnet/seed_29/bandpass_n20003_cV1_independent_rms_s15.npz,76300,c4292e4e61ff73c4c7bff554a7d6f8aba49d70de871046eae056dab6005abbc3
resnet,electrode,29,bandpass_n20003_cV1_independent_rms_s10,phase2/results/predictions/full/electrode/resnet/seed_29/bandpass_n20003_cV1_independent_rms_s10.npz,76253,7e2eb701316420ee636cbee27a9197c8b461857cf6245fb9529f53470e051ac9
resnet,electrode,29,bandpass_n20003_cV1_independent_rms_s5,phase2/results/predictions/full/electrode/resnet/seed_29/bandpass_n20003_cV1_independent_rms_s5.npz,76012,ea1b0276886ae4dc988a608e80c94e1c31ea35f10156e82600963d3aec8e1d19
resnet,electrode,29,bandpass_n20003_cV1_independent_rms_s0,phase2/results/predictions/full/electrode/resnet/seed_29/bandpass_n20003_cV1_independent_rms_s0.npz,75415,9b2c18f9e2d17aef3b89aa0757c95547ff2a0b34d17548bde902f27f174958f2
resnet,electrode,29,bandpass_n20003_cV1_electrode_s20,phase2/results/predictions/full/electrode/resnet/seed_29/bandpass_n20003_cV1_electrode_s20.npz,76297,6d99e308152a9cb9ab396c09e75781aaf490c42facdde69e7b1308edc94619f3
resnet,electrode,29,bandpass_n20003_cV1_electrode_s15,phase2/results/predictions/full/electrode/resnet/seed_29/bandpass_n20003_cV1_electrode_s15.npz,76284,88318757b42eaceb7997892fbe1b1e86feb7bdb42f2637d2b5b77567d32c2210
resnet,electrode,29,bandpass_n20003_cV1_electrode_s10,phase2/results/predictions/full/electrode/resnet/seed_29/bandpass_n20003_cV1_electrode_s10.npz,76216,be78a9555d205a19e02c8c08fc951d639c6db656bfec8637777c014010eebaf6
resnet,electrode,29,bandpass_n20003_cV1_electrode_s5,phase2/results/predictions/full/electrode/resnet/seed_29/bandpass_n20003_cV1_electrode_s5.npz,75999,b37505693a93abc87b1841d2a325319bec281eec02b4955c1b934dfaded57516
resnet,electrode,29,bandpass_n20003_cV1_electrode_s0,phase2/results/predictions/full/electrode/resnet/seed_29/bandpass_n20003_cV1_electrode_s0.npz,75372,65661498271a7c646c098af0d31ca5f54e075253dad27f49585e05c6e5357bd1
resnet,electrode,29,bandpass_n20003_cV1_covariance_s20,phase2/results/predictions/full/electrode/resnet/seed_29/bandpass_n20003_cV1_covariance_s20.npz,76314,97400eb70e89ec849fb54dc54790dc164040c2a86bcb116ebc65123b0a1911fb
resnet,electrode,29,bandpass_n20003_cV1_covariance_s15,phase2/results/predictions/full/electrode/resnet/seed_29/bandpass_n20003_cV1_covariance_s15.npz,76290,d3997d84de6c834c3e7b090a4e3717be87cf10e66c54a791a47b86aee26e8e97
resnet,electrode,29,bandpass_n20003_cV1_covariance_s10,phase2/results/predictions/full/electrode/resnet/seed_29/bandpass_n20003_cV1_covariance_s10.npz,76229,53843c060b23cf7f48437eada7627f7704cfe51db6ae6580d06bd398094f00c6
resnet,electrode,29,bandpass_n20003_cV1_covariance_s5,phase2/results/predictions/full/electrode/resnet/seed_29/bandpass_n20003_cV1_covariance_s5.npz,75990,1da30519b8cb4973c43185f979052ff7034e682f5e82baad6b112387f9fe22c6
resnet,electrode,29,bandpass_n20003_cV1_covariance_s0,phase2/results/predictions/full/electrode/resnet/seed_29/bandpass_n20003_cV1_covariance_s0.npz,75412,6e8d003a639a60250edaf09b3428ededd28650ee57d0d4630f40dc54c45a266c
resnet,electrode,29,bandpass_n20003_cV2_independent_rms_s20,phase2/results/predictions/full/electrode/resnet/seed_29/bandpass_n20003_cV2_independent_rms_s20.npz,76308,007cd2ff3c853ee2a45140effeb6498192fb379ae700dbdc6dff56ef6463d244
resnet,electrode,29,bandpass_n20003_cV2_independent_rms_s15,phase2/results/predictions/full/electrode/resnet/seed_29/bandpass_n20003_cV2_independent_rms_s15.npz,76317,d95935e5cf39ead60be430e28a422eb4b75741e78caedea054aa54d27d0a123d
resnet,electrode,29,bandpass_n20003_cV2_independent_rms_s10,phase2/results/predictions/full/electrode/resnet/seed_29/bandpass_n20003_cV2_independent_rms_s10.npz,76269,b9a425764aa4037bdb5df45155065fdafb68b624dfe82c640bffa001a5358ff3
resnet,electrode,29,bandpass_n20003_cV2_independent_rms_s5,phase2/results/predictions/full/electrode/resnet/seed_29/bandpass_n20003_cV2_independent_rms_s5.npz,76074,aaf6ad89a9c938e420793557d5b0cb649e5b06d61df83fb8a469379ba4c4bf2a
resnet,electrode,29,bandpass_n20003_cV2_independent_rms_s0,phase2/results/predictions/full/electrode/resnet/seed_29/bandpass_n20003_cV2_independent_rms_s0.npz,75525,1a10df4aeb67276240cf57f37d4309d36b10f292372b9940bd05d681a6ef249e
resnet,electrode,29,bandpass_n20003_cV2_electrode_s20,phase2/results/predictions/full/electrode/resnet/seed_29/bandpass_n20003_cV2_electrode_s20.npz,76314,01fcaf9d78e870da22ca36933f11f30c0bc8f4697a5f0cc4439440f2a848746e
resnet,electrode,29,bandpass_n20003_cV2_electrode_s15,phase2/results/predictions/full/electrode/resnet/seed_29/bandpass_n20003_cV2_electrode_s15.npz,76258,551a15300d132865894af01cf325950e9241058fe867e1da5448572cf6e0ec14
resnet,electrode,29,bandpass_n20003_cV2_electrode_s10,phase2/results/predictions/full/electrode/resnet/seed_29/bandpass_n20003_cV2_electrode_s10.npz,76227,ad558990b9108fd6cca12523d2f712f934e01c3917bce498faca0211d5175ad0
resnet,electrode,29,bandpass_n20003_cV2_electrode_s5,phase2/results/predictions/full/electrode/resnet/seed_29/bandpass_n20003_cV2_electrode_s5.npz,76034,60d954658c3a1b18972ff0196b66c895c3d8b4f1daab7ec466408d904bfa11b1
resnet,electrode,29,bandpass_n20003_cV2_electrode_s0,phase2/results/predictions/full/electrode/resnet/seed_29/bandpass_n20003_cV2_electrode_s0.npz,75500,74e8cb7f3759f4f869aadbd8f056fe5f7ebd25a31d420b396ad0c02d1c2ec523
resnet,electrode,29,bandpass_n20003_cV2_covariance_s20,phase2/results/predictions/full/electrode/resnet/seed_29/bandpass_n20003_cV2_covariance_s20.npz,76324,1596e1f40c2c7fff8c2dfc2a21e81cc3d8afcac1f35252f56bec80dc487ccb3a
resnet,electrode,29,bandpass_n20003_cV2_covariance_s15,phase2/results/predictions/full/electrode/resnet/seed_29/bandpass_n20003_cV2_covariance_s15.npz,76296,0c31affe4bf9630b5e8adee73df717a287fd3b8198e9a9e952a5947cd9861a66
resnet,electrode,29,bandpass_n20003_cV2_covariance_s10,phase2/results/predictions/full/electrode/resnet/seed_29/bandpass_n20003_cV2_covariance_s10.npz,76244,ec9aea93c28378dcd2223b853e61630a860cf833d6669ca8d61bb6f621f21902
resnet,electrode,29,bandpass_n20003_cV2_covariance_s5,phase2/results/predictions/full/electrode/resnet/seed_29/bandpass_n20003_cV2_covariance_s5.npz,76047,027458f8b01dcb67ebe444d281b96d4f29ddd13da987cd329fe32f97c8419335
resnet,electrode,29,bandpass_n20003_cV2_covariance_s0,phase2/results/predictions/full/electrode/resnet/seed_29/bandpass_n20003_cV2_covariance_s0.npz,75488,decef6b4bbdf7d9a2df5e0a3d89b4368f9ab8c5e97522c81e2678e6367cc6071
resnet,electrode,29,bandpass_n20003_cV3_independent_rms_s20,phase2/results/predictions/full/electrode/resnet/seed_29/bandpass_n20003_cV3_independent_rms_s20.npz,76309,ade736f7afff15091ee41a75168df07707531aed4de7f357a6d9aa6e1ef7b7c1
resnet,electrode,29,bandpass_n20003_cV3_independent_rms_s15,phase2/results/predictions/full/electrode/resnet/seed_29/bandpass_n20003_cV3_independent_rms_s15.npz,76274,9deb69a40aef83a35c61327fe5c80b095cfef9a5b883772fe3b9f49b0ad88f3d
resnet,electrode,29,bandpass_n20003_cV3_independent_rms_s10,phase2/results/predictions/full/electrode/resnet/seed_29/bandpass_n20003_cV3_independent_rms_s10.npz,76276,783e36e0dd742498f0d9a2eb5e7a191f69c24df91878e27ae5696fee999179a2
resnet,electrode,29,bandpass_n20003_cV3_independent_rms_s5,phase2/results/predictions/full/electrode/resnet/seed_29/bandpass_n20003_cV3_independent_rms_s5.npz,76197,3d1925f978a147bba3eb58aab01e9f4cf71d4c44e3d3944bfd7006f13cacbd0d
resnet,electrode,29,bandpass_n20003_cV3_independent_rms_s0,phase2/results/predictions/full/electrode/resnet/seed_29/bandpass_n20003_cV3_independent_rms_s0.npz,75843,16b1824b2f68a5ff09525b7163fcda41cf9424a6c974d9c0a8c03cb016137fcb
resnet,electrode,29,bandpass_n20003_cV3_electrode_s20,phase2/results/predictions/full/electrode/resnet/seed_29/bandpass_n20003_cV3_electrode_s20.npz,76311,819288e28e93552c59e3cc89a5cf0290ad58c15ec3ca739f6410a034ed0a4b07
resnet,electrode,29,bandpass_n20003_cV3_electrode_s15,phase2/results/predictions/full/electrode/resnet/seed_29/bandpass_n20003_cV3_electrode_s15.npz,76302,0cedd62a24b07ee2be47bb3df409b377139f90ec4f371711a4510896355af556
resnet,electrode,29,bandpass_n20003_cV3_electrode_s10,phase2/results/predictions/full/electrode/resnet/seed_29/bandpass_n20003_cV3_electrode_s10.npz,76259,1727b48fbcdfbdb6369dbedcf73370f1514b382e4f74c2dad451ffe4b17f4b53
resnet,electrode,29,bandpass_n20003_cV3_electrode_s5,phase2/results/predictions/full/electrode/resnet/seed_29/bandpass_n20003_cV3_electrode_s5.npz,76166,c54496cbc3fcf11aa2903542fce60cbd161259be9ded69f26e68230ae364d9e2
resnet,electrode,29,bandpass_n20003_cV3_electrode_s0,phase2/results/predictions/full/electrode/resnet/seed_29/bandpass_n20003_cV3_electrode_s0.npz,75810,93dcbb80ed26309d781aa9d51fcddfbc1f70d399f03fa9035ea58221a8f88111
resnet,electrode,29,bandpass_n20003_cV3_covariance_s20,phase2/results/predictions/full/electrode/resnet/seed_29/bandpass_n20003_cV3_covariance_s20.npz,76283,aa06412986315344ccb2c5cbc555965db3d05613160afbb63360513ea7f494bb
resnet,electrode,29,bandpass_n20003_cV3_covariance_s15,phase2/results/predictions/full/electrode/resnet/seed_29/bandpass_n20003_cV3_covariance_s15.npz,76308,91d4358c9cd715e7d4f58e825b288e25cb2fb1b5ca3aeb8c645bf1378a6d608f
resnet,electrode,29,bandpass_n20003_cV3_covariance_s10,phase2/results/predictions/full/electrode/resnet/seed_29/bandpass_n20003_cV3_covariance_s10.npz,76327,a6a7caa963a806f14887f0288792ff1fef66da8fb58a2b2e998d20180b181496
resnet,electrode,29,bandpass_n20003_cV3_covariance_s5,phase2/results/predictions/full/electrode/resnet/seed_29/bandpass_n20003_cV3_covariance_s5.npz,76137,ef6e3e7f45d67c00efd1a37a457ce909108aeef8090df2af6fa1bcbcc6845853
resnet,electrode,29,bandpass_n20003_cV3_covariance_s0,phase2/results/predictions/full/electrode/resnet/seed_29/bandpass_n20003_cV3_covariance_s0.npz,75831,0f2f09e2d864a350001f3a56bfdede12bc434878d4a3d780ae5b5f2ade0ab321
resnet,electrode,29,bandpass_n20003_cV4_independent_rms_s20,phase2/results/predictions/full/electrode/resnet/seed_29/bandpass_n20003_cV4_independent_rms_s20.npz,76304,7e5adf3ae5792e3f1642762eee857cbbca996bfbb6d7e63c811b4a3954701b73
resnet,electrode,29,bandpass_n20003_cV4_independent_rms_s15,phase2/results/predictions/full/electrode/resnet/seed_29/bandpass_n20003_cV4_independent_rms_s15.npz,76307,db05cdc0fe5e1d844b977eef7139764cb590443c67cce4e898acea575c55f4bf
resnet,electrode,29,bandpass_n20003_cV4_independent_rms_s10,phase2/results/predictions/full/electrode/resnet/seed_29/bandpass_n20003_cV4_independent_rms_s10.npz,76261,d76747dcf4a3e5e29ab94a5a6defc9881be47ef60da81b5994107b635803e744
resnet,electrode,29,bandpass_n20003_cV4_independent_rms_s5,phase2/results/predictions/full/electrode/resnet/seed_29/bandpass_n20003_cV4_independent_rms_s5.npz,76151,b4d389777db6ab54507370d316052da731bffa248c58f078a2dbbd6b90ee8357
resnet,electrode,29,bandpass_n20003_cV4_independent_rms_s0,phase2/results/predictions/full/electrode/resnet/seed_29/bandpass_n20003_cV4_independent_rms_s0.npz,75759,97e78f66b897608c83806f0dce5c94208208d6952d6274ebc5416f93392da93c
resnet,electrode,29,bandpass_n20003_cV4_electrode_s20,phase2/results/predictions/full/electrode/resnet/seed_29/bandpass_n20003_cV4_electrode_s20.npz,76314,36d439d5db5de733076eae8f66e7b5bb12f97bfc3ea4532b95897a25cb7aa9bb
resnet,electrode,29,bandpass_n20003_cV4_electrode_s15,phase2/results/predictions/full/electrode/resnet/seed_29/bandpass_n20003_cV4_electrode_s15.npz,76332,5c1d3b024ee9b8f8893adb072c5976696e5cde64d522777222cf2b8bb34a4aa2
resnet,electrode,29,bandpass_n20003_cV4_electrode_s10,phase2/results/predictions/full/electrode/resnet/seed_29/bandpass_n20003_cV4_electrode_s10.npz,76255,b3081c78b05b63e79291fe7c146553730f5c06523d6156cdd3774780cb185702
resnet,electrode,29,bandpass_n20003_cV4_electrode_s5,phase2/results/predictions/full/electrode/resnet/seed_29/bandpass_n20003_cV4_electrode_s5.npz,76103,8817f034b6d7ee86f7147dbd3a11beaa7638e987db6cd92a073c523b1ae3e195
resnet,electrode,29,bandpass_n20003_cV4_electrode_s0,phase2/results/predictions/full/electrode/resnet/seed_29/bandpass_n20003_cV4_electrode_s0.npz,75716,b49ff8694d48469ac865000581fea1250aa9d05ad0638ea6074a74013b831f73
resnet,electrode,29,bandpass_n20003_cV4_covariance_s20,phase2/results/predictions/full/electrode/resnet/seed_29/bandpass_n20003_cV4_covariance_s20.npz,76287,7917151d4495cd66e3fb2ac43a161eaf81c9631f76ed773f1489ad3a09460840
resnet,electrode,29,bandpass_n20003_cV4_covariance_s15,phase2/results/predictions/full/electrode/resnet/seed_29/bandpass_n20003_cV4_covariance_s15.npz,76312,c120d66ddd5ca97157aa3642f0b15563b1c568a602ae299a22a30748f3fd56e4
resnet,electrode,29,bandpass_n20003_cV4_covariance_s10,phase2/results/predictions/full/electrode/resnet/seed_29/bandpass_n20003_cV4_covariance_s10.npz,76263,2c820ade30b14d21e48178a085310b1dc291bd7d70ea7683a1e4424767101438
resnet,electrode,29,bandpass_n20003_cV4_covariance_s5,phase2/results/predictions/full/electrode/resnet/seed_29/bandpass_n20003_cV4_covariance_s5.npz,76147,4bec7340a67e5bb346e43d70d561387b554856d37e67867171810b1eb88d765d
resnet,electrode,29,bandpass_n20003_cV4_covariance_s0,phase2/results/predictions/full/electrode/resnet/seed_29/bandpass_n20003_cV4_covariance_s0.npz,75731,4b276bb3250d0afdac725b150a76e4875f84c78463c9c5686a778895b9bb4bf0
resnet,electrode,29,bandpass_n20003_cV5_independent_rms_s20,phase2/results/predictions/full/electrode/resnet/seed_29/bandpass_n20003_cV5_independent_rms_s20.npz,76336,38cc28158e949af135abd4aaa6c665556ce1d039293890f91f090aa232df05f9
resnet,electrode,29,bandpass_n20003_cV5_independent_rms_s15,phase2/results/predictions/full/electrode/resnet/seed_29/bandpass_n20003_cV5_independent_rms_s15.npz,76298,0afd476c91bd5f928913f7650018b716f588ab20654c03943fd72856c4c71ae1
resnet,electrode,29,bandpass_n20003_cV5_independent_rms_s10,phase2/results/predictions/full/electrode/resnet/seed_29/bandpass_n20003_cV5_independent_rms_s10.npz,76267,134fd2233d545a2b35b372ab1119b349d5918e16f0ae585ac4a9e72857611c6d
resnet,electrode,29,bandpass_n20003_cV5_independent_rms_s5,phase2/results/predictions/full/electrode/resnet/seed_29/bandpass_n20003_cV5_independent_rms_s5.npz,76046,5a8572d2689f5e1e8d5850ef98ad8bd2ce2dade4b9eae57e90dfd3ec83c16a99
resnet,electrode,29,bandpass_n20003_cV5_independent_rms_s0,phase2/results/predictions/full/electrode/resnet/seed_29/bandpass_n20003_cV5_independent_rms_s0.npz,75572,36b8588a4df5b1c63e7ddc28ee549d74d0f9089e606303c95fe6da9ae8926eb7
resnet,electrode,29,bandpass_n20003_cV5_electrode_s20,phase2/results/predictions/full/electrode/resnet/seed_29/bandpass_n20003_cV5_electrode_s20.npz,76284,e1f6773f75b3f33599de344bd9a317b2591626c4692c54e00d3a46428de59656
resnet,electrode,29,bandpass_n20003_cV5_electrode_s15,phase2/results/predictions/full/electrode/resnet/seed_29/bandpass_n20003_cV5_electrode_s15.npz,76281,b61beef35d75e6544e52f6e23586711add59487e80fbba9afec77f5596c1bf5b
resnet,electrode,29,bandpass_n20003_cV5_electrode_s10,phase2/results/predictions/full/electrode/resnet/seed_29/bandpass_n20003_cV5_electrode_s10.npz,76238,194909d1b51efe00c9831949920c207d3839005a9e401b9e1e81dc93120e9525
resnet,electrode,29,bandpass_n20003_cV5_electrode_s5,phase2/results/predictions/full/electrode/resnet/seed_29/bandpass_n20003_cV5_electrode_s5.npz,76024,161a75eee744656c7d1dfb6345e3214989de8efee1bdd8da04904eace8e0f78d
resnet,electrode,29,bandpass_n20003_cV5_electrode_s0,phase2/results/predictions/full/electrode/resnet/seed_29/bandpass_n20003_cV5_electrode_s0.npz,75535,08a9c667e9c65f8d3de382508d9b380a17f9f9276c2e74bff6448feb484bf1fa
resnet,electrode,29,bandpass_n20003_cV5_covariance_s20,phase2/results/predictions/full/electrode/resnet/seed_29/bandpass_n20003_cV5_covariance_s20.npz,76294,ff9ce039071c000fd5f35ac34ad2c641d23e927484cac8d422426db2b3f25331
resnet,electrode,29,bandpass_n20003_cV5_covariance_s15,phase2/results/predictions/full/electrode/resnet/seed_29/bandpass_n20003_cV5_covariance_s15.npz,76257,520fe9ec4ce4ace08ecd96b4de3333dfdde7228cd9e9bfd4ca7249c74974edf7
resnet,electrode,29,bandpass_n20003_cV5_covariance_s10,phase2/results/predictions/full/electrode/resnet/seed_29/bandpass_n20003_cV5_covariance_s10.npz,76221,9851fbbbe53a90d00312cbc6c949af5a46f3f053d20876e2e8c0e789e7a38f46
resnet,electrode,29,bandpass_n20003_cV5_covariance_s5,phase2/results/predictions/full/electrode/resnet/seed_29/bandpass_n20003_cV5_covariance_s5.npz,76038,390ce4b185f6f812328942f8444dcfe31bf2844686bcff3d093a9cf3c2b43b31
resnet,electrode,29,bandpass_n20003_cV5_covariance_s0,phase2/results/predictions/full/electrode/resnet/seed_29/bandpass_n20003_cV5_covariance_s0.npz,75539,5a29363b9e78e770509d49885b01a8ce1b546bf1fc220468556832dceb70bac2
resnet,electrode,29,bandpass_n20003_cV6_independent_rms_s20,phase2/results/predictions/full/electrode/resnet/seed_29/bandpass_n20003_cV6_independent_rms_s20.npz,76318,17faa521d04ae5b031faf3dd7acbc8e0c127bb68d2a6eb963eb4207aa7e10da4
resnet,electrode,29,bandpass_n20003_cV6_independent_rms_s15,phase2/results/predictions/full/electrode/resnet/seed_29/bandpass_n20003_cV6_independent_rms_s15.npz,76316,bdac7ca9ff1c212a2989e489285d997b53cf1728d22de0c34c3b1e78cb783fa1
resnet,electrode,29,bandpass_n20003_cV6_independent_rms_s10,phase2/results/predictions/full/electrode/resnet/seed_29/bandpass_n20003_cV6_independent_rms_s10.npz,76269,d50aa3bba914f5c579b10f38b1a2fe77a74332cabeaf738def489cdb2ce85231
resnet,electrode,29,bandpass_n20003_cV6_independent_rms_s5,phase2/results/predictions/full/electrode/resnet/seed_29/bandpass_n20003_cV6_independent_rms_s5.npz,76109,82eb4e20497412b57b0184069a7078459d9d6be597d77dfed73ff3eb0d259b61
resnet,electrode,29,bandpass_n20003_cV6_independent_rms_s0,phase2/results/predictions/full/electrode/resnet/seed_29/bandpass_n20003_cV6_independent_rms_s0.npz,75661,c5c45d6a2266c5c886ad965ea3fecc8ad395837a4be3085e7bbd715ea8da3023
resnet,electrode,29,bandpass_n20003_cV6_electrode_s20,phase2/results/predictions/full/electrode/resnet/seed_29/bandpass_n20003_cV6_electrode_s20.npz,76312,582a78875e999ca1b18886c81e33b651bde6714f6ec3858423854686339c8dbc
resnet,electrode,29,bandpass_n20003_cV6_electrode_s15,phase2/results/predictions/full/electrode/resnet/seed_29/bandpass_n20003_cV6_electrode_s15.npz,76292,da0eff1c48a2dc5e399f554315602ab58374a9913aa601d7945d437e5bc303b9
resnet,electrode,29,bandpass_n20003_cV6_electrode_s10,phase2/results/predictions/full/electrode/resnet/seed_29/bandpass_n20003_cV6_electrode_s10.npz,76245,53b53124ec73f30a64bd6b836297f66ca3634abdeef3dda0ec75dee355925785
resnet,electrode,29,bandpass_n20003_cV6_electrode_s5,phase2/results/predictions/full/electrode/resnet/seed_29/bandpass_n20003_cV6_electrode_s5.npz,76033,4e41987ad2091e8c902eb25c11db09d00eda302232c559f7f506508a171ddf07
resnet,electrode,29,bandpass_n20003_cV6_electrode_s0,phase2/results/predictions/full/electrode/resnet/seed_29/bandpass_n20003_cV6_electrode_s0.npz,75625,e8b9e8b287e999245c1201881981943e075bd7c1eedfb1756f4272d949723ea2
resnet,electrode,29,bandpass_n20003_cV6_covariance_s20,phase2/results/predictions/full/electrode/resnet/seed_29/bandpass_n20003_cV6_covariance_s20.npz,76302,11a498e6f0a66ef57dc1db8c1c53314060bfb83a40cd9de0e43c3c0c6a20d008
resnet,electrode,29,bandpass_n20003_cV6_covariance_s15,phase2/results/predictions/full/electrode/resnet/seed_29/bandpass_n20003_cV6_covariance_s15.npz,76305,1a70383c2acb808060c7f9b02b6534171b1e85034e0ae7bbd96a309dce377666
resnet,electrode,29,bandpass_n20003_cV6_covariance_s10,phase2/results/predictions/full/electrode/resnet/seed_29/bandpass_n20003_cV6_covariance_s10.npz,76208,98d7e5ecbee0bf174043324fe30027393c2654173085be1e15ffd3090158324a
resnet,electrode,29,bandpass_n20003_cV6_covariance_s5,phase2/results/predictions/full/electrode/resnet/seed_29/bandpass_n20003_cV6_covariance_s5.npz,76074,d3d365630e3beadd779941813ced8cd16104ac33aa38289b805e79509d384727
resnet,electrode,29,bandpass_n20003_cV6_covariance_s0,phase2/results/predictions/full/electrode/resnet/seed_29/bandpass_n20003_cV6_covariance_s0.npz,75663,029890e2d7a3a9ec4aeb68593805b2d15227671784d6d9092370964c3f7d6fcd
resnet,electrode,29,bandpass_n20003_cRA_LA_independent_rms_s20,phase2/results/predictions/full/electrode/resnet/seed_29/bandpass_n20003_cRA_LA_independent_rms_s20.npz,76327,9a39ecbd2d10da040c8e105497289306bbe0ed1312d680fc1d6e335a42dbdabb
resnet,electrode,29,bandpass_n20003_cRA_LA_independent_rms_s15,phase2/results/predictions/full/electrode/resnet/seed_29/bandpass_n20003_cRA_LA_independent_rms_s15.npz,76310,974d6d4a9fe0899887ecca0a5e2bf2f0bfe8fd824088f2df8554359087d18104
resnet,electrode,29,bandpass_n20003_cRA_LA_independent_rms_s10,phase2/results/predictions/full/electrode/resnet/seed_29/bandpass_n20003_cRA_LA_independent_rms_s10.npz,76245,331c40dfa387abb2209f9e1dff2012bde657ff471c02b3d3de34b28fc18369f8
resnet,electrode,29,bandpass_n20003_cRA_LA_independent_rms_s5,phase2/results/predictions/full/electrode/resnet/seed_29/bandpass_n20003_cRA_LA_independent_rms_s5.npz,76069,d025218143b9d57112a045f6fef68428efc2a43069341f1d7c7e54818a83bfe9
resnet,electrode,29,bandpass_n20003_cRA_LA_independent_rms_s0,phase2/results/predictions/full/electrode/resnet/seed_29/bandpass_n20003_cRA_LA_independent_rms_s0.npz,75537,d61c25953c7bd96ac4c488aa7c76298bf985cb108d700258fd015df251914075
resnet,electrode,29,bandpass_n20003_cRA_LA_electrode_s20,phase2/results/predictions/full/electrode/resnet/seed_29/bandpass_n20003_cRA_LA_electrode_s20.npz,76287,cbd06cdde47b3295c61f59518059f7c5adfb0320f729070c32adf75c27cf0d1a
resnet,electrode,29,bandpass_n20003_cRA_LA_electrode_s15,phase2/results/predictions/full/electrode/resnet/seed_29/bandpass_n20003_cRA_LA_electrode_s15.npz,76297,c6fd3fbbab70a54957925d1998c04f2cbd32adf1d093f86aee50ee5db62fd505
resnet,electrode,29,bandpass_n20003_cRA_LA_electrode_s10,phase2/results/predictions/full/electrode/resnet/seed_29/bandpass_n20003_cRA_LA_electrode_s10.npz,76220,a161c1e3c81f4e096590e47c03b54aa7fe739222fc6d06f93311ff8c59e5bd90
resnet,electrode,29,bandpass_n20003_cRA_LA_electrode_s5,phase2/results/predictions/full/electrode/resnet/seed_29/bandpass_n20003_cRA_LA_electrode_s5.npz,75961,cc7482d8497c65051e104b446140d981340beb2905840c1a82bb6bd6ab930582
resnet,electrode,29,bandpass_n20003_cRA_LA_electrode_s0,phase2/results/predictions/full/electrode/resnet/seed_29/bandpass_n20003_cRA_LA_electrode_s0.npz,75374,89aee124f4ab609fd6262a38d0a2f8d187506fdc3fe2c6b0be24ce49b6ea67c1
resnet,electrode,29,bandpass_n20003_cRA_LA_covariance_s20,phase2/results/predictions/full/electrode/resnet/seed_29/bandpass_n20003_cRA_LA_covariance_s20.npz,76272,11ab7d0a9a45ac76d91fa2f3b85492422e5cc10022812f3369cf1dc684ecb9c4
resnet,electrode,29,bandpass_n20003_cRA_LA_covariance_s15,phase2/results/predictions/full/electrode/resnet/seed_29/bandpass_n20003_cRA_LA_covariance_s15.npz,76266,bfdcc493d5cb305a54ea3a423defb4c8795c985dbbdff86fb2297ad304e2ffab
resnet,electrode,29,bandpass_n20003_cRA_LA_covariance_s10,phase2/results/predictions/full/electrode/resnet/seed_29/bandpass_n20003_cRA_LA_covariance_s10.npz,76209,8af71162493d6d0cc31456b2a8fd24cc9b30a69bc90d82c454692191323a1a21
resnet,electrode,29,bandpass_n20003_cRA_LA_covariance_s5,phase2/results/predictions/full/electrode/resnet/seed_29/bandpass_n20003_cRA_LA_covariance_s5.npz,75980,1b602a26a606fdc63b8855d2e94d2fbded150c6c3130c195a3facc06fffbf3cf
resnet,electrode,29,bandpass_n20003_cRA_LA_covariance_s0,phase2/results/predictions/full/electrode/resnet/seed_29/bandpass_n20003_cRA_LA_covariance_s0.npz,75349,9762a6667d4e33de8f7328b100b3c1be090492af65ecf193ecb575ea4c735df4
resnet,electrode,29,bandpass_n20003_cLA_LL_independent_rms_s20,phase2/results/predictions/full/electrode/resnet/seed_29/bandpass_n20003_cLA_LL_independent_rms_s20.npz,76305,34c6a8373f610daa85aca7c68656723071d5bce32cceb1026c24967a6dc23f6e
resnet,electrode,29,bandpass_n20003_cLA_LL_independent_rms_s15,phase2/results/predictions/full/electrode/resnet/seed_29/bandpass_n20003_cLA_LL_independent_rms_s15.npz,76310,bcdc1333a31e5b7ab6eea8fb328c6b22415afe9e6d56dcdf242cabf071d8632a
resnet,electrode,29,bandpass_n20003_cLA_LL_independent_rms_s10,phase2/results/predictions/full/electrode/resnet/seed_29/bandpass_n20003_cLA_LL_independent_rms_s10.npz,76237,76124e5cf6c108f2afa2c75b8f5efaf4be9f5157d516bf071a92d32b0dad0959
resnet,electrode,29,bandpass_n20003_cLA_LL_independent_rms_s5,phase2/results/predictions/full/electrode/resnet/seed_29/bandpass_n20003_cLA_LL_independent_rms_s5.npz,76084,ae62a35654ddc74c599e6ba778bf10410a2fb4b320fc041337e7df5617ccf1a1
resnet,electrode,29,bandpass_n20003_cLA_LL_independent_rms_s0,phase2/results/predictions/full/electrode/resnet/seed_29/bandpass_n20003_cLA_LL_independent_rms_s0.npz,75564,8fd9a36bad68601a4431e5fe996d9f539ef8bd30ba3179bba947b8872f3fa32b
resnet,electrode,29,bandpass_n20003_cLA_LL_electrode_s20,phase2/results/predictions/full/electrode/resnet/seed_29/bandpass_n20003_cLA_LL_electrode_s20.npz,76279,80646aa3a9dbb13074ed9621dc6350c76e8907d36c916afa02b1021b7880318e
resnet,electrode,29,bandpass_n20003_cLA_LL_electrode_s15,phase2/results/predictions/full/electrode/resnet/seed_29/bandpass_n20003_cLA_LL_electrode_s15.npz,76278,a3da5802c3cab3db7b8173b84c06c2e1976f5eccc9b328de59d792701c6153d4
resnet,electrode,29,bandpass_n20003_cLA_LL_electrode_s10,phase2/results/predictions/full/electrode/resnet/seed_29/bandpass_n20003_cLA_LL_electrode_s10.npz,76222,7ef8838b37199db5f9cb136746b1a5ae3ed8eaf30774da794c87e0d90a61e436
resnet,electrode,29,bandpass_n20003_cLA_LL_electrode_s5,phase2/results/predictions/full/electrode/resnet/seed_29/bandpass_n20003_cLA_LL_electrode_s5.npz,75953,7e8b9bebf44f033cc482637227ef0157dfb4b7b81cb40b28f5e8b65430733ee1
resnet,electrode,29,bandpass_n20003_cLA_LL_electrode_s0,phase2/results/predictions/full/electrode/resnet/seed_29/bandpass_n20003_cLA_LL_electrode_s0.npz,75415,7a95f3b12c22458c93c1b48f5bb977162b1d6fc798d74fa4597db1006b3e4b7a
resnet,electrode,29,bandpass_n20003_cLA_LL_covariance_s20,phase2/results/predictions/full/electrode/resnet/seed_29/bandpass_n20003_cLA_LL_covariance_s20.npz,76334,9519d3f5b7d8c9f8d5cadeb82228c14247f96e94db8a8fe8bfaf52c0a5690349
resnet,electrode,29,bandpass_n20003_cLA_LL_covariance_s15,phase2/results/predictions/full/electrode/resnet/seed_29/bandpass_n20003_cLA_LL_covariance_s15.npz,76266,e1598a94a95f259b8b6d3540fb22c5b4d393d545d0b03fe420417bd890eaf48b
resnet,electrode,29,bandpass_n20003_cLA_LL_covariance_s10,phase2/results/predictions/full/electrode/resnet/seed_29/bandpass_n20003_cLA_LL_covariance_s10.npz,76184,aa43ea9dc1bcc064c6a672698a4d300bc2c00561a4cb4b6e9e821e8757401f59
resnet,electrode,29,bandpass_n20003_cLA_LL_covariance_s5,phase2/results/predictions/full/electrode/resnet/seed_29/bandpass_n20003_cLA_LL_covariance_s5.npz,75978,e6676cfee8bda421455e597f2f23fe372262678da41245d3372996a91a1e601e
resnet,electrode,29,bandpass_n20003_cLA_LL_covariance_s0,phase2/results/predictions/full/electrode/resnet/seed_29/bandpass_n20003_cLA_LL_covariance_s0.npz,75447,4ee04e9a1c816369609bd03b5eb40de6d100acd3773c15487982e38bea9e837e
resnet,electrode,29,bandpass_n20003_cRA_LL_independent_rms_s20,phase2/results/predictions/full/electrode/resnet/seed_29/bandpass_n20003_cRA_LL_independent_rms_s20.npz,76315,5a1b55785bf5c945109ef5598ad1e0032494e98361d2953ec98ed4230ac9f328
resnet,electrode,29,bandpass_n20003_cRA_LL_independent_rms_s15,phase2/results/predictions/full/electrode/resnet/seed_29/bandpass_n20003_cRA_LL_independent_rms_s15.npz,76322,4e8320bb9fbabaf9e02c33941127a174ecc0ce21848b537178f807e669665c05
resnet,electrode,29,bandpass_n20003_cRA_LL_independent_rms_s10,phase2/results/predictions/full/electrode/resnet/seed_29/bandpass_n20003_cRA_LL_independent_rms_s10.npz,76214,5758b97065a2a8f541990df4f03b3503df22214ad53b38918efecdc8f93f726d
resnet,electrode,29,bandpass_n20003_cRA_LL_independent_rms_s5,phase2/results/predictions/full/electrode/resnet/seed_29/bandpass_n20003_cRA_LL_independent_rms_s5.npz,76035,4422a6569c743bac49a9d65c08539ffa175040d3ce51bd1190953ddd6539ceed
resnet,electrode,29,bandpass_n20003_cRA_LL_independent_rms_s0,phase2/results/predictions/full/electrode/resnet/seed_29/bandpass_n20003_cRA_LL_independent_rms_s0.npz,75550,1e5dabd083b821c9a14e69e96299611bf90365b57a038e41eb33e9a2dcc1f642
resnet,electrode,29,bandpass_n20003_cRA_LL_electrode_s20,phase2/results/predictions/full/electrode/resnet/seed_29/bandpass_n20003_cRA_LL_electrode_s20.npz,76321,380f25d16a8f352493b90e6099ab4202d97e8a0ae017b1aab0592c40180bf96f
resnet,electrode,29,bandpass_n20003_cRA_LL_electrode_s15,phase2/results/predictions/full/electrode/resnet/seed_29/bandpass_n20003_cRA_LL_electrode_s15.npz,76290,d9c73c1ab67c1ea06ca6287475ff5ed7df0c39a614618cdd81fcad2fdb73ee4d
resnet,electrode,29,bandpass_n20003_cRA_LL_electrode_s10,phase2/results/predictions/full/electrode/resnet/seed_29/bandpass_n20003_cRA_LL_electrode_s10.npz,76217,48e52365847d8107b1d1a64301b3dda4afecf36a46ac9bd7971ac8de951f6513
resnet,electrode,29,bandpass_n20003_cRA_LL_electrode_s5,phase2/results/predictions/full/electrode/resnet/seed_29/bandpass_n20003_cRA_LL_electrode_s5.npz,75960,963d389caf9ca46d6a2044f67e117a9cc4b2a724ba68b374058e75372d6b0817
resnet,electrode,29,bandpass_n20003_cRA_LL_electrode_s0,phase2/results/predictions/full/electrode/resnet/seed_29/bandpass_n20003_cRA_LL_electrode_s0.npz,75424,bdb6c74866b65e46d502e722139795a4f4a17af13dc454950cc6fba69fd614a3
resnet,electrode,29,bandpass_n20003_cRA_LL_covariance_s20,phase2/results/predictions/full/electrode/resnet/seed_29/bandpass_n20003_cRA_LL_covariance_s20.npz,76323,318540f8e88c5a12b572de9f87bb86fc426dedcbbf92a9627b68ffcaceed768e
resnet,electrode,29,bandpass_n20003_cRA_LL_covariance_s15,phase2/results/predictions/full/electrode/resnet/seed_29/bandpass_n20003_cRA_LL_covariance_s15.npz,76297,24e9755c0462abe18784aec2ea4ef58c9179a06a231706a216b69e4e3b080c90
resnet,electrode,29,bandpass_n20003_cRA_LL_covariance_s10,phase2/results/predictions/full/electrode/resnet/seed_29/bandpass_n20003_cRA_LL_covariance_s10.npz,76210,3517d9d5f8dee0bede2a648634485675084f7182accb4180946fca52ac055f52
resnet,electrode,29,bandpass_n20003_cRA_LL_covariance_s5,phase2/results/predictions/full/electrode/resnet/seed_29/bandpass_n20003_cRA_LL_covariance_s5.npz,75963,c2b37f1bbf33d92a090bfbd224997833a7470e9e39f278909332e1925c5c282c
resnet,electrode,29,bandpass_n20003_cRA_LL_covariance_s0,phase2/results/predictions/full/electrode/resnet/seed_29/bandpass_n20003_cRA_LL_covariance_s0.npz,75406,d88219d3d1687226e160d1e79a7086f8b47dfccffc17d4627b541ea279ee84d7
resnet,electrode,29,bandpass_n20003_cRA_independent_rms_s20,phase2/results/predictions/full/electrode/resnet/seed_29/bandpass_n20003_cRA_independent_rms_s20.npz,76301,d2bca1f0922be6d30f8c35b03e5319d37fe0cda1fb97248b3e8a558f3982d8fb
resnet,electrode,29,bandpass_n20003_cRA_independent_rms_s15,phase2/results/predictions/full/electrode/resnet/seed_29/bandpass_n20003_cRA_independent_rms_s15.npz,76310,21ef837abf93d1eba69a12287c9c7f3d8c252059f6996d74f5bc3da3f2d0fe2e
resnet,electrode,29,bandpass_n20003_cRA_independent_rms_s10,phase2/results/predictions/full/electrode/resnet/seed_29/bandpass_n20003_cRA_independent_rms_s10.npz,76219,3d7602db9ec39b1281c2eca960650767c57d7a32550bf720146053f1b508e242
resnet,electrode,29,bandpass_n20003_cRA_independent_rms_s5,phase2/results/predictions/full/electrode/resnet/seed_29/bandpass_n20003_cRA_independent_rms_s5.npz,76061,3bda1cf36f8bce7d776cdb05e80f777085f2939d3e119c0f4a8bdf8431d0dcf6
resnet,electrode,29,bandpass_n20003_cRA_independent_rms_s0,phase2/results/predictions/full/electrode/resnet/seed_29/bandpass_n20003_cRA_independent_rms_s0.npz,75506,77e7b6523bb826f8e4f397b5763f13ac4f84435e592347703ca9913488c1bbd9
resnet,electrode,29,bandpass_n20003_cRA_electrode_s20,phase2/results/predictions/full/electrode/resnet/seed_29/bandpass_n20003_cRA_electrode_s20.npz,76314,d8b1fb91d77c52195b6106fc86db63d7f5313cb0fef8c1f0188b7e45ef98d4ee
resnet,electrode,29,bandpass_n20003_cRA_electrode_s15,phase2/results/predictions/full/electrode/resnet/seed_29/bandpass_n20003_cRA_electrode_s15.npz,76272,f22270d1d49ef9d4ddf0d69cb74317e6562267a1dc680cc830806aad3ee93084
resnet,electrode,29,bandpass_n20003_cRA_electrode_s10,phase2/results/predictions/full/electrode/resnet/seed_29/bandpass_n20003_cRA_electrode_s10.npz,76221,112933b0cd6624415d50314199933d0ab9f462c9294ec2a65486e4cff552aa38
resnet,electrode,29,bandpass_n20003_cRA_electrode_s5,phase2/results/predictions/full/electrode/resnet/seed_29/bandpass_n20003_cRA_electrode_s5.npz,75981,5bd699aab35ead2c2d5bc3b588295e703a790e5a9898e33647264d5b3e0a11d1
resnet,electrode,29,bandpass_n20003_cRA_electrode_s0,phase2/results/predictions/full/electrode/resnet/seed_29/bandpass_n20003_cRA_electrode_s0.npz,75374,f786d8ecca6d8bae37e0e06994c7ca792e27eee85ac58a6df2a40b2a2af5e4a9
resnet,electrode,29,bandpass_n20003_cRA_covariance_s20,phase2/results/predictions/full/electrode/resnet/seed_29/bandpass_n20003_cRA_covariance_s20.npz,76329,44d1019c669729ceffcbde7cc5998458d8d32f349f13860b7e65d461acd77b78
resnet,electrode,29,bandpass_n20003_cRA_covariance_s15,phase2/results/predictions/full/electrode/resnet/seed_29/bandpass_n20003_cRA_covariance_s15.npz,76249,6d633832769c173771a106193464428e4875adf86a7c137c2bbb8baddab64b42
resnet,electrode,29,bandpass_n20003_cRA_covariance_s10,phase2/results/predictions/full/electrode/resnet/seed_29/bandpass_n20003_cRA_covariance_s10.npz,76175,3b524846056ce2bd6665ddc06947ba9b4dc463df302ad30d00d35585c36fed3c
resnet,electrode,29,bandpass_n20003_cRA_covariance_s5,phase2/results/predictions/full/electrode/resnet/seed_29/bandpass_n20003_cRA_covariance_s5.npz,75973,212f85e653639e67154f6acbf4dbf44e94f60c95908100d4ca38421d4f8db8ec
resnet,electrode,29,bandpass_n20003_cRA_covariance_s0,phase2/results/predictions/full/electrode/resnet/seed_29/bandpass_n20003_cRA_covariance_s0.npz,75370,a0296713988caf1f91236ac8beec66ceab6215e109e25ee5236da2f39cd96823
resnet,electrode,29,bandpass_n20003_cLA_independent_rms_s20,phase2/results/predictions/full/electrode/resnet/seed_29/bandpass_n20003_cLA_independent_rms_s20.npz,76309,807df1b5ebbd1548aafce798c6f5c6f00f4979e6d282e566fe0f5a79d76a06fc
resnet,electrode,29,bandpass_n20003_cLA_independent_rms_s15,phase2/results/predictions/full/electrode/resnet/seed_29/bandpass_n20003_cLA_independent_rms_s15.npz,76282,42623c645243db72688d12b2e079ca776ca533309daabc41d72dd8e8f8b5137b
resnet,electrode,29,bandpass_n20003_cLA_independent_rms_s10,phase2/results/predictions/full/electrode/resnet/seed_29/bandpass_n20003_cLA_independent_rms_s10.npz,76250,6bf9e3ca51e3d5702d1a773b109c5b7f74e6bf5949fcc48a346dae104cbb040d
resnet,electrode,29,bandpass_n20003_cLA_independent_rms_s5,phase2/results/predictions/full/electrode/resnet/seed_29/bandpass_n20003_cLA_independent_rms_s5.npz,76037,a7ccf4250ae8e7e70d9d0351cdaee5c6d21b8008074cae556b3fe01a47f553db
resnet,electrode,29,bandpass_n20003_cLA_independent_rms_s0,phase2/results/predictions/full/electrode/resnet/seed_29/bandpass_n20003_cLA_independent_rms_s0.npz,75549,733c35ea7ceac6beb8e9dc5626768152b354b3f7b01ac369d139940649660382
resnet,electrode,29,bandpass_n20003_cLA_electrode_s20,phase2/results/predictions/full/electrode/resnet/seed_29/bandpass_n20003_cLA_electrode_s20.npz,76317,66a607c5e02bef0e0e5cb6d94f9b98963d67796228584b3f809ddfb9610de239
resnet,electrode,29,bandpass_n20003_cLA_electrode_s15,phase2/results/predictions/full/electrode/resnet/seed_29/bandpass_n20003_cLA_electrode_s15.npz,76302,e1238bdf6cd61586fec4132b1b66f87d908658e1fdb94bcb631dbffbadd1b340
resnet,electrode,29,bandpass_n20003_cLA_electrode_s10,phase2/results/predictions/full/electrode/resnet/seed_29/bandpass_n20003_cLA_electrode_s10.npz,76227,d1fe9121b943476753148facce16892a10235b1468318730269a5e0b15b2054d
resnet,electrode,29,bandpass_n20003_cLA_electrode_s5,phase2/results/predictions/full/electrode/resnet/seed_29/bandpass_n20003_cLA_electrode_s5.npz,75971,e70a8b25d4a5a37730cbf703b7b3152508c4fe7a25632af0c2c45f1c51bee90b
resnet,electrode,29,bandpass_n20003_cLA_electrode_s0,phase2/results/predictions/full/electrode/resnet/seed_29/bandpass_n20003_cLA_electrode_s0.npz,75436,c2dceb9415f03fa9a5de28410bd0805751506d3611709e2aa545ed032292b4e7
resnet,electrode,29,bandpass_n20003_cLA_covariance_s20,phase2/results/predictions/full/electrode/resnet/seed_29/bandpass_n20003_cLA_covariance_s20.npz,76291,2c19d508bc1ff52b7bb3da714ae5a1efa834773eec9a270edcd1da1c24d0987c
resnet,electrode,29,bandpass_n20003_cLA_covariance_s15,phase2/results/predictions/full/electrode/resnet/seed_29/bandpass_n20003_cLA_covariance_s15.npz,76270,7690003205488b4258ad7100c87e3fa0222ef8050234e4202f24450216d35ce4
resnet,electrode,29,bandpass_n20003_cLA_covariance_s10,phase2/results/predictions/full/electrode/resnet/seed_29/bandpass_n20003_cLA_covariance_s10.npz,76253,9c369e8e5d097ece46711071399d383c3201ff0a50cc1c56a52ecd5460862e12
resnet,electrode,29,bandpass_n20003_cLA_covariance_s5,phase2/results/predictions/full/electrode/resnet/seed_29/bandpass_n20003_cLA_covariance_s5.npz,76013,83cbf95e0b6971ce2eff0c9b1a036e3d44f848abaab01807e4f3f9d40e4cb6a4
resnet,electrode,29,bandpass_n20003_cLA_covariance_s0,phase2/results/predictions/full/electrode/resnet/seed_29/bandpass_n20003_cLA_covariance_s0.npz,75398,23a76f925f5db888af3e6285cc01fcbb4bbd0703c0f7007490786e9378e1cc9d
resnet,electrode,29,bandpass_n20003_cLL_independent_rms_s20,phase2/results/predictions/full/electrode/resnet/seed_29/bandpass_n20003_cLL_independent_rms_s20.npz,76334,7e61c608891995eedc9580a2659569173a62a00244c8ebad6389eb9fd087f421
resnet,electrode,29,bandpass_n20003_cLL_independent_rms_s15,phase2/results/predictions/full/electrode/resnet/seed_29/bandpass_n20003_cLL_independent_rms_s15.npz,76291,f48b5d3ed022bdaf9f46f2bab26cd83387239f6debb99d423538f422f519ccf5
resnet,electrode,29,bandpass_n20003_cLL_independent_rms_s10,phase2/results/predictions/full/electrode/resnet/seed_29/bandpass_n20003_cLL_independent_rms_s10.npz,76237,58d723323d2b560ea9d19cd3fb1ebc1dc6ee2e2badf0efefd6255f5399b0eb82
resnet,electrode,29,bandpass_n20003_cLL_independent_rms_s5,phase2/results/predictions/full/electrode/resnet/seed_29/bandpass_n20003_cLL_independent_rms_s5.npz,76069,10b2403a033f244f1b7960c88b75d4d705d4ec3bb98a67fa18ca33fb2d8f48f2
resnet,electrode,29,bandpass_n20003_cLL_independent_rms_s0,phase2/results/predictions/full/electrode/resnet/seed_29/bandpass_n20003_cLL_independent_rms_s0.npz,75542,a7412a12881f34a5c5ce7812a528e2b5dc682aba0d5c09af7bfdcca092e5299f
resnet,electrode,29,bandpass_n20003_cLL_electrode_s20,phase2/results/predictions/full/electrode/resnet/seed_29/bandpass_n20003_cLL_electrode_s20.npz,76307,ee7e8934ff73a3df17f56366c252434dc3acb125ec4bc3d92f913de7040ed25e
resnet,electrode,29,bandpass_n20003_cLL_electrode_s15,phase2/results/predictions/full/electrode/resnet/seed_29/bandpass_n20003_cLL_electrode_s15.npz,76322,63eb8eeb92bdb5495f3fd3ad28ea2fb6f09a86f0330d0d1ce76c62deafde3eb7
resnet,electrode,29,bandpass_n20003_cLL_electrode_s10,phase2/results/predictions/full/electrode/resnet/seed_29/bandpass_n20003_cLL_electrode_s10.npz,76186,4422736405ff03fa82b51340fc58dab838e6344a105f1ee1f4f6709d7a889cbd
resnet,electrode,29,bandpass_n20003_cLL_electrode_s5,phase2/results/predictions/full/electrode/resnet/seed_29/bandpass_n20003_cLL_electrode_s5.npz,75987,0b12aa8aeda97c8b80ff093da83ffc00fc3f9037ca013a95d5df3765994efc34
resnet,electrode,29,bandpass_n20003_cLL_electrode_s0,phase2/results/predictions/full/electrode/resnet/seed_29/bandpass_n20003_cLL_electrode_s0.npz,75546,90e8c14a27db4c6f832afe2edf5017880be169e58ddb21879e49844183b27fe3
resnet,electrode,29,bandpass_n20003_cLL_covariance_s20,phase2/results/predictions/full/electrode/resnet/seed_29/bandpass_n20003_cLL_covariance_s20.npz,76309,8c1a2e2b0ba4153253775ba45497c125ac06ef8046f2e9b74147adad304e5bae
resnet,electrode,29,bandpass_n20003_cLL_covariance_s15,phase2/results/predictions/full/electrode/resnet/seed_29/bandpass_n20003_cLL_covariance_s15.npz,76304,0c264d499a88574248c1d58435326ad6c31428d9f89190aa2b768cbde522609c
resnet,electrode,29,bandpass_n20003_cLL_covariance_s10,phase2/results/predictions/full/electrode/resnet/seed_29/bandpass_n20003_cLL_covariance_s10.npz,76222,c571d9794a9689311870720e0ecf7e0566dc70d37c0f0b2f234a35b4cd326edf
resnet,electrode,29,bandpass_n20003_cLL_covariance_s5,phase2/results/predictions/full/electrode/resnet/seed_29/bandpass_n20003_cLL_covariance_s5.npz,75941,7c79f3900a5bf81427eb6b96c874d2ee964cccd965d7b33ba07849c69e58cfac
resnet,electrode,29,bandpass_n20003_cLL_covariance_s0,phase2/results/predictions/full/electrode/resnet/seed_29/bandpass_n20003_cLL_covariance_s0.npz,75516,c32d3be3021bb7d8a7c573e381e52efd3860729ea9b13c7b4126b01c31730757
resnet,electrode,29,bandpass_n20003_cRA_V1_independent_rms_s20,phase2/results/predictions/full/electrode/resnet/seed_29/bandpass_n20003_cRA_V1_independent_rms_s20.npz,76330,7c53643d02555be05f6f9f61695323446fb3b86e02ae3b94659407d637e2d2d2
resnet,electrode,29,bandpass_n20003_cRA_V1_independent_rms_s15,phase2/results/predictions/full/electrode/resnet/seed_29/bandpass_n20003_cRA_V1_independent_rms_s15.npz,76311,e1cc7f302f9bc411ce5bb7f78eb00319982cd974f6eec1219701877406d4a182
resnet,electrode,29,bandpass_n20003_cRA_V1_independent_rms_s10,phase2/results/predictions/full/electrode/resnet/seed_29/bandpass_n20003_cRA_V1_independent_rms_s10.npz,76250,42904e898945a6328075edb165d83a06e5ffe916d91d57b4ea8547c010e3635e
resnet,electrode,29,bandpass_n20003_cRA_V1_independent_rms_s5,phase2/results/predictions/full/electrode/resnet/seed_29/bandpass_n20003_cRA_V1_independent_rms_s5.npz,76029,6b8d1b608ad7d4209f07c7d6f7345625820f3fbfeb2cd158466e6c822135d1ae
resnet,electrode,29,bandpass_n20003_cRA_V1_independent_rms_s0,phase2/results/predictions/full/electrode/resnet/seed_29/bandpass_n20003_cRA_V1_independent_rms_s0.npz,75494,543eb1a33396fbbb9b8dcbdf3f5340887fe936c5ba661639795d002c17ff3b12
resnet,electrode,29,bandpass_n20003_cRA_V1_electrode_s20,phase2/results/predictions/full/electrode/resnet/seed_29/bandpass_n20003_cRA_V1_electrode_s20.npz,76313,07692fc2f424bc53fcfc08976f66dfa91a18c71bcc620505da0c5097f0a80523
resnet,electrode,29,bandpass_n20003_cRA_V1_electrode_s15,phase2/results/predictions/full/electrode/resnet/seed_29/bandpass_n20003_cRA_V1_electrode_s15.npz,76309,e633a5a1a3dc48b6e4aa988e8b50560dde031ef87b1293cc86f6123e571dec7d
resnet,electrode,29,bandpass_n20003_cRA_V1_electrode_s10,phase2/results/predictions/full/electrode/resnet/seed_29/bandpass_n20003_cRA_V1_electrode_s10.npz,76202,a60bc379e14e620163c7979aa9cfe75d7ef9ede364157403a7a307fe561144cc
resnet,electrode,29,bandpass_n20003_cRA_V1_electrode_s5,phase2/results/predictions/full/electrode/resnet/seed_29/bandpass_n20003_cRA_V1_electrode_s5.npz,76002,f6b579ed044685d5682f5b06033a8751f1d8375a974445162cf77dfd6fd9a6d3
resnet,electrode,29,bandpass_n20003_cRA_V1_electrode_s0,phase2/results/predictions/full/electrode/resnet/seed_29/bandpass_n20003_cRA_V1_electrode_s0.npz,75396,197d11b16c457300908afb7464cb8308b921640c6e79fb4759845d7ce5843ba0
resnet,electrode,29,bandpass_n20003_cRA_V1_covariance_s20,phase2/results/predictions/full/electrode/resnet/seed_29/bandpass_n20003_cRA_V1_covariance_s20.npz,76318,a6691c48f3c0d956fa75cbf82478f7db40913702f88cf26d80200737b5a0cc4e
resnet,electrode,29,bandpass_n20003_cRA_V1_covariance_s15,phase2/results/predictions/full/electrode/resnet/seed_29/bandpass_n20003_cRA_V1_covariance_s15.npz,76282,352eccbc05509b0506274f6b552da880bb4ae95a2d4de369a23205c780d1ba4c
resnet,electrode,29,bandpass_n20003_cRA_V1_covariance_s10,phase2/results/predictions/full/electrode/resnet/seed_29/bandpass_n20003_cRA_V1_covariance_s10.npz,76230,8d8f4fc6caea05131609948a4bfccf3e3c5bbb7e6ca2985a949efd9cc209d9c8
resnet,electrode,29,bandpass_n20003_cRA_V1_covariance_s5,phase2/results/predictions/full/electrode/resnet/seed_29/bandpass_n20003_cRA_V1_covariance_s5.npz,75990,e7a03c4d3d44327228a6631851213e06314ac2b96f25426fddd339eb902360ce
resnet,electrode,29,bandpass_n20003_cRA_V1_covariance_s0,phase2/results/predictions/full/electrode/resnet/seed_29/bandpass_n20003_cRA_V1_covariance_s0.npz,75357,78f0c90b134e8ba215a5102214865d887a471ba3290b58880efc1dce11bd0a3c
resnet,electrode,29,bandpass_n20003_cLA_V6_independent_rms_s20,phase2/results/predictions/full/electrode/resnet/seed_29/bandpass_n20003_cLA_V6_independent_rms_s20.npz,76346,5ccda4c54f83971e129a58880c1cd67bb9e814a16dc3d0302e6c6048141261f6
resnet,electrode,29,bandpass_n20003_cLA_V6_independent_rms_s15,phase2/results/predictions/full/electrode/resnet/seed_29/bandpass_n20003_cLA_V6_independent_rms_s15.npz,76314,a0c68534f9f9d35bc2391d64b28e09c764f4d02bb8b79e1d94ea0aaee74db829
resnet,electrode,29,bandpass_n20003_cLA_V6_independent_rms_s10,phase2/results/predictions/full/electrode/resnet/seed_29/bandpass_n20003_cLA_V6_independent_rms_s10.npz,76258,e432b46c6dce54901265cca9ce4c641a10a03b5d18f35fa753970d0c16d421c3
resnet,electrode,29,bandpass_n20003_cLA_V6_independent_rms_s5,phase2/results/predictions/full/electrode/resnet/seed_29/bandpass_n20003_cLA_V6_independent_rms_s5.npz,76077,200a0dc19ea9a48f40f25050b382adcbb5ee80d4ad96f526261375be5c1f5e19
resnet,electrode,29,bandpass_n20003_cLA_V6_independent_rms_s0,phase2/results/predictions/full/electrode/resnet/seed_29/bandpass_n20003_cLA_V6_independent_rms_s0.npz,75572,3e5fb3350b2b3795f9bc00a25881ba11d84f9e9cc7eb62ff5f85b824c8a49b18
resnet,electrode,29,bandpass_n20003_cLA_V6_electrode_s20,phase2/results/predictions/full/electrode/resnet/seed_29/bandpass_n20003_cLA_V6_electrode_s20.npz,76314,f0025fa591afd98bbd225514208d96711f636e6743207f6826bb74e325e92c43
resnet,electrode,29,bandpass_n20003_cLA_V6_electrode_s15,phase2/results/predictions/full/electrode/resnet/seed_29/bandpass_n20003_cLA_V6_electrode_s15.npz,76320,c795ba5a77c9f7be3e35137dd5a41e0a2fa288d7d4569e3b86d4fabfd0ac28f8
resnet,electrode,29,bandpass_n20003_cLA_V6_electrode_s10,phase2/results/predictions/full/electrode/resnet/seed_29/bandpass_n20003_cLA_V6_electrode_s10.npz,76269,49926ebc244778674c1e4a32efb8fa7c591c97e05c7f3279efcae304b5b60aa6
resnet,electrode,29,bandpass_n20003_cLA_V6_electrode_s5,phase2/results/predictions/full/electrode/resnet/seed_29/bandpass_n20003_cLA_V6_electrode_s5.npz,76032,1448245e50e3bc5af9b86af4995f630cbeca684c2a5a22d38824b22d9cf14431
resnet,electrode,29,bandpass_n20003_cLA_V6_electrode_s0,phase2/results/predictions/full/electrode/resnet/seed_29/bandpass_n20003_cLA_V6_electrode_s0.npz,75463,10f810d86ffc9f0b37c66e013d3abb2efd965e842ddc2afdd96e75bb82c37114
resnet,electrode,29,bandpass_n20003_cLA_V6_covariance_s20,phase2/results/predictions/full/electrode/resnet/seed_29/bandpass_n20003_cLA_V6_covariance_s20.npz,76335,695c5e5ef62f06d9251caa64065ad631ff7631b2a8782e13e49586ddde1a6d2c
resnet,electrode,29,bandpass_n20003_cLA_V6_covariance_s15,phase2/results/predictions/full/electrode/resnet/seed_29/bandpass_n20003_cLA_V6_covariance_s15.npz,76332,f9ea285fbe87bd0d09d8af09bb3ce033e0fa04187f64d811c42b1955223acd94
resnet,electrode,29,bandpass_n20003_cLA_V6_covariance_s10,phase2/results/predictions/full/electrode/resnet/seed_29/bandpass_n20003_cLA_V6_covariance_s10.npz,76222,8562967751df5263e6b5818137d7c63bf43f45532e288c38497a0b3edce8557d
resnet,electrode,29,bandpass_n20003_cLA_V6_covariance_s5,phase2/results/predictions/full/electrode/resnet/seed_29/bandpass_n20003_cLA_V6_covariance_s5.npz,76014,e43495da14ceb7194aff221e19ef2cf3c8ab6e6c429b9f262bf6a212d2452f68
resnet,electrode,29,bandpass_n20003_cLA_V6_covariance_s0,phase2/results/predictions/full/electrode/resnet/seed_29/bandpass_n20003_cLA_V6_covariance_s0.npz,75452,93adcb743ae4289839894d3341a93e9b058ae2125e54ab0dc41d094e129eab60
resnet,electrode,29,bandpass_n20003_cLL_V4_independent_rms_s20,phase2/results/predictions/full/electrode/resnet/seed_29/bandpass_n20003_cLL_V4_independent_rms_s20.npz,76335,55ee815841a4c10062aee42b415075aee8e052f68bbe98aad63929b85a35d3b1
resnet,electrode,29,bandpass_n20003_cLL_V4_independent_rms_s15,phase2/results/predictions/full/electrode/resnet/seed_29/bandpass_n20003_cLL_V4_independent_rms_s15.npz,76312,6a75b728da8f0a2dbe779753e3cde1ad537e0141e7c93ae1ec53b87049ce9eb4
resnet,electrode,29,bandpass_n20003_cLL_V4_independent_rms_s10,phase2/results/predictions/full/electrode/resnet/seed_29/bandpass_n20003_cLL_V4_independent_rms_s10.npz,76264,d78d9e7193948de74112a7eb88837e6ebc771d2f790e222686c1ebb6953d22d1
resnet,electrode,29,bandpass_n20003_cLL_V4_independent_rms_s5,phase2/results/predictions/full/electrode/resnet/seed_29/bandpass_n20003_cLL_V4_independent_rms_s5.npz,76099,1d31012bae15a373f9e8a35a96b02d663e5276fdff41b124c5ebc3e4e8e05b79
resnet,electrode,29,bandpass_n20003_cLL_V4_independent_rms_s0,phase2/results/predictions/full/electrode/resnet/seed_29/bandpass_n20003_cLL_V4_independent_rms_s0.npz,75565,c72b88954e87014247178958f12ac233a963c9e021ca6d00d32ac94be0031c53
resnet,electrode,29,bandpass_n20003_cLL_V4_electrode_s20,phase2/results/predictions/full/electrode/resnet/seed_29/bandpass_n20003_cLL_V4_electrode_s20.npz,76325,1687653ccdad0880c664112bf08a1412c49d74ee8e66bdcc62b0058d66ad768b
resnet,electrode,29,bandpass_n20003_cLL_V4_electrode_s15,phase2/results/predictions/full/electrode/resnet/seed_29/bandpass_n20003_cLL_V4_electrode_s15.npz,76259,bebeccf5deee2a7151bb97010bc80341dd53b2b348d01656d3992a45c321fc8f
resnet,electrode,29,bandpass_n20003_cLL_V4_electrode_s10,phase2/results/predictions/full/electrode/resnet/seed_29/bandpass_n20003_cLL_V4_electrode_s10.npz,76207,82d4d1a13adfc87212afca96290241a313b346f97710191eaa6ec493551cbef5
resnet,electrode,29,bandpass_n20003_cLL_V4_electrode_s5,phase2/results/predictions/full/electrode/resnet/seed_29/bandpass_n20003_cLL_V4_electrode_s5.npz,76000,5d89a9a54e314d02a966e52698cc67d8fa62615b2a87e50d8f003fb2e2d17516
resnet,electrode,29,bandpass_n20003_cLL_V4_electrode_s0,phase2/results/predictions/full/electrode/resnet/seed_29/bandpass_n20003_cLL_V4_electrode_s0.npz,75583,253feee08b10cbd6a03c167f16b711279056fd7e4bcf3151f0b3a7b065bff28b
resnet,electrode,29,bandpass_n20003_cLL_V4_covariance_s20,phase2/results/predictions/full/electrode/resnet/seed_29/bandpass_n20003_cLL_V4_covariance_s20.npz,76316,f2f81f26002e31bbb25d1ff32200b1ac4899b61ad90e73736f64485c782b3a19
resnet,electrode,29,bandpass_n20003_cLL_V4_covariance_s15,phase2/results/predictions/full/electrode/resnet/seed_29/bandpass_n20003_cLL_V4_covariance_s15.npz,76287,758128ffa8bb85b3fef0c62a7432c5ddf95bdfd10cc0bf48666583b20196a680
resnet,electrode,29,bandpass_n20003_cLL_V4_covariance_s10,phase2/results/predictions/full/electrode/resnet/seed_29/bandpass_n20003_cLL_V4_covariance_s10.npz,76248,8ce925dfe0057553361cc1c05c0bbde29861c3c18048bc1ae8a526344a30aaa7
resnet,electrode,29,bandpass_n20003_cLL_V4_covariance_s5,phase2/results/predictions/full/electrode/resnet/seed_29/bandpass_n20003_cLL_V4_covariance_s5.npz,75985,43bfd71dcf1acf18927618a22525e3cde63be747aec3d06ba6d61c7a3b087c2f
resnet,electrode,29,bandpass_n20003_cLL_V4_covariance_s0,phase2/results/predictions/full/electrode/resnet/seed_29/bandpass_n20003_cLL_V4_covariance_s0.npz,75542,83caff90d4ef5ca61ff30b083fe72cc7783e149465e76e1c6c81633b1461ea16
resnet,electrode,29,bandpass_n20003_cRA_LA_V1_V6_independent_rms_s20,phase2/results/predictions/full/electrode/resnet/seed_29/bandpass_n20003_cRA_LA_V1_V6_independent_rms_s20.npz,76336,4af2264b6543f0aafec67fe6f71d45334a7047a6bff0807a01a64d159799bdb4
resnet,electrode,29,bandpass_n20003_cRA_LA_V1_V6_independent_rms_s15,phase2/results/predictions/full/electrode/resnet/seed_29/bandpass_n20003_cRA_LA_V1_V6_independent_rms_s15.npz,76330,f918a2c0bd014f663ea4e99816382376fdb2404a64e189e5d0133f86ab810b12
resnet,electrode,29,bandpass_n20003_cRA_LA_V1_V6_independent_rms_s10,phase2/results/predictions/full/electrode/resnet/seed_29/bandpass_n20003_cRA_LA_V1_V6_independent_rms_s10.npz,76259,10e38675ed5bbdd6bdf2e059029a6a95dfd3671600e207f935ae2d6e572157e2
resnet,electrode,29,bandpass_n20003_cRA_LA_V1_V6_independent_rms_s5,phase2/results/predictions/full/electrode/resnet/seed_29/bandpass_n20003_cRA_LA_V1_V6_independent_rms_s5.npz,76098,a9a87f1bf669ee99ab38c509b16b8edc7962addfea5fe74f5806d8cf69169df7
resnet,electrode,29,bandpass_n20003_cRA_LA_V1_V6_independent_rms_s0,phase2/results/predictions/full/electrode/resnet/seed_29/bandpass_n20003_cRA_LA_V1_V6_independent_rms_s0.npz,75553,bb97a4d1cbe75e88123d75b31a5774b03b9a00003046a65cce43b4f6edd6be11
resnet,electrode,29,bandpass_n20003_cRA_LA_V1_V6_electrode_s20,phase2/results/predictions/full/electrode/resnet/seed_29/bandpass_n20003_cRA_LA_V1_V6_electrode_s20.npz,76368,388c6817ddfe17e5ccdae18bbc2532874cf8e18672d34d20064fc63d100e094a
resnet,electrode,29,bandpass_n20003_cRA_LA_V1_V6_electrode_s15,phase2/results/predictions/full/electrode/resnet/seed_29/bandpass_n20003_cRA_LA_V1_V6_electrode_s15.npz,76335,133945660f9bb523fe92e6c31c4331f21e9644e95f3d27fc2578e52a4cccbbc3
resnet,electrode,29,bandpass_n20003_cRA_LA_V1_V6_electrode_s10,phase2/results/predictions/full/electrode/resnet/seed_29/bandpass_n20003_cRA_LA_V1_V6_electrode_s10.npz,76267,764a60c256a53d69b1d99a1d9b3a7c9844638f68e61e2029b114a032c4fa2880
resnet,electrode,29,bandpass_n20003_cRA_LA_V1_V6_electrode_s5,phase2/results/predictions/full/electrode/resnet/seed_29/bandpass_n20003_cRA_LA_V1_V6_electrode_s5.npz,76003,11feb5d8152822714f20e237e71ac6f612c3262e38c55a4846a4d718036b8a4e
resnet,electrode,29,bandpass_n20003_cRA_LA_V1_V6_electrode_s0,phase2/results/predictions/full/electrode/resnet/seed_29/bandpass_n20003_cRA_LA_V1_V6_electrode_s0.npz,75406,275d2c6cc839923f9212c0cd4d2dbd4a21d1c0a57a493862b63809e75dda5091
resnet,electrode,29,bandpass_n20003_cRA_LA_V1_V6_covariance_s20,phase2/results/predictions/full/electrode/resnet/seed_29/bandpass_n20003_cRA_LA_V1_V6_covariance_s20.npz,76345,7b07e70ff9859dc393daf5afb4d56cca19e533205e5d804bc13b15adf8d9921e
resnet,electrode,29,bandpass_n20003_cRA_LA_V1_V6_covariance_s15,phase2/results/predictions/full/electrode/resnet/seed_29/bandpass_n20003_cRA_LA_V1_V6_covariance_s15.npz,76302,cd701fb7d03f25c8c3db33048449c21ad2e49635be8e9c4cce3e01d03a822158
resnet,electrode,29,bandpass_n20003_cRA_LA_V1_V6_covariance_s10,phase2/results/predictions/full/electrode/resnet/seed_29/bandpass_n20003_cRA_LA_V1_V6_covariance_s10.npz,76231,95ad54aa70f2d03eca227bb6ddda8af190f3e2da2d708f4b3d336d70cfc98dc4
resnet,electrode,29,bandpass_n20003_cRA_LA_V1_V6_covariance_s5,phase2/results/predictions/full/electrode/resnet/seed_29/bandpass_n20003_cRA_LA_V1_V6_covariance_s5.npz,75994,20d5c5f002cf68cd68afe0783e954526aab3c9538ec5d627f24da6a726e1fc68
resnet,electrode,29,bandpass_n20003_cRA_LA_V1_V6_covariance_s0,phase2/results/predictions/full/electrode/resnet/seed_29/bandpass_n20003_cRA_LA_V1_V6_covariance_s0.npz,75374,0d879d0404c4c01a60275c1bc3f9b7a843d47b59dfc9cacf1584fc775b9e656e
resnet,electrode,29,bandpass_n20003_cRA_V2_V5_independent_rms_s20,phase2/results/predictions/full/electrode/resnet/seed_29/bandpass_n20003_cRA_V2_V5_independent_rms_s20.npz,76325,b3bb9f92be08dd067cabd93f61ab3c293d74197e187823bf907f080fee8c9b92
resnet,electrode,29,bandpass_n20003_cRA_V2_V5_independent_rms_s15,phase2/results/predictions/full/electrode/resnet/seed_29/bandpass_n20003_cRA_V2_V5_independent_rms_s15.npz,76364,35f7ef039f60bed8b2e71e98ed63af667ba22f9f1a16f41e42be52ae9d8d71be
resnet,electrode,29,bandpass_n20003_cRA_V2_V5_independent_rms_s10,phase2/results/predictions/full/electrode/resnet/seed_29/bandpass_n20003_cRA_V2_V5_independent_rms_s10.npz,76293,7cfb0b205e76be70620b5bd9c59267455e0c8cc512cce19993be596fd04b7e2a
resnet,electrode,29,bandpass_n20003_cRA_V2_V5_independent_rms_s5,phase2/results/predictions/full/electrode/resnet/seed_29/bandpass_n20003_cRA_V2_V5_independent_rms_s5.npz,76084,9697aa5417012151954656a778aac2dd0913bab071a2e7decec30ca3e889def3
resnet,electrode,29,bandpass_n20003_cRA_V2_V5_independent_rms_s0,phase2/results/predictions/full/electrode/resnet/seed_29/bandpass_n20003_cRA_V2_V5_independent_rms_s0.npz,75512,146f296e1c474ca0a4a41b42925b73c1b08e2ed2505af3a936ea0ca9e649a691
resnet,electrode,29,bandpass_n20003_cRA_V2_V5_electrode_s20,phase2/results/predictions/full/electrode/resnet/seed_29/bandpass_n20003_cRA_V2_V5_electrode_s20.npz,76316,30ea8ea0d4267bd8c92e7d33355ab5b49a1a551e77ed8e715f3b76768cf415ae
resnet,electrode,29,bandpass_n20003_cRA_V2_V5_electrode_s15,phase2/results/predictions/full/electrode/resnet/seed_29/bandpass_n20003_cRA_V2_V5_electrode_s15.npz,76284,95b58fc2301ece7c11190fbb71ecdf1a11dacfe6f54a8c1acd84036ea5d02084
resnet,electrode,29,bandpass_n20003_cRA_V2_V5_electrode_s10,phase2/results/predictions/full/electrode/resnet/seed_29/bandpass_n20003_cRA_V2_V5_electrode_s10.npz,76255,7fbe8f603f0b11b18b2c942df75173e248732e2ecd6241c74c41abfd74f08db8
resnet,electrode,29,bandpass_n20003_cRA_V2_V5_electrode_s5,phase2/results/predictions/full/electrode/resnet/seed_29/bandpass_n20003_cRA_V2_V5_electrode_s5.npz,76009,798a6ce452251debb50d0418d2a33ed19bd3ebdf71d3a24868f24137f4ec0d2a
resnet,electrode,29,bandpass_n20003_cRA_V2_V5_electrode_s0,phase2/results/predictions/full/electrode/resnet/seed_29/bandpass_n20003_cRA_V2_V5_electrode_s0.npz,75424,71b0fe8d6b10186184e3992dd1653ef4f8f106aec29f2b2b16dbe734617aff0c
resnet,electrode,29,bandpass_n20003_cRA_V2_V5_covariance_s20,phase2/results/predictions/full/electrode/resnet/seed_29/bandpass_n20003_cRA_V2_V5_covariance_s20.npz,76308,72f9680d2ddbdccc0e70be3d43b26493d2cfc4ab642f39aaf226a4b824167914
resnet,electrode,29,bandpass_n20003_cRA_V2_V5_covariance_s15,phase2/results/predictions/full/electrode/resnet/seed_29/bandpass_n20003_cRA_V2_V5_covariance_s15.npz,76297,759f845f05493afe8996798bc5f9513dd099a7ad06ff4d6756a20e96fd8f674d
resnet,electrode,29,bandpass_n20003_cRA_V2_V5_covariance_s10,phase2/results/predictions/full/electrode/resnet/seed_29/bandpass_n20003_cRA_V2_V5_covariance_s10.npz,76256,d9043c454d9ad67cff814db2d793289061e28d819bc7d7a82d4067abb7070709
resnet,electrode,29,bandpass_n20003_cRA_V2_V5_covariance_s5,phase2/results/predictions/full/electrode/resnet/seed_29/bandpass_n20003_cRA_V2_V5_covariance_s5.npz,76012,e08f6d4d7851ff3cadf19f892466d8f5f36a8137e82a7259afe39be417246f11
resnet,electrode,29,bandpass_n20003_cRA_V2_V5_covariance_s0,phase2/results/predictions/full/electrode/resnet/seed_29/bandpass_n20003_cRA_V2_V5_covariance_s0.npz,75432,994273ee30422f83c105e03c79049a639bbbca74bd27a96680532bf70975153b
resnet,electrode,29,bandpass_n20003_cLA_V3_V6_independent_rms_s20,phase2/results/predictions/full/electrode/resnet/seed_29/bandpass_n20003_cLA_V3_V6_independent_rms_s20.npz,76347,5ac9954f5a1f7dc33f2fae926ce7bb681080f8123b240fde57f187deed72955b
resnet,electrode,29,bandpass_n20003_cLA_V3_V6_independent_rms_s15,phase2/results/predictions/full/electrode/resnet/seed_29/bandpass_n20003_cLA_V3_V6_independent_rms_s15.npz,76333,a75e97ac2b27a9665fd88dbae4fe9b154689cf86df39b28a60847b5c78a88715
resnet,electrode,29,bandpass_n20003_cLA_V3_V6_independent_rms_s10,phase2/results/predictions/full/electrode/resnet/seed_29/bandpass_n20003_cLA_V3_V6_independent_rms_s10.npz,76298,032c555242208cef62c52195558ab1a38b9f6c85987fb7daf0a965122deec17d
resnet,electrode,29,bandpass_n20003_cLA_V3_V6_independent_rms_s5,phase2/results/predictions/full/electrode/resnet/seed_29/bandpass_n20003_cLA_V3_V6_independent_rms_s5.npz,76095,bf4a5d1425750c60dd7cc54d4738a4efda285c259186e1507e8cdd44449d1001
resnet,electrode,29,bandpass_n20003_cLA_V3_V6_independent_rms_s0,phase2/results/predictions/full/electrode/resnet/seed_29/bandpass_n20003_cLA_V3_V6_independent_rms_s0.npz,75574,d006c0cde73de4bfde82fca41cb27da9cdf71a99ed7e5c19f573fcf09f0d7da7
resnet,electrode,29,bandpass_n20003_cLA_V3_V6_electrode_s20,phase2/results/predictions/full/electrode/resnet/seed_29/bandpass_n20003_cLA_V3_V6_electrode_s20.npz,76308,608ca504912925d324f6c45952470acde6aedffef28dd3ae9e36dc4690c05f67
resnet,electrode,29,bandpass_n20003_cLA_V3_V6_electrode_s15,phase2/results/predictions/full/electrode/resnet/seed_29/bandpass_n20003_cLA_V3_V6_electrode_s15.npz,76303,8f898ea7e7bd0bf7bab039ae3fbb8e34414414ea6def3eddb6cfca0e0456e7ee
resnet,electrode,29,bandpass_n20003_cLA_V3_V6_electrode_s10,phase2/results/predictions/full/electrode/resnet/seed_29/bandpass_n20003_cLA_V3_V6_electrode_s10.npz,76242,dd1c60b4263de238a987fa698ea81dcc5d022f7307e2cee4ba3294be415c3180
resnet,electrode,29,bandpass_n20003_cLA_V3_V6_electrode_s5,phase2/results/predictions/full/electrode/resnet/seed_29/bandpass_n20003_cLA_V3_V6_electrode_s5.npz,76050,c5a3dfa8cd1e12a34c5dcdbbe4087648b90eeaee7b092ff10d5148d597289cb3
resnet,electrode,29,bandpass_n20003_cLA_V3_V6_electrode_s0,phase2/results/predictions/full/electrode/resnet/seed_29/bandpass_n20003_cLA_V3_V6_electrode_s0.npz,75501,567142c0a96a4c0ffb5388776014a6e7845867a8d9abe2c666df6d99b081c664
resnet,electrode,29,bandpass_n20003_cLA_V3_V6_covariance_s20,phase2/results/predictions/full/electrode/resnet/seed_29/bandpass_n20003_cLA_V3_V6_covariance_s20.npz,76308,0fedc39118338d4b25e1df8e622dfdc20703cade00ff381654d48be382acca4d
resnet,electrode,29,bandpass_n20003_cLA_V3_V6_covariance_s15,phase2/results/predictions/full/electrode/resnet/seed_29/bandpass_n20003_cLA_V3_V6_covariance_s15.npz,76336,796d2f1c9f97b6e28b60fbb89487fc9a5edde7216902a446400783d4e288396c
resnet,electrode,29,bandpass_n20003_cLA_V3_V6_covariance_s10,phase2/results/predictions/full/electrode/resnet/seed_29/bandpass_n20003_cLA_V3_V6_covariance_s10.npz,76281,42d7c1177ad29acb4eb449e7c7d2710e1cb06b8c90b85328e993dfdcae76822d
resnet,electrode,29,bandpass_n20003_cLA_V3_V6_covariance_s5,phase2/results/predictions/full/electrode/resnet/seed_29/bandpass_n20003_cLA_V3_V6_covariance_s5.npz,76068,9b8ec59654032231a71766fcb5cb648f10d6c5955746d658859fbe216dc0a117
resnet,electrode,29,bandpass_n20003_cLA_V3_V6_covariance_s0,phase2/results/predictions/full/electrode/resnet/seed_29/bandpass_n20003_cLA_V3_V6_covariance_s0.npz,75518,1eb9c163af3dc072e651f4f824bada233e7d039fc4eb914efc3d2ec4fb30b79b
resnet,electrode,29,bandpass_n20003_cLL_V1_V4_independent_rms_s20,phase2/results/predictions/full/electrode/resnet/seed_29/bandpass_n20003_cLL_V1_V4_independent_rms_s20.npz,76322,7dcff4d1f14b955dc4a857c308d9468607ec24ed8f95817476bf5bb9498bc325
resnet,electrode,29,bandpass_n20003_cLL_V1_V4_independent_rms_s15,phase2/results/predictions/full/electrode/resnet/seed_29/bandpass_n20003_cLL_V1_V4_independent_rms_s15.npz,76342,7fba022ef20241a9bc29f2fdf6b6113f335a5cda5180ce9fba4a798c54338058
resnet,electrode,29,bandpass_n20003_cLL_V1_V4_independent_rms_s10,phase2/results/predictions/full/electrode/resnet/seed_29/bandpass_n20003_cLL_V1_V4_independent_rms_s10.npz,76293,86a7b857638c245e53dd055ec7fe29e40c507837314517e6043f23f50f441f18
resnet,electrode,29,bandpass_n20003_cLL_V1_V4_independent_rms_s5,phase2/results/predictions/full/electrode/resnet/seed_29/bandpass_n20003_cLL_V1_V4_independent_rms_s5.npz,76123,9bff450545cf04ccc14567844ec51e70b99ebeef4083c87d9d7140bcf98e85a9
resnet,electrode,29,bandpass_n20003_cLL_V1_V4_independent_rms_s0,phase2/results/predictions/full/electrode/resnet/seed_29/bandpass_n20003_cLL_V1_V4_independent_rms_s0.npz,75517,0c0d9ee4f91d17e88d60211bc8485bf87311a7be43c7833ce051ec2d8b5cf83f
resnet,electrode,29,bandpass_n20003_cLL_V1_V4_electrode_s20,phase2/results/predictions/full/electrode/resnet/seed_29/bandpass_n20003_cLL_V1_V4_electrode_s20.npz,76316,a2c5bdcfc3e54f3a17166b169f1ba346e7bd55afb00c99a7b7e401f70b641c0a
resnet,electrode,29,bandpass_n20003_cLL_V1_V4_electrode_s15,phase2/results/predictions/full/electrode/resnet/seed_29/bandpass_n20003_cLL_V1_V4_electrode_s15.npz,76300,c58cd74707e824bec0326e4628bf70a938396693b6d23ed1b7505f9bc2ba73cc
resnet,electrode,29,bandpass_n20003_cLL_V1_V4_electrode_s10,phase2/results/predictions/full/electrode/resnet/seed_29/bandpass_n20003_cLL_V1_V4_electrode_s10.npz,76216,3e7c4b0f1354361850438715431c1c85f96c907cd6886505d1259428ad5c7fec
resnet,electrode,29,bandpass_n20003_cLL_V1_V4_electrode_s5,phase2/results/predictions/full/electrode/resnet/seed_29/bandpass_n20003_cLL_V1_V4_electrode_s5.npz,76015,78e41306c40f4ab6131e0045c980d4862628412d55aab3dd7326c3d3fd9151e5
resnet,electrode,29,bandpass_n20003_cLL_V1_V4_electrode_s0,phase2/results/predictions/full/electrode/resnet/seed_29/bandpass_n20003_cLL_V1_V4_electrode_s0.npz,75519,03569dd54316566cbca7ed9703e59df3e708769f138e70296494ca69e40ebda2
resnet,electrode,29,bandpass_n20003_cLL_V1_V4_covariance_s20,phase2/results/predictions/full/electrode/resnet/seed_29/bandpass_n20003_cLL_V1_V4_covariance_s20.npz,76307,bc65bef570919a9c40ddf31bbcb8ec05c5e8210337e97269075522d95cb3e918
resnet,electrode,29,bandpass_n20003_cLL_V1_V4_covariance_s15,phase2/results/predictions/full/electrode/resnet/seed_29/bandpass_n20003_cLL_V1_V4_covariance_s15.npz,76296,1afc563244dbd9636fb5867005ba8030866b597190bc899583f93274bb795fc2
resnet,electrode,29,bandpass_n20003_cLL_V1_V4_covariance_s10,phase2/results/predictions/full/electrode/resnet/seed_29/bandpass_n20003_cLL_V1_V4_covariance_s10.npz,76221,94a618096666928b4e265bb4fbcb685cddda96268c487508aded4d37e446965d
resnet,electrode,29,bandpass_n20003_cLL_V1_V4_covariance_s5,phase2/results/predictions/full/electrode/resnet/seed_29/bandpass_n20003_cLL_V1_V4_covariance_s5.npz,76011,f5d670cc0d18fb218de93a1a0f845c8e61d48d2b29d7fd8ce5802f43d3bf1152
resnet,electrode,29,bandpass_n20003_cLL_V1_V4_covariance_s0,phase2/results/predictions/full/electrode/resnet/seed_29/bandpass_n20003_cLL_V1_V4_covariance_s0.npz,75520,bc4c257b575714fc16037d5fd45639ae3780c151dc9f231b57ae9c3a806ca8fc
resnet,electrode,29,bandpass_n20003_call_independent_rms_s20,phase2/results/predictions/full/electrode/resnet/seed_29/bandpass_n20003_call_independent_rms_s20.npz,76314,17b1dba9cee92ec64ea5dd8fe10694e7c50ae3d4124a19dbe450243190835e6b
resnet,electrode,29,bandpass_n20003_call_independent_rms_s15,phase2/results/predictions/full/electrode/resnet/seed_29/bandpass_n20003_call_independent_rms_s15.npz,76300,1c6e0398103e90fb0d493a550bb2a89f358258661c7f1eb2f63bd74add1598f8
resnet,electrode,29,bandpass_n20003_call_independent_rms_s10,phase2/results/predictions/full/electrode/resnet/seed_29/bandpass_n20003_call_independent_rms_s10.npz,76226,1cf69d0d4deb2e7d870f24e1625f946ff98cf35bfabc48c494b8ff11cebf88b1
resnet,electrode,29,bandpass_n20003_call_independent_rms_s5,phase2/results/predictions/full/electrode/resnet/seed_29/bandpass_n20003_call_independent_rms_s5.npz,76064,45858da1ceb27decb3b64bba2f4e34cfbaef2f34b6a49fb1cab5c018a22a67b4
resnet,electrode,29,bandpass_n20003_call_independent_rms_s0,phase2/results/predictions/full/electrode/resnet/seed_29/bandpass_n20003_call_independent_rms_s0.npz,75540,e4cbb206a2761a0ed65f1edac657aee939032047e3daf15767ba54c9c8f9efcb
resnet,electrode,29,bandpass_n20003_call_electrode_s20,phase2/results/predictions/full/electrode/resnet/seed_29/bandpass_n20003_call_electrode_s20.npz,76253,ac729cedce9d6b9dd2f7d6b3ce9e7c7cb93e95eaea7651dfb74f7bd154111c0d
resnet,electrode,29,bandpass_n20003_call_electrode_s15,phase2/results/predictions/full/electrode/resnet/seed_29/bandpass_n20003_call_electrode_s15.npz,76248,939d6d83b01642d9f0fa8999da8dc31fae9c33fd727ec787ea7b8b1bed1bfc59
resnet,electrode,29,bandpass_n20003_call_electrode_s10,phase2/results/predictions/full/electrode/resnet/seed_29/bandpass_n20003_call_electrode_s10.npz,76177,ab46e726aaa11453de41703b2c8a7e1a536bb263fc40c576d394e0924ebfeffa
resnet,electrode,29,bandpass_n20003_call_electrode_s5,phase2/results/predictions/full/electrode/resnet/seed_29/bandpass_n20003_call_electrode_s5.npz,76005,7d8bc5a194e9999c28601aaf0d7c18817afe7313a5ccecfb67895005d993cc71
resnet,electrode,29,bandpass_n20003_call_electrode_s0,phase2/results/predictions/full/electrode/resnet/seed_29/bandpass_n20003_call_electrode_s0.npz,75458,090279a490d952dac53129bf06b44913137ce01eb7943e9f346e5fa28ee2f4cd
resnet,electrode,29,bandpass_n20003_call_covariance_s20,phase2/results/predictions/full/electrode/resnet/seed_29/bandpass_n20003_call_covariance_s20.npz,76290,dff6e96a0e3f15fd2f86cee7e68732f9c11d3054a0f34043755023c4c573ee33
resnet,electrode,29,bandpass_n20003_call_covariance_s15,phase2/results/predictions/full/electrode/resnet/seed_29/bandpass_n20003_call_covariance_s15.npz,76287,5473dd8420f5a4831193c4269f80802f6963208a33d238f243872c4bad7fe731
resnet,electrode,29,bandpass_n20003_call_covariance_s10,phase2/results/predictions/full/electrode/resnet/seed_29/bandpass_n20003_call_covariance_s10.npz,76214,7e3da8c2d7f4e12ecfe24b1c749c02e89665e17e4b74a16af0fce2d35f79b5e0
resnet,electrode,29,bandpass_n20003_call_covariance_s5,phase2/results/predictions/full/electrode/resnet/seed_29/bandpass_n20003_call_covariance_s5.npz,75996,931e022a81562002b512e15d3da55896ceb02b8aac06e23726943713e3ae7157
resnet,electrode,29,bandpass_n20003_call_covariance_s0,phase2/results/predictions/full/electrode/resnet/seed_29/bandpass_n20003_call_covariance_s0.npz,75453,9259618a9ec73334b5e99a515a7e89648e2b9b5278f1d17509ed01206206639e
resnet,electrode,29,bandpass_n20004_cRA_LA_LL_independent_rms_s20,phase2/results/predictions/full/electrode/resnet/seed_29/bandpass_n20004_cRA_LA_LL_independent_rms_s20.npz,76323,c3d85068b69e86c4e679e1358fafbfb9fabc519be036553f5b2edc05ac020307
resnet,electrode,29,bandpass_n20004_cRA_LA_LL_independent_rms_s15,phase2/results/predictions/full/electrode/resnet/seed_29/bandpass_n20004_cRA_LA_LL_independent_rms_s15.npz,76311,35f02f3df0800352baed39b82c47cc3e6df874a48f18d9f7044da4a8b42e9e63
resnet,electrode,29,bandpass_n20004_cRA_LA_LL_independent_rms_s10,phase2/results/predictions/full/electrode/resnet/seed_29/bandpass_n20004_cRA_LA_LL_independent_rms_s10.npz,76244,8bcc56f12632020074fa15088db194c1a18d2e3d3fe6d91d61e736192f5fa4b2
resnet,electrode,29,bandpass_n20004_cRA_LA_LL_independent_rms_s5,phase2/results/predictions/full/electrode/resnet/seed_29/bandpass_n20004_cRA_LA_LL_independent_rms_s5.npz,76048,68807fe021f303dd603e6ee5eea426178f35ed23ab743e483f3214134926393e
resnet,electrode,29,bandpass_n20004_cRA_LA_LL_independent_rms_s0,phase2/results/predictions/full/electrode/resnet/seed_29/bandpass_n20004_cRA_LA_LL_independent_rms_s0.npz,75550,5db7d4b7ef3c40a730fa1d733fe059fcb024dbe43769a1506ceb12eed20d88aa
resnet,electrode,29,bandpass_n20004_cRA_LA_LL_electrode_s20,phase2/results/predictions/full/electrode/resnet/seed_29/bandpass_n20004_cRA_LA_LL_electrode_s20.npz,76337,43b371551bfe86858ece118ae9169c6d53cfb353182eb9259da1592fade3ac78
resnet,electrode,29,bandpass_n20004_cRA_LA_LL_electrode_s15,phase2/results/predictions/full/electrode/resnet/seed_29/bandpass_n20004_cRA_LA_LL_electrode_s15.npz,76266,1df6dc481bd6def0e5be0e9a7dc02521be702e8f69dfcd15e2f1bf96cd813e32
resnet,electrode,29,bandpass_n20004_cRA_LA_LL_electrode_s10,phase2/results/predictions/full/electrode/resnet/seed_29/bandpass_n20004_cRA_LA_LL_electrode_s10.npz,76218,dcc6648d804276e3ea32aaf6b3090e28bb04aecb88d804055d3f96adf6cea42c
resnet,electrode,29,bandpass_n20004_cRA_LA_LL_electrode_s5,phase2/results/predictions/full/electrode/resnet/seed_29/bandpass_n20004_cRA_LA_LL_electrode_s5.npz,75970,00700ed7f2942365ca7b5110b317efe8964eec7d9b8e4d23f1728fcf2abbb910
resnet,electrode,29,bandpass_n20004_cRA_LA_LL_electrode_s0,phase2/results/predictions/full/electrode/resnet/seed_29/bandpass_n20004_cRA_LA_LL_electrode_s0.npz,75420,475bbdef30ec9f1114e068e1789221a9e145287f60266e920ebd00b68e62daaa
resnet,electrode,29,bandpass_n20004_cRA_LA_LL_covariance_s20,phase2/results/predictions/full/electrode/resnet/seed_29/bandpass_n20004_cRA_LA_LL_covariance_s20.npz,76288,da9ab5eca6eea6680303529c3f165b40d0f6a1ffe91dd2e866020382fbe4d1d8
resnet,electrode,29,bandpass_n20004_cRA_LA_LL_covariance_s15,phase2/results/predictions/full/electrode/resnet/seed_29/bandpass_n20004_cRA_LA_LL_covariance_s15.npz,76295,38a8c35241ac086b382d83213d34bee9aac83e94f8a272ae946aea508b83451e
resnet,electrode,29,bandpass_n20004_cRA_LA_LL_covariance_s10,phase2/results/predictions/full/electrode/resnet/seed_29/bandpass_n20004_cRA_LA_LL_covariance_s10.npz,76184,3eaae27ca02d388a443bcb7022fea03871c23dd1447035f1097650c8dd20f997
resnet,electrode,29,bandpass_n20004_cRA_LA_LL_covariance_s5,phase2/results/predictions/full/electrode/resnet/seed_29/bandpass_n20004_cRA_LA_LL_covariance_s5.npz,75968,4125cbb8e55245ff16a9e7fcaf8204b12bfdadda495c31f828410687f6574671
resnet,electrode,29,bandpass_n20004_cRA_LA_LL_covariance_s0,phase2/results/predictions/full/electrode/resnet/seed_29/bandpass_n20004_cRA_LA_LL_covariance_s0.npz,75399,365933cb7a6bffbe808f010c1e80faf595c971bd6bef39b3d92f17196eb4eaad
resnet,electrode,29,bandpass_n20004_cV1_independent_rms_s20,phase2/results/predictions/full/electrode/resnet/seed_29/bandpass_n20004_cV1_independent_rms_s20.npz,76280,baf946a7e2e8312905a95c453dd86f6b86d9b73a211abd4140772cd1a407c3c4
resnet,electrode,29,bandpass_n20004_cV1_independent_rms_s15,phase2/results/predictions/full/electrode/resnet/seed_29/bandpass_n20004_cV1_independent_rms_s15.npz,76297,ae7d32a583364bf5a7b3b9f465c8943d95ed113263d10dcf207683b1d5636ea0
resnet,electrode,29,bandpass_n20004_cV1_independent_rms_s10,phase2/results/predictions/full/electrode/resnet/seed_29/bandpass_n20004_cV1_independent_rms_s10.npz,76271,412c269ac8f4229821e30862b6ae53f697690128e060aa5ed6e8ac8234270e98
resnet,electrode,29,bandpass_n20004_cV1_independent_rms_s5,phase2/results/predictions/full/electrode/resnet/seed_29/bandpass_n20004_cV1_independent_rms_s5.npz,75991,b8acfe77e3839b66b4459b81df926e626a73e912fd930d4c6d04514453145262
resnet,electrode,29,bandpass_n20004_cV1_independent_rms_s0,phase2/results/predictions/full/electrode/resnet/seed_29/bandpass_n20004_cV1_independent_rms_s0.npz,75414,d4e57dd96aecaa83ac6c612712cbfa4188931d7618687c0208caff15af431400
resnet,electrode,29,bandpass_n20004_cV1_electrode_s20,phase2/results/predictions/full/electrode/resnet/seed_29/bandpass_n20004_cV1_electrode_s20.npz,76312,c6e805f9f5690c198c610454d8a1bc563c8ac946c76e51d3b2c73e00a1975efe
resnet,electrode,29,bandpass_n20004_cV1_electrode_s15,phase2/results/predictions/full/electrode/resnet/seed_29/bandpass_n20004_cV1_electrode_s15.npz,76284,c982921614ff4f47b41bbf9e3bc9440ae4e25a794a3999aedad67c9139745e06
resnet,electrode,29,bandpass_n20004_cV1_electrode_s10,phase2/results/predictions/full/electrode/resnet/seed_29/bandpass_n20004_cV1_electrode_s10.npz,76211,b1b9fbe5bb704a8620dad84bedad5a5ee7e606c0a98bc42fbabdc2e1120be15f
resnet,electrode,29,bandpass_n20004_cV1_electrode_s5,phase2/results/predictions/full/electrode/resnet/seed_29/bandpass_n20004_cV1_electrode_s5.npz,75985,26863081906080b4307cf4e0f07e3457bc8c51dd1fe39dcc37d42ee64e92d825
resnet,electrode,29,bandpass_n20004_cV1_electrode_s0,phase2/results/predictions/full/electrode/resnet/seed_29/bandpass_n20004_cV1_electrode_s0.npz,75436,3db65f04c3260525f2c630fd917aa8a5d10c9b014ea6a1248c2a53460a9943bb
resnet,electrode,29,bandpass_n20004_cV1_covariance_s20,phase2/results/predictions/full/electrode/resnet/seed_29/bandpass_n20004_cV1_covariance_s20.npz,76336,a45d6b992505ac092b1dfa0cb20f2243c749f510843b7ae802f11c268ca5b142
resnet,electrode,29,bandpass_n20004_cV1_covariance_s15,phase2/results/predictions/full/electrode/resnet/seed_29/bandpass_n20004_cV1_covariance_s15.npz,76284,571e06d38a9b4167c177d026e1cb4b4325f396c902b4c1f9053ff4bfacf4dd0d
resnet,electrode,29,bandpass_n20004_cV1_covariance_s10,phase2/results/predictions/full/electrode/resnet/seed_29/bandpass_n20004_cV1_covariance_s10.npz,76213,1294c71e6efbbd3d6cbd0d02e7669144698794b40806fd52eac30e9d068f9b62
resnet,electrode,29,bandpass_n20004_cV1_covariance_s5,phase2/results/predictions/full/electrode/resnet/seed_29/bandpass_n20004_cV1_covariance_s5.npz,76001,eddadf64bf2c4ff53d202191df18813a20fafe2f85929d6de5d879b302968723
resnet,electrode,29,bandpass_n20004_cV1_covariance_s0,phase2/results/predictions/full/electrode/resnet/seed_29/bandpass_n20004_cV1_covariance_s0.npz,75405,6d683fb1424cc7da0e1c82e66cabdc96ad8a2cdc63d756dfe9ecbf630b8f4726
resnet,electrode,29,bandpass_n20004_cV2_independent_rms_s20,phase2/results/predictions/full/electrode/resnet/seed_29/bandpass_n20004_cV2_independent_rms_s20.npz,76314,c1576ea13039ccdbb6a1eea560ed847516a26b895c738cc26bc88e0b39d74437
resnet,electrode,29,bandpass_n20004_cV2_independent_rms_s15,phase2/results/predictions/full/electrode/resnet/seed_29/bandpass_n20004_cV2_independent_rms_s15.npz,76303,64ec11cd28de9f6815450801e0976c11fe004685349e400da10624db0033a98e
resnet,electrode,29,bandpass_n20004_cV2_independent_rms_s10,phase2/results/predictions/full/electrode/resnet/seed_29/bandpass_n20004_cV2_independent_rms_s10.npz,76239,b1cea4942477ab01348b0099546bb313bbc3fee7a09a9a4fa2c15c36b5940bad
resnet,electrode,29,bandpass_n20004_cV2_independent_rms_s5,phase2/results/predictions/full/electrode/resnet/seed_29/bandpass_n20004_cV2_independent_rms_s5.npz,76061,9fb3d0f117395dbc532f5b8869b9645175e3d3eacca2f9355f8c7464b1cdfea8
resnet,electrode,29,bandpass_n20004_cV2_independent_rms_s0,phase2/results/predictions/full/electrode/resnet/seed_29/bandpass_n20004_cV2_independent_rms_s0.npz,75524,5df7506605f268e3b05bc9f0be663779440e9914e23446330dd1f6ea51e42832
resnet,electrode,29,bandpass_n20004_cV2_electrode_s20,phase2/results/predictions/full/electrode/resnet/seed_29/bandpass_n20004_cV2_electrode_s20.npz,76290,859e2d866d0bc9997526007c1d833dfde430b1fa9fa0eae9a87132593bbd091b
resnet,electrode,29,bandpass_n20004_cV2_electrode_s15,phase2/results/predictions/full/electrode/resnet/seed_29/bandpass_n20004_cV2_electrode_s15.npz,76295,7c920bd83dcceceffbb7c64672da0bb2be0d31e61e1c146057f6cc39acac45f9
resnet,electrode,29,bandpass_n20004_cV2_electrode_s10,phase2/results/predictions/full/electrode/resnet/seed_29/bandpass_n20004_cV2_electrode_s10.npz,76250,17a68d2df8cce7ff57902f4cefa59cd702de67af141c872f8007920e2a34c486
resnet,electrode,29,bandpass_n20004_cV2_electrode_s5,phase2/results/predictions/full/electrode/resnet/seed_29/bandpass_n20004_cV2_electrode_s5.npz,76098,809fbac32db3db530c71f10b043518584e0f11ef03dcc851eefeb0f131d2f23d
resnet,electrode,29,bandpass_n20004_cV2_electrode_s0,phase2/results/predictions/full/electrode/resnet/seed_29/bandpass_n20004_cV2_electrode_s0.npz,75518,7ceb9d591cf9f13938fc7146e5158f79e62233e1b974e9a7358630412bc0fe93
resnet,electrode,29,bandpass_n20004_cV2_covariance_s20,phase2/results/predictions/full/electrode/resnet/seed_29/bandpass_n20004_cV2_covariance_s20.npz,76259,66ebd36335787ed256d167aa40e61728d4735e057559eba5b7624bbbfd6624e6
resnet,electrode,29,bandpass_n20004_cV2_covariance_s15,phase2/results/predictions/full/electrode/resnet/seed_29/bandpass_n20004_cV2_covariance_s15.npz,76284,36379c514df240bfbdad8938a38ca467363f0e89d412f4b7120ca0ce47c92428
resnet,electrode,29,bandpass_n20004_cV2_covariance_s10,phase2/results/predictions/full/electrode/resnet/seed_29/bandpass_n20004_cV2_covariance_s10.npz,76216,b7b5ffebf2a5ffc7b52264f3566034e68b49fbc2003bf3257268a1d60471e6f0
resnet,electrode,29,bandpass_n20004_cV2_covariance_s5,phase2/results/predictions/full/electrode/resnet/seed_29/bandpass_n20004_cV2_covariance_s5.npz,76063,6e9f940f80e56cae6e2e702e5fa445f59b48f67b6e91e2c4058801a8b9400ca7
resnet,electrode,29,bandpass_n20004_cV2_covariance_s0,phase2/results/predictions/full/electrode/resnet/seed_29/bandpass_n20004_cV2_covariance_s0.npz,75517,1508706bfccc8c00974d70965b43c7ff86e6ed08d0920d55922333631f8fe5c9
resnet,electrode,29,bandpass_n20004_cV3_independent_rms_s20,phase2/results/predictions/full/electrode/resnet/seed_29/bandpass_n20004_cV3_independent_rms_s20.npz,76312,06efe63483f2aeb3cff0989d8da89cb2caf99f0589a36c0303babf5d33baf7e2
resnet,electrode,29,bandpass_n20004_cV3_independent_rms_s15,phase2/results/predictions/full/electrode/resnet/seed_29/bandpass_n20004_cV3_independent_rms_s15.npz,76351,424889ff54e44e63258b32e1bad7c421dc7d495fc60db34232634982c3cb8dde
resnet,electrode,29,bandpass_n20004_cV3_independent_rms_s10,phase2/results/predictions/full/electrode/resnet/seed_29/bandpass_n20004_cV3_independent_rms_s10.npz,76288,4e77c41cb42dacf7c4e57740130afaa66485477768f2be91f516d54eb5c8596b
resnet,electrode,29,bandpass_n20004_cV3_independent_rms_s5,phase2/results/predictions/full/electrode/resnet/seed_29/bandpass_n20004_cV3_independent_rms_s5.npz,76200,f408d1c157921b188127213d96749b4e2184e002d1d76315d3c46f329fe01e71
resnet,electrode,29,bandpass_n20004_cV3_independent_rms_s0,phase2/results/predictions/full/electrode/resnet/seed_29/bandpass_n20004_cV3_independent_rms_s0.npz,75880,2dca37fdfddd50f9738b1cb0418dfe21d6ee8893df374d61e89d526994a6fbc8
resnet,electrode,29,bandpass_n20004_cV3_electrode_s20,phase2/results/predictions/full/electrode/resnet/seed_29/bandpass_n20004_cV3_electrode_s20.npz,76292,570a5a6894688182212a933998521692862c40178d03b15e420b049b1bf3693a
resnet,electrode,29,bandpass_n20004_cV3_electrode_s15,phase2/results/predictions/full/electrode/resnet/seed_29/bandpass_n20004_cV3_electrode_s15.npz,76279,e3b8694e15f5c73c87f877fc03ad9d0803c16ab2e52f5ae7f024a55a72b50fee
resnet,electrode,29,bandpass_n20004_cV3_electrode_s10,phase2/results/predictions/full/electrode/resnet/seed_29/bandpass_n20004_cV3_electrode_s10.npz,76250,76d371107c4481cedc5616b270bbf0eefee1f4fb2d96b44429e189bb2ae8d9bf
resnet,electrode,29,bandpass_n20004_cV3_electrode_s5,phase2/results/predictions/full/electrode/resnet/seed_29/bandpass_n20004_cV3_electrode_s5.npz,76168,9fbaf1a3c0385836e3095b90e918c5105c4807c7ba8d62f58352c281226096ad
resnet,electrode,29,bandpass_n20004_cV3_electrode_s0,phase2/results/predictions/full/electrode/resnet/seed_29/bandpass_n20004_cV3_electrode_s0.npz,75855,5d65b9d36e71fdf151bbc6e19082b8e2f89b84c0ccd4b53a551c610d7872a2d6
resnet,electrode,29,bandpass_n20004_cV3_covariance_s20,phase2/results/predictions/full/electrode/resnet/seed_29/bandpass_n20004_cV3_covariance_s20.npz,76306,924c91dc187ba5ee9525820b54e51f939c6dd500a3120274253f7d77c6b68884
resnet,electrode,29,bandpass_n20004_cV3_covariance_s15,phase2/results/predictions/full/electrode/resnet/seed_29/bandpass_n20004_cV3_covariance_s15.npz,76303,34ba12ba1022d802cdf5e7263f4b397bde79a69c8c56bab5c36eae38b9ea776f
resnet,electrode,29,bandpass_n20004_cV3_covariance_s10,phase2/results/predictions/full/electrode/resnet/seed_29/bandpass_n20004_cV3_covariance_s10.npz,76274,bda1b6830e58fc2d3aef80ab5bc85688893e9db171725f0dc7908079b3e36dc6
resnet,electrode,29,bandpass_n20004_cV3_covariance_s5,phase2/results/predictions/full/electrode/resnet/seed_29/bandpass_n20004_cV3_covariance_s5.npz,76162,ab438c369f25759d15fb5fe97e2523afe5157fe7ae4301bb987dbf3ec23ad4ce
resnet,electrode,29,bandpass_n20004_cV3_covariance_s0,phase2/results/predictions/full/electrode/resnet/seed_29/bandpass_n20004_cV3_covariance_s0.npz,75882,bda3b21f7a01c6af988fa29a19e257c7d231e02c8abcad3b6360a96998941cef
resnet,electrode,29,bandpass_n20004_cV4_independent_rms_s20,phase2/results/predictions/full/electrode/resnet/seed_29/bandpass_n20004_cV4_independent_rms_s20.npz,76340,38b2f07e8495e854c47478a0050b6db6234821c523f20ad8f13dac47b8488dd2
resnet,electrode,29,bandpass_n20004_cV4_independent_rms_s15,phase2/results/predictions/full/electrode/resnet/seed_29/bandpass_n20004_cV4_independent_rms_s15.npz,76322,bd4fd13cf9b16f9757be8dbc7634448668afed2356674cbdc12eca213ee407db
resnet,electrode,29,bandpass_n20004_cV4_independent_rms_s10,phase2/results/predictions/full/electrode/resnet/seed_29/bandpass_n20004_cV4_independent_rms_s10.npz,76271,7269788ae6fe43dd714d90b910585fda87fb8a15ad8c16f0b878adf24f461e60
resnet,electrode,29,bandpass_n20004_cV4_independent_rms_s5,phase2/results/predictions/full/electrode/resnet/seed_29/bandpass_n20004_cV4_independent_rms_s5.npz,76152,9823ae296089dc3b947a4b699f3360350ea793791f8d25b6118fad30b4bb3972
resnet,electrode,29,bandpass_n20004_cV4_independent_rms_s0,phase2/results/predictions/full/electrode/resnet/seed_29/bandpass_n20004_cV4_independent_rms_s0.npz,75728,043ba79e2d4f36dad8db15c90016e8accfc4899fb0d2c294da6148e0aa7ae6a8
resnet,electrode,29,bandpass_n20004_cV4_electrode_s20,phase2/results/predictions/full/electrode/resnet/seed_29/bandpass_n20004_cV4_electrode_s20.npz,76282,9efcb3cc3af4676c112546a2b1208acc21c4a61c22bf05d4702ddc2f1baac29e
resnet,electrode,29,bandpass_n20004_cV4_electrode_s15,phase2/results/predictions/full/electrode/resnet/seed_29/bandpass_n20004_cV4_electrode_s15.npz,76286,6287d77074268a94b5a969a91db7c6bca402e64fa8d9b5d8214aa9e80cbdf297
resnet,electrode,29,bandpass_n20004_cV4_electrode_s10,phase2/results/predictions/full/electrode/resnet/seed_29/bandpass_n20004_cV4_electrode_s10.npz,76283,d18799dc81be114535b3e64ab55da353e0857fad3d573a2376c80a724c8c88d3
resnet,electrode,29,bandpass_n20004_cV4_electrode_s5,phase2/results/predictions/full/electrode/resnet/seed_29/bandpass_n20004_cV4_electrode_s5.npz,76136,d532eca806fb8091de9a803946681504374d44c077a1ec50beb703fb897e9e43
resnet,electrode,29,bandpass_n20004_cV4_electrode_s0,phase2/results/predictions/full/electrode/resnet/seed_29/bandpass_n20004_cV4_electrode_s0.npz,75764,79752dacf10281416a4c83e99d09b8ae7ae2fcceefb289e5141031765c15a73b
resnet,electrode,29,bandpass_n20004_cV4_covariance_s20,phase2/results/predictions/full/electrode/resnet/seed_29/bandpass_n20004_cV4_covariance_s20.npz,76307,4e637203c9511a0ae0680809f6a85f8638f08ccf7d1d8c6214ab64895ceafde3
resnet,electrode,29,bandpass_n20004_cV4_covariance_s15,phase2/results/predictions/full/electrode/resnet/seed_29/bandpass_n20004_cV4_covariance_s15.npz,76288,d02b989d6902b2fd42de120b08159a04dd13e75713224b5988c3ed4a0e6b467c
resnet,electrode,29,bandpass_n20004_cV4_covariance_s10,phase2/results/predictions/full/electrode/resnet/seed_29/bandpass_n20004_cV4_covariance_s10.npz,76271,5b205ece292dd57a66918d8c474fd0cce54d88f65a24a835c3ddab45fae9f916
resnet,electrode,29,bandpass_n20004_cV4_covariance_s5,phase2/results/predictions/full/electrode/resnet/seed_29/bandpass_n20004_cV4_covariance_s5.npz,76120,7023e472a151ddc26605bb5762fcef71599433218362b88f11a851041ed7598a
resnet,electrode,29,bandpass_n20004_cV4_covariance_s0,phase2/results/predictions/full/electrode/resnet/seed_29/bandpass_n20004_cV4_covariance_s0.npz,75773,459fa870261a0a06b1bbe56e7d7b5e77bf43074b0fa4b1013d19e36ef653f8b4
resnet,electrode,29,bandpass_n20004_cV5_independent_rms_s20,phase2/results/predictions/full/electrode/resnet/seed_29/bandpass_n20004_cV5_independent_rms_s20.npz,76313,bac1d5c0730293a6d40257d3120747a24b592b8e4638f17ce31a0c56f09e9c94
resnet,electrode,29,bandpass_n20004_cV5_independent_rms_s15,phase2/results/predictions/full/electrode/resnet/seed_29/bandpass_n20004_cV5_independent_rms_s15.npz,76304,76aba6b2039ad6f05ef4faeca6c2788075ef0e4b65fedc9e0bdc6c524c134f94
resnet,electrode,29,bandpass_n20004_cV5_independent_rms_s10,phase2/results/predictions/full/electrode/resnet/seed_29/bandpass_n20004_cV5_independent_rms_s10.npz,76231,22497ec98cafbaed8c3476f526b883c19bfef5557b4d759f9e215e9f0e602a83
resnet,electrode,29,bandpass_n20004_cV5_independent_rms_s5,phase2/results/predictions/full/electrode/resnet/seed_29/bandpass_n20004_cV5_independent_rms_s5.npz,76078,ea1cc92ac73c1f0c6dd81c250a75b4e8af793da5ed144cd447afdb046e13e0f1
resnet,electrode,29,bandpass_n20004_cV5_independent_rms_s0,phase2/results/predictions/full/electrode/resnet/seed_29/bandpass_n20004_cV5_independent_rms_s0.npz,75572,f30d5d739ef398880999461d0fcaa9c46d4339094bf553e2789198bc9b78a9f2
resnet,electrode,29,bandpass_n20004_cV5_electrode_s20,phase2/results/predictions/full/electrode/resnet/seed_29/bandpass_n20004_cV5_electrode_s20.npz,76284,ba85e0604751770280dd3ea633bb98fa9ea5e5f5dbb5ebaef4a3faa371e2606d
resnet,electrode,29,bandpass_n20004_cV5_electrode_s15,phase2/results/predictions/full/electrode/resnet/seed_29/bandpass_n20004_cV5_electrode_s15.npz,76308,f10bb84b084c5a60e1d57ca7fc2ef9617171162fab221130907c9c65611577be
resnet,electrode,29,bandpass_n20004_cV5_electrode_s10,phase2/results/predictions/full/electrode/resnet/seed_29/bandpass_n20004_cV5_electrode_s10.npz,76246,ad76e380f0c07bdc7dd8d69167030e969c76d430fccc17063985e06aff709080
resnet,electrode,29,bandpass_n20004_cV5_electrode_s5,phase2/results/predictions/full/electrode/resnet/seed_29/bandpass_n20004_cV5_electrode_s5.npz,76027,6b806120e98a978e287cac0f741fd25d8e5873c3dfce4b2b1489285e973f430d
resnet,electrode,29,bandpass_n20004_cV5_electrode_s0,phase2/results/predictions/full/electrode/resnet/seed_29/bandpass_n20004_cV5_electrode_s0.npz,75543,78034aed9bf19f17cbd0a3a13b470fbbb066b7581648f10a26b72080bd9e2616
resnet,electrode,29,bandpass_n20004_cV5_covariance_s20,phase2/results/predictions/full/electrode/resnet/seed_29/bandpass_n20004_cV5_covariance_s20.npz,76300,ccd9f7f8ea3aee009252c3f5145ec883917fc87a99dde8d2c8c87596fe158198
resnet,electrode,29,bandpass_n20004_cV5_covariance_s15,phase2/results/predictions/full/electrode/resnet/seed_29/bandpass_n20004_cV5_covariance_s15.npz,76292,7869bb3b26b410b1ac61c7a52a2161b9d377b35ea83f4b3b41991593d8abe8ca
resnet,electrode,29,bandpass_n20004_cV5_covariance_s10,phase2/results/predictions/full/electrode/resnet/seed_29/bandpass_n20004_cV5_covariance_s10.npz,76233,16396a2484cbecd50cb1eb24a9a837b24d404d41d5078dd23b3dfdb3e9653829
resnet,electrode,29,bandpass_n20004_cV5_covariance_s5,phase2/results/predictions/full/electrode/resnet/seed_29/bandpass_n20004_cV5_covariance_s5.npz,76037,7751c703918995c4515649502be6a9db958df4a4fc5bcce27a1807b357c62284
resnet,electrode,29,bandpass_n20004_cV5_covariance_s0,phase2/results/predictions/full/electrode/resnet/seed_29/bandpass_n20004_cV5_covariance_s0.npz,75524,dfac0acee9ade05488cd3e06dac8f71b5a6c0c665d32e28f54cade35d6d47728
resnet,electrode,29,bandpass_n20004_cV6_independent_rms_s20,phase2/results/predictions/full/electrode/resnet/seed_29/bandpass_n20004_cV6_independent_rms_s20.npz,76298,ccf74dd2341768c5994c2b6e70586ec2021196988d835b8260e7fa5ca87a07d2
resnet,electrode,29,bandpass_n20004_cV6_independent_rms_s15,phase2/results/predictions/full/electrode/resnet/seed_29/bandpass_n20004_cV6_independent_rms_s15.npz,76294,d2025dcb8e82b09104aabecc88de534b5b481d812154bf4c672c2a90f6738102
resnet,electrode,29,bandpass_n20004_cV6_independent_rms_s10,phase2/results/predictions/full/electrode/resnet/seed_29/bandpass_n20004_cV6_independent_rms_s10.npz,76230,6cf7fc7095e4ba3bd50e564b23b18e9aaaaba9a9d3781bf0a8c3907e7f069aa5
resnet,electrode,29,bandpass_n20004_cV6_independent_rms_s5,phase2/results/predictions/full/electrode/resnet/seed_29/bandpass_n20004_cV6_independent_rms_s5.npz,76081,82f2a97c902e6ff7778b544984d4daac5144d44211f0d52da0fb73ed93170af5
resnet,electrode,29,bandpass_n20004_cV6_independent_rms_s0,phase2/results/predictions/full/electrode/resnet/seed_29/bandpass_n20004_cV6_independent_rms_s0.npz,75635,cddef978afea0bf7b0440d43b3aa556fbff22f2175a1a13b0df5b8f8f2725915
resnet,electrode,29,bandpass_n20004_cV6_electrode_s20,phase2/results/predictions/full/electrode/resnet/seed_29/bandpass_n20004_cV6_electrode_s20.npz,76305,baea0233dcf388e8807dfd91e2ee92822fb57492050f6a5af369bab4bf4bcf06
resnet,electrode,29,bandpass_n20004_cV6_electrode_s15,phase2/results/predictions/full/electrode/resnet/seed_29/bandpass_n20004_cV6_electrode_s15.npz,76303,9b2d63fbe869436e7351d8d9af5cc637f62d4352202ed77877e295bb166c6a86
resnet,electrode,29,bandpass_n20004_cV6_electrode_s10,phase2/results/predictions/full/electrode/resnet/seed_29/bandpass_n20004_cV6_electrode_s10.npz,76280,dcfca01ea052721e1e3d7228807c11c1ad8cafbf29ce309fb51f02528b925344
resnet,electrode,29,bandpass_n20004_cV6_electrode_s5,phase2/results/predictions/full/electrode/resnet/seed_29/bandpass_n20004_cV6_electrode_s5.npz,76042,eccf1739af99da649a5a7c8a506d5db56dfee34fcbb4bde629fecfa574720507
resnet,electrode,29,bandpass_n20004_cV6_electrode_s0,phase2/results/predictions/full/electrode/resnet/seed_29/bandpass_n20004_cV6_electrode_s0.npz,75647,0eb953d382bc858bf4b0770c8f3759bc494f8727aed01c9a7a9c8385bd8cb3a6
resnet,electrode,29,bandpass_n20004_cV6_covariance_s20,phase2/results/predictions/full/electrode/resnet/seed_29/bandpass_n20004_cV6_covariance_s20.npz,76339,f41ab184330ea610412fb449b6bfb59086c4d81f6f407b2e6a18fe0a4b808fb8
resnet,electrode,29,bandpass_n20004_cV6_covariance_s15,phase2/results/predictions/full/electrode/resnet/seed_29/bandpass_n20004_cV6_covariance_s15.npz,76302,fb55f42fffff38d49f797f4ad5499f948f145546414d05caccda01efdf3b539e
resnet,electrode,29,bandpass_n20004_cV6_covariance_s10,phase2/results/predictions/full/electrode/resnet/seed_29/bandpass_n20004_cV6_covariance_s10.npz,76243,bff28130860fcd2fc0aa6405cb4e3068956a3d305591059ddea2b5ac804ecab4
resnet,electrode,29,bandpass_n20004_cV6_covariance_s5,phase2/results/predictions/full/electrode/resnet/seed_29/bandpass_n20004_cV6_covariance_s5.npz,76028,4a795444abb072fd18da6b8690b14ea32276fd7dd154f23f095712baa0973f9a
resnet,electrode,29,bandpass_n20004_cV6_covariance_s0,phase2/results/predictions/full/electrode/resnet/seed_29/bandpass_n20004_cV6_covariance_s0.npz,75648,6a1d10e3710f31043725d3d583616b51e249f53f615e49049653b18166b92af8
resnet,electrode,29,bandpass_n20004_cRA_LA_independent_rms_s20,phase2/results/predictions/full/electrode/resnet/seed_29/bandpass_n20004_cRA_LA_independent_rms_s20.npz,76337,ef41fa0ea3d459205e63fd46d7a320d76402b2a01b78796ae1cdd957618a0e5c
resnet,electrode,29,bandpass_n20004_cRA_LA_independent_rms_s15,phase2/results/predictions/full/electrode/resnet/seed_29/bandpass_n20004_cRA_LA_independent_rms_s15.npz,76311,06c58badc2b1703b25495d6ee5e1fd30ed3e9d12f4745adacc8758f1a1bd575d
resnet,electrode,29,bandpass_n20004_cRA_LA_independent_rms_s10,phase2/results/predictions/full/electrode/resnet/seed_29/bandpass_n20004_cRA_LA_independent_rms_s10.npz,76276,aae76a19d3545e2140008766ddb6ef8963d939d23546e88566d3ad5a68abda23
resnet,electrode,29,bandpass_n20004_cRA_LA_independent_rms_s5,phase2/results/predictions/full/electrode/resnet/seed_29/bandpass_n20004_cRA_LA_independent_rms_s5.npz,76061,b2d8745dee3328b521201c3ff98ad36ea15d33d0a7d226f15b7da35ce19616ad
resnet,electrode,29,bandpass_n20004_cRA_LA_independent_rms_s0,phase2/results/predictions/full/electrode/resnet/seed_29/bandpass_n20004_cRA_LA_independent_rms_s0.npz,75517,a421b0709b812a6cda4655b8fbedaab96a510c2802e2c0c6a89a77d6d475a4d8
resnet,electrode,29,bandpass_n20004_cRA_LA_electrode_s20,phase2/results/predictions/full/electrode/resnet/seed_29/bandpass_n20004_cRA_LA_electrode_s20.npz,76296,670e3aae61197086c2b84c7a7a097bdc8c6d2eafd6567f7a8bd1cbf5fb07dbd1
resnet,electrode,29,bandpass_n20004_cRA_LA_electrode_s15,phase2/results/predictions/full/electrode/resnet/seed_29/bandpass_n20004_cRA_LA_electrode_s15.npz,76270,2b329453badd0b058a34286513dba823c7607320ef31d2b6993b11943df250b9
resnet,electrode,29,bandpass_n20004_cRA_LA_electrode_s10,phase2/results/predictions/full/electrode/resnet/seed_29/bandpass_n20004_cRA_LA_electrode_s10.npz,76238,4f058e33c03aa65e927e559a5ed2346e4fcf3a69c9fb9777369816dd3f506009
resnet,electrode,29,bandpass_n20004_cRA_LA_electrode_s5,phase2/results/predictions/full/electrode/resnet/seed_29/bandpass_n20004_cRA_LA_electrode_s5.npz,75996,a79ea4a75945616b2a8ba254308425099c08228a9b788ba5c75bc0affd99be87
resnet,electrode,29,bandpass_n20004_cRA_LA_electrode_s0,phase2/results/predictions/full/electrode/resnet/seed_29/bandpass_n20004_cRA_LA_electrode_s0.npz,75391,f371b0d0548c3da591f28c048bbc4fcb2994646e34b60d4d3e83a86ce424e714
resnet,electrode,29,bandpass_n20004_cRA_LA_covariance_s20,phase2/results/predictions/full/electrode/resnet/seed_29/bandpass_n20004_cRA_LA_covariance_s20.npz,76308,4036468ad0fb53c4089b59a8d8f551b0ef834d2e30ada9fc60494958aaeb71e1
resnet,electrode,29,bandpass_n20004_cRA_LA_covariance_s15,phase2/results/predictions/full/electrode/resnet/seed_29/bandpass_n20004_cRA_LA_covariance_s15.npz,76295,4b1e6ddfadc1d2d244e1a2a4cd72a1de387afcb6935002b619cfaa166f047897
resnet,electrode,29,bandpass_n20004_cRA_LA_covariance_s10,phase2/results/predictions/full/electrode/resnet/seed_29/bandpass_n20004_cRA_LA_covariance_s10.npz,76228,5e0664f25097e9f94b87b82d44785dbbb7f2f31605ccb214ffa3b8a30ed0c823
resnet,electrode,29,bandpass_n20004_cRA_LA_covariance_s5,phase2/results/predictions/full/electrode/resnet/seed_29/bandpass_n20004_cRA_LA_covariance_s5.npz,75954,cb037ae620fc6aa2691764724652220468ab5b1f5bbb658deb05a85119a31166
resnet,electrode,29,bandpass_n20004_cRA_LA_covariance_s0,phase2/results/predictions/full/electrode/resnet/seed_29/bandpass_n20004_cRA_LA_covariance_s0.npz,75398,9490caeeb58889e7f2a0b074e2a2a717ef858d143763ea1274b9b65d98ab622b
resnet,electrode,29,bandpass_n20004_cLA_LL_independent_rms_s20,phase2/results/predictions/full/electrode/resnet/seed_29/bandpass_n20004_cLA_LL_independent_rms_s20.npz,76332,0db60ed00ee75718c502dc8de452888b6fa26d9eae6f106454c351a00a126bac
resnet,electrode,29,bandpass_n20004_cLA_LL_independent_rms_s15,phase2/results/predictions/full/electrode/resnet/seed_29/bandpass_n20004_cLA_LL_independent_rms_s15.npz,76312,cb55ff08b01d45430d59d8cac75195a4461c93d434fe37440f53482e1ca7a586
resnet,electrode,29,bandpass_n20004_cLA_LL_independent_rms_s10,phase2/results/predictions/full/electrode/resnet/seed_29/bandpass_n20004_cLA_LL_independent_rms_s10.npz,76247,89978dc2ef388f06c9e41f4837a9f4ed98550e026f2387b294873aab3762868e
resnet,electrode,29,bandpass_n20004_cLA_LL_independent_rms_s5,phase2/results/predictions/full/electrode/resnet/seed_29/bandpass_n20004_cLA_LL_independent_rms_s5.npz,76059,ca0cf3c877718da228533e8b570eb6d75e460f049c5fbcd938e185838f70096b
resnet,electrode,29,bandpass_n20004_cLA_LL_independent_rms_s0,phase2/results/predictions/full/electrode/resnet/seed_29/bandpass_n20004_cLA_LL_independent_rms_s0.npz,75547,323092f28d3597e5251c55606fccee4eb47f97946fe2c2fd70ce46c9206ee0a3
resnet,electrode,29,bandpass_n20004_cLA_LL_electrode_s20,phase2/results/predictions/full/electrode/resnet/seed_29/bandpass_n20004_cLA_LL_electrode_s20.npz,76290,46b7d39bd0d42da950f1364b6f234b593ed04b7fd3bbdffcc31d68d685527596
resnet,electrode,29,bandpass_n20004_cLA_LL_electrode_s15,phase2/results/predictions/full/electrode/resnet/seed_29/bandpass_n20004_cLA_LL_electrode_s15.npz,76306,990115e5235400875e172da0388cc25b8a1c14978c0ba431b814f38a16f1421c
resnet,electrode,29,bandpass_n20004_cLA_LL_electrode_s10,phase2/results/predictions/full/electrode/resnet/seed_29/bandpass_n20004_cLA_LL_electrode_s10.npz,76211,c193675bad6ca67f80e49a0728893d1d7280d5c3e0bbb6199d51e2f87c6be911
resnet,electrode,29,bandpass_n20004_cLA_LL_electrode_s5,phase2/results/predictions/full/electrode/resnet/seed_29/bandpass_n20004_cLA_LL_electrode_s5.npz,75970,fda8cbaa69ea2dbc5f3ee737d5f6e5a18667cecd5c932111f13801451600b89e
resnet,electrode,29,bandpass_n20004_cLA_LL_electrode_s0,phase2/results/predictions/full/electrode/resnet/seed_29/bandpass_n20004_cLA_LL_electrode_s0.npz,75459,da21a6060ccb6ee84d25a545056cca59adc0736786c2e7f0b2cfb838afb3cc83
resnet,electrode,29,bandpass_n20004_cLA_LL_covariance_s20,phase2/results/predictions/full/electrode/resnet/seed_29/bandpass_n20004_cLA_LL_covariance_s20.npz,76336,851c140e6f836253e62573afae224719b9297b9f07308407fbde2471de1770b1
resnet,electrode,29,bandpass_n20004_cLA_LL_covariance_s15,phase2/results/predictions/full/electrode/resnet/seed_29/bandpass_n20004_cLA_LL_covariance_s15.npz,76301,80de183cc375d5cdc7976678627be58c5cdc4539c7bcc63d2233b0f7a139e5fa
resnet,electrode,29,bandpass_n20004_cLA_LL_covariance_s10,phase2/results/predictions/full/electrode/resnet/seed_29/bandpass_n20004_cLA_LL_covariance_s10.npz,76189,829a82557545ae2a818257dafbe6cf7392a52b98234230ecd73588ac1b880834
resnet,electrode,29,bandpass_n20004_cLA_LL_covariance_s5,phase2/results/predictions/full/electrode/resnet/seed_29/bandpass_n20004_cLA_LL_covariance_s5.npz,75950,bdbc4b471a4c39acda363ba49b293a060f1fbf71cfefdb4413cd4b6195d4c682
resnet,electrode,29,bandpass_n20004_cLA_LL_covariance_s0,phase2/results/predictions/full/electrode/resnet/seed_29/bandpass_n20004_cLA_LL_covariance_s0.npz,75484,2aa156ef335847eb0347c73e4937c62e9b7d8d60ee82ae401646c9a7a475c419
resnet,electrode,29,bandpass_n20004_cRA_LL_independent_rms_s20,phase2/results/predictions/full/electrode/resnet/seed_29/bandpass_n20004_cRA_LL_independent_rms_s20.npz,76319,62d8cc98aeaec28f98b857b2baea351df6ba8be94e67d283a311d13d2ab51618
resnet,electrode,29,bandpass_n20004_cRA_LL_independent_rms_s15,phase2/results/predictions/full/electrode/resnet/seed_29/bandpass_n20004_cRA_LL_independent_rms_s15.npz,76328,29de16ac85f5afdb5b7a7a57c9d678bc21b04436f0c80a83302643b2c8a5bc77
resnet,electrode,29,bandpass_n20004_cRA_LL_independent_rms_s10,phase2/results/predictions/full/electrode/resnet/seed_29/bandpass_n20004_cRA_LL_independent_rms_s10.npz,76249,621252e2538d3c2644ad5e823441c016fcff267bec034a741b2199bab8c092bd
resnet,electrode,29,bandpass_n20004_cRA_LL_independent_rms_s5,phase2/results/predictions/full/electrode/resnet/seed_29/bandpass_n20004_cRA_LL_independent_rms_s5.npz,76084,07c0029562ced8889ce16431ca86a7e0af638f5ea826015e6708119076644582
resnet,electrode,29,bandpass_n20004_cRA_LL_independent_rms_s0,phase2/results/predictions/full/electrode/resnet/seed_29/bandpass_n20004_cRA_LL_independent_rms_s0.npz,75528,3413bcc338e83687e5ec874aaacf852d5095779697da6c4d1a8a2d258a9d39d5
resnet,electrode,29,bandpass_n20004_cRA_LL_electrode_s20,phase2/results/predictions/full/electrode/resnet/seed_29/bandpass_n20004_cRA_LL_electrode_s20.npz,76277,acb80d56ada42a5438055d59617c0b47121bd9c91e854398f29c983c7fe2c06c
resnet,electrode,29,bandpass_n20004_cRA_LL_electrode_s15,phase2/results/predictions/full/electrode/resnet/seed_29/bandpass_n20004_cRA_LL_electrode_s15.npz,76277,fec8ab4fae31bec3d80f23139592477180fb610a6f74c9b3b48728e68b440f10
resnet,electrode,29,bandpass_n20004_cRA_LL_electrode_s10,phase2/results/predictions/full/electrode/resnet/seed_29/bandpass_n20004_cRA_LL_electrode_s10.npz,76162,854724f23aa7509b4d0dd5c72b591e4594f4ef10088703384799a8c643e6f500
resnet,electrode,29,bandpass_n20004_cRA_LL_electrode_s5,phase2/results/predictions/full/electrode/resnet/seed_29/bandpass_n20004_cRA_LL_electrode_s5.npz,75958,000c015cc8d9a56bcb718136c03dffa2a5ab1096b2f9f48a6909f074dcaa63df
resnet,electrode,29,bandpass_n20004_cRA_LL_electrode_s0,phase2/results/predictions/full/electrode/resnet/seed_29/bandpass_n20004_cRA_LL_electrode_s0.npz,75379,7640acf01e6ec1ba4566cb4e18c5e613b4e0cdbac4d50751e4464da43ce651b2
resnet,electrode,29,bandpass_n20004_cRA_LL_covariance_s20,phase2/results/predictions/full/electrode/resnet/seed_29/bandpass_n20004_cRA_LL_covariance_s20.npz,76307,49848d33640de9094d0d61e9dc6cc754d65b3ed8efb6ab79c0cda0330d9b0be8
resnet,electrode,29,bandpass_n20004_cRA_LL_covariance_s15,phase2/results/predictions/full/electrode/resnet/seed_29/bandpass_n20004_cRA_LL_covariance_s15.npz,76291,130719600df98375a886e22e99bda3862b676c911767053f51d1aec09dadcc3a
resnet,electrode,29,bandpass_n20004_cRA_LL_covariance_s10,phase2/results/predictions/full/electrode/resnet/seed_29/bandpass_n20004_cRA_LL_covariance_s10.npz,76212,13d4357e8cc2302eba39b53de5fd7042c7c078e25fef1531b3f50d07d3ca692c
resnet,electrode,29,bandpass_n20004_cRA_LL_covariance_s5,phase2/results/predictions/full/electrode/resnet/seed_29/bandpass_n20004_cRA_LL_covariance_s5.npz,75992,854cb3738c7daf025b7a0f100dd09cee52fa2c5029882651755f7d48d462ac93
resnet,electrode,29,bandpass_n20004_cRA_LL_covariance_s0,phase2/results/predictions/full/electrode/resnet/seed_29/bandpass_n20004_cRA_LL_covariance_s0.npz,75433,ce5ca1f614a934657a2fd922681e95b462ab667af6b10268b0fd72155bfd64f0
resnet,electrode,29,bandpass_n20004_cRA_independent_rms_s20,phase2/results/predictions/full/electrode/resnet/seed_29/bandpass_n20004_cRA_independent_rms_s20.npz,76342,3e9be4c127979310dbbbc47d624eea9d7b8f8142198a5752b9d5b5291ba90734
resnet,electrode,29,bandpass_n20004_cRA_independent_rms_s15,phase2/results/predictions/full/electrode/resnet/seed_29/bandpass_n20004_cRA_independent_rms_s15.npz,76304,89c7bf6a00eea2864384136790d87ce9737ca58a4089e4559e77c92489ab11f0
resnet,electrode,29,bandpass_n20004_cRA_independent_rms_s10,phase2/results/predictions/full/electrode/resnet/seed_29/bandpass_n20004_cRA_independent_rms_s10.npz,76255,0c71c32d4b9b4292e8f96fa445089cc3d9d6fcec74bc3f7d369fe8cc421c4de2
resnet,electrode,29,bandpass_n20004_cRA_independent_rms_s5,phase2/results/predictions/full/electrode/resnet/seed_29/bandpass_n20004_cRA_independent_rms_s5.npz,76031,760cb487f3c4b52e74f268de64cd9c2a0eaef6e4a21da053c9f60528046fbfa6
resnet,electrode,29,bandpass_n20004_cRA_independent_rms_s0,phase2/results/predictions/full/electrode/resnet/seed_29/bandpass_n20004_cRA_independent_rms_s0.npz,75502,e06d107c2b24adbc5c8567e4ae92ba15e36a4cbea41a0e4fe0fef3dc7f8b1252
resnet,electrode,29,bandpass_n20004_cRA_electrode_s20,phase2/results/predictions/full/electrode/resnet/seed_29/bandpass_n20004_cRA_electrode_s20.npz,76292,5ce9f022e45ddd023f63f6044bebd4d87db67f0fd78887148d10214d6d574eb2
resnet,electrode,29,bandpass_n20004_cRA_electrode_s15,phase2/results/predictions/full/electrode/resnet/seed_29/bandpass_n20004_cRA_electrode_s15.npz,76287,74287c059657db8bc7aa9453663d01b373a06eda8b9dd14f0086917274f628ba
resnet,electrode,29,bandpass_n20004_cRA_electrode_s10,phase2/results/predictions/full/electrode/resnet/seed_29/bandpass_n20004_cRA_electrode_s10.npz,76203,71579a7b4272eaaee48217f789446b6cba814834357d4d99e41ab54a7f4602f5
resnet,electrode,29,bandpass_n20004_cRA_electrode_s5,phase2/results/predictions/full/electrode/resnet/seed_29/bandpass_n20004_cRA_electrode_s5.npz,75967,9225317acf474b1a0c53afb7b4f7f5d060e4bea38d71789f93600679198da826
resnet,electrode,29,bandpass_n20004_cRA_electrode_s0,phase2/results/predictions/full/electrode/resnet/seed_29/bandpass_n20004_cRA_electrode_s0.npz,75389,b0e2e693fd3fb5c84bf0e0eb9bc880594863d8f2eebed6d117061cce474f32de
resnet,electrode,29,bandpass_n20004_cRA_covariance_s20,phase2/results/predictions/full/electrode/resnet/seed_29/bandpass_n20004_cRA_covariance_s20.npz,76296,2a2f98fc116852a8cd3b923e78354961669a317e3e5ae2c778368505c297d384
resnet,electrode,29,bandpass_n20004_cRA_covariance_s15,phase2/results/predictions/full/electrode/resnet/seed_29/bandpass_n20004_cRA_covariance_s15.npz,76295,8d4e30d85f414e5ecd80c2453203187a6ee8c4d825247d618098d5d5ebeeb8a9
resnet,electrode,29,bandpass_n20004_cRA_covariance_s10,phase2/results/predictions/full/electrode/resnet/seed_29/bandpass_n20004_cRA_covariance_s10.npz,76195,a2844bb6e637107ab150c64b115781c0d1a32b3353d303c44263fa1f746a4637
resnet,electrode,29,bandpass_n20004_cRA_covariance_s5,phase2/results/predictions/full/electrode/resnet/seed_29/bandpass_n20004_cRA_covariance_s5.npz,75960,425998eb8e96fe2b00ce20fbdb5d73ff512732ff17af42454d01b5fda4f0bf65
resnet,electrode,29,bandpass_n20004_cRA_covariance_s0,phase2/results/predictions/full/electrode/resnet/seed_29/bandpass_n20004_cRA_covariance_s0.npz,75367,48106b238d4a93df438d69a5c15a4b5414b35369ea62313a35f4c430823f5230
resnet,electrode,29,bandpass_n20004_cLA_independent_rms_s20,phase2/results/predictions/full/electrode/resnet/seed_29/bandpass_n20004_cLA_independent_rms_s20.npz,76276,9425814fca116c6126bcf551f450a6dbe9d986e87013144fdc93032a7cbcc3a7
resnet,electrode,29,bandpass_n20004_cLA_independent_rms_s15,phase2/results/predictions/full/electrode/resnet/seed_29/bandpass_n20004_cLA_independent_rms_s15.npz,76287,c2e739ee4bd383c97f0ffa911d159abf4b20a48d5b9df0dd91185c1ca4985fd3
resnet,electrode,29,bandpass_n20004_cLA_independent_rms_s10,phase2/results/predictions/full/electrode/resnet/seed_29/bandpass_n20004_cLA_independent_rms_s10.npz,76281,d9fe9f8f8af7bf2af86b640a905d094a4f40b8c4a04bb6b15f1ed6f01c0e1483
resnet,electrode,29,bandpass_n20004_cLA_independent_rms_s5,phase2/results/predictions/full/electrode/resnet/seed_29/bandpass_n20004_cLA_independent_rms_s5.npz,76062,983e5885e7aaf4dfb9815c48c51a65258349c2e2976cfbe6cf9fde5136d72203
resnet,electrode,29,bandpass_n20004_cLA_independent_rms_s0,phase2/results/predictions/full/electrode/resnet/seed_29/bandpass_n20004_cLA_independent_rms_s0.npz,75529,d6cfe790f93cf8612a986cb15f81211827527cecb5c0f4753acbb720d77dca92
resnet,electrode,29,bandpass_n20004_cLA_electrode_s20,phase2/results/predictions/full/electrode/resnet/seed_29/bandpass_n20004_cLA_electrode_s20.npz,76297,fe5e9fd7b876cd9b3ea7cbdc5fa7f9af123e4c2e263c504a9747ed3ebc3c96ad
resnet,electrode,29,bandpass_n20004_cLA_electrode_s15,phase2/results/predictions/full/electrode/resnet/seed_29/bandpass_n20004_cLA_electrode_s15.npz,76297,63f1a207e0adee1291dc4d344d98ad73a6ffbb514a165ed292c5325decdd35fa
resnet,electrode,29,bandpass_n20004_cLA_electrode_s10,phase2/results/predictions/full/electrode/resnet/seed_29/bandpass_n20004_cLA_electrode_s10.npz,76202,726bdab792ab334dc9b53d4659f3fd19b19ed5f1355b9a8d2abdf4cb31ed66df
resnet,electrode,29,bandpass_n20004_cLA_electrode_s5,phase2/results/predictions/full/electrode/resnet/seed_29/bandpass_n20004_cLA_electrode_s5.npz,75994,6ff643c0cf53c6662d26e269f65c440d8c435935ccfd4ec473e949f47ce71bab
resnet,electrode,29,bandpass_n20004_cLA_electrode_s0,phase2/results/predictions/full/electrode/resnet/seed_29/bandpass_n20004_cLA_electrode_s0.npz,75373,386b4e1a7b6666d28fd2252b513e331dd94349022442dc4d87531924dc0d0b72
resnet,electrode,29,bandpass_n20004_cLA_covariance_s20,phase2/results/predictions/full/electrode/resnet/seed_29/bandpass_n20004_cLA_covariance_s20.npz,76293,aa9fe12c165d71aabcfebed3b6b5fd41325fa17b69ea349f1344ee5cbf107aed
resnet,electrode,29,bandpass_n20004_cLA_covariance_s15,phase2/results/predictions/full/electrode/resnet/seed_29/bandpass_n20004_cLA_covariance_s15.npz,76282,4686e1bbcc2c90b67c9e3c01bfa07a58f0a5dcdd64b2e5f03f4fac6a6d8a1c2b
resnet,electrode,29,bandpass_n20004_cLA_covariance_s10,phase2/results/predictions/full/electrode/resnet/seed_29/bandpass_n20004_cLA_covariance_s10.npz,76245,131490547b1ef16ac161cead159830f4538c5b68b0a8412921fbe276d29b2082
resnet,electrode,29,bandpass_n20004_cLA_covariance_s5,phase2/results/predictions/full/electrode/resnet/seed_29/bandpass_n20004_cLA_covariance_s5.npz,76001,088a5ecf332afc3859067f2f1709cff2837e98aa712961f20b015cca7a831654
resnet,electrode,29,bandpass_n20004_cLA_covariance_s0,phase2/results/predictions/full/electrode/resnet/seed_29/bandpass_n20004_cLA_covariance_s0.npz,75390,052b3db0b64d919438be5707a997c6b924d7ab968dbd6cac8405ad64817c3cb5
resnet,electrode,29,bandpass_n20004_cLL_independent_rms_s20,phase2/results/predictions/full/electrode/resnet/seed_29/bandpass_n20004_cLL_independent_rms_s20.npz,76300,5d104a8390dd21f21ee7e1c6e4cd2dded6e7f3427efbb4d3dfec43574675ff7b
resnet,electrode,29,bandpass_n20004_cLL_independent_rms_s15,phase2/results/predictions/full/electrode/resnet/seed_29/bandpass_n20004_cLL_independent_rms_s15.npz,76293,5b511d279dc5296cf6c9a165784e00fede56fdd3e2ac25945179df19b4d6bcf8
resnet,electrode,29,bandpass_n20004_cLL_independent_rms_s10,phase2/results/predictions/full/electrode/resnet/seed_29/bandpass_n20004_cLL_independent_rms_s10.npz,76236,da17c14162e11ba3748e153afab8947163b6bf5ffb6a1c5a09ae64dd92f70f42
resnet,electrode,29,bandpass_n20004_cLL_independent_rms_s5,phase2/results/predictions/full/electrode/resnet/seed_29/bandpass_n20004_cLL_independent_rms_s5.npz,76073,ced2871fcc31ca0b2d9e1574478c6c2293d71f31cd2fffec984c45451db1a532
resnet,electrode,29,bandpass_n20004_cLL_independent_rms_s0,phase2/results/predictions/full/electrode/resnet/seed_29/bandpass_n20004_cLL_independent_rms_s0.npz,75504,74e31a3aae8d5838e9f301d989cdbd04d23770def04d136b787284d788c6f0f4
resnet,electrode,29,bandpass_n20004_cLL_electrode_s20,phase2/results/predictions/full/electrode/resnet/seed_29/bandpass_n20004_cLL_electrode_s20.npz,76313,1e8b43226a9f3904fc5da8af1fad1b7794e061504815bf112f2632e6e1e06d24
resnet,electrode,29,bandpass_n20004_cLL_electrode_s15,phase2/results/predictions/full/electrode/resnet/seed_29/bandpass_n20004_cLL_electrode_s15.npz,76271,cb2a3c80795e7730b18797edf21c3694969b84d546296a207b150016dda9d859
resnet,electrode,29,bandpass_n20004_cLL_electrode_s10,phase2/results/predictions/full/electrode/resnet/seed_29/bandpass_n20004_cLL_electrode_s10.npz,76185,7641e181e514f1e042a3d8f71affce603035d481a42c94ef698a68d28e968627
resnet,electrode,29,bandpass_n20004_cLL_electrode_s5,phase2/results/predictions/full/electrode/resnet/seed_29/bandpass_n20004_cLL_electrode_s5.npz,75960,79234723b3de687a5552ff4d8ae67f75e5107025757635ab4b244bb91f5a0bf4
resnet,electrode,29,bandpass_n20004_cLL_electrode_s0,phase2/results/predictions/full/electrode/resnet/seed_29/bandpass_n20004_cLL_electrode_s0.npz,75530,944a718e8fe7804a5203ab89dc82e01d585085e4370869af2ce16c52fd3654c7
resnet,electrode,29,bandpass_n20004_cLL_covariance_s20,phase2/results/predictions/full/electrode/resnet/seed_29/bandpass_n20004_cLL_covariance_s20.npz,76302,29c3d80f08efc9e2010f5ce98b74dda9fd05a45751fa9660a35f4566d9421b0c
resnet,electrode,29,bandpass_n20004_cLL_covariance_s15,phase2/results/predictions/full/electrode/resnet/seed_29/bandpass_n20004_cLL_covariance_s15.npz,76280,081519cf4e2998280debfdbb8f417dabd375eb3389b6041db60d824bdf0941a5
resnet,electrode,29,bandpass_n20004_cLL_covariance_s10,phase2/results/predictions/full/electrode/resnet/seed_29/bandpass_n20004_cLL_covariance_s10.npz,76188,108248efc5e46f89218f5be88837443bf7e6c37288db3e9fd0950883b58f9886
resnet,electrode,29,bandpass_n20004_cLL_covariance_s5,phase2/results/predictions/full/electrode/resnet/seed_29/bandpass_n20004_cLL_covariance_s5.npz,75947,94708db201152b179b1aaef3cabc350dd61e8c6622fa92c61f8d7b84ad4b040d
resnet,electrode,29,bandpass_n20004_cLL_covariance_s0,phase2/results/predictions/full/electrode/resnet/seed_29/bandpass_n20004_cLL_covariance_s0.npz,75534,36e92f023839b24484858472edb56ee70a0c7de59c384433bf5f86c40fe48e8e
resnet,electrode,29,bandpass_n20004_cRA_V1_independent_rms_s20,phase2/results/predictions/full/electrode/resnet/seed_29/bandpass_n20004_cRA_V1_independent_rms_s20.npz,76338,4e5a34f66abcacdba185daabe12f82723e81856f5bb9ae7fcbbc96191f6dd8f9
resnet,electrode,29,bandpass_n20004_cRA_V1_independent_rms_s15,phase2/results/predictions/full/electrode/resnet/seed_29/bandpass_n20004_cRA_V1_independent_rms_s15.npz,76323,959d7e47dc53c7c8f98dc9778c3ec834a69fab86b28f55d774623892870d7d41
resnet,electrode,29,bandpass_n20004_cRA_V1_independent_rms_s10,phase2/results/predictions/full/electrode/resnet/seed_29/bandpass_n20004_cRA_V1_independent_rms_s10.npz,76258,bbc0c3258d857976ef7914b5d12db963c847dd496839c2aae8ada8e562a12060
resnet,electrode,29,bandpass_n20004_cRA_V1_independent_rms_s5,phase2/results/predictions/full/electrode/resnet/seed_29/bandpass_n20004_cRA_V1_independent_rms_s5.npz,76032,3998e3b91c65518d7037068cce9ea818a01750fd94cef6f22a8aa97f7a5fb658
resnet,electrode,29,bandpass_n20004_cRA_V1_independent_rms_s0,phase2/results/predictions/full/electrode/resnet/seed_29/bandpass_n20004_cRA_V1_independent_rms_s0.npz,75475,f2156e2db84e43ebe309b4a01c26faf3a544c5c5db00b2ede9d497125bb54478
resnet,electrode,29,bandpass_n20004_cRA_V1_electrode_s20,phase2/results/predictions/full/electrode/resnet/seed_29/bandpass_n20004_cRA_V1_electrode_s20.npz,76270,11782295f0cee7425f7cccbbff3f29ee0a4b0ddb7274b3a29e407c4094bf2d3b
resnet,electrode,29,bandpass_n20004_cRA_V1_electrode_s15,phase2/results/predictions/full/electrode/resnet/seed_29/bandpass_n20004_cRA_V1_electrode_s15.npz,76291,0615b35d31647c027792a69536e06f6b2840ba9c8fe1592bddf85b9660ad72da
resnet,electrode,29,bandpass_n20004_cRA_V1_electrode_s10,phase2/results/predictions/full/electrode/resnet/seed_29/bandpass_n20004_cRA_V1_electrode_s10.npz,76216,01f2b750d7498f0357a2e3a991641c23d6e9ff27418c8265cbfd5e0d6a8dab7f
resnet,electrode,29,bandpass_n20004_cRA_V1_electrode_s5,phase2/results/predictions/full/electrode/resnet/seed_29/bandpass_n20004_cRA_V1_electrode_s5.npz,75930,835f1ccf3aa626a6f768956f84a4b45188dcc1de09531a13761ad4febb0146af
resnet,electrode,29,bandpass_n20004_cRA_V1_electrode_s0,phase2/results/predictions/full/electrode/resnet/seed_29/bandpass_n20004_cRA_V1_electrode_s0.npz,75341,389c0b962a1e19ee20ce688c914629215db512bdeae9beb9103226d4c20c8973
resnet,electrode,29,bandpass_n20004_cRA_V1_covariance_s20,phase2/results/predictions/full/electrode/resnet/seed_29/bandpass_n20004_cRA_V1_covariance_s20.npz,76332,950ad0e544ac7e378e510f6a6c8a9143f5f35bcb870d626b9f30cbe68ebd5468
resnet,electrode,29,bandpass_n20004_cRA_V1_covariance_s15,phase2/results/predictions/full/electrode/resnet/seed_29/bandpass_n20004_cRA_V1_covariance_s15.npz,76290,4da5e037de1a1a173dac5fa30220e3667761768b616222113bf81a0c4611f883
resnet,electrode,29,bandpass_n20004_cRA_V1_covariance_s10,phase2/results/predictions/full/electrode/resnet/seed_29/bandpass_n20004_cRA_V1_covariance_s10.npz,76251,26344ff83364054dedba278577a2a93d7b4d95332b10eebc7deb6d9039e2b6cd
resnet,electrode,29,bandpass_n20004_cRA_V1_covariance_s5,phase2/results/predictions/full/electrode/resnet/seed_29/bandpass_n20004_cRA_V1_covariance_s5.npz,75978,dea306d6a8e210b63b0657930add6f787ca7f117d941436a85991715b03972b9
resnet,electrode,29,bandpass_n20004_cRA_V1_covariance_s0,phase2/results/predictions/full/electrode/resnet/seed_29/bandpass_n20004_cRA_V1_covariance_s0.npz,75369,5be32ccd354012c06385d96421808a51d02ce7ab09e714a0af115e2a9b5589b0
resnet,electrode,29,bandpass_n20004_cLA_V6_independent_rms_s20,phase2/results/predictions/full/electrode/resnet/seed_29/bandpass_n20004_cLA_V6_independent_rms_s20.npz,76315,e918be3b17268a544dbeff2076506b9ae05ab216644f5e0a0ad3f4b5fc2dde43
resnet,electrode,29,bandpass_n20004_cLA_V6_independent_rms_s15,phase2/results/predictions/full/electrode/resnet/seed_29/bandpass_n20004_cLA_V6_independent_rms_s15.npz,76320,fdca316627f1113151aeddbbe93022d1bc7418586c432eba90cd78e071a731dc
resnet,electrode,29,bandpass_n20004_cLA_V6_independent_rms_s10,phase2/results/predictions/full/electrode/resnet/seed_29/bandpass_n20004_cLA_V6_independent_rms_s10.npz,76257,f50a8058ffc8277112f0b451fc00b14db44c17440bbfde7ba3f111fb19989cb4
resnet,electrode,29,bandpass_n20004_cLA_V6_independent_rms_s5,phase2/results/predictions/full/electrode/resnet/seed_29/bandpass_n20004_cLA_V6_independent_rms_s5.npz,76068,3601952ec05c1da2d1ddd5c7fedd28af89042a22f231e76490e446ef64d6c56d
resnet,electrode,29,bandpass_n20004_cLA_V6_independent_rms_s0,phase2/results/predictions/full/electrode/resnet/seed_29/bandpass_n20004_cLA_V6_independent_rms_s0.npz,75596,db940c8571336d71becd045dc32f938faea263ccbc0b0cbc4039748aada5a351
resnet,electrode,29,bandpass_n20004_cLA_V6_electrode_s20,phase2/results/predictions/full/electrode/resnet/seed_29/bandpass_n20004_cLA_V6_electrode_s20.npz,76302,b9af5105e8fce7bb534a13bc71b081dfc9ad8b0169ff689265d6660400ffb175
resnet,electrode,29,bandpass_n20004_cLA_V6_electrode_s15,phase2/results/predictions/full/electrode/resnet/seed_29/bandpass_n20004_cLA_V6_electrode_s15.npz,76296,4e9076351f6a1890e53b5300618c22065c2ecb21a73521d7fde527af8fc8d43a
resnet,electrode,29,bandpass_n20004_cLA_V6_electrode_s10,phase2/results/predictions/full/electrode/resnet/seed_29/bandpass_n20004_cLA_V6_electrode_s10.npz,76250,64f0871e05a467e83d4437e71ab7d49b3858d93f1e556af4e2b707b876a4ce94
resnet,electrode,29,bandpass_n20004_cLA_V6_electrode_s5,phase2/results/predictions/full/electrode/resnet/seed_29/bandpass_n20004_cLA_V6_electrode_s5.npz,76008,a4b429866b41276044ff9d300c29a94cf64604caeff850c4232651d0fe0e5b3f
resnet,electrode,29,bandpass_n20004_cLA_V6_electrode_s0,phase2/results/predictions/full/electrode/resnet/seed_29/bandpass_n20004_cLA_V6_electrode_s0.npz,75459,c0553dc0b8486e1ffe4fceed0f3858efeec67555c538579b17137d19aab42e1d
resnet,electrode,29,bandpass_n20004_cLA_V6_covariance_s20,phase2/results/predictions/full/electrode/resnet/seed_29/bandpass_n20004_cLA_V6_covariance_s20.npz,76323,1d18e314512a450c334db8ebc20f5e8668010ca68d177be7d6871e9755efb96d
resnet,electrode,29,bandpass_n20004_cLA_V6_covariance_s15,phase2/results/predictions/full/electrode/resnet/seed_29/bandpass_n20004_cLA_V6_covariance_s15.npz,76321,fddd49568d15d4aad76768eea2b922c1082aeeea3c52a91d75f6b689a580af6c
resnet,electrode,29,bandpass_n20004_cLA_V6_covariance_s10,phase2/results/predictions/full/electrode/resnet/seed_29/bandpass_n20004_cLA_V6_covariance_s10.npz,76276,f9006c439f06fe864b6809bef7aff4c34b345a5713c928cdb0e11fee758156c4
resnet,electrode,29,bandpass_n20004_cLA_V6_covariance_s5,phase2/results/predictions/full/electrode/resnet/seed_29/bandpass_n20004_cLA_V6_covariance_s5.npz,76034,9e6a829f5df256c16b1d6445dd43fab721ba7a8649f86687fa6cea2b8ecf1904
resnet,electrode,29,bandpass_n20004_cLA_V6_covariance_s0,phase2/results/predictions/full/electrode/resnet/seed_29/bandpass_n20004_cLA_V6_covariance_s0.npz,75437,3784a38bc0a16328b51620abef3c20ceef0496557ee3fce3783aa75272678716
resnet,electrode,29,bandpass_n20004_cLL_V4_independent_rms_s20,phase2/results/predictions/full/electrode/resnet/seed_29/bandpass_n20004_cLL_V4_independent_rms_s20.npz,76345,47e8c92dbaf964607ba9806a16e75ea51cfd4eab1fff7ee66b53e7ecddeb72e8
resnet,electrode,29,bandpass_n20004_cLL_V4_independent_rms_s15,phase2/results/predictions/full/electrode/resnet/seed_29/bandpass_n20004_cLL_V4_independent_rms_s15.npz,76306,b5c9aec481a687436034aa270f32cce23895d46ec7bedd1c077a8ea7ac7a3575
resnet,electrode,29,bandpass_n20004_cLL_V4_independent_rms_s10,phase2/results/predictions/full/electrode/resnet/seed_29/bandpass_n20004_cLL_V4_independent_rms_s10.npz,76266,513692a2341d5a1baa1bf6f11f6b1fa1a161e4d9ecc5a60e8e8cb5a0e234f890
resnet,electrode,29,bandpass_n20004_cLL_V4_independent_rms_s5,phase2/results/predictions/full/electrode/resnet/seed_29/bandpass_n20004_cLL_V4_independent_rms_s5.npz,76089,be0374a433370f27bbaa7390c5ea2425fe508a48fde312913422592bd54d5aab
resnet,electrode,29,bandpass_n20004_cLL_V4_independent_rms_s0,phase2/results/predictions/full/electrode/resnet/seed_29/bandpass_n20004_cLL_V4_independent_rms_s0.npz,75617,a95e1ffcd6f1609bd24f4693953a0b5ac56d716972bef156edab00605880d726
resnet,electrode,29,bandpass_n20004_cLL_V4_electrode_s20,phase2/results/predictions/full/electrode/resnet/seed_29/bandpass_n20004_cLL_V4_electrode_s20.npz,76313,ee959cc0fded2e28a310eaa8c422ea6088da9e58983f4831081c41bc4d38112f
resnet,electrode,29,bandpass_n20004_cLL_V4_electrode_s15,phase2/results/predictions/full/electrode/resnet/seed_29/bandpass_n20004_cLL_V4_electrode_s15.npz,76308,4634ea8ede29e00f3e6c1fb679118a460c2711c05b2416cc0045397b822d2569
resnet,electrode,29,bandpass_n20004_cLL_V4_electrode_s10,phase2/results/predictions/full/electrode/resnet/seed_29/bandpass_n20004_cLL_V4_electrode_s10.npz,76203,39590c8e88f85d037b6928b724957a76ba143181147fda692135fb2d57b38d0c
resnet,electrode,29,bandpass_n20004_cLL_V4_electrode_s5,phase2/results/predictions/full/electrode/resnet/seed_29/bandpass_n20004_cLL_V4_electrode_s5.npz,75977,ce9f3c3b690b13d8e6746137e3e831b9ccd6b3a6d62d83b1eba4420201e1732f
resnet,electrode,29,bandpass_n20004_cLL_V4_electrode_s0,phase2/results/predictions/full/electrode/resnet/seed_29/bandpass_n20004_cLL_V4_electrode_s0.npz,75579,289485a2fdb2563be7b7dd8c800dfab2d1b2230a857cb55572ef9c6fad0c778d
resnet,electrode,29,bandpass_n20004_cLL_V4_covariance_s20,phase2/results/predictions/full/electrode/resnet/seed_29/bandpass_n20004_cLL_V4_covariance_s20.npz,76322,b2066b3fe8e30a54049ffb53276755b1f87b61577f53a70052183cab205504c4
resnet,electrode,29,bandpass_n20004_cLL_V4_covariance_s15,phase2/results/predictions/full/electrode/resnet/seed_29/bandpass_n20004_cLL_V4_covariance_s15.npz,76321,5a2287798e1156baf85874df46cce650b18cce8e81dfbf88164e221f18cb51b6
resnet,electrode,29,bandpass_n20004_cLL_V4_covariance_s10,phase2/results/predictions/full/electrode/resnet/seed_29/bandpass_n20004_cLL_V4_covariance_s10.npz,76218,65bfe712502876c012ea80488e61340a49d454fb94d02392052d0e1c431dfb2d
resnet,electrode,29,bandpass_n20004_cLL_V4_covariance_s5,phase2/results/predictions/full/electrode/resnet/seed_29/bandpass_n20004_cLL_V4_covariance_s5.npz,76021,6f90944be2c6a5bf2aa16cb54df516464d7410745943bc01312c5be6b9f1d6f3
resnet,electrode,29,bandpass_n20004_cLL_V4_covariance_s0,phase2/results/predictions/full/electrode/resnet/seed_29/bandpass_n20004_cLL_V4_covariance_s0.npz,75569,65e2d5dbfafab0baaa1c711e6155b65157a932ee0323a059a4cfa563472723f7
resnet,electrode,29,bandpass_n20004_cRA_LA_V1_V6_independent_rms_s20,phase2/results/predictions/full/electrode/resnet/seed_29/bandpass_n20004_cRA_LA_V1_V6_independent_rms_s20.npz,76344,923dca47891beacc51c5d84fb8e022109f00f5e701224d44c66d79bfc709855b
resnet,electrode,29,bandpass_n20004_cRA_LA_V1_V6_independent_rms_s15,phase2/results/predictions/full/electrode/resnet/seed_29/bandpass_n20004_cRA_LA_V1_V6_independent_rms_s15.npz,76335,43174bfc9b74bc567470122b577db4ce70e0ebef669e6ce8d65dc542e5ff8874
resnet,electrode,29,bandpass_n20004_cRA_LA_V1_V6_independent_rms_s10,phase2/results/predictions/full/electrode/resnet/seed_29/bandpass_n20004_cRA_LA_V1_V6_independent_rms_s10.npz,76300,5220180eb341101de574f982aa0b2732c441abad58d1bb7f3ac6b4e9f333e885
resnet,electrode,29,bandpass_n20004_cRA_LA_V1_V6_independent_rms_s5,phase2/results/predictions/full/electrode/resnet/seed_29/bandpass_n20004_cRA_LA_V1_V6_independent_rms_s5.npz,76086,a6e3020e1b6aaf1e30300a48db07e2c8ce17d8b7edd23d771760d7e406c43c33
resnet,electrode,29,bandpass_n20004_cRA_LA_V1_V6_independent_rms_s0,phase2/results/predictions/full/electrode/resnet/seed_29/bandpass_n20004_cRA_LA_V1_V6_independent_rms_s0.npz,75565,fe06c9661839862c0091c537ca5edef8b5a048e9a591ec510a094712ab06dd6b
resnet,electrode,29,bandpass_n20004_cRA_LA_V1_V6_electrode_s20,phase2/results/predictions/full/electrode/resnet/seed_29/bandpass_n20004_cRA_LA_V1_V6_electrode_s20.npz,76316,ae1ced79fd3d3e62cc7fcc3e6d39a95373c9848901d0ea493ae89ffd16d019fb
resnet,electrode,29,bandpass_n20004_cRA_LA_V1_V6_electrode_s15,phase2/results/predictions/full/electrode/resnet/seed_29/bandpass_n20004_cRA_LA_V1_V6_electrode_s15.npz,76326,4ae8996fed7a0a4f60494e983f436f3bad478887d6cc341bcf0d37f968c1f3ca
resnet,electrode,29,bandpass_n20004_cRA_LA_V1_V6_electrode_s10,phase2/results/predictions/full/electrode/resnet/seed_29/bandpass_n20004_cRA_LA_V1_V6_electrode_s10.npz,76226,29523c652925f8f2acb44cc45d60abe9eace2bc0bbb66f08fa304b296d76d5a1
resnet,electrode,29,bandpass_n20004_cRA_LA_V1_V6_electrode_s5,phase2/results/predictions/full/electrode/resnet/seed_29/bandpass_n20004_cRA_LA_V1_V6_electrode_s5.npz,76022,818b5c77e454bb262bc3edcbaea9e8eee762795b10bb98e0658f1f6e1ee26f66
resnet,electrode,29,bandpass_n20004_cRA_LA_V1_V6_electrode_s0,phase2/results/predictions/full/electrode/resnet/seed_29/bandpass_n20004_cRA_LA_V1_V6_electrode_s0.npz,75399,82a38808066188318ad4a08b3014b3ddc1f8477db07e0878a991cd38248fc98d
resnet,electrode,29,bandpass_n20004_cRA_LA_V1_V6_covariance_s20,phase2/results/predictions/full/electrode/resnet/seed_29/bandpass_n20004_cRA_LA_V1_V6_covariance_s20.npz,76311,3aad26c2bde5ec429eeb112021a4d2f65b558d7034eaa297cf07ee52124410f9
resnet,electrode,29,bandpass_n20004_cRA_LA_V1_V6_covariance_s15,phase2/results/predictions/full/electrode/resnet/seed_29/bandpass_n20004_cRA_LA_V1_V6_covariance_s15.npz,76293,84d92e377106d10a9e3c5b1b9acab2435241c450787a0ac70459e3cfb2a86f15
resnet,electrode,29,bandpass_n20004_cRA_LA_V1_V6_covariance_s10,phase2/results/predictions/full/electrode/resnet/seed_29/bandpass_n20004_cRA_LA_V1_V6_covariance_s10.npz,76232,d5fba4c2644cae698b11cf217d45f2511baa5c4ddcf7ab3c5d406b1b2a1b8bcb
resnet,electrode,29,bandpass_n20004_cRA_LA_V1_V6_covariance_s5,phase2/results/predictions/full/electrode/resnet/seed_29/bandpass_n20004_cRA_LA_V1_V6_covariance_s5.npz,76023,0a16134da5aca3bff4d0d101214aed9efb896cff6728cc0a0e05efd03ab2105e
resnet,electrode,29,bandpass_n20004_cRA_LA_V1_V6_covariance_s0,phase2/results/predictions/full/electrode/resnet/seed_29/bandpass_n20004_cRA_LA_V1_V6_covariance_s0.npz,75404,b414740e83f2e2d4f0ba9415fb0f7d8f5471ce2e7fec3a0f7b7a92b7f9ef42b6
resnet,electrode,29,bandpass_n20004_cRA_V2_V5_independent_rms_s20,phase2/results/predictions/full/electrode/resnet/seed_29/bandpass_n20004_cRA_V2_V5_independent_rms_s20.npz,76338,e28537b0012b14fbb9e9ee5de7e6ba268ffd0d002900a1cbd617ad8dfd86b19b
resnet,electrode,29,bandpass_n20004_cRA_V2_V5_independent_rms_s15,phase2/results/predictions/full/electrode/resnet/seed_29/bandpass_n20004_cRA_V2_V5_independent_rms_s15.npz,76303,b39923e51ff34e2eba709e7f51ff34dc2be93fd39d7e121714e617814caafa70
resnet,electrode,29,bandpass_n20004_cRA_V2_V5_independent_rms_s10,phase2/results/predictions/full/electrode/resnet/seed_29/bandpass_n20004_cRA_V2_V5_independent_rms_s10.npz,76255,d57cd4ae4989278cdbde55e4d9e05344a9c1a0f0ee2f05136c89fb5cfe77c79f
resnet,electrode,29,bandpass_n20004_cRA_V2_V5_independent_rms_s5,phase2/results/predictions/full/electrode/resnet/seed_29/bandpass_n20004_cRA_V2_V5_independent_rms_s5.npz,76058,1c022b9020d9b581cb92a09744bc9bd939cc8d3c8082d5f30ea08e5523175676
resnet,electrode,29,bandpass_n20004_cRA_V2_V5_independent_rms_s0,phase2/results/predictions/full/electrode/resnet/seed_29/bandpass_n20004_cRA_V2_V5_independent_rms_s0.npz,75555,f9d0ab36d0e098b28824d37898c2cc05de340bc70825baee39b0c48f3a1bdeed
resnet,electrode,29,bandpass_n20004_cRA_V2_V5_electrode_s20,phase2/results/predictions/full/electrode/resnet/seed_29/bandpass_n20004_cRA_V2_V5_electrode_s20.npz,76305,da99c9670cb82a0e1b9c80ea8b8dff7772460f4b39ba4908b9eac5199ef8ad6d
resnet,electrode,29,bandpass_n20004_cRA_V2_V5_electrode_s15,phase2/results/predictions/full/electrode/resnet/seed_29/bandpass_n20004_cRA_V2_V5_electrode_s15.npz,76319,a6fda657f29fc6b6abdc87d79d8cf85205026e44f1e02c8ce5cc2cf2bc39ee26
resnet,electrode,29,bandpass_n20004_cRA_V2_V5_electrode_s10,phase2/results/predictions/full/electrode/resnet/seed_29/bandpass_n20004_cRA_V2_V5_electrode_s10.npz,76228,2033d0d8c2291be7b4877edf49c629ff57c097804e5bd4a036f1b26bbc22dddd
resnet,electrode,29,bandpass_n20004_cRA_V2_V5_electrode_s5,phase2/results/predictions/full/electrode/resnet/seed_29/bandpass_n20004_cRA_V2_V5_electrode_s5.npz,75984,f9b66c838cd6b09ca0dcfd36149f0923ff8c192bcc8e61d88dfd7cd8ad322ae6
resnet,electrode,29,bandpass_n20004_cRA_V2_V5_electrode_s0,phase2/results/predictions/full/electrode/resnet/seed_29/bandpass_n20004_cRA_V2_V5_electrode_s0.npz,75405,1a1009956b8ecd12a255805b4824b198e396515ebb83e1c68144af8375c86da8
resnet,electrode,29,bandpass_n20004_cRA_V2_V5_covariance_s20,phase2/results/predictions/full/electrode/resnet/seed_29/bandpass_n20004_cRA_V2_V5_covariance_s20.npz,76331,8946022bb3af9464e6573df70da5efd8dd9e0da2e51301da839c48c32fb4d5b4
resnet,electrode,29,bandpass_n20004_cRA_V2_V5_covariance_s15,phase2/results/predictions/full/electrode/resnet/seed_29/bandpass_n20004_cRA_V2_V5_covariance_s15.npz,76321,33671f0a573af13be9a9a43ff3a818c567128de5965f53dee15fd9df67fd1ffa
resnet,electrode,29,bandpass_n20004_cRA_V2_V5_covariance_s10,phase2/results/predictions/full/electrode/resnet/seed_29/bandpass_n20004_cRA_V2_V5_covariance_s10.npz,76210,786b7936b93f2be815b99f2cd0e537b8c2832c7b9c0a98bf4eb31c9be1ac46a1
resnet,electrode,29,bandpass_n20004_cRA_V2_V5_covariance_s5,phase2/results/predictions/full/electrode/resnet/seed_29/bandpass_n20004_cRA_V2_V5_covariance_s5.npz,76002,370c0fc9667bc780c1c8af48403b0913dbab7870686bb8f786245c3b2372dbde
resnet,electrode,29,bandpass_n20004_cRA_V2_V5_covariance_s0,phase2/results/predictions/full/electrode/resnet/seed_29/bandpass_n20004_cRA_V2_V5_covariance_s0.npz,75416,495e6bf3f068d6f6986cac82a35d10817c2f0097c7a9d7e25c431d28d4e77265
resnet,electrode,29,bandpass_n20004_cLA_V3_V6_independent_rms_s20,phase2/results/predictions/full/electrode/resnet/seed_29/bandpass_n20004_cLA_V3_V6_independent_rms_s20.npz,76362,56d4c29e44be38d6943c01491a3f7ba4ca1685df7c3d0726dbf14d8f15986c04
resnet,electrode,29,bandpass_n20004_cLA_V3_V6_independent_rms_s15,phase2/results/predictions/full/electrode/resnet/seed_29/bandpass_n20004_cLA_V3_V6_independent_rms_s15.npz,76315,cea79fe796026a73938e721a0217d177daa097510685755562d621d55c056ade
resnet,electrode,29,bandpass_n20004_cLA_V3_V6_independent_rms_s10,phase2/results/predictions/full/electrode/resnet/seed_29/bandpass_n20004_cLA_V3_V6_independent_rms_s10.npz,76288,a0bfa4723438bc159428112158f1beeeabfbdfa7f4ed231565109324331b3535
resnet,electrode,29,bandpass_n20004_cLA_V3_V6_independent_rms_s5,phase2/results/predictions/full/electrode/resnet/seed_29/bandpass_n20004_cLA_V3_V6_independent_rms_s5.npz,76094,a2b8e6fedcd069ba1f8b69fea3350a0d01815f9afc05b82432be02a2c6fcbb14
resnet,electrode,29,bandpass_n20004_cLA_V3_V6_independent_rms_s0,phase2/results/predictions/full/electrode/resnet/seed_29/bandpass_n20004_cLA_V3_V6_independent_rms_s0.npz,75615,c4129051ad1e0ba4e2d46edd56adf627aa6a0c5401e1843f5ea974e50dbd87fe
resnet,electrode,29,bandpass_n20004_cLA_V3_V6_electrode_s20,phase2/results/predictions/full/electrode/resnet/seed_29/bandpass_n20004_cLA_V3_V6_electrode_s20.npz,76341,13fd52d4dd15bc61927abfe758d54e7beba1bd3bff6e3832d421cd83ce7d888a
resnet,electrode,29,bandpass_n20004_cLA_V3_V6_electrode_s15,phase2/results/predictions/full/electrode/resnet/seed_29/bandpass_n20004_cLA_V3_V6_electrode_s15.npz,76311,988a833702ddd456310e40d43b6587f9522c9bde438c7a3be99688c9867bcaae
resnet,electrode,29,bandpass_n20004_cLA_V3_V6_electrode_s10,phase2/results/predictions/full/electrode/resnet/seed_29/bandpass_n20004_cLA_V3_V6_electrode_s10.npz,76263,b8cfaa76cc6aacba47246cf1c6bb69c3baca53c56bbbad1cfef09c82e9702bee
resnet,electrode,29,bandpass_n20004_cLA_V3_V6_electrode_s5,phase2/results/predictions/full/electrode/resnet/seed_29/bandpass_n20004_cLA_V3_V6_electrode_s5.npz,76080,9b7a5691030f8b9807de5e86ea7f687c3f539c8199db82c9f3d59006f9d64ec0
resnet,electrode,29,bandpass_n20004_cLA_V3_V6_electrode_s0,phase2/results/predictions/full/electrode/resnet/seed_29/bandpass_n20004_cLA_V3_V6_electrode_s0.npz,75503,496ae80ffe31ff3be933a3bf3c39a4a918c68ce4a9b857926107e2c1ae36629e
resnet,electrode,29,bandpass_n20004_cLA_V3_V6_covariance_s20,phase2/results/predictions/full/electrode/resnet/seed_29/bandpass_n20004_cLA_V3_V6_covariance_s20.npz,76321,479dc07c50347a11d70261efed654daaf78936270e401b6f2a2d6d173b7bfdbc
resnet,electrode,29,bandpass_n20004_cLA_V3_V6_covariance_s15,phase2/results/predictions/full/electrode/resnet/seed_29/bandpass_n20004_cLA_V3_V6_covariance_s15.npz,76324,bcdab57c5b3e8fe9b3bb37ffb158065eca1fde22bb32ef652399f4b6c0b09d68
resnet,electrode,29,bandpass_n20004_cLA_V3_V6_covariance_s10,phase2/results/predictions/full/electrode/resnet/seed_29/bandpass_n20004_cLA_V3_V6_covariance_s10.npz,76265,1da8783dcb4021dda90adfb4299a0c49143b61714d5e6fcad4212a6bf091d824
resnet,electrode,29,bandpass_n20004_cLA_V3_V6_covariance_s5,phase2/results/predictions/full/electrode/resnet/seed_29/bandpass_n20004_cLA_V3_V6_covariance_s5.npz,76031,b1ce4b098b396fe19a85d9733b456e4384ffcd727d10d609ba1fe3973acdb2d2
resnet,electrode,29,bandpass_n20004_cLA_V3_V6_covariance_s0,phase2/results/predictions/full/electrode/resnet/seed_29/bandpass_n20004_cLA_V3_V6_covariance_s0.npz,75506,6ca956b70f60861a1c707ed42c71d8ba8a16ee2b91c3a31c7ab6ee56d550aa97
resnet,electrode,29,bandpass_n20004_cLL_V1_V4_independent_rms_s20,phase2/results/predictions/full/electrode/resnet/seed_29/bandpass_n20004_cLL_V1_V4_independent_rms_s20.npz,76320,29536b0776e3e830824fef6a1d60b4d873455a41c744d7e8e651a72fe9b2ba2b
resnet,electrode,29,bandpass_n20004_cLL_V1_V4_independent_rms_s15,phase2/results/predictions/full/electrode/resnet/seed_29/bandpass_n20004_cLL_V1_V4_independent_rms_s15.npz,76328,ec76d7576d34970c56b6bc6ed0a474cbdc6b0ddd645292c1a5263d55541d1e4a
resnet,electrode,29,bandpass_n20004_cLL_V1_V4_independent_rms_s10,phase2/results/predictions/full/electrode/resnet/seed_29/bandpass_n20004_cLL_V1_V4_independent_rms_s10.npz,76257,c6c1238b421027e3495a2634155e591baf9308f80506144597e42fab37642eea
resnet,electrode,29,bandpass_n20004_cLL_V1_V4_independent_rms_s5,phase2/results/predictions/full/electrode/resnet/seed_29/bandpass_n20004_cLL_V1_V4_independent_rms_s5.npz,76093,dbf1daa1328eef5a79b97e6482245c2d290ef7a189b7a0bbd950dfe8742ecb35
resnet,electrode,29,bandpass_n20004_cLL_V1_V4_independent_rms_s0,phase2/results/predictions/full/electrode/resnet/seed_29/bandpass_n20004_cLL_V1_V4_independent_rms_s0.npz,75545,c319be365a8de9c1aabe1972bc05c47389554203a1f7f365b994a012e5b064c1
resnet,electrode,29,bandpass_n20004_cLL_V1_V4_electrode_s20,phase2/results/predictions/full/electrode/resnet/seed_29/bandpass_n20004_cLL_V1_V4_electrode_s20.npz,76336,672ac98d9b7dadc377a35f3a1a0dac305208fb0f6a64c81e99dc4657c6a899ea
resnet,electrode,29,bandpass_n20004_cLL_V1_V4_electrode_s15,phase2/results/predictions/full/electrode/resnet/seed_29/bandpass_n20004_cLL_V1_V4_electrode_s15.npz,76311,6b71c22312f7732dd4ec6d4ec7f0f99b3ce5458df4d33a825058aec827f158e4
resnet,electrode,29,bandpass_n20004_cLL_V1_V4_electrode_s10,phase2/results/predictions/full/electrode/resnet/seed_29/bandpass_n20004_cLL_V1_V4_electrode_s10.npz,76230,cf154a3908e5c611d814120a3dd778bcb31d10179b4fdc4594fe6d4908c05aac
resnet,electrode,29,bandpass_n20004_cLL_V1_V4_electrode_s5,phase2/results/predictions/full/electrode/resnet/seed_29/bandpass_n20004_cLL_V1_V4_electrode_s5.npz,75991,c77c78b8c0fe329ae77bfdfa398fb1c0825609be78a1238b10658c13217fa3c9
resnet,electrode,29,bandpass_n20004_cLL_V1_V4_electrode_s0,phase2/results/predictions/full/electrode/resnet/seed_29/bandpass_n20004_cLL_V1_V4_electrode_s0.npz,75499,d1961b48859a1ace5e62b73d78129b3bab89c056f4956b197eba16acec2549bb
resnet,electrode,29,bandpass_n20004_cLL_V1_V4_covariance_s20,phase2/results/predictions/full/electrode/resnet/seed_29/bandpass_n20004_cLL_V1_V4_covariance_s20.npz,76341,2aa2e02fb1fa10190b5b163cef4e487d92bcdff98941b2c66ce936966c2dedf3
resnet,electrode,29,bandpass_n20004_cLL_V1_V4_covariance_s15,phase2/results/predictions/full/electrode/resnet/seed_29/bandpass_n20004_cLL_V1_V4_covariance_s15.npz,76306,17fe8de6bca2cb62d9059608766d03a438ec2735ee45fbb743c4012c8e0a3910
resnet,electrode,29,bandpass_n20004_cLL_V1_V4_covariance_s10,phase2/results/predictions/full/electrode/resnet/seed_29/bandpass_n20004_cLL_V1_V4_covariance_s10.npz,76205,75a0d2387797e5cd518d7d071443f1c4374dc9111eeb1df1ebdc8ae30d78fb70
resnet,electrode,29,bandpass_n20004_cLL_V1_V4_covariance_s5,phase2/results/predictions/full/electrode/resnet/seed_29/bandpass_n20004_cLL_V1_V4_covariance_s5.npz,76012,af6f0ba750997f62606fd2141a106a21b8f070ff5e0cedc4c2f3602b848da42b
resnet,electrode,29,bandpass_n20004_cLL_V1_V4_covariance_s0,phase2/results/predictions/full/electrode/resnet/seed_29/bandpass_n20004_cLL_V1_V4_covariance_s0.npz,75528,44b98a4bca790176282043c395ffce0775d5a6f048fba022e292cbe7d6f79bcb
resnet,electrode,29,bandpass_n20004_call_independent_rms_s20,phase2/results/predictions/full/electrode/resnet/seed_29/bandpass_n20004_call_independent_rms_s20.npz,76303,dfca8d90bb4ade763dfc68941b791eb074019ac4d269e69c6a37d656be4e742d
resnet,electrode,29,bandpass_n20004_call_independent_rms_s15,phase2/results/predictions/full/electrode/resnet/seed_29/bandpass_n20004_call_independent_rms_s15.npz,76317,bbc15642161bfe08f98f5586be93726ee7dd3c8bf673803374a4e92ace58de13
resnet,electrode,29,bandpass_n20004_call_independent_rms_s10,phase2/results/predictions/full/electrode/resnet/seed_29/bandpass_n20004_call_independent_rms_s10.npz,76227,72e727edc2f6013000ebe0fc0cd55a192cfa094abcd65878fc5f16830e94365d
resnet,electrode,29,bandpass_n20004_call_independent_rms_s5,phase2/results/predictions/full/electrode/resnet/seed_29/bandpass_n20004_call_independent_rms_s5.npz,76044,6ed7eb833ed15dcecbe2a5c21021145ef4fbdc5a1d0326aa64b490725e2db542
resnet,electrode,29,bandpass_n20004_call_independent_rms_s0,phase2/results/predictions/full/electrode/resnet/seed_29/bandpass_n20004_call_independent_rms_s0.npz,75548,07ba3c2623da19db5ea30fd42acde850ea1b420b3aca64652bb54c1cef2d6b5a
resnet,electrode,29,bandpass_n20004_call_electrode_s20,phase2/results/predictions/full/electrode/resnet/seed_29/bandpass_n20004_call_electrode_s20.npz,76260,8b36064613a81c0e0d6baa7944d3104a7aa8b1873205dd1a1d1d240bcc146c1e
resnet,electrode,29,bandpass_n20004_call_electrode_s15,phase2/results/predictions/full/electrode/resnet/seed_29/bandpass_n20004_call_electrode_s15.npz,76289,d85da77d6cdf45081b5599fafd43dda979e374c8378022c833c22c8349af3455
resnet,electrode,29,bandpass_n20004_call_electrode_s10,phase2/results/predictions/full/electrode/resnet/seed_29/bandpass_n20004_call_electrode_s10.npz,76211,d4b9de001d479b5aa8cf386d0429b6ac863fd8d782abda1b1d77cc411047050a
resnet,electrode,29,bandpass_n20004_call_electrode_s5,phase2/results/predictions/full/electrode/resnet/seed_29/bandpass_n20004_call_electrode_s5.npz,75992,fdb729ee7cfbb3a9dd12faa2f1751e14fbfb762e92132f859c39fe7a2f0260e9
resnet,electrode,29,bandpass_n20004_call_electrode_s0,phase2/results/predictions/full/electrode/resnet/seed_29/bandpass_n20004_call_electrode_s0.npz,75452,713287091a99d902837b33e79e94f7ad8bca266fabc96f6671c0aad944536180
resnet,electrode,29,bandpass_n20004_call_covariance_s20,phase2/results/predictions/full/electrode/resnet/seed_29/bandpass_n20004_call_covariance_s20.npz,76278,a8ec84c1042b290f3f8d7e54697bf33f355d66a94506f0ed2fb1ef58a2919bd2
resnet,electrode,29,bandpass_n20004_call_covariance_s15,phase2/results/predictions/full/electrode/resnet/seed_29/bandpass_n20004_call_covariance_s15.npz,76250,c4f26a87d11e7c9a4e23f8361aeae2ff88d163a278e2697af138a43ed0880f43
resnet,electrode,29,bandpass_n20004_call_covariance_s10,phase2/results/predictions/full/electrode/resnet/seed_29/bandpass_n20004_call_covariance_s10.npz,76205,43942e76d95099983fed23d12e07dc206d2edf42bb9053c8a58e46405b9ef334
resnet,electrode,29,bandpass_n20004_call_covariance_s5,phase2/results/predictions/full/electrode/resnet/seed_29/bandpass_n20004_call_covariance_s5.npz,75971,23641c5f125b1fbc0aed68c27175caae6781aa282a51f84370a7dca0adeb719d
resnet,electrode,29,bandpass_n20004_call_covariance_s0,phase2/results/predictions/full/electrode/resnet/seed_29/bandpass_n20004_call_covariance_s0.npz,75416,43cedbb1685cc1ebbf304f489fa164debeed46d55c84a7862517f51eaed385b4
resnet,electrode,29,bandpass_n20005_cRA_LA_LL_independent_rms_s20,phase2/results/predictions/full/electrode/resnet/seed_29/bandpass_n20005_cRA_LA_LL_independent_rms_s20.npz,76330,cfab159da21701377e97d4941ee910e23e9557294ae9ba759424f835ab47638e
resnet,electrode,29,bandpass_n20005_cRA_LA_LL_independent_rms_s15,phase2/results/predictions/full/electrode/resnet/seed_29/bandpass_n20005_cRA_LA_LL_independent_rms_s15.npz,76312,d08c72b8d4fe5b7175cde38eab2a5e86671ffeefd4e70895e9235fbd9999e20e
resnet,electrode,29,bandpass_n20005_cRA_LA_LL_independent_rms_s10,phase2/results/predictions/full/electrode/resnet/seed_29/bandpass_n20005_cRA_LA_LL_independent_rms_s10.npz,76264,ce9d9e769f0065996dfc86ecf88cbd9496e978b6347f3c1ca07b92c78f082dce
resnet,electrode,29,bandpass_n20005_cRA_LA_LL_independent_rms_s5,phase2/results/predictions/full/electrode/resnet/seed_29/bandpass_n20005_cRA_LA_LL_independent_rms_s5.npz,76087,1aedf37bcfeab66e58034105b4367cda52c9e94c2a5ae843a272f85bc4beb132
resnet,electrode,29,bandpass_n20005_cRA_LA_LL_independent_rms_s0,phase2/results/predictions/full/electrode/resnet/seed_29/bandpass_n20005_cRA_LA_LL_independent_rms_s0.npz,75529,dfecfcc7fa223426b3b7c0bd5e10fe56f9e557b6e67320b96c4a25f99a28d1d1
resnet,electrode,29,bandpass_n20005_cRA_LA_LL_electrode_s20,phase2/results/predictions/full/electrode/resnet/seed_29/bandpass_n20005_cRA_LA_LL_electrode_s20.npz,76298,ca67a042bccabeaa7d40be0f74130254534ef0662bcf1668fdaa464c2f0ad156
resnet,electrode,29,bandpass_n20005_cRA_LA_LL_electrode_s15,phase2/results/predictions/full/electrode/resnet/seed_29/bandpass_n20005_cRA_LA_LL_electrode_s15.npz,76284,1a3bfb0f9d0eba45879a98deb476461368f7b31634ae7a8c53d23078e7a492b5
resnet,electrode,29,bandpass_n20005_cRA_LA_LL_electrode_s10,phase2/results/predictions/full/electrode/resnet/seed_29/bandpass_n20005_cRA_LA_LL_electrode_s10.npz,76221,d135ebd2077c38f1415c5e3e2d2b4b530cab5e4b63100f78bd01c7cf7e9743ce
resnet,electrode,29,bandpass_n20005_cRA_LA_LL_electrode_s5,phase2/results/predictions/full/electrode/resnet/seed_29/bandpass_n20005_cRA_LA_LL_electrode_s5.npz,75964,502ac390900b61b2d0f5a59098cc515152c94f561de3797b6a5457e9c0cc0e8e
resnet,electrode,29,bandpass_n20005_cRA_LA_LL_electrode_s0,phase2/results/predictions/full/electrode/resnet/seed_29/bandpass_n20005_cRA_LA_LL_electrode_s0.npz,75429,120aaec80d4117091ec389557f27f2fc777900390ec505e6f1dd659ee9243577
resnet,electrode,29,bandpass_n20005_cRA_LA_LL_covariance_s20,phase2/results/predictions/full/electrode/resnet/seed_29/bandpass_n20005_cRA_LA_LL_covariance_s20.npz,76341,712fd733e197dbc0cbd17edc3f623a04733ee36dc8e6846cf30171dd8cd48f15
resnet,electrode,29,bandpass_n20005_cRA_LA_LL_covariance_s15,phase2/results/predictions/full/electrode/resnet/seed_29/bandpass_n20005_cRA_LA_LL_covariance_s15.npz,76271,e37bee60b18cef9a287a28b1ba8f967b825b30c07999603dde71fcf6eaae1c9b
resnet,electrode,29,bandpass_n20005_cRA_LA_LL_covariance_s10,phase2/results/predictions/full/electrode/resnet/seed_29/bandpass_n20005_cRA_LA_LL_covariance_s10.npz,76235,30612145786210ab30c6cd98d8dd9e2cfd4b7f12e3bd0262d38022bc551a3197
resnet,electrode,29,bandpass_n20005_cRA_LA_LL_covariance_s5,phase2/results/predictions/full/electrode/resnet/seed_29/bandpass_n20005_cRA_LA_LL_covariance_s5.npz,75977,33f29c564f4eecd9cac189789360b6e2476c624f8eca6a6532dcbc48192b6f32
resnet,electrode,29,bandpass_n20005_cRA_LA_LL_covariance_s0,phase2/results/predictions/full/electrode/resnet/seed_29/bandpass_n20005_cRA_LA_LL_covariance_s0.npz,75402,2e77249240666047ece8a4e4f041b974da5e193f957aa3dd1e93d6927655b40a
resnet,electrode,29,bandpass_n20005_cV1_independent_rms_s20,phase2/results/predictions/full/electrode/resnet/seed_29/bandpass_n20005_cV1_independent_rms_s20.npz,76309,6cb3c8bd25ef4f15832c6ce030f6edc7219dfe54c0e695e3cd73e32e57e0bcd5
resnet,electrode,29,bandpass_n20005_cV1_independent_rms_s15,phase2/results/predictions/full/electrode/resnet/seed_29/bandpass_n20005_cV1_independent_rms_s15.npz,76306,0e5b7e68f5e6868770c615e26261ff18e8aacebc09ee934fe254a2873596fc3d
resnet,electrode,29,bandpass_n20005_cV1_independent_rms_s10,phase2/results/predictions/full/electrode/resnet/seed_29/bandpass_n20005_cV1_independent_rms_s10.npz,76241,7fd30bd4fde7be683cba99c3005b28191f5749020d47a6c584d7e0fd6f701a27
resnet,electrode,29,bandpass_n20005_cV1_independent_rms_s5,phase2/results/predictions/full/electrode/resnet/seed_29/bandpass_n20005_cV1_independent_rms_s5.npz,76011,3ed513561b0db6a402fd64fab0e1009e0dcf9c640369199c8648e667c996929d
resnet,electrode,29,bandpass_n20005_cV1_independent_rms_s0,phase2/results/predictions/full/electrode/resnet/seed_29/bandpass_n20005_cV1_independent_rms_s0.npz,75387,d31e6c175643585c0c7c1f2ca892c323e588b0eea87b15f2c9ec4ee7eafdcd20
resnet,electrode,29,bandpass_n20005_cV1_electrode_s20,phase2/results/predictions/full/electrode/resnet/seed_29/bandpass_n20005_cV1_electrode_s20.npz,76275,bcbcf88eac42b485854019728435702bc14a03db1509505801a251978d0c6a61
resnet,electrode,29,bandpass_n20005_cV1_electrode_s15,phase2/results/predictions/full/electrode/resnet/seed_29/bandpass_n20005_cV1_electrode_s15.npz,76276,617568bf488104f717e543ce82f18a037e2f3bafeb09fa19e1495907692fe548
resnet,electrode,29,bandpass_n20005_cV1_electrode_s10,phase2/results/predictions/full/electrode/resnet/seed_29/bandpass_n20005_cV1_electrode_s10.npz,76209,a05a7043e3b723d2b5df8f8efcce1b5502ea475551649e3be6776c8425433155
resnet,electrode,29,bandpass_n20005_cV1_electrode_s5,phase2/results/predictions/full/electrode/resnet/seed_29/bandpass_n20005_cV1_electrode_s5.npz,75975,86279b66b12b725ca5f09a0ef4f39605476c5ce171e33bd739ca4176c26fcf01
resnet,electrode,29,bandpass_n20005_cV1_electrode_s0,phase2/results/predictions/full/electrode/resnet/seed_29/bandpass_n20005_cV1_electrode_s0.npz,75423,1f8fcd3dd34926d67ed74d5e5673bf175f87421205683cd77e0ea9d5e2eda796
resnet,electrode,29,bandpass_n20005_cV1_covariance_s20,phase2/results/predictions/full/electrode/resnet/seed_29/bandpass_n20005_cV1_covariance_s20.npz,76312,af2d924a77f7634a999412e5133f53bc2777bae5aa5a755f9ea4dc3207e690c9
resnet,electrode,29,bandpass_n20005_cV1_covariance_s15,phase2/results/predictions/full/electrode/resnet/seed_29/bandpass_n20005_cV1_covariance_s15.npz,76292,7750f807f4848769f096353bf664d465430cbeabb37550a5489ca62b90e12820
resnet,electrode,29,bandpass_n20005_cV1_covariance_s10,phase2/results/predictions/full/electrode/resnet/seed_29/bandpass_n20005_cV1_covariance_s10.npz,76202,cdc79d961d5f5e4e6cedd54970f5753c4b464bdb7e03a8e8be913cd31042db9a
resnet,electrode,29,bandpass_n20005_cV1_covariance_s5,phase2/results/predictions/full/electrode/resnet/seed_29/bandpass_n20005_cV1_covariance_s5.npz,75999,1c8ac9ff55d29f6ac6e68b5c155278d62b2f6fc4a6a4350e708ae33d952bd5c0
resnet,electrode,29,bandpass_n20005_cV1_covariance_s0,phase2/results/predictions/full/electrode/resnet/seed_29/bandpass_n20005_cV1_covariance_s0.npz,75409,11add6c5f5cd48dc95ff5eadfc23ddaab8eca34dc93506b3eb7022db507f9d07
resnet,electrode,29,bandpass_n20005_cV2_independent_rms_s20,phase2/results/predictions/full/electrode/resnet/seed_29/bandpass_n20005_cV2_independent_rms_s20.npz,76335,bf850de0211d1a65e82cc39d6600833352ffdbb2f1eeeeda82acb4cf856cff86
resnet,electrode,29,bandpass_n20005_cV2_independent_rms_s15,phase2/results/predictions/full/electrode/resnet/seed_29/bandpass_n20005_cV2_independent_rms_s15.npz,76274,d44a05ace579367894cff8a848d924e0b4d0ffa44a6b00f9e8da4050c686f401
resnet,electrode,29,bandpass_n20005_cV2_independent_rms_s10,phase2/results/predictions/full/electrode/resnet/seed_29/bandpass_n20005_cV2_independent_rms_s10.npz,76250,654e7fae91de4c19a6805035c5039134515635329e940531b70eea0e00883af2
resnet,electrode,29,bandpass_n20005_cV2_independent_rms_s5,phase2/results/predictions/full/electrode/resnet/seed_29/bandpass_n20005_cV2_independent_rms_s5.npz,76064,e2262be594fc39887711443207c5c6d1ce2398fefa269adf2cc8bb9f6253f70b
resnet,electrode,29,bandpass_n20005_cV2_independent_rms_s0,phase2/results/predictions/full/electrode/resnet/seed_29/bandpass_n20005_cV2_independent_rms_s0.npz,75532,e45ea2f56d6ae1c82fe7c82d0d9349671eb6ea3eb442509fa8f63ce3ef767663
resnet,electrode,29,bandpass_n20005_cV2_electrode_s20,phase2/results/predictions/full/electrode/resnet/seed_29/bandpass_n20005_cV2_electrode_s20.npz,76290,7f741f097dbc67ecc38d134bc9cfdac860934203496ceb18c1b9943ad7efc15f
resnet,electrode,29,bandpass_n20005_cV2_electrode_s15,phase2/results/predictions/full/electrode/resnet/seed_29/bandpass_n20005_cV2_electrode_s15.npz,76282,64c37c73a3ed100fd40b63cf7222dc243441147f1e38395fc711f2f55df56f1a
resnet,electrode,29,bandpass_n20005_cV2_electrode_s10,phase2/results/predictions/full/electrode/resnet/seed_29/bandpass_n20005_cV2_electrode_s10.npz,76260,7b0130424e5f468c3902ba104b58e2af3585b0830252bbfad4c78bfd70980e7c
resnet,electrode,29,bandpass_n20005_cV2_electrode_s5,phase2/results/predictions/full/electrode/resnet/seed_29/bandpass_n20005_cV2_electrode_s5.npz,76054,f32fd98c58af4dde6653e31151f13ff7c4a75121964a11cafa564e89dc449a5d
resnet,electrode,29,bandpass_n20005_cV2_electrode_s0,phase2/results/predictions/full/electrode/resnet/seed_29/bandpass_n20005_cV2_electrode_s0.npz,75514,2e4374923c2186232d12eb71565e7192c6ff065449e838824c34087aa6717125
resnet,electrode,29,bandpass_n20005_cV2_covariance_s20,phase2/results/predictions/full/electrode/resnet/seed_29/bandpass_n20005_cV2_covariance_s20.npz,76292,dca61d8b2db627ee9f7a3608a015db394d22b28176a5887697d1ed25d221fb0e
resnet,electrode,29,bandpass_n20005_cV2_covariance_s15,phase2/results/predictions/full/electrode/resnet/seed_29/bandpass_n20005_cV2_covariance_s15.npz,76287,33beb0d868b1dba20bcbd1ef85057d860150e2576a2524e4e7cfcc9bd6c7849f
resnet,electrode,29,bandpass_n20005_cV2_covariance_s10,phase2/results/predictions/full/electrode/resnet/seed_29/bandpass_n20005_cV2_covariance_s10.npz,76260,f1014a7cfc9adfebfd03293693aa348498cfe91e34fdc3713b9319993f47eb6d
resnet,electrode,29,bandpass_n20005_cV2_covariance_s5,phase2/results/predictions/full/electrode/resnet/seed_29/bandpass_n20005_cV2_covariance_s5.npz,76065,de9c0edbb070fdcaa2d453071e19ac20de90dd9889fa506d447f8e5471229360
resnet,electrode,29,bandpass_n20005_cV2_covariance_s0,phase2/results/predictions/full/electrode/resnet/seed_29/bandpass_n20005_cV2_covariance_s0.npz,75557,f0fa2a17850df4bb4c2f6461b0f7ef50bd31e928ec3d82a4b8ab7e2873c86a74
resnet,electrode,29,bandpass_n20005_cV3_independent_rms_s20,phase2/results/predictions/full/electrode/resnet/seed_29/bandpass_n20005_cV3_independent_rms_s20.npz,76321,30e10d700c7e65257349ff5be3e05d3a1d660f9c8a52a5a033a99237a216be94
resnet,electrode,29,bandpass_n20005_cV3_independent_rms_s15,phase2/results/predictions/full/electrode/resnet/seed_29/bandpass_n20005_cV3_independent_rms_s15.npz,76309,e0657f5f4b04498618a7802d6b7b3bc34b6c38b103b9b4c51a70b2c6608f1266
resnet,electrode,29,bandpass_n20005_cV3_independent_rms_s10,phase2/results/predictions/full/electrode/resnet/seed_29/bandpass_n20005_cV3_independent_rms_s10.npz,76282,b85da05119c9612948689ddca4d7080327e8e2361ccfcba5efa216290acdb118
resnet,electrode,29,bandpass_n20005_cV3_independent_rms_s5,phase2/results/predictions/full/electrode/resnet/seed_29/bandpass_n20005_cV3_independent_rms_s5.npz,76149,1068574573a9d8f6c82d47b31efda8816bc3ca47e148cdc89020d8548c6014e5
resnet,electrode,29,bandpass_n20005_cV3_independent_rms_s0,phase2/results/predictions/full/electrode/resnet/seed_29/bandpass_n20005_cV3_independent_rms_s0.npz,75862,e943e8edf830e4bed5f9d7ab65c746179c784009cb7325d9ceb3b3d053eb7b76
resnet,electrode,29,bandpass_n20005_cV3_electrode_s20,phase2/results/predictions/full/electrode/resnet/seed_29/bandpass_n20005_cV3_electrode_s20.npz,76314,5733b5b205f42e02ea4ceb514063d4613b8c4bb5ab5faf92de2075d40fef985e
resnet,electrode,29,bandpass_n20005_cV3_electrode_s15,phase2/results/predictions/full/electrode/resnet/seed_29/bandpass_n20005_cV3_electrode_s15.npz,76307,3a568bfd64825c3e32e71fa4add6bb701e6d461f190668588cd8910f0665d9b6
resnet,electrode,29,bandpass_n20005_cV3_electrode_s10,phase2/results/predictions/full/electrode/resnet/seed_29/bandpass_n20005_cV3_electrode_s10.npz,76278,ac388d3792e199c03aac833f67cfb6389408e4e403fe484c1697ca901931f384
resnet,electrode,29,bandpass_n20005_cV3_electrode_s5,phase2/results/predictions/full/electrode/resnet/seed_29/bandpass_n20005_cV3_electrode_s5.npz,76175,a71bd46b72dc07043f006b75d82f77cbd83fd11d233465a027b0b5c8f5b3f3ee
resnet,electrode,29,bandpass_n20005_cV3_electrode_s0,phase2/results/predictions/full/electrode/resnet/seed_29/bandpass_n20005_cV3_electrode_s0.npz,75849,7fec7924d29bd992f46cdaed41b30ffa041bcd24f7db769874b592a4d0d28f7e
resnet,electrode,29,bandpass_n20005_cV3_covariance_s20,phase2/results/predictions/full/electrode/resnet/seed_29/bandpass_n20005_cV3_covariance_s20.npz,76297,2c13b337b9e0979be8afaa1b949e67712447ac493e6c8eb6c5ba225af524c60e
resnet,electrode,29,bandpass_n20005_cV3_covariance_s15,phase2/results/predictions/full/electrode/resnet/seed_29/bandpass_n20005_cV3_covariance_s15.npz,76279,093e38d24d7998af88435fd37e1195f7b3ee996add7ef13f262548e5fe93c624
resnet,electrode,29,bandpass_n20005_cV3_covariance_s10,phase2/results/predictions/full/electrode/resnet/seed_29/bandpass_n20005_cV3_covariance_s10.npz,76265,aefc6e6bd6e89fcf013a59175e1760c314cc0009ff95512f628573da6cd5831e
resnet,electrode,29,bandpass_n20005_cV3_covariance_s5,phase2/results/predictions/full/electrode/resnet/seed_29/bandpass_n20005_cV3_covariance_s5.npz,76171,941a3b6b929297fdf10b5c6af6518eb320bb9991b22d70992627894ee20f0d06
resnet,electrode,29,bandpass_n20005_cV3_covariance_s0,phase2/results/predictions/full/electrode/resnet/seed_29/bandpass_n20005_cV3_covariance_s0.npz,75844,003f5d1f60492b945bae23db03337dde04902261ef69f5e1aeb065ae8fe7691d
resnet,electrode,29,bandpass_n20005_cV4_independent_rms_s20,phase2/results/predictions/full/electrode/resnet/seed_29/bandpass_n20005_cV4_independent_rms_s20.npz,76332,5dce4b78e80e5de5c5386a5eac56fbb3816271b2b71accb2f6cb4c339feed55d
resnet,electrode,29,bandpass_n20005_cV4_independent_rms_s15,phase2/results/predictions/full/electrode/resnet/seed_29/bandpass_n20005_cV4_independent_rms_s15.npz,76331,3f07f2a5c811fc23d77eb4261b676772036444df8fe977692271898aeb860dc9
resnet,electrode,29,bandpass_n20005_cV4_independent_rms_s10,phase2/results/predictions/full/electrode/resnet/seed_29/bandpass_n20005_cV4_independent_rms_s10.npz,76267,5b33e624fe0daf2a9e6d5414ae536bbd5d43e69844408f12a75f2791642ae776
resnet,electrode,29,bandpass_n20005_cV4_independent_rms_s5,phase2/results/predictions/full/electrode/resnet/seed_29/bandpass_n20005_cV4_independent_rms_s5.npz,76149,d6041d7323f76d1f44332c013295b242aca49ae003fb50b286e0b4ba6cbdb51b
resnet,electrode,29,bandpass_n20005_cV4_independent_rms_s0,phase2/results/predictions/full/electrode/resnet/seed_29/bandpass_n20005_cV4_independent_rms_s0.npz,75759,7fd24331c7cd5838fc3199254d43cbd8625f16d3cadf87aa35d1033115e076f0
resnet,electrode,29,bandpass_n20005_cV4_electrode_s20,phase2/results/predictions/full/electrode/resnet/seed_29/bandpass_n20005_cV4_electrode_s20.npz,76306,eb7b19cf1c675637a695d0e029c4bc24ea552f1782372283c2d7a0ee50462249
resnet,electrode,29,bandpass_n20005_cV4_electrode_s15,phase2/results/predictions/full/electrode/resnet/seed_29/bandpass_n20005_cV4_electrode_s15.npz,76320,de08dcbc16d3614b0932c806e18171e594548e3af667e454350df0a4a53344b5
resnet,electrode,29,bandpass_n20005_cV4_electrode_s10,phase2/results/predictions/full/electrode/resnet/seed_29/bandpass_n20005_cV4_electrode_s10.npz,76257,415d668d92f5c38e712b5fba58d813b935f706af5eaf3d4f215dac6ef699abe6
resnet,electrode,29,bandpass_n20005_cV4_electrode_s5,phase2/results/predictions/full/electrode/resnet/seed_29/bandpass_n20005_cV4_electrode_s5.npz,76167,97b31afd025c3727c59786ae2fa5086ab6445a841f9efdb435dbb1fbbad3aa91
resnet,electrode,29,bandpass_n20005_cV4_electrode_s0,phase2/results/predictions/full/electrode/resnet/seed_29/bandpass_n20005_cV4_electrode_s0.npz,75751,3f33f3a692f5fd4f324c70617de5a9b07a9cbd23f25a30fab794449b7aeb4d89
resnet,electrode,29,bandpass_n20005_cV4_covariance_s20,phase2/results/predictions/full/electrode/resnet/seed_29/bandpass_n20005_cV4_covariance_s20.npz,76296,9684bf3b1bb86200ff86a73278e068c66f7eb3c20adfa0083ea6f1a5d3f4c836
resnet,electrode,29,bandpass_n20005_cV4_covariance_s15,phase2/results/predictions/full/electrode/resnet/seed_29/bandpass_n20005_cV4_covariance_s15.npz,76283,40b10edeb0fccc26adf15c53bced4e95023e3743cdf22b59f463e0fec07f94e6
resnet,electrode,29,bandpass_n20005_cV4_covariance_s10,phase2/results/predictions/full/electrode/resnet/seed_29/bandpass_n20005_cV4_covariance_s10.npz,76299,e365dc2191d2f794894ac2e307e1722e83f27aab8c71118361f1061ca5a34413
resnet,electrode,29,bandpass_n20005_cV4_covariance_s5,phase2/results/predictions/full/electrode/resnet/seed_29/bandpass_n20005_cV4_covariance_s5.npz,76116,0a8b4de45177d128e1ba6bd7615a271a272900c3491a72a40239122827d2c9e7
resnet,electrode,29,bandpass_n20005_cV4_covariance_s0,phase2/results/predictions/full/electrode/resnet/seed_29/bandpass_n20005_cV4_covariance_s0.npz,75725,7a0836873633547f1bc3296321cd9a9950bfc116a85136bbfef0f3c75fae80db
resnet,electrode,29,bandpass_n20005_cV5_independent_rms_s20,phase2/results/predictions/full/electrode/resnet/seed_29/bandpass_n20005_cV5_independent_rms_s20.npz,76329,3bd51068690812f18cc138462809d3567dbafd82cebdfb2274d13fc0664da0fb
resnet,electrode,29,bandpass_n20005_cV5_independent_rms_s15,phase2/results/predictions/full/electrode/resnet/seed_29/bandpass_n20005_cV5_independent_rms_s15.npz,76304,9d42deec4675f1d5b697201625511d1a459e1b46dfdb0f4dffeca8dc0c7ceb14
resnet,electrode,29,bandpass_n20005_cV5_independent_rms_s10,phase2/results/predictions/full/electrode/resnet/seed_29/bandpass_n20005_cV5_independent_rms_s10.npz,76267,b8c44ed3c7f789f8ec7be9e891e9434d5266b9fb53e65e145b774ddde43b762a
resnet,electrode,29,bandpass_n20005_cV5_independent_rms_s5,phase2/results/predictions/full/electrode/resnet/seed_29/bandpass_n20005_cV5_independent_rms_s5.npz,76039,a5931d73143cfdcfc3f014205e3730f25a9ac1244cb89b0991a488437b5f5200
resnet,electrode,29,bandpass_n20005_cV5_independent_rms_s0,phase2/results/predictions/full/electrode/resnet/seed_29/bandpass_n20005_cV5_independent_rms_s0.npz,75556,8654f7f202164f890e2ffacb9e12c986055f1d0cbd403bcfd1b88c594936cd9f
resnet,electrode,29,bandpass_n20005_cV5_electrode_s20,phase2/results/predictions/full/electrode/resnet/seed_29/bandpass_n20005_cV5_electrode_s20.npz,76309,f83edd822a07b83bd597c8e7822db20caab771b49702b01c8c9635292f2b5c66
resnet,electrode,29,bandpass_n20005_cV5_electrode_s15,phase2/results/predictions/full/electrode/resnet/seed_29/bandpass_n20005_cV5_electrode_s15.npz,76280,93642b57c63327e3932b2084b1ac6c64b8c550ce9e97525448f0e7ccdf09e6c2
resnet,electrode,29,bandpass_n20005_cV5_electrode_s10,phase2/results/predictions/full/electrode/resnet/seed_29/bandpass_n20005_cV5_electrode_s10.npz,76248,72a8f48290ecf3f4d9d0cbfefe105fbbb56f06db730f5c857780cf4b0bb2d159
resnet,electrode,29,bandpass_n20005_cV5_electrode_s5,phase2/results/predictions/full/electrode/resnet/seed_29/bandpass_n20005_cV5_electrode_s5.npz,76058,f4659eea80872378228b18199f66cfd30ef17d02edbd0d04d6b41ad3c8d7eb97
resnet,electrode,29,bandpass_n20005_cV5_electrode_s0,phase2/results/predictions/full/electrode/resnet/seed_29/bandpass_n20005_cV5_electrode_s0.npz,75504,c27b245565888da301a76254696a012f0bb7d2a0c669edbc25a77eecfa75abd9
resnet,electrode,29,bandpass_n20005_cV5_covariance_s20,phase2/results/predictions/full/electrode/resnet/seed_29/bandpass_n20005_cV5_covariance_s20.npz,76277,03a4773d66c8709760a3aa324f37f54c3cdbe45051fd1ff1b3738e270b316331
resnet,electrode,29,bandpass_n20005_cV5_covariance_s15,phase2/results/predictions/full/electrode/resnet/seed_29/bandpass_n20005_cV5_covariance_s15.npz,76302,b90594b5c7bce7da2b00fbf787d4694b74323a5f7026dbd93ff8b21c4ae93124
resnet,electrode,29,bandpass_n20005_cV5_covariance_s10,phase2/results/predictions/full/electrode/resnet/seed_29/bandpass_n20005_cV5_covariance_s10.npz,76248,bf3e843425815cab89ba8855d43001c5de8d8266b0dedec2cc86dc109543511b
resnet,electrode,29,bandpass_n20005_cV5_covariance_s5,phase2/results/predictions/full/electrode/resnet/seed_29/bandpass_n20005_cV5_covariance_s5.npz,76074,6639663c853a0ec1cfab76fb3b0fa0edc05ccfe44b09b2402557a18c2e2aba56
resnet,electrode,29,bandpass_n20005_cV5_covariance_s0,phase2/results/predictions/full/electrode/resnet/seed_29/bandpass_n20005_cV5_covariance_s0.npz,75568,bb36e1ed47df8371fe3449f2e790f3bab6e5df9352775039d4cdfd5fb83c7a89
resnet,electrode,29,bandpass_n20005_cV6_independent_rms_s20,phase2/results/predictions/full/electrode/resnet/seed_29/bandpass_n20005_cV6_independent_rms_s20.npz,76315,777f0ba2b0aa417908d1053f26eae8fec984a67371a489a35907d07bbeedbd08
resnet,electrode,29,bandpass_n20005_cV6_independent_rms_s15,phase2/results/predictions/full/electrode/resnet/seed_29/bandpass_n20005_cV6_independent_rms_s15.npz,76294,6954364c39580afdbf5b22c9ddab054d361035bcbc0f5ea64cc0776c839dfe97
resnet,electrode,29,bandpass_n20005_cV6_independent_rms_s10,phase2/results/predictions/full/electrode/resnet/seed_29/bandpass_n20005_cV6_independent_rms_s10.npz,76241,173cf0de70ab44d9ba525cbff1cd7e70fa00d05ed680177dc224fcf3fb0cfaf3
resnet,electrode,29,bandpass_n20005_cV6_independent_rms_s5,phase2/results/predictions/full/electrode/resnet/seed_29/bandpass_n20005_cV6_independent_rms_s5.npz,76054,81a19a5d9f24de0b581f00b2f2e957be1ef4f7423c33d6b42aad185994955cb7
resnet,electrode,29,bandpass_n20005_cV6_independent_rms_s0,phase2/results/predictions/full/electrode/resnet/seed_29/bandpass_n20005_cV6_independent_rms_s0.npz,75633,9b500b6140098874edd58bfad11de0f34a7c73506bc6bf1b77f6f1387b88f5fb
resnet,electrode,29,bandpass_n20005_cV6_electrode_s20,phase2/results/predictions/full/electrode/resnet/seed_29/bandpass_n20005_cV6_electrode_s20.npz,76285,8ceb1bde58487f46803f9a0e24f938b3435d646049bbb0a856dade4becd12d07
resnet,electrode,29,bandpass_n20005_cV6_electrode_s15,phase2/results/predictions/full/electrode/resnet/seed_29/bandpass_n20005_cV6_electrode_s15.npz,76299,848825f5a9d1e7823365488cae301da350f1f20d3b31790817b1c0a0f5593811
resnet,electrode,29,bandpass_n20005_cV6_electrode_s10,phase2/results/predictions/full/electrode/resnet/seed_29/bandpass_n20005_cV6_electrode_s10.npz,76259,18db909a83f52367bd2c69ed6e174491c70337d1219c86bd05db51a5b269df34
resnet,electrode,29,bandpass_n20005_cV6_electrode_s5,phase2/results/predictions/full/electrode/resnet/seed_29/bandpass_n20005_cV6_electrode_s5.npz,76099,b9dc2e1400f466604eb8639126cd3a863521ecc583a94d50161dbf2b84748085
resnet,electrode,29,bandpass_n20005_cV6_electrode_s0,phase2/results/predictions/full/electrode/resnet/seed_29/bandpass_n20005_cV6_electrode_s0.npz,75625,ea5e6c96fac8093e60b385f049c8db28464bd648d13d991450988abe041044af
resnet,electrode,29,bandpass_n20005_cV6_covariance_s20,phase2/results/predictions/full/electrode/resnet/seed_29/bandpass_n20005_cV6_covariance_s20.npz,76310,7d5aa092fa81fa72a121dedaba0fff346ab8bce5c0d9cc24e8d65f4be5df5f25
resnet,electrode,29,bandpass_n20005_cV6_covariance_s15,phase2/results/predictions/full/electrode/resnet/seed_29/bandpass_n20005_cV6_covariance_s15.npz,76284,09aca31440a73c9844ebdb9cbf86563a76bf1df0b25b55619bd1c87b2395409f
resnet,electrode,29,bandpass_n20005_cV6_covariance_s10,phase2/results/predictions/full/electrode/resnet/seed_29/bandpass_n20005_cV6_covariance_s10.npz,76280,9c8d2ba2911d32803a6580416929ca674fa0c0b649c87584ad2a89e1cc166c30
resnet,electrode,29,bandpass_n20005_cV6_covariance_s5,phase2/results/predictions/full/electrode/resnet/seed_29/bandpass_n20005_cV6_covariance_s5.npz,76070,4a4c352f4bb41a5739ebe17e690df424c7e2f7de1d3b2f63b934683082f00b3f
resnet,electrode,29,bandpass_n20005_cV6_covariance_s0,phase2/results/predictions/full/electrode/resnet/seed_29/bandpass_n20005_cV6_covariance_s0.npz,75655,1adb016f05615cd3da29967d1659032d36344b5b003c44c6cb9a7c9947178d05
resnet,electrode,29,bandpass_n20005_cRA_LA_independent_rms_s20,phase2/results/predictions/full/electrode/resnet/seed_29/bandpass_n20005_cRA_LA_independent_rms_s20.npz,76321,7c913f04ef5aa94909c67fbc5a88e9e4a6ce7f96c16e476c436177b813b92bb0
resnet,electrode,29,bandpass_n20005_cRA_LA_independent_rms_s15,phase2/results/predictions/full/electrode/resnet/seed_29/bandpass_n20005_cRA_LA_independent_rms_s15.npz,76287,eb89894b47ca2d07159e1b83ffc22bdad29613f6f76e0b8fffe815441273afef
resnet,electrode,29,bandpass_n20005_cRA_LA_independent_rms_s10,phase2/results/predictions/full/electrode/resnet/seed_29/bandpass_n20005_cRA_LA_independent_rms_s10.npz,76244,a3ca9fbfca6b07251957f54ebdb77c7b6de463b44941a154c6cb81c0b26fcd9f
resnet,electrode,29,bandpass_n20005_cRA_LA_independent_rms_s5,phase2/results/predictions/full/electrode/resnet/seed_29/bandpass_n20005_cRA_LA_independent_rms_s5.npz,76039,3abc94e3fef6b1fda0ee564408303657bd2a4bf600b7b2e7d9667ecb735c51be
resnet,electrode,29,bandpass_n20005_cRA_LA_independent_rms_s0,phase2/results/predictions/full/electrode/resnet/seed_29/bandpass_n20005_cRA_LA_independent_rms_s0.npz,75534,736a74341d541cd82a6a7c9195f403e85bdf5663933702f563bfd76dc52b4d79
resnet,electrode,29,bandpass_n20005_cRA_LA_electrode_s20,phase2/results/predictions/full/electrode/resnet/seed_29/bandpass_n20005_cRA_LA_electrode_s20.npz,76319,2401a627da42090164ab8016c3ea3dcba00273a290d3d1756a974b6b19c83199
resnet,electrode,29,bandpass_n20005_cRA_LA_electrode_s15,phase2/results/predictions/full/electrode/resnet/seed_29/bandpass_n20005_cRA_LA_electrode_s15.npz,76317,6ada1bd86994d39188c1cd73ace1c28e03dc036f39ae72cec40e0b4da35ce036
resnet,electrode,29,bandpass_n20005_cRA_LA_electrode_s10,phase2/results/predictions/full/electrode/resnet/seed_29/bandpass_n20005_cRA_LA_electrode_s10.npz,76182,0806aabd4aefb7eaf6debf1bce59014855cbad1651acb58d051ef1d9faf79ea3
resnet,electrode,29,bandpass_n20005_cRA_LA_electrode_s5,phase2/results/predictions/full/electrode/resnet/seed_29/bandpass_n20005_cRA_LA_electrode_s5.npz,75974,0b3c18380d56f225d04335308e2aafbe8fc051b83fedf779ad575e5f2426ae0a
resnet,electrode,29,bandpass_n20005_cRA_LA_electrode_s0,phase2/results/predictions/full/electrode/resnet/seed_29/bandpass_n20005_cRA_LA_electrode_s0.npz,75397,252663f86c21c883190083399e58ab21e0b41a7bc6eddb15cda79986c9842690
resnet,electrode,29,bandpass_n20005_cRA_LA_covariance_s20,phase2/results/predictions/full/electrode/resnet/seed_29/bandpass_n20005_cRA_LA_covariance_s20.npz,76314,e4f58efda78ffc1b2d5db18164c3bf0d70ae65161406ecc89053192b9ff9dc1b
resnet,electrode,29,bandpass_n20005_cRA_LA_covariance_s15,phase2/results/predictions/full/electrode/resnet/seed_29/bandpass_n20005_cRA_LA_covariance_s15.npz,76295,756b78227d67584f06048da3ef1f133870914722353b820c1f6710c3a0e7b7b5
resnet,electrode,29,bandpass_n20005_cRA_LA_covariance_s10,phase2/results/predictions/full/electrode/resnet/seed_29/bandpass_n20005_cRA_LA_covariance_s10.npz,76248,49f5cb01950924a4d68f48205411f75359067cfedd519ddb4370fb9b05a2ab38
resnet,electrode,29,bandpass_n20005_cRA_LA_covariance_s5,phase2/results/predictions/full/electrode/resnet/seed_29/bandpass_n20005_cRA_LA_covariance_s5.npz,75969,242cffce486bb8445bb500e38306c8c9dfae21c1b4b9811143ca4dd8a881cf72
resnet,electrode,29,bandpass_n20005_cRA_LA_covariance_s0,phase2/results/predictions/full/electrode/resnet/seed_29/bandpass_n20005_cRA_LA_covariance_s0.npz,75378,2fae8246e7603166b2db47d09a1e56d83b109cadabc3be6b4029be4fb5697e76
resnet,electrode,29,bandpass_n20005_cLA_LL_independent_rms_s20,phase2/results/predictions/full/electrode/resnet/seed_29/bandpass_n20005_cLA_LL_independent_rms_s20.npz,76343,a5958643af1dbae4036d412fc32403a17787204f3ecb4445938b2009092e2a93
resnet,electrode,29,bandpass_n20005_cLA_LL_independent_rms_s15,phase2/results/predictions/full/electrode/resnet/seed_29/bandpass_n20005_cLA_LL_independent_rms_s15.npz,76319,b2b90e5ef95806a5ec7be90c518ce5ce8ac45784ca083293d50557049abfecba
resnet,electrode,29,bandpass_n20005_cLA_LL_independent_rms_s10,phase2/results/predictions/full/electrode/resnet/seed_29/bandpass_n20005_cLA_LL_independent_rms_s10.npz,76221,f1726323ee4e27c6c5868f5426fc37465aa40670d961289ff57b06e330916c16
resnet,electrode,29,bandpass_n20005_cLA_LL_independent_rms_s5,phase2/results/predictions/full/electrode/resnet/seed_29/bandpass_n20005_cLA_LL_independent_rms_s5.npz,76061,bc5df3f7f166020bd21f5c7d138a9be3a1651e4770f31cb898dc7eabe2ee377e
resnet,electrode,29,bandpass_n20005_cLA_LL_independent_rms_s0,phase2/results/predictions/full/electrode/resnet/seed_29/bandpass_n20005_cLA_LL_independent_rms_s0.npz,75564,75707477af1c82d8ebf100f23588ffcd8fe8d7d1fa6dfdae20d3f7a760470bf4
resnet,electrode,29,bandpass_n20005_cLA_LL_electrode_s20,phase2/results/predictions/full/electrode/resnet/seed_29/bandpass_n20005_cLA_LL_electrode_s20.npz,76322,b830eca13e1a2552c7b942ea79a95b7a6996247da95cb7aac8faf480546d0ab0
resnet,electrode,29,bandpass_n20005_cLA_LL_electrode_s15,phase2/results/predictions/full/electrode/resnet/seed_29/bandpass_n20005_cLA_LL_electrode_s15.npz,76300,d14eb492feb20d7b14532ab33da15cd692992e6438016674b572c126f81b2c8c
resnet,electrode,29,bandpass_n20005_cLA_LL_electrode_s10,phase2/results/predictions/full/electrode/resnet/seed_29/bandpass_n20005_cLA_LL_electrode_s10.npz,76229,6fd400f7de1e301ec6d2a03a3ff82ac43fa26983ea4a0693de8a5c923f30d388
resnet,electrode,29,bandpass_n20005_cLA_LL_electrode_s5,phase2/results/predictions/full/electrode/resnet/seed_29/bandpass_n20005_cLA_LL_electrode_s5.npz,75998,0d3b78720e4fff08ab50e90bdfd80201623a938f55decfce2da764aa1ff98101
resnet,electrode,29,bandpass_n20005_cLA_LL_electrode_s0,phase2/results/predictions/full/electrode/resnet/seed_29/bandpass_n20005_cLA_LL_electrode_s0.npz,75460,874214f416aea30492f068e5e47302587b71083c3fde8376b201ec8072a6bd9b
resnet,electrode,29,bandpass_n20005_cLA_LL_covariance_s20,phase2/results/predictions/full/electrode/resnet/seed_29/bandpass_n20005_cLA_LL_covariance_s20.npz,76286,a5462fafadc660b07b422d4020672d372f7b0caaf4de00b4a68a6c5e64e1ba31
resnet,electrode,29,bandpass_n20005_cLA_LL_covariance_s15,phase2/results/predictions/full/electrode/resnet/seed_29/bandpass_n20005_cLA_LL_covariance_s15.npz,76271,91d67963790a37f84911520c52fc2e100704bddfa2e362386d50bc83115e1793
resnet,electrode,29,bandpass_n20005_cLA_LL_covariance_s10,phase2/results/predictions/full/electrode/resnet/seed_29/bandpass_n20005_cLA_LL_covariance_s10.npz,76212,f3d7530ec999807b5add8e382e8ee11b081cda8e72a823a426f785701f47cde8
resnet,electrode,29,bandpass_n20005_cLA_LL_covariance_s5,phase2/results/predictions/full/electrode/resnet/seed_29/bandpass_n20005_cLA_LL_covariance_s5.npz,75970,41f38ce88bd32bc5dcd822d3cd939b3fe036dc61169355d20afe3a02cdcfac9d
resnet,electrode,29,bandpass_n20005_cLA_LL_covariance_s0,phase2/results/predictions/full/electrode/resnet/seed_29/bandpass_n20005_cLA_LL_covariance_s0.npz,75458,680de9d034a9dd04e864ddefef6624e40c3aa008548887776bd5d88b989d70ce
resnet,electrode,29,bandpass_n20005_cRA_LL_independent_rms_s20,phase2/results/predictions/full/electrode/resnet/seed_29/bandpass_n20005_cRA_LL_independent_rms_s20.npz,76329,be08861cdac5313a4ca034f2dc6e6916f34e62baa8b4986f70765af24aa0255d
resnet,electrode,29,bandpass_n20005_cRA_LL_independent_rms_s15,phase2/results/predictions/full/electrode/resnet/seed_29/bandpass_n20005_cRA_LL_independent_rms_s15.npz,76328,560100ee8e9ac44695f9a84af048f486080ea4b456d8dfe72afb04ba80d42750
resnet,electrode,29,bandpass_n20005_cRA_LL_independent_rms_s10,phase2/results/predictions/full/electrode/resnet/seed_29/bandpass_n20005_cRA_LL_independent_rms_s10.npz,76254,bb9a3154f48803c30ba4a0d68754121b1ed5b6317490093bae61bd8afdde342d
resnet,electrode,29,bandpass_n20005_cRA_LL_independent_rms_s5,phase2/results/predictions/full/electrode/resnet/seed_29/bandpass_n20005_cRA_LL_independent_rms_s5.npz,76078,d45a694ae45322770f57d657692a77f918fa0941e6840ef21707669c43b5c697
resnet,electrode,29,bandpass_n20005_cRA_LL_independent_rms_s0,phase2/results/predictions/full/electrode/resnet/seed_29/bandpass_n20005_cRA_LL_independent_rms_s0.npz,75527,0b5e45ad4a58ea9f1aec4e8c82f337b69eeb09adec0f32fd295567ec3796c7ab
resnet,electrode,29,bandpass_n20005_cRA_LL_electrode_s20,phase2/results/predictions/full/electrode/resnet/seed_29/bandpass_n20005_cRA_LL_electrode_s20.npz,76272,f8b6733d180092d8fffcbd5681e31cf8f8d82cd71a3f9bf3da881958ba67a4a2
resnet,electrode,29,bandpass_n20005_cRA_LL_electrode_s15,phase2/results/predictions/full/electrode/resnet/seed_29/bandpass_n20005_cRA_LL_electrode_s15.npz,76280,0f274982f43996e593cf8d3341898868ae3cb6acb078fc25e326b4a0aa07569d
resnet,electrode,29,bandpass_n20005_cRA_LL_electrode_s10,phase2/results/predictions/full/electrode/resnet/seed_29/bandpass_n20005_cRA_LL_electrode_s10.npz,76242,b2fd184fbf3a6ef3f29218632b569ad52bbd36c44c9e90ef38cdcb8a8487d13e
resnet,electrode,29,bandpass_n20005_cRA_LL_electrode_s5,phase2/results/predictions/full/electrode/resnet/seed_29/bandpass_n20005_cRA_LL_electrode_s5.npz,75958,f1b3b854c03dbf14f3271803ec149fe810ea0b09c5922d886c43e17df2d537e9
resnet,electrode,29,bandpass_n20005_cRA_LL_electrode_s0,phase2/results/predictions/full/electrode/resnet/seed_29/bandpass_n20005_cRA_LL_electrode_s0.npz,75416,e1ec5a3e3ecc581d4571f1aee72ec6be9a296e21418cb27fc07a124dbb8eec75
resnet,electrode,29,bandpass_n20005_cRA_LL_covariance_s20,phase2/results/predictions/full/electrode/resnet/seed_29/bandpass_n20005_cRA_LL_covariance_s20.npz,76321,3b60ba905e4bb1c58588e7b9e92d64a4462e07789ed254497aebc980e23762e9
resnet,electrode,29,bandpass_n20005_cRA_LL_covariance_s15,phase2/results/predictions/full/electrode/resnet/seed_29/bandpass_n20005_cRA_LL_covariance_s15.npz,76290,0bff846640bd53614550807e166d747ecf0606cefcdd3fc2fb7c9b4819d3b4db
resnet,electrode,29,bandpass_n20005_cRA_LL_covariance_s10,phase2/results/predictions/full/electrode/resnet/seed_29/bandpass_n20005_cRA_LL_covariance_s10.npz,76189,a4529317c3b6bf4941891ec076d966a2b3d7335f5ba659f0832cfe7f8f43c3e4
resnet,electrode,29,bandpass_n20005_cRA_LL_covariance_s5,phase2/results/predictions/full/electrode/resnet/seed_29/bandpass_n20005_cRA_LL_covariance_s5.npz,75955,38dfab38dff7f93ff40da9a1cba8f3e6eaff281e970e0bc22e5a3b8b63be06ba
resnet,electrode,29,bandpass_n20005_cRA_LL_covariance_s0,phase2/results/predictions/full/electrode/resnet/seed_29/bandpass_n20005_cRA_LL_covariance_s0.npz,75395,6de81499549d43c176ffbabb75be1cc7c43aacc4bf41bbe4b8e286ea1940cd39
resnet,electrode,29,bandpass_n20005_cRA_independent_rms_s20,phase2/results/predictions/full/electrode/resnet/seed_29/bandpass_n20005_cRA_independent_rms_s20.npz,76308,418bb5b6b9d6e55e87e971ec1cccfe9973acd011908dd035fe0521e41324f788
resnet,electrode,29,bandpass_n20005_cRA_independent_rms_s15,phase2/results/predictions/full/electrode/resnet/seed_29/bandpass_n20005_cRA_independent_rms_s15.npz,76321,5ab92b4c6681ef607c24680e717c523788a3801f4178a0b98fa59436bc3d1247
resnet,electrode,29,bandpass_n20005_cRA_independent_rms_s10,phase2/results/predictions/full/electrode/resnet/seed_29/bandpass_n20005_cRA_independent_rms_s10.npz,76235,6df0ac7d6fe12046c1c1f061a863482ceebebeffa13b0aa519e98492be58dfbf
resnet,electrode,29,bandpass_n20005_cRA_independent_rms_s5,phase2/results/predictions/full/electrode/resnet/seed_29/bandpass_n20005_cRA_independent_rms_s5.npz,76038,bb5f3361660cfe98861cf78ddb52b3386eefba6c552c296929dcef35cba4ef46
resnet,electrode,29,bandpass_n20005_cRA_independent_rms_s0,phase2/results/predictions/full/electrode/resnet/seed_29/bandpass_n20005_cRA_independent_rms_s0.npz,75529,dd8d63b12aec29077511129d2d4d4ef1d16abec190520a96732e54f25b0d90db
resnet,electrode,29,bandpass_n20005_cRA_electrode_s20,phase2/results/predictions/full/electrode/resnet/seed_29/bandpass_n20005_cRA_electrode_s20.npz,76291,8d9c4f6d36d328e82c43fa14bab718d929c5a80c36e8c79ab5c29f11eb622a30
resnet,electrode,29,bandpass_n20005_cRA_electrode_s15,phase2/results/predictions/full/electrode/resnet/seed_29/bandpass_n20005_cRA_electrode_s15.npz,76282,e44eab0ae6a14149b4ebc46f8593a659ad2d054ea1b7c0a1d310abbe6fea3dbf
resnet,electrode,29,bandpass_n20005_cRA_electrode_s10,phase2/results/predictions/full/electrode/resnet/seed_29/bandpass_n20005_cRA_electrode_s10.npz,76234,2b3c405133ecd5e651cdeaff7c137d131ac0dedb337ba0b78337ee025e55c67c
resnet,electrode,29,bandpass_n20005_cRA_electrode_s5,phase2/results/predictions/full/electrode/resnet/seed_29/bandpass_n20005_cRA_electrode_s5.npz,75962,2b74488b04079a2d63767dab477cc9e84fd3651fc58b8f94f96179ac700dd6be
resnet,electrode,29,bandpass_n20005_cRA_electrode_s0,phase2/results/predictions/full/electrode/resnet/seed_29/bandpass_n20005_cRA_electrode_s0.npz,75366,5ba19357acf821642d8e07be223e2bdafcc92e5c116d4663c167a491eafff6b1
resnet,electrode,29,bandpass_n20005_cRA_covariance_s20,phase2/results/predictions/full/electrode/resnet/seed_29/bandpass_n20005_cRA_covariance_s20.npz,76295,ed04f7c63b82883263e752551bd5c543c22e0defee9d9e6ed3d1e06944192814
resnet,electrode,29,bandpass_n20005_cRA_covariance_s15,phase2/results/predictions/full/electrode/resnet/seed_29/bandpass_n20005_cRA_covariance_s15.npz,76284,8a51a3c46d341206e3ad94266125331e7a1076a3e7faef40cae5c68d51805092
resnet,electrode,29,bandpass_n20005_cRA_covariance_s10,phase2/results/predictions/full/electrode/resnet/seed_29/bandpass_n20005_cRA_covariance_s10.npz,76213,ef3523c64c555ab49b0faaf328765a220904dec511b60aa780139b7c931018c7
resnet,electrode,29,bandpass_n20005_cRA_covariance_s5,phase2/results/predictions/full/electrode/resnet/seed_29/bandpass_n20005_cRA_covariance_s5.npz,75971,db9f2efca231b05b190b0d98f991f320e3294fbee0f3a2bd8f38888df3940537
resnet,electrode,29,bandpass_n20005_cRA_covariance_s0,phase2/results/predictions/full/electrode/resnet/seed_29/bandpass_n20005_cRA_covariance_s0.npz,75366,38d67d6159f32ec197e3bb9f8a03fb7d7da0a9a3c9f101207d5bf1120cd48021
resnet,electrode,29,bandpass_n20005_cLA_independent_rms_s20,phase2/results/predictions/full/electrode/resnet/seed_29/bandpass_n20005_cLA_independent_rms_s20.npz,76320,6ff55c7009b77ebb6b3ab25a514daff490555d5c145d326723aa7f27c68afd87
resnet,electrode,29,bandpass_n20005_cLA_independent_rms_s15,phase2/results/predictions/full/electrode/resnet/seed_29/bandpass_n20005_cLA_independent_rms_s15.npz,76300,2eb6148110b3fe9ff17f22d405d8ed63aef0532c4cf8876e47f0b6d3fd657c92
resnet,electrode,29,bandpass_n20005_cLA_independent_rms_s10,phase2/results/predictions/full/electrode/resnet/seed_29/bandpass_n20005_cLA_independent_rms_s10.npz,76256,c8de55a70367845d39341d9bdb4d58ef6e2c5e6094b0c0249a052566186bf645
resnet,electrode,29,bandpass_n20005_cLA_independent_rms_s5,phase2/results/predictions/full/electrode/resnet/seed_29/bandpass_n20005_cLA_independent_rms_s5.npz,76052,9bdb509b6e39cafa42a1187377effcfd84ca575e120a616389836009c87ee92b
resnet,electrode,29,bandpass_n20005_cLA_independent_rms_s0,phase2/results/predictions/full/electrode/resnet/seed_29/bandpass_n20005_cLA_independent_rms_s0.npz,75531,f8f838f4184e0a5aedbdd3b147e2bfb29a36fa0467f6d7a1a4c89d0c5fd39cb8
resnet,electrode,29,bandpass_n20005_cLA_electrode_s20,phase2/results/predictions/full/electrode/resnet/seed_29/bandpass_n20005_cLA_electrode_s20.npz,76279,c055e5db381a110cffb8132cb5dd607697b354319bc46b1fca397f55493eecc5
resnet,electrode,29,bandpass_n20005_cLA_electrode_s15,phase2/results/predictions/full/electrode/resnet/seed_29/bandpass_n20005_cLA_electrode_s15.npz,76294,29ae9ad237a2920428d3144a1483548275402428a9367d5652cad7ae643d6644
resnet,electrode,29,bandpass_n20005_cLA_electrode_s10,phase2/results/predictions/full/electrode/resnet/seed_29/bandpass_n20005_cLA_electrode_s10.npz,76212,cd6b325edae72afb1b96fa9ee8053009ca5c1adedc35905ed5c5a716b46f5d2e
resnet,electrode,29,bandpass_n20005_cLA_electrode_s5,phase2/results/predictions/full/electrode/resnet/seed_29/bandpass_n20005_cLA_electrode_s5.npz,76013,b7502db81789a6f648a9e2c9c683b6fcb044e8223e805815f6f94be0c2b83329
resnet,electrode,29,bandpass_n20005_cLA_electrode_s0,phase2/results/predictions/full/electrode/resnet/seed_29/bandpass_n20005_cLA_electrode_s0.npz,75391,4f18f3c41b18256ff08fa72ad76ef6a4586452e8273d2160c8e70825e82de8a6
resnet,electrode,29,bandpass_n20005_cLA_covariance_s20,phase2/results/predictions/full/electrode/resnet/seed_29/bandpass_n20005_cLA_covariance_s20.npz,76298,8120005ac0bd65d9bee31f504f9e606e15de622ccead304d6b77463708167b9a
resnet,electrode,29,bandpass_n20005_cLA_covariance_s15,phase2/results/predictions/full/electrode/resnet/seed_29/bandpass_n20005_cLA_covariance_s15.npz,76283,7f1a7d958027e1486aee4332f5fabae453e7ede328cf990f0a7a648f6efdaa76
resnet,electrode,29,bandpass_n20005_cLA_covariance_s10,phase2/results/predictions/full/electrode/resnet/seed_29/bandpass_n20005_cLA_covariance_s10.npz,76233,656c3bac2f469e104b3a8a4018dc7f73346896908413e1940f115d749ffcf0d6
resnet,electrode,29,bandpass_n20005_cLA_covariance_s5,phase2/results/predictions/full/electrode/resnet/seed_29/bandpass_n20005_cLA_covariance_s5.npz,76016,c3eeed509524040269bc339405efcb97ab3608591c02a40329f3f7f556490656
resnet,electrode,29,bandpass_n20005_cLA_covariance_s0,phase2/results/predictions/full/electrode/resnet/seed_29/bandpass_n20005_cLA_covariance_s0.npz,75388,a01f63650e81d9590eec3c8899d1b5a9ec2d2c4301d16aae3206f2c5d71aea1c
resnet,electrode,29,bandpass_n20005_cLL_independent_rms_s20,phase2/results/predictions/full/electrode/resnet/seed_29/bandpass_n20005_cLL_independent_rms_s20.npz,76315,1b90612020bcd27aa6685f48fc62466996fb6366d1f20c3cbb3d86c0bc307f8c
resnet,electrode,29,bandpass_n20005_cLL_independent_rms_s15,phase2/results/predictions/full/electrode/resnet/seed_29/bandpass_n20005_cLL_independent_rms_s15.npz,76325,946624edbae327093932db0b1f9290c3fc5ca62f2fc2eb9383198b9261730291
resnet,electrode,29,bandpass_n20005_cLL_independent_rms_s10,phase2/results/predictions/full/electrode/resnet/seed_29/bandpass_n20005_cLL_independent_rms_s10.npz,76228,ca4b09f38d99d40214a12da63cfa90da642d22a49d5d24f392ac7d37c519f64f
resnet,electrode,29,bandpass_n20005_cLL_independent_rms_s5,phase2/results/predictions/full/electrode/resnet/seed_29/bandpass_n20005_cLL_independent_rms_s5.npz,76061,7e0aa1696809e66e2bbce044f9bf7932a22c2d3c72e66011dcefb65c749ca265
resnet,electrode,29,bandpass_n20005_cLL_independent_rms_s0,phase2/results/predictions/full/electrode/resnet/seed_29/bandpass_n20005_cLL_independent_rms_s0.npz,75548,b33b033778d849c4a1625ddd62c9c72b9d18691b63f4d37b3ff8f81ae5f2f02c
resnet,electrode,29,bandpass_n20005_cLL_electrode_s20,phase2/results/predictions/full/electrode/resnet/seed_29/bandpass_n20005_cLL_electrode_s20.npz,76293,61bfeda279b04c1563ead416ec31e20f96daa8132131663a53622114c7f24afe
resnet,electrode,29,bandpass_n20005_cLL_electrode_s15,phase2/results/predictions/full/electrode/resnet/seed_29/bandpass_n20005_cLL_electrode_s15.npz,76256,e514186c5372f41066ff6bbd227be95e945fb17308e96988f3225faa415b8656
resnet,electrode,29,bandpass_n20005_cLL_electrode_s10,phase2/results/predictions/full/electrode/resnet/seed_29/bandpass_n20005_cLL_electrode_s10.npz,76198,42130919f9a2202918bcafbd362f7f2908ac7cd305e6e051288a828a94f2de6a
resnet,electrode,29,bandpass_n20005_cLL_electrode_s5,phase2/results/predictions/full/electrode/resnet/seed_29/bandpass_n20005_cLL_electrode_s5.npz,75942,945ea72b37ee69b23f5c80287a5c1ca6ec004aab2f660bd55a75645feeeaa93a
resnet,electrode,29,bandpass_n20005_cLL_electrode_s0,phase2/results/predictions/full/electrode/resnet/seed_29/bandpass_n20005_cLL_electrode_s0.npz,75537,27316d9d2da4a694ae5e4b1d5a3ac0bcf8bf2532b5a33c4542d9d9d9a15cf3cb
resnet,electrode,29,bandpass_n20005_cLL_covariance_s20,phase2/results/predictions/full/electrode/resnet/seed_29/bandpass_n20005_cLL_covariance_s20.npz,76292,99f0bd51c84c87bb7252951e32dce217fd7915364338d1e70856b1a597f5fafd
resnet,electrode,29,bandpass_n20005_cLL_covariance_s15,phase2/results/predictions/full/electrode/resnet/seed_29/bandpass_n20005_cLL_covariance_s15.npz,76259,189a2f21b47f621bb6a4d01f89b5fbc2a5a1966a24429448cd49900627657660
resnet,electrode,29,bandpass_n20005_cLL_covariance_s10,phase2/results/predictions/full/electrode/resnet/seed_29/bandpass_n20005_cLL_covariance_s10.npz,76182,be425d04b398b2e56ce0c83231cdc9de25e1795e5e6acbe9b660ea32908e00d9
resnet,electrode,29,bandpass_n20005_cLL_covariance_s5,phase2/results/predictions/full/electrode/resnet/seed_29/bandpass_n20005_cLL_covariance_s5.npz,75951,2ca0850bf372337142427eb359a750114ae441b270861fcd8dfa34fa162676d4
resnet,electrode,29,bandpass_n20005_cLL_covariance_s0,phase2/results/predictions/full/electrode/resnet/seed_29/bandpass_n20005_cLL_covariance_s0.npz,75542,20d75486e537921ffba1df2e7a919f30d5afe13fc21e99f902ff58a318040998
resnet,electrode,29,bandpass_n20005_cRA_V1_independent_rms_s20,phase2/results/predictions/full/electrode/resnet/seed_29/bandpass_n20005_cRA_V1_independent_rms_s20.npz,76318,2e1f6f479f4e0a58ea59787a5d9f5bfe6ee6112fab32202275ac406ddf69fb06
resnet,electrode,29,bandpass_n20005_cRA_V1_independent_rms_s15,phase2/results/predictions/full/electrode/resnet/seed_29/bandpass_n20005_cRA_V1_independent_rms_s15.npz,76308,0f9e37033388d7eb0c9da621b2598d56de2da7069216333c85d5f2db35fcb0a9
resnet,electrode,29,bandpass_n20005_cRA_V1_independent_rms_s10,phase2/results/predictions/full/electrode/resnet/seed_29/bandpass_n20005_cRA_V1_independent_rms_s10.npz,76237,724380cd232396cc1bfa289e0e8be78e26967eed957fab503f5a9f6dae4f75ef
resnet,electrode,29,bandpass_n20005_cRA_V1_independent_rms_s5,phase2/results/predictions/full/electrode/resnet/seed_29/bandpass_n20005_cRA_V1_independent_rms_s5.npz,76078,a54931a719b20aad345c34a0dd270fcd91f07a06338fda946b9427e37dc1a1ce
resnet,electrode,29,bandpass_n20005_cRA_V1_independent_rms_s0,phase2/results/predictions/full/electrode/resnet/seed_29/bandpass_n20005_cRA_V1_independent_rms_s0.npz,75487,16092588d8ecbcdecfed646417271a6d503b82050ea49f76427dd54431d76e33
resnet,electrode,29,bandpass_n20005_cRA_V1_electrode_s20,phase2/results/predictions/full/electrode/resnet/seed_29/bandpass_n20005_cRA_V1_electrode_s20.npz,76335,95bd4f71fead4d9d3d7d292cf698f54f2f7504cca5fb02bf20a9483b6bd9b029
resnet,electrode,29,bandpass_n20005_cRA_V1_electrode_s15,phase2/results/predictions/full/electrode/resnet/seed_29/bandpass_n20005_cRA_V1_electrode_s15.npz,76279,4443d196be1f0874c016b8df90d944b59425d7211b164fa35859e37b9817ae36
resnet,electrode,29,bandpass_n20005_cRA_V1_electrode_s10,phase2/results/predictions/full/electrode/resnet/seed_29/bandpass_n20005_cRA_V1_electrode_s10.npz,76212,fc7d6868a805acf965effc56f58cc973259b5ac641cb5f1ffb056ad25e613e7a
resnet,electrode,29,bandpass_n20005_cRA_V1_electrode_s5,phase2/results/predictions/full/electrode/resnet/seed_29/bandpass_n20005_cRA_V1_electrode_s5.npz,75994,3696fd6d9aacd5e55f646a105a9f57dbd2bb4576173d77feee02568bd6586c6e
resnet,electrode,29,bandpass_n20005_cRA_V1_electrode_s0,phase2/results/predictions/full/electrode/resnet/seed_29/bandpass_n20005_cRA_V1_electrode_s0.npz,75344,21d38cc779f3f2a59a1a94c69c41bff470c2fa7e0e91eed4dcd511ae0e86cebf
resnet,electrode,29,bandpass_n20005_cRA_V1_covariance_s20,phase2/results/predictions/full/electrode/resnet/seed_29/bandpass_n20005_cRA_V1_covariance_s20.npz,76322,a00c46cd03823c7fa6b47fc97a72d2fa32d40e3ba1f2ccf41db079c8c7b55c0d
resnet,electrode,29,bandpass_n20005_cRA_V1_covariance_s15,phase2/results/predictions/full/electrode/resnet/seed_29/bandpass_n20005_cRA_V1_covariance_s15.npz,76255,0ec545522143582349fcf3e16bf64e43ad8128a2b96ea6e959ad532467b15844
resnet,electrode,29,bandpass_n20005_cRA_V1_covariance_s10,phase2/results/predictions/full/electrode/resnet/seed_29/bandpass_n20005_cRA_V1_covariance_s10.npz,76224,144c98b25d9cdf1febded56395a5a32dd0751de962ac19e87e0a6542f4eb3aaa
resnet,electrode,29,bandpass_n20005_cRA_V1_covariance_s5,phase2/results/predictions/full/electrode/resnet/seed_29/bandpass_n20005_cRA_V1_covariance_s5.npz,76007,be611349b4bcd50ee559096b52fb3f828dc195849db91310f883fea14b0296bb
resnet,electrode,29,bandpass_n20005_cRA_V1_covariance_s0,phase2/results/predictions/full/electrode/resnet/seed_29/bandpass_n20005_cRA_V1_covariance_s0.npz,75382,38d915ebde403417409b277919b62b50fd10de4d300e98156ab8ef4dcc89dade
resnet,electrode,29,bandpass_n20005_cLA_V6_independent_rms_s20,phase2/results/predictions/full/electrode/resnet/seed_29/bandpass_n20005_cLA_V6_independent_rms_s20.npz,76329,65888503d3e49284097209cfa483512a9697f0ad4f8462a8e3136e2aa000f971
resnet,electrode,29,bandpass_n20005_cLA_V6_independent_rms_s15,phase2/results/predictions/full/electrode/resnet/seed_29/bandpass_n20005_cLA_V6_independent_rms_s15.npz,76340,bf7110a1a1bcfe498a36c0c248b7c01118c0117bc8ad2c32fd6b25943fc60bf5
resnet,electrode,29,bandpass_n20005_cLA_V6_independent_rms_s10,phase2/results/predictions/full/electrode/resnet/seed_29/bandpass_n20005_cLA_V6_independent_rms_s10.npz,76246,182d4d72f8e0db946e6be903bd07948a709f53d14ce77bdd56d34a3914da139f
resnet,electrode,29,bandpass_n20005_cLA_V6_independent_rms_s5,phase2/results/predictions/full/electrode/resnet/seed_29/bandpass_n20005_cLA_V6_independent_rms_s5.npz,76080,a5248f89811a8c9d8ff11326b444d90201ca39a44fcbc284e9026a4b0a245798
resnet,electrode,29,bandpass_n20005_cLA_V6_independent_rms_s0,phase2/results/predictions/full/electrode/resnet/seed_29/bandpass_n20005_cLA_V6_independent_rms_s0.npz,75547,f0f95700831dd4f1f1518541f7b001c680cda1c5b8c14231aca88ea77d3c8b8c
resnet,electrode,29,bandpass_n20005_cLA_V6_electrode_s20,phase2/results/predictions/full/electrode/resnet/seed_29/bandpass_n20005_cLA_V6_electrode_s20.npz,76313,fa723205f979c236a7ac7f323f5b97c785d1dd756b789f4fb9b36d153effb308
resnet,electrode,29,bandpass_n20005_cLA_V6_electrode_s15,phase2/results/predictions/full/electrode/resnet/seed_29/bandpass_n20005_cLA_V6_electrode_s15.npz,76287,a2b4f44c3d95649814199a275192361e8ac8b7d2d21a35fa99260b95350c64e1
resnet,electrode,29,bandpass_n20005_cLA_V6_electrode_s10,phase2/results/predictions/full/electrode/resnet/seed_29/bandpass_n20005_cLA_V6_electrode_s10.npz,76231,fc47e2e95d635b7a56998e409c294aa8e34a8032e7c3093047a0efa4ac062360
resnet,electrode,29,bandpass_n20005_cLA_V6_electrode_s5,phase2/results/predictions/full/electrode/resnet/seed_29/bandpass_n20005_cLA_V6_electrode_s5.npz,76010,72685cf19a4c79ea591d068297d545f748a76158f5de7ce5b6de11e719807cbe
resnet,electrode,29,bandpass_n20005_cLA_V6_electrode_s0,phase2/results/predictions/full/electrode/resnet/seed_29/bandpass_n20005_cLA_V6_electrode_s0.npz,75463,ab50bf4838cc31acd7be5f3bc6b8e0885d3ff6093dfcfaa1e086a34cc343746f
resnet,electrode,29,bandpass_n20005_cLA_V6_covariance_s20,phase2/results/predictions/full/electrode/resnet/seed_29/bandpass_n20005_cLA_V6_covariance_s20.npz,76333,07ec2524aa3976565c71ec7db72044ecdc71167498393a20c76f2d91f0cbbeea
resnet,electrode,29,bandpass_n20005_cLA_V6_covariance_s15,phase2/results/predictions/full/electrode/resnet/seed_29/bandpass_n20005_cLA_V6_covariance_s15.npz,76300,70b62da211ca5eb41745d37f62fd192e0837e4ee28bcf8b96a39b9eb3fb4b82f
resnet,electrode,29,bandpass_n20005_cLA_V6_covariance_s10,phase2/results/predictions/full/electrode/resnet/seed_29/bandpass_n20005_cLA_V6_covariance_s10.npz,76238,6c26f19a2af529a90cef31066229851439ef1774abe4249022ee9045c9a0a510
resnet,electrode,29,bandpass_n20005_cLA_V6_covariance_s5,phase2/results/predictions/full/electrode/resnet/seed_29/bandpass_n20005_cLA_V6_covariance_s5.npz,76047,f086a0cd87fa0998bf40c03061348422645c385830e21358504038443ddb5d8e
resnet,electrode,29,bandpass_n20005_cLA_V6_covariance_s0,phase2/results/predictions/full/electrode/resnet/seed_29/bandpass_n20005_cLA_V6_covariance_s0.npz,75445,6bd6bc24ce5d05fbf5abf1fa5edcd71f8904d917bc160784beb57e7c4728109d
resnet,electrode,29,bandpass_n20005_cLL_V4_independent_rms_s20,phase2/results/predictions/full/electrode/resnet/seed_29/bandpass_n20005_cLL_V4_independent_rms_s20.npz,76354,c288aa3146c2648850b9aa6bf37f9b9b9295ef40d56ad91e3cbd66637c7f3171
resnet,electrode,29,bandpass_n20005_cLL_V4_independent_rms_s15,phase2/results/predictions/full/electrode/resnet/seed_29/bandpass_n20005_cLL_V4_independent_rms_s15.npz,76303,c05689274041e3b7c48bfecbc1e2fd0c64de97534b4506175c98c8f79474972f
resnet,electrode,29,bandpass_n20005_cLL_V4_independent_rms_s10,phase2/results/predictions/full/electrode/resnet/seed_29/bandpass_n20005_cLL_V4_independent_rms_s10.npz,76246,d241aebdfa5bd6df7a1a39e8142cd010518eb30933060301b19ec9653b7b5213
resnet,electrode,29,bandpass_n20005_cLL_V4_independent_rms_s5,phase2/results/predictions/full/electrode/resnet/seed_29/bandpass_n20005_cLL_V4_independent_rms_s5.npz,76083,076d346f9716382b87052c92010a0ae7bc54c32ef8194d7570a89cf0578a770e
resnet,electrode,29,bandpass_n20005_cLL_V4_independent_rms_s0,phase2/results/predictions/full/electrode/resnet/seed_29/bandpass_n20005_cLL_V4_independent_rms_s0.npz,75594,260de1271704573cceaa93a28f31c78838acf098fd4cb4239b4de9da47925a78
resnet,electrode,29,bandpass_n20005_cLL_V4_electrode_s20,phase2/results/predictions/full/electrode/resnet/seed_29/bandpass_n20005_cLL_V4_electrode_s20.npz,76274,8240cd96c4f6455583ce7feb3d3ee37391b88bb7fb67b3c5648abb4bb70537a7
resnet,electrode,29,bandpass_n20005_cLL_V4_electrode_s15,phase2/results/predictions/full/electrode/resnet/seed_29/bandpass_n20005_cLL_V4_electrode_s15.npz,76309,5765d465ec30453f9971f2b9eebc000bbeb5cbfeeafa0febb4d9902e664196a9
resnet,electrode,29,bandpass_n20005_cLL_V4_electrode_s10,phase2/results/predictions/full/electrode/resnet/seed_29/bandpass_n20005_cLL_V4_electrode_s10.npz,76224,de3d6efcb8e3b7a036ec3e598c7aa4c94f81bd3f69bb45763eb05a74dfa14ad5
resnet,electrode,29,bandpass_n20005_cLL_V4_electrode_s5,phase2/results/predictions/full/electrode/resnet/seed_29/bandpass_n20005_cLL_V4_electrode_s5.npz,76021,e79aaeed6a6757591b3a827194ad243c6e429042507731f007fd05ac0ab5b856
resnet,electrode,29,bandpass_n20005_cLL_V4_electrode_s0,phase2/results/predictions/full/electrode/resnet/seed_29/bandpass_n20005_cLL_V4_electrode_s0.npz,75581,db5bc6efdd8da9322f37a8ab8bb1b8860df512075ba94bb16d4aa2b2a9f46be3
resnet,electrode,29,bandpass_n20005_cLL_V4_covariance_s20,phase2/results/predictions/full/electrode/resnet/seed_29/bandpass_n20005_cLL_V4_covariance_s20.npz,76317,3f6a9ce6b6bda8527737e9838e0b6782cfa22652b15636461fd5e2cbd61f159b
resnet,electrode,29,bandpass_n20005_cLL_V4_covariance_s15,phase2/results/predictions/full/electrode/resnet/seed_29/bandpass_n20005_cLL_V4_covariance_s15.npz,76317,fbb8d61cb734975eb225ae3b4f2bd75e5e51149731988912be194d9db075428e
resnet,electrode,29,bandpass_n20005_cLL_V4_covariance_s10,phase2/results/predictions/full/electrode/resnet/seed_29/bandpass_n20005_cLL_V4_covariance_s10.npz,76215,ee1175126b767e43882f47e422ed3743b7a25b6098f216be09c8db045c144a29
resnet,electrode,29,bandpass_n20005_cLL_V4_covariance_s5,phase2/results/predictions/full/electrode/resnet/seed_29/bandpass_n20005_cLL_V4_covariance_s5.npz,76017,1d549c74f75456076a1ae72e6ed6eac678253d16d48c03a3f3e3452c54eed20d
resnet,electrode,29,bandpass_n20005_cLL_V4_covariance_s0,phase2/results/predictions/full/electrode/resnet/seed_29/bandpass_n20005_cLL_V4_covariance_s0.npz,75563,52e5aa035b476e3b3492b8fd421cc37fb668d3fdbd20b6223cd514706690a798
resnet,electrode,29,bandpass_n20005_cRA_LA_V1_V6_independent_rms_s20,phase2/results/predictions/full/electrode/resnet/seed_29/bandpass_n20005_cRA_LA_V1_V6_independent_rms_s20.npz,76324,1d739853d9161c6fcd1f44596e7ab55a584ddb7ab78c49a07b3f55af6371e8d9
resnet,electrode,29,bandpass_n20005_cRA_LA_V1_V6_independent_rms_s15,phase2/results/predictions/full/electrode/resnet/seed_29/bandpass_n20005_cRA_LA_V1_V6_independent_rms_s15.npz,76334,a17ac24987f09e98a58209b359bc1640063921fcb3e3c257c92251ad7ebbaaf0
resnet,electrode,29,bandpass_n20005_cRA_LA_V1_V6_independent_rms_s10,phase2/results/predictions/full/electrode/resnet/seed_29/bandpass_n20005_cRA_LA_V1_V6_independent_rms_s10.npz,76271,762fcd72f2476ca33fa7cd9cf7e759e494f4ccbf48d3ad16f733aa6579061089
resnet,electrode,29,bandpass_n20005_cRA_LA_V1_V6_independent_rms_s5,phase2/results/predictions/full/electrode/resnet/seed_29/bandpass_n20005_cRA_LA_V1_V6_independent_rms_s5.npz,76033,e92f14833fbc3ea5c20ecd23ea3ce170b38893d54a4a3feb5db48b6be228e77d
resnet,electrode,29,bandpass_n20005_cRA_LA_V1_V6_independent_rms_s0,phase2/results/predictions/full/electrode/resnet/seed_29/bandpass_n20005_cRA_LA_V1_V6_independent_rms_s0.npz,75569,fa96268206a0507e354d72afde79e5cb5ff0ee7b8758bb6408ac503197d960f4
resnet,electrode,29,bandpass_n20005_cRA_LA_V1_V6_electrode_s20,phase2/results/predictions/full/electrode/resnet/seed_29/bandpass_n20005_cRA_LA_V1_V6_electrode_s20.npz,76320,350e01b0f22343516d2788b896f1cb47ab4b51fdcaece9bb0dd57d9a35ad1387
resnet,electrode,29,bandpass_n20005_cRA_LA_V1_V6_electrode_s15,phase2/results/predictions/full/electrode/resnet/seed_29/bandpass_n20005_cRA_LA_V1_V6_electrode_s15.npz,76336,dc3f6848579a6c64fee2ecee2a95e4a373d3dccb40dea3863fb04e3b739a887f
resnet,electrode,29,bandpass_n20005_cRA_LA_V1_V6_electrode_s10,phase2/results/predictions/full/electrode/resnet/seed_29/bandpass_n20005_cRA_LA_V1_V6_electrode_s10.npz,76261,c6025de84105c5d41882be729b6d089798f1cc9d67e146371f10cd9b0abdf822
resnet,electrode,29,bandpass_n20005_cRA_LA_V1_V6_electrode_s5,phase2/results/predictions/full/electrode/resnet/seed_29/bandpass_n20005_cRA_LA_V1_V6_electrode_s5.npz,75999,247e171b89f764bc43b66a64e0c71cfef3b498a83824209f496767fc405d2e2a
resnet,electrode,29,bandpass_n20005_cRA_LA_V1_V6_electrode_s0,phase2/results/predictions/full/electrode/resnet/seed_29/bandpass_n20005_cRA_LA_V1_V6_electrode_s0.npz,75436,76f9405ab4c1055400655a01728e68f64edb7b84f5162f3c811dac51331cd77d
resnet,electrode,29,bandpass_n20005_cRA_LA_V1_V6_covariance_s20,phase2/results/predictions/full/electrode/resnet/seed_29/bandpass_n20005_cRA_LA_V1_V6_covariance_s20.npz,76327,176d70e1fb46f61635c9e2810909b0c3d3228dcdc998d385ae37ff4a913839fe
resnet,electrode,29,bandpass_n20005_cRA_LA_V1_V6_covariance_s15,phase2/results/predictions/full/electrode/resnet/seed_29/bandpass_n20005_cRA_LA_V1_V6_covariance_s15.npz,76311,114a9cf72410a12780119c993043cef13d4acf3a4f2fd776575cb317a76edd22
resnet,electrode,29,bandpass_n20005_cRA_LA_V1_V6_covariance_s10,phase2/results/predictions/full/electrode/resnet/seed_29/bandpass_n20005_cRA_LA_V1_V6_covariance_s10.npz,76241,4688415c50e751f2120ab676e8122b79637084da3321e9f6132bdea0deddc26d
resnet,electrode,29,bandpass_n20005_cRA_LA_V1_V6_covariance_s5,phase2/results/predictions/full/electrode/resnet/seed_29/bandpass_n20005_cRA_LA_V1_V6_covariance_s5.npz,76001,ada51f123e095c441bd175c248ce54685aff320e1aa01ab28961cc0d91e9a875
resnet,electrode,29,bandpass_n20005_cRA_LA_V1_V6_covariance_s0,phase2/results/predictions/full/electrode/resnet/seed_29/bandpass_n20005_cRA_LA_V1_V6_covariance_s0.npz,75419,6021fdab5abb779d4814b9a0466b78d32510f82402817d814dcec95fe0ad1b30
resnet,electrode,29,bandpass_n20005_cRA_V2_V5_independent_rms_s20,phase2/results/predictions/full/electrode/resnet/seed_29/bandpass_n20005_cRA_V2_V5_independent_rms_s20.npz,76334,2f01e8aeb9218bb1c1630dd3cf54fdfa3f45dea6c0314b3a14df5f6f998cb431
resnet,electrode,29,bandpass_n20005_cRA_V2_V5_independent_rms_s15,phase2/results/predictions/full/electrode/resnet/seed_29/bandpass_n20005_cRA_V2_V5_independent_rms_s15.npz,76327,21a5724736a28c7b80077b78ed33afa28016b82c366ddb10469020e5eb184c9f
resnet,electrode,29,bandpass_n20005_cRA_V2_V5_independent_rms_s10,phase2/results/predictions/full/electrode/resnet/seed_29/bandpass_n20005_cRA_V2_V5_independent_rms_s10.npz,76266,b9eb6a44c5d2e6f24dcd3d13ad2f88620ef51a6022ee1607e0c4145e1a315866
resnet,electrode,29,bandpass_n20005_cRA_V2_V5_independent_rms_s5,phase2/results/predictions/full/electrode/resnet/seed_29/bandpass_n20005_cRA_V2_V5_independent_rms_s5.npz,76088,556429ae8ece637b8df08c13f61d94f99ef3ce284068d5bf3ab5846d11802a02
resnet,electrode,29,bandpass_n20005_cRA_V2_V5_independent_rms_s0,phase2/results/predictions/full/electrode/resnet/seed_29/bandpass_n20005_cRA_V2_V5_independent_rms_s0.npz,75517,8a867d15d2fd85ee8641dc61e88371c60194a57ab25bf5ef1b6cfd5cf86d35bb
resnet,electrode,29,bandpass_n20005_cRA_V2_V5_electrode_s20,phase2/results/predictions/full/electrode/resnet/seed_29/bandpass_n20005_cRA_V2_V5_electrode_s20.npz,76326,97c6ba5da7740caa476ba197455bd7d901af002fd2b3660af33c252b47115455
resnet,electrode,29,bandpass_n20005_cRA_V2_V5_electrode_s15,phase2/results/predictions/full/electrode/resnet/seed_29/bandpass_n20005_cRA_V2_V5_electrode_s15.npz,76281,0d23ab36d151a2d400cf0f9dd278e448235b1f3c9398a34cf7a25a23b297f9ce
resnet,electrode,29,bandpass_n20005_cRA_V2_V5_electrode_s10,phase2/results/predictions/full/electrode/resnet/seed_29/bandpass_n20005_cRA_V2_V5_electrode_s10.npz,76251,ee9b0a7b530bd08bb496c3f39a8b9a62219d1b9507bc860c0b56aa6c590a5a94
resnet,electrode,29,bandpass_n20005_cRA_V2_V5_electrode_s5,phase2/results/predictions/full/electrode/resnet/seed_29/bandpass_n20005_cRA_V2_V5_electrode_s5.npz,76026,25533af1a8c8dd314a232bfe4d3ab07ddab639ba1f9261706ff6c40bdf594516
resnet,electrode,29,bandpass_n20005_cRA_V2_V5_electrode_s0,phase2/results/predictions/full/electrode/resnet/seed_29/bandpass_n20005_cRA_V2_V5_electrode_s0.npz,75400,33a4353367c195542868f8cdf6a219d630dcf7ca8e1fc383cd42bf7c9f2ac5fb
resnet,electrode,29,bandpass_n20005_cRA_V2_V5_covariance_s20,phase2/results/predictions/full/electrode/resnet/seed_29/bandpass_n20005_cRA_V2_V5_covariance_s20.npz,76320,5a26e31f9d0f4446fd591afadfc3c66ec462a40553bd8fc58f4087af89b4a1ab
resnet,electrode,29,bandpass_n20005_cRA_V2_V5_covariance_s15,phase2/results/predictions/full/electrode/resnet/seed_29/bandpass_n20005_cRA_V2_V5_covariance_s15.npz,76340,6350d6616535b26aee7674326fad0458feacb77ab946b5670aa609fbdf28551a
resnet,electrode,29,bandpass_n20005_cRA_V2_V5_covariance_s10,phase2/results/predictions/full/electrode/resnet/seed_29/bandpass_n20005_cRA_V2_V5_covariance_s10.npz,76217,4588ed3b52a627d3617859690304a5ccd9f9f5d1c6c2d9853b8610215373b983
resnet,electrode,29,bandpass_n20005_cRA_V2_V5_covariance_s5,phase2/results/predictions/full/electrode/resnet/seed_29/bandpass_n20005_cRA_V2_V5_covariance_s5.npz,76010,375c5b0be7dbb20fb6794487c3b384b76d18e4b04f2f007561bbd7d23fb30da3
resnet,electrode,29,bandpass_n20005_cRA_V2_V5_covariance_s0,phase2/results/predictions/full/electrode/resnet/seed_29/bandpass_n20005_cRA_V2_V5_covariance_s0.npz,75428,0122c99b440c32f78e909d0f752a05d40c6f1d6be81c9947664c295bd4d4ce08
resnet,electrode,29,bandpass_n20005_cLA_V3_V6_independent_rms_s20,phase2/results/predictions/full/electrode/resnet/seed_29/bandpass_n20005_cLA_V3_V6_independent_rms_s20.npz,76349,bf419fe04d831ffb6494bea1ac81887bacd55724381857db54d8a48bb12a96b6
resnet,electrode,29,bandpass_n20005_cLA_V3_V6_independent_rms_s15,phase2/results/predictions/full/electrode/resnet/seed_29/bandpass_n20005_cLA_V3_V6_independent_rms_s15.npz,76332,15a576f1ee2c228047f7c4b1ef13b9ff62d78886450d0bca9fbe63a3a05426e9
resnet,electrode,29,bandpass_n20005_cLA_V3_V6_independent_rms_s10,phase2/results/predictions/full/electrode/resnet/seed_29/bandpass_n20005_cLA_V3_V6_independent_rms_s10.npz,76275,35f2b378fcafaa1b343be2f75e2acd0d20f7ba6c6260bbd4e5cfb58d54d9aaa3
resnet,electrode,29,bandpass_n20005_cLA_V3_V6_independent_rms_s5,phase2/results/predictions/full/electrode/resnet/seed_29/bandpass_n20005_cLA_V3_V6_independent_rms_s5.npz,76083,31c5c8db2921805e7a0a037926929accaae9d81622d5b044a026d6b4c00fa387
resnet,electrode,29,bandpass_n20005_cLA_V3_V6_independent_rms_s0,phase2/results/predictions/full/electrode/resnet/seed_29/bandpass_n20005_cLA_V3_V6_independent_rms_s0.npz,75605,25b787613259516393721e3c9094fb27c20e9a854fe1af1db9b5d353886f65b7
resnet,electrode,29,bandpass_n20005_cLA_V3_V6_electrode_s20,phase2/results/predictions/full/electrode/resnet/seed_29/bandpass_n20005_cLA_V3_V6_electrode_s20.npz,76296,3bc39d1ac8b488e81a3dc233b2506e5e56e495a5391e38a6f272a40057db5904
resnet,electrode,29,bandpass_n20005_cLA_V3_V6_electrode_s15,phase2/results/predictions/full/electrode/resnet/seed_29/bandpass_n20005_cLA_V3_V6_electrode_s15.npz,76285,d47b300958aec21e940414ebb21edd03893e9e5558275ba40a28f8eadfedae46
resnet,electrode,29,bandpass_n20005_cLA_V3_V6_electrode_s10,phase2/results/predictions/full/electrode/resnet/seed_29/bandpass_n20005_cLA_V3_V6_electrode_s10.npz,76262,e8c412b934be87798eccb9c69931f08791368debab121bd833fde6ab0d541b54
resnet,electrode,29,bandpass_n20005_cLA_V3_V6_electrode_s5,phase2/results/predictions/full/electrode/resnet/seed_29/bandpass_n20005_cLA_V3_V6_electrode_s5.npz,76070,4a68a321bfb799059fb819c45ae44a989d20e5f81326bdfe467483f4de26d1b5
resnet,electrode,29,bandpass_n20005_cLA_V3_V6_electrode_s0,phase2/results/predictions/full/electrode/resnet/seed_29/bandpass_n20005_cLA_V3_V6_electrode_s0.npz,75518,66c66e5a8e46a0d662e42d21c27fc979d7985412dbc2b104a32387924b6ace08
resnet,electrode,29,bandpass_n20005_cLA_V3_V6_covariance_s20,phase2/results/predictions/full/electrode/resnet/seed_29/bandpass_n20005_cLA_V3_V6_covariance_s20.npz,76318,bed22e804f307bcd68a363cf1695f8d411ff8f44769d081ea083197aa191961d
resnet,electrode,29,bandpass_n20005_cLA_V3_V6_covariance_s15,phase2/results/predictions/full/electrode/resnet/seed_29/bandpass_n20005_cLA_V3_V6_covariance_s15.npz,76291,789539d8ab445cfb8b4325658568f383a2637431da194fa63d61a1ef89465ebd
resnet,electrode,29,bandpass_n20005_cLA_V3_V6_covariance_s10,phase2/results/predictions/full/electrode/resnet/seed_29/bandpass_n20005_cLA_V3_V6_covariance_s10.npz,76250,426c1df366dfe1e3e1e964a83812bf65318cef65053fc9b9d8c53c10b153e216
resnet,electrode,29,bandpass_n20005_cLA_V3_V6_covariance_s5,phase2/results/predictions/full/electrode/resnet/seed_29/bandpass_n20005_cLA_V3_V6_covariance_s5.npz,76084,e035a111b54bac47989d7d88aed29fd666d6e7f098b75719a443299b5ccc368b
resnet,electrode,29,bandpass_n20005_cLA_V3_V6_covariance_s0,phase2/results/predictions/full/electrode/resnet/seed_29/bandpass_n20005_cLA_V3_V6_covariance_s0.npz,75531,e028d4db8ea32f7cf045f9c773ab3c6ae86ca8c9fef09e49f078bcefcecd6f40
resnet,electrode,29,bandpass_n20005_cLL_V1_V4_independent_rms_s20,phase2/results/predictions/full/electrode/resnet/seed_29/bandpass_n20005_cLL_V1_V4_independent_rms_s20.npz,76339,2a7c705542341f2782008d4339adf875304f644b1219569edc2ad59b52f02b47
resnet,electrode,29,bandpass_n20005_cLL_V1_V4_independent_rms_s15,phase2/results/predictions/full/electrode/resnet/seed_29/bandpass_n20005_cLL_V1_V4_independent_rms_s15.npz,76308,eb960f7318cf11a2346f28ea7b8a02fd8d26ae6bad466a11694b1ca3360fd166
resnet,electrode,29,bandpass_n20005_cLL_V1_V4_independent_rms_s10,phase2/results/predictions/full/electrode/resnet/seed_29/bandpass_n20005_cLL_V1_V4_independent_rms_s10.npz,76272,0d718689cff0acd58d2cad85883ad252cc1350ba46163f8f129a173f7518a1c4
resnet,electrode,29,bandpass_n20005_cLL_V1_V4_independent_rms_s5,phase2/results/predictions/full/electrode/resnet/seed_29/bandpass_n20005_cLL_V1_V4_independent_rms_s5.npz,76084,e38acff8f83f7a737b70316c4938d2f128f331d525f2da3d87c569b7224fa012
resnet,electrode,29,bandpass_n20005_cLL_V1_V4_independent_rms_s0,phase2/results/predictions/full/electrode/resnet/seed_29/bandpass_n20005_cLL_V1_V4_independent_rms_s0.npz,75573,669a59de2475e91a2d163b20c1cd4eea4137625e1c079297907a45f35a3f25d6
resnet,electrode,29,bandpass_n20005_cLL_V1_V4_electrode_s20,phase2/results/predictions/full/electrode/resnet/seed_29/bandpass_n20005_cLL_V1_V4_electrode_s20.npz,76348,fb980991868f6115fc8b5c1682b9785faaa0b0239a701303dce12f3ca1877140
resnet,electrode,29,bandpass_n20005_cLL_V1_V4_electrode_s15,phase2/results/predictions/full/electrode/resnet/seed_29/bandpass_n20005_cLL_V1_V4_electrode_s15.npz,76263,0bed105ed1a28120f40dc63a1a2e2f6250a5d3642bf3062a21dba5f938c55f56
resnet,electrode,29,bandpass_n20005_cLL_V1_V4_electrode_s10,phase2/results/predictions/full/electrode/resnet/seed_29/bandpass_n20005_cLL_V1_V4_electrode_s10.npz,76202,9e7253c590e58ee80613a67d68cdfda001912a5c2b422bef41cd6c7e0b281dee
resnet,electrode,29,bandpass_n20005_cLL_V1_V4_electrode_s5,phase2/results/predictions/full/electrode/resnet/seed_29/bandpass_n20005_cLL_V1_V4_electrode_s5.npz,75986,be843d71daeb88c90daf93eff0b03e0ceb333647852569e73619851ebbd6dc5c
resnet,electrode,29,bandpass_n20005_cLL_V1_V4_electrode_s0,phase2/results/predictions/full/electrode/resnet/seed_29/bandpass_n20005_cLL_V1_V4_electrode_s0.npz,75532,f4646d6b57b0c1d4d8fbb0d25d6c013d2b3c0b258dc7b1f1a1c27d22998db277
resnet,electrode,29,bandpass_n20005_cLL_V1_V4_covariance_s20,phase2/results/predictions/full/electrode/resnet/seed_29/bandpass_n20005_cLL_V1_V4_covariance_s20.npz,76342,3ed3d98c42d52ec8c1956bf217a02b02051841702180d15de70dcf686d13bc8f
resnet,electrode,29,bandpass_n20005_cLL_V1_V4_covariance_s15,phase2/results/predictions/full/electrode/resnet/seed_29/bandpass_n20005_cLL_V1_V4_covariance_s15.npz,76310,147c1dbcd15ef9a67ce0a86ba1a133dc47bd3c540e665db12228dbc725072d3f
resnet,electrode,29,bandpass_n20005_cLL_V1_V4_covariance_s10,phase2/results/predictions/full/electrode/resnet/seed_29/bandpass_n20005_cLL_V1_V4_covariance_s10.npz,76231,2dff9ebdba668897608dfaf81c57f8f6814c26789ec639caa10bc8619820d99c
resnet,electrode,29,bandpass_n20005_cLL_V1_V4_covariance_s5,phase2/results/predictions/full/electrode/resnet/seed_29/bandpass_n20005_cLL_V1_V4_covariance_s5.npz,76008,e94f846916ca2d1fba5c60147ad04305c1870fbb4905e2c7a8062452f608a91b
resnet,electrode,29,bandpass_n20005_cLL_V1_V4_covariance_s0,phase2/results/predictions/full/electrode/resnet/seed_29/bandpass_n20005_cLL_V1_V4_covariance_s0.npz,75540,778249bcffb5cb8ba9b5748d725bfa94d070c4b600747638e3bde7ed5a2d2e35
resnet,electrode,29,bandpass_n20005_call_independent_rms_s20,phase2/results/predictions/full/electrode/resnet/seed_29/bandpass_n20005_call_independent_rms_s20.npz,76301,3c46b1f0964c0a83fe7f5bae7489ec6f1c2ee263a31250c5d0b63fcaa069c7c3
resnet,electrode,29,bandpass_n20005_call_independent_rms_s15,phase2/results/predictions/full/electrode/resnet/seed_29/bandpass_n20005_call_independent_rms_s15.npz,76286,ffba2d531fcee6d372c74a6a2e75549dc87de4c9c1a95c777ef95adfee449139
resnet,electrode,29,bandpass_n20005_call_independent_rms_s10,phase2/results/predictions/full/electrode/resnet/seed_29/bandpass_n20005_call_independent_rms_s10.npz,76221,53cba4865f85c024ebd536417cd18aa63c33e66e98958a06c0bd3ad8e5576084
resnet,electrode,29,bandpass_n20005_call_independent_rms_s5,phase2/results/predictions/full/electrode/resnet/seed_29/bandpass_n20005_call_independent_rms_s5.npz,76055,fce228e82a0081d061037707db2805b69320e523527cb01711d7405898b850d7
resnet,electrode,29,bandpass_n20005_call_independent_rms_s0,phase2/results/predictions/full/electrode/resnet/seed_29/bandpass_n20005_call_independent_rms_s0.npz,75525,5c309188b703c7ea2c699dc221d35067e14d35801baccb8c53918a4c533ae25d
resnet,electrode,29,bandpass_n20005_call_electrode_s20,phase2/results/predictions/full/electrode/resnet/seed_29/bandpass_n20005_call_electrode_s20.npz,76280,9116415fdc37724fbadc566b028e018a700ebc940a1142574bdbaf39a5fe1187
resnet,electrode,29,bandpass_n20005_call_electrode_s15,phase2/results/predictions/full/electrode/resnet/seed_29/bandpass_n20005_call_electrode_s15.npz,76301,bef52b50e2b7a3a39478a8a37a16c30261f7fe2a0192cbc0ec164570b60fbcbd
resnet,electrode,29,bandpass_n20005_call_electrode_s10,phase2/results/predictions/full/electrode/resnet/seed_29/bandpass_n20005_call_electrode_s10.npz,76207,194ddf509a5fb80d1c98af6624e9ac78acb4838cf9950fd3603b22492e6038eb
resnet,electrode,29,bandpass_n20005_call_electrode_s5,phase2/results/predictions/full/electrode/resnet/seed_29/bandpass_n20005_call_electrode_s5.npz,75994,0e4dd33052141581a3e60736d6ec3ea145a61d817d161bd99ae0743bd8f58e1a
resnet,electrode,29,bandpass_n20005_call_electrode_s0,phase2/results/predictions/full/electrode/resnet/seed_29/bandpass_n20005_call_electrode_s0.npz,75406,191743e370ff41a3ad212d64c70c827f4ebad8f8ad930b1516e1500cfdbf92e7
resnet,electrode,29,bandpass_n20005_call_covariance_s20,phase2/results/predictions/full/electrode/resnet/seed_29/bandpass_n20005_call_covariance_s20.npz,76304,05b6e459269806aac1eb3a66d0f023a4e39ce6eb82b26dee2b0163d30ad2eec9
resnet,electrode,29,bandpass_n20005_call_covariance_s15,phase2/results/predictions/full/electrode/resnet/seed_29/bandpass_n20005_call_covariance_s15.npz,76278,61033d92be48e5f2d7d791395b31094755fbb34edeee47a9bb1e12d841f71d0e
resnet,electrode,29,bandpass_n20005_call_covariance_s10,phase2/results/predictions/full/electrode/resnet/seed_29/bandpass_n20005_call_covariance_s10.npz,76187,5750ac6f98fe186eb617cf8f8ecd0fa7ce6abf497615967671b6e54e091056dc
resnet,electrode,29,bandpass_n20005_call_covariance_s5,phase2/results/predictions/full/electrode/resnet/seed_29/bandpass_n20005_call_covariance_s5.npz,75928,c51b326d8282b0a8763e2cb5dcc8a9a09489707b2c83b6a85fe40d0189786c3f
resnet,electrode,29,bandpass_n20005_call_covariance_s0,phase2/results/predictions/full/electrode/resnet/seed_29/bandpass_n20005_call_covariance_s0.npz,75425,011b5b5c38d9d36bce8226ba02181d2f01420b14fd7c2314201a550b05aa484b
resnet,electrode,29,bw_n20001_call_independent_rms_s20,phase2/results/predictions/full/electrode/resnet/seed_29/bw_n20001_call_independent_rms_s20.npz,76319,ba523b90d845890187c879064635894299d1374adca59680fa2ee3e4e9c4ff43
resnet,electrode,29,bw_n20001_call_independent_rms_s10,phase2/results/predictions/full/electrode/resnet/seed_29/bw_n20001_call_independent_rms_s10.npz,76259,6ae0180c36c04892031073f9017682550107031218e5777b00f89c4ffea0403f
resnet,electrode,29,bw_n20001_call_independent_rms_s0,phase2/results/predictions/full/electrode/resnet/seed_29/bw_n20001_call_independent_rms_s0.npz,75994,b168e70ab18e25341b959bae4a0cc9381f689fcdc29d870b7a99cd7509d3ea94
resnet,electrode,29,bw_n20001_call_electrode_s20,phase2/results/predictions/full/electrode/resnet/seed_29/bw_n20001_call_electrode_s20.npz,76264,4e2f2f7fc3bb62cb70a9f8ee1ae9368b336ac0c7cd9cc4b9d214a4adedff18d8
resnet,electrode,29,bw_n20001_call_electrode_s10,phase2/results/predictions/full/electrode/resnet/seed_29/bw_n20001_call_electrode_s10.npz,76241,8de1b02bd589b9a9f7de61128148906c30729c611debc20217531ffb0a885a83
resnet,electrode,29,bw_n20001_call_electrode_s0,phase2/results/predictions/full/electrode/resnet/seed_29/bw_n20001_call_electrode_s0.npz,75895,b5c70c76496b2a2dddfa498a9c962a9ecf83c8f9f05efc512fd797cdf0e66ed5
resnet,electrode,29,bw_n20001_call_covariance_s20,phase2/results/predictions/full/electrode/resnet/seed_29/bw_n20001_call_covariance_s20.npz,76257,2ca81fdfa47979cb90b1524c830966f06b1dcf75dc41b50a7dabd3c9ebb19ab1
resnet,electrode,29,bw_n20001_call_covariance_s10,phase2/results/predictions/full/electrode/resnet/seed_29/bw_n20001_call_covariance_s10.npz,76228,8c46f705d595ea73e282ceb936eb6c6e70270317409156e01d4d85ca30733e81
resnet,electrode,29,bw_n20001_call_covariance_s0,phase2/results/predictions/full/electrode/resnet/seed_29/bw_n20001_call_covariance_s0.npz,75885,012fe0a1d9c68246edf5e5be672e3988c3d90709e9fc19d3bff402895990e21f
resnet,electrode,29,bw_n20002_call_independent_rms_s20,phase2/results/predictions/full/electrode/resnet/seed_29/bw_n20002_call_independent_rms_s20.npz,76305,8fd0e6e2851c60774612e51911cd171cb1c66e0e334fc83aac50913b8c00dd64
resnet,electrode,29,bw_n20002_call_independent_rms_s10,phase2/results/predictions/full/electrode/resnet/seed_29/bw_n20002_call_independent_rms_s10.npz,76279,e6d3266eca3bb045e8386b57a8aa8a1d3236e08b4feba7ee932c2e0f262d96bc
resnet,electrode,29,bw_n20002_call_independent_rms_s0,phase2/results/predictions/full/electrode/resnet/seed_29/bw_n20002_call_independent_rms_s0.npz,75961,e230f89031224bfe05693da4dded04a09ef7201ebeb0d915b65e2c52406c0503
resnet,electrode,29,bw_n20002_call_electrode_s20,phase2/results/predictions/full/electrode/resnet/seed_29/bw_n20002_call_electrode_s20.npz,76269,06c26023fa6dd2580f9d2e6d97b4b97f0243c60165ff92fe1b2bcb330c53d31f
resnet,electrode,29,bw_n20002_call_electrode_s10,phase2/results/predictions/full/electrode/resnet/seed_29/bw_n20002_call_electrode_s10.npz,76207,0a372b706f70fd7075142900584beb601292635a2bd35e69d50cb1f551b1213f
resnet,electrode,29,bw_n20002_call_electrode_s0,phase2/results/predictions/full/electrode/resnet/seed_29/bw_n20002_call_electrode_s0.npz,75873,f8fae73d6bca28c15cfe2b86f0b25a40e94f4e4971466263006a4162cd927003
resnet,electrode,29,bw_n20002_call_covariance_s20,phase2/results/predictions/full/electrode/resnet/seed_29/bw_n20002_call_covariance_s20.npz,76273,b6037b229266b8a2dc7856414d8700dae99667f00aa1280df06da7699f4fdd36
resnet,electrode,29,bw_n20002_call_covariance_s10,phase2/results/predictions/full/electrode/resnet/seed_29/bw_n20002_call_covariance_s10.npz,76241,4275a6df305b2d7adaa0380c0f0918cc72f4028656437396c0bf1487669b41ec
resnet,electrode,29,bw_n20002_call_covariance_s0,phase2/results/predictions/full/electrode/resnet/seed_29/bw_n20002_call_covariance_s0.npz,75893,7bbdb69ae47feb3999bea2b94a8c96a163453493f11ca67c3e6d8c0987067fa5
resnet,electrode,29,bw_n20003_call_independent_rms_s20,phase2/results/predictions/full/electrode/resnet/seed_29/bw_n20003_call_independent_rms_s20.npz,76321,970061498f2b1c8b056f4b4e4e806a5beb85057c5f58f6324c739a79a4da1599
resnet,electrode,29,bw_n20003_call_independent_rms_s10,phase2/results/predictions/full/electrode/resnet/seed_29/bw_n20003_call_independent_rms_s10.npz,76239,ac877409bbcd1a68930e1f7c9658d47248ae588fc15cb47c203cc5e23322a13a
resnet,electrode,29,bw_n20003_call_independent_rms_s0,phase2/results/predictions/full/electrode/resnet/seed_29/bw_n20003_call_independent_rms_s0.npz,75958,385ce9de852db9805a5f8cd1c12c1b9042eb370ed4a99ee4c2273831d158c9a9
resnet,electrode,29,bw_n20003_call_electrode_s20,phase2/results/predictions/full/electrode/resnet/seed_29/bw_n20003_call_electrode_s20.npz,76251,bceaa1acaf46a4e9378941266fa64d2586ae5900a52060a8ac74cecc5b412c00
resnet,electrode,29,bw_n20003_call_electrode_s10,phase2/results/predictions/full/electrode/resnet/seed_29/bw_n20003_call_electrode_s10.npz,76254,21d943c7c9e6cd39399b382780582dda20c6a595bd0ae79332ffb38db73cce61
resnet,electrode,29,bw_n20003_call_electrode_s0,phase2/results/predictions/full/electrode/resnet/seed_29/bw_n20003_call_electrode_s0.npz,75878,8478696a49a2a397e4fd4337640ba174502979c52cfb1028bc1ff2cba6049e55
resnet,electrode,29,bw_n20003_call_covariance_s20,phase2/results/predictions/full/electrode/resnet/seed_29/bw_n20003_call_covariance_s20.npz,76287,451127f5be5a1eef2b4e92305cff7588808e3d9646d61541c6affb52f232c58c
resnet,electrode,29,bw_n20003_call_covariance_s10,phase2/results/predictions/full/electrode/resnet/seed_29/bw_n20003_call_covariance_s10.npz,76263,b3573f90b2ed6640713dd0fbbc5909391e6aac59e1cd192c76c19f94328bc2cd
resnet,electrode,29,bw_n20003_call_covariance_s0,phase2/results/predictions/full/electrode/resnet/seed_29/bw_n20003_call_covariance_s0.npz,75894,0f89a02966c92bc7057fd98a8a416d14812af0547cb383deda86c6006cea318a
resnet,electrode,29,bw_n20004_call_independent_rms_s20,phase2/results/predictions/full/electrode/resnet/seed_29/bw_n20004_call_independent_rms_s20.npz,76289,fc53fa5d95b0d895bc3422cf603f5e8cd45e17bb47ec3a12eeed27f98f9921a5
resnet,electrode,29,bw_n20004_call_independent_rms_s10,phase2/results/predictions/full/electrode/resnet/seed_29/bw_n20004_call_independent_rms_s10.npz,76296,0ea6f277a2c6d6ce3194358f2acb22e4f144f3e4c49bdd8e5432da8c19ab015f
resnet,electrode,29,bw_n20004_call_independent_rms_s0,phase2/results/predictions/full/electrode/resnet/seed_29/bw_n20004_call_independent_rms_s0.npz,76002,3eed8120b1fd396c552713370f221c2f46bf14d25010347ca5ccf0de43b879a3
resnet,electrode,29,bw_n20004_call_electrode_s20,phase2/results/predictions/full/electrode/resnet/seed_29/bw_n20004_call_electrode_s20.npz,76273,0650ff9004ba1fb84cb8a701682ba2587aa928f8a662e4c717644a8d6b2a0d0f
resnet,electrode,29,bw_n20004_call_electrode_s10,phase2/results/predictions/full/electrode/resnet/seed_29/bw_n20004_call_electrode_s10.npz,76209,787319687abf432540331ee841fdf53182403f1ac73d8d4e6d6e26006e352b50
resnet,electrode,29,bw_n20004_call_electrode_s0,phase2/results/predictions/full/electrode/resnet/seed_29/bw_n20004_call_electrode_s0.npz,75898,ec66de10b672ac80c9653fb9b01b0ac7d13d9b177670269848a2c50e2940af74
resnet,electrode,29,bw_n20004_call_covariance_s20,phase2/results/predictions/full/electrode/resnet/seed_29/bw_n20004_call_covariance_s20.npz,76290,911daac0665cf5163b155a9f213067178665678ee319d0c89510eb551cdc6341
resnet,electrode,29,bw_n20004_call_covariance_s10,phase2/results/predictions/full/electrode/resnet/seed_29/bw_n20004_call_covariance_s10.npz,76259,62767ac61585e6f0526b4c729ebef5a4ca098f209cbc9b7b0c355bbd04f9e1be
resnet,electrode,29,bw_n20004_call_covariance_s0,phase2/results/predictions/full/electrode/resnet/seed_29/bw_n20004_call_covariance_s0.npz,75907,f50594eb68f175e62b129d2eac7ae831d035c91b92e07cf7f12f6e3ae30a6268
resnet,electrode,29,bw_n20005_call_independent_rms_s20,phase2/results/predictions/full/electrode/resnet/seed_29/bw_n20005_call_independent_rms_s20.npz,76306,68e624ed21ba4ffbb6e520f77dfefd3c4d258a82f5566630690f266cf7d9c395
resnet,electrode,29,bw_n20005_call_independent_rms_s10,phase2/results/predictions/full/electrode/resnet/seed_29/bw_n20005_call_independent_rms_s10.npz,76267,8ce777980dbdf44095e006d2dadc729bd34a5821801fcc52309929a024867c3c
resnet,electrode,29,bw_n20005_call_independent_rms_s0,phase2/results/predictions/full/electrode/resnet/seed_29/bw_n20005_call_independent_rms_s0.npz,75977,90ea6efaa68b98c4a3cbe981e1d74adf619f62f8a025f69fb223bac62c79e18d
resnet,electrode,29,bw_n20005_call_electrode_s20,phase2/results/predictions/full/electrode/resnet/seed_29/bw_n20005_call_electrode_s20.npz,76265,36e8636742f261e57c5fc9fb4b262f6af85ac01e96858d9ae804ca5d7396cee8
resnet,electrode,29,bw_n20005_call_electrode_s10,phase2/results/predictions/full/electrode/resnet/seed_29/bw_n20005_call_electrode_s10.npz,76214,cb6fe91524533b382e0ec84f6d997dd908246875967f527c5029fce38f464f8f
resnet,electrode,29,bw_n20005_call_electrode_s0,phase2/results/predictions/full/electrode/resnet/seed_29/bw_n20005_call_electrode_s0.npz,75903,78f77dcf5cb4e7f08b139622f1b6a9e2de1ab8df2ff02d50c8d2efe77dccdf85
resnet,electrode,29,bw_n20005_call_covariance_s20,phase2/results/predictions/full/electrode/resnet/seed_29/bw_n20005_call_covariance_s20.npz,76247,2f8de4f572fe31234010ff3f91fb630cda62576c13afd7450e6ab308eeafc6f4
resnet,electrode,29,bw_n20005_call_covariance_s10,phase2/results/predictions/full/electrode/resnet/seed_29/bw_n20005_call_covariance_s10.npz,76271,832e036f369433e16784016708cb824d858690bd247a428aa8692fc6bdb24cf0
resnet,electrode,29,bw_n20005_call_covariance_s0,phase2/results/predictions/full/electrode/resnet/seed_29/bw_n20005_call_covariance_s0.npz,75882,2860b7a177017192ef7f4fee91a7a7fc9188c6c964de45b50b0ad5b741d91136
resnet,electrode,29,ma_n20001_call_independent_rms_s20,phase2/results/predictions/full/electrode/resnet/seed_29/ma_n20001_call_independent_rms_s20.npz,76289,a4717f410dc54fb87c871e5b019b8f37f4ae9b60ff92c9c426254d6ddf3a2819
resnet,electrode,29,ma_n20001_call_independent_rms_s10,phase2/results/predictions/full/electrode/resnet/seed_29/ma_n20001_call_independent_rms_s10.npz,76265,9b05469eb92b99dfb884853fcd66618d6b01f2235acbd16bbe255fa1528242b9
resnet,electrode,29,ma_n20001_call_independent_rms_s0,phase2/results/predictions/full/electrode/resnet/seed_29/ma_n20001_call_independent_rms_s0.npz,75876,5951c855106ea068fba7d8cb8f18bbac50b71349b0a5c050ef8f19a818b0d5fc
resnet,electrode,29,ma_n20001_call_electrode_s20,phase2/results/predictions/full/electrode/resnet/seed_29/ma_n20001_call_electrode_s20.npz,76266,9bce4d797feaf7e691d5cf2172d651f7810f98e3e85348aa58ad854619900ba2
resnet,electrode,29,ma_n20001_call_electrode_s10,phase2/results/predictions/full/electrode/resnet/seed_29/ma_n20001_call_electrode_s10.npz,76240,1ad6b97b6b884d76708b1e4728343aa5aa73884aef2263d7ef3a7c20ad8f2cd6
resnet,electrode,29,ma_n20001_call_electrode_s0,phase2/results/predictions/full/electrode/resnet/seed_29/ma_n20001_call_electrode_s0.npz,75813,6d4fdb2039b6e18e3dd1cf6d499f17421bf5b6a60c6b09aef1b161d4f38319a1
resnet,electrode,29,ma_n20001_call_covariance_s20,phase2/results/predictions/full/electrode/resnet/seed_29/ma_n20001_call_covariance_s20.npz,76287,13c5f4cdeccb76bb96ac90b17329ed24b16bfd5ae22c8585ae7f5c96d1bd2a59
resnet,electrode,29,ma_n20001_call_covariance_s10,phase2/results/predictions/full/electrode/resnet/seed_29/ma_n20001_call_covariance_s10.npz,76259,d31481d3d055d038fa2a948faef3d014a13e8ffebad2832a13d27a5994210f39
resnet,electrode,29,ma_n20001_call_covariance_s0,phase2/results/predictions/full/electrode/resnet/seed_29/ma_n20001_call_covariance_s0.npz,75824,8b7f3c4897470672e5a2a9e79f9de4c08a559092aac671be1388939b36e78f78
resnet,electrode,29,ma_n20002_call_independent_rms_s20,phase2/results/predictions/full/electrode/resnet/seed_29/ma_n20002_call_independent_rms_s20.npz,76295,dcc03c5991ebc66feef4a9d6a7c4e1e4e90c4cf62aa7b50f48ec66d6e9b7c3e7
resnet,electrode,29,ma_n20002_call_independent_rms_s10,phase2/results/predictions/full/electrode/resnet/seed_29/ma_n20002_call_independent_rms_s10.npz,76247,4f3f6b0e4a3a7b74df3dbf21d3de05d80c33e40078c0ea21e901e13809628cd3
resnet,electrode,29,ma_n20002_call_independent_rms_s0,phase2/results/predictions/full/electrode/resnet/seed_29/ma_n20002_call_independent_rms_s0.npz,75871,8633b597de7ddf86644f6fc5d5103adb50c7ffaf95141ac43d815ac6807b9f50
resnet,electrode,29,ma_n20002_call_electrode_s20,phase2/results/predictions/full/electrode/resnet/seed_29/ma_n20002_call_electrode_s20.npz,76256,ba58f5e33bbb48f1c42dd97d9d18342ed939bcd88a7e11120b78741b16112925
resnet,electrode,29,ma_n20002_call_electrode_s10,phase2/results/predictions/full/electrode/resnet/seed_29/ma_n20002_call_electrode_s10.npz,76229,414b40b078dc2b72796590d92cc72469f5b29ce516038e5c84764960cf7a3689
resnet,electrode,29,ma_n20002_call_electrode_s0,phase2/results/predictions/full/electrode/resnet/seed_29/ma_n20002_call_electrode_s0.npz,75826,533bf90e53eff6afe23c6b81379ef14937a64d576b53e3e327c86399b4840c95
resnet,electrode,29,ma_n20002_call_covariance_s20,phase2/results/predictions/full/electrode/resnet/seed_29/ma_n20002_call_covariance_s20.npz,76287,2b56eed8718e958195f5ec1bd8362adb79d3749adb4c2aa1fd2a4861ee41ce2e
resnet,electrode,29,ma_n20002_call_covariance_s10,phase2/results/predictions/full/electrode/resnet/seed_29/ma_n20002_call_covariance_s10.npz,76211,b50758256228f5e783f4f53677f7d990298cd80ec452026758f9d5725b9944d6
resnet,electrode,29,ma_n20002_call_covariance_s0,phase2/results/predictions/full/electrode/resnet/seed_29/ma_n20002_call_covariance_s0.npz,75797,b49111a78317679680ad0efdfda7c0e73b20687d12aa3d1df20608d1ae95dacc
resnet,electrode,29,ma_n20003_call_independent_rms_s20,phase2/results/predictions/full/electrode/resnet/seed_29/ma_n20003_call_independent_rms_s20.npz,76327,95de4c07258423da8f1a5590584e79cfa49ccbcd4f85ac9c4b697dfb1cb78f6d
resnet,electrode,29,ma_n20003_call_independent_rms_s10,phase2/results/predictions/full/electrode/resnet/seed_29/ma_n20003_call_independent_rms_s10.npz,76278,96443b9884d25dd4c7a3e44b1c16cf560fa797ff5d62c094dd227f4706dd63bb
resnet,electrode,29,ma_n20003_call_independent_rms_s0,phase2/results/predictions/full/electrode/resnet/seed_29/ma_n20003_call_independent_rms_s0.npz,75847,f6c8c31e03b4aa20423f257eec1b6642ec7b6e1ef45cae0745572ac7085daf5b
resnet,electrode,29,ma_n20003_call_electrode_s20,phase2/results/predictions/full/electrode/resnet/seed_29/ma_n20003_call_electrode_s20.npz,76298,7c4cfd58d5e124191ff994703f1ab6410b2178d38065a749ca20a70fdc0e2e05
resnet,electrode,29,ma_n20003_call_electrode_s10,phase2/results/predictions/full/electrode/resnet/seed_29/ma_n20003_call_electrode_s10.npz,76237,1b28ea7ec90426957602f6a656838b573e9af101b9ab16608dce94950306ed35
resnet,electrode,29,ma_n20003_call_electrode_s0,phase2/results/predictions/full/electrode/resnet/seed_29/ma_n20003_call_electrode_s0.npz,75835,89f018b84e8879aed1e27bd388ae7a02bf447cd15e3bafd9fcaddb1193a577b7
resnet,electrode,29,ma_n20003_call_covariance_s20,phase2/results/predictions/full/electrode/resnet/seed_29/ma_n20003_call_covariance_s20.npz,76265,2326a0b75e6880661c525c89e022ce4939efcce31900934519e978360788a793
resnet,electrode,29,ma_n20003_call_covariance_s10,phase2/results/predictions/full/electrode/resnet/seed_29/ma_n20003_call_covariance_s10.npz,76237,eb67e0fe25e6faf71e9fb04711e0abc5c7d2eaaac5e5bcdd0792d015836b125a
resnet,electrode,29,ma_n20003_call_covariance_s0,phase2/results/predictions/full/electrode/resnet/seed_29/ma_n20003_call_covariance_s0.npz,75790,6f8b6f24c3e220cfeb619075e94c1c91cefb0764dad21181b2144970d32dadb5
resnet,electrode,29,ma_n20004_call_independent_rms_s20,phase2/results/predictions/full/electrode/resnet/seed_29/ma_n20004_call_independent_rms_s20.npz,76321,9fb74f7d845561d47fe0b66a06eb0e542df15c09eecb46fc7d399ae3c102edee
resnet,electrode,29,ma_n20004_call_independent_rms_s10,phase2/results/predictions/full/electrode/resnet/seed_29/ma_n20004_call_independent_rms_s10.npz,76292,c7c45bcd704a78b801fc9c362d152f3aeb1f0f6f611ac25a5fc500c9b18f971c
resnet,electrode,29,ma_n20004_call_independent_rms_s0,phase2/results/predictions/full/electrode/resnet/seed_29/ma_n20004_call_independent_rms_s0.npz,75851,388060b19ca5b50800259440975af540547c3b22221d00caed033eebd04fe9d7
resnet,electrode,29,ma_n20004_call_electrode_s20,phase2/results/predictions/full/electrode/resnet/seed_29/ma_n20004_call_electrode_s20.npz,76294,56a703d2352fa115c189fecac0351dcd329e2ed5197efe600323cacdece1a76e
resnet,electrode,29,ma_n20004_call_electrode_s10,phase2/results/predictions/full/electrode/resnet/seed_29/ma_n20004_call_electrode_s10.npz,76218,aaa2521d8e24096510ce1988dde5f80ccd6fecf70a55da9f8c18843391680195
resnet,electrode,29,ma_n20004_call_electrode_s0,phase2/results/predictions/full/electrode/resnet/seed_29/ma_n20004_call_electrode_s0.npz,75812,6c1f288d8ef133e32d4ef74b381f74a5f7e439ea2625a6f30be95ad07e47e828
resnet,electrode,29,ma_n20004_call_covariance_s20,phase2/results/predictions/full/electrode/resnet/seed_29/ma_n20004_call_covariance_s20.npz,76281,1ab318e2b1afe270f1164f92e9013b5bf5f8ca1e948495a56b0b774466bb501e
resnet,electrode,29,ma_n20004_call_covariance_s10,phase2/results/predictions/full/electrode/resnet/seed_29/ma_n20004_call_covariance_s10.npz,76216,90b8b9815a0f1df42b1e1951c6fefa8b657eec3428a32231c57876b8f0187a1c
resnet,electrode,29,ma_n20004_call_covariance_s0,phase2/results/predictions/full/electrode/resnet/seed_29/ma_n20004_call_covariance_s0.npz,75824,2b283303b307386e2179fe7016d59096d452e604117aec4f350049e7916f798f
resnet,electrode,29,ma_n20005_call_independent_rms_s20,phase2/results/predictions/full/electrode/resnet/seed_29/ma_n20005_call_independent_rms_s20.npz,76278,0c125e85deddaed5203dc8e9824c7cd4ee4516e43714c8723c72775b3e530ec5
resnet,electrode,29,ma_n20005_call_independent_rms_s10,phase2/results/predictions/full/electrode/resnet/seed_29/ma_n20005_call_independent_rms_s10.npz,76246,3bd02b77c933751355417e5b3468c65fa1f75b788ec25e28b6d1385973c3de74
resnet,electrode,29,ma_n20005_call_independent_rms_s0,phase2/results/predictions/full/electrode/resnet/seed_29/ma_n20005_call_independent_rms_s0.npz,75865,0f1d0d77a7ccf08096ea37033e2d5ce2bd852301d64caa5c93600ef3e22a93c0
resnet,electrode,29,ma_n20005_call_electrode_s20,phase2/results/predictions/full/electrode/resnet/seed_29/ma_n20005_call_electrode_s20.npz,76291,069ee309539b0c66be97ef1fe0e231deaf1d2528690ad19536e80558a9b80a91
resnet,electrode,29,ma_n20005_call_electrode_s10,phase2/results/predictions/full/electrode/resnet/seed_29/ma_n20005_call_electrode_s10.npz,76241,d7eb61dec444ab1d5a6a816fbe110598653e958f119d3901d7032a82fb441bc6
resnet,electrode,29,ma_n20005_call_electrode_s0,phase2/results/predictions/full/electrode/resnet/seed_29/ma_n20005_call_electrode_s0.npz,75827,6ca2f7193cb7eafd2a37b4d1ebb7a1a70fa09df3bcfedde7e1b8b74951c166dd
resnet,electrode,29,ma_n20005_call_covariance_s20,phase2/results/predictions/full/electrode/resnet/seed_29/ma_n20005_call_covariance_s20.npz,76258,a839879b3a67550d13cc1841fa449728b201f13a0e579765158c1742aa22dd98
resnet,electrode,29,ma_n20005_call_covariance_s10,phase2/results/predictions/full/electrode/resnet/seed_29/ma_n20005_call_covariance_s10.npz,76213,96d00adca81ab19f83ce35ac285a0ea5b3f2d86c90d189e95e0f0cbf0c985391
resnet,electrode,29,ma_n20005_call_covariance_s0,phase2/results/predictions/full/electrode/resnet/seed_29/ma_n20005_call_covariance_s0.npz,75818,6993c9aedc1033f0a2d37b0a0973099990ea14e4cc8320ac9d5c32344dc0f822
resnet,electrode,29,em_n20001_call_independent_rms_s20,phase2/results/predictions/full/electrode/resnet/seed_29/em_n20001_call_independent_rms_s20.npz,76310,11ad356f6fbed853d46275f5644f6477b38c90586b691bc915f23695cad925ac
resnet,electrode,29,em_n20001_call_independent_rms_s10,phase2/results/predictions/full/electrode/resnet/seed_29/em_n20001_call_independent_rms_s10.npz,76236,f7e457c846d05345cb9139c240b259c12aa344a540820cf8fd147714e397ae42
resnet,electrode,29,em_n20001_call_independent_rms_s0,phase2/results/predictions/full/electrode/resnet/seed_29/em_n20001_call_independent_rms_s0.npz,75759,61322bab7724581dd4335bff20565a95426da7c2b0ab59363687dc5908375457
resnet,electrode,29,em_n20001_call_electrode_s20,phase2/results/predictions/full/electrode/resnet/seed_29/em_n20001_call_electrode_s20.npz,76260,ab00550f510219c60caaa1bce2c9f969fd94c6f5c461207a00fe810054cf0cbc
resnet,electrode,29,em_n20001_call_electrode_s10,phase2/results/predictions/full/electrode/resnet/seed_29/em_n20001_call_electrode_s10.npz,76180,dbbe2b81b1c7b45a49f2f438a5310d446f8434af28cb2ac7418103cf2cf3b45e
resnet,electrode,29,em_n20001_call_electrode_s0,phase2/results/predictions/full/electrode/resnet/seed_29/em_n20001_call_electrode_s0.npz,75545,537975e581216d1dd7cddf056c27d8cdd35bf9b1d3eeb47d2ce3ec4c796bc25f
resnet,electrode,29,em_n20001_call_covariance_s20,phase2/results/predictions/full/electrode/resnet/seed_29/em_n20001_call_covariance_s20.npz,76285,69bc1d863b3b50ea6bedf6e75d2a115c21536d608e9ee7d1199b5990a3bd01ca
resnet,electrode,29,em_n20001_call_covariance_s10,phase2/results/predictions/full/electrode/resnet/seed_29/em_n20001_call_covariance_s10.npz,76159,02e89b3d434dfde60d2c9b5a2a7e6bea4b0439c87202716598dcb28cd68d2b7e
resnet,electrode,29,em_n20001_call_covariance_s0,phase2/results/predictions/full/electrode/resnet/seed_29/em_n20001_call_covariance_s0.npz,75512,be5177e9744b8f0ebd91209ea392671f0b03413c63278cd7ded20d1cd9946d94
resnet,electrode,29,em_n20002_call_independent_rms_s20,phase2/results/predictions/full/electrode/resnet/seed_29/em_n20002_call_independent_rms_s20.npz,76289,81e597f5344034c4327bf4d5c5e6e673a9cf1773aebe94c54edcd4740d6e21e2
resnet,electrode,29,em_n20002_call_independent_rms_s10,phase2/results/predictions/full/electrode/resnet/seed_29/em_n20002_call_independent_rms_s10.npz,76220,945c47973ba0d996ddac72b3297a3eb516b5ed55045e1f1d2c34db783cf1321b
resnet,electrode,29,em_n20002_call_independent_rms_s0,phase2/results/predictions/full/electrode/resnet/seed_29/em_n20002_call_independent_rms_s0.npz,75743,466aa128a84d08d35b04e12084fea4c945afb537b8ef5811f0d1c1e469e4de84
resnet,electrode,29,em_n20002_call_electrode_s20,phase2/results/predictions/full/electrode/resnet/seed_29/em_n20002_call_electrode_s20.npz,76257,553f99d473b7b996bc01f841563aa517d49d31de07029645fed2cbd628af59e2
resnet,electrode,29,em_n20002_call_electrode_s10,phase2/results/predictions/full/electrode/resnet/seed_29/em_n20002_call_electrode_s10.npz,76146,b108affd2f2f447b55c07b648ebb7267d35058eea10fcdbad68c623f85335988
resnet,electrode,29,em_n20002_call_electrode_s0,phase2/results/predictions/full/electrode/resnet/seed_29/em_n20002_call_electrode_s0.npz,75509,850b1e3db6413c59a4d502e1aaf4d26df7294995c4a3fda17ed2d8e3f17fb1e5
resnet,electrode,29,em_n20002_call_covariance_s20,phase2/results/predictions/full/electrode/resnet/seed_29/em_n20002_call_covariance_s20.npz,76271,40a179853fb623049fab18a2fb4c9f74268b20a8730abc974c6b3d078e777663
resnet,electrode,29,em_n20002_call_covariance_s10,phase2/results/predictions/full/electrode/resnet/seed_29/em_n20002_call_covariance_s10.npz,76144,892f0165079bd8505d3e3a4279689aa890c344c264a3b2425eb5bd9fba400a1e
resnet,electrode,29,em_n20002_call_covariance_s0,phase2/results/predictions/full/electrode/resnet/seed_29/em_n20002_call_covariance_s0.npz,75502,c074c10d719d3d47fbf79e74dff69930391a149af9c3925cab34dfea2d375d16
resnet,electrode,29,em_n20003_call_independent_rms_s20,phase2/results/predictions/full/electrode/resnet/seed_29/em_n20003_call_independent_rms_s20.npz,76307,44d834bd516102b646741ae4345e1e15c2dd742a297680b5a818967b2f3117ca
resnet,electrode,29,em_n20003_call_independent_rms_s10,phase2/results/predictions/full/electrode/resnet/seed_29/em_n20003_call_independent_rms_s10.npz,76203,1f23572c9f4a8e6ce7aaf33c12e41282d932c6e58dc1ef39e298fe27c4fe15e4
resnet,electrode,29,em_n20003_call_independent_rms_s0,phase2/results/predictions/full/electrode/resnet/seed_29/em_n20003_call_independent_rms_s0.npz,75739,e306c5ac102dbde47df113877187da4d9ba56c0c14131a6d0a31931f13436e70
resnet,electrode,29,em_n20003_call_electrode_s20,phase2/results/predictions/full/electrode/resnet/seed_29/em_n20003_call_electrode_s20.npz,76274,3c7c28d35d25c1a830bb6dd2a4b717b3e3a6c221584eccf9a875a9279b2412b5
resnet,electrode,29,em_n20003_call_electrode_s10,phase2/results/predictions/full/electrode/resnet/seed_29/em_n20003_call_electrode_s10.npz,76170,0ee19c30573bdcc6953ebf10502036f83fd20674cf1c06a434511a7a40cb78a7
resnet,electrode,29,em_n20003_call_electrode_s0,phase2/results/predictions/full/electrode/resnet/seed_29/em_n20003_call_electrode_s0.npz,75518,e62564567c173947b518808347f3c046447abbd2e531ad751c7a805cab0146d3
resnet,electrode,29,em_n20003_call_covariance_s20,phase2/results/predictions/full/electrode/resnet/seed_29/em_n20003_call_covariance_s20.npz,76283,021086d21acb592f7ef71bb707cff11aee25d14b841b40f61e83e30d2b33efc2
resnet,electrode,29,em_n20003_call_covariance_s10,phase2/results/predictions/full/electrode/resnet/seed_29/em_n20003_call_covariance_s10.npz,76200,d84343f7bd4cc3e634dc33420f5d071ea059e7d1e02b7a0807954e53229792fc
resnet,electrode,29,em_n20003_call_covariance_s0,phase2/results/predictions/full/electrode/resnet/seed_29/em_n20003_call_covariance_s0.npz,75531,925607354cd21f5652ebe2bbf82c8e2706851d3146ab7fcc0040b59cfaa908b4
resnet,electrode,29,em_n20004_call_independent_rms_s20,phase2/results/predictions/full/electrode/resnet/seed_29/em_n20004_call_independent_rms_s20.npz,76297,ea94d9238d2336cecbc4edb47c64a7edc7771874e3643ca390ba003ce784bc67
resnet,electrode,29,em_n20004_call_independent_rms_s10,phase2/results/predictions/full/electrode/resnet/seed_29/em_n20004_call_independent_rms_s10.npz,76218,d6f42cd09e30f8738cfef9ef9d3e6348f6ad4356bd36e1970a0ea965eb0533f9
resnet,electrode,29,em_n20004_call_independent_rms_s0,phase2/results/predictions/full/electrode/resnet/seed_29/em_n20004_call_independent_rms_s0.npz,75720,6a2a2ae80231084960151f0864e0beb9ccb07049fcd85c21d5a2fa6a727cb2a9
resnet,electrode,29,em_n20004_call_electrode_s20,phase2/results/predictions/full/electrode/resnet/seed_29/em_n20004_call_electrode_s20.npz,76257,2c64f8c5d71517fadb03f72c57e302789a72a7fba5ec1932b281269aebd63f5f
resnet,electrode,29,em_n20004_call_electrode_s10,phase2/results/predictions/full/electrode/resnet/seed_29/em_n20004_call_electrode_s10.npz,76148,8e1608a1c8299c7511f6d5f85bde03f2e0f6fb9b0510afca03301db44b3ad15a
resnet,electrode,29,em_n20004_call_electrode_s0,phase2/results/predictions/full/electrode/resnet/seed_29/em_n20004_call_electrode_s0.npz,75529,4f21847d74ccdef1a79c0778a72e634c1666d98141876a6a8aaf077f6d36d031
resnet,electrode,29,em_n20004_call_covariance_s20,phase2/results/predictions/full/electrode/resnet/seed_29/em_n20004_call_covariance_s20.npz,76280,799b78a5a9e4c7cfe954839f3a76ddbf6331f55b716b682f84e607f76c0db141
resnet,electrode,29,em_n20004_call_covariance_s10,phase2/results/predictions/full/electrode/resnet/seed_29/em_n20004_call_covariance_s10.npz,76158,30be9d7496d51bb392ec17db5992c00db6874495e167b41282f0c4d773fce831
resnet,electrode,29,em_n20004_call_covariance_s0,phase2/results/predictions/full/electrode/resnet/seed_29/em_n20004_call_covariance_s0.npz,75499,8b50ee3c706328ff1e331574ed73d7776be4b497d73768e458cb1792e5bc8878
resnet,electrode,29,em_n20005_call_independent_rms_s20,phase2/results/predictions/full/electrode/resnet/seed_29/em_n20005_call_independent_rms_s20.npz,76298,9fb66d4569ec3b86d8aff5b7f561953ad7358efe706b8a841ec57fdeaea9a50f
resnet,electrode,29,em_n20005_call_independent_rms_s10,phase2/results/predictions/full/electrode/resnet/seed_29/em_n20005_call_independent_rms_s10.npz,76238,0c4b51d170ae1391456d925ff4bdedac085c14ad615703ac9645b735699e8743
resnet,electrode,29,em_n20005_call_independent_rms_s0,phase2/results/predictions/full/electrode/resnet/seed_29/em_n20005_call_independent_rms_s0.npz,75726,5aa78739aafa3ec9e491aeb68f7cfc637a2758c3b885ab5b3a0f2cdc8216fdcc
resnet,electrode,29,em_n20005_call_electrode_s20,phase2/results/predictions/full/electrode/resnet/seed_29/em_n20005_call_electrode_s20.npz,76258,e508cc2e722ab5d8fabd2e56adfc8335821e117aa62f28e835a2f67a8c558fe8
resnet,electrode,29,em_n20005_call_electrode_s10,phase2/results/predictions/full/electrode/resnet/seed_29/em_n20005_call_electrode_s10.npz,76158,c7f30e693ac7bdd3defd66826a71ddc895254c8e68fc5f5c4be7281d7db3c6c0
resnet,electrode,29,em_n20005_call_electrode_s0,phase2/results/predictions/full/electrode/resnet/seed_29/em_n20005_call_electrode_s0.npz,75507,614bc508ca3a9028bdb08e37842f87fd8a0d0b6c10582fcbcca88f7d4ba662fa
resnet,electrode,29,em_n20005_call_covariance_s20,phase2/results/predictions/full/electrode/resnet/seed_29/em_n20005_call_covariance_s20.npz,76257,0c06fcf70bff13721ebc028ecd268e11c7e35117d3339b8fa0b219f18fabda83
resnet,electrode,29,em_n20005_call_covariance_s10,phase2/results/predictions/full/electrode/resnet/seed_29/em_n20005_call_covariance_s10.npz,76148,de94b41d75b4eb951cad6cdcc6127b05c697eb9a4e1defe459da7ca92d63d9de
resnet,electrode,29,em_n20005_call_covariance_s0,phase2/results/predictions/full/electrode/resnet/seed_29/em_n20005_call_covariance_s0.npz,75537,ec079df8764d09e603fd64e50f3af870d32730c0abd3373c61d41eaf090737fb
resnet,mixed,29,clean,phase2/results/predictions/full/mixed/resnet/seed_29/clean.npz,76311,b1df7080df2adf4ac5e581f7883527be5a2f46d8f46b4f55bfa7aaeb1a8071fd
resnet,mixed,29,bandpass_n20001_cRA_LA_LL_independent_rms_s20,phase2/results/predictions/full/mixed/resnet/seed_29/bandpass_n20001_cRA_LA_LL_independent_rms_s20.npz,76389,75478052e647adc0df63424adb95e22c6777b48bf609ce9d776539067b9af751
resnet,mixed,29,bandpass_n20001_cRA_LA_LL_independent_rms_s15,phase2/results/predictions/full/mixed/resnet/seed_29/bandpass_n20001_cRA_LA_LL_independent_rms_s15.npz,76374,b0f8ad91f801b1264a65a5f89ee70b1586ac26a4162b8e76afafd7e6bbfa9396
resnet,mixed,29,bandpass_n20001_cRA_LA_LL_independent_rms_s10,phase2/results/predictions/full/mixed/resnet/seed_29/bandpass_n20001_cRA_LA_LL_independent_rms_s10.npz,76286,3bf9371a764c7e0df2ba537dffd0e73c529f7000adc32de60cf26a37a67aa383
resnet,mixed,29,bandpass_n20001_cRA_LA_LL_independent_rms_s5,phase2/results/predictions/full/mixed/resnet/seed_29/bandpass_n20001_cRA_LA_LL_independent_rms_s5.npz,76091,dfea50eb0b67e2df3ed7b97aa37bc40ac6c626237e905ffed6d26d17da2ff9a6
resnet,mixed,29,bandpass_n20001_cRA_LA_LL_independent_rms_s0,phase2/results/predictions/full/mixed/resnet/seed_29/bandpass_n20001_cRA_LA_LL_independent_rms_s0.npz,75581,a35bda1ba0278e3a9624c40b551d4728f687b9ade3f8d8e97ba9fb2667454b18
resnet,mixed,29,bandpass_n20001_cRA_LA_LL_electrode_s20,phase2/results/predictions/full/mixed/resnet/seed_29/bandpass_n20001_cRA_LA_LL_electrode_s20.npz,76366,556d71e5c2500c5eea35f45acb8de2915b8d82db39614d57d4323b9237e3f804
resnet,mixed,29,bandpass_n20001_cRA_LA_LL_electrode_s15,phase2/results/predictions/full/mixed/resnet/seed_29/bandpass_n20001_cRA_LA_LL_electrode_s15.npz,76296,b48a0bf2dbdc0b5add7b9b5bcafa73b606ef8275567cd668d197267199d942f3
resnet,mixed,29,bandpass_n20001_cRA_LA_LL_electrode_s10,phase2/results/predictions/full/mixed/resnet/seed_29/bandpass_n20001_cRA_LA_LL_electrode_s10.npz,76241,71f039e4cdab18882b7a55f7d9500e9f441f2b5ea6156c7a3555021ad58eedd3
resnet,mixed,29,bandpass_n20001_cRA_LA_LL_electrode_s5,phase2/results/predictions/full/mixed/resnet/seed_29/bandpass_n20001_cRA_LA_LL_electrode_s5.npz,75965,106a2bb2796ec221096163f0e8ea63c30d0f5001830f8d8e2834fbaae7dd8e41
resnet,mixed,29,bandpass_n20001_cRA_LA_LL_electrode_s0,phase2/results/predictions/full/mixed/resnet/seed_29/bandpass_n20001_cRA_LA_LL_electrode_s0.npz,75457,bf674446660a4bddcbacbe87764f7aac311a0f5fb9ae1044e8899c851843f7b0
resnet,mixed,29,bandpass_n20001_cRA_LA_LL_covariance_s20,phase2/results/predictions/full/mixed/resnet/seed_29/bandpass_n20001_cRA_LA_LL_covariance_s20.npz,76341,e028aa93ee574a09f8a1076b1be04f8d00191cc8d842a40524329de594b5dc35
resnet,mixed,29,bandpass_n20001_cRA_LA_LL_covariance_s15,phase2/results/predictions/full/mixed/resnet/seed_29/bandpass_n20001_cRA_LA_LL_covariance_s15.npz,76332,94c18f95841a57de4708e5a34f91e5eb1e84e1b76f78c5f22b962c8f12adbd3b
resnet,mixed,29,bandpass_n20001_cRA_LA_LL_covariance_s10,phase2/results/predictions/full/mixed/resnet/seed_29/bandpass_n20001_cRA_LA_LL_covariance_s10.npz,76234,4b36a77fe99d6b70ad30387559fa4b2a7a495caf7945d57d5db01954ebbcb191
resnet,mixed,29,bandpass_n20001_cRA_LA_LL_covariance_s5,phase2/results/predictions/full/mixed/resnet/seed_29/bandpass_n20001_cRA_LA_LL_covariance_s5.npz,75969,82d023755e09819a1fcdbc1cff5d112eb2b46b580a094fd5dba817b0071f9a9a
resnet,mixed,29,bandpass_n20001_cRA_LA_LL_covariance_s0,phase2/results/predictions/full/mixed/resnet/seed_29/bandpass_n20001_cRA_LA_LL_covariance_s0.npz,75502,a63029d53e9a43de78e91a833f4e102cd69185ad4634ad65a75b7827091e1494
resnet,mixed,29,bandpass_n20001_cV1_independent_rms_s20,phase2/results/predictions/full/mixed/resnet/seed_29/bandpass_n20001_cV1_independent_rms_s20.npz,76373,90b8a849b68a84bf1aa7b0ef99280442e24cb8ee8ada86df84c48fc0382b01ec
resnet,mixed,29,bandpass_n20001_cV1_independent_rms_s15,phase2/results/predictions/full/mixed/resnet/seed_29/bandpass_n20001_cV1_independent_rms_s15.npz,76343,16af6ff1686a9de2a159bd1b88ca01c20f16e6a78ff097257ebdfce56cc0ae62
resnet,mixed,29,bandpass_n20001_cV1_independent_rms_s10,phase2/results/predictions/full/mixed/resnet/seed_29/bandpass_n20001_cV1_independent_rms_s10.npz,76302,fa15841f76b2ffaad6d8c9c233faacd17413f9b4084ffd6b1b37646184b11659
resnet,mixed,29,bandpass_n20001_cV1_independent_rms_s5,phase2/results/predictions/full/mixed/resnet/seed_29/bandpass_n20001_cV1_independent_rms_s5.npz,76064,66805417c58119ba2eae07dc6f821ddaa3679162932b13979498dcdb1976ee4e
resnet,mixed,29,bandpass_n20001_cV1_independent_rms_s0,phase2/results/predictions/full/mixed/resnet/seed_29/bandpass_n20001_cV1_independent_rms_s0.npz,75523,225fee55651cf692c756f004bb53797ce5c5b971c7a9d6a72faf58142cccbee2
resnet,mixed,29,bandpass_n20001_cV1_electrode_s20,phase2/results/predictions/full/mixed/resnet/seed_29/bandpass_n20001_cV1_electrode_s20.npz,76377,e8b8e5537d04a3f4020de2fa7f3663fc58713dd79468e670396d58a060556e7d
resnet,mixed,29,bandpass_n20001_cV1_electrode_s15,phase2/results/predictions/full/mixed/resnet/seed_29/bandpass_n20001_cV1_electrode_s15.npz,76354,ae971334af20313e272b8175c5f89de18957146133582616dbc576e5c5cdb321
resnet,mixed,29,bandpass_n20001_cV1_electrode_s10,phase2/results/predictions/full/mixed/resnet/seed_29/bandpass_n20001_cV1_electrode_s10.npz,76245,13d7b91bc03c7a880681e567f69b2834fb3fb04d45d9b0a76dc7d93cb596c3f1
resnet,mixed,29,bandpass_n20001_cV1_electrode_s5,phase2/results/predictions/full/mixed/resnet/seed_29/bandpass_n20001_cV1_electrode_s5.npz,76031,7329382c4ae06d5b8a0087853773b21579f7975e4fe5ca273a3013b8ab5cdc1a
resnet,mixed,29,bandpass_n20001_cV1_electrode_s0,phase2/results/predictions/full/mixed/resnet/seed_29/bandpass_n20001_cV1_electrode_s0.npz,75506,1aac87f85e125dee3e38b0fb7432caf8bc1a93132483a0b7e5b44bf6558feee0
resnet,mixed,29,bandpass_n20001_cV1_covariance_s20,phase2/results/predictions/full/mixed/resnet/seed_29/bandpass_n20001_cV1_covariance_s20.npz,76349,bca5da29a7cfc8c0f8dbd10c7d8a2c1b1c6f8554361fc9226bfefde4e6fe4fdf
resnet,mixed,29,bandpass_n20001_cV1_covariance_s15,phase2/results/predictions/full/mixed/resnet/seed_29/bandpass_n20001_cV1_covariance_s15.npz,76360,82e55e6e7f804a1153808e8b8ef3b52b23b807c62e1024c4a48b3172ad363fa1
resnet,mixed,29,bandpass_n20001_cV1_covariance_s10,phase2/results/predictions/full/mixed/resnet/seed_29/bandpass_n20001_cV1_covariance_s10.npz,76229,24f9b7227136e306d7b02039a95bdbeec037f399e0ee9531d1953443eddbcf51
resnet,mixed,29,bandpass_n20001_cV1_covariance_s5,phase2/results/predictions/full/mixed/resnet/seed_29/bandpass_n20001_cV1_covariance_s5.npz,76051,db96ab3b1587daa7819ee6b8f3fc19a2284c05b9d466d9e497d16d651032ecaf
resnet,mixed,29,bandpass_n20001_cV1_covariance_s0,phase2/results/predictions/full/mixed/resnet/seed_29/bandpass_n20001_cV1_covariance_s0.npz,75509,af2f573c5aa31e23bb0967df4647c6b95f7f1dd842fa0d258b048ea1d152c83f
resnet,mixed,29,bandpass_n20001_cV2_independent_rms_s20,phase2/results/predictions/full/mixed/resnet/seed_29/bandpass_n20001_cV2_independent_rms_s20.npz,76372,bc17c1c2142a10bf316a3f3f18428c5438bb8c32ef1411da181b8e4ad4749682
resnet,mixed,29,bandpass_n20001_cV2_independent_rms_s15,phase2/results/predictions/full/mixed/resnet/seed_29/bandpass_n20001_cV2_independent_rms_s15.npz,76384,92597ae9001ddba6da4b924ad52f4efc7d269777d0d243c9a13518fc2dfcf7b7
resnet,mixed,29,bandpass_n20001_cV2_independent_rms_s10,phase2/results/predictions/full/mixed/resnet/seed_29/bandpass_n20001_cV2_independent_rms_s10.npz,76264,1c67802a0cfd2699a6a162c54f7e8fa901a5492d9c24be324f0ba471e671cf82
resnet,mixed,29,bandpass_n20001_cV2_independent_rms_s5,phase2/results/predictions/full/mixed/resnet/seed_29/bandpass_n20001_cV2_independent_rms_s5.npz,76084,ddf803e7b376e38f63cae7183c2c822b1034fc65e29d738b4dcfefab96bc7535
resnet,mixed,29,bandpass_n20001_cV2_independent_rms_s0,phase2/results/predictions/full/mixed/resnet/seed_29/bandpass_n20001_cV2_independent_rms_s0.npz,75555,82de53e519839fede8ac96b971e6227e648bc11202e0142e79a126ece40020cb
resnet,mixed,29,bandpass_n20001_cV2_electrode_s20,phase2/results/predictions/full/mixed/resnet/seed_29/bandpass_n20001_cV2_electrode_s20.npz,76372,1bdd49e6d28e3cbe751a66e038a98b1480b622ae0713bc0838bc8cff9c82dea6
resnet,mixed,29,bandpass_n20001_cV2_electrode_s15,phase2/results/predictions/full/mixed/resnet/seed_29/bandpass_n20001_cV2_electrode_s15.npz,76326,8b12ff4d9d57b425676aa5294a0aee4dae8f4b46d346ac31c094a4212b9c7691
resnet,mixed,29,bandpass_n20001_cV2_electrode_s10,phase2/results/predictions/full/mixed/resnet/seed_29/bandpass_n20001_cV2_electrode_s10.npz,76285,c553bc0da4da7b136255cc4353201e2424994c86dd0e4b59349b14973cc3fb66
resnet,mixed,29,bandpass_n20001_cV2_electrode_s5,phase2/results/predictions/full/mixed/resnet/seed_29/bandpass_n20001_cV2_electrode_s5.npz,76111,3df9d6248aa2aec08f4e407e576d55419ba2683854df812f9a5aabed15d48e93
resnet,mixed,29,bandpass_n20001_cV2_electrode_s0,phase2/results/predictions/full/mixed/resnet/seed_29/bandpass_n20001_cV2_electrode_s0.npz,75567,fb106b261d7031f91c50061173c32c2c8d4fccaf87631cf9179f392cfb0ebe6a
resnet,mixed,29,bandpass_n20001_cV2_covariance_s20,phase2/results/predictions/full/mixed/resnet/seed_29/bandpass_n20001_cV2_covariance_s20.npz,76331,ca632251638ef78b88a99bc731b49be8743905297eeb384db768cbe4fbb43de6
resnet,mixed,29,bandpass_n20001_cV2_covariance_s15,phase2/results/predictions/full/mixed/resnet/seed_29/bandpass_n20001_cV2_covariance_s15.npz,76372,8585129923809e0f93b9ecedc5d442053950f980ac0e6bf3de456ea5c69999c8
resnet,mixed,29,bandpass_n20001_cV2_covariance_s10,phase2/results/predictions/full/mixed/resnet/seed_29/bandpass_n20001_cV2_covariance_s10.npz,76278,d4cbf6692dd551dfeb54d6c27de4ed74520240e1b9d2d02d6ea6d005c126ab3a
resnet,mixed,29,bandpass_n20001_cV2_covariance_s5,phase2/results/predictions/full/mixed/resnet/seed_29/bandpass_n20001_cV2_covariance_s5.npz,76080,f334d046ead2c0813cfc879345f35b2820744ef3bafeeec7c6bd2300c2fbc824
resnet,mixed,29,bandpass_n20001_cV2_covariance_s0,phase2/results/predictions/full/mixed/resnet/seed_29/bandpass_n20001_cV2_covariance_s0.npz,75554,24fa11a8b71e99d0ecbd33abc550d95ef3f3de13edb39e096814375b8759ddc1
resnet,mixed,29,bandpass_n20001_cV3_independent_rms_s20,phase2/results/predictions/full/mixed/resnet/seed_29/bandpass_n20001_cV3_independent_rms_s20.npz,76397,5a1068d348ba43ec51dd7b8d8a2aab27231e908f200d18143a05fbc5c3120ff6
resnet,mixed,29,bandpass_n20001_cV3_independent_rms_s15,phase2/results/predictions/full/mixed/resnet/seed_29/bandpass_n20001_cV3_independent_rms_s15.npz,76371,ffe377e6c35eda3d3e6f973e95a06ece1a344a4b1bbdff72c6bb91f0ecd9ed72
resnet,mixed,29,bandpass_n20001_cV3_independent_rms_s10,phase2/results/predictions/full/mixed/resnet/seed_29/bandpass_n20001_cV3_independent_rms_s10.npz,76368,dff39bba823da288cd7e0206db00b575d2f91a256fd512357f4e3dd3f6942adc
resnet,mixed,29,bandpass_n20001_cV3_independent_rms_s5,phase2/results/predictions/full/mixed/resnet/seed_29/bandpass_n20001_cV3_independent_rms_s5.npz,76208,c2e9d1b7ef1ce8120d46cd0c4fcf44ae59d28150397bd1f23b4e6bb9f30bb895
resnet,mixed,29,bandpass_n20001_cV3_independent_rms_s0,phase2/results/predictions/full/mixed/resnet/seed_29/bandpass_n20001_cV3_independent_rms_s0.npz,75943,964e01bc8b1a2f7c6eef79f1596f5aa3bfd9a4811b1b9bd22dff5a10e486dfbd
resnet,mixed,29,bandpass_n20001_cV3_electrode_s20,phase2/results/predictions/full/mixed/resnet/seed_29/bandpass_n20001_cV3_electrode_s20.npz,76375,5eb942243b3cca0d18d47cd82738510a96ef15e90e3823d2b9b348176a3559e0
resnet,mixed,29,bandpass_n20001_cV3_electrode_s15,phase2/results/predictions/full/mixed/resnet/seed_29/bandpass_n20001_cV3_electrode_s15.npz,76365,3decf99f5904cfbf94b9a1716a2e709f1f57a625093426397400ead38d1e09b5
resnet,mixed,29,bandpass_n20001_cV3_electrode_s10,phase2/results/predictions/full/mixed/resnet/seed_29/bandpass_n20001_cV3_electrode_s10.npz,76324,97f443279f0d55db98ef6b696f87ced3d24627ca406cfc2d1a1ea7cff912011d
resnet,mixed,29,bandpass_n20001_cV3_electrode_s5,phase2/results/predictions/full/mixed/resnet/seed_29/bandpass_n20001_cV3_electrode_s5.npz,76212,f9627e1b742ebcd00b0b48aaf4bd035d7e49df91c79fe1ed5ca3fcde91f58648
resnet,mixed,29,bandpass_n20001_cV3_electrode_s0,phase2/results/predictions/full/mixed/resnet/seed_29/bandpass_n20001_cV3_electrode_s0.npz,75911,d56d78042eeb50a23268e6e3ab9fab3540761e7187c039d0ea83441ef30bf68b
resnet,mixed,29,bandpass_n20001_cV3_covariance_s20,phase2/results/predictions/full/mixed/resnet/seed_29/bandpass_n20001_cV3_covariance_s20.npz,76353,b86521b13334cd038437540649eb9f90b9023c976d5ed68f8cc38c39547989c7
resnet,mixed,29,bandpass_n20001_cV3_covariance_s15,phase2/results/predictions/full/mixed/resnet/seed_29/bandpass_n20001_cV3_covariance_s15.npz,76383,ac00a3fb8d88a1ac2468995a520df20dfb3de573f81eda5a57cf6f91b0acc5eb
resnet,mixed,29,bandpass_n20001_cV3_covariance_s10,phase2/results/predictions/full/mixed/resnet/seed_29/bandpass_n20001_cV3_covariance_s10.npz,76347,eaecf6e0a31ea39eef2b757a196ee709e7bb1dadc807255eee0a6882c749f2a9
resnet,mixed,29,bandpass_n20001_cV3_covariance_s5,phase2/results/predictions/full/mixed/resnet/seed_29/bandpass_n20001_cV3_covariance_s5.npz,76243,035bf000e36d8e4fa14a87f69573417439bba645ae7c877439291a4f63555c07
resnet,mixed,29,bandpass_n20001_cV3_covariance_s0,phase2/results/predictions/full/mixed/resnet/seed_29/bandpass_n20001_cV3_covariance_s0.npz,75896,14249de1284237daef6f4e4dd94f3d9f217ae977f0e52a1b9b5fcb3d3477b2a3
resnet,mixed,29,bandpass_n20001_cV4_independent_rms_s20,phase2/results/predictions/full/mixed/resnet/seed_29/bandpass_n20001_cV4_independent_rms_s20.npz,76384,df88b40ce38845589c6f781bfb0308e2b117118e8d011ee65822650decc64f55
resnet,mixed,29,bandpass_n20001_cV4_independent_rms_s15,phase2/results/predictions/full/mixed/resnet/seed_29/bandpass_n20001_cV4_independent_rms_s15.npz,76372,143d8033b847edf3b78b85a9b7ba9949ab96b76dd17e8f1e93d937e5619ebfb5
resnet,mixed,29,bandpass_n20001_cV4_independent_rms_s10,phase2/results/predictions/full/mixed/resnet/seed_29/bandpass_n20001_cV4_independent_rms_s10.npz,76325,30110e1e7f8645ce5c2b98438ddcfb1a502ccf653bdc9055a9414d2ebbccdbc6
resnet,mixed,29,bandpass_n20001_cV4_independent_rms_s5,phase2/results/predictions/full/mixed/resnet/seed_29/bandpass_n20001_cV4_independent_rms_s5.npz,76202,ce5ff87435d8015c16673647a7e7ccbb3f783e1578b45a4ae07c628274ad6739
resnet,mixed,29,bandpass_n20001_cV4_independent_rms_s0,phase2/results/predictions/full/mixed/resnet/seed_29/bandpass_n20001_cV4_independent_rms_s0.npz,75855,7ab73eefd5a95f13f2aad6bb32082d13744fbcf01359ece8942d9c9d27c3b8c4
resnet,mixed,29,bandpass_n20001_cV4_electrode_s20,phase2/results/predictions/full/mixed/resnet/seed_29/bandpass_n20001_cV4_electrode_s20.npz,76390,3c45525abe33e4ca3b87873ce7179579504e29caa166eb868552410257434097
resnet,mixed,29,bandpass_n20001_cV4_electrode_s15,phase2/results/predictions/full/mixed/resnet/seed_29/bandpass_n20001_cV4_electrode_s15.npz,76384,f3296e3777cae90e04c69035e2476a6acb071c0ebdc0f683bfd857dc18eda9ff
resnet,mixed,29,bandpass_n20001_cV4_electrode_s10,phase2/results/predictions/full/mixed/resnet/seed_29/bandpass_n20001_cV4_electrode_s10.npz,76300,b0a98ae63cd5d943bc345183cafcf7a0c6ca3e6bba56e0e88c635bf6e51f3472
resnet,mixed,29,bandpass_n20001_cV4_electrode_s5,phase2/results/predictions/full/mixed/resnet/seed_29/bandpass_n20001_cV4_electrode_s5.npz,76187,31a7533e1b58a60dab2367a5766cc8da9df74e1b434fdcb702b3356e06c88a0a
resnet,mixed,29,bandpass_n20001_cV4_electrode_s0,phase2/results/predictions/full/mixed/resnet/seed_29/bandpass_n20001_cV4_electrode_s0.npz,75806,ae75df69feb41ef8cced9c9fbb6efb369adf876ad551d5f9ff45bd31687012c0
resnet,mixed,29,bandpass_n20001_cV4_covariance_s20,phase2/results/predictions/full/mixed/resnet/seed_29/bandpass_n20001_cV4_covariance_s20.npz,76364,76e34af1f97b2a604c414a500293676801dd83105d8cb2fb0ecc8a2979a65281
resnet,mixed,29,bandpass_n20001_cV4_covariance_s15,phase2/results/predictions/full/mixed/resnet/seed_29/bandpass_n20001_cV4_covariance_s15.npz,76337,012844216576196f4c1f04893c1da7b2251bf220a0f8d891149bd327b03f475d
resnet,mixed,29,bandpass_n20001_cV4_covariance_s10,phase2/results/predictions/full/mixed/resnet/seed_29/bandpass_n20001_cV4_covariance_s10.npz,76302,40633ab335bb4cca40f181801deb56cd93c440704d90c83d032d35024e1cd0d8
resnet,mixed,29,bandpass_n20001_cV4_covariance_s5,phase2/results/predictions/full/mixed/resnet/seed_29/bandpass_n20001_cV4_covariance_s5.npz,76184,1830ea44334d96712b39352e7dd01ccb181bc765fc33e4c1861f471e51779950
resnet,mixed,29,bandpass_n20001_cV4_covariance_s0,phase2/results/predictions/full/mixed/resnet/seed_29/bandpass_n20001_cV4_covariance_s0.npz,75787,325ccd5552f3e3491ae034e9ec7b7d763af0362e7dbaae0a4bc8df95aaaf8bf7
resnet,mixed,29,bandpass_n20001_cV5_independent_rms_s20,phase2/results/predictions/full/mixed/resnet/seed_29/bandpass_n20001_cV5_independent_rms_s20.npz,76382,93b3dc706a19b4599d10abfae90e9eaee35f4607181062b801ae75dd599621fd
resnet,mixed,29,bandpass_n20001_cV5_independent_rms_s15,phase2/results/predictions/full/mixed/resnet/seed_29/bandpass_n20001_cV5_independent_rms_s15.npz,76349,30e8f20f8da60cbf09535c4e747a293b35e9f4510810338ddd89aa394c428688
resnet,mixed,29,bandpass_n20001_cV5_independent_rms_s10,phase2/results/predictions/full/mixed/resnet/seed_29/bandpass_n20001_cV5_independent_rms_s10.npz,76298,99b56de0f6c82ca5d33087cf0a35b14a2b1ce85272168e70b71ccffe1731df14
resnet,mixed,29,bandpass_n20001_cV5_independent_rms_s5,phase2/results/predictions/full/mixed/resnet/seed_29/bandpass_n20001_cV5_independent_rms_s5.npz,76142,95a512a3b06e8bc5d66e8445293db0d3aae7f19d054cc3677c6feb49b5d12ce8
resnet,mixed,29,bandpass_n20001_cV5_independent_rms_s0,phase2/results/predictions/full/mixed/resnet/seed_29/bandpass_n20001_cV5_independent_rms_s0.npz,75628,7c091489fb181183f4ab34df1d0a64675a6e98711e17e3d9be477ec9368b3da1
resnet,mixed,29,bandpass_n20001_cV5_electrode_s20,phase2/results/predictions/full/mixed/resnet/seed_29/bandpass_n20001_cV5_electrode_s20.npz,76329,0a58e98047db4e6cda63f84b6e9f9e3042ff868e4c1920aeb60ba906ec5540cc
resnet,mixed,29,bandpass_n20001_cV5_electrode_s15,phase2/results/predictions/full/mixed/resnet/seed_29/bandpass_n20001_cV5_electrode_s15.npz,76359,ab6a0e0cc6189ac517042deb89d16bc6a3bb569a5b091e458065967798f086ec
resnet,mixed,29,bandpass_n20001_cV5_electrode_s10,phase2/results/predictions/full/mixed/resnet/seed_29/bandpass_n20001_cV5_electrode_s10.npz,76293,756371fb69432ff6f5c785624a113bd2c6c5f700a39d862223d5c2fe6b0746f5
resnet,mixed,29,bandpass_n20001_cV5_electrode_s5,phase2/results/predictions/full/mixed/resnet/seed_29/bandpass_n20001_cV5_electrode_s5.npz,76124,cd5d0e2f6ccb4ce6580464f8a493764e070595ef929a53c16d575bfe383fe713
resnet,mixed,29,bandpass_n20001_cV5_electrode_s0,phase2/results/predictions/full/mixed/resnet/seed_29/bandpass_n20001_cV5_electrode_s0.npz,75601,b30711c2154302b1c1fe837afe07f58f036d3c118638d620af48d13af569cba6
resnet,mixed,29,bandpass_n20001_cV5_covariance_s20,phase2/results/predictions/full/mixed/resnet/seed_29/bandpass_n20001_cV5_covariance_s20.npz,76368,c01cea63b2c08c67524c547ef039458fee5647ac6289091d44422acb14c3f538
resnet,mixed,29,bandpass_n20001_cV5_covariance_s15,phase2/results/predictions/full/mixed/resnet/seed_29/bandpass_n20001_cV5_covariance_s15.npz,76390,260a331ada10b9aba7fc9ceb2f039e11c2006f7e300a0d6e99b4c3c81ad3f64f
resnet,mixed,29,bandpass_n20001_cV5_covariance_s10,phase2/results/predictions/full/mixed/resnet/seed_29/bandpass_n20001_cV5_covariance_s10.npz,76302,16eacd586ffde965a801222583b67f3c9360223f245dd80cc3b52689551c2587
resnet,mixed,29,bandpass_n20001_cV5_covariance_s5,phase2/results/predictions/full/mixed/resnet/seed_29/bandpass_n20001_cV5_covariance_s5.npz,76078,fac52a387ba5341f6d2047d74a4db00de0f964f3f935c2d7e76b371144b39691
resnet,mixed,29,bandpass_n20001_cV5_covariance_s0,phase2/results/predictions/full/mixed/resnet/seed_29/bandpass_n20001_cV5_covariance_s0.npz,75618,2f8f274f4be844a6459e836514f3b6511171a633a5b6af3427070e6a9253e998
resnet,mixed,29,bandpass_n20001_cV6_independent_rms_s20,phase2/results/predictions/full/mixed/resnet/seed_29/bandpass_n20001_cV6_independent_rms_s20.npz,76375,afd4cf842e6555c7a4c27593ed074ed37cd2e836ca80ab2f04807ae7d078d9a2
resnet,mixed,29,bandpass_n20001_cV6_independent_rms_s15,phase2/results/predictions/full/mixed/resnet/seed_29/bandpass_n20001_cV6_independent_rms_s15.npz,76376,152aa7413107fe901e2bf44e997811030f8e031c55c7ba36a9247b4cf5afb1fe
resnet,mixed,29,bandpass_n20001_cV6_independent_rms_s10,phase2/results/predictions/full/mixed/resnet/seed_29/bandpass_n20001_cV6_independent_rms_s10.npz,76331,a3ee9d106fa843f8da2c7c869aeda7d139cf551a703e1e1e257ede3bfadd69c3
resnet,mixed,29,bandpass_n20001_cV6_independent_rms_s5,phase2/results/predictions/full/mixed/resnet/seed_29/bandpass_n20001_cV6_independent_rms_s5.npz,76179,af91b0c83d6718fd39a997e397d6202b39847f417103246e16ad16e4fb848dbb
resnet,mixed,29,bandpass_n20001_cV6_independent_rms_s0,phase2/results/predictions/full/mixed/resnet/seed_29/bandpass_n20001_cV6_independent_rms_s0.npz,75785,d67045d283998ab054d1aff42d8d1f776f9b0c4b43e45c62dfe0f7a80dae0412
resnet,mixed,29,bandpass_n20001_cV6_electrode_s20,phase2/results/predictions/full/mixed/resnet/seed_29/bandpass_n20001_cV6_electrode_s20.npz,76378,19f2e3e8cb5249e076eaddb23779067e190fdbb96a55330f0c8782f390fc8467
resnet,mixed,29,bandpass_n20001_cV6_electrode_s15,phase2/results/predictions/full/mixed/resnet/seed_29/bandpass_n20001_cV6_electrode_s15.npz,76351,fe6080d64cf9072cd1b175610963dd44b15febd21f540f397fd2c92cbabcac82
resnet,mixed,29,bandpass_n20001_cV6_electrode_s10,phase2/results/predictions/full/mixed/resnet/seed_29/bandpass_n20001_cV6_electrode_s10.npz,76283,1bded573d14c330326d79ff9940997e9ad132ac625249811ecce1e1247e557dd
resnet,mixed,29,bandpass_n20001_cV6_electrode_s5,phase2/results/predictions/full/mixed/resnet/seed_29/bandpass_n20001_cV6_electrode_s5.npz,76146,1ee410fca4b528c4b6b026c2ddbb39757efb8676f9c670587fba3a8acc124200
resnet,mixed,29,bandpass_n20001_cV6_electrode_s0,phase2/results/predictions/full/mixed/resnet/seed_29/bandpass_n20001_cV6_electrode_s0.npz,75803,f650ee602bbf0208a00ab399f0ae880f7d691bc964db33a6966e7226d851a0a1
resnet,mixed,29,bandpass_n20001_cV6_covariance_s20,phase2/results/predictions/full/mixed/resnet/seed_29/bandpass_n20001_cV6_covariance_s20.npz,76356,703ff6f0fcb11d3e17fa258b99d49414af3c6bbc466a7617e31433df13abd3ef
resnet,mixed,29,bandpass_n20001_cV6_covariance_s15,phase2/results/predictions/full/mixed/resnet/seed_29/bandpass_n20001_cV6_covariance_s15.npz,76388,12d19660e1cb61208364ad622f6fcf3e34ec489ef8eb6b1e525825c217da8b25
resnet,mixed,29,bandpass_n20001_cV6_covariance_s10,phase2/results/predictions/full/mixed/resnet/seed_29/bandpass_n20001_cV6_covariance_s10.npz,76297,d824718806be658c72b109868e8b8d4dbf6ead098528a15e4fb9ef584b79bd67
resnet,mixed,29,bandpass_n20001_cV6_covariance_s5,phase2/results/predictions/full/mixed/resnet/seed_29/bandpass_n20001_cV6_covariance_s5.npz,76152,ecc5a013765bf637e578e791935c0d9b6ea75d9bd9e930b9a7a3624def288cd1
resnet,mixed,29,bandpass_n20001_cV6_covariance_s0,phase2/results/predictions/full/mixed/resnet/seed_29/bandpass_n20001_cV6_covariance_s0.npz,75744,f65f229840df1eb4fb8ca1e82d8db0c98cdeb4107c0b1e1b139f04b96f416b0a
resnet,mixed,29,bandpass_n20001_cRA_LA_independent_rms_s20,phase2/results/predictions/full/mixed/resnet/seed_29/bandpass_n20001_cRA_LA_independent_rms_s20.npz,76352,3879bdc32cc661e1ef08b3a747e31852a4a653b0efdc51dd76b1101cf37d7fc9
resnet,mixed,29,bandpass_n20001_cRA_LA_independent_rms_s15,phase2/results/predictions/full/mixed/resnet/seed_29/bandpass_n20001_cRA_LA_independent_rms_s15.npz,76306,5c4e866b630833a55184571230da29e7c218eb4d1c5fae2bf8c1604514aeb5d9
resnet,mixed,29,bandpass_n20001_cRA_LA_independent_rms_s10,phase2/results/predictions/full/mixed/resnet/seed_29/bandpass_n20001_cRA_LA_independent_rms_s10.npz,76302,de8aaf8309111ae828779f0a810831f4c171cb8e2e756384b5c01db5d7653818
resnet,mixed,29,bandpass_n20001_cRA_LA_independent_rms_s5,phase2/results/predictions/full/mixed/resnet/seed_29/bandpass_n20001_cRA_LA_independent_rms_s5.npz,76079,701f4b401fc70d45f5cabae58a397fe58645f00271a92a484ca57e4cd7a641bf
resnet,mixed,29,bandpass_n20001_cRA_LA_independent_rms_s0,phase2/results/predictions/full/mixed/resnet/seed_29/bandpass_n20001_cRA_LA_independent_rms_s0.npz,75590,c913e42c8a8d176c20eae05b08a8c20c164c01586b7151997de0dce398a05549
resnet,mixed,29,bandpass_n20001_cRA_LA_electrode_s20,phase2/results/predictions/full/mixed/resnet/seed_29/bandpass_n20001_cRA_LA_electrode_s20.npz,76360,fcecf0ffca89430ed25e457fd3c5e9813992a5013221dc5cc052dbdcdff07193
resnet,mixed,29,bandpass_n20001_cRA_LA_electrode_s15,phase2/results/predictions/full/mixed/resnet/seed_29/bandpass_n20001_cRA_LA_electrode_s15.npz,76321,4dd1ecb385e2a653f0f2c79578afdcbf9851517d6008aeab302580be58a07c22
resnet,mixed,29,bandpass_n20001_cRA_LA_electrode_s10,phase2/results/predictions/full/mixed/resnet/seed_29/bandpass_n20001_cRA_LA_electrode_s10.npz,76234,a5ccf0419e23a29e3dfd6a559d30ba19834f302446e358eadf4431ea1cd8681d
resnet,mixed,29,bandpass_n20001_cRA_LA_electrode_s5,phase2/results/predictions/full/mixed/resnet/seed_29/bandpass_n20001_cRA_LA_electrode_s5.npz,75976,ddfcead58262f99569c264e429b4dd09578b80b4c0ab3043a0a7f7a4ff9bc7a9
resnet,mixed,29,bandpass_n20001_cRA_LA_electrode_s0,phase2/results/predictions/full/mixed/resnet/seed_29/bandpass_n20001_cRA_LA_electrode_s0.npz,75414,d1317189cabebfc4a95091d54a7c81dba5a143e0cb4b28fb3d4d2c8e822048d2
resnet,mixed,29,bandpass_n20001_cRA_LA_covariance_s20,phase2/results/predictions/full/mixed/resnet/seed_29/bandpass_n20001_cRA_LA_covariance_s20.npz,76361,110e219e31927121ac33eb20a1d6f78599ea714594a6585d54391dff14dd56bb
resnet,mixed,29,bandpass_n20001_cRA_LA_covariance_s15,phase2/results/predictions/full/mixed/resnet/seed_29/bandpass_n20001_cRA_LA_covariance_s15.npz,76334,281822f42395d0f00885f3632090fa2df3998c867c5f1aff6805f8a11ad7860d
resnet,mixed,29,bandpass_n20001_cRA_LA_covariance_s10,phase2/results/predictions/full/mixed/resnet/seed_29/bandpass_n20001_cRA_LA_covariance_s10.npz,76259,3ee65e6e9c75a4f5c37b3b0e9725e82bbffd1cfe0f9791d8e417c6a57d699021
resnet,mixed,29,bandpass_n20001_cRA_LA_covariance_s5,phase2/results/predictions/full/mixed/resnet/seed_29/bandpass_n20001_cRA_LA_covariance_s5.npz,75968,0b3f6c64f490066d44f93c09595df2275593c3f6c5ac60d242c7ec555bd87d8c
resnet,mixed,29,bandpass_n20001_cRA_LA_covariance_s0,phase2/results/predictions/full/mixed/resnet/seed_29/bandpass_n20001_cRA_LA_covariance_s0.npz,75413,7f271cd6499606164e94b585906a9dca90357f8f93c00b7e1b92a797059eb5d9
resnet,mixed,29,bandpass_n20001_cLA_LL_independent_rms_s20,phase2/results/predictions/full/mixed/resnet/seed_29/bandpass_n20001_cLA_LL_independent_rms_s20.npz,76362,a80b1b4917a74fa4f91ad1ff7813f8fc07c51a9d75e331e77f195e242a5110fa
resnet,mixed,29,bandpass_n20001_cLA_LL_independent_rms_s15,phase2/results/predictions/full/mixed/resnet/seed_29/bandpass_n20001_cLA_LL_independent_rms_s15.npz,76358,afb27faecb251cbb01e3dc558ad0b3d6c8afd9d3bf5e2c486c2a2b02f734ce71
resnet,mixed,29,bandpass_n20001_cLA_LL_independent_rms_s10,phase2/results/predictions/full/mixed/resnet/seed_29/bandpass_n20001_cLA_LL_independent_rms_s10.npz,76290,9408f4c3c33e3938c56d38e6016e6826e6444361755a8907142af702f0d89e39
resnet,mixed,29,bandpass_n20001_cLA_LL_independent_rms_s5,phase2/results/predictions/full/mixed/resnet/seed_29/bandpass_n20001_cLA_LL_independent_rms_s5.npz,76094,bd57a45ad83aa174241487ca6c87d707f9bdc9ad695f2d2312842beb96a28ff5
resnet,mixed,29,bandpass_n20001_cLA_LL_independent_rms_s0,phase2/results/predictions/full/mixed/resnet/seed_29/bandpass_n20001_cLA_LL_independent_rms_s0.npz,75615,d44343e476168b5edc0352c060ce69c48dc7506c9fc8785bbcf87e1e5f3f1bfc
resnet,mixed,29,bandpass_n20001_cLA_LL_electrode_s20,phase2/results/predictions/full/mixed/resnet/seed_29/bandpass_n20001_cLA_LL_electrode_s20.npz,76358,884cf05f97dc40c63481cb38a5ca59730ed062c6f849057c26f1157aae9e82ff
resnet,mixed,29,bandpass_n20001_cLA_LL_electrode_s15,phase2/results/predictions/full/mixed/resnet/seed_29/bandpass_n20001_cLA_LL_electrode_s15.npz,76330,a602fd4b80ffc3154231bfa2dfd32db6d83823fcd4e137f29af54a59459deacf
resnet,mixed,29,bandpass_n20001_cLA_LL_electrode_s10,phase2/results/predictions/full/mixed/resnet/seed_29/bandpass_n20001_cLA_LL_electrode_s10.npz,76248,45c828cc06e9c71af66276e29c45ccd8c7beb2d6e28b1da5ec4e26d7189fbed3
resnet,mixed,29,bandpass_n20001_cLA_LL_electrode_s5,phase2/results/predictions/full/mixed/resnet/seed_29/bandpass_n20001_cLA_LL_electrode_s5.npz,75990,30e0d2ce50a2b140fed59c776ac53280d3931334cd16e65798530e30f05aa4ab
resnet,mixed,29,bandpass_n20001_cLA_LL_electrode_s0,phase2/results/predictions/full/mixed/resnet/seed_29/bandpass_n20001_cLA_LL_electrode_s0.npz,75563,cd83728128f1a055fb397fcb4fc925b50a2923518ae21815346d972d8be23727
resnet,mixed,29,bandpass_n20001_cLA_LL_covariance_s20,phase2/results/predictions/full/mixed/resnet/seed_29/bandpass_n20001_cLA_LL_covariance_s20.npz,76372,7abb178d3860c6174f48e0ee7e7b46794ed512931d7b182a855148117dae09d6
resnet,mixed,29,bandpass_n20001_cLA_LL_covariance_s15,phase2/results/predictions/full/mixed/resnet/seed_29/bandpass_n20001_cLA_LL_covariance_s15.npz,76347,c03c51fc19dbfec2148e0d04a03f049b9d741cc00b7797be96e521ce1c8bb704
resnet,mixed,29,bandpass_n20001_cLA_LL_covariance_s10,phase2/results/predictions/full/mixed/resnet/seed_29/bandpass_n20001_cLA_LL_covariance_s10.npz,76220,fb5c6ad2545b029197f3ea29e35551997d00439b41e0dac99fce929c34a27a96
resnet,mixed,29,bandpass_n20001_cLA_LL_covariance_s5,phase2/results/predictions/full/mixed/resnet/seed_29/bandpass_n20001_cLA_LL_covariance_s5.npz,75986,bfdb4249b4ee76cc16c129190e2217a0b73565f06233f2de2b705986f452f68e
resnet,mixed,29,bandpass_n20001_cLA_LL_covariance_s0,phase2/results/predictions/full/mixed/resnet/seed_29/bandpass_n20001_cLA_LL_covariance_s0.npz,75547,e3d4dfb5aeb30f47f65b1b1b61e76092fadf06666ee6a1c38cc29760427ddf87
resnet,mixed,29,bandpass_n20001_cRA_LL_independent_rms_s20,phase2/results/predictions/full/mixed/resnet/seed_29/bandpass_n20001_cRA_LL_independent_rms_s20.npz,76406,b33c6030054851de16cb28680493bdea5a4c390d793d87adbccbeb5693c65dcd
resnet,mixed,29,bandpass_n20001_cRA_LL_independent_rms_s15,phase2/results/predictions/full/mixed/resnet/seed_29/bandpass_n20001_cRA_LL_independent_rms_s15.npz,76378,3984f06e95545064a955936ccbfc0def63abecf287f7b32091fa8f47cf190625
resnet,mixed,29,bandpass_n20001_cRA_LL_independent_rms_s10,phase2/results/predictions/full/mixed/resnet/seed_29/bandpass_n20001_cRA_LL_independent_rms_s10.npz,76328,f186f276607523c9ad3f7215be507c2127daaac7738fd751b59cee51c8faa535
resnet,mixed,29,bandpass_n20001_cRA_LL_independent_rms_s5,phase2/results/predictions/full/mixed/resnet/seed_29/bandpass_n20001_cRA_LL_independent_rms_s5.npz,76078,89a997b7b1c264b6427c3713ae95081f14547e329ec559569025bccf2e0e7a05
resnet,mixed,29,bandpass_n20001_cRA_LL_independent_rms_s0,phase2/results/predictions/full/mixed/resnet/seed_29/bandpass_n20001_cRA_LL_independent_rms_s0.npz,75618,281a39b520ca5fc582d6f5ada379322aa0193748650e58f508767d6a6f866af1
resnet,mixed,29,bandpass_n20001_cRA_LL_electrode_s20,phase2/results/predictions/full/mixed/resnet/seed_29/bandpass_n20001_cRA_LL_electrode_s20.npz,76356,17e2796b84929072a6d2a411895dbeba4a59e2318af25eca034c174743bd8c46
resnet,mixed,29,bandpass_n20001_cRA_LL_electrode_s15,phase2/results/predictions/full/mixed/resnet/seed_29/bandpass_n20001_cRA_LL_electrode_s15.npz,76328,60c66ac290e5386cc5bfb61e9d7595fb247b1ceef19afab44f2f7817ee70ca67
resnet,mixed,29,bandpass_n20001_cRA_LL_electrode_s10,phase2/results/predictions/full/mixed/resnet/seed_29/bandpass_n20001_cRA_LL_electrode_s10.npz,76239,6600498813f301397fb9429497ad44e84ff420e557d6f14143b1c0f390c4bf20
resnet,mixed,29,bandpass_n20001_cRA_LL_electrode_s5,phase2/results/predictions/full/mixed/resnet/seed_29/bandpass_n20001_cRA_LL_electrode_s5.npz,75970,e0621f25f882e44011372d556c89e485f3de72d3594dcb8bbe629f4de38551ed
resnet,mixed,29,bandpass_n20001_cRA_LL_electrode_s0,phase2/results/predictions/full/mixed/resnet/seed_29/bandpass_n20001_cRA_LL_electrode_s0.npz,75467,14211a4c295c3b5e290798e3e223b72b5e15968c3baedf1fc50b492bb2f5f150
resnet,mixed,29,bandpass_n20001_cRA_LL_covariance_s20,phase2/results/predictions/full/mixed/resnet/seed_29/bandpass_n20001_cRA_LL_covariance_s20.npz,76366,3c863b895f3b43f76be0aa5a46ad2ca5a4e500d0c8c3ac52915f7b02c634b2dc
resnet,mixed,29,bandpass_n20001_cRA_LL_covariance_s15,phase2/results/predictions/full/mixed/resnet/seed_29/bandpass_n20001_cRA_LL_covariance_s15.npz,76350,24655f48f9e903fd606a422bd1b4f1eadbf93abac1dad51c93c3f41d3625b8ee
resnet,mixed,29,bandpass_n20001_cRA_LL_covariance_s10,phase2/results/predictions/full/mixed/resnet/seed_29/bandpass_n20001_cRA_LL_covariance_s10.npz,76229,17a8aaa1272bb1ed8f31966fceb0397254c4cf0bf0d8321eb07ff697a00f5446
resnet,mixed,29,bandpass_n20001_cRA_LL_covariance_s5,phase2/results/predictions/full/mixed/resnet/seed_29/bandpass_n20001_cRA_LL_covariance_s5.npz,75970,2f75e140bddad40ad977a0472eb8513536202b34f5a5ffd82e2154637e98fd32
resnet,mixed,29,bandpass_n20001_cRA_LL_covariance_s0,phase2/results/predictions/full/mixed/resnet/seed_29/bandpass_n20001_cRA_LL_covariance_s0.npz,75495,ee35d1a70cfbfe6d2d2ecd65d10991fcf585f3d994d09e343e714628d22354f2
resnet,mixed,29,bandpass_n20001_cRA_independent_rms_s20,phase2/results/predictions/full/mixed/resnet/seed_29/bandpass_n20001_cRA_independent_rms_s20.npz,76408,d23707c5c699a2ad9a8889c23bd0452292cbeaa26da352815e623fddee228b46
resnet,mixed,29,bandpass_n20001_cRA_independent_rms_s15,phase2/results/predictions/full/mixed/resnet/seed_29/bandpass_n20001_cRA_independent_rms_s15.npz,76367,f62bf76625f2f1b171ff1c333706de09328b81a56b919a66bfd1d10d1fbb689e
resnet,mixed,29,bandpass_n20001_cRA_independent_rms_s10,phase2/results/predictions/full/mixed/resnet/seed_29/bandpass_n20001_cRA_independent_rms_s10.npz,76310,13f2c2e6fd2f30128e86ff0c24a4c255f5b07d414340d09943be1af84af6e65f
resnet,mixed,29,bandpass_n20001_cRA_independent_rms_s5,phase2/results/predictions/full/mixed/resnet/seed_29/bandpass_n20001_cRA_independent_rms_s5.npz,76109,20f02b7247301d7fc00ea6775c04149da11b40aa27261b06fd0d15fda33c6b48
resnet,mixed,29,bandpass_n20001_cRA_independent_rms_s0,phase2/results/predictions/full/mixed/resnet/seed_29/bandpass_n20001_cRA_independent_rms_s0.npz,75594,2aabe2b79503e258686381ceb1edf502968eed9064c66b8696dd4ab994013b82
resnet,mixed,29,bandpass_n20001_cRA_electrode_s20,phase2/results/predictions/full/mixed/resnet/seed_29/bandpass_n20001_cRA_electrode_s20.npz,76399,340aca8bc8f9d888061f3b4d3754d9f4b5748f7c6d14a93740b574ada6c873f7
resnet,mixed,29,bandpass_n20001_cRA_electrode_s15,phase2/results/predictions/full/mixed/resnet/seed_29/bandpass_n20001_cRA_electrode_s15.npz,76353,cf58fa9b8b06af5daa4adf893663f48b2e0e248aeb6cbae4c07443ae7108b54b
resnet,mixed,29,bandpass_n20001_cRA_electrode_s10,phase2/results/predictions/full/mixed/resnet/seed_29/bandpass_n20001_cRA_electrode_s10.npz,76238,ea90c9cb72df88069c34b7c585f88d27844a674412df524c22215985d91da959
resnet,mixed,29,bandpass_n20001_cRA_electrode_s5,phase2/results/predictions/full/mixed/resnet/seed_29/bandpass_n20001_cRA_electrode_s5.npz,75994,b1e366b4ca8a28026cb9c732141c049466c1ae7ee90ad6e4aae923b032007641
resnet,mixed,29,bandpass_n20001_cRA_electrode_s0,phase2/results/predictions/full/mixed/resnet/seed_29/bandpass_n20001_cRA_electrode_s0.npz,75430,a0961bac6b0bbc5c7fd297a1d7244bab806e9ca6a4f19100509c1c5eb58e5016
resnet,mixed,29,bandpass_n20001_cRA_covariance_s20,phase2/results/predictions/full/mixed/resnet/seed_29/bandpass_n20001_cRA_covariance_s20.npz,76387,c02a53f79f728a911727ad163119b387b43340390498af72fca17c265cb86f58
resnet,mixed,29,bandpass_n20001_cRA_covariance_s15,phase2/results/predictions/full/mixed/resnet/seed_29/bandpass_n20001_cRA_covariance_s15.npz,76328,8a7d38631410bd17600210fcf2f1a01a0e5c2cb93be7679eee23cfcbace368b9
resnet,mixed,29,bandpass_n20001_cRA_covariance_s10,phase2/results/predictions/full/mixed/resnet/seed_29/bandpass_n20001_cRA_covariance_s10.npz,76236,007ca5aef8ddebacd0bb53561f6dc681a165dd7f4f34a02b2f8c656fc465a530
resnet,mixed,29,bandpass_n20001_cRA_covariance_s5,phase2/results/predictions/full/mixed/resnet/seed_29/bandpass_n20001_cRA_covariance_s5.npz,75977,6329f616838e40de32bf1425b6abfefce506d38efa27c5a653f47dcafcb052a6
resnet,mixed,29,bandpass_n20001_cRA_covariance_s0,phase2/results/predictions/full/mixed/resnet/seed_29/bandpass_n20001_cRA_covariance_s0.npz,75441,4fa791b7f5536d39659dc24bcdac0386917fecf10c9c152264f90ff5b2a48d65
resnet,mixed,29,bandpass_n20001_cLA_independent_rms_s20,phase2/results/predictions/full/mixed/resnet/seed_29/bandpass_n20001_cLA_independent_rms_s20.npz,76396,7681bb555f5b6c775b5545cbd4f5a1509e09ee53c1615fb61214680e69e5f126
resnet,mixed,29,bandpass_n20001_cLA_independent_rms_s15,phase2/results/predictions/full/mixed/resnet/seed_29/bandpass_n20001_cLA_independent_rms_s15.npz,76332,8e02dd55918008925ba979b7ab286f375dca34520ee493c75172dc044168b1b1
resnet,mixed,29,bandpass_n20001_cLA_independent_rms_s10,phase2/results/predictions/full/mixed/resnet/seed_29/bandpass_n20001_cLA_independent_rms_s10.npz,76285,ff60ee0af8357453b9a1ca8686258e0984f51864b8a474853e7a223a4a162f8a
resnet,mixed,29,bandpass_n20001_cLA_independent_rms_s5,phase2/results/predictions/full/mixed/resnet/seed_29/bandpass_n20001_cLA_independent_rms_s5.npz,76084,36ed89985c003f1a1f232607d1cbe442ce60b890172d2513570b179ffa53a1aa
resnet,mixed,29,bandpass_n20001_cLA_independent_rms_s0,phase2/results/predictions/full/mixed/resnet/seed_29/bandpass_n20001_cLA_independent_rms_s0.npz,75604,00ea5c051730d9f5a45b8db24ed743307c18b4a58fd61dd1437129bc1b5c3120
resnet,mixed,29,bandpass_n20001_cLA_electrode_s20,phase2/results/predictions/full/mixed/resnet/seed_29/bandpass_n20001_cLA_electrode_s20.npz,76368,b3db0b8c49e687d8492f9f3052a6e98822bcb2024239fff2800fb7f5cf3f183e
resnet,mixed,29,bandpass_n20001_cLA_electrode_s15,phase2/results/predictions/full/mixed/resnet/seed_29/bandpass_n20001_cLA_electrode_s15.npz,76337,7d0c2ae3ea543b29d13a32a2839e9f77f16af9861dfb7b5e69ae367b9045ef89
resnet,mixed,29,bandpass_n20001_cLA_electrode_s10,phase2/results/predictions/full/mixed/resnet/seed_29/bandpass_n20001_cLA_electrode_s10.npz,76230,f1cefd75a350aba2b35acfc64ad419925cc646438c09fe8c8fc446704d6bb075
resnet,mixed,29,bandpass_n20001_cLA_electrode_s5,phase2/results/predictions/full/mixed/resnet/seed_29/bandpass_n20001_cLA_electrode_s5.npz,75985,6776b113162e2f8230bc418f862e03a1559a85d63fcc8b92cdeadca830bdcb8b
resnet,mixed,29,bandpass_n20001_cLA_electrode_s0,phase2/results/predictions/full/mixed/resnet/seed_29/bandpass_n20001_cLA_electrode_s0.npz,75430,80668c4dcf9b82e28ebc3884ba97754f45fca0164b52986f68561d3d171a3694
resnet,mixed,29,bandpass_n20001_cLA_covariance_s20,phase2/results/predictions/full/mixed/resnet/seed_29/bandpass_n20001_cLA_covariance_s20.npz,76387,76173283fb22c99000d08c3467d7393e4fa205a95e27091476d680fa88573c64
resnet,mixed,29,bandpass_n20001_cLA_covariance_s15,phase2/results/predictions/full/mixed/resnet/seed_29/bandpass_n20001_cLA_covariance_s15.npz,76338,a752aa747a494813ed2a6a8342c1de0c77a9a85dadd8282cc7790cbb2b79a035
resnet,mixed,29,bandpass_n20001_cLA_covariance_s10,phase2/results/predictions/full/mixed/resnet/seed_29/bandpass_n20001_cLA_covariance_s10.npz,76214,3c7e51f1ddf9d3d859d17f06f67b188afd4853eaa4cdb778f8427c9f1b2d5b4e
resnet,mixed,29,bandpass_n20001_cLA_covariance_s5,phase2/results/predictions/full/mixed/resnet/seed_29/bandpass_n20001_cLA_covariance_s5.npz,76020,4e4c82fcf6135ce44f567b15fa251c23684fc4425e52099c9dc700298d017d4f
resnet,mixed,29,bandpass_n20001_cLA_covariance_s0,phase2/results/predictions/full/mixed/resnet/seed_29/bandpass_n20001_cLA_covariance_s0.npz,75447,86ab0d9ca2ab329a077cbe4f5ec709ca52da5dedd472182ed4764867f03d2204
resnet,mixed,29,bandpass_n20001_cLL_independent_rms_s20,phase2/results/predictions/full/mixed/resnet/seed_29/bandpass_n20001_cLL_independent_rms_s20.npz,76360,33dd694bd8a468a817a0f8822cdcfa795bc1e2b241fdd7cbe727f07d8f0b8129
resnet,mixed,29,bandpass_n20001_cLL_independent_rms_s15,phase2/results/predictions/full/mixed/resnet/seed_29/bandpass_n20001_cLL_independent_rms_s15.npz,76357,17447aca9d2e056042ea940af45074fa4bfe017e5255fbaae304394ab65bbc29
resnet,mixed,29,bandpass_n20001_cLL_independent_rms_s10,phase2/results/predictions/full/mixed/resnet/seed_29/bandpass_n20001_cLL_independent_rms_s10.npz,76323,ed732da2fe4cdf2ee829829399542ea64633998f9bcf711373e813da94ecf89f
resnet,mixed,29,bandpass_n20001_cLL_independent_rms_s5,phase2/results/predictions/full/mixed/resnet/seed_29/bandpass_n20001_cLL_independent_rms_s5.npz,76119,ce02db7daaa7620ba69115ffec2675d6d38a32b77f9db29cc9a2675a87b74c79
resnet,mixed,29,bandpass_n20001_cLL_independent_rms_s0,phase2/results/predictions/full/mixed/resnet/seed_29/bandpass_n20001_cLL_independent_rms_s0.npz,75644,9b53b0d7abcd956f9a4101da884f7ab4b45b6cbe66ecd28d5c71ab08cccf6139
resnet,mixed,29,bandpass_n20001_cLL_electrode_s20,phase2/results/predictions/full/mixed/resnet/seed_29/bandpass_n20001_cLL_electrode_s20.npz,76339,6e80628a233d1615e128d5eb78d9ab1362653226ad83c300f814e42732479ce8
resnet,mixed,29,bandpass_n20001_cLL_electrode_s15,phase2/results/predictions/full/mixed/resnet/seed_29/bandpass_n20001_cLL_electrode_s15.npz,76334,ae416f2a65e04bb14d38f1941bf8bc6641a824451494eea0a0e679438d4a7828
resnet,mixed,29,bandpass_n20001_cLL_electrode_s10,phase2/results/predictions/full/mixed/resnet/seed_29/bandpass_n20001_cLL_electrode_s10.npz,76241,c8549545a322bded2a3e5b610c60d0d82dacae3857e4f0435112383bcfd63e08
resnet,mixed,29,bandpass_n20001_cLL_electrode_s5,phase2/results/predictions/full/mixed/resnet/seed_29/bandpass_n20001_cLL_electrode_s5.npz,75981,6e3d9cf31b5ee961e34d4bf5761f0f885c0c900ae7a990bc1da1d7ec5cf3cc32
resnet,mixed,29,bandpass_n20001_cLL_electrode_s0,phase2/results/predictions/full/mixed/resnet/seed_29/bandpass_n20001_cLL_electrode_s0.npz,75728,bcc814df328c57d2c78032e4b3dfda97e98f2b141b03a6ec0bb8bd38860c895e
resnet,mixed,29,bandpass_n20001_cLL_covariance_s20,phase2/results/predictions/full/mixed/resnet/seed_29/bandpass_n20001_cLL_covariance_s20.npz,76363,4aa8e72166fea5ac1a41728b2f80c2ea29a03a82a5fe4f20dc168cffb20eb79b
resnet,mixed,29,bandpass_n20001_cLL_covariance_s15,phase2/results/predictions/full/mixed/resnet/seed_29/bandpass_n20001_cLL_covariance_s15.npz,76323,44607567a5a1d740cddfafeaa14c47ead99de98e1ff4d444d9d8bc5c5c1cedbc
resnet,mixed,29,bandpass_n20001_cLL_covariance_s10,phase2/results/predictions/full/mixed/resnet/seed_29/bandpass_n20001_cLL_covariance_s10.npz,76252,a9f3b4de7c951a62597265f3acf7b5c25b19efeb57091b9ff6bdb6f22b4bb6e9
resnet,mixed,29,bandpass_n20001_cLL_covariance_s5,phase2/results/predictions/full/mixed/resnet/seed_29/bandpass_n20001_cLL_covariance_s5.npz,75992,a6f7d69ae79ae1e24556c7191282c95fe4c91da49c9bd5a2c539554c21fb0260
resnet,mixed,29,bandpass_n20001_cLL_covariance_s0,phase2/results/predictions/full/mixed/resnet/seed_29/bandpass_n20001_cLL_covariance_s0.npz,75708,f79ada4e55f17a306a3d970deabe80840454585d1858ef8d57fda4c23097c65e
resnet,mixed,29,bandpass_n20001_cRA_V1_independent_rms_s20,phase2/results/predictions/full/mixed/resnet/seed_29/bandpass_n20001_cRA_V1_independent_rms_s20.npz,76414,07fca8a1ffa94e2aba87fae87659b5c31f05801b14754d7b31e5f30950e13a51
resnet,mixed,29,bandpass_n20001_cRA_V1_independent_rms_s15,phase2/results/predictions/full/mixed/resnet/seed_29/bandpass_n20001_cRA_V1_independent_rms_s15.npz,76340,592d7c6723b01c1db075c0a0dfd5d5c30575cab75520fd484bc3dc1a50730bf4
resnet,mixed,29,bandpass_n20001_cRA_V1_independent_rms_s10,phase2/results/predictions/full/mixed/resnet/seed_29/bandpass_n20001_cRA_V1_independent_rms_s10.npz,76321,6ff7b5dfeaf3918bbd9f062d753f861f0666e0779f37106d96aed81b1349d4b3
resnet,mixed,29,bandpass_n20001_cRA_V1_independent_rms_s5,phase2/results/predictions/full/mixed/resnet/seed_29/bandpass_n20001_cRA_V1_independent_rms_s5.npz,76110,a60049692e699df40d1c187a71f82679e1eb759be7ab29e8cb21cc76f3900f7c
resnet,mixed,29,bandpass_n20001_cRA_V1_independent_rms_s0,phase2/results/predictions/full/mixed/resnet/seed_29/bandpass_n20001_cRA_V1_independent_rms_s0.npz,75579,2cd31cb7d4d24063c066b1aa9b55b7d86fe1d674caf6170d5f15483f10b200bd
resnet,mixed,29,bandpass_n20001_cRA_V1_electrode_s20,phase2/results/predictions/full/mixed/resnet/seed_29/bandpass_n20001_cRA_V1_electrode_s20.npz,76359,3e30a3c1b98f4bea5f44b1fd4bf474eb88db1c5f8d7bdcb10cb411185d16bee1
resnet,mixed,29,bandpass_n20001_cRA_V1_electrode_s15,phase2/results/predictions/full/mixed/resnet/seed_29/bandpass_n20001_cRA_V1_electrode_s15.npz,76313,5439d8bddfe15c6cba0b3566e93c1cf5ea627e49e411b45278ec56f3184e23f7
resnet,mixed,29,bandpass_n20001_cRA_V1_electrode_s10,phase2/results/predictions/full/mixed/resnet/seed_29/bandpass_n20001_cRA_V1_electrode_s10.npz,76239,208c235dfdb52e25f832663498ae3ae59ba3de8c4d63571a0dbbe9ffc87bf6fd
resnet,mixed,29,bandpass_n20001_cRA_V1_electrode_s5,phase2/results/predictions/full/mixed/resnet/seed_29/bandpass_n20001_cRA_V1_electrode_s5.npz,75995,9b2427399aeb7287c20fd08cee3481b43ebe857c33d2eb35eaae06bc3a4875b0
resnet,mixed,29,bandpass_n20001_cRA_V1_electrode_s0,phase2/results/predictions/full/mixed/resnet/seed_29/bandpass_n20001_cRA_V1_electrode_s0.npz,75445,a5c26eba7159d09763f708034e78573fd0e7fbc9621d791eba0306493cd9b714
resnet,mixed,29,bandpass_n20001_cRA_V1_covariance_s20,phase2/results/predictions/full/mixed/resnet/seed_29/bandpass_n20001_cRA_V1_covariance_s20.npz,76390,4698c0d6d9f22ee02179eb970337d336cff5aa3a419c1708d8400c3e1d325581
resnet,mixed,29,bandpass_n20001_cRA_V1_covariance_s15,phase2/results/predictions/full/mixed/resnet/seed_29/bandpass_n20001_cRA_V1_covariance_s15.npz,76347,55dabc4595169701c2389db9ec31e8a31f7d63d62e7a1973e379dc0574808017
resnet,mixed,29,bandpass_n20001_cRA_V1_covariance_s10,phase2/results/predictions/full/mixed/resnet/seed_29/bandpass_n20001_cRA_V1_covariance_s10.npz,76255,63baab4c99599787743bea4e2ac5ab9b11a233e243680f46ac297e427382c619
resnet,mixed,29,bandpass_n20001_cRA_V1_covariance_s5,phase2/results/predictions/full/mixed/resnet/seed_29/bandpass_n20001_cRA_V1_covariance_s5.npz,76025,d686a3377f473d5af49cd9826e35c31d29391a3e27af4b8ec669693f0c29e1d3
resnet,mixed,29,bandpass_n20001_cRA_V1_covariance_s0,phase2/results/predictions/full/mixed/resnet/seed_29/bandpass_n20001_cRA_V1_covariance_s0.npz,75448,63ca4d018f17f4995d8f6d0f31052e8fc2a9e0f54aa4284d90cb7623fdb22fb0
resnet,mixed,29,bandpass_n20001_cLA_V6_independent_rms_s20,phase2/results/predictions/full/mixed/resnet/seed_29/bandpass_n20001_cLA_V6_independent_rms_s20.npz,76377,e6aad149a798fbba274b94e633ed308d9de30b4ba768f68d72c4e4c63fb6905b
resnet,mixed,29,bandpass_n20001_cLA_V6_independent_rms_s15,phase2/results/predictions/full/mixed/resnet/seed_29/bandpass_n20001_cLA_V6_independent_rms_s15.npz,76356,38a31dea395e46e3345821d839ffff7330e561c0cd31814fc8a9f434e7225fcd
resnet,mixed,29,bandpass_n20001_cLA_V6_independent_rms_s10,phase2/results/predictions/full/mixed/resnet/seed_29/bandpass_n20001_cLA_V6_independent_rms_s10.npz,76301,d2ae6c0747e9d5216997559a441aa191b9cd6d30ba4e48c89fd0069d1bfab6e1
resnet,mixed,29,bandpass_n20001_cLA_V6_independent_rms_s5,phase2/results/predictions/full/mixed/resnet/seed_29/bandpass_n20001_cLA_V6_independent_rms_s5.npz,76084,02606099b97f4c341dc21520a0392994c867c2e5509ee478dea126f81e58a580
resnet,mixed,29,bandpass_n20001_cLA_V6_independent_rms_s0,phase2/results/predictions/full/mixed/resnet/seed_29/bandpass_n20001_cLA_V6_independent_rms_s0.npz,75659,5f24a7363658c2b19a3bc0ec9da5ff4f04f17373b7c80299542ac62ff2f14cae
resnet,mixed,29,bandpass_n20001_cLA_V6_electrode_s20,phase2/results/predictions/full/mixed/resnet/seed_29/bandpass_n20001_cLA_V6_electrode_s20.npz,76373,56eef5c8493b5894bfd3cd8129f92dd49658a6a9ad2377f4bb6ec09462bd4908
resnet,mixed,29,bandpass_n20001_cLA_V6_electrode_s15,phase2/results/predictions/full/mixed/resnet/seed_29/bandpass_n20001_cLA_V6_electrode_s15.npz,76374,d9e064c9f360b6bf37c7c6850515f7a0473d3b77d0a36ed3b96d92369acf9e90
resnet,mixed,29,bandpass_n20001_cLA_V6_electrode_s10,phase2/results/predictions/full/mixed/resnet/seed_29/bandpass_n20001_cLA_V6_electrode_s10.npz,76261,51e23357710928050034d85f4a0f0b7d3a3528a7ac3a979ac2302bf58514ba7d
resnet,mixed,29,bandpass_n20001_cLA_V6_electrode_s5,phase2/results/predictions/full/mixed/resnet/seed_29/bandpass_n20001_cLA_V6_electrode_s5.npz,76039,73da562bc4670b655b78f17261ce1ec9047dc7a7ef8af06537a407590a77ee86
resnet,mixed,29,bandpass_n20001_cLA_V6_electrode_s0,phase2/results/predictions/full/mixed/resnet/seed_29/bandpass_n20001_cLA_V6_electrode_s0.npz,75537,169260829906698f82e5f44a36bbbc344691a2dcebaff800bb1948c34bf47c97
resnet,mixed,29,bandpass_n20001_cLA_V6_covariance_s20,phase2/results/predictions/full/mixed/resnet/seed_29/bandpass_n20001_cLA_V6_covariance_s20.npz,76381,f002d0034c3ed6ea5475e8500714c0d0805268719678d4a8cb2c7dbd6c15a7d6
resnet,mixed,29,bandpass_n20001_cLA_V6_covariance_s15,phase2/results/predictions/full/mixed/resnet/seed_29/bandpass_n20001_cLA_V6_covariance_s15.npz,76398,1f18fb9e6dedc60069c7da1c836e61b37f69a51d5b6ebe056f0c22f9f536adee
resnet,mixed,29,bandpass_n20001_cLA_V6_covariance_s10,phase2/results/predictions/full/mixed/resnet/seed_29/bandpass_n20001_cLA_V6_covariance_s10.npz,76281,ff5504f1245a51a61c684f74043598f60d5770064bf2667aed6807cd22309ee5
resnet,mixed,29,bandpass_n20001_cLA_V6_covariance_s5,phase2/results/predictions/full/mixed/resnet/seed_29/bandpass_n20001_cLA_V6_covariance_s5.npz,76052,c12e294e34e0db1a62aef8a7aa352474b92e10b8d2c34f006daf4d8722b9fcac
resnet,mixed,29,bandpass_n20001_cLA_V6_covariance_s0,phase2/results/predictions/full/mixed/resnet/seed_29/bandpass_n20001_cLA_V6_covariance_s0.npz,75520,18971f1806e7082eb820dce9b3a1edcd7893f6df59d5b21f2c5ee2d31d38a4ea
resnet,mixed,29,bandpass_n20001_cLL_V4_independent_rms_s20,phase2/results/predictions/full/mixed/resnet/seed_29/bandpass_n20001_cLL_V4_independent_rms_s20.npz,76403,26eab59c6a537ca4eeed759ae9b7c64b58036e47549bf5bd21adb9ae5735feaf
resnet,mixed,29,bandpass_n20001_cLL_V4_independent_rms_s15,phase2/results/predictions/full/mixed/resnet/seed_29/bandpass_n20001_cLL_V4_independent_rms_s15.npz,76362,d98a4bf4f351e11d316a8de50af14e060f918a4d231357cfb00f708cebd23b4e
resnet,mixed,29,bandpass_n20001_cLL_V4_independent_rms_s10,phase2/results/predictions/full/mixed/resnet/seed_29/bandpass_n20001_cLL_V4_independent_rms_s10.npz,76291,7a284bdb42b6401fa29a713dfccc45fb0a29a1a6983df1493ffd8263c7c3591d
resnet,mixed,29,bandpass_n20001_cLL_V4_independent_rms_s5,phase2/results/predictions/full/mixed/resnet/seed_29/bandpass_n20001_cLL_V4_independent_rms_s5.npz,76153,b883e40821797d7a5ce94a0059affb9e24dc0e44a8241475fb862eb2333bbc28
resnet,mixed,29,bandpass_n20001_cLL_V4_independent_rms_s0,phase2/results/predictions/full/mixed/resnet/seed_29/bandpass_n20001_cLL_V4_independent_rms_s0.npz,75699,9bc2dc11b4809ef145193a6c1c7d57fbedca3c5aaa9e47d06ac8e7dd615e85a1
resnet,mixed,29,bandpass_n20001_cLL_V4_electrode_s20,phase2/results/predictions/full/mixed/resnet/seed_29/bandpass_n20001_cLL_V4_electrode_s20.npz,76373,898011a4c89f62964983ca5e4bf033bdc39e45d0749683b611986339d84a6f7b
resnet,mixed,29,bandpass_n20001_cLL_V4_electrode_s15,phase2/results/predictions/full/mixed/resnet/seed_29/bandpass_n20001_cLL_V4_electrode_s15.npz,76304,b393ce9e939dae37a4ae9e4a757ab3aa9fc832351535b31ce0278e04aa65041e
resnet,mixed,29,bandpass_n20001_cLL_V4_electrode_s10,phase2/results/predictions/full/mixed/resnet/seed_29/bandpass_n20001_cLL_V4_electrode_s10.npz,76256,5ce3081bb1f7d82412b942b5ead525b4a7008750dc072f3c927ada0a50f40518
resnet,mixed,29,bandpass_n20001_cLL_V4_electrode_s5,phase2/results/predictions/full/mixed/resnet/seed_29/bandpass_n20001_cLL_V4_electrode_s5.npz,75992,698fe7ae7d2ac7251b60d6f31c775b2cca8d14d8be009e64060fba6d9390916e
resnet,mixed,29,bandpass_n20001_cLL_V4_electrode_s0,phase2/results/predictions/full/mixed/resnet/seed_29/bandpass_n20001_cLL_V4_electrode_s0.npz,75688,f61b1a155c7109f262bac231a4e73b16bbe9078644535b21793ee0f78c5ac8ee
resnet,mixed,29,bandpass_n20001_cLL_V4_covariance_s20,phase2/results/predictions/full/mixed/resnet/seed_29/bandpass_n20001_cLL_V4_covariance_s20.npz,76349,5e2bf38338bc36ec6d36bc95029bf6908cddb5c68c7ea191fd137d4056a87af3
resnet,mixed,29,bandpass_n20001_cLL_V4_covariance_s15,phase2/results/predictions/full/mixed/resnet/seed_29/bandpass_n20001_cLL_V4_covariance_s15.npz,76366,e468be060c7e167811566af28d91a8c84ca70e226b1f2790b1fbeec4e7f768a3
resnet,mixed,29,bandpass_n20001_cLL_V4_covariance_s10,phase2/results/predictions/full/mixed/resnet/seed_29/bandpass_n20001_cLL_V4_covariance_s10.npz,76259,6b287ee3d09181faa3f58df06521893188e4684e3dca56990130cf41b80dd069
resnet,mixed,29,bandpass_n20001_cLL_V4_covariance_s5,phase2/results/predictions/full/mixed/resnet/seed_29/bandpass_n20001_cLL_V4_covariance_s5.npz,76008,181d6a90e9e5672125a7ff03348a21b942b91f6f3ed0053a815ceff1017469ea
resnet,mixed,29,bandpass_n20001_cLL_V4_covariance_s0,phase2/results/predictions/full/mixed/resnet/seed_29/bandpass_n20001_cLL_V4_covariance_s0.npz,75682,e14ef4e7968a4c207fd0f927e7d457d316aa434f6ddfe0bb4aa73dd55ec896ad
resnet,mixed,29,bandpass_n20001_cRA_LA_V1_V6_independent_rms_s20,phase2/results/predictions/full/mixed/resnet/seed_29/bandpass_n20001_cRA_LA_V1_V6_independent_rms_s20.npz,76398,217ccbf099c0faaef2c7dc6e2e87e0dd89f309c83896e1e6c7257d29f0aa820a
resnet,mixed,29,bandpass_n20001_cRA_LA_V1_V6_independent_rms_s15,phase2/results/predictions/full/mixed/resnet/seed_29/bandpass_n20001_cRA_LA_V1_V6_independent_rms_s15.npz,76368,e5e3aef221551b3e74a01a615e258c5623f34fd464bb4a9b2b43ff7cf3068a5c
resnet,mixed,29,bandpass_n20001_cRA_LA_V1_V6_independent_rms_s10,phase2/results/predictions/full/mixed/resnet/seed_29/bandpass_n20001_cRA_LA_V1_V6_independent_rms_s10.npz,76280,39679c09734c0008c647737a984cc85d35fc340e2299d209cc23df677ff24a8e
resnet,mixed,29,bandpass_n20001_cRA_LA_V1_V6_independent_rms_s5,phase2/results/predictions/full/mixed/resnet/seed_29/bandpass_n20001_cRA_LA_V1_V6_independent_rms_s5.npz,76121,833433fca69f591f67f4b457f0576eb645da805093108e05a2c529ae7a1fdfad
resnet,mixed,29,bandpass_n20001_cRA_LA_V1_V6_independent_rms_s0,phase2/results/predictions/full/mixed/resnet/seed_29/bandpass_n20001_cRA_LA_V1_V6_independent_rms_s0.npz,75615,05d2da1c77ef891022d93ba8547bba503831b91bf3019abb74ebe7a1d21c476c
resnet,mixed,29,bandpass_n20001_cRA_LA_V1_V6_electrode_s20,phase2/results/predictions/full/mixed/resnet/seed_29/bandpass_n20001_cRA_LA_V1_V6_electrode_s20.npz,76406,f9bf5d9eae6f1ebb02e57876ed3faa766d241912a4f92eecf778cd4936260ebe
resnet,mixed,29,bandpass_n20001_cRA_LA_V1_V6_electrode_s15,phase2/results/predictions/full/mixed/resnet/seed_29/bandpass_n20001_cRA_LA_V1_V6_electrode_s15.npz,76338,54cdd0f05b89a6b02663dbc4149005b334dfea35d50a75d72f3b6afb844b9c57
resnet,mixed,29,bandpass_n20001_cRA_LA_V1_V6_electrode_s10,phase2/results/predictions/full/mixed/resnet/seed_29/bandpass_n20001_cRA_LA_V1_V6_electrode_s10.npz,76267,c01084bc042d0a4054bb739150201739b1b8e40be3d907ac74edd6279cc5078d
resnet,mixed,29,bandpass_n20001_cRA_LA_V1_V6_electrode_s5,phase2/results/predictions/full/mixed/resnet/seed_29/bandpass_n20001_cRA_LA_V1_V6_electrode_s5.npz,76052,2596f47c3d3665dd0e749e8267ee4bb35dbad5fba98ad4ec5cc1b036d7b8826c
resnet,mixed,29,bandpass_n20001_cRA_LA_V1_V6_electrode_s0,phase2/results/predictions/full/mixed/resnet/seed_29/bandpass_n20001_cRA_LA_V1_V6_electrode_s0.npz,75517,ada325c5eda1914b8220e0bf9845df1ed3258008ad7477aba29a6d3ce6b304b8
resnet,mixed,29,bandpass_n20001_cRA_LA_V1_V6_covariance_s20,phase2/results/predictions/full/mixed/resnet/seed_29/bandpass_n20001_cRA_LA_V1_V6_covariance_s20.npz,76400,f6f968b89255e1484dcff57291b5784428f8e67eab34fd955816623a17f38c20
resnet,mixed,29,bandpass_n20001_cRA_LA_V1_V6_covariance_s15,phase2/results/predictions/full/mixed/resnet/seed_29/bandpass_n20001_cRA_LA_V1_V6_covariance_s15.npz,76374,6060a276dcc95845df5a1739a9115f2bd62c2a39d8ca2c2c5ce71ad7975885f8
resnet,mixed,29,bandpass_n20001_cRA_LA_V1_V6_covariance_s10,phase2/results/predictions/full/mixed/resnet/seed_29/bandpass_n20001_cRA_LA_V1_V6_covariance_s10.npz,76259,44db5cac6cdfaf25b2158b8e97273e78a2b335d54df7124ceaa26e545a49ba6c
resnet,mixed,29,bandpass_n20001_cRA_LA_V1_V6_covariance_s5,phase2/results/predictions/full/mixed/resnet/seed_29/bandpass_n20001_cRA_LA_V1_V6_covariance_s5.npz,76031,e0f0af0b193c30acfb659f53c6d9110090bb103bbda4a5fdec6130f57e6aae73
resnet,mixed,29,bandpass_n20001_cRA_LA_V1_V6_covariance_s0,phase2/results/predictions/full/mixed/resnet/seed_29/bandpass_n20001_cRA_LA_V1_V6_covariance_s0.npz,75517,5c5dee98ffb6dd8b3e0c5b081e7ad8fab8f106339e63e2846868c752f4c787c7
resnet,mixed,29,bandpass_n20001_cRA_V2_V5_independent_rms_s20,phase2/results/predictions/full/mixed/resnet/seed_29/bandpass_n20001_cRA_V2_V5_independent_rms_s20.npz,76400,7510499ca94d06efa241644dca5871a939eeb96c7fd4daf1ccbcfa7ab9fa0654
resnet,mixed,29,bandpass_n20001_cRA_V2_V5_independent_rms_s15,phase2/results/predictions/full/mixed/resnet/seed_29/bandpass_n20001_cRA_V2_V5_independent_rms_s15.npz,76399,607584dbb0e8703fc05c4a0eed635e7e4acd11e65e73197a24160467cf0b1996
resnet,mixed,29,bandpass_n20001_cRA_V2_V5_independent_rms_s10,phase2/results/predictions/full/mixed/resnet/seed_29/bandpass_n20001_cRA_V2_V5_independent_rms_s10.npz,76340,bf90a5446f2d50cf39d9a9634f0eac8efd9cf9c1baca11dc5d41ca4f5a0a96f7
resnet,mixed,29,bandpass_n20001_cRA_V2_V5_independent_rms_s5,phase2/results/predictions/full/mixed/resnet/seed_29/bandpass_n20001_cRA_V2_V5_independent_rms_s5.npz,76143,4c460ac2043a8633d5f3b168cc0df9001f4c981c946828f2c79839399185db84
resnet,mixed,29,bandpass_n20001_cRA_V2_V5_independent_rms_s0,phase2/results/predictions/full/mixed/resnet/seed_29/bandpass_n20001_cRA_V2_V5_independent_rms_s0.npz,75614,76696d2d2d83e4e88f88df390a700f72cc23e7fa07fa071ea616f05724a2918e
resnet,mixed,29,bandpass_n20001_cRA_V2_V5_electrode_s20,phase2/results/predictions/full/mixed/resnet/seed_29/bandpass_n20001_cRA_V2_V5_electrode_s20.npz,76395,fcb2986e08378b65235ffc525974efd3b9f5dab80e0c75f7d3954aacd9437ada
resnet,mixed,29,bandpass_n20001_cRA_V2_V5_electrode_s15,phase2/results/predictions/full/mixed/resnet/seed_29/bandpass_n20001_cRA_V2_V5_electrode_s15.npz,76367,77850033208b74827d2b53cb7505ac6a7e83ae70a680bdbe2d1e1103be126179
resnet,mixed,29,bandpass_n20001_cRA_V2_V5_electrode_s10,phase2/results/predictions/full/mixed/resnet/seed_29/bandpass_n20001_cRA_V2_V5_electrode_s10.npz,76308,c76c598a2b83b2d11b6cab508286cbe3156c6ad59c3d699884c11d3d79d33cbd
resnet,mixed,29,bandpass_n20001_cRA_V2_V5_electrode_s5,phase2/results/predictions/full/mixed/resnet/seed_29/bandpass_n20001_cRA_V2_V5_electrode_s5.npz,76023,efce3d5cb406146e557483adca89eff23c86d98b7ffa613e45b3188b98a6bce1
resnet,mixed,29,bandpass_n20001_cRA_V2_V5_electrode_s0,phase2/results/predictions/full/mixed/resnet/seed_29/bandpass_n20001_cRA_V2_V5_electrode_s0.npz,75453,68a8c135a4ae5fb28b6f4f3d8af760ffb06d786559cce1232222f83bf0bd2f57
resnet,mixed,29,bandpass_n20001_cRA_V2_V5_covariance_s20,phase2/results/predictions/full/mixed/resnet/seed_29/bandpass_n20001_cRA_V2_V5_covariance_s20.npz,76390,2673e2e1261da410c68e829f578a1ccbb27da05ea7792196a536261ac89dd3c9
resnet,mixed,29,bandpass_n20001_cRA_V2_V5_covariance_s15,phase2/results/predictions/full/mixed/resnet/seed_29/bandpass_n20001_cRA_V2_V5_covariance_s15.npz,76347,2f73ac10592b73d87668964752bc45c8d7d44565ddb3ed65052ca9b13aa1756b
resnet,mixed,29,bandpass_n20001_cRA_V2_V5_covariance_s10,phase2/results/predictions/full/mixed/resnet/seed_29/bandpass_n20001_cRA_V2_V5_covariance_s10.npz,76265,2e675dfab32381655248637a3cc1f5874d45bd9cd470f40a0018ab0af119b1bf
resnet,mixed,29,bandpass_n20001_cRA_V2_V5_covariance_s5,phase2/results/predictions/full/mixed/resnet/seed_29/bandpass_n20001_cRA_V2_V5_covariance_s5.npz,76025,15174ae91151600687087d61cf832c7eb2a4532c7ee9c283eeb163b1762113ad
resnet,mixed,29,bandpass_n20001_cRA_V2_V5_covariance_s0,phase2/results/predictions/full/mixed/resnet/seed_29/bandpass_n20001_cRA_V2_V5_covariance_s0.npz,75485,fc409d27ac9c387dc3799c1b0ab9a42ac08fa4d8bc3bfa5802ea2e93e2d68995
resnet,mixed,29,bandpass_n20001_cLA_V3_V6_independent_rms_s20,phase2/results/predictions/full/mixed/resnet/seed_29/bandpass_n20001_cLA_V3_V6_independent_rms_s20.npz,76431,2ffeb3416b4c227432635b743a9483e01f65e5df35b43532f3da14782f9b1900
resnet,mixed,29,bandpass_n20001_cLA_V3_V6_independent_rms_s15,phase2/results/predictions/full/mixed/resnet/seed_29/bandpass_n20001_cLA_V3_V6_independent_rms_s15.npz,76362,11963c36833938b397220ab8330cf91906deb10014e1f9ab039b46d9d35080a2
resnet,mixed,29,bandpass_n20001_cLA_V3_V6_independent_rms_s10,phase2/results/predictions/full/mixed/resnet/seed_29/bandpass_n20001_cLA_V3_V6_independent_rms_s10.npz,76341,f753fdd84392be07ecc8489385f185d2cca9f2e26925fe831842cfc5f6bd2a2a
resnet,mixed,29,bandpass_n20001_cLA_V3_V6_independent_rms_s5,phase2/results/predictions/full/mixed/resnet/seed_29/bandpass_n20001_cLA_V3_V6_independent_rms_s5.npz,76140,0dfe8a5bc77258884d3a325ca5de94040de153517b9a23040d54f028f66d4f5c
resnet,mixed,29,bandpass_n20001_cLA_V3_V6_independent_rms_s0,phase2/results/predictions/full/mixed/resnet/seed_29/bandpass_n20001_cLA_V3_V6_independent_rms_s0.npz,75728,b8057d1938439effd154b30a51589a6752992c666b6f7066a43eff233d1e2537
resnet,mixed,29,bandpass_n20001_cLA_V3_V6_electrode_s20,phase2/results/predictions/full/mixed/resnet/seed_29/bandpass_n20001_cLA_V3_V6_electrode_s20.npz,76372,a0a6fcf6a517e9f3e452ff168c9d24295e5c76db848ff969e0c11013494b9313
resnet,mixed,29,bandpass_n20001_cLA_V3_V6_electrode_s15,phase2/results/predictions/full/mixed/resnet/seed_29/bandpass_n20001_cLA_V3_V6_electrode_s15.npz,76369,ccb298c0fea018efa1502f7369ebb38dac2dca26cec0d031ff3042b98cdbeeda
resnet,mixed,29,bandpass_n20001_cLA_V3_V6_electrode_s10,phase2/results/predictions/full/mixed/resnet/seed_29/bandpass_n20001_cLA_V3_V6_electrode_s10.npz,76267,92efc4f9482aad1b953368dafe4107d438fee2f371c2e06d0301ff29ffa26e61
resnet,mixed,29,bandpass_n20001_cLA_V3_V6_electrode_s5,phase2/results/predictions/full/mixed/resnet/seed_29/bandpass_n20001_cLA_V3_V6_electrode_s5.npz,76089,b73c102968b5b1fd87b58f252f8201f5fa2f90e61b79343abfc83759f64cd090
resnet,mixed,29,bandpass_n20001_cLA_V3_V6_electrode_s0,phase2/results/predictions/full/mixed/resnet/seed_29/bandpass_n20001_cLA_V3_V6_electrode_s0.npz,75594,ebe43ef0bc079cea562f8d38bc0c0bef221f30753c44b6ccfcd5eeb246efb8f1
resnet,mixed,29,bandpass_n20001_cLA_V3_V6_covariance_s20,phase2/results/predictions/full/mixed/resnet/seed_29/bandpass_n20001_cLA_V3_V6_covariance_s20.npz,76364,c88af2c3d761c66880e8726d6ee9153fc0fa49701ca4e6ae00578b59c1733f52
resnet,mixed,29,bandpass_n20001_cLA_V3_V6_covariance_s15,phase2/results/predictions/full/mixed/resnet/seed_29/bandpass_n20001_cLA_V3_V6_covariance_s15.npz,76381,47a04210c97b7b86fb1a96f51398bb0e439ac582eec11c10470e7da1cde8b4d3
resnet,mixed,29,bandpass_n20001_cLA_V3_V6_covariance_s10,phase2/results/predictions/full/mixed/resnet/seed_29/bandpass_n20001_cLA_V3_V6_covariance_s10.npz,76282,3d8b8311b656ae0a03a9653581025abf1e80e5855784b645efd405436f6404f6
resnet,mixed,29,bandpass_n20001_cLA_V3_V6_covariance_s5,phase2/results/predictions/full/mixed/resnet/seed_29/bandpass_n20001_cLA_V3_V6_covariance_s5.npz,76088,46f4844b8753bbfbd63aeb3fe54d12eba511ff48e62242050275a596ac1eaa84
resnet,mixed,29,bandpass_n20001_cLA_V3_V6_covariance_s0,phase2/results/predictions/full/mixed/resnet/seed_29/bandpass_n20001_cLA_V3_V6_covariance_s0.npz,75551,9f49c99cba2c028d0f58eb8786c9929e16790178864af58e0c5c9a06c85e8917
resnet,mixed,29,bandpass_n20001_cLL_V1_V4_independent_rms_s20,phase2/results/predictions/full/mixed/resnet/seed_29/bandpass_n20001_cLL_V1_V4_independent_rms_s20.npz,76388,603813f612dedd32a1f27d76f00f233f3a3006d9e91044773305d5ba7207b079
resnet,mixed,29,bandpass_n20001_cLL_V1_V4_independent_rms_s15,phase2/results/predictions/full/mixed/resnet/seed_29/bandpass_n20001_cLL_V1_V4_independent_rms_s15.npz,76378,1f69f3b2773e3a806af08d0cbef3c6990613141747c7d31f32d357ef52b299e1
resnet,mixed,29,bandpass_n20001_cLL_V1_V4_independent_rms_s10,phase2/results/predictions/full/mixed/resnet/seed_29/bandpass_n20001_cLL_V1_V4_independent_rms_s10.npz,76281,f969b3fe44607294d88b5e7aed648311ddc365ed168d3090efce6bb5f8ade0da
resnet,mixed,29,bandpass_n20001_cLL_V1_V4_independent_rms_s5,phase2/results/predictions/full/mixed/resnet/seed_29/bandpass_n20001_cLL_V1_V4_independent_rms_s5.npz,76142,c155622f87d961895a31b18b81ed15b300f672f68384164065eab887268be6a9
resnet,mixed,29,bandpass_n20001_cLL_V1_V4_independent_rms_s0,phase2/results/predictions/full/mixed/resnet/seed_29/bandpass_n20001_cLL_V1_V4_independent_rms_s0.npz,75692,68a6831391561ebd02f8af4c28242ffd4bb5ec5e29c91e8b999e2ea3500f8a03
resnet,mixed,29,bandpass_n20001_cLL_V1_V4_electrode_s20,phase2/results/predictions/full/mixed/resnet/seed_29/bandpass_n20001_cLL_V1_V4_electrode_s20.npz,76415,7c45314762d1428f890dbf0e910efba72e52c18d87ff9f2cd809f000a139242e
resnet,mixed,29,bandpass_n20001_cLL_V1_V4_electrode_s15,phase2/results/predictions/full/mixed/resnet/seed_29/bandpass_n20001_cLL_V1_V4_electrode_s15.npz,76339,1439b90e28ced38a1b008da7993a6d183cfbdcd3efdf4a215558625010de71f1
resnet,mixed,29,bandpass_n20001_cLL_V1_V4_electrode_s10,phase2/results/predictions/full/mixed/resnet/seed_29/bandpass_n20001_cLL_V1_V4_electrode_s10.npz,76258,acd3d3e21ef366da001bce265dd72ddaf40b6ace407414faee71a76f52379425
resnet,mixed,29,bandpass_n20001_cLL_V1_V4_electrode_s5,phase2/results/predictions/full/mixed/resnet/seed_29/bandpass_n20001_cLL_V1_V4_electrode_s5.npz,76000,7c439a4381933db9294d7cdb3b563d1da001f3b53e85d3a6f12061d23d328f5d
resnet,mixed,29,bandpass_n20001_cLL_V1_V4_electrode_s0,phase2/results/predictions/full/mixed/resnet/seed_29/bandpass_n20001_cLL_V1_V4_electrode_s0.npz,75644,6805e2bccdddbb57101778bac317e7722293759faafa2e9f6080dab797f6538c
resnet,mixed,29,bandpass_n20001_cLL_V1_V4_covariance_s20,phase2/results/predictions/full/mixed/resnet/seed_29/bandpass_n20001_cLL_V1_V4_covariance_s20.npz,76398,435ca05fdc176142d010ca4d5e5f859d68ce80fbf0cd0b1141c898dac2967c08
resnet,mixed,29,bandpass_n20001_cLL_V1_V4_covariance_s15,phase2/results/predictions/full/mixed/resnet/seed_29/bandpass_n20001_cLL_V1_V4_covariance_s15.npz,76387,2e5c5984030da6f9e3d959a4a2fa2803e8d30bfa2c6f66e2381f545bb0bb8e4e
resnet,mixed,29,bandpass_n20001_cLL_V1_V4_covariance_s10,phase2/results/predictions/full/mixed/resnet/seed_29/bandpass_n20001_cLL_V1_V4_covariance_s10.npz,76284,64634061f152df639f22f21d619c45785202c5be1830735899d7c83b9d0d387b
resnet,mixed,29,bandpass_n20001_cLL_V1_V4_covariance_s5,phase2/results/predictions/full/mixed/resnet/seed_29/bandpass_n20001_cLL_V1_V4_covariance_s5.npz,76002,b5d8d9c8f0e1c699903d6c89fb663127f6e7ccae4ae860652f1cc02751250b53
resnet,mixed,29,bandpass_n20001_cLL_V1_V4_covariance_s0,phase2/results/predictions/full/mixed/resnet/seed_29/bandpass_n20001_cLL_V1_V4_covariance_s0.npz,75607,4cee59e4d2ae996ddbc8a078ed32b8c200ab0f9ce263e45a46b08a8c158da90e
resnet,mixed,29,bandpass_n20001_call_independent_rms_s20,phase2/results/predictions/full/mixed/resnet/seed_29/bandpass_n20001_call_independent_rms_s20.npz,76384,198b68893f9e1de62d73259b98c4e6766fddf3363426dc6231d4c1232436c3b3
resnet,mixed,29,bandpass_n20001_call_independent_rms_s15,phase2/results/predictions/full/mixed/resnet/seed_29/bandpass_n20001_call_independent_rms_s15.npz,76350,c61b6ff5452016432144f8790202efb4392e32b7500fe493839774a5a05539fb
resnet,mixed,29,bandpass_n20001_call_independent_rms_s10,phase2/results/predictions/full/mixed/resnet/seed_29/bandpass_n20001_call_independent_rms_s10.npz,76285,79a0922e27b73c036d96a6b54c5bfb5721ba27bb48f936746a23629a06eb3626
resnet,mixed,29,bandpass_n20001_call_independent_rms_s5,phase2/results/predictions/full/mixed/resnet/seed_29/bandpass_n20001_call_independent_rms_s5.npz,76091,39f976908b9bf5c6ce91d7cf709322ae02500bce28d05996c82e1d8a06511839
resnet,mixed,29,bandpass_n20001_call_independent_rms_s0,phase2/results/predictions/full/mixed/resnet/seed_29/bandpass_n20001_call_independent_rms_s0.npz,75640,b867a48ce5d3c353a7144d055aa9d1936af8bf9cf550aa1c744849365d3b0d5f
resnet,mixed,29,bandpass_n20001_call_electrode_s20,phase2/results/predictions/full/mixed/resnet/seed_29/bandpass_n20001_call_electrode_s20.npz,76374,e67485435c161d027f9a438692fa425b4468667da1b233d6697635bc8c137abf
resnet,mixed,29,bandpass_n20001_call_electrode_s15,phase2/results/predictions/full/mixed/resnet/seed_29/bandpass_n20001_call_electrode_s15.npz,76294,d7724b07b2af86aa5f3e1af9207b834d5157dc87f393e5568d7e73f6e7a20fbf
resnet,mixed,29,bandpass_n20001_call_electrode_s10,phase2/results/predictions/full/mixed/resnet/seed_29/bandpass_n20001_call_electrode_s10.npz,76234,3fdea78a66bde70fb6571016a7a24dbc53f27126a9dbe353202186c4c0380ff3
resnet,mixed,29,bandpass_n20001_call_electrode_s5,phase2/results/predictions/full/mixed/resnet/seed_29/bandpass_n20001_call_electrode_s5.npz,75997,02428cb253251e5850d4c120f4bea54cc8641086810fe3b7b25a68fa80e10156
resnet,mixed,29,bandpass_n20001_call_electrode_s0,phase2/results/predictions/full/mixed/resnet/seed_29/bandpass_n20001_call_electrode_s0.npz,75500,c870ce79b069f6e0ecf25b0505350383a371c3dec2163d1b271abcd8bbadf266
resnet,mixed,29,bandpass_n20001_call_covariance_s20,phase2/results/predictions/full/mixed/resnet/seed_29/bandpass_n20001_call_covariance_s20.npz,76357,7ab85be93076b4c0d5f9bccb67efd4303301c4a485a2a8e456dafcb90a55fc10
resnet,mixed,29,bandpass_n20001_call_covariance_s15,phase2/results/predictions/full/mixed/resnet/seed_29/bandpass_n20001_call_covariance_s15.npz,76315,4789727150a88f6d62710ac1ec1a56c254e7f2a90b55756658e70b1dcd264f53
resnet,mixed,29,bandpass_n20001_call_covariance_s10,phase2/results/predictions/full/mixed/resnet/seed_29/bandpass_n20001_call_covariance_s10.npz,76262,4477e01e5b6a5b4d93e7a58fab9204101d76133eb99876855f82ad08cfd82d20
resnet,mixed,29,bandpass_n20001_call_covariance_s5,phase2/results/predictions/full/mixed/resnet/seed_29/bandpass_n20001_call_covariance_s5.npz,75989,456ce43982849a9cea7c89ee4bea009769f9829c1ec29191b912a464b652e447
resnet,mixed,29,bandpass_n20001_call_covariance_s0,phase2/results/predictions/full/mixed/resnet/seed_29/bandpass_n20001_call_covariance_s0.npz,75484,edf494da6d600609898ba651c7c29699ce2f303c059fdf587378137ddf2b2e17
resnet,mixed,29,bandpass_n20002_cRA_LA_LL_independent_rms_s20,phase2/results/predictions/full/mixed/resnet/seed_29/bandpass_n20002_cRA_LA_LL_independent_rms_s20.npz,76399,bcbe0cc7a8ad579813d32bcbc8c67ba7848132130c4ef778c7e863db009b4016
resnet,mixed,29,bandpass_n20002_cRA_LA_LL_independent_rms_s15,phase2/results/predictions/full/mixed/resnet/seed_29/bandpass_n20002_cRA_LA_LL_independent_rms_s15.npz,76362,1ceeac722ce8d847534af36f4c10df52e099dfc40d07aa19ee11d1d1503d2e03
resnet,mixed,29,bandpass_n20002_cRA_LA_LL_independent_rms_s10,phase2/results/predictions/full/mixed/resnet/seed_29/bandpass_n20002_cRA_LA_LL_independent_rms_s10.npz,76266,d7cf1b9f0d2036bf50c19d3392fde75460177f45d1fcab0c5603abd473dd9e3a
resnet,mixed,29,bandpass_n20002_cRA_LA_LL_independent_rms_s5,phase2/results/predictions/full/mixed/resnet/seed_29/bandpass_n20002_cRA_LA_LL_independent_rms_s5.npz,76091,7d4d5ab78e65e9128395f44910bbfa7bd4daf0f1413f27b5a8d545e0057c8ed9
resnet,mixed,29,bandpass_n20002_cRA_LA_LL_independent_rms_s0,phase2/results/predictions/full/mixed/resnet/seed_29/bandpass_n20002_cRA_LA_LL_independent_rms_s0.npz,75632,314d7b03f4f24de3060603eb2f4e403cad9432eade7cc851e4caf6a86d025248
resnet,mixed,29,bandpass_n20002_cRA_LA_LL_electrode_s20,phase2/results/predictions/full/mixed/resnet/seed_29/bandpass_n20002_cRA_LA_LL_electrode_s20.npz,76352,0de7c248d2c761b048369189eebd0d5fa6836a8e7919d7b451f1822548127083
resnet,mixed,29,bandpass_n20002_cRA_LA_LL_electrode_s15,phase2/results/predictions/full/mixed/resnet/seed_29/bandpass_n20002_cRA_LA_LL_electrode_s15.npz,76331,a3c2bb4bfbc7d05c3391baaa22873da0684f1f94af8a26d64c643c45703a9564
resnet,mixed,29,bandpass_n20002_cRA_LA_LL_electrode_s10,phase2/results/predictions/full/mixed/resnet/seed_29/bandpass_n20002_cRA_LA_LL_electrode_s10.npz,76230,3486a7d990441aacb8b703e295a6b99954d47fa920141e95fb9986e4d859f84f
resnet,mixed,29,bandpass_n20002_cRA_LA_LL_electrode_s5,phase2/results/predictions/full/mixed/resnet/seed_29/bandpass_n20002_cRA_LA_LL_electrode_s5.npz,75975,8bb2856f5661a1bb9e4db1d6fd46a893759e234ef44bf4c692cbae72b5874fd2
resnet,mixed,29,bandpass_n20002_cRA_LA_LL_electrode_s0,phase2/results/predictions/full/mixed/resnet/seed_29/bandpass_n20002_cRA_LA_LL_electrode_s0.npz,75511,80c58973466268e473ac181bff6f5cca80b92e4f33f8d1e381cb38394cc005e5
resnet,mixed,29,bandpass_n20002_cRA_LA_LL_covariance_s20,phase2/results/predictions/full/mixed/resnet/seed_29/bandpass_n20002_cRA_LA_LL_covariance_s20.npz,76367,b2f02c370d4d2136c2c83853522f5242661b3fb53662c70fe6ea076da75f0ed4
resnet,mixed,29,bandpass_n20002_cRA_LA_LL_covariance_s15,phase2/results/predictions/full/mixed/resnet/seed_29/bandpass_n20002_cRA_LA_LL_covariance_s15.npz,76339,2c50562b2b3b72310abda60db60eab3a9718191a32fda4bf28f3a692138b66d8
resnet,mixed,29,bandpass_n20002_cRA_LA_LL_covariance_s10,phase2/results/predictions/full/mixed/resnet/seed_29/bandpass_n20002_cRA_LA_LL_covariance_s10.npz,76273,c7476586189d4c6ce77cd9ecaa21e9febd710cb191fc6624e94a11440abf1925
resnet,mixed,29,bandpass_n20002_cRA_LA_LL_covariance_s5,phase2/results/predictions/full/mixed/resnet/seed_29/bandpass_n20002_cRA_LA_LL_covariance_s5.npz,75979,a66e336460b9fad341957c490f49eb9755b4f0df7025f8c165833cf480a41bdc
resnet,mixed,29,bandpass_n20002_cRA_LA_LL_covariance_s0,phase2/results/predictions/full/mixed/resnet/seed_29/bandpass_n20002_cRA_LA_LL_covariance_s0.npz,75466,7a3aa407468e0818f23d978b2aa26237995d9030e2b726da6d47a23205755f2f
resnet,mixed,29,bandpass_n20002_cV1_independent_rms_s20,phase2/results/predictions/full/mixed/resnet/seed_29/bandpass_n20002_cV1_independent_rms_s20.npz,76378,66ab2e6172e69d59416b4c41a2959989ddee1cd594f08bb5a3ce44c3891ed503
resnet,mixed,29,bandpass_n20002_cV1_independent_rms_s15,phase2/results/predictions/full/mixed/resnet/seed_29/bandpass_n20002_cV1_independent_rms_s15.npz,76331,6ac70c5a168bd4738f12537d9d44827d3be47137d127873d7af56179977da1ea
resnet,mixed,29,bandpass_n20002_cV1_independent_rms_s10,phase2/results/predictions/full/mixed/resnet/seed_29/bandpass_n20002_cV1_independent_rms_s10.npz,76263,228f245f4abad1c039926a05d7f2b1af6df31bf555abe5c0421f4436aa93be8d
resnet,mixed,29,bandpass_n20002_cV1_independent_rms_s5,phase2/results/predictions/full/mixed/resnet/seed_29/bandpass_n20002_cV1_independent_rms_s5.npz,76049,1073c6c7ad12bda118664389090560308aa8016810a4a4bf6934724778a8cc73
resnet,mixed,29,bandpass_n20002_cV1_independent_rms_s0,phase2/results/predictions/full/mixed/resnet/seed_29/bandpass_n20002_cV1_independent_rms_s0.npz,75558,46d8d493a06726db8254c10b2beed9cec79104c8b3029bacde4d83054deda80e
resnet,mixed,29,bandpass_n20002_cV1_electrode_s20,phase2/results/predictions/full/mixed/resnet/seed_29/bandpass_n20002_cV1_electrode_s20.npz,76351,844f62849e49118d89311a0a56f32e03f6e0c7de79e2ea4d902a5eafd8339118
resnet,mixed,29,bandpass_n20002_cV1_electrode_s15,phase2/results/predictions/full/mixed/resnet/seed_29/bandpass_n20002_cV1_electrode_s15.npz,76358,7792410e1b3dd6182b00e4546cceea5531cd464503df725c780e013fc86ca5e0
resnet,mixed,29,bandpass_n20002_cV1_electrode_s10,phase2/results/predictions/full/mixed/resnet/seed_29/bandpass_n20002_cV1_electrode_s10.npz,76264,d22d3e945a5f90068031c6229e19edce757fb9d5038e6e9f8f7bdf0672ad1e85
resnet,mixed,29,bandpass_n20002_cV1_electrode_s5,phase2/results/predictions/full/mixed/resnet/seed_29/bandpass_n20002_cV1_electrode_s5.npz,76024,3aeb8017501fcf9eea6f8acb756ad8ab989feece6b44ab3d96b259f4954a4195
resnet,mixed,29,bandpass_n20002_cV1_electrode_s0,phase2/results/predictions/full/mixed/resnet/seed_29/bandpass_n20002_cV1_electrode_s0.npz,75516,a245e25be6f647bfca010aae4871baf1eeacf6e1866e09c5f7b7e06f30a4f552
resnet,mixed,29,bandpass_n20002_cV1_covariance_s20,phase2/results/predictions/full/mixed/resnet/seed_29/bandpass_n20002_cV1_covariance_s20.npz,76360,0c9c26183f406d30d1eb88dedb25f8df896728c508fec15ab2c3e7a2d5c0e3a9
resnet,mixed,29,bandpass_n20002_cV1_covariance_s15,phase2/results/predictions/full/mixed/resnet/seed_29/bandpass_n20002_cV1_covariance_s15.npz,76358,a921d3fc1f30ceee5e9e0091c7157b8452712a40d9b848b3ed021839672aaf28
resnet,mixed,29,bandpass_n20002_cV1_covariance_s10,phase2/results/predictions/full/mixed/resnet/seed_29/bandpass_n20002_cV1_covariance_s10.npz,76252,dede0ab9085411990b3a626dc6d497d9ccb6664021c250aa12ffb1da74f2718c
resnet,mixed,29,bandpass_n20002_cV1_covariance_s5,phase2/results/predictions/full/mixed/resnet/seed_29/bandpass_n20002_cV1_covariance_s5.npz,76049,f39617f028d27db423aa1c8d236c5150b8f2bde0850ba2bf21eba5bd6ff97283
resnet,mixed,29,bandpass_n20002_cV1_covariance_s0,phase2/results/predictions/full/mixed/resnet/seed_29/bandpass_n20002_cV1_covariance_s0.npz,75509,16342a12d5e6a122bce26ccc3be69fae67730e1ba96959a781a004114a47dbbf
resnet,mixed,29,bandpass_n20002_cV2_independent_rms_s20,phase2/results/predictions/full/mixed/resnet/seed_29/bandpass_n20002_cV2_independent_rms_s20.npz,76359,6b284fed84f76f203faac7e0b421cde2a9d34d38d546232f2364921a5ac51c26
resnet,mixed,29,bandpass_n20002_cV2_independent_rms_s15,phase2/results/predictions/full/mixed/resnet/seed_29/bandpass_n20002_cV2_independent_rms_s15.npz,76362,22466b8aab4c678dfa86eb1e50397b8a7a64cd405054cc5cee982b0245534ec5
resnet,mixed,29,bandpass_n20002_cV2_independent_rms_s10,phase2/results/predictions/full/mixed/resnet/seed_29/bandpass_n20002_cV2_independent_rms_s10.npz,76273,3bcacb32f6048d777c7bb6e8daadb37d65d7c4029693b2db81aabac2758d0184
resnet,mixed,29,bandpass_n20002_cV2_independent_rms_s5,phase2/results/predictions/full/mixed/resnet/seed_29/bandpass_n20002_cV2_independent_rms_s5.npz,76076,604f7a089167b4190491b0762db8ffacbc6009bf613c81ab880270e50b34c0f1
resnet,mixed,29,bandpass_n20002_cV2_independent_rms_s0,phase2/results/predictions/full/mixed/resnet/seed_29/bandpass_n20002_cV2_independent_rms_s0.npz,75582,7f012e409ed537cbfd81aea12786cd6d4fbe0bf81da93d14b530eaba52a38c7e
resnet,mixed,29,bandpass_n20002_cV2_electrode_s20,phase2/results/predictions/full/mixed/resnet/seed_29/bandpass_n20002_cV2_electrode_s20.npz,76364,721f49a589c5a308b7472b593e3496c835929e424465ff6c7b9f9b78e4ff8da9
resnet,mixed,29,bandpass_n20002_cV2_electrode_s15,phase2/results/predictions/full/mixed/resnet/seed_29/bandpass_n20002_cV2_electrode_s15.npz,76360,a231dbe2b9e91de7c8830bc3483eb9d7071cbb7eaa99f4ddcfc9bff378f584cb
resnet,mixed,29,bandpass_n20002_cV2_electrode_s10,phase2/results/predictions/full/mixed/resnet/seed_29/bandpass_n20002_cV2_electrode_s10.npz,76261,4a03117d1e949796516dbf729247133766035758c55a7008e7d5c139ce0ea0a2
resnet,mixed,29,bandpass_n20002_cV2_electrode_s5,phase2/results/predictions/full/mixed/resnet/seed_29/bandpass_n20002_cV2_electrode_s5.npz,76080,4f856c4dd00e6b4742ef11cd2d6daa3ae94862e0b0b70773dbb0e3fc92ca3551
resnet,mixed,29,bandpass_n20002_cV2_electrode_s0,phase2/results/predictions/full/mixed/resnet/seed_29/bandpass_n20002_cV2_electrode_s0.npz,75532,ab36cac897606c382b9b10a462b36abf47817c9ad93690d31c0e2be20ed81821
resnet,mixed,29,bandpass_n20002_cV2_covariance_s20,phase2/results/predictions/full/mixed/resnet/seed_29/bandpass_n20002_cV2_covariance_s20.npz,76364,6e15e58f6e7913f932c1717b36cc90f457248d5206e8d68124f8c9e660c8e3e0
resnet,mixed,29,bandpass_n20002_cV2_covariance_s15,phase2/results/predictions/full/mixed/resnet/seed_29/bandpass_n20002_cV2_covariance_s15.npz,76335,1a48fa13d131aee8da18490306f2688af01d917efec542183fb7f7a69e379fcb
resnet,mixed,29,bandpass_n20002_cV2_covariance_s10,phase2/results/predictions/full/mixed/resnet/seed_29/bandpass_n20002_cV2_covariance_s10.npz,76316,bfa4480a732533ad8688ae7b8a226d19e7d0a6d4e8cae465c54206b01d650ca4
resnet,mixed,29,bandpass_n20002_cV2_covariance_s5,phase2/results/predictions/full/mixed/resnet/seed_29/bandpass_n20002_cV2_covariance_s5.npz,76065,849aa021b8d49e0dfcfc13245156392904d8f6778243545d71cc081d9eb3037d
resnet,mixed,29,bandpass_n20002_cV2_covariance_s0,phase2/results/predictions/full/mixed/resnet/seed_29/bandpass_n20002_cV2_covariance_s0.npz,75541,1b865cd670169e2582be765c98e69b656a816e75972ab78fd6da9be0da3e0370
resnet,mixed,29,bandpass_n20002_cV3_independent_rms_s20,phase2/results/predictions/full/mixed/resnet/seed_29/bandpass_n20002_cV3_independent_rms_s20.npz,76388,3ae26eccd48c1a5263aa4d7eb1c79c726426e971092ec04711c4b0290df4ae17
resnet,mixed,29,bandpass_n20002_cV3_independent_rms_s15,phase2/results/predictions/full/mixed/resnet/seed_29/bandpass_n20002_cV3_independent_rms_s15.npz,76367,a5074e422062af0583d7de9462486521a9d7ce088ca39f959484d09434efedd9
resnet,mixed,29,bandpass_n20002_cV3_independent_rms_s10,phase2/results/predictions/full/mixed/resnet/seed_29/bandpass_n20002_cV3_independent_rms_s10.npz,76330,900c91dc0aec7978797d7ff0fd13d6507a2c5744e60e4b34f00132de93339c89
resnet,mixed,29,bandpass_n20002_cV3_independent_rms_s5,phase2/results/predictions/full/mixed/resnet/seed_29/bandpass_n20002_cV3_independent_rms_s5.npz,76190,6bc6eea5d5bd95dc5eb012725f49760dbf28450b615c3b2cc506ab9a67769161
resnet,mixed,29,bandpass_n20002_cV3_independent_rms_s0,phase2/results/predictions/full/mixed/resnet/seed_29/bandpass_n20002_cV3_independent_rms_s0.npz,75938,609511b3f175dc97502535c0568a05b248efc11f64893d2ae026b60ab8739314
resnet,mixed,29,bandpass_n20002_cV3_electrode_s20,phase2/results/predictions/full/mixed/resnet/seed_29/bandpass_n20002_cV3_electrode_s20.npz,76354,4d64afb7fb8706bbf5c64ee6707120c224d41feed3474df5ff8ccb7da30f13b1
resnet,mixed,29,bandpass_n20002_cV3_electrode_s15,phase2/results/predictions/full/mixed/resnet/seed_29/bandpass_n20002_cV3_electrode_s15.npz,76366,2902e07849dfbafce15c364b41d0e547cbaca4c51afef347fee4bf4c33926488
resnet,mixed,29,bandpass_n20002_cV3_electrode_s10,phase2/results/predictions/full/mixed/resnet/seed_29/bandpass_n20002_cV3_electrode_s10.npz,76320,15a31b03a494dcf376589c08c7c7b5ac4b88e087abe200921f538527395417dd
resnet,mixed,29,bandpass_n20002_cV3_electrode_s5,phase2/results/predictions/full/mixed/resnet/seed_29/bandpass_n20002_cV3_electrode_s5.npz,76219,4747308fd48a492d4ab58d1556d3378bb8bf0de582776736df7d1adfb52ffb46
resnet,mixed,29,bandpass_n20002_cV3_electrode_s0,phase2/results/predictions/full/mixed/resnet/seed_29/bandpass_n20002_cV3_electrode_s0.npz,75911,03499bc66fed2c42b616062105f5dc4071b42633a3658db4918fc032bc4c498e
resnet,mixed,29,bandpass_n20002_cV3_covariance_s20,phase2/results/predictions/full/mixed/resnet/seed_29/bandpass_n20002_cV3_covariance_s20.npz,76385,f4707e2bd89f3048488b02c684c957ea80472ba2c1926ba209d15ea8c03e4aee
resnet,mixed,29,bandpass_n20002_cV3_covariance_s15,phase2/results/predictions/full/mixed/resnet/seed_29/bandpass_n20002_cV3_covariance_s15.npz,76367,ae4dc739536137b0ae9f178737ab0732b7f93a2b4f09a91f1740269fcf441439
resnet,mixed,29,bandpass_n20002_cV3_covariance_s10,phase2/results/predictions/full/mixed/resnet/seed_29/bandpass_n20002_cV3_covariance_s10.npz,76316,aedb1a312770f11f90ce8fe34e758c30739e220f14b575e204319adac7de4ab9
resnet,mixed,29,bandpass_n20002_cV3_covariance_s5,phase2/results/predictions/full/mixed/resnet/seed_29/bandpass_n20002_cV3_covariance_s5.npz,76227,c0ccf395c3307b301d376428755e3e121d1d22534a39d835b1336108f18897bd
resnet,mixed,29,bandpass_n20002_cV3_covariance_s0,phase2/results/predictions/full/mixed/resnet/seed_29/bandpass_n20002_cV3_covariance_s0.npz,75896,ab7f66797e49dfd10f0a92c0b14272e44b49bd731ffaedb79ef88d6d3bf8fb0e
resnet,mixed,29,bandpass_n20002_cV4_independent_rms_s20,phase2/results/predictions/full/mixed/resnet/seed_29/bandpass_n20002_cV4_independent_rms_s20.npz,76381,fd793f03de04f284f4dd5e1031fd7d1de343c4b86898b0784ecdda53078f44c5
resnet,mixed,29,bandpass_n20002_cV4_independent_rms_s15,phase2/results/predictions/full/mixed/resnet/seed_29/bandpass_n20002_cV4_independent_rms_s15.npz,76371,70c3707cb2e82b1d8efd403a47fac0dfdca04f04390250b46a52936724a5e1ca
resnet,mixed,29,bandpass_n20002_cV4_independent_rms_s10,phase2/results/predictions/full/mixed/resnet/seed_29/bandpass_n20002_cV4_independent_rms_s10.npz,76342,123388e8f4694f18377cf4c392425e49458f3ff8a86df0b0ac4bcff43cd38429
resnet,mixed,29,bandpass_n20002_cV4_independent_rms_s5,phase2/results/predictions/full/mixed/resnet/seed_29/bandpass_n20002_cV4_independent_rms_s5.npz,76180,15a6727eead35d702caa8e5bfda622d537483c8174911c7de2d17262be76bd1e
resnet,mixed,29,bandpass_n20002_cV4_independent_rms_s0,phase2/results/predictions/full/mixed/resnet/seed_29/bandpass_n20002_cV4_independent_rms_s0.npz,75819,f64445e2de829d5208393910c6dab155739c23799fbf00b80ebf911fcfc57768
resnet,mixed,29,bandpass_n20002_cV4_electrode_s20,phase2/results/predictions/full/mixed/resnet/seed_29/bandpass_n20002_cV4_electrode_s20.npz,76351,e9513154fbd962debfe70e82bc63273607e44c9fc85a358c7512c9a3e23f397a
resnet,mixed,29,bandpass_n20002_cV4_electrode_s15,phase2/results/predictions/full/mixed/resnet/seed_29/bandpass_n20002_cV4_electrode_s15.npz,76360,1c7f2c76c040158541a127e70599b590a43a5ca29210f18fd2ef1ddd7987c846
resnet,mixed,29,bandpass_n20002_cV4_electrode_s10,phase2/results/predictions/full/mixed/resnet/seed_29/bandpass_n20002_cV4_electrode_s10.npz,76349,3e9d1d5b5ac4b601400212b1fb4e9ce6387daccd646bd48bb8dbfd780c802e60
resnet,mixed,29,bandpass_n20002_cV4_electrode_s5,phase2/results/predictions/full/mixed/resnet/seed_29/bandpass_n20002_cV4_electrode_s5.npz,76160,c01efb428a07c29bb769ac20b3e1c8dfcfd682c631bdbc9bf6167a5605c4a390
resnet,mixed,29,bandpass_n20002_cV4_electrode_s0,phase2/results/predictions/full/mixed/resnet/seed_29/bandpass_n20002_cV4_electrode_s0.npz,75803,8e1cc685b85d3bf9d3195131bdc408af751765ab91d62edb82a523dfa65a12a5
resnet,mixed,29,bandpass_n20002_cV4_covariance_s20,phase2/results/predictions/full/mixed/resnet/seed_29/bandpass_n20002_cV4_covariance_s20.npz,76358,4c6347b99fd50133fa094dbb8ef6ea0e044ea59a0a208e405104df0eb21e5605
resnet,mixed,29,bandpass_n20002_cV4_covariance_s15,phase2/results/predictions/full/mixed/resnet/seed_29/bandpass_n20002_cV4_covariance_s15.npz,76361,47ad1f8cbcc9ad1943bbaa621073c3b435597291a96076da964c7b516b14733c
resnet,mixed,29,bandpass_n20002_cV4_covariance_s10,phase2/results/predictions/full/mixed/resnet/seed_29/bandpass_n20002_cV4_covariance_s10.npz,76325,4e650ead150a7c1869b154dae1d74b4023c9c2eb92d1f8c22e56955d5f273484
resnet,mixed,29,bandpass_n20002_cV4_covariance_s5,phase2/results/predictions/full/mixed/resnet/seed_29/bandpass_n20002_cV4_covariance_s5.npz,76166,870099e953144214abed894d8d7309f30fabb3dce9101cd342c752a57647d488
resnet,mixed,29,bandpass_n20002_cV4_covariance_s0,phase2/results/predictions/full/mixed/resnet/seed_29/bandpass_n20002_cV4_covariance_s0.npz,75820,8053acbe7c06cc454b8d28048b0651006ca3a288968d888eb6829bd3bf94154f
resnet,mixed,29,bandpass_n20002_cV5_independent_rms_s20,phase2/results/predictions/full/mixed/resnet/seed_29/bandpass_n20002_cV5_independent_rms_s20.npz,76374,daca6143a6ea81a812049e324143a4c42847de97d7c28801f52a11acefdfc9c9
resnet,mixed,29,bandpass_n20002_cV5_independent_rms_s15,phase2/results/predictions/full/mixed/resnet/seed_29/bandpass_n20002_cV5_independent_rms_s15.npz,76349,9da0990c1b5c27e6a48ba6644711235955b45b3bce4bd1c0bcf02755e6705125
resnet,mixed,29,bandpass_n20002_cV5_independent_rms_s10,phase2/results/predictions/full/mixed/resnet/seed_29/bandpass_n20002_cV5_independent_rms_s10.npz,76273,234f2aa3f469ed7087161e1c0dfdddb6f2341cb24cfe614c961f4e1b994e24f6
resnet,mixed,29,bandpass_n20002_cV5_independent_rms_s5,phase2/results/predictions/full/mixed/resnet/seed_29/bandpass_n20002_cV5_independent_rms_s5.npz,76123,294cdd527ecc272e5e610dff1e828c668466bc9b46db8c800301bb64efc63222
resnet,mixed,29,bandpass_n20002_cV5_independent_rms_s0,phase2/results/predictions/full/mixed/resnet/seed_29/bandpass_n20002_cV5_independent_rms_s0.npz,75610,9db49d8c4806447528a572d73f871f34d92f91855771c0015427176952a2b29a
resnet,mixed,29,bandpass_n20002_cV5_electrode_s20,phase2/results/predictions/full/mixed/resnet/seed_29/bandpass_n20002_cV5_electrode_s20.npz,76342,28ff78b83bf5915b9a99c1ee917ed59ec4ab67e6322aefc35757ef0e22c4e5ac
resnet,mixed,29,bandpass_n20002_cV5_electrode_s15,phase2/results/predictions/full/mixed/resnet/seed_29/bandpass_n20002_cV5_electrode_s15.npz,76334,a2cad1e7630aa5fd7b1c341815edf0df3d2833257727f49de48346e0c347951c
resnet,mixed,29,bandpass_n20002_cV5_electrode_s10,phase2/results/predictions/full/mixed/resnet/seed_29/bandpass_n20002_cV5_electrode_s10.npz,76292,a34196ee44617a111a94a7a96fdeaf2f328279cebaeb89e557e023df4d27dc18
resnet,mixed,29,bandpass_n20002_cV5_electrode_s5,phase2/results/predictions/full/mixed/resnet/seed_29/bandpass_n20002_cV5_electrode_s5.npz,76066,4c20d14e044bd0c0cc42f5c214ac4efe835f31bf77d2eddca68f5b21db38f8a2
resnet,mixed,29,bandpass_n20002_cV5_electrode_s0,phase2/results/predictions/full/mixed/resnet/seed_29/bandpass_n20002_cV5_electrode_s0.npz,75598,51173d0c0d22e82939d6990d1e7c2c6fa81e31f3c33d02a1a959ed4a89d105bf
resnet,mixed,29,bandpass_n20002_cV5_covariance_s20,phase2/results/predictions/full/mixed/resnet/seed_29/bandpass_n20002_cV5_covariance_s20.npz,76376,ce397165af89293c1714e7493d5c97e194c9f559b4a9ec721776b74cebb6bf08
resnet,mixed,29,bandpass_n20002_cV5_covariance_s15,phase2/results/predictions/full/mixed/resnet/seed_29/bandpass_n20002_cV5_covariance_s15.npz,76349,03ec25af0deea1ede818226afdc548266686160b5f5213bf001a2f3b3fedd611
resnet,mixed,29,bandpass_n20002_cV5_covariance_s10,phase2/results/predictions/full/mixed/resnet/seed_29/bandpass_n20002_cV5_covariance_s10.npz,76290,ff1f0bc694cdfb4ae123bd2015891b6768ccc8ceb269cb475b978773a27ecf94
resnet,mixed,29,bandpass_n20002_cV5_covariance_s5,phase2/results/predictions/full/mixed/resnet/seed_29/bandpass_n20002_cV5_covariance_s5.npz,76110,df9630daa30727cd3a1bac0a8738385e7d467454c235829bccf861d6f7a96d0b
resnet,mixed,29,bandpass_n20002_cV5_covariance_s0,phase2/results/predictions/full/mixed/resnet/seed_29/bandpass_n20002_cV5_covariance_s0.npz,75581,81a0f3de988d281ace31bb7f87256b8a198737a7c39dbb80d7ab5169bebbbd48
resnet,mixed,29,bandpass_n20002_cV6_independent_rms_s20,phase2/results/predictions/full/mixed/resnet/seed_29/bandpass_n20002_cV6_independent_rms_s20.npz,76415,fc4d279067b03382d9aa0cfc0870a2c251f7b2ce871e39ab99da06f987ad8443
resnet,mixed,29,bandpass_n20002_cV6_independent_rms_s15,phase2/results/predictions/full/mixed/resnet/seed_29/bandpass_n20002_cV6_independent_rms_s15.npz,76393,746749fefab05caa318c6a03a134e52f7faca077aff94433a12f12f6c3b93822
resnet,mixed,29,bandpass_n20002_cV6_independent_rms_s10,phase2/results/predictions/full/mixed/resnet/seed_29/bandpass_n20002_cV6_independent_rms_s10.npz,76347,2d3701d94647773f23d07d0549573dd0ba4d7891838db5d85e65583b164b2d2c
resnet,mixed,29,bandpass_n20002_cV6_independent_rms_s5,phase2/results/predictions/full/mixed/resnet/seed_29/bandpass_n20002_cV6_independent_rms_s5.npz,76165,dec99b8d7308a92b1fcb2831c1f182af710b06f5cfcc901a7dac5dd5c34adef5
resnet,mixed,29,bandpass_n20002_cV6_independent_rms_s0,phase2/results/predictions/full/mixed/resnet/seed_29/bandpass_n20002_cV6_independent_rms_s0.npz,75802,ba8c0b836b1e95a85e0e846dee4fef0fb5eeed57d681d16576ae66b916a975d3
resnet,mixed,29,bandpass_n20002_cV6_electrode_s20,phase2/results/predictions/full/mixed/resnet/seed_29/bandpass_n20002_cV6_electrode_s20.npz,76382,ed01436a51964234909b41ec9bafc36c35909d5adc6c8568133491c046f0c739
resnet,mixed,29,bandpass_n20002_cV6_electrode_s15,phase2/results/predictions/full/mixed/resnet/seed_29/bandpass_n20002_cV6_electrode_s15.npz,76380,46e4b9f7d80bbd0575aa8f114ff401bd31892c7ed89893c383ca8dbc04f0bbe9
resnet,mixed,29,bandpass_n20002_cV6_electrode_s10,phase2/results/predictions/full/mixed/resnet/seed_29/bandpass_n20002_cV6_electrode_s10.npz,76328,645a1bf14423ec1c7ea59f4e618dd42814bbde6c245f36549bbf865c0f62ce25
resnet,mixed,29,bandpass_n20002_cV6_electrode_s5,phase2/results/predictions/full/mixed/resnet/seed_29/bandpass_n20002_cV6_electrode_s5.npz,76178,157ec997fa3f11b915b91b7eced920804b1a3dd3229fc400919f2a007ff9153f
resnet,mixed,29,bandpass_n20002_cV6_electrode_s0,phase2/results/predictions/full/mixed/resnet/seed_29/bandpass_n20002_cV6_electrode_s0.npz,75762,ddd2e7685a2af0b7f23eaa310d5bc8aa5af2611b48210e3f8dbbc874b67bdc3a
resnet,mixed,29,bandpass_n20002_cV6_covariance_s20,phase2/results/predictions/full/mixed/resnet/seed_29/bandpass_n20002_cV6_covariance_s20.npz,76395,6b413f670af4a110d50bae7adf48aa0b4548d871f52842a7e83305e2bd8467b1
resnet,mixed,29,bandpass_n20002_cV6_covariance_s15,phase2/results/predictions/full/mixed/resnet/seed_29/bandpass_n20002_cV6_covariance_s15.npz,76359,5b4d774c4a63b5f4d671772661c0402ca3962a66080492d4001a60602fb58ba1
resnet,mixed,29,bandpass_n20002_cV6_covariance_s10,phase2/results/predictions/full/mixed/resnet/seed_29/bandpass_n20002_cV6_covariance_s10.npz,76356,57f978866865190dc3b2c1e4522151a1a54b1cea9cc5eed7b4071c69c238f773
resnet,mixed,29,bandpass_n20002_cV6_covariance_s5,phase2/results/predictions/full/mixed/resnet/seed_29/bandpass_n20002_cV6_covariance_s5.npz,76142,e19d3511ff3c9b93abea8a6d1f661c872424742ab26c174eae88ab5fa9d3ae88
resnet,mixed,29,bandpass_n20002_cV6_covariance_s0,phase2/results/predictions/full/mixed/resnet/seed_29/bandpass_n20002_cV6_covariance_s0.npz,75762,9c3434fc6c7f6b630b5d176a96093c572828d5c13721fef53701cbcf78cd36cf
resnet,mixed,29,bandpass_n20002_cRA_LA_independent_rms_s20,phase2/results/predictions/full/mixed/resnet/seed_29/bandpass_n20002_cRA_LA_independent_rms_s20.npz,76393,a5759885e0d0c4f4342ea28a615489e15b4418abc9c9e300d0c3fb23b68845df
resnet,mixed,29,bandpass_n20002_cRA_LA_independent_rms_s15,phase2/results/predictions/full/mixed/resnet/seed_29/bandpass_n20002_cRA_LA_independent_rms_s15.npz,76369,86c77e78b30cfdda5b11fbaede7251f2b2f5d42726d69a581c629c05b31cbecf
resnet,mixed,29,bandpass_n20002_cRA_LA_independent_rms_s10,phase2/results/predictions/full/mixed/resnet/seed_29/bandpass_n20002_cRA_LA_independent_rms_s10.npz,76302,7a9660d98920c571c6add9d028b3ec00300e4be7ce4dbd9f7148e4eab7408afe
resnet,mixed,29,bandpass_n20002_cRA_LA_independent_rms_s5,phase2/results/predictions/full/mixed/resnet/seed_29/bandpass_n20002_cRA_LA_independent_rms_s5.npz,76092,64771527c3af41f7e7e7f7cdd6429b03eb18e8746b746da9b404097c4d329d4a
resnet,mixed,29,bandpass_n20002_cRA_LA_independent_rms_s0,phase2/results/predictions/full/mixed/resnet/seed_29/bandpass_n20002_cRA_LA_independent_rms_s0.npz,75601,760c5237084da2ba114b7caae347e8109b19d00e8466b7c4f0a46f67d07d4c60
resnet,mixed,29,bandpass_n20002_cRA_LA_electrode_s20,phase2/results/predictions/full/mixed/resnet/seed_29/bandpass_n20002_cRA_LA_electrode_s20.npz,76370,33204f5bd8570a86d217637860dc53acede9ce00c23d8ceb289d3f73f2d71e69
resnet,mixed,29,bandpass_n20002_cRA_LA_electrode_s15,phase2/results/predictions/full/mixed/resnet/seed_29/bandpass_n20002_cRA_LA_electrode_s15.npz,76350,1729ad07008f2f7a238d3fb0deffebbce1b0485777a7dff866a5881c040ffd77
resnet,mixed,29,bandpass_n20002_cRA_LA_electrode_s10,phase2/results/predictions/full/mixed/resnet/seed_29/bandpass_n20002_cRA_LA_electrode_s10.npz,76257,dc7e8624612051236d9f2a6375881c24ab23b47a724cd63c8df2af3d75578dca
resnet,mixed,29,bandpass_n20002_cRA_LA_electrode_s5,phase2/results/predictions/full/mixed/resnet/seed_29/bandpass_n20002_cRA_LA_electrode_s5.npz,75981,0112b049648e95a3dd80cb4999374536cf67b0a460634b5fd1997f87c7121c1a
resnet,mixed,29,bandpass_n20002_cRA_LA_electrode_s0,phase2/results/predictions/full/mixed/resnet/seed_29/bandpass_n20002_cRA_LA_electrode_s0.npz,75399,f7e62e70e409e33a4eba205aedbd6373cb2e2cf31d235155237be88d46e09068
resnet,mixed,29,bandpass_n20002_cRA_LA_covariance_s20,phase2/results/predictions/full/mixed/resnet/seed_29/bandpass_n20002_cRA_LA_covariance_s20.npz,76346,e14f68214d8f9d9ad4aa04529a9410ab25488bbca86f6d67051c974176a3f2f7
resnet,mixed,29,bandpass_n20002_cRA_LA_covariance_s15,phase2/results/predictions/full/mixed/resnet/seed_29/bandpass_n20002_cRA_LA_covariance_s15.npz,76326,fdcf0d2fd7caddb7d0ad5a00c5c1b0dd2ede1c1df043d7f2e08f6ae078a07ce9
resnet,mixed,29,bandpass_n20002_cRA_LA_covariance_s10,phase2/results/predictions/full/mixed/resnet/seed_29/bandpass_n20002_cRA_LA_covariance_s10.npz,76244,37dba5fbba9c53e1df59469fe871d0943f90dc021b1bb7561b34780e9d0a3a4a
resnet,mixed,29,bandpass_n20002_cRA_LA_covariance_s5,phase2/results/predictions/full/mixed/resnet/seed_29/bandpass_n20002_cRA_LA_covariance_s5.npz,75987,6e8d4a701c97d9d75e8c1bc3a9ee18a38d1db49ec7e9dc65eec53e5c63aa4c0e
resnet,mixed,29,bandpass_n20002_cRA_LA_covariance_s0,phase2/results/predictions/full/mixed/resnet/seed_29/bandpass_n20002_cRA_LA_covariance_s0.npz,75384,312d7b4ef6a50162992151d257b143599619b976e6b65a642c2fbf158ff3de44
resnet,mixed,29,bandpass_n20002_cLA_LL_independent_rms_s20,phase2/results/predictions/full/mixed/resnet/seed_29/bandpass_n20002_cLA_LL_independent_rms_s20.npz,76394,02e63d2f571b0edce8218beb018a7a18c76acfde8b78b5fc118a7980fa178efe
resnet,mixed,29,bandpass_n20002_cLA_LL_independent_rms_s15,phase2/results/predictions/full/mixed/resnet/seed_29/bandpass_n20002_cLA_LL_independent_rms_s15.npz,76359,257825cba9fe8e5b50a70b821c149bd3ed5032e4452b6210712e889e07a53988
resnet,mixed,29,bandpass_n20002_cLA_LL_independent_rms_s10,phase2/results/predictions/full/mixed/resnet/seed_29/bandpass_n20002_cLA_LL_independent_rms_s10.npz,76293,22da100f602bd4d8ea985e9ce1ee7e4792c5e94b4b85d275e358c413308c61c1
resnet,mixed,29,bandpass_n20002_cLA_LL_independent_rms_s5,phase2/results/predictions/full/mixed/resnet/seed_29/bandpass_n20002_cLA_LL_independent_rms_s5.npz,76116,a938c91b6d7d1640f5df553debcdeb6f0ebed5e8e6b755fc156e8d3b99d00787
resnet,mixed,29,bandpass_n20002_cLA_LL_independent_rms_s0,phase2/results/predictions/full/mixed/resnet/seed_29/bandpass_n20002_cLA_LL_independent_rms_s0.npz,75666,147dffb16b193717ce3c7cf4d9f083bb2ef891d2f5d86f54c99e85940314a14d
resnet,mixed,29,bandpass_n20002_cLA_LL_electrode_s20,phase2/results/predictions/full/mixed/resnet/seed_29/bandpass_n20002_cLA_LL_electrode_s20.npz,76341,e8a3343f2537d567e459c0164f7643ef26baea609c22572cecefb021ca776be3
resnet,mixed,29,bandpass_n20002_cLA_LL_electrode_s15,phase2/results/predictions/full/mixed/resnet/seed_29/bandpass_n20002_cLA_LL_electrode_s15.npz,76341,2053aa726e1e84fb6de7b08c5898e732ab2238e0ded77e16dcfd6dc7124884c5
resnet,mixed,29,bandpass_n20002_cLA_LL_electrode_s10,phase2/results/predictions/full/mixed/resnet/seed_29/bandpass_n20002_cLA_LL_electrode_s10.npz,76221,02ee1b383aebf7493b254fc9fd88ae7defc44cb0c610db281273e0fbcdbaf3ef
resnet,mixed,29,bandpass_n20002_cLA_LL_electrode_s5,phase2/results/predictions/full/mixed/resnet/seed_29/bandpass_n20002_cLA_LL_electrode_s5.npz,76021,4e8ce15f14e9f2cb920135c2c02176f00eef4aa208b541d5cd1eae5d1c2ae9f9
resnet,mixed,29,bandpass_n20002_cLA_LL_electrode_s0,phase2/results/predictions/full/mixed/resnet/seed_29/bandpass_n20002_cLA_LL_electrode_s0.npz,75570,9925cfe8dd3af90a193f31597eafa59a65a3d0d6d98e0035ba46765c66969e9d
resnet,mixed,29,bandpass_n20002_cLA_LL_covariance_s20,phase2/results/predictions/full/mixed/resnet/seed_29/bandpass_n20002_cLA_LL_covariance_s20.npz,76370,f0c955aabe83c8a419d5113cf1b170c730da34456131e1cf49bea5819ece6fe4
resnet,mixed,29,bandpass_n20002_cLA_LL_covariance_s15,phase2/results/predictions/full/mixed/resnet/seed_29/bandpass_n20002_cLA_LL_covariance_s15.npz,76352,48a5d8376629bde3431297fa1abd6946d8dbbea602a195bdd2bd71771ce2af6b
resnet,mixed,29,bandpass_n20002_cLA_LL_covariance_s10,phase2/results/predictions/full/mixed/resnet/seed_29/bandpass_n20002_cLA_LL_covariance_s10.npz,76246,40c9e2da324a1a3836cafc66a9a9b54262c5aa28f15836db81e4607a29cfc991
resnet,mixed,29,bandpass_n20002_cLA_LL_covariance_s5,phase2/results/predictions/full/mixed/resnet/seed_29/bandpass_n20002_cLA_LL_covariance_s5.npz,75987,791446430482bb74d726a2a3d77b643d0a8c401a85acccacf0ef0cf032c352a5
resnet,mixed,29,bandpass_n20002_cLA_LL_covariance_s0,phase2/results/predictions/full/mixed/resnet/seed_29/bandpass_n20002_cLA_LL_covariance_s0.npz,75525,12644f0395fa0ab728667bb912caf62946f9c8fa7aba9928775d82e693531108
resnet,mixed,29,bandpass_n20002_cRA_LL_independent_rms_s20,phase2/results/predictions/full/mixed/resnet/seed_29/bandpass_n20002_cRA_LL_independent_rms_s20.npz,76362,4af0145b14a0a968734482c3c7a406979f1c9b13967b4d3e6e19575785971866
resnet,mixed,29,bandpass_n20002_cRA_LL_independent_rms_s15,phase2/results/predictions/full/mixed/resnet/seed_29/bandpass_n20002_cRA_LL_independent_rms_s15.npz,76389,22b0022203d723f1753b0e562df0896148521f4afe93d7b4b45598f8fa0ea27b
resnet,mixed,29,bandpass_n20002_cRA_LL_independent_rms_s10,phase2/results/predictions/full/mixed/resnet/seed_29/bandpass_n20002_cRA_LL_independent_rms_s10.npz,76309,0f3218fed9dddc75a979057d9296efef67b95e7a2cdb5d41654f6c6e1793a22e
resnet,mixed,29,bandpass_n20002_cRA_LL_independent_rms_s5,phase2/results/predictions/full/mixed/resnet/seed_29/bandpass_n20002_cRA_LL_independent_rms_s5.npz,76118,f2d91e1c5cc2044b189bb8690e57bad7bd0aa02334d8aa544de659ee2a7d586f
resnet,mixed,29,bandpass_n20002_cRA_LL_independent_rms_s0,phase2/results/predictions/full/mixed/resnet/seed_29/bandpass_n20002_cRA_LL_independent_rms_s0.npz,75595,e49e33627d1a5d4caac2de89ecaa5f0593c03971b69547a8431ed869434b7bb3
resnet,mixed,29,bandpass_n20002_cRA_LL_electrode_s20,phase2/results/predictions/full/mixed/resnet/seed_29/bandpass_n20002_cRA_LL_electrode_s20.npz,76388,61b20480c56a55922688d99330d4be3fce6350ec1d8709fa3f9f804f1c848917
resnet,mixed,29,bandpass_n20002_cRA_LL_electrode_s15,phase2/results/predictions/full/mixed/resnet/seed_29/bandpass_n20002_cRA_LL_electrode_s15.npz,76346,9c2f2c4dbfd06db4ed63789ce10cabb5402ecc83012bfbc3e802c85333e69174
resnet,mixed,29,bandpass_n20002_cRA_LL_electrode_s10,phase2/results/predictions/full/mixed/resnet/seed_29/bandpass_n20002_cRA_LL_electrode_s10.npz,76205,f4f4ca71de0b17deb0c3a48344d45db6382f87d3b4f19ecf5006be05603ad37d
resnet,mixed,29,bandpass_n20002_cRA_LL_electrode_s5,phase2/results/predictions/full/mixed/resnet/seed_29/bandpass_n20002_cRA_LL_electrode_s5.npz,75980,643bfe74f5ed239913e82ba97f073973b30967d54f48a29f1cd83d8044b1d4c8
resnet,mixed,29,bandpass_n20002_cRA_LL_electrode_s0,phase2/results/predictions/full/mixed/resnet/seed_29/bandpass_n20002_cRA_LL_electrode_s0.npz,75499,095de1fb63fe6b77a60cdf36e36a50092556c0b3f3545b0bbf22d3431a15258d
resnet,mixed,29,bandpass_n20002_cRA_LL_covariance_s20,phase2/results/predictions/full/mixed/resnet/seed_29/bandpass_n20002_cRA_LL_covariance_s20.npz,76362,d1b90cce2677b709713d98dd093f028e9686a8ac454a839a7166692608d84505
resnet,mixed,29,bandpass_n20002_cRA_LL_covariance_s15,phase2/results/predictions/full/mixed/resnet/seed_29/bandpass_n20002_cRA_LL_covariance_s15.npz,76331,fcc147bd1fea83dcfb2b9e4b55d95a50dff9c07791db679764a2d26e9028282f
resnet,mixed,29,bandpass_n20002_cRA_LL_covariance_s10,phase2/results/predictions/full/mixed/resnet/seed_29/bandpass_n20002_cRA_LL_covariance_s10.npz,76234,3b35d4924abe76e161b5b6c9c458067a8f7123364bbd147796f2bd4bae1703e4
resnet,mixed,29,bandpass_n20002_cRA_LL_covariance_s5,phase2/results/predictions/full/mixed/resnet/seed_29/bandpass_n20002_cRA_LL_covariance_s5.npz,75978,a6f5dd69d3bfeabd2a9364081ed99624d5bfaa11018704bc7ce3de60ff732601
resnet,mixed,29,bandpass_n20002_cRA_LL_covariance_s0,phase2/results/predictions/full/mixed/resnet/seed_29/bandpass_n20002_cRA_LL_covariance_s0.npz,75549,a39c98ffe4465fefa7b609a1997efe3873fa8c02a76141e78fce2e2c1cf59a80
resnet,mixed,29,bandpass_n20002_cRA_independent_rms_s20,phase2/results/predictions/full/mixed/resnet/seed_29/bandpass_n20002_cRA_independent_rms_s20.npz,76385,8402dc263e41bf46f99b28e1840d67d3b22f7f48b4b11ba76da42e5ca34a2575
resnet,mixed,29,bandpass_n20002_cRA_independent_rms_s15,phase2/results/predictions/full/mixed/resnet/seed_29/bandpass_n20002_cRA_independent_rms_s15.npz,76390,98002d0a6d581b9daf1155e23e4672c39cd7f1e2e16073eba961339613bd1f1b
resnet,mixed,29,bandpass_n20002_cRA_independent_rms_s10,phase2/results/predictions/full/mixed/resnet/seed_29/bandpass_n20002_cRA_independent_rms_s10.npz,76322,18e849eaa90feaeed29c86beb7520187164d7ec946aaaec91f94daa3a623ec06
resnet,mixed,29,bandpass_n20002_cRA_independent_rms_s5,phase2/results/predictions/full/mixed/resnet/seed_29/bandpass_n20002_cRA_independent_rms_s5.npz,76090,11129692f566ded84371a031f21e8417d7596258aa196349969e5e07807208af
resnet,mixed,29,bandpass_n20002_cRA_independent_rms_s0,phase2/results/predictions/full/mixed/resnet/seed_29/bandpass_n20002_cRA_independent_rms_s0.npz,75577,a2eb72bed8d70dcb23c1e6525f023f8fc0a2ff3620f263381387f1a4170416f7
resnet,mixed,29,bandpass_n20002_cRA_electrode_s20,phase2/results/predictions/full/mixed/resnet/seed_29/bandpass_n20002_cRA_electrode_s20.npz,76386,423f60013a8d38d53fadebe012383acc314d7fb7255ce5f73473435719348003
resnet,mixed,29,bandpass_n20002_cRA_electrode_s15,phase2/results/predictions/full/mixed/resnet/seed_29/bandpass_n20002_cRA_electrode_s15.npz,76348,9fa01b1ed96298f3df0e7def785f0ffe9d0473d5f3ddd83d68d17f23fc5544e0
resnet,mixed,29,bandpass_n20002_cRA_electrode_s10,phase2/results/predictions/full/mixed/resnet/seed_29/bandpass_n20002_cRA_electrode_s10.npz,76215,2a59a880f2c0ca9a2e99acd5e8f7290bd4e6295e8b92235d5a8bfeec71786c26
resnet,mixed,29,bandpass_n20002_cRA_electrode_s5,phase2/results/predictions/full/mixed/resnet/seed_29/bandpass_n20002_cRA_electrode_s5.npz,75997,39bfe3d5271cf04979dbed36e0e9cc83950f9f0016ec50ad420f75b02f6c17c3
resnet,mixed,29,bandpass_n20002_cRA_electrode_s0,phase2/results/predictions/full/mixed/resnet/seed_29/bandpass_n20002_cRA_electrode_s0.npz,75473,96f911c851e884798544e6da81aa635524c201555ed10fb37e0ce0cc1c4777c3
resnet,mixed,29,bandpass_n20002_cRA_covariance_s20,phase2/results/predictions/full/mixed/resnet/seed_29/bandpass_n20002_cRA_covariance_s20.npz,76387,305f9947aa741017fadcbd09c45ac37ee6472b4d2565e20338e362703b782586
resnet,mixed,29,bandpass_n20002_cRA_covariance_s15,phase2/results/predictions/full/mixed/resnet/seed_29/bandpass_n20002_cRA_covariance_s15.npz,76343,cee666bf5e4a4d7d3bcc7300e9ed35a68e1bf4bea90f38cd607ef0b59f71bdf7
resnet,mixed,29,bandpass_n20002_cRA_covariance_s10,phase2/results/predictions/full/mixed/resnet/seed_29/bandpass_n20002_cRA_covariance_s10.npz,76221,5e1d5d9abac5adb4a18ecca58e10bc75aacf704e9dcc04d932a8c3e3b97ccbf3
resnet,mixed,29,bandpass_n20002_cRA_covariance_s5,phase2/results/predictions/full/mixed/resnet/seed_29/bandpass_n20002_cRA_covariance_s5.npz,75974,dc6e9a682d3dcaac953414f64c5e9d0d043f5b0648c0745ab82dfcbecc79a5bc
resnet,mixed,29,bandpass_n20002_cRA_covariance_s0,phase2/results/predictions/full/mixed/resnet/seed_29/bandpass_n20002_cRA_covariance_s0.npz,75454,6b01f4041ba12e0869949f319cf233f0eb325f7f6bd074b7abd7655567b91312
resnet,mixed,29,bandpass_n20002_cLA_independent_rms_s20,phase2/results/predictions/full/mixed/resnet/seed_29/bandpass_n20002_cLA_independent_rms_s20.npz,76396,4c8e3843afb4f158007f67282b7c914708cb55ae5a9a133feab4501efd578aa3
resnet,mixed,29,bandpass_n20002_cLA_independent_rms_s15,phase2/results/predictions/full/mixed/resnet/seed_29/bandpass_n20002_cLA_independent_rms_s15.npz,76375,999e0edee8acbba88577f52c8ec71f14c9db94d48a603ca648d3ba39ee028bf2
resnet,mixed,29,bandpass_n20002_cLA_independent_rms_s10,phase2/results/predictions/full/mixed/resnet/seed_29/bandpass_n20002_cLA_independent_rms_s10.npz,76306,99ae76f309d70d883e2fed515bfabea3ace1579f273d9bdc53c3a0b0700375ad
resnet,mixed,29,bandpass_n20002_cLA_independent_rms_s5,phase2/results/predictions/full/mixed/resnet/seed_29/bandpass_n20002_cLA_independent_rms_s5.npz,76064,00d56ccb75f17c23b38978620a94c403e9ac3344dde01cbc4b288adea49bc62a
resnet,mixed,29,bandpass_n20002_cLA_independent_rms_s0,phase2/results/predictions/full/mixed/resnet/seed_29/bandpass_n20002_cLA_independent_rms_s0.npz,75641,ead50081058a8ea3b6767d28e79d997b0dd7da1fbdfa36e50332fb851c218601
resnet,mixed,29,bandpass_n20002_cLA_electrode_s20,phase2/results/predictions/full/mixed/resnet/seed_29/bandpass_n20002_cLA_electrode_s20.npz,76360,7a0f5335e7104051e7b282edc797693f243e464baca9aa845c304d0ccd248b18
resnet,mixed,29,bandpass_n20002_cLA_electrode_s15,phase2/results/predictions/full/mixed/resnet/seed_29/bandpass_n20002_cLA_electrode_s15.npz,76305,4c90757d8c0fc28c21e8f8f8488230520ce51d4e463b25da63a5f910bd8c6f96
resnet,mixed,29,bandpass_n20002_cLA_electrode_s10,phase2/results/predictions/full/mixed/resnet/seed_29/bandpass_n20002_cLA_electrode_s10.npz,76247,1540d9235917548899618704eb9119af49b942127c65b15ef5142dfa71850a81
resnet,mixed,29,bandpass_n20002_cLA_electrode_s5,phase2/results/predictions/full/mixed/resnet/seed_29/bandpass_n20002_cLA_electrode_s5.npz,76002,137c0fdd1801d5eeeb3c7a5015101208e30130f01c4977abc43199548aaa6d07
resnet,mixed,29,bandpass_n20002_cLA_electrode_s0,phase2/results/predictions/full/mixed/resnet/seed_29/bandpass_n20002_cLA_electrode_s0.npz,75424,e28a41d4df9a312bf303adcc7d2cf20961e8c7e6fadae9765c96419a0d212899
resnet,mixed,29,bandpass_n20002_cLA_covariance_s20,phase2/results/predictions/full/mixed/resnet/seed_29/bandpass_n20002_cLA_covariance_s20.npz,76366,69684522131b274952723860dcf01e34ad40b2abbdbe8a648c2a94fecf1f4d54
resnet,mixed,29,bandpass_n20002_cLA_covariance_s15,phase2/results/predictions/full/mixed/resnet/seed_29/bandpass_n20002_cLA_covariance_s15.npz,76347,eaa0c4164433bbd40d1691c1b99c5ecc903d4c439ec03f3b94adc888d7e796d1
resnet,mixed,29,bandpass_n20002_cLA_covariance_s10,phase2/results/predictions/full/mixed/resnet/seed_29/bandpass_n20002_cLA_covariance_s10.npz,76240,52a9239f59142f4a17db1ca89e451eb40affa007ed0f15bd7694dd4b14c15803
resnet,mixed,29,bandpass_n20002_cLA_covariance_s5,phase2/results/predictions/full/mixed/resnet/seed_29/bandpass_n20002_cLA_covariance_s5.npz,76036,50ad34cb94cb2bbc2917cad4802fe222ba1c318a416ba1c9c600305970e1d442
resnet,mixed,29,bandpass_n20002_cLA_covariance_s0,phase2/results/predictions/full/mixed/resnet/seed_29/bandpass_n20002_cLA_covariance_s0.npz,75424,aeb4f295b3ace153fdd7a1a9d8134fe3ec6868bb98f76e4bd826f605f249ef08
resnet,mixed,29,bandpass_n20002_cLL_independent_rms_s20,phase2/results/predictions/full/mixed/resnet/seed_29/bandpass_n20002_cLL_independent_rms_s20.npz,76357,c8a7adc2bcc329e8c1f3c26243b128716946696f690536504a61dac6a4cd0490
resnet,mixed,29,bandpass_n20002_cLL_independent_rms_s15,phase2/results/predictions/full/mixed/resnet/seed_29/bandpass_n20002_cLL_independent_rms_s15.npz,76369,f34f8ad060d358e041e91b4ac838a53f9444257028d04b5e6063c14a2358355e
resnet,mixed,29,bandpass_n20002_cLL_independent_rms_s10,phase2/results/predictions/full/mixed/resnet/seed_29/bandpass_n20002_cLL_independent_rms_s10.npz,76300,99406831e2d0c4334db394e01424c3ab0b1ee898c0cbf365c9ec4de967af4e89
resnet,mixed,29,bandpass_n20002_cLL_independent_rms_s5,phase2/results/predictions/full/mixed/resnet/seed_29/bandpass_n20002_cLL_independent_rms_s5.npz,76095,afef635a34db1ceb5533cf28083b640ed73e6261e8f0c9fbebfd7537f9931aa4
resnet,mixed,29,bandpass_n20002_cLL_independent_rms_s0,phase2/results/predictions/full/mixed/resnet/seed_29/bandpass_n20002_cLL_independent_rms_s0.npz,75635,3547529bd595604742858f24b0912f3467f9807f7fa319eca6f02ca48f158c2f
resnet,mixed,29,bandpass_n20002_cLL_electrode_s20,phase2/results/predictions/full/mixed/resnet/seed_29/bandpass_n20002_cLL_electrode_s20.npz,76396,60b72d027cee5d26a6c3b64e3b8e6a6120565ace579f34adc418f0df8f839869
resnet,mixed,29,bandpass_n20002_cLL_electrode_s15,phase2/results/predictions/full/mixed/resnet/seed_29/bandpass_n20002_cLL_electrode_s15.npz,76332,19a81d76df09ea7c516302f48babcba9b6ea5da673395dfc8ab669f65445b1d5
resnet,mixed,29,bandpass_n20002_cLL_electrode_s10,phase2/results/predictions/full/mixed/resnet/seed_29/bandpass_n20002_cLL_electrode_s10.npz,76214,ccdd3b43944829ca7c03f7abe0069e80ad75f2803664e54fe3e16f4cbbe7d2db
resnet,mixed,29,bandpass_n20002_cLL_electrode_s5,phase2/results/predictions/full/mixed/resnet/seed_29/bandpass_n20002_cLL_electrode_s5.npz,75996,5f2eb319fb0b0b8d55be2890aa5e4393efadb2b5de113894e8862a2fdad2a54e
resnet,mixed,29,bandpass_n20002_cLL_electrode_s0,phase2/results/predictions/full/mixed/resnet/seed_29/bandpass_n20002_cLL_electrode_s0.npz,75705,cd77498c0744fd6f5ea756f90823ee61e70a9a4dc3ed512fc791bf2abcdb4e7d
resnet,mixed,29,bandpass_n20002_cLL_covariance_s20,phase2/results/predictions/full/mixed/resnet/seed_29/bandpass_n20002_cLL_covariance_s20.npz,76366,c8bd5ab7804d9f876dd6fb80447e8ca3847c1c56a123d32cf304ac8db6aa5e78
resnet,mixed,29,bandpass_n20002_cLL_covariance_s15,phase2/results/predictions/full/mixed/resnet/seed_29/bandpass_n20002_cLL_covariance_s15.npz,76342,e9cefe996844a14a066b553073ee76d5bc936b16a226275822660c036b2bd21b
resnet,mixed,29,bandpass_n20002_cLL_covariance_s10,phase2/results/predictions/full/mixed/resnet/seed_29/bandpass_n20002_cLL_covariance_s10.npz,76244,e0f950db198dd25afea3cc887f7975200c8862dda81d145af66b726cbfb8c2fe
resnet,mixed,29,bandpass_n20002_cLL_covariance_s5,phase2/results/predictions/full/mixed/resnet/seed_29/bandpass_n20002_cLL_covariance_s5.npz,76006,b3c3e93475d2b2dfa494f2554a1af249502f39d1db62e216c229200db81ea0a3
resnet,mixed,29,bandpass_n20002_cLL_covariance_s0,phase2/results/predictions/full/mixed/resnet/seed_29/bandpass_n20002_cLL_covariance_s0.npz,75699,9890c233b50e65fdd7f4747c0a800d49d79dcb0e49a60f7dfaec77c853299b60
resnet,mixed,29,bandpass_n20002_cRA_V1_independent_rms_s20,phase2/results/predictions/full/mixed/resnet/seed_29/bandpass_n20002_cRA_V1_independent_rms_s20.npz,76404,a1292ff5e5a761b53b21383682deb9cde2b5f7438129a12619f24dd78062a073
resnet,mixed,29,bandpass_n20002_cRA_V1_independent_rms_s15,phase2/results/predictions/full/mixed/resnet/seed_29/bandpass_n20002_cRA_V1_independent_rms_s15.npz,76407,4d909fb5f5bed2c5ab2eb66cd4593387b8ed90e21a9ed81ea76604a089182ff7
resnet,mixed,29,bandpass_n20002_cRA_V1_independent_rms_s10,phase2/results/predictions/full/mixed/resnet/seed_29/bandpass_n20002_cRA_V1_independent_rms_s10.npz,76293,fd917a88f8647db631afd87ffda1f1ab82990501b345b131629aaec12a72a404
resnet,mixed,29,bandpass_n20002_cRA_V1_independent_rms_s5,phase2/results/predictions/full/mixed/resnet/seed_29/bandpass_n20002_cRA_V1_independent_rms_s5.npz,76082,93b7569c9211a8df5bd9eb0a0d310ef849e836f436e3b0b2dd546e1dfa693f51
resnet,mixed,29,bandpass_n20002_cRA_V1_independent_rms_s0,phase2/results/predictions/full/mixed/resnet/seed_29/bandpass_n20002_cRA_V1_independent_rms_s0.npz,75564,62d9966cbb6ab7a53f24672e5e05d8b525c0ecdd4c292c2ce57f9540060770a4
resnet,mixed,29,bandpass_n20002_cRA_V1_electrode_s20,phase2/results/predictions/full/mixed/resnet/seed_29/bandpass_n20002_cRA_V1_electrode_s20.npz,76343,a4dca085a42f3bac4b64952a4ed1ce85c25a9441e09ae893659823ca0eb46160
resnet,mixed,29,bandpass_n20002_cRA_V1_electrode_s15,phase2/results/predictions/full/mixed/resnet/seed_29/bandpass_n20002_cRA_V1_electrode_s15.npz,76319,7f04c66eddf349582ed950a1d683c459d6b4521980d55748875c03172fdb094e
resnet,mixed,29,bandpass_n20002_cRA_V1_electrode_s10,phase2/results/predictions/full/mixed/resnet/seed_29/bandpass_n20002_cRA_V1_electrode_s10.npz,76229,3643c5f484b8c857570218eb907ea19acfb0ac2ddd53642777a31e1774f8737f
resnet,mixed,29,bandpass_n20002_cRA_V1_electrode_s5,phase2/results/predictions/full/mixed/resnet/seed_29/bandpass_n20002_cRA_V1_electrode_s5.npz,76003,f459b93b1c2597ea395cc437739c422e93f3ea35ec74519679bf60656ec92628
resnet,mixed,29,bandpass_n20002_cRA_V1_electrode_s0,phase2/results/predictions/full/mixed/resnet/seed_29/bandpass_n20002_cRA_V1_electrode_s0.npz,75422,cb36c279e9ba06ffc19337e0f1d035801fa206c3916069e13c27ac17956b3862
resnet,mixed,29,bandpass_n20002_cRA_V1_covariance_s20,phase2/results/predictions/full/mixed/resnet/seed_29/bandpass_n20002_cRA_V1_covariance_s20.npz,76362,f48efcbfca03ba5b1e65dd8a5a7eb09c01708e3cb647952c6e9d95e94ca31304
resnet,mixed,29,bandpass_n20002_cRA_V1_covariance_s15,phase2/results/predictions/full/mixed/resnet/seed_29/bandpass_n20002_cRA_V1_covariance_s15.npz,76334,49649bd5ba16a2651ea89cabee1ce12ee7c9f0e4f63e1a9f978064070d511f5a
resnet,mixed,29,bandpass_n20002_cRA_V1_covariance_s10,phase2/results/predictions/full/mixed/resnet/seed_29/bandpass_n20002_cRA_V1_covariance_s10.npz,76226,09bf8207f6e6a5767c567402e7c5157ca81035a3b42488c35b489b8721606d8b
resnet,mixed,29,bandpass_n20002_cRA_V1_covariance_s5,phase2/results/predictions/full/mixed/resnet/seed_29/bandpass_n20002_cRA_V1_covariance_s5.npz,75999,180fa9b1a75e276471aa05a6541f29201f814868ab32cca93def67da7648b89e
resnet,mixed,29,bandpass_n20002_cRA_V1_covariance_s0,phase2/results/predictions/full/mixed/resnet/seed_29/bandpass_n20002_cRA_V1_covariance_s0.npz,75460,82e625946d54be116ad29220799e11c0c9c5a10bdaa31f5e24ad1b365e9caad9
resnet,mixed,29,bandpass_n20002_cLA_V6_independent_rms_s20,phase2/results/predictions/full/mixed/resnet/seed_29/bandpass_n20002_cLA_V6_independent_rms_s20.npz,76396,0f695dd62fd526259d4ae5a7c3c66122448b1cb1e0b3714bcb56752dbcee6e3c
resnet,mixed,29,bandpass_n20002_cLA_V6_independent_rms_s15,phase2/results/predictions/full/mixed/resnet/seed_29/bandpass_n20002_cLA_V6_independent_rms_s15.npz,76391,f04de63d49fc6f5f6831cfd61af5d13505220acfad7a2ab1987dcd1c6e891fb5
resnet,mixed,29,bandpass_n20002_cLA_V6_independent_rms_s10,phase2/results/predictions/full/mixed/resnet/seed_29/bandpass_n20002_cLA_V6_independent_rms_s10.npz,76299,377b5c95d3fb41894b6fb0be1971686f71357bf0a832246cd8069fe33672abb1
resnet,mixed,29,bandpass_n20002_cLA_V6_independent_rms_s5,phase2/results/predictions/full/mixed/resnet/seed_29/bandpass_n20002_cLA_V6_independent_rms_s5.npz,76119,9295f78c9f008a3c5099c5de60e3734fbac43842f36d10a25fe144d3c1764576
resnet,mixed,29,bandpass_n20002_cLA_V6_independent_rms_s0,phase2/results/predictions/full/mixed/resnet/seed_29/bandpass_n20002_cLA_V6_independent_rms_s0.npz,75675,9760453498ae27812ae7198244ed4316d1c4977704b9fb1668868c4ed6ba76f6
resnet,mixed,29,bandpass_n20002_cLA_V6_electrode_s20,phase2/results/predictions/full/mixed/resnet/seed_29/bandpass_n20002_cLA_V6_electrode_s20.npz,76359,4133f2804786740b84d2efb595721e2daf8229a66ea00aa9a33c33d37eabde7e
resnet,mixed,29,bandpass_n20002_cLA_V6_electrode_s15,phase2/results/predictions/full/mixed/resnet/seed_29/bandpass_n20002_cLA_V6_electrode_s15.npz,76341,9dc70f49321d3da8dea488378f06c67f639effd97938a1d2d58ba15de498e8d0
resnet,mixed,29,bandpass_n20002_cLA_V6_electrode_s10,phase2/results/predictions/full/mixed/resnet/seed_29/bandpass_n20002_cLA_V6_electrode_s10.npz,76257,623c89406200012bdb3e286e409f6e0fa3d45834b20fce5dfc23099282596cf8
resnet,mixed,29,bandpass_n20002_cLA_V6_electrode_s5,phase2/results/predictions/full/mixed/resnet/seed_29/bandpass_n20002_cLA_V6_electrode_s5.npz,76036,4c2f0841eef07abe243abe7f160ca6cdd5338ef781a2a2a0109799d3c2e4e40a
resnet,mixed,29,bandpass_n20002_cLA_V6_electrode_s0,phase2/results/predictions/full/mixed/resnet/seed_29/bandpass_n20002_cLA_V6_electrode_s0.npz,75520,7616e59f9c7b544391763d9c30de8c6f2323f951957e8888b43fcc583c5fe619
resnet,mixed,29,bandpass_n20002_cLA_V6_covariance_s20,phase2/results/predictions/full/mixed/resnet/seed_29/bandpass_n20002_cLA_V6_covariance_s20.npz,76399,9f85bb823213e3f91aee6b2071abfe2236f67d72929b4b65620bdcffa042ef54
resnet,mixed,29,bandpass_n20002_cLA_V6_covariance_s15,phase2/results/predictions/full/mixed/resnet/seed_29/bandpass_n20002_cLA_V6_covariance_s15.npz,76365,4681f55c933fc0bccb27c617f2369fc6155c8f0f74809f6b01686c8c884c58d4
resnet,mixed,29,bandpass_n20002_cLA_V6_covariance_s10,phase2/results/predictions/full/mixed/resnet/seed_29/bandpass_n20002_cLA_V6_covariance_s10.npz,76251,c39f43ec68e839570cc848e8f1026797f6958a830611a3d43167d558153eda90
resnet,mixed,29,bandpass_n20002_cLA_V6_covariance_s5,phase2/results/predictions/full/mixed/resnet/seed_29/bandpass_n20002_cLA_V6_covariance_s5.npz,76103,5500cb9ae12775c5f1839e8bd50df9016a9c956972cf6198facf6e1b2ccdb862
resnet,mixed,29,bandpass_n20002_cLA_V6_covariance_s0,phase2/results/predictions/full/mixed/resnet/seed_29/bandpass_n20002_cLA_V6_covariance_s0.npz,75537,5f614cad367eed185738c9dded46cb27a5b1e0b40d517d0ed6f2961bdba38bcc
resnet,mixed,29,bandpass_n20002_cLL_V4_independent_rms_s20,phase2/results/predictions/full/mixed/resnet/seed_29/bandpass_n20002_cLL_V4_independent_rms_s20.npz,76392,da3096f562a8a094e420c0b69ad4a831862f54c7b73b9a8d42dfcc2e988aec39
resnet,mixed,29,bandpass_n20002_cLL_V4_independent_rms_s15,phase2/results/predictions/full/mixed/resnet/seed_29/bandpass_n20002_cLL_V4_independent_rms_s15.npz,76385,681ab4e3de3dd8de682058ef804beb115bf6307e27248e94e888c1a250981a05
resnet,mixed,29,bandpass_n20002_cLL_V4_independent_rms_s10,phase2/results/predictions/full/mixed/resnet/seed_29/bandpass_n20002_cLL_V4_independent_rms_s10.npz,76314,7738c75a408295639228d84cb1520ba453d266779e8a73e6d46f84af9b82bf57
resnet,mixed,29,bandpass_n20002_cLL_V4_independent_rms_s5,phase2/results/predictions/full/mixed/resnet/seed_29/bandpass_n20002_cLL_V4_independent_rms_s5.npz,76157,363776a57f1fa31c20b030636ba5f2119053164cfff13c5c0599c9aac3fb2ed8
resnet,mixed,29,bandpass_n20002_cLL_V4_independent_rms_s0,phase2/results/predictions/full/mixed/resnet/seed_29/bandpass_n20002_cLL_V4_independent_rms_s0.npz,75688,48619ab81099d8510819826322e6e5532ff1543d2b30d790e21c0ca66bfa1671
resnet,mixed,29,bandpass_n20002_cLL_V4_electrode_s20,phase2/results/predictions/full/mixed/resnet/seed_29/bandpass_n20002_cLL_V4_electrode_s20.npz,76378,221e7d32e9025930bbff146faf54e4b9a8c91d5a00c905c19daa336c4b23fdd0
resnet,mixed,29,bandpass_n20002_cLL_V4_electrode_s15,phase2/results/predictions/full/mixed/resnet/seed_29/bandpass_n20002_cLL_V4_electrode_s15.npz,76359,47a6212e148359548b552808cc8c047a63002dc991e7ee3b9473266b7f4c17bd
resnet,mixed,29,bandpass_n20002_cLL_V4_electrode_s10,phase2/results/predictions/full/mixed/resnet/seed_29/bandpass_n20002_cLL_V4_electrode_s10.npz,76278,28632404202ea269153ff84c4532cfd321164e7de840ab39ef161d2a8ee5734b
resnet,mixed,29,bandpass_n20002_cLL_V4_electrode_s5,phase2/results/predictions/full/mixed/resnet/seed_29/bandpass_n20002_cLL_V4_electrode_s5.npz,76018,5fb747f425a00c50ba522de805d6bb2e7c460d0e07b2f3e823f3aff10bc87b66
resnet,mixed,29,bandpass_n20002_cLL_V4_electrode_s0,phase2/results/predictions/full/mixed/resnet/seed_29/bandpass_n20002_cLL_V4_electrode_s0.npz,75708,83513f68b9948b0f581ebda5b677ce50b151217f6117464cb7e199b8c127e0a1
resnet,mixed,29,bandpass_n20002_cLL_V4_covariance_s20,phase2/results/predictions/full/mixed/resnet/seed_29/bandpass_n20002_cLL_V4_covariance_s20.npz,76365,368f536ab971bc0fbdc21f3fe5f0a61a51eb2e410a7cd3fdd7a8830b4e0b8bdc
resnet,mixed,29,bandpass_n20002_cLL_V4_covariance_s15,phase2/results/predictions/full/mixed/resnet/seed_29/bandpass_n20002_cLL_V4_covariance_s15.npz,76372,d595adffa35ba61298451d4245a5033b4bb4d3319ff84c610020d365c7aef06e
resnet,mixed,29,bandpass_n20002_cLL_V4_covariance_s10,phase2/results/predictions/full/mixed/resnet/seed_29/bandpass_n20002_cLL_V4_covariance_s10.npz,76247,e4f940029681e75e5ce616b0ce2031a014369702ac730aa2acc4ce4fc32b608e
resnet,mixed,29,bandpass_n20002_cLL_V4_covariance_s5,phase2/results/predictions/full/mixed/resnet/seed_29/bandpass_n20002_cLL_V4_covariance_s5.npz,76038,ec393b71fbac044ac06f55cd6c8bcdd7108a15b48da83d24d63167c138576932
resnet,mixed,29,bandpass_n20002_cLL_V4_covariance_s0,phase2/results/predictions/full/mixed/resnet/seed_29/bandpass_n20002_cLL_V4_covariance_s0.npz,75665,b24d9fc5726bf70ed7475fbc3f6f625eac96bab56236135a410fc4650607cbfe
resnet,mixed,29,bandpass_n20002_cRA_LA_V1_V6_independent_rms_s20,phase2/results/predictions/full/mixed/resnet/seed_29/bandpass_n20002_cRA_LA_V1_V6_independent_rms_s20.npz,76403,3a95042a23cc82a87de52b223a4fd5a0edea649e4305660cde58c80b0834123a
resnet,mixed,29,bandpass_n20002_cRA_LA_V1_V6_independent_rms_s15,phase2/results/predictions/full/mixed/resnet/seed_29/bandpass_n20002_cRA_LA_V1_V6_independent_rms_s15.npz,76377,491b489e89cf1bb28892ecd626b9a067b8353f2975937437e3e1657be1538ad5
resnet,mixed,29,bandpass_n20002_cRA_LA_V1_V6_independent_rms_s10,phase2/results/predictions/full/mixed/resnet/seed_29/bandpass_n20002_cRA_LA_V1_V6_independent_rms_s10.npz,76331,38488c6ae8b016a18f300c3761209dafadacd9cb3c6322d181c4ff74022e3c52
resnet,mixed,29,bandpass_n20002_cRA_LA_V1_V6_independent_rms_s5,phase2/results/predictions/full/mixed/resnet/seed_29/bandpass_n20002_cRA_LA_V1_V6_independent_rms_s5.npz,76129,3a9be98f6633a8d78a31ba4f54cac72de84834967d407c26dbd9b867f7a46373
resnet,mixed,29,bandpass_n20002_cRA_LA_V1_V6_independent_rms_s0,phase2/results/predictions/full/mixed/resnet/seed_29/bandpass_n20002_cRA_LA_V1_V6_independent_rms_s0.npz,75640,4767b225c0187781ed3791c4e57226a4687eef1dabedbf07df1ba7bc5774f2c9
resnet,mixed,29,bandpass_n20002_cRA_LA_V1_V6_electrode_s20,phase2/results/predictions/full/mixed/resnet/seed_29/bandpass_n20002_cRA_LA_V1_V6_electrode_s20.npz,76394,b23cf81d0dc84efe0301f9acc72aeeef81adfd8f3f14008495d3648f27d8b8b9
resnet,mixed,29,bandpass_n20002_cRA_LA_V1_V6_electrode_s15,phase2/results/predictions/full/mixed/resnet/seed_29/bandpass_n20002_cRA_LA_V1_V6_electrode_s15.npz,76370,1e3c9e21883a443a54358cf18fac755878aa6b94f142b4bdd65aae565ab4e3e5
resnet,mixed,29,bandpass_n20002_cRA_LA_V1_V6_electrode_s10,phase2/results/predictions/full/mixed/resnet/seed_29/bandpass_n20002_cRA_LA_V1_V6_electrode_s10.npz,76296,88736398532410bbbbff1cffabe5ce66fc156178b2496c951a65379289caf6c7
resnet,mixed,29,bandpass_n20002_cRA_LA_V1_V6_electrode_s5,phase2/results/predictions/full/mixed/resnet/seed_29/bandpass_n20002_cRA_LA_V1_V6_electrode_s5.npz,75984,baf18ecd5f3dfa40b90a1de66911c084bebb3784c1dfa15c90ca05f98bd5d09d
resnet,mixed,29,bandpass_n20002_cRA_LA_V1_V6_electrode_s0,phase2/results/predictions/full/mixed/resnet/seed_29/bandpass_n20002_cRA_LA_V1_V6_electrode_s0.npz,75484,5b121a73c2b1213d39aea29033ef396c969f86df14ff118dbb7e7f914d69c31e
resnet,mixed,29,bandpass_n20002_cRA_LA_V1_V6_covariance_s20,phase2/results/predictions/full/mixed/resnet/seed_29/bandpass_n20002_cRA_LA_V1_V6_covariance_s20.npz,76354,83e5988c91ffa7fca63ab0e28b3b8fc8f800cc6442ad3368eeb1bf06b55b7324
resnet,mixed,29,bandpass_n20002_cRA_LA_V1_V6_covariance_s15,phase2/results/predictions/full/mixed/resnet/seed_29/bandpass_n20002_cRA_LA_V1_V6_covariance_s15.npz,76350,4252b63561f464a2cc4b6d635a41572c6c99d404bc607c1c64e84a03f7826ca8
resnet,mixed,29,bandpass_n20002_cRA_LA_V1_V6_covariance_s10,phase2/results/predictions/full/mixed/resnet/seed_29/bandpass_n20002_cRA_LA_V1_V6_covariance_s10.npz,76263,1c8d5a3693832c4866dd481c96d7f80fa3604e97cfdb571975c8c7d5969eb43b
resnet,mixed,29,bandpass_n20002_cRA_LA_V1_V6_covariance_s5,phase2/results/predictions/full/mixed/resnet/seed_29/bandpass_n20002_cRA_LA_V1_V6_covariance_s5.npz,76057,55fa7b047b4298e2b31835e116107a6f5568e4101d5bd9d88deb2f5f9860a4ea
resnet,mixed,29,bandpass_n20002_cRA_LA_V1_V6_covariance_s0,phase2/results/predictions/full/mixed/resnet/seed_29/bandpass_n20002_cRA_LA_V1_V6_covariance_s0.npz,75490,37fcc1fd19bc7caa5f9f3647888d0e134a8d1612099303cebe8822456382bce5
resnet,mixed,29,bandpass_n20002_cRA_V2_V5_independent_rms_s20,phase2/results/predictions/full/mixed/resnet/seed_29/bandpass_n20002_cRA_V2_V5_independent_rms_s20.npz,76390,f8e70ff05d118a899d5f54ef2b8a9d8e3edb190167c7215074da3248355cf2a1
resnet,mixed,29,bandpass_n20002_cRA_V2_V5_independent_rms_s15,phase2/results/predictions/full/mixed/resnet/seed_29/bandpass_n20002_cRA_V2_V5_independent_rms_s15.npz,76396,306243ade91898ba5020752b677bf294ce7e726445da4eff6e464ad2bb22db33
resnet,mixed,29,bandpass_n20002_cRA_V2_V5_independent_rms_s10,phase2/results/predictions/full/mixed/resnet/seed_29/bandpass_n20002_cRA_V2_V5_independent_rms_s10.npz,76361,b026852a194af5f0e7dadcfdbbfc40388f35a409e7566fd45ee1e23dfc582863
resnet,mixed,29,bandpass_n20002_cRA_V2_V5_independent_rms_s5,phase2/results/predictions/full/mixed/resnet/seed_29/bandpass_n20002_cRA_V2_V5_independent_rms_s5.npz,76135,9ffa3babd89d22386cec2a0b0b6581e0edcdc7de704631f80a2bad14e0eaf4cd
resnet,mixed,29,bandpass_n20002_cRA_V2_V5_independent_rms_s0,phase2/results/predictions/full/mixed/resnet/seed_29/bandpass_n20002_cRA_V2_V5_independent_rms_s0.npz,75609,7c74941a7354fadcc1c67d1c6988b56e2ac5040a0ce47cacce272f21d5ede25e
resnet,mixed,29,bandpass_n20002_cRA_V2_V5_electrode_s20,phase2/results/predictions/full/mixed/resnet/seed_29/bandpass_n20002_cRA_V2_V5_electrode_s20.npz,76398,0e6f865e0bcb70664d9fef354bde6def0fde7ddc377513e717734d381f8bc053
resnet,mixed,29,bandpass_n20002_cRA_V2_V5_electrode_s15,phase2/results/predictions/full/mixed/resnet/seed_29/bandpass_n20002_cRA_V2_V5_electrode_s15.npz,76360,d4b173bd9432498e18d6599c47fdc57dc59cc99eec3d4674004fec813aa817ef
resnet,mixed,29,bandpass_n20002_cRA_V2_V5_electrode_s10,phase2/results/predictions/full/mixed/resnet/seed_29/bandpass_n20002_cRA_V2_V5_electrode_s10.npz,76276,de3d4b830aa5b5b4a92ed7e3588ca793c20b241cf9e06259e895d6c713b43cc5
resnet,mixed,29,bandpass_n20002_cRA_V2_V5_electrode_s5,phase2/results/predictions/full/mixed/resnet/seed_29/bandpass_n20002_cRA_V2_V5_electrode_s5.npz,76007,65e1c3310b33e1140f0419075ee5b8b26ed2079bbce47ce678006d68dca9b3d3
resnet,mixed,29,bandpass_n20002_cRA_V2_V5_electrode_s0,phase2/results/predictions/full/mixed/resnet/seed_29/bandpass_n20002_cRA_V2_V5_electrode_s0.npz,75498,1fde270c80eb27f1e999d0922600fd763efcee5c65d2a23858a7ab7430221cfe
resnet,mixed,29,bandpass_n20002_cRA_V2_V5_covariance_s20,phase2/results/predictions/full/mixed/resnet/seed_29/bandpass_n20002_cRA_V2_V5_covariance_s20.npz,76373,56e833fbd52d781176ed609b10178bac73237f29e7dd99796d6fa0d2ea36fe19
resnet,mixed,29,bandpass_n20002_cRA_V2_V5_covariance_s15,phase2/results/predictions/full/mixed/resnet/seed_29/bandpass_n20002_cRA_V2_V5_covariance_s15.npz,76346,00031d051b1decb55699a8a89fca8be31e9c8095b4c1092002ab7508a143e032
resnet,mixed,29,bandpass_n20002_cRA_V2_V5_covariance_s10,phase2/results/predictions/full/mixed/resnet/seed_29/bandpass_n20002_cRA_V2_V5_covariance_s10.npz,76247,44071ff2e55c33b1ee604f36df2832f4d976ca14ef522c914ece28e2b2878a30
resnet,mixed,29,bandpass_n20002_cRA_V2_V5_covariance_s5,phase2/results/predictions/full/mixed/resnet/seed_29/bandpass_n20002_cRA_V2_V5_covariance_s5.npz,76035,43a76d5e0036be029be9e32982e8307e1d5f9fe2f9651fdeb4b8e061d3b752f5
resnet,mixed,29,bandpass_n20002_cRA_V2_V5_covariance_s0,phase2/results/predictions/full/mixed/resnet/seed_29/bandpass_n20002_cRA_V2_V5_covariance_s0.npz,75482,132ad1f613b4cb6a2af5b19753535efb7d2f1230d81f02c845a15e0caf8b1ccd
resnet,mixed,29,bandpass_n20002_cLA_V3_V6_independent_rms_s20,phase2/results/predictions/full/mixed/resnet/seed_29/bandpass_n20002_cLA_V3_V6_independent_rms_s20.npz,76407,bd24cffb1d79cbf683218f516890480af2c09db39ba5eb520e0d86c1149e5f5d
resnet,mixed,29,bandpass_n20002_cLA_V3_V6_independent_rms_s15,phase2/results/predictions/full/mixed/resnet/seed_29/bandpass_n20002_cLA_V3_V6_independent_rms_s15.npz,76391,d07ab6d874d7a1307b4aa2ac96a0c46238b958a97e44f800d076e181346beaa4
resnet,mixed,29,bandpass_n20002_cLA_V3_V6_independent_rms_s10,phase2/results/predictions/full/mixed/resnet/seed_29/bandpass_n20002_cLA_V3_V6_independent_rms_s10.npz,76349,d8b4984c007d63ea240a01ddae2073275207f984965e141a28d0b68cd287e946
resnet,mixed,29,bandpass_n20002_cLA_V3_V6_independent_rms_s5,phase2/results/predictions/full/mixed/resnet/seed_29/bandpass_n20002_cLA_V3_V6_independent_rms_s5.npz,76178,4d6fa118711b219eb27ae43c50f81ad7f29e094953b26019e8dc794a28ae6632
resnet,mixed,29,bandpass_n20002_cLA_V3_V6_independent_rms_s0,phase2/results/predictions/full/mixed/resnet/seed_29/bandpass_n20002_cLA_V3_V6_independent_rms_s0.npz,75733,6aeca79d4d27ba5a144963cbc9ee00ba1e3955a77819bf776da9207ddb9bf402
resnet,mixed,29,bandpass_n20002_cLA_V3_V6_electrode_s20,phase2/results/predictions/full/mixed/resnet/seed_29/bandpass_n20002_cLA_V3_V6_electrode_s20.npz,76384,92c3d1e8ded3739b57a89e3672473a5673f84908c0e10d3e1db4caf17fee37f4
resnet,mixed,29,bandpass_n20002_cLA_V3_V6_electrode_s15,phase2/results/predictions/full/mixed/resnet/seed_29/bandpass_n20002_cLA_V3_V6_electrode_s15.npz,76369,51767e9e1d53ddd9453285740ecbfb1bfdb417fb0e8db6bbe50c68ad9788c70b
resnet,mixed,29,bandpass_n20002_cLA_V3_V6_electrode_s10,phase2/results/predictions/full/mixed/resnet/seed_29/bandpass_n20002_cLA_V3_V6_electrode_s10.npz,76305,103c70208049f89dc880cee782f8e86350556942d79c3e4656025dd011e9f1e2
resnet,mixed,29,bandpass_n20002_cLA_V3_V6_electrode_s5,phase2/results/predictions/full/mixed/resnet/seed_29/bandpass_n20002_cLA_V3_V6_electrode_s5.npz,76096,a974e0e5e9bd75d6473f7fb9c407c1f2e345e753c0fffce75454fcb447436de6
resnet,mixed,29,bandpass_n20002_cLA_V3_V6_electrode_s0,phase2/results/predictions/full/mixed/resnet/seed_29/bandpass_n20002_cLA_V3_V6_electrode_s0.npz,75580,a66ee037e5e7fed767115624b77556d08ef29243c49836456ad06eaf7e6e567d
resnet,mixed,29,bandpass_n20002_cLA_V3_V6_covariance_s20,phase2/results/predictions/full/mixed/resnet/seed_29/bandpass_n20002_cLA_V3_V6_covariance_s20.npz,76381,833ac71e4ff87aa79a415af81a84c899ebf57ebfd3b06a007ee586884a9ecf0e
resnet,mixed,29,bandpass_n20002_cLA_V3_V6_covariance_s15,phase2/results/predictions/full/mixed/resnet/seed_29/bandpass_n20002_cLA_V3_V6_covariance_s15.npz,76354,06611133290daec75811d6ca858826e69e7df99186249dff2c4b61c7bf0e83ca
resnet,mixed,29,bandpass_n20002_cLA_V3_V6_covariance_s10,phase2/results/predictions/full/mixed/resnet/seed_29/bandpass_n20002_cLA_V3_V6_covariance_s10.npz,76269,b6c0dfd030e1e798a568f4b608b4c1a1f0c10c1dfa4db2b833a60aea55210d46
resnet,mixed,29,bandpass_n20002_cLA_V3_V6_covariance_s5,phase2/results/predictions/full/mixed/resnet/seed_29/bandpass_n20002_cLA_V3_V6_covariance_s5.npz,76101,a524da4e6c8d87227f8ca9c19a50fd05ca93c2ccb47b0e0087ab368c0132c5ce
resnet,mixed,29,bandpass_n20002_cLA_V3_V6_covariance_s0,phase2/results/predictions/full/mixed/resnet/seed_29/bandpass_n20002_cLA_V3_V6_covariance_s0.npz,75565,16a00f55f4de6e8d1dfed9cbc9104003a795d656d98577e016aa13c9ef4b6dc2
resnet,mixed,29,bandpass_n20002_cLL_V1_V4_independent_rms_s20,phase2/results/predictions/full/mixed/resnet/seed_29/bandpass_n20002_cLL_V1_V4_independent_rms_s20.npz,76363,f0f12c709364ec83a5a18d02ead4112a65f12b0323b868415369ddfa86cff992
resnet,mixed,29,bandpass_n20002_cLL_V1_V4_independent_rms_s15,phase2/results/predictions/full/mixed/resnet/seed_29/bandpass_n20002_cLL_V1_V4_independent_rms_s15.npz,76418,ebfdb1379381e200454916618c9787f0cd10b0d30f8d31cb1171c8b4d3468351
resnet,mixed,29,bandpass_n20002_cLL_V1_V4_independent_rms_s10,phase2/results/predictions/full/mixed/resnet/seed_29/bandpass_n20002_cLL_V1_V4_independent_rms_s10.npz,76318,39544ca7a3a613dda1acf37a1b9e384d8bab3a08fe4c413d013ffefb3715ea9e
resnet,mixed,29,bandpass_n20002_cLL_V1_V4_independent_rms_s5,phase2/results/predictions/full/mixed/resnet/seed_29/bandpass_n20002_cLL_V1_V4_independent_rms_s5.npz,76157,86d23327cddca624f2a92aa347000610c6984960f3e0e0ca3c1740865a553481
resnet,mixed,29,bandpass_n20002_cLL_V1_V4_independent_rms_s0,phase2/results/predictions/full/mixed/resnet/seed_29/bandpass_n20002_cLL_V1_V4_independent_rms_s0.npz,75639,4b22aecff54f9ff562d5f97a4ebadbb5c50be1ae9f22590cfe54b9ce80829618
resnet,mixed,29,bandpass_n20002_cLL_V1_V4_electrode_s20,phase2/results/predictions/full/mixed/resnet/seed_29/bandpass_n20002_cLL_V1_V4_electrode_s20.npz,76367,9511c5e8b5ac6204eb2a1e76a38f784a55e70869665df8325fbe81f8a934c646
resnet,mixed,29,bandpass_n20002_cLL_V1_V4_electrode_s15,phase2/results/predictions/full/mixed/resnet/seed_29/bandpass_n20002_cLL_V1_V4_electrode_s15.npz,76356,96ec0c5a02ff3fec9dbd76a66d669ca2cb4292931270bb76323ccdc718bf5641
resnet,mixed,29,bandpass_n20002_cLL_V1_V4_electrode_s10,phase2/results/predictions/full/mixed/resnet/seed_29/bandpass_n20002_cLL_V1_V4_electrode_s10.npz,76260,19a1add4b07f0a4658ceb82c698afc2e9b152bf80625264557a82ff8b23c42cb
resnet,mixed,29,bandpass_n20002_cLL_V1_V4_electrode_s5,phase2/results/predictions/full/mixed/resnet/seed_29/bandpass_n20002_cLL_V1_V4_electrode_s5.npz,76026,19225d2cea0b534d1776e73014d08a1032553a9565176b3bb7f97699e2837bf7
resnet,mixed,29,bandpass_n20002_cLL_V1_V4_electrode_s0,phase2/results/predictions/full/mixed/resnet/seed_29/bandpass_n20002_cLL_V1_V4_electrode_s0.npz,75660,044ae1cc71fff69db5fa7815117afa87d3e8d6a9c4ba9de52fcbc63981d4b488
resnet,mixed,29,bandpass_n20002_cLL_V1_V4_covariance_s20,phase2/results/predictions/full/mixed/resnet/seed_29/bandpass_n20002_cLL_V1_V4_covariance_s20.npz,76375,d696ce778e806ce128b530e4880ffc4a062a016a3a1fbfa8f778c835df668a72
resnet,mixed,29,bandpass_n20002_cLL_V1_V4_covariance_s15,phase2/results/predictions/full/mixed/resnet/seed_29/bandpass_n20002_cLL_V1_V4_covariance_s15.npz,76365,6e6ee50bab85f95f188dd2924cf403d9791904f72b07f9097b50e3c0a3966b7f
resnet,mixed,29,bandpass_n20002_cLL_V1_V4_covariance_s10,phase2/results/predictions/full/mixed/resnet/seed_29/bandpass_n20002_cLL_V1_V4_covariance_s10.npz,76249,bc04249421575bb478729e4cd2714235fa5cac86da56785e2bc332f7320ec0db
resnet,mixed,29,bandpass_n20002_cLL_V1_V4_covariance_s5,phase2/results/predictions/full/mixed/resnet/seed_29/bandpass_n20002_cLL_V1_V4_covariance_s5.npz,76026,d3a48ffe95f91b9c5d61b25d14ceee52147b38c2c98c694deb248ff42fbb475b
resnet,mixed,29,bandpass_n20002_cLL_V1_V4_covariance_s0,phase2/results/predictions/full/mixed/resnet/seed_29/bandpass_n20002_cLL_V1_V4_covariance_s0.npz,75643,9d613c4e1e8e09c61872a772ea3228daa5616c162dfcf7bc57c431d026cf9fe5
resnet,mixed,29,bandpass_n20002_call_independent_rms_s20,phase2/results/predictions/full/mixed/resnet/seed_29/bandpass_n20002_call_independent_rms_s20.npz,76368,8c02c09b7e2aacbac8db6e70a0c209aa9f4568004f1f5b8cee6e61cf0b3fdb61
resnet,mixed,29,bandpass_n20002_call_independent_rms_s15,phase2/results/predictions/full/mixed/resnet/seed_29/bandpass_n20002_call_independent_rms_s15.npz,76354,b14bebe4fca1ee4e3288b829d2f77656c570e2e0514ef11aa4a73e1e8ffa57a2
resnet,mixed,29,bandpass_n20002_call_independent_rms_s10,phase2/results/predictions/full/mixed/resnet/seed_29/bandpass_n20002_call_independent_rms_s10.npz,76277,3298437d29e1080c7e6269eec221acb9cdd81fb70b172456140fd0acc6287c4a
resnet,mixed,29,bandpass_n20002_call_independent_rms_s5,phase2/results/predictions/full/mixed/resnet/seed_29/bandpass_n20002_call_independent_rms_s5.npz,76089,9c36325b54fa20188976d9fbccb2b0ca0362b1ee9f028a3c96479572a75388b3
resnet,mixed,29,bandpass_n20002_call_independent_rms_s0,phase2/results/predictions/full/mixed/resnet/seed_29/bandpass_n20002_call_independent_rms_s0.npz,75652,b7c8885d902bb9be8f29919fd9e4a718902c24a7efbe5fe60d58e6a56368dd9d
resnet,mixed,29,bandpass_n20002_call_electrode_s20,phase2/results/predictions/full/mixed/resnet/seed_29/bandpass_n20002_call_electrode_s20.npz,76375,4ff0ea0666176642a18a0a679e90e865c67a9db9f9753fb01a593caa91b99287
resnet,mixed,29,bandpass_n20002_call_electrode_s15,phase2/results/predictions/full/mixed/resnet/seed_29/bandpass_n20002_call_electrode_s15.npz,76345,29cd5a0b1ec083daa7c43fe4e9f8432e4ed2ff67c190c0ff40218943eedbeef3
resnet,mixed,29,bandpass_n20002_call_electrode_s10,phase2/results/predictions/full/mixed/resnet/seed_29/bandpass_n20002_call_electrode_s10.npz,76229,76592d29a9ec236ff6b06caa3f1bef52cdef8a93401fb2c9169aa8b014b5d7b4
resnet,mixed,29,bandpass_n20002_call_electrode_s5,phase2/results/predictions/full/mixed/resnet/seed_29/bandpass_n20002_call_electrode_s5.npz,75995,9bdd4d515a4e51504fcb213d20023a681dbbadc46797bac736a902cf130d9125
resnet,mixed,29,bandpass_n20002_call_electrode_s0,phase2/results/predictions/full/mixed/resnet/seed_29/bandpass_n20002_call_electrode_s0.npz,75500,e5ce467c99f7de32ddedc2cb410c4eec550b8a9a87223b44fbe1ad3a7e4a2c85
resnet,mixed,29,bandpass_n20002_call_covariance_s20,phase2/results/predictions/full/mixed/resnet/seed_29/bandpass_n20002_call_covariance_s20.npz,76356,ffac4f3f6bf24dfb178f58b81d6b888b0332b2a21455f521d23bbb1e85b3c576
resnet,mixed,29,bandpass_n20002_call_covariance_s15,phase2/results/predictions/full/mixed/resnet/seed_29/bandpass_n20002_call_covariance_s15.npz,76335,c9663c63c6c2d8d5b575c5972f48b68a4d505658f526898e7e66dc6aae75f40d
resnet,mixed,29,bandpass_n20002_call_covariance_s10,phase2/results/predictions/full/mixed/resnet/seed_29/bandpass_n20002_call_covariance_s10.npz,76253,92993e63904342088ba13b26fa188b4be684ec4161f29ea885e92f7d1d3a2595
resnet,mixed,29,bandpass_n20002_call_covariance_s5,phase2/results/predictions/full/mixed/resnet/seed_29/bandpass_n20002_call_covariance_s5.npz,76032,460ab08578b3d1d76165e447482806d9a3fd2eba1650e83029654543eac0865d
resnet,mixed,29,bandpass_n20002_call_covariance_s0,phase2/results/predictions/full/mixed/resnet/seed_29/bandpass_n20002_call_covariance_s0.npz,75486,01dfdc67a2c1a3cb2f5e0322e386dfea150a6a44e1014d2c4e410c6f1d26380a
resnet,mixed,29,bandpass_n20003_cRA_LA_LL_independent_rms_s20,phase2/results/predictions/full/mixed/resnet/seed_29/bandpass_n20003_cRA_LA_LL_independent_rms_s20.npz,76367,00645676a1a55c0c9c9573f9abfc7dcafc811e3f83c3c64daa196e4d88037cbe
resnet,mixed,29,bandpass_n20003_cRA_LA_LL_independent_rms_s15,phase2/results/predictions/full/mixed/resnet/seed_29/bandpass_n20003_cRA_LA_LL_independent_rms_s15.npz,76342,a636a5ebc4a7c72dad60c7ec57ef8fcaaeb98aaf98f1c51f3a8c729b2610c635
resnet,mixed,29,bandpass_n20003_cRA_LA_LL_independent_rms_s10,phase2/results/predictions/full/mixed/resnet/seed_29/bandpass_n20003_cRA_LA_LL_independent_rms_s10.npz,76311,8e1a1ef50b885215af94466305899b10e01aec4e822d85b35bdb71980800a4a2
resnet,mixed,29,bandpass_n20003_cRA_LA_LL_independent_rms_s5,phase2/results/predictions/full/mixed/resnet/seed_29/bandpass_n20003_cRA_LA_LL_independent_rms_s5.npz,76111,7f0586f0fbfec55e1412840c653104b69fdac9a8a1fd19b58f817b9541c89a7d
resnet,mixed,29,bandpass_n20003_cRA_LA_LL_independent_rms_s0,phase2/results/predictions/full/mixed/resnet/seed_29/bandpass_n20003_cRA_LA_LL_independent_rms_s0.npz,75606,671fb70936ebc63595485137e0c2d04dfdae69a47708c5894c24dd878711fb73
resnet,mixed,29,bandpass_n20003_cRA_LA_LL_electrode_s20,phase2/results/predictions/full/mixed/resnet/seed_29/bandpass_n20003_cRA_LA_LL_electrode_s20.npz,76392,7f40b85030705b196d640f3fefb834d55ccd40b033ff9460247db212048d4eda
resnet,mixed,29,bandpass_n20003_cRA_LA_LL_electrode_s15,phase2/results/predictions/full/mixed/resnet/seed_29/bandpass_n20003_cRA_LA_LL_electrode_s15.npz,76328,4cb889f2a6f24abff394916e2b8f17902d107ac1117884fd5211c34df8a92a6d
resnet,mixed,29,bandpass_n20003_cRA_LA_LL_electrode_s10,phase2/results/predictions/full/mixed/resnet/seed_29/bandpass_n20003_cRA_LA_LL_electrode_s10.npz,76251,9336384e1ec55477d9f675f5c43970c6482a017a29803f33fe8f80580ec0873d
resnet,mixed,29,bandpass_n20003_cRA_LA_LL_electrode_s5,phase2/results/predictions/full/mixed/resnet/seed_29/bandpass_n20003_cRA_LA_LL_electrode_s5.npz,75961,02bf720d1e70db8d414e02eb08d751c39718e27824dc8dfd63ee4b6a33f034f0
resnet,mixed,29,bandpass_n20003_cRA_LA_LL_electrode_s0,phase2/results/predictions/full/mixed/resnet/seed_29/bandpass_n20003_cRA_LA_LL_electrode_s0.npz,75461,a0b99c10e7adf81cd0be0b8366f4ff01580a5f14a36fdf9530d32213455c5a8d
resnet,mixed,29,bandpass_n20003_cRA_LA_LL_covariance_s20,phase2/results/predictions/full/mixed/resnet/seed_29/bandpass_n20003_cRA_LA_LL_covariance_s20.npz,76381,0ce876a55a77d64be35ea05fc14f291e259ed10e2479afa5cf77183ea334b6c3
resnet,mixed,29,bandpass_n20003_cRA_LA_LL_covariance_s15,phase2/results/predictions/full/mixed/resnet/seed_29/bandpass_n20003_cRA_LA_LL_covariance_s15.npz,76365,8652202c54c899787ed1bc05e580e332080f638abf3b7587cda823a8af567ceb
resnet,mixed,29,bandpass_n20003_cRA_LA_LL_covariance_s10,phase2/results/predictions/full/mixed/resnet/seed_29/bandpass_n20003_cRA_LA_LL_covariance_s10.npz,76221,6707f7618156c305e8d73eb4b427e832d73b23f24ff006e3ff902546e405293e
resnet,mixed,29,bandpass_n20003_cRA_LA_LL_covariance_s5,phase2/results/predictions/full/mixed/resnet/seed_29/bandpass_n20003_cRA_LA_LL_covariance_s5.npz,75971,b7842635fcf21c4403d1e080793b31f975cc94676fb7e548bd75059c1bd633c8
resnet,mixed,29,bandpass_n20003_cRA_LA_LL_covariance_s0,phase2/results/predictions/full/mixed/resnet/seed_29/bandpass_n20003_cRA_LA_LL_covariance_s0.npz,75431,b626142c22e3d46cfa4a1ce2a2e902a95c23d46d85454e7d8bfc412fde77e4fa
resnet,mixed,29,bandpass_n20003_cV1_independent_rms_s20,phase2/results/predictions/full/mixed/resnet/seed_29/bandpass_n20003_cV1_independent_rms_s20.npz,76383,2be4a550cbea92680762c37bb3f3b8b49d31c997709ba487079e5d034801a5a7
resnet,mixed,29,bandpass_n20003_cV1_independent_rms_s15,phase2/results/predictions/full/mixed/resnet/seed_29/bandpass_n20003_cV1_independent_rms_s15.npz,76372,b5d597e0e24cbb4aa7b613e4b46401eb019a11eee258154e5e1e35f8582c913f
resnet,mixed,29,bandpass_n20003_cV1_independent_rms_s10,phase2/results/predictions/full/mixed/resnet/seed_29/bandpass_n20003_cV1_independent_rms_s10.npz,76310,4eb5d13d4c2dcba014e9dc1837645dd01bd7149ea1a3b9a9cb37dc92d5ce6e3a
resnet,mixed,29,bandpass_n20003_cV1_independent_rms_s5,phase2/results/predictions/full/mixed/resnet/seed_29/bandpass_n20003_cV1_independent_rms_s5.npz,76042,8b88f57a52163966717f06c98f9115644791c120c85ed2070bfee24315e2866f
resnet,mixed,29,bandpass_n20003_cV1_independent_rms_s0,phase2/results/predictions/full/mixed/resnet/seed_29/bandpass_n20003_cV1_independent_rms_s0.npz,75537,526c416a53997299d30a8b620e3c05c05e3379dcb3af02d71d4731445dd83c1b
resnet,mixed,29,bandpass_n20003_cV1_electrode_s20,phase2/results/predictions/full/mixed/resnet/seed_29/bandpass_n20003_cV1_electrode_s20.npz,76349,e172f9263434755529f853a89741f7c4b90f869f086aa2af833f5667899268da
resnet,mixed,29,bandpass_n20003_cV1_electrode_s15,phase2/results/predictions/full/mixed/resnet/seed_29/bandpass_n20003_cV1_electrode_s15.npz,76311,b5d02f07e7420c4f35cb180beac935601cb8d467e3361afa4b63f712ebf79893
resnet,mixed,29,bandpass_n20003_cV1_electrode_s10,phase2/results/predictions/full/mixed/resnet/seed_29/bandpass_n20003_cV1_electrode_s10.npz,76271,3be2e74f0eeefbb5cc0b79da4470f6ee6a746ba5e04779555e9573147e91e345
resnet,mixed,29,bandpass_n20003_cV1_electrode_s5,phase2/results/predictions/full/mixed/resnet/seed_29/bandpass_n20003_cV1_electrode_s5.npz,76053,ffb87e5337125eabf7e0bada89ea50fcd6874630d4c2c01f7979226fde44d9ea
resnet,mixed,29,bandpass_n20003_cV1_electrode_s0,phase2/results/predictions/full/mixed/resnet/seed_29/bandpass_n20003_cV1_electrode_s0.npz,75496,7c5cea01ac8fbfbdaca389f95824ebc895b6bbe65cb015d5bb2b9934d9f8c276
resnet,mixed,29,bandpass_n20003_cV1_covariance_s20,phase2/results/predictions/full/mixed/resnet/seed_29/bandpass_n20003_cV1_covariance_s20.npz,76357,f016b3ac954bdd48c59a1ecf2dc6cf07d6be35e9e5ca1d0f235c3c16e4256112
resnet,mixed,29,bandpass_n20003_cV1_covariance_s15,phase2/results/predictions/full/mixed/resnet/seed_29/bandpass_n20003_cV1_covariance_s15.npz,76318,ad64c73569fd1364539f362fea972fa32ceb3e7608b27fe24a4a6da02c406dd4
resnet,mixed,29,bandpass_n20003_cV1_covariance_s10,phase2/results/predictions/full/mixed/resnet/seed_29/bandpass_n20003_cV1_covariance_s10.npz,76282,0ae2e92fd1d20f3f0fd84cc8c3fe0a39f39f2dfa7a5d48fb0f6a05a3554df9ca
resnet,mixed,29,bandpass_n20003_cV1_covariance_s5,phase2/results/predictions/full/mixed/resnet/seed_29/bandpass_n20003_cV1_covariance_s5.npz,76067,8fd1161132d18b77e89ac8d15b22686d8b00955c925c84ee48b20db5a241c0c6
resnet,mixed,29,bandpass_n20003_cV1_covariance_s0,phase2/results/predictions/full/mixed/resnet/seed_29/bandpass_n20003_cV1_covariance_s0.npz,75543,a075210ed317c1bee93e55b8b76b5e480ad7ba8610eab737add687f42d330415
resnet,mixed,29,bandpass_n20003_cV2_independent_rms_s20,phase2/results/predictions/full/mixed/resnet/seed_29/bandpass_n20003_cV2_independent_rms_s20.npz,76387,818008af0c49419ee6fb95cf631c52bbd86c20e0608f82825d0a28bc4aff0ee5
resnet,mixed,29,bandpass_n20003_cV2_independent_rms_s15,phase2/results/predictions/full/mixed/resnet/seed_29/bandpass_n20003_cV2_independent_rms_s15.npz,76334,c9aeb66c1cb2f11733bf6b1bf39f519bdf6e96b5bc0977ffe6f48c0cd677a3ea
resnet,mixed,29,bandpass_n20003_cV2_independent_rms_s10,phase2/results/predictions/full/mixed/resnet/seed_29/bandpass_n20003_cV2_independent_rms_s10.npz,76308,81e092a0507051cf2f407a739818153ac5ac15a388e93c1c984e5fd8617930ad
resnet,mixed,29,bandpass_n20003_cV2_independent_rms_s5,phase2/results/predictions/full/mixed/resnet/seed_29/bandpass_n20003_cV2_independent_rms_s5.npz,76097,c78fe29bce134345e80ad22f2bc4da1004484b5c388fc352017e069cc6a95b0b
resnet,mixed,29,bandpass_n20003_cV2_independent_rms_s0,phase2/results/predictions/full/mixed/resnet/seed_29/bandpass_n20003_cV2_independent_rms_s0.npz,75519,f7aefb49d164ee60e39fcb5ecd5b5631b238ceecebe800b06ca5f58a1200f730
resnet,mixed,29,bandpass_n20003_cV2_electrode_s20,phase2/results/predictions/full/mixed/resnet/seed_29/bandpass_n20003_cV2_electrode_s20.npz,76396,29d7ffa86003c1a2876bd3e159e17c1449dfd6e13e81ef4dd0e8486583c7bbe9
resnet,mixed,29,bandpass_n20003_cV2_electrode_s15,phase2/results/predictions/full/mixed/resnet/seed_29/bandpass_n20003_cV2_electrode_s15.npz,76326,9975df0149a02f701b9b4daeb6a989f29097bc6a500ab2fb1f83e350c4fed2db
resnet,mixed,29,bandpass_n20003_cV2_electrode_s10,phase2/results/predictions/full/mixed/resnet/seed_29/bandpass_n20003_cV2_electrode_s10.npz,76279,fee41316d2f1ba6f4d7f8f979ba37e84d75d41c3f2ca8aed0cc6d260778de6f4
resnet,mixed,29,bandpass_n20003_cV2_electrode_s5,phase2/results/predictions/full/mixed/resnet/seed_29/bandpass_n20003_cV2_electrode_s5.npz,76076,198bb850f526a69dc67b79e26f50cc934c06b4187fb5ccc3f697227b2bc3f4a5
resnet,mixed,29,bandpass_n20003_cV2_electrode_s0,phase2/results/predictions/full/mixed/resnet/seed_29/bandpass_n20003_cV2_electrode_s0.npz,75571,734037a48e0a7d3d44bd8dd632c1ae9c07fcda63f1dc2560e8fc98b40fd6467c
resnet,mixed,29,bandpass_n20003_cV2_covariance_s20,phase2/results/predictions/full/mixed/resnet/seed_29/bandpass_n20003_cV2_covariance_s20.npz,76382,9fc89e3fa6215ef0d6659e36d0b0f5b5e8218a73cbbff71e90d237910eabfbf0
resnet,mixed,29,bandpass_n20003_cV2_covariance_s15,phase2/results/predictions/full/mixed/resnet/seed_29/bandpass_n20003_cV2_covariance_s15.npz,76349,5ef45f20fa5e7a3bf9b59a0b3359496edc78fd944fd828a46e654d02cfb38b9e
resnet,mixed,29,bandpass_n20003_cV2_covariance_s10,phase2/results/predictions/full/mixed/resnet/seed_29/bandpass_n20003_cV2_covariance_s10.npz,76286,30e3d7a143c215b1fcb1ac320e75cdfd510c6a17989266109f6dd88eaf9894b5
resnet,mixed,29,bandpass_n20003_cV2_covariance_s5,phase2/results/predictions/full/mixed/resnet/seed_29/bandpass_n20003_cV2_covariance_s5.npz,76040,9fcfff9064fa4ff97031e37c7502cc6949c8e41bf16bc2c02eb3ddd9930776d9
resnet,mixed,29,bandpass_n20003_cV2_covariance_s0,phase2/results/predictions/full/mixed/resnet/seed_29/bandpass_n20003_cV2_covariance_s0.npz,75594,64a1ce19e612b27b7595a13e031aac18b66a72cba1bb028f0629a5c1aee3c5a0
resnet,mixed,29,bandpass_n20003_cV3_independent_rms_s20,phase2/results/predictions/full/mixed/resnet/seed_29/bandpass_n20003_cV3_independent_rms_s20.npz,76378,fda4005328594233970d83b76d19aad376be49bf064116bcbdb79b18d1009b98
resnet,mixed,29,bandpass_n20003_cV3_independent_rms_s15,phase2/results/predictions/full/mixed/resnet/seed_29/bandpass_n20003_cV3_independent_rms_s15.npz,76419,bca66c0745e5de2e870a3aaa79b4c7877f6043e91c49caf03577214e47d1acb0
resnet,mixed,29,bandpass_n20003_cV3_independent_rms_s10,phase2/results/predictions/full/mixed/resnet/seed_29/bandpass_n20003_cV3_independent_rms_s10.npz,76329,139d6f49c597f848e19bf93d6766e7c51f1725eb30c7d4eecd8e54ce8cfd6d1d
resnet,mixed,29,bandpass_n20003_cV3_independent_rms_s5,phase2/results/predictions/full/mixed/resnet/seed_29/bandpass_n20003_cV3_independent_rms_s5.npz,76212,fa219bf6e423d2d9071914e7ca9fc6e4a1d8eacf26d1da6a2c04151a9ef5f402
resnet,mixed,29,bandpass_n20003_cV3_independent_rms_s0,phase2/results/predictions/full/mixed/resnet/seed_29/bandpass_n20003_cV3_independent_rms_s0.npz,75919,78702fe13d92b910c091610dd941a4dc243b0a8c218736b1582d1cee0232261b
resnet,mixed,29,bandpass_n20003_cV3_electrode_s20,phase2/results/predictions/full/mixed/resnet/seed_29/bandpass_n20003_cV3_electrode_s20.npz,76383,a85d1bda812c469da9ce6200a6230b1411d5cb8511ed52085dc5f3c87a412173
resnet,mixed,29,bandpass_n20003_cV3_electrode_s15,phase2/results/predictions/full/mixed/resnet/seed_29/bandpass_n20003_cV3_electrode_s15.npz,76361,29c101d4065fcdb4763dfd4ff243c7e8fe282bad3a9c996cb2b4dc2e1bb4eb2f
resnet,mixed,29,bandpass_n20003_cV3_electrode_s10,phase2/results/predictions/full/mixed/resnet/seed_29/bandpass_n20003_cV3_electrode_s10.npz,76301,2de0d11bc2e603283a045e14fa4ebe66a0dea4fc7e676e5962e87d0a1a74ed3c
resnet,mixed,29,bandpass_n20003_cV3_electrode_s5,phase2/results/predictions/full/mixed/resnet/seed_29/bandpass_n20003_cV3_electrode_s5.npz,76200,9ec5a63979fe7d3d27119acd769aaebc9b9fb0adb3023e6d03af78470e294774
resnet,mixed,29,bandpass_n20003_cV3_electrode_s0,phase2/results/predictions/full/mixed/resnet/seed_29/bandpass_n20003_cV3_electrode_s0.npz,75871,c45def79a3ac700e0d52965f95510f5f79d902bf774f8ee4a9cfe24c2fed7e5e
resnet,mixed,29,bandpass_n20003_cV3_covariance_s20,phase2/results/predictions/full/mixed/resnet/seed_29/bandpass_n20003_cV3_covariance_s20.npz,76328,08297352aec0eb3dd68f7aeeb0f93c8b33fdabaf6b392d36e4f1f915fee55b6d
resnet,mixed,29,bandpass_n20003_cV3_covariance_s15,phase2/results/predictions/full/mixed/resnet/seed_29/bandpass_n20003_cV3_covariance_s15.npz,76404,118eced96c90a85571ac71b83677244c042fe1cb8f1ca78650ed0548927dbb60
resnet,mixed,29,bandpass_n20003_cV3_covariance_s10,phase2/results/predictions/full/mixed/resnet/seed_29/bandpass_n20003_cV3_covariance_s10.npz,76323,d1ca470dbd53d1a7f2ede4460203a63429f0f8f5f4da5de0be9b3f78f359f3c9
resnet,mixed,29,bandpass_n20003_cV3_covariance_s5,phase2/results/predictions/full/mixed/resnet/seed_29/bandpass_n20003_cV3_covariance_s5.npz,76225,8320db1ca0ca2421873cc22f5bfbd51be9aee2655595eb318d0daa62917ee5d1
resnet,mixed,29,bandpass_n20003_cV3_covariance_s0,phase2/results/predictions/full/mixed/resnet/seed_29/bandpass_n20003_cV3_covariance_s0.npz,75901,b439093bbc7ac61d93295b8ecdda1f53b416222006040dcfd1f83dad4b4d765c
resnet,mixed,29,bandpass_n20003_cV4_independent_rms_s20,phase2/results/predictions/full/mixed/resnet/seed_29/bandpass_n20003_cV4_independent_rms_s20.npz,76411,1770cb747d958df7b6ce57f2f12ab4527d084b4b68f65cb7d578e879538be832
resnet,mixed,29,bandpass_n20003_cV4_independent_rms_s15,phase2/results/predictions/full/mixed/resnet/seed_29/bandpass_n20003_cV4_independent_rms_s15.npz,76356,dcb3e91b3fee069d7030243573c96ef0740cc13e856e0105ef772d9cfdb6305b
resnet,mixed,29,bandpass_n20003_cV4_independent_rms_s10,phase2/results/predictions/full/mixed/resnet/seed_29/bandpass_n20003_cV4_independent_rms_s10.npz,76333,c9f36db140cff57be791da21002cdfd2eae55e772b3fd1b451957ef676867cdb
resnet,mixed,29,bandpass_n20003_cV4_independent_rms_s5,phase2/results/predictions/full/mixed/resnet/seed_29/bandpass_n20003_cV4_independent_rms_s5.npz,76194,2c24ac956a6437de2cf33023ec7a1d9753b19762f73b323d11f2f2e74af342fd
resnet,mixed,29,bandpass_n20003_cV4_independent_rms_s0,phase2/results/predictions/full/mixed/resnet/seed_29/bandpass_n20003_cV4_independent_rms_s0.npz,75838,1bc6e4b7ca51570b9f4268b3f182fc741e5504c8edf40052044142d27096f746
resnet,mixed,29,bandpass_n20003_cV4_electrode_s20,phase2/results/predictions/full/mixed/resnet/seed_29/bandpass_n20003_cV4_electrode_s20.npz,76361,4caf5a61b80cbd1f855d621e8cd0c29b69342f3297c70716ee66067d7b056cdb
resnet,mixed,29,bandpass_n20003_cV4_electrode_s15,phase2/results/predictions/full/mixed/resnet/seed_29/bandpass_n20003_cV4_electrode_s15.npz,76341,994416b0ad7e15bcb90138d7109d18aa62aaaec53fb00da0bfc6d22db7e6cd3f
resnet,mixed,29,bandpass_n20003_cV4_electrode_s10,phase2/results/predictions/full/mixed/resnet/seed_29/bandpass_n20003_cV4_electrode_s10.npz,76327,e5cb6f593433fba1c060ae797430d80a01785632e8c9a068197856eba6e37c70
resnet,mixed,29,bandpass_n20003_cV4_electrode_s5,phase2/results/predictions/full/mixed/resnet/seed_29/bandpass_n20003_cV4_electrode_s5.npz,76155,8249099d30765e3036d89707757f5b900979ed811b303705b32c84c3a6034ab3
resnet,mixed,29,bandpass_n20003_cV4_electrode_s0,phase2/results/predictions/full/mixed/resnet/seed_29/bandpass_n20003_cV4_electrode_s0.npz,75814,152ef28125e1a5428c0a49563b6199439024b47d6cac6f3f3f1a4caf85e55ffa
resnet,mixed,29,bandpass_n20003_cV4_covariance_s20,phase2/results/predictions/full/mixed/resnet/seed_29/bandpass_n20003_cV4_covariance_s20.npz,76364,ca1c0549b1da53489ab20f6ea286e1cb18cc9cd9011b493c75d192fade62b649
resnet,mixed,29,bandpass_n20003_cV4_covariance_s15,phase2/results/predictions/full/mixed/resnet/seed_29/bandpass_n20003_cV4_covariance_s15.npz,76364,c43a62761d0c65cf600d9e67bef7dc7192b1935eb9265eed98b30dae5c927b9c
resnet,mixed,29,bandpass_n20003_cV4_covariance_s10,phase2/results/predictions/full/mixed/resnet/seed_29/bandpass_n20003_cV4_covariance_s10.npz,76310,d6d0d4556ae699586310eb2fda2e4d7b76c9989f4bb5c95fe336495d9543a8b8
resnet,mixed,29,bandpass_n20003_cV4_covariance_s5,phase2/results/predictions/full/mixed/resnet/seed_29/bandpass_n20003_cV4_covariance_s5.npz,76203,2bec545e193eeddee46f65d743005aec30c70306105ae9f1895d2a2c9e0f7344
resnet,mixed,29,bandpass_n20003_cV4_covariance_s0,phase2/results/predictions/full/mixed/resnet/seed_29/bandpass_n20003_cV4_covariance_s0.npz,75815,ba26e855857c03c9eba46f6449fbed235344630bcc952d138f64002db8c24eab
resnet,mixed,29,bandpass_n20003_cV5_independent_rms_s20,phase2/results/predictions/full/mixed/resnet/seed_29/bandpass_n20003_cV5_independent_rms_s20.npz,76350,b8a6d40b85a9b6f930a6d35b086c01223ecb64237119c8d0ab25610661b151f6
resnet,mixed,29,bandpass_n20003_cV5_independent_rms_s15,phase2/results/predictions/full/mixed/resnet/seed_29/bandpass_n20003_cV5_independent_rms_s15.npz,76337,5b9b5aec1531a4ff8d6a04e048e1986f7326767505f6c50749681ee6933189f3
resnet,mixed,29,bandpass_n20003_cV5_independent_rms_s10,phase2/results/predictions/full/mixed/resnet/seed_29/bandpass_n20003_cV5_independent_rms_s10.npz,76281,05335ba5d7663f4e616174485e88b18619dbd8daf558583b1a84a3244e1ce249
resnet,mixed,29,bandpass_n20003_cV5_independent_rms_s5,phase2/results/predictions/full/mixed/resnet/seed_29/bandpass_n20003_cV5_independent_rms_s5.npz,76120,39af4b40c85379d87b6e163150e04b002adad2dd5dea9b3ca5aefabf398013ae
resnet,mixed,29,bandpass_n20003_cV5_independent_rms_s0,phase2/results/predictions/full/mixed/resnet/seed_29/bandpass_n20003_cV5_independent_rms_s0.npz,75605,bf1ed8d865b60b5369577568765364c99ad051b6eec7a8a3f9fd3c2c6e5cf800
resnet,mixed,29,bandpass_n20003_cV5_electrode_s20,phase2/results/predictions/full/mixed/resnet/seed_29/bandpass_n20003_cV5_electrode_s20.npz,76338,13e30aca39130b509f27243087e1d85f51720c77221fc05bd1b8a7189e92be61
resnet,mixed,29,bandpass_n20003_cV5_electrode_s15,phase2/results/predictions/full/mixed/resnet/seed_29/bandpass_n20003_cV5_electrode_s15.npz,76324,6bc36e209c470a8231824ddf1f617871e7f68aed9d49fea668d5c652e06f57a4
resnet,mixed,29,bandpass_n20003_cV5_electrode_s10,phase2/results/predictions/full/mixed/resnet/seed_29/bandpass_n20003_cV5_electrode_s10.npz,76287,d22470d60cee51e1bf37f8f5c2de4a822231f9b2263086b705f377f0ca8a0b37
resnet,mixed,29,bandpass_n20003_cV5_electrode_s5,phase2/results/predictions/full/mixed/resnet/seed_29/bandpass_n20003_cV5_electrode_s5.npz,76116,e85281e4789de1bc0c19e92abeeb164e8afbcb9b4685c61bb6e3812b449abfa6
resnet,mixed,29,bandpass_n20003_cV5_electrode_s0,phase2/results/predictions/full/mixed/resnet/seed_29/bandpass_n20003_cV5_electrode_s0.npz,75591,7f0f0d30221a4265e1f1b7e35d3676a2b83e961a572d70e9275f2c88d22e78db
resnet,mixed,29,bandpass_n20003_cV5_covariance_s20,phase2/results/predictions/full/mixed/resnet/seed_29/bandpass_n20003_cV5_covariance_s20.npz,76381,9f7d959c2bab3474006d8d3071c4f1e3540274f9a5c755f76385c63629294cce
resnet,mixed,29,bandpass_n20003_cV5_covariance_s15,phase2/results/predictions/full/mixed/resnet/seed_29/bandpass_n20003_cV5_covariance_s15.npz,76362,274c36faad2ebfd2afc034fa8cc3586843adff21416af653bdaafa7284415c28
resnet,mixed,29,bandpass_n20003_cV5_covariance_s10,phase2/results/predictions/full/mixed/resnet/seed_29/bandpass_n20003_cV5_covariance_s10.npz,76300,643406c448bfdafc64a48c1b8c04dd091a5e85f0221ca91ff33b893ba67f6398
resnet,mixed,29,bandpass_n20003_cV5_covariance_s5,phase2/results/predictions/full/mixed/resnet/seed_29/bandpass_n20003_cV5_covariance_s5.npz,76118,883da2209a8a7498753c9ab68524cbfe631be76a3e8cc91eb8ad7151286bde75
resnet,mixed,29,bandpass_n20003_cV5_covariance_s0,phase2/results/predictions/full/mixed/resnet/seed_29/bandpass_n20003_cV5_covariance_s0.npz,75619,5947d9bfeb6977c83a23d6dcaed7bda1a590065ce372d4471b305f626a1aca64
resnet,mixed,29,bandpass_n20003_cV6_independent_rms_s20,phase2/results/predictions/full/mixed/resnet/seed_29/bandpass_n20003_cV6_independent_rms_s20.npz,76388,336c6ce40185646841cff0410f0dda3699f699ee49353274da7345002cd54e67
resnet,mixed,29,bandpass_n20003_cV6_independent_rms_s15,phase2/results/predictions/full/mixed/resnet/seed_29/bandpass_n20003_cV6_independent_rms_s15.npz,76379,9497caaf8fe546e297dc1e3b267afe358edf42e0be4fb795081daa6c59b23706
resnet,mixed,29,bandpass_n20003_cV6_independent_rms_s10,phase2/results/predictions/full/mixed/resnet/seed_29/bandpass_n20003_cV6_independent_rms_s10.npz,76316,21fa5fef9d74f2ff88913c67024a252a063315e60642d5c5aef1879683d1e117
resnet,mixed,29,bandpass_n20003_cV6_independent_rms_s5,phase2/results/predictions/full/mixed/resnet/seed_29/bandpass_n20003_cV6_independent_rms_s5.npz,76173,dafab166cecf94efe1d46efc83a2a2fe655346caefc89addd6252f4ed191a68f
resnet,mixed,29,bandpass_n20003_cV6_independent_rms_s0,phase2/results/predictions/full/mixed/resnet/seed_29/bandpass_n20003_cV6_independent_rms_s0.npz,75795,6dc1cbd6bff94ecc9bd7ef73053011c3bbc4c22b0167ecfcccccc4e7266d8800
resnet,mixed,29,bandpass_n20003_cV6_electrode_s20,phase2/results/predictions/full/mixed/resnet/seed_29/bandpass_n20003_cV6_electrode_s20.npz,76373,061f784d78ab77883354673a7b75f3ee0f1eaac78cad09daf36fbc4b32412d52
resnet,mixed,29,bandpass_n20003_cV6_electrode_s15,phase2/results/predictions/full/mixed/resnet/seed_29/bandpass_n20003_cV6_electrode_s15.npz,76331,40140bedbaf6c6f14b82f6235e1cb5e41514f88903b78286a3c97322e1fb3a03
resnet,mixed,29,bandpass_n20003_cV6_electrode_s10,phase2/results/predictions/full/mixed/resnet/seed_29/bandpass_n20003_cV6_electrode_s10.npz,76297,1373df059cc3afd8ba4e63ad3e3822d71a21f9041a6fdc7e93af6f119e3ea464
resnet,mixed,29,bandpass_n20003_cV6_electrode_s5,phase2/results/predictions/full/mixed/resnet/seed_29/bandpass_n20003_cV6_electrode_s5.npz,76145,76329a56e89391808778eb0fa7b5ec2bec128bc5f918c75aa7c712531493a3a5
resnet,mixed,29,bandpass_n20003_cV6_electrode_s0,phase2/results/predictions/full/mixed/resnet/seed_29/bandpass_n20003_cV6_electrode_s0.npz,75810,9bc68ffd9b670e616a1976fb6d9003f01bf19f643b980f237c9a17bec822cd4b
resnet,mixed,29,bandpass_n20003_cV6_covariance_s20,phase2/results/predictions/full/mixed/resnet/seed_29/bandpass_n20003_cV6_covariance_s20.npz,76371,54595a465e6b2a985e1cf0b9b76e46fb2587533801f149c7292e7ed322d0433a
resnet,mixed,29,bandpass_n20003_cV6_covariance_s15,phase2/results/predictions/full/mixed/resnet/seed_29/bandpass_n20003_cV6_covariance_s15.npz,76350,12a87fb33a8625d136c91fd7a8b4712e96de240e77d019e22923dd2ecf300714
resnet,mixed,29,bandpass_n20003_cV6_covariance_s10,phase2/results/predictions/full/mixed/resnet/seed_29/bandpass_n20003_cV6_covariance_s10.npz,76300,635689e9ae0913f10d086e7b19df00f59d0267015e2f3ce8c20ee29855a30d94
resnet,mixed,29,bandpass_n20003_cV6_covariance_s5,phase2/results/predictions/full/mixed/resnet/seed_29/bandpass_n20003_cV6_covariance_s5.npz,76159,ff694680aa44d91a6b1d2b6fff9582a3a9526f9eb9cbdb1d5678563a7533c30b
resnet,mixed,29,bandpass_n20003_cV6_covariance_s0,phase2/results/predictions/full/mixed/resnet/seed_29/bandpass_n20003_cV6_covariance_s0.npz,75744,1b6e4cf2c83a290a4c051b4bb76c31d25f12fb38e25c2c90fea3d497a560b654
resnet,mixed,29,bandpass_n20003_cRA_LA_independent_rms_s20,phase2/results/predictions/full/mixed/resnet/seed_29/bandpass_n20003_cRA_LA_independent_rms_s20.npz,76352,70d7ac2e57f5e730f76ba456b8430f4f714494efc6c649c8923821431542a27e
resnet,mixed,29,bandpass_n20003_cRA_LA_independent_rms_s15,phase2/results/predictions/full/mixed/resnet/seed_29/bandpass_n20003_cRA_LA_independent_rms_s15.npz,76358,15db491c95b6665841f69a27234285b2085cb06db31c96f421c47dfb46af66a4
resnet,mixed,29,bandpass_n20003_cRA_LA_independent_rms_s10,phase2/results/predictions/full/mixed/resnet/seed_29/bandpass_n20003_cRA_LA_independent_rms_s10.npz,76293,7586d4525a813a2fc8e26c4ad66bdf2fe25a8e18588d8c79b827763bd4a1b023
resnet,mixed,29,bandpass_n20003_cRA_LA_independent_rms_s5,phase2/results/predictions/full/mixed/resnet/seed_29/bandpass_n20003_cRA_LA_independent_rms_s5.npz,76095,56a30bbc08baf847f8c475cd1fcb326a96100aa5db1d9b676862b78a2617aaff
resnet,mixed,29,bandpass_n20003_cRA_LA_independent_rms_s0,phase2/results/predictions/full/mixed/resnet/seed_29/bandpass_n20003_cRA_LA_independent_rms_s0.npz,75614,818fbc408e510b9641d23b9d2acb0993b7133ce371bc345aeed0f0dab88ef257
resnet,mixed,29,bandpass_n20003_cRA_LA_electrode_s20,phase2/results/predictions/full/mixed/resnet/seed_29/bandpass_n20003_cRA_LA_electrode_s20.npz,76345,2fe17da91924b7dd702ea37d130645761de2a16a73f4a9faf24c9e0a5ad439c8
resnet,mixed,29,bandpass_n20003_cRA_LA_electrode_s15,phase2/results/predictions/full/mixed/resnet/seed_29/bandpass_n20003_cRA_LA_electrode_s15.npz,76339,0cded9fff4a0d455bf75263063624d663ad427dbf8c5a0b392343b028cb7f9d4
resnet,mixed,29,bandpass_n20003_cRA_LA_electrode_s10,phase2/results/predictions/full/mixed/resnet/seed_29/bandpass_n20003_cRA_LA_electrode_s10.npz,76228,b6b76f696015aa50d9cbcd979e73801ccfbcc069622a23efa10fb13aea3728d0
resnet,mixed,29,bandpass_n20003_cRA_LA_electrode_s5,phase2/results/predictions/full/mixed/resnet/seed_29/bandpass_n20003_cRA_LA_electrode_s5.npz,76017,0ee2c027f53237712ee0c427a30e1940dca2601ea56fc0e78afd721e9723666b
resnet,mixed,29,bandpass_n20003_cRA_LA_electrode_s0,phase2/results/predictions/full/mixed/resnet/seed_29/bandpass_n20003_cRA_LA_electrode_s0.npz,75401,2ff473116ba88e28372003fce578d7daca235e3fdfe3f762ead6bea00dc98089
resnet,mixed,29,bandpass_n20003_cRA_LA_covariance_s20,phase2/results/predictions/full/mixed/resnet/seed_29/bandpass_n20003_cRA_LA_covariance_s20.npz,76320,673dd7f7dc201e79bd05600f6bac4f20fee5b89b051922c88b7cdf174fa26d81
resnet,mixed,29,bandpass_n20003_cRA_LA_covariance_s15,phase2/results/predictions/full/mixed/resnet/seed_29/bandpass_n20003_cRA_LA_covariance_s15.npz,76338,bff5997035685837038cbdf275cd213543b43519de96d567e2999b2a2eab2b1e
resnet,mixed,29,bandpass_n20003_cRA_LA_covariance_s10,phase2/results/predictions/full/mixed/resnet/seed_29/bandpass_n20003_cRA_LA_covariance_s10.npz,76275,552916e1fb437d47b3f54812090b156eed418b505ba44831320534c3d1079c2f
resnet,mixed,29,bandpass_n20003_cRA_LA_covariance_s5,phase2/results/predictions/full/mixed/resnet/seed_29/bandpass_n20003_cRA_LA_covariance_s5.npz,75974,c939762263e4bb87f802ede930a08cecd37bdd91faaa5af41fdfafc79d265a79
resnet,mixed,29,bandpass_n20003_cRA_LA_covariance_s0,phase2/results/predictions/full/mixed/resnet/seed_29/bandpass_n20003_cRA_LA_covariance_s0.npz,75411,88fd537225063a9934634716ead71ccee36c7120bc6f2d43583ae6c4eb8dc55b
resnet,mixed,29,bandpass_n20003_cLA_LL_independent_rms_s20,phase2/results/predictions/full/mixed/resnet/seed_29/bandpass_n20003_cLA_LL_independent_rms_s20.npz,76379,00567de2046bb7730fad2d68646c653bdd2755546383417afac864d7cea4de50
resnet,mixed,29,bandpass_n20003_cLA_LL_independent_rms_s15,phase2/results/predictions/full/mixed/resnet/seed_29/bandpass_n20003_cLA_LL_independent_rms_s15.npz,76360,7566d836814bf1ef516f3ff243fe4f3d644814bf13363fe3396e7c0457b00c0e
resnet,mixed,29,bandpass_n20003_cLA_LL_independent_rms_s10,phase2/results/predictions/full/mixed/resnet/seed_29/bandpass_n20003_cLA_LL_independent_rms_s10.npz,76302,de8186cd0865f4df8009a32a2b6f1fec6f5a505dbaeeda57493d795a2c423f98
resnet,mixed,29,bandpass_n20003_cLA_LL_independent_rms_s5,phase2/results/predictions/full/mixed/resnet/seed_29/bandpass_n20003_cLA_LL_independent_rms_s5.npz,76097,754461b39c1d141beb925c47da42272feffb96fe2ce39d75b264eac657def457
resnet,mixed,29,bandpass_n20003_cLA_LL_independent_rms_s0,phase2/results/predictions/full/mixed/resnet/seed_29/bandpass_n20003_cLA_LL_independent_rms_s0.npz,75627,be6d475b4a8b6b5fd9280972e610818e39677413d0bd790556e0deabb7e36fe4
resnet,mixed,29,bandpass_n20003_cLA_LL_electrode_s20,phase2/results/predictions/full/mixed/resnet/seed_29/bandpass_n20003_cLA_LL_electrode_s20.npz,76373,796be91cb9cb24ad96b94755a7c53ef55e4805180251fa4948dffa6db53a3218
resnet,mixed,29,bandpass_n20003_cLA_LL_electrode_s15,phase2/results/predictions/full/mixed/resnet/seed_29/bandpass_n20003_cLA_LL_electrode_s15.npz,76332,018ec8b8b437d1a0a7da37523a6e47a224024342e1834973a12c8ac772afbcd2
resnet,mixed,29,bandpass_n20003_cLA_LL_electrode_s10,phase2/results/predictions/full/mixed/resnet/seed_29/bandpass_n20003_cLA_LL_electrode_s10.npz,76237,cefe8b08c9a9662d153d90d7757f34e89731783efb1edc382643c8746e18653d
resnet,mixed,29,bandpass_n20003_cLA_LL_electrode_s5,phase2/results/predictions/full/mixed/resnet/seed_29/bandpass_n20003_cLA_LL_electrode_s5.npz,75986,d76cd45513d2452f53398514a4f766a8fffcb03ff20ccb42e09d418411b686df
resnet,mixed,29,bandpass_n20003_cLA_LL_electrode_s0,phase2/results/predictions/full/mixed/resnet/seed_29/bandpass_n20003_cLA_LL_electrode_s0.npz,75564,624f7c043a6f78b280bec97f13628fd5d2ae75c38b9d53dc0965261d34cbc59c
resnet,mixed,29,bandpass_n20003_cLA_LL_covariance_s20,phase2/results/predictions/full/mixed/resnet/seed_29/bandpass_n20003_cLA_LL_covariance_s20.npz,76365,d5847503b8494162b6c8b87abbd5d6399cc15e4ab5aabb53b87626df8e816cf9
resnet,mixed,29,bandpass_n20003_cLA_LL_covariance_s15,phase2/results/predictions/full/mixed/resnet/seed_29/bandpass_n20003_cLA_LL_covariance_s15.npz,76348,ff347a8b5e7899a438a2ec46178b0076ac2f02496a89d3a5e7d863d6657f0747
resnet,mixed,29,bandpass_n20003_cLA_LL_covariance_s10,phase2/results/predictions/full/mixed/resnet/seed_29/bandpass_n20003_cLA_LL_covariance_s10.npz,76262,0cef5b4fa1b920961fdae805cb5b5af9f4980e78c419ac8fcbe20fbb8dd69e0e
resnet,mixed,29,bandpass_n20003_cLA_LL_covariance_s5,phase2/results/predictions/full/mixed/resnet/seed_29/bandpass_n20003_cLA_LL_covariance_s5.npz,75985,7d3e18f09bd70636ddf9abd74b5897300d65dd592602f966251f39c044308eb2
resnet,mixed,29,bandpass_n20003_cLA_LL_covariance_s0,phase2/results/predictions/full/mixed/resnet/seed_29/bandpass_n20003_cLA_LL_covariance_s0.npz,75544,4b27d1904e927d1d8f9c3833b6cb8a43fd4ba4782fc5e62f93d7ef35011cefdf
resnet,mixed,29,bandpass_n20003_cRA_LL_independent_rms_s20,phase2/results/predictions/full/mixed/resnet/seed_29/bandpass_n20003_cRA_LL_independent_rms_s20.npz,76377,c1c34b52f752e5b56809e8c2ea21374a11d068f7830d13cc43501f72a19ee73e
resnet,mixed,29,bandpass_n20003_cRA_LL_independent_rms_s15,phase2/results/predictions/full/mixed/resnet/seed_29/bandpass_n20003_cRA_LL_independent_rms_s15.npz,76353,9da2363bc42f3632c13eb257a50f4cd765033c64248c5e7aa09cb0dcb1aab9c9
resnet,mixed,29,bandpass_n20003_cRA_LL_independent_rms_s10,phase2/results/predictions/full/mixed/resnet/seed_29/bandpass_n20003_cRA_LL_independent_rms_s10.npz,76321,3d7c1f51c5f286498eb430544c0ef3041706951c44b70434c8b8701990d61c26
resnet,mixed,29,bandpass_n20003_cRA_LL_independent_rms_s5,phase2/results/predictions/full/mixed/resnet/seed_29/bandpass_n20003_cRA_LL_independent_rms_s5.npz,76130,efc56638f42a37657cb82657b99e4aeb13772f3faef9681f8139f1f4a6dab6e4
resnet,mixed,29,bandpass_n20003_cRA_LL_independent_rms_s0,phase2/results/predictions/full/mixed/resnet/seed_29/bandpass_n20003_cRA_LL_independent_rms_s0.npz,75631,aa12f6cbdf5a3acae1583dab0d9621e0ae7797305dda3752835d6f71781d1ed4
resnet,mixed,29,bandpass_n20003_cRA_LL_electrode_s20,phase2/results/predictions/full/mixed/resnet/seed_29/bandpass_n20003_cRA_LL_electrode_s20.npz,76386,2d0bf02563dcde0ebd1ce2fc0978dc9ba81fbc2ffe70b14a309a1c87ac901dd6
resnet,mixed,29,bandpass_n20003_cRA_LL_electrode_s15,phase2/results/predictions/full/mixed/resnet/seed_29/bandpass_n20003_cRA_LL_electrode_s15.npz,76333,d2efab4fc51efa7412db2c8fd9a740df358abd486a07d335a3132c493ffa5416
resnet,mixed,29,bandpass_n20003_cRA_LL_electrode_s10,phase2/results/predictions/full/mixed/resnet/seed_29/bandpass_n20003_cRA_LL_electrode_s10.npz,76226,10dac2add689af8530cf386ca3a15ee24f45cca038505db40deda29600d07911
resnet,mixed,29,bandpass_n20003_cRA_LL_electrode_s5,phase2/results/predictions/full/mixed/resnet/seed_29/bandpass_n20003_cRA_LL_electrode_s5.npz,75987,d84120c9acfae3ba9674c3854d90709b77b5992d36deb654a455a580614662d5
resnet,mixed,29,bandpass_n20003_cRA_LL_electrode_s0,phase2/results/predictions/full/mixed/resnet/seed_29/bandpass_n20003_cRA_LL_electrode_s0.npz,75487,97bb86d1569fd493ba638a919067a14f5f78dae342f7745482ef11e3a283e3c2
resnet,mixed,29,bandpass_n20003_cRA_LL_covariance_s20,phase2/results/predictions/full/mixed/resnet/seed_29/bandpass_n20003_cRA_LL_covariance_s20.npz,76350,df0f4f2d70ee1ec0174cb96a68825ce5f7469fe726336ac678075ada1d0119a3
resnet,mixed,29,bandpass_n20003_cRA_LL_covariance_s15,phase2/results/predictions/full/mixed/resnet/seed_29/bandpass_n20003_cRA_LL_covariance_s15.npz,76345,9578f1e00bdbe73c0afee3fdf0469c9e6d1fdf5a498d99837bbd01d79997234a
resnet,mixed,29,bandpass_n20003_cRA_LL_covariance_s10,phase2/results/predictions/full/mixed/resnet/seed_29/bandpass_n20003_cRA_LL_covariance_s10.npz,76239,5d39b60d37005b0ea7651725209b64d0f407b51557bbd77b48e725186486a12b
resnet,mixed,29,bandpass_n20003_cRA_LL_covariance_s5,phase2/results/predictions/full/mixed/resnet/seed_29/bandpass_n20003_cRA_LL_covariance_s5.npz,75956,41d06f18ff2384c730256f79abe989bb9a7c636f1714465498ac9e43e479ce50
resnet,mixed,29,bandpass_n20003_cRA_LL_covariance_s0,phase2/results/predictions/full/mixed/resnet/seed_29/bandpass_n20003_cRA_LL_covariance_s0.npz,75492,8598c4a66d52bb0746bf64d6581a020445af70edb1b28b4cbbeb7e9f54b115cf
resnet,mixed,29,bandpass_n20003_cRA_independent_rms_s20,phase2/results/predictions/full/mixed/resnet/seed_29/bandpass_n20003_cRA_independent_rms_s20.npz,76344,5ea4fe4c6aa55db7626573052d533adca8dba5dbe5483c45b86eb680210070d8
resnet,mixed,29,bandpass_n20003_cRA_independent_rms_s15,phase2/results/predictions/full/mixed/resnet/seed_29/bandpass_n20003_cRA_independent_rms_s15.npz,76344,dfbee98bcd048373f3762645699f7640cb4daf2b09a17b33f4db301ecaa05b40
resnet,mixed,29,bandpass_n20003_cRA_independent_rms_s10,phase2/results/predictions/full/mixed/resnet/seed_29/bandpass_n20003_cRA_independent_rms_s10.npz,76300,780f42521fda284771dbd57381db744d94dff155408a209c72c063f03e20bbed
resnet,mixed,29,bandpass_n20003_cRA_independent_rms_s5,phase2/results/predictions/full/mixed/resnet/seed_29/bandpass_n20003_cRA_independent_rms_s5.npz,76091,38c882cd25020e4eac611eb2149014312504991b38955b5a6cdd95f762d6843b
resnet,mixed,29,bandpass_n20003_cRA_independent_rms_s0,phase2/results/predictions/full/mixed/resnet/seed_29/bandpass_n20003_cRA_independent_rms_s0.npz,75584,cc311e8ed2d521b0f0e2351f82611c79855d3c072261b9aa353034715745a33f
resnet,mixed,29,bandpass_n20003_cRA_electrode_s20,phase2/results/predictions/full/mixed/resnet/seed_29/bandpass_n20003_cRA_electrode_s20.npz,76338,ea54e38fe0ce27f2739728551a074e394926c645a874b7b830a2a00961d3522d
resnet,mixed,29,bandpass_n20003_cRA_electrode_s15,phase2/results/predictions/full/mixed/resnet/seed_29/bandpass_n20003_cRA_electrode_s15.npz,76337,c551291a7f5aede2f56127b32e845c74d58d53b957ac971c083099d3dd78b6c3
resnet,mixed,29,bandpass_n20003_cRA_electrode_s10,phase2/results/predictions/full/mixed/resnet/seed_29/bandpass_n20003_cRA_electrode_s10.npz,76253,b9ebcb9526bf07d89740071dc36455dd77bd0e6c3d1fe277bebd50fac4080fdb
resnet,mixed,29,bandpass_n20003_cRA_electrode_s5,phase2/results/predictions/full/mixed/resnet/seed_29/bandpass_n20003_cRA_electrode_s5.npz,75944,d38d66538aa460b5d46c021a58a87c45d28239a42cee37f5cf8519a6c3a343d7
resnet,mixed,29,bandpass_n20003_cRA_electrode_s0,phase2/results/predictions/full/mixed/resnet/seed_29/bandpass_n20003_cRA_electrode_s0.npz,75432,ea883c3dc5371c8e39fb735a76c53622d5137667f2ceb29bfa86f239f49ee088
resnet,mixed,29,bandpass_n20003_cRA_covariance_s20,phase2/results/predictions/full/mixed/resnet/seed_29/bandpass_n20003_cRA_covariance_s20.npz,76389,0f2c43124790e686793fde6b434706fab17fcf7dad659411630b135a8a86a834
resnet,mixed,29,bandpass_n20003_cRA_covariance_s15,phase2/results/predictions/full/mixed/resnet/seed_29/bandpass_n20003_cRA_covariance_s15.npz,76336,c79c113b3c34147a937543d2344a7a4f4b8fb253051b73aabc2c6396a0499981
resnet,mixed,29,bandpass_n20003_cRA_covariance_s10,phase2/results/predictions/full/mixed/resnet/seed_29/bandpass_n20003_cRA_covariance_s10.npz,76236,a868a5c2dd217aa4f8a675345dea2e9f5ff2c2124d4662fe07b5b6638c4acc03
resnet,mixed,29,bandpass_n20003_cRA_covariance_s5,phase2/results/predictions/full/mixed/resnet/seed_29/bandpass_n20003_cRA_covariance_s5.npz,75999,8aec75cc187fe25b25af3c537cc5c38174d6efff9b437f584f3c00d5d59af130
resnet,mixed,29,bandpass_n20003_cRA_covariance_s0,phase2/results/predictions/full/mixed/resnet/seed_29/bandpass_n20003_cRA_covariance_s0.npz,75416,020844ea464f9aac77dbe911ac9c6a0457f17959dad9c4e42f1402d66b7b6373
resnet,mixed,29,bandpass_n20003_cLA_independent_rms_s20,phase2/results/predictions/full/mixed/resnet/seed_29/bandpass_n20003_cLA_independent_rms_s20.npz,76408,1bc18c075bbc0eed110881d75908a98fa6b8e18e6d13422841e508ab49763c58
resnet,mixed,29,bandpass_n20003_cLA_independent_rms_s15,phase2/results/predictions/full/mixed/resnet/seed_29/bandpass_n20003_cLA_independent_rms_s15.npz,76356,35845cd8422e4e04406e2c08db66312ad97b7a125c5d7827faba832b98d37dff
resnet,mixed,29,bandpass_n20003_cLA_independent_rms_s10,phase2/results/predictions/full/mixed/resnet/seed_29/bandpass_n20003_cLA_independent_rms_s10.npz,76252,85f505befe02c0b1c10ccc3cc1f209d357b43d2c3023db055a5078cef1782d79
resnet,mixed,29,bandpass_n20003_cLA_independent_rms_s5,phase2/results/predictions/full/mixed/resnet/seed_29/bandpass_n20003_cLA_independent_rms_s5.npz,76097,979d0c97dd6c3331fd6f69c98cbc2cd422c4ed2cec12b60303f2d4fd40f10815
resnet,mixed,29,bandpass_n20003_cLA_independent_rms_s0,phase2/results/predictions/full/mixed/resnet/seed_29/bandpass_n20003_cLA_independent_rms_s0.npz,75636,8d1c0816c07f5ea056443e223d7b45c8651e863d5701f7d291cb6f349b08a2da
resnet,mixed,29,bandpass_n20003_cLA_electrode_s20,phase2/results/predictions/full/mixed/resnet/seed_29/bandpass_n20003_cLA_electrode_s20.npz,76367,9d70aee0e226754ffa7ef29c6497696e6671feff3c49184e2b5c583d8fd9e137
resnet,mixed,29,bandpass_n20003_cLA_electrode_s15,phase2/results/predictions/full/mixed/resnet/seed_29/bandpass_n20003_cLA_electrode_s15.npz,76324,f020b17a87d30207072d6184d803b995d976b65419c20ee1897da966993328cb
resnet,mixed,29,bandpass_n20003_cLA_electrode_s10,phase2/results/predictions/full/mixed/resnet/seed_29/bandpass_n20003_cLA_electrode_s10.npz,76245,c8ef3b11eb79087686cd0b9bb7857e7b6296d94cf35b59e4bce56018cbf74238
resnet,mixed,29,bandpass_n20003_cLA_electrode_s5,phase2/results/predictions/full/mixed/resnet/seed_29/bandpass_n20003_cLA_electrode_s5.npz,76020,4fa66abf94f2c4924be0c6a25230b23409604b515e1da411675ef5eb3794c430
resnet,mixed,29,bandpass_n20003_cLA_electrode_s0,phase2/results/predictions/full/mixed/resnet/seed_29/bandpass_n20003_cLA_electrode_s0.npz,75451,0d85c1a3eb245891040c3c21a5a38c29d51296e0d943cb02f306136107dbbd28
resnet,mixed,29,bandpass_n20003_cLA_covariance_s20,phase2/results/predictions/full/mixed/resnet/seed_29/bandpass_n20003_cLA_covariance_s20.npz,76379,1cfd3d091f3f1c2919eaf491a4422d6348e6958a565c10d8e3df93d6c11a7a1a
resnet,mixed,29,bandpass_n20003_cLA_covariance_s15,phase2/results/predictions/full/mixed/resnet/seed_29/bandpass_n20003_cLA_covariance_s15.npz,76330,2a1714ae820845a06196680ac1e8dff5dfa7b3e33fc4864b85ddf41a78804f0d
resnet,mixed,29,bandpass_n20003_cLA_covariance_s10,phase2/results/predictions/full/mixed/resnet/seed_29/bandpass_n20003_cLA_covariance_s10.npz,76234,6e19bc3f1ecd11c6ae39af3e3b7f4b229dc7730168cbbdf20aceac38618562fd
resnet,mixed,29,bandpass_n20003_cLA_covariance_s5,phase2/results/predictions/full/mixed/resnet/seed_29/bandpass_n20003_cLA_covariance_s5.npz,76024,e0e150ab509cc9ba6f41bc0f2e42025548cc1e04145edba512005542d54d59a6
resnet,mixed,29,bandpass_n20003_cLA_covariance_s0,phase2/results/predictions/full/mixed/resnet/seed_29/bandpass_n20003_cLA_covariance_s0.npz,75457,1bceddf4ef98e98d6a3891a857ac75881ce30827ba9be82d6a521cd6835cea52
resnet,mixed,29,bandpass_n20003_cLL_independent_rms_s20,phase2/results/predictions/full/mixed/resnet/seed_29/bandpass_n20003_cLL_independent_rms_s20.npz,76391,8360680d8f886a30eb9e01bb5a90a23b6e3b00f7b8620850aa83f812bb51256c
resnet,mixed,29,bandpass_n20003_cLL_independent_rms_s15,phase2/results/predictions/full/mixed/resnet/seed_29/bandpass_n20003_cLL_independent_rms_s15.npz,76342,aac9ea3102bc0392c93781a19cfc180e013c4509ac18078418a42c7b8f270a5c
resnet,mixed,29,bandpass_n20003_cLL_independent_rms_s10,phase2/results/predictions/full/mixed/resnet/seed_29/bandpass_n20003_cLL_independent_rms_s10.npz,76291,a78528e6568bd68b22a401e4172309a826b68379b83ec70c8cf14d3cc855ed2e
resnet,mixed,29,bandpass_n20003_cLL_independent_rms_s5,phase2/results/predictions/full/mixed/resnet/seed_29/bandpass_n20003_cLL_independent_rms_s5.npz,76110,b9ce8335aad89cdb019e90e191b8fc4ee4325ae2a6c596abf2cb1a1eec184fda
resnet,mixed,29,bandpass_n20003_cLL_independent_rms_s0,phase2/results/predictions/full/mixed/resnet/seed_29/bandpass_n20003_cLL_independent_rms_s0.npz,75653,f72aeb52c4ce427fa4b69238c719193ad96468da70f8e1349ce63f22c5934c28
resnet,mixed,29,bandpass_n20003_cLL_electrode_s20,phase2/results/predictions/full/mixed/resnet/seed_29/bandpass_n20003_cLL_electrode_s20.npz,76365,fab7d4f11034f566079090853f5acb71c16c5bc81e5d95fd83664f2ac0203dae
resnet,mixed,29,bandpass_n20003_cLL_electrode_s15,phase2/results/predictions/full/mixed/resnet/seed_29/bandpass_n20003_cLL_electrode_s15.npz,76331,0b61d0ad64d04dd660ecc62b8193f452c6e6b4b9533cb83f8501a62399d2f1ba
resnet,mixed,29,bandpass_n20003_cLL_electrode_s10,phase2/results/predictions/full/mixed/resnet/seed_29/bandpass_n20003_cLL_electrode_s10.npz,76217,b6305b06ba00c56c9d1e9f2801efff58df70f6f08f2982f60ca59d28997dd1c7
resnet,mixed,29,bandpass_n20003_cLL_electrode_s5,phase2/results/predictions/full/mixed/resnet/seed_29/bandpass_n20003_cLL_electrode_s5.npz,75999,bf1d00f27aef53be9d41b6f46d044d43e0415806e5f5a69ff14c4e77284fb7e6
resnet,mixed,29,bandpass_n20003_cLL_electrode_s0,phase2/results/predictions/full/mixed/resnet/seed_29/bandpass_n20003_cLL_electrode_s0.npz,75702,de37321f28831d69580faba06021f3536311cc95a1d3ae0ba3908d3f849ad406
resnet,mixed,29,bandpass_n20003_cLL_covariance_s20,phase2/results/predictions/full/mixed/resnet/seed_29/bandpass_n20003_cLL_covariance_s20.npz,76345,3461486fd49ecf7281574607ffa53ef57823de60268aedca8debca269423a79c
resnet,mixed,29,bandpass_n20003_cLL_covariance_s15,phase2/results/predictions/full/mixed/resnet/seed_29/bandpass_n20003_cLL_covariance_s15.npz,76353,85ba5453be79fa7d6596da9826f494550e79e220306153acb77bf9116b559e8a
resnet,mixed,29,bandpass_n20003_cLL_covariance_s10,phase2/results/predictions/full/mixed/resnet/seed_29/bandpass_n20003_cLL_covariance_s10.npz,76198,aafbeed4dab22452aafbd79445e451f5c99a0b275e9ae2013d9d8d5666d721e9
resnet,mixed,29,bandpass_n20003_cLL_covariance_s5,phase2/results/predictions/full/mixed/resnet/seed_29/bandpass_n20003_cLL_covariance_s5.npz,75976,2a094840fcb844641c180a3b902ddb9ac641fa7ad6187a67e7831d5421edf05f
resnet,mixed,29,bandpass_n20003_cLL_covariance_s0,phase2/results/predictions/full/mixed/resnet/seed_29/bandpass_n20003_cLL_covariance_s0.npz,75662,970a7cb974da2a0af013845337c0045106cab5927d6e5c8906b86d75d9b8ae39
resnet,mixed,29,bandpass_n20003_cRA_V1_independent_rms_s20,phase2/results/predictions/full/mixed/resnet/seed_29/bandpass_n20003_cRA_V1_independent_rms_s20.npz,76378,655ef43e4a350511e941377cdf0c34ab6dd8db189aff893aa945d06c8f5cd802
resnet,mixed,29,bandpass_n20003_cRA_V1_independent_rms_s15,phase2/results/predictions/full/mixed/resnet/seed_29/bandpass_n20003_cRA_V1_independent_rms_s15.npz,76371,2a852489e79fbd04c73d38f828187e6f977676c1eb81f05081b27888b04ee936
resnet,mixed,29,bandpass_n20003_cRA_V1_independent_rms_s10,phase2/results/predictions/full/mixed/resnet/seed_29/bandpass_n20003_cRA_V1_independent_rms_s10.npz,76295,3d4c1d8dda274e0520eec7acc6038b0c907223b02959aae0e4f79af3681ab08f
resnet,mixed,29,bandpass_n20003_cRA_V1_independent_rms_s5,phase2/results/predictions/full/mixed/resnet/seed_29/bandpass_n20003_cRA_V1_independent_rms_s5.npz,76073,8a33c1494fc81e9201492db0c1a4f9c556a64987be5d29ea6cebea8bf9d3469d
resnet,mixed,29,bandpass_n20003_cRA_V1_independent_rms_s0,phase2/results/predictions/full/mixed/resnet/seed_29/bandpass_n20003_cRA_V1_independent_rms_s0.npz,75579,70c9dc60048ae281cd1b06fedf12fa150401b748fa32747384ec57c86cfbae2d
resnet,mixed,29,bandpass_n20003_cRA_V1_electrode_s20,phase2/results/predictions/full/mixed/resnet/seed_29/bandpass_n20003_cRA_V1_electrode_s20.npz,76401,2aef1ae344e32a66bbd894f2c014d9151e40750e1f292b9c7c996e882fb25769
resnet,mixed,29,bandpass_n20003_cRA_V1_electrode_s15,phase2/results/predictions/full/mixed/resnet/seed_29/bandpass_n20003_cRA_V1_electrode_s15.npz,76374,8862b57fbf4b8080bc4cfb7da0d8bfa5ca6970a71b6165b87bdfe720c10cf65d
resnet,mixed,29,bandpass_n20003_cRA_V1_electrode_s10,phase2/results/predictions/full/mixed/resnet/seed_29/bandpass_n20003_cRA_V1_electrode_s10.npz,76255,6cc4e53e170cdfce39d8c5341ab641ce1214b2fbf488ed0781fe4d934eb031ca
resnet,mixed,29,bandpass_n20003_cRA_V1_electrode_s5,phase2/results/predictions/full/mixed/resnet/seed_29/bandpass_n20003_cRA_V1_electrode_s5.npz,76026,4557ea1f8aa56c58e70ddadaa406978d6651f9d9d0920f4782efb63cfa13b80d
resnet,mixed,29,bandpass_n20003_cRA_V1_electrode_s0,phase2/results/predictions/full/mixed/resnet/seed_29/bandpass_n20003_cRA_V1_electrode_s0.npz,75473,bdb55ddf0cb778a66d5b8d831b53b0ed21cb535d267c422c6cb8d7e21fe147eb
resnet,mixed,29,bandpass_n20003_cRA_V1_covariance_s20,phase2/results/predictions/full/mixed/resnet/seed_29/bandpass_n20003_cRA_V1_covariance_s20.npz,76367,bffe3f3b0b650b537070f5b697a86aee4e4c8c1ee60a8afceea81426457e0010
resnet,mixed,29,bandpass_n20003_cRA_V1_covariance_s15,phase2/results/predictions/full/mixed/resnet/seed_29/bandpass_n20003_cRA_V1_covariance_s15.npz,76386,837d2c3f4befff764ece6ade87daa315e3de0b9be22e85e18969fbf797761bc9
resnet,mixed,29,bandpass_n20003_cRA_V1_covariance_s10,phase2/results/predictions/full/mixed/resnet/seed_29/bandpass_n20003_cRA_V1_covariance_s10.npz,76282,1f788cfddc73835c2178f4dda1aac425e8d1963aae6664ca24c7ee97c33cd6a8
resnet,mixed,29,bandpass_n20003_cRA_V1_covariance_s5,phase2/results/predictions/full/mixed/resnet/seed_29/bandpass_n20003_cRA_V1_covariance_s5.npz,76030,a2e8569dd6ac24a0554268aa672963eee6e543959e0a953fde6b6c66ee4af707
resnet,mixed,29,bandpass_n20003_cRA_V1_covariance_s0,phase2/results/predictions/full/mixed/resnet/seed_29/bandpass_n20003_cRA_V1_covariance_s0.npz,75450,81c9c647e3c653b061c75308f5886c6d77c3e3a3ffe8341dcb7a925a0ec0a0ae
resnet,mixed,29,bandpass_n20003_cLA_V6_independent_rms_s20,phase2/results/predictions/full/mixed/resnet/seed_29/bandpass_n20003_cLA_V6_independent_rms_s20.npz,76374,14e0ed14732280b90bdb8251d5e0fbf64d43ae00776ca1a8c632f5e56d694985
resnet,mixed,29,bandpass_n20003_cLA_V6_independent_rms_s15,phase2/results/predictions/full/mixed/resnet/seed_29/bandpass_n20003_cLA_V6_independent_rms_s15.npz,76378,8656c38909354f0ad21790e8dbc8c17a2c5eef4cf6da77cc4627c7fd78fe48c7
resnet,mixed,29,bandpass_n20003_cLA_V6_independent_rms_s10,phase2/results/predictions/full/mixed/resnet/seed_29/bandpass_n20003_cLA_V6_independent_rms_s10.npz,76322,660e8efef0e3d1985429a366735b334bc408beeab9a1ba0a552931ffb1ebb74c
resnet,mixed,29,bandpass_n20003_cLA_V6_independent_rms_s5,phase2/results/predictions/full/mixed/resnet/seed_29/bandpass_n20003_cLA_V6_independent_rms_s5.npz,76134,084caa47950e127160931b2b3d9f76670981982fa93d3e90c277e57e453ab99f
resnet,mixed,29,bandpass_n20003_cLA_V6_independent_rms_s0,phase2/results/predictions/full/mixed/resnet/seed_29/bandpass_n20003_cLA_V6_independent_rms_s0.npz,75636,b043256ce134ac7f5616afc93df13450778e2510d239c329e111256f3e690c2a
resnet,mixed,29,bandpass_n20003_cLA_V6_electrode_s20,phase2/results/predictions/full/mixed/resnet/seed_29/bandpass_n20003_cLA_V6_electrode_s20.npz,76393,ebbd12fc84bcd739647be3fe1b0e65de8354b83f9914fc716010b59c6c0fbe3b
resnet,mixed,29,bandpass_n20003_cLA_V6_electrode_s15,phase2/results/predictions/full/mixed/resnet/seed_29/bandpass_n20003_cLA_V6_electrode_s15.npz,76377,860db502e2f374eb178d087968bcec83321cfa675ee009b7f9e9f7209a146561
resnet,mixed,29,bandpass_n20003_cLA_V6_electrode_s10,phase2/results/predictions/full/mixed/resnet/seed_29/bandpass_n20003_cLA_V6_electrode_s10.npz,76293,a1dd2d7902eae2365ef60fa5ad3b02466ac5423bc31ff5c443aa6398eeab18b2
resnet,mixed,29,bandpass_n20003_cLA_V6_electrode_s5,phase2/results/predictions/full/mixed/resnet/seed_29/bandpass_n20003_cLA_V6_electrode_s5.npz,76023,97ba56c145044b919ffa32e5afbc146c12826aad8eeca878cb577499a26c78f7
resnet,mixed,29,bandpass_n20003_cLA_V6_electrode_s0,phase2/results/predictions/full/mixed/resnet/seed_29/bandpass_n20003_cLA_V6_electrode_s0.npz,75529,843b68547cb4e6fb0116f9a2aa33db34d7dbdd100c381078e9f7c13d112e03a7
resnet,mixed,29,bandpass_n20003_cLA_V6_covariance_s20,phase2/results/predictions/full/mixed/resnet/seed_29/bandpass_n20003_cLA_V6_covariance_s20.npz,76382,50d77d8d70bff95b69b9a433a5f845f4593cf887b8c61eb8036d501a0c079f3c
resnet,mixed,29,bandpass_n20003_cLA_V6_covariance_s15,phase2/results/predictions/full/mixed/resnet/seed_29/bandpass_n20003_cLA_V6_covariance_s15.npz,76363,031c58c16d31334bc5da2ef93e1cf94a56cfd1e7aed074631c22baad37d0961f
resnet,mixed,29,bandpass_n20003_cLA_V6_covariance_s10,phase2/results/predictions/full/mixed/resnet/seed_29/bandpass_n20003_cLA_V6_covariance_s10.npz,76282,70380099ff96e65fb1156bf04e9421edbb2145aab1e31261ab446f7bda286e44
resnet,mixed,29,bandpass_n20003_cLA_V6_covariance_s5,phase2/results/predictions/full/mixed/resnet/seed_29/bandpass_n20003_cLA_V6_covariance_s5.npz,76053,1ecc3d3c617288cbf541ed708c86c11da1f60e56829af9cf6481ac4658b59b49
resnet,mixed,29,bandpass_n20003_cLA_V6_covariance_s0,phase2/results/predictions/full/mixed/resnet/seed_29/bandpass_n20003_cLA_V6_covariance_s0.npz,75543,d43297f27c014cec45278ab2738fa2b9b9d97eab5ac91ccf724a706365413f03
resnet,mixed,29,bandpass_n20003_cLL_V4_independent_rms_s20,phase2/results/predictions/full/mixed/resnet/seed_29/bandpass_n20003_cLL_V4_independent_rms_s20.npz,76393,8f8c9db244b4580122f13c279eb051a51c177031fea7be74bebbb7d63f149d95
resnet,mixed,29,bandpass_n20003_cLL_V4_independent_rms_s15,phase2/results/predictions/full/mixed/resnet/seed_29/bandpass_n20003_cLL_V4_independent_rms_s15.npz,76369,6aea8637da77e05a8d8bccdc2726876f2d1a518e8c0fc3604d03e1ffa8b85d98
resnet,mixed,29,bandpass_n20003_cLL_V4_independent_rms_s10,phase2/results/predictions/full/mixed/resnet/seed_29/bandpass_n20003_cLL_V4_independent_rms_s10.npz,76318,7eabf4a35bc6898985b7b976efca37b3eac3ea7ac32e2c43c9e596620cbbc65e
resnet,mixed,29,bandpass_n20003_cLL_V4_independent_rms_s5,phase2/results/predictions/full/mixed/resnet/seed_29/bandpass_n20003_cLL_V4_independent_rms_s5.npz,76107,1098f8d1bc6ad26dab3a6aca534c4d5eb5d81f430b146f4c2585d7766b0aa34b
resnet,mixed,29,bandpass_n20003_cLL_V4_independent_rms_s0,phase2/results/predictions/full/mixed/resnet/seed_29/bandpass_n20003_cLL_V4_independent_rms_s0.npz,75704,7fe37757d32ffea763458e8238fd56e30437053bab74a9ad6cfa6caf0dbeb51e
resnet,mixed,29,bandpass_n20003_cLL_V4_electrode_s20,phase2/results/predictions/full/mixed/resnet/seed_29/bandpass_n20003_cLL_V4_electrode_s20.npz,76382,e9bf68bbc2ecc39061b6f11789ae04a059275357c995970623cec9752b94d0c8
resnet,mixed,29,bandpass_n20003_cLL_V4_electrode_s15,phase2/results/predictions/full/mixed/resnet/seed_29/bandpass_n20003_cLL_V4_electrode_s15.npz,76341,bf5b5234efc3502a7ce70d832ec911f5919ae4c5aec73129aabee8e789e9983d
resnet,mixed,29,bandpass_n20003_cLL_V4_electrode_s10,phase2/results/predictions/full/mixed/resnet/seed_29/bandpass_n20003_cLL_V4_electrode_s10.npz,76249,6f6782002a7557f57b7cdb4f71295071a6ec9114cd34f7d65b733ecff4fbd202
resnet,mixed,29,bandpass_n20003_cLL_V4_electrode_s5,phase2/results/predictions/full/mixed/resnet/seed_29/bandpass_n20003_cLL_V4_electrode_s5.npz,76026,89f5719f8c9c38f9ad4c8bb07ea65fffa2ce6575c92fe1682fc5794f0a911bc1
resnet,mixed,29,bandpass_n20003_cLL_V4_electrode_s0,phase2/results/predictions/full/mixed/resnet/seed_29/bandpass_n20003_cLL_V4_electrode_s0.npz,75668,195b73c14b62a96fc94030c033e2b21f7acf58d7ff7d6d16adb2246615f32a29
resnet,mixed,29,bandpass_n20003_cLL_V4_covariance_s20,phase2/results/predictions/full/mixed/resnet/seed_29/bandpass_n20003_cLL_V4_covariance_s20.npz,76352,9155c3727bf2650e35f7d516a3b4aba84afb0f2abe8f46faa0dec7fb057c99cc
resnet,mixed,29,bandpass_n20003_cLL_V4_covariance_s15,phase2/results/predictions/full/mixed/resnet/seed_29/bandpass_n20003_cLL_V4_covariance_s15.npz,76319,297b4907cebf398f5aa92d3762e770edccfbd251f32eb678fd12a31bc041204d
resnet,mixed,29,bandpass_n20003_cLL_V4_covariance_s10,phase2/results/predictions/full/mixed/resnet/seed_29/bandpass_n20003_cLL_V4_covariance_s10.npz,76271,5f7c60f48cc8d2f1b960c3487af3f8818a41b80921450a84eb50a8778cc72e6b
resnet,mixed,29,bandpass_n20003_cLL_V4_covariance_s5,phase2/results/predictions/full/mixed/resnet/seed_29/bandpass_n20003_cLL_V4_covariance_s5.npz,76000,4198e8ce306df0260dbd19aff9dfc608ae32f214e58a8117ab6778270024a69c
resnet,mixed,29,bandpass_n20003_cLL_V4_covariance_s0,phase2/results/predictions/full/mixed/resnet/seed_29/bandpass_n20003_cLL_V4_covariance_s0.npz,75662,69e8ac3a9c879e690465072b734e4d23cd9432378e70c35f3e566adb36b26ddf
resnet,mixed,29,bandpass_n20003_cRA_LA_V1_V6_independent_rms_s20,phase2/results/predictions/full/mixed/resnet/seed_29/bandpass_n20003_cRA_LA_V1_V6_independent_rms_s20.npz,76390,ec1c00aa28325525fc09debb5fd7a08ba556121b64b7b0bb8637fb9521fea279
resnet,mixed,29,bandpass_n20003_cRA_LA_V1_V6_independent_rms_s15,phase2/results/predictions/full/mixed/resnet/seed_29/bandpass_n20003_cRA_LA_V1_V6_independent_rms_s15.npz,76402,d1406e39d8df37a6661581455a08a937a45947a2d9bdaf5ce16ac4a6735371a7
resnet,mixed,29,bandpass_n20003_cRA_LA_V1_V6_independent_rms_s10,phase2/results/predictions/full/mixed/resnet/seed_29/bandpass_n20003_cRA_LA_V1_V6_independent_rms_s10.npz,76321,9a6d612ddb574fc815aa83eb916aa545490b5f19c2bf30be58f48c6d490a715f
resnet,mixed,29,bandpass_n20003_cRA_LA_V1_V6_independent_rms_s5,phase2/results/predictions/full/mixed/resnet/seed_29/bandpass_n20003_cRA_LA_V1_V6_independent_rms_s5.npz,76146,1bcd5de341e35c1b370d11de00086de338719ccf7e9d97585b02d5262265eb54
resnet,mixed,29,bandpass_n20003_cRA_LA_V1_V6_independent_rms_s0,phase2/results/predictions/full/mixed/resnet/seed_29/bandpass_n20003_cRA_LA_V1_V6_independent_rms_s0.npz,75609,facf7fac0ff1ebe7f9761bf2dc96a76f1b9944def028aa09f9ce00fce4350ebf
resnet,mixed,29,bandpass_n20003_cRA_LA_V1_V6_electrode_s20,phase2/results/predictions/full/mixed/resnet/seed_29/bandpass_n20003_cRA_LA_V1_V6_electrode_s20.npz,76380,ea943ab1e36a3b376088b085cc22a09e56acdbdd83f8306ed9979a75d3fc2567
resnet,mixed,29,bandpass_n20003_cRA_LA_V1_V6_electrode_s15,phase2/results/predictions/full/mixed/resnet/seed_29/bandpass_n20003_cRA_LA_V1_V6_electrode_s15.npz,76375,e83c9ad28ad66ea6be0e796f20c36f9ce68e113765abdcf353d06988977d92c4
resnet,mixed,29,bandpass_n20003_cRA_LA_V1_V6_electrode_s10,phase2/results/predictions/full/mixed/resnet/seed_29/bandpass_n20003_cRA_LA_V1_V6_electrode_s10.npz,76247,2bd3177717f32cd76e18a7205c7021f59b167fb60894c5e219d455fdf7e91cfc
resnet,mixed,29,bandpass_n20003_cRA_LA_V1_V6_electrode_s5,phase2/results/predictions/full/mixed/resnet/seed_29/bandpass_n20003_cRA_LA_V1_V6_electrode_s5.npz,76008,85b7f34d3aa3de48a4543ab292bc5b8020e547426a3e7a98b3a27f678453dca8
resnet,mixed,29,bandpass_n20003_cRA_LA_V1_V6_electrode_s0,phase2/results/predictions/full/mixed/resnet/seed_29/bandpass_n20003_cRA_LA_V1_V6_electrode_s0.npz,75498,0eb3d0f666d866f327d6dbe097440838bcc4f63a5675f9839d76d85749b2f1b6
resnet,mixed,29,bandpass_n20003_cRA_LA_V1_V6_covariance_s20,phase2/results/predictions/full/mixed/resnet/seed_29/bandpass_n20003_cRA_LA_V1_V6_covariance_s20.npz,76396,6f5e66afee8ed8b89722af723e0ade43230fdff6a476e1d0f8addd43ac3e60bc
resnet,mixed,29,bandpass_n20003_cRA_LA_V1_V6_covariance_s15,phase2/results/predictions/full/mixed/resnet/seed_29/bandpass_n20003_cRA_LA_V1_V6_covariance_s15.npz,76395,d26d6380acadbd0256d9c0fce813cd6ba8c4d0f59f945a59c89cd93dd216ffd2
resnet,mixed,29,bandpass_n20003_cRA_LA_V1_V6_covariance_s10,phase2/results/predictions/full/mixed/resnet/seed_29/bandpass_n20003_cRA_LA_V1_V6_covariance_s10.npz,76280,4497b6ec0477d1f5426b284320a3b32cfa27ed99d51b4e481a7db43b9aede13a
resnet,mixed,29,bandpass_n20003_cRA_LA_V1_V6_covariance_s5,phase2/results/predictions/full/mixed/resnet/seed_29/bandpass_n20003_cRA_LA_V1_V6_covariance_s5.npz,76062,3ea93f41912a96481c088ef5208b2e8e54e1249896545dd5f41c459e0e1d04a5
resnet,mixed,29,bandpass_n20003_cRA_LA_V1_V6_covariance_s0,phase2/results/predictions/full/mixed/resnet/seed_29/bandpass_n20003_cRA_LA_V1_V6_covariance_s0.npz,75456,f369164be704e9903bcbc272ad5abf4c2c889cb9e4a61f25186384eaeb03b203
resnet,mixed,29,bandpass_n20003_cRA_V2_V5_independent_rms_s20,phase2/results/predictions/full/mixed/resnet/seed_29/bandpass_n20003_cRA_V2_V5_independent_rms_s20.npz,76396,d938efa76de446c05d503e67f62c737cefe8f44cca594f6f916332616b4325af
resnet,mixed,29,bandpass_n20003_cRA_V2_V5_independent_rms_s15,phase2/results/predictions/full/mixed/resnet/seed_29/bandpass_n20003_cRA_V2_V5_independent_rms_s15.npz,76370,9fa83b2c24e2d85bbcc35d9207f5546157202800fc8295976b7b3a7c696dff68
resnet,mixed,29,bandpass_n20003_cRA_V2_V5_independent_rms_s10,phase2/results/predictions/full/mixed/resnet/seed_29/bandpass_n20003_cRA_V2_V5_independent_rms_s10.npz,76301,b378bf5d1353771b00cd94638c57f123c4d70e1928cbf8f776ec2a0429ebab0c
resnet,mixed,29,bandpass_n20003_cRA_V2_V5_independent_rms_s5,phase2/results/predictions/full/mixed/resnet/seed_29/bandpass_n20003_cRA_V2_V5_independent_rms_s5.npz,76128,816fac2dab23a32437488c4a6b9506ab14703a726838afafeacbb1f89b14c98d
resnet,mixed,29,bandpass_n20003_cRA_V2_V5_independent_rms_s0,phase2/results/predictions/full/mixed/resnet/seed_29/bandpass_n20003_cRA_V2_V5_independent_rms_s0.npz,75597,2f6e2c38edba68afffb97d4c8d6c593626a2039953fdbadd073fadb9ffde16e0
resnet,mixed,29,bandpass_n20003_cRA_V2_V5_electrode_s20,phase2/results/predictions/full/mixed/resnet/seed_29/bandpass_n20003_cRA_V2_V5_electrode_s20.npz,76378,08e363e941fcce3a98b002214d6bd0cbd21e644a382ee2565b39b05fa52fba6d
resnet,mixed,29,bandpass_n20003_cRA_V2_V5_electrode_s15,phase2/results/predictions/full/mixed/resnet/seed_29/bandpass_n20003_cRA_V2_V5_electrode_s15.npz,76387,23a18b6b1cba99f500bebb6374066fe6fbe2d659920f964e2de0ca6043ebfea1
resnet,mixed,29,bandpass_n20003_cRA_V2_V5_electrode_s10,phase2/results/predictions/full/mixed/resnet/seed_29/bandpass_n20003_cRA_V2_V5_electrode_s10.npz,76285,9c18d3750dbfd7eed472cfac17d3dc2662cf0339e458aa8a81bd9a812af5375f
resnet,mixed,29,bandpass_n20003_cRA_V2_V5_electrode_s5,phase2/results/predictions/full/mixed/resnet/seed_29/bandpass_n20003_cRA_V2_V5_electrode_s5.npz,76020,99c91029920ec7223f5b4dc06b278b5810d167f0cfe2246b072b423a23ebc99d
resnet,mixed,29,bandpass_n20003_cRA_V2_V5_electrode_s0,phase2/results/predictions/full/mixed/resnet/seed_29/bandpass_n20003_cRA_V2_V5_electrode_s0.npz,75478,cc6d9d7489f4b0037baff02cdc9bd997c90aeda203f4eae9c0bd66f7a344e62c
resnet,mixed,29,bandpass_n20003_cRA_V2_V5_covariance_s20,phase2/results/predictions/full/mixed/resnet/seed_29/bandpass_n20003_cRA_V2_V5_covariance_s20.npz,76356,19c344bfa8e67492b073c5ef86d9ce95c7da79ab8ddeef88b09b3d356f32ac30
resnet,mixed,29,bandpass_n20003_cRA_V2_V5_covariance_s15,phase2/results/predictions/full/mixed/resnet/seed_29/bandpass_n20003_cRA_V2_V5_covariance_s15.npz,76377,299f74f9cd54e7140377e6aa3e1e2f83e05658901c8f33172f6b940ed49b278e
resnet,mixed,29,bandpass_n20003_cRA_V2_V5_covariance_s10,phase2/results/predictions/full/mixed/resnet/seed_29/bandpass_n20003_cRA_V2_V5_covariance_s10.npz,76271,fbcdf2804ecacb569818e24638117d8a119c30e9d117f377008d114d9d9181bc
resnet,mixed,29,bandpass_n20003_cRA_V2_V5_covariance_s5,phase2/results/predictions/full/mixed/resnet/seed_29/bandpass_n20003_cRA_V2_V5_covariance_s5.npz,76022,b05ad77acdac3294484053766adcdaa11ee5e8838dc13ef3beed830788109d89
resnet,mixed,29,bandpass_n20003_cRA_V2_V5_covariance_s0,phase2/results/predictions/full/mixed/resnet/seed_29/bandpass_n20003_cRA_V2_V5_covariance_s0.npz,75497,49b2a88d15f26071cc14c9c433affb5d8aeda1f4c09a697ba273258ba8d04295
resnet,mixed,29,bandpass_n20003_cLA_V3_V6_independent_rms_s20,phase2/results/predictions/full/mixed/resnet/seed_29/bandpass_n20003_cLA_V3_V6_independent_rms_s20.npz,76422,0b6b503ff640944ad50a1a8de25ea65b9b957733b9ae4de8f323112fb958b496
resnet,mixed,29,bandpass_n20003_cLA_V3_V6_independent_rms_s15,phase2/results/predictions/full/mixed/resnet/seed_29/bandpass_n20003_cLA_V3_V6_independent_rms_s15.npz,76372,67432a638408f04c7c064b4ee717e4cd50a3249ab6127de1b5c36fa2fb9b5b7b
resnet,mixed,29,bandpass_n20003_cLA_V3_V6_independent_rms_s10,phase2/results/predictions/full/mixed/resnet/seed_29/bandpass_n20003_cLA_V3_V6_independent_rms_s10.npz,76340,c028aaaf9b4b4bdf57a506fdaae9d0b0120148f9cb8ff7531f4d549839ce2a1b
resnet,mixed,29,bandpass_n20003_cLA_V3_V6_independent_rms_s5,phase2/results/predictions/full/mixed/resnet/seed_29/bandpass_n20003_cLA_V3_V6_independent_rms_s5.npz,76156,47650687bfb82159199577568e084d12670d68e997e73e3686699117e4af4063
resnet,mixed,29,bandpass_n20003_cLA_V3_V6_independent_rms_s0,phase2/results/predictions/full/mixed/resnet/seed_29/bandpass_n20003_cLA_V3_V6_independent_rms_s0.npz,75732,545db95f40a0f381ebbfd0fadb4a3adc826170668aab3d5c226470c6afaa15f6
resnet,mixed,29,bandpass_n20003_cLA_V3_V6_electrode_s20,phase2/results/predictions/full/mixed/resnet/seed_29/bandpass_n20003_cLA_V3_V6_electrode_s20.npz,76385,f269de0c64e2431ef0b5d0245ee68c07c4b77effe1b7fdc8be5e5d323dcf832b
resnet,mixed,29,bandpass_n20003_cLA_V3_V6_electrode_s15,phase2/results/predictions/full/mixed/resnet/seed_29/bandpass_n20003_cLA_V3_V6_electrode_s15.npz,76348,6ff68d148f45d0432a0e766ccb9ff515717fc2d6d1db82f23fdbd2471c75604e
resnet,mixed,29,bandpass_n20003_cLA_V3_V6_electrode_s10,phase2/results/predictions/full/mixed/resnet/seed_29/bandpass_n20003_cLA_V3_V6_electrode_s10.npz,76295,e5e913d8757d6de1429fc6eef2e6cdd74415672b93618a13d7491c369711ea69
resnet,mixed,29,bandpass_n20003_cLA_V3_V6_electrode_s5,phase2/results/predictions/full/mixed/resnet/seed_29/bandpass_n20003_cLA_V3_V6_electrode_s5.npz,76071,bfb965f86aa543c4ec5e12e19b579cc44cdfa7f92661a43efa4ad39a3cbadc22
resnet,mixed,29,bandpass_n20003_cLA_V3_V6_electrode_s0,phase2/results/predictions/full/mixed/resnet/seed_29/bandpass_n20003_cLA_V3_V6_electrode_s0.npz,75586,91cfb95924058005ad6b46b31c260c30bd9894f9f8d883f4b643b15a4023ee2c
resnet,mixed,29,bandpass_n20003_cLA_V3_V6_covariance_s20,phase2/results/predictions/full/mixed/resnet/seed_29/bandpass_n20003_cLA_V3_V6_covariance_s20.npz,76367,ce4da21d84a105b180117a48476d4541d774aa2544dfd5abeea749e42ccca4e7
resnet,mixed,29,bandpass_n20003_cLA_V3_V6_covariance_s15,phase2/results/predictions/full/mixed/resnet/seed_29/bandpass_n20003_cLA_V3_V6_covariance_s15.npz,76363,8da22bf6e9f8f174ae61a6bdf29bd9a8b2d541dbb0a1739681c2f1e3c167c8d6
resnet,mixed,29,bandpass_n20003_cLA_V3_V6_covariance_s10,phase2/results/predictions/full/mixed/resnet/seed_29/bandpass_n20003_cLA_V3_V6_covariance_s10.npz,76312,478ea8edea41c5b9f870f99a31db68488bf55738df805e35dc21dcae352df5e9
resnet,mixed,29,bandpass_n20003_cLA_V3_V6_covariance_s5,phase2/results/predictions/full/mixed/resnet/seed_29/bandpass_n20003_cLA_V3_V6_covariance_s5.npz,76102,189fe497bb0f8a617c226a03767c32f65cab47582d905ba8096d336c06a5080d
resnet,mixed,29,bandpass_n20003_cLA_V3_V6_covariance_s0,phase2/results/predictions/full/mixed/resnet/seed_29/bandpass_n20003_cLA_V3_V6_covariance_s0.npz,75554,451a1016072477ee45e506e61f74402dc75c0aa93700b966d454a589744b0bd9
resnet,mixed,29,bandpass_n20003_cLL_V1_V4_independent_rms_s20,phase2/results/predictions/full/mixed/resnet/seed_29/bandpass_n20003_cLL_V1_V4_independent_rms_s20.npz,76373,a0325bea013a24680e12a51c6f5bec79665cd5498bae90efe001c58118e76395
resnet,mixed,29,bandpass_n20003_cLL_V1_V4_independent_rms_s15,phase2/results/predictions/full/mixed/resnet/seed_29/bandpass_n20003_cLL_V1_V4_independent_rms_s15.npz,76413,c46a6836285faf5b6bf4812e07c27fdd5ebbffebe819c00b54804101dab8f633
resnet,mixed,29,bandpass_n20003_cLL_V1_V4_independent_rms_s10,phase2/results/predictions/full/mixed/resnet/seed_29/bandpass_n20003_cLL_V1_V4_independent_rms_s10.npz,76288,2e0b762eff930d14c7ae668de76d2d07da17fbb1f1ccaf89165f61e644e4b169
resnet,mixed,29,bandpass_n20003_cLL_V1_V4_independent_rms_s5,phase2/results/predictions/full/mixed/resnet/seed_29/bandpass_n20003_cLL_V1_V4_independent_rms_s5.npz,76140,2e0243dc6c93381174417571d445720df261e78983d3359e854c89891addb4be
resnet,mixed,29,bandpass_n20003_cLL_V1_V4_independent_rms_s0,phase2/results/predictions/full/mixed/resnet/seed_29/bandpass_n20003_cLL_V1_V4_independent_rms_s0.npz,75646,c8c86a4ee24d07eeda1dc5d67287729b53c269f05c0269bc12dcee0d67c75fac
resnet,mixed,29,bandpass_n20003_cLL_V1_V4_electrode_s20,phase2/results/predictions/full/mixed/resnet/seed_29/bandpass_n20003_cLL_V1_V4_electrode_s20.npz,76372,3e261c20d4bd1a506a36fc5632d99cdc5e1dbd1e3c24842c86478fd09253b9f0
resnet,mixed,29,bandpass_n20003_cLL_V1_V4_electrode_s15,phase2/results/predictions/full/mixed/resnet/seed_29/bandpass_n20003_cLL_V1_V4_electrode_s15.npz,76371,8f49bf65e32881bb9d239249b469efa2ea7acded40f0f6687e4352c13955a280
resnet,mixed,29,bandpass_n20003_cLL_V1_V4_electrode_s10,phase2/results/predictions/full/mixed/resnet/seed_29/bandpass_n20003_cLL_V1_V4_electrode_s10.npz,76245,00ec54ffd2eb38797a0a3f01f2db46938f2dc20c5d56d38052ab99f65af05abc
resnet,mixed,29,bandpass_n20003_cLL_V1_V4_electrode_s5,phase2/results/predictions/full/mixed/resnet/seed_29/bandpass_n20003_cLL_V1_V4_electrode_s5.npz,76045,3cf06bc04d72b2d3a14aed7c3875d567bf65f927da9738192bdfa6ffb65c8eb7
resnet,mixed,29,bandpass_n20003_cLL_V1_V4_electrode_s0,phase2/results/predictions/full/mixed/resnet/seed_29/bandpass_n20003_cLL_V1_V4_electrode_s0.npz,75604,eec261be85110fe55195eca3c8eb51a7c224f69601e7938d3bc9431ba5b82b22
resnet,mixed,29,bandpass_n20003_cLL_V1_V4_covariance_s20,phase2/results/predictions/full/mixed/resnet/seed_29/bandpass_n20003_cLL_V1_V4_covariance_s20.npz,76376,a80bd270d280f9d31c2c785a5316aea22cef41b522383fb57b777b79d114b24d
resnet,mixed,29,bandpass_n20003_cLL_V1_V4_covariance_s15,phase2/results/predictions/full/mixed/resnet/seed_29/bandpass_n20003_cLL_V1_V4_covariance_s15.npz,76359,d240cc00a0fcb897aa7c139da4ebca858e08add1050c10639f75c651e7609214
resnet,mixed,29,bandpass_n20003_cLL_V1_V4_covariance_s10,phase2/results/predictions/full/mixed/resnet/seed_29/bandpass_n20003_cLL_V1_V4_covariance_s10.npz,76244,2585990e37b34de92dbd70574a8564731b410b3cb8e1dfc8d3b845989d079296
resnet,mixed,29,bandpass_n20003_cLL_V1_V4_covariance_s5,phase2/results/predictions/full/mixed/resnet/seed_29/bandpass_n20003_cLL_V1_V4_covariance_s5.npz,76025,439547061972de5b08bb76c1f1029fc1a2c3e1b158587e7cb6385f28c2bc2b1b
resnet,mixed,29,bandpass_n20003_cLL_V1_V4_covariance_s0,phase2/results/predictions/full/mixed/resnet/seed_29/bandpass_n20003_cLL_V1_V4_covariance_s0.npz,75639,56e46b56832a9ccc621f1bed95f25c77c338136717c05026abd94e858eef17c1
resnet,mixed,29,bandpass_n20003_call_independent_rms_s20,phase2/results/predictions/full/mixed/resnet/seed_29/bandpass_n20003_call_independent_rms_s20.npz,76352,8e7cbdf463df425bbf0d38d0041d4cb2a1372eaef840f69166fc66946c16a5be
resnet,mixed,29,bandpass_n20003_call_independent_rms_s15,phase2/results/predictions/full/mixed/resnet/seed_29/bandpass_n20003_call_independent_rms_s15.npz,76368,05609d5a417a092163f0380486a04f5e0484d98decaba9415c606acd833a09d5
resnet,mixed,29,bandpass_n20003_call_independent_rms_s10,phase2/results/predictions/full/mixed/resnet/seed_29/bandpass_n20003_call_independent_rms_s10.npz,76291,9206b1800513e2ba2483dd80f1a7cb75745d4f716aecd8227066b3a5c526d0f1
resnet,mixed,29,bandpass_n20003_call_independent_rms_s5,phase2/results/predictions/full/mixed/resnet/seed_29/bandpass_n20003_call_independent_rms_s5.npz,76093,54b84bf2d8ea602414966172edcd5ef7026ac0f44aa0ffb74bab0a47256376f9
resnet,mixed,29,bandpass_n20003_call_independent_rms_s0,phase2/results/predictions/full/mixed/resnet/seed_29/bandpass_n20003_call_independent_rms_s0.npz,75639,0dd8e493b06390c0ab24436205f431c67832739a03e7deb62139b4898dba5c46
resnet,mixed,29,bandpass_n20003_call_electrode_s20,phase2/results/predictions/full/mixed/resnet/seed_29/bandpass_n20003_call_electrode_s20.npz,76358,64ef1e9de178029c142606ae0d062daeba8fadad240126b5fb47e1aa48a3d19f
resnet,mixed,29,bandpass_n20003_call_electrode_s15,phase2/results/predictions/full/mixed/resnet/seed_29/bandpass_n20003_call_electrode_s15.npz,76336,190a755dd9819a14703e5357348c27c11f9699885a3fd8f614846a701ac69c9e
resnet,mixed,29,bandpass_n20003_call_electrode_s10,phase2/results/predictions/full/mixed/resnet/seed_29/bandpass_n20003_call_electrode_s10.npz,76261,9830f30af07af6c610cd171e18b3f151b7587289a06d14716ebbb6230970d7b3
resnet,mixed,29,bandpass_n20003_call_electrode_s5,phase2/results/predictions/full/mixed/resnet/seed_29/bandpass_n20003_call_electrode_s5.npz,75979,8f8fb82b8c01f918645f580dc16b11776ce279532fb820d2b74778ee95333ea2
resnet,mixed,29,bandpass_n20003_call_electrode_s0,phase2/results/predictions/full/mixed/resnet/seed_29/bandpass_n20003_call_electrode_s0.npz,75495,15b290bc70127855ebe2763b4208ba5addeebe14e0ad9dc6ea49dd98661057e2
resnet,mixed,29,bandpass_n20003_call_covariance_s20,phase2/results/predictions/full/mixed/resnet/seed_29/bandpass_n20003_call_covariance_s20.npz,76349,e1684d2617fd706ba6a41bdd092de5d32f21ec38a0c916784c6593e98b0fd55c
resnet,mixed,29,bandpass_n20003_call_covariance_s15,phase2/results/predictions/full/mixed/resnet/seed_29/bandpass_n20003_call_covariance_s15.npz,76327,49c82dfacf672da769815f30493f2586be0df9530b77238fb1d21c615ef37b99
resnet,mixed,29,bandpass_n20003_call_covariance_s10,phase2/results/predictions/full/mixed/resnet/seed_29/bandpass_n20003_call_covariance_s10.npz,76264,716d7638711eab6431c66a572a27478cc1f0cafab50028d30a47e563cc8ce87c
resnet,mixed,29,bandpass_n20003_call_covariance_s5,phase2/results/predictions/full/mixed/resnet/seed_29/bandpass_n20003_call_covariance_s5.npz,75977,690d4665f25b2747a7dab05ba6c9232d81e0870bf53447ca63f224154a047bd5
resnet,mixed,29,bandpass_n20003_call_covariance_s0,phase2/results/predictions/full/mixed/resnet/seed_29/bandpass_n20003_call_covariance_s0.npz,75497,d0dad8c4666d5b62223e8c6900baf9ee21fd8110b30cbdebc97dfe210d75d234
resnet,mixed,29,bandpass_n20004_cRA_LA_LL_independent_rms_s20,phase2/results/predictions/full/mixed/resnet/seed_29/bandpass_n20004_cRA_LA_LL_independent_rms_s20.npz,76408,5e2cd7c689ddb57499308b0fac1ea91a8afe721fabc0947eee95049c974f27cb
resnet,mixed,29,bandpass_n20004_cRA_LA_LL_independent_rms_s15,phase2/results/predictions/full/mixed/resnet/seed_29/bandpass_n20004_cRA_LA_LL_independent_rms_s15.npz,76365,1d5e647db347f1886a0474880531d8938055f3c5375b804bd77f3e49ba92e6c8
resnet,mixed,29,bandpass_n20004_cRA_LA_LL_independent_rms_s10,phase2/results/predictions/full/mixed/resnet/seed_29/bandpass_n20004_cRA_LA_LL_independent_rms_s10.npz,76342,2f052a1d275559e6f2e31f0015a10c47d7645428f7760d9c383dc2a6c4019da2
resnet,mixed,29,bandpass_n20004_cRA_LA_LL_independent_rms_s5,phase2/results/predictions/full/mixed/resnet/seed_29/bandpass_n20004_cRA_LA_LL_independent_rms_s5.npz,76089,b5d1bcb2975a678279b6b93cfaba8ee59fbf7675173aab1d728ffe05225580a4
resnet,mixed,29,bandpass_n20004_cRA_LA_LL_independent_rms_s0,phase2/results/predictions/full/mixed/resnet/seed_29/bandpass_n20004_cRA_LA_LL_independent_rms_s0.npz,75631,941488aa0404355f5228086b332ef041c6357cece2c98e99f3ee9e3c60f8db00
resnet,mixed,29,bandpass_n20004_cRA_LA_LL_electrode_s20,phase2/results/predictions/full/mixed/resnet/seed_29/bandpass_n20004_cRA_LA_LL_electrode_s20.npz,76400,063348953e30331bd3c62268e6b9f3394f96aba33514f76ea88989d9b6afafa1
resnet,mixed,29,bandpass_n20004_cRA_LA_LL_electrode_s15,phase2/results/predictions/full/mixed/resnet/seed_29/bandpass_n20004_cRA_LA_LL_electrode_s15.npz,76313,23a612146cdc682129f63de6b5a4fb0a2d27ef993a46ee6d1efd6aea472498b7
resnet,mixed,29,bandpass_n20004_cRA_LA_LL_electrode_s10,phase2/results/predictions/full/mixed/resnet/seed_29/bandpass_n20004_cRA_LA_LL_electrode_s10.npz,76256,04b3da43769269bbdfffdbed3e0fefb183f69b87d503345efeea768935e73b2a
resnet,mixed,29,bandpass_n20004_cRA_LA_LL_electrode_s5,phase2/results/predictions/full/mixed/resnet/seed_29/bandpass_n20004_cRA_LA_LL_electrode_s5.npz,75972,413f5f2b4612dab7c267e2fbb0a08bd41ff1ab6df314d6919311aee6775ce19b
resnet,mixed,29,bandpass_n20004_cRA_LA_LL_electrode_s0,phase2/results/predictions/full/mixed/resnet/seed_29/bandpass_n20004_cRA_LA_LL_electrode_s0.npz,75491,ed78223bc29dfe0f7bc9215f86a88cf85034bdf240cc7d41ab445c58f229d865
resnet,mixed,29,bandpass_n20004_cRA_LA_LL_covariance_s20,phase2/results/predictions/full/mixed/resnet/seed_29/bandpass_n20004_cRA_LA_LL_covariance_s20.npz,76359,fd6280f5ff3b4f79bae4de2c1512f70faffebb1e834adbf7ab9c6228304e28b7
resnet,mixed,29,bandpass_n20004_cRA_LA_LL_covariance_s15,phase2/results/predictions/full/mixed/resnet/seed_29/bandpass_n20004_cRA_LA_LL_covariance_s15.npz,76338,e15d4e1c5337152c863c1f252fa5703926c5ff558ed6cba6fba3281b8abe341d
resnet,mixed,29,bandpass_n20004_cRA_LA_LL_covariance_s10,phase2/results/predictions/full/mixed/resnet/seed_29/bandpass_n20004_cRA_LA_LL_covariance_s10.npz,76247,2aeb24cec62aafc04faf3e98bbee2102d7d1c9adb1d51eeb808e2100dfdf5e7f
resnet,mixed,29,bandpass_n20004_cRA_LA_LL_covariance_s5,phase2/results/predictions/full/mixed/resnet/seed_29/bandpass_n20004_cRA_LA_LL_covariance_s5.npz,75976,4849edb5f59b9f551045b3181aa8d12a34547e4fcb2b0287b8b66d3ecf206e70
resnet,mixed,29,bandpass_n20004_cRA_LA_LL_covariance_s0,phase2/results/predictions/full/mixed/resnet/seed_29/bandpass_n20004_cRA_LA_LL_covariance_s0.npz,75497,899c1c197da1d8eb8d7febe23c3b277ae1d6db59ddd6a9dec038920595c56d19
resnet,mixed,29,bandpass_n20004_cV1_independent_rms_s20,phase2/results/predictions/full/mixed/resnet/seed_29/bandpass_n20004_cV1_independent_rms_s20.npz,76372,66c71f5ed7bd9f03945df2c6e1d661246328c9e5cc85574e4ddc6677406b8f53
resnet,mixed,29,bandpass_n20004_cV1_independent_rms_s15,phase2/results/predictions/full/mixed/resnet/seed_29/bandpass_n20004_cV1_independent_rms_s15.npz,76354,a3cde8bf227c8f693454bed34f35bc10421d7fdff661b871f1207c3e22ca7683
resnet,mixed,29,bandpass_n20004_cV1_independent_rms_s10,phase2/results/predictions/full/mixed/resnet/seed_29/bandpass_n20004_cV1_independent_rms_s10.npz,76312,3d2131de65e7e65f6399ef29d99e32600b56e26568797a3e7cec29d9a9a86d1d
resnet,mixed,29,bandpass_n20004_cV1_independent_rms_s5,phase2/results/predictions/full/mixed/resnet/seed_29/bandpass_n20004_cV1_independent_rms_s5.npz,76057,aa066a51b89ab8468d9211eeff81e41056d89edec2cd12d0b01df2c4e2a7df8d
resnet,mixed,29,bandpass_n20004_cV1_independent_rms_s0,phase2/results/predictions/full/mixed/resnet/seed_29/bandpass_n20004_cV1_independent_rms_s0.npz,75511,69c104cb52367310f472e517fa659dfd05056276453e85575307ea05ec05c42a
resnet,mixed,29,bandpass_n20004_cV1_electrode_s20,phase2/results/predictions/full/mixed/resnet/seed_29/bandpass_n20004_cV1_electrode_s20.npz,76358,2cca0eb61ffc7241b3fe60fc91d5897586d51d8e372957ebd373a7fd2ec780e9
resnet,mixed,29,bandpass_n20004_cV1_electrode_s15,phase2/results/predictions/full/mixed/resnet/seed_29/bandpass_n20004_cV1_electrode_s15.npz,76333,69388d0a8aab918cfcddabe299d1a3beb461693aca6c6d5e9e45d890b8399cee
resnet,mixed,29,bandpass_n20004_cV1_electrode_s10,phase2/results/predictions/full/mixed/resnet/seed_29/bandpass_n20004_cV1_electrode_s10.npz,76265,cdea710473cfff9eb824469f8bf766fd75357de45db2ddecfceb9e31a415b526
resnet,mixed,29,bandpass_n20004_cV1_electrode_s5,phase2/results/predictions/full/mixed/resnet/seed_29/bandpass_n20004_cV1_electrode_s5.npz,76022,ec21bf46010ca945607be8bf1dd77c3e7b10bed18d582e27a3ef0cfbaf0af3d4
resnet,mixed,29,bandpass_n20004_cV1_electrode_s0,phase2/results/predictions/full/mixed/resnet/seed_29/bandpass_n20004_cV1_electrode_s0.npz,75493,8f4f82c0f6ae9a5a5f526999b61d36698b89a87d114cc02ccd40fbe00b7ff6ed
resnet,mixed,29,bandpass_n20004_cV1_covariance_s20,phase2/results/predictions/full/mixed/resnet/seed_29/bandpass_n20004_cV1_covariance_s20.npz,76390,464c138f241208dc36e069185f3f42fdaff0b4223207b450c021755535d533ca
resnet,mixed,29,bandpass_n20004_cV1_covariance_s15,phase2/results/predictions/full/mixed/resnet/seed_29/bandpass_n20004_cV1_covariance_s15.npz,76332,f23aa96a2d64d332ad33048ab71fcb349b9f64f77954f26c4e29befda73e8733
resnet,mixed,29,bandpass_n20004_cV1_covariance_s10,phase2/results/predictions/full/mixed/resnet/seed_29/bandpass_n20004_cV1_covariance_s10.npz,76262,f9baaec5a470e428d48bce9dc638324c4fb14d6c929e3b7fb6782c0d2ec23a99
resnet,mixed,29,bandpass_n20004_cV1_covariance_s5,phase2/results/predictions/full/mixed/resnet/seed_29/bandpass_n20004_cV1_covariance_s5.npz,76034,128243f2b23b8785b2efca3c13e86c40ca5c044455a59768d9a9d8d5a578d5a1
resnet,mixed,29,bandpass_n20004_cV1_covariance_s0,phase2/results/predictions/full/mixed/resnet/seed_29/bandpass_n20004_cV1_covariance_s0.npz,75536,28903baafb610e9280e19c8b231c23caa9549167f11101e1126202c0ac5c7fbf
resnet,mixed,29,bandpass_n20004_cV2_independent_rms_s20,phase2/results/predictions/full/mixed/resnet/seed_29/bandpass_n20004_cV2_independent_rms_s20.npz,76366,b782eb86548f1ccffb7bc692c63335231dfc9b948c62fa6c5221dd1a2ed8fc91
resnet,mixed,29,bandpass_n20004_cV2_independent_rms_s15,phase2/results/predictions/full/mixed/resnet/seed_29/bandpass_n20004_cV2_independent_rms_s15.npz,76368,854a8757d467582a0df69bcbcf9048f07b55eae30936b3ff932f83c0a86fa310
resnet,mixed,29,bandpass_n20004_cV2_independent_rms_s10,phase2/results/predictions/full/mixed/resnet/seed_29/bandpass_n20004_cV2_independent_rms_s10.npz,76320,7f72963c7cc73649e29028f26a2d05ea20ecc8742d898ce807a0f6a583705864
resnet,mixed,29,bandpass_n20004_cV2_independent_rms_s5,phase2/results/predictions/full/mixed/resnet/seed_29/bandpass_n20004_cV2_independent_rms_s5.npz,76112,f914f8423ddcfa288a58a95bfd863e0b93de8a33f7dbb10d9b8e6a70478913a6
resnet,mixed,29,bandpass_n20004_cV2_independent_rms_s0,phase2/results/predictions/full/mixed/resnet/seed_29/bandpass_n20004_cV2_independent_rms_s0.npz,75581,324f36ada5c80382ff92275b6e4420a9b1272cf4654accb60db6fbd7590bd208
resnet,mixed,29,bandpass_n20004_cV2_electrode_s20,phase2/results/predictions/full/mixed/resnet/seed_29/bandpass_n20004_cV2_electrode_s20.npz,76395,ff93f98a28e7dbae3ff40abbcdfd3db9537036407ff0c39380da591afb1f7149
resnet,mixed,29,bandpass_n20004_cV2_electrode_s15,phase2/results/predictions/full/mixed/resnet/seed_29/bandpass_n20004_cV2_electrode_s15.npz,76349,37f62c4d2d00bad120c5d64e6e0a7a8a58e62722b0193b718b43f782579bf254
resnet,mixed,29,bandpass_n20004_cV2_electrode_s10,phase2/results/predictions/full/mixed/resnet/seed_29/bandpass_n20004_cV2_electrode_s10.npz,76276,e851b41d4ac29d008756d3a9d92a413aa4a08f32b014371c2864a57741d09707
resnet,mixed,29,bandpass_n20004_cV2_electrode_s5,phase2/results/predictions/full/mixed/resnet/seed_29/bandpass_n20004_cV2_electrode_s5.npz,76086,512326b76fc4c2ae68fdb761dd51ec77a3f6f289a7046e21b34e1d11085256dc
resnet,mixed,29,bandpass_n20004_cV2_electrode_s0,phase2/results/predictions/full/mixed/resnet/seed_29/bandpass_n20004_cV2_electrode_s0.npz,75534,8826f12081997020ee0706f955345b22c5dc0791010512f4fac51f6c9cfae8fa
resnet,mixed,29,bandpass_n20004_cV2_covariance_s20,phase2/results/predictions/full/mixed/resnet/seed_29/bandpass_n20004_cV2_covariance_s20.npz,76367,bb38b6da6b5c137a0209dc45d2f284c3373c5b1d1a90b388954855e4400ff187
resnet,mixed,29,bandpass_n20004_cV2_covariance_s15,phase2/results/predictions/full/mixed/resnet/seed_29/bandpass_n20004_cV2_covariance_s15.npz,76361,49c265b1ad0b9f9f2ec6b8868447d2d66003dabc52b33fa851c9e63c33a94586
resnet,mixed,29,bandpass_n20004_cV2_covariance_s10,phase2/results/predictions/full/mixed/resnet/seed_29/bandpass_n20004_cV2_covariance_s10.npz,76282,4f97314a3d8b736091eeb11b20e4f4377087ae407d46cc5fb1d5f28179655d6b
resnet,mixed,29,bandpass_n20004_cV2_covariance_s5,phase2/results/predictions/full/mixed/resnet/seed_29/bandpass_n20004_cV2_covariance_s5.npz,76084,bc97e16634cbc26868384bf4605765e7e3758e4069c7841e03840e2acb11eecc
resnet,mixed,29,bandpass_n20004_cV2_covariance_s0,phase2/results/predictions/full/mixed/resnet/seed_29/bandpass_n20004_cV2_covariance_s0.npz,75570,72106ff0b0ba03b8a3a1bfc146e95fd94e05f7e91a2c0f13804daa234a266b59
resnet,mixed,29,bandpass_n20004_cV3_independent_rms_s20,phase2/results/predictions/full/mixed/resnet/seed_29/bandpass_n20004_cV3_independent_rms_s20.npz,76371,4c859300fd67f15445a3e6aa1f80579bd4a583e7ac6e6a48ce37d8f04b8fa87e
resnet,mixed,29,bandpass_n20004_cV3_independent_rms_s15,phase2/results/predictions/full/mixed/resnet/seed_29/bandpass_n20004_cV3_independent_rms_s15.npz,76346,0364427b7f57ec6696ba85a3b825d712bba8eafa9d1ba4ae6e234ab116ad7c81
resnet,mixed,29,bandpass_n20004_cV3_independent_rms_s10,phase2/results/predictions/full/mixed/resnet/seed_29/bandpass_n20004_cV3_independent_rms_s10.npz,76333,051dfb5735470c09228d333da486dd1874f056396d5ce5ecab6d3d7d6152ddeb
resnet,mixed,29,bandpass_n20004_cV3_independent_rms_s5,phase2/results/predictions/full/mixed/resnet/seed_29/bandpass_n20004_cV3_independent_rms_s5.npz,76218,c29d50e8c77a06ac1c10bb888e8a9cca0e33a0d9e4201726809b528482a1b906
resnet,mixed,29,bandpass_n20004_cV3_independent_rms_s0,phase2/results/predictions/full/mixed/resnet/seed_29/bandpass_n20004_cV3_independent_rms_s0.npz,75899,6fa77b84e0268c1d960da527f3782901db469006901523e8557ad505ff378621
resnet,mixed,29,bandpass_n20004_cV3_electrode_s20,phase2/results/predictions/full/mixed/resnet/seed_29/bandpass_n20004_cV3_electrode_s20.npz,76389,a54c9b38de2a7aa0d37637a45d96083ce5e05d0750199bee4eaa5158aa865b0f
resnet,mixed,29,bandpass_n20004_cV3_electrode_s15,phase2/results/predictions/full/mixed/resnet/seed_29/bandpass_n20004_cV3_electrode_s15.npz,76355,62191aa56d59b0fc43ee249f05158a09613a88dd263410f7e7d3cb9cf717b3ac
resnet,mixed,29,bandpass_n20004_cV3_electrode_s10,phase2/results/predictions/full/mixed/resnet/seed_29/bandpass_n20004_cV3_electrode_s10.npz,76331,9cdea0341888bf1c93e6e9cfae82182ef4f53acf4ec89cef3a9eb9310079bd86
resnet,mixed,29,bandpass_n20004_cV3_electrode_s5,phase2/results/predictions/full/mixed/resnet/seed_29/bandpass_n20004_cV3_electrode_s5.npz,76207,df551f99ed9240a8bb8f996a9e1d1cdcd13ddd47a453a61c806e74e67b12255e
resnet,mixed,29,bandpass_n20004_cV3_electrode_s0,phase2/results/predictions/full/mixed/resnet/seed_29/bandpass_n20004_cV3_electrode_s0.npz,75897,ea7f1db86bd795db732622d230c7f316748810308166d26ab432c423151d8ad7
resnet,mixed,29,bandpass_n20004_cV3_covariance_s20,phase2/results/predictions/full/mixed/resnet/seed_29/bandpass_n20004_cV3_covariance_s20.npz,76364,0bf8ceb27557c5324139c729c1d389fd67b7bacb1a7f6df55f432b9d70767147
resnet,mixed,29,bandpass_n20004_cV3_covariance_s15,phase2/results/predictions/full/mixed/resnet/seed_29/bandpass_n20004_cV3_covariance_s15.npz,76356,75262b4156913682befddd1a67d2afcd97c0dcd535d2b4bad77dcc4666f9b26d
resnet,mixed,29,bandpass_n20004_cV3_covariance_s10,phase2/results/predictions/full/mixed/resnet/seed_29/bandpass_n20004_cV3_covariance_s10.npz,76309,874745eba3ce49fc8c5fb029a5c5ef368aacc1380b15aca4c66a16427e180336
resnet,mixed,29,bandpass_n20004_cV3_covariance_s5,phase2/results/predictions/full/mixed/resnet/seed_29/bandpass_n20004_cV3_covariance_s5.npz,76213,3a7ebd88eaa385b556d89a25f9c5ffd1f16a97c869a198b523f1c27415c686b8
resnet,mixed,29,bandpass_n20004_cV3_covariance_s0,phase2/results/predictions/full/mixed/resnet/seed_29/bandpass_n20004_cV3_covariance_s0.npz,75890,22c5a14e78ab7bee6df36808b8406b191b2174b90825b99d3bdef0a2e1231443
resnet,mixed,29,bandpass_n20004_cV4_independent_rms_s20,phase2/results/predictions/full/mixed/resnet/seed_29/bandpass_n20004_cV4_independent_rms_s20.npz,76373,2eb5812f287d7784b4360da417a1afef045bfb3eaba166b61d0efbf203b499cd
resnet,mixed,29,bandpass_n20004_cV4_independent_rms_s15,phase2/results/predictions/full/mixed/resnet/seed_29/bandpass_n20004_cV4_independent_rms_s15.npz,76388,27b1db0dd3d0c035fb204c0d4d62a2d5ad12eae3023b1aa5657211a122539a41
resnet,mixed,29,bandpass_n20004_cV4_independent_rms_s10,phase2/results/predictions/full/mixed/resnet/seed_29/bandpass_n20004_cV4_independent_rms_s10.npz,76332,0d4dd971c1edabbe7484af0d6f2988b545b09160af9b9c2dda8c8521fcf9f18f
resnet,mixed,29,bandpass_n20004_cV4_independent_rms_s5,phase2/results/predictions/full/mixed/resnet/seed_29/bandpass_n20004_cV4_independent_rms_s5.npz,76211,8c8f889b80f063052143665ff6f53c45b07294ccbded4414abcaa37343c4e538
resnet,mixed,29,bandpass_n20004_cV4_independent_rms_s0,phase2/results/predictions/full/mixed/resnet/seed_29/bandpass_n20004_cV4_independent_rms_s0.npz,75804,5fb655c20e9c5853ece71f0999ff3afd2669af7b36aa9282d617b2832cdca6f2
resnet,mixed,29,bandpass_n20004_cV4_electrode_s20,phase2/results/predictions/full/mixed/resnet/seed_29/bandpass_n20004_cV4_electrode_s20.npz,76364,bac65aa989ac24efdcf29d6adf3133f81f81589a8154e572695d1a9dc527ac97
resnet,mixed,29,bandpass_n20004_cV4_electrode_s15,phase2/results/predictions/full/mixed/resnet/seed_29/bandpass_n20004_cV4_electrode_s15.npz,76340,9336e85a00d6ea5f5b1d84bf721d43589e59b9d0e9dcfc723b17502874c2cb46
resnet,mixed,29,bandpass_n20004_cV4_electrode_s10,phase2/results/predictions/full/mixed/resnet/seed_29/bandpass_n20004_cV4_electrode_s10.npz,76327,d61e7d2aefab3a02b888cd0a4666422efb8701017d69da1d9bdbbb29890adf7e
resnet,mixed,29,bandpass_n20004_cV4_electrode_s5,phase2/results/predictions/full/mixed/resnet/seed_29/bandpass_n20004_cV4_electrode_s5.npz,76194,2659a76d579430c133d331f82c1ef7c41c0131688f5725e5cef320599e8de19f
resnet,mixed,29,bandpass_n20004_cV4_electrode_s0,phase2/results/predictions/full/mixed/resnet/seed_29/bandpass_n20004_cV4_electrode_s0.npz,75834,7191b01773f502a85162cf9968585deb00485fc200b027842dd1e873b5899f39
resnet,mixed,29,bandpass_n20004_cV4_covariance_s20,phase2/results/predictions/full/mixed/resnet/seed_29/bandpass_n20004_cV4_covariance_s20.npz,76337,b002d6d98d7b6a5b2cfacbebe190638ff76d1d675650a7b3f02136bd7e8c662b
resnet,mixed,29,bandpass_n20004_cV4_covariance_s15,phase2/results/predictions/full/mixed/resnet/seed_29/bandpass_n20004_cV4_covariance_s15.npz,76373,791796ddbf217be420c6c54731e81fdf94b842025f507b8feb56df53e21f8a25
resnet,mixed,29,bandpass_n20004_cV4_covariance_s10,phase2/results/predictions/full/mixed/resnet/seed_29/bandpass_n20004_cV4_covariance_s10.npz,76296,014898147a8bf249bcc119a39fd6f4bfb298a0b240b684349e874acd83c193c9
resnet,mixed,29,bandpass_n20004_cV4_covariance_s5,phase2/results/predictions/full/mixed/resnet/seed_29/bandpass_n20004_cV4_covariance_s5.npz,76170,1ef7330704ecede65bebfc6a5ba6d7b429026d89f26385f44fbc2a35639e4177
resnet,mixed,29,bandpass_n20004_cV4_covariance_s0,phase2/results/predictions/full/mixed/resnet/seed_29/bandpass_n20004_cV4_covariance_s0.npz,75817,76322e1fe70362ce9dd86fbad4a9125bfb82d29378d7452c5e3d1fec27668054
resnet,mixed,29,bandpass_n20004_cV5_independent_rms_s20,phase2/results/predictions/full/mixed/resnet/seed_29/bandpass_n20004_cV5_independent_rms_s20.npz,76356,957568c8b4f27ee2725ee1ec29e420f1b77c7c81c4cd66d2372985be1779feee
resnet,mixed,29,bandpass_n20004_cV5_independent_rms_s15,phase2/results/predictions/full/mixed/resnet/seed_29/bandpass_n20004_cV5_independent_rms_s15.npz,76357,aa0973a2ca97a71f037302bae3a77a2f0a45936e6886d345d33e26ce6394ea0c
resnet,mixed,29,bandpass_n20004_cV5_independent_rms_s10,phase2/results/predictions/full/mixed/resnet/seed_29/bandpass_n20004_cV5_independent_rms_s10.npz,76263,0b0a158f9c215b49c798d79886b3c4df53079ad1a11be53787af1518219304ca
resnet,mixed,29,bandpass_n20004_cV5_independent_rms_s5,phase2/results/predictions/full/mixed/resnet/seed_29/bandpass_n20004_cV5_independent_rms_s5.npz,76110,8d87cdcd3d390adfe892346846a69fb35990816710f0e927d2442c0c52e22709
resnet,mixed,29,bandpass_n20004_cV5_independent_rms_s0,phase2/results/predictions/full/mixed/resnet/seed_29/bandpass_n20004_cV5_independent_rms_s0.npz,75630,8eedc7f1d1677e2781f3684103c1ef889cdd4891dc25c7ca1fc45b6e906e2ac2
resnet,mixed,29,bandpass_n20004_cV5_electrode_s20,phase2/results/predictions/full/mixed/resnet/seed_29/bandpass_n20004_cV5_electrode_s20.npz,76357,3aa1c15b33e73f8f409d7f773b41eaac8bac48fbcca55689cdf354749278c12b
resnet,mixed,29,bandpass_n20004_cV5_electrode_s15,phase2/results/predictions/full/mixed/resnet/seed_29/bandpass_n20004_cV5_electrode_s15.npz,76368,d06f3bd01a789ccf3ecb47b80840ddb74b31a511d15ca5beed525e67febc7005
resnet,mixed,29,bandpass_n20004_cV5_electrode_s10,phase2/results/predictions/full/mixed/resnet/seed_29/bandpass_n20004_cV5_electrode_s10.npz,76295,346eae339546472bea46b314a7feb3c39b485ef4f4865b77bfb12da48bd3b966
resnet,mixed,29,bandpass_n20004_cV5_electrode_s5,phase2/results/predictions/full/mixed/resnet/seed_29/bandpass_n20004_cV5_electrode_s5.npz,76118,faac8ea6a009445e5bff3e616569f2b0a87a705913c2bb8bb2dd5e2f6e6fb581
resnet,mixed,29,bandpass_n20004_cV5_electrode_s0,phase2/results/predictions/full/mixed/resnet/seed_29/bandpass_n20004_cV5_electrode_s0.npz,75621,e21c2c6a81253ee850a7aeb1098d7830c54aab0e5a73b2de9e4ac0e08db9ddb6
resnet,mixed,29,bandpass_n20004_cV5_covariance_s20,phase2/results/predictions/full/mixed/resnet/seed_29/bandpass_n20004_cV5_covariance_s20.npz,76344,235380853ba32df1d978b41d1a3e50ddc180d25f622f303bbbc885a3b1a9c9a5
resnet,mixed,29,bandpass_n20004_cV5_covariance_s15,phase2/results/predictions/full/mixed/resnet/seed_29/bandpass_n20004_cV5_covariance_s15.npz,76352,f949d83d539fa7b63dc5860c3e90d7088f861613161e478876e2ca2cfffa9e08
resnet,mixed,29,bandpass_n20004_cV5_covariance_s10,phase2/results/predictions/full/mixed/resnet/seed_29/bandpass_n20004_cV5_covariance_s10.npz,76301,1c31138c2e6862b3e26ab3f15502606a3ace6b8ccb174fc01322f2d09caff7d7
resnet,mixed,29,bandpass_n20004_cV5_covariance_s5,phase2/results/predictions/full/mixed/resnet/seed_29/bandpass_n20004_cV5_covariance_s5.npz,76075,6d01ff361680f5b9e318d2b3de54f6b13ced2f16dc024f3cfc8f91a04e7a1380
resnet,mixed,29,bandpass_n20004_cV5_covariance_s0,phase2/results/predictions/full/mixed/resnet/seed_29/bandpass_n20004_cV5_covariance_s0.npz,75594,1ed419d5ed9dd88eb8326c44a65e6fbba0c4afb0c9dc4f72503cdc57b7bc9b90
resnet,mixed,29,bandpass_n20004_cV6_independent_rms_s20,phase2/results/predictions/full/mixed/resnet/seed_29/bandpass_n20004_cV6_independent_rms_s20.npz,76392,d0e849bbf77709ba6b6ef10a5fc5f0c8c40ccd3ed26817b81adb5dc5856ce2a4
resnet,mixed,29,bandpass_n20004_cV6_independent_rms_s15,phase2/results/predictions/full/mixed/resnet/seed_29/bandpass_n20004_cV6_independent_rms_s15.npz,76366,ae509e3c3b7c2b832cd697b016a10adf9c81403d5490a34c8c8a4ee19f067fee
resnet,mixed,29,bandpass_n20004_cV6_independent_rms_s10,phase2/results/predictions/full/mixed/resnet/seed_29/bandpass_n20004_cV6_independent_rms_s10.npz,76305,550253ea3efd145615d487068d68f9c1d1fb7f69a96342de7a982b0178c5fc17
resnet,mixed,29,bandpass_n20004_cV6_independent_rms_s5,phase2/results/predictions/full/mixed/resnet/seed_29/bandpass_n20004_cV6_independent_rms_s5.npz,76185,3fbaff7a4d50fbbf7398885f8cbe4f010e4ff037e84570bc098d85d113432421
resnet,mixed,29,bandpass_n20004_cV6_independent_rms_s0,phase2/results/predictions/full/mixed/resnet/seed_29/bandpass_n20004_cV6_independent_rms_s0.npz,75750,e274f0e440801ebf0c24606ea8527947801a14eafea0a477728bcbea8ddf1381
resnet,mixed,29,bandpass_n20004_cV6_electrode_s20,phase2/results/predictions/full/mixed/resnet/seed_29/bandpass_n20004_cV6_electrode_s20.npz,76374,31877ab3a7ce9535750ca1c72a9bfeda1e8e8848b71b97ef217ba07f49dd9320
resnet,mixed,29,bandpass_n20004_cV6_electrode_s15,phase2/results/predictions/full/mixed/resnet/seed_29/bandpass_n20004_cV6_electrode_s15.npz,76364,dbe7ad8e13020ea158be2c3639bf4c29401d8f923245d71f514683ac43e8728b
resnet,mixed,29,bandpass_n20004_cV6_electrode_s10,phase2/results/predictions/full/mixed/resnet/seed_29/bandpass_n20004_cV6_electrode_s10.npz,76314,5820d8cc5cadabb8147fac1135b00bafbf44c03f14ca4323499cf5ada942bf83
resnet,mixed,29,bandpass_n20004_cV6_electrode_s5,phase2/results/predictions/full/mixed/resnet/seed_29/bandpass_n20004_cV6_electrode_s5.npz,76136,df752618284001e99c9815528389e15fb2008c7126cbd1a210d055edc559b2b8
resnet,mixed,29,bandpass_n20004_cV6_electrode_s0,phase2/results/predictions/full/mixed/resnet/seed_29/bandpass_n20004_cV6_electrode_s0.npz,75766,724354c9310b610567d1cd45c74423eea6da7d757e3bc6f2021461ae9ebfb23c
resnet,mixed,29,bandpass_n20004_cV6_covariance_s20,phase2/results/predictions/full/mixed/resnet/seed_29/bandpass_n20004_cV6_covariance_s20.npz,76356,4ef456c57f80937566ae810e15348c22e347577e399c7bf7ee03d1bcff14c27c
resnet,mixed,29,bandpass_n20004_cV6_covariance_s15,phase2/results/predictions/full/mixed/resnet/seed_29/bandpass_n20004_cV6_covariance_s15.npz,76361,09aba8ae09fc1a3f5c41be48072f0229d5b2aa33767873e9150454867247ec9d
resnet,mixed,29,bandpass_n20004_cV6_covariance_s10,phase2/results/predictions/full/mixed/resnet/seed_29/bandpass_n20004_cV6_covariance_s10.npz,76302,661309270a6163fed1ec112a4c4cedc2fde47ba118811ffd9c4976e6cbe36903
resnet,mixed,29,bandpass_n20004_cV6_covariance_s5,phase2/results/predictions/full/mixed/resnet/seed_29/bandpass_n20004_cV6_covariance_s5.npz,76156,669f8504016e8caa553d12e4f1602a06981690b5330799bc54bc20c4ce73f540
resnet,mixed,29,bandpass_n20004_cV6_covariance_s0,phase2/results/predictions/full/mixed/resnet/seed_29/bandpass_n20004_cV6_covariance_s0.npz,75796,f71eb9a977ef48e5a5bbfb4c5289d99b45bfb64f8d9a6dad1ff21b127fbb5904
resnet,mixed,29,bandpass_n20004_cRA_LA_independent_rms_s20,phase2/results/predictions/full/mixed/resnet/seed_29/bandpass_n20004_cRA_LA_independent_rms_s20.npz,76369,5c3c49c3ffa17f7812598e198113826d5c077dce2982cdca42419664a89dea19
resnet,mixed,29,bandpass_n20004_cRA_LA_independent_rms_s15,phase2/results/predictions/full/mixed/resnet/seed_29/bandpass_n20004_cRA_LA_independent_rms_s15.npz,76380,d96f149b65df9d48b5a82b7d1dfe8a64fd216ea17ba0abc2941391fabfa190f6
resnet,mixed,29,bandpass_n20004_cRA_LA_independent_rms_s10,phase2/results/predictions/full/mixed/resnet/seed_29/bandpass_n20004_cRA_LA_independent_rms_s10.npz,76292,7e1718028c7bf20e271919274b5f6aac70902c8fd424b90be37ab9db4943eb88
resnet,mixed,29,bandpass_n20004_cRA_LA_independent_rms_s5,phase2/results/predictions/full/mixed/resnet/seed_29/bandpass_n20004_cRA_LA_independent_rms_s5.npz,76080,7055ed6082701171750d2a8bfac031e6a4658ebef6e7eaa5dcc51ffb984e4634
resnet,mixed,29,bandpass_n20004_cRA_LA_independent_rms_s0,phase2/results/predictions/full/mixed/resnet/seed_29/bandpass_n20004_cRA_LA_independent_rms_s0.npz,75635,d97fcd7e4ef200d5a27caa38762718eb436d1321cf4b5079517a3eb72a86868c
resnet,mixed,29,bandpass_n20004_cRA_LA_electrode_s20,phase2/results/predictions/full/mixed/resnet/seed_29/bandpass_n20004_cRA_LA_electrode_s20.npz,76387,1f9d02986b8a5c03be27de8bdb5b93b505b6483424a7c61fb8fcda2c80d84943
resnet,mixed,29,bandpass_n20004_cRA_LA_electrode_s15,phase2/results/predictions/full/mixed/resnet/seed_29/bandpass_n20004_cRA_LA_electrode_s15.npz,76320,df590dd8325ad2ad0a0b0878fe46fd16f6ca4c66c34b6a59bdff4ad2119d92b2
resnet,mixed,29,bandpass_n20004_cRA_LA_electrode_s10,phase2/results/predictions/full/mixed/resnet/seed_29/bandpass_n20004_cRA_LA_electrode_s10.npz,76237,74b343d915ffb05fe84526d25bd3abddf5e193dadf6a5fe9b32fa0653fe82357
resnet,mixed,29,bandpass_n20004_cRA_LA_electrode_s5,phase2/results/predictions/full/mixed/resnet/seed_29/bandpass_n20004_cRA_LA_electrode_s5.npz,75984,bd6ab1045d32563f5bb7fc60ae6097027c0117d211235ababb105dd5f72ada62
resnet,mixed,29,bandpass_n20004_cRA_LA_electrode_s0,phase2/results/predictions/full/mixed/resnet/seed_29/bandpass_n20004_cRA_LA_electrode_s0.npz,75393,edc3ed9453ab60544d15b992aec841b9d0987a8c843c703df1b34a3e24d9e6df
resnet,mixed,29,bandpass_n20004_cRA_LA_covariance_s20,phase2/results/predictions/full/mixed/resnet/seed_29/bandpass_n20004_cRA_LA_covariance_s20.npz,76356,04c41472e8662a3fc1b80d6e3220e8b9cc36509f9ab98b0bd9fc219e0bb7fca6
resnet,mixed,29,bandpass_n20004_cRA_LA_covariance_s15,phase2/results/predictions/full/mixed/resnet/seed_29/bandpass_n20004_cRA_LA_covariance_s15.npz,76340,da93765ac31f22d1032c1ca291495035c0743d81f47848790ec8cca3575ecfda
resnet,mixed,29,bandpass_n20004_cRA_LA_covariance_s10,phase2/results/predictions/full/mixed/resnet/seed_29/bandpass_n20004_cRA_LA_covariance_s10.npz,76235,b5272bffcaa71f88c978a1c5fe0ce407f4391fda7f45f2a79b0605d567a08c63
resnet,mixed,29,bandpass_n20004_cRA_LA_covariance_s5,phase2/results/predictions/full/mixed/resnet/seed_29/bandpass_n20004_cRA_LA_covariance_s5.npz,76017,e99b942bfc04869825f9366d4695535ce2be380258b43b67a5d6c7685a6035c6
resnet,mixed,29,bandpass_n20004_cRA_LA_covariance_s0,phase2/results/predictions/full/mixed/resnet/seed_29/bandpass_n20004_cRA_LA_covariance_s0.npz,75392,002fc2fbb20cdf2ae14730bd3da22ebc3446c17c47cde57c81bb8f987f1e76d2
resnet,mixed,29,bandpass_n20004_cLA_LL_independent_rms_s20,phase2/results/predictions/full/mixed/resnet/seed_29/bandpass_n20004_cLA_LL_independent_rms_s20.npz,76391,df529efbc99e8b372aa50922f5c5acf1cf60909dbb49f5882da1687ad465ce8d
resnet,mixed,29,bandpass_n20004_cLA_LL_independent_rms_s15,phase2/results/predictions/full/mixed/resnet/seed_29/bandpass_n20004_cLA_LL_independent_rms_s15.npz,76373,0b3537158802cbeafe64a67f3c5ab61d889bacec6316d0687e13393d801f9cae
resnet,mixed,29,bandpass_n20004_cLA_LL_independent_rms_s10,phase2/results/predictions/full/mixed/resnet/seed_29/bandpass_n20004_cLA_LL_independent_rms_s10.npz,76316,b369195242742fdd28c9b511a8174287c660c9bff7181a3343b10abf12afc423
resnet,mixed,29,bandpass_n20004_cLA_LL_independent_rms_s5,phase2/results/predictions/full/mixed/resnet/seed_29/bandpass_n20004_cLA_LL_independent_rms_s5.npz,76097,217fc3301b13d5ed5b74629c706f642e2ea1578d5c86611ca19f05a6c584be60
resnet,mixed,29,bandpass_n20004_cLA_LL_independent_rms_s0,phase2/results/predictions/full/mixed/resnet/seed_29/bandpass_n20004_cLA_LL_independent_rms_s0.npz,75642,dc425ac50c2e1f4dcad637413bbb4fbd949eba8c015dabc4f769151b1b66dba6
resnet,mixed,29,bandpass_n20004_cLA_LL_electrode_s20,phase2/results/predictions/full/mixed/resnet/seed_29/bandpass_n20004_cLA_LL_electrode_s20.npz,76367,b171867325e71ef826f9e273bcc1c4003d3f8bb2ef6568474679d9bf185f655b
resnet,mixed,29,bandpass_n20004_cLA_LL_electrode_s15,phase2/results/predictions/full/mixed/resnet/seed_29/bandpass_n20004_cLA_LL_electrode_s15.npz,76311,c2fe2c9da2677de635f77f0f08b2031f4c3fc45917748cde863946b8a2d9f16c
resnet,mixed,29,bandpass_n20004_cLA_LL_electrode_s10,phase2/results/predictions/full/mixed/resnet/seed_29/bandpass_n20004_cLA_LL_electrode_s10.npz,76262,e26cdb5139269c3a8bb2d930de5070b6e8bcf5c3e9cf9a16caecb5c70d52ea01
resnet,mixed,29,bandpass_n20004_cLA_LL_electrode_s5,phase2/results/predictions/full/mixed/resnet/seed_29/bandpass_n20004_cLA_LL_electrode_s5.npz,75986,3369317865e697e7a959ad7638934df7197fb61f1d2c1cf0ae4ca34f554f4cea
resnet,mixed,29,bandpass_n20004_cLA_LL_electrode_s0,phase2/results/predictions/full/mixed/resnet/seed_29/bandpass_n20004_cLA_LL_electrode_s0.npz,75552,5728f92c66229d9a5136f75c86f9d63a2bffdb79228086e45b194becb11ed9a8
resnet,mixed,29,bandpass_n20004_cLA_LL_covariance_s20,phase2/results/predictions/full/mixed/resnet/seed_29/bandpass_n20004_cLA_LL_covariance_s20.npz,76363,de26c9729bcc3659bb0257f867bec0f0c34d16c48216f0c0e08ae430d95b3894
resnet,mixed,29,bandpass_n20004_cLA_LL_covariance_s15,phase2/results/predictions/full/mixed/resnet/seed_29/bandpass_n20004_cLA_LL_covariance_s15.npz,76338,2a74db9314c7f7872607fd3997545794c50b2ebf1ae606a06c5cc0fbc450f6dc
resnet,mixed,29,bandpass_n20004_cLA_LL_covariance_s10,phase2/results/predictions/full/mixed/resnet/seed_29/bandpass_n20004_cLA_LL_covariance_s10.npz,76252,12370a4810cb5eb95a0b3e8df50ffdba543592fb892f7f805386bc08f54f96dc
resnet,mixed,29,bandpass_n20004_cLA_LL_covariance_s5,phase2/results/predictions/full/mixed/resnet/seed_29/bandpass_n20004_cLA_LL_covariance_s5.npz,75999,d97129b48a06b5d368829e4bfaf396957241db9d11c8d55012663454859a246c
resnet,mixed,29,bandpass_n20004_cLA_LL_covariance_s0,phase2/results/predictions/full/mixed/resnet/seed_29/bandpass_n20004_cLA_LL_covariance_s0.npz,75590,b59aa7b18e7f2dd2c9ec9f160f1b1d84240e3114efcd82ba8c787194ed0ce6d9
resnet,mixed,29,bandpass_n20004_cRA_LL_independent_rms_s20,phase2/results/predictions/full/mixed/resnet/seed_29/bandpass_n20004_cRA_LL_independent_rms_s20.npz,76387,4707da4cc2e9a16c8ff27d85b880627c3b8a85bdaa4352b85e9f917168f54ab1
resnet,mixed,29,bandpass_n20004_cRA_LL_independent_rms_s15,phase2/results/predictions/full/mixed/resnet/seed_29/bandpass_n20004_cRA_LL_independent_rms_s15.npz,76360,df6333f62d725d90cee5a46442caf273dcc693888c61c76e5ae3138cbeb50d3b
resnet,mixed,29,bandpass_n20004_cRA_LL_independent_rms_s10,phase2/results/predictions/full/mixed/resnet/seed_29/bandpass_n20004_cRA_LL_independent_rms_s10.npz,76286,86f8bf075abe25ae541fe8bf1e2a53bea71ed3493ce833d52a4db7f138ff1561
resnet,mixed,29,bandpass_n20004_cRA_LL_independent_rms_s5,phase2/results/predictions/full/mixed/resnet/seed_29/bandpass_n20004_cRA_LL_independent_rms_s5.npz,76118,99b83f0b46c5751bca1ed99553de5c25ef61ad710736892c0db14460373ec8d5
resnet,mixed,29,bandpass_n20004_cRA_LL_independent_rms_s0,phase2/results/predictions/full/mixed/resnet/seed_29/bandpass_n20004_cRA_LL_independent_rms_s0.npz,75650,9141ccc138edcdbee43f0cbf86bbbb548d8123599fadce6646aad3a70606ecb5
resnet,mixed,29,bandpass_n20004_cRA_LL_electrode_s20,phase2/results/predictions/full/mixed/resnet/seed_29/bandpass_n20004_cRA_LL_electrode_s20.npz,76374,19455882d135160a92d450876ce9ad62f3c2fdf9ac659c11355190d8a8d73855
resnet,mixed,29,bandpass_n20004_cRA_LL_electrode_s15,phase2/results/predictions/full/mixed/resnet/seed_29/bandpass_n20004_cRA_LL_electrode_s15.npz,76355,99a713fc0455b865a20e6e7ed0c5a76513ab0776dfaf95d74ee79eaa5c73fb59
resnet,mixed,29,bandpass_n20004_cRA_LL_electrode_s10,phase2/results/predictions/full/mixed/resnet/seed_29/bandpass_n20004_cRA_LL_electrode_s10.npz,76230,6255c67221b0a919b18a71eba7ad274bae507a4ce388a9f0832566d7c88c3144
resnet,mixed,29,bandpass_n20004_cRA_LL_electrode_s5,phase2/results/predictions/full/mixed/resnet/seed_29/bandpass_n20004_cRA_LL_electrode_s5.npz,75997,6db1687e1e5f7d820a3b704d368bcdf9f54f31b89fd3f8575e63fa7241e5993c
resnet,mixed,29,bandpass_n20004_cRA_LL_electrode_s0,phase2/results/predictions/full/mixed/resnet/seed_29/bandpass_n20004_cRA_LL_electrode_s0.npz,75519,5841e261d5f1802b06de072ab4d1c847ee9dbaa3e62e571ad9f0bc71e5054240
resnet,mixed,29,bandpass_n20004_cRA_LL_covariance_s20,phase2/results/predictions/full/mixed/resnet/seed_29/bandpass_n20004_cRA_LL_covariance_s20.npz,76379,923c991dcdcf9c7029f74f9eea0afe24c8a7a64e250abb7bcbe72af570478b86
resnet,mixed,29,bandpass_n20004_cRA_LL_covariance_s15,phase2/results/predictions/full/mixed/resnet/seed_29/bandpass_n20004_cRA_LL_covariance_s15.npz,76324,b037d62d728fe3aa24aee9bff6bf68b9aff45d0040912baaedaafee85558f0e4
resnet,mixed,29,bandpass_n20004_cRA_LL_covariance_s10,phase2/results/predictions/full/mixed/resnet/seed_29/bandpass_n20004_cRA_LL_covariance_s10.npz,76247,dc6e1d02005b04cb255d856f9ca365088fd12f0a7a18c880a453dc7b2a4c2667
resnet,mixed,29,bandpass_n20004_cRA_LL_covariance_s5,phase2/results/predictions/full/mixed/resnet/seed_29/bandpass_n20004_cRA_LL_covariance_s5.npz,75989,a75b24c40261c95b5a74a0b27c9cb0dd17c9ad29f252c34048d451079f490a3c
resnet,mixed,29,bandpass_n20004_cRA_LL_covariance_s0,phase2/results/predictions/full/mixed/resnet/seed_29/bandpass_n20004_cRA_LL_covariance_s0.npz,75486,ef2fab456495e2a3bdfe17fbd377fa4deaa6814b14fd48da9a0468419de7347a
resnet,mixed,29,bandpass_n20004_cRA_independent_rms_s20,phase2/results/predictions/full/mixed/resnet/seed_29/bandpass_n20004_cRA_independent_rms_s20.npz,76371,bde731f540e0a21fee5c326f5718478f0cbd123bf8041feacb5a0a132d1a84d5
resnet,mixed,29,bandpass_n20004_cRA_independent_rms_s15,phase2/results/predictions/full/mixed/resnet/seed_29/bandpass_n20004_cRA_independent_rms_s15.npz,76390,d0dd6a43497ec9a655936b8d0b9d4215829f3f4130778361e6c911a7dcd34160
resnet,mixed,29,bandpass_n20004_cRA_independent_rms_s10,phase2/results/predictions/full/mixed/resnet/seed_29/bandpass_n20004_cRA_independent_rms_s10.npz,76276,14462082ab7bbaf6236deca75c04be3a55f431d6ca5ed33ac5d5d5978ee85ffc
resnet,mixed,29,bandpass_n20004_cRA_independent_rms_s5,phase2/results/predictions/full/mixed/resnet/seed_29/bandpass_n20004_cRA_independent_rms_s5.npz,76107,eac3abf06747c6d8f1ba262a8a447129fd0650aa0df0f78ce4de1294f45d4edf
resnet,mixed,29,bandpass_n20004_cRA_independent_rms_s0,phase2/results/predictions/full/mixed/resnet/seed_29/bandpass_n20004_cRA_independent_rms_s0.npz,75594,30aead26d36de8fbd12391323124dcc10534a00f4e03f66e1d150d9cb7b37848
resnet,mixed,29,bandpass_n20004_cRA_electrode_s20,phase2/results/predictions/full/mixed/resnet/seed_29/bandpass_n20004_cRA_electrode_s20.npz,76334,87e41cc01084deb80cb16a7bdf20bc503f1eceb7cfaab2c3f98af178c075f6c0
resnet,mixed,29,bandpass_n20004_cRA_electrode_s15,phase2/results/predictions/full/mixed/resnet/seed_29/bandpass_n20004_cRA_electrode_s15.npz,76339,ad1bff8d3af039f1ba19f40f4e461388b4cccd4cf6eb636d5e1ead0bfa662cfb
resnet,mixed,29,bandpass_n20004_cRA_electrode_s10,phase2/results/predictions/full/mixed/resnet/seed_29/bandpass_n20004_cRA_electrode_s10.npz,76270,f5ed1f6c085f9755ec81dc3fe81e116300892a33ec49b520bfa1a50e7af46f97
resnet,mixed,29,bandpass_n20004_cRA_electrode_s5,phase2/results/predictions/full/mixed/resnet/seed_29/bandpass_n20004_cRA_electrode_s5.npz,75967,cbd822858285d54a3679b33c0af5dbea90d45bad3edf8144273e1e8bd5daa79a
resnet,mixed,29,bandpass_n20004_cRA_electrode_s0,phase2/results/predictions/full/mixed/resnet/seed_29/bandpass_n20004_cRA_electrode_s0.npz,75437,b50e704ff9ca3a782abec6877580c7914795dd568f86c2e8738f4adfb886fdb0
resnet,mixed,29,bandpass_n20004_cRA_covariance_s20,phase2/results/predictions/full/mixed/resnet/seed_29/bandpass_n20004_cRA_covariance_s20.npz,76341,54d934d70c08a7516805e243459c5ab5ad4f4c116fc90d50034f486d9637e3b9
resnet,mixed,29,bandpass_n20004_cRA_covariance_s15,phase2/results/predictions/full/mixed/resnet/seed_29/bandpass_n20004_cRA_covariance_s15.npz,76340,1e374522d2338fd611c30950603684c00276713f9449ff8b1a2d80cf3984bbc6
resnet,mixed,29,bandpass_n20004_cRA_covariance_s10,phase2/results/predictions/full/mixed/resnet/seed_29/bandpass_n20004_cRA_covariance_s10.npz,76202,f4253ef6c06364261266672f12a7b43d7e4428552b7f848edca7892f73070dad
resnet,mixed,29,bandpass_n20004_cRA_covariance_s5,phase2/results/predictions/full/mixed/resnet/seed_29/bandpass_n20004_cRA_covariance_s5.npz,75956,1db21c1cb90da059507319c926847781c874ec6ed7d8294506456addce64f94c
resnet,mixed,29,bandpass_n20004_cRA_covariance_s0,phase2/results/predictions/full/mixed/resnet/seed_29/bandpass_n20004_cRA_covariance_s0.npz,75453,5af05bd09350c50046ea201e68bb1e002b83c468e0cddece79216418051468ab
resnet,mixed,29,bandpass_n20004_cLA_independent_rms_s20,phase2/results/predictions/full/mixed/resnet/seed_29/bandpass_n20004_cLA_independent_rms_s20.npz,76371,fc11471fd08fa16d0865ee901dad4fd6693569a968106b93cb7317b3460dc5cc
resnet,mixed,29,bandpass_n20004_cLA_independent_rms_s15,phase2/results/predictions/full/mixed/resnet/seed_29/bandpass_n20004_cLA_independent_rms_s15.npz,76395,d029a56697119bf09ee97a0df3f251891beb4237e07fd9b738f359969033c778
resnet,mixed,29,bandpass_n20004_cLA_independent_rms_s10,phase2/results/predictions/full/mixed/resnet/seed_29/bandpass_n20004_cLA_independent_rms_s10.npz,76286,241ec1f6cbb00c6894f8b6fb0794c3f6383d67dd1cb1c9858de1c6a4b0a0175f
resnet,mixed,29,bandpass_n20004_cLA_independent_rms_s5,phase2/results/predictions/full/mixed/resnet/seed_29/bandpass_n20004_cLA_independent_rms_s5.npz,76089,3ff8689932c69b5665f268867c78ca66049797115aaf4dd47518af3a418628d0
resnet,mixed,29,bandpass_n20004_cLA_independent_rms_s0,phase2/results/predictions/full/mixed/resnet/seed_29/bandpass_n20004_cLA_independent_rms_s0.npz,75624,0b41c90b5273ec992c35b772320a7f2c0485b68037fbb5dc9fb30ee5c823e632
resnet,mixed,29,bandpass_n20004_cLA_electrode_s20,phase2/results/predictions/full/mixed/resnet/seed_29/bandpass_n20004_cLA_electrode_s20.npz,76341,4c5dad75e2492fe6fba6770bcf83967f0dd1f85a52a4a445871f9d10b840e1c5
resnet,mixed,29,bandpass_n20004_cLA_electrode_s15,phase2/results/predictions/full/mixed/resnet/seed_29/bandpass_n20004_cLA_electrode_s15.npz,76309,32a16b90a65f4dd4fd3ffab44d5064e9b328c09d8861b04ab30f90fa10b118ca
resnet,mixed,29,bandpass_n20004_cLA_electrode_s10,phase2/results/predictions/full/mixed/resnet/seed_29/bandpass_n20004_cLA_electrode_s10.npz,76257,29011737d9d4bd3fac5be3363374756545bba54c93dbfc65d998c6d3b0ab48bb
resnet,mixed,29,bandpass_n20004_cLA_electrode_s5,phase2/results/predictions/full/mixed/resnet/seed_29/bandpass_n20004_cLA_electrode_s5.npz,76035,fdffef79373a70ba2ea1c708c52bfc218c60a94e63a42cf289c51296452d2b17
resnet,mixed,29,bandpass_n20004_cLA_electrode_s0,phase2/results/predictions/full/mixed/resnet/seed_29/bandpass_n20004_cLA_electrode_s0.npz,75441,33a707e1dea3d3aebb06305c5dd15859fb698460dcae1ec1f6ebdfac79025ded
resnet,mixed,29,bandpass_n20004_cLA_covariance_s20,phase2/results/predictions/full/mixed/resnet/seed_29/bandpass_n20004_cLA_covariance_s20.npz,76354,b927ff2369211b38a23e871a50ab1d2ca3693409387ea053634ad9597e072b08
resnet,mixed,29,bandpass_n20004_cLA_covariance_s15,phase2/results/predictions/full/mixed/resnet/seed_29/bandpass_n20004_cLA_covariance_s15.npz,76334,3caa1fa6df11681c15bd534f71607f661534b415053fb64a4a892ffff7872852
resnet,mixed,29,bandpass_n20004_cLA_covariance_s10,phase2/results/predictions/full/mixed/resnet/seed_29/bandpass_n20004_cLA_covariance_s10.npz,76265,0d9bab21183824ced3b2485ad4172e31e4de30d7b256724473a707dc2db78f1e
resnet,mixed,29,bandpass_n20004_cLA_covariance_s5,phase2/results/predictions/full/mixed/resnet/seed_29/bandpass_n20004_cLA_covariance_s5.npz,75996,9d85d58b1c6e51aac8d7c45f8cf839a00fe6530c9d6be5d936280a4c52c304dd
resnet,mixed,29,bandpass_n20004_cLA_covariance_s0,phase2/results/predictions/full/mixed/resnet/seed_29/bandpass_n20004_cLA_covariance_s0.npz,75453,945fbee64360a451caaa82c94bc73080ffebeb2d89981917691397bb72765ab5
resnet,mixed,29,bandpass_n20004_cLL_independent_rms_s20,phase2/results/predictions/full/mixed/resnet/seed_29/bandpass_n20004_cLL_independent_rms_s20.npz,76379,bd11e19e72dcc9860a66723c1de55ca6fdc735204af3bdac743eefa5b39430f8
resnet,mixed,29,bandpass_n20004_cLL_independent_rms_s15,phase2/results/predictions/full/mixed/resnet/seed_29/bandpass_n20004_cLL_independent_rms_s15.npz,76399,eb9b527ee0e5afeaf0fb04c34479d896e58e3f933a057d514dd02afc2ba7eff6
resnet,mixed,29,bandpass_n20004_cLL_independent_rms_s10,phase2/results/predictions/full/mixed/resnet/seed_29/bandpass_n20004_cLL_independent_rms_s10.npz,76294,653bef17f6186da9ef50c5bfab47f7baf8722baab8e703fbbf2f9e248b14fe4b
resnet,mixed,29,bandpass_n20004_cLL_independent_rms_s5,phase2/results/predictions/full/mixed/resnet/seed_29/bandpass_n20004_cLL_independent_rms_s5.npz,76077,c0cfdb92f47994db9d188500e4c27fc0dba7272511e2a700dadeb48a46884fd3
resnet,mixed,29,bandpass_n20004_cLL_independent_rms_s0,phase2/results/predictions/full/mixed/resnet/seed_29/bandpass_n20004_cLL_independent_rms_s0.npz,75639,52253735e2821cdca619186fc27941a81f8a2362bd9b65fee06408f61dcba6f2
resnet,mixed,29,bandpass_n20004_cLL_electrode_s20,phase2/results/predictions/full/mixed/resnet/seed_29/bandpass_n20004_cLL_electrode_s20.npz,76380,0d95a884012034224f5e7197e949e7d213a762703a031f5c34ddb196318b5b97
resnet,mixed,29,bandpass_n20004_cLL_electrode_s15,phase2/results/predictions/full/mixed/resnet/seed_29/bandpass_n20004_cLL_electrode_s15.npz,76348,74d1ad5e66c13b61e0932e646c61ad0f1e3a707769be681c30d30fc8ea6b0d88
resnet,mixed,29,bandpass_n20004_cLL_electrode_s10,phase2/results/predictions/full/mixed/resnet/seed_29/bandpass_n20004_cLL_electrode_s10.npz,76207,92c9c2b611ef24a0b4515ed4cb1031d6e4c51cb355aac48c1f257a64a576cff7
resnet,mixed,29,bandpass_n20004_cLL_electrode_s5,phase2/results/predictions/full/mixed/resnet/seed_29/bandpass_n20004_cLL_electrode_s5.npz,75998,624ffc137c88f663ec808185e3c637c0de62e426ba40ce1f1c96d0a93244c87c
resnet,mixed,29,bandpass_n20004_cLL_electrode_s0,phase2/results/predictions/full/mixed/resnet/seed_29/bandpass_n20004_cLL_electrode_s0.npz,75691,14a08b196d46731b28ad5cfdcb0ff97779f26a6db37e847dd25afd7cb6349d27
resnet,mixed,29,bandpass_n20004_cLL_covariance_s20,phase2/results/predictions/full/mixed/resnet/seed_29/bandpass_n20004_cLL_covariance_s20.npz,76363,c53c6a44f93f7e3e3a7ee06c634fde52cd28f26fa04eda85c633c472183cfb3d
resnet,mixed,29,bandpass_n20004_cLL_covariance_s15,phase2/results/predictions/full/mixed/resnet/seed_29/bandpass_n20004_cLL_covariance_s15.npz,76331,02706b382009321530dd5b96bfa6f38fc0a4f3d5d3a7437acc388a96dbaa8074
resnet,mixed,29,bandpass_n20004_cLL_covariance_s10,phase2/results/predictions/full/mixed/resnet/seed_29/bandpass_n20004_cLL_covariance_s10.npz,76232,85ea7387757a7c42f46acc70879b189787a9931f27b06dbd5f4c81dc6b6998c3
resnet,mixed,29,bandpass_n20004_cLL_covariance_s5,phase2/results/predictions/full/mixed/resnet/seed_29/bandpass_n20004_cLL_covariance_s5.npz,75949,62d4cc6bdc73ed9888425fb85c3631c02a6cc5cffc81f4271d8109e6e32834d4
resnet,mixed,29,bandpass_n20004_cLL_covariance_s0,phase2/results/predictions/full/mixed/resnet/seed_29/bandpass_n20004_cLL_covariance_s0.npz,75651,6b113d47873d97734ceb8417709a52696c29da2bdc43f275ff26b8ae53cb124d
resnet,mixed,29,bandpass_n20004_cRA_V1_independent_rms_s20,phase2/results/predictions/full/mixed/resnet/seed_29/bandpass_n20004_cRA_V1_independent_rms_s20.npz,76384,03cb643c4969f5b33d690afda75eee9789a3aadb8bf8d8603b22e06383ffedb7
resnet,mixed,29,bandpass_n20004_cRA_V1_independent_rms_s15,phase2/results/predictions/full/mixed/resnet/seed_29/bandpass_n20004_cRA_V1_independent_rms_s15.npz,76377,b0c59c58112ea5ef5e21ac58de10b5b0f838256e4085328c152955aa91a51814
resnet,mixed,29,bandpass_n20004_cRA_V1_independent_rms_s10,phase2/results/predictions/full/mixed/resnet/seed_29/bandpass_n20004_cRA_V1_independent_rms_s10.npz,76305,8d3fcdc7de5ba52c6c88a0888e2bef591b4cd7fd941120b98d65295bedec636f
resnet,mixed,29,bandpass_n20004_cRA_V1_independent_rms_s5,phase2/results/predictions/full/mixed/resnet/seed_29/bandpass_n20004_cRA_V1_independent_rms_s5.npz,76081,3f2ce9749967f2915ff29428a266874d119681c40034068903703fa8bf496a71
resnet,mixed,29,bandpass_n20004_cRA_V1_independent_rms_s0,phase2/results/predictions/full/mixed/resnet/seed_29/bandpass_n20004_cRA_V1_independent_rms_s0.npz,75573,34b0279ef30221e742b982473ad53143d430dcce15b57ba26a4da60468efcff8
resnet,mixed,29,bandpass_n20004_cRA_V1_electrode_s20,phase2/results/predictions/full/mixed/resnet/seed_29/bandpass_n20004_cRA_V1_electrode_s20.npz,76378,69cb2162559446a6d15a7b9da10790ae724e531b75cc4db698a3678662a41c54
resnet,mixed,29,bandpass_n20004_cRA_V1_electrode_s15,phase2/results/predictions/full/mixed/resnet/seed_29/bandpass_n20004_cRA_V1_electrode_s15.npz,76371,f795adf4ee5148de3ba35f602e2b70b5a02d9b784ef26d0c8ba810a0e521ba94
resnet,mixed,29,bandpass_n20004_cRA_V1_electrode_s10,phase2/results/predictions/full/mixed/resnet/seed_29/bandpass_n20004_cRA_V1_electrode_s10.npz,76208,593ae537c6bbab031d84d4ff2d2cdf9efdea2cf1deadb85fd7f6afe06e53d0bf
resnet,mixed,29,bandpass_n20004_cRA_V1_electrode_s5,phase2/results/predictions/full/mixed/resnet/seed_29/bandpass_n20004_cRA_V1_electrode_s5.npz,75998,c1dd6759606708fda735471f045be991cba9454049528d966eb25ef1c5cda5df
resnet,mixed,29,bandpass_n20004_cRA_V1_electrode_s0,phase2/results/predictions/full/mixed/resnet/seed_29/bandpass_n20004_cRA_V1_electrode_s0.npz,75482,d814997e17036d676bb948c4e7a12bc0ab60d2835b48915f5015042e697e6f6e
resnet,mixed,29,bandpass_n20004_cRA_V1_covariance_s20,phase2/results/predictions/full/mixed/resnet/seed_29/bandpass_n20004_cRA_V1_covariance_s20.npz,76359,fe878bbf9ae468aa8abec9debab3234f872f03d3a925fcb8c89483730852d333
resnet,mixed,29,bandpass_n20004_cRA_V1_covariance_s15,phase2/results/predictions/full/mixed/resnet/seed_29/bandpass_n20004_cRA_V1_covariance_s15.npz,76335,d6a0b4928862b401b7b638093e0a3cdaf5ce02e4c32c82e1a986232d51d980d7
resnet,mixed,29,bandpass_n20004_cRA_V1_covariance_s10,phase2/results/predictions/full/mixed/resnet/seed_29/bandpass_n20004_cRA_V1_covariance_s10.npz,76263,c4c016ba4f6d41c923cd80eb05d69182f4d1ee4cee8cb28de042769050feb229
resnet,mixed,29,bandpass_n20004_cRA_V1_covariance_s5,phase2/results/predictions/full/mixed/resnet/seed_29/bandpass_n20004_cRA_V1_covariance_s5.npz,76018,30763ca19ed26d2684290d9695a9d0934c452884f722eec4589c360c90019459
resnet,mixed,29,bandpass_n20004_cRA_V1_covariance_s0,phase2/results/predictions/full/mixed/resnet/seed_29/bandpass_n20004_cRA_V1_covariance_s0.npz,75437,860ea7b6858cb31cb71c147b94089fcb60b1c0e6f8ea89f1ed55db107910d854
resnet,mixed,29,bandpass_n20004_cLA_V6_independent_rms_s20,phase2/results/predictions/full/mixed/resnet/seed_29/bandpass_n20004_cLA_V6_independent_rms_s20.npz,76379,667ebe04ae1b02ed0f2947b38881e6965ee208271e93428c0ac67aaed12a7035
resnet,mixed,29,bandpass_n20004_cLA_V6_independent_rms_s15,phase2/results/predictions/full/mixed/resnet/seed_29/bandpass_n20004_cLA_V6_independent_rms_s15.npz,76395,afb7deb3b0ad873c5fca41e04a7d6ecfcd8d6d720e9b63022131be458ecf76ea
resnet,mixed,29,bandpass_n20004_cLA_V6_independent_rms_s10,phase2/results/predictions/full/mixed/resnet/seed_29/bandpass_n20004_cLA_V6_independent_rms_s10.npz,76323,e481f50fcebe8d6caeaaa1c9cace376045b744a53821f4925ffb37c3353e6b4a
resnet,mixed,29,bandpass_n20004_cLA_V6_independent_rms_s5,phase2/results/predictions/full/mixed/resnet/seed_29/bandpass_n20004_cLA_V6_independent_rms_s5.npz,76139,05d3e30ee6229375a8a0efae20d4c5ccdd15bd2fa7b080c9ae669fa51e4d63de
resnet,mixed,29,bandpass_n20004_cLA_V6_independent_rms_s0,phase2/results/predictions/full/mixed/resnet/seed_29/bandpass_n20004_cLA_V6_independent_rms_s0.npz,75673,531c9d9992e6ddb380f560a2a8ef467aebc349ebad399dc15de28b8e5c24561c
resnet,mixed,29,bandpass_n20004_cLA_V6_electrode_s20,phase2/results/predictions/full/mixed/resnet/seed_29/bandpass_n20004_cLA_V6_electrode_s20.npz,76354,82909823ddb8fbf6f25703ceff43b0726067de9c40a47ae19bb1b723d70553e6
resnet,mixed,29,bandpass_n20004_cLA_V6_electrode_s15,phase2/results/predictions/full/mixed/resnet/seed_29/bandpass_n20004_cLA_V6_electrode_s15.npz,76353,0b7b297bc4c9015eed99013883b5a9e37424c43c0ec4ced7351a81575fafe74f
resnet,mixed,29,bandpass_n20004_cLA_V6_electrode_s10,phase2/results/predictions/full/mixed/resnet/seed_29/bandpass_n20004_cLA_V6_electrode_s10.npz,76266,9e7788aba31050e880420e4f2dbf851df218f3fb40bf480e979d4b79308f17e9
resnet,mixed,29,bandpass_n20004_cLA_V6_electrode_s5,phase2/results/predictions/full/mixed/resnet/seed_29/bandpass_n20004_cLA_V6_electrode_s5.npz,76057,130790c78723248cc3814c5689af21c747f996438440416b559d605026a59773
resnet,mixed,29,bandpass_n20004_cLA_V6_electrode_s0,phase2/results/predictions/full/mixed/resnet/seed_29/bandpass_n20004_cLA_V6_electrode_s0.npz,75533,8d13b324d8fe795ab9a58e06969bc7ac6f015187e5fc5bc6d0ca0fa709940f77
resnet,mixed,29,bandpass_n20004_cLA_V6_covariance_s20,phase2/results/predictions/full/mixed/resnet/seed_29/bandpass_n20004_cLA_V6_covariance_s20.npz,76386,e1f3beba914b209fcc25b72e7cd19ebd7aab1d6bde19c1651de45a305884be68
resnet,mixed,29,bandpass_n20004_cLA_V6_covariance_s15,phase2/results/predictions/full/mixed/resnet/seed_29/bandpass_n20004_cLA_V6_covariance_s15.npz,76389,a2491cceb242a746f854b7f4694247d28a588ca77e612c07be7f8b9ac532e291
resnet,mixed,29,bandpass_n20004_cLA_V6_covariance_s10,phase2/results/predictions/full/mixed/resnet/seed_29/bandpass_n20004_cLA_V6_covariance_s10.npz,76284,914923a2e924d2072128514a4b3ca362c04f5225683b4ee947a4791668c3bfd5
resnet,mixed,29,bandpass_n20004_cLA_V6_covariance_s5,phase2/results/predictions/full/mixed/resnet/seed_29/bandpass_n20004_cLA_V6_covariance_s5.npz,76067,f6cbd0022834f122ee30890105241a9e4f25809a57e865b8284cb82ab0f310d1
resnet,mixed,29,bandpass_n20004_cLA_V6_covariance_s0,phase2/results/predictions/full/mixed/resnet/seed_29/bandpass_n20004_cLA_V6_covariance_s0.npz,75530,c1a59a26f161bdef8aecadcc20260fabc2d6bf0bbf5e12eceb858c8ab9d3b365
resnet,mixed,29,bandpass_n20004_cLL_V4_independent_rms_s20,phase2/results/predictions/full/mixed/resnet/seed_29/bandpass_n20004_cLL_V4_independent_rms_s20.npz,76415,fc85cd4079ae96f48e113680b15ceafd39bb8c3bbba6de8f34b11b06e8f01a2c
resnet,mixed,29,bandpass_n20004_cLL_V4_independent_rms_s15,phase2/results/predictions/full/mixed/resnet/seed_29/bandpass_n20004_cLL_V4_independent_rms_s15.npz,76412,32a5b05ff49ed9103fe0a799077b3f88c80d180e577d500464c1f5015929a7c8
resnet,mixed,29,bandpass_n20004_cLL_V4_independent_rms_s10,phase2/results/predictions/full/mixed/resnet/seed_29/bandpass_n20004_cLL_V4_independent_rms_s10.npz,76317,f22b97868167bee3519fe2609d3fe93b77b8fa7a7e62434d6e0712e485f04e43
resnet,mixed,29,bandpass_n20004_cLL_V4_independent_rms_s5,phase2/results/predictions/full/mixed/resnet/seed_29/bandpass_n20004_cLL_V4_independent_rms_s5.npz,76110,06815210135eecbabc0183203c8c362837c22954d8b7672149a8732e3c984086
resnet,mixed,29,bandpass_n20004_cLL_V4_independent_rms_s0,phase2/results/predictions/full/mixed/resnet/seed_29/bandpass_n20004_cLL_V4_independent_rms_s0.npz,75711,42ea64a2bc375fe9ea8b018ed8157b39ea0933f6f2ceeccb9f2dc0689cd683fb
resnet,mixed,29,bandpass_n20004_cLL_V4_electrode_s20,phase2/results/predictions/full/mixed/resnet/seed_29/bandpass_n20004_cLL_V4_electrode_s20.npz,76364,1929421603ecbeca5eadd0a34bc9a8ab5c98536cc9091bfa0168b0e96351f230
resnet,mixed,29,bandpass_n20004_cLL_V4_electrode_s15,phase2/results/predictions/full/mixed/resnet/seed_29/bandpass_n20004_cLL_V4_electrode_s15.npz,76328,47c03f496cf49a22c0c7bad85e7f34b2ab40524f693a7c311d2934c1b0940c66
resnet,mixed,29,bandpass_n20004_cLL_V4_electrode_s10,phase2/results/predictions/full/mixed/resnet/seed_29/bandpass_n20004_cLL_V4_electrode_s10.npz,76259,9690fd351cafff76eff127ba0c2bda2ede440d6633d9df28ed43a753ebe9799a
resnet,mixed,29,bandpass_n20004_cLL_V4_electrode_s5,phase2/results/predictions/full/mixed/resnet/seed_29/bandpass_n20004_cLL_V4_electrode_s5.npz,76029,858c26180d5bd6cafbaebb06692b65a4dfc186e6eb2f6c7a55054e5e0944f0a2
resnet,mixed,29,bandpass_n20004_cLL_V4_electrode_s0,phase2/results/predictions/full/mixed/resnet/seed_29/bandpass_n20004_cLL_V4_electrode_s0.npz,75652,4fca4a33bd5a0ada19aef791d17d9c6db903b0c7441c5b0d2dbf4b8083a3d7a5
resnet,mixed,29,bandpass_n20004_cLL_V4_covariance_s20,phase2/results/predictions/full/mixed/resnet/seed_29/bandpass_n20004_cLL_V4_covariance_s20.npz,76389,a069309a971849ed75e2e77d97a07f1b727eabd509823942a5c30bc37c3b19bf
resnet,mixed,29,bandpass_n20004_cLL_V4_covariance_s15,phase2/results/predictions/full/mixed/resnet/seed_29/bandpass_n20004_cLL_V4_covariance_s15.npz,76324,11450ab4b769236c74f891644862931f8ad525fc00518e179ab1651824919f7f
resnet,mixed,29,bandpass_n20004_cLL_V4_covariance_s10,phase2/results/predictions/full/mixed/resnet/seed_29/bandpass_n20004_cLL_V4_covariance_s10.npz,76246,b42c8a8bab22227e1d938139d8e876507b28166506c5e42800b293ddacd28c74
resnet,mixed,29,bandpass_n20004_cLL_V4_covariance_s5,phase2/results/predictions/full/mixed/resnet/seed_29/bandpass_n20004_cLL_V4_covariance_s5.npz,76032,d38100e2c218655bf7fb166b87d921147a0e73537fe89e6d8d54027629d29bbe
resnet,mixed,29,bandpass_n20004_cLL_V4_covariance_s0,phase2/results/predictions/full/mixed/resnet/seed_29/bandpass_n20004_cLL_V4_covariance_s0.npz,75681,aa766c4fe7cabe883ac1bbae4c81a3fda34b136c6332686b948569ab77861b1a
resnet,mixed,29,bandpass_n20004_cRA_LA_V1_V6_independent_rms_s20,phase2/results/predictions/full/mixed/resnet/seed_29/bandpass_n20004_cRA_LA_V1_V6_independent_rms_s20.npz,76432,69f632dfa2565f1d2a336d1dca557b4fc2555779636bd3a13582721064d1c399
resnet,mixed,29,bandpass_n20004_cRA_LA_V1_V6_independent_rms_s15,phase2/results/predictions/full/mixed/resnet/seed_29/bandpass_n20004_cRA_LA_V1_V6_independent_rms_s15.npz,76389,99e12abe3fa8c2c92d29c454e6bc7366d84c44fe59e11197c53ba4496af926ab
resnet,mixed,29,bandpass_n20004_cRA_LA_V1_V6_independent_rms_s10,phase2/results/predictions/full/mixed/resnet/seed_29/bandpass_n20004_cRA_LA_V1_V6_independent_rms_s10.npz,76316,4f02d49618fac6b3d2aefd93d3427bb1b694cae2f33e070920b08958a0181684
resnet,mixed,29,bandpass_n20004_cRA_LA_V1_V6_independent_rms_s5,phase2/results/predictions/full/mixed/resnet/seed_29/bandpass_n20004_cRA_LA_V1_V6_independent_rms_s5.npz,76102,b5e793b3ae2535bd58dcd3235ab461670db433e633efde7027f6a814ef4e9168
resnet,mixed,29,bandpass_n20004_cRA_LA_V1_V6_independent_rms_s0,phase2/results/predictions/full/mixed/resnet/seed_29/bandpass_n20004_cRA_LA_V1_V6_independent_rms_s0.npz,75640,ce50dfbac4a3c711dec69a1147e7c299183884b0e727d371a8f4ae8bea5222e4
resnet,mixed,29,bandpass_n20004_cRA_LA_V1_V6_electrode_s20,phase2/results/predictions/full/mixed/resnet/seed_29/bandpass_n20004_cRA_LA_V1_V6_electrode_s20.npz,76391,4fe24f407a4fcc798b791e16f024039d9e6c888fae96fe99650a2da684f9590d
resnet,mixed,29,bandpass_n20004_cRA_LA_V1_V6_electrode_s15,phase2/results/predictions/full/mixed/resnet/seed_29/bandpass_n20004_cRA_LA_V1_V6_electrode_s15.npz,76370,50302bc5e14b45c6d15f51576be6927fefd01a7e3cd88f4f936b896df3a11cb0
resnet,mixed,29,bandpass_n20004_cRA_LA_V1_V6_electrode_s10,phase2/results/predictions/full/mixed/resnet/seed_29/bandpass_n20004_cRA_LA_V1_V6_electrode_s10.npz,76296,80dcd03e90ea708ea67eba141f7c54edefc4d47835d4e4e7b68bda6d973b0a2f
resnet,mixed,29,bandpass_n20004_cRA_LA_V1_V6_electrode_s5,phase2/results/predictions/full/mixed/resnet/seed_29/bandpass_n20004_cRA_LA_V1_V6_electrode_s5.npz,76035,323e14444ebf9adce118cf0f4ce8fac154618387346f73628c80507511f7ca0e
resnet,mixed,29,bandpass_n20004_cRA_LA_V1_V6_electrode_s0,phase2/results/predictions/full/mixed/resnet/seed_29/bandpass_n20004_cRA_LA_V1_V6_electrode_s0.npz,75459,c72211c5ca20d82855a403f2fa1a962ae8213bb346b3424e66ee471b545b427a
resnet,mixed,29,bandpass_n20004_cRA_LA_V1_V6_covariance_s20,phase2/results/predictions/full/mixed/resnet/seed_29/bandpass_n20004_cRA_LA_V1_V6_covariance_s20.npz,76388,c3137b9f2c796e4989cd0e2f19c443c2debffe6a47ee23d0e2940dae9a2fd80c
resnet,mixed,29,bandpass_n20004_cRA_LA_V1_V6_covariance_s15,phase2/results/predictions/full/mixed/resnet/seed_29/bandpass_n20004_cRA_LA_V1_V6_covariance_s15.npz,76382,e09ab4b84af6bdf3955cdd953d81f9e804a0604558908cfbeef015328f33ec4e
resnet,mixed,29,bandpass_n20004_cRA_LA_V1_V6_covariance_s10,phase2/results/predictions/full/mixed/resnet/seed_29/bandpass_n20004_cRA_LA_V1_V6_covariance_s10.npz,76299,8685961006c917b80f130babd151397d96d0902642c0fd80845f700aff3058a4
resnet,mixed,29,bandpass_n20004_cRA_LA_V1_V6_covariance_s5,phase2/results/predictions/full/mixed/resnet/seed_29/bandpass_n20004_cRA_LA_V1_V6_covariance_s5.npz,76024,51c5e3ed0698a7fe23888fb25069adbe93af4802014e2d64a26f0057f324573b
resnet,mixed,29,bandpass_n20004_cRA_LA_V1_V6_covariance_s0,phase2/results/predictions/full/mixed/resnet/seed_29/bandpass_n20004_cRA_LA_V1_V6_covariance_s0.npz,75483,e455d60909ca486d584b7dcfa40fb844ae0975aadf79e4bbdbac881f2076bdb3
resnet,mixed,29,bandpass_n20004_cRA_V2_V5_independent_rms_s20,phase2/results/predictions/full/mixed/resnet/seed_29/bandpass_n20004_cRA_V2_V5_independent_rms_s20.npz,76359,79fe9e9e5f8841608543906c53930f9fa2e4a9c8e06528341f9e966cc9731612
resnet,mixed,29,bandpass_n20004_cRA_V2_V5_independent_rms_s15,phase2/results/predictions/full/mixed/resnet/seed_29/bandpass_n20004_cRA_V2_V5_independent_rms_s15.npz,76417,62de4e079c32e6f95622fdc324ce2894457a66066f7bc81f8d05d446d2b26005
resnet,mixed,29,bandpass_n20004_cRA_V2_V5_independent_rms_s10,phase2/results/predictions/full/mixed/resnet/seed_29/bandpass_n20004_cRA_V2_V5_independent_rms_s10.npz,76292,9f54924baba4ccf5c8f42c84587152e2fbb0bce2a3fa7ff0266ed5347d59acd4
resnet,mixed,29,bandpass_n20004_cRA_V2_V5_independent_rms_s5,phase2/results/predictions/full/mixed/resnet/seed_29/bandpass_n20004_cRA_V2_V5_independent_rms_s5.npz,76132,7f6c43f646f371a6c233d416c09ffb1e26df7daec87b5d450de343a9c14a0d4b
resnet,mixed,29,bandpass_n20004_cRA_V2_V5_independent_rms_s0,phase2/results/predictions/full/mixed/resnet/seed_29/bandpass_n20004_cRA_V2_V5_independent_rms_s0.npz,75605,d067f0fca0460823aa4f4cdb62cda79288136961796fb59ee3dc4cdf30b20579
resnet,mixed,29,bandpass_n20004_cRA_V2_V5_electrode_s20,phase2/results/predictions/full/mixed/resnet/seed_29/bandpass_n20004_cRA_V2_V5_electrode_s20.npz,76387,36c9b9bc418b3f1303743ea894d96e7dbf5468e4f8978c8ea85684bbe8ac8322
resnet,mixed,29,bandpass_n20004_cRA_V2_V5_electrode_s15,phase2/results/predictions/full/mixed/resnet/seed_29/bandpass_n20004_cRA_V2_V5_electrode_s15.npz,76368,3d33c02e133023ce6679264be496c2da6172dec5a442203c6f8e1782273d236a
resnet,mixed,29,bandpass_n20004_cRA_V2_V5_electrode_s10,phase2/results/predictions/full/mixed/resnet/seed_29/bandpass_n20004_cRA_V2_V5_electrode_s10.npz,76264,cf995804a7c260e2f3ef4a09776406408ce8c31dc12bc88300619d3f4e46aacf
resnet,mixed,29,bandpass_n20004_cRA_V2_V5_electrode_s5,phase2/results/predictions/full/mixed/resnet/seed_29/bandpass_n20004_cRA_V2_V5_electrode_s5.npz,76029,d3025038329410f3a1367c0f93eeebc1565c84ce83957c8f2922c2b273fd8727
resnet,mixed,29,bandpass_n20004_cRA_V2_V5_electrode_s0,phase2/results/predictions/full/mixed/resnet/seed_29/bandpass_n20004_cRA_V2_V5_electrode_s0.npz,75491,4e460b1460ae6e07c6aa5924598fa060b3b7eb8aa8bb12f9384c813eb43c0c52
resnet,mixed,29,bandpass_n20004_cRA_V2_V5_covariance_s20,phase2/results/predictions/full/mixed/resnet/seed_29/bandpass_n20004_cRA_V2_V5_covariance_s20.npz,76358,be45310c1c54c18f0bd5ec62a9f88fe472eea450b85fedfda7bded9ba9b1623a
resnet,mixed,29,bandpass_n20004_cRA_V2_V5_covariance_s15,phase2/results/predictions/full/mixed/resnet/seed_29/bandpass_n20004_cRA_V2_V5_covariance_s15.npz,76391,448d3bca9f305b07ee5850bc1f34f8ec2aa10c8de62bce6f4e71ca7ccb2c82f7
resnet,mixed,29,bandpass_n20004_cRA_V2_V5_covariance_s10,phase2/results/predictions/full/mixed/resnet/seed_29/bandpass_n20004_cRA_V2_V5_covariance_s10.npz,76271,70b905c61bc252606ba99d147b72d013fdccfba81e8dc4fe1cfe225e0ceb5bdd
resnet,mixed,29,bandpass_n20004_cRA_V2_V5_covariance_s5,phase2/results/predictions/full/mixed/resnet/seed_29/bandpass_n20004_cRA_V2_V5_covariance_s5.npz,76006,ded0af10f65791181ddebbf0f5f6f5c80c6629b6b2ee167f5e0fabd4f77e42f0
resnet,mixed,29,bandpass_n20004_cRA_V2_V5_covariance_s0,phase2/results/predictions/full/mixed/resnet/seed_29/bandpass_n20004_cRA_V2_V5_covariance_s0.npz,75486,b7e4b25867f5bd49a1ce11bdae850fa1a6b86774ddb13506a8b6f819ac23c153
resnet,mixed,29,bandpass_n20004_cLA_V3_V6_independent_rms_s20,phase2/results/predictions/full/mixed/resnet/seed_29/bandpass_n20004_cLA_V3_V6_independent_rms_s20.npz,76415,8798d15a21e9b915e5da73199cef495442b14dbb45ad471c6d5b955d638d66ea
resnet,mixed,29,bandpass_n20004_cLA_V3_V6_independent_rms_s15,phase2/results/predictions/full/mixed/resnet/seed_29/bandpass_n20004_cLA_V3_V6_independent_rms_s15.npz,76408,09017ed6dd456480f0152812128b3ad63aea3c83006312c74d2833bc9adbdb96
resnet,mixed,29,bandpass_n20004_cLA_V3_V6_independent_rms_s10,phase2/results/predictions/full/mixed/resnet/seed_29/bandpass_n20004_cLA_V3_V6_independent_rms_s10.npz,76330,29fd549dee4680de737eb8e51eb1ef66797c79adf5aa2f25772765d27c23666f
resnet,mixed,29,bandpass_n20004_cLA_V3_V6_independent_rms_s5,phase2/results/predictions/full/mixed/resnet/seed_29/bandpass_n20004_cLA_V3_V6_independent_rms_s5.npz,76140,c4c2ee439e685c02ef02318a78fd18c628eac4fb7fb278526c7d333345ca0987
resnet,mixed,29,bandpass_n20004_cLA_V3_V6_independent_rms_s0,phase2/results/predictions/full/mixed/resnet/seed_29/bandpass_n20004_cLA_V3_V6_independent_rms_s0.npz,75713,069bc84706ade7bdda0178e3f435ec39f299e799cdd25a6480e70d3c66d103e8
resnet,mixed,29,bandpass_n20004_cLA_V3_V6_electrode_s20,phase2/results/predictions/full/mixed/resnet/seed_29/bandpass_n20004_cLA_V3_V6_electrode_s20.npz,76381,ee07f9a6e7991448d7cf7314434c9ae9db2732549f252a0e24b40179b44738ae
resnet,mixed,29,bandpass_n20004_cLA_V3_V6_electrode_s15,phase2/results/predictions/full/mixed/resnet/seed_29/bandpass_n20004_cLA_V3_V6_electrode_s15.npz,76384,2e71e24f63497ace26d35d9588d41d6bde36f50a76ddf04483fab329e3aace61
resnet,mixed,29,bandpass_n20004_cLA_V3_V6_electrode_s10,phase2/results/predictions/full/mixed/resnet/seed_29/bandpass_n20004_cLA_V3_V6_electrode_s10.npz,76281,bb5015f17a85d5d2a5d1e5f5a12acfa5054ed8c9ea4c2a3543f0e46a687a7c08
resnet,mixed,29,bandpass_n20004_cLA_V3_V6_electrode_s5,phase2/results/predictions/full/mixed/resnet/seed_29/bandpass_n20004_cLA_V3_V6_electrode_s5.npz,76079,ab4a93f0961d7f267415b215bc91a3f499ebd8dc7f716ae3ce2c5b8454b3de57
resnet,mixed,29,bandpass_n20004_cLA_V3_V6_electrode_s0,phase2/results/predictions/full/mixed/resnet/seed_29/bandpass_n20004_cLA_V3_V6_electrode_s0.npz,75571,c11563371d05c19bae2191e8ed63dd687708301d6f7b2448a791470a9c52f7c6
resnet,mixed,29,bandpass_n20004_cLA_V3_V6_covariance_s20,phase2/results/predictions/full/mixed/resnet/seed_29/bandpass_n20004_cLA_V3_V6_covariance_s20.npz,76378,a05d014363f39e3813fe1ba4f5a6ca76b5762822787cdbe5c19a4aeec8da0830
resnet,mixed,29,bandpass_n20004_cLA_V3_V6_covariance_s15,phase2/results/predictions/full/mixed/resnet/seed_29/bandpass_n20004_cLA_V3_V6_covariance_s15.npz,76358,ff6374cd3b6294f342eaa595360a123f51f82c4ddcadca2a1e0c5412f10d4ca5
resnet,mixed,29,bandpass_n20004_cLA_V3_V6_covariance_s10,phase2/results/predictions/full/mixed/resnet/seed_29/bandpass_n20004_cLA_V3_V6_covariance_s10.npz,76294,e524dd62ab7affa4bb970841374b29cdcb7800360610ccb55f62cbd33b9d8058
resnet,mixed,29,bandpass_n20004_cLA_V3_V6_covariance_s5,phase2/results/predictions/full/mixed/resnet/seed_29/bandpass_n20004_cLA_V3_V6_covariance_s5.npz,76079,d1a71ff07fb58fc50b4d115122b9c56078d35e3864124011e14aa15714824dd2
resnet,mixed,29,bandpass_n20004_cLA_V3_V6_covariance_s0,phase2/results/predictions/full/mixed/resnet/seed_29/bandpass_n20004_cLA_V3_V6_covariance_s0.npz,75589,0b46ca4e6fe5a058f22147681b71a529d14f84179c25fd987eb69b75c04938fa
resnet,mixed,29,bandpass_n20004_cLL_V1_V4_independent_rms_s20,phase2/results/predictions/full/mixed/resnet/seed_29/bandpass_n20004_cLL_V1_V4_independent_rms_s20.npz,76410,5aabb2264fe6cd4360220b0bdd983f7f6e671b6d5ea1d6e0690f3e409b1028ba
resnet,mixed,29,bandpass_n20004_cLL_V1_V4_independent_rms_s15,phase2/results/predictions/full/mixed/resnet/seed_29/bandpass_n20004_cLL_V1_V4_independent_rms_s15.npz,76371,93a921cadd2400aba231f9965e6477d822c8d9451f952a10652f7d5fcc3ca1cc
resnet,mixed,29,bandpass_n20004_cLL_V1_V4_independent_rms_s10,phase2/results/predictions/full/mixed/resnet/seed_29/bandpass_n20004_cLL_V1_V4_independent_rms_s10.npz,76318,fe7d0248f16bf45e5147ff8ce160c92191164d7354fa27b4c6055bb635e2997f
resnet,mixed,29,bandpass_n20004_cLL_V1_V4_independent_rms_s5,phase2/results/predictions/full/mixed/resnet/seed_29/bandpass_n20004_cLL_V1_V4_independent_rms_s5.npz,76108,1fa213d152984d5f1c0fb5423fcff761af39db4e64d93a488cae033812d43084
resnet,mixed,29,bandpass_n20004_cLL_V1_V4_independent_rms_s0,phase2/results/predictions/full/mixed/resnet/seed_29/bandpass_n20004_cLL_V1_V4_independent_rms_s0.npz,75663,8fcb71acb24c4f1f6a71bd00fece0eb32051cbc25daeef50f1ad017ff50bee4b
resnet,mixed,29,bandpass_n20004_cLL_V1_V4_electrode_s20,phase2/results/predictions/full/mixed/resnet/seed_29/bandpass_n20004_cLL_V1_V4_electrode_s20.npz,76361,25bef0bb5cceae66fd585c4cc083ed69ad111553a27c7a4a4e734c891e6e552c
resnet,mixed,29,bandpass_n20004_cLL_V1_V4_electrode_s15,phase2/results/predictions/full/mixed/resnet/seed_29/bandpass_n20004_cLL_V1_V4_electrode_s15.npz,76383,8fe3df379ce8241f40eb82e5ccc57b6f2fc78dde854a37264ee8107829c98bbc
resnet,mixed,29,bandpass_n20004_cLL_V1_V4_electrode_s10,phase2/results/predictions/full/mixed/resnet/seed_29/bandpass_n20004_cLL_V1_V4_electrode_s10.npz,76264,30555d96990b0b1da870faa692d45a6d0c8fb1c6c0b122b3d1f8e32a537dfc12
resnet,mixed,29,bandpass_n20004_cLL_V1_V4_electrode_s5,phase2/results/predictions/full/mixed/resnet/seed_29/bandpass_n20004_cLL_V1_V4_electrode_s5.npz,76008,d3ab747875ff1c492a733d123c922c13f36318a956e8d277755ac37c621b8725
resnet,mixed,29,bandpass_n20004_cLL_V1_V4_electrode_s0,phase2/results/predictions/full/mixed/resnet/seed_29/bandpass_n20004_cLL_V1_V4_electrode_s0.npz,75629,588a6501f3966f3ae5786c729664d56b30d70ef6007cdba4276f17e31a297b72
resnet,mixed,29,bandpass_n20004_cLL_V1_V4_covariance_s20,phase2/results/predictions/full/mixed/resnet/seed_29/bandpass_n20004_cLL_V1_V4_covariance_s20.npz,76378,3f232fe6a60c2092b0e0250f8242c5ba2a46e312907b7e87ef563e4621475a34
resnet,mixed,29,bandpass_n20004_cLL_V1_V4_covariance_s15,phase2/results/predictions/full/mixed/resnet/seed_29/bandpass_n20004_cLL_V1_V4_covariance_s15.npz,76388,277e333d8de86af2bd7ee11d2e5f7929fb03443616566c025972b384429ba19d
resnet,mixed,29,bandpass_n20004_cLL_V1_V4_covariance_s10,phase2/results/predictions/full/mixed/resnet/seed_29/bandpass_n20004_cLL_V1_V4_covariance_s10.npz,76238,6cf64d07bd801968c8fd06519773bb215901b0227396894e0f7510297f03cb70
resnet,mixed,29,bandpass_n20004_cLL_V1_V4_covariance_s5,phase2/results/predictions/full/mixed/resnet/seed_29/bandpass_n20004_cLL_V1_V4_covariance_s5.npz,76001,8a84dc10f2d96445d58718bc9cd18a3e54bd935c6c98269be6daa2888a345dcd
resnet,mixed,29,bandpass_n20004_cLL_V1_V4_covariance_s0,phase2/results/predictions/full/mixed/resnet/seed_29/bandpass_n20004_cLL_V1_V4_covariance_s0.npz,75665,c97da494fcc9316db9e00ff5d53fd9b0b9bbd8e78244f291c1bfa10579c910dc
resnet,mixed,29,bandpass_n20004_call_independent_rms_s20,phase2/results/predictions/full/mixed/resnet/seed_29/bandpass_n20004_call_independent_rms_s20.npz,76408,b5f613193df3900c3373019ad6c69631bd13013cf2ed593edb1577a0ad8a67c9
resnet,mixed,29,bandpass_n20004_call_independent_rms_s15,phase2/results/predictions/full/mixed/resnet/seed_29/bandpass_n20004_call_independent_rms_s15.npz,76363,aada6ff6c1b712de42ef0ebe98e85c09f65036c11cdb4f5aff2c8779b76e18f6
resnet,mixed,29,bandpass_n20004_call_independent_rms_s10,phase2/results/predictions/full/mixed/resnet/seed_29/bandpass_n20004_call_independent_rms_s10.npz,76271,733e47b7eb0da1e78ba3026e6b5e19709b1843b661aaacb728bf869c54cd7c03
resnet,mixed,29,bandpass_n20004_call_independent_rms_s5,phase2/results/predictions/full/mixed/resnet/seed_29/bandpass_n20004_call_independent_rms_s5.npz,76091,ecb8f2a2d7dd31f0598111cc5597dd9824ece2075114e673db01e2d44b4a1a92
resnet,mixed,29,bandpass_n20004_call_independent_rms_s0,phase2/results/predictions/full/mixed/resnet/seed_29/bandpass_n20004_call_independent_rms_s0.npz,75654,2869492664c6a5387445c157dea699b804f05cce74665a34fcc181f8e171fb3a
resnet,mixed,29,bandpass_n20004_call_electrode_s20,phase2/results/predictions/full/mixed/resnet/seed_29/bandpass_n20004_call_electrode_s20.npz,76339,ac437c61bd0b00ddab28abaa27ffea5f4c27b585151cf9bc136e609168532ff7
resnet,mixed,29,bandpass_n20004_call_electrode_s15,phase2/results/predictions/full/mixed/resnet/seed_29/bandpass_n20004_call_electrode_s15.npz,76304,818e8f7d798fb204e4a3e1cbd4c21ee4c4ce72c2954e97456ddeee0bab961968
resnet,mixed,29,bandpass_n20004_call_electrode_s10,phase2/results/predictions/full/mixed/resnet/seed_29/bandpass_n20004_call_electrode_s10.npz,76219,5922f8a7448aa5b578f7cbc1f59af053436d5385100b8ba5ac0f5a0b7abcedbd
resnet,mixed,29,bandpass_n20004_call_electrode_s5,phase2/results/predictions/full/mixed/resnet/seed_29/bandpass_n20004_call_electrode_s5.npz,75978,e5d4bc46c93229f0bb59b570545651c414755bce5295fb061989e84f899abf05
resnet,mixed,29,bandpass_n20004_call_electrode_s0,phase2/results/predictions/full/mixed/resnet/seed_29/bandpass_n20004_call_electrode_s0.npz,75498,f384f620a2f1d05ba31d78aa59f08096f08a7bd7dca357715334ef0214f0d363
resnet,mixed,29,bandpass_n20004_call_covariance_s20,phase2/results/predictions/full/mixed/resnet/seed_29/bandpass_n20004_call_covariance_s20.npz,76354,9878a9c5f78c94b820727ecd398da9e31c2f3f448b5b5b6df110a476d8791ef5
resnet,mixed,29,bandpass_n20004_call_covariance_s15,phase2/results/predictions/full/mixed/resnet/seed_29/bandpass_n20004_call_covariance_s15.npz,76343,d960c1ebd81f253845aae9750a167306cd74a2e3b547551d21699a4af6fc9eaf
resnet,mixed,29,bandpass_n20004_call_covariance_s10,phase2/results/predictions/full/mixed/resnet/seed_29/bandpass_n20004_call_covariance_s10.npz,76241,4321691a4ecd790fde334dc8e0c036d904d05f3015ff2eff3fdb269a9f4c6ed8
resnet,mixed,29,bandpass_n20004_call_covariance_s5,phase2/results/predictions/full/mixed/resnet/seed_29/bandpass_n20004_call_covariance_s5.npz,76015,2e2ffcc5176456051eadbb1babe81611182b6e2d42c9dafb8bf50fc1acbc1da7
resnet,mixed,29,bandpass_n20004_call_covariance_s0,phase2/results/predictions/full/mixed/resnet/seed_29/bandpass_n20004_call_covariance_s0.npz,75470,300f608624ea6e45d16db0de5f56041953ba0782dd910f095c085fd7ddbb07b5
resnet,mixed,29,bandpass_n20005_cRA_LA_LL_independent_rms_s20,phase2/results/predictions/full/mixed/resnet/seed_29/bandpass_n20005_cRA_LA_LL_independent_rms_s20.npz,76392,41f1e1c4a31449ac98e0561109a0649ae3a2f52391127dfd494101a7dcbf6b95
resnet,mixed,29,bandpass_n20005_cRA_LA_LL_independent_rms_s15,phase2/results/predictions/full/mixed/resnet/seed_29/bandpass_n20005_cRA_LA_LL_independent_rms_s15.npz,76381,4b6fce3c972c15e1e2a42374ff545b51d5ddbc3a66a34a67d63f853d094e9647
resnet,mixed,29,bandpass_n20005_cRA_LA_LL_independent_rms_s10,phase2/results/predictions/full/mixed/resnet/seed_29/bandpass_n20005_cRA_LA_LL_independent_rms_s10.npz,76277,d9ba4689ddf2598243ef04244cebc551d50a70072f136024248bc3eef364c0fd
resnet,mixed,29,bandpass_n20005_cRA_LA_LL_independent_rms_s5,phase2/results/predictions/full/mixed/resnet/seed_29/bandpass_n20005_cRA_LA_LL_independent_rms_s5.npz,76101,ae43b7537e7cb8f57a29a3ebc0375bc0987a360c603c8a4cf6d5415833a47f41
resnet,mixed,29,bandpass_n20005_cRA_LA_LL_independent_rms_s0,phase2/results/predictions/full/mixed/resnet/seed_29/bandpass_n20005_cRA_LA_LL_independent_rms_s0.npz,75612,0666794be4f3bcc20613d180bb6ae8d93a9ee1ba1bb7a39f8c5a33452d7d369d
resnet,mixed,29,bandpass_n20005_cRA_LA_LL_electrode_s20,phase2/results/predictions/full/mixed/resnet/seed_29/bandpass_n20005_cRA_LA_LL_electrode_s20.npz,76351,20990df132a11b54c27d07a46f1aa875ee30866c0eca7a5e6cd0254282917c25
resnet,mixed,29,bandpass_n20005_cRA_LA_LL_electrode_s15,phase2/results/predictions/full/mixed/resnet/seed_29/bandpass_n20005_cRA_LA_LL_electrode_s15.npz,76315,783bab9ce6bee410484111678df83255b1623ea5568b2fdd94366aa5f184f4e6
resnet,mixed,29,bandpass_n20005_cRA_LA_LL_electrode_s10,phase2/results/predictions/full/mixed/resnet/seed_29/bandpass_n20005_cRA_LA_LL_electrode_s10.npz,76236,77e4856739228a415763b5d8705e853d08ea24fd04ae2e90a2a8396e8cd4bfb4
resnet,mixed,29,bandpass_n20005_cRA_LA_LL_electrode_s5,phase2/results/predictions/full/mixed/resnet/seed_29/bandpass_n20005_cRA_LA_LL_electrode_s5.npz,75977,ab2157874f5a829a970b7b2ed5dbfb6cf43672f2b9ae6964db26f97f8b71c9e5
resnet,mixed,29,bandpass_n20005_cRA_LA_LL_electrode_s0,phase2/results/predictions/full/mixed/resnet/seed_29/bandpass_n20005_cRA_LA_LL_electrode_s0.npz,75439,5b6bea3a5f5962a44b2f3a1842a2f89dadf289a7ec5563598fb1d9384f2630a8
resnet,mixed,29,bandpass_n20005_cRA_LA_LL_covariance_s20,phase2/results/predictions/full/mixed/resnet/seed_29/bandpass_n20005_cRA_LA_LL_covariance_s20.npz,76401,ae21ed2c4dfadab2e72afaca792402c6085e67584718b5e8b53d7fed43a98a9f
resnet,mixed,29,bandpass_n20005_cRA_LA_LL_covariance_s15,phase2/results/predictions/full/mixed/resnet/seed_29/bandpass_n20005_cRA_LA_LL_covariance_s15.npz,76340,698bcfbef97b8eebebede57ffb31140c540f0132ac0576564e6478b809c02c56
resnet,mixed,29,bandpass_n20005_cRA_LA_LL_covariance_s10,phase2/results/predictions/full/mixed/resnet/seed_29/bandpass_n20005_cRA_LA_LL_covariance_s10.npz,76235,24b0e76d863baa29f712bdddd5b34826cf67d8de6c001ea7337cf95c8b2ec4c3
resnet,mixed,29,bandpass_n20005_cRA_LA_LL_covariance_s5,phase2/results/predictions/full/mixed/resnet/seed_29/bandpass_n20005_cRA_LA_LL_covariance_s5.npz,75974,0b7b5905a6727d53c28b9978b185a7ce84b3ff9a8589c2771d8dab9cc6bfbf6e
resnet,mixed,29,bandpass_n20005_cRA_LA_LL_covariance_s0,phase2/results/predictions/full/mixed/resnet/seed_29/bandpass_n20005_cRA_LA_LL_covariance_s0.npz,75492,43ac2d023ab4d0c7d84b5cc4ba74ccdc1e2085d215b61f4b5be801524419deee
resnet,mixed,29,bandpass_n20005_cV1_independent_rms_s20,phase2/results/predictions/full/mixed/resnet/seed_29/bandpass_n20005_cV1_independent_rms_s20.npz,76377,cae464a237a0800f21802f614d9b23431f7790592baf6da4a33a585d9219e2d5
resnet,mixed,29,bandpass_n20005_cV1_independent_rms_s15,phase2/results/predictions/full/mixed/resnet/seed_29/bandpass_n20005_cV1_independent_rms_s15.npz,76343,dd3c84a83a9481e3b833327d886501a623b9ee157384464990b9ea576f2e791e
resnet,mixed,29,bandpass_n20005_cV1_independent_rms_s10,phase2/results/predictions/full/mixed/resnet/seed_29/bandpass_n20005_cV1_independent_rms_s10.npz,76259,b22160f5b168308c45db79e3ecdd7ee9cdc0ce79bc568237b45cba8a7954526b
resnet,mixed,29,bandpass_n20005_cV1_independent_rms_s5,phase2/results/predictions/full/mixed/resnet/seed_29/bandpass_n20005_cV1_independent_rms_s5.npz,76069,0a4706bc2a19f1186ec74ac24e5baac40d2385845077a5e56417d3cf9ec09893
resnet,mixed,29,bandpass_n20005_cV1_independent_rms_s0,phase2/results/predictions/full/mixed/resnet/seed_29/bandpass_n20005_cV1_independent_rms_s0.npz,75557,04cc5eaa363a9e8486827f8e63953501ab6389ac0434ce953d93793ce2681472
resnet,mixed,29,bandpass_n20005_cV1_electrode_s20,phase2/results/predictions/full/mixed/resnet/seed_29/bandpass_n20005_cV1_electrode_s20.npz,76388,4bcd9a7f7baef74e21501892e3e174ea5a24de85a0824006d13961f0e0cc1d7a
resnet,mixed,29,bandpass_n20005_cV1_electrode_s15,phase2/results/predictions/full/mixed/resnet/seed_29/bandpass_n20005_cV1_electrode_s15.npz,76342,b09e58c4b3f03fb666c446710e36416c210546b95552ed869df7c5dc68c96a23
resnet,mixed,29,bandpass_n20005_cV1_electrode_s10,phase2/results/predictions/full/mixed/resnet/seed_29/bandpass_n20005_cV1_electrode_s10.npz,76309,b247c024976f5cd3fcf789e6dc8d0a037a5151308a930a5d8b96ce6f202d17b3
resnet,mixed,29,bandpass_n20005_cV1_electrode_s5,phase2/results/predictions/full/mixed/resnet/seed_29/bandpass_n20005_cV1_electrode_s5.npz,76043,69a3e4a4a27c15490bfe04dd1d8897e799bae49490c83be913ac3e1d7800c573
resnet,mixed,29,bandpass_n20005_cV1_electrode_s0,phase2/results/predictions/full/mixed/resnet/seed_29/bandpass_n20005_cV1_electrode_s0.npz,75540,fde3537663fd4be21c4935571b2c9feb564b09dad3793a7149d19c0d7dfada8d
resnet,mixed,29,bandpass_n20005_cV1_covariance_s20,phase2/results/predictions/full/mixed/resnet/seed_29/bandpass_n20005_cV1_covariance_s20.npz,76355,84bbcb70535d4c7ca4c46a386cdc0d3f851148b2eddcf19e3046eda815884a15
resnet,mixed,29,bandpass_n20005_cV1_covariance_s15,phase2/results/predictions/full/mixed/resnet/seed_29/bandpass_n20005_cV1_covariance_s15.npz,76331,6e4f96dae27a0bb07254b560e474ef8a6088003ed594983a5f5979d7a9c7f735
resnet,mixed,29,bandpass_n20005_cV1_covariance_s10,phase2/results/predictions/full/mixed/resnet/seed_29/bandpass_n20005_cV1_covariance_s10.npz,76263,a1775f52ba9e9ebd204cc8bce7d3ca706771a3a5ba966047195c87ef5aa728e4
resnet,mixed,29,bandpass_n20005_cV1_covariance_s5,phase2/results/predictions/full/mixed/resnet/seed_29/bandpass_n20005_cV1_covariance_s5.npz,76045,9a7eb7773ae0f3c39e92ed15a2b1e752263d9f44391fa28a3c7f377e9eb1c767
resnet,mixed,29,bandpass_n20005_cV1_covariance_s0,phase2/results/predictions/full/mixed/resnet/seed_29/bandpass_n20005_cV1_covariance_s0.npz,75536,75959ab8682e1dfa6ad4447a304be233df805516b18083dd48e67e7fcc7aa0bc
resnet,mixed,29,bandpass_n20005_cV2_independent_rms_s20,phase2/results/predictions/full/mixed/resnet/seed_29/bandpass_n20005_cV2_independent_rms_s20.npz,76409,c7c1823314c6e3cc4b61ce578be7ad9446b682911a2491e2a0d3ea268f6e5394
resnet,mixed,29,bandpass_n20005_cV2_independent_rms_s15,phase2/results/predictions/full/mixed/resnet/seed_29/bandpass_n20005_cV2_independent_rms_s15.npz,76392,d752e31ae83ce2d9e155f24764b718301f12a9a6ee409ec330d3e1c5751be4ed
resnet,mixed,29,bandpass_n20005_cV2_independent_rms_s10,phase2/results/predictions/full/mixed/resnet/seed_29/bandpass_n20005_cV2_independent_rms_s10.npz,76308,a48c8d94509e5a5dc380bcf8da029447624f0de51661136baf51f9d9196a934c
resnet,mixed,29,bandpass_n20005_cV2_independent_rms_s5,phase2/results/predictions/full/mixed/resnet/seed_29/bandpass_n20005_cV2_independent_rms_s5.npz,76079,1f15055423985863257060e70a18031c7a86d36171fe26507d387a795c3ab2cf
resnet,mixed,29,bandpass_n20005_cV2_independent_rms_s0,phase2/results/predictions/full/mixed/resnet/seed_29/bandpass_n20005_cV2_independent_rms_s0.npz,75580,ba68312f28d68f55c62ee7fc50c3fa08e4a538c8ca32d80f270022aa9eeb2da7
resnet,mixed,29,bandpass_n20005_cV2_electrode_s20,phase2/results/predictions/full/mixed/resnet/seed_29/bandpass_n20005_cV2_electrode_s20.npz,76324,c954839c6b73ff9b9599a6be21c6d607d94e08b44954cda2c3606611b41c96d0
resnet,mixed,29,bandpass_n20005_cV2_electrode_s15,phase2/results/predictions/full/mixed/resnet/seed_29/bandpass_n20005_cV2_electrode_s15.npz,76317,cacc7ee7996e9b52289166a6bbd7bfba26e887a9ce9c560b0840e395bc2b1a20
resnet,mixed,29,bandpass_n20005_cV2_electrode_s10,phase2/results/predictions/full/mixed/resnet/seed_29/bandpass_n20005_cV2_electrode_s10.npz,76294,5fec6da16b2921721a8848672a8edd1f950f98623bc16f08f069cbe005f8ce9e
resnet,mixed,29,bandpass_n20005_cV2_electrode_s5,phase2/results/predictions/full/mixed/resnet/seed_29/bandpass_n20005_cV2_electrode_s5.npz,76061,71b1d725cafe196f88d23abcefd7150e41d8d7bcaffac775ba5c571b43c1ac36
resnet,mixed,29,bandpass_n20005_cV2_electrode_s0,phase2/results/predictions/full/mixed/resnet/seed_29/bandpass_n20005_cV2_electrode_s0.npz,75565,5bda2a64b9d533890f9726449b4e8e25b5be7a22b47a03454831b7827c781c9a
resnet,mixed,29,bandpass_n20005_cV2_covariance_s20,phase2/results/predictions/full/mixed/resnet/seed_29/bandpass_n20005_cV2_covariance_s20.npz,76368,df809be6b441e98951439073856761d738b63843f07921883db73101f72b6f9e
resnet,mixed,29,bandpass_n20005_cV2_covariance_s15,phase2/results/predictions/full/mixed/resnet/seed_29/bandpass_n20005_cV2_covariance_s15.npz,76338,885863427772f617e62aa2a280e378101a24f8b60503d9c5cf4fdd6d51e1b2b3
resnet,mixed,29,bandpass_n20005_cV2_covariance_s10,phase2/results/predictions/full/mixed/resnet/seed_29/bandpass_n20005_cV2_covariance_s10.npz,76298,47349c22e590f65737ab9f1d91d1e38654eb59c47477e7775144c473ffe6e976
resnet,mixed,29,bandpass_n20005_cV2_covariance_s5,phase2/results/predictions/full/mixed/resnet/seed_29/bandpass_n20005_cV2_covariance_s5.npz,76098,9d25c9cc30ead499ee6cf699647e09e664c1366ca15b7094c3536b0f5192cffa
resnet,mixed,29,bandpass_n20005_cV2_covariance_s0,phase2/results/predictions/full/mixed/resnet/seed_29/bandpass_n20005_cV2_covariance_s0.npz,75543,9bddd49d34f52b6abddc25147d0628b15050e9e70f525b60f71ff943ddf7af04
resnet,mixed,29,bandpass_n20005_cV3_independent_rms_s20,phase2/results/predictions/full/mixed/resnet/seed_29/bandpass_n20005_cV3_independent_rms_s20.npz,76409,3425361c9839097cb1bcc1f29f22f2f7569f83f75e4ca9bcad888929610f0c23
resnet,mixed,29,bandpass_n20005_cV3_independent_rms_s15,phase2/results/predictions/full/mixed/resnet/seed_29/bandpass_n20005_cV3_independent_rms_s15.npz,76369,1cfc789bf385e02d7230b2a89b6a26dd19bd2db04987550157ce3be7f2c1f3bc
resnet,mixed,29,bandpass_n20005_cV3_independent_rms_s10,phase2/results/predictions/full/mixed/resnet/seed_29/bandpass_n20005_cV3_independent_rms_s10.npz,76333,3583b8a4b5c6dba4f282c6b8616b9cb06a710b0cdee3f71cffc34214807bf270
resnet,mixed,29,bandpass_n20005_cV3_independent_rms_s5,phase2/results/predictions/full/mixed/resnet/seed_29/bandpass_n20005_cV3_independent_rms_s5.npz,76232,e79a8f48448e201b2253b171ef1284c58d7d29c1c56c6e352ae7082343a7e14c
resnet,mixed,29,bandpass_n20005_cV3_independent_rms_s0,phase2/results/predictions/full/mixed/resnet/seed_29/bandpass_n20005_cV3_independent_rms_s0.npz,75915,c56b24a9589d05b4988519a90880ae51b816a975741fbfe26d2503835ae0dfb9
resnet,mixed,29,bandpass_n20005_cV3_electrode_s20,phase2/results/predictions/full/mixed/resnet/seed_29/bandpass_n20005_cV3_electrode_s20.npz,76377,09d1f7cd2f84df32f25bd686ff4ce722fb81558102cf1e233e37b86d7fc1d579
resnet,mixed,29,bandpass_n20005_cV3_electrode_s15,phase2/results/predictions/full/mixed/resnet/seed_29/bandpass_n20005_cV3_electrode_s15.npz,76362,3fa5ba111d77d337e75a5a017e2ccd7248cfe22be111ef8a4e8eea4b8bd7dd8f
resnet,mixed,29,bandpass_n20005_cV3_electrode_s10,phase2/results/predictions/full/mixed/resnet/seed_29/bandpass_n20005_cV3_electrode_s10.npz,76339,a610482f1b431a56364d00ca543fef78ac90cd751c70171b02499ac46f28e944
resnet,mixed,29,bandpass_n20005_cV3_electrode_s5,phase2/results/predictions/full/mixed/resnet/seed_29/bandpass_n20005_cV3_electrode_s5.npz,76186,ce9ed95717ddb6c8b9891bd567e36b82ab7bb171dd1a6ad5217c340bb2831f81
resnet,mixed,29,bandpass_n20005_cV3_electrode_s0,phase2/results/predictions/full/mixed/resnet/seed_29/bandpass_n20005_cV3_electrode_s0.npz,75911,b870a05b2650f04ebeb30bc10feb96cc56cb201d3f70356dd211269bd709ff98
resnet,mixed,29,bandpass_n20005_cV3_covariance_s20,phase2/results/predictions/full/mixed/resnet/seed_29/bandpass_n20005_cV3_covariance_s20.npz,76385,54bdf758d4ce71cb8185c18c4868e9e43a54add9bcf743866041d7b7c479fe53
resnet,mixed,29,bandpass_n20005_cV3_covariance_s15,phase2/results/predictions/full/mixed/resnet/seed_29/bandpass_n20005_cV3_covariance_s15.npz,76336,e9b239c45d95f1dd723afc4c83fb8139401bc18460f4713320684e037d2a7186
resnet,mixed,29,bandpass_n20005_cV3_covariance_s10,phase2/results/predictions/full/mixed/resnet/seed_29/bandpass_n20005_cV3_covariance_s10.npz,76322,ec6dddf15531fed393ac306382478d3dfd94733eb5900f90c9dc83b664f747c4
resnet,mixed,29,bandpass_n20005_cV3_covariance_s5,phase2/results/predictions/full/mixed/resnet/seed_29/bandpass_n20005_cV3_covariance_s5.npz,76222,f4ea2ae3efe2ba204a2666fe253b6042bb7be0d40b03f8faaf24cc8e8723cb09
resnet,mixed,29,bandpass_n20005_cV3_covariance_s0,phase2/results/predictions/full/mixed/resnet/seed_29/bandpass_n20005_cV3_covariance_s0.npz,75882,3210904aec8ee44de09101c13c3c11c8b77470368ab489c6a3adca8c324ce041
resnet,mixed,29,bandpass_n20005_cV4_independent_rms_s20,phase2/results/predictions/full/mixed/resnet/seed_29/bandpass_n20005_cV4_independent_rms_s20.npz,76324,fd25e1c38d1f03cd13a13d3e2426b362296e8fe8cd37d37a1ab50adca4e11651
resnet,mixed,29,bandpass_n20005_cV4_independent_rms_s15,phase2/results/predictions/full/mixed/resnet/seed_29/bandpass_n20005_cV4_independent_rms_s15.npz,76370,8c5e26d1103f70ac051a88baca66e511c2c181f6f7a1f10aabf2aa5fe149fdde
resnet,mixed,29,bandpass_n20005_cV4_independent_rms_s10,phase2/results/predictions/full/mixed/resnet/seed_29/bandpass_n20005_cV4_independent_rms_s10.npz,76330,74ca079bc35beb2b6b822e2addf5970a6aaa344e988654ca91f875ff3840b6c9
resnet,mixed,29,bandpass_n20005_cV4_independent_rms_s5,phase2/results/predictions/full/mixed/resnet/seed_29/bandpass_n20005_cV4_independent_rms_s5.npz,76195,9b780afb494aef61f62078a2782db8ab04f41155789d4b905041c5acf9830800
resnet,mixed,29,bandpass_n20005_cV4_independent_rms_s0,phase2/results/predictions/full/mixed/resnet/seed_29/bandpass_n20005_cV4_independent_rms_s0.npz,75840,24cb80d3c881ec36b8401c21c0c03896e0fb12f30f936b6db22db4060f871a09
resnet,mixed,29,bandpass_n20005_cV4_electrode_s20,phase2/results/predictions/full/mixed/resnet/seed_29/bandpass_n20005_cV4_electrode_s20.npz,76364,c8eed99279a6ae10c3956a37c1c7a59ab6a86b585365d1b3c5a53c7a7969c2e2
resnet,mixed,29,bandpass_n20005_cV4_electrode_s15,phase2/results/predictions/full/mixed/resnet/seed_29/bandpass_n20005_cV4_electrode_s15.npz,76347,8123bdd767a52208fac26204d9f9ca039297b8dca297229f69bc2f1c55ef62fd
resnet,mixed,29,bandpass_n20005_cV4_electrode_s10,phase2/results/predictions/full/mixed/resnet/seed_29/bandpass_n20005_cV4_electrode_s10.npz,76329,1e18bf663694796d4f004f6275c74df774a2147024ec479d9bb95f8901d0cf89
resnet,mixed,29,bandpass_n20005_cV4_electrode_s5,phase2/results/predictions/full/mixed/resnet/seed_29/bandpass_n20005_cV4_electrode_s5.npz,76173,c85b60e684c7f86034a3840d6757d1cfc604cd272f72ec85ef33d3bcc9f4abdb
resnet,mixed,29,bandpass_n20005_cV4_electrode_s0,phase2/results/predictions/full/mixed/resnet/seed_29/bandpass_n20005_cV4_electrode_s0.npz,75824,8b6e02aa7c0b14d1d84995dfc40e8a4efec7d23c2563fb56e3e3ad6b1cb6e941
resnet,mixed,29,bandpass_n20005_cV4_covariance_s20,phase2/results/predictions/full/mixed/resnet/seed_29/bandpass_n20005_cV4_covariance_s20.npz,76385,ab93bbf408953281c211f9e3c12e6cb83d9cad76e81c2c0982fb11b599b1c886
resnet,mixed,29,bandpass_n20005_cV4_covariance_s15,phase2/results/predictions/full/mixed/resnet/seed_29/bandpass_n20005_cV4_covariance_s15.npz,76354,e168d3397f24075a36dd327f749b6a25759dfcf9713861fe1f94370a06a05acd
resnet,mixed,29,bandpass_n20005_cV4_covariance_s10,phase2/results/predictions/full/mixed/resnet/seed_29/bandpass_n20005_cV4_covariance_s10.npz,76305,f83de0ad613e8ea2e85b5cbe7b0fab35b242b461f16109e0903b5bfd5f2f6144
resnet,mixed,29,bandpass_n20005_cV4_covariance_s5,phase2/results/predictions/full/mixed/resnet/seed_29/bandpass_n20005_cV4_covariance_s5.npz,76197,af38469d1e2caa5484249fc236b2f39db1753c4bb6a5667147fdaf0af29cfe0e
resnet,mixed,29,bandpass_n20005_cV4_covariance_s0,phase2/results/predictions/full/mixed/resnet/seed_29/bandpass_n20005_cV4_covariance_s0.npz,75818,a36556a91ee70acc1b45871c13fd5a97824869befbd26a5a224498b29203d9e7
resnet,mixed,29,bandpass_n20005_cV5_independent_rms_s20,phase2/results/predictions/full/mixed/resnet/seed_29/bandpass_n20005_cV5_independent_rms_s20.npz,76388,c28b7e015f5908a9030c1ce961dc0a784aa465750f2ee17440d400ef577c9fd5
resnet,mixed,29,bandpass_n20005_cV5_independent_rms_s15,phase2/results/predictions/full/mixed/resnet/seed_29/bandpass_n20005_cV5_independent_rms_s15.npz,76351,9d9a6c7367ae6a19f9f49190afe6e6509c724bd4df05b4b8fc37a2c3a1338927
resnet,mixed,29,bandpass_n20005_cV5_independent_rms_s10,phase2/results/predictions/full/mixed/resnet/seed_29/bandpass_n20005_cV5_independent_rms_s10.npz,76264,70e265dc731d95fc87b0040cc78980cc6aca0684056e1ab8b01295cc776f2b44
resnet,mixed,29,bandpass_n20005_cV5_independent_rms_s5,phase2/results/predictions/full/mixed/resnet/seed_29/bandpass_n20005_cV5_independent_rms_s5.npz,76112,3f58d4dcf57b64769cf4efea52e4ba90c7c2c7566ce5045c9cdd61e55c90a951
resnet,mixed,29,bandpass_n20005_cV5_independent_rms_s0,phase2/results/predictions/full/mixed/resnet/seed_29/bandpass_n20005_cV5_independent_rms_s0.npz,75626,016a92564ada331f0ce2a667b62fc6205e4816d1e180139fc49991371fa65be3
resnet,mixed,29,bandpass_n20005_cV5_electrode_s20,phase2/results/predictions/full/mixed/resnet/seed_29/bandpass_n20005_cV5_electrode_s20.npz,76347,5dfe9e8ef8198c78552dcebb3bd267350274a499cddfbe7381b245d05974e1b6
resnet,mixed,29,bandpass_n20005_cV5_electrode_s15,phase2/results/predictions/full/mixed/resnet/seed_29/bandpass_n20005_cV5_electrode_s15.npz,76345,848ff0d47ff341078da545450d70770caa3f2c4ca83830dbdcfd77566e3d5693
resnet,mixed,29,bandpass_n20005_cV5_electrode_s10,phase2/results/predictions/full/mixed/resnet/seed_29/bandpass_n20005_cV5_electrode_s10.npz,76278,a001690dd170165d186a2ae72957d7085ea5b1ca75a8c990a3a79b434c3fc2f5
resnet,mixed,29,bandpass_n20005_cV5_electrode_s5,phase2/results/predictions/full/mixed/resnet/seed_29/bandpass_n20005_cV5_electrode_s5.npz,76126,4ac69fb52ee500001f3d1338699e313c33713e8bdda2a6203f418d4eefc67600
resnet,mixed,29,bandpass_n20005_cV5_electrode_s0,phase2/results/predictions/full/mixed/resnet/seed_29/bandpass_n20005_cV5_electrode_s0.npz,75621,28e4edc8ba2164631645870cf11bd64d99062467d354dcbe36aeac99fab5a897
resnet,mixed,29,bandpass_n20005_cV5_covariance_s20,phase2/results/predictions/full/mixed/resnet/seed_29/bandpass_n20005_cV5_covariance_s20.npz,76345,3130e1e17dcee2233f3aa0603137ca752719e134132be34df5aa8e949b6d5f7e
resnet,mixed,29,bandpass_n20005_cV5_covariance_s15,phase2/results/predictions/full/mixed/resnet/seed_29/bandpass_n20005_cV5_covariance_s15.npz,76334,94c76a84835e0bfb4fa40f37d314b36acc7ff41cda87dae31fce99a1d6c8ef92
resnet,mixed,29,bandpass_n20005_cV5_covariance_s10,phase2/results/predictions/full/mixed/resnet/seed_29/bandpass_n20005_cV5_covariance_s10.npz,76297,7fbf4afd89ed9be731988a86fe1fe30fe0292a732d1f8837104adbfaf23372cb
resnet,mixed,29,bandpass_n20005_cV5_covariance_s5,phase2/results/predictions/full/mixed/resnet/seed_29/bandpass_n20005_cV5_covariance_s5.npz,76111,843d4d110bfab54fdb2a7dfe20be2f794c79964cadc7c686c8ec2265f3cf35e8
resnet,mixed,29,bandpass_n20005_cV5_covariance_s0,phase2/results/predictions/full/mixed/resnet/seed_29/bandpass_n20005_cV5_covariance_s0.npz,75597,0723bfa738e14d0c3ffede55087ba16955159e3a91b6b96eb7b43e0db04826cf
resnet,mixed,29,bandpass_n20005_cV6_independent_rms_s20,phase2/results/predictions/full/mixed/resnet/seed_29/bandpass_n20005_cV6_independent_rms_s20.npz,76415,b57a437a6483432f17ce20f4a9aef0035a160a3b6a96b8b3b7786c4095da2cd7
resnet,mixed,29,bandpass_n20005_cV6_independent_rms_s15,phase2/results/predictions/full/mixed/resnet/seed_29/bandpass_n20005_cV6_independent_rms_s15.npz,76360,518e728afec0c50caa80a8f4b07d193af209ac9ba9718f8acda774f230bbc5d2
resnet,mixed,29,bandpass_n20005_cV6_independent_rms_s10,phase2/results/predictions/full/mixed/resnet/seed_29/bandpass_n20005_cV6_independent_rms_s10.npz,76309,334685fdc7f833a13927469230a4c04859dee996e0545bf7b19eba369b79efc6
resnet,mixed,29,bandpass_n20005_cV6_independent_rms_s5,phase2/results/predictions/full/mixed/resnet/seed_29/bandpass_n20005_cV6_independent_rms_s5.npz,76146,f7f1748ceec151bf7c8a5a55f10ac9e3978f54411982e4826d6bc9d867cbf5d1
resnet,mixed,29,bandpass_n20005_cV6_independent_rms_s0,phase2/results/predictions/full/mixed/resnet/seed_29/bandpass_n20005_cV6_independent_rms_s0.npz,75796,68531a2f9ffe1f2f95fb264bef983fe6bd339ca870d8b2a4076fd13c4968eefd
resnet,mixed,29,bandpass_n20005_cV6_electrode_s20,phase2/results/predictions/full/mixed/resnet/seed_29/bandpass_n20005_cV6_electrode_s20.npz,76353,4c584ba9c3124d88d71dcc0a6548981ebb120f933b474f871a2d39be15f5777b
resnet,mixed,29,bandpass_n20005_cV6_electrode_s15,phase2/results/predictions/full/mixed/resnet/seed_29/bandpass_n20005_cV6_electrode_s15.npz,76345,2951124f1e8a5abf9fa59ad9089aa7220829215fc19944db4782e29d498e5eeb
resnet,mixed,29,bandpass_n20005_cV6_electrode_s10,phase2/results/predictions/full/mixed/resnet/seed_29/bandpass_n20005_cV6_electrode_s10.npz,76311,0399f38dcc571c68389c93f38c1650f8d672843bf191f97fc569fae2c6a6aa6f
resnet,mixed,29,bandpass_n20005_cV6_electrode_s5,phase2/results/predictions/full/mixed/resnet/seed_29/bandpass_n20005_cV6_electrode_s5.npz,76154,2b17d90777de240e5aa304db5ad3935642c581cb0228c3db5e2fb43dfa210f2f
resnet,mixed,29,bandpass_n20005_cV6_electrode_s0,phase2/results/predictions/full/mixed/resnet/seed_29/bandpass_n20005_cV6_electrode_s0.npz,75772,b575d4c68d1ba74126bc9f957beabd90a0d5fa6f236dc80011723d2bad9d352e
resnet,mixed,29,bandpass_n20005_cV6_covariance_s20,phase2/results/predictions/full/mixed/resnet/seed_29/bandpass_n20005_cV6_covariance_s20.npz,76378,46f1bcc7f0cb314bd98dcf14fb051c8b51fbd7dbd0253a624a2909e800b3f18e
resnet,mixed,29,bandpass_n20005_cV6_covariance_s15,phase2/results/predictions/full/mixed/resnet/seed_29/bandpass_n20005_cV6_covariance_s15.npz,76367,596a317c76ae2e748b5f0afd97941a065cb1871544d0194ac8c06cf3dbec4507
resnet,mixed,29,bandpass_n20005_cV6_covariance_s10,phase2/results/predictions/full/mixed/resnet/seed_29/bandpass_n20005_cV6_covariance_s10.npz,76309,98d3b0db391305f2d5c9ddbbdcc0b33cd83d4f0b1bd0cee06c5317a1ec6d42fd
resnet,mixed,29,bandpass_n20005_cV6_covariance_s5,phase2/results/predictions/full/mixed/resnet/seed_29/bandpass_n20005_cV6_covariance_s5.npz,76184,48e2dd84ead2ee23609ea278861fa741e91e70987d3e7e84820672b9efff63db
resnet,mixed,29,bandpass_n20005_cV6_covariance_s0,phase2/results/predictions/full/mixed/resnet/seed_29/bandpass_n20005_cV6_covariance_s0.npz,75764,87e650601fda7cdb9380fa7a7b438e50e83d167693e328773d8b717527d2972c
resnet,mixed,29,bandpass_n20005_cRA_LA_independent_rms_s20,phase2/results/predictions/full/mixed/resnet/seed_29/bandpass_n20005_cRA_LA_independent_rms_s20.npz,76398,8819853170bd04ade21bbdc8d11ecad95d62b6284038e3110785f6782c79d26b
resnet,mixed,29,bandpass_n20005_cRA_LA_independent_rms_s15,phase2/results/predictions/full/mixed/resnet/seed_29/bandpass_n20005_cRA_LA_independent_rms_s15.npz,76362,1ee2027b00f571d3f0ff2702d6f7aad08b381b428d86d8eb62ae9bb00f86f926
resnet,mixed,29,bandpass_n20005_cRA_LA_independent_rms_s10,phase2/results/predictions/full/mixed/resnet/seed_29/bandpass_n20005_cRA_LA_independent_rms_s10.npz,76319,f5a1d9facbfad0d59acc622bbf55b4a80acb3c119148ad5053ec69b91ce76421
resnet,mixed,29,bandpass_n20005_cRA_LA_independent_rms_s5,phase2/results/predictions/full/mixed/resnet/seed_29/bandpass_n20005_cRA_LA_independent_rms_s5.npz,76098,61226cca3bd1512359f08b87fd1fbf620e7ac3addc1dd820cd86deffca2ca072
resnet,mixed,29,bandpass_n20005_cRA_LA_independent_rms_s0,phase2/results/predictions/full/mixed/resnet/seed_29/bandpass_n20005_cRA_LA_independent_rms_s0.npz,75584,660e58ac4a0985f8f594b6f3997a4d742ffdd9043c2bccf72c2f1c77b59a4254
resnet,mixed,29,bandpass_n20005_cRA_LA_electrode_s20,phase2/results/predictions/full/mixed/resnet/seed_29/bandpass_n20005_cRA_LA_electrode_s20.npz,76358,c53bd819f396a140562ac6b134c535600e4f7d26ddd07b736d1d752d794d01f8
resnet,mixed,29,bandpass_n20005_cRA_LA_electrode_s15,phase2/results/predictions/full/mixed/resnet/seed_29/bandpass_n20005_cRA_LA_electrode_s15.npz,76308,ec66e92355e6081db982cabb7130e406816eb591dad3c3c9fdeefa3e4d7412c4
resnet,mixed,29,bandpass_n20005_cRA_LA_electrode_s10,phase2/results/predictions/full/mixed/resnet/seed_29/bandpass_n20005_cRA_LA_electrode_s10.npz,76237,3dbbaf5a939b5777778df05888098c639644184f0f209d074db35be2f9868b60
resnet,mixed,29,bandpass_n20005_cRA_LA_electrode_s5,phase2/results/predictions/full/mixed/resnet/seed_29/bandpass_n20005_cRA_LA_electrode_s5.npz,76011,ccaa1404a05089ddaf0475610c297b2d12b43c7a50c668bf1054a8354f3f348d
resnet,mixed,29,bandpass_n20005_cRA_LA_electrode_s0,phase2/results/predictions/full/mixed/resnet/seed_29/bandpass_n20005_cRA_LA_electrode_s0.npz,75448,5c909fc72180a4ddebd2d344043fd683aa716d30d020d7c21e83986bc7535af2
resnet,mixed,29,bandpass_n20005_cRA_LA_covariance_s20,phase2/results/predictions/full/mixed/resnet/seed_29/bandpass_n20005_cRA_LA_covariance_s20.npz,76352,5a2544173aabacff69bfb01f88d0575583a1e62a76be10d9c581c81680f6ad94
resnet,mixed,29,bandpass_n20005_cRA_LA_covariance_s15,phase2/results/predictions/full/mixed/resnet/seed_29/bandpass_n20005_cRA_LA_covariance_s15.npz,76326,e1877f71ec160e9d0ee39ce6a38f244a961c04e680b12cf6b0d03b4d8117844f
resnet,mixed,29,bandpass_n20005_cRA_LA_covariance_s10,phase2/results/predictions/full/mixed/resnet/seed_29/bandpass_n20005_cRA_LA_covariance_s10.npz,76240,8ac765f53a64b716ddaa2a4bf28ade3c2b2559196839f3944eed5e26265a5feb
resnet,mixed,29,bandpass_n20005_cRA_LA_covariance_s5,phase2/results/predictions/full/mixed/resnet/seed_29/bandpass_n20005_cRA_LA_covariance_s5.npz,75964,4ebe55d5878e90f536cb579f6998cd5587f0e7e63af6d5527ca259e7aedbd15c
resnet,mixed,29,bandpass_n20005_cRA_LA_covariance_s0,phase2/results/predictions/full/mixed/resnet/seed_29/bandpass_n20005_cRA_LA_covariance_s0.npz,75437,bf8e983a02910133a23631f52c4d655897dd65f065e0a2f39526df467d682db2
resnet,mixed,29,bandpass_n20005_cLA_LL_independent_rms_s20,phase2/results/predictions/full/mixed/resnet/seed_29/bandpass_n20005_cLA_LL_independent_rms_s20.npz,76386,69f066e727fc685c5b2dc08c3efca75f8b0ea2965240819e537bda7174cb44ea
resnet,mixed,29,bandpass_n20005_cLA_LL_independent_rms_s15,phase2/results/predictions/full/mixed/resnet/seed_29/bandpass_n20005_cLA_LL_independent_rms_s15.npz,76378,198431ff85af03359afbc592f1407afc58520355a62bb75ffd6bee55a1867c0c
resnet,mixed,29,bandpass_n20005_cLA_LL_independent_rms_s10,phase2/results/predictions/full/mixed/resnet/seed_29/bandpass_n20005_cLA_LL_independent_rms_s10.npz,76281,8d952c52d2d9ccf7ce37b9e07712379478c031d57d8fd967f3285e74dc122f8b
resnet,mixed,29,bandpass_n20005_cLA_LL_independent_rms_s5,phase2/results/predictions/full/mixed/resnet/seed_29/bandpass_n20005_cLA_LL_independent_rms_s5.npz,76114,c8d82b79d50005762967f174d4115a787778aa96329669132abbac91187d4e2f
resnet,mixed,29,bandpass_n20005_cLA_LL_independent_rms_s0,phase2/results/predictions/full/mixed/resnet/seed_29/bandpass_n20005_cLA_LL_independent_rms_s0.npz,75641,0d7c0a4aa567e39bda886012701dcad7938c627257e149a7f0316cd4ad6bed96
resnet,mixed,29,bandpass_n20005_cLA_LL_electrode_s20,phase2/results/predictions/full/mixed/resnet/seed_29/bandpass_n20005_cLA_LL_electrode_s20.npz,76382,d6db61e8f26856ae24521f550ccf14abdc2aa5b2e0637e219a180c1b07e97eea
resnet,mixed,29,bandpass_n20005_cLA_LL_electrode_s15,phase2/results/predictions/full/mixed/resnet/seed_29/bandpass_n20005_cLA_LL_electrode_s15.npz,76340,095877bf18c888c496188d9e8c0036ee6d7c4bf88b247ebc7f2456afd6371d32
resnet,mixed,29,bandpass_n20005_cLA_LL_electrode_s10,phase2/results/predictions/full/mixed/resnet/seed_29/bandpass_n20005_cLA_LL_electrode_s10.npz,76276,cb0680d2c38b7645fa49e2cf45dd9d00035887c49e3bd264db6bd3e8218cd075
resnet,mixed,29,bandpass_n20005_cLA_LL_electrode_s5,phase2/results/predictions/full/mixed/resnet/seed_29/bandpass_n20005_cLA_LL_electrode_s5.npz,75979,5715efb24c6eef319aa6d07aa1fc8883d04cbedc60ea95bf3afe87a6d1854d02
resnet,mixed,29,bandpass_n20005_cLA_LL_electrode_s0,phase2/results/predictions/full/mixed/resnet/seed_29/bandpass_n20005_cLA_LL_electrode_s0.npz,75547,2daa0a5447acddb235e1d27f697abaee341ecac9c7af6ac274f5fcdec2c509fa
resnet,mixed,29,bandpass_n20005_cLA_LL_covariance_s20,phase2/results/predictions/full/mixed/resnet/seed_29/bandpass_n20005_cLA_LL_covariance_s20.npz,76349,dcbc99da0bdc249b3a870c6f34863e2d3ec88a64db1c6748f7dbcb95d7dda8f5
resnet,mixed,29,bandpass_n20005_cLA_LL_covariance_s15,phase2/results/predictions/full/mixed/resnet/seed_29/bandpass_n20005_cLA_LL_covariance_s15.npz,76309,3b7748b8b5e6fe7db190413efed509640b177f510a05bc4cbabedec7ef473c82
resnet,mixed,29,bandpass_n20005_cLA_LL_covariance_s10,phase2/results/predictions/full/mixed/resnet/seed_29/bandpass_n20005_cLA_LL_covariance_s10.npz,76261,be06f98a915c51175d43899d7481c37823cafadf6044ee599ef4366a11e05a30
resnet,mixed,29,bandpass_n20005_cLA_LL_covariance_s5,phase2/results/predictions/full/mixed/resnet/seed_29/bandpass_n20005_cLA_LL_covariance_s5.npz,76006,3864be76bf88e72f7098fc8332b086a30ef6c8736c35cffa7367aa1c6984ab1a
resnet,mixed,29,bandpass_n20005_cLA_LL_covariance_s0,phase2/results/predictions/full/mixed/resnet/seed_29/bandpass_n20005_cLA_LL_covariance_s0.npz,75560,3a7e138ddd3a2bea4efa06fb79b36c40d2c3a7252e3008c87f88d81abd5132a6
resnet,mixed,29,bandpass_n20005_cRA_LL_independent_rms_s20,phase2/results/predictions/full/mixed/resnet/seed_29/bandpass_n20005_cRA_LL_independent_rms_s20.npz,76401,8574cb983fe36bafe42bdf0dcf0733f5620d154d526eb73161237e263a37d793
resnet,mixed,29,bandpass_n20005_cRA_LL_independent_rms_s15,phase2/results/predictions/full/mixed/resnet/seed_29/bandpass_n20005_cRA_LL_independent_rms_s15.npz,76366,d76e5a71603a026727be5fd1a0fd1f6711e06c88ae6e5e6422faddf0926e4d53
resnet,mixed,29,bandpass_n20005_cRA_LL_independent_rms_s10,phase2/results/predictions/full/mixed/resnet/seed_29/bandpass_n20005_cRA_LL_independent_rms_s10.npz,76334,ccb5b357c1ab279106a81d38514efefbb07531f404109fde3cd8da5f37190ced
resnet,mixed,29,bandpass_n20005_cRA_LL_independent_rms_s5,phase2/results/predictions/full/mixed/resnet/seed_29/bandpass_n20005_cRA_LL_independent_rms_s5.npz,76076,8ae6b2fa2094837df537423861e98835eb9addd0dbe282759eb7ba1e7fb55de5
resnet,mixed,29,bandpass_n20005_cRA_LL_independent_rms_s0,phase2/results/predictions/full/mixed/resnet/seed_29/bandpass_n20005_cRA_LL_independent_rms_s0.npz,75626,2dd8a2944c19ace1d735eb73193178e264b536c3b253c2d77cd8e98753dc35ff
resnet,mixed,29,bandpass_n20005_cRA_LL_electrode_s20,phase2/results/predictions/full/mixed/resnet/seed_29/bandpass_n20005_cRA_LL_electrode_s20.npz,76377,c30ac59a46d19144eb314325014a9602594bd986c3362fb0521e95a47e0a929d
resnet,mixed,29,bandpass_n20005_cRA_LL_electrode_s15,phase2/results/predictions/full/mixed/resnet/seed_29/bandpass_n20005_cRA_LL_electrode_s15.npz,76338,2437f8e8f25c3f7b8eaf10d6584f7ecb7c85dbfa041934e75c99135833cb710d
resnet,mixed,29,bandpass_n20005_cRA_LL_electrode_s10,phase2/results/predictions/full/mixed/resnet/seed_29/bandpass_n20005_cRA_LL_electrode_s10.npz,76230,fedd56f91c36ca97edb3da0a1a44c4bd0707cab87548e92eedd78de6be98d961
resnet,mixed,29,bandpass_n20005_cRA_LL_electrode_s5,phase2/results/predictions/full/mixed/resnet/seed_29/bandpass_n20005_cRA_LL_electrode_s5.npz,75979,69c3453786f086649edc697cb70e46b25f75ad0432ccfc45488de4e7e87ca872
resnet,mixed,29,bandpass_n20005_cRA_LL_electrode_s0,phase2/results/predictions/full/mixed/resnet/seed_29/bandpass_n20005_cRA_LL_electrode_s0.npz,75500,62cb1569bbc73af0e254eb79422571ddd6f060de993de61f8d518233cee30341
resnet,mixed,29,bandpass_n20005_cRA_LL_covariance_s20,phase2/results/predictions/full/mixed/resnet/seed_29/bandpass_n20005_cRA_LL_covariance_s20.npz,76353,e431e4b2b574a01dc3e5300785e51afe11e4a5ee27f090f69379bb17e97b9e48
resnet,mixed,29,bandpass_n20005_cRA_LL_covariance_s15,phase2/results/predictions/full/mixed/resnet/seed_29/bandpass_n20005_cRA_LL_covariance_s15.npz,76320,24028bdc4dc9f0ea2e64d88fcad717551b06416845d2ecb7697f5b54f14f2c8b
resnet,mixed,29,bandpass_n20005_cRA_LL_covariance_s10,phase2/results/predictions/full/mixed/resnet/seed_29/bandpass_n20005_cRA_LL_covariance_s10.npz,76253,5c588f6b0d5f7228860a7e80f69c97c74fe100c0e48a9a995378196aa298f1fd
resnet,mixed,29,bandpass_n20005_cRA_LL_covariance_s5,phase2/results/predictions/full/mixed/resnet/seed_29/bandpass_n20005_cRA_LL_covariance_s5.npz,75977,533bdf3bcf704e94262b11e6d7b605e3bd109caba5d815a77c0635008f161628
resnet,mixed,29,bandpass_n20005_cRA_LL_covariance_s0,phase2/results/predictions/full/mixed/resnet/seed_29/bandpass_n20005_cRA_LL_covariance_s0.npz,75478,17660eeaa02396472100ce23df9d5b00355f1afddf18461403a45bfb023bef6b
resnet,mixed,29,bandpass_n20005_cRA_independent_rms_s20,phase2/results/predictions/full/mixed/resnet/seed_29/bandpass_n20005_cRA_independent_rms_s20.npz,76372,d93dd479dff7c31039d647e1bd17170fbe1a2e4efaa2421ab2a881ffdcf92e24
resnet,mixed,29,bandpass_n20005_cRA_independent_rms_s15,phase2/results/predictions/full/mixed/resnet/seed_29/bandpass_n20005_cRA_independent_rms_s15.npz,76367,781cb02e4e4b8af50e5976eb099eecfe75359607fb80d16641147000a4a5a570
resnet,mixed,29,bandpass_n20005_cRA_independent_rms_s10,phase2/results/predictions/full/mixed/resnet/seed_29/bandpass_n20005_cRA_independent_rms_s10.npz,76314,566c3e2ed329ccb3dcbe65fd2a17fdb20b0c48bf21fe00be2fde083a0d06fad3
resnet,mixed,29,bandpass_n20005_cRA_independent_rms_s5,phase2/results/predictions/full/mixed/resnet/seed_29/bandpass_n20005_cRA_independent_rms_s5.npz,76100,315312878fd4c114ec0312e199d0977ff64e2023479bc407ee3d4a6932c744b7
resnet,mixed,29,bandpass_n20005_cRA_independent_rms_s0,phase2/results/predictions/full/mixed/resnet/seed_29/bandpass_n20005_cRA_independent_rms_s0.npz,75624,f3729a41dc00a59f3d130258d4119b77ebe9cbb2e837da2bb3e0943fa3bd758a
resnet,mixed,29,bandpass_n20005_cRA_electrode_s20,phase2/results/predictions/full/mixed/resnet/seed_29/bandpass_n20005_cRA_electrode_s20.npz,76365,2e09d82f334de2e8b772a8207cebb526671955b8c6062d3a4961820de0ddf8a5
resnet,mixed,29,bandpass_n20005_cRA_electrode_s15,phase2/results/predictions/full/mixed/resnet/seed_29/bandpass_n20005_cRA_electrode_s15.npz,76336,16108902d427cf9bd7d1da275da911fdb225e59e9b123f003fabc755becbac17
resnet,mixed,29,bandpass_n20005_cRA_electrode_s10,phase2/results/predictions/full/mixed/resnet/seed_29/bandpass_n20005_cRA_electrode_s10.npz,76228,f32a67a547af5e63be22daae5492be50f62a234b18744f433860b4b20f32046e
resnet,mixed,29,bandpass_n20005_cRA_electrode_s5,phase2/results/predictions/full/mixed/resnet/seed_29/bandpass_n20005_cRA_electrode_s5.npz,75973,7c69ff8f9e46f37f5d11dd9de42bb63930f2851e6eb114ac72f02b33b835f0bc
resnet,mixed,29,bandpass_n20005_cRA_electrode_s0,phase2/results/predictions/full/mixed/resnet/seed_29/bandpass_n20005_cRA_electrode_s0.npz,75439,7623ac9e37e0e7b2ba1328449cf4dc7cef5c2f0fc48e83572f4ed98b1d38f837
resnet,mixed,29,bandpass_n20005_cRA_covariance_s20,phase2/results/predictions/full/mixed/resnet/seed_29/bandpass_n20005_cRA_covariance_s20.npz,76362,ddb2fcb45e9facb51ef7ba47ccc303dc8ee71e45391374ff9ce112880cf67914
resnet,mixed,29,bandpass_n20005_cRA_covariance_s15,phase2/results/predictions/full/mixed/resnet/seed_29/bandpass_n20005_cRA_covariance_s15.npz,76303,d280af4ca602eef4568b70bd3a912bf5742ef1e776f88da3eb8a36a218b26fcc
resnet,mixed,29,bandpass_n20005_cRA_covariance_s10,phase2/results/predictions/full/mixed/resnet/seed_29/bandpass_n20005_cRA_covariance_s10.npz,76240,3296c7f5c7417cf30e6ef765eb8d8f940ca243684cbe90890966abea14d95ebd
resnet,mixed,29,bandpass_n20005_cRA_covariance_s5,phase2/results/predictions/full/mixed/resnet/seed_29/bandpass_n20005_cRA_covariance_s5.npz,75983,60b5fc10c6226e03d471f77522ba74a83d87f3499a5cbc8a54bdf10c18da1821
resnet,mixed,29,bandpass_n20005_cRA_covariance_s0,phase2/results/predictions/full/mixed/resnet/seed_29/bandpass_n20005_cRA_covariance_s0.npz,75429,04475e53e02c1e4db94683c01fb97a3f1668d624597a41e66e23af3860edf3ee
resnet,mixed,29,bandpass_n20005_cLA_independent_rms_s20,phase2/results/predictions/full/mixed/resnet/seed_29/bandpass_n20005_cLA_independent_rms_s20.npz,76382,aeded5d7c7d7224085b0b1380e74e836e82aecccc1282698f98dee4f39727a44
resnet,mixed,29,bandpass_n20005_cLA_independent_rms_s15,phase2/results/predictions/full/mixed/resnet/seed_29/bandpass_n20005_cLA_independent_rms_s15.npz,76373,3751593b8e619cfd96f1ceaeabafcc02e4e1d856c577d968ac38f3f4b85bc6d0
resnet,mixed,29,bandpass_n20005_cLA_independent_rms_s10,phase2/results/predictions/full/mixed/resnet/seed_29/bandpass_n20005_cLA_independent_rms_s10.npz,76273,8867cb19c5f0bb0c277858cb8b9ab66d8a0f5084aee3700924634106ff25d58a
resnet,mixed,29,bandpass_n20005_cLA_independent_rms_s5,phase2/results/predictions/full/mixed/resnet/seed_29/bandpass_n20005_cLA_independent_rms_s5.npz,76109,ffd3b6c358db50e07207108eb11a4b3d5a0efad8681b4704303a1f8b7ba3d21d
resnet,mixed,29,bandpass_n20005_cLA_independent_rms_s0,phase2/results/predictions/full/mixed/resnet/seed_29/bandpass_n20005_cLA_independent_rms_s0.npz,75635,6756e3a842913410e2817d0637c2463610d7e94a877205aabf416aa27f328539
resnet,mixed,29,bandpass_n20005_cLA_electrode_s20,phase2/results/predictions/full/mixed/resnet/seed_29/bandpass_n20005_cLA_electrode_s20.npz,76370,794788081752d6a06347aa4dce832417e02add30268b6cceaf983f3d554013ae
resnet,mixed,29,bandpass_n20005_cLA_electrode_s15,phase2/results/predictions/full/mixed/resnet/seed_29/bandpass_n20005_cLA_electrode_s15.npz,76317,7d1bb2f52b49de36cd69e56a0ecbaff1c12ce343c4240abd204a85a71d3f9bca
resnet,mixed,29,bandpass_n20005_cLA_electrode_s10,phase2/results/predictions/full/mixed/resnet/seed_29/bandpass_n20005_cLA_electrode_s10.npz,76271,47f5a0bb4b536b2a52ac66087f7bd7ab0aebaab552a616dfaab0d610466c4079
resnet,mixed,29,bandpass_n20005_cLA_electrode_s5,phase2/results/predictions/full/mixed/resnet/seed_29/bandpass_n20005_cLA_electrode_s5.npz,75992,6964b900f20289a238d98a92fa24934f4c4719be362b82df8050ca67f5a33b80
resnet,mixed,29,bandpass_n20005_cLA_electrode_s0,phase2/results/predictions/full/mixed/resnet/seed_29/bandpass_n20005_cLA_electrode_s0.npz,75446,2cda38cdc1b7c07ed9dd9599e7f9c6642b8b97853c7361e32795adc6888c1309
resnet,mixed,29,bandpass_n20005_cLA_covariance_s20,phase2/results/predictions/full/mixed/resnet/seed_29/bandpass_n20005_cLA_covariance_s20.npz,76343,cfdff73f140d4a5cf4d5a5d6f8affbf19a2dc6a7ae6cf10925cae4462230d9fe
resnet,mixed,29,bandpass_n20005_cLA_covariance_s15,phase2/results/predictions/full/mixed/resnet/seed_29/bandpass_n20005_cLA_covariance_s15.npz,76318,322f494ed6f611db68a7c38146b27004d8d9710fad38b330f6a489d31671ca5b
resnet,mixed,29,bandpass_n20005_cLA_covariance_s10,phase2/results/predictions/full/mixed/resnet/seed_29/bandpass_n20005_cLA_covariance_s10.npz,76246,ac891286b18ff7298612ba54ac994cb2b5cfd85641935cf317df96a64fd3a97d
resnet,mixed,29,bandpass_n20005_cLA_covariance_s5,phase2/results/predictions/full/mixed/resnet/seed_29/bandpass_n20005_cLA_covariance_s5.npz,76011,df5b9fd8309d31a8da52cf130948f5562a6deee6fb11cf1f91e3f1a91480b2a3
resnet,mixed,29,bandpass_n20005_cLA_covariance_s0,phase2/results/predictions/full/mixed/resnet/seed_29/bandpass_n20005_cLA_covariance_s0.npz,75445,723411fe79a3c46839e0d41e9f86c31570d4149ad24cef1053201b6e746d1250
resnet,mixed,29,bandpass_n20005_cLL_independent_rms_s20,phase2/results/predictions/full/mixed/resnet/seed_29/bandpass_n20005_cLL_independent_rms_s20.npz,76392,01c5a9e7cf7f218ec6b93633ad540ccc970c14cae895cacf4d00b2ed875ae1b7
resnet,mixed,29,bandpass_n20005_cLL_independent_rms_s15,phase2/results/predictions/full/mixed/resnet/seed_29/bandpass_n20005_cLL_independent_rms_s15.npz,76389,5db5027f8f1a8c5b13374c5ce16e67a36ebdeeba207dae478f99d08747939394
resnet,mixed,29,bandpass_n20005_cLL_independent_rms_s10,phase2/results/predictions/full/mixed/resnet/seed_29/bandpass_n20005_cLL_independent_rms_s10.npz,76318,03b1bc816d335612ba967969519536c37469ceb651252dd96aa1ab18f4fe9e6c
resnet,mixed,29,bandpass_n20005_cLL_independent_rms_s5,phase2/results/predictions/full/mixed/resnet/seed_29/bandpass_n20005_cLL_independent_rms_s5.npz,76112,2ff239082f72505688542725786d448aed57f808c6d01bb9b4b6827ba05e47cd
resnet,mixed,29,bandpass_n20005_cLL_independent_rms_s0,phase2/results/predictions/full/mixed/resnet/seed_29/bandpass_n20005_cLL_independent_rms_s0.npz,75647,1089e4ab73ccb7ff8c1860b97a7010d3b16ced9b55622586facf4ce552945431
resnet,mixed,29,bandpass_n20005_cLL_electrode_s20,phase2/results/predictions/full/mixed/resnet/seed_29/bandpass_n20005_cLL_electrode_s20.npz,76377,edd7168d8fe2d1a357698ed75d5097828c32bebebdbb29112a9da494967c8559
resnet,mixed,29,bandpass_n20005_cLL_electrode_s15,phase2/results/predictions/full/mixed/resnet/seed_29/bandpass_n20005_cLL_electrode_s15.npz,76343,15a39d60670972d569abe5cda4144c780d3ea60084938e8f1765a68ac977558f
resnet,mixed,29,bandpass_n20005_cLL_electrode_s10,phase2/results/predictions/full/mixed/resnet/seed_29/bandpass_n20005_cLL_electrode_s10.npz,76210,962a68ec12f7b53589be171a6a658393de5e5fda697259143d7d7a93a9f7bc61
resnet,mixed,29,bandpass_n20005_cLL_electrode_s5,phase2/results/predictions/full/mixed/resnet/seed_29/bandpass_n20005_cLL_electrode_s5.npz,75937,a053e3d66afec32402ee109935428404203c0c9a4202da379d970709636acc14
resnet,mixed,29,bandpass_n20005_cLL_electrode_s0,phase2/results/predictions/full/mixed/resnet/seed_29/bandpass_n20005_cLL_electrode_s0.npz,75686,e1d180182629585cb3b77a9ca5f607a0704c7b765056a24ae75bd9cde84e0e9b
resnet,mixed,29,bandpass_n20005_cLL_covariance_s20,phase2/results/predictions/full/mixed/resnet/seed_29/bandpass_n20005_cLL_covariance_s20.npz,76363,f4606fdc4c7429263258141abdea5045f1c15a4dd7c7a2ee8c9136a7293b92c4
resnet,mixed,29,bandpass_n20005_cLL_covariance_s15,phase2/results/predictions/full/mixed/resnet/seed_29/bandpass_n20005_cLL_covariance_s15.npz,76329,c7e6ba7f7079831e6f40afc57f8bb68081bb59f663ccb3c40f1b1133d597d62b
resnet,mixed,29,bandpass_n20005_cLL_covariance_s10,phase2/results/predictions/full/mixed/resnet/seed_29/bandpass_n20005_cLL_covariance_s10.npz,76225,0787bc87f57142a3be913e29587343815833a6bd5824e4dbe6f4028658f451d0
resnet,mixed,29,bandpass_n20005_cLL_covariance_s5,phase2/results/predictions/full/mixed/resnet/seed_29/bandpass_n20005_cLL_covariance_s5.npz,75988,da044e4b09713636bea776b1cc9ff2ddac3226f0c35fb3e28683a9b29ac5d0d0
resnet,mixed,29,bandpass_n20005_cLL_covariance_s0,phase2/results/predictions/full/mixed/resnet/seed_29/bandpass_n20005_cLL_covariance_s0.npz,75696,3f3a1f6a1c436b17750bc9c1b2973bdf8d95caa60ede79dd3cdf6e7c22c9ac65
resnet,mixed,29,bandpass_n20005_cRA_V1_independent_rms_s20,phase2/results/predictions/full/mixed/resnet/seed_29/bandpass_n20005_cRA_V1_independent_rms_s20.npz,76384,3d6354b38ca2ce815f7a427414e162f4d274947baf41b8d00775d9c529ac071a
resnet,mixed,29,bandpass_n20005_cRA_V1_independent_rms_s15,phase2/results/predictions/full/mixed/resnet/seed_29/bandpass_n20005_cRA_V1_independent_rms_s15.npz,76369,edb11c2a17e014592f5daf5a741fc6775b63578504758936ef357a0ee35d12e8
resnet,mixed,29,bandpass_n20005_cRA_V1_independent_rms_s10,phase2/results/predictions/full/mixed/resnet/seed_29/bandpass_n20005_cRA_V1_independent_rms_s10.npz,76319,9713704606cb081886d2c9019600f354872ed41b0e9fb7d09b2043b2addcd368
resnet,mixed,29,bandpass_n20005_cRA_V1_independent_rms_s5,phase2/results/predictions/full/mixed/resnet/seed_29/bandpass_n20005_cRA_V1_independent_rms_s5.npz,76104,187972405c0900757507cc40dabf8b4691cd8c42904be81ed421fbaf431e1070
resnet,mixed,29,bandpass_n20005_cRA_V1_independent_rms_s0,phase2/results/predictions/full/mixed/resnet/seed_29/bandpass_n20005_cRA_V1_independent_rms_s0.npz,75602,8646cac3f68c0e64162b298bde3221bbc6a46fdb8ad088a0a72ca9b9cb3a693b
resnet,mixed,29,bandpass_n20005_cRA_V1_electrode_s20,phase2/results/predictions/full/mixed/resnet/seed_29/bandpass_n20005_cRA_V1_electrode_s20.npz,76361,feca09b52613b42441e4540e6bd89106d93705fd1f83fb7eaae8ee300161ab8e
resnet,mixed,29,bandpass_n20005_cRA_V1_electrode_s15,phase2/results/predictions/full/mixed/resnet/seed_29/bandpass_n20005_cRA_V1_electrode_s15.npz,76321,7803c57f0906994b2f15feea8ae7f741f3db8630da80df2ae44c9be7bf022041
resnet,mixed,29,bandpass_n20005_cRA_V1_electrode_s10,phase2/results/predictions/full/mixed/resnet/seed_29/bandpass_n20005_cRA_V1_electrode_s10.npz,76273,920a0b05709e91ee1df3e5746b6a0caa318b213c49c95408e72e4ba7cc397a29
resnet,mixed,29,bandpass_n20005_cRA_V1_electrode_s5,phase2/results/predictions/full/mixed/resnet/seed_29/bandpass_n20005_cRA_V1_electrode_s5.npz,76005,9e499f1622bfedc5e829920589e9c386f453136ccc40e0268047f514bbb92f99
resnet,mixed,29,bandpass_n20005_cRA_V1_electrode_s0,phase2/results/predictions/full/mixed/resnet/seed_29/bandpass_n20005_cRA_V1_electrode_s0.npz,75458,278d145a6987367e6016fd65e147ae7fd01d24bb44948bdf14f2e0293ea53e49
resnet,mixed,29,bandpass_n20005_cRA_V1_covariance_s20,phase2/results/predictions/full/mixed/resnet/seed_29/bandpass_n20005_cRA_V1_covariance_s20.npz,76380,12ccc6ac0bec835b45c00ba2e5f0dcce1aad0030dc25f166722cf09533e05a49
resnet,mixed,29,bandpass_n20005_cRA_V1_covariance_s15,phase2/results/predictions/full/mixed/resnet/seed_29/bandpass_n20005_cRA_V1_covariance_s15.npz,76361,52eb10a1514523b595c9af638cd5bc15a8cdb6e009fd0b28c907e498510ba248
resnet,mixed,29,bandpass_n20005_cRA_V1_covariance_s10,phase2/results/predictions/full/mixed/resnet/seed_29/bandpass_n20005_cRA_V1_covariance_s10.npz,76247,7860c4efc4b86350ed03ae5971fb766c885088b3a088747c0c2683ee0cce84d3
resnet,mixed,29,bandpass_n20005_cRA_V1_covariance_s5,phase2/results/predictions/full/mixed/resnet/seed_29/bandpass_n20005_cRA_V1_covariance_s5.npz,76005,133b1168d3f221e209e78ad6d7729c5aac6d8e8e0bc98a85656ff341e47893cd
resnet,mixed,29,bandpass_n20005_cRA_V1_covariance_s0,phase2/results/predictions/full/mixed/resnet/seed_29/bandpass_n20005_cRA_V1_covariance_s0.npz,75426,d8e3a8f30edb1e327bf4e58a35450130de1e1e8b37718fdff18c9604d3f9bf7e
resnet,mixed,29,bandpass_n20005_cLA_V6_independent_rms_s20,phase2/results/predictions/full/mixed/resnet/seed_29/bandpass_n20005_cLA_V6_independent_rms_s20.npz,76401,9448f79c6b6a5e9411a21ce886f6168f3a5411db2a573493f049db216aff84a1
resnet,mixed,29,bandpass_n20005_cLA_V6_independent_rms_s15,phase2/results/predictions/full/mixed/resnet/seed_29/bandpass_n20005_cLA_V6_independent_rms_s15.npz,76362,172c20c16aed606879a432d60ce558f8b36f47a5fa8f6379472a4625e4f97975
resnet,mixed,29,bandpass_n20005_cLA_V6_independent_rms_s10,phase2/results/predictions/full/mixed/resnet/seed_29/bandpass_n20005_cLA_V6_independent_rms_s10.npz,76300,c14cb273f1f9f78b49b6828d2305fca8642a7f891ca24d34edb31960dfc50907
resnet,mixed,29,bandpass_n20005_cLA_V6_independent_rms_s5,phase2/results/predictions/full/mixed/resnet/seed_29/bandpass_n20005_cLA_V6_independent_rms_s5.npz,76110,9f30d9c22ae332b83723d8519dc67ccfa7a55da5a28848506767e50fb19c168d
resnet,mixed,29,bandpass_n20005_cLA_V6_independent_rms_s0,phase2/results/predictions/full/mixed/resnet/seed_29/bandpass_n20005_cLA_V6_independent_rms_s0.npz,75684,07b1d4c916354ad8e6d6d7d78de9c117597e2bc416085735a77f16f2b6d8d717
resnet,mixed,29,bandpass_n20005_cLA_V6_electrode_s20,phase2/results/predictions/full/mixed/resnet/seed_29/bandpass_n20005_cLA_V6_electrode_s20.npz,76356,3f1e7569492099485c97019790663910d252bce84292dccd59d134b1c03f103f
resnet,mixed,29,bandpass_n20005_cLA_V6_electrode_s15,phase2/results/predictions/full/mixed/resnet/seed_29/bandpass_n20005_cLA_V6_electrode_s15.npz,76365,19130493ab539b13272d6cbde754afaab579718f082b8e5e21e5df3462b47599
resnet,mixed,29,bandpass_n20005_cLA_V6_electrode_s10,phase2/results/predictions/full/mixed/resnet/seed_29/bandpass_n20005_cLA_V6_electrode_s10.npz,76281,f32f8c86c2519fbba043b9d12d7046e1f2c25d624a46ffc4ec850d5df396479c
resnet,mixed,29,bandpass_n20005_cLA_V6_electrode_s5,phase2/results/predictions/full/mixed/resnet/seed_29/bandpass_n20005_cLA_V6_electrode_s5.npz,76064,1128dd6a96b9bc6e407b42e322db2e296350ea5971a2bb004cba52d0a3e3f37b
resnet,mixed,29,bandpass_n20005_cLA_V6_electrode_s0,phase2/results/predictions/full/mixed/resnet/seed_29/bandpass_n20005_cLA_V6_electrode_s0.npz,75528,995a2952a87e4e8c8be22aa8458b8739c13898d94335bc46a6139b91e92d00c1
resnet,mixed,29,bandpass_n20005_cLA_V6_covariance_s20,phase2/results/predictions/full/mixed/resnet/seed_29/bandpass_n20005_cLA_V6_covariance_s20.npz,76398,0397c81f945b3c81865259fc2fb22a11c40aa40bc4f0a00f566a52d56598f83b
resnet,mixed,29,bandpass_n20005_cLA_V6_covariance_s15,phase2/results/predictions/full/mixed/resnet/seed_29/bandpass_n20005_cLA_V6_covariance_s15.npz,76375,bd38776d794d26ce00481d22f01d08a4aef4617bdcf5174ed02102724dbc62aa
resnet,mixed,29,bandpass_n20005_cLA_V6_covariance_s10,phase2/results/predictions/full/mixed/resnet/seed_29/bandpass_n20005_cLA_V6_covariance_s10.npz,76256,de021fa7d81decbac1f959bcc97587a87d08af688c4df93d500f15cdb0963713
resnet,mixed,29,bandpass_n20005_cLA_V6_covariance_s5,phase2/results/predictions/full/mixed/resnet/seed_29/bandpass_n20005_cLA_V6_covariance_s5.npz,76061,c8e7bf7a988a59434ef9053925ae30f31516d84cba91630155fae2e341463972
resnet,mixed,29,bandpass_n20005_cLA_V6_covariance_s0,phase2/results/predictions/full/mixed/resnet/seed_29/bandpass_n20005_cLA_V6_covariance_s0.npz,75521,8d82344510e57b2935ad2c7baaa4f9b826216da1c9874da1734341636e76a72d
resnet,mixed,29,bandpass_n20005_cLL_V4_independent_rms_s20,phase2/results/predictions/full/mixed/resnet/seed_29/bandpass_n20005_cLL_V4_independent_rms_s20.npz,76393,a4dd88b81ec32e2450695ebd98c693a9cb087013c45b3315c34485dffd3b15ec
resnet,mixed,29,bandpass_n20005_cLL_V4_independent_rms_s15,phase2/results/predictions/full/mixed/resnet/seed_29/bandpass_n20005_cLL_V4_independent_rms_s15.npz,76401,220f482af22d23850de49a0a747d9aae4c1e02f72157af2ca58307faf2339468
resnet,mixed,29,bandpass_n20005_cLL_V4_independent_rms_s10,phase2/results/predictions/full/mixed/resnet/seed_29/bandpass_n20005_cLL_V4_independent_rms_s10.npz,76315,31a49dcb3bf916e118447d6a9301bf0be529d93662892b1d3fcc3167913952e5
resnet,mixed,29,bandpass_n20005_cLL_V4_independent_rms_s5,phase2/results/predictions/full/mixed/resnet/seed_29/bandpass_n20005_cLL_V4_independent_rms_s5.npz,76136,2668c9e7cae20502433953f04f8765417c31d8a5981a3741385266a097b7f78f
resnet,mixed,29,bandpass_n20005_cLL_V4_independent_rms_s0,phase2/results/predictions/full/mixed/resnet/seed_29/bandpass_n20005_cLL_V4_independent_rms_s0.npz,75687,ea483b674252938f52c635f787ae975add3ade18584c52dbc2efc1ed969f1e05
resnet,mixed,29,bandpass_n20005_cLL_V4_electrode_s20,phase2/results/predictions/full/mixed/resnet/seed_29/bandpass_n20005_cLL_V4_electrode_s20.npz,76352,f4fcccf9bd387b7f70f7c39b225adc7724baa52f48eee15c4f5b47e996c0291e
resnet,mixed,29,bandpass_n20005_cLL_V4_electrode_s15,phase2/results/predictions/full/mixed/resnet/seed_29/bandpass_n20005_cLL_V4_electrode_s15.npz,76367,f771eb5ae3938ee1427257dde3ef2474d190b2dd6d370358c478f6469fbe91dc
resnet,mixed,29,bandpass_n20005_cLL_V4_electrode_s10,phase2/results/predictions/full/mixed/resnet/seed_29/bandpass_n20005_cLL_V4_electrode_s10.npz,76278,baef00348d8468e4ebdae872facb2333247add66c90dd978a49e55b0c4495d5e
resnet,mixed,29,bandpass_n20005_cLL_V4_electrode_s5,phase2/results/predictions/full/mixed/resnet/seed_29/bandpass_n20005_cLL_V4_electrode_s5.npz,75996,33052ad063e3915f13727e1ce641f8c6ceebb86d2064777467a6632b29799327
resnet,mixed,29,bandpass_n20005_cLL_V4_electrode_s0,phase2/results/predictions/full/mixed/resnet/seed_29/bandpass_n20005_cLL_V4_electrode_s0.npz,75654,6ede3694092315b78b8b35593015d84da0772ec9acb7d5014c1725625466bd5f
resnet,mixed,29,bandpass_n20005_cLL_V4_covariance_s20,phase2/results/predictions/full/mixed/resnet/seed_29/bandpass_n20005_cLL_V4_covariance_s20.npz,76359,450ba71ed1e7c0fb45d54edf84b081ece989c4411ccbb3f13ffde89510e112bd
resnet,mixed,29,bandpass_n20005_cLL_V4_covariance_s15,phase2/results/predictions/full/mixed/resnet/seed_29/bandpass_n20005_cLL_V4_covariance_s15.npz,76340,3b45966356da0aa955429eb1db55d9711fbd1bc1bfb355ceb2061fa85ea4d0b7
resnet,mixed,29,bandpass_n20005_cLL_V4_covariance_s10,phase2/results/predictions/full/mixed/resnet/seed_29/bandpass_n20005_cLL_V4_covariance_s10.npz,76240,876f435b928559837903ef9cf3d0ed8acad7a990445a01ad00cb13d14c74edb4
resnet,mixed,29,bandpass_n20005_cLL_V4_covariance_s5,phase2/results/predictions/full/mixed/resnet/seed_29/bandpass_n20005_cLL_V4_covariance_s5.npz,76011,7548a7ad28a5ef1c7abc867272f9e657a0e363cae56b41a7cdf65591af6213e6
resnet,mixed,29,bandpass_n20005_cLL_V4_covariance_s0,phase2/results/predictions/full/mixed/resnet/seed_29/bandpass_n20005_cLL_V4_covariance_s0.npz,75710,adb66744ec862b840bfb9c1f0f6d3f49f976e82b8b955f159bd5a4f40bf0bcb7
resnet,mixed,29,bandpass_n20005_cRA_LA_V1_V6_independent_rms_s20,phase2/results/predictions/full/mixed/resnet/seed_29/bandpass_n20005_cRA_LA_V1_V6_independent_rms_s20.npz,76412,b9736bfe86a4390504474288edcc3c254d15783791da87dd75d83ba00313457a
resnet,mixed,29,bandpass_n20005_cRA_LA_V1_V6_independent_rms_s15,phase2/results/predictions/full/mixed/resnet/seed_29/bandpass_n20005_cRA_LA_V1_V6_independent_rms_s15.npz,76400,e2e43d80b3128d3f64f0c4efb8d785857c5a90f30ec1b63ff000bbb7a9f8c166
resnet,mixed,29,bandpass_n20005_cRA_LA_V1_V6_independent_rms_s10,phase2/results/predictions/full/mixed/resnet/seed_29/bandpass_n20005_cRA_LA_V1_V6_independent_rms_s10.npz,76317,f508ab1cac4471e39595029925c17c54d0bf439a98a5faf8e4f4b69c3be81fd5
resnet,mixed,29,bandpass_n20005_cRA_LA_V1_V6_independent_rms_s5,phase2/results/predictions/full/mixed/resnet/seed_29/bandpass_n20005_cRA_LA_V1_V6_independent_rms_s5.npz,76130,2aee631ac5ee09f895e097ffc70515b08ba7f1accba542160e7d58090c3e89cd
resnet,mixed,29,bandpass_n20005_cRA_LA_V1_V6_independent_rms_s0,phase2/results/predictions/full/mixed/resnet/seed_29/bandpass_n20005_cRA_LA_V1_V6_independent_rms_s0.npz,75642,d895e00a15ec6fd879670be9e61c270f36df3fbd4e68234f975e0ef7a3525975
resnet,mixed,29,bandpass_n20005_cRA_LA_V1_V6_electrode_s20,phase2/results/predictions/full/mixed/resnet/seed_29/bandpass_n20005_cRA_LA_V1_V6_electrode_s20.npz,76386,b1a60e865bc3daf5678b7bcdeca9ca19ddd2f58f8c2e529e3ed209ad604678bd
resnet,mixed,29,bandpass_n20005_cRA_LA_V1_V6_electrode_s15,phase2/results/predictions/full/mixed/resnet/seed_29/bandpass_n20005_cRA_LA_V1_V6_electrode_s15.npz,76391,38941c3fb31a02f98cda4ce2a6404be2577f9528823b8afb1458e088c8dedf12
resnet,mixed,29,bandpass_n20005_cRA_LA_V1_V6_electrode_s10,phase2/results/predictions/full/mixed/resnet/seed_29/bandpass_n20005_cRA_LA_V1_V6_electrode_s10.npz,76253,65e2d1bd6bd9260f386522371b4fcac6fb3899611929325f057a95e24df5a0f7
resnet,mixed,29,bandpass_n20005_cRA_LA_V1_V6_electrode_s5,phase2/results/predictions/full/mixed/resnet/seed_29/bandpass_n20005_cRA_LA_V1_V6_electrode_s5.npz,76007,e45fbcbcb1e77e1271be5b5d1dcd8f386b3b11cca49a2d2793760203692370c2
resnet,mixed,29,bandpass_n20005_cRA_LA_V1_V6_electrode_s0,phase2/results/predictions/full/mixed/resnet/seed_29/bandpass_n20005_cRA_LA_V1_V6_electrode_s0.npz,75488,fbc7ac535e0bfe10f817960942bab659f781fe8df0930162402cf479ecbbdaf0
resnet,mixed,29,bandpass_n20005_cRA_LA_V1_V6_covariance_s20,phase2/results/predictions/full/mixed/resnet/seed_29/bandpass_n20005_cRA_LA_V1_V6_covariance_s20.npz,76375,5ef3a0b84f4733bbe569c172cd0df8b58dc2e76b2dcfb931021e636852c3a894
resnet,mixed,29,bandpass_n20005_cRA_LA_V1_V6_covariance_s15,phase2/results/predictions/full/mixed/resnet/seed_29/bandpass_n20005_cRA_LA_V1_V6_covariance_s15.npz,76361,4df9aa207b5e049fa194987ca769ab762a86995decf6bbd823f182797ac0cad9
resnet,mixed,29,bandpass_n20005_cRA_LA_V1_V6_covariance_s10,phase2/results/predictions/full/mixed/resnet/seed_29/bandpass_n20005_cRA_LA_V1_V6_covariance_s10.npz,76264,68ee1776873d47ad0504525feb5f19aa877e19edee291b1108480d4393bb3d57
resnet,mixed,29,bandpass_n20005_cRA_LA_V1_V6_covariance_s5,phase2/results/predictions/full/mixed/resnet/seed_29/bandpass_n20005_cRA_LA_V1_V6_covariance_s5.npz,76005,ddea71355214788d1dc79f010055b4e94a12ed1993b404715d3e744a0fcf9283
resnet,mixed,29,bandpass_n20005_cRA_LA_V1_V6_covariance_s0,phase2/results/predictions/full/mixed/resnet/seed_29/bandpass_n20005_cRA_LA_V1_V6_covariance_s0.npz,75458,d71743acbfbce25acffa57aee5017df9a5baecea8def5ee14696fb0d363afb76
resnet,mixed,29,bandpass_n20005_cRA_V2_V5_independent_rms_s20,phase2/results/predictions/full/mixed/resnet/seed_29/bandpass_n20005_cRA_V2_V5_independent_rms_s20.npz,76325,e6b0abe41c99c9b22f195c353541b9026b967638d86774aa476d67c5f863d3c2
resnet,mixed,29,bandpass_n20005_cRA_V2_V5_independent_rms_s15,phase2/results/predictions/full/mixed/resnet/seed_29/bandpass_n20005_cRA_V2_V5_independent_rms_s15.npz,76431,7d4a2980877f8c2ad62dff0668c8c33269a2e14c2134fbc9fd85c83e581b6a39
resnet,mixed,29,bandpass_n20005_cRA_V2_V5_independent_rms_s10,phase2/results/predictions/full/mixed/resnet/seed_29/bandpass_n20005_cRA_V2_V5_independent_rms_s10.npz,76335,ba9e1563479134df579923d1b2e14f4aaf28d1cb295298e4c53fb0ce7d0af6ce
resnet,mixed,29,bandpass_n20005_cRA_V2_V5_independent_rms_s5,phase2/results/predictions/full/mixed/resnet/seed_29/bandpass_n20005_cRA_V2_V5_independent_rms_s5.npz,76105,d0ba2ded51d50327fedbad9a234b0b578e0f9bafc412a9cd4a2f92a5919faacf
resnet,mixed,29,bandpass_n20005_cRA_V2_V5_independent_rms_s0,phase2/results/predictions/full/mixed/resnet/seed_29/bandpass_n20005_cRA_V2_V5_independent_rms_s0.npz,75612,c92f0aeffba75cbdc5e6895cb3301e51e259558f937a98cf67fe862b0d12dda6
resnet,mixed,29,bandpass_n20005_cRA_V2_V5_electrode_s20,phase2/results/predictions/full/mixed/resnet/seed_29/bandpass_n20005_cRA_V2_V5_electrode_s20.npz,76377,46bd338fd8fca11f8466857687a58a62ecd9df0f6478a09c8d7943b580d38716
resnet,mixed,29,bandpass_n20005_cRA_V2_V5_electrode_s15,phase2/results/predictions/full/mixed/resnet/seed_29/bandpass_n20005_cRA_V2_V5_electrode_s15.npz,76364,cae1e511d7c980bcd2085198d9a95bf21512ff923ea221cd09c79baeb76b8acc
resnet,mixed,29,bandpass_n20005_cRA_V2_V5_electrode_s10,phase2/results/predictions/full/mixed/resnet/seed_29/bandpass_n20005_cRA_V2_V5_electrode_s10.npz,76223,579758cd03c0f1eab03908706078e2219297330cca4380702232164a00668020
resnet,mixed,29,bandpass_n20005_cRA_V2_V5_electrode_s5,phase2/results/predictions/full/mixed/resnet/seed_29/bandpass_n20005_cRA_V2_V5_electrode_s5.npz,76027,5990020f5f1ce45ae5084c448336bc16e362aa324896e82d218cd8a62f3c4a15
resnet,mixed,29,bandpass_n20005_cRA_V2_V5_electrode_s0,phase2/results/predictions/full/mixed/resnet/seed_29/bandpass_n20005_cRA_V2_V5_electrode_s0.npz,75458,8ed696d7da14dda80373d7a91b254a196bd1a3b14ef48ce62da381f0e41cff9d
resnet,mixed,29,bandpass_n20005_cRA_V2_V5_covariance_s20,phase2/results/predictions/full/mixed/resnet/seed_29/bandpass_n20005_cRA_V2_V5_covariance_s20.npz,76380,f9845bb5711a4419b779f0a03d0f354f8c0da4537ebfa32fad0c5183d6cda961
resnet,mixed,29,bandpass_n20005_cRA_V2_V5_covariance_s15,phase2/results/predictions/full/mixed/resnet/seed_29/bandpass_n20005_cRA_V2_V5_covariance_s15.npz,76362,fc8ac3b10c9854fe2f26e1340910d1223885fc8a875af2730a43342126b47e01
resnet,mixed,29,bandpass_n20005_cRA_V2_V5_covariance_s10,phase2/results/predictions/full/mixed/resnet/seed_29/bandpass_n20005_cRA_V2_V5_covariance_s10.npz,76246,6c4b8b28c670216b806465d5795516a4bb300f86fdfa33831d31ee27103f3ade
resnet,mixed,29,bandpass_n20005_cRA_V2_V5_covariance_s5,phase2/results/predictions/full/mixed/resnet/seed_29/bandpass_n20005_cRA_V2_V5_covariance_s5.npz,76052,9294bbacbe28d8a2c05c8db15c0a56bf0913ad1af24ffb988e4a3a46018b49a8
resnet,mixed,29,bandpass_n20005_cRA_V2_V5_covariance_s0,phase2/results/predictions/full/mixed/resnet/seed_29/bandpass_n20005_cRA_V2_V5_covariance_s0.npz,75470,e14dd9dc60ed8d61637e4f39ce4495e417f95cbf0b1d60b81fb15193ee7d8c2f
resnet,mixed,29,bandpass_n20005_cLA_V3_V6_independent_rms_s20,phase2/results/predictions/full/mixed/resnet/seed_29/bandpass_n20005_cLA_V3_V6_independent_rms_s20.npz,76376,8d249fad92a6d8127100a71858b7b219bf7cc99976c43a84ae783eb10defba1d
resnet,mixed,29,bandpass_n20005_cLA_V3_V6_independent_rms_s15,phase2/results/predictions/full/mixed/resnet/seed_29/bandpass_n20005_cLA_V3_V6_independent_rms_s15.npz,76380,adf5781656e325976f4cb0521800eeca63900a5bdcd6b1944300d0f85cfb20af
resnet,mixed,29,bandpass_n20005_cLA_V3_V6_independent_rms_s10,phase2/results/predictions/full/mixed/resnet/seed_29/bandpass_n20005_cLA_V3_V6_independent_rms_s10.npz,76319,72c651cbca00c6f1364a2c9df6ed7ce46529ed867386b2cc37f41a8ac17a1b1c
resnet,mixed,29,bandpass_n20005_cLA_V3_V6_independent_rms_s5,phase2/results/predictions/full/mixed/resnet/seed_29/bandpass_n20005_cLA_V3_V6_independent_rms_s5.npz,76156,c42259684593ec2f82f50fd6b43c53e6c723e18da3d3f1c613ccaa50bf1a752b
resnet,mixed,29,bandpass_n20005_cLA_V3_V6_independent_rms_s0,phase2/results/predictions/full/mixed/resnet/seed_29/bandpass_n20005_cLA_V3_V6_independent_rms_s0.npz,75681,b7cd47e618fa658f475082bb674e65c29fd1e05dfb0d13bf99bdabf3c64a47de
resnet,mixed,29,bandpass_n20005_cLA_V3_V6_electrode_s20,phase2/results/predictions/full/mixed/resnet/seed_29/bandpass_n20005_cLA_V3_V6_electrode_s20.npz,76380,58a6843018eecca8bd891e2b8ea56a7b984da3c79c57996b15ff56557c52118f
resnet,mixed,29,bandpass_n20005_cLA_V3_V6_electrode_s15,phase2/results/predictions/full/mixed/resnet/seed_29/bandpass_n20005_cLA_V3_V6_electrode_s15.npz,76338,22266a9af416116b8da20571fd618c090b8c5932a98c90f732b7a131cefce92e
resnet,mixed,29,bandpass_n20005_cLA_V3_V6_electrode_s10,phase2/results/predictions/full/mixed/resnet/seed_29/bandpass_n20005_cLA_V3_V6_electrode_s10.npz,76279,8f344eefbf3fe366f9d0ebbe1d6621b4c4614a4e6eb3c3235364e586e12d903a
resnet,mixed,29,bandpass_n20005_cLA_V3_V6_electrode_s5,phase2/results/predictions/full/mixed/resnet/seed_29/bandpass_n20005_cLA_V3_V6_electrode_s5.npz,76078,ca7a332571d25f8a6f5e9ec061eb103517f8b16d00b4df880436e0a44a235daa
resnet,mixed,29,bandpass_n20005_cLA_V3_V6_electrode_s0,phase2/results/predictions/full/mixed/resnet/seed_29/bandpass_n20005_cLA_V3_V6_electrode_s0.npz,75577,48c6ba969933177327554d15edc02b651f35a67c89f4c8462f0a929c782b7671
resnet,mixed,29,bandpass_n20005_cLA_V3_V6_covariance_s20,phase2/results/predictions/full/mixed/resnet/seed_29/bandpass_n20005_cLA_V3_V6_covariance_s20.npz,76360,f2de7ec15a4963d30d7fe32c4a3667808854335e91b94bc39e3de49cece59108
resnet,mixed,29,bandpass_n20005_cLA_V3_V6_covariance_s15,phase2/results/predictions/full/mixed/resnet/seed_29/bandpass_n20005_cLA_V3_V6_covariance_s15.npz,76361,6c3c1e4fac8259a3d97b482acf566aa8d3271a5b0b61594ee97f3c9f245443f9
resnet,mixed,29,bandpass_n20005_cLA_V3_V6_covariance_s10,phase2/results/predictions/full/mixed/resnet/seed_29/bandpass_n20005_cLA_V3_V6_covariance_s10.npz,76314,fcff0d7996825dd6d1c82e4565730bc35a2a113dd03352d0980f9040dc1acff7
resnet,mixed,29,bandpass_n20005_cLA_V3_V6_covariance_s5,phase2/results/predictions/full/mixed/resnet/seed_29/bandpass_n20005_cLA_V3_V6_covariance_s5.npz,76080,e08d26ad70ae10fee44b00564e16987ff49275acb81efdff8acb675525980305
resnet,mixed,29,bandpass_n20005_cLA_V3_V6_covariance_s0,phase2/results/predictions/full/mixed/resnet/seed_29/bandpass_n20005_cLA_V3_V6_covariance_s0.npz,75554,d83357101388fabfada901c3aea5e07bf007bf92bf7b91e41798eb770f4f6c4b
resnet,mixed,29,bandpass_n20005_cLL_V1_V4_independent_rms_s20,phase2/results/predictions/full/mixed/resnet/seed_29/bandpass_n20005_cLL_V1_V4_independent_rms_s20.npz,76387,ee1c25279f956ea99cc7c8059906e8abd800721ea4a3672db8029b7dbbda63d0
resnet,mixed,29,bandpass_n20005_cLL_V1_V4_independent_rms_s15,phase2/results/predictions/full/mixed/resnet/seed_29/bandpass_n20005_cLL_V1_V4_independent_rms_s15.npz,76378,321a625f693c5aff959eb7618e84e15a3213964a7c74a5701831c04596cf722b
resnet,mixed,29,bandpass_n20005_cLL_V1_V4_independent_rms_s10,phase2/results/predictions/full/mixed/resnet/seed_29/bandpass_n20005_cLL_V1_V4_independent_rms_s10.npz,76378,75e8b4db10dbf7b50377a7b608f545bcc08f680c731151fb91d198ce7cb2b996
resnet,mixed,29,bandpass_n20005_cLL_V1_V4_independent_rms_s5,phase2/results/predictions/full/mixed/resnet/seed_29/bandpass_n20005_cLL_V1_V4_independent_rms_s5.npz,76123,5baaf9514df9d7247e208b1cc1595d1e96c0be4ebd138b1c2b3540efc0ec3d22
resnet,mixed,29,bandpass_n20005_cLL_V1_V4_independent_rms_s0,phase2/results/predictions/full/mixed/resnet/seed_29/bandpass_n20005_cLL_V1_V4_independent_rms_s0.npz,75697,15a880f00b18afe14c35d3387e2d1da9433b711ea0d0e4750ae6cf428b9d4ae8
resnet,mixed,29,bandpass_n20005_cLL_V1_V4_electrode_s20,phase2/results/predictions/full/mixed/resnet/seed_29/bandpass_n20005_cLL_V1_V4_electrode_s20.npz,76368,63b694ea487b2b7b47ba2712e002659f96d0fdcda3d2f3b0a8adb202f2e959f5
resnet,mixed,29,bandpass_n20005_cLL_V1_V4_electrode_s15,phase2/results/predictions/full/mixed/resnet/seed_29/bandpass_n20005_cLL_V1_V4_electrode_s15.npz,76343,3b8e1e30e99e046f5f8fe37e1b36176b2dc1bb182b6d9bd7b5e233266a21d23c
resnet,mixed,29,bandpass_n20005_cLL_V1_V4_electrode_s10,phase2/results/predictions/full/mixed/resnet/seed_29/bandpass_n20005_cLL_V1_V4_electrode_s10.npz,76268,d69c3dc408c663f0cc701107e3f2ce532cb64dcfedb9e2b765d81ff75327c978
resnet,mixed,29,bandpass_n20005_cLL_V1_V4_electrode_s5,phase2/results/predictions/full/mixed/resnet/seed_29/bandpass_n20005_cLL_V1_V4_electrode_s5.npz,76034,f9f39cc711d76748b1e740beb5d010a1b948277de381dcb6d47dcc0d0cb8f3b8
resnet,mixed,29,bandpass_n20005_cLL_V1_V4_electrode_s0,phase2/results/predictions/full/mixed/resnet/seed_29/bandpass_n20005_cLL_V1_V4_electrode_s0.npz,75638,fa424ee9d57bc0692edcbf0926372fcca216b797d18a9483decf9346bd24bd22
resnet,mixed,29,bandpass_n20005_cLL_V1_V4_covariance_s20,phase2/results/predictions/full/mixed/resnet/seed_29/bandpass_n20005_cLL_V1_V4_covariance_s20.npz,76376,787f4ca2708cb4ad483af6144b8fbc3f7be38ea961c4c9a1f4d985a62a914333
resnet,mixed,29,bandpass_n20005_cLL_V1_V4_covariance_s15,phase2/results/predictions/full/mixed/resnet/seed_29/bandpass_n20005_cLL_V1_V4_covariance_s15.npz,76368,8555ad120d047c5f388767bd5dd58d07d7dda43c706a4f080f7084b4715f0d28
resnet,mixed,29,bandpass_n20005_cLL_V1_V4_covariance_s10,phase2/results/predictions/full/mixed/resnet/seed_29/bandpass_n20005_cLL_V1_V4_covariance_s10.npz,76273,4b6ba69e5f989febc7312064b8f9a42e93b70f62912bfd77a86aef0c7f15da28
resnet,mixed,29,bandpass_n20005_cLL_V1_V4_covariance_s5,phase2/results/predictions/full/mixed/resnet/seed_29/bandpass_n20005_cLL_V1_V4_covariance_s5.npz,76029,cdf5d418597113f458b9095cbb6192c026956c65e01792dfb2cc3ac8ca0c7fd3
resnet,mixed,29,bandpass_n20005_cLL_V1_V4_covariance_s0,phase2/results/predictions/full/mixed/resnet/seed_29/bandpass_n20005_cLL_V1_V4_covariance_s0.npz,75630,770500462835d139fa38ea0eab8427fef46eca1a96550bfec6b1acc4a3537630
resnet,mixed,29,bandpass_n20005_call_independent_rms_s20,phase2/results/predictions/full/mixed/resnet/seed_29/bandpass_n20005_call_independent_rms_s20.npz,76375,24c1fae104bbdcad60c2869751838e1070a48c58486410cce5d948b470f9f1f8
resnet,mixed,29,bandpass_n20005_call_independent_rms_s15,phase2/results/predictions/full/mixed/resnet/seed_29/bandpass_n20005_call_independent_rms_s15.npz,76339,6502b8fc33c86ca3a500925e1f605881925ca8581e2eb0243998599ae36d0426
resnet,mixed,29,bandpass_n20005_call_independent_rms_s10,phase2/results/predictions/full/mixed/resnet/seed_29/bandpass_n20005_call_independent_rms_s10.npz,76275,131ac76f97255b61a3b0cd936b9f293731027acfd13cdbdd86068a88a561b429
resnet,mixed,29,bandpass_n20005_call_independent_rms_s5,phase2/results/predictions/full/mixed/resnet/seed_29/bandpass_n20005_call_independent_rms_s5.npz,76084,013e1cfc709e458eb38cf612b14baa979603c5c1f543b2bb2fefab0363ffe003
resnet,mixed,29,bandpass_n20005_call_independent_rms_s0,phase2/results/predictions/full/mixed/resnet/seed_29/bandpass_n20005_call_independent_rms_s0.npz,75621,c0f47d951d620ef2fd983d6d9da08c145c0c893f236e33b89f75323a51366472
resnet,mixed,29,bandpass_n20005_call_electrode_s20,phase2/results/predictions/full/mixed/resnet/seed_29/bandpass_n20005_call_electrode_s20.npz,76341,1df6879d9db671b94a74ed5df1b4d1c89aed4523fa7ea38d8c700111067dc716
resnet,mixed,29,bandpass_n20005_call_electrode_s15,phase2/results/predictions/full/mixed/resnet/seed_29/bandpass_n20005_call_electrode_s15.npz,76334,0901b4cfd933f9315cb8237ca5eae51bcf134cc6ff8dfd70f7d3731d2a496413
resnet,mixed,29,bandpass_n20005_call_electrode_s10,phase2/results/predictions/full/mixed/resnet/seed_29/bandpass_n20005_call_electrode_s10.npz,76251,605bd62cc94e8194aedcecce64236745e66b546f2dea74865e8e8dd8d5f35874
resnet,mixed,29,bandpass_n20005_call_electrode_s5,phase2/results/predictions/full/mixed/resnet/seed_29/bandpass_n20005_call_electrode_s5.npz,75981,ed05353848ec7b7312f4f85d55d66d7bb72da178056c5a62317f1ccf4cb8e2ae
resnet,mixed,29,bandpass_n20005_call_electrode_s0,phase2/results/predictions/full/mixed/resnet/seed_29/bandpass_n20005_call_electrode_s0.npz,75504,16de912c0b63fdefbdd3442069c498c3ef5c7fd5e1ebd1ebf4dfe0dfa6f52ed8
resnet,mixed,29,bandpass_n20005_call_covariance_s20,phase2/results/predictions/full/mixed/resnet/seed_29/bandpass_n20005_call_covariance_s20.npz,76371,2729dd489654b693594d80ca19db28faf1d930257790a2e961f9cedc546ca2fe
resnet,mixed,29,bandpass_n20005_call_covariance_s15,phase2/results/predictions/full/mixed/resnet/seed_29/bandpass_n20005_call_covariance_s15.npz,76352,d75b2046fb30c29a0a15d2342051ff3e63770a128619f31f27cd1fab3eee199e
resnet,mixed,29,bandpass_n20005_call_covariance_s10,phase2/results/predictions/full/mixed/resnet/seed_29/bandpass_n20005_call_covariance_s10.npz,76258,24dff3df8d90cc8466aed9afb95cfa36c679f40fb3fc339d3279a1513213f188
resnet,mixed,29,bandpass_n20005_call_covariance_s5,phase2/results/predictions/full/mixed/resnet/seed_29/bandpass_n20005_call_covariance_s5.npz,76020,a29fb934cf8e036b9c459339b5f38c8d129aded6db02808779dfadc9a395d304
resnet,mixed,29,bandpass_n20005_call_covariance_s0,phase2/results/predictions/full/mixed/resnet/seed_29/bandpass_n20005_call_covariance_s0.npz,75489,34ae0da2a49740938dc3fa55dc510962d1005b1994805f66e861db7b82eb45d5
resnet,mixed,29,bw_n20001_call_independent_rms_s20,phase2/results/predictions/full/mixed/resnet/seed_29/bw_n20001_call_independent_rms_s20.npz,76375,31891f6aeaa9637478825deb5f081db73c297f76a715d484d634662b190c80f4
resnet,mixed,29,bw_n20001_call_independent_rms_s10,phase2/results/predictions/full/mixed/resnet/seed_29/bw_n20001_call_independent_rms_s10.npz,76322,5e30bbe3c42ddbf24976dde3c9ac8ca82158c5ec7edbca33d9d176c07b49d4da
resnet,mixed,29,bw_n20001_call_independent_rms_s0,phase2/results/predictions/full/mixed/resnet/seed_29/bw_n20001_call_independent_rms_s0.npz,76013,0a151d2b3d9a9280883a5f3191d50421aed1d686abf92ca95ef733c882d2c375
resnet,mixed,29,bw_n20001_call_electrode_s20,phase2/results/predictions/full/mixed/resnet/seed_29/bw_n20001_call_electrode_s20.npz,76352,61702eb480f4676a894d833ea32609f1839df95b6c5bab4b2fa5f0bf0cfca47b
resnet,mixed,29,bw_n20001_call_electrode_s10,phase2/results/predictions/full/mixed/resnet/seed_29/bw_n20001_call_electrode_s10.npz,76252,88f9c3e63cb132220d550124dd909a8ef813693614a3981eb532e7d31c3ea346
resnet,mixed,29,bw_n20001_call_electrode_s0,phase2/results/predictions/full/mixed/resnet/seed_29/bw_n20001_call_electrode_s0.npz,75933,d28e082e1fe5cd5817362c8066ec1c427ce8549cefabc80884f454b19bc87dc4
resnet,mixed,29,bw_n20001_call_covariance_s20,phase2/results/predictions/full/mixed/resnet/seed_29/bw_n20001_call_covariance_s20.npz,76328,705b08a342f47637d3d1bece2ea22913223418c64a99e05e7d471b8d7260e427
resnet,mixed,29,bw_n20001_call_covariance_s10,phase2/results/predictions/full/mixed/resnet/seed_29/bw_n20001_call_covariance_s10.npz,76285,0e7f422af5fa0e341d4594379f4867fac766c145f589b6a67d411dbfd855863f
resnet,mixed,29,bw_n20001_call_covariance_s0,phase2/results/predictions/full/mixed/resnet/seed_29/bw_n20001_call_covariance_s0.npz,75933,a6233e5e457a1b9cf1fc619adc25ecc066eab9ff08526fd86e419b7239e2c86c
resnet,mixed,29,bw_n20002_call_independent_rms_s20,phase2/results/predictions/full/mixed/resnet/seed_29/bw_n20002_call_independent_rms_s20.npz,76356,0b2881158f3e646a8eef875a8c3dbdc486ba14d6cf84b132e8c1b19d9e6a11a7
resnet,mixed,29,bw_n20002_call_independent_rms_s10,phase2/results/predictions/full/mixed/resnet/seed_29/bw_n20002_call_independent_rms_s10.npz,76303,2733474216cd629516f18eefb64b8dde1e3646d0e11e5a59fe487379b92cbaa9
resnet,mixed,29,bw_n20002_call_independent_rms_s0,phase2/results/predictions/full/mixed/resnet/seed_29/bw_n20002_call_independent_rms_s0.npz,76009,b56892806533830fb0278afbeadab104df1f65e90033a1614e53454a76a71fc3
resnet,mixed,29,bw_n20002_call_electrode_s20,phase2/results/predictions/full/mixed/resnet/seed_29/bw_n20002_call_electrode_s20.npz,76354,af47a1316a5f3990fce3899a4e9ae9fc16e17631c3714f49bf1945aac2efc7c9
resnet,mixed,29,bw_n20002_call_electrode_s10,phase2/results/predictions/full/mixed/resnet/seed_29/bw_n20002_call_electrode_s10.npz,76312,b1642912f76e73e035b850d2ce1f3b5273cb160144af6e6f5e8889b2ee1a999f
resnet,mixed,29,bw_n20002_call_electrode_s0,phase2/results/predictions/full/mixed/resnet/seed_29/bw_n20002_call_electrode_s0.npz,75940,b4c927ec9fd21d55ac3f9724cf58d080e80de3efe29a523a0e018f9c6f8049ec
resnet,mixed,29,bw_n20002_call_covariance_s20,phase2/results/predictions/full/mixed/resnet/seed_29/bw_n20002_call_covariance_s20.npz,76345,c0cb9ca9d6fd71d6d8d4227e9d72ddcd9619680d9be5cdabe642457c91a9a31e
resnet,mixed,29,bw_n20002_call_covariance_s10,phase2/results/predictions/full/mixed/resnet/seed_29/bw_n20002_call_covariance_s10.npz,76303,6e53f83a1f12a801572f34e4f1cec73a2e343d60c47d191e1913bae6c87e032a
resnet,mixed,29,bw_n20002_call_covariance_s0,phase2/results/predictions/full/mixed/resnet/seed_29/bw_n20002_call_covariance_s0.npz,75962,adeb55660b78b2ba9fd3c8cc7cafd4c1c83f2f65c410ceac6f240a417250ecb3
resnet,mixed,29,bw_n20003_call_independent_rms_s20,phase2/results/predictions/full/mixed/resnet/seed_29/bw_n20003_call_independent_rms_s20.npz,76366,2a6084a09d34bc2516e7679216563ebb8a55cb8b5590ec2933ca85f07ee12e28
resnet,mixed,29,bw_n20003_call_independent_rms_s10,phase2/results/predictions/full/mixed/resnet/seed_29/bw_n20003_call_independent_rms_s10.npz,76337,3c9cf708b60decd6181321657f18c1bd0c4fcbbb6393cb0ad332145c364d0bb9
resnet,mixed,29,bw_n20003_call_independent_rms_s0,phase2/results/predictions/full/mixed/resnet/seed_29/bw_n20003_call_independent_rms_s0.npz,76008,1286599f3bf2d22119cfedc9cd09f7f10bcb69ddcc677adc7c311c5c64adc121
resnet,mixed,29,bw_n20003_call_electrode_s20,phase2/results/predictions/full/mixed/resnet/seed_29/bw_n20003_call_electrode_s20.npz,76363,ca9264b1eaac674a5732b45db1cabca339ec0c7e27c2e3a8724ca907996f1656
resnet,mixed,29,bw_n20003_call_electrode_s10,phase2/results/predictions/full/mixed/resnet/seed_29/bw_n20003_call_electrode_s10.npz,76298,2171ef8dfb204238c62f649d2928a5ceff2122af26ac4cd15c462ef33eb48743
resnet,mixed,29,bw_n20003_call_electrode_s0,phase2/results/predictions/full/mixed/resnet/seed_29/bw_n20003_call_electrode_s0.npz,75970,f1306e3384a6393aeca3eaa066f8e035cd3e4e25dd34d41ef9bd598fb578b5e5
resnet,mixed,29,bw_n20003_call_covariance_s20,phase2/results/predictions/full/mixed/resnet/seed_29/bw_n20003_call_covariance_s20.npz,76314,8fda447701d465f24fa08e238a667ea13a626fdc1a0c157d3295721a70e9880a
resnet,mixed,29,bw_n20003_call_covariance_s10,phase2/results/predictions/full/mixed/resnet/seed_29/bw_n20003_call_covariance_s10.npz,76310,31108116826ef961908ac2a601487f18b6fac6780e1674036c19a08c19162969
resnet,mixed,29,bw_n20003_call_covariance_s0,phase2/results/predictions/full/mixed/resnet/seed_29/bw_n20003_call_covariance_s0.npz,75958,8b2df6520efe8ea29796578287e20298567cc25ec7f2c7ab6b706243f401b058
resnet,mixed,29,bw_n20004_call_independent_rms_s20,phase2/results/predictions/full/mixed/resnet/seed_29/bw_n20004_call_independent_rms_s20.npz,76360,993ab9df93d3cccd9c0fbed37da799141fdc990c2a1065c1c6de80390c47675e
resnet,mixed,29,bw_n20004_call_independent_rms_s10,phase2/results/predictions/full/mixed/resnet/seed_29/bw_n20004_call_independent_rms_s10.npz,76307,69bc746be3c2ec47edfba56d60b94de5f196294c6dcf39be906abdaf5438862e
resnet,mixed,29,bw_n20004_call_independent_rms_s0,phase2/results/predictions/full/mixed/resnet/seed_29/bw_n20004_call_independent_rms_s0.npz,76024,97c613275134d49d2fce2c372ec6baed851520451c42d36a096c29ccc674936f
resnet,mixed,29,bw_n20004_call_electrode_s20,phase2/results/predictions/full/mixed/resnet/seed_29/bw_n20004_call_electrode_s20.npz,76350,9770f9eeeb769bb80122c914b6b4b78b3d3e6f99f52dcb76fcd95d6868a688ed
resnet,mixed,29,bw_n20004_call_electrode_s10,phase2/results/predictions/full/mixed/resnet/seed_29/bw_n20004_call_electrode_s10.npz,76329,131812628f41af40014203195f8d2c8ad44c8671202eef0e995742d35a36b76f
resnet,mixed,29,bw_n20004_call_electrode_s0,phase2/results/predictions/full/mixed/resnet/seed_29/bw_n20004_call_electrode_s0.npz,75946,f65553fbc73a23cd93828ab94f6fe21e297cb8e31c0a9dd57a4aab77a93b9572
resnet,mixed,29,bw_n20004_call_covariance_s20,phase2/results/predictions/full/mixed/resnet/seed_29/bw_n20004_call_covariance_s20.npz,76307,0c7ad9174f311076752d2ebdcc28873989d7ebb5c4bcda415b0eeaf15b0a0a70
resnet,mixed,29,bw_n20004_call_covariance_s10,phase2/results/predictions/full/mixed/resnet/seed_29/bw_n20004_call_covariance_s10.npz,76299,45342c1f0e6d3f29fe3161ac86a8ff001fef3e6a0f0b66c8c0bbb0ea1da74eab
resnet,mixed,29,bw_n20004_call_covariance_s0,phase2/results/predictions/full/mixed/resnet/seed_29/bw_n20004_call_covariance_s0.npz,75938,aff7dd26cea189b09cdca23473032645b2d5f3cb4801991fe224cbead7c7c244
resnet,mixed,29,bw_n20005_call_independent_rms_s20,phase2/results/predictions/full/mixed/resnet/seed_29/bw_n20005_call_independent_rms_s20.npz,76365,a283ba05cde5f67841cc4df27d42b63032a2ac5b01e15bbc6783a798d3915b84
resnet,mixed,29,bw_n20005_call_independent_rms_s10,phase2/results/predictions/full/mixed/resnet/seed_29/bw_n20005_call_independent_rms_s10.npz,76321,2f73428d03601f43033f81ede044aae68a9d19e031f4895f24d677aa5f99b786
resnet,mixed,29,bw_n20005_call_independent_rms_s0,phase2/results/predictions/full/mixed/resnet/seed_29/bw_n20005_call_independent_rms_s0.npz,76017,468e119b7abd8817b2f9943abb746ac62a743875057105a61f7d41a465e3fa09
resnet,mixed,29,bw_n20005_call_electrode_s20,phase2/results/predictions/full/mixed/resnet/seed_29/bw_n20005_call_electrode_s20.npz,76327,efdb4e737856d7714487bb448a6584cf666ab01bd9ec5f7908d83bac758bbafc
resnet,mixed,29,bw_n20005_call_electrode_s10,phase2/results/predictions/full/mixed/resnet/seed_29/bw_n20005_call_electrode_s10.npz,76280,dd54d5e849cbe90c2f57d759b65e5ad6790d97c1108400ee7c8f306ccdb52006
resnet,mixed,29,bw_n20005_call_electrode_s0,phase2/results/predictions/full/mixed/resnet/seed_29/bw_n20005_call_electrode_s0.npz,75954,93aa99bdfe77c330862f68b57e3d8364ca4eca258ff4c7c2d16af403e6ddeb30
resnet,mixed,29,bw_n20005_call_covariance_s20,phase2/results/predictions/full/mixed/resnet/seed_29/bw_n20005_call_covariance_s20.npz,76330,937064b4a014845af15911127110793961e75838f51e32a4f4efe3705a9c8561
resnet,mixed,29,bw_n20005_call_covariance_s10,phase2/results/predictions/full/mixed/resnet/seed_29/bw_n20005_call_covariance_s10.npz,76298,565b85e104fdab01f766f2af8edafc09d7ee3cbac236914e4543512a5d8027fc
resnet,mixed,29,bw_n20005_call_covariance_s0,phase2/results/predictions/full/mixed/resnet/seed_29/bw_n20005_call_covariance_s0.npz,75918,3431f1233148645c0d2d74a04ee5dc62d8bd607ea85f278c0143ddaeb70150ec
resnet,mixed,29,ma_n20001_call_independent_rms_s20,phase2/results/predictions/full/mixed/resnet/seed_29/ma_n20001_call_independent_rms_s20.npz,76325,ce190921a7948e72c9b635f2da47a81ee41c2cae8472c7a169a8ed1ca93b53ee
resnet,mixed,29,ma_n20001_call_independent_rms_s10,phase2/results/predictions/full/mixed/resnet/seed_29/ma_n20001_call_independent_rms_s10.npz,76329,d269499c90cb0ee91fe411822a71870cb410ad1a78cf7aef29f92d320924b46d
resnet,mixed,29,ma_n20001_call_independent_rms_s0,phase2/results/predictions/full/mixed/resnet/seed_29/ma_n20001_call_independent_rms_s0.npz,75907,dfc498049d8077e769ecd1ea6fe8f3f82e9d06ba93b49b9d752bacbbc196dd20
resnet,mixed,29,ma_n20001_call_electrode_s20,phase2/results/predictions/full/mixed/resnet/seed_29/ma_n20001_call_electrode_s20.npz,76338,fb4fd16580c87b92f2c49977c98f7760f8a7b6598219e83aa1e3d25d08b35588
resnet,mixed,29,ma_n20001_call_electrode_s10,phase2/results/predictions/full/mixed/resnet/seed_29/ma_n20001_call_electrode_s10.npz,76289,36b9aaf93bc78246cbc5fe9372bef04078a646d67de850cb3765b773ad92e2fe
resnet,mixed,29,ma_n20001_call_electrode_s0,phase2/results/predictions/full/mixed/resnet/seed_29/ma_n20001_call_electrode_s0.npz,75862,1531e1aec3ffc126618c1e617ca8c824df9f6caa5b1fe0679929a666eebc4567
resnet,mixed,29,ma_n20001_call_covariance_s20,phase2/results/predictions/full/mixed/resnet/seed_29/ma_n20001_call_covariance_s20.npz,76287,a84d943e200e579f03f778d0d0d2af55a8beda0a79fb2f73fafb028e582c0153
resnet,mixed,29,ma_n20001_call_covariance_s10,phase2/results/predictions/full/mixed/resnet/seed_29/ma_n20001_call_covariance_s10.npz,76273,526c823e29775c47979652d6cca68253adf895141449e8f07d763d57959353e7
resnet,mixed,29,ma_n20001_call_covariance_s0,phase2/results/predictions/full/mixed/resnet/seed_29/ma_n20001_call_covariance_s0.npz,75831,0f0ca1a9eb67f09fe217e9a136e9a35da14c65ff482f25e92210b3e3cc165ece
resnet,mixed,29,ma_n20002_call_independent_rms_s20,phase2/results/predictions/full/mixed/resnet/seed_29/ma_n20002_call_independent_rms_s20.npz,76335,7ee18f8e039c5f743b95f3dcd518d92fa04d530afade67afb8a9747a6bca3b03
resnet,mixed,29,ma_n20002_call_independent_rms_s10,phase2/results/predictions/full/mixed/resnet/seed_29/ma_n20002_call_independent_rms_s10.npz,76288,8585cfef59c9d6657cba7ee5c46ac56588078c731f4499a4d16d97c7223a26aa
resnet,mixed,29,ma_n20002_call_independent_rms_s0,phase2/results/predictions/full/mixed/resnet/seed_29/ma_n20002_call_independent_rms_s0.npz,75881,508e2ac22785fe60aa255602ad366f4fe9a702b93d7f19d33e7e274a03074bd3
resnet,mixed,29,ma_n20002_call_electrode_s20,phase2/results/predictions/full/mixed/resnet/seed_29/ma_n20002_call_electrode_s20.npz,76336,08c28d13db7f8381294cc2b34ee6be2614bf48d49554c8e260086fcfeeaebddf
resnet,mixed,29,ma_n20002_call_electrode_s10,phase2/results/predictions/full/mixed/resnet/seed_29/ma_n20002_call_electrode_s10.npz,76286,e79c803cd19c1025e2f2984795f8dc4d2771aabefbca37713f336fea55b1fcda
resnet,mixed,29,ma_n20002_call_electrode_s0,phase2/results/predictions/full/mixed/resnet/seed_29/ma_n20002_call_electrode_s0.npz,75880,3023d4cdf6ecf480ad47570fcd03bed0159fd401f4bef19ee08680bebf069d63
resnet,mixed,29,ma_n20002_call_covariance_s20,phase2/results/predictions/full/mixed/resnet/seed_29/ma_n20002_call_covariance_s20.npz,76330,792e8946cef7096bc8181a41d169d4840a9017cdb4312d77a7f6f144900891a1
resnet,mixed,29,ma_n20002_call_covariance_s10,phase2/results/predictions/full/mixed/resnet/seed_29/ma_n20002_call_covariance_s10.npz,76259,f52a23685ca6149b767d8fc1219fadfae663993c67d7ce980d6ebae289fbc7aa
resnet,mixed,29,ma_n20002_call_covariance_s0,phase2/results/predictions/full/mixed/resnet/seed_29/ma_n20002_call_covariance_s0.npz,75865,9b1d7ca2e4b6d9e714cb4f84b0f9fc9bae329e439c5e2d6844f384447d6336a2
resnet,mixed,29,ma_n20003_call_independent_rms_s20,phase2/results/predictions/full/mixed/resnet/seed_29/ma_n20003_call_independent_rms_s20.npz,76376,4f7413452bc52b47b437b2b5fb83683e6ddc2fa2a2fd7b2e179eec27c506bd63
resnet,mixed,29,ma_n20003_call_independent_rms_s10,phase2/results/predictions/full/mixed/resnet/seed_29/ma_n20003_call_independent_rms_s10.npz,76303,8cd578f96c093b85045167ba31cf873cb444a139a08d36cd5d1895664f1fb6aa
resnet,mixed,29,ma_n20003_call_independent_rms_s0,phase2/results/predictions/full/mixed/resnet/seed_29/ma_n20003_call_independent_rms_s0.npz,75877,7a97a674e0a43d5ebff11049dc7bdffb76c87b894a1a96559ec87fe94ef9f7cb
resnet,mixed,29,ma_n20003_call_electrode_s20,phase2/results/predictions/full/mixed/resnet/seed_29/ma_n20003_call_electrode_s20.npz,76322,db40240398f965832b9668b3f7e60ba95df19802fe2923134bec8e1daa47b340
resnet,mixed,29,ma_n20003_call_electrode_s10,phase2/results/predictions/full/mixed/resnet/seed_29/ma_n20003_call_electrode_s10.npz,76282,9d6411dc2e0f794d17b8c72d4527703e7cb779f7b4774a1445d2540173dcd957
resnet,mixed,29,ma_n20003_call_electrode_s0,phase2/results/predictions/full/mixed/resnet/seed_29/ma_n20003_call_electrode_s0.npz,75840,48f176431a39d534ee7224f2d311f4c76be95cabf174d48512043a5ef6a5a77a
resnet,mixed,29,ma_n20003_call_covariance_s20,phase2/results/predictions/full/mixed/resnet/seed_29/ma_n20003_call_covariance_s20.npz,76346,dd3bd874e1954e45c7f4274ffc338ac26a1199b64795bc4a6d7df6460bfac72a
resnet,mixed,29,ma_n20003_call_covariance_s10,phase2/results/predictions/full/mixed/resnet/seed_29/ma_n20003_call_covariance_s10.npz,76308,9b5ff3e39e9492d6572ad84cafc469cc701d09a83fc9d23673c2b4f8cb0b5cbd
resnet,mixed,29,ma_n20003_call_covariance_s0,phase2/results/predictions/full/mixed/resnet/seed_29/ma_n20003_call_covariance_s0.npz,75834,1aeb1edbee31354628fd360e2e8292b4a0b97eaed1346f0e89b2ecd08581abf8
resnet,mixed,29,ma_n20004_call_independent_rms_s20,phase2/results/predictions/full/mixed/resnet/seed_29/ma_n20004_call_independent_rms_s20.npz,76357,e67bee6c934279f682f751c2e3adb2905f6ef61bcfc052a8eb5f517fd46bb204
resnet,mixed,29,ma_n20004_call_independent_rms_s10,phase2/results/predictions/full/mixed/resnet/seed_29/ma_n20004_call_independent_rms_s10.npz,76344,f05453efd023a8a1487da6463a63e906f2cf5060c470966ee04f450243f48601
resnet,mixed,29,ma_n20004_call_independent_rms_s0,phase2/results/predictions/full/mixed/resnet/seed_29/ma_n20004_call_independent_rms_s0.npz,75919,797b5598a05990274a2a8de7dfb9c1823562204df2ce0e15ece376d428379f37
resnet,mixed,29,ma_n20004_call_electrode_s20,phase2/results/predictions/full/mixed/resnet/seed_29/ma_n20004_call_electrode_s20.npz,76327,ee86a8c99c0ec545cee4a3bc367c12d60bccc9aee777739cf2d9b62802b1d68a
resnet,mixed,29,ma_n20004_call_electrode_s10,phase2/results/predictions/full/mixed/resnet/seed_29/ma_n20004_call_electrode_s10.npz,76278,19baf72de259bdbcedb4634ef190c1257687ee63e57243f1d0555a04810b2f7c
resnet,mixed,29,ma_n20004_call_electrode_s0,phase2/results/predictions/full/mixed/resnet/seed_29/ma_n20004_call_electrode_s0.npz,75823,3b73db09261e077884166b548ca535e3bd43b0583e55ead387f4a1d92ef1d4a0
resnet,mixed,29,ma_n20004_call_covariance_s20,phase2/results/predictions/full/mixed/resnet/seed_29/ma_n20004_call_covariance_s20.npz,76392,010ec3b7632da045bc0736cf8d8517d4acb8bb77cc1d0e39a564e91470928375
resnet,mixed,29,ma_n20004_call_covariance_s10,phase2/results/predictions/full/mixed/resnet/seed_29/ma_n20004_call_covariance_s10.npz,76282,e2fefa424bcda136506fcbc9837598a02305090417abf547e32949b86a2e41cb
resnet,mixed,29,ma_n20004_call_covariance_s0,phase2/results/predictions/full/mixed/resnet/seed_29/ma_n20004_call_covariance_s0.npz,75842,396bd0e77387af69e3557df111bd8f6b8d45196cff6b8aa632407dfa9817e772
resnet,mixed,29,ma_n20005_call_independent_rms_s20,phase2/results/predictions/full/mixed/resnet/seed_29/ma_n20005_call_independent_rms_s20.npz,76307,4596f9ace3ed1eceb2c6374727c13e858638faddbe0c3f519954f52e5ab70fbe
resnet,mixed,29,ma_n20005_call_independent_rms_s10,phase2/results/predictions/full/mixed/resnet/seed_29/ma_n20005_call_independent_rms_s10.npz,76291,7b14907de345c2205111401a4073396936a52e4ed00300b71ee027d6b8aeb0c2
resnet,mixed,29,ma_n20005_call_independent_rms_s0,phase2/results/predictions/full/mixed/resnet/seed_29/ma_n20005_call_independent_rms_s0.npz,75923,aeaae4572ae6ad22967169460c739606aae7ff0304e220d170bba68aea91c04e
resnet,mixed,29,ma_n20005_call_electrode_s20,phase2/results/predictions/full/mixed/resnet/seed_29/ma_n20005_call_electrode_s20.npz,76348,11831037b62a5aba7e1c176329024482964c2e7dbb78e504437fff5625ffd51b
resnet,mixed,29,ma_n20005_call_electrode_s10,phase2/results/predictions/full/mixed/resnet/seed_29/ma_n20005_call_electrode_s10.npz,76279,45bef4b36fdad1b3d527aa943f0d49312744e4710d022386ab522f631ba0f637
resnet,mixed,29,ma_n20005_call_electrode_s0,phase2/results/predictions/full/mixed/resnet/seed_29/ma_n20005_call_electrode_s0.npz,75874,bd57bd2ac2ec1a970a3b7e900b2ba6b212d2fb47e60f12ec651b31b6875ca6bb
resnet,mixed,29,ma_n20005_call_covariance_s20,phase2/results/predictions/full/mixed/resnet/seed_29/ma_n20005_call_covariance_s20.npz,76336,ef96bf2cd5387c8f3239ff20d50c6cf7b26e3f9f7aa8ea0db060e3c46660b64b
resnet,mixed,29,ma_n20005_call_covariance_s10,phase2/results/predictions/full/mixed/resnet/seed_29/ma_n20005_call_covariance_s10.npz,76281,4a1e56325e6cfc36bb56f7a39a9641e8a6e2a704be788a47d89de2c35027a881
resnet,mixed,29,ma_n20005_call_covariance_s0,phase2/results/predictions/full/mixed/resnet/seed_29/ma_n20005_call_covariance_s0.npz,75813,0ecc779ac4a4fd36c1134c960fbccfe097554affacf0fc4ccb490601d5bf3a9b
resnet,mixed,29,em_n20001_call_independent_rms_s20,phase2/results/predictions/full/mixed/resnet/seed_29/em_n20001_call_independent_rms_s20.npz,76333,6cd2f668e9c6d2b5a60a02bd4ba8a3a122b8dccd28f48554b46fc607a919b0ed
resnet,mixed,29,em_n20001_call_independent_rms_s10,phase2/results/predictions/full/mixed/resnet/seed_29/em_n20001_call_independent_rms_s10.npz,76289,950791a6bb725d714dd8454f43bebae1f95e49bd571537cbd900ecc7da103ade
resnet,mixed,29,em_n20001_call_independent_rms_s0,phase2/results/predictions/full/mixed/resnet/seed_29/em_n20001_call_independent_rms_s0.npz,75821,3fd4bcc8a33892d2682e56a6e8f55d858c920ea33d6d2c01dc7929e4e18268e2
resnet,mixed,29,em_n20001_call_electrode_s20,phase2/results/predictions/full/mixed/resnet/seed_29/em_n20001_call_electrode_s20.npz,76325,04705e706a518dc423c6bcb4f0f5bc26f4cb3a57e3df0353ca44738b4983a234
resnet,mixed,29,em_n20001_call_electrode_s10,phase2/results/predictions/full/mixed/resnet/seed_29/em_n20001_call_electrode_s10.npz,76217,c898a33d0d42def4291857c79895b7133524e414cec8ce0b2c382d8fd1dcdd49
resnet,mixed,29,em_n20001_call_electrode_s0,phase2/results/predictions/full/mixed/resnet/seed_29/em_n20001_call_electrode_s0.npz,75670,3e992e9411351bef8838310324a79c03f15dbef768e6728d7d7e05320d2b82f5
resnet,mixed,29,em_n20001_call_covariance_s20,phase2/results/predictions/full/mixed/resnet/seed_29/em_n20001_call_covariance_s20.npz,76323,da5cd4298d1aa8541a8f805fbae87e419176eca94b86294df7e4967028c7eaa8
resnet,mixed,29,em_n20001_call_covariance_s10,phase2/results/predictions/full/mixed/resnet/seed_29/em_n20001_call_covariance_s10.npz,76235,52ad0398d7c8fff40ff90d94d56c331f4356b66914f29394e6b29207027152a7
resnet,mixed,29,em_n20001_call_covariance_s0,phase2/results/predictions/full/mixed/resnet/seed_29/em_n20001_call_covariance_s0.npz,75624,d6abde2f27c0378f3f144dd61d031c7f5148d48ff4e641e962bc04f17c6ea507
resnet,mixed,29,em_n20002_call_independent_rms_s20,phase2/results/predictions/full/mixed/resnet/seed_29/em_n20002_call_independent_rms_s20.npz,76360,55aa92973fa0f97a3e2d0e8e027f35ecc5f824fc289ace23a21a4157eeb915ab
resnet,mixed,29,em_n20002_call_independent_rms_s10,phase2/results/predictions/full/mixed/resnet/seed_29/em_n20002_call_independent_rms_s10.npz,76288,896981936d747ec0b91941cbe9410ad64e97b877f0ad0b0a28a5b9d500a9ccf0
resnet,mixed,29,em_n20002_call_independent_rms_s0,phase2/results/predictions/full/mixed/resnet/seed_29/em_n20002_call_independent_rms_s0.npz,75879,0e4a504c806ce2459c49700afb46c10ae8eef91c49ff37c87951dcac6ebb2dd5
resnet,mixed,29,em_n20002_call_electrode_s20,phase2/results/predictions/full/mixed/resnet/seed_29/em_n20002_call_electrode_s20.npz,76334,8bebdcf6c62eb43dc2524c5dbb7de555735086ded11173ed07afd0cfd96475e7
resnet,mixed,29,em_n20002_call_electrode_s10,phase2/results/predictions/full/mixed/resnet/seed_29/em_n20002_call_electrode_s10.npz,76197,05af2af4b485e6e2f4c00555508d9d7668c7bf3d6c5343470a9b21128d159719
resnet,mixed,29,em_n20002_call_electrode_s0,phase2/results/predictions/full/mixed/resnet/seed_29/em_n20002_call_electrode_s0.npz,75642,dcb59eb8c835af5ecbddfcd955fa1849af89c53b9f3bb9c9bd6fd2a0d6798f00
resnet,mixed,29,em_n20002_call_covariance_s20,phase2/results/predictions/full/mixed/resnet/seed_29/em_n20002_call_covariance_s20.npz,76342,4a664d3f500cd08f74d39166a8966173e3cf7d7dffc0b4af54950e75c7954ab6
resnet,mixed,29,em_n20002_call_covariance_s10,phase2/results/predictions/full/mixed/resnet/seed_29/em_n20002_call_covariance_s10.npz,76198,69963be7a9a4d8e8263f48727ad0b78fca1089957e2d21896dc0d9930939cab9
resnet,mixed,29,em_n20002_call_covariance_s0,phase2/results/predictions/full/mixed/resnet/seed_29/em_n20002_call_covariance_s0.npz,75638,2e768b46c4243e0712b5e63c3ddf3ce261b2fbeb037eaa38e700fa3c2430bbd2
resnet,mixed,29,em_n20003_call_independent_rms_s20,phase2/results/predictions/full/mixed/resnet/seed_29/em_n20003_call_independent_rms_s20.npz,76366,11824391efab3945a445c6472208417430347f516b5d4a6a277bc969efe52bf5
resnet,mixed,29,em_n20003_call_independent_rms_s10,phase2/results/predictions/full/mixed/resnet/seed_29/em_n20003_call_independent_rms_s10.npz,76281,38f5202b53c2f6ad370c84fbd88c1fed249273fb82a8f578c0352c354ca5bb14
resnet,mixed,29,em_n20003_call_independent_rms_s0,phase2/results/predictions/full/mixed/resnet/seed_29/em_n20003_call_independent_rms_s0.npz,75829,4fa9eb081a53418de2cacbcd819f541c337acadead581051c3b44f0b00b099c3
resnet,mixed,29,em_n20003_call_electrode_s20,phase2/results/predictions/full/mixed/resnet/seed_29/em_n20003_call_electrode_s20.npz,76316,285c484b10e6edd79aec7126f3019eeecb6898c3ac6eaa70f09adc4ccc0cd2b1
resnet,mixed,29,em_n20003_call_electrode_s10,phase2/results/predictions/full/mixed/resnet/seed_29/em_n20003_call_electrode_s10.npz,76191,b81353da15219055d1967fec9099eca09d16ef8859c3bd1c759e58502c889c4e
resnet,mixed,29,em_n20003_call_electrode_s0,phase2/results/predictions/full/mixed/resnet/seed_29/em_n20003_call_electrode_s0.npz,75696,07807e79d244054a9228ab48d4b75a56904f92cff1e94ed6b98567121884f8b2
resnet,mixed,29,em_n20003_call_covariance_s20,phase2/results/predictions/full/mixed/resnet/seed_29/em_n20003_call_covariance_s20.npz,76351,3b92c84b99f686f7eff9419c5b6caf30e10572db240c63589e72ac56f77ad9dd
resnet,mixed,29,em_n20003_call_covariance_s10,phase2/results/predictions/full/mixed/resnet/seed_29/em_n20003_call_covariance_s10.npz,76216,128ae2294505735364b1da70673578d3a5e2d94c9ea4b67d71e2ea364c0e6326
resnet,mixed,29,em_n20003_call_covariance_s0,phase2/results/predictions/full/mixed/resnet/seed_29/em_n20003_call_covariance_s0.npz,75646,2d1e6d94a3471edc2ee74280fa3b92f029fa64754096a7e729bf5984c8715de3
resnet,mixed,29,em_n20004_call_independent_rms_s20,phase2/results/predictions/full/mixed/resnet/seed_29/em_n20004_call_independent_rms_s20.npz,76362,69f1b8221f76d99e2fc9f984f73cc7c53381cb4d1f9e6c34bec3d6b72176204c
resnet,mixed,29,em_n20004_call_independent_rms_s10,phase2/results/predictions/full/mixed/resnet/seed_29/em_n20004_call_independent_rms_s10.npz,76261,eeeb185924b6213fc3bc90225287caba600ace7ab38ea79b64d91787432c533e
resnet,mixed,29,em_n20004_call_independent_rms_s0,phase2/results/predictions/full/mixed/resnet/seed_29/em_n20004_call_independent_rms_s0.npz,75804,105a6711b316de1fb8c8c337744bc45d17d558c68093cc38b3e7f70bd2dd29e0
resnet,mixed,29,em_n20004_call_electrode_s20,phase2/results/predictions/full/mixed/resnet/seed_29/em_n20004_call_electrode_s20.npz,76349,b9938e8c97ae62a0d82319e497306218f975802fa3a8fc058eda55f88fccea01
resnet,mixed,29,em_n20004_call_electrode_s10,phase2/results/predictions/full/mixed/resnet/seed_29/em_n20004_call_electrode_s10.npz,76209,ae679f0a7e413d08ccbfc3a5e088bebda86a668527511aa64344bc07c9dbc6de
resnet,mixed,29,em_n20004_call_electrode_s0,phase2/results/predictions/full/mixed/resnet/seed_29/em_n20004_call_electrode_s0.npz,75655,731cbb92bf0f680856c71495694bfa5e0865eaac6c1f9e17f60ba402cdd94899
resnet,mixed,29,em_n20004_call_covariance_s20,phase2/results/predictions/full/mixed/resnet/seed_29/em_n20004_call_covariance_s20.npz,76310,6ed1c08956d05137bd932bf75577e3d7f81536342748184434385290d18f3764
resnet,mixed,29,em_n20004_call_covariance_s10,phase2/results/predictions/full/mixed/resnet/seed_29/em_n20004_call_covariance_s10.npz,76193,1ca730d66e563a17181e36f6c01a651767a91155733a0308842e6bae93cecc25
resnet,mixed,29,em_n20004_call_covariance_s0,phase2/results/predictions/full/mixed/resnet/seed_29/em_n20004_call_covariance_s0.npz,75644,44590b7edb48086b5f22a6208da30d6026eafb28e805103c33f953c6fff700b5
resnet,mixed,29,em_n20005_call_independent_rms_s20,phase2/results/predictions/full/mixed/resnet/seed_29/em_n20005_call_independent_rms_s20.npz,76345,fb1f58e0c9cefab93229c246b9809222b9b3799ca63f754df97cc408071c9fe4
resnet,mixed,29,em_n20005_call_independent_rms_s10,phase2/results/predictions/full/mixed/resnet/seed_29/em_n20005_call_independent_rms_s10.npz,76283,6d27b42a2e1631f13404ae5ac8305264fff6e5573d9cf59cef63e9c9bd2c2b80
resnet,mixed,29,em_n20005_call_independent_rms_s0,phase2/results/predictions/full/mixed/resnet/seed_29/em_n20005_call_independent_rms_s0.npz,75815,75a66a9a19e259d45e5593a3157ce730213fa4f6a4bac824be82bff04709f782
resnet,mixed,29,em_n20005_call_electrode_s20,phase2/results/predictions/full/mixed/resnet/seed_29/em_n20005_call_electrode_s20.npz,76348,ce6570d21d8eab6dd7ac8990072403cc6390838ed0aba2ae8e6bf55a151ea63a
resnet,mixed,29,em_n20005_call_electrode_s10,phase2/results/predictions/full/mixed/resnet/seed_29/em_n20005_call_electrode_s10.npz,76221,7ef2b7ba8bb623cdd4d3fbb46bc81911e15dc33e071049695481656a1be02db6
resnet,mixed,29,em_n20005_call_electrode_s0,phase2/results/predictions/full/mixed/resnet/seed_29/em_n20005_call_electrode_s0.npz,75660,19183de69f5a13d5c675c6fbd4b33098648f9252b688e75523876dad9b6f6ccd
resnet,mixed,29,em_n20005_call_covariance_s20,phase2/results/predictions/full/mixed/resnet/seed_29/em_n20005_call_covariance_s20.npz,76328,b7d0c24d3de697b92a15751db6a8324309c37b1f4cd347a735a0537490dbaf17
resnet,mixed,29,em_n20005_call_covariance_s10,phase2/results/predictions/full/mixed/resnet/seed_29/em_n20005_call_covariance_s10.npz,76217,ff9666f0b928bc51a1d6263f0cb6433e2ccd47db7b1bc66282506e1f6e760c21
resnet,mixed,29,em_n20005_call_covariance_s0,phase2/results/predictions/full/mixed/resnet/seed_29/em_n20005_call_covariance_s0.npz,75626,8ade00b23d16aa26f9503921625f7292f2562f905ffe5fc47a70b840e74db8d6
resnet,clean_only,43,clean,phase2/results/predictions/full/clean_only/resnet/seed_43/clean.npz,76414,bddc48643bbe013d5a442897f6f2cca9cf03b5a05803824ca9c4c16fee5da649
resnet,clean_only,43,bandpass_n20001_cRA_LA_LL_independent_rms_s20,phase2/results/predictions/full/clean_only/resnet/seed_43/bandpass_n20001_cRA_LA_LL_independent_rms_s20.npz,76466,4f93420b7ca28691fb3dcf6e2a2e00467e25b58466cb57e9dea08ac5425e8e23
resnet,clean_only,43,bandpass_n20001_cRA_LA_LL_independent_rms_s15,phase2/results/predictions/full/clean_only/resnet/seed_43/bandpass_n20001_cRA_LA_LL_independent_rms_s15.npz,76383,b9f9be596e122d31773975ad64e6f3f33c5732be942204363a004a8096004b69
resnet,clean_only,43,bandpass_n20001_cRA_LA_LL_independent_rms_s10,phase2/results/predictions/full/clean_only/resnet/seed_43/bandpass_n20001_cRA_LA_LL_independent_rms_s10.npz,76268,4f76babe686d35f8e624725f7a08f4cb223e3763cfb9aeb60e7724204c7fdb12
resnet,clean_only,43,bandpass_n20001_cRA_LA_LL_independent_rms_s5,phase2/results/predictions/full/clean_only/resnet/seed_43/bandpass_n20001_cRA_LA_LL_independent_rms_s5.npz,76038,7781f381d3d777992b8e5218f3a74d9c7bbcc8b8bb37fb1e3984051e66d8507a
resnet,clean_only,43,bandpass_n20001_cRA_LA_LL_independent_rms_s0,phase2/results/predictions/full/clean_only/resnet/seed_43/bandpass_n20001_cRA_LA_LL_independent_rms_s0.npz,75583,300a9daeab6946602de680623bc1d171086c641b551d6df17e26b5eafddc6ff2
resnet,clean_only,43,bandpass_n20001_cRA_LA_LL_electrode_s20,phase2/results/predictions/full/clean_only/resnet/seed_43/bandpass_n20001_cRA_LA_LL_electrode_s20.npz,76422,5b81c08a78f21fb435777718f3a51a8d0de0afe16d22333927f76ab0f3989a93
resnet,clean_only,43,bandpass_n20001_cRA_LA_LL_electrode_s15,phase2/results/predictions/full/clean_only/resnet/seed_43/bandpass_n20001_cRA_LA_LL_electrode_s15.npz,76359,051f1908aa18146cf8ab69af78e1e4123095e09c5a6ee1f9e03e48ef7b03c348
resnet,clean_only,43,bandpass_n20001_cRA_LA_LL_electrode_s10,phase2/results/predictions/full/clean_only/resnet/seed_43/bandpass_n20001_cRA_LA_LL_electrode_s10.npz,76193,efeac196a7d9cb0dc8b52ed3d3d068e6f313da3aa7a09ef6d902bcbfdc879ab9
resnet,clean_only,43,bandpass_n20001_cRA_LA_LL_electrode_s5,phase2/results/predictions/full/clean_only/resnet/seed_43/bandpass_n20001_cRA_LA_LL_electrode_s5.npz,75923,f02a9eccdeb5c6f69c30455c35edb57c57c00af1d91a2b6f7481bba5008cc6ea
resnet,clean_only,43,bandpass_n20001_cRA_LA_LL_electrode_s0,phase2/results/predictions/full/clean_only/resnet/seed_43/bandpass_n20001_cRA_LA_LL_electrode_s0.npz,75611,9620dfad040439f9fcc78bdbfddb9d86be433abf4ea984928ca1901ba5b21a3b
resnet,clean_only,43,bandpass_n20001_cRA_LA_LL_covariance_s20,phase2/results/predictions/full/clean_only/resnet/seed_43/bandpass_n20001_cRA_LA_LL_covariance_s20.npz,76440,4d92ab8ddc3cd8954dffe427a600ff6d7bec9cd7b064de0b86c110f8a27dd2a1
resnet,clean_only,43,bandpass_n20001_cRA_LA_LL_covariance_s15,phase2/results/predictions/full/clean_only/resnet/seed_43/bandpass_n20001_cRA_LA_LL_covariance_s15.npz,76354,31225cf596e9c7f32e7e50097a3be3ae78b7d2f65e2fa246e3a61fb66f698cfe
resnet,clean_only,43,bandpass_n20001_cRA_LA_LL_covariance_s10,phase2/results/predictions/full/clean_only/resnet/seed_43/bandpass_n20001_cRA_LA_LL_covariance_s10.npz,76161,27c799d6a957d1f5d4e32cee93565a4d326c4196511cf599d580688c841fa601
resnet,clean_only,43,bandpass_n20001_cRA_LA_LL_covariance_s5,phase2/results/predictions/full/clean_only/resnet/seed_43/bandpass_n20001_cRA_LA_LL_covariance_s5.npz,75900,fb97c2a77d2e5c700c3f7e99ecea223ec6b81aeef9210a6113e32914edbb9099
resnet,clean_only,43,bandpass_n20001_cRA_LA_LL_covariance_s0,phase2/results/predictions/full/clean_only/resnet/seed_43/bandpass_n20001_cRA_LA_LL_covariance_s0.npz,75570,53cab31b46be318afd8615b688e655f1e31e5998c6ea4cf6ef1fd6318a504bae
resnet,clean_only,43,bandpass_n20001_cV1_independent_rms_s20,phase2/results/predictions/full/clean_only/resnet/seed_43/bandpass_n20001_cV1_independent_rms_s20.npz,76413,6b416d282432b600fea0e90949c9b2aa12a63a290a7e973c2c279e00081d2bc5
resnet,clean_only,43,bandpass_n20001_cV1_independent_rms_s15,phase2/results/predictions/full/clean_only/resnet/seed_43/bandpass_n20001_cV1_independent_rms_s15.npz,76402,5e3679f9407438272fc5a3c7c60699da4153e393af268fc1e8e97404af92b9ae
resnet,clean_only,43,bandpass_n20001_cV1_independent_rms_s10,phase2/results/predictions/full/clean_only/resnet/seed_43/bandpass_n20001_cV1_independent_rms_s10.npz,76237,599b9b1eea0310adda01f738b44fb686d33e256219c9803f4beb2536fa3032f4
resnet,clean_only,43,bandpass_n20001_cV1_independent_rms_s5,phase2/results/predictions/full/clean_only/resnet/seed_43/bandpass_n20001_cV1_independent_rms_s5.npz,75991,2888b59ab18c005c287aad87bcd14157a55a919f1dc4a0e8e004eecfcbc1c0df
resnet,clean_only,43,bandpass_n20001_cV1_independent_rms_s0,phase2/results/predictions/full/clean_only/resnet/seed_43/bandpass_n20001_cV1_independent_rms_s0.npz,75399,e2f399cc873ac1deca9e53d49ca6dd6087190b5c5e259060de1f472362ec6d97
resnet,clean_only,43,bandpass_n20001_cV1_electrode_s20,phase2/results/predictions/full/clean_only/resnet/seed_43/bandpass_n20001_cV1_electrode_s20.npz,76409,f19f8e0c4172676e56e19ac45698361889799dacde8459f01a09ff1599bc341d
resnet,clean_only,43,bandpass_n20001_cV1_electrode_s15,phase2/results/predictions/full/clean_only/resnet/seed_43/bandpass_n20001_cV1_electrode_s15.npz,76332,65150a62d7ce8825bd143c4ec7a5a3c7893892805cf864efb6d0f60c6c23f2ad
resnet,clean_only,43,bandpass_n20001_cV1_electrode_s10,phase2/results/predictions/full/clean_only/resnet/seed_43/bandpass_n20001_cV1_electrode_s10.npz,76235,e4b9776617a4cfe12fd45fc6a5c0cd0579dcf142ece00a3086ea88f692771ac7
resnet,clean_only,43,bandpass_n20001_cV1_electrode_s5,phase2/results/predictions/full/clean_only/resnet/seed_43/bandpass_n20001_cV1_electrode_s5.npz,75971,18bffec65259df4c344c4c3b80298b27a7769a0af59c9275007adc5bc74187f0
resnet,clean_only,43,bandpass_n20001_cV1_electrode_s0,phase2/results/predictions/full/clean_only/resnet/seed_43/bandpass_n20001_cV1_electrode_s0.npz,75372,f719e6d0d797b23baada152df891f90932ee4cf58104451f07fb06ce833a2516
resnet,clean_only,43,bandpass_n20001_cV1_covariance_s20,phase2/results/predictions/full/clean_only/resnet/seed_43/bandpass_n20001_cV1_covariance_s20.npz,76418,6544a3bc63398c525d6be0cd2da6123de4e05269b7766a8008e596e377efd623
resnet,clean_only,43,bandpass_n20001_cV1_covariance_s15,phase2/results/predictions/full/clean_only/resnet/seed_43/bandpass_n20001_cV1_covariance_s15.npz,76388,1efa08fbd51754ed022eac6a86aea895291f2f184bba0f8141babd7c61ee36f9
resnet,clean_only,43,bandpass_n20001_cV1_covariance_s10,phase2/results/predictions/full/clean_only/resnet/seed_43/bandpass_n20001_cV1_covariance_s10.npz,76238,2ccba34921d16fe243a5bbd27b7e214d901b9d1ffbff331b8cfdc2c67099f48f
resnet,clean_only,43,bandpass_n20001_cV1_covariance_s5,phase2/results/predictions/full/clean_only/resnet/seed_43/bandpass_n20001_cV1_covariance_s5.npz,75962,f2b0a6d3039e294f2928e57e56505120bda9a2f74a3c67816b193fdd90b7d0d9
resnet,clean_only,43,bandpass_n20001_cV1_covariance_s0,phase2/results/predictions/full/clean_only/resnet/seed_43/bandpass_n20001_cV1_covariance_s0.npz,75380,7006c3ef5968414de984920c9391d805c478d0a37f065cef7befa3cb46ac15e0
resnet,clean_only,43,bandpass_n20001_cV2_independent_rms_s20,phase2/results/predictions/full/clean_only/resnet/seed_43/bandpass_n20001_cV2_independent_rms_s20.npz,76423,2f5e2e0eec91f464d59439939a4301664aa666386d7b090ac264ac1d802aed7c
resnet,clean_only,43,bandpass_n20001_cV2_independent_rms_s15,phase2/results/predictions/full/clean_only/resnet/seed_43/bandpass_n20001_cV2_independent_rms_s15.npz,76331,c8acfa314c91a975974ca9eb366d9b3deb9415b1c6b764fb2c558b3a43323d07
resnet,clean_only,43,bandpass_n20001_cV2_independent_rms_s10,phase2/results/predictions/full/clean_only/resnet/seed_43/bandpass_n20001_cV2_independent_rms_s10.npz,76280,76e355a6cc206e4ee067f415dd7d5a3ffd070a258c0d4440e2289db964f349bd
resnet,clean_only,43,bandpass_n20001_cV2_independent_rms_s5,phase2/results/predictions/full/clean_only/resnet/seed_43/bandpass_n20001_cV2_independent_rms_s5.npz,75994,d5437f0e11f8e1623ca068af266eaf19e93c60ffeb43d28374cf9fed9cf77df6
resnet,clean_only,43,bandpass_n20001_cV2_independent_rms_s0,phase2/results/predictions/full/clean_only/resnet/seed_43/bandpass_n20001_cV2_independent_rms_s0.npz,75613,7b60a0523dd8692123b8b7f494874a3aecaaedbf4f79b08f3d830bb40900d415
resnet,clean_only,43,bandpass_n20001_cV2_electrode_s20,phase2/results/predictions/full/clean_only/resnet/seed_43/bandpass_n20001_cV2_electrode_s20.npz,76430,220823afd5627d3f76a3f8a8f00843a92c96e4d1252de620d2a86f3f1323086a
resnet,clean_only,43,bandpass_n20001_cV2_electrode_s15,phase2/results/predictions/full/clean_only/resnet/seed_43/bandpass_n20001_cV2_electrode_s15.npz,76407,e2dd63bc4100acbfdbe13e13475a478bbc48155759120058c39e9d12bb938322
resnet,clean_only,43,bandpass_n20001_cV2_electrode_s10,phase2/results/predictions/full/clean_only/resnet/seed_43/bandpass_n20001_cV2_electrode_s10.npz,76244,65b50d57145de5b633b21c4f87bfe5b84549b07528625dcc3c66ac804e63dc07
resnet,clean_only,43,bandpass_n20001_cV2_electrode_s5,phase2/results/predictions/full/clean_only/resnet/seed_43/bandpass_n20001_cV2_electrode_s5.npz,76002,6eea777253b3ed0398acce84fd1d70202f318875939bcefb47a0c95747c86afd
resnet,clean_only,43,bandpass_n20001_cV2_electrode_s0,phase2/results/predictions/full/clean_only/resnet/seed_43/bandpass_n20001_cV2_electrode_s0.npz,75589,2261f552e753abf07c68be44f92450c2e3114ec408efe98b332dc7da230542d8
resnet,clean_only,43,bandpass_n20001_cV2_covariance_s20,phase2/results/predictions/full/clean_only/resnet/seed_43/bandpass_n20001_cV2_covariance_s20.npz,76450,2802b0de0f54ee81a5dfef62b9983db5ab423cc74c76092dfb44189de97bc9cd
resnet,clean_only,43,bandpass_n20001_cV2_covariance_s15,phase2/results/predictions/full/clean_only/resnet/seed_43/bandpass_n20001_cV2_covariance_s15.npz,76364,3b1cb73b5b9a974ff34e671c29d755bf571b7176aa66b53e05ebe04eb01d566d
resnet,clean_only,43,bandpass_n20001_cV2_covariance_s10,phase2/results/predictions/full/clean_only/resnet/seed_43/bandpass_n20001_cV2_covariance_s10.npz,76251,a39826ec6a98301277d7b4ef37a68b325b7b99f9712e83364b48c49c5b2ca35b
resnet,clean_only,43,bandpass_n20001_cV2_covariance_s5,phase2/results/predictions/full/clean_only/resnet/seed_43/bandpass_n20001_cV2_covariance_s5.npz,76009,af534885c2973ddb7bc1c79f650a8c1efc93a2f36999463e7e1ed0cb5bfe87a1
resnet,clean_only,43,bandpass_n20001_cV2_covariance_s0,phase2/results/predictions/full/clean_only/resnet/seed_43/bandpass_n20001_cV2_covariance_s0.npz,75593,2fedee860a9e63137a94743799b87b8d1c0b2da700e02def900df655801c2f42
resnet,clean_only,43,bandpass_n20001_cV3_independent_rms_s20,phase2/results/predictions/full/clean_only/resnet/seed_43/bandpass_n20001_cV3_independent_rms_s20.npz,76429,3aae7ff5cf3f7977d98d5ed1ad86b4f234e134ee9f5ca667f70fcba78bd01eca
resnet,clean_only,43,bandpass_n20001_cV3_independent_rms_s15,phase2/results/predictions/full/clean_only/resnet/seed_43/bandpass_n20001_cV3_independent_rms_s15.npz,76379,fd435e28ba4f22f7f083189c1e1d7cc5d54553182f0a3aff5408adde3eae6172
resnet,clean_only,43,bandpass_n20001_cV3_independent_rms_s10,phase2/results/predictions/full/clean_only/resnet/seed_43/bandpass_n20001_cV3_independent_rms_s10.npz,76261,766465b5ccca2fcaf2baacb3fd7afb55cf92fb3705500fd777f59c34cdd8c573
resnet,clean_only,43,bandpass_n20001_cV3_independent_rms_s5,phase2/results/predictions/full/clean_only/resnet/seed_43/bandpass_n20001_cV3_independent_rms_s5.npz,76065,1de31ed745d879d08e5246f051686f9d00478698a235e6d506266330fcdba1db
resnet,clean_only,43,bandpass_n20001_cV3_independent_rms_s0,phase2/results/predictions/full/clean_only/resnet/seed_43/bandpass_n20001_cV3_independent_rms_s0.npz,75715,f25eead660c8c47181704d365d0a40b226f86b8afdefd41db866e9f67323e9d9
resnet,clean_only,43,bandpass_n20001_cV3_electrode_s20,phase2/results/predictions/full/clean_only/resnet/seed_43/bandpass_n20001_cV3_electrode_s20.npz,76425,3d1de4879e26784142d42120507c1ec5410334572457adf012816da03ef760ce
resnet,clean_only,43,bandpass_n20001_cV3_electrode_s15,phase2/results/predictions/full/clean_only/resnet/seed_43/bandpass_n20001_cV3_electrode_s15.npz,76378,156c213af655d046a5401fd9488c91f8f5606b81047235ccae72b9b6237d6072
resnet,clean_only,43,bandpass_n20001_cV3_electrode_s10,phase2/results/predictions/full/clean_only/resnet/seed_43/bandpass_n20001_cV3_electrode_s10.npz,76272,2f2c98bd1d598d187c1cfe5ebc5080fd1b7eaf319364a59977c5e6f96e38ab0b
resnet,clean_only,43,bandpass_n20001_cV3_electrode_s5,phase2/results/predictions/full/clean_only/resnet/seed_43/bandpass_n20001_cV3_electrode_s5.npz,76079,aed3c93252f994323268e47b1a6f204ebd0e36ba83accad6a787573c5bcce84b
resnet,clean_only,43,bandpass_n20001_cV3_electrode_s0,phase2/results/predictions/full/clean_only/resnet/seed_43/bandpass_n20001_cV3_electrode_s0.npz,75695,4302795fb19ec63d0340131e728fc7da6393ed4e8d81d93baab1e70cfd5a4f9a
resnet,clean_only,43,bandpass_n20001_cV3_covariance_s20,phase2/results/predictions/full/clean_only/resnet/seed_43/bandpass_n20001_cV3_covariance_s20.npz,76382,6376cea20c44e8026c86b5444616d1df939466acc9482c381756aeaf38059320
resnet,clean_only,43,bandpass_n20001_cV3_covariance_s15,phase2/results/predictions/full/clean_only/resnet/seed_43/bandpass_n20001_cV3_covariance_s15.npz,76349,311a02152168127e60fe22d9bcd9e47208a72313d1975211ec5e5768ac2abd70
resnet,clean_only,43,bandpass_n20001_cV3_covariance_s10,phase2/results/predictions/full/clean_only/resnet/seed_43/bandpass_n20001_cV3_covariance_s10.npz,76271,f5fe2ff696f8f4397bf09aa4f80795595fe118ff3cdc570f2e50781ccc2bb2df
resnet,clean_only,43,bandpass_n20001_cV3_covariance_s5,phase2/results/predictions/full/clean_only/resnet/seed_43/bandpass_n20001_cV3_covariance_s5.npz,76069,2ee5729e4d8cab0a7ccbedf0515ebab521b8d3857b711e34d11f0cfe11b5c463
resnet,clean_only,43,bandpass_n20001_cV3_covariance_s0,phase2/results/predictions/full/clean_only/resnet/seed_43/bandpass_n20001_cV3_covariance_s0.npz,75698,1124d3374e9a8615a925d1246a801e93bc168d1d04d90deca61a0a2f4745ac3d
resnet,clean_only,43,bandpass_n20001_cV4_independent_rms_s20,phase2/results/predictions/full/clean_only/resnet/seed_43/bandpass_n20001_cV4_independent_rms_s20.npz,76457,c51b10850981da51e9097df096b68b340aef57d8007ae09d7aea65fa527c5a99
resnet,clean_only,43,bandpass_n20001_cV4_independent_rms_s15,phase2/results/predictions/full/clean_only/resnet/seed_43/bandpass_n20001_cV4_independent_rms_s15.npz,76412,6129f4a3e6c1c6ad0a3b5fef292556262d64041c29f3bb8976afd2c8221f7fe6
resnet,clean_only,43,bandpass_n20001_cV4_independent_rms_s10,phase2/results/predictions/full/clean_only/resnet/seed_43/bandpass_n20001_cV4_independent_rms_s10.npz,76317,cbccbf52bd8ee1aab70ed1e149962d9737df925a7df7a9417f8ef15e094a59c3
resnet,clean_only,43,bandpass_n20001_cV4_independent_rms_s5,phase2/results/predictions/full/clean_only/resnet/seed_43/bandpass_n20001_cV4_independent_rms_s5.npz,76087,c5339cdf340b5f40c4326d3864ff847ae8de21c0d09d0c52bdaab4a750c0f940
resnet,clean_only,43,bandpass_n20001_cV4_independent_rms_s0,phase2/results/predictions/full/clean_only/resnet/seed_43/bandpass_n20001_cV4_independent_rms_s0.npz,75805,e8b3b31cec9b38cdf62f99e64b76bc892c2f017035246c363d8eaa5fab58ced6
resnet,clean_only,43,bandpass_n20001_cV4_electrode_s20,phase2/results/predictions/full/clean_only/resnet/seed_43/bandpass_n20001_cV4_electrode_s20.npz,76412,8f078a15bee5cdc58b2779bc5237948f22ccc1bf292330ddc0f0e4b356ab3c8e
resnet,clean_only,43,bandpass_n20001_cV4_electrode_s15,phase2/results/predictions/full/clean_only/resnet/seed_43/bandpass_n20001_cV4_electrode_s15.npz,76400,b8ff2bf25da1deae1cfc1c15db7a2c04c5484e67525bbe16e7954617fb3f477f
resnet,clean_only,43,bandpass_n20001_cV4_electrode_s10,phase2/results/predictions/full/clean_only/resnet/seed_43/bandpass_n20001_cV4_electrode_s10.npz,76287,c960dc9a166b1965b756ecafbbae616778f41a52f7ec1e0da8cf5e4cf385629c
resnet,clean_only,43,bandpass_n20001_cV4_electrode_s5,phase2/results/predictions/full/clean_only/resnet/seed_43/bandpass_n20001_cV4_electrode_s5.npz,76050,9c6b75c9670fcee16b228d632a011e83e4b7f4b158ca5351bf00582d150c1652
resnet,clean_only,43,bandpass_n20001_cV4_electrode_s0,phase2/results/predictions/full/clean_only/resnet/seed_43/bandpass_n20001_cV4_electrode_s0.npz,75802,73f3c6cfdc388da2b8ff375f0bddad7c5d5ca2f5bd88d4614e9964f9bb1ae85e
resnet,clean_only,43,bandpass_n20001_cV4_covariance_s20,phase2/results/predictions/full/clean_only/resnet/seed_43/bandpass_n20001_cV4_covariance_s20.npz,76394,a69bcad10674279c15668a99b5aac86315b8d3edea503429ee286cf3d4d46a5f
resnet,clean_only,43,bandpass_n20001_cV4_covariance_s15,phase2/results/predictions/full/clean_only/resnet/seed_43/bandpass_n20001_cV4_covariance_s15.npz,76382,78e6223e1e9bf5b97dbc186b34f2b07243f78614f9ea47600d7a168b1cacd82b
resnet,clean_only,43,bandpass_n20001_cV4_covariance_s10,phase2/results/predictions/full/clean_only/resnet/seed_43/bandpass_n20001_cV4_covariance_s10.npz,76279,ddb9c47b63529063495843b129e6626c5f658f96f43c681dc5d8de62052d11dc
resnet,clean_only,43,bandpass_n20001_cV4_covariance_s5,phase2/results/predictions/full/clean_only/resnet/seed_43/bandpass_n20001_cV4_covariance_s5.npz,76067,a204429a43ec8658d4be1da97d1ddce00e27a5a3b80dca0e08cba26e9e689457
resnet,clean_only,43,bandpass_n20001_cV4_covariance_s0,phase2/results/predictions/full/clean_only/resnet/seed_43/bandpass_n20001_cV4_covariance_s0.npz,75775,3361bd070482bf7ddead450339fe720df1168bbabe743893f0a94fa6262149a5
resnet,clean_only,43,bandpass_n20001_cV5_independent_rms_s20,phase2/results/predictions/full/clean_only/resnet/seed_43/bandpass_n20001_cV5_independent_rms_s20.npz,76402,fc4b23d542b6a793a885bfa2678723c6ebbef78df4531384edab9cd98d7260c4
resnet,clean_only,43,bandpass_n20001_cV5_independent_rms_s15,phase2/results/predictions/full/clean_only/resnet/seed_43/bandpass_n20001_cV5_independent_rms_s15.npz,76423,462aa43df328e0adc0fc7e68d262fe49ac80ab22221744e4f7040bb0edd1023c
resnet,clean_only,43,bandpass_n20001_cV5_independent_rms_s10,phase2/results/predictions/full/clean_only/resnet/seed_43/bandpass_n20001_cV5_independent_rms_s10.npz,76250,feacc1c2047f7be125e7dbb45bcc022bad0d6d75a7672630f9861720009c2a3e
resnet,clean_only,43,bandpass_n20001_cV5_independent_rms_s5,phase2/results/predictions/full/clean_only/resnet/seed_43/bandpass_n20001_cV5_independent_rms_s5.npz,76003,84c50bac68496367db908b6ebd0e4cac310ad51fd24a2cbbc34dbb5a88213ccf
resnet,clean_only,43,bandpass_n20001_cV5_independent_rms_s0,phase2/results/predictions/full/clean_only/resnet/seed_43/bandpass_n20001_cV5_independent_rms_s0.npz,75615,3dc500fb846acfeee16f2adac4b248f3bc98afb44e0c1587a67ef36fd8f566a8
resnet,clean_only,43,bandpass_n20001_cV5_electrode_s20,phase2/results/predictions/full/clean_only/resnet/seed_43/bandpass_n20001_cV5_electrode_s20.npz,76398,774c3c3edc635f9b11f1e9d61cc30df296e1222ef69b60613bf3dcdc27f24caa
resnet,clean_only,43,bandpass_n20001_cV5_electrode_s15,phase2/results/predictions/full/clean_only/resnet/seed_43/bandpass_n20001_cV5_electrode_s15.npz,76344,7b4a2dc82cb42dd029636510d2263cad59e1cdcafb163721f53cc3d46abace91
resnet,clean_only,43,bandpass_n20001_cV5_electrode_s10,phase2/results/predictions/full/clean_only/resnet/seed_43/bandpass_n20001_cV5_electrode_s10.npz,76233,112fb9e5bcffa077e8ad06321205c35274c6887d7fc10ccd6e57a631dbbf7e60
resnet,clean_only,43,bandpass_n20001_cV5_electrode_s5,phase2/results/predictions/full/clean_only/resnet/seed_43/bandpass_n20001_cV5_electrode_s5.npz,76004,5814879dba9e7dc99418cc2a49aa99430e30709bee1b29f7ecb56dd2d53a896d
resnet,clean_only,43,bandpass_n20001_cV5_electrode_s0,phase2/results/predictions/full/clean_only/resnet/seed_43/bandpass_n20001_cV5_electrode_s0.npz,75583,83aa895a2323048beab66e96ddff9ff471c1bed3ea7f27effe85f4bb2501ef38
resnet,clean_only,43,bandpass_n20001_cV5_covariance_s20,phase2/results/predictions/full/clean_only/resnet/seed_43/bandpass_n20001_cV5_covariance_s20.npz,76421,5bac7e9e4a6b2f103e201bde5e9cd91ab3c0bf04185cfad2396d231c676ff797
resnet,clean_only,43,bandpass_n20001_cV5_covariance_s15,phase2/results/predictions/full/clean_only/resnet/seed_43/bandpass_n20001_cV5_covariance_s15.npz,76375,98080e25bef3f49d180b2a35138d0be4bd4be697632cfb5ed3e8d5334d7829f7
resnet,clean_only,43,bandpass_n20001_cV5_covariance_s10,phase2/results/predictions/full/clean_only/resnet/seed_43/bandpass_n20001_cV5_covariance_s10.npz,76275,e44ee9770fcbe13127d0415052934388ed3552705598432861426b3612b3d29b
resnet,clean_only,43,bandpass_n20001_cV5_covariance_s5,phase2/results/predictions/full/clean_only/resnet/seed_43/bandpass_n20001_cV5_covariance_s5.npz,75954,423eb612937ca7a2da66dfb3e5b2db7f693f3748721bf537623b0be0bfad8d18
resnet,clean_only,43,bandpass_n20001_cV5_covariance_s0,phase2/results/predictions/full/clean_only/resnet/seed_43/bandpass_n20001_cV5_covariance_s0.npz,75624,b001b17ff17be6d36bed2bdfa237bd9b9c172b12807f642a446d8673b184fa39
resnet,clean_only,43,bandpass_n20001_cV6_independent_rms_s20,phase2/results/predictions/full/clean_only/resnet/seed_43/bandpass_n20001_cV6_independent_rms_s20.npz,76441,93100130b00f24d0f1ead9acab81998a21534876ccb6929c0200334e92adf867
resnet,clean_only,43,bandpass_n20001_cV6_independent_rms_s15,phase2/results/predictions/full/clean_only/resnet/seed_43/bandpass_n20001_cV6_independent_rms_s15.npz,76399,0100f4530274f50a8a46825097859889eb13a26558048fc86de425eee19c1bbc
resnet,clean_only,43,bandpass_n20001_cV6_independent_rms_s10,phase2/results/predictions/full/clean_only/resnet/seed_43/bandpass_n20001_cV6_independent_rms_s10.npz,76317,dcf639abdba5bcc63612c936fd36fe787d802cedd347fe85247e7d05bbfe103a
resnet,clean_only,43,bandpass_n20001_cV6_independent_rms_s5,phase2/results/predictions/full/clean_only/resnet/seed_43/bandpass_n20001_cV6_independent_rms_s5.npz,76145,6103bbf35413f7bf80b13d21f7c22a7a9d0086d32980035c03e7da59172ae4b9
resnet,clean_only,43,bandpass_n20001_cV6_independent_rms_s0,phase2/results/predictions/full/clean_only/resnet/seed_43/bandpass_n20001_cV6_independent_rms_s0.npz,75813,f709df0acd59069def0b25fdced9b71acd1621ebcc6459aadfd1cc5b78a092a3
resnet,clean_only,43,bandpass_n20001_cV6_electrode_s20,phase2/results/predictions/full/clean_only/resnet/seed_43/bandpass_n20001_cV6_electrode_s20.npz,76446,857f5019fd88871bd25dc8ab3782141443acc1cb92f385391537ed846ded6ffb
resnet,clean_only,43,bandpass_n20001_cV6_electrode_s15,phase2/results/predictions/full/clean_only/resnet/seed_43/bandpass_n20001_cV6_electrode_s15.npz,76424,6d454cbb422cc662844c908e783449058a67ca8169180f598fc6e03c45c67790
resnet,clean_only,43,bandpass_n20001_cV6_electrode_s10,phase2/results/predictions/full/clean_only/resnet/seed_43/bandpass_n20001_cV6_electrode_s10.npz,76318,9c9e0ae4740bc308a6e3954b2810d9cfdf6b7ca8798812d58410b142fef381b7
resnet,clean_only,43,bandpass_n20001_cV6_electrode_s5,phase2/results/predictions/full/clean_only/resnet/seed_43/bandpass_n20001_cV6_electrode_s5.npz,76121,24a6a1d03a05aa88a87ee2d7c2ccdc106e666bb57d1a8f093c97213f05c74317
resnet,clean_only,43,bandpass_n20001_cV6_electrode_s0,phase2/results/predictions/full/clean_only/resnet/seed_43/bandpass_n20001_cV6_electrode_s0.npz,75781,198e3ab8e7388f0eedb738b9bd80471b16dafa2d3ee231ee8f46f4e1e1c7e22a
resnet,clean_only,43,bandpass_n20001_cV6_covariance_s20,phase2/results/predictions/full/clean_only/resnet/seed_43/bandpass_n20001_cV6_covariance_s20.npz,76404,f28e1aa12077265b4b82cc597b90cef8285f2151dc4f240d7dddd0e10bb5aa56
resnet,clean_only,43,bandpass_n20001_cV6_covariance_s15,phase2/results/predictions/full/clean_only/resnet/seed_43/bandpass_n20001_cV6_covariance_s15.npz,76399,c9cd3147e5202de79b280f4a8b61697fdcc427eafc70ac18f4d626766ee8dcdd
resnet,clean_only,43,bandpass_n20001_cV6_covariance_s10,phase2/results/predictions/full/clean_only/resnet/seed_43/bandpass_n20001_cV6_covariance_s10.npz,76314,d076ba9bc4aef68032c0ffff26fe6b405015db18c05af873dda2d21a36597531
resnet,clean_only,43,bandpass_n20001_cV6_covariance_s5,phase2/results/predictions/full/clean_only/resnet/seed_43/bandpass_n20001_cV6_covariance_s5.npz,76133,34f187d0f20be28d256ee99934af6dc131e922eb690b53ac2ec43feaae628dcf
resnet,clean_only,43,bandpass_n20001_cV6_covariance_s0,phase2/results/predictions/full/clean_only/resnet/seed_43/bandpass_n20001_cV6_covariance_s0.npz,75767,9307ca2085ede1318c949af14a7080edb9a057f6589388d752a0b215103749dc
resnet,clean_only,43,bandpass_n20001_cRA_LA_independent_rms_s20,phase2/results/predictions/full/clean_only/resnet/seed_43/bandpass_n20001_cRA_LA_independent_rms_s20.npz,76464,3d07a577fcbbb51d1e17d01e6c64b452175671bb962dfe3eac82722b1815e141
resnet,clean_only,43,bandpass_n20001_cRA_LA_independent_rms_s15,phase2/results/predictions/full/clean_only/resnet/seed_43/bandpass_n20001_cRA_LA_independent_rms_s15.npz,76438,8cee8b8738b35a89afd32dec2c1e57b2f30fbe23d9cc8cfb8bc142f3ca8ab4aa
resnet,clean_only,43,bandpass_n20001_cRA_LA_independent_rms_s10,phase2/results/predictions/full/clean_only/resnet/seed_43/bandpass_n20001_cRA_LA_independent_rms_s10.npz,76281,1172293e27a4229ea04974b97296217cadfcc698ca88081bd81d79d92bdbb092
resnet,clean_only,43,bandpass_n20001_cRA_LA_independent_rms_s5,phase2/results/predictions/full/clean_only/resnet/seed_43/bandpass_n20001_cRA_LA_independent_rms_s5.npz,76002,c74bb4afa8de048653f9b0adf853ab85a333db18c86b04c8808f5be7145bc067
resnet,clean_only,43,bandpass_n20001_cRA_LA_independent_rms_s0,phase2/results/predictions/full/clean_only/resnet/seed_43/bandpass_n20001_cRA_LA_independent_rms_s0.npz,75624,8097b5426249df2b8123e8fab3150a2b2e1d314cd2014294770b78cec4b03d67
resnet,clean_only,43,bandpass_n20001_cRA_LA_electrode_s20,phase2/results/predictions/full/clean_only/resnet/seed_43/bandpass_n20001_cRA_LA_electrode_s20.npz,76413,232fff3936a5cd5692b3a90431a1f2963ace764e21a3b5199e640c39c6ac9a79
resnet,clean_only,43,bandpass_n20001_cRA_LA_electrode_s15,phase2/results/predictions/full/clean_only/resnet/seed_43/bandpass_n20001_cRA_LA_electrode_s15.npz,76370,f51decb16fbd25f075eeda183a94f346508211c9a63191edcd398959ac2addb3
resnet,clean_only,43,bandpass_n20001_cRA_LA_electrode_s10,phase2/results/predictions/full/clean_only/resnet/seed_43/bandpass_n20001_cRA_LA_electrode_s10.npz,76223,c3bee820f2caa051bee30df0ef76c267d11c6e7d9d9da92d338ed60ca190eee1
resnet,clean_only,43,bandpass_n20001_cRA_LA_electrode_s5,phase2/results/predictions/full/clean_only/resnet/seed_43/bandpass_n20001_cRA_LA_electrode_s5.npz,75961,5dbc2d20272fe7a55c89f3c72adea5877fb9df8bfd0914b856fa1460d717bd49
resnet,clean_only,43,bandpass_n20001_cRA_LA_electrode_s0,phase2/results/predictions/full/clean_only/resnet/seed_43/bandpass_n20001_cRA_LA_electrode_s0.npz,75462,02ef0357be845aa3c481c6589c5996313dd2f3dd2086452352f00a02d332c7fa
resnet,clean_only,43,bandpass_n20001_cRA_LA_covariance_s20,phase2/results/predictions/full/clean_only/resnet/seed_43/bandpass_n20001_cRA_LA_covariance_s20.npz,76437,8779332304c4284b2594f8f5001182b56cf8ca907a076b4814f949ad70b0cf6a
resnet,clean_only,43,bandpass_n20001_cRA_LA_covariance_s15,phase2/results/predictions/full/clean_only/resnet/seed_43/bandpass_n20001_cRA_LA_covariance_s15.npz,76370,4528f62b10a0bae931915ddf38ad63d13032f3e7a1eccc4acbf08c8093bf64d3
resnet,clean_only,43,bandpass_n20001_cRA_LA_covariance_s10,phase2/results/predictions/full/clean_only/resnet/seed_43/bandpass_n20001_cRA_LA_covariance_s10.npz,76238,7c50f854570e5a3862ce055f4ca8eaff27206dfd1ee09f0a71bd263ab87fbfc3
resnet,clean_only,43,bandpass_n20001_cRA_LA_covariance_s5,phase2/results/predictions/full/clean_only/resnet/seed_43/bandpass_n20001_cRA_LA_covariance_s5.npz,75995,4d9a8f4116bc527095e6b446fad2b8d6f83d0308792aa2b7c4c34e2c5722ab4d
resnet,clean_only,43,bandpass_n20001_cRA_LA_covariance_s0,phase2/results/predictions/full/clean_only/resnet/seed_43/bandpass_n20001_cRA_LA_covariance_s0.npz,75471,4c07291f68e05053e5bffd785650e4daa64456ee8354d96966db897ce838e0d7
resnet,clean_only,43,bandpass_n20001_cLA_LL_independent_rms_s20,phase2/results/predictions/full/clean_only/resnet/seed_43/bandpass_n20001_cLA_LL_independent_rms_s20.npz,76419,6bed5122ee3bdce8a0a06ac56b8ab9cd61ad72797b09ee1ba4a00c366191ef92
resnet,clean_only,43,bandpass_n20001_cLA_LL_independent_rms_s15,phase2/results/predictions/full/clean_only/resnet/seed_43/bandpass_n20001_cLA_LL_independent_rms_s15.npz,76384,9c1d1e57a0627f52f6e430e3e51c3ae79963f2de9b94b790fe3e0a35550196e4
resnet,clean_only,43,bandpass_n20001_cLA_LL_independent_rms_s10,phase2/results/predictions/full/clean_only/resnet/seed_43/bandpass_n20001_cLA_LL_independent_rms_s10.npz,76289,4637252862627af0bc4958b067d81b81739c81c3f216b5ce7f870dc66e847056
resnet,clean_only,43,bandpass_n20001_cLA_LL_independent_rms_s5,phase2/results/predictions/full/clean_only/resnet/seed_43/bandpass_n20001_cLA_LL_independent_rms_s5.npz,75999,df422132e28cc4ab5f859d9618fd5cb48b721220c7a0c289a08a8ceee716548f
resnet,clean_only,43,bandpass_n20001_cLA_LL_independent_rms_s0,phase2/results/predictions/full/clean_only/resnet/seed_43/bandpass_n20001_cLA_LL_independent_rms_s0.npz,75589,4e08ef80a4bea1c09cd73450efad7c6619516419a2ce724f3366a140b18b0dd2
resnet,clean_only,43,bandpass_n20001_cLA_LL_electrode_s20,phase2/results/predictions/full/clean_only/resnet/seed_43/bandpass_n20001_cLA_LL_electrode_s20.npz,76418,2c8f41e90a91fd8bcbcafb484c076fedd3dcc57c7a09582210d2936f8ea6bb4e
resnet,clean_only,43,bandpass_n20001_cLA_LL_electrode_s15,phase2/results/predictions/full/clean_only/resnet/seed_43/bandpass_n20001_cLA_LL_electrode_s15.npz,76347,754199920ada0a48b707baa5eb9384602cbc7379ac8663678241524cb66dc4ef
resnet,clean_only,43,bandpass_n20001_cLA_LL_electrode_s10,phase2/results/predictions/full/clean_only/resnet/seed_43/bandpass_n20001_cLA_LL_electrode_s10.npz,76179,0f5584b08233cb81417284146683d2e1ceb4c43102f1c56812fd9cad7d4b1a59
resnet,clean_only,43,bandpass_n20001_cLA_LL_electrode_s5,phase2/results/predictions/full/clean_only/resnet/seed_43/bandpass_n20001_cLA_LL_electrode_s5.npz,75911,8b784b93a969d7e7533f5ac08b6b8e6b713a31e72b1d294c09ba9c082fdd4259
resnet,clean_only,43,bandpass_n20001_cLA_LL_electrode_s0,phase2/results/predictions/full/clean_only/resnet/seed_43/bandpass_n20001_cLA_LL_electrode_s0.npz,75772,e8e591a1b57dd3481fa881212846f17f9fc278bcb2eba9c21cfa2457afe5f040
resnet,clean_only,43,bandpass_n20001_cLA_LL_covariance_s20,phase2/results/predictions/full/clean_only/resnet/seed_43/bandpass_n20001_cLA_LL_covariance_s20.npz,76413,8b51dbdc58543e56e13fec37e466e32c44c9c7d07879658a14adedba1a035faa
resnet,clean_only,43,bandpass_n20001_cLA_LL_covariance_s15,phase2/results/predictions/full/clean_only/resnet/seed_43/bandpass_n20001_cLA_LL_covariance_s15.npz,76342,21ac2de882ddc2cf8219cff701b05531ed162b8e65e31229d5551f2b0f4ee4ca
resnet,clean_only,43,bandpass_n20001_cLA_LL_covariance_s10,phase2/results/predictions/full/clean_only/resnet/seed_43/bandpass_n20001_cLA_LL_covariance_s10.npz,76195,e4fc1d42e662cdfcfd0a5f877f44fd3cd423c857e3df077f138f0e34b94644fd
resnet,clean_only,43,bandpass_n20001_cLA_LL_covariance_s5,phase2/results/predictions/full/clean_only/resnet/seed_43/bandpass_n20001_cLA_LL_covariance_s5.npz,75953,1f1dec1feaddf34666e073be9f9ae98cf6daa4b8b07c155abaa5af4c036d26e2
resnet,clean_only,43,bandpass_n20001_cLA_LL_covariance_s0,phase2/results/predictions/full/clean_only/resnet/seed_43/bandpass_n20001_cLA_LL_covariance_s0.npz,75728,837e120a4f5324932096d1cc22fd923c0885e7df2c6d9714a1faa9f5d23fc85e
resnet,clean_only,43,bandpass_n20001_cRA_LL_independent_rms_s20,phase2/results/predictions/full/clean_only/resnet/seed_43/bandpass_n20001_cRA_LL_independent_rms_s20.npz,76459,5050fd9e66492794caa0eb0d5d3824e86dc20eb33a2211af6b1f0ba3d4a4cef6
resnet,clean_only,43,bandpass_n20001_cRA_LL_independent_rms_s15,phase2/results/predictions/full/clean_only/resnet/seed_43/bandpass_n20001_cRA_LL_independent_rms_s15.npz,76395,01cd01e76b75edf6999677c9a88622f746b7a8261054154a1adf2c7863e4c6af
resnet,clean_only,43,bandpass_n20001_cRA_LL_independent_rms_s10,phase2/results/predictions/full/clean_only/resnet/seed_43/bandpass_n20001_cRA_LL_independent_rms_s10.npz,76307,705f19054f5e2c171c6e7cf35305f87bf79f0548c6e9c83dd76437248309b146
resnet,clean_only,43,bandpass_n20001_cRA_LL_independent_rms_s5,phase2/results/predictions/full/clean_only/resnet/seed_43/bandpass_n20001_cRA_LL_independent_rms_s5.npz,76035,21eb3bfc6408c8d6aff09b80c546cee4b79f7f4b1559b4bacdcfc6ee8ecc3ec5
resnet,clean_only,43,bandpass_n20001_cRA_LL_independent_rms_s0,phase2/results/predictions/full/clean_only/resnet/seed_43/bandpass_n20001_cRA_LL_independent_rms_s0.npz,75636,8a513efe8e96390566024bf43e22b6c96f9f9caed9be417334714e56a1575cec
resnet,clean_only,43,bandpass_n20001_cRA_LL_electrode_s20,phase2/results/predictions/full/clean_only/resnet/seed_43/bandpass_n20001_cRA_LL_electrode_s20.npz,76436,21ddcb57a281421e92dc35f370598121f0e7643882a2a43da068e148fe42e75b
resnet,clean_only,43,bandpass_n20001_cRA_LL_electrode_s15,phase2/results/predictions/full/clean_only/resnet/seed_43/bandpass_n20001_cRA_LL_electrode_s15.npz,76325,f1aa0601476c5deedb1ece027165bdbe4efc7fb62d1e2d9be97fca0f5057ffb5
resnet,clean_only,43,bandpass_n20001_cRA_LL_electrode_s10,phase2/results/predictions/full/clean_only/resnet/seed_43/bandpass_n20001_cRA_LL_electrode_s10.npz,76211,8b98e40eb988faa7d09f49ce6ddd10979599874db26c44ca0451f8f61d19c465
resnet,clean_only,43,bandpass_n20001_cRA_LL_electrode_s5,phase2/results/predictions/full/clean_only/resnet/seed_43/bandpass_n20001_cRA_LL_electrode_s5.npz,75882,8821700cc04a93c9a381f4493517263d16b58fc9958a4188de3adfa945c2ac9f
resnet,clean_only,43,bandpass_n20001_cRA_LL_electrode_s0,phase2/results/predictions/full/clean_only/resnet/seed_43/bandpass_n20001_cRA_LL_electrode_s0.npz,75533,aa8912fc4981d7410032e00378591656a22784fc7ad6af8bde92eaea5f34480c
resnet,clean_only,43,bandpass_n20001_cRA_LL_covariance_s20,phase2/results/predictions/full/clean_only/resnet/seed_43/bandpass_n20001_cRA_LL_covariance_s20.npz,76384,d2894747582bc0ead8eb5f4d8ef0aa74456f3a850abe47460ef3f975cb7c232b
resnet,clean_only,43,bandpass_n20001_cRA_LL_covariance_s15,phase2/results/predictions/full/clean_only/resnet/seed_43/bandpass_n20001_cRA_LL_covariance_s15.npz,76358,ecc97166e25dbca9384da8b5316b499efa5d36f8e75c6098c15044a2160839d6
resnet,clean_only,43,bandpass_n20001_cRA_LL_covariance_s10,phase2/results/predictions/full/clean_only/resnet/seed_43/bandpass_n20001_cRA_LL_covariance_s10.npz,76182,992de9de0fa4bd2e61a3d279c852defcdcad3ebc3318427dacb9da5de27a6092
resnet,clean_only,43,bandpass_n20001_cRA_LL_covariance_s5,phase2/results/predictions/full/clean_only/resnet/seed_43/bandpass_n20001_cRA_LL_covariance_s5.npz,75915,0b6480a494b0b62cb2c4f09f817236561b27a8e854b9bc913b81eeb963f6f4dc
resnet,clean_only,43,bandpass_n20001_cRA_LL_covariance_s0,phase2/results/predictions/full/clean_only/resnet/seed_43/bandpass_n20001_cRA_LL_covariance_s0.npz,75549,5e9097d1aadb2e3d68a042fef3315330ba31fb79b202f30976ba9e96854f5821
resnet,clean_only,43,bandpass_n20001_cRA_independent_rms_s20,phase2/results/predictions/full/clean_only/resnet/seed_43/bandpass_n20001_cRA_independent_rms_s20.npz,76426,f260ca41cb942ab5609ad35fdaa1e11e7d4acd213700b3cd24d311c02c05159b
resnet,clean_only,43,bandpass_n20001_cRA_independent_rms_s15,phase2/results/predictions/full/clean_only/resnet/seed_43/bandpass_n20001_cRA_independent_rms_s15.npz,76408,c58b4e4109ffeb2dd74db04e7fa5c3ae7dd4440a24bd7c00e7e89e07b57d07be
resnet,clean_only,43,bandpass_n20001_cRA_independent_rms_s10,phase2/results/predictions/full/clean_only/resnet/seed_43/bandpass_n20001_cRA_independent_rms_s10.npz,76267,bf4066b9840403a1be2f0b9777247ca8c6209bd8b6deb729c147f15f66c34f3a
resnet,clean_only,43,bandpass_n20001_cRA_independent_rms_s5,phase2/results/predictions/full/clean_only/resnet/seed_43/bandpass_n20001_cRA_independent_rms_s5.npz,76014,040e0b1ecd01caca903ed59f7b9a1ef9d08753e76738d6c9ff8684178a4adaac
resnet,clean_only,43,bandpass_n20001_cRA_independent_rms_s0,phase2/results/predictions/full/clean_only/resnet/seed_43/bandpass_n20001_cRA_independent_rms_s0.npz,75613,110ad9f76fb098f50e96639a2a04e7843c9a6c1b9384bcf4a0420e0bb6d3c08e
resnet,clean_only,43,bandpass_n20001_cRA_electrode_s20,phase2/results/predictions/full/clean_only/resnet/seed_43/bandpass_n20001_cRA_electrode_s20.npz,76427,4006987e03aa38edc55020a324ed8595715e72da80dfb71906b2627a3e0bb4df
resnet,clean_only,43,bandpass_n20001_cRA_electrode_s15,phase2/results/predictions/full/clean_only/resnet/seed_43/bandpass_n20001_cRA_electrode_s15.npz,76380,6a12e012921ec18da3e50c9cefcf876a52dfc3503164990499b44155c84b6356
resnet,clean_only,43,bandpass_n20001_cRA_electrode_s10,phase2/results/predictions/full/clean_only/resnet/seed_43/bandpass_n20001_cRA_electrode_s10.npz,76224,4186ad30f79652c3f014d63a421fb6c6b7d0605be716e3f07b25fd43abde8322
resnet,clean_only,43,bandpass_n20001_cRA_electrode_s5,phase2/results/predictions/full/clean_only/resnet/seed_43/bandpass_n20001_cRA_electrode_s5.npz,75935,0839701a9d37bd16ee306ec9b29850151330a66d94244d1e82d3a527d187e035
resnet,clean_only,43,bandpass_n20001_cRA_electrode_s0,phase2/results/predictions/full/clean_only/resnet/seed_43/bandpass_n20001_cRA_electrode_s0.npz,75443,3e86f19c1dbcbeb7f754f189c88f3f8f7ba99d0cc88da5fbd59e61e297d7c3d6
resnet,clean_only,43,bandpass_n20001_cRA_covariance_s20,phase2/results/predictions/full/clean_only/resnet/seed_43/bandpass_n20001_cRA_covariance_s20.npz,76421,d6e1065ffea20bbb2a01c4cb383dba112f95d6808fa818e9f0154000d97b2ac6
resnet,clean_only,43,bandpass_n20001_cRA_covariance_s15,phase2/results/predictions/full/clean_only/resnet/seed_43/bandpass_n20001_cRA_covariance_s15.npz,76402,991022b7c19e0d173ce2bd572829931aadb97f48cbfa2104e108eaba75b70cc6
resnet,clean_only,43,bandpass_n20001_cRA_covariance_s10,phase2/results/predictions/full/clean_only/resnet/seed_43/bandpass_n20001_cRA_covariance_s10.npz,76229,38a0e1c3ae3087fbbc7582d85ccef7a3c254a78e49368631082517946ef80279
resnet,clean_only,43,bandpass_n20001_cRA_covariance_s5,phase2/results/predictions/full/clean_only/resnet/seed_43/bandpass_n20001_cRA_covariance_s5.npz,75968,c83111ab0f45ae129b0a2b0bb964cb620ef2e2d0cfc36312146705661763d196
resnet,clean_only,43,bandpass_n20001_cRA_covariance_s0,phase2/results/predictions/full/clean_only/resnet/seed_43/bandpass_n20001_cRA_covariance_s0.npz,75432,e1534801c0fcb6fcc0f7feeab1d25a9ca3f7b80287920923aa91b0dd34ec163a
resnet,clean_only,43,bandpass_n20001_cLA_independent_rms_s20,phase2/results/predictions/full/clean_only/resnet/seed_43/bandpass_n20001_cLA_independent_rms_s20.npz,76427,e344965fb8e1c43780d09bc53e1b0b3852be69f7d7783f3d6bdc28d24277e06f
resnet,clean_only,43,bandpass_n20001_cLA_independent_rms_s15,phase2/results/predictions/full/clean_only/resnet/seed_43/bandpass_n20001_cLA_independent_rms_s15.npz,76427,52746d70d222bd1b06548befd8b8f6b33d340eb66125217af52c38660164a177
resnet,clean_only,43,bandpass_n20001_cLA_independent_rms_s10,phase2/results/predictions/full/clean_only/resnet/seed_43/bandpass_n20001_cLA_independent_rms_s10.npz,76282,00442c367c0f28dc1bf593db9b9f2e8186382e49a66ef2cb27d7adf1c8539519
resnet,clean_only,43,bandpass_n20001_cLA_independent_rms_s5,phase2/results/predictions/full/clean_only/resnet/seed_43/bandpass_n20001_cLA_independent_rms_s5.npz,76066,9b45fa6268143be2b1385f54384667cc67cdad92f4c481e76a3984322eb70273
resnet,clean_only,43,bandpass_n20001_cLA_independent_rms_s0,phase2/results/predictions/full/clean_only/resnet/seed_43/bandpass_n20001_cLA_independent_rms_s0.npz,75610,bf8f1baf86653139238146c633623935de95daf2e8645b186353a12174d55a62
resnet,clean_only,43,bandpass_n20001_cLA_electrode_s20,phase2/results/predictions/full/clean_only/resnet/seed_43/bandpass_n20001_cLA_electrode_s20.npz,76454,6bea4b7a4f200acffc2f61e5146ffe3662d7f088c3d4487141b7f794914ba2ee
resnet,clean_only,43,bandpass_n20001_cLA_electrode_s15,phase2/results/predictions/full/clean_only/resnet/seed_43/bandpass_n20001_cLA_electrode_s15.npz,76380,20254866d61961ef8da35cda4e8b38b94d6ae282b0043cd4010779d561e12470
resnet,clean_only,43,bandpass_n20001_cLA_electrode_s10,phase2/results/predictions/full/clean_only/resnet/seed_43/bandpass_n20001_cLA_electrode_s10.npz,76209,69d95c00e669c958ab9040b7040948e9015318f7786b8bd0f0c3713495f67a6e
resnet,clean_only,43,bandpass_n20001_cLA_electrode_s5,phase2/results/predictions/full/clean_only/resnet/seed_43/bandpass_n20001_cLA_electrode_s5.npz,75992,3703870bea7d7740fd5ea6f161da2b9a60bf7aa420b1286c7ec11b58a71a4d4e
resnet,clean_only,43,bandpass_n20001_cLA_electrode_s0,phase2/results/predictions/full/clean_only/resnet/seed_43/bandpass_n20001_cLA_electrode_s0.npz,75610,7db5c742c0f787b56dd186a7d9ec502cfcd82c15c2366335e837239e5a44b635
resnet,clean_only,43,bandpass_n20001_cLA_covariance_s20,phase2/results/predictions/full/clean_only/resnet/seed_43/bandpass_n20001_cLA_covariance_s20.npz,76433,9a07b8ed8f731d18a43730d95c11fcafb925a0e249ad9f12323286bb687fae81
resnet,clean_only,43,bandpass_n20001_cLA_covariance_s15,phase2/results/predictions/full/clean_only/resnet/seed_43/bandpass_n20001_cLA_covariance_s15.npz,76353,3d9121f4251813429cb31208244967f198c24e20d40021ac8ffbfebc54e420ef
resnet,clean_only,43,bandpass_n20001_cLA_covariance_s10,phase2/results/predictions/full/clean_only/resnet/seed_43/bandpass_n20001_cLA_covariance_s10.npz,76248,b6d6e938468c0d6364ee538d030615242f82859a54b49dd76a53d21a221c7587
resnet,clean_only,43,bandpass_n20001_cLA_covariance_s5,phase2/results/predictions/full/clean_only/resnet/seed_43/bandpass_n20001_cLA_covariance_s5.npz,75970,f5c8597a3282c31b12a65727ec31ef6315b6ffe941ea285f9de3e98aba470e05
resnet,clean_only,43,bandpass_n20001_cLA_covariance_s0,phase2/results/predictions/full/clean_only/resnet/seed_43/bandpass_n20001_cLA_covariance_s0.npz,75632,334a0744502ba9eef3e513f1cbac208ff42acee6d4890c2e919addc19ccbb8dd
resnet,clean_only,43,bandpass_n20001_cLL_independent_rms_s20,phase2/results/predictions/full/clean_only/resnet/seed_43/bandpass_n20001_cLL_independent_rms_s20.npz,76452,c747e8dc4ac4bc815003cedbe3dbcd596d285a7fa521be70fa1515c056ddd3e8
resnet,clean_only,43,bandpass_n20001_cLL_independent_rms_s15,phase2/results/predictions/full/clean_only/resnet/seed_43/bandpass_n20001_cLL_independent_rms_s15.npz,76369,dc55bdeb6018c2bb7bdd6a96e1bff220486a3034e90349deb00cf483ec02a641
resnet,clean_only,43,bandpass_n20001_cLL_independent_rms_s10,phase2/results/predictions/full/clean_only/resnet/seed_43/bandpass_n20001_cLL_independent_rms_s10.npz,76245,3200d4b96e582e275c75e75600fd6ef09704cc8139cca65792e6f33fd3aa5d77
resnet,clean_only,43,bandpass_n20001_cLL_independent_rms_s5,phase2/results/predictions/full/clean_only/resnet/seed_43/bandpass_n20001_cLL_independent_rms_s5.npz,76022,1d8ccf933863fbadf7a04f1677713ada93a97c96b3d750d1952cc234b5a3bb83
resnet,clean_only,43,bandpass_n20001_cLL_independent_rms_s0,phase2/results/predictions/full/clean_only/resnet/seed_43/bandpass_n20001_cLL_independent_rms_s0.npz,75581,edd7e154f4622b3eea715cd9b7b70fb4ba8d928d80464b0613920afba78e6820
resnet,clean_only,43,bandpass_n20001_cLL_electrode_s20,phase2/results/predictions/full/clean_only/resnet/seed_43/bandpass_n20001_cLL_electrode_s20.npz,76407,b696973a4294469a7a23bae9d29eff58e50ad9c6dcf503c1760df9058e4df0d2
resnet,clean_only,43,bandpass_n20001_cLL_electrode_s15,phase2/results/predictions/full/clean_only/resnet/seed_43/bandpass_n20001_cLL_electrode_s15.npz,76296,339a1c3c9482f267c6a467f5840bd43ae6fa1faa4d7b0d858bb3f4f1ad04c74a
resnet,clean_only,43,bandpass_n20001_cLL_electrode_s10,phase2/results/predictions/full/clean_only/resnet/seed_43/bandpass_n20001_cLL_electrode_s10.npz,76136,bb746aa94c65927c3dcda01c10206d972e2847103368808ae71db22afc84f5aa
resnet,clean_only,43,bandpass_n20001_cLL_electrode_s5,phase2/results/predictions/full/clean_only/resnet/seed_43/bandpass_n20001_cLL_electrode_s5.npz,75930,bdf3da20f4237b29c1d468aa5d7f8d4743f792ad7b69c12dce8a2ea8d3c2c62f
resnet,clean_only,43,bandpass_n20001_cLL_electrode_s0,phase2/results/predictions/full/clean_only/resnet/seed_43/bandpass_n20001_cLL_electrode_s0.npz,75837,4c7c09df1a9d1e1751024518bb70849ea230d1ce682dc46f8515c4129d992878
resnet,clean_only,43,bandpass_n20001_cLL_covariance_s20,phase2/results/predictions/full/clean_only/resnet/seed_43/bandpass_n20001_cLL_covariance_s20.npz,76434,86ce26d55aa7c5abe07b5885284f8f8b5a953fedc5d748bd705904dde69508a5
resnet,clean_only,43,bandpass_n20001_cLL_covariance_s15,phase2/results/predictions/full/clean_only/resnet/seed_43/bandpass_n20001_cLL_covariance_s15.npz,76338,19e5f74c6e5f158999e63abdb61282afce3e0a4660995a8c92e5253de20ce569
resnet,clean_only,43,bandpass_n20001_cLL_covariance_s10,phase2/results/predictions/full/clean_only/resnet/seed_43/bandpass_n20001_cLL_covariance_s10.npz,76131,2166005ecae66b9afce31161c3f4cf488d7c6f20610693f3cc8d6ff260eea24e
resnet,clean_only,43,bandpass_n20001_cLL_covariance_s5,phase2/results/predictions/full/clean_only/resnet/seed_43/bandpass_n20001_cLL_covariance_s5.npz,75911,bbbcb6b184bf60bded8671c68a75351cfa80bcd10320b040bea5d1b94bb705db
resnet,clean_only,43,bandpass_n20001_cLL_covariance_s0,phase2/results/predictions/full/clean_only/resnet/seed_43/bandpass_n20001_cLL_covariance_s0.npz,75857,c097c866ee0ed538691bc91861ff82c5286dde935951bb90649889d4303ed794
resnet,clean_only,43,bandpass_n20001_cRA_V1_independent_rms_s20,phase2/results/predictions/full/clean_only/resnet/seed_43/bandpass_n20001_cRA_V1_independent_rms_s20.npz,76455,7c17e125c624c6c5dd3b704491ed784f7025b3411d32afed449403a7340a2f17
resnet,clean_only,43,bandpass_n20001_cRA_V1_independent_rms_s15,phase2/results/predictions/full/clean_only/resnet/seed_43/bandpass_n20001_cRA_V1_independent_rms_s15.npz,76407,5fe1e4a66365d8e998d1281e64bc5c4667511dbcbe81a749e95c9f922b986195
resnet,clean_only,43,bandpass_n20001_cRA_V1_independent_rms_s10,phase2/results/predictions/full/clean_only/resnet/seed_43/bandpass_n20001_cRA_V1_independent_rms_s10.npz,76245,5feb87b5876862e82babc2b6e78e9f92b6612ac0f54e9097ae9c67d83e7d35a1
resnet,clean_only,43,bandpass_n20001_cRA_V1_independent_rms_s5,phase2/results/predictions/full/clean_only/resnet/seed_43/bandpass_n20001_cRA_V1_independent_rms_s5.npz,76030,be4d651c57ea259e1f321cdd275bb176173df1021242e89470e9020caacb03a1
resnet,clean_only,43,bandpass_n20001_cRA_V1_independent_rms_s0,phase2/results/predictions/full/clean_only/resnet/seed_43/bandpass_n20001_cRA_V1_independent_rms_s0.npz,75583,50ba42c9e83dd0757fc3f28c9f0ece1f7d5cc29d3107e212295aa8afca29c00e
resnet,clean_only,43,bandpass_n20001_cRA_V1_electrode_s20,phase2/results/predictions/full/clean_only/resnet/seed_43/bandpass_n20001_cRA_V1_electrode_s20.npz,76379,87ed347ab2164d4c699e89e1456d5358a2159b84124a58a3a2854a46b2aa3ef5
resnet,clean_only,43,bandpass_n20001_cRA_V1_electrode_s15,phase2/results/predictions/full/clean_only/resnet/seed_43/bandpass_n20001_cRA_V1_electrode_s15.npz,76364,895b4d42cc41f13fbb09f97dd6903f6a6992baa54a5a9ce494e8764737827696
resnet,clean_only,43,bandpass_n20001_cRA_V1_electrode_s10,phase2/results/predictions/full/clean_only/resnet/seed_43/bandpass_n20001_cRA_V1_electrode_s10.npz,76248,348e9c8b75aec793a1b62f803d296fba864772b395d6e911e2bb1c2b95df2457
resnet,clean_only,43,bandpass_n20001_cRA_V1_electrode_s5,phase2/results/predictions/full/clean_only/resnet/seed_43/bandpass_n20001_cRA_V1_electrode_s5.npz,75955,6f96475ab48e15a1088a6a1198538afea577727d9344eb9755bb6f0222cbcc05
resnet,clean_only,43,bandpass_n20001_cRA_V1_electrode_s0,phase2/results/predictions/full/clean_only/resnet/seed_43/bandpass_n20001_cRA_V1_electrode_s0.npz,75416,cd03d99fff8d173e3f3fcf5bd1e4c2fc3a498bd539ff6c16323c42ae4a8dd79c
resnet,clean_only,43,bandpass_n20001_cRA_V1_covariance_s20,phase2/results/predictions/full/clean_only/resnet/seed_43/bandpass_n20001_cRA_V1_covariance_s20.npz,76430,641313bc289ac9135c88b8b2516307ad4c36d659f05eb4f0e307ba931ced15cd
resnet,clean_only,43,bandpass_n20001_cRA_V1_covariance_s15,phase2/results/predictions/full/clean_only/resnet/seed_43/bandpass_n20001_cRA_V1_covariance_s15.npz,76352,932ac732a61b2cdbfeb73bc768d6beccc0e82644b714f859ce5d7580268e3c34
resnet,clean_only,43,bandpass_n20001_cRA_V1_covariance_s10,phase2/results/predictions/full/clean_only/resnet/seed_43/bandpass_n20001_cRA_V1_covariance_s10.npz,76251,9b6a1e4258c0994b1722073b0ceb9d4f33ea3597a6a3a0e0a3a68a268470b9a4
resnet,clean_only,43,bandpass_n20001_cRA_V1_covariance_s5,phase2/results/predictions/full/clean_only/resnet/seed_43/bandpass_n20001_cRA_V1_covariance_s5.npz,75973,b68e5e68538a69ce089215c0c1d2b5c8bf189f042a73fbe2db66a6b0cd860eb8
resnet,clean_only,43,bandpass_n20001_cRA_V1_covariance_s0,phase2/results/predictions/full/clean_only/resnet/seed_43/bandpass_n20001_cRA_V1_covariance_s0.npz,75463,2e2d57dcc1e719efefbcf9fe375ac809b8b8e3dd3ce13835fd32c437db244f0d
resnet,clean_only,43,bandpass_n20001_cLA_V6_independent_rms_s20,phase2/results/predictions/full/clean_only/resnet/seed_43/bandpass_n20001_cLA_V6_independent_rms_s20.npz,76496,2d0e1e86f9200fd18a17c7a15985e4c98cfd9f8b02583d1b239985eb31501d4f
resnet,clean_only,43,bandpass_n20001_cLA_V6_independent_rms_s15,phase2/results/predictions/full/clean_only/resnet/seed_43/bandpass_n20001_cLA_V6_independent_rms_s15.npz,76435,902dd5e9b475eda34a79de51c59b399dbd0ee2e4a018215eb33e94b8b11c1f84
resnet,clean_only,43,bandpass_n20001_cLA_V6_independent_rms_s10,phase2/results/predictions/full/clean_only/resnet/seed_43/bandpass_n20001_cLA_V6_independent_rms_s10.npz,76309,c522136b2fd0dde4e621e99963bc7fbfeda9eae30919cd63961a642175eb540b
resnet,clean_only,43,bandpass_n20001_cLA_V6_independent_rms_s5,phase2/results/predictions/full/clean_only/resnet/seed_43/bandpass_n20001_cLA_V6_independent_rms_s5.npz,76065,b1adb9bb52245ed64ef3037d8ded172094f285f10ff6cc42311c97094a545726
resnet,clean_only,43,bandpass_n20001_cLA_V6_independent_rms_s0,phase2/results/predictions/full/clean_only/resnet/seed_43/bandpass_n20001_cLA_V6_independent_rms_s0.npz,75612,fffca3510796b3dfc2f2112080f15116ed8262882d1c020e1a73963216fff7da
resnet,clean_only,43,bandpass_n20001_cLA_V6_electrode_s20,phase2/results/predictions/full/clean_only/resnet/seed_43/bandpass_n20001_cLA_V6_electrode_s20.npz,76425,da93be14d71255ca5c0333a27f0fedf6147d8b639e6cfbca97e42982933d651e
resnet,clean_only,43,bandpass_n20001_cLA_V6_electrode_s15,phase2/results/predictions/full/clean_only/resnet/seed_43/bandpass_n20001_cLA_V6_electrode_s15.npz,76373,94aa84b3fa965f501d9baa9bd34760e74e670580554b672b90357c863d7af5fd
resnet,clean_only,43,bandpass_n20001_cLA_V6_electrode_s10,phase2/results/predictions/full/clean_only/resnet/seed_43/bandpass_n20001_cLA_V6_electrode_s10.npz,76233,5dc255e95ec156930c3204cabb9fd6d91e2a6336ea0cec3294792e0ef0945701
resnet,clean_only,43,bandpass_n20001_cLA_V6_electrode_s5,phase2/results/predictions/full/clean_only/resnet/seed_43/bandpass_n20001_cLA_V6_electrode_s5.npz,76012,4352a7ceb009ae5cea6b719a837145afdce8380e3977afc33a2a238329e1a6c9
resnet,clean_only,43,bandpass_n20001_cLA_V6_electrode_s0,phase2/results/predictions/full/clean_only/resnet/seed_43/bandpass_n20001_cLA_V6_electrode_s0.npz,75599,3688c1f8db070c997e1219277af5e53a38b6cf97a4e44fe278a67f7e85c00c0c
resnet,clean_only,43,bandpass_n20001_cLA_V6_covariance_s20,phase2/results/predictions/full/clean_only/resnet/seed_43/bandpass_n20001_cLA_V6_covariance_s20.npz,76405,4dabba66432b3589a34650742a5eb7ca02cb0155f2f384f00e5b09512d9d899f
resnet,clean_only,43,bandpass_n20001_cLA_V6_covariance_s15,phase2/results/predictions/full/clean_only/resnet/seed_43/bandpass_n20001_cLA_V6_covariance_s15.npz,76390,0250fa1827ef7a8503a171609a3246cb483f74decb540f643007c3f50309b074
resnet,clean_only,43,bandpass_n20001_cLA_V6_covariance_s10,phase2/results/predictions/full/clean_only/resnet/seed_43/bandpass_n20001_cLA_V6_covariance_s10.npz,76255,d2c2e837bfbd64cc681416f8147033921ba797af460be43f948deeecbc68af0a
resnet,clean_only,43,bandpass_n20001_cLA_V6_covariance_s5,phase2/results/predictions/full/clean_only/resnet/seed_43/bandpass_n20001_cLA_V6_covariance_s5.npz,75987,7b3e493926c6bbb8c668f6e1fd63ba3014aa3159f9631d4b1655c480e9368332
resnet,clean_only,43,bandpass_n20001_cLA_V6_covariance_s0,phase2/results/predictions/full/clean_only/resnet/seed_43/bandpass_n20001_cLA_V6_covariance_s0.npz,75610,eee1b0fce3289e8caa65013e0790ec8acebfe78f4254939c0a7175698d51c6ed
resnet,clean_only,43,bandpass_n20001_cLL_V4_independent_rms_s20,phase2/results/predictions/full/clean_only/resnet/seed_43/bandpass_n20001_cLL_V4_independent_rms_s20.npz,76441,8486578fcc9542c4048dd85dc0ed79d12ad2104ce5bf4779d56d5dff15ae7d59
resnet,clean_only,43,bandpass_n20001_cLL_V4_independent_rms_s15,phase2/results/predictions/full/clean_only/resnet/seed_43/bandpass_n20001_cLL_V4_independent_rms_s15.npz,76388,120cff69702a2ea51b51494593cd1ac6cf98c441127684e8045a00afcbd9ecf2
resnet,clean_only,43,bandpass_n20001_cLL_V4_independent_rms_s10,phase2/results/predictions/full/clean_only/resnet/seed_43/bandpass_n20001_cLL_V4_independent_rms_s10.npz,76307,bf562910807784442b8d08836b107928647d6e5dfd6da2f2a6d60f45f7d70f3c
resnet,clean_only,43,bandpass_n20001_cLL_V4_independent_rms_s5,phase2/results/predictions/full/clean_only/resnet/seed_43/bandpass_n20001_cLL_V4_independent_rms_s5.npz,76025,1de0f334b3339e3cb2bc7c709aafd26c5ec822b605537b7ef2bf14446b33eaf1
resnet,clean_only,43,bandpass_n20001_cLL_V4_independent_rms_s0,phase2/results/predictions/full/clean_only/resnet/seed_43/bandpass_n20001_cLL_V4_independent_rms_s0.npz,75634,490a2794b15fd20f8bcc441df732156e709b5de779d8f1c78608864bf86795e8
resnet,clean_only,43,bandpass_n20001_cLL_V4_electrode_s20,phase2/results/predictions/full/clean_only/resnet/seed_43/bandpass_n20001_cLL_V4_electrode_s20.npz,76395,ffea7241bad0a4da5932dfbba104756210c86fd3d26888a19d3e4d861e31f7d7
resnet,clean_only,43,bandpass_n20001_cLL_V4_electrode_s15,phase2/results/predictions/full/clean_only/resnet/seed_43/bandpass_n20001_cLL_V4_electrode_s15.npz,76320,9fb4eaa66ac7298014e12352062ab48bb4ada21fdf074b282e4af94de7c715d0
resnet,clean_only,43,bandpass_n20001_cLL_V4_electrode_s10,phase2/results/predictions/full/clean_only/resnet/seed_43/bandpass_n20001_cLL_V4_electrode_s10.npz,76194,aa53fb4b873f8eec22dc418879064d0e3118425f29117b7463898fcbc6a536bb
resnet,clean_only,43,bandpass_n20001_cLL_V4_electrode_s5,phase2/results/predictions/full/clean_only/resnet/seed_43/bandpass_n20001_cLL_V4_electrode_s5.npz,75942,e639e0c31ce536fd3e81831c0d4f85a7fac37833836061b2e28758c6a513ed29
resnet,clean_only,43,bandpass_n20001_cLL_V4_electrode_s0,phase2/results/predictions/full/clean_only/resnet/seed_43/bandpass_n20001_cLL_V4_electrode_s0.npz,75836,d69298ed008b44c1d35268e9dc8d3f49b06b669d17f06cd1f8becef4ec37d6f8
resnet,clean_only,43,bandpass_n20001_cLL_V4_covariance_s20,phase2/results/predictions/full/clean_only/resnet/seed_43/bandpass_n20001_cLL_V4_covariance_s20.npz,76422,92a1f27d107cda6c3af0417f6b5d938e2e60abc5594582e1d16638a828bcabf7
resnet,clean_only,43,bandpass_n20001_cLL_V4_covariance_s15,phase2/results/predictions/full/clean_only/resnet/seed_43/bandpass_n20001_cLL_V4_covariance_s15.npz,76349,926c8e7e8fc55c599a34e7873d09635f9e3ea42311608e07f60cca2e7671cd5d
resnet,clean_only,43,bandpass_n20001_cLL_V4_covariance_s10,phase2/results/predictions/full/clean_only/resnet/seed_43/bandpass_n20001_cLL_V4_covariance_s10.npz,76150,257c5d1870cdbb7252c5d34e41bf429a5644996bf60400fdaf0fe16d6c2ee40e
resnet,clean_only,43,bandpass_n20001_cLL_V4_covariance_s5,phase2/results/predictions/full/clean_only/resnet/seed_43/bandpass_n20001_cLL_V4_covariance_s5.npz,75966,5fa13626c9f249b4e97198e2df916aa7f9217ec220ddc00c74d451e420664c51
resnet,clean_only,43,bandpass_n20001_cLL_V4_covariance_s0,phase2/results/predictions/full/clean_only/resnet/seed_43/bandpass_n20001_cLL_V4_covariance_s0.npz,75831,b09268f53b5179a0c98a52c3924ae8db9854c454b1f040317c5232ba2926638a
resnet,clean_only,43,bandpass_n20001_cRA_LA_V1_V6_independent_rms_s20,phase2/results/predictions/full/clean_only/resnet/seed_43/bandpass_n20001_cRA_LA_V1_V6_independent_rms_s20.npz,76479,ae4e5c0364d06ebb8093ff77f58b74c6fed6d73947da908a72dbf1b64403ee3c
resnet,clean_only,43,bandpass_n20001_cRA_LA_V1_V6_independent_rms_s15,phase2/results/predictions/full/clean_only/resnet/seed_43/bandpass_n20001_cRA_LA_V1_V6_independent_rms_s15.npz,76429,51e2baaffb1412a3fe8c470ed530a47864c4ae99f92bfffca5ef9c8000540c89
resnet,clean_only,43,bandpass_n20001_cRA_LA_V1_V6_independent_rms_s10,phase2/results/predictions/full/clean_only/resnet/seed_43/bandpass_n20001_cRA_LA_V1_V6_independent_rms_s10.npz,76316,c5621b3347aea1657fc5591b16409d05a711075d5fd64f041d01fb48e9e4de02
resnet,clean_only,43,bandpass_n20001_cRA_LA_V1_V6_independent_rms_s5,phase2/results/predictions/full/clean_only/resnet/seed_43/bandpass_n20001_cRA_LA_V1_V6_independent_rms_s5.npz,76042,744626c271e267d99fe2e1c9a0e7eb2214bd9a7f76d784bb81a9f85d960101b8
resnet,clean_only,43,bandpass_n20001_cRA_LA_V1_V6_independent_rms_s0,phase2/results/predictions/full/clean_only/resnet/seed_43/bandpass_n20001_cRA_LA_V1_V6_independent_rms_s0.npz,75627,19cd3ffe032bbdab32fdf67d93f8f7b4370fdc08ad0f6e2a5fbfd5b5c50491e4
resnet,clean_only,43,bandpass_n20001_cRA_LA_V1_V6_electrode_s20,phase2/results/predictions/full/clean_only/resnet/seed_43/bandpass_n20001_cRA_LA_V1_V6_electrode_s20.npz,76408,c0a4168d76516a4570b91f9f4cc008ff73cb9f670c289004d86fb73626ecdafc
resnet,clean_only,43,bandpass_n20001_cRA_LA_V1_V6_electrode_s15,phase2/results/predictions/full/clean_only/resnet/seed_43/bandpass_n20001_cRA_LA_V1_V6_electrode_s15.npz,76395,04bdd20fc0d70c7d1e05c6091c7d39aab7fd0ca450d4ee8cdde3129764fb3af0
resnet,clean_only,43,bandpass_n20001_cRA_LA_V1_V6_electrode_s10,phase2/results/predictions/full/clean_only/resnet/seed_43/bandpass_n20001_cRA_LA_V1_V6_electrode_s10.npz,76258,f9dd19f191ef1e5334bf0893bb2d39aa5a943a9e9081a1b64b9fd01895e298d1
resnet,clean_only,43,bandpass_n20001_cRA_LA_V1_V6_electrode_s5,phase2/results/predictions/full/clean_only/resnet/seed_43/bandpass_n20001_cRA_LA_V1_V6_electrode_s5.npz,75961,da7aec71053dae4d70b4de84c62ce061abd8d578ffa809148196539401cf1bf4
resnet,clean_only,43,bandpass_n20001_cRA_LA_V1_V6_electrode_s0,phase2/results/predictions/full/clean_only/resnet/seed_43/bandpass_n20001_cRA_LA_V1_V6_electrode_s0.npz,75488,3471402b5dc8363ca3feee7059f4b35cb2b9531c3e1a5bc1029aeb481fa12296
resnet,clean_only,43,bandpass_n20001_cRA_LA_V1_V6_covariance_s20,phase2/results/predictions/full/clean_only/resnet/seed_43/bandpass_n20001_cRA_LA_V1_V6_covariance_s20.npz,76427,6b6c833841cb2ba2647bec8ca0f339acda04bdd62df9a00c4725eb7b48be8ccd
resnet,clean_only,43,bandpass_n20001_cRA_LA_V1_V6_covariance_s15,phase2/results/predictions/full/clean_only/resnet/seed_43/bandpass_n20001_cRA_LA_V1_V6_covariance_s15.npz,76427,872f89643f8431cb7a2679f6391ce6cf5de4632c187ea91be3198c247b199f9a
resnet,clean_only,43,bandpass_n20001_cRA_LA_V1_V6_covariance_s10,phase2/results/predictions/full/clean_only/resnet/seed_43/bandpass_n20001_cRA_LA_V1_V6_covariance_s10.npz,76243,4d79066d22067967952150cf78fc3bacddba4ab957978ba5d11f3a5c0c141464
resnet,clean_only,43,bandpass_n20001_cRA_LA_V1_V6_covariance_s5,phase2/results/predictions/full/clean_only/resnet/seed_43/bandpass_n20001_cRA_LA_V1_V6_covariance_s5.npz,75977,d255a434b44240c2235d8e09db7107fe6f89242f5150ec19bd6fa923e9354715
resnet,clean_only,43,bandpass_n20001_cRA_LA_V1_V6_covariance_s0,phase2/results/predictions/full/clean_only/resnet/seed_43/bandpass_n20001_cRA_LA_V1_V6_covariance_s0.npz,75527,c1a85ab2673cd7e008e3e5756e835d41036e86764167b3c34225073d941d463d
resnet,clean_only,43,bandpass_n20001_cRA_V2_V5_independent_rms_s20,phase2/results/predictions/full/clean_only/resnet/seed_43/bandpass_n20001_cRA_V2_V5_independent_rms_s20.npz,76454,d6f13a3035ed9f0750dd7438c059608a00e71c7e4bd648b48c35cce0fa983cc8
resnet,clean_only,43,bandpass_n20001_cRA_V2_V5_independent_rms_s15,phase2/results/predictions/full/clean_only/resnet/seed_43/bandpass_n20001_cRA_V2_V5_independent_rms_s15.npz,76396,fb431c980877f56d894d99cc54ab33e744bff2bfcbd9b9d81cca11344950f3ab
resnet,clean_only,43,bandpass_n20001_cRA_V2_V5_independent_rms_s10,phase2/results/predictions/full/clean_only/resnet/seed_43/bandpass_n20001_cRA_V2_V5_independent_rms_s10.npz,76267,55dae9baef5835da78200750d69ddeee1262966b94f38418bc52241ea1ec6876
resnet,clean_only,43,bandpass_n20001_cRA_V2_V5_independent_rms_s5,phase2/results/predictions/full/clean_only/resnet/seed_43/bandpass_n20001_cRA_V2_V5_independent_rms_s5.npz,76031,a44b1f6f41285c747f849cf6a11fb159718ed7c8395eea2e9208b88011e0f7eb
resnet,clean_only,43,bandpass_n20001_cRA_V2_V5_independent_rms_s0,phase2/results/predictions/full/clean_only/resnet/seed_43/bandpass_n20001_cRA_V2_V5_independent_rms_s0.npz,75654,4eef8854a35a69ba0f57f7b09e157d81418929f90b6d1bdad97734167c5399e8
resnet,clean_only,43,bandpass_n20001_cRA_V2_V5_electrode_s20,phase2/results/predictions/full/clean_only/resnet/seed_43/bandpass_n20001_cRA_V2_V5_electrode_s20.npz,76459,001dd259aa438a4c35265d3deb0735c699dddf88cefd75246c51326873496f2f
resnet,clean_only,43,bandpass_n20001_cRA_V2_V5_electrode_s15,phase2/results/predictions/full/clean_only/resnet/seed_43/bandpass_n20001_cRA_V2_V5_electrode_s15.npz,76382,7f66ce35dc93c42dc4400e7cad2d583bf9edc1a062758860dc4dca96ab39263d
resnet,clean_only,43,bandpass_n20001_cRA_V2_V5_electrode_s10,phase2/results/predictions/full/clean_only/resnet/seed_43/bandpass_n20001_cRA_V2_V5_electrode_s10.npz,76256,ea68e13072f8dd742ee9f93348dcaf82b56c52fbaf65f67aff14d737b027c020
resnet,clean_only,43,bandpass_n20001_cRA_V2_V5_electrode_s5,phase2/results/predictions/full/clean_only/resnet/seed_43/bandpass_n20001_cRA_V2_V5_electrode_s5.npz,75976,bda72663321685db991445f3829835ad428e6566a59b8b014b4e991247136971
resnet,clean_only,43,bandpass_n20001_cRA_V2_V5_electrode_s0,phase2/results/predictions/full/clean_only/resnet/seed_43/bandpass_n20001_cRA_V2_V5_electrode_s0.npz,75464,6c914b7e71144adc3d5b09eb295173b4c9f93f28b787ad6cfa89978b080f918e
resnet,clean_only,43,bandpass_n20001_cRA_V2_V5_covariance_s20,phase2/results/predictions/full/clean_only/resnet/seed_43/bandpass_n20001_cRA_V2_V5_covariance_s20.npz,76444,4a876df1ecc4f6b1d38114ab546bf9855213928e8f016a04f57c813526920599
resnet,clean_only,43,bandpass_n20001_cRA_V2_V5_covariance_s15,phase2/results/predictions/full/clean_only/resnet/seed_43/bandpass_n20001_cRA_V2_V5_covariance_s15.npz,76386,329170eb26ac9fd291c4e7849fe8df6f6c06e873f493afa1d243c36b24083cad
resnet,clean_only,43,bandpass_n20001_cRA_V2_V5_covariance_s10,phase2/results/predictions/full/clean_only/resnet/seed_43/bandpass_n20001_cRA_V2_V5_covariance_s10.npz,76250,88aabf53ee539c001df79e8b952e156c20bd6db3a45896823c219d13745465bd
resnet,clean_only,43,bandpass_n20001_cRA_V2_V5_covariance_s5,phase2/results/predictions/full/clean_only/resnet/seed_43/bandpass_n20001_cRA_V2_V5_covariance_s5.npz,75996,0cda89b1a221698406cae4b4badfe8d21fc81a32bbcae82bdcefdb7ebcf49923
resnet,clean_only,43,bandpass_n20001_cRA_V2_V5_covariance_s0,phase2/results/predictions/full/clean_only/resnet/seed_43/bandpass_n20001_cRA_V2_V5_covariance_s0.npz,75481,ae1b14506e43537081b6d52217844e3412eaa6e2887d7f72e2863a1c58d882d7
resnet,clean_only,43,bandpass_n20001_cLA_V3_V6_independent_rms_s20,phase2/results/predictions/full/clean_only/resnet/seed_43/bandpass_n20001_cLA_V3_V6_independent_rms_s20.npz,76494,86fc9d753a11697b20470e921d28cb6c20d5d6a11caa04e708292bbb73f64e00
resnet,clean_only,43,bandpass_n20001_cLA_V3_V6_independent_rms_s15,phase2/results/predictions/full/clean_only/resnet/seed_43/bandpass_n20001_cLA_V3_V6_independent_rms_s15.npz,76396,13b3e909eca145e0b203ec912db9512560981021a2ce20171b4b2b4db9037ba1
resnet,clean_only,43,bandpass_n20001_cLA_V3_V6_independent_rms_s10,phase2/results/predictions/full/clean_only/resnet/seed_43/bandpass_n20001_cLA_V3_V6_independent_rms_s10.npz,76295,9d4108b0748cb53b802638fd332b9a67f6262a34df2b30523dfc76a145915e86
resnet,clean_only,43,bandpass_n20001_cLA_V3_V6_independent_rms_s5,phase2/results/predictions/full/clean_only/resnet/seed_43/bandpass_n20001_cLA_V3_V6_independent_rms_s5.npz,76078,fd28bb22ee3841e8fa70239002ae09ca916a3908bcd26e53f17d4049d6513e2e
resnet,clean_only,43,bandpass_n20001_cLA_V3_V6_independent_rms_s0,phase2/results/predictions/full/clean_only/resnet/seed_43/bandpass_n20001_cLA_V3_V6_independent_rms_s0.npz,75713,d1529621d3fc27c5ce6b541eed54a2d064c4b063b2d683d4e7a5dd10fdea4e86
resnet,clean_only,43,bandpass_n20001_cLA_V3_V6_electrode_s20,phase2/results/predictions/full/clean_only/resnet/seed_43/bandpass_n20001_cLA_V3_V6_electrode_s20.npz,76396,2d3316acbdab719cb8e2822246aaca16bc1b9ebd751d2391cfadb9dace68c4e1
resnet,clean_only,43,bandpass_n20001_cLA_V3_V6_electrode_s15,phase2/results/predictions/full/clean_only/resnet/seed_43/bandpass_n20001_cLA_V3_V6_electrode_s15.npz,76399,6f610c388ca0cd3ff910ead5b85347e25e5a7b9831d761cd025c35d468d1c5ab
resnet,clean_only,43,bandpass_n20001_cLA_V3_V6_electrode_s10,phase2/results/predictions/full/clean_only/resnet/seed_43/bandpass_n20001_cLA_V3_V6_electrode_s10.npz,76262,e5dbd3e6f01e9ef6c8d9c57fea2d0232f1a1bb938c8f0edc4e9a9b085593b4c6
resnet,clean_only,43,bandpass_n20001_cLA_V3_V6_electrode_s5,phase2/results/predictions/full/clean_only/resnet/seed_43/bandpass_n20001_cLA_V3_V6_electrode_s5.npz,76031,3eeb287337a1679706b4f43c037c83306a75a6a90786a70a4e1488e26ac8d3f9
resnet,clean_only,43,bandpass_n20001_cLA_V3_V6_electrode_s0,phase2/results/predictions/full/clean_only/resnet/seed_43/bandpass_n20001_cLA_V3_V6_electrode_s0.npz,75645,a52de91ae14f1a47d1a65ef2a8835c56495ba137528ded901c56aa480068a87f
resnet,clean_only,43,bandpass_n20001_cLA_V3_V6_covariance_s20,phase2/results/predictions/full/clean_only/resnet/seed_43/bandpass_n20001_cLA_V3_V6_covariance_s20.npz,76440,70d180737ff125002946dccd38f1aa9c449d037c20776140be69205b2cad19f7
resnet,clean_only,43,bandpass_n20001_cLA_V3_V6_covariance_s15,phase2/results/predictions/full/clean_only/resnet/seed_43/bandpass_n20001_cLA_V3_V6_covariance_s15.npz,76389,a92ff782d1b843be69af3819551df32acc645b2e1cca79eb6361d65aad02412e
resnet,clean_only,43,bandpass_n20001_cLA_V3_V6_covariance_s10,phase2/results/predictions/full/clean_only/resnet/seed_43/bandpass_n20001_cLA_V3_V6_covariance_s10.npz,76274,5234d7fae05d356a689cf08594acd8ea39aabbe8c4f3de4c68aefe5f31b35db4
resnet,clean_only,43,bandpass_n20001_cLA_V3_V6_covariance_s5,phase2/results/predictions/full/clean_only/resnet/seed_43/bandpass_n20001_cLA_V3_V6_covariance_s5.npz,76011,6a27d0048e2f9d3ab21fba60293cd46005d419fd5bf0afd01c42752b19ff070d
resnet,clean_only,43,bandpass_n20001_cLA_V3_V6_covariance_s0,phase2/results/predictions/full/clean_only/resnet/seed_43/bandpass_n20001_cLA_V3_V6_covariance_s0.npz,75596,29b32070dd4cfef8af9544086f799b9c693f18cb24d767beb881192e139ef7b8
resnet,clean_only,43,bandpass_n20001_cLL_V1_V4_independent_rms_s20,phase2/results/predictions/full/clean_only/resnet/seed_43/bandpass_n20001_cLL_V1_V4_independent_rms_s20.npz,76409,e0943083f0bb37854029d2f8dba7a03407ca735c19bb93ad69c203c4b89185f5
resnet,clean_only,43,bandpass_n20001_cLL_V1_V4_independent_rms_s15,phase2/results/predictions/full/clean_only/resnet/seed_43/bandpass_n20001_cLL_V1_V4_independent_rms_s15.npz,76405,590750b7d0e5e86fc5f8399d84642cc2c492e3d29443e45a509bfe9f08e62f0a
resnet,clean_only,43,bandpass_n20001_cLL_V1_V4_independent_rms_s10,phase2/results/predictions/full/clean_only/resnet/seed_43/bandpass_n20001_cLL_V1_V4_independent_rms_s10.npz,76314,3c097c8c7302ea7f97f2f3724a0aee13e7658cc6f1b2a8d95403d16d3b743834
resnet,clean_only,43,bandpass_n20001_cLL_V1_V4_independent_rms_s5,phase2/results/predictions/full/clean_only/resnet/seed_43/bandpass_n20001_cLL_V1_V4_independent_rms_s5.npz,76041,86cf178617297b3b060472b30f5f78332d27d99365cb3496a146ffa660a5887e
resnet,clean_only,43,bandpass_n20001_cLL_V1_V4_independent_rms_s0,phase2/results/predictions/full/clean_only/resnet/seed_43/bandpass_n20001_cLL_V1_V4_independent_rms_s0.npz,75608,0ff6a9d0900b68ca4574adee366b90d5129ae1e5450d4622cf5a5e2fc4abc872
resnet,clean_only,43,bandpass_n20001_cLL_V1_V4_electrode_s20,phase2/results/predictions/full/clean_only/resnet/seed_43/bandpass_n20001_cLL_V1_V4_electrode_s20.npz,76415,86162c02b07cd7414118fad2dd6d017e0a6bab885488ae93c0f52e84a979f703
resnet,clean_only,43,bandpass_n20001_cLL_V1_V4_electrode_s15,phase2/results/predictions/full/clean_only/resnet/seed_43/bandpass_n20001_cLL_V1_V4_electrode_s15.npz,76392,09e1c4163aecaac3c0f2074ef6824228b903eb8c09dff6676574ad5e1bc5d79c
resnet,clean_only,43,bandpass_n20001_cLL_V1_V4_electrode_s10,phase2/results/predictions/full/clean_only/resnet/seed_43/bandpass_n20001_cLL_V1_V4_electrode_s10.npz,76166,5a31f96f21d39d517a97f24221c928835e43ad8cee18bf8b285808ed815fcb7d
resnet,clean_only,43,bandpass_n20001_cLL_V1_V4_electrode_s5,phase2/results/predictions/full/clean_only/resnet/seed_43/bandpass_n20001_cLL_V1_V4_electrode_s5.npz,75951,5ebd01b7449091f5cbe7a895fbc2f38b2d0b7c52b2c61aabb616e947776bec56
resnet,clean_only,43,bandpass_n20001_cLL_V1_V4_electrode_s0,phase2/results/predictions/full/clean_only/resnet/seed_43/bandpass_n20001_cLL_V1_V4_electrode_s0.npz,75767,e998b673fb02802e592e6943473e0a34bcd903907b9aa0ce2a5c24de1c903ba2
resnet,clean_only,43,bandpass_n20001_cLL_V1_V4_covariance_s20,phase2/results/predictions/full/clean_only/resnet/seed_43/bandpass_n20001_cLL_V1_V4_covariance_s20.npz,76436,5da46f7ce85ed683c35b14a9512591e36b0503831f3f7536953f87ca3de2ecb3
resnet,clean_only,43,bandpass_n20001_cLL_V1_V4_covariance_s15,phase2/results/predictions/full/clean_only/resnet/seed_43/bandpass_n20001_cLL_V1_V4_covariance_s15.npz,76373,d3f84eeab5810af7fe4a41eb8476a7b842a11a131cc43935dd641bf0fae3158c
resnet,clean_only,43,bandpass_n20001_cLL_V1_V4_covariance_s10,phase2/results/predictions/full/clean_only/resnet/seed_43/bandpass_n20001_cLL_V1_V4_covariance_s10.npz,76206,be5519e97fccbc3988c0cc731afcf3d63fc52f76acbaa8448f640bf0eebf1e43
resnet,clean_only,43,bandpass_n20001_cLL_V1_V4_covariance_s5,phase2/results/predictions/full/clean_only/resnet/seed_43/bandpass_n20001_cLL_V1_V4_covariance_s5.npz,75950,0f35c91dbb3abe39958c5efb25109d2897e53bfeb86d69782ab7c6fd5b7ac282
resnet,clean_only,43,bandpass_n20001_cLL_V1_V4_covariance_s0,phase2/results/predictions/full/clean_only/resnet/seed_43/bandpass_n20001_cLL_V1_V4_covariance_s0.npz,75748,8f638b4645757fd531ce3abb5dd260da03295b7faecb6118d4c575c91a938487
resnet,clean_only,43,bandpass_n20001_call_independent_rms_s20,phase2/results/predictions/full/clean_only/resnet/seed_43/bandpass_n20001_call_independent_rms_s20.npz,76412,31598958fef17e0e6e63852cd0131a82e242b354786e263569af46c7e4d6d08a
resnet,clean_only,43,bandpass_n20001_call_independent_rms_s15,phase2/results/predictions/full/clean_only/resnet/seed_43/bandpass_n20001_call_independent_rms_s15.npz,76385,c8932600c7d7a8867114be30bdd85467451df02f50c7ff897ad430d16d4d4a4e
resnet,clean_only,43,bandpass_n20001_call_independent_rms_s10,phase2/results/predictions/full/clean_only/resnet/seed_43/bandpass_n20001_call_independent_rms_s10.npz,76260,b68942c1f61350fbaea459c1a90af2d2b716193fe314587f89a08c7dad1813f8
resnet,clean_only,43,bandpass_n20001_call_independent_rms_s5,phase2/results/predictions/full/clean_only/resnet/seed_43/bandpass_n20001_call_independent_rms_s5.npz,76004,e8f718a41cd43734f470b377674c46764f2556176bf7adc89392b89b842db1a7
resnet,clean_only,43,bandpass_n20001_call_independent_rms_s0,phase2/results/predictions/full/clean_only/resnet/seed_43/bandpass_n20001_call_independent_rms_s0.npz,75568,21d0d3ab69e2b8da38c7f4c83bfea101eafaa7b299e73b964a602932f2654b91
resnet,clean_only,43,bandpass_n20001_call_electrode_s20,phase2/results/predictions/full/clean_only/resnet/seed_43/bandpass_n20001_call_electrode_s20.npz,76436,3c0469b2cfd3adb34f6d7b64760671bce77d7d8b5de19ddfce883859eaf8821d
resnet,clean_only,43,bandpass_n20001_call_electrode_s15,phase2/results/predictions/full/clean_only/resnet/seed_43/bandpass_n20001_call_electrode_s15.npz,76334,a0a3539d3eb7598a60a119e0769419214b9de0173ad86f3274c1ae4c8df8e807
resnet,clean_only,43,bandpass_n20001_call_electrode_s10,phase2/results/predictions/full/clean_only/resnet/seed_43/bandpass_n20001_call_electrode_s10.npz,76193,0ad4142559ffa5a4399794df8987a53bbdcb31db49f6a917a8f2aef110960cf8
resnet,clean_only,43,bandpass_n20001_call_electrode_s5,phase2/results/predictions/full/clean_only/resnet/seed_43/bandpass_n20001_call_electrode_s5.npz,75930,c6980c1792402b1c33f94739e7f72dd4ad33270550b722cf85ea91e1000873cb
resnet,clean_only,43,bandpass_n20001_call_electrode_s0,phase2/results/predictions/full/clean_only/resnet/seed_43/bandpass_n20001_call_electrode_s0.npz,75565,e66579eecfdb63398c5516be8d3546cae643399517d38d5435da09a5c63e59a6
resnet,clean_only,43,bandpass_n20001_call_covariance_s20,phase2/results/predictions/full/clean_only/resnet/seed_43/bandpass_n20001_call_covariance_s20.npz,76377,6ae33694028ed122c9e42a83579ce2f71ec1160615df5e6c3923f1dc0c75a8c9
resnet,clean_only,43,bandpass_n20001_call_covariance_s15,phase2/results/predictions/full/clean_only/resnet/seed_43/bandpass_n20001_call_covariance_s15.npz,76330,b6ced2f86ed9697d4d3466e6f5cb7700a2cceaa49e9c096fe1f7f042574d7798
resnet,clean_only,43,bandpass_n20001_call_covariance_s10,phase2/results/predictions/full/clean_only/resnet/seed_43/bandpass_n20001_call_covariance_s10.npz,76217,6bb540b785f485e150b596659d355f16a993c2def43aea8f12b42e5f7cb66a6c
resnet,clean_only,43,bandpass_n20001_call_covariance_s5,phase2/results/predictions/full/clean_only/resnet/seed_43/bandpass_n20001_call_covariance_s5.npz,75918,e3ab8443b4895c4b3e57e72304d2d9516aa7f6699cc0112e31300baa7f9d51f8
resnet,clean_only,43,bandpass_n20001_call_covariance_s0,phase2/results/predictions/full/clean_only/resnet/seed_43/bandpass_n20001_call_covariance_s0.npz,75539,63d41eb4e214013bc3f93c943e7b8bf8254741c4bd280aaf15896eb22c0ec42c
resnet,clean_only,43,bandpass_n20002_cRA_LA_LL_independent_rms_s20,phase2/results/predictions/full/clean_only/resnet/seed_43/bandpass_n20002_cRA_LA_LL_independent_rms_s20.npz,76446,7e8b4b6001780a6470e7ffb395c82ef6cd04e121e9592bbd6feee82a3f7888fb
resnet,clean_only,43,bandpass_n20002_cRA_LA_LL_independent_rms_s15,phase2/results/predictions/full/clean_only/resnet/seed_43/bandpass_n20002_cRA_LA_LL_independent_rms_s15.npz,76420,20320ee90e62924f42c44fdf91162f3aa117c0f15097b5a756c2806bf8ec6bad
resnet,clean_only,43,bandpass_n20002_cRA_LA_LL_independent_rms_s10,phase2/results/predictions/full/clean_only/resnet/seed_43/bandpass_n20002_cRA_LA_LL_independent_rms_s10.npz,76294,b8f01d143547c6b79b8e7a6132f6e7e6ec1fadc6fdcc234bbdb21c35fefe0fa5
resnet,clean_only,43,bandpass_n20002_cRA_LA_LL_independent_rms_s5,phase2/results/predictions/full/clean_only/resnet/seed_43/bandpass_n20002_cRA_LA_LL_independent_rms_s5.npz,76026,8fdc345651209087bebef542e0e1d9fb0f9f218c6a0fdff7dd7ed09ad9ad391a
resnet,clean_only,43,bandpass_n20002_cRA_LA_LL_independent_rms_s0,phase2/results/predictions/full/clean_only/resnet/seed_43/bandpass_n20002_cRA_LA_LL_independent_rms_s0.npz,75630,17127d7d1170477d81f13a156b98c9cd392ea40f4dbf7bd525f6759d4aeaa8e3
resnet,clean_only,43,bandpass_n20002_cRA_LA_LL_electrode_s20,phase2/results/predictions/full/clean_only/resnet/seed_43/bandpass_n20002_cRA_LA_LL_electrode_s20.npz,76421,539d930ae00f7bf85e5147700a6d3b9aecdb4acdec4628f341c9d27752c374fd
resnet,clean_only,43,bandpass_n20002_cRA_LA_LL_electrode_s15,phase2/results/predictions/full/clean_only/resnet/seed_43/bandpass_n20002_cRA_LA_LL_electrode_s15.npz,76364,d40dc7fc78294a04099c71a4bc25b8d2fd4e7fa180d85ec448b41f55f208738f
resnet,clean_only,43,bandpass_n20002_cRA_LA_LL_electrode_s10,phase2/results/predictions/full/clean_only/resnet/seed_43/bandpass_n20002_cRA_LA_LL_electrode_s10.npz,76194,e17f5462175811746a9bf395482a7376791363c11f7e029cb8913fcc52881644
resnet,clean_only,43,bandpass_n20002_cRA_LA_LL_electrode_s5,phase2/results/predictions/full/clean_only/resnet/seed_43/bandpass_n20002_cRA_LA_LL_electrode_s5.npz,75895,0a7e569e690452aee022b2e5eedfe7e45e14708b72be965512a2acb05aff6d57
resnet,clean_only,43,bandpass_n20002_cRA_LA_LL_electrode_s0,phase2/results/predictions/full/clean_only/resnet/seed_43/bandpass_n20002_cRA_LA_LL_electrode_s0.npz,75563,d8864d2fb7a286adbc2ffdab62832f6234cb1cb4d0b26412d0b1172049d28e97
resnet,clean_only,43,bandpass_n20002_cRA_LA_LL_covariance_s20,phase2/results/predictions/full/clean_only/resnet/seed_43/bandpass_n20002_cRA_LA_LL_covariance_s20.npz,76442,791800f629c39469abadfa03e020c3463023796a922a6c7baf67bdeaad7a8b36
resnet,clean_only,43,bandpass_n20002_cRA_LA_LL_covariance_s15,phase2/results/predictions/full/clean_only/resnet/seed_43/bandpass_n20002_cRA_LA_LL_covariance_s15.npz,76336,ff6b5783dd386df18baeb22419bde79451ae83d3727647bb4480e58f26929038
resnet,clean_only,43,bandpass_n20002_cRA_LA_LL_covariance_s10,phase2/results/predictions/full/clean_only/resnet/seed_43/bandpass_n20002_cRA_LA_LL_covariance_s10.npz,76196,b7f3064f2df6edff8ce9e77fa7be046ea522bd1ec78f282f8a3b591ad057a85e
resnet,clean_only,43,bandpass_n20002_cRA_LA_LL_covariance_s5,phase2/results/predictions/full/clean_only/resnet/seed_43/bandpass_n20002_cRA_LA_LL_covariance_s5.npz,75927,03640feb05eeedbbd96b4022b862c7b004fc3b1e84234240b85b24d93ec5f560
resnet,clean_only,43,bandpass_n20002_cRA_LA_LL_covariance_s0,phase2/results/predictions/full/clean_only/resnet/seed_43/bandpass_n20002_cRA_LA_LL_covariance_s0.npz,75527,2e6d405d79fd5da9ca8b81026802007d50997a134adbf9dd4b3451e243ae7b8e
resnet,clean_only,43,bandpass_n20002_cV1_independent_rms_s20,phase2/results/predictions/full/clean_only/resnet/seed_43/bandpass_n20002_cV1_independent_rms_s20.npz,76444,646980ba7d6841ed5c7561c898932c344b994b7d8c72bba1adf6953d8519cbd4
resnet,clean_only,43,bandpass_n20002_cV1_independent_rms_s15,phase2/results/predictions/full/clean_only/resnet/seed_43/bandpass_n20002_cV1_independent_rms_s15.npz,76358,fbed974e8f1aa7b09ac3f42114a62b6af330f3f07b6188b658acc74c2315ee13
resnet,clean_only,43,bandpass_n20002_cV1_independent_rms_s10,phase2/results/predictions/full/clean_only/resnet/seed_43/bandpass_n20002_cV1_independent_rms_s10.npz,76269,9ba2b56524233757596c58a5c01084c37974999e4ecd69d112449f2a7dc18757
resnet,clean_only,43,bandpass_n20002_cV1_independent_rms_s5,phase2/results/predictions/full/clean_only/resnet/seed_43/bandpass_n20002_cV1_independent_rms_s5.npz,75951,b366ddaea45580b5e6bc70bf2eeb2b52cbbffc0b655e830305520472e2ced091
resnet,clean_only,43,bandpass_n20002_cV1_independent_rms_s0,phase2/results/predictions/full/clean_only/resnet/seed_43/bandpass_n20002_cV1_independent_rms_s0.npz,75399,06b7409866ec9aecd5accce50f945a423afe539ef832f2f92e6e4f7ccb108949
resnet,clean_only,43,bandpass_n20002_cV1_electrode_s20,phase2/results/predictions/full/clean_only/resnet/seed_43/bandpass_n20002_cV1_electrode_s20.npz,76413,cf1f1cfca4da947fbee18b1706ad1930fb830f627aeeffa600318693d99d59d0
resnet,clean_only,43,bandpass_n20002_cV1_electrode_s15,phase2/results/predictions/full/clean_only/resnet/seed_43/bandpass_n20002_cV1_electrode_s15.npz,76355,497a54c75f103d55729caba6d6985a75492efd11633d2a616208904fcb2205f8
resnet,clean_only,43,bandpass_n20002_cV1_electrode_s10,phase2/results/predictions/full/clean_only/resnet/seed_43/bandpass_n20002_cV1_electrode_s10.npz,76229,fc15de610f453eaff8a8dce44aa403086094e0ba341c04cb339011c2d256e420
resnet,clean_only,43,bandpass_n20002_cV1_electrode_s5,phase2/results/predictions/full/clean_only/resnet/seed_43/bandpass_n20002_cV1_electrode_s5.npz,75967,6e5e4954703f3cb0e1895b513dbf5a9038ccdda928c9ad9aae151e9186d64480
resnet,clean_only,43,bandpass_n20002_cV1_electrode_s0,phase2/results/predictions/full/clean_only/resnet/seed_43/bandpass_n20002_cV1_electrode_s0.npz,75388,ec3fdfd5dd23a50831b0dc45f56b66d649c1493f0264cf18069cde875620b3d9
resnet,clean_only,43,bandpass_n20002_cV1_covariance_s20,phase2/results/predictions/full/clean_only/resnet/seed_43/bandpass_n20002_cV1_covariance_s20.npz,76403,acfb452b2a7a9715001fcc9f342d5e7d250dc5b81fb47dce9c288cf10ac79fe6
resnet,clean_only,43,bandpass_n20002_cV1_covariance_s15,phase2/results/predictions/full/clean_only/resnet/seed_43/bandpass_n20002_cV1_covariance_s15.npz,76363,93363ca13b872a23f13baec73231c3e3a9f3a8e7351b892501ed19612b3a6ee2
resnet,clean_only,43,bandpass_n20002_cV1_covariance_s10,phase2/results/predictions/full/clean_only/resnet/seed_43/bandpass_n20002_cV1_covariance_s10.npz,76240,abb79abdd4b2ada4c60ed0d8ea40e4bc57e9a925829cc013728312d9d18306c0
resnet,clean_only,43,bandpass_n20002_cV1_covariance_s5,phase2/results/predictions/full/clean_only/resnet/seed_43/bandpass_n20002_cV1_covariance_s5.npz,75963,e7207e743b119346721b5fed1d09669131243e84cfbf36e03a4e08222a8e9fda
resnet,clean_only,43,bandpass_n20002_cV1_covariance_s0,phase2/results/predictions/full/clean_only/resnet/seed_43/bandpass_n20002_cV1_covariance_s0.npz,75413,da0c31d5e690ea6c4d26dd690e2b6ba39a72649591b9118faef584dea8ff4085
resnet,clean_only,43,bandpass_n20002_cV2_independent_rms_s20,phase2/results/predictions/full/clean_only/resnet/seed_43/bandpass_n20002_cV2_independent_rms_s20.npz,76434,69b4b3e38609cd1d8a6c9f58e09ad5231517eb96e612288b3660b5eeac864455
resnet,clean_only,43,bandpass_n20002_cV2_independent_rms_s15,phase2/results/predictions/full/clean_only/resnet/seed_43/bandpass_n20002_cV2_independent_rms_s15.npz,76394,41b1548c97aaeec53f77799173f02f135a40731b420d3e5d74c370fa8a7ed9b0
resnet,clean_only,43,bandpass_n20002_cV2_independent_rms_s10,phase2/results/predictions/full/clean_only/resnet/seed_43/bandpass_n20002_cV2_independent_rms_s10.npz,76262,08797c7f20bc9bf5d60ccea6c4c16f7dd7eda44961d5e6c6d3148a34c8e4243e
resnet,clean_only,43,bandpass_n20002_cV2_independent_rms_s5,phase2/results/predictions/full/clean_only/resnet/seed_43/bandpass_n20002_cV2_independent_rms_s5.npz,76019,422c9aee5982149f80a3b2a5864f17dbc2d83477b7d17981a7915d96e5153750
resnet,clean_only,43,bandpass_n20002_cV2_independent_rms_s0,phase2/results/predictions/full/clean_only/resnet/seed_43/bandpass_n20002_cV2_independent_rms_s0.npz,75595,e466f57caa2ccda58c18b839e6796634b45143f5458366adfb35127fee487c8e
resnet,clean_only,43,bandpass_n20002_cV2_electrode_s20,phase2/results/predictions/full/clean_only/resnet/seed_43/bandpass_n20002_cV2_electrode_s20.npz,76397,b1c67f08f355621d257827c97054dc6d93f3351a6c9efdded8987fdb149ddb13
resnet,clean_only,43,bandpass_n20002_cV2_electrode_s15,phase2/results/predictions/full/clean_only/resnet/seed_43/bandpass_n20002_cV2_electrode_s15.npz,76379,6f5912d59ac9fe34fd07a4192782689ebfa6ef4f02697fe3160f837d2381d44d
resnet,clean_only,43,bandpass_n20002_cV2_electrode_s10,phase2/results/predictions/full/clean_only/resnet/seed_43/bandpass_n20002_cV2_electrode_s10.npz,76239,dc1c7c3d8c216621242c56fb693da43aa3adcf07deee179a45befc820f16a8cf
resnet,clean_only,43,bandpass_n20002_cV2_electrode_s5,phase2/results/predictions/full/clean_only/resnet/seed_43/bandpass_n20002_cV2_electrode_s5.npz,75999,dc89bda5a4cb6f2c06c23234526f21e960befff9c154b7aafd3aac856a855884
resnet,clean_only,43,bandpass_n20002_cV2_electrode_s0,phase2/results/predictions/full/clean_only/resnet/seed_43/bandpass_n20002_cV2_electrode_s0.npz,75589,53d2f2b45772abfd1e75fc1727f16d677ed296d265b2593f5d913127fac23c8b
resnet,clean_only,43,bandpass_n20002_cV2_covariance_s20,phase2/results/predictions/full/clean_only/resnet/seed_43/bandpass_n20002_cV2_covariance_s20.npz,76405,c2c263dbea5a6857874c76133728971c1b0d682715e891cffed52fbb40746102
resnet,clean_only,43,bandpass_n20002_cV2_covariance_s15,phase2/results/predictions/full/clean_only/resnet/seed_43/bandpass_n20002_cV2_covariance_s15.npz,76368,2b6e94623adbadc3e395c3e77f41733f9355399cf7f7af5b576419d87f452327
resnet,clean_only,43,bandpass_n20002_cV2_covariance_s10,phase2/results/predictions/full/clean_only/resnet/seed_43/bandpass_n20002_cV2_covariance_s10.npz,76243,fd0414c1411b0286c856dc9edd6c7820aae0cb0c49877db4e2504671859c2527
resnet,clean_only,43,bandpass_n20002_cV2_covariance_s5,phase2/results/predictions/full/clean_only/resnet/seed_43/bandpass_n20002_cV2_covariance_s5.npz,76007,7f003ed36c9abef1cde381f0dd73694a3d547ae63878c456a1133c531d7716d9
resnet,clean_only,43,bandpass_n20002_cV2_covariance_s0,phase2/results/predictions/full/clean_only/resnet/seed_43/bandpass_n20002_cV2_covariance_s0.npz,75595,bdb2dfa6508a9bdd3e197bbf3d5f425eab8c8c14b985a3d13a3ac5c52d125482
resnet,clean_only,43,bandpass_n20002_cV3_independent_rms_s20,phase2/results/predictions/full/clean_only/resnet/seed_43/bandpass_n20002_cV3_independent_rms_s20.npz,76413,872251b151445f5e805389e7f90733ae746ee363ff4a5520cef3c5a6eb02e25f
resnet,clean_only,43,bandpass_n20002_cV3_independent_rms_s15,phase2/results/predictions/full/clean_only/resnet/seed_43/bandpass_n20002_cV3_independent_rms_s15.npz,76397,c340d8b4c3cde1d82e2242a6efdcd1681ba33421d2e84e1d0ae386f0c525f1d6
resnet,clean_only,43,bandpass_n20002_cV3_independent_rms_s10,phase2/results/predictions/full/clean_only/resnet/seed_43/bandpass_n20002_cV3_independent_rms_s10.npz,76309,c7554c944f8f7351df690ed39a5a932537215266855d18c0c7c662fe1cdee9bd
resnet,clean_only,43,bandpass_n20002_cV3_independent_rms_s5,phase2/results/predictions/full/clean_only/resnet/seed_43/bandpass_n20002_cV3_independent_rms_s5.npz,76096,07b94499b39a52daeb0edb3dc2a78de3c8afb208b66ebec6e5909f610f4cf20a
resnet,clean_only,43,bandpass_n20002_cV3_independent_rms_s0,phase2/results/predictions/full/clean_only/resnet/seed_43/bandpass_n20002_cV3_independent_rms_s0.npz,75725,3e15319893d444019e67a58216f3a6c2e51e29f37ef4bbdd0b958c4e32a946e3
resnet,clean_only,43,bandpass_n20002_cV3_electrode_s20,phase2/results/predictions/full/clean_only/resnet/seed_43/bandpass_n20002_cV3_electrode_s20.npz,76388,83a420c6639e4a35825fb9940c483372a77c48498351bdce5557c294852bb334
resnet,clean_only,43,bandpass_n20002_cV3_electrode_s15,phase2/results/predictions/full/clean_only/resnet/seed_43/bandpass_n20002_cV3_electrode_s15.npz,76391,838133ec8734a9468d56dbec7647e06c0903d511c85191dadbcc629fcac86048
resnet,clean_only,43,bandpass_n20002_cV3_electrode_s10,phase2/results/predictions/full/clean_only/resnet/seed_43/bandpass_n20002_cV3_electrode_s10.npz,76279,67070ac4daa407869e9c05faf5e623a502399efdab0faf4dae4a4ba0243d152b
resnet,clean_only,43,bandpass_n20002_cV3_electrode_s5,phase2/results/predictions/full/clean_only/resnet/seed_43/bandpass_n20002_cV3_electrode_s5.npz,76046,91cc8cc1907f4529a88f085a7f773ae0aa225d642c3f9ee8bc749e0d76f4343c
resnet,clean_only,43,bandpass_n20002_cV3_electrode_s0,phase2/results/predictions/full/clean_only/resnet/seed_43/bandpass_n20002_cV3_electrode_s0.npz,75691,ee16c72dcbea2107676b095eafee7d8b52a3368452c13ecfc775a6d47868769b
resnet,clean_only,43,bandpass_n20002_cV3_covariance_s20,phase2/results/predictions/full/clean_only/resnet/seed_43/bandpass_n20002_cV3_covariance_s20.npz,76413,0f60dc76adefa4830075ac499b661f96d0be4459242b4fa45df9369e9e6fdb10
resnet,clean_only,43,bandpass_n20002_cV3_covariance_s15,phase2/results/predictions/full/clean_only/resnet/seed_43/bandpass_n20002_cV3_covariance_s15.npz,76395,66867dfb6718bf7d7fd343e7c1bb07bc3cc0bc813c85c273d688db26ad3ee287
resnet,clean_only,43,bandpass_n20002_cV3_covariance_s10,phase2/results/predictions/full/clean_only/resnet/seed_43/bandpass_n20002_cV3_covariance_s10.npz,76322,3e9e6b4113855b4e4bd1e58b943bc7f814b463983ba3767a68c67ee608fbca30
resnet,clean_only,43,bandpass_n20002_cV3_covariance_s5,phase2/results/predictions/full/clean_only/resnet/seed_43/bandpass_n20002_cV3_covariance_s5.npz,76058,dc12e2d7db9f1cd17066ca32049e9e66172a87f735a922e43d3dc321595734b1
resnet,clean_only,43,bandpass_n20002_cV3_covariance_s0,phase2/results/predictions/full/clean_only/resnet/seed_43/bandpass_n20002_cV3_covariance_s0.npz,75693,345b74f36cb323e722c3f3664077a539dc5ae0824e703919b96660b18646b376
resnet,clean_only,43,bandpass_n20002_cV4_independent_rms_s20,phase2/results/predictions/full/clean_only/resnet/seed_43/bandpass_n20002_cV4_independent_rms_s20.npz,76422,defefad1222f71d449be352bd5fa934f8a5934f7bc49db26dddac70c2d8a8fd5
resnet,clean_only,43,bandpass_n20002_cV4_independent_rms_s15,phase2/results/predictions/full/clean_only/resnet/seed_43/bandpass_n20002_cV4_independent_rms_s15.npz,76414,8a6aa9765696b1a86a2112ab8acaeb70fef335468d977ed87f8a3631c0e4aefd
resnet,clean_only,43,bandpass_n20002_cV4_independent_rms_s10,phase2/results/predictions/full/clean_only/resnet/seed_43/bandpass_n20002_cV4_independent_rms_s10.npz,76288,8fa8949ab2df8d253b4578d2db484158cbfb8b9ea67e4ebd0951c39727d73f14
resnet,clean_only,43,bandpass_n20002_cV4_independent_rms_s5,phase2/results/predictions/full/clean_only/resnet/seed_43/bandpass_n20002_cV4_independent_rms_s5.npz,76089,02cf11ebcff480a8041c891bc8be75290aab118315645c99ece74d2d31d42b1b
resnet,clean_only,43,bandpass_n20002_cV4_independent_rms_s0,phase2/results/predictions/full/clean_only/resnet/seed_43/bandpass_n20002_cV4_independent_rms_s0.npz,75796,1facc6592d37cc93c9e2aeaa275685486d57f7c451a51e0de8888920279b0b82
resnet,clean_only,43,bandpass_n20002_cV4_electrode_s20,phase2/results/predictions/full/clean_only/resnet/seed_43/bandpass_n20002_cV4_electrode_s20.npz,76418,113fb45d185b59065680d3c05c1008b4ae675be5d678a3b6f82634c53cdadf51
resnet,clean_only,43,bandpass_n20002_cV4_electrode_s15,phase2/results/predictions/full/clean_only/resnet/seed_43/bandpass_n20002_cV4_electrode_s15.npz,76363,5b23e88831c070d817cd526f6092fa072911891e4f32f5d7924e1a3634019d11
resnet,clean_only,43,bandpass_n20002_cV4_electrode_s10,phase2/results/predictions/full/clean_only/resnet/seed_43/bandpass_n20002_cV4_electrode_s10.npz,76267,8a1fff6e5f135e70a92db0d01c09282786d0bcbb844a39a7f86d02a9cd2ee0c9
resnet,clean_only,43,bandpass_n20002_cV4_electrode_s5,phase2/results/predictions/full/clean_only/resnet/seed_43/bandpass_n20002_cV4_electrode_s5.npz,76080,d6d60947a7cecca74a9dfd4cb22da483baf8e7f2b24e43ef5372b578e6fd6408
resnet,clean_only,43,bandpass_n20002_cV4_electrode_s0,phase2/results/predictions/full/clean_only/resnet/seed_43/bandpass_n20002_cV4_electrode_s0.npz,75783,bb458e4a1370663183f1e525839d7150702104d352e194897ecadf68888d1884
resnet,clean_only,43,bandpass_n20002_cV4_covariance_s20,phase2/results/predictions/full/clean_only/resnet/seed_43/bandpass_n20002_cV4_covariance_s20.npz,76427,68c939f50f5e45eaef4b023544c5b4280de8f98749b81e3dc167aadbd98241b9
resnet,clean_only,43,bandpass_n20002_cV4_covariance_s15,phase2/results/predictions/full/clean_only/resnet/seed_43/bandpass_n20002_cV4_covariance_s15.npz,76381,f0385c9d88a067ae47731873d5c240c9577f95028f74c534add7bbea3622c007
resnet,clean_only,43,bandpass_n20002_cV4_covariance_s10,phase2/results/predictions/full/clean_only/resnet/seed_43/bandpass_n20002_cV4_covariance_s10.npz,76278,e4348d212f1d08f78c1e480740d82e7d782cfdff91b5bdb151b4befd061033a2
resnet,clean_only,43,bandpass_n20002_cV4_covariance_s5,phase2/results/predictions/full/clean_only/resnet/seed_43/bandpass_n20002_cV4_covariance_s5.npz,76064,3151aeb518029c9d5676ba45be04c1f5437b65e56c014ef453f4d68e1924c74f
resnet,clean_only,43,bandpass_n20002_cV4_covariance_s0,phase2/results/predictions/full/clean_only/resnet/seed_43/bandpass_n20002_cV4_covariance_s0.npz,75748,a1c577fa2d3946146a7197e048d47cdc68356000c6950f307e31cd351babdc78
resnet,clean_only,43,bandpass_n20002_cV5_independent_rms_s20,phase2/results/predictions/full/clean_only/resnet/seed_43/bandpass_n20002_cV5_independent_rms_s20.npz,76446,2003227ea231794b7a61b8d9bee038af4d3f0505bdb5054191e3401d7fdf7e42
resnet,clean_only,43,bandpass_n20002_cV5_independent_rms_s15,phase2/results/predictions/full/clean_only/resnet/seed_43/bandpass_n20002_cV5_independent_rms_s15.npz,76374,bd06cf181aa8eaab93f547f09c3f8bd8fe695e8817ca63b313aa4fa04a6aedf7
resnet,clean_only,43,bandpass_n20002_cV5_independent_rms_s10,phase2/results/predictions/full/clean_only/resnet/seed_43/bandpass_n20002_cV5_independent_rms_s10.npz,76265,68a4277b74becc720333f74a0c300abcedcf344bb5c748088a297bf9cdc632db
resnet,clean_only,43,bandpass_n20002_cV5_independent_rms_s5,phase2/results/predictions/full/clean_only/resnet/seed_43/bandpass_n20002_cV5_independent_rms_s5.npz,76030,d945ab7d65433221b3bd09a19afb9c8b08e2282891f8825e8344f336a755a9c3
resnet,clean_only,43,bandpass_n20002_cV5_independent_rms_s0,phase2/results/predictions/full/clean_only/resnet/seed_43/bandpass_n20002_cV5_independent_rms_s0.npz,75609,252cf582c21369b8e80dc3a3173af9eced705836604c7abe8b811e7a21501611
resnet,clean_only,43,bandpass_n20002_cV5_electrode_s20,phase2/results/predictions/full/clean_only/resnet/seed_43/bandpass_n20002_cV5_electrode_s20.npz,76416,6e13797d72aaaaff2abc83fb8ad81cbb6932c0be3557a7c9ba059eee106b9362
resnet,clean_only,43,bandpass_n20002_cV5_electrode_s15,phase2/results/predictions/full/clean_only/resnet/seed_43/bandpass_n20002_cV5_electrode_s15.npz,76380,354054749397e898f26942c2f9e16b0b4a580746d890d84540b19c8f9830640e
resnet,clean_only,43,bandpass_n20002_cV5_electrode_s10,phase2/results/predictions/full/clean_only/resnet/seed_43/bandpass_n20002_cV5_electrode_s10.npz,76236,066c3f21aada21bc8e89bf20c9c82dfb97f163f85bc54db748a637ee8fe7be3c
resnet,clean_only,43,bandpass_n20002_cV5_electrode_s5,phase2/results/predictions/full/clean_only/resnet/seed_43/bandpass_n20002_cV5_electrode_s5.npz,75988,6e672562e79a6d333cc95db297744eac37f83d4af7c8ed70ac6e909b58115c12
resnet,clean_only,43,bandpass_n20002_cV5_electrode_s0,phase2/results/predictions/full/clean_only/resnet/seed_43/bandpass_n20002_cV5_electrode_s0.npz,75631,e38dade95b6577493cc3c8d3283ca528a61044f96ed31f7d2f87dd4ac0543ece
resnet,clean_only,43,bandpass_n20002_cV5_covariance_s20,phase2/results/predictions/full/clean_only/resnet/seed_43/bandpass_n20002_cV5_covariance_s20.npz,76404,55e4236bced202f282e1a98ea7191e904d13f6c6c0d5217baa61fb90db495632
resnet,clean_only,43,bandpass_n20002_cV5_covariance_s15,phase2/results/predictions/full/clean_only/resnet/seed_43/bandpass_n20002_cV5_covariance_s15.npz,76343,99c81cf0f883da004640d118109a838bd5dba56d0ab84d658b83182a0c50cb6a
resnet,clean_only,43,bandpass_n20002_cV5_covariance_s10,phase2/results/predictions/full/clean_only/resnet/seed_43/bandpass_n20002_cV5_covariance_s10.npz,76253,067a9d3e4d6ccb2c7cbe794bcba237619abab2696670ed46317f705894ab1870
resnet,clean_only,43,bandpass_n20002_cV5_covariance_s5,phase2/results/predictions/full/clean_only/resnet/seed_43/bandpass_n20002_cV5_covariance_s5.npz,76003,bbc43b9e05a331e760757378d8e6a77a6c71da92bc58459be75040af254d88d3
resnet,clean_only,43,bandpass_n20002_cV5_covariance_s0,phase2/results/predictions/full/clean_only/resnet/seed_43/bandpass_n20002_cV5_covariance_s0.npz,75607,a7f5313a6f31b3f3f2d0f714efe1ecef48d27d8933c746155e2006d14e7876a4
resnet,clean_only,43,bandpass_n20002_cV6_independent_rms_s20,phase2/results/predictions/full/clean_only/resnet/seed_43/bandpass_n20002_cV6_independent_rms_s20.npz,76417,f5ddc4456a69e066593b270d3c7874363ec8cc751f188d587f589fa2f2085e6e
resnet,clean_only,43,bandpass_n20002_cV6_independent_rms_s15,phase2/results/predictions/full/clean_only/resnet/seed_43/bandpass_n20002_cV6_independent_rms_s15.npz,76386,3490ce832743c1c1a54a4c06d82dc76cacddacf2d26e2f4092b2074bbcedbc16
resnet,clean_only,43,bandpass_n20002_cV6_independent_rms_s10,phase2/results/predictions/full/clean_only/resnet/seed_43/bandpass_n20002_cV6_independent_rms_s10.npz,76313,c6608c637b6d99ad328ee340c557349bb4cae9e8cc4a24ce041510919bd126bb
resnet,clean_only,43,bandpass_n20002_cV6_independent_rms_s5,phase2/results/predictions/full/clean_only/resnet/seed_43/bandpass_n20002_cV6_independent_rms_s5.npz,76107,39e5ed1a6bfc77073b278ee4a17e559509dfbe45eeed47544beeccb70baaa439
resnet,clean_only,43,bandpass_n20002_cV6_independent_rms_s0,phase2/results/predictions/full/clean_only/resnet/seed_43/bandpass_n20002_cV6_independent_rms_s0.npz,75821,607678ce4679ec256ba485bb4010c9da9596269cb0e18cd8e2e195848969b9b6
resnet,clean_only,43,bandpass_n20002_cV6_electrode_s20,phase2/results/predictions/full/clean_only/resnet/seed_43/bandpass_n20002_cV6_electrode_s20.npz,76427,7762525ee3761b6c38ffd4be52a310ae0ea4b610943ac1edcebb9aeed37c3722
resnet,clean_only,43,bandpass_n20002_cV6_electrode_s15,phase2/results/predictions/full/clean_only/resnet/seed_43/bandpass_n20002_cV6_electrode_s15.npz,76364,464e2e542df588aba4a9301632f01cbbd0ec76ba3c2cea0a6ea5ccde05e2b5b8
resnet,clean_only,43,bandpass_n20002_cV6_electrode_s10,phase2/results/predictions/full/clean_only/resnet/seed_43/bandpass_n20002_cV6_electrode_s10.npz,76296,0bc0a56b3a2d7dac1c0605c3df5b929930327b8c107b00fcbe92493ed640dbb4
resnet,clean_only,43,bandpass_n20002_cV6_electrode_s5,phase2/results/predictions/full/clean_only/resnet/seed_43/bandpass_n20002_cV6_electrode_s5.npz,76112,06b8e26580e40a280509bd2f2f254019561906d6ed5926a5ece07adadf2007a4
resnet,clean_only,43,bandpass_n20002_cV6_electrode_s0,phase2/results/predictions/full/clean_only/resnet/seed_43/bandpass_n20002_cV6_electrode_s0.npz,75799,1939b05eb57ddf4f39eefb06b3ab81ecb3391bf24e45f255b111446b95d8690a
resnet,clean_only,43,bandpass_n20002_cV6_covariance_s20,phase2/results/predictions/full/clean_only/resnet/seed_43/bandpass_n20002_cV6_covariance_s20.npz,76422,6e10e4149e4203b8c430ea78762f7fc68e582a5fda5dae6414d7bf3ca0272a4d
resnet,clean_only,43,bandpass_n20002_cV6_covariance_s15,phase2/results/predictions/full/clean_only/resnet/seed_43/bandpass_n20002_cV6_covariance_s15.npz,76396,b71cb2c7f5a1188ed44efdf19b9df829f255f79783c838833a777fbd2bd34c6e
resnet,clean_only,43,bandpass_n20002_cV6_covariance_s10,phase2/results/predictions/full/clean_only/resnet/seed_43/bandpass_n20002_cV6_covariance_s10.npz,76306,871e16ba347c55a6944cdef2f8f3b19fae22a21388dc1f67d4f8940ed49e1705
resnet,clean_only,43,bandpass_n20002_cV6_covariance_s5,phase2/results/predictions/full/clean_only/resnet/seed_43/bandpass_n20002_cV6_covariance_s5.npz,76090,a3477d1ce082e84e5856c6878d1d4d080fe6d17de127a21f00f0cd956e9ce848
resnet,clean_only,43,bandpass_n20002_cV6_covariance_s0,phase2/results/predictions/full/clean_only/resnet/seed_43/bandpass_n20002_cV6_covariance_s0.npz,75799,532617097a0cdd2e5268a9df048b70b9a755b4d6450b91404cdc185e539c7061
resnet,clean_only,43,bandpass_n20002_cRA_LA_independent_rms_s20,phase2/results/predictions/full/clean_only/resnet/seed_43/bandpass_n20002_cRA_LA_independent_rms_s20.npz,76450,a0b8bf5f4b1e9357d2f955270806126b518d6c9bf8e86aa52d39874f5433f0cc
resnet,clean_only,43,bandpass_n20002_cRA_LA_independent_rms_s15,phase2/results/predictions/full/clean_only/resnet/seed_43/bandpass_n20002_cRA_LA_independent_rms_s15.npz,76387,3a6aaefb9a681122d9276be5bfccda2b5e42490dfc59559b520b1ac213381688
resnet,clean_only,43,bandpass_n20002_cRA_LA_independent_rms_s10,phase2/results/predictions/full/clean_only/resnet/seed_43/bandpass_n20002_cRA_LA_independent_rms_s10.npz,76299,0c7a442568b9f34b8f60c7934b50d0902c1f7c094ebab51046b91330e0a60c24
resnet,clean_only,43,bandpass_n20002_cRA_LA_independent_rms_s5,phase2/results/predictions/full/clean_only/resnet/seed_43/bandpass_n20002_cRA_LA_independent_rms_s5.npz,76020,265c5c2992dcb8932f42ae0e23bdfb9ab035033a8624a49faff940a34c86784c
resnet,clean_only,43,bandpass_n20002_cRA_LA_independent_rms_s0,phase2/results/predictions/full/clean_only/resnet/seed_43/bandpass_n20002_cRA_LA_independent_rms_s0.npz,75642,42dff6f5fa3a398d40d237f96bf723fc77a7c219694499cbbe8d09add9c6bfc6
resnet,clean_only,43,bandpass_n20002_cRA_LA_electrode_s20,phase2/results/predictions/full/clean_only/resnet/seed_43/bandpass_n20002_cRA_LA_electrode_s20.npz,76399,23ae6b2d2bedd39323d7bc7c4bc0b861f8385376f330f2ab0ba905bed1962e18
resnet,clean_only,43,bandpass_n20002_cRA_LA_electrode_s15,phase2/results/predictions/full/clean_only/resnet/seed_43/bandpass_n20002_cRA_LA_electrode_s15.npz,76374,551f225b15b48e6199df2102fc8e8c56d567fd5dc6c1326309683fb15c888e4b
resnet,clean_only,43,bandpass_n20002_cRA_LA_electrode_s10,phase2/results/predictions/full/clean_only/resnet/seed_43/bandpass_n20002_cRA_LA_electrode_s10.npz,76237,babe456059570f097e97c8c93fce05f0dd213cea5dc38e19570f903e6aa4b234
resnet,clean_only,43,bandpass_n20002_cRA_LA_electrode_s5,phase2/results/predictions/full/clean_only/resnet/seed_43/bandpass_n20002_cRA_LA_electrode_s5.npz,75974,2e8da1378457a9fef280abbcd0752df60035e6aa34f5b360d3c0f38001ac1e16
resnet,clean_only,43,bandpass_n20002_cRA_LA_electrode_s0,phase2/results/predictions/full/clean_only/resnet/seed_43/bandpass_n20002_cRA_LA_electrode_s0.npz,75486,9e957cfa347037f05e5978101d6486db28a4296951aabfc3d2ccf76bba55fc69
resnet,clean_only,43,bandpass_n20002_cRA_LA_covariance_s20,phase2/results/predictions/full/clean_only/resnet/seed_43/bandpass_n20002_cRA_LA_covariance_s20.npz,76449,aee6ffbc5637a595b8a6efba421cfc7d0138ea1cfa653c09b88078a3dfbbeecd
resnet,clean_only,43,bandpass_n20002_cRA_LA_covariance_s15,phase2/results/predictions/full/clean_only/resnet/seed_43/bandpass_n20002_cRA_LA_covariance_s15.npz,76374,147cb64108a02abad692f7b512481d3791d638c63b657784fdd2f9f62268c380
resnet,clean_only,43,bandpass_n20002_cRA_LA_covariance_s10,phase2/results/predictions/full/clean_only/resnet/seed_43/bandpass_n20002_cRA_LA_covariance_s10.npz,76227,c321655ce1595b9c57439ab1e8fc319b01b9617a10dd2376f4558134c61187b9
resnet,clean_only,43,bandpass_n20002_cRA_LA_covariance_s5,phase2/results/predictions/full/clean_only/resnet/seed_43/bandpass_n20002_cRA_LA_covariance_s5.npz,75946,c537de1b9470763c408d36f932328fb74bcb61bec2b4063d5eae00e29a2ea25a
resnet,clean_only,43,bandpass_n20002_cRA_LA_covariance_s0,phase2/results/predictions/full/clean_only/resnet/seed_43/bandpass_n20002_cRA_LA_covariance_s0.npz,75488,7870dee804918adff3ef48a05ce318d308502deaccfb835f17e9ede417bddfdd
resnet,clean_only,43,bandpass_n20002_cLA_LL_independent_rms_s20,phase2/results/predictions/full/clean_only/resnet/seed_43/bandpass_n20002_cLA_LL_independent_rms_s20.npz,76444,29178b2cd30309357acf57751272c390dc57b7f2c183b3b8f3104e1b39f5cc9b
resnet,clean_only,43,bandpass_n20002_cLA_LL_independent_rms_s15,phase2/results/predictions/full/clean_only/resnet/seed_43/bandpass_n20002_cLA_LL_independent_rms_s15.npz,76421,71f3b655041cda6bf5a48330ad2ec9f1237118585f1a89e788e803aebeb607a2
resnet,clean_only,43,bandpass_n20002_cLA_LL_independent_rms_s10,phase2/results/predictions/full/clean_only/resnet/seed_43/bandpass_n20002_cLA_LL_independent_rms_s10.npz,76260,b82a570800291f852c120f209ec75f48398c6534f018acb3573f94db5778dd67
resnet,clean_only,43,bandpass_n20002_cLA_LL_independent_rms_s5,phase2/results/predictions/full/clean_only/resnet/seed_43/bandpass_n20002_cLA_LL_independent_rms_s5.npz,76049,df49786249877c11e282f3c0152ab7b8a93ba01a6660e08a9375eb90b6d8d79b
resnet,clean_only,43,bandpass_n20002_cLA_LL_independent_rms_s0,phase2/results/predictions/full/clean_only/resnet/seed_43/bandpass_n20002_cLA_LL_independent_rms_s0.npz,75594,8f19d3b6435c1bc171f9c104fa0f5197fb60542a5f5c48ee359744dc3c0f2bc0
resnet,clean_only,43,bandpass_n20002_cLA_LL_electrode_s20,phase2/results/predictions/full/clean_only/resnet/seed_43/bandpass_n20002_cLA_LL_electrode_s20.npz,76434,e7bfaced5dbb4ec9294d672a8776c963b62cb22a4b3f6dde8a02b53cc3a0ec56
resnet,clean_only,43,bandpass_n20002_cLA_LL_electrode_s15,phase2/results/predictions/full/clean_only/resnet/seed_43/bandpass_n20002_cLA_LL_electrode_s15.npz,76373,de80dcba126fb8b099c18e12264bf9b8f537f2d351268abb153bc9d280601beb
resnet,clean_only,43,bandpass_n20002_cLA_LL_electrode_s10,phase2/results/predictions/full/clean_only/resnet/seed_43/bandpass_n20002_cLA_LL_electrode_s10.npz,76170,a53d13c84d4cfe7eab7b6de31930e0ad5ac9d349a777f7e762a73eba5ec9f29b
resnet,clean_only,43,bandpass_n20002_cLA_LL_electrode_s5,phase2/results/predictions/full/clean_only/resnet/seed_43/bandpass_n20002_cLA_LL_electrode_s5.npz,75929,3f35ccbaba04df0aa3ba78ff7a88cffc954b8486df09ea8caf9ee7fbaf6a8e58
resnet,clean_only,43,bandpass_n20002_cLA_LL_electrode_s0,phase2/results/predictions/full/clean_only/resnet/seed_43/bandpass_n20002_cLA_LL_electrode_s0.npz,75699,207395d680225f250fa8522d9a66d79366d29903d2d55a946ac55296ce9470bc
resnet,clean_only,43,bandpass_n20002_cLA_LL_covariance_s20,phase2/results/predictions/full/clean_only/resnet/seed_43/bandpass_n20002_cLA_LL_covariance_s20.npz,76411,cfbca17ce46ffcf49d43a263479764bcb47cfab48bc7f8d067885a280c5a6c22
resnet,clean_only,43,bandpass_n20002_cLA_LL_covariance_s15,phase2/results/predictions/full/clean_only/resnet/seed_43/bandpass_n20002_cLA_LL_covariance_s15.npz,76354,87b054ded8bef2ba1596514cbeab50ca11f2ad158243a6a177b9aa3d1e5d6fba
resnet,clean_only,43,bandpass_n20002_cLA_LL_covariance_s10,phase2/results/predictions/full/clean_only/resnet/seed_43/bandpass_n20002_cLA_LL_covariance_s10.npz,76127,a2c52767840bea96db6ce1378c3d2dcc174bd2c5816650e080683648e6f93e3a
resnet,clean_only,43,bandpass_n20002_cLA_LL_covariance_s5,phase2/results/predictions/full/clean_only/resnet/seed_43/bandpass_n20002_cLA_LL_covariance_s5.npz,75925,ea61461742601528df3b3b1c71e020ffbf9054b1e3a80fff6377342f58301333
resnet,clean_only,43,bandpass_n20002_cLA_LL_covariance_s0,phase2/results/predictions/full/clean_only/resnet/seed_43/bandpass_n20002_cLA_LL_covariance_s0.npz,75748,37cfd430ff95fb954e1a81d75b6cf55034c4756a92583d501098b365b06f56f0
resnet,clean_only,43,bandpass_n20002_cRA_LL_independent_rms_s20,phase2/results/predictions/full/clean_only/resnet/seed_43/bandpass_n20002_cRA_LL_independent_rms_s20.npz,76439,c9ee13f0d96a246f64a62624c51331dad9e682210b194625668277e5e221d042
resnet,clean_only,43,bandpass_n20002_cRA_LL_independent_rms_s15,phase2/results/predictions/full/clean_only/resnet/seed_43/bandpass_n20002_cRA_LL_independent_rms_s15.npz,76413,cef930e7d94a05e420f880ba49a8e67e56023a1a32edce3b92e468eae73d940c
resnet,clean_only,43,bandpass_n20002_cRA_LL_independent_rms_s10,phase2/results/predictions/full/clean_only/resnet/seed_43/bandpass_n20002_cRA_LL_independent_rms_s10.npz,76278,ff19a39ff8f39714841919b4a363a0f94ba08aed3ce28d639309878c3a758d6d
resnet,clean_only,43,bandpass_n20002_cRA_LL_independent_rms_s5,phase2/results/predictions/full/clean_only/resnet/seed_43/bandpass_n20002_cRA_LL_independent_rms_s5.npz,76059,a068fa1887cfdd1133deb6d60b35bd648fd350b481ba0e7def60946c3bcf6e59
resnet,clean_only,43,bandpass_n20002_cRA_LL_independent_rms_s0,phase2/results/predictions/full/clean_only/resnet/seed_43/bandpass_n20002_cRA_LL_independent_rms_s0.npz,75594,46dd891547252985152d87cfe5628aa17f72d5b0b44e3253688a187b28455159
resnet,clean_only,43,bandpass_n20002_cRA_LL_electrode_s20,phase2/results/predictions/full/clean_only/resnet/seed_43/bandpass_n20002_cRA_LL_electrode_s20.npz,76411,4378fde9a0a8dfd7a7b5a13942a354c0bb31ba800d61a806632d5df8c8edb99f
resnet,clean_only,43,bandpass_n20002_cRA_LL_electrode_s15,phase2/results/predictions/full/clean_only/resnet/seed_43/bandpass_n20002_cRA_LL_electrode_s15.npz,76367,549b176fd7e552e910784b1bb04e02a65cefffbd490e1f7794dc6a158ee76b6b
resnet,clean_only,43,bandpass_n20002_cRA_LL_electrode_s10,phase2/results/predictions/full/clean_only/resnet/seed_43/bandpass_n20002_cRA_LL_electrode_s10.npz,76154,3cffb19ea6e30046f4a216728783f07e33fdf23482fa737700e49f2a00ad1a65
resnet,clean_only,43,bandpass_n20002_cRA_LL_electrode_s5,phase2/results/predictions/full/clean_only/resnet/seed_43/bandpass_n20002_cRA_LL_electrode_s5.npz,75909,c2c4b069ad0560fd7bc40c07ee1be3fd8584fd0898b0ab5a2806537224d44619
resnet,clean_only,43,bandpass_n20002_cRA_LL_electrode_s0,phase2/results/predictions/full/clean_only/resnet/seed_43/bandpass_n20002_cRA_LL_electrode_s0.npz,75574,95881e770e859a32278b58a1c8fde8a678311907c91ee2205cf5100cc0a4c9bf
resnet,clean_only,43,bandpass_n20002_cRA_LL_covariance_s20,phase2/results/predictions/full/clean_only/resnet/seed_43/bandpass_n20002_cRA_LL_covariance_s20.npz,76407,4a2caf0fc79be6674848ce8596186bb0907ee832039763b60eb0d97d788f645d
resnet,clean_only,43,bandpass_n20002_cRA_LL_covariance_s15,phase2/results/predictions/full/clean_only/resnet/seed_43/bandpass_n20002_cRA_LL_covariance_s15.npz,76354,9802f153cbe66ee7179e8ef7dd3fa3989894c63b0bff146b0ca001f9e8ef4861
resnet,clean_only,43,bandpass_n20002_cRA_LL_covariance_s10,phase2/results/predictions/full/clean_only/resnet/seed_43/bandpass_n20002_cRA_LL_covariance_s10.npz,76190,33ada7a17f5d12949de2141322f3b932f30ef980c12c3a56f3ed8e45e6f9959c
resnet,clean_only,43,bandpass_n20002_cRA_LL_covariance_s5,phase2/results/predictions/full/clean_only/resnet/seed_43/bandpass_n20002_cRA_LL_covariance_s5.npz,75906,ae63c2d58e7d86c1a6e1473f2ed5821059a8c98bd86689ac8983d37fcaa7b8fb
resnet,clean_only,43,bandpass_n20002_cRA_LL_covariance_s0,phase2/results/predictions/full/clean_only/resnet/seed_43/bandpass_n20002_cRA_LL_covariance_s0.npz,75583,10d7d1e99dec23953350f56eba4cf22d7b3f35a2dad438751abf9858d09b05df
resnet,clean_only,43,bandpass_n20002_cRA_independent_rms_s20,phase2/results/predictions/full/clean_only/resnet/seed_43/bandpass_n20002_cRA_independent_rms_s20.npz,76448,03b78ed446365f160a0f404c04f57d99ef5306cdf71ddbf1fa744eadb3ec1298
resnet,clean_only,43,bandpass_n20002_cRA_independent_rms_s15,phase2/results/predictions/full/clean_only/resnet/seed_43/bandpass_n20002_cRA_independent_rms_s15.npz,76403,d66bebed6c42dd385d49646f894f9d3e1aef4258cd03a30aa2ebdfdc8b27cabf
resnet,clean_only,43,bandpass_n20002_cRA_independent_rms_s10,phase2/results/predictions/full/clean_only/resnet/seed_43/bandpass_n20002_cRA_independent_rms_s10.npz,76307,5c8b3782edc45465250b8e6babfcea369ccbe1a991b18e5bbdd78aaa737a76e2
resnet,clean_only,43,bandpass_n20002_cRA_independent_rms_s5,phase2/results/predictions/full/clean_only/resnet/seed_43/bandpass_n20002_cRA_independent_rms_s5.npz,76019,0236b985555f2aa65b62d28c501d180342acc92220c118a2bb4605ce6bf64b86
resnet,clean_only,43,bandpass_n20002_cRA_independent_rms_s0,phase2/results/predictions/full/clean_only/resnet/seed_43/bandpass_n20002_cRA_independent_rms_s0.npz,75618,94b7fceadb8055631ffd49e4f15820970e0d65cb14b3a0322a8b1e2769817211
resnet,clean_only,43,bandpass_n20002_cRA_electrode_s20,phase2/results/predictions/full/clean_only/resnet/seed_43/bandpass_n20002_cRA_electrode_s20.npz,76387,a04dd99b7fe0eb31fe4e60441df16bd8f82a018eca9f92830e016c00467ff9b3
resnet,clean_only,43,bandpass_n20002_cRA_electrode_s15,phase2/results/predictions/full/clean_only/resnet/seed_43/bandpass_n20002_cRA_electrode_s15.npz,76351,5a59aeee8566a8e158d97deb88be8b1ff71b99a19c5026d80894f40e63cceaff
resnet,clean_only,43,bandpass_n20002_cRA_electrode_s10,phase2/results/predictions/full/clean_only/resnet/seed_43/bandpass_n20002_cRA_electrode_s10.npz,76209,740929ce2c700788ef4269f9c7a19b4649e61e7e5d8ae76a3bfc2b33363ea391
resnet,clean_only,43,bandpass_n20002_cRA_electrode_s5,phase2/results/predictions/full/clean_only/resnet/seed_43/bandpass_n20002_cRA_electrode_s5.npz,75957,fbd49989c968c71d6403034812406187a390e6237392a6ef21f50488de9dcfbd
resnet,clean_only,43,bandpass_n20002_cRA_electrode_s0,phase2/results/predictions/full/clean_only/resnet/seed_43/bandpass_n20002_cRA_electrode_s0.npz,75450,162f58474fa291edaa8bdf26bbeb4cc9dab159acb369980c7dbb0ee4a3e552cc
resnet,clean_only,43,bandpass_n20002_cRA_covariance_s20,phase2/results/predictions/full/clean_only/resnet/seed_43/bandpass_n20002_cRA_covariance_s20.npz,76411,4a8e9e1c06a859c5d8db625fd972d8be3ffe706e345f7f0e67a76f60e0c62453
resnet,clean_only,43,bandpass_n20002_cRA_covariance_s15,phase2/results/predictions/full/clean_only/resnet/seed_43/bandpass_n20002_cRA_covariance_s15.npz,76426,bdfc76775b9da4cd8faa78c22a8cd26237b638ab8bce51a0049559df181a8b27
resnet,clean_only,43,bandpass_n20002_cRA_covariance_s10,phase2/results/predictions/full/clean_only/resnet/seed_43/bandpass_n20002_cRA_covariance_s10.npz,76230,b4282341107c72ff91220a476dba97464ea3d6da4fa61248910c892077393258
resnet,clean_only,43,bandpass_n20002_cRA_covariance_s5,phase2/results/predictions/full/clean_only/resnet/seed_43/bandpass_n20002_cRA_covariance_s5.npz,75970,6b5651c54683a2d66fc335dc22a111169384ac1a5706f046a33f2df86d05d13e
resnet,clean_only,43,bandpass_n20002_cRA_covariance_s0,phase2/results/predictions/full/clean_only/resnet/seed_43/bandpass_n20002_cRA_covariance_s0.npz,75478,b010a054ebe170d5f3b5fbf90c75538ccfe4a13be6963dbdcb7542e6b1a17a61
resnet,clean_only,43,bandpass_n20002_cLA_independent_rms_s20,phase2/results/predictions/full/clean_only/resnet/seed_43/bandpass_n20002_cLA_independent_rms_s20.npz,76437,ee5821908fa448d5ee94d470ea67b4b8d578e5f8d464adf89fae18cdbd038629
resnet,clean_only,43,bandpass_n20002_cLA_independent_rms_s15,phase2/results/predictions/full/clean_only/resnet/seed_43/bandpass_n20002_cLA_independent_rms_s15.npz,76369,30762125598dff66e48c3b84746404c5abb49247076f0108eccc1a4eff477f8e
resnet,clean_only,43,bandpass_n20002_cLA_independent_rms_s10,phase2/results/predictions/full/clean_only/resnet/seed_43/bandpass_n20002_cLA_independent_rms_s10.npz,76319,4946e05f5408cad263f5bb305837afb6d50dbd137e7ef846bb922ce9f7875673
resnet,clean_only,43,bandpass_n20002_cLA_independent_rms_s5,phase2/results/predictions/full/clean_only/resnet/seed_43/bandpass_n20002_cLA_independent_rms_s5.npz,76044,1862248d77bb70d33b3a2aef12faa682e299ffcd5d877dbd239d43b1f3740698
resnet,clean_only,43,bandpass_n20002_cLA_independent_rms_s0,phase2/results/predictions/full/clean_only/resnet/seed_43/bandpass_n20002_cLA_independent_rms_s0.npz,75593,dcb7301db59441424757f47935478cb3e55cd89a0758f285a901e6f49a1c7f94
resnet,clean_only,43,bandpass_n20002_cLA_electrode_s20,phase2/results/predictions/full/clean_only/resnet/seed_43/bandpass_n20002_cLA_electrode_s20.npz,76431,08d605fe19dad0f94c6345155aa58776ca0afbbae7cb340b26c1b8e820c18874
resnet,clean_only,43,bandpass_n20002_cLA_electrode_s15,phase2/results/predictions/full/clean_only/resnet/seed_43/bandpass_n20002_cLA_electrode_s15.npz,76360,ed9601495c2cdc85aa5233afc1941a9d7f13149215a849072581f7c79d0dec61
resnet,clean_only,43,bandpass_n20002_cLA_electrode_s10,phase2/results/predictions/full/clean_only/resnet/seed_43/bandpass_n20002_cLA_electrode_s10.npz,76254,cf1e8332a62cc6ed8b9f9c428ff881f47a9f4676b1e1849beac1e7a7d85876b0
resnet,clean_only,43,bandpass_n20002_cLA_electrode_s5,phase2/results/predictions/full/clean_only/resnet/seed_43/bandpass_n20002_cLA_electrode_s5.npz,75954,5a35758f0d6eccfc05b66926f2854c0203174b5caf5baa86d8730e58876bed15
resnet,clean_only,43,bandpass_n20002_cLA_electrode_s0,phase2/results/predictions/full/clean_only/resnet/seed_43/bandpass_n20002_cLA_electrode_s0.npz,75595,cb7a70fd4962bf6ab6980cf21f202e3c5f9af0bbcd6cad9f42c81465ffd914eb
resnet,clean_only,43,bandpass_n20002_cLA_covariance_s20,phase2/results/predictions/full/clean_only/resnet/seed_43/bandpass_n20002_cLA_covariance_s20.npz,76414,c707dbce54f44c67771746a407ec5200acc5f332efea39dd1608113d5e5d6576
resnet,clean_only,43,bandpass_n20002_cLA_covariance_s15,phase2/results/predictions/full/clean_only/resnet/seed_43/bandpass_n20002_cLA_covariance_s15.npz,76364,e53d426aaaf2fa6c0ee54d9673667b445fdda54ddb9f4333b73edc636782fcbd
resnet,clean_only,43,bandpass_n20002_cLA_covariance_s10,phase2/results/predictions/full/clean_only/resnet/seed_43/bandpass_n20002_cLA_covariance_s10.npz,76244,7bb4a2a7e548ce71a47045f09986dcbe414cf2363741ba5c5927577327b0fa32
resnet,clean_only,43,bandpass_n20002_cLA_covariance_s5,phase2/results/predictions/full/clean_only/resnet/seed_43/bandpass_n20002_cLA_covariance_s5.npz,75978,23c2f7e6ece8dc95217b792ad8b4fc026bd85f402ed776a23595e6a3e9a717ef
resnet,clean_only,43,bandpass_n20002_cLA_covariance_s0,phase2/results/predictions/full/clean_only/resnet/seed_43/bandpass_n20002_cLA_covariance_s0.npz,75624,de516d0948078b6d4f94df08bcbceeec8d96a6f4a0db5a11cdf63e0bd81d6a8e
resnet,clean_only,43,bandpass_n20002_cLL_independent_rms_s20,phase2/results/predictions/full/clean_only/resnet/seed_43/bandpass_n20002_cLL_independent_rms_s20.npz,76448,1582c9431345acd291186f3dc2176a10e4703329410cc4a8cd92ba020f3c2d0b
resnet,clean_only,43,bandpass_n20002_cLL_independent_rms_s15,phase2/results/predictions/full/clean_only/resnet/seed_43/bandpass_n20002_cLL_independent_rms_s15.npz,76415,89643c5f47787d5928ca3325e5bb78cbd54851c1befde4b21a8bb3c1c8e59673
resnet,clean_only,43,bandpass_n20002_cLL_independent_rms_s10,phase2/results/predictions/full/clean_only/resnet/seed_43/bandpass_n20002_cLL_independent_rms_s10.npz,76239,0fbd021ce267e0f1e822bfd289a72083a1e234a8598c4f9c8150b0a52813d3aa
resnet,clean_only,43,bandpass_n20002_cLL_independent_rms_s5,phase2/results/predictions/full/clean_only/resnet/seed_43/bandpass_n20002_cLL_independent_rms_s5.npz,75951,27768aa5621bec0f495318922e0601d12761e07836ae21bc64402693e6ff810e
resnet,clean_only,43,bandpass_n20002_cLL_independent_rms_s0,phase2/results/predictions/full/clean_only/resnet/seed_43/bandpass_n20002_cLL_independent_rms_s0.npz,75594,6319744b134674717bff7900b040e4a301a07d90d60ed7e400f835f357757cc1
resnet,clean_only,43,bandpass_n20002_cLL_electrode_s20,phase2/results/predictions/full/clean_only/resnet/seed_43/bandpass_n20002_cLL_electrode_s20.npz,76390,0ff2636e317ad1ebe7c9fc36ce207b06625a92a89b5e07bc5b40bab16e9bc3cd
resnet,clean_only,43,bandpass_n20002_cLL_electrode_s15,phase2/results/predictions/full/clean_only/resnet/seed_43/bandpass_n20002_cLL_electrode_s15.npz,76329,78c882aac66ec874caaebaf64f1fea8e0e3d7aa32892ad6e0e9f2beca8043ff5
resnet,clean_only,43,bandpass_n20002_cLL_electrode_s10,phase2/results/predictions/full/clean_only/resnet/seed_43/bandpass_n20002_cLL_electrode_s10.npz,76138,cf8e0198f4e182e3146413147b01f2dba3cb498543334fa86d53522d2e0379f0
resnet,clean_only,43,bandpass_n20002_cLL_electrode_s5,phase2/results/predictions/full/clean_only/resnet/seed_43/bandpass_n20002_cLL_electrode_s5.npz,75935,d36a78de0fa5500f3c417a52d33e27d9986e6add87fc1db31b0996f3c82dc638
resnet,clean_only,43,bandpass_n20002_cLL_electrode_s0,phase2/results/predictions/full/clean_only/resnet/seed_43/bandpass_n20002_cLL_electrode_s0.npz,75834,7cf76e72a8b8545c0de0614a187dd3b32a54f1bdb48a87ee3b1bf9a6a3d2bca3
resnet,clean_only,43,bandpass_n20002_cLL_covariance_s20,phase2/results/predictions/full/clean_only/resnet/seed_43/bandpass_n20002_cLL_covariance_s20.npz,76408,eaebe29e740bd48d79f2a9e2d5624e7a63222af165d578e8988b1d73e1bad1cd
resnet,clean_only,43,bandpass_n20002_cLL_covariance_s15,phase2/results/predictions/full/clean_only/resnet/seed_43/bandpass_n20002_cLL_covariance_s15.npz,76330,7be6744d5cd37bb4638de8c0e02eaf0d0a6e8970ae44f8f5f84d4197a617ee45
resnet,clean_only,43,bandpass_n20002_cLL_covariance_s10,phase2/results/predictions/full/clean_only/resnet/seed_43/bandpass_n20002_cLL_covariance_s10.npz,76171,4d90bfb9d299e4bb40fde75102159754a7f5cdf0323a9a6c38b5d8e8191cfd2c
resnet,clean_only,43,bandpass_n20002_cLL_covariance_s5,phase2/results/predictions/full/clean_only/resnet/seed_43/bandpass_n20002_cLL_covariance_s5.npz,75919,0b84659331cb54b0d2b428f7a3cbcf00a49d924a303bce0d883ed3bcfaf1c083
resnet,clean_only,43,bandpass_n20002_cLL_covariance_s0,phase2/results/predictions/full/clean_only/resnet/seed_43/bandpass_n20002_cLL_covariance_s0.npz,75859,f6dfa8b28f9022375844ca067fa8f758eca91e96b32fc0ce5c1efb7a630d80e1
resnet,clean_only,43,bandpass_n20002_cRA_V1_independent_rms_s20,phase2/results/predictions/full/clean_only/resnet/seed_43/bandpass_n20002_cRA_V1_independent_rms_s20.npz,76445,039e470d108bb463017dde63c3287b81d809c91b0cbcb14c9534192854f7e5a5
resnet,clean_only,43,bandpass_n20002_cRA_V1_independent_rms_s15,phase2/results/predictions/full/clean_only/resnet/seed_43/bandpass_n20002_cRA_V1_independent_rms_s15.npz,76409,0fad7bfca7cced5c5c81245f0b86708e2903ee414b8748cdfb4f521241ed1fb2
resnet,clean_only,43,bandpass_n20002_cRA_V1_independent_rms_s10,phase2/results/predictions/full/clean_only/resnet/seed_43/bandpass_n20002_cRA_V1_independent_rms_s10.npz,76278,5d5abe9e2ec39922105cc7c5020227227f86c9a0ff202fd61ec96801759b467a
resnet,clean_only,43,bandpass_n20002_cRA_V1_independent_rms_s5,phase2/results/predictions/full/clean_only/resnet/seed_43/bandpass_n20002_cRA_V1_independent_rms_s5.npz,76062,d0d2f433ca7f1dd2a2c5af52da3cb2e1ed098805ce9c2caaf1db9543d1cd341a
resnet,clean_only,43,bandpass_n20002_cRA_V1_independent_rms_s0,phase2/results/predictions/full/clean_only/resnet/seed_43/bandpass_n20002_cRA_V1_independent_rms_s0.npz,75606,cd4add64918c7d5b3134b62263456dea935b6cfb8193f096a17f7351273268f1
resnet,clean_only,43,bandpass_n20002_cRA_V1_electrode_s20,phase2/results/predictions/full/clean_only/resnet/seed_43/bandpass_n20002_cRA_V1_electrode_s20.npz,76443,bc18f875fb8bb75f15822d82678589bba7b82a868f7aaddcebca0f5aeb0febad
resnet,clean_only,43,bandpass_n20002_cRA_V1_electrode_s15,phase2/results/predictions/full/clean_only/resnet/seed_43/bandpass_n20002_cRA_V1_electrode_s15.npz,76387,f85734cbf7bd8372166b752f25e4d2056027be36a9f4728eb43c05c452ec5dfd
resnet,clean_only,43,bandpass_n20002_cRA_V1_electrode_s10,phase2/results/predictions/full/clean_only/resnet/seed_43/bandpass_n20002_cRA_V1_electrode_s10.npz,76208,2cc36d5747d3bc4ae23e5a910c45ac8b66df2a81fcd5d5a728d4f19ef6aee774
resnet,clean_only,43,bandpass_n20002_cRA_V1_electrode_s5,phase2/results/predictions/full/clean_only/resnet/seed_43/bandpass_n20002_cRA_V1_electrode_s5.npz,75998,c68d87f2782567b2830d90fb43fe4ffc4ee499bc5f8a6bcd6c5d61286330db61
resnet,clean_only,43,bandpass_n20002_cRA_V1_electrode_s0,phase2/results/predictions/full/clean_only/resnet/seed_43/bandpass_n20002_cRA_V1_electrode_s0.npz,75435,1903ec89f0a4e74a04d5b5110b99c7bd3831ece72e5f26d37f3ddfee62f85367
resnet,clean_only,43,bandpass_n20002_cRA_V1_covariance_s20,phase2/results/predictions/full/clean_only/resnet/seed_43/bandpass_n20002_cRA_V1_covariance_s20.npz,76439,cbfda036497976aa22e1b02b85d5b419fec5c1822cd7869aa46a78d59bd30a16
resnet,clean_only,43,bandpass_n20002_cRA_V1_covariance_s15,phase2/results/predictions/full/clean_only/resnet/seed_43/bandpass_n20002_cRA_V1_covariance_s15.npz,76383,8a4b55c94eef503e5899fb7d575550e5ab8a0a0b0c6e255d5ff3b1e442b13e66
resnet,clean_only,43,bandpass_n20002_cRA_V1_covariance_s10,phase2/results/predictions/full/clean_only/resnet/seed_43/bandpass_n20002_cRA_V1_covariance_s10.npz,76232,3a68717349c35cb6da164f36cacf51ba7b26a5031a73d7c5fa164d1ebf874b5a
resnet,clean_only,43,bandpass_n20002_cRA_V1_covariance_s5,phase2/results/predictions/full/clean_only/resnet/seed_43/bandpass_n20002_cRA_V1_covariance_s5.npz,75958,05b9180f185364454e5e389e4e19db39d5fda7a92b43ce33b737e8e19c3cf9cd
resnet,clean_only,43,bandpass_n20002_cRA_V1_covariance_s0,phase2/results/predictions/full/clean_only/resnet/seed_43/bandpass_n20002_cRA_V1_covariance_s0.npz,75423,6b8bcb5351bf40755c082ecd8dcc7e059655e7a0e1116ca2468cead1e00cc191
resnet,clean_only,43,bandpass_n20002_cLA_V6_independent_rms_s20,phase2/results/predictions/full/clean_only/resnet/seed_43/bandpass_n20002_cLA_V6_independent_rms_s20.npz,76452,5fa32d2b8dd46bab5bc3a73388a2d9717b865e0713a008c7539a96d73e3ab700
resnet,clean_only,43,bandpass_n20002_cLA_V6_independent_rms_s15,phase2/results/predictions/full/clean_only/resnet/seed_43/bandpass_n20002_cLA_V6_independent_rms_s15.npz,76429,2e405d34af8063d22adb04c50822092acbdc953bd0ef4eff5d35b009a46854d3
resnet,clean_only,43,bandpass_n20002_cLA_V6_independent_rms_s10,phase2/results/predictions/full/clean_only/resnet/seed_43/bandpass_n20002_cLA_V6_independent_rms_s10.npz,76295,5a80d1b06e772ab6bfc08096bdd35655fb4b2d5626b6905ee3d5ec654618c7e1
resnet,clean_only,43,bandpass_n20002_cLA_V6_independent_rms_s5,phase2/results/predictions/full/clean_only/resnet/seed_43/bandpass_n20002_cLA_V6_independent_rms_s5.npz,76080,dd08b9a7193d0ec6a8229a1a82548a35d787f3544ecace84458b37a3423babb6
resnet,clean_only,43,bandpass_n20002_cLA_V6_independent_rms_s0,phase2/results/predictions/full/clean_only/resnet/seed_43/bandpass_n20002_cLA_V6_independent_rms_s0.npz,75659,52da42af55e42740695c07240ac148a19f79c4c45d66a26732ddc7ca570183ce
resnet,clean_only,43,bandpass_n20002_cLA_V6_electrode_s20,phase2/results/predictions/full/clean_only/resnet/seed_43/bandpass_n20002_cLA_V6_electrode_s20.npz,76436,8b7e397ebcf7648e91416548b6002e37e8c76575461e348c04beccc4c5417e0c
resnet,clean_only,43,bandpass_n20002_cLA_V6_electrode_s15,phase2/results/predictions/full/clean_only/resnet/seed_43/bandpass_n20002_cLA_V6_electrode_s15.npz,76385,b043934f67d245078481910472ecbbcc0c4f9e0ad137a00ec4f095f08e04c215
resnet,clean_only,43,bandpass_n20002_cLA_V6_electrode_s10,phase2/results/predictions/full/clean_only/resnet/seed_43/bandpass_n20002_cLA_V6_electrode_s10.npz,76278,8b600164c6aa1fb857c04bcf2f6d16f966f2c991b9ac04704e6da71a8d957a21
resnet,clean_only,43,bandpass_n20002_cLA_V6_electrode_s5,phase2/results/predictions/full/clean_only/resnet/seed_43/bandpass_n20002_cLA_V6_electrode_s5.npz,76034,f9acfa0d7f849ef585d2bbe326411639bd82e7feca165348285c45666318aee3
resnet,clean_only,43,bandpass_n20002_cLA_V6_electrode_s0,phase2/results/predictions/full/clean_only/resnet/seed_43/bandpass_n20002_cLA_V6_electrode_s0.npz,75628,1391237bef13bbddc729f68faac7d65194dc92121a362646e442d9bbed859581
resnet,clean_only,43,bandpass_n20002_cLA_V6_covariance_s20,phase2/results/predictions/full/clean_only/resnet/seed_43/bandpass_n20002_cLA_V6_covariance_s20.npz,76458,c1bfb404240e06622584cb261e88d7dda94228c87ba01c9d253cf121dbe5e702
resnet,clean_only,43,bandpass_n20002_cLA_V6_covariance_s15,phase2/results/predictions/full/clean_only/resnet/seed_43/bandpass_n20002_cLA_V6_covariance_s15.npz,76393,02f4652d5c1c7ca955855ece60325a5c9e0293c9dd4c44ae9c694a77068fc611
resnet,clean_only,43,bandpass_n20002_cLA_V6_covariance_s10,phase2/results/predictions/full/clean_only/resnet/seed_43/bandpass_n20002_cLA_V6_covariance_s10.npz,76259,d01b4b3acb2346e4cfad040e1b158b65d813028f720b70267ed945298d4b3593
resnet,clean_only,43,bandpass_n20002_cLA_V6_covariance_s5,phase2/results/predictions/full/clean_only/resnet/seed_43/bandpass_n20002_cLA_V6_covariance_s5.npz,75986,8dfaa845c991c47858410a5ac985e34a7c8184bb8d11d0a261f3963c1f3d8c88
resnet,clean_only,43,bandpass_n20002_cLA_V6_covariance_s0,phase2/results/predictions/full/clean_only/resnet/seed_43/bandpass_n20002_cLA_V6_covariance_s0.npz,75621,b99708a0f1be9933481b1891b510e13c41b1abf8c2255582ce1a05002eff4ac4
resnet,clean_only,43,bandpass_n20002_cLL_V4_independent_rms_s20,phase2/results/predictions/full/clean_only/resnet/seed_43/bandpass_n20002_cLL_V4_independent_rms_s20.npz,76471,197f4d4ecf0aa3fc8584b81c1fb944280ad1de9481710e7083c4e2a67e5cde6d
resnet,clean_only,43,bandpass_n20002_cLL_V4_independent_rms_s15,phase2/results/predictions/full/clean_only/resnet/seed_43/bandpass_n20002_cLL_V4_independent_rms_s15.npz,76405,ccd203ab603c74c4bfaeb5146c2aa8f0bacb51db0c678b4feea961912f51c7ec
resnet,clean_only,43,bandpass_n20002_cLL_V4_independent_rms_s10,phase2/results/predictions/full/clean_only/resnet/seed_43/bandpass_n20002_cLL_V4_independent_rms_s10.npz,76288,bc7a58dc03f7e0151e0a85357bc84f6e1fb9f596cd802d38fb75865550faeb07
resnet,clean_only,43,bandpass_n20002_cLL_V4_independent_rms_s5,phase2/results/predictions/full/clean_only/resnet/seed_43/bandpass_n20002_cLL_V4_independent_rms_s5.npz,76050,6799c00b3f4636b0eab81003e9b3f7e734a1b4688d7c40a3a655f16b2dfb5cb3
resnet,clean_only,43,bandpass_n20002_cLL_V4_independent_rms_s0,phase2/results/predictions/full/clean_only/resnet/seed_43/bandpass_n20002_cLL_V4_independent_rms_s0.npz,75637,e176c0a193352a9298936191cdbafb17dda4b737586b0bb6c11f607b5305aee2
resnet,clean_only,43,bandpass_n20002_cLL_V4_electrode_s20,phase2/results/predictions/full/clean_only/resnet/seed_43/bandpass_n20002_cLL_V4_electrode_s20.npz,76395,46c49bcf31d1ad59d6170adcd8a96c71bdf0177c8b38f843116592919601eb9b
resnet,clean_only,43,bandpass_n20002_cLL_V4_electrode_s15,phase2/results/predictions/full/clean_only/resnet/seed_43/bandpass_n20002_cLL_V4_electrode_s15.npz,76343,6e1eb4ccd60d5cd228087d3ec658c8340175e29419895f28082fc5a3b4c0f881
resnet,clean_only,43,bandpass_n20002_cLL_V4_electrode_s10,phase2/results/predictions/full/clean_only/resnet/seed_43/bandpass_n20002_cLL_V4_electrode_s10.npz,76188,55ea8344733b2fa23f41bfcf44ca3024d62c5178746e4cd38820cdf14f5ea812
resnet,clean_only,43,bandpass_n20002_cLL_V4_electrode_s5,phase2/results/predictions/full/clean_only/resnet/seed_43/bandpass_n20002_cLL_V4_electrode_s5.npz,75933,a96248d61efc0db65c6f026567d95f41617f7cca4eca690b91ac003f7001a3eb
resnet,clean_only,43,bandpass_n20002_cLL_V4_electrode_s0,phase2/results/predictions/full/clean_only/resnet/seed_43/bandpass_n20002_cLL_V4_electrode_s0.npz,75835,472f131dd0cffc65e8c70cd40fdf5a43380ae9a082c6b5b4f0b830be00124639
resnet,clean_only,43,bandpass_n20002_cLL_V4_covariance_s20,phase2/results/predictions/full/clean_only/resnet/seed_43/bandpass_n20002_cLL_V4_covariance_s20.npz,76397,272d7050cc02ccb6456b52c064ca817ae2a54a0293e98a37d1addd528811bcb4
resnet,clean_only,43,bandpass_n20002_cLL_V4_covariance_s15,phase2/results/predictions/full/clean_only/resnet/seed_43/bandpass_n20002_cLL_V4_covariance_s15.npz,76338,2a7974e46c635495d197f98406e321ee69ff1e7c5e87ec3bfedee6734aec1933
resnet,clean_only,43,bandpass_n20002_cLL_V4_covariance_s10,phase2/results/predictions/full/clean_only/resnet/seed_43/bandpass_n20002_cLL_V4_covariance_s10.npz,76170,d455eea09dc38c501c47b4c4904fa5e0b34a9875f1409aeeda8401d90f977664
resnet,clean_only,43,bandpass_n20002_cLL_V4_covariance_s5,phase2/results/predictions/full/clean_only/resnet/seed_43/bandpass_n20002_cLL_V4_covariance_s5.npz,75934,c39218221b69ed640d27a155ba76094dc4ba79e39e1c2226da7e3c9e88949253
resnet,clean_only,43,bandpass_n20002_cLL_V4_covariance_s0,phase2/results/predictions/full/clean_only/resnet/seed_43/bandpass_n20002_cLL_V4_covariance_s0.npz,75889,6dcee1f19ceb57bfbc6788dc061e538bf353abe9c2b3b421007128f712b7ece2
resnet,clean_only,43,bandpass_n20002_cRA_LA_V1_V6_independent_rms_s20,phase2/results/predictions/full/clean_only/resnet/seed_43/bandpass_n20002_cRA_LA_V1_V6_independent_rms_s20.npz,76469,ca0efe93b130a4c4c11e6070401be28c3854194bc7f3bc2b5c5434d13f3b3de6
resnet,clean_only,43,bandpass_n20002_cRA_LA_V1_V6_independent_rms_s15,phase2/results/predictions/full/clean_only/resnet/seed_43/bandpass_n20002_cRA_LA_V1_V6_independent_rms_s15.npz,76414,78d729b648574c15416a1f0d8c3e699cf9b3080df23fa4992ea6c13e91d90933
resnet,clean_only,43,bandpass_n20002_cRA_LA_V1_V6_independent_rms_s10,phase2/results/predictions/full/clean_only/resnet/seed_43/bandpass_n20002_cRA_LA_V1_V6_independent_rms_s10.npz,76307,87b5ddce39dff46470ccf5790e26fded8aebb9e04d67bc909809664803d5acb1
resnet,clean_only,43,bandpass_n20002_cRA_LA_V1_V6_independent_rms_s5,phase2/results/predictions/full/clean_only/resnet/seed_43/bandpass_n20002_cRA_LA_V1_V6_independent_rms_s5.npz,76053,74269dbbc81faca8eb86d85cfb96ff369c36d23bdbd474785a1511068633c224
resnet,clean_only,43,bandpass_n20002_cRA_LA_V1_V6_independent_rms_s0,phase2/results/predictions/full/clean_only/resnet/seed_43/bandpass_n20002_cRA_LA_V1_V6_independent_rms_s0.npz,75595,0a4ba2a2b4a7c9e7ae469c052b4cf7c2e1ee0bb7f9e613abe9bb192c83cb39b2
resnet,clean_only,43,bandpass_n20002_cRA_LA_V1_V6_electrode_s20,phase2/results/predictions/full/clean_only/resnet/seed_43/bandpass_n20002_cRA_LA_V1_V6_electrode_s20.npz,76459,9b20256d9c3680f4e79fc05f66ea26c08885765d1acd5255f50262645e58a798
resnet,clean_only,43,bandpass_n20002_cRA_LA_V1_V6_electrode_s15,phase2/results/predictions/full/clean_only/resnet/seed_43/bandpass_n20002_cRA_LA_V1_V6_electrode_s15.npz,76403,84cefc2ce15ac1a9981af9df3facbaa04dc6c32b87d74558d5f892363b066578
resnet,clean_only,43,bandpass_n20002_cRA_LA_V1_V6_electrode_s10,phase2/results/predictions/full/clean_only/resnet/seed_43/bandpass_n20002_cRA_LA_V1_V6_electrode_s10.npz,76271,2444e070f11a6febe0824fc558058f491a64e4a2f18595481c1df8fa8f8eca6a
resnet,clean_only,43,bandpass_n20002_cRA_LA_V1_V6_electrode_s5,phase2/results/predictions/full/clean_only/resnet/seed_43/bandpass_n20002_cRA_LA_V1_V6_electrode_s5.npz,75995,406ae5d1f604d0b9772e3ed5ef6436c65639ef58ead735da087bb7ba299dca04
resnet,clean_only,43,bandpass_n20002_cRA_LA_V1_V6_electrode_s0,phase2/results/predictions/full/clean_only/resnet/seed_43/bandpass_n20002_cRA_LA_V1_V6_electrode_s0.npz,75509,3888e41483ca64033e288eff363cef67fc7f95878288fb937234389fbb7cd699
resnet,clean_only,43,bandpass_n20002_cRA_LA_V1_V6_covariance_s20,phase2/results/predictions/full/clean_only/resnet/seed_43/bandpass_n20002_cRA_LA_V1_V6_covariance_s20.npz,76460,f4820e59508a85b3952c6b5fef14c75161186020ed49afb47471a4bb08625d26
resnet,clean_only,43,bandpass_n20002_cRA_LA_V1_V6_covariance_s15,phase2/results/predictions/full/clean_only/resnet/seed_43/bandpass_n20002_cRA_LA_V1_V6_covariance_s15.npz,76385,2d8fe78f6091f50171ab1a8fe76d0cf0f7c672711d71f945975a876426f0a147
resnet,clean_only,43,bandpass_n20002_cRA_LA_V1_V6_covariance_s10,phase2/results/predictions/full/clean_only/resnet/seed_43/bandpass_n20002_cRA_LA_V1_V6_covariance_s10.npz,76260,2f5cda931177d0d4b12dfcdff0c4f2be106819144dee44b2c0ed5a13e2469ebd
resnet,clean_only,43,bandpass_n20002_cRA_LA_V1_V6_covariance_s5,phase2/results/predictions/full/clean_only/resnet/seed_43/bandpass_n20002_cRA_LA_V1_V6_covariance_s5.npz,75990,077fb1f165c0574f21b919c2689da276953dc01a34bf4a0e8120a6f91d7de37b
resnet,clean_only,43,bandpass_n20002_cRA_LA_V1_V6_covariance_s0,phase2/results/predictions/full/clean_only/resnet/seed_43/bandpass_n20002_cRA_LA_V1_V6_covariance_s0.npz,75540,6d04de38a23d941640e6ac0af309260cf13d291f6263974444775f474a019e4a
resnet,clean_only,43,bandpass_n20002_cRA_V2_V5_independent_rms_s20,phase2/results/predictions/full/clean_only/resnet/seed_43/bandpass_n20002_cRA_V2_V5_independent_rms_s20.npz,76460,7715c22917e24a1e8408d4674d3fde3ab75657f8bf67f5972b4f8549715e7ad8
resnet,clean_only,43,bandpass_n20002_cRA_V2_V5_independent_rms_s15,phase2/results/predictions/full/clean_only/resnet/seed_43/bandpass_n20002_cRA_V2_V5_independent_rms_s15.npz,76406,b0f31c0f04c9c6432281661af7942f560993687f716e5099cd21435217681306
resnet,clean_only,43,bandpass_n20002_cRA_V2_V5_independent_rms_s10,phase2/results/predictions/full/clean_only/resnet/seed_43/bandpass_n20002_cRA_V2_V5_independent_rms_s10.npz,76293,4e752de3337fa12cdf1aec3ed081fe6c07507adafdc70596ebe51e0bfbda6b12
resnet,clean_only,43,bandpass_n20002_cRA_V2_V5_independent_rms_s5,phase2/results/predictions/full/clean_only/resnet/seed_43/bandpass_n20002_cRA_V2_V5_independent_rms_s5.npz,76038,e2c0a7243e0fc5f2dc1f17d42ca40c707907c087212645e36c9eaabacad3d048
resnet,clean_only,43,bandpass_n20002_cRA_V2_V5_independent_rms_s0,phase2/results/predictions/full/clean_only/resnet/seed_43/bandpass_n20002_cRA_V2_V5_independent_rms_s0.npz,75640,63aed766bde485b8e8f383beceb3d65515ec614bf318f5685f9436c27b82f0da
resnet,clean_only,43,bandpass_n20002_cRA_V2_V5_electrode_s20,phase2/results/predictions/full/clean_only/resnet/seed_43/bandpass_n20002_cRA_V2_V5_electrode_s20.npz,76437,ac7e839c838e53089a5fb181b58978760151b0ef00c1649af0247b5e12980f25
resnet,clean_only,43,bandpass_n20002_cRA_V2_V5_electrode_s15,phase2/results/predictions/full/clean_only/resnet/seed_43/bandpass_n20002_cRA_V2_V5_electrode_s15.npz,76401,40c2ca230cba56bb17e0217c38c11b21ec8fe79f163810302b683a40cf9921bc
resnet,clean_only,43,bandpass_n20002_cRA_V2_V5_electrode_s10,phase2/results/predictions/full/clean_only/resnet/seed_43/bandpass_n20002_cRA_V2_V5_electrode_s10.npz,76212,e34eeeaf8f83c53bbad97957079e767e5515779dc2d729b48c091ebd8d3d3974
resnet,clean_only,43,bandpass_n20002_cRA_V2_V5_electrode_s5,phase2/results/predictions/full/clean_only/resnet/seed_43/bandpass_n20002_cRA_V2_V5_electrode_s5.npz,75988,2c0262a53622b29e71bdac267f4cb5440919cd8ac7bd0a5e59f4e235417fdf24
resnet,clean_only,43,bandpass_n20002_cRA_V2_V5_electrode_s0,phase2/results/predictions/full/clean_only/resnet/seed_43/bandpass_n20002_cRA_V2_V5_electrode_s0.npz,75482,f89ab8177eec795cd7f4d686011512728597be5a894a1449c3972517bbe2003c
resnet,clean_only,43,bandpass_n20002_cRA_V2_V5_covariance_s20,phase2/results/predictions/full/clean_only/resnet/seed_43/bandpass_n20002_cRA_V2_V5_covariance_s20.npz,76416,4787f95c1efed3eb63a2891a189497f2050145b28140dae50e2b69acf111bfb1
resnet,clean_only,43,bandpass_n20002_cRA_V2_V5_covariance_s15,phase2/results/predictions/full/clean_only/resnet/seed_43/bandpass_n20002_cRA_V2_V5_covariance_s15.npz,76400,f85291823817558609bdecc1ce5a75700a061a3b42f28d0a0cd88b438ca2631a
resnet,clean_only,43,bandpass_n20002_cRA_V2_V5_covariance_s10,phase2/results/predictions/full/clean_only/resnet/seed_43/bandpass_n20002_cRA_V2_V5_covariance_s10.npz,76233,f0c8af877ed69c164696e9198af5d682e30c00a90bad8b422cf863d5bdd135df
resnet,clean_only,43,bandpass_n20002_cRA_V2_V5_covariance_s5,phase2/results/predictions/full/clean_only/resnet/seed_43/bandpass_n20002_cRA_V2_V5_covariance_s5.npz,75987,2acbf4816819f5c3f5ac1454029b940a5fc85654bebfeae268b920fd9ad9fca2
resnet,clean_only,43,bandpass_n20002_cRA_V2_V5_covariance_s0,phase2/results/predictions/full/clean_only/resnet/seed_43/bandpass_n20002_cRA_V2_V5_covariance_s0.npz,75472,54f5d75a168d664f2aac08a17695a4ee16408b4fa28467122fd2471e76199b5c
resnet,clean_only,43,bandpass_n20002_cLA_V3_V6_independent_rms_s20,phase2/results/predictions/full/clean_only/resnet/seed_43/bandpass_n20002_cLA_V3_V6_independent_rms_s20.npz,76469,66eecc8b80cb8f39d3e5d4f4bd420a86155e069d62bdd1b5a69521d3a7bdcff7
resnet,clean_only,43,bandpass_n20002_cLA_V3_V6_independent_rms_s15,phase2/results/predictions/full/clean_only/resnet/seed_43/bandpass_n20002_cLA_V3_V6_independent_rms_s15.npz,76422,a8b6a3b054ef5ad1a304bdb3761d3c4b8b5b450a21f8c723dbc6e1373d580be3
resnet,clean_only,43,bandpass_n20002_cLA_V3_V6_independent_rms_s10,phase2/results/predictions/full/clean_only/resnet/seed_43/bandpass_n20002_cLA_V3_V6_independent_rms_s10.npz,76317,3b2ab0ea76029d78dd8bf01cec2ace58a9ac944c6d63517fe511b9efe6a23cd2
resnet,clean_only,43,bandpass_n20002_cLA_V3_V6_independent_rms_s5,phase2/results/predictions/full/clean_only/resnet/seed_43/bandpass_n20002_cLA_V3_V6_independent_rms_s5.npz,76092,cc76c65fb2e3a861090bb0792db5f914ee82689d2d3261b23c247559ed49aad1
resnet,clean_only,43,bandpass_n20002_cLA_V3_V6_independent_rms_s0,phase2/results/predictions/full/clean_only/resnet/seed_43/bandpass_n20002_cLA_V3_V6_independent_rms_s0.npz,75648,d649af04e36978d54fbc17cfa4ca4aaa8154d129d970693685081cae36f5eeac
resnet,clean_only,43,bandpass_n20002_cLA_V3_V6_electrode_s20,phase2/results/predictions/full/clean_only/resnet/seed_43/bandpass_n20002_cLA_V3_V6_electrode_s20.npz,76469,3a3eabaf875bb83f861dcd087d76ab97e95149121ecd813b8bd063ca8a4c6bcc
resnet,clean_only,43,bandpass_n20002_cLA_V3_V6_electrode_s15,phase2/results/predictions/full/clean_only/resnet/seed_43/bandpass_n20002_cLA_V3_V6_electrode_s15.npz,76369,e065b2b7f0b4799aea9a5c9fcacd46877cb192ee48101e0bb6a8072fd621c77a
resnet,clean_only,43,bandpass_n20002_cLA_V3_V6_electrode_s10,phase2/results/predictions/full/clean_only/resnet/seed_43/bandpass_n20002_cLA_V3_V6_electrode_s10.npz,76268,7812169a630100da97f37177bc23e725603675852c816130cf975a730fbe59a7
resnet,clean_only,43,bandpass_n20002_cLA_V3_V6_electrode_s5,phase2/results/predictions/full/clean_only/resnet/seed_43/bandpass_n20002_cLA_V3_V6_electrode_s5.npz,76008,7ef1aa0c23c1d5cc80d5ead454605caff6a326cb967aa68af6730af31614a1d8
resnet,clean_only,43,bandpass_n20002_cLA_V3_V6_electrode_s0,phase2/results/predictions/full/clean_only/resnet/seed_43/bandpass_n20002_cLA_V3_V6_electrode_s0.npz,75642,8a2adfe28c4e5ab4781eae4a5d6407f5a8feb6e52a18cb2c343a193d60214846
resnet,clean_only,43,bandpass_n20002_cLA_V3_V6_covariance_s20,phase2/results/predictions/full/clean_only/resnet/seed_43/bandpass_n20002_cLA_V3_V6_covariance_s20.npz,76461,8c86507ad2b93424d4e24803e3d7c741f76daf1a33805ad8f242aab762bf524d
resnet,clean_only,43,bandpass_n20002_cLA_V3_V6_covariance_s15,phase2/results/predictions/full/clean_only/resnet/seed_43/bandpass_n20002_cLA_V3_V6_covariance_s15.npz,76411,b758d1f9018d5859a335ff6f6bca02e51ffc04f6acc9dff637638a3820bf6833
resnet,clean_only,43,bandpass_n20002_cLA_V3_V6_covariance_s10,phase2/results/predictions/full/clean_only/resnet/seed_43/bandpass_n20002_cLA_V3_V6_covariance_s10.npz,76287,c59a7d377eece83da1b23b193fa14a05bcef59b4229b95ce9150ef64a4053e0b
resnet,clean_only,43,bandpass_n20002_cLA_V3_V6_covariance_s5,phase2/results/predictions/full/clean_only/resnet/seed_43/bandpass_n20002_cLA_V3_V6_covariance_s5.npz,75980,3e21d26663ba89e9aa4bb3f90a50e402af93270da3c1dcec5b52d985527f54e8
resnet,clean_only,43,bandpass_n20002_cLA_V3_V6_covariance_s0,phase2/results/predictions/full/clean_only/resnet/seed_43/bandpass_n20002_cLA_V3_V6_covariance_s0.npz,75627,bcca7d115976869980a3fcc6fd3a938160a8b0f6a6062ffce90b15c7683eddd4
resnet,clean_only,43,bandpass_n20002_cLL_V1_V4_independent_rms_s20,phase2/results/predictions/full/clean_only/resnet/seed_43/bandpass_n20002_cLL_V1_V4_independent_rms_s20.npz,76422,7d676f56775b5afb59e402781d0f808c041573a7278bfa404fc1a5b58d2c3b28
resnet,clean_only,43,bandpass_n20002_cLL_V1_V4_independent_rms_s15,phase2/results/predictions/full/clean_only/resnet/seed_43/bandpass_n20002_cLL_V1_V4_independent_rms_s15.npz,76415,1ce9eaaa5ae78e367ee64f02600f41ecc35ade94b90e712468dd8a2440942b6c
resnet,clean_only,43,bandpass_n20002_cLL_V1_V4_independent_rms_s10,phase2/results/predictions/full/clean_only/resnet/seed_43/bandpass_n20002_cLL_V1_V4_independent_rms_s10.npz,76301,9229fef47e20f70211ba020c4f579f3befaabcc2551e7b8d3ac08d1d807cf105
resnet,clean_only,43,bandpass_n20002_cLL_V1_V4_independent_rms_s5,phase2/results/predictions/full/clean_only/resnet/seed_43/bandpass_n20002_cLL_V1_V4_independent_rms_s5.npz,76056,00439f9a3857bb1dc6369c1816d5913a53dc012171fed7efe09d01bdb79398e3
resnet,clean_only,43,bandpass_n20002_cLL_V1_V4_independent_rms_s0,phase2/results/predictions/full/clean_only/resnet/seed_43/bandpass_n20002_cLL_V1_V4_independent_rms_s0.npz,75610,df90c62a674717b7b234d036f4efe3f3550286dbc208852eb2e7269a410f8b6a
resnet,clean_only,43,bandpass_n20002_cLL_V1_V4_electrode_s20,phase2/results/predictions/full/clean_only/resnet/seed_43/bandpass_n20002_cLL_V1_V4_electrode_s20.npz,76408,aa413375753c35fb6d581b2f1ac9662ebade71e9a3ec0eb99a837d608cbc3506
resnet,clean_only,43,bandpass_n20002_cLL_V1_V4_electrode_s15,phase2/results/predictions/full/clean_only/resnet/seed_43/bandpass_n20002_cLL_V1_V4_electrode_s15.npz,76366,0dd91a7b8a11f889305878e8413b3b02d89105573b4299424bee1416b976af07
resnet,clean_only,43,bandpass_n20002_cLL_V1_V4_electrode_s10,phase2/results/predictions/full/clean_only/resnet/seed_43/bandpass_n20002_cLL_V1_V4_electrode_s10.npz,76177,14fa908c00696f1ad265fb30fadecb1f988dcb3e3cf6ed540f01488a0d193cdd
resnet,clean_only,43,bandpass_n20002_cLL_V1_V4_electrode_s5,phase2/results/predictions/full/clean_only/resnet/seed_43/bandpass_n20002_cLL_V1_V4_electrode_s5.npz,75962,76b476bb4af125c26accb782824efcc2076ef72e325bdc2691d8f7dee5014bbd
resnet,clean_only,43,bandpass_n20002_cLL_V1_V4_electrode_s0,phase2/results/predictions/full/clean_only/resnet/seed_43/bandpass_n20002_cLL_V1_V4_electrode_s0.npz,75764,45b8ed72f2beb3bd2adf8ed0c14f0e59f74384af8f737cb01691e3290b3eec1a
resnet,clean_only,43,bandpass_n20002_cLL_V1_V4_covariance_s20,phase2/results/predictions/full/clean_only/resnet/seed_43/bandpass_n20002_cLL_V1_V4_covariance_s20.npz,76449,1591f1f2e36d0df082790277736f0b5acfb215ce7aa22040057219eb3fe6a74c
resnet,clean_only,43,bandpass_n20002_cLL_V1_V4_covariance_s15,phase2/results/predictions/full/clean_only/resnet/seed_43/bandpass_n20002_cLL_V1_V4_covariance_s15.npz,76376,90b1184ab9e61b8a2b1e00215983bab810d0057f00aaa869d78ba804580efd63
resnet,clean_only,43,bandpass_n20002_cLL_V1_V4_covariance_s10,phase2/results/predictions/full/clean_only/resnet/seed_43/bandpass_n20002_cLL_V1_V4_covariance_s10.npz,76175,854b435a1ffb18be032c66fe39f1ccb9e82a4fc7e32cd9b23d934c3adde04f34
resnet,clean_only,43,bandpass_n20002_cLL_V1_V4_covariance_s5,phase2/results/predictions/full/clean_only/resnet/seed_43/bandpass_n20002_cLL_V1_V4_covariance_s5.npz,75964,766b341d55833a1100781862dfb90498e19dded80cd3fdfd186d3ab608d6da95
resnet,clean_only,43,bandpass_n20002_cLL_V1_V4_covariance_s0,phase2/results/predictions/full/clean_only/resnet/seed_43/bandpass_n20002_cLL_V1_V4_covariance_s0.npz,75756,51eaf0e579192e0a45be7124de726c5e1b6b57d401352e388e1e5e0f2a7dd99b
resnet,clean_only,43,bandpass_n20002_call_independent_rms_s20,phase2/results/predictions/full/clean_only/resnet/seed_43/bandpass_n20002_call_independent_rms_s20.npz,76422,7d17c2780f1f786e4637913bb96c5bb20f474ae4af54878b055c8615b3be961a
resnet,clean_only,43,bandpass_n20002_call_independent_rms_s15,phase2/results/predictions/full/clean_only/resnet/seed_43/bandpass_n20002_call_independent_rms_s15.npz,76366,dbc7cb4ac7f30c3a99c1dbd5e2b174614688ebff8685021f1c342bdbbd0051a1
resnet,clean_only,43,bandpass_n20002_call_independent_rms_s10,phase2/results/predictions/full/clean_only/resnet/seed_43/bandpass_n20002_call_independent_rms_s10.npz,76283,510b3b0bbcddca197290f53d09199a659e8435d6c18edac0445d9243a6c9d4cf
resnet,clean_only,43,bandpass_n20002_call_independent_rms_s5,phase2/results/predictions/full/clean_only/resnet/seed_43/bandpass_n20002_call_independent_rms_s5.npz,76015,ffa538a82d881a4645aaa7cd511c9438458e84d802038f53b62db35de62d3061
resnet,clean_only,43,bandpass_n20002_call_independent_rms_s0,phase2/results/predictions/full/clean_only/resnet/seed_43/bandpass_n20002_call_independent_rms_s0.npz,75609,31f1fbf62861883164c76082dbdf4db184b699aa4a798b70a784ea9fb5cd8f16
resnet,clean_only,43,bandpass_n20002_call_electrode_s20,phase2/results/predictions/full/clean_only/resnet/seed_43/bandpass_n20002_call_electrode_s20.npz,76405,aa0e2912b2a7560585f845228fc746d30082e3a4a8e23041c1d325961e3ecef5
resnet,clean_only,43,bandpass_n20002_call_electrode_s15,phase2/results/predictions/full/clean_only/resnet/seed_43/bandpass_n20002_call_electrode_s15.npz,76376,2cd2fb2e4ede287bbb699f5b8ccaa8af137d7681752d75f9943b8179ffee24bd
resnet,clean_only,43,bandpass_n20002_call_electrode_s10,phase2/results/predictions/full/clean_only/resnet/seed_43/bandpass_n20002_call_electrode_s10.npz,76198,00265b53813d6209c576199d89cafbb72381d33133802d60f7e4ec0d7a7aa770
resnet,clean_only,43,bandpass_n20002_call_electrode_s5,phase2/results/predictions/full/clean_only/resnet/seed_43/bandpass_n20002_call_electrode_s5.npz,75934,b5ff0e767052e2990a46e98bca26f04fa0bd85cf13349d088408ca5fbc85c8e2
resnet,clean_only,43,bandpass_n20002_call_electrode_s0,phase2/results/predictions/full/clean_only/resnet/seed_43/bandpass_n20002_call_electrode_s0.npz,75587,c80fb789fc57522660021649450c7a6941b68fce221adac4b42ceddc8f42fc24
resnet,clean_only,43,bandpass_n20002_call_covariance_s20,phase2/results/predictions/full/clean_only/resnet/seed_43/bandpass_n20002_call_covariance_s20.npz,76420,d6f92601a2a8c8b3d245153ad47603afe3730d06d174729b3b9113863f0334f7
resnet,clean_only,43,bandpass_n20002_call_covariance_s15,phase2/results/predictions/full/clean_only/resnet/seed_43/bandpass_n20002_call_covariance_s15.npz,76352,9cecda8db175394745836fd048e9e8cb0cbbd8e3916defc580faefa0b94873f4
resnet,clean_only,43,bandpass_n20002_call_covariance_s10,phase2/results/predictions/full/clean_only/resnet/seed_43/bandpass_n20002_call_covariance_s10.npz,76176,8942b41c8e81ce5ddb1a8218294509b6bdeb6c3a388b673eac0bc2877bc8ccb6
resnet,clean_only,43,bandpass_n20002_call_covariance_s5,phase2/results/predictions/full/clean_only/resnet/seed_43/bandpass_n20002_call_covariance_s5.npz,75954,bd690b426be3a926102c70ad5c9257d86c03883b74728b6a5424373c1a3c3d19
resnet,clean_only,43,bandpass_n20002_call_covariance_s0,phase2/results/predictions/full/clean_only/resnet/seed_43/bandpass_n20002_call_covariance_s0.npz,75552,42a0b91b1d8d9f4a391c9939e321a8d430773f8823ce7c86f9607d93199858b6
resnet,clean_only,43,bandpass_n20003_cRA_LA_LL_independent_rms_s20,phase2/results/predictions/full/clean_only/resnet/seed_43/bandpass_n20003_cRA_LA_LL_independent_rms_s20.npz,76429,4d86c703b5f0bb33cfc14090e39837363e188a0702588fe5d200acbce2a58930
resnet,clean_only,43,bandpass_n20003_cRA_LA_LL_independent_rms_s15,phase2/results/predictions/full/clean_only/resnet/seed_43/bandpass_n20003_cRA_LA_LL_independent_rms_s15.npz,76417,2ba271211798a6d8ecf3112092d99fafe8cbc61b6a7e82706f18b17739f6e7de
resnet,clean_only,43,bandpass_n20003_cRA_LA_LL_independent_rms_s10,phase2/results/predictions/full/clean_only/resnet/seed_43/bandpass_n20003_cRA_LA_LL_independent_rms_s10.npz,76321,a0f38944a4094ea598cca2ad2570ef021b65fa27145cc54322bb61a247cc6639
resnet,clean_only,43,bandpass_n20003_cRA_LA_LL_independent_rms_s5,phase2/results/predictions/full/clean_only/resnet/seed_43/bandpass_n20003_cRA_LA_LL_independent_rms_s5.npz,76037,fc9abb3accdb2fcd1ac83f4a051432cb002df7b3d10ad2c8de695a2bcf4bd71c
resnet,clean_only,43,bandpass_n20003_cRA_LA_LL_independent_rms_s0,phase2/results/predictions/full/clean_only/resnet/seed_43/bandpass_n20003_cRA_LA_LL_independent_rms_s0.npz,75623,ad01468e0d512a419109c9d036a0b1c36d0890cf30bd1b06e95c6cd1e2de2852
resnet,clean_only,43,bandpass_n20003_cRA_LA_LL_electrode_s20,phase2/results/predictions/full/clean_only/resnet/seed_43/bandpass_n20003_cRA_LA_LL_electrode_s20.npz,76425,c463e9fbcdaeebd319250f32ae2b792eee4f15205814e02b31d7c3d1af44f9cb
resnet,clean_only,43,bandpass_n20003_cRA_LA_LL_electrode_s15,phase2/results/predictions/full/clean_only/resnet/seed_43/bandpass_n20003_cRA_LA_LL_electrode_s15.npz,76368,9ab1a4a2924376a408f3bcdc5848d0d6a5273fc4fdbfa76ac7b239829c316959
resnet,clean_only,43,bandpass_n20003_cRA_LA_LL_electrode_s10,phase2/results/predictions/full/clean_only/resnet/seed_43/bandpass_n20003_cRA_LA_LL_electrode_s10.npz,76190,1b3289ceca693e6ac9c190eb53d614071533a545296689785ed7b4d90b115e93
resnet,clean_only,43,bandpass_n20003_cRA_LA_LL_electrode_s5,phase2/results/predictions/full/clean_only/resnet/seed_43/bandpass_n20003_cRA_LA_LL_electrode_s5.npz,75921,afe14bb89bc158de4d0d91f4fdc0b0d4a42044a6e4ef9e0455921c9d919eadc4
resnet,clean_only,43,bandpass_n20003_cRA_LA_LL_electrode_s0,phase2/results/predictions/full/clean_only/resnet/seed_43/bandpass_n20003_cRA_LA_LL_electrode_s0.npz,75583,780ad5b5b76e7020e95f39bb4b296003f91b5e29746b6a7ac6f2521b10a33755
resnet,clean_only,43,bandpass_n20003_cRA_LA_LL_covariance_s20,phase2/results/predictions/full/clean_only/resnet/seed_43/bandpass_n20003_cRA_LA_LL_covariance_s20.npz,76433,2e43f1eeb4f576153c03c85e2f60c57abd61b9c0bc5313de8d798d740f8c8f87
resnet,clean_only,43,bandpass_n20003_cRA_LA_LL_covariance_s15,phase2/results/predictions/full/clean_only/resnet/seed_43/bandpass_n20003_cRA_LA_LL_covariance_s15.npz,76317,a92928565d02db11b6b2bf20e94c984a830b2129578cd64de63347a25fc91222
resnet,clean_only,43,bandpass_n20003_cRA_LA_LL_covariance_s10,phase2/results/predictions/full/clean_only/resnet/seed_43/bandpass_n20003_cRA_LA_LL_covariance_s10.npz,76172,f4315a3f2f27bfbfa6e9b020ba6973ed51b8ac478a4899fa61f78d0ef78ec6a7
resnet,clean_only,43,bandpass_n20003_cRA_LA_LL_covariance_s5,phase2/results/predictions/full/clean_only/resnet/seed_43/bandpass_n20003_cRA_LA_LL_covariance_s5.npz,75917,670f8a9d5c985ae1c934a1c8aad79fd019cae6e0486e172b387ec2a03e7c7b7d
resnet,clean_only,43,bandpass_n20003_cRA_LA_LL_covariance_s0,phase2/results/predictions/full/clean_only/resnet/seed_43/bandpass_n20003_cRA_LA_LL_covariance_s0.npz,75553,7001aab01a684a9bdd26900ee08c1e957f42ca51166c6cc16241d67194c54e29
resnet,clean_only,43,bandpass_n20003_cV1_independent_rms_s20,phase2/results/predictions/full/clean_only/resnet/seed_43/bandpass_n20003_cV1_independent_rms_s20.npz,76438,22f6ef39936cc15f459f4eca4bc90b0cd68d1a0f319b9fee375b322d5cdc66f7
resnet,clean_only,43,bandpass_n20003_cV1_independent_rms_s15,phase2/results/predictions/full/clean_only/resnet/seed_43/bandpass_n20003_cV1_independent_rms_s15.npz,76361,74f1be51d5c3f450d978686986b227ea4c7d067a6c55619b45898070db21a379
resnet,clean_only,43,bandpass_n20003_cV1_independent_rms_s10,phase2/results/predictions/full/clean_only/resnet/seed_43/bandpass_n20003_cV1_independent_rms_s10.npz,76240,cc9caa81ccf0788860414a3eb416dffe4241eb2ace85d0807b349aa69df7b185
resnet,clean_only,43,bandpass_n20003_cV1_independent_rms_s5,phase2/results/predictions/full/clean_only/resnet/seed_43/bandpass_n20003_cV1_independent_rms_s5.npz,75984,92fea006d439efe750ab2e7c02fd3d646a5a3e961162aebea341ab98a95e3ba0
resnet,clean_only,43,bandpass_n20003_cV1_independent_rms_s0,phase2/results/predictions/full/clean_only/resnet/seed_43/bandpass_n20003_cV1_independent_rms_s0.npz,75404,3204e3858e4801373a079e0374da5f6bf8e50c6a1aad9e4cdacb6581cc4ace67
resnet,clean_only,43,bandpass_n20003_cV1_electrode_s20,phase2/results/predictions/full/clean_only/resnet/seed_43/bandpass_n20003_cV1_electrode_s20.npz,76406,7883eee1a06f469741133bb7dde8e8592ba0541c274656e4507afb0418101dd4
resnet,clean_only,43,bandpass_n20003_cV1_electrode_s15,phase2/results/predictions/full/clean_only/resnet/seed_43/bandpass_n20003_cV1_electrode_s15.npz,76356,f89fdb6dc67c3f3fd153b69fa83a23f242ce81e02a3e81edff23125afeb1d7f4
resnet,clean_only,43,bandpass_n20003_cV1_electrode_s10,phase2/results/predictions/full/clean_only/resnet/seed_43/bandpass_n20003_cV1_electrode_s10.npz,76201,21a3992f7598bbd9a97a97b4d401d093849d05f7b6dd8a77b53f804fbe0eddf9
resnet,clean_only,43,bandpass_n20003_cV1_electrode_s5,phase2/results/predictions/full/clean_only/resnet/seed_43/bandpass_n20003_cV1_electrode_s5.npz,75940,8d5df8fdbba8f11f15273fd70dccd3bbf3f0758734bdc64a1e078b064d2a8a19
resnet,clean_only,43,bandpass_n20003_cV1_electrode_s0,phase2/results/predictions/full/clean_only/resnet/seed_43/bandpass_n20003_cV1_electrode_s0.npz,75393,173f1b2ecfb64ae9067190c44e9c143a7a116285b7465aaed36e6f49fb82cb05
resnet,clean_only,43,bandpass_n20003_cV1_covariance_s20,phase2/results/predictions/full/clean_only/resnet/seed_43/bandpass_n20003_cV1_covariance_s20.npz,76400,17df7cd5f39bb2d4004a4b38dfe152764813bfcbfcd1fc9a6a8c6a83c02c7108
resnet,clean_only,43,bandpass_n20003_cV1_covariance_s15,phase2/results/predictions/full/clean_only/resnet/seed_43/bandpass_n20003_cV1_covariance_s15.npz,76369,37d717703a57f58d9d4351fa6d67addaa7b8c908dd3b95640955bda6c329095e
resnet,clean_only,43,bandpass_n20003_cV1_covariance_s10,phase2/results/predictions/full/clean_only/resnet/seed_43/bandpass_n20003_cV1_covariance_s10.npz,76230,e9ff0ecdd2e54dd198c1de0a51bd92921c190087a6288faf7679c3bfd97f78a4
resnet,clean_only,43,bandpass_n20003_cV1_covariance_s5,phase2/results/predictions/full/clean_only/resnet/seed_43/bandpass_n20003_cV1_covariance_s5.npz,75927,c35b5394dd0c5983aa65be648be7aea36553ec0bcdab1ad979486cf41f5a0721
resnet,clean_only,43,bandpass_n20003_cV1_covariance_s0,phase2/results/predictions/full/clean_only/resnet/seed_43/bandpass_n20003_cV1_covariance_s0.npz,75424,9dc22d3c5f8a9226733785f50fd34ea1098f94c4106aaf1ae56088648661ff57
resnet,clean_only,43,bandpass_n20003_cV2_independent_rms_s20,phase2/results/predictions/full/clean_only/resnet/seed_43/bandpass_n20003_cV2_independent_rms_s20.npz,76430,4bced9832af4b41c7babc5a0ddec39c6ab6774cebd2b0afd3915351e42d736a7
resnet,clean_only,43,bandpass_n20003_cV2_independent_rms_s15,phase2/results/predictions/full/clean_only/resnet/seed_43/bandpass_n20003_cV2_independent_rms_s15.npz,76373,6dacc298ff2be792f8389ae912810e23b24ab730cb04b669d5db586f8fb57c2e
resnet,clean_only,43,bandpass_n20003_cV2_independent_rms_s10,phase2/results/predictions/full/clean_only/resnet/seed_43/bandpass_n20003_cV2_independent_rms_s10.npz,76254,0473997f8ccea53b4eed7f9803b2228c224150650322050eb267b8f1308d1db4
resnet,clean_only,43,bandpass_n20003_cV2_independent_rms_s5,phase2/results/predictions/full/clean_only/resnet/seed_43/bandpass_n20003_cV2_independent_rms_s5.npz,76031,0ce3914677315fe8d3ae9d113ff41301d75677e902aa81f67cb6b5b20cb2eb6f
resnet,clean_only,43,bandpass_n20003_cV2_independent_rms_s0,phase2/results/predictions/full/clean_only/resnet/seed_43/bandpass_n20003_cV2_independent_rms_s0.npz,75619,8e2915153c08dbbdbad3ce2a650559959e54815d49a8e7aa461ffaa1b688852c
resnet,clean_only,43,bandpass_n20003_cV2_electrode_s20,phase2/results/predictions/full/clean_only/resnet/seed_43/bandpass_n20003_cV2_electrode_s20.npz,76391,14b972b1b4a751ee0a55c3c3847f475dfa0c91cf7fbaf9b9d83aca699d8bc304
resnet,clean_only,43,bandpass_n20003_cV2_electrode_s15,phase2/results/predictions/full/clean_only/resnet/seed_43/bandpass_n20003_cV2_electrode_s15.npz,76359,2e58c4d0d5c9d7bc6d4746f178b0a9caa36aecf7d06f34e7f6509f951d66e51d
resnet,clean_only,43,bandpass_n20003_cV2_electrode_s10,phase2/results/predictions/full/clean_only/resnet/seed_43/bandpass_n20003_cV2_electrode_s10.npz,76239,e1837314228b9ce41e47ca85ec81bbf3ab7abe20b7f9dfd029340ad1de6989ea
resnet,clean_only,43,bandpass_n20003_cV2_electrode_s5,phase2/results/predictions/full/clean_only/resnet/seed_43/bandpass_n20003_cV2_electrode_s5.npz,76024,ce304411a691d1867ca2770a57d8bc94835925ce7699f86f0142e1fc99ec2178
resnet,clean_only,43,bandpass_n20003_cV2_electrode_s0,phase2/results/predictions/full/clean_only/resnet/seed_43/bandpass_n20003_cV2_electrode_s0.npz,75568,fc45d590b8e9b3811dfae4c4aafb128f4cd32b8a9fc626913d5cc7d60327c87b
resnet,clean_only,43,bandpass_n20003_cV2_covariance_s20,phase2/results/predictions/full/clean_only/resnet/seed_43/bandpass_n20003_cV2_covariance_s20.npz,76428,6eff6743c38f22ed42a815643fc3cbb05ffea8bd7422b70580e7f3e6d4186249
resnet,clean_only,43,bandpass_n20003_cV2_covariance_s15,phase2/results/predictions/full/clean_only/resnet/seed_43/bandpass_n20003_cV2_covariance_s15.npz,76351,f997297b2c672e7c0078747b5a4a1346656e0d5e1bba142391da60d83a4e27af
resnet,clean_only,43,bandpass_n20003_cV2_covariance_s10,phase2/results/predictions/full/clean_only/resnet/seed_43/bandpass_n20003_cV2_covariance_s10.npz,76300,553ebf7c2b70efa72b07f561a38826008cc3c3e867dff59a02f55ac538df4e2d
resnet,clean_only,43,bandpass_n20003_cV2_covariance_s5,phase2/results/predictions/full/clean_only/resnet/seed_43/bandpass_n20003_cV2_covariance_s5.npz,76007,320c2fe236876e2e7e3adbe7066fed538d0ab070dc4c4a7729efa7f76558430b
resnet,clean_only,43,bandpass_n20003_cV2_covariance_s0,phase2/results/predictions/full/clean_only/resnet/seed_43/bandpass_n20003_cV2_covariance_s0.npz,75591,4083a128b76eeee073485c0b1039dd011e9d23220f255dced5d48acb2a9d62f2
resnet,clean_only,43,bandpass_n20003_cV3_independent_rms_s20,phase2/results/predictions/full/clean_only/resnet/seed_43/bandpass_n20003_cV3_independent_rms_s20.npz,76421,47daa30995380047890f3e76d7addbe048799b2ffe2debee467eda320fc85ac6
resnet,clean_only,43,bandpass_n20003_cV3_independent_rms_s15,phase2/results/predictions/full/clean_only/resnet/seed_43/bandpass_n20003_cV3_independent_rms_s15.npz,76435,8fb944e06fbbe9c89accb9b0f7b9ff04a5ebac161cbd425d872d3ff432eedf30
resnet,clean_only,43,bandpass_n20003_cV3_independent_rms_s10,phase2/results/predictions/full/clean_only/resnet/seed_43/bandpass_n20003_cV3_independent_rms_s10.npz,76285,3349b11f50bb5c2bc7e63e3c948cb017a03f0ca6fe9678ab27ee08ccd8b4dbcf
resnet,clean_only,43,bandpass_n20003_cV3_independent_rms_s5,phase2/results/predictions/full/clean_only/resnet/seed_43/bandpass_n20003_cV3_independent_rms_s5.npz,76068,56c26ecfb4dba314fca2425cbc7904ead9e52b2c7cf384a5df3a32d8417a14be
resnet,clean_only,43,bandpass_n20003_cV3_independent_rms_s0,phase2/results/predictions/full/clean_only/resnet/seed_43/bandpass_n20003_cV3_independent_rms_s0.npz,75689,eb1287e4d6e91372f3deb56024d423d7661f30b59e4b93ba0437c23cef5dec99
resnet,clean_only,43,bandpass_n20003_cV3_electrode_s20,phase2/results/predictions/full/clean_only/resnet/seed_43/bandpass_n20003_cV3_electrode_s20.npz,76388,ec02b4de29a1507bdfadbb3adfece2b247a2bdb13422f898d979ae344c0b5e1c
resnet,clean_only,43,bandpass_n20003_cV3_electrode_s15,phase2/results/predictions/full/clean_only/resnet/seed_43/bandpass_n20003_cV3_electrode_s15.npz,76389,344991353ce11070d81639808585a049bc9884e4744417a419ba1a8357df23df
resnet,clean_only,43,bandpass_n20003_cV3_electrode_s10,phase2/results/predictions/full/clean_only/resnet/seed_43/bandpass_n20003_cV3_electrode_s10.npz,76297,d84db96de1c03f8518241e8addf6962148378600ecf0062810c678620105cd9d
resnet,clean_only,43,bandpass_n20003_cV3_electrode_s5,phase2/results/predictions/full/clean_only/resnet/seed_43/bandpass_n20003_cV3_electrode_s5.npz,76072,08071e11512d7feaed9060909cfe8bb41491cdf6d07daf43abffb0275d637947
resnet,clean_only,43,bandpass_n20003_cV3_electrode_s0,phase2/results/predictions/full/clean_only/resnet/seed_43/bandpass_n20003_cV3_electrode_s0.npz,75706,de7abd999ac619c6724b925369d205a7e6a031c21030ddda8dc850f64f4ca279
resnet,clean_only,43,bandpass_n20003_cV3_covariance_s20,phase2/results/predictions/full/clean_only/resnet/seed_43/bandpass_n20003_cV3_covariance_s20.npz,76418,d07de96e9a7740b7869ca203fca2a14233d5a95e9244c76269350288509f845d
resnet,clean_only,43,bandpass_n20003_cV3_covariance_s15,phase2/results/predictions/full/clean_only/resnet/seed_43/bandpass_n20003_cV3_covariance_s15.npz,76394,5a01c77fbcb4b81e83ffc0b965b4c4e410114e5120981d9660c77deeeec5aa1a
resnet,clean_only,43,bandpass_n20003_cV3_covariance_s10,phase2/results/predictions/full/clean_only/resnet/seed_43/bandpass_n20003_cV3_covariance_s10.npz,76278,f59f7ce76724a0930a5fea7401ec30713c1a6cccf143a1170d7a577d7db0a213
resnet,clean_only,43,bandpass_n20003_cV3_covariance_s5,phase2/results/predictions/full/clean_only/resnet/seed_43/bandpass_n20003_cV3_covariance_s5.npz,76052,f22ee29b9d4c4ff5a1cd9b77ef8c8b99d2fa0075fc90968d327398899ecc2936
resnet,clean_only,43,bandpass_n20003_cV3_covariance_s0,phase2/results/predictions/full/clean_only/resnet/seed_43/bandpass_n20003_cV3_covariance_s0.npz,75668,e79e3fb72ffda4473889abb1e80d16680889b40f4dd236e33e78051b7e0ef1af
resnet,clean_only,43,bandpass_n20003_cV4_independent_rms_s20,phase2/results/predictions/full/clean_only/resnet/seed_43/bandpass_n20003_cV4_independent_rms_s20.npz,76447,7d95a34ac22597b94893fca98238718db52eaeddd4656e5cdcbab615fc0ca9df
resnet,clean_only,43,bandpass_n20003_cV4_independent_rms_s15,phase2/results/predictions/full/clean_only/resnet/seed_43/bandpass_n20003_cV4_independent_rms_s15.npz,76365,7540b6e2f02e99200d029cf325c9d5ce26cfc20a7fab9facf359e9903695ce42
resnet,clean_only,43,bandpass_n20003_cV4_independent_rms_s10,phase2/results/predictions/full/clean_only/resnet/seed_43/bandpass_n20003_cV4_independent_rms_s10.npz,76249,e1a5126e22c7a7b22a60f5b9d54e37b96099e9e194ee3fff0f9506f1ea7c67c9
resnet,clean_only,43,bandpass_n20003_cV4_independent_rms_s5,phase2/results/predictions/full/clean_only/resnet/seed_43/bandpass_n20003_cV4_independent_rms_s5.npz,76075,c73e9a082be4e591325a486068fcfb8235c9447040847cc2931d4ac998ff9668
resnet,clean_only,43,bandpass_n20003_cV4_independent_rms_s0,phase2/results/predictions/full/clean_only/resnet/seed_43/bandpass_n20003_cV4_independent_rms_s0.npz,75779,fe565b368e72fe78c60473ffd1e0b70a8348b900853dde6c65b4c3b1ec73490e
resnet,clean_only,43,bandpass_n20003_cV4_electrode_s20,phase2/results/predictions/full/clean_only/resnet/seed_43/bandpass_n20003_cV4_electrode_s20.npz,76431,0b6a435517393b61f4a72784a674b1345245bd877fc4f360d7253e7bffc43df1
resnet,clean_only,43,bandpass_n20003_cV4_electrode_s15,phase2/results/predictions/full/clean_only/resnet/seed_43/bandpass_n20003_cV4_electrode_s15.npz,76419,a8a563a154b42329e0d5fa8b71dfc0347eccc708a705e50aa4144f8dfded2110
resnet,clean_only,43,bandpass_n20003_cV4_electrode_s10,phase2/results/predictions/full/clean_only/resnet/seed_43/bandpass_n20003_cV4_electrode_s10.npz,76296,9c932b6c5cce573139cd7106fb9eeb7d7f9123a0c588b28f8095506e3fc28e09
resnet,clean_only,43,bandpass_n20003_cV4_electrode_s5,phase2/results/predictions/full/clean_only/resnet/seed_43/bandpass_n20003_cV4_electrode_s5.npz,76042,cb01a25f944db19f1ee2cfe26ef2a26959aab0a38f2b5c569693fa31ac899886
resnet,clean_only,43,bandpass_n20003_cV4_electrode_s0,phase2/results/predictions/full/clean_only/resnet/seed_43/bandpass_n20003_cV4_electrode_s0.npz,75765,9db07d6807ec7bae822fef63f4479ea51f3f896c9175ee89355c6a747be0e136
resnet,clean_only,43,bandpass_n20003_cV4_covariance_s20,phase2/results/predictions/full/clean_only/resnet/seed_43/bandpass_n20003_cV4_covariance_s20.npz,76430,ef9f37beafbefa6a3ce6bcdc1c86ab47b8b3e769974c8bbd742b83956ef701b1
resnet,clean_only,43,bandpass_n20003_cV4_covariance_s15,phase2/results/predictions/full/clean_only/resnet/seed_43/bandpass_n20003_cV4_covariance_s15.npz,76419,3931ba610b8ecb8b8ee21016781ac2078a5fa2d26f79b7ddac416723639ed65e
resnet,clean_only,43,bandpass_n20003_cV4_covariance_s10,phase2/results/predictions/full/clean_only/resnet/seed_43/bandpass_n20003_cV4_covariance_s10.npz,76278,05a5e758d25ee24cacd2dfa68cc86b401a13c7a0acee9c0096151abbcec3986b
resnet,clean_only,43,bandpass_n20003_cV4_covariance_s5,phase2/results/predictions/full/clean_only/resnet/seed_43/bandpass_n20003_cV4_covariance_s5.npz,76060,1f3ccf48fa738e3c551651d9b40e85997f1f492f9c62e0b7d31c116d0c033360
resnet,clean_only,43,bandpass_n20003_cV4_covariance_s0,phase2/results/predictions/full/clean_only/resnet/seed_43/bandpass_n20003_cV4_covariance_s0.npz,75783,7efd8cbf4ee6dbc98c10f2cbee676ae6b29414ceacd6e9663bf52b7083d1f99b
resnet,clean_only,43,bandpass_n20003_cV5_independent_rms_s20,phase2/results/predictions/full/clean_only/resnet/seed_43/bandpass_n20003_cV5_independent_rms_s20.npz,76412,e62150477c823d9ec4772b18d4dd5234dbf4dc139be961d48b545b890a1610da
resnet,clean_only,43,bandpass_n20003_cV5_independent_rms_s15,phase2/results/predictions/full/clean_only/resnet/seed_43/bandpass_n20003_cV5_independent_rms_s15.npz,76345,dfc640ff800759731eec684e0f4d346d930f03fc3aa221c266c846673d8dc592
resnet,clean_only,43,bandpass_n20003_cV5_independent_rms_s10,phase2/results/predictions/full/clean_only/resnet/seed_43/bandpass_n20003_cV5_independent_rms_s10.npz,76252,df9a125b0fc73758f0c5cd38659655ae0c12e56f1850aeb6c0d48621593a7ba2
resnet,clean_only,43,bandpass_n20003_cV5_independent_rms_s5,phase2/results/predictions/full/clean_only/resnet/seed_43/bandpass_n20003_cV5_independent_rms_s5.npz,76019,72bafc6c089e1f4036baa037fa63edda628be952235dda1d83cbc40d5cbd9c67
resnet,clean_only,43,bandpass_n20003_cV5_independent_rms_s0,phase2/results/predictions/full/clean_only/resnet/seed_43/bandpass_n20003_cV5_independent_rms_s0.npz,75619,6e84a048e5f01f927a4471d6e0009f656043897fdf244a01e30c74fb5921442e
resnet,clean_only,43,bandpass_n20003_cV5_electrode_s20,phase2/results/predictions/full/clean_only/resnet/seed_43/bandpass_n20003_cV5_electrode_s20.npz,76407,0c248f47cf20b52207c7123e8b29effd6ea1156b5b2eb8f6fe25b0ec2dfab562
resnet,clean_only,43,bandpass_n20003_cV5_electrode_s15,phase2/results/predictions/full/clean_only/resnet/seed_43/bandpass_n20003_cV5_electrode_s15.npz,76361,1b295fd8750cc25b19ad5b756dcb3ecdd236e1837766811151923658f39c31ed
resnet,clean_only,43,bandpass_n20003_cV5_electrode_s10,phase2/results/predictions/full/clean_only/resnet/seed_43/bandpass_n20003_cV5_electrode_s10.npz,76230,ae337668f523a41fcb130a06ca995ce2a7edb1e4dec45efef15a725087827cf0
resnet,clean_only,43,bandpass_n20003_cV5_electrode_s5,phase2/results/predictions/full/clean_only/resnet/seed_43/bandpass_n20003_cV5_electrode_s5.npz,75992,cdee33859aff353f79ca571535264ca3cb5f602ca15e70c8d836b31cc9e559e8
resnet,clean_only,43,bandpass_n20003_cV5_electrode_s0,phase2/results/predictions/full/clean_only/resnet/seed_43/bandpass_n20003_cV5_electrode_s0.npz,75582,308b941bfb5ee0272566cb7591827b8cfe94819b8dc2321da00774d50bce445e
resnet,clean_only,43,bandpass_n20003_cV5_covariance_s20,phase2/results/predictions/full/clean_only/resnet/seed_43/bandpass_n20003_cV5_covariance_s20.npz,76420,738b4470a96ebe43ab55a1e68e2098eb2eb80a2aab5702d7a2c86ab6b2d6ce08
resnet,clean_only,43,bandpass_n20003_cV5_covariance_s15,phase2/results/predictions/full/clean_only/resnet/seed_43/bandpass_n20003_cV5_covariance_s15.npz,76380,d8885093e0a3cbeee4d84cb481cd0ed7b9161888c8567fde983dec7cf35463b0
resnet,clean_only,43,bandpass_n20003_cV5_covariance_s10,phase2/results/predictions/full/clean_only/resnet/seed_43/bandpass_n20003_cV5_covariance_s10.npz,76250,b8eaf15e095be066f9305b9fd0f16acf1497d3e22eb9aa4eb15ce1f0f5caff31
resnet,clean_only,43,bandpass_n20003_cV5_covariance_s5,phase2/results/predictions/full/clean_only/resnet/seed_43/bandpass_n20003_cV5_covariance_s5.npz,75999,8577e74ad189b046454051e4ba969ed3950067656f0de9edf866fb0990b18134
resnet,clean_only,43,bandpass_n20003_cV5_covariance_s0,phase2/results/predictions/full/clean_only/resnet/seed_43/bandpass_n20003_cV5_covariance_s0.npz,75654,73a32978aef2cff98236c80b1d651f0dee8c1caf74f804441e453b02f105b19c
resnet,clean_only,43,bandpass_n20003_cV6_independent_rms_s20,phase2/results/predictions/full/clean_only/resnet/seed_43/bandpass_n20003_cV6_independent_rms_s20.npz,76453,16f6b7e7555bd65ce17cf0074fb5e07cdd054839c20f211b9eebf29e3449c9ba
resnet,clean_only,43,bandpass_n20003_cV6_independent_rms_s15,phase2/results/predictions/full/clean_only/resnet/seed_43/bandpass_n20003_cV6_independent_rms_s15.npz,76385,44d91b0415b7036350ec38f0f2b931c93091ff6dec5aa8ba565ae101087a93f5
resnet,clean_only,43,bandpass_n20003_cV6_independent_rms_s10,phase2/results/predictions/full/clean_only/resnet/seed_43/bandpass_n20003_cV6_independent_rms_s10.npz,76345,9aebd8f7c870a323e276030009c6d8aefaf99559dc44ae8e13d5a7d6645a533e
resnet,clean_only,43,bandpass_n20003_cV6_independent_rms_s5,phase2/results/predictions/full/clean_only/resnet/seed_43/bandpass_n20003_cV6_independent_rms_s5.npz,76110,2916d5c32f9da4612ad0d5210d535bbe54581dbdf25ef1f4cf23089cc33f6151
resnet,clean_only,43,bandpass_n20003_cV6_independent_rms_s0,phase2/results/predictions/full/clean_only/resnet/seed_43/bandpass_n20003_cV6_independent_rms_s0.npz,75807,3bacf77021f8a09a4afa820cc87bc08302d0ee5a514dda5980f9b2080556de0a
resnet,clean_only,43,bandpass_n20003_cV6_electrode_s20,phase2/results/predictions/full/clean_only/resnet/seed_43/bandpass_n20003_cV6_electrode_s20.npz,76419,19441b85cff1565902a19a056fa20d5f7c71b2a1420e3f6d974ea0df8b416a2f
resnet,clean_only,43,bandpass_n20003_cV6_electrode_s15,phase2/results/predictions/full/clean_only/resnet/seed_43/bandpass_n20003_cV6_electrode_s15.npz,76393,6bcb8174a270f1f75994292c4684b38e8e455ae0321e59730c0dd9f2f6cd4ab1
resnet,clean_only,43,bandpass_n20003_cV6_electrode_s10,phase2/results/predictions/full/clean_only/resnet/seed_43/bandpass_n20003_cV6_electrode_s10.npz,76321,b7eba44d431b11d8ca85ec63e6a8dc93b2d82d6ea080f7c09882ec27b04ea9bc
resnet,clean_only,43,bandpass_n20003_cV6_electrode_s5,phase2/results/predictions/full/clean_only/resnet/seed_43/bandpass_n20003_cV6_electrode_s5.npz,76117,dc21d6f7ea74f1dc7535a00516f3f37a0eb9800c85c07a4388114c6fdb1f7135
resnet,clean_only,43,bandpass_n20003_cV6_electrode_s0,phase2/results/predictions/full/clean_only/resnet/seed_43/bandpass_n20003_cV6_electrode_s0.npz,75785,8ff94e2057952737dd6a7eb96dd9a80274c746d66e1e824d3c80c75ff8d113d6
resnet,clean_only,43,bandpass_n20003_cV6_covariance_s20,phase2/results/predictions/full/clean_only/resnet/seed_43/bandpass_n20003_cV6_covariance_s20.npz,76437,2b5009a7fda181d9e06247b0a454a4df1be8ca708b13b18cf5c8a8d97ed7062c
resnet,clean_only,43,bandpass_n20003_cV6_covariance_s15,phase2/results/predictions/full/clean_only/resnet/seed_43/bandpass_n20003_cV6_covariance_s15.npz,76397,4b946db3f903a71f1d4b7fbe9f17569ecb317a3aad0dc080977031b4b56d717f
resnet,clean_only,43,bandpass_n20003_cV6_covariance_s10,phase2/results/predictions/full/clean_only/resnet/seed_43/bandpass_n20003_cV6_covariance_s10.npz,76325,2bc77c222c521c4800e8f57a810f5ffd98b81f3067e225d2b6ba1eba9d9b0a0f
resnet,clean_only,43,bandpass_n20003_cV6_covariance_s5,phase2/results/predictions/full/clean_only/resnet/seed_43/bandpass_n20003_cV6_covariance_s5.npz,76117,73bc9b1863e877b16f3dcf1f2452d0f0b86708aab852d8cff86c63a444855813
resnet,clean_only,43,bandpass_n20003_cV6_covariance_s0,phase2/results/predictions/full/clean_only/resnet/seed_43/bandpass_n20003_cV6_covariance_s0.npz,75805,1e1b753c0405a48913e52a3f226869086b364a5bb618c84ee6696b5f62ca4c00
resnet,clean_only,43,bandpass_n20003_cRA_LA_independent_rms_s20,phase2/results/predictions/full/clean_only/resnet/seed_43/bandpass_n20003_cRA_LA_independent_rms_s20.npz,76437,82df1573bb3ae03d2ae303b848c4a2ebd5ef008d5f1ff5d2d8ffcafb36af2bed
resnet,clean_only,43,bandpass_n20003_cRA_LA_independent_rms_s15,phase2/results/predictions/full/clean_only/resnet/seed_43/bandpass_n20003_cRA_LA_independent_rms_s15.npz,76384,edecb80fd9cc3d0df247fb2ea5c34ea74ec50411d60adc7efecd998dd1363bbd
resnet,clean_only,43,bandpass_n20003_cRA_LA_independent_rms_s10,phase2/results/predictions/full/clean_only/resnet/seed_43/bandpass_n20003_cRA_LA_independent_rms_s10.npz,76270,57080dfda2d4486e2af4ea2b4b49de6930545a9501c72dfcb4a452018d933370
resnet,clean_only,43,bandpass_n20003_cRA_LA_independent_rms_s5,phase2/results/predictions/full/clean_only/resnet/seed_43/bandpass_n20003_cRA_LA_independent_rms_s5.npz,76012,97f7371fb3091b2461691774dd01d0a3c69451b310a48732b0368bac86bd04b4
resnet,clean_only,43,bandpass_n20003_cRA_LA_independent_rms_s0,phase2/results/predictions/full/clean_only/resnet/seed_43/bandpass_n20003_cRA_LA_independent_rms_s0.npz,75599,aa5ac99d8d55b5a965f5555dfcd33c2b2257c349aa9c7e7e76d77d8d2195307c
resnet,clean_only,43,bandpass_n20003_cRA_LA_electrode_s20,phase2/results/predictions/full/clean_only/resnet/seed_43/bandpass_n20003_cRA_LA_electrode_s20.npz,76446,59cb08929b9771a31b273227b34b89b3f5e18149cc15dfc36442cde12b5dff6e
resnet,clean_only,43,bandpass_n20003_cRA_LA_electrode_s15,phase2/results/predictions/full/clean_only/resnet/seed_43/bandpass_n20003_cRA_LA_electrode_s15.npz,76373,233413dda7f2a856238ee7edbcc3d62556006a8c50334f287a7b2043661d72bc
resnet,clean_only,43,bandpass_n20003_cRA_LA_electrode_s10,phase2/results/predictions/full/clean_only/resnet/seed_43/bandpass_n20003_cRA_LA_electrode_s10.npz,76241,22520512177a5f8f605d66857b13de5ea064c911c70ef862211c08d7c989e63d
resnet,clean_only,43,bandpass_n20003_cRA_LA_electrode_s5,phase2/results/predictions/full/clean_only/resnet/seed_43/bandpass_n20003_cRA_LA_electrode_s5.npz,75942,888dc7dc5d0c215603052547a4a212b223ac7b7cf0a680e1a02cee398429b410
resnet,clean_only,43,bandpass_n20003_cRA_LA_electrode_s0,phase2/results/predictions/full/clean_only/resnet/seed_43/bandpass_n20003_cRA_LA_electrode_s0.npz,75494,3fee47e3d3cca38b4375e964ec0e7fe12e97844ff6775c662e03247eb337cfff
resnet,clean_only,43,bandpass_n20003_cRA_LA_covariance_s20,phase2/results/predictions/full/clean_only/resnet/seed_43/bandpass_n20003_cRA_LA_covariance_s20.npz,76408,483b11707a675ef8aaa0f1bf72cdf734b1412eef6f3dc4c8c356775b8f4542af
resnet,clean_only,43,bandpass_n20003_cRA_LA_covariance_s15,phase2/results/predictions/full/clean_only/resnet/seed_43/bandpass_n20003_cRA_LA_covariance_s15.npz,76393,233303673d32cf7e7e88d979eb56086665d68d80b3182bfa58eb664911184879
resnet,clean_only,43,bandpass_n20003_cRA_LA_covariance_s10,phase2/results/predictions/full/clean_only/resnet/seed_43/bandpass_n20003_cRA_LA_covariance_s10.npz,76231,5f45ad45b1162407942344342ce0ea1df138c29277b63fb209a7a88647c40c05
resnet,clean_only,43,bandpass_n20003_cRA_LA_covariance_s5,phase2/results/predictions/full/clean_only/resnet/seed_43/bandpass_n20003_cRA_LA_covariance_s5.npz,75972,d1220eafc2ce003bfd099b05234a72892348d647f27040c3521d07f8ae2591ef
resnet,clean_only,43,bandpass_n20003_cRA_LA_covariance_s0,phase2/results/predictions/full/clean_only/resnet/seed_43/bandpass_n20003_cRA_LA_covariance_s0.npz,75497,f574a5bb68aaf877e34c327ab103304b66913e74cae1bea1942a929cdf6840c8
resnet,clean_only,43,bandpass_n20003_cLA_LL_independent_rms_s20,phase2/results/predictions/full/clean_only/resnet/seed_43/bandpass_n20003_cLA_LL_independent_rms_s20.npz,76450,ce8e6e2678a1152c159ebdbbb54e647bac872f3e2bf1629509ded997a37f201b
resnet,clean_only,43,bandpass_n20003_cLA_LL_independent_rms_s15,phase2/results/predictions/full/clean_only/resnet/seed_43/bandpass_n20003_cLA_LL_independent_rms_s15.npz,76367,6b7ba4ce11ac72404169a754d0198c0cf506e08d2f6b8a0181b552cb5b000560
resnet,clean_only,43,bandpass_n20003_cLA_LL_independent_rms_s10,phase2/results/predictions/full/clean_only/resnet/seed_43/bandpass_n20003_cLA_LL_independent_rms_s10.npz,76259,1949dd6c0021993fa78ac07e9951036bfb2d61a81118b50efb3232e3632ab552
resnet,clean_only,43,bandpass_n20003_cLA_LL_independent_rms_s5,phase2/results/predictions/full/clean_only/resnet/seed_43/bandpass_n20003_cLA_LL_independent_rms_s5.npz,76032,4fcab1cbbb638bc7b9ad94aa0891b2cc62e2f2076469b458624f02029434f5cd
resnet,clean_only,43,bandpass_n20003_cLA_LL_independent_rms_s0,phase2/results/predictions/full/clean_only/resnet/seed_43/bandpass_n20003_cLA_LL_independent_rms_s0.npz,75634,038d17525d28f1a916c5dc16c698dee01556a65eb949757f21529f2d0c7e6f2d
resnet,clean_only,43,bandpass_n20003_cLA_LL_electrode_s20,phase2/results/predictions/full/clean_only/resnet/seed_43/bandpass_n20003_cLA_LL_electrode_s20.npz,76403,2916caa3a8cd32d73cf3672d3a4be9157b73249e3bd98f681074e6125e550976
resnet,clean_only,43,bandpass_n20003_cLA_LL_electrode_s15,phase2/results/predictions/full/clean_only/resnet/seed_43/bandpass_n20003_cLA_LL_electrode_s15.npz,76346,9c580b8bd6c76afa7391c579b73b762c448c3c10e4a57bdc91085c5581785968
resnet,clean_only,43,bandpass_n20003_cLA_LL_electrode_s10,phase2/results/predictions/full/clean_only/resnet/seed_43/bandpass_n20003_cLA_LL_electrode_s10.npz,76150,57767d7799ea35f597c55ed9419f2529c0fa6121c40a0a0aaccead49ededdb00
resnet,clean_only,43,bandpass_n20003_cLA_LL_electrode_s5,phase2/results/predictions/full/clean_only/resnet/seed_43/bandpass_n20003_cLA_LL_electrode_s5.npz,75897,657aef2e1292042f1c02d6e70501735069beeab590299d5708fcb768cdb0dc4b
resnet,clean_only,43,bandpass_n20003_cLA_LL_electrode_s0,phase2/results/predictions/full/clean_only/resnet/seed_43/bandpass_n20003_cLA_LL_electrode_s0.npz,75738,1b984f7fca6656edb2c0d480298339ccb0e6b784b72bacf387d3ed9a919e4df5
resnet,clean_only,43,bandpass_n20003_cLA_LL_covariance_s20,phase2/results/predictions/full/clean_only/resnet/seed_43/bandpass_n20003_cLA_LL_covariance_s20.npz,76433,15d7e814c30f4406a0f529aecca3fd0e31912c045be3ffa96fcb4f7bb9aeea42
resnet,clean_only,43,bandpass_n20003_cLA_LL_covariance_s15,phase2/results/predictions/full/clean_only/resnet/seed_43/bandpass_n20003_cLA_LL_covariance_s15.npz,76356,9af37456d744930a7e9e7fc0394e5be51992e0df177f646409111f4fe4130000
resnet,clean_only,43,bandpass_n20003_cLA_LL_covariance_s10,phase2/results/predictions/full/clean_only/resnet/seed_43/bandpass_n20003_cLA_LL_covariance_s10.npz,76219,8f435dcf7b2cc69e551e8c062a5c7fd97803724cb9c29648f43b8d1f457dfd01
resnet,clean_only,43,bandpass_n20003_cLA_LL_covariance_s5,phase2/results/predictions/full/clean_only/resnet/seed_43/bandpass_n20003_cLA_LL_covariance_s5.npz,75896,e5c024781f71a1248a090673723c17be3a102cbe34cb8d4fb97fc537822e5936
resnet,clean_only,43,bandpass_n20003_cLA_LL_covariance_s0,phase2/results/predictions/full/clean_only/resnet/seed_43/bandpass_n20003_cLA_LL_covariance_s0.npz,75731,bf3da56ae66e99bfa430253e1ff327b9c8f0423d89b34348d4083df0705e5440
resnet,clean_only,43,bandpass_n20003_cRA_LL_independent_rms_s20,phase2/results/predictions/full/clean_only/resnet/seed_43/bandpass_n20003_cRA_LL_independent_rms_s20.npz,76448,3c9e2e56077fa8ae3dbafdf9a501dd63e76746e008f8bbdc026eddf3f5dafaf6
resnet,clean_only,43,bandpass_n20003_cRA_LL_independent_rms_s15,phase2/results/predictions/full/clean_only/resnet/seed_43/bandpass_n20003_cRA_LL_independent_rms_s15.npz,76379,7b59a310cded4624e7136fb9698edc3ce818075f5d71b3b70cff697b53b67d21
resnet,clean_only,43,bandpass_n20003_cRA_LL_independent_rms_s10,phase2/results/predictions/full/clean_only/resnet/seed_43/bandpass_n20003_cRA_LL_independent_rms_s10.npz,76276,3a4c3a29345101ca980918e93772a77a10d11ef2fe01913228546e3b716b79a5
resnet,clean_only,43,bandpass_n20003_cRA_LL_independent_rms_s5,phase2/results/predictions/full/clean_only/resnet/seed_43/bandpass_n20003_cRA_LL_independent_rms_s5.npz,76063,632d8ca62c5f8bb218f9ae3ed33b9e1054c8f699f7bd27ea4d98962bbbc5fb0d
resnet,clean_only,43,bandpass_n20003_cRA_LL_independent_rms_s0,phase2/results/predictions/full/clean_only/resnet/seed_43/bandpass_n20003_cRA_LL_independent_rms_s0.npz,75618,f0f13a9ea0f6f370157e499c006316dd1203e22022e40a3fe4690fb7bc9261c2
resnet,clean_only,43,bandpass_n20003_cRA_LL_electrode_s20,phase2/results/predictions/full/clean_only/resnet/seed_43/bandpass_n20003_cRA_LL_electrode_s20.npz,76379,0bd649a8d869344d7fbfb8a1f410089c916532ef402d397b048583563d09e045
resnet,clean_only,43,bandpass_n20003_cRA_LL_electrode_s15,phase2/results/predictions/full/clean_only/resnet/seed_43/bandpass_n20003_cRA_LL_electrode_s15.npz,76328,ba6f8e49be961c84fb1f840fdf31b49a44539f82de59dbaceaa231716ae54ef1
resnet,clean_only,43,bandpass_n20003_cRA_LL_electrode_s10,phase2/results/predictions/full/clean_only/resnet/seed_43/bandpass_n20003_cRA_LL_electrode_s10.npz,76176,b72bc476c9c0fa969850d051258f464a6d7982be89009ba6bfe1c9e324e6d5c5
resnet,clean_only,43,bandpass_n20003_cRA_LL_electrode_s5,phase2/results/predictions/full/clean_only/resnet/seed_43/bandpass_n20003_cRA_LL_electrode_s5.npz,75886,106b939fe80dfc84a8f376384056c19e67012531aa9f3f1dd57c6b13db399193
resnet,clean_only,43,bandpass_n20003_cRA_LL_electrode_s0,phase2/results/predictions/full/clean_only/resnet/seed_43/bandpass_n20003_cRA_LL_electrode_s0.npz,75556,4cf7ec7d45beeccbbe113d58720f3d65a9e9fa73c18476a98a95aeb402e88cae
resnet,clean_only,43,bandpass_n20003_cRA_LL_covariance_s20,phase2/results/predictions/full/clean_only/resnet/seed_43/bandpass_n20003_cRA_LL_covariance_s20.npz,76449,62cd6e8d0ccecf0b4d6cdb54b6ac716514ceddacd88f2ef0c8d371ce903484e5
resnet,clean_only,43,bandpass_n20003_cRA_LL_covariance_s15,phase2/results/predictions/full/clean_only/resnet/seed_43/bandpass_n20003_cRA_LL_covariance_s15.npz,76340,6b408e0dc63e2b8521a36fdff4f63496c8f24f6e4a2e9f64814990b0cd765659
resnet,clean_only,43,bandpass_n20003_cRA_LL_covariance_s10,phase2/results/predictions/full/clean_only/resnet/seed_43/bandpass_n20003_cRA_LL_covariance_s10.npz,76176,41faecdbd2453a36ae6ac0c4949124936b2a8920c54cc01bc87b78e30c582535
resnet,clean_only,43,bandpass_n20003_cRA_LL_covariance_s5,phase2/results/predictions/full/clean_only/resnet/seed_43/bandpass_n20003_cRA_LL_covariance_s5.npz,75921,b51fce6c4944310e68576a951f3b51f9c3a77422d6e7c2182c2582f83011e4e3
resnet,clean_only,43,bandpass_n20003_cRA_LL_covariance_s0,phase2/results/predictions/full/clean_only/resnet/seed_43/bandpass_n20003_cRA_LL_covariance_s0.npz,75572,dca0834952b20fab422cd3f9fd7575056f0edea826da9dfad5b455d8d18751bb
resnet,clean_only,43,bandpass_n20003_cRA_independent_rms_s20,phase2/results/predictions/full/clean_only/resnet/seed_43/bandpass_n20003_cRA_independent_rms_s20.npz,76440,7d0585f876502ca771c9c21fe0413acb7fc847b25cf949aed8ae8c7adf5502ce
resnet,clean_only,43,bandpass_n20003_cRA_independent_rms_s15,phase2/results/predictions/full/clean_only/resnet/seed_43/bandpass_n20003_cRA_independent_rms_s15.npz,76416,83e509fb9dc3880ed638e30ba283ac67f97531f270029900051c8c4c7bbf2f68
resnet,clean_only,43,bandpass_n20003_cRA_independent_rms_s10,phase2/results/predictions/full/clean_only/resnet/seed_43/bandpass_n20003_cRA_independent_rms_s10.npz,76287,d9c8e736be34d1bac4a360dea153ffe3396ca77e7eb9c8672e7fb68146d10336
resnet,clean_only,43,bandpass_n20003_cRA_independent_rms_s5,phase2/results/predictions/full/clean_only/resnet/seed_43/bandpass_n20003_cRA_independent_rms_s5.npz,76057,d6aa7b3fdc3aec41f790cd1e803b3506b595925f84a2998f45575046328cabd4
resnet,clean_only,43,bandpass_n20003_cRA_independent_rms_s0,phase2/results/predictions/full/clean_only/resnet/seed_43/bandpass_n20003_cRA_independent_rms_s0.npz,75623,4da2c8ecda7de8e5353c6aa8612c9d5c7a4d6e30be74c2914fb36cf6afc053d2
resnet,clean_only,43,bandpass_n20003_cRA_electrode_s20,phase2/results/predictions/full/clean_only/resnet/seed_43/bandpass_n20003_cRA_electrode_s20.npz,76423,da11a5504fb957b6e8e653a05b04fe4b0850fc85ca703da70931e2c94670f6bf
resnet,clean_only,43,bandpass_n20003_cRA_electrode_s15,phase2/results/predictions/full/clean_only/resnet/seed_43/bandpass_n20003_cRA_electrode_s15.npz,76369,fb7b22c780f1880fb27a81c4075116512654a418272bcf6157d358058e781450
resnet,clean_only,43,bandpass_n20003_cRA_electrode_s10,phase2/results/predictions/full/clean_only/resnet/seed_43/bandpass_n20003_cRA_electrode_s10.npz,76228,587c4fefdb557c50d19ecc9e6998a04a21a1fff64ceb364a5357d97afd7c667d
resnet,clean_only,43,bandpass_n20003_cRA_electrode_s5,phase2/results/predictions/full/clean_only/resnet/seed_43/bandpass_n20003_cRA_electrode_s5.npz,75963,571a788f64701e1a1a482455b132f211d64070d52176b12db5dc53d4dde9342d
resnet,clean_only,43,bandpass_n20003_cRA_electrode_s0,phase2/results/predictions/full/clean_only/resnet/seed_43/bandpass_n20003_cRA_electrode_s0.npz,75420,80b18e57c9b00e05a1f6845fc2394ce695f8df407f414694b181e28565eb3bd9
resnet,clean_only,43,bandpass_n20003_cRA_covariance_s20,phase2/results/predictions/full/clean_only/resnet/seed_43/bandpass_n20003_cRA_covariance_s20.npz,76404,be85ad3faddb8f8c2801b36c7bafffe76aa06cec48c46e958e3af8dade035b53
resnet,clean_only,43,bandpass_n20003_cRA_covariance_s15,phase2/results/predictions/full/clean_only/resnet/seed_43/bandpass_n20003_cRA_covariance_s15.npz,76337,2f621e6af9dc21abba2c57963f927c348b77da036d4ca2c812c75bac79f61aeb
resnet,clean_only,43,bandpass_n20003_cRA_covariance_s10,phase2/results/predictions/full/clean_only/resnet/seed_43/bandpass_n20003_cRA_covariance_s10.npz,76220,fc55da88590291bb6da15b8fdc56265a80ded48b9b8b91fc41ca05a5950e183e
resnet,clean_only,43,bandpass_n20003_cRA_covariance_s5,phase2/results/predictions/full/clean_only/resnet/seed_43/bandpass_n20003_cRA_covariance_s5.npz,75951,ddbce2cc733afdcd748bd0bcfd62ed678e24f40615b30d4554d5e059304758ba
resnet,clean_only,43,bandpass_n20003_cRA_covariance_s0,phase2/results/predictions/full/clean_only/resnet/seed_43/bandpass_n20003_cRA_covariance_s0.npz,75451,59f42e15ec4ac08f9b9f3a4cd88be4536e2dfda916a0b4709543e52e34b0c262
resnet,clean_only,43,bandpass_n20003_cLA_independent_rms_s20,phase2/results/predictions/full/clean_only/resnet/seed_43/bandpass_n20003_cLA_independent_rms_s20.npz,76451,3419f78e63db9beed796751d4a4f35f0b2b64fdaf4b42ac536b67e1f9bc0f0f1
resnet,clean_only,43,bandpass_n20003_cLA_independent_rms_s15,phase2/results/predictions/full/clean_only/resnet/seed_43/bandpass_n20003_cLA_independent_rms_s15.npz,76427,1221476e9c2f82d8fec37ccace5adb5f716f56989f434c748ef45151bfb22ee2
resnet,clean_only,43,bandpass_n20003_cLA_independent_rms_s10,phase2/results/predictions/full/clean_only/resnet/seed_43/bandpass_n20003_cLA_independent_rms_s10.npz,76276,7669c3a4097a5b6b3560c4d8604f4898aa5a90bc711fca9793fcaa184ce1f1c8
resnet,clean_only,43,bandpass_n20003_cLA_independent_rms_s5,phase2/results/predictions/full/clean_only/resnet/seed_43/bandpass_n20003_cLA_independent_rms_s5.npz,76036,a9febefe9ee2116261ef2a75f334efb8e7a7eeecbce61b61df01fdf9fda0752b
resnet,clean_only,43,bandpass_n20003_cLA_independent_rms_s0,phase2/results/predictions/full/clean_only/resnet/seed_43/bandpass_n20003_cLA_independent_rms_s0.npz,75584,21bf0a724df969c3f70a5694b273768868593ee0b8066d660e0aec84a067c3d9
resnet,clean_only,43,bandpass_n20003_cLA_electrode_s20,phase2/results/predictions/full/clean_only/resnet/seed_43/bandpass_n20003_cLA_electrode_s20.npz,76424,8bdd28c41eb04a74f1408b2c31fbb52893f044d4f911f02ca475678c62e6555d
resnet,clean_only,43,bandpass_n20003_cLA_electrode_s15,phase2/results/predictions/full/clean_only/resnet/seed_43/bandpass_n20003_cLA_electrode_s15.npz,76380,581ddc6eb05990aba55f10a5aa73b0168a7121ebfdc0ba8aeb820cc6db4300ae
resnet,clean_only,43,bandpass_n20003_cLA_electrode_s10,phase2/results/predictions/full/clean_only/resnet/seed_43/bandpass_n20003_cLA_electrode_s10.npz,76242,0594dfa1257194bd6fbefa6f584dae2867543abf33af5ae05d9e66b45a197edd
resnet,clean_only,43,bandpass_n20003_cLA_electrode_s5,phase2/results/predictions/full/clean_only/resnet/seed_43/bandpass_n20003_cLA_electrode_s5.npz,75990,c30092787d38b18ca637bc70338ca2931f5f798665a0c5cfa11cc4fb569e2528
resnet,clean_only,43,bandpass_n20003_cLA_electrode_s0,phase2/results/predictions/full/clean_only/resnet/seed_43/bandpass_n20003_cLA_electrode_s0.npz,75626,eeb9d4c605377a13e98a253f053da9528fcd588a2dcf669bc37f26e13baddf30
resnet,clean_only,43,bandpass_n20003_cLA_covariance_s20,phase2/results/predictions/full/clean_only/resnet/seed_43/bandpass_n20003_cLA_covariance_s20.npz,76421,f3ffde6ce54e8d84fe6d57bd2e5db0d0df6f49c7ecaaf8bb571ce3b3d163c8ad
resnet,clean_only,43,bandpass_n20003_cLA_covariance_s15,phase2/results/predictions/full/clean_only/resnet/seed_43/bandpass_n20003_cLA_covariance_s15.npz,76386,74b13d8e066cb9a2001f66dad157e9598c56afb788699f7cca7d3ee10836ba27
resnet,clean_only,43,bandpass_n20003_cLA_covariance_s10,phase2/results/predictions/full/clean_only/resnet/seed_43/bandpass_n20003_cLA_covariance_s10.npz,76217,b6ddada30276dae8684571141b956131d5982382c9c4122400b8a549d38c6791
resnet,clean_only,43,bandpass_n20003_cLA_covariance_s5,phase2/results/predictions/full/clean_only/resnet/seed_43/bandpass_n20003_cLA_covariance_s5.npz,75967,6bd16d12f9be3d5d03ccaf6508f63e74f984a3c96ca51169ad0e42d930209455
resnet,clean_only,43,bandpass_n20003_cLA_covariance_s0,phase2/results/predictions/full/clean_only/resnet/seed_43/bandpass_n20003_cLA_covariance_s0.npz,75615,5e829230587a0a2a81edee92bf0c85550f73dfc8ac7b53101cfd902b37d96cc8
resnet,clean_only,43,bandpass_n20003_cLL_independent_rms_s20,phase2/results/predictions/full/clean_only/resnet/seed_43/bandpass_n20003_cLL_independent_rms_s20.npz,76434,108abf9912dbac8f5ef7e486636c4a470a268994ca29c16e3b0a2aa4b05b1695
resnet,clean_only,43,bandpass_n20003_cLL_independent_rms_s15,phase2/results/predictions/full/clean_only/resnet/seed_43/bandpass_n20003_cLL_independent_rms_s15.npz,76411,423e98bd96d63b9a73fcdd4ed07fafd7870fd0b5afd4ba223c43ac92e446cc82
resnet,clean_only,43,bandpass_n20003_cLL_independent_rms_s10,phase2/results/predictions/full/clean_only/resnet/seed_43/bandpass_n20003_cLL_independent_rms_s10.npz,76227,78bd1bfd3835279065d02e7dc2ca320d36e08305735b0b03f88dbb3f76489cac
resnet,clean_only,43,bandpass_n20003_cLL_independent_rms_s5,phase2/results/predictions/full/clean_only/resnet/seed_43/bandpass_n20003_cLL_independent_rms_s5.npz,76017,00e60c4478dd5ddbb928374f0bd786f2ec1a877fede61914ace6a0cd1cd3b748
resnet,clean_only,43,bandpass_n20003_cLL_independent_rms_s0,phase2/results/predictions/full/clean_only/resnet/seed_43/bandpass_n20003_cLL_independent_rms_s0.npz,75581,f96d13f7b418ba157f3688e8955bbaaaff8711679b5a74516c53457d8ff514ce
resnet,clean_only,43,bandpass_n20003_cLL_electrode_s20,phase2/results/predictions/full/clean_only/resnet/seed_43/bandpass_n20003_cLL_electrode_s20.npz,76379,de6dc8dd78abf619d5aa432f44ad1cdbf08149ffbecb71dafc275e1b632f7a66
resnet,clean_only,43,bandpass_n20003_cLL_electrode_s15,phase2/results/predictions/full/clean_only/resnet/seed_43/bandpass_n20003_cLL_electrode_s15.npz,76342,104fead070de2f1e96ce304bcecf0313476e05be7631909e98ffbe470fb1356e
resnet,clean_only,43,bandpass_n20003_cLL_electrode_s10,phase2/results/predictions/full/clean_only/resnet/seed_43/bandpass_n20003_cLL_electrode_s10.npz,76146,337275afea86d2bf76618f9e563910f4c77f573323738fabb156de4094c138d5
resnet,clean_only,43,bandpass_n20003_cLL_electrode_s5,phase2/results/predictions/full/clean_only/resnet/seed_43/bandpass_n20003_cLL_electrode_s5.npz,75908,f058e59314d72e1d69bee7d02950a37d22b5c62cf920ff9ba6045fe8b8e0ecaa
resnet,clean_only,43,bandpass_n20003_cLL_electrode_s0,phase2/results/predictions/full/clean_only/resnet/seed_43/bandpass_n20003_cLL_electrode_s0.npz,75850,402008ccd2c11c11ac7a00e09bd6456d33e5e98517d73f1ef0fb5ea3fc9a82da
resnet,clean_only,43,bandpass_n20003_cLL_covariance_s20,phase2/results/predictions/full/clean_only/resnet/seed_43/bandpass_n20003_cLL_covariance_s20.npz,76395,d8cbf6cffbe22bfa5d36defa16b4ce08026bbbe6a0878cc580348ce315a5b2e3
resnet,clean_only,43,bandpass_n20003_cLL_covariance_s15,phase2/results/predictions/full/clean_only/resnet/seed_43/bandpass_n20003_cLL_covariance_s15.npz,76312,f1f604af2cf7a5d60af9dc519ec2cfb13e53c91279c36829828b299bafc6853c
resnet,clean_only,43,bandpass_n20003_cLL_covariance_s10,phase2/results/predictions/full/clean_only/resnet/seed_43/bandpass_n20003_cLL_covariance_s10.npz,76164,8c1c5e0b5063f89c2fdc25a8bdf3a4ceedf98ac64cdf56a3eb573ad8f9beeaf2
resnet,clean_only,43,bandpass_n20003_cLL_covariance_s5,phase2/results/predictions/full/clean_only/resnet/seed_43/bandpass_n20003_cLL_covariance_s5.npz,75909,8bf1baf58f9fc898e26de3c082728cf425951134969342c8d6044129d5a59680
resnet,clean_only,43,bandpass_n20003_cLL_covariance_s0,phase2/results/predictions/full/clean_only/resnet/seed_43/bandpass_n20003_cLL_covariance_s0.npz,75830,31bb62caebe9aa55b8b610fa21d7a00e73c02547005dc51343a176172fa44475
resnet,clean_only,43,bandpass_n20003_cRA_V1_independent_rms_s20,phase2/results/predictions/full/clean_only/resnet/seed_43/bandpass_n20003_cRA_V1_independent_rms_s20.npz,76459,081355e53ebe440f61c6516a383fac708590eebb250113ed27be16148a3bf16a
resnet,clean_only,43,bandpass_n20003_cRA_V1_independent_rms_s15,phase2/results/predictions/full/clean_only/resnet/seed_43/bandpass_n20003_cRA_V1_independent_rms_s15.npz,76410,3bffb891e98b14d59721985c6f30376a74469613d58b3943eb5b03929ab316e5
resnet,clean_only,43,bandpass_n20003_cRA_V1_independent_rms_s10,phase2/results/predictions/full/clean_only/resnet/seed_43/bandpass_n20003_cRA_V1_independent_rms_s10.npz,76301,e633092c50df751fa64adcf9b575c87fb0da64c7b05f429293b5bd53aa57a47f
resnet,clean_only,43,bandpass_n20003_cRA_V1_independent_rms_s5,phase2/results/predictions/full/clean_only/resnet/seed_43/bandpass_n20003_cRA_V1_independent_rms_s5.npz,76035,bf8fc2069831e9db9da34c4eb61356ff4de2f8af926fdcc1c693397fc697588c
resnet,clean_only,43,bandpass_n20003_cRA_V1_independent_rms_s0,phase2/results/predictions/full/clean_only/resnet/seed_43/bandpass_n20003_cRA_V1_independent_rms_s0.npz,75631,38f84f71cdbd8997376b0cb3d4fdde9cef041d9849ced8f49e2e3416e6bc8ea3
resnet,clean_only,43,bandpass_n20003_cRA_V1_electrode_s20,phase2/results/predictions/full/clean_only/resnet/seed_43/bandpass_n20003_cRA_V1_electrode_s20.npz,76385,1a65c065b00f44b265678af892883bbac7b0f0fce65b83c21b1f14b2e9118dbb
resnet,clean_only,43,bandpass_n20003_cRA_V1_electrode_s15,phase2/results/predictions/full/clean_only/resnet/seed_43/bandpass_n20003_cRA_V1_electrode_s15.npz,76373,728a3717a9d1091bf1a80e307dcf7c55738fc6a82b8ed8fea7fc57cc57788ab4
resnet,clean_only,43,bandpass_n20003_cRA_V1_electrode_s10,phase2/results/predictions/full/clean_only/resnet/seed_43/bandpass_n20003_cRA_V1_electrode_s10.npz,76240,3113021c84a1a267dd6d3a3727981d38353e0706cee5851e4173643ce659fcae
resnet,clean_only,43,bandpass_n20003_cRA_V1_electrode_s5,phase2/results/predictions/full/clean_only/resnet/seed_43/bandpass_n20003_cRA_V1_electrode_s5.npz,75957,5625b545876086ac75b03bb11b61a277ab456c4f2d0011e09ef159f098c538a7
resnet,clean_only,43,bandpass_n20003_cRA_V1_electrode_s0,phase2/results/predictions/full/clean_only/resnet/seed_43/bandpass_n20003_cRA_V1_electrode_s0.npz,75439,6826db5338e942684ee9e0f2cd668a108596da93f7bd0d4ebe0a610388ef6114
resnet,clean_only,43,bandpass_n20003_cRA_V1_covariance_s20,phase2/results/predictions/full/clean_only/resnet/seed_43/bandpass_n20003_cRA_V1_covariance_s20.npz,76432,4d3357e393cf9d0d34e94dff0fa7762a8b5ce4e2048434fb3d50f7e85c0f34e7
resnet,clean_only,43,bandpass_n20003_cRA_V1_covariance_s15,phase2/results/predictions/full/clean_only/resnet/seed_43/bandpass_n20003_cRA_V1_covariance_s15.npz,76400,a47ce1f639437489556c3f51d6bd18ad05a4ebe28fd55ff1504d99f28c79ae60
resnet,clean_only,43,bandpass_n20003_cRA_V1_covariance_s10,phase2/results/predictions/full/clean_only/resnet/seed_43/bandpass_n20003_cRA_V1_covariance_s10.npz,76230,dac4111732bdf853c1b197290db6b40a865e9ae4afb9864c057e2b26103a65b2
resnet,clean_only,43,bandpass_n20003_cRA_V1_covariance_s5,phase2/results/predictions/full/clean_only/resnet/seed_43/bandpass_n20003_cRA_V1_covariance_s5.npz,75947,1c0c98f59d436a3fac4ff207eb0a7a50812e7a7b8ae169d44b4109efe2e4d749
resnet,clean_only,43,bandpass_n20003_cRA_V1_covariance_s0,phase2/results/predictions/full/clean_only/resnet/seed_43/bandpass_n20003_cRA_V1_covariance_s0.npz,75460,06a03c0dcea19fd82b8a56d8cfa03f4c32339d803b96ca9830446435146980f1
resnet,clean_only,43,bandpass_n20003_cLA_V6_independent_rms_s20,phase2/results/predictions/full/clean_only/resnet/seed_43/bandpass_n20003_cLA_V6_independent_rms_s20.npz,76457,54d0dc462d7220d7844f13fd3af4e4d5b2bf6b74c5505a67a132a99e8b07a71d
resnet,clean_only,43,bandpass_n20003_cLA_V6_independent_rms_s15,phase2/results/predictions/full/clean_only/resnet/seed_43/bandpass_n20003_cLA_V6_independent_rms_s15.npz,76423,a69bc58b7c86abbdba9f77c72a29ea57de04b3cd5a9959bce50222f632f8fbc2
resnet,clean_only,43,bandpass_n20003_cLA_V6_independent_rms_s10,phase2/results/predictions/full/clean_only/resnet/seed_43/bandpass_n20003_cLA_V6_independent_rms_s10.npz,76324,d35bca3c9a23d8bb8907b7c4e2467677b13c2e108f01ef4a9350dff7e36ba06e
resnet,clean_only,43,bandpass_n20003_cLA_V6_independent_rms_s5,phase2/results/predictions/full/clean_only/resnet/seed_43/bandpass_n20003_cLA_V6_independent_rms_s5.npz,76066,6fee6b6b55406d7d68b9db829444857b72577cd5f5ff8dca85cf74e1bff1068e
resnet,clean_only,43,bandpass_n20003_cLA_V6_independent_rms_s0,phase2/results/predictions/full/clean_only/resnet/seed_43/bandpass_n20003_cLA_V6_independent_rms_s0.npz,75643,969c15b645025e19720df3b4f4dd7080093f2db9e5003fa08095490acb3c4a3f
resnet,clean_only,43,bandpass_n20003_cLA_V6_electrode_s20,phase2/results/predictions/full/clean_only/resnet/seed_43/bandpass_n20003_cLA_V6_electrode_s20.npz,76425,6ac97bcb83fb5d47af271fa6def54629aba62336facf51e4e23a13ea58d97f60
resnet,clean_only,43,bandpass_n20003_cLA_V6_electrode_s15,phase2/results/predictions/full/clean_only/resnet/seed_43/bandpass_n20003_cLA_V6_electrode_s15.npz,76383,6ab93e76ef5cd8b707995e72e71291747c6492d2d9447948b48a4dc54bf1e137
resnet,clean_only,43,bandpass_n20003_cLA_V6_electrode_s10,phase2/results/predictions/full/clean_only/resnet/seed_43/bandpass_n20003_cLA_V6_electrode_s10.npz,76247,4ae43c3b0ed864cd262575452f2ec88b56a408de017c84564383a5f1a586c69e
resnet,clean_only,43,bandpass_n20003_cLA_V6_electrode_s5,phase2/results/predictions/full/clean_only/resnet/seed_43/bandpass_n20003_cLA_V6_electrode_s5.npz,76014,1f9efc683f3bf72309a4352c45704b70914450c12eddd41331258267ae190c86
resnet,clean_only,43,bandpass_n20003_cLA_V6_electrode_s0,phase2/results/predictions/full/clean_only/resnet/seed_43/bandpass_n20003_cLA_V6_electrode_s0.npz,75634,5648993ec1a1c9aa09fe03c69bb1cac0b2bffac9e3340a6d9cfd33117eb1d705
resnet,clean_only,43,bandpass_n20003_cLA_V6_covariance_s20,phase2/results/predictions/full/clean_only/resnet/seed_43/bandpass_n20003_cLA_V6_covariance_s20.npz,76463,aa029c7481c0a456205c090fe21504a16d713e73493a8253bfa3fdc1f2092b0c
resnet,clean_only,43,bandpass_n20003_cLA_V6_covariance_s15,phase2/results/predictions/full/clean_only/resnet/seed_43/bandpass_n20003_cLA_V6_covariance_s15.npz,76389,dc022bff6e7ccc6e02a6954687d97c6bc2e2a7a9dd093b9ddc9933861abb4b17
resnet,clean_only,43,bandpass_n20003_cLA_V6_covariance_s10,phase2/results/predictions/full/clean_only/resnet/seed_43/bandpass_n20003_cLA_V6_covariance_s10.npz,76274,13dca8c45369cb79b683ba653cad4907f7bde984b94cd79bc024897284ea2b5d
resnet,clean_only,43,bandpass_n20003_cLA_V6_covariance_s5,phase2/results/predictions/full/clean_only/resnet/seed_43/bandpass_n20003_cLA_V6_covariance_s5.npz,76032,05ebca7c538d8d9811128bebc6e5cb70d1df30e782b9a52892ada73469f386e3
resnet,clean_only,43,bandpass_n20003_cLA_V6_covariance_s0,phase2/results/predictions/full/clean_only/resnet/seed_43/bandpass_n20003_cLA_V6_covariance_s0.npz,75544,8c9fe5bda70d1571fe5155d4e088ec074a2623337ed39d43f42c821fde07f358
resnet,clean_only,43,bandpass_n20003_cLL_V4_independent_rms_s20,phase2/results/predictions/full/clean_only/resnet/seed_43/bandpass_n20003_cLL_V4_independent_rms_s20.npz,76450,77b295a33fc8734a8dcb653daa42d24f2d6c5faef6290d59b939f85bce4e1291
resnet,clean_only,43,bandpass_n20003_cLL_V4_independent_rms_s15,phase2/results/predictions/full/clean_only/resnet/seed_43/bandpass_n20003_cLL_V4_independent_rms_s15.npz,76421,dcd12fdb499f876b70218c86f844e9612429d9630a0cb18760586c941bb6c943
resnet,clean_only,43,bandpass_n20003_cLL_V4_independent_rms_s10,phase2/results/predictions/full/clean_only/resnet/seed_43/bandpass_n20003_cLL_V4_independent_rms_s10.npz,76293,356a19b24d2ffe499caadd7f1796250796ee34aaca400ade72e731c53c6feb61
resnet,clean_only,43,bandpass_n20003_cLL_V4_independent_rms_s5,phase2/results/predictions/full/clean_only/resnet/seed_43/bandpass_n20003_cLL_V4_independent_rms_s5.npz,76044,b73032492c412285715bea63ddae337a6b61bff05687fcdcdb4ded9a26044b8e
resnet,clean_only,43,bandpass_n20003_cLL_V4_independent_rms_s0,phase2/results/predictions/full/clean_only/resnet/seed_43/bandpass_n20003_cLL_V4_independent_rms_s0.npz,75647,94d3ae5db87069c2f91ecf4aad9232ec6409abc6d90f18544fbabc7e22e45012
resnet,clean_only,43,bandpass_n20003_cLL_V4_electrode_s20,phase2/results/predictions/full/clean_only/resnet/seed_43/bandpass_n20003_cLL_V4_electrode_s20.npz,76432,2dd13453ff5b261df62b03c1b1e1de9d66de5fdebdf53f965c32ba6ef9a16a52
resnet,clean_only,43,bandpass_n20003_cLL_V4_electrode_s15,phase2/results/predictions/full/clean_only/resnet/seed_43/bandpass_n20003_cLL_V4_electrode_s15.npz,76347,611139c6e5437a77752d42389d86bbfa25449b41f693ef3647ef6937d2d8a3f6
resnet,clean_only,43,bandpass_n20003_cLL_V4_electrode_s10,phase2/results/predictions/full/clean_only/resnet/seed_43/bandpass_n20003_cLL_V4_electrode_s10.npz,76194,21566f0336ad95ae63780f97686159a15aa76e5492f8b0bc4a93fe4b184e5051
resnet,clean_only,43,bandpass_n20003_cLL_V4_electrode_s5,phase2/results/predictions/full/clean_only/resnet/seed_43/bandpass_n20003_cLL_V4_electrode_s5.npz,75896,bfd55a87abbeed47061be52a9d679bca77baa5f2de9f1d3aa3527667d2af50a2
resnet,clean_only,43,bandpass_n20003_cLL_V4_electrode_s0,phase2/results/predictions/full/clean_only/resnet/seed_43/bandpass_n20003_cLL_V4_electrode_s0.npz,75834,0889b17b5dd766149d5656cab915cd09c621d6cd4f080dfc6811ca771abfd94a
resnet,clean_only,43,bandpass_n20003_cLL_V4_covariance_s20,phase2/results/predictions/full/clean_only/resnet/seed_43/bandpass_n20003_cLL_V4_covariance_s20.npz,76424,a470a1e86c9f899946b33ca03f64f9481fa153d1fa625d6e485d45c2744ba90f
resnet,clean_only,43,bandpass_n20003_cLL_V4_covariance_s15,phase2/results/predictions/full/clean_only/resnet/seed_43/bandpass_n20003_cLL_V4_covariance_s15.npz,76350,7ecc0f656efe56fa24b470097ebb4f5b05da0dffeb33627e9c5b18c432bc858c
resnet,clean_only,43,bandpass_n20003_cLL_V4_covariance_s10,phase2/results/predictions/full/clean_only/resnet/seed_43/bandpass_n20003_cLL_V4_covariance_s10.npz,76179,2336ce04c02fd89405bfa4db4e15e67a60087728d01a6358fed83e2563cc0d70
resnet,clean_only,43,bandpass_n20003_cLL_V4_covariance_s5,phase2/results/predictions/full/clean_only/resnet/seed_43/bandpass_n20003_cLL_V4_covariance_s5.npz,75951,2d5b7775c97372231048d6dc5e74e84e1ccab8ee60bd30cb7693f34fa2d9660e
resnet,clean_only,43,bandpass_n20003_cLL_V4_covariance_s0,phase2/results/predictions/full/clean_only/resnet/seed_43/bandpass_n20003_cLL_V4_covariance_s0.npz,75856,1d90b3f17e43a546fa601338e66e94ad4f6dfda1e2fc6ad4ebb69ec149034d04
resnet,clean_only,43,bandpass_n20003_cRA_LA_V1_V6_independent_rms_s20,phase2/results/predictions/full/clean_only/resnet/seed_43/bandpass_n20003_cRA_LA_V1_V6_independent_rms_s20.npz,76463,391a0a71438faf2c7ae8f6208f7b54c2b2ef3b02f32a033bca3ccc6efb2d38f6
resnet,clean_only,43,bandpass_n20003_cRA_LA_V1_V6_independent_rms_s15,phase2/results/predictions/full/clean_only/resnet/seed_43/bandpass_n20003_cRA_LA_V1_V6_independent_rms_s15.npz,76435,045b8d32bfdc64781ed074e00ed9d6527ed170d36f13b8297ba69a615e640ae7
resnet,clean_only,43,bandpass_n20003_cRA_LA_V1_V6_independent_rms_s10,phase2/results/predictions/full/clean_only/resnet/seed_43/bandpass_n20003_cRA_LA_V1_V6_independent_rms_s10.npz,76334,9ee8065f244ba5272f10f880cbcacb025f140424f53c0f5a0a22dfd6872fbaf0
resnet,clean_only,43,bandpass_n20003_cRA_LA_V1_V6_independent_rms_s5,phase2/results/predictions/full/clean_only/resnet/seed_43/bandpass_n20003_cRA_LA_V1_V6_independent_rms_s5.npz,76037,6b99ded497fb793b231f933f90db9db685ee577ce507884579e28d583ea15afe
resnet,clean_only,43,bandpass_n20003_cRA_LA_V1_V6_independent_rms_s0,phase2/results/predictions/full/clean_only/resnet/seed_43/bandpass_n20003_cRA_LA_V1_V6_independent_rms_s0.npz,75625,fee84bcc8491e17ee2e063ad0c1c464456cc3c142c2d739fa1dd9d6731a38c07
resnet,clean_only,43,bandpass_n20003_cRA_LA_V1_V6_electrode_s20,phase2/results/predictions/full/clean_only/resnet/seed_43/bandpass_n20003_cRA_LA_V1_V6_electrode_s20.npz,76446,1236dc854039a1c2c006736b155453f9c3778538ec9b0c1b4d4c5fadce58dc50
resnet,clean_only,43,bandpass_n20003_cRA_LA_V1_V6_electrode_s15,phase2/results/predictions/full/clean_only/resnet/seed_43/bandpass_n20003_cRA_LA_V1_V6_electrode_s15.npz,76407,6a4f4d419de1b1b492627d50ebb9ce5b4d2b2f252a86db1bb731cecad7c76eaa
resnet,clean_only,43,bandpass_n20003_cRA_LA_V1_V6_electrode_s10,phase2/results/predictions/full/clean_only/resnet/seed_43/bandpass_n20003_cRA_LA_V1_V6_electrode_s10.npz,76270,deef7bcaf794ae776b5cca22c4efe4fb43dd8cf10a6639334f2dd3786f6a3ddb
resnet,clean_only,43,bandpass_n20003_cRA_LA_V1_V6_electrode_s5,phase2/results/predictions/full/clean_only/resnet/seed_43/bandpass_n20003_cRA_LA_V1_V6_electrode_s5.npz,76005,cc8e61bc66d731129146a6d230250dc76e3cc3237dc758cd299f62159a03f92a
resnet,clean_only,43,bandpass_n20003_cRA_LA_V1_V6_electrode_s0,phase2/results/predictions/full/clean_only/resnet/seed_43/bandpass_n20003_cRA_LA_V1_V6_electrode_s0.npz,75519,d5111f6c0aa452cacdd0cec96ecb8e3ff63d8fb2d6edd32e46aedc58dc58f211
resnet,clean_only,43,bandpass_n20003_cRA_LA_V1_V6_covariance_s20,phase2/results/predictions/full/clean_only/resnet/seed_43/bandpass_n20003_cRA_LA_V1_V6_covariance_s20.npz,76445,f22a7cb03de8829a024143931285460c52427ce29d6fd05ba1f44b3fb8ac99ca
resnet,clean_only,43,bandpass_n20003_cRA_LA_V1_V6_covariance_s15,phase2/results/predictions/full/clean_only/resnet/seed_43/bandpass_n20003_cRA_LA_V1_V6_covariance_s15.npz,76417,773148a9a79b744e5aefbdec9b225f50feef07267b016b5cf999681c9b38635c
resnet,clean_only,43,bandpass_n20003_cRA_LA_V1_V6_covariance_s10,phase2/results/predictions/full/clean_only/resnet/seed_43/bandpass_n20003_cRA_LA_V1_V6_covariance_s10.npz,76262,11399eb0dfd4e34de14d5e48499ff8bdb7cc93e865cd435a014cc46d46d4558e
resnet,clean_only,43,bandpass_n20003_cRA_LA_V1_V6_covariance_s5,phase2/results/predictions/full/clean_only/resnet/seed_43/bandpass_n20003_cRA_LA_V1_V6_covariance_s5.npz,76013,65f0ff0af0069c6fe7db9397e9caa7a777272dbff24771a305bdcb66bafbb64d
resnet,clean_only,43,bandpass_n20003_cRA_LA_V1_V6_covariance_s0,phase2/results/predictions/full/clean_only/resnet/seed_43/bandpass_n20003_cRA_LA_V1_V6_covariance_s0.npz,75503,1dc1530772ea9fd36a98c26d9a46505b86d1d81c807d349623d5f0b439caf2c2
resnet,clean_only,43,bandpass_n20003_cRA_V2_V5_independent_rms_s20,phase2/results/predictions/full/clean_only/resnet/seed_43/bandpass_n20003_cRA_V2_V5_independent_rms_s20.npz,76451,4631995c13c6484e16be1cedabe0dd45917266833e5c6236ac36119bc5dfd143
resnet,clean_only,43,bandpass_n20003_cRA_V2_V5_independent_rms_s15,phase2/results/predictions/full/clean_only/resnet/seed_43/bandpass_n20003_cRA_V2_V5_independent_rms_s15.npz,76434,a486db556e538a7887a435a85f7db04f79cb18a56f62a27512c636c277ec0e73
resnet,clean_only,43,bandpass_n20003_cRA_V2_V5_independent_rms_s10,phase2/results/predictions/full/clean_only/resnet/seed_43/bandpass_n20003_cRA_V2_V5_independent_rms_s10.npz,76282,cb5435435edfbf89a18796d652211284f1a90fd223ac20ae0010f8cdc891bf16
resnet,clean_only,43,bandpass_n20003_cRA_V2_V5_independent_rms_s5,phase2/results/predictions/full/clean_only/resnet/seed_43/bandpass_n20003_cRA_V2_V5_independent_rms_s5.npz,76038,d6886ec1e7584eb2170ea34035a301e2a6ef969faddbc1f93da48f4b9d3a0a4f
resnet,clean_only,43,bandpass_n20003_cRA_V2_V5_independent_rms_s0,phase2/results/predictions/full/clean_only/resnet/seed_43/bandpass_n20003_cRA_V2_V5_independent_rms_s0.npz,75620,c59d5a4b4cf52e5ab992929a35f69b2bea17a01e440211d254bef774ddab3673
resnet,clean_only,43,bandpass_n20003_cRA_V2_V5_electrode_s20,phase2/results/predictions/full/clean_only/resnet/seed_43/bandpass_n20003_cRA_V2_V5_electrode_s20.npz,76434,c24641933951e72049908cf7f08ef002b10bc0406c0c7e4c11cdc8dfb6d9e56b
resnet,clean_only,43,bandpass_n20003_cRA_V2_V5_electrode_s15,phase2/results/predictions/full/clean_only/resnet/seed_43/bandpass_n20003_cRA_V2_V5_electrode_s15.npz,76418,d20e828149b8cd7e65a583b71e8fe6780e4cac8dd0503da13d4f3874f8aef69d
resnet,clean_only,43,bandpass_n20003_cRA_V2_V5_electrode_s10,phase2/results/predictions/full/clean_only/resnet/seed_43/bandpass_n20003_cRA_V2_V5_electrode_s10.npz,76261,d636286e09d6e503734efc668092fa389833a8a75b6429b38be2570252f02cb3
resnet,clean_only,43,bandpass_n20003_cRA_V2_V5_electrode_s5,phase2/results/predictions/full/clean_only/resnet/seed_43/bandpass_n20003_cRA_V2_V5_electrode_s5.npz,75977,f92aae5780569144feebcc19116c516a160bc091676da09c1bfd916d4c86d215
resnet,clean_only,43,bandpass_n20003_cRA_V2_V5_electrode_s0,phase2/results/predictions/full/clean_only/resnet/seed_43/bandpass_n20003_cRA_V2_V5_electrode_s0.npz,75507,a567f1321e1848016e093a48ca5c59424003623df2c1cc28ab56c7913730f284
resnet,clean_only,43,bandpass_n20003_cRA_V2_V5_covariance_s20,phase2/results/predictions/full/clean_only/resnet/seed_43/bandpass_n20003_cRA_V2_V5_covariance_s20.npz,76446,f9a177b23a09cbcc62507838ffaba2754d394b48e8fd779da143b400003d9eb6
resnet,clean_only,43,bandpass_n20003_cRA_V2_V5_covariance_s15,phase2/results/predictions/full/clean_only/resnet/seed_43/bandpass_n20003_cRA_V2_V5_covariance_s15.npz,76429,59e1b6506460e84390317835eb79d97716e6ddb5c4fae3ea923efd7bcf6d539c
resnet,clean_only,43,bandpass_n20003_cRA_V2_V5_covariance_s10,phase2/results/predictions/full/clean_only/resnet/seed_43/bandpass_n20003_cRA_V2_V5_covariance_s10.npz,76246,0033359c1b65d0630521d7b2f3d2a3605c385787d3d08863b4d81d58138ca067
resnet,clean_only,43,bandpass_n20003_cRA_V2_V5_covariance_s5,phase2/results/predictions/full/clean_only/resnet/seed_43/bandpass_n20003_cRA_V2_V5_covariance_s5.npz,76002,b8768ee6ddcbeb50f7d05d9400271b0f3c88907a214c7c003393f54c5b1be095
resnet,clean_only,43,bandpass_n20003_cRA_V2_V5_covariance_s0,phase2/results/predictions/full/clean_only/resnet/seed_43/bandpass_n20003_cRA_V2_V5_covariance_s0.npz,75492,083ecb7bfa71791c51dcf8c0b44757ae53b9f0b707663acf0f51ffd28257f1b5
resnet,clean_only,43,bandpass_n20003_cLA_V3_V6_independent_rms_s20,phase2/results/predictions/full/clean_only/resnet/seed_43/bandpass_n20003_cLA_V3_V6_independent_rms_s20.npz,76439,8f61152f07edc2ed897981f040b24cd82fe2dadc9b70f87d1ec1d85c7a3836c9
resnet,clean_only,43,bandpass_n20003_cLA_V3_V6_independent_rms_s15,phase2/results/predictions/full/clean_only/resnet/seed_43/bandpass_n20003_cLA_V3_V6_independent_rms_s15.npz,76430,76baff45fedaefdbaac42c19489eec3ca6356d7eccf55d9039e26a1f52d2a025
resnet,clean_only,43,bandpass_n20003_cLA_V3_V6_independent_rms_s10,phase2/results/predictions/full/clean_only/resnet/seed_43/bandpass_n20003_cLA_V3_V6_independent_rms_s10.npz,76340,7f9158e5945cf15e0a8b1d5a4af194e4ca330bd2b13d6c3eac044f5197ffed79
resnet,clean_only,43,bandpass_n20003_cLA_V3_V6_independent_rms_s5,phase2/results/predictions/full/clean_only/resnet/seed_43/bandpass_n20003_cLA_V3_V6_independent_rms_s5.npz,76055,41901dfed212f5b0d2d381a842ecc85cec8371eff4039ebcf51c44b763b2fcde
resnet,clean_only,43,bandpass_n20003_cLA_V3_V6_independent_rms_s0,phase2/results/predictions/full/clean_only/resnet/seed_43/bandpass_n20003_cLA_V3_V6_independent_rms_s0.npz,75649,5047301015ed6e510fd6af122a745e1ff324ef42d8b913d8f617e61595b93c68
resnet,clean_only,43,bandpass_n20003_cLA_V3_V6_electrode_s20,phase2/results/predictions/full/clean_only/resnet/seed_43/bandpass_n20003_cLA_V3_V6_electrode_s20.npz,76451,70af961ca02f80d7b39adee107f8a6de025ab9cd41821d73cea9eee6a7da0873
resnet,clean_only,43,bandpass_n20003_cLA_V3_V6_electrode_s15,phase2/results/predictions/full/clean_only/resnet/seed_43/bandpass_n20003_cLA_V3_V6_electrode_s15.npz,76376,fa9809cba442c19e12223f9f1f1c1ac53df23146f50f1c719815cee78ed2c0a7
resnet,clean_only,43,bandpass_n20003_cLA_V3_V6_electrode_s10,phase2/results/predictions/full/clean_only/resnet/seed_43/bandpass_n20003_cLA_V3_V6_electrode_s10.npz,76282,baff98ee897c9b9e23120e4c212b3592ed0476136485ccd54d4b3bc582f41c25
resnet,clean_only,43,bandpass_n20003_cLA_V3_V6_electrode_s5,phase2/results/predictions/full/clean_only/resnet/seed_43/bandpass_n20003_cLA_V3_V6_electrode_s5.npz,76003,4ada5281df9083f4d645ebe8996233fe7a5b309bc48c4df152cde3ca123ec130
resnet,clean_only,43,bandpass_n20003_cLA_V3_V6_electrode_s0,phase2/results/predictions/full/clean_only/resnet/seed_43/bandpass_n20003_cLA_V3_V6_electrode_s0.npz,75641,50bed9e5cbd45aef19bda0181835a0bd9c166affc1acb287c6e6e0d698eff211
resnet,clean_only,43,bandpass_n20003_cLA_V3_V6_covariance_s20,phase2/results/predictions/full/clean_only/resnet/seed_43/bandpass_n20003_cLA_V3_V6_covariance_s20.npz,76456,425d8abe88a805dfa6b272d4d95c998e8f09b9c572677b7b7d124e338a3351e2
resnet,clean_only,43,bandpass_n20003_cLA_V3_V6_covariance_s15,phase2/results/predictions/full/clean_only/resnet/seed_43/bandpass_n20003_cLA_V3_V6_covariance_s15.npz,76402,b9f5c08d5e947f27c33ebc5b61c7bde85786897aa85e185fc25619209354a3ee
resnet,clean_only,43,bandpass_n20003_cLA_V3_V6_covariance_s10,phase2/results/predictions/full/clean_only/resnet/seed_43/bandpass_n20003_cLA_V3_V6_covariance_s10.npz,76243,112c27c84e8e0c8f1ce832329d292f0585a05ebc8629d47d2e3a4faa10a8b3fb
resnet,clean_only,43,bandpass_n20003_cLA_V3_V6_covariance_s5,phase2/results/predictions/full/clean_only/resnet/seed_43/bandpass_n20003_cLA_V3_V6_covariance_s5.npz,76019,45429e468cacd6cf2d034d0222e4b7d060747866d5416be97aa4c8aa83a32b82
resnet,clean_only,43,bandpass_n20003_cLA_V3_V6_covariance_s0,phase2/results/predictions/full/clean_only/resnet/seed_43/bandpass_n20003_cLA_V3_V6_covariance_s0.npz,75606,51eb3e43eb5a77e3d81444a3511a4fc28859ca22d84985c2bf3e5ff160470145
resnet,clean_only,43,bandpass_n20003_cLL_V1_V4_independent_rms_s20,phase2/results/predictions/full/clean_only/resnet/seed_43/bandpass_n20003_cLL_V1_V4_independent_rms_s20.npz,76451,f0e35c4a36624f6c56448ee9c4f97370a1e4a626ebbfd4f31666f563fa67ef80
resnet,clean_only,43,bandpass_n20003_cLL_V1_V4_independent_rms_s15,phase2/results/predictions/full/clean_only/resnet/seed_43/bandpass_n20003_cLL_V1_V4_independent_rms_s15.npz,76402,8dd6ce26635f17518d7aaa16dee1a5d78199ce131051174904a80fdc9bb2789e
resnet,clean_only,43,bandpass_n20003_cLL_V1_V4_independent_rms_s10,phase2/results/predictions/full/clean_only/resnet/seed_43/bandpass_n20003_cLL_V1_V4_independent_rms_s10.npz,76278,6150b4b2b6fede932411735f3ebe8fe034de168eea0ac8454ec207840a0febc4
resnet,clean_only,43,bandpass_n20003_cLL_V1_V4_independent_rms_s5,phase2/results/predictions/full/clean_only/resnet/seed_43/bandpass_n20003_cLL_V1_V4_independent_rms_s5.npz,76035,f5b0e1a1ee1ac928c414add68524a9dd6b4355f1847ac01b3d51e848fada4b35
resnet,clean_only,43,bandpass_n20003_cLL_V1_V4_independent_rms_s0,phase2/results/predictions/full/clean_only/resnet/seed_43/bandpass_n20003_cLL_V1_V4_independent_rms_s0.npz,75566,07446a7ec9bbdb4f488d7e6cabaed96c2ccbb89e730a8f6c47b24a998cf2cb0d
resnet,clean_only,43,bandpass_n20003_cLL_V1_V4_electrode_s20,phase2/results/predictions/full/clean_only/resnet/seed_43/bandpass_n20003_cLL_V1_V4_electrode_s20.npz,76429,08e067f8477e12623fff694e6f1ebfeab0b16d6e24ff3e1a0cccfb07902fd7f5
resnet,clean_only,43,bandpass_n20003_cLL_V1_V4_electrode_s15,phase2/results/predictions/full/clean_only/resnet/seed_43/bandpass_n20003_cLL_V1_V4_electrode_s15.npz,76406,71bcc2152adf8cbf32afa9d1a0abae8db604eefe14e54eb16ada806b40570553
resnet,clean_only,43,bandpass_n20003_cLL_V1_V4_electrode_s10,phase2/results/predictions/full/clean_only/resnet/seed_43/bandpass_n20003_cLL_V1_V4_electrode_s10.npz,76165,d9dc9e5b11904d60dfe6bc0a551c6bfddc68964e3b747897d4dcbde39e71ea3a
resnet,clean_only,43,bandpass_n20003_cLL_V1_V4_electrode_s5,phase2/results/predictions/full/clean_only/resnet/seed_43/bandpass_n20003_cLL_V1_V4_electrode_s5.npz,75969,982bc82497d075045f931b287870dc9d71158e0f19f94e23b5085cd07ca5e8ee
resnet,clean_only,43,bandpass_n20003_cLL_V1_V4_electrode_s0,phase2/results/predictions/full/clean_only/resnet/seed_43/bandpass_n20003_cLL_V1_V4_electrode_s0.npz,75779,b9056badaddb8c8a8cbc0e31db1d881f70b6b33ff23d85adcd7688d28fea8f95
resnet,clean_only,43,bandpass_n20003_cLL_V1_V4_covariance_s20,phase2/results/predictions/full/clean_only/resnet/seed_43/bandpass_n20003_cLL_V1_V4_covariance_s20.npz,76464,20368fa3b45c1f89f79d7f15e3d8949b6a0250013946394c5e189852458b1d46
resnet,clean_only,43,bandpass_n20003_cLL_V1_V4_covariance_s15,phase2/results/predictions/full/clean_only/resnet/seed_43/bandpass_n20003_cLL_V1_V4_covariance_s15.npz,76369,144a0e7dc09acf9fd4b7740db2045a950c8089c8b91194668c2aeec1d59b2439
resnet,clean_only,43,bandpass_n20003_cLL_V1_V4_covariance_s10,phase2/results/predictions/full/clean_only/resnet/seed_43/bandpass_n20003_cLL_V1_V4_covariance_s10.npz,76172,1d8010c9b8f2ca1ec2f52bbc15da34d593f7f7c0721a40c676517f941361186b
resnet,clean_only,43,bandpass_n20003_cLL_V1_V4_covariance_s5,phase2/results/predictions/full/clean_only/resnet/seed_43/bandpass_n20003_cLL_V1_V4_covariance_s5.npz,75928,82b499754357a3e7fa1c4e74df02119e8572f6bfae0316ee3e772678263bbc94
resnet,clean_only,43,bandpass_n20003_cLL_V1_V4_covariance_s0,phase2/results/predictions/full/clean_only/resnet/seed_43/bandpass_n20003_cLL_V1_V4_covariance_s0.npz,75737,b443a2b8c6a12c2416815cf26db8a795b227465e6c19b50eda4dbee231a782f1
resnet,clean_only,43,bandpass_n20003_call_independent_rms_s20,phase2/results/predictions/full/clean_only/resnet/seed_43/bandpass_n20003_call_independent_rms_s20.npz,76440,8b5a2eb4074e55bd4266cfb4dffe2a2acea2e424c7c02e702866c160256642fa
resnet,clean_only,43,bandpass_n20003_call_independent_rms_s15,phase2/results/predictions/full/clean_only/resnet/seed_43/bandpass_n20003_call_independent_rms_s15.npz,76391,8824a73599e38e9d7c3c965b0c7d46b8e232ccd6573457c4d3a8c6cf7795dbe3
resnet,clean_only,43,bandpass_n20003_call_independent_rms_s10,phase2/results/predictions/full/clean_only/resnet/seed_43/bandpass_n20003_call_independent_rms_s10.npz,76292,284d21570e320f871e601cc577dd63f03b8bda3d587394b4165d15ffdcaa4a45
resnet,clean_only,43,bandpass_n20003_call_independent_rms_s5,phase2/results/predictions/full/clean_only/resnet/seed_43/bandpass_n20003_call_independent_rms_s5.npz,76005,9b45028439f1e35dd9f28f7157348c3a06a9048c056c332d6a8778056d4e9473
resnet,clean_only,43,bandpass_n20003_call_independent_rms_s0,phase2/results/predictions/full/clean_only/resnet/seed_43/bandpass_n20003_call_independent_rms_s0.npz,75560,55744ba4b5e02bee92270816df3f6815aff570943459561c863c916cdc55b6b0
resnet,clean_only,43,bandpass_n20003_call_electrode_s20,phase2/results/predictions/full/clean_only/resnet/seed_43/bandpass_n20003_call_electrode_s20.npz,76428,52c2aeba1e822c5dd6c7fb298c75b16d1c572988b24875860f0578f1e8fe3d10
resnet,clean_only,43,bandpass_n20003_call_electrode_s15,phase2/results/predictions/full/clean_only/resnet/seed_43/bandpass_n20003_call_electrode_s15.npz,76351,1e7e2d571a87444244f0064bc5b488b068d660d502605aef8b718ba2ea8ebc24
resnet,clean_only,43,bandpass_n20003_call_electrode_s10,phase2/results/predictions/full/clean_only/resnet/seed_43/bandpass_n20003_call_electrode_s10.npz,76179,64eb56f796964e4652461a6322e35dae5b9f515b5ca0a2f1a19bb65e1968a4b5
resnet,clean_only,43,bandpass_n20003_call_electrode_s5,phase2/results/predictions/full/clean_only/resnet/seed_43/bandpass_n20003_call_electrode_s5.npz,75918,f02162b55c7398bfa134db8a5a5b37cf56c0ad15d592570456416cd0e0e8961e
resnet,clean_only,43,bandpass_n20003_call_electrode_s0,phase2/results/predictions/full/clean_only/resnet/seed_43/bandpass_n20003_call_electrode_s0.npz,75545,182fe2cc7b3872dd3dd6c5cfbbab8d311ee1ea98c3fa9bc892af65035bc6ab7e
resnet,clean_only,43,bandpass_n20003_call_covariance_s20,phase2/results/predictions/full/clean_only/resnet/seed_43/bandpass_n20003_call_covariance_s20.npz,76415,2c00b7859d3725dcf2b97cd99c69430ce8a70695daa4e90178a3f8f4f7d56121
resnet,clean_only,43,bandpass_n20003_call_covariance_s15,phase2/results/predictions/full/clean_only/resnet/seed_43/bandpass_n20003_call_covariance_s15.npz,76371,b1f0b983ea5ae1ad644dbf5fb6290a4346ed7a4c641b5ee0bcdac1d5ed917bb0
resnet,clean_only,43,bandpass_n20003_call_covariance_s10,phase2/results/predictions/full/clean_only/resnet/seed_43/bandpass_n20003_call_covariance_s10.npz,76177,9ca957b488dee7ab8b37d8ba9e5be81b856b80ff296e4653a3d17c567d12c3b1
resnet,clean_only,43,bandpass_n20003_call_covariance_s5,phase2/results/predictions/full/clean_only/resnet/seed_43/bandpass_n20003_call_covariance_s5.npz,75937,3374bc8b20fc898762c7db3159fbfc5342373f54a645eafffaea382a345e0125
resnet,clean_only,43,bandpass_n20003_call_covariance_s0,phase2/results/predictions/full/clean_only/resnet/seed_43/bandpass_n20003_call_covariance_s0.npz,75547,8e02040a4bd89449ffbaef6aadc682ca0e93f119acb263ba2ca36471ae4e663b
resnet,clean_only,43,bandpass_n20004_cRA_LA_LL_independent_rms_s20,phase2/results/predictions/full/clean_only/resnet/seed_43/bandpass_n20004_cRA_LA_LL_independent_rms_s20.npz,76465,693e830a449010d980b6a442dd2ad965273b29adc9a0077f4619cfa6ebaffff6
resnet,clean_only,43,bandpass_n20004_cRA_LA_LL_independent_rms_s15,phase2/results/predictions/full/clean_only/resnet/seed_43/bandpass_n20004_cRA_LA_LL_independent_rms_s15.npz,76400,429a977fda19753600583c7fbd57dda11dd5752c8a3b028636bdc01b77a3ec4e
resnet,clean_only,43,bandpass_n20004_cRA_LA_LL_independent_rms_s10,phase2/results/predictions/full/clean_only/resnet/seed_43/bandpass_n20004_cRA_LA_LL_independent_rms_s10.npz,76238,5c430afa3066efde68714d134c84571b46f3f03cbe9cf69423c8885abc320fe2
resnet,clean_only,43,bandpass_n20004_cRA_LA_LL_independent_rms_s5,phase2/results/predictions/full/clean_only/resnet/seed_43/bandpass_n20004_cRA_LA_LL_independent_rms_s5.npz,76031,9bae6c95442da6a9a9dafd90e4f32f88ca7ed5352d05c58e074b039567b75ee0
resnet,clean_only,43,bandpass_n20004_cRA_LA_LL_independent_rms_s0,phase2/results/predictions/full/clean_only/resnet/seed_43/bandpass_n20004_cRA_LA_LL_independent_rms_s0.npz,75598,387e1073eae9a055800da8b7dd2561b1c5e3133889325f682860ed95b66a37ee
resnet,clean_only,43,bandpass_n20004_cRA_LA_LL_electrode_s20,phase2/results/predictions/full/clean_only/resnet/seed_43/bandpass_n20004_cRA_LA_LL_electrode_s20.npz,76425,93c1f5beb21e2ba85e5a343b9fba33576ebb7d77c6b6d0c34160bb2de9d53c9b
resnet,clean_only,43,bandpass_n20004_cRA_LA_LL_electrode_s15,phase2/results/predictions/full/clean_only/resnet/seed_43/bandpass_n20004_cRA_LA_LL_electrode_s15.npz,76349,62f8ab6be3f01cf2f8dfaafce2260be82726d83c4d34a8f58c47783323685d12
resnet,clean_only,43,bandpass_n20004_cRA_LA_LL_electrode_s10,phase2/results/predictions/full/clean_only/resnet/seed_43/bandpass_n20004_cRA_LA_LL_electrode_s10.npz,76205,e9376d85656775af67022d8c89e7449818587ac3de4bd1902db7fc8a64d09aaf
resnet,clean_only,43,bandpass_n20004_cRA_LA_LL_electrode_s5,phase2/results/predictions/full/clean_only/resnet/seed_43/bandpass_n20004_cRA_LA_LL_electrode_s5.npz,75909,03798bf36dc10474525441bfb8edb76bb995f90336595b2f042e39ea6740a0d8
resnet,clean_only,43,bandpass_n20004_cRA_LA_LL_electrode_s0,phase2/results/predictions/full/clean_only/resnet/seed_43/bandpass_n20004_cRA_LA_LL_electrode_s0.npz,75588,3cbc0023aa2026997e5ff09fe5ec12101d6402034a5b12175e053e87b2fad83f
resnet,clean_only,43,bandpass_n20004_cRA_LA_LL_covariance_s20,phase2/results/predictions/full/clean_only/resnet/seed_43/bandpass_n20004_cRA_LA_LL_covariance_s20.npz,76410,d60369e359a5786c8751b26c894917cbf46065a04ad7d70f10c8272f5b3dca74
resnet,clean_only,43,bandpass_n20004_cRA_LA_LL_covariance_s15,phase2/results/predictions/full/clean_only/resnet/seed_43/bandpass_n20004_cRA_LA_LL_covariance_s15.npz,76363,f30330b75cd2182d109ff76094411e807115075882adfe82d3adc556bba3efd1
resnet,clean_only,43,bandpass_n20004_cRA_LA_LL_covariance_s10,phase2/results/predictions/full/clean_only/resnet/seed_43/bandpass_n20004_cRA_LA_LL_covariance_s10.npz,76218,7292d5ece98f19bf292578570a55f22eea2557ed1801ee20a4d4b2fe8696ceb4
resnet,clean_only,43,bandpass_n20004_cRA_LA_LL_covariance_s5,phase2/results/predictions/full/clean_only/resnet/seed_43/bandpass_n20004_cRA_LA_LL_covariance_s5.npz,75924,f247e0ae9ca564e53fd067923af5c1943ccbf8f60c093210d0d0d201b73fa8f5
resnet,clean_only,43,bandpass_n20004_cRA_LA_LL_covariance_s0,phase2/results/predictions/full/clean_only/resnet/seed_43/bandpass_n20004_cRA_LA_LL_covariance_s0.npz,75602,773ed9ea30db59211ee7efd94e16a25e99df249b084665fa4f406934cf186f25
resnet,clean_only,43,bandpass_n20004_cV1_independent_rms_s20,phase2/results/predictions/full/clean_only/resnet/seed_43/bandpass_n20004_cV1_independent_rms_s20.npz,76441,bd7e4d2dad306ecf1407d11393354f4b8f98eca3fcce85da2f8220fc1ce5b393
resnet,clean_only,43,bandpass_n20004_cV1_independent_rms_s15,phase2/results/predictions/full/clean_only/resnet/seed_43/bandpass_n20004_cV1_independent_rms_s15.npz,76367,0cf31f0fa42bb86dac32fe891b56427fc8b527fc8f3d74ce50f946e6d1ae441c
resnet,clean_only,43,bandpass_n20004_cV1_independent_rms_s10,phase2/results/predictions/full/clean_only/resnet/seed_43/bandpass_n20004_cV1_independent_rms_s10.npz,76260,1ec2e83d488f01d7411bb062cae89ff11f05c6a6817eab38eb8419684f1d9586
resnet,clean_only,43,bandpass_n20004_cV1_independent_rms_s5,phase2/results/predictions/full/clean_only/resnet/seed_43/bandpass_n20004_cV1_independent_rms_s5.npz,75942,05ca7c61788df046483a24413c0aebb161a52690cb0f3605178ab50f8d315d4c
resnet,clean_only,43,bandpass_n20004_cV1_independent_rms_s0,phase2/results/predictions/full/clean_only/resnet/seed_43/bandpass_n20004_cV1_independent_rms_s0.npz,75441,a2c4b000664488dd3f27abf3b4ada44c339ab3ff7f5e43453151630d6dfb2220
resnet,clean_only,43,bandpass_n20004_cV1_electrode_s20,phase2/results/predictions/full/clean_only/resnet/seed_43/bandpass_n20004_cV1_electrode_s20.npz,76404,107831728a688b437d01bdfec1b5d3f2396666d55c8def1941a1627f3ffe5238
resnet,clean_only,43,bandpass_n20004_cV1_electrode_s15,phase2/results/predictions/full/clean_only/resnet/seed_43/bandpass_n20004_cV1_electrode_s15.npz,76333,c7ca5a5bb3f25c980e74fa6dd0a7d01d5823d936fecede1ae7a29dfb065e9956
resnet,clean_only,43,bandpass_n20004_cV1_electrode_s10,phase2/results/predictions/full/clean_only/resnet/seed_43/bandpass_n20004_cV1_electrode_s10.npz,76204,5c74eda7936549947422bbc98fea4558e8943488ea08277605d165d2243bb01b
resnet,clean_only,43,bandpass_n20004_cV1_electrode_s5,phase2/results/predictions/full/clean_only/resnet/seed_43/bandpass_n20004_cV1_electrode_s5.npz,75920,52d6c6e0a2624d42b5a09799df7a2a45ad5da9f8306396abad4d64d805150aa3
resnet,clean_only,43,bandpass_n20004_cV1_electrode_s0,phase2/results/predictions/full/clean_only/resnet/seed_43/bandpass_n20004_cV1_electrode_s0.npz,75378,f0755fb77f660f826728ec9b9162f4d7641d5e820e85eeb752e086a3444b7b96
resnet,clean_only,43,bandpass_n20004_cV1_covariance_s20,phase2/results/predictions/full/clean_only/resnet/seed_43/bandpass_n20004_cV1_covariance_s20.npz,76414,0aaafd8499ca824b5f002b1bbfdae605d4a207222b62dace614453fb63daa73b
resnet,clean_only,43,bandpass_n20004_cV1_covariance_s15,phase2/results/predictions/full/clean_only/resnet/seed_43/bandpass_n20004_cV1_covariance_s15.npz,76374,64b047d76af37a04b30b8712b88f61aa502edf6501255f1b6fb35501086908fc
resnet,clean_only,43,bandpass_n20004_cV1_covariance_s10,phase2/results/predictions/full/clean_only/resnet/seed_43/bandpass_n20004_cV1_covariance_s10.npz,76224,ffc5021be809f15847a7e2b90dea4ff716f8058a1f0637213ea3c31454bca2f6
resnet,clean_only,43,bandpass_n20004_cV1_covariance_s5,phase2/results/predictions/full/clean_only/resnet/seed_43/bandpass_n20004_cV1_covariance_s5.npz,75972,6f6ece48f422ce5c1e4567d1c6dfd6e9da39f47f2d47a20121452b4be1f45c6b
resnet,clean_only,43,bandpass_n20004_cV1_covariance_s0,phase2/results/predictions/full/clean_only/resnet/seed_43/bandpass_n20004_cV1_covariance_s0.npz,75388,cd6f7b2c50e73ffd80f05b14cd4b933c1abcc57df3863fa27532c55e10bfd34a
resnet,clean_only,43,bandpass_n20004_cV2_independent_rms_s20,phase2/results/predictions/full/clean_only/resnet/seed_43/bandpass_n20004_cV2_independent_rms_s20.npz,76424,76ba51b21e6743056f78f9f1e58053b533bea7d65853dc211abdd0ad0646711d
resnet,clean_only,43,bandpass_n20004_cV2_independent_rms_s15,phase2/results/predictions/full/clean_only/resnet/seed_43/bandpass_n20004_cV2_independent_rms_s15.npz,76390,9af17c62597bd6e0e77eb5dd4e63a9acaaade41fd22dd18c8748c12e95d14046
resnet,clean_only,43,bandpass_n20004_cV2_independent_rms_s10,phase2/results/predictions/full/clean_only/resnet/seed_43/bandpass_n20004_cV2_independent_rms_s10.npz,76261,2844b821cb1b9460d146a6594789f74e105f74d316e7f2ed2dd46373d4794f87
resnet,clean_only,43,bandpass_n20004_cV2_independent_rms_s5,phase2/results/predictions/full/clean_only/resnet/seed_43/bandpass_n20004_cV2_independent_rms_s5.npz,76027,650e7aca3adf353f4fdaa800cfd35c45995b98a82a3bfc22cf50474d8574f3c6
resnet,clean_only,43,bandpass_n20004_cV2_independent_rms_s0,phase2/results/predictions/full/clean_only/resnet/seed_43/bandpass_n20004_cV2_independent_rms_s0.npz,75619,8a95b672b2f1f6462b1591ebbcaf2335f708b732f374a3f940dc115a8ce514f7
resnet,clean_only,43,bandpass_n20004_cV2_electrode_s20,phase2/results/predictions/full/clean_only/resnet/seed_43/bandpass_n20004_cV2_electrode_s20.npz,76396,a1689bebf3eb9b8976cde31ed9a7264ca7dd7c4fa2c1eb57741594a39b4af93f
resnet,clean_only,43,bandpass_n20004_cV2_electrode_s15,phase2/results/predictions/full/clean_only/resnet/seed_43/bandpass_n20004_cV2_electrode_s15.npz,76379,c82356c3381bb6587c996ab4581e84bbb36d536b5bcd67e269db8ffe0f2723b6
resnet,clean_only,43,bandpass_n20004_cV2_electrode_s10,phase2/results/predictions/full/clean_only/resnet/seed_43/bandpass_n20004_cV2_electrode_s10.npz,76234,d8924a24cd3d289ee05811604dc322fc4ad57a72c10f8f1de4af6f93880c0aa0
resnet,clean_only,43,bandpass_n20004_cV2_electrode_s5,phase2/results/predictions/full/clean_only/resnet/seed_43/bandpass_n20004_cV2_electrode_s5.npz,76002,ad92f830fca229936260072b80b4199c59c1e6630c3437d39ac0c6bab2db4e28
resnet,clean_only,43,bandpass_n20004_cV2_electrode_s0,phase2/results/predictions/full/clean_only/resnet/seed_43/bandpass_n20004_cV2_electrode_s0.npz,75593,057b16c8a36e408c37153bbdde19bb7a89ee5f791cbe2c66c0f95ba2fb799c31
resnet,clean_only,43,bandpass_n20004_cV2_covariance_s20,phase2/results/predictions/full/clean_only/resnet/seed_43/bandpass_n20004_cV2_covariance_s20.npz,76420,3b62699f505969cb0d20809646c00803388c0050b09ca2718cf912775a642b71
resnet,clean_only,43,bandpass_n20004_cV2_covariance_s15,phase2/results/predictions/full/clean_only/resnet/seed_43/bandpass_n20004_cV2_covariance_s15.npz,76346,8e4e32793f39cc3a9516aebdf415db816c631b1c6a7fb2b0dbcb538cc6109458
resnet,clean_only,43,bandpass_n20004_cV2_covariance_s10,phase2/results/predictions/full/clean_only/resnet/seed_43/bandpass_n20004_cV2_covariance_s10.npz,76220,4612ccdae04638548379cd1d2cdfabfbadf919a77cc96b708c41872828117c1e
resnet,clean_only,43,bandpass_n20004_cV2_covariance_s5,phase2/results/predictions/full/clean_only/resnet/seed_43/bandpass_n20004_cV2_covariance_s5.npz,76024,78196c96bf5784c6e328c9a26c986d6b30bdc3ce96278734ccfb67005a9b80e2
resnet,clean_only,43,bandpass_n20004_cV2_covariance_s0,phase2/results/predictions/full/clean_only/resnet/seed_43/bandpass_n20004_cV2_covariance_s0.npz,75589,ef1f41a42c77e88c6e399bffab2154925a5645395e2890e91b20126d17da9395
resnet,clean_only,43,bandpass_n20004_cV3_independent_rms_s20,phase2/results/predictions/full/clean_only/resnet/seed_43/bandpass_n20004_cV3_independent_rms_s20.npz,76432,9b61500b3ee6fdfb38d5ff88ff6f1df8f6b0c9299e11610917e4e4a7560dfa87
resnet,clean_only,43,bandpass_n20004_cV3_independent_rms_s15,phase2/results/predictions/full/clean_only/resnet/seed_43/bandpass_n20004_cV3_independent_rms_s15.npz,76388,bd275ee7c94b843fd3c4f4eda10bef4ade9543a47ff5f9f96af2831b0df87e1f
resnet,clean_only,43,bandpass_n20004_cV3_independent_rms_s10,phase2/results/predictions/full/clean_only/resnet/seed_43/bandpass_n20004_cV3_independent_rms_s10.npz,76302,f2bb3b684d5e56d943d4f364fa60873d251a0ac1c4183da8d6afbaafa2b38cb4
resnet,clean_only,43,bandpass_n20004_cV3_independent_rms_s5,phase2/results/predictions/full/clean_only/resnet/seed_43/bandpass_n20004_cV3_independent_rms_s5.npz,76069,b44a695999c6d17ebabc001bb72e178484fbdb1915f8e0d774724984a20f6421
resnet,clean_only,43,bandpass_n20004_cV3_independent_rms_s0,phase2/results/predictions/full/clean_only/resnet/seed_43/bandpass_n20004_cV3_independent_rms_s0.npz,75686,704a70424be1c3db2b3c0d79d4c5b9e3744872cdc98caf0cf223406b7aa38897
resnet,clean_only,43,bandpass_n20004_cV3_electrode_s20,phase2/results/predictions/full/clean_only/resnet/seed_43/bandpass_n20004_cV3_electrode_s20.npz,76405,eefae7197b76efd672477ff95ea23a64697d9460f2b60d757dc0c15aedc63ac5
resnet,clean_only,43,bandpass_n20004_cV3_electrode_s15,phase2/results/predictions/full/clean_only/resnet/seed_43/bandpass_n20004_cV3_electrode_s15.npz,76390,507bd18e603417cb4eea6f34ad4d6e322ee3166eef7b35f6044dc1d549db30e6
resnet,clean_only,43,bandpass_n20004_cV3_electrode_s10,phase2/results/predictions/full/clean_only/resnet/seed_43/bandpass_n20004_cV3_electrode_s10.npz,76277,8b33e009743af7ced1d824953780adf9793fff56fd75cf2667bd3027861d4771
resnet,clean_only,43,bandpass_n20004_cV3_electrode_s5,phase2/results/predictions/full/clean_only/resnet/seed_43/bandpass_n20004_cV3_electrode_s5.npz,76067,7c20ee5ff23f33224c60ac93e8f1caf8e886043b34d9cfd87501dad5fa975537
resnet,clean_only,43,bandpass_n20004_cV3_electrode_s0,phase2/results/predictions/full/clean_only/resnet/seed_43/bandpass_n20004_cV3_electrode_s0.npz,75690,199e2dfaa4a4bf0dbdce9191ce9bed85fcf6471790230d5d7e64799c1ea27343
resnet,clean_only,43,bandpass_n20004_cV3_covariance_s20,phase2/results/predictions/full/clean_only/resnet/seed_43/bandpass_n20004_cV3_covariance_s20.npz,76433,bfa5d97369418b5575983aac6d8a8c25a76cb60e4822a37361a6c17683f31db5
resnet,clean_only,43,bandpass_n20004_cV3_covariance_s15,phase2/results/predictions/full/clean_only/resnet/seed_43/bandpass_n20004_cV3_covariance_s15.npz,76402,54cb2aeed9e8c6a5eddb3a969d67cf067ff07867c041b09b55b6afd60e0f717c
resnet,clean_only,43,bandpass_n20004_cV3_covariance_s10,phase2/results/predictions/full/clean_only/resnet/seed_43/bandpass_n20004_cV3_covariance_s10.npz,76286,13c92f0d295e4879163434281a20f369a2553b37a0e136328c633991512056f7
resnet,clean_only,43,bandpass_n20004_cV3_covariance_s5,phase2/results/predictions/full/clean_only/resnet/seed_43/bandpass_n20004_cV3_covariance_s5.npz,76070,726aea28b588edb2bcaa7c80117f0047cff706ac634d165744896c28e825f63e
resnet,clean_only,43,bandpass_n20004_cV3_covariance_s0,phase2/results/predictions/full/clean_only/resnet/seed_43/bandpass_n20004_cV3_covariance_s0.npz,75695,38469815b08528d6a84271d883dd7324758c01831d38f58b1efbe88a20e5fca0
resnet,clean_only,43,bandpass_n20004_cV4_independent_rms_s20,phase2/results/predictions/full/clean_only/resnet/seed_43/bandpass_n20004_cV4_independent_rms_s20.npz,76424,c7f668aa108dfcc4dff220b30e03a8df6564587d9652d48730d0f4ad69424f97
resnet,clean_only,43,bandpass_n20004_cV4_independent_rms_s15,phase2/results/predictions/full/clean_only/resnet/seed_43/bandpass_n20004_cV4_independent_rms_s15.npz,76388,959c9eeadb3aef0b97f4990f7baf10ebf6187c47350c6dbff6bba09356c5889a
resnet,clean_only,43,bandpass_n20004_cV4_independent_rms_s10,phase2/results/predictions/full/clean_only/resnet/seed_43/bandpass_n20004_cV4_independent_rms_s10.npz,76273,a44792c996186753b7457c105db78a1374a786b94e0914e9cf30ded66643b98f
resnet,clean_only,43,bandpass_n20004_cV4_independent_rms_s5,phase2/results/predictions/full/clean_only/resnet/seed_43/bandpass_n20004_cV4_independent_rms_s5.npz,76076,7832340d0ae66929b25e81e0334b104e9b362221378a8bd6c5cc02fd653ba472
resnet,clean_only,43,bandpass_n20004_cV4_independent_rms_s0,phase2/results/predictions/full/clean_only/resnet/seed_43/bandpass_n20004_cV4_independent_rms_s0.npz,75784,831b88dc303d79560bf746c43d3a9de982390a6aa76488385f1068787afdddc7
resnet,clean_only,43,bandpass_n20004_cV4_electrode_s20,phase2/results/predictions/full/clean_only/resnet/seed_43/bandpass_n20004_cV4_electrode_s20.npz,76412,56f9bdfc97135f1da9512ffbd913fa8739efc9580b727f81b8db67e33efc75e0
resnet,clean_only,43,bandpass_n20004_cV4_electrode_s15,phase2/results/predictions/full/clean_only/resnet/seed_43/bandpass_n20004_cV4_electrode_s15.npz,76382,9aa7e705961b2c118ea369ea1a46b68c39831662b1471ef033fbac5382f794e5
resnet,clean_only,43,bandpass_n20004_cV4_electrode_s10,phase2/results/predictions/full/clean_only/resnet/seed_43/bandpass_n20004_cV4_electrode_s10.npz,76259,2daef74585340afcf0dc02e98e4f3068859fc395078aff50f1f97565e54de176
resnet,clean_only,43,bandpass_n20004_cV4_electrode_s5,phase2/results/predictions/full/clean_only/resnet/seed_43/bandpass_n20004_cV4_electrode_s5.npz,76047,4df35967d92a632cf67303f98a640829584b7735954c78218925aefe91a05676
resnet,clean_only,43,bandpass_n20004_cV4_electrode_s0,phase2/results/predictions/full/clean_only/resnet/seed_43/bandpass_n20004_cV4_electrode_s0.npz,75773,da3cd78942df871bd459a385dd09cd6ad69ff622a7317e1af1636ac07bc1daeb
resnet,clean_only,43,bandpass_n20004_cV4_covariance_s20,phase2/results/predictions/full/clean_only/resnet/seed_43/bandpass_n20004_cV4_covariance_s20.npz,76428,6d11f2a21540477b54575072ae3304625d36d80d70bd47d1606d0e77b07f2203
resnet,clean_only,43,bandpass_n20004_cV4_covariance_s15,phase2/results/predictions/full/clean_only/resnet/seed_43/bandpass_n20004_cV4_covariance_s15.npz,76397,8b86c2dd297f434dedd305c9974f83afeb4c1d2194a9a67bfc9a8b2d0ae304a1
resnet,clean_only,43,bandpass_n20004_cV4_covariance_s10,phase2/results/predictions/full/clean_only/resnet/seed_43/bandpass_n20004_cV4_covariance_s10.npz,76312,5cd25fb9913e070b22b2320256ccd33fa631748e5f15bcc3602f1b10a89fb204
resnet,clean_only,43,bandpass_n20004_cV4_covariance_s5,phase2/results/predictions/full/clean_only/resnet/seed_43/bandpass_n20004_cV4_covariance_s5.npz,76056,c4f9dc01e73f0fb0f416d4fc6ca287ba3a2f0fc5f39aa6ae6d92cb25f49c7db7
resnet,clean_only,43,bandpass_n20004_cV4_covariance_s0,phase2/results/predictions/full/clean_only/resnet/seed_43/bandpass_n20004_cV4_covariance_s0.npz,75744,a9b7260798381a366a868dc2fafc77c2738fd3f4beeef5b83d013b4015d36ed9
resnet,clean_only,43,bandpass_n20004_cV5_independent_rms_s20,phase2/results/predictions/full/clean_only/resnet/seed_43/bandpass_n20004_cV5_independent_rms_s20.npz,76406,9b6f25d94feb908e8b2547caac29aabde62d2fc28d9b9d91d7b8459d55ca2d24
resnet,clean_only,43,bandpass_n20004_cV5_independent_rms_s15,phase2/results/predictions/full/clean_only/resnet/seed_43/bandpass_n20004_cV5_independent_rms_s15.npz,76382,2f106923120245b21675cb26e3876af8ed5b3cf5fc1f64d5b52d59da0ef5c4cf
resnet,clean_only,43,bandpass_n20004_cV5_independent_rms_s10,phase2/results/predictions/full/clean_only/resnet/seed_43/bandpass_n20004_cV5_independent_rms_s10.npz,76262,7c1466c84cee637ec41cb266b133a02447b37114bed08b46f60180aa809ef083
resnet,clean_only,43,bandpass_n20004_cV5_independent_rms_s5,phase2/results/predictions/full/clean_only/resnet/seed_43/bandpass_n20004_cV5_independent_rms_s5.npz,75994,eee1590af37a7a9a53e6774b14bab3f97f73953cdd8727d953b8d76fb13f086d
resnet,clean_only,43,bandpass_n20004_cV5_independent_rms_s0,phase2/results/predictions/full/clean_only/resnet/seed_43/bandpass_n20004_cV5_independent_rms_s0.npz,75607,d1ea1a2cfa1c0aadcaba6d825cd5485d5c9d47b8035a9e15eaf2e98c4e378265
resnet,clean_only,43,bandpass_n20004_cV5_electrode_s20,phase2/results/predictions/full/clean_only/resnet/seed_43/bandpass_n20004_cV5_electrode_s20.npz,76400,3645a2d07addeba237cc934191211bb94ef9c17e365823151f2282e398e231cc
resnet,clean_only,43,bandpass_n20004_cV5_electrode_s15,phase2/results/predictions/full/clean_only/resnet/seed_43/bandpass_n20004_cV5_electrode_s15.npz,76381,0300b0ba6b180b7c09ce1962a856cc7af00735e69f78f6bf281d16f225fc8ad0
resnet,clean_only,43,bandpass_n20004_cV5_electrode_s10,phase2/results/predictions/full/clean_only/resnet/seed_43/bandpass_n20004_cV5_electrode_s10.npz,76267,ac5552af68b5de9c258858c99665fb170d7be7471c78de6cd910dfddc5727a83
resnet,clean_only,43,bandpass_n20004_cV5_electrode_s5,phase2/results/predictions/full/clean_only/resnet/seed_43/bandpass_n20004_cV5_electrode_s5.npz,76001,f89b4397bee8fa41742aa7427b30e90bc12868fd1b999dae4f89c082bd8daeba
resnet,clean_only,43,bandpass_n20004_cV5_electrode_s0,phase2/results/predictions/full/clean_only/resnet/seed_43/bandpass_n20004_cV5_electrode_s0.npz,75604,2e1dbf8298b0479b9371d9e65489fca5aaec34dca85747aadc535e396b5a78d3
resnet,clean_only,43,bandpass_n20004_cV5_covariance_s20,phase2/results/predictions/full/clean_only/resnet/seed_43/bandpass_n20004_cV5_covariance_s20.npz,76386,459275bf243d93334de6cc65f522dd8a1d3642104c1a2bca31526738fefb4ae9
resnet,clean_only,43,bandpass_n20004_cV5_covariance_s15,phase2/results/predictions/full/clean_only/resnet/seed_43/bandpass_n20004_cV5_covariance_s15.npz,76335,667afaeee298564bf52cc35dca75b06d6c0dcda892f98e2c2b6377f76f896d21
resnet,clean_only,43,bandpass_n20004_cV5_covariance_s10,phase2/results/predictions/full/clean_only/resnet/seed_43/bandpass_n20004_cV5_covariance_s10.npz,76241,9197a5bbf1d9097a7fbccf219cad954fc3145da153ad286578aa81ae7372f11e
resnet,clean_only,43,bandpass_n20004_cV5_covariance_s5,phase2/results/predictions/full/clean_only/resnet/seed_43/bandpass_n20004_cV5_covariance_s5.npz,75955,f603657d36f542f0c1f779fe68657475bb3aad6b09069e93c4ca7ce4702e6d0c
resnet,clean_only,43,bandpass_n20004_cV5_covariance_s0,phase2/results/predictions/full/clean_only/resnet/seed_43/bandpass_n20004_cV5_covariance_s0.npz,75625,60d631f9d6294d304727f0d3b94c96d78f701b7c251bd2c4cb2197e36905e240
resnet,clean_only,43,bandpass_n20004_cV6_independent_rms_s20,phase2/results/predictions/full/clean_only/resnet/seed_43/bandpass_n20004_cV6_independent_rms_s20.npz,76461,26a3c12e1bfffdc6ec50614bd86c4ecb47ebcd56e5e5771b59c85779a5425628
resnet,clean_only,43,bandpass_n20004_cV6_independent_rms_s15,phase2/results/predictions/full/clean_only/resnet/seed_43/bandpass_n20004_cV6_independent_rms_s15.npz,76419,b7b4203e7226c959e2ad6b495fdf443b9dc0f945bf199c3ee50e0edb2d2b40d8
resnet,clean_only,43,bandpass_n20004_cV6_independent_rms_s10,phase2/results/predictions/full/clean_only/resnet/seed_43/bandpass_n20004_cV6_independent_rms_s10.npz,76334,a2b301175c00764d06fcbf6196d0db7dbc503f92af174c1822b38f552e53018f
resnet,clean_only,43,bandpass_n20004_cV6_independent_rms_s5,phase2/results/predictions/full/clean_only/resnet/seed_43/bandpass_n20004_cV6_independent_rms_s5.npz,76111,ade2cd7ff928845c7021696d90d0541bc19d9b185e339ed224a3e2cb80c60090
resnet,clean_only,43,bandpass_n20004_cV6_independent_rms_s0,phase2/results/predictions/full/clean_only/resnet/seed_43/bandpass_n20004_cV6_independent_rms_s0.npz,75805,8875fd67d55171d03960e8f1d3fbb3a0d28231fd0494c43efeea19d80734d6b1
resnet,clean_only,43,bandpass_n20004_cV6_electrode_s20,phase2/results/predictions/full/clean_only/resnet/seed_43/bandpass_n20004_cV6_electrode_s20.npz,76427,ef9214ea2ffb849457dc4d27f83f4e495eab679fbd97318d7201dba4c2b6738c
resnet,clean_only,43,bandpass_n20004_cV6_electrode_s15,phase2/results/predictions/full/clean_only/resnet/seed_43/bandpass_n20004_cV6_electrode_s15.npz,76393,14b8fb3b6e8facf3bf1d51cc84afa4e022f5e9afd13bbe0334e62b3f0abfd252
resnet,clean_only,43,bandpass_n20004_cV6_electrode_s10,phase2/results/predictions/full/clean_only/resnet/seed_43/bandpass_n20004_cV6_electrode_s10.npz,76311,e0b9ae0e5eb514b67fbd96695e0f8bff34274443928eaf29f34e9ac72c7c72b6
resnet,clean_only,43,bandpass_n20004_cV6_electrode_s5,phase2/results/predictions/full/clean_only/resnet/seed_43/bandpass_n20004_cV6_electrode_s5.npz,76104,ea62c6f582ef8dc692c965baa7722ccf3cb1dd6ef63900f0fb42c12a0655d143
resnet,clean_only,43,bandpass_n20004_cV6_electrode_s0,phase2/results/predictions/full/clean_only/resnet/seed_43/bandpass_n20004_cV6_electrode_s0.npz,75798,3688eee1686c724f748deda6ef397ab2368b9c794afda46967783613f3018249
resnet,clean_only,43,bandpass_n20004_cV6_covariance_s20,phase2/results/predictions/full/clean_only/resnet/seed_43/bandpass_n20004_cV6_covariance_s20.npz,76405,9b4d85ecbc3322e64f78e2613fba0f02ee4aa06429ec86952ea1cedd1bb9f688
resnet,clean_only,43,bandpass_n20004_cV6_covariance_s15,phase2/results/predictions/full/clean_only/resnet/seed_43/bandpass_n20004_cV6_covariance_s15.npz,76372,9b687a6e09e96136e8756d9360de27a92b7a84cb7a6762c075fd48158f1726bc
resnet,clean_only,43,bandpass_n20004_cV6_covariance_s10,phase2/results/predictions/full/clean_only/resnet/seed_43/bandpass_n20004_cV6_covariance_s10.npz,76306,7494c02296769a4eb15b102192884a537bacf6167f96e081d94c449b22846fe7
resnet,clean_only,43,bandpass_n20004_cV6_covariance_s5,phase2/results/predictions/full/clean_only/resnet/seed_43/bandpass_n20004_cV6_covariance_s5.npz,76093,d6a98199bb76871b16a7d8d53104d4f2206feb2615a3b5107df7aee011e69a48
resnet,clean_only,43,bandpass_n20004_cV6_covariance_s0,phase2/results/predictions/full/clean_only/resnet/seed_43/bandpass_n20004_cV6_covariance_s0.npz,75814,64cb5cde591d9172ca9734308fed1b718297bb743d16ca10d4fa5761c62589bd
resnet,clean_only,43,bandpass_n20004_cRA_LA_independent_rms_s20,phase2/results/predictions/full/clean_only/resnet/seed_43/bandpass_n20004_cRA_LA_independent_rms_s20.npz,76479,0d36221193563e8404846fe7f6e1fb578fcc5545ecc2e6b52978ece0f8c01a4d
resnet,clean_only,43,bandpass_n20004_cRA_LA_independent_rms_s15,phase2/results/predictions/full/clean_only/resnet/seed_43/bandpass_n20004_cRA_LA_independent_rms_s15.npz,76378,6d1f4cc3ef83e5be4aa735144cd4c2a69e5aba9e2eccd39af1df57bcb187fd70
resnet,clean_only,43,bandpass_n20004_cRA_LA_independent_rms_s10,phase2/results/predictions/full/clean_only/resnet/seed_43/bandpass_n20004_cRA_LA_independent_rms_s10.npz,76296,a3d5683903a8f2582dbaed171afa06978178d9547c4f2ce12c4ebed224d3eac3
resnet,clean_only,43,bandpass_n20004_cRA_LA_independent_rms_s5,phase2/results/predictions/full/clean_only/resnet/seed_43/bandpass_n20004_cRA_LA_independent_rms_s5.npz,76022,d44727630e0b2a173ac0378ca40378e1235c533222e3d0f01d9e18ebe6d6ed22
resnet,clean_only,43,bandpass_n20004_cRA_LA_independent_rms_s0,phase2/results/predictions/full/clean_only/resnet/seed_43/bandpass_n20004_cRA_LA_independent_rms_s0.npz,75591,00c0b4e4acce49cc6d59a1714cd20c330deb32735c7493181d320b13cf69195a
resnet,clean_only,43,bandpass_n20004_cRA_LA_electrode_s20,phase2/results/predictions/full/clean_only/resnet/seed_43/bandpass_n20004_cRA_LA_electrode_s20.npz,76426,9afc3cc917e3124756a9c267542d48d75ee2fc2ba8bba6c30825af3a262a75cf
resnet,clean_only,43,bandpass_n20004_cRA_LA_electrode_s15,phase2/results/predictions/full/clean_only/resnet/seed_43/bandpass_n20004_cRA_LA_electrode_s15.npz,76375,94cf7fdf2a250d2dad3fda0fda4b31049b29a2148c20a1c0abc900430110a2be
resnet,clean_only,43,bandpass_n20004_cRA_LA_electrode_s10,phase2/results/predictions/full/clean_only/resnet/seed_43/bandpass_n20004_cRA_LA_electrode_s10.npz,76204,fdb16da74a2d4032dceaabe048a7d9a782dc672beec16e322c6bd518b664146c
resnet,clean_only,43,bandpass_n20004_cRA_LA_electrode_s5,phase2/results/predictions/full/clean_only/resnet/seed_43/bandpass_n20004_cRA_LA_electrode_s5.npz,75973,ffd48fe7981bc74fd290ace763844cd245831ca61bcaace884938cabf76e8a70
resnet,clean_only,43,bandpass_n20004_cRA_LA_electrode_s0,phase2/results/predictions/full/clean_only/resnet/seed_43/bandpass_n20004_cRA_LA_electrode_s0.npz,75475,2000bbf18cb0393a2f0bbcd760b0ec691a572d23ee9c8f9def201d8304e3fae7
resnet,clean_only,43,bandpass_n20004_cRA_LA_covariance_s20,phase2/results/predictions/full/clean_only/resnet/seed_43/bandpass_n20004_cRA_LA_covariance_s20.npz,76410,135bbd1bddd23684ceda93f8216e5bab4da308aa3201481f9ea78eed3f2160e1
resnet,clean_only,43,bandpass_n20004_cRA_LA_covariance_s15,phase2/results/predictions/full/clean_only/resnet/seed_43/bandpass_n20004_cRA_LA_covariance_s15.npz,76409,c8e36c8791dbec0b98afa5ec29939c9b359a48fcf45f177bc5a57a5356ff95cb
resnet,clean_only,43,bandpass_n20004_cRA_LA_covariance_s10,phase2/results/predictions/full/clean_only/resnet/seed_43/bandpass_n20004_cRA_LA_covariance_s10.npz,76246,8a2d7da826e6a333b88c1746d9a2d14cb90bd756e9ce2d4f1790d580af460e48
resnet,clean_only,43,bandpass_n20004_cRA_LA_covariance_s5,phase2/results/predictions/full/clean_only/resnet/seed_43/bandpass_n20004_cRA_LA_covariance_s5.npz,75923,d12085c3803cad047ab7c35ee3c2a7a726d4afc5d3c64abfcdf23ec14039326c
resnet,clean_only,43,bandpass_n20004_cRA_LA_covariance_s0,phase2/results/predictions/full/clean_only/resnet/seed_43/bandpass_n20004_cRA_LA_covariance_s0.npz,75509,85c3fb34928ac190b645b09817047796c5446b19b14d8f2afd1e83d2f8831e4a
resnet,clean_only,43,bandpass_n20004_cLA_LL_independent_rms_s20,phase2/results/predictions/full/clean_only/resnet/seed_43/bandpass_n20004_cLA_LL_independent_rms_s20.npz,76445,f8fdfa6fe1c965b2768af0ead8c6e204324bb405f0cd131715baf8af10e9f2f0
resnet,clean_only,43,bandpass_n20004_cLA_LL_independent_rms_s15,phase2/results/predictions/full/clean_only/resnet/seed_43/bandpass_n20004_cLA_LL_independent_rms_s15.npz,76429,d758b9758f36013316416acd11cc2d60b2584cdead8aa9f9426a6acab2d22362
resnet,clean_only,43,bandpass_n20004_cLA_LL_independent_rms_s10,phase2/results/predictions/full/clean_only/resnet/seed_43/bandpass_n20004_cLA_LL_independent_rms_s10.npz,76289,6afaea3c81b3888363d94f3625d9292eff877bc74a36b4f128aa01418c73d8f2
resnet,clean_only,43,bandpass_n20004_cLA_LL_independent_rms_s5,phase2/results/predictions/full/clean_only/resnet/seed_43/bandpass_n20004_cLA_LL_independent_rms_s5.npz,75983,a4727bcef8bc025b5ace947741348578a33d9e380b4895c65da57eca5da29e51
resnet,clean_only,43,bandpass_n20004_cLA_LL_independent_rms_s0,phase2/results/predictions/full/clean_only/resnet/seed_43/bandpass_n20004_cLA_LL_independent_rms_s0.npz,75607,399652c743cebc134dbc9997ff74229826d8bd106c8bf13407bafd9272da54b8
resnet,clean_only,43,bandpass_n20004_cLA_LL_electrode_s20,phase2/results/predictions/full/clean_only/resnet/seed_43/bandpass_n20004_cLA_LL_electrode_s20.npz,76386,6f91eb983ee7f0f41d60f2c3e3a7ae30041f7811804674dafa9c0c379a9b7789
resnet,clean_only,43,bandpass_n20004_cLA_LL_electrode_s15,phase2/results/predictions/full/clean_only/resnet/seed_43/bandpass_n20004_cLA_LL_electrode_s15.npz,76347,e8ca0857ec49407e08b114e836db00959aeb88ec67a4f83ceca8fd74839c5b8b
resnet,clean_only,43,bandpass_n20004_cLA_LL_electrode_s10,phase2/results/predictions/full/clean_only/resnet/seed_43/bandpass_n20004_cLA_LL_electrode_s10.npz,76181,06ead577eae981cc08761cf87a34c301ea2ccff08d6e096429bbfaf6272f182b
resnet,clean_only,43,bandpass_n20004_cLA_LL_electrode_s5,phase2/results/predictions/full/clean_only/resnet/seed_43/bandpass_n20004_cLA_LL_electrode_s5.npz,75922,b5b2b1b61e059cadf78bfd5ea2bae6907933f6fcc1adb536d53ca4039ec79c43
resnet,clean_only,43,bandpass_n20004_cLA_LL_electrode_s0,phase2/results/predictions/full/clean_only/resnet/seed_43/bandpass_n20004_cLA_LL_electrode_s0.npz,75725,5cd3162e22b242eebe1bc112eb9b05b29098ddc22e0ddf401cc6e2d76901dc91
resnet,clean_only,43,bandpass_n20004_cLA_LL_covariance_s20,phase2/results/predictions/full/clean_only/resnet/seed_43/bandpass_n20004_cLA_LL_covariance_s20.npz,76406,bc88b06b6d2236b4315344e6cee8a195411a75536a9666fce087ad1ee58b2e7e
resnet,clean_only,43,bandpass_n20004_cLA_LL_covariance_s15,phase2/results/predictions/full/clean_only/resnet/seed_43/bandpass_n20004_cLA_LL_covariance_s15.npz,76391,dc1caf9c9f0a4531433c3dfc89c9b08498496622ae091e00cc9212745a3faf38
resnet,clean_only,43,bandpass_n20004_cLA_LL_covariance_s10,phase2/results/predictions/full/clean_only/resnet/seed_43/bandpass_n20004_cLA_LL_covariance_s10.npz,76192,ee3ca5c34bb1519393f4d3eb3ceee2c75f33193bd88833b70a532275e023d95c
resnet,clean_only,43,bandpass_n20004_cLA_LL_covariance_s5,phase2/results/predictions/full/clean_only/resnet/seed_43/bandpass_n20004_cLA_LL_covariance_s5.npz,75905,58e1dee686b9c09d51c64faaa9440f057fe207260ae548fbda58a03d10d17b42
resnet,clean_only,43,bandpass_n20004_cLA_LL_covariance_s0,phase2/results/predictions/full/clean_only/resnet/seed_43/bandpass_n20004_cLA_LL_covariance_s0.npz,75705,91b1535c3b4daa0c0e8096dd9371b4079baf198fadcc8387051548da7d0d29f4
resnet,clean_only,43,bandpass_n20004_cRA_LL_independent_rms_s20,phase2/results/predictions/full/clean_only/resnet/seed_43/bandpass_n20004_cRA_LL_independent_rms_s20.npz,76453,9bf37de3a18361e46516e47e17e3d0d7781fbaef0efebc08d6eff0979768cf85
resnet,clean_only,43,bandpass_n20004_cRA_LL_independent_rms_s15,phase2/results/predictions/full/clean_only/resnet/seed_43/bandpass_n20004_cRA_LL_independent_rms_s15.npz,76392,27d62c54a22532b775d9aff967cadf003324b0bf051743e005a733f1f7de7686
resnet,clean_only,43,bandpass_n20004_cRA_LL_independent_rms_s10,phase2/results/predictions/full/clean_only/resnet/seed_43/bandpass_n20004_cRA_LL_independent_rms_s10.npz,76240,e16f29af217ddce9555a6c382d3f662937cb4d149f39aa5b309ad524d8085ae6
resnet,clean_only,43,bandpass_n20004_cRA_LL_independent_rms_s5,phase2/results/predictions/full/clean_only/resnet/seed_43/bandpass_n20004_cRA_LL_independent_rms_s5.npz,76044,89e2bee02820ca45be72144e2e5cc8bd223b57de14c1f791adec63e88bd1b7d9
resnet,clean_only,43,bandpass_n20004_cRA_LL_independent_rms_s0,phase2/results/predictions/full/clean_only/resnet/seed_43/bandpass_n20004_cRA_LL_independent_rms_s0.npz,75601,04d74105a3b75a3518a53dc0b44c227bc1fff3c0e3374993812bededd0d2cf30
resnet,clean_only,43,bandpass_n20004_cRA_LL_electrode_s20,phase2/results/predictions/full/clean_only/resnet/seed_43/bandpass_n20004_cRA_LL_electrode_s20.npz,76422,79894381bac216c315558950d2df5998b6b538a722e5a9429e440a613f47b41c
resnet,clean_only,43,bandpass_n20004_cRA_LL_electrode_s15,phase2/results/predictions/full/clean_only/resnet/seed_43/bandpass_n20004_cRA_LL_electrode_s15.npz,76349,3d34ae81b91c6d881f3768aa7f1ee8f14b2871553cb1c4e06ddd01fabc818750
resnet,clean_only,43,bandpass_n20004_cRA_LL_electrode_s10,phase2/results/predictions/full/clean_only/resnet/seed_43/bandpass_n20004_cRA_LL_electrode_s10.npz,76164,ef6df313ea09771f1358b1b53dc71fd46c0b5116623ba7af2645f25290906abf
resnet,clean_only,43,bandpass_n20004_cRA_LL_electrode_s5,phase2/results/predictions/full/clean_only/resnet/seed_43/bandpass_n20004_cRA_LL_electrode_s5.npz,75911,68bbfb7de43fe9fae439d97712f813b6dda88425ea010b4322691d89811e9588
resnet,clean_only,43,bandpass_n20004_cRA_LL_electrode_s0,phase2/results/predictions/full/clean_only/resnet/seed_43/bandpass_n20004_cRA_LL_electrode_s0.npz,75602,43edbc39992948c1c3a52f6748b224c72b9c4bafe5d22cfcac282977fd6dcfa9
resnet,clean_only,43,bandpass_n20004_cRA_LL_covariance_s20,phase2/results/predictions/full/clean_only/resnet/seed_43/bandpass_n20004_cRA_LL_covariance_s20.npz,76416,65871561385c2b3b93daa7ecfd15969faa11bc0471dcaaea5fd9fc0f50a7b3e6
resnet,clean_only,43,bandpass_n20004_cRA_LL_covariance_s15,phase2/results/predictions/full/clean_only/resnet/seed_43/bandpass_n20004_cRA_LL_covariance_s15.npz,76365,f59129ef6a8a34e6bbcd6c40e0ee687b13c9d823de57fbb962e6609d41f63251
resnet,clean_only,43,bandpass_n20004_cRA_LL_covariance_s10,phase2/results/predictions/full/clean_only/resnet/seed_43/bandpass_n20004_cRA_LL_covariance_s10.npz,76180,7bfe39f1cbc2b1f5274e6916e3f90d1b1caacb95525ffdea54b31eedbca12008
resnet,clean_only,43,bandpass_n20004_cRA_LL_covariance_s5,phase2/results/predictions/full/clean_only/resnet/seed_43/bandpass_n20004_cRA_LL_covariance_s5.npz,75904,3890e38a8766196abcfb2a7c3de16bda7bfc5e5bede88489c8cdb24dd964f1f1
resnet,clean_only,43,bandpass_n20004_cRA_LL_covariance_s0,phase2/results/predictions/full/clean_only/resnet/seed_43/bandpass_n20004_cRA_LL_covariance_s0.npz,75526,2b273b0ca1b628015413c9897ab7382b3a8f7537ada64434398085636fe49154
resnet,clean_only,43,bandpass_n20004_cRA_independent_rms_s20,phase2/results/predictions/full/clean_only/resnet/seed_43/bandpass_n20004_cRA_independent_rms_s20.npz,76418,10b61ae437d6683b77f3c22411f2350b0e3715ab41bf4767bdbb35fe0ba99f25
resnet,clean_only,43,bandpass_n20004_cRA_independent_rms_s15,phase2/results/predictions/full/clean_only/resnet/seed_43/bandpass_n20004_cRA_independent_rms_s15.npz,76399,97163f5b9b9ff9c8f046c4bda390225dc0a5ba97be22016a2769ff591f583aa0
resnet,clean_only,43,bandpass_n20004_cRA_independent_rms_s10,phase2/results/predictions/full/clean_only/resnet/seed_43/bandpass_n20004_cRA_independent_rms_s10.npz,76262,f090291826e4aed7a880fbe9fa76cfccf5b6f3b262b97719b11707c3ecfb1dab
resnet,clean_only,43,bandpass_n20004_cRA_independent_rms_s5,phase2/results/predictions/full/clean_only/resnet/seed_43/bandpass_n20004_cRA_independent_rms_s5.npz,76028,88c3005add1dd39134772cfd366d35ff2adb71ba0d55980efce91ed1c17567c0
resnet,clean_only,43,bandpass_n20004_cRA_independent_rms_s0,phase2/results/predictions/full/clean_only/resnet/seed_43/bandpass_n20004_cRA_independent_rms_s0.npz,75577,312179158602bcbb1eb7f94756f231a7551af82695b4c6dfa3cbd14e0b046b33
resnet,clean_only,43,bandpass_n20004_cRA_electrode_s20,phase2/results/predictions/full/clean_only/resnet/seed_43/bandpass_n20004_cRA_electrode_s20.npz,76450,3d668935e51a34f7834df853dde21764da2f4464e74c8a297e1d0730172bee0c
resnet,clean_only,43,bandpass_n20004_cRA_electrode_s15,phase2/results/predictions/full/clean_only/resnet/seed_43/bandpass_n20004_cRA_electrode_s15.npz,76385,263fab55aebb0261abb67212f75691fad266829d8bf307b61dc56c244b19e2a9
resnet,clean_only,43,bandpass_n20004_cRA_electrode_s10,phase2/results/predictions/full/clean_only/resnet/seed_43/bandpass_n20004_cRA_electrode_s10.npz,76225,7767d8cf408053fedc20c1522ea55f5eaf209c1c18e0243cde8fdf74bac0ae7e
resnet,clean_only,43,bandpass_n20004_cRA_electrode_s5,phase2/results/predictions/full/clean_only/resnet/seed_43/bandpass_n20004_cRA_electrode_s5.npz,75931,420c79baf32500bdfbfe13299aa6c72b2038ff62f9c8cd9b750b05c1d8a03bf0
resnet,clean_only,43,bandpass_n20004_cRA_electrode_s0,phase2/results/predictions/full/clean_only/resnet/seed_43/bandpass_n20004_cRA_electrode_s0.npz,75466,9d62386e16673453dd6f244ef012dec0e1e23afd59fe920f1149d59070c78bde
resnet,clean_only,43,bandpass_n20004_cRA_covariance_s20,phase2/results/predictions/full/clean_only/resnet/seed_43/bandpass_n20004_cRA_covariance_s20.npz,76434,b05be3dcfd53fe5dc700ff481fc6660b2b9756443d4c401ef34a8662e665edf9
resnet,clean_only,43,bandpass_n20004_cRA_covariance_s15,phase2/results/predictions/full/clean_only/resnet/seed_43/bandpass_n20004_cRA_covariance_s15.npz,76380,568ea277e63ad7020ad9d882384e65f0a40358b594f027ee0084d3f2be6f181e
resnet,clean_only,43,bandpass_n20004_cRA_covariance_s10,phase2/results/predictions/full/clean_only/resnet/seed_43/bandpass_n20004_cRA_covariance_s10.npz,76226,9bf3f1fa68c52a8bd2664d0188d2dfe67d1627447c3155d90ac3501a1c9fed7d
resnet,clean_only,43,bandpass_n20004_cRA_covariance_s5,phase2/results/predictions/full/clean_only/resnet/seed_43/bandpass_n20004_cRA_covariance_s5.npz,75951,2e71e39a3cf1c6d9458d891c2818a1d4e66389b5a91c5c5b969587575f9420fc
resnet,clean_only,43,bandpass_n20004_cRA_covariance_s0,phase2/results/predictions/full/clean_only/resnet/seed_43/bandpass_n20004_cRA_covariance_s0.npz,75444,e5d5b0468cb8073a536cab3d73475d8b1de0d3e12d205f568434f93426954fee
resnet,clean_only,43,bandpass_n20004_cLA_independent_rms_s20,phase2/results/predictions/full/clean_only/resnet/seed_43/bandpass_n20004_cLA_independent_rms_s20.npz,76446,9040f5556f079c27eb48bc407fa27279a25c1cdd6b4f441f439e18c996eecf25
resnet,clean_only,43,bandpass_n20004_cLA_independent_rms_s15,phase2/results/predictions/full/clean_only/resnet/seed_43/bandpass_n20004_cLA_independent_rms_s15.npz,76410,84e718dccf92d2604fe785d7d544b67513d5ad4d89295a5edd3b260a16180caa
resnet,clean_only,43,bandpass_n20004_cLA_independent_rms_s10,phase2/results/predictions/full/clean_only/resnet/seed_43/bandpass_n20004_cLA_independent_rms_s10.npz,76283,6234adae24dd712c2730a66bb26938efa1c0cd280ac0416cfcdc79ff17460ff8
resnet,clean_only,43,bandpass_n20004_cLA_independent_rms_s5,phase2/results/predictions/full/clean_only/resnet/seed_43/bandpass_n20004_cLA_independent_rms_s5.npz,76022,5d3c7617ede9bb7b83b5818f7378ea8ec9e91fdc024306c88cf215352d68fef6
resnet,clean_only,43,bandpass_n20004_cLA_independent_rms_s0,phase2/results/predictions/full/clean_only/resnet/seed_43/bandpass_n20004_cLA_independent_rms_s0.npz,75594,8f9d2beaa72c2d20da4d0b1cccc0af18f713d9f14abcffdfd302dbb04c05346a
resnet,clean_only,43,bandpass_n20004_cLA_electrode_s20,phase2/results/predictions/full/clean_only/resnet/seed_43/bandpass_n20004_cLA_electrode_s20.npz,76418,ffee4c8e6482d549c92184df0a1fa3cd7baa5e1bf06c27e8ac6e52367a889d2f
resnet,clean_only,43,bandpass_n20004_cLA_electrode_s15,phase2/results/predictions/full/clean_only/resnet/seed_43/bandpass_n20004_cLA_electrode_s15.npz,76370,e88619b647db06ec4d3592be8d267f59e5314079ceb621c5f3016c71d68caf28
resnet,clean_only,43,bandpass_n20004_cLA_electrode_s10,phase2/results/predictions/full/clean_only/resnet/seed_43/bandpass_n20004_cLA_electrode_s10.npz,76265,2bb756e9b04b1dffdb41b7fd9c8f478ffcc7b5b201a4553eadb7531618d76aca
resnet,clean_only,43,bandpass_n20004_cLA_electrode_s5,phase2/results/predictions/full/clean_only/resnet/seed_43/bandpass_n20004_cLA_electrode_s5.npz,75962,6cae04f64ff246f300d1604ed8510e6ccf76e78634fe2e5237419f5501390d40
resnet,clean_only,43,bandpass_n20004_cLA_electrode_s0,phase2/results/predictions/full/clean_only/resnet/seed_43/bandpass_n20004_cLA_electrode_s0.npz,75587,3eb9bed97380df862d4a21f9edbed4d72ac1bbfdb92f2a4b924870e006332f6e
resnet,clean_only,43,bandpass_n20004_cLA_covariance_s20,phase2/results/predictions/full/clean_only/resnet/seed_43/bandpass_n20004_cLA_covariance_s20.npz,76436,705ae89a22ef33243c655ac5087efe17ae499078b0c427de09e7207f18b75134
resnet,clean_only,43,bandpass_n20004_cLA_covariance_s15,phase2/results/predictions/full/clean_only/resnet/seed_43/bandpass_n20004_cLA_covariance_s15.npz,76379,d4fd7c6f58c3e49ea03e9259fb9a945dffc487da90a6676e7ad2ecb1a9a986d6
resnet,clean_only,43,bandpass_n20004_cLA_covariance_s10,phase2/results/predictions/full/clean_only/resnet/seed_43/bandpass_n20004_cLA_covariance_s10.npz,76241,fce411e3ee0319e5ee22c1ab94fdf6ee506bf13d09b1f6812a9918262cf53ec9
resnet,clean_only,43,bandpass_n20004_cLA_covariance_s5,phase2/results/predictions/full/clean_only/resnet/seed_43/bandpass_n20004_cLA_covariance_s5.npz,75977,0a7ecb16f2587375ef8ab50cbf5d740305d0bb40ad9c496933e6c02b5bc85c2d
resnet,clean_only,43,bandpass_n20004_cLA_covariance_s0,phase2/results/predictions/full/clean_only/resnet/seed_43/bandpass_n20004_cLA_covariance_s0.npz,75586,b8c7759226e20d9d9a7a2552271985bfe3899808685e7b1165fd906dbe62f520
resnet,clean_only,43,bandpass_n20004_cLL_independent_rms_s20,phase2/results/predictions/full/clean_only/resnet/seed_43/bandpass_n20004_cLL_independent_rms_s20.npz,76418,2d8b0fe004e63892f16a94e9fc4bbc4c9ab7cb00b507c0f2ece9a647bc08dadd
resnet,clean_only,43,bandpass_n20004_cLL_independent_rms_s15,phase2/results/predictions/full/clean_only/resnet/seed_43/bandpass_n20004_cLL_independent_rms_s15.npz,76393,1d39d4657fb01c54dc574e5996b727d3a25f42b3e5c12fcad09867b09c6fa2ba
resnet,clean_only,43,bandpass_n20004_cLL_independent_rms_s10,phase2/results/predictions/full/clean_only/resnet/seed_43/bandpass_n20004_cLL_independent_rms_s10.npz,76279,24f8de714270caf9d1aa444ec713d616733282f832e12fd0cc3fc1e9dea977c8
resnet,clean_only,43,bandpass_n20004_cLL_independent_rms_s5,phase2/results/predictions/full/clean_only/resnet/seed_43/bandpass_n20004_cLL_independent_rms_s5.npz,76022,847fdfe1c0b72620b8d74dcdf04d95fd52a11b5d113ed9b8d26e9c727a1612a5
resnet,clean_only,43,bandpass_n20004_cLL_independent_rms_s0,phase2/results/predictions/full/clean_only/resnet/seed_43/bandpass_n20004_cLL_independent_rms_s0.npz,75604,3df8d57c5cdcbe7209a1e00e29457ccf3b55ab30c0871387c1777de849a9fc2c
resnet,clean_only,43,bandpass_n20004_cLL_electrode_s20,phase2/results/predictions/full/clean_only/resnet/seed_43/bandpass_n20004_cLL_electrode_s20.npz,76395,5f400d4e33ce5722cc110605a0452545e0b1ea300948c1e017932939dfa8112b
resnet,clean_only,43,bandpass_n20004_cLL_electrode_s15,phase2/results/predictions/full/clean_only/resnet/seed_43/bandpass_n20004_cLL_electrode_s15.npz,76338,7df57dd6ef8f272c9bfe59361c7e0d8f13759ed787b9326fb2205a7c731a10de
resnet,clean_only,43,bandpass_n20004_cLL_electrode_s10,phase2/results/predictions/full/clean_only/resnet/seed_43/bandpass_n20004_cLL_electrode_s10.npz,76130,30d44a1a8e39e09e0cbd11f95be651aa892ac445fe22d4f2b93c77550fdb2635
resnet,clean_only,43,bandpass_n20004_cLL_electrode_s5,phase2/results/predictions/full/clean_only/resnet/seed_43/bandpass_n20004_cLL_electrode_s5.npz,75920,960226b240274daedb7135da4ebafe34a2ed21f51ba9984fa7b26009a1641e90
resnet,clean_only,43,bandpass_n20004_cLL_electrode_s0,phase2/results/predictions/full/clean_only/resnet/seed_43/bandpass_n20004_cLL_electrode_s0.npz,75817,cc6a79818de73264de098ef1ad9efe27de614630cdf14986b430664f4545cf34
resnet,clean_only,43,bandpass_n20004_cLL_covariance_s20,phase2/results/predictions/full/clean_only/resnet/seed_43/bandpass_n20004_cLL_covariance_s20.npz,76433,51450ed95c85ed0b4e3d459ca2d377663bf4fd124da03b5bc0d6f5134ff66e59
resnet,clean_only,43,bandpass_n20004_cLL_covariance_s15,phase2/results/predictions/full/clean_only/resnet/seed_43/bandpass_n20004_cLL_covariance_s15.npz,76320,59b5d312161b97d241aabe7c261e451b489c1b2306d37af2ce4b7564e5bf667b
resnet,clean_only,43,bandpass_n20004_cLL_covariance_s10,phase2/results/predictions/full/clean_only/resnet/seed_43/bandpass_n20004_cLL_covariance_s10.npz,76144,5eb79ca968db472c9a191f1d50dd71960a89e3b57f506971df31a66e68ed2d37
resnet,clean_only,43,bandpass_n20004_cLL_covariance_s5,phase2/results/predictions/full/clean_only/resnet/seed_43/bandpass_n20004_cLL_covariance_s5.npz,75921,107a414df84ff0e8ecc282e954166044ee04aacaa0e263c03ddea5eb2b9e34a0
resnet,clean_only,43,bandpass_n20004_cLL_covariance_s0,phase2/results/predictions/full/clean_only/resnet/seed_43/bandpass_n20004_cLL_covariance_s0.npz,75845,94325d543eff9f7a9bd159dea6ccce5b9fac4943f0a1ba7f868bdabc39e7b017
resnet,clean_only,43,bandpass_n20004_cRA_V1_independent_rms_s20,phase2/results/predictions/full/clean_only/resnet/seed_43/bandpass_n20004_cRA_V1_independent_rms_s20.npz,76430,9bbde72ef890769ea6f023fc2377cdb123016f1d94c6cbe9c67d993c7910fba2
resnet,clean_only,43,bandpass_n20004_cRA_V1_independent_rms_s15,phase2/results/predictions/full/clean_only/resnet/seed_43/bandpass_n20004_cRA_V1_independent_rms_s15.npz,76377,c2fc41d91364abb3d0afa9dc6cebf86b09d2805c48a5421c27c4680a28f5abd2
resnet,clean_only,43,bandpass_n20004_cRA_V1_independent_rms_s10,phase2/results/predictions/full/clean_only/resnet/seed_43/bandpass_n20004_cRA_V1_independent_rms_s10.npz,76272,676409c1b376d5a4d88edb9137df81cdb27b6e4775f3c49ce64d2370ce2c09e6
resnet,clean_only,43,bandpass_n20004_cRA_V1_independent_rms_s5,phase2/results/predictions/full/clean_only/resnet/seed_43/bandpass_n20004_cRA_V1_independent_rms_s5.npz,76044,eb538c34367a7236bc6f2e945088eda85f95109bbd2f05312f5ae0400d77fcba
resnet,clean_only,43,bandpass_n20004_cRA_V1_independent_rms_s0,phase2/results/predictions/full/clean_only/resnet/seed_43/bandpass_n20004_cRA_V1_independent_rms_s0.npz,75583,021e9d0ee74761ee8311a8d66da1a43fd77c1a744c71bbc09e7a743304374437
resnet,clean_only,43,bandpass_n20004_cRA_V1_electrode_s20,phase2/results/predictions/full/clean_only/resnet/seed_43/bandpass_n20004_cRA_V1_electrode_s20.npz,76476,8d15c077a8a913c570f2492d849fc2490626ae2eb02029c4df6c4a9a1d5e7374
resnet,clean_only,43,bandpass_n20004_cRA_V1_electrode_s15,phase2/results/predictions/full/clean_only/resnet/seed_43/bandpass_n20004_cRA_V1_electrode_s15.npz,76373,4225413b65612a2c964a8e515ba4430f6d8b3058135b78dcea3e4c9e96738ad1
resnet,clean_only,43,bandpass_n20004_cRA_V1_electrode_s10,phase2/results/predictions/full/clean_only/resnet/seed_43/bandpass_n20004_cRA_V1_electrode_s10.npz,76238,c81f3ca42988ce190175261dce2f7ea1087533c685f622b8105682736b4d9cd2
resnet,clean_only,43,bandpass_n20004_cRA_V1_electrode_s5,phase2/results/predictions/full/clean_only/resnet/seed_43/bandpass_n20004_cRA_V1_electrode_s5.npz,75966,0421e5f740c080404193fd81a034f866b424e43b14c3ccf4da1e341a36727e5b
resnet,clean_only,43,bandpass_n20004_cRA_V1_electrode_s0,phase2/results/predictions/full/clean_only/resnet/seed_43/bandpass_n20004_cRA_V1_electrode_s0.npz,75444,8cfe6be5e538d3543e7d0033eea81bf47ee7a947475a32b24d905feab26f1d80
resnet,clean_only,43,bandpass_n20004_cRA_V1_covariance_s20,phase2/results/predictions/full/clean_only/resnet/seed_43/bandpass_n20004_cRA_V1_covariance_s20.npz,76430,9dc04756fe7533735f4c17d01f40b9d0a6fb81a4b72ed76e9e450296482290fe
resnet,clean_only,43,bandpass_n20004_cRA_V1_covariance_s15,phase2/results/predictions/full/clean_only/resnet/seed_43/bandpass_n20004_cRA_V1_covariance_s15.npz,76390,cefce8e924d5f443e1ce093fdab494887b9061af76b03eaafce299d1d7622728
resnet,clean_only,43,bandpass_n20004_cRA_V1_covariance_s10,phase2/results/predictions/full/clean_only/resnet/seed_43/bandpass_n20004_cRA_V1_covariance_s10.npz,76223,0d22c09a185a5da76594e3db60ff2717d1224c4d1d3afde401f4d14a687db503
resnet,clean_only,43,bandpass_n20004_cRA_V1_covariance_s5,phase2/results/predictions/full/clean_only/resnet/seed_43/bandpass_n20004_cRA_V1_covariance_s5.npz,75947,61742c82d290445d312a0b8d62b729cab8006bd0d2459ecde187fbfe5ef380d4
resnet,clean_only,43,bandpass_n20004_cRA_V1_covariance_s0,phase2/results/predictions/full/clean_only/resnet/seed_43/bandpass_n20004_cRA_V1_covariance_s0.npz,75442,105238841c057aaa7f9836070f9014cd58993a3f0a79c37282d55123e3fed2c0
resnet,clean_only,43,bandpass_n20004_cLA_V6_independent_rms_s20,phase2/results/predictions/full/clean_only/resnet/seed_43/bandpass_n20004_cLA_V6_independent_rms_s20.npz,76424,b9f11f9af595063fac3b186008a119a3c0345039e8846df907b254e9f0f32ea5
resnet,clean_only,43,bandpass_n20004_cLA_V6_independent_rms_s15,phase2/results/predictions/full/clean_only/resnet/seed_43/bandpass_n20004_cLA_V6_independent_rms_s15.npz,76420,07951a8ba3f487b3ea33d984396f217def8300a280a0de031960da35c04660e1
resnet,clean_only,43,bandpass_n20004_cLA_V6_independent_rms_s10,phase2/results/predictions/full/clean_only/resnet/seed_43/bandpass_n20004_cLA_V6_independent_rms_s10.npz,76309,a9b578bde22ffeefcee7d0e12120ffda1d698d1573eb430ca40574c25727477e
resnet,clean_only,43,bandpass_n20004_cLA_V6_independent_rms_s5,phase2/results/predictions/full/clean_only/resnet/seed_43/bandpass_n20004_cLA_V6_independent_rms_s5.npz,76070,d2ac0415688c448f3a34b0f72ae85ac750083d44ea596c47276a16ba0ddf1dfe
resnet,clean_only,43,bandpass_n20004_cLA_V6_independent_rms_s0,phase2/results/predictions/full/clean_only/resnet/seed_43/bandpass_n20004_cLA_V6_independent_rms_s0.npz,75635,6101a587ccc17689b38dde92a5978f5f27af749f7a5e9edae9a371dd32fc3e79
resnet,clean_only,43,bandpass_n20004_cLA_V6_electrode_s20,phase2/results/predictions/full/clean_only/resnet/seed_43/bandpass_n20004_cLA_V6_electrode_s20.npz,76391,47a9b4fa4869d7a3af108e1c8d98b661f0e6aad856b142970cd2dbee695c0544
resnet,clean_only,43,bandpass_n20004_cLA_V6_electrode_s15,phase2/results/predictions/full/clean_only/resnet/seed_43/bandpass_n20004_cLA_V6_electrode_s15.npz,76376,d3c449ada3fc406d8b24288eb881de69529550439c8addb7164304b2f0ccc52c
resnet,clean_only,43,bandpass_n20004_cLA_V6_electrode_s10,phase2/results/predictions/full/clean_only/resnet/seed_43/bandpass_n20004_cLA_V6_electrode_s10.npz,76291,66af5233c1de9501e3a1e292ed158c2b0d4e6997bb07fa54211d0c08bc7bbbc7
resnet,clean_only,43,bandpass_n20004_cLA_V6_electrode_s5,phase2/results/predictions/full/clean_only/resnet/seed_43/bandpass_n20004_cLA_V6_electrode_s5.npz,76010,bdb5a7c780b82719de3dbed68a77faff429d2b53bdf13b8133eccc16a0b97ce1
resnet,clean_only,43,bandpass_n20004_cLA_V6_electrode_s0,phase2/results/predictions/full/clean_only/resnet/seed_43/bandpass_n20004_cLA_V6_electrode_s0.npz,75613,003ebc0c2be49d8024a5e40ab4a0cd362f23a34d8090d79df0019179d8b771b5
resnet,clean_only,43,bandpass_n20004_cLA_V6_covariance_s20,phase2/results/predictions/full/clean_only/resnet/seed_43/bandpass_n20004_cLA_V6_covariance_s20.npz,76449,8bfc0b0eea76b662388d76b1091cd3c51c9d27ac504cf55bf56a6a9020204b25
resnet,clean_only,43,bandpass_n20004_cLA_V6_covariance_s15,phase2/results/predictions/full/clean_only/resnet/seed_43/bandpass_n20004_cLA_V6_covariance_s15.npz,76397,4f97b105de7ed133b66f422a044e3411c44e1374a549f0d0beef6c8c8138884b
resnet,clean_only,43,bandpass_n20004_cLA_V6_covariance_s10,phase2/results/predictions/full/clean_only/resnet/seed_43/bandpass_n20004_cLA_V6_covariance_s10.npz,76286,3253ff24c6ae43298fc6e7c62408ebd9cac9cdce7ab6c30741b249802a1b9e0c
resnet,clean_only,43,bandpass_n20004_cLA_V6_covariance_s5,phase2/results/predictions/full/clean_only/resnet/seed_43/bandpass_n20004_cLA_V6_covariance_s5.npz,76020,2c3c9c4843a3e59f0562092d5752011e7368910b34fae7614e833486d2b076da
resnet,clean_only,43,bandpass_n20004_cLA_V6_covariance_s0,phase2/results/predictions/full/clean_only/resnet/seed_43/bandpass_n20004_cLA_V6_covariance_s0.npz,75610,582a8331e8b870a031eac390a32e681b034689e7115dcdac8af1fb6315af6c2c
resnet,clean_only,43,bandpass_n20004_cLL_V4_independent_rms_s20,phase2/results/predictions/full/clean_only/resnet/seed_43/bandpass_n20004_cLL_V4_independent_rms_s20.npz,76467,13b6859f47ac7f545b692ace8e0cde025aacc1d06b9f0daab18f85f53b498191
resnet,clean_only,43,bandpass_n20004_cLL_V4_independent_rms_s15,phase2/results/predictions/full/clean_only/resnet/seed_43/bandpass_n20004_cLL_V4_independent_rms_s15.npz,76403,d9edba064d8cf77c5b8f43c74b6ce09d7812c3fb64f39a3bb46c76aac39e874c
resnet,clean_only,43,bandpass_n20004_cLL_V4_independent_rms_s10,phase2/results/predictions/full/clean_only/resnet/seed_43/bandpass_n20004_cLL_V4_independent_rms_s10.npz,76301,89ebfbf20af4db414496730ee385a6d69beec7f88e33a6eeaba4b3d7ce7448be
resnet,clean_only,43,bandpass_n20004_cLL_V4_independent_rms_s5,phase2/results/predictions/full/clean_only/resnet/seed_43/bandpass_n20004_cLL_V4_independent_rms_s5.npz,76009,3104a6bbf1a34b7aaeb2c8ef4809fffb39c8537d61cbe6fc0e5cc4ceaa2bd67d
resnet,clean_only,43,bandpass_n20004_cLL_V4_independent_rms_s0,phase2/results/predictions/full/clean_only/resnet/seed_43/bandpass_n20004_cLL_V4_independent_rms_s0.npz,75635,d0f76d8281c2169fe281e8970421c8b8da030a4bf27865601a8150febd428ae7
resnet,clean_only,43,bandpass_n20004_cLL_V4_electrode_s20,phase2/results/predictions/full/clean_only/resnet/seed_43/bandpass_n20004_cLL_V4_electrode_s20.npz,76437,e99b0b50703c18f63fe421b45ba960b5e2aab3a76f36795c1c618b737d6adcc5
resnet,clean_only,43,bandpass_n20004_cLL_V4_electrode_s15,phase2/results/predictions/full/clean_only/resnet/seed_43/bandpass_n20004_cLL_V4_electrode_s15.npz,76334,328244115eb34b5a73661f581b0938569d2567a6fbbf6d693135ced981151d31
resnet,clean_only,43,bandpass_n20004_cLL_V4_electrode_s10,phase2/results/predictions/full/clean_only/resnet/seed_43/bandpass_n20004_cLL_V4_electrode_s10.npz,76183,d7cd5c677062436eb6078e6e19cba27369733581eb3e275df6969bf14184239c
resnet,clean_only,43,bandpass_n20004_cLL_V4_electrode_s5,phase2/results/predictions/full/clean_only/resnet/seed_43/bandpass_n20004_cLL_V4_electrode_s5.npz,75968,1cdd6d20d6db97a6c6e459b54b930a591f36f057e4e1bc44f9df7ec977daa205
resnet,clean_only,43,bandpass_n20004_cLL_V4_electrode_s0,phase2/results/predictions/full/clean_only/resnet/seed_43/bandpass_n20004_cLL_V4_electrode_s0.npz,75829,eaf33f70ddd8a3943cc8f3d64cff6f9c64d77064ac0f2b56f2a61af4cd32ea07
resnet,clean_only,43,bandpass_n20004_cLL_V4_covariance_s20,phase2/results/predictions/full/clean_only/resnet/seed_43/bandpass_n20004_cLL_V4_covariance_s20.npz,76408,77e28e39ebb14a9017fffc503a284150d14daeffc0bfebf73e061b8981e7214c
resnet,clean_only,43,bandpass_n20004_cLL_V4_covariance_s15,phase2/results/predictions/full/clean_only/resnet/seed_43/bandpass_n20004_cLL_V4_covariance_s15.npz,76363,d38dc12ce469480a7e0b07586fdf3ea8c3ebd76d92baad9f12ee46a74eef57e2
resnet,clean_only,43,bandpass_n20004_cLL_V4_covariance_s10,phase2/results/predictions/full/clean_only/resnet/seed_43/bandpass_n20004_cLL_V4_covariance_s10.npz,76148,a7ad6e7b8e67e749a1b70c7273514c88556dce27f01633ee3501ca6ab3353f13
resnet,clean_only,43,bandpass_n20004_cLL_V4_covariance_s5,phase2/results/predictions/full/clean_only/resnet/seed_43/bandpass_n20004_cLL_V4_covariance_s5.npz,75933,6e204d4d2edb4f08ee1874ee0dde7864a5663bff21f4602a4a3d1ec75d4d6f0a
resnet,clean_only,43,bandpass_n20004_cLL_V4_covariance_s0,phase2/results/predictions/full/clean_only/resnet/seed_43/bandpass_n20004_cLL_V4_covariance_s0.npz,75817,2bc3ccf53a463262814a5177e5725d3b2d78d979fb485a8ee3c0635ceed92144
resnet,clean_only,43,bandpass_n20004_cRA_LA_V1_V6_independent_rms_s20,phase2/results/predictions/full/clean_only/resnet/seed_43/bandpass_n20004_cRA_LA_V1_V6_independent_rms_s20.npz,76462,62615656da1eae567d89e0c953cb3138eca4fc1ffd1e12282fb9cbdb0108a26c
resnet,clean_only,43,bandpass_n20004_cRA_LA_V1_V6_independent_rms_s15,phase2/results/predictions/full/clean_only/resnet/seed_43/bandpass_n20004_cRA_LA_V1_V6_independent_rms_s15.npz,76416,574625acb260101d5b4da6bda84e41e07ed77ef15d643261a9327bdc88115955
resnet,clean_only,43,bandpass_n20004_cRA_LA_V1_V6_independent_rms_s10,phase2/results/predictions/full/clean_only/resnet/seed_43/bandpass_n20004_cRA_LA_V1_V6_independent_rms_s10.npz,76295,d79a198705f2d4fc3d2d6124c61d39bad333ec716034868592440381cc2bb6f9
resnet,clean_only,43,bandpass_n20004_cRA_LA_V1_V6_independent_rms_s5,phase2/results/predictions/full/clean_only/resnet/seed_43/bandpass_n20004_cRA_LA_V1_V6_independent_rms_s5.npz,76049,febe2c7fe5c5228823a30752cdf7fff643cc924cc598132ba40b999a2e7b8406
resnet,clean_only,43,bandpass_n20004_cRA_LA_V1_V6_independent_rms_s0,phase2/results/predictions/full/clean_only/resnet/seed_43/bandpass_n20004_cRA_LA_V1_V6_independent_rms_s0.npz,75606,a57ea588b627a67ec6726314cdbbdd258fe9ca47e89ced638197c8d6ba490015
resnet,clean_only,43,bandpass_n20004_cRA_LA_V1_V6_electrode_s20,phase2/results/predictions/full/clean_only/resnet/seed_43/bandpass_n20004_cRA_LA_V1_V6_electrode_s20.npz,76453,967c7d4a5f30543cacea60644a07552161ccbd4e15708a3f22d8772b911eb9c3
resnet,clean_only,43,bandpass_n20004_cRA_LA_V1_V6_electrode_s15,phase2/results/predictions/full/clean_only/resnet/seed_43/bandpass_n20004_cRA_LA_V1_V6_electrode_s15.npz,76414,686955b66bc9c00490f55968a89fc128992d2b7acf011b7a7923a8a3a948f888
resnet,clean_only,43,bandpass_n20004_cRA_LA_V1_V6_electrode_s10,phase2/results/predictions/full/clean_only/resnet/seed_43/bandpass_n20004_cRA_LA_V1_V6_electrode_s10.npz,76273,838dda6b37709e51d21a2f7d719149633f71c8b2fc387bad2df0083344642cb3
resnet,clean_only,43,bandpass_n20004_cRA_LA_V1_V6_electrode_s5,phase2/results/predictions/full/clean_only/resnet/seed_43/bandpass_n20004_cRA_LA_V1_V6_electrode_s5.npz,75978,934dd340b935536416336f264aaa58d239bb1a3ee11820b0ff28df629531095d
resnet,clean_only,43,bandpass_n20004_cRA_LA_V1_V6_electrode_s0,phase2/results/predictions/full/clean_only/resnet/seed_43/bandpass_n20004_cRA_LA_V1_V6_electrode_s0.npz,75516,2a53b72a81c175c008187f4e63620409d5f345d3247f0afcc7ee2067d4c240ce
resnet,clean_only,43,bandpass_n20004_cRA_LA_V1_V6_covariance_s20,phase2/results/predictions/full/clean_only/resnet/seed_43/bandpass_n20004_cRA_LA_V1_V6_covariance_s20.npz,76442,360916e43e4c3f41db14eb8d03cfaeae8ca0e2c1a14e9d286fb7e6eeb7405c7f
resnet,clean_only,43,bandpass_n20004_cRA_LA_V1_V6_covariance_s15,phase2/results/predictions/full/clean_only/resnet/seed_43/bandpass_n20004_cRA_LA_V1_V6_covariance_s15.npz,76409,4ef913733858b3a62106fdbe21ec5c5b81c74af49fab76f4272ca409ab8c9c81
resnet,clean_only,43,bandpass_n20004_cRA_LA_V1_V6_covariance_s10,phase2/results/predictions/full/clean_only/resnet/seed_43/bandpass_n20004_cRA_LA_V1_V6_covariance_s10.npz,76269,6e056c6fb9a33dc7bc694e2b6df92777756f7b8b2dbbba279717842b9b1dafce
resnet,clean_only,43,bandpass_n20004_cRA_LA_V1_V6_covariance_s5,phase2/results/predictions/full/clean_only/resnet/seed_43/bandpass_n20004_cRA_LA_V1_V6_covariance_s5.npz,76017,638ba775ed70fb488ad035bddc5a27eb85251ab87aba02343e02c9f70e488f9f
resnet,clean_only,43,bandpass_n20004_cRA_LA_V1_V6_covariance_s0,phase2/results/predictions/full/clean_only/resnet/seed_43/bandpass_n20004_cRA_LA_V1_V6_covariance_s0.npz,75518,4014768efb16bb421c6b03b85f9c5a2ff44a9453cbb37d355eb0783f7df157fd
resnet,clean_only,43,bandpass_n20004_cRA_V2_V5_independent_rms_s20,phase2/results/predictions/full/clean_only/resnet/seed_43/bandpass_n20004_cRA_V2_V5_independent_rms_s20.npz,76451,a56b4b19f4829b3fd2e8274dae2f0b633af29ca24516879196d1c6dc84c43f96
resnet,clean_only,43,bandpass_n20004_cRA_V2_V5_independent_rms_s15,phase2/results/predictions/full/clean_only/resnet/seed_43/bandpass_n20004_cRA_V2_V5_independent_rms_s15.npz,76413,fa721d629676b7fe3ee2e425bee4f20f12f4f12c72c98b7a922d05cd12edb85e
resnet,clean_only,43,bandpass_n20004_cRA_V2_V5_independent_rms_s10,phase2/results/predictions/full/clean_only/resnet/seed_43/bandpass_n20004_cRA_V2_V5_independent_rms_s10.npz,76279,1942dfc1cec4925891ca9acdac2a26674a9598c7dd22472be1dfbbb87ee52266
resnet,clean_only,43,bandpass_n20004_cRA_V2_V5_independent_rms_s5,phase2/results/predictions/full/clean_only/resnet/seed_43/bandpass_n20004_cRA_V2_V5_independent_rms_s5.npz,76059,8c9bb4f29249e1395eedd94172499643a37f42552698d958e785000d1cfe3c64
resnet,clean_only,43,bandpass_n20004_cRA_V2_V5_independent_rms_s0,phase2/results/predictions/full/clean_only/resnet/seed_43/bandpass_n20004_cRA_V2_V5_independent_rms_s0.npz,75615,b35e5e4560fa4e259e6c302bab290214b1ab19ae0eb2c7cdf76f7fbf0cccaf44
resnet,clean_only,43,bandpass_n20004_cRA_V2_V5_electrode_s20,phase2/results/predictions/full/clean_only/resnet/seed_43/bandpass_n20004_cRA_V2_V5_electrode_s20.npz,76436,20fd35be942bfbbecd400228f9419fd8beed4831f17af56b73195d9e6fb58750
resnet,clean_only,43,bandpass_n20004_cRA_V2_V5_electrode_s15,phase2/results/predictions/full/clean_only/resnet/seed_43/bandpass_n20004_cRA_V2_V5_electrode_s15.npz,76392,a23fddcaf6c67cbe10503bd829df95d925f67d38401b01bf2fa31e6630d7e96b
resnet,clean_only,43,bandpass_n20004_cRA_V2_V5_electrode_s10,phase2/results/predictions/full/clean_only/resnet/seed_43/bandpass_n20004_cRA_V2_V5_electrode_s10.npz,76270,e6231b2f0f9410ac0a0544f93cd6d29fd085ee38245afd539f78b124ffde692e
resnet,clean_only,43,bandpass_n20004_cRA_V2_V5_electrode_s5,phase2/results/predictions/full/clean_only/resnet/seed_43/bandpass_n20004_cRA_V2_V5_electrode_s5.npz,75974,c698f75b4a40b6cfa7ea83fcdb3ea782e7748bbf54273fc50d20a4597b9ca02a
resnet,clean_only,43,bandpass_n20004_cRA_V2_V5_electrode_s0,phase2/results/predictions/full/clean_only/resnet/seed_43/bandpass_n20004_cRA_V2_V5_electrode_s0.npz,75466,dcb5801fb8945c8042090014611e7c3cc7d07a6f9615caaa948c7f088c20a0fe
resnet,clean_only,43,bandpass_n20004_cRA_V2_V5_covariance_s20,phase2/results/predictions/full/clean_only/resnet/seed_43/bandpass_n20004_cRA_V2_V5_covariance_s20.npz,76438,b4d49213cc6f87760c52229160b8635c2cc84fbbba3b88514e530aeb2d1efb9a
resnet,clean_only,43,bandpass_n20004_cRA_V2_V5_covariance_s15,phase2/results/predictions/full/clean_only/resnet/seed_43/bandpass_n20004_cRA_V2_V5_covariance_s15.npz,76375,5d11a87427f2a4eac0df1c4b2ea8b5138989fd10b25773fd1d00995e9f291aa2
resnet,clean_only,43,bandpass_n20004_cRA_V2_V5_covariance_s10,phase2/results/predictions/full/clean_only/resnet/seed_43/bandpass_n20004_cRA_V2_V5_covariance_s10.npz,76206,af82c95fd2bf99150e8118389d0f8b32711d062cb995acf2021d93169f5ffd22
resnet,clean_only,43,bandpass_n20004_cRA_V2_V5_covariance_s5,phase2/results/predictions/full/clean_only/resnet/seed_43/bandpass_n20004_cRA_V2_V5_covariance_s5.npz,75995,aebef023d593ef3399fcbfcd69bada44a47bb8613ee975bd5c49e92ecc71cea1
resnet,clean_only,43,bandpass_n20004_cRA_V2_V5_covariance_s0,phase2/results/predictions/full/clean_only/resnet/seed_43/bandpass_n20004_cRA_V2_V5_covariance_s0.npz,75464,e5162299c2a8e7b0ccc230cc99e61e640082a699173cbb68d58034b9813bfcdb
resnet,clean_only,43,bandpass_n20004_cLA_V3_V6_independent_rms_s20,phase2/results/predictions/full/clean_only/resnet/seed_43/bandpass_n20004_cLA_V3_V6_independent_rms_s20.npz,76441,0e3bd60e5aa5da8b3bed07f2d93ea3e925f84c64bf006a75f8735a2b3be13665
resnet,clean_only,43,bandpass_n20004_cLA_V3_V6_independent_rms_s15,phase2/results/predictions/full/clean_only/resnet/seed_43/bandpass_n20004_cLA_V3_V6_independent_rms_s15.npz,76435,e1238c21158ad7e4b6b2848bb41a46efdb5f175e2eaf2b8fe029c9909fe3569c
resnet,clean_only,43,bandpass_n20004_cLA_V3_V6_independent_rms_s10,phase2/results/predictions/full/clean_only/resnet/seed_43/bandpass_n20004_cLA_V3_V6_independent_rms_s10.npz,76289,78d767b69bdf2c5f904541157f1c47fa537afd188175da99f1ff8d033af5135d
resnet,clean_only,43,bandpass_n20004_cLA_V3_V6_independent_rms_s5,phase2/results/predictions/full/clean_only/resnet/seed_43/bandpass_n20004_cLA_V3_V6_independent_rms_s5.npz,76052,50b41d94ee08b58e9def5c679169c61ae61a7493b950090e191d59884576e2e5
resnet,clean_only,43,bandpass_n20004_cLA_V3_V6_independent_rms_s0,phase2/results/predictions/full/clean_only/resnet/seed_43/bandpass_n20004_cLA_V3_V6_independent_rms_s0.npz,75657,9e2a6f8f9d8d35bfd0ba810c4813c909b760c85ef49109fe3cff1d20c045d4fd
resnet,clean_only,43,bandpass_n20004_cLA_V3_V6_electrode_s20,phase2/results/predictions/full/clean_only/resnet/seed_43/bandpass_n20004_cLA_V3_V6_electrode_s20.npz,76433,b5a32f2c54eddfa4783c0aa70c36bae15465918ef918ce7ed857c7847a09799f
resnet,clean_only,43,bandpass_n20004_cLA_V3_V6_electrode_s15,phase2/results/predictions/full/clean_only/resnet/seed_43/bandpass_n20004_cLA_V3_V6_electrode_s15.npz,76420,25d0f4c677b353240d3546684492fa4727da73f2611bf1fdd9e5d9dec9faa019
resnet,clean_only,43,bandpass_n20004_cLA_V3_V6_electrode_s10,phase2/results/predictions/full/clean_only/resnet/seed_43/bandpass_n20004_cLA_V3_V6_electrode_s10.npz,76266,17438fdd4da6aa44ee13b590f59c1ddc38f8d4589ff1d7a2eeb7e351ee93276d
resnet,clean_only,43,bandpass_n20004_cLA_V3_V6_electrode_s5,phase2/results/predictions/full/clean_only/resnet/seed_43/bandpass_n20004_cLA_V3_V6_electrode_s5.npz,75998,0fc7d1953810d1cdfa4ae2a99b82bc57d7c2c0e6a2215f7adf4936f5fe98720e
resnet,clean_only,43,bandpass_n20004_cLA_V3_V6_electrode_s0,phase2/results/predictions/full/clean_only/resnet/seed_43/bandpass_n20004_cLA_V3_V6_electrode_s0.npz,75605,2bebe0c514904c8c36fbc71d0aea4d283af46433a6e971fd5fe44cca2b84ddd9
resnet,clean_only,43,bandpass_n20004_cLA_V3_V6_covariance_s20,phase2/results/predictions/full/clean_only/resnet/seed_43/bandpass_n20004_cLA_V3_V6_covariance_s20.npz,76429,28e9ba3f3be0ccd5abea9010dcc285c8ad31a877c83bfa003c07be453b16ebb5
resnet,clean_only,43,bandpass_n20004_cLA_V3_V6_covariance_s15,phase2/results/predictions/full/clean_only/resnet/seed_43/bandpass_n20004_cLA_V3_V6_covariance_s15.npz,76393,64ef27162bd684d57713b1e386df6392922cf6030ccae8586211ffb01d4a6c30
resnet,clean_only,43,bandpass_n20004_cLA_V3_V6_covariance_s10,phase2/results/predictions/full/clean_only/resnet/seed_43/bandpass_n20004_cLA_V3_V6_covariance_s10.npz,76269,31ea9c1e379500dc9decb528d6ac098f2d41e5b92c06402e48b3bd76f9ac3656
resnet,clean_only,43,bandpass_n20004_cLA_V3_V6_covariance_s5,phase2/results/predictions/full/clean_only/resnet/seed_43/bandpass_n20004_cLA_V3_V6_covariance_s5.npz,76023,e6192c3eeb7e634d50d00e814c5f84990c6f49fd368a0c2158b924cb2bf0b0ee
resnet,clean_only,43,bandpass_n20004_cLA_V3_V6_covariance_s0,phase2/results/predictions/full/clean_only/resnet/seed_43/bandpass_n20004_cLA_V3_V6_covariance_s0.npz,75602,c35d0a854eaef90818ef929a5a09dca56702c686bc87757fa3e27c08ba541764
resnet,clean_only,43,bandpass_n20004_cLL_V1_V4_independent_rms_s20,phase2/results/predictions/full/clean_only/resnet/seed_43/bandpass_n20004_cLL_V1_V4_independent_rms_s20.npz,76453,871e18bb8ab429c3e4d82153bf6bfd395a04811629434f5e85690856222b2e3f
resnet,clean_only,43,bandpass_n20004_cLL_V1_V4_independent_rms_s15,phase2/results/predictions/full/clean_only/resnet/seed_43/bandpass_n20004_cLL_V1_V4_independent_rms_s15.npz,76385,0efe83c31fe1d3b4a82cc6ea81c4a471654a544e64ddedf70024a948dd1dd464
resnet,clean_only,43,bandpass_n20004_cLL_V1_V4_independent_rms_s10,phase2/results/predictions/full/clean_only/resnet/seed_43/bandpass_n20004_cLL_V1_V4_independent_rms_s10.npz,76289,0d9593bc51baf5a4f1538a704aff6f8203e06ce0f1d296319263c1fb2ab784ff
resnet,clean_only,43,bandpass_n20004_cLL_V1_V4_independent_rms_s5,phase2/results/predictions/full/clean_only/resnet/seed_43/bandpass_n20004_cLL_V1_V4_independent_rms_s5.npz,76012,10613e42fa37487dbe788f3309d00e3b078d3360a9c26c524df86e898b245d62
resnet,clean_only,43,bandpass_n20004_cLL_V1_V4_independent_rms_s0,phase2/results/predictions/full/clean_only/resnet/seed_43/bandpass_n20004_cLL_V1_V4_independent_rms_s0.npz,75589,700c2ff54478bc54aa71df5fca98bb3a551bbd2d95fbed8306ca4d15a3a7e3c2
resnet,clean_only,43,bandpass_n20004_cLL_V1_V4_electrode_s20,phase2/results/predictions/full/clean_only/resnet/seed_43/bandpass_n20004_cLL_V1_V4_electrode_s20.npz,76418,f4962030b5aff44488dae159e4046a76c7f28290f51dd53ea56401902c9221e4
resnet,clean_only,43,bandpass_n20004_cLL_V1_V4_electrode_s15,phase2/results/predictions/full/clean_only/resnet/seed_43/bandpass_n20004_cLL_V1_V4_electrode_s15.npz,76363,1dfdbc9f697d06fadeceee73e4e9f2e53eec76eac69ffca0b05e244a3c5b9344
resnet,clean_only,43,bandpass_n20004_cLL_V1_V4_electrode_s10,phase2/results/predictions/full/clean_only/resnet/seed_43/bandpass_n20004_cLL_V1_V4_electrode_s10.npz,76205,4164903a0ffe39225a23aa7eadff7c637cbe069030d8b8b850c138c59bee87c8
resnet,clean_only,43,bandpass_n20004_cLL_V1_V4_electrode_s5,phase2/results/predictions/full/clean_only/resnet/seed_43/bandpass_n20004_cLL_V1_V4_electrode_s5.npz,75935,c90e1cf99b49ccd12daee85cf25bded2a80b7295d2049940ed9cf452b5aaf5e8
resnet,clean_only,43,bandpass_n20004_cLL_V1_V4_electrode_s0,phase2/results/predictions/full/clean_only/resnet/seed_43/bandpass_n20004_cLL_V1_V4_electrode_s0.npz,75755,c87f6685342db7b51ca0d4a20e496546e3a25508cd0b735635e8a10a0274d702
resnet,clean_only,43,bandpass_n20004_cLL_V1_V4_covariance_s20,phase2/results/predictions/full/clean_only/resnet/seed_43/bandpass_n20004_cLL_V1_V4_covariance_s20.npz,76448,21502e1e4d41c988af2b0a4ee57379866eecede1ee751ff9032fcfa2c8129995
resnet,clean_only,43,bandpass_n20004_cLL_V1_V4_covariance_s15,phase2/results/predictions/full/clean_only/resnet/seed_43/bandpass_n20004_cLL_V1_V4_covariance_s15.npz,76373,fe1b8b12a82628fc8f7c7babffcdee025a9dd9e66073c16afdae15587f846d8e
resnet,clean_only,43,bandpass_n20004_cLL_V1_V4_covariance_s10,phase2/results/predictions/full/clean_only/resnet/seed_43/bandpass_n20004_cLL_V1_V4_covariance_s10.npz,76189,1f8c4af95e047e1d754576bcd638738f0de35f0926ec1b7a3fc3461d664be24f
resnet,clean_only,43,bandpass_n20004_cLL_V1_V4_covariance_s5,phase2/results/predictions/full/clean_only/resnet/seed_43/bandpass_n20004_cLL_V1_V4_covariance_s5.npz,75924,8a2247f01a70a69ce1c1547660cb3d88eff4720131e61002692db099b0ae9f81
resnet,clean_only,43,bandpass_n20004_cLL_V1_V4_covariance_s0,phase2/results/predictions/full/clean_only/resnet/seed_43/bandpass_n20004_cLL_V1_V4_covariance_s0.npz,75795,67fb63487901eca75787cda5776280e02d341450873a0c656c1e41d0429a2d32
resnet,clean_only,43,bandpass_n20004_call_independent_rms_s20,phase2/results/predictions/full/clean_only/resnet/seed_43/bandpass_n20004_call_independent_rms_s20.npz,76407,d4ef14d62eef1f9ce1342d839bcee36d9941241bc11d0a8007499de3d5a33883
resnet,clean_only,43,bandpass_n20004_call_independent_rms_s15,phase2/results/predictions/full/clean_only/resnet/seed_43/bandpass_n20004_call_independent_rms_s15.npz,76392,783315dea9c2350c2fc3b99d5b2c062b9468e7cbfe9efd58d430f7ad7a158a50
resnet,clean_only,43,bandpass_n20004_call_independent_rms_s10,phase2/results/predictions/full/clean_only/resnet/seed_43/bandpass_n20004_call_independent_rms_s10.npz,76260,dad13922468ebad4e15bf8308d87a1e38be5b9b39567ec1c2ff92e7f17be4fe6
resnet,clean_only,43,bandpass_n20004_call_independent_rms_s5,phase2/results/predictions/full/clean_only/resnet/seed_43/bandpass_n20004_call_independent_rms_s5.npz,76034,122c449ad54d3e0307017368e7ba88d335bbf4516aaedc805093eef42d872215
resnet,clean_only,43,bandpass_n20004_call_independent_rms_s0,phase2/results/predictions/full/clean_only/resnet/seed_43/bandpass_n20004_call_independent_rms_s0.npz,75624,95af68c969ffc6babb490cfdc733933ece9c72af0dba60dae916353c3c14ae68
resnet,clean_only,43,bandpass_n20004_call_electrode_s20,phase2/results/predictions/full/clean_only/resnet/seed_43/bandpass_n20004_call_electrode_s20.npz,76420,04b19a70ac83f55afe75f51c55699733bbfbc1444a12afae59d61968675bf2aa
resnet,clean_only,43,bandpass_n20004_call_electrode_s15,phase2/results/predictions/full/clean_only/resnet/seed_43/bandpass_n20004_call_electrode_s15.npz,76361,ca5261496a454f0e8d3d889d1079727429f0ce2539c65cd7d394490d708e8bef
resnet,clean_only,43,bandpass_n20004_call_electrode_s10,phase2/results/predictions/full/clean_only/resnet/seed_43/bandpass_n20004_call_electrode_s10.npz,76203,1939c9bed8046d2f6b6e8ad7a9a0ffb230cae827d9657b45a64da47a61026120
resnet,clean_only,43,bandpass_n20004_call_electrode_s5,phase2/results/predictions/full/clean_only/resnet/seed_43/bandpass_n20004_call_electrode_s5.npz,75950,c749c25ee15226e4b3c28fd89396625510461de3a4b9b215368d9247aabeac23
resnet,clean_only,43,bandpass_n20004_call_electrode_s0,phase2/results/predictions/full/clean_only/resnet/seed_43/bandpass_n20004_call_electrode_s0.npz,75524,6ac878392c79cadac86ebb2b3527a87d28e03ee44c5f25900970bac511180411
resnet,clean_only,43,bandpass_n20004_call_covariance_s20,phase2/results/predictions/full/clean_only/resnet/seed_43/bandpass_n20004_call_covariance_s20.npz,76400,505fd7ae14ee05e7f403d8aa3149555c613da5fe3a2c4cac7734b33342b48ade
resnet,clean_only,43,bandpass_n20004_call_covariance_s15,phase2/results/predictions/full/clean_only/resnet/seed_43/bandpass_n20004_call_covariance_s15.npz,76315,e300dbc0914f51930fdc51d6d396f5fa88543f70a8f69b52fdb156863d3cb8a9
resnet,clean_only,43,bandpass_n20004_call_covariance_s10,phase2/results/predictions/full/clean_only/resnet/seed_43/bandpass_n20004_call_covariance_s10.npz,76197,ecf66bd11d38ed08cfadcfb45ec85c6a65a89ef61ae630877f2c30c41df73d66
resnet,clean_only,43,bandpass_n20004_call_covariance_s5,phase2/results/predictions/full/clean_only/resnet/seed_43/bandpass_n20004_call_covariance_s5.npz,75930,fa69f535500d7043bc23db19e19e57bf5daa429d9c9898517dd0a5cf7fd8b344
resnet,clean_only,43,bandpass_n20004_call_covariance_s0,phase2/results/predictions/full/clean_only/resnet/seed_43/bandpass_n20004_call_covariance_s0.npz,75563,8d08e8b8fc9fa13175aeec7023593147fd2626cbc9006e34b56155a6fcb3b666
resnet,clean_only,43,bandpass_n20005_cRA_LA_LL_independent_rms_s20,phase2/results/predictions/full/clean_only/resnet/seed_43/bandpass_n20005_cRA_LA_LL_independent_rms_s20.npz,76418,debfb6988cee401dd4e6a464cd19c52925dd9b84e069d1fe127fdcc3549b8fb8
resnet,clean_only,43,bandpass_n20005_cRA_LA_LL_independent_rms_s15,phase2/results/predictions/full/clean_only/resnet/seed_43/bandpass_n20005_cRA_LA_LL_independent_rms_s15.npz,76377,e8ef23ba51a2056409e6ea5ac96a1d4ad3ca9d6549994d87ab502dddd8046261
resnet,clean_only,43,bandpass_n20005_cRA_LA_LL_independent_rms_s10,phase2/results/predictions/full/clean_only/resnet/seed_43/bandpass_n20005_cRA_LA_LL_independent_rms_s10.npz,76297,225f49ec17da25c994e3a447a5516aed0d87e5a7b11b094c637332f3b6e35ed5
resnet,clean_only,43,bandpass_n20005_cRA_LA_LL_independent_rms_s5,phase2/results/predictions/full/clean_only/resnet/seed_43/bandpass_n20005_cRA_LA_LL_independent_rms_s5.npz,76033,b9072f7505975cf2d25eddbdcca0c86943974f46ad0809393da531ed9171adfa
resnet,clean_only,43,bandpass_n20005_cRA_LA_LL_independent_rms_s0,phase2/results/predictions/full/clean_only/resnet/seed_43/bandpass_n20005_cRA_LA_LL_independent_rms_s0.npz,75657,5d9b276c4cf05516e6f4ec7401d1a06b7b86dd8d133dcefa3dd919f7e11bf309
resnet,clean_only,43,bandpass_n20005_cRA_LA_LL_electrode_s20,phase2/results/predictions/full/clean_only/resnet/seed_43/bandpass_n20005_cRA_LA_LL_electrode_s20.npz,76410,8863689ec77cb8006c561123bfb9249d6ac81299466a9a051d1f95ff694fab35
resnet,clean_only,43,bandpass_n20005_cRA_LA_LL_electrode_s15,phase2/results/predictions/full/clean_only/resnet/seed_43/bandpass_n20005_cRA_LA_LL_electrode_s15.npz,76354,e84c39b5016a37b38e16dce35bd978a56c36e00052d9d6171b39206f67095fc3
resnet,clean_only,43,bandpass_n20005_cRA_LA_LL_electrode_s10,phase2/results/predictions/full/clean_only/resnet/seed_43/bandpass_n20005_cRA_LA_LL_electrode_s10.npz,76177,daffcc5ae3164a65f07ade5fd9ddf8fb0d001eb566708306f94ef931860c60ed
resnet,clean_only,43,bandpass_n20005_cRA_LA_LL_electrode_s5,phase2/results/predictions/full/clean_only/resnet/seed_43/bandpass_n20005_cRA_LA_LL_electrode_s5.npz,75905,ad89879a9bdfe6535b7c4fa8acff86774f12d8fac337ad55efcf65978d7c01bb
resnet,clean_only,43,bandpass_n20005_cRA_LA_LL_electrode_s0,phase2/results/predictions/full/clean_only/resnet/seed_43/bandpass_n20005_cRA_LA_LL_electrode_s0.npz,75596,14ce31aef94e8a34384eae67b9ae307a6cdc3698c4d2980585eff20b4c747d16
resnet,clean_only,43,bandpass_n20005_cRA_LA_LL_covariance_s20,phase2/results/predictions/full/clean_only/resnet/seed_43/bandpass_n20005_cRA_LA_LL_covariance_s20.npz,76441,3de11565a1ed757b3ed59fa99b9423d5f0931c41a82b6aed69c1f705211c552d
resnet,clean_only,43,bandpass_n20005_cRA_LA_LL_covariance_s15,phase2/results/predictions/full/clean_only/resnet/seed_43/bandpass_n20005_cRA_LA_LL_covariance_s15.npz,76369,68dc9e5e6d9cd62b23175f801774cae30c2c1edc181aba75f5a6f1d48908f111
resnet,clean_only,43,bandpass_n20005_cRA_LA_LL_covariance_s10,phase2/results/predictions/full/clean_only/resnet/seed_43/bandpass_n20005_cRA_LA_LL_covariance_s10.npz,76157,de4709b0d254b24973cb0025a7e917e5461768c37f4b8203f9ef80c61402ec63
resnet,clean_only,43,bandpass_n20005_cRA_LA_LL_covariance_s5,phase2/results/predictions/full/clean_only/resnet/seed_43/bandpass_n20005_cRA_LA_LL_covariance_s5.npz,75963,6e143577cc146c24acbc699ba3a045ef9a5f33deff5e77645d5b11a48beeba38
resnet,clean_only,43,bandpass_n20005_cRA_LA_LL_covariance_s0,phase2/results/predictions/full/clean_only/resnet/seed_43/bandpass_n20005_cRA_LA_LL_covariance_s0.npz,75586,56ed05efe5125a5ebad1456745227099cfd32cb267d2315ffaf11c5ffa2c9879
resnet,clean_only,43,bandpass_n20005_cV1_independent_rms_s20,phase2/results/predictions/full/clean_only/resnet/seed_43/bandpass_n20005_cV1_independent_rms_s20.npz,76423,5049e0bd349593f347345b4c3422b14cc96a538f7860d0276b7b12868d3a63f0
resnet,clean_only,43,bandpass_n20005_cV1_independent_rms_s15,phase2/results/predictions/full/clean_only/resnet/seed_43/bandpass_n20005_cV1_independent_rms_s15.npz,76360,c1245e6fdedecc4bec1af3101a211bef53440b272b85c25ddd02e65fd542ffef
resnet,clean_only,43,bandpass_n20005_cV1_independent_rms_s10,phase2/results/predictions/full/clean_only/resnet/seed_43/bandpass_n20005_cV1_independent_rms_s10.npz,76269,4ebdeea35695a4e007d3da7943b656ccbf28c57f405e66c6797feddd9837f582
resnet,clean_only,43,bandpass_n20005_cV1_independent_rms_s5,phase2/results/predictions/full/clean_only/resnet/seed_43/bandpass_n20005_cV1_independent_rms_s5.npz,75972,14c12bf66b17c4a9e6bc094db5dc6098f913083d6205e32da749c0b2ce0c1179
resnet,clean_only,43,bandpass_n20005_cV1_independent_rms_s0,phase2/results/predictions/full/clean_only/resnet/seed_43/bandpass_n20005_cV1_independent_rms_s0.npz,75398,4382e63263cb8ad9b94e86b78f876bcdf143e725f6a4577792b8f53f98bc03df
resnet,clean_only,43,bandpass_n20005_cV1_electrode_s20,phase2/results/predictions/full/clean_only/resnet/seed_43/bandpass_n20005_cV1_electrode_s20.npz,76421,d4a517a6dc8aba523a19ca857c3e725d42764455b0aacc38f34e05411c6da093
resnet,clean_only,43,bandpass_n20005_cV1_electrode_s15,phase2/results/predictions/full/clean_only/resnet/seed_43/bandpass_n20005_cV1_electrode_s15.npz,76387,b1f469c14730f7dd6e57b8b7200b2c5391db0c2ad373311d4742889f6da398b6
resnet,clean_only,43,bandpass_n20005_cV1_electrode_s10,phase2/results/predictions/full/clean_only/resnet/seed_43/bandpass_n20005_cV1_electrode_s10.npz,76218,64dc64310b6a043f39ddde65d43b2631e356abc796224fb9eef95967406913ed
resnet,clean_only,43,bandpass_n20005_cV1_electrode_s5,phase2/results/predictions/full/clean_only/resnet/seed_43/bandpass_n20005_cV1_electrode_s5.npz,75955,6b634f070b96500baa6313ea72fdc854aaef97a349d80e9cde28bd79c1e8385d
resnet,clean_only,43,bandpass_n20005_cV1_electrode_s0,phase2/results/predictions/full/clean_only/resnet/seed_43/bandpass_n20005_cV1_electrode_s0.npz,75419,d0d7b7d0daa5cb59f830a554b0a488ddfbc9f8f43b471b050d56cd8b409f6449
resnet,clean_only,43,bandpass_n20005_cV1_covariance_s20,phase2/results/predictions/full/clean_only/resnet/seed_43/bandpass_n20005_cV1_covariance_s20.npz,76427,674bad126a5f950ae3a0731c04fa20ea878e20a77c58bc5667681b10c8c7fec2
resnet,clean_only,43,bandpass_n20005_cV1_covariance_s15,phase2/results/predictions/full/clean_only/resnet/seed_43/bandpass_n20005_cV1_covariance_s15.npz,76356,9210f46f41ac6e23a51b10189952457428ee14bad935770b8fc0ab4ef1914dd7
resnet,clean_only,43,bandpass_n20005_cV1_covariance_s10,phase2/results/predictions/full/clean_only/resnet/seed_43/bandpass_n20005_cV1_covariance_s10.npz,76220,370d241a1ff20070a922fdca77a9374a7993d66175e47cbd9dab6247a588fe4d
resnet,clean_only,43,bandpass_n20005_cV1_covariance_s5,phase2/results/predictions/full/clean_only/resnet/seed_43/bandpass_n20005_cV1_covariance_s5.npz,75944,81f8ac4f12ec515260968a08aaa95ed60e6e71ba01bc9ec1da38c8e2fac585d4
resnet,clean_only,43,bandpass_n20005_cV1_covariance_s0,phase2/results/predictions/full/clean_only/resnet/seed_43/bandpass_n20005_cV1_covariance_s0.npz,75401,3c00f97a52ebc33af686b6c8cde09b8d0cd1fe92c0125fd8839dbf0cb59134b4
resnet,clean_only,43,bandpass_n20005_cV2_independent_rms_s20,phase2/results/predictions/full/clean_only/resnet/seed_43/bandpass_n20005_cV2_independent_rms_s20.npz,76438,ece0dc92686473aedbd7a43a1dcf4248d3b84d68e345f25040ebc183777391da
resnet,clean_only,43,bandpass_n20005_cV2_independent_rms_s15,phase2/results/predictions/full/clean_only/resnet/seed_43/bandpass_n20005_cV2_independent_rms_s15.npz,76379,05bfbdc40255123a60fe14a129b6f1dfa3a80af9c0963781e393f61c1f0fd1b2
resnet,clean_only,43,bandpass_n20005_cV2_independent_rms_s10,phase2/results/predictions/full/clean_only/resnet/seed_43/bandpass_n20005_cV2_independent_rms_s10.npz,76287,3410083a93075ef3400ef05cf62e04604f9d1a7a01df19a08a593cc55e78b30b
resnet,clean_only,43,bandpass_n20005_cV2_independent_rms_s5,phase2/results/predictions/full/clean_only/resnet/seed_43/bandpass_n20005_cV2_independent_rms_s5.npz,76004,5875ec9af7fa4e37b36e6a26cbd13aa32359537d640796da1dcd86865f13ab04
resnet,clean_only,43,bandpass_n20005_cV2_independent_rms_s0,phase2/results/predictions/full/clean_only/resnet/seed_43/bandpass_n20005_cV2_independent_rms_s0.npz,75596,13ea10cbff2f564c95e47cc9fe4cd9bc44f703b0ca527a0d1e7ff49b5702049e
resnet,clean_only,43,bandpass_n20005_cV2_electrode_s20,phase2/results/predictions/full/clean_only/resnet/seed_43/bandpass_n20005_cV2_electrode_s20.npz,76424,134f7d86baa4a7c61b14d152112a9d4922e8e6aeb4a2608bc7550de5e57ef2e9
resnet,clean_only,43,bandpass_n20005_cV2_electrode_s15,phase2/results/predictions/full/clean_only/resnet/seed_43/bandpass_n20005_cV2_electrode_s15.npz,76327,2faa03f45a249eb1389b30a25cbecbfbc72c3590d45fb79e6fdc535e6efa175b
resnet,clean_only,43,bandpass_n20005_cV2_electrode_s10,phase2/results/predictions/full/clean_only/resnet/seed_43/bandpass_n20005_cV2_electrode_s10.npz,76277,45db879625406589a5b660e32423a833737d66a31d27acc57cfb14e591fff030
resnet,clean_only,43,bandpass_n20005_cV2_electrode_s5,phase2/results/predictions/full/clean_only/resnet/seed_43/bandpass_n20005_cV2_electrode_s5.npz,76014,0e58cc573dfb64bd4146128cf3b78924318079f56a65b76d058a98851fc44805
resnet,clean_only,43,bandpass_n20005_cV2_electrode_s0,phase2/results/predictions/full/clean_only/resnet/seed_43/bandpass_n20005_cV2_electrode_s0.npz,75603,3d9437b66b58be24829092afe33d8a064a83e2efaca3d0a6323e5fd2dcc650bf
resnet,clean_only,43,bandpass_n20005_cV2_covariance_s20,phase2/results/predictions/full/clean_only/resnet/seed_43/bandpass_n20005_cV2_covariance_s20.npz,76452,44fcd669d87c954383d202aa54e4238b05f450344d2ac127c358a564da4e95f9
resnet,clean_only,43,bandpass_n20005_cV2_covariance_s15,phase2/results/predictions/full/clean_only/resnet/seed_43/bandpass_n20005_cV2_covariance_s15.npz,76354,33143f5866fe39dc80897807b6c0a6fc64cc715981618048e03af55c4ccf0dde
resnet,clean_only,43,bandpass_n20005_cV2_covariance_s10,phase2/results/predictions/full/clean_only/resnet/seed_43/bandpass_n20005_cV2_covariance_s10.npz,76231,3b93570d32f4278ffb2707d4c7f3d89c40b4bf277b9220c731432c532d7df20f
resnet,clean_only,43,bandpass_n20005_cV2_covariance_s5,phase2/results/predictions/full/clean_only/resnet/seed_43/bandpass_n20005_cV2_covariance_s5.npz,76022,4611eb4b43a5ffd0d9b1962c56069d89a5d32040319ab98490f1a9369506a0e2
resnet,clean_only,43,bandpass_n20005_cV2_covariance_s0,phase2/results/predictions/full/clean_only/resnet/seed_43/bandpass_n20005_cV2_covariance_s0.npz,75596,bf69b8e2d872e3134b406a49f079a81a18f0befdfa15ff2607d75dfa06439bf1
resnet,clean_only,43,bandpass_n20005_cV3_independent_rms_s20,phase2/results/predictions/full/clean_only/resnet/seed_43/bandpass_n20005_cV3_independent_rms_s20.npz,76455,4533a6380aa6fe9cabeef95cbdca6e69fff001017cd1b5c3e1d21f2de4b2a3fe
resnet,clean_only,43,bandpass_n20005_cV3_independent_rms_s15,phase2/results/predictions/full/clean_only/resnet/seed_43/bandpass_n20005_cV3_independent_rms_s15.npz,76401,2eead9ae99a252d44526417ea698e5188bd22784941c1de599aa6089ea96552f
resnet,clean_only,43,bandpass_n20005_cV3_independent_rms_s10,phase2/results/predictions/full/clean_only/resnet/seed_43/bandpass_n20005_cV3_independent_rms_s10.npz,76330,2c4ed3500a0fc0e97d926087398a02692a36835645be42b0c43da473dec59f08
resnet,clean_only,43,bandpass_n20005_cV3_independent_rms_s5,phase2/results/predictions/full/clean_only/resnet/seed_43/bandpass_n20005_cV3_independent_rms_s5.npz,76057,e72d1d9f832fcdb3c8b2dbff8785804751877b4f2a000c8fa9c16c92c5571cdd
resnet,clean_only,43,bandpass_n20005_cV3_independent_rms_s0,phase2/results/predictions/full/clean_only/resnet/seed_43/bandpass_n20005_cV3_independent_rms_s0.npz,75678,1a87a8816e8f48a3f4abbdf0048497ec922de7715a192ceaa2038970cec1971d
resnet,clean_only,43,bandpass_n20005_cV3_electrode_s20,phase2/results/predictions/full/clean_only/resnet/seed_43/bandpass_n20005_cV3_electrode_s20.npz,76417,b6614f976bcfe0a1ce6bfcc0dc53414190dea487a1bd3463cccb4a02916ee76a
resnet,clean_only,43,bandpass_n20005_cV3_electrode_s15,phase2/results/predictions/full/clean_only/resnet/seed_43/bandpass_n20005_cV3_electrode_s15.npz,76376,a9e43b8ecbe638603fe37751b8b9f67c6b5411b22ddf6933f837dabc2cdca54d
resnet,clean_only,43,bandpass_n20005_cV3_electrode_s10,phase2/results/predictions/full/clean_only/resnet/seed_43/bandpass_n20005_cV3_electrode_s10.npz,76271,59b330d4ec798e8a539366960a049f502b67de5640459eb5f846e04c0f56b0d1
resnet,clean_only,43,bandpass_n20005_cV3_electrode_s5,phase2/results/predictions/full/clean_only/resnet/seed_43/bandpass_n20005_cV3_electrode_s5.npz,76048,9367dd875b944a7d339e41bfd54e3a4f36311cc388cffdcdff2d86e7934cda32
resnet,clean_only,43,bandpass_n20005_cV3_electrode_s0,phase2/results/predictions/full/clean_only/resnet/seed_43/bandpass_n20005_cV3_electrode_s0.npz,75650,bbd643a30aa8d8e642cef65c887bdc6cb75e8ac1e41ead80e2e0db72dacd9c6e
resnet,clean_only,43,bandpass_n20005_cV3_covariance_s20,phase2/results/predictions/full/clean_only/resnet/seed_43/bandpass_n20005_cV3_covariance_s20.npz,76421,3d79bf12665073179e64b9fa6f9942c37820dbf476c2774efbf707831a8f6611
resnet,clean_only,43,bandpass_n20005_cV3_covariance_s15,phase2/results/predictions/full/clean_only/resnet/seed_43/bandpass_n20005_cV3_covariance_s15.npz,76320,50c56c4014c2a0017683904de1228858ea244c3e8fb7cbf392556b7e96cfdfe1
resnet,clean_only,43,bandpass_n20005_cV3_covariance_s10,phase2/results/predictions/full/clean_only/resnet/seed_43/bandpass_n20005_cV3_covariance_s10.npz,76292,114d1279e8b19095ae3bb6593f417e5b9832fd8dc436f0d4b26a31c7fae775f0
resnet,clean_only,43,bandpass_n20005_cV3_covariance_s5,phase2/results/predictions/full/clean_only/resnet/seed_43/bandpass_n20005_cV3_covariance_s5.npz,76064,1d5c539df9b7ec3bff578cf87cc61e33788432088454eee4c44b63dbd8d2a8fd
resnet,clean_only,43,bandpass_n20005_cV3_covariance_s0,phase2/results/predictions/full/clean_only/resnet/seed_43/bandpass_n20005_cV3_covariance_s0.npz,75702,e02468090e4c00aaf19302fa134a58dfaab07b9fc30788f11437120fa4c884e9
resnet,clean_only,43,bandpass_n20005_cV4_independent_rms_s20,phase2/results/predictions/full/clean_only/resnet/seed_43/bandpass_n20005_cV4_independent_rms_s20.npz,76471,aa75e56381bc1eda74537710577901f81bb5453db34a031369fe98daada1ba01
resnet,clean_only,43,bandpass_n20005_cV4_independent_rms_s15,phase2/results/predictions/full/clean_only/resnet/seed_43/bandpass_n20005_cV4_independent_rms_s15.npz,76404,0c7c6cd34e31dc82155e5cc70c04fd5d512d35b339d6f6befe6a8a3621da1fd2
resnet,clean_only,43,bandpass_n20005_cV4_independent_rms_s10,phase2/results/predictions/full/clean_only/resnet/seed_43/bandpass_n20005_cV4_independent_rms_s10.npz,76305,b1c674528a5e1561a85e6e084c3c51150f13c62f50b3169e3b7e46b49c23af75
resnet,clean_only,43,bandpass_n20005_cV4_independent_rms_s5,phase2/results/predictions/full/clean_only/resnet/seed_43/bandpass_n20005_cV4_independent_rms_s5.npz,76053,207c4da841f994c79f7cd2284da4748102bc19960d1d79551ecd6aa66cdd92e9
resnet,clean_only,43,bandpass_n20005_cV4_independent_rms_s0,phase2/results/predictions/full/clean_only/resnet/seed_43/bandpass_n20005_cV4_independent_rms_s0.npz,75806,f18ad67da569e35ac5e0120f17aa943e6d5a63f3f3d02f97fca76cbf488aa2dc
resnet,clean_only,43,bandpass_n20005_cV4_electrode_s20,phase2/results/predictions/full/clean_only/resnet/seed_43/bandpass_n20005_cV4_electrode_s20.npz,76444,d5bf635a6a0736069ecfb1b3886ba65608ee8fbd4d715c164349d402743c971a
resnet,clean_only,43,bandpass_n20005_cV4_electrode_s15,phase2/results/predictions/full/clean_only/resnet/seed_43/bandpass_n20005_cV4_electrode_s15.npz,76390,f92ddb9b173367981d53cdf883bd1fad469a923a3e36c9f1b05f834531eacfd9
resnet,clean_only,43,bandpass_n20005_cV4_electrode_s10,phase2/results/predictions/full/clean_only/resnet/seed_43/bandpass_n20005_cV4_electrode_s10.npz,76271,cb1e738d1dbbd2af15d5cf83083b258ae9b51d12830d6c334d51f5dd0e918322
resnet,clean_only,43,bandpass_n20005_cV4_electrode_s5,phase2/results/predictions/full/clean_only/resnet/seed_43/bandpass_n20005_cV4_electrode_s5.npz,76054,4436d3fa40439e205f4832b152e2f5fd23b81f3e7b6fcb6e4a50a3572eda0f11
resnet,clean_only,43,bandpass_n20005_cV4_electrode_s0,phase2/results/predictions/full/clean_only/resnet/seed_43/bandpass_n20005_cV4_electrode_s0.npz,75791,916550865a5ade253bd20076892e07bf1088ddca7ad153d467564b6b5dd0ab8c
resnet,clean_only,43,bandpass_n20005_cV4_covariance_s20,phase2/results/predictions/full/clean_only/resnet/seed_43/bandpass_n20005_cV4_covariance_s20.npz,76405,36fc3d03a5fe41f55689b61b6e8b903b128f30528ee54cabaf315ae154d17908
resnet,clean_only,43,bandpass_n20005_cV4_covariance_s15,phase2/results/predictions/full/clean_only/resnet/seed_43/bandpass_n20005_cV4_covariance_s15.npz,76379,9f3a8e0101a62d45869cecda68247b77ae86c92615671b3291f81d4e11e9f87d
resnet,clean_only,43,bandpass_n20005_cV4_covariance_s10,phase2/results/predictions/full/clean_only/resnet/seed_43/bandpass_n20005_cV4_covariance_s10.npz,76315,07de0d5ad9481cd84a68478c74f44cb1ee0337f342d47e17e6130128b5192c5d
resnet,clean_only,43,bandpass_n20005_cV4_covariance_s5,phase2/results/predictions/full/clean_only/resnet/seed_43/bandpass_n20005_cV4_covariance_s5.npz,76107,e9754745620e6020d11f5d53bfcca90454a4d987fb794ad70315a857c9821e26
resnet,clean_only,43,bandpass_n20005_cV4_covariance_s0,phase2/results/predictions/full/clean_only/resnet/seed_43/bandpass_n20005_cV4_covariance_s0.npz,75758,ec4ef7c6208a68addaeda0e4a48985d955f621a808b359c6671ee3b36947b52e
resnet,clean_only,43,bandpass_n20005_cV5_independent_rms_s20,phase2/results/predictions/full/clean_only/resnet/seed_43/bandpass_n20005_cV5_independent_rms_s20.npz,76402,c535d16ae896879c83ceb29a74322753ba3f99ac0d5a728351be328b6c597c26
resnet,clean_only,43,bandpass_n20005_cV5_independent_rms_s15,phase2/results/predictions/full/clean_only/resnet/seed_43/bandpass_n20005_cV5_independent_rms_s15.npz,76371,a6f35e7a2596e795a838d9f82ef77318ddd034b8e6cbb51a0fb205a1a09c2402
resnet,clean_only,43,bandpass_n20005_cV5_independent_rms_s10,phase2/results/predictions/full/clean_only/resnet/seed_43/bandpass_n20005_cV5_independent_rms_s10.npz,76253,97577d056a0376dea11f0c45ce3fc2855b3d9e9512d4e6323218e457da000af4
resnet,clean_only,43,bandpass_n20005_cV5_independent_rms_s5,phase2/results/predictions/full/clean_only/resnet/seed_43/bandpass_n20005_cV5_independent_rms_s5.npz,76005,6d1ae48b4a4bdba0495dd4671f9fea72e2d5280038e7b097537da12edc80b193
resnet,clean_only,43,bandpass_n20005_cV5_independent_rms_s0,phase2/results/predictions/full/clean_only/resnet/seed_43/bandpass_n20005_cV5_independent_rms_s0.npz,75585,b1137bfcba055dabefe3eec9304613eb1dcf4c374b049949aeb660dd2187c671
resnet,clean_only,43,bandpass_n20005_cV5_electrode_s20,phase2/results/predictions/full/clean_only/resnet/seed_43/bandpass_n20005_cV5_electrode_s20.npz,76392,1c8dce22d4e0e555df529b7e923c19017454c3c16e83406718f8ee786da569df
resnet,clean_only,43,bandpass_n20005_cV5_electrode_s15,phase2/results/predictions/full/clean_only/resnet/seed_43/bandpass_n20005_cV5_electrode_s15.npz,76350,c03ac33daf336f3c43b7d8e6e8c241e51b50b9705ab8bfd567767039d4f8e030
resnet,clean_only,43,bandpass_n20005_cV5_electrode_s10,phase2/results/predictions/full/clean_only/resnet/seed_43/bandpass_n20005_cV5_electrode_s10.npz,76262,e8a0291d48a77dd2fa50522156a99fd0bfd0ff2a1e4c74a0a701507fa145b04a
resnet,clean_only,43,bandpass_n20005_cV5_electrode_s5,phase2/results/predictions/full/clean_only/resnet/seed_43/bandpass_n20005_cV5_electrode_s5.npz,76007,8341938998f5b36bcde593fafc5c71768bf70f11275666d6f770f886b43f3cb3
resnet,clean_only,43,bandpass_n20005_cV5_electrode_s0,phase2/results/predictions/full/clean_only/resnet/seed_43/bandpass_n20005_cV5_electrode_s0.npz,75583,9f77d2e212eacd3b4c6e296fa32ec6c72c1f465fc84d6d4085696acf0a62fa8e
resnet,clean_only,43,bandpass_n20005_cV5_covariance_s20,phase2/results/predictions/full/clean_only/resnet/seed_43/bandpass_n20005_cV5_covariance_s20.npz,76373,77a7643926148854235f87c0b86ab515c4569c9c59a9b635e164e034eaef45d6
resnet,clean_only,43,bandpass_n20005_cV5_covariance_s15,phase2/results/predictions/full/clean_only/resnet/seed_43/bandpass_n20005_cV5_covariance_s15.npz,76382,f0726295c0023a8591b1edda927f4dfa669e6ecc87fb469ba7557e97e7e53665
resnet,clean_only,43,bandpass_n20005_cV5_covariance_s10,phase2/results/predictions/full/clean_only/resnet/seed_43/bandpass_n20005_cV5_covariance_s10.npz,76220,835c9d03547338cac0bff3315812e72b324a064fdda3618eb4d288d4dd05fae9
resnet,clean_only,43,bandpass_n20005_cV5_covariance_s5,phase2/results/predictions/full/clean_only/resnet/seed_43/bandpass_n20005_cV5_covariance_s5.npz,76005,90a8bc6014bfc9fe39b86b67d87d5228c0dfc48b12517738d25d635c79a7db80
resnet,clean_only,43,bandpass_n20005_cV5_covariance_s0,phase2/results/predictions/full/clean_only/resnet/seed_43/bandpass_n20005_cV5_covariance_s0.npz,75602,08adde5e5a5b823b9fa273569ce91d2ad6e7dbcd4873fb23602d6fc0f4d6b832
resnet,clean_only,43,bandpass_n20005_cV6_independent_rms_s20,phase2/results/predictions/full/clean_only/resnet/seed_43/bandpass_n20005_cV6_independent_rms_s20.npz,76455,ae14acd7194d7eb1917d21e9183fad8af76ca0987b35bd83576254cc7d821530
resnet,clean_only,43,bandpass_n20005_cV6_independent_rms_s15,phase2/results/predictions/full/clean_only/resnet/seed_43/bandpass_n20005_cV6_independent_rms_s15.npz,76412,399bc483c844a4c3899eb11a9130163bd228837c00a22fe1d323e5d05644daaa
resnet,clean_only,43,bandpass_n20005_cV6_independent_rms_s10,phase2/results/predictions/full/clean_only/resnet/seed_43/bandpass_n20005_cV6_independent_rms_s10.npz,76320,3013e27b23f47db011ed478de534091abe79e777d1bbd105c7c17baac23e7234
resnet,clean_only,43,bandpass_n20005_cV6_independent_rms_s5,phase2/results/predictions/full/clean_only/resnet/seed_43/bandpass_n20005_cV6_independent_rms_s5.npz,76126,d80eff1c8649f09c53eb880d45641f14b7a415bcb046e5cd09cc904e3fdf578f
resnet,clean_only,43,bandpass_n20005_cV6_independent_rms_s0,phase2/results/predictions/full/clean_only/resnet/seed_43/bandpass_n20005_cV6_independent_rms_s0.npz,75809,1de311b12c63be8f352e242777a2eb95748bef735a108aa1e4fb5dfcaf826bb9
resnet,clean_only,43,bandpass_n20005_cV6_electrode_s20,phase2/results/predictions/full/clean_only/resnet/seed_43/bandpass_n20005_cV6_electrode_s20.npz,76426,f4da9a6a948b6326547d11d0139158b056ac9c82c6a24fae6d8705d528a7fc0e
resnet,clean_only,43,bandpass_n20005_cV6_electrode_s15,phase2/results/predictions/full/clean_only/resnet/seed_43/bandpass_n20005_cV6_electrode_s15.npz,76402,112e3d86cd44695b76d0ab553ef2b318a8f2ca4a382409f90ce7d6ed45bc4582
resnet,clean_only,43,bandpass_n20005_cV6_electrode_s10,phase2/results/predictions/full/clean_only/resnet/seed_43/bandpass_n20005_cV6_electrode_s10.npz,76335,e6a8813e86a6b7e384018564e65e0ae43f0e355ff67c4834c7ad1685e608e00b
resnet,clean_only,43,bandpass_n20005_cV6_electrode_s5,phase2/results/predictions/full/clean_only/resnet/seed_43/bandpass_n20005_cV6_electrode_s5.npz,76099,565386495395c2cb0e5c7898abbd1ff0c3832e0e20c9ef3434b34139b76fa745
resnet,clean_only,43,bandpass_n20005_cV6_electrode_s0,phase2/results/predictions/full/clean_only/resnet/seed_43/bandpass_n20005_cV6_electrode_s0.npz,75824,1c3168bb952c97d32b7ec64cf63173dd77db35d45f91c151708f3294c04e7ca2
resnet,clean_only,43,bandpass_n20005_cV6_covariance_s20,phase2/results/predictions/full/clean_only/resnet/seed_43/bandpass_n20005_cV6_covariance_s20.npz,76423,a5bced0031ad450ec35acb4a8a95abeb7d24c9e175b7d06c77a8cf6c436fb5e2
resnet,clean_only,43,bandpass_n20005_cV6_covariance_s15,phase2/results/predictions/full/clean_only/resnet/seed_43/bandpass_n20005_cV6_covariance_s15.npz,76424,ea897c411f6dcf47eeea605d6e4549acd54cdbc81264d4393ff067fcb5acf8fd
resnet,clean_only,43,bandpass_n20005_cV6_covariance_s10,phase2/results/predictions/full/clean_only/resnet/seed_43/bandpass_n20005_cV6_covariance_s10.npz,76337,294be1ed78fbd4bed4e6be0b0393ebc869bc456e42d6a8b785c2a7afdcef9cf7
resnet,clean_only,43,bandpass_n20005_cV6_covariance_s5,phase2/results/predictions/full/clean_only/resnet/seed_43/bandpass_n20005_cV6_covariance_s5.npz,76083,28e937b0fcca8e63adfca19fd101583f24901f4418a114c2e4ec63d98ae2fd40
resnet,clean_only,43,bandpass_n20005_cV6_covariance_s0,phase2/results/predictions/full/clean_only/resnet/seed_43/bandpass_n20005_cV6_covariance_s0.npz,75800,5fa7541d76f8e971f408b11a9299943a1ef37703bd07e4592c7c539547d5416c
resnet,clean_only,43,bandpass_n20005_cRA_LA_independent_rms_s20,phase2/results/predictions/full/clean_only/resnet/seed_43/bandpass_n20005_cRA_LA_independent_rms_s20.npz,76427,c5d9ec236f99534277a9d32e784b1d9aa5f02e0f67d1b274edbc422930af6af7
resnet,clean_only,43,bandpass_n20005_cRA_LA_independent_rms_s15,phase2/results/predictions/full/clean_only/resnet/seed_43/bandpass_n20005_cRA_LA_independent_rms_s15.npz,76425,d37d5cf17b4b0b08a960e883302056ab6104d118b01e066e2f4bd1319314b2d3
resnet,clean_only,43,bandpass_n20005_cRA_LA_independent_rms_s10,phase2/results/predictions/full/clean_only/resnet/seed_43/bandpass_n20005_cRA_LA_independent_rms_s10.npz,76290,dac723753b39ff5341b0b166722a4f532acd1cec7b70ea7645a28e7714655f8f
resnet,clean_only,43,bandpass_n20005_cRA_LA_independent_rms_s5,phase2/results/predictions/full/clean_only/resnet/seed_43/bandpass_n20005_cRA_LA_independent_rms_s5.npz,76030,190d497e88b3e32eabb2fbbd495378627b303d7d8a9234e64541ff072500dc2a
resnet,clean_only,43,bandpass_n20005_cRA_LA_independent_rms_s0,phase2/results/predictions/full/clean_only/resnet/seed_43/bandpass_n20005_cRA_LA_independent_rms_s0.npz,75622,0fff1d96eb5d5217c545f148236316727cf88d97cec438ac7e7bb53e80821e95
resnet,clean_only,43,bandpass_n20005_cRA_LA_electrode_s20,phase2/results/predictions/full/clean_only/resnet/seed_43/bandpass_n20005_cRA_LA_electrode_s20.npz,76420,c75d594271065b114bf57d7ad9ec2765f214502711a7189244409654d0aea1f5
resnet,clean_only,43,bandpass_n20005_cRA_LA_electrode_s15,phase2/results/predictions/full/clean_only/resnet/seed_43/bandpass_n20005_cRA_LA_electrode_s15.npz,76368,543f0b52d3ca71222b4d1450228f2ef2d052a8bec7937c13c6553647b7f2a226
resnet,clean_only,43,bandpass_n20005_cRA_LA_electrode_s10,phase2/results/predictions/full/clean_only/resnet/seed_43/bandpass_n20005_cRA_LA_electrode_s10.npz,76245,f1d473518c26253838d4de50a25f001cb1e31b2fd977bfdfacf207366c291b79
resnet,clean_only,43,bandpass_n20005_cRA_LA_electrode_s5,phase2/results/predictions/full/clean_only/resnet/seed_43/bandpass_n20005_cRA_LA_electrode_s5.npz,75979,652821c4c6411b043446cc932ea9078e26f8a7817e5ea577faa1e94b4c9a2243
resnet,clean_only,43,bandpass_n20005_cRA_LA_electrode_s0,phase2/results/predictions/full/clean_only/resnet/seed_43/bandpass_n20005_cRA_LA_electrode_s0.npz,75494,c64df1eceba1d7d2d2c9dcfbbc2239e316e0630f8cabbaa7c57d57cfb1bb3817
resnet,clean_only,43,bandpass_n20005_cRA_LA_covariance_s20,phase2/results/predictions/full/clean_only/resnet/seed_43/bandpass_n20005_cRA_LA_covariance_s20.npz,76458,e2e3e5fa60f5392c0d241e3e0741c7458882b96651947608a8721730f23df105
resnet,clean_only,43,bandpass_n20005_cRA_LA_covariance_s15,phase2/results/predictions/full/clean_only/resnet/seed_43/bandpass_n20005_cRA_LA_covariance_s15.npz,76320,6d9767f7b8e964b44adeb9d6ef962c73fa4c379c4431584f85463011406116c4
resnet,clean_only,43,bandpass_n20005_cRA_LA_covariance_s10,phase2/results/predictions/full/clean_only/resnet/seed_43/bandpass_n20005_cRA_LA_covariance_s10.npz,76242,477555bbce67022d275872b93dae2f3fced7b4c55d700469484945a3e4f13791
resnet,clean_only,43,bandpass_n20005_cRA_LA_covariance_s5,phase2/results/predictions/full/clean_only/resnet/seed_43/bandpass_n20005_cRA_LA_covariance_s5.npz,75979,7e63307363b3a0f44e4eda0d656a4271549beaae14a0ae3d9d81c1a8863b096d
resnet,clean_only,43,bandpass_n20005_cRA_LA_covariance_s0,phase2/results/predictions/full/clean_only/resnet/seed_43/bandpass_n20005_cRA_LA_covariance_s0.npz,75492,c816858da337d64e94c97e46f085f798b108d6e676cf625b395bc7649844576a
resnet,clean_only,43,bandpass_n20005_cLA_LL_independent_rms_s20,phase2/results/predictions/full/clean_only/resnet/seed_43/bandpass_n20005_cLA_LL_independent_rms_s20.npz,76402,5f8c35405e15af00729e8051c1efc5d0ed609f4e2a49cd2347c1f8433f563b4e
resnet,clean_only,43,bandpass_n20005_cLA_LL_independent_rms_s15,phase2/results/predictions/full/clean_only/resnet/seed_43/bandpass_n20005_cLA_LL_independent_rms_s15.npz,76399,975ff920864be591caf462ca634fb8d6d10f196155069f3438868d15a53be7e2
resnet,clean_only,43,bandpass_n20005_cLA_LL_independent_rms_s10,phase2/results/predictions/full/clean_only/resnet/seed_43/bandpass_n20005_cLA_LL_independent_rms_s10.npz,76289,1bf8de6ae7d56939348f5e4ef21bb0648fac537e29b98120cdbb7860d97fdf61
resnet,clean_only,43,bandpass_n20005_cLA_LL_independent_rms_s5,phase2/results/predictions/full/clean_only/resnet/seed_43/bandpass_n20005_cLA_LL_independent_rms_s5.npz,76040,8b526a7299ede3871b87d76fc3d59ba7a8c65ced2c4a331e3e68c3f3727dc21c
resnet,clean_only,43,bandpass_n20005_cLA_LL_independent_rms_s0,phase2/results/predictions/full/clean_only/resnet/seed_43/bandpass_n20005_cLA_LL_independent_rms_s0.npz,75623,8da7d0d2a19e47c7e046fe5ca101089cb2bfd7f7d873decb9e0ae566e2a30024
resnet,clean_only,43,bandpass_n20005_cLA_LL_electrode_s20,phase2/results/predictions/full/clean_only/resnet/seed_43/bandpass_n20005_cLA_LL_electrode_s20.npz,76418,c0fecdc46d67182a546a0bd844e2fa8df5a9d3d9ae207661c3f0919e9a765037
resnet,clean_only,43,bandpass_n20005_cLA_LL_electrode_s15,phase2/results/predictions/full/clean_only/resnet/seed_43/bandpass_n20005_cLA_LL_electrode_s15.npz,76325,f222877df72b52aebed5b7d6bf9bda0e2b3ede6605754af43488f010cb947200
resnet,clean_only,43,bandpass_n20005_cLA_LL_electrode_s10,phase2/results/predictions/full/clean_only/resnet/seed_43/bandpass_n20005_cLA_LL_electrode_s10.npz,76166,d3ef5950d40f578b1b307b749f4879243048f00a119134be721f4941d902b46a
resnet,clean_only,43,bandpass_n20005_cLA_LL_electrode_s5,phase2/results/predictions/full/clean_only/resnet/seed_43/bandpass_n20005_cLA_LL_electrode_s5.npz,75916,7411e6bac03d99b9fc3c6c2e554521d31d736bd0266f52accbde3646858d4e5d
resnet,clean_only,43,bandpass_n20005_cLA_LL_electrode_s0,phase2/results/predictions/full/clean_only/resnet/seed_43/bandpass_n20005_cLA_LL_electrode_s0.npz,75722,befb17ee57e5242c0af3d91f303f50300e9fda2642507d343cf81f27334d4419
resnet,clean_only,43,bandpass_n20005_cLA_LL_covariance_s20,phase2/results/predictions/full/clean_only/resnet/seed_43/bandpass_n20005_cLA_LL_covariance_s20.npz,76437,d3b962cb00da548367f2da78b63a76db00b71f4ecd5a4c26ff6e541265305a3f
resnet,clean_only,43,bandpass_n20005_cLA_LL_covariance_s15,phase2/results/predictions/full/clean_only/resnet/seed_43/bandpass_n20005_cLA_LL_covariance_s15.npz,76365,1e34146d253d769ecb22a53413723df19df29fef191651be82ccc31d350aaac5
resnet,clean_only,43,bandpass_n20005_cLA_LL_covariance_s10,phase2/results/predictions/full/clean_only/resnet/seed_43/bandpass_n20005_cLA_LL_covariance_s10.npz,76199,2bfad4a6a90df248ff02d40315ae7f2bf54da744d663cebd6f9bc7e9da945b78
resnet,clean_only,43,bandpass_n20005_cLA_LL_covariance_s5,phase2/results/predictions/full/clean_only/resnet/seed_43/bandpass_n20005_cLA_LL_covariance_s5.npz,75923,771d3dcce7dbe2ab8150e2eb213ee428456592680955e572fc527c035183f1e3
resnet,clean_only,43,bandpass_n20005_cLA_LL_covariance_s0,phase2/results/predictions/full/clean_only/resnet/seed_43/bandpass_n20005_cLA_LL_covariance_s0.npz,75737,f4f5522ba68da6d10b804fa3f8d11f959bca2e668f9219d5d5e16e97fb931372
resnet,clean_only,43,bandpass_n20005_cRA_LL_independent_rms_s20,phase2/results/predictions/full/clean_only/resnet/seed_43/bandpass_n20005_cRA_LL_independent_rms_s20.npz,76415,015cc2067453de9f4405ba2661dbd68647ce8b2b08ebb94b97d6a4c4b4fa485b
resnet,clean_only,43,bandpass_n20005_cRA_LL_independent_rms_s15,phase2/results/predictions/full/clean_only/resnet/seed_43/bandpass_n20005_cRA_LL_independent_rms_s15.npz,76391,f97ed2fd0c76461b6dc051cfef08ea2a89c193c2f7971abe888702394053c74c
resnet,clean_only,43,bandpass_n20005_cRA_LL_independent_rms_s10,phase2/results/predictions/full/clean_only/resnet/seed_43/bandpass_n20005_cRA_LL_independent_rms_s10.npz,76289,4719fd5477c8dbf709a16324727a26e3be30bebbf274df8c888791c7ff6240d3
resnet,clean_only,43,bandpass_n20005_cRA_LL_independent_rms_s5,phase2/results/predictions/full/clean_only/resnet/seed_43/bandpass_n20005_cRA_LL_independent_rms_s5.npz,76035,d5e078383a3fab7c4875389387514811dbb5c71f7d5818ec50dd5d67f0db91e4
resnet,clean_only,43,bandpass_n20005_cRA_LL_independent_rms_s0,phase2/results/predictions/full/clean_only/resnet/seed_43/bandpass_n20005_cRA_LL_independent_rms_s0.npz,75579,913919cc2a56d598e6caf790f461abfd606c0f28b18905b3cce681d4fd1c4da8
resnet,clean_only,43,bandpass_n20005_cRA_LL_electrode_s20,phase2/results/predictions/full/clean_only/resnet/seed_43/bandpass_n20005_cRA_LL_electrode_s20.npz,76367,78ada025b49a1f0041d7acc7208a40d529374c2c6e18d71cf81db1ef841fa195
resnet,clean_only,43,bandpass_n20005_cRA_LL_electrode_s15,phase2/results/predictions/full/clean_only/resnet/seed_43/bandpass_n20005_cRA_LL_electrode_s15.npz,76339,0848cade0189553d16e3c252e8e6464e4124d96bbd900da83f563e9b65c641c0
resnet,clean_only,43,bandpass_n20005_cRA_LL_electrode_s10,phase2/results/predictions/full/clean_only/resnet/seed_43/bandpass_n20005_cRA_LL_electrode_s10.npz,76146,6f2daf4c033b65bbe05b4e95abdc3068dd0f42f594656ebff7ee9c50757b9ab2
resnet,clean_only,43,bandpass_n20005_cRA_LL_electrode_s5,phase2/results/predictions/full/clean_only/resnet/seed_43/bandpass_n20005_cRA_LL_electrode_s5.npz,75847,6f6baa86c2a4f803f0f6e6e965b3b4ac15c56b12a8ffde40f79b9f38a35c753b
resnet,clean_only,43,bandpass_n20005_cRA_LL_electrode_s0,phase2/results/predictions/full/clean_only/resnet/seed_43/bandpass_n20005_cRA_LL_electrode_s0.npz,75570,aabb6c44fcd891c6622a0c710bea264815be2f369ca1d85be7967740632ac081
resnet,clean_only,43,bandpass_n20005_cRA_LL_covariance_s20,phase2/results/predictions/full/clean_only/resnet/seed_43/bandpass_n20005_cRA_LL_covariance_s20.npz,76378,ce9750829fe87c016ee206fe000b8f1f123a26ea20503a982da581b8fe6e2194
resnet,clean_only,43,bandpass_n20005_cRA_LL_covariance_s15,phase2/results/predictions/full/clean_only/resnet/seed_43/bandpass_n20005_cRA_LL_covariance_s15.npz,76362,f5a15d185c0fa9f165279df5419d591804991042fb3e34b59d3a14920e70c590
resnet,clean_only,43,bandpass_n20005_cRA_LL_covariance_s10,phase2/results/predictions/full/clean_only/resnet/seed_43/bandpass_n20005_cRA_LL_covariance_s10.npz,76173,708369d85ecff362a600d4a413f5c7fa0d5f3b084f41d3fb8eba6a8a01e62ec1
resnet,clean_only,43,bandpass_n20005_cRA_LL_covariance_s5,phase2/results/predictions/full/clean_only/resnet/seed_43/bandpass_n20005_cRA_LL_covariance_s5.npz,75875,310d3af5e2690cf0fdfd2e4c2c6b30a9314b8c7f4bfb29488f2dcb7acff0a673
resnet,clean_only,43,bandpass_n20005_cRA_LL_covariance_s0,phase2/results/predictions/full/clean_only/resnet/seed_43/bandpass_n20005_cRA_LL_covariance_s0.npz,75546,d9c519e23601de6c9176ddda4b66d66c665c99cf65b799447ec58f2f4d88a7e3
resnet,clean_only,43,bandpass_n20005_cRA_independent_rms_s20,phase2/results/predictions/full/clean_only/resnet/seed_43/bandpass_n20005_cRA_independent_rms_s20.npz,76419,95a85218f5e70724ff31a37c7cb2931d978399130019859d82a2058e05a12317
resnet,clean_only,43,bandpass_n20005_cRA_independent_rms_s15,phase2/results/predictions/full/clean_only/resnet/seed_43/bandpass_n20005_cRA_independent_rms_s15.npz,76402,cf85ce972b71bc95c8fffcf6e62dabd5879d712c605cf4153cfd4584f8d24a18
resnet,clean_only,43,bandpass_n20005_cRA_independent_rms_s10,phase2/results/predictions/full/clean_only/resnet/seed_43/bandpass_n20005_cRA_independent_rms_s10.npz,76288,00b5f0b294d8a966f7f87774e5805a4a5bcf7bd978b63ef643629fc66dbf5e98
resnet,clean_only,43,bandpass_n20005_cRA_independent_rms_s5,phase2/results/predictions/full/clean_only/resnet/seed_43/bandpass_n20005_cRA_independent_rms_s5.npz,76055,5b90379505ad098ef258b6bfc0543f5d7243c841a4dfcd0800050a21a3958067
resnet,clean_only,43,bandpass_n20005_cRA_independent_rms_s0,phase2/results/predictions/full/clean_only/resnet/seed_43/bandpass_n20005_cRA_independent_rms_s0.npz,75671,f77a1fffe96717bf8cf0cb73253c2d6be8da62c0cffc4f34c372fc08c43fa1cc
resnet,clean_only,43,bandpass_n20005_cRA_electrode_s20,phase2/results/predictions/full/clean_only/resnet/seed_43/bandpass_n20005_cRA_electrode_s20.npz,76431,97f5b7156ed60ceb59371692b28644b641109494e503dd969c9029a5647af6a6
resnet,clean_only,43,bandpass_n20005_cRA_electrode_s15,phase2/results/predictions/full/clean_only/resnet/seed_43/bandpass_n20005_cRA_electrode_s15.npz,76335,9aed0f1df5e7f3a9ad815ef3c14c2ccd6fa5bb4ba314f463c71e27b2e7305c81
resnet,clean_only,43,bandpass_n20005_cRA_electrode_s10,phase2/results/predictions/full/clean_only/resnet/seed_43/bandpass_n20005_cRA_electrode_s10.npz,76256,cbfd2e79b9190919450744d2dc29301f384c404a67d3792bc8513be1d5040ce2
resnet,clean_only,43,bandpass_n20005_cRA_electrode_s5,phase2/results/predictions/full/clean_only/resnet/seed_43/bandpass_n20005_cRA_electrode_s5.npz,75950,7cd40246f4ba742ffac5e3610005656dd5e9f4e28bcefd3c6c1729d46294e5d3
resnet,clean_only,43,bandpass_n20005_cRA_electrode_s0,phase2/results/predictions/full/clean_only/resnet/seed_43/bandpass_n20005_cRA_electrode_s0.npz,75449,ad4a3b3d9d3a733052ad27b9e817a8b1815cfc8cdae6acdf6bea67b24c425f9d
resnet,clean_only,43,bandpass_n20005_cRA_covariance_s20,phase2/results/predictions/full/clean_only/resnet/seed_43/bandpass_n20005_cRA_covariance_s20.npz,76405,b77b460e82386e34f04833f6d3beb993e97c39a0b258bb3866779c3577b4018c
resnet,clean_only,43,bandpass_n20005_cRA_covariance_s15,phase2/results/predictions/full/clean_only/resnet/seed_43/bandpass_n20005_cRA_covariance_s15.npz,76365,b29e0266180907968e13ea30d23e8f41f462e1a3a0ac9c20f51dffd5983a6880
resnet,clean_only,43,bandpass_n20005_cRA_covariance_s10,phase2/results/predictions/full/clean_only/resnet/seed_43/bandpass_n20005_cRA_covariance_s10.npz,76203,916a04e6ef85e4039ca6b41babebe11c78db2038ae5e4a4730793dba086e1503
resnet,clean_only,43,bandpass_n20005_cRA_covariance_s5,phase2/results/predictions/full/clean_only/resnet/seed_43/bandpass_n20005_cRA_covariance_s5.npz,75927,b680ca5156273d83cde57fac3756c68e6492c40b161232414f54a1e635be30a9
resnet,clean_only,43,bandpass_n20005_cRA_covariance_s0,phase2/results/predictions/full/clean_only/resnet/seed_43/bandpass_n20005_cRA_covariance_s0.npz,75425,5386d00283a5896f96d73743af4fdfa13567f80b64f6515053026f20416ef047
resnet,clean_only,43,bandpass_n20005_cLA_independent_rms_s20,phase2/results/predictions/full/clean_only/resnet/seed_43/bandpass_n20005_cLA_independent_rms_s20.npz,76442,b1d0c9ecfcaab518cbe3f72b15df00bb614058e2b113cece0887b600cd88870b
resnet,clean_only,43,bandpass_n20005_cLA_independent_rms_s15,phase2/results/predictions/full/clean_only/resnet/seed_43/bandpass_n20005_cLA_independent_rms_s15.npz,76394,95c5fea2e0ebe533b1e12e2a9fa102cffc61aedc973a9d895d76902f4240a087
resnet,clean_only,43,bandpass_n20005_cLA_independent_rms_s10,phase2/results/predictions/full/clean_only/resnet/seed_43/bandpass_n20005_cLA_independent_rms_s10.npz,76290,4e1bef15cd11c66818f883ae75433551b696a2009f4257a5559cd34546a6856b
resnet,clean_only,43,bandpass_n20005_cLA_independent_rms_s5,phase2/results/predictions/full/clean_only/resnet/seed_43/bandpass_n20005_cLA_independent_rms_s5.npz,76029,70a980fae1b2a353acfc9d8ad6f3078ac5a9030ce65ce87e5a5639d4c31b2aa5
resnet,clean_only,43,bandpass_n20005_cLA_independent_rms_s0,phase2/results/predictions/full/clean_only/resnet/seed_43/bandpass_n20005_cLA_independent_rms_s0.npz,75604,647a63d3af6c46bb1e799c5df5cf47706322122267634563b83d0d49c346a379
resnet,clean_only,43,bandpass_n20005_cLA_electrode_s20,phase2/results/predictions/full/clean_only/resnet/seed_43/bandpass_n20005_cLA_electrode_s20.npz,76417,2d01c04c52821bd5b9246ff148009471c6225f42a0782180f0c95c69f4dfcb58
resnet,clean_only,43,bandpass_n20005_cLA_electrode_s15,phase2/results/predictions/full/clean_only/resnet/seed_43/bandpass_n20005_cLA_electrode_s15.npz,76365,76306a477bcf17099e9b916536685a0bdc31900307c9443564be59b509b5f9dc
resnet,clean_only,43,bandpass_n20005_cLA_electrode_s10,phase2/results/predictions/full/clean_only/resnet/seed_43/bandpass_n20005_cLA_electrode_s10.npz,76249,a190d6e850ffd131714a9994aa90d54b0d56b6edf40e63b38b8f352632c40837
resnet,clean_only,43,bandpass_n20005_cLA_electrode_s5,phase2/results/predictions/full/clean_only/resnet/seed_43/bandpass_n20005_cLA_electrode_s5.npz,75965,646c807158f1810e64c562973a3f94e8e94601b8f8189e49d2987970a9b49c60
resnet,clean_only,43,bandpass_n20005_cLA_electrode_s0,phase2/results/predictions/full/clean_only/resnet/seed_43/bandpass_n20005_cLA_electrode_s0.npz,75594,d1cf4d0414a17a5708ea6d3fe7fc2164a5019949bf82384443cdc586fc21bf3e
resnet,clean_only,43,bandpass_n20005_cLA_covariance_s20,phase2/results/predictions/full/clean_only/resnet/seed_43/bandpass_n20005_cLA_covariance_s20.npz,76425,055512a0fcec4d29536bbf0be7a97734fea2195cd374322fbaa66d6f55ba9ec2
resnet,clean_only,43,bandpass_n20005_cLA_covariance_s15,phase2/results/predictions/full/clean_only/resnet/seed_43/bandpass_n20005_cLA_covariance_s15.npz,76382,3f120dace8d9dcf0f437725da3faeb2ee106c495cde6e3cd775286277dbf2d4a
resnet,clean_only,43,bandpass_n20005_cLA_covariance_s10,phase2/results/predictions/full/clean_only/resnet/seed_43/bandpass_n20005_cLA_covariance_s10.npz,76232,45965364d4259c5dfaf1394003fa52d40768de71c7608cc6a637eba6c6545bfe
resnet,clean_only,43,bandpass_n20005_cLA_covariance_s5,phase2/results/predictions/full/clean_only/resnet/seed_43/bandpass_n20005_cLA_covariance_s5.npz,75989,5593f7aae90e893fb6dcefdc56e3c08a2075a6b0510b7788dc8fcce3ee2347b4
resnet,clean_only,43,bandpass_n20005_cLA_covariance_s0,phase2/results/predictions/full/clean_only/resnet/seed_43/bandpass_n20005_cLA_covariance_s0.npz,75584,bd950996cbe4a5d74f08905a6a7f71fa75c3aee13d3ce3119ef3d95c8baa65bd
resnet,clean_only,43,bandpass_n20005_cLL_independent_rms_s20,phase2/results/predictions/full/clean_only/resnet/seed_43/bandpass_n20005_cLL_independent_rms_s20.npz,76404,42ba6494ebe4eb353f2d5cddf4836cae63a505e0c27237eed2eeed84946ed20b
resnet,clean_only,43,bandpass_n20005_cLL_independent_rms_s15,phase2/results/predictions/full/clean_only/resnet/seed_43/bandpass_n20005_cLL_independent_rms_s15.npz,76395,f4a8f5aa3c799251a74620470d9da5f6fed0d891e13688c1184b1a90841958dd
resnet,clean_only,43,bandpass_n20005_cLL_independent_rms_s10,phase2/results/predictions/full/clean_only/resnet/seed_43/bandpass_n20005_cLL_independent_rms_s10.npz,76287,600788614009adb4e2cc48a26c68d948a3d76be8d7153d8a8200bbaa4fc15029
resnet,clean_only,43,bandpass_n20005_cLL_independent_rms_s5,phase2/results/predictions/full/clean_only/resnet/seed_43/bandpass_n20005_cLL_independent_rms_s5.npz,76011,9d5d3b11c421ca666a9d2b08da501cfc89735abb69721ab35687aee3f7bff471
resnet,clean_only,43,bandpass_n20005_cLL_independent_rms_s0,phase2/results/predictions/full/clean_only/resnet/seed_43/bandpass_n20005_cLL_independent_rms_s0.npz,75612,6ea69645dad0880e71c7f546172f2e6c9d4b9dca3c4736d00bafac0e406d1118
resnet,clean_only,43,bandpass_n20005_cLL_electrode_s20,phase2/results/predictions/full/clean_only/resnet/seed_43/bandpass_n20005_cLL_electrode_s20.npz,76429,d4ddd12c80ab5f4ba60e05d6a290ef15d5de756edba9947bd245bc1da66c6c58
resnet,clean_only,43,bandpass_n20005_cLL_electrode_s15,phase2/results/predictions/full/clean_only/resnet/seed_43/bandpass_n20005_cLL_electrode_s15.npz,76298,5efc51077b9603634bce3ac3823c26881bbbb13c4d2596e7d0edddb8ed96a182
resnet,clean_only,43,bandpass_n20005_cLL_electrode_s10,phase2/results/predictions/full/clean_only/resnet/seed_43/bandpass_n20005_cLL_electrode_s10.npz,76136,587ae62ad473c1f3e27b140eaffbdd1f3a0852e05d4456f1a3de2b36e47b25a0
resnet,clean_only,43,bandpass_n20005_cLL_electrode_s5,phase2/results/predictions/full/clean_only/resnet/seed_43/bandpass_n20005_cLL_electrode_s5.npz,75933,4b5c2af52839159e2f80b92e4c873631325fff10e97a46ed0552adfafdf8c58f
resnet,clean_only,43,bandpass_n20005_cLL_electrode_s0,phase2/results/predictions/full/clean_only/resnet/seed_43/bandpass_n20005_cLL_electrode_s0.npz,75825,18829b2601a27f50c9c0f6f32d14aa68d7bd42510835f11a0edb06ddbbf956ac
resnet,clean_only,43,bandpass_n20005_cLL_covariance_s20,phase2/results/predictions/full/clean_only/resnet/seed_43/bandpass_n20005_cLL_covariance_s20.npz,76411,9ff4f463ba435190337e6305aacdfd920c057961d4df8c13db10ec0886be2187
resnet,clean_only,43,bandpass_n20005_cLL_covariance_s15,phase2/results/predictions/full/clean_only/resnet/seed_43/bandpass_n20005_cLL_covariance_s15.npz,76332,6c78b3c3ffb83984e82812ca526eb73c8c05e987d1e7fdf373d204e73a3e3087
resnet,clean_only,43,bandpass_n20005_cLL_covariance_s10,phase2/results/predictions/full/clean_only/resnet/seed_43/bandpass_n20005_cLL_covariance_s10.npz,76126,3803e5e34269a3d5bd0eee5dd76a43ce7848255e475e6fd5a96e1f86baed016d
resnet,clean_only,43,bandpass_n20005_cLL_covariance_s5,phase2/results/predictions/full/clean_only/resnet/seed_43/bandpass_n20005_cLL_covariance_s5.npz,75948,09c23425e18bfbab0d17c99a94956b87b249bee05e0814b6cfe3c7883b56a46a
resnet,clean_only,43,bandpass_n20005_cLL_covariance_s0,phase2/results/predictions/full/clean_only/resnet/seed_43/bandpass_n20005_cLL_covariance_s0.npz,75846,da7bc02b80eb92ab71cc395decc5af562a294ce310f53f02b4fa9ad3e87c5675
resnet,clean_only,43,bandpass_n20005_cRA_V1_independent_rms_s20,phase2/results/predictions/full/clean_only/resnet/seed_43/bandpass_n20005_cRA_V1_independent_rms_s20.npz,76445,38460f3e0bd1a482beecd717aa3f11eb14d6dd10cfda3e9af97e663f6e5ffcae
resnet,clean_only,43,bandpass_n20005_cRA_V1_independent_rms_s15,phase2/results/predictions/full/clean_only/resnet/seed_43/bandpass_n20005_cRA_V1_independent_rms_s15.npz,76395,1ac7ed354e54a074ef64e5a794998ff939ebfdb42ac35980bb58b48e3139a5b7
resnet,clean_only,43,bandpass_n20005_cRA_V1_independent_rms_s10,phase2/results/predictions/full/clean_only/resnet/seed_43/bandpass_n20005_cRA_V1_independent_rms_s10.npz,76303,8bcab921cbaf6afb509303f67604cf377c7e7df0031dbd0e9631b5a233b72e3b
resnet,clean_only,43,bandpass_n20005_cRA_V1_independent_rms_s5,phase2/results/predictions/full/clean_only/resnet/seed_43/bandpass_n20005_cRA_V1_independent_rms_s5.npz,76016,c59862187ff888ec4473dffa3f9b9141802d1e90b5f0e617bdfd16241b206154
resnet,clean_only,43,bandpass_n20005_cRA_V1_independent_rms_s0,phase2/results/predictions/full/clean_only/resnet/seed_43/bandpass_n20005_cRA_V1_independent_rms_s0.npz,75601,ef552ff525383336f6874c34752b6ff9013780e0414eef910ce1fb03c99b1465
resnet,clean_only,43,bandpass_n20005_cRA_V1_electrode_s20,phase2/results/predictions/full/clean_only/resnet/seed_43/bandpass_n20005_cRA_V1_electrode_s20.npz,76410,047ebed2bd2e1594f1a9e6a200a22aea750e4ce421fa408e67f570db9244ab2f
resnet,clean_only,43,bandpass_n20005_cRA_V1_electrode_s15,phase2/results/predictions/full/clean_only/resnet/seed_43/bandpass_n20005_cRA_V1_electrode_s15.npz,76406,c70bdbf8c0876a0b18fde973a82d5232cd2c53295ded8dbead37480751033138
resnet,clean_only,43,bandpass_n20005_cRA_V1_electrode_s10,phase2/results/predictions/full/clean_only/resnet/seed_43/bandpass_n20005_cRA_V1_electrode_s10.npz,76236,c36a05ae31cbac24eadb02a2745d6dd7163fbc89b94ab8095955a11fd1d4bc38
resnet,clean_only,43,bandpass_n20005_cRA_V1_electrode_s5,phase2/results/predictions/full/clean_only/resnet/seed_43/bandpass_n20005_cRA_V1_electrode_s5.npz,75957,06d9f895e913cd8a8882c9acbab65baebe42619d93c4f1f635ad6e269fb2315e
resnet,clean_only,43,bandpass_n20005_cRA_V1_electrode_s0,phase2/results/predictions/full/clean_only/resnet/seed_43/bandpass_n20005_cRA_V1_electrode_s0.npz,75439,dbd3f85e37e8ec041e2360455fb39f036020fbbbb8cee2516fae88ade1716d3c
resnet,clean_only,43,bandpass_n20005_cRA_V1_covariance_s20,phase2/results/predictions/full/clean_only/resnet/seed_43/bandpass_n20005_cRA_V1_covariance_s20.npz,76432,5d5377a381f457b97ae4e57da4660a2f29115c7cb8e9b985cfa30519fc0a6038
resnet,clean_only,43,bandpass_n20005_cRA_V1_covariance_s15,phase2/results/predictions/full/clean_only/resnet/seed_43/bandpass_n20005_cRA_V1_covariance_s15.npz,76416,7325b2a1f125640ab65bdc87f644078a6c5d8926e8c9e41a4f0da9f309844632
resnet,clean_only,43,bandpass_n20005_cRA_V1_covariance_s10,phase2/results/predictions/full/clean_only/resnet/seed_43/bandpass_n20005_cRA_V1_covariance_s10.npz,76244,f627cf261cc97c86920c30154152d73a499e33d40e5a7a4bf480af069856ceaa
resnet,clean_only,43,bandpass_n20005_cRA_V1_covariance_s5,phase2/results/predictions/full/clean_only/resnet/seed_43/bandpass_n20005_cRA_V1_covariance_s5.npz,75966,9cc4012632585ccb9d0dfd5972a1c28812dce9119f186da03ac9edacc142c0b9
resnet,clean_only,43,bandpass_n20005_cRA_V1_covariance_s0,phase2/results/predictions/full/clean_only/resnet/seed_43/bandpass_n20005_cRA_V1_covariance_s0.npz,75422,d04fe5e0faf84769d3a7df5683cee14e0ddbefdb9252b900f4213734e160c922
resnet,clean_only,43,bandpass_n20005_cLA_V6_independent_rms_s20,phase2/results/predictions/full/clean_only/resnet/seed_43/bandpass_n20005_cLA_V6_independent_rms_s20.npz,76473,0c4aa0623bac77244bc63f6e099bf7e6a1da6773d208341e4d73fc521cd94361
resnet,clean_only,43,bandpass_n20005_cLA_V6_independent_rms_s15,phase2/results/predictions/full/clean_only/resnet/seed_43/bandpass_n20005_cLA_V6_independent_rms_s15.npz,76439,ca92f068f1eefc3241359b1016d767b80d2c6f21982f6285983bde5077e46750
resnet,clean_only,43,bandpass_n20005_cLA_V6_independent_rms_s10,phase2/results/predictions/full/clean_only/resnet/seed_43/bandpass_n20005_cLA_V6_independent_rms_s10.npz,76274,b4ceb0b8fd296bb85d20a565f7e056b80c36d72cc35e6523368f679db4d5b0d2
resnet,clean_only,43,bandpass_n20005_cLA_V6_independent_rms_s5,phase2/results/predictions/full/clean_only/resnet/seed_43/bandpass_n20005_cLA_V6_independent_rms_s5.npz,76053,403837bacdea52b1a9038edff8ae55cffbe604ad2abf39c3701f3e329a98d4b9
resnet,clean_only,43,bandpass_n20005_cLA_V6_independent_rms_s0,phase2/results/predictions/full/clean_only/resnet/seed_43/bandpass_n20005_cLA_V6_independent_rms_s0.npz,75614,82a7ad3fdf87631a4e15eb536ec4b9624dc0ad8eac673c470db0707dca0733a1
resnet,clean_only,43,bandpass_n20005_cLA_V6_electrode_s20,phase2/results/predictions/full/clean_only/resnet/seed_43/bandpass_n20005_cLA_V6_electrode_s20.npz,76459,2208345f50d69b5fa34feb8df5addccaa22ef0bb0e240d2fa0a55023da93da49
resnet,clean_only,43,bandpass_n20005_cLA_V6_electrode_s15,phase2/results/predictions/full/clean_only/resnet/seed_43/bandpass_n20005_cLA_V6_electrode_s15.npz,76373,10ff9b7da42bfb29e61a50ab63e491763c70b614ac539da4a247acb826ddedd1
resnet,clean_only,43,bandpass_n20005_cLA_V6_electrode_s10,phase2/results/predictions/full/clean_only/resnet/seed_43/bandpass_n20005_cLA_V6_electrode_s10.npz,76279,4382daf958f1896fe9f09013ee974f4a3a0ed06df4da5265b36050437d5a7e72
resnet,clean_only,43,bandpass_n20005_cLA_V6_electrode_s5,phase2/results/predictions/full/clean_only/resnet/seed_43/bandpass_n20005_cLA_V6_electrode_s5.npz,75959,a4e22a437524437192ac15bab1102ed935ed183f042fdc5a282e34cb33678fbf
resnet,clean_only,43,bandpass_n20005_cLA_V6_electrode_s0,phase2/results/predictions/full/clean_only/resnet/seed_43/bandpass_n20005_cLA_V6_electrode_s0.npz,75615,6802f36e58006bb8d79d64e2c57cab9fddc64db8312299bc19f889dce32f7d00
resnet,clean_only,43,bandpass_n20005_cLA_V6_covariance_s20,phase2/results/predictions/full/clean_only/resnet/seed_43/bandpass_n20005_cLA_V6_covariance_s20.npz,76429,3bec26562e5ab78102141c14fb38c802b7972e2ca282a3dc4f636ab113e7172d
resnet,clean_only,43,bandpass_n20005_cLA_V6_covariance_s15,phase2/results/predictions/full/clean_only/resnet/seed_43/bandpass_n20005_cLA_V6_covariance_s15.npz,76402,957754c4dea0b6b661168543f63c3b63e1adf82af230d2c815019c60b70922a9
resnet,clean_only,43,bandpass_n20005_cLA_V6_covariance_s10,phase2/results/predictions/full/clean_only/resnet/seed_43/bandpass_n20005_cLA_V6_covariance_s10.npz,76274,7195a72fde299deaf398c765d544f05dd694f5f874ba412ca5e9a90db4ae5426
resnet,clean_only,43,bandpass_n20005_cLA_V6_covariance_s5,phase2/results/predictions/full/clean_only/resnet/seed_43/bandpass_n20005_cLA_V6_covariance_s5.npz,76013,521581aed6273678dc371b2d17444b96d6ab719579f59aed9c76019aa36a3edd
resnet,clean_only,43,bandpass_n20005_cLA_V6_covariance_s0,phase2/results/predictions/full/clean_only/resnet/seed_43/bandpass_n20005_cLA_V6_covariance_s0.npz,75557,2bed2090b67aa81a92fa368bba04857a34f882093131715c92e4d5af083c5900
resnet,clean_only,43,bandpass_n20005_cLL_V4_independent_rms_s20,phase2/results/predictions/full/clean_only/resnet/seed_43/bandpass_n20005_cLL_V4_independent_rms_s20.npz,76472,31119e0759a0fc6f5975a493ee7419e03034d53408eebab36e7c2093cb8dd426
resnet,clean_only,43,bandpass_n20005_cLL_V4_independent_rms_s15,phase2/results/predictions/full/clean_only/resnet/seed_43/bandpass_n20005_cLL_V4_independent_rms_s15.npz,76399,45f782f72c1683325e1e18bb44ef5aa35b6250b81e22ae0e6d473265d6db9f33
resnet,clean_only,43,bandpass_n20005_cLL_V4_independent_rms_s10,phase2/results/predictions/full/clean_only/resnet/seed_43/bandpass_n20005_cLL_V4_independent_rms_s10.npz,76294,3fd29d31fbcc31037bd8af4f7ad609841972a485f9d9f0d9a9f5d63cf69aa292
resnet,clean_only,43,bandpass_n20005_cLL_V4_independent_rms_s5,phase2/results/predictions/full/clean_only/resnet/seed_43/bandpass_n20005_cLL_V4_independent_rms_s5.npz,76010,0d1274fd3b99d48c2c8289de3f72a3f36249bd956fa61eaeec2d11b5b39d947f
resnet,clean_only,43,bandpass_n20005_cLL_V4_independent_rms_s0,phase2/results/predictions/full/clean_only/resnet/seed_43/bandpass_n20005_cLL_V4_independent_rms_s0.npz,75651,c09f55fccb6a0eb65451d737fbebf384d23c14a2935edfc3a5ca3e698d28d94d
resnet,clean_only,43,bandpass_n20005_cLL_V4_electrode_s20,phase2/results/predictions/full/clean_only/resnet/seed_43/bandpass_n20005_cLL_V4_electrode_s20.npz,76434,7c1cf9cf746cb36e11866d545eb957778afaaeb385873225024e9f58c6148c8e
resnet,clean_only,43,bandpass_n20005_cLL_V4_electrode_s15,phase2/results/predictions/full/clean_only/resnet/seed_43/bandpass_n20005_cLL_V4_electrode_s15.npz,76345,0cba212871af36564c23cc3ebc8a220fa2de85efdfb773f6cc8bc4dd129d67ea
resnet,clean_only,43,bandpass_n20005_cLL_V4_electrode_s10,phase2/results/predictions/full/clean_only/resnet/seed_43/bandpass_n20005_cLL_V4_electrode_s10.npz,76186,e1c64584bd2de295f770832a0d01591dbe0daaac4ba2f9e0321f0b77b085ca99
resnet,clean_only,43,bandpass_n20005_cLL_V4_electrode_s5,phase2/results/predictions/full/clean_only/resnet/seed_43/bandpass_n20005_cLL_V4_electrode_s5.npz,75971,8ce9f3b3c45d6c1e281b3eeb85357e8cdf03e9c9cfd7a0e90a12b3c1bfbe270b
resnet,clean_only,43,bandpass_n20005_cLL_V4_electrode_s0,phase2/results/predictions/full/clean_only/resnet/seed_43/bandpass_n20005_cLL_V4_electrode_s0.npz,75812,8f96e9f35f5087637260566591796073b64d12ff65b315e152358bb3da784d9b
resnet,clean_only,43,bandpass_n20005_cLL_V4_covariance_s20,phase2/results/predictions/full/clean_only/resnet/seed_43/bandpass_n20005_cLL_V4_covariance_s20.npz,76408,c14797be9b5013c422fa2eb0a5fc05f1fe198ec07985ed054ed71c2eadc172a9
resnet,clean_only,43,bandpass_n20005_cLL_V4_covariance_s15,phase2/results/predictions/full/clean_only/resnet/seed_43/bandpass_n20005_cLL_V4_covariance_s15.npz,76350,d0061e3a1840ec3b4155376a930e1b4b73526407282370982a719c58a2425e66
resnet,clean_only,43,bandpass_n20005_cLL_V4_covariance_s10,phase2/results/predictions/full/clean_only/resnet/seed_43/bandpass_n20005_cLL_V4_covariance_s10.npz,76157,fefd52d33cc24ad5a0b9734f90474afc6d9fc5b1cbc2873094f3fa1aa96d4430
resnet,clean_only,43,bandpass_n20005_cLL_V4_covariance_s5,phase2/results/predictions/full/clean_only/resnet/seed_43/bandpass_n20005_cLL_V4_covariance_s5.npz,75940,8048353ad1b09dee0569fd03c84141895cb18fea8ffd7992d07881dd8ad546b6
resnet,clean_only,43,bandpass_n20005_cLL_V4_covariance_s0,phase2/results/predictions/full/clean_only/resnet/seed_43/bandpass_n20005_cLL_V4_covariance_s0.npz,75816,a9094c4dcd7fe5fcb8c0b15d9454879a2229607aa292b2765b1d97ebcb7265e5
resnet,clean_only,43,bandpass_n20005_cRA_LA_V1_V6_independent_rms_s20,phase2/results/predictions/full/clean_only/resnet/seed_43/bandpass_n20005_cRA_LA_V1_V6_independent_rms_s20.npz,76450,c88564ee3f03a0dee7f0ce2d50aed3c1de3e4d2edf18d52d7415cd88c83593fa
resnet,clean_only,43,bandpass_n20005_cRA_LA_V1_V6_independent_rms_s15,phase2/results/predictions/full/clean_only/resnet/seed_43/bandpass_n20005_cRA_LA_V1_V6_independent_rms_s15.npz,76435,fd870a6804824cc4818dfde007d913e43f66fdf383d203e020b1a1739a7b77aa
resnet,clean_only,43,bandpass_n20005_cRA_LA_V1_V6_independent_rms_s10,phase2/results/predictions/full/clean_only/resnet/seed_43/bandpass_n20005_cRA_LA_V1_V6_independent_rms_s10.npz,76332,ad97a764aab829f2bbbd851135e2017784070209377f62d2c658827d91411791
resnet,clean_only,43,bandpass_n20005_cRA_LA_V1_V6_independent_rms_s5,phase2/results/predictions/full/clean_only/resnet/seed_43/bandpass_n20005_cRA_LA_V1_V6_independent_rms_s5.npz,76049,0228647815f396424e055cff65b523b35e6d17f0062e346bc15b82f6d7c70d95
resnet,clean_only,43,bandpass_n20005_cRA_LA_V1_V6_independent_rms_s0,phase2/results/predictions/full/clean_only/resnet/seed_43/bandpass_n20005_cRA_LA_V1_V6_independent_rms_s0.npz,75649,bbb8cbb57f5efb2c6a3f4929b32d65b26d5b6e7513ca891f14e74a42f3328582
resnet,clean_only,43,bandpass_n20005_cRA_LA_V1_V6_electrode_s20,phase2/results/predictions/full/clean_only/resnet/seed_43/bandpass_n20005_cRA_LA_V1_V6_electrode_s20.npz,76447,98a47a28c2b291c1f4aedb08b6ac46a6745bcc842960da98e67fc712aa9dd255
resnet,clean_only,43,bandpass_n20005_cRA_LA_V1_V6_electrode_s15,phase2/results/predictions/full/clean_only/resnet/seed_43/bandpass_n20005_cRA_LA_V1_V6_electrode_s15.npz,76427,cc64f7ffde1fd38e3ce138bb5ab6f1ad2d094f1c10dbc9ced01c1213521702f0
resnet,clean_only,43,bandpass_n20005_cRA_LA_V1_V6_electrode_s10,phase2/results/predictions/full/clean_only/resnet/seed_43/bandpass_n20005_cRA_LA_V1_V6_electrode_s10.npz,76282,fa50309ef364c8cc71d97c8a11f8f861b933a109c81b3ee2c507d7e6f5545284
resnet,clean_only,43,bandpass_n20005_cRA_LA_V1_V6_electrode_s5,phase2/results/predictions/full/clean_only/resnet/seed_43/bandpass_n20005_cRA_LA_V1_V6_electrode_s5.npz,75968,91e57346f1cbbf22ee9c19acb3c6ae05812672b2bd214ce8debae438937c4e31
resnet,clean_only,43,bandpass_n20005_cRA_LA_V1_V6_electrode_s0,phase2/results/predictions/full/clean_only/resnet/seed_43/bandpass_n20005_cRA_LA_V1_V6_electrode_s0.npz,75513,080ae47e09fe460028dc31a796bff7be11761a012afc1b3e619500416afa9e82
resnet,clean_only,43,bandpass_n20005_cRA_LA_V1_V6_covariance_s20,phase2/results/predictions/full/clean_only/resnet/seed_43/bandpass_n20005_cRA_LA_V1_V6_covariance_s20.npz,76445,2cc9eafa0773bb81a35a9166f543b9546902e7126f7c3e23da17cb94a31774e8
resnet,clean_only,43,bandpass_n20005_cRA_LA_V1_V6_covariance_s15,phase2/results/predictions/full/clean_only/resnet/seed_43/bandpass_n20005_cRA_LA_V1_V6_covariance_s15.npz,76416,f8a21f1a16af025efa468cb6a30f8db83a19b37b910084065c3764ea55a6bc11
resnet,clean_only,43,bandpass_n20005_cRA_LA_V1_V6_covariance_s10,phase2/results/predictions/full/clean_only/resnet/seed_43/bandpass_n20005_cRA_LA_V1_V6_covariance_s10.npz,76259,0667b4255b92a0c647e21f1e90eb344740b96448aa62e2c9a0286611ece177ae
resnet,clean_only,43,bandpass_n20005_cRA_LA_V1_V6_covariance_s5,phase2/results/predictions/full/clean_only/resnet/seed_43/bandpass_n20005_cRA_LA_V1_V6_covariance_s5.npz,75996,2c7cc16405753f2edf63efa73a6339c887d6ad98b17c1d4dfb967d5d52ad77ff
resnet,clean_only,43,bandpass_n20005_cRA_LA_V1_V6_covariance_s0,phase2/results/predictions/full/clean_only/resnet/seed_43/bandpass_n20005_cRA_LA_V1_V6_covariance_s0.npz,75513,93fca2850be26746b5386d6fc1afb3fb72bce22900caf43b8b73e973110e3ece
resnet,clean_only,43,bandpass_n20005_cRA_V2_V5_independent_rms_s20,phase2/results/predictions/full/clean_only/resnet/seed_43/bandpass_n20005_cRA_V2_V5_independent_rms_s20.npz,76443,ab4e1ba220bac657394510913750d6ea096604d642ff3cab36b872b652a09147
resnet,clean_only,43,bandpass_n20005_cRA_V2_V5_independent_rms_s15,phase2/results/predictions/full/clean_only/resnet/seed_43/bandpass_n20005_cRA_V2_V5_independent_rms_s15.npz,76419,e16aa0a01e1f12356a99dccd0611c2c0eb91cd37de04a7e4e9ef5886a0da6957
resnet,clean_only,43,bandpass_n20005_cRA_V2_V5_independent_rms_s10,phase2/results/predictions/full/clean_only/resnet/seed_43/bandpass_n20005_cRA_V2_V5_independent_rms_s10.npz,76284,60dab874dd5d16a3eec88076458aba39175527e2d0a7ffcac6b17ead99d6e6df
resnet,clean_only,43,bandpass_n20005_cRA_V2_V5_independent_rms_s5,phase2/results/predictions/full/clean_only/resnet/seed_43/bandpass_n20005_cRA_V2_V5_independent_rms_s5.npz,76047,f46dd3027ab7edb16c2681a0b472f19e2becfa08bf54bc0233a9d12b8585a775
resnet,clean_only,43,bandpass_n20005_cRA_V2_V5_independent_rms_s0,phase2/results/predictions/full/clean_only/resnet/seed_43/bandpass_n20005_cRA_V2_V5_independent_rms_s0.npz,75668,5507614882eb7d5d36f28b2f8c62a869c380d7c2e07446f1f97790041cfce6fb
resnet,clean_only,43,bandpass_n20005_cRA_V2_V5_electrode_s20,phase2/results/predictions/full/clean_only/resnet/seed_43/bandpass_n20005_cRA_V2_V5_electrode_s20.npz,76417,d94e88110a6ab318d8e810dd067bcfdc9b6442614d8ff9abcda62bc6ff59c102
resnet,clean_only,43,bandpass_n20005_cRA_V2_V5_electrode_s15,phase2/results/predictions/full/clean_only/resnet/seed_43/bandpass_n20005_cRA_V2_V5_electrode_s15.npz,76386,56912075e9ee443725038e2aeb42a4d422ae660a14ab0b755c1efacbfc5a12e6
resnet,clean_only,43,bandpass_n20005_cRA_V2_V5_electrode_s10,phase2/results/predictions/full/clean_only/resnet/seed_43/bandpass_n20005_cRA_V2_V5_electrode_s10.npz,76240,d60e3124fc5135e24ab918ead8865da42ed1d5db6eaadbb0138595f33b59c86f
resnet,clean_only,43,bandpass_n20005_cRA_V2_V5_electrode_s5,phase2/results/predictions/full/clean_only/resnet/seed_43/bandpass_n20005_cRA_V2_V5_electrode_s5.npz,75977,530c19acb8d7e16ca4889d80249d34cb5f95aede56fd0e992ee1f8574851582b
resnet,clean_only,43,bandpass_n20005_cRA_V2_V5_electrode_s0,phase2/results/predictions/full/clean_only/resnet/seed_43/bandpass_n20005_cRA_V2_V5_electrode_s0.npz,75479,3286999b5aac2052905386144856bad080fdb0efd489c7e4be7157c7423d4de3
resnet,clean_only,43,bandpass_n20005_cRA_V2_V5_covariance_s20,phase2/results/predictions/full/clean_only/resnet/seed_43/bandpass_n20005_cRA_V2_V5_covariance_s20.npz,76456,065119463dbf1467323473e644e495193aaae0b456c98be7efef00c968e44851
resnet,clean_only,43,bandpass_n20005_cRA_V2_V5_covariance_s15,phase2/results/predictions/full/clean_only/resnet/seed_43/bandpass_n20005_cRA_V2_V5_covariance_s15.npz,76361,1c9341e3a91aaa3201edb8be16b4cfacbdb27aae9e0066f0705ffa148232e4eb
resnet,clean_only,43,bandpass_n20005_cRA_V2_V5_covariance_s10,phase2/results/predictions/full/clean_only/resnet/seed_43/bandpass_n20005_cRA_V2_V5_covariance_s10.npz,76217,1cda53d73f54e8fedb3d18f1bc8c2f370c8166c18cba2f396effe71438ade0b5
resnet,clean_only,43,bandpass_n20005_cRA_V2_V5_covariance_s5,phase2/results/predictions/full/clean_only/resnet/seed_43/bandpass_n20005_cRA_V2_V5_covariance_s5.npz,75979,e4aa16d97130007e6a9787b70df6af1963837dadd586bcead71886c0bcde93f2
resnet,clean_only,43,bandpass_n20005_cRA_V2_V5_covariance_s0,phase2/results/predictions/full/clean_only/resnet/seed_43/bandpass_n20005_cRA_V2_V5_covariance_s0.npz,75475,90a075a8678bb7556893f969a11a983d8937dc891ae13f2341619e85facceeaf
resnet,clean_only,43,bandpass_n20005_cLA_V3_V6_independent_rms_s20,phase2/results/predictions/full/clean_only/resnet/seed_43/bandpass_n20005_cLA_V3_V6_independent_rms_s20.npz,76436,3a5ebcfb13ec5b7924de47ec41beadd2c247dde1a8c358189916b585f04ca805
resnet,clean_only,43,bandpass_n20005_cLA_V3_V6_independent_rms_s15,phase2/results/predictions/full/clean_only/resnet/seed_43/bandpass_n20005_cLA_V3_V6_independent_rms_s15.npz,76453,5f027ecd5ef8490e36bb05f017def39ff0373477ed4be43637daf1cbf9adecde
resnet,clean_only,43,bandpass_n20005_cLA_V3_V6_independent_rms_s10,phase2/results/predictions/full/clean_only/resnet/seed_43/bandpass_n20005_cLA_V3_V6_independent_rms_s10.npz,76315,2d9f0ec2e85b9543d7b80fa086a36ba2d3ac3876326fff1131c14aca16f3f9b3
resnet,clean_only,43,bandpass_n20005_cLA_V3_V6_independent_rms_s5,phase2/results/predictions/full/clean_only/resnet/seed_43/bandpass_n20005_cLA_V3_V6_independent_rms_s5.npz,76039,6ba09ee729b011ee5913763ceb85cfdbce537ab78b0031c8f0541ad9db51af68
resnet,clean_only,43,bandpass_n20005_cLA_V3_V6_independent_rms_s0,phase2/results/predictions/full/clean_only/resnet/seed_43/bandpass_n20005_cLA_V3_V6_independent_rms_s0.npz,75641,256a78902dab70c05442f2b4c28b28e502f004c9933618abe56da73fed7c9efa
resnet,clean_only,43,bandpass_n20005_cLA_V3_V6_electrode_s20,phase2/results/predictions/full/clean_only/resnet/seed_43/bandpass_n20005_cLA_V3_V6_electrode_s20.npz,76453,b23e460d06e6de5357806c54239744a6af070bd5c22b3922d1b791e529f60004
resnet,clean_only,43,bandpass_n20005_cLA_V3_V6_electrode_s15,phase2/results/predictions/full/clean_only/resnet/seed_43/bandpass_n20005_cLA_V3_V6_electrode_s15.npz,76379,aa40aa60479f28a059ced3b7ff90b5e315fe8ebf237f2fdbfef765d0ddc6f1b9
resnet,clean_only,43,bandpass_n20005_cLA_V3_V6_electrode_s10,phase2/results/predictions/full/clean_only/resnet/seed_43/bandpass_n20005_cLA_V3_V6_electrode_s10.npz,76283,007a3687045117c169d4630e4e1597a0d228520d8b37614618b6649edd253675
resnet,clean_only,43,bandpass_n20005_cLA_V3_V6_electrode_s5,phase2/results/predictions/full/clean_only/resnet/seed_43/bandpass_n20005_cLA_V3_V6_electrode_s5.npz,76032,a296f46b7c9a70ef6821b6465a33c85aa911ff27aeae704e9370cee95a5cb97e
resnet,clean_only,43,bandpass_n20005_cLA_V3_V6_electrode_s0,phase2/results/predictions/full/clean_only/resnet/seed_43/bandpass_n20005_cLA_V3_V6_electrode_s0.npz,75630,fbc11824ddad0491498d247a7ebcc1dd52138e30c22043995650365a02f26b5e
resnet,clean_only,43,bandpass_n20005_cLA_V3_V6_covariance_s20,phase2/results/predictions/full/clean_only/resnet/seed_43/bandpass_n20005_cLA_V3_V6_covariance_s20.npz,76449,4b852e973239d35529163fddcdb15de91d4429aa422e9afa904f88a12d86733f
resnet,clean_only,43,bandpass_n20005_cLA_V3_V6_covariance_s15,phase2/results/predictions/full/clean_only/resnet/seed_43/bandpass_n20005_cLA_V3_V6_covariance_s15.npz,76412,b8f86ec6df22dab4902fdc1c90542916fdcbbc1396d746dc59339ffac33c8731
resnet,clean_only,43,bandpass_n20005_cLA_V3_V6_covariance_s10,phase2/results/predictions/full/clean_only/resnet/seed_43/bandpass_n20005_cLA_V3_V6_covariance_s10.npz,76266,cf11234d0feca376d0231ff85487a394e89a71647011a4b4b3ddafe11d3b87b9
resnet,clean_only,43,bandpass_n20005_cLA_V3_V6_covariance_s5,phase2/results/predictions/full/clean_only/resnet/seed_43/bandpass_n20005_cLA_V3_V6_covariance_s5.npz,76023,db6b27fe9369f92ae318dfa0a1c065499247330c6f83f9fbf8cf7c193cc923ac
resnet,clean_only,43,bandpass_n20005_cLA_V3_V6_covariance_s0,phase2/results/predictions/full/clean_only/resnet/seed_43/bandpass_n20005_cLA_V3_V6_covariance_s0.npz,75630,cc04fe2e6366919d866160f56f302b8ce095cb1fafe1c287f8053ae386a7d459
resnet,clean_only,43,bandpass_n20005_cLL_V1_V4_independent_rms_s20,phase2/results/predictions/full/clean_only/resnet/seed_43/bandpass_n20005_cLL_V1_V4_independent_rms_s20.npz,76460,4900d34a2e484331443c4f187ece390e8d66587756963940df0f1b82d77fb0c2
resnet,clean_only,43,bandpass_n20005_cLL_V1_V4_independent_rms_s15,phase2/results/predictions/full/clean_only/resnet/seed_43/bandpass_n20005_cLL_V1_V4_independent_rms_s15.npz,76367,cd6f9d02e789c96c40e2d85bfc427c29a6774c47452656a3fbf7f23cb3cedf5b
resnet,clean_only,43,bandpass_n20005_cLL_V1_V4_independent_rms_s10,phase2/results/predictions/full/clean_only/resnet/seed_43/bandpass_n20005_cLL_V1_V4_independent_rms_s10.npz,76290,ffece0bb4cf5f252cbe0b4d04229e987152fd084f60f561323b3a9fbc058283b
resnet,clean_only,43,bandpass_n20005_cLL_V1_V4_independent_rms_s5,phase2/results/predictions/full/clean_only/resnet/seed_43/bandpass_n20005_cLL_V1_V4_independent_rms_s5.npz,76035,8917901af251b495484f9597b04eace9c85631e6c99ed3682e365902988598a8
resnet,clean_only,43,bandpass_n20005_cLL_V1_V4_independent_rms_s0,phase2/results/predictions/full/clean_only/resnet/seed_43/bandpass_n20005_cLL_V1_V4_independent_rms_s0.npz,75608,5c3024877804efdfb262ac4aa34dc55799e43b4e22c2e47ae7412362ef8726f6
resnet,clean_only,43,bandpass_n20005_cLL_V1_V4_electrode_s20,phase2/results/predictions/full/clean_only/resnet/seed_43/bandpass_n20005_cLL_V1_V4_electrode_s20.npz,76439,20dac25468aab449e2cf819d5797dd9695e0a804c9720a90cdfefb03014c8e0a
resnet,clean_only,43,bandpass_n20005_cLL_V1_V4_electrode_s15,phase2/results/predictions/full/clean_only/resnet/seed_43/bandpass_n20005_cLL_V1_V4_electrode_s15.npz,76348,0b9d58fdfbb75aec9f70459b1c6ed75445fb6e196c1c9c1a28d24bc1ad6bcdd4
resnet,clean_only,43,bandpass_n20005_cLL_V1_V4_electrode_s10,phase2/results/predictions/full/clean_only/resnet/seed_43/bandpass_n20005_cLL_V1_V4_electrode_s10.npz,76185,2a686a9d7553f4fa6b151402a4d4df8890a775880d356a41adee4e73c29a4cf4
resnet,clean_only,43,bandpass_n20005_cLL_V1_V4_electrode_s5,phase2/results/predictions/full/clean_only/resnet/seed_43/bandpass_n20005_cLL_V1_V4_electrode_s5.npz,75947,df713194a5eb0894c51b6d0b5906ba459aacaa78e67f0b490ace9f15bc1ec46b
resnet,clean_only,43,bandpass_n20005_cLL_V1_V4_electrode_s0,phase2/results/predictions/full/clean_only/resnet/seed_43/bandpass_n20005_cLL_V1_V4_electrode_s0.npz,75768,c548fabe477a4e6a74d0d77729d9698cdf2c73ae35c71639d190fc465d657a15
resnet,clean_only,43,bandpass_n20005_cLL_V1_V4_covariance_s20,phase2/results/predictions/full/clean_only/resnet/seed_43/bandpass_n20005_cLL_V1_V4_covariance_s20.npz,76434,5daeccdf3c08e93c1c7721acf40c0bfa333cb280a6c4b11c6f7f9300d14c5109
resnet,clean_only,43,bandpass_n20005_cLL_V1_V4_covariance_s15,phase2/results/predictions/full/clean_only/resnet/seed_43/bandpass_n20005_cLL_V1_V4_covariance_s15.npz,76364,4d222c11dc655f2b0205223ace4cd7330d571d71dfa2067b81879bf63224c040
resnet,clean_only,43,bandpass_n20005_cLL_V1_V4_covariance_s10,phase2/results/predictions/full/clean_only/resnet/seed_43/bandpass_n20005_cLL_V1_V4_covariance_s10.npz,76214,c7c73471e3416947685dd2c990aa378142b5412e99eabd0c20d82980d3d7ba6f
resnet,clean_only,43,bandpass_n20005_cLL_V1_V4_covariance_s5,phase2/results/predictions/full/clean_only/resnet/seed_43/bandpass_n20005_cLL_V1_V4_covariance_s5.npz,75966,ef40e34cd6ba2085579b85fff0c63217fc6ceb752870ac3038d7086950431858
resnet,clean_only,43,bandpass_n20005_cLL_V1_V4_covariance_s0,phase2/results/predictions/full/clean_only/resnet/seed_43/bandpass_n20005_cLL_V1_V4_covariance_s0.npz,75748,364da58db364a2d73cb4f2bde79cac1081eafb003a03b6815cb795c2f78bfbc3
resnet,clean_only,43,bandpass_n20005_call_independent_rms_s20,phase2/results/predictions/full/clean_only/resnet/seed_43/bandpass_n20005_call_independent_rms_s20.npz,76407,5383c7570e91e50c03563389505d97a1e538f077cdd8c68178643560c9caa92b
resnet,clean_only,43,bandpass_n20005_call_independent_rms_s15,phase2/results/predictions/full/clean_only/resnet/seed_43/bandpass_n20005_call_independent_rms_s15.npz,76378,866f70c0034872b5afd2d21092166518c79c786c380ea7380842e0ae3af4c364
resnet,clean_only,43,bandpass_n20005_call_independent_rms_s10,phase2/results/predictions/full/clean_only/resnet/seed_43/bandpass_n20005_call_independent_rms_s10.npz,76265,80d88a9c18513af745c797d90838176384820b82ed229e48f6d27441e4dd050b
resnet,clean_only,43,bandpass_n20005_call_independent_rms_s5,phase2/results/predictions/full/clean_only/resnet/seed_43/bandpass_n20005_call_independent_rms_s5.npz,76024,d305664aa6a267c30f67cf4b5813101879d1238331345b61e2695eef0f21d87f
resnet,clean_only,43,bandpass_n20005_call_independent_rms_s0,phase2/results/predictions/full/clean_only/resnet/seed_43/bandpass_n20005_call_independent_rms_s0.npz,75599,ace537b45a981145c226236250a164e562ff96018be931fc771040c8bbcf4352
resnet,clean_only,43,bandpass_n20005_call_electrode_s20,phase2/results/predictions/full/clean_only/resnet/seed_43/bandpass_n20005_call_electrode_s20.npz,76383,99b5e5f34d9b40c4ed87a23f3d13ea8b69a5cf5b4904e9c265985f607c4ff9f8
resnet,clean_only,43,bandpass_n20005_call_electrode_s15,phase2/results/predictions/full/clean_only/resnet/seed_43/bandpass_n20005_call_electrode_s15.npz,76344,8b5dabb4524c9a98e51b8c7f417f8799cd1802d2700e833d3d54829c70e08e5a
resnet,clean_only,43,bandpass_n20005_call_electrode_s10,phase2/results/predictions/full/clean_only/resnet/seed_43/bandpass_n20005_call_electrode_s10.npz,76204,d7e794bacc8fcf52dea7f024b7b57b1a656dc1482f2ab26a8cd685dfad778c58
resnet,clean_only,43,bandpass_n20005_call_electrode_s5,phase2/results/predictions/full/clean_only/resnet/seed_43/bandpass_n20005_call_electrode_s5.npz,75923,59c975ee35f07d67e16739cc6c1c5eef4fc9739f16f90924b2be4ae004977cc1
resnet,clean_only,43,bandpass_n20005_call_electrode_s0,phase2/results/predictions/full/clean_only/resnet/seed_43/bandpass_n20005_call_electrode_s0.npz,75529,491b45c5bd21fad3b93ab137cf0bb27adfe63f75d1e7ae2344162ac2f8a921da
resnet,clean_only,43,bandpass_n20005_call_covariance_s20,phase2/results/predictions/full/clean_only/resnet/seed_43/bandpass_n20005_call_covariance_s20.npz,76402,9016b8dcb2c22ecb02d3b84dd321ffec8fe97bbcc437a2d671a06c14ad38bb3b
resnet,clean_only,43,bandpass_n20005_call_covariance_s15,phase2/results/predictions/full/clean_only/resnet/seed_43/bandpass_n20005_call_covariance_s15.npz,76353,ced6997f1a5020cf35b8cc4a3d7c4f57aaff87ad77d199c59d2925a84ae6bdce
resnet,clean_only,43,bandpass_n20005_call_covariance_s10,phase2/results/predictions/full/clean_only/resnet/seed_43/bandpass_n20005_call_covariance_s10.npz,76167,02889dc73cd6dbd2c4f8d52303650be190b161e6ae7b9ae6ddc7e1b92bad8b22
resnet,clean_only,43,bandpass_n20005_call_covariance_s5,phase2/results/predictions/full/clean_only/resnet/seed_43/bandpass_n20005_call_covariance_s5.npz,75914,417b178ff9602ab16c5705136451757bf1661cae36aa729fc2f3d437e93b02ef
resnet,clean_only,43,bandpass_n20005_call_covariance_s0,phase2/results/predictions/full/clean_only/resnet/seed_43/bandpass_n20005_call_covariance_s0.npz,75544,2c7793518e1ca6a453309f3ffb3a63f9f624b14464c573f3f51598ac9dd7acf2
resnet,clean_only,43,bw_n20001_call_independent_rms_s20,phase2/results/predictions/full/clean_only/resnet/seed_43/bw_n20001_call_independent_rms_s20.npz,76436,67b1aee980be7cd68c1e253f50f81c94a15c8c803ab463cce8d8d6d87c1be493
resnet,clean_only,43,bw_n20001_call_independent_rms_s10,phase2/results/predictions/full/clean_only/resnet/seed_43/bw_n20001_call_independent_rms_s10.npz,76421,b278e82ba11dc43b67118dce5bc3f52b0194fb69a12fa509819d35fa9d36aa94
resnet,clean_only,43,bw_n20001_call_independent_rms_s0,phase2/results/predictions/full/clean_only/resnet/seed_43/bw_n20001_call_independent_rms_s0.npz,76088,9acf600499eb436dce62a0bd1991a9f624160671f05dec628d3b970a4fe29b0f
resnet,clean_only,43,bw_n20001_call_electrode_s20,phase2/results/predictions/full/clean_only/resnet/seed_43/bw_n20001_call_electrode_s20.npz,76420,f1c4ab78ef1cec711b7fb9ccecd70d457e1fe44e27705010d60d4f1109eac887
resnet,clean_only,43,bw_n20001_call_electrode_s10,phase2/results/predictions/full/clean_only/resnet/seed_43/bw_n20001_call_electrode_s10.npz,76363,f8c0355fef0b4fb21f491bafbc7a7ab102bbb79b380f3874cdbacedc4fa0bbf7
resnet,clean_only,43,bw_n20001_call_electrode_s0,phase2/results/predictions/full/clean_only/resnet/seed_43/bw_n20001_call_electrode_s0.npz,76045,105bfd685eed0b7914f96e27265f04fa288359e7db9396f4ea56355fd6421aac
resnet,clean_only,43,bw_n20001_call_covariance_s20,phase2/results/predictions/full/clean_only/resnet/seed_43/bw_n20001_call_covariance_s20.npz,76431,c194ef90127b7df379166324a6166c99f5bd967fcab2f5d2de4e1e0b6ccd8500
resnet,clean_only,43,bw_n20001_call_covariance_s10,phase2/results/predictions/full/clean_only/resnet/seed_43/bw_n20001_call_covariance_s10.npz,76416,9877297ed04eda72cd72db4bd6cac09e1de3ef918582e52efcb0832c44cd6244
resnet,clean_only,43,bw_n20001_call_covariance_s0,phase2/results/predictions/full/clean_only/resnet/seed_43/bw_n20001_call_covariance_s0.npz,76062,844b99391e9b42b4c426f31179bcb41a2670d7e5478932323a6749302554ef72
resnet,clean_only,43,bw_n20002_call_independent_rms_s20,phase2/results/predictions/full/clean_only/resnet/seed_43/bw_n20002_call_independent_rms_s20.npz,76432,0b06c7b7b6d96ed35900fa50410764e5bfeba41f6a0fa2b7ad8ee6bd77fb4d46
resnet,clean_only,43,bw_n20002_call_independent_rms_s10,phase2/results/predictions/full/clean_only/resnet/seed_43/bw_n20002_call_independent_rms_s10.npz,76410,ba13dc998c1fe724fdbc623b664586a4dc29685ee3c68762058a0f10a2fdd47b
resnet,clean_only,43,bw_n20002_call_independent_rms_s0,phase2/results/predictions/full/clean_only/resnet/seed_43/bw_n20002_call_independent_rms_s0.npz,76098,8cc6adb6afdd2a91c2edd0e043a91e9ddf46d7eee48c43b4ef2335b7b614c71b
resnet,clean_only,43,bw_n20002_call_electrode_s20,phase2/results/predictions/full/clean_only/resnet/seed_43/bw_n20002_call_electrode_s20.npz,76428,96fc5520a222b22909bc6b29a3c3e7d1fde9c814ca852e6f41a1346eb87b76f7
resnet,clean_only,43,bw_n20002_call_electrode_s10,phase2/results/predictions/full/clean_only/resnet/seed_43/bw_n20002_call_electrode_s10.npz,76342,7bdab08fb2df27181a0d1ec78ae26a6bf81e903a681868ede03c3f0717fb1fc9
resnet,clean_only,43,bw_n20002_call_electrode_s0,phase2/results/predictions/full/clean_only/resnet/seed_43/bw_n20002_call_electrode_s0.npz,76053,b53b2e943a1411c96d7f3973218f74d60f595bbc606365eaae17f728765887d5
resnet,clean_only,43,bw_n20002_call_covariance_s20,phase2/results/predictions/full/clean_only/resnet/seed_43/bw_n20002_call_covariance_s20.npz,76396,7e9b7b8090aec02d60ccf33ee0c335deaba5b0ff8d2a59781b0006456191d14c
resnet,clean_only,43,bw_n20002_call_covariance_s10,phase2/results/predictions/full/clean_only/resnet/seed_43/bw_n20002_call_covariance_s10.npz,76371,cb35a5af7a5de7052617f8f224624651e399250f4490a39d71a0fb9492bce323
resnet,clean_only,43,bw_n20002_call_covariance_s0,phase2/results/predictions/full/clean_only/resnet/seed_43/bw_n20002_call_covariance_s0.npz,76049,be5b022d94fbef58a1c13e077d244edda6744a5ce53b3d00f560e4733b1c3e43
resnet,clean_only,43,bw_n20003_call_independent_rms_s20,phase2/results/predictions/full/clean_only/resnet/seed_43/bw_n20003_call_independent_rms_s20.npz,76451,820984450c201fe87039a3c9ba6f1e6b9e07c1119dc7e6ffc35d5f635b098ded
resnet,clean_only,43,bw_n20003_call_independent_rms_s10,phase2/results/predictions/full/clean_only/resnet/seed_43/bw_n20003_call_independent_rms_s10.npz,76374,74b487eb1720cfd68f3c4dbd2fce4a4a8013ec40605747d1334d309ee47cbb19
resnet,clean_only,43,bw_n20003_call_independent_rms_s0,phase2/results/predictions/full/clean_only/resnet/seed_43/bw_n20003_call_independent_rms_s0.npz,76072,5b6e1028ea825ee2a86ab141a6e6e99ca8f21822a791c1400af787608eb2d222
resnet,clean_only,43,bw_n20003_call_electrode_s20,phase2/results/predictions/full/clean_only/resnet/seed_43/bw_n20003_call_electrode_s20.npz,76410,ef023d4223013e9789db105d7394d7c3441907f71751cfea12d11bde76b59cbb
resnet,clean_only,43,bw_n20003_call_electrode_s10,phase2/results/predictions/full/clean_only/resnet/seed_43/bw_n20003_call_electrode_s10.npz,76344,f4bb7146a7235da4ee7d796fc86f5600f327d3cbc0c742d619621114721729d0
resnet,clean_only,43,bw_n20003_call_electrode_s0,phase2/results/predictions/full/clean_only/resnet/seed_43/bw_n20003_call_electrode_s0.npz,76072,fbba22569718a8dadf758c33b762ddeeaa55fbfad34551c3982d0aac5c951c23
resnet,clean_only,43,bw_n20003_call_covariance_s20,phase2/results/predictions/full/clean_only/resnet/seed_43/bw_n20003_call_covariance_s20.npz,76404,540e10003516746c6bc5d20ef85c81a9f3bd03af08f1e2423d93a0941402be14
resnet,clean_only,43,bw_n20003_call_covariance_s10,phase2/results/predictions/full/clean_only/resnet/seed_43/bw_n20003_call_covariance_s10.npz,76380,3f1da124f0c4bfab4172e0e27bd4071d1dca199dda4322b456ba2afb14b278e7
resnet,clean_only,43,bw_n20003_call_covariance_s0,phase2/results/predictions/full/clean_only/resnet/seed_43/bw_n20003_call_covariance_s0.npz,76054,624756ecb4b9b80ecb0597285d9ef636e5c0a9763c749517f66f715a7fea5995
resnet,clean_only,43,bw_n20004_call_independent_rms_s20,phase2/results/predictions/full/clean_only/resnet/seed_43/bw_n20004_call_independent_rms_s20.npz,76417,7d8eb5d1f68d986b4041b0c5aa3e92b64d71a42a252c98635bffa0139dc1aa5e
resnet,clean_only,43,bw_n20004_call_independent_rms_s10,phase2/results/predictions/full/clean_only/resnet/seed_43/bw_n20004_call_independent_rms_s10.npz,76402,28b8da3701508906d536c9ad2fbab87ea14d115317648360d6a3ac1bd34475c4
resnet,clean_only,43,bw_n20004_call_independent_rms_s0,phase2/results/predictions/full/clean_only/resnet/seed_43/bw_n20004_call_independent_rms_s0.npz,76072,4eaa8f44a112d9af188d7231ef14db3b24ab99433df20b619d9e8839b5878030
resnet,clean_only,43,bw_n20004_call_electrode_s20,phase2/results/predictions/full/clean_only/resnet/seed_43/bw_n20004_call_electrode_s20.npz,76414,a903413aae8f005afce180c08f26306c7eeb6a1dc30db34d32e937d39046bbfe
resnet,clean_only,43,bw_n20004_call_electrode_s10,phase2/results/predictions/full/clean_only/resnet/seed_43/bw_n20004_call_electrode_s10.npz,76389,42fc530a4b5546ae833a502791b8b67caf01a261d5a2715e06fa79ec1b2c9251
resnet,clean_only,43,bw_n20004_call_electrode_s0,phase2/results/predictions/full/clean_only/resnet/seed_43/bw_n20004_call_electrode_s0.npz,76040,1cbcf1ca5b39c38a825a6879cdc854c89d92a6f20ac103f38396330a0d8a5c80
resnet,clean_only,43,bw_n20004_call_covariance_s20,phase2/results/predictions/full/clean_only/resnet/seed_43/bw_n20004_call_covariance_s20.npz,76433,d8080f579bf76d5f4cfe82a7affac1756f132bb8db46cda2dc91d11b74e01bfd
resnet,clean_only,43,bw_n20004_call_covariance_s10,phase2/results/predictions/full/clean_only/resnet/seed_43/bw_n20004_call_covariance_s10.npz,76377,31c415830e2c0113c83b0901e1c17deb4f225bc76d2d9c95d90e5a151e81a910
resnet,clean_only,43,bw_n20004_call_covariance_s0,phase2/results/predictions/full/clean_only/resnet/seed_43/bw_n20004_call_covariance_s0.npz,76084,a2b4351d52e316dc90ca76cc24bb7eb620ca02f18a77011fa70e631818f9b485
resnet,clean_only,43,bw_n20005_call_independent_rms_s20,phase2/results/predictions/full/clean_only/resnet/seed_43/bw_n20005_call_independent_rms_s20.npz,76405,087640f30d366dfb61500b25a1d0fc656b53bf4ef13174393bea258b55857f79
resnet,clean_only,43,bw_n20005_call_independent_rms_s10,phase2/results/predictions/full/clean_only/resnet/seed_43/bw_n20005_call_independent_rms_s10.npz,76413,a9171be8ffca5e90ccbf7d8c71cb14298810d3462d61c50de4c23c3b412784dd
resnet,clean_only,43,bw_n20005_call_independent_rms_s0,phase2/results/predictions/full/clean_only/resnet/seed_43/bw_n20005_call_independent_rms_s0.npz,76109,6ce3d4f58879927187499d86f15021273f7f0c0aa70ea2f7986f3a801ccf990c
resnet,clean_only,43,bw_n20005_call_electrode_s20,phase2/results/predictions/full/clean_only/resnet/seed_43/bw_n20005_call_electrode_s20.npz,76418,52df1367df248789d8fa058148c7d9b836a2151fa7b6de30e5bad463121bcae6
resnet,clean_only,43,bw_n20005_call_electrode_s10,phase2/results/predictions/full/clean_only/resnet/seed_43/bw_n20005_call_electrode_s10.npz,76357,d521e9d7f76c176f277a45b959523cf267964f9008c9891f587e562f9bba7fdc
resnet,clean_only,43,bw_n20005_call_electrode_s0,phase2/results/predictions/full/clean_only/resnet/seed_43/bw_n20005_call_electrode_s0.npz,76063,6036d3c6f905cee7f95f1c31c74455a03832991278230709f21ee7ad74c47a79
resnet,clean_only,43,bw_n20005_call_covariance_s20,phase2/results/predictions/full/clean_only/resnet/seed_43/bw_n20005_call_covariance_s20.npz,76402,31c6a4690ecb896c2b07af0f7270117c8eedfb4babd281518a47b707aabda357
resnet,clean_only,43,bw_n20005_call_covariance_s10,phase2/results/predictions/full/clean_only/resnet/seed_43/bw_n20005_call_covariance_s10.npz,76369,b384f1815eaa663e9940fde3229003b0f34280f28a30c92c8f033a646969dca3
resnet,clean_only,43,bw_n20005_call_covariance_s0,phase2/results/predictions/full/clean_only/resnet/seed_43/bw_n20005_call_covariance_s0.npz,76040,28ba381155424c9dd1b6a39bc2799d17d84109d965946b35e133158d7b6f8b20
resnet,clean_only,43,ma_n20001_call_independent_rms_s20,phase2/results/predictions/full/clean_only/resnet/seed_43/ma_n20001_call_independent_rms_s20.npz,76403,a650466ba5c2984008ad5fec3692b3c26b7663df251579ec0948b90615f41e34
resnet,clean_only,43,ma_n20001_call_independent_rms_s10,phase2/results/predictions/full/clean_only/resnet/seed_43/ma_n20001_call_independent_rms_s10.npz,76349,73e0c4131816661646b754764b3af711d579f53e22a44bf30917c29c9a68302d
resnet,clean_only,43,ma_n20001_call_independent_rms_s0,phase2/results/predictions/full/clean_only/resnet/seed_43/ma_n20001_call_independent_rms_s0.npz,75952,12969b9f79682d2326605fc140eec6bff3cb6022194d5efea7fe9724ba849b14
resnet,clean_only,43,ma_n20001_call_electrode_s20,phase2/results/predictions/full/clean_only/resnet/seed_43/ma_n20001_call_electrode_s20.npz,76403,9cb16f280f6a265164053c2d3ac2b05d085a60578e96b4b60e5a15b710aeb11d
resnet,clean_only,43,ma_n20001_call_electrode_s10,phase2/results/predictions/full/clean_only/resnet/seed_43/ma_n20001_call_electrode_s10.npz,76323,781f7317ab22ea0a5ae5f13900eeeb1d98e2a330acef0249d3ae0bed701de70c
resnet,clean_only,43,ma_n20001_call_electrode_s0,phase2/results/predictions/full/clean_only/resnet/seed_43/ma_n20001_call_electrode_s0.npz,75888,8ea1af1041f09bc3148d41967cc35f05fb9c838860dea5313db04e065c974e91
resnet,clean_only,43,ma_n20001_call_covariance_s20,phase2/results/predictions/full/clean_only/resnet/seed_43/ma_n20001_call_covariance_s20.npz,76395,77aa23649d138df73dcea17c7e5a94187a7ba3ee881f4ca22969e60a8d13d19f
resnet,clean_only,43,ma_n20001_call_covariance_s10,phase2/results/predictions/full/clean_only/resnet/seed_43/ma_n20001_call_covariance_s10.npz,76326,c7aaedd9cc730eb467f2f299d2ddbd05fdcc27fdacde2283fa78d35343cff5c5
resnet,clean_only,43,ma_n20001_call_covariance_s0,phase2/results/predictions/full/clean_only/resnet/seed_43/ma_n20001_call_covariance_s0.npz,75925,d079078032f5256e8102b838096cf5c16426dcf378f2328c921f558079e69374
resnet,clean_only,43,ma_n20002_call_independent_rms_s20,phase2/results/predictions/full/clean_only/resnet/seed_43/ma_n20002_call_independent_rms_s20.npz,76419,ae600430b13b81f6d17c27a792c90d8c4161a831a5eb2c8504ce2a993cc567de
resnet,clean_only,43,ma_n20002_call_independent_rms_s10,phase2/results/predictions/full/clean_only/resnet/seed_43/ma_n20002_call_independent_rms_s10.npz,76368,932b6588ee73c9720aafffecb1dd9b728879b41cc0bd3618477801f046ef5376
resnet,clean_only,43,ma_n20002_call_independent_rms_s0,phase2/results/predictions/full/clean_only/resnet/seed_43/ma_n20002_call_independent_rms_s0.npz,75945,0e3ec81b741770421642dbdd7df3c821e4cd7e0b677c1fdfb4509a2bbb634a29
resnet,clean_only,43,ma_n20002_call_electrode_s20,phase2/results/predictions/full/clean_only/resnet/seed_43/ma_n20002_call_electrode_s20.npz,76395,fd9ffb4dc5281f0de17d2d3fc2a8df57b6f0d196a27f01a52e4a99dcfa6abfdb
resnet,clean_only,43,ma_n20002_call_electrode_s10,phase2/results/predictions/full/clean_only/resnet/seed_43/ma_n20002_call_electrode_s10.npz,76337,6e5319de9046b098b1776b4fb6ab77959c96dd5d53d00c879cd6d7d6f028541c
resnet,clean_only,43,ma_n20002_call_electrode_s0,phase2/results/predictions/full/clean_only/resnet/seed_43/ma_n20002_call_electrode_s0.npz,75944,aaec5e45309842e9e0c89cf433279ff288a32aee8640e7bfac4379be5ab8a3e5
resnet,clean_only,43,ma_n20002_call_covariance_s20,phase2/results/predictions/full/clean_only/resnet/seed_43/ma_n20002_call_covariance_s20.npz,76414,828a169b4be91b5d155e85a021726e8e2bb9d07dc692891e4a5ffaca0d57eae4
resnet,clean_only,43,ma_n20002_call_covariance_s10,phase2/results/predictions/full/clean_only/resnet/seed_43/ma_n20002_call_covariance_s10.npz,76348,bc155f69b38c7a5d9a22cff0a1079a65c395edb0b0ed1d73b8013069ef813fe4
resnet,clean_only,43,ma_n20002_call_covariance_s0,phase2/results/predictions/full/clean_only/resnet/seed_43/ma_n20002_call_covariance_s0.npz,75971,b21c0efc92946d2a08bbaf2b0825738768e3b5acc60781aff920151b8b6949a8
resnet,clean_only,43,ma_n20003_call_independent_rms_s20,phase2/results/predictions/full/clean_only/resnet/seed_43/ma_n20003_call_independent_rms_s20.npz,76430,82654823e91e244a989330ee63a3f4ad8a555a0f14b9482baafcb47515df27a1
resnet,clean_only,43,ma_n20003_call_independent_rms_s10,phase2/results/predictions/full/clean_only/resnet/seed_43/ma_n20003_call_independent_rms_s10.npz,76328,308e57b79bb6405593f63ace9e4fbb33911c2ad3b50e7e60a880b1595d77ee84
resnet,clean_only,43,ma_n20003_call_independent_rms_s0,phase2/results/predictions/full/clean_only/resnet/seed_43/ma_n20003_call_independent_rms_s0.npz,75962,dc4201d0613dc2b7272e1b3722971ebe3d68681f8c2629849d9d943fb7328fd5
resnet,clean_only,43,ma_n20003_call_electrode_s20,phase2/results/predictions/full/clean_only/resnet/seed_43/ma_n20003_call_electrode_s20.npz,76386,a52135b5e0302c20fec0e94e1a8384f56436fc04093a23af0323aecbe3a8e7b7
resnet,clean_only,43,ma_n20003_call_electrode_s10,phase2/results/predictions/full/clean_only/resnet/seed_43/ma_n20003_call_electrode_s10.npz,76313,1b029cc9e791be26fe128ef00abe7a7092807d76c8b2dde78299251b1e3e1978
resnet,clean_only,43,ma_n20003_call_electrode_s0,phase2/results/predictions/full/clean_only/resnet/seed_43/ma_n20003_call_electrode_s0.npz,75963,5583d3b02ea6b29e3b2f6477747f902fb4ab16b2d4f0975d7b1b9f5666bf656c
resnet,clean_only,43,ma_n20003_call_covariance_s20,phase2/results/predictions/full/clean_only/resnet/seed_43/ma_n20003_call_covariance_s20.npz,76395,1bd26535114369c71f493867195f799e4dc79f00884675a9a88383c71b970af2
resnet,clean_only,43,ma_n20003_call_covariance_s10,phase2/results/predictions/full/clean_only/resnet/seed_43/ma_n20003_call_covariance_s10.npz,76344,8ebb9c2bd2f0b2ce35956c7b90bf352d863933013b161add6beaa3e5e831564e
resnet,clean_only,43,ma_n20003_call_covariance_s0,phase2/results/predictions/full/clean_only/resnet/seed_43/ma_n20003_call_covariance_s0.npz,75967,dcdc278bf4e191027ce31ea7176fb68de6818310c616a6138a735150e6cb2ad8
resnet,clean_only,43,ma_n20004_call_independent_rms_s20,phase2/results/predictions/full/clean_only/resnet/seed_43/ma_n20004_call_independent_rms_s20.npz,76443,7deaae88aea785b06b52f307936d42175009be67123be12f22b6e7474e61a8f1
resnet,clean_only,43,ma_n20004_call_independent_rms_s10,phase2/results/predictions/full/clean_only/resnet/seed_43/ma_n20004_call_independent_rms_s10.npz,76373,56bda23b56bc0bb926541e689563b4dfb1c8e018c98d841044a44dcce2e6d755
resnet,clean_only,43,ma_n20004_call_independent_rms_s0,phase2/results/predictions/full/clean_only/resnet/seed_43/ma_n20004_call_independent_rms_s0.npz,75975,f6a17fc1121f1a13d82fd72eb6fbf6b88c80a4c7ee418c0caedd5acc98430cea
resnet,clean_only,43,ma_n20004_call_electrode_s20,phase2/results/predictions/full/clean_only/resnet/seed_43/ma_n20004_call_electrode_s20.npz,76422,bd441389f847a52308787073de323cd2d28a6444edb9633ddefff731a0450dbf
resnet,clean_only,43,ma_n20004_call_electrode_s10,phase2/results/predictions/full/clean_only/resnet/seed_43/ma_n20004_call_electrode_s10.npz,76329,ed43dd4963c5dfa8bc07b2fc8b7309cc7a245585c75600654100c65c6a4040cf
resnet,clean_only,43,ma_n20004_call_electrode_s0,phase2/results/predictions/full/clean_only/resnet/seed_43/ma_n20004_call_electrode_s0.npz,75924,197802c17dc546e704d1f5e93a845b083961e1aed6150a6da45acb2c549f81d6
resnet,clean_only,43,ma_n20004_call_covariance_s20,phase2/results/predictions/full/clean_only/resnet/seed_43/ma_n20004_call_covariance_s20.npz,76405,a7857ab8a5c82e5dbd437641fee346763650118628a62ca31c10cd4186a1d418
resnet,clean_only,43,ma_n20004_call_covariance_s10,phase2/results/predictions/full/clean_only/resnet/seed_43/ma_n20004_call_covariance_s10.npz,76306,b4aa9d1ecade197aeabad7f81b2532523057cb0a94145985215092d2d900a35b
resnet,clean_only,43,ma_n20004_call_covariance_s0,phase2/results/predictions/full/clean_only/resnet/seed_43/ma_n20004_call_covariance_s0.npz,75946,6c4c877c53ea20ead242663d8aba613ca04e0cbe90891fb32140b5af5dc0b07f
resnet,clean_only,43,ma_n20005_call_independent_rms_s20,phase2/results/predictions/full/clean_only/resnet/seed_43/ma_n20005_call_independent_rms_s20.npz,76424,65fdf281ee1770046c7a349c1c052a4024b12e90594148cee35452c7495dbc4b
resnet,clean_only,43,ma_n20005_call_independent_rms_s10,phase2/results/predictions/full/clean_only/resnet/seed_43/ma_n20005_call_independent_rms_s10.npz,76383,21d82a62e122835a8733d7d51fb12e1bd3e07498fe66fdc6bc43e65080bb79ec
resnet,clean_only,43,ma_n20005_call_independent_rms_s0,phase2/results/predictions/full/clean_only/resnet/seed_43/ma_n20005_call_independent_rms_s0.npz,75933,e7c718075c015cbc50720113e2198dee9d37dd1925c745703bd30e6b967ba7a0
resnet,clean_only,43,ma_n20005_call_electrode_s20,phase2/results/predictions/full/clean_only/resnet/seed_43/ma_n20005_call_electrode_s20.npz,76420,b83abaa4191e641862d91fd16b887d4f99ddaadb58d935d775a67c7984b528fc
resnet,clean_only,43,ma_n20005_call_electrode_s10,phase2/results/predictions/full/clean_only/resnet/seed_43/ma_n20005_call_electrode_s10.npz,76350,b65dd8fb4370350d5272af7109fe3cb4743ecc379a6ddc2dbd640f1105ed3362
resnet,clean_only,43,ma_n20005_call_electrode_s0,phase2/results/predictions/full/clean_only/resnet/seed_43/ma_n20005_call_electrode_s0.npz,75936,b0d8279742a778930e5c658642eb955647580a38cbc85c9a37a752f9929a0fe0
resnet,clean_only,43,ma_n20005_call_covariance_s20,phase2/results/predictions/full/clean_only/resnet/seed_43/ma_n20005_call_covariance_s20.npz,76443,ae0c477422a2e2f7e4026fcc40f3fb975efe33db68f353625ff097ccda3d5fba
resnet,clean_only,43,ma_n20005_call_covariance_s10,phase2/results/predictions/full/clean_only/resnet/seed_43/ma_n20005_call_covariance_s10.npz,76341,f5eceb359f83001d8bd1f5fe82bf4228097227ac28c8f028db7e5e538bb51dc7
resnet,clean_only,43,ma_n20005_call_covariance_s0,phase2/results/predictions/full/clean_only/resnet/seed_43/ma_n20005_call_covariance_s0.npz,75950,578d50c5f50150746b2571a56ab2e3952aff4a9dca7ef1acd5582d71677e8b2f
resnet,clean_only,43,em_n20001_call_independent_rms_s20,phase2/results/predictions/full/clean_only/resnet/seed_43/em_n20001_call_independent_rms_s20.npz,76402,70829f3e7105713af8b86cc7eea84cffa4cd01f4d8c2d7a89d8917816956e6e5
resnet,clean_only,43,em_n20001_call_independent_rms_s10,phase2/results/predictions/full/clean_only/resnet/seed_43/em_n20001_call_independent_rms_s10.npz,76339,e9bf82f33b3432e70b2c8be71ea5629aab233fe1eb3e74810cc30f889670faae
resnet,clean_only,43,em_n20001_call_independent_rms_s0,phase2/results/predictions/full/clean_only/resnet/seed_43/em_n20001_call_independent_rms_s0.npz,75878,cd7d4df1e7647f7fa862e95f6dc7a66b72d9f885dd7af0ef854541830f704f0b
resnet,clean_only,43,em_n20001_call_electrode_s20,phase2/results/predictions/full/clean_only/resnet/seed_43/em_n20001_call_electrode_s20.npz,76413,4deec13dedfe433bbf136ece1542347117d5b6dc1cbd8ce2cc04e24c23ca3f8a
resnet,clean_only,43,em_n20001_call_electrode_s10,phase2/results/predictions/full/clean_only/resnet/seed_43/em_n20001_call_electrode_s10.npz,76292,aa775d0701ab7179e7310afdc892e2d86ecf18277eafed10b0853ede7c9e90f3
resnet,clean_only,43,em_n20001_call_electrode_s0,phase2/results/predictions/full/clean_only/resnet/seed_43/em_n20001_call_electrode_s0.npz,75693,fa691fad917dcd90131acd46f32adffa488f309364e12be3ef3294074fc68e85
resnet,clean_only,43,em_n20001_call_covariance_s20,phase2/results/predictions/full/clean_only/resnet/seed_43/em_n20001_call_covariance_s20.npz,76436,5bd5fc76620d21b1802127bca78755a78a82f2b01b13f8ce4d81ef1f9d679613
resnet,clean_only,43,em_n20001_call_covariance_s10,phase2/results/predictions/full/clean_only/resnet/seed_43/em_n20001_call_covariance_s10.npz,76269,7b7112dd2f928b1133aeecbe4b35b7566058c97aa82c2596134459e5d9855920
resnet,clean_only,43,em_n20001_call_covariance_s0,phase2/results/predictions/full/clean_only/resnet/seed_43/em_n20001_call_covariance_s0.npz,75677,e7c109f90d029176abc3603034baebc8bbe57aa366af609a67fc167346b6eae6
resnet,clean_only,43,em_n20002_call_independent_rms_s20,phase2/results/predictions/full/clean_only/resnet/seed_43/em_n20002_call_independent_rms_s20.npz,76438,ee3db13045c15104a43c303d7fd6e4a914c68abd77fc55802d5a7d1f32ca6919
resnet,clean_only,43,em_n20002_call_independent_rms_s10,phase2/results/predictions/full/clean_only/resnet/seed_43/em_n20002_call_independent_rms_s10.npz,76342,434df9799a85fe478e34121420251c07ef5889e07bd8c920057c40d391352b58
resnet,clean_only,43,em_n20002_call_independent_rms_s0,phase2/results/predictions/full/clean_only/resnet/seed_43/em_n20002_call_independent_rms_s0.npz,75847,1237dee0841c7dba28d08afbe9d3aa98e2da96902dd01f9c46d87268058c6acb
resnet,clean_only,43,em_n20002_call_electrode_s20,phase2/results/predictions/full/clean_only/resnet/seed_43/em_n20002_call_electrode_s20.npz,76417,df33961c8861586c169091ec424dd27f316c44ce3a2fb1c6270bc1e9b727b375
resnet,clean_only,43,em_n20002_call_electrode_s10,phase2/results/predictions/full/clean_only/resnet/seed_43/em_n20002_call_electrode_s10.npz,76275,3c0737ba2d11bed3b40e485a1f9a9ea4b78201e74705bfd4051f077f3f560425
resnet,clean_only,43,em_n20002_call_electrode_s0,phase2/results/predictions/full/clean_only/resnet/seed_43/em_n20002_call_electrode_s0.npz,75679,4bedfaf2204722c36cdfb5ffd9bd6cd4ecfb0409a21fa48da362f82bd3cc7722
resnet,clean_only,43,em_n20002_call_covariance_s20,phase2/results/predictions/full/clean_only/resnet/seed_43/em_n20002_call_covariance_s20.npz,76419,ec32be3d6642d250573f310e57546e4804d51258266f092a00577e7d82a058cd
resnet,clean_only,43,em_n20002_call_covariance_s10,phase2/results/predictions/full/clean_only/resnet/seed_43/em_n20002_call_covariance_s10.npz,76282,2da7c8d5c5a10cf591285edbc9a7ee5000a89ca4d9f5fc2b5bb8cc1f1821318a
resnet,clean_only,43,em_n20002_call_covariance_s0,phase2/results/predictions/full/clean_only/resnet/seed_43/em_n20002_call_covariance_s0.npz,75684,b1b92d63b2cd158c7f840a75eb03de7320dc8615689fb6e18a53edbbbe515538
resnet,clean_only,43,em_n20003_call_independent_rms_s20,phase2/results/predictions/full/clean_only/resnet/seed_43/em_n20003_call_independent_rms_s20.npz,76437,af1b852ee124b1543c2aa1a23602dcba2b25552b05998814378836b502c0b758
resnet,clean_only,43,em_n20003_call_independent_rms_s10,phase2/results/predictions/full/clean_only/resnet/seed_43/em_n20003_call_independent_rms_s10.npz,76321,e796c39afd77f8520d606ea703c98f733a44698c6628888e929aabb05ff80e52
resnet,clean_only,43,em_n20003_call_independent_rms_s0,phase2/results/predictions/full/clean_only/resnet/seed_43/em_n20003_call_independent_rms_s0.npz,75873,a4b0498616cff204fc060bf5d7a427e96fa87ed8398aa1df2aba958427dd77df
resnet,clean_only,43,em_n20003_call_electrode_s20,phase2/results/predictions/full/clean_only/resnet/seed_43/em_n20003_call_electrode_s20.npz,76387,d485e026a5248ec3ac5fda268b80ffb9c1246eedc5d8ed619b8adc9d7931e9e8
resnet,clean_only,43,em_n20003_call_electrode_s10,phase2/results/predictions/full/clean_only/resnet/seed_43/em_n20003_call_electrode_s10.npz,76284,2551706b4bd4264e5f1e8350906cd29ad033f276d9c777985eb5960fb4061284
resnet,clean_only,43,em_n20003_call_electrode_s0,phase2/results/predictions/full/clean_only/resnet/seed_43/em_n20003_call_electrode_s0.npz,75713,e6a8e1f614995261bc74edcca2e0f6a87ea1c3a735a8c3f794e702603bd1fe3e
resnet,clean_only,43,em_n20003_call_covariance_s20,phase2/results/predictions/full/clean_only/resnet/seed_43/em_n20003_call_covariance_s20.npz,76402,ccdd81fd2400d420762051afa8ec4b7e683818adc1c5ad43da2bf08428793c55
resnet,clean_only,43,em_n20003_call_covariance_s10,phase2/results/predictions/full/clean_only/resnet/seed_43/em_n20003_call_covariance_s10.npz,76274,3cbc8f218937a9d2adf7b19bee924415f1f6f704a50347d7218bd3592bb02bba
resnet,clean_only,43,em_n20003_call_covariance_s0,phase2/results/predictions/full/clean_only/resnet/seed_43/em_n20003_call_covariance_s0.npz,75702,95139aff541178626134c9684684929f1a778861dab9e989bdb5745bb2be5fc2
resnet,clean_only,43,em_n20004_call_independent_rms_s20,phase2/results/predictions/full/clean_only/resnet/seed_43/em_n20004_call_independent_rms_s20.npz,76388,64c21ccf558312e5aaeb798a08bab78d97920d9eca284ed86c1e3d3c12a9209b
resnet,clean_only,43,em_n20004_call_independent_rms_s10,phase2/results/predictions/full/clean_only/resnet/seed_43/em_n20004_call_independent_rms_s10.npz,76342,5dfed7e70b6f9bc10e268a83cbc5efde0e33cd4a9e62c912734f53ed34ebd9b1
resnet,clean_only,43,em_n20004_call_independent_rms_s0,phase2/results/predictions/full/clean_only/resnet/seed_43/em_n20004_call_independent_rms_s0.npz,75866,07ebf44d818acffa32ec1a29cbc74a62b3e55e8d9f58745a3d2afd4dbc65d6a0
resnet,clean_only,43,em_n20004_call_electrode_s20,phase2/results/predictions/full/clean_only/resnet/seed_43/em_n20004_call_electrode_s20.npz,76416,0811d83aca0c9546521cd34504553bd8a99ea88e9e5bd73f9df85a22434076e7
resnet,clean_only,43,em_n20004_call_electrode_s10,phase2/results/predictions/full/clean_only/resnet/seed_43/em_n20004_call_electrode_s10.npz,76279,32c24833408f47db34ce0900b524c92b85a6908d77cbfac8372cbb8cd5a4f3fb
resnet,clean_only,43,em_n20004_call_electrode_s0,phase2/results/predictions/full/clean_only/resnet/seed_43/em_n20004_call_electrode_s0.npz,75700,cc7b3d675b9f8dfa112c6e3c7ae79736cb12c37d6fb9ec996acf9f1da192a519
resnet,clean_only,43,em_n20004_call_covariance_s20,phase2/results/predictions/full/clean_only/resnet/seed_43/em_n20004_call_covariance_s20.npz,76421,b1fe932bf9176a6bab3dcb83c7571a4c766a945a7795945267059443af4be11a
resnet,clean_only,43,em_n20004_call_covariance_s10,phase2/results/predictions/full/clean_only/resnet/seed_43/em_n20004_call_covariance_s10.npz,76290,fe1c8234af9e2139ccb019e7e39f58c268047c3e22b13f6cbaa0952b488137d7
resnet,clean_only,43,em_n20004_call_covariance_s0,phase2/results/predictions/full/clean_only/resnet/seed_43/em_n20004_call_covariance_s0.npz,75724,524cf91534dc2976d6e82451f015e7d67710d4ce6acd7aa8d05637d367572672
resnet,clean_only,43,em_n20005_call_independent_rms_s20,phase2/results/predictions/full/clean_only/resnet/seed_43/em_n20005_call_independent_rms_s20.npz,76413,e34b931a74713222e885d579d9ace80a7a972f999928561b513a224d4118ef18
resnet,clean_only,43,em_n20005_call_independent_rms_s10,phase2/results/predictions/full/clean_only/resnet/seed_43/em_n20005_call_independent_rms_s10.npz,76328,a06010e6225927e9c330aaaa2371dec9beb6c22bed8df9f703b7222267ed6494
resnet,clean_only,43,em_n20005_call_independent_rms_s0,phase2/results/predictions/full/clean_only/resnet/seed_43/em_n20005_call_independent_rms_s0.npz,75864,7fc40865e7fa8d832729eb2727bc29c1064fa76062a56f5baad83949cd3bebd7
resnet,clean_only,43,em_n20005_call_electrode_s20,phase2/results/predictions/full/clean_only/resnet/seed_43/em_n20005_call_electrode_s20.npz,76403,cd89c3b4c2337ee293b165b6b6637626c7df57c7e7eb5558c5d27f0c5b6814f4
resnet,clean_only,43,em_n20005_call_electrode_s10,phase2/results/predictions/full/clean_only/resnet/seed_43/em_n20005_call_electrode_s10.npz,76250,45593ca08bbc5f7cb20fdce0222bdaa02f06815c9f2191c80d7665190429e2f1
resnet,clean_only,43,em_n20005_call_electrode_s0,phase2/results/predictions/full/clean_only/resnet/seed_43/em_n20005_call_electrode_s0.npz,75717,6e5d2f668b2aa439e5cd3887b7ca9e3bc70d0253fd334238f78b881c0b6ea9d0
resnet,clean_only,43,em_n20005_call_covariance_s20,phase2/results/predictions/full/clean_only/resnet/seed_43/em_n20005_call_covariance_s20.npz,76417,d267c0ce42ee5640b349a866560c6b3c1a5da49c20f1134456a298d91784d2f5
resnet,clean_only,43,em_n20005_call_covariance_s10,phase2/results/predictions/full/clean_only/resnet/seed_43/em_n20005_call_covariance_s10.npz,76270,af90da87fafbee47011fdbf1605bf153bf8d1daf8953a59761d3f1eaad823c92
resnet,clean_only,43,em_n20005_call_covariance_s0,phase2/results/predictions/full/clean_only/resnet/seed_43/em_n20005_call_covariance_s0.npz,75724,be8eab09600fd814effc07489d0bd177ec539ef1c9d23457a2926c4bdf6972f8
resnet,independent_rms,43,clean,phase2/results/predictions/full/independent_rms/resnet/seed_43/clean.npz,76404,1866716c29804b5bf533f46ff6dca26227b3e159c4cffefaf5f8b6f3d77324ff
resnet,independent_rms,43,bandpass_n20001_cRA_LA_LL_independent_rms_s20,phase2/results/predictions/full/independent_rms/resnet/seed_43/bandpass_n20001_cRA_LA_LL_independent_rms_s20.npz,76500,16d4a35ee5a4322dc5f01b405d68d14798e326b9c8eaff5ada09465a18c1b439
resnet,independent_rms,43,bandpass_n20001_cRA_LA_LL_independent_rms_s15,phase2/results/predictions/full/independent_rms/resnet/seed_43/bandpass_n20001_cRA_LA_LL_independent_rms_s15.npz,76443,2fe442b64839fd5567627bd963e50ec48b0b483d45c89dd540df8f087c8abc60
resnet,independent_rms,43,bandpass_n20001_cRA_LA_LL_independent_rms_s10,phase2/results/predictions/full/independent_rms/resnet/seed_43/bandpass_n20001_cRA_LA_LL_independent_rms_s10.npz,76412,3d6590b4c0518d21fbcdb7645d167684831395d47703251ed70437189413760c
resnet,independent_rms,43,bandpass_n20001_cRA_LA_LL_independent_rms_s5,phase2/results/predictions/full/independent_rms/resnet/seed_43/bandpass_n20001_cRA_LA_LL_independent_rms_s5.npz,76241,4a2ea667551f4fff22a2fc5b44dd0355384b2223101f2c354fc7b1bbc9869c3d
resnet,independent_rms,43,bandpass_n20001_cRA_LA_LL_independent_rms_s0,phase2/results/predictions/full/independent_rms/resnet/seed_43/bandpass_n20001_cRA_LA_LL_independent_rms_s0.npz,75880,dfa0e8cd727a71d8ba57d60ab6410a74ced9575742b44321a59e8b031faa928f
resnet,independent_rms,43,bandpass_n20001_cRA_LA_LL_electrode_s20,phase2/results/predictions/full/independent_rms/resnet/seed_43/bandpass_n20001_cRA_LA_LL_electrode_s20.npz,76434,cb8b23491bc929918a6a06b275b5f7381887e08cfcd4856538942e457248c243
resnet,independent_rms,43,bandpass_n20001_cRA_LA_LL_electrode_s15,phase2/results/predictions/full/independent_rms/resnet/seed_43/bandpass_n20001_cRA_LA_LL_electrode_s15.npz,76433,9db1d67bcb5339cd4347bd52b828479a66e15b3f4ec2eacb51db657e9ab7bf0e
resnet,independent_rms,43,bandpass_n20001_cRA_LA_LL_electrode_s10,phase2/results/predictions/full/independent_rms/resnet/seed_43/bandpass_n20001_cRA_LA_LL_electrode_s10.npz,76297,e1a6188b072298975cbcbd4a3ddf2d124cecab8f7ca7ec52ccf6b6d75e31118b
resnet,independent_rms,43,bandpass_n20001_cRA_LA_LL_electrode_s5,phase2/results/predictions/full/independent_rms/resnet/seed_43/bandpass_n20001_cRA_LA_LL_electrode_s5.npz,76052,7886dd3db8da1e6e427366610ff1afa812406bdc6457677d8592a235c843cccd
resnet,independent_rms,43,bandpass_n20001_cRA_LA_LL_electrode_s0,phase2/results/predictions/full/independent_rms/resnet/seed_43/bandpass_n20001_cRA_LA_LL_electrode_s0.npz,75536,163cc6074eeb48adc267b3aaee4e18df039867586dfb1c777a3ecb0f7affde13
resnet,independent_rms,43,bandpass_n20001_cRA_LA_LL_covariance_s20,phase2/results/predictions/full/independent_rms/resnet/seed_43/bandpass_n20001_cRA_LA_LL_covariance_s20.npz,76445,898733b78f7144fb122e9f96557121758a2f98907ef329f00634b535dc9a1831
resnet,independent_rms,43,bandpass_n20001_cRA_LA_LL_covariance_s15,phase2/results/predictions/full/independent_rms/resnet/seed_43/bandpass_n20001_cRA_LA_LL_covariance_s15.npz,76399,958dd3722a380a0024dbe1c1a96e945e14c56df29e506a8167cb138f4b51974b
resnet,independent_rms,43,bandpass_n20001_cRA_LA_LL_covariance_s10,phase2/results/predictions/full/independent_rms/resnet/seed_43/bandpass_n20001_cRA_LA_LL_covariance_s10.npz,76323,fa13b3e94871896691a002d3673d4979beeb8c5ced7d1e3286645204c5b70192
resnet,independent_rms,43,bandpass_n20001_cRA_LA_LL_covariance_s5,phase2/results/predictions/full/independent_rms/resnet/seed_43/bandpass_n20001_cRA_LA_LL_covariance_s5.npz,76067,8a456d7d293cd78448d9f54cb05f4bc573a09414cd5e0afbb53571a1589fad3a
resnet,independent_rms,43,bandpass_n20001_cRA_LA_LL_covariance_s0,phase2/results/predictions/full/independent_rms/resnet/seed_43/bandpass_n20001_cRA_LA_LL_covariance_s0.npz,75563,75465e66240ef5bebde483e5eeb22775d6e43ecdf9168c2e35168d0e00bd09be
resnet,independent_rms,43,bandpass_n20001_cV1_independent_rms_s20,phase2/results/predictions/full/independent_rms/resnet/seed_43/bandpass_n20001_cV1_independent_rms_s20.npz,76456,a15f8fd56d41cbff2483c4ff45ed2756a3253425d37dee87e16ebf6517fbacde
resnet,independent_rms,43,bandpass_n20001_cV1_independent_rms_s15,phase2/results/predictions/full/independent_rms/resnet/seed_43/bandpass_n20001_cV1_independent_rms_s15.npz,76432,1ab33b4e46a2c6bb0b058c6197061bfcae61b90706c073431b09ba821bddb1b6
resnet,independent_rms,43,bandpass_n20001_cV1_independent_rms_s10,phase2/results/predictions/full/independent_rms/resnet/seed_43/bandpass_n20001_cV1_independent_rms_s10.npz,76351,2c1ff94ff368e5cad1d3970fdf2d81a17cfafa3db4f8084d63b7282209f92533
resnet,independent_rms,43,bandpass_n20001_cV1_independent_rms_s5,phase2/results/predictions/full/independent_rms/resnet/seed_43/bandpass_n20001_cV1_independent_rms_s5.npz,76181,e1db5ad8cb92911c9d09a8802fd76a19ad1bce754ab634e5e3c02824137c27cc
resnet,independent_rms,43,bandpass_n20001_cV1_independent_rms_s0,phase2/results/predictions/full/independent_rms/resnet/seed_43/bandpass_n20001_cV1_independent_rms_s0.npz,75725,979f00c62f4243f6457517c8ec097e41ebe3b6148bc6dad48d54439de75c6fd9
resnet,independent_rms,43,bandpass_n20001_cV1_electrode_s20,phase2/results/predictions/full/independent_rms/resnet/seed_43/bandpass_n20001_cV1_electrode_s20.npz,76426,758432b1bc205e1e7457ee3360cefc2c7d2c0f92147b885a85443d6481a794e0
resnet,independent_rms,43,bandpass_n20001_cV1_electrode_s15,phase2/results/predictions/full/independent_rms/resnet/seed_43/bandpass_n20001_cV1_electrode_s15.npz,76429,f094a52ed558e91273aa1df1bc4d9417603cb757e94e691a0edecc27bd8381b1
resnet,independent_rms,43,bandpass_n20001_cV1_electrode_s10,phase2/results/predictions/full/independent_rms/resnet/seed_43/bandpass_n20001_cV1_electrode_s10.npz,76355,7a71dfbf7502e1d9b00886cc83c9e9d8f148f209b8817818227db68d2d0b4d19
resnet,independent_rms,43,bandpass_n20001_cV1_electrode_s5,phase2/results/predictions/full/independent_rms/resnet/seed_43/bandpass_n20001_cV1_electrode_s5.npz,76207,22f218ed1a1d9d7bcf10b44637b22e8bb1a41c7a5f5b0ce5a1004b08ab5970ea
resnet,independent_rms,43,bandpass_n20001_cV1_electrode_s0,phase2/results/predictions/full/independent_rms/resnet/seed_43/bandpass_n20001_cV1_electrode_s0.npz,75725,35892593731d51a04811fffaa652ae2c66a4a29c7be854d9d0528580652a7f6d
resnet,independent_rms,43,bandpass_n20001_cV1_covariance_s20,phase2/results/predictions/full/independent_rms/resnet/seed_43/bandpass_n20001_cV1_covariance_s20.npz,76429,8d3ff3c30ad23612791c630dff949f353d966b141c1e091db1ee5a764bfaa726
resnet,independent_rms,43,bandpass_n20001_cV1_covariance_s15,phase2/results/predictions/full/independent_rms/resnet/seed_43/bandpass_n20001_cV1_covariance_s15.npz,76422,8319ac7cf0604a264d493b1d8c23d525727a92746d63dc6b65941ab2f3ff6eb6
resnet,independent_rms,43,bandpass_n20001_cV1_covariance_s10,phase2/results/predictions/full/independent_rms/resnet/seed_43/bandpass_n20001_cV1_covariance_s10.npz,76351,0f10c7f79f437140a3ace2566a05dcae8e5f4e73f9851bc0cf0ce02c4730887a
resnet,independent_rms,43,bandpass_n20001_cV1_covariance_s5,phase2/results/predictions/full/independent_rms/resnet/seed_43/bandpass_n20001_cV1_covariance_s5.npz,76194,b36ce81acd6ce9b0b591a0f0900c6a7fd1cfc8303a00c13b15c6681e61bd36a3
resnet,independent_rms,43,bandpass_n20001_cV1_covariance_s0,phase2/results/predictions/full/independent_rms/resnet/seed_43/bandpass_n20001_cV1_covariance_s0.npz,75736,0035faf40874dc7a8a57f197597e0e8a36a02e6b5ef8d8a07bf0a831202f4d25
resnet,independent_rms,43,bandpass_n20001_cV2_independent_rms_s20,phase2/results/predictions/full/independent_rms/resnet/seed_43/bandpass_n20001_cV2_independent_rms_s20.npz,76423,b428900fd80edb05be6778fc53f29c2ffb8beb92bcaa3a59ceda01cf9f54d4c0
resnet,independent_rms,43,bandpass_n20001_cV2_independent_rms_s15,phase2/results/predictions/full/independent_rms/resnet/seed_43/bandpass_n20001_cV2_independent_rms_s15.npz,76423,519386da0b50eb12ce7695a96995530db0dec1a0752190148aed024fd663a778
resnet,independent_rms,43,bandpass_n20001_cV2_independent_rms_s10,phase2/results/predictions/full/independent_rms/resnet/seed_43/bandpass_n20001_cV2_independent_rms_s10.npz,76380,d6ff7f951e4c043d2746c41d1b051a8886006fdf50cce1085c796c4b2de1fa0b
resnet,independent_rms,43,bandpass_n20001_cV2_independent_rms_s5,phase2/results/predictions/full/independent_rms/resnet/seed_43/bandpass_n20001_cV2_independent_rms_s5.npz,76228,7d951ff0562d26bdbb2f5f3648aa95d30f6ce02513eeb015e31dd665b06af908
resnet,independent_rms,43,bandpass_n20001_cV2_independent_rms_s0,phase2/results/predictions/full/independent_rms/resnet/seed_43/bandpass_n20001_cV2_independent_rms_s0.npz,75897,76c43570f2976aff03e83e918437c957d8a63826deb15377d06608ece9b7c778
resnet,independent_rms,43,bandpass_n20001_cV2_electrode_s20,phase2/results/predictions/full/independent_rms/resnet/seed_43/bandpass_n20001_cV2_electrode_s20.npz,76422,ccdda36acfb9d6e049f28adc5f2feda1707b5fb04463583e440eb472ba4f7997
resnet,independent_rms,43,bandpass_n20001_cV2_electrode_s15,phase2/results/predictions/full/independent_rms/resnet/seed_43/bandpass_n20001_cV2_electrode_s15.npz,76468,092f960de060228e502ea012c53adb27a3a700fb527aa8a8a7f0e06edc68835e
resnet,independent_rms,43,bandpass_n20001_cV2_electrode_s10,phase2/results/predictions/full/independent_rms/resnet/seed_43/bandpass_n20001_cV2_electrode_s10.npz,76359,4da3646823bb4d41a71e4c3be37f3a36f2148ac5dbea149cf9b6c186aeb72db4
resnet,independent_rms,43,bandpass_n20001_cV2_electrode_s5,phase2/results/predictions/full/independent_rms/resnet/seed_43/bandpass_n20001_cV2_electrode_s5.npz,76234,c6ac401044817aadfc041582bdb96928aebaa4aadd8a859d41f40f4b86b3d32b
resnet,independent_rms,43,bandpass_n20001_cV2_electrode_s0,phase2/results/predictions/full/independent_rms/resnet/seed_43/bandpass_n20001_cV2_electrode_s0.npz,75892,fc12bfe0bdb35953281dafd57534c23cb2c2b20efc551577f64b68d6ca1e2f64
resnet,independent_rms,43,bandpass_n20001_cV2_covariance_s20,phase2/results/predictions/full/independent_rms/resnet/seed_43/bandpass_n20001_cV2_covariance_s20.npz,76445,64d31b021e35cf5f5b0d77b06ebf2c168a758069c48d72205329b2fd8b94668f
resnet,independent_rms,43,bandpass_n20001_cV2_covariance_s15,phase2/results/predictions/full/independent_rms/resnet/seed_43/bandpass_n20001_cV2_covariance_s15.npz,76398,6e9198dd4e23a19ca45c613b98f83730276bf08e7ec0874a1ee5fabf3d561971
resnet,independent_rms,43,bandpass_n20001_cV2_covariance_s10,phase2/results/predictions/full/independent_rms/resnet/seed_43/bandpass_n20001_cV2_covariance_s10.npz,76405,549f6305f3f3de113a45f7063a2ac454f658d34ec1a6313b3843e43ea674f599
resnet,independent_rms,43,bandpass_n20001_cV2_covariance_s5,phase2/results/predictions/full/independent_rms/resnet/seed_43/bandpass_n20001_cV2_covariance_s5.npz,76216,05f9f5320ab23b0c8008818648facd63ab2964b5c00597fc7d7702cfdce0d4ac
resnet,independent_rms,43,bandpass_n20001_cV2_covariance_s0,phase2/results/predictions/full/independent_rms/resnet/seed_43/bandpass_n20001_cV2_covariance_s0.npz,75863,8622d3627810c3f1e6d21b7660ae1b6133e74e4e5ea52fd190fd51b9532d2f9a
resnet,independent_rms,43,bandpass_n20001_cV3_independent_rms_s20,phase2/results/predictions/full/independent_rms/resnet/seed_43/bandpass_n20001_cV3_independent_rms_s20.npz,76470,ef6072d112e5780b8cf6d9b97994fa125f9b09422432cc12d971c7e3a1c626f5
resnet,independent_rms,43,bandpass_n20001_cV3_independent_rms_s15,phase2/results/predictions/full/independent_rms/resnet/seed_43/bandpass_n20001_cV3_independent_rms_s15.npz,76447,3b87fc976fce37644ab0013884976708bf686f7c54b5f7cc4a6f860370501838
resnet,independent_rms,43,bandpass_n20001_cV3_independent_rms_s10,phase2/results/predictions/full/independent_rms/resnet/seed_43/bandpass_n20001_cV3_independent_rms_s10.npz,76403,38655750cb99254a477a0a044c14b12490f389a3d047d9b161f7418fa421b824
resnet,independent_rms,43,bandpass_n20001_cV3_independent_rms_s5,phase2/results/predictions/full/independent_rms/resnet/seed_43/bandpass_n20001_cV3_independent_rms_s5.npz,76348,e32ea3b64650d3bd241b46e98b32693a82ce8fc876c07fdaa6a6109f73d59c27
resnet,independent_rms,43,bandpass_n20001_cV3_independent_rms_s0,phase2/results/predictions/full/independent_rms/resnet/seed_43/bandpass_n20001_cV3_independent_rms_s0.npz,76015,5298b1e05bb0a63f734adfd8853d5d52c56b48acbd9206217d19b5daebf21421
resnet,independent_rms,43,bandpass_n20001_cV3_electrode_s20,phase2/results/predictions/full/independent_rms/resnet/seed_43/bandpass_n20001_cV3_electrode_s20.npz,76461,f6145b7f0e0ca60688270e683cb8f9731059b13ce0a24aed44b07a1b814df0ee
resnet,independent_rms,43,bandpass_n20001_cV3_electrode_s15,phase2/results/predictions/full/independent_rms/resnet/seed_43/bandpass_n20001_cV3_electrode_s15.npz,76460,8a5fe903b7068e3aa779c34d6c4db2b6b255f04450b58d4f8c7e261b8d888d0f
resnet,independent_rms,43,bandpass_n20001_cV3_electrode_s10,phase2/results/predictions/full/independent_rms/resnet/seed_43/bandpass_n20001_cV3_electrode_s10.npz,76426,4d511cb90ded7e785dd3fd30937358c1960e688cd87bf1ffee003a85347a4eb1
resnet,independent_rms,43,bandpass_n20001_cV3_electrode_s5,phase2/results/predictions/full/independent_rms/resnet/seed_43/bandpass_n20001_cV3_electrode_s5.npz,76335,056bea76837ed6f5072c35692cb4572c555db62f8c1d1efa157d818e1b7b4c09
resnet,independent_rms,43,bandpass_n20001_cV3_electrode_s0,phase2/results/predictions/full/independent_rms/resnet/seed_43/bandpass_n20001_cV3_electrode_s0.npz,76002,1316e53802b55c7bbf9aa1dfffdd239ecd01216930f4cc5fd0bd5896edc3033e
resnet,independent_rms,43,bandpass_n20001_cV3_covariance_s20,phase2/results/predictions/full/independent_rms/resnet/seed_43/bandpass_n20001_cV3_covariance_s20.npz,76442,fa4bded2af2492713135e5f1a3a91844c4d077dfa1447901bd595ede36494329
resnet,independent_rms,43,bandpass_n20001_cV3_covariance_s15,phase2/results/predictions/full/independent_rms/resnet/seed_43/bandpass_n20001_cV3_covariance_s15.npz,76442,7386115f32b0cf1cd6694a74dda15fb6cf6dd371f86deb357fc2bc2568204f33
resnet,independent_rms,43,bandpass_n20001_cV3_covariance_s10,phase2/results/predictions/full/independent_rms/resnet/seed_43/bandpass_n20001_cV3_covariance_s10.npz,76405,a250a7cb9a560768258e2326bf9db45fcfa7b88b815fd478fef78aac490696c2
resnet,independent_rms,43,bandpass_n20001_cV3_covariance_s5,phase2/results/predictions/full/independent_rms/resnet/seed_43/bandpass_n20001_cV3_covariance_s5.npz,76317,6bb5cb11b7275275748350e152fa1005a91eb53a59f2ed07f0f6878b6104ed3d
resnet,independent_rms,43,bandpass_n20001_cV3_covariance_s0,phase2/results/predictions/full/independent_rms/resnet/seed_43/bandpass_n20001_cV3_covariance_s0.npz,75992,da6e1b1f2188dfffd6e4c19c16317824567a0fdef479495d7351fd558290969a
resnet,independent_rms,43,bandpass_n20001_cV4_independent_rms_s20,phase2/results/predictions/full/independent_rms/resnet/seed_43/bandpass_n20001_cV4_independent_rms_s20.npz,76465,30e7dfd0c7ebc125211405d571f6571860bb772c1dc36063a3f1f824731aba2d
resnet,independent_rms,43,bandpass_n20001_cV4_independent_rms_s15,phase2/results/predictions/full/independent_rms/resnet/seed_43/bandpass_n20001_cV4_independent_rms_s15.npz,76431,6ee2e57d972ee6db65a5b2143d83e95c78e654aa457f91b870e2076ed8048876
resnet,independent_rms,43,bandpass_n20001_cV4_independent_rms_s10,phase2/results/predictions/full/independent_rms/resnet/seed_43/bandpass_n20001_cV4_independent_rms_s10.npz,76381,4935fdab2034e1f3eb802a071b79da35dd8d0d7059c5dd909453ec49c14ca29a
resnet,independent_rms,43,bandpass_n20001_cV4_independent_rms_s5,phase2/results/predictions/full/independent_rms/resnet/seed_43/bandpass_n20001_cV4_independent_rms_s5.npz,76270,49e615a20812d5c86e3308abcbfb8432a903b4a7e5ad37b1f0569040c7844931
resnet,independent_rms,43,bandpass_n20001_cV4_independent_rms_s0,phase2/results/predictions/full/independent_rms/resnet/seed_43/bandpass_n20001_cV4_independent_rms_s0.npz,75985,9dc067b0bd1b38b88f3c24c3ac240e95c627a455a9fdba7a642bcad79b2028ee
resnet,independent_rms,43,bandpass_n20001_cV4_electrode_s20,phase2/results/predictions/full/independent_rms/resnet/seed_43/bandpass_n20001_cV4_electrode_s20.npz,76440,716ddae1147a418c76d8547cbbdd5891775761af4effa19b7c6a60e24e45b81b
resnet,independent_rms,43,bandpass_n20001_cV4_electrode_s15,phase2/results/predictions/full/independent_rms/resnet/seed_43/bandpass_n20001_cV4_electrode_s15.npz,76417,0db7bf65fc08bf473050c847db78c134585ef8a0cbe8dc60705e3fde2f4db974
resnet,independent_rms,43,bandpass_n20001_cV4_electrode_s10,phase2/results/predictions/full/independent_rms/resnet/seed_43/bandpass_n20001_cV4_electrode_s10.npz,76394,f35fea054eb6e4bd4ee2ef244ba4a5aea02dd44a69b28989430278d668cff2eb
resnet,independent_rms,43,bandpass_n20001_cV4_electrode_s5,phase2/results/predictions/full/independent_rms/resnet/seed_43/bandpass_n20001_cV4_electrode_s5.npz,76287,db7f02f6f724d3319b6c4bf70d7d51b571bc787e08d6c13287aad65bdb761a35
resnet,independent_rms,43,bandpass_n20001_cV4_electrode_s0,phase2/results/predictions/full/independent_rms/resnet/seed_43/bandpass_n20001_cV4_electrode_s0.npz,75983,5f6a00106c9395d10451ae5f9047982dc67410518b6d25e4bd8fb8b0f53a7b1a
resnet,independent_rms,43,bandpass_n20001_cV4_covariance_s20,phase2/results/predictions/full/independent_rms/resnet/seed_43/bandpass_n20001_cV4_covariance_s20.npz,76435,a3fe91fed0ecf10a4ead9fcbdcfeea352d4ce00bd30c62cff33ccd7ed64d2ef2
resnet,independent_rms,43,bandpass_n20001_cV4_covariance_s15,phase2/results/predictions/full/independent_rms/resnet/seed_43/bandpass_n20001_cV4_covariance_s15.npz,76412,e13e57e2f3aea6c53619818d650dba8a9142713511df3650810ceff48e454bde
resnet,independent_rms,43,bandpass_n20001_cV4_covariance_s10,phase2/results/predictions/full/independent_rms/resnet/seed_43/bandpass_n20001_cV4_covariance_s10.npz,76372,62f99fc736336a8acb792faf0f1e2249cc35ddbe26f837859baea17666ba6810
resnet,independent_rms,43,bandpass_n20001_cV4_covariance_s5,phase2/results/predictions/full/independent_rms/resnet/seed_43/bandpass_n20001_cV4_covariance_s5.npz,76288,e52eb56ddc6f81a288110ec42cea8343a6eaf9670bd2109e469a947dd936b601
resnet,independent_rms,43,bandpass_n20001_cV4_covariance_s0,phase2/results/predictions/full/independent_rms/resnet/seed_43/bandpass_n20001_cV4_covariance_s0.npz,76000,bbc78fb585b1397ba7824394657ae8ae4b6bc6d109a0b04eeace7f1b8bd13d36
resnet,independent_rms,43,bandpass_n20001_cV5_independent_rms_s20,phase2/results/predictions/full/independent_rms/resnet/seed_43/bandpass_n20001_cV5_independent_rms_s20.npz,76463,892aa0fcc149b9b7ccf5067205469918e0272b0d2a5aabc3b03f4737b3b3b01b
resnet,independent_rms,43,bandpass_n20001_cV5_independent_rms_s15,phase2/results/predictions/full/independent_rms/resnet/seed_43/bandpass_n20001_cV5_independent_rms_s15.npz,76417,1b3a190e14751d04cd81c96ddd22eab4f320f82e7a4a83cb5bc058f41c67481a
resnet,independent_rms,43,bandpass_n20001_cV5_independent_rms_s10,phase2/results/predictions/full/independent_rms/resnet/seed_43/bandpass_n20001_cV5_independent_rms_s10.npz,76406,945300573af1da7492875944ce70c093b954ef7714870af748ac1cb8d7285dae
resnet,independent_rms,43,bandpass_n20001_cV5_independent_rms_s5,phase2/results/predictions/full/independent_rms/resnet/seed_43/bandpass_n20001_cV5_independent_rms_s5.npz,76236,76b336e835446f2eb7f42b4507cd8c84965787bab29fca02de183f7aa7efa88b
resnet,independent_rms,43,bandpass_n20001_cV5_independent_rms_s0,phase2/results/predictions/full/independent_rms/resnet/seed_43/bandpass_n20001_cV5_independent_rms_s0.npz,75958,00ac573a787392ac764388f44f9c7bfac9eb5701e0a6d8edbc9169aa34fd0453
resnet,independent_rms,43,bandpass_n20001_cV5_electrode_s20,phase2/results/predictions/full/independent_rms/resnet/seed_43/bandpass_n20001_cV5_electrode_s20.npz,76440,c1f490ed903e57cf931535161983447b4d9722afe5599fe8a90b9fb906d9c0ae
resnet,independent_rms,43,bandpass_n20001_cV5_electrode_s15,phase2/results/predictions/full/independent_rms/resnet/seed_43/bandpass_n20001_cV5_electrode_s15.npz,76427,25f0b1967898b0bef9c556e58c262a5c6418f33f9df1afa4d1e0d87e0ab6cd78
resnet,independent_rms,43,bandpass_n20001_cV5_electrode_s10,phase2/results/predictions/full/independent_rms/resnet/seed_43/bandpass_n20001_cV5_electrode_s10.npz,76380,37e674c4ba627db1410265389fb9343a9b8e861cec7a863795d0bed7a4b5a61e
resnet,independent_rms,43,bandpass_n20001_cV5_electrode_s5,phase2/results/predictions/full/independent_rms/resnet/seed_43/bandpass_n20001_cV5_electrode_s5.npz,76240,b2eaf4a28739b7fa40e3ee727b19d943cac7d835b3133f798915b8198e9d49c6
resnet,independent_rms,43,bandpass_n20001_cV5_electrode_s0,phase2/results/predictions/full/independent_rms/resnet/seed_43/bandpass_n20001_cV5_electrode_s0.npz,75916,efdab94784b7a117213cacb1bc5be09da7671206f0252d7a98dfdd05151a4e10
resnet,independent_rms,43,bandpass_n20001_cV5_covariance_s20,phase2/results/predictions/full/independent_rms/resnet/seed_43/bandpass_n20001_cV5_covariance_s20.npz,76453,47f2199be1dc39a1fbd756f730b6402ac66b6220c7b6444904a9cff88e9d64ab
resnet,independent_rms,43,bandpass_n20001_cV5_covariance_s15,phase2/results/predictions/full/independent_rms/resnet/seed_43/bandpass_n20001_cV5_covariance_s15.npz,76404,4bf2c66adf3930be3dc6bca89d637fe83d0090ca01650b9ffbf88dc41ab78d3e
resnet,independent_rms,43,bandpass_n20001_cV5_covariance_s10,phase2/results/predictions/full/independent_rms/resnet/seed_43/bandpass_n20001_cV5_covariance_s10.npz,76357,5d4571c5ecdbf057926a5e3f3fdb38d72262beba0a93d75385408bcaa7249be4
resnet,independent_rms,43,bandpass_n20001_cV5_covariance_s5,phase2/results/predictions/full/independent_rms/resnet/seed_43/bandpass_n20001_cV5_covariance_s5.npz,76225,327d02db7d0c000f49c5001e3a370dfecb00a903d2739fc2717dff88cbe25ab4
resnet,independent_rms,43,bandpass_n20001_cV5_covariance_s0,phase2/results/predictions/full/independent_rms/resnet/seed_43/bandpass_n20001_cV5_covariance_s0.npz,75940,9dc6e493ab0c7fda41ded62518ec2e67418e6bf2f881fb4e647882b64feba392
resnet,independent_rms,43,bandpass_n20001_cV6_independent_rms_s20,phase2/results/predictions/full/independent_rms/resnet/seed_43/bandpass_n20001_cV6_independent_rms_s20.npz,76440,d01369886c5b881b545caa8e4de5df1c1bcbc5060aebcab338581a98d06cd03f
resnet,independent_rms,43,bandpass_n20001_cV6_independent_rms_s15,phase2/results/predictions/full/independent_rms/resnet/seed_43/bandpass_n20001_cV6_independent_rms_s15.npz,76420,cee80579cdb57d6762c1ee5bd4d1a4686ed9c077c7db01204bf06adab7676419
resnet,independent_rms,43,bandpass_n20001_cV6_independent_rms_s10,phase2/results/predictions/full/independent_rms/resnet/seed_43/bandpass_n20001_cV6_independent_rms_s10.npz,76395,3fc903a8ca028a2ac75214f6e701fdb5afc8132c318ccf63f9f5f624efdb6421
resnet,independent_rms,43,bandpass_n20001_cV6_independent_rms_s5,phase2/results/predictions/full/independent_rms/resnet/seed_43/bandpass_n20001_cV6_independent_rms_s5.npz,76275,8c63702923798ae488f364fd6afdea7576eaafb9b6e228a8428d25865ed62fde
resnet,independent_rms,43,bandpass_n20001_cV6_independent_rms_s0,phase2/results/predictions/full/independent_rms/resnet/seed_43/bandpass_n20001_cV6_independent_rms_s0.npz,76022,f2c356c157e65861905dd3ce05bf4a029d9d48a952cdcba9da8777e37b819b8f
resnet,independent_rms,43,bandpass_n20001_cV6_electrode_s20,phase2/results/predictions/full/independent_rms/resnet/seed_43/bandpass_n20001_cV6_electrode_s20.npz,76429,1b2306f880659627457a1005524de68911d9224e5177cac97b10c07752562670
resnet,independent_rms,43,bandpass_n20001_cV6_electrode_s15,phase2/results/predictions/full/independent_rms/resnet/seed_43/bandpass_n20001_cV6_electrode_s15.npz,76447,90c5ac90cc731fecb4d7f1080b433468e7d576718c543061a2f820c606d686ca
resnet,independent_rms,43,bandpass_n20001_cV6_electrode_s10,phase2/results/predictions/full/independent_rms/resnet/seed_43/bandpass_n20001_cV6_electrode_s10.npz,76407,3d778e774eb01f103615f3ef2e6d68bb12041094e36f8386b00b7269bd72c2ed
resnet,independent_rms,43,bandpass_n20001_cV6_electrode_s5,phase2/results/predictions/full/independent_rms/resnet/seed_43/bandpass_n20001_cV6_electrode_s5.npz,76318,dbebe8a165ddcf8e1d7395c23ee956ba2d4f6994b1ee15b71f10d5e416e71e1b
resnet,independent_rms,43,bandpass_n20001_cV6_electrode_s0,phase2/results/predictions/full/independent_rms/resnet/seed_43/bandpass_n20001_cV6_electrode_s0.npz,75985,b5400e636d9420fd1bcfc33bc243f16e237faee300544ba4892e15dcd74ab241
resnet,independent_rms,43,bandpass_n20001_cV6_covariance_s20,phase2/results/predictions/full/independent_rms/resnet/seed_43/bandpass_n20001_cV6_covariance_s20.npz,76427,daebffd8155df3b95c453b23a2ab09a8c0dcd1d834b874e5d17859392b1d766e
resnet,independent_rms,43,bandpass_n20001_cV6_covariance_s15,phase2/results/predictions/full/independent_rms/resnet/seed_43/bandpass_n20001_cV6_covariance_s15.npz,76411,8780cc44b994f0d7f90f7b13395fd58c37eb6805a0d595f9471f81ee55325523
resnet,independent_rms,43,bandpass_n20001_cV6_covariance_s10,phase2/results/predictions/full/independent_rms/resnet/seed_43/bandpass_n20001_cV6_covariance_s10.npz,76399,c0faa78d4e7c7e27fd3a048f8cd7f399acc1fc01519620a22d291789eb071025
resnet,independent_rms,43,bandpass_n20001_cV6_covariance_s5,phase2/results/predictions/full/independent_rms/resnet/seed_43/bandpass_n20001_cV6_covariance_s5.npz,76255,803d64b48bd015ba7da506963b6ab7707183a6bcbbeb06425adaf83054f3ba4f
resnet,independent_rms,43,bandpass_n20001_cV6_covariance_s0,phase2/results/predictions/full/independent_rms/resnet/seed_43/bandpass_n20001_cV6_covariance_s0.npz,75993,afa3db9a4303c1f937d818dbe424031902685bbfac89e7c9c68e82fb73e659b2
resnet,independent_rms,43,bandpass_n20001_cRA_LA_independent_rms_s20,phase2/results/predictions/full/independent_rms/resnet/seed_43/bandpass_n20001_cRA_LA_independent_rms_s20.npz,76469,59281e5ab1f4376834cc4d9fea253f7bdeb679c2a3ee1e25c35add2f73438614
resnet,independent_rms,43,bandpass_n20001_cRA_LA_independent_rms_s15,phase2/results/predictions/full/independent_rms/resnet/seed_43/bandpass_n20001_cRA_LA_independent_rms_s15.npz,76442,affb27c84779d7601017e3e8068d46874d2438e3babb84abf56310d43d74586e
resnet,independent_rms,43,bandpass_n20001_cRA_LA_independent_rms_s10,phase2/results/predictions/full/independent_rms/resnet/seed_43/bandpass_n20001_cRA_LA_independent_rms_s10.npz,76406,17780a6f98545fe280ee33b430c2dae1d574a0d8772fe4fadea95be6cec65f76
resnet,independent_rms,43,bandpass_n20001_cRA_LA_independent_rms_s5,phase2/results/predictions/full/independent_rms/resnet/seed_43/bandpass_n20001_cRA_LA_independent_rms_s5.npz,76260,235131760285e6d3d75ed425cb8f8333d60817ddea16a0a54e60643d37fd53d8
resnet,independent_rms,43,bandpass_n20001_cRA_LA_independent_rms_s0,phase2/results/predictions/full/independent_rms/resnet/seed_43/bandpass_n20001_cRA_LA_independent_rms_s0.npz,75873,4d035c0d8aa8bce981cfbbae7fb64b0deb5fbce6049497e9d27521b8d8b43926
resnet,independent_rms,43,bandpass_n20001_cRA_LA_electrode_s20,phase2/results/predictions/full/independent_rms/resnet/seed_43/bandpass_n20001_cRA_LA_electrode_s20.npz,76474,83b356accc9a63caa2a94782529b2b6ea1af0fde25a60ddfb94879b5a4d6a4b6
resnet,independent_rms,43,bandpass_n20001_cRA_LA_electrode_s15,phase2/results/predictions/full/independent_rms/resnet/seed_43/bandpass_n20001_cRA_LA_electrode_s15.npz,76438,0c93b7dbffc1a30dc4888d0f77bd041b99da56d5fda314eab9838d5388bfecc9
resnet,independent_rms,43,bandpass_n20001_cRA_LA_electrode_s10,phase2/results/predictions/full/independent_rms/resnet/seed_43/bandpass_n20001_cRA_LA_electrode_s10.npz,76333,54720b65348b13505f260e5de22f19d786ed803ff72e70653f8174e5e9266d33
resnet,independent_rms,43,bandpass_n20001_cRA_LA_electrode_s5,phase2/results/predictions/full/independent_rms/resnet/seed_43/bandpass_n20001_cRA_LA_electrode_s5.npz,76097,4b1d3fff69578569c0305e7707b0b184370be42e3279d26597de4c3a313db1f8
resnet,independent_rms,43,bandpass_n20001_cRA_LA_electrode_s0,phase2/results/predictions/full/independent_rms/resnet/seed_43/bandpass_n20001_cRA_LA_electrode_s0.npz,75595,ce13dc251dc5c709fbf5b6c40245bd08ac3d5385345a5ed8237e851fcd4261fc
resnet,independent_rms,43,bandpass_n20001_cRA_LA_covariance_s20,phase2/results/predictions/full/independent_rms/resnet/seed_43/bandpass_n20001_cRA_LA_covariance_s20.npz,76467,5ce86f8805a36a22289383054c885ea37e01b74e55672b5686b11a120987da1a
resnet,independent_rms,43,bandpass_n20001_cRA_LA_covariance_s15,phase2/results/predictions/full/independent_rms/resnet/seed_43/bandpass_n20001_cRA_LA_covariance_s15.npz,76451,c27878b513249c7485044eb2c44a9cee7c4f2d6d7db45d92a5ae833d074b5f79
resnet,independent_rms,43,bandpass_n20001_cRA_LA_covariance_s10,phase2/results/predictions/full/independent_rms/resnet/seed_43/bandpass_n20001_cRA_LA_covariance_s10.npz,76322,c1287d46bb66bffe28caa23290a000bded8575f170ea81a7ec7b0d8edffc467c
resnet,independent_rms,43,bandpass_n20001_cRA_LA_covariance_s5,phase2/results/predictions/full/independent_rms/resnet/seed_43/bandpass_n20001_cRA_LA_covariance_s5.npz,76105,c2f3541d804ff3521274d62da6bf8e8fb3d0edbaa547f2b00feee4ec2eb88b55
resnet,independent_rms,43,bandpass_n20001_cRA_LA_covariance_s0,phase2/results/predictions/full/independent_rms/resnet/seed_43/bandpass_n20001_cRA_LA_covariance_s0.npz,75585,c9401b78445a17b80e981a3de54fd207a52259c2e515b5c270f2d3861b69c385
resnet,independent_rms,43,bandpass_n20001_cLA_LL_independent_rms_s20,phase2/results/predictions/full/independent_rms/resnet/seed_43/bandpass_n20001_cLA_LL_independent_rms_s20.npz,76458,1b0a7e5492828c42436168506fea1957d3cee287f7b189b75d936100d9e502ea
resnet,independent_rms,43,bandpass_n20001_cLA_LL_independent_rms_s15,phase2/results/predictions/full/independent_rms/resnet/seed_43/bandpass_n20001_cLA_LL_independent_rms_s15.npz,76431,93ce2740af7a5c095b8c252ec1f7de4f97ef8d4cd0a3bd1f48b775d100a079e7
resnet,independent_rms,43,bandpass_n20001_cLA_LL_independent_rms_s10,phase2/results/predictions/full/independent_rms/resnet/seed_43/bandpass_n20001_cLA_LL_independent_rms_s10.npz,76378,ebdf7d7bcdc51c183e94eb3bf552836c2694813ba50f3fd2c11e89ca7b4bccda
resnet,independent_rms,43,bandpass_n20001_cLA_LL_independent_rms_s5,phase2/results/predictions/full/independent_rms/resnet/seed_43/bandpass_n20001_cLA_LL_independent_rms_s5.npz,76212,364b040e9737ae196e1de50e50783a18260c337233aff1dd2eef92dbba545e2f
resnet,independent_rms,43,bandpass_n20001_cLA_LL_independent_rms_s0,phase2/results/predictions/full/independent_rms/resnet/seed_43/bandpass_n20001_cLA_LL_independent_rms_s0.npz,75846,fef8417e32c9ed24a07a1ff550ccfcd30081c6d356e55d029e40f3d4dc8b3a5f
resnet,independent_rms,43,bandpass_n20001_cLA_LL_electrode_s20,phase2/results/predictions/full/independent_rms/resnet/seed_43/bandpass_n20001_cLA_LL_electrode_s20.npz,76396,3df6a7b417c3ec2cbaee0b7ee7fbeeb54225ee4f4f3b68049aa73c5de17808c0
resnet,independent_rms,43,bandpass_n20001_cLA_LL_electrode_s15,phase2/results/predictions/full/independent_rms/resnet/seed_43/bandpass_n20001_cLA_LL_electrode_s15.npz,76396,1991ea087bfd6f90d6bec4a85b37290d9a3025636a1197924b9cdf9b06b52e28
resnet,independent_rms,43,bandpass_n20001_cLA_LL_electrode_s10,phase2/results/predictions/full/independent_rms/resnet/seed_43/bandpass_n20001_cLA_LL_electrode_s10.npz,76310,7b8bc5b8d168c26f888b2bc540c3388c18f108b8d8524ab5a58c0c5a90c61aa1
resnet,independent_rms,43,bandpass_n20001_cLA_LL_electrode_s5,phase2/results/predictions/full/independent_rms/resnet/seed_43/bandpass_n20001_cLA_LL_electrode_s5.npz,76084,91676c921fba65d07f3b982bc00d5cfd8b3c6d0f9d1b0519964235be8d9d11e2
resnet,independent_rms,43,bandpass_n20001_cLA_LL_electrode_s0,phase2/results/predictions/full/independent_rms/resnet/seed_43/bandpass_n20001_cLA_LL_electrode_s0.npz,75631,fc8f583d4c3d6d71c959ce6009db7de1e0a2d6d5501e7bb5c6f20dbd9dc4a484
resnet,independent_rms,43,bandpass_n20001_cLA_LL_covariance_s20,phase2/results/predictions/full/independent_rms/resnet/seed_43/bandpass_n20001_cLA_LL_covariance_s20.npz,76458,613c41fe7573a55f2a5db5bd2954de95a7b1a16b3b71a9acd89eeafea7441b19
resnet,independent_rms,43,bandpass_n20001_cLA_LL_covariance_s15,phase2/results/predictions/full/independent_rms/resnet/seed_43/bandpass_n20001_cLA_LL_covariance_s15.npz,76391,75ab1a42b0d56b3043ba91d194f4324ea7bad00685e57fc49e00a4d65aa5f0e2
resnet,independent_rms,43,bandpass_n20001_cLA_LL_covariance_s10,phase2/results/predictions/full/independent_rms/resnet/seed_43/bandpass_n20001_cLA_LL_covariance_s10.npz,76300,145be720ec595da50a2aac477377fded0c04a68f2a623cdc1670680316e80d49
resnet,independent_rms,43,bandpass_n20001_cLA_LL_covariance_s5,phase2/results/predictions/full/independent_rms/resnet/seed_43/bandpass_n20001_cLA_LL_covariance_s5.npz,76043,dac0c968506d4263daa9c66e3b826ea50ad11f0f2431bba195392c5e03133311
resnet,independent_rms,43,bandpass_n20001_cLA_LL_covariance_s0,phase2/results/predictions/full/independent_rms/resnet/seed_43/bandpass_n20001_cLA_LL_covariance_s0.npz,75654,5689aaa00142739c62e031042bc6efe722803d6075e9a198ad506271edc3c909
resnet,independent_rms,43,bandpass_n20001_cRA_LL_independent_rms_s20,phase2/results/predictions/full/independent_rms/resnet/seed_43/bandpass_n20001_cRA_LL_independent_rms_s20.npz,76451,3285857258afd09ed59b96e49d2b60adf658624dfbd2d94747a2ec262353fcc2
resnet,independent_rms,43,bandpass_n20001_cRA_LL_independent_rms_s15,phase2/results/predictions/full/independent_rms/resnet/seed_43/bandpass_n20001_cRA_LL_independent_rms_s15.npz,76455,43e887ed1ccc2d5bfca799c5db55a1d0220e28ac02b67f00f08a6bdcb6a07049
resnet,independent_rms,43,bandpass_n20001_cRA_LL_independent_rms_s10,phase2/results/predictions/full/independent_rms/resnet/seed_43/bandpass_n20001_cRA_LL_independent_rms_s10.npz,76377,8837280c945a598b88e6101759cb26e9d2beb9621a0284d647762096cb7091b9
resnet,independent_rms,43,bandpass_n20001_cRA_LL_independent_rms_s5,phase2/results/predictions/full/independent_rms/resnet/seed_43/bandpass_n20001_cRA_LL_independent_rms_s5.npz,76263,bf98bc92433c9e3f9f700a7625e5e049af85fc87d6e040c61beb08861316cdde
resnet,independent_rms,43,bandpass_n20001_cRA_LL_independent_rms_s0,phase2/results/predictions/full/independent_rms/resnet/seed_43/bandpass_n20001_cRA_LL_independent_rms_s0.npz,75860,cfca54dbf58733a082c5cc22a17e63b861f1845eefe74b828c6d538a1c39859c
resnet,independent_rms,43,bandpass_n20001_cRA_LL_electrode_s20,phase2/results/predictions/full/independent_rms/resnet/seed_43/bandpass_n20001_cRA_LL_electrode_s20.npz,76430,8ec1074e1bf1f2ea9eb44835566c017ad101d209ec934c75f201f23e5ef4096b
resnet,independent_rms,43,bandpass_n20001_cRA_LL_electrode_s15,phase2/results/predictions/full/independent_rms/resnet/seed_43/bandpass_n20001_cRA_LL_electrode_s15.npz,76403,1488bebcc1a7d4162a4ff7bf95f454368f61dfc003dd36dd7934910ca35ca5fb
resnet,independent_rms,43,bandpass_n20001_cRA_LL_electrode_s10,phase2/results/predictions/full/independent_rms/resnet/seed_43/bandpass_n20001_cRA_LL_electrode_s10.npz,76306,02a552466db61f35a22634abcaed59c4779f9b66e3b7858e2c7610b567564794
resnet,independent_rms,43,bandpass_n20001_cRA_LL_electrode_s5,phase2/results/predictions/full/independent_rms/resnet/seed_43/bandpass_n20001_cRA_LL_electrode_s5.npz,76058,8f4ea98521ff10b76d99631c42dc05b4a5993b20b83d5e38fb217dae9cec69cd
resnet,independent_rms,43,bandpass_n20001_cRA_LL_electrode_s0,phase2/results/predictions/full/independent_rms/resnet/seed_43/bandpass_n20001_cRA_LL_electrode_s0.npz,75534,1dcb513f81d6cec1c9876bf24562ec289f927f5ae9902847d36a3efcae82df34
resnet,independent_rms,43,bandpass_n20001_cRA_LL_covariance_s20,phase2/results/predictions/full/independent_rms/resnet/seed_43/bandpass_n20001_cRA_LL_covariance_s20.npz,76460,dcc084ab88877dd65b88e3022f2e283466e327e18d050eaa4cfe27dfe793a457
resnet,independent_rms,43,bandpass_n20001_cRA_LL_covariance_s15,phase2/results/predictions/full/independent_rms/resnet/seed_43/bandpass_n20001_cRA_LL_covariance_s15.npz,76407,f0a8e3562b9d16e74ca7e6d2b70b9ced800f62ef26c6496a087013e5c7abce7a
resnet,independent_rms,43,bandpass_n20001_cRA_LL_covariance_s10,phase2/results/predictions/full/independent_rms/resnet/seed_43/bandpass_n20001_cRA_LL_covariance_s10.npz,76324,6d64c9fbf1d2c7b56aff37b8e576cf7afbac0f8c7ce1f5779c0625b6117731da
resnet,independent_rms,43,bandpass_n20001_cRA_LL_covariance_s5,phase2/results/predictions/full/independent_rms/resnet/seed_43/bandpass_n20001_cRA_LL_covariance_s5.npz,76060,9ba23d94a38f619e55dc44f9eedd3605f2c3c1aba33448190d3c7495e53720da
resnet,independent_rms,43,bandpass_n20001_cRA_LL_covariance_s0,phase2/results/predictions/full/independent_rms/resnet/seed_43/bandpass_n20001_cRA_LL_covariance_s0.npz,75502,b9857ee46c00d91268f10abd659b1c4ae8ff3be612bbda03b95b9c195635e1f8
resnet,independent_rms,43,bandpass_n20001_cRA_independent_rms_s20,phase2/results/predictions/full/independent_rms/resnet/seed_43/bandpass_n20001_cRA_independent_rms_s20.npz,76435,53a117132e59a67500391828a66404224de226e9ec5d5472de9570f5ca97962c
resnet,independent_rms,43,bandpass_n20001_cRA_independent_rms_s15,phase2/results/predictions/full/independent_rms/resnet/seed_43/bandpass_n20001_cRA_independent_rms_s15.npz,76476,6150e82f3ea05ec2262d5bced5d8d3acc3372f703983bace4ec99dd34bb5c6a2
resnet,independent_rms,43,bandpass_n20001_cRA_independent_rms_s10,phase2/results/predictions/full/independent_rms/resnet/seed_43/bandpass_n20001_cRA_independent_rms_s10.npz,76396,384cd6af1e134258c10d779bd0be13c6b81976a0439b609288fc20f6ac9d4932
resnet,independent_rms,43,bandpass_n20001_cRA_independent_rms_s5,phase2/results/predictions/full/independent_rms/resnet/seed_43/bandpass_n20001_cRA_independent_rms_s5.npz,76238,a8b3b3da4606a273f64c54aed4daced45b42d0d2059203335852e20612364b48
resnet,independent_rms,43,bandpass_n20001_cRA_independent_rms_s0,phase2/results/predictions/full/independent_rms/resnet/seed_43/bandpass_n20001_cRA_independent_rms_s0.npz,75934,a780c6be559a0fdb9054da588515432e34e03c33470665d15fb527b1202d052f
resnet,independent_rms,43,bandpass_n20001_cRA_electrode_s20,phase2/results/predictions/full/independent_rms/resnet/seed_43/bandpass_n20001_cRA_electrode_s20.npz,76443,88f2142b3bb3ce146a1a4b308c7f686d2632f6d1d002a653332af806f1d45a98
resnet,independent_rms,43,bandpass_n20001_cRA_electrode_s15,phase2/results/predictions/full/independent_rms/resnet/seed_43/bandpass_n20001_cRA_electrode_s15.npz,76424,b9a98e8bdad713868acb8615ee66ff2aa7c2381649c502fe0d548e34a1b8acd3
resnet,independent_rms,43,bandpass_n20001_cRA_electrode_s10,phase2/results/predictions/full/independent_rms/resnet/seed_43/bandpass_n20001_cRA_electrode_s10.npz,76317,474a25a9de6bdff8fe60a5e785f16d91cd6db455dcd5f6b601b74310e597bd7b
resnet,independent_rms,43,bandpass_n20001_cRA_electrode_s5,phase2/results/predictions/full/independent_rms/resnet/seed_43/bandpass_n20001_cRA_electrode_s5.npz,76094,c74c5d2d491ee37b27cf9d85b72e8142d9d97f1d6e8d1e3a8e7cb87c8f2e6bf2
resnet,independent_rms,43,bandpass_n20001_cRA_electrode_s0,phase2/results/predictions/full/independent_rms/resnet/seed_43/bandpass_n20001_cRA_electrode_s0.npz,75696,2ab2982954046bda7ef94d1e1c388abe6dd54d87aff88b0445a8b434b01b5a2a
resnet,independent_rms,43,bandpass_n20001_cRA_covariance_s20,phase2/results/predictions/full/independent_rms/resnet/seed_43/bandpass_n20001_cRA_covariance_s20.npz,76443,ed12efe605e0aea492d4c760c24c3cae4aace121d5c655633a7838e149ad771a
resnet,independent_rms,43,bandpass_n20001_cRA_covariance_s15,phase2/results/predictions/full/independent_rms/resnet/seed_43/bandpass_n20001_cRA_covariance_s15.npz,76429,602db1587cea069a5686130029fd14938e32569b556bd9d974a47b5d31cd5086
resnet,independent_rms,43,bandpass_n20001_cRA_covariance_s10,phase2/results/predictions/full/independent_rms/resnet/seed_43/bandpass_n20001_cRA_covariance_s10.npz,76317,095440f4be0cc850974f762a03f9e85c09553c3064aec24e59e1ec75122cbf4a
resnet,independent_rms,43,bandpass_n20001_cRA_covariance_s5,phase2/results/predictions/full/independent_rms/resnet/seed_43/bandpass_n20001_cRA_covariance_s5.npz,76103,1d697b3311bcdfa8d262a8732e833b8dcb4008cc743f239f5d4dcb5505c8e6e1
resnet,independent_rms,43,bandpass_n20001_cRA_covariance_s0,phase2/results/predictions/full/independent_rms/resnet/seed_43/bandpass_n20001_cRA_covariance_s0.npz,75655,579a1b0cb7348db02fb85d11b8cbe11acf07affe39920ddf535dc80ad434a2f3
resnet,independent_rms,43,bandpass_n20001_cLA_independent_rms_s20,phase2/results/predictions/full/independent_rms/resnet/seed_43/bandpass_n20001_cLA_independent_rms_s20.npz,76434,29d0d5b79cc42caefea00052f24a06f36a6737f30de402db1109dfae9b805a91
resnet,independent_rms,43,bandpass_n20001_cLA_independent_rms_s15,phase2/results/predictions/full/independent_rms/resnet/seed_43/bandpass_n20001_cLA_independent_rms_s15.npz,76441,4a41064b32180708dd4ca8d8f0dafab89e36e357f13b653b1806f00898ac0969
resnet,independent_rms,43,bandpass_n20001_cLA_independent_rms_s10,phase2/results/predictions/full/independent_rms/resnet/seed_43/bandpass_n20001_cLA_independent_rms_s10.npz,76400,793da64aefe65b7ec7f19aa2ce2977de65776567beef81f00188bcd6d069ab2c
resnet,independent_rms,43,bandpass_n20001_cLA_independent_rms_s5,phase2/results/predictions/full/independent_rms/resnet/seed_43/bandpass_n20001_cLA_independent_rms_s5.npz,76231,4ea75ee60eaeaaaaa2a8e0c4ff5443bd5cd84623f98a6f6394df7ccdb988ffb6
resnet,independent_rms,43,bandpass_n20001_cLA_independent_rms_s0,phase2/results/predictions/full/independent_rms/resnet/seed_43/bandpass_n20001_cLA_independent_rms_s0.npz,75856,a574bd30c38485ef45a0b87426afb192820302acd9fe94aa7bfb9d857659f473
resnet,independent_rms,43,bandpass_n20001_cLA_electrode_s20,phase2/results/predictions/full/independent_rms/resnet/seed_43/bandpass_n20001_cLA_electrode_s20.npz,76437,34747aee566de90f5167e0f373fe6a862777147d629bd568caeb91efe8849164
resnet,independent_rms,43,bandpass_n20001_cLA_electrode_s15,phase2/results/predictions/full/independent_rms/resnet/seed_43/bandpass_n20001_cLA_electrode_s15.npz,76455,8d30539e31573f62277eb098c90106a03537653364f463093d8487b2cf8c03e9
resnet,independent_rms,43,bandpass_n20001_cLA_electrode_s10,phase2/results/predictions/full/independent_rms/resnet/seed_43/bandpass_n20001_cLA_electrode_s10.npz,76356,9fea2dae155e6cb69191e6221143ac331a7f9560eb63b4891791fbd4ccd8b588
resnet,independent_rms,43,bandpass_n20001_cLA_electrode_s5,phase2/results/predictions/full/independent_rms/resnet/seed_43/bandpass_n20001_cLA_electrode_s5.npz,76157,1540f4a2cced7b33e83d0c0777058f2e4480bd0893321df922318f5e6aaa8817
resnet,independent_rms,43,bandpass_n20001_cLA_electrode_s0,phase2/results/predictions/full/independent_rms/resnet/seed_43/bandpass_n20001_cLA_electrode_s0.npz,75620,4fded3396b051f6923404b5524ec4828c3765b3b4375658dbb8f67b4c4df598d
resnet,independent_rms,43,bandpass_n20001_cLA_covariance_s20,phase2/results/predictions/full/independent_rms/resnet/seed_43/bandpass_n20001_cLA_covariance_s20.npz,76470,67c670d9430835e3f01b8d272817c60af665028dfe48706cff927d5f5db87820
resnet,independent_rms,43,bandpass_n20001_cLA_covariance_s15,phase2/results/predictions/full/independent_rms/resnet/seed_43/bandpass_n20001_cLA_covariance_s15.npz,76415,d49a094015b361d74649abeccc6f5fff72b4f04622d887281dec09eaf0288af3
resnet,independent_rms,43,bandpass_n20001_cLA_covariance_s10,phase2/results/predictions/full/independent_rms/resnet/seed_43/bandpass_n20001_cLA_covariance_s10.npz,76358,8351bb74d94e401b00804a88cb586c0834b1726ae668d3067265925acba59e91
resnet,independent_rms,43,bandpass_n20001_cLA_covariance_s5,phase2/results/predictions/full/independent_rms/resnet/seed_43/bandpass_n20001_cLA_covariance_s5.npz,76126,dfd5a1b39de8a3f4d0c916b535e560f0de8ea1f1968c7bba050e9095fcaf2b65
resnet,independent_rms,43,bandpass_n20001_cLA_covariance_s0,phase2/results/predictions/full/independent_rms/resnet/seed_43/bandpass_n20001_cLA_covariance_s0.npz,75646,2aa62d4d7bfc428fa206c60f69f3c077fcd1dc88ede3b3fcaca942544e08a324
resnet,independent_rms,43,bandpass_n20001_cLL_independent_rms_s20,phase2/results/predictions/full/independent_rms/resnet/seed_43/bandpass_n20001_cLL_independent_rms_s20.npz,76473,1550c7e0eca4a3d493d1774832bc9a4323457b9fa20bc188658d9479e89b2233
resnet,independent_rms,43,bandpass_n20001_cLL_independent_rms_s15,phase2/results/predictions/full/independent_rms/resnet/seed_43/bandpass_n20001_cLL_independent_rms_s15.npz,76438,0305b3012d8ef54fb7d47131bbc97301804da9b497b6aa26982de79053ec6dcb
resnet,independent_rms,43,bandpass_n20001_cLL_independent_rms_s10,phase2/results/predictions/full/independent_rms/resnet/seed_43/bandpass_n20001_cLL_independent_rms_s10.npz,76372,a24f6023841ed859a4da30f51671edcbbd4794922f098da9c2d5cafda829d215
resnet,independent_rms,43,bandpass_n20001_cLL_independent_rms_s5,phase2/results/predictions/full/independent_rms/resnet/seed_43/bandpass_n20001_cLL_independent_rms_s5.npz,76169,7ba033b5f32c5fe7753b584fda7c919cfe4f178e125ac9a39976001403aa73ad
resnet,independent_rms,43,bandpass_n20001_cLL_independent_rms_s0,phase2/results/predictions/full/independent_rms/resnet/seed_43/bandpass_n20001_cLL_independent_rms_s0.npz,75826,51b4041771a82af2704206403648a1530bc0ec258f810eb72c6f64ee4fd43ef3
resnet,independent_rms,43,bandpass_n20001_cLL_electrode_s20,phase2/results/predictions/full/independent_rms/resnet/seed_43/bandpass_n20001_cLL_electrode_s20.npz,76431,6a6c8e41a8996bfcdb29e5989d5902fcd4143d003eb9a5cb821b4eaf8aaaf3c5
resnet,independent_rms,43,bandpass_n20001_cLL_electrode_s15,phase2/results/predictions/full/independent_rms/resnet/seed_43/bandpass_n20001_cLL_electrode_s15.npz,76413,cce03edd671bf8d45c484c3123ea251d8663cc560d2f27b7480b01fa28be2802
resnet,independent_rms,43,bandpass_n20001_cLL_electrode_s10,phase2/results/predictions/full/independent_rms/resnet/seed_43/bandpass_n20001_cLL_electrode_s10.npz,76276,e4791252cf5f319b605d4014f3ca404f9c1e3f1325af9f1f807d8b369e533391
resnet,independent_rms,43,bandpass_n20001_cLL_electrode_s5,phase2/results/predictions/full/independent_rms/resnet/seed_43/bandpass_n20001_cLL_electrode_s5.npz,76033,dd294b0564345703e2e079cda262bc72832082e3ca9a5793f5a53b61794d990f
resnet,independent_rms,43,bandpass_n20001_cLL_electrode_s0,phase2/results/predictions/full/independent_rms/resnet/seed_43/bandpass_n20001_cLL_electrode_s0.npz,75697,3f02aa607538b0c66d009e4f627fbf132743edcb10319baa40ea4409ea131ae2
resnet,independent_rms,43,bandpass_n20001_cLL_covariance_s20,phase2/results/predictions/full/independent_rms/resnet/seed_43/bandpass_n20001_cLL_covariance_s20.npz,76422,31d6f5c5a09500cc55b95a5357174a87d3e9090037b31eb7c8afafc1d6ef217f
resnet,independent_rms,43,bandpass_n20001_cLL_covariance_s15,phase2/results/predictions/full/independent_rms/resnet/seed_43/bandpass_n20001_cLL_covariance_s15.npz,76384,ff4a52f3b37fcfea0c0fef3808d4cf2c622031a981aefad54df4b8e102362e42
resnet,independent_rms,43,bandpass_n20001_cLL_covariance_s10,phase2/results/predictions/full/independent_rms/resnet/seed_43/bandpass_n20001_cLL_covariance_s10.npz,76284,5ba600cc2f11564baa619477cbeb8d7928aa55781ca0d56b59ab4412fdb2bdaf
resnet,independent_rms,43,bandpass_n20001_cLL_covariance_s5,phase2/results/predictions/full/independent_rms/resnet/seed_43/bandpass_n20001_cLL_covariance_s5.npz,76016,ec4f33f9b4f16b9bc31c24d5d377d6c21affcea96543446cffcd38579715cee6
resnet,independent_rms,43,bandpass_n20001_cLL_covariance_s0,phase2/results/predictions/full/independent_rms/resnet/seed_43/bandpass_n20001_cLL_covariance_s0.npz,75710,e96c89ae2eec8d100bf178dd9f8119eb23ff0b3cf6f8d1e4ac0d533019b3ec25
resnet,independent_rms,43,bandpass_n20001_cRA_V1_independent_rms_s20,phase2/results/predictions/full/independent_rms/resnet/seed_43/bandpass_n20001_cRA_V1_independent_rms_s20.npz,76485,ac687ffcb11c359ce3418cc300dbd7d921cdf7f35bb7cb9af0bae3cf9aeee7be
resnet,independent_rms,43,bandpass_n20001_cRA_V1_independent_rms_s15,phase2/results/predictions/full/independent_rms/resnet/seed_43/bandpass_n20001_cRA_V1_independent_rms_s15.npz,76489,3ff7f9ffcc32da5e16a457d939d1ca90023e172a1d0ccfc228c2b012ee492e79
resnet,independent_rms,43,bandpass_n20001_cRA_V1_independent_rms_s10,phase2/results/predictions/full/independent_rms/resnet/seed_43/bandpass_n20001_cRA_V1_independent_rms_s10.npz,76425,052b225286b9376c52d2a8c8c81d2bdd17f800431af15b6b0fd438e72e73ad4e
resnet,independent_rms,43,bandpass_n20001_cRA_V1_independent_rms_s5,phase2/results/predictions/full/independent_rms/resnet/seed_43/bandpass_n20001_cRA_V1_independent_rms_s5.npz,76257,e873a14ad3d22e7254439e3a1b9d6456f4725dc668b1b4e00aca21adc6a368cb
resnet,independent_rms,43,bandpass_n20001_cRA_V1_independent_rms_s0,phase2/results/predictions/full/independent_rms/resnet/seed_43/bandpass_n20001_cRA_V1_independent_rms_s0.npz,75901,207ca72aeb06cd5d8ccf7c69781ad6d70bc734fb585e780c8343ee2fb0457fee
resnet,independent_rms,43,bandpass_n20001_cRA_V1_electrode_s20,phase2/results/predictions/full/independent_rms/resnet/seed_43/bandpass_n20001_cRA_V1_electrode_s20.npz,76458,d0c17b036281e142e7a6521b263084a855585d1a0803cfe93aa083fbd4ce848e
resnet,independent_rms,43,bandpass_n20001_cRA_V1_electrode_s15,phase2/results/predictions/full/independent_rms/resnet/seed_43/bandpass_n20001_cRA_V1_electrode_s15.npz,76455,3cc81967bd84c179e0c3fab2491ba34a192ca3080201491ff5b907a67b8512f0
resnet,independent_rms,43,bandpass_n20001_cRA_V1_electrode_s10,phase2/results/predictions/full/independent_rms/resnet/seed_43/bandpass_n20001_cRA_V1_electrode_s10.npz,76329,7a2916f10b07e9e0b140870eebb6f076dbf9e6b55949998a0c2da2007725ad50
resnet,independent_rms,43,bandpass_n20001_cRA_V1_electrode_s5,phase2/results/predictions/full/independent_rms/resnet/seed_43/bandpass_n20001_cRA_V1_electrode_s5.npz,76133,1075d538e0ce3bd4947a8c042ed291b2edf0d90eb6923db8ba7ba6100aeb9272
resnet,independent_rms,43,bandpass_n20001_cRA_V1_electrode_s0,phase2/results/predictions/full/independent_rms/resnet/seed_43/bandpass_n20001_cRA_V1_electrode_s0.npz,75735,e9094aa2a28927f9d2bc64f722f202f5352a707c669aa37cd5149c373c30c018
resnet,independent_rms,43,bandpass_n20001_cRA_V1_covariance_s20,phase2/results/predictions/full/independent_rms/resnet/seed_43/bandpass_n20001_cRA_V1_covariance_s20.npz,76436,458a3ec29b893555480fab64a9926ad3f6354635406da14b9acdc86c640de7d6
resnet,independent_rms,43,bandpass_n20001_cRA_V1_covariance_s15,phase2/results/predictions/full/independent_rms/resnet/seed_43/bandpass_n20001_cRA_V1_covariance_s15.npz,76438,4034e54ffedf4ae99961a834edff939d557d81c4b8976d3946c5b8e140c248b4
resnet,independent_rms,43,bandpass_n20001_cRA_V1_covariance_s10,phase2/results/predictions/full/independent_rms/resnet/seed_43/bandpass_n20001_cRA_V1_covariance_s10.npz,76321,54bf0991923b904dded94780a7f2e8329a3adf6cbd5675ef1843e6400b5dbb1e
resnet,independent_rms,43,bandpass_n20001_cRA_V1_covariance_s5,phase2/results/predictions/full/independent_rms/resnet/seed_43/bandpass_n20001_cRA_V1_covariance_s5.npz,76121,43550b4777449f3c1c8bb106b72cdcd5035c6c1d56cde96913e60138dc244548
resnet,independent_rms,43,bandpass_n20001_cRA_V1_covariance_s0,phase2/results/predictions/full/independent_rms/resnet/seed_43/bandpass_n20001_cRA_V1_covariance_s0.npz,75707,be6f38dd85a21c5eefb5a895aa3fa364703c7007f5de491f5491aeaaa4e1218f
resnet,independent_rms,43,bandpass_n20001_cLA_V6_independent_rms_s20,phase2/results/predictions/full/independent_rms/resnet/seed_43/bandpass_n20001_cLA_V6_independent_rms_s20.npz,76429,ebb5a7dabc856d2984ca146984510ceb6bb9d38635591981a61dfbe0f6d47db0
resnet,independent_rms,43,bandpass_n20001_cLA_V6_independent_rms_s15,phase2/results/predictions/full/independent_rms/resnet/seed_43/bandpass_n20001_cLA_V6_independent_rms_s15.npz,76448,20bfd2c49575cf2686ebf79aa9a187d6d48404bb0d7931e8408ef491a237bffe
resnet,independent_rms,43,bandpass_n20001_cLA_V6_independent_rms_s10,phase2/results/predictions/full/independent_rms/resnet/seed_43/bandpass_n20001_cLA_V6_independent_rms_s10.npz,76408,5dd7bfb5e74e57b158bd85a78c3ec4bb3667753af6dcb30d4220e05d8bb7874b
resnet,independent_rms,43,bandpass_n20001_cLA_V6_independent_rms_s5,phase2/results/predictions/full/independent_rms/resnet/seed_43/bandpass_n20001_cLA_V6_independent_rms_s5.npz,76306,81ae16ddd91a216a4fde01a983c9e274636fc4b4aeb037ab68a18a8b6b874da6
resnet,independent_rms,43,bandpass_n20001_cLA_V6_independent_rms_s0,phase2/results/predictions/full/independent_rms/resnet/seed_43/bandpass_n20001_cLA_V6_independent_rms_s0.npz,75895,c9e32f772d44e6c2183a2814a9233724eba2879d3679b91e3a683666b363ad1e
resnet,independent_rms,43,bandpass_n20001_cLA_V6_electrode_s20,phase2/results/predictions/full/independent_rms/resnet/seed_43/bandpass_n20001_cLA_V6_electrode_s20.npz,76459,76159eaa6cc294121eec563110217f13b069e61a4cdf62c5ee8e01e179f8811e
resnet,independent_rms,43,bandpass_n20001_cLA_V6_electrode_s15,phase2/results/predictions/full/independent_rms/resnet/seed_43/bandpass_n20001_cLA_V6_electrode_s15.npz,76469,ba24cbb3b5e0a1f0a7daf53c8768e99adb75934cb95076519d984f5996d02f6a
resnet,independent_rms,43,bandpass_n20001_cLA_V6_electrode_s10,phase2/results/predictions/full/independent_rms/resnet/seed_43/bandpass_n20001_cLA_V6_electrode_s10.npz,76380,3f9674f294c3652905cfa60ff004ef8185b574e2af1d0d201035a9d133720fb5
resnet,independent_rms,43,bandpass_n20001_cLA_V6_electrode_s5,phase2/results/predictions/full/independent_rms/resnet/seed_43/bandpass_n20001_cLA_V6_electrode_s5.npz,76212,d4dc5421ecda5e5446c19d4c2aa646df84a2f20983bd64b8d6a951c6b658111f
resnet,independent_rms,43,bandpass_n20001_cLA_V6_electrode_s0,phase2/results/predictions/full/independent_rms/resnet/seed_43/bandpass_n20001_cLA_V6_electrode_s0.npz,75707,bd0915571341f85d55b342007000cb89d5f9355e25f3fd2f358b81ee89a1d423
resnet,independent_rms,43,bandpass_n20001_cLA_V6_covariance_s20,phase2/results/predictions/full/independent_rms/resnet/seed_43/bandpass_n20001_cLA_V6_covariance_s20.npz,76474,6ee53e4456d6cea9def98e065ed58bf5b1902aee8d78518ca65e566f68628a62
resnet,independent_rms,43,bandpass_n20001_cLA_V6_covariance_s15,phase2/results/predictions/full/independent_rms/resnet/seed_43/bandpass_n20001_cLA_V6_covariance_s15.npz,76434,136c1936ed4315f7588b027357c868bdec84dfae6c5a57bce01071b0a35dcf3a
resnet,independent_rms,43,bandpass_n20001_cLA_V6_covariance_s10,phase2/results/predictions/full/independent_rms/resnet/seed_43/bandpass_n20001_cLA_V6_covariance_s10.npz,76404,ca9235b655be0fa3493e4b0618b7f97c9d8d51ca5211ae0e120d4ea3c367918a
resnet,independent_rms,43,bandpass_n20001_cLA_V6_covariance_s5,phase2/results/predictions/full/independent_rms/resnet/seed_43/bandpass_n20001_cLA_V6_covariance_s5.npz,76165,64a6eb2df0b5fd8e0f1eeb1d73c428c1a040a3dfe53f069b3d113c508ae1c448
resnet,independent_rms,43,bandpass_n20001_cLA_V6_covariance_s0,phase2/results/predictions/full/independent_rms/resnet/seed_43/bandpass_n20001_cLA_V6_covariance_s0.npz,75707,5c74cfbed8d619d98bb98f8b9abcfeac2988c384d01d683ea3c089a48e596134
resnet,independent_rms,43,bandpass_n20001_cLL_V4_independent_rms_s20,phase2/results/predictions/full/independent_rms/resnet/seed_43/bandpass_n20001_cLL_V4_independent_rms_s20.npz,76449,6df49fc342712cd7092fb7fbe921d58253be6a6e260f76a2a2ba166356da44f0
resnet,independent_rms,43,bandpass_n20001_cLL_V4_independent_rms_s15,phase2/results/predictions/full/independent_rms/resnet/seed_43/bandpass_n20001_cLL_V4_independent_rms_s15.npz,76457,3a99a0f8b1462c01e710fcec832a5b41da01f011a4cdaea4c6d37b8691e2e65d
resnet,independent_rms,43,bandpass_n20001_cLL_V4_independent_rms_s10,phase2/results/predictions/full/independent_rms/resnet/seed_43/bandpass_n20001_cLL_V4_independent_rms_s10.npz,76397,06483c86dfb72451af080055971d1d6788e5850a96d842154313b496a780ac2e
resnet,independent_rms,43,bandpass_n20001_cLL_V4_independent_rms_s5,phase2/results/predictions/full/independent_rms/resnet/seed_43/bandpass_n20001_cLL_V4_independent_rms_s5.npz,76263,9728091d031662b9f233b8a43bc76cc0d5001653688d86f537592b3739d944bb
resnet,independent_rms,43,bandpass_n20001_cLL_V4_independent_rms_s0,phase2/results/predictions/full/independent_rms/resnet/seed_43/bandpass_n20001_cLL_V4_independent_rms_s0.npz,75859,db57b6b9fd6bd8c1756fe45d15807953534bb56a5965866f7f8cbfb22e2f669e
resnet,independent_rms,43,bandpass_n20001_cLL_V4_electrode_s20,phase2/results/predictions/full/independent_rms/resnet/seed_43/bandpass_n20001_cLL_V4_electrode_s20.npz,76436,696b507c4ffa793466660f829a30c4e0d008ae3af27f9ca6f94cd132c4bdd43c
resnet,independent_rms,43,bandpass_n20001_cLL_V4_electrode_s15,phase2/results/predictions/full/independent_rms/resnet/seed_43/bandpass_n20001_cLL_V4_electrode_s15.npz,76401,ca85fed667b8b2684270c3f94bc39a4fe0509e93ec05c97c64b868992f4eafb6
resnet,independent_rms,43,bandpass_n20001_cLL_V4_electrode_s10,phase2/results/predictions/full/independent_rms/resnet/seed_43/bandpass_n20001_cLL_V4_electrode_s10.npz,76321,85e906905396553bc8b48441ee08c648dc61d1c8a485671f3c0c0561608d2e5e
resnet,independent_rms,43,bandpass_n20001_cLL_V4_electrode_s5,phase2/results/predictions/full/independent_rms/resnet/seed_43/bandpass_n20001_cLL_V4_electrode_s5.npz,76078,3fb08cb0c20fe8468bece15e85da90c4e81a4cca561f39b251e29855ff22b986
resnet,independent_rms,43,bandpass_n20001_cLL_V4_electrode_s0,phase2/results/predictions/full/independent_rms/resnet/seed_43/bandpass_n20001_cLL_V4_electrode_s0.npz,75714,25c9361df143140b87b013adafa084ae19cf810d3bd4a9c0ba1c86f9a90f041e
resnet,independent_rms,43,bandpass_n20001_cLL_V4_covariance_s20,phase2/results/predictions/full/independent_rms/resnet/seed_43/bandpass_n20001_cLL_V4_covariance_s20.npz,76456,86cbff7c898d29dd64807df911dec493b4e7a608c4f84a1855275ef615e3d022
resnet,independent_rms,43,bandpass_n20001_cLL_V4_covariance_s15,phase2/results/predictions/full/independent_rms/resnet/seed_43/bandpass_n20001_cLL_V4_covariance_s15.npz,76401,ac4ba513124243d6a7a1caf7fc45a5658112569f2afce255b7294ae9faf1658b
resnet,independent_rms,43,bandpass_n20001_cLL_V4_covariance_s10,phase2/results/predictions/full/independent_rms/resnet/seed_43/bandpass_n20001_cLL_V4_covariance_s10.npz,76285,97495b8e6e40b1fd1320c5cf4d8a48eccaee579a5d10b366c0c3ee549b81ce62
resnet,independent_rms,43,bandpass_n20001_cLL_V4_covariance_s5,phase2/results/predictions/full/independent_rms/resnet/seed_43/bandpass_n20001_cLL_V4_covariance_s5.npz,76069,6cda7c9c9aa698c66b29a38243f626317dc0bed6c419b19221521e3673d2c175
resnet,independent_rms,43,bandpass_n20001_cLL_V4_covariance_s0,phase2/results/predictions/full/independent_rms/resnet/seed_43/bandpass_n20001_cLL_V4_covariance_s0.npz,75710,616f6ea1a606f8d3caa516e8af3e9133b68111b2cbb268131601a1dd574a82b7
resnet,independent_rms,43,bandpass_n20001_cRA_LA_V1_V6_independent_rms_s20,phase2/results/predictions/full/independent_rms/resnet/seed_43/bandpass_n20001_cRA_LA_V1_V6_independent_rms_s20.npz,76501,97035837573176376ccf88182cc967946b357820a1b47e51b29bb0e51e6126aa
resnet,independent_rms,43,bandpass_n20001_cRA_LA_V1_V6_independent_rms_s15,phase2/results/predictions/full/independent_rms/resnet/seed_43/bandpass_n20001_cRA_LA_V1_V6_independent_rms_s15.npz,76468,67b0b4a0984f360761d878c628373070ed6c0d77dfa8fc137296ee3fdeb2bf47
resnet,independent_rms,43,bandpass_n20001_cRA_LA_V1_V6_independent_rms_s10,phase2/results/predictions/full/independent_rms/resnet/seed_43/bandpass_n20001_cRA_LA_V1_V6_independent_rms_s10.npz,76465,92ecc317b7bb9ae4b5699b30306d12ed5000da5b625675699486cf6dc6ca4ddd
resnet,independent_rms,43,bandpass_n20001_cRA_LA_V1_V6_independent_rms_s5,phase2/results/predictions/full/independent_rms/resnet/seed_43/bandpass_n20001_cRA_LA_V1_V6_independent_rms_s5.npz,76252,7711d463cba06543ca7c7232ebf3b6a3024c01fe1e6c63b4d13c04db0b9b8e42
resnet,independent_rms,43,bandpass_n20001_cRA_LA_V1_V6_independent_rms_s0,phase2/results/predictions/full/independent_rms/resnet/seed_43/bandpass_n20001_cRA_LA_V1_V6_independent_rms_s0.npz,75901,3b81ff535772e349d5747484569b1e9bbae3532b4c1c343eca79651a3fb04dce
resnet,independent_rms,43,bandpass_n20001_cRA_LA_V1_V6_electrode_s20,phase2/results/predictions/full/independent_rms/resnet/seed_43/bandpass_n20001_cRA_LA_V1_V6_electrode_s20.npz,76463,d1d8f5df2b4b2ec17dc681ef8b4a4f35bc8d5dc502f1db62a242959130f7a2aa
resnet,independent_rms,43,bandpass_n20001_cRA_LA_V1_V6_electrode_s15,phase2/results/predictions/full/independent_rms/resnet/seed_43/bandpass_n20001_cRA_LA_V1_V6_electrode_s15.npz,76431,56065394376b91b803f50239db80d70a601bea97706628611fdde2855407be39
resnet,independent_rms,43,bandpass_n20001_cRA_LA_V1_V6_electrode_s10,phase2/results/predictions/full/independent_rms/resnet/seed_43/bandpass_n20001_cRA_LA_V1_V6_electrode_s10.npz,76372,0aa93ae035da8e23ed40c9e8b0a12b9c066d9e6decc62c1ef44f9b113a69739d
resnet,independent_rms,43,bandpass_n20001_cRA_LA_V1_V6_electrode_s5,phase2/results/predictions/full/independent_rms/resnet/seed_43/bandpass_n20001_cRA_LA_V1_V6_electrode_s5.npz,76137,9d89513c7f0cef8868677c694022210022967a86959abc61afae33a17b69369b
resnet,independent_rms,43,bandpass_n20001_cRA_LA_V1_V6_electrode_s0,phase2/results/predictions/full/independent_rms/resnet/seed_43/bandpass_n20001_cRA_LA_V1_V6_electrode_s0.npz,75692,09574166dcf39d21352691ca950398998ec66ba5d6404774f4af5031a943af75
resnet,independent_rms,43,bandpass_n20001_cRA_LA_V1_V6_covariance_s20,phase2/results/predictions/full/independent_rms/resnet/seed_43/bandpass_n20001_cRA_LA_V1_V6_covariance_s20.npz,76484,3942303c10489596ac5f4974e404af45d2ef0cd8f24e1b7315e34b5d8bc13b71
resnet,independent_rms,43,bandpass_n20001_cRA_LA_V1_V6_covariance_s15,phase2/results/predictions/full/independent_rms/resnet/seed_43/bandpass_n20001_cRA_LA_V1_V6_covariance_s15.npz,76458,490064b432d290cad811e043ba33a02262cdc2f3f74d0a3dc4e42124f6fa232e
resnet,independent_rms,43,bandpass_n20001_cRA_LA_V1_V6_covariance_s10,phase2/results/predictions/full/independent_rms/resnet/seed_43/bandpass_n20001_cRA_LA_V1_V6_covariance_s10.npz,76399,5e164dc4a0eacabbe2418e87d0a2820ce88948b56432b8256d6bad5b2abe5fc3
resnet,independent_rms,43,bandpass_n20001_cRA_LA_V1_V6_covariance_s5,phase2/results/predictions/full/independent_rms/resnet/seed_43/bandpass_n20001_cRA_LA_V1_V6_covariance_s5.npz,76169,40db86899881a5df58fb0eaf94a67301d2a5fe8d223ce64de6d5136452a8736a
resnet,independent_rms,43,bandpass_n20001_cRA_LA_V1_V6_covariance_s0,phase2/results/predictions/full/independent_rms/resnet/seed_43/bandpass_n20001_cRA_LA_V1_V6_covariance_s0.npz,75702,9ad054e8f51a79f3842615768c6c177e3836342b6e700e0ace6a7afe26c31ee3
resnet,independent_rms,43,bandpass_n20001_cRA_V2_V5_independent_rms_s20,phase2/results/predictions/full/independent_rms/resnet/seed_43/bandpass_n20001_cRA_V2_V5_independent_rms_s20.npz,76458,a99a11b29135d21d3e05501e12dac14e40cc442b1638630ae9bc30144ad96d42
resnet,independent_rms,43,bandpass_n20001_cRA_V2_V5_independent_rms_s15,phase2/results/predictions/full/independent_rms/resnet/seed_43/bandpass_n20001_cRA_V2_V5_independent_rms_s15.npz,76451,ede02419fc6621627741c495324e26ca2272ece977fc67549f56039e78ebcf5a
resnet,independent_rms,43,bandpass_n20001_cRA_V2_V5_independent_rms_s10,phase2/results/predictions/full/independent_rms/resnet/seed_43/bandpass_n20001_cRA_V2_V5_independent_rms_s10.npz,76420,0d411985532caace3c09afdcfee707b1348d79bd8c41d6882ad44641ed933756
resnet,independent_rms,43,bandpass_n20001_cRA_V2_V5_independent_rms_s5,phase2/results/predictions/full/independent_rms/resnet/seed_43/bandpass_n20001_cRA_V2_V5_independent_rms_s5.npz,76255,1ff17731519e767b252e022029ece8d84527502e0844c5fc0ac1568e2014aa5a
resnet,independent_rms,43,bandpass_n20001_cRA_V2_V5_independent_rms_s0,phase2/results/predictions/full/independent_rms/resnet/seed_43/bandpass_n20001_cRA_V2_V5_independent_rms_s0.npz,75923,879cd9db9e8fe83b065644ac57c0a7256a34cbf26a8a0198d5d39ecbda4b423a
resnet,independent_rms,43,bandpass_n20001_cRA_V2_V5_electrode_s20,phase2/results/predictions/full/independent_rms/resnet/seed_43/bandpass_n20001_cRA_V2_V5_electrode_s20.npz,76449,88bf7389aa2014d421586513c6094429ff886faee18e2b4cc6d9ed3b607b3418
resnet,independent_rms,43,bandpass_n20001_cRA_V2_V5_electrode_s15,phase2/results/predictions/full/independent_rms/resnet/seed_43/bandpass_n20001_cRA_V2_V5_electrode_s15.npz,76464,1f40c0f0c837352c555924a2708f20f35d7beb30275ad18afd4e227f49b4e26f
resnet,independent_rms,43,bandpass_n20001_cRA_V2_V5_electrode_s10,phase2/results/predictions/full/independent_rms/resnet/seed_43/bandpass_n20001_cRA_V2_V5_electrode_s10.npz,76364,12daa52224b0057e583ba37d761d39195637fe17758f95ea3000fbf696925246
resnet,independent_rms,43,bandpass_n20001_cRA_V2_V5_electrode_s5,phase2/results/predictions/full/independent_rms/resnet/seed_43/bandpass_n20001_cRA_V2_V5_electrode_s5.npz,76163,b40ce7ea0b3cc45bfe72cf07a48474e4b8a6f1938f0bfb9e2b3c7e92b37402d9
resnet,independent_rms,43,bandpass_n20001_cRA_V2_V5_electrode_s0,phase2/results/predictions/full/independent_rms/resnet/seed_43/bandpass_n20001_cRA_V2_V5_electrode_s0.npz,75783,124ffb9cde76674b7dec43c08c102aebc434aabfef0c954db223e8af57d3a925
resnet,independent_rms,43,bandpass_n20001_cRA_V2_V5_covariance_s20,phase2/results/predictions/full/independent_rms/resnet/seed_43/bandpass_n20001_cRA_V2_V5_covariance_s20.npz,76439,6485952f0c9ba6d95346951024d25ce5eec97961491bc70708c3ae36f4ba056d
resnet,independent_rms,43,bandpass_n20001_cRA_V2_V5_covariance_s15,phase2/results/predictions/full/independent_rms/resnet/seed_43/bandpass_n20001_cRA_V2_V5_covariance_s15.npz,76447,c96f7fff545c6d8fea8875d50e449a67e4de37c352fb7c2e902c401792e92f81
resnet,independent_rms,43,bandpass_n20001_cRA_V2_V5_covariance_s10,phase2/results/predictions/full/independent_rms/resnet/seed_43/bandpass_n20001_cRA_V2_V5_covariance_s10.npz,76380,7ed1149810c57aaa93a2cf0df1f3562ba2a4a7b3ecfe48bf93f9c8ea1d202709
resnet,independent_rms,43,bandpass_n20001_cRA_V2_V5_covariance_s5,phase2/results/predictions/full/independent_rms/resnet/seed_43/bandpass_n20001_cRA_V2_V5_covariance_s5.npz,76169,69b2f5111b66541d7b07a766b9d9a622e9be100ca7edbae1a3e678886243302b
resnet,independent_rms,43,bandpass_n20001_cRA_V2_V5_covariance_s0,phase2/results/predictions/full/independent_rms/resnet/seed_43/bandpass_n20001_cRA_V2_V5_covariance_s0.npz,75787,c3a06768ca87bc9f70d4fe1c6c214e5dd7c86692b4878c50fa070e66f1203147
resnet,independent_rms,43,bandpass_n20001_cLA_V3_V6_independent_rms_s20,phase2/results/predictions/full/independent_rms/resnet/seed_43/bandpass_n20001_cLA_V3_V6_independent_rms_s20.npz,76476,65a7e775adcd12b26a51f54ee2e9d75c74f0903da46f99dfd91be6928a29e8fb
resnet,independent_rms,43,bandpass_n20001_cLA_V3_V6_independent_rms_s15,phase2/results/predictions/full/independent_rms/resnet/seed_43/bandpass_n20001_cLA_V3_V6_independent_rms_s15.npz,76471,f8db83486388177f29768b2fee420ebd812b724e46190ef9c6a1abc9edef7edf
resnet,independent_rms,43,bandpass_n20001_cLA_V3_V6_independent_rms_s10,phase2/results/predictions/full/independent_rms/resnet/seed_43/bandpass_n20001_cLA_V3_V6_independent_rms_s10.npz,76423,359b8d972461e05f216a99c5facaaf910d185d295802a889153fc885ed476b27
resnet,independent_rms,43,bandpass_n20001_cLA_V3_V6_independent_rms_s5,phase2/results/predictions/full/independent_rms/resnet/seed_43/bandpass_n20001_cLA_V3_V6_independent_rms_s5.npz,76289,44f3f33ee79144f65bfa98c5a68f921036e2c695100fb92f4025b1334bbbf169
resnet,independent_rms,43,bandpass_n20001_cLA_V3_V6_independent_rms_s0,phase2/results/predictions/full/independent_rms/resnet/seed_43/bandpass_n20001_cLA_V3_V6_independent_rms_s0.npz,75906,2a24dd134cfb68170d2b4c80aa151c48d217b1e56fd9e6d9539c8b6bc4a18535
resnet,independent_rms,43,bandpass_n20001_cLA_V3_V6_electrode_s20,phase2/results/predictions/full/independent_rms/resnet/seed_43/bandpass_n20001_cLA_V3_V6_electrode_s20.npz,76446,e3d3cca76724adddedb5da88cbd251996f12302a0461ed8c536844bc82c63dfe
resnet,independent_rms,43,bandpass_n20001_cLA_V3_V6_electrode_s15,phase2/results/predictions/full/independent_rms/resnet/seed_43/bandpass_n20001_cLA_V3_V6_electrode_s15.npz,76434,bc323039c8c409a53427b54e03a143d25a06b6dc7643b920997ef5799a0ad83d
resnet,independent_rms,43,bandpass_n20001_cLA_V3_V6_electrode_s10,phase2/results/predictions/full/independent_rms/resnet/seed_43/bandpass_n20001_cLA_V3_V6_electrode_s10.npz,76377,4edea87f58a911d5154e5b2fa672651fb9c79664be8170647c46819b32804474
resnet,independent_rms,43,bandpass_n20001_cLA_V3_V6_electrode_s5,phase2/results/predictions/full/independent_rms/resnet/seed_43/bandpass_n20001_cLA_V3_V6_electrode_s5.npz,76205,9a6cc2e64217b66f3da025023564aa6b03fe55dd5abd418e9759864966567860
resnet,independent_rms,43,bandpass_n20001_cLA_V3_V6_electrode_s0,phase2/results/predictions/full/independent_rms/resnet/seed_43/bandpass_n20001_cLA_V3_V6_electrode_s0.npz,75755,98c79b079ed24f710222a3f12a1107aca529fb2d05ba5903189f03224646180a
resnet,independent_rms,43,bandpass_n20001_cLA_V3_V6_covariance_s20,phase2/results/predictions/full/independent_rms/resnet/seed_43/bandpass_n20001_cLA_V3_V6_covariance_s20.npz,76480,a7cef0e45404108ce8e33bd389c317cd2d1637330033a2909f5feb80564ab541
resnet,independent_rms,43,bandpass_n20001_cLA_V3_V6_covariance_s15,phase2/results/predictions/full/independent_rms/resnet/seed_43/bandpass_n20001_cLA_V3_V6_covariance_s15.npz,76439,e904ae4ec626fc903b9ca4a73dccacfcb83eea93f5900e86846780e0dd9a34fb
resnet,independent_rms,43,bandpass_n20001_cLA_V3_V6_covariance_s10,phase2/results/predictions/full/independent_rms/resnet/seed_43/bandpass_n20001_cLA_V3_V6_covariance_s10.npz,76404,a4fc14d8917bea99c2dc6c30c7e9b7ae9baa119677bacf62cd81201fd71466b5
resnet,independent_rms,43,bandpass_n20001_cLA_V3_V6_covariance_s5,phase2/results/predictions/full/independent_rms/resnet/seed_43/bandpass_n20001_cLA_V3_V6_covariance_s5.npz,76195,7c7d17070b621d3a7e2db1cb588e9b6b81493b4459ef79e43829ce3d685256ed
resnet,independent_rms,43,bandpass_n20001_cLA_V3_V6_covariance_s0,phase2/results/predictions/full/independent_rms/resnet/seed_43/bandpass_n20001_cLA_V3_V6_covariance_s0.npz,75755,26ba2cbde842e18419b8c26512481b7f1880719d81599ab7ea56167e852c8c2a
resnet,independent_rms,43,bandpass_n20001_cLL_V1_V4_independent_rms_s20,phase2/results/predictions/full/independent_rms/resnet/seed_43/bandpass_n20001_cLL_V1_V4_independent_rms_s20.npz,76492,cf8e983ec67e5a1581d78321637ff2b8adc434de75565576c0e50b31f2250acd
resnet,independent_rms,43,bandpass_n20001_cLL_V1_V4_independent_rms_s15,phase2/results/predictions/full/independent_rms/resnet/seed_43/bandpass_n20001_cLL_V1_V4_independent_rms_s15.npz,76456,e625b6a2ed5133fb4fbecd2151daec6fa427505c1aa5b44d445e5aa86c167e18
resnet,independent_rms,43,bandpass_n20001_cLL_V1_V4_independent_rms_s10,phase2/results/predictions/full/independent_rms/resnet/seed_43/bandpass_n20001_cLL_V1_V4_independent_rms_s10.npz,76402,92f28bb05ffcad7aaaf88579a0d0489cdc94e4b97d7a77bd0c943b98520e6559
resnet,independent_rms,43,bandpass_n20001_cLL_V1_V4_independent_rms_s5,phase2/results/predictions/full/independent_rms/resnet/seed_43/bandpass_n20001_cLL_V1_V4_independent_rms_s5.npz,76231,785060ea55676a49018b402204736c1c31b9db62090f7f6d72fdbcbb1935a051
resnet,independent_rms,43,bandpass_n20001_cLL_V1_V4_independent_rms_s0,phase2/results/predictions/full/independent_rms/resnet/seed_43/bandpass_n20001_cLL_V1_V4_independent_rms_s0.npz,75834,4cd4b39813b499e82c0ec2192e0d74e6304bd44e0636a38323c59335239d8011
resnet,independent_rms,43,bandpass_n20001_cLL_V1_V4_electrode_s20,phase2/results/predictions/full/independent_rms/resnet/seed_43/bandpass_n20001_cLL_V1_V4_electrode_s20.npz,76468,9fe0b39833371687b76da5f6209629dd83012f0521a5a12f7373d65699a126d5
resnet,independent_rms,43,bandpass_n20001_cLL_V1_V4_electrode_s15,phase2/results/predictions/full/independent_rms/resnet/seed_43/bandpass_n20001_cLL_V1_V4_electrode_s15.npz,76427,8f6ec647139fb088358482126beaa6a31efe1a8aca9e86a23b5ffb3d5b29dcfc
resnet,independent_rms,43,bandpass_n20001_cLL_V1_V4_electrode_s10,phase2/results/predictions/full/independent_rms/resnet/seed_43/bandpass_n20001_cLL_V1_V4_electrode_s10.npz,76313,a7765baa3fcba66de9b6b396c3542409f918935734d6eefa74df74efeeaf54f5
resnet,independent_rms,43,bandpass_n20001_cLL_V1_V4_electrode_s5,phase2/results/predictions/full/independent_rms/resnet/seed_43/bandpass_n20001_cLL_V1_V4_electrode_s5.npz,76078,f61391a9ff70d9dab8d505f59811cf1d879bca07286ea862616ea1573eec2b52
resnet,independent_rms,43,bandpass_n20001_cLL_V1_V4_electrode_s0,phase2/results/predictions/full/independent_rms/resnet/seed_43/bandpass_n20001_cLL_V1_V4_electrode_s0.npz,75668,b512b364fb2483c39a711f1361e321b5fa7524b4b7d63a2f2cf21decffd00264
resnet,independent_rms,43,bandpass_n20001_cLL_V1_V4_covariance_s20,phase2/results/predictions/full/independent_rms/resnet/seed_43/bandpass_n20001_cLL_V1_V4_covariance_s20.npz,76457,3e6449dcd041cddaea62453e0d4643bfeaf0bd1d64121e1c50155f73232d0ed4
resnet,independent_rms,43,bandpass_n20001_cLL_V1_V4_covariance_s15,phase2/results/predictions/full/independent_rms/resnet/seed_43/bandpass_n20001_cLL_V1_V4_covariance_s15.npz,76421,010e7fc0eb2d8631eaf140eeaf07617fd7e423fec6323cfb3eb19072bb93d96d
resnet,independent_rms,43,bandpass_n20001_cLL_V1_V4_covariance_s10,phase2/results/predictions/full/independent_rms/resnet/seed_43/bandpass_n20001_cLL_V1_V4_covariance_s10.npz,76337,a4c484989c7c9ecb13c0836b9804494793a8b43a3d7ad2c1206ab3d3ba8a2cc6
resnet,independent_rms,43,bandpass_n20001_cLL_V1_V4_covariance_s5,phase2/results/predictions/full/independent_rms/resnet/seed_43/bandpass_n20001_cLL_V1_V4_covariance_s5.npz,76065,cb93858307ad38091323e08244248ec2dc27c98c4e0fb40c7ef12fcd89d569ac
resnet,independent_rms,43,bandpass_n20001_cLL_V1_V4_covariance_s0,phase2/results/predictions/full/independent_rms/resnet/seed_43/bandpass_n20001_cLL_V1_V4_covariance_s0.npz,75693,7c89aa9936219b672fbaa4637d1611c149700e63da9815772c5ebcd5f0da3e48
resnet,independent_rms,43,bandpass_n20001_call_independent_rms_s20,phase2/results/predictions/full/independent_rms/resnet/seed_43/bandpass_n20001_call_independent_rms_s20.npz,76424,24db5dd9ac2e2efa6aa48c97f962ebe77b5717f4f488213b750b9a4cd02cdf07
resnet,independent_rms,43,bandpass_n20001_call_independent_rms_s15,phase2/results/predictions/full/independent_rms/resnet/seed_43/bandpass_n20001_call_independent_rms_s15.npz,76439,556e4e5fd213f73ac6f035fa2c9fd7e6b828d6f000425bc7a58ea491eaa776cc
resnet,independent_rms,43,bandpass_n20001_call_independent_rms_s10,phase2/results/predictions/full/independent_rms/resnet/seed_43/bandpass_n20001_call_independent_rms_s10.npz,76360,c7ca7cfce182e9001708324ecf2ca95c68ae30c196b1efe7a2dc43278ab2d90a
resnet,independent_rms,43,bandpass_n20001_call_independent_rms_s5,phase2/results/predictions/full/independent_rms/resnet/seed_43/bandpass_n20001_call_independent_rms_s5.npz,76203,81ac63bb7c1601fbbaeb9d853e90da724b6250b7f08779fa91b539a948f4ba0f
resnet,independent_rms,43,bandpass_n20001_call_independent_rms_s0,phase2/results/predictions/full/independent_rms/resnet/seed_43/bandpass_n20001_call_independent_rms_s0.npz,75874,13235e5ca88c483bf5fc380b93e41a6ba1848095b31c5ca0c25592b312addd8b
resnet,independent_rms,43,bandpass_n20001_call_electrode_s20,phase2/results/predictions/full/independent_rms/resnet/seed_43/bandpass_n20001_call_electrode_s20.npz,76420,2e9cb0c536e223ff2c4f3562d0acc3934f541c0c9496818e340e1b33f2808893
resnet,independent_rms,43,bandpass_n20001_call_electrode_s15,phase2/results/predictions/full/independent_rms/resnet/seed_43/bandpass_n20001_call_electrode_s15.npz,76404,285a831850d541cd4d5859292b433a101bb28e3d42cb496de8edc373990a95dd
resnet,independent_rms,43,bandpass_n20001_call_electrode_s10,phase2/results/predictions/full/independent_rms/resnet/seed_43/bandpass_n20001_call_electrode_s10.npz,76311,7b5c4c26257d58bad64220411bbcad6c68adebabfb3604c1091f5785fbe0f6cd
resnet,independent_rms,43,bandpass_n20001_call_electrode_s5,phase2/results/predictions/full/independent_rms/resnet/seed_43/bandpass_n20001_call_electrode_s5.npz,76133,95fa3a11ca4caa1ded2bded74402ecfce95b07b4a46e910def1a01a729c9752d
resnet,independent_rms,43,bandpass_n20001_call_electrode_s0,phase2/results/predictions/full/independent_rms/resnet/seed_43/bandpass_n20001_call_electrode_s0.npz,75624,0ffd6b7a8ee8178cf93b38a0fa9035979b9dc42e69643cb5a0791d236648ef2b
resnet,independent_rms,43,bandpass_n20001_call_covariance_s20,phase2/results/predictions/full/independent_rms/resnet/seed_43/bandpass_n20001_call_covariance_s20.npz,76431,198a800de5c3ce588d1f68655733534d4e39f3b5e79a74fa63f717e9216feec7
resnet,independent_rms,43,bandpass_n20001_call_covariance_s15,phase2/results/predictions/full/independent_rms/resnet/seed_43/bandpass_n20001_call_covariance_s15.npz,76397,da42515d0f91192175993a5ae2634fa6dd86ea68af16198d2b0b178f5f6be00e
resnet,independent_rms,43,bandpass_n20001_call_covariance_s10,phase2/results/predictions/full/independent_rms/resnet/seed_43/bandpass_n20001_call_covariance_s10.npz,76302,89a9efe632de0169dd236879dd55e14083d64064f699ed362d9a6bb4db219c21
resnet,independent_rms,43,bandpass_n20001_call_covariance_s5,phase2/results/predictions/full/independent_rms/resnet/seed_43/bandpass_n20001_call_covariance_s5.npz,76070,5a7d543641bd91715b9c10758ae1dc4d08f04031bb26377ba3370671c254d16c
resnet,independent_rms,43,bandpass_n20001_call_covariance_s0,phase2/results/predictions/full/independent_rms/resnet/seed_43/bandpass_n20001_call_covariance_s0.npz,75601,171829dfccb208d2fa65d132e820504ce705c78308e2dd9d609505018258a652
resnet,independent_rms,43,bandpass_n20002_cRA_LA_LL_independent_rms_s20,phase2/results/predictions/full/independent_rms/resnet/seed_43/bandpass_n20002_cRA_LA_LL_independent_rms_s20.npz,76464,cc771bc3b64166bf775181bcbb50daf5a8363b3975814a3b0285f680bc452fbf
resnet,independent_rms,43,bandpass_n20002_cRA_LA_LL_independent_rms_s15,phase2/results/predictions/full/independent_rms/resnet/seed_43/bandpass_n20002_cRA_LA_LL_independent_rms_s15.npz,76429,5090fc5ee521795f64a59ac6ae50148f85d46f49ab36aa877ebb6dc0bb57c979
resnet,independent_rms,43,bandpass_n20002_cRA_LA_LL_independent_rms_s10,phase2/results/predictions/full/independent_rms/resnet/seed_43/bandpass_n20002_cRA_LA_LL_independent_rms_s10.npz,76399,159d2f0b64c46deaa19f1c51b75ef0d6791df5e57935553560db304970f61a58
resnet,independent_rms,43,bandpass_n20002_cRA_LA_LL_independent_rms_s5,phase2/results/predictions/full/independent_rms/resnet/seed_43/bandpass_n20002_cRA_LA_LL_independent_rms_s5.npz,76239,95d17d4769dd193979bcd8137bdabd1968e5f0379266c510d51b305c64b4a901
resnet,independent_rms,43,bandpass_n20002_cRA_LA_LL_independent_rms_s0,phase2/results/predictions/full/independent_rms/resnet/seed_43/bandpass_n20002_cRA_LA_LL_independent_rms_s0.npz,75845,222feb983da177cf8dac14d0d74d442ff12ea986843269317fcff2aeeaa167a6
resnet,independent_rms,43,bandpass_n20002_cRA_LA_LL_electrode_s20,phase2/results/predictions/full/independent_rms/resnet/seed_43/bandpass_n20002_cRA_LA_LL_electrode_s20.npz,76420,e6b55671ace57e1274d6d3e4f95e800ef941adcb04e4e9cefaacd7d2d4caa459
resnet,independent_rms,43,bandpass_n20002_cRA_LA_LL_electrode_s15,phase2/results/predictions/full/independent_rms/resnet/seed_43/bandpass_n20002_cRA_LA_LL_electrode_s15.npz,76384,cd6ee8964c9c7fcc8a3c09b33c173cb94e7f7a9e7e08873e8d085f6581cf3abf
resnet,independent_rms,43,bandpass_n20002_cRA_LA_LL_electrode_s10,phase2/results/predictions/full/independent_rms/resnet/seed_43/bandpass_n20002_cRA_LA_LL_electrode_s10.npz,76292,e3269e87a2aa2286b32427661c58d8ae80e4c627087891490061476de0b3b61e
resnet,independent_rms,43,bandpass_n20002_cRA_LA_LL_electrode_s5,phase2/results/predictions/full/independent_rms/resnet/seed_43/bandpass_n20002_cRA_LA_LL_electrode_s5.npz,76046,e0263840d56fd6c5a3c1796afd0972bc4ac2e06fcf52ef55e24c1c3d67c34a54
resnet,independent_rms,43,bandpass_n20002_cRA_LA_LL_electrode_s0,phase2/results/predictions/full/independent_rms/resnet/seed_43/bandpass_n20002_cRA_LA_LL_electrode_s0.npz,75571,69fbad157f6f3262fa03ae8dbd5c4723210363b51535d810d017bf91a7fa51ef
resnet,independent_rms,43,bandpass_n20002_cRA_LA_LL_covariance_s20,phase2/results/predictions/full/independent_rms/resnet/seed_43/bandpass_n20002_cRA_LA_LL_covariance_s20.npz,76439,25654f91a124fcfaf3df440afb1bca60ff1ca30d9171ba1b04c1f77ecbd6a506
resnet,independent_rms,43,bandpass_n20002_cRA_LA_LL_covariance_s15,phase2/results/predictions/full/independent_rms/resnet/seed_43/bandpass_n20002_cRA_LA_LL_covariance_s15.npz,76361,f7d68d19b9d7c5e09fe23cc392e6a7674451a992e224daf4dd6ca877b31d73e8
resnet,independent_rms,43,bandpass_n20002_cRA_LA_LL_covariance_s10,phase2/results/predictions/full/independent_rms/resnet/seed_43/bandpass_n20002_cRA_LA_LL_covariance_s10.npz,76326,2e34c2855258f4ddb71b1a8a9e1b2eee4d0d75d5371ac1b7122d8d6be41f6b56
resnet,independent_rms,43,bandpass_n20002_cRA_LA_LL_covariance_s5,phase2/results/predictions/full/independent_rms/resnet/seed_43/bandpass_n20002_cRA_LA_LL_covariance_s5.npz,76056,e912fb7ba212b595b386f74ac51c1017921b590ce2c93664eb7d00e6de584be3
resnet,independent_rms,43,bandpass_n20002_cRA_LA_LL_covariance_s0,phase2/results/predictions/full/independent_rms/resnet/seed_43/bandpass_n20002_cRA_LA_LL_covariance_s0.npz,75574,47a26fea1aae0bc18b98b2fece6cefbc8b08831defdf57cfcaf80afc05521d2c
resnet,independent_rms,43,bandpass_n20002_cV1_independent_rms_s20,phase2/results/predictions/full/independent_rms/resnet/seed_43/bandpass_n20002_cV1_independent_rms_s20.npz,76427,a0d24409a91c6babbd13888d0cf71c7468b7002cff280e6e1f06a6ea0be9c87c
resnet,independent_rms,43,bandpass_n20002_cV1_independent_rms_s15,phase2/results/predictions/full/independent_rms/resnet/seed_43/bandpass_n20002_cV1_independent_rms_s15.npz,76444,50e7e136b96aab782fe8d28ae0a6f94df5932365b72ef009d6c4bd4a05f5be52
resnet,independent_rms,43,bandpass_n20002_cV1_independent_rms_s10,phase2/results/predictions/full/independent_rms/resnet/seed_43/bandpass_n20002_cV1_independent_rms_s10.npz,76380,2ed9e30670fd799ecce6967ea7a2f9389d8bb8e89c15d86a13bf66df03137ef7
resnet,independent_rms,43,bandpass_n20002_cV1_independent_rms_s5,phase2/results/predictions/full/independent_rms/resnet/seed_43/bandpass_n20002_cV1_independent_rms_s5.npz,76186,1bb96fa7c9ec3638b86a7d8a6e37d6d22052734af81a046d6a34188563bca3f5
resnet,independent_rms,43,bandpass_n20002_cV1_independent_rms_s0,phase2/results/predictions/full/independent_rms/resnet/seed_43/bandpass_n20002_cV1_independent_rms_s0.npz,75729,7375d6603f2d07c98937b57f770f4496477897af3f7f5bb4e850b019cee5a2cc
resnet,independent_rms,43,bandpass_n20002_cV1_electrode_s20,phase2/results/predictions/full/independent_rms/resnet/seed_43/bandpass_n20002_cV1_electrode_s20.npz,76428,39c61e009b8b7212db84c3d2bf66ed5757c583396e01d32c821fdfe48a407139
resnet,independent_rms,43,bandpass_n20002_cV1_electrode_s15,phase2/results/predictions/full/independent_rms/resnet/seed_43/bandpass_n20002_cV1_electrode_s15.npz,76417,fe95acb415bb577c37ea2146bf0f7b37abfd1177bbf4ac64903f7a8f99da1ab6
resnet,independent_rms,43,bandpass_n20002_cV1_electrode_s10,phase2/results/predictions/full/independent_rms/resnet/seed_43/bandpass_n20002_cV1_electrode_s10.npz,76372,d9b37f8b2d368cb5692b805bffb803742c31c03f9d3f5d6539d2190e5ca17cb6
resnet,independent_rms,43,bandpass_n20002_cV1_electrode_s5,phase2/results/predictions/full/independent_rms/resnet/seed_43/bandpass_n20002_cV1_electrode_s5.npz,76180,b50d2df5a999233f1cc77413104567ecdf4c6518418fd9b19109724bef093373
resnet,independent_rms,43,bandpass_n20002_cV1_electrode_s0,phase2/results/predictions/full/independent_rms/resnet/seed_43/bandpass_n20002_cV1_electrode_s0.npz,75731,e91589403ed2651753c961725a31d19df4ba0d419bf931d6992e384e00eec644
resnet,independent_rms,43,bandpass_n20002_cV1_covariance_s20,phase2/results/predictions/full/independent_rms/resnet/seed_43/bandpass_n20002_cV1_covariance_s20.npz,76423,5d40379341919d4a608a4dc0d33ba1e1580cf4f2b244fb41c53d3a9e9a7847ce
resnet,independent_rms,43,bandpass_n20002_cV1_covariance_s15,phase2/results/predictions/full/independent_rms/resnet/seed_43/bandpass_n20002_cV1_covariance_s15.npz,76430,b3ae6922a03f07208ddc431e0e6788bb1edc4c3bbfaafd55ddb165ccf5d84bd1
resnet,independent_rms,43,bandpass_n20002_cV1_covariance_s10,phase2/results/predictions/full/independent_rms/resnet/seed_43/bandpass_n20002_cV1_covariance_s10.npz,76355,9b4fdb99d835dc0a6632b5e432682dcd0010e9f6fca973eaa4f902c96904009a
resnet,independent_rms,43,bandpass_n20002_cV1_covariance_s5,phase2/results/predictions/full/independent_rms/resnet/seed_43/bandpass_n20002_cV1_covariance_s5.npz,76196,8466ffbf53362d89d8b11403f7f482795e06b0ef968fab1cde4eea49c204aca3
resnet,independent_rms,43,bandpass_n20002_cV1_covariance_s0,phase2/results/predictions/full/independent_rms/resnet/seed_43/bandpass_n20002_cV1_covariance_s0.npz,75734,d4b985c3ec92e8c1e5ccf7d9f4bb8fe67a5b4f9dfcd0a8f8eb9ac6f256bd60e2
resnet,independent_rms,43,bandpass_n20002_cV2_independent_rms_s20,phase2/results/predictions/full/independent_rms/resnet/seed_43/bandpass_n20002_cV2_independent_rms_s20.npz,76427,34217081b9e2a26a96913f8b7502d07f233029d261f790ed5d6313b2f65aefbd
resnet,independent_rms,43,bandpass_n20002_cV2_independent_rms_s15,phase2/results/predictions/full/independent_rms/resnet/seed_43/bandpass_n20002_cV2_independent_rms_s15.npz,76404,ab23e659fc60904c78b79d4af35e0db36548778f52482005867d75e2ec9171b4
resnet,independent_rms,43,bandpass_n20002_cV2_independent_rms_s10,phase2/results/predictions/full/independent_rms/resnet/seed_43/bandpass_n20002_cV2_independent_rms_s10.npz,76377,495e846c5e0b8084fb1a16f0e87d8281894ba55f94f1ffd5725f34e1b87c51fe
resnet,independent_rms,43,bandpass_n20002_cV2_independent_rms_s5,phase2/results/predictions/full/independent_rms/resnet/seed_43/bandpass_n20002_cV2_independent_rms_s5.npz,76246,255e4053646bbf448b794a5c1cffbcef4223c2b46f2fca3cb3906a8c580959f4
resnet,independent_rms,43,bandpass_n20002_cV2_independent_rms_s0,phase2/results/predictions/full/independent_rms/resnet/seed_43/bandpass_n20002_cV2_independent_rms_s0.npz,75863,7cc9db16c5bf0e2d10e0f0b0e1934919d3cd2bd468a1d450ca35575d45e2eae6
resnet,independent_rms,43,bandpass_n20002_cV2_electrode_s20,phase2/results/predictions/full/independent_rms/resnet/seed_43/bandpass_n20002_cV2_electrode_s20.npz,76435,032bd1586a73e11e95e16b1e1f807d432de9b69062771d7404edbafbcad70102
resnet,independent_rms,43,bandpass_n20002_cV2_electrode_s15,phase2/results/predictions/full/independent_rms/resnet/seed_43/bandpass_n20002_cV2_electrode_s15.npz,76431,a3785212ef0290e68baa36aa3a42855944ffdf4d43b41830dd69b904d5f70e9e
resnet,independent_rms,43,bandpass_n20002_cV2_electrode_s10,phase2/results/predictions/full/independent_rms/resnet/seed_43/bandpass_n20002_cV2_electrode_s10.npz,76388,839e1e3abd1d6df59b64b8c836e83f403dc8ba0fbf7905a80814a4f2557d7163
resnet,independent_rms,43,bandpass_n20002_cV2_electrode_s5,phase2/results/predictions/full/independent_rms/resnet/seed_43/bandpass_n20002_cV2_electrode_s5.npz,76225,7c225e26588d5dfeba292c96dc0f4c080fe9074478af075b63bba64d2a1111ba
resnet,independent_rms,43,bandpass_n20002_cV2_electrode_s0,phase2/results/predictions/full/independent_rms/resnet/seed_43/bandpass_n20002_cV2_electrode_s0.npz,75880,63315668d6615e9579f7b1cefd6cd3c296c40f5db3f070a20689d4997d0fcd5a
resnet,independent_rms,43,bandpass_n20002_cV2_covariance_s20,phase2/results/predictions/full/independent_rms/resnet/seed_43/bandpass_n20002_cV2_covariance_s20.npz,76425,2d867bd57cadee2fa32a62e29088963e8c625a97ae5a718e12d9d9c66f048333
resnet,independent_rms,43,bandpass_n20002_cV2_covariance_s15,phase2/results/predictions/full/independent_rms/resnet/seed_43/bandpass_n20002_cV2_covariance_s15.npz,76395,926f9cea6374ce929df4d85875de72abb3f14695f6e404fc4d8c16bb4acb876e
resnet,independent_rms,43,bandpass_n20002_cV2_covariance_s10,phase2/results/predictions/full/independent_rms/resnet/seed_43/bandpass_n20002_cV2_covariance_s10.npz,76401,9479d2d1a6e70d4843f4594376f679cb5ba5b45185e0bdeb49daa2ff42ce9ae9
resnet,independent_rms,43,bandpass_n20002_cV2_covariance_s5,phase2/results/predictions/full/independent_rms/resnet/seed_43/bandpass_n20002_cV2_covariance_s5.npz,76227,c776f908eeef38d696fbbd3fef3f1c2b367b893f77831521327d1646a69f18b7
resnet,independent_rms,43,bandpass_n20002_cV2_covariance_s0,phase2/results/predictions/full/independent_rms/resnet/seed_43/bandpass_n20002_cV2_covariance_s0.npz,75883,e5d772b60bfb5be8ef6d93f8a4cfd493b5f8f2ef69a1ec853ceaf3361704705d
resnet,independent_rms,43,bandpass_n20002_cV3_independent_rms_s20,phase2/results/predictions/full/independent_rms/resnet/seed_43/bandpass_n20002_cV3_independent_rms_s20.npz,76466,880055432be768a2d62bafa2465c5676ad0c4ee22c806e8548d2a4c855dad848
resnet,independent_rms,43,bandpass_n20002_cV3_independent_rms_s15,phase2/results/predictions/full/independent_rms/resnet/seed_43/bandpass_n20002_cV3_independent_rms_s15.npz,76473,29a2d51429e251aa1a23601311366f33582f0fb58dc98654622a910933f341c9
resnet,independent_rms,43,bandpass_n20002_cV3_independent_rms_s10,phase2/results/predictions/full/independent_rms/resnet/seed_43/bandpass_n20002_cV3_independent_rms_s10.npz,76413,08b8cf67ad1bff8bd80585b88cbf215a1c3872529bcc07760507cf4021bcbe93
resnet,independent_rms,43,bandpass_n20002_cV3_independent_rms_s5,phase2/results/predictions/full/independent_rms/resnet/seed_43/bandpass_n20002_cV3_independent_rms_s5.npz,76301,d47515949a6281ed4ed965ce2baab7c9178216fdaf050ea26599c18cf30f7e57
resnet,independent_rms,43,bandpass_n20002_cV3_independent_rms_s0,phase2/results/predictions/full/independent_rms/resnet/seed_43/bandpass_n20002_cV3_independent_rms_s0.npz,76009,33c0d3872f938733adbd57cd2eda7640b6214b1514a354b1ea3639b27f704a0b
resnet,independent_rms,43,bandpass_n20002_cV3_electrode_s20,phase2/results/predictions/full/independent_rms/resnet/seed_43/bandpass_n20002_cV3_electrode_s20.npz,76460,06e804571de0dbee4fee9ea307b088f6d1a36f45f621ee5ce415c4396539f3c6
resnet,independent_rms,43,bandpass_n20002_cV3_electrode_s15,phase2/results/predictions/full/independent_rms/resnet/seed_43/bandpass_n20002_cV3_electrode_s15.npz,76439,abeab8edcf70adfe321045c8f949cc7b415ab8af1aaa6db15ba2deef6deb93f5
resnet,independent_rms,43,bandpass_n20002_cV3_electrode_s10,phase2/results/predictions/full/independent_rms/resnet/seed_43/bandpass_n20002_cV3_electrode_s10.npz,76400,564b078da98d0330e1b87902d8ad79f5e45898474abe5a15255c90afc5c72ca7
resnet,independent_rms,43,bandpass_n20002_cV3_electrode_s5,phase2/results/predictions/full/independent_rms/resnet/seed_43/bandpass_n20002_cV3_electrode_s5.npz,76316,ff7a0fb5906a31dc208714e43c789c518300e7148786985010905cf866915227
resnet,independent_rms,43,bandpass_n20002_cV3_electrode_s0,phase2/results/predictions/full/independent_rms/resnet/seed_43/bandpass_n20002_cV3_electrode_s0.npz,76010,9e150e74556646e61fd172f67297c6022fa3e06f3ea7eb971e0b613e1b5328e0
resnet,independent_rms,43,bandpass_n20002_cV3_covariance_s20,phase2/results/predictions/full/independent_rms/resnet/seed_43/bandpass_n20002_cV3_covariance_s20.npz,76449,f81ff27aa5c2eb8ccc123b536e2328f6d592393f09e4f419b84900c5ab9e8b4f
resnet,independent_rms,43,bandpass_n20002_cV3_covariance_s15,phase2/results/predictions/full/independent_rms/resnet/seed_43/bandpass_n20002_cV3_covariance_s15.npz,76470,4558d72264f0f13859186a095084701c76c5e5fd25b3a85342a33a877e197bf6
resnet,independent_rms,43,bandpass_n20002_cV3_covariance_s10,phase2/results/predictions/full/independent_rms/resnet/seed_43/bandpass_n20002_cV3_covariance_s10.npz,76455,3f55defa601e8067611bd7560afdc1717a80abce8027c12757319add15e31108
resnet,independent_rms,43,bandpass_n20002_cV3_covariance_s5,phase2/results/predictions/full/independent_rms/resnet/seed_43/bandpass_n20002_cV3_covariance_s5.npz,76297,f0c0ada6be6b4ff9847d1789b2d5b0918d0450b9736ceb0b85f8173a1236311d
resnet,independent_rms,43,bandpass_n20002_cV3_covariance_s0,phase2/results/predictions/full/independent_rms/resnet/seed_43/bandpass_n20002_cV3_covariance_s0.npz,75998,58330340690fb9ea13e7d9e8525eee061cce526d431ed6ffff3ed2466e91e90e
resnet,independent_rms,43,bandpass_n20002_cV4_independent_rms_s20,phase2/results/predictions/full/independent_rms/resnet/seed_43/bandpass_n20002_cV4_independent_rms_s20.npz,76431,74e2f1ea71bcf2b1afed3b5d89d49a83e3d969e3b134d218ac4a85125adf33e8
resnet,independent_rms,43,bandpass_n20002_cV4_independent_rms_s15,phase2/results/predictions/full/independent_rms/resnet/seed_43/bandpass_n20002_cV4_independent_rms_s15.npz,76429,7834cb09dd0a2f1e8cda6cb5693baf16d5080d6fbb9c6acf012b9b09d3a5ca4e
resnet,independent_rms,43,bandpass_n20002_cV4_independent_rms_s10,phase2/results/predictions/full/independent_rms/resnet/seed_43/bandpass_n20002_cV4_independent_rms_s10.npz,76399,7000048f490cc3ce1fd1c1d34e6780489b3a8643f09a323f2f3192b061263d40
resnet,independent_rms,43,bandpass_n20002_cV4_independent_rms_s5,phase2/results/predictions/full/independent_rms/resnet/seed_43/bandpass_n20002_cV4_independent_rms_s5.npz,76288,085985b189452c2c6e3d0dc363fd24d345b71ef10fe17738d5709ff061c33e0b
resnet,independent_rms,43,bandpass_n20002_cV4_independent_rms_s0,phase2/results/predictions/full/independent_rms/resnet/seed_43/bandpass_n20002_cV4_independent_rms_s0.npz,75992,c3121b5aded70242b1840f5bda810dd9b499c06f6cb24bc714c9ff7d75054bc6
resnet,independent_rms,43,bandpass_n20002_cV4_electrode_s20,phase2/results/predictions/full/independent_rms/resnet/seed_43/bandpass_n20002_cV4_electrode_s20.npz,76428,a76bdb2bebfa89563ea51d0b02cd0da5fe4b0bed6df8eefed57429efcfdcfeba
resnet,independent_rms,43,bandpass_n20002_cV4_electrode_s15,phase2/results/predictions/full/independent_rms/resnet/seed_43/bandpass_n20002_cV4_electrode_s15.npz,76439,b2e776d39cc3e03638dead82c6adf5e01c3c8034a4669f099eb1f28be04036ce
resnet,independent_rms,43,bandpass_n20002_cV4_electrode_s10,phase2/results/predictions/full/independent_rms/resnet/seed_43/bandpass_n20002_cV4_electrode_s10.npz,76366,55f676af0854edd9f6365c3c066c0512cdfbbc286dd558b7f46e5e1c29d2926d
resnet,independent_rms,43,bandpass_n20002_cV4_electrode_s5,phase2/results/predictions/full/independent_rms/resnet/seed_43/bandpass_n20002_cV4_electrode_s5.npz,76268,76da121c4c8f0b7a365698545ce93a0280d3389778b2ce001318559a0b121356
resnet,independent_rms,43,bandpass_n20002_cV4_electrode_s0,phase2/results/predictions/full/independent_rms/resnet/seed_43/bandpass_n20002_cV4_electrode_s0.npz,76013,2fc64d2668ec05f90aa1dcb7b9c45622f39ded380c136946cf8ce6938a240487
resnet,independent_rms,43,bandpass_n20002_cV4_covariance_s20,phase2/results/predictions/full/independent_rms/resnet/seed_43/bandpass_n20002_cV4_covariance_s20.npz,76418,8b34904207d210e6bdcb5ce2e9743e6502207e202e33c94c64d3a7ed62cfcdd4
resnet,independent_rms,43,bandpass_n20002_cV4_covariance_s15,phase2/results/predictions/full/independent_rms/resnet/seed_43/bandpass_n20002_cV4_covariance_s15.npz,76430,a65713834c031da050a46deb0b65b2f0af65d4e2835145fc8c0c7ddd64f881e8
resnet,independent_rms,43,bandpass_n20002_cV4_covariance_s10,phase2/results/predictions/full/independent_rms/resnet/seed_43/bandpass_n20002_cV4_covariance_s10.npz,76397,2536fbccfe0565723d2aeaea8965c42a731eec94adb5534bdafd22b1dde9831a
resnet,independent_rms,43,bandpass_n20002_cV4_covariance_s5,phase2/results/predictions/full/independent_rms/resnet/seed_43/bandpass_n20002_cV4_covariance_s5.npz,76287,5a4728e2c20e0c848858ad2c81d65e1d441714b898382786650f29c43c72b634
resnet,independent_rms,43,bandpass_n20002_cV4_covariance_s0,phase2/results/predictions/full/independent_rms/resnet/seed_43/bandpass_n20002_cV4_covariance_s0.npz,75997,d1687f9ac4f7a9bc4fd4c1a1c7c14baa2f2a539808ff3817d93d16fbb10f4d3a
resnet,independent_rms,43,bandpass_n20002_cV5_independent_rms_s20,phase2/results/predictions/full/independent_rms/resnet/seed_43/bandpass_n20002_cV5_independent_rms_s20.npz,76421,3656d54db0638818f55314af8c9d1b4a62e5c50917a1c08f21f17ac2df0980c3
resnet,independent_rms,43,bandpass_n20002_cV5_independent_rms_s15,phase2/results/predictions/full/independent_rms/resnet/seed_43/bandpass_n20002_cV5_independent_rms_s15.npz,76422,aa9f16c132ec079244366383b0289ea7071946fc8244ff836a66eb9c8349fb54
resnet,independent_rms,43,bandpass_n20002_cV5_independent_rms_s10,phase2/results/predictions/full/independent_rms/resnet/seed_43/bandpass_n20002_cV5_independent_rms_s10.npz,76374,b7eee21c4ca3fc92ef186bd94ac1904dbee3a3814627e112f488e438c61b1de8
resnet,independent_rms,43,bandpass_n20002_cV5_independent_rms_s5,phase2/results/predictions/full/independent_rms/resnet/seed_43/bandpass_n20002_cV5_independent_rms_s5.npz,76200,dc13e1503750f31d86f0a88f9ccabf745e080d04f2b48c199e190b5ad5836ee4
resnet,independent_rms,43,bandpass_n20002_cV5_independent_rms_s0,phase2/results/predictions/full/independent_rms/resnet/seed_43/bandpass_n20002_cV5_independent_rms_s0.npz,75950,594d1ba642f3d5197e92c89f04c3641ac08cfa2f8e4091d4ec7dad3aee150ddf
resnet,independent_rms,43,bandpass_n20002_cV5_electrode_s20,phase2/results/predictions/full/independent_rms/resnet/seed_43/bandpass_n20002_cV5_electrode_s20.npz,76426,992ca9c0d9c425b0a06f35c14f719f8861fedd92dae4f58b00a94c326e759adf
resnet,independent_rms,43,bandpass_n20002_cV5_electrode_s15,phase2/results/predictions/full/independent_rms/resnet/seed_43/bandpass_n20002_cV5_electrode_s15.npz,76427,86f445b2d033d615845f89e0c71c83a43cc06b2d13e2042f005dddc3c93d6899
resnet,independent_rms,43,bandpass_n20002_cV5_electrode_s10,phase2/results/predictions/full/independent_rms/resnet/seed_43/bandpass_n20002_cV5_electrode_s10.npz,76384,a88bba72eaed84705f77ed57b28babd828ec6454f896369d3bb8317721945c71
resnet,independent_rms,43,bandpass_n20002_cV5_electrode_s5,phase2/results/predictions/full/independent_rms/resnet/seed_43/bandpass_n20002_cV5_electrode_s5.npz,76203,10fa38548af11854f5e198e9eff6385d9ee119038d5293885b4ec26b5e5515bf
resnet,independent_rms,43,bandpass_n20002_cV5_electrode_s0,phase2/results/predictions/full/independent_rms/resnet/seed_43/bandpass_n20002_cV5_electrode_s0.npz,75910,39585de51ee747f7c5ba575ff871517462f1fdf8b59066b58fc03b5721e7c267
resnet,independent_rms,43,bandpass_n20002_cV5_covariance_s20,phase2/results/predictions/full/independent_rms/resnet/seed_43/bandpass_n20002_cV5_covariance_s20.npz,76420,b62f7242ab550d917f79e039f1d417f2e3d7d5ad946baae594b8c140dd41754f
resnet,independent_rms,43,bandpass_n20002_cV5_covariance_s15,phase2/results/predictions/full/independent_rms/resnet/seed_43/bandpass_n20002_cV5_covariance_s15.npz,76446,6f94bd6107c662750d46f7fa2edbea3420ce90c30d6040e0893c624e207ef5fb
resnet,independent_rms,43,bandpass_n20002_cV5_covariance_s10,phase2/results/predictions/full/independent_rms/resnet/seed_43/bandpass_n20002_cV5_covariance_s10.npz,76402,ee5f066e7cc6106f7f862f667c58e3c2ef811317abd879fb8448ee12547bc314
resnet,independent_rms,43,bandpass_n20002_cV5_covariance_s5,phase2/results/predictions/full/independent_rms/resnet/seed_43/bandpass_n20002_cV5_covariance_s5.npz,76256,0b0b0e36219d5ba30119067d2d94940c2a72a10ddc545db4bef57921f5edee86
resnet,independent_rms,43,bandpass_n20002_cV5_covariance_s0,phase2/results/predictions/full/independent_rms/resnet/seed_43/bandpass_n20002_cV5_covariance_s0.npz,75939,931f47a79818fefa20551423245d60b6717b5f31bf8837aac3721b3ae2f8019b
resnet,independent_rms,43,bandpass_n20002_cV6_independent_rms_s20,phase2/results/predictions/full/independent_rms/resnet/seed_43/bandpass_n20002_cV6_independent_rms_s20.npz,76442,5fa672394c34e86463e81fa4a620a14c437ec729b989664e44cd74c76d1ed042
resnet,independent_rms,43,bandpass_n20002_cV6_independent_rms_s15,phase2/results/predictions/full/independent_rms/resnet/seed_43/bandpass_n20002_cV6_independent_rms_s15.npz,76452,f5388f8ec33d845c1bc7d3ad23723479c12840327e12f916f369582aa74d0006
resnet,independent_rms,43,bandpass_n20002_cV6_independent_rms_s10,phase2/results/predictions/full/independent_rms/resnet/seed_43/bandpass_n20002_cV6_independent_rms_s10.npz,76439,915be70a044c8b7b7bbcac34bb5e6488362a4ad31a6a894fd354c985127883f4
resnet,independent_rms,43,bandpass_n20002_cV6_independent_rms_s5,phase2/results/predictions/full/independent_rms/resnet/seed_43/bandpass_n20002_cV6_independent_rms_s5.npz,76287,be9bd1b79a0c274199db4e7ee7d30c4296e84e1891220384f156fa068ba57e83
resnet,independent_rms,43,bandpass_n20002_cV6_independent_rms_s0,phase2/results/predictions/full/independent_rms/resnet/seed_43/bandpass_n20002_cV6_independent_rms_s0.npz,76039,d4d48f0e1416dbe4e35319032136c3c30c6ef2e5ecca49fc9101afa9e78c031a
resnet,independent_rms,43,bandpass_n20002_cV6_electrode_s20,phase2/results/predictions/full/independent_rms/resnet/seed_43/bandpass_n20002_cV6_electrode_s20.npz,76417,78d0c9150fbe124a6451285e35e504c0e1b5f3e97a1c938732727594f1afe4f4
resnet,independent_rms,43,bandpass_n20002_cV6_electrode_s15,phase2/results/predictions/full/independent_rms/resnet/seed_43/bandpass_n20002_cV6_electrode_s15.npz,76441,cb4084f4e4cfd96a981d1acfeff94c4bc781ba592c9c47a9be72e3889096ccfa
resnet,independent_rms,43,bandpass_n20002_cV6_electrode_s10,phase2/results/predictions/full/independent_rms/resnet/seed_43/bandpass_n20002_cV6_electrode_s10.npz,76417,3b3983ba0de3deaaf635174f8c6639bf3ffcda715140da53ecf1934eb7015d3d
resnet,independent_rms,43,bandpass_n20002_cV6_electrode_s5,phase2/results/predictions/full/independent_rms/resnet/seed_43/bandpass_n20002_cV6_electrode_s5.npz,76239,e406d120c5d23ca4dddd3e98919b8d4119054aff9dbdca9b25bee9d0cf46d456
resnet,independent_rms,43,bandpass_n20002_cV6_electrode_s0,phase2/results/predictions/full/independent_rms/resnet/seed_43/bandpass_n20002_cV6_electrode_s0.npz,75977,424a7cbdb2795204f946aef342775d99e343714219e7e827e8903d28263f5deb
resnet,independent_rms,43,bandpass_n20002_cV6_covariance_s20,phase2/results/predictions/full/independent_rms/resnet/seed_43/bandpass_n20002_cV6_covariance_s20.npz,76461,61f67edb87c27686794a577a2f70ca2672a3f5d46ac5391a5bc17e938e2f8435
resnet,independent_rms,43,bandpass_n20002_cV6_covariance_s15,phase2/results/predictions/full/independent_rms/resnet/seed_43/bandpass_n20002_cV6_covariance_s15.npz,76398,81b49d3ab2171a22fd22a76e142a5172933c3b6a6f45a9d244d1458cbc14e622
resnet,independent_rms,43,bandpass_n20002_cV6_covariance_s10,phase2/results/predictions/full/independent_rms/resnet/seed_43/bandpass_n20002_cV6_covariance_s10.npz,76415,18bda6f52a34e8d38e50b159d7de2d3b9f42b0eaa7ef41b6dd5743db6d15313e
resnet,independent_rms,43,bandpass_n20002_cV6_covariance_s5,phase2/results/predictions/full/independent_rms/resnet/seed_43/bandpass_n20002_cV6_covariance_s5.npz,76283,124b9165af8a9d9009553d336ef69f760a3a46d87b9c3f9948463fadfb2165e4
resnet,independent_rms,43,bandpass_n20002_cV6_covariance_s0,phase2/results/predictions/full/independent_rms/resnet/seed_43/bandpass_n20002_cV6_covariance_s0.npz,76020,1072e0746678610ab7e2e853fa584fa8c0b5d94e0e84f0fddd9e626c1e83dee4
resnet,independent_rms,43,bandpass_n20002_cRA_LA_independent_rms_s20,phase2/results/predictions/full/independent_rms/resnet/seed_43/bandpass_n20002_cRA_LA_independent_rms_s20.npz,76466,82a7fb9c898cb492c213f7bd090c63b87a1e39c2aed7b64f3fcd43ba985435a8
resnet,independent_rms,43,bandpass_n20002_cRA_LA_independent_rms_s15,phase2/results/predictions/full/independent_rms/resnet/seed_43/bandpass_n20002_cRA_LA_independent_rms_s15.npz,76456,390a0dddd8dc26a9dbb19a05e7ee7b4f89226cdc82692d9ff74148a1a1c08f92
resnet,independent_rms,43,bandpass_n20002_cRA_LA_independent_rms_s10,phase2/results/predictions/full/independent_rms/resnet/seed_43/bandpass_n20002_cRA_LA_independent_rms_s10.npz,76429,f08245e3c33783f869a72e5cefc0ca8bd6c4f53d1ab5dcec2e5a963304f860d3
resnet,independent_rms,43,bandpass_n20002_cRA_LA_independent_rms_s5,phase2/results/predictions/full/independent_rms/resnet/seed_43/bandpass_n20002_cRA_LA_independent_rms_s5.npz,76213,b917c403071051f510b5045d469d2150ebdb215687cfd7c75b88ee0dd656222a
resnet,independent_rms,43,bandpass_n20002_cRA_LA_independent_rms_s0,phase2/results/predictions/full/independent_rms/resnet/seed_43/bandpass_n20002_cRA_LA_independent_rms_s0.npz,75853,5b5f4d4f098310080a9480ad228c89b8d8b0753895561b2b1de1344bbb8770ea
resnet,independent_rms,43,bandpass_n20002_cRA_LA_electrode_s20,phase2/results/predictions/full/independent_rms/resnet/seed_43/bandpass_n20002_cRA_LA_electrode_s20.npz,76458,410c3492c08503aba72d569199e1e75449a40bee3930c1f9ba6763a39dc60991
resnet,independent_rms,43,bandpass_n20002_cRA_LA_electrode_s15,phase2/results/predictions/full/independent_rms/resnet/seed_43/bandpass_n20002_cRA_LA_electrode_s15.npz,76406,d70ce26261c3dffc45199927bbfc6a5edbbbc98dfb0128ff9d7209c222e75639
resnet,independent_rms,43,bandpass_n20002_cRA_LA_electrode_s10,phase2/results/predictions/full/independent_rms/resnet/seed_43/bandpass_n20002_cRA_LA_electrode_s10.npz,76354,7131ccd5423e0dd40f0d7abe7e5515c1e81b6f3b2f4f909f5bcc7da90ed679f5
resnet,independent_rms,43,bandpass_n20002_cRA_LA_electrode_s5,phase2/results/predictions/full/independent_rms/resnet/seed_43/bandpass_n20002_cRA_LA_electrode_s5.npz,76118,ca5d41f87f5c17a42894e2dbb485f378768d84517a4fe84a04ffa81642ceaeda
resnet,independent_rms,43,bandpass_n20002_cRA_LA_electrode_s0,phase2/results/predictions/full/independent_rms/resnet/seed_43/bandpass_n20002_cRA_LA_electrode_s0.npz,75551,130ccea7da19bfbeb2b67e494e7f7637442e2cab58450ad7159b0f97a529c53a
resnet,independent_rms,43,bandpass_n20002_cRA_LA_covariance_s20,phase2/results/predictions/full/independent_rms/resnet/seed_43/bandpass_n20002_cRA_LA_covariance_s20.npz,76424,a1d85ba5b00a4c2e7cde9b22435c761039ce6b97020881079b85e1ad7b540466
resnet,independent_rms,43,bandpass_n20002_cRA_LA_covariance_s15,phase2/results/predictions/full/independent_rms/resnet/seed_43/bandpass_n20002_cRA_LA_covariance_s15.npz,76411,90662dce367783919cdb4d40fede74223279130051c1eadbe43749642da495e8
resnet,independent_rms,43,bandpass_n20002_cRA_LA_covariance_s10,phase2/results/predictions/full/independent_rms/resnet/seed_43/bandpass_n20002_cRA_LA_covariance_s10.npz,76323,60528c20762a6ca61228b4c4c0460addceb8dde43d3e8ffe2955736ae30b0666
resnet,independent_rms,43,bandpass_n20002_cRA_LA_covariance_s5,phase2/results/predictions/full/independent_rms/resnet/seed_43/bandpass_n20002_cRA_LA_covariance_s5.npz,76117,39a4aa9c07c8d65717d86e549766bf2d3e654a82b493324da495506bc9e4323c
resnet,independent_rms,43,bandpass_n20002_cRA_LA_covariance_s0,phase2/results/predictions/full/independent_rms/resnet/seed_43/bandpass_n20002_cRA_LA_covariance_s0.npz,75634,d4a9dff2d9d9acf21c853cb20b8d253619e423c4a7e941b1a6c5c36e61b6c34f
resnet,independent_rms,43,bandpass_n20002_cLA_LL_independent_rms_s20,phase2/results/predictions/full/independent_rms/resnet/seed_43/bandpass_n20002_cLA_LL_independent_rms_s20.npz,76435,a021070e275ebe03eadbedb8d5772fade22f951b52531cd66b6d4bdd60b11b48
resnet,independent_rms,43,bandpass_n20002_cLA_LL_independent_rms_s15,phase2/results/predictions/full/independent_rms/resnet/seed_43/bandpass_n20002_cLA_LL_independent_rms_s15.npz,76425,21054f2eaa57febfda9dcafe7f894d7c8b5ccddc11dada72ef7e627295172196
resnet,independent_rms,43,bandpass_n20002_cLA_LL_independent_rms_s10,phase2/results/predictions/full/independent_rms/resnet/seed_43/bandpass_n20002_cLA_LL_independent_rms_s10.npz,76410,057bace9e9c6551e4e4d7e8f8c09eb6822d918ab0d361d30adc1494074168966
resnet,independent_rms,43,bandpass_n20002_cLA_LL_independent_rms_s5,phase2/results/predictions/full/independent_rms/resnet/seed_43/bandpass_n20002_cLA_LL_independent_rms_s5.npz,76230,e6afa82f2143ea9a978ded79f266f606280193fbfc04a00030a954205abfd577
resnet,independent_rms,43,bandpass_n20002_cLA_LL_independent_rms_s0,phase2/results/predictions/full/independent_rms/resnet/seed_43/bandpass_n20002_cLA_LL_independent_rms_s0.npz,75829,532f78468a43186f6aafbe5b3be4de7114503923ac33653036b57486fdbaf2ac
resnet,independent_rms,43,bandpass_n20002_cLA_LL_electrode_s20,phase2/results/predictions/full/independent_rms/resnet/seed_43/bandpass_n20002_cLA_LL_electrode_s20.npz,76422,4459249307a54b9045adf055dd84a048849f2069f35bcc8431c2c4f7336aad78
resnet,independent_rms,43,bandpass_n20002_cLA_LL_electrode_s15,phase2/results/predictions/full/independent_rms/resnet/seed_43/bandpass_n20002_cLA_LL_electrode_s15.npz,76407,42670b551b5b19b99f9fbca8deb83eaadc0839cee2707ede7192c4606e982c7d
resnet,independent_rms,43,bandpass_n20002_cLA_LL_electrode_s10,phase2/results/predictions/full/independent_rms/resnet/seed_43/bandpass_n20002_cLA_LL_electrode_s10.npz,76331,3668f7e40bcd313be61e7fbf8911d250087914671d231ddd47bd2f6ccc1bf52e
resnet,independent_rms,43,bandpass_n20002_cLA_LL_electrode_s5,phase2/results/predictions/full/independent_rms/resnet/seed_43/bandpass_n20002_cLA_LL_electrode_s5.npz,76031,b3e0be02f8a69673c8b96ae7787760afece7e87e7277083f43e9a910df5c660a
resnet,independent_rms,43,bandpass_n20002_cLA_LL_electrode_s0,phase2/results/predictions/full/independent_rms/resnet/seed_43/bandpass_n20002_cLA_LL_electrode_s0.npz,75632,e9b383f0a9a2b90517a1e48bd4de8bafabe651b76658bf2119720e044d029d05
resnet,independent_rms,43,bandpass_n20002_cLA_LL_covariance_s20,phase2/results/predictions/full/independent_rms/resnet/seed_43/bandpass_n20002_cLA_LL_covariance_s20.npz,76453,5374be71e34dfe75fbc32134a31c31eccdb3fa1e228f88ec878e77ceb292b7b4
resnet,independent_rms,43,bandpass_n20002_cLA_LL_covariance_s15,phase2/results/predictions/full/independent_rms/resnet/seed_43/bandpass_n20002_cLA_LL_covariance_s15.npz,76455,fdd2124c818f39f1f26063e360efe64bbed79a8e662365618d66b4b4d09a8247
resnet,independent_rms,43,bandpass_n20002_cLA_LL_covariance_s10,phase2/results/predictions/full/independent_rms/resnet/seed_43/bandpass_n20002_cLA_LL_covariance_s10.npz,76301,36719dff1e09b48f7cf665a86f53d838de19f0c7548f584595e47f7e0bd9f1dd
resnet,independent_rms,43,bandpass_n20002_cLA_LL_covariance_s5,phase2/results/predictions/full/independent_rms/resnet/seed_43/bandpass_n20002_cLA_LL_covariance_s5.npz,76051,6c795b349b33ed6b4f9a47696da765c539157900bf359d576e356949b1740022
resnet,independent_rms,43,bandpass_n20002_cLA_LL_covariance_s0,phase2/results/predictions/full/independent_rms/resnet/seed_43/bandpass_n20002_cLA_LL_covariance_s0.npz,75621,c5bc28075a3a621c8cd8d8a1c06dddc42a168c9bd411b663770c9b1a7deaa4d1
resnet,independent_rms,43,bandpass_n20002_cRA_LL_independent_rms_s20,phase2/results/predictions/full/independent_rms/resnet/seed_43/bandpass_n20002_cRA_LL_independent_rms_s20.npz,76474,724411072edf5a9b8af21dac69aa07c8bf0bbaa7c06ea6948d491c41c790184d
resnet,independent_rms,43,bandpass_n20002_cRA_LL_independent_rms_s15,phase2/results/predictions/full/independent_rms/resnet/seed_43/bandpass_n20002_cRA_LL_independent_rms_s15.npz,76427,2bf4192a3dac7ec82ede94b7dd91dce5ee4d26b15f4dcd5221f0f09167a81b2c
resnet,independent_rms,43,bandpass_n20002_cRA_LL_independent_rms_s10,phase2/results/predictions/full/independent_rms/resnet/seed_43/bandpass_n20002_cRA_LL_independent_rms_s10.npz,76416,ee4581b385042f11c7a2f346faf799f86f8be83274497950e0384df3efe66d73
resnet,independent_rms,43,bandpass_n20002_cRA_LL_independent_rms_s5,phase2/results/predictions/full/independent_rms/resnet/seed_43/bandpass_n20002_cRA_LL_independent_rms_s5.npz,76237,8158cfab4cbf89f491ff728405d918175983c6e5e36b035fe93581dec149f548
resnet,independent_rms,43,bandpass_n20002_cRA_LL_independent_rms_s0,phase2/results/predictions/full/independent_rms/resnet/seed_43/bandpass_n20002_cRA_LL_independent_rms_s0.npz,75869,d6f4059e6912f405714c59d36a5a13b76b761e43edd7ddeaa1a753ad53bed8a8
resnet,independent_rms,43,bandpass_n20002_cRA_LL_electrode_s20,phase2/results/predictions/full/independent_rms/resnet/seed_43/bandpass_n20002_cRA_LL_electrode_s20.npz,76410,4a167e2a4476b6384646f4e57d54e8dcc1e4e58317094a983d27e8464b36e8d5
resnet,independent_rms,43,bandpass_n20002_cRA_LL_electrode_s15,phase2/results/predictions/full/independent_rms/resnet/seed_43/bandpass_n20002_cRA_LL_electrode_s15.npz,76390,6faece9ac064bb9bf052398f1c334649f7c6991430497e33678edb0fb3427e6f
resnet,independent_rms,43,bandpass_n20002_cRA_LL_electrode_s10,phase2/results/predictions/full/independent_rms/resnet/seed_43/bandpass_n20002_cRA_LL_electrode_s10.npz,76284,36dd3d9637aeee88b6e9a30f06fddd23d6a4592b49bed73079e7efc349158426
resnet,independent_rms,43,bandpass_n20002_cRA_LL_electrode_s5,phase2/results/predictions/full/independent_rms/resnet/seed_43/bandpass_n20002_cRA_LL_electrode_s5.npz,76050,ebb3813dc0c04f5106df207c17643b5064bb9e05d869e6799addc46c6b860131
resnet,independent_rms,43,bandpass_n20002_cRA_LL_electrode_s0,phase2/results/predictions/full/independent_rms/resnet/seed_43/bandpass_n20002_cRA_LL_electrode_s0.npz,75539,eb8acea148baa8aaf05d17bc949a0521c16ec98159b2774438fe6255672c47cf
resnet,independent_rms,43,bandpass_n20002_cRA_LL_covariance_s20,phase2/results/predictions/full/independent_rms/resnet/seed_43/bandpass_n20002_cRA_LL_covariance_s20.npz,76451,04bdb83b1b0bd372869fdf3aad42d15c2af074b7615c7da3265720bda8d30f65
resnet,independent_rms,43,bandpass_n20002_cRA_LL_covariance_s15,phase2/results/predictions/full/independent_rms/resnet/seed_43/bandpass_n20002_cRA_LL_covariance_s15.npz,76381,6ab2162c66d22b76fd709838d5dfa1d91b7c595e59d33374a6a28e1f1df5dae8
resnet,independent_rms,43,bandpass_n20002_cRA_LL_covariance_s10,phase2/results/predictions/full/independent_rms/resnet/seed_43/bandpass_n20002_cRA_LL_covariance_s10.npz,76306,00db1cf1cad5c32bd590396fe100d8c4c5bf0b9f04c149a14cca3da0da80a816
resnet,independent_rms,43,bandpass_n20002_cRA_LL_covariance_s5,phase2/results/predictions/full/independent_rms/resnet/seed_43/bandpass_n20002_cRA_LL_covariance_s5.npz,76036,cdd90697c16f07349cc1715b14e45e604fc9c99899205d6e72f2d61ba17a5d2a
resnet,independent_rms,43,bandpass_n20002_cRA_LL_covariance_s0,phase2/results/predictions/full/independent_rms/resnet/seed_43/bandpass_n20002_cRA_LL_covariance_s0.npz,75515,424d29ea7600a20acc4370ced916d2c02df5f5bc2ae5fb7600cc4be67404226e
resnet,independent_rms,43,bandpass_n20002_cRA_independent_rms_s20,phase2/results/predictions/full/independent_rms/resnet/seed_43/bandpass_n20002_cRA_independent_rms_s20.npz,76487,e6b1676d8986049019e16d07e629bac00230e9b1736a314a1c655e1dc123fb8d
resnet,independent_rms,43,bandpass_n20002_cRA_independent_rms_s15,phase2/results/predictions/full/independent_rms/resnet/seed_43/bandpass_n20002_cRA_independent_rms_s15.npz,76415,db1f5556cfc37387d17e1cb93079e1c410373f64386a5d3e4cb28e29f767a87b
resnet,independent_rms,43,bandpass_n20002_cRA_independent_rms_s10,phase2/results/predictions/full/independent_rms/resnet/seed_43/bandpass_n20002_cRA_independent_rms_s10.npz,76394,cdf698a80ec1920a665281ca51fa0d0d59578689f8ef8f90bf142e6ab32d6219
resnet,independent_rms,43,bandpass_n20002_cRA_independent_rms_s5,phase2/results/predictions/full/independent_rms/resnet/seed_43/bandpass_n20002_cRA_independent_rms_s5.npz,76238,408ab3786c442a634044a9842808ccb02d9e413728f1ca36e9b9efa58b3dcd62
resnet,independent_rms,43,bandpass_n20002_cRA_independent_rms_s0,phase2/results/predictions/full/independent_rms/resnet/seed_43/bandpass_n20002_cRA_independent_rms_s0.npz,75913,9944a549ce151773efaddca7a68d861f65040d3d9d68106c09440e7853622af9
resnet,independent_rms,43,bandpass_n20002_cRA_electrode_s20,phase2/results/predictions/full/independent_rms/resnet/seed_43/bandpass_n20002_cRA_electrode_s20.npz,76410,1ffc11bdce3c256e659dc89e9e3d297abff91d5f518138f15ad79b87053b077d
resnet,independent_rms,43,bandpass_n20002_cRA_electrode_s15,phase2/results/predictions/full/independent_rms/resnet/seed_43/bandpass_n20002_cRA_electrode_s15.npz,76444,075e4e811a7dcaa544bd75caa69fa59b4c2b0e3e6c6b34dd18ba6486f617a363
resnet,independent_rms,43,bandpass_n20002_cRA_electrode_s10,phase2/results/predictions/full/independent_rms/resnet/seed_43/bandpass_n20002_cRA_electrode_s10.npz,76363,fb0f6a24bd0774baca6d652a6ddffbb3f84926997ea3df10766a6ea227b807e9
resnet,independent_rms,43,bandpass_n20002_cRA_electrode_s5,phase2/results/predictions/full/independent_rms/resnet/seed_43/bandpass_n20002_cRA_electrode_s5.npz,76109,0ccf6c21fa173a1c603333e22a772abcba3721939319e18aa0f92ff1b6b966a3
resnet,independent_rms,43,bandpass_n20002_cRA_electrode_s0,phase2/results/predictions/full/independent_rms/resnet/seed_43/bandpass_n20002_cRA_electrode_s0.npz,75702,fe67e3e69c06616500067d43ec14b66458d3eba54645517e2775a0110da783a0
resnet,independent_rms,43,bandpass_n20002_cRA_covariance_s20,phase2/results/predictions/full/independent_rms/resnet/seed_43/bandpass_n20002_cRA_covariance_s20.npz,76444,6f9c5b946f1a5a229ecc38c3a3d730c283d1d6bf01024f4f92ae6c80c2e3dd70
resnet,independent_rms,43,bandpass_n20002_cRA_covariance_s15,phase2/results/predictions/full/independent_rms/resnet/seed_43/bandpass_n20002_cRA_covariance_s15.npz,76424,d119836917082f7df34cf95b27dc6ffd563d6da633cfbb5c79da1377ce27581a
resnet,independent_rms,43,bandpass_n20002_cRA_covariance_s10,phase2/results/predictions/full/independent_rms/resnet/seed_43/bandpass_n20002_cRA_covariance_s10.npz,76327,18d562c884c4fff8630e247d12b4d6ec5047825fc4f932b3b3d5d59bb6846002
resnet,independent_rms,43,bandpass_n20002_cRA_covariance_s5,phase2/results/predictions/full/independent_rms/resnet/seed_43/bandpass_n20002_cRA_covariance_s5.npz,76114,e5a4b956b5d52f7ba1dc1f43a8c6ab237536b889c60cb7696b92201a7aeb5793
resnet,independent_rms,43,bandpass_n20002_cRA_covariance_s0,phase2/results/predictions/full/independent_rms/resnet/seed_43/bandpass_n20002_cRA_covariance_s0.npz,75712,59b44b20a9b9dffeb63cd2a556c1ff985bbebc0ee08cbdd174d9d1e2dbd328ba
resnet,independent_rms,43,bandpass_n20002_cLA_independent_rms_s20,phase2/results/predictions/full/independent_rms/resnet/seed_43/bandpass_n20002_cLA_independent_rms_s20.npz,76429,9eef6c66d1fcc6a0a4a7a364605d613a4bfc6b6e6c1d4e4bd10dd59cbf39e151
resnet,independent_rms,43,bandpass_n20002_cLA_independent_rms_s15,phase2/results/predictions/full/independent_rms/resnet/seed_43/bandpass_n20002_cLA_independent_rms_s15.npz,76461,d8db3f3db16a2fd739066b32f16a57d741413a5e10d3269070af378dba79c0ba
resnet,independent_rms,43,bandpass_n20002_cLA_independent_rms_s10,phase2/results/predictions/full/independent_rms/resnet/seed_43/bandpass_n20002_cLA_independent_rms_s10.npz,76378,e823c58af5750d87249b1904cb08fcf1cac54aea72a84abb3360548841d18879
resnet,independent_rms,43,bandpass_n20002_cLA_independent_rms_s5,phase2/results/predictions/full/independent_rms/resnet/seed_43/bandpass_n20002_cLA_independent_rms_s5.npz,76240,177f3cca8e87dc9ca2382a2d15720d93a631250507eb69d62e4767d881b30bf6
resnet,independent_rms,43,bandpass_n20002_cLA_independent_rms_s0,phase2/results/predictions/full/independent_rms/resnet/seed_43/bandpass_n20002_cLA_independent_rms_s0.npz,75858,12209913cb2a7f96810086c4c98372a4490a6aff04190f956e0dedee3808a9fe
resnet,independent_rms,43,bandpass_n20002_cLA_electrode_s20,phase2/results/predictions/full/independent_rms/resnet/seed_43/bandpass_n20002_cLA_electrode_s20.npz,76431,021517af5c1f962d85107e0a54b1c14174777fdb615fe350b7ecda19780f8e26
resnet,independent_rms,43,bandpass_n20002_cLA_electrode_s15,phase2/results/predictions/full/independent_rms/resnet/seed_43/bandpass_n20002_cLA_electrode_s15.npz,76455,889a403594c2b7a6f09049b31209de8aee311dded028223f9c081743e4272fad
resnet,independent_rms,43,bandpass_n20002_cLA_electrode_s10,phase2/results/predictions/full/independent_rms/resnet/seed_43/bandpass_n20002_cLA_electrode_s10.npz,76365,85c6ff5b4b9338ff48a816b95da10d7e9aea6aa6750aefa5bfaf676bf6fa99f7
resnet,independent_rms,43,bandpass_n20002_cLA_electrode_s5,phase2/results/predictions/full/independent_rms/resnet/seed_43/bandpass_n20002_cLA_electrode_s5.npz,76128,985ab8dd2fa8c4d9dbef4690a8934b88f38a26b93eec3f8bd9cff2996ca1c961
resnet,independent_rms,43,bandpass_n20002_cLA_electrode_s0,phase2/results/predictions/full/independent_rms/resnet/seed_43/bandpass_n20002_cLA_electrode_s0.npz,75634,7b577fd5be9e38037d28b9c032679827dcd1d806e6dd068a8dd7c4999a949bfd
resnet,independent_rms,43,bandpass_n20002_cLA_covariance_s20,phase2/results/predictions/full/independent_rms/resnet/seed_43/bandpass_n20002_cLA_covariance_s20.npz,76427,3c4bde380f91121451df3060f186abd91e54feef7d740d084d5a5d7d733eaa5c
resnet,independent_rms,43,bandpass_n20002_cLA_covariance_s15,phase2/results/predictions/full/independent_rms/resnet/seed_43/bandpass_n20002_cLA_covariance_s15.npz,76440,972bc7499d0b0a351f3ced6ea5152885e48e72bd2986542eddf5aacbb26585d2
resnet,independent_rms,43,bandpass_n20002_cLA_covariance_s10,phase2/results/predictions/full/independent_rms/resnet/seed_43/bandpass_n20002_cLA_covariance_s10.npz,76356,369a2adfc095e1d0568fb45dd1ff5af1d6b785eb60cfcce3af24c4e4211f1cde
resnet,independent_rms,43,bandpass_n20002_cLA_covariance_s5,phase2/results/predictions/full/independent_rms/resnet/seed_43/bandpass_n20002_cLA_covariance_s5.npz,76093,00625287c991bdb4e398b81fd151499f701f3008ab5fb71896770b1e323570b4
resnet,independent_rms,43,bandpass_n20002_cLA_covariance_s0,phase2/results/predictions/full/independent_rms/resnet/seed_43/bandpass_n20002_cLA_covariance_s0.npz,75652,2b04bb5d0288582e67d71d6c28dfeb197932561f7bb5abd9cebd15d79d3596fe
resnet,independent_rms,43,bandpass_n20002_cLL_independent_rms_s20,phase2/results/predictions/full/independent_rms/resnet/seed_43/bandpass_n20002_cLL_independent_rms_s20.npz,76461,2cd95ad20dd2bccaf2ee98987aad77e1157c34431bd23623599687fbbedc49fd
resnet,independent_rms,43,bandpass_n20002_cLL_independent_rms_s15,phase2/results/predictions/full/independent_rms/resnet/seed_43/bandpass_n20002_cLL_independent_rms_s15.npz,76454,de11f6d29344b380ce79a33f2c37e630dc6307c3abcd6cfab543fbf2a4ecfff6
resnet,independent_rms,43,bandpass_n20002_cLL_independent_rms_s10,phase2/results/predictions/full/independent_rms/resnet/seed_43/bandpass_n20002_cLL_independent_rms_s10.npz,76389,8ff0ac15eece82d4deea6127fd3e3ffe5fe525ef02552945ef0b684704f56fd9
resnet,independent_rms,43,bandpass_n20002_cLL_independent_rms_s5,phase2/results/predictions/full/independent_rms/resnet/seed_43/bandpass_n20002_cLL_independent_rms_s5.npz,76198,de555fbff574326e35893afa38e63d30b2258df7d7a2e0519b6fbd07f24436f6
resnet,independent_rms,43,bandpass_n20002_cLL_independent_rms_s0,phase2/results/predictions/full/independent_rms/resnet/seed_43/bandpass_n20002_cLL_independent_rms_s0.npz,75790,94ac861c4d99f18f7b3e875a1b2cd934a46adc1d28b86e31ca9939717c314243
resnet,independent_rms,43,bandpass_n20002_cLL_electrode_s20,phase2/results/predictions/full/independent_rms/resnet/seed_43/bandpass_n20002_cLL_electrode_s20.npz,76418,bef45da8231274cd5f1bc07a8c4fd35ae44b96998bd9641afa037ab5be4779aa
resnet,independent_rms,43,bandpass_n20002_cLL_electrode_s15,phase2/results/predictions/full/independent_rms/resnet/seed_43/bandpass_n20002_cLL_electrode_s15.npz,76363,0cbe4831f4a8336eb15dfdd9caccd1b7b04966d440c6246b014d2c9c1b29e1fa
resnet,independent_rms,43,bandpass_n20002_cLL_electrode_s10,phase2/results/predictions/full/independent_rms/resnet/seed_43/bandpass_n20002_cLL_electrode_s10.npz,76267,b2c00e9833d3f28d96b081bc550ec6c8981a63cedadc2b634a829a84615e5968
resnet,independent_rms,43,bandpass_n20002_cLL_electrode_s5,phase2/results/predictions/full/independent_rms/resnet/seed_43/bandpass_n20002_cLL_electrode_s5.npz,76015,8ab796130c11ed83afc86c51a274cb43b5742bf7c4bca89ac7a09303be133e5c
resnet,independent_rms,43,bandpass_n20002_cLL_electrode_s0,phase2/results/predictions/full/independent_rms/resnet/seed_43/bandpass_n20002_cLL_electrode_s0.npz,75648,2815bc471b4b58d36038b48ca32682a327e92e57c4d784f92a798026468ca7b0
resnet,independent_rms,43,bandpass_n20002_cLL_covariance_s20,phase2/results/predictions/full/independent_rms/resnet/seed_43/bandpass_n20002_cLL_covariance_s20.npz,76405,288d29a39072fe641e56db532fd5987d9aae0a1642f6f456cb3cc31d5a817c24
resnet,independent_rms,43,bandpass_n20002_cLL_covariance_s15,phase2/results/predictions/full/independent_rms/resnet/seed_43/bandpass_n20002_cLL_covariance_s15.npz,76411,21c209e7c2eddc62f6ffc3fed0493eb8641620771bee8865e158a25f467c05bf
resnet,independent_rms,43,bandpass_n20002_cLL_covariance_s10,phase2/results/predictions/full/independent_rms/resnet/seed_43/bandpass_n20002_cLL_covariance_s10.npz,76280,e706ec826ef43d90ee52ca41ac8a4adac402cc54772a67bdf10c9715397225ec
resnet,independent_rms,43,bandpass_n20002_cLL_covariance_s5,phase2/results/predictions/full/independent_rms/resnet/seed_43/bandpass_n20002_cLL_covariance_s5.npz,76027,bda26901f6cdf02dafbd5852a7f902b77a822605f77aa5d311a6fdf593c03e1c
resnet,independent_rms,43,bandpass_n20002_cLL_covariance_s0,phase2/results/predictions/full/independent_rms/resnet/seed_43/bandpass_n20002_cLL_covariance_s0.npz,75706,afdf5bc5f8f987113120eae90513b062dbe5fc894f0d4f7227280557c2a1161f
resnet,independent_rms,43,bandpass_n20002_cRA_V1_independent_rms_s20,phase2/results/predictions/full/independent_rms/resnet/seed_43/bandpass_n20002_cRA_V1_independent_rms_s20.npz,76500,cfa3e40a2efc60a265c9227ede56ebc9ef7009054e1453bcbf5a7af0f824d72e
resnet,independent_rms,43,bandpass_n20002_cRA_V1_independent_rms_s15,phase2/results/predictions/full/independent_rms/resnet/seed_43/bandpass_n20002_cRA_V1_independent_rms_s15.npz,76478,7ec53a8df96eb2e0bac153774f93750a2f071c8767912989396b5016c26d00a9
resnet,independent_rms,43,bandpass_n20002_cRA_V1_independent_rms_s10,phase2/results/predictions/full/independent_rms/resnet/seed_43/bandpass_n20002_cRA_V1_independent_rms_s10.npz,76402,be55beedfa7a220a269a6255818464f652c5a2c307553b7a617a86fd985a2331
resnet,independent_rms,43,bandpass_n20002_cRA_V1_independent_rms_s5,phase2/results/predictions/full/independent_rms/resnet/seed_43/bandpass_n20002_cRA_V1_independent_rms_s5.npz,76235,4e9f7580012a8c7709a28de44a46e8632737aaacd4193cff24d4bc42da11cc95
resnet,independent_rms,43,bandpass_n20002_cRA_V1_independent_rms_s0,phase2/results/predictions/full/independent_rms/resnet/seed_43/bandpass_n20002_cRA_V1_independent_rms_s0.npz,75914,3eabcd5849c1eedb32c4f2098b37323b03ae6409c625fdf7a52e2f57547197a1
resnet,independent_rms,43,bandpass_n20002_cRA_V1_electrode_s20,phase2/results/predictions/full/independent_rms/resnet/seed_43/bandpass_n20002_cRA_V1_electrode_s20.npz,76449,4143d5303a27a714f28fa71b668213fcc8d72a1177460a7436ef6c62e27e5a57
resnet,independent_rms,43,bandpass_n20002_cRA_V1_electrode_s15,phase2/results/predictions/full/independent_rms/resnet/seed_43/bandpass_n20002_cRA_V1_electrode_s15.npz,76400,de9cd862915be8f95411c0f7f25ecbe0b14416072dd13553ffa9d3ee1f5e09f7
resnet,independent_rms,43,bandpass_n20002_cRA_V1_electrode_s10,phase2/results/predictions/full/independent_rms/resnet/seed_43/bandpass_n20002_cRA_V1_electrode_s10.npz,76347,d609c03f87a9cf00d71dd76adf024f36e5d33392d6586f3859972d7aa4fc5f7a
resnet,independent_rms,43,bandpass_n20002_cRA_V1_electrode_s5,phase2/results/predictions/full/independent_rms/resnet/seed_43/bandpass_n20002_cRA_V1_electrode_s5.npz,76165,a2d2ce614ab27ca4de5fb698939ac00d389772c06395c01242c00cfd32f28491
resnet,independent_rms,43,bandpass_n20002_cRA_V1_electrode_s0,phase2/results/predictions/full/independent_rms/resnet/seed_43/bandpass_n20002_cRA_V1_electrode_s0.npz,75723,5c9d4c058fa59d3651141264dab3480ffa9db0e24412c5443d75c824730f47ae
resnet,independent_rms,43,bandpass_n20002_cRA_V1_covariance_s20,phase2/results/predictions/full/independent_rms/resnet/seed_43/bandpass_n20002_cRA_V1_covariance_s20.npz,76470,b2fbab1c5867f95d1a82c5274e7ae8e1dc7f655810b188b1e32ea157425fc760
resnet,independent_rms,43,bandpass_n20002_cRA_V1_covariance_s15,phase2/results/predictions/full/independent_rms/resnet/seed_43/bandpass_n20002_cRA_V1_covariance_s15.npz,76456,efe9b3020814ef039a7d72fb5803eff53d40b9a51966872a5baccba23891389b
resnet,independent_rms,43,bandpass_n20002_cRA_V1_covariance_s10,phase2/results/predictions/full/independent_rms/resnet/seed_43/bandpass_n20002_cRA_V1_covariance_s10.npz,76383,5e3e4043214102ea3339aee1ba674316ef14cf86994e2b6b659a047efe704b00
resnet,independent_rms,43,bandpass_n20002_cRA_V1_covariance_s5,phase2/results/predictions/full/independent_rms/resnet/seed_43/bandpass_n20002_cRA_V1_covariance_s5.npz,76158,19e7e05a9cc1e168bc0ae0f0c870de38270a1c37aadb35682e92b98c130d151d
resnet,independent_rms,43,bandpass_n20002_cRA_V1_covariance_s0,phase2/results/predictions/full/independent_rms/resnet/seed_43/bandpass_n20002_cRA_V1_covariance_s0.npz,75719,acca9502d7b29f07150485f9d295025d33d73f549dc807223970db3796dd819d
resnet,independent_rms,43,bandpass_n20002_cLA_V6_independent_rms_s20,phase2/results/predictions/full/independent_rms/resnet/seed_43/bandpass_n20002_cLA_V6_independent_rms_s20.npz,76473,75099390c7d3ffd811b54ced0e3e41b9a99b9e3f3a9989cdcb75038a571442c9
resnet,independent_rms,43,bandpass_n20002_cLA_V6_independent_rms_s15,phase2/results/predictions/full/independent_rms/resnet/seed_43/bandpass_n20002_cLA_V6_independent_rms_s15.npz,76464,7ae578c8500298015c82b9d1fb27d2b03ddb91b1641a2bce9f8b9af0552237cd
resnet,independent_rms,43,bandpass_n20002_cLA_V6_independent_rms_s10,phase2/results/predictions/full/independent_rms/resnet/seed_43/bandpass_n20002_cLA_V6_independent_rms_s10.npz,76413,faac692f2edd2d3cec3c32b1813d702871a30c6d8835927cb9d6879d40080b69
resnet,independent_rms,43,bandpass_n20002_cLA_V6_independent_rms_s5,phase2/results/predictions/full/independent_rms/resnet/seed_43/bandpass_n20002_cLA_V6_independent_rms_s5.npz,76285,7e04a139b348262e86f2ecd0e520fe3ad0548e1d42288d49650ab1f3f0d6c0e1
resnet,independent_rms,43,bandpass_n20002_cLA_V6_independent_rms_s0,phase2/results/predictions/full/independent_rms/resnet/seed_43/bandpass_n20002_cLA_V6_independent_rms_s0.npz,75879,e491d36fe8936c6671fe59cf63703cbac1c2eabb71ca15eb9abc71df90a6b3d0
resnet,independent_rms,43,bandpass_n20002_cLA_V6_electrode_s20,phase2/results/predictions/full/independent_rms/resnet/seed_43/bandpass_n20002_cLA_V6_electrode_s20.npz,76472,b07ae35c4281087796366888e4187357c012e066ba9037c8f7a7d8cdd44cc7f5
resnet,independent_rms,43,bandpass_n20002_cLA_V6_electrode_s15,phase2/results/predictions/full/independent_rms/resnet/seed_43/bandpass_n20002_cLA_V6_electrode_s15.npz,76444,703ded80136c0d4461cacb24fc772e70266ab86a00b8c2fb8a4daf947a8f44e5
resnet,independent_rms,43,bandpass_n20002_cLA_V6_electrode_s10,phase2/results/predictions/full/independent_rms/resnet/seed_43/bandpass_n20002_cLA_V6_electrode_s10.npz,76367,8dec977174fee4fa028dcb28017c659bcd6a5d39d65173a9b7ed5821e42bbf4b
resnet,independent_rms,43,bandpass_n20002_cLA_V6_electrode_s5,phase2/results/predictions/full/independent_rms/resnet/seed_43/bandpass_n20002_cLA_V6_electrode_s5.npz,76181,070c509f3ecf46ae0dbd89cfa59f953f1772f9e3a05747006442c4095d947444
resnet,independent_rms,43,bandpass_n20002_cLA_V6_electrode_s0,phase2/results/predictions/full/independent_rms/resnet/seed_43/bandpass_n20002_cLA_V6_electrode_s0.npz,75683,9f147d66af7ecbc85c72f8963474e702117d4875fa27a9e3620f7ce47cbfc996
resnet,independent_rms,43,bandpass_n20002_cLA_V6_covariance_s20,phase2/results/predictions/full/independent_rms/resnet/seed_43/bandpass_n20002_cLA_V6_covariance_s20.npz,76470,15daf8bf4d354a955a76905705e99420ab446cc637cc2e846c564bdfdfe699ff
resnet,independent_rms,43,bandpass_n20002_cLA_V6_covariance_s15,phase2/results/predictions/full/independent_rms/resnet/seed_43/bandpass_n20002_cLA_V6_covariance_s15.npz,76438,aed9b811456dc75f884f0bc267630352908ad8a6cb2e41e0818eca554b2fb96a
resnet,independent_rms,43,bandpass_n20002_cLA_V6_covariance_s10,phase2/results/predictions/full/independent_rms/resnet/seed_43/bandpass_n20002_cLA_V6_covariance_s10.npz,76406,441947c8e0364a82727e1692040f25b7a893cc97deb458f4b954a114598c29fa
resnet,independent_rms,43,bandpass_n20002_cLA_V6_covariance_s5,phase2/results/predictions/full/independent_rms/resnet/seed_43/bandpass_n20002_cLA_V6_covariance_s5.npz,76161,51439ee7bd700341f95708bb38f35b32edbd33aadeb56b141b297dbc8ca42ec8
resnet,independent_rms,43,bandpass_n20002_cLA_V6_covariance_s0,phase2/results/predictions/full/independent_rms/resnet/seed_43/bandpass_n20002_cLA_V6_covariance_s0.npz,75716,4e8713e5e494052af514318b27a12aa612063a4797d3c86b03141fe1e166fd39
resnet,independent_rms,43,bandpass_n20002_cLL_V4_independent_rms_s20,phase2/results/predictions/full/independent_rms/resnet/seed_43/bandpass_n20002_cLL_V4_independent_rms_s20.npz,76481,efe243abbbaac19766aee1706c4efe43ab0ba1606d1882a5fa03eab7d7156e3a
resnet,independent_rms,43,bandpass_n20002_cLL_V4_independent_rms_s15,phase2/results/predictions/full/independent_rms/resnet/seed_43/bandpass_n20002_cLL_V4_independent_rms_s15.npz,76458,902f901ca5ed7994fc1bf53ecaebf5da88aba842640e6d3f01e31c569d83d3ea
resnet,independent_rms,43,bandpass_n20002_cLL_V4_independent_rms_s10,phase2/results/predictions/full/independent_rms/resnet/seed_43/bandpass_n20002_cLL_V4_independent_rms_s10.npz,76407,ca85615142b3703da41a5d27d886bc6e3a3445d2e528cca0329c7540bc492e0a
resnet,independent_rms,43,bandpass_n20002_cLL_V4_independent_rms_s5,phase2/results/predictions/full/independent_rms/resnet/seed_43/bandpass_n20002_cLL_V4_independent_rms_s5.npz,76230,b1f94345e9c3b60500f7520c4dab9357b7b51f7b63736840a0838b37f08abd46
resnet,independent_rms,43,bandpass_n20002_cLL_V4_independent_rms_s0,phase2/results/predictions/full/independent_rms/resnet/seed_43/bandpass_n20002_cLL_V4_independent_rms_s0.npz,75845,a00a464faef69a2140b34b23c6ba0116b7d1cd3a1b7a558bcc4e1a3571b37107
resnet,independent_rms,43,bandpass_n20002_cLL_V4_electrode_s20,phase2/results/predictions/full/independent_rms/resnet/seed_43/bandpass_n20002_cLL_V4_electrode_s20.npz,76451,a5af7abb9c796b53c936998ba3126d43b0aebf1303554d8d45ee21c78eec583f
resnet,independent_rms,43,bandpass_n20002_cLL_V4_electrode_s15,phase2/results/predictions/full/independent_rms/resnet/seed_43/bandpass_n20002_cLL_V4_electrode_s15.npz,76390,67f9429d71e3c432b6267e179807813ed4d4fea9ed74de2fcd000fa02d0339e6
resnet,independent_rms,43,bandpass_n20002_cLL_V4_electrode_s10,phase2/results/predictions/full/independent_rms/resnet/seed_43/bandpass_n20002_cLL_V4_electrode_s10.npz,76313,4105168db3b10ef937f79d22a9b3342a17550e63507203e5e7e753b2160744c2
resnet,independent_rms,43,bandpass_n20002_cLL_V4_electrode_s5,phase2/results/predictions/full/independent_rms/resnet/seed_43/bandpass_n20002_cLL_V4_electrode_s5.npz,76059,a9b47a988c9a0e5a70d44b41cc33b63de5a50c62a9dee466c3a242889995f010
resnet,independent_rms,43,bandpass_n20002_cLL_V4_electrode_s0,phase2/results/predictions/full/independent_rms/resnet/seed_43/bandpass_n20002_cLL_V4_electrode_s0.npz,75704,9db085ad92246c22c9bb39887e197f79f2f4425895797805dcc8a19c0c92505c
resnet,independent_rms,43,bandpass_n20002_cLL_V4_covariance_s20,phase2/results/predictions/full/independent_rms/resnet/seed_43/bandpass_n20002_cLL_V4_covariance_s20.npz,76448,af843ca6493027465fa64f1c9b901f5dce06f93e3efd2c380f480f896c8f3b71
resnet,independent_rms,43,bandpass_n20002_cLL_V4_covariance_s15,phase2/results/predictions/full/independent_rms/resnet/seed_43/bandpass_n20002_cLL_V4_covariance_s15.npz,76398,28be1089d0ff0908f9516afb09416701c72c92897077d5a7fbc94efa45fb9550
resnet,independent_rms,43,bandpass_n20002_cLL_V4_covariance_s10,phase2/results/predictions/full/independent_rms/resnet/seed_43/bandpass_n20002_cLL_V4_covariance_s10.npz,76294,145a98de940a673967b6262bb3e87d6faf99c8fb86f48cd21d9c49205e310771
resnet,independent_rms,43,bandpass_n20002_cLL_V4_covariance_s5,phase2/results/predictions/full/independent_rms/resnet/seed_43/bandpass_n20002_cLL_V4_covariance_s5.npz,76086,3d27c13e51c3e7cd8c7084384298048f025ba3e8372d5e335b35d7f7ebe3683d
resnet,independent_rms,43,bandpass_n20002_cLL_V4_covariance_s0,phase2/results/predictions/full/independent_rms/resnet/seed_43/bandpass_n20002_cLL_V4_covariance_s0.npz,75699,ea63c896896178e8a9fef333914aa22124fcfb43ca30a1739fd37f98d1e90b25
resnet,independent_rms,43,bandpass_n20002_cRA_LA_V1_V6_independent_rms_s20,phase2/results/predictions/full/independent_rms/resnet/seed_43/bandpass_n20002_cRA_LA_V1_V6_independent_rms_s20.npz,76467,9da2dfb16908bf168234ab0ab65730ee4b58e82d3cfa31f35ffa9322ed53eb32
resnet,independent_rms,43,bandpass_n20002_cRA_LA_V1_V6_independent_rms_s15,phase2/results/predictions/full/independent_rms/resnet/seed_43/bandpass_n20002_cRA_LA_V1_V6_independent_rms_s15.npz,76459,1ac50cb2dec908a322e36b671847353f7fb5338dfb13e134ba381a5b0cbeabdf
resnet,independent_rms,43,bandpass_n20002_cRA_LA_V1_V6_independent_rms_s10,phase2/results/predictions/full/independent_rms/resnet/seed_43/bandpass_n20002_cRA_LA_V1_V6_independent_rms_s10.npz,76428,8b92d385e794698393a32c9f3ea72bbddf31a830cbd2a4f73083026ada4d441d
resnet,independent_rms,43,bandpass_n20002_cRA_LA_V1_V6_independent_rms_s5,phase2/results/predictions/full/independent_rms/resnet/seed_43/bandpass_n20002_cRA_LA_V1_V6_independent_rms_s5.npz,76239,a1286a3bc5b3814f0b1d13da55151a1ffc58eb16cbab59576b385d7a40d2db3a
resnet,independent_rms,43,bandpass_n20002_cRA_LA_V1_V6_independent_rms_s0,phase2/results/predictions/full/independent_rms/resnet/seed_43/bandpass_n20002_cRA_LA_V1_V6_independent_rms_s0.npz,75886,65aed381408eeb370a8137136c35d9c7c2d2ab21ec2d83a79608eeca5a72bab9
resnet,independent_rms,43,bandpass_n20002_cRA_LA_V1_V6_electrode_s20,phase2/results/predictions/full/independent_rms/resnet/seed_43/bandpass_n20002_cRA_LA_V1_V6_electrode_s20.npz,76476,67569a63b75f3b54cece35c6ba1b3401157d314dc2418cc639851cf0ee039a79
resnet,independent_rms,43,bandpass_n20002_cRA_LA_V1_V6_electrode_s15,phase2/results/predictions/full/independent_rms/resnet/seed_43/bandpass_n20002_cRA_LA_V1_V6_electrode_s15.npz,76449,f430542263dd91c4d86cb1afcf992ba7c9a508251f37cbc3b39b27086f7a772d
resnet,independent_rms,43,bandpass_n20002_cRA_LA_V1_V6_electrode_s10,phase2/results/predictions/full/independent_rms/resnet/seed_43/bandpass_n20002_cRA_LA_V1_V6_electrode_s10.npz,76387,1552a6401636ef531c72165e23e9b75bceeb9dd2c93504cd42d0d6367fa98c55
resnet,independent_rms,43,bandpass_n20002_cRA_LA_V1_V6_electrode_s5,phase2/results/predictions/full/independent_rms/resnet/seed_43/bandpass_n20002_cRA_LA_V1_V6_electrode_s5.npz,76162,3db9b6744910af333347694ffade641bc41a39424b27a3a6c7b53bd3b53df2fe
resnet,independent_rms,43,bandpass_n20002_cRA_LA_V1_V6_electrode_s0,phase2/results/predictions/full/independent_rms/resnet/seed_43/bandpass_n20002_cRA_LA_V1_V6_electrode_s0.npz,75674,a56fd3b46683c99e45b7d39b920eaaf58806015ea2758ef6e9f66903e62167b4
resnet,independent_rms,43,bandpass_n20002_cRA_LA_V1_V6_covariance_s20,phase2/results/predictions/full/independent_rms/resnet/seed_43/bandpass_n20002_cRA_LA_V1_V6_covariance_s20.npz,76459,2207ed30ee01918c064718d07cc8e61801aef64ac96ddd355c16519469514c85
resnet,independent_rms,43,bandpass_n20002_cRA_LA_V1_V6_covariance_s15,phase2/results/predictions/full/independent_rms/resnet/seed_43/bandpass_n20002_cRA_LA_V1_V6_covariance_s15.npz,76471,895f3b23aedd3662a434a8b894d6143919e2c52aaa22a06853da441ac60c21bb
resnet,independent_rms,43,bandpass_n20002_cRA_LA_V1_V6_covariance_s10,phase2/results/predictions/full/independent_rms/resnet/seed_43/bandpass_n20002_cRA_LA_V1_V6_covariance_s10.npz,76377,8f1bbc40ac30d58cff7706d7d8f42f38311b681b0bb70ba9d200d17fc1bb48db
resnet,independent_rms,43,bandpass_n20002_cRA_LA_V1_V6_covariance_s5,phase2/results/predictions/full/independent_rms/resnet/seed_43/bandpass_n20002_cRA_LA_V1_V6_covariance_s5.npz,76178,e0790bf290659089a7fd6750cbd4ea78a4fefe47a94bf1360c82be6ac28517eb
resnet,independent_rms,43,bandpass_n20002_cRA_LA_V1_V6_covariance_s0,phase2/results/predictions/full/independent_rms/resnet/seed_43/bandpass_n20002_cRA_LA_V1_V6_covariance_s0.npz,75681,69f629823737c8efb29e2335fd2f7d155bdc1a79c5cfd9ba6cfc0c6774ce0c69
resnet,independent_rms,43,bandpass_n20002_cRA_V2_V5_independent_rms_s20,phase2/results/predictions/full/independent_rms/resnet/seed_43/bandpass_n20002_cRA_V2_V5_independent_rms_s20.npz,76477,bd391fdac29567dcbf6705da5947d2a58d34526ad2f946c063084d0259fb5561
resnet,independent_rms,43,bandpass_n20002_cRA_V2_V5_independent_rms_s15,phase2/results/predictions/full/independent_rms/resnet/seed_43/bandpass_n20002_cRA_V2_V5_independent_rms_s15.npz,76475,45b98303ac9502f5170566f760922adab49611cc167e7b7073ea4daf3c702496
resnet,independent_rms,43,bandpass_n20002_cRA_V2_V5_independent_rms_s10,phase2/results/predictions/full/independent_rms/resnet/seed_43/bandpass_n20002_cRA_V2_V5_independent_rms_s10.npz,76425,9878d5f84fcf5e9b9670746b50a125bafe94baae62b19b899a7728a3f3117fb2
resnet,independent_rms,43,bandpass_n20002_cRA_V2_V5_independent_rms_s5,phase2/results/predictions/full/independent_rms/resnet/seed_43/bandpass_n20002_cRA_V2_V5_independent_rms_s5.npz,76260,05e1e480961c87718dd2122b3d63c79888e893b5f2ac57efa7cc8afe4f5d9e0e
resnet,independent_rms,43,bandpass_n20002_cRA_V2_V5_independent_rms_s0,phase2/results/predictions/full/independent_rms/resnet/seed_43/bandpass_n20002_cRA_V2_V5_independent_rms_s0.npz,75953,064ec5dc9ea1078696304e591b29860a04cddcd65068a18576c9a0b16f036cdb
resnet,independent_rms,43,bandpass_n20002_cRA_V2_V5_electrode_s20,phase2/results/predictions/full/independent_rms/resnet/seed_43/bandpass_n20002_cRA_V2_V5_electrode_s20.npz,76478,6e4549f04a9620095bf27cb2aec84866957bda858774b48e3351a56e52d3600b
resnet,independent_rms,43,bandpass_n20002_cRA_V2_V5_electrode_s15,phase2/results/predictions/full/independent_rms/resnet/seed_43/bandpass_n20002_cRA_V2_V5_electrode_s15.npz,76456,4e070111b2d1b124da57de554451d8f3117d96c0ba8e458e9b69ce76b9cdaa79
resnet,independent_rms,43,bandpass_n20002_cRA_V2_V5_electrode_s10,phase2/results/predictions/full/independent_rms/resnet/seed_43/bandpass_n20002_cRA_V2_V5_electrode_s10.npz,76388,e93624faabfa54f1e5d7d297c2b43f4e6cff34703a40633ecab617017768e317
resnet,independent_rms,43,bandpass_n20002_cRA_V2_V5_electrode_s5,phase2/results/predictions/full/independent_rms/resnet/seed_43/bandpass_n20002_cRA_V2_V5_electrode_s5.npz,76150,f490d829a214e6fbacee6d527c816daf630855efcddf7caadaf7453a87017c57
resnet,independent_rms,43,bandpass_n20002_cRA_V2_V5_electrode_s0,phase2/results/predictions/full/independent_rms/resnet/seed_43/bandpass_n20002_cRA_V2_V5_electrode_s0.npz,75765,e8ab525bcae1a1150af476f109b9786797c37e40456a6e026bec96123f48a8df
resnet,independent_rms,43,bandpass_n20002_cRA_V2_V5_covariance_s20,phase2/results/predictions/full/independent_rms/resnet/seed_43/bandpass_n20002_cRA_V2_V5_covariance_s20.npz,76441,46287ef19a49d2c3e1d237e394f2e6ab1a14c7d71b15fd67736950e7259fff8f
resnet,independent_rms,43,bandpass_n20002_cRA_V2_V5_covariance_s15,phase2/results/predictions/full/independent_rms/resnet/seed_43/bandpass_n20002_cRA_V2_V5_covariance_s15.npz,76443,4beaf5493ee18719edeae727239c954c237b3c6fa590a5d4ffb6909b2f241da4
resnet,independent_rms,43,bandpass_n20002_cRA_V2_V5_covariance_s10,phase2/results/predictions/full/independent_rms/resnet/seed_43/bandpass_n20002_cRA_V2_V5_covariance_s10.npz,76376,1b37901d4b4886b4693d51ea25ef2185ed4aeabaa2c3a76b3fe00041b57b0225
resnet,independent_rms,43,bandpass_n20002_cRA_V2_V5_covariance_s5,phase2/results/predictions/full/independent_rms/resnet/seed_43/bandpass_n20002_cRA_V2_V5_covariance_s5.npz,76179,48489c9dfba04903ac3656d6aabb1ad3ab2f1910f24261372b413fcddb5d8007
resnet,independent_rms,43,bandpass_n20002_cRA_V2_V5_covariance_s0,phase2/results/predictions/full/independent_rms/resnet/seed_43/bandpass_n20002_cRA_V2_V5_covariance_s0.npz,75764,97e25a73d574a74891dac03ed51e22aa0879606328387c33dd4b5c542994b998
resnet,independent_rms,43,bandpass_n20002_cLA_V3_V6_independent_rms_s20,phase2/results/predictions/full/independent_rms/resnet/seed_43/bandpass_n20002_cLA_V3_V6_independent_rms_s20.npz,76465,c06b08004d435293a28d1eee9aec14b54ff6968d2d5003fb3bc4a2e97f8d7c95
resnet,independent_rms,43,bandpass_n20002_cLA_V3_V6_independent_rms_s15,phase2/results/predictions/full/independent_rms/resnet/seed_43/bandpass_n20002_cLA_V3_V6_independent_rms_s15.npz,76478,add00020d293988908eb6c9d06c3bec14709860b9fe6922f2a740d01cb4a69db
resnet,independent_rms,43,bandpass_n20002_cLA_V3_V6_independent_rms_s10,phase2/results/predictions/full/independent_rms/resnet/seed_43/bandpass_n20002_cLA_V3_V6_independent_rms_s10.npz,76425,6df51f398d2df4ed1631cb5dd5c8d1e16e94fa6322f591e679f420d79de44108
resnet,independent_rms,43,bandpass_n20002_cLA_V3_V6_independent_rms_s5,phase2/results/predictions/full/independent_rms/resnet/seed_43/bandpass_n20002_cLA_V3_V6_independent_rms_s5.npz,76287,e5e4ad77decb7c3c22d8d3c7377503a7720f79dfd5982b75d8b1ab1b882a0f4b
resnet,independent_rms,43,bandpass_n20002_cLA_V3_V6_independent_rms_s0,phase2/results/predictions/full/independent_rms/resnet/seed_43/bandpass_n20002_cLA_V3_V6_independent_rms_s0.npz,75960,3b7aa79875f7964a960aef73c296944972cd237b128c1796b5a83773de7e2af7
resnet,independent_rms,43,bandpass_n20002_cLA_V3_V6_electrode_s20,phase2/results/predictions/full/independent_rms/resnet/seed_43/bandpass_n20002_cLA_V3_V6_electrode_s20.npz,76448,257b5f9ddcbc3ab77590c738626d7e7de60f72e4a99347a21ee1a1e20ba12da1
resnet,independent_rms,43,bandpass_n20002_cLA_V3_V6_electrode_s15,phase2/results/predictions/full/independent_rms/resnet/seed_43/bandpass_n20002_cLA_V3_V6_electrode_s15.npz,76465,ffde0216e54c6207d06a0489f3dd4fe8438fa1beb55ea323054326f812e8e518
resnet,independent_rms,43,bandpass_n20002_cLA_V3_V6_electrode_s10,phase2/results/predictions/full/independent_rms/resnet/seed_43/bandpass_n20002_cLA_V3_V6_electrode_s10.npz,76386,0c8746122a3672e23600f7c400b357af0fa36cafcd418e50c518f7156f026152
resnet,independent_rms,43,bandpass_n20002_cLA_V3_V6_electrode_s5,phase2/results/predictions/full/independent_rms/resnet/seed_43/bandpass_n20002_cLA_V3_V6_electrode_s5.npz,76206,d80debb8579b1ab39836beacdae260e9031417c04bbde744e74f6f8eaa6085d6
resnet,independent_rms,43,bandpass_n20002_cLA_V3_V6_electrode_s0,phase2/results/predictions/full/independent_rms/resnet/seed_43/bandpass_n20002_cLA_V3_V6_electrode_s0.npz,75771,f917ab02b86e9969a9979ba7c5d9a4592d4f2d32394062bbdb061931a31d58eb
resnet,independent_rms,43,bandpass_n20002_cLA_V3_V6_covariance_s20,phase2/results/predictions/full/independent_rms/resnet/seed_43/bandpass_n20002_cLA_V3_V6_covariance_s20.npz,76498,102c83c0bb6ade8d7e81a563106834b7661ccff45fd490fefb20c4b4fcf0e427
resnet,independent_rms,43,bandpass_n20002_cLA_V3_V6_covariance_s15,phase2/results/predictions/full/independent_rms/resnet/seed_43/bandpass_n20002_cLA_V3_V6_covariance_s15.npz,76451,39836cc44c1e517b8b203ebbdb86347ef77046b98d5800d17b085eb8d50410e2
resnet,independent_rms,43,bandpass_n20002_cLA_V3_V6_covariance_s10,phase2/results/predictions/full/independent_rms/resnet/seed_43/bandpass_n20002_cLA_V3_V6_covariance_s10.npz,76360,b23d7a4a5a69ce4d71489b8a2e00a3f89a33ae0e99d3f101de3e52e1d6c139d5
resnet,independent_rms,43,bandpass_n20002_cLA_V3_V6_covariance_s5,phase2/results/predictions/full/independent_rms/resnet/seed_43/bandpass_n20002_cLA_V3_V6_covariance_s5.npz,76197,45df934dc9cc858f9e14972328ea19fe5a1b25c1290f8a1d72623724abfd6561
resnet,independent_rms,43,bandpass_n20002_cLA_V3_V6_covariance_s0,phase2/results/predictions/full/independent_rms/resnet/seed_43/bandpass_n20002_cLA_V3_V6_covariance_s0.npz,75768,6e670712f05e6f42f9d2a0c163af7f82a0b0cc32489523a7d1e91981af82f26b
resnet,independent_rms,43,bandpass_n20002_cLL_V1_V4_independent_rms_s20,phase2/results/predictions/full/independent_rms/resnet/seed_43/bandpass_n20002_cLL_V1_V4_independent_rms_s20.npz,76491,87a5095a33512f9f24f5e5a22c305d196e5cd4ec29d834a7c210f255663ac5a8
resnet,independent_rms,43,bandpass_n20002_cLL_V1_V4_independent_rms_s15,phase2/results/predictions/full/independent_rms/resnet/seed_43/bandpass_n20002_cLL_V1_V4_independent_rms_s15.npz,76481,108ee860f522f1734ecc6f169518ed4505cdcfec0de7d576c38284f81d391a61
resnet,independent_rms,43,bandpass_n20002_cLL_V1_V4_independent_rms_s10,phase2/results/predictions/full/independent_rms/resnet/seed_43/bandpass_n20002_cLL_V1_V4_independent_rms_s10.npz,76414,00d907aa3aa8f4b1e457815b0b059b7ce6f71bf53cd4897fa3fb07fc7741cda7
resnet,independent_rms,43,bandpass_n20002_cLL_V1_V4_independent_rms_s5,phase2/results/predictions/full/independent_rms/resnet/seed_43/bandpass_n20002_cLL_V1_V4_independent_rms_s5.npz,76226,23580cdff671d08e1b23a29779f9201c56683a40f1c0a4315a3327c1760a4b30
resnet,independent_rms,43,bandpass_n20002_cLL_V1_V4_independent_rms_s0,phase2/results/predictions/full/independent_rms/resnet/seed_43/bandpass_n20002_cLL_V1_V4_independent_rms_s0.npz,75830,9200672ac2d4e768627dc8c6e44d987f4cb9b765e4ca70532b04b57f30e22376
resnet,independent_rms,43,bandpass_n20002_cLL_V1_V4_electrode_s20,phase2/results/predictions/full/independent_rms/resnet/seed_43/bandpass_n20002_cLL_V1_V4_electrode_s20.npz,76473,fe4fc9b5d82689cbda98903c679d19aee8f5b12d0011cd83e73a494dd227d342
resnet,independent_rms,43,bandpass_n20002_cLL_V1_V4_electrode_s15,phase2/results/predictions/full/independent_rms/resnet/seed_43/bandpass_n20002_cLL_V1_V4_electrode_s15.npz,76406,89f82e0a30cb036b4cdb967aa838966890d37bc419a2bccb3f40e0fbebaf5fcd
resnet,independent_rms,43,bandpass_n20002_cLL_V1_V4_electrode_s10,phase2/results/predictions/full/independent_rms/resnet/seed_43/bandpass_n20002_cLL_V1_V4_electrode_s10.npz,76337,7c1b4640798d67cef5ff94c1e457b1b32d46343a3c06c06f372d11c840d9ca81
resnet,independent_rms,43,bandpass_n20002_cLL_V1_V4_electrode_s5,phase2/results/predictions/full/independent_rms/resnet/seed_43/bandpass_n20002_cLL_V1_V4_electrode_s5.npz,76057,8f189fdeca2b00f3c679daaa115b9d1964d17edbecf853899b1ed420d10f8395
resnet,independent_rms,43,bandpass_n20002_cLL_V1_V4_electrode_s0,phase2/results/predictions/full/independent_rms/resnet/seed_43/bandpass_n20002_cLL_V1_V4_electrode_s0.npz,75682,f1caa2b949a316585a84e0ecedbb856c5719f51278752b3228ad4bd9d5adf3f0
resnet,independent_rms,43,bandpass_n20002_cLL_V1_V4_covariance_s20,phase2/results/predictions/full/independent_rms/resnet/seed_43/bandpass_n20002_cLL_V1_V4_covariance_s20.npz,76460,403aa4f946aee2f75f77ebe91bf267d0d19d3d1d5e42252f801b41151cfde555
resnet,independent_rms,43,bandpass_n20002_cLL_V1_V4_covariance_s15,phase2/results/predictions/full/independent_rms/resnet/seed_43/bandpass_n20002_cLL_V1_V4_covariance_s15.npz,76431,740f6824b09d046a3e76d511df6697a9ebe2b3fe45e015120f703e8c38ddf2b8
resnet,independent_rms,43,bandpass_n20002_cLL_V1_V4_covariance_s10,phase2/results/predictions/full/independent_rms/resnet/seed_43/bandpass_n20002_cLL_V1_V4_covariance_s10.npz,76339,912886d68092681b557088163335e2c897805c9ad25a52f01ac5fa22cebce594
resnet,independent_rms,43,bandpass_n20002_cLL_V1_V4_covariance_s5,phase2/results/predictions/full/independent_rms/resnet/seed_43/bandpass_n20002_cLL_V1_V4_covariance_s5.npz,76090,5523e7bf9de39a2ed4de50deb3f8d3f4234b49ea2fc14bc2533a0e32f5d8e094
resnet,independent_rms,43,bandpass_n20002_cLL_V1_V4_covariance_s0,phase2/results/predictions/full/independent_rms/resnet/seed_43/bandpass_n20002_cLL_V1_V4_covariance_s0.npz,75676,81cefcf2a2a2d458842d3fe24a7104213eb6eb96025cbdb82c9198e78173f1d7
resnet,independent_rms,43,bandpass_n20002_call_independent_rms_s20,phase2/results/predictions/full/independent_rms/resnet/seed_43/bandpass_n20002_call_independent_rms_s20.npz,76443,88ad97bc143b16843106c70d680f3a328b7c69386702321cc5c7d82ee754128e
resnet,independent_rms,43,bandpass_n20002_call_independent_rms_s15,phase2/results/predictions/full/independent_rms/resnet/seed_43/bandpass_n20002_call_independent_rms_s15.npz,76399,ca345d1dddbd72f23d4379dc9d2fb0904fa3fdbf935ea7c0b0294c89ddf0f97f
resnet,independent_rms,43,bandpass_n20002_call_independent_rms_s10,phase2/results/predictions/full/independent_rms/resnet/seed_43/bandpass_n20002_call_independent_rms_s10.npz,76428,dc0e07a5b5f1fa974b6f537222ddbf8d4af22eead306b033496056fe99c8dfdc
resnet,independent_rms,43,bandpass_n20002_call_independent_rms_s5,phase2/results/predictions/full/independent_rms/resnet/seed_43/bandpass_n20002_call_independent_rms_s5.npz,76207,1570e27ea13c846659b0491df49797aeefdcbea92ac44141719d330d030b3531
resnet,independent_rms,43,bandpass_n20002_call_independent_rms_s0,phase2/results/predictions/full/independent_rms/resnet/seed_43/bandpass_n20002_call_independent_rms_s0.npz,75905,05e8b0e91cde6febd4a09118f19cc1941983da2e88c587a9708f9c03ea428aef
resnet,independent_rms,43,bandpass_n20002_call_electrode_s20,phase2/results/predictions/full/independent_rms/resnet/seed_43/bandpass_n20002_call_electrode_s20.npz,76410,1bd0d04e1a6f128c2272e5745604e3755bbc2462b5335b33987e7a475581bc28
resnet,independent_rms,43,bandpass_n20002_call_electrode_s15,phase2/results/predictions/full/independent_rms/resnet/seed_43/bandpass_n20002_call_electrode_s15.npz,76426,578c799ef1b3d29a454b31671e72d7bcaf5dbfd099d9c5192d43b7da6824232c
resnet,independent_rms,43,bandpass_n20002_call_electrode_s10,phase2/results/predictions/full/independent_rms/resnet/seed_43/bandpass_n20002_call_electrode_s10.npz,76313,c5e3e08dcd2f2e4e98ee90994f05051e8963d5a2debf0e6eae91b04ce05aacd6
resnet,independent_rms,43,bandpass_n20002_call_electrode_s5,phase2/results/predictions/full/independent_rms/resnet/seed_43/bandpass_n20002_call_electrode_s5.npz,76077,7f645118057a6a36f017c914222e61921cdabb34df72668dd85d2f057a914874
resnet,independent_rms,43,bandpass_n20002_call_electrode_s0,phase2/results/predictions/full/independent_rms/resnet/seed_43/bandpass_n20002_call_electrode_s0.npz,75608,2f4df3f7a9d8ecfd4aedeb2956479974409ba1314ba5944677eb239fb1be1151
resnet,independent_rms,43,bandpass_n20002_call_covariance_s20,phase2/results/predictions/full/independent_rms/resnet/seed_43/bandpass_n20002_call_covariance_s20.npz,76392,5eb83dd752f7c7774661715ec6c541a6265979365a0a53772051bc5efb5e9500
resnet,independent_rms,43,bandpass_n20002_call_covariance_s15,phase2/results/predictions/full/independent_rms/resnet/seed_43/bandpass_n20002_call_covariance_s15.npz,76394,ca3af874361e3400079c7da44e22f1b4a3f754c9e6d240ce9ab82605bd46a45c
resnet,independent_rms,43,bandpass_n20002_call_covariance_s10,phase2/results/predictions/full/independent_rms/resnet/seed_43/bandpass_n20002_call_covariance_s10.npz,76328,6ad8551eadd6e93ba04f67ca1e1b5c3929278a2e1c54f625576970cf6290410b
resnet,independent_rms,43,bandpass_n20002_call_covariance_s5,phase2/results/predictions/full/independent_rms/resnet/seed_43/bandpass_n20002_call_covariance_s5.npz,76092,083342d4e89a6baabc2ec103011a116f968341aec02190b813f9b2e71007d9e6
resnet,independent_rms,43,bandpass_n20002_call_covariance_s0,phase2/results/predictions/full/independent_rms/resnet/seed_43/bandpass_n20002_call_covariance_s0.npz,75593,1c61b86472434ccb834e6b9c9131ccee3364e520d49d5858efd7f45e02893493
resnet,independent_rms,43,bandpass_n20003_cRA_LA_LL_independent_rms_s20,phase2/results/predictions/full/independent_rms/resnet/seed_43/bandpass_n20003_cRA_LA_LL_independent_rms_s20.npz,76443,ee48751d18c044d17ad524a4dcd0203d7350db89a9cda93ff7b7ab1288eddb91
resnet,independent_rms,43,bandpass_n20003_cRA_LA_LL_independent_rms_s15,phase2/results/predictions/full/independent_rms/resnet/seed_43/bandpass_n20003_cRA_LA_LL_independent_rms_s15.npz,76465,861f15e6aeea4c4a6e1ba0041ff7f915aec8d42b1fa43e1575856610b01fd3f3
resnet,independent_rms,43,bandpass_n20003_cRA_LA_LL_independent_rms_s10,phase2/results/predictions/full/independent_rms/resnet/seed_43/bandpass_n20003_cRA_LA_LL_independent_rms_s10.npz,76387,27cad633d5da7940d7f76c44955a52b25b3d3d5595dc5a393ffe1dd627ab39e7
resnet,independent_rms,43,bandpass_n20003_cRA_LA_LL_independent_rms_s5,phase2/results/predictions/full/independent_rms/resnet/seed_43/bandpass_n20003_cRA_LA_LL_independent_rms_s5.npz,76217,3880484f59fc2f434b7cbba23ed4a5b8297f48bf2d2d68339ec7779ff7e9eda3
resnet,independent_rms,43,bandpass_n20003_cRA_LA_LL_independent_rms_s0,phase2/results/predictions/full/independent_rms/resnet/seed_43/bandpass_n20003_cRA_LA_LL_independent_rms_s0.npz,75858,f901ea690137bb4e768af4eae6985a0f977deb8d3d459dc802ed2dc186511322
resnet,independent_rms,43,bandpass_n20003_cRA_LA_LL_electrode_s20,phase2/results/predictions/full/independent_rms/resnet/seed_43/bandpass_n20003_cRA_LA_LL_electrode_s20.npz,76425,6270409c935312b590bb8a0f73a1da1836af09d55686a9c5b592455deb33dbe7
resnet,independent_rms,43,bandpass_n20003_cRA_LA_LL_electrode_s15,phase2/results/predictions/full/independent_rms/resnet/seed_43/bandpass_n20003_cRA_LA_LL_electrode_s15.npz,76443,26012baf6d8a193f892dbf3a4d8cae3209bd0744e923e99abc2c908ad181b07d
resnet,independent_rms,43,bandpass_n20003_cRA_LA_LL_electrode_s10,phase2/results/predictions/full/independent_rms/resnet/seed_43/bandpass_n20003_cRA_LA_LL_electrode_s10.npz,76348,2689ae7b9f2f7e7ab241aeb8ff127b1dc66747527c1f991121e6aa640a114633
resnet,independent_rms,43,bandpass_n20003_cRA_LA_LL_electrode_s5,phase2/results/predictions/full/independent_rms/resnet/seed_43/bandpass_n20003_cRA_LA_LL_electrode_s5.npz,76051,d355ab89c287307ca1df096abf5f36ed1c8aa13e18fec3cd1c66bd45a5392199
resnet,independent_rms,43,bandpass_n20003_cRA_LA_LL_electrode_s0,phase2/results/predictions/full/independent_rms/resnet/seed_43/bandpass_n20003_cRA_LA_LL_electrode_s0.npz,75539,e84b571c8f66844566a7336ada1be2df1c9a1b6895ffae3c6d998c0800c274e1
resnet,independent_rms,43,bandpass_n20003_cRA_LA_LL_covariance_s20,phase2/results/predictions/full/independent_rms/resnet/seed_43/bandpass_n20003_cRA_LA_LL_covariance_s20.npz,76453,3313209ef35ecc35f55d13b33d92aa810ca3e90ed89d5766debeea2bdf963acf
resnet,independent_rms,43,bandpass_n20003_cRA_LA_LL_covariance_s15,phase2/results/predictions/full/independent_rms/resnet/seed_43/bandpass_n20003_cRA_LA_LL_covariance_s15.npz,76416,85f0d3cfc6fd72fd0ae0007f32044c94d760d18cc2c0f7cb7ad0594688b620c9
resnet,independent_rms,43,bandpass_n20003_cRA_LA_LL_covariance_s10,phase2/results/predictions/full/independent_rms/resnet/seed_43/bandpass_n20003_cRA_LA_LL_covariance_s10.npz,76326,1eb47a27efddef37f4431ebf66658bbe83452a08c3bd8fb0e0da198ed7e231ec
resnet,independent_rms,43,bandpass_n20003_cRA_LA_LL_covariance_s5,phase2/results/predictions/full/independent_rms/resnet/seed_43/bandpass_n20003_cRA_LA_LL_covariance_s5.npz,76096,4c5991e1298dd2b96e5b0129a7a7dcada312175b8036e165a225d639a5bfceb0
resnet,independent_rms,43,bandpass_n20003_cRA_LA_LL_covariance_s0,phase2/results/predictions/full/independent_rms/resnet/seed_43/bandpass_n20003_cRA_LA_LL_covariance_s0.npz,75583,b47285751fc1eb1aa5b3e4d7aea17ea7d8610f0a06778c06ffa1bf849cd0605b
resnet,independent_rms,43,bandpass_n20003_cV1_independent_rms_s20,phase2/results/predictions/full/independent_rms/resnet/seed_43/bandpass_n20003_cV1_independent_rms_s20.npz,76459,98179960c3996fca453036c01d303edfb2ea3cccacc650639cec8b7574057a04
resnet,independent_rms,43,bandpass_n20003_cV1_independent_rms_s15,phase2/results/predictions/full/independent_rms/resnet/seed_43/bandpass_n20003_cV1_independent_rms_s15.npz,76443,e58d05db617a85c96c05ef1ab29bac0ba8b46aeee29f45da1065bb78712d7fdb
resnet,independent_rms,43,bandpass_n20003_cV1_independent_rms_s10,phase2/results/predictions/full/independent_rms/resnet/seed_43/bandpass_n20003_cV1_independent_rms_s10.npz,76382,22ee4c7d9719666b5bea050dc46be58a5f1d712fd2f9e8a80ea9fb128664f483
resnet,independent_rms,43,bandpass_n20003_cV1_independent_rms_s5,phase2/results/predictions/full/independent_rms/resnet/seed_43/bandpass_n20003_cV1_independent_rms_s5.npz,76212,863e663ba2e00d7b9f61c7e0310ef23e3339302a3e07608fec6bf552370ed87b
resnet,independent_rms,43,bandpass_n20003_cV1_independent_rms_s0,phase2/results/predictions/full/independent_rms/resnet/seed_43/bandpass_n20003_cV1_independent_rms_s0.npz,75742,721a2ddb2d35e27e3154b48508117d34c7cfcf02b52a9d734b071fe144995152
resnet,independent_rms,43,bandpass_n20003_cV1_electrode_s20,phase2/results/predictions/full/independent_rms/resnet/seed_43/bandpass_n20003_cV1_electrode_s20.npz,76439,1a06f91f6acd09cbd668dfceae908c9187961be61f32c5d4478b96fb60b2cb5d
resnet,independent_rms,43,bandpass_n20003_cV1_electrode_s15,phase2/results/predictions/full/independent_rms/resnet/seed_43/bandpass_n20003_cV1_electrode_s15.npz,76408,ca3e12b06663297b469adde1fb32e6f566c61a614fd90740c464e39afb0e75d9
resnet,independent_rms,43,bandpass_n20003_cV1_electrode_s10,phase2/results/predictions/full/independent_rms/resnet/seed_43/bandpass_n20003_cV1_electrode_s10.npz,76360,d235e1015c3f4453e9c8830479023bf1f12668b3ac1a98ab6811b920ea15f2c1
resnet,independent_rms,43,bandpass_n20003_cV1_electrode_s5,phase2/results/predictions/full/independent_rms/resnet/seed_43/bandpass_n20003_cV1_electrode_s5.npz,76195,96087c2b6ca64fb43caf76e8b27032eb60e18eaff34bdbf345dbdfc56f4e900a
resnet,independent_rms,43,bandpass_n20003_cV1_electrode_s0,phase2/results/predictions/full/independent_rms/resnet/seed_43/bandpass_n20003_cV1_electrode_s0.npz,75710,c21c122b8ad78708d6ea5281f20fcb99eb60a1c9476ea6f64fd269e9f340a397
resnet,independent_rms,43,bandpass_n20003_cV1_covariance_s20,phase2/results/predictions/full/independent_rms/resnet/seed_43/bandpass_n20003_cV1_covariance_s20.npz,76432,c5fa18f910bb5551f279894b0d9a929cdecfb9818ff8039538afeaab7d4b3fff
resnet,independent_rms,43,bandpass_n20003_cV1_covariance_s15,phase2/results/predictions/full/independent_rms/resnet/seed_43/bandpass_n20003_cV1_covariance_s15.npz,76437,1dde458d235d41cdfa361c622eb1083f414b0e436f2823858889055cb2446dd3
resnet,independent_rms,43,bandpass_n20003_cV1_covariance_s10,phase2/results/predictions/full/independent_rms/resnet/seed_43/bandpass_n20003_cV1_covariance_s10.npz,76374,dcbf568e7bb4fe8db00078a5859f4092dc95bcd76949de4616987f3480c691d6
resnet,independent_rms,43,bandpass_n20003_cV1_covariance_s5,phase2/results/predictions/full/independent_rms/resnet/seed_43/bandpass_n20003_cV1_covariance_s5.npz,76172,c27b7fb55ff77b273efdc30a37ee50362b8b45128d3ae35443ed80437771ad1c
resnet,independent_rms,43,bandpass_n20003_cV1_covariance_s0,phase2/results/predictions/full/independent_rms/resnet/seed_43/bandpass_n20003_cV1_covariance_s0.npz,75722,db67dcaa8050249634bd12da53a80729330f370f965537987dc9fea35bef7302
resnet,independent_rms,43,bandpass_n20003_cV2_independent_rms_s20,phase2/results/predictions/full/independent_rms/resnet/seed_43/bandpass_n20003_cV2_independent_rms_s20.npz,76434,d5177ea78c707191323efd556e64ae80255b9b251c24130bca69545fd4303e45
resnet,independent_rms,43,bandpass_n20003_cV2_independent_rms_s15,phase2/results/predictions/full/independent_rms/resnet/seed_43/bandpass_n20003_cV2_independent_rms_s15.npz,76437,6e2a54356a2c3f091e544160e90a80c31264b95fb88008d2f32e809cb53d7355
resnet,independent_rms,43,bandpass_n20003_cV2_independent_rms_s10,phase2/results/predictions/full/independent_rms/resnet/seed_43/bandpass_n20003_cV2_independent_rms_s10.npz,76403,1785428745b73f1484eab00679bc8392455e815732b0fd6bb54c89d4dbf1b95b
resnet,independent_rms,43,bandpass_n20003_cV2_independent_rms_s5,phase2/results/predictions/full/independent_rms/resnet/seed_43/bandpass_n20003_cV2_independent_rms_s5.npz,76262,ddb31da49ecfe4c5fe3513a5dd0ae81d8f4a3ba7ab9ed670450431f9129b130f
resnet,independent_rms,43,bandpass_n20003_cV2_independent_rms_s0,phase2/results/predictions/full/independent_rms/resnet/seed_43/bandpass_n20003_cV2_independent_rms_s0.npz,75917,57154383a97dfdf88fe75434b402ad30cbb0615339c71127bef83d732e55f172
resnet,independent_rms,43,bandpass_n20003_cV2_electrode_s20,phase2/results/predictions/full/independent_rms/resnet/seed_43/bandpass_n20003_cV2_electrode_s20.npz,76439,fe59590cb63365e3651678b836a86c6a16b6f16af271fcc27e6db58a51d6c02e
resnet,independent_rms,43,bandpass_n20003_cV2_electrode_s15,phase2/results/predictions/full/independent_rms/resnet/seed_43/bandpass_n20003_cV2_electrode_s15.npz,76436,35db18866a7e0d349253c8ba501c83583193fca5c28da8e709e23fb3115f9f47
resnet,independent_rms,43,bandpass_n20003_cV2_electrode_s10,phase2/results/predictions/full/independent_rms/resnet/seed_43/bandpass_n20003_cV2_electrode_s10.npz,76381,f5caa80c134b5ee9d0701967ea77fc0e8f4b65141ffc5b8fc4814019281e5cc5
resnet,independent_rms,43,bandpass_n20003_cV2_electrode_s5,phase2/results/predictions/full/independent_rms/resnet/seed_43/bandpass_n20003_cV2_electrode_s5.npz,76227,5d5078369f45bb24caadeb9917a611d2e83abf00391959215bf6bb41b9364e2f
resnet,independent_rms,43,bandpass_n20003_cV2_electrode_s0,phase2/results/predictions/full/independent_rms/resnet/seed_43/bandpass_n20003_cV2_electrode_s0.npz,75890,183c05cfebc35a5c96d50491344a55543ae829085cf0d300b714d6262bf2f0fc
resnet,independent_rms,43,bandpass_n20003_cV2_covariance_s20,phase2/results/predictions/full/independent_rms/resnet/seed_43/bandpass_n20003_cV2_covariance_s20.npz,76403,12a213fb2896fd147cd9a060ba668bba2080e95b544aaf34c28582668db5bc85
resnet,independent_rms,43,bandpass_n20003_cV2_covariance_s15,phase2/results/predictions/full/independent_rms/resnet/seed_43/bandpass_n20003_cV2_covariance_s15.npz,76445,5b7d2e15279dbd44e65b8ebd0c8a9d4b4b7b6e626c3bcf8d9b321d92aee3460d
resnet,independent_rms,43,bandpass_n20003_cV2_covariance_s10,phase2/results/predictions/full/independent_rms/resnet/seed_43/bandpass_n20003_cV2_covariance_s10.npz,76358,bf09ff25d713df0920a4e4fc9a84b3cb73ee0e6ac5b8b2e3e2f1bd92c692c68a
resnet,independent_rms,43,bandpass_n20003_cV2_covariance_s5,phase2/results/predictions/full/independent_rms/resnet/seed_43/bandpass_n20003_cV2_covariance_s5.npz,76226,b3e0fe03c7033916a285fc22fc70b5a2809f833ccc209d303ce8efcf92794e7f
resnet,independent_rms,43,bandpass_n20003_cV2_covariance_s0,phase2/results/predictions/full/independent_rms/resnet/seed_43/bandpass_n20003_cV2_covariance_s0.npz,75885,cc55d23b694eec41e3d1709b0fc27e81af4cfcba26c4e291311d834a3d9bd622
resnet,independent_rms,43,bandpass_n20003_cV3_independent_rms_s20,phase2/results/predictions/full/independent_rms/resnet/seed_43/bandpass_n20003_cV3_independent_rms_s20.npz,76430,a38271104af3c7eba23e677d795ef86b69bc874796ceeb4448ba343c20697213
resnet,independent_rms,43,bandpass_n20003_cV3_independent_rms_s15,phase2/results/predictions/full/independent_rms/resnet/seed_43/bandpass_n20003_cV3_independent_rms_s15.npz,76433,3966c45f1583d9a5749c4fa25928e5bfce31588af873ca01a4e235050691cb22
resnet,independent_rms,43,bandpass_n20003_cV3_independent_rms_s10,phase2/results/predictions/full/independent_rms/resnet/seed_43/bandpass_n20003_cV3_independent_rms_s10.npz,76424,864a9ede9f0fccf8c3bfab5766d550e94e9fd26f47adaea820668d9417729798
resnet,independent_rms,43,bandpass_n20003_cV3_independent_rms_s5,phase2/results/predictions/full/independent_rms/resnet/seed_43/bandpass_n20003_cV3_independent_rms_s5.npz,76325,57e6e9eff676ede1348167c4d8afb1244ff1bfae9e3ba81379e70f2676c0e9b4
resnet,independent_rms,43,bandpass_n20003_cV3_independent_rms_s0,phase2/results/predictions/full/independent_rms/resnet/seed_43/bandpass_n20003_cV3_independent_rms_s0.npz,76026,7d2fc2187edd5d27e06a0fa9c86976cf34f8722075a98b72b7b669d9468c08bc
resnet,independent_rms,43,bandpass_n20003_cV3_electrode_s20,phase2/results/predictions/full/independent_rms/resnet/seed_43/bandpass_n20003_cV3_electrode_s20.npz,76434,a51ff483ddbdd88c600bc8bfae7697f8a54ca38610c67c4909d2cc05237ef541
resnet,independent_rms,43,bandpass_n20003_cV3_electrode_s15,phase2/results/predictions/full/independent_rms/resnet/seed_43/bandpass_n20003_cV3_electrode_s15.npz,76454,56649888266a74817b47e856e438d1e64031d7e80d2c4982f8e6318293836e35
resnet,independent_rms,43,bandpass_n20003_cV3_electrode_s10,phase2/results/predictions/full/independent_rms/resnet/seed_43/bandpass_n20003_cV3_electrode_s10.npz,76413,bc30302ff544d1339297993ca514c3e5fe24f24a8d0f9289b45cee9abe85cc9f
resnet,independent_rms,43,bandpass_n20003_cV3_electrode_s5,phase2/results/predictions/full/independent_rms/resnet/seed_43/bandpass_n20003_cV3_electrode_s5.npz,76301,e2dc0a3d874a0ef890d1a894ce8fbf17a5e2a3f38735e9610ced7fd1a62f8e2f
resnet,independent_rms,43,bandpass_n20003_cV3_electrode_s0,phase2/results/predictions/full/independent_rms/resnet/seed_43/bandpass_n20003_cV3_electrode_s0.npz,75985,ab781d6c12de2c072a0f94369d8fe5e01bb16e541bfa0ec42f878e6153f915be
resnet,independent_rms,43,bandpass_n20003_cV3_covariance_s20,phase2/results/predictions/full/independent_rms/resnet/seed_43/bandpass_n20003_cV3_covariance_s20.npz,76423,ad8650d38ccbb68455b373352261c8ccd79954bc00a512510e1a7d584d14f52d
resnet,independent_rms,43,bandpass_n20003_cV3_covariance_s15,phase2/results/predictions/full/independent_rms/resnet/seed_43/bandpass_n20003_cV3_covariance_s15.npz,76458,aff3e6b9443e488d2ec0a6bdb11245b83e17302fd292d7e4dec63f1837042623
resnet,independent_rms,43,bandpass_n20003_cV3_covariance_s10,phase2/results/predictions/full/independent_rms/resnet/seed_43/bandpass_n20003_cV3_covariance_s10.npz,76396,68cd44897d45a638524ae79c333b4c9986b38daa815571d35c94c82a51f28953
resnet,independent_rms,43,bandpass_n20003_cV3_covariance_s5,phase2/results/predictions/full/independent_rms/resnet/seed_43/bandpass_n20003_cV3_covariance_s5.npz,76287,e0a0b54703784c914cd2dfc9e86bf6a9cb4ea72a6dcf783879f3e0a784398f0a
resnet,independent_rms,43,bandpass_n20003_cV3_covariance_s0,phase2/results/predictions/full/independent_rms/resnet/seed_43/bandpass_n20003_cV3_covariance_s0.npz,76014,9f7d36bbda34622e8123d89477ce5abc34482769f0a95777c10be4c4f116567a
resnet,independent_rms,43,bandpass_n20003_cV4_independent_rms_s20,phase2/results/predictions/full/independent_rms/resnet/seed_43/bandpass_n20003_cV4_independent_rms_s20.npz,76452,380ce4c0571d7d873527cb012b8a345efd5fe40203219d57b16baefa331668fb
resnet,independent_rms,43,bandpass_n20003_cV4_independent_rms_s15,phase2/results/predictions/full/independent_rms/resnet/seed_43/bandpass_n20003_cV4_independent_rms_s15.npz,76376,9d26c68e8a46b3406ebe7ce82825f51821bddfb699a8b225bcb6cab485538e0c
resnet,independent_rms,43,bandpass_n20003_cV4_independent_rms_s10,phase2/results/predictions/full/independent_rms/resnet/seed_43/bandpass_n20003_cV4_independent_rms_s10.npz,76407,86b32f15a3948600b9b6275c6f3c0050d522458f21fd0e130f091c043a8be6c9
resnet,independent_rms,43,bandpass_n20003_cV4_independent_rms_s5,phase2/results/predictions/full/independent_rms/resnet/seed_43/bandpass_n20003_cV4_independent_rms_s5.npz,76304,c3654844dfe6cf4881302f74f2e2c2cb121cd8557a399d231b03cb7e7db06644
resnet,independent_rms,43,bandpass_n20003_cV4_independent_rms_s0,phase2/results/predictions/full/independent_rms/resnet/seed_43/bandpass_n20003_cV4_independent_rms_s0.npz,76023,84d0f45947fde9eddea413e19491383f9076ef1019fff420e468465657fb0d81
resnet,independent_rms,43,bandpass_n20003_cV4_electrode_s20,phase2/results/predictions/full/independent_rms/resnet/seed_43/bandpass_n20003_cV4_electrode_s20.npz,76445,18fa6b87a4af91fa155c0ee819260b807c2e4d44eb3d4599f62a072b0b097b16
resnet,independent_rms,43,bandpass_n20003_cV4_electrode_s15,phase2/results/predictions/full/independent_rms/resnet/seed_43/bandpass_n20003_cV4_electrode_s15.npz,76468,d4251f5c25ad4495434216bbd2ebcf77cf757b20f60259a7e419425b14d5bc35
resnet,independent_rms,43,bandpass_n20003_cV4_electrode_s10,phase2/results/predictions/full/independent_rms/resnet/seed_43/bandpass_n20003_cV4_electrode_s10.npz,76358,929e749e63e931af360f12449e948970467de0ecb8d42ea97f9a3ffb4872547c
resnet,independent_rms,43,bandpass_n20003_cV4_electrode_s5,phase2/results/predictions/full/independent_rms/resnet/seed_43/bandpass_n20003_cV4_electrode_s5.npz,76250,22054d6cb8b86ac5a4bc8eddd8988536cafca8b34d54f3d63571b471e4ecb8d8
resnet,independent_rms,43,bandpass_n20003_cV4_electrode_s0,phase2/results/predictions/full/independent_rms/resnet/seed_43/bandpass_n20003_cV4_electrode_s0.npz,76007,bedf6ecbd68283863a5852d1b42e647cb82208a0050ae3d9155b8fb777de7b10
resnet,independent_rms,43,bandpass_n20003_cV4_covariance_s20,phase2/results/predictions/full/independent_rms/resnet/seed_43/bandpass_n20003_cV4_covariance_s20.npz,76417,6a355160cab62452dcc5bafd22efec68dfa4f7e611dc9c05086e769062138684
resnet,independent_rms,43,bandpass_n20003_cV4_covariance_s15,phase2/results/predictions/full/independent_rms/resnet/seed_43/bandpass_n20003_cV4_covariance_s15.npz,76455,cbf15cf77ab7a87bfb9fb6390cb0ae31b0df1f915fe6b030bc9025f401d7fde1
resnet,independent_rms,43,bandpass_n20003_cV4_covariance_s10,phase2/results/predictions/full/independent_rms/resnet/seed_43/bandpass_n20003_cV4_covariance_s10.npz,76396,ae26e1a9d391d7194173504cc9fb9fc157a85e994d0a7ae92651a0961a6f2cfa
resnet,independent_rms,43,bandpass_n20003_cV4_covariance_s5,phase2/results/predictions/full/independent_rms/resnet/seed_43/bandpass_n20003_cV4_covariance_s5.npz,76303,9e3140aef2fe627c0952769902e4d440d3a0873aaf77488676982b0e999a2d41
resnet,independent_rms,43,bandpass_n20003_cV4_covariance_s0,phase2/results/predictions/full/independent_rms/resnet/seed_43/bandpass_n20003_cV4_covariance_s0.npz,75990,28f3f901ca3dee660b8dfca99628162f51008a44ae7c9be51d626356745e3837
resnet,independent_rms,43,bandpass_n20003_cV5_independent_rms_s20,phase2/results/predictions/full/independent_rms/resnet/seed_43/bandpass_n20003_cV5_independent_rms_s20.npz,76437,697c1b12cc535b9ddae37e30a076af4aa253434d6a0fd95ab4babb9b61f94e6c
resnet,independent_rms,43,bandpass_n20003_cV5_independent_rms_s15,phase2/results/predictions/full/independent_rms/resnet/seed_43/bandpass_n20003_cV5_independent_rms_s15.npz,76431,b1c9c1d7c042592e7f5750134b1ce6622a3e5009a0cbd9443b03010c9436a443
resnet,independent_rms,43,bandpass_n20003_cV5_independent_rms_s10,phase2/results/predictions/full/independent_rms/resnet/seed_43/bandpass_n20003_cV5_independent_rms_s10.npz,76366,b8b64f0e9a8f86ffb3aff1f7fe8d9a46f4712f3b43f6ce919ced69d965e20d34
resnet,independent_rms,43,bandpass_n20003_cV5_independent_rms_s5,phase2/results/predictions/full/independent_rms/resnet/seed_43/bandpass_n20003_cV5_independent_rms_s5.npz,76262,b60e96d170eeee75e68f3a2bf21caaaa3acf2bbec5f1c294139067fff3bdabf7
resnet,independent_rms,43,bandpass_n20003_cV5_independent_rms_s0,phase2/results/predictions/full/independent_rms/resnet/seed_43/bandpass_n20003_cV5_independent_rms_s0.npz,75935,5339706a29297d4b6bda3d41906044eb615ba088de354c216ebdfc5c7f4690a3
resnet,independent_rms,43,bandpass_n20003_cV5_electrode_s20,phase2/results/predictions/full/independent_rms/resnet/seed_43/bandpass_n20003_cV5_electrode_s20.npz,76415,0aae6cb5ccf0c284dc0969ebc0d37c7d6385fa72ac54f38bb8cc906d5465e61f
resnet,independent_rms,43,bandpass_n20003_cV5_electrode_s15,phase2/results/predictions/full/independent_rms/resnet/seed_43/bandpass_n20003_cV5_electrode_s15.npz,76402,3dd1f27a270fd23c49f56eee721d5a5e4811d689c47f6199d18a5895438965a7
resnet,independent_rms,43,bandpass_n20003_cV5_electrode_s10,phase2/results/predictions/full/independent_rms/resnet/seed_43/bandpass_n20003_cV5_electrode_s10.npz,76349,c66f690282ced0a9132a79d8e6bb9f02de02532b0072dc0df58fe4047e0d353d
resnet,independent_rms,43,bandpass_n20003_cV5_electrode_s5,phase2/results/predictions/full/independent_rms/resnet/seed_43/bandpass_n20003_cV5_electrode_s5.npz,76272,d0e3f5a9cb7f4728ee7136cc4a7cc5ebef62c6ed33f00ca9ab03b93fafbb6a81
resnet,independent_rms,43,bandpass_n20003_cV5_electrode_s0,phase2/results/predictions/full/independent_rms/resnet/seed_43/bandpass_n20003_cV5_electrode_s0.npz,75960,69f0f862c28cdb836551ddbe59f87a50e3aa83dbe856569b1697de1d3097cb6c
resnet,independent_rms,43,bandpass_n20003_cV5_covariance_s20,phase2/results/predictions/full/independent_rms/resnet/seed_43/bandpass_n20003_cV5_covariance_s20.npz,76425,63bdae4216700d025614f1b8d4b0d1c41be389c525403109011bd44a5ed61158
resnet,independent_rms,43,bandpass_n20003_cV5_covariance_s15,phase2/results/predictions/full/independent_rms/resnet/seed_43/bandpass_n20003_cV5_covariance_s15.npz,76407,d9b680b1b52b31288bcfe86663f2c08488561a44f2cae5a0cd5f1995abf54b25
resnet,independent_rms,43,bandpass_n20003_cV5_covariance_s10,phase2/results/predictions/full/independent_rms/resnet/seed_43/bandpass_n20003_cV5_covariance_s10.npz,76358,58efd5cb76928f081f479f21929af70ad6ae66e4ff13b8174efb30064c64783a
resnet,independent_rms,43,bandpass_n20003_cV5_covariance_s5,phase2/results/predictions/full/independent_rms/resnet/seed_43/bandpass_n20003_cV5_covariance_s5.npz,76201,cb96e3633d2cbd1c4d2a1478a393ac482c3b91b582a3ae5d29aebd393a191962
resnet,independent_rms,43,bandpass_n20003_cV5_covariance_s0,phase2/results/predictions/full/independent_rms/resnet/seed_43/bandpass_n20003_cV5_covariance_s0.npz,75955,99648132904bd731333303b16e44f50dabf21261df716dc6d865261d270ae23e
resnet,independent_rms,43,bandpass_n20003_cV6_independent_rms_s20,phase2/results/predictions/full/independent_rms/resnet/seed_43/bandpass_n20003_cV6_independent_rms_s20.npz,76442,1280e789a6713d02e8697875469d1d1cc8a07080b5708b48e7e0376f7d67db5f
resnet,independent_rms,43,bandpass_n20003_cV6_independent_rms_s15,phase2/results/predictions/full/independent_rms/resnet/seed_43/bandpass_n20003_cV6_independent_rms_s15.npz,76415,5734fc81ae1a8c6203f4f8b86c9ba1c3127b4e7e6c9e5b139395b626e14f9bfa
resnet,independent_rms,43,bandpass_n20003_cV6_independent_rms_s10,phase2/results/predictions/full/independent_rms/resnet/seed_43/bandpass_n20003_cV6_independent_rms_s10.npz,76407,07c1834ef31dd63823a9d9e837d14cb71e518b563fdf341db49d529b8a8c6d0d
resnet,independent_rms,43,bandpass_n20003_cV6_independent_rms_s5,phase2/results/predictions/full/independent_rms/resnet/seed_43/bandpass_n20003_cV6_independent_rms_s5.npz,76307,f902658b4d54f13a50ac73e2d82a3cbd5ed7de7812d7d9506267eb36cc66dca7
resnet,independent_rms,43,bandpass_n20003_cV6_independent_rms_s0,phase2/results/predictions/full/independent_rms/resnet/seed_43/bandpass_n20003_cV6_independent_rms_s0.npz,76017,e4c10ce76a7333d0feb7593489af005ab722523a1b67067248c4d42f5b642764
resnet,independent_rms,43,bandpass_n20003_cV6_electrode_s20,phase2/results/predictions/full/independent_rms/resnet/seed_43/bandpass_n20003_cV6_electrode_s20.npz,76420,238998e2f9dddd9b4823a55bc8a72308f611c0769cecf8e98e372a26ba4f90fe
resnet,independent_rms,43,bandpass_n20003_cV6_electrode_s15,phase2/results/predictions/full/independent_rms/resnet/seed_43/bandpass_n20003_cV6_electrode_s15.npz,76415,c26ef21fc0c9ed97dad8a0d6e7195138cb7a6d47dc78f8262fa11a4deccae9ee
resnet,independent_rms,43,bandpass_n20003_cV6_electrode_s10,phase2/results/predictions/full/independent_rms/resnet/seed_43/bandpass_n20003_cV6_electrode_s10.npz,76412,0254a48c099ed4f94f2745921461e9610549781d091b2b383b648b7b3539ed09
resnet,independent_rms,43,bandpass_n20003_cV6_electrode_s5,phase2/results/predictions/full/independent_rms/resnet/seed_43/bandpass_n20003_cV6_electrode_s5.npz,76271,48ffe17d0944a66eae4e38260a29400c5b6fbf2318e10d53ebe4b3a734f20ed3
resnet,independent_rms,43,bandpass_n20003_cV6_electrode_s0,phase2/results/predictions/full/independent_rms/resnet/seed_43/bandpass_n20003_cV6_electrode_s0.npz,75974,1edc65e0ba5068d567a9c3711b212ef7b32d8786f3553b16cf3a116feb6571d2
resnet,independent_rms,43,bandpass_n20003_cV6_covariance_s20,phase2/results/predictions/full/independent_rms/resnet/seed_43/bandpass_n20003_cV6_covariance_s20.npz,76451,80afbf1222c5cf181a71c465e24536de67706bd6448f09def16db6522578640b
resnet,independent_rms,43,bandpass_n20003_cV6_covariance_s15,phase2/results/predictions/full/independent_rms/resnet/seed_43/bandpass_n20003_cV6_covariance_s15.npz,76446,3ca547c31e24f127e95d1a5184408e6061fdae292e8a96f93b46971ff9fcd348
resnet,independent_rms,43,bandpass_n20003_cV6_covariance_s10,phase2/results/predictions/full/independent_rms/resnet/seed_43/bandpass_n20003_cV6_covariance_s10.npz,76387,26bb60f00fd7fc1279ac270beb75ffe0378cbb5447cb48667ab4ef262d7448de
resnet,independent_rms,43,bandpass_n20003_cV6_covariance_s5,phase2/results/predictions/full/independent_rms/resnet/seed_43/bandpass_n20003_cV6_covariance_s5.npz,76271,da339fa5e5e8d7463db76e637152df4c2476b659982641fa38a7533db282bf8f
resnet,independent_rms,43,bandpass_n20003_cV6_covariance_s0,phase2/results/predictions/full/independent_rms/resnet/seed_43/bandpass_n20003_cV6_covariance_s0.npz,76005,a05088f617cb9753362be5d23b00fe389d756ad6dfaf136e165e39d1a9151a2f
resnet,independent_rms,43,bandpass_n20003_cRA_LA_independent_rms_s20,phase2/results/predictions/full/independent_rms/resnet/seed_43/bandpass_n20003_cRA_LA_independent_rms_s20.npz,76497,765f582af262d4d48509de1784d13fec0556891e9107050eb521f0c066574102
resnet,independent_rms,43,bandpass_n20003_cRA_LA_independent_rms_s15,phase2/results/predictions/full/independent_rms/resnet/seed_43/bandpass_n20003_cRA_LA_independent_rms_s15.npz,76459,dad5a9e9ffdd6cba300a87fac3d0cd01a1ebb9583623c438b4fc5ca6c3c6c79f
resnet,independent_rms,43,bandpass_n20003_cRA_LA_independent_rms_s10,phase2/results/predictions/full/independent_rms/resnet/seed_43/bandpass_n20003_cRA_LA_independent_rms_s10.npz,76438,d1549edc57e665aafcd45af124ad7a8a4f7d4ef3267297c5f9a15b077cec68fe
resnet,independent_rms,43,bandpass_n20003_cRA_LA_independent_rms_s5,phase2/results/predictions/full/independent_rms/resnet/seed_43/bandpass_n20003_cRA_LA_independent_rms_s5.npz,76241,f3ef2151f033040ef9eb60466fed461fb3ea1c2fef551be53531dc480ecee0c3
resnet,independent_rms,43,bandpass_n20003_cRA_LA_independent_rms_s0,phase2/results/predictions/full/independent_rms/resnet/seed_43/bandpass_n20003_cRA_LA_independent_rms_s0.npz,75897,f36969424bc187ba1316ed236834bad03aeb74fb64e2bcee87a2fab3670bb52e
resnet,independent_rms,43,bandpass_n20003_cRA_LA_electrode_s20,phase2/results/predictions/full/independent_rms/resnet/seed_43/bandpass_n20003_cRA_LA_electrode_s20.npz,76443,37b6219f69f464a1ab1a98fd1b6b3593dfd59a2e497b723388986093747c3202
resnet,independent_rms,43,bandpass_n20003_cRA_LA_electrode_s15,phase2/results/predictions/full/independent_rms/resnet/seed_43/bandpass_n20003_cRA_LA_electrode_s15.npz,76432,8c37021f6303f7b191028209321f85a173044ae8a7d498ca0baa167d6d100da4
resnet,independent_rms,43,bandpass_n20003_cRA_LA_electrode_s10,phase2/results/predictions/full/independent_rms/resnet/seed_43/bandpass_n20003_cRA_LA_electrode_s10.npz,76344,5629c4996bfe96e191350a9594bfe4bc1cd950077842a36e4a3fe30800356a39
resnet,independent_rms,43,bandpass_n20003_cRA_LA_electrode_s5,phase2/results/predictions/full/independent_rms/resnet/seed_43/bandpass_n20003_cRA_LA_electrode_s5.npz,76142,4b065181794794ecb337838800d8a66b5c9a68fa906676f4d4d07b69050b06d1
resnet,independent_rms,43,bandpass_n20003_cRA_LA_electrode_s0,phase2/results/predictions/full/independent_rms/resnet/seed_43/bandpass_n20003_cRA_LA_electrode_s0.npz,75624,5f6478879db3a6d747d05185ed180d9cfc8f7813157cd09555538da226b71c46
resnet,independent_rms,43,bandpass_n20003_cRA_LA_covariance_s20,phase2/results/predictions/full/independent_rms/resnet/seed_43/bandpass_n20003_cRA_LA_covariance_s20.npz,76446,b4f7060cad02a7791fc54e1a0063193992073b2f0f90655766b4e89c83e0cd2f
resnet,independent_rms,43,bandpass_n20003_cRA_LA_covariance_s15,phase2/results/predictions/full/independent_rms/resnet/seed_43/bandpass_n20003_cRA_LA_covariance_s15.npz,76427,9e1f517f4584cf402a7dfd1d4cb88a6b4b3610d04c1b0fe8d2531014f389d7ff
resnet,independent_rms,43,bandpass_n20003_cRA_LA_covariance_s10,phase2/results/predictions/full/independent_rms/resnet/seed_43/bandpass_n20003_cRA_LA_covariance_s10.npz,76315,2cbd92eeafd44c53bf33c13507a85ba884eb6ac4a80be117c2161a043ba17341
resnet,independent_rms,43,bandpass_n20003_cRA_LA_covariance_s5,phase2/results/predictions/full/independent_rms/resnet/seed_43/bandpass_n20003_cRA_LA_covariance_s5.npz,76090,54c44b26b576d57ed2e08936977505ee94941def9788e193fc126591ad57cc8b
resnet,independent_rms,43,bandpass_n20003_cRA_LA_covariance_s0,phase2/results/predictions/full/independent_rms/resnet/seed_43/bandpass_n20003_cRA_LA_covariance_s0.npz,75612,2705579545bcbf3cbb1124dc6004a5ce0b7b9bf6caae9b83609e39e719f5d9f9
resnet,independent_rms,43,bandpass_n20003_cLA_LL_independent_rms_s20,phase2/results/predictions/full/independent_rms/resnet/seed_43/bandpass_n20003_cLA_LL_independent_rms_s20.npz,76467,db753c7b17e9977eca396b96bea3be31bd793c5ae89225833ee2a930df67281d
resnet,independent_rms,43,bandpass_n20003_cLA_LL_independent_rms_s15,phase2/results/predictions/full/independent_rms/resnet/seed_43/bandpass_n20003_cLA_LL_independent_rms_s15.npz,76492,cd5247230c239bd3ec7a50179a1b4a5c8f890ddeeb1c87939f987b280dba3042
resnet,independent_rms,43,bandpass_n20003_cLA_LL_independent_rms_s10,phase2/results/predictions/full/independent_rms/resnet/seed_43/bandpass_n20003_cLA_LL_independent_rms_s10.npz,76415,0e5a891edc6857f972b4818996123d2f086579465eaaa848cd2fc0ba3767b5ec
resnet,independent_rms,43,bandpass_n20003_cLA_LL_independent_rms_s5,phase2/results/predictions/full/independent_rms/resnet/seed_43/bandpass_n20003_cLA_LL_independent_rms_s5.npz,76194,33faf3e3c1a2c81a5ee58a484254fcbdc886aba5a87688724c97ebd7088cdbf2
resnet,independent_rms,43,bandpass_n20003_cLA_LL_independent_rms_s0,phase2/results/predictions/full/independent_rms/resnet/seed_43/bandpass_n20003_cLA_LL_independent_rms_s0.npz,75827,ed1890db88cd4716981e50ff2adb840d0de5515d0ca0aec521809fa859a6df94
resnet,independent_rms,43,bandpass_n20003_cLA_LL_electrode_s20,phase2/results/predictions/full/independent_rms/resnet/seed_43/bandpass_n20003_cLA_LL_electrode_s20.npz,76439,9075243772d81391bc94536cd8d5a8574cabeff5ffdb511de8284493b8107142
resnet,independent_rms,43,bandpass_n20003_cLA_LL_electrode_s15,phase2/results/predictions/full/independent_rms/resnet/seed_43/bandpass_n20003_cLA_LL_electrode_s15.npz,76449,e42f77525e06c43fdf7aab83bd74386eb5ebbea229b3b9565c8448f2304c3d6f
resnet,independent_rms,43,bandpass_n20003_cLA_LL_electrode_s10,phase2/results/predictions/full/independent_rms/resnet/seed_43/bandpass_n20003_cLA_LL_electrode_s10.npz,76283,38143fb17b63bff93131f9d5b2a195d09b0f3ea27e05aaa5699ca2898abd17d6
resnet,independent_rms,43,bandpass_n20003_cLA_LL_electrode_s5,phase2/results/predictions/full/independent_rms/resnet/seed_43/bandpass_n20003_cLA_LL_electrode_s5.npz,76056,bf7f153fd312a589f066165626fc74ad28e0dbef398dfed0f33d6b0394850757
resnet,independent_rms,43,bandpass_n20003_cLA_LL_electrode_s0,phase2/results/predictions/full/independent_rms/resnet/seed_43/bandpass_n20003_cLA_LL_electrode_s0.npz,75633,e27a0d9f49a09d8acf714e80301f8088700596f0987e360bb4057932fdd36b64
resnet,independent_rms,43,bandpass_n20003_cLA_LL_covariance_s20,phase2/results/predictions/full/independent_rms/resnet/seed_43/bandpass_n20003_cLA_LL_covariance_s20.npz,76463,ac38444069f30285322b9efc4377983585c678dde0cd416aa02646e5d5d6952e
resnet,independent_rms,43,bandpass_n20003_cLA_LL_covariance_s15,phase2/results/predictions/full/independent_rms/resnet/seed_43/bandpass_n20003_cLA_LL_covariance_s15.npz,76442,cdbba98a773cabd79921ac64598ab6a158ab405c188af2f6117ee408243f51cc
resnet,independent_rms,43,bandpass_n20003_cLA_LL_covariance_s10,phase2/results/predictions/full/independent_rms/resnet/seed_43/bandpass_n20003_cLA_LL_covariance_s10.npz,76331,b72fbe1d896cd93088e74613b3ac125a8807b8f444f3027aef802cc4558f93de
resnet,independent_rms,43,bandpass_n20003_cLA_LL_covariance_s5,phase2/results/predictions/full/independent_rms/resnet/seed_43/bandpass_n20003_cLA_LL_covariance_s5.npz,76057,fc339a16d40201b732de05b1a663ff73899a8d3e4929fe9180c8c6bfea7bfba8
resnet,independent_rms,43,bandpass_n20003_cLA_LL_covariance_s0,phase2/results/predictions/full/independent_rms/resnet/seed_43/bandpass_n20003_cLA_LL_covariance_s0.npz,75638,a5d6bb0af4f92c5cad9cebe6a29396a21b3df8d089728bd969d0e689566a745e
resnet,independent_rms,43,bandpass_n20003_cRA_LL_independent_rms_s20,phase2/results/predictions/full/independent_rms/resnet/seed_43/bandpass_n20003_cRA_LL_independent_rms_s20.npz,76440,a06e1d480c5e375a6cd0f555e81da3efe5ce30ad57fb7bddb1df11f3d3d30d80
resnet,independent_rms,43,bandpass_n20003_cRA_LL_independent_rms_s15,phase2/results/predictions/full/independent_rms/resnet/seed_43/bandpass_n20003_cRA_LL_independent_rms_s15.npz,76451,a35132f44e107bf61574c84368b1d024fbf82ed43475400d544871920be15edc
resnet,independent_rms,43,bandpass_n20003_cRA_LL_independent_rms_s10,phase2/results/predictions/full/independent_rms/resnet/seed_43/bandpass_n20003_cRA_LL_independent_rms_s10.npz,76429,630b71a58eb22a0e7c17148cd0ec1621c43a6fc20e2b4c89b5ca4af738cfb052
resnet,independent_rms,43,bandpass_n20003_cRA_LL_independent_rms_s5,phase2/results/predictions/full/independent_rms/resnet/seed_43/bandpass_n20003_cRA_LL_independent_rms_s5.npz,76224,b15892bbc621fea77581df6b477b0e1f12b95fd2418ce77f1294f92166af51c5
resnet,independent_rms,43,bandpass_n20003_cRA_LL_independent_rms_s0,phase2/results/predictions/full/independent_rms/resnet/seed_43/bandpass_n20003_cRA_LL_independent_rms_s0.npz,75872,5a58b6cc872eea3500321420364f56ab14d95f98c347f0fd648d8159620d5678
resnet,independent_rms,43,bandpass_n20003_cRA_LL_electrode_s20,phase2/results/predictions/full/independent_rms/resnet/seed_43/bandpass_n20003_cRA_LL_electrode_s20.npz,76439,4e09008fefbda803ed062abdf282f622608f64f09043667b8933ee1d5e3ba17e
resnet,independent_rms,43,bandpass_n20003_cRA_LL_electrode_s15,phase2/results/predictions/full/independent_rms/resnet/seed_43/bandpass_n20003_cRA_LL_electrode_s15.npz,76438,49484484b35c9df9bb36fd4b6b057f3024051c01cf195d4eea4200af845f11e9
resnet,independent_rms,43,bandpass_n20003_cRA_LL_electrode_s10,phase2/results/predictions/full/independent_rms/resnet/seed_43/bandpass_n20003_cRA_LL_electrode_s10.npz,76322,ebf3e3d0cfcf06469f7f852fb9b484843566aac9a0fc112873dd097a2fc9a057
resnet,independent_rms,43,bandpass_n20003_cRA_LL_electrode_s5,phase2/results/predictions/full/independent_rms/resnet/seed_43/bandpass_n20003_cRA_LL_electrode_s5.npz,76068,50c55805f8b81b4f9fb3b51d3441a10000b5781f86b04543cd89ebdf034b4dbb
resnet,independent_rms,43,bandpass_n20003_cRA_LL_electrode_s0,phase2/results/predictions/full/independent_rms/resnet/seed_43/bandpass_n20003_cRA_LL_electrode_s0.npz,75541,fa91f6aaad5b23eb39831db6d223f7a6a4b1690903e8b0471493af0cf61a85db
resnet,independent_rms,43,bandpass_n20003_cRA_LL_covariance_s20,phase2/results/predictions/full/independent_rms/resnet/seed_43/bandpass_n20003_cRA_LL_covariance_s20.npz,76467,dde7fe9fb72ee92ea9a8eafe244e533208a9c93cb1afabb30273f0a9a310cd84
resnet,independent_rms,43,bandpass_n20003_cRA_LL_covariance_s15,phase2/results/predictions/full/independent_rms/resnet/seed_43/bandpass_n20003_cRA_LL_covariance_s15.npz,76406,b732a6b91212e6579ef16e9af4e82dd1c63a4421d6cf94af930ec36991ccfab8
resnet,independent_rms,43,bandpass_n20003_cRA_LL_covariance_s10,phase2/results/predictions/full/independent_rms/resnet/seed_43/bandpass_n20003_cRA_LL_covariance_s10.npz,76270,ee02665d1df6ce0a45fa8cfe804c96cddb8f68b322339ee5771043a5a12c6117
resnet,independent_rms,43,bandpass_n20003_cRA_LL_covariance_s5,phase2/results/predictions/full/independent_rms/resnet/seed_43/bandpass_n20003_cRA_LL_covariance_s5.npz,76012,e4cb7890948bdd62490e54cba7fd53dac6fd447963cfe43a93ee670eefbbefa5
resnet,independent_rms,43,bandpass_n20003_cRA_LL_covariance_s0,phase2/results/predictions/full/independent_rms/resnet/seed_43/bandpass_n20003_cRA_LL_covariance_s0.npz,75519,633354e89a43ccc8479eafb32030a3087fedefa41ab6dc666b23cca682e372a2
resnet,independent_rms,43,bandpass_n20003_cRA_independent_rms_s20,phase2/results/predictions/full/independent_rms/resnet/seed_43/bandpass_n20003_cRA_independent_rms_s20.npz,76458,4c021c296a30bdbd2a5eee68b59a89bbaa272e4f7f30c18389f01f340a146486
resnet,independent_rms,43,bandpass_n20003_cRA_independent_rms_s15,phase2/results/predictions/full/independent_rms/resnet/seed_43/bandpass_n20003_cRA_independent_rms_s15.npz,76478,e357077a41f694cf925dce7ae7cb8663f4ae1d7ce7cf6bc099716f75285794ba
resnet,independent_rms,43,bandpass_n20003_cRA_independent_rms_s10,phase2/results/predictions/full/independent_rms/resnet/seed_43/bandpass_n20003_cRA_independent_rms_s10.npz,76398,8e255ecf80c9d6173832c7815bc92c7c8f6eca32f3c14c0aff2cecf5cf8b1ee1
resnet,independent_rms,43,bandpass_n20003_cRA_independent_rms_s5,phase2/results/predictions/full/independent_rms/resnet/seed_43/bandpass_n20003_cRA_independent_rms_s5.npz,76255,bf48cf506f409229bd3c836918793ffe01565370bee2ce18c43051f625aafd41
resnet,independent_rms,43,bandpass_n20003_cRA_independent_rms_s0,phase2/results/predictions/full/independent_rms/resnet/seed_43/bandpass_n20003_cRA_independent_rms_s0.npz,75937,367cd857e1102ddef00fd4c990f1109228617c5e7572aeac2400cc420847bb34
resnet,independent_rms,43,bandpass_n20003_cRA_electrode_s20,phase2/results/predictions/full/independent_rms/resnet/seed_43/bandpass_n20003_cRA_electrode_s20.npz,76440,0d38f601b61914f9b6558f089d8039cb20302a99a9378d67d8e05c9743b175e8
resnet,independent_rms,43,bandpass_n20003_cRA_electrode_s15,phase2/results/predictions/full/independent_rms/resnet/seed_43/bandpass_n20003_cRA_electrode_s15.npz,76447,8691d043eedf59bdb45489a150c98c54512c9fe1045bc2250a79607cd0768315
resnet,independent_rms,43,bandpass_n20003_cRA_electrode_s10,phase2/results/predictions/full/independent_rms/resnet/seed_43/bandpass_n20003_cRA_electrode_s10.npz,76325,9139e42a46903bd2de3c0c5039e213232b9b65c4e3c942d585d367e246aa1c42
resnet,independent_rms,43,bandpass_n20003_cRA_electrode_s5,phase2/results/predictions/full/independent_rms/resnet/seed_43/bandpass_n20003_cRA_electrode_s5.npz,76107,d6b05ca3636c63e51b7805f891b643ff2064be507a579ce7c814df11b9e6051e
resnet,independent_rms,43,bandpass_n20003_cRA_electrode_s0,phase2/results/predictions/full/independent_rms/resnet/seed_43/bandpass_n20003_cRA_electrode_s0.npz,75673,2fedd87e3f845ab06e60e25a33bed1cab484a0d7cbb42d30cff92afbd0f02a17
resnet,independent_rms,43,bandpass_n20003_cRA_covariance_s20,phase2/results/predictions/full/independent_rms/resnet/seed_43/bandpass_n20003_cRA_covariance_s20.npz,76432,cd100c8f694c82ebf18b8ab520813e33682f000e38eb722dd8bda6dbbb71349f
resnet,independent_rms,43,bandpass_n20003_cRA_covariance_s15,phase2/results/predictions/full/independent_rms/resnet/seed_43/bandpass_n20003_cRA_covariance_s15.npz,76451,f4a07073b06479aead3019d3af4b0962c2226f492811b63aadb87be236644239
resnet,independent_rms,43,bandpass_n20003_cRA_covariance_s10,phase2/results/predictions/full/independent_rms/resnet/seed_43/bandpass_n20003_cRA_covariance_s10.npz,76306,568526e3fc96e13505a301ea9e0191d3020ec2ff559bf9289032d9b67df3e9b7
resnet,independent_rms,43,bandpass_n20003_cRA_covariance_s5,phase2/results/predictions/full/independent_rms/resnet/seed_43/bandpass_n20003_cRA_covariance_s5.npz,76110,25554715b8ca4fd57bf841e15d052dbc6a905a567e2f3fc6bc90478e971a8992
resnet,independent_rms,43,bandpass_n20003_cRA_covariance_s0,phase2/results/predictions/full/independent_rms/resnet/seed_43/bandpass_n20003_cRA_covariance_s0.npz,75667,ee512fd5a0f6bf4ce9a8cdaabda0051fd1c55846dbe9b3c617dda018e0d0438a
resnet,independent_rms,43,bandpass_n20003_cLA_independent_rms_s20,phase2/results/predictions/full/independent_rms/resnet/seed_43/bandpass_n20003_cLA_independent_rms_s20.npz,76466,c909ef6092ec02703d920bf9738d7b95ccfce6244f1f11fce4d533bb79805329
resnet,independent_rms,43,bandpass_n20003_cLA_independent_rms_s15,phase2/results/predictions/full/independent_rms/resnet/seed_43/bandpass_n20003_cLA_independent_rms_s15.npz,76467,aedb42d59f9f2924cbda873eaa762a8cd5601435b9444894ed974a82d1d53c98
resnet,independent_rms,43,bandpass_n20003_cLA_independent_rms_s10,phase2/results/predictions/full/independent_rms/resnet/seed_43/bandpass_n20003_cLA_independent_rms_s10.npz,76405,5920282646fcd92ff570313556a6554f60e04e695e1deef680f9fa40ad90488e
resnet,independent_rms,43,bandpass_n20003_cLA_independent_rms_s5,phase2/results/predictions/full/independent_rms/resnet/seed_43/bandpass_n20003_cLA_independent_rms_s5.npz,76226,6b3b8bd303d860b6bfd94d0caddeb4f33bac98eb94667a578a2d56cd133c7709
resnet,independent_rms,43,bandpass_n20003_cLA_independent_rms_s0,phase2/results/predictions/full/independent_rms/resnet/seed_43/bandpass_n20003_cLA_independent_rms_s0.npz,75821,1bc834e0e740babc413ccff512dd8ea64db00d67accebaafd2ad1b2ab6755b55
resnet,independent_rms,43,bandpass_n20003_cLA_electrode_s20,phase2/results/predictions/full/independent_rms/resnet/seed_43/bandpass_n20003_cLA_electrode_s20.npz,76429,e9e1805caf9962ea9e2f0fb552dcd36e6257b442cfd7bfeb8ac0c90d7fe01351
resnet,independent_rms,43,bandpass_n20003_cLA_electrode_s15,phase2/results/predictions/full/independent_rms/resnet/seed_43/bandpass_n20003_cLA_electrode_s15.npz,76455,1d476fd3b6eb8363c11e85c4cb3ab59aab3595044f00145498cfd1c8b6b46ebc
resnet,independent_rms,43,bandpass_n20003_cLA_electrode_s10,phase2/results/predictions/full/independent_rms/resnet/seed_43/bandpass_n20003_cLA_electrode_s10.npz,76333,9b190ad1d742ec620bea9e7e7d043404400bd6b49a86812d5f4b1ce23ad7f500
resnet,independent_rms,43,bandpass_n20003_cLA_electrode_s5,phase2/results/predictions/full/independent_rms/resnet/seed_43/bandpass_n20003_cLA_electrode_s5.npz,76123,a814f3507df4faa7f5d9633f048337b06d97a411fe81a947d586fd44dc7b493e
resnet,independent_rms,43,bandpass_n20003_cLA_electrode_s0,phase2/results/predictions/full/independent_rms/resnet/seed_43/bandpass_n20003_cLA_electrode_s0.npz,75635,00453c36bf117bdf30616cf0f045fdc507259a2031b444dc245436475f601ae0
resnet,independent_rms,43,bandpass_n20003_cLA_covariance_s20,phase2/results/predictions/full/independent_rms/resnet/seed_43/bandpass_n20003_cLA_covariance_s20.npz,76456,e6e4cd9eef9a06b6cd3c0cfc237073bf640fcd6bae04a3bcb4b732013831fc5e
resnet,independent_rms,43,bandpass_n20003_cLA_covariance_s15,phase2/results/predictions/full/independent_rms/resnet/seed_43/bandpass_n20003_cLA_covariance_s15.npz,76422,1af3e3c2a7dfda486ca62751133a419bb5b73575519cf6af436df745cc0ba98f
resnet,independent_rms,43,bandpass_n20003_cLA_covariance_s10,phase2/results/predictions/full/independent_rms/resnet/seed_43/bandpass_n20003_cLA_covariance_s10.npz,76368,1f475f1f0c571be5edeb7e1be291856e3383f2a0769fa90f2e24f3b16517a680
resnet,independent_rms,43,bandpass_n20003_cLA_covariance_s5,phase2/results/predictions/full/independent_rms/resnet/seed_43/bandpass_n20003_cLA_covariance_s5.npz,76140,5c30594483ac65ca577f274ee6ad9b5e08b35e54e4bf8a87492a3c79bfa095e9
resnet,independent_rms,43,bandpass_n20003_cLA_covariance_s0,phase2/results/predictions/full/independent_rms/resnet/seed_43/bandpass_n20003_cLA_covariance_s0.npz,75635,7b7c3c931c195b7c34ff0df195037b9798a9ce798ea6c147616c00fb5855319b
resnet,independent_rms,43,bandpass_n20003_cLL_independent_rms_s20,phase2/results/predictions/full/independent_rms/resnet/seed_43/bandpass_n20003_cLL_independent_rms_s20.npz,76456,022c50c01d296f716373e7d6f359e510ba2f42850443afa3b3373701cc4c9fdc
resnet,independent_rms,43,bandpass_n20003_cLL_independent_rms_s15,phase2/results/predictions/full/independent_rms/resnet/seed_43/bandpass_n20003_cLL_independent_rms_s15.npz,76446,6367df91559057f890f19270a44ef8f23d82baab5983f63124ee43026d6802c8
resnet,independent_rms,43,bandpass_n20003_cLL_independent_rms_s10,phase2/results/predictions/full/independent_rms/resnet/seed_43/bandpass_n20003_cLL_independent_rms_s10.npz,76405,4af0d139c5361e0f3c65604ecd5e372778621bc9709d5d89df0dea83ae8caa89
resnet,independent_rms,43,bandpass_n20003_cLL_independent_rms_s5,phase2/results/predictions/full/independent_rms/resnet/seed_43/bandpass_n20003_cLL_independent_rms_s5.npz,76196,27f34a4571875ce7b3c8a63ef815196fcde6e4e57fc81f74b44a49365dd55eae
resnet,independent_rms,43,bandpass_n20003_cLL_independent_rms_s0,phase2/results/predictions/full/independent_rms/resnet/seed_43/bandpass_n20003_cLL_independent_rms_s0.npz,75840,8ae58b29dea6bbe8cd66e59afa8792fb3fd7d33460828215a93e2a1e839bfae0
resnet,independent_rms,43,bandpass_n20003_cLL_electrode_s20,phase2/results/predictions/full/independent_rms/resnet/seed_43/bandpass_n20003_cLL_electrode_s20.npz,76410,7049e3c9e20bfbd9b5636b3d57ea25df0d5f9ea929a677bdf25352fc9bbcfbd3
resnet,independent_rms,43,bandpass_n20003_cLL_electrode_s15,phase2/results/predictions/full/independent_rms/resnet/seed_43/bandpass_n20003_cLL_electrode_s15.npz,76373,58dc73675e20e36cd2f8c241eaef8f5ef77b40ca9a6757c2908ad9eb86c81bfa
resnet,independent_rms,43,bandpass_n20003_cLL_electrode_s10,phase2/results/predictions/full/independent_rms/resnet/seed_43/bandpass_n20003_cLL_electrode_s10.npz,76278,cba3b6dc56c635fa6087455d30f6d337c8c261bf3d99eb3ae19029ba8e65525b
resnet,independent_rms,43,bandpass_n20003_cLL_electrode_s5,phase2/results/predictions/full/independent_rms/resnet/seed_43/bandpass_n20003_cLL_electrode_s5.npz,76016,b239a3e710cc069c0737e99e229604f3f53975aaf3f8ffefb3bd5fe176889fdd
resnet,independent_rms,43,bandpass_n20003_cLL_electrode_s0,phase2/results/predictions/full/independent_rms/resnet/seed_43/bandpass_n20003_cLL_electrode_s0.npz,75679,2fd827bfb78415ec690312a069403e7a82aadfc73136cfb8de007da22f8617ef
resnet,independent_rms,43,bandpass_n20003_cLL_covariance_s20,phase2/results/predictions/full/independent_rms/resnet/seed_43/bandpass_n20003_cLL_covariance_s20.npz,76457,d99a604316f3106ec49f0655300be5a34e3132f9935a2686d06de6cac1723830
resnet,independent_rms,43,bandpass_n20003_cLL_covariance_s15,phase2/results/predictions/full/independent_rms/resnet/seed_43/bandpass_n20003_cLL_covariance_s15.npz,76414,1b71ab98b2e18bbeda94a931ed1d4895ba4f0a83be1f429e35d2f6bedbe33f98
resnet,independent_rms,43,bandpass_n20003_cLL_covariance_s10,phase2/results/predictions/full/independent_rms/resnet/seed_43/bandpass_n20003_cLL_covariance_s10.npz,76280,9a8efdbbc0c4705ea03f94e0171f1b45b57b807218bbc06547d588f7b3e5a97c
resnet,independent_rms,43,bandpass_n20003_cLL_covariance_s5,phase2/results/predictions/full/independent_rms/resnet/seed_43/bandpass_n20003_cLL_covariance_s5.npz,76027,12c4b22814df627373f53031c4e55fbe455e9647664a524b39cfedb20f2278d4
resnet,independent_rms,43,bandpass_n20003_cLL_covariance_s0,phase2/results/predictions/full/independent_rms/resnet/seed_43/bandpass_n20003_cLL_covariance_s0.npz,75699,66f0740dc21d3cf0574d8cbb89b2772debda89785983a7382eb8d28c809e9b8c
resnet,independent_rms,43,bandpass_n20003_cRA_V1_independent_rms_s20,phase2/results/predictions/full/independent_rms/resnet/seed_43/bandpass_n20003_cRA_V1_independent_rms_s20.npz,76459,82a55daf64067958a24fcb75f54a077a15327ca477f4aa4592c210ab80e99b91
resnet,independent_rms,43,bandpass_n20003_cRA_V1_independent_rms_s15,phase2/results/predictions/full/independent_rms/resnet/seed_43/bandpass_n20003_cRA_V1_independent_rms_s15.npz,76475,c8f8680e8af58740cf62e05222ba2db168536e42d54d1f14ba1a8e3a73a6cbdf
resnet,independent_rms,43,bandpass_n20003_cRA_V1_independent_rms_s10,phase2/results/predictions/full/independent_rms/resnet/seed_43/bandpass_n20003_cRA_V1_independent_rms_s10.npz,76421,47a63215d3da46f9286daf9b8251c9f223aeaf178bf6d3b4a2ecf68ec6edcf45
resnet,independent_rms,43,bandpass_n20003_cRA_V1_independent_rms_s5,phase2/results/predictions/full/independent_rms/resnet/seed_43/bandpass_n20003_cRA_V1_independent_rms_s5.npz,76266,4a8fe7b9332bf6df9edccd282c53d4f068ff7b6977e2888176b95c94f8b353e4
resnet,independent_rms,43,bandpass_n20003_cRA_V1_independent_rms_s0,phase2/results/predictions/full/independent_rms/resnet/seed_43/bandpass_n20003_cRA_V1_independent_rms_s0.npz,75909,c6d154129f8ddeb8b3634d9891b9fb41e1f477c43d3670aaf4b07dff7fcb304c
resnet,independent_rms,43,bandpass_n20003_cRA_V1_electrode_s20,phase2/results/predictions/full/independent_rms/resnet/seed_43/bandpass_n20003_cRA_V1_electrode_s20.npz,76467,ce9a76aeeda610d54afe9e81e103763aae83c1fcdac064027cf633a1fc0d590c
resnet,independent_rms,43,bandpass_n20003_cRA_V1_electrode_s15,phase2/results/predictions/full/independent_rms/resnet/seed_43/bandpass_n20003_cRA_V1_electrode_s15.npz,76469,1810bc422036eed89f351b441f278af45af859e3cf202af2e2423d943270b47a
resnet,independent_rms,43,bandpass_n20003_cRA_V1_electrode_s10,phase2/results/predictions/full/independent_rms/resnet/seed_43/bandpass_n20003_cRA_V1_electrode_s10.npz,76362,229d87d9e23581a23e4db38946144237330b18db7a092c5fc908ac74f4e51eba
resnet,independent_rms,43,bandpass_n20003_cRA_V1_electrode_s5,phase2/results/predictions/full/independent_rms/resnet/seed_43/bandpass_n20003_cRA_V1_electrode_s5.npz,76168,03c0d11834380b46fafeb4ebce3e131e9dda85710878fd93f748412e21b661c4
resnet,independent_rms,43,bandpass_n20003_cRA_V1_electrode_s0,phase2/results/predictions/full/independent_rms/resnet/seed_43/bandpass_n20003_cRA_V1_electrode_s0.npz,75702,b39e28c79cfe4df6413db0f0a427b53f466f0148a0152134b02a5cd00441e90f
resnet,independent_rms,43,bandpass_n20003_cRA_V1_covariance_s20,phase2/results/predictions/full/independent_rms/resnet/seed_43/bandpass_n20003_cRA_V1_covariance_s20.npz,76452,b8bae5c4d1e991c13584eb3996952d9fc1684dc890be96a4e6f74e56dc5ab875
resnet,independent_rms,43,bandpass_n20003_cRA_V1_covariance_s15,phase2/results/predictions/full/independent_rms/resnet/seed_43/bandpass_n20003_cRA_V1_covariance_s15.npz,76439,e3df6470e5274f350275ab25e69fba158bc9148e74ebaaf013443f225964ef9c
resnet,independent_rms,43,bandpass_n20003_cRA_V1_covariance_s10,phase2/results/predictions/full/independent_rms/resnet/seed_43/bandpass_n20003_cRA_V1_covariance_s10.npz,76335,abe55b3e8be2c02276b7df0990581c5efa9d03568151ee24ddce968ccee05954
resnet,independent_rms,43,bandpass_n20003_cRA_V1_covariance_s5,phase2/results/predictions/full/independent_rms/resnet/seed_43/bandpass_n20003_cRA_V1_covariance_s5.npz,76151,e0d3019079a683433e438e499a5f1fb827ccb036efd1a8043cb84e359164fd3e
resnet,independent_rms,43,bandpass_n20003_cRA_V1_covariance_s0,phase2/results/predictions/full/independent_rms/resnet/seed_43/bandpass_n20003_cRA_V1_covariance_s0.npz,75722,b18afd8c7738a88ce33dbe57ca218780d5c62c0c5804bd3db8a02f07af4a4522
resnet,independent_rms,43,bandpass_n20003_cLA_V6_independent_rms_s20,phase2/results/predictions/full/independent_rms/resnet/seed_43/bandpass_n20003_cLA_V6_independent_rms_s20.npz,76471,6a191361d319bcdde44c0459c98a05f1bbe449c257a9c64738939b55d38b4753
resnet,independent_rms,43,bandpass_n20003_cLA_V6_independent_rms_s15,phase2/results/predictions/full/independent_rms/resnet/seed_43/bandpass_n20003_cLA_V6_independent_rms_s15.npz,76464,d3591539fdf97d11d07055d92135a24f1272338792ae41a832271306ca34bace
resnet,independent_rms,43,bandpass_n20003_cLA_V6_independent_rms_s10,phase2/results/predictions/full/independent_rms/resnet/seed_43/bandpass_n20003_cLA_V6_independent_rms_s10.npz,76464,43d12bfac146f58d9dd816f25c8b1e0f134a2bb4b7920a3e39a9ec088763828f
resnet,independent_rms,43,bandpass_n20003_cLA_V6_independent_rms_s5,phase2/results/predictions/full/independent_rms/resnet/seed_43/bandpass_n20003_cLA_V6_independent_rms_s5.npz,76260,06da852ec59ed34097d25d2c3b493fdc71cd81fc0a452ce6359b43067715a716
resnet,independent_rms,43,bandpass_n20003_cLA_V6_independent_rms_s0,phase2/results/predictions/full/independent_rms/resnet/seed_43/bandpass_n20003_cLA_V6_independent_rms_s0.npz,75889,3892e8361fbe93db07fd7bf6db24eab9feb480571f1df1c68897ced6b4759dcc
resnet,independent_rms,43,bandpass_n20003_cLA_V6_electrode_s20,phase2/results/predictions/full/independent_rms/resnet/seed_43/bandpass_n20003_cLA_V6_electrode_s20.npz,76473,42532b08bb6296810031c9be1f1078f043a82beb4a24848dd6e15ddee3dcde42
resnet,independent_rms,43,bandpass_n20003_cLA_V6_electrode_s15,phase2/results/predictions/full/independent_rms/resnet/seed_43/bandpass_n20003_cLA_V6_electrode_s15.npz,76453,bc5792acd754ba2095718067cc4a7d813df9ba27bb1180b5f9da1a279f3f32fa
resnet,independent_rms,43,bandpass_n20003_cLA_V6_electrode_s10,phase2/results/predictions/full/independent_rms/resnet/seed_43/bandpass_n20003_cLA_V6_electrode_s10.npz,76371,0c6fd10039dad5de554c217410d2cebc7cd35df71a1be55ddce738cf965c901c
resnet,independent_rms,43,bandpass_n20003_cLA_V6_electrode_s5,phase2/results/predictions/full/independent_rms/resnet/seed_43/bandpass_n20003_cLA_V6_electrode_s5.npz,76195,04ef0cfe887d8e114054841ec22c94714f3942e932f705bc9979b1df3bfa6ac0
resnet,independent_rms,43,bandpass_n20003_cLA_V6_electrode_s0,phase2/results/predictions/full/independent_rms/resnet/seed_43/bandpass_n20003_cLA_V6_electrode_s0.npz,75721,109a74f087b42d8fbce49e09ad8b9e4979e344d3a90d175849442bf1d4a9d767
resnet,independent_rms,43,bandpass_n20003_cLA_V6_covariance_s20,phase2/results/predictions/full/independent_rms/resnet/seed_43/bandpass_n20003_cLA_V6_covariance_s20.npz,76460,3df0e69db072f45ca9d66ed9394f33f315c4c4a04ea311ed888033788d3cac93
resnet,independent_rms,43,bandpass_n20003_cLA_V6_covariance_s15,phase2/results/predictions/full/independent_rms/resnet/seed_43/bandpass_n20003_cLA_V6_covariance_s15.npz,76499,08daa6b2e3ada18902608a4fa2fdf3c52392daf1719d734653acbb342e88a6f2
resnet,independent_rms,43,bandpass_n20003_cLA_V6_covariance_s10,phase2/results/predictions/full/independent_rms/resnet/seed_43/bandpass_n20003_cLA_V6_covariance_s10.npz,76384,65ebef55731a4a6d9cbc687328d21aca074c177f5bc5c9eaaac748f0c04f935a
resnet,independent_rms,43,bandpass_n20003_cLA_V6_covariance_s5,phase2/results/predictions/full/independent_rms/resnet/seed_43/bandpass_n20003_cLA_V6_covariance_s5.npz,76176,7d119a8471185bac4f860de34c4ff7c70ba783ac81db1553c9a661c328ddcfb4
resnet,independent_rms,43,bandpass_n20003_cLA_V6_covariance_s0,phase2/results/predictions/full/independent_rms/resnet/seed_43/bandpass_n20003_cLA_V6_covariance_s0.npz,75701,29fb8bee12bd86271a8cb4a395b89c9205f17a68570d129ca77b9d0c23ed3dc7
resnet,independent_rms,43,bandpass_n20003_cLL_V4_independent_rms_s20,phase2/results/predictions/full/independent_rms/resnet/seed_43/bandpass_n20003_cLL_V4_independent_rms_s20.npz,76482,859d568ddcac5ce2a9981757c51a8258c37ea7bb77ae0318963af145627e851d
resnet,independent_rms,43,bandpass_n20003_cLL_V4_independent_rms_s15,phase2/results/predictions/full/independent_rms/resnet/seed_43/bandpass_n20003_cLL_V4_independent_rms_s15.npz,76449,1691ed31ece738dfce4ddce05d0e8ac0d640d5c5032bc663dd193f69c38dcc19
resnet,independent_rms,43,bandpass_n20003_cLL_V4_independent_rms_s10,phase2/results/predictions/full/independent_rms/resnet/seed_43/bandpass_n20003_cLL_V4_independent_rms_s10.npz,76404,cf17e8542bcc9b8a2e02a2fed2f93898921ddd7d7ef608655dae07de0eae0132
resnet,independent_rms,43,bandpass_n20003_cLL_V4_independent_rms_s5,phase2/results/predictions/full/independent_rms/resnet/seed_43/bandpass_n20003_cLL_V4_independent_rms_s5.npz,76216,72cf8dd64614b41045e6d78ea0d5c6763be27fdd93b912128bc248755aabd82f
resnet,independent_rms,43,bandpass_n20003_cLL_V4_independent_rms_s0,phase2/results/predictions/full/independent_rms/resnet/seed_43/bandpass_n20003_cLL_V4_independent_rms_s0.npz,75845,78d3324ffb55dd70916430d51f6d190c9248f1d8bc177d6dd47a4977aa1f9e07
resnet,independent_rms,43,bandpass_n20003_cLL_V4_electrode_s20,phase2/results/predictions/full/independent_rms/resnet/seed_43/bandpass_n20003_cLL_V4_electrode_s20.npz,76445,eeff30166305e57c3667bf83f619ad151a53683e88315f954e46bd20b248f590
resnet,independent_rms,43,bandpass_n20003_cLL_V4_electrode_s15,phase2/results/predictions/full/independent_rms/resnet/seed_43/bandpass_n20003_cLL_V4_electrode_s15.npz,76429,444b7326d99fec691d0b605bba0300981b340af28242ea697df7e3efb879a993
resnet,independent_rms,43,bandpass_n20003_cLL_V4_electrode_s10,phase2/results/predictions/full/independent_rms/resnet/seed_43/bandpass_n20003_cLL_V4_electrode_s10.npz,76327,97858bdb35e6f08e6a86e45573fccb8e56853bee485c57dcbd5044f189add396
resnet,independent_rms,43,bandpass_n20003_cLL_V4_electrode_s5,phase2/results/predictions/full/independent_rms/resnet/seed_43/bandpass_n20003_cLL_V4_electrode_s5.npz,76053,71a4cd65025b2bcc2fc0cbb45fe85a4f6d9122fbb4f9b492b0b3910cd2edd757
resnet,independent_rms,43,bandpass_n20003_cLL_V4_electrode_s0,phase2/results/predictions/full/independent_rms/resnet/seed_43/bandpass_n20003_cLL_V4_electrode_s0.npz,75692,c44f258cfe6ee8919d019330cbb2cfc86a2834f000eea68fa37599502894d8f9
resnet,independent_rms,43,bandpass_n20003_cLL_V4_covariance_s20,phase2/results/predictions/full/independent_rms/resnet/seed_43/bandpass_n20003_cLL_V4_covariance_s20.npz,76443,1cdd4f3897135c78c91ca01d9d5d478e1ec2520719696d73d32d0cf23037bec5
resnet,independent_rms,43,bandpass_n20003_cLL_V4_covariance_s15,phase2/results/predictions/full/independent_rms/resnet/seed_43/bandpass_n20003_cLL_V4_covariance_s15.npz,76412,cecf4c07d18cc3cc620eadf91c76ae902b47d968ca99e924a6681bcb941ff967
resnet,independent_rms,43,bandpass_n20003_cLL_V4_covariance_s10,phase2/results/predictions/full/independent_rms/resnet/seed_43/bandpass_n20003_cLL_V4_covariance_s10.npz,76295,28502230b9db1f30d776e86ac12ac624a7eae6834bb4780a160813e9808bc759
resnet,independent_rms,43,bandpass_n20003_cLL_V4_covariance_s5,phase2/results/predictions/full/independent_rms/resnet/seed_43/bandpass_n20003_cLL_V4_covariance_s5.npz,76069,6cf1e578bd78e582d9f6a16e0ed175adcc73b66dc15fad91e1c1e6b55ce4ccda
resnet,independent_rms,43,bandpass_n20003_cLL_V4_covariance_s0,phase2/results/predictions/full/independent_rms/resnet/seed_43/bandpass_n20003_cLL_V4_covariance_s0.npz,75731,4fa867a45fd87ec4ca1a8e2d9788910527cccbb88a79b2548094627f40850caa
resnet,independent_rms,43,bandpass_n20003_cRA_LA_V1_V6_independent_rms_s20,phase2/results/predictions/full/independent_rms/resnet/seed_43/bandpass_n20003_cRA_LA_V1_V6_independent_rms_s20.npz,76479,46c0dafcb80123d99ff1e0352dc4b62e096a150137cd5393af95e5b3a975a64b
resnet,independent_rms,43,bandpass_n20003_cRA_LA_V1_V6_independent_rms_s15,phase2/results/predictions/full/independent_rms/resnet/seed_43/bandpass_n20003_cRA_LA_V1_V6_independent_rms_s15.npz,76484,e477cbe2065a8ecf66d3ac43ee174fc25e4592005347910a4ba6d9c694f5c8fb
resnet,independent_rms,43,bandpass_n20003_cRA_LA_V1_V6_independent_rms_s10,phase2/results/predictions/full/independent_rms/resnet/seed_43/bandpass_n20003_cRA_LA_V1_V6_independent_rms_s10.npz,76439,da23bcebd677af8c504a489c10801e33c5fd9e8c9a1d10e9e3bb450c519a7c60
resnet,independent_rms,43,bandpass_n20003_cRA_LA_V1_V6_independent_rms_s5,phase2/results/predictions/full/independent_rms/resnet/seed_43/bandpass_n20003_cRA_LA_V1_V6_independent_rms_s5.npz,76258,a3bd4fcbbcc4f3f92a29318b1eda350f17374a16ccd3237596236cc21df9852a
resnet,independent_rms,43,bandpass_n20003_cRA_LA_V1_V6_independent_rms_s0,phase2/results/predictions/full/independent_rms/resnet/seed_43/bandpass_n20003_cRA_LA_V1_V6_independent_rms_s0.npz,75938,ea294e0ee2b3e078956e35a46bff9d2df02db77e6380839dd79b1e2b9117de4b
resnet,independent_rms,43,bandpass_n20003_cRA_LA_V1_V6_electrode_s20,phase2/results/predictions/full/independent_rms/resnet/seed_43/bandpass_n20003_cRA_LA_V1_V6_electrode_s20.npz,76442,c99ed156d7abcf132e6e96607c5f271e21549cfcf5357dfa387169ad5513ecb9
resnet,independent_rms,43,bandpass_n20003_cRA_LA_V1_V6_electrode_s15,phase2/results/predictions/full/independent_rms/resnet/seed_43/bandpass_n20003_cRA_LA_V1_V6_electrode_s15.npz,76463,044a2e228617b1c32f787038257fd4566ca779acce03f67cca2538c4953a331e
resnet,independent_rms,43,bandpass_n20003_cRA_LA_V1_V6_electrode_s10,phase2/results/predictions/full/independent_rms/resnet/seed_43/bandpass_n20003_cRA_LA_V1_V6_electrode_s10.npz,76389,6eb6fa9c53a75f51c9dc60b6feec8e8691aa1e260e882f27a109fa1c401a6da0
resnet,independent_rms,43,bandpass_n20003_cRA_LA_V1_V6_electrode_s5,phase2/results/predictions/full/independent_rms/resnet/seed_43/bandpass_n20003_cRA_LA_V1_V6_electrode_s5.npz,76186,1816c890c82d4e34988f457d2792c0fe5922fd5d79e29ee584724dec624ee81a
resnet,independent_rms,43,bandpass_n20003_cRA_LA_V1_V6_electrode_s0,phase2/results/predictions/full/independent_rms/resnet/seed_43/bandpass_n20003_cRA_LA_V1_V6_electrode_s0.npz,75717,c2ae70cf641f1fc788a3b767bd03ab6451fefc52a8ecf1990642fe9bc975e528
resnet,independent_rms,43,bandpass_n20003_cRA_LA_V1_V6_covariance_s20,phase2/results/predictions/full/independent_rms/resnet/seed_43/bandpass_n20003_cRA_LA_V1_V6_covariance_s20.npz,76465,a615e73ecb945720ede51434eaf2c2e4ab52a9378a642b116d07cb427aa08e4f
resnet,independent_rms,43,bandpass_n20003_cRA_LA_V1_V6_covariance_s15,phase2/results/predictions/full/independent_rms/resnet/seed_43/bandpass_n20003_cRA_LA_V1_V6_covariance_s15.npz,76484,32fc32d16455ffe67125c1efea9fc3d60d590fbb04ee3f529b78c9b82abc908a
resnet,independent_rms,43,bandpass_n20003_cRA_LA_V1_V6_covariance_s10,phase2/results/predictions/full/independent_rms/resnet/seed_43/bandpass_n20003_cRA_LA_V1_V6_covariance_s10.npz,76368,e5699bb7f5d955b2d7949bdccc9369efe237ed9ead0f49c22c527e9ad75e668d
resnet,independent_rms,43,bandpass_n20003_cRA_LA_V1_V6_covariance_s5,phase2/results/predictions/full/independent_rms/resnet/seed_43/bandpass_n20003_cRA_LA_V1_V6_covariance_s5.npz,76131,91f78244617bb1de59d9dc5923f8ed3b450c7890ec383c32d2028ec239c60fdb
resnet,independent_rms,43,bandpass_n20003_cRA_LA_V1_V6_covariance_s0,phase2/results/predictions/full/independent_rms/resnet/seed_43/bandpass_n20003_cRA_LA_V1_V6_covariance_s0.npz,75690,0697facf0d36ef110d6cbade9e5e8b648c31120387a316b11c82520100924d79
resnet,independent_rms,43,bandpass_n20003_cRA_V2_V5_independent_rms_s20,phase2/results/predictions/full/independent_rms/resnet/seed_43/bandpass_n20003_cRA_V2_V5_independent_rms_s20.npz,76483,595d5fbd23d4add6dcd2139233092873c6ef1077fd15c2cd983f2edbcb4a9a6c
resnet,independent_rms,43,bandpass_n20003_cRA_V2_V5_independent_rms_s15,phase2/results/predictions/full/independent_rms/resnet/seed_43/bandpass_n20003_cRA_V2_V5_independent_rms_s15.npz,76466,a6392f0d988b3ffbac29511715474f2704fb145f4ebd00bb0b107dfbbe62a0b7
resnet,independent_rms,43,bandpass_n20003_cRA_V2_V5_independent_rms_s10,phase2/results/predictions/full/independent_rms/resnet/seed_43/bandpass_n20003_cRA_V2_V5_independent_rms_s10.npz,76395,04fd97b755b1df4ac82a2a3d6137debaf4b65f988e4bd3fc7511a2816c2ec963
resnet,independent_rms,43,bandpass_n20003_cRA_V2_V5_independent_rms_s5,phase2/results/predictions/full/independent_rms/resnet/seed_43/bandpass_n20003_cRA_V2_V5_independent_rms_s5.npz,76294,6926afbbb90efc5ed50695d38aa01f3b29e2ffdca1c5b8320f69ac864e1ece2a
resnet,independent_rms,43,bandpass_n20003_cRA_V2_V5_independent_rms_s0,phase2/results/predictions/full/independent_rms/resnet/seed_43/bandpass_n20003_cRA_V2_V5_independent_rms_s0.npz,75946,36ab568f8993c687436b3d9bcc12b5b62db97605a27d216159a87c7a73c41ef0
resnet,independent_rms,43,bandpass_n20003_cRA_V2_V5_electrode_s20,phase2/results/predictions/full/independent_rms/resnet/seed_43/bandpass_n20003_cRA_V2_V5_electrode_s20.npz,76455,fd94882219061e8956279f7a2bfaaf7c230324660cf4c06ec570dcddeac2ee26
resnet,independent_rms,43,bandpass_n20003_cRA_V2_V5_electrode_s15,phase2/results/predictions/full/independent_rms/resnet/seed_43/bandpass_n20003_cRA_V2_V5_electrode_s15.npz,76462,8dfa55152a6d14c7cae4b62177a2649a6f2f273eebcb08dfd8b766c0b0c7e5fb
resnet,independent_rms,43,bandpass_n20003_cRA_V2_V5_electrode_s10,phase2/results/predictions/full/independent_rms/resnet/seed_43/bandpass_n20003_cRA_V2_V5_electrode_s10.npz,76354,a420d5451cea839f3231866bf3dcb44e13205b8c67faf077747fb16b91189f79
resnet,independent_rms,43,bandpass_n20003_cRA_V2_V5_electrode_s5,phase2/results/predictions/full/independent_rms/resnet/seed_43/bandpass_n20003_cRA_V2_V5_electrode_s5.npz,76171,6199345cd552263a0865e47fce9a6fae17f31b075cc521b83fe5ec3c4b209287
resnet,independent_rms,43,bandpass_n20003_cRA_V2_V5_electrode_s0,phase2/results/predictions/full/independent_rms/resnet/seed_43/bandpass_n20003_cRA_V2_V5_electrode_s0.npz,75787,ad9dc1c20a60d95fe3d44c152c138167b5d28c15adb72ba9e3baa7d106f9a115
resnet,independent_rms,43,bandpass_n20003_cRA_V2_V5_covariance_s20,phase2/results/predictions/full/independent_rms/resnet/seed_43/bandpass_n20003_cRA_V2_V5_covariance_s20.npz,76471,92217ed251dd8750f7ecc2f3f76c5a6dc2731416a92b60a65964922aa11636f1
resnet,independent_rms,43,bandpass_n20003_cRA_V2_V5_covariance_s15,phase2/results/predictions/full/independent_rms/resnet/seed_43/bandpass_n20003_cRA_V2_V5_covariance_s15.npz,76460,2723dd621e8a3c9659ee94ce34680040163ccb08f81b815b7d58ee5b1878541f
resnet,independent_rms,43,bandpass_n20003_cRA_V2_V5_covariance_s10,phase2/results/predictions/full/independent_rms/resnet/seed_43/bandpass_n20003_cRA_V2_V5_covariance_s10.npz,76356,d5cf0ce65873af909ad2a22f52972810dcb560149c4dc2a4c4f3745051687df0
resnet,independent_rms,43,bandpass_n20003_cRA_V2_V5_covariance_s5,phase2/results/predictions/full/independent_rms/resnet/seed_43/bandpass_n20003_cRA_V2_V5_covariance_s5.npz,76140,bfda7ce6c4105c9e44b6e16e33de55961f9cbe6fcf9e73df7db336f9c817baf8
resnet,independent_rms,43,bandpass_n20003_cRA_V2_V5_covariance_s0,phase2/results/predictions/full/independent_rms/resnet/seed_43/bandpass_n20003_cRA_V2_V5_covariance_s0.npz,75761,7d846e3257d875352478225776a0654ef91cbe6d83e19303d3d8f3f7e10d02d3
resnet,independent_rms,43,bandpass_n20003_cLA_V3_V6_independent_rms_s20,phase2/results/predictions/full/independent_rms/resnet/seed_43/bandpass_n20003_cLA_V3_V6_independent_rms_s20.npz,76518,246adcba917e337adc029c7feb6eb1b0ef8ae781bcbbd022a3d378743a09bad9
resnet,independent_rms,43,bandpass_n20003_cLA_V3_V6_independent_rms_s15,phase2/results/predictions/full/independent_rms/resnet/seed_43/bandpass_n20003_cLA_V3_V6_independent_rms_s15.npz,76478,d6e27812adf4937f2138302b1b667bb3ef47600814a6945026d831b64fff99eb
resnet,independent_rms,43,bandpass_n20003_cLA_V3_V6_independent_rms_s10,phase2/results/predictions/full/independent_rms/resnet/seed_43/bandpass_n20003_cLA_V3_V6_independent_rms_s10.npz,76409,703fe31673267aec261fc1a8a880d390ba5d1bfe8e4014444c19d51f7b440e6c
resnet,independent_rms,43,bandpass_n20003_cLA_V3_V6_independent_rms_s5,phase2/results/predictions/full/independent_rms/resnet/seed_43/bandpass_n20003_cLA_V3_V6_independent_rms_s5.npz,76315,07ffc9283793534879bb5ced78f743786405f1bba6c9e01df4470a1be2e5b66f
resnet,independent_rms,43,bandpass_n20003_cLA_V3_V6_independent_rms_s0,phase2/results/predictions/full/independent_rms/resnet/seed_43/bandpass_n20003_cLA_V3_V6_independent_rms_s0.npz,75958,9784aee85719747fa6c69ea2bbe0d1671661e6846fc8671e593ecacb5451cb9b
resnet,independent_rms,43,bandpass_n20003_cLA_V3_V6_electrode_s20,phase2/results/predictions/full/independent_rms/resnet/seed_43/bandpass_n20003_cLA_V3_V6_electrode_s20.npz,76466,31b16a7556bf9c011616c7cb16016470cbc8383af7f0f3fbbec4a2f53532b8f0
resnet,independent_rms,43,bandpass_n20003_cLA_V3_V6_electrode_s15,phase2/results/predictions/full/independent_rms/resnet/seed_43/bandpass_n20003_cLA_V3_V6_electrode_s15.npz,76440,3c15ab8083a6515f0572b3bcb8a3e9ff257b32b167b1a59ddc496ac696496a6f
resnet,independent_rms,43,bandpass_n20003_cLA_V3_V6_electrode_s10,phase2/results/predictions/full/independent_rms/resnet/seed_43/bandpass_n20003_cLA_V3_V6_electrode_s10.npz,76400,b45794edb6db8afaa0557b2fe867e6009f97f356e4318450c1653c85db365d11
resnet,independent_rms,43,bandpass_n20003_cLA_V3_V6_electrode_s5,phase2/results/predictions/full/independent_rms/resnet/seed_43/bandpass_n20003_cLA_V3_V6_electrode_s5.npz,76191,20d38b98ec8b31119560fb9efe532b46d749b70479e9bbcf13bc0249d5528979
resnet,independent_rms,43,bandpass_n20003_cLA_V3_V6_electrode_s0,phase2/results/predictions/full/independent_rms/resnet/seed_43/bandpass_n20003_cLA_V3_V6_electrode_s0.npz,75766,f596ddbfa55a087b4b94fc28aa749b3da99ceed4d9787eece30375ea55e7e328
resnet,independent_rms,43,bandpass_n20003_cLA_V3_V6_covariance_s20,phase2/results/predictions/full/independent_rms/resnet/seed_43/bandpass_n20003_cLA_V3_V6_covariance_s20.npz,76459,4328c12aa4cc465e66f3b6239ad085271b17a3220f9820d59201013b5b8aa854
resnet,independent_rms,43,bandpass_n20003_cLA_V3_V6_covariance_s15,phase2/results/predictions/full/independent_rms/resnet/seed_43/bandpass_n20003_cLA_V3_V6_covariance_s15.npz,76415,047bdb2d3ea779dd7cadbb01c40b7d5cfdd46f5ec1ff56d55eab9d915960b425
resnet,independent_rms,43,bandpass_n20003_cLA_V3_V6_covariance_s10,phase2/results/predictions/full/independent_rms/resnet/seed_43/bandpass_n20003_cLA_V3_V6_covariance_s10.npz,76373,7abf23f4d560063a7880aab6b48bf79a362aff951160509bc7c948eaeb13fa25
resnet,independent_rms,43,bandpass_n20003_cLA_V3_V6_covariance_s5,phase2/results/predictions/full/independent_rms/resnet/seed_43/bandpass_n20003_cLA_V3_V6_covariance_s5.npz,76177,af3935d964236e9a893fcd7ab3841c39c3e765be350bacfffc6d907a82e3799d
resnet,independent_rms,43,bandpass_n20003_cLA_V3_V6_covariance_s0,phase2/results/predictions/full/independent_rms/resnet/seed_43/bandpass_n20003_cLA_V3_V6_covariance_s0.npz,75763,def52b5172460a93c46b8f68d8365f31db1df0c40a088cb869e2926353fa5bda
resnet,independent_rms,43,bandpass_n20003_cLL_V1_V4_independent_rms_s20,phase2/results/predictions/full/independent_rms/resnet/seed_43/bandpass_n20003_cLL_V1_V4_independent_rms_s20.npz,76487,098742b7d1dd20bd6f04daabfb95535918fca1ccfa31378d729f2da1cc7c9a3d
resnet,independent_rms,43,bandpass_n20003_cLL_V1_V4_independent_rms_s15,phase2/results/predictions/full/independent_rms/resnet/seed_43/bandpass_n20003_cLL_V1_V4_independent_rms_s15.npz,76482,1a22a29234142e84e49a993e0643b52828d31a7b0fc2171579d9e353c8248a3e
resnet,independent_rms,43,bandpass_n20003_cLL_V1_V4_independent_rms_s10,phase2/results/predictions/full/independent_rms/resnet/seed_43/bandpass_n20003_cLL_V1_V4_independent_rms_s10.npz,76400,7e6ce0d283e25bdb8f8258917d33838da0e77638d3a4b07e815e2c86f1c3879a
resnet,independent_rms,43,bandpass_n20003_cLL_V1_V4_independent_rms_s5,phase2/results/predictions/full/independent_rms/resnet/seed_43/bandpass_n20003_cLL_V1_V4_independent_rms_s5.npz,76229,6961db95618ea7bf84e910831f6a3ec8ed7c86de0aee0e7bf7df55f48d256f53
resnet,independent_rms,43,bandpass_n20003_cLL_V1_V4_independent_rms_s0,phase2/results/predictions/full/independent_rms/resnet/seed_43/bandpass_n20003_cLL_V1_V4_independent_rms_s0.npz,75836,c073ceaf84c924fcc5499521564ac0fdf8d3ded8b431553eeb49e02dc1815480
resnet,independent_rms,43,bandpass_n20003_cLL_V1_V4_electrode_s20,phase2/results/predictions/full/independent_rms/resnet/seed_43/bandpass_n20003_cLL_V1_V4_electrode_s20.npz,76418,9b1b4ef1d844af8474a3d03668749fbf6856c7611655e2db186bcc2ddb45cf6a
resnet,independent_rms,43,bandpass_n20003_cLL_V1_V4_electrode_s15,phase2/results/predictions/full/independent_rms/resnet/seed_43/bandpass_n20003_cLL_V1_V4_electrode_s15.npz,76411,97f36cd0b197ba17b5f1ad3911a53ec11121f41c45f517f8c459f0301e8c2f3c
resnet,independent_rms,43,bandpass_n20003_cLL_V1_V4_electrode_s10,phase2/results/predictions/full/independent_rms/resnet/seed_43/bandpass_n20003_cLL_V1_V4_electrode_s10.npz,76343,5a287c6ea67772b479136c57f6e379634aa2052236630a7bcb70f186267d8ce2
resnet,independent_rms,43,bandpass_n20003_cLL_V1_V4_electrode_s5,phase2/results/predictions/full/independent_rms/resnet/seed_43/bandpass_n20003_cLL_V1_V4_electrode_s5.npz,76089,4872ed5320b025ea39f5e35fcec1b94d6ee84470f8db4d7292f7ae02d6611d77
resnet,independent_rms,43,bandpass_n20003_cLL_V1_V4_electrode_s0,phase2/results/predictions/full/independent_rms/resnet/seed_43/bandpass_n20003_cLL_V1_V4_electrode_s0.npz,75651,f782356e3d9783f2b01e7a323141438c4ffc5ff7a7983510da4972867e067cf6
resnet,independent_rms,43,bandpass_n20003_cLL_V1_V4_covariance_s20,phase2/results/predictions/full/independent_rms/resnet/seed_43/bandpass_n20003_cLL_V1_V4_covariance_s20.npz,76419,8c97497a32dec701269d24fa9444302f0a0e7ea850d5e9a57bd60719ddf9d4ae
resnet,independent_rms,43,bandpass_n20003_cLL_V1_V4_covariance_s15,phase2/results/predictions/full/independent_rms/resnet/seed_43/bandpass_n20003_cLL_V1_V4_covariance_s15.npz,76432,4673d612c996e6da0abb32f37733d6929962943feca0d992117137c4f8574e8f
resnet,independent_rms,43,bandpass_n20003_cLL_V1_V4_covariance_s10,phase2/results/predictions/full/independent_rms/resnet/seed_43/bandpass_n20003_cLL_V1_V4_covariance_s10.npz,76346,22746f5092ed543ebf1996dcebfa8e28536eb0f5d1aecaa4bda10261e2392dce
resnet,independent_rms,43,bandpass_n20003_cLL_V1_V4_covariance_s5,phase2/results/predictions/full/independent_rms/resnet/seed_43/bandpass_n20003_cLL_V1_V4_covariance_s5.npz,76072,fdf28aae91705519f4b2afd6fa845d6d303826b560ea6c8d5e866e70a95eb11d
resnet,independent_rms,43,bandpass_n20003_cLL_V1_V4_covariance_s0,phase2/results/predictions/full/independent_rms/resnet/seed_43/bandpass_n20003_cLL_V1_V4_covariance_s0.npz,75667,d9db0e4f4da614d34078ad8f4ed51842cdf370500c9a96a1cf6ae522d2a0c273
resnet,independent_rms,43,bandpass_n20003_call_independent_rms_s20,phase2/results/predictions/full/independent_rms/resnet/seed_43/bandpass_n20003_call_independent_rms_s20.npz,76453,e29c7b811f78b638dc458aec51cb32920ac03beeb6d3b627d2bbca1b7e4121c8
resnet,independent_rms,43,bandpass_n20003_call_independent_rms_s15,phase2/results/predictions/full/independent_rms/resnet/seed_43/bandpass_n20003_call_independent_rms_s15.npz,76440,6cf491009db40fd5fd222058908567407f89e702cfa16763c57127515136ae23
resnet,independent_rms,43,bandpass_n20003_call_independent_rms_s10,phase2/results/predictions/full/independent_rms/resnet/seed_43/bandpass_n20003_call_independent_rms_s10.npz,76375,3b1026d5ccadc680b9584ab13bbfe552c1daf6424667d8dceb8084b85c062378
resnet,independent_rms,43,bandpass_n20003_call_independent_rms_s5,phase2/results/predictions/full/independent_rms/resnet/seed_43/bandpass_n20003_call_independent_rms_s5.npz,76248,299d0105b8d17677741c3163ea07d47d155eb5ad2aa8db82526d9c294ef8fd68
resnet,independent_rms,43,bandpass_n20003_call_independent_rms_s0,phase2/results/predictions/full/independent_rms/resnet/seed_43/bandpass_n20003_call_independent_rms_s0.npz,75863,50368dffcd4fb89cd02efb0d29b6f43006dfae3939fb2070e9dc1c9e7c98524f
resnet,independent_rms,43,bandpass_n20003_call_electrode_s20,phase2/results/predictions/full/independent_rms/resnet/seed_43/bandpass_n20003_call_electrode_s20.npz,76434,1723290f8f9bd16ffd44f8e9f65583beed19e0bca01550a5a84b55bccb808fcc
resnet,independent_rms,43,bandpass_n20003_call_electrode_s15,phase2/results/predictions/full/independent_rms/resnet/seed_43/bandpass_n20003_call_electrode_s15.npz,76410,5f167a8cf2a4c13f06ed2eeb4440d18ddb647b9554b33e0c105029fe6cc8af5d
resnet,independent_rms,43,bandpass_n20003_call_electrode_s10,phase2/results/predictions/full/independent_rms/resnet/seed_43/bandpass_n20003_call_electrode_s10.npz,76323,9f575e51710c179fcd9081a25f280c859231a89c71ec3d23bbce6f8d7b9d92a7
resnet,independent_rms,43,bandpass_n20003_call_electrode_s5,phase2/results/predictions/full/independent_rms/resnet/seed_43/bandpass_n20003_call_electrode_s5.npz,76081,876e8723d855d6086ce71707032e8fa960469da68df6029a7db1f2801a1b7fb7
resnet,independent_rms,43,bandpass_n20003_call_electrode_s0,phase2/results/predictions/full/independent_rms/resnet/seed_43/bandpass_n20003_call_electrode_s0.npz,75624,45514d0fb673455d189fa5ec116a5e9e5941b987c682fd4dadfe0b2aceaff9f1
resnet,independent_rms,43,bandpass_n20003_call_covariance_s20,phase2/results/predictions/full/independent_rms/resnet/seed_43/bandpass_n20003_call_covariance_s20.npz,76445,f9dbd8587e09c92b897fbcfe919e595dc4e1c8c0765d4e133e5e7b46440d7f97
resnet,independent_rms,43,bandpass_n20003_call_covariance_s15,phase2/results/predictions/full/independent_rms/resnet/seed_43/bandpass_n20003_call_covariance_s15.npz,76375,9c323206ce47a76cf6f979b73b5ba71b1ee509f321f392479326971f26b4e246
resnet,independent_rms,43,bandpass_n20003_call_covariance_s10,phase2/results/predictions/full/independent_rms/resnet/seed_43/bandpass_n20003_call_covariance_s10.npz,76307,e7d2ed28f9abce2ac758f1c72c35d0ea55c6ae2d883f0a0e4b449262e2d777f0
resnet,independent_rms,43,bandpass_n20003_call_covariance_s5,phase2/results/predictions/full/independent_rms/resnet/seed_43/bandpass_n20003_call_covariance_s5.npz,76096,aa3d65fb51acc34018d1141e1aeaa2d2326b1b81d76c740cd63258b9b042ca08
resnet,independent_rms,43,bandpass_n20003_call_covariance_s0,phase2/results/predictions/full/independent_rms/resnet/seed_43/bandpass_n20003_call_covariance_s0.npz,75639,d5bb01d4fdd3ba8cc6ad66e28b9eef9fb0330a86472ebd4ea053e33b04353b76
resnet,independent_rms,43,bandpass_n20004_cRA_LA_LL_independent_rms_s20,phase2/results/predictions/full/independent_rms/resnet/seed_43/bandpass_n20004_cRA_LA_LL_independent_rms_s20.npz,76482,da2b0c806c41b9576f4c544737933f041267e780371593a227b68d5ee551ee01
resnet,independent_rms,43,bandpass_n20004_cRA_LA_LL_independent_rms_s15,phase2/results/predictions/full/independent_rms/resnet/seed_43/bandpass_n20004_cRA_LA_LL_independent_rms_s15.npz,76478,a0fcbec35ff467c6b5207566caa3f0e8b7458c35b8e9e9308cff12bd68870eee
resnet,independent_rms,43,bandpass_n20004_cRA_LA_LL_independent_rms_s10,phase2/results/predictions/full/independent_rms/resnet/seed_43/bandpass_n20004_cRA_LA_LL_independent_rms_s10.npz,76363,5afade845fd3aed099ea819794ed0741beb99b0ed582f36dac1f5bfd59900141
resnet,independent_rms,43,bandpass_n20004_cRA_LA_LL_independent_rms_s5,phase2/results/predictions/full/independent_rms/resnet/seed_43/bandpass_n20004_cRA_LA_LL_independent_rms_s5.npz,76231,f3da9425f232b888c87b323d44f30d5cff6921dd884ac6441fb5d76c3e371900
resnet,independent_rms,43,bandpass_n20004_cRA_LA_LL_independent_rms_s0,phase2/results/predictions/full/independent_rms/resnet/seed_43/bandpass_n20004_cRA_LA_LL_independent_rms_s0.npz,75841,2647965e941d25d81031fbc55a5170975d4b246d40850e9b457113929fc908c0
resnet,independent_rms,43,bandpass_n20004_cRA_LA_LL_electrode_s20,phase2/results/predictions/full/independent_rms/resnet/seed_43/bandpass_n20004_cRA_LA_LL_electrode_s20.npz,76439,ef3cdbbd90acffc43bbfbaaa52439551faaae3965e92373e2849f70b54081bd5
resnet,independent_rms,43,bandpass_n20004_cRA_LA_LL_electrode_s15,phase2/results/predictions/full/independent_rms/resnet/seed_43/bandpass_n20004_cRA_LA_LL_electrode_s15.npz,76423,13a7c062942921b94da6fd9843c72fa95f0d4f25b580284bc0c386c69afe3438
resnet,independent_rms,43,bandpass_n20004_cRA_LA_LL_electrode_s10,phase2/results/predictions/full/independent_rms/resnet/seed_43/bandpass_n20004_cRA_LA_LL_electrode_s10.npz,76374,4591ec45c26a139b68267055f07d4ad760a3042116f41c86367297a01a462ce7
resnet,independent_rms,43,bandpass_n20004_cRA_LA_LL_electrode_s5,phase2/results/predictions/full/independent_rms/resnet/seed_43/bandpass_n20004_cRA_LA_LL_electrode_s5.npz,76068,5709e4fc2e760d9ac15817ca112c4e7f8198ae84dc4b947ea4e04c248712052c
resnet,independent_rms,43,bandpass_n20004_cRA_LA_LL_electrode_s0,phase2/results/predictions/full/independent_rms/resnet/seed_43/bandpass_n20004_cRA_LA_LL_electrode_s0.npz,75551,aad156654e261f1ec3c6baff6e097119572c3396f064c16d315ed18a8e33eb87
resnet,independent_rms,43,bandpass_n20004_cRA_LA_LL_covariance_s20,phase2/results/predictions/full/independent_rms/resnet/seed_43/bandpass_n20004_cRA_LA_LL_covariance_s20.npz,76481,3c37b3cb0a55ec77b8dd9acd6de530637b7a5cade77881685f2b7f68247df1cb
resnet,independent_rms,43,bandpass_n20004_cRA_LA_LL_covariance_s15,phase2/results/predictions/full/independent_rms/resnet/seed_43/bandpass_n20004_cRA_LA_LL_covariance_s15.npz,76431,f7daa24852467cc359f2b7f372ec0a9b499288e7e2fa8007350247339433dfea
resnet,independent_rms,43,bandpass_n20004_cRA_LA_LL_covariance_s10,phase2/results/predictions/full/independent_rms/resnet/seed_43/bandpass_n20004_cRA_LA_LL_covariance_s10.npz,76293,f6f6cdcd2f5472779583612d84bc733ab4ad0b1060b2c034d1bda6014e6cda8a
resnet,independent_rms,43,bandpass_n20004_cRA_LA_LL_covariance_s5,phase2/results/predictions/full/independent_rms/resnet/seed_43/bandpass_n20004_cRA_LA_LL_covariance_s5.npz,76079,3a912d4565e32d7c18c866e263ecf4cd3db7f10ece5691dc823d61cdb95878ec
resnet,independent_rms,43,bandpass_n20004_cRA_LA_LL_covariance_s0,phase2/results/predictions/full/independent_rms/resnet/seed_43/bandpass_n20004_cRA_LA_LL_covariance_s0.npz,75574,03b390fa49a58ee6cbd950664ede5c2114d4b3bd1a37db5cb3f79367733f61cb
resnet,independent_rms,43,bandpass_n20004_cV1_independent_rms_s20,phase2/results/predictions/full/independent_rms/resnet/seed_43/bandpass_n20004_cV1_independent_rms_s20.npz,76434,b5fcf483466d97648e7e871c8b0546e3412c87c74410f9ca517988bf91e7d8a9
resnet,independent_rms,43,bandpass_n20004_cV1_independent_rms_s15,phase2/results/predictions/full/independent_rms/resnet/seed_43/bandpass_n20004_cV1_independent_rms_s15.npz,76423,c670c429874774969e486c7a8bd282e7baa2dadc07334493c425c8d4bf7c56ec
resnet,independent_rms,43,bandpass_n20004_cV1_independent_rms_s10,phase2/results/predictions/full/independent_rms/resnet/seed_43/bandpass_n20004_cV1_independent_rms_s10.npz,76371,7ab56c0216ed6241924c552a4923aa23c24bffa7c74ef0abe4e647fe8a070565
resnet,independent_rms,43,bandpass_n20004_cV1_independent_rms_s5,phase2/results/predictions/full/independent_rms/resnet/seed_43/bandpass_n20004_cV1_independent_rms_s5.npz,76209,42fd91307412f28b451d34d0cee50cd760fdda5b4005779d9a429fde1a693c5f
resnet,independent_rms,43,bandpass_n20004_cV1_independent_rms_s0,phase2/results/predictions/full/independent_rms/resnet/seed_43/bandpass_n20004_cV1_independent_rms_s0.npz,75722,69afd3cae8b0ed077ab9b66e958ee1d6386e82ac4df09962a80a0107f49571ab
resnet,independent_rms,43,bandpass_n20004_cV1_electrode_s20,phase2/results/predictions/full/independent_rms/resnet/seed_43/bandpass_n20004_cV1_electrode_s20.npz,76413,f0706193489d001ba8c0427ed600854b649825f336c6bed62da47d6d56866d33
resnet,independent_rms,43,bandpass_n20004_cV1_electrode_s15,phase2/results/predictions/full/independent_rms/resnet/seed_43/bandpass_n20004_cV1_electrode_s15.npz,76415,030f69344b019acbf90023e91b7c8a8e5cff983ca16e5a809bc9cbb593f2b7ff
resnet,independent_rms,43,bandpass_n20004_cV1_electrode_s10,phase2/results/predictions/full/independent_rms/resnet/seed_43/bandpass_n20004_cV1_electrode_s10.npz,76380,9e19692f7c8e92bfdb083642d1718fdebbbcae328002cfa6c94b62504ceb8f7d
resnet,independent_rms,43,bandpass_n20004_cV1_electrode_s5,phase2/results/predictions/full/independent_rms/resnet/seed_43/bandpass_n20004_cV1_electrode_s5.npz,76170,5df4fa634e465f45205cf77d38429bb41bbc2c71ec535d299c43a2a8b35ad177
resnet,independent_rms,43,bandpass_n20004_cV1_electrode_s0,phase2/results/predictions/full/independent_rms/resnet/seed_43/bandpass_n20004_cV1_electrode_s0.npz,75749,37f8e4d2fde1c5391c9652e15db319bb92a6d938a54a8e82fadd9f3fc810fa2b
resnet,independent_rms,43,bandpass_n20004_cV1_covariance_s20,phase2/results/predictions/full/independent_rms/resnet/seed_43/bandpass_n20004_cV1_covariance_s20.npz,76430,eca92a25562470064f8d0f4ab7df402852420c7e4b645c56525974f0f1ad922d
resnet,independent_rms,43,bandpass_n20004_cV1_covariance_s15,phase2/results/predictions/full/independent_rms/resnet/seed_43/bandpass_n20004_cV1_covariance_s15.npz,76413,61fe916723906d1a1054d6e6d6fa096024234876938e6388d2dc93da8f326ebf
resnet,independent_rms,43,bandpass_n20004_cV1_covariance_s10,phase2/results/predictions/full/independent_rms/resnet/seed_43/bandpass_n20004_cV1_covariance_s10.npz,76358,24e718f81a991a1cdeb63f25d92e7ad9df2a9aac61e9019386fed7b1914a38cb
resnet,independent_rms,43,bandpass_n20004_cV1_covariance_s5,phase2/results/predictions/full/independent_rms/resnet/seed_43/bandpass_n20004_cV1_covariance_s5.npz,76196,7bd16ea2f855887ac49df1e98b9ea72fa44f770b4a521885ce38226fc83adbe7
resnet,independent_rms,43,bandpass_n20004_cV1_covariance_s0,phase2/results/predictions/full/independent_rms/resnet/seed_43/bandpass_n20004_cV1_covariance_s0.npz,75762,e127887947a76bfe87bc68036162cf0fe4c2a11262280961210e42a7ddedc47c
resnet,independent_rms,43,bandpass_n20004_cV2_independent_rms_s20,phase2/results/predictions/full/independent_rms/resnet/seed_43/bandpass_n20004_cV2_independent_rms_s20.npz,76419,eaf43ac8685b29147581814800e184c4090b6da312bc286af54f75c881e85634
resnet,independent_rms,43,bandpass_n20004_cV2_independent_rms_s15,phase2/results/predictions/full/independent_rms/resnet/seed_43/bandpass_n20004_cV2_independent_rms_s15.npz,76432,c96bc7eb4fd0d67886e75222dffcb00d9a2b056f0295ae557b1aad8f828362dc
resnet,independent_rms,43,bandpass_n20004_cV2_independent_rms_s10,phase2/results/predictions/full/independent_rms/resnet/seed_43/bandpass_n20004_cV2_independent_rms_s10.npz,76380,071e623f75fe3a255554462a4dee53c88f105aa304810aa9ce98bf8627db6ee2
resnet,independent_rms,43,bandpass_n20004_cV2_independent_rms_s5,phase2/results/predictions/full/independent_rms/resnet/seed_43/bandpass_n20004_cV2_independent_rms_s5.npz,76273,230565fb922e3c50063604b03daae83733be045e4cd0b9e2f69aafe57a9a91b1
resnet,independent_rms,43,bandpass_n20004_cV2_independent_rms_s0,phase2/results/predictions/full/independent_rms/resnet/seed_43/bandpass_n20004_cV2_independent_rms_s0.npz,75909,27b81abe399c680601db4bd36af86e36bbbae399654266edf2a666687619161f
resnet,independent_rms,43,bandpass_n20004_cV2_electrode_s20,phase2/results/predictions/full/independent_rms/resnet/seed_43/bandpass_n20004_cV2_electrode_s20.npz,76418,c35d217434250cc96011a55da8924e1525a9a32501c28e8eb6e43e3915ce4f82
resnet,independent_rms,43,bandpass_n20004_cV2_electrode_s15,phase2/results/predictions/full/independent_rms/resnet/seed_43/bandpass_n20004_cV2_electrode_s15.npz,76432,a107dc2c113b339fd5b3b9bd5d8d092fa8290e89cda38d6f3be948c158ad7f33
resnet,independent_rms,43,bandpass_n20004_cV2_electrode_s10,phase2/results/predictions/full/independent_rms/resnet/seed_43/bandpass_n20004_cV2_electrode_s10.npz,76349,d3ecbb08cb570e5af86bb39e92dfdf0e3790936002d8638e948bf7a72110332f
resnet,independent_rms,43,bandpass_n20004_cV2_electrode_s5,phase2/results/predictions/full/independent_rms/resnet/seed_43/bandpass_n20004_cV2_electrode_s5.npz,76242,2afdf5237cf4ceaca9c9b5dea1fe0d33267ac3aff0509fadd1378325b556375d
resnet,independent_rms,43,bandpass_n20004_cV2_electrode_s0,phase2/results/predictions/full/independent_rms/resnet/seed_43/bandpass_n20004_cV2_electrode_s0.npz,75879,2ad6f5f08c2d0c6ecd249869540d7792ef962d7ed6e26dcff164fbd15c343076
resnet,independent_rms,43,bandpass_n20004_cV2_covariance_s20,phase2/results/predictions/full/independent_rms/resnet/seed_43/bandpass_n20004_cV2_covariance_s20.npz,76447,78c16b1919142e5d3cbf21d49321411fee2fa73fa4215ef5908df5998c685969
resnet,independent_rms,43,bandpass_n20004_cV2_covariance_s15,phase2/results/predictions/full/independent_rms/resnet/seed_43/bandpass_n20004_cV2_covariance_s15.npz,76422,8066a31e6ab5f67db37907dded7d21fc0fab964d01f3dca1269a93492269cc45
resnet,independent_rms,43,bandpass_n20004_cV2_covariance_s10,phase2/results/predictions/full/independent_rms/resnet/seed_43/bandpass_n20004_cV2_covariance_s10.npz,76392,f45c9be1f3e3738ba9803056a9bee329c3b9443f3e86b030e8e6a8d227744d34
resnet,independent_rms,43,bandpass_n20004_cV2_covariance_s5,phase2/results/predictions/full/independent_rms/resnet/seed_43/bandpass_n20004_cV2_covariance_s5.npz,76236,a1eef74c9c3eb9d4abd9c0c624af877954822c114d0626c347a5f6117daaf2e9
resnet,independent_rms,43,bandpass_n20004_cV2_covariance_s0,phase2/results/predictions/full/independent_rms/resnet/seed_43/bandpass_n20004_cV2_covariance_s0.npz,75884,38dce2ecf5281c217336afae80c4d86e9119b485c7a46b8da59da8053535ad5c
resnet,independent_rms,43,bandpass_n20004_cV3_independent_rms_s20,phase2/results/predictions/full/independent_rms/resnet/seed_43/bandpass_n20004_cV3_independent_rms_s20.npz,76424,e2947a9e9c2810116afa6916c925744367028fd5fd4e1a21436c8898c63ec1a2
resnet,independent_rms,43,bandpass_n20004_cV3_independent_rms_s15,phase2/results/predictions/full/independent_rms/resnet/seed_43/bandpass_n20004_cV3_independent_rms_s15.npz,76436,fde3944a1f003795ba7bd43582a4847b49fbd28172cc33d0a702816e23839262
resnet,independent_rms,43,bandpass_n20004_cV3_independent_rms_s10,phase2/results/predictions/full/independent_rms/resnet/seed_43/bandpass_n20004_cV3_independent_rms_s10.npz,76452,bfe3a63b2cc8064de345602ed9cd74024e0c3d63d6016f9a6cc4b09351e2b50d
resnet,independent_rms,43,bandpass_n20004_cV3_independent_rms_s5,phase2/results/predictions/full/independent_rms/resnet/seed_43/bandpass_n20004_cV3_independent_rms_s5.npz,76328,7835f33fa4d7da0b2a55f4072666d8bc5d2a7d8e8da967927ec9091d1477637d
resnet,independent_rms,43,bandpass_n20004_cV3_independent_rms_s0,phase2/results/predictions/full/independent_rms/resnet/seed_43/bandpass_n20004_cV3_independent_rms_s0.npz,76008,e76557dc8305d92d20db52e7130a6590a63b54513307d00059b1ccfbab39bce2
resnet,independent_rms,43,bandpass_n20004_cV3_electrode_s20,phase2/results/predictions/full/independent_rms/resnet/seed_43/bandpass_n20004_cV3_electrode_s20.npz,76421,2d4b5a15419f59bc909a3597245507596c21c1c1ab3703914210413a9561b954
resnet,independent_rms,43,bandpass_n20004_cV3_electrode_s15,phase2/results/predictions/full/independent_rms/resnet/seed_43/bandpass_n20004_cV3_electrode_s15.npz,76442,1367bb2325e95d3dd0f67c16063e87ad06d2a7e46e5ffdb36c5eec661b7ac3f8
resnet,independent_rms,43,bandpass_n20004_cV3_electrode_s10,phase2/results/predictions/full/independent_rms/resnet/seed_43/bandpass_n20004_cV3_electrode_s10.npz,76388,bd1c12590b0cb9103a693ca67db4e17b5ab313ffa649b86c952bf784d1dbe482
resnet,independent_rms,43,bandpass_n20004_cV3_electrode_s5,phase2/results/predictions/full/independent_rms/resnet/seed_43/bandpass_n20004_cV3_electrode_s5.npz,76291,0efce92215ab8740b93b20e5a5949821311175eeb408dad90c0cd1de2e66981a
resnet,independent_rms,43,bandpass_n20004_cV3_electrode_s0,phase2/results/predictions/full/independent_rms/resnet/seed_43/bandpass_n20004_cV3_electrode_s0.npz,75998,fb6e473f79af0c6734b694aa1a051429a2265400bf2d39b039df0551aa117bcc
resnet,independent_rms,43,bandpass_n20004_cV3_covariance_s20,phase2/results/predictions/full/independent_rms/resnet/seed_43/bandpass_n20004_cV3_covariance_s20.npz,76436,2a03b6be57c7c114e4f86fa79fac9edfe1c84f4e1bea4320bee46497bc15c5cd
resnet,independent_rms,43,bandpass_n20004_cV3_covariance_s15,phase2/results/predictions/full/independent_rms/resnet/seed_43/bandpass_n20004_cV3_covariance_s15.npz,76474,30cf92f34d02c2ab934e68de06415042fbe5110dd84320873d392ba5dfc4546d
resnet,independent_rms,43,bandpass_n20004_cV3_covariance_s10,phase2/results/predictions/full/independent_rms/resnet/seed_43/bandpass_n20004_cV3_covariance_s10.npz,76438,1dd1ddab9ed5b5d774eef348c16bed65bd0f8e60ef7f295ed0c2ffb0f2e8fe83
resnet,independent_rms,43,bandpass_n20004_cV3_covariance_s5,phase2/results/predictions/full/independent_rms/resnet/seed_43/bandpass_n20004_cV3_covariance_s5.npz,76351,153c523e2be9cc4a8d70e7b7ab2f6b69764fe7dbecd9c850844ede743d1db86b
resnet,independent_rms,43,bandpass_n20004_cV3_covariance_s0,phase2/results/predictions/full/independent_rms/resnet/seed_43/bandpass_n20004_cV3_covariance_s0.npz,75979,8c93f50d3d5932fdc14267b12d7ae51b44117924f8a9aa6fc07402c1c37c13af
resnet,independent_rms,43,bandpass_n20004_cV4_independent_rms_s20,phase2/results/predictions/full/independent_rms/resnet/seed_43/bandpass_n20004_cV4_independent_rms_s20.npz,76424,4a109e9a6e2bf356338ded13db4ba23619b0f0464aee2509bccf2cbc95d229c8
resnet,independent_rms,43,bandpass_n20004_cV4_independent_rms_s15,phase2/results/predictions/full/independent_rms/resnet/seed_43/bandpass_n20004_cV4_independent_rms_s15.npz,76444,0d4cfc63d1bc0daa807005c920a45384ff70da0b09d06567344ac4bb18b6fc6c
resnet,independent_rms,43,bandpass_n20004_cV4_independent_rms_s10,phase2/results/predictions/full/independent_rms/resnet/seed_43/bandpass_n20004_cV4_independent_rms_s10.npz,76415,009e26e77fbf1da3d8e19ec20f7e9ac6101e34f2bccadab8785484f572a03fec
resnet,independent_rms,43,bandpass_n20004_cV4_independent_rms_s5,phase2/results/predictions/full/independent_rms/resnet/seed_43/bandpass_n20004_cV4_independent_rms_s5.npz,76310,02f0bba7ab67cdaa6fbe970643c24aac8ef22fad1fbb95b90a83074b723474ee
resnet,independent_rms,43,bandpass_n20004_cV4_independent_rms_s0,phase2/results/predictions/full/independent_rms/resnet/seed_43/bandpass_n20004_cV4_independent_rms_s0.npz,76014,057c06a1be9aa12c0aa85999ee881fa2066f27f6a2c6412029d2f14c1ebfab49
resnet,independent_rms,43,bandpass_n20004_cV4_electrode_s20,phase2/results/predictions/full/independent_rms/resnet/seed_43/bandpass_n20004_cV4_electrode_s20.npz,76433,903f148364d0d9b9d15e45cb6b552a410ea6fc7d48ac8cf646cd1505f01af60e
resnet,independent_rms,43,bandpass_n20004_cV4_electrode_s15,phase2/results/predictions/full/independent_rms/resnet/seed_43/bandpass_n20004_cV4_electrode_s15.npz,76431,5b7e7de083f3fc9549d2cb662c5f81c6ec464fb9d176571ca2455858ce014b4c
resnet,independent_rms,43,bandpass_n20004_cV4_electrode_s10,phase2/results/predictions/full/independent_rms/resnet/seed_43/bandpass_n20004_cV4_electrode_s10.npz,76412,5cf94e760aa0bb6df7c0c199c5b59a58ae9eef3c8cfa212e328dfd8424e4be58
resnet,independent_rms,43,bandpass_n20004_cV4_electrode_s5,phase2/results/predictions/full/independent_rms/resnet/seed_43/bandpass_n20004_cV4_electrode_s5.npz,76313,8e9677fb4b11c1440185a1580b0e009f277032122bcc5304f6ef904e6d0ec877
resnet,independent_rms,43,bandpass_n20004_cV4_electrode_s0,phase2/results/predictions/full/independent_rms/resnet/seed_43/bandpass_n20004_cV4_electrode_s0.npz,75984,1d1760d272a1a2bfc47bb3b79912837eda615941b63da902721020efefc43c09
resnet,independent_rms,43,bandpass_n20004_cV4_covariance_s20,phase2/results/predictions/full/independent_rms/resnet/seed_43/bandpass_n20004_cV4_covariance_s20.npz,76426,b261635ffa49961683fb466e580e04df0873f235b96d7bf7793267cb23129298
resnet,independent_rms,43,bandpass_n20004_cV4_covariance_s15,phase2/results/predictions/full/independent_rms/resnet/seed_43/bandpass_n20004_cV4_covariance_s15.npz,76442,0ca5eb49fde9083751121a1c90282b51d322480b11c0fc9920aa46b6aca12a29
resnet,independent_rms,43,bandpass_n20004_cV4_covariance_s10,phase2/results/predictions/full/independent_rms/resnet/seed_43/bandpass_n20004_cV4_covariance_s10.npz,76364,0a25942d3abe95e01b2c267bcfdc2788c5186a0249b8075f228ea31a37ad1fc2
resnet,independent_rms,43,bandpass_n20004_cV4_covariance_s5,phase2/results/predictions/full/independent_rms/resnet/seed_43/bandpass_n20004_cV4_covariance_s5.npz,76288,b236de99dab6bcebf2d458dc649e514ee7142aa5e5cf9722af9dd70e5007c58a
resnet,independent_rms,43,bandpass_n20004_cV4_covariance_s0,phase2/results/predictions/full/independent_rms/resnet/seed_43/bandpass_n20004_cV4_covariance_s0.npz,75983,7b1b9aed31efe8a1ede08aa3a0dfa835bfff34d83709188459be916c7b8cc3c8
resnet,independent_rms,43,bandpass_n20004_cV5_independent_rms_s20,phase2/results/predictions/full/independent_rms/resnet/seed_43/bandpass_n20004_cV5_independent_rms_s20.npz,76467,3c4dd7852894d33e84959e3fdec5d63f94234a7ec2116d8af5728e3d1b61e4de
resnet,independent_rms,43,bandpass_n20004_cV5_independent_rms_s15,phase2/results/predictions/full/independent_rms/resnet/seed_43/bandpass_n20004_cV5_independent_rms_s15.npz,76434,1af69c58f53879eb89445eb6d9ed426e451cfdc0eea16be731b0783ce3ec205f
resnet,independent_rms,43,bandpass_n20004_cV5_independent_rms_s10,phase2/results/predictions/full/independent_rms/resnet/seed_43/bandpass_n20004_cV5_independent_rms_s10.npz,76388,b7d66cc329ee36fa4ce877df0d4922124c6a8cfccdc934da3957f9809362b6bf
resnet,independent_rms,43,bandpass_n20004_cV5_independent_rms_s5,phase2/results/predictions/full/independent_rms/resnet/seed_43/bandpass_n20004_cV5_independent_rms_s5.npz,76249,47fab607cca944e7cfa9d466619d01a7f845199254382721f0c117c3b4a1c1cc
resnet,independent_rms,43,bandpass_n20004_cV5_independent_rms_s0,phase2/results/predictions/full/independent_rms/resnet/seed_43/bandpass_n20004_cV5_independent_rms_s0.npz,75937,dc3d628637e59fb3a994c1c472a6f9d3c19c00783a86f7d332a44eb03e350e53
resnet,independent_rms,43,bandpass_n20004_cV5_electrode_s20,phase2/results/predictions/full/independent_rms/resnet/seed_43/bandpass_n20004_cV5_electrode_s20.npz,76430,4cfc8a3407c11367360a222963a3b98cfe8d0289fbb45509af77e9d8136b79d4
resnet,independent_rms,43,bandpass_n20004_cV5_electrode_s15,phase2/results/predictions/full/independent_rms/resnet/seed_43/bandpass_n20004_cV5_electrode_s15.npz,76406,fb2ecc715ebbf73380cb229c1b41e64b44a6a1d118a2664d1c46ca17ed2b23f5
resnet,independent_rms,43,bandpass_n20004_cV5_electrode_s10,phase2/results/predictions/full/independent_rms/resnet/seed_43/bandpass_n20004_cV5_electrode_s10.npz,76328,2d6baa403068c65db3f60caa953db1b86d8216640e71bba40d223a6b27172518
resnet,independent_rms,43,bandpass_n20004_cV5_electrode_s5,phase2/results/predictions/full/independent_rms/resnet/seed_43/bandpass_n20004_cV5_electrode_s5.npz,76241,23ddd668f48c4463999d6d2114bf10579dafb06805eb82e699c2ba0c6102415e
resnet,independent_rms,43,bandpass_n20004_cV5_electrode_s0,phase2/results/predictions/full/independent_rms/resnet/seed_43/bandpass_n20004_cV5_electrode_s0.npz,75953,c82ad884d66c09ffc9a2d2f101364b9ffe13d0978836afd92fba6c7605e89c5b
resnet,independent_rms,43,bandpass_n20004_cV5_covariance_s20,phase2/results/predictions/full/independent_rms/resnet/seed_43/bandpass_n20004_cV5_covariance_s20.npz,76432,4117e366ffe080aa4d7de7bd3ce3b40507027e1cd330ae24b76537c4fd4522f6
resnet,independent_rms,43,bandpass_n20004_cV5_covariance_s15,phase2/results/predictions/full/independent_rms/resnet/seed_43/bandpass_n20004_cV5_covariance_s15.npz,76402,d673558171206248a1383a574202a1815f5cb19bcb2e52aee968fcd39c08bfea
resnet,independent_rms,43,bandpass_n20004_cV5_covariance_s10,phase2/results/predictions/full/independent_rms/resnet/seed_43/bandpass_n20004_cV5_covariance_s10.npz,76357,671b706f2026ad294f1182407c07f6a4d335fe760adf9b8c9cd04836a1a2d63c
resnet,independent_rms,43,bandpass_n20004_cV5_covariance_s5,phase2/results/predictions/full/independent_rms/resnet/seed_43/bandpass_n20004_cV5_covariance_s5.npz,76203,687af0a1703f1bb78b7d67e42ece548e897a7c7e57b15300c30e2484f2db14c8
resnet,independent_rms,43,bandpass_n20004_cV5_covariance_s0,phase2/results/predictions/full/independent_rms/resnet/seed_43/bandpass_n20004_cV5_covariance_s0.npz,75932,c01ec83b3cc5bf57642be3a8a16d4763cd59cb3a3e1ef9618f73bfa67cae6700
resnet,independent_rms,43,bandpass_n20004_cV6_independent_rms_s20,phase2/results/predictions/full/independent_rms/resnet/seed_43/bandpass_n20004_cV6_independent_rms_s20.npz,76450,e0cce41a027029896a651a0c217c68e460757645e7cb155386441d7b8edf2bcc
resnet,independent_rms,43,bandpass_n20004_cV6_independent_rms_s15,phase2/results/predictions/full/independent_rms/resnet/seed_43/bandpass_n20004_cV6_independent_rms_s15.npz,76417,fc2808df984ded650e40e5ce7b2eab9f5786436967e8a2011d0abf2cf111478a
resnet,independent_rms,43,bandpass_n20004_cV6_independent_rms_s10,phase2/results/predictions/full/independent_rms/resnet/seed_43/bandpass_n20004_cV6_independent_rms_s10.npz,76448,e84a974d7d80272b7c938f7fc31d531c4d292e15cf04423ceefa15a080fcd1ce
resnet,independent_rms,43,bandpass_n20004_cV6_independent_rms_s5,phase2/results/predictions/full/independent_rms/resnet/seed_43/bandpass_n20004_cV6_independent_rms_s5.npz,76285,97014c820784bc66718ee662355d033fc01681173b3941fe862728e32b5d591e
resnet,independent_rms,43,bandpass_n20004_cV6_independent_rms_s0,phase2/results/predictions/full/independent_rms/resnet/seed_43/bandpass_n20004_cV6_independent_rms_s0.npz,76013,235af9367fa55640143629e82597d7a3476d2a45eb988129451c0a9b9f6f690e
resnet,independent_rms,43,bandpass_n20004_cV6_electrode_s20,phase2/results/predictions/full/independent_rms/resnet/seed_43/bandpass_n20004_cV6_electrode_s20.npz,76418,eafa3b4014880457f4269492b6eb1be7d42925e86ca96119643177c51ff6d7b9
resnet,independent_rms,43,bandpass_n20004_cV6_electrode_s15,phase2/results/predictions/full/independent_rms/resnet/seed_43/bandpass_n20004_cV6_electrode_s15.npz,76407,77f723ab05d13a6ca0dabed2dcac7cd27192d7506cae3b65f78e7ad823ba46c6
resnet,independent_rms,43,bandpass_n20004_cV6_electrode_s10,phase2/results/predictions/full/independent_rms/resnet/seed_43/bandpass_n20004_cV6_electrode_s10.npz,76406,6d2ace09560ffbaf624ef73baa31496876f636562a2ac97f5b4fe867f8a2265f
resnet,independent_rms,43,bandpass_n20004_cV6_electrode_s5,phase2/results/predictions/full/independent_rms/resnet/seed_43/bandpass_n20004_cV6_electrode_s5.npz,76231,978ed18c802c882455c0581e51d37fba45b7175b6d8ca3a214cd8ea3467afb33
resnet,independent_rms,43,bandpass_n20004_cV6_electrode_s0,phase2/results/predictions/full/independent_rms/resnet/seed_43/bandpass_n20004_cV6_electrode_s0.npz,75984,51d6e1a9909560cf89b2be00fed3494282d7f9da8d82b6969ea4c4515a7ea55b
resnet,independent_rms,43,bandpass_n20004_cV6_covariance_s20,phase2/results/predictions/full/independent_rms/resnet/seed_43/bandpass_n20004_cV6_covariance_s20.npz,76437,3f0450746c960d25cae07e6c164f1f1c5c25359563c0d1335dee48a604864535
resnet,independent_rms,43,bandpass_n20004_cV6_covariance_s15,phase2/results/predictions/full/independent_rms/resnet/seed_43/bandpass_n20004_cV6_covariance_s15.npz,76442,689111455a2eb81d6b52e81f7ff06d123aefa0e77aa31b8d221d4d02d73d0959
resnet,independent_rms,43,bandpass_n20004_cV6_covariance_s10,phase2/results/predictions/full/independent_rms/resnet/seed_43/bandpass_n20004_cV6_covariance_s10.npz,76417,1c6c62f63cf80493f5438a2b91b28367a038a10549f5fea94341a7e9fe6c1e45
resnet,independent_rms,43,bandpass_n20004_cV6_covariance_s5,phase2/results/predictions/full/independent_rms/resnet/seed_43/bandpass_n20004_cV6_covariance_s5.npz,76262,de3d63a89412b2e0427f9e6475963bfcdc49aa628de5d607ca710921ed721aa8
resnet,independent_rms,43,bandpass_n20004_cV6_covariance_s0,phase2/results/predictions/full/independent_rms/resnet/seed_43/bandpass_n20004_cV6_covariance_s0.npz,76004,3ab5dedf9fa5ba31bf40cfda5ce081d7472f6716b35c7d31ec74698e3cc4c50f
resnet,independent_rms,43,bandpass_n20004_cRA_LA_independent_rms_s20,phase2/results/predictions/full/independent_rms/resnet/seed_43/bandpass_n20004_cRA_LA_independent_rms_s20.npz,76469,b86fedc290f87f83d343fbb377201b358c6ab83e299665b6b3860f86ea225164
resnet,independent_rms,43,bandpass_n20004_cRA_LA_independent_rms_s15,phase2/results/predictions/full/independent_rms/resnet/seed_43/bandpass_n20004_cRA_LA_independent_rms_s15.npz,76466,f69a521a6959a33bf22f363ae7e48bebfe53e62935f5dc287067e2404c3af96a
resnet,independent_rms,43,bandpass_n20004_cRA_LA_independent_rms_s10,phase2/results/predictions/full/independent_rms/resnet/seed_43/bandpass_n20004_cRA_LA_independent_rms_s10.npz,76399,976f6731403e7544d0d56ebc6dc64582154182e2b1a49bb9b8ce33b07c2d1a2f
resnet,independent_rms,43,bandpass_n20004_cRA_LA_independent_rms_s5,phase2/results/predictions/full/independent_rms/resnet/seed_43/bandpass_n20004_cRA_LA_independent_rms_s5.npz,76226,26011c5c71a98ea7b96a3b8a5d991a9762e19ff47bc90a617e070e2ef4de296d
resnet,independent_rms,43,bandpass_n20004_cRA_LA_independent_rms_s0,phase2/results/predictions/full/independent_rms/resnet/seed_43/bandpass_n20004_cRA_LA_independent_rms_s0.npz,75872,7d5c9da7f9b12cf195bcc68502fbe0478ec5057db546a46c60cc4d3ebfe22949
resnet,independent_rms,43,bandpass_n20004_cRA_LA_electrode_s20,phase2/results/predictions/full/independent_rms/resnet/seed_43/bandpass_n20004_cRA_LA_electrode_s20.npz,76450,93483ef2fb1e6f3b98c44aaf27581ef335dadf820a399a672c01bd8efed31d13
resnet,independent_rms,43,bandpass_n20004_cRA_LA_electrode_s15,phase2/results/predictions/full/independent_rms/resnet/seed_43/bandpass_n20004_cRA_LA_electrode_s15.npz,76411,a3c8b3ccb710866554c374f4ca6c1767a68f210fbd63fe77735a3ebee96e214e
resnet,independent_rms,43,bandpass_n20004_cRA_LA_electrode_s10,phase2/results/predictions/full/independent_rms/resnet/seed_43/bandpass_n20004_cRA_LA_electrode_s10.npz,76354,62bcfa678acbdb9d9ee2d54625227494e3841cad87a00ce004a80bbc29665122
resnet,independent_rms,43,bandpass_n20004_cRA_LA_electrode_s5,phase2/results/predictions/full/independent_rms/resnet/seed_43/bandpass_n20004_cRA_LA_electrode_s5.npz,76125,764fe8a5e3686c9cc8f9d0f573ae92c0d536d0c8c10dbd82fa479faea8e2b2ce
resnet,independent_rms,43,bandpass_n20004_cRA_LA_electrode_s0,phase2/results/predictions/full/independent_rms/resnet/seed_43/bandpass_n20004_cRA_LA_electrode_s0.npz,75668,b9babf7c72159bd9a1d464d26b326d670e633da59a67e3d4a9b5a22405fb6998
resnet,independent_rms,43,bandpass_n20004_cRA_LA_covariance_s20,phase2/results/predictions/full/independent_rms/resnet/seed_43/bandpass_n20004_cRA_LA_covariance_s20.npz,76463,09c38ff99df91a7b6237d86769fc442f084127a7885ff89692f4ad90dca38c64
resnet,independent_rms,43,bandpass_n20004_cRA_LA_covariance_s15,phase2/results/predictions/full/independent_rms/resnet/seed_43/bandpass_n20004_cRA_LA_covariance_s15.npz,76488,4314fcb1f532bc5806944737003776828664172520ca02cde0dd5db262ff4daa
resnet,independent_rms,43,bandpass_n20004_cRA_LA_covariance_s10,phase2/results/predictions/full/independent_rms/resnet/seed_43/bandpass_n20004_cRA_LA_covariance_s10.npz,76377,bb84d08045468cefc1a67d4d8f4c4b8b7188f7f65c43eb9c5c6e63da1b7c6ddf
resnet,independent_rms,43,bandpass_n20004_cRA_LA_covariance_s5,phase2/results/predictions/full/independent_rms/resnet/seed_43/bandpass_n20004_cRA_LA_covariance_s5.npz,76100,838201c6fbbb8e46413b8bfec90e6091703ce60b6f54a8c9e1c89b822653dc41
resnet,independent_rms,43,bandpass_n20004_cRA_LA_covariance_s0,phase2/results/predictions/full/independent_rms/resnet/seed_43/bandpass_n20004_cRA_LA_covariance_s0.npz,75649,368c4f6c1f9f8165f0684896e8ef36b577a01ef5798839ef42742ade89f8b06f
resnet,independent_rms,43,bandpass_n20004_cLA_LL_independent_rms_s20,phase2/results/predictions/full/independent_rms/resnet/seed_43/bandpass_n20004_cLA_LL_independent_rms_s20.npz,76434,f93becf95385702f93dac213b25771bd1b9a32516fdf846dd741191ce29db159
resnet,independent_rms,43,bandpass_n20004_cLA_LL_independent_rms_s15,phase2/results/predictions/full/independent_rms/resnet/seed_43/bandpass_n20004_cLA_LL_independent_rms_s15.npz,76441,7c9b1987bcdd0f716316b405e3a8bdad312ff4aa5b809f294cfbf83ad748f6b6
resnet,independent_rms,43,bandpass_n20004_cLA_LL_independent_rms_s10,phase2/results/predictions/full/independent_rms/resnet/seed_43/bandpass_n20004_cLA_LL_independent_rms_s10.npz,76365,2073bfc96cecfed7046deb79b2a252a532758f5efbe424b8af98c9ed205aaa3e
resnet,independent_rms,43,bandpass_n20004_cLA_LL_independent_rms_s5,phase2/results/predictions/full/independent_rms/resnet/seed_43/bandpass_n20004_cLA_LL_independent_rms_s5.npz,76227,72ad0965fb9d17d8074de2917cbc2aca6936800eb27cdfad9b6a97add10b195a
resnet,independent_rms,43,bandpass_n20004_cLA_LL_independent_rms_s0,phase2/results/predictions/full/independent_rms/resnet/seed_43/bandpass_n20004_cLA_LL_independent_rms_s0.npz,75821,eb9ab3e7e5efef492df2ee1cc583c10f7c3bdedfc0877302908f4097b1be32b6
resnet,independent_rms,43,bandpass_n20004_cLA_LL_electrode_s20,phase2/results/predictions/full/independent_rms/resnet/seed_43/bandpass_n20004_cLA_LL_electrode_s20.npz,76447,b08df4370d278f0941daec41b38e4f5ad578e3ff71475c33838eb51345871602
resnet,independent_rms,43,bandpass_n20004_cLA_LL_electrode_s15,phase2/results/predictions/full/independent_rms/resnet/seed_43/bandpass_n20004_cLA_LL_electrode_s15.npz,76391,935456fb34151ccc8d37be983301a2392a45433649be0a4d68e4e142e44d25f8
resnet,independent_rms,43,bandpass_n20004_cLA_LL_electrode_s10,phase2/results/predictions/full/independent_rms/resnet/seed_43/bandpass_n20004_cLA_LL_electrode_s10.npz,76324,e8cec7ecab40f9015cc8dc024cac3f6804bfa5cc61944d8603cc5f09cc53f213
resnet,independent_rms,43,bandpass_n20004_cLA_LL_electrode_s5,phase2/results/predictions/full/independent_rms/resnet/seed_43/bandpass_n20004_cLA_LL_electrode_s5.npz,76042,b21b833924395ae68b24ca1678c1addf382c27ccfe43904ebcf525dbb5f4a894
resnet,independent_rms,43,bandpass_n20004_cLA_LL_electrode_s0,phase2/results/predictions/full/independent_rms/resnet/seed_43/bandpass_n20004_cLA_LL_electrode_s0.npz,75617,5b85acdceda8f88098fa6064fb5a91029a53eda52726bd16a2e3dfe46a3eaca2
resnet,independent_rms,43,bandpass_n20004_cLA_LL_covariance_s20,phase2/results/predictions/full/independent_rms/resnet/seed_43/bandpass_n20004_cLA_LL_covariance_s20.npz,76466,ec6713d8f274ea79b97ab649e4ace3a8a13a1322b5b707ff3e82b811eadbbdc4
resnet,independent_rms,43,bandpass_n20004_cLA_LL_covariance_s15,phase2/results/predictions/full/independent_rms/resnet/seed_43/bandpass_n20004_cLA_LL_covariance_s15.npz,76414,7de2e1ed3cbc100ece3fd0ccc479a0ae2659f58f61d507d8f845de47059236ea
resnet,independent_rms,43,bandpass_n20004_cLA_LL_covariance_s10,phase2/results/predictions/full/independent_rms/resnet/seed_43/bandpass_n20004_cLA_LL_covariance_s10.npz,76323,4f92fcf4a251364e801c20d21206573921e60c0c04d259429d2ab0c3c2f5ca7c
resnet,independent_rms,43,bandpass_n20004_cLA_LL_covariance_s5,phase2/results/predictions/full/independent_rms/resnet/seed_43/bandpass_n20004_cLA_LL_covariance_s5.npz,76064,7e17e28bad6a1937035b2b15f0dc20b2ff8c770d9e7a549bc2be085624598449
resnet,independent_rms,43,bandpass_n20004_cLA_LL_covariance_s0,phase2/results/predictions/full/independent_rms/resnet/seed_43/bandpass_n20004_cLA_LL_covariance_s0.npz,75611,b384487652249caff557ccee22f1e609e4173fef31d682a0c7e5dc8b9915973a
resnet,independent_rms,43,bandpass_n20004_cRA_LL_independent_rms_s20,phase2/results/predictions/full/independent_rms/resnet/seed_43/bandpass_n20004_cRA_LL_independent_rms_s20.npz,76471,6392910c12a65d4a56881760596170b8ede471376e910a570a4434cd675f0747
resnet,independent_rms,43,bandpass_n20004_cRA_LL_independent_rms_s15,phase2/results/predictions/full/independent_rms/resnet/seed_43/bandpass_n20004_cRA_LL_independent_rms_s15.npz,76446,65f1f7d8e0a289958c4490a7fc940cfbf28ea323781749f6de05a880c15106b3
resnet,independent_rms,43,bandpass_n20004_cRA_LL_independent_rms_s10,phase2/results/predictions/full/independent_rms/resnet/seed_43/bandpass_n20004_cRA_LL_independent_rms_s10.npz,76380,252ef02da5c94f47275eaaadc0d767781fd80e8bedcd1c24f3ebf215f587c785
resnet,independent_rms,43,bandpass_n20004_cRA_LL_independent_rms_s5,phase2/results/predictions/full/independent_rms/resnet/seed_43/bandpass_n20004_cRA_LL_independent_rms_s5.npz,76215,bf0920aca736f52799510312237f2813fd4531022f6bd30df0c6bacdafe1bd9a
resnet,independent_rms,43,bandpass_n20004_cRA_LL_independent_rms_s0,phase2/results/predictions/full/independent_rms/resnet/seed_43/bandpass_n20004_cRA_LL_independent_rms_s0.npz,75876,6434b1a2bd5e189f6384472f4a40d0d870e48d498f09dfcc1472dd685891b46c
resnet,independent_rms,43,bandpass_n20004_cRA_LL_electrode_s20,phase2/results/predictions/full/independent_rms/resnet/seed_43/bandpass_n20004_cRA_LL_electrode_s20.npz,76398,b8a95e5df301e84845814f72943f31a80fc709cb2891dd4fbd76ef1d8e0cf707
resnet,independent_rms,43,bandpass_n20004_cRA_LL_electrode_s15,phase2/results/predictions/full/independent_rms/resnet/seed_43/bandpass_n20004_cRA_LL_electrode_s15.npz,76396,5679432bf4062bbad44a599c546eb6c3dc917dfe2eac18ad599e9480185061c6
resnet,independent_rms,43,bandpass_n20004_cRA_LL_electrode_s10,phase2/results/predictions/full/independent_rms/resnet/seed_43/bandpass_n20004_cRA_LL_electrode_s10.npz,76304,749f3bd63e84803b1d6c1e1d2e998b098716465ecf62ba00bd34277b375ef844
resnet,independent_rms,43,bandpass_n20004_cRA_LL_electrode_s5,phase2/results/predictions/full/independent_rms/resnet/seed_43/bandpass_n20004_cRA_LL_electrode_s5.npz,76055,2ba5ef0ec61537e4c00b4911ae5fd6f2b104fb5ea95e01ddc4742d052c1703a3
resnet,independent_rms,43,bandpass_n20004_cRA_LL_electrode_s0,phase2/results/predictions/full/independent_rms/resnet/seed_43/bandpass_n20004_cRA_LL_electrode_s0.npz,75528,3c6d115aecd72d588de7727c20e7827f6bf657aab8a8000501ac59ce61ee0fe2
resnet,independent_rms,43,bandpass_n20004_cRA_LL_covariance_s20,phase2/results/predictions/full/independent_rms/resnet/seed_43/bandpass_n20004_cRA_LL_covariance_s20.npz,76442,962ff64154169616ef4e75501adf654e3a50da77f3fa34496807cb818eaf6dac
resnet,independent_rms,43,bandpass_n20004_cRA_LL_covariance_s15,phase2/results/predictions/full/independent_rms/resnet/seed_43/bandpass_n20004_cRA_LL_covariance_s15.npz,76391,bad753d051f1ad42682661bfa6007cb36d071a3f78676205725022f763ae1df2
resnet,independent_rms,43,bandpass_n20004_cRA_LL_covariance_s10,phase2/results/predictions/full/independent_rms/resnet/seed_43/bandpass_n20004_cRA_LL_covariance_s10.npz,76303,c35025bbad7e312fbee197bb386721c58ba21c481d5c60acf20158f4a561cfd2
resnet,independent_rms,43,bandpass_n20004_cRA_LL_covariance_s5,phase2/results/predictions/full/independent_rms/resnet/seed_43/bandpass_n20004_cRA_LL_covariance_s5.npz,76044,98aa1af7f5e51f395326661cb8b7eff3de283025fdabe7a654ef0043ed18c25c
resnet,independent_rms,43,bandpass_n20004_cRA_LL_covariance_s0,phase2/results/predictions/full/independent_rms/resnet/seed_43/bandpass_n20004_cRA_LL_covariance_s0.npz,75505,cd8e92bff391134975779a27241961ced7a82af33373106c8bb1f5ba348b4aee
resnet,independent_rms,43,bandpass_n20004_cRA_independent_rms_s20,phase2/results/predictions/full/independent_rms/resnet/seed_43/bandpass_n20004_cRA_independent_rms_s20.npz,76426,1318985ae1c0c6737296f1da16476a53ec999392b0317644aeacd25132714a74
resnet,independent_rms,43,bandpass_n20004_cRA_independent_rms_s15,phase2/results/predictions/full/independent_rms/resnet/seed_43/bandpass_n20004_cRA_independent_rms_s15.npz,76441,4da0035a73cf0f5b68401aca01167648c5c7acf13716cc93d57066f28add1c4e
resnet,independent_rms,43,bandpass_n20004_cRA_independent_rms_s10,phase2/results/predictions/full/independent_rms/resnet/seed_43/bandpass_n20004_cRA_independent_rms_s10.npz,76398,a7c471631bf5d6227e09ca0e51cf652adb0697f8200b657588c1b731182fde90
resnet,independent_rms,43,bandpass_n20004_cRA_independent_rms_s5,phase2/results/predictions/full/independent_rms/resnet/seed_43/bandpass_n20004_cRA_independent_rms_s5.npz,76250,aac54fcf1e33795e07ba5c1c7e4fb86c5d344f34d3cbcec5b38d51a2a0c094af
resnet,independent_rms,43,bandpass_n20004_cRA_independent_rms_s0,phase2/results/predictions/full/independent_rms/resnet/seed_43/bandpass_n20004_cRA_independent_rms_s0.npz,75892,4f78bed7abc4f8b907a2c0cb99641d04a11ddf0e6f0c3821b5b92da0fffdd2e7
resnet,independent_rms,43,bandpass_n20004_cRA_electrode_s20,phase2/results/predictions/full/independent_rms/resnet/seed_43/bandpass_n20004_cRA_electrode_s20.npz,76460,a36cd609da07b10f38ef3cd54251da88f53e57c7e0908a004e8596924d5d8b43
resnet,independent_rms,43,bandpass_n20004_cRA_electrode_s15,phase2/results/predictions/full/independent_rms/resnet/seed_43/bandpass_n20004_cRA_electrode_s15.npz,76425,eba77ebc86f4c18c1b21f7a98db749bb69137b45615d199719f3c077c2fd4266
resnet,independent_rms,43,bandpass_n20004_cRA_electrode_s10,phase2/results/predictions/full/independent_rms/resnet/seed_43/bandpass_n20004_cRA_electrode_s10.npz,76341,7f13c07db09da08740073db7c097091274b04e538df7ec5aef6f248026ea6780
resnet,independent_rms,43,bandpass_n20004_cRA_electrode_s5,phase2/results/predictions/full/independent_rms/resnet/seed_43/bandpass_n20004_cRA_electrode_s5.npz,76122,393873ee2a8998aada840086b394981e6442a9b439690cc632b90ae986d43abf
resnet,independent_rms,43,bandpass_n20004_cRA_electrode_s0,phase2/results/predictions/full/independent_rms/resnet/seed_43/bandpass_n20004_cRA_electrode_s0.npz,75664,b67f885a202f9ff278401198de0d2b1e33c87b30b54ac0a745e8f41e8392ab9d
resnet,independent_rms,43,bandpass_n20004_cRA_covariance_s20,phase2/results/predictions/full/independent_rms/resnet/seed_43/bandpass_n20004_cRA_covariance_s20.npz,76453,56001c8ed342d21b5e67bc4cd1db597df657c287590772808dbf57134e225608
resnet,independent_rms,43,bandpass_n20004_cRA_covariance_s15,phase2/results/predictions/full/independent_rms/resnet/seed_43/bandpass_n20004_cRA_covariance_s15.npz,76439,4a8ad6afb070ff0c1f99f917f00161e4d00bc81e566f5231ed44c6cb109126af
resnet,independent_rms,43,bandpass_n20004_cRA_covariance_s10,phase2/results/predictions/full/independent_rms/resnet/seed_43/bandpass_n20004_cRA_covariance_s10.npz,76308,3c0b391cf0457137c15b58bdec1fefee87098b1c42b48b68d38003ce23af04c8
resnet,independent_rms,43,bandpass_n20004_cRA_covariance_s5,phase2/results/predictions/full/independent_rms/resnet/seed_43/bandpass_n20004_cRA_covariance_s5.npz,76101,4db51ad4a5815a12461630a4dbc1e316d78d40ad6bf25b2c4c95409fe48e3403
resnet,independent_rms,43,bandpass_n20004_cRA_covariance_s0,phase2/results/predictions/full/independent_rms/resnet/seed_43/bandpass_n20004_cRA_covariance_s0.npz,75699,f496a8ba2a22f0ed3118f0c44f2adc01d7356ba24d393112a656c8cda2b44c53
resnet,independent_rms,43,bandpass_n20004_cLA_independent_rms_s20,phase2/results/predictions/full/independent_rms/resnet/seed_43/bandpass_n20004_cLA_independent_rms_s20.npz,76455,b47b1fabda1d4cd7ad77fe309770cc93c60f0a9dadf360a9668eb8145d4bdfd0
resnet,independent_rms,43,bandpass_n20004_cLA_independent_rms_s15,phase2/results/predictions/full/independent_rms/resnet/seed_43/bandpass_n20004_cLA_independent_rms_s15.npz,76458,7fc2b5b1b6217de961c90d99ae1df58453b95e3bae2d6f558b4d03c7deae89da
resnet,independent_rms,43,bandpass_n20004_cLA_independent_rms_s10,phase2/results/predictions/full/independent_rms/resnet/seed_43/bandpass_n20004_cLA_independent_rms_s10.npz,76382,db374c3049a0e20ea41d6b16d57dd10168e63af8c8bad444b35ec5981d5818dc
resnet,independent_rms,43,bandpass_n20004_cLA_independent_rms_s5,phase2/results/predictions/full/independent_rms/resnet/seed_43/bandpass_n20004_cLA_independent_rms_s5.npz,76247,bd10e319456bd3be2ff3d535517391c6f28f251b934be033077fe4aab5cf55db
resnet,independent_rms,43,bandpass_n20004_cLA_independent_rms_s0,phase2/results/predictions/full/independent_rms/resnet/seed_43/bandpass_n20004_cLA_independent_rms_s0.npz,75836,1b0b8aa8fe21eb9b585da373a1c027731104c2facb9ff4a4aebbb67b2dadfe7e
resnet,independent_rms,43,bandpass_n20004_cLA_electrode_s20,phase2/results/predictions/full/independent_rms/resnet/seed_43/bandpass_n20004_cLA_electrode_s20.npz,76462,49f3d812cce8d139bf47567b0286826e968aaf847d9db461839a237aeda2c591
resnet,independent_rms,43,bandpass_n20004_cLA_electrode_s15,phase2/results/predictions/full/independent_rms/resnet/seed_43/bandpass_n20004_cLA_electrode_s15.npz,76443,0977e6301a255276f64efd2cd5a62cd146048f3b98ac247891600220b65cf564
resnet,independent_rms,43,bandpass_n20004_cLA_electrode_s10,phase2/results/predictions/full/independent_rms/resnet/seed_43/bandpass_n20004_cLA_electrode_s10.npz,76382,42349d7b9d77b709bdd4441ab25cf6b2610b9b50a3da15679332a2dca23fedc7
resnet,independent_rms,43,bandpass_n20004_cLA_electrode_s5,phase2/results/predictions/full/independent_rms/resnet/seed_43/bandpass_n20004_cLA_electrode_s5.npz,76138,f607bc18289e8d9fa0f62e968e62923963ed926d297b82871f87a0177c1ad3d7
resnet,independent_rms,43,bandpass_n20004_cLA_electrode_s0,phase2/results/predictions/full/independent_rms/resnet/seed_43/bandpass_n20004_cLA_electrode_s0.npz,75635,72e7d66ce41546e8b5c3d926ac6a2cae0ef2a071d430d7726331c7b652dde2f5
resnet,independent_rms,43,bandpass_n20004_cLA_covariance_s20,phase2/results/predictions/full/independent_rms/resnet/seed_43/bandpass_n20004_cLA_covariance_s20.npz,76455,bb9941933c9d9c6b44b0289696a30092f0e64d24413494511053e88b4dc00245
resnet,independent_rms,43,bandpass_n20004_cLA_covariance_s15,phase2/results/predictions/full/independent_rms/resnet/seed_43/bandpass_n20004_cLA_covariance_s15.npz,76443,28bcf07fd88f9fdd687252c3f823c93d75977f03b1427381d42e8bc097797332
resnet,independent_rms,43,bandpass_n20004_cLA_covariance_s10,phase2/results/predictions/full/independent_rms/resnet/seed_43/bandpass_n20004_cLA_covariance_s10.npz,76369,6b7e77a5f530381c01b795d1b81684e0c998aebeb1937b595e943e7cb60c00b6
resnet,independent_rms,43,bandpass_n20004_cLA_covariance_s5,phase2/results/predictions/full/independent_rms/resnet/seed_43/bandpass_n20004_cLA_covariance_s5.npz,76120,371a929b78e422b3e24b51f1b6f803e739b2a4c5f96ae25210d2537ec5aea5a1
resnet,independent_rms,43,bandpass_n20004_cLA_covariance_s0,phase2/results/predictions/full/independent_rms/resnet/seed_43/bandpass_n20004_cLA_covariance_s0.npz,75632,b7bb9f6ee487c8c7abb9e3c4ac58471bfe5f69746946fc6a84295d40d653cfe6
resnet,independent_rms,43,bandpass_n20004_cLL_independent_rms_s20,phase2/results/predictions/full/independent_rms/resnet/seed_43/bandpass_n20004_cLL_independent_rms_s20.npz,76444,3e33b0e24866bad7ed4bb3f8bc069892e5aa2795a51daf17862ab805e5a4405a
resnet,independent_rms,43,bandpass_n20004_cLL_independent_rms_s15,phase2/results/predictions/full/independent_rms/resnet/seed_43/bandpass_n20004_cLL_independent_rms_s15.npz,76445,8fce1f008005fa2e0fb97b6f7e4ff3c2957742baeb02237a994a7743a7b4b610
resnet,independent_rms,43,bandpass_n20004_cLL_independent_rms_s10,phase2/results/predictions/full/independent_rms/resnet/seed_43/bandpass_n20004_cLL_independent_rms_s10.npz,76393,114f235f68af73819dcf47125f88b3e30cb7df26b9ebe2d062bcc15f624af1bd
resnet,independent_rms,43,bandpass_n20004_cLL_independent_rms_s5,phase2/results/predictions/full/independent_rms/resnet/seed_43/bandpass_n20004_cLL_independent_rms_s5.npz,76180,6d06aead00941d0c8a09dd4692903324ba0769ace5c98cc3b123cf898e103cd0
resnet,independent_rms,43,bandpass_n20004_cLL_independent_rms_s0,phase2/results/predictions/full/independent_rms/resnet/seed_43/bandpass_n20004_cLL_independent_rms_s0.npz,75823,6377065caade7574e8e47c39492f344e2a5db259234688e2cd45c5a0cd77da53
resnet,independent_rms,43,bandpass_n20004_cLL_electrode_s20,phase2/results/predictions/full/independent_rms/resnet/seed_43/bandpass_n20004_cLL_electrode_s20.npz,76445,3da8b0bad076f01b49b02d3eb020dc7188fe6971e396cc45980e7d7bac711add
resnet,independent_rms,43,bandpass_n20004_cLL_electrode_s15,phase2/results/predictions/full/independent_rms/resnet/seed_43/bandpass_n20004_cLL_electrode_s15.npz,76393,1db10faf78c590cad82d9f0303e7d5fa0d870b8ca48d02a0f6fabeeb12c6a987
resnet,independent_rms,43,bandpass_n20004_cLL_electrode_s10,phase2/results/predictions/full/independent_rms/resnet/seed_43/bandpass_n20004_cLL_electrode_s10.npz,76276,90b3a33c8a422fd604001e7aea78b0eef51834998cf33e6f698b44a1a6af20e2
resnet,independent_rms,43,bandpass_n20004_cLL_electrode_s5,phase2/results/predictions/full/independent_rms/resnet/seed_43/bandpass_n20004_cLL_electrode_s5.npz,76017,1d93ebc5a267e78c5c59f7d7746c0c42bde00f515450fa16f34fb08345bf6e55
resnet,independent_rms,43,bandpass_n20004_cLL_electrode_s0,phase2/results/predictions/full/independent_rms/resnet/seed_43/bandpass_n20004_cLL_electrode_s0.npz,75687,a4dd21ed66b023782d43717ba4656fa661a942c2923974ac3ff34c63d1d4c81d
resnet,independent_rms,43,bandpass_n20004_cLL_covariance_s20,phase2/results/predictions/full/independent_rms/resnet/seed_43/bandpass_n20004_cLL_covariance_s20.npz,76408,8afc99daa73bba80b22e04a691635d9c3e39ad079d18735ecdfae215f47b1a71
resnet,independent_rms,43,bandpass_n20004_cLL_covariance_s15,phase2/results/predictions/full/independent_rms/resnet/seed_43/bandpass_n20004_cLL_covariance_s15.npz,76380,37381489b1b08a5fc3e43a8d8966bc3ca700f0f53b45219acaa9571725173c1b
resnet,independent_rms,43,bandpass_n20004_cLL_covariance_s10,phase2/results/predictions/full/independent_rms/resnet/seed_43/bandpass_n20004_cLL_covariance_s10.npz,76270,2401849ba06ee8f815c3a254e6421019a310b3d55f38808c1a078e5b3c486397
resnet,independent_rms,43,bandpass_n20004_cLL_covariance_s5,phase2/results/predictions/full/independent_rms/resnet/seed_43/bandpass_n20004_cLL_covariance_s5.npz,76014,87d9bab2a0bda950bb5e45b2b7731a840f84db073acd58d0bda5d39271e4ffdc
resnet,independent_rms,43,bandpass_n20004_cLL_covariance_s0,phase2/results/predictions/full/independent_rms/resnet/seed_43/bandpass_n20004_cLL_covariance_s0.npz,75714,6aa4de4d7296fc4e10910d76adc94572c72a3fd75882d7e2926ebc9bca3d1685
resnet,independent_rms,43,bandpass_n20004_cRA_V1_independent_rms_s20,phase2/results/predictions/full/independent_rms/resnet/seed_43/bandpass_n20004_cRA_V1_independent_rms_s20.npz,76444,8a8fb8297047e39ae474bf6c5bec6ffe46ef2aaaa013600ba27e71005dfd6774
resnet,independent_rms,43,bandpass_n20004_cRA_V1_independent_rms_s15,phase2/results/predictions/full/independent_rms/resnet/seed_43/bandpass_n20004_cRA_V1_independent_rms_s15.npz,76453,27209e9ae6bf81ca4ce16b0735f4da9d472fc98c7b2eb3811d719397a42e98c8
resnet,independent_rms,43,bandpass_n20004_cRA_V1_independent_rms_s10,phase2/results/predictions/full/independent_rms/resnet/seed_43/bandpass_n20004_cRA_V1_independent_rms_s10.npz,76381,64a6e29ce8d51c1a4303ae88bf3f89d18c1cfcb1ea28223d39115be523e9c594
resnet,independent_rms,43,bandpass_n20004_cRA_V1_independent_rms_s5,phase2/results/predictions/full/independent_rms/resnet/seed_43/bandpass_n20004_cRA_V1_independent_rms_s5.npz,76262,6c13bdbf469ff23867a1944136f6708304cf9c14cb7be327166d53e4335b2d5b
resnet,independent_rms,43,bandpass_n20004_cRA_V1_independent_rms_s0,phase2/results/predictions/full/independent_rms/resnet/seed_43/bandpass_n20004_cRA_V1_independent_rms_s0.npz,75879,59dbe5c967ba6e5a8ef661365306aac9829fefec4c817f2d69813a736bbe7b4e
resnet,independent_rms,43,bandpass_n20004_cRA_V1_electrode_s20,phase2/results/predictions/full/independent_rms/resnet/seed_43/bandpass_n20004_cRA_V1_electrode_s20.npz,76475,53335e79716173409cbdc093b2035928e064aca70ade26724c26986416041ac2
resnet,independent_rms,43,bandpass_n20004_cRA_V1_electrode_s15,phase2/results/predictions/full/independent_rms/resnet/seed_43/bandpass_n20004_cRA_V1_electrode_s15.npz,76438,13dfdb5f54f72e51ecea79875a9a0acad40f16d7888244dd24fcab370c4a477a
resnet,independent_rms,43,bandpass_n20004_cRA_V1_electrode_s10,phase2/results/predictions/full/independent_rms/resnet/seed_43/bandpass_n20004_cRA_V1_electrode_s10.npz,76353,9f170f0cb28ab8a76191185328cd1f00d4e6680342ed7899780830a1917ed9d4
resnet,independent_rms,43,bandpass_n20004_cRA_V1_electrode_s5,phase2/results/predictions/full/independent_rms/resnet/seed_43/bandpass_n20004_cRA_V1_electrode_s5.npz,76131,d24fb09ef2561a025bf491212f6b6bc4df4997b7e5b53eb756a0b4a95af72574
resnet,independent_rms,43,bandpass_n20004_cRA_V1_electrode_s0,phase2/results/predictions/full/independent_rms/resnet/seed_43/bandpass_n20004_cRA_V1_electrode_s0.npz,75721,d2ebe85815ab880a3a6c460bb2f476e30a84fd569751ac5586d56e361eb9b020
resnet,independent_rms,43,bandpass_n20004_cRA_V1_covariance_s20,phase2/results/predictions/full/independent_rms/resnet/seed_43/bandpass_n20004_cRA_V1_covariance_s20.npz,76448,96dac712131945d3cc04aed9544373f85ea64597b3ae9e732e6abdf375a54f07
resnet,independent_rms,43,bandpass_n20004_cRA_V1_covariance_s15,phase2/results/predictions/full/independent_rms/resnet/seed_43/bandpass_n20004_cRA_V1_covariance_s15.npz,76444,6aef1d349e3dc2503fd1eaf1e8e475913f0556d923a72d9f0b32f8bec9a4a72f
resnet,independent_rms,43,bandpass_n20004_cRA_V1_covariance_s10,phase2/results/predictions/full/independent_rms/resnet/seed_43/bandpass_n20004_cRA_V1_covariance_s10.npz,76328,0d2d67cfaadb6acf26eb056fbc4f38bb41d56b920a05a8c7f0264116a0811d3e
resnet,independent_rms,43,bandpass_n20004_cRA_V1_covariance_s5,phase2/results/predictions/full/independent_rms/resnet/seed_43/bandpass_n20004_cRA_V1_covariance_s5.npz,76146,d4ba2c95a8884c068c7fc628ce5563a95dc2b18a1d67fef805ca37b890236d9d
resnet,independent_rms,43,bandpass_n20004_cRA_V1_covariance_s0,phase2/results/predictions/full/independent_rms/resnet/seed_43/bandpass_n20004_cRA_V1_covariance_s0.npz,75732,78aec2b58d2b049f78bfeb3cb5f889e15280721cc084f47700bb46f49ecda0f9
resnet,independent_rms,43,bandpass_n20004_cLA_V6_independent_rms_s20,phase2/results/predictions/full/independent_rms/resnet/seed_43/bandpass_n20004_cLA_V6_independent_rms_s20.npz,76457,5a1d76b73b9de5a84a1bfd44fe954d3ff9a700c5ee8f72370c5353bef49ee25b
resnet,independent_rms,43,bandpass_n20004_cLA_V6_independent_rms_s15,phase2/results/predictions/full/independent_rms/resnet/seed_43/bandpass_n20004_cLA_V6_independent_rms_s15.npz,76483,cff6cb1b4864a3a6177d6cfb01c4b08d0afedd3522b4231760dd810ae6b46c59
resnet,independent_rms,43,bandpass_n20004_cLA_V6_independent_rms_s10,phase2/results/predictions/full/independent_rms/resnet/seed_43/bandpass_n20004_cLA_V6_independent_rms_s10.npz,76414,75b917b4a4463348f8398d68dfc54dcad21c8392335ee2dabfbb933126046a04
resnet,independent_rms,43,bandpass_n20004_cLA_V6_independent_rms_s5,phase2/results/predictions/full/independent_rms/resnet/seed_43/bandpass_n20004_cLA_V6_independent_rms_s5.npz,76219,063d70cbd16f5215ef9c256a25e12e176ebaef35c824bfb7f0bbdd4457d80598
resnet,independent_rms,43,bandpass_n20004_cLA_V6_independent_rms_s0,phase2/results/predictions/full/independent_rms/resnet/seed_43/bandpass_n20004_cLA_V6_independent_rms_s0.npz,75875,7b68184adc62af0954b48cbffb59e940bbad5b848cdbd5e370e9eb1a049fbd16
resnet,independent_rms,43,bandpass_n20004_cLA_V6_electrode_s20,phase2/results/predictions/full/independent_rms/resnet/seed_43/bandpass_n20004_cLA_V6_electrode_s20.npz,76426,9e1f900a0f2155f54e52e7e832f8acfca89cb2dc76ebb5749bd7a3b96b6d9c0e
resnet,independent_rms,43,bandpass_n20004_cLA_V6_electrode_s15,phase2/results/predictions/full/independent_rms/resnet/seed_43/bandpass_n20004_cLA_V6_electrode_s15.npz,76446,a7f375fe3b1388a22e9ee306f5f5040ab98b5011f077b6cfe94c9d39d2506ec7
resnet,independent_rms,43,bandpass_n20004_cLA_V6_electrode_s10,phase2/results/predictions/full/independent_rms/resnet/seed_43/bandpass_n20004_cLA_V6_electrode_s10.npz,76365,5219c25d126ff48be7c2d724b1051dfc4d4e7c3db8ccb66450759d8afc72cae5
resnet,independent_rms,43,bandpass_n20004_cLA_V6_electrode_s5,phase2/results/predictions/full/independent_rms/resnet/seed_43/bandpass_n20004_cLA_V6_electrode_s5.npz,76191,8c3edf63d771f26e791208afcf048ade7e5d63290706a2a3ffc4146a848f6918
resnet,independent_rms,43,bandpass_n20004_cLA_V6_electrode_s0,phase2/results/predictions/full/independent_rms/resnet/seed_43/bandpass_n20004_cLA_V6_electrode_s0.npz,75713,067f9505ca29891aaff92230ca7f4721bdaf2dcc9474e1f072970331eb57a00b
resnet,independent_rms,43,bandpass_n20004_cLA_V6_covariance_s20,phase2/results/predictions/full/independent_rms/resnet/seed_43/bandpass_n20004_cLA_V6_covariance_s20.npz,76475,cae47a65136b9ef5114987d09b53f6261f1ede1de6d52d15a9c94829c6d334da
resnet,independent_rms,43,bandpass_n20004_cLA_V6_covariance_s15,phase2/results/predictions/full/independent_rms/resnet/seed_43/bandpass_n20004_cLA_V6_covariance_s15.npz,76441,9720874deff1ba67d5f74eb43b18b4e057466d91e93ff4c92f5212df2e280a93
resnet,independent_rms,43,bandpass_n20004_cLA_V6_covariance_s10,phase2/results/predictions/full/independent_rms/resnet/seed_43/bandpass_n20004_cLA_V6_covariance_s10.npz,76379,5e6e3e109a5d76087d5481542cec8b8e62a8c547201f16394779e90345443f8a
resnet,independent_rms,43,bandpass_n20004_cLA_V6_covariance_s5,phase2/results/predictions/full/independent_rms/resnet/seed_43/bandpass_n20004_cLA_V6_covariance_s5.npz,76159,a109b46c285b710e91174537485cc5ef460536a9932e0b0e329d7ba0178bfacd
resnet,independent_rms,43,bandpass_n20004_cLA_V6_covariance_s0,phase2/results/predictions/full/independent_rms/resnet/seed_43/bandpass_n20004_cLA_V6_covariance_s0.npz,75726,3ececfc3f818625d0add723998fe957f54b4da4cb59440c03e0c6eef777a135f
resnet,independent_rms,43,bandpass_n20004_cLL_V4_independent_rms_s20,phase2/results/predictions/full/independent_rms/resnet/seed_43/bandpass_n20004_cLL_V4_independent_rms_s20.npz,76453,861842726fc9dd3bae5120ab7ee3b3313ece8775db341b9e3292f36fa5db0203
resnet,independent_rms,43,bandpass_n20004_cLL_V4_independent_rms_s15,phase2/results/predictions/full/independent_rms/resnet/seed_43/bandpass_n20004_cLL_V4_independent_rms_s15.npz,76460,686ca8b729a1b1cca6c99a815534c8e82bca447122ee8f35c5dda35ed7aa1a3f
resnet,independent_rms,43,bandpass_n20004_cLL_V4_independent_rms_s10,phase2/results/predictions/full/independent_rms/resnet/seed_43/bandpass_n20004_cLL_V4_independent_rms_s10.npz,76373,00d45d6805497adf8a3db5b62595749c3c8a6cf7f72fd394b0aed43e0ef502e8
resnet,independent_rms,43,bandpass_n20004_cLL_V4_independent_rms_s5,phase2/results/predictions/full/independent_rms/resnet/seed_43/bandpass_n20004_cLL_V4_independent_rms_s5.npz,76214,fcd24875cade51f0fcdd1cba102b41b13ac676ad2fe7a743024557c6d65aecee
resnet,independent_rms,43,bandpass_n20004_cLL_V4_independent_rms_s0,phase2/results/predictions/full/independent_rms/resnet/seed_43/bandpass_n20004_cLL_V4_independent_rms_s0.npz,75856,9dcb684273ac613b78509778ed3af23c8bdfd0b5738499896d1067cb55efd76b
resnet,independent_rms,43,bandpass_n20004_cLL_V4_electrode_s20,phase2/results/predictions/full/independent_rms/resnet/seed_43/bandpass_n20004_cLL_V4_electrode_s20.npz,76441,80833574bacc2f4c55aed3e776d5c81f29174a56c9829372d67ec35134801d6b
resnet,independent_rms,43,bandpass_n20004_cLL_V4_electrode_s15,phase2/results/predictions/full/independent_rms/resnet/seed_43/bandpass_n20004_cLL_V4_electrode_s15.npz,76368,dde2de260a591f175052dbbec068a3222e274503bf8077e29df20e22b0eaa58d
resnet,independent_rms,43,bandpass_n20004_cLL_V4_electrode_s10,phase2/results/predictions/full/independent_rms/resnet/seed_43/bandpass_n20004_cLL_V4_electrode_s10.npz,76287,ad52d38ec099489d76b47c739f5effbffe0fd991e6a4e570fd82dfd962def938
resnet,independent_rms,43,bandpass_n20004_cLL_V4_electrode_s5,phase2/results/predictions/full/independent_rms/resnet/seed_43/bandpass_n20004_cLL_V4_electrode_s5.npz,76056,fcf88db100f261976f156a2e4b98f919e28b2ee34caa8740e87fecaab1626d46
resnet,independent_rms,43,bandpass_n20004_cLL_V4_electrode_s0,phase2/results/predictions/full/independent_rms/resnet/seed_43/bandpass_n20004_cLL_V4_electrode_s0.npz,75736,23aabd2842039f0756ab7c82c725b857580e027d290a2b1ee7fa2e4d79bff651
resnet,independent_rms,43,bandpass_n20004_cLL_V4_covariance_s20,phase2/results/predictions/full/independent_rms/resnet/seed_43/bandpass_n20004_cLL_V4_covariance_s20.npz,76433,12bff80effb3a3d439757542da9f17be2b1e42e8d55cf3460797f34da99b6a4b
resnet,independent_rms,43,bandpass_n20004_cLL_V4_covariance_s15,phase2/results/predictions/full/independent_rms/resnet/seed_43/bandpass_n20004_cLL_V4_covariance_s15.npz,76408,8416f637004f792ade846de3dc57088347a84064eedb7e505c1a731caafbbd93
resnet,independent_rms,43,bandpass_n20004_cLL_V4_covariance_s10,phase2/results/predictions/full/independent_rms/resnet/seed_43/bandpass_n20004_cLL_V4_covariance_s10.npz,76307,322b8381b5b908cfd1002e15dc32a260735c1d7df2b0146e7021d6c7a4acb9af
resnet,independent_rms,43,bandpass_n20004_cLL_V4_covariance_s5,phase2/results/predictions/full/independent_rms/resnet/seed_43/bandpass_n20004_cLL_V4_covariance_s5.npz,76065,a202a24e818a513ddb2ac0e57264758aeb1dcb5eea856e4eb090ccf93e1d7ba7
resnet,independent_rms,43,bandpass_n20004_cLL_V4_covariance_s0,phase2/results/predictions/full/independent_rms/resnet/seed_43/bandpass_n20004_cLL_V4_covariance_s0.npz,75727,6ad8110de63008e814e039f0789679f7240d9338ae96bdb361e8cc4e2a0d181a
resnet,independent_rms,43,bandpass_n20004_cRA_LA_V1_V6_independent_rms_s20,phase2/results/predictions/full/independent_rms/resnet/seed_43/bandpass_n20004_cRA_LA_V1_V6_independent_rms_s20.npz,76500,d8b32e8c4b522e548135919e19d8a0545fbaa81b49dab89dd7435a4c288ec5bb
resnet,independent_rms,43,bandpass_n20004_cRA_LA_V1_V6_independent_rms_s15,phase2/results/predictions/full/independent_rms/resnet/seed_43/bandpass_n20004_cRA_LA_V1_V6_independent_rms_s15.npz,76432,9f5f440d95c45906b1d8793936c9a0fceb301c407f65831d8f6ace699e6d5736
resnet,independent_rms,43,bandpass_n20004_cRA_LA_V1_V6_independent_rms_s10,phase2/results/predictions/full/independent_rms/resnet/seed_43/bandpass_n20004_cRA_LA_V1_V6_independent_rms_s10.npz,76444,b12e28fa1361420afde0a99911e7b7afccf5b0b53f41c313e464f6234e8b4c6b
resnet,independent_rms,43,bandpass_n20004_cRA_LA_V1_V6_independent_rms_s5,phase2/results/predictions/full/independent_rms/resnet/seed_43/bandpass_n20004_cRA_LA_V1_V6_independent_rms_s5.npz,76275,f1db189417e5f3e7de8dce68110875de6c7d8bf2929de6ccf34d81e74769770e
resnet,independent_rms,43,bandpass_n20004_cRA_LA_V1_V6_independent_rms_s0,phase2/results/predictions/full/independent_rms/resnet/seed_43/bandpass_n20004_cRA_LA_V1_V6_independent_rms_s0.npz,75862,f361f3d5a380d38fef19a9e4ff3285a127d22b8b822fed793adcd8f09d4a9aa8
resnet,independent_rms,43,bandpass_n20004_cRA_LA_V1_V6_electrode_s20,phase2/results/predictions/full/independent_rms/resnet/seed_43/bandpass_n20004_cRA_LA_V1_V6_electrode_s20.npz,76474,1555167a2d9e0527f1b429e3aca9b82a7e862264b78a1eb15d12b99e3b694a8b
resnet,independent_rms,43,bandpass_n20004_cRA_LA_V1_V6_electrode_s15,phase2/results/predictions/full/independent_rms/resnet/seed_43/bandpass_n20004_cRA_LA_V1_V6_electrode_s15.npz,76435,0ff0c5d297449dd20eb3b7e95380a1d35f108d205935fa6b35b38f5309549236
resnet,independent_rms,43,bandpass_n20004_cRA_LA_V1_V6_electrode_s10,phase2/results/predictions/full/independent_rms/resnet/seed_43/bandpass_n20004_cRA_LA_V1_V6_electrode_s10.npz,76373,6066077037b3b97bea6008fa04ab4503fc8c425d64ed575fd773cbad4283f06c
resnet,independent_rms,43,bandpass_n20004_cRA_LA_V1_V6_electrode_s5,phase2/results/predictions/full/independent_rms/resnet/seed_43/bandpass_n20004_cRA_LA_V1_V6_electrode_s5.npz,76166,0545856ce58c421a0ac1888e336d05f7a2571f9e2ee492152daa2379d2e1d905
resnet,independent_rms,43,bandpass_n20004_cRA_LA_V1_V6_electrode_s0,phase2/results/predictions/full/independent_rms/resnet/seed_43/bandpass_n20004_cRA_LA_V1_V6_electrode_s0.npz,75696,eeed21037e49606521eebcfb4dc655f393130f256b8bc8cf6c8a041c891916f3
resnet,independent_rms,43,bandpass_n20004_cRA_LA_V1_V6_covariance_s20,phase2/results/predictions/full/independent_rms/resnet/seed_43/bandpass_n20004_cRA_LA_V1_V6_covariance_s20.npz,76490,1051e8a1674bd6ec3f6314420473bc7294ecaf204bf64ca10458fdaabc079d9c
resnet,independent_rms,43,bandpass_n20004_cRA_LA_V1_V6_covariance_s15,phase2/results/predictions/full/independent_rms/resnet/seed_43/bandpass_n20004_cRA_LA_V1_V6_covariance_s15.npz,76442,896c04b32b0db1e9433fa2d8226227f85779157c86583299e1b6ea59c1d28ba3
resnet,independent_rms,43,bandpass_n20004_cRA_LA_V1_V6_covariance_s10,phase2/results/predictions/full/independent_rms/resnet/seed_43/bandpass_n20004_cRA_LA_V1_V6_covariance_s10.npz,76352,b6789cd3b85cd386bb59a0ec7e57a44d91e3c47ef087dba3e225ca02e15c4f91
resnet,independent_rms,43,bandpass_n20004_cRA_LA_V1_V6_covariance_s5,phase2/results/predictions/full/independent_rms/resnet/seed_43/bandpass_n20004_cRA_LA_V1_V6_covariance_s5.npz,76155,db6b4e284c9d07b6997cb5581f226b1c21960d117e467f3038cac380ff86ecf3
resnet,independent_rms,43,bandpass_n20004_cRA_LA_V1_V6_covariance_s0,phase2/results/predictions/full/independent_rms/resnet/seed_43/bandpass_n20004_cRA_LA_V1_V6_covariance_s0.npz,75711,a4fc01037cfdd171055a6867e69892708643acdbb0d709afd24351b2f2c254cf
resnet,independent_rms,43,bandpass_n20004_cRA_V2_V5_independent_rms_s20,phase2/results/predictions/full/independent_rms/resnet/seed_43/bandpass_n20004_cRA_V2_V5_independent_rms_s20.npz,76486,c5753b1a944a31b434e495ebdd28242f6864923eaec870c8c30b5fecc9d697d4
resnet,independent_rms,43,bandpass_n20004_cRA_V2_V5_independent_rms_s15,phase2/results/predictions/full/independent_rms/resnet/seed_43/bandpass_n20004_cRA_V2_V5_independent_rms_s15.npz,76476,eac975ed2567c8700de49c3d7c27482df6e3608ba3feea82d6e96beff031ab16
resnet,independent_rms,43,bandpass_n20004_cRA_V2_V5_independent_rms_s10,phase2/results/predictions/full/independent_rms/resnet/seed_43/bandpass_n20004_cRA_V2_V5_independent_rms_s10.npz,76409,9254a47f3dbdab599398a52bb5bcad70ddcd9b329a842461fc5e0af0dc7a1137
resnet,independent_rms,43,bandpass_n20004_cRA_V2_V5_independent_rms_s5,phase2/results/predictions/full/independent_rms/resnet/seed_43/bandpass_n20004_cRA_V2_V5_independent_rms_s5.npz,76264,ae54607a8ab3fe7ba786d7600acef25a1bcb9727c1fcdb001a30ef9089465711
resnet,independent_rms,43,bandpass_n20004_cRA_V2_V5_independent_rms_s0,phase2/results/predictions/full/independent_rms/resnet/seed_43/bandpass_n20004_cRA_V2_V5_independent_rms_s0.npz,75914,71afcef99ed420b073e4ccb06d91644a12fef393582af1c8e041b0f7538efdb3
resnet,independent_rms,43,bandpass_n20004_cRA_V2_V5_electrode_s20,phase2/results/predictions/full/independent_rms/resnet/seed_43/bandpass_n20004_cRA_V2_V5_electrode_s20.npz,76443,1b0cbe3bc4cbf9ddb4b871fce995292ff5b1ce5ad3fdef26b970133556966fd3
resnet,independent_rms,43,bandpass_n20004_cRA_V2_V5_electrode_s15,phase2/results/predictions/full/independent_rms/resnet/seed_43/bandpass_n20004_cRA_V2_V5_electrode_s15.npz,76448,2d86573a21cd03d619a1e2989c4f73d1bc264d1d25420228e323eb82ffefacdd
resnet,independent_rms,43,bandpass_n20004_cRA_V2_V5_electrode_s10,phase2/results/predictions/full/independent_rms/resnet/seed_43/bandpass_n20004_cRA_V2_V5_electrode_s10.npz,76337,874791d642c254de893fb4fb55bb1d8f4dfa7a47e45cec102168140819838cab
resnet,independent_rms,43,bandpass_n20004_cRA_V2_V5_electrode_s5,phase2/results/predictions/full/independent_rms/resnet/seed_43/bandpass_n20004_cRA_V2_V5_electrode_s5.npz,76208,1008f48c96e21796c043bee65a0beea758f0fef2f8abf9a0d864a39fb712911c
resnet,independent_rms,43,bandpass_n20004_cRA_V2_V5_electrode_s0,phase2/results/predictions/full/independent_rms/resnet/seed_43/bandpass_n20004_cRA_V2_V5_electrode_s0.npz,75808,1567f7ffe6957db2ad390d7badc6d10acaaf49f3dcc78a519cde9bdcc161f435
resnet,independent_rms,43,bandpass_n20004_cRA_V2_V5_covariance_s20,phase2/results/predictions/full/independent_rms/resnet/seed_43/bandpass_n20004_cRA_V2_V5_covariance_s20.npz,76484,90aeeecda4120e62a0deebe4bc41c0773bf64154ed936f2e625919a48eee1789
resnet,independent_rms,43,bandpass_n20004_cRA_V2_V5_covariance_s15,phase2/results/predictions/full/independent_rms/resnet/seed_43/bandpass_n20004_cRA_V2_V5_covariance_s15.npz,76461,946272488ef82561322e972c0db265ece55eba769647fae118c73bbd1ed80b76
resnet,independent_rms,43,bandpass_n20004_cRA_V2_V5_covariance_s10,phase2/results/predictions/full/independent_rms/resnet/seed_43/bandpass_n20004_cRA_V2_V5_covariance_s10.npz,76347,5ac1ef718c030570b3e4cf11ec63f21601cda952ef05af5e9ec23c2c8b7b9be7
resnet,independent_rms,43,bandpass_n20004_cRA_V2_V5_covariance_s5,phase2/results/predictions/full/independent_rms/resnet/seed_43/bandpass_n20004_cRA_V2_V5_covariance_s5.npz,76191,32c69cdad6980c4d5339c878ef3335844cfe723e93bb24481749e9e1a08ead52
resnet,independent_rms,43,bandpass_n20004_cRA_V2_V5_covariance_s0,phase2/results/predictions/full/independent_rms/resnet/seed_43/bandpass_n20004_cRA_V2_V5_covariance_s0.npz,75809,2be4604392d3efe2a90b35b03fbfd9b70eea7ffbbea8cb4238f3257801b9f108
resnet,independent_rms,43,bandpass_n20004_cLA_V3_V6_independent_rms_s20,phase2/results/predictions/full/independent_rms/resnet/seed_43/bandpass_n20004_cLA_V3_V6_independent_rms_s20.npz,76473,ab6c2ff988f386f1f5438aceceac0a3efc0eba4ec3b8ad1698f385083ee1d8dd
resnet,independent_rms,43,bandpass_n20004_cLA_V3_V6_independent_rms_s15,phase2/results/predictions/full/independent_rms/resnet/seed_43/bandpass_n20004_cLA_V3_V6_independent_rms_s15.npz,76460,5ae22501b52b6bf01ccf426644bc9bd8ce8d339a0644fe11570c3995426f58ff
resnet,independent_rms,43,bandpass_n20004_cLA_V3_V6_independent_rms_s10,phase2/results/predictions/full/independent_rms/resnet/seed_43/bandpass_n20004_cLA_V3_V6_independent_rms_s10.npz,76401,9b4f40a4275ce4b2bbbc1317a44610d4668c7be60c8ea5f13852746d8834266f
resnet,independent_rms,43,bandpass_n20004_cLA_V3_V6_independent_rms_s5,phase2/results/predictions/full/independent_rms/resnet/seed_43/bandpass_n20004_cLA_V3_V6_independent_rms_s5.npz,76297,c6cfc008a3658d6bbab7c9062bd1b80601d8de96860cce4312ef0f2c29627f77
resnet,independent_rms,43,bandpass_n20004_cLA_V3_V6_independent_rms_s0,phase2/results/predictions/full/independent_rms/resnet/seed_43/bandpass_n20004_cLA_V3_V6_independent_rms_s0.npz,75915,fd57a163587d62b3807b1dc912b57a87d46ab9168a0b6b996d7f4eeac44b5fd8
resnet,independent_rms,43,bandpass_n20004_cLA_V3_V6_electrode_s20,phase2/results/predictions/full/independent_rms/resnet/seed_43/bandpass_n20004_cLA_V3_V6_electrode_s20.npz,76455,f710d562a9374120a67396fc6c2c51846b67abd9444614bd18b40307b8636879
resnet,independent_rms,43,bandpass_n20004_cLA_V3_V6_electrode_s15,phase2/results/predictions/full/independent_rms/resnet/seed_43/bandpass_n20004_cLA_V3_V6_electrode_s15.npz,76431,8537e751127720f95176e2e6c322c29b8fcbd1eeab0e79d9f08993535c50b2fe
resnet,independent_rms,43,bandpass_n20004_cLA_V3_V6_electrode_s10,phase2/results/predictions/full/independent_rms/resnet/seed_43/bandpass_n20004_cLA_V3_V6_electrode_s10.npz,76413,a5abc9139ad6d68ea8ccc8d8ce796f3bf77cdcb60e4adc8bfe07e908e70e4735
resnet,independent_rms,43,bandpass_n20004_cLA_V3_V6_electrode_s5,phase2/results/predictions/full/independent_rms/resnet/seed_43/bandpass_n20004_cLA_V3_V6_electrode_s5.npz,76233,86e7246c5b0ffe690c3b9df495bce97e13137f8f4664983bdbf3294b2f33c630
resnet,independent_rms,43,bandpass_n20004_cLA_V3_V6_electrode_s0,phase2/results/predictions/full/independent_rms/resnet/seed_43/bandpass_n20004_cLA_V3_V6_electrode_s0.npz,75778,674841f398a39e496fc10ca52333e6a6cbe5279ae7b1c7e473b1d89ca1dc0ea9
resnet,independent_rms,43,bandpass_n20004_cLA_V3_V6_covariance_s20,phase2/results/predictions/full/independent_rms/resnet/seed_43/bandpass_n20004_cLA_V3_V6_covariance_s20.npz,76488,cdb8e45f37b848bb9cc6a931772e81055df65750f70e123f7dcca92c83b60d91
resnet,independent_rms,43,bandpass_n20004_cLA_V3_V6_covariance_s15,phase2/results/predictions/full/independent_rms/resnet/seed_43/bandpass_n20004_cLA_V3_V6_covariance_s15.npz,76450,c980d8e951aa88b9f15ae65718fcc319f983cfd6041fc2f15c971f3085838da7
resnet,independent_rms,43,bandpass_n20004_cLA_V3_V6_covariance_s10,phase2/results/predictions/full/independent_rms/resnet/seed_43/bandpass_n20004_cLA_V3_V6_covariance_s10.npz,76370,23c4fcc1c57de3403ff66b745625235a9047c67a9bdd5818ad8c081153b7545d
resnet,independent_rms,43,bandpass_n20004_cLA_V3_V6_covariance_s5,phase2/results/predictions/full/independent_rms/resnet/seed_43/bandpass_n20004_cLA_V3_V6_covariance_s5.npz,76174,319c0ec6896e9e1834a5261589e5c8e2f1effb142b9795d179b6de8e060418e3
resnet,independent_rms,43,bandpass_n20004_cLA_V3_V6_covariance_s0,phase2/results/predictions/full/independent_rms/resnet/seed_43/bandpass_n20004_cLA_V3_V6_covariance_s0.npz,75772,c3738eb5e45d91ce7e33aa9e4b3d15ce5fb865bc0bf4abe9fa1d4e35a0199b31
resnet,independent_rms,43,bandpass_n20004_cLL_V1_V4_independent_rms_s20,phase2/results/predictions/full/independent_rms/resnet/seed_43/bandpass_n20004_cLL_V1_V4_independent_rms_s20.npz,76476,5fda31bed31bfae58fee6c97710d24828a0737f32220138c23c83342d035fa1e
resnet,independent_rms,43,bandpass_n20004_cLL_V1_V4_independent_rms_s15,phase2/results/predictions/full/independent_rms/resnet/seed_43/bandpass_n20004_cLL_V1_V4_independent_rms_s15.npz,76471,4e6cb0e655d1cde4f36ece233a60a438bb979e9cc881040bb429441d6a42850b
resnet,independent_rms,43,bandpass_n20004_cLL_V1_V4_independent_rms_s10,phase2/results/predictions/full/independent_rms/resnet/seed_43/bandpass_n20004_cLL_V1_V4_independent_rms_s10.npz,76403,453d1322b4662b034e63a5ad91ff5049f789cecf48f3f0088ad1dd376b7c0657
resnet,independent_rms,43,bandpass_n20004_cLL_V1_V4_independent_rms_s5,phase2/results/predictions/full/independent_rms/resnet/seed_43/bandpass_n20004_cLL_V1_V4_independent_rms_s5.npz,76244,069acbca3d8c784aff4c3f1d89bca84e9fa08fb1f2db9e39268a82fd89ea05c4
resnet,independent_rms,43,bandpass_n20004_cLL_V1_V4_independent_rms_s0,phase2/results/predictions/full/independent_rms/resnet/seed_43/bandpass_n20004_cLL_V1_V4_independent_rms_s0.npz,75840,62056e02cdcec60e8a429edc1fb5e9539a63b0ea56a231dbaf36103f265f3ee5
resnet,independent_rms,43,bandpass_n20004_cLL_V1_V4_electrode_s20,phase2/results/predictions/full/independent_rms/resnet/seed_43/bandpass_n20004_cLL_V1_V4_electrode_s20.npz,76447,0953f2fd81c7d3431a7c1fca8b6bfe539303d96c24ebe88b9d23fff434f76d9a
resnet,independent_rms,43,bandpass_n20004_cLL_V1_V4_electrode_s15,phase2/results/predictions/full/independent_rms/resnet/seed_43/bandpass_n20004_cLL_V1_V4_electrode_s15.npz,76404,081d4a629ff8ffcf67ca3ba4a7a83528746668bb6c9c13f748c10aedaae1b388
resnet,independent_rms,43,bandpass_n20004_cLL_V1_V4_electrode_s10,phase2/results/predictions/full/independent_rms/resnet/seed_43/bandpass_n20004_cLL_V1_V4_electrode_s10.npz,76326,a45b5162725e2edd14e5f9c3b5570d25b39df8375dbb08ca35312b7804bbbcae
resnet,independent_rms,43,bandpass_n20004_cLL_V1_V4_electrode_s5,phase2/results/predictions/full/independent_rms/resnet/seed_43/bandpass_n20004_cLL_V1_V4_electrode_s5.npz,76081,f4ba2c0825ae56314dac4b44e42d4a816aa37b1711227cd8149722ea50c5f8f3
resnet,independent_rms,43,bandpass_n20004_cLL_V1_V4_electrode_s0,phase2/results/predictions/full/independent_rms/resnet/seed_43/bandpass_n20004_cLL_V1_V4_electrode_s0.npz,75696,e3f7192a7292e0537fd587fff9ea40d594b867e3a940d1a5a544af00ac0af505
resnet,independent_rms,43,bandpass_n20004_cLL_V1_V4_covariance_s20,phase2/results/predictions/full/independent_rms/resnet/seed_43/bandpass_n20004_cLL_V1_V4_covariance_s20.npz,76435,05f994885cbae0fdfb51d08b731cab93ff384dbcf7609bc6ea547a55111ea9e5
resnet,independent_rms,43,bandpass_n20004_cLL_V1_V4_covariance_s15,phase2/results/predictions/full/independent_rms/resnet/seed_43/bandpass_n20004_cLL_V1_V4_covariance_s15.npz,76446,7776d4a7198418603f474586f1bb3201c3f723e36cfb4f46fa6991bd7e235970
resnet,independent_rms,43,bandpass_n20004_cLL_V1_V4_covariance_s10,phase2/results/predictions/full/independent_rms/resnet/seed_43/bandpass_n20004_cLL_V1_V4_covariance_s10.npz,76329,0efa1839616d0967fe2061b3903a1351621ffd5a192f9d20b6e847e5f345ec27
resnet,independent_rms,43,bandpass_n20004_cLL_V1_V4_covariance_s5,phase2/results/predictions/full/independent_rms/resnet/seed_43/bandpass_n20004_cLL_V1_V4_covariance_s5.npz,76061,abf46ce72cfee0b0bbe1b0782472120c435f3803578835a48e8665237fa1d188
resnet,independent_rms,43,bandpass_n20004_cLL_V1_V4_covariance_s0,phase2/results/predictions/full/independent_rms/resnet/seed_43/bandpass_n20004_cLL_V1_V4_covariance_s0.npz,75646,0338f4e6685fb08c246f08aaebb56e38da4ffb2a8e2f69539400dfa0856d22f9
resnet,independent_rms,43,bandpass_n20004_call_independent_rms_s20,phase2/results/predictions/full/independent_rms/resnet/seed_43/bandpass_n20004_call_independent_rms_s20.npz,76429,3ec8a1195459431c3d06236d1ca33cfb2ce5d92cb33e950a624c0d2ead22c1c6
resnet,independent_rms,43,bandpass_n20004_call_independent_rms_s15,phase2/results/predictions/full/independent_rms/resnet/seed_43/bandpass_n20004_call_independent_rms_s15.npz,76403,311a5c9af4c3933279ffd86a57fc66e8949b56ea57e012057e564e9538048b59
resnet,independent_rms,43,bandpass_n20004_call_independent_rms_s10,phase2/results/predictions/full/independent_rms/resnet/seed_43/bandpass_n20004_call_independent_rms_s10.npz,76394,30f937f9653089de4a23f4f610b90488e7183d41b6d6a77ae581d43fbc0ef657
resnet,independent_rms,43,bandpass_n20004_call_independent_rms_s5,phase2/results/predictions/full/independent_rms/resnet/seed_43/bandpass_n20004_call_independent_rms_s5.npz,76226,b1f335a9301449290dbe565339c5a1a3461cda531fbe14b104eae277c4772394
resnet,independent_rms,43,bandpass_n20004_call_independent_rms_s0,phase2/results/predictions/full/independent_rms/resnet/seed_43/bandpass_n20004_call_independent_rms_s0.npz,75851,999ececdd84044fd47d3278264e961be0959e18eb9cfa9509017e0c85895f901
resnet,independent_rms,43,bandpass_n20004_call_electrode_s20,phase2/results/predictions/full/independent_rms/resnet/seed_43/bandpass_n20004_call_electrode_s20.npz,76434,87de8097c650b7b016c85ea56c2468697d14442856dbcd250311ee8b7371d874
resnet,independent_rms,43,bandpass_n20004_call_electrode_s15,phase2/results/predictions/full/independent_rms/resnet/seed_43/bandpass_n20004_call_electrode_s15.npz,76422,38532846d97a3dcefce4f369f1ddd20234ef72f720e346d170ddde76035f6b32
resnet,independent_rms,43,bandpass_n20004_call_electrode_s10,phase2/results/predictions/full/independent_rms/resnet/seed_43/bandpass_n20004_call_electrode_s10.npz,76351,66c22cfde20f1dfc3ba8b62785530400cf4b2b3d4b4c807602464e1a47051531
resnet,independent_rms,43,bandpass_n20004_call_electrode_s5,phase2/results/predictions/full/independent_rms/resnet/seed_43/bandpass_n20004_call_electrode_s5.npz,76104,38d366cbf8cbbaa05fb9e5acd17164405a4f1e9d79197773e55205429489f4eb
resnet,independent_rms,43,bandpass_n20004_call_electrode_s0,phase2/results/predictions/full/independent_rms/resnet/seed_43/bandpass_n20004_call_electrode_s0.npz,75661,a8e5ed60242a1a3eaafd79fedf73a92ae6a6598b549f5e4fa869d9a1223ad6de
resnet,independent_rms,43,bandpass_n20004_call_covariance_s20,phase2/results/predictions/full/independent_rms/resnet/seed_43/bandpass_n20004_call_covariance_s20.npz,76432,856229957f536215d17f0fdc10b746c5e0b0fc00614c7b1b4b6a5c9c94dfc858
resnet,independent_rms,43,bandpass_n20004_call_covariance_s15,phase2/results/predictions/full/independent_rms/resnet/seed_43/bandpass_n20004_call_covariance_s15.npz,76396,f04bdd91a36629faa54e7ae5644f5a82991523b7079bd6e143e6f026c6d12d04
resnet,independent_rms,43,bandpass_n20004_call_covariance_s10,phase2/results/predictions/full/independent_rms/resnet/seed_43/bandpass_n20004_call_covariance_s10.npz,76296,647bcf8f67186d4be119e5685eae4ead8a94c249b07ba94236e34099b1bf3439
resnet,independent_rms,43,bandpass_n20004_call_covariance_s5,phase2/results/predictions/full/independent_rms/resnet/seed_43/bandpass_n20004_call_covariance_s5.npz,76104,9c2815cb13720b459a0005afcdd32b58278af0630efdc0e3398f0ecccccbb452
resnet,independent_rms,43,bandpass_n20004_call_covariance_s0,phase2/results/predictions/full/independent_rms/resnet/seed_43/bandpass_n20004_call_covariance_s0.npz,75637,754271e6566a531538924c679f720302fccea68f63106c9a29ff916557bdb9a4
resnet,independent_rms,43,bandpass_n20005_cRA_LA_LL_independent_rms_s20,phase2/results/predictions/full/independent_rms/resnet/seed_43/bandpass_n20005_cRA_LA_LL_independent_rms_s20.npz,76472,5971cb9cde4e85d1c71f31dc5ca4146a81961f7281c087bbe8b787f862364457
resnet,independent_rms,43,bandpass_n20005_cRA_LA_LL_independent_rms_s15,phase2/results/predictions/full/independent_rms/resnet/seed_43/bandpass_n20005_cRA_LA_LL_independent_rms_s15.npz,76410,4fce38fad3e9a26b38fe542eb8a456aea575935a9c79855d52e71135405eb8bf
resnet,independent_rms,43,bandpass_n20005_cRA_LA_LL_independent_rms_s10,phase2/results/predictions/full/independent_rms/resnet/seed_43/bandpass_n20005_cRA_LA_LL_independent_rms_s10.npz,76387,e22fc5626239180b6246164621fbbd68dfa03e2e845126ce4ed33ab70ffb3888
resnet,independent_rms,43,bandpass_n20005_cRA_LA_LL_independent_rms_s5,phase2/results/predictions/full/independent_rms/resnet/seed_43/bandpass_n20005_cRA_LA_LL_independent_rms_s5.npz,76251,388d0463b7b88daa6bf5f7319af73a5e510bbcebcc0904c83465837b2c2fe370
resnet,independent_rms,43,bandpass_n20005_cRA_LA_LL_independent_rms_s0,phase2/results/predictions/full/independent_rms/resnet/seed_43/bandpass_n20005_cRA_LA_LL_independent_rms_s0.npz,75874,2a8413deef19dd9a1b0bdd5c81172c135d33d6fbdcca82291d0b5e9d5fdbd9b4
resnet,independent_rms,43,bandpass_n20005_cRA_LA_LL_electrode_s20,phase2/results/predictions/full/independent_rms/resnet/seed_43/bandpass_n20005_cRA_LA_LL_electrode_s20.npz,76441,4717ddf2eb64f836c07fcc0fdae24dae72fe1833d12eb0be9f06ab21b939f2cd
resnet,independent_rms,43,bandpass_n20005_cRA_LA_LL_electrode_s15,phase2/results/predictions/full/independent_rms/resnet/seed_43/bandpass_n20005_cRA_LA_LL_electrode_s15.npz,76393,117705eff1e7aa666964efb3e4dd5782cf0206c34fbd2e24a7113576ca269442
resnet,independent_rms,43,bandpass_n20005_cRA_LA_LL_electrode_s10,phase2/results/predictions/full/independent_rms/resnet/seed_43/bandpass_n20005_cRA_LA_LL_electrode_s10.npz,76343,f3e9cb640ff7d43e3ad5475fd3a761a8d1e23739b283f1b59e9bff088af31419
resnet,independent_rms,43,bandpass_n20005_cRA_LA_LL_electrode_s5,phase2/results/predictions/full/independent_rms/resnet/seed_43/bandpass_n20005_cRA_LA_LL_electrode_s5.npz,76064,ab8d2996c32754982b7909765b942add60f13380963219cb979d7d17fcad3e71
resnet,independent_rms,43,bandpass_n20005_cRA_LA_LL_electrode_s0,phase2/results/predictions/full/independent_rms/resnet/seed_43/bandpass_n20005_cRA_LA_LL_electrode_s0.npz,75512,0e8fd49232e563edbaacb24edeedf8c94fd21571720a622caaedb08513ec7279
resnet,independent_rms,43,bandpass_n20005_cRA_LA_LL_covariance_s20,phase2/results/predictions/full/independent_rms/resnet/seed_43/bandpass_n20005_cRA_LA_LL_covariance_s20.npz,76464,795c693f8583c60c30fe233b8a78040caed81387d95ac0df8a08ebfd210972d9
resnet,independent_rms,43,bandpass_n20005_cRA_LA_LL_covariance_s15,phase2/results/predictions/full/independent_rms/resnet/seed_43/bandpass_n20005_cRA_LA_LL_covariance_s15.npz,76437,471ac84c305d39e2e91b4d5a74a2e0ef74dfb7644b39914274f68bdeeff9330a
resnet,independent_rms,43,bandpass_n20005_cRA_LA_LL_covariance_s10,phase2/results/predictions/full/independent_rms/resnet/seed_43/bandpass_n20005_cRA_LA_LL_covariance_s10.npz,76302,bd2edbf146066a9ce311c7934c4135ad2699d6b6d65d9f567d3eb5e17d58f447
resnet,independent_rms,43,bandpass_n20005_cRA_LA_LL_covariance_s5,phase2/results/predictions/full/independent_rms/resnet/seed_43/bandpass_n20005_cRA_LA_LL_covariance_s5.npz,76079,e1be700cda7332c90dcb769cc4e9a37e0877060879d969813358b67eb347a4f4
resnet,independent_rms,43,bandpass_n20005_cRA_LA_LL_covariance_s0,phase2/results/predictions/full/independent_rms/resnet/seed_43/bandpass_n20005_cRA_LA_LL_covariance_s0.npz,75566,657faef4a700f565aeb5019d4ef11d904b9839b8a879f61e2b8e7c00ccad050f
resnet,independent_rms,43,bandpass_n20005_cV1_independent_rms_s20,phase2/results/predictions/full/independent_rms/resnet/seed_43/bandpass_n20005_cV1_independent_rms_s20.npz,76445,a11f2b0203cf78c1d1b5c5768cfe05fcf7f4269eae848344b5682c38b083535f
resnet,independent_rms,43,bandpass_n20005_cV1_independent_rms_s15,phase2/results/predictions/full/independent_rms/resnet/seed_43/bandpass_n20005_cV1_independent_rms_s15.npz,76417,acef40b1b0dcc2b9de2cd09ea51a1d730bd745aed31587c3413ccbc9f56502e6
resnet,independent_rms,43,bandpass_n20005_cV1_independent_rms_s10,phase2/results/predictions/full/independent_rms/resnet/seed_43/bandpass_n20005_cV1_independent_rms_s10.npz,76355,11cb34cd2428e598392ed1c750cef3bc99aefb27a9c5b79234563c5cd0c7b3e7
resnet,independent_rms,43,bandpass_n20005_cV1_independent_rms_s5,phase2/results/predictions/full/independent_rms/resnet/seed_43/bandpass_n20005_cV1_independent_rms_s5.npz,76202,05ee13e062ca70a39014b7fff22cb60701834bc2715f351bfab0f3e02c146f4d
resnet,independent_rms,43,bandpass_n20005_cV1_independent_rms_s0,phase2/results/predictions/full/independent_rms/resnet/seed_43/bandpass_n20005_cV1_independent_rms_s0.npz,75762,3414692dae93af116ce1bfd177c2a82dfd37afc3246f3be8593f8dcc60786ceb
resnet,independent_rms,43,bandpass_n20005_cV1_electrode_s20,phase2/results/predictions/full/independent_rms/resnet/seed_43/bandpass_n20005_cV1_electrode_s20.npz,76407,9e6394c2f97530abec1bce1078fab616c0ba49ad418c055f436ddef703418e11
resnet,independent_rms,43,bandpass_n20005_cV1_electrode_s15,phase2/results/predictions/full/independent_rms/resnet/seed_43/bandpass_n20005_cV1_electrode_s15.npz,76409,0d9b810c042aea354f2633eac1e5ea18eeb9c449ba04ce257b7d13c22bab91cd
resnet,independent_rms,43,bandpass_n20005_cV1_electrode_s10,phase2/results/predictions/full/independent_rms/resnet/seed_43/bandpass_n20005_cV1_electrode_s10.npz,76342,acca3a0b391c5a6f31bfa8a926b32dd71a520a154c0dd92a2c16774790dc77b8
resnet,independent_rms,43,bandpass_n20005_cV1_electrode_s5,phase2/results/predictions/full/independent_rms/resnet/seed_43/bandpass_n20005_cV1_electrode_s5.npz,76200,765b1ddcf7fc70a3accc56b1d78d9eb0d1cb4f02a221fccb53ac8e59373c73e2
resnet,independent_rms,43,bandpass_n20005_cV1_electrode_s0,phase2/results/predictions/full/independent_rms/resnet/seed_43/bandpass_n20005_cV1_electrode_s0.npz,75733,4b9b1c75f0719d5de897678c2af7f133a9ad7f6145a91ce890a875db50977ec1
resnet,independent_rms,43,bandpass_n20005_cV1_covariance_s20,phase2/results/predictions/full/independent_rms/resnet/seed_43/bandpass_n20005_cV1_covariance_s20.npz,76432,33ca03a6d15a3f5400813bfb821c145b6c7719b10fed6171f24d83814a342f31
resnet,independent_rms,43,bandpass_n20005_cV1_covariance_s15,phase2/results/predictions/full/independent_rms/resnet/seed_43/bandpass_n20005_cV1_covariance_s15.npz,76410,dd1df2355906754dfdacf8251185e97bcd3b5a7004ef6298a2a772aafe12c8db
resnet,independent_rms,43,bandpass_n20005_cV1_covariance_s10,phase2/results/predictions/full/independent_rms/resnet/seed_43/bandpass_n20005_cV1_covariance_s10.npz,76371,438b0182c57f006fa9c87470548eecc80ffe6a4b270bd84c29162451313f2728
resnet,independent_rms,43,bandpass_n20005_cV1_covariance_s5,phase2/results/predictions/full/independent_rms/resnet/seed_43/bandpass_n20005_cV1_covariance_s5.npz,76194,ec2bb050f29b3b4264d8e2251f76ae9e406ae640b7f31a4bd3847a3e5721c90f
resnet,independent_rms,43,bandpass_n20005_cV1_covariance_s0,phase2/results/predictions/full/independent_rms/resnet/seed_43/bandpass_n20005_cV1_covariance_s0.npz,75751,17aa6ae95bb9022cdf56e950a8da778da043bfbb6d66bdcbbb6e3f7f108fcce5
resnet,independent_rms,43,bandpass_n20005_cV2_independent_rms_s20,phase2/results/predictions/full/independent_rms/resnet/seed_43/bandpass_n20005_cV2_independent_rms_s20.npz,76460,89dd69b54a33d934b8ffa53bff3955364e29aa42f1ff8b75579f166331719974
resnet,independent_rms,43,bandpass_n20005_cV2_independent_rms_s15,phase2/results/predictions/full/independent_rms/resnet/seed_43/bandpass_n20005_cV2_independent_rms_s15.npz,76427,69bc7d7bd9574117b82867579652a73f12f2e5c1f2d112b01c0b9423f57cc5d4
resnet,independent_rms,43,bandpass_n20005_cV2_independent_rms_s10,phase2/results/predictions/full/independent_rms/resnet/seed_43/bandpass_n20005_cV2_independent_rms_s10.npz,76392,c7c5dfffa44e990c96892df8b7ef48a366fccb69efc85aa79b5cf6949899aeb2
resnet,independent_rms,43,bandpass_n20005_cV2_independent_rms_s5,phase2/results/predictions/full/independent_rms/resnet/seed_43/bandpass_n20005_cV2_independent_rms_s5.npz,76236,eff6d7e9772dfd7f69060ed013373a0b0369b96c87c7f352c5d9c91fa6bc64a4
resnet,independent_rms,43,bandpass_n20005_cV2_independent_rms_s0,phase2/results/predictions/full/independent_rms/resnet/seed_43/bandpass_n20005_cV2_independent_rms_s0.npz,75918,7d75360240ac8445e5dde7c02fd04f49a94f3f01d2357be05d795172511c3fa0
resnet,independent_rms,43,bandpass_n20005_cV2_electrode_s20,phase2/results/predictions/full/independent_rms/resnet/seed_43/bandpass_n20005_cV2_electrode_s20.npz,76418,06663bd6ffa1764900c6ff5359a210f099c24aea9ca8379223e8e0bc8061c97c
resnet,independent_rms,43,bandpass_n20005_cV2_electrode_s15,phase2/results/predictions/full/independent_rms/resnet/seed_43/bandpass_n20005_cV2_electrode_s15.npz,76431,4bc78c2f6e22ba4fe02d35c692110dd51e2ff2ce97cc6b63cd94c0e71d19c9fa
resnet,independent_rms,43,bandpass_n20005_cV2_electrode_s10,phase2/results/predictions/full/independent_rms/resnet/seed_43/bandpass_n20005_cV2_electrode_s10.npz,76371,282c4fa6d991d8ab8dea8b9f1631dee887e9ce3ff23161def6ba2ec48288edfb
resnet,independent_rms,43,bandpass_n20005_cV2_electrode_s5,phase2/results/predictions/full/independent_rms/resnet/seed_43/bandpass_n20005_cV2_electrode_s5.npz,76205,153bb27cd95efa6de44f37ea78aabfdc1b7aa6b2c91481db3127eb03c4221387
resnet,independent_rms,43,bandpass_n20005_cV2_electrode_s0,phase2/results/predictions/full/independent_rms/resnet/seed_43/bandpass_n20005_cV2_electrode_s0.npz,75912,637dd02a845a48521ff0c4c36136e892d97e4a9d126763b2980bc484917ce00f
resnet,independent_rms,43,bandpass_n20005_cV2_covariance_s20,phase2/results/predictions/full/independent_rms/resnet/seed_43/bandpass_n20005_cV2_covariance_s20.npz,76429,ec8ad767b458fab76b803e7c154226c778c75718bd82d4591cd3cf1207ee9b6b
resnet,independent_rms,43,bandpass_n20005_cV2_covariance_s15,phase2/results/predictions/full/independent_rms/resnet/seed_43/bandpass_n20005_cV2_covariance_s15.npz,76426,8a8d81da7cdf840197f5c7929e4e2419b8b4dc35f7705ceac2026a5f88f41409
resnet,independent_rms,43,bandpass_n20005_cV2_covariance_s10,phase2/results/predictions/full/independent_rms/resnet/seed_43/bandpass_n20005_cV2_covariance_s10.npz,76361,b4c0d5fc5898582cba29d9e908fdbf708fd5fa7fe700ee93ade487f70ded3119
resnet,independent_rms,43,bandpass_n20005_cV2_covariance_s5,phase2/results/predictions/full/independent_rms/resnet/seed_43/bandpass_n20005_cV2_covariance_s5.npz,76235,e50f061bed0ddb1ecb7eaf0a8821d3cde29b4c00925fee75ef8382da2240bd97
resnet,independent_rms,43,bandpass_n20005_cV2_covariance_s0,phase2/results/predictions/full/independent_rms/resnet/seed_43/bandpass_n20005_cV2_covariance_s0.npz,75936,70463267a7d368e90eecf38ac4b4bac031a2164b8690a938a34135ae7c67adbb
resnet,independent_rms,43,bandpass_n20005_cV3_independent_rms_s20,phase2/results/predictions/full/independent_rms/resnet/seed_43/bandpass_n20005_cV3_independent_rms_s20.npz,76480,6561dc3ea5aee77a8d5774ea1a5248b1bd7c87172ddaf04c98a38d06e97d114f
resnet,independent_rms,43,bandpass_n20005_cV3_independent_rms_s15,phase2/results/predictions/full/independent_rms/resnet/seed_43/bandpass_n20005_cV3_independent_rms_s15.npz,76473,a3f38f171e7e4e57bf9a971d639eb07b4ef6621c48b40caa61db65f3c8ec1910
resnet,independent_rms,43,bandpass_n20005_cV3_independent_rms_s10,phase2/results/predictions/full/independent_rms/resnet/seed_43/bandpass_n20005_cV3_independent_rms_s10.npz,76424,4f7f902172bbe4b4d99c608a809d4a9f88d440b1555b08a0d8ba03d2cc588b03
resnet,independent_rms,43,bandpass_n20005_cV3_independent_rms_s5,phase2/results/predictions/full/independent_rms/resnet/seed_43/bandpass_n20005_cV3_independent_rms_s5.npz,76319,3063967e82cb394f33a20d9ca5cae2a7f2099ffb06ed90516ba9dd24587fc956
resnet,independent_rms,43,bandpass_n20005_cV3_independent_rms_s0,phase2/results/predictions/full/independent_rms/resnet/seed_43/bandpass_n20005_cV3_independent_rms_s0.npz,75988,c4876be8855f13df1f1b56b2fd82bb91195902ae120f3a455555105863b3533c
resnet,independent_rms,43,bandpass_n20005_cV3_electrode_s20,phase2/results/predictions/full/independent_rms/resnet/seed_43/bandpass_n20005_cV3_electrode_s20.npz,76412,90beb0b536bbfd601f70507fef097f2f376819e9924329a1ffd868793e91f26d
resnet,independent_rms,43,bandpass_n20005_cV3_electrode_s15,phase2/results/predictions/full/independent_rms/resnet/seed_43/bandpass_n20005_cV3_electrode_s15.npz,76433,c4337f4d745d9c7fb8970c5c048a44e416ef6116fc573fba509a2b2ea0db221d
resnet,independent_rms,43,bandpass_n20005_cV3_electrode_s10,phase2/results/predictions/full/independent_rms/resnet/seed_43/bandpass_n20005_cV3_electrode_s10.npz,76418,4741aca4fd346a3d89974ab0fa0ca0a633525f16d6cd6418847181118f03692d
resnet,independent_rms,43,bandpass_n20005_cV3_electrode_s5,phase2/results/predictions/full/independent_rms/resnet/seed_43/bandpass_n20005_cV3_electrode_s5.npz,76325,0b058ab319087fbacab804d3797fac685009c499b8144814114bdf72cc3bf0ae
resnet,independent_rms,43,bandpass_n20005_cV3_electrode_s0,phase2/results/predictions/full/independent_rms/resnet/seed_43/bandpass_n20005_cV3_electrode_s0.npz,76014,794cd65912597b491904f1bb1661d1deeb51b1d3490b11250fe1c7122cfc42e9
resnet,independent_rms,43,bandpass_n20005_cV3_covariance_s20,phase2/results/predictions/full/independent_rms/resnet/seed_43/bandpass_n20005_cV3_covariance_s20.npz,76439,0e0a99e0118c921e217ebf44200de1a4c938a3a38baab23b6f00f0de05406a07
resnet,independent_rms,43,bandpass_n20005_cV3_covariance_s15,phase2/results/predictions/full/independent_rms/resnet/seed_43/bandpass_n20005_cV3_covariance_s15.npz,76447,93a12594c96568612e5faa4bf263f4be9ebe10d43fbdefe857b5c42497932582
resnet,independent_rms,43,bandpass_n20005_cV3_covariance_s10,phase2/results/predictions/full/independent_rms/resnet/seed_43/bandpass_n20005_cV3_covariance_s10.npz,76423,5ab219a691dd0ebf07d258961de6a56159bb211bd0bbd52e6ddbab5df6952bb6
resnet,independent_rms,43,bandpass_n20005_cV3_covariance_s5,phase2/results/predictions/full/independent_rms/resnet/seed_43/bandpass_n20005_cV3_covariance_s5.npz,76308,e64f50220d10ad1163c6850d3674b6efb6d713827d3b4f65aabd14db857d4c83
resnet,independent_rms,43,bandpass_n20005_cV3_covariance_s0,phase2/results/predictions/full/independent_rms/resnet/seed_43/bandpass_n20005_cV3_covariance_s0.npz,75992,7f0b962b9eb7a7df0bd126697d62122515657733c09fd2a2ecda6cc684ced51c
resnet,independent_rms,43,bandpass_n20005_cV4_independent_rms_s20,phase2/results/predictions/full/independent_rms/resnet/seed_43/bandpass_n20005_cV4_independent_rms_s20.npz,76470,f922ed9e451ea7e3cc4278dd3faffb35279575f86241d825222dbd64fc7cb7c4
resnet,independent_rms,43,bandpass_n20005_cV4_independent_rms_s15,phase2/results/predictions/full/independent_rms/resnet/seed_43/bandpass_n20005_cV4_independent_rms_s15.npz,76424,d6ffbf5cfb5f7eaa383eb2d2bf20337584d72fd12989e7e709eaa9ff46b7f934
resnet,independent_rms,43,bandpass_n20005_cV4_independent_rms_s10,phase2/results/predictions/full/independent_rms/resnet/seed_43/bandpass_n20005_cV4_independent_rms_s10.npz,76381,801273a104399310ed2792dff63df385d36e358bbf1e4a7a52eb41c2e1ca02fa
resnet,independent_rms,43,bandpass_n20005_cV4_independent_rms_s5,phase2/results/predictions/full/independent_rms/resnet/seed_43/bandpass_n20005_cV4_independent_rms_s5.npz,76296,37a4d79bad6d943c38ba273fec6e349e363f71b2f6561bbbd45acb51e641727d
resnet,independent_rms,43,bandpass_n20005_cV4_independent_rms_s0,phase2/results/predictions/full/independent_rms/resnet/seed_43/bandpass_n20005_cV4_independent_rms_s0.npz,76016,deb7437b2a5b622a5e5e3dfe680ab24b193e20e8d1a51bfe47c091ca62cf4a07
resnet,independent_rms,43,bandpass_n20005_cV4_electrode_s20,phase2/results/predictions/full/independent_rms/resnet/seed_43/bandpass_n20005_cV4_electrode_s20.npz,76461,7bd2c8226a484a4dfaa7b24e537930befbdeb4dfea8e3bdaff81aea5db41d87f
resnet,independent_rms,43,bandpass_n20005_cV4_electrode_s15,phase2/results/predictions/full/independent_rms/resnet/seed_43/bandpass_n20005_cV4_electrode_s15.npz,76437,8d598695d50e735555d25e3f75b3e5b85187a2b6f1f48828683254776f6dd46f
resnet,independent_rms,43,bandpass_n20005_cV4_electrode_s10,phase2/results/predictions/full/independent_rms/resnet/seed_43/bandpass_n20005_cV4_electrode_s10.npz,76377,0b6d23063ea576724c3c1deb4a7e852ff4ef5f89f54d4a82ed207b238aaec8c7
resnet,independent_rms,43,bandpass_n20005_cV4_electrode_s5,phase2/results/predictions/full/independent_rms/resnet/seed_43/bandpass_n20005_cV4_electrode_s5.npz,76274,9f21f605ec3809fe68108b4c1be893d547f0b5d06ddd4695e0c9b24309c97761
resnet,independent_rms,43,bandpass_n20005_cV4_electrode_s0,phase2/results/predictions/full/independent_rms/resnet/seed_43/bandpass_n20005_cV4_electrode_s0.npz,75986,5c92392a3c3dcbf0bd5c9fde5658862028425e9e844244613853e526df7340a7
resnet,independent_rms,43,bandpass_n20005_cV4_covariance_s20,phase2/results/predictions/full/independent_rms/resnet/seed_43/bandpass_n20005_cV4_covariance_s20.npz,76421,7ca3ab79a4518deff099690b6e2df7d03642ea55dc7dd9de6176f40f5abac66d
resnet,independent_rms,43,bandpass_n20005_cV4_covariance_s15,phase2/results/predictions/full/independent_rms/resnet/seed_43/bandpass_n20005_cV4_covariance_s15.npz,76448,cf8c9caa4930557f5be41df16066008e4d6b55c564008e0b475993cb217c4461
resnet,independent_rms,43,bandpass_n20005_cV4_covariance_s10,phase2/results/predictions/full/independent_rms/resnet/seed_43/bandpass_n20005_cV4_covariance_s10.npz,76386,770c6792866b4240af58298b3b58455b9a3af39ff54d6f6771d1eb9e79184af9
resnet,independent_rms,43,bandpass_n20005_cV4_covariance_s5,phase2/results/predictions/full/independent_rms/resnet/seed_43/bandpass_n20005_cV4_covariance_s5.npz,76265,005b449c565655f4adb5db4a08dbb4ddec5bf3a80dfa8567c9997eb00541eb78
resnet,independent_rms,43,bandpass_n20005_cV4_covariance_s0,phase2/results/predictions/full/independent_rms/resnet/seed_43/bandpass_n20005_cV4_covariance_s0.npz,75989,404bb8f001af6718f2f3b8ebe61bdc72d777445ac22783762404022e9af37b2e
resnet,independent_rms,43,bandpass_n20005_cV5_independent_rms_s20,phase2/results/predictions/full/independent_rms/resnet/seed_43/bandpass_n20005_cV5_independent_rms_s20.npz,76443,fad3c8a90b52b19dd5878e1f9fc80e97abd09ddfbe6b54adf4c18128f0d4ae5a
resnet,independent_rms,43,bandpass_n20005_cV5_independent_rms_s15,phase2/results/predictions/full/independent_rms/resnet/seed_43/bandpass_n20005_cV5_independent_rms_s15.npz,76441,2f0d342f8a917b60a6830123a380e93806f6cefd143f8a34624558b762b6005a
resnet,independent_rms,43,bandpass_n20005_cV5_independent_rms_s10,phase2/results/predictions/full/independent_rms/resnet/seed_43/bandpass_n20005_cV5_independent_rms_s10.npz,76376,148e9ac005e507fa97635fe68b58fe3d1e055cbcc87302363a48082736369ae1
resnet,independent_rms,43,bandpass_n20005_cV5_independent_rms_s5,phase2/results/predictions/full/independent_rms/resnet/seed_43/bandpass_n20005_cV5_independent_rms_s5.npz,76237,fcf1aea26099ca264fa3ad4a04937816c90173a6e92e394051fb9d981b4fb889
resnet,independent_rms,43,bandpass_n20005_cV5_independent_rms_s0,phase2/results/predictions/full/independent_rms/resnet/seed_43/bandpass_n20005_cV5_independent_rms_s0.npz,75954,cf546d295821e0fb1c3b1619282c6245edfbdf984b19a17c77a95b6cdbb5fe7d
resnet,independent_rms,43,bandpass_n20005_cV5_electrode_s20,phase2/results/predictions/full/independent_rms/resnet/seed_43/bandpass_n20005_cV5_electrode_s20.npz,76406,d5d9bade42b6310f490a1e7bb1a504afbbdb2a887034ef2801d3b9ce7cded656
resnet,independent_rms,43,bandpass_n20005_cV5_electrode_s15,phase2/results/predictions/full/independent_rms/resnet/seed_43/bandpass_n20005_cV5_electrode_s15.npz,76421,8b212c1b6d90b8f64ace69986589093908e26f71a669d8204e1b647e44d2c111
resnet,independent_rms,43,bandpass_n20005_cV5_electrode_s10,phase2/results/predictions/full/independent_rms/resnet/seed_43/bandpass_n20005_cV5_electrode_s10.npz,76348,1e5169bed60dba15e059ef4271cdcf67416e6be8c5dcf8bcfef1489b3c06d154
resnet,independent_rms,43,bandpass_n20005_cV5_electrode_s5,phase2/results/predictions/full/independent_rms/resnet/seed_43/bandpass_n20005_cV5_electrode_s5.npz,76245,c0c177c3d36f10147fb604ca2e9fb39a94f52adc792dfe92c4cd5f488c39d525
resnet,independent_rms,43,bandpass_n20005_cV5_electrode_s0,phase2/results/predictions/full/independent_rms/resnet/seed_43/bandpass_n20005_cV5_electrode_s0.npz,75922,cb05ada293c36204f7ddc1d8e57daab514ff7a73860a5dceee2c21a8fa9a9777
resnet,independent_rms,43,bandpass_n20005_cV5_covariance_s20,phase2/results/predictions/full/independent_rms/resnet/seed_43/bandpass_n20005_cV5_covariance_s20.npz,76421,c6c68e3cd1b4078288f503311214075c0c081d7592e6cf8d683fe745b6cc73f7
resnet,independent_rms,43,bandpass_n20005_cV5_covariance_s15,phase2/results/predictions/full/independent_rms/resnet/seed_43/bandpass_n20005_cV5_covariance_s15.npz,76424,f92f70ee8b65fe535d86405337bd513f40d10b39c74566d819a9792bd56ee0e3
resnet,independent_rms,43,bandpass_n20005_cV5_covariance_s10,phase2/results/predictions/full/independent_rms/resnet/seed_43/bandpass_n20005_cV5_covariance_s10.npz,76348,3323845e67be176de60406e57013048681479d2e76de0fe8dcfd959ead7b44d3
resnet,independent_rms,43,bandpass_n20005_cV5_covariance_s5,phase2/results/predictions/full/independent_rms/resnet/seed_43/bandpass_n20005_cV5_covariance_s5.npz,76218,a71d137843f43dca279a214873cd7b0a4757ea8e26673e44434c7ded8615239c
resnet,independent_rms,43,bandpass_n20005_cV5_covariance_s0,phase2/results/predictions/full/independent_rms/resnet/seed_43/bandpass_n20005_cV5_covariance_s0.npz,75917,839cd9a16096ca7de9b02fb9dd3d9cdf80b2244ed2b3b6bddd192025756d326e
resnet,independent_rms,43,bandpass_n20005_cV6_independent_rms_s20,phase2/results/predictions/full/independent_rms/resnet/seed_43/bandpass_n20005_cV6_independent_rms_s20.npz,76458,63256a9ede367405fad7edf140a388be2d82209bbce02fd43fefc5d34133a532
resnet,independent_rms,43,bandpass_n20005_cV6_independent_rms_s15,phase2/results/predictions/full/independent_rms/resnet/seed_43/bandpass_n20005_cV6_independent_rms_s15.npz,76413,45137c96c32b70a3c27f348465a83080e85277eb1d8332ee8412c37b479d836d
resnet,independent_rms,43,bandpass_n20005_cV6_independent_rms_s10,phase2/results/predictions/full/independent_rms/resnet/seed_43/bandpass_n20005_cV6_independent_rms_s10.npz,76431,58bca2f97b280d9416c9ea9df0f7848106f1437981254833236eb4b6f958e53e
resnet,independent_rms,43,bandpass_n20005_cV6_independent_rms_s5,phase2/results/predictions/full/independent_rms/resnet/seed_43/bandpass_n20005_cV6_independent_rms_s5.npz,76297,01b8fe16712e8c92fbb56094d464cfffc063a5b8af6bf6272609ffa4071162da
resnet,independent_rms,43,bandpass_n20005_cV6_independent_rms_s0,phase2/results/predictions/full/independent_rms/resnet/seed_43/bandpass_n20005_cV6_independent_rms_s0.npz,75991,e4ee9c2fade0be4201ee08bf36e4321b0f77c9aecdb9ed2298ba72f3bf65cec1
resnet,independent_rms,43,bandpass_n20005_cV6_electrode_s20,phase2/results/predictions/full/independent_rms/resnet/seed_43/bandpass_n20005_cV6_electrode_s20.npz,76426,01771226b89dacce832fb279c49cbf67527631bfd6e655b15225d38ef99acd04
resnet,independent_rms,43,bandpass_n20005_cV6_electrode_s15,phase2/results/predictions/full/independent_rms/resnet/seed_43/bandpass_n20005_cV6_electrode_s15.npz,76438,12babf82fa0b8f69c4aee0e98abcc7f15041d714129d187cbf4bd6581f48f12b
resnet,independent_rms,43,bandpass_n20005_cV6_electrode_s10,phase2/results/predictions/full/independent_rms/resnet/seed_43/bandpass_n20005_cV6_electrode_s10.npz,76403,5843f6e124ab5583a6cce766e391c22b4c4b8438ccaf96afe2a439e00c9ee425
resnet,independent_rms,43,bandpass_n20005_cV6_electrode_s5,phase2/results/predictions/full/independent_rms/resnet/seed_43/bandpass_n20005_cV6_electrode_s5.npz,76283,e2ada4582530fab23c47d23dd0d2fa632fd2c193f05d62e0508b1e516ba9c0ef
resnet,independent_rms,43,bandpass_n20005_cV6_electrode_s0,phase2/results/predictions/full/independent_rms/resnet/seed_43/bandpass_n20005_cV6_electrode_s0.npz,75991,ee17ca3114d274f726c3df3a3ff64e1c2c5c457243086ad2ff959b54338e3dc6
resnet,independent_rms,43,bandpass_n20005_cV6_covariance_s20,phase2/results/predictions/full/independent_rms/resnet/seed_43/bandpass_n20005_cV6_covariance_s20.npz,76422,526bf1aebf65cc4432590fa183b47306260578ec7b853ec650e3cc0f275529af
resnet,independent_rms,43,bandpass_n20005_cV6_covariance_s15,phase2/results/predictions/full/independent_rms/resnet/seed_43/bandpass_n20005_cV6_covariance_s15.npz,76445,f0166311275c830eaaa82e05d7e2d48450aacfbd84fb343fb3ca201a5bb21486
resnet,independent_rms,43,bandpass_n20005_cV6_covariance_s10,phase2/results/predictions/full/independent_rms/resnet/seed_43/bandpass_n20005_cV6_covariance_s10.npz,76384,735fe2a57e8ad895cc044345fcfbacc63870ffc402c917b9db9de80330bf2fab
resnet,independent_rms,43,bandpass_n20005_cV6_covariance_s5,phase2/results/predictions/full/independent_rms/resnet/seed_43/bandpass_n20005_cV6_covariance_s5.npz,76276,6173b7e0b003e275e19f99fb9bcbedc7eec2ad58453580356ad1c7414c6bdab5
resnet,independent_rms,43,bandpass_n20005_cV6_covariance_s0,phase2/results/predictions/full/independent_rms/resnet/seed_43/bandpass_n20005_cV6_covariance_s0.npz,76028,6b767e5367b129d342a0527af2e9c090b058b7dbbe6df890d7d22a0ea4393b67
resnet,independent_rms,43,bandpass_n20005_cRA_LA_independent_rms_s20,phase2/results/predictions/full/independent_rms/resnet/seed_43/bandpass_n20005_cRA_LA_independent_rms_s20.npz,76449,edb8b8257ebcec3e82e2f43a89bba60b11af835084d35798c39402cd51bf02b7
resnet,independent_rms,43,bandpass_n20005_cRA_LA_independent_rms_s15,phase2/results/predictions/full/independent_rms/resnet/seed_43/bandpass_n20005_cRA_LA_independent_rms_s15.npz,76450,706b5f3ac8af1d0d709a510641f178b22e4817fcf04d7d0b5fd806b88c39b6d7
resnet,independent_rms,43,bandpass_n20005_cRA_LA_independent_rms_s10,phase2/results/predictions/full/independent_rms/resnet/seed_43/bandpass_n20005_cRA_LA_independent_rms_s10.npz,76397,4bf8be16ee8465afc28a85792ec7a1f7c946aaf354c10af9cbfe3364617eed3f
resnet,independent_rms,43,bandpass_n20005_cRA_LA_independent_rms_s5,phase2/results/predictions/full/independent_rms/resnet/seed_43/bandpass_n20005_cRA_LA_independent_rms_s5.npz,76240,4a7d2e307416a4a637134bacfb74e9a4b678f973528f55acc17511d62a6e1b74
resnet,independent_rms,43,bandpass_n20005_cRA_LA_independent_rms_s0,phase2/results/predictions/full/independent_rms/resnet/seed_43/bandpass_n20005_cRA_LA_independent_rms_s0.npz,75890,6232e9b5e6e78c90755a6a714974d76dbb908b272d20549f49d11564d5894f67
resnet,independent_rms,43,bandpass_n20005_cRA_LA_electrode_s20,phase2/results/predictions/full/independent_rms/resnet/seed_43/bandpass_n20005_cRA_LA_electrode_s20.npz,76466,103a80f1c6295faffcf20d297f903ef1aa897c5bb2cd547506283a78bcc3c12a
resnet,independent_rms,43,bandpass_n20005_cRA_LA_electrode_s15,phase2/results/predictions/full/independent_rms/resnet/seed_43/bandpass_n20005_cRA_LA_electrode_s15.npz,76397,3882845d2b6bd4c4abe42d43626a8a3069cb2d9a1c78dc0245475a7fe209fe32
resnet,independent_rms,43,bandpass_n20005_cRA_LA_electrode_s10,phase2/results/predictions/full/independent_rms/resnet/seed_43/bandpass_n20005_cRA_LA_electrode_s10.npz,76331,efa9aebbbeab96b48ee6f43c69ae53c38889e2414f14515936807bfb87e56557
resnet,independent_rms,43,bandpass_n20005_cRA_LA_electrode_s5,phase2/results/predictions/full/independent_rms/resnet/seed_43/bandpass_n20005_cRA_LA_electrode_s5.npz,76134,c184f5a02c183c50fcf89dd98b256a1da84d34626b9b972a841eacf403e69404
resnet,independent_rms,43,bandpass_n20005_cRA_LA_electrode_s0,phase2/results/predictions/full/independent_rms/resnet/seed_43/bandpass_n20005_cRA_LA_electrode_s0.npz,75615,56ffa213ee766f26cfc37854a0a295155c8f5a244c43a047407996227806a9ca
resnet,independent_rms,43,bandpass_n20005_cRA_LA_covariance_s20,phase2/results/predictions/full/independent_rms/resnet/seed_43/bandpass_n20005_cRA_LA_covariance_s20.npz,76434,92c911b45b77d0d38a8a6d8c5e95eb40c96a4ab2b08f46b5ca77a09e674c2ada
resnet,independent_rms,43,bandpass_n20005_cRA_LA_covariance_s15,phase2/results/predictions/full/independent_rms/resnet/seed_43/bandpass_n20005_cRA_LA_covariance_s15.npz,76444,08db5570a2d30498db4b113aafc5e7aec2e714d820c2bcb031e294860e64049f
resnet,independent_rms,43,bandpass_n20005_cRA_LA_covariance_s10,phase2/results/predictions/full/independent_rms/resnet/seed_43/bandpass_n20005_cRA_LA_covariance_s10.npz,76387,aee191354746f58da6bb25cc745571078cc97afb5a9c7a078bea5a97d2ee8c2d
resnet,independent_rms,43,bandpass_n20005_cRA_LA_covariance_s5,phase2/results/predictions/full/independent_rms/resnet/seed_43/bandpass_n20005_cRA_LA_covariance_s5.npz,76096,f01e942b9424464ab8ef458c88ebe54b7a2360a30dba695f58503308fdadfb73
resnet,independent_rms,43,bandpass_n20005_cRA_LA_covariance_s0,phase2/results/predictions/full/independent_rms/resnet/seed_43/bandpass_n20005_cRA_LA_covariance_s0.npz,75656,339057431e1ef6a3a1761810453cd0a5408939dbdaad676bd19e0748baacb374
resnet,independent_rms,43,bandpass_n20005_cLA_LL_independent_rms_s20,phase2/results/predictions/full/independent_rms/resnet/seed_43/bandpass_n20005_cLA_LL_independent_rms_s20.npz,76437,6aa948ee2466d224ee26b7abbd8d28acb96cb74b9e65e0cfc6233008c8cb43f3
resnet,independent_rms,43,bandpass_n20005_cLA_LL_independent_rms_s15,phase2/results/predictions/full/independent_rms/resnet/seed_43/bandpass_n20005_cLA_LL_independent_rms_s15.npz,76459,a074028d2151afe01015f880f67df568bcbdfc9842c83961236776437cbfea9b
resnet,independent_rms,43,bandpass_n20005_cLA_LL_independent_rms_s10,phase2/results/predictions/full/independent_rms/resnet/seed_43/bandpass_n20005_cLA_LL_independent_rms_s10.npz,76407,0541c0d2fd26ebacd497b8141e4168ddba52bd3600ddbf63cb783ec2054e1554
resnet,independent_rms,43,bandpass_n20005_cLA_LL_independent_rms_s5,phase2/results/predictions/full/independent_rms/resnet/seed_43/bandpass_n20005_cLA_LL_independent_rms_s5.npz,76266,e7b4991a6b766d2df1ac9f0ae93238a8aa2719944ee66db5544f4fe1703f9f6e
resnet,independent_rms,43,bandpass_n20005_cLA_LL_independent_rms_s0,phase2/results/predictions/full/independent_rms/resnet/seed_43/bandpass_n20005_cLA_LL_independent_rms_s0.npz,75813,c7a5aaa06360f085d29f4f45d767f8eb58ea7df4cca21a8f2ddaa28cc805c877
resnet,independent_rms,43,bandpass_n20005_cLA_LL_electrode_s20,phase2/results/predictions/full/independent_rms/resnet/seed_43/bandpass_n20005_cLA_LL_electrode_s20.npz,76448,b8d63730e272b4a7f7fc5d355588e328b733daa78feeb18dab05ad4f3020e2ed
resnet,independent_rms,43,bandpass_n20005_cLA_LL_electrode_s15,phase2/results/predictions/full/independent_rms/resnet/seed_43/bandpass_n20005_cLA_LL_electrode_s15.npz,76391,4f0e563cd915fb42a05f308373b8f87e5c2a3a41958945d541a0a724cb5a4110
resnet,independent_rms,43,bandpass_n20005_cLA_LL_electrode_s10,phase2/results/predictions/full/independent_rms/resnet/seed_43/bandpass_n20005_cLA_LL_electrode_s10.npz,76319,1e20dadc6ae51ceb5aed1e90f222fbc09f7ab27d1c999bff5942677a92ef8548
resnet,independent_rms,43,bandpass_n20005_cLA_LL_electrode_s5,phase2/results/predictions/full/independent_rms/resnet/seed_43/bandpass_n20005_cLA_LL_electrode_s5.npz,76044,8aa37f605925824cf6482a21db95462dd8b71621380a8a8da56e6f60c30ba564
resnet,independent_rms,43,bandpass_n20005_cLA_LL_electrode_s0,phase2/results/predictions/full/independent_rms/resnet/seed_43/bandpass_n20005_cLA_LL_electrode_s0.npz,75657,853d61decd0cb5a2e00ba11f7081ea70c65c49dda4f76a04561a334d16083f03
resnet,independent_rms,43,bandpass_n20005_cLA_LL_covariance_s20,phase2/results/predictions/full/independent_rms/resnet/seed_43/bandpass_n20005_cLA_LL_covariance_s20.npz,76417,27131a61b2a456bcf11778f884d4273942c8690b21001b87d60caf70aeed3f07
resnet,independent_rms,43,bandpass_n20005_cLA_LL_covariance_s15,phase2/results/predictions/full/independent_rms/resnet/seed_43/bandpass_n20005_cLA_LL_covariance_s15.npz,76434,9b783faaef50e1822bbd19f69747c055523495d2ca94deb1c45b1ab87f5f5fb5
resnet,independent_rms,43,bandpass_n20005_cLA_LL_covariance_s10,phase2/results/predictions/full/independent_rms/resnet/seed_43/bandpass_n20005_cLA_LL_covariance_s10.npz,76297,d60c5b6fa036fe6631fb0a93d63701690c5149e0b740357e2095c11b9b30f777
resnet,independent_rms,43,bandpass_n20005_cLA_LL_covariance_s5,phase2/results/predictions/full/independent_rms/resnet/seed_43/bandpass_n20005_cLA_LL_covariance_s5.npz,76052,6d94253fe3636dd59309e5974ea3a03e0981c42c8f4257f0aaa2bb6f6940806f
resnet,independent_rms,43,bandpass_n20005_cLA_LL_covariance_s0,phase2/results/predictions/full/independent_rms/resnet/seed_43/bandpass_n20005_cLA_LL_covariance_s0.npz,75644,8a4f6867b3e3206ddf7221b0a503966c7000e9d1b2f9dbb7a3c601c9f83d7933
resnet,independent_rms,43,bandpass_n20005_cRA_LL_independent_rms_s20,phase2/results/predictions/full/independent_rms/resnet/seed_43/bandpass_n20005_cRA_LL_independent_rms_s20.npz,76448,a9b1f35aee5927dba13ee505826a0cfd60c17ed98482e1ab68d95d2c52ab29b8
resnet,independent_rms,43,bandpass_n20005_cRA_LL_independent_rms_s15,phase2/results/predictions/full/independent_rms/resnet/seed_43/bandpass_n20005_cRA_LL_independent_rms_s15.npz,76431,83ec10e99575c198bd2ed763ceb3e052bc889cd0e0a804506691612bd15aeead
resnet,independent_rms,43,bandpass_n20005_cRA_LL_independent_rms_s10,phase2/results/predictions/full/independent_rms/resnet/seed_43/bandpass_n20005_cRA_LL_independent_rms_s10.npz,76410,ef0702183f0b9dbee3084679caaf2bbbf66e712b6f434ed13c53a5e87de9341b
resnet,independent_rms,43,bandpass_n20005_cRA_LL_independent_rms_s5,phase2/results/predictions/full/independent_rms/resnet/seed_43/bandpass_n20005_cRA_LL_independent_rms_s5.npz,76244,a42587e088dc35c1468287dd094285a8686f023c84e140ae95e5154068547d89
resnet,independent_rms,43,bandpass_n20005_cRA_LL_independent_rms_s0,phase2/results/predictions/full/independent_rms/resnet/seed_43/bandpass_n20005_cRA_LL_independent_rms_s0.npz,75852,8298ac857ea25119a39a4550f9ee0b6d1adb0b8ec7a564ad9e5c0e8b944d49aa
resnet,independent_rms,43,bandpass_n20005_cRA_LL_electrode_s20,phase2/results/predictions/full/independent_rms/resnet/seed_43/bandpass_n20005_cRA_LL_electrode_s20.npz,76441,3fbc986267dbd36e44e9f7d7b18b6a92d217f29ca4294f67bdc8209f5b67a35d
resnet,independent_rms,43,bandpass_n20005_cRA_LL_electrode_s15,phase2/results/predictions/full/independent_rms/resnet/seed_43/bandpass_n20005_cRA_LL_electrode_s15.npz,76377,dfb45ff46bdb4ac12028568e82f8f1639d3142b25ce388da7e67cf80e9ac9f5a
resnet,independent_rms,43,bandpass_n20005_cRA_LL_electrode_s10,phase2/results/predictions/full/independent_rms/resnet/seed_43/bandpass_n20005_cRA_LL_electrode_s10.npz,76294,17d0df4142fc26f2c8c7a132f8f0b4ff85fcb9014980b276a9fdb17f2c0f638e
resnet,independent_rms,43,bandpass_n20005_cRA_LL_electrode_s5,phase2/results/predictions/full/independent_rms/resnet/seed_43/bandpass_n20005_cRA_LL_electrode_s5.npz,76016,e2a842b160c1faef94c8c8560fbd3d02088a0e0e18b759d4d65a6143bbeb69fa
resnet,independent_rms,43,bandpass_n20005_cRA_LL_electrode_s0,phase2/results/predictions/full/independent_rms/resnet/seed_43/bandpass_n20005_cRA_LL_electrode_s0.npz,75520,b9e7936417238b7642ec90124c6e4958b958f5dd72d9b366659965eb7d36147f
resnet,independent_rms,43,bandpass_n20005_cRA_LL_covariance_s20,phase2/results/predictions/full/independent_rms/resnet/seed_43/bandpass_n20005_cRA_LL_covariance_s20.npz,76462,096e5eccf26686dd6e5de6b54f9483042a72ea03dfd8887003391a5db0f5e981
resnet,independent_rms,43,bandpass_n20005_cRA_LL_covariance_s15,phase2/results/predictions/full/independent_rms/resnet/seed_43/bandpass_n20005_cRA_LL_covariance_s15.npz,76384,c7e405b4204d509db6fb1d17e11977ad8be24e73cddc5055d752a47a3deed5f3
resnet,independent_rms,43,bandpass_n20005_cRA_LL_covariance_s10,phase2/results/predictions/full/independent_rms/resnet/seed_43/bandpass_n20005_cRA_LL_covariance_s10.npz,76309,32fd2817047ea4b9cf353d39e65800a0dc3fc92b185b7aec187621a09aafd603
resnet,independent_rms,43,bandpass_n20005_cRA_LL_covariance_s5,phase2/results/predictions/full/independent_rms/resnet/seed_43/bandpass_n20005_cRA_LL_covariance_s5.npz,76053,c6f4ee9a9acad7c050b407f7be43f38248fd9c68e21b019038c5d73fdf961f06
resnet,independent_rms,43,bandpass_n20005_cRA_LL_covariance_s0,phase2/results/predictions/full/independent_rms/resnet/seed_43/bandpass_n20005_cRA_LL_covariance_s0.npz,75541,603a0e70cec73bc5dfe52e0e8e8526ff53b64695c6df76348cd7c59ba665b7aa
resnet,independent_rms,43,bandpass_n20005_cRA_independent_rms_s20,phase2/results/predictions/full/independent_rms/resnet/seed_43/bandpass_n20005_cRA_independent_rms_s20.npz,76441,547e0d5e78eb7e910dbe5b24ec0480437dd2007e165be8b6c53edcfb19ecfe92
resnet,independent_rms,43,bandpass_n20005_cRA_independent_rms_s15,phase2/results/predictions/full/independent_rms/resnet/seed_43/bandpass_n20005_cRA_independent_rms_s15.npz,76466,f10eaf17343e2769a40e244bc82e3e3b290ac4f4806d5a8317fe9a047ae247ad
resnet,independent_rms,43,bandpass_n20005_cRA_independent_rms_s10,phase2/results/predictions/full/independent_rms/resnet/seed_43/bandpass_n20005_cRA_independent_rms_s10.npz,76408,6d215d884580a20988d623da287cb29e2c61c8fa313c27954eb7141e61a7395b
resnet,independent_rms,43,bandpass_n20005_cRA_independent_rms_s5,phase2/results/predictions/full/independent_rms/resnet/seed_43/bandpass_n20005_cRA_independent_rms_s5.npz,76213,0e12f5c1c938526b26de11c51d4a1020ac7c995fa1599f1d55fe583f45b0c77a
resnet,independent_rms,43,bandpass_n20005_cRA_independent_rms_s0,phase2/results/predictions/full/independent_rms/resnet/seed_43/bandpass_n20005_cRA_independent_rms_s0.npz,75911,393747021224bdbe0173efbc62c95f1aba94fe5feddcf9028bce3a2677a7dc8d
resnet,independent_rms,43,bandpass_n20005_cRA_electrode_s20,phase2/results/predictions/full/independent_rms/resnet/seed_43/bandpass_n20005_cRA_electrode_s20.npz,76438,3ff250484db57cf0547452c1c5f9020b6c7f5ed0552d98cc51e45197d61af2ac
resnet,independent_rms,43,bandpass_n20005_cRA_electrode_s15,phase2/results/predictions/full/independent_rms/resnet/seed_43/bandpass_n20005_cRA_electrode_s15.npz,76410,cb5ec7e1ef449825e190055f19c090361763937f50b7ea83eba4a45f976f1879
resnet,independent_rms,43,bandpass_n20005_cRA_electrode_s10,phase2/results/predictions/full/independent_rms/resnet/seed_43/bandpass_n20005_cRA_electrode_s10.npz,76306,040903d28147092a8e0627cfa96723a617c98d3ba92ae20cdd8d39c42a9abe9b
resnet,independent_rms,43,bandpass_n20005_cRA_electrode_s5,phase2/results/predictions/full/independent_rms/resnet/seed_43/bandpass_n20005_cRA_electrode_s5.npz,76114,5f92c05d58c221b94d543189061cf0298a909171163d0aa37f33ba9c670d5a9c
resnet,independent_rms,43,bandpass_n20005_cRA_electrode_s0,phase2/results/predictions/full/independent_rms/resnet/seed_43/bandpass_n20005_cRA_electrode_s0.npz,75652,3c2f29c7625512242ad31c3e0d46ee326903ed912358fcf3352f7d267dbd460b
resnet,independent_rms,43,bandpass_n20005_cRA_covariance_s20,phase2/results/predictions/full/independent_rms/resnet/seed_43/bandpass_n20005_cRA_covariance_s20.npz,76445,9beaead9efcbb2c9e8d3d2d889123a4a880682dd10047a273af888b95cd673c2
resnet,independent_rms,43,bandpass_n20005_cRA_covariance_s15,phase2/results/predictions/full/independent_rms/resnet/seed_43/bandpass_n20005_cRA_covariance_s15.npz,76406,5bb009e878edf0241d8b4c500f342ab6a8a5422a53b22673c338754e1c9c4be9
resnet,independent_rms,43,bandpass_n20005_cRA_covariance_s10,phase2/results/predictions/full/independent_rms/resnet/seed_43/bandpass_n20005_cRA_covariance_s10.npz,76339,d577bf4abd437be031d23d997f5b51d1cd926c281446c2b6da64d3465cb4b717
resnet,independent_rms,43,bandpass_n20005_cRA_covariance_s5,phase2/results/predictions/full/independent_rms/resnet/seed_43/bandpass_n20005_cRA_covariance_s5.npz,76094,031cce3e8297246cc0180e08b446810a9a9ea41d39f66ec66cd7b51217674d22
resnet,independent_rms,43,bandpass_n20005_cRA_covariance_s0,phase2/results/predictions/full/independent_rms/resnet/seed_43/bandpass_n20005_cRA_covariance_s0.npz,75700,e24ddd493610cc81e10c437f9646f1488d63eae746c4540a3caca6533f561d1b
resnet,independent_rms,43,bandpass_n20005_cLA_independent_rms_s20,phase2/results/predictions/full/independent_rms/resnet/seed_43/bandpass_n20005_cLA_independent_rms_s20.npz,76466,2a1d3adcb707204814a8f9396f43d30899dcfacb5d1e1a680f7c058a26b79fd5
resnet,independent_rms,43,bandpass_n20005_cLA_independent_rms_s15,phase2/results/predictions/full/independent_rms/resnet/seed_43/bandpass_n20005_cLA_independent_rms_s15.npz,76439,c75fbc9ed3af033eeb2d8b2a9d313b154560996376de93017656564c2f00edb6
resnet,independent_rms,43,bandpass_n20005_cLA_independent_rms_s10,phase2/results/predictions/full/independent_rms/resnet/seed_43/bandpass_n20005_cLA_independent_rms_s10.npz,76391,288c5b24ff13580bdc7417ef821522bc401fa0a47a5d5abe5c741a548063c154
resnet,independent_rms,43,bandpass_n20005_cLA_independent_rms_s5,phase2/results/predictions/full/independent_rms/resnet/seed_43/bandpass_n20005_cLA_independent_rms_s5.npz,76209,c9e559313cda8ff33c8855e21ff92073d4fceb12473309013a97d833b87a2bfe
resnet,independent_rms,43,bandpass_n20005_cLA_independent_rms_s0,phase2/results/predictions/full/independent_rms/resnet/seed_43/bandpass_n20005_cLA_independent_rms_s0.npz,75850,7d18269a00994bfb18b2b61513fc24fdc3bdf33daec8f20baa42e3d5c87e4f15
resnet,independent_rms,43,bandpass_n20005_cLA_electrode_s20,phase2/results/predictions/full/independent_rms/resnet/seed_43/bandpass_n20005_cLA_electrode_s20.npz,76444,19bbb5529347aba209969c1c035273e06d02f3f05fe22a0c92ea67ceeb74fd9d
resnet,independent_rms,43,bandpass_n20005_cLA_electrode_s15,phase2/results/predictions/full/independent_rms/resnet/seed_43/bandpass_n20005_cLA_electrode_s15.npz,76441,bc5edbf885e17e87e54675e8636d31e3c933c47a5256bcd65069548065a7e27b
resnet,independent_rms,43,bandpass_n20005_cLA_electrode_s10,phase2/results/predictions/full/independent_rms/resnet/seed_43/bandpass_n20005_cLA_electrode_s10.npz,76355,3d2df26e092dec8c511e81e7e47e46c03659fe3e7b2141ac200cf4622943e72c
resnet,independent_rms,43,bandpass_n20005_cLA_electrode_s5,phase2/results/predictions/full/independent_rms/resnet/seed_43/bandpass_n20005_cLA_electrode_s5.npz,76127,d8aa951b56730af0681ecf779345c8e2e8d14547f3393f4dd51641994f099c7a
resnet,independent_rms,43,bandpass_n20005_cLA_electrode_s0,phase2/results/predictions/full/independent_rms/resnet/seed_43/bandpass_n20005_cLA_electrode_s0.npz,75630,174ead3c00dc0dfecafe1cdcc82401667e30afcb133f662b1eff9114745014ad
resnet,independent_rms,43,bandpass_n20005_cLA_covariance_s20,phase2/results/predictions/full/independent_rms/resnet/seed_43/bandpass_n20005_cLA_covariance_s20.npz,76438,93e7360ffe21bf7c0a1b9fa338247eb4e31d19a69806e74b40d18b502ea03180
resnet,independent_rms,43,bandpass_n20005_cLA_covariance_s15,phase2/results/predictions/full/independent_rms/resnet/seed_43/bandpass_n20005_cLA_covariance_s15.npz,76434,4cf183c52eb458b9f4bc317410f961e0e5978a79ad2db398b9694d895c35b6b7
resnet,independent_rms,43,bandpass_n20005_cLA_covariance_s10,phase2/results/predictions/full/independent_rms/resnet/seed_43/bandpass_n20005_cLA_covariance_s10.npz,76376,47bf14f4715c7ea931ff466b91486d3777c329b5410681cc7d08faf15c45a1d2
resnet,independent_rms,43,bandpass_n20005_cLA_covariance_s5,phase2/results/predictions/full/independent_rms/resnet/seed_43/bandpass_n20005_cLA_covariance_s5.npz,76091,dd314bc0911b8a8eb20bca37fe90edfb8038f9ca22f4ce5540c61b2ac01a2304
resnet,independent_rms,43,bandpass_n20005_cLA_covariance_s0,phase2/results/predictions/full/independent_rms/resnet/seed_43/bandpass_n20005_cLA_covariance_s0.npz,75629,7bd0f76da57e347d48f7f2193054091935f8fa24bbab1233e8ec0c2205d4c068
resnet,independent_rms,43,bandpass_n20005_cLL_independent_rms_s20,phase2/results/predictions/full/independent_rms/resnet/seed_43/bandpass_n20005_cLL_independent_rms_s20.npz,76427,73b4fc226e98921c0a5486f7b15f9ab536d5580ac22e5c7d76b510609c2617eb
resnet,independent_rms,43,bandpass_n20005_cLL_independent_rms_s15,phase2/results/predictions/full/independent_rms/resnet/seed_43/bandpass_n20005_cLL_independent_rms_s15.npz,76456,5de3dc0c48e8c384706a0c6c0a7b09eb89ad8eff552634d910727b88ab9ec2ca
resnet,independent_rms,43,bandpass_n20005_cLL_independent_rms_s10,phase2/results/predictions/full/independent_rms/resnet/seed_43/bandpass_n20005_cLL_independent_rms_s10.npz,76364,493d20829e25372a97e5997f14ecd5111c40709af71dd30cc0cde46efb21fc64
resnet,independent_rms,43,bandpass_n20005_cLL_independent_rms_s5,phase2/results/predictions/full/independent_rms/resnet/seed_43/bandpass_n20005_cLL_independent_rms_s5.npz,76198,d7ef14017052fd369d978149054fa7bc089ae2e5fe1350fc61865c4d5649e90d
resnet,independent_rms,43,bandpass_n20005_cLL_independent_rms_s0,phase2/results/predictions/full/independent_rms/resnet/seed_43/bandpass_n20005_cLL_independent_rms_s0.npz,75823,c0b471e915a3215159ba8ed9af7414a3544a9f82a949605cc85f6b5ee1351af3
resnet,independent_rms,43,bandpass_n20005_cLL_electrode_s20,phase2/results/predictions/full/independent_rms/resnet/seed_43/bandpass_n20005_cLL_electrode_s20.npz,76437,5dcb8dcf425c0a447d9c3b5ac757d7d644a18447536fb14428ca2e1e852d26a9
resnet,independent_rms,43,bandpass_n20005_cLL_electrode_s15,phase2/results/predictions/full/independent_rms/resnet/seed_43/bandpass_n20005_cLL_electrode_s15.npz,76364,3bd638140cf2409ae8c2d9605a75d4a978ef266a4594f76ac00f5ff3fba814d3
resnet,independent_rms,43,bandpass_n20005_cLL_electrode_s10,phase2/results/predictions/full/independent_rms/resnet/seed_43/bandpass_n20005_cLL_electrode_s10.npz,76250,548917445decdd7ecd8999212f3c47ebec30f2c73cbb1b42fb8ca734bdbc80eb
resnet,independent_rms,43,bandpass_n20005_cLL_electrode_s5,phase2/results/predictions/full/independent_rms/resnet/seed_43/bandpass_n20005_cLL_electrode_s5.npz,76016,ab37ec69f72f5cfd0d85c859a41bd2bfd52c52a1bcbe974e218d17d0a0a8c917
resnet,independent_rms,43,bandpass_n20005_cLL_electrode_s0,phase2/results/predictions/full/independent_rms/resnet/seed_43/bandpass_n20005_cLL_electrode_s0.npz,75688,41aa6b88a813f3859e9e2add74d4e893a9ae8ea22c76e4c38c6f566060523557
resnet,independent_rms,43,bandpass_n20005_cLL_covariance_s20,phase2/results/predictions/full/independent_rms/resnet/seed_43/bandpass_n20005_cLL_covariance_s20.npz,76444,6485642a53bf41400663b51a057f9f11cfdf2ea5a6cf27910e94504410ca535b
resnet,independent_rms,43,bandpass_n20005_cLL_covariance_s15,phase2/results/predictions/full/independent_rms/resnet/seed_43/bandpass_n20005_cLL_covariance_s15.npz,76406,6bef47688ead60c834f32522ad1c35bcaafce3d1e9cc51fe8dc7035192bd10f2
resnet,independent_rms,43,bandpass_n20005_cLL_covariance_s10,phase2/results/predictions/full/independent_rms/resnet/seed_43/bandpass_n20005_cLL_covariance_s10.npz,76299,ad79b45683dc582b55cf343ce140f19ebfe2d580fb0c9e0a3fad31cfb26b8a60
resnet,independent_rms,43,bandpass_n20005_cLL_covariance_s5,phase2/results/predictions/full/independent_rms/resnet/seed_43/bandpass_n20005_cLL_covariance_s5.npz,76084,5360c37d743617a0341d1df2fc10cd12ba221f1a117100ae3d90ef50610c0819
resnet,independent_rms,43,bandpass_n20005_cLL_covariance_s0,phase2/results/predictions/full/independent_rms/resnet/seed_43/bandpass_n20005_cLL_covariance_s0.npz,75704,add9ab551cb2361cac73cf7853856a58381bacc8a4916486e0bbf66bec2a8781
resnet,independent_rms,43,bandpass_n20005_cRA_V1_independent_rms_s20,phase2/results/predictions/full/independent_rms/resnet/seed_43/bandpass_n20005_cRA_V1_independent_rms_s20.npz,76461,ed44b821188f93ed55da826c772568047f5784cdacd84619209f44bae63ffa4b
resnet,independent_rms,43,bandpass_n20005_cRA_V1_independent_rms_s15,phase2/results/predictions/full/independent_rms/resnet/seed_43/bandpass_n20005_cRA_V1_independent_rms_s15.npz,76457,989c541d857c2e666345d457286e7eebb057ba197f0abd7561af51568bed9ef6
resnet,independent_rms,43,bandpass_n20005_cRA_V1_independent_rms_s10,phase2/results/predictions/full/independent_rms/resnet/seed_43/bandpass_n20005_cRA_V1_independent_rms_s10.npz,76382,5b561a7d18fd7bbb47bf9da4655e2b9b5270304190b3aac00354cf7b00978d5f
resnet,independent_rms,43,bandpass_n20005_cRA_V1_independent_rms_s5,phase2/results/predictions/full/independent_rms/resnet/seed_43/bandpass_n20005_cRA_V1_independent_rms_s5.npz,76275,0e32589b25c73014a0d339eb10f618b909bafa665d47434ef73778025f0a3d94
resnet,independent_rms,43,bandpass_n20005_cRA_V1_independent_rms_s0,phase2/results/predictions/full/independent_rms/resnet/seed_43/bandpass_n20005_cRA_V1_independent_rms_s0.npz,75872,8b3998c9df977fd0bfbc9389f33fcd49a23fe29758c53d63ba04478302b483b8
resnet,independent_rms,43,bandpass_n20005_cRA_V1_electrode_s20,phase2/results/predictions/full/independent_rms/resnet/seed_43/bandpass_n20005_cRA_V1_electrode_s20.npz,76428,8fa82e63dd232c30d4f89273467bf1edc206cb9f1c165b207a88c9eef0cbef69
resnet,independent_rms,43,bandpass_n20005_cRA_V1_electrode_s15,phase2/results/predictions/full/independent_rms/resnet/seed_43/bandpass_n20005_cRA_V1_electrode_s15.npz,76445,284199fdd8c91b086e16bda1c5aea25ab2019fe25cbefa979cc18d6edd9fff35
resnet,independent_rms,43,bandpass_n20005_cRA_V1_electrode_s10,phase2/results/predictions/full/independent_rms/resnet/seed_43/bandpass_n20005_cRA_V1_electrode_s10.npz,76361,06626288070917971e7cf4b49c24d8f78027a3352396dd9771ff4b26b8046e6b
resnet,independent_rms,43,bandpass_n20005_cRA_V1_electrode_s5,phase2/results/predictions/full/independent_rms/resnet/seed_43/bandpass_n20005_cRA_V1_electrode_s5.npz,76091,ec1fe2017bfd7778c4ec13470574f74287804996abfdf94b0a5bde8db6f7a5ec
resnet,independent_rms,43,bandpass_n20005_cRA_V1_electrode_s0,phase2/results/predictions/full/independent_rms/resnet/seed_43/bandpass_n20005_cRA_V1_electrode_s0.npz,75668,e62a70298c150e553e66490d2c60ef670ba58bd9237ad1bdaae44d7f9684a9a0
resnet,independent_rms,43,bandpass_n20005_cRA_V1_covariance_s20,phase2/results/predictions/full/independent_rms/resnet/seed_43/bandpass_n20005_cRA_V1_covariance_s20.npz,76470,6d6ee35572de68a8b8d2060e46b03f5ef41acb3524cd646b2f9b1cb8af04d6d6
resnet,independent_rms,43,bandpass_n20005_cRA_V1_covariance_s15,phase2/results/predictions/full/independent_rms/resnet/seed_43/bandpass_n20005_cRA_V1_covariance_s15.npz,76409,534b242c36bba683eb9b9ec96ffaa495a13fa295358407157a5b3657279f5275
resnet,independent_rms,43,bandpass_n20005_cRA_V1_covariance_s10,phase2/results/predictions/full/independent_rms/resnet/seed_43/bandpass_n20005_cRA_V1_covariance_s10.npz,76356,3712c8206815ae8946c9701f0a00e90891cd811565d2de606e3cf21d1a22f469
resnet,independent_rms,43,bandpass_n20005_cRA_V1_covariance_s5,phase2/results/predictions/full/independent_rms/resnet/seed_43/bandpass_n20005_cRA_V1_covariance_s5.npz,76173,b229ee075d8c720dbdcc5205fd33d884d1d9ebe24e54417722e094a0be98225a
resnet,independent_rms,43,bandpass_n20005_cRA_V1_covariance_s0,phase2/results/predictions/full/independent_rms/resnet/seed_43/bandpass_n20005_cRA_V1_covariance_s0.npz,75730,d51074c4fe25283c6224927d2f855efc05b80447c0a765eb9822f164a1b63009
resnet,independent_rms,43,bandpass_n20005_cLA_V6_independent_rms_s20,phase2/results/predictions/full/independent_rms/resnet/seed_43/bandpass_n20005_cLA_V6_independent_rms_s20.npz,76488,5c48d6f113523cb279536b998d23c41a2819fcf55f65d57f37085649832c0675
resnet,independent_rms,43,bandpass_n20005_cLA_V6_independent_rms_s15,phase2/results/predictions/full/independent_rms/resnet/seed_43/bandpass_n20005_cLA_V6_independent_rms_s15.npz,76497,fd2f1644962e6476395c368e3926a5d01a95014f8d8a1834f095f0034ee11051
resnet,independent_rms,43,bandpass_n20005_cLA_V6_independent_rms_s10,phase2/results/predictions/full/independent_rms/resnet/seed_43/bandpass_n20005_cLA_V6_independent_rms_s10.npz,76439,42e58591ec3207759a7bd13db3149ed12babbc797867a5264870318bf5b8228a
resnet,independent_rms,43,bandpass_n20005_cLA_V6_independent_rms_s5,phase2/results/predictions/full/independent_rms/resnet/seed_43/bandpass_n20005_cLA_V6_independent_rms_s5.npz,76271,f912e333feb1221d1e2c0f8109d0cf0c518421b7ef983023989dfb039f4c36c7
resnet,independent_rms,43,bandpass_n20005_cLA_V6_independent_rms_s0,phase2/results/predictions/full/independent_rms/resnet/seed_43/bandpass_n20005_cLA_V6_independent_rms_s0.npz,75911,31778ca7e1fdeda0456d5774a3ace1e3e496873c82aefbafc250378467b02c55
resnet,independent_rms,43,bandpass_n20005_cLA_V6_electrode_s20,phase2/results/predictions/full/independent_rms/resnet/seed_43/bandpass_n20005_cLA_V6_electrode_s20.npz,76432,c15baea7e65642a0ff0ce31c307c667bd6e28ad6ca4d1b9d9c7d9403d30f4a4a
resnet,independent_rms,43,bandpass_n20005_cLA_V6_electrode_s15,phase2/results/predictions/full/independent_rms/resnet/seed_43/bandpass_n20005_cLA_V6_electrode_s15.npz,76468,93d83fa2ef28138ad8835b4c05123efe5acbb80e8b74691e945a390fb96f942c
resnet,independent_rms,43,bandpass_n20005_cLA_V6_electrode_s10,phase2/results/predictions/full/independent_rms/resnet/seed_43/bandpass_n20005_cLA_V6_electrode_s10.npz,76399,44006c0748f7c1c856477eaa1cc693bca37dcd0a1fb9fe04513ab61b493a0986
resnet,independent_rms,43,bandpass_n20005_cLA_V6_electrode_s5,phase2/results/predictions/full/independent_rms/resnet/seed_43/bandpass_n20005_cLA_V6_electrode_s5.npz,76198,bb5a564c581c0565b698079415202a0eb21ad51a54ce2c1ce0aafaec6233dd1e
resnet,independent_rms,43,bandpass_n20005_cLA_V6_electrode_s0,phase2/results/predictions/full/independent_rms/resnet/seed_43/bandpass_n20005_cLA_V6_electrode_s0.npz,75694,b43719b27928f7277c3b4cb2d0ea274ed61162a990e4d8d393bfbe9d07ccb8b3
resnet,independent_rms,43,bandpass_n20005_cLA_V6_covariance_s20,phase2/results/predictions/full/independent_rms/resnet/seed_43/bandpass_n20005_cLA_V6_covariance_s20.npz,76456,81931408647df498863ab3f96602494a0fa384ad8e238ffbc498734e67594666
resnet,independent_rms,43,bandpass_n20005_cLA_V6_covariance_s15,phase2/results/predictions/full/independent_rms/resnet/seed_43/bandpass_n20005_cLA_V6_covariance_s15.npz,76450,a6aa6efa86ee83a67c572040d82cfabf74689f99040b9e008d985a113a75010b
resnet,independent_rms,43,bandpass_n20005_cLA_V6_covariance_s10,phase2/results/predictions/full/independent_rms/resnet/seed_43/bandpass_n20005_cLA_V6_covariance_s10.npz,76359,af2e2dea6641d48d0f1c79816d8ee33af29577d2134978dc289872d804d98b14
resnet,independent_rms,43,bandpass_n20005_cLA_V6_covariance_s5,phase2/results/predictions/full/independent_rms/resnet/seed_43/bandpass_n20005_cLA_V6_covariance_s5.npz,76159,763220cb26b2d3e5a55759df049d760afa5c3fd14e9f005af502b3e27f7e5016
resnet,independent_rms,43,bandpass_n20005_cLA_V6_covariance_s0,phase2/results/predictions/full/independent_rms/resnet/seed_43/bandpass_n20005_cLA_V6_covariance_s0.npz,75716,bfd42d9d6fdb5c27bc48cea87179371bc994b2693cc1de01b0fb1670a4acffa1
resnet,independent_rms,43,bandpass_n20005_cLL_V4_independent_rms_s20,phase2/results/predictions/full/independent_rms/resnet/seed_43/bandpass_n20005_cLL_V4_independent_rms_s20.npz,76483,1659ddaeebb85876efd506a043b3e9121bcc2ac56979f90fff5597edd0bcc07c
resnet,independent_rms,43,bandpass_n20005_cLL_V4_independent_rms_s15,phase2/results/predictions/full/independent_rms/resnet/seed_43/bandpass_n20005_cLL_V4_independent_rms_s15.npz,76437,d0521c5dffebe060fc7c981b0a18c6ae67ca7440bd858ad8657d60620dc8c372
resnet,independent_rms,43,bandpass_n20005_cLL_V4_independent_rms_s10,phase2/results/predictions/full/independent_rms/resnet/seed_43/bandpass_n20005_cLL_V4_independent_rms_s10.npz,76392,2d26239a4a5c427c1a59a687d2c81ba45e12c09248c08dd7c9e2ffabce0a42c1
resnet,independent_rms,43,bandpass_n20005_cLL_V4_independent_rms_s5,phase2/results/predictions/full/independent_rms/resnet/seed_43/bandpass_n20005_cLL_V4_independent_rms_s5.npz,76244,4885e57612aa8ebab0b0de9104254c45cffde0e46600d9960b2e8c5c825460eb
resnet,independent_rms,43,bandpass_n20005_cLL_V4_independent_rms_s0,phase2/results/predictions/full/independent_rms/resnet/seed_43/bandpass_n20005_cLL_V4_independent_rms_s0.npz,75900,1b0280cb99c057a80de12501ba772ee82e459d0282fb9383d479b053fc00d083
resnet,independent_rms,43,bandpass_n20005_cLL_V4_electrode_s20,phase2/results/predictions/full/independent_rms/resnet/seed_43/bandpass_n20005_cLL_V4_electrode_s20.npz,76421,6bc0d597d322646d6455d547337bf27364a2e7d4e84f5565c9f4353c198ea24e
resnet,independent_rms,43,bandpass_n20005_cLL_V4_electrode_s15,phase2/results/predictions/full/independent_rms/resnet/seed_43/bandpass_n20005_cLL_V4_electrode_s15.npz,76391,750121fb0d481bcde49ba5405b665fdc279c3d19d27be537e44ad1d957083122
resnet,independent_rms,43,bandpass_n20005_cLL_V4_electrode_s10,phase2/results/predictions/full/independent_rms/resnet/seed_43/bandpass_n20005_cLL_V4_electrode_s10.npz,76306,1eb4220f394d9d43ba4595115548235d20ac4b9ad71519719f177376d8874fc8
resnet,independent_rms,43,bandpass_n20005_cLL_V4_electrode_s5,phase2/results/predictions/full/independent_rms/resnet/seed_43/bandpass_n20005_cLL_V4_electrode_s5.npz,76028,e59e7becd13545fa761107dee92704f8ffd3172224e466f4cd1ba076c77dcd89
resnet,independent_rms,43,bandpass_n20005_cLL_V4_electrode_s0,phase2/results/predictions/full/independent_rms/resnet/seed_43/bandpass_n20005_cLL_V4_electrode_s0.npz,75704,f292db6841c26ea3e50ea34eebd04739b6911dc97ff58b1a3fef86738ffde61b
resnet,independent_rms,43,bandpass_n20005_cLL_V4_covariance_s20,phase2/results/predictions/full/independent_rms/resnet/seed_43/bandpass_n20005_cLL_V4_covariance_s20.npz,76459,563f52a49e05724429ba85573aaece5e2478b74df898a678acf058ff550879bb
resnet,independent_rms,43,bandpass_n20005_cLL_V4_covariance_s15,phase2/results/predictions/full/independent_rms/resnet/seed_43/bandpass_n20005_cLL_V4_covariance_s15.npz,76416,98ec2834bd693ebda0aa597fce1d5901a83a226fa68aff14203f39452ff0a8f3
resnet,independent_rms,43,bandpass_n20005_cLL_V4_covariance_s10,phase2/results/predictions/full/independent_rms/resnet/seed_43/bandpass_n20005_cLL_V4_covariance_s10.npz,76322,14d3578f1828169e842d98020c156a8c104ac6545b488f64b55bbb04bb2440f1
resnet,independent_rms,43,bandpass_n20005_cLL_V4_covariance_s5,phase2/results/predictions/full/independent_rms/resnet/seed_43/bandpass_n20005_cLL_V4_covariance_s5.npz,76070,f7a74f137421ad261c9c975f6aa0eaccb6bda897f0c87c04047a1ad29c5beee8
resnet,independent_rms,43,bandpass_n20005_cLL_V4_covariance_s0,phase2/results/predictions/full/independent_rms/resnet/seed_43/bandpass_n20005_cLL_V4_covariance_s0.npz,75711,5be1aec4846d6ec1f047347fcefca20aba77aef80d68fdc72a8f729341443b01
resnet,independent_rms,43,bandpass_n20005_cRA_LA_V1_V6_independent_rms_s20,phase2/results/predictions/full/independent_rms/resnet/seed_43/bandpass_n20005_cRA_LA_V1_V6_independent_rms_s20.npz,76456,4abf498d86c7551382add111b816fea217b1e0e96a89a3a4f14837e12bbf5e33
resnet,independent_rms,43,bandpass_n20005_cRA_LA_V1_V6_independent_rms_s15,phase2/results/predictions/full/independent_rms/resnet/seed_43/bandpass_n20005_cRA_LA_V1_V6_independent_rms_s15.npz,76463,a3ebb7c77e7bf43be92910406d50b4eb43a993080495fdfa91e85f959c0b5728
resnet,independent_rms,43,bandpass_n20005_cRA_LA_V1_V6_independent_rms_s10,phase2/results/predictions/full/independent_rms/resnet/seed_43/bandpass_n20005_cRA_LA_V1_V6_independent_rms_s10.npz,76431,b91d388fc1488ee935d1b3b61d8b0120756f83531e04da0fde9e36ef4a36eed6
resnet,independent_rms,43,bandpass_n20005_cRA_LA_V1_V6_independent_rms_s5,phase2/results/predictions/full/independent_rms/resnet/seed_43/bandpass_n20005_cRA_LA_V1_V6_independent_rms_s5.npz,76268,5f03e6a7132bf255f0e9933515b0c0e59153022bf13133a851c4b93b1d01403c
resnet,independent_rms,43,bandpass_n20005_cRA_LA_V1_V6_independent_rms_s0,phase2/results/predictions/full/independent_rms/resnet/seed_43/bandpass_n20005_cRA_LA_V1_V6_independent_rms_s0.npz,75938,6b11fd2df928e8b9d971725b96affc947045ec058f43f6598faeeb2a333801c5
resnet,independent_rms,43,bandpass_n20005_cRA_LA_V1_V6_electrode_s20,phase2/results/predictions/full/independent_rms/resnet/seed_43/bandpass_n20005_cRA_LA_V1_V6_electrode_s20.npz,76460,5c0c21616185c84ff7a5c92f42d80a2bbde0993c551ea926ab3ba78a09555fcb
resnet,independent_rms,43,bandpass_n20005_cRA_LA_V1_V6_electrode_s15,phase2/results/predictions/full/independent_rms/resnet/seed_43/bandpass_n20005_cRA_LA_V1_V6_electrode_s15.npz,76452,dd4b28b0aba1a7ca5975eb9b27b0144e3424e6be2c88aa56a7bdc3bce09568d4
resnet,independent_rms,43,bandpass_n20005_cRA_LA_V1_V6_electrode_s10,phase2/results/predictions/full/independent_rms/resnet/seed_43/bandpass_n20005_cRA_LA_V1_V6_electrode_s10.npz,76359,48f31e16a5d32851b00f28936b7e6e0b2dd2ae017225163b5d4edf3c87b23fb5
resnet,independent_rms,43,bandpass_n20005_cRA_LA_V1_V6_electrode_s5,phase2/results/predictions/full/independent_rms/resnet/seed_43/bandpass_n20005_cRA_LA_V1_V6_electrode_s5.npz,76159,d2766d69034c6d91c8075fd1717eb23dece494f8b4227249f37f8f8770b884b8
resnet,independent_rms,43,bandpass_n20005_cRA_LA_V1_V6_electrode_s0,phase2/results/predictions/full/independent_rms/resnet/seed_43/bandpass_n20005_cRA_LA_V1_V6_electrode_s0.npz,75707,bbf7b0b577a2301771298f2f9511c61e4709778e27b8cb39ba4de8e125b8fb5b
resnet,independent_rms,43,bandpass_n20005_cRA_LA_V1_V6_covariance_s20,phase2/results/predictions/full/independent_rms/resnet/seed_43/bandpass_n20005_cRA_LA_V1_V6_covariance_s20.npz,76478,674d0de369e2fe950d366a227b92e0dbcc6dc38e5060247993b77fc22e0e0907
resnet,independent_rms,43,bandpass_n20005_cRA_LA_V1_V6_covariance_s15,phase2/results/predictions/full/independent_rms/resnet/seed_43/bandpass_n20005_cRA_LA_V1_V6_covariance_s15.npz,76472,9cec09a73856b0de722552899ebf4615d168debe59e05b8a6b5524b760b3cfe6
resnet,independent_rms,43,bandpass_n20005_cRA_LA_V1_V6_covariance_s10,phase2/results/predictions/full/independent_rms/resnet/seed_43/bandpass_n20005_cRA_LA_V1_V6_covariance_s10.npz,76332,72f59fc2f4900ca124214485a58b7aa54f48a4a0ff42bdaa5f3dc660e08ba2c5
resnet,independent_rms,43,bandpass_n20005_cRA_LA_V1_V6_covariance_s5,phase2/results/predictions/full/independent_rms/resnet/seed_43/bandpass_n20005_cRA_LA_V1_V6_covariance_s5.npz,76153,d32f142ea8662c4870d419acfa881b0dd8bf3159fcd680e4e5aa7d79a6d23918
resnet,independent_rms,43,bandpass_n20005_cRA_LA_V1_V6_covariance_s0,phase2/results/predictions/full/independent_rms/resnet/seed_43/bandpass_n20005_cRA_LA_V1_V6_covariance_s0.npz,75727,dff09730e36bf5c7e14d7fdc828a61ecdded94159f6a9323b27a08fd4f785832
resnet,independent_rms,43,bandpass_n20005_cRA_V2_V5_independent_rms_s20,phase2/results/predictions/full/independent_rms/resnet/seed_43/bandpass_n20005_cRA_V2_V5_independent_rms_s20.npz,76487,6b4ce670bed81a79b6ca64e0b857074d05ba72bcba7c5e1145116d6bd1ac0980
resnet,independent_rms,43,bandpass_n20005_cRA_V2_V5_independent_rms_s15,phase2/results/predictions/full/independent_rms/resnet/seed_43/bandpass_n20005_cRA_V2_V5_independent_rms_s15.npz,76462,cc72eb05dc10b064345974fcba1b1ce9904d148eb71613363670112c8b8d1f21
resnet,independent_rms,43,bandpass_n20005_cRA_V2_V5_independent_rms_s10,phase2/results/predictions/full/independent_rms/resnet/seed_43/bandpass_n20005_cRA_V2_V5_independent_rms_s10.npz,76368,5f1f5cec95fd0f2c2e35efc947b39e62d6e720dcb2b6cadd80a38ba0cad8b7d4
resnet,independent_rms,43,bandpass_n20005_cRA_V2_V5_independent_rms_s5,phase2/results/predictions/full/independent_rms/resnet/seed_43/bandpass_n20005_cRA_V2_V5_independent_rms_s5.npz,76279,ee78e2dc35bab8b0377f7f9304275e136b7f4f836a69ac26feb1ca891304506e
resnet,independent_rms,43,bandpass_n20005_cRA_V2_V5_independent_rms_s0,phase2/results/predictions/full/independent_rms/resnet/seed_43/bandpass_n20005_cRA_V2_V5_independent_rms_s0.npz,75945,177f40e113678b1d841b0434ff3dcdad2d29d63c27666dd1d4c47b1a073c44df
resnet,independent_rms,43,bandpass_n20005_cRA_V2_V5_electrode_s20,phase2/results/predictions/full/independent_rms/resnet/seed_43/bandpass_n20005_cRA_V2_V5_electrode_s20.npz,76459,73d8c1ceb2978776dd1c3bf73f9da804f964804d38354db53a6eb9f49a2ffc22
resnet,independent_rms,43,bandpass_n20005_cRA_V2_V5_electrode_s15,phase2/results/predictions/full/independent_rms/resnet/seed_43/bandpass_n20005_cRA_V2_V5_electrode_s15.npz,76480,a558509f07b970afc92616f955546254f11367780d05b109fcd9c5798ef331e7
resnet,independent_rms,43,bandpass_n20005_cRA_V2_V5_electrode_s10,phase2/results/predictions/full/independent_rms/resnet/seed_43/bandpass_n20005_cRA_V2_V5_electrode_s10.npz,76382,ae7c473299a7df2c0fea480e2b948235c3943ec952b8002a759c33ccc54c3b13
resnet,independent_rms,43,bandpass_n20005_cRA_V2_V5_electrode_s5,phase2/results/predictions/full/independent_rms/resnet/seed_43/bandpass_n20005_cRA_V2_V5_electrode_s5.npz,76175,7ce47cee4fe27f317c73c6652ce268959b02baf45c9e5d1b8d2a60a4df447615
resnet,independent_rms,43,bandpass_n20005_cRA_V2_V5_electrode_s0,phase2/results/predictions/full/independent_rms/resnet/seed_43/bandpass_n20005_cRA_V2_V5_electrode_s0.npz,75768,87b117c9a252977f79c7db3b8d9d8fe690ec4766dd1cb3e5cfd259633d27e222
resnet,independent_rms,43,bandpass_n20005_cRA_V2_V5_covariance_s20,phase2/results/predictions/full/independent_rms/resnet/seed_43/bandpass_n20005_cRA_V2_V5_covariance_s20.npz,76476,25b1e502425eea989d5eac1a4995e252b2efec146a361b4656450de662fddb00
resnet,independent_rms,43,bandpass_n20005_cRA_V2_V5_covariance_s15,phase2/results/predictions/full/independent_rms/resnet/seed_43/bandpass_n20005_cRA_V2_V5_covariance_s15.npz,76463,c921f364a578ced8e7c5a2bac6a44ffcdc759c0cec0ed9bbe56700b1890b06ca
resnet,independent_rms,43,bandpass_n20005_cRA_V2_V5_covariance_s10,phase2/results/predictions/full/independent_rms/resnet/seed_43/bandpass_n20005_cRA_V2_V5_covariance_s10.npz,76381,e5eb82267fa86cc3ce26abfc0ccda68282ee53677d67411223e234c51e8e8125
resnet,independent_rms,43,bandpass_n20005_cRA_V2_V5_covariance_s5,phase2/results/predictions/full/independent_rms/resnet/seed_43/bandpass_n20005_cRA_V2_V5_covariance_s5.npz,76131,630f987ed8001ac4eaa7e4297e9ee7260262515bcf2aca6d9d52092ec564985e
resnet,independent_rms,43,bandpass_n20005_cRA_V2_V5_covariance_s0,phase2/results/predictions/full/independent_rms/resnet/seed_43/bandpass_n20005_cRA_V2_V5_covariance_s0.npz,75806,41f01cf96f875413d9480d45143be3d3768bfe35e05eb257e3460a9f1d439df3
resnet,independent_rms,43,bandpass_n20005_cLA_V3_V6_independent_rms_s20,phase2/results/predictions/full/independent_rms/resnet/seed_43/bandpass_n20005_cLA_V3_V6_independent_rms_s20.npz,76437,6a2f79f558149ce8f94421f1478e901354f92ff31b74e82628cd0a3121022630
resnet,independent_rms,43,bandpass_n20005_cLA_V3_V6_independent_rms_s15,phase2/results/predictions/full/independent_rms/resnet/seed_43/bandpass_n20005_cLA_V3_V6_independent_rms_s15.npz,76473,217cbfdc1b8e0c745cfd8fb833dbcdc48f7d6851230c9d60d332df4ff85bf0bc
resnet,independent_rms,43,bandpass_n20005_cLA_V3_V6_independent_rms_s10,phase2/results/predictions/full/independent_rms/resnet/seed_43/bandpass_n20005_cLA_V3_V6_independent_rms_s10.npz,76404,62267c292e88770a33ed7348ee5db1d094dc9a22666cc91c508479e5863f2901
resnet,independent_rms,43,bandpass_n20005_cLA_V3_V6_independent_rms_s5,phase2/results/predictions/full/independent_rms/resnet/seed_43/bandpass_n20005_cLA_V3_V6_independent_rms_s5.npz,76273,569ba3a2f62c6c88b17c75428f00f67a8c07bf645ac1272a1f69c270ccf985fe
resnet,independent_rms,43,bandpass_n20005_cLA_V3_V6_independent_rms_s0,phase2/results/predictions/full/independent_rms/resnet/seed_43/bandpass_n20005_cLA_V3_V6_independent_rms_s0.npz,75936,803ad861330572018697f9884f7c6b8fe19f81876094f827eb229775780814aa
resnet,independent_rms,43,bandpass_n20005_cLA_V3_V6_electrode_s20,phase2/results/predictions/full/independent_rms/resnet/seed_43/bandpass_n20005_cLA_V3_V6_electrode_s20.npz,76478,79fc7fd292cb834b14ce1ffb8b4002620f97dab9175a71968953c36d098d0bee
resnet,independent_rms,43,bandpass_n20005_cLA_V3_V6_electrode_s15,phase2/results/predictions/full/independent_rms/resnet/seed_43/bandpass_n20005_cLA_V3_V6_electrode_s15.npz,76453,c0aa1eecb126553dc983a681fdc0739e57382e439ec6aa9498f237d10603b8a8
resnet,independent_rms,43,bandpass_n20005_cLA_V3_V6_electrode_s10,phase2/results/predictions/full/independent_rms/resnet/seed_43/bandpass_n20005_cLA_V3_V6_electrode_s10.npz,76390,53baa563f0654c41cedbcf6eee2e92f93aad7e8b280f255b3fbed8b2cb9a7e50
resnet,independent_rms,43,bandpass_n20005_cLA_V3_V6_electrode_s5,phase2/results/predictions/full/independent_rms/resnet/seed_43/bandpass_n20005_cLA_V3_V6_electrode_s5.npz,76211,2a43794712fa8c3235ce7b523f5d9740c683d4d9f3d57591f18b0cac3e40d963
resnet,independent_rms,43,bandpass_n20005_cLA_V3_V6_electrode_s0,phase2/results/predictions/full/independent_rms/resnet/seed_43/bandpass_n20005_cLA_V3_V6_electrode_s0.npz,75745,cc97c6c0ad59431c5ab9071d95d86965db35ca216ce88f9e9ff795282f8ea410
resnet,independent_rms,43,bandpass_n20005_cLA_V3_V6_covariance_s20,phase2/results/predictions/full/independent_rms/resnet/seed_43/bandpass_n20005_cLA_V3_V6_covariance_s20.npz,76442,0039723553e1cc6100b8d5eed6915072348139a9c6577cc61df7e82d0e002a21
resnet,independent_rms,43,bandpass_n20005_cLA_V3_V6_covariance_s15,phase2/results/predictions/full/independent_rms/resnet/seed_43/bandpass_n20005_cLA_V3_V6_covariance_s15.npz,76486,e8d5087f96c4432f06ffc69d41e1f35b8fbfe886b4fc606521127dce4ee3dffa
resnet,independent_rms,43,bandpass_n20005_cLA_V3_V6_covariance_s10,phase2/results/predictions/full/independent_rms/resnet/seed_43/bandpass_n20005_cLA_V3_V6_covariance_s10.npz,76372,ab4ce31c61a8b67e54c28ab7c5f7dcda149f8437d39833b947fc859f5a11ac8d
resnet,independent_rms,43,bandpass_n20005_cLA_V3_V6_covariance_s5,phase2/results/predictions/full/independent_rms/resnet/seed_43/bandpass_n20005_cLA_V3_V6_covariance_s5.npz,76186,eb4756dfc4cbf0c13c4d25c986374fe6398d85a99c73d9da6c9b50e03fc5a4c9
resnet,independent_rms,43,bandpass_n20005_cLA_V3_V6_covariance_s0,phase2/results/predictions/full/independent_rms/resnet/seed_43/bandpass_n20005_cLA_V3_V6_covariance_s0.npz,75754,db34a7c5f3d547454f7d1e8f699c38d9cedea7af61ca68dbb1598bf0ec67bb1c
resnet,independent_rms,43,bandpass_n20005_cLL_V1_V4_independent_rms_s20,phase2/results/predictions/full/independent_rms/resnet/seed_43/bandpass_n20005_cLL_V1_V4_independent_rms_s20.npz,76480,49f760ee7d60ecc5e37eea091708106c3a14d89b23a647155ef159b51d6e4cb4
resnet,independent_rms,43,bandpass_n20005_cLL_V1_V4_independent_rms_s15,phase2/results/predictions/full/independent_rms/resnet/seed_43/bandpass_n20005_cLL_V1_V4_independent_rms_s15.npz,76466,a8aadadc764c368c738c0eaa33601a837d5b9f6c1f8aba23a9e045f49ef49c0f
resnet,independent_rms,43,bandpass_n20005_cLL_V1_V4_independent_rms_s10,phase2/results/predictions/full/independent_rms/resnet/seed_43/bandpass_n20005_cLL_V1_V4_independent_rms_s10.npz,76386,0e1f4252737ea0c4ab073284fc302a267bb49b5cbd54e9eafa31e59bde0fd2a5
resnet,independent_rms,43,bandpass_n20005_cLL_V1_V4_independent_rms_s5,phase2/results/predictions/full/independent_rms/resnet/seed_43/bandpass_n20005_cLL_V1_V4_independent_rms_s5.npz,76227,8db24177936f3bf96957589c5b89af71cbf18513a59b1b1fcab977df02ad792d
resnet,independent_rms,43,bandpass_n20005_cLL_V1_V4_independent_rms_s0,phase2/results/predictions/full/independent_rms/resnet/seed_43/bandpass_n20005_cLL_V1_V4_independent_rms_s0.npz,75845,484fe231fcd7babeaa7d63a7d89f24e3573dfbc3ef52ca24c8524adc230facff
resnet,independent_rms,43,bandpass_n20005_cLL_V1_V4_electrode_s20,phase2/results/predictions/full/independent_rms/resnet/seed_43/bandpass_n20005_cLL_V1_V4_electrode_s20.npz,76429,edd4f361523c1099af17e26d967567466346125c85cd0982f073f093e7e81136
resnet,independent_rms,43,bandpass_n20005_cLL_V1_V4_electrode_s15,phase2/results/predictions/full/independent_rms/resnet/seed_43/bandpass_n20005_cLL_V1_V4_electrode_s15.npz,76413,6a310da3cf438c15012f4a1124717b2588c81da5cb582f6fadbd874f96e29640
resnet,independent_rms,43,bandpass_n20005_cLL_V1_V4_electrode_s10,phase2/results/predictions/full/independent_rms/resnet/seed_43/bandpass_n20005_cLL_V1_V4_electrode_s10.npz,76331,aaf527b88111f093d752a3f5c1e8b765e4f23e8f93e6daeaa6ce65c6ece17fd4
resnet,independent_rms,43,bandpass_n20005_cLL_V1_V4_electrode_s5,phase2/results/predictions/full/independent_rms/resnet/seed_43/bandpass_n20005_cLL_V1_V4_electrode_s5.npz,76077,60e34896738d26f43961d6502f95e934cebc8ae188121757f6c58502aca5b058
resnet,independent_rms,43,bandpass_n20005_cLL_V1_V4_electrode_s0,phase2/results/predictions/full/independent_rms/resnet/seed_43/bandpass_n20005_cLL_V1_V4_electrode_s0.npz,75661,b81bc2b6d7d4e6d87d14b913b6c09d1cf7eb613d43dcdb56472de5a7dedac26d
resnet,independent_rms,43,bandpass_n20005_cLL_V1_V4_covariance_s20,phase2/results/predictions/full/independent_rms/resnet/seed_43/bandpass_n20005_cLL_V1_V4_covariance_s20.npz,76456,b670a1e719f823496a5a972c2ec8a9f302584f4f9b532e38ae4bbef033d934b1
resnet,independent_rms,43,bandpass_n20005_cLL_V1_V4_covariance_s15,phase2/results/predictions/full/independent_rms/resnet/seed_43/bandpass_n20005_cLL_V1_V4_covariance_s15.npz,76453,d781ecdaf344dde8e06a5c5aff8d8b5bf40c0da20fba6f0ff5f55c16f92254da
resnet,independent_rms,43,bandpass_n20005_cLL_V1_V4_covariance_s10,phase2/results/predictions/full/independent_rms/resnet/seed_43/bandpass_n20005_cLL_V1_V4_covariance_s10.npz,76335,ff5dad79d29632da3b11bb2aa98cf58f10a9735601984b7fb24fc1aba862693c
resnet,independent_rms,43,bandpass_n20005_cLL_V1_V4_covariance_s5,phase2/results/predictions/full/independent_rms/resnet/seed_43/bandpass_n20005_cLL_V1_V4_covariance_s5.npz,76080,7afa54cc25be9adb8dfd7ec8d5442c15eb61726547525a3f4e7a383ad4c2cb08
resnet,independent_rms,43,bandpass_n20005_cLL_V1_V4_covariance_s0,phase2/results/predictions/full/independent_rms/resnet/seed_43/bandpass_n20005_cLL_V1_V4_covariance_s0.npz,75700,0baa5b9f0314004b8e9cddad5177b49e7ac1a7ba75b63a2e6c8e91b98505c138
resnet,independent_rms,43,bandpass_n20005_call_independent_rms_s20,phase2/results/predictions/full/independent_rms/resnet/seed_43/bandpass_n20005_call_independent_rms_s20.npz,76435,e1e27284a1eef5aa57496fa5f349939315ecd44e46f5ab91d2fe1ed35055252a
resnet,independent_rms,43,bandpass_n20005_call_independent_rms_s15,phase2/results/predictions/full/independent_rms/resnet/seed_43/bandpass_n20005_call_independent_rms_s15.npz,76453,36708ed84017134752e9a980b2518e34328c175fe5998a760b65d23f13f5df8d
resnet,independent_rms,43,bandpass_n20005_call_independent_rms_s10,phase2/results/predictions/full/independent_rms/resnet/seed_43/bandpass_n20005_call_independent_rms_s10.npz,76362,9a781552f2d3032d88562909cefbc956c950f55d5274a11ad870593a41fb4614
resnet,independent_rms,43,bandpass_n20005_call_independent_rms_s5,phase2/results/predictions/full/independent_rms/resnet/seed_43/bandpass_n20005_call_independent_rms_s5.npz,76232,604f92136d6dc27ea063158210e65173893499737a1a313bdeafaca25995c625
resnet,independent_rms,43,bandpass_n20005_call_independent_rms_s0,phase2/results/predictions/full/independent_rms/resnet/seed_43/bandpass_n20005_call_independent_rms_s0.npz,75857,ec5bfade680e4840902fdaece58a97f149cec11fed4cda0c8c4a2cd948e70af0
resnet,independent_rms,43,bandpass_n20005_call_electrode_s20,phase2/results/predictions/full/independent_rms/resnet/seed_43/bandpass_n20005_call_electrode_s20.npz,76448,d0d8b90585788fd201b4a51b99d2e2ef73ff6d7ba4f25b807c54fe931403b010
resnet,independent_rms,43,bandpass_n20005_call_electrode_s15,phase2/results/predictions/full/independent_rms/resnet/seed_43/bandpass_n20005_call_electrode_s15.npz,76449,007b6aa13029a8a6396debd5c9da767458c4dc28029dbb5fc6a5642b8611558a
resnet,independent_rms,43,bandpass_n20005_call_electrode_s10,phase2/results/predictions/full/independent_rms/resnet/seed_43/bandpass_n20005_call_electrode_s10.npz,76319,06c8c28af0faa1c582f783ddfc3b526df8f2a3337ea71c29fd99870586c3db92
resnet,independent_rms,43,bandpass_n20005_call_electrode_s5,phase2/results/predictions/full/independent_rms/resnet/seed_43/bandpass_n20005_call_electrode_s5.npz,76097,792bb74e68e0a1c7d75ab89b6ee47540e4cb84879f2360e6cc91a05dcbc32a86
resnet,independent_rms,43,bandpass_n20005_call_electrode_s0,phase2/results/predictions/full/independent_rms/resnet/seed_43/bandpass_n20005_call_electrode_s0.npz,75614,9081d49fb1c3d32f1a61f691bc6d7ad3549871c75bc6cbe3b388a8f947b3c208
resnet,independent_rms,43,bandpass_n20005_call_covariance_s20,phase2/results/predictions/full/independent_rms/resnet/seed_43/bandpass_n20005_call_covariance_s20.npz,76434,1d6ed243c614b966af3dfc4a4f7bfa4548c2b0e2c22359ab011713ccfe436ecc
resnet,independent_rms,43,bandpass_n20005_call_covariance_s15,phase2/results/predictions/full/independent_rms/resnet/seed_43/bandpass_n20005_call_covariance_s15.npz,76384,e57246f14555840cafd6c9517cf0f9171a75e178182b00b3786d6fa783da188f
resnet,independent_rms,43,bandpass_n20005_call_covariance_s10,phase2/results/predictions/full/independent_rms/resnet/seed_43/bandpass_n20005_call_covariance_s10.npz,76317,4dbb2295a802705b7319c0d2875753ecd9d704b6c73ff9cca5e00a9959b0e4f0
resnet,independent_rms,43,bandpass_n20005_call_covariance_s5,phase2/results/predictions/full/independent_rms/resnet/seed_43/bandpass_n20005_call_covariance_s5.npz,76121,9641759646857181b0e9801caba824c43a5a2618b73d2ebac3e0f5983109db07
resnet,independent_rms,43,bandpass_n20005_call_covariance_s0,phase2/results/predictions/full/independent_rms/resnet/seed_43/bandpass_n20005_call_covariance_s0.npz,75634,78b29a5b59945c3fa1cb6b08b3d156ff5b9b9eaf081869f6261e14b056c7367a
resnet,independent_rms,43,bw_n20001_call_independent_rms_s20,phase2/results/predictions/full/independent_rms/resnet/seed_43/bw_n20001_call_independent_rms_s20.npz,76450,b3f488d0c213c688c9abf3a291ba5f3f853b138a38a5926f4ca01b762eadb50d
resnet,independent_rms,43,bw_n20001_call_independent_rms_s10,phase2/results/predictions/full/independent_rms/resnet/seed_43/bw_n20001_call_independent_rms_s10.npz,76427,e015eead278bef82e109de871eeee680abfef520a76fb902a3365bbc73952f86
resnet,independent_rms,43,bw_n20001_call_independent_rms_s0,phase2/results/predictions/full/independent_rms/resnet/seed_43/bw_n20001_call_independent_rms_s0.npz,76145,c9f8700e4023f4a08273f34a4fe210999bfbf54110bfc45a4e334d265ad5af82
resnet,independent_rms,43,bw_n20001_call_electrode_s20,phase2/results/predictions/full/independent_rms/resnet/seed_43/bw_n20001_call_electrode_s20.npz,76445,abaeb7ab121ffa909e78a278d69ea66e748de53dfc6d333a026baaf8e1e9d9cb
resnet,independent_rms,43,bw_n20001_call_electrode_s10,phase2/results/predictions/full/independent_rms/resnet/seed_43/bw_n20001_call_electrode_s10.npz,76383,868437636eb8e65cd95641b0460fbc51909a0f3ac7563c3e21b2174c6228c387
resnet,independent_rms,43,bw_n20001_call_electrode_s0,phase2/results/predictions/full/independent_rms/resnet/seed_43/bw_n20001_call_electrode_s0.npz,76029,348843da30757fb202a506f305456a1e86d991b12f06ebe486e2b071c390ee11
resnet,independent_rms,43,bw_n20001_call_covariance_s20,phase2/results/predictions/full/independent_rms/resnet/seed_43/bw_n20001_call_covariance_s20.npz,76375,2cecb5469ad1fa08a13ed1aae982ac0be3cd961ed50fca0500c09f8f302a44b2
resnet,independent_rms,43,bw_n20001_call_covariance_s10,phase2/results/predictions/full/independent_rms/resnet/seed_43/bw_n20001_call_covariance_s10.npz,76359,32ca09c4fa6d0a849ab6e902c79185274993308ada6cf0ba4fc0e83f188a870f
resnet,independent_rms,43,bw_n20001_call_covariance_s0,phase2/results/predictions/full/independent_rms/resnet/seed_43/bw_n20001_call_covariance_s0.npz,76029,ff0f38eabbed31170f5e069e4663588aa5d8d3dcbce56c9cb6b89b37cabc48c3
resnet,independent_rms,43,bw_n20002_call_independent_rms_s20,phase2/results/predictions/full/independent_rms/resnet/seed_43/bw_n20002_call_independent_rms_s20.npz,76405,b41797a6031b6f18ac88188c840080d75081b20b6cc8f148a3e10c87739d442d
resnet,independent_rms,43,bw_n20002_call_independent_rms_s10,phase2/results/predictions/full/independent_rms/resnet/seed_43/bw_n20002_call_independent_rms_s10.npz,76408,3c7a791c6f2a5dc92a600faef83cc8fab2636a0cc309286ca5abddf829f5a3ba
resnet,independent_rms,43,bw_n20002_call_independent_rms_s0,phase2/results/predictions/full/independent_rms/resnet/seed_43/bw_n20002_call_independent_rms_s0.npz,76099,1dff3ca8e3f42e2442a02e1dd4e743c2c3a6da53b6d304128e0966b2018225cc
resnet,independent_rms,43,bw_n20002_call_electrode_s20,phase2/results/predictions/full/independent_rms/resnet/seed_43/bw_n20002_call_electrode_s20.npz,76433,d9e1834f9337f6fa748b82b548f583728b685f1fe7cc291ee362ed6ea5f92ecd
resnet,independent_rms,43,bw_n20002_call_electrode_s10,phase2/results/predictions/full/independent_rms/resnet/seed_43/bw_n20002_call_electrode_s10.npz,76360,e8f55b453ec0c72314fc93f82e148fa6cb5649791f57d03fb0f0ea7d2751b171
resnet,independent_rms,43,bw_n20002_call_electrode_s0,phase2/results/predictions/full/independent_rms/resnet/seed_43/bw_n20002_call_electrode_s0.npz,76054,2f6a2b58a3ca9bc1ccc177e9b7c03d5e4961f6b626cc7bfa456fd61fb0ca132e
resnet,independent_rms,43,bw_n20002_call_covariance_s20,phase2/results/predictions/full/independent_rms/resnet/seed_43/bw_n20002_call_covariance_s20.npz,76392,afc3239709164bfaca11fc65bc0a144acede45f956f720eb2bfd9131549967a4
resnet,independent_rms,43,bw_n20002_call_covariance_s10,phase2/results/predictions/full/independent_rms/resnet/seed_43/bw_n20002_call_covariance_s10.npz,76356,9ff3881a38b251501bb855bcbe48cca9a3835e5c0087ccbe1f6963723aedf86f
resnet,independent_rms,43,bw_n20002_call_covariance_s0,phase2/results/predictions/full/independent_rms/resnet/seed_43/bw_n20002_call_covariance_s0.npz,76035,42802d38bae64feb523f4314049dea929802d368e69e59bb26ee27461d9507ea
resnet,independent_rms,43,bw_n20003_call_independent_rms_s20,phase2/results/predictions/full/independent_rms/resnet/seed_43/bw_n20003_call_independent_rms_s20.npz,76421,a5a58b1901a4e3d3bec96de183262b47c672c4b755ec0db0c482ba6f7b30ede2
resnet,independent_rms,43,bw_n20003_call_independent_rms_s10,phase2/results/predictions/full/independent_rms/resnet/seed_43/bw_n20003_call_independent_rms_s10.npz,76417,9c92d3091480330a3ba772434fc9a5e109ef2900a08ea7f4e8dec06fe5444555
resnet,independent_rms,43,bw_n20003_call_independent_rms_s0,phase2/results/predictions/full/independent_rms/resnet/seed_43/bw_n20003_call_independent_rms_s0.npz,76150,ba17671c6792ca670603e69987eb85006720dc94359163336613f0a15588c9b4
resnet,independent_rms,43,bw_n20003_call_electrode_s20,phase2/results/predictions/full/independent_rms/resnet/seed_43/bw_n20003_call_electrode_s20.npz,76429,7a0af77a08ae15685c4760b32c99bcc766cdc94850bc3697b871508661b44843
resnet,independent_rms,43,bw_n20003_call_electrode_s10,phase2/results/predictions/full/independent_rms/resnet/seed_43/bw_n20003_call_electrode_s10.npz,76376,a3a37cce16922b92fe18f1d63dd1daf12bfe235f2e4c8c7c65a15c3f2698eea9
resnet,independent_rms,43,bw_n20003_call_electrode_s0,phase2/results/predictions/full/independent_rms/resnet/seed_43/bw_n20003_call_electrode_s0.npz,76043,e3c0363636085cd56c464c03d2c852f88e2ff11b762499b0829c9e77ca79ab5d
resnet,independent_rms,43,bw_n20003_call_covariance_s20,phase2/results/predictions/full/independent_rms/resnet/seed_43/bw_n20003_call_covariance_s20.npz,76395,8e76fdb2a7a47032174f56f10756a2f1b8d7f6a70b5037a7ea2378b2d6a0aa8a
resnet,independent_rms,43,bw_n20003_call_covariance_s10,phase2/results/predictions/full/independent_rms/resnet/seed_43/bw_n20003_call_covariance_s10.npz,76381,3f3c89fbec2aba3147372bc6d55f76d222da945a822a1133b3965426f42c31b5
resnet,independent_rms,43,bw_n20003_call_covariance_s0,phase2/results/predictions/full/independent_rms/resnet/seed_43/bw_n20003_call_covariance_s0.npz,76057,6662b166334d672fe9129d5e6bcdb6c0336ef6f8a6fff886237c8fce78efc2b0
resnet,independent_rms,43,bw_n20004_call_independent_rms_s20,phase2/results/predictions/full/independent_rms/resnet/seed_43/bw_n20004_call_independent_rms_s20.npz,76434,0396c3e71136f78489edbd05f60eee0a039d2746665d5bb604ec6f0d9bdedaa3
resnet,independent_rms,43,bw_n20004_call_independent_rms_s10,phase2/results/predictions/full/independent_rms/resnet/seed_43/bw_n20004_call_independent_rms_s10.npz,76385,b35c430ee52258bde6d48c240450aa30d9b9c36d7481564944adb086473fe2a4
resnet,independent_rms,43,bw_n20004_call_independent_rms_s0,phase2/results/predictions/full/independent_rms/resnet/seed_43/bw_n20004_call_independent_rms_s0.npz,76138,a9e0f775b0a99b1f8edfc147586233b3dface20b7d12f55dbd480c09d836be81
resnet,independent_rms,43,bw_n20004_call_electrode_s20,phase2/results/predictions/full/independent_rms/resnet/seed_43/bw_n20004_call_electrode_s20.npz,76399,5142961ecafbfd6eaf47fde975e67fb1d58f6e9b0e46312739e1e4a32787528d
resnet,independent_rms,43,bw_n20004_call_electrode_s10,phase2/results/predictions/full/independent_rms/resnet/seed_43/bw_n20004_call_electrode_s10.npz,76340,6d2d0e0ebc058eaa3f23915c5c14bf6e27147f8a4899096819bcfb6777755c8b
resnet,independent_rms,43,bw_n20004_call_electrode_s0,phase2/results/predictions/full/independent_rms/resnet/seed_43/bw_n20004_call_electrode_s0.npz,76080,ae637f78b0588d31cc6a77244c703afb5bb2165b61e5bfe388cbf184731c7490
resnet,independent_rms,43,bw_n20004_call_covariance_s20,phase2/results/predictions/full/independent_rms/resnet/seed_43/bw_n20004_call_covariance_s20.npz,76414,cce24f465bc6de35e8e864f2b3741112bcfc1133d0c198fedd1fcfd45b32779f
resnet,independent_rms,43,bw_n20004_call_covariance_s10,phase2/results/predictions/full/independent_rms/resnet/seed_43/bw_n20004_call_covariance_s10.npz,76368,4f0e3bad37c7fab72b757a1fdb3bf84c40d1370711e24a36d57e3214045da934
resnet,independent_rms,43,bw_n20004_call_covariance_s0,phase2/results/predictions/full/independent_rms/resnet/seed_43/bw_n20004_call_covariance_s0.npz,76055,0ab2008056f8143a423cc94668cb536cb89cea2544c6fe7d210f9f695eeaa864
resnet,independent_rms,43,bw_n20005_call_independent_rms_s20,phase2/results/predictions/full/independent_rms/resnet/seed_43/bw_n20005_call_independent_rms_s20.npz,76430,27c7fe7c794a2852317ac052310226a8d9906b6a8222cfc4a3dbe01ad4948eb9
resnet,independent_rms,43,bw_n20005_call_independent_rms_s10,phase2/results/predictions/full/independent_rms/resnet/seed_43/bw_n20005_call_independent_rms_s10.npz,76405,318b83072be3e0f5921a9c0898b8623db0e22e127c2c530a02c82d2295564646
resnet,independent_rms,43,bw_n20005_call_independent_rms_s0,phase2/results/predictions/full/independent_rms/resnet/seed_43/bw_n20005_call_independent_rms_s0.npz,76116,09b1b0d727e7a2ab5a41c8722d0807ef34acf8f4829714e7e78add5321b5730e
resnet,independent_rms,43,bw_n20005_call_electrode_s20,phase2/results/predictions/full/independent_rms/resnet/seed_43/bw_n20005_call_electrode_s20.npz,76396,61aff9f59d47139395bcc006a465a5a55f076fe0a58f011235e7468c6ac73ac5
resnet,independent_rms,43,bw_n20005_call_electrode_s10,phase2/results/predictions/full/independent_rms/resnet/seed_43/bw_n20005_call_electrode_s10.npz,76372,980074e6b5069d98ed1cd0dbdc7fcd842b55a976b6bc260213b0ee9ab48a73d0
resnet,independent_rms,43,bw_n20005_call_electrode_s0,phase2/results/predictions/full/independent_rms/resnet/seed_43/bw_n20005_call_electrode_s0.npz,76043,0ef9ac23c2e5221c799ec54a90615f49759f4913eec5ca31ebe0428d2e9a56ed
resnet,independent_rms,43,bw_n20005_call_covariance_s20,phase2/results/predictions/full/independent_rms/resnet/seed_43/bw_n20005_call_covariance_s20.npz,76388,e723c78208a088bf777a41f2559d4174724ec197c7a7bd73fb2796877998211d
resnet,independent_rms,43,bw_n20005_call_covariance_s10,phase2/results/predictions/full/independent_rms/resnet/seed_43/bw_n20005_call_covariance_s10.npz,76362,676c7de850885da11aac1f027e83f3e94b6b206a8615088aa88a082e308b3890
resnet,independent_rms,43,bw_n20005_call_covariance_s0,phase2/results/predictions/full/independent_rms/resnet/seed_43/bw_n20005_call_covariance_s0.npz,76075,6cd62667a8bc6206d8f797da32e630aec2edd238761e9293a2230e4454ee53ea
resnet,independent_rms,43,ma_n20001_call_independent_rms_s20,phase2/results/predictions/full/independent_rms/resnet/seed_43/ma_n20001_call_independent_rms_s20.npz,76432,2ee872f3e9400842c77e921aded7326cc36bd0cce29745906845b129d20f37da
resnet,independent_rms,43,ma_n20001_call_independent_rms_s10,phase2/results/predictions/full/independent_rms/resnet/seed_43/ma_n20001_call_independent_rms_s10.npz,76388,2b4310df90a2cc837c1c63d44f2da8b21501d318dbe90ef5ab4b3fdcad745daf
resnet,independent_rms,43,ma_n20001_call_independent_rms_s0,phase2/results/predictions/full/independent_rms/resnet/seed_43/ma_n20001_call_independent_rms_s0.npz,76051,e55dfd501812a741ad34ff3921d7e8f453443109c099e5c646db571486e92005
resnet,independent_rms,43,ma_n20001_call_electrode_s20,phase2/results/predictions/full/independent_rms/resnet/seed_43/ma_n20001_call_electrode_s20.npz,76406,7f3aae10b1060718a31f6385eaffe09e6786c933775901157543e94a3361046c
resnet,independent_rms,43,ma_n20001_call_electrode_s10,phase2/results/predictions/full/independent_rms/resnet/seed_43/ma_n20001_call_electrode_s10.npz,76357,ce668a0c3ad4093ba7d382e4bf8ef8ab3876f31ee4161c6f202d709c806501ba
resnet,independent_rms,43,ma_n20001_call_electrode_s0,phase2/results/predictions/full/independent_rms/resnet/seed_43/ma_n20001_call_electrode_s0.npz,76000,10ff228cfce00ba42cfd173814509b76732ae505d916f936c450211e23695c0e
resnet,independent_rms,43,ma_n20001_call_covariance_s20,phase2/results/predictions/full/independent_rms/resnet/seed_43/ma_n20001_call_covariance_s20.npz,76402,d24b9560c3265dd840af620b45a0d8e01758fa7347a169bc29ff5a01b050a324
resnet,independent_rms,43,ma_n20001_call_covariance_s10,phase2/results/predictions/full/independent_rms/resnet/seed_43/ma_n20001_call_covariance_s10.npz,76355,f4d24eeaa07479e5e2d2f4c6190d7bf1bbe31958088dece6261ee1ba2d448671
resnet,independent_rms,43,ma_n20001_call_covariance_s0,phase2/results/predictions/full/independent_rms/resnet/seed_43/ma_n20001_call_covariance_s0.npz,76012,b7f711566b356e5da33fe8f4c5254651ffb4caeda44657311ac8368223537897
resnet,independent_rms,43,ma_n20002_call_independent_rms_s20,phase2/results/predictions/full/independent_rms/resnet/seed_43/ma_n20002_call_independent_rms_s20.npz,76439,74b72628cb0471875557b69bcabd3ea593828346ea82081a8e8a9a411ebec851
resnet,independent_rms,43,ma_n20002_call_independent_rms_s10,phase2/results/predictions/full/independent_rms/resnet/seed_43/ma_n20002_call_independent_rms_s10.npz,76432,155174654df143ecffa6c84e770fc650de0ffcbe57d506650befc87f61a7b76c
resnet,independent_rms,43,ma_n20002_call_independent_rms_s0,phase2/results/predictions/full/independent_rms/resnet/seed_43/ma_n20002_call_independent_rms_s0.npz,76086,f628496eab18f7b48ff8a72e30efd02b407e1c59742e4ac2a2adaf0a740992fb
resnet,independent_rms,43,ma_n20002_call_electrode_s20,phase2/results/predictions/full/independent_rms/resnet/seed_43/ma_n20002_call_electrode_s20.npz,76424,4d208a7161ebfa950d85a754ea97e3a2b1a5afbde1ce108b338df3b4f3a1e3c2
resnet,independent_rms,43,ma_n20002_call_electrode_s10,phase2/results/predictions/full/independent_rms/resnet/seed_43/ma_n20002_call_electrode_s10.npz,76349,77b75baf64b9ef710d022692ccdaa9c151ba5e7fc8dc477d73869ed449531935
resnet,independent_rms,43,ma_n20002_call_electrode_s0,phase2/results/predictions/full/independent_rms/resnet/seed_43/ma_n20002_call_electrode_s0.npz,76005,e3d489095892d6155d1460a48ee723dd4b68fb161f26f1b81ece887f84330409
resnet,independent_rms,43,ma_n20002_call_covariance_s20,phase2/results/predictions/full/independent_rms/resnet/seed_43/ma_n20002_call_covariance_s20.npz,76391,ce181b98a3c1d0acdd5141f76bdfdbd5a5987b16c1ab6235898901dd23257550
resnet,independent_rms,43,ma_n20002_call_covariance_s10,phase2/results/predictions/full/independent_rms/resnet/seed_43/ma_n20002_call_covariance_s10.npz,76369,206ccf8eed716b5495b2009c24a5d9c5e1d41158257e564a4f7aca26b176bd8b
resnet,independent_rms,43,ma_n20002_call_covariance_s0,phase2/results/predictions/full/independent_rms/resnet/seed_43/ma_n20002_call_covariance_s0.npz,75997,0201c1348768b4bc8a167fb5a40ad902a139376ba0447f1b0ffe862e4a2a83f3
resnet,independent_rms,43,ma_n20003_call_independent_rms_s20,phase2/results/predictions/full/independent_rms/resnet/seed_43/ma_n20003_call_independent_rms_s20.npz,76434,50cca12531d0d2f6c75c4320e758926616c3ee1dca7c76ecbdb07a8fe41a37c3
resnet,independent_rms,43,ma_n20003_call_independent_rms_s10,phase2/results/predictions/full/independent_rms/resnet/seed_43/ma_n20003_call_independent_rms_s10.npz,76391,075aa4048399d75447275595c7efb90a97a4e4998d1ee0bbf7a14729038921b3
resnet,independent_rms,43,ma_n20003_call_independent_rms_s0,phase2/results/predictions/full/independent_rms/resnet/seed_43/ma_n20003_call_independent_rms_s0.npz,76058,812a2e7612afd3912a0f1611234a75862ef4fba067e84d6e7d73daa0f67a30bc
resnet,independent_rms,43,ma_n20003_call_electrode_s20,phase2/results/predictions/full/independent_rms/resnet/seed_43/ma_n20003_call_electrode_s20.npz,76378,158c180ea755b9a8c0c3eaf38680cfa420c53bb67315f9a86494b13f6eb668d0
resnet,independent_rms,43,ma_n20003_call_electrode_s10,phase2/results/predictions/full/independent_rms/resnet/seed_43/ma_n20003_call_electrode_s10.npz,76363,4407142e391327190b765543e9e73ae66346eda2dafac7f8c23d57ca7c0e51c4
resnet,independent_rms,43,ma_n20003_call_electrode_s0,phase2/results/predictions/full/independent_rms/resnet/seed_43/ma_n20003_call_electrode_s0.npz,75988,5e444fd71f49a4ff10cf255a5bf2988fb64e4be22041147559633d82112c0995
resnet,independent_rms,43,ma_n20003_call_covariance_s20,phase2/results/predictions/full/independent_rms/resnet/seed_43/ma_n20003_call_covariance_s20.npz,76426,023436cbe4a5847eeac54986ae4341bdfef318e8b9da2bd4ada920873c4263b3
resnet,independent_rms,43,ma_n20003_call_covariance_s10,phase2/results/predictions/full/independent_rms/resnet/seed_43/ma_n20003_call_covariance_s10.npz,76362,ef5840cfd5aa4f3b9482bd537182584bd33282956e048c2ddc02735c2990eacf
resnet,independent_rms,43,ma_n20003_call_covariance_s0,phase2/results/predictions/full/independent_rms/resnet/seed_43/ma_n20003_call_covariance_s0.npz,75985,6358f2c9ab9087e1aabc3232a118fce64f546d428a778eb296bc17faf0248c29
resnet,independent_rms,43,ma_n20004_call_independent_rms_s20,phase2/results/predictions/full/independent_rms/resnet/seed_43/ma_n20004_call_independent_rms_s20.npz,76409,e7c8598d61fab95036c41132c69653bd779dd872cb1fd323046d780f4180d587
resnet,independent_rms,43,ma_n20004_call_independent_rms_s10,phase2/results/predictions/full/independent_rms/resnet/seed_43/ma_n20004_call_independent_rms_s10.npz,76391,bb7fdd9cb36b921e386197a46918f780b343857ecda2c840612390d75ec396e0
resnet,independent_rms,43,ma_n20004_call_independent_rms_s0,phase2/results/predictions/full/independent_rms/resnet/seed_43/ma_n20004_call_independent_rms_s0.npz,76084,79bbf0fe0d8c300eed3c1eb485fdaf14d46dc4a406cc79445f799960b209df95
resnet,independent_rms,43,ma_n20004_call_electrode_s20,phase2/results/predictions/full/independent_rms/resnet/seed_43/ma_n20004_call_electrode_s20.npz,76399,427e93ba6ce2275009e07e65a4ec4fb46bd286e3ab95169cbbf9418399051858
resnet,independent_rms,43,ma_n20004_call_electrode_s10,phase2/results/predictions/full/independent_rms/resnet/seed_43/ma_n20004_call_electrode_s10.npz,76346,fa29f1a4a3e877e161d6521a6ea4fac7e40b340b4bb6b831f274453b2fe1c56f
resnet,independent_rms,43,ma_n20004_call_electrode_s0,phase2/results/predictions/full/independent_rms/resnet/seed_43/ma_n20004_call_electrode_s0.npz,75973,956b6c6cb28063373dd04d969cd2404a9c2aed8f23014ce3efb4eba8e3ddf8e5
resnet,independent_rms,43,ma_n20004_call_covariance_s20,phase2/results/predictions/full/independent_rms/resnet/seed_43/ma_n20004_call_covariance_s20.npz,76408,77f6ef105514228439bc829dfdd4ef27e75c7a7091863c63d1f75575fcadcc6a
resnet,independent_rms,43,ma_n20004_call_covariance_s10,phase2/results/predictions/full/independent_rms/resnet/seed_43/ma_n20004_call_covariance_s10.npz,76329,fdd5e61f42563173c73f3f7bbeb75d08f5a845d86f847b65a18647845f311750
resnet,independent_rms,43,ma_n20004_call_covariance_s0,phase2/results/predictions/full/independent_rms/resnet/seed_43/ma_n20004_call_covariance_s0.npz,76004,2fd974c1122ec435555b8ad588cbff932d8e1a583fd15508d68fc4c481170e03
resnet,independent_rms,43,ma_n20005_call_independent_rms_s20,phase2/results/predictions/full/independent_rms/resnet/seed_43/ma_n20005_call_independent_rms_s20.npz,76400,495e944c4986a8381dc89d41ec6e0a499e0b56b28b49e5da4d988686b930c8a1
resnet,independent_rms,43,ma_n20005_call_independent_rms_s10,phase2/results/predictions/full/independent_rms/resnet/seed_43/ma_n20005_call_independent_rms_s10.npz,76435,e00ed47fa0208193cac0ac06b5006f97e30221f4789d787ff811efb853bb0683
resnet,independent_rms,43,ma_n20005_call_independent_rms_s0,phase2/results/predictions/full/independent_rms/resnet/seed_43/ma_n20005_call_independent_rms_s0.npz,76050,f37e43052869899e9fba5c460d8da8b91ae161a97bc793ee21404dba0dfc8e5c
resnet,independent_rms,43,ma_n20005_call_electrode_s20,phase2/results/predictions/full/independent_rms/resnet/seed_43/ma_n20005_call_electrode_s20.npz,76408,e2b1a139abd4e386a09abdaae8de95aeccc4e99a39524cf4c3752fb9328b44b0
resnet,independent_rms,43,ma_n20005_call_electrode_s10,phase2/results/predictions/full/independent_rms/resnet/seed_43/ma_n20005_call_electrode_s10.npz,76397,c5cfe58afb8b2e54047a0a2f921e0201dd49e5b63e530b473146960ffd745932
resnet,independent_rms,43,ma_n20005_call_electrode_s0,phase2/results/predictions/full/independent_rms/resnet/seed_43/ma_n20005_call_electrode_s0.npz,75998,7121cfa080b0e49e5bbf0bec910d58402fbd049a28a5f36c5b92e9020b15f008
resnet,independent_rms,43,ma_n20005_call_covariance_s20,phase2/results/predictions/full/independent_rms/resnet/seed_43/ma_n20005_call_covariance_s20.npz,76405,97000095aca76c17316bcc9959b742a50f445cb7492555e563e9d91bcc86ac0c
resnet,independent_rms,43,ma_n20005_call_covariance_s10,phase2/results/predictions/full/independent_rms/resnet/seed_43/ma_n20005_call_covariance_s10.npz,76343,eee389909f014cac4c8ddc0fc9d89f3cff1b8190af8b4cada37661315b925513
resnet,independent_rms,43,ma_n20005_call_covariance_s0,phase2/results/predictions/full/independent_rms/resnet/seed_43/ma_n20005_call_covariance_s0.npz,75969,50386ee90e6339c2aa5ee0f00814ed8d121a3d149b9264651cf760e143807ca3
resnet,independent_rms,43,em_n20001_call_independent_rms_s20,phase2/results/predictions/full/independent_rms/resnet/seed_43/em_n20001_call_independent_rms_s20.npz,76445,31747683a3a389146dd97049d1038323e96507c973ccf313240ccfb1ee7b0878
resnet,independent_rms,43,em_n20001_call_independent_rms_s10,phase2/results/predictions/full/independent_rms/resnet/seed_43/em_n20001_call_independent_rms_s10.npz,76346,29d40d37886ffac622922b0a36269ee461e6248d398b7aa37be22341c03699c4
resnet,independent_rms,43,em_n20001_call_independent_rms_s0,phase2/results/predictions/full/independent_rms/resnet/seed_43/em_n20001_call_independent_rms_s0.npz,75962,7fd10c59f9fcd9b533f12f6f1a3a7bf04c7279b7deea8a34b7c51d200d09e255
resnet,independent_rms,43,em_n20001_call_electrode_s20,phase2/results/predictions/full/independent_rms/resnet/seed_43/em_n20001_call_electrode_s20.npz,76416,426d56acd21616ced4818e534bf19d8bb2b2348838892217b70c91bd77df8be3
resnet,independent_rms,43,em_n20001_call_electrode_s10,phase2/results/predictions/full/independent_rms/resnet/seed_43/em_n20001_call_electrode_s10.npz,76294,0ab3a3adce1705146170b4662d425b66175d65a21c52941b223c0aa57e08ef78
resnet,independent_rms,43,em_n20001_call_electrode_s0,phase2/results/predictions/full/independent_rms/resnet/seed_43/em_n20001_call_electrode_s0.npz,75707,88d695ebc4f0844bff6561f9d9b389e68712c06dc121beed4bba4ebd6d37dcfd
resnet,independent_rms,43,em_n20001_call_covariance_s20,phase2/results/predictions/full/independent_rms/resnet/seed_43/em_n20001_call_covariance_s20.npz,76413,b502b50b52fbf75979992a980a0a18cd8c4e2a731827852662b6fdf9c0a1ff36
resnet,independent_rms,43,em_n20001_call_covariance_s10,phase2/results/predictions/full/independent_rms/resnet/seed_43/em_n20001_call_covariance_s10.npz,76296,3d079940ee3a9f3ea0e8e71d8c35bb2bb5936c38b05ba8203d7fc561d1668c72
resnet,independent_rms,43,em_n20001_call_covariance_s0,phase2/results/predictions/full/independent_rms/resnet/seed_43/em_n20001_call_covariance_s0.npz,75717,60de795cfe7d37ca8e162f701a865845f093473f9979a69ad0136fed96db5fe2
resnet,independent_rms,43,em_n20002_call_independent_rms_s20,phase2/results/predictions/full/independent_rms/resnet/seed_43/em_n20002_call_independent_rms_s20.npz,76425,e943e893176ee8916841bb42f85629f955e55f4d16bd31d226b2f1dd384cac21
resnet,independent_rms,43,em_n20002_call_independent_rms_s10,phase2/results/predictions/full/independent_rms/resnet/seed_43/em_n20002_call_independent_rms_s10.npz,76352,7fc7638fbc2e9742beddd041f6502c4267f4848a566618bb24e80738f3720ec3
resnet,independent_rms,43,em_n20002_call_independent_rms_s0,phase2/results/predictions/full/independent_rms/resnet/seed_43/em_n20002_call_independent_rms_s0.npz,75953,affcf2b56c385660c521c85bfa967f2057d9cc7b6ae2b30d37593dda7915c591
resnet,independent_rms,43,em_n20002_call_electrode_s20,phase2/results/predictions/full/independent_rms/resnet/seed_43/em_n20002_call_electrode_s20.npz,76401,4113efa111f8e6959d41ead01b066f86e0445b3d98c9a93bc06264882639531d
resnet,independent_rms,43,em_n20002_call_electrode_s10,phase2/results/predictions/full/independent_rms/resnet/seed_43/em_n20002_call_electrode_s10.npz,76266,5f50ca981b1df13500b3b251ce3f4e181fad316c28408c893bacf19706c27675
resnet,independent_rms,43,em_n20002_call_electrode_s0,phase2/results/predictions/full/independent_rms/resnet/seed_43/em_n20002_call_electrode_s0.npz,75657,7d30f10ab6d773d32a76cfe3e9da9e171c97da6ee5cad824abfa8cb2950a5920
resnet,independent_rms,43,em_n20002_call_covariance_s20,phase2/results/predictions/full/independent_rms/resnet/seed_43/em_n20002_call_covariance_s20.npz,76420,922b2a2f1065ff23ec256a3e9db61041ae0b862f1f70ac04cf8c2e62a4fe7fbe
resnet,independent_rms,43,em_n20002_call_covariance_s10,phase2/results/predictions/full/independent_rms/resnet/seed_43/em_n20002_call_covariance_s10.npz,76345,063ece7d30e2e90ffe0a9fa4f75f69ec24faa31b0fcd4b8153445d66d90381bf
resnet,independent_rms,43,em_n20002_call_covariance_s0,phase2/results/predictions/full/independent_rms/resnet/seed_43/em_n20002_call_covariance_s0.npz,75697,558d8b30c46eccda772f42ebda707df7cfbe5abe7f72f901efa204d7f2064a8d
resnet,independent_rms,43,em_n20003_call_independent_rms_s20,phase2/results/predictions/full/independent_rms/resnet/seed_43/em_n20003_call_independent_rms_s20.npz,76417,c937c2b6d81998cd8a3ea6835a8c8778d7b37ab5a2e7666961bc95dde9454617
resnet,independent_rms,43,em_n20003_call_independent_rms_s10,phase2/results/predictions/full/independent_rms/resnet/seed_43/em_n20003_call_independent_rms_s10.npz,76364,7b9c47f8660856a6125b0e500cc24510a0bc62c560d408b35aa3a0d664e72e02
resnet,independent_rms,43,em_n20003_call_independent_rms_s0,phase2/results/predictions/full/independent_rms/resnet/seed_43/em_n20003_call_independent_rms_s0.npz,75935,34faaa6e0eb3762b0353d68ce9de0a4f896a6f0608c541782e86d809db48a3fa
resnet,independent_rms,43,em_n20003_call_electrode_s20,phase2/results/predictions/full/independent_rms/resnet/seed_43/em_n20003_call_electrode_s20.npz,76372,b5a99beb87eb38d696f139cbd4234951da986f398f2e5b745349093d067e3922
resnet,independent_rms,43,em_n20003_call_electrode_s10,phase2/results/predictions/full/independent_rms/resnet/seed_43/em_n20003_call_electrode_s10.npz,76270,a711e0e66abf277e39170adf11dc52315db3c2c993cf866d681d84588a340704
resnet,independent_rms,43,em_n20003_call_electrode_s0,phase2/results/predictions/full/independent_rms/resnet/seed_43/em_n20003_call_electrode_s0.npz,75668,742d8b08563eedfdf84db83b510b81e057d9d1266aea6e511fe7d7e0448fd0f0
resnet,independent_rms,43,em_n20003_call_covariance_s20,phase2/results/predictions/full/independent_rms/resnet/seed_43/em_n20003_call_covariance_s20.npz,76390,7a6ddfe51959d474eabdfbe625bb471f0c6fb07566a3832bcdfdd0019080260c
resnet,independent_rms,43,em_n20003_call_covariance_s10,phase2/results/predictions/full/independent_rms/resnet/seed_43/em_n20003_call_covariance_s10.npz,76242,8e9dc4d92cc1c56a93714e7f22c895277ff7e7e8ed3747f6916576cbe4921251
resnet,independent_rms,43,em_n20003_call_covariance_s0,phase2/results/predictions/full/independent_rms/resnet/seed_43/em_n20003_call_covariance_s0.npz,75685,83891c2fbab81610e9e10a55d1fde45ccc0811940136c81352f975086c5a1aef
resnet,independent_rms,43,em_n20004_call_independent_rms_s20,phase2/results/predictions/full/independent_rms/resnet/seed_43/em_n20004_call_independent_rms_s20.npz,76443,0ef9088dda2d2433471961014033e1a0c1fc2d4944fdc7ab66f6c28f939e5110
resnet,independent_rms,43,em_n20004_call_independent_rms_s10,phase2/results/predictions/full/independent_rms/resnet/seed_43/em_n20004_call_independent_rms_s10.npz,76350,a65918b89d3351da9d2a8aea0d46a59f8b0129cf55da5c9b1314143d14d50bd9
resnet,independent_rms,43,em_n20004_call_independent_rms_s0,phase2/results/predictions/full/independent_rms/resnet/seed_43/em_n20004_call_independent_rms_s0.npz,75938,9bbcf6ccd64ab9d1395ec64246f87a531e6d86f4a6175e021249efe2ddc204a2
resnet,independent_rms,43,em_n20004_call_electrode_s20,phase2/results/predictions/full/independent_rms/resnet/seed_43/em_n20004_call_electrode_s20.npz,76413,13472de9a394ea881cdb10856eb5056de3e21e9b4df01444dc2e9340d2d8ff48
resnet,independent_rms,43,em_n20004_call_electrode_s10,phase2/results/predictions/full/independent_rms/resnet/seed_43/em_n20004_call_electrode_s10.npz,76292,f302b9ee93f296e6e6c56f3074cee2a0619d56558e6525a4db7de0f4ecc1f72d
resnet,independent_rms,43,em_n20004_call_electrode_s0,phase2/results/predictions/full/independent_rms/resnet/seed_43/em_n20004_call_electrode_s0.npz,75720,95fff42dfff4015713b280c44e7a45624d78a333967949d520879827bff484c1
resnet,independent_rms,43,em_n20004_call_covariance_s20,phase2/results/predictions/full/independent_rms/resnet/seed_43/em_n20004_call_covariance_s20.npz,76404,c9e99b0cc77bc526e72cb71c84973b5cb71e80b399c3997dda037a922949790e
resnet,independent_rms,43,em_n20004_call_covariance_s10,phase2/results/predictions/full/independent_rms/resnet/seed_43/em_n20004_call_covariance_s10.npz,76284,89590deed9c6c4abb4bbb23c9720ddadae58215388038da744d7e56b46169d30
resnet,independent_rms,43,em_n20004_call_covariance_s0,phase2/results/predictions/full/independent_rms/resnet/seed_43/em_n20004_call_covariance_s0.npz,75720,749bfb097b9af658a788c45c695ffcbb8011a06ccb25282648e8b34acc62852c
resnet,independent_rms,43,em_n20005_call_independent_rms_s20,phase2/results/predictions/full/independent_rms/resnet/seed_43/em_n20005_call_independent_rms_s20.npz,76472,2e973a0ce5f02fa93bee16df9baa85f6f68d8d827331d43bfaec306467534588
resnet,independent_rms,43,em_n20005_call_independent_rms_s10,phase2/results/predictions/full/independent_rms/resnet/seed_43/em_n20005_call_independent_rms_s10.npz,76347,f87d4d346c5223bc7b1b3ce60fc0cb14efaf3b4b51577cd0081601de288a37ed
resnet,independent_rms,43,em_n20005_call_independent_rms_s0,phase2/results/predictions/full/independent_rms/resnet/seed_43/em_n20005_call_independent_rms_s0.npz,75940,9e472149485482c7d1ac9eb46bbb38d4b428f6755359b544504782ad06d83741
resnet,independent_rms,43,em_n20005_call_electrode_s20,phase2/results/predictions/full/independent_rms/resnet/seed_43/em_n20005_call_electrode_s20.npz,76391,2deb30ef9260c6475c014b28497d5615586b66f7705ee1c58c1e89106415b59f
resnet,independent_rms,43,em_n20005_call_electrode_s10,phase2/results/predictions/full/independent_rms/resnet/seed_43/em_n20005_call_electrode_s10.npz,76281,d89894fd028d6430ad4ddaffafa2b7c04cb4ab4b4c554739c02ceed7309ca645
resnet,independent_rms,43,em_n20005_call_electrode_s0,phase2/results/predictions/full/independent_rms/resnet/seed_43/em_n20005_call_electrode_s0.npz,75682,e13d534c99e3a2499cbbe89ff68f552f7680d55a2dd524fd4652a528b901509f
resnet,independent_rms,43,em_n20005_call_covariance_s20,phase2/results/predictions/full/independent_rms/resnet/seed_43/em_n20005_call_covariance_s20.npz,76404,5c15beb77fc5f86f59b7233352d5761c25b939c3150df31239d60efde019a862
resnet,independent_rms,43,em_n20005_call_covariance_s10,phase2/results/predictions/full/independent_rms/resnet/seed_43/em_n20005_call_covariance_s10.npz,76281,7b9274d5fb1962a82c70e7c1d8f7a289f2dbfb0b39f5c29d64b79867f75f8d59
resnet,independent_rms,43,em_n20005_call_covariance_s0,phase2/results/predictions/full/independent_rms/resnet/seed_43/em_n20005_call_covariance_s0.npz,75688,870da518641962fc86d7f8c4d77114b28e02f910e2a492f2ac21e015d1d46629
resnet,electrode,43,clean,phase2/results/predictions/full/electrode/resnet/seed_43/clean.npz,76327,f8e925b4b00f9259e0702e40e7719ff04f99d76b3ff8715c5686ef315228bbe8
resnet,electrode,43,bandpass_n20001_cRA_LA_LL_independent_rms_s20,phase2/results/predictions/full/electrode/resnet/seed_43/bandpass_n20001_cRA_LA_LL_independent_rms_s20.npz,76386,642ede43b22b965846c5af1eb679e1adb0482c5167c0ecb986a88b49e289b203
resnet,electrode,43,bandpass_n20001_cRA_LA_LL_independent_rms_s15,phase2/results/predictions/full/electrode/resnet/seed_43/bandpass_n20001_cRA_LA_LL_independent_rms_s15.npz,76382,5cdf5560d9a6d317b7a7bce843d836f3903d8697ff8ce72e94c0e7f7ae402628
resnet,electrode,43,bandpass_n20001_cRA_LA_LL_independent_rms_s10,phase2/results/predictions/full/electrode/resnet/seed_43/bandpass_n20001_cRA_LA_LL_independent_rms_s10.npz,76363,f6c58cc7ca4619b2d31653286aed85c9447f3b148e83a0d4dcfa5e1711944aeb
resnet,electrode,43,bandpass_n20001_cRA_LA_LL_independent_rms_s5,phase2/results/predictions/full/electrode/resnet/seed_43/bandpass_n20001_cRA_LA_LL_independent_rms_s5.npz,76257,5369375d46c6b2d6a0376d7b24cffada68ca2127f30178834e8c2a02c4339b95
resnet,electrode,43,bandpass_n20001_cRA_LA_LL_independent_rms_s0,phase2/results/predictions/full/electrode/resnet/seed_43/bandpass_n20001_cRA_LA_LL_independent_rms_s0.npz,75901,62715144d8482937dfc1ffe0c5d6e86117b02ae7706ecd8af88f63915a43c9a3
resnet,electrode,43,bandpass_n20001_cRA_LA_LL_electrode_s20,phase2/results/predictions/full/electrode/resnet/seed_43/bandpass_n20001_cRA_LA_LL_electrode_s20.npz,76397,5d5956061c85d0a9a6fc62df15089e90a41bc76c183fc37d1508f8720e005ef9
resnet,electrode,43,bandpass_n20001_cRA_LA_LL_electrode_s15,phase2/results/predictions/full/electrode/resnet/seed_43/bandpass_n20001_cRA_LA_LL_electrode_s15.npz,76381,34f9de007e151d6142b996e738ca5f0ffd721e6a6a93161b24eaa5b7c2f19f2a
resnet,electrode,43,bandpass_n20001_cRA_LA_LL_electrode_s10,phase2/results/predictions/full/electrode/resnet/seed_43/bandpass_n20001_cRA_LA_LL_electrode_s10.npz,76332,e1a392202514403a793da4eb77b5c51a0ccbf276c67486b666dbdb2d6257effe
resnet,electrode,43,bandpass_n20001_cRA_LA_LL_electrode_s5,phase2/results/predictions/full/electrode/resnet/seed_43/bandpass_n20001_cRA_LA_LL_electrode_s5.npz,76104,43fe31a96c7d4e12fe24f9e3d8da6764aa483d641158ab7a10bbdb6f3c437627
resnet,electrode,43,bandpass_n20001_cRA_LA_LL_electrode_s0,phase2/results/predictions/full/electrode/resnet/seed_43/bandpass_n20001_cRA_LA_LL_electrode_s0.npz,75683,8e80e22bfdc9870e068ff57ca14206f5c69fe6b73cb9fe567bddab9e4a0f44f8
resnet,electrode,43,bandpass_n20001_cRA_LA_LL_covariance_s20,phase2/results/predictions/full/electrode/resnet/seed_43/bandpass_n20001_cRA_LA_LL_covariance_s20.npz,76367,cb8a20601783af0fecaaec18c0377163ae037ffd78349dc947fe56f14b44863b
resnet,electrode,43,bandpass_n20001_cRA_LA_LL_covariance_s15,phase2/results/predictions/full/electrode/resnet/seed_43/bandpass_n20001_cRA_LA_LL_covariance_s15.npz,76393,a4dd1ec234123a1e3994b31395a708298b4c04257ec8142f9beb1e733f93e11e
resnet,electrode,43,bandpass_n20001_cRA_LA_LL_covariance_s10,phase2/results/predictions/full/electrode/resnet/seed_43/bandpass_n20001_cRA_LA_LL_covariance_s10.npz,76300,0dc5cbae9b65cf923cd01d5303c1855abe006b44900e39e41fc67c1b9e627767
resnet,electrode,43,bandpass_n20001_cRA_LA_LL_covariance_s5,phase2/results/predictions/full/electrode/resnet/seed_43/bandpass_n20001_cRA_LA_LL_covariance_s5.npz,76127,66a60802a02b8a582a38b3839108cc395719e7bdb7e7a07826168a65830b391a
resnet,electrode,43,bandpass_n20001_cRA_LA_LL_covariance_s0,phase2/results/predictions/full/electrode/resnet/seed_43/bandpass_n20001_cRA_LA_LL_covariance_s0.npz,75675,1190714b7a8688008386a5f9eeb6676dd6ed68d98fa64fccab83018d3cf97a09
resnet,electrode,43,bandpass_n20001_cV1_independent_rms_s20,phase2/results/predictions/full/electrode/resnet/seed_43/bandpass_n20001_cV1_independent_rms_s20.npz,76365,12c1a9c874a0bb7a0f04ff10c03a72232e74ab09233090dbaae120ec282a23e0
resnet,electrode,43,bandpass_n20001_cV1_independent_rms_s15,phase2/results/predictions/full/electrode/resnet/seed_43/bandpass_n20001_cV1_independent_rms_s15.npz,76374,90e92041852f3090b4d071156f2b52a591fc1529a335374b4a808ffc5e688d6b
resnet,electrode,43,bandpass_n20001_cV1_independent_rms_s10,phase2/results/predictions/full/electrode/resnet/seed_43/bandpass_n20001_cV1_independent_rms_s10.npz,76299,3f0e78d9b8cb12878a08218368ffd4cdeafe3ab902e8b4c37c0d6ff1eb0f533f
resnet,electrode,43,bandpass_n20001_cV1_independent_rms_s5,phase2/results/predictions/full/electrode/resnet/seed_43/bandpass_n20001_cV1_independent_rms_s5.npz,76125,b79e93baa5fca22b8c0bdcc504ed8823521530866a4e3b2b5e9d2c9c48e117e0
resnet,electrode,43,bandpass_n20001_cV1_independent_rms_s0,phase2/results/predictions/full/electrode/resnet/seed_43/bandpass_n20001_cV1_independent_rms_s0.npz,75644,68d2aa64d5c0ad7ab1f76766e7d603c4bb006001fd02860f2f2b08a68f06a60c
resnet,electrode,43,bandpass_n20001_cV1_electrode_s20,phase2/results/predictions/full/electrode/resnet/seed_43/bandpass_n20001_cV1_electrode_s20.npz,76383,c3db10c69067835bb1c7cf5a763ab77f33b50b68df6815239f5f8f19a7fa9ba0
resnet,electrode,43,bandpass_n20001_cV1_electrode_s15,phase2/results/predictions/full/electrode/resnet/seed_43/bandpass_n20001_cV1_electrode_s15.npz,76362,6048a300353a281d86292516fb644aa9d1fcd61b0691ef2e556ba35f328ef34b
resnet,electrode,43,bandpass_n20001_cV1_electrode_s10,phase2/results/predictions/full/electrode/resnet/seed_43/bandpass_n20001_cV1_electrode_s10.npz,76288,298035987089ffd073465101bb814f2807efa1d82a37b49ffa902d0e08723dbe
resnet,electrode,43,bandpass_n20001_cV1_electrode_s5,phase2/results/predictions/full/electrode/resnet/seed_43/bandpass_n20001_cV1_electrode_s5.npz,76138,adfa6639d56f924fa4aabb6c8c584aa3476271ccb3124c53143ca4b327b1137c
resnet,electrode,43,bandpass_n20001_cV1_electrode_s0,phase2/results/predictions/full/electrode/resnet/seed_43/bandpass_n20001_cV1_electrode_s0.npz,75670,ba52856be118de63afbe14d16627939941273388404f63e45a89ff21d5bfaa16
resnet,electrode,43,bandpass_n20001_cV1_covariance_s20,phase2/results/predictions/full/electrode/resnet/seed_43/bandpass_n20001_cV1_covariance_s20.npz,76358,f29dd46fa259153f1eca327192ed7f4f0ae574cd335d2d43916d22c877474090
resnet,electrode,43,bandpass_n20001_cV1_covariance_s15,phase2/results/predictions/full/electrode/resnet/seed_43/bandpass_n20001_cV1_covariance_s15.npz,76350,d7c212ac8f18d93a53e462700aee85f55a2e4751fd917ba4c6f09bfbf0f82dbe
resnet,electrode,43,bandpass_n20001_cV1_covariance_s10,phase2/results/predictions/full/electrode/resnet/seed_43/bandpass_n20001_cV1_covariance_s10.npz,76332,ef82bfc4c5d4154d047156393f64c79716a259656e4b8121eaa89a94e96e88b4
resnet,electrode,43,bandpass_n20001_cV1_covariance_s5,phase2/results/predictions/full/electrode/resnet/seed_43/bandpass_n20001_cV1_covariance_s5.npz,76117,a6d14ab6e204ae5876cbfca6f7c9a877032b12075d3fcd7d495bf99a64517e04
resnet,electrode,43,bandpass_n20001_cV1_covariance_s0,phase2/results/predictions/full/electrode/resnet/seed_43/bandpass_n20001_cV1_covariance_s0.npz,75629,06148ccc983a34c2d4b2df0e4b70030a90de962d498f3e5a89ac44512c1d45d1
resnet,electrode,43,bandpass_n20001_cV2_independent_rms_s20,phase2/results/predictions/full/electrode/resnet/seed_43/bandpass_n20001_cV2_independent_rms_s20.npz,76383,44024a6d45ada6d08d10ce818b3fcc110698ad61d7cae24300ea2361ddff127c
resnet,electrode,43,bandpass_n20001_cV2_independent_rms_s15,phase2/results/predictions/full/electrode/resnet/seed_43/bandpass_n20001_cV2_independent_rms_s15.npz,76368,397d400ad0c17b5cfa105d366d012c7474b67af7cdec724f021fd9171afd1237
resnet,electrode,43,bandpass_n20001_cV2_independent_rms_s10,phase2/results/predictions/full/electrode/resnet/seed_43/bandpass_n20001_cV2_independent_rms_s10.npz,76334,086501611321c8636dd4e3813b6e20ce60847ba3564cd3c3099ebbbc2c72b5e8
resnet,electrode,43,bandpass_n20001_cV2_independent_rms_s5,phase2/results/predictions/full/electrode/resnet/seed_43/bandpass_n20001_cV2_independent_rms_s5.npz,76227,23ed6b75540cb455dc7ce2af664a016f96e15d9b413db359a8cb9252500ad910
resnet,electrode,43,bandpass_n20001_cV2_independent_rms_s0,phase2/results/predictions/full/electrode/resnet/seed_43/bandpass_n20001_cV2_independent_rms_s0.npz,75838,d60b0e2ff55d0b0e47992656f33c657a4307a00319380878b71918a52a0bdeac
resnet,electrode,43,bandpass_n20001_cV2_electrode_s20,phase2/results/predictions/full/electrode/resnet/seed_43/bandpass_n20001_cV2_electrode_s20.npz,76359,f9006f4b361a4ea031eee8f0f4f1febe083870361c5673b43abd4f27be1d94e8
resnet,electrode,43,bandpass_n20001_cV2_electrode_s15,phase2/results/predictions/full/electrode/resnet/seed_43/bandpass_n20001_cV2_electrode_s15.npz,76348,7ab4621e4de5df7d00b7f5750143897005d70e16692a2380a07a1a6d94b1ee83
resnet,electrode,43,bandpass_n20001_cV2_electrode_s10,phase2/results/predictions/full/electrode/resnet/seed_43/bandpass_n20001_cV2_electrode_s10.npz,76318,1fb592b4054c03d03718cf7df8079573dc1c7d5373c22b9613bd347e6171228c
resnet,electrode,43,bandpass_n20001_cV2_electrode_s5,phase2/results/predictions/full/electrode/resnet/seed_43/bandpass_n20001_cV2_electrode_s5.npz,76165,2c5027939964a1233109131c1abbe387f28a70a2793c1749213f741f03a05563
resnet,electrode,43,bandpass_n20001_cV2_electrode_s0,phase2/results/predictions/full/electrode/resnet/seed_43/bandpass_n20001_cV2_electrode_s0.npz,75861,5316ce2499dbf79f2a79682166febf9954d8e25887ca488e827fbb9caac69915
resnet,electrode,43,bandpass_n20001_cV2_covariance_s20,phase2/results/predictions/full/electrode/resnet/seed_43/bandpass_n20001_cV2_covariance_s20.npz,76386,1c8f6e46698ec4a0faee1da86e6e3a4de16d09e28f9fb17bab2c0efffd11ab25
resnet,electrode,43,bandpass_n20001_cV2_covariance_s15,phase2/results/predictions/full/electrode/resnet/seed_43/bandpass_n20001_cV2_covariance_s15.npz,76372,f7f7de40d736fc3dd139d1675076427eb276ad134d0f660b710d23fa6c6442a3
resnet,electrode,43,bandpass_n20001_cV2_covariance_s10,phase2/results/predictions/full/electrode/resnet/seed_43/bandpass_n20001_cV2_covariance_s10.npz,76327,999daee23d9c76556e6d580e5eb677a99d57fe451e635646b2e4fbcd7d5231b1
resnet,electrode,43,bandpass_n20001_cV2_covariance_s5,phase2/results/predictions/full/electrode/resnet/seed_43/bandpass_n20001_cV2_covariance_s5.npz,76196,89008ffceb6a30cefb6698630ae53c17d0d85f91797fae0ec589a42323fe3b35
resnet,electrode,43,bandpass_n20001_cV2_covariance_s0,phase2/results/predictions/full/electrode/resnet/seed_43/bandpass_n20001_cV2_covariance_s0.npz,75851,1fe042dba6107295b3b45386727dbcb35f2a6241aef9aad674fb2d4a4d8a6ba1
resnet,electrode,43,bandpass_n20001_cV3_independent_rms_s20,phase2/results/predictions/full/electrode/resnet/seed_43/bandpass_n20001_cV3_independent_rms_s20.npz,76386,2b21b20c43a3d405924eed9d42446e0b9c18a5ed2fc182e49c52f0933a594100
resnet,electrode,43,bandpass_n20001_cV3_independent_rms_s15,phase2/results/predictions/full/electrode/resnet/seed_43/bandpass_n20001_cV3_independent_rms_s15.npz,76448,01c8e518861bd91468d5c3dfbf60db556044b3f1c1552f73f25606e750ea74ab
resnet,electrode,43,bandpass_n20001_cV3_independent_rms_s10,phase2/results/predictions/full/electrode/resnet/seed_43/bandpass_n20001_cV3_independent_rms_s10.npz,76372,ba889b56f5bda7ce91ba6dc83d353973bb7b945965050a824b40fc10d95a1da5
resnet,electrode,43,bandpass_n20001_cV3_independent_rms_s5,phase2/results/predictions/full/electrode/resnet/seed_43/bandpass_n20001_cV3_independent_rms_s5.npz,76299,9c77ea4a38bcc3f501fed6e1f162c20a09d322a38630b48af0391b3df7da13e7
resnet,electrode,43,bandpass_n20001_cV3_independent_rms_s0,phase2/results/predictions/full/electrode/resnet/seed_43/bandpass_n20001_cV3_independent_rms_s0.npz,76038,f34278c256c8798ac5ca211c61612d2b21ff080986916f83300bd26d166b2436
resnet,electrode,43,bandpass_n20001_cV3_electrode_s20,phase2/results/predictions/full/electrode/resnet/seed_43/bandpass_n20001_cV3_electrode_s20.npz,76366,2fe86c0e377ff41cbaa0c1a2e45435d787a827d08ae0e372ac94bf533c0592b1
resnet,electrode,43,bandpass_n20001_cV3_electrode_s15,phase2/results/predictions/full/electrode/resnet/seed_43/bandpass_n20001_cV3_electrode_s15.npz,76402,8632638238e29b9e47453a1b6cb242de8986dbfe669233f9986ccd777bc089d4
resnet,electrode,43,bandpass_n20001_cV3_electrode_s10,phase2/results/predictions/full/electrode/resnet/seed_43/bandpass_n20001_cV3_electrode_s10.npz,76392,23ae1d53dc918c2afc84e2050b0f0651b78f64977bd4b991eed8bf7e29457909
resnet,electrode,43,bandpass_n20001_cV3_electrode_s5,phase2/results/predictions/full/electrode/resnet/seed_43/bandpass_n20001_cV3_electrode_s5.npz,76277,650e1b2f694e34d6fdf418a8065df1c7bb4431b77f89732597c92b8c13fd204c
resnet,electrode,43,bandpass_n20001_cV3_electrode_s0,phase2/results/predictions/full/electrode/resnet/seed_43/bandpass_n20001_cV3_electrode_s0.npz,76021,4e770fdd55d3f2772ed9554392abaadbd97d3aaa8a17ec820c054bdda0a2379c
resnet,electrode,43,bandpass_n20001_cV3_covariance_s20,phase2/results/predictions/full/electrode/resnet/seed_43/bandpass_n20001_cV3_covariance_s20.npz,76395,e4dd79f313b825638d02546c867d51bdf2f45a718baba2cc976c69ce0d7b33b1
resnet,electrode,43,bandpass_n20001_cV3_covariance_s15,phase2/results/predictions/full/electrode/resnet/seed_43/bandpass_n20001_cV3_covariance_s15.npz,76372,4a67b22ac56347843cb5dabb606f56fc2832ee1b47cf26ec7eabda45616651ff
resnet,electrode,43,bandpass_n20001_cV3_covariance_s10,phase2/results/predictions/full/electrode/resnet/seed_43/bandpass_n20001_cV3_covariance_s10.npz,76362,9523f3229fa1259c83fff0bbb225c6711f89a9b6f1ebdbfba4a6cab35b1da0ee
resnet,electrode,43,bandpass_n20001_cV3_covariance_s5,phase2/results/predictions/full/electrode/resnet/seed_43/bandpass_n20001_cV3_covariance_s5.npz,76326,28b0c794c0a76e332112644cab8553c79c0da295b2e861609b50550a139f9620
resnet,electrode,43,bandpass_n20001_cV3_covariance_s0,phase2/results/predictions/full/electrode/resnet/seed_43/bandpass_n20001_cV3_covariance_s0.npz,75966,23bdf365747c729f71959452584fbb6bbe012cad5d9592c4d06a7fef0ddac1b0
resnet,electrode,43,bandpass_n20001_cV4_independent_rms_s20,phase2/results/predictions/full/electrode/resnet/seed_43/bandpass_n20001_cV4_independent_rms_s20.npz,76411,18ed0374b5fbabf7717802dc4b689af8bd4f4bc3e4ca1dec3acf98d2365dd395
resnet,electrode,43,bandpass_n20001_cV4_independent_rms_s15,phase2/results/predictions/full/electrode/resnet/seed_43/bandpass_n20001_cV4_independent_rms_s15.npz,76366,7ab7033496d7366e1846fe47ac1d4b8fc8902e5858823b44fff36884c6137aab
resnet,electrode,43,bandpass_n20001_cV4_independent_rms_s10,phase2/results/predictions/full/electrode/resnet/seed_43/bandpass_n20001_cV4_independent_rms_s10.npz,76371,c9897086213e4afb917fae9e4f5149908531366156c46ae563d8b28880583c7f
resnet,electrode,43,bandpass_n20001_cV4_independent_rms_s5,phase2/results/predictions/full/electrode/resnet/seed_43/bandpass_n20001_cV4_independent_rms_s5.npz,76246,02925129f7ae8ec9091921840ee05223ae1659d6de73bc91a9ee87cf954a6cf6
resnet,electrode,43,bandpass_n20001_cV4_independent_rms_s0,phase2/results/predictions/full/electrode/resnet/seed_43/bandpass_n20001_cV4_independent_rms_s0.npz,76046,a580d9e1c2c3bf1af471650f2154c70a8c21ce6980483d71a11d26751fe3950a
resnet,electrode,43,bandpass_n20001_cV4_electrode_s20,phase2/results/predictions/full/electrode/resnet/seed_43/bandpass_n20001_cV4_electrode_s20.npz,76391,977e7678914ba85e4544dc52614cbed609aedfc44857aac163170b48ad2a511b
resnet,electrode,43,bandpass_n20001_cV4_electrode_s15,phase2/results/predictions/full/electrode/resnet/seed_43/bandpass_n20001_cV4_electrode_s15.npz,76360,6a1ca287044db7ea2cc0e584ceb85b716a2b8695712a805fa8e2979f7a83ae30
resnet,electrode,43,bandpass_n20001_cV4_electrode_s10,phase2/results/predictions/full/electrode/resnet/seed_43/bandpass_n20001_cV4_electrode_s10.npz,76371,2873feac8eac4abac8b964388069a88079b5f685a149b57f99cf36867a4ed80e
resnet,electrode,43,bandpass_n20001_cV4_electrode_s5,phase2/results/predictions/full/electrode/resnet/seed_43/bandpass_n20001_cV4_electrode_s5.npz,76281,9b5b9d2ce5630aca7a36fb2199bf52be4bce28f28bcde653cf24c0f5ba51ab1b
resnet,electrode,43,bandpass_n20001_cV4_electrode_s0,phase2/results/predictions/full/electrode/resnet/seed_43/bandpass_n20001_cV4_electrode_s0.npz,76026,da978569b87262dade1914e1b5af3ff2d9658d385f24e6372a818f29152b0ef7
resnet,electrode,43,bandpass_n20001_cV4_covariance_s20,phase2/results/predictions/full/electrode/resnet/seed_43/bandpass_n20001_cV4_covariance_s20.npz,76327,b2c94c819d8f05672a5dfde850bd8ff9077e64fa3fcf99f3f6cd72d390e1ad99
resnet,electrode,43,bandpass_n20001_cV4_covariance_s15,phase2/results/predictions/full/electrode/resnet/seed_43/bandpass_n20001_cV4_covariance_s15.npz,76388,95d1858f0e6c80f66f014dc3ba35c8e6b13340ede5cc63db8db0aa3682e7c4b9
resnet,electrode,43,bandpass_n20001_cV4_covariance_s10,phase2/results/predictions/full/electrode/resnet/seed_43/bandpass_n20001_cV4_covariance_s10.npz,76310,6fe1b010cc7e191e4fca991b8df2e4ee05e9808292c3201eaf12a4a8917ea813
resnet,electrode,43,bandpass_n20001_cV4_covariance_s5,phase2/results/predictions/full/electrode/resnet/seed_43/bandpass_n20001_cV4_covariance_s5.npz,76275,7dc236a5b819881be561bb3c8f87d9dd28d2a871204218e203798df1e4a47e55
resnet,electrode,43,bandpass_n20001_cV4_covariance_s0,phase2/results/predictions/full/electrode/resnet/seed_43/bandpass_n20001_cV4_covariance_s0.npz,76002,059ceaf156e1bef9e2b7f027cc3d7bf1bc30992e48276f227ec2af0f33a07ccb
resnet,electrode,43,bandpass_n20001_cV5_independent_rms_s20,phase2/results/predictions/full/electrode/resnet/seed_43/bandpass_n20001_cV5_independent_rms_s20.npz,76378,1d9868212374c6f09feb057b90c400f2407f9b35a0ea82bd521b486d34008141
resnet,electrode,43,bandpass_n20001_cV5_independent_rms_s15,phase2/results/predictions/full/electrode/resnet/seed_43/bandpass_n20001_cV5_independent_rms_s15.npz,76363,17c154d0c722d86a35f610799889864b7e85f8c95f27e2c70d735f486dd686d4
resnet,electrode,43,bandpass_n20001_cV5_independent_rms_s10,phase2/results/predictions/full/electrode/resnet/seed_43/bandpass_n20001_cV5_independent_rms_s10.npz,76371,40a1c32414ef0fa501d32827f0ca1d9c68e1576fbb4974283f1ce542762f40b5
resnet,electrode,43,bandpass_n20001_cV5_independent_rms_s5,phase2/results/predictions/full/electrode/resnet/seed_43/bandpass_n20001_cV5_independent_rms_s5.npz,76217,1893485ec895d6ab06be8b491f1eb560448e2526bf86686b34161219570cbfb2
resnet,electrode,43,bandpass_n20001_cV5_independent_rms_s0,phase2/results/predictions/full/electrode/resnet/seed_43/bandpass_n20001_cV5_independent_rms_s0.npz,76004,c514654931ee74125ae66795ba6e69bbbca758367c0a6ad4f85ddd915a88377a
resnet,electrode,43,bandpass_n20001_cV5_electrode_s20,phase2/results/predictions/full/electrode/resnet/seed_43/bandpass_n20001_cV5_electrode_s20.npz,76361,96bbb1d7daa36edaa97d43b325342ef2261af64b8284fb0cb942262b46ae7da8
resnet,electrode,43,bandpass_n20001_cV5_electrode_s15,phase2/results/predictions/full/electrode/resnet/seed_43/bandpass_n20001_cV5_electrode_s15.npz,76358,f841f97b4f0c4e051cbdf917c8bc299201f7c92e4aab0bf03e05b8dbd59bd041
resnet,electrode,43,bandpass_n20001_cV5_electrode_s10,phase2/results/predictions/full/electrode/resnet/seed_43/bandpass_n20001_cV5_electrode_s10.npz,76325,f4b09ff9242e73981a5529674582c60d59e6b705d535373bed41adc69d2966a5
resnet,electrode,43,bandpass_n20001_cV5_electrode_s5,phase2/results/predictions/full/electrode/resnet/seed_43/bandpass_n20001_cV5_electrode_s5.npz,76220,244bac55332d30a8fff2b99f7c2cb5fe21e7b71bff0fa968b6ff1954b4015fba
resnet,electrode,43,bandpass_n20001_cV5_electrode_s0,phase2/results/predictions/full/electrode/resnet/seed_43/bandpass_n20001_cV5_electrode_s0.npz,75955,2a9098522ce411f719c47494b3e32fa39b2fcebb3a74439884ff16bed40f3e5c
resnet,electrode,43,bandpass_n20001_cV5_covariance_s20,phase2/results/predictions/full/electrode/resnet/seed_43/bandpass_n20001_cV5_covariance_s20.npz,76368,38d2a76bd5421866692d692e2ffc98afc720c281c97e5d6724ad22fb2d0b5e52
resnet,electrode,43,bandpass_n20001_cV5_covariance_s15,phase2/results/predictions/full/electrode/resnet/seed_43/bandpass_n20001_cV5_covariance_s15.npz,76348,21716c9b80e25653662a3d55f0db9ccde877a6b12cf3e1915c33fa411bfc1087
resnet,electrode,43,bandpass_n20001_cV5_covariance_s10,phase2/results/predictions/full/electrode/resnet/seed_43/bandpass_n20001_cV5_covariance_s10.npz,76380,d32f5123c02326fb428054d9436c32832e4a49ed06502d1a1aead8c862a3fa97
resnet,electrode,43,bandpass_n20001_cV5_covariance_s5,phase2/results/predictions/full/electrode/resnet/seed_43/bandpass_n20001_cV5_covariance_s5.npz,76257,a39e9e3a93a5878a68d9d84b50404f448cd315f37123a5c9a1c2272a383cd375
resnet,electrode,43,bandpass_n20001_cV5_covariance_s0,phase2/results/predictions/full/electrode/resnet/seed_43/bandpass_n20001_cV5_covariance_s0.npz,75970,7851584132d08679d846dd46d17430439cfd1657c625f80a017579587db36df6
resnet,electrode,43,bandpass_n20001_cV6_independent_rms_s20,phase2/results/predictions/full/electrode/resnet/seed_43/bandpass_n20001_cV6_independent_rms_s20.npz,76354,6ca3aa8b63dbfac2da5f5943f8aa9011006deaa7359de544c551c9be5aaea984
resnet,electrode,43,bandpass_n20001_cV6_independent_rms_s15,phase2/results/predictions/full/electrode/resnet/seed_43/bandpass_n20001_cV6_independent_rms_s15.npz,76417,b8f4a6edca3600acd2bae02e6e42ef64579d6ce703ef3c023add40ca1e432218
resnet,electrode,43,bandpass_n20001_cV6_independent_rms_s10,phase2/results/predictions/full/electrode/resnet/seed_43/bandpass_n20001_cV6_independent_rms_s10.npz,76355,b70d8d83cb72ef84b4918a1e14d5979cb31f2cd5a756c5849f88c9e504d2762d
resnet,electrode,43,bandpass_n20001_cV6_independent_rms_s5,phase2/results/predictions/full/electrode/resnet/seed_43/bandpass_n20001_cV6_independent_rms_s5.npz,76261,6c2ccb45fb6d3431c89225fee4e5a90d83ea2ffd53f73eaaed512eb102f4b35f
resnet,electrode,43,bandpass_n20001_cV6_independent_rms_s0,phase2/results/predictions/full/electrode/resnet/seed_43/bandpass_n20001_cV6_independent_rms_s0.npz,75999,64320ba585450417042ba9d6ce6f6c673bbc8c69444c39756a1e2766ad1954f0
resnet,electrode,43,bandpass_n20001_cV6_electrode_s20,phase2/results/predictions/full/electrode/resnet/seed_43/bandpass_n20001_cV6_electrode_s20.npz,76357,5374cc02e9ddd86777bd24e4511960b5e559852b99d9cd563f93d0ab1bab1360
resnet,electrode,43,bandpass_n20001_cV6_electrode_s15,phase2/results/predictions/full/electrode/resnet/seed_43/bandpass_n20001_cV6_electrode_s15.npz,76362,246d04b0b068bed99b12d78f279f58a166d7a4aaad2240ce406049fdf39ce9d6
resnet,electrode,43,bandpass_n20001_cV6_electrode_s10,phase2/results/predictions/full/electrode/resnet/seed_43/bandpass_n20001_cV6_electrode_s10.npz,76323,0f9db04c323379f68d0fca2050f32e9710ca63fbc5ac661e4ae1704ee4dff5b6
resnet,electrode,43,bandpass_n20001_cV6_electrode_s5,phase2/results/predictions/full/electrode/resnet/seed_43/bandpass_n20001_cV6_electrode_s5.npz,76238,e78707212f2a6439aba5e45ea708a89fe13b83dd4ff391c76c21c9f4d84c4111
resnet,electrode,43,bandpass_n20001_cV6_electrode_s0,phase2/results/predictions/full/electrode/resnet/seed_43/bandpass_n20001_cV6_electrode_s0.npz,75972,315d290bc939e3b74eb94ff91375e3a983ff004e05d8ef5c175a6baad95ca22a
resnet,electrode,43,bandpass_n20001_cV6_covariance_s20,phase2/results/predictions/full/electrode/resnet/seed_43/bandpass_n20001_cV6_covariance_s20.npz,76352,6cae819624bb64093a4c9f5c0312ba6c72dd69d33db409fc3a02b8435b2d2f31
resnet,electrode,43,bandpass_n20001_cV6_covariance_s15,phase2/results/predictions/full/electrode/resnet/seed_43/bandpass_n20001_cV6_covariance_s15.npz,76352,6369beb1a09314f5776edb3a6e31b7e94de4db7f0ec236baa7ece1d790f82576
resnet,electrode,43,bandpass_n20001_cV6_covariance_s10,phase2/results/predictions/full/electrode/resnet/seed_43/bandpass_n20001_cV6_covariance_s10.npz,76378,dca7355deb5942ae8b61e0b6c429500d036bfae5a2f60f2c13b560533a7b80e0
resnet,electrode,43,bandpass_n20001_cV6_covariance_s5,phase2/results/predictions/full/electrode/resnet/seed_43/bandpass_n20001_cV6_covariance_s5.npz,76244,e3ab3b9eac080f5d1bf9b2440fb460d42601c7308458f4aecfa79094eb0cea16
resnet,electrode,43,bandpass_n20001_cV6_covariance_s0,phase2/results/predictions/full/electrode/resnet/seed_43/bandpass_n20001_cV6_covariance_s0.npz,76013,168c5e9142cbd34362d6c32ce8079a3d643a98f284b680ae2e87b10690aca9fd
resnet,electrode,43,bandpass_n20001_cRA_LA_independent_rms_s20,phase2/results/predictions/full/electrode/resnet/seed_43/bandpass_n20001_cRA_LA_independent_rms_s20.npz,76411,380546d3ce588d3ef2256f3f8809c1ec413f50c1daab363f9f6c80a3644f61d6
resnet,electrode,43,bandpass_n20001_cRA_LA_independent_rms_s15,phase2/results/predictions/full/electrode/resnet/seed_43/bandpass_n20001_cRA_LA_independent_rms_s15.npz,76393,fc967d2dcd04595c3c79f4491eb1bcbc59750f8d849dc2ca0afe914cbfb5406a
resnet,electrode,43,bandpass_n20001_cRA_LA_independent_rms_s10,phase2/results/predictions/full/electrode/resnet/seed_43/bandpass_n20001_cRA_LA_independent_rms_s10.npz,76380,e165fb8f013ed9b328abbe6be276c541fafda5ee3cd585b668c182a1a3fe341e
resnet,electrode,43,bandpass_n20001_cRA_LA_independent_rms_s5,phase2/results/predictions/full/electrode/resnet/seed_43/bandpass_n20001_cRA_LA_independent_rms_s5.npz,76247,0d920b95b797739aa70015fb4bdbee47d66013b3c8485d54f80a1d6a5ab94578
resnet,electrode,43,bandpass_n20001_cRA_LA_independent_rms_s0,phase2/results/predictions/full/electrode/resnet/seed_43/bandpass_n20001_cRA_LA_independent_rms_s0.npz,75909,3094488d595ec54e5335ed96b412cb2e54f74f45dbb9e9182c1a18bfe3658859
resnet,electrode,43,bandpass_n20001_cRA_LA_electrode_s20,phase2/results/predictions/full/electrode/resnet/seed_43/bandpass_n20001_cRA_LA_electrode_s20.npz,76379,72cf7a5520676685261263459d52437b124e08b8283ebd0cbfb5da5f37dfab51
resnet,electrode,43,bandpass_n20001_cRA_LA_electrode_s15,phase2/results/predictions/full/electrode/resnet/seed_43/bandpass_n20001_cRA_LA_electrode_s15.npz,76372,9a36733f0140dd2f4fd24c5e6e21a1de81ef52840e8d165a052a51425b841662
resnet,electrode,43,bandpass_n20001_cRA_LA_electrode_s10,phase2/results/predictions/full/electrode/resnet/seed_43/bandpass_n20001_cRA_LA_electrode_s10.npz,76321,35aabd2a979831b8a27ab49861cb102848694e7b2220b8723cd8303241977f84
resnet,electrode,43,bandpass_n20001_cRA_LA_electrode_s5,phase2/results/predictions/full/electrode/resnet/seed_43/bandpass_n20001_cRA_LA_electrode_s5.npz,76139,5da0ba62c024dca82c2e67f398739714f26370ff28a8616851ad5e03b90c13f9
resnet,electrode,43,bandpass_n20001_cRA_LA_electrode_s0,phase2/results/predictions/full/electrode/resnet/seed_43/bandpass_n20001_cRA_LA_electrode_s0.npz,75695,6588b3bb2e9eac19238c5a0500608b3c11a815b0f915120123f1992ceff58fc5
resnet,electrode,43,bandpass_n20001_cRA_LA_covariance_s20,phase2/results/predictions/full/electrode/resnet/seed_43/bandpass_n20001_cRA_LA_covariance_s20.npz,76414,d4f3ade3cc51ccbd7f58a4e0665324ce40448ed8a471df7e5705241e83f8b4a2
resnet,electrode,43,bandpass_n20001_cRA_LA_covariance_s15,phase2/results/predictions/full/electrode/resnet/seed_43/bandpass_n20001_cRA_LA_covariance_s15.npz,76378,55efc8595bb6b529196dac314c5e5d6739360dc466c3dc716753f1d98863556b
resnet,electrode,43,bandpass_n20001_cRA_LA_covariance_s10,phase2/results/predictions/full/electrode/resnet/seed_43/bandpass_n20001_cRA_LA_covariance_s10.npz,76323,83afe78bc18751742355ae0580e7bc5b2126269de3f64a78bd5f5d7a9145c136
resnet,electrode,43,bandpass_n20001_cRA_LA_covariance_s5,phase2/results/predictions/full/electrode/resnet/seed_43/bandpass_n20001_cRA_LA_covariance_s5.npz,76143,e674bc81bdb54ae07ff2d314fc032d61749ba46e2f873f56fafed6ede35fb8f0
resnet,electrode,43,bandpass_n20001_cRA_LA_covariance_s0,phase2/results/predictions/full/electrode/resnet/seed_43/bandpass_n20001_cRA_LA_covariance_s0.npz,75710,b77887e2d5bbc6148e935fa74a32da74cebace50cd0efb055ee232783ff284d8
resnet,electrode,43,bandpass_n20001_cLA_LL_independent_rms_s20,phase2/results/predictions/full/electrode/resnet/seed_43/bandpass_n20001_cLA_LL_independent_rms_s20.npz,76437,de7c5461005b3af7223a62ef784d45e383d6066e4bd0155b696eb5738930a0a9
resnet,electrode,43,bandpass_n20001_cLA_LL_independent_rms_s15,phase2/results/predictions/full/electrode/resnet/seed_43/bandpass_n20001_cLA_LL_independent_rms_s15.npz,76404,6ceca72613daf50b01491ad8f5e727b9b8a8cdaf797050a16895b56b8ccacb2a
resnet,electrode,43,bandpass_n20001_cLA_LL_independent_rms_s10,phase2/results/predictions/full/electrode/resnet/seed_43/bandpass_n20001_cLA_LL_independent_rms_s10.npz,76321,e230778f5e517509b64b5083505aafe099b261d05ed745e66a9e4acee3c1e1da
resnet,electrode,43,bandpass_n20001_cLA_LL_independent_rms_s5,phase2/results/predictions/full/electrode/resnet/seed_43/bandpass_n20001_cLA_LL_independent_rms_s5.npz,76276,e8af91060f3ea4ab5b3d44479bbb7da86d039ad06171cbbdaaa1a87d6dfad331
resnet,electrode,43,bandpass_n20001_cLA_LL_independent_rms_s0,phase2/results/predictions/full/electrode/resnet/seed_43/bandpass_n20001_cLA_LL_independent_rms_s0.npz,75902,39efa67e77174a62b2d67c929f0cf95e85d4adf961864cf48117b4f8b0d0b571
resnet,electrode,43,bandpass_n20001_cLA_LL_electrode_s20,phase2/results/predictions/full/electrode/resnet/seed_43/bandpass_n20001_cLA_LL_electrode_s20.npz,76364,20f84702f5dd9abc4c4cf921c5ff266d06c69f7b7cca1d77bf9be6f2b472a321
resnet,electrode,43,bandpass_n20001_cLA_LL_electrode_s15,phase2/results/predictions/full/electrode/resnet/seed_43/bandpass_n20001_cLA_LL_electrode_s15.npz,76353,f8f6db13bc277a80e39def0fcfc9aea2476b7eecc8deb2b2cc3f8701fae8419f
resnet,electrode,43,bandpass_n20001_cLA_LL_electrode_s10,phase2/results/predictions/full/electrode/resnet/seed_43/bandpass_n20001_cLA_LL_electrode_s10.npz,76330,d9ce04ed5727cc758bc37be40674b73faf4ec9b7b397d318fc8ef6a05285edc7
resnet,electrode,43,bandpass_n20001_cLA_LL_electrode_s5,phase2/results/predictions/full/electrode/resnet/seed_43/bandpass_n20001_cLA_LL_electrode_s5.npz,76165,5ae03227bc1fdb34500a7a38893e74dbd18a80dfdce0308f20109bd862507924
resnet,electrode,43,bandpass_n20001_cLA_LL_electrode_s0,phase2/results/predictions/full/electrode/resnet/seed_43/bandpass_n20001_cLA_LL_electrode_s0.npz,75722,742f6a425d04a30eb0b359f4ffe359463a71bf0a476aa6184063f57f5d7acb2b
resnet,electrode,43,bandpass_n20001_cLA_LL_covariance_s20,phase2/results/predictions/full/electrode/resnet/seed_43/bandpass_n20001_cLA_LL_covariance_s20.npz,76387,844ea2be02288a8dcadf37bedab46d8aa67c9f97157f74b57ec134c40323b2df
resnet,electrode,43,bandpass_n20001_cLA_LL_covariance_s15,phase2/results/predictions/full/electrode/resnet/seed_43/bandpass_n20001_cLA_LL_covariance_s15.npz,76334,1b77f7688466c00f61ab43ea88598e09221ee595b23d173f019f7acb011bd5cd
resnet,electrode,43,bandpass_n20001_cLA_LL_covariance_s10,phase2/results/predictions/full/electrode/resnet/seed_43/bandpass_n20001_cLA_LL_covariance_s10.npz,76318,f080b4ef58f436879ff0b02b0f4955cb948d3b1925cf852218b12d6f014fe047
resnet,electrode,43,bandpass_n20001_cLA_LL_covariance_s5,phase2/results/predictions/full/electrode/resnet/seed_43/bandpass_n20001_cLA_LL_covariance_s5.npz,76149,b7b866ebbd7a05a9fbdd79b476628277db55e4c1bbfaae7aa2c003e2ef0ad6a6
resnet,electrode,43,bandpass_n20001_cLA_LL_covariance_s0,phase2/results/predictions/full/electrode/resnet/seed_43/bandpass_n20001_cLA_LL_covariance_s0.npz,75672,a38536418b8c37f32f44f92023cd0abf05dbcf63d95ec8ba934b193dadf3ca42
resnet,electrode,43,bandpass_n20001_cRA_LL_independent_rms_s20,phase2/results/predictions/full/electrode/resnet/seed_43/bandpass_n20001_cRA_LL_independent_rms_s20.npz,76402,0669b830542ed74fa5c5672bf27e81620fd37193f253a83d028b5b3a7875c8d4
resnet,electrode,43,bandpass_n20001_cRA_LL_independent_rms_s15,phase2/results/predictions/full/electrode/resnet/seed_43/bandpass_n20001_cRA_LL_independent_rms_s15.npz,76369,dfbd3339b268b4ca90ba8acab8c2325d8570801eca9a5ffd1c473380744b784b
resnet,electrode,43,bandpass_n20001_cRA_LL_independent_rms_s10,phase2/results/predictions/full/electrode/resnet/seed_43/bandpass_n20001_cRA_LL_independent_rms_s10.npz,76367,f8df4b5f3eecf7090f04aaa0677c447bab737e102cd24d0f55459cadcf613950
resnet,electrode,43,bandpass_n20001_cRA_LL_independent_rms_s5,phase2/results/predictions/full/electrode/resnet/seed_43/bandpass_n20001_cRA_LL_independent_rms_s5.npz,76236,d730350dab5ebc87610f86b98f9bd077aa0eda64dd07c751be6fc3ba7c877019
resnet,electrode,43,bandpass_n20001_cRA_LL_independent_rms_s0,phase2/results/predictions/full/electrode/resnet/seed_43/bandpass_n20001_cRA_LL_independent_rms_s0.npz,75907,3c7d73ffc06b6930c302bd853940f07c5809b43404289e5d6212e3877e9f9703
resnet,electrode,43,bandpass_n20001_cRA_LL_electrode_s20,phase2/results/predictions/full/electrode/resnet/seed_43/bandpass_n20001_cRA_LL_electrode_s20.npz,76419,4c160cfae5178a9ee4034f721f6ee6dae53ce4991e4cc8768a1f3143f2f39262
resnet,electrode,43,bandpass_n20001_cRA_LL_electrode_s15,phase2/results/predictions/full/electrode/resnet/seed_43/bandpass_n20001_cRA_LL_electrode_s15.npz,76380,8e0923eee7fee8e65fd3c5591389ef3fb6e15f42b09d85176c9ef37c9debe250
resnet,electrode,43,bandpass_n20001_cRA_LL_electrode_s10,phase2/results/predictions/full/electrode/resnet/seed_43/bandpass_n20001_cRA_LL_electrode_s10.npz,76289,a6405c414d929fcc060b2cf245624ce89ada9c50a69ba838fd76eed468e83faf
resnet,electrode,43,bandpass_n20001_cRA_LL_electrode_s5,phase2/results/predictions/full/electrode/resnet/seed_43/bandpass_n20001_cRA_LL_electrode_s5.npz,76059,88bf7967c14950408112fc103577559f92bf054d867f3c65833b79bcf4b14e2e
resnet,electrode,43,bandpass_n20001_cRA_LL_electrode_s0,phase2/results/predictions/full/electrode/resnet/seed_43/bandpass_n20001_cRA_LL_electrode_s0.npz,75644,cc03ad655a970bf166d0b099544b68d2eab54d0de25155128d31b897f27ec87c
resnet,electrode,43,bandpass_n20001_cRA_LL_covariance_s20,phase2/results/predictions/full/electrode/resnet/seed_43/bandpass_n20001_cRA_LL_covariance_s20.npz,76374,41dd26f923ad827a503ca01760b61f43c9e4b763f4a2e3802c6fa2f92db29aaf
resnet,electrode,43,bandpass_n20001_cRA_LL_covariance_s15,phase2/results/predictions/full/electrode/resnet/seed_43/bandpass_n20001_cRA_LL_covariance_s15.npz,76378,f3c3f7d784d7af7de4790314c3f7596ef2085c03774eda24abd379577bff41f5
resnet,electrode,43,bandpass_n20001_cRA_LL_covariance_s10,phase2/results/predictions/full/electrode/resnet/seed_43/bandpass_n20001_cRA_LL_covariance_s10.npz,76261,880a728c88b8668bf20f5abdc677741f5bdd48aeac3bbb66a340eb241461ea99
resnet,electrode,43,bandpass_n20001_cRA_LL_covariance_s5,phase2/results/predictions/full/electrode/resnet/seed_43/bandpass_n20001_cRA_LL_covariance_s5.npz,76082,c0ff2e70ef6ff27aa90ec31f777e12e5d738a3d5a61329fa95b3791889db54e7
resnet,electrode,43,bandpass_n20001_cRA_LL_covariance_s0,phase2/results/predictions/full/electrode/resnet/seed_43/bandpass_n20001_cRA_LL_covariance_s0.npz,75630,b6588056970628317e04a803725097e9de54c66642e1eaff50b54f4fdac02ff4
resnet,electrode,43,bandpass_n20001_cRA_independent_rms_s20,phase2/results/predictions/full/electrode/resnet/seed_43/bandpass_n20001_cRA_independent_rms_s20.npz,76364,d8b51c4462b1233ce11efcff6c530d7dca00c709de23cd03859fc05bcf3168b0
resnet,electrode,43,bandpass_n20001_cRA_independent_rms_s15,phase2/results/predictions/full/electrode/resnet/seed_43/bandpass_n20001_cRA_independent_rms_s15.npz,76381,23455f29d395491d636e7f4a7e1f542112636f745bb4e37ee0f209451de53cc6
resnet,electrode,43,bandpass_n20001_cRA_independent_rms_s10,phase2/results/predictions/full/electrode/resnet/seed_43/bandpass_n20001_cRA_independent_rms_s10.npz,76330,3b4769814a12c9fd20580e1eb427eb39cefd1ab79cf1397f293d5840a3f8f361
resnet,electrode,43,bandpass_n20001_cRA_independent_rms_s5,phase2/results/predictions/full/electrode/resnet/seed_43/bandpass_n20001_cRA_independent_rms_s5.npz,76243,aaafacb1f54fff2601001b3ca0034a97980039d3fbdb8a27d4b742b683c6944c
resnet,electrode,43,bandpass_n20001_cRA_independent_rms_s0,phase2/results/predictions/full/electrode/resnet/seed_43/bandpass_n20001_cRA_independent_rms_s0.npz,75918,55d80ce5850974584adeea9f40950c71767986dec88d0547146aff2d7702e264
resnet,electrode,43,bandpass_n20001_cRA_electrode_s20,phase2/results/predictions/full/electrode/resnet/seed_43/bandpass_n20001_cRA_electrode_s20.npz,76375,3f743d6161cb943f2253e197f11b7d0c2a9a6f91350dff0fd3c82c483dda5805
resnet,electrode,43,bandpass_n20001_cRA_electrode_s15,phase2/results/predictions/full/electrode/resnet/seed_43/bandpass_n20001_cRA_electrode_s15.npz,76353,4f1258a38b7940e7cbfdbe22cf8cf9ee1db8c3c1439095f08cf59f6f2a56a684
resnet,electrode,43,bandpass_n20001_cRA_electrode_s10,phase2/results/predictions/full/electrode/resnet/seed_43/bandpass_n20001_cRA_electrode_s10.npz,76317,445dee897014dedad5b3bd77ae7cb21971695f1d8dd4bfd90865d37a88e3275e
resnet,electrode,43,bandpass_n20001_cRA_electrode_s5,phase2/results/predictions/full/electrode/resnet/seed_43/bandpass_n20001_cRA_electrode_s5.npz,76123,e7bf25fcb742591253d420aaf224c73020de19583a0b02a0a64d6bf8ed413da4
resnet,electrode,43,bandpass_n20001_cRA_electrode_s0,phase2/results/predictions/full/electrode/resnet/seed_43/bandpass_n20001_cRA_electrode_s0.npz,75691,79ada18ebc993f8c3813ed70ea93a2095e18b5916b7c74b4859d89e4a7b44ce1
resnet,electrode,43,bandpass_n20001_cRA_covariance_s20,phase2/results/predictions/full/electrode/resnet/seed_43/bandpass_n20001_cRA_covariance_s20.npz,76397,3f8f463a88cd4bee125cf63869f7e678b178c1eaaf9d3606588f053b9d1c0c9b
resnet,electrode,43,bandpass_n20001_cRA_covariance_s15,phase2/results/predictions/full/electrode/resnet/seed_43/bandpass_n20001_cRA_covariance_s15.npz,76397,b28bd4ef8b49fa051c416a1533d3dd158f41def2a42d191fb1228b4f20f4c42c
resnet,electrode,43,bandpass_n20001_cRA_covariance_s10,phase2/results/predictions/full/electrode/resnet/seed_43/bandpass_n20001_cRA_covariance_s10.npz,76316,aa62b9a9b6a68dfbb0cf17f3aa59088660133bab600e9497a0ea53fbd3f6f240
resnet,electrode,43,bandpass_n20001_cRA_covariance_s5,phase2/results/predictions/full/electrode/resnet/seed_43/bandpass_n20001_cRA_covariance_s5.npz,76119,9e16d029d27feb383bb31d230a88bca30747fc256d686ae5594994dc6e339b60
resnet,electrode,43,bandpass_n20001_cRA_covariance_s0,phase2/results/predictions/full/electrode/resnet/seed_43/bandpass_n20001_cRA_covariance_s0.npz,75716,d9d367082bb08affef7a5ae014897821ebfcdec4b67523bb3cb4b33598cec1aa
resnet,electrode,43,bandpass_n20001_cLA_independent_rms_s20,phase2/results/predictions/full/electrode/resnet/seed_43/bandpass_n20001_cLA_independent_rms_s20.npz,76381,b58a1dc31aeb6fb377af7fc9a2c0f0171c59f9088c980fba43c104d6231b8f8b
resnet,electrode,43,bandpass_n20001_cLA_independent_rms_s15,phase2/results/predictions/full/electrode/resnet/seed_43/bandpass_n20001_cLA_independent_rms_s15.npz,76386,9c7af337cb4604740104b051cf2da7c100fec9bbc85e024d26c6cc60bf6fa421
resnet,electrode,43,bandpass_n20001_cLA_independent_rms_s10,phase2/results/predictions/full/electrode/resnet/seed_43/bandpass_n20001_cLA_independent_rms_s10.npz,76374,ec360d1a9f03816cdf46ff3823ef0656df1d91dba67527d740252c0d6117fd30
resnet,electrode,43,bandpass_n20001_cLA_independent_rms_s5,phase2/results/predictions/full/electrode/resnet/seed_43/bandpass_n20001_cLA_independent_rms_s5.npz,76211,90fff58434ea2ba1e30950e1bdad1329ac16523683edc85448f9e8425fc02d89
resnet,electrode,43,bandpass_n20001_cLA_independent_rms_s0,phase2/results/predictions/full/electrode/resnet/seed_43/bandpass_n20001_cLA_independent_rms_s0.npz,75907,0770e1119f6c1e503ddba747d35542967651dd4519cb2461ee267a3cb84eee11
resnet,electrode,43,bandpass_n20001_cLA_electrode_s20,phase2/results/predictions/full/electrode/resnet/seed_43/bandpass_n20001_cLA_electrode_s20.npz,76407,3cf43298f05c2770357b7d4cf403d2c8b04abb61922acb13381a7faa2ee2fa0e
resnet,electrode,43,bandpass_n20001_cLA_electrode_s15,phase2/results/predictions/full/electrode/resnet/seed_43/bandpass_n20001_cLA_electrode_s15.npz,76382,287b951f3443c9de17bc949db597587f1675d35afe6f738203d683a6221305d1
resnet,electrode,43,bandpass_n20001_cLA_electrode_s10,phase2/results/predictions/full/electrode/resnet/seed_43/bandpass_n20001_cLA_electrode_s10.npz,76346,640e1e2d9d2baa9375e64bafeda619e0a2b96150941eec8d17f5951ae186837f
resnet,electrode,43,bandpass_n20001_cLA_electrode_s5,phase2/results/predictions/full/electrode/resnet/seed_43/bandpass_n20001_cLA_electrode_s5.npz,76159,1fe7eb0ee9771dc7d21ab135c113e077e95829f2bc31abdb7350d50e078460b2
resnet,electrode,43,bandpass_n20001_cLA_electrode_s0,phase2/results/predictions/full/electrode/resnet/seed_43/bandpass_n20001_cLA_electrode_s0.npz,75735,9acb1f3bf26fca63a9d00778b6ebf7d5573c298443bbb569e87b8ca07f343e14
resnet,electrode,43,bandpass_n20001_cLA_covariance_s20,phase2/results/predictions/full/electrode/resnet/seed_43/bandpass_n20001_cLA_covariance_s20.npz,76372,e817d8c97d66556b66a99543135e7eee72264991e71ea689d66472c343c62105
resnet,electrode,43,bandpass_n20001_cLA_covariance_s15,phase2/results/predictions/full/electrode/resnet/seed_43/bandpass_n20001_cLA_covariance_s15.npz,76371,526970f59c5627c09f99dd3ac3c7ff0849ba4bba124c41c54dd058565ada8c8f
resnet,electrode,43,bandpass_n20001_cLA_covariance_s10,phase2/results/predictions/full/electrode/resnet/seed_43/bandpass_n20001_cLA_covariance_s10.npz,76337,7dbaeb616210acf9ff916bda7854f43cae0b27c5754560752dd1c23e9f8a5389
resnet,electrode,43,bandpass_n20001_cLA_covariance_s5,phase2/results/predictions/full/electrode/resnet/seed_43/bandpass_n20001_cLA_covariance_s5.npz,76188,75c62a3d52f6bec91bccfdad1c50e98485df84d28830fb0996114daf4d96cdab
resnet,electrode,43,bandpass_n20001_cLA_covariance_s0,phase2/results/predictions/full/electrode/resnet/seed_43/bandpass_n20001_cLA_covariance_s0.npz,75721,479d8234eed0176c7950ffc1414d502f7d59b91bb7c181d0f6731cdd0edb0f89
resnet,electrode,43,bandpass_n20001_cLL_independent_rms_s20,phase2/results/predictions/full/electrode/resnet/seed_43/bandpass_n20001_cLL_independent_rms_s20.npz,76373,820f37f9a470939e49f1638d9c6d0e5e4e68b408452600010f1ac99ee5793cfd
resnet,electrode,43,bandpass_n20001_cLL_independent_rms_s15,phase2/results/predictions/full/electrode/resnet/seed_43/bandpass_n20001_cLL_independent_rms_s15.npz,76398,429177233f907a396ee2cd948ec060ad2644242d75fea291888ea142f6794686
resnet,electrode,43,bandpass_n20001_cLL_independent_rms_s10,phase2/results/predictions/full/electrode/resnet/seed_43/bandpass_n20001_cLL_independent_rms_s10.npz,76323,1c8655eda2bff42d49bc90abc50fd64d9bf092bc6240d15680d598addda6a780
resnet,electrode,43,bandpass_n20001_cLL_independent_rms_s5,phase2/results/predictions/full/electrode/resnet/seed_43/bandpass_n20001_cLL_independent_rms_s5.npz,76211,7539b291374ad9531cd900f44c1fde0bdd09e11410cf1a8b5a2360d9296b259a
resnet,electrode,43,bandpass_n20001_cLL_independent_rms_s0,phase2/results/predictions/full/electrode/resnet/seed_43/bandpass_n20001_cLL_independent_rms_s0.npz,75879,89db287d35c1d6d086bb46f0a72fa7a3bf9ed235e521f871de0eab72fe867e27
resnet,electrode,43,bandpass_n20001_cLL_electrode_s20,phase2/results/predictions/full/electrode/resnet/seed_43/bandpass_n20001_cLL_electrode_s20.npz,76389,131d83148a585f708d9705e9b777c7204d28bf61e5dcfd734be3f02caa70476a
resnet,electrode,43,bandpass_n20001_cLL_electrode_s15,phase2/results/predictions/full/electrode/resnet/seed_43/bandpass_n20001_cLL_electrode_s15.npz,76354,2a9387e43f142d65d485206f85c94e9964438e8c7d8e020a8f01ac340cc083b8
resnet,electrode,43,bandpass_n20001_cLL_electrode_s10,phase2/results/predictions/full/electrode/resnet/seed_43/bandpass_n20001_cLL_electrode_s10.npz,76326,61701e30ec9a279d1b19678e870de85d558c7cbca8622792692d0fee6412a6f4
resnet,electrode,43,bandpass_n20001_cLL_electrode_s5,phase2/results/predictions/full/electrode/resnet/seed_43/bandpass_n20001_cLL_electrode_s5.npz,76103,09daded9a141f107fbcc888c74bbf95ed1c5371ef1ebf101948d9de501e0f518
resnet,electrode,43,bandpass_n20001_cLL_electrode_s0,phase2/results/predictions/full/electrode/resnet/seed_43/bandpass_n20001_cLL_electrode_s0.npz,75655,2e34bcbde23f25c952eb400d6235069a49c0d8cc576f5d0241a17c267d35833c
resnet,electrode,43,bandpass_n20001_cLL_covariance_s20,phase2/results/predictions/full/electrode/resnet/seed_43/bandpass_n20001_cLL_covariance_s20.npz,76394,6bac7531ae2dbb6d15fe9c5b7705039182bc2a5130769ca1391dd621367955fe
resnet,electrode,43,bandpass_n20001_cLL_covariance_s15,phase2/results/predictions/full/electrode/resnet/seed_43/bandpass_n20001_cLL_covariance_s15.npz,76315,a6637da99ced4559f7b96d56fda44fc13dbb70df908d85c17ceee98fb2a14cfa
resnet,electrode,43,bandpass_n20001_cLL_covariance_s10,phase2/results/predictions/full/electrode/resnet/seed_43/bandpass_n20001_cLL_covariance_s10.npz,76321,b6d5bdae0be0e0d1d48f9e17ad52f6b303a7fca5bf10c2724b1239a5efe30520
resnet,electrode,43,bandpass_n20001_cLL_covariance_s5,phase2/results/predictions/full/electrode/resnet/seed_43/bandpass_n20001_cLL_covariance_s5.npz,76099,e95eb77b9bf583471296c83e108a4d8afc5c30b677092ed8bbb4cad6f80d405c
resnet,electrode,43,bandpass_n20001_cLL_covariance_s0,phase2/results/predictions/full/electrode/resnet/seed_43/bandpass_n20001_cLL_covariance_s0.npz,75625,4419d49afb2aafb61995e4b6649e690840f9d24d79076f4d2e2863393eb9fc2c
resnet,electrode,43,bandpass_n20001_cRA_V1_independent_rms_s20,phase2/results/predictions/full/electrode/resnet/seed_43/bandpass_n20001_cRA_V1_independent_rms_s20.npz,76395,b4acfb02d30a55c77703102253b977c67a6223ab9de0fb1b68d3f445257fd8fd
resnet,electrode,43,bandpass_n20001_cRA_V1_independent_rms_s15,phase2/results/predictions/full/electrode/resnet/seed_43/bandpass_n20001_cRA_V1_independent_rms_s15.npz,76388,88a86ab28c9602352a3675f39a7519445dc6be7daae2e233357e9469f6a7b7bf
resnet,electrode,43,bandpass_n20001_cRA_V1_independent_rms_s10,phase2/results/predictions/full/electrode/resnet/seed_43/bandpass_n20001_cRA_V1_independent_rms_s10.npz,76362,c006929e969d0995b03f6d40292e722548639872735257502c73a7c07399b9ac
resnet,electrode,43,bandpass_n20001_cRA_V1_independent_rms_s5,phase2/results/predictions/full/electrode/resnet/seed_43/bandpass_n20001_cRA_V1_independent_rms_s5.npz,76238,03fbe410cafab5034690ab87876163c1dee37ace0c69a299e970061236144fb8
resnet,electrode,43,bandpass_n20001_cRA_V1_independent_rms_s0,phase2/results/predictions/full/electrode/resnet/seed_43/bandpass_n20001_cRA_V1_independent_rms_s0.npz,75943,3694eca7b47ef3d9fba93e48b7453bbbb6217356ef28ade89d377b744cfb963d
resnet,electrode,43,bandpass_n20001_cRA_V1_electrode_s20,phase2/results/predictions/full/electrode/resnet/seed_43/bandpass_n20001_cRA_V1_electrode_s20.npz,76389,f105854edb1ad29240d37020a6d1473e5c32679fab1c1c958c1fcf5be9566837
resnet,electrode,43,bandpass_n20001_cRA_V1_electrode_s15,phase2/results/predictions/full/electrode/resnet/seed_43/bandpass_n20001_cRA_V1_electrode_s15.npz,76340,c91beb80f75f34a9076ce6cf9405c51f74c1b971b156a2522e05f4181155e033
resnet,electrode,43,bandpass_n20001_cRA_V1_electrode_s10,phase2/results/predictions/full/electrode/resnet/seed_43/bandpass_n20001_cRA_V1_electrode_s10.npz,76325,a2189f27a980b3ec1c53fdda838ebd1446f1c5e58d3715ac0ef99ee686366a13
resnet,electrode,43,bandpass_n20001_cRA_V1_electrode_s5,phase2/results/predictions/full/electrode/resnet/seed_43/bandpass_n20001_cRA_V1_electrode_s5.npz,76121,0b58098dc57ccdabf9c76c755bf22a39f9987c759a12d88ca127d3a969d90bb2
resnet,electrode,43,bandpass_n20001_cRA_V1_electrode_s0,phase2/results/predictions/full/electrode/resnet/seed_43/bandpass_n20001_cRA_V1_electrode_s0.npz,75706,67e8253758c48599842db01de7deb213be9c4cf30e41860d9db3366ca393c2d1
resnet,electrode,43,bandpass_n20001_cRA_V1_covariance_s20,phase2/results/predictions/full/electrode/resnet/seed_43/bandpass_n20001_cRA_V1_covariance_s20.npz,76400,7c30a9d3152b46a0a228162f87683735c5d26789aa92c7b3ce14501e358cdb84
resnet,electrode,43,bandpass_n20001_cRA_V1_covariance_s15,phase2/results/predictions/full/electrode/resnet/seed_43/bandpass_n20001_cRA_V1_covariance_s15.npz,76364,8a1db149c62aa5979b10c77163734f292899f0c5ea3c55b7ead80389c8ed9ae4
resnet,electrode,43,bandpass_n20001_cRA_V1_covariance_s10,phase2/results/predictions/full/electrode/resnet/seed_43/bandpass_n20001_cRA_V1_covariance_s10.npz,76293,17e1a6d93b11fe72a76e3baf8e2e8c1f015280ba2e9a2beb3fb831c55a5bbafd
resnet,electrode,43,bandpass_n20001_cRA_V1_covariance_s5,phase2/results/predictions/full/electrode/resnet/seed_43/bandpass_n20001_cRA_V1_covariance_s5.npz,76122,6097d49fd72c5b58fb8f90f37dee20b546b5bab88a0ca532bafbfb883f9322be
resnet,electrode,43,bandpass_n20001_cRA_V1_covariance_s0,phase2/results/predictions/full/electrode/resnet/seed_43/bandpass_n20001_cRA_V1_covariance_s0.npz,75695,c0667725859fc21faef501e65a5b40494f69003e4f4117234e0efaa749e07012
resnet,electrode,43,bandpass_n20001_cLA_V6_independent_rms_s20,phase2/results/predictions/full/electrode/resnet/seed_43/bandpass_n20001_cLA_V6_independent_rms_s20.npz,76389,ef67ea923d82df67f39901e00c7090246d093152f5fb9e9e888d6af0965c57b6
resnet,electrode,43,bandpass_n20001_cLA_V6_independent_rms_s15,phase2/results/predictions/full/electrode/resnet/seed_43/bandpass_n20001_cLA_V6_independent_rms_s15.npz,76390,1819771a1b3738691bfaeb6fd979122ccc06d68e465b4193d332f0baa86db617
resnet,electrode,43,bandpass_n20001_cLA_V6_independent_rms_s10,phase2/results/predictions/full/electrode/resnet/seed_43/bandpass_n20001_cLA_V6_independent_rms_s10.npz,76364,48cef11f7c849968735d1b6ed063a4d46205b4a81209c370a4bfc1418c0ddbbe
resnet,electrode,43,bandpass_n20001_cLA_V6_independent_rms_s5,phase2/results/predictions/full/electrode/resnet/seed_43/bandpass_n20001_cLA_V6_independent_rms_s5.npz,76274,77e488d7a15b0d968cab2f07e04fa4f2f03be06e70f0950ab3eb52aa661bed72
resnet,electrode,43,bandpass_n20001_cLA_V6_independent_rms_s0,phase2/results/predictions/full/electrode/resnet/seed_43/bandpass_n20001_cLA_V6_independent_rms_s0.npz,75943,f21d129723f3cf565959dd1e3de693e16aba5c3bfc0f1ac662e94ba9aadfce58
resnet,electrode,43,bandpass_n20001_cLA_V6_electrode_s20,phase2/results/predictions/full/electrode/resnet/seed_43/bandpass_n20001_cLA_V6_electrode_s20.npz,76391,abd10f62a2d914a8bab586d7f44abd073107ce0bd5c7d31205ee47678d4b028f
resnet,electrode,43,bandpass_n20001_cLA_V6_electrode_s15,phase2/results/predictions/full/electrode/resnet/seed_43/bandpass_n20001_cLA_V6_electrode_s15.npz,76395,eb9263b6253e243f677dfd739c8dfa92baded78101f84606a1dce68ee7a068ae
resnet,electrode,43,bandpass_n20001_cLA_V6_electrode_s10,phase2/results/predictions/full/electrode/resnet/seed_43/bandpass_n20001_cLA_V6_electrode_s10.npz,76345,37c8fa5cc0c12b424062d9689f46588cdbfa65b864273016e9e5eaf4ed48a43a
resnet,electrode,43,bandpass_n20001_cLA_V6_electrode_s5,phase2/results/predictions/full/electrode/resnet/seed_43/bandpass_n20001_cLA_V6_electrode_s5.npz,76206,a4efb1bdf470475fd112b9b32ddcc32f9787be47ad494ba6ff4376634fd82293
resnet,electrode,43,bandpass_n20001_cLA_V6_electrode_s0,phase2/results/predictions/full/electrode/resnet/seed_43/bandpass_n20001_cLA_V6_electrode_s0.npz,75813,bf4b87c210aa3d1bc8a6d3f530280bd5efc2116f406ba6eab4b122299340e8e4
resnet,electrode,43,bandpass_n20001_cLA_V6_covariance_s20,phase2/results/predictions/full/electrode/resnet/seed_43/bandpass_n20001_cLA_V6_covariance_s20.npz,76421,b461f94b8256f794d5ac9e0a315fb4b3acbfee1868534f6f527b4455d92561c0
resnet,electrode,43,bandpass_n20001_cLA_V6_covariance_s15,phase2/results/predictions/full/electrode/resnet/seed_43/bandpass_n20001_cLA_V6_covariance_s15.npz,76416,9da7531b8d5a6ac4cc7151f6932b53a1e66a81f0e379bc45719f390b44359cea
resnet,electrode,43,bandpass_n20001_cLA_V6_covariance_s10,phase2/results/predictions/full/electrode/resnet/seed_43/bandpass_n20001_cLA_V6_covariance_s10.npz,76329,164831d0da894f7bc0150df559e3f6ff43fb3476b9103951977dd0eda23fd44e
resnet,electrode,43,bandpass_n20001_cLA_V6_covariance_s5,phase2/results/predictions/full/electrode/resnet/seed_43/bandpass_n20001_cLA_V6_covariance_s5.npz,76184,f70a1da5a1a96ca0e06a8218b5fff5c212bf0c8b763652a0f909b54818d6cb5d
resnet,electrode,43,bandpass_n20001_cLA_V6_covariance_s0,phase2/results/predictions/full/electrode/resnet/seed_43/bandpass_n20001_cLA_V6_covariance_s0.npz,75787,7b8cc23dfd8ec8c660bef7bccb0317a835a546fb6e674fda3ffb875c3c9e981d
resnet,electrode,43,bandpass_n20001_cLL_V4_independent_rms_s20,phase2/results/predictions/full/electrode/resnet/seed_43/bandpass_n20001_cLL_V4_independent_rms_s20.npz,76410,feb91e4197434f7e60622f79ea0e88872cf2f95ca5e5b7a7c26e531721551ae8
resnet,electrode,43,bandpass_n20001_cLL_V4_independent_rms_s15,phase2/results/predictions/full/electrode/resnet/seed_43/bandpass_n20001_cLL_V4_independent_rms_s15.npz,76393,31f0e3386786c034434629b29ebfba6bb5d85b6ca4b9bd114fc127ec6649beac
resnet,electrode,43,bandpass_n20001_cLL_V4_independent_rms_s10,phase2/results/predictions/full/electrode/resnet/seed_43/bandpass_n20001_cLL_V4_independent_rms_s10.npz,76327,edf391e97a61f48f16cd2481f1e9dc5c6432463e660d6664e8d422ee076a379a
resnet,electrode,43,bandpass_n20001_cLL_V4_independent_rms_s5,phase2/results/predictions/full/electrode/resnet/seed_43/bandpass_n20001_cLL_V4_independent_rms_s5.npz,76250,cfa6162b0dc4cb05654a0be95c4c45ec846e724fb586bdbd672f999e816a7583
resnet,electrode,43,bandpass_n20001_cLL_V4_independent_rms_s0,phase2/results/predictions/full/electrode/resnet/seed_43/bandpass_n20001_cLL_V4_independent_rms_s0.npz,75917,256820caf34466a245450644c9c0712abc2a7861ebb4c2c1816c41c8d207d396
resnet,electrode,43,bandpass_n20001_cLL_V4_electrode_s20,phase2/results/predictions/full/electrode/resnet/seed_43/bandpass_n20001_cLL_V4_electrode_s20.npz,76408,831020e1579d183365537bd3be6a1f807a767152ada6cf1741e6e4cdc49a1ad2
resnet,electrode,43,bandpass_n20001_cLL_V4_electrode_s15,phase2/results/predictions/full/electrode/resnet/seed_43/bandpass_n20001_cLL_V4_electrode_s15.npz,76372,237ec763187dd5fc2a3c504f73c76f6afdb5b8526226c1d5f6d2ddd3e371a844
resnet,electrode,43,bandpass_n20001_cLL_V4_electrode_s10,phase2/results/predictions/full/electrode/resnet/seed_43/bandpass_n20001_cLL_V4_electrode_s10.npz,76349,c73bbe79d222e9369e207b5c688ed2904188242f0fbba68c8a59c7528d306eed
resnet,electrode,43,bandpass_n20001_cLL_V4_electrode_s5,phase2/results/predictions/full/electrode/resnet/seed_43/bandpass_n20001_cLL_V4_electrode_s5.npz,76139,007e38f892de5a88ddd103392380db59a9f8ff6be1418b5dcce7d6bda30c21db
resnet,electrode,43,bandpass_n20001_cLL_V4_electrode_s0,phase2/results/predictions/full/electrode/resnet/seed_43/bandpass_n20001_cLL_V4_electrode_s0.npz,75711,b101750185f9edd2a8848cbde8bd58fd2038b16825e8be2c07c604ac16297d48
resnet,electrode,43,bandpass_n20001_cLL_V4_covariance_s20,phase2/results/predictions/full/electrode/resnet/seed_43/bandpass_n20001_cLL_V4_covariance_s20.npz,76381,81ec66553462b6b97374c2edd469ea5d067233df4c05fd4edeacf910c4a536bd
resnet,electrode,43,bandpass_n20001_cLL_V4_covariance_s15,phase2/results/predictions/full/electrode/resnet/seed_43/bandpass_n20001_cLL_V4_covariance_s15.npz,76363,9b75f98028dd0b89fbf67151158ab3378af92f13741d053195faca3b321a0ad4
resnet,electrode,43,bandpass_n20001_cLL_V4_covariance_s10,phase2/results/predictions/full/electrode/resnet/seed_43/bandpass_n20001_cLL_V4_covariance_s10.npz,76345,642212a3b64eb676532905e6f6d9f7eb5b5ce777d14d938d9725bba47eef80c2
resnet,electrode,43,bandpass_n20001_cLL_V4_covariance_s5,phase2/results/predictions/full/electrode/resnet/seed_43/bandpass_n20001_cLL_V4_covariance_s5.npz,76130,7ca3a93ddf84d7738eccff5c47d6da6435b265259f6cf33d1e1ceb4d99dd1bb6
resnet,electrode,43,bandpass_n20001_cLL_V4_covariance_s0,phase2/results/predictions/full/electrode/resnet/seed_43/bandpass_n20001_cLL_V4_covariance_s0.npz,75731,8e21667e8d19e060afd391b5e9e91604be9a3ee91ea14b1f6bed51e81d90053b
resnet,electrode,43,bandpass_n20001_cRA_LA_V1_V6_independent_rms_s20,phase2/results/predictions/full/electrode/resnet/seed_43/bandpass_n20001_cRA_LA_V1_V6_independent_rms_s20.npz,76400,beed66a9ec00fe71f2f75817519f50b85c7af8d0163b9546f7869bb6a1fffb00
resnet,electrode,43,bandpass_n20001_cRA_LA_V1_V6_independent_rms_s15,phase2/results/predictions/full/electrode/resnet/seed_43/bandpass_n20001_cRA_LA_V1_V6_independent_rms_s15.npz,76398,5ca1f2f4b2b2c46ea2129bd51e7da41d004882a0f6614f5f93a87020ab39bc50
resnet,electrode,43,bandpass_n20001_cRA_LA_V1_V6_independent_rms_s10,phase2/results/predictions/full/electrode/resnet/seed_43/bandpass_n20001_cRA_LA_V1_V6_independent_rms_s10.npz,76372,50797b8c522e167a5ee338b15da5dafb5d8c65bd717d6b9bd3225265737aa8d1
resnet,electrode,43,bandpass_n20001_cRA_LA_V1_V6_independent_rms_s5,phase2/results/predictions/full/electrode/resnet/seed_43/bandpass_n20001_cRA_LA_V1_V6_independent_rms_s5.npz,76284,44bbbbc13a673357e6f327bad5d4d7d30dfd72761b83d74a036c315d2a6b7667
resnet,electrode,43,bandpass_n20001_cRA_LA_V1_V6_independent_rms_s0,phase2/results/predictions/full/electrode/resnet/seed_43/bandpass_n20001_cRA_LA_V1_V6_independent_rms_s0.npz,75954,c6d80b99b418e4d0ab48684d8d1ce8c5bc19f26be867ff4b37d1e0890d5fb6f4
resnet,electrode,43,bandpass_n20001_cRA_LA_V1_V6_electrode_s20,phase2/results/predictions/full/electrode/resnet/seed_43/bandpass_n20001_cRA_LA_V1_V6_electrode_s20.npz,76417,6aeb0168da9b640cf8a22657620650f83cdf6e14fd8f22c0a4c20e8068760452
resnet,electrode,43,bandpass_n20001_cRA_LA_V1_V6_electrode_s15,phase2/results/predictions/full/electrode/resnet/seed_43/bandpass_n20001_cRA_LA_V1_V6_electrode_s15.npz,76383,7f35ed01af5d94f56ea72833ec36764ca33df19eef90bd6b1582cff7df6f63c9
resnet,electrode,43,bandpass_n20001_cRA_LA_V1_V6_electrode_s10,phase2/results/predictions/full/electrode/resnet/seed_43/bandpass_n20001_cRA_LA_V1_V6_electrode_s10.npz,76354,465e5bad8ec2773566cccfc789800c87c65aa44adb2d98e37e1dc325d2cb1afd
resnet,electrode,43,bandpass_n20001_cRA_LA_V1_V6_electrode_s5,phase2/results/predictions/full/electrode/resnet/seed_43/bandpass_n20001_cRA_LA_V1_V6_electrode_s5.npz,76176,033d28a00c30a6ef21d442886b8a09047cb7190af9108d9c77c974bb3ea0dd88
resnet,electrode,43,bandpass_n20001_cRA_LA_V1_V6_electrode_s0,phase2/results/predictions/full/electrode/resnet/seed_43/bandpass_n20001_cRA_LA_V1_V6_electrode_s0.npz,75751,95e1fa009172144d3bc219f40309767ed6395c10d6928ae6f71fc6c0ee773516
resnet,electrode,43,bandpass_n20001_cRA_LA_V1_V6_covariance_s20,phase2/results/predictions/full/electrode/resnet/seed_43/bandpass_n20001_cRA_LA_V1_V6_covariance_s20.npz,76399,4490b048a56118ec6085c5051f80aeb45b24a2ca50204b32498f9e686007e919
resnet,electrode,43,bandpass_n20001_cRA_LA_V1_V6_covariance_s15,phase2/results/predictions/full/electrode/resnet/seed_43/bandpass_n20001_cRA_LA_V1_V6_covariance_s15.npz,76408,9fe948f48b685a9514825c8f9eeb5b98d59557b5e62a925338d4d9d44f8c9d84
resnet,electrode,43,bandpass_n20001_cRA_LA_V1_V6_covariance_s10,phase2/results/predictions/full/electrode/resnet/seed_43/bandpass_n20001_cRA_LA_V1_V6_covariance_s10.npz,76347,fa681ec85efdd6055f1362da23f3a6bc8f957ab804612348a6da9aa5ba94d939
resnet,electrode,43,bandpass_n20001_cRA_LA_V1_V6_covariance_s5,phase2/results/predictions/full/electrode/resnet/seed_43/bandpass_n20001_cRA_LA_V1_V6_covariance_s5.npz,76167,f24f8fccb159ac4552d29e16eb6e67b1f50c9197d732d374b0044c3b2f5c85fe
resnet,electrode,43,bandpass_n20001_cRA_LA_V1_V6_covariance_s0,phase2/results/predictions/full/electrode/resnet/seed_43/bandpass_n20001_cRA_LA_V1_V6_covariance_s0.npz,75756,485237479d07a2fe13c1c0ffedea58805ed6371cdfc5c86546033af25c4d3366
resnet,electrode,43,bandpass_n20001_cRA_V2_V5_independent_rms_s20,phase2/results/predictions/full/electrode/resnet/seed_43/bandpass_n20001_cRA_V2_V5_independent_rms_s20.npz,76403,8d29ca9fd45e98d48dee6713e2e589c57eb8fae818de048c6ebf4be235f16fde
resnet,electrode,43,bandpass_n20001_cRA_V2_V5_independent_rms_s15,phase2/results/predictions/full/electrode/resnet/seed_43/bandpass_n20001_cRA_V2_V5_independent_rms_s15.npz,76404,ba121b8fbe8cee78a824c3409b994aed2c9b02843e709286f8639e497c744033
resnet,electrode,43,bandpass_n20001_cRA_V2_V5_independent_rms_s10,phase2/results/predictions/full/electrode/resnet/seed_43/bandpass_n20001_cRA_V2_V5_independent_rms_s10.npz,76371,a4cccd36e8c12563331b4fd4691e68f2d497b4d2b800820d44a49cd998f8b2b3
resnet,electrode,43,bandpass_n20001_cRA_V2_V5_independent_rms_s5,phase2/results/predictions/full/electrode/resnet/seed_43/bandpass_n20001_cRA_V2_V5_independent_rms_s5.npz,76251,33709bfdd190224d7f28e2cc66d2c6a16d1b0801d27df7c0710adb007e9e3a36
resnet,electrode,43,bandpass_n20001_cRA_V2_V5_independent_rms_s0,phase2/results/predictions/full/electrode/resnet/seed_43/bandpass_n20001_cRA_V2_V5_independent_rms_s0.npz,75933,943695ceb01abe8d2baac5e0fb42673c04b159a8a932d47e559f5c6bcb77eff2
resnet,electrode,43,bandpass_n20001_cRA_V2_V5_electrode_s20,phase2/results/predictions/full/electrode/resnet/seed_43/bandpass_n20001_cRA_V2_V5_electrode_s20.npz,76415,e9087b6b89213091a870606ef34342559e87fe26ddcf693115e7ba74a60df19d
resnet,electrode,43,bandpass_n20001_cRA_V2_V5_electrode_s15,phase2/results/predictions/full/electrode/resnet/seed_43/bandpass_n20001_cRA_V2_V5_electrode_s15.npz,76378,235dd2cd868cc7b010c99a4afe1e2b64b27b1b458378668f2d2e833dbc01f4b1
resnet,electrode,43,bandpass_n20001_cRA_V2_V5_electrode_s10,phase2/results/predictions/full/electrode/resnet/seed_43/bandpass_n20001_cRA_V2_V5_electrode_s10.npz,76348,6730020d8d71a5e19bac83f07a0275848030aa4bdf20e3826ef82040c1a60705
resnet,electrode,43,bandpass_n20001_cRA_V2_V5_electrode_s5,phase2/results/predictions/full/electrode/resnet/seed_43/bandpass_n20001_cRA_V2_V5_electrode_s5.npz,76145,ac4cac5c584c2e4d3d8810fc1f95912bd16b8f5521a251b5eae7d94180be1549
resnet,electrode,43,bandpass_n20001_cRA_V2_V5_electrode_s0,phase2/results/predictions/full/electrode/resnet/seed_43/bandpass_n20001_cRA_V2_V5_electrode_s0.npz,75813,dc24f8579c7357a7abb30ea195765ccdd94b3be921ff01d8b9392d8df4d38360
resnet,electrode,43,bandpass_n20001_cRA_V2_V5_covariance_s20,phase2/results/predictions/full/electrode/resnet/seed_43/bandpass_n20001_cRA_V2_V5_covariance_s20.npz,76407,88d2e9b7b4fac31ca7cdadf4ea5ee078aeaf4c757a25b6610c83dbbf392980d9
resnet,electrode,43,bandpass_n20001_cRA_V2_V5_covariance_s15,phase2/results/predictions/full/electrode/resnet/seed_43/bandpass_n20001_cRA_V2_V5_covariance_s15.npz,76408,ddb0308565021223b8e6bd748177a1a4e45f3ea9a6c260c570f96080e85b476b
resnet,electrode,43,bandpass_n20001_cRA_V2_V5_covariance_s10,phase2/results/predictions/full/electrode/resnet/seed_43/bandpass_n20001_cRA_V2_V5_covariance_s10.npz,76343,8180cf71e698934d5b9f804d0e5ca237a628362cd2579d2366d8a610429ac39e
resnet,electrode,43,bandpass_n20001_cRA_V2_V5_covariance_s5,phase2/results/predictions/full/electrode/resnet/seed_43/bandpass_n20001_cRA_V2_V5_covariance_s5.npz,76205,4180a6954b9d629bf58d2d5ee35d104e7a768ebc5e1ca12130ef59c396938e3f
resnet,electrode,43,bandpass_n20001_cRA_V2_V5_covariance_s0,phase2/results/predictions/full/electrode/resnet/seed_43/bandpass_n20001_cRA_V2_V5_covariance_s0.npz,75803,93ff0ac82e4816de727d4894f8dc8e9c0287d3d3a5b65b0993a3029352fffffe
resnet,electrode,43,bandpass_n20001_cLA_V3_V6_independent_rms_s20,phase2/results/predictions/full/electrode/resnet/seed_43/bandpass_n20001_cLA_V3_V6_independent_rms_s20.npz,76404,fe341618599ec8888cd7fcbcfdc91f0f3b77e767fbebda92933d5471cce28eea
resnet,electrode,43,bandpass_n20001_cLA_V3_V6_independent_rms_s15,phase2/results/predictions/full/electrode/resnet/seed_43/bandpass_n20001_cLA_V3_V6_independent_rms_s15.npz,76383,334df739e8ab98bbb45ef29ca6271af907d897dbf2677d65ee15eee18646adb3
resnet,electrode,43,bandpass_n20001_cLA_V3_V6_independent_rms_s10,phase2/results/predictions/full/electrode/resnet/seed_43/bandpass_n20001_cLA_V3_V6_independent_rms_s10.npz,76394,310bb2128c9cfc3fa8de8e8ee57e427c70b78684d952dd21ced9185067cec46e
resnet,electrode,43,bandpass_n20001_cLA_V3_V6_independent_rms_s5,phase2/results/predictions/full/electrode/resnet/seed_43/bandpass_n20001_cLA_V3_V6_independent_rms_s5.npz,76296,ff5a1c6a14faf7c0d642c8b133bdc250aba5810148a46f5dacf1ae225661b82e
resnet,electrode,43,bandpass_n20001_cLA_V3_V6_independent_rms_s0,phase2/results/predictions/full/electrode/resnet/seed_43/bandpass_n20001_cLA_V3_V6_independent_rms_s0.npz,75969,983bf46eb081b4754ee0df949d57a3b0196d2844ce160b5e729f0b7ae0499278
resnet,electrode,43,bandpass_n20001_cLA_V3_V6_electrode_s20,phase2/results/predictions/full/electrode/resnet/seed_43/bandpass_n20001_cLA_V3_V6_electrode_s20.npz,76399,418ce6085cc15f304b0bab621522438605a57a563c9f8ecbb80e8a2e463ddd13
resnet,electrode,43,bandpass_n20001_cLA_V3_V6_electrode_s15,phase2/results/predictions/full/electrode/resnet/seed_43/bandpass_n20001_cLA_V3_V6_electrode_s15.npz,76423,75a9bfe0500e1bbbc4a8b6d436c23b6502cee6ba21697dfb8ccb89a7a9db44c8
resnet,electrode,43,bandpass_n20001_cLA_V3_V6_electrode_s10,phase2/results/predictions/full/electrode/resnet/seed_43/bandpass_n20001_cLA_V3_V6_electrode_s10.npz,76382,0aac616953c7806843a0b95e3fd857bfbc40fd5623860e41c5f3705e3bae413f
resnet,electrode,43,bandpass_n20001_cLA_V3_V6_electrode_s5,phase2/results/predictions/full/electrode/resnet/seed_43/bandpass_n20001_cLA_V3_V6_electrode_s5.npz,76217,e1a5ae99c8a2a29252c830b8bd6bed1abc9face0f08c5296a2fa1fe593a5f2b3
resnet,electrode,43,bandpass_n20001_cLA_V3_V6_electrode_s0,phase2/results/predictions/full/electrode/resnet/seed_43/bandpass_n20001_cLA_V3_V6_electrode_s0.npz,75834,2324f380374199a5bec211f8f4c1e68528e3c2bfa5da73510bc642ccba8a896b
resnet,electrode,43,bandpass_n20001_cLA_V3_V6_covariance_s20,phase2/results/predictions/full/electrode/resnet/seed_43/bandpass_n20001_cLA_V3_V6_covariance_s20.npz,76399,c2d91f8626a8310fed22b20eedc1ba8c76fc20ff3cda6c553f777189012b9ee9
resnet,electrode,43,bandpass_n20001_cLA_V3_V6_covariance_s15,phase2/results/predictions/full/electrode/resnet/seed_43/bandpass_n20001_cLA_V3_V6_covariance_s15.npz,76410,6fefbc420f4b70a03812e67987aab6f38b76f486bad38b6d30290d79849ffd04
resnet,electrode,43,bandpass_n20001_cLA_V3_V6_covariance_s10,phase2/results/predictions/full/electrode/resnet/seed_43/bandpass_n20001_cLA_V3_V6_covariance_s10.npz,76329,85d0fa733511d31cb60ebc5e1f8d4a7f342177ee72c6a33f011a47dbf51a7344
resnet,electrode,43,bandpass_n20001_cLA_V3_V6_covariance_s5,phase2/results/predictions/full/electrode/resnet/seed_43/bandpass_n20001_cLA_V3_V6_covariance_s5.npz,76223,0a8aa951ce0bc253e325f632f33b51e59ac3b735247434155c909a35f190a01e
resnet,electrode,43,bandpass_n20001_cLA_V3_V6_covariance_s0,phase2/results/predictions/full/electrode/resnet/seed_43/bandpass_n20001_cLA_V3_V6_covariance_s0.npz,75839,01348f6de448f1b0ee3ff2a57f1dfd84284c24d491ebb3b772377c489de09f5c
resnet,electrode,43,bandpass_n20001_cLL_V1_V4_independent_rms_s20,phase2/results/predictions/full/electrode/resnet/seed_43/bandpass_n20001_cLL_V1_V4_independent_rms_s20.npz,76396,777460cb9431d1df7e71c5971343a5ac7d4b92e20d9b6c44c7f4c69101c18909
resnet,electrode,43,bandpass_n20001_cLL_V1_V4_independent_rms_s15,phase2/results/predictions/full/electrode/resnet/seed_43/bandpass_n20001_cLL_V1_V4_independent_rms_s15.npz,76420,b191daf7d1f5441f3cc6f49c380ac51f5150839d4ccc4a61bc349de17854095a
resnet,electrode,43,bandpass_n20001_cLL_V1_V4_independent_rms_s10,phase2/results/predictions/full/electrode/resnet/seed_43/bandpass_n20001_cLL_V1_V4_independent_rms_s10.npz,76378,24425a204d188a9b73f30d5ce22bbac5fffb778a21c736ceadb0e4b0103cce6c
resnet,electrode,43,bandpass_n20001_cLL_V1_V4_independent_rms_s5,phase2/results/predictions/full/electrode/resnet/seed_43/bandpass_n20001_cLL_V1_V4_independent_rms_s5.npz,76244,56020765a7404d62799cef49ab201bf3cf4b156bf49059ad84b49f71273687b0
resnet,electrode,43,bandpass_n20001_cLL_V1_V4_independent_rms_s0,phase2/results/predictions/full/electrode/resnet/seed_43/bandpass_n20001_cLL_V1_V4_independent_rms_s0.npz,75908,a24f7acb4195b42fe811762d032d4f5612c67316ca23b62f98fc640714681a5f
resnet,electrode,43,bandpass_n20001_cLL_V1_V4_electrode_s20,phase2/results/predictions/full/electrode/resnet/seed_43/bandpass_n20001_cLL_V1_V4_electrode_s20.npz,76404,27303b0116475e92efaffba5a700a54faa102e19675955a683dfe2525eb4c753
resnet,electrode,43,bandpass_n20001_cLL_V1_V4_electrode_s15,phase2/results/predictions/full/electrode/resnet/seed_43/bandpass_n20001_cLL_V1_V4_electrode_s15.npz,76420,d919fa79b4b314d83d90c155762dc8950d78e11bbefa09cc17866592fedd532c
resnet,electrode,43,bandpass_n20001_cLL_V1_V4_electrode_s10,phase2/results/predictions/full/electrode/resnet/seed_43/bandpass_n20001_cLL_V1_V4_electrode_s10.npz,76313,181c750bb7789e8801f72af3cb87bbea7116b3de46bb0fec6d621c2c0a31d4ef
resnet,electrode,43,bandpass_n20001_cLL_V1_V4_electrode_s5,phase2/results/predictions/full/electrode/resnet/seed_43/bandpass_n20001_cLL_V1_V4_electrode_s5.npz,76156,ddebf495f07f478c495273724dea2924e0d53c6ca18ae8406d45662f4a879631
resnet,electrode,43,bandpass_n20001_cLL_V1_V4_electrode_s0,phase2/results/predictions/full/electrode/resnet/seed_43/bandpass_n20001_cLL_V1_V4_electrode_s0.npz,75741,f621d2f7326093ba34acdc2b364f361ed86be03f57bd812f710a50ba0652e85b
resnet,electrode,43,bandpass_n20001_cLL_V1_V4_covariance_s20,phase2/results/predictions/full/electrode/resnet/seed_43/bandpass_n20001_cLL_V1_V4_covariance_s20.npz,76402,661e721f98cbacbbfb31f55db4f2ad17915574e2b3c43f88e42bdc072678a347
resnet,electrode,43,bandpass_n20001_cLL_V1_V4_covariance_s15,phase2/results/predictions/full/electrode/resnet/seed_43/bandpass_n20001_cLL_V1_V4_covariance_s15.npz,76396,bf75ec3540552e3b9d2fa1339ee99972cee006ee059bf8e3717a422746378910
resnet,electrode,43,bandpass_n20001_cLL_V1_V4_covariance_s10,phase2/results/predictions/full/electrode/resnet/seed_43/bandpass_n20001_cLL_V1_V4_covariance_s10.npz,76324,e72ded678fba1090339d3d14d0418acc04d1f15e22c431eeae9beb6c7a198c4c
resnet,electrode,43,bandpass_n20001_cLL_V1_V4_covariance_s5,phase2/results/predictions/full/electrode/resnet/seed_43/bandpass_n20001_cLL_V1_V4_covariance_s5.npz,76157,0faf89efb0d741a7994984933037e6a874880b45c0f51a68797aaca229600c25
resnet,electrode,43,bandpass_n20001_cLL_V1_V4_covariance_s0,phase2/results/predictions/full/electrode/resnet/seed_43/bandpass_n20001_cLL_V1_V4_covariance_s0.npz,75695,b1198e7c1adfe887b8a8860600a0c1a0b911977bd851806313600a9b5f0e9280
resnet,electrode,43,bandpass_n20001_call_independent_rms_s20,phase2/results/predictions/full/electrode/resnet/seed_43/bandpass_n20001_call_independent_rms_s20.npz,76366,a104ba6dbe404cc2d9348b01b502b4bc73a2399e9e600b0a27ed3d20429428cf
resnet,electrode,43,bandpass_n20001_call_independent_rms_s15,phase2/results/predictions/full/electrode/resnet/seed_43/bandpass_n20001_call_independent_rms_s15.npz,76356,76be39f77a3531781afb1d123712ec8593164350a299999fb4b3d7f06f4213fd
resnet,electrode,43,bandpass_n20001_call_independent_rms_s10,phase2/results/predictions/full/electrode/resnet/seed_43/bandpass_n20001_call_independent_rms_s10.npz,76335,dcea57cd4842bd2e89770e53d9239d65842c832e65719c87fd0cad15268e62de
resnet,electrode,43,bandpass_n20001_call_independent_rms_s5,phase2/results/predictions/full/electrode/resnet/seed_43/bandpass_n20001_call_independent_rms_s5.npz,76250,fe3fd820ae74dc4591b4e09c5cce12cc4c86abfb23dfa033e5a8f432e11a189d
resnet,electrode,43,bandpass_n20001_call_independent_rms_s0,phase2/results/predictions/full/electrode/resnet/seed_43/bandpass_n20001_call_independent_rms_s0.npz,75918,0d0b845bdd73d9b6ec2341362e567eaa0d3bc683a440ccfbe0809d92b03f5b53
resnet,electrode,43,bandpass_n20001_call_electrode_s20,phase2/results/predictions/full/electrode/resnet/seed_43/bandpass_n20001_call_electrode_s20.npz,76337,3d1f60ac69f2440c062f8dc1543fc0deff0aba2dfec4c2108146832ce21b9788
resnet,electrode,43,bandpass_n20001_call_electrode_s15,phase2/results/predictions/full/electrode/resnet/seed_43/bandpass_n20001_call_electrode_s15.npz,76382,55a5e268d90d67ac29548b0ec5f1eb6b5a49a7134f84d3cf1c3f7f36f1e03487
resnet,electrode,43,bandpass_n20001_call_electrode_s10,phase2/results/predictions/full/electrode/resnet/seed_43/bandpass_n20001_call_electrode_s10.npz,76351,a239734ac133dad76c56dfeee1f8bba2c1cc26aa7ed1ef6befe679cf14d36e78
resnet,electrode,43,bandpass_n20001_call_electrode_s5,phase2/results/predictions/full/electrode/resnet/seed_43/bandpass_n20001_call_electrode_s5.npz,76116,c1ac529981b071c259f2973a41ab2370d4fd1861ab8ce021aa6dd9b20a1ee702
resnet,electrode,43,bandpass_n20001_call_electrode_s0,phase2/results/predictions/full/electrode/resnet/seed_43/bandpass_n20001_call_electrode_s0.npz,75734,95ed8cef1191a3264506521955aade04cfdf87cf3c1cb783befa720b55e461aa
resnet,electrode,43,bandpass_n20001_call_covariance_s20,phase2/results/predictions/full/electrode/resnet/seed_43/bandpass_n20001_call_covariance_s20.npz,76344,fe618fa369ede6ee3677bc4641566173deabfaf647b0bef419ea6f7bc5ab1732
resnet,electrode,43,bandpass_n20001_call_covariance_s15,phase2/results/predictions/full/electrode/resnet/seed_43/bandpass_n20001_call_covariance_s15.npz,76348,5f8e213591f3c3d53f6459cf091e3dd5a9a73bf491c406b0387ec25042116d25
resnet,electrode,43,bandpass_n20001_call_covariance_s10,phase2/results/predictions/full/electrode/resnet/seed_43/bandpass_n20001_call_covariance_s10.npz,76324,16dc8fa5aad3158ea3ebd6efeb4196c83028398e9e0cf29c1143cfcecf8214f1
resnet,electrode,43,bandpass_n20001_call_covariance_s5,phase2/results/predictions/full/electrode/resnet/seed_43/bandpass_n20001_call_covariance_s5.npz,76166,d03c80cd4ed74a949e53fc6894bdf272eb6994301e6c319a6f1c9c7d10e5605a
resnet,electrode,43,bandpass_n20001_call_covariance_s0,phase2/results/predictions/full/electrode/resnet/seed_43/bandpass_n20001_call_covariance_s0.npz,75732,e3c37544360d245528f0fe2bcc4b78f6f1cf1a936390082b08e358ee799b20a6
resnet,electrode,43,bandpass_n20002_cRA_LA_LL_independent_rms_s20,phase2/results/predictions/full/electrode/resnet/seed_43/bandpass_n20002_cRA_LA_LL_independent_rms_s20.npz,76421,7eea49f98e9b6ed5b77c7517b2a35903707e1640c20f3208cd996c0f8842d974
resnet,electrode,43,bandpass_n20002_cRA_LA_LL_independent_rms_s15,phase2/results/predictions/full/electrode/resnet/seed_43/bandpass_n20002_cRA_LA_LL_independent_rms_s15.npz,76411,ce68b4c22a7b7dccf34165d408a965e1ed463d16f862020b2d348338e3ed0e78
resnet,electrode,43,bandpass_n20002_cRA_LA_LL_independent_rms_s10,phase2/results/predictions/full/electrode/resnet/seed_43/bandpass_n20002_cRA_LA_LL_independent_rms_s10.npz,76346,6ea3b627529bf3b2ee3c02e18390ef562d560e1377048f8ce23901880a16bd84
resnet,electrode,43,bandpass_n20002_cRA_LA_LL_independent_rms_s5,phase2/results/predictions/full/electrode/resnet/seed_43/bandpass_n20002_cRA_LA_LL_independent_rms_s5.npz,76265,3192e17a74faf589e3695694a3ad1e6531afc935b9366a0a963db2319cbdcd4c
resnet,electrode,43,bandpass_n20002_cRA_LA_LL_independent_rms_s0,phase2/results/predictions/full/electrode/resnet/seed_43/bandpass_n20002_cRA_LA_LL_independent_rms_s0.npz,75929,a5ecc3937149a1f4de577263306886e4f45b362ba9c82b338ade16c361a5d6c2
resnet,electrode,43,bandpass_n20002_cRA_LA_LL_electrode_s20,phase2/results/predictions/full/electrode/resnet/seed_43/bandpass_n20002_cRA_LA_LL_electrode_s20.npz,76389,150f67e364e60342d409f0c4449ef80a5da4e3346813acc13a94ae3aaaf15d6a
resnet,electrode,43,bandpass_n20002_cRA_LA_LL_electrode_s15,phase2/results/predictions/full/electrode/resnet/seed_43/bandpass_n20002_cRA_LA_LL_electrode_s15.npz,76409,ce4f6a617324607cfd5f2754141d3c1c82847b3893b11018f71497f5f70bdaf7
resnet,electrode,43,bandpass_n20002_cRA_LA_LL_electrode_s10,phase2/results/predictions/full/electrode/resnet/seed_43/bandpass_n20002_cRA_LA_LL_electrode_s10.npz,76287,81565bad2703ab2e0b2b9159f7ce04dc4a6ee674a5a0ccb7f7812edb145a4806
resnet,electrode,43,bandpass_n20002_cRA_LA_LL_electrode_s5,phase2/results/predictions/full/electrode/resnet/seed_43/bandpass_n20002_cRA_LA_LL_electrode_s5.npz,76099,533e726001378a317d7bddc12dc092ecedc4da03c83ce45e64ee9c9aa7c14822
resnet,electrode,43,bandpass_n20002_cRA_LA_LL_electrode_s0,phase2/results/predictions/full/electrode/resnet/seed_43/bandpass_n20002_cRA_LA_LL_electrode_s0.npz,75679,a4d34d2a19218ca1929db61a867d0495fcdc813d1ddf6ad2dfa66920392d8229
resnet,electrode,43,bandpass_n20002_cRA_LA_LL_covariance_s20,phase2/results/predictions/full/electrode/resnet/seed_43/bandpass_n20002_cRA_LA_LL_covariance_s20.npz,76421,4a98bbed5483359796c569c67f7c75cbdf505490a1d5616c31e4b50f8049fee8
resnet,electrode,43,bandpass_n20002_cRA_LA_LL_covariance_s15,phase2/results/predictions/full/electrode/resnet/seed_43/bandpass_n20002_cRA_LA_LL_covariance_s15.npz,76386,c10a2229e70daa813903d325d6ea148bd4483f3701e6c0470669938fb0564dea
resnet,electrode,43,bandpass_n20002_cRA_LA_LL_covariance_s10,phase2/results/predictions/full/electrode/resnet/seed_43/bandpass_n20002_cRA_LA_LL_covariance_s10.npz,76306,65097da88d6a59e3246cb43277efe72276694f9084eb03f904f5f462933e3636
resnet,electrode,43,bandpass_n20002_cRA_LA_LL_covariance_s5,phase2/results/predictions/full/electrode/resnet/seed_43/bandpass_n20002_cRA_LA_LL_covariance_s5.npz,76105,5db5ee89e792df7ebeb29fc1399dbd2d3071e6d8c106b1cc7f25fa1fd82217a2
resnet,electrode,43,bandpass_n20002_cRA_LA_LL_covariance_s0,phase2/results/predictions/full/electrode/resnet/seed_43/bandpass_n20002_cRA_LA_LL_covariance_s0.npz,75666,b325af998a12e65c9d7bdf4e599f6fccbb9f66ac97372848473d7448392e1a0f
resnet,electrode,43,bandpass_n20002_cV1_independent_rms_s20,phase2/results/predictions/full/electrode/resnet/seed_43/bandpass_n20002_cV1_independent_rms_s20.npz,76378,66590e9ec61918d0f357285a6b9e7f3be912e8783bce7d721ec92ce0361c60ee
resnet,electrode,43,bandpass_n20002_cV1_independent_rms_s15,phase2/results/predictions/full/electrode/resnet/seed_43/bandpass_n20002_cV1_independent_rms_s15.npz,76370,3311aeb5c765568932d9a23c132c0f1bf65278b47af702737333849c1f32bd36
resnet,electrode,43,bandpass_n20002_cV1_independent_rms_s10,phase2/results/predictions/full/electrode/resnet/seed_43/bandpass_n20002_cV1_independent_rms_s10.npz,76336,00e190b033490e869d3834b0bb14707aad052609960c66ace3451a22e022870b
resnet,electrode,43,bandpass_n20002_cV1_independent_rms_s5,phase2/results/predictions/full/electrode/resnet/seed_43/bandpass_n20002_cV1_independent_rms_s5.npz,76162,e6f254c0d0921a5efbebcdb6c6fc68c04d2ca92438f736d61cc18393d4b48249
resnet,electrode,43,bandpass_n20002_cV1_independent_rms_s0,phase2/results/predictions/full/electrode/resnet/seed_43/bandpass_n20002_cV1_independent_rms_s0.npz,75660,39ac2fe6ba3be85e01c0cce3d16235bf36152e54ce6b5965f16ede17bb030d95
resnet,electrode,43,bandpass_n20002_cV1_electrode_s20,phase2/results/predictions/full/electrode/resnet/seed_43/bandpass_n20002_cV1_electrode_s20.npz,76389,164f6b6fcdf9d2d1fb9974f48154e4ae39a56cfab25524c2326162797322b24d
resnet,electrode,43,bandpass_n20002_cV1_electrode_s15,phase2/results/predictions/full/electrode/resnet/seed_43/bandpass_n20002_cV1_electrode_s15.npz,76359,0aa92eab4177b534942693c440971ec1fcfb43b358d21d62cc8f66955416e538
resnet,electrode,43,bandpass_n20002_cV1_electrode_s10,phase2/results/predictions/full/electrode/resnet/seed_43/bandpass_n20002_cV1_electrode_s10.npz,76324,3ee18f7a99e28f5bfd97feaa03420f235a9913bc53d1ef86b4f7e8c85a9b6d1c
resnet,electrode,43,bandpass_n20002_cV1_electrode_s5,phase2/results/predictions/full/electrode/resnet/seed_43/bandpass_n20002_cV1_electrode_s5.npz,76131,ab48a6501abe209651cc88779a53083474e152a21d47a5d8101b9d23fd809915
resnet,electrode,43,bandpass_n20002_cV1_electrode_s0,phase2/results/predictions/full/electrode/resnet/seed_43/bandpass_n20002_cV1_electrode_s0.npz,75655,f8023db9741720a5127ed0cb68bbdd6d8e49102ba1ce2b32c6841a88ce74845e
resnet,electrode,43,bandpass_n20002_cV1_covariance_s20,phase2/results/predictions/full/electrode/resnet/seed_43/bandpass_n20002_cV1_covariance_s20.npz,76411,22d9cd71f4874516aab99ff719a8a6da9dc8b14078c7a06312ab58541338b1ef
resnet,electrode,43,bandpass_n20002_cV1_covariance_s15,phase2/results/predictions/full/electrode/resnet/seed_43/bandpass_n20002_cV1_covariance_s15.npz,76381,a5b52a3447ec4cef5eac4ea08478ed5fcbf333190117e0b3cc85849b4c974ba6
resnet,electrode,43,bandpass_n20002_cV1_covariance_s10,phase2/results/predictions/full/electrode/resnet/seed_43/bandpass_n20002_cV1_covariance_s10.npz,76308,f525eddf938d0a17b0fceeefc6ab980d6267f24d936be468aefb3d356ef0baeb
resnet,electrode,43,bandpass_n20002_cV1_covariance_s5,phase2/results/predictions/full/electrode/resnet/seed_43/bandpass_n20002_cV1_covariance_s5.npz,76099,0767f3bd6d53b29e4bb741d846b58db2dec3876c50ca344293a928cb18dc26e9
resnet,electrode,43,bandpass_n20002_cV1_covariance_s0,phase2/results/predictions/full/electrode/resnet/seed_43/bandpass_n20002_cV1_covariance_s0.npz,75695,380dc6d9cf1b8ccd2832e88b37252122bdc1bb7c4a1d0dd28ed54076c8aca199
resnet,electrode,43,bandpass_n20002_cV2_independent_rms_s20,phase2/results/predictions/full/electrode/resnet/seed_43/bandpass_n20002_cV2_independent_rms_s20.npz,76375,58136b0e9c81118b4d25fcead8092ef10769a26a74ebb1b060c6081c5e7b322d
resnet,electrode,43,bandpass_n20002_cV2_independent_rms_s15,phase2/results/predictions/full/electrode/resnet/seed_43/bandpass_n20002_cV2_independent_rms_s15.npz,76372,10bf58b4bbd2535cf896b010042aa521f60012a7ef866524663e42cc6c8fcba7
resnet,electrode,43,bandpass_n20002_cV2_independent_rms_s10,phase2/results/predictions/full/electrode/resnet/seed_43/bandpass_n20002_cV2_independent_rms_s10.npz,76349,5c47b00e5fc13e8ac6160d1f6a6063d93b1aa8fc08ad9193132b58dadfff39cb
resnet,electrode,43,bandpass_n20002_cV2_independent_rms_s5,phase2/results/predictions/full/electrode/resnet/seed_43/bandpass_n20002_cV2_independent_rms_s5.npz,76226,40738e6624348af665b90b918a5cc5ec1a1e410588eebdd401e23db73a5e645b
resnet,electrode,43,bandpass_n20002_cV2_independent_rms_s0,phase2/results/predictions/full/electrode/resnet/seed_43/bandpass_n20002_cV2_independent_rms_s0.npz,75844,a3ac715a7eb11859b5564d62bce6634903d266ccdc02c73e31f79a2394513b08
resnet,electrode,43,bandpass_n20002_cV2_electrode_s20,phase2/results/predictions/full/electrode/resnet/seed_43/bandpass_n20002_cV2_electrode_s20.npz,76366,bf2f926c05dce7432018a6972f1d299425faabaf1edbe62fe2868466073bc8da
resnet,electrode,43,bandpass_n20002_cV2_electrode_s15,phase2/results/predictions/full/electrode/resnet/seed_43/bandpass_n20002_cV2_electrode_s15.npz,76345,f2838a20ce883378bfdc0eafaa3df240e2a4e28b10b5f82c4cb103b63e2fdaff
resnet,electrode,43,bandpass_n20002_cV2_electrode_s10,phase2/results/predictions/full/electrode/resnet/seed_43/bandpass_n20002_cV2_electrode_s10.npz,76349,de00c9638ff653767194a21b6805230b49dcf52f54bca064d870692e95b489b0
resnet,electrode,43,bandpass_n20002_cV2_electrode_s5,phase2/results/predictions/full/electrode/resnet/seed_43/bandpass_n20002_cV2_electrode_s5.npz,76197,d05fdd3f2f057e5111a1388457f9c88efe19cedb7c6161d1d25797baee9c7c31
resnet,electrode,43,bandpass_n20002_cV2_electrode_s0,phase2/results/predictions/full/electrode/resnet/seed_43/bandpass_n20002_cV2_electrode_s0.npz,75883,b71549af4c52c7475fded7b9dada54b1a9a4e8cffc82d7609bab71fef5d2261f
resnet,electrode,43,bandpass_n20002_cV2_covariance_s20,phase2/results/predictions/full/electrode/resnet/seed_43/bandpass_n20002_cV2_covariance_s20.npz,76340,5b39d5d97bdfa2922747c88451dcec902f92bdb0830ac68451f72411187ee5e4
resnet,electrode,43,bandpass_n20002_cV2_covariance_s15,phase2/results/predictions/full/electrode/resnet/seed_43/bandpass_n20002_cV2_covariance_s15.npz,76389,bf0f2dfa0f67e31c17b210269db0f20c1581ae30b7ac0d258a88706a2930ef7c
resnet,electrode,43,bandpass_n20002_cV2_covariance_s10,phase2/results/predictions/full/electrode/resnet/seed_43/bandpass_n20002_cV2_covariance_s10.npz,76320,eeafc5d9a879c6fcbc51bdb87af5b8b8411c22ba743a9b5ce16e9ffb46e48f54
resnet,electrode,43,bandpass_n20002_cV2_covariance_s5,phase2/results/predictions/full/electrode/resnet/seed_43/bandpass_n20002_cV2_covariance_s5.npz,76199,dd6e2bbee4493af13541474e2b7d0ead8c4453d13495af4c08d8d68a6056c788
resnet,electrode,43,bandpass_n20002_cV2_covariance_s0,phase2/results/predictions/full/electrode/resnet/seed_43/bandpass_n20002_cV2_covariance_s0.npz,75859,134f967071ed524a746ce1ad0b69da444b5130b87bbceddbae2458008705586f
resnet,electrode,43,bandpass_n20002_cV3_independent_rms_s20,phase2/results/predictions/full/electrode/resnet/seed_43/bandpass_n20002_cV3_independent_rms_s20.npz,76366,bb59bceab3515acbd1d2207407caef63471c9237a99c86fcc9e5822d9efc016b
resnet,electrode,43,bandpass_n20002_cV3_independent_rms_s15,phase2/results/predictions/full/electrode/resnet/seed_43/bandpass_n20002_cV3_independent_rms_s15.npz,76416,c5d8e7f1fb4f1cba511d241948e902bf6cdefc0895fb0e220fdf1e0b5aba0e3d
resnet,electrode,43,bandpass_n20002_cV3_independent_rms_s10,phase2/results/predictions/full/electrode/resnet/seed_43/bandpass_n20002_cV3_independent_rms_s10.npz,76406,75963c4e0914b2ddcb9ae81c825d2d5ad1f91d297004385dbd1972f0a4df895c
resnet,electrode,43,bandpass_n20002_cV3_independent_rms_s5,phase2/results/predictions/full/electrode/resnet/seed_43/bandpass_n20002_cV3_independent_rms_s5.npz,76333,7b9130190b0f0d0feba239be03f474b81b9adcf69d71b1559ccbd8c184abbaed
resnet,electrode,43,bandpass_n20002_cV3_independent_rms_s0,phase2/results/predictions/full/electrode/resnet/seed_43/bandpass_n20002_cV3_independent_rms_s0.npz,76021,fee5813b78cb59bfa116c947f4aea544827c2364f593f731d04d7efc28efb3e8
resnet,electrode,43,bandpass_n20002_cV3_electrode_s20,phase2/results/predictions/full/electrode/resnet/seed_43/bandpass_n20002_cV3_electrode_s20.npz,76380,5cf055e858a0bd3a6c79d48d99c2887240c4a5e0a7cd968b6a567b66fe444e48
resnet,electrode,43,bandpass_n20002_cV3_electrode_s15,phase2/results/predictions/full/electrode/resnet/seed_43/bandpass_n20002_cV3_electrode_s15.npz,76383,35d63a274d4102e1989e4ad1d3ab440be13dbb0411a3ca5afa004607c78af318
resnet,electrode,43,bandpass_n20002_cV3_electrode_s10,phase2/results/predictions/full/electrode/resnet/seed_43/bandpass_n20002_cV3_electrode_s10.npz,76377,ffbb8c20026415c6bf9abcfab5e822eb199334fb5a72360af9ad4fa9ca20e8de
resnet,electrode,43,bandpass_n20002_cV3_electrode_s5,phase2/results/predictions/full/electrode/resnet/seed_43/bandpass_n20002_cV3_electrode_s5.npz,76292,cf63672d0054f13920cf697e610520c8a07e59b9056ce24c80caa05ad0b79cf5
resnet,electrode,43,bandpass_n20002_cV3_electrode_s0,phase2/results/predictions/full/electrode/resnet/seed_43/bandpass_n20002_cV3_electrode_s0.npz,76002,f96cb776663d2f67d383dbc1857c9f36a9b3ca3498a7d15f1605e4084e342562
resnet,electrode,43,bandpass_n20002_cV3_covariance_s20,phase2/results/predictions/full/electrode/resnet/seed_43/bandpass_n20002_cV3_covariance_s20.npz,76396,885cb38e17a61dbfa9192a38e59a3501d712b72006c307b7a88a387eab84c655
resnet,electrode,43,bandpass_n20002_cV3_covariance_s15,phase2/results/predictions/full/electrode/resnet/seed_43/bandpass_n20002_cV3_covariance_s15.npz,76379,5dd4729f81bd821bae6c573b2dc966ca61def1ce018a035f52f11393b72828bc
resnet,electrode,43,bandpass_n20002_cV3_covariance_s10,phase2/results/predictions/full/electrode/resnet/seed_43/bandpass_n20002_cV3_covariance_s10.npz,76376,a74c23befe0dc26ddc4ecd27947d0d1b50d40aa02f76eefb3714b13c43465ce0
resnet,electrode,43,bandpass_n20002_cV3_covariance_s5,phase2/results/predictions/full/electrode/resnet/seed_43/bandpass_n20002_cV3_covariance_s5.npz,76298,7f29928296550f0b79109641d8c7b6d312603453cd6607ea32db3db12608b440
resnet,electrode,43,bandpass_n20002_cV3_covariance_s0,phase2/results/predictions/full/electrode/resnet/seed_43/bandpass_n20002_cV3_covariance_s0.npz,76005,920099aec146643f2fcd67cc2fed963b8a61ec1b238e49eac79594f37fb45611
resnet,electrode,43,bandpass_n20002_cV4_independent_rms_s20,phase2/results/predictions/full/electrode/resnet/seed_43/bandpass_n20002_cV4_independent_rms_s20.npz,76398,86aa3fbd52da360bd06c59ea968f0f5c0700539a40bd234d52167fd99be4023f
resnet,electrode,43,bandpass_n20002_cV4_independent_rms_s15,phase2/results/predictions/full/electrode/resnet/seed_43/bandpass_n20002_cV4_independent_rms_s15.npz,76369,291ef155b06774b5d44fd770916e8ac118f7c679dedba517f362fb2fd5f40194
resnet,electrode,43,bandpass_n20002_cV4_independent_rms_s10,phase2/results/predictions/full/electrode/resnet/seed_43/bandpass_n20002_cV4_independent_rms_s10.npz,76373,fbf2a18488dafa1361d321b96c3fb6cfd5ca6f9345b7765eab7e694799afc7e4
resnet,electrode,43,bandpass_n20002_cV4_independent_rms_s5,phase2/results/predictions/full/electrode/resnet/seed_43/bandpass_n20002_cV4_independent_rms_s5.npz,76242,1b126693fc99d82a50ec7dc2e18ce1ff35f969f5bcbbfd01c1d5589721dc9322
resnet,electrode,43,bandpass_n20002_cV4_independent_rms_s0,phase2/results/predictions/full/electrode/resnet/seed_43/bandpass_n20002_cV4_independent_rms_s0.npz,76039,d29823e7f10e826a084af6e76d5159f942c06a62504f13c8bac57b0c9f19a003
resnet,electrode,43,bandpass_n20002_cV4_electrode_s20,phase2/results/predictions/full/electrode/resnet/seed_43/bandpass_n20002_cV4_electrode_s20.npz,76393,784882267c5e6e964dee52c38328d7dc216b5579ce9b9f9aa9217346e6e04ce8
resnet,electrode,43,bandpass_n20002_cV4_electrode_s15,phase2/results/predictions/full/electrode/resnet/seed_43/bandpass_n20002_cV4_electrode_s15.npz,76358,bfac28bfcbdf33913443dc946f92ee9fca18ad875854f59702c85aeecfd8c5c3
resnet,electrode,43,bandpass_n20002_cV4_electrode_s10,phase2/results/predictions/full/electrode/resnet/seed_43/bandpass_n20002_cV4_electrode_s10.npz,76340,ea1883839402cf9c35cda354b60c55637d7fbd56164fd39090be9f65daacbb41
resnet,electrode,43,bandpass_n20002_cV4_electrode_s5,phase2/results/predictions/full/electrode/resnet/seed_43/bandpass_n20002_cV4_electrode_s5.npz,76259,540c1c66bf674a5ee2a3a0208623736f58d777e2306e643d6a390933fab6c0ae
resnet,electrode,43,bandpass_n20002_cV4_electrode_s0,phase2/results/predictions/full/electrode/resnet/seed_43/bandpass_n20002_cV4_electrode_s0.npz,76026,f51b1828a3709c79b77f84d49e1df135a22baff7511e2042301a7edd1f04a0eb
resnet,electrode,43,bandpass_n20002_cV4_covariance_s20,phase2/results/predictions/full/electrode/resnet/seed_43/bandpass_n20002_cV4_covariance_s20.npz,76365,784e2f9ecd83f091e5c3e96999bec1ad241fd03fc1c4be777528db1b4e7c61ac
resnet,electrode,43,bandpass_n20002_cV4_covariance_s15,phase2/results/predictions/full/electrode/resnet/seed_43/bandpass_n20002_cV4_covariance_s15.npz,76369,067a92688490003782b1acee3652c1ce3df6ff230d5850634cc8f12503391661
resnet,electrode,43,bandpass_n20002_cV4_covariance_s10,phase2/results/predictions/full/electrode/resnet/seed_43/bandpass_n20002_cV4_covariance_s10.npz,76372,8540a7d1c62421ae7e67ac1998ea2d4b280d7f66d803e0316930c198d60511a6
resnet,electrode,43,bandpass_n20002_cV4_covariance_s5,phase2/results/predictions/full/electrode/resnet/seed_43/bandpass_n20002_cV4_covariance_s5.npz,76274,2a475a68c23843a2c9bd8c47ee58e679e117ce195828bc06ed13975dd7e8b679
resnet,electrode,43,bandpass_n20002_cV4_covariance_s0,phase2/results/predictions/full/electrode/resnet/seed_43/bandpass_n20002_cV4_covariance_s0.npz,76002,d13561b5d17ca1d7ceb299e25de435175b571bacd45b68c514db83bc20da58fb
resnet,electrode,43,bandpass_n20002_cV5_independent_rms_s20,phase2/results/predictions/full/electrode/resnet/seed_43/bandpass_n20002_cV5_independent_rms_s20.npz,76371,c71618e4471960131e4c43782a5d9201325345a5ada21cba8742a7c656b0934d
resnet,electrode,43,bandpass_n20002_cV5_independent_rms_s15,phase2/results/predictions/full/electrode/resnet/seed_43/bandpass_n20002_cV5_independent_rms_s15.npz,76364,128320726507d0e02d9d77fa94916fa5ecc269a6ab5d64cc61c0e31fd191aac7
resnet,electrode,43,bandpass_n20002_cV5_independent_rms_s10,phase2/results/predictions/full/electrode/resnet/seed_43/bandpass_n20002_cV5_independent_rms_s10.npz,76414,22fa7582bd9c6fccff0d5d7277e23e4ef61b780651239e868637802d3053c748
resnet,electrode,43,bandpass_n20002_cV5_independent_rms_s5,phase2/results/predictions/full/electrode/resnet/seed_43/bandpass_n20002_cV5_independent_rms_s5.npz,76241,d6d72110f616dcf89952ba6a7d30a0956108cb7f9399d3cf16afbc4047a46245
resnet,electrode,43,bandpass_n20002_cV5_independent_rms_s0,phase2/results/predictions/full/electrode/resnet/seed_43/bandpass_n20002_cV5_independent_rms_s0.npz,75979,a1af6cd7b4639bce00d195aef3cf26a0ff845e1624453d7b1b4be105fff4d500
resnet,electrode,43,bandpass_n20002_cV5_electrode_s20,phase2/results/predictions/full/electrode/resnet/seed_43/bandpass_n20002_cV5_electrode_s20.npz,76336,92a60bb89d79e8e620d17036337eb3b0fa26992804d0f98c391b15785056488e
resnet,electrode,43,bandpass_n20002_cV5_electrode_s15,phase2/results/predictions/full/electrode/resnet/seed_43/bandpass_n20002_cV5_electrode_s15.npz,76356,b6a1884618e8594eb01e014560f8dbe7e83da2caf4884c3b191b6d5d0924490a
resnet,electrode,43,bandpass_n20002_cV5_electrode_s10,phase2/results/predictions/full/electrode/resnet/seed_43/bandpass_n20002_cV5_electrode_s10.npz,76338,2a0cb689ecd6e73b7e904cfd991f2f3fa24c2a33fafd212d6ef4e1738020a6fe
resnet,electrode,43,bandpass_n20002_cV5_electrode_s5,phase2/results/predictions/full/electrode/resnet/seed_43/bandpass_n20002_cV5_electrode_s5.npz,76229,ec2d51f70549cca8352f60d2b1aa2373caa22c87e4aba59961ccb86d6a873f4a
resnet,electrode,43,bandpass_n20002_cV5_electrode_s0,phase2/results/predictions/full/electrode/resnet/seed_43/bandpass_n20002_cV5_electrode_s0.npz,75980,45ffbe540074ccbbb6ee503c08cc3668e33d1a43fd83ef6e220e448773f56ace
resnet,electrode,43,bandpass_n20002_cV5_covariance_s20,phase2/results/predictions/full/electrode/resnet/seed_43/bandpass_n20002_cV5_covariance_s20.npz,76368,e4866f671b1275cccc0b9328b1502f426916d2e1d3c60263b887dc164d783068
resnet,electrode,43,bandpass_n20002_cV5_covariance_s15,phase2/results/predictions/full/electrode/resnet/seed_43/bandpass_n20002_cV5_covariance_s15.npz,76340,0c7809ee16aa44247937ed7ccbefaf49027e5a6471f0dafa2b08a141b60c80cf
resnet,electrode,43,bandpass_n20002_cV5_covariance_s10,phase2/results/predictions/full/electrode/resnet/seed_43/bandpass_n20002_cV5_covariance_s10.npz,76299,94d96b60453962b9fb5bdced4ca8901187cfb6f31bc6e4d3a0a038d6bf49b6fe
resnet,electrode,43,bandpass_n20002_cV5_covariance_s5,phase2/results/predictions/full/electrode/resnet/seed_43/bandpass_n20002_cV5_covariance_s5.npz,76212,5df9870887bd0c0b242054f3ed9d3383feeb4eb78e7d09d4294b343a491307fe
resnet,electrode,43,bandpass_n20002_cV5_covariance_s0,phase2/results/predictions/full/electrode/resnet/seed_43/bandpass_n20002_cV5_covariance_s0.npz,75998,21e80a77ea6e698ef732694e7fe9d5c887878d7fe35091898de26f9daa497767
resnet,electrode,43,bandpass_n20002_cV6_independent_rms_s20,phase2/results/predictions/full/electrode/resnet/seed_43/bandpass_n20002_cV6_independent_rms_s20.npz,76386,b303c0975f74eed04c72650e75bd88eb6ac50fb5f239bc1792685cbfefa6def3
resnet,electrode,43,bandpass_n20002_cV6_independent_rms_s15,phase2/results/predictions/full/electrode/resnet/seed_43/bandpass_n20002_cV6_independent_rms_s15.npz,76388,24da444b3cf30249b6f3f0ff71f0e665807e502450fc4d0a4999336c0bf2ce28
resnet,electrode,43,bandpass_n20002_cV6_independent_rms_s10,phase2/results/predictions/full/electrode/resnet/seed_43/bandpass_n20002_cV6_independent_rms_s10.npz,76374,06144c12dd37fac1eee86774e422391fd81d3105efa8097dfea33b88957432ad
resnet,electrode,43,bandpass_n20002_cV6_independent_rms_s5,phase2/results/predictions/full/electrode/resnet/seed_43/bandpass_n20002_cV6_independent_rms_s5.npz,76242,f9dbbb2cf7bc77a24e1d13a28efde13eb09156277c150606d06df602b417b47b
resnet,electrode,43,bandpass_n20002_cV6_independent_rms_s0,phase2/results/predictions/full/electrode/resnet/seed_43/bandpass_n20002_cV6_independent_rms_s0.npz,75991,eb32f1c55cf5e7e6c0de6adc11ec36d4c4c8f230a904b15cd6adffbe111695ca
resnet,electrode,43,bandpass_n20002_cV6_electrode_s20,phase2/results/predictions/full/electrode/resnet/seed_43/bandpass_n20002_cV6_electrode_s20.npz,76402,c60fd77c9de10fb265b51201b1683e1f05eab042aa5a93aedf0cf6f9e4191bba
resnet,electrode,43,bandpass_n20002_cV6_electrode_s15,phase2/results/predictions/full/electrode/resnet/seed_43/bandpass_n20002_cV6_electrode_s15.npz,76404,184fa634b8ed758bbfabb4456f9fc24760fb0b227f0b6e81df6bc8f435012f01
resnet,electrode,43,bandpass_n20002_cV6_electrode_s10,phase2/results/predictions/full/electrode/resnet/seed_43/bandpass_n20002_cV6_electrode_s10.npz,76331,1ff86d0487d759afe8509facd4cffca33d0b662686894cda0c0b8775ce17ba48
resnet,electrode,43,bandpass_n20002_cV6_electrode_s5,phase2/results/predictions/full/electrode/resnet/seed_43/bandpass_n20002_cV6_electrode_s5.npz,76243,c0bf93a13a073b1ce191fbaa44ef0a6657c8b556e839095f267b32e348a3a366
resnet,electrode,43,bandpass_n20002_cV6_electrode_s0,phase2/results/predictions/full/electrode/resnet/seed_43/bandpass_n20002_cV6_electrode_s0.npz,75970,d2958affbd944e71a0b05d187fd3239df9b755ee62484925e197aed78b81f407
resnet,electrode,43,bandpass_n20002_cV6_covariance_s20,phase2/results/predictions/full/electrode/resnet/seed_43/bandpass_n20002_cV6_covariance_s20.npz,76374,47ef0b4549bb239030fbddaa054935bcae84716ff899af0b1124e1d3fcc2e078
resnet,electrode,43,bandpass_n20002_cV6_covariance_s15,phase2/results/predictions/full/electrode/resnet/seed_43/bandpass_n20002_cV6_covariance_s15.npz,76381,719fb42b6e53429d507fd9e564c0eb567ecdee8370d6b5d7a88aff36f7cdafe2
resnet,electrode,43,bandpass_n20002_cV6_covariance_s10,phase2/results/predictions/full/electrode/resnet/seed_43/bandpass_n20002_cV6_covariance_s10.npz,76353,ceced3e548e13739b7fd0a50185b0be5912f2ac91adde7879d4bd217534b3026
resnet,electrode,43,bandpass_n20002_cV6_covariance_s5,phase2/results/predictions/full/electrode/resnet/seed_43/bandpass_n20002_cV6_covariance_s5.npz,76213,5e3c856c7df859b0a617cd2c0231c95bcb30866ea19defb5ec95c7bc0b871d50
resnet,electrode,43,bandpass_n20002_cV6_covariance_s0,phase2/results/predictions/full/electrode/resnet/seed_43/bandpass_n20002_cV6_covariance_s0.npz,76016,187170ec9a946b18999183c1f345b6d8a3ca6463fb8f70e49aead613cced17bd
resnet,electrode,43,bandpass_n20002_cRA_LA_independent_rms_s20,phase2/results/predictions/full/electrode/resnet/seed_43/bandpass_n20002_cRA_LA_independent_rms_s20.npz,76380,44bb820f671d094c974364fbe59c283aeafecb0845592f7896608f639b6fa38f
resnet,electrode,43,bandpass_n20002_cRA_LA_independent_rms_s15,phase2/results/predictions/full/electrode/resnet/seed_43/bandpass_n20002_cRA_LA_independent_rms_s15.npz,76396,ea84da069abb2a419e25fe96882033b47651d86862b4062c6a37a166ec3b0463
resnet,electrode,43,bandpass_n20002_cRA_LA_independent_rms_s10,phase2/results/predictions/full/electrode/resnet/seed_43/bandpass_n20002_cRA_LA_independent_rms_s10.npz,76348,e5d91a028d0a093fe7ef3c184cac2e57aad7d995801513c0144cb6132e2ef15c
resnet,electrode,43,bandpass_n20002_cRA_LA_independent_rms_s5,phase2/results/predictions/full/electrode/resnet/seed_43/bandpass_n20002_cRA_LA_independent_rms_s5.npz,76259,67be141b1c99c68e9bf5f3440226067cfe72e04f2b83c5ddc9c257b28616e817
resnet,electrode,43,bandpass_n20002_cRA_LA_independent_rms_s0,phase2/results/predictions/full/electrode/resnet/seed_43/bandpass_n20002_cRA_LA_independent_rms_s0.npz,75939,5782136db938b7b1880e31cbad98c1f90faf8d98303b0231adedf082ec487aa3
resnet,electrode,43,bandpass_n20002_cRA_LA_electrode_s20,phase2/results/predictions/full/electrode/resnet/seed_43/bandpass_n20002_cRA_LA_electrode_s20.npz,76355,00c711ec712bf501319639eb13e1c91222b07f534297b3de8073b558075bc4a1
resnet,electrode,43,bandpass_n20002_cRA_LA_electrode_s15,phase2/results/predictions/full/electrode/resnet/seed_43/bandpass_n20002_cRA_LA_electrode_s15.npz,76377,42d6c69948582599cfa3a58e0888da5b0b3e1f5e57dce10d2167fb8e53301662
resnet,electrode,43,bandpass_n20002_cRA_LA_electrode_s10,phase2/results/predictions/full/electrode/resnet/seed_43/bandpass_n20002_cRA_LA_electrode_s10.npz,76300,ccd215787ff65b6a2573213556a7342a99432b6c6388c24c7c6c17a218c95f00
resnet,electrode,43,bandpass_n20002_cRA_LA_electrode_s5,phase2/results/predictions/full/electrode/resnet/seed_43/bandpass_n20002_cRA_LA_electrode_s5.npz,76114,a72b772b0c7d51531b7dad35e50693349af720c1952ac10e642247f2397c4adc
resnet,electrode,43,bandpass_n20002_cRA_LA_electrode_s0,phase2/results/predictions/full/electrode/resnet/seed_43/bandpass_n20002_cRA_LA_electrode_s0.npz,75718,f3a1fb7308135cbc3163c8d1bdda2e6d1677a37b65bf6621d9265855585e15ab
resnet,electrode,43,bandpass_n20002_cRA_LA_covariance_s20,phase2/results/predictions/full/electrode/resnet/seed_43/bandpass_n20002_cRA_LA_covariance_s20.npz,76390,30f7ddd2b15f0950c03cf65c1ece840535674415ea32832fb6411badcd35b293
resnet,electrode,43,bandpass_n20002_cRA_LA_covariance_s15,phase2/results/predictions/full/electrode/resnet/seed_43/bandpass_n20002_cRA_LA_covariance_s15.npz,76360,3dec4039b60e2ec5a940aa0965093cfd01d76ff2a761817a7184a309df642575
resnet,electrode,43,bandpass_n20002_cRA_LA_covariance_s10,phase2/results/predictions/full/electrode/resnet/seed_43/bandpass_n20002_cRA_LA_covariance_s10.npz,76313,0e00339a4c5595a9a7c9e053a7781603e1dde677d9b21ae83b5228918de91f5b
resnet,electrode,43,bandpass_n20002_cRA_LA_covariance_s5,phase2/results/predictions/full/electrode/resnet/seed_43/bandpass_n20002_cRA_LA_covariance_s5.npz,76147,167f313b837f8c24fb2d2f646350cee6c39008aec26cc1870b840d783f1e189a
resnet,electrode,43,bandpass_n20002_cRA_LA_covariance_s0,phase2/results/predictions/full/electrode/resnet/seed_43/bandpass_n20002_cRA_LA_covariance_s0.npz,75694,5471a3367a2a4d41b1bf22f6268072e80c8ef7a333db12b909e4a97804cff426
resnet,electrode,43,bandpass_n20002_cLA_LL_independent_rms_s20,phase2/results/predictions/full/electrode/resnet/seed_43/bandpass_n20002_cLA_LL_independent_rms_s20.npz,76384,539db075e02547896ea517cedd8e6280fe8c3dbdd24743ce16feff4851ab0965
resnet,electrode,43,bandpass_n20002_cLA_LL_independent_rms_s15,phase2/results/predictions/full/electrode/resnet/seed_43/bandpass_n20002_cLA_LL_independent_rms_s15.npz,76389,3a9b0ed4381df6fc1babbc151d11c009e40b1d970e0e2ee8c45276a7c97ab180
resnet,electrode,43,bandpass_n20002_cLA_LL_independent_rms_s10,phase2/results/predictions/full/electrode/resnet/seed_43/bandpass_n20002_cLA_LL_independent_rms_s10.npz,76377,314dd9cfc814269e04a25d4f5dffc056f8441060e3cb98d01dcb5154605733ab
resnet,electrode,43,bandpass_n20002_cLA_LL_independent_rms_s5,phase2/results/predictions/full/electrode/resnet/seed_43/bandpass_n20002_cLA_LL_independent_rms_s5.npz,76239,fcf05f4f17b50bcdf54e4aa74840a81c71092188c5f4fa13795d492a44bb821f
resnet,electrode,43,bandpass_n20002_cLA_LL_independent_rms_s0,phase2/results/predictions/full/electrode/resnet/seed_43/bandpass_n20002_cLA_LL_independent_rms_s0.npz,75917,9fe4ec5a2851cc5ea2cafcd1e70318806f52ebac026e08d15bd7191c898fdccf
resnet,electrode,43,bandpass_n20002_cLA_LL_electrode_s20,phase2/results/predictions/full/electrode/resnet/seed_43/bandpass_n20002_cLA_LL_electrode_s20.npz,76403,e484b154dcfb883bfffbfdf0503f3552785e02945540521d3096af2c46892855
resnet,electrode,43,bandpass_n20002_cLA_LL_electrode_s15,phase2/results/predictions/full/electrode/resnet/seed_43/bandpass_n20002_cLA_LL_electrode_s15.npz,76387,31e834d80f3a42b438a6d41fd6237bae330eab6b7a4dc826ee68c3e05a7c8e76
resnet,electrode,43,bandpass_n20002_cLA_LL_electrode_s10,phase2/results/predictions/full/electrode/resnet/seed_43/bandpass_n20002_cLA_LL_electrode_s10.npz,76291,e4db62d292e89811641168995f1218080869be243969fd2f65046bcc8789f102
resnet,electrode,43,bandpass_n20002_cLA_LL_electrode_s5,phase2/results/predictions/full/electrode/resnet/seed_43/bandpass_n20002_cLA_LL_electrode_s5.npz,76085,c757822b09363af29f550340ed263af8954d2068d6c8697048bfc34cfab841c5
resnet,electrode,43,bandpass_n20002_cLA_LL_electrode_s0,phase2/results/predictions/full/electrode/resnet/seed_43/bandpass_n20002_cLA_LL_electrode_s0.npz,75691,4463247872bc2622129d92f7649e5255f9409d6b32f87bc20a5491f6592ca982
resnet,electrode,43,bandpass_n20002_cLA_LL_covariance_s20,phase2/results/predictions/full/electrode/resnet/seed_43/bandpass_n20002_cLA_LL_covariance_s20.npz,76409,92d5147b8d8335fe5b8aba3a0cb8e90494098c55bf927572e43e334505f78df2
resnet,electrode,43,bandpass_n20002_cLA_LL_covariance_s15,phase2/results/predictions/full/electrode/resnet/seed_43/bandpass_n20002_cLA_LL_covariance_s15.npz,76373,e2b6038cbb4b93d36fb5d147fa28ddfe5c5d27446a5dfbfc9d79d1c437ec32f7
resnet,electrode,43,bandpass_n20002_cLA_LL_covariance_s10,phase2/results/predictions/full/electrode/resnet/seed_43/bandpass_n20002_cLA_LL_covariance_s10.npz,76304,26500ca1618321e5129a5741291b8301b0cad0981f242683b3ba8018599293f4
resnet,electrode,43,bandpass_n20002_cLA_LL_covariance_s5,phase2/results/predictions/full/electrode/resnet/seed_43/bandpass_n20002_cLA_LL_covariance_s5.npz,76157,f9fae0ac076151cbc9f9a935d49c6c7242172c04bbe3ee9ab17d910575ae2a80
resnet,electrode,43,bandpass_n20002_cLA_LL_covariance_s0,phase2/results/predictions/full/electrode/resnet/seed_43/bandpass_n20002_cLA_LL_covariance_s0.npz,75706,fc2d2854d38bd4bb030c1d7d8a087903acdb3759e9feaf497a69710d5f037ce6
resnet,electrode,43,bandpass_n20002_cRA_LL_independent_rms_s20,phase2/results/predictions/full/electrode/resnet/seed_43/bandpass_n20002_cRA_LL_independent_rms_s20.npz,76415,f79581e8374e109dfc93710485952053fc0cdeacbc3d33001d88e7718c37f141
resnet,electrode,43,bandpass_n20002_cRA_LL_independent_rms_s15,phase2/results/predictions/full/electrode/resnet/seed_43/bandpass_n20002_cRA_LL_independent_rms_s15.npz,76433,b3bd08e22244a9f5a5be9a1035f47cf5dbda42e1ba3364158e99136071e95932
resnet,electrode,43,bandpass_n20002_cRA_LL_independent_rms_s10,phase2/results/predictions/full/electrode/resnet/seed_43/bandpass_n20002_cRA_LL_independent_rms_s10.npz,76371,d96db4ca0c44caf254f02dc7311ff9217e63846af8220ca5bcacf4e4abbab634
resnet,electrode,43,bandpass_n20002_cRA_LL_independent_rms_s5,phase2/results/predictions/full/electrode/resnet/seed_43/bandpass_n20002_cRA_LL_independent_rms_s5.npz,76237,1d5fa4356c8fe7ce393fe10c57df670744cf8e49492b018ceb865478e9c2c7cf
resnet,electrode,43,bandpass_n20002_cRA_LL_independent_rms_s0,phase2/results/predictions/full/electrode/resnet/seed_43/bandpass_n20002_cRA_LL_independent_rms_s0.npz,75936,e8fe199953881a85a09bf60105b38ae8104332117412b9d99f0f17c2a46b15a1
resnet,electrode,43,bandpass_n20002_cRA_LL_electrode_s20,phase2/results/predictions/full/electrode/resnet/seed_43/bandpass_n20002_cRA_LL_electrode_s20.npz,76371,e79d28da781358ce95a931b43525dcfe1b4c772492abef40002e53bb44038205
resnet,electrode,43,bandpass_n20002_cRA_LL_electrode_s15,phase2/results/predictions/full/electrode/resnet/seed_43/bandpass_n20002_cRA_LL_electrode_s15.npz,76377,5696e458874256fa7646f32604b594f099b303b4c185b5e2184205dd30c1b22a
resnet,electrode,43,bandpass_n20002_cRA_LL_electrode_s10,phase2/results/predictions/full/electrode/resnet/seed_43/bandpass_n20002_cRA_LL_electrode_s10.npz,76275,121a809778978952a45c62b0516ca3015f368cf2cbfab11a728c91271fec0b0c
resnet,electrode,43,bandpass_n20002_cRA_LL_electrode_s5,phase2/results/predictions/full/electrode/resnet/seed_43/bandpass_n20002_cRA_LL_electrode_s5.npz,76078,cb93c6f19a8d1ad366c0d59776b3839b9c4eabaf6ed8e9cceb3b334b22a13f9a
resnet,electrode,43,bandpass_n20002_cRA_LL_electrode_s0,phase2/results/predictions/full/electrode/resnet/seed_43/bandpass_n20002_cRA_LL_electrode_s0.npz,75648,1600a9ad8b76d3cee0b7060320fa20c854ab87e44cc7ce4c82e7f7b1266fe6ff
resnet,electrode,43,bandpass_n20002_cRA_LL_covariance_s20,phase2/results/predictions/full/electrode/resnet/seed_43/bandpass_n20002_cRA_LL_covariance_s20.npz,76402,b31a16021f03cde3575a02660b3b58889718a6e46a351f165ddc51d9401108e1
resnet,electrode,43,bandpass_n20002_cRA_LL_covariance_s15,phase2/results/predictions/full/electrode/resnet/seed_43/bandpass_n20002_cRA_LL_covariance_s15.npz,76388,76ea67efe187111f8fc99e9746feb135a7142c797309214b8e228aab732c46cc
resnet,electrode,43,bandpass_n20002_cRA_LL_covariance_s10,phase2/results/predictions/full/electrode/resnet/seed_43/bandpass_n20002_cRA_LL_covariance_s10.npz,76313,335e63e3df7bdf241ef5ca37f038873d33cb818440c4b5146e298e3deae4a897
resnet,electrode,43,bandpass_n20002_cRA_LL_covariance_s5,phase2/results/predictions/full/electrode/resnet/seed_43/bandpass_n20002_cRA_LL_covariance_s5.npz,76100,2d5918c26f365265c1a63accadf43407d6c4ff2f3d95da68d974971063ccb8fe
resnet,electrode,43,bandpass_n20002_cRA_LL_covariance_s0,phase2/results/predictions/full/electrode/resnet/seed_43/bandpass_n20002_cRA_LL_covariance_s0.npz,75636,3d6c436ee6fc19438c33b1ea593306f2a9804888457dde291dcbdd3879ff1ed5
resnet,electrode,43,bandpass_n20002_cRA_independent_rms_s20,phase2/results/predictions/full/electrode/resnet/seed_43/bandpass_n20002_cRA_independent_rms_s20.npz,76383,551924f3373ff1aa0bc36802df66342bd1425c134b45e149b8498762baa065cd
resnet,electrode,43,bandpass_n20002_cRA_independent_rms_s15,phase2/results/predictions/full/electrode/resnet/seed_43/bandpass_n20002_cRA_independent_rms_s15.npz,76384,1474780208f9af22402abe8d0e0121d5d0b96c2060045b3596e2e94f63661fce
resnet,electrode,43,bandpass_n20002_cRA_independent_rms_s10,phase2/results/predictions/full/electrode/resnet/seed_43/bandpass_n20002_cRA_independent_rms_s10.npz,76373,5e9b4c99a69553808f15c8c2e47f2b97d3b6a3e66d81a7726718e83d7b0b29b2
resnet,electrode,43,bandpass_n20002_cRA_independent_rms_s5,phase2/results/predictions/full/electrode/resnet/seed_43/bandpass_n20002_cRA_independent_rms_s5.npz,76257,783cbbf495443caa0fb44373e5c4f8337a399e3f9c670156b88ea5da88d450aa
resnet,electrode,43,bandpass_n20002_cRA_independent_rms_s0,phase2/results/predictions/full/electrode/resnet/seed_43/bandpass_n20002_cRA_independent_rms_s0.npz,75941,634fd7fd3095ebb2c213534712413aa397a0696565304a0b846ddc63f585e6b6
resnet,electrode,43,bandpass_n20002_cRA_electrode_s20,phase2/results/predictions/full/electrode/resnet/seed_43/bandpass_n20002_cRA_electrode_s20.npz,76389,a0157e8d8265e22acd3e3143409895a337cc1ccd0b62d8bf4fe1db1a6d685701
resnet,electrode,43,bandpass_n20002_cRA_electrode_s15,phase2/results/predictions/full/electrode/resnet/seed_43/bandpass_n20002_cRA_electrode_s15.npz,76356,be3143f12affdac4dd019bda5cff1334c78e59e186ebe8c090a15e358a53d34d
resnet,electrode,43,bandpass_n20002_cRA_electrode_s10,phase2/results/predictions/full/electrode/resnet/seed_43/bandpass_n20002_cRA_electrode_s10.npz,76285,4d4b8b4302dc0a888a96c5afec06fef785189fa7746c4b0ac341e716c715d2fa
resnet,electrode,43,bandpass_n20002_cRA_electrode_s5,phase2/results/predictions/full/electrode/resnet/seed_43/bandpass_n20002_cRA_electrode_s5.npz,76118,b12260fae0c032e7b761871576c9730a785f331706ee5859e4620d6fdf15aee5
resnet,electrode,43,bandpass_n20002_cRA_electrode_s0,phase2/results/predictions/full/electrode/resnet/seed_43/bandpass_n20002_cRA_electrode_s0.npz,75702,43da536b4b42792e409e58143ce667f9d3b52abe78806b4dd93b43df3be195f9
resnet,electrode,43,bandpass_n20002_cRA_covariance_s20,phase2/results/predictions/full/electrode/resnet/seed_43/bandpass_n20002_cRA_covariance_s20.npz,76387,9953586e26015181488b595808a47372f1962d264fd367b098a038ac8dfe9d69
resnet,electrode,43,bandpass_n20002_cRA_covariance_s15,phase2/results/predictions/full/electrode/resnet/seed_43/bandpass_n20002_cRA_covariance_s15.npz,76358,c3c9d09026735343db52212267bfbbd35e59ff12de772b3026b1418e8a05fe3f
resnet,electrode,43,bandpass_n20002_cRA_covariance_s10,phase2/results/predictions/full/electrode/resnet/seed_43/bandpass_n20002_cRA_covariance_s10.npz,76335,5946018b2c13a1f1fff85468c9609c23811ec1477e0bba0f71c257aa6e5dcf40
resnet,electrode,43,bandpass_n20002_cRA_covariance_s5,phase2/results/predictions/full/electrode/resnet/seed_43/bandpass_n20002_cRA_covariance_s5.npz,76082,e3e5b377eb14779b7cc95c68bb0102cebe66fa15e665bb13c0cc592a94092b31
resnet,electrode,43,bandpass_n20002_cRA_covariance_s0,phase2/results/predictions/full/electrode/resnet/seed_43/bandpass_n20002_cRA_covariance_s0.npz,75747,9880fd022ebb0de72147854ec46f5c2dc3c45edd3867c53b5a31479753f148d0
resnet,electrode,43,bandpass_n20002_cLA_independent_rms_s20,phase2/results/predictions/full/electrode/resnet/seed_43/bandpass_n20002_cLA_independent_rms_s20.npz,76386,c600338d87062e6d179ba001c899d656ff9f4e244440696d96af5d1a873cd542
resnet,electrode,43,bandpass_n20002_cLA_independent_rms_s15,phase2/results/predictions/full/electrode/resnet/seed_43/bandpass_n20002_cLA_independent_rms_s15.npz,76419,3d6cd9c8c303d6c8c21b415dba9c48cf4b50107d36445cb4f5e278d23fa23e74
resnet,electrode,43,bandpass_n20002_cLA_independent_rms_s10,phase2/results/predictions/full/electrode/resnet/seed_43/bandpass_n20002_cLA_independent_rms_s10.npz,76390,a43f15db1e2228f2748ad22230ec431d696b07f74335feb00cfa329c899f2b4e
resnet,electrode,43,bandpass_n20002_cLA_independent_rms_s5,phase2/results/predictions/full/electrode/resnet/seed_43/bandpass_n20002_cLA_independent_rms_s5.npz,76245,d4957a067ea492aada22c51e5046f55c7b4de1f38a5191a0e958dc8b7d849fa7
resnet,electrode,43,bandpass_n20002_cLA_independent_rms_s0,phase2/results/predictions/full/electrode/resnet/seed_43/bandpass_n20002_cLA_independent_rms_s0.npz,75927,c03a374aa5f4e7aee2f977db8f9c0c963e9e510291f0214ee293bed9c471d699
resnet,electrode,43,bandpass_n20002_cLA_electrode_s20,phase2/results/predictions/full/electrode/resnet/seed_43/bandpass_n20002_cLA_electrode_s20.npz,76376,335bbffcda2e95c9eb22d853bada183f210186006058f44d309ffbd8ebdcafe8
resnet,electrode,43,bandpass_n20002_cLA_electrode_s15,phase2/results/predictions/full/electrode/resnet/seed_43/bandpass_n20002_cLA_electrode_s15.npz,76383,8c5dfdf75c0001675d691fe9b6ddfe4c7cd20ccff154fec0e6cf6e9ed82b2dae
resnet,electrode,43,bandpass_n20002_cLA_electrode_s10,phase2/results/predictions/full/electrode/resnet/seed_43/bandpass_n20002_cLA_electrode_s10.npz,76334,1c5fd3bb6741b77628c5d528a26570be290bf92f345d6788cd88413ddfab72ba
resnet,electrode,43,bandpass_n20002_cLA_electrode_s5,phase2/results/predictions/full/electrode/resnet/seed_43/bandpass_n20002_cLA_electrode_s5.npz,76152,377e174e666212edd913d87c26756981f5ece5490bd56c5547be6e23fe1e14fc
resnet,electrode,43,bandpass_n20002_cLA_electrode_s0,phase2/results/predictions/full/electrode/resnet/seed_43/bandpass_n20002_cLA_electrode_s0.npz,75756,6ffb846257d7c8c0daaa5e17b965b8e8185799ddde809c5c8803b82b4c62286e
resnet,electrode,43,bandpass_n20002_cLA_covariance_s20,phase2/results/predictions/full/electrode/resnet/seed_43/bandpass_n20002_cLA_covariance_s20.npz,76396,2bc89d976db168a9a5b4437db39dd4f4ad8e7a02a3722cb40527f8fd6fb9791b
resnet,electrode,43,bandpass_n20002_cLA_covariance_s15,phase2/results/predictions/full/electrode/resnet/seed_43/bandpass_n20002_cLA_covariance_s15.npz,76400,c4ddce2b42f38a3e4827ba592d8490faf784857f16958f58723709fee432dd09
resnet,electrode,43,bandpass_n20002_cLA_covariance_s10,phase2/results/predictions/full/electrode/resnet/seed_43/bandpass_n20002_cLA_covariance_s10.npz,76338,7763a24db9d2ae1e92a0f6839612e30b9256a6dc2c283d833c4517f7479a2dac
resnet,electrode,43,bandpass_n20002_cLA_covariance_s5,phase2/results/predictions/full/electrode/resnet/seed_43/bandpass_n20002_cLA_covariance_s5.npz,76162,426c1084f6e1a71a6de627b97e9b5ef176858ea3efee3acd26b4a33f29e7f2aa
resnet,electrode,43,bandpass_n20002_cLA_covariance_s0,phase2/results/predictions/full/electrode/resnet/seed_43/bandpass_n20002_cLA_covariance_s0.npz,75746,0d87966f4247ea6f42442046c8a7268fd7edf722fdd98169a6fd29a1955db09d
resnet,electrode,43,bandpass_n20002_cLL_independent_rms_s20,phase2/results/predictions/full/electrode/resnet/seed_43/bandpass_n20002_cLL_independent_rms_s20.npz,76401,7c66da325e3302c6f6e847d09444aefae342408b6c3ccfbd73b20dc4498930bb
resnet,electrode,43,bandpass_n20002_cLL_independent_rms_s15,phase2/results/predictions/full/electrode/resnet/seed_43/bandpass_n20002_cLL_independent_rms_s15.npz,76378,4f36f8e678384492c2c55d45ef4fe2a5505ae00342ddad562c8cc18c1c14cfa0
resnet,electrode,43,bandpass_n20002_cLL_independent_rms_s10,phase2/results/predictions/full/electrode/resnet/seed_43/bandpass_n20002_cLL_independent_rms_s10.npz,76351,5d764c1092c7a2f16444181cf0a5dccc9e8faa1193bed298c6c3bca49e2a0d6d
resnet,electrode,43,bandpass_n20002_cLL_independent_rms_s5,phase2/results/predictions/full/electrode/resnet/seed_43/bandpass_n20002_cLL_independent_rms_s5.npz,76248,5096783e4973df0d381c7b51a0a73a87283e44d523c9741293dc9e5f4fa601c9
resnet,electrode,43,bandpass_n20002_cLL_independent_rms_s0,phase2/results/predictions/full/electrode/resnet/seed_43/bandpass_n20002_cLL_independent_rms_s0.npz,75882,8dde886920bcd86a8a65cad7b5c07b4cfa1378d2a7b47f2656904a323ca7b3a3
resnet,electrode,43,bandpass_n20002_cLL_electrode_s20,phase2/results/predictions/full/electrode/resnet/seed_43/bandpass_n20002_cLL_electrode_s20.npz,76378,17fef11d18a1d450dad36caf4f6fc934a207768a2262a2789d74eab520f18565
resnet,electrode,43,bandpass_n20002_cLL_electrode_s15,phase2/results/predictions/full/electrode/resnet/seed_43/bandpass_n20002_cLL_electrode_s15.npz,76325,8a75edefe50b26742e275e193cc5d3a899e49cf014ab9c72f46300accf6dd93f
resnet,electrode,43,bandpass_n20002_cLL_electrode_s10,phase2/results/predictions/full/electrode/resnet/seed_43/bandpass_n20002_cLL_electrode_s10.npz,76275,580396ebe4a3bd8c843641f062d36328ce9f5a5cb756304de9373d7449a3d810
resnet,electrode,43,bandpass_n20002_cLL_electrode_s5,phase2/results/predictions/full/electrode/resnet/seed_43/bandpass_n20002_cLL_electrode_s5.npz,76087,856baf97df060ee3f3422362b6b1eb07e23ed5f7d457b0c560678483ccb2c124
resnet,electrode,43,bandpass_n20002_cLL_electrode_s0,phase2/results/predictions/full/electrode/resnet/seed_43/bandpass_n20002_cLL_electrode_s0.npz,75673,6b495290f3a746e36802f68c74b9f1d6e37c54502a5609aba889287aacbf42cd
resnet,electrode,43,bandpass_n20002_cLL_covariance_s20,phase2/results/predictions/full/electrode/resnet/seed_43/bandpass_n20002_cLL_covariance_s20.npz,76388,66d5843b394b5998af74f516f8397dfd27d302795477a54193dfb8d0ab0b7e3d
resnet,electrode,43,bandpass_n20002_cLL_covariance_s15,phase2/results/predictions/full/electrode/resnet/seed_43/bandpass_n20002_cLL_covariance_s15.npz,76388,baf9bb0abac194228065aa0af197196f5e37e045405248d5574f4921d1f6c601
resnet,electrode,43,bandpass_n20002_cLL_covariance_s10,phase2/results/predictions/full/electrode/resnet/seed_43/bandpass_n20002_cLL_covariance_s10.npz,76312,5fee429ed1acc51409716b551a3500567d537464eaadab534e95ed1e58af4ac8
resnet,electrode,43,bandpass_n20002_cLL_covariance_s5,phase2/results/predictions/full/electrode/resnet/seed_43/bandpass_n20002_cLL_covariance_s5.npz,76059,e68cb96f151349a354a4d1a3d46408f41a40960bd9b1c302ba9871300dd4f388
resnet,electrode,43,bandpass_n20002_cLL_covariance_s0,phase2/results/predictions/full/electrode/resnet/seed_43/bandpass_n20002_cLL_covariance_s0.npz,75672,776fc044ab6d8e4f1907d2d8cbb035da8df9dc5e1c606b1d60f6ec5f121f6ab8
resnet,electrode,43,bandpass_n20002_cRA_V1_independent_rms_s20,phase2/results/predictions/full/electrode/resnet/seed_43/bandpass_n20002_cRA_V1_independent_rms_s20.npz,76395,33c545904aa398e636e155e4cb9abf114b84aea839b9b5827efe48118528a048
resnet,electrode,43,bandpass_n20002_cRA_V1_independent_rms_s15,phase2/results/predictions/full/electrode/resnet/seed_43/bandpass_n20002_cRA_V1_independent_rms_s15.npz,76381,b72b772f93b0c5f1253931eab70ba4d5f064fbfb6f496f2700996860bf220db6
resnet,electrode,43,bandpass_n20002_cRA_V1_independent_rms_s10,phase2/results/predictions/full/electrode/resnet/seed_43/bandpass_n20002_cRA_V1_independent_rms_s10.npz,76378,2eb4e0b7b09a78dcee43a0a380dc26b4acc800ebda9e11bcab6cb21bb99747dd
resnet,electrode,43,bandpass_n20002_cRA_V1_independent_rms_s5,phase2/results/predictions/full/electrode/resnet/seed_43/bandpass_n20002_cRA_V1_independent_rms_s5.npz,76261,844c956eea5871bd3a2b567070f8bd5d915cce85610f6b534fb4e8d60c8b937c
resnet,electrode,43,bandpass_n20002_cRA_V1_independent_rms_s0,phase2/results/predictions/full/electrode/resnet/seed_43/bandpass_n20002_cRA_V1_independent_rms_s0.npz,75924,b5eefa14ec18c155316986c3bd2877da900eab8d69457d2f47365b8d261473b1
resnet,electrode,43,bandpass_n20002_cRA_V1_electrode_s20,phase2/results/predictions/full/electrode/resnet/seed_43/bandpass_n20002_cRA_V1_electrode_s20.npz,76375,63a9ecd351223b3edefc2901755d97dd101933d5ff835f5c44f8470c354ada04
resnet,electrode,43,bandpass_n20002_cRA_V1_electrode_s15,phase2/results/predictions/full/electrode/resnet/seed_43/bandpass_n20002_cRA_V1_electrode_s15.npz,76388,75f61db3af3dac8dcedb5d5017bd370031352a774d7c6f641aefeb06101d08f2
resnet,electrode,43,bandpass_n20002_cRA_V1_electrode_s10,phase2/results/predictions/full/electrode/resnet/seed_43/bandpass_n20002_cRA_V1_electrode_s10.npz,76276,2319bf0839ab4e91eb6958108b56b3ebb83846f7333ab6a3c6c263818eee1c91
resnet,electrode,43,bandpass_n20002_cRA_V1_electrode_s5,phase2/results/predictions/full/electrode/resnet/seed_43/bandpass_n20002_cRA_V1_electrode_s5.npz,76138,1961d853ab3bbfec71a9ecf9f9ab7d89f6779a78961f7557f96a9f3d7d20de78
resnet,electrode,43,bandpass_n20002_cRA_V1_electrode_s0,phase2/results/predictions/full/electrode/resnet/seed_43/bandpass_n20002_cRA_V1_electrode_s0.npz,75723,c4434e91e6cbe477f5b81a46d2d8686c4713c9f96730f3dc33f0589226cde948
resnet,electrode,43,bandpass_n20002_cRA_V1_covariance_s20,phase2/results/predictions/full/electrode/resnet/seed_43/bandpass_n20002_cRA_V1_covariance_s20.npz,76385,f474779a1f61865ce6f8351709e1d91f7cc9dd8ffe605a6c7cefe400f4ff130b
resnet,electrode,43,bandpass_n20002_cRA_V1_covariance_s15,phase2/results/predictions/full/electrode/resnet/seed_43/bandpass_n20002_cRA_V1_covariance_s15.npz,76370,d764ab4dda9c88b57727370e3d22c32c60050084e1f897df3fa745d522cdab20
resnet,electrode,43,bandpass_n20002_cRA_V1_covariance_s10,phase2/results/predictions/full/electrode/resnet/seed_43/bandpass_n20002_cRA_V1_covariance_s10.npz,76294,f02cfda26b10016c80f5b950136bded174bb499fd5a08dde568e1cf483d5c3dd
resnet,electrode,43,bandpass_n20002_cRA_V1_covariance_s5,phase2/results/predictions/full/electrode/resnet/seed_43/bandpass_n20002_cRA_V1_covariance_s5.npz,76172,ba577356498dac1309fc0c80e57949b549dcce44e4d1455b86c6530ce2ee92a6
resnet,electrode,43,bandpass_n20002_cRA_V1_covariance_s0,phase2/results/predictions/full/electrode/resnet/seed_43/bandpass_n20002_cRA_V1_covariance_s0.npz,75776,44b6ec41a144f160e58e551e878b2fb2704bb6221fa17f87692205fc781908b7
resnet,electrode,43,bandpass_n20002_cLA_V6_independent_rms_s20,phase2/results/predictions/full/electrode/resnet/seed_43/bandpass_n20002_cLA_V6_independent_rms_s20.npz,76385,4e512d1cf3ef019853751bf262949bb27b55ad910681888bb43cc351b6b8d7b1
resnet,electrode,43,bandpass_n20002_cLA_V6_independent_rms_s15,phase2/results/predictions/full/electrode/resnet/seed_43/bandpass_n20002_cLA_V6_independent_rms_s15.npz,76425,94c63cc9b9a02c3f09c6f00d2b16aaae3d3b0a903b74c54bfa7d7066a3a3e5a1
resnet,electrode,43,bandpass_n20002_cLA_V6_independent_rms_s10,phase2/results/predictions/full/electrode/resnet/seed_43/bandpass_n20002_cLA_V6_independent_rms_s10.npz,76390,af28886141bdc5ee14a0a33ffad585602ad2f656a997374fe16a120e04e0895f
resnet,electrode,43,bandpass_n20002_cLA_V6_independent_rms_s5,phase2/results/predictions/full/electrode/resnet/seed_43/bandpass_n20002_cLA_V6_independent_rms_s5.npz,76267,af36e29951f1c311ac498e697f980f048dbf5a5dbafe5a0dc811cc6893fc2f9b
resnet,electrode,43,bandpass_n20002_cLA_V6_independent_rms_s0,phase2/results/predictions/full/electrode/resnet/seed_43/bandpass_n20002_cLA_V6_independent_rms_s0.npz,75960,580bbfe60d852aa5049ecbbf0cb9ed0b9664e786e6cabb2ab8e12d773f8367d1
resnet,electrode,43,bandpass_n20002_cLA_V6_electrode_s20,phase2/results/predictions/full/electrode/resnet/seed_43/bandpass_n20002_cLA_V6_electrode_s20.npz,76393,b71cd656697f78b7e973e6d881026817812bcc3678e6fbb350ee8ae110acc3d5
resnet,electrode,43,bandpass_n20002_cLA_V6_electrode_s15,phase2/results/predictions/full/electrode/resnet/seed_43/bandpass_n20002_cLA_V6_electrode_s15.npz,76401,b63a6ebf1870b875187b20b5a32ec0ae12f586c9c6cd3e9510876ad71a151399
resnet,electrode,43,bandpass_n20002_cLA_V6_electrode_s10,phase2/results/predictions/full/electrode/resnet/seed_43/bandpass_n20002_cLA_V6_electrode_s10.npz,76358,18115372bc73c6fbcf698c6082ee90b9de48d02f496b411f8b925ded1ea4a597
resnet,electrode,43,bandpass_n20002_cLA_V6_electrode_s5,phase2/results/predictions/full/electrode/resnet/seed_43/bandpass_n20002_cLA_V6_electrode_s5.npz,76232,f4da10f4f6057065910fea66eef1cc3e70aa911f9cc0e41d0ea77bb9e9b9f693
resnet,electrode,43,bandpass_n20002_cLA_V6_electrode_s0,phase2/results/predictions/full/electrode/resnet/seed_43/bandpass_n20002_cLA_V6_electrode_s0.npz,75804,6d338a4d473278ea15d1edf66770ebbdc6ce4e51cb912031b9438f6519c07a11
resnet,electrode,43,bandpass_n20002_cLA_V6_covariance_s20,phase2/results/predictions/full/electrode/resnet/seed_43/bandpass_n20002_cLA_V6_covariance_s20.npz,76398,4593bbeb2ac08b1b7654f504c0d510f0956ae8c5e2ea2c10fd25a81d888ce8ec
resnet,electrode,43,bandpass_n20002_cLA_V6_covariance_s15,phase2/results/predictions/full/electrode/resnet/seed_43/bandpass_n20002_cLA_V6_covariance_s15.npz,76384,602d724393b7363e02585b4abda825daee70c14dbaee87a41c1a3b8a73418183
resnet,electrode,43,bandpass_n20002_cLA_V6_covariance_s10,phase2/results/predictions/full/electrode/resnet/seed_43/bandpass_n20002_cLA_V6_covariance_s10.npz,76358,9572e358a3bc7e4d70c38611b9bd2ad460b7b265e7b226515633a61eeddbb797
resnet,electrode,43,bandpass_n20002_cLA_V6_covariance_s5,phase2/results/predictions/full/electrode/resnet/seed_43/bandpass_n20002_cLA_V6_covariance_s5.npz,76168,924efeca6f4876b980ebe2c5612833c155b398ce07746547d6d261b733cd1db0
resnet,electrode,43,bandpass_n20002_cLA_V6_covariance_s0,phase2/results/predictions/full/electrode/resnet/seed_43/bandpass_n20002_cLA_V6_covariance_s0.npz,75772,ecbcb1c9466d808d48e539fa81c25ea356a6646789392e86b0f3d6306b487c6f
resnet,electrode,43,bandpass_n20002_cLL_V4_independent_rms_s20,phase2/results/predictions/full/electrode/resnet/seed_43/bandpass_n20002_cLL_V4_independent_rms_s20.npz,76404,8ae312a69ca38857596fd1b03cc42833ddf3577c4d210d67425becb7c8df818c
resnet,electrode,43,bandpass_n20002_cLL_V4_independent_rms_s15,phase2/results/predictions/full/electrode/resnet/seed_43/bandpass_n20002_cLL_V4_independent_rms_s15.npz,76417,eafbcd06a173f86381952f33ee4f3188be73d845fef2bd6a7053fc05ded4ea83
resnet,electrode,43,bandpass_n20002_cLL_V4_independent_rms_s10,phase2/results/predictions/full/electrode/resnet/seed_43/bandpass_n20002_cLL_V4_independent_rms_s10.npz,76359,cf820aef8b4fc16d2ace9c27dddfef48aa66b1dc67d70f6aa34e9882c0d9b62c
resnet,electrode,43,bandpass_n20002_cLL_V4_independent_rms_s5,phase2/results/predictions/full/electrode/resnet/seed_43/bandpass_n20002_cLL_V4_independent_rms_s5.npz,76217,3b49c20b529e944959ec7f7ab2a84e9f4c6d566361a2a7776a4eb2cec9b1bb48
resnet,electrode,43,bandpass_n20002_cLL_V4_independent_rms_s0,phase2/results/predictions/full/electrode/resnet/seed_43/bandpass_n20002_cLL_V4_independent_rms_s0.npz,75903,f8c23b3dc9ee71e368430a249f772e22b920ee82ce7da0110f5953f6a5d308a5
resnet,electrode,43,bandpass_n20002_cLL_V4_electrode_s20,phase2/results/predictions/full/electrode/resnet/seed_43/bandpass_n20002_cLL_V4_electrode_s20.npz,76371,eab04d9abb4c9e1d51c381cd810e411b15d530ce302fc309f5ef1961384dc3c3
resnet,electrode,43,bandpass_n20002_cLL_V4_electrode_s15,phase2/results/predictions/full/electrode/resnet/seed_43/bandpass_n20002_cLL_V4_electrode_s15.npz,76349,c3067c18e0d36a376cbb0fc604d639946e3d8e9c1734ca2782f2ab27a8903744
resnet,electrode,43,bandpass_n20002_cLL_V4_electrode_s10,phase2/results/predictions/full/electrode/resnet/seed_43/bandpass_n20002_cLL_V4_electrode_s10.npz,76294,0e38ee177fae6269c3516af40209a9f295f83c4f21092d4762510a7253e99ac0
resnet,electrode,43,bandpass_n20002_cLL_V4_electrode_s5,phase2/results/predictions/full/electrode/resnet/seed_43/bandpass_n20002_cLL_V4_electrode_s5.npz,76125,91b08e731b8a8ff3bd0621b2f583f7c52aea418b34be35a0e29e77e1a6ea9da1
resnet,electrode,43,bandpass_n20002_cLL_V4_electrode_s0,phase2/results/predictions/full/electrode/resnet/seed_43/bandpass_n20002_cLL_V4_electrode_s0.npz,75745,b93838aa3977be99b82037185b4e9619acd16f57d4b27c63e9d1f8fa70d5740f
resnet,electrode,43,bandpass_n20002_cLL_V4_covariance_s20,phase2/results/predictions/full/electrode/resnet/seed_43/bandpass_n20002_cLL_V4_covariance_s20.npz,76394,75b3c836667e15df182d560e42c80738114cf1b9d3f8d56c3cb45030d7fe6a1d
resnet,electrode,43,bandpass_n20002_cLL_V4_covariance_s15,phase2/results/predictions/full/electrode/resnet/seed_43/bandpass_n20002_cLL_V4_covariance_s15.npz,76369,520040f8a04cacab8dedc4ee302b216ac2e55703b25aab26ed2af9d2d562986f
resnet,electrode,43,bandpass_n20002_cLL_V4_covariance_s10,phase2/results/predictions/full/electrode/resnet/seed_43/bandpass_n20002_cLL_V4_covariance_s10.npz,76334,b6756306a57d3b92e67eca3fb500d9413dc4d93ec42481a3e7938a74e665886f
resnet,electrode,43,bandpass_n20002_cLL_V4_covariance_s5,phase2/results/predictions/full/electrode/resnet/seed_43/bandpass_n20002_cLL_V4_covariance_s5.npz,76111,f727a0f21c5bc7cba7c21defd68fb071a2f8c33ab70d68349684b5ea81d7d724
resnet,electrode,43,bandpass_n20002_cLL_V4_covariance_s0,phase2/results/predictions/full/electrode/resnet/seed_43/bandpass_n20002_cLL_V4_covariance_s0.npz,75705,a74ffab161b2032bbe436762cc6fdc5649e8af68fe1eead65e37ba291f6bb227
resnet,electrode,43,bandpass_n20002_cRA_LA_V1_V6_independent_rms_s20,phase2/results/predictions/full/electrode/resnet/seed_43/bandpass_n20002_cRA_LA_V1_V6_independent_rms_s20.npz,76422,75401b0dd2293685da051c2c1aae1a3a0a7f6c4d5b80713a886d1df6bf6d8f12
resnet,electrode,43,bandpass_n20002_cRA_LA_V1_V6_independent_rms_s15,phase2/results/predictions/full/electrode/resnet/seed_43/bandpass_n20002_cRA_LA_V1_V6_independent_rms_s15.npz,76401,02fa88ce9ae00c259c1024d29e9d5077a570dc64fc68c9529ab8f2675555a30f
resnet,electrode,43,bandpass_n20002_cRA_LA_V1_V6_independent_rms_s10,phase2/results/predictions/full/electrode/resnet/seed_43/bandpass_n20002_cRA_LA_V1_V6_independent_rms_s10.npz,76376,190332e64d09345d2963f7472cd663dcb2f56b27e9b21fb00da937dfe01e9565
resnet,electrode,43,bandpass_n20002_cRA_LA_V1_V6_independent_rms_s5,phase2/results/predictions/full/electrode/resnet/seed_43/bandpass_n20002_cRA_LA_V1_V6_independent_rms_s5.npz,76275,f8ef55e7efeaab694c4a19b460c168e90dfcfab15f2fbf73f14881dc3c3d1b0a
resnet,electrode,43,bandpass_n20002_cRA_LA_V1_V6_independent_rms_s0,phase2/results/predictions/full/electrode/resnet/seed_43/bandpass_n20002_cRA_LA_V1_V6_independent_rms_s0.npz,75956,80981f1346013869d262ac455d25e246bbf497593d57788f818280cc0efda2dd
resnet,electrode,43,bandpass_n20002_cRA_LA_V1_V6_electrode_s20,phase2/results/predictions/full/electrode/resnet/seed_43/bandpass_n20002_cRA_LA_V1_V6_electrode_s20.npz,76397,ce7796b4299c5027f72fc98bad4732d693db9348b5047aa428d4d80bec71d396
resnet,electrode,43,bandpass_n20002_cRA_LA_V1_V6_electrode_s15,phase2/results/predictions/full/electrode/resnet/seed_43/bandpass_n20002_cRA_LA_V1_V6_electrode_s15.npz,76382,f695ee08850a757547665a62831db3601dc6fa6c4abc474128df0147e1f35328
resnet,electrode,43,bandpass_n20002_cRA_LA_V1_V6_electrode_s10,phase2/results/predictions/full/electrode/resnet/seed_43/bandpass_n20002_cRA_LA_V1_V6_electrode_s10.npz,76339,db2d44bfad99622062784794a49d13377945781f4fb3a52c6261e6942361454c
resnet,electrode,43,bandpass_n20002_cRA_LA_V1_V6_electrode_s5,phase2/results/predictions/full/electrode/resnet/seed_43/bandpass_n20002_cRA_LA_V1_V6_electrode_s5.npz,76183,7a8f73aca12081e5c81c184173f03ef33c1317c94365b14e57173b6a5c876e8a
resnet,electrode,43,bandpass_n20002_cRA_LA_V1_V6_electrode_s0,phase2/results/predictions/full/electrode/resnet/seed_43/bandpass_n20002_cRA_LA_V1_V6_electrode_s0.npz,75777,8744d0a7b4f624ed3362e3da933250b58141d11fa8901317cc963b0f25d06d95
resnet,electrode,43,bandpass_n20002_cRA_LA_V1_V6_covariance_s20,phase2/results/predictions/full/electrode/resnet/seed_43/bandpass_n20002_cRA_LA_V1_V6_covariance_s20.npz,76391,d9da81be0f8e66e2f29e2f51daee569ff1f983c965774d1e16ff07973ee73e53
resnet,electrode,43,bandpass_n20002_cRA_LA_V1_V6_covariance_s15,phase2/results/predictions/full/electrode/resnet/seed_43/bandpass_n20002_cRA_LA_V1_V6_covariance_s15.npz,76391,dc4c385c86e3e35e11be633be3c9583348cbab9e32012b8ba256d77a54964638
resnet,electrode,43,bandpass_n20002_cRA_LA_V1_V6_covariance_s10,phase2/results/predictions/full/electrode/resnet/seed_43/bandpass_n20002_cRA_LA_V1_V6_covariance_s10.npz,76349,e75ac18812e7e33f33964ef9e09cf484c6ef37f4933e292c9ab20ac15a7908f8
resnet,electrode,43,bandpass_n20002_cRA_LA_V1_V6_covariance_s5,phase2/results/predictions/full/electrode/resnet/seed_43/bandpass_n20002_cRA_LA_V1_V6_covariance_s5.npz,76187,49519403ba7ed191fe9bc792a85a4db48ca56772c69734052df263be496b4486
resnet,electrode,43,bandpass_n20002_cRA_LA_V1_V6_covariance_s0,phase2/results/predictions/full/electrode/resnet/seed_43/bandpass_n20002_cRA_LA_V1_V6_covariance_s0.npz,75779,1d152f35d30e6fe5010060127eba95517e53184105505f2b2d98225d8cdf0c9e
resnet,electrode,43,bandpass_n20002_cRA_V2_V5_independent_rms_s20,phase2/results/predictions/full/electrode/resnet/seed_43/bandpass_n20002_cRA_V2_V5_independent_rms_s20.npz,76410,6eb917268bcdc36ee21d6daeb5ef392cd3aa35b71d1f45b66d4ecfaaa48bef19
resnet,electrode,43,bandpass_n20002_cRA_V2_V5_independent_rms_s15,phase2/results/predictions/full/electrode/resnet/seed_43/bandpass_n20002_cRA_V2_V5_independent_rms_s15.npz,76400,cb3817828aa234c3748ca352c476164fdb43727386ef432e59811807489442eb
resnet,electrode,43,bandpass_n20002_cRA_V2_V5_independent_rms_s10,phase2/results/predictions/full/electrode/resnet/seed_43/bandpass_n20002_cRA_V2_V5_independent_rms_s10.npz,76389,e97f094d64a02b3a3e545c4d3f6ad6b79f461f9c589c6f3b7e6561aff4e0b71c
resnet,electrode,43,bandpass_n20002_cRA_V2_V5_independent_rms_s5,phase2/results/predictions/full/electrode/resnet/seed_43/bandpass_n20002_cRA_V2_V5_independent_rms_s5.npz,76235,8d1ed47b40ac26d34c8599d34ba3d7cd57f8fbfd645b878c06eca0f7f2a23a66
resnet,electrode,43,bandpass_n20002_cRA_V2_V5_independent_rms_s0,phase2/results/predictions/full/electrode/resnet/seed_43/bandpass_n20002_cRA_V2_V5_independent_rms_s0.npz,75953,0786200c4c488265b7cc897cfa7159263bfe76abe01482e4df56de18a0bbf0cd
resnet,electrode,43,bandpass_n20002_cRA_V2_V5_electrode_s20,phase2/results/predictions/full/electrode/resnet/seed_43/bandpass_n20002_cRA_V2_V5_electrode_s20.npz,76409,21ee12c93368203c4daa9e1f6e763584ec78cfb6991f2dc801b74e0dc9240135
resnet,electrode,43,bandpass_n20002_cRA_V2_V5_electrode_s15,phase2/results/predictions/full/electrode/resnet/seed_43/bandpass_n20002_cRA_V2_V5_electrode_s15.npz,76405,6810b79c1d606e5b8468a30c021393b8ebe27c98e758c04672151f46cc639359
resnet,electrode,43,bandpass_n20002_cRA_V2_V5_electrode_s10,phase2/results/predictions/full/electrode/resnet/seed_43/bandpass_n20002_cRA_V2_V5_electrode_s10.npz,76329,d2ee50887b66ed6dee40cf2cf98b662f903279bc6929f388f1b186ce20bb0344
resnet,electrode,43,bandpass_n20002_cRA_V2_V5_electrode_s5,phase2/results/predictions/full/electrode/resnet/seed_43/bandpass_n20002_cRA_V2_V5_electrode_s5.npz,76157,3870c7f475bfecbf6b358e7e8cccf57a627d486aa5845e917be20717b4fa3c55
resnet,electrode,43,bandpass_n20002_cRA_V2_V5_electrode_s0,phase2/results/predictions/full/electrode/resnet/seed_43/bandpass_n20002_cRA_V2_V5_electrode_s0.npz,75804,b30a98921f54bb7e8571c7aa281a9d55e5cb2a4f53adee92ccef81f8904bc775
resnet,electrode,43,bandpass_n20002_cRA_V2_V5_covariance_s20,phase2/results/predictions/full/electrode/resnet/seed_43/bandpass_n20002_cRA_V2_V5_covariance_s20.npz,76418,c5a11c5c6784e88717ce48ee528ccfacc57153f59cb0433e795366ec0d41aa2c
resnet,electrode,43,bandpass_n20002_cRA_V2_V5_covariance_s15,phase2/results/predictions/full/electrode/resnet/seed_43/bandpass_n20002_cRA_V2_V5_covariance_s15.npz,76390,c31773a2273d273ff8844aa0a2c2d8ae66e27369bcd12ae3a686f7cf3b467cf1
resnet,electrode,43,bandpass_n20002_cRA_V2_V5_covariance_s10,phase2/results/predictions/full/electrode/resnet/seed_43/bandpass_n20002_cRA_V2_V5_covariance_s10.npz,76376,b0d216e8e53bdf31aa6f0e1d230a31097a21aeb884b810609386c6b878de4627
resnet,electrode,43,bandpass_n20002_cRA_V2_V5_covariance_s5,phase2/results/predictions/full/electrode/resnet/seed_43/bandpass_n20002_cRA_V2_V5_covariance_s5.npz,76175,21e29d57de2012f1c1b1c30e294e479edffe8e06aa7381b1754e9a567fa23599
resnet,electrode,43,bandpass_n20002_cRA_V2_V5_covariance_s0,phase2/results/predictions/full/electrode/resnet/seed_43/bandpass_n20002_cRA_V2_V5_covariance_s0.npz,75804,1bae8254a6de7af93ff4ac56ae6e1782470585ea5001ced43bf8261ea18ad566
resnet,electrode,43,bandpass_n20002_cLA_V3_V6_independent_rms_s20,phase2/results/predictions/full/electrode/resnet/seed_43/bandpass_n20002_cLA_V3_V6_independent_rms_s20.npz,76417,96bc0153f5e591352ee4f87f5d69e193df72a12c56753f18658673e3e3f2d2aa
resnet,electrode,43,bandpass_n20002_cLA_V3_V6_independent_rms_s15,phase2/results/predictions/full/electrode/resnet/seed_43/bandpass_n20002_cLA_V3_V6_independent_rms_s15.npz,76432,5cf67c743829c96e34f805015819ab4f5e92ccf797c4ddf58b9ae888353de584
resnet,electrode,43,bandpass_n20002_cLA_V3_V6_independent_rms_s10,phase2/results/predictions/full/electrode/resnet/seed_43/bandpass_n20002_cLA_V3_V6_independent_rms_s10.npz,76443,41780c866b5ee10f0d4b350b2d6f2c22a9ec1c8e67a02ff7ca8150d946e67aab
resnet,electrode,43,bandpass_n20002_cLA_V3_V6_independent_rms_s5,phase2/results/predictions/full/electrode/resnet/seed_43/bandpass_n20002_cLA_V3_V6_independent_rms_s5.npz,76268,c5f9a00e79e2800e1821875b84a65af8c4c8d7f0a4b3233ca4fb7c2ef47fb523
resnet,electrode,43,bandpass_n20002_cLA_V3_V6_independent_rms_s0,phase2/results/predictions/full/electrode/resnet/seed_43/bandpass_n20002_cLA_V3_V6_independent_rms_s0.npz,75948,9c5e19649af812183a13fe737d847a26910358ef935c5e224772a140eda37f28
resnet,electrode,43,bandpass_n20002_cLA_V3_V6_electrode_s20,phase2/results/predictions/full/electrode/resnet/seed_43/bandpass_n20002_cLA_V3_V6_electrode_s20.npz,76380,4dbc83f0f504fca3596913189dad62e976fffc913f2e6cde80101f8c5f1415e8
resnet,electrode,43,bandpass_n20002_cLA_V3_V6_electrode_s15,phase2/results/predictions/full/electrode/resnet/seed_43/bandpass_n20002_cLA_V3_V6_electrode_s15.npz,76383,b23514536165b2626610069dc6385a41fa4191ad52abfb6d3f2db3a1fe21233b
resnet,electrode,43,bandpass_n20002_cLA_V3_V6_electrode_s10,phase2/results/predictions/full/electrode/resnet/seed_43/bandpass_n20002_cLA_V3_V6_electrode_s10.npz,76393,79d19bc8f566393f79a559e2e8eac3bb4cab7622994ed1087c75a84e55bc9b0d
resnet,electrode,43,bandpass_n20002_cLA_V3_V6_electrode_s5,phase2/results/predictions/full/electrode/resnet/seed_43/bandpass_n20002_cLA_V3_V6_electrode_s5.npz,76259,e9cc7c4b9dc6a3b6cf1edbc45c65b3bd2843db21453887177028a05542c66de1
resnet,electrode,43,bandpass_n20002_cLA_V3_V6_electrode_s0,phase2/results/predictions/full/electrode/resnet/seed_43/bandpass_n20002_cLA_V3_V6_electrode_s0.npz,75838,5b3881335502d5267a9b508c862bf3b243cad32e121b95f21350835488f9a3a1
resnet,electrode,43,bandpass_n20002_cLA_V3_V6_covariance_s20,phase2/results/predictions/full/electrode/resnet/seed_43/bandpass_n20002_cLA_V3_V6_covariance_s20.npz,76429,e4c6e6d19bd82765521af653f86d0041e51916e4aceac80520359b94d09c90e5
resnet,electrode,43,bandpass_n20002_cLA_V3_V6_covariance_s15,phase2/results/predictions/full/electrode/resnet/seed_43/bandpass_n20002_cLA_V3_V6_covariance_s15.npz,76424,03c7addcf6b7b0b3d2b80e3fe28ae7f9dee185a76b126b9c3e3adca692de0ed0
resnet,electrode,43,bandpass_n20002_cLA_V3_V6_covariance_s10,phase2/results/predictions/full/electrode/resnet/seed_43/bandpass_n20002_cLA_V3_V6_covariance_s10.npz,76400,ef86ab00eb295498796501f51d3b23437dc313adc50d42f6dccc38f78afc3300
resnet,electrode,43,bandpass_n20002_cLA_V3_V6_covariance_s5,phase2/results/predictions/full/electrode/resnet/seed_43/bandpass_n20002_cLA_V3_V6_covariance_s5.npz,76238,91186acda62c44dbc3d2f09cafb83149fd5b5d864e5e1d07aa63acab48e5d134
resnet,electrode,43,bandpass_n20002_cLA_V3_V6_covariance_s0,phase2/results/predictions/full/electrode/resnet/seed_43/bandpass_n20002_cLA_V3_V6_covariance_s0.npz,75822,bd1dd9d6d934123cf4e4e56427c38f3f27c8014131f7a9b5e9f9693f91d3efd7
resnet,electrode,43,bandpass_n20002_cLL_V1_V4_independent_rms_s20,phase2/results/predictions/full/electrode/resnet/seed_43/bandpass_n20002_cLL_V1_V4_independent_rms_s20.npz,76404,c68ae5d19c6a8f8920dac9bdf3382aa791d7b841323803edbdd795cb3105051f
resnet,electrode,43,bandpass_n20002_cLL_V1_V4_independent_rms_s15,phase2/results/predictions/full/electrode/resnet/seed_43/bandpass_n20002_cLL_V1_V4_independent_rms_s15.npz,76402,222af66ba8f2a043c43eba8841be34bc4afc9d748f4a7b0c62f4b85186ddf355
resnet,electrode,43,bandpass_n20002_cLL_V1_V4_independent_rms_s10,phase2/results/predictions/full/electrode/resnet/seed_43/bandpass_n20002_cLL_V1_V4_independent_rms_s10.npz,76402,1bdc0aafc92c5970209ac87c5e57530f7fb43d7d461f21e3d39bc43474e76d09
resnet,electrode,43,bandpass_n20002_cLL_V1_V4_independent_rms_s5,phase2/results/predictions/full/electrode/resnet/seed_43/bandpass_n20002_cLL_V1_V4_independent_rms_s5.npz,76218,d5d77dd5f3e1ba89a44756ff11c0df39c0e554fd1da28e3e236c2f3649a0e00b
resnet,electrode,43,bandpass_n20002_cLL_V1_V4_independent_rms_s0,phase2/results/predictions/full/electrode/resnet/seed_43/bandpass_n20002_cLL_V1_V4_independent_rms_s0.npz,75899,662c52638e4aefc93edab95380498a9032780e8ebc8631f42803e6d7dd8e5472
resnet,electrode,43,bandpass_n20002_cLL_V1_V4_electrode_s20,phase2/results/predictions/full/electrode/resnet/seed_43/bandpass_n20002_cLL_V1_V4_electrode_s20.npz,76336,d175c79f6a7ec707c0e48719dd2b62db6fda8abd5034e37ba0e3eb543c7fb226
resnet,electrode,43,bandpass_n20002_cLL_V1_V4_electrode_s15,phase2/results/predictions/full/electrode/resnet/seed_43/bandpass_n20002_cLL_V1_V4_electrode_s15.npz,76371,81f348c7a3dea370a4f4f02e095eb0251d7b43f79341af2df88e204a11f63246
resnet,electrode,43,bandpass_n20002_cLL_V1_V4_electrode_s10,phase2/results/predictions/full/electrode/resnet/seed_43/bandpass_n20002_cLL_V1_V4_electrode_s10.npz,76304,449d69c6a52ced31dc72f6da91a2c937adab522c12a1c228282ceacce7293573
resnet,electrode,43,bandpass_n20002_cLL_V1_V4_electrode_s5,phase2/results/predictions/full/electrode/resnet/seed_43/bandpass_n20002_cLL_V1_V4_electrode_s5.npz,76141,0e89968e3d3db11166712a566c547948efe9ee4bc424aeabd99554bd73209012
resnet,electrode,43,bandpass_n20002_cLL_V1_V4_electrode_s0,phase2/results/predictions/full/electrode/resnet/seed_43/bandpass_n20002_cLL_V1_V4_electrode_s0.npz,75698,149126d4eaa6a565370fe289eb374fcb3d80522f2597cee6a2235abaf5993d20
resnet,electrode,43,bandpass_n20002_cLL_V1_V4_covariance_s20,phase2/results/predictions/full/electrode/resnet/seed_43/bandpass_n20002_cLL_V1_V4_covariance_s20.npz,76426,8ff57bf5badc71183ed54052785cf36f5ad9ed911f2d538076dd9a45a2ef7e6a
resnet,electrode,43,bandpass_n20002_cLL_V1_V4_covariance_s15,phase2/results/predictions/full/electrode/resnet/seed_43/bandpass_n20002_cLL_V1_V4_covariance_s15.npz,76364,bc2b8171c756c1bacb5eb9fba4e3f0e56be591364389461499976afc836e5df7
resnet,electrode,43,bandpass_n20002_cLL_V1_V4_covariance_s10,phase2/results/predictions/full/electrode/resnet/seed_43/bandpass_n20002_cLL_V1_V4_covariance_s10.npz,76338,c5b560956df9b39bf4ab57c77a97ed9069fd7bc75e2423bbe1c69fb9105fe167
resnet,electrode,43,bandpass_n20002_cLL_V1_V4_covariance_s5,phase2/results/predictions/full/electrode/resnet/seed_43/bandpass_n20002_cLL_V1_V4_covariance_s5.npz,76134,3fc5f17dcb2516978b8d10c248aebd3320a1f40fb2c822fce607fb357cfc24ea
resnet,electrode,43,bandpass_n20002_cLL_V1_V4_covariance_s0,phase2/results/predictions/full/electrode/resnet/seed_43/bandpass_n20002_cLL_V1_V4_covariance_s0.npz,75687,dde769a97411a13c488555aa38241dfc29db2eb85065a43a9170296c16c9ebad
resnet,electrode,43,bandpass_n20002_call_independent_rms_s20,phase2/results/predictions/full/electrode/resnet/seed_43/bandpass_n20002_call_independent_rms_s20.npz,76377,0adcf105bb51efa601529de1c5b78ff5ea75c9faaafafb8f4e8c87e8a43ff5eb
resnet,electrode,43,bandpass_n20002_call_independent_rms_s15,phase2/results/predictions/full/electrode/resnet/seed_43/bandpass_n20002_call_independent_rms_s15.npz,76389,be5cdd8f6700f2b4c934d9e060239162dafaaa569d903bc81142182b999edd2f
resnet,electrode,43,bandpass_n20002_call_independent_rms_s10,phase2/results/predictions/full/electrode/resnet/seed_43/bandpass_n20002_call_independent_rms_s10.npz,76342,f47a305fe35978dc71a9697c48d26fb6b41ad6296f00b4bc19370dd369dbe660
resnet,electrode,43,bandpass_n20002_call_independent_rms_s5,phase2/results/predictions/full/electrode/resnet/seed_43/bandpass_n20002_call_independent_rms_s5.npz,76230,52be5e3bc797516aa861847ceed1c8e45c6dbf023d375f8f79d11f885e43755a
resnet,electrode,43,bandpass_n20002_call_independent_rms_s0,phase2/results/predictions/full/electrode/resnet/seed_43/bandpass_n20002_call_independent_rms_s0.npz,75918,a1e913d266ca78cc2f85f36fa7c5fdf3afd463cd428272495a2bab50cfb32ef2
resnet,electrode,43,bandpass_n20002_call_electrode_s20,phase2/results/predictions/full/electrode/resnet/seed_43/bandpass_n20002_call_electrode_s20.npz,76352,2e72a3a49b0d5537d7f28d975c3bef0dde58f866e749ad8d60487ccb0becff0b
resnet,electrode,43,bandpass_n20002_call_electrode_s15,phase2/results/predictions/full/electrode/resnet/seed_43/bandpass_n20002_call_electrode_s15.npz,76342,bc24ab88a0b740189b946fa55c8a1d6089004e661a5c69cf02cb82c9e6c1456d
resnet,electrode,43,bandpass_n20002_call_electrode_s10,phase2/results/predictions/full/electrode/resnet/seed_43/bandpass_n20002_call_electrode_s10.npz,76278,1e05ef5003369fb2aa487fdca0c89c1879c0a56f31fd7d1b27a3ccd869cf3216
resnet,electrode,43,bandpass_n20002_call_electrode_s5,phase2/results/predictions/full/electrode/resnet/seed_43/bandpass_n20002_call_electrode_s5.npz,76155,87e1edbfc34391d79dbbda487ab092c64a596ba2f2ab6eb466c1ebbe3c50bfe5
resnet,electrode,43,bandpass_n20002_call_electrode_s0,phase2/results/predictions/full/electrode/resnet/seed_43/bandpass_n20002_call_electrode_s0.npz,75743,3ce95152175428a4bac8918c34c05fe27fb55c78b0cf97bc4b553f40596409d1
resnet,electrode,43,bandpass_n20002_call_covariance_s20,phase2/results/predictions/full/electrode/resnet/seed_43/bandpass_n20002_call_covariance_s20.npz,76351,c222924188b9929d2610d0481179b40b3683cc13f737f93ba3e96fe630445b4e
resnet,electrode,43,bandpass_n20002_call_covariance_s15,phase2/results/predictions/full/electrode/resnet/seed_43/bandpass_n20002_call_covariance_s15.npz,76344,3f49c53848ddb5d8749e515f61cd48d8a23dadd0cb98deb57d25afb4caf372e0
resnet,electrode,43,bandpass_n20002_call_covariance_s10,phase2/results/predictions/full/electrode/resnet/seed_43/bandpass_n20002_call_covariance_s10.npz,76319,0586e8ff6075817791bba5b0802208227ca167035ffd8289ce2aa259d794b95a
resnet,electrode,43,bandpass_n20002_call_covariance_s5,phase2/results/predictions/full/electrode/resnet/seed_43/bandpass_n20002_call_covariance_s5.npz,76153,3b7abab9b4e16c7ccd41d4edccf840cc2d9c569809f737a89947fc25052cdc0e
resnet,electrode,43,bandpass_n20002_call_covariance_s0,phase2/results/predictions/full/electrode/resnet/seed_43/bandpass_n20002_call_covariance_s0.npz,75698,f041179a4489996676eded39c48ad9e1b8bd3790b79204c2f8c97c6d0c4dd348
resnet,electrode,43,bandpass_n20003_cRA_LA_LL_independent_rms_s20,phase2/results/predictions/full/electrode/resnet/seed_43/bandpass_n20003_cRA_LA_LL_independent_rms_s20.npz,76400,3a9746259eeef6f88f0b15b2a02135d5eb77155f09cfe30924ed818bf5abc776
resnet,electrode,43,bandpass_n20003_cRA_LA_LL_independent_rms_s15,phase2/results/predictions/full/electrode/resnet/seed_43/bandpass_n20003_cRA_LA_LL_independent_rms_s15.npz,76418,06311ec4cbe7471f9f920fcaa94e47da18494b0536e91afcf00dc21e0d8f260f
resnet,electrode,43,bandpass_n20003_cRA_LA_LL_independent_rms_s10,phase2/results/predictions/full/electrode/resnet/seed_43/bandpass_n20003_cRA_LA_LL_independent_rms_s10.npz,76389,c276070746da35fb4787434ec2aa5fb9c723248fa6fa7a80402ebae4e5211c31
resnet,electrode,43,bandpass_n20003_cRA_LA_LL_independent_rms_s5,phase2/results/predictions/full/electrode/resnet/seed_43/bandpass_n20003_cRA_LA_LL_independent_rms_s5.npz,76236,83dfc137b9589077c60010f392766a88b89fb06e2798c932761155a1d83827d5
resnet,electrode,43,bandpass_n20003_cRA_LA_LL_independent_rms_s0,phase2/results/predictions/full/electrode/resnet/seed_43/bandpass_n20003_cRA_LA_LL_independent_rms_s0.npz,75908,a7d6983ab2fdd3d27d171562065101fa758b1f3ee5abb28d216b67f6132d71a5
resnet,electrode,43,bandpass_n20003_cRA_LA_LL_electrode_s20,phase2/results/predictions/full/electrode/resnet/seed_43/bandpass_n20003_cRA_LA_LL_electrode_s20.npz,76377,8d4ad0a8fe898d827b5096fe45e50bdb701e8e1c1936b6109be228ca7ed2fcf7
resnet,electrode,43,bandpass_n20003_cRA_LA_LL_electrode_s15,phase2/results/predictions/full/electrode/resnet/seed_43/bandpass_n20003_cRA_LA_LL_electrode_s15.npz,76363,1ce5fa6679bbe165ead00d771b1afeec14506df8236d8948150c0eb8c605b45d
resnet,electrode,43,bandpass_n20003_cRA_LA_LL_electrode_s10,phase2/results/predictions/full/electrode/resnet/seed_43/bandpass_n20003_cRA_LA_LL_electrode_s10.npz,76274,70a71645bf879665a0eecda1e7483a22f872b8c596071369328dbd0d282e59db
resnet,electrode,43,bandpass_n20003_cRA_LA_LL_electrode_s5,phase2/results/predictions/full/electrode/resnet/seed_43/bandpass_n20003_cRA_LA_LL_electrode_s5.npz,76112,a918f34fcf97d64b3e01b92b42abba2e89d1093cf211911e392c9eb425153449
resnet,electrode,43,bandpass_n20003_cRA_LA_LL_electrode_s0,phase2/results/predictions/full/electrode/resnet/seed_43/bandpass_n20003_cRA_LA_LL_electrode_s0.npz,75632,786aa9a6b11dfccf4237753ca9587bf85021c0d7ab220aee94a3c7472f82abf6
resnet,electrode,43,bandpass_n20003_cRA_LA_LL_covariance_s20,phase2/results/predictions/full/electrode/resnet/seed_43/bandpass_n20003_cRA_LA_LL_covariance_s20.npz,76390,d48074b7498df04cf47049a8aacdc7bd750a960014be7275e6804060b1c649d3
resnet,electrode,43,bandpass_n20003_cRA_LA_LL_covariance_s15,phase2/results/predictions/full/electrode/resnet/seed_43/bandpass_n20003_cRA_LA_LL_covariance_s15.npz,76347,8b70aa05bcf5b508e90978d763c04bbec09cfef9438e925dbadd79058d528cd0
resnet,electrode,43,bandpass_n20003_cRA_LA_LL_covariance_s10,phase2/results/predictions/full/electrode/resnet/seed_43/bandpass_n20003_cRA_LA_LL_covariance_s10.npz,76325,8ee70423ca7bdfd9ce002213a03ec8ecf864aafba3e44746c7dc04622a00828a
resnet,electrode,43,bandpass_n20003_cRA_LA_LL_covariance_s5,phase2/results/predictions/full/electrode/resnet/seed_43/bandpass_n20003_cRA_LA_LL_covariance_s5.npz,76119,b44196932d69f8e962aebfc52222a358a56663aa8781cf78ff1609f8aac3f98a
resnet,electrode,43,bandpass_n20003_cRA_LA_LL_covariance_s0,phase2/results/predictions/full/electrode/resnet/seed_43/bandpass_n20003_cRA_LA_LL_covariance_s0.npz,75677,0a4e2c549cb6eecb03b08c29cb06c972d75c37e5de5c0905663c5335abc917f1
resnet,electrode,43,bandpass_n20003_cV1_independent_rms_s20,phase2/results/predictions/full/electrode/resnet/seed_43/bandpass_n20003_cV1_independent_rms_s20.npz,76380,909c02657836c4ef7ea9302445d4aa1e21089f78cf4ecfeb4ad16e4d1b137271
resnet,electrode,43,bandpass_n20003_cV1_independent_rms_s15,phase2/results/predictions/full/electrode/resnet/seed_43/bandpass_n20003_cV1_independent_rms_s15.npz,76375,3c2e8237835a0bdea403bc11d3013cf08f1f70c43d89ee2a63280b75862dcd2a
resnet,electrode,43,bandpass_n20003_cV1_independent_rms_s10,phase2/results/predictions/full/electrode/resnet/seed_43/bandpass_n20003_cV1_independent_rms_s10.npz,76315,bc04d8822d8b73d02ebbd64f96c577e39a3d2b0e6b7c8a220edaf5d6e7eb13d2
resnet,electrode,43,bandpass_n20003_cV1_independent_rms_s5,phase2/results/predictions/full/electrode/resnet/seed_43/bandpass_n20003_cV1_independent_rms_s5.npz,76164,09ed7ecf39ea6f77f05e1038ab4659dd6343131c62fe07de5c2839ea1a057bdf
resnet,electrode,43,bandpass_n20003_cV1_independent_rms_s0,phase2/results/predictions/full/electrode/resnet/seed_43/bandpass_n20003_cV1_independent_rms_s0.npz,75701,9cbd77fde7d9981ab6d458c14e77779513b9318034c3c17760876ea61f874323
resnet,electrode,43,bandpass_n20003_cV1_electrode_s20,phase2/results/predictions/full/electrode/resnet/seed_43/bandpass_n20003_cV1_electrode_s20.npz,76379,8e4c4379250346293934e27381e049f0366f31337cb192d2c47298e5f62784a5
resnet,electrode,43,bandpass_n20003_cV1_electrode_s15,phase2/results/predictions/full/electrode/resnet/seed_43/bandpass_n20003_cV1_electrode_s15.npz,76351,9349f2b41f8a7b058d3accc806b2c179d3f56a1b2f0faa89ef0ae14df0fde9ca
resnet,electrode,43,bandpass_n20003_cV1_electrode_s10,phase2/results/predictions/full/electrode/resnet/seed_43/bandpass_n20003_cV1_electrode_s10.npz,76307,d3a82541d572422bf870e54c7ef63f74f5ab75be2e84bc272ff0cd6b8fef1295
resnet,electrode,43,bandpass_n20003_cV1_electrode_s5,phase2/results/predictions/full/electrode/resnet/seed_43/bandpass_n20003_cV1_electrode_s5.npz,76124,31f507a8fd403e513942911dba333e4f36d1796cc41c8b4f7db55d0b02a776c6
resnet,electrode,43,bandpass_n20003_cV1_electrode_s0,phase2/results/predictions/full/electrode/resnet/seed_43/bandpass_n20003_cV1_electrode_s0.npz,75685,cb6e2efcc74a7cd5ef78327dee654c8576bbab9b418c1b27de93a5d08e44e2de
resnet,electrode,43,bandpass_n20003_cV1_covariance_s20,phase2/results/predictions/full/electrode/resnet/seed_43/bandpass_n20003_cV1_covariance_s20.npz,76369,0105b3dd58657ca5ba37440ea89ad10a8a7642be25d4c457f56e5d42fee73350
resnet,electrode,43,bandpass_n20003_cV1_covariance_s15,phase2/results/predictions/full/electrode/resnet/seed_43/bandpass_n20003_cV1_covariance_s15.npz,76363,9b2d6ae81e160711e667bb38e4cb930f8cdc5c0f3a4d60c8eb0b89db8d9ce4b9
resnet,electrode,43,bandpass_n20003_cV1_covariance_s10,phase2/results/predictions/full/electrode/resnet/seed_43/bandpass_n20003_cV1_covariance_s10.npz,76306,ff72260afde6d4a740c5624385872046dd7130d30aea7522b2d9f27e85a7b75b
resnet,electrode,43,bandpass_n20003_cV1_covariance_s5,phase2/results/predictions/full/electrode/resnet/seed_43/bandpass_n20003_cV1_covariance_s5.npz,76122,88ebb7680673f0feb1c8099e39261bcb1bcab6d0a33c5912247dfa6ba7d93b6f
resnet,electrode,43,bandpass_n20003_cV1_covariance_s0,phase2/results/predictions/full/electrode/resnet/seed_43/bandpass_n20003_cV1_covariance_s0.npz,75680,d6f14e57108a5e9a922b216ed8612d7aae3e3ba93b7cbcb277d23e7e0bd8302c
resnet,electrode,43,bandpass_n20003_cV2_independent_rms_s20,phase2/results/predictions/full/electrode/resnet/seed_43/bandpass_n20003_cV2_independent_rms_s20.npz,76393,f490d86b80fd9d943d2d40598e6d92384a3404fdc06f347b568c7cc51563849a
resnet,electrode,43,bandpass_n20003_cV2_independent_rms_s15,phase2/results/predictions/full/electrode/resnet/seed_43/bandpass_n20003_cV2_independent_rms_s15.npz,76379,188dd5f4823858ad9b835527de013a5ecf510659ecd9da72983b7bace7abf9e0
resnet,electrode,43,bandpass_n20003_cV2_independent_rms_s10,phase2/results/predictions/full/electrode/resnet/seed_43/bandpass_n20003_cV2_independent_rms_s10.npz,76330,9babab4d23f7e9657b5806a30ec77ec8a77de9f1f5e58c1a97ded0cf7493f91e
resnet,electrode,43,bandpass_n20003_cV2_independent_rms_s5,phase2/results/predictions/full/electrode/resnet/seed_43/bandpass_n20003_cV2_independent_rms_s5.npz,76234,9a0052efd8761c47b439d0b130ff1dac82d3a347cca0b375eda3f8b1d44de853
resnet,electrode,43,bandpass_n20003_cV2_independent_rms_s0,phase2/results/predictions/full/electrode/resnet/seed_43/bandpass_n20003_cV2_independent_rms_s0.npz,75865,842f92d3829a045dba43898075b5709ec1043774194e2794f38538efbd0a759c
resnet,electrode,43,bandpass_n20003_cV2_electrode_s20,phase2/results/predictions/full/electrode/resnet/seed_43/bandpass_n20003_cV2_electrode_s20.npz,76366,27f9b28e5bb450e7e6a9e170b2c10da8240aa12634e0ad9c4c16f5ecc0f96023
resnet,electrode,43,bandpass_n20003_cV2_electrode_s15,phase2/results/predictions/full/electrode/resnet/seed_43/bandpass_n20003_cV2_electrode_s15.npz,76347,83846387d4f9bb820cde9d89fc43b590bb7c3d2426c21f5a4a88ebca4c678ab5
resnet,electrode,43,bandpass_n20003_cV2_electrode_s10,phase2/results/predictions/full/electrode/resnet/seed_43/bandpass_n20003_cV2_electrode_s10.npz,76334,0ddadee48033e20c12e0275bc2379cb6cbac17b81034e26f62232ed635abe96f
resnet,electrode,43,bandpass_n20003_cV2_electrode_s5,phase2/results/predictions/full/electrode/resnet/seed_43/bandpass_n20003_cV2_electrode_s5.npz,76184,600132d2bb6e033b059b118d5d6095fa161099b0916cf6b992dc2299b8547c92
resnet,electrode,43,bandpass_n20003_cV2_electrode_s0,phase2/results/predictions/full/electrode/resnet/seed_43/bandpass_n20003_cV2_electrode_s0.npz,75884,493aa3325e42b7678a4785af2dde95f4ffd019f4df22116ba0561a9d97f7e5b8
resnet,electrode,43,bandpass_n20003_cV2_covariance_s20,phase2/results/predictions/full/electrode/resnet/seed_43/bandpass_n20003_cV2_covariance_s20.npz,76343,adcd22fbdf7bfe3560f25abdab9712c842d667d1887300851361e0809b680397
resnet,electrode,43,bandpass_n20003_cV2_covariance_s15,phase2/results/predictions/full/electrode/resnet/seed_43/bandpass_n20003_cV2_covariance_s15.npz,76371,346980209690700cab3633ffc65efd22bb33b6e5cfbf14e2b107d6d6392b1733
resnet,electrode,43,bandpass_n20003_cV2_covariance_s10,phase2/results/predictions/full/electrode/resnet/seed_43/bandpass_n20003_cV2_covariance_s10.npz,76356,f813ac56404b749fc86abf0e0c7617ced0499c132352aeab7ca2ab047cb2999c
resnet,electrode,43,bandpass_n20003_cV2_covariance_s5,phase2/results/predictions/full/electrode/resnet/seed_43/bandpass_n20003_cV2_covariance_s5.npz,76214,1070d67f6b63190dd48c0bd13b31af549bb0ddfdd2334e61234443ffa8656b05
resnet,electrode,43,bandpass_n20003_cV2_covariance_s0,phase2/results/predictions/full/electrode/resnet/seed_43/bandpass_n20003_cV2_covariance_s0.npz,75897,798bc4f2edaa968b96c6e4dc7e6e659e161057619b138ba222c0a2b557cc93b7
resnet,electrode,43,bandpass_n20003_cV3_independent_rms_s20,phase2/results/predictions/full/electrode/resnet/seed_43/bandpass_n20003_cV3_independent_rms_s20.npz,76380,01ffbd931fdde3cf556aa2603b729d6608a7b10e63784cb9e50f0161a98cc2a1
resnet,electrode,43,bandpass_n20003_cV3_independent_rms_s15,phase2/results/predictions/full/electrode/resnet/seed_43/bandpass_n20003_cV3_independent_rms_s15.npz,76374,ac213cbe80f99b721c0418d46e763330494e4baec69a10c480b1e78708698424
resnet,electrode,43,bandpass_n20003_cV3_independent_rms_s10,phase2/results/predictions/full/electrode/resnet/seed_43/bandpass_n20003_cV3_independent_rms_s10.npz,76386,9ee872bdbed1acecd49eabb07e2d645d70448ba1518df4a483cb6179b1e6088f
resnet,electrode,43,bandpass_n20003_cV3_independent_rms_s5,phase2/results/predictions/full/electrode/resnet/seed_43/bandpass_n20003_cV3_independent_rms_s5.npz,76256,284647055311a0c28223ddb7907a738d85ed13d54ce16ecec5e09f747caf7486
resnet,electrode,43,bandpass_n20003_cV3_independent_rms_s0,phase2/results/predictions/full/electrode/resnet/seed_43/bandpass_n20003_cV3_independent_rms_s0.npz,75996,512c691698a71d7b351bafb9b752b2e1dc2af594843e19a0ddc2769bcb22809f
resnet,electrode,43,bandpass_n20003_cV3_electrode_s20,phase2/results/predictions/full/electrode/resnet/seed_43/bandpass_n20003_cV3_electrode_s20.npz,76375,4dd8b3b1b925243b1ca5e12007f458bb516d275c990bc6c951f7b6590a0997f3
resnet,electrode,43,bandpass_n20003_cV3_electrode_s15,phase2/results/predictions/full/electrode/resnet/seed_43/bandpass_n20003_cV3_electrode_s15.npz,76382,192f31dc247873c179a5a58338b7d7490dffac664f7660d60652b1901635f126
resnet,electrode,43,bandpass_n20003_cV3_electrode_s10,phase2/results/predictions/full/electrode/resnet/seed_43/bandpass_n20003_cV3_electrode_s10.npz,76363,771af61ea663ce5a236affade7b4d80f65781d59965636f2e7ed1d09401e7981
resnet,electrode,43,bandpass_n20003_cV3_electrode_s5,phase2/results/predictions/full/electrode/resnet/seed_43/bandpass_n20003_cV3_electrode_s5.npz,76332,56281296182b13bf23880ce2677cca4c46cc39bac67f8e5a8d5ecd8d28b415e1
resnet,electrode,43,bandpass_n20003_cV3_electrode_s0,phase2/results/predictions/full/electrode/resnet/seed_43/bandpass_n20003_cV3_electrode_s0.npz,75968,6bbf7e7dfd3cf401943b624fe867eac3c61a31921d5dcdd4f61122c281d36f42
resnet,electrode,43,bandpass_n20003_cV3_covariance_s20,phase2/results/predictions/full/electrode/resnet/seed_43/bandpass_n20003_cV3_covariance_s20.npz,76362,92b72c4bdb1cd617f383e622567e149209599d8adfecd8934f75d36d67b76d11
resnet,electrode,43,bandpass_n20003_cV3_covariance_s15,phase2/results/predictions/full/electrode/resnet/seed_43/bandpass_n20003_cV3_covariance_s15.npz,76366,0b8487a41589728ebcd193d968cc0c47f73bded88cfe7d2d4120ea8e14b73a9e
resnet,electrode,43,bandpass_n20003_cV3_covariance_s10,phase2/results/predictions/full/electrode/resnet/seed_43/bandpass_n20003_cV3_covariance_s10.npz,76367,0c94a796b3710fd09860065763b3b5158e4d412c9959a1cd48d14e63e058f549
resnet,electrode,43,bandpass_n20003_cV3_covariance_s5,phase2/results/predictions/full/electrode/resnet/seed_43/bandpass_n20003_cV3_covariance_s5.npz,76308,811dd03d36f373161e046fda14a5da5c9e1ba5ebaa7455f72fa6354de3581531
resnet,electrode,43,bandpass_n20003_cV3_covariance_s0,phase2/results/predictions/full/electrode/resnet/seed_43/bandpass_n20003_cV3_covariance_s0.npz,75975,f0d2bfd3c799039fdca6d4477a08bfe7d16d4f26aaff9bc41cf10cd0a722125b
resnet,electrode,43,bandpass_n20003_cV4_independent_rms_s20,phase2/results/predictions/full/electrode/resnet/seed_43/bandpass_n20003_cV4_independent_rms_s20.npz,76385,b8ccde3b399ebd7bfdad9df4a01a31c93a53a22d98156ed158c2a4179900cb6f
resnet,electrode,43,bandpass_n20003_cV4_independent_rms_s15,phase2/results/predictions/full/electrode/resnet/seed_43/bandpass_n20003_cV4_independent_rms_s15.npz,76390,05b9866fb27ba1146722b6bdc95d3008dd1bb14f97815103b1a80a05d579fac8
resnet,electrode,43,bandpass_n20003_cV4_independent_rms_s10,phase2/results/predictions/full/electrode/resnet/seed_43/bandpass_n20003_cV4_independent_rms_s10.npz,76344,3160db29f3efa85adac228771cc07c7a4a56804807fec149fd5583f4a5126f86
resnet,electrode,43,bandpass_n20003_cV4_independent_rms_s5,phase2/results/predictions/full/electrode/resnet/seed_43/bandpass_n20003_cV4_independent_rms_s5.npz,76300,18e829713591929eaaeaee187b3ceea3b203c596012f011de2bb35778bc6e1cf
resnet,electrode,43,bandpass_n20003_cV4_independent_rms_s0,phase2/results/predictions/full/electrode/resnet/seed_43/bandpass_n20003_cV4_independent_rms_s0.npz,76014,849d015da41deb5aadbad90117558057d3683521f4f63fc115eaf813658f76ce
resnet,electrode,43,bandpass_n20003_cV4_electrode_s20,phase2/results/predictions/full/electrode/resnet/seed_43/bandpass_n20003_cV4_electrode_s20.npz,76401,76e2ba277ec441b8b1b5f085fd25cf5baff22a5f6f69badb27aed1800607167b
resnet,electrode,43,bandpass_n20003_cV4_electrode_s15,phase2/results/predictions/full/electrode/resnet/seed_43/bandpass_n20003_cV4_electrode_s15.npz,76401,f9f56d3dbd7867b8e8a174333702c8b78b67d610a84fce12f63b97d24d9e07e8
resnet,electrode,43,bandpass_n20003_cV4_electrode_s10,phase2/results/predictions/full/electrode/resnet/seed_43/bandpass_n20003_cV4_electrode_s10.npz,76348,12b633cb3846506995573c4259c1568a0be93261597c9ca86e47aa2e26267910
resnet,electrode,43,bandpass_n20003_cV4_electrode_s5,phase2/results/predictions/full/electrode/resnet/seed_43/bandpass_n20003_cV4_electrode_s5.npz,76233,0731c23eb862440e971a2bde46971816a396ceab6bc8088972a6093fa4cee645
resnet,electrode,43,bandpass_n20003_cV4_electrode_s0,phase2/results/predictions/full/electrode/resnet/seed_43/bandpass_n20003_cV4_electrode_s0.npz,76023,09f7a92947fc18b2aa5cb1de653d564bb7f07a3a0ef555717edc0780fffde490
resnet,electrode,43,bandpass_n20003_cV4_covariance_s20,phase2/results/predictions/full/electrode/resnet/seed_43/bandpass_n20003_cV4_covariance_s20.npz,76369,2fbd54a13f743fe903117e11dc77802cf4465dfc843109b7ecd9400783e0103f
resnet,electrode,43,bandpass_n20003_cV4_covariance_s15,phase2/results/predictions/full/electrode/resnet/seed_43/bandpass_n20003_cV4_covariance_s15.npz,76384,7f3213b96f00741c9be2247049afe392701ef7ac96b677e2d2e476a4aa42968d
resnet,electrode,43,bandpass_n20003_cV4_covariance_s10,phase2/results/predictions/full/electrode/resnet/seed_43/bandpass_n20003_cV4_covariance_s10.npz,76397,47ebb10eb1ed0578830963e3a57460c8b135ffc4fb1555837edbc2c6cb6573a6
resnet,electrode,43,bandpass_n20003_cV4_covariance_s5,phase2/results/predictions/full/electrode/resnet/seed_43/bandpass_n20003_cV4_covariance_s5.npz,76288,b6c671aaad066cc9234d80f72fc4c213933b9d37fb04c3241eff44a5d1ee98fd
resnet,electrode,43,bandpass_n20003_cV4_covariance_s0,phase2/results/predictions/full/electrode/resnet/seed_43/bandpass_n20003_cV4_covariance_s0.npz,76010,977fbbabac1ccf954bf35eb321833575b6daa1856fc17c24384de4f7464144ea
resnet,electrode,43,bandpass_n20003_cV5_independent_rms_s20,phase2/results/predictions/full/electrode/resnet/seed_43/bandpass_n20003_cV5_independent_rms_s20.npz,76360,11af77dd10bba73cbdde3896efb7a893e661fa8f6f919cb20c0639299cae8d3c
resnet,electrode,43,bandpass_n20003_cV5_independent_rms_s15,phase2/results/predictions/full/electrode/resnet/seed_43/bandpass_n20003_cV5_independent_rms_s15.npz,76387,5c97e01f8ffe05a0486a30f6a2e4ce976a17d2ce295ae6659ed922f979b03737
resnet,electrode,43,bandpass_n20003_cV5_independent_rms_s10,phase2/results/predictions/full/electrode/resnet/seed_43/bandpass_n20003_cV5_independent_rms_s10.npz,76351,1d758e7788f4f863f17b66938338eb6aa16acb1876e9915f5a5d11f84890517f
resnet,electrode,43,bandpass_n20003_cV5_independent_rms_s5,phase2/results/predictions/full/electrode/resnet/seed_43/bandpass_n20003_cV5_independent_rms_s5.npz,76246,b7a5774a4e5b536797905d377023bae069a8ae195f823941a696be5dc5c42faa
resnet,electrode,43,bandpass_n20003_cV5_independent_rms_s0,phase2/results/predictions/full/electrode/resnet/seed_43/bandpass_n20003_cV5_independent_rms_s0.npz,75982,aa365c825a708673b5813fcadc3ee68f8f8597e089012afcfb5256114f4c38fc
resnet,electrode,43,bandpass_n20003_cV5_electrode_s20,phase2/results/predictions/full/electrode/resnet/seed_43/bandpass_n20003_cV5_electrode_s20.npz,76350,32cc4f5f6c453f967ed3aa1e75b7322ca79712cf5347b598b1618b995375fab1
resnet,electrode,43,bandpass_n20003_cV5_electrode_s15,phase2/results/predictions/full/electrode/resnet/seed_43/bandpass_n20003_cV5_electrode_s15.npz,76368,2a3c13c23539e2986cf7c1bc41683450dd8126ad2e0d23c9bd623a1115eccd1b
resnet,electrode,43,bandpass_n20003_cV5_electrode_s10,phase2/results/predictions/full/electrode/resnet/seed_43/bandpass_n20003_cV5_electrode_s10.npz,76334,322a876f76b73a1193598076833105bd54289af3e11c8a4f75d8e70d6d956cc0
resnet,electrode,43,bandpass_n20003_cV5_electrode_s5,phase2/results/predictions/full/electrode/resnet/seed_43/bandpass_n20003_cV5_electrode_s5.npz,76233,110c117c9e933420f67658f0b6ec039445b8d7c229e2a15c14c0dea58e0906da
resnet,electrode,43,bandpass_n20003_cV5_electrode_s0,phase2/results/predictions/full/electrode/resnet/seed_43/bandpass_n20003_cV5_electrode_s0.npz,75978,f84115e9ac1397bbc891baa864bbc907fac9435909ec65d7409d7f9f4c5f3c18
resnet,electrode,43,bandpass_n20003_cV5_covariance_s20,phase2/results/predictions/full/electrode/resnet/seed_43/bandpass_n20003_cV5_covariance_s20.npz,76340,11841c864dbc1e741751343a58971ce6fbd0e0e5a227b299443f28e44a45d607
resnet,electrode,43,bandpass_n20003_cV5_covariance_s15,phase2/results/predictions/full/electrode/resnet/seed_43/bandpass_n20003_cV5_covariance_s15.npz,76359,3cd957a60173cb1fc1efedf6117a71f788f860779a87007c487619d27e54c152
resnet,electrode,43,bandpass_n20003_cV5_covariance_s10,phase2/results/predictions/full/electrode/resnet/seed_43/bandpass_n20003_cV5_covariance_s10.npz,76362,5fab3ee74561d346080e374a3a2da7f5cc2de3f1c5c1cf67133fd468753f8a95
resnet,electrode,43,bandpass_n20003_cV5_covariance_s5,phase2/results/predictions/full/electrode/resnet/seed_43/bandpass_n20003_cV5_covariance_s5.npz,76218,476f00585cb277a7332cb34bb88ee2bdef34a9c245e8e4748f5567ed66b5045e
resnet,electrode,43,bandpass_n20003_cV5_covariance_s0,phase2/results/predictions/full/electrode/resnet/seed_43/bandpass_n20003_cV5_covariance_s0.npz,75998,44c0eff0dccd2bdce25d91062c0ad2667ba331bfc40c3f594de1e94bac1fc7ed
resnet,electrode,43,bandpass_n20003_cV6_independent_rms_s20,phase2/results/predictions/full/electrode/resnet/seed_43/bandpass_n20003_cV6_independent_rms_s20.npz,76377,0f6fcdf7446c6638c023841654e837094153c2476f750ee3487fc4a7e98f7b58
resnet,electrode,43,bandpass_n20003_cV6_independent_rms_s15,phase2/results/predictions/full/electrode/resnet/seed_43/bandpass_n20003_cV6_independent_rms_s15.npz,76408,eb8c2af38d4dbd734edc2e862e16cc088e4f8bc21419bab8b44e6b8385520ec8
resnet,electrode,43,bandpass_n20003_cV6_independent_rms_s10,phase2/results/predictions/full/electrode/resnet/seed_43/bandpass_n20003_cV6_independent_rms_s10.npz,76346,68995a04fb5ec216e0260d7d04fb649c0f6295c57537bdd4517610062a7c8a0b
resnet,electrode,43,bandpass_n20003_cV6_independent_rms_s5,phase2/results/predictions/full/electrode/resnet/seed_43/bandpass_n20003_cV6_independent_rms_s5.npz,76256,3534abb5ab1b15f673a85ee80e38218c9da4b8f18852a44a8d5ccda4e4cf8e24
resnet,electrode,43,bandpass_n20003_cV6_independent_rms_s0,phase2/results/predictions/full/electrode/resnet/seed_43/bandpass_n20003_cV6_independent_rms_s0.npz,76000,49bf509dfb9ad64ae6e3517af2cbc1646e08d2a13e67686366ef73e562f43e75
resnet,electrode,43,bandpass_n20003_cV6_electrode_s20,phase2/results/predictions/full/electrode/resnet/seed_43/bandpass_n20003_cV6_electrode_s20.npz,76355,b0eea3da6dac140bfa2415517e39055cf1ae9ff0f4081f1e6bf464b792aed51c
resnet,electrode,43,bandpass_n20003_cV6_electrode_s15,phase2/results/predictions/full/electrode/resnet/seed_43/bandpass_n20003_cV6_electrode_s15.npz,76384,74704d3698bc472e05411121f934b1a60827aa5df7e84ad0e3f40b225923969b
resnet,electrode,43,bandpass_n20003_cV6_electrode_s10,phase2/results/predictions/full/electrode/resnet/seed_43/bandpass_n20003_cV6_electrode_s10.npz,76318,23a2ce724c05b54c67d08fa06ab068bd92fe6c42eb3ac45d591d894c3093d825
resnet,electrode,43,bandpass_n20003_cV6_electrode_s5,phase2/results/predictions/full/electrode/resnet/seed_43/bandpass_n20003_cV6_electrode_s5.npz,76283,2692d6db4bab51c312ef9f1eed13a32013d3fbbc9f31068ead36f23135a11204
resnet,electrode,43,bandpass_n20003_cV6_electrode_s0,phase2/results/predictions/full/electrode/resnet/seed_43/bandpass_n20003_cV6_electrode_s0.npz,75974,21b6c6f590020ac4d89265eeedee4fe11cd5db14fb1a1b0dbd3084e63f396a03
resnet,electrode,43,bandpass_n20003_cV6_covariance_s20,phase2/results/predictions/full/electrode/resnet/seed_43/bandpass_n20003_cV6_covariance_s20.npz,76347,98a64855d10c95fb3e031157de045ccf0f3a17a97fb87d716d9f40a49a34117c
resnet,electrode,43,bandpass_n20003_cV6_covariance_s15,phase2/results/predictions/full/electrode/resnet/seed_43/bandpass_n20003_cV6_covariance_s15.npz,76364,3873ed3eeac8e26ede786b9f054dba6bd550d8be5e6fff4fe4279075a7e1b886
resnet,electrode,43,bandpass_n20003_cV6_covariance_s10,phase2/results/predictions/full/electrode/resnet/seed_43/bandpass_n20003_cV6_covariance_s10.npz,76352,f480216f0bd7e5784eea86c4c9476bce2c041a12507d04490984c4a248bdd604
resnet,electrode,43,bandpass_n20003_cV6_covariance_s5,phase2/results/predictions/full/electrode/resnet/seed_43/bandpass_n20003_cV6_covariance_s5.npz,76241,334d832f3e209535134ef4a7d99c2870e715f34941df65a12a1dc74048790125
resnet,electrode,43,bandpass_n20003_cV6_covariance_s0,phase2/results/predictions/full/electrode/resnet/seed_43/bandpass_n20003_cV6_covariance_s0.npz,76027,cc3fde5dc5a4ad87e45bd3e6aa84ca14f15c22c7fa4ee40589961f93b1a955a7
resnet,electrode,43,bandpass_n20003_cRA_LA_independent_rms_s20,phase2/results/predictions/full/electrode/resnet/seed_43/bandpass_n20003_cRA_LA_independent_rms_s20.npz,76399,5e452a12447a4421bd3c7d91786973f966b4be122bafffe6ac1b4d627385450e
resnet,electrode,43,bandpass_n20003_cRA_LA_independent_rms_s15,phase2/results/predictions/full/electrode/resnet/seed_43/bandpass_n20003_cRA_LA_independent_rms_s15.npz,76407,4897df7a560b57a3824581269f4bbae00fced21bd3e01385ec1684e6dc8370ae
resnet,electrode,43,bandpass_n20003_cRA_LA_independent_rms_s10,phase2/results/predictions/full/electrode/resnet/seed_43/bandpass_n20003_cRA_LA_independent_rms_s10.npz,76387,248864ad671365c86d985715376e70c7d693243fdc8a65d745bab1d8b2a50989
resnet,electrode,43,bandpass_n20003_cRA_LA_independent_rms_s5,phase2/results/predictions/full/electrode/resnet/seed_43/bandpass_n20003_cRA_LA_independent_rms_s5.npz,76218,42d61282c3914f9372ee3e04f91cab61cf677f236654985be9d1c1909ea3a190
resnet,electrode,43,bandpass_n20003_cRA_LA_independent_rms_s0,phase2/results/predictions/full/electrode/resnet/seed_43/bandpass_n20003_cRA_LA_independent_rms_s0.npz,75946,ef186f403563c6e2eb665db1f7ee7f1df0a901c4acb1dff10a9d18927cbceb57
resnet,electrode,43,bandpass_n20003_cRA_LA_electrode_s20,phase2/results/predictions/full/electrode/resnet/seed_43/bandpass_n20003_cRA_LA_electrode_s20.npz,76374,9d8c0431ad7ab7a37f7c9a0e078e0af2ab42bab860fea69636d0b1e29db73766
resnet,electrode,43,bandpass_n20003_cRA_LA_electrode_s15,phase2/results/predictions/full/electrode/resnet/seed_43/bandpass_n20003_cRA_LA_electrode_s15.npz,76401,850da7dba8900bbe3b574f8ed9278e6875bdd07db450b8a6f5d2bf2634ebbde1
resnet,electrode,43,bandpass_n20003_cRA_LA_electrode_s10,phase2/results/predictions/full/electrode/resnet/seed_43/bandpass_n20003_cRA_LA_electrode_s10.npz,76329,85741fc9cee38e68fe3080da9c709da9b2995d26e9808afcc85c939ad9ef32e7
resnet,electrode,43,bandpass_n20003_cRA_LA_electrode_s5,phase2/results/predictions/full/electrode/resnet/seed_43/bandpass_n20003_cRA_LA_electrode_s5.npz,76144,da5e6019f309283eb1ccb94967b2225fbffeded960750736da83be04cde1c4f6
resnet,electrode,43,bandpass_n20003_cRA_LA_electrode_s0,phase2/results/predictions/full/electrode/resnet/seed_43/bandpass_n20003_cRA_LA_electrode_s0.npz,75724,d2e6fd7d334ff303c0c3b4aee7e0c22ef296313bf981edf64bff0b1b2b9581b2
resnet,electrode,43,bandpass_n20003_cRA_LA_covariance_s20,phase2/results/predictions/full/electrode/resnet/seed_43/bandpass_n20003_cRA_LA_covariance_s20.npz,76400,ce0ad78e7cb6b0d30d66f847ee50eeb44ea49918c0ef3db715f7919888c4ae54
resnet,electrode,43,bandpass_n20003_cRA_LA_covariance_s15,phase2/results/predictions/full/electrode/resnet/seed_43/bandpass_n20003_cRA_LA_covariance_s15.npz,76413,9713683dbaeb3c16b51983c008435400c1af1b9d2e19e759f52a3dc349fbb703
resnet,electrode,43,bandpass_n20003_cRA_LA_covariance_s10,phase2/results/predictions/full/electrode/resnet/seed_43/bandpass_n20003_cRA_LA_covariance_s10.npz,76309,3bbfc828f8e4ceaa394d54e1d9dbae01fb7e05e2901b36ccc6bb651bfb857791
resnet,electrode,43,bandpass_n20003_cRA_LA_covariance_s5,phase2/results/predictions/full/electrode/resnet/seed_43/bandpass_n20003_cRA_LA_covariance_s5.npz,76160,7c45e21bd6129db3775654de8350203360ee75557c2dbbb504253387dc877058
resnet,electrode,43,bandpass_n20003_cRA_LA_covariance_s0,phase2/results/predictions/full/electrode/resnet/seed_43/bandpass_n20003_cRA_LA_covariance_s0.npz,75746,ac6631fd85fbbaac5923fa07f4639c09826cb8ee52e4e8dcd6d64c471265da94
resnet,electrode,43,bandpass_n20003_cLA_LL_independent_rms_s20,phase2/results/predictions/full/electrode/resnet/seed_43/bandpass_n20003_cLA_LL_independent_rms_s20.npz,76431,59a96091efe361b0fe608080d9b09c5c70cfcf408a4d0ec5b597690bb31f6556
resnet,electrode,43,bandpass_n20003_cLA_LL_independent_rms_s15,phase2/results/predictions/full/electrode/resnet/seed_43/bandpass_n20003_cLA_LL_independent_rms_s15.npz,76404,d475bb00a6cecb8eee2ef68d1d9c1fad7adf90ac03d2535b3e3857ab894aecd7
resnet,electrode,43,bandpass_n20003_cLA_LL_independent_rms_s10,phase2/results/predictions/full/electrode/resnet/seed_43/bandpass_n20003_cLA_LL_independent_rms_s10.npz,76393,cfbc21e9b8b4073b3c6de3b931a8dd5f7e63cb632005b8cc33d515e8b645f1f5
resnet,electrode,43,bandpass_n20003_cLA_LL_independent_rms_s5,phase2/results/predictions/full/electrode/resnet/seed_43/bandpass_n20003_cLA_LL_independent_rms_s5.npz,76213,d6fb0579749acbee22adb46d5a8be92389ef5d9b35197f05e920d479255d7967
resnet,electrode,43,bandpass_n20003_cLA_LL_independent_rms_s0,phase2/results/predictions/full/electrode/resnet/seed_43/bandpass_n20003_cLA_LL_independent_rms_s0.npz,75908,60a92983a6cf6c92f52798e2db291a88d7358f9c0d1d2007eb52730c49cb1968
resnet,electrode,43,bandpass_n20003_cLA_LL_electrode_s20,phase2/results/predictions/full/electrode/resnet/seed_43/bandpass_n20003_cLA_LL_electrode_s20.npz,76357,492c2637e36a0a0c3fd3b77865bfcc1fea8bba4d385adc77a2b55e7669681f33
resnet,electrode,43,bandpass_n20003_cLA_LL_electrode_s15,phase2/results/predictions/full/electrode/resnet/seed_43/bandpass_n20003_cLA_LL_electrode_s15.npz,76394,f549873405b252ba0eab46adc14347efc0e8074806556105eb3010410e7b0c47
resnet,electrode,43,bandpass_n20003_cLA_LL_electrode_s10,phase2/results/predictions/full/electrode/resnet/seed_43/bandpass_n20003_cLA_LL_electrode_s10.npz,76282,96034a2b78d2af21ee5984f9ab9263e870e836c8260ef1dd9bdb5977701c821f
resnet,electrode,43,bandpass_n20003_cLA_LL_electrode_s5,phase2/results/predictions/full/electrode/resnet/seed_43/bandpass_n20003_cLA_LL_electrode_s5.npz,76096,d580ab720e8ae59aa956dd55ea8b6dbd78aeadc21f9d96a57be62825fa7f3826
resnet,electrode,43,bandpass_n20003_cLA_LL_electrode_s0,phase2/results/predictions/full/electrode/resnet/seed_43/bandpass_n20003_cLA_LL_electrode_s0.npz,75641,f913b4929a7a10141a34db7642425ffd26c78d3405f67b20d30b8b32fdd3d6dc
resnet,electrode,43,bandpass_n20003_cLA_LL_covariance_s20,phase2/results/predictions/full/electrode/resnet/seed_43/bandpass_n20003_cLA_LL_covariance_s20.npz,76387,b9686fd331bb8858083cda26e903a6a18e30f26c80f64fa04c6203d594155f79
resnet,electrode,43,bandpass_n20003_cLA_LL_covariance_s15,phase2/results/predictions/full/electrode/resnet/seed_43/bandpass_n20003_cLA_LL_covariance_s15.npz,76411,748e4ef772c5f0f85b9b41f322b2be383c0ac32496e753af476304f643bdb0ae
resnet,electrode,43,bandpass_n20003_cLA_LL_covariance_s10,phase2/results/predictions/full/electrode/resnet/seed_43/bandpass_n20003_cLA_LL_covariance_s10.npz,76315,6e708144fb806c2390de27166baa5a25e91ddde71e9eeac790427edd9a3040f9
resnet,electrode,43,bandpass_n20003_cLA_LL_covariance_s5,phase2/results/predictions/full/electrode/resnet/seed_43/bandpass_n20003_cLA_LL_covariance_s5.npz,76151,f74e3efe1137b98a1cedf568af4d30c5e7346a34f060bfeed195dead60f8bdcb
resnet,electrode,43,bandpass_n20003_cLA_LL_covariance_s0,phase2/results/predictions/full/electrode/resnet/seed_43/bandpass_n20003_cLA_LL_covariance_s0.npz,75670,21abbcb057c8217a031ab6c88a4db7f83763be51eddec42bf9ca5e669e5c5a66
resnet,electrode,43,bandpass_n20003_cRA_LL_independent_rms_s20,phase2/results/predictions/full/electrode/resnet/seed_43/bandpass_n20003_cRA_LL_independent_rms_s20.npz,76359,dc6a9b58dacdf617b7197a47d3ff272f88c75fea165e42b2b88957ee20f9680b
resnet,electrode,43,bandpass_n20003_cRA_LL_independent_rms_s15,phase2/results/predictions/full/electrode/resnet/seed_43/bandpass_n20003_cRA_LL_independent_rms_s15.npz,76384,34681ba82dbefd7eadba6f4cb2a0aefcbb82fab80af550bdbe307f2a349dca6f
resnet,electrode,43,bandpass_n20003_cRA_LL_independent_rms_s10,phase2/results/predictions/full/electrode/resnet/seed_43/bandpass_n20003_cRA_LL_independent_rms_s10.npz,76337,d2f1e9363cd4adb5b919df6d130453448cfece009ecbff8aaf275b0e86ce1cf4
resnet,electrode,43,bandpass_n20003_cRA_LL_independent_rms_s5,phase2/results/predictions/full/electrode/resnet/seed_43/bandpass_n20003_cRA_LL_independent_rms_s5.npz,76225,fb9cecb04e65dddac66ce1de01032e29b397e25b41e851a98bb661f1d1e9ad8b
resnet,electrode,43,bandpass_n20003_cRA_LL_independent_rms_s0,phase2/results/predictions/full/electrode/resnet/seed_43/bandpass_n20003_cRA_LL_independent_rms_s0.npz,75883,8d9091f5e7958f16fd3fae3454acab508bd0089fa2cbad22ef934a8bb29dde01
resnet,electrode,43,bandpass_n20003_cRA_LL_electrode_s20,phase2/results/predictions/full/electrode/resnet/seed_43/bandpass_n20003_cRA_LL_electrode_s20.npz,76385,af26f6425057fe8b407cab74f4be7facb685dd93fbe6a7e36e1f0145bcc5cabb
resnet,electrode,43,bandpass_n20003_cRA_LL_electrode_s15,phase2/results/predictions/full/electrode/resnet/seed_43/bandpass_n20003_cRA_LL_electrode_s15.npz,76340,a7eee42db255cf4fe204e58af1658007b2416c02f167bff4a449cc56c6bf23cb
resnet,electrode,43,bandpass_n20003_cRA_LL_electrode_s10,phase2/results/predictions/full/electrode/resnet/seed_43/bandpass_n20003_cRA_LL_electrode_s10.npz,76302,17dd89c474a94861b8dbab69b3be18e507930a786e949d7f30177e939b047673
resnet,electrode,43,bandpass_n20003_cRA_LL_electrode_s5,phase2/results/predictions/full/electrode/resnet/seed_43/bandpass_n20003_cRA_LL_electrode_s5.npz,76086,4678a33742c924c5a2cb4701a986b2d70ac14aabeacfb8c816d206f7fe5a104f
resnet,electrode,43,bandpass_n20003_cRA_LL_electrode_s0,phase2/results/predictions/full/electrode/resnet/seed_43/bandpass_n20003_cRA_LL_electrode_s0.npz,75632,9456d7cec432178d2b8c0f097b2fd39722fed01878b3e04ed277eac4d35dded6
resnet,electrode,43,bandpass_n20003_cRA_LL_covariance_s20,phase2/results/predictions/full/electrode/resnet/seed_43/bandpass_n20003_cRA_LL_covariance_s20.npz,76391,cac62b699355025256d6d8cfe87eb07432b49048b9321f9b535c05db37d73463
resnet,electrode,43,bandpass_n20003_cRA_LL_covariance_s15,phase2/results/predictions/full/electrode/resnet/seed_43/bandpass_n20003_cRA_LL_covariance_s15.npz,76375,653b47ed03005c545e8018c75aeea850fd586afbe653da64b86d5653c1f17cb4
resnet,electrode,43,bandpass_n20003_cRA_LL_covariance_s10,phase2/results/predictions/full/electrode/resnet/seed_43/bandpass_n20003_cRA_LL_covariance_s10.npz,76328,69d1e6b2f74433665268a94bd6a6225c932f8a7f459f6d1d83db1fab77ba9b60
resnet,electrode,43,bandpass_n20003_cRA_LL_covariance_s5,phase2/results/predictions/full/electrode/resnet/seed_43/bandpass_n20003_cRA_LL_covariance_s5.npz,76097,fc22b69c0091f3d167c04e51f1abc21eb215a970fdeb26e1b994c72134492aae
resnet,electrode,43,bandpass_n20003_cRA_LL_covariance_s0,phase2/results/predictions/full/electrode/resnet/seed_43/bandpass_n20003_cRA_LL_covariance_s0.npz,75661,2502c2028e578eedbd020c4c8c4e7a15ae478f3f55f843a0f91822a11ed86126
resnet,electrode,43,bandpass_n20003_cRA_independent_rms_s20,phase2/results/predictions/full/electrode/resnet/seed_43/bandpass_n20003_cRA_independent_rms_s20.npz,76406,3fd4e38e2c2d0ec45eb8a87ef87cbd1806b5c6b1eacb8864c6091748d31e14a8
resnet,electrode,43,bandpass_n20003_cRA_independent_rms_s15,phase2/results/predictions/full/electrode/resnet/seed_43/bandpass_n20003_cRA_independent_rms_s15.npz,76405,fc7d26ab5db2403e6b154d811d89b5e7fb470c7b361c8227d82bf5edbebc4c88
resnet,electrode,43,bandpass_n20003_cRA_independent_rms_s10,phase2/results/predictions/full/electrode/resnet/seed_43/bandpass_n20003_cRA_independent_rms_s10.npz,76395,f636ac074842807713dcaf65616a7af05ea25bfe5516443c3471a09014353974
resnet,electrode,43,bandpass_n20003_cRA_independent_rms_s5,phase2/results/predictions/full/electrode/resnet/seed_43/bandpass_n20003_cRA_independent_rms_s5.npz,76261,d6e22799abd176e90308b9865fc08b1c15c19d0de22a44103303134313a1073d
resnet,electrode,43,bandpass_n20003_cRA_independent_rms_s0,phase2/results/predictions/full/electrode/resnet/seed_43/bandpass_n20003_cRA_independent_rms_s0.npz,75990,3c0d253ec805a163825e07dd32249406aaa186a5fe03f0c264c5d6fbdb27025a
resnet,electrode,43,bandpass_n20003_cRA_electrode_s20,phase2/results/predictions/full/electrode/resnet/seed_43/bandpass_n20003_cRA_electrode_s20.npz,76371,1b3dd527f5d59293040b4ab9c940ec8d1992b57eb1372be72eb649a98d759f95
resnet,electrode,43,bandpass_n20003_cRA_electrode_s15,phase2/results/predictions/full/electrode/resnet/seed_43/bandpass_n20003_cRA_electrode_s15.npz,76361,338f8e7e9c56f5c05ca148d449fee85ff9f6464ba29758e66332f9d5fb58b8a5
resnet,electrode,43,bandpass_n20003_cRA_electrode_s10,phase2/results/predictions/full/electrode/resnet/seed_43/bandpass_n20003_cRA_electrode_s10.npz,76271,0be6f7cc25f643bda040c4619e93e207d2f91145527ddf0c7aaa345c17d6bef3
resnet,electrode,43,bandpass_n20003_cRA_electrode_s5,phase2/results/predictions/full/electrode/resnet/seed_43/bandpass_n20003_cRA_electrode_s5.npz,76108,081c83fbfac1a1e1765558e9933ed1582faf4d2c236e3ec8c327ab45e3c8d5fd
resnet,electrode,43,bandpass_n20003_cRA_electrode_s0,phase2/results/predictions/full/electrode/resnet/seed_43/bandpass_n20003_cRA_electrode_s0.npz,75691,87a02d97d078256945ae4a1c12b683f77882bb3aa3db355187f9af71873de8b4
resnet,electrode,43,bandpass_n20003_cRA_covariance_s20,phase2/results/predictions/full/electrode/resnet/seed_43/bandpass_n20003_cRA_covariance_s20.npz,76370,e285dca1c79b566bc3b6a9386c84bf7762efb6a3c46ee9eaff1de25f30c3c262
resnet,electrode,43,bandpass_n20003_cRA_covariance_s15,phase2/results/predictions/full/electrode/resnet/seed_43/bandpass_n20003_cRA_covariance_s15.npz,76375,d03bfd749e0aecc46ffaa3128a309c9348c73060f9dc1168bf0a623566574c70
resnet,electrode,43,bandpass_n20003_cRA_covariance_s10,phase2/results/predictions/full/electrode/resnet/seed_43/bandpass_n20003_cRA_covariance_s10.npz,76309,198be46cc75c2bac897e9484e3240b99a213b72eb0a1d6625483c589d45092a0
resnet,electrode,43,bandpass_n20003_cRA_covariance_s5,phase2/results/predictions/full/electrode/resnet/seed_43/bandpass_n20003_cRA_covariance_s5.npz,76079,4a16f57d103cc93b6f65d648464321ef785ffc4a6136a85220047f98bf24afe1
resnet,electrode,43,bandpass_n20003_cRA_covariance_s0,phase2/results/predictions/full/electrode/resnet/seed_43/bandpass_n20003_cRA_covariance_s0.npz,75734,5cea83d1b7b472114a202b9f88c8a7ab14c1799844314764e35c5c31b1fffd74
resnet,electrode,43,bandpass_n20003_cLA_independent_rms_s20,phase2/results/predictions/full/electrode/resnet/seed_43/bandpass_n20003_cLA_independent_rms_s20.npz,76371,4d39734807fdc46182006560b55e5a5fee54c2ea8ec8505759f90a6fc10e8222
resnet,electrode,43,bandpass_n20003_cLA_independent_rms_s15,phase2/results/predictions/full/electrode/resnet/seed_43/bandpass_n20003_cLA_independent_rms_s15.npz,76395,794bc46daa43851e8ec1f278a74123be54242febe93a06a00ece76fd3aba0ebb
resnet,electrode,43,bandpass_n20003_cLA_independent_rms_s10,phase2/results/predictions/full/electrode/resnet/seed_43/bandpass_n20003_cLA_independent_rms_s10.npz,76368,ba233d2aed1e8f66b677f0b3bb96f334ad31574e38fd43a2267e1adbc6165612
resnet,electrode,43,bandpass_n20003_cLA_independent_rms_s5,phase2/results/predictions/full/electrode/resnet/seed_43/bandpass_n20003_cLA_independent_rms_s5.npz,76267,d60f7815d3e8cf707528f674a9b6c6f68223e950a98ef548b7d9c334db6c4316
resnet,electrode,43,bandpass_n20003_cLA_independent_rms_s0,phase2/results/predictions/full/electrode/resnet/seed_43/bandpass_n20003_cLA_independent_rms_s0.npz,75920,db9c301351571135044533f2c902957b4ff533dfe8c70f6880753b177b1a13b4
resnet,electrode,43,bandpass_n20003_cLA_electrode_s20,phase2/results/predictions/full/electrode/resnet/seed_43/bandpass_n20003_cLA_electrode_s20.npz,76366,065a772eda2add468572298f7465a14e6e02f2281b8aaaaea173b9c77fcea450
resnet,electrode,43,bandpass_n20003_cLA_electrode_s15,phase2/results/predictions/full/electrode/resnet/seed_43/bandpass_n20003_cLA_electrode_s15.npz,76390,49cca30d35b93dd12fef6af7f368013bbb73d4390c50abfcf810f92447d4c213
resnet,electrode,43,bandpass_n20003_cLA_electrode_s10,phase2/results/predictions/full/electrode/resnet/seed_43/bandpass_n20003_cLA_electrode_s10.npz,76324,8fa4d5e606046fc31a7777530a783bd0c6dfcb2387c3d9f6113d1e051ac0b2b9
resnet,electrode,43,bandpass_n20003_cLA_electrode_s5,phase2/results/predictions/full/electrode/resnet/seed_43/bandpass_n20003_cLA_electrode_s5.npz,76195,96a21051de5b22badadd14884a846999ef97d6a684879c96a8e0559f4177c417
resnet,electrode,43,bandpass_n20003_cLA_electrode_s0,phase2/results/predictions/full/electrode/resnet/seed_43/bandpass_n20003_cLA_electrode_s0.npz,75718,3599b19b5dbf6532929b92a6001ca311e49ebde67704a8072cf66a54294611fc
resnet,electrode,43,bandpass_n20003_cLA_covariance_s20,phase2/results/predictions/full/electrode/resnet/seed_43/bandpass_n20003_cLA_covariance_s20.npz,76374,5a42c939f195740d74793df104ea1f94571f6769b5fc6b51651b7947f229127b
resnet,electrode,43,bandpass_n20003_cLA_covariance_s15,phase2/results/predictions/full/electrode/resnet/seed_43/bandpass_n20003_cLA_covariance_s15.npz,76410,d5a08d6c74cd3ed394e977c055147b1341a3b088286b0c0ba60a0ea23a0425cb
resnet,electrode,43,bandpass_n20003_cLA_covariance_s10,phase2/results/predictions/full/electrode/resnet/seed_43/bandpass_n20003_cLA_covariance_s10.npz,76367,526535769d3d49828ca056e08d31dbf74dfc57c8ae98d72a3130db668c16b3b6
resnet,electrode,43,bandpass_n20003_cLA_covariance_s5,phase2/results/predictions/full/electrode/resnet/seed_43/bandpass_n20003_cLA_covariance_s5.npz,76163,f370a3e9efa1269fe514524333d18666547f863549cc5370c2a74f13616fdab1
resnet,electrode,43,bandpass_n20003_cLA_covariance_s0,phase2/results/predictions/full/electrode/resnet/seed_43/bandpass_n20003_cLA_covariance_s0.npz,75761,d0bcd23dd7059887a04a0e756c0a862df15c3fdf2ee0bfdda9756c0e388d5b48
resnet,electrode,43,bandpass_n20003_cLL_independent_rms_s20,phase2/results/predictions/full/electrode/resnet/seed_43/bandpass_n20003_cLL_independent_rms_s20.npz,76360,c35dd125671c4d40b72f57e26740cb483bd3d08e51de77ee33d5e4cc6b8006a0
resnet,electrode,43,bandpass_n20003_cLL_independent_rms_s15,phase2/results/predictions/full/electrode/resnet/seed_43/bandpass_n20003_cLL_independent_rms_s15.npz,76406,200325c5077476ee90fc1f5a7114dd1d9a3ce78ff1242c0239fb25c0da5d1d0b
resnet,electrode,43,bandpass_n20003_cLL_independent_rms_s10,phase2/results/predictions/full/electrode/resnet/seed_43/bandpass_n20003_cLL_independent_rms_s10.npz,76388,0009f29903a47455bc493b479432fdf77ad536ababfa660da4bbe6d7382c21b5
resnet,electrode,43,bandpass_n20003_cLL_independent_rms_s5,phase2/results/predictions/full/electrode/resnet/seed_43/bandpass_n20003_cLL_independent_rms_s5.npz,76226,9a5d1c0b27d7c428cfcd8145ef2421ab682984b48ebad059b40f35f961a412ec
resnet,electrode,43,bandpass_n20003_cLL_independent_rms_s0,phase2/results/predictions/full/electrode/resnet/seed_43/bandpass_n20003_cLL_independent_rms_s0.npz,75883,79911ad4b979f9d3cf5f1eeadd936078cc07e3652f717c6410e6406764d6d228
resnet,electrode,43,bandpass_n20003_cLL_electrode_s20,phase2/results/predictions/full/electrode/resnet/seed_43/bandpass_n20003_cLL_electrode_s20.npz,76369,ea42fa22a6d99bb859ff5882b3fd8f6506f0af6cd1fb11a13bd6b927cdad9f0f
resnet,electrode,43,bandpass_n20003_cLL_electrode_s15,phase2/results/predictions/full/electrode/resnet/seed_43/bandpass_n20003_cLL_electrode_s15.npz,76360,46d742597450d42541dccb95026fa73864f99d33d3d4a71f7b0c5c6a67a69a88
resnet,electrode,43,bandpass_n20003_cLL_electrode_s10,phase2/results/predictions/full/electrode/resnet/seed_43/bandpass_n20003_cLL_electrode_s10.npz,76295,cd75db0ad4044dba31f21f7fd0c40e6be049fde41a16c9f3a84acd5875be43df
resnet,electrode,43,bandpass_n20003_cLL_electrode_s5,phase2/results/predictions/full/electrode/resnet/seed_43/bandpass_n20003_cLL_electrode_s5.npz,76084,cb850e2e2f7a294cb754dccafd4faf08f6cad8c70b6b2807809479b9b43b5b61
resnet,electrode,43,bandpass_n20003_cLL_electrode_s0,phase2/results/predictions/full/electrode/resnet/seed_43/bandpass_n20003_cLL_electrode_s0.npz,75622,245798ce13456b77d584fe067bb1fb432ff9af6a7846682c7c2142c01b53a527
resnet,electrode,43,bandpass_n20003_cLL_covariance_s20,phase2/results/predictions/full/electrode/resnet/seed_43/bandpass_n20003_cLL_covariance_s20.npz,76336,734d54a7bcfbfdb5e15d459278299759b2fb5f47f0a775f58dac60746d134e5f
resnet,electrode,43,bandpass_n20003_cLL_covariance_s15,phase2/results/predictions/full/electrode/resnet/seed_43/bandpass_n20003_cLL_covariance_s15.npz,76392,c580baab80ee0d9916ec0e51464ed87d23c2f511d03cd5b0184fc585a0f2d377
resnet,electrode,43,bandpass_n20003_cLL_covariance_s10,phase2/results/predictions/full/electrode/resnet/seed_43/bandpass_n20003_cLL_covariance_s10.npz,76278,5aeb03fb55f39b76b8b8ace9045cfedc4517bf86d0882ade47dd48173b681461
resnet,electrode,43,bandpass_n20003_cLL_covariance_s5,phase2/results/predictions/full/electrode/resnet/seed_43/bandpass_n20003_cLL_covariance_s5.npz,76074,dc8a1fb8f23d24dd47ff0ee82803f6f0c3757d0b2a6c4a226eb93cd83a1bfb50
resnet,electrode,43,bandpass_n20003_cLL_covariance_s0,phase2/results/predictions/full/electrode/resnet/seed_43/bandpass_n20003_cLL_covariance_s0.npz,75640,126ebfc73d1fd15e5fb00bfffcfcd1c39d216b73e2578a593a6f34d9a0a9dad6
resnet,electrode,43,bandpass_n20003_cRA_V1_independent_rms_s20,phase2/results/predictions/full/electrode/resnet/seed_43/bandpass_n20003_cRA_V1_independent_rms_s20.npz,76391,0f4cbaed897353d049ffb77c52792cc082409adf51f9006cb9084904e5295028
resnet,electrode,43,bandpass_n20003_cRA_V1_independent_rms_s15,phase2/results/predictions/full/electrode/resnet/seed_43/bandpass_n20003_cRA_V1_independent_rms_s15.npz,76396,e4edfbdbf90146a6a84bf66bb26fd78cf3f56b14ae987d8451e64eff223e08ad
resnet,electrode,43,bandpass_n20003_cRA_V1_independent_rms_s10,phase2/results/predictions/full/electrode/resnet/seed_43/bandpass_n20003_cRA_V1_independent_rms_s10.npz,76373,0ca0f129342acf4f67e03b0c3cbf2e0b4b4284e28cab80ec1ece4516f353bac6
resnet,electrode,43,bandpass_n20003_cRA_V1_independent_rms_s5,phase2/results/predictions/full/electrode/resnet/seed_43/bandpass_n20003_cRA_V1_independent_rms_s5.npz,76263,9ae8492ae42a1af465ba4c7a0eb54d36933934c3e8018de08a89b73a554f3ac2
resnet,electrode,43,bandpass_n20003_cRA_V1_independent_rms_s0,phase2/results/predictions/full/electrode/resnet/seed_43/bandpass_n20003_cRA_V1_independent_rms_s0.npz,75928,4ccdf32adecec1a4c4a1e33bae26b8d27f09256009d3790a025d84ee4adeed55
resnet,electrode,43,bandpass_n20003_cRA_V1_electrode_s20,phase2/results/predictions/full/electrode/resnet/seed_43/bandpass_n20003_cRA_V1_electrode_s20.npz,76399,7ecdf602205c9640ea682739345010f7b3b6eb62d76ccf6e5d931de1bb8d359a
resnet,electrode,43,bandpass_n20003_cRA_V1_electrode_s15,phase2/results/predictions/full/electrode/resnet/seed_43/bandpass_n20003_cRA_V1_electrode_s15.npz,76397,8e184024647fd6d85bdc368a709f805ae3189be4734e3d86c649ab92348bfbfd
resnet,electrode,43,bandpass_n20003_cRA_V1_electrode_s10,phase2/results/predictions/full/electrode/resnet/seed_43/bandpass_n20003_cRA_V1_electrode_s10.npz,76294,7e60d7439e047ac7c0b7e1ab73f6df0b1678d252a63edce8accd8412b3af9095
resnet,electrode,43,bandpass_n20003_cRA_V1_electrode_s5,phase2/results/predictions/full/electrode/resnet/seed_43/bandpass_n20003_cRA_V1_electrode_s5.npz,76100,98983c0461cd6d289a21a3a4b7eedd74cca71c6175275d0b462c4e4d12493a49
resnet,electrode,43,bandpass_n20003_cRA_V1_electrode_s0,phase2/results/predictions/full/electrode/resnet/seed_43/bandpass_n20003_cRA_V1_electrode_s0.npz,75734,8214530110dfc04d5e6a3934d6e960a17421a9fbacef0a5a852639e9aea85b6e
resnet,electrode,43,bandpass_n20003_cRA_V1_covariance_s20,phase2/results/predictions/full/electrode/resnet/seed_43/bandpass_n20003_cRA_V1_covariance_s20.npz,76359,38f02004d248d4a72ca60c1f4f6d69a92a269f755de8577a24136c861ea1ed61
resnet,electrode,43,bandpass_n20003_cRA_V1_covariance_s15,phase2/results/predictions/full/electrode/resnet/seed_43/bandpass_n20003_cRA_V1_covariance_s15.npz,76372,b3ac550bf94708c93c9daf611ce45120ccf93725c249c3821516b80cdd5b546b
resnet,electrode,43,bandpass_n20003_cRA_V1_covariance_s10,phase2/results/predictions/full/electrode/resnet/seed_43/bandpass_n20003_cRA_V1_covariance_s10.npz,76321,c52ec09ae5b7d23d82da683cdea764d3b22f57fb885dbc2ed6ca68bba1fa9bf1
resnet,electrode,43,bandpass_n20003_cRA_V1_covariance_s5,phase2/results/predictions/full/electrode/resnet/seed_43/bandpass_n20003_cRA_V1_covariance_s5.npz,76114,8120bff4eb79e93881ce1f99e637b5b3d20429ca299ca6b9124d7836f58ce5bf
resnet,electrode,43,bandpass_n20003_cRA_V1_covariance_s0,phase2/results/predictions/full/electrode/resnet/seed_43/bandpass_n20003_cRA_V1_covariance_s0.npz,75742,4412a8445e0c0a662be64a4d7559b860e887e7fc5170f86c398bff7b96e3103b
resnet,electrode,43,bandpass_n20003_cLA_V6_independent_rms_s20,phase2/results/predictions/full/electrode/resnet/seed_43/bandpass_n20003_cLA_V6_independent_rms_s20.npz,76406,f078c8a4093a0344401d6caa6e3bc83cf711cfc4d9d9ba0b6e980f4fb36b09e4
resnet,electrode,43,bandpass_n20003_cLA_V6_independent_rms_s15,phase2/results/predictions/full/electrode/resnet/seed_43/bandpass_n20003_cLA_V6_independent_rms_s15.npz,76404,4655a88a0eccb415ea0a34c1c340d9e61dc3c23d9d4c4391bf1a3eaa6a726929
resnet,electrode,43,bandpass_n20003_cLA_V6_independent_rms_s10,phase2/results/predictions/full/electrode/resnet/seed_43/bandpass_n20003_cLA_V6_independent_rms_s10.npz,76425,c6d5f15f49560d01f1373d1bafc15de4b965abae59a886434f167200d805409f
resnet,electrode,43,bandpass_n20003_cLA_V6_independent_rms_s5,phase2/results/predictions/full/electrode/resnet/seed_43/bandpass_n20003_cLA_V6_independent_rms_s5.npz,76270,4ee05230652d413141aa1ab788c943438199a804fce532c1d0e440453249b87d
resnet,electrode,43,bandpass_n20003_cLA_V6_independent_rms_s0,phase2/results/predictions/full/electrode/resnet/seed_43/bandpass_n20003_cLA_V6_independent_rms_s0.npz,75955,d26fe247de49fb89c9f6fb5e73a5b8c36b38cf2e8efb54ba589ae4ca230433a0
resnet,electrode,43,bandpass_n20003_cLA_V6_electrode_s20,phase2/results/predictions/full/electrode/resnet/seed_43/bandpass_n20003_cLA_V6_electrode_s20.npz,76395,a5648a57fb8c591b3b89bdf49f391819599776f781fa9cecd47e22fa1038dcbe
resnet,electrode,43,bandpass_n20003_cLA_V6_electrode_s15,phase2/results/predictions/full/electrode/resnet/seed_43/bandpass_n20003_cLA_V6_electrode_s15.npz,76380,eb49101580c15de9c78e60c6b1027ae6625e3b52d3956680aaae3f5b620f3d4e
resnet,electrode,43,bandpass_n20003_cLA_V6_electrode_s10,phase2/results/predictions/full/electrode/resnet/seed_43/bandpass_n20003_cLA_V6_electrode_s10.npz,76357,e582bc0037fe36521686b784e5169437043819cced21bd1d7aac68f9ca598e1e
resnet,electrode,43,bandpass_n20003_cLA_V6_electrode_s5,phase2/results/predictions/full/electrode/resnet/seed_43/bandpass_n20003_cLA_V6_electrode_s5.npz,76229,e3102bd4f07a2a154923a9ffe405ca97213e6afb072d597c5d9d5b147e45f0ed
resnet,electrode,43,bandpass_n20003_cLA_V6_electrode_s0,phase2/results/predictions/full/electrode/resnet/seed_43/bandpass_n20003_cLA_V6_electrode_s0.npz,75789,a134160a8b82bfb20298d61fdc43b6db8866600b5c1b9f46d4b39bd2796b3ece
resnet,electrode,43,bandpass_n20003_cLA_V6_covariance_s20,phase2/results/predictions/full/electrode/resnet/seed_43/bandpass_n20003_cLA_V6_covariance_s20.npz,76398,1cc3314fb8ec76befda2cdc93dbcd075dfa908ed4fe96983642cd714b69c09c8
resnet,electrode,43,bandpass_n20003_cLA_V6_covariance_s15,phase2/results/predictions/full/electrode/resnet/seed_43/bandpass_n20003_cLA_V6_covariance_s15.npz,76425,dd9c16c5ed429092165abee7fa5518800167ed464b04c3ab184f4985bd217e92
resnet,electrode,43,bandpass_n20003_cLA_V6_covariance_s10,phase2/results/predictions/full/electrode/resnet/seed_43/bandpass_n20003_cLA_V6_covariance_s10.npz,76363,32dee65bc0532e6fb3546fbf05829c36e43fc361ace9c1980c8e8206220aa703
resnet,electrode,43,bandpass_n20003_cLA_V6_covariance_s5,phase2/results/predictions/full/electrode/resnet/seed_43/bandpass_n20003_cLA_V6_covariance_s5.npz,76223,f760b21acb423c7acc5e9c791793fac26339ed318201b9f44e0d853a9e5c87d0
resnet,electrode,43,bandpass_n20003_cLA_V6_covariance_s0,phase2/results/predictions/full/electrode/resnet/seed_43/bandpass_n20003_cLA_V6_covariance_s0.npz,75780,95bba64fa7419c74d7a4c7d610004ee52a066850e1043f891cfbdc780b16e5ae
resnet,electrode,43,bandpass_n20003_cLL_V4_independent_rms_s20,phase2/results/predictions/full/electrode/resnet/seed_43/bandpass_n20003_cLL_V4_independent_rms_s20.npz,76386,ffe54415a6da2081b6d805df069882671252cb9716f4dc254dadc9e13768bb5b
resnet,electrode,43,bandpass_n20003_cLL_V4_independent_rms_s15,phase2/results/predictions/full/electrode/resnet/seed_43/bandpass_n20003_cLL_V4_independent_rms_s15.npz,76389,d234bf3c804fcae67d11e490e2be33f80def6994cd82706c010d7730256e341a
resnet,electrode,43,bandpass_n20003_cLL_V4_independent_rms_s10,phase2/results/predictions/full/electrode/resnet/seed_43/bandpass_n20003_cLL_V4_independent_rms_s10.npz,76346,b68c0ddb5c2421da853af15d9ec05cd8521af86e710b576423c9c38fae993768
resnet,electrode,43,bandpass_n20003_cLL_V4_independent_rms_s5,phase2/results/predictions/full/electrode/resnet/seed_43/bandpass_n20003_cLL_V4_independent_rms_s5.npz,76238,65b2ea8a9a3871e6690296775b5d006f6695afe762153f2cc79b50c3a563618d
resnet,electrode,43,bandpass_n20003_cLL_V4_independent_rms_s0,phase2/results/predictions/full/electrode/resnet/seed_43/bandpass_n20003_cLL_V4_independent_rms_s0.npz,75903,5cd50ab71a6fe5edd2d5122c971c0102886c00f6886acbfe1a49898c376f2554
resnet,electrode,43,bandpass_n20003_cLL_V4_electrode_s20,phase2/results/predictions/full/electrode/resnet/seed_43/bandpass_n20003_cLL_V4_electrode_s20.npz,76400,685162949ed7af04538c71a6caafa05c46af1500ca9403e307f1008e15de4de2
resnet,electrode,43,bandpass_n20003_cLL_V4_electrode_s15,phase2/results/predictions/full/electrode/resnet/seed_43/bandpass_n20003_cLL_V4_electrode_s15.npz,76386,e7ff375e2d6cbca2ebdcee7b3ad41b590786a66c5159416f37a9c9a4ef6de998
resnet,electrode,43,bandpass_n20003_cLL_V4_electrode_s10,phase2/results/predictions/full/electrode/resnet/seed_43/bandpass_n20003_cLL_V4_electrode_s10.npz,76309,fddb4739beeedbd99b3e0d497429db2d167260d84f11ae51372d4c90c269c755
resnet,electrode,43,bandpass_n20003_cLL_V4_electrode_s5,phase2/results/predictions/full/electrode/resnet/seed_43/bandpass_n20003_cLL_V4_electrode_s5.npz,76144,7cd43fd57df7838a54ad3d56086d122196f8c26e3fce895edf5e7021cfe0da18
resnet,electrode,43,bandpass_n20003_cLL_V4_electrode_s0,phase2/results/predictions/full/electrode/resnet/seed_43/bandpass_n20003_cLL_V4_electrode_s0.npz,75686,fe50789ea9ac60b81fbaf4d22c30008125f06a247ae738e651b97c2381c7e783
resnet,electrode,43,bandpass_n20003_cLL_V4_covariance_s20,phase2/results/predictions/full/electrode/resnet/seed_43/bandpass_n20003_cLL_V4_covariance_s20.npz,76409,72e95655b22b06af2e359931510a124f2b195a7eb0405a4e446e51b7950dc7c2
resnet,electrode,43,bandpass_n20003_cLL_V4_covariance_s15,phase2/results/predictions/full/electrode/resnet/seed_43/bandpass_n20003_cLL_V4_covariance_s15.npz,76366,9e348100b37005ba9e3401c76cfa7fc844e9459d14a7130b16234be3947501a0
resnet,electrode,43,bandpass_n20003_cLL_V4_covariance_s10,phase2/results/predictions/full/electrode/resnet/seed_43/bandpass_n20003_cLL_V4_covariance_s10.npz,76335,9ae6c50e0e4ba2adb7a176846efcf3fcbcfaf24707b604dacb07cdd75cd5d089
resnet,electrode,43,bandpass_n20003_cLL_V4_covariance_s5,phase2/results/predictions/full/electrode/resnet/seed_43/bandpass_n20003_cLL_V4_covariance_s5.npz,76125,f76970bdff5f1593102fe08b2d9490b0a5e1d2bcb1c23cf08788480c997b3fa2
resnet,electrode,43,bandpass_n20003_cLL_V4_covariance_s0,phase2/results/predictions/full/electrode/resnet/seed_43/bandpass_n20003_cLL_V4_covariance_s0.npz,75716,996bf8f47f673e46de9a2f9c4e723a21ad910f292e3ae1feba8d9837bb4b0bb9
resnet,electrode,43,bandpass_n20003_cRA_LA_V1_V6_independent_rms_s20,phase2/results/predictions/full/electrode/resnet/seed_43/bandpass_n20003_cRA_LA_V1_V6_independent_rms_s20.npz,76403,5ef14835e0e5997edd743927c636e9216526cc19338f7c4988a69bee171cd009
resnet,electrode,43,bandpass_n20003_cRA_LA_V1_V6_independent_rms_s15,phase2/results/predictions/full/electrode/resnet/seed_43/bandpass_n20003_cRA_LA_V1_V6_independent_rms_s15.npz,76426,0a6d12f217496dfe0628487e6e69cf4f2d856610d89ce3848b32040272e72548
resnet,electrode,43,bandpass_n20003_cRA_LA_V1_V6_independent_rms_s10,phase2/results/predictions/full/electrode/resnet/seed_43/bandpass_n20003_cRA_LA_V1_V6_independent_rms_s10.npz,76397,7d386944c0c92b0f2f94f9ef762d1523066f1d49070dea40c5c6ce6774de541a
resnet,electrode,43,bandpass_n20003_cRA_LA_V1_V6_independent_rms_s5,phase2/results/predictions/full/electrode/resnet/seed_43/bandpass_n20003_cRA_LA_V1_V6_independent_rms_s5.npz,76262,e30b6056346ef97a1c7e324f7a8b31936ddc56ff9afda0b5fa0c47e53cd720ff
resnet,electrode,43,bandpass_n20003_cRA_LA_V1_V6_independent_rms_s0,phase2/results/predictions/full/electrode/resnet/seed_43/bandpass_n20003_cRA_LA_V1_V6_independent_rms_s0.npz,75950,f3efa623b15ca96c1aea9f5b19a1ac63c0a4db22316b2d544a84ce99f27116fd
resnet,electrode,43,bandpass_n20003_cRA_LA_V1_V6_electrode_s20,phase2/results/predictions/full/electrode/resnet/seed_43/bandpass_n20003_cRA_LA_V1_V6_electrode_s20.npz,76363,924e36d1e1b4f6d5eff6b6072c9582fb552874e13d4d08425dadc7d5ef5ff069
resnet,electrode,43,bandpass_n20003_cRA_LA_V1_V6_electrode_s15,phase2/results/predictions/full/electrode/resnet/seed_43/bandpass_n20003_cRA_LA_V1_V6_electrode_s15.npz,76390,1d0796dd5269e800d59d1bf80e6bacbcb7e28c2f6d45ab1c04713a8ac8b82241
resnet,electrode,43,bandpass_n20003_cRA_LA_V1_V6_electrode_s10,phase2/results/predictions/full/electrode/resnet/seed_43/bandpass_n20003_cRA_LA_V1_V6_electrode_s10.npz,76338,3ea6d37d62dd49e78ecee8ceefadb57ead7b7d7174cae178615e1c475024c57f
resnet,electrode,43,bandpass_n20003_cRA_LA_V1_V6_electrode_s5,phase2/results/predictions/full/electrode/resnet/seed_43/bandpass_n20003_cRA_LA_V1_V6_electrode_s5.npz,76176,ed686b4d5825f5462464798da2650188d6c44afd1731b784e14fa1de2a1ed47b
resnet,electrode,43,bandpass_n20003_cRA_LA_V1_V6_electrode_s0,phase2/results/predictions/full/electrode/resnet/seed_43/bandpass_n20003_cRA_LA_V1_V6_electrode_s0.npz,75719,1d9b0d423045bcc811917ba45d533e66c2253cb33405225913560ee2497be490
resnet,electrode,43,bandpass_n20003_cRA_LA_V1_V6_covariance_s20,phase2/results/predictions/full/electrode/resnet/seed_43/bandpass_n20003_cRA_LA_V1_V6_covariance_s20.npz,76400,bc0fa1364b9fc52f961b920d28167960a81945167b6c1131eba80ded79aa3872
resnet,electrode,43,bandpass_n20003_cRA_LA_V1_V6_covariance_s15,phase2/results/predictions/full/electrode/resnet/seed_43/bandpass_n20003_cRA_LA_V1_V6_covariance_s15.npz,76413,d13b60d3424772cc1903edecb3173ae503f55612b5d76e46830fb5be9e42ec29
resnet,electrode,43,bandpass_n20003_cRA_LA_V1_V6_covariance_s10,phase2/results/predictions/full/electrode/resnet/seed_43/bandpass_n20003_cRA_LA_V1_V6_covariance_s10.npz,76342,cf347acb951502910c2ee43b55d14c69115cf52c2b8092727e6608b4592ffdfe
resnet,electrode,43,bandpass_n20003_cRA_LA_V1_V6_covariance_s5,phase2/results/predictions/full/electrode/resnet/seed_43/bandpass_n20003_cRA_LA_V1_V6_covariance_s5.npz,76156,d45a837ab9b38aafd0b173217cde5f6a2999d5463d41582773975372a194d3c4
resnet,electrode,43,bandpass_n20003_cRA_LA_V1_V6_covariance_s0,phase2/results/predictions/full/electrode/resnet/seed_43/bandpass_n20003_cRA_LA_V1_V6_covariance_s0.npz,75776,0919fee01beafc8ca865255ae9cba0b949794c1652bb3d943517b84cbd9bb93b
resnet,electrode,43,bandpass_n20003_cRA_V2_V5_independent_rms_s20,phase2/results/predictions/full/electrode/resnet/seed_43/bandpass_n20003_cRA_V2_V5_independent_rms_s20.npz,76401,e08708c222dc23c2e719c2177332b1ec2d7521f66586c0b7f247e005693a3790
resnet,electrode,43,bandpass_n20003_cRA_V2_V5_independent_rms_s15,phase2/results/predictions/full/electrode/resnet/seed_43/bandpass_n20003_cRA_V2_V5_independent_rms_s15.npz,76417,409d29e3fbfd2f224a533be4377744bd1a711d26428de14c32dd73babfbc67a5
resnet,electrode,43,bandpass_n20003_cRA_V2_V5_independent_rms_s10,phase2/results/predictions/full/electrode/resnet/seed_43/bandpass_n20003_cRA_V2_V5_independent_rms_s10.npz,76379,31d5c15a65a0a52e3379279a383b6c8a685df76d039e88b87a983f7406047d82
resnet,electrode,43,bandpass_n20003_cRA_V2_V5_independent_rms_s5,phase2/results/predictions/full/electrode/resnet/seed_43/bandpass_n20003_cRA_V2_V5_independent_rms_s5.npz,76295,f122cc0c471ccd098eeb1cc498db99acbe896c72303547c9a7d3bab460621851
resnet,electrode,43,bandpass_n20003_cRA_V2_V5_independent_rms_s0,phase2/results/predictions/full/electrode/resnet/seed_43/bandpass_n20003_cRA_V2_V5_independent_rms_s0.npz,75946,1746a492e9d32257610d8e5ffdab67b84527acf9a8b5dd12e06aa8df90266425
resnet,electrode,43,bandpass_n20003_cRA_V2_V5_electrode_s20,phase2/results/predictions/full/electrode/resnet/seed_43/bandpass_n20003_cRA_V2_V5_electrode_s20.npz,76371,f161fd38d567aac6d59d2da77259d45e984b9b914b0e60bb939f49d18f1f855f
resnet,electrode,43,bandpass_n20003_cRA_V2_V5_electrode_s15,phase2/results/predictions/full/electrode/resnet/seed_43/bandpass_n20003_cRA_V2_V5_electrode_s15.npz,76392,c8640e85418c554bf8c69083af836c5a88c85100bbc6cbfb30c6b88199255d84
resnet,electrode,43,bandpass_n20003_cRA_V2_V5_electrode_s10,phase2/results/predictions/full/electrode/resnet/seed_43/bandpass_n20003_cRA_V2_V5_electrode_s10.npz,76343,9ed758af84287217dae1cca864bca2f6a1fa7c97dedbe75c8879d4637ba28b68
resnet,electrode,43,bandpass_n20003_cRA_V2_V5_electrode_s5,phase2/results/predictions/full/electrode/resnet/seed_43/bandpass_n20003_cRA_V2_V5_electrode_s5.npz,76142,29263053a735892adcf1596beb9e6cf4cfe2ceef169a1d31722eac7207951d4e
resnet,electrode,43,bandpass_n20003_cRA_V2_V5_electrode_s0,phase2/results/predictions/full/electrode/resnet/seed_43/bandpass_n20003_cRA_V2_V5_electrode_s0.npz,75829,a27685f403ab29a3ced1f3ed96221fc25c0054f8f09932b00fd986335a447c06
resnet,electrode,43,bandpass_n20003_cRA_V2_V5_covariance_s20,phase2/results/predictions/full/electrode/resnet/seed_43/bandpass_n20003_cRA_V2_V5_covariance_s20.npz,76420,227bd5819e47be1fb8a0a85fdb31e4e2e2684ae6e7e8ebcc45e799cca61a5857
resnet,electrode,43,bandpass_n20003_cRA_V2_V5_covariance_s15,phase2/results/predictions/full/electrode/resnet/seed_43/bandpass_n20003_cRA_V2_V5_covariance_s15.npz,76434,795e738c1a389074a218869d1ad399b3b08441b0e4689970ee0813abc8d300ef
resnet,electrode,43,bandpass_n20003_cRA_V2_V5_covariance_s10,phase2/results/predictions/full/electrode/resnet/seed_43/bandpass_n20003_cRA_V2_V5_covariance_s10.npz,76319,d1144939512249e72da5d69e541c6ab1d1198126a76261cd1e90cf011f9a9046
resnet,electrode,43,bandpass_n20003_cRA_V2_V5_covariance_s5,phase2/results/predictions/full/electrode/resnet/seed_43/bandpass_n20003_cRA_V2_V5_covariance_s5.npz,76174,ffec0a77e6b9aba5e731cefb206c53b01a526de8839eb848805c791fe955b3ba
resnet,electrode,43,bandpass_n20003_cRA_V2_V5_covariance_s0,phase2/results/predictions/full/electrode/resnet/seed_43/bandpass_n20003_cRA_V2_V5_covariance_s0.npz,75820,39ef3ded76d27a3056100bfc923498b7ff9ac1d9ff074bb846dd6051a898e35a
resnet,electrode,43,bandpass_n20003_cLA_V3_V6_independent_rms_s20,phase2/results/predictions/full/electrode/resnet/seed_43/bandpass_n20003_cLA_V3_V6_independent_rms_s20.npz,76414,15bfef3e13833033d5aa9cd5d83a12bee3d7ce4348c3fed6880461121a5c81fd
resnet,electrode,43,bandpass_n20003_cLA_V3_V6_independent_rms_s15,phase2/results/predictions/full/electrode/resnet/seed_43/bandpass_n20003_cLA_V3_V6_independent_rms_s15.npz,76412,26c6fd67eba44934c2af15ae330e64d45c4ec4135cf00c7a1840278f875a2fe0
resnet,electrode,43,bandpass_n20003_cLA_V3_V6_independent_rms_s10,phase2/results/predictions/full/electrode/resnet/seed_43/bandpass_n20003_cLA_V3_V6_independent_rms_s10.npz,76363,303bf7ad670b626719a15ed85e4a55815b8c75fb905d5006100c43520be2f335
resnet,electrode,43,bandpass_n20003_cLA_V3_V6_independent_rms_s5,phase2/results/predictions/full/electrode/resnet/seed_43/bandpass_n20003_cLA_V3_V6_independent_rms_s5.npz,76300,ab5944ba8875cc4aafb61c5e33e32970ad2c3346b8acecddd8480ed28f225781
resnet,electrode,43,bandpass_n20003_cLA_V3_V6_independent_rms_s0,phase2/results/predictions/full/electrode/resnet/seed_43/bandpass_n20003_cLA_V3_V6_independent_rms_s0.npz,75977,632dbfe339abb16652a325ecee8d214558253d316a9181266f91381e60f33e7d
resnet,electrode,43,bandpass_n20003_cLA_V3_V6_electrode_s20,phase2/results/predictions/full/electrode/resnet/seed_43/bandpass_n20003_cLA_V3_V6_electrode_s20.npz,76375,93ddffd004734023c4cd9045cbfd27a819f60b506c56f24beb35f51221d6b7d3
resnet,electrode,43,bandpass_n20003_cLA_V3_V6_electrode_s15,phase2/results/predictions/full/electrode/resnet/seed_43/bandpass_n20003_cLA_V3_V6_electrode_s15.npz,76386,2698c26264f059cae1a5fb0a494400cbab4f0782564ecf456fa3db9b140843cc
resnet,electrode,43,bandpass_n20003_cLA_V3_V6_electrode_s10,phase2/results/predictions/full/electrode/resnet/seed_43/bandpass_n20003_cLA_V3_V6_electrode_s10.npz,76352,8a5532cb7abc6fbbbd4876b2f6961c02d86db10a5c463c1ec93fa35f8b9ba008
resnet,electrode,43,bandpass_n20003_cLA_V3_V6_electrode_s5,phase2/results/predictions/full/electrode/resnet/seed_43/bandpass_n20003_cLA_V3_V6_electrode_s5.npz,76242,765458e61ab59cf45a4f205dc5cec08a2c8079062b184d742fea97367080ad54
resnet,electrode,43,bandpass_n20003_cLA_V3_V6_electrode_s0,phase2/results/predictions/full/electrode/resnet/seed_43/bandpass_n20003_cLA_V3_V6_electrode_s0.npz,75840,18b19cb648fae567ef3da629ee98a3264ecbc64a05eeda451b7bf5b0be50230f
resnet,electrode,43,bandpass_n20003_cLA_V3_V6_covariance_s20,phase2/results/predictions/full/electrode/resnet/seed_43/bandpass_n20003_cLA_V3_V6_covariance_s20.npz,76391,449fb790a53c43bfa50fd6cbd8e840f61e60f6ae9e1cbdafa2dbc57c864a790c
resnet,electrode,43,bandpass_n20003_cLA_V3_V6_covariance_s15,phase2/results/predictions/full/electrode/resnet/seed_43/bandpass_n20003_cLA_V3_V6_covariance_s15.npz,76406,b57a544d75eeff6fc87e63533ed0bc8a754b4ab651ce1e98a534bf8bdc6cdb35
resnet,electrode,43,bandpass_n20003_cLA_V3_V6_covariance_s10,phase2/results/predictions/full/electrode/resnet/seed_43/bandpass_n20003_cLA_V3_V6_covariance_s10.npz,76378,b4d819398c70487a92d0963049152fc1d11f5f5fcbf124199642d4c230c3dda0
resnet,electrode,43,bandpass_n20003_cLA_V3_V6_covariance_s5,phase2/results/predictions/full/electrode/resnet/seed_43/bandpass_n20003_cLA_V3_V6_covariance_s5.npz,76229,df4ddd604a0c7a7a2a66e504ac0a6d07f2b82df1c95c78232d798f75b3b60175
resnet,electrode,43,bandpass_n20003_cLA_V3_V6_covariance_s0,phase2/results/predictions/full/electrode/resnet/seed_43/bandpass_n20003_cLA_V3_V6_covariance_s0.npz,75863,f5d6bae6980b35a6e329a1d417826defadebf45553c8ea6a79245bedf2621287
resnet,electrode,43,bandpass_n20003_cLL_V1_V4_independent_rms_s20,phase2/results/predictions/full/electrode/resnet/seed_43/bandpass_n20003_cLL_V1_V4_independent_rms_s20.npz,76377,9a4ef56f040340696e27abb378cba0dcd02b0edcce1c3753a5fe532d05096a1b
resnet,electrode,43,bandpass_n20003_cLL_V1_V4_independent_rms_s15,phase2/results/predictions/full/electrode/resnet/seed_43/bandpass_n20003_cLL_V1_V4_independent_rms_s15.npz,76420,97c59d501dde4a3757e9b3a6b242f4b7f941c79143d803eb082b7f804dd8f668
resnet,electrode,43,bandpass_n20003_cLL_V1_V4_independent_rms_s10,phase2/results/predictions/full/electrode/resnet/seed_43/bandpass_n20003_cLL_V1_V4_independent_rms_s10.npz,76359,a19d7cbc0b82322c78eb4401f58c5c7daee38ffcb2ec4e3dfe8703178df45914
resnet,electrode,43,bandpass_n20003_cLL_V1_V4_independent_rms_s5,phase2/results/predictions/full/electrode/resnet/seed_43/bandpass_n20003_cLL_V1_V4_independent_rms_s5.npz,76242,02e78eb63f371a15426b34f2faf6f609ba56ae14a957c444982792268667259b
resnet,electrode,43,bandpass_n20003_cLL_V1_V4_independent_rms_s0,phase2/results/predictions/full/electrode/resnet/seed_43/bandpass_n20003_cLL_V1_V4_independent_rms_s0.npz,75907,eab146d48ca85a6b5703b1d68ae284b8129d8f19c5c86e664cb0e2b8d8eb88cf
resnet,electrode,43,bandpass_n20003_cLL_V1_V4_electrode_s20,phase2/results/predictions/full/electrode/resnet/seed_43/bandpass_n20003_cLL_V1_V4_electrode_s20.npz,76402,33e3e8f1ff1fa3be47879da476c167e059c0b95c7a3bc1fe076bf33025d36bdd
resnet,electrode,43,bandpass_n20003_cLL_V1_V4_electrode_s15,phase2/results/predictions/full/electrode/resnet/seed_43/bandpass_n20003_cLL_V1_V4_electrode_s15.npz,76398,0b6343f624f198c1acdcb263d2ee70b216a1491ac278cf0e577618163137d54c
resnet,electrode,43,bandpass_n20003_cLL_V1_V4_electrode_s10,phase2/results/predictions/full/electrode/resnet/seed_43/bandpass_n20003_cLL_V1_V4_electrode_s10.npz,76305,72f98d30d7152e862b891b7d4fa9f889b3fa6bc2c33dde62ec914f4246611710
resnet,electrode,43,bandpass_n20003_cLL_V1_V4_electrode_s5,phase2/results/predictions/full/electrode/resnet/seed_43/bandpass_n20003_cLL_V1_V4_electrode_s5.npz,76131,6baf2ff789e6f9c3e208c6a1aec1db24df9d2783901f7468f039915320868d5d
resnet,electrode,43,bandpass_n20003_cLL_V1_V4_electrode_s0,phase2/results/predictions/full/electrode/resnet/seed_43/bandpass_n20003_cLL_V1_V4_electrode_s0.npz,75716,6f132585ef023f86598a86ce3e27f56ad17e11cf8b811043f66b52396dad263a
resnet,electrode,43,bandpass_n20003_cLL_V1_V4_covariance_s20,phase2/results/predictions/full/electrode/resnet/seed_43/bandpass_n20003_cLL_V1_V4_covariance_s20.npz,76411,adad6156acd14c421ed4de5987bb848e51603448ca9a4f72f1e59f6d103529ab
resnet,electrode,43,bandpass_n20003_cLL_V1_V4_covariance_s15,phase2/results/predictions/full/electrode/resnet/seed_43/bandpass_n20003_cLL_V1_V4_covariance_s15.npz,76411,c5142e5b91701efd3396a8ea9a532f69d875bc867e4078e4b4628fdbdbb9b5dd
resnet,electrode,43,bandpass_n20003_cLL_V1_V4_covariance_s10,phase2/results/predictions/full/electrode/resnet/seed_43/bandpass_n20003_cLL_V1_V4_covariance_s10.npz,76324,7d3f0e44db048f1cad56d58dadfc4a8b7e84d1e824a57f085576d5fbe64cc0c3
resnet,electrode,43,bandpass_n20003_cLL_V1_V4_covariance_s5,phase2/results/predictions/full/electrode/resnet/seed_43/bandpass_n20003_cLL_V1_V4_covariance_s5.npz,76126,a66fc6ba78789bcec3bc49b732232deb57a5069b9555a977fcb046b925ff23d9
resnet,electrode,43,bandpass_n20003_cLL_V1_V4_covariance_s0,phase2/results/predictions/full/electrode/resnet/seed_43/bandpass_n20003_cLL_V1_V4_covariance_s0.npz,75692,a8ec5d28602e78d1951d4d42e127918e1e39b833074d664d142d451be1d77e56
resnet,electrode,43,bandpass_n20003_call_independent_rms_s20,phase2/results/predictions/full/electrode/resnet/seed_43/bandpass_n20003_call_independent_rms_s20.npz,76394,5eb16aa0907f417457cf5807ed271ee5a7989d4a436355b627f6c9f94795c9c4
resnet,electrode,43,bandpass_n20003_call_independent_rms_s15,phase2/results/predictions/full/electrode/resnet/seed_43/bandpass_n20003_call_independent_rms_s15.npz,76386,c9b8a7268e99689d1407c801cc3987be458f5417b084b9cb44784f9a9cc2d9fe
resnet,electrode,43,bandpass_n20003_call_independent_rms_s10,phase2/results/predictions/full/electrode/resnet/seed_43/bandpass_n20003_call_independent_rms_s10.npz,76365,67d3019a695003b5b93829387c6a74533351076a00c83a2030baa8e7ee3dd8e9
resnet,electrode,43,bandpass_n20003_call_independent_rms_s5,phase2/results/predictions/full/electrode/resnet/seed_43/bandpass_n20003_call_independent_rms_s5.npz,76234,a8fecc824109dde57f0490671d0f2d23aaabf9efcb5738ae6d3efffd8840dc46
resnet,electrode,43,bandpass_n20003_call_independent_rms_s0,phase2/results/predictions/full/electrode/resnet/seed_43/bandpass_n20003_call_independent_rms_s0.npz,75934,cc5c4b6e2669574bff0943b2febc4960ff7113322431a75fa8a4e294ab9edd16
resnet,electrode,43,bandpass_n20003_call_electrode_s20,phase2/results/predictions/full/electrode/resnet/seed_43/bandpass_n20003_call_electrode_s20.npz,76350,c1e1f2cf07ba1577c1269f124f75a9bebb21132f0141c219a2c173ebc1e5220e
resnet,electrode,43,bandpass_n20003_call_electrode_s15,phase2/results/predictions/full/electrode/resnet/seed_43/bandpass_n20003_call_electrode_s15.npz,76336,3dc7f089cd37ec3d84052d97f5369951544dd38f9fd7b074d9d346be3f7748b5
resnet,electrode,43,bandpass_n20003_call_electrode_s10,phase2/results/predictions/full/electrode/resnet/seed_43/bandpass_n20003_call_electrode_s10.npz,76307,952fbbe2c00b9e9476afa9c29ba8dc5736bfb9953c3d4df7b01f8f65aabd99d6
resnet,electrode,43,bandpass_n20003_call_electrode_s5,phase2/results/predictions/full/electrode/resnet/seed_43/bandpass_n20003_call_electrode_s5.npz,76157,dc417503476e104cac5df20bd97905407385fc4b1538edcbe7c2c7afb011c99b
resnet,electrode,43,bandpass_n20003_call_electrode_s0,phase2/results/predictions/full/electrode/resnet/seed_43/bandpass_n20003_call_electrode_s0.npz,75731,dca9b39b2a1d8f2bca031bb16b8580345f93a13287d2705f8c9342f0ab015207
resnet,electrode,43,bandpass_n20003_call_covariance_s20,phase2/results/predictions/full/electrode/resnet/seed_43/bandpass_n20003_call_covariance_s20.npz,76354,a4142b38607abf125964648a013a0d2b06cb8943e94f5d4bc96e4e485f8ed022
resnet,electrode,43,bandpass_n20003_call_covariance_s15,phase2/results/predictions/full/electrode/resnet/seed_43/bandpass_n20003_call_covariance_s15.npz,76377,daa20b3760dedca66fbafc016cf5f31e3cb3938ada37554f022e2f5b0910071d
resnet,electrode,43,bandpass_n20003_call_covariance_s10,phase2/results/predictions/full/electrode/resnet/seed_43/bandpass_n20003_call_covariance_s10.npz,76347,b446a1472b8b52b346b278c433ea7a729277f7908a6a4f1bea8a51da76a6921d
resnet,electrode,43,bandpass_n20003_call_covariance_s5,phase2/results/predictions/full/electrode/resnet/seed_43/bandpass_n20003_call_covariance_s5.npz,76141,976873f0456fdeaf4578c95fb39d2d86cf1f2a7a0dff303a3161e70e8fd78861
resnet,electrode,43,bandpass_n20003_call_covariance_s0,phase2/results/predictions/full/electrode/resnet/seed_43/bandpass_n20003_call_covariance_s0.npz,75715,cf6c4c832bd1b63976a944d9a3d176fc2df54c9eb42a12390c5650fd35444c07
resnet,electrode,43,bandpass_n20004_cRA_LA_LL_independent_rms_s20,phase2/results/predictions/full/electrode/resnet/seed_43/bandpass_n20004_cRA_LA_LL_independent_rms_s20.npz,76398,8f412bed87fc62af8496d79fdaa669fb546f1ef5682ee4d8b6c866100733c90e
resnet,electrode,43,bandpass_n20004_cRA_LA_LL_independent_rms_s15,phase2/results/predictions/full/electrode/resnet/seed_43/bandpass_n20004_cRA_LA_LL_independent_rms_s15.npz,76396,dbc2f2d5332d556687346a73c092bf083de4fd596a5fe4ffec8e79eb7c10f92e
resnet,electrode,43,bandpass_n20004_cRA_LA_LL_independent_rms_s10,phase2/results/predictions/full/electrode/resnet/seed_43/bandpass_n20004_cRA_LA_LL_independent_rms_s10.npz,76392,a6697130b9d84c02740224cd6a5b6fc06a534dd858d87896718bbb56cbe646c8
resnet,electrode,43,bandpass_n20004_cRA_LA_LL_independent_rms_s5,phase2/results/predictions/full/electrode/resnet/seed_43/bandpass_n20004_cRA_LA_LL_independent_rms_s5.npz,76221,6ff52507ce741f6bbf7dd056bd9a6120841220270af1cc96eeef9ee977e31aa5
resnet,electrode,43,bandpass_n20004_cRA_LA_LL_independent_rms_s0,phase2/results/predictions/full/electrode/resnet/seed_43/bandpass_n20004_cRA_LA_LL_independent_rms_s0.npz,75859,7806bf7bab231cdc605cbcb58ef7f5cdbb35d20f69f6b1388733a2ccbd475903
resnet,electrode,43,bandpass_n20004_cRA_LA_LL_electrode_s20,phase2/results/predictions/full/electrode/resnet/seed_43/bandpass_n20004_cRA_LA_LL_electrode_s20.npz,76395,8cef488ab8d79dd708c983baa59294a43bbcb9809ee7086fc7d183d63bb4436f
resnet,electrode,43,bandpass_n20004_cRA_LA_LL_electrode_s15,phase2/results/predictions/full/electrode/resnet/seed_43/bandpass_n20004_cRA_LA_LL_electrode_s15.npz,76377,da2c9198401a3c2cb80ce74ebcc20ebb55bd3d3a95c5d4b6a1aab2dd5f13edb6
resnet,electrode,43,bandpass_n20004_cRA_LA_LL_electrode_s10,phase2/results/predictions/full/electrode/resnet/seed_43/bandpass_n20004_cRA_LA_LL_electrode_s10.npz,76331,bacc72f93595ac616e85c0cdd0bb32d9afbc17c8662ba5210f23968f7c19248b
resnet,electrode,43,bandpass_n20004_cRA_LA_LL_electrode_s5,phase2/results/predictions/full/electrode/resnet/seed_43/bandpass_n20004_cRA_LA_LL_electrode_s5.npz,76123,a021d1bd08ac2353eef5c0523e664267b5e6a4f7fc101fe1144832a439bacafd
resnet,electrode,43,bandpass_n20004_cRA_LA_LL_electrode_s0,phase2/results/predictions/full/electrode/resnet/seed_43/bandpass_n20004_cRA_LA_LL_electrode_s0.npz,75701,d8fcfb0269e961a6d4ce26dda51484e8e71fd98703bc81f40da8a62562bea59e
resnet,electrode,43,bandpass_n20004_cRA_LA_LL_covariance_s20,phase2/results/predictions/full/electrode/resnet/seed_43/bandpass_n20004_cRA_LA_LL_covariance_s20.npz,76406,f6ca4d555c97856d81d16fbb58e8c32220265de0ce0e06fe8aa9c74fdca53dd3
resnet,electrode,43,bandpass_n20004_cRA_LA_LL_covariance_s15,phase2/results/predictions/full/electrode/resnet/seed_43/bandpass_n20004_cRA_LA_LL_covariance_s15.npz,76374,b9f92d77da5f500c92fc25246cc7d3d877aa692b9ee3b8639809a4aea345c446
resnet,electrode,43,bandpass_n20004_cRA_LA_LL_covariance_s10,phase2/results/predictions/full/electrode/resnet/seed_43/bandpass_n20004_cRA_LA_LL_covariance_s10.npz,76298,7d572e055de685f7ce5b86b27a617379dc7f37ee90c4aa5e9d52b64b381f4acd
resnet,electrode,43,bandpass_n20004_cRA_LA_LL_covariance_s5,phase2/results/predictions/full/electrode/resnet/seed_43/bandpass_n20004_cRA_LA_LL_covariance_s5.npz,76107,4d316d3b982f2965ea958b9bbfe109b8af61be25156b9a21dab3fe0887d81041
resnet,electrode,43,bandpass_n20004_cRA_LA_LL_covariance_s0,phase2/results/predictions/full/electrode/resnet/seed_43/bandpass_n20004_cRA_LA_LL_covariance_s0.npz,75665,bcabb4a86d9a42beb08d3fa806c568e5632cd060307d9eb2a1240707f1d8f720
resnet,electrode,43,bandpass_n20004_cV1_independent_rms_s20,phase2/results/predictions/full/electrode/resnet/seed_43/bandpass_n20004_cV1_independent_rms_s20.npz,76423,1d784d6a8d576dc090919a43fdd71313924ab2c3c42b42de27e7917b16b14285
resnet,electrode,43,bandpass_n20004_cV1_independent_rms_s15,phase2/results/predictions/full/electrode/resnet/seed_43/bandpass_n20004_cV1_independent_rms_s15.npz,76379,22dd77ad67c142c5b0cf47edda92a94f4bee0854183f28dab49d78ad833b5928
resnet,electrode,43,bandpass_n20004_cV1_independent_rms_s10,phase2/results/predictions/full/electrode/resnet/seed_43/bandpass_n20004_cV1_independent_rms_s10.npz,76318,6456bd211278f17361a81e4a8954ef8bf3ec386fe2334d57729ae23e1bcc045a
resnet,electrode,43,bandpass_n20004_cV1_independent_rms_s5,phase2/results/predictions/full/electrode/resnet/seed_43/bandpass_n20004_cV1_independent_rms_s5.npz,76141,75aa6dc5954f92cae5acecf6b50bf974650f82d2c4ef004e0d63463807df5580
resnet,electrode,43,bandpass_n20004_cV1_independent_rms_s0,phase2/results/predictions/full/electrode/resnet/seed_43/bandpass_n20004_cV1_independent_rms_s0.npz,75651,c46b56f4ec4800ac728b97ebf1eb01c8111874f3841b3ce5ca44b79347ffac1d
resnet,electrode,43,bandpass_n20004_cV1_electrode_s20,phase2/results/predictions/full/electrode/resnet/seed_43/bandpass_n20004_cV1_electrode_s20.npz,76344,b33065ebc3191c73ce477853707be914c713bdf075ca10fddd02a5011c047f92
resnet,electrode,43,bandpass_n20004_cV1_electrode_s15,phase2/results/predictions/full/electrode/resnet/seed_43/bandpass_n20004_cV1_electrode_s15.npz,76354,362b01b44595562c0352a21b2c03d03c75ce09a4c89c78a8820520eb4153329c
resnet,electrode,43,bandpass_n20004_cV1_electrode_s10,phase2/results/predictions/full/electrode/resnet/seed_43/bandpass_n20004_cV1_electrode_s10.npz,76279,244db908753eef56b1ef31e2da7a83790e33be0b5f103eb3516edca846019bf7
resnet,electrode,43,bandpass_n20004_cV1_electrode_s5,phase2/results/predictions/full/electrode/resnet/seed_43/bandpass_n20004_cV1_electrode_s5.npz,76130,0a6235135d8e5971fb430f7738295281f533b9ae65f250b973d8260b9f6424b5
resnet,electrode,43,bandpass_n20004_cV1_electrode_s0,phase2/results/predictions/full/electrode/resnet/seed_43/bandpass_n20004_cV1_electrode_s0.npz,75674,f4708787cb16b635a6ec4bcc9bb606be5550f724bb39856affdc8b72455b46d9
resnet,electrode,43,bandpass_n20004_cV1_covariance_s20,phase2/results/predictions/full/electrode/resnet/seed_43/bandpass_n20004_cV1_covariance_s20.npz,76376,7ba1d35c14f18bc895581e2c748fef03ba745cb98174d03264c4c6c8ccfca881
resnet,electrode,43,bandpass_n20004_cV1_covariance_s15,phase2/results/predictions/full/electrode/resnet/seed_43/bandpass_n20004_cV1_covariance_s15.npz,76380,cf06083086a320a5d2998cce5209dbc36974eba9c1f5859c2ee947451d3251e7
resnet,electrode,43,bandpass_n20004_cV1_covariance_s10,phase2/results/predictions/full/electrode/resnet/seed_43/bandpass_n20004_cV1_covariance_s10.npz,76299,821894bdad33350eb280bcd6a17caf59539184cdedff82fa27727f5ade949e4e
resnet,electrode,43,bandpass_n20004_cV1_covariance_s5,phase2/results/predictions/full/electrode/resnet/seed_43/bandpass_n20004_cV1_covariance_s5.npz,76146,a3c521e83827e90ac8c90ac833340e336adc574c5246e3e55b3f9542b959faba
resnet,electrode,43,bandpass_n20004_cV1_covariance_s0,phase2/results/predictions/full/electrode/resnet/seed_43/bandpass_n20004_cV1_covariance_s0.npz,75659,9b408fac4f6438ecc4607bd99980249019a518f804d3097ecf0173228816f4e3
resnet,electrode,43,bandpass_n20004_cV2_independent_rms_s20,phase2/results/predictions/full/electrode/resnet/seed_43/bandpass_n20004_cV2_independent_rms_s20.npz,76403,e7460adf99533fad88043d70d19413fd11b735a4887631d27c3d4b63c7086c5b
resnet,electrode,43,bandpass_n20004_cV2_independent_rms_s15,phase2/results/predictions/full/electrode/resnet/seed_43/bandpass_n20004_cV2_independent_rms_s15.npz,76368,066764e25ced9d9248121043b806d0aec60ecd0871c170dbafed7f4e87f80587
resnet,electrode,43,bandpass_n20004_cV2_independent_rms_s10,phase2/results/predictions/full/electrode/resnet/seed_43/bandpass_n20004_cV2_independent_rms_s10.npz,76325,30dbbc05f6129efe6ac7790677dcb95768a3030eaa6aaaaf6a564d37bf86ad4a
resnet,electrode,43,bandpass_n20004_cV2_independent_rms_s5,phase2/results/predictions/full/electrode/resnet/seed_43/bandpass_n20004_cV2_independent_rms_s5.npz,76220,02b428f56a6818a4f5e182ec883da602fb8481797ea24b4bf47e28093a675c1e
resnet,electrode,43,bandpass_n20004_cV2_independent_rms_s0,phase2/results/predictions/full/electrode/resnet/seed_43/bandpass_n20004_cV2_independent_rms_s0.npz,75902,c5c33ec1955114cf17fe0528418d8ce6510a08e173c95bbc911127c764536ec5
resnet,electrode,43,bandpass_n20004_cV2_electrode_s20,phase2/results/predictions/full/electrode/resnet/seed_43/bandpass_n20004_cV2_electrode_s20.npz,76375,80e64467bd44f1bb7b72c99739d9e7077217272332b7965148d7d979fd301a32
resnet,electrode,43,bandpass_n20004_cV2_electrode_s15,phase2/results/predictions/full/electrode/resnet/seed_43/bandpass_n20004_cV2_electrode_s15.npz,76354,f1d4093e6428d4463cec5009c1b2270fdaf08bc1dd3c4d444ff2b3003be4f303
resnet,electrode,43,bandpass_n20004_cV2_electrode_s10,phase2/results/predictions/full/electrode/resnet/seed_43/bandpass_n20004_cV2_electrode_s10.npz,76289,e06730ea152b44c52d61233cc0adf614f7b4ad5502f208e8f3dde782e2924219
resnet,electrode,43,bandpass_n20004_cV2_electrode_s5,phase2/results/predictions/full/electrode/resnet/seed_43/bandpass_n20004_cV2_electrode_s5.npz,76188,d12c46379aacefdf364facd97522d049213bd0fefd2caf7b5ebeb033dbc124be
resnet,electrode,43,bandpass_n20004_cV2_electrode_s0,phase2/results/predictions/full/electrode/resnet/seed_43/bandpass_n20004_cV2_electrode_s0.npz,75845,2a1f48c9e61112702d8b86974c7875179bd7ee6abae76b6575164fea32d9bc97
resnet,electrode,43,bandpass_n20004_cV2_covariance_s20,phase2/results/predictions/full/electrode/resnet/seed_43/bandpass_n20004_cV2_covariance_s20.npz,76357,6a7104f87de92717c0bffce990e4fc9e08a6806bda77a614cde5f6878b4d29cb
resnet,electrode,43,bandpass_n20004_cV2_covariance_s15,phase2/results/predictions/full/electrode/resnet/seed_43/bandpass_n20004_cV2_covariance_s15.npz,76357,a9003fe96ac28ef386167cfd2af6434c62790c58bbef8aeb313185725276e168
resnet,electrode,43,bandpass_n20004_cV2_covariance_s10,phase2/results/predictions/full/electrode/resnet/seed_43/bandpass_n20004_cV2_covariance_s10.npz,76311,d922393cf5f4e4f31a3fbc64bef582840b7b55ee47f1f2ecc76c8c01754ddd9a
resnet,electrode,43,bandpass_n20004_cV2_covariance_s5,phase2/results/predictions/full/electrode/resnet/seed_43/bandpass_n20004_cV2_covariance_s5.npz,76178,36226b1d0993ad09ad3410111ca8ddcbde1d9ff1705708ff0d5f5213ec8ff9be
resnet,electrode,43,bandpass_n20004_cV2_covariance_s0,phase2/results/predictions/full/electrode/resnet/seed_43/bandpass_n20004_cV2_covariance_s0.npz,75866,5974a8919f34ef73a91f6f9978002efe1123d794a042398fafdd383c8536a13a
resnet,electrode,43,bandpass_n20004_cV3_independent_rms_s20,phase2/results/predictions/full/electrode/resnet/seed_43/bandpass_n20004_cV3_independent_rms_s20.npz,76381,e6a0ab8227fd77822a7b84a82fef4c433552c9bb32178daa5640b8cbe8ce4171
resnet,electrode,43,bandpass_n20004_cV3_independent_rms_s15,phase2/results/predictions/full/electrode/resnet/seed_43/bandpass_n20004_cV3_independent_rms_s15.npz,76405,6d31e2e9fd2116f348accb974b1d5c3581f4357467b84c74c811094973f8eec2
resnet,electrode,43,bandpass_n20004_cV3_independent_rms_s10,phase2/results/predictions/full/electrode/resnet/seed_43/bandpass_n20004_cV3_independent_rms_s10.npz,76421,557e5b501424bc79b324755c90790c56156ada46db65347bd67be70fe3ea1c6a
resnet,electrode,43,bandpass_n20004_cV3_independent_rms_s5,phase2/results/predictions/full/electrode/resnet/seed_43/bandpass_n20004_cV3_independent_rms_s5.npz,76279,27dd5ecd0fc6276d98e64ff98a043c7381feddbdde02a024c4f14d8aa8e63089
resnet,electrode,43,bandpass_n20004_cV3_independent_rms_s0,phase2/results/predictions/full/electrode/resnet/seed_43/bandpass_n20004_cV3_independent_rms_s0.npz,75991,b4be54cd41a710bfb480b44a3d58b58f187ff865f2f6d13d2b3c4cbe08066103
resnet,electrode,43,bandpass_n20004_cV3_electrode_s20,phase2/results/predictions/full/electrode/resnet/seed_43/bandpass_n20004_cV3_electrode_s20.npz,76333,c6d4c133445e0c9a32ef4d891a88ce2fbca57de0e44124d49c577d507e77858a
resnet,electrode,43,bandpass_n20004_cV3_electrode_s15,phase2/results/predictions/full/electrode/resnet/seed_43/bandpass_n20004_cV3_electrode_s15.npz,76411,f6c9ec886920136ba4e1b233e9ffacca5e8e7d2888835cf2f33007a239b5eef8
resnet,electrode,43,bandpass_n20004_cV3_electrode_s10,phase2/results/predictions/full/electrode/resnet/seed_43/bandpass_n20004_cV3_electrode_s10.npz,76419,58e434bc9cdb2a2534f233361a5f4eacb7373fc079cd8d0317d5daa37c2416e1
resnet,electrode,43,bandpass_n20004_cV3_electrode_s5,phase2/results/predictions/full/electrode/resnet/seed_43/bandpass_n20004_cV3_electrode_s5.npz,76279,e36c8a0e2fab0be4b26701cc80d55c247e19fff81990399dbe2cae7da4df3979
resnet,electrode,43,bandpass_n20004_cV3_electrode_s0,phase2/results/predictions/full/electrode/resnet/seed_43/bandpass_n20004_cV3_electrode_s0.npz,75986,b82df3de60fba3d2ed1edc5f0061780df5ab015ebae4e2e46b94461d2c6a65b7
resnet,electrode,43,bandpass_n20004_cV3_covariance_s20,phase2/results/predictions/full/electrode/resnet/seed_43/bandpass_n20004_cV3_covariance_s20.npz,76388,79e645fc089887142fb2e1a76e1234f7352a6892b59724d09d390c8ba62bcf4b
resnet,electrode,43,bandpass_n20004_cV3_covariance_s15,phase2/results/predictions/full/electrode/resnet/seed_43/bandpass_n20004_cV3_covariance_s15.npz,76402,8f808160d8c5af3dc4048ec10f2dc53da3df391ab7c5ae7dcdbea7f5cb0bea39
resnet,electrode,43,bandpass_n20004_cV3_covariance_s10,phase2/results/predictions/full/electrode/resnet/seed_43/bandpass_n20004_cV3_covariance_s10.npz,76401,40c4da71565985cd975375c4f7ae08eebf722d918c4c0fa43160fda4f9ee6c57
resnet,electrode,43,bandpass_n20004_cV3_covariance_s5,phase2/results/predictions/full/electrode/resnet/seed_43/bandpass_n20004_cV3_covariance_s5.npz,76311,adcd3b5291300b8823a1dcbb64e823a9dec9a841eb6a954421192f9c145e3777
resnet,electrode,43,bandpass_n20004_cV3_covariance_s0,phase2/results/predictions/full/electrode/resnet/seed_43/bandpass_n20004_cV3_covariance_s0.npz,75980,f8f71c1c2d721fc18f863e17a2ed25765f66757c5c6f4e7a3385ceb4dd9ed267
resnet,electrode,43,bandpass_n20004_cV4_independent_rms_s20,phase2/results/predictions/full/electrode/resnet/seed_43/bandpass_n20004_cV4_independent_rms_s20.npz,76390,15844980efa0455764037db8929456a4cdc02a2aa726da2f53e8b272493c5e91
resnet,electrode,43,bandpass_n20004_cV4_independent_rms_s15,phase2/results/predictions/full/electrode/resnet/seed_43/bandpass_n20004_cV4_independent_rms_s15.npz,76373,46ee033f81093c784c0b5f97e75c3c5ae57060a87dc69d79631617780ec0457e
resnet,electrode,43,bandpass_n20004_cV4_independent_rms_s10,phase2/results/predictions/full/electrode/resnet/seed_43/bandpass_n20004_cV4_independent_rms_s10.npz,76349,b74419293c21104b2f7d1c955b08419dde9f0d1d2d7e2e5a5edad238482a4199
resnet,electrode,43,bandpass_n20004_cV4_independent_rms_s5,phase2/results/predictions/full/electrode/resnet/seed_43/bandpass_n20004_cV4_independent_rms_s5.npz,76279,393d5a08deb0bd0566633c7557939d2115ee9c010b20f7f6751723b45e7a0cf2
resnet,electrode,43,bandpass_n20004_cV4_independent_rms_s0,phase2/results/predictions/full/electrode/resnet/seed_43/bandpass_n20004_cV4_independent_rms_s0.npz,76043,423940181e068405e8374c198afba8f4146196703d66afb42592dd28a1a5c263
resnet,electrode,43,bandpass_n20004_cV4_electrode_s20,phase2/results/predictions/full/electrode/resnet/seed_43/bandpass_n20004_cV4_electrode_s20.npz,76351,9d80347839f2e3aefed091767ec3a30219b94b4ea4dc69b561dd432379cbd2ae
resnet,electrode,43,bandpass_n20004_cV4_electrode_s15,phase2/results/predictions/full/electrode/resnet/seed_43/bandpass_n20004_cV4_electrode_s15.npz,76385,26166066c8749ee41d2fcd82f7a8bbdb5d0faccbac50a4b80fc0be8ba713c088
resnet,electrode,43,bandpass_n20004_cV4_electrode_s10,phase2/results/predictions/full/electrode/resnet/seed_43/bandpass_n20004_cV4_electrode_s10.npz,76365,3f8910a5b7c73c37dcde501cd927cfcb3420d6bf96835b62d4a29e878b64cedf
resnet,electrode,43,bandpass_n20004_cV4_electrode_s5,phase2/results/predictions/full/electrode/resnet/seed_43/bandpass_n20004_cV4_electrode_s5.npz,76268,dd4df22d9f84383b4a99fbe4bd7e1ce861193f274162f359f1cb3cae7aed9ee6
resnet,electrode,43,bandpass_n20004_cV4_electrode_s0,phase2/results/predictions/full/electrode/resnet/seed_43/bandpass_n20004_cV4_electrode_s0.npz,76003,9ee26816c46abb22b34e7a3e02e5e38649a9656385ab5782e681380acc7386be
resnet,electrode,43,bandpass_n20004_cV4_covariance_s20,phase2/results/predictions/full/electrode/resnet/seed_43/bandpass_n20004_cV4_covariance_s20.npz,76385,2730db90343888532fa433e5fb224e1328581a984abbd16ca4f6366d600ccbe0
resnet,electrode,43,bandpass_n20004_cV4_covariance_s15,phase2/results/predictions/full/electrode/resnet/seed_43/bandpass_n20004_cV4_covariance_s15.npz,76370,b300ef5742dc1169ee1b79adcb9316cff7d42ead49337e4c330209a2e39ab520
resnet,electrode,43,bandpass_n20004_cV4_covariance_s10,phase2/results/predictions/full/electrode/resnet/seed_43/bandpass_n20004_cV4_covariance_s10.npz,76383,2fc1b30008a1a602a48d79b8e9e8e5c09727eb382453e77500141f68f11b2a04
resnet,electrode,43,bandpass_n20004_cV4_covariance_s5,phase2/results/predictions/full/electrode/resnet/seed_43/bandpass_n20004_cV4_covariance_s5.npz,76259,8c7931e8eea4b7ac800e72fc0099f8f9b5f1ff90a3fe201fbc52a4dc7c29ccb6
resnet,electrode,43,bandpass_n20004_cV4_covariance_s0,phase2/results/predictions/full/electrode/resnet/seed_43/bandpass_n20004_cV4_covariance_s0.npz,76006,adac34b08116316988fb961f995419083c20738a2993f23ed675fd7dbc37ee4d
resnet,electrode,43,bandpass_n20004_cV5_independent_rms_s20,phase2/results/predictions/full/electrode/resnet/seed_43/bandpass_n20004_cV5_independent_rms_s20.npz,76378,6fe5d8c39da593aecf36e6a55990aecbd030fc022ffca39dede9387c6372d254
resnet,electrode,43,bandpass_n20004_cV5_independent_rms_s15,phase2/results/predictions/full/electrode/resnet/seed_43/bandpass_n20004_cV5_independent_rms_s15.npz,76420,7a3ec86cf290b646b070a566dae3e308fee92f580f62015174ed5a5402f59753
resnet,electrode,43,bandpass_n20004_cV5_independent_rms_s10,phase2/results/predictions/full/electrode/resnet/seed_43/bandpass_n20004_cV5_independent_rms_s10.npz,76333,cf86fff05f10b1a501c6bf701f87164dbe94e50c0cea52983610d46b681aefc1
resnet,electrode,43,bandpass_n20004_cV5_independent_rms_s5,phase2/results/predictions/full/electrode/resnet/seed_43/bandpass_n20004_cV5_independent_rms_s5.npz,76235,9ed45b87ce4e5fc4b2fdede1c4d53000015b8d0fb9128766fc032ccad7da43ad
resnet,electrode,43,bandpass_n20004_cV5_independent_rms_s0,phase2/results/predictions/full/electrode/resnet/seed_43/bandpass_n20004_cV5_independent_rms_s0.npz,75980,5f4f6cdad0cd6055225ffc8f714970ee211f9640118dcce0261dd6d5f7406d3b
resnet,electrode,43,bandpass_n20004_cV5_electrode_s20,phase2/results/predictions/full/electrode/resnet/seed_43/bandpass_n20004_cV5_electrode_s20.npz,76332,41a761906333b15c49d5e88908754a64dbfcb178fcef519735f8c96e28d0b442
resnet,electrode,43,bandpass_n20004_cV5_electrode_s15,phase2/results/predictions/full/electrode/resnet/seed_43/bandpass_n20004_cV5_electrode_s15.npz,76401,e9b1a23729fc06021d5ae64149ada2310729d370caaf0e0debd459c8edabc5bd
resnet,electrode,43,bandpass_n20004_cV5_electrode_s10,phase2/results/predictions/full/electrode/resnet/seed_43/bandpass_n20004_cV5_electrode_s10.npz,76357,aebde20d1a778b6c846923f1c08258f40641b3d992579299b841bc100d944f6b
resnet,electrode,43,bandpass_n20004_cV5_electrode_s5,phase2/results/predictions/full/electrode/resnet/seed_43/bandpass_n20004_cV5_electrode_s5.npz,76223,e47abb2d26057a7681eaede1a018597ce1ad7a5dffa4c7e2a9cfb6adc6dcf88c
resnet,electrode,43,bandpass_n20004_cV5_electrode_s0,phase2/results/predictions/full/electrode/resnet/seed_43/bandpass_n20004_cV5_electrode_s0.npz,75976,20c9c6b7f1af5b6b11b2a63a314ed1fae9b70739936df6963220d93d3194d620
resnet,electrode,43,bandpass_n20004_cV5_covariance_s20,phase2/results/predictions/full/electrode/resnet/seed_43/bandpass_n20004_cV5_covariance_s20.npz,76351,4674309bbde57c52d7a10d2a1474c585d5087fbe950f29c4cd71bc89a9d1b603
resnet,electrode,43,bandpass_n20004_cV5_covariance_s15,phase2/results/predictions/full/electrode/resnet/seed_43/bandpass_n20004_cV5_covariance_s15.npz,76385,46a9e01da98012925b2a1d3ed32f9d5943d2e5c731208e15ae77a7190fcc08e4
resnet,electrode,43,bandpass_n20004_cV5_covariance_s10,phase2/results/predictions/full/electrode/resnet/seed_43/bandpass_n20004_cV5_covariance_s10.npz,76361,a1c66d66a6af8afd78f05c5982d02e9793858dcffee02709813b3cb1c19cb74d
resnet,electrode,43,bandpass_n20004_cV5_covariance_s5,phase2/results/predictions/full/electrode/resnet/seed_43/bandpass_n20004_cV5_covariance_s5.npz,76207,820d2cd1d70bf8073dfc56f701ddd8cf47072910331534df58c4bcb3527addb6
resnet,electrode,43,bandpass_n20004_cV5_covariance_s0,phase2/results/predictions/full/electrode/resnet/seed_43/bandpass_n20004_cV5_covariance_s0.npz,75960,023b44f032d859c45930e69b7e79950060b8598bf8b406e2a08699c18689830d
resnet,electrode,43,bandpass_n20004_cV6_independent_rms_s20,phase2/results/predictions/full/electrode/resnet/seed_43/bandpass_n20004_cV6_independent_rms_s20.npz,76418,a4a75f645ddbc91633fbae80255af54fbf7ede5394059247b9b0cd1e87344e49
resnet,electrode,43,bandpass_n20004_cV6_independent_rms_s15,phase2/results/predictions/full/electrode/resnet/seed_43/bandpass_n20004_cV6_independent_rms_s15.npz,76403,acf02c2c2bf7f8d60436be4ef24260c7a60ce826db90aa61e2b5aa6c6508cc53
resnet,electrode,43,bandpass_n20004_cV6_independent_rms_s10,phase2/results/predictions/full/electrode/resnet/seed_43/bandpass_n20004_cV6_independent_rms_s10.npz,76373,77f2c25db351022cd27946f0ada43a36a6343b5cf95c124a7121e0f6ac536346
resnet,electrode,43,bandpass_n20004_cV6_independent_rms_s5,phase2/results/predictions/full/electrode/resnet/seed_43/bandpass_n20004_cV6_independent_rms_s5.npz,76231,d580e97276e088b7b060191983ca8539ff0c52b4eee0662533193dd3b30d801c
resnet,electrode,43,bandpass_n20004_cV6_independent_rms_s0,phase2/results/predictions/full/electrode/resnet/seed_43/bandpass_n20004_cV6_independent_rms_s0.npz,76006,01afc9508be869d8e806e253d235ba4b72af11a3ac0765628035ea8b52c9d15c
resnet,electrode,43,bandpass_n20004_cV6_electrode_s20,phase2/results/predictions/full/electrode/resnet/seed_43/bandpass_n20004_cV6_electrode_s20.npz,76389,dfbd9cfc30d1829b0f61f8e4eb4d42b0c75b86917898feabb544928aad79ce38
resnet,electrode,43,bandpass_n20004_cV6_electrode_s15,phase2/results/predictions/full/electrode/resnet/seed_43/bandpass_n20004_cV6_electrode_s15.npz,76387,b8b6345b7678b29ae4bd6714dd4e1f40e89fb67a9cd07f0d8f3f1f637ae76b8b
resnet,electrode,43,bandpass_n20004_cV6_electrode_s10,phase2/results/predictions/full/electrode/resnet/seed_43/bandpass_n20004_cV6_electrode_s10.npz,76342,5b93ba5e66ce92ea0690c7beff50bd2624f63c7b94a2eef7c47e0f219a64548a
resnet,electrode,43,bandpass_n20004_cV6_electrode_s5,phase2/results/predictions/full/electrode/resnet/seed_43/bandpass_n20004_cV6_electrode_s5.npz,76242,651c6d19a4d693da70d467fb39ed696952a77c25250717415124ab506145cff7
resnet,electrode,43,bandpass_n20004_cV6_electrode_s0,phase2/results/predictions/full/electrode/resnet/seed_43/bandpass_n20004_cV6_electrode_s0.npz,75937,5b6892c4f220a2bc27b6d858c419c321cd3b54c08397f4ac1100775c745edd0c
resnet,electrode,43,bandpass_n20004_cV6_covariance_s20,phase2/results/predictions/full/electrode/resnet/seed_43/bandpass_n20004_cV6_covariance_s20.npz,76390,897cb23fcb54ff87cc37326d04f37c9b8770100033a38a4c9661ea39728b4fbd
resnet,electrode,43,bandpass_n20004_cV6_covariance_s15,phase2/results/predictions/full/electrode/resnet/seed_43/bandpass_n20004_cV6_covariance_s15.npz,76392,91d589d89fb1aaec0b16499465f7cd059a1b7fefd5dc67176f73cbd899a0b731
resnet,electrode,43,bandpass_n20004_cV6_covariance_s10,phase2/results/predictions/full/electrode/resnet/seed_43/bandpass_n20004_cV6_covariance_s10.npz,76345,f67d045fdc1d07e0b68335da78938938052ad2af41c4500cf89cadd6d597dd54
resnet,electrode,43,bandpass_n20004_cV6_covariance_s5,phase2/results/predictions/full/electrode/resnet/seed_43/bandpass_n20004_cV6_covariance_s5.npz,76244,cc849cef51994eabcbe5a9c5aed2fb6e0056b2bcace482a01130e0d9d3dbc5a3
resnet,electrode,43,bandpass_n20004_cV6_covariance_s0,phase2/results/predictions/full/electrode/resnet/seed_43/bandpass_n20004_cV6_covariance_s0.npz,75982,c837f841598a2521ae7229e0b830fbee9ae11ad93bf957cd49a9eee5f0982df7
resnet,electrode,43,bandpass_n20004_cRA_LA_independent_rms_s20,phase2/results/predictions/full/electrode/resnet/seed_43/bandpass_n20004_cRA_LA_independent_rms_s20.npz,76398,e160152bcc8fc3bd8c1bc3f938cfb214514eb145c6394ed22e62f0fb24ed1276
resnet,electrode,43,bandpass_n20004_cRA_LA_independent_rms_s15,phase2/results/predictions/full/electrode/resnet/seed_43/bandpass_n20004_cRA_LA_independent_rms_s15.npz,76381,e78bc8af1337ea998afc8eb4fd3697963509632d619bf2a665d0a94e042a09ec
resnet,electrode,43,bandpass_n20004_cRA_LA_independent_rms_s10,phase2/results/predictions/full/electrode/resnet/seed_43/bandpass_n20004_cRA_LA_independent_rms_s10.npz,76345,97a4d6468183114a5652e9eb336f8d708b4477a3dc6e705797f691c8b50c1be1
resnet,electrode,43,bandpass_n20004_cRA_LA_independent_rms_s5,phase2/results/predictions/full/electrode/resnet/seed_43/bandpass_n20004_cRA_LA_independent_rms_s5.npz,76234,9174ac2f46129dacff0b72ba88cb6abd2f6e728f52c56eac390f0fced2e8ecb3
resnet,electrode,43,bandpass_n20004_cRA_LA_independent_rms_s0,phase2/results/predictions/full/electrode/resnet/seed_43/bandpass_n20004_cRA_LA_independent_rms_s0.npz,75930,3de841824cb125abbc3ae1afdd5202d4aac43d67baad174f6f38e64bdaf8071e
resnet,electrode,43,bandpass_n20004_cRA_LA_electrode_s20,phase2/results/predictions/full/electrode/resnet/seed_43/bandpass_n20004_cRA_LA_electrode_s20.npz,76398,9624aa27dd8e764cea52e276141f8d5822c4d6814f3f7b124130c0daa9459967
resnet,electrode,43,bandpass_n20004_cRA_LA_electrode_s15,phase2/results/predictions/full/electrode/resnet/seed_43/bandpass_n20004_cRA_LA_electrode_s15.npz,76371,b437e22ff77dde3ccec10f622b4d513bf8d0b2f08bf60de0b2b549cdc52de8c1
resnet,electrode,43,bandpass_n20004_cRA_LA_electrode_s10,phase2/results/predictions/full/electrode/resnet/seed_43/bandpass_n20004_cRA_LA_electrode_s10.npz,76296,b7f26f540ad89eb782c56369010f098932578b725ffe85d859482c90a5e705d4
resnet,electrode,43,bandpass_n20004_cRA_LA_electrode_s5,phase2/results/predictions/full/electrode/resnet/seed_43/bandpass_n20004_cRA_LA_electrode_s5.npz,76119,3145c9228d7c9bb8e1100bb4d8f170a5184a86614156543c7da8b2f40b92ef13
resnet,electrode,43,bandpass_n20004_cRA_LA_electrode_s0,phase2/results/predictions/full/electrode/resnet/seed_43/bandpass_n20004_cRA_LA_electrode_s0.npz,75699,197d45e8f575572ed8e6358de8af52adce7a5a2b8f28b626f4f0691dad83ce6b
resnet,electrode,43,bandpass_n20004_cRA_LA_covariance_s20,phase2/results/predictions/full/electrode/resnet/seed_43/bandpass_n20004_cRA_LA_covariance_s20.npz,76395,b516c391e94a73f081cdeb9eae935f319a83808467e74364361fb294b49150a6
resnet,electrode,43,bandpass_n20004_cRA_LA_covariance_s15,phase2/results/predictions/full/electrode/resnet/seed_43/bandpass_n20004_cRA_LA_covariance_s15.npz,76367,b38b79c906b4a5d84865906ad88a2f625957d035e3ff1907517cfbf7bccd4c62
resnet,electrode,43,bandpass_n20004_cRA_LA_covariance_s10,phase2/results/predictions/full/electrode/resnet/seed_43/bandpass_n20004_cRA_LA_covariance_s10.npz,76345,2861655dcd8274a44b7f114d2afd69aecc71b53900b0c944977be2ecd4de1dc1
resnet,electrode,43,bandpass_n20004_cRA_LA_covariance_s5,phase2/results/predictions/full/electrode/resnet/seed_43/bandpass_n20004_cRA_LA_covariance_s5.npz,76134,5292073ad3063afcd993ebe357bc1d759799fafed0f72452e59adb4755e21df3
resnet,electrode,43,bandpass_n20004_cRA_LA_covariance_s0,phase2/results/predictions/full/electrode/resnet/seed_43/bandpass_n20004_cRA_LA_covariance_s0.npz,75735,bc3f921f380bb55e6022efae805cf590efcdb16d9662f291e6b12bbab06489bf
resnet,electrode,43,bandpass_n20004_cLA_LL_independent_rms_s20,phase2/results/predictions/full/electrode/resnet/seed_43/bandpass_n20004_cLA_LL_independent_rms_s20.npz,76421,fedbceba97e1d71b5b0949daacc38482de786ae49c0547483385b07dd5ab4abc
resnet,electrode,43,bandpass_n20004_cLA_LL_independent_rms_s15,phase2/results/predictions/full/electrode/resnet/seed_43/bandpass_n20004_cLA_LL_independent_rms_s15.npz,76392,6a77681291d0b0d7fc3d14d7d654572d4b487f18b23a6331a503efb269d4fe1f
resnet,electrode,43,bandpass_n20004_cLA_LL_independent_rms_s10,phase2/results/predictions/full/electrode/resnet/seed_43/bandpass_n20004_cLA_LL_independent_rms_s10.npz,76356,b7a2ca4ebe5f844c35233a6fe8a53e7446402f7b8f07b365c5ecb6a67299beb1
resnet,electrode,43,bandpass_n20004_cLA_LL_independent_rms_s5,phase2/results/predictions/full/electrode/resnet/seed_43/bandpass_n20004_cLA_LL_independent_rms_s5.npz,76247,0262228f9325a1ec30a6118dc89cd3961ce772afba20626352745daa993ede14
resnet,electrode,43,bandpass_n20004_cLA_LL_independent_rms_s0,phase2/results/predictions/full/electrode/resnet/seed_43/bandpass_n20004_cLA_LL_independent_rms_s0.npz,75915,aef77be2a856f8f148d980fb892d9da492bb7e681e2ead80f6def26f49d315b5
resnet,electrode,43,bandpass_n20004_cLA_LL_electrode_s20,phase2/results/predictions/full/electrode/resnet/seed_43/bandpass_n20004_cLA_LL_electrode_s20.npz,76371,9f956aefb4de1d41b6164b0a2ba90caf05bfedb7a700e9349e77abc60571bc42
resnet,electrode,43,bandpass_n20004_cLA_LL_electrode_s15,phase2/results/predictions/full/electrode/resnet/seed_43/bandpass_n20004_cLA_LL_electrode_s15.npz,76357,d3f915f72df6f9fe7aafff21a8b901088ccfda3deb2ef625cb693c860bab3f97
resnet,electrode,43,bandpass_n20004_cLA_LL_electrode_s10,phase2/results/predictions/full/electrode/resnet/seed_43/bandpass_n20004_cLA_LL_electrode_s10.npz,76311,3ab632d45c1185158931f6325104463c056c323bc73bebdd91f3e9e15b664cde
resnet,electrode,43,bandpass_n20004_cLA_LL_electrode_s5,phase2/results/predictions/full/electrode/resnet/seed_43/bandpass_n20004_cLA_LL_electrode_s5.npz,76098,76a6ea9d8016f9ee971fea919e1acb5b936b309c741d1a75af2dd9972955301e
resnet,electrode,43,bandpass_n20004_cLA_LL_electrode_s0,phase2/results/predictions/full/electrode/resnet/seed_43/bandpass_n20004_cLA_LL_electrode_s0.npz,75679,efdeccabcd305b6a4258ba02cbdbb83a199652b8e41e9e1b96075fe9906b2f7e
resnet,electrode,43,bandpass_n20004_cLA_LL_covariance_s20,phase2/results/predictions/full/electrode/resnet/seed_43/bandpass_n20004_cLA_LL_covariance_s20.npz,76390,97828bb9a0ad643022c9c45648ce45d5d6005d54fe2de4530d216237dd072b3e
resnet,electrode,43,bandpass_n20004_cLA_LL_covariance_s15,phase2/results/predictions/full/electrode/resnet/seed_43/bandpass_n20004_cLA_LL_covariance_s15.npz,76374,f5bcc1f4c9880bec3bc17c4eeb17d30eb4dc2f60e8a778fddacf88c290b34a66
resnet,electrode,43,bandpass_n20004_cLA_LL_covariance_s10,phase2/results/predictions/full/electrode/resnet/seed_43/bandpass_n20004_cLA_LL_covariance_s10.npz,76290,fe5cb071501a8c81cb93bd49b80d21bdd61b2f2a3f385b3536957753e31c2502
resnet,electrode,43,bandpass_n20004_cLA_LL_covariance_s5,phase2/results/predictions/full/electrode/resnet/seed_43/bandpass_n20004_cLA_LL_covariance_s5.npz,76116,9363dfbbd9cf22536d873b2e88a3ee9361d8a157650c532fc7227c9d74e8ed28
resnet,electrode,43,bandpass_n20004_cLA_LL_covariance_s0,phase2/results/predictions/full/electrode/resnet/seed_43/bandpass_n20004_cLA_LL_covariance_s0.npz,75721,616d4ef303e60229e35f18363058188b177db0b71cdac6701d148379fd3e156e
resnet,electrode,43,bandpass_n20004_cRA_LL_independent_rms_s20,phase2/results/predictions/full/electrode/resnet/seed_43/bandpass_n20004_cRA_LL_independent_rms_s20.npz,76397,1440e56205b0eeb801f22999f07b3cc5e2dbaef380a6f778abb758cd3aef1e6c
resnet,electrode,43,bandpass_n20004_cRA_LL_independent_rms_s15,phase2/results/predictions/full/electrode/resnet/seed_43/bandpass_n20004_cRA_LL_independent_rms_s15.npz,76403,6ef963a1b1847a99291d1076f478f426e0af8b0a179c50b995b282e75884cd5e
resnet,electrode,43,bandpass_n20004_cRA_LL_independent_rms_s10,phase2/results/predictions/full/electrode/resnet/seed_43/bandpass_n20004_cRA_LL_independent_rms_s10.npz,76377,61c9b2c3782bd0ccb048c5653d4abe7aeeb70fbe35a62fba33468a0e199061ea
resnet,electrode,43,bandpass_n20004_cRA_LL_independent_rms_s5,phase2/results/predictions/full/electrode/resnet/seed_43/bandpass_n20004_cRA_LL_independent_rms_s5.npz,76249,7d9d2da7d7873568c94fa2687233f8c043973bc9eee9b5bbe80142d6d24f4e3a
resnet,electrode,43,bandpass_n20004_cRA_LL_independent_rms_s0,phase2/results/predictions/full/electrode/resnet/seed_43/bandpass_n20004_cRA_LL_independent_rms_s0.npz,75913,cb179a27bcae8e1ef99006cde4c5733314860556dcbdb89607e4b05254e26bbc
resnet,electrode,43,bandpass_n20004_cRA_LL_electrode_s20,phase2/results/predictions/full/electrode/resnet/seed_43/bandpass_n20004_cRA_LL_electrode_s20.npz,76368,6d67321d96428517b753bba65c0f9139f2b9c7d2bba8f46094daa157f0350f71
resnet,electrode,43,bandpass_n20004_cRA_LL_electrode_s15,phase2/results/predictions/full/electrode/resnet/seed_43/bandpass_n20004_cRA_LL_electrode_s15.npz,76379,bc8675414d9a45c76637a07988a71a38e411f24c8978b05e9eb1502fcbea42b5
resnet,electrode,43,bandpass_n20004_cRA_LL_electrode_s10,phase2/results/predictions/full/electrode/resnet/seed_43/bandpass_n20004_cRA_LL_electrode_s10.npz,76308,efb512f5e85dec52441bf499f4947aada601c4f94641872613380865832839c8
resnet,electrode,43,bandpass_n20004_cRA_LL_electrode_s5,phase2/results/predictions/full/electrode/resnet/seed_43/bandpass_n20004_cRA_LL_electrode_s5.npz,76114,4ae5ca080e082b0663a26c7cf24336685355dc60db886e6ac4053fc92150cc6e
resnet,electrode,43,bandpass_n20004_cRA_LL_electrode_s0,phase2/results/predictions/full/electrode/resnet/seed_43/bandpass_n20004_cRA_LL_electrode_s0.npz,75618,aaacda71cf2838fd872917b593843f69a3fef3bb357c0bc49e55d0e1ad129d2e
resnet,electrode,43,bandpass_n20004_cRA_LL_covariance_s20,phase2/results/predictions/full/electrode/resnet/seed_43/bandpass_n20004_cRA_LL_covariance_s20.npz,76385,eab1ae2eedadc925e40a323db4f50014aa7f16ed7a7d5c72ec0c558a14d9849c
resnet,electrode,43,bandpass_n20004_cRA_LL_covariance_s15,phase2/results/predictions/full/electrode/resnet/seed_43/bandpass_n20004_cRA_LL_covariance_s15.npz,76382,ffc82c0181972b72865b3b8185bdf6bc6dff2814b82b96d31dfd3adc54e70400
resnet,electrode,43,bandpass_n20004_cRA_LL_covariance_s10,phase2/results/predictions/full/electrode/resnet/seed_43/bandpass_n20004_cRA_LL_covariance_s10.npz,76324,605d355a095e808ad0bf7fee4ea2b2fd554c3367f4c5e57f6cff0632ae49b2e3
resnet,electrode,43,bandpass_n20004_cRA_LL_covariance_s5,phase2/results/predictions/full/electrode/resnet/seed_43/bandpass_n20004_cRA_LL_covariance_s5.npz,76091,ddbcb51c030bb50cf390dad27039a1b231cffdfdcaf7ec982dc39147d929a437
resnet,electrode,43,bandpass_n20004_cRA_LL_covariance_s0,phase2/results/predictions/full/electrode/resnet/seed_43/bandpass_n20004_cRA_LL_covariance_s0.npz,75665,dc1441622d60d0d3ee05fddd8200caa3cc362ade3cb67e8e927d5bf87ce2ba53
resnet,electrode,43,bandpass_n20004_cRA_independent_rms_s20,phase2/results/predictions/full/electrode/resnet/seed_43/bandpass_n20004_cRA_independent_rms_s20.npz,76388,92d80a3968e78b34cd0ccb0e763ebce047e76d2f70d9f97d4ba14eee0f13a441
resnet,electrode,43,bandpass_n20004_cRA_independent_rms_s15,phase2/results/predictions/full/electrode/resnet/seed_43/bandpass_n20004_cRA_independent_rms_s15.npz,76375,d8ea30051401c0183ca9376a4e8b39b3a48cfa85d8bf81dbb76099c02baa308a
resnet,electrode,43,bandpass_n20004_cRA_independent_rms_s10,phase2/results/predictions/full/electrode/resnet/seed_43/bandpass_n20004_cRA_independent_rms_s10.npz,76338,4fffb48e9f969904c8b694fcfcf0ec2a82dc2dec5807a6456be49f8d4205f086
resnet,electrode,43,bandpass_n20004_cRA_independent_rms_s5,phase2/results/predictions/full/electrode/resnet/seed_43/bandpass_n20004_cRA_independent_rms_s5.npz,76241,d2d24a0edb003687a87c1af87c5fd07ca23f9f2514c0ea86709195a714b78b5d
resnet,electrode,43,bandpass_n20004_cRA_independent_rms_s0,phase2/results/predictions/full/electrode/resnet/seed_43/bandpass_n20004_cRA_independent_rms_s0.npz,75953,08b9e13179baa2fdc7d211f3d9c88787c1d8de0944069d9009c9f7e740547750
resnet,electrode,43,bandpass_n20004_cRA_electrode_s20,phase2/results/predictions/full/electrode/resnet/seed_43/bandpass_n20004_cRA_electrode_s20.npz,76381,b0c228228d65f8d560499d00e3bfb230abec00f409a1e8da47132e41ac3bc152
resnet,electrode,43,bandpass_n20004_cRA_electrode_s15,phase2/results/predictions/full/electrode/resnet/seed_43/bandpass_n20004_cRA_electrode_s15.npz,76379,28a15b3a31b3cc091ef6ae53c6e20cb6809096f1bc8d8ce03eff40beff466ae1
resnet,electrode,43,bandpass_n20004_cRA_electrode_s10,phase2/results/predictions/full/electrode/resnet/seed_43/bandpass_n20004_cRA_electrode_s10.npz,76332,d14895b63c834e0d20341d02bbb781888db34e7e06381425c75f08abc46b8a25
resnet,electrode,43,bandpass_n20004_cRA_electrode_s5,phase2/results/predictions/full/electrode/resnet/seed_43/bandpass_n20004_cRA_electrode_s5.npz,76113,c15d255de2f73b4ec316eb12d0873f4bf92cfb027b35307780450e40f0b80bfb
resnet,electrode,43,bandpass_n20004_cRA_electrode_s0,phase2/results/predictions/full/electrode/resnet/seed_43/bandpass_n20004_cRA_electrode_s0.npz,75655,b07e345d434a194b314d47be4d8ff69ede2243c4ae2960f5f781d50b290156c5
resnet,electrode,43,bandpass_n20004_cRA_covariance_s20,phase2/results/predictions/full/electrode/resnet/seed_43/bandpass_n20004_cRA_covariance_s20.npz,76383,9c918eca30ee00a5e4e0f40dc8c48d1c45ac45b55bceb4490ef7796a99743d59
resnet,electrode,43,bandpass_n20004_cRA_covariance_s15,phase2/results/predictions/full/electrode/resnet/seed_43/bandpass_n20004_cRA_covariance_s15.npz,76346,35c6b5d710119a7418af741b3b4b43e0c9914a81a40dab27d9ed78ccafbff272
resnet,electrode,43,bandpass_n20004_cRA_covariance_s10,phase2/results/predictions/full/electrode/resnet/seed_43/bandpass_n20004_cRA_covariance_s10.npz,76289,c15600bdc591a1ccae994c3e6694abacd308518bb4267db53463e370dcbfb4b2
resnet,electrode,43,bandpass_n20004_cRA_covariance_s5,phase2/results/predictions/full/electrode/resnet/seed_43/bandpass_n20004_cRA_covariance_s5.npz,76087,eb3359fb4f9578c8e779ff90cb8004743985421a92e5ff295cf8914c3347bd3a
resnet,electrode,43,bandpass_n20004_cRA_covariance_s0,phase2/results/predictions/full/electrode/resnet/seed_43/bandpass_n20004_cRA_covariance_s0.npz,75731,0a496eb8a9811296fefd49b4a5d225032deceb6a3f5cd9c8002a95f23874aeb9
resnet,electrode,43,bandpass_n20004_cLA_independent_rms_s20,phase2/results/predictions/full/electrode/resnet/seed_43/bandpass_n20004_cLA_independent_rms_s20.npz,76397,6134f625acd63abdc188a7bb82a9d0eca6319a145725d61beccf2815a1af6c07
resnet,electrode,43,bandpass_n20004_cLA_independent_rms_s15,phase2/results/predictions/full/electrode/resnet/seed_43/bandpass_n20004_cLA_independent_rms_s15.npz,76401,4b8353f7f55eaaee912cea28ceca9ce3c44d2b1f8ebf5c5b6881d286702092fc
resnet,electrode,43,bandpass_n20004_cLA_independent_rms_s10,phase2/results/predictions/full/electrode/resnet/seed_43/bandpass_n20004_cLA_independent_rms_s10.npz,76367,576665599a077ec730044ab464ac45727f0ae90ad137d26fc111b8953c86917c
resnet,electrode,43,bandpass_n20004_cLA_independent_rms_s5,phase2/results/predictions/full/electrode/resnet/seed_43/bandpass_n20004_cLA_independent_rms_s5.npz,76241,92784b2bd005fede5c4f51e6f69a79221f82b014f399787eb33dcd8313570329
resnet,electrode,43,bandpass_n20004_cLA_independent_rms_s0,phase2/results/predictions/full/electrode/resnet/seed_43/bandpass_n20004_cLA_independent_rms_s0.npz,75882,8b2ea6351dcce7fbc73acfaa8e5b775fb6398d611872a830348e11da1a191db1
resnet,electrode,43,bandpass_n20004_cLA_electrode_s20,phase2/results/predictions/full/electrode/resnet/seed_43/bandpass_n20004_cLA_electrode_s20.npz,76348,484829a4c2b663b607b6aed8a3b045dbc15b1b1fc5176958229a5f733643250b
resnet,electrode,43,bandpass_n20004_cLA_electrode_s15,phase2/results/predictions/full/electrode/resnet/seed_43/bandpass_n20004_cLA_electrode_s15.npz,76374,246f7cf23620ff4609535cee8d0eb0d2a11d1dc74996a795d452f1b19b755399
resnet,electrode,43,bandpass_n20004_cLA_electrode_s10,phase2/results/predictions/full/electrode/resnet/seed_43/bandpass_n20004_cLA_electrode_s10.npz,76333,dbfc4be3142936c588d2a3cab7a66ada7397a34162c76dd41cd76a76718cad7b
resnet,electrode,43,bandpass_n20004_cLA_electrode_s5,phase2/results/predictions/full/electrode/resnet/seed_43/bandpass_n20004_cLA_electrode_s5.npz,76162,1131ab735c16757560229516c4b229f44f43238c861dd3567e2dac6417cc1ba6
resnet,electrode,43,bandpass_n20004_cLA_electrode_s0,phase2/results/predictions/full/electrode/resnet/seed_43/bandpass_n20004_cLA_electrode_s0.npz,75712,975a8eecfe0b7eaf6e72622e4b2b935a5fab36b9b04de105daec05ce8b7dd746
resnet,electrode,43,bandpass_n20004_cLA_covariance_s20,phase2/results/predictions/full/electrode/resnet/seed_43/bandpass_n20004_cLA_covariance_s20.npz,76360,83a29ab3b23f30e93cd1be64e977e148aca29dff002e53994f0f83bdd45ca7f5
resnet,electrode,43,bandpass_n20004_cLA_covariance_s15,phase2/results/predictions/full/electrode/resnet/seed_43/bandpass_n20004_cLA_covariance_s15.npz,76377,a20afc022ce718f0d98e2dfbfdefb3315429e93edfe5345cde6f8e530d6b8dc6
resnet,electrode,43,bandpass_n20004_cLA_covariance_s10,phase2/results/predictions/full/electrode/resnet/seed_43/bandpass_n20004_cLA_covariance_s10.npz,76386,0befb38dea18886a054aec6056cf81d37d6d6e0366f1c0d82290335f9ccab606
resnet,electrode,43,bandpass_n20004_cLA_covariance_s5,phase2/results/predictions/full/electrode/resnet/seed_43/bandpass_n20004_cLA_covariance_s5.npz,76200,04dc608d045e6d7e444b49119bd8615df30550fa727416b9420e296008386afd
resnet,electrode,43,bandpass_n20004_cLA_covariance_s0,phase2/results/predictions/full/electrode/resnet/seed_43/bandpass_n20004_cLA_covariance_s0.npz,75709,e0d1414999b177b410b9d3327b986c2ba2eaedf3da55bdf2e00cb34ac7bb111b
resnet,electrode,43,bandpass_n20004_cLL_independent_rms_s20,phase2/results/predictions/full/electrode/resnet/seed_43/bandpass_n20004_cLL_independent_rms_s20.npz,76384,aefd659ab8f36bd998eded3d432ce3ce6154d4aa3d958caca75bd2952b0ed910
resnet,electrode,43,bandpass_n20004_cLL_independent_rms_s15,phase2/results/predictions/full/electrode/resnet/seed_43/bandpass_n20004_cLL_independent_rms_s15.npz,76364,8237361986e603780d228fd2a75859da96a491f943a4aa7ac7775ee40db4abe3
resnet,electrode,43,bandpass_n20004_cLL_independent_rms_s10,phase2/results/predictions/full/electrode/resnet/seed_43/bandpass_n20004_cLL_independent_rms_s10.npz,76355,dcd0c016b8f3e6ae120c4f249bd0755823ad34e6cea16ebdbd05aaf0328b005b
resnet,electrode,43,bandpass_n20004_cLL_independent_rms_s5,phase2/results/predictions/full/electrode/resnet/seed_43/bandpass_n20004_cLL_independent_rms_s5.npz,76181,3c37575c803634075e4802854072ceaf78da6f1819a2b643f3a1fb2c1936deb3
resnet,electrode,43,bandpass_n20004_cLL_independent_rms_s0,phase2/results/predictions/full/electrode/resnet/seed_43/bandpass_n20004_cLL_independent_rms_s0.npz,75846,809086824a44a76db1c161cd95d23a63269a48049503e0363f8ec894a8f8dcf1
resnet,electrode,43,bandpass_n20004_cLL_electrode_s20,phase2/results/predictions/full/electrode/resnet/seed_43/bandpass_n20004_cLL_electrode_s20.npz,76377,67c299b979e123b1db425a1a0a08b1ae36b04a570f9a37582aba3b86c47badaf
resnet,electrode,43,bandpass_n20004_cLL_electrode_s15,phase2/results/predictions/full/electrode/resnet/seed_43/bandpass_n20004_cLL_electrode_s15.npz,76364,1f8ef92bb108331265c80d041d3c29856a87cb4af502c13aec749db2bbc76025
resnet,electrode,43,bandpass_n20004_cLL_electrode_s10,phase2/results/predictions/full/electrode/resnet/seed_43/bandpass_n20004_cLL_electrode_s10.npz,76307,e1d710d27b8c4a696a6fda9fdc9d2999f0e0e124354b5798ea6856a18069891e
resnet,electrode,43,bandpass_n20004_cLL_electrode_s5,phase2/results/predictions/full/electrode/resnet/seed_43/bandpass_n20004_cLL_electrode_s5.npz,76104,449bff0fc368e11affd086aa8537910371d25bf5dd2f4c749837cec5fe78b18b
resnet,electrode,43,bandpass_n20004_cLL_electrode_s0,phase2/results/predictions/full/electrode/resnet/seed_43/bandpass_n20004_cLL_electrode_s0.npz,75644,a3bbdb6fcf778e58a0b0f7941a7118d05ae24152c8edd8671c4508d7d6650f81
resnet,electrode,43,bandpass_n20004_cLL_covariance_s20,phase2/results/predictions/full/electrode/resnet/seed_43/bandpass_n20004_cLL_covariance_s20.npz,76358,9489cfcd27a79facafcf957a506044dd50611093e19300c278730684fa1a7d15
resnet,electrode,43,bandpass_n20004_cLL_covariance_s15,phase2/results/predictions/full/electrode/resnet/seed_43/bandpass_n20004_cLL_covariance_s15.npz,76364,bf3d4ccde624a6ce7289713cd5c312a92bf01488d9353718b9878ba566dc4c4d
resnet,electrode,43,bandpass_n20004_cLL_covariance_s10,phase2/results/predictions/full/electrode/resnet/seed_43/bandpass_n20004_cLL_covariance_s10.npz,76295,118385004f6265b395f9c84becad2fd432155e5e8984689e0c9adbde22a1f0f5
resnet,electrode,43,bandpass_n20004_cLL_covariance_s5,phase2/results/predictions/full/electrode/resnet/seed_43/bandpass_n20004_cLL_covariance_s5.npz,76079,434a772cbf5a74d4697e8e63c2859daafbd34a1e6a5175fb48883c7f1e213d33
resnet,electrode,43,bandpass_n20004_cLL_covariance_s0,phase2/results/predictions/full/electrode/resnet/seed_43/bandpass_n20004_cLL_covariance_s0.npz,75649,b3fff2700709df4f6be1f961996fad688c165f0dd335fc78267f27a5399d7a47
resnet,electrode,43,bandpass_n20004_cRA_V1_independent_rms_s20,phase2/results/predictions/full/electrode/resnet/seed_43/bandpass_n20004_cRA_V1_independent_rms_s20.npz,76401,4f9409616d81eea0f9a730622cb178788b2cd2040c5ab2d36ad1fdd455bf9678
resnet,electrode,43,bandpass_n20004_cRA_V1_independent_rms_s15,phase2/results/predictions/full/electrode/resnet/seed_43/bandpass_n20004_cRA_V1_independent_rms_s15.npz,76386,d578263dcb06e158e18920e4dbcec56cfca8b30a3de3965110520696b40e2d6d
resnet,electrode,43,bandpass_n20004_cRA_V1_independent_rms_s10,phase2/results/predictions/full/electrode/resnet/seed_43/bandpass_n20004_cRA_V1_independent_rms_s10.npz,76322,d6c47cec0101d803f968655e1498f84be74a502c08db3ae70a9515cf1d5d1411
resnet,electrode,43,bandpass_n20004_cRA_V1_independent_rms_s5,phase2/results/predictions/full/electrode/resnet/seed_43/bandpass_n20004_cRA_V1_independent_rms_s5.npz,76269,e5a83ca7d6e209a168d57c488a32899d431e2607c3943f93950689b724ff7eb3
resnet,electrode,43,bandpass_n20004_cRA_V1_independent_rms_s0,phase2/results/predictions/full/electrode/resnet/seed_43/bandpass_n20004_cRA_V1_independent_rms_s0.npz,75879,e45459148e36bc48ca65e006827c1f94663eced3992643ed85390901c2274526
resnet,electrode,43,bandpass_n20004_cRA_V1_electrode_s20,phase2/results/predictions/full/electrode/resnet/seed_43/bandpass_n20004_cRA_V1_electrode_s20.npz,76388,39b8c9f7d7a1ab387ab843044b402a635c2325a680008d1e144d680ce91ff988
resnet,electrode,43,bandpass_n20004_cRA_V1_electrode_s15,phase2/results/predictions/full/electrode/resnet/seed_43/bandpass_n20004_cRA_V1_electrode_s15.npz,76368,ce88d7cfed3678df62aa336767d671d9cc973b0ab109054a8b5c16e598b20fe8
resnet,electrode,43,bandpass_n20004_cRA_V1_electrode_s10,phase2/results/predictions/full/electrode/resnet/seed_43/bandpass_n20004_cRA_V1_electrode_s10.npz,76299,90349f5a46457819d52ee35bd8b99419a16ee18b61bed93d7b86c7a6d6f153e1
resnet,electrode,43,bandpass_n20004_cRA_V1_electrode_s5,phase2/results/predictions/full/electrode/resnet/seed_43/bandpass_n20004_cRA_V1_electrode_s5.npz,76126,527e9c61439a640274513f05ec6f5f89a375944e1de1d1efaa22a6b71572cd12
resnet,electrode,43,bandpass_n20004_cRA_V1_electrode_s0,phase2/results/predictions/full/electrode/resnet/seed_43/bandpass_n20004_cRA_V1_electrode_s0.npz,75703,9c454b0320248fd11697998191b0b8a4aa1a7e1cc2bc0afbdcfd18ea9d82e4cb
resnet,electrode,43,bandpass_n20004_cRA_V1_covariance_s20,phase2/results/predictions/full/electrode/resnet/seed_43/bandpass_n20004_cRA_V1_covariance_s20.npz,76385,244da69b08c3eedd522f59dd4712ebff2e9bc70a40ca2136659545ba47074a38
resnet,electrode,43,bandpass_n20004_cRA_V1_covariance_s15,phase2/results/predictions/full/electrode/resnet/seed_43/bandpass_n20004_cRA_V1_covariance_s15.npz,76379,96d5adfbcd767a259fd31bb3f3bc251ed912f008a6040029e75b38bc682f198a
resnet,electrode,43,bandpass_n20004_cRA_V1_covariance_s10,phase2/results/predictions/full/electrode/resnet/seed_43/bandpass_n20004_cRA_V1_covariance_s10.npz,76311,b12c7e0ddbd72208ab3ff7a2332b95972b79f7e9943417667eebc6b0d5d4198f
resnet,electrode,43,bandpass_n20004_cRA_V1_covariance_s5,phase2/results/predictions/full/electrode/resnet/seed_43/bandpass_n20004_cRA_V1_covariance_s5.npz,76131,5841340cfe68d983e2a502477ed250a15a1346dc3398dd657fadaac3db96d038
resnet,electrode,43,bandpass_n20004_cRA_V1_covariance_s0,phase2/results/predictions/full/electrode/resnet/seed_43/bandpass_n20004_cRA_V1_covariance_s0.npz,75748,3f1b438e77b80137c5429767f64ae4ca5723a6d61e16e627b593e05879cce8c6
resnet,electrode,43,bandpass_n20004_cLA_V6_independent_rms_s20,phase2/results/predictions/full/electrode/resnet/seed_43/bandpass_n20004_cLA_V6_independent_rms_s20.npz,76410,84f45e683d7a30e7e33e3632f9afe053aa45cf599ce55bff41bfc8ec46688257
resnet,electrode,43,bandpass_n20004_cLA_V6_independent_rms_s15,phase2/results/predictions/full/electrode/resnet/seed_43/bandpass_n20004_cLA_V6_independent_rms_s15.npz,76432,fe328a151b57b0e81bd49ee5c44e672b71d62795c77421f91c6163df8faf69cb
resnet,electrode,43,bandpass_n20004_cLA_V6_independent_rms_s10,phase2/results/predictions/full/electrode/resnet/seed_43/bandpass_n20004_cLA_V6_independent_rms_s10.npz,76404,731486349d39c7200c081b36ed0bbe0eb3fc579782169f5ca027de19f88f0f94
resnet,electrode,43,bandpass_n20004_cLA_V6_independent_rms_s5,phase2/results/predictions/full/electrode/resnet/seed_43/bandpass_n20004_cLA_V6_independent_rms_s5.npz,76255,827b65da5c017669b3a1259f66bd011d9356f482f44e17de66d572d6c0c2b408
resnet,electrode,43,bandpass_n20004_cLA_V6_independent_rms_s0,phase2/results/predictions/full/electrode/resnet/seed_43/bandpass_n20004_cLA_V6_independent_rms_s0.npz,75890,545faec69b659312e98ce90e8e04c6d2fd5f45762533b255e618de79751a3001
resnet,electrode,43,bandpass_n20004_cLA_V6_electrode_s20,phase2/results/predictions/full/electrode/resnet/seed_43/bandpass_n20004_cLA_V6_electrode_s20.npz,76369,11f75abd7ce7d2bbdf1e8c8c4c0819c617fc2dcb6f7b2e59eded13e3896cf23e
resnet,electrode,43,bandpass_n20004_cLA_V6_electrode_s15,phase2/results/predictions/full/electrode/resnet/seed_43/bandpass_n20004_cLA_V6_electrode_s15.npz,76366,b9f8b5cd43bd3cddc977ec3680963a04d040dfff3352b013e8adb19c3819005e
resnet,electrode,43,bandpass_n20004_cLA_V6_electrode_s10,phase2/results/predictions/full/electrode/resnet/seed_43/bandpass_n20004_cLA_V6_electrode_s10.npz,76384,e196621ec79811cbd4dbfdd71c506802a605595364bf88977a2ee56ac2f27eda
resnet,electrode,43,bandpass_n20004_cLA_V6_electrode_s5,phase2/results/predictions/full/electrode/resnet/seed_43/bandpass_n20004_cLA_V6_electrode_s5.npz,76211,acd345f7e32cebfdd93e3cb5b42d04e8260c58a308420d8f31f64368ec853a7b
resnet,electrode,43,bandpass_n20004_cLA_V6_electrode_s0,phase2/results/predictions/full/electrode/resnet/seed_43/bandpass_n20004_cLA_V6_electrode_s0.npz,75774,ff33efa29b7eb3f7c5332bf47e4a03ebfb66265c5a52ee8f9933ce41be64adff
resnet,electrode,43,bandpass_n20004_cLA_V6_covariance_s20,phase2/results/predictions/full/electrode/resnet/seed_43/bandpass_n20004_cLA_V6_covariance_s20.npz,76383,d7912fc3c72b15f6c5abcf55d09efc492034fb88f8c75062bcc5c342f22bba5f
resnet,electrode,43,bandpass_n20004_cLA_V6_covariance_s15,phase2/results/predictions/full/electrode/resnet/seed_43/bandpass_n20004_cLA_V6_covariance_s15.npz,76354,4c91b38914bfde30b1768e9e6c69157077dc07f714ea025ebcd826b525b7cf6a
resnet,electrode,43,bandpass_n20004_cLA_V6_covariance_s10,phase2/results/predictions/full/electrode/resnet/seed_43/bandpass_n20004_cLA_V6_covariance_s10.npz,76350,2b4a12a9d36981adb06d36b2a44c452a0682c1f9187a4a5fbd0b8f1679761842
resnet,electrode,43,bandpass_n20004_cLA_V6_covariance_s5,phase2/results/predictions/full/electrode/resnet/seed_43/bandpass_n20004_cLA_V6_covariance_s5.npz,76197,9c5177c804ecffe13eb9700c6731d83e252b1cfd0d46d5c83cd1690550e24e44
resnet,electrode,43,bandpass_n20004_cLA_V6_covariance_s0,phase2/results/predictions/full/electrode/resnet/seed_43/bandpass_n20004_cLA_V6_covariance_s0.npz,75772,d2b4f4b3ef4c72ce34136a83c7ea17c44f30b3d365eb29d3848a9416f6a58e84
resnet,electrode,43,bandpass_n20004_cLL_V4_independent_rms_s20,phase2/results/predictions/full/electrode/resnet/seed_43/bandpass_n20004_cLL_V4_independent_rms_s20.npz,76386,52e0dbd9766f8ef90add102b65c62a4c6c14b8815a1844fb74b9e7ad6f1adfb1
resnet,electrode,43,bandpass_n20004_cLL_V4_independent_rms_s15,phase2/results/predictions/full/electrode/resnet/seed_43/bandpass_n20004_cLL_V4_independent_rms_s15.npz,76376,8e9a08e10d1e645f2ba28b24bd5a464981b14928afbfad02ac06e6ff9fe68192
resnet,electrode,43,bandpass_n20004_cLL_V4_independent_rms_s10,phase2/results/predictions/full/electrode/resnet/seed_43/bandpass_n20004_cLL_V4_independent_rms_s10.npz,76373,ae426164e70661e233bb30ff049b95718ab13916efde0c1f2f62e861942da9d8
resnet,electrode,43,bandpass_n20004_cLL_V4_independent_rms_s5,phase2/results/predictions/full/electrode/resnet/seed_43/bandpass_n20004_cLL_V4_independent_rms_s5.npz,76232,b77bfa854f4e3defc36e5fc5903bb553384866b502011973f85835ed884de84c
resnet,electrode,43,bandpass_n20004_cLL_V4_independent_rms_s0,phase2/results/predictions/full/electrode/resnet/seed_43/bandpass_n20004_cLL_V4_independent_rms_s0.npz,75852,ec682a0abb2a28351e8a31136ad61edbe1575bdf2470fed30dd4a1be226dcee6
resnet,electrode,43,bandpass_n20004_cLL_V4_electrode_s20,phase2/results/predictions/full/electrode/resnet/seed_43/bandpass_n20004_cLL_V4_electrode_s20.npz,76384,81fb267d500f9a68089fd91aa38889b5eebcf5dca89b4f5439991fc8440272af
resnet,electrode,43,bandpass_n20004_cLL_V4_electrode_s15,phase2/results/predictions/full/electrode/resnet/seed_43/bandpass_n20004_cLL_V4_electrode_s15.npz,76365,61a00904c481038442408c4c8f520a20b0a16ccc202d8bcf2beeaa1243b862bd
resnet,electrode,43,bandpass_n20004_cLL_V4_electrode_s10,phase2/results/predictions/full/electrode/resnet/seed_43/bandpass_n20004_cLL_V4_electrode_s10.npz,76342,97524b00c595b192367e06664cf87af878c64622f72ce0189ee26e4a43b1a975
resnet,electrode,43,bandpass_n20004_cLL_V4_electrode_s5,phase2/results/predictions/full/electrode/resnet/seed_43/bandpass_n20004_cLL_V4_electrode_s5.npz,76147,e470fbd9d9ec42353ade77e9e8f7a3be96638c521c025b385612a6b92c706a8e
resnet,electrode,43,bandpass_n20004_cLL_V4_electrode_s0,phase2/results/predictions/full/electrode/resnet/seed_43/bandpass_n20004_cLL_V4_electrode_s0.npz,75689,e54fe3587a6fd23d7325fa8a2e552885340361a263169c13e4340e63fad2bd48
resnet,electrode,43,bandpass_n20004_cLL_V4_covariance_s20,phase2/results/predictions/full/electrode/resnet/seed_43/bandpass_n20004_cLL_V4_covariance_s20.npz,76381,f0edb7efb47d8734882b596466decf41e1e7985abce4b51b576ef1d16e98c6fc
resnet,electrode,43,bandpass_n20004_cLL_V4_covariance_s15,phase2/results/predictions/full/electrode/resnet/seed_43/bandpass_n20004_cLL_V4_covariance_s15.npz,76345,cecf80ed9cb4a27f3c1ea896bb692432a8f583f28d86247739577e37e27a0097
resnet,electrode,43,bandpass_n20004_cLL_V4_covariance_s10,phase2/results/predictions/full/electrode/resnet/seed_43/bandpass_n20004_cLL_V4_covariance_s10.npz,76325,8b7e1cde47cc5ef443ecd54b667fec2e85daff9c8c428aa1a453602d6a1be7a4
resnet,electrode,43,bandpass_n20004_cLL_V4_covariance_s5,phase2/results/predictions/full/electrode/resnet/seed_43/bandpass_n20004_cLL_V4_covariance_s5.npz,76126,5fe065383f77350899e7742e2f4d4ae112cc2c6d989637962a579d446e14a70c
resnet,electrode,43,bandpass_n20004_cLL_V4_covariance_s0,phase2/results/predictions/full/electrode/resnet/seed_43/bandpass_n20004_cLL_V4_covariance_s0.npz,75706,d5db7791ef6270704219a19ea35f48b9c28cfd81aa9ec5221ab0269734032c0e
resnet,electrode,43,bandpass_n20004_cRA_LA_V1_V6_independent_rms_s20,phase2/results/predictions/full/electrode/resnet/seed_43/bandpass_n20004_cRA_LA_V1_V6_independent_rms_s20.npz,76436,2ed3ab5cf7b7eb1aee37973112d1ae04db2188583450d2236fbf72b6eee4bbdd
resnet,electrode,43,bandpass_n20004_cRA_LA_V1_V6_independent_rms_s15,phase2/results/predictions/full/electrode/resnet/seed_43/bandpass_n20004_cRA_LA_V1_V6_independent_rms_s15.npz,76424,cf712a8e3195b6c3288f7864f2f48a8c2da59895dde11243f7a3df951b91a3c5
resnet,electrode,43,bandpass_n20004_cRA_LA_V1_V6_independent_rms_s10,phase2/results/predictions/full/electrode/resnet/seed_43/bandpass_n20004_cRA_LA_V1_V6_independent_rms_s10.npz,76405,2fea96958c6d6c7521cdd1b9f5c4c9b95e8c45d52ba2077ba50f2e528345048b
resnet,electrode,43,bandpass_n20004_cRA_LA_V1_V6_independent_rms_s5,phase2/results/predictions/full/electrode/resnet/seed_43/bandpass_n20004_cRA_LA_V1_V6_independent_rms_s5.npz,76274,438ddba56590dbce2a334a830995f92d05ca05366bf28a50d3af4af89b23b4e9
resnet,electrode,43,bandpass_n20004_cRA_LA_V1_V6_independent_rms_s0,phase2/results/predictions/full/electrode/resnet/seed_43/bandpass_n20004_cRA_LA_V1_V6_independent_rms_s0.npz,75985,56b77dba561f08337afb140eeb9fdb09bddefc40bb9018a8375d959c1fda13bd
resnet,electrode,43,bandpass_n20004_cRA_LA_V1_V6_electrode_s20,phase2/results/predictions/full/electrode/resnet/seed_43/bandpass_n20004_cRA_LA_V1_V6_electrode_s20.npz,76413,2b4770b8452a07122e4d524d284b5179ed9884b7a85f5dd6b137bc26537b2552
resnet,electrode,43,bandpass_n20004_cRA_LA_V1_V6_electrode_s15,phase2/results/predictions/full/electrode/resnet/seed_43/bandpass_n20004_cRA_LA_V1_V6_electrode_s15.npz,76401,ed1f195c97d978c6f7d58804535118d8ae149406bb1d022ee3b6cc9b0d1cd00a
resnet,electrode,43,bandpass_n20004_cRA_LA_V1_V6_electrode_s10,phase2/results/predictions/full/electrode/resnet/seed_43/bandpass_n20004_cRA_LA_V1_V6_electrode_s10.npz,76314,f4fdd86ac31d9c10bcdb957c401531fabadd7a95ceec5c92997c056580e78ca3
resnet,electrode,43,bandpass_n20004_cRA_LA_V1_V6_electrode_s5,phase2/results/predictions/full/electrode/resnet/seed_43/bandpass_n20004_cRA_LA_V1_V6_electrode_s5.npz,76153,4345734c3ca5dd9df4a3bd13b4bd18a38a8775cf318d3493be09b955252568e0
resnet,electrode,43,bandpass_n20004_cRA_LA_V1_V6_electrode_s0,phase2/results/predictions/full/electrode/resnet/seed_43/bandpass_n20004_cRA_LA_V1_V6_electrode_s0.npz,75752,78a57623dbb831d177dca8397daaa93fea34dc42de7d566589d0b93adfac8132
resnet,electrode,43,bandpass_n20004_cRA_LA_V1_V6_covariance_s20,phase2/results/predictions/full/electrode/resnet/seed_43/bandpass_n20004_cRA_LA_V1_V6_covariance_s20.npz,76377,bd3a1149fd18ac1ed4a77734002af878620bca4cf95090a4a22c43932c988e74
resnet,electrode,43,bandpass_n20004_cRA_LA_V1_V6_covariance_s15,phase2/results/predictions/full/electrode/resnet/seed_43/bandpass_n20004_cRA_LA_V1_V6_covariance_s15.npz,76395,a356d4ed5ec4e7b30d4ecb717bdb509961c71bc7d66d0dd65ff3fb0c3fc3114a
resnet,electrode,43,bandpass_n20004_cRA_LA_V1_V6_covariance_s10,phase2/results/predictions/full/electrode/resnet/seed_43/bandpass_n20004_cRA_LA_V1_V6_covariance_s10.npz,76363,6572c3a0a668d936e8a0b2f19c454a8b6a2b171a74f975c1f90dec061a028b2f
resnet,electrode,43,bandpass_n20004_cRA_LA_V1_V6_covariance_s5,phase2/results/predictions/full/electrode/resnet/seed_43/bandpass_n20004_cRA_LA_V1_V6_covariance_s5.npz,76158,ea6a5f476d17ccef17b372ed0d580d92285ff7c0ff361c3448732e9014eddc81
resnet,electrode,43,bandpass_n20004_cRA_LA_V1_V6_covariance_s0,phase2/results/predictions/full/electrode/resnet/seed_43/bandpass_n20004_cRA_LA_V1_V6_covariance_s0.npz,75721,877d8b686e3e41c55f45bf850c086816fb424a2ac4d67d351e96af729347b95a
resnet,electrode,43,bandpass_n20004_cRA_V2_V5_independent_rms_s20,phase2/results/predictions/full/electrode/resnet/seed_43/bandpass_n20004_cRA_V2_V5_independent_rms_s20.npz,76417,40f044fdc5b73323e0e6ac5e044d178bb618d17f1f53d54a193f27312f112701
resnet,electrode,43,bandpass_n20004_cRA_V2_V5_independent_rms_s15,phase2/results/predictions/full/electrode/resnet/seed_43/bandpass_n20004_cRA_V2_V5_independent_rms_s15.npz,76414,9a9610139b4ce2daf281f7bdc8730a021de332647279d65658d9f62f698b0785
resnet,electrode,43,bandpass_n20004_cRA_V2_V5_independent_rms_s10,phase2/results/predictions/full/electrode/resnet/seed_43/bandpass_n20004_cRA_V2_V5_independent_rms_s10.npz,76372,d673fefad700f5bfc5ba7a48c750d1ded9ddda82d1e56aa306960960ed7a73ec
resnet,electrode,43,bandpass_n20004_cRA_V2_V5_independent_rms_s5,phase2/results/predictions/full/electrode/resnet/seed_43/bandpass_n20004_cRA_V2_V5_independent_rms_s5.npz,76238,9ce163dc8e868453098aaa410cab76c4977933437e98a3ca6a42abb36a805fff
resnet,electrode,43,bandpass_n20004_cRA_V2_V5_independent_rms_s0,phase2/results/predictions/full/electrode/resnet/seed_43/bandpass_n20004_cRA_V2_V5_independent_rms_s0.npz,75966,b3c8ba5ce52fc1f78d1fc835a599c1de0b935f559c54b4a29f9164aa18bd02e9
resnet,electrode,43,bandpass_n20004_cRA_V2_V5_electrode_s20,phase2/results/predictions/full/electrode/resnet/seed_43/bandpass_n20004_cRA_V2_V5_electrode_s20.npz,76387,3b2ebbec8f114b4a9928aa5ab410120f9e986fdecacb47788e8f250f5718c0c8
resnet,electrode,43,bandpass_n20004_cRA_V2_V5_electrode_s15,phase2/results/predictions/full/electrode/resnet/seed_43/bandpass_n20004_cRA_V2_V5_electrode_s15.npz,76408,ad97f7d020326e6e0cf0eb4b4a6252a054f6e396f8c42779e965d83e492b15a9
resnet,electrode,43,bandpass_n20004_cRA_V2_V5_electrode_s10,phase2/results/predictions/full/electrode/resnet/seed_43/bandpass_n20004_cRA_V2_V5_electrode_s10.npz,76319,3400ac8de8c3c6eaed5f2cf4caff81073cb65452c70704cf6fb69161db840a1b
resnet,electrode,43,bandpass_n20004_cRA_V2_V5_electrode_s5,phase2/results/predictions/full/electrode/resnet/seed_43/bandpass_n20004_cRA_V2_V5_electrode_s5.npz,76172,99fb6f9679815b6b4f752b65d154895469048e2156c512d92c38e76bed32fa37
resnet,electrode,43,bandpass_n20004_cRA_V2_V5_electrode_s0,phase2/results/predictions/full/electrode/resnet/seed_43/bandpass_n20004_cRA_V2_V5_electrode_s0.npz,75774,2b3a2eec6f07b44fb69a7f6fdfb33f1415d051879920c54afbe4c81bff2402b1
resnet,electrode,43,bandpass_n20004_cRA_V2_V5_covariance_s20,phase2/results/predictions/full/electrode/resnet/seed_43/bandpass_n20004_cRA_V2_V5_covariance_s20.npz,76420,8df98669173da545234907ba70ad41b3b3eb79d5d2184701d588af1e855fe211
resnet,electrode,43,bandpass_n20004_cRA_V2_V5_covariance_s15,phase2/results/predictions/full/electrode/resnet/seed_43/bandpass_n20004_cRA_V2_V5_covariance_s15.npz,76398,c5355c308c79711a2ca5332486fe967b1e258e8db48d2aa0103a4b1815efa0d9
resnet,electrode,43,bandpass_n20004_cRA_V2_V5_covariance_s10,phase2/results/predictions/full/electrode/resnet/seed_43/bandpass_n20004_cRA_V2_V5_covariance_s10.npz,76323,ad9220411cc246fbdb9e822d06bf3c3adb00de1869572628517e3285d4ddb08c
resnet,electrode,43,bandpass_n20004_cRA_V2_V5_covariance_s5,phase2/results/predictions/full/electrode/resnet/seed_43/bandpass_n20004_cRA_V2_V5_covariance_s5.npz,76177,941eea43a759d78df83e9c8223584da06a4f0ac4dc6dfef451f288708d00c96e
resnet,electrode,43,bandpass_n20004_cRA_V2_V5_covariance_s0,phase2/results/predictions/full/electrode/resnet/seed_43/bandpass_n20004_cRA_V2_V5_covariance_s0.npz,75872,6dd793f1ee4e2cb60bcb00fe1d607daa340c5c57754232d99f48bcd7a4f61ae2
resnet,electrode,43,bandpass_n20004_cLA_V3_V6_independent_rms_s20,phase2/results/predictions/full/electrode/resnet/seed_43/bandpass_n20004_cLA_V3_V6_independent_rms_s20.npz,76418,b19d00551cc9315df83eb5ef224cf0904df491ab405ea044a79f2ab231a787aa
resnet,electrode,43,bandpass_n20004_cLA_V3_V6_independent_rms_s15,phase2/results/predictions/full/electrode/resnet/seed_43/bandpass_n20004_cLA_V3_V6_independent_rms_s15.npz,76416,277afee90294978c8e53a8ba4c32545d602d9807c1df60b40394531bf7bce9b1
resnet,electrode,43,bandpass_n20004_cLA_V3_V6_independent_rms_s10,phase2/results/predictions/full/electrode/resnet/seed_43/bandpass_n20004_cLA_V3_V6_independent_rms_s10.npz,76372,5c74f6317d58b769a7be6ba980f1ccf8f6602a2635acc941c3405e692bdfc536
resnet,electrode,43,bandpass_n20004_cLA_V3_V6_independent_rms_s5,phase2/results/predictions/full/electrode/resnet/seed_43/bandpass_n20004_cLA_V3_V6_independent_rms_s5.npz,76234,9cbe076de064ebc25ea93d25c859013db757c6899810bf21a33c5d63b74da932
resnet,electrode,43,bandpass_n20004_cLA_V3_V6_independent_rms_s0,phase2/results/predictions/full/electrode/resnet/seed_43/bandpass_n20004_cLA_V3_V6_independent_rms_s0.npz,75947,73c38a95ec3e465d177697d9c4a5b18916eb4c6bb909921392dd1d30a0672d0f
resnet,electrode,43,bandpass_n20004_cLA_V3_V6_electrode_s20,phase2/results/predictions/full/electrode/resnet/seed_43/bandpass_n20004_cLA_V3_V6_electrode_s20.npz,76392,f4fcc6b6776bdaa2904ec81f4d34cf83fa0224b52afa3faadc6a83d30b2cf23b
resnet,electrode,43,bandpass_n20004_cLA_V3_V6_electrode_s15,phase2/results/predictions/full/electrode/resnet/seed_43/bandpass_n20004_cLA_V3_V6_electrode_s15.npz,76421,edee0c26a303c50ddb991f88cfaa5df994428dda1ef1351115f4171648669e00
resnet,electrode,43,bandpass_n20004_cLA_V3_V6_electrode_s10,phase2/results/predictions/full/electrode/resnet/seed_43/bandpass_n20004_cLA_V3_V6_electrode_s10.npz,76379,61fe2b487d5932bd674c05b8ca99758df302357dc8bd3c2e85c7adab0672f3aa
resnet,electrode,43,bandpass_n20004_cLA_V3_V6_electrode_s5,phase2/results/predictions/full/electrode/resnet/seed_43/bandpass_n20004_cLA_V3_V6_electrode_s5.npz,76237,be8d977f83512137b6aa4422818f884b5edf0f63ea0fa888f424dfcdeb0a70c8
resnet,electrode,43,bandpass_n20004_cLA_V3_V6_electrode_s0,phase2/results/predictions/full/electrode/resnet/seed_43/bandpass_n20004_cLA_V3_V6_electrode_s0.npz,75837,8b662e3be89f12f6a628ead3459fc666eefcb34bd426e56923265210bd75ce5a
resnet,electrode,43,bandpass_n20004_cLA_V3_V6_covariance_s20,phase2/results/predictions/full/electrode/resnet/seed_43/bandpass_n20004_cLA_V3_V6_covariance_s20.npz,76412,19b939c00b6394988d00ceec951ff7acbeb414f982f1cccdc9e70da51b3a5100
resnet,electrode,43,bandpass_n20004_cLA_V3_V6_covariance_s15,phase2/results/predictions/full/electrode/resnet/seed_43/bandpass_n20004_cLA_V3_V6_covariance_s15.npz,76372,0b7d083f7a99941a39466e18648c9e8290f5a8d3d35ed7aaef67d96911c951cc
resnet,electrode,43,bandpass_n20004_cLA_V3_V6_covariance_s10,phase2/results/predictions/full/electrode/resnet/seed_43/bandpass_n20004_cLA_V3_V6_covariance_s10.npz,76350,cfcf4a6fb4c312889eceb4521a7837aaf2abd10a273bc13c6e95bdac2a8ff93f
resnet,electrode,43,bandpass_n20004_cLA_V3_V6_covariance_s5,phase2/results/predictions/full/electrode/resnet/seed_43/bandpass_n20004_cLA_V3_V6_covariance_s5.npz,76215,c97a7bf29c5105423f7e0608459817ade83abdd82f40dbb33a25782510a21bd2
resnet,electrode,43,bandpass_n20004_cLA_V3_V6_covariance_s0,phase2/results/predictions/full/electrode/resnet/seed_43/bandpass_n20004_cLA_V3_V6_covariance_s0.npz,75856,369ba577bf2d6955a8b4410f186d02bef1d884390774b033c1929b0259510587
resnet,electrode,43,bandpass_n20004_cLL_V1_V4_independent_rms_s20,phase2/results/predictions/full/electrode/resnet/seed_43/bandpass_n20004_cLL_V1_V4_independent_rms_s20.npz,76399,f3f604dc1d26edb6fd8beb12d71ea15b854a6846beefbe0af1c231388e8c314c
resnet,electrode,43,bandpass_n20004_cLL_V1_V4_independent_rms_s15,phase2/results/predictions/full/electrode/resnet/seed_43/bandpass_n20004_cLL_V1_V4_independent_rms_s15.npz,76422,d0225ffdc0bdd767aa3a33b5caaa339ccee0424edc50262cf0f2ddcaaa8948c3
resnet,electrode,43,bandpass_n20004_cLL_V1_V4_independent_rms_s10,phase2/results/predictions/full/electrode/resnet/seed_43/bandpass_n20004_cLL_V1_V4_independent_rms_s10.npz,76393,240629508a1cf811c3a2f423c08f79f893410df2bc8e9cf3c0b412eb60f4648d
resnet,electrode,43,bandpass_n20004_cLL_V1_V4_independent_rms_s5,phase2/results/predictions/full/electrode/resnet/seed_43/bandpass_n20004_cLL_V1_V4_independent_rms_s5.npz,76258,5c9eefa94328f4fdb5ab070a0addc5450e958b62aff4e3da724f5447cf50e663
resnet,electrode,43,bandpass_n20004_cLL_V1_V4_independent_rms_s0,phase2/results/predictions/full/electrode/resnet/seed_43/bandpass_n20004_cLL_V1_V4_independent_rms_s0.npz,75841,1f06f26c4a34ba44fe4b32e413f59fde3f7f120205fd5f0fb200502089f63396
resnet,electrode,43,bandpass_n20004_cLL_V1_V4_electrode_s20,phase2/results/predictions/full/electrode/resnet/seed_43/bandpass_n20004_cLL_V1_V4_electrode_s20.npz,76406,a0de3929231cde438bda863c11ce0afddb609c22af6b0f1109e8b5c4d7182e65
resnet,electrode,43,bandpass_n20004_cLL_V1_V4_electrode_s15,phase2/results/predictions/full/electrode/resnet/seed_43/bandpass_n20004_cLL_V1_V4_electrode_s15.npz,76384,0ae752efd8ef396046b59ae0a57597d9d9101753340066202b170afd2bcde2f7
resnet,electrode,43,bandpass_n20004_cLL_V1_V4_electrode_s10,phase2/results/predictions/full/electrode/resnet/seed_43/bandpass_n20004_cLL_V1_V4_electrode_s10.npz,76308,9f1eda182a99c4122ac5f247f5c0c41d8612307d89c8f4f0e53bdf27f78548bb
resnet,electrode,43,bandpass_n20004_cLL_V1_V4_electrode_s5,phase2/results/predictions/full/electrode/resnet/seed_43/bandpass_n20004_cLL_V1_V4_electrode_s5.npz,76131,da626ed44f29c826f5e90307c8e979a4488dd1375340d1091eb8548dfb0cab0e
resnet,electrode,43,bandpass_n20004_cLL_V1_V4_electrode_s0,phase2/results/predictions/full/electrode/resnet/seed_43/bandpass_n20004_cLL_V1_V4_electrode_s0.npz,75733,c80c9d00a6940e18e9691b2c08a13e5eace9e9492edcc60a116c407e70ec0591
resnet,electrode,43,bandpass_n20004_cLL_V1_V4_covariance_s20,phase2/results/predictions/full/electrode/resnet/seed_43/bandpass_n20004_cLL_V1_V4_covariance_s20.npz,76367,147a7a1c3a18c1c11a51c8bae3c7de4f31f6e71cff277d1b0b1255cf203ce1c9
resnet,electrode,43,bandpass_n20004_cLL_V1_V4_covariance_s15,phase2/results/predictions/full/electrode/resnet/seed_43/bandpass_n20004_cLL_V1_V4_covariance_s15.npz,76370,5a3087f162ea26dff736968102d5993591f2a728a7b7a3e51d24eb35d7b67877
resnet,electrode,43,bandpass_n20004_cLL_V1_V4_covariance_s10,phase2/results/predictions/full/electrode/resnet/seed_43/bandpass_n20004_cLL_V1_V4_covariance_s10.npz,76356,1bf9ff61693e0a64f9d7e70768c5c804ec42121bf319c2396d27a8266fb9ddb9
resnet,electrode,43,bandpass_n20004_cLL_V1_V4_covariance_s5,phase2/results/predictions/full/electrode/resnet/seed_43/bandpass_n20004_cLL_V1_V4_covariance_s5.npz,76156,22dc3be4596753bdac160855f1f182369b792388b6aae89f5d89ef9c9b162cf6
resnet,electrode,43,bandpass_n20004_cLL_V1_V4_covariance_s0,phase2/results/predictions/full/electrode/resnet/seed_43/bandpass_n20004_cLL_V1_V4_covariance_s0.npz,75697,f5e76059127a463471a3f1e15792d9bc5a097df569f7cda890bd816764a8d44d
resnet,electrode,43,bandpass_n20004_call_independent_rms_s20,phase2/results/predictions/full/electrode/resnet/seed_43/bandpass_n20004_call_independent_rms_s20.npz,76401,1e4dea5d25c98149fc4d8c58d885ddff33f2876e4724b8fa3bdb02793ece76c8
resnet,electrode,43,bandpass_n20004_call_independent_rms_s15,phase2/results/predictions/full/electrode/resnet/seed_43/bandpass_n20004_call_independent_rms_s15.npz,76370,e797f750bd08c4c687bd77ee080c1dd26b4a24d215f8136962957c4c0c5fbfa9
resnet,electrode,43,bandpass_n20004_call_independent_rms_s10,phase2/results/predictions/full/electrode/resnet/seed_43/bandpass_n20004_call_independent_rms_s10.npz,76360,7b4122e67bdda84b2ea943b27de590b005e213103e222ad0510a7b6bb46fb7f2
resnet,electrode,43,bandpass_n20004_call_independent_rms_s5,phase2/results/predictions/full/electrode/resnet/seed_43/bandpass_n20004_call_independent_rms_s5.npz,76247,d3d2ff17fb36434acc4fcdff0016e6ee80b3cb4919e0c2b792f7d3fc507416be
resnet,electrode,43,bandpass_n20004_call_independent_rms_s0,phase2/results/predictions/full/electrode/resnet/seed_43/bandpass_n20004_call_independent_rms_s0.npz,75895,5774e86a8670cf9470172191d2abdd08b2f3abac3e9b9b235161ede4cf5c068b
resnet,electrode,43,bandpass_n20004_call_electrode_s20,phase2/results/predictions/full/electrode/resnet/seed_43/bandpass_n20004_call_electrode_s20.npz,76339,5ba97d508f248adb6528720519fac6563977f7959a6e9b67fa8a4c4976d54794
resnet,electrode,43,bandpass_n20004_call_electrode_s15,phase2/results/predictions/full/electrode/resnet/seed_43/bandpass_n20004_call_electrode_s15.npz,76369,0a8c37e2e405815488cafb91e9530517189fcfff75c37c7b37af63ee005c1d36
resnet,electrode,43,bandpass_n20004_call_electrode_s10,phase2/results/predictions/full/electrode/resnet/seed_43/bandpass_n20004_call_electrode_s10.npz,76296,4391c2512d55819701f61ca7f7b206f0cbfa98f2b0b7ceb3488d4f660164bf72
resnet,electrode,43,bandpass_n20004_call_electrode_s5,phase2/results/predictions/full/electrode/resnet/seed_43/bandpass_n20004_call_electrode_s5.npz,76132,83ef0c1707a2ce78f0097b17a3524946fc3030791b92d64509b217d908bd6b8c
resnet,electrode,43,bandpass_n20004_call_electrode_s0,phase2/results/predictions/full/electrode/resnet/seed_43/bandpass_n20004_call_electrode_s0.npz,75710,e72acd5f0c7b45d6253f7c80067358e34a1e56586b0482a6ddd4a6ce49fad4c1
resnet,electrode,43,bandpass_n20004_call_covariance_s20,phase2/results/predictions/full/electrode/resnet/seed_43/bandpass_n20004_call_covariance_s20.npz,76381,4d6932fd2e13d69303bc066f32f120894d358a34f0e6cf25ed2305c21ff2a385
resnet,electrode,43,bandpass_n20004_call_covariance_s15,phase2/results/predictions/full/electrode/resnet/seed_43/bandpass_n20004_call_covariance_s15.npz,76384,ad2470c1f652c8deb7b784489c4078ee04a9185489885c6741604ec3ba67cc94
resnet,electrode,43,bandpass_n20004_call_covariance_s10,phase2/results/predictions/full/electrode/resnet/seed_43/bandpass_n20004_call_covariance_s10.npz,76338,e37600fe416fc4f16d85553b98e71cc485cc862c63cb0eb965c379e868071ac1
resnet,electrode,43,bandpass_n20004_call_covariance_s5,phase2/results/predictions/full/electrode/resnet/seed_43/bandpass_n20004_call_covariance_s5.npz,76134,9e74a23fb8034accd1c00d40f0e398109e3a7a20e6f76a74c6a383d029546363
resnet,electrode,43,bandpass_n20004_call_covariance_s0,phase2/results/predictions/full/electrode/resnet/seed_43/bandpass_n20004_call_covariance_s0.npz,75724,c268e751e66e9246f38e27c22def0942e7a8e0799426d9d5bd153d27ff9035f7
resnet,electrode,43,bandpass_n20005_cRA_LA_LL_independent_rms_s20,phase2/results/predictions/full/electrode/resnet/seed_43/bandpass_n20005_cRA_LA_LL_independent_rms_s20.npz,76375,2528cbfc9f1f28edfab296f5163dabef4c0d2aee85c4ac478cdaaf6f1166ab87
resnet,electrode,43,bandpass_n20005_cRA_LA_LL_independent_rms_s15,phase2/results/predictions/full/electrode/resnet/seed_43/bandpass_n20005_cRA_LA_LL_independent_rms_s15.npz,76391,c953d18d87971c5e53b47ca474a1a1767d7d5ecf34538fe5c56b936bdd0b02d8
resnet,electrode,43,bandpass_n20005_cRA_LA_LL_independent_rms_s10,phase2/results/predictions/full/electrode/resnet/seed_43/bandpass_n20005_cRA_LA_LL_independent_rms_s10.npz,76368,c69d95ba32b55b5c927a34cfe7a7b6fd1554c5d6f92678726de2ef861621283b
resnet,electrode,43,bandpass_n20005_cRA_LA_LL_independent_rms_s5,phase2/results/predictions/full/electrode/resnet/seed_43/bandpass_n20005_cRA_LA_LL_independent_rms_s5.npz,76252,f885aaeb5636d5596f584dde62d33bafc627cb29c7a1a10e35221bb3a85e9e69
resnet,electrode,43,bandpass_n20005_cRA_LA_LL_independent_rms_s0,phase2/results/predictions/full/electrode/resnet/seed_43/bandpass_n20005_cRA_LA_LL_independent_rms_s0.npz,75868,999d50466941f553c97a4331c71abe605aada3cc6fd259bde0ed40e6ab64b9d3
resnet,electrode,43,bandpass_n20005_cRA_LA_LL_electrode_s20,phase2/results/predictions/full/electrode/resnet/seed_43/bandpass_n20005_cRA_LA_LL_electrode_s20.npz,76361,a095355dc3df4df30e835d2ea2daf7b2812310e6637e63a2ed631db180129feb
resnet,electrode,43,bandpass_n20005_cRA_LA_LL_electrode_s15,phase2/results/predictions/full/electrode/resnet/seed_43/bandpass_n20005_cRA_LA_LL_electrode_s15.npz,76366,8d4c0d20a2400367879d7c11d898709b774ded23660d0e6bea03cf2614fe81db
resnet,electrode,43,bandpass_n20005_cRA_LA_LL_electrode_s10,phase2/results/predictions/full/electrode/resnet/seed_43/bandpass_n20005_cRA_LA_LL_electrode_s10.npz,76313,a1e2ad83c05683536a7f2b344eea8506c243bbec9b4514c62483d97c56ffec4d
resnet,electrode,43,bandpass_n20005_cRA_LA_LL_electrode_s5,phase2/results/predictions/full/electrode/resnet/seed_43/bandpass_n20005_cRA_LA_LL_electrode_s5.npz,76118,bfc931bc031cf7279d324b656625dfdd1d6052c6cab5d673e8de7a1c15c7c8d9
resnet,electrode,43,bandpass_n20005_cRA_LA_LL_electrode_s0,phase2/results/predictions/full/electrode/resnet/seed_43/bandpass_n20005_cRA_LA_LL_electrode_s0.npz,75684,106f31326a129510cbe348e4876156d63ccc5e0fefddf5410ba9bb05070421ba
resnet,electrode,43,bandpass_n20005_cRA_LA_LL_covariance_s20,phase2/results/predictions/full/electrode/resnet/seed_43/bandpass_n20005_cRA_LA_LL_covariance_s20.npz,76399,7b8c7805599410091311fd22c8020d5cf7e0c0f3e9016f9181be3b5e26d31f16
resnet,electrode,43,bandpass_n20005_cRA_LA_LL_covariance_s15,phase2/results/predictions/full/electrode/resnet/seed_43/bandpass_n20005_cRA_LA_LL_covariance_s15.npz,76374,976e725eff3d39e889dfc05d9cadf91dc0d6633c05da461d31bfe542e76d6fc8
resnet,electrode,43,bandpass_n20005_cRA_LA_LL_covariance_s10,phase2/results/predictions/full/electrode/resnet/seed_43/bandpass_n20005_cRA_LA_LL_covariance_s10.npz,76354,80a0a7f72dd40b277d71ddcec10a8f64e633fbc892c3bbf3f87899929ca57382
resnet,electrode,43,bandpass_n20005_cRA_LA_LL_covariance_s5,phase2/results/predictions/full/electrode/resnet/seed_43/bandpass_n20005_cRA_LA_LL_covariance_s5.npz,76120,3ba30660cb67b15f860220756a68ee94dbddfafccf32a412ce25e7e518e1a7a7
resnet,electrode,43,bandpass_n20005_cRA_LA_LL_covariance_s0,phase2/results/predictions/full/electrode/resnet/seed_43/bandpass_n20005_cRA_LA_LL_covariance_s0.npz,75682,c800dbb5904d22380ad02f9ae952f99013d53298284b592a0017b8fdb0681b12
resnet,electrode,43,bandpass_n20005_cV1_independent_rms_s20,phase2/results/predictions/full/electrode/resnet/seed_43/bandpass_n20005_cV1_independent_rms_s20.npz,76391,0b116cbfdd2f45e40a361a6963bc2768c1e595383f177186ed31f772c0c6ca63
resnet,electrode,43,bandpass_n20005_cV1_independent_rms_s15,phase2/results/predictions/full/electrode/resnet/seed_43/bandpass_n20005_cV1_independent_rms_s15.npz,76358,4e02033531b12d5079948136a336d64d2662edd978b7968c56f06c6b5299aa18
resnet,electrode,43,bandpass_n20005_cV1_independent_rms_s10,phase2/results/predictions/full/electrode/resnet/seed_43/bandpass_n20005_cV1_independent_rms_s10.npz,76281,b769b5816f305cc52a3442a9f00a49ac9b6c0d282477d2a0d9c8b45394df4cff
resnet,electrode,43,bandpass_n20005_cV1_independent_rms_s5,phase2/results/predictions/full/electrode/resnet/seed_43/bandpass_n20005_cV1_independent_rms_s5.npz,76149,92956e8ca7ca3ad2c27a5e0a550815de012cdefae2fdd7cd055d4bc5ab04b591
resnet,electrode,43,bandpass_n20005_cV1_independent_rms_s0,phase2/results/predictions/full/electrode/resnet/seed_43/bandpass_n20005_cV1_independent_rms_s0.npz,75676,4e0b778bf88dd785b9190d62f02077b46ee77e066ca42cef17e983c0593d4ea8
resnet,electrode,43,bandpass_n20005_cV1_electrode_s20,phase2/results/predictions/full/electrode/resnet/seed_43/bandpass_n20005_cV1_electrode_s20.npz,76372,4292af749971c4df4ac09d377b4b5746e5e611e1b4dc9d779c962d49d6bf9354
resnet,electrode,43,bandpass_n20005_cV1_electrode_s15,phase2/results/predictions/full/electrode/resnet/seed_43/bandpass_n20005_cV1_electrode_s15.npz,76373,4f46004f5da672d17ad6d991cb26446a75624da7b96d1f2656112a001631cbec
resnet,electrode,43,bandpass_n20005_cV1_electrode_s10,phase2/results/predictions/full/electrode/resnet/seed_43/bandpass_n20005_cV1_electrode_s10.npz,76297,6cd2c19f9f9fdeae9920a9942d86a975fee3388515bc89fcfd25fffa98c8cc23
resnet,electrode,43,bandpass_n20005_cV1_electrode_s5,phase2/results/predictions/full/electrode/resnet/seed_43/bandpass_n20005_cV1_electrode_s5.npz,76132,4a67333b1635c5397c340ca1d3e6222dd1b9224cb53cad844c49b763673cc502
resnet,electrode,43,bandpass_n20005_cV1_electrode_s0,phase2/results/predictions/full/electrode/resnet/seed_43/bandpass_n20005_cV1_electrode_s0.npz,75659,d42ad464ddb4e9675c205dd2c537c5b1fd09fa40569535c24ed75d8b2a11c7ea
resnet,electrode,43,bandpass_n20005_cV1_covariance_s20,phase2/results/predictions/full/electrode/resnet/seed_43/bandpass_n20005_cV1_covariance_s20.npz,76377,6051aa6446516531826bb2563e1282c4c31fdd36500f37cba514af44a392a5f4
resnet,electrode,43,bandpass_n20005_cV1_covariance_s15,phase2/results/predictions/full/electrode/resnet/seed_43/bandpass_n20005_cV1_covariance_s15.npz,76383,f5e198ad67dd802a8bb304634d24ac188d8febe6fd96306a72dd8229a792ce3d
resnet,electrode,43,bandpass_n20005_cV1_covariance_s10,phase2/results/predictions/full/electrode/resnet/seed_43/bandpass_n20005_cV1_covariance_s10.npz,76278,0084247286e211d4e5c465ab9eea55d785d5143af62f63626e9fe3a5571fd315
resnet,electrode,43,bandpass_n20005_cV1_covariance_s5,phase2/results/predictions/full/electrode/resnet/seed_43/bandpass_n20005_cV1_covariance_s5.npz,76154,c9e16f8f6510553d714e3f360a1868ddc528eef274acfbbcb0e0bd789efbcad0
resnet,electrode,43,bandpass_n20005_cV1_covariance_s0,phase2/results/predictions/full/electrode/resnet/seed_43/bandpass_n20005_cV1_covariance_s0.npz,75677,f8bba281489a14e1f4e64e450d46bf8bdcb9b1278b36162b23266d3a4bdc3fd2
resnet,electrode,43,bandpass_n20005_cV2_independent_rms_s20,phase2/results/predictions/full/electrode/resnet/seed_43/bandpass_n20005_cV2_independent_rms_s20.npz,76395,aaab172318bc141acce4507a9237301ebe22b1f4508fcb9be7efde06f8d8f792
resnet,electrode,43,bandpass_n20005_cV2_independent_rms_s15,phase2/results/predictions/full/electrode/resnet/seed_43/bandpass_n20005_cV2_independent_rms_s15.npz,76354,2462295c4ebdbd9dcd9d222914f6a2b193c7c140cd056bda148fa02ddd7ed7d7
resnet,electrode,43,bandpass_n20005_cV2_independent_rms_s10,phase2/results/predictions/full/electrode/resnet/seed_43/bandpass_n20005_cV2_independent_rms_s10.npz,76325,350e840c3245bde9bca675c64623984537778b8c59726ef114394f38b45f8aa1
resnet,electrode,43,bandpass_n20005_cV2_independent_rms_s5,phase2/results/predictions/full/electrode/resnet/seed_43/bandpass_n20005_cV2_independent_rms_s5.npz,76219,62e2e4ac999b52f5f5eedd7b463f33f59352111fa9ab9b31e36cb488e83f7760
resnet,electrode,43,bandpass_n20005_cV2_independent_rms_s0,phase2/results/predictions/full/electrode/resnet/seed_43/bandpass_n20005_cV2_independent_rms_s0.npz,75886,d6619085f5d777828dd90cb6b4d48a58e9bb65f05e06e306b73f2ddbf9cea4be
resnet,electrode,43,bandpass_n20005_cV2_electrode_s20,phase2/results/predictions/full/electrode/resnet/seed_43/bandpass_n20005_cV2_electrode_s20.npz,76380,48e896ac3b97da1cf149a928f4fdf2505f78c37dd8ab5f367dc1f14c9c815260
resnet,electrode,43,bandpass_n20005_cV2_electrode_s15,phase2/results/predictions/full/electrode/resnet/seed_43/bandpass_n20005_cV2_electrode_s15.npz,76357,867a25fbf25dfe59aaca96414e004d7ccf67eee1c018f4170ef4e51370f5a6ca
resnet,electrode,43,bandpass_n20005_cV2_electrode_s10,phase2/results/predictions/full/electrode/resnet/seed_43/bandpass_n20005_cV2_electrode_s10.npz,76318,37329514754d75abb1b61c95072f3ca60c98988f344d1f88c5d68a64fcd57b48
resnet,electrode,43,bandpass_n20005_cV2_electrode_s5,phase2/results/predictions/full/electrode/resnet/seed_43/bandpass_n20005_cV2_electrode_s5.npz,76171,e296b30ac1fd7eabf0c479d8d52b9ccc5e6a99a1228c259c8d503a00bc8f33c4
resnet,electrode,43,bandpass_n20005_cV2_electrode_s0,phase2/results/predictions/full/electrode/resnet/seed_43/bandpass_n20005_cV2_electrode_s0.npz,75851,14a42131b8cab00faefe512e17ed8e645be7f960677785c11e07d759d645bce9
resnet,electrode,43,bandpass_n20005_cV2_covariance_s20,phase2/results/predictions/full/electrode/resnet/seed_43/bandpass_n20005_cV2_covariance_s20.npz,76367,e15af88c772d98b77ec11b5cabf2bd6fac5128e0a347982dbc9e3c1ee7f4e2b8
resnet,electrode,43,bandpass_n20005_cV2_covariance_s15,phase2/results/predictions/full/electrode/resnet/seed_43/bandpass_n20005_cV2_covariance_s15.npz,76346,2c95f8ecffdc5f5f047df335bd856b3306ebb8732ad8b5d1b75ca6bc9bcdc3c1
resnet,electrode,43,bandpass_n20005_cV2_covariance_s10,phase2/results/predictions/full/electrode/resnet/seed_43/bandpass_n20005_cV2_covariance_s10.npz,76299,ab28d09565b5a2d2fac39e4f8a68993b99087fe1b06927f3f603e7561a26c73b
resnet,electrode,43,bandpass_n20005_cV2_covariance_s5,phase2/results/predictions/full/electrode/resnet/seed_43/bandpass_n20005_cV2_covariance_s5.npz,76201,974bb0661833a54909a89a5c7587585245cf624b9be66099380c8f6a2fb4017d
resnet,electrode,43,bandpass_n20005_cV2_covariance_s0,phase2/results/predictions/full/electrode/resnet/seed_43/bandpass_n20005_cV2_covariance_s0.npz,75870,3121fb44cb2354383fb9af769dcdd07cfd0015fefa3f334eca3f0df05d4acbb0
resnet,electrode,43,bandpass_n20005_cV3_independent_rms_s20,phase2/results/predictions/full/electrode/resnet/seed_43/bandpass_n20005_cV3_independent_rms_s20.npz,76387,3fb0bf45fa33ec802276f9b7100b1fa68dfba53ec8556aa8e86364127ca2cb70
resnet,electrode,43,bandpass_n20005_cV3_independent_rms_s15,phase2/results/predictions/full/electrode/resnet/seed_43/bandpass_n20005_cV3_independent_rms_s15.npz,76410,d7e7a70ebd2d86aaad1acac934c3908c4e17c5508461515d17ab97a91fffe91d
resnet,electrode,43,bandpass_n20005_cV3_independent_rms_s10,phase2/results/predictions/full/electrode/resnet/seed_43/bandpass_n20005_cV3_independent_rms_s10.npz,76366,7cbdfc09a1e8d195d2bae9a75db13a704f1c5e04bc3308e9ff0faf4626e14d61
resnet,electrode,43,bandpass_n20005_cV3_independent_rms_s5,phase2/results/predictions/full/electrode/resnet/seed_43/bandpass_n20005_cV3_independent_rms_s5.npz,76329,091043079d4ea40045057211779d834ebf2de099fcf4029037e68cf0c1c4a830
resnet,electrode,43,bandpass_n20005_cV3_independent_rms_s0,phase2/results/predictions/full/electrode/resnet/seed_43/bandpass_n20005_cV3_independent_rms_s0.npz,76002,51f58c4a87fbccf7148d1a5972a401a73b7dac216f32542ed984b6306cebfc7e
resnet,electrode,43,bandpass_n20005_cV3_electrode_s20,phase2/results/predictions/full/electrode/resnet/seed_43/bandpass_n20005_cV3_electrode_s20.npz,76393,56a037e062317408e2d2d0cdf0a1c2e49e27cbb2d0a7d7f49b439c758f6b9960
resnet,electrode,43,bandpass_n20005_cV3_electrode_s15,phase2/results/predictions/full/electrode/resnet/seed_43/bandpass_n20005_cV3_electrode_s15.npz,76377,63a60dd856f36928d07e2d05db4ac75fa70038271c8b0ffb1b9f7fef6a455096
resnet,electrode,43,bandpass_n20005_cV3_electrode_s10,phase2/results/predictions/full/electrode/resnet/seed_43/bandpass_n20005_cV3_electrode_s10.npz,76389,0f441cb80440060ff5e35ddba5bb2cb8b72c6e557f6d6d362bf47d085fe5df6a
resnet,electrode,43,bandpass_n20005_cV3_electrode_s5,phase2/results/predictions/full/electrode/resnet/seed_43/bandpass_n20005_cV3_electrode_s5.npz,76245,6adc1abc816f69aeb62f65af7636530b8411c26cabac890cf6f4e3740dddbeb6
resnet,electrode,43,bandpass_n20005_cV3_electrode_s0,phase2/results/predictions/full/electrode/resnet/seed_43/bandpass_n20005_cV3_electrode_s0.npz,75983,7129ad426412371d7881faee429c1316bd8d4ecba6545af45a97e31cebf63124
resnet,electrode,43,bandpass_n20005_cV3_covariance_s20,phase2/results/predictions/full/electrode/resnet/seed_43/bandpass_n20005_cV3_covariance_s20.npz,76386,91c25b8ce37ca7fb9395ce4344a0d2eadcba3b2dc241958a7b80d31016377568
resnet,electrode,43,bandpass_n20005_cV3_covariance_s15,phase2/results/predictions/full/electrode/resnet/seed_43/bandpass_n20005_cV3_covariance_s15.npz,76388,f37b2b4d0028a71318afac3a6a1322499ef40f3f2edf4ee6a2d9a6b9f1c6d824
resnet,electrode,43,bandpass_n20005_cV3_covariance_s10,phase2/results/predictions/full/electrode/resnet/seed_43/bandpass_n20005_cV3_covariance_s10.npz,76366,c4769a32325ff445fbdede835aa08844ffee4d23f7084d04f5d58e9ed2f92bd8
resnet,electrode,43,bandpass_n20005_cV3_covariance_s5,phase2/results/predictions/full/electrode/resnet/seed_43/bandpass_n20005_cV3_covariance_s5.npz,76277,70ea26445aebe079db1ca4f687f9693528e655d43e6ad45e7cf668108d6f7129
resnet,electrode,43,bandpass_n20005_cV3_covariance_s0,phase2/results/predictions/full/electrode/resnet/seed_43/bandpass_n20005_cV3_covariance_s0.npz,75998,6cd4a7cf87b768ca61d08fa6827bbf15ebaac8834bbd9a5fa40fcf8fdd38b717
resnet,electrode,43,bandpass_n20005_cV4_independent_rms_s20,phase2/results/predictions/full/electrode/resnet/seed_43/bandpass_n20005_cV4_independent_rms_s20.npz,76352,9d3d911dcf8d03cf693c432fbe8e9bb17bf61662985ab2f3bf6c888482b19cbc
resnet,electrode,43,bandpass_n20005_cV4_independent_rms_s15,phase2/results/predictions/full/electrode/resnet/seed_43/bandpass_n20005_cV4_independent_rms_s15.npz,76418,975edb7952651ca6fa5a93453a6b37871723a164340a58c07645c6321f66079e
resnet,electrode,43,bandpass_n20005_cV4_independent_rms_s10,phase2/results/predictions/full/electrode/resnet/seed_43/bandpass_n20005_cV4_independent_rms_s10.npz,76347,cdb8be3fe08c693eb679b5f164551530feca61e26427c4b66f8de6f370ecf67c
resnet,electrode,43,bandpass_n20005_cV4_independent_rms_s5,phase2/results/predictions/full/electrode/resnet/seed_43/bandpass_n20005_cV4_independent_rms_s5.npz,76272,975cfb2cd58938cbdfe00824ba7de79a0e41828b2312a0cf6896c20e0a81f1b3
resnet,electrode,43,bandpass_n20005_cV4_independent_rms_s0,phase2/results/predictions/full/electrode/resnet/seed_43/bandpass_n20005_cV4_independent_rms_s0.npz,75996,b8611ff0bf7cf582d3e0c5f45e5291bfedbb04da8d55330c01bf816f3d8efbea
resnet,electrode,43,bandpass_n20005_cV4_electrode_s20,phase2/results/predictions/full/electrode/resnet/seed_43/bandpass_n20005_cV4_electrode_s20.npz,76390,654f284d50dc26a1688a1dbfde10a673571eee1ded2aa486914a936140856374
resnet,electrode,43,bandpass_n20005_cV4_electrode_s15,phase2/results/predictions/full/electrode/resnet/seed_43/bandpass_n20005_cV4_electrode_s15.npz,76359,e452f913937b949edd93c2592f8d4ffd315f985c87d49396288bd72daa2eba92
resnet,electrode,43,bandpass_n20005_cV4_electrode_s10,phase2/results/predictions/full/electrode/resnet/seed_43/bandpass_n20005_cV4_electrode_s10.npz,76366,ca5450c7506410c748d2ef049bf08831ef7b393ba44ac46693dc0887f7f9ccc5
resnet,electrode,43,bandpass_n20005_cV4_electrode_s5,phase2/results/predictions/full/electrode/resnet/seed_43/bandpass_n20005_cV4_electrode_s5.npz,76263,9c8e66a5ddf3dce45e504bea474f1f7b08b71b9f84d253dfaee1ba02df73a8b8
resnet,electrode,43,bandpass_n20005_cV4_electrode_s0,phase2/results/predictions/full/electrode/resnet/seed_43/bandpass_n20005_cV4_electrode_s0.npz,75982,21bdce824b5a6cb5e8ee5f83754e67e91caefa8b1a8436a4842a27d21d5eacba
resnet,electrode,43,bandpass_n20005_cV4_covariance_s20,phase2/results/predictions/full/electrode/resnet/seed_43/bandpass_n20005_cV4_covariance_s20.npz,76395,78688196f1550789f08963f78c60f800fa4ec707fe95c2638a8b08c58b3581a2
resnet,electrode,43,bandpass_n20005_cV4_covariance_s15,phase2/results/predictions/full/electrode/resnet/seed_43/bandpass_n20005_cV4_covariance_s15.npz,76381,fba66a5f6fafe972a5af8eab43796b7025a6d9eaa70f8b850cc871eb60c9dd40
resnet,electrode,43,bandpass_n20005_cV4_covariance_s10,phase2/results/predictions/full/electrode/resnet/seed_43/bandpass_n20005_cV4_covariance_s10.npz,76378,44c3fabdbdc2829c09ced5a1b36a879b912888ac7a9b63d218a85433e3441db0
resnet,electrode,43,bandpass_n20005_cV4_covariance_s5,phase2/results/predictions/full/electrode/resnet/seed_43/bandpass_n20005_cV4_covariance_s5.npz,76268,ab4b007b937e685aea07569a7ac4fe5951ac4b16af9b23b69200f99d426e10c9
resnet,electrode,43,bandpass_n20005_cV4_covariance_s0,phase2/results/predictions/full/electrode/resnet/seed_43/bandpass_n20005_cV4_covariance_s0.npz,75991,69c97b623f419f1734ee6f454765d8e8876386d790e1ded50c6879227719f140
resnet,electrode,43,bandpass_n20005_cV5_independent_rms_s20,phase2/results/predictions/full/electrode/resnet/seed_43/bandpass_n20005_cV5_independent_rms_s20.npz,76360,f3b5355b91b89551787c832214ec7a4f644cb33eb09758da3f5b90e4a78f5f75
resnet,electrode,43,bandpass_n20005_cV5_independent_rms_s15,phase2/results/predictions/full/electrode/resnet/seed_43/bandpass_n20005_cV5_independent_rms_s15.npz,76365,79ed165562d9156f4dd67ebdd87f1442c042f7a80875f59baf16838e0c12b037
resnet,electrode,43,bandpass_n20005_cV5_independent_rms_s10,phase2/results/predictions/full/electrode/resnet/seed_43/bandpass_n20005_cV5_independent_rms_s10.npz,76367,f42b05eda171dce8d9fcf8376435e95bb7cb608f3a8ff4148f77c54531b86e5a
resnet,electrode,43,bandpass_n20005_cV5_independent_rms_s5,phase2/results/predictions/full/electrode/resnet/seed_43/bandpass_n20005_cV5_independent_rms_s5.npz,76248,010c9baafbd7d3e9793f7bc7ffb7b4b992405dc60a36da5cf3a348ff14d66a86
resnet,electrode,43,bandpass_n20005_cV5_independent_rms_s0,phase2/results/predictions/full/electrode/resnet/seed_43/bandpass_n20005_cV5_independent_rms_s0.npz,75980,d7b516ed4eedb2703cbc6df909975e6c5de5c03ed7337ca545415bec187d5825
resnet,electrode,43,bandpass_n20005_cV5_electrode_s20,phase2/results/predictions/full/electrode/resnet/seed_43/bandpass_n20005_cV5_electrode_s20.npz,76362,2ae96a771b19c5b75b4b7bd1b2b09b5aa78de83c9dcd42556207076277e3ab10
resnet,electrode,43,bandpass_n20005_cV5_electrode_s15,phase2/results/predictions/full/electrode/resnet/seed_43/bandpass_n20005_cV5_electrode_s15.npz,76351,e7d4bfa18d13a93c3dd387058d6ba79712ec242544a25eed10c643d02b1c91b2
resnet,electrode,43,bandpass_n20005_cV5_electrode_s10,phase2/results/predictions/full/electrode/resnet/seed_43/bandpass_n20005_cV5_electrode_s10.npz,76333,7dc10903a68e88bd850ca12f3ba242cc67c5b8918e4e7a00152edf76782830f4
resnet,electrode,43,bandpass_n20005_cV5_electrode_s5,phase2/results/predictions/full/electrode/resnet/seed_43/bandpass_n20005_cV5_electrode_s5.npz,76178,379818923f01d9da0825ee74c0ac0c6f794053b3b60de06b4325bd9fa9e18b7a
resnet,electrode,43,bandpass_n20005_cV5_electrode_s0,phase2/results/predictions/full/electrode/resnet/seed_43/bandpass_n20005_cV5_electrode_s0.npz,75955,32b6d5868cf77f6b8103e5483a9e4dabca360a84709f5f6f1642e344491f7102
resnet,electrode,43,bandpass_n20005_cV5_covariance_s20,phase2/results/predictions/full/electrode/resnet/seed_43/bandpass_n20005_cV5_covariance_s20.npz,76373,1258930c9ddb27efbcb76473d9cd800d12e7cf53e72065adfe5cd81979d12368
resnet,electrode,43,bandpass_n20005_cV5_covariance_s15,phase2/results/predictions/full/electrode/resnet/seed_43/bandpass_n20005_cV5_covariance_s15.npz,76364,ee0d0ff82ab159af5a6101078eceeefc79b21ad902e3062029f644d8b5ae9b80
resnet,electrode,43,bandpass_n20005_cV5_covariance_s10,phase2/results/predictions/full/electrode/resnet/seed_43/bandpass_n20005_cV5_covariance_s10.npz,76351,4899b5d6a89449cef290694de5d224a4a7068b60f9fc6d9e9edbcdcfd0149abe
resnet,electrode,43,bandpass_n20005_cV5_covariance_s5,phase2/results/predictions/full/electrode/resnet/seed_43/bandpass_n20005_cV5_covariance_s5.npz,76217,93ca83826a7aab0e7268025b1b1c18a86184bcd973fb6cdf9412eb76f81561ef
resnet,electrode,43,bandpass_n20005_cV5_covariance_s0,phase2/results/predictions/full/electrode/resnet/seed_43/bandpass_n20005_cV5_covariance_s0.npz,75975,17412a9b09fad6200cf8d9bf3fa5122ecad3ae8a4b56c8a30d4e822adfddba1e
resnet,electrode,43,bandpass_n20005_cV6_independent_rms_s20,phase2/results/predictions/full/electrode/resnet/seed_43/bandpass_n20005_cV6_independent_rms_s20.npz,76392,3b9b0ec2aa393816848d1f9d6229efd6a5a77100f048d8f514f1e19646ec1a17
resnet,electrode,43,bandpass_n20005_cV6_independent_rms_s15,phase2/results/predictions/full/electrode/resnet/seed_43/bandpass_n20005_cV6_independent_rms_s15.npz,76397,d779e9d65063567a18462bffac700d27cad9771fd1aa4ed93d92b277159fbcb9
resnet,electrode,43,bandpass_n20005_cV6_independent_rms_s10,phase2/results/predictions/full/electrode/resnet/seed_43/bandpass_n20005_cV6_independent_rms_s10.npz,76383,f3f91e2c9079cc14eee687ca4021aaf3aaa93ac5d0f08670e81f896285c8b941
resnet,electrode,43,bandpass_n20005_cV6_independent_rms_s5,phase2/results/predictions/full/electrode/resnet/seed_43/bandpass_n20005_cV6_independent_rms_s5.npz,76259,a95b090e8ff3f02d5ea1d9090438bd4d2646b59c144e771dd12e5539e6e37c3d
resnet,electrode,43,bandpass_n20005_cV6_independent_rms_s0,phase2/results/predictions/full/electrode/resnet/seed_43/bandpass_n20005_cV6_independent_rms_s0.npz,75996,4d60a73164dce4fc353ecd0f8cb8373a25e9d52a1e172da336e08ced3969e619
resnet,electrode,43,bandpass_n20005_cV6_electrode_s20,phase2/results/predictions/full/electrode/resnet/seed_43/bandpass_n20005_cV6_electrode_s20.npz,76384,735622ab10fd699664f9be86aff64aa6bd7160fbd0934c472941357f0b8c441e
resnet,electrode,43,bandpass_n20005_cV6_electrode_s15,phase2/results/predictions/full/electrode/resnet/seed_43/bandpass_n20005_cV6_electrode_s15.npz,76383,1f7a91d3f12c81fed3f66c57a02a4e1f999c9310b671465197b845ef156ad5ce
resnet,electrode,43,bandpass_n20005_cV6_electrode_s10,phase2/results/predictions/full/electrode/resnet/seed_43/bandpass_n20005_cV6_electrode_s10.npz,76319,cc6990ceab1ff53f0a2d4ee50e2fab809db8a204d2b454eda089a37cc207cc3a
resnet,electrode,43,bandpass_n20005_cV6_electrode_s5,phase2/results/predictions/full/electrode/resnet/seed_43/bandpass_n20005_cV6_electrode_s5.npz,76250,e8c5809bf461754bb506972a3c70375a591a32cf00bb3320e97302de237584d2
resnet,electrode,43,bandpass_n20005_cV6_electrode_s0,phase2/results/predictions/full/electrode/resnet/seed_43/bandpass_n20005_cV6_electrode_s0.npz,75985,48b28dc6065ae58e504d6e0cc008e8285f326b1caa77d401406e2e93bf224cd0
resnet,electrode,43,bandpass_n20005_cV6_covariance_s20,phase2/results/predictions/full/electrode/resnet/seed_43/bandpass_n20005_cV6_covariance_s20.npz,76368,13093a03b5e4eb69f2953862478fa9aafd0382ed8998501ed3d89140ab97e04f
resnet,electrode,43,bandpass_n20005_cV6_covariance_s15,phase2/results/predictions/full/electrode/resnet/seed_43/bandpass_n20005_cV6_covariance_s15.npz,76359,dfc3821fa764160a05d94d7af92961d6195548b5e4939818d8ea04a3498fad24
resnet,electrode,43,bandpass_n20005_cV6_covariance_s10,phase2/results/predictions/full/electrode/resnet/seed_43/bandpass_n20005_cV6_covariance_s10.npz,76338,02f18a20acb773a3968909a3d7e8634dcb8fbf9cde3390931f71e882cbafcebb
resnet,electrode,43,bandpass_n20005_cV6_covariance_s5,phase2/results/predictions/full/electrode/resnet/seed_43/bandpass_n20005_cV6_covariance_s5.npz,76217,c364f8ba2ae3c5128c8f3efe5c1cd5ea9e44d00857e38fea163765aaab3592d5
resnet,electrode,43,bandpass_n20005_cV6_covariance_s0,phase2/results/predictions/full/electrode/resnet/seed_43/bandpass_n20005_cV6_covariance_s0.npz,75987,069f6ecb2b0ec0388c72955c227a255079daedcb145295bda2c4e8bd593ac885
resnet,electrode,43,bandpass_n20005_cRA_LA_independent_rms_s20,phase2/results/predictions/full/electrode/resnet/seed_43/bandpass_n20005_cRA_LA_independent_rms_s20.npz,76388,fb49a271f8b214f1452cb1975e1563feefc4a1b4e65bbbd15070152cd13536ab
resnet,electrode,43,bandpass_n20005_cRA_LA_independent_rms_s15,phase2/results/predictions/full/electrode/resnet/seed_43/bandpass_n20005_cRA_LA_independent_rms_s15.npz,76386,69f1243ca9e6c3082fe1cbf6971ef12259a8f110e03d500542625cfce720d5c0
resnet,electrode,43,bandpass_n20005_cRA_LA_independent_rms_s10,phase2/results/predictions/full/electrode/resnet/seed_43/bandpass_n20005_cRA_LA_independent_rms_s10.npz,76350,17b9c972abc5263b60846b50860754ecf8087b685809c18758abe1655f14a442
resnet,electrode,43,bandpass_n20005_cRA_LA_independent_rms_s5,phase2/results/predictions/full/electrode/resnet/seed_43/bandpass_n20005_cRA_LA_independent_rms_s5.npz,76255,1932ea0ae5300d1e1c687b8e8aa953ba73857e08e5d9a1ba372a69087bc95c48
resnet,electrode,43,bandpass_n20005_cRA_LA_independent_rms_s0,phase2/results/predictions/full/electrode/resnet/seed_43/bandpass_n20005_cRA_LA_independent_rms_s0.npz,75920,98335b5d13a103b4a8f2df82c24ce1bbcc7903ea8b216a7f48bd9594c8fc6ca3
resnet,electrode,43,bandpass_n20005_cRA_LA_electrode_s20,phase2/results/predictions/full/electrode/resnet/seed_43/bandpass_n20005_cRA_LA_electrode_s20.npz,76376,0d1a3f11b58e3973a4eea58fb36b2134b3ac00f957952bbeb479c1ac542800f2
resnet,electrode,43,bandpass_n20005_cRA_LA_electrode_s15,phase2/results/predictions/full/electrode/resnet/seed_43/bandpass_n20005_cRA_LA_electrode_s15.npz,76371,29a9ab607601107a9c603c62f8a26ae61cd40736405dbb0348dbd03b0b185593
resnet,electrode,43,bandpass_n20005_cRA_LA_electrode_s10,phase2/results/predictions/full/electrode/resnet/seed_43/bandpass_n20005_cRA_LA_electrode_s10.npz,76298,9c62725b67e6c467ce9c432e716a22a0104898774872bd149ed44039c1cc96c0
resnet,electrode,43,bandpass_n20005_cRA_LA_electrode_s5,phase2/results/predictions/full/electrode/resnet/seed_43/bandpass_n20005_cRA_LA_electrode_s5.npz,76130,af5d1bb6c19c5769bc45eb3232e64ff1d6c0e538a62cd9bb7b42314a81aaa5e9
resnet,electrode,43,bandpass_n20005_cRA_LA_electrode_s0,phase2/results/predictions/full/electrode/resnet/seed_43/bandpass_n20005_cRA_LA_electrode_s0.npz,75713,35d1247faa5ad85d6834163cc0335badabf37fb0349507da0770d6dedd840033
resnet,electrode,43,bandpass_n20005_cRA_LA_covariance_s20,phase2/results/predictions/full/electrode/resnet/seed_43/bandpass_n20005_cRA_LA_covariance_s20.npz,76373,de7e21c650aecfeb9b47016582c93e1ecd9ddfa7788f9c84a213164f1016948f
resnet,electrode,43,bandpass_n20005_cRA_LA_covariance_s15,phase2/results/predictions/full/electrode/resnet/seed_43/bandpass_n20005_cRA_LA_covariance_s15.npz,76353,f6fa473d69fc1f279da593e3ad3c8ddad30aa6c82d3ea2081d79488afd2c3ce1
resnet,electrode,43,bandpass_n20005_cRA_LA_covariance_s10,phase2/results/predictions/full/electrode/resnet/seed_43/bandpass_n20005_cRA_LA_covariance_s10.npz,76314,e6609736f002c8283f7c04e0f00cc18d3cc8453c349205d8533133e46685adba
resnet,electrode,43,bandpass_n20005_cRA_LA_covariance_s5,phase2/results/predictions/full/electrode/resnet/seed_43/bandpass_n20005_cRA_LA_covariance_s5.npz,76145,3c319b8805ae8144cc493cf80ca394f899cdfe6280c840c06358f6130ffbbb1f
resnet,electrode,43,bandpass_n20005_cRA_LA_covariance_s0,phase2/results/predictions/full/electrode/resnet/seed_43/bandpass_n20005_cRA_LA_covariance_s0.npz,75706,d74758a2e27b9ea848185e0a519e291945df61d8f3b73b46473c3c54afddd4a3
resnet,electrode,43,bandpass_n20005_cLA_LL_independent_rms_s20,phase2/results/predictions/full/electrode/resnet/seed_43/bandpass_n20005_cLA_LL_independent_rms_s20.npz,76397,e68c1735c07836978424afa95f402465244f2a19384a6d14b61addf4b987d242
resnet,electrode,43,bandpass_n20005_cLA_LL_independent_rms_s15,phase2/results/predictions/full/electrode/resnet/seed_43/bandpass_n20005_cLA_LL_independent_rms_s15.npz,76398,966adf7ad4d0ea5b94ee2cbebe82b25fcb56f17fc142f84a93596617cda8b698
resnet,electrode,43,bandpass_n20005_cLA_LL_independent_rms_s10,phase2/results/predictions/full/electrode/resnet/seed_43/bandpass_n20005_cLA_LL_independent_rms_s10.npz,76365,02b1d51213d50a74b30785e11db46f2aabcb9a1446f3e97b0a3ffa7006e01e85
resnet,electrode,43,bandpass_n20005_cLA_LL_independent_rms_s5,phase2/results/predictions/full/electrode/resnet/seed_43/bandpass_n20005_cLA_LL_independent_rms_s5.npz,76244,2e8c50a426d3c7525251dd7c947cc7f544d4c409f83e66e455dc32234347c885
resnet,electrode,43,bandpass_n20005_cLA_LL_independent_rms_s0,phase2/results/predictions/full/electrode/resnet/seed_43/bandpass_n20005_cLA_LL_independent_rms_s0.npz,75908,8d8bc8610b708d2749176b28fd3eaa2dd4e046e3a0eedbe9b367933cc82ad65d
resnet,electrode,43,bandpass_n20005_cLA_LL_electrode_s20,phase2/results/predictions/full/electrode/resnet/seed_43/bandpass_n20005_cLA_LL_electrode_s20.npz,76376,c7885c306d2867d4696a39a40d008f3c3c4b288fa3e903a5cd97d7597a75ec79
resnet,electrode,43,bandpass_n20005_cLA_LL_electrode_s15,phase2/results/predictions/full/electrode/resnet/seed_43/bandpass_n20005_cLA_LL_electrode_s15.npz,76343,3038ef1c7d2b48eec820a03f4eb7e0587ad0ae0cd0806841d59531f4424187a9
resnet,electrode,43,bandpass_n20005_cLA_LL_electrode_s10,phase2/results/predictions/full/electrode/resnet/seed_43/bandpass_n20005_cLA_LL_electrode_s10.npz,76336,1d3888a317f3ad7ea220ba0226fab18345f2fd9ea9f67c12307363f713223c0f
resnet,electrode,43,bandpass_n20005_cLA_LL_electrode_s5,phase2/results/predictions/full/electrode/resnet/seed_43/bandpass_n20005_cLA_LL_electrode_s5.npz,76124,6585e78291912716d52d46f30c7f41e88de8a679bf09248ed2b15d0d49634010
resnet,electrode,43,bandpass_n20005_cLA_LL_electrode_s0,phase2/results/predictions/full/electrode/resnet/seed_43/bandpass_n20005_cLA_LL_electrode_s0.npz,75693,0867d9166528320ad67efa36dd4e3d11e430556d5d81a90f773d4435c1890fa0
resnet,electrode,43,bandpass_n20005_cLA_LL_covariance_s20,phase2/results/predictions/full/electrode/resnet/seed_43/bandpass_n20005_cLA_LL_covariance_s20.npz,76383,3a5704e31bf2939557588701cd81b7e166e7bd8b7985089ae4267fd8e94c6147
resnet,electrode,43,bandpass_n20005_cLA_LL_covariance_s15,phase2/results/predictions/full/electrode/resnet/seed_43/bandpass_n20005_cLA_LL_covariance_s15.npz,76378,ef672f49bd9d1d313d9207a79c3604218676263b727b6ffd9e9d68a33cff20ce
resnet,electrode,43,bandpass_n20005_cLA_LL_covariance_s10,phase2/results/predictions/full/electrode/resnet/seed_43/bandpass_n20005_cLA_LL_covariance_s10.npz,76351,73be11ea89fe6a7d56113b253f76e761d112f6dd7901178088e4e5a93fc900ed
resnet,electrode,43,bandpass_n20005_cLA_LL_covariance_s5,phase2/results/predictions/full/electrode/resnet/seed_43/bandpass_n20005_cLA_LL_covariance_s5.npz,76112,1540795fd630523f37ba0b4cfccb2d058cce2f597b244194d1202ac860de302f
resnet,electrode,43,bandpass_n20005_cLA_LL_covariance_s0,phase2/results/predictions/full/electrode/resnet/seed_43/bandpass_n20005_cLA_LL_covariance_s0.npz,75680,161418e907a670e0b82bb8314dd01e068d3a373853092163285185c14a5d5478
resnet,electrode,43,bandpass_n20005_cRA_LL_independent_rms_s20,phase2/results/predictions/full/electrode/resnet/seed_43/bandpass_n20005_cRA_LL_independent_rms_s20.npz,76368,50615c342b162a5cc3befab5e9c90b1379262cd3ded0ad740fdf0b1bcc26b319
resnet,electrode,43,bandpass_n20005_cRA_LL_independent_rms_s15,phase2/results/predictions/full/electrode/resnet/seed_43/bandpass_n20005_cRA_LL_independent_rms_s15.npz,76378,ad2efbeca6dc5c5fea9a32b7b2f66688aedf735f1c53806bbe68090083458760
resnet,electrode,43,bandpass_n20005_cRA_LL_independent_rms_s10,phase2/results/predictions/full/electrode/resnet/seed_43/bandpass_n20005_cRA_LL_independent_rms_s10.npz,76347,be0ddcc7871e7a601ea8a3d3a0cc1dedcd032685c9e5c0f15fe85c3691c9fb3f
resnet,electrode,43,bandpass_n20005_cRA_LL_independent_rms_s5,phase2/results/predictions/full/electrode/resnet/seed_43/bandpass_n20005_cRA_LL_independent_rms_s5.npz,76217,2d2345c97ad505fdcfb7585b5d199d0aad5ed98280ec14a06315d31fd6255d46
resnet,electrode,43,bandpass_n20005_cRA_LL_independent_rms_s0,phase2/results/predictions/full/electrode/resnet/seed_43/bandpass_n20005_cRA_LL_independent_rms_s0.npz,75885,198069d213d7df4dfea8e2f6914e695a8699a19f0ba8c533b58a188527f43e09
resnet,electrode,43,bandpass_n20005_cRA_LL_electrode_s20,phase2/results/predictions/full/electrode/resnet/seed_43/bandpass_n20005_cRA_LL_electrode_s20.npz,76353,03febd79925b22e0d7b88f93007a1b6fb4bbeb2cdc4e1d2d507eeb161bbba15d
resnet,electrode,43,bandpass_n20005_cRA_LL_electrode_s15,phase2/results/predictions/full/electrode/resnet/seed_43/bandpass_n20005_cRA_LL_electrode_s15.npz,76394,34b75d7d29e3c3c837de92109b84e0bf2b3f0e35da6e8a10e5d9dce28c7a148f
resnet,electrode,43,bandpass_n20005_cRA_LL_electrode_s10,phase2/results/predictions/full/electrode/resnet/seed_43/bandpass_n20005_cRA_LL_electrode_s10.npz,76303,5eb0cd10887ab85e8bd7364824fd16dc23e00aa66e314c0ad691b399e14ec693
resnet,electrode,43,bandpass_n20005_cRA_LL_electrode_s5,phase2/results/predictions/full/electrode/resnet/seed_43/bandpass_n20005_cRA_LL_electrode_s5.npz,76091,07ed4c3c5cb61cf6bf5665d1b12a3c3ae4a3967fc9224514567c82aba9c6a7a3
resnet,electrode,43,bandpass_n20005_cRA_LL_electrode_s0,phase2/results/predictions/full/electrode/resnet/seed_43/bandpass_n20005_cRA_LL_electrode_s0.npz,75645,ef5fdfed351c78759bc89aa86717becaf127eee48ce60d621c4a6d12445f32b8
resnet,electrode,43,bandpass_n20005_cRA_LL_covariance_s20,phase2/results/predictions/full/electrode/resnet/seed_43/bandpass_n20005_cRA_LL_covariance_s20.npz,76344,8ac4a56fad7d260f34e2c785e2eee544e0e16a572d3f2d811a82079afd26fac3
resnet,electrode,43,bandpass_n20005_cRA_LL_covariance_s15,phase2/results/predictions/full/electrode/resnet/seed_43/bandpass_n20005_cRA_LL_covariance_s15.npz,76367,7276029687d0afce190860df1897611f335559053535cd80af7706bba87fbe49
resnet,electrode,43,bandpass_n20005_cRA_LL_covariance_s10,phase2/results/predictions/full/electrode/resnet/seed_43/bandpass_n20005_cRA_LL_covariance_s10.npz,76309,2638e8c096c49debdf2944cec9d78281ee97fb9dd849039a2b513d0fa194d985
resnet,electrode,43,bandpass_n20005_cRA_LL_covariance_s5,phase2/results/predictions/full/electrode/resnet/seed_43/bandpass_n20005_cRA_LL_covariance_s5.npz,76067,176c5ec5e4c4c7d3a0f579bc4940b9f8595cff528eb9950ec4b12935a77580a7
resnet,electrode,43,bandpass_n20005_cRA_LL_covariance_s0,phase2/results/predictions/full/electrode/resnet/seed_43/bandpass_n20005_cRA_LL_covariance_s0.npz,75642,cc37e8fe3df978e068a1c52027c81c66c2e3040de1c4627d4e114f3a6cc40615
resnet,electrode,43,bandpass_n20005_cRA_independent_rms_s20,phase2/results/predictions/full/electrode/resnet/seed_43/bandpass_n20005_cRA_independent_rms_s20.npz,76405,d807af8626cf4077462e8b8caec04ab530d3771ff5484a9d14edbcf87ec3d515
resnet,electrode,43,bandpass_n20005_cRA_independent_rms_s15,phase2/results/predictions/full/electrode/resnet/seed_43/bandpass_n20005_cRA_independent_rms_s15.npz,76394,e0ec267cf21a81d78dff3e1978873638ae3f7f97ff0d694586b6ca5549e047d0
resnet,electrode,43,bandpass_n20005_cRA_independent_rms_s10,phase2/results/predictions/full/electrode/resnet/seed_43/bandpass_n20005_cRA_independent_rms_s10.npz,76353,622bb58a365a6bfefde115bae1fc40546082ad37f90d8cf7a40cff9b7c1364cd
resnet,electrode,43,bandpass_n20005_cRA_independent_rms_s5,phase2/results/predictions/full/electrode/resnet/seed_43/bandpass_n20005_cRA_independent_rms_s5.npz,76225,66919ed109ee7daadd8417d61feb2467b7017cc94a0ee8e8e8fb4d8047891b49
resnet,electrode,43,bandpass_n20005_cRA_independent_rms_s0,phase2/results/predictions/full/electrode/resnet/seed_43/bandpass_n20005_cRA_independent_rms_s0.npz,75947,8915796d8bdeff1474a61c0c4ec8a56d162cd11066bef865b0aeffa96ecd40d1
resnet,electrode,43,bandpass_n20005_cRA_electrode_s20,phase2/results/predictions/full/electrode/resnet/seed_43/bandpass_n20005_cRA_electrode_s20.npz,76380,9d01da3f35bd2c8cc685ef7a43508ebeb6a4de34cef0bfc71f4b12816e4d90e1
resnet,electrode,43,bandpass_n20005_cRA_electrode_s15,phase2/results/predictions/full/electrode/resnet/seed_43/bandpass_n20005_cRA_electrode_s15.npz,76356,baec888f5edbf01b7965106d16a084348ece4bcebca984d5c7f935903bcb6447
resnet,electrode,43,bandpass_n20005_cRA_electrode_s10,phase2/results/predictions/full/electrode/resnet/seed_43/bandpass_n20005_cRA_electrode_s10.npz,76314,0f672d72bdfb8fb8fe2bd5faaa0bdfc27dd51de84a9a592912aa0a730cde75f3
resnet,electrode,43,bandpass_n20005_cRA_electrode_s5,phase2/results/predictions/full/electrode/resnet/seed_43/bandpass_n20005_cRA_electrode_s5.npz,76111,4c4832a3c83f10a13693974ff0fb5b64224e872a9bbbedf83062b90ede5424e6
resnet,electrode,43,bandpass_n20005_cRA_electrode_s0,phase2/results/predictions/full/electrode/resnet/seed_43/bandpass_n20005_cRA_electrode_s0.npz,75694,817a618f9de1c51ea969626b8525420527dcf6a99f2f46476c496e3f09242a33
resnet,electrode,43,bandpass_n20005_cRA_covariance_s20,phase2/results/predictions/full/electrode/resnet/seed_43/bandpass_n20005_cRA_covariance_s20.npz,76385,ea29cb3819ba47b51f1718d32834af723dcb969168f855040d42b3ee10dd173c
resnet,electrode,43,bandpass_n20005_cRA_covariance_s15,phase2/results/predictions/full/electrode/resnet/seed_43/bandpass_n20005_cRA_covariance_s15.npz,76397,727e67502159fb177ba386724f85e79c5fc20450bb409638f71f10c2720fd089
resnet,electrode,43,bandpass_n20005_cRA_covariance_s10,phase2/results/predictions/full/electrode/resnet/seed_43/bandpass_n20005_cRA_covariance_s10.npz,76294,0f47ce194e927d639b38dff977fc3de10112d7844a244eaefa1288327f57d1e6
resnet,electrode,43,bandpass_n20005_cRA_covariance_s5,phase2/results/predictions/full/electrode/resnet/seed_43/bandpass_n20005_cRA_covariance_s5.npz,76093,09dac250cda63ee2b5d9e0c3e6aef0824b771557a4be8eb21eadee89fd54380b
resnet,electrode,43,bandpass_n20005_cRA_covariance_s0,phase2/results/predictions/full/electrode/resnet/seed_43/bandpass_n20005_cRA_covariance_s0.npz,75722,82fa5313b10310fd114187d40ec2bca45cce6befa46384809eef37c429692fba
resnet,electrode,43,bandpass_n20005_cLA_independent_rms_s20,phase2/results/predictions/full/electrode/resnet/seed_43/bandpass_n20005_cLA_independent_rms_s20.npz,76388,b9c89ae92ce3ff7aa0d7179df529284098a9e76b17f3ead15bf2dd2495cdb2e6
resnet,electrode,43,bandpass_n20005_cLA_independent_rms_s15,phase2/results/predictions/full/electrode/resnet/seed_43/bandpass_n20005_cLA_independent_rms_s15.npz,76388,093d906221d8a81c310831930c31598747a961de15930d3e8f9a20ee1ebda4a1
resnet,electrode,43,bandpass_n20005_cLA_independent_rms_s10,phase2/results/predictions/full/electrode/resnet/seed_43/bandpass_n20005_cLA_independent_rms_s10.npz,76374,d077bf473d4f270f7e14c864eb3e7f612094c1c88599da6b84447507200ef1f0
resnet,electrode,43,bandpass_n20005_cLA_independent_rms_s5,phase2/results/predictions/full/electrode/resnet/seed_43/bandpass_n20005_cLA_independent_rms_s5.npz,76243,20c7ad297b19066cb7f5aceb8f014bee1856c2529bbb01fccb927b0cb6ce7117
resnet,electrode,43,bandpass_n20005_cLA_independent_rms_s0,phase2/results/predictions/full/electrode/resnet/seed_43/bandpass_n20005_cLA_independent_rms_s0.npz,75902,8fe52ca153731b6c8b1f1eed595a2a590380be3bb953430b2fb58fcf329924cf
resnet,electrode,43,bandpass_n20005_cLA_electrode_s20,phase2/results/predictions/full/electrode/resnet/seed_43/bandpass_n20005_cLA_electrode_s20.npz,76354,84389c112e32d7e7bb508f7c02ed6ec31d771240413a49044c27171f54f591a5
resnet,electrode,43,bandpass_n20005_cLA_electrode_s15,phase2/results/predictions/full/electrode/resnet/seed_43/bandpass_n20005_cLA_electrode_s15.npz,76357,b762b312fd3a0c3a80b2a3fbcef1ec9faa0be3a40dec650e436bcdd3d1ab9c76
resnet,electrode,43,bandpass_n20005_cLA_electrode_s10,phase2/results/predictions/full/electrode/resnet/seed_43/bandpass_n20005_cLA_electrode_s10.npz,76301,9d5f43b81424232133baf050c3ff07c09ac4d63bbb4c5b29e8ccd86f4dbf2b4e
resnet,electrode,43,bandpass_n20005_cLA_electrode_s5,phase2/results/predictions/full/electrode/resnet/seed_43/bandpass_n20005_cLA_electrode_s5.npz,76163,7a010f37c98ef84b798d857c2c20d130e305526d2d395f13b55e5a1b75539609
resnet,electrode,43,bandpass_n20005_cLA_electrode_s0,phase2/results/predictions/full/electrode/resnet/seed_43/bandpass_n20005_cLA_electrode_s0.npz,75723,628df685b5c027eb66b090e70159f526dffa874312939913d7d479f5368e895f
resnet,electrode,43,bandpass_n20005_cLA_covariance_s20,phase2/results/predictions/full/electrode/resnet/seed_43/bandpass_n20005_cLA_covariance_s20.npz,76396,925fda6480e45ecbda52dda9ccb1a5af3749980f56d147dbaeca286f14c5e5ac
resnet,electrode,43,bandpass_n20005_cLA_covariance_s15,phase2/results/predictions/full/electrode/resnet/seed_43/bandpass_n20005_cLA_covariance_s15.npz,76382,c6960530e764af7d4c9e7b19c310af5dc4deef949dbe6a157b112f05f2bc24d2
resnet,electrode,43,bandpass_n20005_cLA_covariance_s10,phase2/results/predictions/full/electrode/resnet/seed_43/bandpass_n20005_cLA_covariance_s10.npz,76331,02d25879289b94845b3c6f6db374fd0890683052c7a251bbfb4836980366d89b
resnet,electrode,43,bandpass_n20005_cLA_covariance_s5,phase2/results/predictions/full/electrode/resnet/seed_43/bandpass_n20005_cLA_covariance_s5.npz,76158,b5f419a1f0e5350d6bbc9f76cfdd5ec780fe49fbda5edc581a0300470ee25727
resnet,electrode,43,bandpass_n20005_cLA_covariance_s0,phase2/results/predictions/full/electrode/resnet/seed_43/bandpass_n20005_cLA_covariance_s0.npz,75746,61a3cef1a46e390d21ebda58c95dd16242cdef6ce65ef2976e455d3ca69ec2f6
resnet,electrode,43,bandpass_n20005_cLL_independent_rms_s20,phase2/results/predictions/full/electrode/resnet/seed_43/bandpass_n20005_cLL_independent_rms_s20.npz,76351,a5b76c77dafdaf0f268ea129f8ded1710fcbc689488f9dad7b4407e13e204125
resnet,electrode,43,bandpass_n20005_cLL_independent_rms_s15,phase2/results/predictions/full/electrode/resnet/seed_43/bandpass_n20005_cLL_independent_rms_s15.npz,76373,af71fa10e3fff32fe5d6884fce0d75d398c0fe383e19e9aca046d9c30be4d569
resnet,electrode,43,bandpass_n20005_cLL_independent_rms_s10,phase2/results/predictions/full/electrode/resnet/seed_43/bandpass_n20005_cLL_independent_rms_s10.npz,76359,28f14ffccd4a383c6f65e84f0eef4ba80062d3db482d0c4ff1b3db02a86b5f6e
resnet,electrode,43,bandpass_n20005_cLL_independent_rms_s5,phase2/results/predictions/full/electrode/resnet/seed_43/bandpass_n20005_cLL_independent_rms_s5.npz,76191,b04f596cfb089456781a768d62071b48a23726a968d12cf43ef7b9571f9c0d09
resnet,electrode,43,bandpass_n20005_cLL_independent_rms_s0,phase2/results/predictions/full/electrode/resnet/seed_43/bandpass_n20005_cLL_independent_rms_s0.npz,75864,40aa497a040153915605f2c80466d22a4a0784972e2f37b3376f4a3c79331e88
resnet,electrode,43,bandpass_n20005_cLL_electrode_s20,phase2/results/predictions/full/electrode/resnet/seed_43/bandpass_n20005_cLL_electrode_s20.npz,76379,9d712423484cc47de540040e96412c4d149ca6f2adb85fec4970b5f1945fe550
resnet,electrode,43,bandpass_n20005_cLL_electrode_s15,phase2/results/predictions/full/electrode/resnet/seed_43/bandpass_n20005_cLL_electrode_s15.npz,76359,1cfa18c9d4864b60e21e4a4fd95a7d39ba4d02973a75cafaf039643059bcb261
resnet,electrode,43,bandpass_n20005_cLL_electrode_s10,phase2/results/predictions/full/electrode/resnet/seed_43/bandpass_n20005_cLL_electrode_s10.npz,76290,56b4dfd943b0e7c693b2a77b2a315b72ffd9a5561614b4ab9a6f1a2564ac32c7
resnet,electrode,43,bandpass_n20005_cLL_electrode_s5,phase2/results/predictions/full/electrode/resnet/seed_43/bandpass_n20005_cLL_electrode_s5.npz,76085,189aa23f359888978206d2c8a926f4b23ae43f78ad090a894e063ad2ea613251
resnet,electrode,43,bandpass_n20005_cLL_electrode_s0,phase2/results/predictions/full/electrode/resnet/seed_43/bandpass_n20005_cLL_electrode_s0.npz,75632,d42c0edcb737f50beaec113702ba087cf6195df9ca25f5c38082d79c7f3306db
resnet,electrode,43,bandpass_n20005_cLL_covariance_s20,phase2/results/predictions/full/electrode/resnet/seed_43/bandpass_n20005_cLL_covariance_s20.npz,76381,6b082ad535014801bd6da374266e688e2cc904226fab055ae97cdd04fd621eec
resnet,electrode,43,bandpass_n20005_cLL_covariance_s15,phase2/results/predictions/full/electrode/resnet/seed_43/bandpass_n20005_cLL_covariance_s15.npz,76403,35cdd274b8b755a8ad6616bbf027b3acc630a70a30be8730b06d96c10d557ae5
resnet,electrode,43,bandpass_n20005_cLL_covariance_s10,phase2/results/predictions/full/electrode/resnet/seed_43/bandpass_n20005_cLL_covariance_s10.npz,76279,751a33ec9b7d4a54f458732d183f27554a6f6521d226b63b7b798af74440900f
resnet,electrode,43,bandpass_n20005_cLL_covariance_s5,phase2/results/predictions/full/electrode/resnet/seed_43/bandpass_n20005_cLL_covariance_s5.npz,76096,3fdfdd9f8e376e062cdd5c4006418ef52773348b35b614eff6058d8128d06b46
resnet,electrode,43,bandpass_n20005_cLL_covariance_s0,phase2/results/predictions/full/electrode/resnet/seed_43/bandpass_n20005_cLL_covariance_s0.npz,75658,397053d45e38823e1c3841733a84705787c66a9d5fbdd870d8e5bdbbc02d71ec
resnet,electrode,43,bandpass_n20005_cRA_V1_independent_rms_s20,phase2/results/predictions/full/electrode/resnet/seed_43/bandpass_n20005_cRA_V1_independent_rms_s20.npz,76431,221a6aeca9018222c895b083a5dd2403635c5208e8ae4d823cfb4f0637ed38a7
resnet,electrode,43,bandpass_n20005_cRA_V1_independent_rms_s15,phase2/results/predictions/full/electrode/resnet/seed_43/bandpass_n20005_cRA_V1_independent_rms_s15.npz,76390,173a7075a5501159a692cff275622db9645341839797eaba0644fbf607192d45
resnet,electrode,43,bandpass_n20005_cRA_V1_independent_rms_s10,phase2/results/predictions/full/electrode/resnet/seed_43/bandpass_n20005_cRA_V1_independent_rms_s10.npz,76303,7299f8096476772bfca2b4d97fc9bddea4fbc5d6a6a7dcf012b86861179fc143
resnet,electrode,43,bandpass_n20005_cRA_V1_independent_rms_s5,phase2/results/predictions/full/electrode/resnet/seed_43/bandpass_n20005_cRA_V1_independent_rms_s5.npz,76237,79ada4c84d45ca311a8c0f45989341e70f8339ebe125de206d88b70a5ab2e273
resnet,electrode,43,bandpass_n20005_cRA_V1_independent_rms_s0,phase2/results/predictions/full/electrode/resnet/seed_43/bandpass_n20005_cRA_V1_independent_rms_s0.npz,75943,b55205443bf832236cdbfaf727858828ba00553aa6f4ee37a489e34d067c09eb
resnet,electrode,43,bandpass_n20005_cRA_V1_electrode_s20,phase2/results/predictions/full/electrode/resnet/seed_43/bandpass_n20005_cRA_V1_electrode_s20.npz,76385,5a0c92b95d2a56d3e04fa9991d9b2619ebcbf1d3de40d8280fc6c1d971b62869
resnet,electrode,43,bandpass_n20005_cRA_V1_electrode_s15,phase2/results/predictions/full/electrode/resnet/seed_43/bandpass_n20005_cRA_V1_electrode_s15.npz,76355,83adb68744cd578aa4903fdfc74b2e52d4f3737e3846820fe25ff48df1aa0da2
resnet,electrode,43,bandpass_n20005_cRA_V1_electrode_s10,phase2/results/predictions/full/electrode/resnet/seed_43/bandpass_n20005_cRA_V1_electrode_s10.npz,76302,817c73d48d14435ef9f2abdab0b553b7463b898bffaac7e3674c7ceb94efa543
resnet,electrode,43,bandpass_n20005_cRA_V1_electrode_s5,phase2/results/predictions/full/electrode/resnet/seed_43/bandpass_n20005_cRA_V1_electrode_s5.npz,76140,eb2acf59fe242505e5f95f5d22f7a0b764271e921a1f4640e9f2e363a07f0631
resnet,electrode,43,bandpass_n20005_cRA_V1_electrode_s0,phase2/results/predictions/full/electrode/resnet/seed_43/bandpass_n20005_cRA_V1_electrode_s0.npz,75731,148f594665f7ad40187a521652896ed5918817bbb0d85a7affd1f086f9d7daad
resnet,electrode,43,bandpass_n20005_cRA_V1_covariance_s20,phase2/results/predictions/full/electrode/resnet/seed_43/bandpass_n20005_cRA_V1_covariance_s20.npz,76414,ee8d8c926e84090396e8b3cf4fcdf3fb27946dbbb8dcff82b568b631c5f8b606
resnet,electrode,43,bandpass_n20005_cRA_V1_covariance_s15,phase2/results/predictions/full/electrode/resnet/seed_43/bandpass_n20005_cRA_V1_covariance_s15.npz,76353,6b713744d143b7ad19baeb581033f9b69b42b10e90420d75a31d08cffe5224d6
resnet,electrode,43,bandpass_n20005_cRA_V1_covariance_s10,phase2/results/predictions/full/electrode/resnet/seed_43/bandpass_n20005_cRA_V1_covariance_s10.npz,76317,403ec48683525816c8340812bfaa5655752674eb02514b9dc11530e0741482e1
resnet,electrode,43,bandpass_n20005_cRA_V1_covariance_s5,phase2/results/predictions/full/electrode/resnet/seed_43/bandpass_n20005_cRA_V1_covariance_s5.npz,76148,7f431abb5c26ff8c0dd94232a899d5d28647dac4b5f80ac9f89bb54a204ce73f
resnet,electrode,43,bandpass_n20005_cRA_V1_covariance_s0,phase2/results/predictions/full/electrode/resnet/seed_43/bandpass_n20005_cRA_V1_covariance_s0.npz,75742,8e43b7e96ba53279d7060dd2fa43252d6f15592fb7e3e56d3c378b03f0a31778
resnet,electrode,43,bandpass_n20005_cLA_V6_independent_rms_s20,phase2/results/predictions/full/electrode/resnet/seed_43/bandpass_n20005_cLA_V6_independent_rms_s20.npz,76406,b5b32a5e955a6812c973226744b73c198a2257c1e2ad0298657b92fed2ca93b6
resnet,electrode,43,bandpass_n20005_cLA_V6_independent_rms_s15,phase2/results/predictions/full/electrode/resnet/seed_43/bandpass_n20005_cLA_V6_independent_rms_s15.npz,76395,685bcdc2cd56e5b62eb2941a7695c074602bec147fa7841d20d5bad699dbe7e5
resnet,electrode,43,bandpass_n20005_cLA_V6_independent_rms_s10,phase2/results/predictions/full/electrode/resnet/seed_43/bandpass_n20005_cLA_V6_independent_rms_s10.npz,76386,60f1f41e49d84080ca9650b26c4ccea495156bdbe57b00e3eaa59aea14abcddd
resnet,electrode,43,bandpass_n20005_cLA_V6_independent_rms_s5,phase2/results/predictions/full/electrode/resnet/seed_43/bandpass_n20005_cLA_V6_independent_rms_s5.npz,76235,609644e86786741b962f94133fab1f129a70ff3cf3314e2956471ab58978939b
resnet,electrode,43,bandpass_n20005_cLA_V6_independent_rms_s0,phase2/results/predictions/full/electrode/resnet/seed_43/bandpass_n20005_cLA_V6_independent_rms_s0.npz,75967,931bf892361541910249ea2b424ede1821d5614a22ebbff8617ad0ff7dff3b0c
resnet,electrode,43,bandpass_n20005_cLA_V6_electrode_s20,phase2/results/predictions/full/electrode/resnet/seed_43/bandpass_n20005_cLA_V6_electrode_s20.npz,76367,d4a8949a2f805177332d7cfbd6da1e1feb9fc78bef2fbbdec108a2e3762cce3b
resnet,electrode,43,bandpass_n20005_cLA_V6_electrode_s15,phase2/results/predictions/full/electrode/resnet/seed_43/bandpass_n20005_cLA_V6_electrode_s15.npz,76394,0cc4255afee0dfdf9658882040792c1551a49eabd80ec88a0c800bc6d23e582c
resnet,electrode,43,bandpass_n20005_cLA_V6_electrode_s10,phase2/results/predictions/full/electrode/resnet/seed_43/bandpass_n20005_cLA_V6_electrode_s10.npz,76379,46762a38d363a252ba55de76cc7049f70a6c4896933d5a8269f1a95a41fe411c
resnet,electrode,43,bandpass_n20005_cLA_V6_electrode_s5,phase2/results/predictions/full/electrode/resnet/seed_43/bandpass_n20005_cLA_V6_electrode_s5.npz,76214,fad24b2253b3265dbc0813dbaf8d6a25a6b12314bcabdfa7bb2ce6de56157cca
resnet,electrode,43,bandpass_n20005_cLA_V6_electrode_s0,phase2/results/predictions/full/electrode/resnet/seed_43/bandpass_n20005_cLA_V6_electrode_s0.npz,75811,48dab14ac83f9116a82c2c598f91aa32763a16c25bef7c6e7624a5237a3a1095
resnet,electrode,43,bandpass_n20005_cLA_V6_covariance_s20,phase2/results/predictions/full/electrode/resnet/seed_43/bandpass_n20005_cLA_V6_covariance_s20.npz,76382,0e7c39807b3633157838a381cc50e3320f6097d276b6bbf05783c25527ceec95
resnet,electrode,43,bandpass_n20005_cLA_V6_covariance_s15,phase2/results/predictions/full/electrode/resnet/seed_43/bandpass_n20005_cLA_V6_covariance_s15.npz,76355,676f1a34cf5d5c0390f816844b4bef05384abd927b362ef79900d2023d00d7c2
resnet,electrode,43,bandpass_n20005_cLA_V6_covariance_s10,phase2/results/predictions/full/electrode/resnet/seed_43/bandpass_n20005_cLA_V6_covariance_s10.npz,76359,bf5ac3cf2c80b68be78e80a450f7cba306204a409435a4344f416fde33bc0e4b
resnet,electrode,43,bandpass_n20005_cLA_V6_covariance_s5,phase2/results/predictions/full/electrode/resnet/seed_43/bandpass_n20005_cLA_V6_covariance_s5.npz,76203,f0db237bb3a3313270c309387d624e8ea948fbb265b0b67c181713bcd51cb45b
resnet,electrode,43,bandpass_n20005_cLA_V6_covariance_s0,phase2/results/predictions/full/electrode/resnet/seed_43/bandpass_n20005_cLA_V6_covariance_s0.npz,75771,f0279d79b5f88f36287859b3e376272414ba0f1e435d463a8345106b05c3eb0f
resnet,electrode,43,bandpass_n20005_cLL_V4_independent_rms_s20,phase2/results/predictions/full/electrode/resnet/seed_43/bandpass_n20005_cLL_V4_independent_rms_s20.npz,76364,e0b5f7359449b2d712cae6f8d0dbd7880a94d52e71d1f5a7793820429bfa5983
resnet,electrode,43,bandpass_n20005_cLL_V4_independent_rms_s15,phase2/results/predictions/full/electrode/resnet/seed_43/bandpass_n20005_cLL_V4_independent_rms_s15.npz,76382,df30ff599465fd284096421906e1fe4bd17bf0519ea0887295e80c8786e6e0ad
resnet,electrode,43,bandpass_n20005_cLL_V4_independent_rms_s10,phase2/results/predictions/full/electrode/resnet/seed_43/bandpass_n20005_cLL_V4_independent_rms_s10.npz,76345,441d2340e63326c0f7ea649fc8546e5e19e484b477fc6083f5002c947be90a1f
resnet,electrode,43,bandpass_n20005_cLL_V4_independent_rms_s5,phase2/results/predictions/full/electrode/resnet/seed_43/bandpass_n20005_cLL_V4_independent_rms_s5.npz,76241,5f6768615feefd9c0aa195b231f0f5b59e16de8f74867f4f06d6905f2374d5d9
resnet,electrode,43,bandpass_n20005_cLL_V4_independent_rms_s0,phase2/results/predictions/full/electrode/resnet/seed_43/bandpass_n20005_cLL_V4_independent_rms_s0.npz,75910,b0bc516a352c072f37dbe74d04ef48aee7b654d97110c1d0360b1550f9e482c0
resnet,electrode,43,bandpass_n20005_cLL_V4_electrode_s20,phase2/results/predictions/full/electrode/resnet/seed_43/bandpass_n20005_cLL_V4_electrode_s20.npz,76378,ebaa737a30e9fdd4469ebd39531a1bd66b3f772b6933fabf32b801a9f7e1a9c5
resnet,electrode,43,bandpass_n20005_cLL_V4_electrode_s15,phase2/results/predictions/full/electrode/resnet/seed_43/bandpass_n20005_cLL_V4_electrode_s15.npz,76399,d51e25fc404e84752fecd92d4f9b5e1d0703b55a1b471e32f7a7b4a6014da623
resnet,electrode,43,bandpass_n20005_cLL_V4_electrode_s10,phase2/results/predictions/full/electrode/resnet/seed_43/bandpass_n20005_cLL_V4_electrode_s10.npz,76308,b6e6cae43c880fdded8c9189de77216afa4601cc990bd5c5c5260c8b3e1f1310
resnet,electrode,43,bandpass_n20005_cLL_V4_electrode_s5,phase2/results/predictions/full/electrode/resnet/seed_43/bandpass_n20005_cLL_V4_electrode_s5.npz,76124,ee4b4a9afd8f23b22965c01dae2890b32e1019d0d99963e743433a5e5305b905
resnet,electrode,43,bandpass_n20005_cLL_V4_electrode_s0,phase2/results/predictions/full/electrode/resnet/seed_43/bandpass_n20005_cLL_V4_electrode_s0.npz,75722,3f18c3c321fa582fce79d876561f814d0ee7fd412568b37e49fb2733c4c567bb
resnet,electrode,43,bandpass_n20005_cLL_V4_covariance_s20,phase2/results/predictions/full/electrode/resnet/seed_43/bandpass_n20005_cLL_V4_covariance_s20.npz,76366,48b4875349e5c27b3f627c88f3f0061b3e86d70a2226f45f44b0328a12f2824e
resnet,electrode,43,bandpass_n20005_cLL_V4_covariance_s15,phase2/results/predictions/full/electrode/resnet/seed_43/bandpass_n20005_cLL_V4_covariance_s15.npz,76376,1a83a3bbc941904be7540e6eeeef5bbb13d4aea93711b9d97452b0d6520d3b78
resnet,electrode,43,bandpass_n20005_cLL_V4_covariance_s10,phase2/results/predictions/full/electrode/resnet/seed_43/bandpass_n20005_cLL_V4_covariance_s10.npz,76309,0a07d9412278e61bfcbe63a4d744101303b4d1160805bb102e7a1ba1f9d8b5ef
resnet,electrode,43,bandpass_n20005_cLL_V4_covariance_s5,phase2/results/predictions/full/electrode/resnet/seed_43/bandpass_n20005_cLL_V4_covariance_s5.npz,76149,9f8f7deb91c9bc8dd4005d41b96700c0c11e2d2456d4a8402dd18df8afa649a0
resnet,electrode,43,bandpass_n20005_cLL_V4_covariance_s0,phase2/results/predictions/full/electrode/resnet/seed_43/bandpass_n20005_cLL_V4_covariance_s0.npz,75714,a8eb0c5197f72affd25694c0d633a1b28a55d9f004215e7abc4bd79dc8aa1826
resnet,electrode,43,bandpass_n20005_cRA_LA_V1_V6_independent_rms_s20,phase2/results/predictions/full/electrode/resnet/seed_43/bandpass_n20005_cRA_LA_V1_V6_independent_rms_s20.npz,76398,49e307e88f409a1bc84b41d2f24b7fc2b02296501f7aedd77e55cd4605cf9c3e
resnet,electrode,43,bandpass_n20005_cRA_LA_V1_V6_independent_rms_s15,phase2/results/predictions/full/electrode/resnet/seed_43/bandpass_n20005_cRA_LA_V1_V6_independent_rms_s15.npz,76401,cbb29f77a9cf72f0745d73478973086e2083755b392f95c9d80ffdeaa5dec0ec
resnet,electrode,43,bandpass_n20005_cRA_LA_V1_V6_independent_rms_s10,phase2/results/predictions/full/electrode/resnet/seed_43/bandpass_n20005_cRA_LA_V1_V6_independent_rms_s10.npz,76378,2f03133238301ba96a4321acce06578dc37ffeccc14cbb48c5e6a14b6e069da9
resnet,electrode,43,bandpass_n20005_cRA_LA_V1_V6_independent_rms_s5,phase2/results/predictions/full/electrode/resnet/seed_43/bandpass_n20005_cRA_LA_V1_V6_independent_rms_s5.npz,76277,c316a72f3dfbbec065ec824d1a0dd1658e98f996380b68db182f955e4d11f318
resnet,electrode,43,bandpass_n20005_cRA_LA_V1_V6_independent_rms_s0,phase2/results/predictions/full/electrode/resnet/seed_43/bandpass_n20005_cRA_LA_V1_V6_independent_rms_s0.npz,75939,3356ca6976730342889369c894b8cc278dcd97fc387e1814a08b804b8c120357
resnet,electrode,43,bandpass_n20005_cRA_LA_V1_V6_electrode_s20,phase2/results/predictions/full/electrode/resnet/seed_43/bandpass_n20005_cRA_LA_V1_V6_electrode_s20.npz,76381,41e4db501154666752602233e9bbb8ab45a0fd4615fadec5e070bad61b955290
resnet,electrode,43,bandpass_n20005_cRA_LA_V1_V6_electrode_s15,phase2/results/predictions/full/electrode/resnet/seed_43/bandpass_n20005_cRA_LA_V1_V6_electrode_s15.npz,76382,ae5ed8268ad91a9ae007ae466edb43ae4ef89e40a4e167b47fb67e5b54a08099
resnet,electrode,43,bandpass_n20005_cRA_LA_V1_V6_electrode_s10,phase2/results/predictions/full/electrode/resnet/seed_43/bandpass_n20005_cRA_LA_V1_V6_electrode_s10.npz,76341,6a60fbf1f0e8cc86113b2a6a12080e0c9aefa467b3582d74bb4fe958342076a1
resnet,electrode,43,bandpass_n20005_cRA_LA_V1_V6_electrode_s5,phase2/results/predictions/full/electrode/resnet/seed_43/bandpass_n20005_cRA_LA_V1_V6_electrode_s5.npz,76149,fc70a2433d12e66d4ddb427301da5f69a5d7fadab335ab396a589e3eb6f6e659
resnet,electrode,43,bandpass_n20005_cRA_LA_V1_V6_electrode_s0,phase2/results/predictions/full/electrode/resnet/seed_43/bandpass_n20005_cRA_LA_V1_V6_electrode_s0.npz,75778,7dba4912f0123e1e4a3fc25d9d2f86eb65935db4d25cc52e38a3dee8b89e774c
resnet,electrode,43,bandpass_n20005_cRA_LA_V1_V6_covariance_s20,phase2/results/predictions/full/electrode/resnet/seed_43/bandpass_n20005_cRA_LA_V1_V6_covariance_s20.npz,76418,da5e4d9515d7d59e3ec43b0192e65e77bec438f0de3986b34c0c465e6afb63fe
resnet,electrode,43,bandpass_n20005_cRA_LA_V1_V6_covariance_s15,phase2/results/predictions/full/electrode/resnet/seed_43/bandpass_n20005_cRA_LA_V1_V6_covariance_s15.npz,76401,e0c74d74236c23e6b35b149f960fd441e7401324b9a12f687939d84d66ab836e
resnet,electrode,43,bandpass_n20005_cRA_LA_V1_V6_covariance_s10,phase2/results/predictions/full/electrode/resnet/seed_43/bandpass_n20005_cRA_LA_V1_V6_covariance_s10.npz,76354,74b12821c638f30640f02272ec345e8378c5fdbb1a27cfedfb1c9f24c720b39c
resnet,electrode,43,bandpass_n20005_cRA_LA_V1_V6_covariance_s5,phase2/results/predictions/full/electrode/resnet/seed_43/bandpass_n20005_cRA_LA_V1_V6_covariance_s5.npz,76185,119b31e9004a47e8a7303ebe2a604f1ee753bf73887014dafa1b911ae87b4bc9
resnet,electrode,43,bandpass_n20005_cRA_LA_V1_V6_covariance_s0,phase2/results/predictions/full/electrode/resnet/seed_43/bandpass_n20005_cRA_LA_V1_V6_covariance_s0.npz,75775,2c73258812daf8a5f93a5f461f726aefabd10dd0201e4bdc3a25f79cc33696ec
resnet,electrode,43,bandpass_n20005_cRA_V2_V5_independent_rms_s20,phase2/results/predictions/full/electrode/resnet/seed_43/bandpass_n20005_cRA_V2_V5_independent_rms_s20.npz,76395,0765e100402f293a19a2a2655f71c031f0ca2a12c19c09eeae30ca24129a78d0
resnet,electrode,43,bandpass_n20005_cRA_V2_V5_independent_rms_s15,phase2/results/predictions/full/electrode/resnet/seed_43/bandpass_n20005_cRA_V2_V5_independent_rms_s15.npz,76396,290f35424f5b24f34629d92d31ce462cc5bafe04aeb3ecc10067c6f0abf32635
resnet,electrode,43,bandpass_n20005_cRA_V2_V5_independent_rms_s10,phase2/results/predictions/full/electrode/resnet/seed_43/bandpass_n20005_cRA_V2_V5_independent_rms_s10.npz,76369,896b8f76df6b3349c1f0297ae2e57d7bb7bb561c02a0c89d81c60b6b05a1dd82
resnet,electrode,43,bandpass_n20005_cRA_V2_V5_independent_rms_s5,phase2/results/predictions/full/electrode/resnet/seed_43/bandpass_n20005_cRA_V2_V5_independent_rms_s5.npz,76234,9e3d9238cb278000e6e8ede6f5061946e90a8cf4fd9578f7ac957ce40d3c9dde
resnet,electrode,43,bandpass_n20005_cRA_V2_V5_independent_rms_s0,phase2/results/predictions/full/electrode/resnet/seed_43/bandpass_n20005_cRA_V2_V5_independent_rms_s0.npz,75961,8ab81e31df03a98e33d3dcfad598f78c10a6c23fa49a8fde31b47675e67ecfc8
resnet,electrode,43,bandpass_n20005_cRA_V2_V5_electrode_s20,phase2/results/predictions/full/electrode/resnet/seed_43/bandpass_n20005_cRA_V2_V5_electrode_s20.npz,76384,de71286a818c65ac3e3294cc68175540f029c24b65a60047630fd08110542baf
resnet,electrode,43,bandpass_n20005_cRA_V2_V5_electrode_s15,phase2/results/predictions/full/electrode/resnet/seed_43/bandpass_n20005_cRA_V2_V5_electrode_s15.npz,76391,d96cb03339fe382a59967d772e593fac602cc0b574e730a265d1ce057febaa8b
resnet,electrode,43,bandpass_n20005_cRA_V2_V5_electrode_s10,phase2/results/predictions/full/electrode/resnet/seed_43/bandpass_n20005_cRA_V2_V5_electrode_s10.npz,76308,d83750d4d9cb7ae58fa0e39ee11981fc04f2dfc893739970b85af3e910ab9d96
resnet,electrode,43,bandpass_n20005_cRA_V2_V5_electrode_s5,phase2/results/predictions/full/electrode/resnet/seed_43/bandpass_n20005_cRA_V2_V5_electrode_s5.npz,76155,a7d72bf4ec5217a465a5b97cb407c21dec1f4f91dee807ebe5fc8407c06b1d9b
resnet,electrode,43,bandpass_n20005_cRA_V2_V5_electrode_s0,phase2/results/predictions/full/electrode/resnet/seed_43/bandpass_n20005_cRA_V2_V5_electrode_s0.npz,75791,2ae691a57603caf6c721f0126f9307b0ac936cd38810403dcfe64e24cc9efbf7
resnet,electrode,43,bandpass_n20005_cRA_V2_V5_covariance_s20,phase2/results/predictions/full/electrode/resnet/seed_43/bandpass_n20005_cRA_V2_V5_covariance_s20.npz,76372,4c1128258fc4d95a4b6739fb1c2357a45ddbaaf4a15a55ed30036d2e8142b21f
resnet,electrode,43,bandpass_n20005_cRA_V2_V5_covariance_s15,phase2/results/predictions/full/electrode/resnet/seed_43/bandpass_n20005_cRA_V2_V5_covariance_s15.npz,76403,1a0610bb17a27625579bf2828e18f41a4cc923caa626cb27b7e7a8965ab40e27
resnet,electrode,43,bandpass_n20005_cRA_V2_V5_covariance_s10,phase2/results/predictions/full/electrode/resnet/seed_43/bandpass_n20005_cRA_V2_V5_covariance_s10.npz,76312,483253100bfd45acfe65551106fd5113bb4e9a4ca9b538c34258391ebfeea743
resnet,electrode,43,bandpass_n20005_cRA_V2_V5_covariance_s5,phase2/results/predictions/full/electrode/resnet/seed_43/bandpass_n20005_cRA_V2_V5_covariance_s5.npz,76158,dcd27543662b5b034f8af4de0461d264266cc670461ff90b226f9c511f9fa9a0
resnet,electrode,43,bandpass_n20005_cRA_V2_V5_covariance_s0,phase2/results/predictions/full/electrode/resnet/seed_43/bandpass_n20005_cRA_V2_V5_covariance_s0.npz,75773,f46643c6de0325448719d25f357f3252be0ca8c966ab9083468b35e4692fdeba
resnet,electrode,43,bandpass_n20005_cLA_V3_V6_independent_rms_s20,phase2/results/predictions/full/electrode/resnet/seed_43/bandpass_n20005_cLA_V3_V6_independent_rms_s20.npz,76422,eed3eb02b1d6c1383b83fb90c3bb80fa0b835b296f9443c665e1795e8867ac51
resnet,electrode,43,bandpass_n20005_cLA_V3_V6_independent_rms_s15,phase2/results/predictions/full/electrode/resnet/seed_43/bandpass_n20005_cLA_V3_V6_independent_rms_s15.npz,76436,0a5557cb69aa2ffdd0422d097646a595120249346b6ea0c1607bee1ae16c4529
resnet,electrode,43,bandpass_n20005_cLA_V3_V6_independent_rms_s10,phase2/results/predictions/full/electrode/resnet/seed_43/bandpass_n20005_cLA_V3_V6_independent_rms_s10.npz,76361,9eb50cd9693de5e168de00e524a2d33ee6ba19e15c61873bd83403bfa5a52eb8
resnet,electrode,43,bandpass_n20005_cLA_V3_V6_independent_rms_s5,phase2/results/predictions/full/electrode/resnet/seed_43/bandpass_n20005_cLA_V3_V6_independent_rms_s5.npz,76287,c2d6fbfb440c319a2b8ea55e37a6f6b32e057120a87f3cd726d4ed1c298a1c4d
resnet,electrode,43,bandpass_n20005_cLA_V3_V6_independent_rms_s0,phase2/results/predictions/full/electrode/resnet/seed_43/bandpass_n20005_cLA_V3_V6_independent_rms_s0.npz,75959,c99b7572c746ca416810a395a28c8ae765701ad18da3bcc68b01c3c2475f57c4
resnet,electrode,43,bandpass_n20005_cLA_V3_V6_electrode_s20,phase2/results/predictions/full/electrode/resnet/seed_43/bandpass_n20005_cLA_V3_V6_electrode_s20.npz,76379,b367b88a577f078177d5a55d1a1800ea0f5a6fe87929ee55235e87e46a770e87
resnet,electrode,43,bandpass_n20005_cLA_V3_V6_electrode_s15,phase2/results/predictions/full/electrode/resnet/seed_43/bandpass_n20005_cLA_V3_V6_electrode_s15.npz,76405,8a204d9aabf8b7547de5b6cd3d50ff0088621ef62dae88a81a2753b999eaaacd
resnet,electrode,43,bandpass_n20005_cLA_V3_V6_electrode_s10,phase2/results/predictions/full/electrode/resnet/seed_43/bandpass_n20005_cLA_V3_V6_electrode_s10.npz,76324,123fdfa03831e847d3ed11fa502d9f9e73b044cc038a471058abc23320a85b36
resnet,electrode,43,bandpass_n20005_cLA_V3_V6_electrode_s5,phase2/results/predictions/full/electrode/resnet/seed_43/bandpass_n20005_cLA_V3_V6_electrode_s5.npz,76259,67ab8a7c7ad3c3926fd44c6b5326646d55eaf1fc4dbb9f3f278362c1b1ba4f50
resnet,electrode,43,bandpass_n20005_cLA_V3_V6_electrode_s0,phase2/results/predictions/full/electrode/resnet/seed_43/bandpass_n20005_cLA_V3_V6_electrode_s0.npz,75838,f00ccc2d37a194c9112c4d95b44ea3f0913d56ce2c324d70ef6cf58e4e49407e
resnet,electrode,43,bandpass_n20005_cLA_V3_V6_covariance_s20,phase2/results/predictions/full/electrode/resnet/seed_43/bandpass_n20005_cLA_V3_V6_covariance_s20.npz,76405,7fc91892cb562e4a8e7646177bc146add0b52e6afca25ca4200450c3f2d2a907
resnet,electrode,43,bandpass_n20005_cLA_V3_V6_covariance_s15,phase2/results/predictions/full/electrode/resnet/seed_43/bandpass_n20005_cLA_V3_V6_covariance_s15.npz,76397,456e6e34eda8d8843026b0469f0ed9581872adde2ef1065a8752817b39badada
resnet,electrode,43,bandpass_n20005_cLA_V3_V6_covariance_s10,phase2/results/predictions/full/electrode/resnet/seed_43/bandpass_n20005_cLA_V3_V6_covariance_s10.npz,76351,a778d3de615f5c7a4de49a4c1a60483bbdf6bc62be692ed84054fe3cc705fb6b
resnet,electrode,43,bandpass_n20005_cLA_V3_V6_covariance_s5,phase2/results/predictions/full/electrode/resnet/seed_43/bandpass_n20005_cLA_V3_V6_covariance_s5.npz,76250,876552d1c6c903ac22d81f48cf3941ff7357a6bdde5f315ea0cb46477a3da172
resnet,electrode,43,bandpass_n20005_cLA_V3_V6_covariance_s0,phase2/results/predictions/full/electrode/resnet/seed_43/bandpass_n20005_cLA_V3_V6_covariance_s0.npz,75827,a2df46b61eaf1e0b8226721a3cf8f1a5c49fabc69cea84d5e15455d73b9fd2ff
resnet,electrode,43,bandpass_n20005_cLL_V1_V4_independent_rms_s20,phase2/results/predictions/full/electrode/resnet/seed_43/bandpass_n20005_cLL_V1_V4_independent_rms_s20.npz,76412,41299058527b09410e9c3e6bc661e25faa310185064d5c59177e6eff7ea735f5
resnet,electrode,43,bandpass_n20005_cLL_V1_V4_independent_rms_s15,phase2/results/predictions/full/electrode/resnet/seed_43/bandpass_n20005_cLL_V1_V4_independent_rms_s15.npz,76374,454ba0376dd3e4dcf6873d1cdc8086e6d82ec42d956c6a3e48ea490f800431cc
resnet,electrode,43,bandpass_n20005_cLL_V1_V4_independent_rms_s10,phase2/results/predictions/full/electrode/resnet/seed_43/bandpass_n20005_cLL_V1_V4_independent_rms_s10.npz,76359,529402dbb99ddd2975273852b32493eec989de8d4959737db44aa01162a963b6
resnet,electrode,43,bandpass_n20005_cLL_V1_V4_independent_rms_s5,phase2/results/predictions/full/electrode/resnet/seed_43/bandpass_n20005_cLL_V1_V4_independent_rms_s5.npz,76239,ad901dde8cfc30285a17046fcb321493f61edf406804c9a6c5545e65f3f24c00
resnet,electrode,43,bandpass_n20005_cLL_V1_V4_independent_rms_s0,phase2/results/predictions/full/electrode/resnet/seed_43/bandpass_n20005_cLL_V1_V4_independent_rms_s0.npz,75915,f749cafac64d39413dcbd23408f689cfe7dd455e1fe2a72799434d70e35640fe
resnet,electrode,43,bandpass_n20005_cLL_V1_V4_electrode_s20,phase2/results/predictions/full/electrode/resnet/seed_43/bandpass_n20005_cLL_V1_V4_electrode_s20.npz,76371,ace4fef20f0b30637dcb94993e55f3bc669e6125fa600cac04bc8c907dd0ba91
resnet,electrode,43,bandpass_n20005_cLL_V1_V4_electrode_s15,phase2/results/predictions/full/electrode/resnet/seed_43/bandpass_n20005_cLL_V1_V4_electrode_s15.npz,76375,dd0889c538c09a445e031e89bbac1832ca942a9a86861732bfe15b94cca2aee6
resnet,electrode,43,bandpass_n20005_cLL_V1_V4_electrode_s10,phase2/results/predictions/full/electrode/resnet/seed_43/bandpass_n20005_cLL_V1_V4_electrode_s10.npz,76319,2ba903b497ca6ed4680abd47f04600a90371cfcf44d83944053aba489ca60a61
resnet,electrode,43,bandpass_n20005_cLL_V1_V4_electrode_s5,phase2/results/predictions/full/electrode/resnet/seed_43/bandpass_n20005_cLL_V1_V4_electrode_s5.npz,76142,c5ea5e5c1db47b47e1db093cf52495b63a0ebc767b15ec2ad13b8a8093023dfe
resnet,electrode,43,bandpass_n20005_cLL_V1_V4_electrode_s0,phase2/results/predictions/full/electrode/resnet/seed_43/bandpass_n20005_cLL_V1_V4_electrode_s0.npz,75689,36127e1731cb4ca5631a44c8423b3ac43cedb81d2f911cd21bdc3aa7bbf2a412
resnet,electrode,43,bandpass_n20005_cLL_V1_V4_covariance_s20,phase2/results/predictions/full/electrode/resnet/seed_43/bandpass_n20005_cLL_V1_V4_covariance_s20.npz,76398,9c1b262978709067f15f7a774d8ceec2f6f2c478622c28fa7392bbdf44c68081
resnet,electrode,43,bandpass_n20005_cLL_V1_V4_covariance_s15,phase2/results/predictions/full/electrode/resnet/seed_43/bandpass_n20005_cLL_V1_V4_covariance_s15.npz,76380,0a19f419f3fa39e4900b67c41687ae43835a5ee952cf68b21bd03478ccfd1bda
resnet,electrode,43,bandpass_n20005_cLL_V1_V4_covariance_s10,phase2/results/predictions/full/electrode/resnet/seed_43/bandpass_n20005_cLL_V1_V4_covariance_s10.npz,76363,d00f6d7fe935d9719c29c1fc1f7b5e5f396a118a312bb87a033066035004344e
resnet,electrode,43,bandpass_n20005_cLL_V1_V4_covariance_s5,phase2/results/predictions/full/electrode/resnet/seed_43/bandpass_n20005_cLL_V1_V4_covariance_s5.npz,76159,c2dd8c30a536e6b3d83f0f943a7338475a5e8b040ebf9c5c809cf120d43ce6a1
resnet,electrode,43,bandpass_n20005_cLL_V1_V4_covariance_s0,phase2/results/predictions/full/electrode/resnet/seed_43/bandpass_n20005_cLL_V1_V4_covariance_s0.npz,75711,578edec77ea16bdd9180c3c7b8945864824e47a162f2bcc9312ff9dff49025f7
resnet,electrode,43,bandpass_n20005_call_independent_rms_s20,phase2/results/predictions/full/electrode/resnet/seed_43/bandpass_n20005_call_independent_rms_s20.npz,76362,a671f402270b2d0d0626c4c4d1a07b077af99df3b39692008fb6090655957180
resnet,electrode,43,bandpass_n20005_call_independent_rms_s15,phase2/results/predictions/full/electrode/resnet/seed_43/bandpass_n20005_call_independent_rms_s15.npz,76384,b22d16a5cbe57207e379eeefaf53559844f2e0533fbab088856f93616dd1ff72
resnet,electrode,43,bandpass_n20005_call_independent_rms_s10,phase2/results/predictions/full/electrode/resnet/seed_43/bandpass_n20005_call_independent_rms_s10.npz,76340,0b7f0fd617be11407ac7616b4e9935fa5172d875b1cd199cf4aba900c27e2175
resnet,electrode,43,bandpass_n20005_call_independent_rms_s5,phase2/results/predictions/full/electrode/resnet/seed_43/bandpass_n20005_call_independent_rms_s5.npz,76212,cc4b9851533ba9f1fac95a8b517576d24e79c4a857421994f6156697b9d941bc
resnet,electrode,43,bandpass_n20005_call_independent_rms_s0,phase2/results/predictions/full/electrode/resnet/seed_43/bandpass_n20005_call_independent_rms_s0.npz,75911,ae9b0e9300fd55900a2598ba932068cc6540e2a891bb8d372267a3da04e151ab
resnet,electrode,43,bandpass_n20005_call_electrode_s20,phase2/results/predictions/full/electrode/resnet/seed_43/bandpass_n20005_call_electrode_s20.npz,76336,ace14bc2fc13f619bf9c3ebc9a354afb56e347c8dafc660ebbd5fc4b76652595
resnet,electrode,43,bandpass_n20005_call_electrode_s15,phase2/results/predictions/full/electrode/resnet/seed_43/bandpass_n20005_call_electrode_s15.npz,76340,3273d7131b5406a962ad676b75cee41adb74b2eebc49c34ad658839056b2edd6
resnet,electrode,43,bandpass_n20005_call_electrode_s10,phase2/results/predictions/full/electrode/resnet/seed_43/bandpass_n20005_call_electrode_s10.npz,76331,5f1690b61236913fd3a8a58c71427f22c5d817e10065d8959156323bd35513b8
resnet,electrode,43,bandpass_n20005_call_electrode_s5,phase2/results/predictions/full/electrode/resnet/seed_43/bandpass_n20005_call_electrode_s5.npz,76131,c9114f665a93a51b6dc5eedeae6c3c0409d9f5bcef98312b51c552868e677484
resnet,electrode,43,bandpass_n20005_call_electrode_s0,phase2/results/predictions/full/electrode/resnet/seed_43/bandpass_n20005_call_electrode_s0.npz,75690,8e56f3c2e8becf4a73b7f6fca7df4f0ebbd2b6711af12183ade72f33103b0e8c
resnet,electrode,43,bandpass_n20005_call_covariance_s20,phase2/results/predictions/full/electrode/resnet/seed_43/bandpass_n20005_call_covariance_s20.npz,76388,930a8874f4ea382d876a93f6a7d5d5d063fa7abfdad4f1cceff969f32eae8f5c
resnet,electrode,43,bandpass_n20005_call_covariance_s15,phase2/results/predictions/full/electrode/resnet/seed_43/bandpass_n20005_call_covariance_s15.npz,76371,83bfa1088514e9f34fcc07684cc0fc22b095379b98641388ebf5126dcb22dcac
resnet,electrode,43,bandpass_n20005_call_covariance_s10,phase2/results/predictions/full/electrode/resnet/seed_43/bandpass_n20005_call_covariance_s10.npz,76319,bde4c17aeaa71df256b3af84c469883428266599872aef79671938ffa81bf625
resnet,electrode,43,bandpass_n20005_call_covariance_s5,phase2/results/predictions/full/electrode/resnet/seed_43/bandpass_n20005_call_covariance_s5.npz,76168,92b41f30361d8b649194f21e8a406322399f68d942ed94b57e86a2e41bf44e9d
resnet,electrode,43,bandpass_n20005_call_covariance_s0,phase2/results/predictions/full/electrode/resnet/seed_43/bandpass_n20005_call_covariance_s0.npz,75722,2a6e5fcac7d2d6de3acea474a9923069f857c84a1be56564ff3af856f225d497
resnet,electrode,43,bw_n20001_call_independent_rms_s20,phase2/results/predictions/full/electrode/resnet/seed_43/bw_n20001_call_independent_rms_s20.npz,76374,f72e64bc5215fd64e842baf6c4a862565387717a6b025e89dcc42be7a3461904
resnet,electrode,43,bw_n20001_call_independent_rms_s10,phase2/results/predictions/full/electrode/resnet/seed_43/bw_n20001_call_independent_rms_s10.npz,76341,8417057ebc349b4a12abefa944544ba8296981c63bb5a64ab95e9d66a65cfca4
resnet,electrode,43,bw_n20001_call_independent_rms_s0,phase2/results/predictions/full/electrode/resnet/seed_43/bw_n20001_call_independent_rms_s0.npz,76086,b81fcfb37062a457934c854305e5ebd7a2c7cb21175add628c756d4840b5cadf
resnet,electrode,43,bw_n20001_call_electrode_s20,phase2/results/predictions/full/electrode/resnet/seed_43/bw_n20001_call_electrode_s20.npz,76361,e2bd3134aaaacb029aba600fdb135db6aa5a77272f95590cdaa67aba71b047dc
resnet,electrode,43,bw_n20001_call_electrode_s10,phase2/results/predictions/full/electrode/resnet/seed_43/bw_n20001_call_electrode_s10.npz,76311,021664016c77122a2c3f89def33343d1a598fb22abe8b774c917a2a2548da488
resnet,electrode,43,bw_n20001_call_electrode_s0,phase2/results/predictions/full/electrode/resnet/seed_43/bw_n20001_call_electrode_s0.npz,75998,bca6e16f96b475c4c6fc58bc02d20c8760dcbdb40df0438e56b539d67e830a6e
resnet,electrode,43,bw_n20001_call_covariance_s20,phase2/results/predictions/full/electrode/resnet/seed_43/bw_n20001_call_covariance_s20.npz,76353,93f11f46e22ea64f4b1d19f8cbf22648f917fae5729b24127f967611d780e0a7
resnet,electrode,43,bw_n20001_call_covariance_s10,phase2/results/predictions/full/electrode/resnet/seed_43/bw_n20001_call_covariance_s10.npz,76267,ec27bea832eabbd57f9faa9895e1212af8a33bcffedc6fb055eec90c0a64cd09
resnet,electrode,43,bw_n20001_call_covariance_s0,phase2/results/predictions/full/electrode/resnet/seed_43/bw_n20001_call_covariance_s0.npz,76005,84150dd92884b0ec227c815efa221b3d4b792acf0b2ce9713a2c25730ae33373
resnet,electrode,43,bw_n20002_call_independent_rms_s20,phase2/results/predictions/full/electrode/resnet/seed_43/bw_n20002_call_independent_rms_s20.npz,76309,b048c71b9c1b01549fd57137391787b1aedfccb469fb97d939ea02f097d7be87
resnet,electrode,43,bw_n20002_call_independent_rms_s10,phase2/results/predictions/full/electrode/resnet/seed_43/bw_n20002_call_independent_rms_s10.npz,76333,7fd7bee0d7effd8478b59743e5a4522fcdff420f361f26ceab2b39aa9667f1c6
resnet,electrode,43,bw_n20002_call_independent_rms_s0,phase2/results/predictions/full/electrode/resnet/seed_43/bw_n20002_call_independent_rms_s0.npz,76054,f32d4e6411aef81ce7119e6d9145351683ca55c466344660b10ca525f96c2077
resnet,electrode,43,bw_n20002_call_electrode_s20,phase2/results/predictions/full/electrode/resnet/seed_43/bw_n20002_call_electrode_s20.npz,76385,5bbb540b60b415beabf29741c880473fc3daf946db1f293ce546f48ac007fe59
resnet,electrode,43,bw_n20002_call_electrode_s10,phase2/results/predictions/full/electrode/resnet/seed_43/bw_n20002_call_electrode_s10.npz,76312,dd8a1e275ca9cc22da2fde943c8bf858e3bb1b7ce0131cdd55883afcf0771b45
resnet,electrode,43,bw_n20002_call_electrode_s0,phase2/results/predictions/full/electrode/resnet/seed_43/bw_n20002_call_electrode_s0.npz,76005,48c7fbc7be7d64acdb4592266af88f4ee0d2f6180c4697ccff5660e0e5e57bdb
resnet,electrode,43,bw_n20002_call_covariance_s20,phase2/results/predictions/full/electrode/resnet/seed_43/bw_n20002_call_covariance_s20.npz,76367,d61f9ef7882a457ab8fa7c90af8a94fe30f8dafd847e669c3bb4d1d2c0f1a8dc
resnet,electrode,43,bw_n20002_call_covariance_s10,phase2/results/predictions/full/electrode/resnet/seed_43/bw_n20002_call_covariance_s10.npz,76297,dbeed816b35fc1fe9fbb536267201ebf77c8bd2087dfd95124e914c20685f40b
resnet,electrode,43,bw_n20002_call_covariance_s0,phase2/results/predictions/full/electrode/resnet/seed_43/bw_n20002_call_covariance_s0.npz,76014,c4c9fd3bcf8dc50914099084ac3bbe9c329e1a4b642b2be0857586caa52f3897
resnet,electrode,43,bw_n20003_call_independent_rms_s20,phase2/results/predictions/full/electrode/resnet/seed_43/bw_n20003_call_independent_rms_s20.npz,76354,7a785b839eaf8766b0f7d11fc3dc72982831f6645277b198ac973df67cdb8eb0
resnet,electrode,43,bw_n20003_call_independent_rms_s10,phase2/results/predictions/full/electrode/resnet/seed_43/bw_n20003_call_independent_rms_s10.npz,76344,2382a2200a7b6a59645cc480863c8da7a77cb62741be0c5019a5d9ce80e1efd8
resnet,electrode,43,bw_n20003_call_independent_rms_s0,phase2/results/predictions/full/electrode/resnet/seed_43/bw_n20003_call_independent_rms_s0.npz,76089,d540d2dcd53f30dab40057ee4832a939dba411bd3c44521a6bb8289b5ae5ad26
resnet,electrode,43,bw_n20003_call_electrode_s20,phase2/results/predictions/full/electrode/resnet/seed_43/bw_n20003_call_electrode_s20.npz,76350,645799e80bfda0822743a8a94ac0358d15e57d3846c379f77f0967c207d983ee
resnet,electrode,43,bw_n20003_call_electrode_s10,phase2/results/predictions/full/electrode/resnet/seed_43/bw_n20003_call_electrode_s10.npz,76256,6ce446044cdde109da1a474efccc35ed7cb210d7e5b264389b5ea480ec2753f0
resnet,electrode,43,bw_n20003_call_electrode_s0,phase2/results/predictions/full/electrode/resnet/seed_43/bw_n20003_call_electrode_s0.npz,76002,19d33929adb3d9da7cf898ce4d62d9bd2aaef0d57e0ea58c7db02984ada4a70d
resnet,electrode,43,bw_n20003_call_covariance_s20,phase2/results/predictions/full/electrode/resnet/seed_43/bw_n20003_call_covariance_s20.npz,76344,d4616bc19378722f80dbf1453b4d80f7376c1d403b5f72451aa8150d6145006b
resnet,electrode,43,bw_n20003_call_covariance_s10,phase2/results/predictions/full/electrode/resnet/seed_43/bw_n20003_call_covariance_s10.npz,76307,d61f5eaf075f20006608655103a2e81c37d27681436ef59abd069e4335be2152
resnet,electrode,43,bw_n20003_call_covariance_s0,phase2/results/predictions/full/electrode/resnet/seed_43/bw_n20003_call_covariance_s0.npz,75989,ff8d31ef182006d7e537ee46bb11797de3346f597997749a83be0a45997769db
resnet,electrode,43,bw_n20004_call_independent_rms_s20,phase2/results/predictions/full/electrode/resnet/seed_43/bw_n20004_call_independent_rms_s20.npz,76342,0eeebb1179107d5f50d9100666b68023106dfb9ab8fe2135f6032a1485fcf6f1
resnet,electrode,43,bw_n20004_call_independent_rms_s10,phase2/results/predictions/full/electrode/resnet/seed_43/bw_n20004_call_independent_rms_s10.npz,76343,8c8cdf4e43cd34a5059d9b16ff69055967c23e779735f1290c838156e2e9091f
resnet,electrode,43,bw_n20004_call_independent_rms_s0,phase2/results/predictions/full/electrode/resnet/seed_43/bw_n20004_call_independent_rms_s0.npz,76085,2c4f0f0347db8fb9a38ea90106c210ab1186076fdd22d2def152181c0d9a3d4a
resnet,electrode,43,bw_n20004_call_electrode_s20,phase2/results/predictions/full/electrode/resnet/seed_43/bw_n20004_call_electrode_s20.npz,76344,095ff13f641cf04e2e2355c0d274f434d03b064b2485a2b5bebb646f095bfdcd
resnet,electrode,43,bw_n20004_call_electrode_s10,phase2/results/predictions/full/electrode/resnet/seed_43/bw_n20004_call_electrode_s10.npz,76288,b0e56f3bc4f18c668fc7fad0c9211c98d9fd9261de4c59cdd9227bf765c1e06b
resnet,electrode,43,bw_n20004_call_electrode_s0,phase2/results/predictions/full/electrode/resnet/seed_43/bw_n20004_call_electrode_s0.npz,76010,ab1faf786b7b2c48d3194cf663ad9aed779ec2c126af9fc6c1fa58904650aadb
resnet,electrode,43,bw_n20004_call_covariance_s20,phase2/results/predictions/full/electrode/resnet/seed_43/bw_n20004_call_covariance_s20.npz,76353,978efc2ec1106a6a52283093d3ca0cff6f02512bee883439daf2a6bf59c434ba
resnet,electrode,43,bw_n20004_call_covariance_s10,phase2/results/predictions/full/electrode/resnet/seed_43/bw_n20004_call_covariance_s10.npz,76272,2f06ced1b7b92657eeb25edbf5dc18cad2325cf67d7a1caf79650670d94f1b9a
resnet,electrode,43,bw_n20004_call_covariance_s0,phase2/results/predictions/full/electrode/resnet/seed_43/bw_n20004_call_covariance_s0.npz,76022,a4e7235068fb52566b76cc5f8d042090ce0a47c223ae9ad8806005d82b3efe4d
resnet,electrode,43,bw_n20005_call_independent_rms_s20,phase2/results/predictions/full/electrode/resnet/seed_43/bw_n20005_call_independent_rms_s20.npz,76336,af6e5c30917012506525425b7933c4023c3088d6e0175cfd6d3f61d5f00470b0
resnet,electrode,43,bw_n20005_call_independent_rms_s10,phase2/results/predictions/full/electrode/resnet/seed_43/bw_n20005_call_independent_rms_s10.npz,76298,3fa2e9920c165d3e649418af30f072aaaf2e9ee401c8bff425bf4e991fa6ffc6
resnet,electrode,43,bw_n20005_call_independent_rms_s0,phase2/results/predictions/full/electrode/resnet/seed_43/bw_n20005_call_independent_rms_s0.npz,76075,9da187a88f9ad3cd825aef0df05b6bd250b8dfff51980885341dde27dc4e87d2
resnet,electrode,43,bw_n20005_call_electrode_s20,phase2/results/predictions/full/electrode/resnet/seed_43/bw_n20005_call_electrode_s20.npz,76337,8684030dbc9de51480021f715474297f4fbaff184dbef99afbea46ab451c5106
resnet,electrode,43,bw_n20005_call_electrode_s10,phase2/results/predictions/full/electrode/resnet/seed_43/bw_n20005_call_electrode_s10.npz,76298,af1ff8283d61b2b5e97ad229eee7ab5b975d5bc34cc13973f1fb9371c6e62c53
resnet,electrode,43,bw_n20005_call_electrode_s0,phase2/results/predictions/full/electrode/resnet/seed_43/bw_n20005_call_electrode_s0.npz,76013,9c212af06aa98f6f4ebc651cd7b4d3796ad115d322431150dc738d72b4e978ed
resnet,electrode,43,bw_n20005_call_covariance_s20,phase2/results/predictions/full/electrode/resnet/seed_43/bw_n20005_call_covariance_s20.npz,76330,3349e8dbdb1060d4fd9f5243514c6c58a5809095a4781d86fe79b3b03a351873
resnet,electrode,43,bw_n20005_call_covariance_s10,phase2/results/predictions/full/electrode/resnet/seed_43/bw_n20005_call_covariance_s10.npz,76296,0a60185fa7f2731988698b48269fe3fbd1b96764ddb43fff30ec711b1aaf086d
resnet,electrode,43,bw_n20005_call_covariance_s0,phase2/results/predictions/full/electrode/resnet/seed_43/bw_n20005_call_covariance_s0.npz,76032,2960824ca7ee5227652ea1dad532186c0f4757fb5b8274f0dbabbed7edfd9db5
resnet,electrode,43,ma_n20001_call_independent_rms_s20,phase2/results/predictions/full/electrode/resnet/seed_43/ma_n20001_call_independent_rms_s20.npz,76346,3c86f2fa975667dfd3978553a7fb46a6f5f5de5e10f44aa458b0c287fbbc62e5
resnet,electrode,43,ma_n20001_call_independent_rms_s10,phase2/results/predictions/full/electrode/resnet/seed_43/ma_n20001_call_independent_rms_s10.npz,76348,8f041918baaba50301f1af84b7acf2d018a77018befbd1a518cc58913efe5d62
resnet,electrode,43,ma_n20001_call_independent_rms_s0,phase2/results/predictions/full/electrode/resnet/seed_43/ma_n20001_call_independent_rms_s0.npz,76048,44d52d159ff06c6133de0fd17cace7ff451a1fda9c0c9da9b369d2bf6fdbd899
resnet,electrode,43,ma_n20001_call_electrode_s20,phase2/results/predictions/full/electrode/resnet/seed_43/ma_n20001_call_electrode_s20.npz,76353,81df9c4a9f257441950c30a21b5e8c5bc5706ac84efca783dcd06dfb53dce985
resnet,electrode,43,ma_n20001_call_electrode_s10,phase2/results/predictions/full/electrode/resnet/seed_43/ma_n20001_call_electrode_s10.npz,76303,c75ff385b4333fe1db53c40bff87037728a73575af3769753398fa9e359d514c
resnet,electrode,43,ma_n20001_call_electrode_s0,phase2/results/predictions/full/electrode/resnet/seed_43/ma_n20001_call_electrode_s0.npz,75985,7d3310fe055d2ea8ad1bb4f2c8c2fb88507408a877ad1a009dc68d19e935a391
resnet,electrode,43,ma_n20001_call_covariance_s20,phase2/results/predictions/full/electrode/resnet/seed_43/ma_n20001_call_covariance_s20.npz,76336,dd479c5597e2e9437b72bb86f34d96c7d6164bfaec4272a51d00eadfe72312a7
resnet,electrode,43,ma_n20001_call_covariance_s10,phase2/results/predictions/full/electrode/resnet/seed_43/ma_n20001_call_covariance_s10.npz,76299,4b5976aa6126e9d5a4fdb140f9fb8678a80e72aafe93690252d95282377707e0
resnet,electrode,43,ma_n20001_call_covariance_s0,phase2/results/predictions/full/electrode/resnet/seed_43/ma_n20001_call_covariance_s0.npz,75992,c04850cbf7ed29f3f2aca508a0340bda4fa9256cc6ebcd2f1f6b4fd766aad59f
resnet,electrode,43,ma_n20002_call_independent_rms_s20,phase2/results/predictions/full/electrode/resnet/seed_43/ma_n20002_call_independent_rms_s20.npz,76400,1f90b117c73a749a02fbe933ca2bd691891a9731dd0577322fdf3f1ddda38b61
resnet,electrode,43,ma_n20002_call_independent_rms_s10,phase2/results/predictions/full/electrode/resnet/seed_43/ma_n20002_call_independent_rms_s10.npz,76345,07c6a37b85c5a22a4b9a0f0d0b224ac465972e97c8510899930fd7b4ac203e5e
resnet,electrode,43,ma_n20002_call_independent_rms_s0,phase2/results/predictions/full/electrode/resnet/seed_43/ma_n20002_call_independent_rms_s0.npz,76049,4bc96a5272f60e3896f7aba85f5cf3d98de49366afa8ba6f30c9765846d6c6eb
resnet,electrode,43,ma_n20002_call_electrode_s20,phase2/results/predictions/full/electrode/resnet/seed_43/ma_n20002_call_electrode_s20.npz,76348,c60176d395dfb1779c5586008ea424d32dc2a5f0972c381f1e2ecfffe6cecb59
resnet,electrode,43,ma_n20002_call_electrode_s10,phase2/results/predictions/full/electrode/resnet/seed_43/ma_n20002_call_electrode_s10.npz,76296,893b7676150b880df80687ab721016fd5960ef741629df5140e48ad095508b1e
resnet,electrode,43,ma_n20002_call_electrode_s0,phase2/results/predictions/full/electrode/resnet/seed_43/ma_n20002_call_electrode_s0.npz,75987,e4a9f7d5109d0991944f5b196f49e1dd6c524a5715bd3784e4202a82bc6d8154
resnet,electrode,43,ma_n20002_call_covariance_s20,phase2/results/predictions/full/electrode/resnet/seed_43/ma_n20002_call_covariance_s20.npz,76352,a23f3263b57acb1e1135e60721cf62a5dc679adaa89fdffddf9bb757d2d22911
resnet,electrode,43,ma_n20002_call_covariance_s10,phase2/results/predictions/full/electrode/resnet/seed_43/ma_n20002_call_covariance_s10.npz,76325,1dffbc18c6a7a9083feee846e32bb2495403ce090999551460cac4b7d35e3191
resnet,electrode,43,ma_n20002_call_covariance_s0,phase2/results/predictions/full/electrode/resnet/seed_43/ma_n20002_call_covariance_s0.npz,75948,31d3bd8ef3ad373e871e0ef09cb59436bf3f8715476f6e85b5008ae0fbb04e2a
resnet,electrode,43,ma_n20003_call_independent_rms_s20,phase2/results/predictions/full/electrode/resnet/seed_43/ma_n20003_call_independent_rms_s20.npz,76354,4eb7486184ae08aded439ca049b8591aaaa9ba84cab0af195a972f7cce796dbe
resnet,electrode,43,ma_n20003_call_independent_rms_s10,phase2/results/predictions/full/electrode/resnet/seed_43/ma_n20003_call_independent_rms_s10.npz,76346,22b25edcb540b519afa19a90376c2f6efa26ed0077b222f182a1609920e50d9e
resnet,electrode,43,ma_n20003_call_independent_rms_s0,phase2/results/predictions/full/electrode/resnet/seed_43/ma_n20003_call_independent_rms_s0.npz,76062,bf1a33b64ea4dbe686e601a96c49c3434f46f08f66fb3cda3fc898f3479654cf
resnet,electrode,43,ma_n20003_call_electrode_s20,phase2/results/predictions/full/electrode/resnet/seed_43/ma_n20003_call_electrode_s20.npz,76354,bc217a45b284b0608a9639ff6f543531d2149a0c2f6b31d1244fc3f2f2fec87d
resnet,electrode,43,ma_n20003_call_electrode_s10,phase2/results/predictions/full/electrode/resnet/seed_43/ma_n20003_call_electrode_s10.npz,76292,8b11eba364b4ad50ea754178dbe77911efb58bbf01e5b8373e9ef50a8d7329e9
resnet,electrode,43,ma_n20003_call_electrode_s0,phase2/results/predictions/full/electrode/resnet/seed_43/ma_n20003_call_electrode_s0.npz,75953,21672dedd32d8519d39582539181edcde3031b3645f028fc207eb9fc4b7e7221
resnet,electrode,43,ma_n20003_call_covariance_s20,phase2/results/predictions/full/electrode/resnet/seed_43/ma_n20003_call_covariance_s20.npz,76341,c136d11ba172ef0a4ff4371d8e60ceba1ef15afe39aa9dedc5834d000bc5d8d5
resnet,electrode,43,ma_n20003_call_covariance_s10,phase2/results/predictions/full/electrode/resnet/seed_43/ma_n20003_call_covariance_s10.npz,76332,ef1d27946166980d6d3b57c754647ca9150ae9b0b8c399550f90a6767489c5e5
resnet,electrode,43,ma_n20003_call_covariance_s0,phase2/results/predictions/full/electrode/resnet/seed_43/ma_n20003_call_covariance_s0.npz,75971,7416034cc2eb7bdc3ee05013df84769f56b6b5a6a3e06e9fd5d6eea272eaf81e
resnet,electrode,43,ma_n20004_call_independent_rms_s20,phase2/results/predictions/full/electrode/resnet/seed_43/ma_n20004_call_independent_rms_s20.npz,76358,1db27408782e0d9a2649e7a594a1ffd201275c52e86df82b82bef4b9ec45e318
resnet,electrode,43,ma_n20004_call_independent_rms_s10,phase2/results/predictions/full/electrode/resnet/seed_43/ma_n20004_call_independent_rms_s10.npz,76335,3aa7a8776a4d96717a420d731c400e552accc6ff8e94ff4c6db37b1b45da773a
resnet,electrode,43,ma_n20004_call_independent_rms_s0,phase2/results/predictions/full/electrode/resnet/seed_43/ma_n20004_call_independent_rms_s0.npz,76037,5f3dd3a99e0376ef84757202e60fb1dfb7e1da607d8c6793ad3e0165b0bea786
resnet,electrode,43,ma_n20004_call_electrode_s20,phase2/results/predictions/full/electrode/resnet/seed_43/ma_n20004_call_electrode_s20.npz,76344,0b91a5e3b47986129f441e0a1b1c81868bb9c9740e8664470d83d73295c7ba35
resnet,electrode,43,ma_n20004_call_electrode_s10,phase2/results/predictions/full/electrode/resnet/seed_43/ma_n20004_call_electrode_s10.npz,76284,820d8990a13bb6e7585e99dfb93338947ed0adb56413f6a8c70d389873a6de9b
resnet,electrode,43,ma_n20004_call_electrode_s0,phase2/results/predictions/full/electrode/resnet/seed_43/ma_n20004_call_electrode_s0.npz,75966,c59930cce947f8a0ac3738dc34e41c028f90dcb3bc18fb653988287f9a471480
resnet,electrode,43,ma_n20004_call_covariance_s20,phase2/results/predictions/full/electrode/resnet/seed_43/ma_n20004_call_covariance_s20.npz,76341,c2d50c2ad3657bd1b7405941d5ce4197e3dfef2dd5c0482d9b242297dd2c9b02
resnet,electrode,43,ma_n20004_call_covariance_s10,phase2/results/predictions/full/electrode/resnet/seed_43/ma_n20004_call_covariance_s10.npz,76274,2aafe06432b4013e09728e16a0033044311b4df3f8607f7ab4c0252112adf0c5
resnet,electrode,43,ma_n20004_call_covariance_s0,phase2/results/predictions/full/electrode/resnet/seed_43/ma_n20004_call_covariance_s0.npz,75976,5fe35fc295fe9898164398612d673839f27649787b7b5e4e84cbcc9d1e61fc5f
resnet,electrode,43,ma_n20005_call_independent_rms_s20,phase2/results/predictions/full/electrode/resnet/seed_43/ma_n20005_call_independent_rms_s20.npz,76382,a1b6a8ef8d4002f631c3f4502768a46a13567ba63b91b5d189d932b2b5696ff0
resnet,electrode,43,ma_n20005_call_independent_rms_s10,phase2/results/predictions/full/electrode/resnet/seed_43/ma_n20005_call_independent_rms_s10.npz,76360,e05c6fe63250795f166d03d2defb23d7a62b48e8a0e01fbda24c7cf411988609
resnet,electrode,43,ma_n20005_call_independent_rms_s0,phase2/results/predictions/full/electrode/resnet/seed_43/ma_n20005_call_independent_rms_s0.npz,76057,5eb24ac331d500d9324186b9d2eba14b43c9fe25224426f204dcaf423e5619d4
resnet,electrode,43,ma_n20005_call_electrode_s20,phase2/results/predictions/full/electrode/resnet/seed_43/ma_n20005_call_electrode_s20.npz,76357,abf44b199012f37a8d70450dff2799d6258dd91aac6cc819fe092064e7ca947e
resnet,electrode,43,ma_n20005_call_electrode_s10,phase2/results/predictions/full/electrode/resnet/seed_43/ma_n20005_call_electrode_s10.npz,76303,4bf3ecab3c4808b2f84e313cc32548a4c5b43980f9a10bf4bbc76952a94e1b74
resnet,electrode,43,ma_n20005_call_electrode_s0,phase2/results/predictions/full/electrode/resnet/seed_43/ma_n20005_call_electrode_s0.npz,75953,1b745f5db02b917873a4520d4d7f824909fd502d005343ca496c994a0d0e3768
resnet,electrode,43,ma_n20005_call_covariance_s20,phase2/results/predictions/full/electrode/resnet/seed_43/ma_n20005_call_covariance_s20.npz,76335,3927d52ef02d472c204d087c8d1c4f20259e71da569886a70dc1721f785db360
resnet,electrode,43,ma_n20005_call_covariance_s10,phase2/results/predictions/full/electrode/resnet/seed_43/ma_n20005_call_covariance_s10.npz,76321,59a4a503b10a23b84f56faeaf4f5445c1ccc6a7b67d7e097bc2b0ab2e9644866
resnet,electrode,43,ma_n20005_call_covariance_s0,phase2/results/predictions/full/electrode/resnet/seed_43/ma_n20005_call_covariance_s0.npz,75961,d50858956727d1b25008996107b140e9af4abaaa8d6fd214adea0974c0a45dfc
resnet,electrode,43,em_n20001_call_independent_rms_s20,phase2/results/predictions/full/electrode/resnet/seed_43/em_n20001_call_independent_rms_s20.npz,76366,41f325b39672456df92debcf0d72d786feb967496a0a466c7b2ce2fa9cc1b902
resnet,electrode,43,em_n20001_call_independent_rms_s10,phase2/results/predictions/full/electrode/resnet/seed_43/em_n20001_call_independent_rms_s10.npz,76328,c506325133109ce44cc42da11b8914d86af1bddb8ed6629db96bf66ccc5a25a8
resnet,electrode,43,em_n20001_call_independent_rms_s0,phase2/results/predictions/full/electrode/resnet/seed_43/em_n20001_call_independent_rms_s0.npz,75899,a6d406329fe1bb55f94e58d6adcfa4131e3e6aafd7b8817397a6a0a6b2098162
resnet,electrode,43,em_n20001_call_electrode_s20,phase2/results/predictions/full/electrode/resnet/seed_43/em_n20001_call_electrode_s20.npz,76328,623ffc6e61faaefe594b316d147888093a07ab148c8a2755b772017154441338
resnet,electrode,43,em_n20001_call_electrode_s10,phase2/results/predictions/full/electrode/resnet/seed_43/em_n20001_call_electrode_s10.npz,76218,2a741a572172171bab99938edc80d67ac763b5ae51d762da35f1902df392ad01
resnet,electrode,43,em_n20001_call_electrode_s0,phase2/results/predictions/full/electrode/resnet/seed_43/em_n20001_call_electrode_s0.npz,75714,af5a9c524798d34749e040a7b2c06ac76594ae760779932294011e8ee02f318e
resnet,electrode,43,em_n20001_call_covariance_s20,phase2/results/predictions/full/electrode/resnet/seed_43/em_n20001_call_covariance_s20.npz,76342,a9330b237c0f595d2814089ea70d70bbed3f48955aff7cad668cc6c823b74e33
resnet,electrode,43,em_n20001_call_covariance_s10,phase2/results/predictions/full/electrode/resnet/seed_43/em_n20001_call_covariance_s10.npz,76224,17d1e1c582d735ed0898ca5ec772de4fad1769241b6056ca83da5afdda6cb753
resnet,electrode,43,em_n20001_call_covariance_s0,phase2/results/predictions/full/electrode/resnet/seed_43/em_n20001_call_covariance_s0.npz,75627,e98313ab1df6d73c94016da03f690f2b8a567d8ae688ac89e86a707467171599
resnet,electrode,43,em_n20002_call_independent_rms_s20,phase2/results/predictions/full/electrode/resnet/seed_43/em_n20002_call_independent_rms_s20.npz,76328,74ae48fed6c856896afd9dc97bb59dd7919ce98c325b6868ed660cc1f9b048d1
resnet,electrode,43,em_n20002_call_independent_rms_s10,phase2/results/predictions/full/electrode/resnet/seed_43/em_n20002_call_independent_rms_s10.npz,76297,dbf70dd696626e60ee08f597c2ce1c9fa86d40579c3bcb338bda35b73eb973b8
resnet,electrode,43,em_n20002_call_independent_rms_s0,phase2/results/predictions/full/electrode/resnet/seed_43/em_n20002_call_independent_rms_s0.npz,75886,698df0edd1e28558091ed5c42e643b29d4cd108b8e31d70a2249d42a00db5f95
resnet,electrode,43,em_n20002_call_electrode_s20,phase2/results/predictions/full/electrode/resnet/seed_43/em_n20002_call_electrode_s20.npz,76337,bde9253326c6e7e86dd0d4e0a3adc37e76d20e2fdc2e3e3b6d0226d9f3ead6ff
resnet,electrode,43,em_n20002_call_electrode_s10,phase2/results/predictions/full/electrode/resnet/seed_43/em_n20002_call_electrode_s10.npz,76228,a94d35a97ffa8844724835a8243ca35b0b7d3d2f3e70cc8fad89330de2c1bfdd
resnet,electrode,43,em_n20002_call_electrode_s0,phase2/results/predictions/full/electrode/resnet/seed_43/em_n20002_call_electrode_s0.npz,75645,bb3d77eddb08c47278643404ba70b499608e63c6684fd7a5658f5ccef5224a3c
resnet,electrode,43,em_n20002_call_covariance_s20,phase2/results/predictions/full/electrode/resnet/seed_43/em_n20002_call_covariance_s20.npz,76341,12f286b12cebaa9e8071c3a6ec7280d60faefc40f8a5f42aca9a3c0dc6e29cfa
resnet,electrode,43,em_n20002_call_covariance_s10,phase2/results/predictions/full/electrode/resnet/seed_43/em_n20002_call_covariance_s10.npz,76235,ead953f4de3c32c29427df85674b792a42dbe4817d3b7e4eb039158f1f7e1dea
resnet,electrode,43,em_n20002_call_covariance_s0,phase2/results/predictions/full/electrode/resnet/seed_43/em_n20002_call_covariance_s0.npz,75676,fddba4b62ad6e17ae5e95d1fc4fd154179026ad7d37f0bffc878cb7bf23e659b
resnet,electrode,43,em_n20003_call_independent_rms_s20,phase2/results/predictions/full/electrode/resnet/seed_43/em_n20003_call_independent_rms_s20.npz,76364,fdbbbe2642961acb3509cf8f6c465350be8531c651ec511749da7f1907174844
resnet,electrode,43,em_n20003_call_independent_rms_s10,phase2/results/predictions/full/electrode/resnet/seed_43/em_n20003_call_independent_rms_s10.npz,76288,c0c237d845651213af0a5283497a7ff2b1e10d514772a4007244f5d50d948e81
resnet,electrode,43,em_n20003_call_independent_rms_s0,phase2/results/predictions/full/electrode/resnet/seed_43/em_n20003_call_independent_rms_s0.npz,75887,e0f0694ba07bdc8fb694e94b6510fc0d6e20539c5812596aaedb78fd3fdc2b69
resnet,electrode,43,em_n20003_call_electrode_s20,phase2/results/predictions/full/electrode/resnet/seed_43/em_n20003_call_electrode_s20.npz,76319,1c43fdba2b654df9566e4bf651058f6bd6ce1605764abc68c3b4e854ebb9f1e4
resnet,electrode,43,em_n20003_call_electrode_s10,phase2/results/predictions/full/electrode/resnet/seed_43/em_n20003_call_electrode_s10.npz,76208,5abb7994e66efd2c9df6ae42a8e527421f24fdd94bf149b27c908153576d9a0b
resnet,electrode,43,em_n20003_call_electrode_s0,phase2/results/predictions/full/electrode/resnet/seed_43/em_n20003_call_electrode_s0.npz,75643,6652d3a5f883574a2963361b419c93e8e7eef6e3bda72acaba0f5e5be663c126
resnet,electrode,43,em_n20003_call_covariance_s20,phase2/results/predictions/full/electrode/resnet/seed_43/em_n20003_call_covariance_s20.npz,76318,f91233db15d9b26e27dad06c71bf87f7c82917185af0a7b7862f7ab52be28c1b
resnet,electrode,43,em_n20003_call_covariance_s10,phase2/results/predictions/full/electrode/resnet/seed_43/em_n20003_call_covariance_s10.npz,76241,1cd8dea635128ee20d47bf865ce2e925484c59bdb3f258ac1059f9558ba85fb7
resnet,electrode,43,em_n20003_call_covariance_s0,phase2/results/predictions/full/electrode/resnet/seed_43/em_n20003_call_covariance_s0.npz,75668,889c930e3eeec6b5fbbe664f8af2407555056f9dbedf6282319289155a5329dc
resnet,electrode,43,em_n20004_call_independent_rms_s20,phase2/results/predictions/full/electrode/resnet/seed_43/em_n20004_call_independent_rms_s20.npz,76358,ed3a27f25795710ad29e99fa5b1fce8945e78624aa4b554356e7199005521cd2
resnet,electrode,43,em_n20004_call_independent_rms_s10,phase2/results/predictions/full/electrode/resnet/seed_43/em_n20004_call_independent_rms_s10.npz,76284,3bf8723b43344c4d62d3f68587ca9c2c1fbd5d87a22a882a6a431c7dce671b03
resnet,electrode,43,em_n20004_call_independent_rms_s0,phase2/results/predictions/full/electrode/resnet/seed_43/em_n20004_call_independent_rms_s0.npz,75894,b00f7af2fcd715d867e896d4fcfacf9323b8acf7eb2f6c25bde734b1830c07a8
resnet,electrode,43,em_n20004_call_electrode_s20,phase2/results/predictions/full/electrode/resnet/seed_43/em_n20004_call_electrode_s20.npz,76324,6288cf8865a5aca048a5ab2ee775ea9de8c4a1749bc5a784a94f6abb142d6186
resnet,electrode,43,em_n20004_call_electrode_s10,phase2/results/predictions/full/electrode/resnet/seed_43/em_n20004_call_electrode_s10.npz,76240,090953bc7936a0e3973e7c4007a19e6595bd270450e14320e561fdd578cef640
resnet,electrode,43,em_n20004_call_electrode_s0,phase2/results/predictions/full/electrode/resnet/seed_43/em_n20004_call_electrode_s0.npz,75688,b22737168f23b323c9866db9a45a2799259d0da4703f764f1e8eadba62a86c58
resnet,electrode,43,em_n20004_call_covariance_s20,phase2/results/predictions/full/electrode/resnet/seed_43/em_n20004_call_covariance_s20.npz,76334,ee5d2e8cc00b15af3643a379415d115e4ccdbb51f6d86f281681832de8ac4c0d
resnet,electrode,43,em_n20004_call_covariance_s10,phase2/results/predictions/full/electrode/resnet/seed_43/em_n20004_call_covariance_s10.npz,76206,f964443a16d727d5af7c9ae1d65bf21b2309a128845d809812d401170a166ef4
resnet,electrode,43,em_n20004_call_covariance_s0,phase2/results/predictions/full/electrode/resnet/seed_43/em_n20004_call_covariance_s0.npz,75687,d8020c24795c55705fec4f8e705aaa8c5b2e4077907665a1fbb1aa8af58841f5
resnet,electrode,43,em_n20005_call_independent_rms_s20,phase2/results/predictions/full/electrode/resnet/seed_43/em_n20005_call_independent_rms_s20.npz,76355,89f8f616195359a955f189bd797f7457388891786341ca0c738c00126a09041f
resnet,electrode,43,em_n20005_call_independent_rms_s10,phase2/results/predictions/full/electrode/resnet/seed_43/em_n20005_call_independent_rms_s10.npz,76330,9269de86bafa6dd6b27bb2ae4700c5d660395d022c3f00616c09d3c7a4c99566
resnet,electrode,43,em_n20005_call_independent_rms_s0,phase2/results/predictions/full/electrode/resnet/seed_43/em_n20005_call_independent_rms_s0.npz,75890,3ee40db9ff6aa74c370fb1b88b753edcf03a446632972fa252fe6fd0a46ca10c
resnet,electrode,43,em_n20005_call_electrode_s20,phase2/results/predictions/full/electrode/resnet/seed_43/em_n20005_call_electrode_s20.npz,76355,209e7d6a13a8f5163564bbdda6523ea3834ece92baf4ff651f65c944ffa043ce
resnet,electrode,43,em_n20005_call_electrode_s10,phase2/results/predictions/full/electrode/resnet/seed_43/em_n20005_call_electrode_s10.npz,76177,f9ce3cb8fc5c9805fe36fb2b839cb9bd94bc01b12101f7e7bb143a5761258b8f
resnet,electrode,43,em_n20005_call_electrode_s0,phase2/results/predictions/full/electrode/resnet/seed_43/em_n20005_call_electrode_s0.npz,75658,5f9f00acdd17f9db8bbebe640b113881977b58374395bb3d93911aeadd8af6d1
resnet,electrode,43,em_n20005_call_covariance_s20,phase2/results/predictions/full/electrode/resnet/seed_43/em_n20005_call_covariance_s20.npz,76338,131cd7f8b74f50ec9f4a1008a3cc9f749d2ff87fc5006b9dcb20796600b6d8b9
resnet,electrode,43,em_n20005_call_covariance_s10,phase2/results/predictions/full/electrode/resnet/seed_43/em_n20005_call_covariance_s10.npz,76224,92cbcbf84a0f621b046e4cb22ad13c05c51d283f1f6fee65a28ee9aca46e18b6
resnet,electrode,43,em_n20005_call_covariance_s0,phase2/results/predictions/full/electrode/resnet/seed_43/em_n20005_call_covariance_s0.npz,75674,446fc2283acc5c961923e1e27760c3db573ce0284c5bd391598381adb67174f6
resnet,mixed,43,clean,phase2/results/predictions/full/mixed/resnet/seed_43/clean.npz,76482,77d4a059cc94cad91f701ddd790b3ee6f8733ae2bc197b2ee07191e438a72df7
resnet,mixed,43,bandpass_n20001_cRA_LA_LL_independent_rms_s20,phase2/results/predictions/full/mixed/resnet/seed_43/bandpass_n20001_cRA_LA_LL_independent_rms_s20.npz,76569,ec551676362e6e39f109cb26fa375b3c576433c8a86469d1114703e1cac051c4
resnet,mixed,43,bandpass_n20001_cRA_LA_LL_independent_rms_s15,phase2/results/predictions/full/mixed/resnet/seed_43/bandpass_n20001_cRA_LA_LL_independent_rms_s15.npz,76559,dcd098cfc7da7469975e90bb884db24109926ff4c315fa84d036b253948ee2a8
resnet,mixed,43,bandpass_n20001_cRA_LA_LL_independent_rms_s10,phase2/results/predictions/full/mixed/resnet/seed_43/bandpass_n20001_cRA_LA_LL_independent_rms_s10.npz,76531,490ffab250df8d0fb30bc3437ababb7fb0bbdab9eeec39e28695023f9dbc251a
resnet,mixed,43,bandpass_n20001_cRA_LA_LL_independent_rms_s5,phase2/results/predictions/full/mixed/resnet/seed_43/bandpass_n20001_cRA_LA_LL_independent_rms_s5.npz,76331,6815ef83fa44f1d8e3ed42a89436bc2d3de8f48b26a859f05f4e3fbf2f6fccdc
resnet,mixed,43,bandpass_n20001_cRA_LA_LL_independent_rms_s0,phase2/results/predictions/full/mixed/resnet/seed_43/bandpass_n20001_cRA_LA_LL_independent_rms_s0.npz,76021,21a45cf4fbd81038296e14cb00674c619b7653e2a03dab708bf0a5be4d8be74d
resnet,mixed,43,bandpass_n20001_cRA_LA_LL_electrode_s20,phase2/results/predictions/full/mixed/resnet/seed_43/bandpass_n20001_cRA_LA_LL_electrode_s20.npz,76539,e4a60cf10c06c94f633e80c251756e9c0df25474a9e237fb37d7f933cb2e2aca
resnet,mixed,43,bandpass_n20001_cRA_LA_LL_electrode_s15,phase2/results/predictions/full/mixed/resnet/seed_43/bandpass_n20001_cRA_LA_LL_electrode_s15.npz,76561,4078eb79f1c408a9d1ff6455c0b35310fb987cb1dc15eee6f2e5d9247cdc3eaf
resnet,mixed,43,bandpass_n20001_cRA_LA_LL_electrode_s10,phase2/results/predictions/full/mixed/resnet/seed_43/bandpass_n20001_cRA_LA_LL_electrode_s10.npz,76393,0d75a089c980fe4ca8995d2af64341ae34d659895428231264636fedb35e9b50
resnet,mixed,43,bandpass_n20001_cRA_LA_LL_electrode_s5,phase2/results/predictions/full/mixed/resnet/seed_43/bandpass_n20001_cRA_LA_LL_electrode_s5.npz,76229,96665f07e4bc5886e8597ddad676775cc745298081de4c43a6151463c34a8255
resnet,mixed,43,bandpass_n20001_cRA_LA_LL_electrode_s0,phase2/results/predictions/full/mixed/resnet/seed_43/bandpass_n20001_cRA_LA_LL_electrode_s0.npz,75800,0a94abc4043c173e5ee586e561bdc5f305cd69a36a8cbc13926889e0cb297b68
resnet,mixed,43,bandpass_n20001_cRA_LA_LL_covariance_s20,phase2/results/predictions/full/mixed/resnet/seed_43/bandpass_n20001_cRA_LA_LL_covariance_s20.npz,76536,3b505889f449b3c2192743b176a3ddc2012f9a1949d822823d90bf88ca8b8e31
resnet,mixed,43,bandpass_n20001_cRA_LA_LL_covariance_s15,phase2/results/predictions/full/mixed/resnet/seed_43/bandpass_n20001_cRA_LA_LL_covariance_s15.npz,76534,29b361abeabcccd8f454be99407f772f1f92f0ece1d87fc472ae350cfe2238cc
resnet,mixed,43,bandpass_n20001_cRA_LA_LL_covariance_s10,phase2/results/predictions/full/mixed/resnet/seed_43/bandpass_n20001_cRA_LA_LL_covariance_s10.npz,76395,9137c89c3335570bda1cad464f637cbf25a7bb658258c5fc53417114ea8306a5
resnet,mixed,43,bandpass_n20001_cRA_LA_LL_covariance_s5,phase2/results/predictions/full/mixed/resnet/seed_43/bandpass_n20001_cRA_LA_LL_covariance_s5.npz,76219,4b7ad2613eef541f2235daa8f6c10fec107ae8be8c01d3e76a6fd81600194d78
resnet,mixed,43,bandpass_n20001_cRA_LA_LL_covariance_s0,phase2/results/predictions/full/mixed/resnet/seed_43/bandpass_n20001_cRA_LA_LL_covariance_s0.npz,75800,4f07eba81ae3901a996cf972d5676a0c107ef3db6d92bcc1095722498defd128
resnet,mixed,43,bandpass_n20001_cV1_independent_rms_s20,phase2/results/predictions/full/mixed/resnet/seed_43/bandpass_n20001_cV1_independent_rms_s20.npz,76555,b6a080b3cf82a2ddf1f35aac12beb1328bb19cb99de6d103ef4021527bbd1ed0
resnet,mixed,43,bandpass_n20001_cV1_independent_rms_s15,phase2/results/predictions/full/mixed/resnet/seed_43/bandpass_n20001_cV1_independent_rms_s15.npz,76550,c522f9d13912668ae6f379531372f13c53ee8576d580b48311e8ea12319abf77
resnet,mixed,43,bandpass_n20001_cV1_independent_rms_s10,phase2/results/predictions/full/mixed/resnet/seed_43/bandpass_n20001_cV1_independent_rms_s10.npz,76513,479d79f28d1c661c7d7bf826c1658c3c7373684d14cc538168f6430448ee6ee4
resnet,mixed,43,bandpass_n20001_cV1_independent_rms_s5,phase2/results/predictions/full/mixed/resnet/seed_43/bandpass_n20001_cV1_independent_rms_s5.npz,76322,4d5421be0bb4e97a193b1013d80fc4720302d54ffa184d747072aa1ba4d05c98
resnet,mixed,43,bandpass_n20001_cV1_independent_rms_s0,phase2/results/predictions/full/mixed/resnet/seed_43/bandpass_n20001_cV1_independent_rms_s0.npz,75873,61c0e91e9827143f08da215b281c326a1f434168531602015ca06bc78ebd53d7
resnet,mixed,43,bandpass_n20001_cV1_electrode_s20,phase2/results/predictions/full/mixed/resnet/seed_43/bandpass_n20001_cV1_electrode_s20.npz,76533,cdd90ef17617d80d0d7fe2c03c417fc5ba41d979bccaac46c34ed5ca861bdcd6
resnet,mixed,43,bandpass_n20001_cV1_electrode_s15,phase2/results/predictions/full/mixed/resnet/seed_43/bandpass_n20001_cV1_electrode_s15.npz,76539,97d12f1503f6cd1c2787f26ac92647fd2b6a889024ea5fac52e435b41218ae2e
resnet,mixed,43,bandpass_n20001_cV1_electrode_s10,phase2/results/predictions/full/mixed/resnet/seed_43/bandpass_n20001_cV1_electrode_s10.npz,76453,ace7ba24b35e7eaddf6b21346043935ec0d27a20f697cf40874a6e218e1daab5
resnet,mixed,43,bandpass_n20001_cV1_electrode_s5,phase2/results/predictions/full/mixed/resnet/seed_43/bandpass_n20001_cV1_electrode_s5.npz,76284,1a30961cc9e4036f76163155ada9673009b5ac1e5ae204afc27ae0ed3abae4d2
resnet,mixed,43,bandpass_n20001_cV1_electrode_s0,phase2/results/predictions/full/mixed/resnet/seed_43/bandpass_n20001_cV1_electrode_s0.npz,75881,ca76924fa6ed7df6dfdd8ad6e1012815c64376071573efc23fe54e9923920077
resnet,mixed,43,bandpass_n20001_cV1_covariance_s20,phase2/results/predictions/full/mixed/resnet/seed_43/bandpass_n20001_cV1_covariance_s20.npz,76536,0942b763c2839439cfb26d84c040c2b029dd40a4c2ac780b6bd577fa50d24239
resnet,mixed,43,bandpass_n20001_cV1_covariance_s15,phase2/results/predictions/full/mixed/resnet/seed_43/bandpass_n20001_cV1_covariance_s15.npz,76558,ac697a7c3860440fa12c9760b3e3f8c4d23bae69f7443d08c263b2e864507bb5
resnet,mixed,43,bandpass_n20001_cV1_covariance_s10,phase2/results/predictions/full/mixed/resnet/seed_43/bandpass_n20001_cV1_covariance_s10.npz,76451,e57f5bc9c56cd8816246101d5c7f3c614541b6d4e442dc363a32787809010ca1
resnet,mixed,43,bandpass_n20001_cV1_covariance_s5,phase2/results/predictions/full/mixed/resnet/seed_43/bandpass_n20001_cV1_covariance_s5.npz,76330,f660dad288b088814b638c6118b6c59e5ffbb07bca78ce0bc6105181a9a68809
resnet,mixed,43,bandpass_n20001_cV1_covariance_s0,phase2/results/predictions/full/mixed/resnet/seed_43/bandpass_n20001_cV1_covariance_s0.npz,75876,cdcf4d897a90b70de8fb20ed1db633340391cec12f76e7c5f3c4f0fadf658f66
resnet,mixed,43,bandpass_n20001_cV2_independent_rms_s20,phase2/results/predictions/full/mixed/resnet/seed_43/bandpass_n20001_cV2_independent_rms_s20.npz,76557,bee5bb5cafe5aca25536c66720cb4b1d8bcaa7a6e075620c15379bbe6d692e30
resnet,mixed,43,bandpass_n20001_cV2_independent_rms_s15,phase2/results/predictions/full/mixed/resnet/seed_43/bandpass_n20001_cV2_independent_rms_s15.npz,76535,d9c8cbd9f1bf6b0dcc719fa87be2aa628b35cf89d79148c0ec8c6effa8c2e0d2
resnet,mixed,43,bandpass_n20001_cV2_independent_rms_s10,phase2/results/predictions/full/mixed/resnet/seed_43/bandpass_n20001_cV2_independent_rms_s10.npz,76474,d80d604516e908fc1b8eb861b3a6141feb7ac60c57352a9ba5e182508b7c029e
resnet,mixed,43,bandpass_n20001_cV2_independent_rms_s5,phase2/results/predictions/full/mixed/resnet/seed_43/bandpass_n20001_cV2_independent_rms_s5.npz,76322,70d3a45549ce2baf553259ccbdce88350a39f2a0af931cff2616b600aa660dea
resnet,mixed,43,bandpass_n20001_cV2_independent_rms_s0,phase2/results/predictions/full/mixed/resnet/seed_43/bandpass_n20001_cV2_independent_rms_s0.npz,76018,fe7ffc2e950d37b0b5367ac0bd588ec4f2774999e4b96c8fb710233153eb8f3b
resnet,mixed,43,bandpass_n20001_cV2_electrode_s20,phase2/results/predictions/full/mixed/resnet/seed_43/bandpass_n20001_cV2_electrode_s20.npz,76519,271ec9e97dbe9684a53d7c532143ab80346d16ce007669b73133c0b1e9b4725c
resnet,mixed,43,bandpass_n20001_cV2_electrode_s15,phase2/results/predictions/full/mixed/resnet/seed_43/bandpass_n20001_cV2_electrode_s15.npz,76509,7669f006a9cf0c92ace3fd33752009e7f9d2ae3718433e7d8487df77dd2c714c
resnet,mixed,43,bandpass_n20001_cV2_electrode_s10,phase2/results/predictions/full/mixed/resnet/seed_43/bandpass_n20001_cV2_electrode_s10.npz,76436,3ebaa157be034cfea3d0694ccb2bd64b87685e7d98dc556cfb994c2f789f7db3
resnet,mixed,43,bandpass_n20001_cV2_electrode_s5,phase2/results/predictions/full/mixed/resnet/seed_43/bandpass_n20001_cV2_electrode_s5.npz,76277,a687dd114715c174604b043b9a4a8875594d005368f6141f63882c34117d94ed
resnet,mixed,43,bandpass_n20001_cV2_electrode_s0,phase2/results/predictions/full/mixed/resnet/seed_43/bandpass_n20001_cV2_electrode_s0.npz,75970,27707be89d55d7eb1d8899ad1bb7f8cb02de1a3feac22be99557380f4add2f44
resnet,mixed,43,bandpass_n20001_cV2_covariance_s20,phase2/results/predictions/full/mixed/resnet/seed_43/bandpass_n20001_cV2_covariance_s20.npz,76573,be30c0d414d31834fc5eb73c962f55955fd9d38b15e79a59ad2e059cd85ac993
resnet,mixed,43,bandpass_n20001_cV2_covariance_s15,phase2/results/predictions/full/mixed/resnet/seed_43/bandpass_n20001_cV2_covariance_s15.npz,76517,3bcfd330752bfba10dad87ce2fc56148f0d5b710b2edc28483cba26c9ff0ed66
resnet,mixed,43,bandpass_n20001_cV2_covariance_s10,phase2/results/predictions/full/mixed/resnet/seed_43/bandpass_n20001_cV2_covariance_s10.npz,76475,a07b8c2b04d442af4e44da46469fcf9f6a03b245059ada5048d403e1c4d26969
resnet,mixed,43,bandpass_n20001_cV2_covariance_s5,phase2/results/predictions/full/mixed/resnet/seed_43/bandpass_n20001_cV2_covariance_s5.npz,76285,e0a0c4f36ab9eec7ddae8107d9164b8589f5a1a5ee08b45a26a70790fad1da1b
resnet,mixed,43,bandpass_n20001_cV2_covariance_s0,phase2/results/predictions/full/mixed/resnet/seed_43/bandpass_n20001_cV2_covariance_s0.npz,75973,be58106e55c86df6e2b75f8a8cb4d12a282ef768fb72983c958056eebdef9882
resnet,mixed,43,bandpass_n20001_cV3_independent_rms_s20,phase2/results/predictions/full/mixed/resnet/seed_43/bandpass_n20001_cV3_independent_rms_s20.npz,76594,fef0f37086b373a268181f7529dee0ceda27b4e44814d18a1baf3ddc6b652539
resnet,mixed,43,bandpass_n20001_cV3_independent_rms_s15,phase2/results/predictions/full/mixed/resnet/seed_43/bandpass_n20001_cV3_independent_rms_s15.npz,76557,4d27ee910ea58a8ce033ad42524e20eeb5eefdbe2f5521467e31adfa9d1ad226
resnet,mixed,43,bandpass_n20001_cV3_independent_rms_s10,phase2/results/predictions/full/mixed/resnet/seed_43/bandpass_n20001_cV3_independent_rms_s10.npz,76504,7ff3084464b8e368bc525bab4e79620e25d6734af623da42909b24041bff96b7
resnet,mixed,43,bandpass_n20001_cV3_independent_rms_s5,phase2/results/predictions/full/mixed/resnet/seed_43/bandpass_n20001_cV3_independent_rms_s5.npz,76404,dff2b5a6c29b045c29d202ad9206999331f2a6035c29fbf3fc14e3900a5dfb4e
resnet,mixed,43,bandpass_n20001_cV3_independent_rms_s0,phase2/results/predictions/full/mixed/resnet/seed_43/bandpass_n20001_cV3_independent_rms_s0.npz,76131,aaf7397bc67007391b28f0e099e09fd042500474bf6103014641070ef3214e07
resnet,mixed,43,bandpass_n20001_cV3_electrode_s20,phase2/results/predictions/full/mixed/resnet/seed_43/bandpass_n20001_cV3_electrode_s20.npz,76549,4ebbec01fa77d366344310295e9f0bfd57c56daee122abe218cde984a54e0359
resnet,mixed,43,bandpass_n20001_cV3_electrode_s15,phase2/results/predictions/full/mixed/resnet/seed_43/bandpass_n20001_cV3_electrode_s15.npz,76557,7f6ec692f9f1fffd8d0776d965688fc7c9ff702a5013f01624a274767a5e076f
resnet,mixed,43,bandpass_n20001_cV3_electrode_s10,phase2/results/predictions/full/mixed/resnet/seed_43/bandpass_n20001_cV3_electrode_s10.npz,76499,d7b29750d120809805cf6d022f387a5e1c7b3660cba43eb5a469ad25941dd670
resnet,mixed,43,bandpass_n20001_cV3_electrode_s5,phase2/results/predictions/full/mixed/resnet/seed_43/bandpass_n20001_cV3_electrode_s5.npz,76398,1385240433f3ac1684ee958b7b33ddf6e71aebbca41d87ce92248e164bce43e9
resnet,mixed,43,bandpass_n20001_cV3_electrode_s0,phase2/results/predictions/full/mixed/resnet/seed_43/bandpass_n20001_cV3_electrode_s0.npz,76116,df4cf8bb9d91a208c2ea0872e545597dc80abeba529042c8f0de57b95224099f
resnet,mixed,43,bandpass_n20001_cV3_covariance_s20,phase2/results/predictions/full/mixed/resnet/seed_43/bandpass_n20001_cV3_covariance_s20.npz,76560,395702b449c6ca640beff777748f1a13921c59c6677cf8d8282c06314eeee1e1
resnet,mixed,43,bandpass_n20001_cV3_covariance_s15,phase2/results/predictions/full/mixed/resnet/seed_43/bandpass_n20001_cV3_covariance_s15.npz,76534,38bb1dfec9f47016cded8bd4f26738d8820fc1ab4bccdb8b34e7013762bace58
resnet,mixed,43,bandpass_n20001_cV3_covariance_s10,phase2/results/predictions/full/mixed/resnet/seed_43/bandpass_n20001_cV3_covariance_s10.npz,76464,7de3bf34742c4a428a889b9495a679e299053d930c2ae147d1dad394a371c6d3
resnet,mixed,43,bandpass_n20001_cV3_covariance_s5,phase2/results/predictions/full/mixed/resnet/seed_43/bandpass_n20001_cV3_covariance_s5.npz,76397,71467e5abdfabdc49e49f0fd84e110803a1eddb1a4a8ca2f91841cf9f9ba2ae2
resnet,mixed,43,bandpass_n20001_cV3_covariance_s0,phase2/results/predictions/full/mixed/resnet/seed_43/bandpass_n20001_cV3_covariance_s0.npz,76117,c07290a91d630fea910e6e12b666a1538585a0b7366bf6944aa181b753730b48
resnet,mixed,43,bandpass_n20001_cV4_independent_rms_s20,phase2/results/predictions/full/mixed/resnet/seed_43/bandpass_n20001_cV4_independent_rms_s20.npz,76525,a65dab479685e3925a740ae73dde16fcd286c2dd1c6bfb9862f44013de5acce8
resnet,mixed,43,bandpass_n20001_cV4_independent_rms_s15,phase2/results/predictions/full/mixed/resnet/seed_43/bandpass_n20001_cV4_independent_rms_s15.npz,76530,daec2c10cfede20371880912bf0b6adae398992badcbdf378345efbf566b41fc
resnet,mixed,43,bandpass_n20001_cV4_independent_rms_s10,phase2/results/predictions/full/mixed/resnet/seed_43/bandpass_n20001_cV4_independent_rms_s10.npz,76486,ee7bc361e6f35eba478e77fde406a15e84b34f09cbe1b8dd5784f44ee7756974
resnet,mixed,43,bandpass_n20001_cV4_independent_rms_s5,phase2/results/predictions/full/mixed/resnet/seed_43/bandpass_n20001_cV4_independent_rms_s5.npz,76380,1161175ac3445209e9610010470b83364282e63533e8135ea3cab7e8b985ad9d
resnet,mixed,43,bandpass_n20001_cV4_independent_rms_s0,phase2/results/predictions/full/mixed/resnet/seed_43/bandpass_n20001_cV4_independent_rms_s0.npz,76086,53b155e58b9fa2ece6f766c631e57495b71c414afa67ee5cec1a0f233244b8b8
resnet,mixed,43,bandpass_n20001_cV4_electrode_s20,phase2/results/predictions/full/mixed/resnet/seed_43/bandpass_n20001_cV4_electrode_s20.npz,76552,8fee1ff149901c4b2bd123486854a85fe57a8d07d79652b7c3ba73338ea57dcc
resnet,mixed,43,bandpass_n20001_cV4_electrode_s15,phase2/results/predictions/full/mixed/resnet/seed_43/bandpass_n20001_cV4_electrode_s15.npz,76511,91350e2eb1bbb7f0252295012b891e5b47a2b8b1325a9cb8d240ac58cdb014d2
resnet,mixed,43,bandpass_n20001_cV4_electrode_s10,phase2/results/predictions/full/mixed/resnet/seed_43/bandpass_n20001_cV4_electrode_s10.npz,76491,921dab5b192cc46b8b4a44849afac1fda9654d723c521c849239672ea5f2a69e
resnet,mixed,43,bandpass_n20001_cV4_electrode_s5,phase2/results/predictions/full/mixed/resnet/seed_43/bandpass_n20001_cV4_electrode_s5.npz,76383,0acd8e81d9fde54b08730de831fc0db642b2b63ceb15ee041707f1b053bdcf06
resnet,mixed,43,bandpass_n20001_cV4_electrode_s0,phase2/results/predictions/full/mixed/resnet/seed_43/bandpass_n20001_cV4_electrode_s0.npz,76056,b4989a38b2c6c2c65b9d2008d883b6b5d59b5bacb0c4177b06db47704054019d
resnet,mixed,43,bandpass_n20001_cV4_covariance_s20,phase2/results/predictions/full/mixed/resnet/seed_43/bandpass_n20001_cV4_covariance_s20.npz,76516,81a0cf2a5f2690eed9abe44bce748d70f71e93969ef6a24205427c872a571c79
resnet,mixed,43,bandpass_n20001_cV4_covariance_s15,phase2/results/predictions/full/mixed/resnet/seed_43/bandpass_n20001_cV4_covariance_s15.npz,76536,bfc41ddd4a926fa14b4a6a6550c0ad7ddf80c17e1fcb562e1912d24e7d738cde
resnet,mixed,43,bandpass_n20001_cV4_covariance_s10,phase2/results/predictions/full/mixed/resnet/seed_43/bandpass_n20001_cV4_covariance_s10.npz,76487,8468e060693688a23079adab2d0fc58003f80dd138a049836ff1ed5ae8f7fadd
resnet,mixed,43,bandpass_n20001_cV4_covariance_s5,phase2/results/predictions/full/mixed/resnet/seed_43/bandpass_n20001_cV4_covariance_s5.npz,76344,79b6d8f3e8b6cf23d21bcdc44451c06ab0ee1376df6155b91167539aa416d00f
resnet,mixed,43,bandpass_n20001_cV4_covariance_s0,phase2/results/predictions/full/mixed/resnet/seed_43/bandpass_n20001_cV4_covariance_s0.npz,76067,c7fd353eae988a5645835dea22932557631b06c2bc59d2c00687f21a152e107d
resnet,mixed,43,bandpass_n20001_cV5_independent_rms_s20,phase2/results/predictions/full/mixed/resnet/seed_43/bandpass_n20001_cV5_independent_rms_s20.npz,76554,7d25225648e9308840236b4a5c8ec53f3413f918cb9da9514c05e83fe73f0d10
resnet,mixed,43,bandpass_n20001_cV5_independent_rms_s15,phase2/results/predictions/full/mixed/resnet/seed_43/bandpass_n20001_cV5_independent_rms_s15.npz,76522,073cdf544d7289dcdbad2d3acb64f7900ab895b756407783feb05391c517cf48
resnet,mixed,43,bandpass_n20001_cV5_independent_rms_s10,phase2/results/predictions/full/mixed/resnet/seed_43/bandpass_n20001_cV5_independent_rms_s10.npz,76477,c7fbf3e65abd238e0149771db47b5add6bc165e059b325be5449d5850bd32ec7
resnet,mixed,43,bandpass_n20001_cV5_independent_rms_s5,phase2/results/predictions/full/mixed/resnet/seed_43/bandpass_n20001_cV5_independent_rms_s5.npz,76323,476b2770657d1708483c26a238b6b542d0a74f560c7a821439c50cac481958c1
resnet,mixed,43,bandpass_n20001_cV5_independent_rms_s0,phase2/results/predictions/full/mixed/resnet/seed_43/bandpass_n20001_cV5_independent_rms_s0.npz,76004,92f266512303a42e1d7b9df69aa5336737ff065c09847d752c0ef80b74f5d2ca
resnet,mixed,43,bandpass_n20001_cV5_electrode_s20,phase2/results/predictions/full/mixed/resnet/seed_43/bandpass_n20001_cV5_electrode_s20.npz,76514,8b6db2cdb559449889a92413c6eebd8c58d2d5eb39ffa09434cb3c030c9bf2eb
resnet,mixed,43,bandpass_n20001_cV5_electrode_s15,phase2/results/predictions/full/mixed/resnet/seed_43/bandpass_n20001_cV5_electrode_s15.npz,76494,832e62185a4d3ed47b28dd2b16ae9b76d455758836ee220b5a54c68ea9b5c172
resnet,mixed,43,bandpass_n20001_cV5_electrode_s10,phase2/results/predictions/full/mixed/resnet/seed_43/bandpass_n20001_cV5_electrode_s10.npz,76486,b95591d7818c9bad5f3c2b176bb4a55f22eaa6cb294e63a53f0b089def3ad871
resnet,mixed,43,bandpass_n20001_cV5_electrode_s5,phase2/results/predictions/full/mixed/resnet/seed_43/bandpass_n20001_cV5_electrode_s5.npz,76319,cf9632c1e9fa6fd23a8047a323a65dfa84dddbf2223733835997c416c6bb98bc
resnet,mixed,43,bandpass_n20001_cV5_electrode_s0,phase2/results/predictions/full/mixed/resnet/seed_43/bandpass_n20001_cV5_electrode_s0.npz,75987,a11f618256e42c0247d87c666ca1134f6e7622c2af0002caceb73117eb5fa7a1
resnet,mixed,43,bandpass_n20001_cV5_covariance_s20,phase2/results/predictions/full/mixed/resnet/seed_43/bandpass_n20001_cV5_covariance_s20.npz,76536,0ecb713dbc9b1617970adf18be3478e53f61c4cb0b10b31959a0c661bab4e8f0
resnet,mixed,43,bandpass_n20001_cV5_covariance_s15,phase2/results/predictions/full/mixed/resnet/seed_43/bandpass_n20001_cV5_covariance_s15.npz,76524,728f912a78a242a2ab6670ca2d2daf0f4377b417f175f98fa2906302e9b32d5f
resnet,mixed,43,bandpass_n20001_cV5_covariance_s10,phase2/results/predictions/full/mixed/resnet/seed_43/bandpass_n20001_cV5_covariance_s10.npz,76499,9e1f5176dd57e9641140540ad2d6133bd02554b3c8755bbe02fe2b3a9133e3b6
resnet,mixed,43,bandpass_n20001_cV5_covariance_s5,phase2/results/predictions/full/mixed/resnet/seed_43/bandpass_n20001_cV5_covariance_s5.npz,76357,c61f7748d212442a35fb08d879eeab89036fe7d41469c3cb50b8e4f9d417920b
resnet,mixed,43,bandpass_n20001_cV5_covariance_s0,phase2/results/predictions/full/mixed/resnet/seed_43/bandpass_n20001_cV5_covariance_s0.npz,76015,b074c3ede38e4b7a5ff71b05c0dcccdcd40ba78d89f734b00fad3b4675b22705
resnet,mixed,43,bandpass_n20001_cV6_independent_rms_s20,phase2/results/predictions/full/mixed/resnet/seed_43/bandpass_n20001_cV6_independent_rms_s20.npz,76524,0689ff33a0ad4c96bbffb2ae227efff26bed4765958b66c0ef55bed7f65217bd
resnet,mixed,43,bandpass_n20001_cV6_independent_rms_s15,phase2/results/predictions/full/mixed/resnet/seed_43/bandpass_n20001_cV6_independent_rms_s15.npz,76519,431c8dd3008e83b6670957764ace940c3f15ae2d630c525a9be2144355e7b5c8
resnet,mixed,43,bandpass_n20001_cV6_independent_rms_s10,phase2/results/predictions/full/mixed/resnet/seed_43/bandpass_n20001_cV6_independent_rms_s10.npz,76484,5863cc39f2f1a5b17edf97f9cd062f0f00a06145f5d994dc9d94edc9ef5116c3
resnet,mixed,43,bandpass_n20001_cV6_independent_rms_s5,phase2/results/predictions/full/mixed/resnet/seed_43/bandpass_n20001_cV6_independent_rms_s5.npz,76390,5fd88b974fd52581c9f13ac62c7bb6187fadb9a6b02d26b2033de627a017ff15
resnet,mixed,43,bandpass_n20001_cV6_independent_rms_s0,phase2/results/predictions/full/mixed/resnet/seed_43/bandpass_n20001_cV6_independent_rms_s0.npz,76075,fc581c5baa0dc311146a8a872e8568ef590728ff0dc14a46d7df832163a2afd5
resnet,mixed,43,bandpass_n20001_cV6_electrode_s20,phase2/results/predictions/full/mixed/resnet/seed_43/bandpass_n20001_cV6_electrode_s20.npz,76551,69e33c1046038e96d527758df231abd7bf1910e33b445a66d8d30b9860ca255f
resnet,mixed,43,bandpass_n20001_cV6_electrode_s15,phase2/results/predictions/full/mixed/resnet/seed_43/bandpass_n20001_cV6_electrode_s15.npz,76543,66119eb348194bd3c605e5e8fd67e5aa295c569d584c2433950f39a11564f070
resnet,mixed,43,bandpass_n20001_cV6_electrode_s10,phase2/results/predictions/full/mixed/resnet/seed_43/bandpass_n20001_cV6_electrode_s10.npz,76495,d125d23e09a87cf8591e0d6f7aba85be04b60e4200d3ec512fc8d90c74ec055a
resnet,mixed,43,bandpass_n20001_cV6_electrode_s5,phase2/results/predictions/full/mixed/resnet/seed_43/bandpass_n20001_cV6_electrode_s5.npz,76369,aa3e9816b870209f36c34fa1f09d4367cfe0398874693fb4989bce1f6482d18b
resnet,mixed,43,bandpass_n20001_cV6_electrode_s0,phase2/results/predictions/full/mixed/resnet/seed_43/bandpass_n20001_cV6_electrode_s0.npz,76040,6646059370b52cb00ddc46c1c29ad6294cda1a72ecdf5cd3651ef79d6e4e72bf
resnet,mixed,43,bandpass_n20001_cV6_covariance_s20,phase2/results/predictions/full/mixed/resnet/seed_43/bandpass_n20001_cV6_covariance_s20.npz,76545,322dcfe258024a670ebde9922f71ccb014c24aceebfb5096c79b22e6d847639a
resnet,mixed,43,bandpass_n20001_cV6_covariance_s15,phase2/results/predictions/full/mixed/resnet/seed_43/bandpass_n20001_cV6_covariance_s15.npz,76533,146ccb6bece1b9e0283d2db4f486c7a5822f9da7edb0eb17fb57e5d2cec85a9e
resnet,mixed,43,bandpass_n20001_cV6_covariance_s10,phase2/results/predictions/full/mixed/resnet/seed_43/bandpass_n20001_cV6_covariance_s10.npz,76479,62ab350e8eecb95aeb409b7f0c882a4f611be2769fcea87fe6d02df866779908
resnet,mixed,43,bandpass_n20001_cV6_covariance_s5,phase2/results/predictions/full/mixed/resnet/seed_43/bandpass_n20001_cV6_covariance_s5.npz,76336,c07003ae34413249700ce57911722c2bf91dab3820f6527c84a02f3594c3cc97
resnet,mixed,43,bandpass_n20001_cV6_covariance_s0,phase2/results/predictions/full/mixed/resnet/seed_43/bandpass_n20001_cV6_covariance_s0.npz,76060,13ec315ae66f34ede00ae004c358aac589f0185b991f29f7ea4ae51ce2cdd111
resnet,mixed,43,bandpass_n20001_cRA_LA_independent_rms_s20,phase2/results/predictions/full/mixed/resnet/seed_43/bandpass_n20001_cRA_LA_independent_rms_s20.npz,76549,3467d4cc1b98f833f94fd5b173e3b1e63b8d5d52eabedd5fec7cc356588d3457
resnet,mixed,43,bandpass_n20001_cRA_LA_independent_rms_s15,phase2/results/predictions/full/mixed/resnet/seed_43/bandpass_n20001_cRA_LA_independent_rms_s15.npz,76548,cbd00039c2b9302782a994ec121dc75e2225054f64347e2d76c0829fa4438ddb
resnet,mixed,43,bandpass_n20001_cRA_LA_independent_rms_s10,phase2/results/predictions/full/mixed/resnet/seed_43/bandpass_n20001_cRA_LA_independent_rms_s10.npz,76487,c8503f69956c7c829b1b0d741fe97670b75be73eb448a098066021b95076e83c
resnet,mixed,43,bandpass_n20001_cRA_LA_independent_rms_s5,phase2/results/predictions/full/mixed/resnet/seed_43/bandpass_n20001_cRA_LA_independent_rms_s5.npz,76341,de3876c227a452a621e5767cffcad6e7c82e6c464192f1b35344c7622258b5a0
resnet,mixed,43,bandpass_n20001_cRA_LA_independent_rms_s0,phase2/results/predictions/full/mixed/resnet/seed_43/bandpass_n20001_cRA_LA_independent_rms_s0.npz,76006,797c13e514349e257a387a45e702d92b473a6df7f9f54efd5b46e56d06904764
resnet,mixed,43,bandpass_n20001_cRA_LA_electrode_s20,phase2/results/predictions/full/mixed/resnet/seed_43/bandpass_n20001_cRA_LA_electrode_s20.npz,76543,a905838732f8b36a6ff5452543193726d2ef6a28305a05b8d4c2d9d13db64e44
resnet,mixed,43,bandpass_n20001_cRA_LA_electrode_s15,phase2/results/predictions/full/mixed/resnet/seed_43/bandpass_n20001_cRA_LA_electrode_s15.npz,76519,443b2206463014ce625357c9ceaa9c67efbcb3292759cdd2967a81e31848bb8d
resnet,mixed,43,bandpass_n20001_cRA_LA_electrode_s10,phase2/results/predictions/full/mixed/resnet/seed_43/bandpass_n20001_cRA_LA_electrode_s10.npz,76431,609e2bf17b4278fa404de52efafd98ee0aa05daeb46e63c4f8a7427ff657f460
resnet,mixed,43,bandpass_n20001_cRA_LA_electrode_s5,phase2/results/predictions/full/mixed/resnet/seed_43/bandpass_n20001_cRA_LA_electrode_s5.npz,76235,9c6bedb0668301bee30a830927cc9ea4bdd5177e46117b38e606b4d863db2662
resnet,mixed,43,bandpass_n20001_cRA_LA_electrode_s0,phase2/results/predictions/full/mixed/resnet/seed_43/bandpass_n20001_cRA_LA_electrode_s0.npz,75877,749aeef9af272efa3df679e42226523c0923a14cb6589aeab95cebd95781d609
resnet,mixed,43,bandpass_n20001_cRA_LA_covariance_s20,phase2/results/predictions/full/mixed/resnet/seed_43/bandpass_n20001_cRA_LA_covariance_s20.npz,76549,33a4649abaee6ec4b2e72d1dc8927ca099f9033f5136130129a154b98ff4a7d7
resnet,mixed,43,bandpass_n20001_cRA_LA_covariance_s15,phase2/results/predictions/full/mixed/resnet/seed_43/bandpass_n20001_cRA_LA_covariance_s15.npz,76517,b5bc687f92e2f1667cbc9dd56e55464369cd62c94731fd9759fd5c935609a768
resnet,mixed,43,bandpass_n20001_cRA_LA_covariance_s10,phase2/results/predictions/full/mixed/resnet/seed_43/bandpass_n20001_cRA_LA_covariance_s10.npz,76452,8255aef7bbd2392fd7e3fbb0224fed8a0b582915644ec27e1e414ec9c903026d
resnet,mixed,43,bandpass_n20001_cRA_LA_covariance_s5,phase2/results/predictions/full/mixed/resnet/seed_43/bandpass_n20001_cRA_LA_covariance_s5.npz,76247,69feb0684e6adb7f6efb0a537af0d803ec96d6bc573052f1eeeadaaab01a6514
resnet,mixed,43,bandpass_n20001_cRA_LA_covariance_s0,phase2/results/predictions/full/mixed/resnet/seed_43/bandpass_n20001_cRA_LA_covariance_s0.npz,75903,c3e9167aff08e89ec8270903eba9bf80f8d9adf034d953e20a0738f5f58a0687
resnet,mixed,43,bandpass_n20001_cLA_LL_independent_rms_s20,phase2/results/predictions/full/mixed/resnet/seed_43/bandpass_n20001_cLA_LL_independent_rms_s20.npz,76516,0d58c97422e4bd99538c1a44cc7a81432b0df23e3c59743ee08781721942cfdd
resnet,mixed,43,bandpass_n20001_cLA_LL_independent_rms_s15,phase2/results/predictions/full/mixed/resnet/seed_43/bandpass_n20001_cLA_LL_independent_rms_s15.npz,76560,a1c22aca6b52a9752d224bb5cf8f8d903b49a1db3e920a57ef1ba5315ec54501
resnet,mixed,43,bandpass_n20001_cLA_LL_independent_rms_s10,phase2/results/predictions/full/mixed/resnet/seed_43/bandpass_n20001_cLA_LL_independent_rms_s10.npz,76507,73487f75fda8e33c1e7bb23f7f768b5ff83551434a59596295fe22c49057164d
resnet,mixed,43,bandpass_n20001_cLA_LL_independent_rms_s5,phase2/results/predictions/full/mixed/resnet/seed_43/bandpass_n20001_cLA_LL_independent_rms_s5.npz,76302,eed78b32af216c95b24ef54c665c442e20719a68912cab22e05c2f18fcae00e2
resnet,mixed,43,bandpass_n20001_cLA_LL_independent_rms_s0,phase2/results/predictions/full/mixed/resnet/seed_43/bandpass_n20001_cLA_LL_independent_rms_s0.npz,76002,b40b5abf926f049e31bb28f3af6073b873b77f59fc6e58a6b147ba054e4b4196
resnet,mixed,43,bandpass_n20001_cLA_LL_electrode_s20,phase2/results/predictions/full/mixed/resnet/seed_43/bandpass_n20001_cLA_LL_electrode_s20.npz,76538,d74243a9280625a91a898cd0759490d90ddf1cdfb7cf2472cf1eef02f9902f59
resnet,mixed,43,bandpass_n20001_cLA_LL_electrode_s15,phase2/results/predictions/full/mixed/resnet/seed_43/bandpass_n20001_cLA_LL_electrode_s15.npz,76499,4bba52566ee8ed6f68738f917c1c2dadc1398d6f1964c05d81f5c90fd7567c49
resnet,mixed,43,bandpass_n20001_cLA_LL_electrode_s10,phase2/results/predictions/full/mixed/resnet/seed_43/bandpass_n20001_cLA_LL_electrode_s10.npz,76421,4858f3f6e3884b2b4101183c3e3e2e5f5691c01f479cc446d912f5a76c5a2f7f
resnet,mixed,43,bandpass_n20001_cLA_LL_electrode_s5,phase2/results/predictions/full/mixed/resnet/seed_43/bandpass_n20001_cLA_LL_electrode_s5.npz,76192,7b401d585a85fc5576c31bede61eb2d50af37c9ef98135e8ad94d4c650fdf9cc
resnet,mixed,43,bandpass_n20001_cLA_LL_electrode_s0,phase2/results/predictions/full/mixed/resnet/seed_43/bandpass_n20001_cLA_LL_electrode_s0.npz,75761,0010a3c81a852d91a7ebc12a1967b5401bfd983a8a9096201ff95441c72da440
resnet,mixed,43,bandpass_n20001_cLA_LL_covariance_s20,phase2/results/predictions/full/mixed/resnet/seed_43/bandpass_n20001_cLA_LL_covariance_s20.npz,76544,9fc66e1ec402369fb6385de0acd7ee5571535b7fb0cfa15cc9c1bf0892a5fc45
resnet,mixed,43,bandpass_n20001_cLA_LL_covariance_s15,phase2/results/predictions/full/mixed/resnet/seed_43/bandpass_n20001_cLA_LL_covariance_s15.npz,76523,11e56094363ffe48b317e1290e7b60aaf7462fd88c4c0a791ab19643fb8645d8
resnet,mixed,43,bandpass_n20001_cLA_LL_covariance_s10,phase2/results/predictions/full/mixed/resnet/seed_43/bandpass_n20001_cLA_LL_covariance_s10.npz,76415,c2128d2679f77320da907233681ddc7c01bd4ef255ad8c81e776cf7357950b00
resnet,mixed,43,bandpass_n20001_cLA_LL_covariance_s5,phase2/results/predictions/full/mixed/resnet/seed_43/bandpass_n20001_cLA_LL_covariance_s5.npz,76197,8a51e44e40815fdd2cf4be0be4c8487734f1e69829c593ee387fde92bcefa148
resnet,mixed,43,bandpass_n20001_cLA_LL_covariance_s0,phase2/results/predictions/full/mixed/resnet/seed_43/bandpass_n20001_cLA_LL_covariance_s0.npz,75724,fae5f4d42e4dd9f9073976203a36645a58421ab154349e07107b83388fe9de30
resnet,mixed,43,bandpass_n20001_cRA_LL_independent_rms_s20,phase2/results/predictions/full/mixed/resnet/seed_43/bandpass_n20001_cRA_LL_independent_rms_s20.npz,76543,b56d1d77658c6c1573538f830c4c881ba77c6f2a47890c7dce5a2a187e96edbe
resnet,mixed,43,bandpass_n20001_cRA_LL_independent_rms_s15,phase2/results/predictions/full/mixed/resnet/seed_43/bandpass_n20001_cRA_LL_independent_rms_s15.npz,76544,80d5711557d63abdb8cc17350a91d4647781f15b16de78bc9e74c69dfba30982
resnet,mixed,43,bandpass_n20001_cRA_LL_independent_rms_s10,phase2/results/predictions/full/mixed/resnet/seed_43/bandpass_n20001_cRA_LL_independent_rms_s10.npz,76491,46b0da556da09b1b744d2e8e22c7c422d8bebd9bede94e28a9227c714a359094
resnet,mixed,43,bandpass_n20001_cRA_LL_independent_rms_s5,phase2/results/predictions/full/mixed/resnet/seed_43/bandpass_n20001_cRA_LL_independent_rms_s5.npz,76326,64f29c8ecd6842e3d52edf386f3224e2e87f61c81afd7882775675e366406084
resnet,mixed,43,bandpass_n20001_cRA_LL_independent_rms_s0,phase2/results/predictions/full/mixed/resnet/seed_43/bandpass_n20001_cRA_LL_independent_rms_s0.npz,75988,58527b8d4d62109b546e5316e12cd7747adc39053031596be974a4c2852976cb
resnet,mixed,43,bandpass_n20001_cRA_LL_electrode_s20,phase2/results/predictions/full/mixed/resnet/seed_43/bandpass_n20001_cRA_LL_electrode_s20.npz,76549,e659a86df1301b258922e50d0f6dd5cc773832e52f7d6209a96afd069efde656
resnet,mixed,43,bandpass_n20001_cRA_LL_electrode_s15,phase2/results/predictions/full/mixed/resnet/seed_43/bandpass_n20001_cRA_LL_electrode_s15.npz,76505,661b41d34bd4c46f162300bc46f392e2c1e843c9ae58d384b6d412cb075a174f
resnet,mixed,43,bandpass_n20001_cRA_LL_electrode_s10,phase2/results/predictions/full/mixed/resnet/seed_43/bandpass_n20001_cRA_LL_electrode_s10.npz,76398,28514951881cb87195a42089117bac9ada426cab234614b4ebfd1e6e5302ce03
resnet,mixed,43,bandpass_n20001_cRA_LL_electrode_s5,phase2/results/predictions/full/mixed/resnet/seed_43/bandpass_n20001_cRA_LL_electrode_s5.npz,76182,0990e7c20fc227b2db7150f8449fd9b66cc67ebb15b84e3830391ea7549811d6
resnet,mixed,43,bandpass_n20001_cRA_LL_electrode_s0,phase2/results/predictions/full/mixed/resnet/seed_43/bandpass_n20001_cRA_LL_electrode_s0.npz,75709,ab51761de199ac6286ea0fe9b0fdb68237af8a619dd9c1d673f1a8e5a74af87d
resnet,mixed,43,bandpass_n20001_cRA_LL_covariance_s20,phase2/results/predictions/full/mixed/resnet/seed_43/bandpass_n20001_cRA_LL_covariance_s20.npz,76557,f22cbcf8f813bef047eae800ebbc6bd9cd2718ebb9bb939f2c11c9c7f12b4d32
resnet,mixed,43,bandpass_n20001_cRA_LL_covariance_s15,phase2/results/predictions/full/mixed/resnet/seed_43/bandpass_n20001_cRA_LL_covariance_s15.npz,76524,f2622afd8d5dd68efeaacd40ad30d9665e396773a781bdb95244da6029abad68
resnet,mixed,43,bandpass_n20001_cRA_LL_covariance_s10,phase2/results/predictions/full/mixed/resnet/seed_43/bandpass_n20001_cRA_LL_covariance_s10.npz,76404,a1ead63a643068dabfa26fd9136426be7643ef622042bab27371f1611286eed5
resnet,mixed,43,bandpass_n20001_cRA_LL_covariance_s5,phase2/results/predictions/full/mixed/resnet/seed_43/bandpass_n20001_cRA_LL_covariance_s5.npz,76198,478ef7608d299b117676e2c459416a3d72ecbd587b061fd6eaae8a2bfb0b70e0
resnet,mixed,43,bandpass_n20001_cRA_LL_covariance_s0,phase2/results/predictions/full/mixed/resnet/seed_43/bandpass_n20001_cRA_LL_covariance_s0.npz,75747,c4e023d360fd00fccef68a2192cd5c9bff4af13fe7b04472a2fa9724c2383b15
resnet,mixed,43,bandpass_n20001_cRA_independent_rms_s20,phase2/results/predictions/full/mixed/resnet/seed_43/bandpass_n20001_cRA_independent_rms_s20.npz,76553,74c2bd017897f67186e6ef7dfda3e46b44479b948ad95f48855b33df2fc4fe16
resnet,mixed,43,bandpass_n20001_cRA_independent_rms_s15,phase2/results/predictions/full/mixed/resnet/seed_43/bandpass_n20001_cRA_independent_rms_s15.npz,76554,649664ad89aed9f736ceb8e1fe9d1393a0e391f0b124112dea78ec56f736b908
resnet,mixed,43,bandpass_n20001_cRA_independent_rms_s10,phase2/results/predictions/full/mixed/resnet/seed_43/bandpass_n20001_cRA_independent_rms_s10.npz,76506,9a4d5ce432499d64be3f934c593e24a83bf8ab0529075fbef6beacb042946d92
resnet,mixed,43,bandpass_n20001_cRA_independent_rms_s5,phase2/results/predictions/full/mixed/resnet/seed_43/bandpass_n20001_cRA_independent_rms_s5.npz,76332,f59194cefe381193496ea4bad640646bf178fe963dcad0809cfc9b71980e80c8
resnet,mixed,43,bandpass_n20001_cRA_independent_rms_s0,phase2/results/predictions/full/mixed/resnet/seed_43/bandpass_n20001_cRA_independent_rms_s0.npz,76039,fd38ff44382bcbe2f89c844774db25f2d04ad8a3bf3d647957d861ae6faf36e3
resnet,mixed,43,bandpass_n20001_cRA_electrode_s20,phase2/results/predictions/full/mixed/resnet/seed_43/bandpass_n20001_cRA_electrode_s20.npz,76550,487bed3f58f20995720244fc3d27e7ba9907bbe51bf7cc8294a35aba70d713d0
resnet,mixed,43,bandpass_n20001_cRA_electrode_s15,phase2/results/predictions/full/mixed/resnet/seed_43/bandpass_n20001_cRA_electrode_s15.npz,76508,aa992b2dd5b87cd7671c2608df2c69b01fd25c0edc63edf66ca6782cf6bd0b5d
resnet,mixed,43,bandpass_n20001_cRA_electrode_s10,phase2/results/predictions/full/mixed/resnet/seed_43/bandpass_n20001_cRA_electrode_s10.npz,76416,b5bd02280c94c3aaf8bfab9f8e8877ab5250038e7ccea561bc38222428af6159
resnet,mixed,43,bandpass_n20001_cRA_electrode_s5,phase2/results/predictions/full/mixed/resnet/seed_43/bandpass_n20001_cRA_electrode_s5.npz,76245,0ae6ed43e345d34991d7f4ff1580909d65b9fa0cefa8a74045aadfcb3a8a7260
resnet,mixed,43,bandpass_n20001_cRA_electrode_s0,phase2/results/predictions/full/mixed/resnet/seed_43/bandpass_n20001_cRA_electrode_s0.npz,75931,5cafe58aa0ab81af8131a4a96fd8e5c906d21fecb1c0c45b0a9cc56670387546
resnet,mixed,43,bandpass_n20001_cRA_covariance_s20,phase2/results/predictions/full/mixed/resnet/seed_43/bandpass_n20001_cRA_covariance_s20.npz,76548,e1a926484f8a0f5c5e5545a741bef6af83f78f355f4f2feb6564ccaa8d0d7031
resnet,mixed,43,bandpass_n20001_cRA_covariance_s15,phase2/results/predictions/full/mixed/resnet/seed_43/bandpass_n20001_cRA_covariance_s15.npz,76548,4d861cd366ee79905107f59d83bb3dce4d708da94f7472c3f1f4de3435bca96b
resnet,mixed,43,bandpass_n20001_cRA_covariance_s10,phase2/results/predictions/full/mixed/resnet/seed_43/bandpass_n20001_cRA_covariance_s10.npz,76437,44522b493b7f662aca57503c5adf0e9bb70e4c01fa77566cd10a68aa69238fa3
resnet,mixed,43,bandpass_n20001_cRA_covariance_s5,phase2/results/predictions/full/mixed/resnet/seed_43/bandpass_n20001_cRA_covariance_s5.npz,76256,02d2306de6b5bbb82ee9bc53a194a283adf8fe626f728123db2fa6efc9ed0857
resnet,mixed,43,bandpass_n20001_cRA_covariance_s0,phase2/results/predictions/full/mixed/resnet/seed_43/bandpass_n20001_cRA_covariance_s0.npz,75976,2eb093d7499cc813fa1505e906067ed4b3751a7207ce339a8fd76a4458b4cc30
resnet,mixed,43,bandpass_n20001_cLA_independent_rms_s20,phase2/results/predictions/full/mixed/resnet/seed_43/bandpass_n20001_cLA_independent_rms_s20.npz,76544,6cfb67ef8eaa35030b6082ee0f7ff1acca296bda61969a1af025fa0351b7af51
resnet,mixed,43,bandpass_n20001_cLA_independent_rms_s15,phase2/results/predictions/full/mixed/resnet/seed_43/bandpass_n20001_cLA_independent_rms_s15.npz,76540,c2ce722fe106e77d4407ed7dcd2c077115c96ca5215c5e14f9accba0130c71e3
resnet,mixed,43,bandpass_n20001_cLA_independent_rms_s10,phase2/results/predictions/full/mixed/resnet/seed_43/bandpass_n20001_cLA_independent_rms_s10.npz,76484,2507b7efc6c465310363f16094eb9b3e0f3b022c938112b5ce1e2cee080ee60a
resnet,mixed,43,bandpass_n20001_cLA_independent_rms_s5,phase2/results/predictions/full/mixed/resnet/seed_43/bandpass_n20001_cLA_independent_rms_s5.npz,76354,5544d9a2aeafbbb5c4c52d344d79387b284f1dc2ae048712dee3a9b7ddfc3d1f
resnet,mixed,43,bandpass_n20001_cLA_independent_rms_s0,phase2/results/predictions/full/mixed/resnet/seed_43/bandpass_n20001_cLA_independent_rms_s0.npz,76013,da6988e3e05fecdb951dc3d4ee9f339d49387add4484fc31c4413f33cf0f80d3
resnet,mixed,43,bandpass_n20001_cLA_electrode_s20,phase2/results/predictions/full/mixed/resnet/seed_43/bandpass_n20001_cLA_electrode_s20.npz,76577,a93a8b5823690ba1ef64d1b417579e49d0db10e691ea4976a04227c725ac4acf
resnet,mixed,43,bandpass_n20001_cLA_electrode_s15,phase2/results/predictions/full/mixed/resnet/seed_43/bandpass_n20001_cLA_electrode_s15.npz,76527,30d0fc6bde71614eead1349ffae67c64b54f70b43ed489eb9cb4545c4fd1760a
resnet,mixed,43,bandpass_n20001_cLA_electrode_s10,phase2/results/predictions/full/mixed/resnet/seed_43/bandpass_n20001_cLA_electrode_s10.npz,76456,c012201472a266e4f4f9df1f67e0a933b2f0ecfedd70f3586eb3204dedbe25f4
resnet,mixed,43,bandpass_n20001_cLA_electrode_s5,phase2/results/predictions/full/mixed/resnet/seed_43/bandpass_n20001_cLA_electrode_s5.npz,76236,5b4c23410d25dba3e796d8e16d8b27ca0de32fe6cc25bcad33a919aa1ea7f268
resnet,mixed,43,bandpass_n20001_cLA_electrode_s0,phase2/results/predictions/full/mixed/resnet/seed_43/bandpass_n20001_cLA_electrode_s0.npz,75863,955439694a6f2fe939e6edbf0c3aceb4219ade6a79c67fefe6f829919eb860bd
resnet,mixed,43,bandpass_n20001_cLA_covariance_s20,phase2/results/predictions/full/mixed/resnet/seed_43/bandpass_n20001_cLA_covariance_s20.npz,76539,6dc5f16637e2bb5513f3d2a42aa5991de492773e73dfebe1ca72a7fb6943b0a2
resnet,mixed,43,bandpass_n20001_cLA_covariance_s15,phase2/results/predictions/full/mixed/resnet/seed_43/bandpass_n20001_cLA_covariance_s15.npz,76497,7b45f8e89ff6f113f9b94c813617863a7f7f9314b9b7c21c5dd2171b4d5a393e
resnet,mixed,43,bandpass_n20001_cLA_covariance_s10,phase2/results/predictions/full/mixed/resnet/seed_43/bandpass_n20001_cLA_covariance_s10.npz,76463,8f7f61dca1baf64e14a6fbbe7e1f5a9f2ac7b68df990c944d38e176452d7d329
resnet,mixed,43,bandpass_n20001_cLA_covariance_s5,phase2/results/predictions/full/mixed/resnet/seed_43/bandpass_n20001_cLA_covariance_s5.npz,76253,8080d435376ba4e874f60b326ca7bd5e2b45ee210925e3be2ec04c30a3203cce
resnet,mixed,43,bandpass_n20001_cLA_covariance_s0,phase2/results/predictions/full/mixed/resnet/seed_43/bandpass_n20001_cLA_covariance_s0.npz,75847,f6e52f46cec7ba5d158119124579619df5f5c8dd2e4c48f2a1259a13158d878f
resnet,mixed,43,bandpass_n20001_cLL_independent_rms_s20,phase2/results/predictions/full/mixed/resnet/seed_43/bandpass_n20001_cLL_independent_rms_s20.npz,76550,cd09b5a90b9d17048d79d5c648d75203fc0aaa3b28d9f4788469ddaf24d7d7e5
resnet,mixed,43,bandpass_n20001_cLL_independent_rms_s15,phase2/results/predictions/full/mixed/resnet/seed_43/bandpass_n20001_cLL_independent_rms_s15.npz,76553,e71cf98315edf151a6a8485d68225e195b476a56433b1c4643d69d89e9fc6f32
resnet,mixed,43,bandpass_n20001_cLL_independent_rms_s10,phase2/results/predictions/full/mixed/resnet/seed_43/bandpass_n20001_cLL_independent_rms_s10.npz,76477,86a3fbf5ae33ca7810dc1458b131e6db53fd69ffde65febc58902629d16805ce
resnet,mixed,43,bandpass_n20001_cLL_independent_rms_s5,phase2/results/predictions/full/mixed/resnet/seed_43/bandpass_n20001_cLL_independent_rms_s5.npz,76257,5feedaba88a0d13356832cef2ce8829a2d10e68fb738166e11c432fe7ab5ffdc
resnet,mixed,43,bandpass_n20001_cLL_independent_rms_s0,phase2/results/predictions/full/mixed/resnet/seed_43/bandpass_n20001_cLL_independent_rms_s0.npz,75975,f2589ae7fc97ae3d0478fd024396fb82558506b8899559304513ef3ca5f5a724
resnet,mixed,43,bandpass_n20001_cLL_electrode_s20,phase2/results/predictions/full/mixed/resnet/seed_43/bandpass_n20001_cLL_electrode_s20.npz,76492,2770f4497a2169ca2fbac9fd2c310382eedd7a5119b18ab36100d11258028280
resnet,mixed,43,bandpass_n20001_cLL_electrode_s15,phase2/results/predictions/full/mixed/resnet/seed_43/bandpass_n20001_cLL_electrode_s15.npz,76529,5b96e10888d4775f966e9cdecc3db90f78075282ed976550f1830e2babc2be77
resnet,mixed,43,bandpass_n20001_cLL_electrode_s10,phase2/results/predictions/full/mixed/resnet/seed_43/bandpass_n20001_cLL_electrode_s10.npz,76350,7cfda505b855ed49b5df324065e05336066293c7615a7dc87f06f7514951f375
resnet,mixed,43,bandpass_n20001_cLL_electrode_s5,phase2/results/predictions/full/mixed/resnet/seed_43/bandpass_n20001_cLL_electrode_s5.npz,76113,be4626b08305c43d3e374a78f1df4d8484133613a5c6f41d226a7850161e96f4
resnet,mixed,43,bandpass_n20001_cLL_electrode_s0,phase2/results/predictions/full/mixed/resnet/seed_43/bandpass_n20001_cLL_electrode_s0.npz,75644,16a99fa300d60b9baf1653d763a090330d828fea1fb787cb7679effc2958764b
resnet,mixed,43,bandpass_n20001_cLL_covariance_s20,phase2/results/predictions/full/mixed/resnet/seed_43/bandpass_n20001_cLL_covariance_s20.npz,76530,6e9a0018ee1112e0c4f86370e40ff825e6ac1aece70770698dfd63d4db661909
resnet,mixed,43,bandpass_n20001_cLL_covariance_s15,phase2/results/predictions/full/mixed/resnet/seed_43/bandpass_n20001_cLL_covariance_s15.npz,76523,7c91384cbd829daf04313d5db73b0006e30e2fbd035d0a4b2fd5e804af8c4aa0
resnet,mixed,43,bandpass_n20001_cLL_covariance_s10,phase2/results/predictions/full/mixed/resnet/seed_43/bandpass_n20001_cLL_covariance_s10.npz,76361,4e02e7e59029c631fde6120416f3b2e8987738b3962e8efc54acff0832984ad8
resnet,mixed,43,bandpass_n20001_cLL_covariance_s5,phase2/results/predictions/full/mixed/resnet/seed_43/bandpass_n20001_cLL_covariance_s5.npz,76137,b1e0b399bf991861fbf42a09025a12ea78d43a161812f3135da4565d8235f470
resnet,mixed,43,bandpass_n20001_cLL_covariance_s0,phase2/results/predictions/full/mixed/resnet/seed_43/bandpass_n20001_cLL_covariance_s0.npz,75662,7abc914e552e92616f6dd8d04d1d92cbeff458c89b87bbf455793a460c70b5f7
resnet,mixed,43,bandpass_n20001_cRA_V1_independent_rms_s20,phase2/results/predictions/full/mixed/resnet/seed_43/bandpass_n20001_cRA_V1_independent_rms_s20.npz,76568,6aba50cdd3a03707d1045a92ab2dc68a4f5c285f1f16760a9299ca571ff3de92
resnet,mixed,43,bandpass_n20001_cRA_V1_independent_rms_s15,phase2/results/predictions/full/mixed/resnet/seed_43/bandpass_n20001_cRA_V1_independent_rms_s15.npz,76565,46b9c173c0d5f170cbf4ed7c60fb0e1e5db16b118403b9b220b28eba7fda4c0e
resnet,mixed,43,bandpass_n20001_cRA_V1_independent_rms_s10,phase2/results/predictions/full/mixed/resnet/seed_43/bandpass_n20001_cRA_V1_independent_rms_s10.npz,76512,6da3e55bd8bb3609a3e141cc785f706bc00d8ebf73c9ca550b950455c027d39e
resnet,mixed,43,bandpass_n20001_cRA_V1_independent_rms_s5,phase2/results/predictions/full/mixed/resnet/seed_43/bandpass_n20001_cRA_V1_independent_rms_s5.npz,76334,941119d296849ed8b4896c1cabb376e0c908fffe548d65b63f30f8b9aee5be4d
resnet,mixed,43,bandpass_n20001_cRA_V1_independent_rms_s0,phase2/results/predictions/full/mixed/resnet/seed_43/bandpass_n20001_cRA_V1_independent_rms_s0.npz,76018,7342cdfb954db8bd9decf49546311d606f77f47e4f4d1a4bc50679ea5a3a927d
resnet,mixed,43,bandpass_n20001_cRA_V1_electrode_s20,phase2/results/predictions/full/mixed/resnet/seed_43/bandpass_n20001_cRA_V1_electrode_s20.npz,76570,afd1b7eb0ef73b06bd14b241ff2264927a3313505ad0f83b177d31ba389c3ded
resnet,mixed,43,bandpass_n20001_cRA_V1_electrode_s15,phase2/results/predictions/full/mixed/resnet/seed_43/bandpass_n20001_cRA_V1_electrode_s15.npz,76524,f46e13db6cc0dcf762f212fe24906761b5b208a2a06d95ee622bf9ce896ecd60
resnet,mixed,43,bandpass_n20001_cRA_V1_electrode_s10,phase2/results/predictions/full/mixed/resnet/seed_43/bandpass_n20001_cRA_V1_electrode_s10.npz,76434,4cff5ca1454fc0c4216f1f0afd96445b1c98bc357d5bce2e7fd1cc9056635919
resnet,mixed,43,bandpass_n20001_cRA_V1_electrode_s5,phase2/results/predictions/full/mixed/resnet/seed_43/bandpass_n20001_cRA_V1_electrode_s5.npz,76276,7bbb5a418b2b7c6422845175a3847f8dfa86f58722f11a76a1143436cf90486d
resnet,mixed,43,bandpass_n20001_cRA_V1_electrode_s0,phase2/results/predictions/full/mixed/resnet/seed_43/bandpass_n20001_cRA_V1_electrode_s0.npz,75927,173f59d1a589f9f24306fd090495973db9a88c8262e565ed68c6761fa65d2e46
resnet,mixed,43,bandpass_n20001_cRA_V1_covariance_s20,phase2/results/predictions/full/mixed/resnet/seed_43/bandpass_n20001_cRA_V1_covariance_s20.npz,76556,903e1567de8175104f9f988aac3d1159e415162a710475a32c840aa0ee316c8a
resnet,mixed,43,bandpass_n20001_cRA_V1_covariance_s15,phase2/results/predictions/full/mixed/resnet/seed_43/bandpass_n20001_cRA_V1_covariance_s15.npz,76548,523359ac194c621932cc740bbaae05c791d56578ee7a237ab3a43314589a7fb6
resnet,mixed,43,bandpass_n20001_cRA_V1_covariance_s10,phase2/results/predictions/full/mixed/resnet/seed_43/bandpass_n20001_cRA_V1_covariance_s10.npz,76466,7e85f0b6f3d05482238e143c873544829d45ec99f6c74d47333e34355ee0ad2a
resnet,mixed,43,bandpass_n20001_cRA_V1_covariance_s5,phase2/results/predictions/full/mixed/resnet/seed_43/bandpass_n20001_cRA_V1_covariance_s5.npz,76298,c7c06b00897e2f7507ebed08b6a1e87b894822f3881807bd698fa6bba1362f64
resnet,mixed,43,bandpass_n20001_cRA_V1_covariance_s0,phase2/results/predictions/full/mixed/resnet/seed_43/bandpass_n20001_cRA_V1_covariance_s0.npz,75948,b5ad6f563970fabd52ec1696d5678575eb0fcc48a733a99fd8408bcd7277d750
resnet,mixed,43,bandpass_n20001_cLA_V6_independent_rms_s20,phase2/results/predictions/full/mixed/resnet/seed_43/bandpass_n20001_cLA_V6_independent_rms_s20.npz,76576,2425369023ab58eff5cb1d642330d33c266fe07dd1df5946bee3f6417182f18b
resnet,mixed,43,bandpass_n20001_cLA_V6_independent_rms_s15,phase2/results/predictions/full/mixed/resnet/seed_43/bandpass_n20001_cLA_V6_independent_rms_s15.npz,76578,540627a7d9b5ffdd59f5159cfbb19d8bb1c9db26ba38706098e3395ec3d2970a
resnet,mixed,43,bandpass_n20001_cLA_V6_independent_rms_s10,phase2/results/predictions/full/mixed/resnet/seed_43/bandpass_n20001_cLA_V6_independent_rms_s10.npz,76507,54cec5a53131877cc3951a2615a1f068d3645d422d19e03d4492099d316342d1
resnet,mixed,43,bandpass_n20001_cLA_V6_independent_rms_s5,phase2/results/predictions/full/mixed/resnet/seed_43/bandpass_n20001_cLA_V6_independent_rms_s5.npz,76355,3af0b26c8f405a386f937f8262b3054a96850902ed4727d8c5d2c1725e2f0092
resnet,mixed,43,bandpass_n20001_cLA_V6_independent_rms_s0,phase2/results/predictions/full/mixed/resnet/seed_43/bandpass_n20001_cLA_V6_independent_rms_s0.npz,76014,b70ea66ae4351fc93d99b2cab643e6eeee7a9bb11db79e70831f3312251afd7c
resnet,mixed,43,bandpass_n20001_cLA_V6_electrode_s20,phase2/results/predictions/full/mixed/resnet/seed_43/bandpass_n20001_cLA_V6_electrode_s20.npz,76564,e3aee8e90d8283333965aad5214d767193e04d37b8302da33afbec5e541d9956
resnet,mixed,43,bandpass_n20001_cLA_V6_electrode_s15,phase2/results/predictions/full/mixed/resnet/seed_43/bandpass_n20001_cLA_V6_electrode_s15.npz,76507,7c7b63491dedf150e1778302a64266af1098c095dbc88fdf0219bb3ec2b9204a
resnet,mixed,43,bandpass_n20001_cLA_V6_electrode_s10,phase2/results/predictions/full/mixed/resnet/seed_43/bandpass_n20001_cLA_V6_electrode_s10.npz,76484,091f95ceb81ec455a00a75726b895f074752cfb56291fdd8ec2994f513a5952d
resnet,mixed,43,bandpass_n20001_cLA_V6_electrode_s5,phase2/results/predictions/full/mixed/resnet/seed_43/bandpass_n20001_cLA_V6_electrode_s5.npz,76270,1daf4fcad34dac7d7731b784433f811efc305b91f21b19d224779ff631e6f4a1
resnet,mixed,43,bandpass_n20001_cLA_V6_electrode_s0,phase2/results/predictions/full/mixed/resnet/seed_43/bandpass_n20001_cLA_V6_electrode_s0.npz,75914,d576faa7c1dc1854087a030290447a117a88b9f5ffa3f78b8e0a875002ec7a9e
resnet,mixed,43,bandpass_n20001_cLA_V6_covariance_s20,phase2/results/predictions/full/mixed/resnet/seed_43/bandpass_n20001_cLA_V6_covariance_s20.npz,76592,2ddb2ddf79a170016fb4713186391890a8a7ba6a84cff7a5fcaa0933a276c4cd
resnet,mixed,43,bandpass_n20001_cLA_V6_covariance_s15,phase2/results/predictions/full/mixed/resnet/seed_43/bandpass_n20001_cLA_V6_covariance_s15.npz,76538,a4d76d477bc65a12450d35598ada556e8a9e9dc429b6bc2f74c1355f5c4bbd46
resnet,mixed,43,bandpass_n20001_cLA_V6_covariance_s10,phase2/results/predictions/full/mixed/resnet/seed_43/bandpass_n20001_cLA_V6_covariance_s10.npz,76448,f17873355da89cfff3d9dee95a1ac61c1fe00158451b949bcb422c0f6d5b72e6
resnet,mixed,43,bandpass_n20001_cLA_V6_covariance_s5,phase2/results/predictions/full/mixed/resnet/seed_43/bandpass_n20001_cLA_V6_covariance_s5.npz,76323,89a015a5a6404e6bd98c012dfcbbfb33f91dd4f1c17c41563474569296908883
resnet,mixed,43,bandpass_n20001_cLA_V6_covariance_s0,phase2/results/predictions/full/mixed/resnet/seed_43/bandpass_n20001_cLA_V6_covariance_s0.npz,75908,bd4e3ffb9363cbc9f3b57056fac508f37cd9a00b39b4260e9399df9b0afec97f
resnet,mixed,43,bandpass_n20001_cLL_V4_independent_rms_s20,phase2/results/predictions/full/mixed/resnet/seed_43/bandpass_n20001_cLL_V4_independent_rms_s20.npz,76576,ad0af3c7bcc5ce091a583c5ede3cbb7430b684244cfd5618015fcb611e5c9aa4
resnet,mixed,43,bandpass_n20001_cLL_V4_independent_rms_s15,phase2/results/predictions/full/mixed/resnet/seed_43/bandpass_n20001_cLL_V4_independent_rms_s15.npz,76572,4dce3bca72f9d79949e9115573942293d8ecd14c4cb555ae0a13d868225b4072
resnet,mixed,43,bandpass_n20001_cLL_V4_independent_rms_s10,phase2/results/predictions/full/mixed/resnet/seed_43/bandpass_n20001_cLL_V4_independent_rms_s10.npz,76468,e1460095de0e9208e8b4ddacdc5a4f17a3401b58c6012466ee16761586962a96
resnet,mixed,43,bandpass_n20001_cLL_V4_independent_rms_s5,phase2/results/predictions/full/mixed/resnet/seed_43/bandpass_n20001_cLL_V4_independent_rms_s5.npz,76345,32e691efad9bb10a506988a1eb9d500a44ad7993c77f74ee4fff1c51c6afeccc
resnet,mixed,43,bandpass_n20001_cLL_V4_independent_rms_s0,phase2/results/predictions/full/mixed/resnet/seed_43/bandpass_n20001_cLL_V4_independent_rms_s0.npz,75992,86f4472da56acc36ab16ee4c8ec6fb3448d98db6ed1162aa03b1f1c064404c3f
resnet,mixed,43,bandpass_n20001_cLL_V4_electrode_s20,phase2/results/predictions/full/mixed/resnet/seed_43/bandpass_n20001_cLL_V4_electrode_s20.npz,76527,82b9c0c83d89e7ce925443319c8207935c2c141fa4f935a7f794ab24f84cbcd7
resnet,mixed,43,bandpass_n20001_cLL_V4_electrode_s15,phase2/results/predictions/full/mixed/resnet/seed_43/bandpass_n20001_cLL_V4_electrode_s15.npz,76517,df2abd6921aa31edd0a6c468b9b38cdc7b06309635ebc61fa09b15834817596d
resnet,mixed,43,bandpass_n20001_cLL_V4_electrode_s10,phase2/results/predictions/full/mixed/resnet/seed_43/bandpass_n20001_cLL_V4_electrode_s10.npz,76415,cde7c6f025f7f5b6370de9b2b1358be631559e0fb4086d38ba81c576ebfa9b1e
resnet,mixed,43,bandpass_n20001_cLL_V4_electrode_s5,phase2/results/predictions/full/mixed/resnet/seed_43/bandpass_n20001_cLL_V4_electrode_s5.npz,76158,74ebf0afd597eae58eb954817bfd3d8c3de67fd6e9427c856b523d69dc8d2e54
resnet,mixed,43,bandpass_n20001_cLL_V4_electrode_s0,phase2/results/predictions/full/mixed/resnet/seed_43/bandpass_n20001_cLL_V4_electrode_s0.npz,75724,af839ad36a3200377b41644a26447c6ff4a47915dea26e61fcc794742dae19f1
resnet,mixed,43,bandpass_n20001_cLL_V4_covariance_s20,phase2/results/predictions/full/mixed/resnet/seed_43/bandpass_n20001_cLL_V4_covariance_s20.npz,76570,273dfb84ca669b3e5196d98d36419e0237921b4cae1ec2e95d3afdd6f76ffe43
resnet,mixed,43,bandpass_n20001_cLL_V4_covariance_s15,phase2/results/predictions/full/mixed/resnet/seed_43/bandpass_n20001_cLL_V4_covariance_s15.npz,76522,05c1be46362d73d45720e7d0842e899d87c8b17755e2336978af65516f3b2b7b
resnet,mixed,43,bandpass_n20001_cLL_V4_covariance_s10,phase2/results/predictions/full/mixed/resnet/seed_43/bandpass_n20001_cLL_V4_covariance_s10.npz,76413,cec6dbadc368483a898064084144689f5d931fa51af6222695779ffed306ceb0
resnet,mixed,43,bandpass_n20001_cLL_V4_covariance_s5,phase2/results/predictions/full/mixed/resnet/seed_43/bandpass_n20001_cLL_V4_covariance_s5.npz,76175,6dff3236ab7e20888a4ced8e723e539caededa6e9c8f93b2b31bd8a49d22ce0e
resnet,mixed,43,bandpass_n20001_cLL_V4_covariance_s0,phase2/results/predictions/full/mixed/resnet/seed_43/bandpass_n20001_cLL_V4_covariance_s0.npz,75710,66fbec10fdec13dfa940ce97470dc546240bdfdb7091ee2ae75b4ce25150c479
resnet,mixed,43,bandpass_n20001_cRA_LA_V1_V6_independent_rms_s20,phase2/results/predictions/full/mixed/resnet/seed_43/bandpass_n20001_cRA_LA_V1_V6_independent_rms_s20.npz,76563,cef37ef5a89730050f7d0890fb02c68eea2a60ab390560033ed45d9f7009dde7
resnet,mixed,43,bandpass_n20001_cRA_LA_V1_V6_independent_rms_s15,phase2/results/predictions/full/mixed/resnet/seed_43/bandpass_n20001_cRA_LA_V1_V6_independent_rms_s15.npz,76586,b256b40a4d18dc550295b380cf24d894681d64bcd1c064cee47bf1cea64fa54d
resnet,mixed,43,bandpass_n20001_cRA_LA_V1_V6_independent_rms_s10,phase2/results/predictions/full/mixed/resnet/seed_43/bandpass_n20001_cRA_LA_V1_V6_independent_rms_s10.npz,76505,2330b1e093f85d19a0119b03aefc2f9aeb37d0e034011193647aa010a1a8ae5a
resnet,mixed,43,bandpass_n20001_cRA_LA_V1_V6_independent_rms_s5,phase2/results/predictions/full/mixed/resnet/seed_43/bandpass_n20001_cRA_LA_V1_V6_independent_rms_s5.npz,76383,3eae531cd62f5a3a0949d8e15bb24f808162a32acd89e30f159a3322678d4630
resnet,mixed,43,bandpass_n20001_cRA_LA_V1_V6_independent_rms_s0,phase2/results/predictions/full/mixed/resnet/seed_43/bandpass_n20001_cRA_LA_V1_V6_independent_rms_s0.npz,76075,49c2f0cffb2fb757d0c14778a27540a512069ed12806b22de11ac8e7da545813
resnet,mixed,43,bandpass_n20001_cRA_LA_V1_V6_electrode_s20,phase2/results/predictions/full/mixed/resnet/seed_43/bandpass_n20001_cRA_LA_V1_V6_electrode_s20.npz,76589,9a6bf8b83c44b0d6d5493b77ea5855fd935b5a33cb14f1e83d6b9c0bdc27c90b
resnet,mixed,43,bandpass_n20001_cRA_LA_V1_V6_electrode_s15,phase2/results/predictions/full/mixed/resnet/seed_43/bandpass_n20001_cRA_LA_V1_V6_electrode_s15.npz,76545,2bbdd1888e682174612696be9ebc2c3da00557a7f3f6dae8102db9f6a2309f27
resnet,mixed,43,bandpass_n20001_cRA_LA_V1_V6_electrode_s10,phase2/results/predictions/full/mixed/resnet/seed_43/bandpass_n20001_cRA_LA_V1_V6_electrode_s10.npz,76475,976701cbd6f43bcbb75ea1bb4598ab675242d56448838e7ec0e90403601c3c2f
resnet,mixed,43,bandpass_n20001_cRA_LA_V1_V6_electrode_s5,phase2/results/predictions/full/mixed/resnet/seed_43/bandpass_n20001_cRA_LA_V1_V6_electrode_s5.npz,76292,c5527390d341e537a031a3db19cd7cabab4a53aa79b460833e9a3e13931584a4
resnet,mixed,43,bandpass_n20001_cRA_LA_V1_V6_electrode_s0,phase2/results/predictions/full/mixed/resnet/seed_43/bandpass_n20001_cRA_LA_V1_V6_electrode_s0.npz,75940,3da70a84a9d37d2613112a384f8899514f60ad9610ffaa187ed7e25557d6933d
resnet,mixed,43,bandpass_n20001_cRA_LA_V1_V6_covariance_s20,phase2/results/predictions/full/mixed/resnet/seed_43/bandpass_n20001_cRA_LA_V1_V6_covariance_s20.npz,76553,f36ab0d7f4f57eeb9a5bd0f2606975e962ee3e3044f557bb16490c4a2fb89d72
resnet,mixed,43,bandpass_n20001_cRA_LA_V1_V6_covariance_s15,phase2/results/predictions/full/mixed/resnet/seed_43/bandpass_n20001_cRA_LA_V1_V6_covariance_s15.npz,76552,11169a780f667edbb54359133d07bf39710d480b054d135eb8e5424460480833
resnet,mixed,43,bandpass_n20001_cRA_LA_V1_V6_covariance_s10,phase2/results/predictions/full/mixed/resnet/seed_43/bandpass_n20001_cRA_LA_V1_V6_covariance_s10.npz,76493,cfe8e01051dadf7117282fdf1462d268dba2ad52f41584f6869efdf3e5b10e0c
resnet,mixed,43,bandpass_n20001_cRA_LA_V1_V6_covariance_s5,phase2/results/predictions/full/mixed/resnet/seed_43/bandpass_n20001_cRA_LA_V1_V6_covariance_s5.npz,76288,0e994e826fea445a2b6a39a672a7776e0b8761e46630111b50acb339eaf6eceb
resnet,mixed,43,bandpass_n20001_cRA_LA_V1_V6_covariance_s0,phase2/results/predictions/full/mixed/resnet/seed_43/bandpass_n20001_cRA_LA_V1_V6_covariance_s0.npz,75974,254f46bd17d6107b611cd7ff1de79cddf6abe6a8489b8fa84a7199a0c8a71fa4
resnet,mixed,43,bandpass_n20001_cRA_V2_V5_independent_rms_s20,phase2/results/predictions/full/mixed/resnet/seed_43/bandpass_n20001_cRA_V2_V5_independent_rms_s20.npz,76590,6749f2ebcbdafd6fa02b570f98eec19ff53ed09760efd580b758ab594a36f5c6
resnet,mixed,43,bandpass_n20001_cRA_V2_V5_independent_rms_s15,phase2/results/predictions/full/mixed/resnet/seed_43/bandpass_n20001_cRA_V2_V5_independent_rms_s15.npz,76540,944ad077aa85e8b2e28d39b54b0402f34f0209db1c47f448e1df68caa65241cd
resnet,mixed,43,bandpass_n20001_cRA_V2_V5_independent_rms_s10,phase2/results/predictions/full/mixed/resnet/seed_43/bandpass_n20001_cRA_V2_V5_independent_rms_s10.npz,76506,d560ab8f31f558717418186f2243ef6fc208c0fd89cc5cd2c7f21518d4205e48
resnet,mixed,43,bandpass_n20001_cRA_V2_V5_independent_rms_s5,phase2/results/predictions/full/mixed/resnet/seed_43/bandpass_n20001_cRA_V2_V5_independent_rms_s5.npz,76370,c369e9df736106f4269033d6406e9cbf39c7400d2e62a53dc4d905fc296a998d
resnet,mixed,43,bandpass_n20001_cRA_V2_V5_independent_rms_s0,phase2/results/predictions/full/mixed/resnet/seed_43/bandpass_n20001_cRA_V2_V5_independent_rms_s0.npz,76049,d2aa99cf730b275a1b9ef75bc06ff73983550d9cd7e1864cf96fe2fb0abdce31
resnet,mixed,43,bandpass_n20001_cRA_V2_V5_electrode_s20,phase2/results/predictions/full/mixed/resnet/seed_43/bandpass_n20001_cRA_V2_V5_electrode_s20.npz,76565,fef78f2c7d6cc78d9a1ba1beababa447b755909e97ef547bbf8d2246ae800067
resnet,mixed,43,bandpass_n20001_cRA_V2_V5_electrode_s15,phase2/results/predictions/full/mixed/resnet/seed_43/bandpass_n20001_cRA_V2_V5_electrode_s15.npz,76536,8f0b6dd1025bb40ffdd3ffb047e8775b3f52b481e726663cc5d653ba25824fb8
resnet,mixed,43,bandpass_n20001_cRA_V2_V5_electrode_s10,phase2/results/predictions/full/mixed/resnet/seed_43/bandpass_n20001_cRA_V2_V5_electrode_s10.npz,76446,b6ef5dd9574465638950a4e22e5a546dd7d3db610ed2eca4dea0513220b4688d
resnet,mixed,43,bandpass_n20001_cRA_V2_V5_electrode_s5,phase2/results/predictions/full/mixed/resnet/seed_43/bandpass_n20001_cRA_V2_V5_electrode_s5.npz,76283,f5017e07b9acd909c8648fe2c613e7f5f266070182288f080f2c55f398c013c7
resnet,mixed,43,bandpass_n20001_cRA_V2_V5_electrode_s0,phase2/results/predictions/full/mixed/resnet/seed_43/bandpass_n20001_cRA_V2_V5_electrode_s0.npz,75975,9432b26cc95285151fb92e96de3c228ae58994e2961e49fbe2c92c77a94e8564
resnet,mixed,43,bandpass_n20001_cRA_V2_V5_covariance_s20,phase2/results/predictions/full/mixed/resnet/seed_43/bandpass_n20001_cRA_V2_V5_covariance_s20.npz,76540,4d2d978f63dfcfbb0368faed824074c4c3d0ae0aabe9a5ac38114c5f7925cd8a
resnet,mixed,43,bandpass_n20001_cRA_V2_V5_covariance_s15,phase2/results/predictions/full/mixed/resnet/seed_43/bandpass_n20001_cRA_V2_V5_covariance_s15.npz,76558,ded88c9cc74467b221ff68743e6e574b96a99846ce2dfee2bfe5358fa5cc2f3c
resnet,mixed,43,bandpass_n20001_cRA_V2_V5_covariance_s10,phase2/results/predictions/full/mixed/resnet/seed_43/bandpass_n20001_cRA_V2_V5_covariance_s10.npz,76472,a3104b91f51b991a05fad3e8ee6e4bff54030610fabef6168d87fb52f9cb478b
resnet,mixed,43,bandpass_n20001_cRA_V2_V5_covariance_s5,phase2/results/predictions/full/mixed/resnet/seed_43/bandpass_n20001_cRA_V2_V5_covariance_s5.npz,76348,ecbd32ae973171c0e7521ee1ba04254436ea6a32e5890d1c9235fcaef5f17c4b
resnet,mixed,43,bandpass_n20001_cRA_V2_V5_covariance_s0,phase2/results/predictions/full/mixed/resnet/seed_43/bandpass_n20001_cRA_V2_V5_covariance_s0.npz,76032,17c0b813eb7c30bb3d4b532f1a532a1fe854c3a0c6b41e9be94a958e74ddb007
resnet,mixed,43,bandpass_n20001_cLA_V3_V6_independent_rms_s20,phase2/results/predictions/full/mixed/resnet/seed_43/bandpass_n20001_cLA_V3_V6_independent_rms_s20.npz,76584,5cdc68e652943a0dcddbf8a0826e120b986ab8c069a27a68504df15fd2452388
resnet,mixed,43,bandpass_n20001_cLA_V3_V6_independent_rms_s15,phase2/results/predictions/full/mixed/resnet/seed_43/bandpass_n20001_cLA_V3_V6_independent_rms_s15.npz,76559,2865beffe7fac9c4f00bad0d3595e498cfcd6cc74a34aca0d009d381bd965953
resnet,mixed,43,bandpass_n20001_cLA_V3_V6_independent_rms_s10,phase2/results/predictions/full/mixed/resnet/seed_43/bandpass_n20001_cLA_V3_V6_independent_rms_s10.npz,76487,654e5c925d5ff54b28ee384fba9289f05537595814df431b8cac9b2cd62b4572
resnet,mixed,43,bandpass_n20001_cLA_V3_V6_independent_rms_s5,phase2/results/predictions/full/mixed/resnet/seed_43/bandpass_n20001_cLA_V3_V6_independent_rms_s5.npz,76362,72ac2ee58a0c8e856d9946b41625533e1caaadeaeafcb89fa38e40f343729f1d
resnet,mixed,43,bandpass_n20001_cLA_V3_V6_independent_rms_s0,phase2/results/predictions/full/mixed/resnet/seed_43/bandpass_n20001_cLA_V3_V6_independent_rms_s0.npz,76010,95e8853b887b7e6ed1afe1cf64db36b4836a2fa24373de452af03191f6a87ed6
resnet,mixed,43,bandpass_n20001_cLA_V3_V6_electrode_s20,phase2/results/predictions/full/mixed/resnet/seed_43/bandpass_n20001_cLA_V3_V6_electrode_s20.npz,76571,3fbca23baf5237ec01f5a89869c76b051fc33a6e1bd66dd3dd5061549abda62a
resnet,mixed,43,bandpass_n20001_cLA_V3_V6_electrode_s15,phase2/results/predictions/full/mixed/resnet/seed_43/bandpass_n20001_cLA_V3_V6_electrode_s15.npz,76537,4f49342efe3610c92311bbcaaf2190e562c1be6ac9900869ecfe2d1c33a1e149
resnet,mixed,43,bandpass_n20001_cLA_V3_V6_electrode_s10,phase2/results/predictions/full/mixed/resnet/seed_43/bandpass_n20001_cLA_V3_V6_electrode_s10.npz,76462,74a51d7bb8aa8192ec11951fecf35ac09dd973009e8274f2e27fe7b5eaf89c4c
resnet,mixed,43,bandpass_n20001_cLA_V3_V6_electrode_s5,phase2/results/predictions/full/mixed/resnet/seed_43/bandpass_n20001_cLA_V3_V6_electrode_s5.npz,76289,ff89b49bf01360a0d342246f6009972626e3247ce72e32c730127d16a131244c
resnet,mixed,43,bandpass_n20001_cLA_V3_V6_electrode_s0,phase2/results/predictions/full/mixed/resnet/seed_43/bandpass_n20001_cLA_V3_V6_electrode_s0.npz,75919,f02275d54adbd08e611a2604008faeae7bce43b544e62b80594e3896e8ea823a
resnet,mixed,43,bandpass_n20001_cLA_V3_V6_covariance_s20,phase2/results/predictions/full/mixed/resnet/seed_43/bandpass_n20001_cLA_V3_V6_covariance_s20.npz,76572,04bc0cb746cfce8186a961434bb0a2cfd31cd9260c7a2dfc300820bd97cecdf5
resnet,mixed,43,bandpass_n20001_cLA_V3_V6_covariance_s15,phase2/results/predictions/full/mixed/resnet/seed_43/bandpass_n20001_cLA_V3_V6_covariance_s15.npz,76545,70a1bfd34f43ffbff8018a8570745457a8bce3ae681b7f923740b361c9914bdf
resnet,mixed,43,bandpass_n20001_cLA_V3_V6_covariance_s10,phase2/results/predictions/full/mixed/resnet/seed_43/bandpass_n20001_cLA_V3_V6_covariance_s10.npz,76497,5dcf734d2d74d2cf16518589a42d342707fc642d7d8db2c8a74a190391bd80a8
resnet,mixed,43,bandpass_n20001_cLA_V3_V6_covariance_s5,phase2/results/predictions/full/mixed/resnet/seed_43/bandpass_n20001_cLA_V3_V6_covariance_s5.npz,76308,fb96ba51cdc9968a233d1c2ab397cc47e132d1df7ed0c0c928c2fa9ecbc1c201
resnet,mixed,43,bandpass_n20001_cLA_V3_V6_covariance_s0,phase2/results/predictions/full/mixed/resnet/seed_43/bandpass_n20001_cLA_V3_V6_covariance_s0.npz,75950,f7d1fe85a7bab8809146b742d04ea6f27d2a0f0bbb295708ed53b5c26b278359
resnet,mixed,43,bandpass_n20001_cLL_V1_V4_independent_rms_s20,phase2/results/predictions/full/mixed/resnet/seed_43/bandpass_n20001_cLL_V1_V4_independent_rms_s20.npz,76580,890440e7cf841a1739492f3116e19557e56788ab9b9248c6aa8ebf45fe3599e4
resnet,mixed,43,bandpass_n20001_cLL_V1_V4_independent_rms_s15,phase2/results/predictions/full/mixed/resnet/seed_43/bandpass_n20001_cLL_V1_V4_independent_rms_s15.npz,76590,df21815b7ebe5bd6ec590333c7ead5869d27934094d88f3537631c9d32c8b4cc
resnet,mixed,43,bandpass_n20001_cLL_V1_V4_independent_rms_s10,phase2/results/predictions/full/mixed/resnet/seed_43/bandpass_n20001_cLL_V1_V4_independent_rms_s10.npz,76506,0a5ec6aa8dac2c64f9b29fd44e56d99a46f4bb7e6810d69c0cdc584b506f30a6
resnet,mixed,43,bandpass_n20001_cLL_V1_V4_independent_rms_s5,phase2/results/predictions/full/mixed/resnet/seed_43/bandpass_n20001_cLL_V1_V4_independent_rms_s5.npz,76353,1e5a15369f22bce4d9e730d147c4cb1ef84234aff4ceb3771a0a16d9d51e435f
resnet,mixed,43,bandpass_n20001_cLL_V1_V4_independent_rms_s0,phase2/results/predictions/full/mixed/resnet/seed_43/bandpass_n20001_cLL_V1_V4_independent_rms_s0.npz,75954,03b2cbe1ff6ba480e54a70d7e49fa6d016010c63a4048e403e54426d3d923e42
resnet,mixed,43,bandpass_n20001_cLL_V1_V4_electrode_s20,phase2/results/predictions/full/mixed/resnet/seed_43/bandpass_n20001_cLL_V1_V4_electrode_s20.npz,76564,e629627c4a32adf05f7b61738bf95e61d66749dad430a686aeb0224e1dff918f
resnet,mixed,43,bandpass_n20001_cLL_V1_V4_electrode_s15,phase2/results/predictions/full/mixed/resnet/seed_43/bandpass_n20001_cLL_V1_V4_electrode_s15.npz,76538,4ab87ddb938c9f17ef774cf1bcbf9b17eb232118137d02d9865ed893b07afbc0
resnet,mixed,43,bandpass_n20001_cLL_V1_V4_electrode_s10,phase2/results/predictions/full/mixed/resnet/seed_43/bandpass_n20001_cLL_V1_V4_electrode_s10.npz,76417,1a2ae017fb066c5020fb911778315eabfd9a54155d5dcf3d561ddc8cb650946e
resnet,mixed,43,bandpass_n20001_cLL_V1_V4_electrode_s5,phase2/results/predictions/full/mixed/resnet/seed_43/bandpass_n20001_cLL_V1_V4_electrode_s5.npz,76219,94e3f908367f47e3c437187344e66ae4b160bdfab63006e8295237e17d34151d
resnet,mixed,43,bandpass_n20001_cLL_V1_V4_electrode_s0,phase2/results/predictions/full/mixed/resnet/seed_43/bandpass_n20001_cLL_V1_V4_electrode_s0.npz,75751,34412b284e1cbb095b6316f5ff6a3fa113d55e6003cb04db8cfd63ed4b5ca995
resnet,mixed,43,bandpass_n20001_cLL_V1_V4_covariance_s20,phase2/results/predictions/full/mixed/resnet/seed_43/bandpass_n20001_cLL_V1_V4_covariance_s20.npz,76550,6a64e17f3392c167141dd80507f4d301b70f73ed288e06b5b15545cfdee0ca17
resnet,mixed,43,bandpass_n20001_cLL_V1_V4_covariance_s15,phase2/results/predictions/full/mixed/resnet/seed_43/bandpass_n20001_cLL_V1_V4_covariance_s15.npz,76546,48514ef406853f77fbf708f98bae9718ea3c8491a69d14ec2c3476de38651761
resnet,mixed,43,bandpass_n20001_cLL_V1_V4_covariance_s10,phase2/results/predictions/full/mixed/resnet/seed_43/bandpass_n20001_cLL_V1_V4_covariance_s10.npz,76397,f9267d5e54421c0a1f9d44cb01e37f075ae27f483eecabec6408bbf3475fd550
resnet,mixed,43,bandpass_n20001_cLL_V1_V4_covariance_s5,phase2/results/predictions/full/mixed/resnet/seed_43/bandpass_n20001_cLL_V1_V4_covariance_s5.npz,76228,e2dd45ec192d8be215d3baed63e8ceb1ffbe311ebef79f6ce30ee00912f4a33f
resnet,mixed,43,bandpass_n20001_cLL_V1_V4_covariance_s0,phase2/results/predictions/full/mixed/resnet/seed_43/bandpass_n20001_cLL_V1_V4_covariance_s0.npz,75705,56016fa975ac8cfda6f8bacb07797724d8619fb601eeb54099b4f24f9bfd3d13
resnet,mixed,43,bandpass_n20001_call_independent_rms_s20,phase2/results/predictions/full/mixed/resnet/seed_43/bandpass_n20001_call_independent_rms_s20.npz,76534,767f878928fa693d053c08a0a2fc8cf697203194f8b652007481bb1a2b9ae6d9
resnet,mixed,43,bandpass_n20001_call_independent_rms_s15,phase2/results/predictions/full/mixed/resnet/seed_43/bandpass_n20001_call_independent_rms_s15.npz,76552,0804f5ff5f4b2c5aa4c2b22dc988dc205b3128260b5bbd34548391fcd1231a68
resnet,mixed,43,bandpass_n20001_call_independent_rms_s10,phase2/results/predictions/full/mixed/resnet/seed_43/bandpass_n20001_call_independent_rms_s10.npz,76522,7abd92e2d48b861a7894eaf9667e86e1db5f39b33983cdc0c9a2c87bd2c11968
resnet,mixed,43,bandpass_n20001_call_independent_rms_s5,phase2/results/predictions/full/mixed/resnet/seed_43/bandpass_n20001_call_independent_rms_s5.npz,76323,318b527874da65f8e91baadd1d27b3afb3e05482970c63e5d00b4cfcd9a8a62e
resnet,mixed,43,bandpass_n20001_call_independent_rms_s0,phase2/results/predictions/full/mixed/resnet/seed_43/bandpass_n20001_call_independent_rms_s0.npz,75997,15c5c4180f75662e060c1d7bb0bc7261b5e5c040a4b572085ae70d8f253b2ca4
resnet,mixed,43,bandpass_n20001_call_electrode_s20,phase2/results/predictions/full/mixed/resnet/seed_43/bandpass_n20001_call_electrode_s20.npz,76522,25c77368f31f746b003f54be7663bcba2f1a22ec4be3605a8eccdf3ed3b24ddf
resnet,mixed,43,bandpass_n20001_call_electrode_s15,phase2/results/predictions/full/mixed/resnet/seed_43/bandpass_n20001_call_electrode_s15.npz,76510,ef840e268e7988de0ef20b6de589b4108645dd55f24657b1b1dbafe78753b65f
resnet,mixed,43,bandpass_n20001_call_electrode_s10,phase2/results/predictions/full/mixed/resnet/seed_43/bandpass_n20001_call_electrode_s10.npz,76409,616a41adada4d6efe3e954802e80f16625c0c777396205557af5c181f99f6d83
resnet,mixed,43,bandpass_n20001_call_electrode_s5,phase2/results/predictions/full/mixed/resnet/seed_43/bandpass_n20001_call_electrode_s5.npz,76226,bb55fac7e6357e8f7cdc4345a2c689e1ca8ee215d85aecdbe7cce3c05fb4c8eb
resnet,mixed,43,bandpass_n20001_call_electrode_s0,phase2/results/predictions/full/mixed/resnet/seed_43/bandpass_n20001_call_electrode_s0.npz,75841,5f8b029984083c0020562e5df428e56a4525e39d1740b6f2c811255e46356764
resnet,mixed,43,bandpass_n20001_call_covariance_s20,phase2/results/predictions/full/mixed/resnet/seed_43/bandpass_n20001_call_covariance_s20.npz,76543,82158518183c83839566a3d6501b4a2b76126cd7eefa3825f029c12695027bf6
resnet,mixed,43,bandpass_n20001_call_covariance_s15,phase2/results/predictions/full/mixed/resnet/seed_43/bandpass_n20001_call_covariance_s15.npz,76488,8ac1781ffa89f7e9ee50ec30635d09d181ccabe250f9045f78581222d840ea2b
resnet,mixed,43,bandpass_n20001_call_covariance_s10,phase2/results/predictions/full/mixed/resnet/seed_43/bandpass_n20001_call_covariance_s10.npz,76412,39a7056acd9376192e08703a55f2fdd1b7792e0773b0248d4da21aa1cf9c49a1
resnet,mixed,43,bandpass_n20001_call_covariance_s5,phase2/results/predictions/full/mixed/resnet/seed_43/bandpass_n20001_call_covariance_s5.npz,76238,11558f8045dc261cf4208ad203e7bd60df8709c723e2b4e32babf5b4fd25b31b
resnet,mixed,43,bandpass_n20001_call_covariance_s0,phase2/results/predictions/full/mixed/resnet/seed_43/bandpass_n20001_call_covariance_s0.npz,75854,d5b60d089ff4043714ab7a04d0f9d3a6dc32b16eb2b3446ee06d28960303805c
resnet,mixed,43,bandpass_n20002_cRA_LA_LL_independent_rms_s20,phase2/results/predictions/full/mixed/resnet/seed_43/bandpass_n20002_cRA_LA_LL_independent_rms_s20.npz,76571,4afe3470d554ad15da931556efed051b7cbbe9bad2d042653dd269563633a4dd
resnet,mixed,43,bandpass_n20002_cRA_LA_LL_independent_rms_s15,phase2/results/predictions/full/mixed/resnet/seed_43/bandpass_n20002_cRA_LA_LL_independent_rms_s15.npz,76569,6047cb67be2e2a7922908add549a5e1d0f83a31e75d668147d2ea51df7328156
resnet,mixed,43,bandpass_n20002_cRA_LA_LL_independent_rms_s10,phase2/results/predictions/full/mixed/resnet/seed_43/bandpass_n20002_cRA_LA_LL_independent_rms_s10.npz,76482,2d2f85cb13837bd5205064254a0e5525fb85d3b5079a940983870bda59a50164
resnet,mixed,43,bandpass_n20002_cRA_LA_LL_independent_rms_s5,phase2/results/predictions/full/mixed/resnet/seed_43/bandpass_n20002_cRA_LA_LL_independent_rms_s5.npz,76325,eb5fe29b90f67279adcefc237a6737cefe710a13d530b2ef5a8a4551bfda9a7a
resnet,mixed,43,bandpass_n20002_cRA_LA_LL_independent_rms_s0,phase2/results/predictions/full/mixed/resnet/seed_43/bandpass_n20002_cRA_LA_LL_independent_rms_s0.npz,76001,c32a8c183583e4c62fa1a10380313fa41f38c982ba58d447d5f5d082773e5cd1
resnet,mixed,43,bandpass_n20002_cRA_LA_LL_electrode_s20,phase2/results/predictions/full/mixed/resnet/seed_43/bandpass_n20002_cRA_LA_LL_electrode_s20.npz,76553,1b1b350246aea24d6d2467304911c8b880857084d090099adc8dd5d093dca435
resnet,mixed,43,bandpass_n20002_cRA_LA_LL_electrode_s15,phase2/results/predictions/full/mixed/resnet/seed_43/bandpass_n20002_cRA_LA_LL_electrode_s15.npz,76562,5fdfc50c99b88ae62c0b0c1cdbc0810dacd3b8b6f3adc192d264619ebc41b362
resnet,mixed,43,bandpass_n20002_cRA_LA_LL_electrode_s10,phase2/results/predictions/full/mixed/resnet/seed_43/bandpass_n20002_cRA_LA_LL_electrode_s10.npz,76429,dc9c2c2d095430093a490f165d6df6477a5e7336abc1cd4b64bd6e5a48c4637c
resnet,mixed,43,bandpass_n20002_cRA_LA_LL_electrode_s5,phase2/results/predictions/full/mixed/resnet/seed_43/bandpass_n20002_cRA_LA_LL_electrode_s5.npz,76224,d8be3552d03c8ba68427b9db5251017b2e5a64a460ab96e2bd3466acc21a5e42
resnet,mixed,43,bandpass_n20002_cRA_LA_LL_electrode_s0,phase2/results/predictions/full/mixed/resnet/seed_43/bandpass_n20002_cRA_LA_LL_electrode_s0.npz,75783,33b9870ac03e4259ade27195b5701fb4a85992bbe8cca6ef2162c4176967d80a
resnet,mixed,43,bandpass_n20002_cRA_LA_LL_covariance_s20,phase2/results/predictions/full/mixed/resnet/seed_43/bandpass_n20002_cRA_LA_LL_covariance_s20.npz,76530,52ecdc67a3ae0e482de4848ffdd21b040ec50d0b7c7eb195ea0cd3e6d4244df7
resnet,mixed,43,bandpass_n20002_cRA_LA_LL_covariance_s15,phase2/results/predictions/full/mixed/resnet/seed_43/bandpass_n20002_cRA_LA_LL_covariance_s15.npz,76522,6980d4f8a8df907d799a1106051e2536830ebf73d98029238ba0a4cdf130cb10
resnet,mixed,43,bandpass_n20002_cRA_LA_LL_covariance_s10,phase2/results/predictions/full/mixed/resnet/seed_43/bandpass_n20002_cRA_LA_LL_covariance_s10.npz,76433,ecb5ec57bc0b78cf49aa091cdc8c6cfa830c79e3d34a5e61be26c349a6ab97e2
resnet,mixed,43,bandpass_n20002_cRA_LA_LL_covariance_s5,phase2/results/predictions/full/mixed/resnet/seed_43/bandpass_n20002_cRA_LA_LL_covariance_s5.npz,76215,96ecf72d5d4af15538a999fc2b1516ac444eb06ca935d7726ed20b0a3459c785
resnet,mixed,43,bandpass_n20002_cRA_LA_LL_covariance_s0,phase2/results/predictions/full/mixed/resnet/seed_43/bandpass_n20002_cRA_LA_LL_covariance_s0.npz,75815,60ac4d7cae8328460120e2662f42c4fc66c8a2fa06cba41fc171ed34f5881b04
resnet,mixed,43,bandpass_n20002_cV1_independent_rms_s20,phase2/results/predictions/full/mixed/resnet/seed_43/bandpass_n20002_cV1_independent_rms_s20.npz,76555,83177abd508bd1fcca4ede0d00d9a7947f82a8bce035a9d9b505bc4c939fcd3e
resnet,mixed,43,bandpass_n20002_cV1_independent_rms_s15,phase2/results/predictions/full/mixed/resnet/seed_43/bandpass_n20002_cV1_independent_rms_s15.npz,76529,982b328274d2580d90fcd682722aa26459428642922e4a36aac3d483cbac4b82
resnet,mixed,43,bandpass_n20002_cV1_independent_rms_s10,phase2/results/predictions/full/mixed/resnet/seed_43/bandpass_n20002_cV1_independent_rms_s10.npz,76495,25a772897527eed7c91c7bd15f31f968a328bbd293205d061077acefe67a8d12
resnet,mixed,43,bandpass_n20002_cV1_independent_rms_s5,phase2/results/predictions/full/mixed/resnet/seed_43/bandpass_n20002_cV1_independent_rms_s5.npz,76319,06f7fa74be5fb92091712367edb258bc797c6245737a18c182a1cc5c86f9086b
resnet,mixed,43,bandpass_n20002_cV1_independent_rms_s0,phase2/results/predictions/full/mixed/resnet/seed_43/bandpass_n20002_cV1_independent_rms_s0.npz,75907,7f48ef5ee142289a17241ccffb12762af91621d5e4de88a678bc5da0a3f6c02a
resnet,mixed,43,bandpass_n20002_cV1_electrode_s20,phase2/results/predictions/full/mixed/resnet/seed_43/bandpass_n20002_cV1_electrode_s20.npz,76559,f065fed37ead5126ec7ed879d70c06e82b0725d3503b7011c6fe4feaa6ae268f
resnet,mixed,43,bandpass_n20002_cV1_electrode_s15,phase2/results/predictions/full/mixed/resnet/seed_43/bandpass_n20002_cV1_electrode_s15.npz,76533,db71e6c836abbcab78e30465ab6a38a05df632a2c5b37e7ada55f0b7aac51684
resnet,mixed,43,bandpass_n20002_cV1_electrode_s10,phase2/results/predictions/full/mixed/resnet/seed_43/bandpass_n20002_cV1_electrode_s10.npz,76470,01024d5728411a48d88674ad663638c87357a4bea7544f3389a389eba4b64901
resnet,mixed,43,bandpass_n20002_cV1_electrode_s5,phase2/results/predictions/full/mixed/resnet/seed_43/bandpass_n20002_cV1_electrode_s5.npz,76295,15d6e7272ec390c57051c654ccbec80a70e65034063e37ff5da9f2d0edc9146b
resnet,mixed,43,bandpass_n20002_cV1_electrode_s0,phase2/results/predictions/full/mixed/resnet/seed_43/bandpass_n20002_cV1_electrode_s0.npz,75905,0507f136a2482b626b81b8f20ab06409a81dfbe87f29ffc5a01b18fc28ef8f26
resnet,mixed,43,bandpass_n20002_cV1_covariance_s20,phase2/results/predictions/full/mixed/resnet/seed_43/bandpass_n20002_cV1_covariance_s20.npz,76557,1045d220e4cbf835e75b4f6a72b18f4c40f630a91cbc6f48c31eaa58d6be4daf
resnet,mixed,43,bandpass_n20002_cV1_covariance_s15,phase2/results/predictions/full/mixed/resnet/seed_43/bandpass_n20002_cV1_covariance_s15.npz,76504,6658dd66ef639ccc55a8beba4ac0376432fb224700b03eac226b9568b8622bd1
resnet,mixed,43,bandpass_n20002_cV1_covariance_s10,phase2/results/predictions/full/mixed/resnet/seed_43/bandpass_n20002_cV1_covariance_s10.npz,76515,9704c1fe73303b4f153b79d3b33bed2dfb8d125c22d5ae46f468b590cd41e115
resnet,mixed,43,bandpass_n20002_cV1_covariance_s5,phase2/results/predictions/full/mixed/resnet/seed_43/bandpass_n20002_cV1_covariance_s5.npz,76321,29bd6482f3217d243bf79163ca9f78a67ecd935325e5a7fa0be8d4ae4bc94d41
resnet,mixed,43,bandpass_n20002_cV1_covariance_s0,phase2/results/predictions/full/mixed/resnet/seed_43/bandpass_n20002_cV1_covariance_s0.npz,75866,80567cf751eea1170ecec70a134f4f2182fe5099d6087d5852fed675e8cafc31
resnet,mixed,43,bandpass_n20002_cV2_independent_rms_s20,phase2/results/predictions/full/mixed/resnet/seed_43/bandpass_n20002_cV2_independent_rms_s20.npz,76540,ceb3801aafe35da4f4248a043bb9fcbf5039969377822a9aa4ff72bfe0a856b4
resnet,mixed,43,bandpass_n20002_cV2_independent_rms_s15,phase2/results/predictions/full/mixed/resnet/seed_43/bandpass_n20002_cV2_independent_rms_s15.npz,76549,08acdc7c3619b7b610bb375c03fda39f0e793346d16a819951c5cc6b8b5a475b
resnet,mixed,43,bandpass_n20002_cV2_independent_rms_s10,phase2/results/predictions/full/mixed/resnet/seed_43/bandpass_n20002_cV2_independent_rms_s10.npz,76489,aa0ff76e8a3d3a7e682b0c07b81a3040311ce874169bd553694f592f67350b82
resnet,mixed,43,bandpass_n20002_cV2_independent_rms_s5,phase2/results/predictions/full/mixed/resnet/seed_43/bandpass_n20002_cV2_independent_rms_s5.npz,76340,f6ebec6eb58745932cb9f5f514014bd87d8bacec6924eebb9ec9ff74b5ec14f6
resnet,mixed,43,bandpass_n20002_cV2_independent_rms_s0,phase2/results/predictions/full/mixed/resnet/seed_43/bandpass_n20002_cV2_independent_rms_s0.npz,75970,98c5c4c64b993b51a7db6b6b6b7666e63e896cac1f898c71b31c979f66fc85ca
resnet,mixed,43,bandpass_n20002_cV2_electrode_s20,phase2/results/predictions/full/mixed/resnet/seed_43/bandpass_n20002_cV2_electrode_s20.npz,76553,bd7914ab2dffa6d6bb5ff3cf3fa99c632d276e59768bb6762cdfaac7fe237f49
resnet,mixed,43,bandpass_n20002_cV2_electrode_s15,phase2/results/predictions/full/mixed/resnet/seed_43/bandpass_n20002_cV2_electrode_s15.npz,76546,107e855f91718cad8f3bcaa27b2d4e54e96b5fcc24093b2c595c98b82d513e5b
resnet,mixed,43,bandpass_n20002_cV2_electrode_s10,phase2/results/predictions/full/mixed/resnet/seed_43/bandpass_n20002_cV2_electrode_s10.npz,76455,0796869fb5ee7a2346ef0689723faab09b93d7c9892f9cc4f8701782c32d74b6
resnet,mixed,43,bandpass_n20002_cV2_electrode_s5,phase2/results/predictions/full/mixed/resnet/seed_43/bandpass_n20002_cV2_electrode_s5.npz,76333,0b37efcc0ca29a8d8daa1009ae83ab991e24cbad45cb702da029994a1d4eb03e
resnet,mixed,43,bandpass_n20002_cV2_electrode_s0,phase2/results/predictions/full/mixed/resnet/seed_43/bandpass_n20002_cV2_electrode_s0.npz,75994,b2426f3fd9ebf758260a6e90fd4382fc638e7af0d3067bed39d7d1aae0685425
resnet,mixed,43,bandpass_n20002_cV2_covariance_s20,phase2/results/predictions/full/mixed/resnet/seed_43/bandpass_n20002_cV2_covariance_s20.npz,76579,53578a24a1d32a38ca3baf5b1572d8557645dfb2ff8eb1021d4a714ca565eb48
resnet,mixed,43,bandpass_n20002_cV2_covariance_s15,phase2/results/predictions/full/mixed/resnet/seed_43/bandpass_n20002_cV2_covariance_s15.npz,76536,ca5589bbe649342c3cb877fbd0f7ce53b9bf41555bb385c33035dd1233419435
resnet,mixed,43,bandpass_n20002_cV2_covariance_s10,phase2/results/predictions/full/mixed/resnet/seed_43/bandpass_n20002_cV2_covariance_s10.npz,76499,1e900b0f2a6bfaa107347ee0ee8a2adafd63a263bc714857536df3e62a3b57bc
resnet,mixed,43,bandpass_n20002_cV2_covariance_s5,phase2/results/predictions/full/mixed/resnet/seed_43/bandpass_n20002_cV2_covariance_s5.npz,76351,5165f19f2705f304c503ee3e4235da13e4fe4d96f5f1d0c2d60111a57f6ce907
resnet,mixed,43,bandpass_n20002_cV2_covariance_s0,phase2/results/predictions/full/mixed/resnet/seed_43/bandpass_n20002_cV2_covariance_s0.npz,76005,0233b7b0efe73f201a588defb5c7e6019cbf560ea08f197b00d014ce98358663
resnet,mixed,43,bandpass_n20002_cV3_independent_rms_s20,phase2/results/predictions/full/mixed/resnet/seed_43/bandpass_n20002_cV3_independent_rms_s20.npz,76578,c70092ebb1ce9f55cc57479fea355e1fd1ddb6f5b833bec783a12ae311b3e71b
resnet,mixed,43,bandpass_n20002_cV3_independent_rms_s15,phase2/results/predictions/full/mixed/resnet/seed_43/bandpass_n20002_cV3_independent_rms_s15.npz,76561,22b4c1d828dc597b19a2575ce274f6863529315586c3da0c1b6b88bd9ee32627
resnet,mixed,43,bandpass_n20002_cV3_independent_rms_s10,phase2/results/predictions/full/mixed/resnet/seed_43/bandpass_n20002_cV3_independent_rms_s10.npz,76505,870db653f078a731e450a9b4b78572eb3fb01b4c9d5df262f8fcf0ae5a7deb99
resnet,mixed,43,bandpass_n20002_cV3_independent_rms_s5,phase2/results/predictions/full/mixed/resnet/seed_43/bandpass_n20002_cV3_independent_rms_s5.npz,76384,fff6e140b5dbe31a854dc2be26fd6e01eb69ce01b80f90a36e7d6eab405c8f71
resnet,mixed,43,bandpass_n20002_cV3_independent_rms_s0,phase2/results/predictions/full/mixed/resnet/seed_43/bandpass_n20002_cV3_independent_rms_s0.npz,76163,556fa1eec0bbd166a568235c1a20ccc05a276bffd2ff541a0dba477a7ad87597
resnet,mixed,43,bandpass_n20002_cV3_electrode_s20,phase2/results/predictions/full/mixed/resnet/seed_43/bandpass_n20002_cV3_electrode_s20.npz,76520,78161cf0e1932ab34d6ef5d3b96bd87378af134fe7e24b6855e872971a9f6a6f
resnet,mixed,43,bandpass_n20002_cV3_electrode_s15,phase2/results/predictions/full/mixed/resnet/seed_43/bandpass_n20002_cV3_electrode_s15.npz,76519,83e10b25cac4f9cbb9763316efa52b8dd906204be395c058fea573337c337187
resnet,mixed,43,bandpass_n20002_cV3_electrode_s10,phase2/results/predictions/full/mixed/resnet/seed_43/bandpass_n20002_cV3_electrode_s10.npz,76484,5e7a13e40a37a85172a30fbb79c9650c0a64e982442b60cf21f2ab7621da2089
resnet,mixed,43,bandpass_n20002_cV3_electrode_s5,phase2/results/predictions/full/mixed/resnet/seed_43/bandpass_n20002_cV3_electrode_s5.npz,76339,72392864605ba6f3214d58d72c5fb2287323b856ed5918575c7da191709f01ee
resnet,mixed,43,bandpass_n20002_cV3_electrode_s0,phase2/results/predictions/full/mixed/resnet/seed_43/bandpass_n20002_cV3_electrode_s0.npz,76148,215188afb5f4c37337e248d5b6c76e55fd4950b80091e4f701b365ee102530dd
resnet,mixed,43,bandpass_n20002_cV3_covariance_s20,phase2/results/predictions/full/mixed/resnet/seed_43/bandpass_n20002_cV3_covariance_s20.npz,76549,30e9ad13c101d7d367ebb888f05cfb2f4afd12db614d48fbd6350d04e181e0ad
resnet,mixed,43,bandpass_n20002_cV3_covariance_s15,phase2/results/predictions/full/mixed/resnet/seed_43/bandpass_n20002_cV3_covariance_s15.npz,76529,1a2421e5fc2100dce8680e2eb0e991ea78ebbe53b2647aa378dcfc7f0eade75e
resnet,mixed,43,bandpass_n20002_cV3_covariance_s10,phase2/results/predictions/full/mixed/resnet/seed_43/bandpass_n20002_cV3_covariance_s10.npz,76518,73c4ec2272ddc87f284d4294870ee7e8185aa487bfb854aec5f9683d93e1a070
resnet,mixed,43,bandpass_n20002_cV3_covariance_s5,phase2/results/predictions/full/mixed/resnet/seed_43/bandpass_n20002_cV3_covariance_s5.npz,76386,da55e186a14be9ae51a1d9583f9cb09355335ece2704f195b34b2f3830498fa9
resnet,mixed,43,bandpass_n20002_cV3_covariance_s0,phase2/results/predictions/full/mixed/resnet/seed_43/bandpass_n20002_cV3_covariance_s0.npz,76118,e46a08a3dab94d3d232dd015f9bc0310541d4e055bc5f2b6f44394f6cbb7e64f
resnet,mixed,43,bandpass_n20002_cV4_independent_rms_s20,phase2/results/predictions/full/mixed/resnet/seed_43/bandpass_n20002_cV4_independent_rms_s20.npz,76581,4550dc8edbc2098997b6ec6f8fba2d14f93368cec05bc7f06837e7a424b7922c
resnet,mixed,43,bandpass_n20002_cV4_independent_rms_s15,phase2/results/predictions/full/mixed/resnet/seed_43/bandpass_n20002_cV4_independent_rms_s15.npz,76551,da058a0b90cfedd5390f7c22e77d4406cf38f747b951ce053dccfd86569f839f
resnet,mixed,43,bandpass_n20002_cV4_independent_rms_s10,phase2/results/predictions/full/mixed/resnet/seed_43/bandpass_n20002_cV4_independent_rms_s10.npz,76503,c76d0947a0d13c6601bd60b3200374045d98dcd97411f1370c87118438e6d485
resnet,mixed,43,bandpass_n20002_cV4_independent_rms_s5,phase2/results/predictions/full/mixed/resnet/seed_43/bandpass_n20002_cV4_independent_rms_s5.npz,76362,ed9c1d5b141f2414d21138190645cd0d1aaf7c5faaa2baa1f58ac932549d3335
resnet,mixed,43,bandpass_n20002_cV4_independent_rms_s0,phase2/results/predictions/full/mixed/resnet/seed_43/bandpass_n20002_cV4_independent_rms_s0.npz,76093,56fd6c9ade591aa9c53fe6c80670ee1ceefc212b36f1b040daa85324b0b46e3d
resnet,mixed,43,bandpass_n20002_cV4_electrode_s20,phase2/results/predictions/full/mixed/resnet/seed_43/bandpass_n20002_cV4_electrode_s20.npz,76533,3a90b88680829d37a5d5011a4aec09a317c5a9220d8e860c57c949555334d9f6
resnet,mixed,43,bandpass_n20002_cV4_electrode_s15,phase2/results/predictions/full/mixed/resnet/seed_43/bandpass_n20002_cV4_electrode_s15.npz,76539,25a080de4a68a5e50e1163fa5bf443d05b36774dac5244f3f73ab9efe8ffaea6
resnet,mixed,43,bandpass_n20002_cV4_electrode_s10,phase2/results/predictions/full/mixed/resnet/seed_43/bandpass_n20002_cV4_electrode_s10.npz,76470,f99198da454ca51df904201fa5d8dadd18b473fea407914f53ce30c782988b1f
resnet,mixed,43,bandpass_n20002_cV4_electrode_s5,phase2/results/predictions/full/mixed/resnet/seed_43/bandpass_n20002_cV4_electrode_s5.npz,76323,2c89b36e9b5364d1424627b5bc5fd1cf27a143745aaa8785344ada67f6601ea0
resnet,mixed,43,bandpass_n20002_cV4_electrode_s0,phase2/results/predictions/full/mixed/resnet/seed_43/bandpass_n20002_cV4_electrode_s0.npz,76067,598eee7ea69db9a149c896f5ebfff047d5e1ec166815c917a28eee7d9c051fcc
resnet,mixed,43,bandpass_n20002_cV4_covariance_s20,phase2/results/predictions/full/mixed/resnet/seed_43/bandpass_n20002_cV4_covariance_s20.npz,76546,87ea1fa9802e13447efefaa33da1b3aaabffc9387aaffe1e3dcd1393d0aa012c
resnet,mixed,43,bandpass_n20002_cV4_covariance_s15,phase2/results/predictions/full/mixed/resnet/seed_43/bandpass_n20002_cV4_covariance_s15.npz,76578,2a254235a06f3c2fd061a3e54c124892693735332902f49107b64d3fbb5a4984
resnet,mixed,43,bandpass_n20002_cV4_covariance_s10,phase2/results/predictions/full/mixed/resnet/seed_43/bandpass_n20002_cV4_covariance_s10.npz,76469,660d9b21f940c01dac27206a77521c5eb547ef79dd5865e1591f94e6fd6e4083
resnet,mixed,43,bandpass_n20002_cV4_covariance_s5,phase2/results/predictions/full/mixed/resnet/seed_43/bandpass_n20002_cV4_covariance_s5.npz,76353,1ff06251da70328fe8224848df89c1ddf7562709ac0999b5bab00f6e0edcf499
resnet,mixed,43,bandpass_n20002_cV4_covariance_s0,phase2/results/predictions/full/mixed/resnet/seed_43/bandpass_n20002_cV4_covariance_s0.npz,76090,643fef2eb4fe925477368ada2de85e195079adfd3cdd3ac142e452a122ecd930
resnet,mixed,43,bandpass_n20002_cV5_independent_rms_s20,phase2/results/predictions/full/mixed/resnet/seed_43/bandpass_n20002_cV5_independent_rms_s20.npz,76587,087514c10500e5c3a72967c7c81e680e9474bdd68313a423288f6e2dea7dc9a1
resnet,mixed,43,bandpass_n20002_cV5_independent_rms_s15,phase2/results/predictions/full/mixed/resnet/seed_43/bandpass_n20002_cV5_independent_rms_s15.npz,76546,693baa1057eba13707796e08c1417f8c4dd2d055ade0d3a339c78e790419e7bb
resnet,mixed,43,bandpass_n20002_cV5_independent_rms_s10,phase2/results/predictions/full/mixed/resnet/seed_43/bandpass_n20002_cV5_independent_rms_s10.npz,76490,3748955796f1729ddfe5fefa8695d0a1bc62656c22332f54cda6f79e9e46a548
resnet,mixed,43,bandpass_n20002_cV5_independent_rms_s5,phase2/results/predictions/full/mixed/resnet/seed_43/bandpass_n20002_cV5_independent_rms_s5.npz,76320,61273562b9639939ecfac091f85e1c806df7969857a64a20737d6e32ed0fe215
resnet,mixed,43,bandpass_n20002_cV5_independent_rms_s0,phase2/results/predictions/full/mixed/resnet/seed_43/bandpass_n20002_cV5_independent_rms_s0.npz,75962,9dbee35ae286604e0063b9e4093f1e2c5118afdc0c44b1c0b2a0f4e6c761fabb
resnet,mixed,43,bandpass_n20002_cV5_electrode_s20,phase2/results/predictions/full/mixed/resnet/seed_43/bandpass_n20002_cV5_electrode_s20.npz,76548,93bc7eb854a9570e968b192d352655f73f7eef6aad48e67c52e06825f36c9f26
resnet,mixed,43,bandpass_n20002_cV5_electrode_s15,phase2/results/predictions/full/mixed/resnet/seed_43/bandpass_n20002_cV5_electrode_s15.npz,76529,b848bf35cf9b02fcb38bc1cd37dfe7c2c7148a38aba1ab227e7ecd0de592538f
resnet,mixed,43,bandpass_n20002_cV5_electrode_s10,phase2/results/predictions/full/mixed/resnet/seed_43/bandpass_n20002_cV5_electrode_s10.npz,76452,835898adfb841cf1a5f836628433149b95aae3dfe65de32bc445877c32cf581d
resnet,mixed,43,bandpass_n20002_cV5_electrode_s5,phase2/results/predictions/full/mixed/resnet/seed_43/bandpass_n20002_cV5_electrode_s5.npz,76308,9a427534cedfe443a03b6834515e7465225cdab66d3aa8e99bd6e5f99d5d26f5
resnet,mixed,43,bandpass_n20002_cV5_electrode_s0,phase2/results/predictions/full/mixed/resnet/seed_43/bandpass_n20002_cV5_electrode_s0.npz,76009,23250c821cca7cd7a6ac3a57df515195350bb91aa95ce5083b44e67082e5e4cd
resnet,mixed,43,bandpass_n20002_cV5_covariance_s20,phase2/results/predictions/full/mixed/resnet/seed_43/bandpass_n20002_cV5_covariance_s20.npz,76578,0d3fd77a406785793ebece359f859694ee5065c6fbac3ea3d6f0823070a4a3ba
resnet,mixed,43,bandpass_n20002_cV5_covariance_s15,phase2/results/predictions/full/mixed/resnet/seed_43/bandpass_n20002_cV5_covariance_s15.npz,76531,03e067efee7aba1883758f796166334db908aa99ce00ac30cf6d7ee31a60891e
resnet,mixed,43,bandpass_n20002_cV5_covariance_s10,phase2/results/predictions/full/mixed/resnet/seed_43/bandpass_n20002_cV5_covariance_s10.npz,76505,e5d8a305ec2f9eae7993a3c4e40fd0d403127723a6d640d682c2fde36e8b51f7
resnet,mixed,43,bandpass_n20002_cV5_covariance_s5,phase2/results/predictions/full/mixed/resnet/seed_43/bandpass_n20002_cV5_covariance_s5.npz,76341,305790761cd6e25b14fbf104b66801f4cd6ba1b06c1fc471fdaf5c0251e47195
resnet,mixed,43,bandpass_n20002_cV5_covariance_s0,phase2/results/predictions/full/mixed/resnet/seed_43/bandpass_n20002_cV5_covariance_s0.npz,76004,a63881dfcf9e0ebd844ea346bd5667a83bf2ce237e85b3250ee68ad820fc62d5
resnet,mixed,43,bandpass_n20002_cV6_independent_rms_s20,phase2/results/predictions/full/mixed/resnet/seed_43/bandpass_n20002_cV6_independent_rms_s20.npz,76557,06371b23cb7ce656d50914108b1dba7594f36f0e491f52c4e160aad5cbc47e12
resnet,mixed,43,bandpass_n20002_cV6_independent_rms_s15,phase2/results/predictions/full/mixed/resnet/seed_43/bandpass_n20002_cV6_independent_rms_s15.npz,76525,8ab3964c35f7c9240747a95bc22450120c88e45c45d51f0880b6e3c595034f7f
resnet,mixed,43,bandpass_n20002_cV6_independent_rms_s10,phase2/results/predictions/full/mixed/resnet/seed_43/bandpass_n20002_cV6_independent_rms_s10.npz,76492,94ac0938d24fe0ca9e0aff32676af9b77d14744e5bdffbb67d86986896cd7fb6
resnet,mixed,43,bandpass_n20002_cV6_independent_rms_s5,phase2/results/predictions/full/mixed/resnet/seed_43/bandpass_n20002_cV6_independent_rms_s5.npz,76318,2ac2255728b0021c5dafec465189a51b7c851493bc18056eba655401ba71aaef
resnet,mixed,43,bandpass_n20002_cV6_independent_rms_s0,phase2/results/predictions/full/mixed/resnet/seed_43/bandpass_n20002_cV6_independent_rms_s0.npz,76060,8c39ddb6a7b1496732734cdb229d92fff85f29f8c7355e058aaa0311434c6c63
resnet,mixed,43,bandpass_n20002_cV6_electrode_s20,phase2/results/predictions/full/mixed/resnet/seed_43/bandpass_n20002_cV6_electrode_s20.npz,76557,2d365b3f72e3a76b0a36ba9e9094b59f8b36d8ab84e31a51da362e2d9a11c14e
resnet,mixed,43,bandpass_n20002_cV6_electrode_s15,phase2/results/predictions/full/mixed/resnet/seed_43/bandpass_n20002_cV6_electrode_s15.npz,76545,83ca9eda87358c9854fca8b1a616f0cf2c6e7c713ba585e4db528daa5ee9df61
resnet,mixed,43,bandpass_n20002_cV6_electrode_s10,phase2/results/predictions/full/mixed/resnet/seed_43/bandpass_n20002_cV6_electrode_s10.npz,76487,9b231e733d16b5f7e58d32d25effa288c09236dc5d248cf1613076039228f5f6
resnet,mixed,43,bandpass_n20002_cV6_electrode_s5,phase2/results/predictions/full/mixed/resnet/seed_43/bandpass_n20002_cV6_electrode_s5.npz,76353,358dfc4d1df99dd3a4eee56113a38c4e340aaa4700d0ab5ea1ada6f859d4f74a
resnet,mixed,43,bandpass_n20002_cV6_electrode_s0,phase2/results/predictions/full/mixed/resnet/seed_43/bandpass_n20002_cV6_electrode_s0.npz,76057,54c38b05ab5cca5e0ca0d14bb4cb30799d369e1fb58f65f77575b83d296be76c
resnet,mixed,43,bandpass_n20002_cV6_covariance_s20,phase2/results/predictions/full/mixed/resnet/seed_43/bandpass_n20002_cV6_covariance_s20.npz,76552,8c212a45f65b98017346e060bde3ed98d47eda12db0c15bc6700eda2a3727352
resnet,mixed,43,bandpass_n20002_cV6_covariance_s15,phase2/results/predictions/full/mixed/resnet/seed_43/bandpass_n20002_cV6_covariance_s15.npz,76550,ca27b7adc3d07f06cf110e31d3354ab5f7c85d7e3ba4ab666d7a8e44d3e6774c
resnet,mixed,43,bandpass_n20002_cV6_covariance_s10,phase2/results/predictions/full/mixed/resnet/seed_43/bandpass_n20002_cV6_covariance_s10.npz,76491,0d7cac7e173b06a7e4a8cdae5d3cb72d11f41627524cf7716a894746d207079d
resnet,mixed,43,bandpass_n20002_cV6_covariance_s5,phase2/results/predictions/full/mixed/resnet/seed_43/bandpass_n20002_cV6_covariance_s5.npz,76362,faaa2aed1085f46c5f7fe231e2104f69ba935bf020d2e60c313b7f9a7240bc92
resnet,mixed,43,bandpass_n20002_cV6_covariance_s0,phase2/results/predictions/full/mixed/resnet/seed_43/bandpass_n20002_cV6_covariance_s0.npz,76051,0baea1c966305a87b7ac85e698501a1a2d70d3654f11586b9d0a312d3ffcf9ca
resnet,mixed,43,bandpass_n20002_cRA_LA_independent_rms_s20,phase2/results/predictions/full/mixed/resnet/seed_43/bandpass_n20002_cRA_LA_independent_rms_s20.npz,76595,19aed111658b33439182b99ca0c5a77c72f05c0855a10fce249d2f89c05f9194
resnet,mixed,43,bandpass_n20002_cRA_LA_independent_rms_s15,phase2/results/predictions/full/mixed/resnet/seed_43/bandpass_n20002_cRA_LA_independent_rms_s15.npz,76571,c84b5248f15da410f5f414f7d5b2a0f0ebfce55995aa98a13f75de44f3ee38a4
resnet,mixed,43,bandpass_n20002_cRA_LA_independent_rms_s10,phase2/results/predictions/full/mixed/resnet/seed_43/bandpass_n20002_cRA_LA_independent_rms_s10.npz,76495,ef66567881a506dc050622a18f62fe5cb1e7d5602afcd92c9f3877bd444dd0dc
resnet,mixed,43,bandpass_n20002_cRA_LA_independent_rms_s5,phase2/results/predictions/full/mixed/resnet/seed_43/bandpass_n20002_cRA_LA_independent_rms_s5.npz,76347,61d341fe35c2e90a9717e0931fd96d9a65dbe102da0f29f7b09a8618b9e560a5
resnet,mixed,43,bandpass_n20002_cRA_LA_independent_rms_s0,phase2/results/predictions/full/mixed/resnet/seed_43/bandpass_n20002_cRA_LA_independent_rms_s0.npz,76038,90cbe56751c708c78c38279038bf6e78f073bc208b43b533a53d8f93e079866f
resnet,mixed,43,bandpass_n20002_cRA_LA_electrode_s20,phase2/results/predictions/full/mixed/resnet/seed_43/bandpass_n20002_cRA_LA_electrode_s20.npz,76552,be6a3c7a5b169e25361e6967e0bbbce8393158dabe592aabcdb733f69d66fb85
resnet,mixed,43,bandpass_n20002_cRA_LA_electrode_s15,phase2/results/predictions/full/mixed/resnet/seed_43/bandpass_n20002_cRA_LA_electrode_s15.npz,76526,4592e28898fd2e885081c243bd482b8fd11e38642c38bdf9f49717e36b1b31f8
resnet,mixed,43,bandpass_n20002_cRA_LA_electrode_s10,phase2/results/predictions/full/mixed/resnet/seed_43/bandpass_n20002_cRA_LA_electrode_s10.npz,76443,09f6d6f9589822c7a54144fc25471d62561ab1d0e15f61015b100ff7b415db97
resnet,mixed,43,bandpass_n20002_cRA_LA_electrode_s5,phase2/results/predictions/full/mixed/resnet/seed_43/bandpass_n20002_cRA_LA_electrode_s5.npz,76285,4d4d48914afbde64988e2cbdbca729520483b84ef89884ef1a65bb15612ee1d5
resnet,mixed,43,bandpass_n20002_cRA_LA_electrode_s0,phase2/results/predictions/full/mixed/resnet/seed_43/bandpass_n20002_cRA_LA_electrode_s0.npz,75909,e27063f490bded80600e9b3a75dbfbb43b9ecf4dde9def9e9d3519563acb5181
resnet,mixed,43,bandpass_n20002_cRA_LA_covariance_s20,phase2/results/predictions/full/mixed/resnet/seed_43/bandpass_n20002_cRA_LA_covariance_s20.npz,76562,81a7db11e9f292c4b35f57c31aeadbbb38090a035659098d92c536cac9665b7b
resnet,mixed,43,bandpass_n20002_cRA_LA_covariance_s15,phase2/results/predictions/full/mixed/resnet/seed_43/bandpass_n20002_cRA_LA_covariance_s15.npz,76522,675ce225dcc16fb39ab6050f40211aa31ec47bb4a4b54d312edb8af46cbe9de2
resnet,mixed,43,bandpass_n20002_cRA_LA_covariance_s10,phase2/results/predictions/full/mixed/resnet/seed_43/bandpass_n20002_cRA_LA_covariance_s10.npz,76441,551d1caf6ce808df647677f8da586bf5bed62a823fb17d0cf6330b07158f11d8
resnet,mixed,43,bandpass_n20002_cRA_LA_covariance_s5,phase2/results/predictions/full/mixed/resnet/seed_43/bandpass_n20002_cRA_LA_covariance_s5.npz,76277,0ef1597dd90b5c557faaa9220dc81e33742175ee311530ea213e2f25ff47c031
resnet,mixed,43,bandpass_n20002_cRA_LA_covariance_s0,phase2/results/predictions/full/mixed/resnet/seed_43/bandpass_n20002_cRA_LA_covariance_s0.npz,75907,ec25d25c641576fcf522c06665c7bcfb442107aeac42c1bb36eb91dbaf448f11
resnet,mixed,43,bandpass_n20002_cLA_LL_independent_rms_s20,phase2/results/predictions/full/mixed/resnet/seed_43/bandpass_n20002_cLA_LL_independent_rms_s20.npz,76574,29a1e245f2433d2cef2f2acd4fe64db320bc641be6897524e595d5fb0dea114a
resnet,mixed,43,bandpass_n20002_cLA_LL_independent_rms_s15,phase2/results/predictions/full/mixed/resnet/seed_43/bandpass_n20002_cLA_LL_independent_rms_s15.npz,76542,b7fc791c3988d8234b84cb6e554b66cd7f7e6b3d56ba30e0316e89052cf3366c
resnet,mixed,43,bandpass_n20002_cLA_LL_independent_rms_s10,phase2/results/predictions/full/mixed/resnet/seed_43/bandpass_n20002_cLA_LL_independent_rms_s10.npz,76485,46b3825761b790f0a297a31b09ec6e0b906c269577d2872b7d0fe34c5595757e
resnet,mixed,43,bandpass_n20002_cLA_LL_independent_rms_s5,phase2/results/predictions/full/mixed/resnet/seed_43/bandpass_n20002_cLA_LL_independent_rms_s5.npz,76325,8dea353390ca18f34a7ec5542c48c8f681690b1d99e79eeddba7f46799a0458c
resnet,mixed,43,bandpass_n20002_cLA_LL_independent_rms_s0,phase2/results/predictions/full/mixed/resnet/seed_43/bandpass_n20002_cLA_LL_independent_rms_s0.npz,75995,3474b85bfd2d20667064531758e92361216287b01a27f78c6cab2f149d7241fa
resnet,mixed,43,bandpass_n20002_cLA_LL_electrode_s20,phase2/results/predictions/full/mixed/resnet/seed_43/bandpass_n20002_cLA_LL_electrode_s20.npz,76526,3a7ef5db56a6f4673e4777e1daf6aecc63640f7f2a1f641d95c7e303e690fdd7
resnet,mixed,43,bandpass_n20002_cLA_LL_electrode_s15,phase2/results/predictions/full/mixed/resnet/seed_43/bandpass_n20002_cLA_LL_electrode_s15.npz,76506,841f2373514e8835ebab3ae56f2a504cc2cfc4717270405f5bfb294a69b46823
resnet,mixed,43,bandpass_n20002_cLA_LL_electrode_s10,phase2/results/predictions/full/mixed/resnet/seed_43/bandpass_n20002_cLA_LL_electrode_s10.npz,76441,4d46a01df17da52e1c34e6d9e39dc3ca0b65c5b6990b1ad8840bedce07771077
resnet,mixed,43,bandpass_n20002_cLA_LL_electrode_s5,phase2/results/predictions/full/mixed/resnet/seed_43/bandpass_n20002_cLA_LL_electrode_s5.npz,76204,48e4609d6f017a3cdde492c044f3c25918784b6276ff94e6fc57f84a5f745ae9
resnet,mixed,43,bandpass_n20002_cLA_LL_electrode_s0,phase2/results/predictions/full/mixed/resnet/seed_43/bandpass_n20002_cLA_LL_electrode_s0.npz,75741,e158cbafa5c471de042532e891a0ede4e65342bcbe754d9ec6bde698c8376856
resnet,mixed,43,bandpass_n20002_cLA_LL_covariance_s20,phase2/results/predictions/full/mixed/resnet/seed_43/bandpass_n20002_cLA_LL_covariance_s20.npz,76547,cf32600df252868d980bb3bda04885addaf94e5358081b44ce032e1d66d2e0cf
resnet,mixed,43,bandpass_n20002_cLA_LL_covariance_s15,phase2/results/predictions/full/mixed/resnet/seed_43/bandpass_n20002_cLA_LL_covariance_s15.npz,76478,a37ee6330e8161bf4abde320513ad2249d55d03bd26a3628aff7e563dfd40bd6
resnet,mixed,43,bandpass_n20002_cLA_LL_covariance_s10,phase2/results/predictions/full/mixed/resnet/seed_43/bandpass_n20002_cLA_LL_covariance_s10.npz,76414,aa6602800ecda6ea51473d359a817ce77ef944c569a7205083bacccfd6acb990
resnet,mixed,43,bandpass_n20002_cLA_LL_covariance_s5,phase2/results/predictions/full/mixed/resnet/seed_43/bandpass_n20002_cLA_LL_covariance_s5.npz,76203,74bc4a234339015bc151f0eee2069e23cb257fb75cd8b810315f23d98d0a0597
resnet,mixed,43,bandpass_n20002_cLA_LL_covariance_s0,phase2/results/predictions/full/mixed/resnet/seed_43/bandpass_n20002_cLA_LL_covariance_s0.npz,75741,bd70f6fec27c42340f6e193ae188bc720cfb9cd5939f926669ba9dfdae097c58
resnet,mixed,43,bandpass_n20002_cRA_LL_independent_rms_s20,phase2/results/predictions/full/mixed/resnet/seed_43/bandpass_n20002_cRA_LL_independent_rms_s20.npz,76554,66baaadd1d0955c41020894ef4027042f6bc59d03469596d41d9eefe1d831a69
resnet,mixed,43,bandpass_n20002_cRA_LL_independent_rms_s15,phase2/results/predictions/full/mixed/resnet/seed_43/bandpass_n20002_cRA_LL_independent_rms_s15.npz,76569,49b70bf101f99f5afe5f93a9acae9f8094ee66991a5cbec55ed3d41fdd273f3d
resnet,mixed,43,bandpass_n20002_cRA_LL_independent_rms_s10,phase2/results/predictions/full/mixed/resnet/seed_43/bandpass_n20002_cRA_LL_independent_rms_s10.npz,76502,41c5e2e9cea64fd8107c74498a5daf1152e062143f12977e0bc79ad8a04b6f96
resnet,mixed,43,bandpass_n20002_cRA_LL_independent_rms_s5,phase2/results/predictions/full/mixed/resnet/seed_43/bandpass_n20002_cRA_LL_independent_rms_s5.npz,76338,86f858f2b6b8b7def50678d9444286823bc07de38b6544b5ce345729ea3d4577
resnet,mixed,43,bandpass_n20002_cRA_LL_independent_rms_s0,phase2/results/predictions/full/mixed/resnet/seed_43/bandpass_n20002_cRA_LL_independent_rms_s0.npz,76012,88fdb9a2ce30b6f24574c49bb6b1d99f0e9f06c2e89544f708b1669735f405a8
resnet,mixed,43,bandpass_n20002_cRA_LL_electrode_s20,phase2/results/predictions/full/mixed/resnet/seed_43/bandpass_n20002_cRA_LL_electrode_s20.npz,76549,5e1a31761f161a11dc7c53a663360f0a13f9a703d4f2d22d6461880aea1e063a
resnet,mixed,43,bandpass_n20002_cRA_LL_electrode_s15,phase2/results/predictions/full/mixed/resnet/seed_43/bandpass_n20002_cRA_LL_electrode_s15.npz,76545,4addc54d715ab9ae53f602ba1a0fec940d6fd11a261d73f55105290ecd095c6b
resnet,mixed,43,bandpass_n20002_cRA_LL_electrode_s10,phase2/results/predictions/full/mixed/resnet/seed_43/bandpass_n20002_cRA_LL_electrode_s10.npz,76421,2058af48ece5c088197816120fcc20f1c0bd5dcb32c1d7b5dbddff3b89fd2df0
resnet,mixed,43,bandpass_n20002_cRA_LL_electrode_s5,phase2/results/predictions/full/mixed/resnet/seed_43/bandpass_n20002_cRA_LL_electrode_s5.npz,76237,a87b5dc9e41d0beddff4704ea5d298368ed557f895d59f0744b36db4e8ca1879
resnet,mixed,43,bandpass_n20002_cRA_LL_electrode_s0,phase2/results/predictions/full/mixed/resnet/seed_43/bandpass_n20002_cRA_LL_electrode_s0.npz,75730,7241f81db22ebf325e6862735bf9cfd82c0899952454a13a47bf12dd544b5bed
resnet,mixed,43,bandpass_n20002_cRA_LL_covariance_s20,phase2/results/predictions/full/mixed/resnet/seed_43/bandpass_n20002_cRA_LL_covariance_s20.npz,76548,d325d659b5e6c88c49b14d0c52c5309a5f98ac96be41f7a85611daf2db1a8a24
resnet,mixed,43,bandpass_n20002_cRA_LL_covariance_s15,phase2/results/predictions/full/mixed/resnet/seed_43/bandpass_n20002_cRA_LL_covariance_s15.npz,76481,0aab482b77c99070f77fbf0f9fba61280aa1c5c13cf4cff540cd7fac0e224b14
resnet,mixed,43,bandpass_n20002_cRA_LL_covariance_s10,phase2/results/predictions/full/mixed/resnet/seed_43/bandpass_n20002_cRA_LL_covariance_s10.npz,76398,293e40eda8537743d969f92e1461ebbfae9c5d5e9f4d59beed7481d1ea62f23e
resnet,mixed,43,bandpass_n20002_cRA_LL_covariance_s5,phase2/results/predictions/full/mixed/resnet/seed_43/bandpass_n20002_cRA_LL_covariance_s5.npz,76168,31484abb99357fb4c3784bdba9eadfb07ea199519c6fc2974ebef616a3fb117e
resnet,mixed,43,bandpass_n20002_cRA_LL_covariance_s0,phase2/results/predictions/full/mixed/resnet/seed_43/bandpass_n20002_cRA_LL_covariance_s0.npz,75749,1863ab1945dac8ef9c1017fc83753efe3b0fc88d92ce439be2e059aa571027b7
resnet,mixed,43,bandpass_n20002_cRA_independent_rms_s20,phase2/results/predictions/full/mixed/resnet/seed_43/bandpass_n20002_cRA_independent_rms_s20.npz,76563,938c0f9777575546d9510f7ae7375d699fcef37ff3f1b1d977878c2973644a85
resnet,mixed,43,bandpass_n20002_cRA_independent_rms_s15,phase2/results/predictions/full/mixed/resnet/seed_43/bandpass_n20002_cRA_independent_rms_s15.npz,76573,e4a1e7310b26f7011d45e982ad251c82c1d0f9816c9eb2e35c2c51239e138b99
resnet,mixed,43,bandpass_n20002_cRA_independent_rms_s10,phase2/results/predictions/full/mixed/resnet/seed_43/bandpass_n20002_cRA_independent_rms_s10.npz,76487,8b3be7ddc71d073db0e8dec23bf9a9d644a3acf8d98147e01a5d10c8b9e32876
resnet,mixed,43,bandpass_n20002_cRA_independent_rms_s5,phase2/results/predictions/full/mixed/resnet/seed_43/bandpass_n20002_cRA_independent_rms_s5.npz,76357,8012b3b610728305a988a35779b918746c390241c9a128cce3d048ce027f671a
resnet,mixed,43,bandpass_n20002_cRA_independent_rms_s0,phase2/results/predictions/full/mixed/resnet/seed_43/bandpass_n20002_cRA_independent_rms_s0.npz,76050,629416dbf8b98426ee00b19ae5d7ad6ec0fe0be797acd061652b47cc0492f08c
resnet,mixed,43,bandpass_n20002_cRA_electrode_s20,phase2/results/predictions/full/mixed/resnet/seed_43/bandpass_n20002_cRA_electrode_s20.npz,76548,495b42a914e3de2484a4ca3af0340575193926c8c59b2fc2ae1c6a2274b72bcb
resnet,mixed,43,bandpass_n20002_cRA_electrode_s15,phase2/results/predictions/full/mixed/resnet/seed_43/bandpass_n20002_cRA_electrode_s15.npz,76526,f609a0f326bafcfea8193986ba26857d611e2eda21e783f9633b6d594f412bad
resnet,mixed,43,bandpass_n20002_cRA_electrode_s10,phase2/results/predictions/full/mixed/resnet/seed_43/bandpass_n20002_cRA_electrode_s10.npz,76415,e9e50931e2ede04dd5bc7db80b006bf44f0424848ab5554ac872fee46c54f6be
resnet,mixed,43,bandpass_n20002_cRA_electrode_s5,phase2/results/predictions/full/mixed/resnet/seed_43/bandpass_n20002_cRA_electrode_s5.npz,76275,0983fd6ed1d5f033be638ef9330a12dac8b7f8d859171545b6c34b53cef502f2
resnet,mixed,43,bandpass_n20002_cRA_electrode_s0,phase2/results/predictions/full/mixed/resnet/seed_43/bandpass_n20002_cRA_electrode_s0.npz,75945,a961c3892cc9422e8edecc66b3b43252b9e57ee1d80f851d3f25472f94e42785
resnet,mixed,43,bandpass_n20002_cRA_covariance_s20,phase2/results/predictions/full/mixed/resnet/seed_43/bandpass_n20002_cRA_covariance_s20.npz,76545,ecefedb09104396cb26a2188eb957b3e94d9aefdb1ebb82573ae48aa92f11cbc
resnet,mixed,43,bandpass_n20002_cRA_covariance_s15,phase2/results/predictions/full/mixed/resnet/seed_43/bandpass_n20002_cRA_covariance_s15.npz,76512,0628b948770b15ff1c460e92d7780b62e0c92ddb6a9d89b31d510a8bb97ca8af
resnet,mixed,43,bandpass_n20002_cRA_covariance_s10,phase2/results/predictions/full/mixed/resnet/seed_43/bandpass_n20002_cRA_covariance_s10.npz,76427,d46b82ce9450526f0d7f8af32c03ee7d9a42ecd7b60f86b488a8ccf493802852
resnet,mixed,43,bandpass_n20002_cRA_covariance_s5,phase2/results/predictions/full/mixed/resnet/seed_43/bandpass_n20002_cRA_covariance_s5.npz,76242,5cea6d81d4b546ba699332e18dcde0009717f0af2b673de7cb55ba1dd06b54bb
resnet,mixed,43,bandpass_n20002_cRA_covariance_s0,phase2/results/predictions/full/mixed/resnet/seed_43/bandpass_n20002_cRA_covariance_s0.npz,75969,f0874c4ae0cd20d2188dc10d107dc78fba5416844a6c5f3df9af465d9f795e22
resnet,mixed,43,bandpass_n20002_cLA_independent_rms_s20,phase2/results/predictions/full/mixed/resnet/seed_43/bandpass_n20002_cLA_independent_rms_s20.npz,76554,cebd5b0e59d029a1c439b2f062a56d4d59545c551c317913138fc40a24865c07
resnet,mixed,43,bandpass_n20002_cLA_independent_rms_s15,phase2/results/predictions/full/mixed/resnet/seed_43/bandpass_n20002_cLA_independent_rms_s15.npz,76571,b469928b7f40b8440ebb8a0216d9174833f02e3c3c3a715ddf2723ac91fbe7b8
resnet,mixed,43,bandpass_n20002_cLA_independent_rms_s10,phase2/results/predictions/full/mixed/resnet/seed_43/bandpass_n20002_cLA_independent_rms_s10.npz,76501,ab067f47eea50acd555893cf9f07e916270c9af8b28f474fc490d4a1d5480cca
resnet,mixed,43,bandpass_n20002_cLA_independent_rms_s5,phase2/results/predictions/full/mixed/resnet/seed_43/bandpass_n20002_cLA_independent_rms_s5.npz,76333,6aecb04700b1fb67f840b5ea937dd0c581f000fb5ac7d2ba124259e0669cbc93
resnet,mixed,43,bandpass_n20002_cLA_independent_rms_s0,phase2/results/predictions/full/mixed/resnet/seed_43/bandpass_n20002_cLA_independent_rms_s0.npz,76029,765358372a2b87187b2a250defca71c659a1d56610477ff15a9f17965fee1881
resnet,mixed,43,bandpass_n20002_cLA_electrode_s20,phase2/results/predictions/full/mixed/resnet/seed_43/bandpass_n20002_cLA_electrode_s20.npz,76535,75ab8c6ffa6e70c34e19fb92a651429470bf443460eeb5265c3cef6532c55396
resnet,mixed,43,bandpass_n20002_cLA_electrode_s15,phase2/results/predictions/full/mixed/resnet/seed_43/bandpass_n20002_cLA_electrode_s15.npz,76509,b8a6b9e986e905f869038aaca3d036e64bcc9c5be2229c5a9fd9712a4bc059ac
resnet,mixed,43,bandpass_n20002_cLA_electrode_s10,phase2/results/predictions/full/mixed/resnet/seed_43/bandpass_n20002_cLA_electrode_s10.npz,76454,52fa49bf43db3ccb8fb93592496a68f6d9b8ddcf5341cdee4c4d30337ef1feb6
resnet,mixed,43,bandpass_n20002_cLA_electrode_s5,phase2/results/predictions/full/mixed/resnet/seed_43/bandpass_n20002_cLA_electrode_s5.npz,76255,aadca7a470551f2d499de068defffcc1061eb9e45375915913564ba1fc22f58a
resnet,mixed,43,bandpass_n20002_cLA_electrode_s0,phase2/results/predictions/full/mixed/resnet/seed_43/bandpass_n20002_cLA_electrode_s0.npz,75848,77dbdf62990df6831e7c4d7aee16994257e4c66b2dc7cb918ad90cf7be3dcd64
resnet,mixed,43,bandpass_n20002_cLA_covariance_s20,phase2/results/predictions/full/mixed/resnet/seed_43/bandpass_n20002_cLA_covariance_s20.npz,76548,83ebe71fb17fdfd40c64e11771ac6d0513560dfd8e293064386323b2705aa85c
resnet,mixed,43,bandpass_n20002_cLA_covariance_s15,phase2/results/predictions/full/mixed/resnet/seed_43/bandpass_n20002_cLA_covariance_s15.npz,76512,a1fcdddd0a390edd5ae8f94f4393347ac5ce1fc800bd6372f17beee2edb6ad55
resnet,mixed,43,bandpass_n20002_cLA_covariance_s10,phase2/results/predictions/full/mixed/resnet/seed_43/bandpass_n20002_cLA_covariance_s10.npz,76435,0e97fd6961c9f10b3ac26b03b49dddb74fbb585af5cd82eb7abb982a6b48fa78
resnet,mixed,43,bandpass_n20002_cLA_covariance_s5,phase2/results/predictions/full/mixed/resnet/seed_43/bandpass_n20002_cLA_covariance_s5.npz,76271,5854d73ac7596524b95f6ad505574027bf86cbd0c063955711380a7a14b5d541
resnet,mixed,43,bandpass_n20002_cLA_covariance_s0,phase2/results/predictions/full/mixed/resnet/seed_43/bandpass_n20002_cLA_covariance_s0.npz,75848,d794a8230e359203bb36b03ba03dcf8f9719f60dce05811402d1485f9e56e0ff
resnet,mixed,43,bandpass_n20002_cLL_independent_rms_s20,phase2/results/predictions/full/mixed/resnet/seed_43/bandpass_n20002_cLL_independent_rms_s20.npz,76522,fbf54c8fabcb605d63a595e920938684650ce8429a04712104d81c66bd782711
resnet,mixed,43,bandpass_n20002_cLL_independent_rms_s15,phase2/results/predictions/full/mixed/resnet/seed_43/bandpass_n20002_cLL_independent_rms_s15.npz,76553,06aa5219fb3901a7be1fef73d17c305916ff2c6dedced55435406f274fe56902
resnet,mixed,43,bandpass_n20002_cLL_independent_rms_s10,phase2/results/predictions/full/mixed/resnet/seed_43/bandpass_n20002_cLL_independent_rms_s10.npz,76471,677a4f46d2004e46ad88a4613db3bba22b5ac620ab3df3516793159a42acf84a
resnet,mixed,43,bandpass_n20002_cLL_independent_rms_s5,phase2/results/predictions/full/mixed/resnet/seed_43/bandpass_n20002_cLL_independent_rms_s5.npz,76309,f61f540a306cb2abc7a00cba687cfc139c5db797c7686ea6cbc853eeaf93423e
resnet,mixed,43,bandpass_n20002_cLL_independent_rms_s0,phase2/results/predictions/full/mixed/resnet/seed_43/bandpass_n20002_cLL_independent_rms_s0.npz,75965,35028f899ad81cec3f2c7693ba402e2f917d1460dff4d78a5ffda2dd8c25c45c
resnet,mixed,43,bandpass_n20002_cLL_electrode_s20,phase2/results/predictions/full/mixed/resnet/seed_43/bandpass_n20002_cLL_electrode_s20.npz,76532,8d452ec37c39ee052f8c79adc7421bc3f56ffa49cd7e6f3e6dc1f74790a53279
resnet,mixed,43,bandpass_n20002_cLL_electrode_s15,phase2/results/predictions/full/mixed/resnet/seed_43/bandpass_n20002_cLL_electrode_s15.npz,76510,e8b7d14a00408e5e71f6d45f948155c7bc74549a9f63ba9dbe1094c4aca29b3c
resnet,mixed,43,bandpass_n20002_cLL_electrode_s10,phase2/results/predictions/full/mixed/resnet/seed_43/bandpass_n20002_cLL_electrode_s10.npz,76375,4cbba54316b926fad9299f594176f5ce98b4a05464dfbd7a50ace115cbf58313
resnet,mixed,43,bandpass_n20002_cLL_electrode_s5,phase2/results/predictions/full/mixed/resnet/seed_43/bandpass_n20002_cLL_electrode_s5.npz,76116,8d85d712baf9fc21d3e110a69a52725524fddc00bab6c5775a036cb000d9776e
resnet,mixed,43,bandpass_n20002_cLL_electrode_s0,phase2/results/predictions/full/mixed/resnet/seed_43/bandpass_n20002_cLL_electrode_s0.npz,75652,2dac254c26fef2a8be58f0953d79dd9039cd3ef2f4f01003071299b35fe3bde6
resnet,mixed,43,bandpass_n20002_cLL_covariance_s20,phase2/results/predictions/full/mixed/resnet/seed_43/bandpass_n20002_cLL_covariance_s20.npz,76570,41afbe3ae777081651e14589c191ac1893d74577ca8bb2f430ca069ac84685d0
resnet,mixed,43,bandpass_n20002_cLL_covariance_s15,phase2/results/predictions/full/mixed/resnet/seed_43/bandpass_n20002_cLL_covariance_s15.npz,76492,0069f7f1571b0b05319dff60dd5862308966f38f621c94968c806765727f777a
resnet,mixed,43,bandpass_n20002_cLL_covariance_s10,phase2/results/predictions/full/mixed/resnet/seed_43/bandpass_n20002_cLL_covariance_s10.npz,76390,43af084a8dfa0597c033d0eb04cfbdbe68f2a8401fc8408a0c65a7ed70867d87
resnet,mixed,43,bandpass_n20002_cLL_covariance_s5,phase2/results/predictions/full/mixed/resnet/seed_43/bandpass_n20002_cLL_covariance_s5.npz,76149,de5881b675d88311a73fbccea25629a66de448e61ce5c651b60a856b59a4f03f
resnet,mixed,43,bandpass_n20002_cLL_covariance_s0,phase2/results/predictions/full/mixed/resnet/seed_43/bandpass_n20002_cLL_covariance_s0.npz,75668,eb0ac0ae61fb86a0758553eb5d4d363aa1ebafb01cee43380b0e8b15746e1fa3
resnet,mixed,43,bandpass_n20002_cRA_V1_independent_rms_s20,phase2/results/predictions/full/mixed/resnet/seed_43/bandpass_n20002_cRA_V1_independent_rms_s20.npz,76587,f9450980eaab410e8ffe2f3ada231678bdf47eb800350cc88d7222e46c4a336c
resnet,mixed,43,bandpass_n20002_cRA_V1_independent_rms_s15,phase2/results/predictions/full/mixed/resnet/seed_43/bandpass_n20002_cRA_V1_independent_rms_s15.npz,76539,8d79acb8d644715535c8326e97c10ca8b824829d9d96f49696df49cc0be1bfef
resnet,mixed,43,bandpass_n20002_cRA_V1_independent_rms_s10,phase2/results/predictions/full/mixed/resnet/seed_43/bandpass_n20002_cRA_V1_independent_rms_s10.npz,76507,60dcda6147df57176ce285f2df7280ae101ecf55a9cd61dcc3735068b2fe3811
resnet,mixed,43,bandpass_n20002_cRA_V1_independent_rms_s5,phase2/results/predictions/full/mixed/resnet/seed_43/bandpass_n20002_cRA_V1_independent_rms_s5.npz,76382,69757b4dddd32af76c5f79e9d8182850ede4426041f5a1b9be00f704e7628dd4
resnet,mixed,43,bandpass_n20002_cRA_V1_independent_rms_s0,phase2/results/predictions/full/mixed/resnet/seed_43/bandpass_n20002_cRA_V1_independent_rms_s0.npz,75992,8246a7bc99e8fc85942313c021268f987f36669e91608bb07f4c590b82d95401
resnet,mixed,43,bandpass_n20002_cRA_V1_electrode_s20,phase2/results/predictions/full/mixed/resnet/seed_43/bandpass_n20002_cRA_V1_electrode_s20.npz,76582,5df7b8458b361706bda7f9b0b6a2aeb73c0dcea1b3b3a802a78a61dae1e6d402
resnet,mixed,43,bandpass_n20002_cRA_V1_electrode_s15,phase2/results/predictions/full/mixed/resnet/seed_43/bandpass_n20002_cRA_V1_electrode_s15.npz,76568,cf9ff554106666326597ab71ebf1f054560ab97cb5a37e9db77b06a9984dc2da
resnet,mixed,43,bandpass_n20002_cRA_V1_electrode_s10,phase2/results/predictions/full/mixed/resnet/seed_43/bandpass_n20002_cRA_V1_electrode_s10.npz,76465,805b270b884f2912e8148f30c8b5013ffb800b69fbbd496c0e9bb16991b376f6
resnet,mixed,43,bandpass_n20002_cRA_V1_electrode_s5,phase2/results/predictions/full/mixed/resnet/seed_43/bandpass_n20002_cRA_V1_electrode_s5.npz,76289,95096887f077e08210a778b59c3e0260d5b7e66fcad9e0e398e9d849f60eb456
resnet,mixed,43,bandpass_n20002_cRA_V1_electrode_s0,phase2/results/predictions/full/mixed/resnet/seed_43/bandpass_n20002_cRA_V1_electrode_s0.npz,75954,113127be7404c45cc3c4d9314519d33a31bf6db64e5c06d0fb32ce42a3ffd4ed
resnet,mixed,43,bandpass_n20002_cRA_V1_covariance_s20,phase2/results/predictions/full/mixed/resnet/seed_43/bandpass_n20002_cRA_V1_covariance_s20.npz,76555,5bc764b2cb8ac7ea1a8cb5898f72310a3926dc32c7096539a095e36e85708236
resnet,mixed,43,bandpass_n20002_cRA_V1_covariance_s15,phase2/results/predictions/full/mixed/resnet/seed_43/bandpass_n20002_cRA_V1_covariance_s15.npz,76560,ba81cb94b6ef9271a2516ceb659228b089f2819d010d17c7171059b5ca3d992a
resnet,mixed,43,bandpass_n20002_cRA_V1_covariance_s10,phase2/results/predictions/full/mixed/resnet/seed_43/bandpass_n20002_cRA_V1_covariance_s10.npz,76458,0bcbb4a81c915ee08c735f4bea69fb612d3e00f1cbe09a9e8f0391ed17db0065
resnet,mixed,43,bandpass_n20002_cRA_V1_covariance_s5,phase2/results/predictions/full/mixed/resnet/seed_43/bandpass_n20002_cRA_V1_covariance_s5.npz,76273,bdd08b47f9a82f5e9b50a6e93cf7c95ccf6d2f1b268c19b710e1fb7881c0d4fd
resnet,mixed,43,bandpass_n20002_cRA_V1_covariance_s0,phase2/results/predictions/full/mixed/resnet/seed_43/bandpass_n20002_cRA_V1_covariance_s0.npz,75947,8d9323f2dc119b02215735a81373b2d56371e0c7ba1e0dae90be3dac3b46d839
resnet,mixed,43,bandpass_n20002_cLA_V6_independent_rms_s20,phase2/results/predictions/full/mixed/resnet/seed_43/bandpass_n20002_cLA_V6_independent_rms_s20.npz,76565,21271fdfeb407ea0188ce7742138ef6076c0656ee4961a7d500e112e77c0cde4
resnet,mixed,43,bandpass_n20002_cLA_V6_independent_rms_s15,phase2/results/predictions/full/mixed/resnet/seed_43/bandpass_n20002_cLA_V6_independent_rms_s15.npz,76555,3b87cbea8447e31319b6da78e09c52f7246f73cc6275f51773e2e17eea4ffb23
resnet,mixed,43,bandpass_n20002_cLA_V6_independent_rms_s10,phase2/results/predictions/full/mixed/resnet/seed_43/bandpass_n20002_cLA_V6_independent_rms_s10.npz,76493,3ff989bb3f769efe673bab9563039d5dff2b9e628304af3ae9f9ea97add0d933
resnet,mixed,43,bandpass_n20002_cLA_V6_independent_rms_s5,phase2/results/predictions/full/mixed/resnet/seed_43/bandpass_n20002_cLA_V6_independent_rms_s5.npz,76357,bf82128bd71bbe323182cd0d8d90785b9ba3e65ecde9a6242b7f81fc4d95909d
resnet,mixed,43,bandpass_n20002_cLA_V6_independent_rms_s0,phase2/results/predictions/full/mixed/resnet/seed_43/bandpass_n20002_cLA_V6_independent_rms_s0.npz,76055,2becef67ca9a637d82512f9ecbf12d2a5b2e2c933b49a01dbff85c297d8353d1
resnet,mixed,43,bandpass_n20002_cLA_V6_electrode_s20,phase2/results/predictions/full/mixed/resnet/seed_43/bandpass_n20002_cLA_V6_electrode_s20.npz,76545,43f3f107951acd6a9dbee99a79e9740001d1a2521e47825137a83fed2a53fe36
resnet,mixed,43,bandpass_n20002_cLA_V6_electrode_s15,phase2/results/predictions/full/mixed/resnet/seed_43/bandpass_n20002_cLA_V6_electrode_s15.npz,76529,c5530bc54157552d91b81bb4c3605257e790720130282a709522025b01505976
resnet,mixed,43,bandpass_n20002_cLA_V6_electrode_s10,phase2/results/predictions/full/mixed/resnet/seed_43/bandpass_n20002_cLA_V6_electrode_s10.npz,76444,4594ae37f6ab0f7d4637f364f1b5687e291c3d0fc04fab0e21b3db223e75c120
resnet,mixed,43,bandpass_n20002_cLA_V6_electrode_s5,phase2/results/predictions/full/mixed/resnet/seed_43/bandpass_n20002_cLA_V6_electrode_s5.npz,76283,a54ffb7c870e4c14e151abbf91cbe2790c2abf42819c95305efab7bc93bad891
resnet,mixed,43,bandpass_n20002_cLA_V6_electrode_s0,phase2/results/predictions/full/mixed/resnet/seed_43/bandpass_n20002_cLA_V6_electrode_s0.npz,75915,9471a8de0d9cfbcf22792b60afe90fc638f45075208b332d074cb5285f5a54c7
resnet,mixed,43,bandpass_n20002_cLA_V6_covariance_s20,phase2/results/predictions/full/mixed/resnet/seed_43/bandpass_n20002_cLA_V6_covariance_s20.npz,76561,3071227404e8e8c19c8f67d69cf7b3671e952830aa1f096c15cff0c494ec014c
resnet,mixed,43,bandpass_n20002_cLA_V6_covariance_s15,phase2/results/predictions/full/mixed/resnet/seed_43/bandpass_n20002_cLA_V6_covariance_s15.npz,76546,a6003a246b08a50868f435bf4dae0526c4a96446bc81431fdae5b393c1bfeaa5
resnet,mixed,43,bandpass_n20002_cLA_V6_covariance_s10,phase2/results/predictions/full/mixed/resnet/seed_43/bandpass_n20002_cLA_V6_covariance_s10.npz,76424,2358ad81d04ed5e0d88b8cb2ab339b80a6858544405f3c04aba4e455c1dd1274
resnet,mixed,43,bandpass_n20002_cLA_V6_covariance_s5,phase2/results/predictions/full/mixed/resnet/seed_43/bandpass_n20002_cLA_V6_covariance_s5.npz,76282,a75d4370e4e37493479d8241da534865f630d26d611e1d943ae249b06f4662f3
resnet,mixed,43,bandpass_n20002_cLA_V6_covariance_s0,phase2/results/predictions/full/mixed/resnet/seed_43/bandpass_n20002_cLA_V6_covariance_s0.npz,75909,56da07da8766e113581e5c6f362cafb147bfd1aeef07a04496ced1ca18bfd5b3
resnet,mixed,43,bandpass_n20002_cLL_V4_independent_rms_s20,phase2/results/predictions/full/mixed/resnet/seed_43/bandpass_n20002_cLL_V4_independent_rms_s20.npz,76556,a007cae2b2555cde897c9f3e1eb3345cc99235f45741bba48d2b7b048a7fd095
resnet,mixed,43,bandpass_n20002_cLL_V4_independent_rms_s15,phase2/results/predictions/full/mixed/resnet/seed_43/bandpass_n20002_cLL_V4_independent_rms_s15.npz,76571,6febd69fd4fd17f7b0b61ccba665492dabf8d2f436996f68b518e7dc87bc1061
resnet,mixed,43,bandpass_n20002_cLL_V4_independent_rms_s10,phase2/results/predictions/full/mixed/resnet/seed_43/bandpass_n20002_cLL_V4_independent_rms_s10.npz,76492,b39748c08a764b672f09e839697528bc1c234ccfa961488ace0f9c17cfc0317f
resnet,mixed,43,bandpass_n20002_cLL_V4_independent_rms_s5,phase2/results/predictions/full/mixed/resnet/seed_43/bandpass_n20002_cLL_V4_independent_rms_s5.npz,76326,b812926b0cdcdbe88fb2af74c610697b9e7dfeb746f5248557b9c669525557e8
resnet,mixed,43,bandpass_n20002_cLL_V4_independent_rms_s0,phase2/results/predictions/full/mixed/resnet/seed_43/bandpass_n20002_cLL_V4_independent_rms_s0.npz,75987,aea165a16a9787cc49977050e154cacdda274ca55daa86f79711c46a300bf0eb
resnet,mixed,43,bandpass_n20002_cLL_V4_electrode_s20,phase2/results/predictions/full/mixed/resnet/seed_43/bandpass_n20002_cLL_V4_electrode_s20.npz,76526,a9a7847a109060b776f59343f67afcd619d6da9cca3425045c4644653b13e787
resnet,mixed,43,bandpass_n20002_cLL_V4_electrode_s15,phase2/results/predictions/full/mixed/resnet/seed_43/bandpass_n20002_cLL_V4_electrode_s15.npz,76492,381b5eac7d2190bebbb02c364bdf785e3dd7cf3c851f8d5939cd977a1ed67597
resnet,mixed,43,bandpass_n20002_cLL_V4_electrode_s10,phase2/results/predictions/full/mixed/resnet/seed_43/bandpass_n20002_cLL_V4_electrode_s10.npz,76394,9884a2765020881c36f3ccab07ab43777f14202eb8b5d638fe9f5a014ea92865
resnet,mixed,43,bandpass_n20002_cLL_V4_electrode_s5,phase2/results/predictions/full/mixed/resnet/seed_43/bandpass_n20002_cLL_V4_electrode_s5.npz,76212,42ddd53f43a17bf771745cd4ac6903e9b1adb818876f94fca5b12e96e3fc7d78
resnet,mixed,43,bandpass_n20002_cLL_V4_electrode_s0,phase2/results/predictions/full/mixed/resnet/seed_43/bandpass_n20002_cLL_V4_electrode_s0.npz,75724,8ed1a159165ed59d07e6b0fcee8aedb8c9419fbd2aca07b3d7cae4f1d6f9c7a1
resnet,mixed,43,bandpass_n20002_cLL_V4_covariance_s20,phase2/results/predictions/full/mixed/resnet/seed_43/bandpass_n20002_cLL_V4_covariance_s20.npz,76546,06616763fad9a70ab0b54349daa03d4c74ec3edeb23fd15b86e7f5c46cead419
resnet,mixed,43,bandpass_n20002_cLL_V4_covariance_s15,phase2/results/predictions/full/mixed/resnet/seed_43/bandpass_n20002_cLL_V4_covariance_s15.npz,76517,0f8cb8ed20ffe243c0ee554eab9edfab4f4f7222e6c5517d18e834b2914b21e1
resnet,mixed,43,bandpass_n20002_cLL_V4_covariance_s10,phase2/results/predictions/full/mixed/resnet/seed_43/bandpass_n20002_cLL_V4_covariance_s10.npz,76428,1493e2c432fa1da2253e366ebda12647efd1bc0e920ad5d1a3f16aa4f4cadf61
resnet,mixed,43,bandpass_n20002_cLL_V4_covariance_s5,phase2/results/predictions/full/mixed/resnet/seed_43/bandpass_n20002_cLL_V4_covariance_s5.npz,76197,87ba2e5d1264db64002b0081d3caa07daddf85f5e3dceff022bd90fb1d59fe44
resnet,mixed,43,bandpass_n20002_cLL_V4_covariance_s0,phase2/results/predictions/full/mixed/resnet/seed_43/bandpass_n20002_cLL_V4_covariance_s0.npz,75761,93d553b3c6215267151fa70c71352b44ac9347c42f44c90e843d0420912e55d7
resnet,mixed,43,bandpass_n20002_cRA_LA_V1_V6_independent_rms_s20,phase2/results/predictions/full/mixed/resnet/seed_43/bandpass_n20002_cRA_LA_V1_V6_independent_rms_s20.npz,76627,faf62a6c32a4227284717eeec18c7647b959be95a297eac412534fb2f4e520f7
resnet,mixed,43,bandpass_n20002_cRA_LA_V1_V6_independent_rms_s15,phase2/results/predictions/full/mixed/resnet/seed_43/bandpass_n20002_cRA_LA_V1_V6_independent_rms_s15.npz,76568,83bec0c49454177f1cb8bf9be8b2622c094b95131ea746a2316092274216d5b6
resnet,mixed,43,bandpass_n20002_cRA_LA_V1_V6_independent_rms_s10,phase2/results/predictions/full/mixed/resnet/seed_43/bandpass_n20002_cRA_LA_V1_V6_independent_rms_s10.npz,76530,e7d1b0e6fc19a18efd954810e27bed7309ea93b1ba3262762ab2949535845682
resnet,mixed,43,bandpass_n20002_cRA_LA_V1_V6_independent_rms_s5,phase2/results/predictions/full/mixed/resnet/seed_43/bandpass_n20002_cRA_LA_V1_V6_independent_rms_s5.npz,76366,156426485ca59ff6fcabbba29705d309638ea6bf9298210cd86e852f10a8ac36
resnet,mixed,43,bandpass_n20002_cRA_LA_V1_V6_independent_rms_s0,phase2/results/predictions/full/mixed/resnet/seed_43/bandpass_n20002_cRA_LA_V1_V6_independent_rms_s0.npz,76057,fb6cd31ca6c8ba1fbabac3e57412e32dabdfe2170c24fdf581246e0233ba6faa
resnet,mixed,43,bandpass_n20002_cRA_LA_V1_V6_electrode_s20,phase2/results/predictions/full/mixed/resnet/seed_43/bandpass_n20002_cRA_LA_V1_V6_electrode_s20.npz,76561,c2cc63cd5524646edc6bba55929179cbbe16c28ca26a829af7c6a0a7860d4111
resnet,mixed,43,bandpass_n20002_cRA_LA_V1_V6_electrode_s15,phase2/results/predictions/full/mixed/resnet/seed_43/bandpass_n20002_cRA_LA_V1_V6_electrode_s15.npz,76552,4325d3601f95344c51ba5ff7ab1ef694692b60a8071efe37d299cae4f3723a05
resnet,mixed,43,bandpass_n20002_cRA_LA_V1_V6_electrode_s10,phase2/results/predictions/full/mixed/resnet/seed_43/bandpass_n20002_cRA_LA_V1_V6_electrode_s10.npz,76491,5bf0758f2036ea04e6c5a59798ac6a6ce06dd3b97f6868d7302a7614a1fdb976
resnet,mixed,43,bandpass_n20002_cRA_LA_V1_V6_electrode_s5,phase2/results/predictions/full/mixed/resnet/seed_43/bandpass_n20002_cRA_LA_V1_V6_electrode_s5.npz,76266,4087715e87817093779e3089eedca8cd5fcf374b6c12afd8ed559ec2fb3c5c1a
resnet,mixed,43,bandpass_n20002_cRA_LA_V1_V6_electrode_s0,phase2/results/predictions/full/mixed/resnet/seed_43/bandpass_n20002_cRA_LA_V1_V6_electrode_s0.npz,75957,1c8eb9f6305046d59fa2690546f8f9ff0aa587c7a27a6f9d7385e4ec45df3aab
resnet,mixed,43,bandpass_n20002_cRA_LA_V1_V6_covariance_s20,phase2/results/predictions/full/mixed/resnet/seed_43/bandpass_n20002_cRA_LA_V1_V6_covariance_s20.npz,76561,3ed7b984b89d9fd9a37ea8b8e06d9b3029af76e0e68a74fcd7e7da98309fdf81
resnet,mixed,43,bandpass_n20002_cRA_LA_V1_V6_covariance_s15,phase2/results/predictions/full/mixed/resnet/seed_43/bandpass_n20002_cRA_LA_V1_V6_covariance_s15.npz,76544,70e33b36a1989872fb026c164203c3d74eb409396e50c461b5723812029d03b3
resnet,mixed,43,bandpass_n20002_cRA_LA_V1_V6_covariance_s10,phase2/results/predictions/full/mixed/resnet/seed_43/bandpass_n20002_cRA_LA_V1_V6_covariance_s10.npz,76506,08550b3ab1232a8da7835bd00be55fbef2249480291b71e11cb6432780c9ccb8
resnet,mixed,43,bandpass_n20002_cRA_LA_V1_V6_covariance_s5,phase2/results/predictions/full/mixed/resnet/seed_43/bandpass_n20002_cRA_LA_V1_V6_covariance_s5.npz,76270,0f094f7a93926422cd6f97d852e48e3262eb2193dda3c2f0e9bca74ae52bba96
resnet,mixed,43,bandpass_n20002_cRA_LA_V1_V6_covariance_s0,phase2/results/predictions/full/mixed/resnet/seed_43/bandpass_n20002_cRA_LA_V1_V6_covariance_s0.npz,75929,a6ca0b42a057565f90c1e0f2a56ee36c32da8872689aff33366a16d97dbf8d74
resnet,mixed,43,bandpass_n20002_cRA_V2_V5_independent_rms_s20,phase2/results/predictions/full/mixed/resnet/seed_43/bandpass_n20002_cRA_V2_V5_independent_rms_s20.npz,76572,9c868348a5f905310a48fb5c5cceb0bab66846cae9111e6e8bedb893ac025ab7
resnet,mixed,43,bandpass_n20002_cRA_V2_V5_independent_rms_s15,phase2/results/predictions/full/mixed/resnet/seed_43/bandpass_n20002_cRA_V2_V5_independent_rms_s15.npz,76573,bd3a4d2c1e66fe535679af4676cec2495230f9394346073dac13ca4e968d5ab0
resnet,mixed,43,bandpass_n20002_cRA_V2_V5_independent_rms_s10,phase2/results/predictions/full/mixed/resnet/seed_43/bandpass_n20002_cRA_V2_V5_independent_rms_s10.npz,76546,6c623202eca841a98c1e00bd9228c6c36aa08ffa73d7f5ddab7ce3df6092caf0
resnet,mixed,43,bandpass_n20002_cRA_V2_V5_independent_rms_s5,phase2/results/predictions/full/mixed/resnet/seed_43/bandpass_n20002_cRA_V2_V5_independent_rms_s5.npz,76351,31956cae0bc99b83a6f8ef702386b810cc550d52b582683d932e96ec9be24773
resnet,mixed,43,bandpass_n20002_cRA_V2_V5_independent_rms_s0,phase2/results/predictions/full/mixed/resnet/seed_43/bandpass_n20002_cRA_V2_V5_independent_rms_s0.npz,76064,d9b72db9790ec1e97b957a637933671841544add34973979d3cd28d3ad095415
resnet,mixed,43,bandpass_n20002_cRA_V2_V5_electrode_s20,phase2/results/predictions/full/mixed/resnet/seed_43/bandpass_n20002_cRA_V2_V5_electrode_s20.npz,76572,469a4486d7897f492ec4c9303c517ca7cff7276b9953b7530487b9181064a24b
resnet,mixed,43,bandpass_n20002_cRA_V2_V5_electrode_s15,phase2/results/predictions/full/mixed/resnet/seed_43/bandpass_n20002_cRA_V2_V5_electrode_s15.npz,76573,52f7140fe2c2e4a4dceedef44c75db921f0765ac94646da9295cdd4c915d9372
resnet,mixed,43,bandpass_n20002_cRA_V2_V5_electrode_s10,phase2/results/predictions/full/mixed/resnet/seed_43/bandpass_n20002_cRA_V2_V5_electrode_s10.npz,76439,c14149758ef9ac8431ab521f621fdca49811e944fbcd72bb7aa80c4df37e484f
resnet,mixed,43,bandpass_n20002_cRA_V2_V5_electrode_s5,phase2/results/predictions/full/mixed/resnet/seed_43/bandpass_n20002_cRA_V2_V5_electrode_s5.npz,76299,91c747b65cc67a06035b2075aa563b5a07955ff95071240f20273c8f08046fce
resnet,mixed,43,bandpass_n20002_cRA_V2_V5_electrode_s0,phase2/results/predictions/full/mixed/resnet/seed_43/bandpass_n20002_cRA_V2_V5_electrode_s0.npz,75985,973b7161fb3cb8d1517b03bb40832c40463e1a144350cae02fad8559ac065505
resnet,mixed,43,bandpass_n20002_cRA_V2_V5_covariance_s20,phase2/results/predictions/full/mixed/resnet/seed_43/bandpass_n20002_cRA_V2_V5_covariance_s20.npz,76546,20b4f5e049d3f68d2f2e715850c40f559a4635b17e7cf98a1af036dab0c12fa9
resnet,mixed,43,bandpass_n20002_cRA_V2_V5_covariance_s15,phase2/results/predictions/full/mixed/resnet/seed_43/bandpass_n20002_cRA_V2_V5_covariance_s15.npz,76541,b2d3fbd81abd78c6eff7c63fa668fec873c6b6028a4a3734e220184155f6051d
resnet,mixed,43,bandpass_n20002_cRA_V2_V5_covariance_s10,phase2/results/predictions/full/mixed/resnet/seed_43/bandpass_n20002_cRA_V2_V5_covariance_s10.npz,76474,ba600496435a95c5b28177114cd1e2f4cd388f0205ad93eb42ff82a62a480058
resnet,mixed,43,bandpass_n20002_cRA_V2_V5_covariance_s5,phase2/results/predictions/full/mixed/resnet/seed_43/bandpass_n20002_cRA_V2_V5_covariance_s5.npz,76318,1bbb084a2ca839de03691a460fcda507808c17c64894718a3feddc492bb92db4
resnet,mixed,43,bandpass_n20002_cRA_V2_V5_covariance_s0,phase2/results/predictions/full/mixed/resnet/seed_43/bandpass_n20002_cRA_V2_V5_covariance_s0.npz,75999,f97f94b6cae414614d851140a7d5a3dcb06850c4916b3a619b95c6ccc869a6c1
resnet,mixed,43,bandpass_n20002_cLA_V3_V6_independent_rms_s20,phase2/results/predictions/full/mixed/resnet/seed_43/bandpass_n20002_cLA_V3_V6_independent_rms_s20.npz,76588,8ee652b653c89a466c1188ccc9e22578a0911895f6f9c7f1974a960f49ed153a
resnet,mixed,43,bandpass_n20002_cLA_V3_V6_independent_rms_s15,phase2/results/predictions/full/mixed/resnet/seed_43/bandpass_n20002_cLA_V3_V6_independent_rms_s15.npz,76537,047087959ead7281ab8d58c2bec42fdbcd59e639b08072750d2176b96bd3177c
resnet,mixed,43,bandpass_n20002_cLA_V3_V6_independent_rms_s10,phase2/results/predictions/full/mixed/resnet/seed_43/bandpass_n20002_cLA_V3_V6_independent_rms_s10.npz,76478,66f11e47ce88ef3e5d6c4820e9d2e18031a3fb93f52749788ed4fa6aeb1c78aa
resnet,mixed,43,bandpass_n20002_cLA_V3_V6_independent_rms_s5,phase2/results/predictions/full/mixed/resnet/seed_43/bandpass_n20002_cLA_V3_V6_independent_rms_s5.npz,76386,bb020a394ba8db27ef29c8f11f194407136718cde4eee7ba92280c0c7b05493b
resnet,mixed,43,bandpass_n20002_cLA_V3_V6_independent_rms_s0,phase2/results/predictions/full/mixed/resnet/seed_43/bandpass_n20002_cLA_V3_V6_independent_rms_s0.npz,76053,c1d41f32fbdf710d3630064eeb7132f3449866f461275cd810dd44dd589c473c
resnet,mixed,43,bandpass_n20002_cLA_V3_V6_electrode_s20,phase2/results/predictions/full/mixed/resnet/seed_43/bandpass_n20002_cLA_V3_V6_electrode_s20.npz,76548,983d31f5d48b8e71d681ffe35e5ce8da93965ab0edc622f468c8e786fc22e0d1
resnet,mixed,43,bandpass_n20002_cLA_V3_V6_electrode_s15,phase2/results/predictions/full/mixed/resnet/seed_43/bandpass_n20002_cLA_V3_V6_electrode_s15.npz,76528,213d03a20fabc502486ed8f03805856825c602293f5aa8e7815ffc86d47047a4
resnet,mixed,43,bandpass_n20002_cLA_V3_V6_electrode_s10,phase2/results/predictions/full/mixed/resnet/seed_43/bandpass_n20002_cLA_V3_V6_electrode_s10.npz,76506,7e87d1efa6a57b912886d648c669e00461cfd1253b90c7f59a32b494cd90af08
resnet,mixed,43,bandpass_n20002_cLA_V3_V6_electrode_s5,phase2/results/predictions/full/mixed/resnet/seed_43/bandpass_n20002_cLA_V3_V6_electrode_s5.npz,76286,3e57afa6a53d3f4de898aacb2e270fb6e825af2557129c4db5f9ab809faf6ca5
resnet,mixed,43,bandpass_n20002_cLA_V3_V6_electrode_s0,phase2/results/predictions/full/mixed/resnet/seed_43/bandpass_n20002_cLA_V3_V6_electrode_s0.npz,75940,75e0b2c2b57eae9df2b9f4a6bb6b8c894274185b784360d2b3d420c2096f4db3
resnet,mixed,43,bandpass_n20002_cLA_V3_V6_covariance_s20,phase2/results/predictions/full/mixed/resnet/seed_43/bandpass_n20002_cLA_V3_V6_covariance_s20.npz,76570,12f81023626755c05d6470083386a89a0fc83046dab6c6660cd035ed1ae51374
resnet,mixed,43,bandpass_n20002_cLA_V3_V6_covariance_s15,phase2/results/predictions/full/mixed/resnet/seed_43/bandpass_n20002_cLA_V3_V6_covariance_s15.npz,76546,fc2a52fa1db0cfe88953b9782b05cca26d92151c25f549ece753a813ae230291
resnet,mixed,43,bandpass_n20002_cLA_V3_V6_covariance_s10,phase2/results/predictions/full/mixed/resnet/seed_43/bandpass_n20002_cLA_V3_V6_covariance_s10.npz,76489,837bb17c0bda6694fa7e6da9d031d66129b1edf152cea0bfe3c40f154612160c
resnet,mixed,43,bandpass_n20002_cLA_V3_V6_covariance_s5,phase2/results/predictions/full/mixed/resnet/seed_43/bandpass_n20002_cLA_V3_V6_covariance_s5.npz,76315,33bd88ac103ab24dfeb2faa5d8bbaec04d0bbf6e06f2f223fe07add7f8064dda
resnet,mixed,43,bandpass_n20002_cLA_V3_V6_covariance_s0,phase2/results/predictions/full/mixed/resnet/seed_43/bandpass_n20002_cLA_V3_V6_covariance_s0.npz,75895,c8518bbfeb247912f2619f9a4f988b6ddec77c78b054690e010fe72f6261b699
resnet,mixed,43,bandpass_n20002_cLL_V1_V4_independent_rms_s20,phase2/results/predictions/full/mixed/resnet/seed_43/bandpass_n20002_cLL_V1_V4_independent_rms_s20.npz,76582,c6d0ab576e8eb0d9198a468517509f9637c8163fc2d557ae0e967aab50930456
resnet,mixed,43,bandpass_n20002_cLL_V1_V4_independent_rms_s15,phase2/results/predictions/full/mixed/resnet/seed_43/bandpass_n20002_cLL_V1_V4_independent_rms_s15.npz,76531,876e0c4a9c6f694eccb94a1a3e566f67961f1758abe1cd455cd548b32a54e567
resnet,mixed,43,bandpass_n20002_cLL_V1_V4_independent_rms_s10,phase2/results/predictions/full/mixed/resnet/seed_43/bandpass_n20002_cLL_V1_V4_independent_rms_s10.npz,76543,1ad985d92b1154f1521d400c87a356221e9d54d29a53f1bd4bebad895135a860
resnet,mixed,43,bandpass_n20002_cLL_V1_V4_independent_rms_s5,phase2/results/predictions/full/mixed/resnet/seed_43/bandpass_n20002_cLL_V1_V4_independent_rms_s5.npz,76342,b1bd0d6cdf764fb261e78b8462c2333da296f53a57b988bf01568652021cd53c
resnet,mixed,43,bandpass_n20002_cLL_V1_V4_independent_rms_s0,phase2/results/predictions/full/mixed/resnet/seed_43/bandpass_n20002_cLL_V1_V4_independent_rms_s0.npz,75962,0bb5d6c96cfeba22fde9e685e269f777847df22c43e6dcf05ec6c89ec1f66790
resnet,mixed,43,bandpass_n20002_cLL_V1_V4_electrode_s20,phase2/results/predictions/full/mixed/resnet/seed_43/bandpass_n20002_cLL_V1_V4_electrode_s20.npz,76531,edc880dc86a6fa5f558940b752e5c194a7028d90f17a05b3d24c8eb16e000577
resnet,mixed,43,bandpass_n20002_cLL_V1_V4_electrode_s15,phase2/results/predictions/full/mixed/resnet/seed_43/bandpass_n20002_cLL_V1_V4_electrode_s15.npz,76517,6792362d9327c0bca6faf6b8bc794d2e6b6631c0a845ffc6aee432c9e65638d6
resnet,mixed,43,bandpass_n20002_cLL_V1_V4_electrode_s10,phase2/results/predictions/full/mixed/resnet/seed_43/bandpass_n20002_cLL_V1_V4_electrode_s10.npz,76436,2536d42fe8595c8a36d00d29f2f1ac3f9d2da244da2f8be68bd14d90c83f2ada
resnet,mixed,43,bandpass_n20002_cLL_V1_V4_electrode_s5,phase2/results/predictions/full/mixed/resnet/seed_43/bandpass_n20002_cLL_V1_V4_electrode_s5.npz,76219,a49b80e1edae86697cf4dcee9463cd65861d2fccb9ec05800124034606b003c3
resnet,mixed,43,bandpass_n20002_cLL_V1_V4_electrode_s0,phase2/results/predictions/full/mixed/resnet/seed_43/bandpass_n20002_cLL_V1_V4_electrode_s0.npz,75725,ae53ff90421521a5f66ad26a21666c06198949c7daa39191a83826daa5ec30a7
resnet,mixed,43,bandpass_n20002_cLL_V1_V4_covariance_s20,phase2/results/predictions/full/mixed/resnet/seed_43/bandpass_n20002_cLL_V1_V4_covariance_s20.npz,76544,451a3bdfb6d55baf58a7e9cf852a6daf31562906bb9ef8c5582a6028a779dea7
resnet,mixed,43,bandpass_n20002_cLL_V1_V4_covariance_s15,phase2/results/predictions/full/mixed/resnet/seed_43/bandpass_n20002_cLL_V1_V4_covariance_s15.npz,76512,0d6af78f623f119a2893c0aab747d93141878699a74c6e5e4a8009a7b2deb3b5
resnet,mixed,43,bandpass_n20002_cLL_V1_V4_covariance_s10,phase2/results/predictions/full/mixed/resnet/seed_43/bandpass_n20002_cLL_V1_V4_covariance_s10.npz,76439,45cbd35de47e3e6d2717c3a5126cdb6ad9207cab86395e9170400d536200f46f
resnet,mixed,43,bandpass_n20002_cLL_V1_V4_covariance_s5,phase2/results/predictions/full/mixed/resnet/seed_43/bandpass_n20002_cLL_V1_V4_covariance_s5.npz,76193,099160bd1eecf8d2e635f6e0d1ac623ac1213426e0944d23435a7b6dc3e2e812
resnet,mixed,43,bandpass_n20002_cLL_V1_V4_covariance_s0,phase2/results/predictions/full/mixed/resnet/seed_43/bandpass_n20002_cLL_V1_V4_covariance_s0.npz,75744,74170db096427748c28b6b5a3fd5d042ef0111d2cc7f5904fc5cf6c9df549342
resnet,mixed,43,bandpass_n20002_call_independent_rms_s20,phase2/results/predictions/full/mixed/resnet/seed_43/bandpass_n20002_call_independent_rms_s20.npz,76558,fb2e1da631a597f38c45bc7217fbbb76cc988566321a20b25098afcf55a5f5b0
resnet,mixed,43,bandpass_n20002_call_independent_rms_s15,phase2/results/predictions/full/mixed/resnet/seed_43/bandpass_n20002_call_independent_rms_s15.npz,76544,9dad4917ec213513844f119424f88e0a4bdcf56af221ed0f28d233b5e8809f62
resnet,mixed,43,bandpass_n20002_call_independent_rms_s10,phase2/results/predictions/full/mixed/resnet/seed_43/bandpass_n20002_call_independent_rms_s10.npz,76491,52982e193b05285a57696a69b7f7af712351ebef04e1f0ef96b0083dfc09c970
resnet,mixed,43,bandpass_n20002_call_independent_rms_s5,phase2/results/predictions/full/mixed/resnet/seed_43/bandpass_n20002_call_independent_rms_s5.npz,76338,96c1bff590ae737eb6339cd928806a23529134376f45d9cf5e7aa4c210c775cd
resnet,mixed,43,bandpass_n20002_call_independent_rms_s0,phase2/results/predictions/full/mixed/resnet/seed_43/bandpass_n20002_call_independent_rms_s0.npz,75975,ca3f56f0389af0023f26bfdf3a99bf02d6c83f8ca8131c9ebf559dcfb5578c35
resnet,mixed,43,bandpass_n20002_call_electrode_s20,phase2/results/predictions/full/mixed/resnet/seed_43/bandpass_n20002_call_electrode_s20.npz,76522,02439f95a3ff1815dfa8dae39ea405b38d9172a87df25c526ff0959caaecd36b
resnet,mixed,43,bandpass_n20002_call_electrode_s15,phase2/results/predictions/full/mixed/resnet/seed_43/bandpass_n20002_call_electrode_s15.npz,76510,29b4bf6a83adcc68c3e3f1feed9b8155217f60b083c4e4707dbb0016ddccdf23
resnet,mixed,43,bandpass_n20002_call_electrode_s10,phase2/results/predictions/full/mixed/resnet/seed_43/bandpass_n20002_call_electrode_s10.npz,76414,fa4a3ee46c73829d6ee661808866f0b09d018b6f05dfdbfbcab0900eb8734b2b
resnet,mixed,43,bandpass_n20002_call_electrode_s5,phase2/results/predictions/full/mixed/resnet/seed_43/bandpass_n20002_call_electrode_s5.npz,76208,28bac93e7b695cc957f4307b99c5ab0690e5ff9b5ec8fb0e51f0261717def103
resnet,mixed,43,bandpass_n20002_call_electrode_s0,phase2/results/predictions/full/mixed/resnet/seed_43/bandpass_n20002_call_electrode_s0.npz,75828,478e6944166f5b3666e1ef0cf06518c20cf6c4126e00dada7e7b2b094a19cd55
resnet,mixed,43,bandpass_n20002_call_covariance_s20,phase2/results/predictions/full/mixed/resnet/seed_43/bandpass_n20002_call_covariance_s20.npz,76529,f8e6c0a079028076eb29c713748b3831b6e681be50f0176974cc35ce894114bf
resnet,mixed,43,bandpass_n20002_call_covariance_s15,phase2/results/predictions/full/mixed/resnet/seed_43/bandpass_n20002_call_covariance_s15.npz,76536,6a55ba3be82e220f0a175a7b05040490e0ca016fe065bd9eabd514a2856a33e5
resnet,mixed,43,bandpass_n20002_call_covariance_s10,phase2/results/predictions/full/mixed/resnet/seed_43/bandpass_n20002_call_covariance_s10.npz,76429,44aba47ba4b7e23c2de219d640c2c48f35ee521f486b9a0ccd1078e4386ec629
resnet,mixed,43,bandpass_n20002_call_covariance_s5,phase2/results/predictions/full/mixed/resnet/seed_43/bandpass_n20002_call_covariance_s5.npz,76233,a10fa3600efc6274bc211774d8eaec2ae6e82e3cc82d40a2f8b4ce03cd28c728
resnet,mixed,43,bandpass_n20002_call_covariance_s0,phase2/results/predictions/full/mixed/resnet/seed_43/bandpass_n20002_call_covariance_s0.npz,75859,f531f920d546c4ca389f430bd8499095eb6527e560530b482acbcf3d1340aa2b
resnet,mixed,43,bandpass_n20003_cRA_LA_LL_independent_rms_s20,phase2/results/predictions/full/mixed/resnet/seed_43/bandpass_n20003_cRA_LA_LL_independent_rms_s20.npz,76576,82c2964d5c97eb422463b7d266e6f2b8b3bb93933c447984004097c46b7361ac
resnet,mixed,43,bandpass_n20003_cRA_LA_LL_independent_rms_s15,phase2/results/predictions/full/mixed/resnet/seed_43/bandpass_n20003_cRA_LA_LL_independent_rms_s15.npz,76578,7438e5ed0ea39ece18ea1573918860e45cf238167a07340f292e6d318f52805d
resnet,mixed,43,bandpass_n20003_cRA_LA_LL_independent_rms_s10,phase2/results/predictions/full/mixed/resnet/seed_43/bandpass_n20003_cRA_LA_LL_independent_rms_s10.npz,76501,46c2fdb0f22ede5e456f72accda90e5817b3aa69d63a6215cd2e321072c12f2a
resnet,mixed,43,bandpass_n20003_cRA_LA_LL_independent_rms_s5,phase2/results/predictions/full/mixed/resnet/seed_43/bandpass_n20003_cRA_LA_LL_independent_rms_s5.npz,76316,243e3a9a96a160800a09d0d62298a8f81a83e511db8aae54a30203e55896d823
resnet,mixed,43,bandpass_n20003_cRA_LA_LL_independent_rms_s0,phase2/results/predictions/full/mixed/resnet/seed_43/bandpass_n20003_cRA_LA_LL_independent_rms_s0.npz,76019,ab2ea8db20c385c31492f695652faab510713829468c476e00076c199c4f7ce6
resnet,mixed,43,bandpass_n20003_cRA_LA_LL_electrode_s20,phase2/results/predictions/full/mixed/resnet/seed_43/bandpass_n20003_cRA_LA_LL_electrode_s20.npz,76547,9cecf15658bd7d5c135a77032c6f88c894bee0845d8a3be5284ecf3374bd7772
resnet,mixed,43,bandpass_n20003_cRA_LA_LL_electrode_s15,phase2/results/predictions/full/mixed/resnet/seed_43/bandpass_n20003_cRA_LA_LL_electrode_s15.npz,76502,2c2438446a22dfe9211f2ffeb10a8895dbd16d150ea21fa6171f15c0564cf050
resnet,mixed,43,bandpass_n20003_cRA_LA_LL_electrode_s10,phase2/results/predictions/full/mixed/resnet/seed_43/bandpass_n20003_cRA_LA_LL_electrode_s10.npz,76431,d6504a7695b8a4f6dcc971e577d0bcb36b6041ef71a7bd75637230c3c4b1739e
resnet,mixed,43,bandpass_n20003_cRA_LA_LL_electrode_s5,phase2/results/predictions/full/mixed/resnet/seed_43/bandpass_n20003_cRA_LA_LL_electrode_s5.npz,76204,8e38702b143ee46f031b0b07993d678cc6de221d25eaf01fd008aaf8b3bca21d
resnet,mixed,43,bandpass_n20003_cRA_LA_LL_electrode_s0,phase2/results/predictions/full/mixed/resnet/seed_43/bandpass_n20003_cRA_LA_LL_electrode_s0.npz,75758,b07e0ba992efc850b6dd7e2cd32b3bf8d4c75b43f84ce90befec28508283a515
resnet,mixed,43,bandpass_n20003_cRA_LA_LL_covariance_s20,phase2/results/predictions/full/mixed/resnet/seed_43/bandpass_n20003_cRA_LA_LL_covariance_s20.npz,76561,be64e2428b4023d92de54b5089a41be89f05ea82e81b9d521f28566548c40cea
resnet,mixed,43,bandpass_n20003_cRA_LA_LL_covariance_s15,phase2/results/predictions/full/mixed/resnet/seed_43/bandpass_n20003_cRA_LA_LL_covariance_s15.npz,76530,6020b9454c17e9a99895878e7bf97646cf14b387a0ba3d498e80e4dc78062e2a
resnet,mixed,43,bandpass_n20003_cRA_LA_LL_covariance_s10,phase2/results/predictions/full/mixed/resnet/seed_43/bandpass_n20003_cRA_LA_LL_covariance_s10.npz,76413,0f75fed1d7d572e8e17b68522cae4bdf593545c81e9f9b0ed8c4f856ba30f301
resnet,mixed,43,bandpass_n20003_cRA_LA_LL_covariance_s5,phase2/results/predictions/full/mixed/resnet/seed_43/bandpass_n20003_cRA_LA_LL_covariance_s5.npz,76230,bcacff79eb4d62fff42e0720b09657ca5c4a911f64c42fe4eb94b3f07e167e75
resnet,mixed,43,bandpass_n20003_cRA_LA_LL_covariance_s0,phase2/results/predictions/full/mixed/resnet/seed_43/bandpass_n20003_cRA_LA_LL_covariance_s0.npz,75829,5eab585a8ddad7a5c2d9e0acad0db5d2ac30a865a460f943314e7007319218d7
resnet,mixed,43,bandpass_n20003_cV1_independent_rms_s20,phase2/results/predictions/full/mixed/resnet/seed_43/bandpass_n20003_cV1_independent_rms_s20.npz,76544,7abd1571ddf9a633ed1c7fa5d626e22f42a4fe9717cfd5222a83055509e9223a
resnet,mixed,43,bandpass_n20003_cV1_independent_rms_s15,phase2/results/predictions/full/mixed/resnet/seed_43/bandpass_n20003_cV1_independent_rms_s15.npz,76540,e817a5accbe13b4ba062b81fae284dfd67afd898d7df3290545c98798a75ba3b
resnet,mixed,43,bandpass_n20003_cV1_independent_rms_s10,phase2/results/predictions/full/mixed/resnet/seed_43/bandpass_n20003_cV1_independent_rms_s10.npz,76514,fb9c91c7c6affa576121bce793bee8844e0f3379b849232f9b460b3be46266fe
resnet,mixed,43,bandpass_n20003_cV1_independent_rms_s5,phase2/results/predictions/full/mixed/resnet/seed_43/bandpass_n20003_cV1_independent_rms_s5.npz,76340,5fbc4ab515a01384eacbde0e3cf3eb74c1a741ec34865f5847c79e7ffe3f632b
resnet,mixed,43,bandpass_n20003_cV1_independent_rms_s0,phase2/results/predictions/full/mixed/resnet/seed_43/bandpass_n20003_cV1_independent_rms_s0.npz,75879,d894d336a560ea82d9af1e1c9c0e0726869dd93d30577de4c751201db8f9cbeb
resnet,mixed,43,bandpass_n20003_cV1_electrode_s20,phase2/results/predictions/full/mixed/resnet/seed_43/bandpass_n20003_cV1_electrode_s20.npz,76510,849044bbc34508841c2648ca9a54fa8a860640468354bba731cc86b3407ee5d1
resnet,mixed,43,bandpass_n20003_cV1_electrode_s15,phase2/results/predictions/full/mixed/resnet/seed_43/bandpass_n20003_cV1_electrode_s15.npz,76538,90668253ac888a1c2d81b495dada33aa9099f65f116d2eb002501dff65766c05
resnet,mixed,43,bandpass_n20003_cV1_electrode_s10,phase2/results/predictions/full/mixed/resnet/seed_43/bandpass_n20003_cV1_electrode_s10.npz,76496,b00ce19e62a376941229689a8b15e6dd8d8e7034569bbed94da474021461816a
resnet,mixed,43,bandpass_n20003_cV1_electrode_s5,phase2/results/predictions/full/mixed/resnet/seed_43/bandpass_n20003_cV1_electrode_s5.npz,76289,234fc04070095267bc9857294a6ec0a3ac30c3301b0924c11fdee1acecf706e6
resnet,mixed,43,bandpass_n20003_cV1_electrode_s0,phase2/results/predictions/full/mixed/resnet/seed_43/bandpass_n20003_cV1_electrode_s0.npz,75892,fbfd5d408cc81db0de20730d8ad4bac6fe7aed13f377eec3d1d14cd4e4a26f04
resnet,mixed,43,bandpass_n20003_cV1_covariance_s20,phase2/results/predictions/full/mixed/resnet/seed_43/bandpass_n20003_cV1_covariance_s20.npz,76517,b3a66bc3228e96e01b0ee7da7093dead62260da4c91ed11b552e400946883ff9
resnet,mixed,43,bandpass_n20003_cV1_covariance_s15,phase2/results/predictions/full/mixed/resnet/seed_43/bandpass_n20003_cV1_covariance_s15.npz,76531,21bbeaaa176db454c4c41b10f7c418c5c50251c56e49d90ce1863edb34698acc
resnet,mixed,43,bandpass_n20003_cV1_covariance_s10,phase2/results/predictions/full/mixed/resnet/seed_43/bandpass_n20003_cV1_covariance_s10.npz,76459,1b31d40e37f0c1acdd9dee76c4da2e960f075a998c09ea3040aab4c7ffe3e12b
resnet,mixed,43,bandpass_n20003_cV1_covariance_s5,phase2/results/predictions/full/mixed/resnet/seed_43/bandpass_n20003_cV1_covariance_s5.npz,76283,2bdfbb6a559a0a007101a52b8a633626c33493241198ac35ba8bb63f3b1332cc
resnet,mixed,43,bandpass_n20003_cV1_covariance_s0,phase2/results/predictions/full/mixed/resnet/seed_43/bandpass_n20003_cV1_covariance_s0.npz,75873,36d518570a2b71e0c6f8d2472496e7a8de731c3e91a4130af5985e3853a8d6b0
resnet,mixed,43,bandpass_n20003_cV2_independent_rms_s20,phase2/results/predictions/full/mixed/resnet/seed_43/bandpass_n20003_cV2_independent_rms_s20.npz,76564,b2b92d41445a68c8c5d1d62d73269b2d3195383cdf24181015fc2af89665c889
resnet,mixed,43,bandpass_n20003_cV2_independent_rms_s15,phase2/results/predictions/full/mixed/resnet/seed_43/bandpass_n20003_cV2_independent_rms_s15.npz,76545,ce5dcb6b12854903d29f77affd9e8da54c0c80e4edd97799efa1410a9ea2608e
resnet,mixed,43,bandpass_n20003_cV2_independent_rms_s10,phase2/results/predictions/full/mixed/resnet/seed_43/bandpass_n20003_cV2_independent_rms_s10.npz,76511,cd30ff7a7cb5429531c819c08cdf5172a2aa1d50ca0e5163d569656100e3d4d9
resnet,mixed,43,bandpass_n20003_cV2_independent_rms_s5,phase2/results/predictions/full/mixed/resnet/seed_43/bandpass_n20003_cV2_independent_rms_s5.npz,76333,42c90bad820fe952c542b5e35f2f9c5288cc3169562aa22163f3764daf4b6846
resnet,mixed,43,bandpass_n20003_cV2_independent_rms_s0,phase2/results/predictions/full/mixed/resnet/seed_43/bandpass_n20003_cV2_independent_rms_s0.npz,75972,138cb62ce37f7e0d8794bcaeb044b56f0d55410b5dd6b0bbb2c08ea361ac4a17
resnet,mixed,43,bandpass_n20003_cV2_electrode_s20,phase2/results/predictions/full/mixed/resnet/seed_43/bandpass_n20003_cV2_electrode_s20.npz,76551,6cf4fc34bcd790404ebf0085f485fe58c6d72a36a9df6fc9880a37f4d2779081
resnet,mixed,43,bandpass_n20003_cV2_electrode_s15,phase2/results/predictions/full/mixed/resnet/seed_43/bandpass_n20003_cV2_electrode_s15.npz,76531,50e1a1185752bf757ff4e662c98e03c79b100333c308ff3ec0fa68c7d73bb285
resnet,mixed,43,bandpass_n20003_cV2_electrode_s10,phase2/results/predictions/full/mixed/resnet/seed_43/bandpass_n20003_cV2_electrode_s10.npz,76458,c3c77694cfea4356bda9de642f707d30df436cba6acc86a41f46f7193fffbd21
resnet,mixed,43,bandpass_n20003_cV2_electrode_s5,phase2/results/predictions/full/mixed/resnet/seed_43/bandpass_n20003_cV2_electrode_s5.npz,76323,981767d97c02776754eb396472c303aedc07fe99760ffc70e23a9774df7575ff
resnet,mixed,43,bandpass_n20003_cV2_electrode_s0,phase2/results/predictions/full/mixed/resnet/seed_43/bandpass_n20003_cV2_electrode_s0.npz,75975,333e4e8825bc01e53550e10c7f701798e422c4eb2042766f73e002d4d8bacc90
resnet,mixed,43,bandpass_n20003_cV2_covariance_s20,phase2/results/predictions/full/mixed/resnet/seed_43/bandpass_n20003_cV2_covariance_s20.npz,76541,4ded45cce1cf588dc0aa54d8163ec98854d0b48e4ffa19e5c5d84dcb02421115
resnet,mixed,43,bandpass_n20003_cV2_covariance_s15,phase2/results/predictions/full/mixed/resnet/seed_43/bandpass_n20003_cV2_covariance_s15.npz,76492,43549c5c45f2e60633457c48aa23702bbb00778de058b831ce4dad8e5c359878
resnet,mixed,43,bandpass_n20003_cV2_covariance_s10,phase2/results/predictions/full/mixed/resnet/seed_43/bandpass_n20003_cV2_covariance_s10.npz,76454,a8f2c7ba6823b41417b68b148871dd25bf5fcf44743bb465f6a2e75e7126f4b1
resnet,mixed,43,bandpass_n20003_cV2_covariance_s5,phase2/results/predictions/full/mixed/resnet/seed_43/bandpass_n20003_cV2_covariance_s5.npz,76299,c6b28df843e6fe2a9960d6bce6bff498156b0798375ec628996304dfe4c81866
resnet,mixed,43,bandpass_n20003_cV2_covariance_s0,phase2/results/predictions/full/mixed/resnet/seed_43/bandpass_n20003_cV2_covariance_s0.npz,76014,7c2bbed24cb2a5a57dc7ad13a3d2dc8855d80172e653c60f0377a933a7ada5df
resnet,mixed,43,bandpass_n20003_cV3_independent_rms_s20,phase2/results/predictions/full/mixed/resnet/seed_43/bandpass_n20003_cV3_independent_rms_s20.npz,76577,f309f6738ebaad0f23d9cd72e82cafc39ac5673072df6444d74d445ffdff4ad2
resnet,mixed,43,bandpass_n20003_cV3_independent_rms_s15,phase2/results/predictions/full/mixed/resnet/seed_43/bandpass_n20003_cV3_independent_rms_s15.npz,76549,ad344959d614d807991e38499e553f850a05bf7a1e02bf419fa188ad7709ec97
resnet,mixed,43,bandpass_n20003_cV3_independent_rms_s10,phase2/results/predictions/full/mixed/resnet/seed_43/bandpass_n20003_cV3_independent_rms_s10.npz,76508,cf510bf4a69e8e78a0a2ca18892914c6a6052c095dbbd3b82d0ccff24d2da78c
resnet,mixed,43,bandpass_n20003_cV3_independent_rms_s5,phase2/results/predictions/full/mixed/resnet/seed_43/bandpass_n20003_cV3_independent_rms_s5.npz,76379,cc595b5376637fdef3c4e393a049b4ee4b7cf2432c366827dfdb491cbb3edd64
resnet,mixed,43,bandpass_n20003_cV3_independent_rms_s0,phase2/results/predictions/full/mixed/resnet/seed_43/bandpass_n20003_cV3_independent_rms_s0.npz,76159,bc229ccd07660f8f268106c1b39373128bcc7590b6c88fbea099185f0fe17667
resnet,mixed,43,bandpass_n20003_cV3_electrode_s20,phase2/results/predictions/full/mixed/resnet/seed_43/bandpass_n20003_cV3_electrode_s20.npz,76559,2c9dc7c94ce57d09e9bbf4ec036372ab78f06f2c5b944be0069ad09a561f6e4c
resnet,mixed,43,bandpass_n20003_cV3_electrode_s15,phase2/results/predictions/full/mixed/resnet/seed_43/bandpass_n20003_cV3_electrode_s15.npz,76541,020bb1570d41ae45ef53ec6a20cb0f062e556ba28367e9cbef5cd35d20432b2f
resnet,mixed,43,bandpass_n20003_cV3_electrode_s10,phase2/results/predictions/full/mixed/resnet/seed_43/bandpass_n20003_cV3_electrode_s10.npz,76490,8040bcb7bfcd76cac09d47c88c2c6f95638b61cce5807eb19d89b705d2b87780
resnet,mixed,43,bandpass_n20003_cV3_electrode_s5,phase2/results/predictions/full/mixed/resnet/seed_43/bandpass_n20003_cV3_electrode_s5.npz,76399,88869538980b9fb842ef9e2dab9b0ed0c4c67ce9897d1cc3ccf3816c9368b5c7
resnet,mixed,43,bandpass_n20003_cV3_electrode_s0,phase2/results/predictions/full/mixed/resnet/seed_43/bandpass_n20003_cV3_electrode_s0.npz,76128,a6a86992a57af386f7c3796f41066d6926a7cba7ffcb72482f8c72b38f02a0bf
resnet,mixed,43,bandpass_n20003_cV3_covariance_s20,phase2/results/predictions/full/mixed/resnet/seed_43/bandpass_n20003_cV3_covariance_s20.npz,76543,d5877dd95a1da3a83dd13b128b0f472a9894ac61cd44f5a1262bb8312bfac4dc
resnet,mixed,43,bandpass_n20003_cV3_covariance_s15,phase2/results/predictions/full/mixed/resnet/seed_43/bandpass_n20003_cV3_covariance_s15.npz,76536,a862e1073dc2d99d9337b9b2c5221f506e428713e7367b2fd4d80cfb549538e8
resnet,mixed,43,bandpass_n20003_cV3_covariance_s10,phase2/results/predictions/full/mixed/resnet/seed_43/bandpass_n20003_cV3_covariance_s10.npz,76514,324ae2ec98eabff009519ece3e904b67cb686fd3ed3a2a3f141a7083b6ed9b6f
resnet,mixed,43,bandpass_n20003_cV3_covariance_s5,phase2/results/predictions/full/mixed/resnet/seed_43/bandpass_n20003_cV3_covariance_s5.npz,76373,d594e8bb1a0b0eeaa3443508871e497832cb604acc52a30890de7a2c0a194307
resnet,mixed,43,bandpass_n20003_cV3_covariance_s0,phase2/results/predictions/full/mixed/resnet/seed_43/bandpass_n20003_cV3_covariance_s0.npz,76134,2a799c693b716d96719d126cec54592a6def4ce19b1c65e320bae61f941d9e9e
resnet,mixed,43,bandpass_n20003_cV4_independent_rms_s20,phase2/results/predictions/full/mixed/resnet/seed_43/bandpass_n20003_cV4_independent_rms_s20.npz,76577,31974c72ca63f77ba6626ff9446f95e6d935e0584b3c335f4c274d478f77edab
resnet,mixed,43,bandpass_n20003_cV4_independent_rms_s15,phase2/results/predictions/full/mixed/resnet/seed_43/bandpass_n20003_cV4_independent_rms_s15.npz,76545,8f8bfb9f890fc247582659dff635c164155c0fb61d048c823e615067469781fd
resnet,mixed,43,bandpass_n20003_cV4_independent_rms_s10,phase2/results/predictions/full/mixed/resnet/seed_43/bandpass_n20003_cV4_independent_rms_s10.npz,76491,c2696dc735e73018eeece3bcae45a18bdd6b6f1c815ccef932675bb441b2e376
resnet,mixed,43,bandpass_n20003_cV4_independent_rms_s5,phase2/results/predictions/full/mixed/resnet/seed_43/bandpass_n20003_cV4_independent_rms_s5.npz,76346,b084269eefecf174b0e190b6edad10a1a5f6f7ea8e776cfc1bd9667cfd49578a
resnet,mixed,43,bandpass_n20003_cV4_independent_rms_s0,phase2/results/predictions/full/mixed/resnet/seed_43/bandpass_n20003_cV4_independent_rms_s0.npz,76071,5b1d6b2a152089b8cbeed1067c5cff0ba171dc3c7262ddec774b7d491638d5dd
resnet,mixed,43,bandpass_n20003_cV4_electrode_s20,phase2/results/predictions/full/mixed/resnet/seed_43/bandpass_n20003_cV4_electrode_s20.npz,76568,5068308ec6b5a8e84d6894be558b956c92cd542328c51e8f749a0c243369ecc4
resnet,mixed,43,bandpass_n20003_cV4_electrode_s15,phase2/results/predictions/full/mixed/resnet/seed_43/bandpass_n20003_cV4_electrode_s15.npz,76531,efd9fb0b32068c0aad47a3eee67225f6f7bb865c11d8e38fdf775e33688ff025
resnet,mixed,43,bandpass_n20003_cV4_electrode_s10,phase2/results/predictions/full/mixed/resnet/seed_43/bandpass_n20003_cV4_electrode_s10.npz,76494,16840890b93aeaec87cd59ebef23dc4db24d375363f880fd7aac19246651326e
resnet,mixed,43,bandpass_n20003_cV4_electrode_s5,phase2/results/predictions/full/mixed/resnet/seed_43/bandpass_n20003_cV4_electrode_s5.npz,76359,09c45a2302cbaf780785fc4a21242de31320901dabcbc08d9000ff0cac1628a8
resnet,mixed,43,bandpass_n20003_cV4_electrode_s0,phase2/results/predictions/full/mixed/resnet/seed_43/bandpass_n20003_cV4_electrode_s0.npz,76057,dedda09a147ecd4662da0e8f66ef05f1fcf2cc68493adcd68e13d4f8b251667e
resnet,mixed,43,bandpass_n20003_cV4_covariance_s20,phase2/results/predictions/full/mixed/resnet/seed_43/bandpass_n20003_cV4_covariance_s20.npz,76536,9939ca93db1df2b4cd6635d74b8a8b347d8bd020ae89775d18547d54d48d15b1
resnet,mixed,43,bandpass_n20003_cV4_covariance_s15,phase2/results/predictions/full/mixed/resnet/seed_43/bandpass_n20003_cV4_covariance_s15.npz,76523,3eab86729c12ef41e6252ee990b0bcf06043afda5c95b7ab3fc740d10bc774e0
resnet,mixed,43,bandpass_n20003_cV4_covariance_s10,phase2/results/predictions/full/mixed/resnet/seed_43/bandpass_n20003_cV4_covariance_s10.npz,76464,868f00a277d80afde77b4b14a9a8f768a505b82be0ffbfaff7b01b20c241b633
resnet,mixed,43,bandpass_n20003_cV4_covariance_s5,phase2/results/predictions/full/mixed/resnet/seed_43/bandpass_n20003_cV4_covariance_s5.npz,76348,df166fd6ab66a7d3106e9fe9be39fd9e9fcbb651ddf90a941b7bf3271a77690e
resnet,mixed,43,bandpass_n20003_cV4_covariance_s0,phase2/results/predictions/full/mixed/resnet/seed_43/bandpass_n20003_cV4_covariance_s0.npz,76102,504489e9e92b4cfd860a17ab7ac560a3cc5ad3062616d6f767edcb0101b809e1
resnet,mixed,43,bandpass_n20003_cV5_independent_rms_s20,phase2/results/predictions/full/mixed/resnet/seed_43/bandpass_n20003_cV5_independent_rms_s20.npz,76557,dbffa473e3b5da9f28499ca06f67c8579cd0494c34c1d575a1ca1e2a82e24556
resnet,mixed,43,bandpass_n20003_cV5_independent_rms_s15,phase2/results/predictions/full/mixed/resnet/seed_43/bandpass_n20003_cV5_independent_rms_s15.npz,76522,d4f446f717f49c2181ac3b7f4fd77bb9745b3b79de39baa09b82ddad8d8d70f3
resnet,mixed,43,bandpass_n20003_cV5_independent_rms_s10,phase2/results/predictions/full/mixed/resnet/seed_43/bandpass_n20003_cV5_independent_rms_s10.npz,76504,2bf295ba1106cf5507a07a95f67c97f89200830f25c0d97cfc72c84c00ce9595
resnet,mixed,43,bandpass_n20003_cV5_independent_rms_s5,phase2/results/predictions/full/mixed/resnet/seed_43/bandpass_n20003_cV5_independent_rms_s5.npz,76343,202ba40694c039d6eee924e0d62a892187b1b93864bfa136617de6eb00880081
resnet,mixed,43,bandpass_n20003_cV5_independent_rms_s0,phase2/results/predictions/full/mixed/resnet/seed_43/bandpass_n20003_cV5_independent_rms_s0.npz,76007,64afb6ed876db3be39b3539344062bc7f6680b1c02f1f842907270ed48e330d3
resnet,mixed,43,bandpass_n20003_cV5_electrode_s20,phase2/results/predictions/full/mixed/resnet/seed_43/bandpass_n20003_cV5_electrode_s20.npz,76530,9adb9d4575d725e856a0205d51bcc131bca0c1e66af506ec5c125e92a2d9dfe8
resnet,mixed,43,bandpass_n20003_cV5_electrode_s15,phase2/results/predictions/full/mixed/resnet/seed_43/bandpass_n20003_cV5_electrode_s15.npz,76524,4a2c5ffc6469501020e11de3f9c6dab36c2c454387b09377d67b1bc7f727a089
resnet,mixed,43,bandpass_n20003_cV5_electrode_s10,phase2/results/predictions/full/mixed/resnet/seed_43/bandpass_n20003_cV5_electrode_s10.npz,76451,3da9fedc72737babc1ff9bd47e637098705ae9cf26f0de9a8faf8428aa8a8bc8
resnet,mixed,43,bandpass_n20003_cV5_electrode_s5,phase2/results/predictions/full/mixed/resnet/seed_43/bandpass_n20003_cV5_electrode_s5.npz,76334,f69bd4d33ce6cdcdd1f59324e8044b42877672973659c6a2c7f9048086255fbc
resnet,mixed,43,bandpass_n20003_cV5_electrode_s0,phase2/results/predictions/full/mixed/resnet/seed_43/bandpass_n20003_cV5_electrode_s0.npz,75974,38744d7a3beba9360540465b60fa46f59519a6a890fbb56df75dbdd9522b5030
resnet,mixed,43,bandpass_n20003_cV5_covariance_s20,phase2/results/predictions/full/mixed/resnet/seed_43/bandpass_n20003_cV5_covariance_s20.npz,76545,1cf58c85df46c01e43b0c9d283983e23d381b6eeec01b1f5e4a2fcc98fbe1171
resnet,mixed,43,bandpass_n20003_cV5_covariance_s15,phase2/results/predictions/full/mixed/resnet/seed_43/bandpass_n20003_cV5_covariance_s15.npz,76542,25984168fab460d4a3690568c17fc36a6f540e3fdc3b15e7f329271bf012219b
resnet,mixed,43,bandpass_n20003_cV5_covariance_s10,phase2/results/predictions/full/mixed/resnet/seed_43/bandpass_n20003_cV5_covariance_s10.npz,76480,53fc4d3b880a8ce38a6602265630eb820265f332787d6449f45c185a9735416f
resnet,mixed,43,bandpass_n20003_cV5_covariance_s5,phase2/results/predictions/full/mixed/resnet/seed_43/bandpass_n20003_cV5_covariance_s5.npz,76339,faa521502078d3f4fa999f324e9d9755548ded497891d4a2c2f4899dac4a548c
resnet,mixed,43,bandpass_n20003_cV5_covariance_s0,phase2/results/predictions/full/mixed/resnet/seed_43/bandpass_n20003_cV5_covariance_s0.npz,76034,c7453b0760c982b929a408bb577d1c7d53bd3622bef69e8a6b0dffbff6ceaa30
resnet,mixed,43,bandpass_n20003_cV6_independent_rms_s20,phase2/results/predictions/full/mixed/resnet/seed_43/bandpass_n20003_cV6_independent_rms_s20.npz,76550,c67ffe9bdb779aa3912a796f6f1b6b64b4cd1f33141bed9f65be695a84c5d245
resnet,mixed,43,bandpass_n20003_cV6_independent_rms_s15,phase2/results/predictions/full/mixed/resnet/seed_43/bandpass_n20003_cV6_independent_rms_s15.npz,76546,4fe1493ab0cad7467cde6c0b17ce991d470b7982a226d24ebdafb9309a91e5b3
resnet,mixed,43,bandpass_n20003_cV6_independent_rms_s10,phase2/results/predictions/full/mixed/resnet/seed_43/bandpass_n20003_cV6_independent_rms_s10.npz,76501,24cce42523a71fadfbb27b23745a4acb7f0cce8016fd7b1aa159018665c2f2ea
resnet,mixed,43,bandpass_n20003_cV6_independent_rms_s5,phase2/results/predictions/full/mixed/resnet/seed_43/bandpass_n20003_cV6_independent_rms_s5.npz,76360,cee7f6c027b3b688f4f50457ff1f772c38d7296c1d126cb95f38f0ffd08c400e
resnet,mixed,43,bandpass_n20003_cV6_independent_rms_s0,phase2/results/predictions/full/mixed/resnet/seed_43/bandpass_n20003_cV6_independent_rms_s0.npz,76055,af40c9ecf2563d4c2e1b69e8b9821ce5bf96acd6f51377cfd4ebed8dac6ce5a5
resnet,mixed,43,bandpass_n20003_cV6_electrode_s20,phase2/results/predictions/full/mixed/resnet/seed_43/bandpass_n20003_cV6_electrode_s20.npz,76557,f22c935449576ef66b17e9436fd9587b623e368b61f031cde8e71cc13372f1a5
resnet,mixed,43,bandpass_n20003_cV6_electrode_s15,phase2/results/predictions/full/mixed/resnet/seed_43/bandpass_n20003_cV6_electrode_s15.npz,76537,6329789997446729f0e897f083f8d561596094ac3dadd165d6a6de59640ac06d
resnet,mixed,43,bandpass_n20003_cV6_electrode_s10,phase2/results/predictions/full/mixed/resnet/seed_43/bandpass_n20003_cV6_electrode_s10.npz,76489,f8b9fcf7296d54fa1e29a778ef0e7e2d21dde9f16b04c0516c9004febddc357b
resnet,mixed,43,bandpass_n20003_cV6_electrode_s5,phase2/results/predictions/full/mixed/resnet/seed_43/bandpass_n20003_cV6_electrode_s5.npz,76331,e658ec22664538e88e796993b15ebb296666743d31de07b125a25f7dd61346de
resnet,mixed,43,bandpass_n20003_cV6_electrode_s0,phase2/results/predictions/full/mixed/resnet/seed_43/bandpass_n20003_cV6_electrode_s0.npz,76041,2b6ae54b3161fdf72be5b9e01ab8b9a2391e0d443459cb150dbfa817007555aa
resnet,mixed,43,bandpass_n20003_cV6_covariance_s20,phase2/results/predictions/full/mixed/resnet/seed_43/bandpass_n20003_cV6_covariance_s20.npz,76556,5a2aef28e48557ccad8b1aa57b00b048d5b27a93066074834e68820e69a42345
resnet,mixed,43,bandpass_n20003_cV6_covariance_s15,phase2/results/predictions/full/mixed/resnet/seed_43/bandpass_n20003_cV6_covariance_s15.npz,76551,8838ecbe697e49228f389285254b37d62f9ad91401ded71e55c496f13c50313e
resnet,mixed,43,bandpass_n20003_cV6_covariance_s10,phase2/results/predictions/full/mixed/resnet/seed_43/bandpass_n20003_cV6_covariance_s10.npz,76490,330ba0451e8fe4060ec73342908ae89a410627abdb0f158562d2560c05a9ebef
resnet,mixed,43,bandpass_n20003_cV6_covariance_s5,phase2/results/predictions/full/mixed/resnet/seed_43/bandpass_n20003_cV6_covariance_s5.npz,76370,dde5a9433d474fb916a514894c60851432208ab8596cbac64095bcfd130ac1ed
resnet,mixed,43,bandpass_n20003_cV6_covariance_s0,phase2/results/predictions/full/mixed/resnet/seed_43/bandpass_n20003_cV6_covariance_s0.npz,76060,c35d96fa1780192b65e806c40d2c21f3916e4b10862987aa866f4ecc66edbb1d
resnet,mixed,43,bandpass_n20003_cRA_LA_independent_rms_s20,phase2/results/predictions/full/mixed/resnet/seed_43/bandpass_n20003_cRA_LA_independent_rms_s20.npz,76608,a65385bcba21f15e786802dd4c886844f4cb3829550ba7464a873be6f78515fa
resnet,mixed,43,bandpass_n20003_cRA_LA_independent_rms_s15,phase2/results/predictions/full/mixed/resnet/seed_43/bandpass_n20003_cRA_LA_independent_rms_s15.npz,76587,516bd0e14e69afef92c959a1bfba82fb6be46a28af3d072749b90aebb2c724a0
resnet,mixed,43,bandpass_n20003_cRA_LA_independent_rms_s10,phase2/results/predictions/full/mixed/resnet/seed_43/bandpass_n20003_cRA_LA_independent_rms_s10.npz,76505,fe4aa0d218ee30cfc14214ca343b7ecf25d982dc77596ce866762697c588c2da
resnet,mixed,43,bandpass_n20003_cRA_LA_independent_rms_s5,phase2/results/predictions/full/mixed/resnet/seed_43/bandpass_n20003_cRA_LA_independent_rms_s5.npz,76335,b33571cbeeb97993ee652457de75c398816cea6fbad540408582c5dbb1af9e91
resnet,mixed,43,bandpass_n20003_cRA_LA_independent_rms_s0,phase2/results/predictions/full/mixed/resnet/seed_43/bandpass_n20003_cRA_LA_independent_rms_s0.npz,76067,ce7edcaf274357c22a5e8352a7453a05dbb7305c7dec8564ea39b4f59f22a2e6
resnet,mixed,43,bandpass_n20003_cRA_LA_electrode_s20,phase2/results/predictions/full/mixed/resnet/seed_43/bandpass_n20003_cRA_LA_electrode_s20.npz,76575,30a1e4f6969099cf4eed595dcd1abfd0f9cd1c33927b694d62c47356dc6fd628
resnet,mixed,43,bandpass_n20003_cRA_LA_electrode_s15,phase2/results/predictions/full/mixed/resnet/seed_43/bandpass_n20003_cRA_LA_electrode_s15.npz,76551,a6fbc492682076e84c69edd1696236bcb89c8123067181a3a5e518f12312cbfc
resnet,mixed,43,bandpass_n20003_cRA_LA_electrode_s10,phase2/results/predictions/full/mixed/resnet/seed_43/bandpass_n20003_cRA_LA_electrode_s10.npz,76464,7b5f54a547cbb765bf11ce1eb746ed1058407384865c49ea9617608660758557
resnet,mixed,43,bandpass_n20003_cRA_LA_electrode_s5,phase2/results/predictions/full/mixed/resnet/seed_43/bandpass_n20003_cRA_LA_electrode_s5.npz,76249,6170550a4436dc149ecf0af5d9f36b6e1c02e1265a9a25dde0571b3d6b423ca1
resnet,mixed,43,bandpass_n20003_cRA_LA_electrode_s0,phase2/results/predictions/full/mixed/resnet/seed_43/bandpass_n20003_cRA_LA_electrode_s0.npz,75914,e8c588daa1d23e1fa5e1ef57b24710fc7dce6e4225b869aac9cdb9541c720ec4
resnet,mixed,43,bandpass_n20003_cRA_LA_covariance_s20,phase2/results/predictions/full/mixed/resnet/seed_43/bandpass_n20003_cRA_LA_covariance_s20.npz,76568,a158ad7c8011226005938d46f9d7e2e742e5a37f226a3e7feb7239deb9586187
resnet,mixed,43,bandpass_n20003_cRA_LA_covariance_s15,phase2/results/predictions/full/mixed/resnet/seed_43/bandpass_n20003_cRA_LA_covariance_s15.npz,76518,6647670c403e0366db916d8c81ae60c70f92ed831845a92f0e9f8df62d55fce2
resnet,mixed,43,bandpass_n20003_cRA_LA_covariance_s10,phase2/results/predictions/full/mixed/resnet/seed_43/bandpass_n20003_cRA_LA_covariance_s10.npz,76433,8a8ac77606c3d7f609d13f846426c2748d82fe9f5de18153feb159668a80b156
resnet,mixed,43,bandpass_n20003_cRA_LA_covariance_s5,phase2/results/predictions/full/mixed/resnet/seed_43/bandpass_n20003_cRA_LA_covariance_s5.npz,76286,23370afb99acfda6524eb6a8f433f7763a706da6602bf8a168425b2c71a1e455
resnet,mixed,43,bandpass_n20003_cRA_LA_covariance_s0,phase2/results/predictions/full/mixed/resnet/seed_43/bandpass_n20003_cRA_LA_covariance_s0.npz,75941,103b36f918c7f07e301d97f63b445ad1b9fd34223d3b6245d9662083d0ccd98b
resnet,mixed,43,bandpass_n20003_cLA_LL_independent_rms_s20,phase2/results/predictions/full/mixed/resnet/seed_43/bandpass_n20003_cLA_LL_independent_rms_s20.npz,76594,c9d8f8e872186b0d096302d0ff8e2e34f1edc52eed80fa4db806ef0a2c849746
resnet,mixed,43,bandpass_n20003_cLA_LL_independent_rms_s15,phase2/results/predictions/full/mixed/resnet/seed_43/bandpass_n20003_cLA_LL_independent_rms_s15.npz,76535,7f631ce08f13883ba30dbf22af49b50c9856ac07aa4186ab54672e74ac881b5c
resnet,mixed,43,bandpass_n20003_cLA_LL_independent_rms_s10,phase2/results/predictions/full/mixed/resnet/seed_43/bandpass_n20003_cLA_LL_independent_rms_s10.npz,76472,8527b6694c499491e6c81f4e4fdbbed9cd4266323158f859ce6f8e22231dacd0
resnet,mixed,43,bandpass_n20003_cLA_LL_independent_rms_s5,phase2/results/predictions/full/mixed/resnet/seed_43/bandpass_n20003_cLA_LL_independent_rms_s5.npz,76329,f6494b0df3981fb4e677b13f171977e36b48c8d353a9f49caa5cd25261858f32
resnet,mixed,43,bandpass_n20003_cLA_LL_independent_rms_s0,phase2/results/predictions/full/mixed/resnet/seed_43/bandpass_n20003_cLA_LL_independent_rms_s0.npz,75975,e9eabf34aabb069e72c737407f5bdb9a3264938b04ca6546c6adb218a28c1242
resnet,mixed,43,bandpass_n20003_cLA_LL_electrode_s20,phase2/results/predictions/full/mixed/resnet/seed_43/bandpass_n20003_cLA_LL_electrode_s20.npz,76528,af09e0ae23ab60a676d575369008c52a2376d4ac66a5b29f3803c1d464bfdfad
resnet,mixed,43,bandpass_n20003_cLA_LL_electrode_s15,phase2/results/predictions/full/mixed/resnet/seed_43/bandpass_n20003_cLA_LL_electrode_s15.npz,76529,4ff959d05f8e1e771f9012267c36b0106d8b24255df7d9b14a77f2928d39c940
resnet,mixed,43,bandpass_n20003_cLA_LL_electrode_s10,phase2/results/predictions/full/mixed/resnet/seed_43/bandpass_n20003_cLA_LL_electrode_s10.npz,76398,83e427807fa51b6e1f41420e8c7c85b277711b90d1c3a41b9a2d142aec5124b8
resnet,mixed,43,bandpass_n20003_cLA_LL_electrode_s5,phase2/results/predictions/full/mixed/resnet/seed_43/bandpass_n20003_cLA_LL_electrode_s5.npz,76148,f164904f9b24676c72b9dc8a8c398240635f15a163af1a506b9a0c35eb800533
resnet,mixed,43,bandpass_n20003_cLA_LL_electrode_s0,phase2/results/predictions/full/mixed/resnet/seed_43/bandpass_n20003_cLA_LL_electrode_s0.npz,75740,99a5b22991ba38c84b790c2287d40f0d709941e0b1c284f7994b3dce6bcf59ba
resnet,mixed,43,bandpass_n20003_cLA_LL_covariance_s20,phase2/results/predictions/full/mixed/resnet/seed_43/bandpass_n20003_cLA_LL_covariance_s20.npz,76541,9b78728ca0f4020bbdcb1971bd177062bbbf10f31466679d728a3e869f97cf12
resnet,mixed,43,bandpass_n20003_cLA_LL_covariance_s15,phase2/results/predictions/full/mixed/resnet/seed_43/bandpass_n20003_cLA_LL_covariance_s15.npz,76512,b137c093cb3a4bb5de0cc9413c66a801c4becf741d31c4b6ba323dc3d66779c9
resnet,mixed,43,bandpass_n20003_cLA_LL_covariance_s10,phase2/results/predictions/full/mixed/resnet/seed_43/bandpass_n20003_cLA_LL_covariance_s10.npz,76404,5a9d9a6a9fbac769b6b616e9eb7755a8d644fc91935deb132385128fe5ff4a49
resnet,mixed,43,bandpass_n20003_cLA_LL_covariance_s5,phase2/results/predictions/full/mixed/resnet/seed_43/bandpass_n20003_cLA_LL_covariance_s5.npz,76166,26151af9c012e1d3c640537e3fa9032f18d18d5eb82fad4db08076d0ec371722
resnet,mixed,43,bandpass_n20003_cLA_LL_covariance_s0,phase2/results/predictions/full/mixed/resnet/seed_43/bandpass_n20003_cLA_LL_covariance_s0.npz,75737,5edae72856955f258cc2b33402ed78fc7b95d7291539cf8daf57f4782a126371
resnet,mixed,43,bandpass_n20003_cRA_LL_independent_rms_s20,phase2/results/predictions/full/mixed/resnet/seed_43/bandpass_n20003_cRA_LL_independent_rms_s20.npz,76604,48f967a9e2a3fa62d41538256204c52c8ddbc112d53c12a68d9ebca4ebc2d013
resnet,mixed,43,bandpass_n20003_cRA_LL_independent_rms_s15,phase2/results/predictions/full/mixed/resnet/seed_43/bandpass_n20003_cRA_LL_independent_rms_s15.npz,76539,772c3c6c02cf2c1ecb22688004f9a3dbf1b2bbe71d973010cdc6e5c07d7b1404
resnet,mixed,43,bandpass_n20003_cRA_LL_independent_rms_s10,phase2/results/predictions/full/mixed/resnet/seed_43/bandpass_n20003_cRA_LL_independent_rms_s10.npz,76492,0f517521876eaa4d35cf64c73b25c4c169e8da954ce06338f22048196e8a36b3
resnet,mixed,43,bandpass_n20003_cRA_LL_independent_rms_s5,phase2/results/predictions/full/mixed/resnet/seed_43/bandpass_n20003_cRA_LL_independent_rms_s5.npz,76300,f9e50cef35342ac7718f90fda94fed78afbddf65461d733de12aebfa3662a97a
resnet,mixed,43,bandpass_n20003_cRA_LL_independent_rms_s0,phase2/results/predictions/full/mixed/resnet/seed_43/bandpass_n20003_cRA_LL_independent_rms_s0.npz,75996,ccd87a4befb1d60dbaa89ab34a560801b4ed82e80708f36278b1892fd180f9f7
resnet,mixed,43,bandpass_n20003_cRA_LL_electrode_s20,phase2/results/predictions/full/mixed/resnet/seed_43/bandpass_n20003_cRA_LL_electrode_s20.npz,76544,7ee1c1a837efd2f2c6ccc39d70b4bee0fed01ec5c23c3c467f5909ecf4499020
resnet,mixed,43,bandpass_n20003_cRA_LL_electrode_s15,phase2/results/predictions/full/mixed/resnet/seed_43/bandpass_n20003_cRA_LL_electrode_s15.npz,76546,f4afd12b63188ee11b3246ddf524cce5b77a207cbe8155e151e4d5504652fe9a
resnet,mixed,43,bandpass_n20003_cRA_LL_electrode_s10,phase2/results/predictions/full/mixed/resnet/seed_43/bandpass_n20003_cRA_LL_electrode_s10.npz,76405,865209439029ae0b74b1f6e59e458acc203844f8ce7e25fb53986b317f28994f
resnet,mixed,43,bandpass_n20003_cRA_LL_electrode_s5,phase2/results/predictions/full/mixed/resnet/seed_43/bandpass_n20003_cRA_LL_electrode_s5.npz,76193,b31ffc4df5ba54ae63c68997fa450be27c513f364b5c88ec967184f22eb0b610
resnet,mixed,43,bandpass_n20003_cRA_LL_electrode_s0,phase2/results/predictions/full/mixed/resnet/seed_43/bandpass_n20003_cRA_LL_electrode_s0.npz,75739,7f2f8da88616cabf4ac0171343f405a46c155aded1cbca8dd26b3ab6730732c3
resnet,mixed,43,bandpass_n20003_cRA_LL_covariance_s20,phase2/results/predictions/full/mixed/resnet/seed_43/bandpass_n20003_cRA_LL_covariance_s20.npz,76559,01b27b538cf3cea9136268fdf162768c4a12cf9850373e329f5ed6921e6e372e
resnet,mixed,43,bandpass_n20003_cRA_LL_covariance_s15,phase2/results/predictions/full/mixed/resnet/seed_43/bandpass_n20003_cRA_LL_covariance_s15.npz,76491,5e72a7f5a8c8a5c432ae09368497425b9853c9b1fbc17e063634511520ebdb8e
resnet,mixed,43,bandpass_n20003_cRA_LL_covariance_s10,phase2/results/predictions/full/mixed/resnet/seed_43/bandpass_n20003_cRA_LL_covariance_s10.npz,76420,90951c65da2589a14a1e470c4519eec6805b93d8f322f69c7b5778ff9e8d3e45
resnet,mixed,43,bandpass_n20003_cRA_LL_covariance_s5,phase2/results/predictions/full/mixed/resnet/seed_43/bandpass_n20003_cRA_LL_covariance_s5.npz,76202,358fdb018233e5ee0f09b6c3b77e0ea8c65ddff3a231677f53b82907f12b8ac3
resnet,mixed,43,bandpass_n20003_cRA_LL_covariance_s0,phase2/results/predictions/full/mixed/resnet/seed_43/bandpass_n20003_cRA_LL_covariance_s0.npz,75756,cfbc95666d71445ce9104042269fc18d28abf59449fa5444d0c0973999be5db2
resnet,mixed,43,bandpass_n20003_cRA_independent_rms_s20,phase2/results/predictions/full/mixed/resnet/seed_43/bandpass_n20003_cRA_independent_rms_s20.npz,76560,7fc93d33a391ed828021f66e589abce31e6aa40585ec0e0a395db54094d256fb
resnet,mixed,43,bandpass_n20003_cRA_independent_rms_s15,phase2/results/predictions/full/mixed/resnet/seed_43/bandpass_n20003_cRA_independent_rms_s15.npz,76568,5cb2a5c0d894239bc20880faefcbb64d4e399557d40020764156bd44e5b3ada3
resnet,mixed,43,bandpass_n20003_cRA_independent_rms_s10,phase2/results/predictions/full/mixed/resnet/seed_43/bandpass_n20003_cRA_independent_rms_s10.npz,76443,e29b97423eae1bff129c55c53a7262d046b292696f1eb5c89ea826d6603d69c0
resnet,mixed,43,bandpass_n20003_cRA_independent_rms_s5,phase2/results/predictions/full/mixed/resnet/seed_43/bandpass_n20003_cRA_independent_rms_s5.npz,76334,b8057b1d03148f113378aade605e83ed8262e29acf8ebb87702ed58bfae095ea
resnet,mixed,43,bandpass_n20003_cRA_independent_rms_s0,phase2/results/predictions/full/mixed/resnet/seed_43/bandpass_n20003_cRA_independent_rms_s0.npz,76025,12a75118b0e1c1500a6e9053cc18dc4607abdb525e67ee66eb001e85d47cf674
resnet,mixed,43,bandpass_n20003_cRA_electrode_s20,phase2/results/predictions/full/mixed/resnet/seed_43/bandpass_n20003_cRA_electrode_s20.npz,76537,630f95c0f14248be9183c2b154ac9d76900dc7574d6c9141f3b9e03b3cc9aa5c
resnet,mixed,43,bandpass_n20003_cRA_electrode_s15,phase2/results/predictions/full/mixed/resnet/seed_43/bandpass_n20003_cRA_electrode_s15.npz,76519,e7bce02aaf61d85c46e8c13b924df494ce20b845da62e2f98c499daad45cadad
resnet,mixed,43,bandpass_n20003_cRA_electrode_s10,phase2/results/predictions/full/mixed/resnet/seed_43/bandpass_n20003_cRA_electrode_s10.npz,76436,e95b2454a17dc0e6b207dce7255950ddf891f8db9ef4d32e14aa93310fb772a8
resnet,mixed,43,bandpass_n20003_cRA_electrode_s5,phase2/results/predictions/full/mixed/resnet/seed_43/bandpass_n20003_cRA_electrode_s5.npz,76278,22b3ebbb9a0886e4585cbb54c38d09290cfe7d76b7195c746fe67bd278db976a
resnet,mixed,43,bandpass_n20003_cRA_electrode_s0,phase2/results/predictions/full/mixed/resnet/seed_43/bandpass_n20003_cRA_electrode_s0.npz,75947,70523c7a40b58a4c42e4ef383fbe24a852e76051e0534cc25add624cdfeed81c
resnet,mixed,43,bandpass_n20003_cRA_covariance_s20,phase2/results/predictions/full/mixed/resnet/seed_43/bandpass_n20003_cRA_covariance_s20.npz,76575,8a138c25019692815929f0ee441bc0cc1096dba8ed37f54b8147e7ca75ca6600
resnet,mixed,43,bandpass_n20003_cRA_covariance_s15,phase2/results/predictions/full/mixed/resnet/seed_43/bandpass_n20003_cRA_covariance_s15.npz,76521,e7ff9d6dd712bb34ec1e683272e8e5407ffefa409699377bd28284352c92e44a
resnet,mixed,43,bandpass_n20003_cRA_covariance_s10,phase2/results/predictions/full/mixed/resnet/seed_43/bandpass_n20003_cRA_covariance_s10.npz,76405,3f5d72ccf65a8d11de14940ac0b89ce9e66ea699dac5f9cab3c1bb09b58c1598
resnet,mixed,43,bandpass_n20003_cRA_covariance_s5,phase2/results/predictions/full/mixed/resnet/seed_43/bandpass_n20003_cRA_covariance_s5.npz,76288,6e505fb7b6106fa4c21af723735676ce52411cdbb6bb8616e1abfd01a58beb89
resnet,mixed,43,bandpass_n20003_cRA_covariance_s0,phase2/results/predictions/full/mixed/resnet/seed_43/bandpass_n20003_cRA_covariance_s0.npz,75943,107a36f1c611538446c4e551c695755f3e34a55527ff81b4466fbdf33e0bb305
resnet,mixed,43,bandpass_n20003_cLA_independent_rms_s20,phase2/results/predictions/full/mixed/resnet/seed_43/bandpass_n20003_cLA_independent_rms_s20.npz,76557,644b285986e516eff61330e527e9930326ce9039c1b5239ca0a806a31378f327
resnet,mixed,43,bandpass_n20003_cLA_independent_rms_s15,phase2/results/predictions/full/mixed/resnet/seed_43/bandpass_n20003_cLA_independent_rms_s15.npz,76527,d1bcf838a260f33a26e0c979b1720500f8dc5f91746710e3b6a56de3d06b7a7d
resnet,mixed,43,bandpass_n20003_cLA_independent_rms_s10,phase2/results/predictions/full/mixed/resnet/seed_43/bandpass_n20003_cLA_independent_rms_s10.npz,76439,ffa32bdc2bfd3e46598be6449f7d51276ea21ae91977f39fffab9f6db5f60829
resnet,mixed,43,bandpass_n20003_cLA_independent_rms_s5,phase2/results/predictions/full/mixed/resnet/seed_43/bandpass_n20003_cLA_independent_rms_s5.npz,76338,d1a8e3baac99b5f63b503b0a66636a181e903b2040af80b045a0221aa0620619
resnet,mixed,43,bandpass_n20003_cLA_independent_rms_s0,phase2/results/predictions/full/mixed/resnet/seed_43/bandpass_n20003_cLA_independent_rms_s0.npz,75991,32a749abeee641dd536dc67afb859aa9d011ffcbc1c0c0d37ec43800a1714ded
resnet,mixed,43,bandpass_n20003_cLA_electrode_s20,phase2/results/predictions/full/mixed/resnet/seed_43/bandpass_n20003_cLA_electrode_s20.npz,76522,e753325351157399824eed6766ef19e37f0b6af64d1e1e791b7bf809287cfa03
resnet,mixed,43,bandpass_n20003_cLA_electrode_s15,phase2/results/predictions/full/mixed/resnet/seed_43/bandpass_n20003_cLA_electrode_s15.npz,76521,2be63f873542a102770c777dc67e1d69711ef6dbf326787e6180356c1abdf9ca
resnet,mixed,43,bandpass_n20003_cLA_electrode_s10,phase2/results/predictions/full/mixed/resnet/seed_43/bandpass_n20003_cLA_electrode_s10.npz,76467,cc077a0f88be3b733fd1164493f23e42bc7c8ccf81c7cdf798a283b6043deda5
resnet,mixed,43,bandpass_n20003_cLA_electrode_s5,phase2/results/predictions/full/mixed/resnet/seed_43/bandpass_n20003_cLA_electrode_s5.npz,76240,cb84c7edaaaee3bc971f49a2fb1667b88ad38c047a75629d8e3277db0b8d9070
resnet,mixed,43,bandpass_n20003_cLA_electrode_s0,phase2/results/predictions/full/mixed/resnet/seed_43/bandpass_n20003_cLA_electrode_s0.npz,75834,6c08a57a5f5b7685eb2f17c508aff9fd3191705ac87d4beb4635b2c9157103f3
resnet,mixed,43,bandpass_n20003_cLA_covariance_s20,phase2/results/predictions/full/mixed/resnet/seed_43/bandpass_n20003_cLA_covariance_s20.npz,76546,aa592cd834eabf1d62a35d6c38ea3204abdab4b3aebafd83b184fd1f3302c06f
resnet,mixed,43,bandpass_n20003_cLA_covariance_s15,phase2/results/predictions/full/mixed/resnet/seed_43/bandpass_n20003_cLA_covariance_s15.npz,76523,3022276ea9a92d971daf95e8593824e1c8df30447fd83f30e15b42bc4a0bd128
resnet,mixed,43,bandpass_n20003_cLA_covariance_s10,phase2/results/predictions/full/mixed/resnet/seed_43/bandpass_n20003_cLA_covariance_s10.npz,76468,b2a1647b7575c62707c8891b8f13d33e37eecfcfaec6a19bc2e8e82dcdab027d
resnet,mixed,43,bandpass_n20003_cLA_covariance_s5,phase2/results/predictions/full/mixed/resnet/seed_43/bandpass_n20003_cLA_covariance_s5.npz,76228,4a805bb2be99a22b1b00c4c460c5374b67f2c25bf1f9a6e056a229b92ea25716
resnet,mixed,43,bandpass_n20003_cLA_covariance_s0,phase2/results/predictions/full/mixed/resnet/seed_43/bandpass_n20003_cLA_covariance_s0.npz,75871,a7d791ec04f70253d6c50ef40600883d1c41387f2bef0ed3b9866bb9801235ce
resnet,mixed,43,bandpass_n20003_cLL_independent_rms_s20,phase2/results/predictions/full/mixed/resnet/seed_43/bandpass_n20003_cLL_independent_rms_s20.npz,76577,6fa432f97b69a8aad31dc987b46a4df7b42b86eaf0ba40ed7e07a721ec68b8d7
resnet,mixed,43,bandpass_n20003_cLL_independent_rms_s15,phase2/results/predictions/full/mixed/resnet/seed_43/bandpass_n20003_cLL_independent_rms_s15.npz,76510,022a65c30e17319de2b566161c15b38e3a7bd77b8117e7b3e4d5cb4dd41c5bed
resnet,mixed,43,bandpass_n20003_cLL_independent_rms_s10,phase2/results/predictions/full/mixed/resnet/seed_43/bandpass_n20003_cLL_independent_rms_s10.npz,76464,9fe7c820bd5706099bffb27370f3da19a7c1531531a5fd70f0bf5fe7a24e9f6a
resnet,mixed,43,bandpass_n20003_cLL_independent_rms_s5,phase2/results/predictions/full/mixed/resnet/seed_43/bandpass_n20003_cLL_independent_rms_s5.npz,76307,f9c10ce2d67cd77dffbcc40b889c8cbc79f3ed5e823a7c4a5d0db02f7d295faa
resnet,mixed,43,bandpass_n20003_cLL_independent_rms_s0,phase2/results/predictions/full/mixed/resnet/seed_43/bandpass_n20003_cLL_independent_rms_s0.npz,75924,5cc23981641a08b4ccc1996fd98201033461a19cf7ce06bff3a8f5d04dbbbfc9
resnet,mixed,43,bandpass_n20003_cLL_electrode_s20,phase2/results/predictions/full/mixed/resnet/seed_43/bandpass_n20003_cLL_electrode_s20.npz,76545,0829c5ccb069a04448c5f2bf1de7772c1d58caaceb893e9bce981878734d160a
resnet,mixed,43,bandpass_n20003_cLL_electrode_s15,phase2/results/predictions/full/mixed/resnet/seed_43/bandpass_n20003_cLL_electrode_s15.npz,76520,d352ec5c82cb620880db58c4bc4df291dbff3c1022c30dec169f5b2a4c0f05ba
resnet,mixed,43,bandpass_n20003_cLL_electrode_s10,phase2/results/predictions/full/mixed/resnet/seed_43/bandpass_n20003_cLL_electrode_s10.npz,76392,1d2e2a1cc14f79545cf8fd637118ba94143718711dc5ac1374424cb6b3653b22
resnet,mixed,43,bandpass_n20003_cLL_electrode_s5,phase2/results/predictions/full/mixed/resnet/seed_43/bandpass_n20003_cLL_electrode_s5.npz,76146,960c477cefe5ce056fe93d456666159f8059e82645fc951b4def130531fe4c5c
resnet,mixed,43,bandpass_n20003_cLL_electrode_s0,phase2/results/predictions/full/mixed/resnet/seed_43/bandpass_n20003_cLL_electrode_s0.npz,75653,deffd6bfd5a9f3078697b81d4f772656bdb9e37ad914426ffe8f6d3898a0d362
resnet,mixed,43,bandpass_n20003_cLL_covariance_s20,phase2/results/predictions/full/mixed/resnet/seed_43/bandpass_n20003_cLL_covariance_s20.npz,76529,2671bafc04051899e69f336b38ed1dbf9c8f4f242bafc7a081aa937fac2ce04f
resnet,mixed,43,bandpass_n20003_cLL_covariance_s15,phase2/results/predictions/full/mixed/resnet/seed_43/bandpass_n20003_cLL_covariance_s15.npz,76481,2138892d1a2fbcfe20a5d8927a64a94053e9c2d405c8a97a489b41dd95b52605
resnet,mixed,43,bandpass_n20003_cLL_covariance_s10,phase2/results/predictions/full/mixed/resnet/seed_43/bandpass_n20003_cLL_covariance_s10.npz,76378,7d0a9d0421b41351b3bab327fb79eb983e02bdf354f4c496a947bcf93d583d6b
resnet,mixed,43,bandpass_n20003_cLL_covariance_s5,phase2/results/predictions/full/mixed/resnet/seed_43/bandpass_n20003_cLL_covariance_s5.npz,76112,3cdfcfc8b2b0f2e204ddaf74caf539da41d9aa116d8c62acfd676300d27451f9
resnet,mixed,43,bandpass_n20003_cLL_covariance_s0,phase2/results/predictions/full/mixed/resnet/seed_43/bandpass_n20003_cLL_covariance_s0.npz,75660,debc0c68fe49ef1ae9dbb458489a478d810016e4fd93a61e986388faa7b058cb
resnet,mixed,43,bandpass_n20003_cRA_V1_independent_rms_s20,phase2/results/predictions/full/mixed/resnet/seed_43/bandpass_n20003_cRA_V1_independent_rms_s20.npz,76585,be05152917e2e2ee6cfcd653e4c81add46c7cdd656f7983b5deba8bea0f07f8c
resnet,mixed,43,bandpass_n20003_cRA_V1_independent_rms_s15,phase2/results/predictions/full/mixed/resnet/seed_43/bandpass_n20003_cRA_V1_independent_rms_s15.npz,76587,71ff1e6f5bab457750351f1fcd492898e3d21a69d3db6d5a78e047248813f01c
resnet,mixed,43,bandpass_n20003_cRA_V1_independent_rms_s10,phase2/results/predictions/full/mixed/resnet/seed_43/bandpass_n20003_cRA_V1_independent_rms_s10.npz,76509,30ffcc502bf9fa1a692ea0f0f1f16a354a2fd5ee31ca2cacb5d568c13b215bea
resnet,mixed,43,bandpass_n20003_cRA_V1_independent_rms_s5,phase2/results/predictions/full/mixed/resnet/seed_43/bandpass_n20003_cRA_V1_independent_rms_s5.npz,76346,38701d97bdd1a7a4162e05a0ffeaf266893c4621e3fc1b17c0b9228f8f431dbe
resnet,mixed,43,bandpass_n20003_cRA_V1_independent_rms_s0,phase2/results/predictions/full/mixed/resnet/seed_43/bandpass_n20003_cRA_V1_independent_rms_s0.npz,76033,990bbc8821a752c0ec3f61c4545db6c141bdae9f0ea9dc2444bdf0900cff19a0
resnet,mixed,43,bandpass_n20003_cRA_V1_electrode_s20,phase2/results/predictions/full/mixed/resnet/seed_43/bandpass_n20003_cRA_V1_electrode_s20.npz,76572,ef00d4ccecad5a37dff1bded2094fab93d767913f3617a70c5ea32e566dc54cd
resnet,mixed,43,bandpass_n20003_cRA_V1_electrode_s15,phase2/results/predictions/full/mixed/resnet/seed_43/bandpass_n20003_cRA_V1_electrode_s15.npz,76542,42e165f3e2203ba56e9d2bae8ffc82fdda0b977553a6853e9c6cfaa6fcbeb3b3
resnet,mixed,43,bandpass_n20003_cRA_V1_electrode_s10,phase2/results/predictions/full/mixed/resnet/seed_43/bandpass_n20003_cRA_V1_electrode_s10.npz,76456,627e2aee207ab6248c4dc297305266e9e96dced13f4d8a825240f0a1fb41119f
resnet,mixed,43,bandpass_n20003_cRA_V1_electrode_s5,phase2/results/predictions/full/mixed/resnet/seed_43/bandpass_n20003_cRA_V1_electrode_s5.npz,76322,38e68a9cc0e4ae5c95997c0f1da520fba134a0aab71ddf499de436229d0972fc
resnet,mixed,43,bandpass_n20003_cRA_V1_electrode_s0,phase2/results/predictions/full/mixed/resnet/seed_43/bandpass_n20003_cRA_V1_electrode_s0.npz,75956,cb92fa3bf9dce5d33a38977a433fc949b46e106e5d15bc1d89bf27ed554c1a94
resnet,mixed,43,bandpass_n20003_cRA_V1_covariance_s20,phase2/results/predictions/full/mixed/resnet/seed_43/bandpass_n20003_cRA_V1_covariance_s20.npz,76582,afbb7ffd53ce274a1da89c0e72b37e8b070a74c5e88b5656a653c2964890785f
resnet,mixed,43,bandpass_n20003_cRA_V1_covariance_s15,phase2/results/predictions/full/mixed/resnet/seed_43/bandpass_n20003_cRA_V1_covariance_s15.npz,76541,b39da5776b549246b6472f60ecafcc72771379da2daf5d75beadf0f2cfddfd43
resnet,mixed,43,bandpass_n20003_cRA_V1_covariance_s10,phase2/results/predictions/full/mixed/resnet/seed_43/bandpass_n20003_cRA_V1_covariance_s10.npz,76464,bdc360e35b50e197eea3b3bdf35f0741f32cf1196e75c9d1e89071ba4c2e684e
resnet,mixed,43,bandpass_n20003_cRA_V1_covariance_s5,phase2/results/predictions/full/mixed/resnet/seed_43/bandpass_n20003_cRA_V1_covariance_s5.npz,76289,49a29e5c689f3e2e4edfde19b50e7defae83020a8a46e942bbff4edcb4d7a68e
resnet,mixed,43,bandpass_n20003_cRA_V1_covariance_s0,phase2/results/predictions/full/mixed/resnet/seed_43/bandpass_n20003_cRA_V1_covariance_s0.npz,75982,4316426fb8e16960eb0eb88136739ae32ea638ec767c4b29dacfbf304ae6c7ef
resnet,mixed,43,bandpass_n20003_cLA_V6_independent_rms_s20,phase2/results/predictions/full/mixed/resnet/seed_43/bandpass_n20003_cLA_V6_independent_rms_s20.npz,76545,4d39256abef1efab5e6f5233ae91a4abec3b2b374e31d8d628065e62f12f27cb
resnet,mixed,43,bandpass_n20003_cLA_V6_independent_rms_s15,phase2/results/predictions/full/mixed/resnet/seed_43/bandpass_n20003_cLA_V6_independent_rms_s15.npz,76541,ed1f15cae80f11bb7fe8c09d95307732eb4939ee6e73eb6b917451ce13d1bb56
resnet,mixed,43,bandpass_n20003_cLA_V6_independent_rms_s10,phase2/results/predictions/full/mixed/resnet/seed_43/bandpass_n20003_cLA_V6_independent_rms_s10.npz,76519,cc7ffabc6565216723b17ffa1c813a10d2725c585c7a4575c4c5fd7592acae65
resnet,mixed,43,bandpass_n20003_cLA_V6_independent_rms_s5,phase2/results/predictions/full/mixed/resnet/seed_43/bandpass_n20003_cLA_V6_independent_rms_s5.npz,76336,cd828ec328e991193f1054ce5bea216f82529a58d325143333317857f362b7fe
resnet,mixed,43,bandpass_n20003_cLA_V6_independent_rms_s0,phase2/results/predictions/full/mixed/resnet/seed_43/bandpass_n20003_cLA_V6_independent_rms_s0.npz,76018,aca2928924b07f4ddcd233e9892635c80415128d52b357832ef2f89b50559361
resnet,mixed,43,bandpass_n20003_cLA_V6_electrode_s20,phase2/results/predictions/full/mixed/resnet/seed_43/bandpass_n20003_cLA_V6_electrode_s20.npz,76607,2ef5f3e379202a64746e211ceefad4b5014266269df317ec9fb543d5401a7cd4
resnet,mixed,43,bandpass_n20003_cLA_V6_electrode_s15,phase2/results/predictions/full/mixed/resnet/seed_43/bandpass_n20003_cLA_V6_electrode_s15.npz,76551,a68f66f9b5fe1772c92518a8d46a08cebbd8e7ac9d4c2a3bf4ee2e5180b0862a
resnet,mixed,43,bandpass_n20003_cLA_V6_electrode_s10,phase2/results/predictions/full/mixed/resnet/seed_43/bandpass_n20003_cLA_V6_electrode_s10.npz,76456,c13bfa490d8d56f26da89d64998514e105f0da9df4f880cd5e9f6152129b09bc
resnet,mixed,43,bandpass_n20003_cLA_V6_electrode_s5,phase2/results/predictions/full/mixed/resnet/seed_43/bandpass_n20003_cLA_V6_electrode_s5.npz,76279,8ea2d4492be8ac868bbec85e54bb0dcb034816e26d26b506cab23d0e799f4bbe
resnet,mixed,43,bandpass_n20003_cLA_V6_electrode_s0,phase2/results/predictions/full/mixed/resnet/seed_43/bandpass_n20003_cLA_V6_electrode_s0.npz,75926,821e7f59de0449760e6195e837b73595dda50b3172b95650b85b7eae394e677a
resnet,mixed,43,bandpass_n20003_cLA_V6_covariance_s20,phase2/results/predictions/full/mixed/resnet/seed_43/bandpass_n20003_cLA_V6_covariance_s20.npz,76586,9151df7c1746c47bc88f984cbf5427e1b2c515f212df5d6406d69c976b25ffb8
resnet,mixed,43,bandpass_n20003_cLA_V6_covariance_s15,phase2/results/predictions/full/mixed/resnet/seed_43/bandpass_n20003_cLA_V6_covariance_s15.npz,76554,267d2b1eb316a31c26c4d27d422fb846c4bb818762f01604802e3d85e2cbd8ad
resnet,mixed,43,bandpass_n20003_cLA_V6_covariance_s10,phase2/results/predictions/full/mixed/resnet/seed_43/bandpass_n20003_cLA_V6_covariance_s10.npz,76477,c8cb6e4735bb1a53313e511ea0f2ba5b743b54664751635349b2aca1dc1495b3
resnet,mixed,43,bandpass_n20003_cLA_V6_covariance_s5,phase2/results/predictions/full/mixed/resnet/seed_43/bandpass_n20003_cLA_V6_covariance_s5.npz,76258,1c044e50fde3696442cfcfe427719d9a4a7d5c452f801d69fc9117431f14a987
resnet,mixed,43,bandpass_n20003_cLA_V6_covariance_s0,phase2/results/predictions/full/mixed/resnet/seed_43/bandpass_n20003_cLA_V6_covariance_s0.npz,75896,eac64bb82825234abc2d17c8067e36c288abeed4ef848e35e386c31506db5004
resnet,mixed,43,bandpass_n20003_cLL_V4_independent_rms_s20,phase2/results/predictions/full/mixed/resnet/seed_43/bandpass_n20003_cLL_V4_independent_rms_s20.npz,76579,a7f546b0916949bfbeece89c172d878506abb2412d765e410295dcf8f81b43d6
resnet,mixed,43,bandpass_n20003_cLL_V4_independent_rms_s15,phase2/results/predictions/full/mixed/resnet/seed_43/bandpass_n20003_cLL_V4_independent_rms_s15.npz,76557,904ca9c811ad17cef1b9608d1a9114e9d8da88ff38f586f8a9df61f03296f60b
resnet,mixed,43,bandpass_n20003_cLL_V4_independent_rms_s10,phase2/results/predictions/full/mixed/resnet/seed_43/bandpass_n20003_cLL_V4_independent_rms_s10.npz,76476,387a2c69d680715cae78162e86a4e16ca4609f2048a47ac9aa1c00f1047bd68d
resnet,mixed,43,bandpass_n20003_cLL_V4_independent_rms_s5,phase2/results/predictions/full/mixed/resnet/seed_43/bandpass_n20003_cLL_V4_independent_rms_s5.npz,76324,3cd269c7b9b1a3bf2a5ffa4eb2d96b19d60a08fe8d7a3aa2079bca5a4e3b15f6
resnet,mixed,43,bandpass_n20003_cLL_V4_independent_rms_s0,phase2/results/predictions/full/mixed/resnet/seed_43/bandpass_n20003_cLL_V4_independent_rms_s0.npz,75978,9bdff2c5d10ab302c7475a62a92cbc470bcc66a1830b8df9132c5b18d95799b3
resnet,mixed,43,bandpass_n20003_cLL_V4_electrode_s20,phase2/results/predictions/full/mixed/resnet/seed_43/bandpass_n20003_cLL_V4_electrode_s20.npz,76568,872d558f112dcf7bfb2597a89866d1439b125eac4ea8164063162d48494f9c22
resnet,mixed,43,bandpass_n20003_cLL_V4_electrode_s15,phase2/results/predictions/full/mixed/resnet/seed_43/bandpass_n20003_cLL_V4_electrode_s15.npz,76518,9c505066877b497c1e5166b8b2f4a69d029d68faabecbfde4a6288070e1ef0d8
resnet,mixed,43,bandpass_n20003_cLL_V4_electrode_s10,phase2/results/predictions/full/mixed/resnet/seed_43/bandpass_n20003_cLL_V4_electrode_s10.npz,76401,d5a92326e6c939e823cb78cf7b96a4f0d298da716e474074cd27f2cd2d198ca4
resnet,mixed,43,bandpass_n20003_cLL_V4_electrode_s5,phase2/results/predictions/full/mixed/resnet/seed_43/bandpass_n20003_cLL_V4_electrode_s5.npz,76213,d3ce093b32e8d5e357472f0bd37bd29c08bf820fd5464ae7b29df8835fba96b3
resnet,mixed,43,bandpass_n20003_cLL_V4_electrode_s0,phase2/results/predictions/full/mixed/resnet/seed_43/bandpass_n20003_cLL_V4_electrode_s0.npz,75740,c289ba7dc56209c1b14b1a8a82c1de8f8d96a7ba104e606b9e958cb16424848f
resnet,mixed,43,bandpass_n20003_cLL_V4_covariance_s20,phase2/results/predictions/full/mixed/resnet/seed_43/bandpass_n20003_cLL_V4_covariance_s20.npz,76542,973a62b05cbfb9ba686c7dd0a6861cb17deaa70c65c76e867a80fb48232d6fb5
resnet,mixed,43,bandpass_n20003_cLL_V4_covariance_s15,phase2/results/predictions/full/mixed/resnet/seed_43/bandpass_n20003_cLL_V4_covariance_s15.npz,76537,a8163910de8df686aa40ed0e9eb88a5ee6f59e4577dc7b9e2d114a1e3b1b358c
resnet,mixed,43,bandpass_n20003_cLL_V4_covariance_s10,phase2/results/predictions/full/mixed/resnet/seed_43/bandpass_n20003_cLL_V4_covariance_s10.npz,76420,b5f440c2533fc45e858e62e181f5c54ca979ff6cd3a462afb5b5d528887475c3
resnet,mixed,43,bandpass_n20003_cLL_V4_covariance_s5,phase2/results/predictions/full/mixed/resnet/seed_43/bandpass_n20003_cLL_V4_covariance_s5.npz,76185,1ba9051d79269d6d99cd172477fdf36a1d31bc8c72b9946944c2beb0e8a0afeb
resnet,mixed,43,bandpass_n20003_cLL_V4_covariance_s0,phase2/results/predictions/full/mixed/resnet/seed_43/bandpass_n20003_cLL_V4_covariance_s0.npz,75708,5475f8150dfe16df13e0f28eb8ae537d05c689444cd43b047f7358c09a5ff6a4
resnet,mixed,43,bandpass_n20003_cRA_LA_V1_V6_independent_rms_s20,phase2/results/predictions/full/mixed/resnet/seed_43/bandpass_n20003_cRA_LA_V1_V6_independent_rms_s20.npz,76582,586125f81047728f2aa9b5e7a7c2ac0596fe5351de0c3dff6ca5181e8de8819f
resnet,mixed,43,bandpass_n20003_cRA_LA_V1_V6_independent_rms_s15,phase2/results/predictions/full/mixed/resnet/seed_43/bandpass_n20003_cRA_LA_V1_V6_independent_rms_s15.npz,76592,8b29fe4e6496e542cf08fece3e33d92d2699d91fbec51f1ee7eebb3b8af330c9
resnet,mixed,43,bandpass_n20003_cRA_LA_V1_V6_independent_rms_s10,phase2/results/predictions/full/mixed/resnet/seed_43/bandpass_n20003_cRA_LA_V1_V6_independent_rms_s10.npz,76530,05bed402ba9da2eb53ca42891aaf6a96f07e72e31f468b8a4e6725b9c6607cea
resnet,mixed,43,bandpass_n20003_cRA_LA_V1_V6_independent_rms_s5,phase2/results/predictions/full/mixed/resnet/seed_43/bandpass_n20003_cRA_LA_V1_V6_independent_rms_s5.npz,76387,ac583f8e73b115f490509da2fe5e9794e090904479da58fed355ad9fb30219fc
resnet,mixed,43,bandpass_n20003_cRA_LA_V1_V6_independent_rms_s0,phase2/results/predictions/full/mixed/resnet/seed_43/bandpass_n20003_cRA_LA_V1_V6_independent_rms_s0.npz,76032,2241e12205f481dd3e6a196f8b376959ddfd2568211024423473451437375114
resnet,mixed,43,bandpass_n20003_cRA_LA_V1_V6_electrode_s20,phase2/results/predictions/full/mixed/resnet/seed_43/bandpass_n20003_cRA_LA_V1_V6_electrode_s20.npz,76598,0a10bf6f1503b15b54b25df58db26bbef53b2872012d4efff331352aa26adb20
resnet,mixed,43,bandpass_n20003_cRA_LA_V1_V6_electrode_s15,phase2/results/predictions/full/mixed/resnet/seed_43/bandpass_n20003_cRA_LA_V1_V6_electrode_s15.npz,76556,829c34b03666e660ad060d1fe98d72d878046c7f52d243977895fc1b7434f9d7
resnet,mixed,43,bandpass_n20003_cRA_LA_V1_V6_electrode_s10,phase2/results/predictions/full/mixed/resnet/seed_43/bandpass_n20003_cRA_LA_V1_V6_electrode_s10.npz,76482,07dca259a9ece149c468f98aebb5801f4ec39a30d717d5312eedad170b9244d7
resnet,mixed,43,bandpass_n20003_cRA_LA_V1_V6_electrode_s5,phase2/results/predictions/full/mixed/resnet/seed_43/bandpass_n20003_cRA_LA_V1_V6_electrode_s5.npz,76277,e2528073708c0f6f9207558f7867375b0bc8ca0cf1c735805a4303959e804f01
resnet,mixed,43,bandpass_n20003_cRA_LA_V1_V6_electrode_s0,phase2/results/predictions/full/mixed/resnet/seed_43/bandpass_n20003_cRA_LA_V1_V6_electrode_s0.npz,75920,7933a4bc7ade2af047180900eaff1a0979555130754e8d7561144cab294a952d
resnet,mixed,43,bandpass_n20003_cRA_LA_V1_V6_covariance_s20,phase2/results/predictions/full/mixed/resnet/seed_43/bandpass_n20003_cRA_LA_V1_V6_covariance_s20.npz,76558,dffa65b38f186c6656315efddec852e55aa1374e5f3fcba282659676b9bb6850
resnet,mixed,43,bandpass_n20003_cRA_LA_V1_V6_covariance_s15,phase2/results/predictions/full/mixed/resnet/seed_43/bandpass_n20003_cRA_LA_V1_V6_covariance_s15.npz,76557,d9eff103ef6bfc6ae6a3bf14aa1a1932d0803a7d5c226b69c74542af95deb605
resnet,mixed,43,bandpass_n20003_cRA_LA_V1_V6_covariance_s10,phase2/results/predictions/full/mixed/resnet/seed_43/bandpass_n20003_cRA_LA_V1_V6_covariance_s10.npz,76447,cbfd3a1e9fee68966fbdf33e187b820fc7aa39d30aa21e97638d902e79688f56
resnet,mixed,43,bandpass_n20003_cRA_LA_V1_V6_covariance_s5,phase2/results/predictions/full/mixed/resnet/seed_43/bandpass_n20003_cRA_LA_V1_V6_covariance_s5.npz,76270,451328b60831bee59d28ff4754144c50a5be12f8fcacec425df2f5facbcc211e
resnet,mixed,43,bandpass_n20003_cRA_LA_V1_V6_covariance_s0,phase2/results/predictions/full/mixed/resnet/seed_43/bandpass_n20003_cRA_LA_V1_V6_covariance_s0.npz,75937,a79a6acc423195dbf24c33c9aafe3006d3dd732a2e74de2bc9ae59dd461e48ce
resnet,mixed,43,bandpass_n20003_cRA_V2_V5_independent_rms_s20,phase2/results/predictions/full/mixed/resnet/seed_43/bandpass_n20003_cRA_V2_V5_independent_rms_s20.npz,76561,e0041603a699f7b92e334bbe17407e43cec6c465db788ade9a9e69566e624c25
resnet,mixed,43,bandpass_n20003_cRA_V2_V5_independent_rms_s15,phase2/results/predictions/full/mixed/resnet/seed_43/bandpass_n20003_cRA_V2_V5_independent_rms_s15.npz,76560,4d9f33154cb7f1201ce1a7bd0fdadf70cd09dcf8e429f3fd0cda54e95814ddeb
resnet,mixed,43,bandpass_n20003_cRA_V2_V5_independent_rms_s10,phase2/results/predictions/full/mixed/resnet/seed_43/bandpass_n20003_cRA_V2_V5_independent_rms_s10.npz,76536,da0af5c066cf2d5c0e62f54f42034c7afc4aaa4d4513300812974b8cd127fbeb
resnet,mixed,43,bandpass_n20003_cRA_V2_V5_independent_rms_s5,phase2/results/predictions/full/mixed/resnet/seed_43/bandpass_n20003_cRA_V2_V5_independent_rms_s5.npz,76355,d5cc90ef0f722dc613b9a76141aeeeb2bb74bc17d8b25f7cb03e1decf1622ec4
resnet,mixed,43,bandpass_n20003_cRA_V2_V5_independent_rms_s0,phase2/results/predictions/full/mixed/resnet/seed_43/bandpass_n20003_cRA_V2_V5_independent_rms_s0.npz,76071,8aa15459a521bb41e8f058f6d474de64c7718d62a50476fd85f65a92ec95914c
resnet,mixed,43,bandpass_n20003_cRA_V2_V5_electrode_s20,phase2/results/predictions/full/mixed/resnet/seed_43/bandpass_n20003_cRA_V2_V5_electrode_s20.npz,76554,278db24ce4c1eeba9bf15696564bf5aca74d647ea68ab038d5d6b477188fa52c
resnet,mixed,43,bandpass_n20003_cRA_V2_V5_electrode_s15,phase2/results/predictions/full/mixed/resnet/seed_43/bandpass_n20003_cRA_V2_V5_electrode_s15.npz,76535,619a4cd734ad647eac54eac3a98629f2fae4cf6d56d1b20c911e0b649069c043
resnet,mixed,43,bandpass_n20003_cRA_V2_V5_electrode_s10,phase2/results/predictions/full/mixed/resnet/seed_43/bandpass_n20003_cRA_V2_V5_electrode_s10.npz,76438,5ea4e68c273792153c545b90180ebc1d085e5dbf209055409b239b00cb831ffb
resnet,mixed,43,bandpass_n20003_cRA_V2_V5_electrode_s5,phase2/results/predictions/full/mixed/resnet/seed_43/bandpass_n20003_cRA_V2_V5_electrode_s5.npz,76322,429edcf73b99b6ea40bdb153bc79fc99ba375ad64564325fbe4ee9fc22abe5aa
resnet,mixed,43,bandpass_n20003_cRA_V2_V5_electrode_s0,phase2/results/predictions/full/mixed/resnet/seed_43/bandpass_n20003_cRA_V2_V5_electrode_s0.npz,75968,250ada4624720d91df7ba7e89e7703220d9891b007be2a2740635f66fb130188
resnet,mixed,43,bandpass_n20003_cRA_V2_V5_covariance_s20,phase2/results/predictions/full/mixed/resnet/seed_43/bandpass_n20003_cRA_V2_V5_covariance_s20.npz,76564,080193c50833e7a4b50aee3f080e1d90c62c57e82f22268c33e3f0301e34c461
resnet,mixed,43,bandpass_n20003_cRA_V2_V5_covariance_s15,phase2/results/predictions/full/mixed/resnet/seed_43/bandpass_n20003_cRA_V2_V5_covariance_s15.npz,76571,bc45d4593fcbf6e9c834e95bc0ac250c7b45ff24adfee16fda75afec7a11fe08
resnet,mixed,43,bandpass_n20003_cRA_V2_V5_covariance_s10,phase2/results/predictions/full/mixed/resnet/seed_43/bandpass_n20003_cRA_V2_V5_covariance_s10.npz,76473,e8d9afff045bd9d88a507ce0de0ebeb8d53c29e063bec8e655289eb792134dca
resnet,mixed,43,bandpass_n20003_cRA_V2_V5_covariance_s5,phase2/results/predictions/full/mixed/resnet/seed_43/bandpass_n20003_cRA_V2_V5_covariance_s5.npz,76307,90cc2e4b5113ceb3ff832c384486b08114a0efd8f7309622d88497d32c365d68
resnet,mixed,43,bandpass_n20003_cRA_V2_V5_covariance_s0,phase2/results/predictions/full/mixed/resnet/seed_43/bandpass_n20003_cRA_V2_V5_covariance_s0.npz,76006,5de4ef1c1c16f1a301956f7cf790f511022e116e7dc7c3c35af412c91c374d64
resnet,mixed,43,bandpass_n20003_cLA_V3_V6_independent_rms_s20,phase2/results/predictions/full/mixed/resnet/seed_43/bandpass_n20003_cLA_V3_V6_independent_rms_s20.npz,76589,2982c1f7123fd175819b0150d038c1cf609018e14b3d9e219d48f4c0d31583e2
resnet,mixed,43,bandpass_n20003_cLA_V3_V6_independent_rms_s15,phase2/results/predictions/full/mixed/resnet/seed_43/bandpass_n20003_cLA_V3_V6_independent_rms_s15.npz,76544,e3b0f6e26a40850a643ede54a4b6c28a94122664dcdf6be49fc55cc183654086
resnet,mixed,43,bandpass_n20003_cLA_V3_V6_independent_rms_s10,phase2/results/predictions/full/mixed/resnet/seed_43/bandpass_n20003_cLA_V3_V6_independent_rms_s10.npz,76548,b73713963ece6f893218b347bc37c6dfeb424869f685c6d362d3c48d56406338
resnet,mixed,43,bandpass_n20003_cLA_V3_V6_independent_rms_s5,phase2/results/predictions/full/mixed/resnet/seed_43/bandpass_n20003_cLA_V3_V6_independent_rms_s5.npz,76366,81710b9c1557c4b2bc2e5e5092112cc5c1e6f9719ea28bb609baafc62e052a40
resnet,mixed,43,bandpass_n20003_cLA_V3_V6_independent_rms_s0,phase2/results/predictions/full/mixed/resnet/seed_43/bandpass_n20003_cLA_V3_V6_independent_rms_s0.npz,76051,176f20ccaf4ecf37d1b8908dede4a5169bf03592b70a2bb46f83b91fd1e7d024
resnet,mixed,43,bandpass_n20003_cLA_V3_V6_electrode_s20,phase2/results/predictions/full/mixed/resnet/seed_43/bandpass_n20003_cLA_V3_V6_electrode_s20.npz,76574,49edc7c1e303bf7415d6e0221dab185c11ca4b04d4bb426cbb957705e4b82af8
resnet,mixed,43,bandpass_n20003_cLA_V3_V6_electrode_s15,phase2/results/predictions/full/mixed/resnet/seed_43/bandpass_n20003_cLA_V3_V6_electrode_s15.npz,76554,23ce9bb2ab1a60e8b22336e14b9f0c6fce9ea8ba004dd9f2ab75e9cbbcbb4ffc
resnet,mixed,43,bandpass_n20003_cLA_V3_V6_electrode_s10,phase2/results/predictions/full/mixed/resnet/seed_43/bandpass_n20003_cLA_V3_V6_electrode_s10.npz,76455,36a892b35c66526969e74497a046297a0335842961bf0df40fa84474e0d16d83
resnet,mixed,43,bandpass_n20003_cLA_V3_V6_electrode_s5,phase2/results/predictions/full/mixed/resnet/seed_43/bandpass_n20003_cLA_V3_V6_electrode_s5.npz,76290,ea13d3fabc09c8bdf5e565e195b69cc01e483352a90ca3f0d973c39443117e37
resnet,mixed,43,bandpass_n20003_cLA_V3_V6_electrode_s0,phase2/results/predictions/full/mixed/resnet/seed_43/bandpass_n20003_cLA_V3_V6_electrode_s0.npz,75941,99767ee3e6cf0c6947f437ef34559962e8457374efcbe20a7c385b3ed0709c93
resnet,mixed,43,bandpass_n20003_cLA_V3_V6_covariance_s20,phase2/results/predictions/full/mixed/resnet/seed_43/bandpass_n20003_cLA_V3_V6_covariance_s20.npz,76573,ea89a438750f9902199f7f749fe2ab067e0ad27e482309537040a1fa0fbaf14f
resnet,mixed,43,bandpass_n20003_cLA_V3_V6_covariance_s15,phase2/results/predictions/full/mixed/resnet/seed_43/bandpass_n20003_cLA_V3_V6_covariance_s15.npz,76519,2ae5ee2d42a1b50f45a2dc7d6f8bfcd3b17a25bc450f6ab434ef06c60f4f39d2
resnet,mixed,43,bandpass_n20003_cLA_V3_V6_covariance_s10,phase2/results/predictions/full/mixed/resnet/seed_43/bandpass_n20003_cLA_V3_V6_covariance_s10.npz,76478,5f61b026afa6752a4e0bbe9432febd5140490fdfac2e759041033c702635e703
resnet,mixed,43,bandpass_n20003_cLA_V3_V6_covariance_s5,phase2/results/predictions/full/mixed/resnet/seed_43/bandpass_n20003_cLA_V3_V6_covariance_s5.npz,76316,c09f27de96f2bdb2fda96130e1f6545f33981ef739e5ffb436866a2ed81ade45
resnet,mixed,43,bandpass_n20003_cLA_V3_V6_covariance_s0,phase2/results/predictions/full/mixed/resnet/seed_43/bandpass_n20003_cLA_V3_V6_covariance_s0.npz,75924,2d31e6d0d093fd34e99134c205562b48adc8fb454472acb8f9c9c762955d0706
resnet,mixed,43,bandpass_n20003_cLL_V1_V4_independent_rms_s20,phase2/results/predictions/full/mixed/resnet/seed_43/bandpass_n20003_cLL_V1_V4_independent_rms_s20.npz,76572,35634ace385d2df4f622077d0f65ba5bf2fcaedf93675ce53cadaf3a437989c3
resnet,mixed,43,bandpass_n20003_cLL_V1_V4_independent_rms_s15,phase2/results/predictions/full/mixed/resnet/seed_43/bandpass_n20003_cLL_V1_V4_independent_rms_s15.npz,76585,315e774c8fa968ea4d2da1e8cdf85b6bf341d5858ec280f39fdff87e93818d41
resnet,mixed,43,bandpass_n20003_cLL_V1_V4_independent_rms_s10,phase2/results/predictions/full/mixed/resnet/seed_43/bandpass_n20003_cLL_V1_V4_independent_rms_s10.npz,76474,9ca0ca1a64f936282429ecfe8562aeb209415f23960b9deb64c7c5368cdc4ee6
resnet,mixed,43,bandpass_n20003_cLL_V1_V4_independent_rms_s5,phase2/results/predictions/full/mixed/resnet/seed_43/bandpass_n20003_cLL_V1_V4_independent_rms_s5.npz,76344,f4d940ef8728fb858fc4e6d646cd2a755aca29df67e19e199327161c2df5c0fe
resnet,mixed,43,bandpass_n20003_cLL_V1_V4_independent_rms_s0,phase2/results/predictions/full/mixed/resnet/seed_43/bandpass_n20003_cLL_V1_V4_independent_rms_s0.npz,75968,3f2486b0e1c94bfde30876f09558334b4590ca1e7609ae30f152a77991e8fb96
resnet,mixed,43,bandpass_n20003_cLL_V1_V4_electrode_s20,phase2/results/predictions/full/mixed/resnet/seed_43/bandpass_n20003_cLL_V1_V4_electrode_s20.npz,76579,663cfccb5b3a4b51dad7c7ef42d1c543d94e9f7b5a0d8ed3bc3f054c51a45ac3
resnet,mixed,43,bandpass_n20003_cLL_V1_V4_electrode_s15,phase2/results/predictions/full/mixed/resnet/seed_43/bandpass_n20003_cLL_V1_V4_electrode_s15.npz,76521,b08421808f66eb46409f596f0db8abfb8ca00062ce7a4394252458a6dd2870d3
resnet,mixed,43,bandpass_n20003_cLL_V1_V4_electrode_s10,phase2/results/predictions/full/mixed/resnet/seed_43/bandpass_n20003_cLL_V1_V4_electrode_s10.npz,76402,d72264e40f76d32fb0727515d32d62f693425ccd845a00b0d3911dbd10efc686
resnet,mixed,43,bandpass_n20003_cLL_V1_V4_electrode_s5,phase2/results/predictions/full/mixed/resnet/seed_43/bandpass_n20003_cLL_V1_V4_electrode_s5.npz,76211,c5137e8c35d63127fed1d0ebd8361baf05bc6c2391564dc276913817dd2166eb
resnet,mixed,43,bandpass_n20003_cLL_V1_V4_electrode_s0,phase2/results/predictions/full/mixed/resnet/seed_43/bandpass_n20003_cLL_V1_V4_electrode_s0.npz,75729,94d9aaf4ec570bd0f8a6cef12a169f285afcdc86c649b64c673ca4a937e68f90
resnet,mixed,43,bandpass_n20003_cLL_V1_V4_covariance_s20,phase2/results/predictions/full/mixed/resnet/seed_43/bandpass_n20003_cLL_V1_V4_covariance_s20.npz,76580,0ffd0859bb01470ed061383fc1fa252b50f63fa8b3292bd3ae245f10d9ff0e14
resnet,mixed,43,bandpass_n20003_cLL_V1_V4_covariance_s15,phase2/results/predictions/full/mixed/resnet/seed_43/bandpass_n20003_cLL_V1_V4_covariance_s15.npz,76521,71c7c6318c221d3fefa20eead99674914ff4d816fc288e650f264802a2790ff5
resnet,mixed,43,bandpass_n20003_cLL_V1_V4_covariance_s10,phase2/results/predictions/full/mixed/resnet/seed_43/bandpass_n20003_cLL_V1_V4_covariance_s10.npz,76448,c3042274e961c424dbccf798a814584e585408b4f0ac595a4dcf2c73347bce56
resnet,mixed,43,bandpass_n20003_cLL_V1_V4_covariance_s5,phase2/results/predictions/full/mixed/resnet/seed_43/bandpass_n20003_cLL_V1_V4_covariance_s5.npz,76213,7b96e1a0407885adf1e29376b8675114576b196e27bd35bcbf04badf0559c75f
resnet,mixed,43,bandpass_n20003_cLL_V1_V4_covariance_s0,phase2/results/predictions/full/mixed/resnet/seed_43/bandpass_n20003_cLL_V1_V4_covariance_s0.npz,75735,aac03f64b6dba09b10af1dc6db75d80dcd23a2d9efcb1cbc089dfe847e1f1611
resnet,mixed,43,bandpass_n20003_call_independent_rms_s20,phase2/results/predictions/full/mixed/resnet/seed_43/bandpass_n20003_call_independent_rms_s20.npz,76566,83d9580046529b53ead222d717dae7ea5a0642100dfcc910f0c65c472e670d76
resnet,mixed,43,bandpass_n20003_call_independent_rms_s15,phase2/results/predictions/full/mixed/resnet/seed_43/bandpass_n20003_call_independent_rms_s15.npz,76527,bba669abadd65bde390dc72e6570ed6f4f26342ce86ddcc704e170901b1d4724
resnet,mixed,43,bandpass_n20003_call_independent_rms_s10,phase2/results/predictions/full/mixed/resnet/seed_43/bandpass_n20003_call_independent_rms_s10.npz,76486,1f420c409f50c92ddaa341f8e52afabcca3c9b6d4294f9e09bcd327c4eb0c4f4
resnet,mixed,43,bandpass_n20003_call_independent_rms_s5,phase2/results/predictions/full/mixed/resnet/seed_43/bandpass_n20003_call_independent_rms_s5.npz,76346,77d134e2811f5ae4204b8bc531865973fa70ab178812ee19589b79a5200b8a86
resnet,mixed,43,bandpass_n20003_call_independent_rms_s0,phase2/results/predictions/full/mixed/resnet/seed_43/bandpass_n20003_call_independent_rms_s0.npz,75994,9314e1fca65abdaaa9f8be89124f2f86a1c42e0928fc1b654697ca0d9acc389d
resnet,mixed,43,bandpass_n20003_call_electrode_s20,phase2/results/predictions/full/mixed/resnet/seed_43/bandpass_n20003_call_electrode_s20.npz,76522,da8a10b27a9a7a9dc8fd0512a1cd542849b3f1149ef6d2bf526ba90fd25c4265
resnet,mixed,43,bandpass_n20003_call_electrode_s15,phase2/results/predictions/full/mixed/resnet/seed_43/bandpass_n20003_call_electrode_s15.npz,76501,65a5a63fd868adba210c923a9cbe087f88baf8ddc3d70415851d859c2f6a5f12
resnet,mixed,43,bandpass_n20003_call_electrode_s10,phase2/results/predictions/full/mixed/resnet/seed_43/bandpass_n20003_call_electrode_s10.npz,76405,f51623c4f393ea15712ab6b9eb44ebb3ead6396fe42218fadea5e1f503db10ef
resnet,mixed,43,bandpass_n20003_call_electrode_s5,phase2/results/predictions/full/mixed/resnet/seed_43/bandpass_n20003_call_electrode_s5.npz,76234,d8faaa98fb3ddfa0aa1a8cdb453500d061ee7a55536ed0f2d80ce0446b0dbaae
resnet,mixed,43,bandpass_n20003_call_electrode_s0,phase2/results/predictions/full/mixed/resnet/seed_43/bandpass_n20003_call_electrode_s0.npz,75837,0e2507472f07b02c730af5ba0fe82baa18a3c1c3be539f537592db837e9ad6d9
resnet,mixed,43,bandpass_n20003_call_covariance_s20,phase2/results/predictions/full/mixed/resnet/seed_43/bandpass_n20003_call_covariance_s20.npz,76547,f443831e4c951cbeff2b9f185ce088018c5dbbec85d5b9d7c98e156cd20a939b
resnet,mixed,43,bandpass_n20003_call_covariance_s15,phase2/results/predictions/full/mixed/resnet/seed_43/bandpass_n20003_call_covariance_s15.npz,76530,24195bc5dab3fc970567759a8e1b1dbabee85b577fd59bdc8b796adaf9b0356f
resnet,mixed,43,bandpass_n20003_call_covariance_s10,phase2/results/predictions/full/mixed/resnet/seed_43/bandpass_n20003_call_covariance_s10.npz,76423,112bfdf9717a64e6177d8b465a1809764d1ffa04740b76512870a625619ba7ff
resnet,mixed,43,bandpass_n20003_call_covariance_s5,phase2/results/predictions/full/mixed/resnet/seed_43/bandpass_n20003_call_covariance_s5.npz,76277,8e1aad5b60a6c86e8be5379dfc925c3a7346b07e13323a442b08fa302557e552
resnet,mixed,43,bandpass_n20003_call_covariance_s0,phase2/results/predictions/full/mixed/resnet/seed_43/bandpass_n20003_call_covariance_s0.npz,75874,50f40c5801486c0e914695eb0a974166da2524a7ae476c9bc1b35f15c86485a5
resnet,mixed,43,bandpass_n20004_cRA_LA_LL_independent_rms_s20,phase2/results/predictions/full/mixed/resnet/seed_43/bandpass_n20004_cRA_LA_LL_independent_rms_s20.npz,76552,ab65939cbd9e0ab18d3d072379f216bf56a031651f175b3fdbeb2677a60d892a
resnet,mixed,43,bandpass_n20004_cRA_LA_LL_independent_rms_s15,phase2/results/predictions/full/mixed/resnet/seed_43/bandpass_n20004_cRA_LA_LL_independent_rms_s15.npz,76583,292dacaba43b129873f5163bbe9da31ac51e8aac72861af7eb91f1479386e6ab
resnet,mixed,43,bandpass_n20004_cRA_LA_LL_independent_rms_s10,phase2/results/predictions/full/mixed/resnet/seed_43/bandpass_n20004_cRA_LA_LL_independent_rms_s10.npz,76505,f0f3eed27b13b0a77219f39ca1702577cfaefd03b89c06d63e10c8b2824bba0c
resnet,mixed,43,bandpass_n20004_cRA_LA_LL_independent_rms_s5,phase2/results/predictions/full/mixed/resnet/seed_43/bandpass_n20004_cRA_LA_LL_independent_rms_s5.npz,76375,379d589a6a80b74d42cafd86eeadb8cd3f7a352c5e916feeffc56d470311d976
resnet,mixed,43,bandpass_n20004_cRA_LA_LL_independent_rms_s0,phase2/results/predictions/full/mixed/resnet/seed_43/bandpass_n20004_cRA_LA_LL_independent_rms_s0.npz,75982,001cd6ee8891405fec9f5f7f38d2263b27df833e2bb2e8ea1a1b74b95773f9a7
resnet,mixed,43,bandpass_n20004_cRA_LA_LL_electrode_s20,phase2/results/predictions/full/mixed/resnet/seed_43/bandpass_n20004_cRA_LA_LL_electrode_s20.npz,76559,255dda854f8c2f242b7c27a0b396a6377d268ad3292108100fb77048d1155972
resnet,mixed,43,bandpass_n20004_cRA_LA_LL_electrode_s15,phase2/results/predictions/full/mixed/resnet/seed_43/bandpass_n20004_cRA_LA_LL_electrode_s15.npz,76536,3d0243126cfeb29d802ab6e9439d5c9fbcbd2db9f72dc229585fc6d7f8579b41
resnet,mixed,43,bandpass_n20004_cRA_LA_LL_electrode_s10,phase2/results/predictions/full/mixed/resnet/seed_43/bandpass_n20004_cRA_LA_LL_electrode_s10.npz,76417,c85d5e19af0c470fa8f9fe57f9ebad0d3d099d29e70c0ba573f96f42c1ac7dad
resnet,mixed,43,bandpass_n20004_cRA_LA_LL_electrode_s5,phase2/results/predictions/full/mixed/resnet/seed_43/bandpass_n20004_cRA_LA_LL_electrode_s5.npz,76240,bf1782d6001406fb604065f0cc7329d5703551706dc2d3632997a1dd53037caf
resnet,mixed,43,bandpass_n20004_cRA_LA_LL_electrode_s0,phase2/results/predictions/full/mixed/resnet/seed_43/bandpass_n20004_cRA_LA_LL_electrode_s0.npz,75792,83e9b9127e5bf1c3177aa77a48bca67ae9ab42e82dde1212132b2b5ea75b6be0
resnet,mixed,43,bandpass_n20004_cRA_LA_LL_covariance_s20,phase2/results/predictions/full/mixed/resnet/seed_43/bandpass_n20004_cRA_LA_LL_covariance_s20.npz,76564,3a465807e168985d00bca62776569b268fc1b0573d49e4586c11a1ec6a3da317
resnet,mixed,43,bandpass_n20004_cRA_LA_LL_covariance_s15,phase2/results/predictions/full/mixed/resnet/seed_43/bandpass_n20004_cRA_LA_LL_covariance_s15.npz,76505,8643bc2928c2c85252419c3b433658e8dc6263bbdb4dff5274c1ed8a7ebee8c3
resnet,mixed,43,bandpass_n20004_cRA_LA_LL_covariance_s10,phase2/results/predictions/full/mixed/resnet/seed_43/bandpass_n20004_cRA_LA_LL_covariance_s10.npz,76414,91c0bdc6e92757e7768763dc122e497bef05980a7cee9ff48fadcca47372e6ee
resnet,mixed,43,bandpass_n20004_cRA_LA_LL_covariance_s5,phase2/results/predictions/full/mixed/resnet/seed_43/bandpass_n20004_cRA_LA_LL_covariance_s5.npz,76242,562db14ce53cd38df298a98aba33a248bfc7fa03f4834e0cc5bb62ebb58bc7aa
resnet,mixed,43,bandpass_n20004_cRA_LA_LL_covariance_s0,phase2/results/predictions/full/mixed/resnet/seed_43/bandpass_n20004_cRA_LA_LL_covariance_s0.npz,75791,6e1df49fc953946aee1b3c9b6f24307e342dc09472567f12e1d2637158ca1fe6
resnet,mixed,43,bandpass_n20004_cV1_independent_rms_s20,phase2/results/predictions/full/mixed/resnet/seed_43/bandpass_n20004_cV1_independent_rms_s20.npz,76556,6151e4cf8c7511c463f5962062f33143af007b5052c06f6ea80c3a044a933072
resnet,mixed,43,bandpass_n20004_cV1_independent_rms_s15,phase2/results/predictions/full/mixed/resnet/seed_43/bandpass_n20004_cV1_independent_rms_s15.npz,76529,b96c007b28e37a8c9938aa025404db52fb2276c18a10e99a8148582c1ee30719
resnet,mixed,43,bandpass_n20004_cV1_independent_rms_s10,phase2/results/predictions/full/mixed/resnet/seed_43/bandpass_n20004_cV1_independent_rms_s10.npz,76501,47e69bb86aa52ee85d38463a2fec2e7e31e19a8fc166d26b5a7a08bb38ad9ad7
resnet,mixed,43,bandpass_n20004_cV1_independent_rms_s5,phase2/results/predictions/full/mixed/resnet/seed_43/bandpass_n20004_cV1_independent_rms_s5.npz,76311,e866c67fd9701be3e4df4a28e9c09ab13d303246a703d969d2710cc6af337c2f
resnet,mixed,43,bandpass_n20004_cV1_independent_rms_s0,phase2/results/predictions/full/mixed/resnet/seed_43/bandpass_n20004_cV1_independent_rms_s0.npz,75880,6b4e11776f2c1dde17c32e38f119d3aed9e8e2d9a0f8c2246f4c70e569010e78
resnet,mixed,43,bandpass_n20004_cV1_electrode_s20,phase2/results/predictions/full/mixed/resnet/seed_43/bandpass_n20004_cV1_electrode_s20.npz,76532,cbeb0dabe8202e527edc449f6a28facbc7c71ceefc5bcd68fa043aeb5f57b9c2
resnet,mixed,43,bandpass_n20004_cV1_electrode_s15,phase2/results/predictions/full/mixed/resnet/seed_43/bandpass_n20004_cV1_electrode_s15.npz,76532,5709da37fa3b5f92ed3371f925c47d462b185217d595cec6724c1673084f3f6b
resnet,mixed,43,bandpass_n20004_cV1_electrode_s10,phase2/results/predictions/full/mixed/resnet/seed_43/bandpass_n20004_cV1_electrode_s10.npz,76471,32fed8fd3d47d8e3b1e2b7c25d0c88a5c0ea3d7e013c5beecc68fcfa8532848f
resnet,mixed,43,bandpass_n20004_cV1_electrode_s5,phase2/results/predictions/full/mixed/resnet/seed_43/bandpass_n20004_cV1_electrode_s5.npz,76306,6bdbb69994cbfd73113ea79eaa9a5b6d73cdae35aa1aaa3d668112cd9d4b6f5d
resnet,mixed,43,bandpass_n20004_cV1_electrode_s0,phase2/results/predictions/full/mixed/resnet/seed_43/bandpass_n20004_cV1_electrode_s0.npz,75880,950dd9a9b554a6d29b8253b8ffc9379288e670c859f65a7fd8774226859d9b13
resnet,mixed,43,bandpass_n20004_cV1_covariance_s20,phase2/results/predictions/full/mixed/resnet/seed_43/bandpass_n20004_cV1_covariance_s20.npz,76538,50d5f7fb1c6b939b018dec257d51c752e9d098378b294afeb38e96077162f628
resnet,mixed,43,bandpass_n20004_cV1_covariance_s15,phase2/results/predictions/full/mixed/resnet/seed_43/bandpass_n20004_cV1_covariance_s15.npz,76514,a497e51306778a005add597e865e0ecdc7eb0282919925a6a41adcdb94f16a42
resnet,mixed,43,bandpass_n20004_cV1_covariance_s10,phase2/results/predictions/full/mixed/resnet/seed_43/bandpass_n20004_cV1_covariance_s10.npz,76529,81fb7f888f1f148e7b0b01e60f45c8af081c92410da10e8183c111a13c9ac0fb
resnet,mixed,43,bandpass_n20004_cV1_covariance_s5,phase2/results/predictions/full/mixed/resnet/seed_43/bandpass_n20004_cV1_covariance_s5.npz,76280,27f5b70772b7cb4163f547eda4f91f8eac4abf32130163f5001fc1ffd600128f
resnet,mixed,43,bandpass_n20004_cV1_covariance_s0,phase2/results/predictions/full/mixed/resnet/seed_43/bandpass_n20004_cV1_covariance_s0.npz,75870,8e8faa95741e9d559dc2d46fe004e333c2f4df2b93534879c0c793abbce05fa0
resnet,mixed,43,bandpass_n20004_cV2_independent_rms_s20,phase2/results/predictions/full/mixed/resnet/seed_43/bandpass_n20004_cV2_independent_rms_s20.npz,76564,c75fdac24a9993a05f463aed1112a196cd149be0fac101ea91a02c36fb5a6773
resnet,mixed,43,bandpass_n20004_cV2_independent_rms_s15,phase2/results/predictions/full/mixed/resnet/seed_43/bandpass_n20004_cV2_independent_rms_s15.npz,76515,bcd6d50790693d065b78d072fcabd1a93a40db0a1a0b845da193b4c06fc4901a
resnet,mixed,43,bandpass_n20004_cV2_independent_rms_s10,phase2/results/predictions/full/mixed/resnet/seed_43/bandpass_n20004_cV2_independent_rms_s10.npz,76501,1179d00f673ed8912baf5db5b3874f76e73c340889430e4843158eeefeeb9145
resnet,mixed,43,bandpass_n20004_cV2_independent_rms_s5,phase2/results/predictions/full/mixed/resnet/seed_43/bandpass_n20004_cV2_independent_rms_s5.npz,76338,2315332906d9328d7bc5fc83de3725fac6f8bb36a38140bb2f779bb5eb4f1a17
resnet,mixed,43,bandpass_n20004_cV2_independent_rms_s0,phase2/results/predictions/full/mixed/resnet/seed_43/bandpass_n20004_cV2_independent_rms_s0.npz,76000,919b3ca9228eaf76cddde3fddbcb403df6e545137aa80e554699d91bd8512be3
resnet,mixed,43,bandpass_n20004_cV2_electrode_s20,phase2/results/predictions/full/mixed/resnet/seed_43/bandpass_n20004_cV2_electrode_s20.npz,76536,aebbe223697d11130d069ed294645458451e8cf97628dbf1acf549b57f9b1075
resnet,mixed,43,bandpass_n20004_cV2_electrode_s15,phase2/results/predictions/full/mixed/resnet/seed_43/bandpass_n20004_cV2_electrode_s15.npz,76530,932893a1b043ac0f2c57f2c090eeb733b2b4c57f9951d3aa1ebde7c1bb02c36f
resnet,mixed,43,bandpass_n20004_cV2_electrode_s10,phase2/results/predictions/full/mixed/resnet/seed_43/bandpass_n20004_cV2_electrode_s10.npz,76440,4d163711e971df8d3f5d18a40555360d83707ada47ab1a9bda048904e639beea
resnet,mixed,43,bandpass_n20004_cV2_electrode_s5,phase2/results/predictions/full/mixed/resnet/seed_43/bandpass_n20004_cV2_electrode_s5.npz,76329,7bead055b31fa75dba31431de93c7ba4e1e2985ad25c4a2f0b4c8d1902370b2f
resnet,mixed,43,bandpass_n20004_cV2_electrode_s0,phase2/results/predictions/full/mixed/resnet/seed_43/bandpass_n20004_cV2_electrode_s0.npz,75993,8176fbc540e4867d552ae337eda63e1dab8d2e8858aa3ed491b76fbf67664700
resnet,mixed,43,bandpass_n20004_cV2_covariance_s20,phase2/results/predictions/full/mixed/resnet/seed_43/bandpass_n20004_cV2_covariance_s20.npz,76524,43fc3fe554defbdc33bb6c4a805bdbe087ce3b0b4c3f24358ebc0e5705ec8a58
resnet,mixed,43,bandpass_n20004_cV2_covariance_s15,phase2/results/predictions/full/mixed/resnet/seed_43/bandpass_n20004_cV2_covariance_s15.npz,76538,3afe632434d6ee5901512eea07c564e59be07e973e7699ccfaea83bdf68763f9
resnet,mixed,43,bandpass_n20004_cV2_covariance_s10,phase2/results/predictions/full/mixed/resnet/seed_43/bandpass_n20004_cV2_covariance_s10.npz,76437,3721198a364ed6333e5efeb916cbf3744650ce23a13355f28773e7a98b2c05b5
resnet,mixed,43,bandpass_n20004_cV2_covariance_s5,phase2/results/predictions/full/mixed/resnet/seed_43/bandpass_n20004_cV2_covariance_s5.npz,76321,ed0a3df4ccbeec5e953b19529198ab7d4a230ca60ab7a4a77a41a09ea47288e5
resnet,mixed,43,bandpass_n20004_cV2_covariance_s0,phase2/results/predictions/full/mixed/resnet/seed_43/bandpass_n20004_cV2_covariance_s0.npz,75962,a6ef0cb973fe40d9614e71c805d09e1df739b90b51287c68cf1db8627c2a9020
resnet,mixed,43,bandpass_n20004_cV3_independent_rms_s20,phase2/results/predictions/full/mixed/resnet/seed_43/bandpass_n20004_cV3_independent_rms_s20.npz,76550,a9e90e20f1e70215f1d093139c91ae42ea8eb28b9b4e72e592d7cbe8b36e6673
resnet,mixed,43,bandpass_n20004_cV3_independent_rms_s15,phase2/results/predictions/full/mixed/resnet/seed_43/bandpass_n20004_cV3_independent_rms_s15.npz,76526,6c6c1a286dd5bb6c2e465c5838cf79e1be2515bc5104badef6d0363dc4016d45
resnet,mixed,43,bandpass_n20004_cV3_independent_rms_s10,phase2/results/predictions/full/mixed/resnet/seed_43/bandpass_n20004_cV3_independent_rms_s10.npz,76509,53573e83d4d7c7943542a645d3187be5c00f48ac0c49cd3b67ea630cb189030f
resnet,mixed,43,bandpass_n20004_cV3_independent_rms_s5,phase2/results/predictions/full/mixed/resnet/seed_43/bandpass_n20004_cV3_independent_rms_s5.npz,76402,910bbaf2f4c387f92a1a3b577fc27b7874f1a9a8b9e79ee8098866a8bce35524
resnet,mixed,43,bandpass_n20004_cV3_independent_rms_s0,phase2/results/predictions/full/mixed/resnet/seed_43/bandpass_n20004_cV3_independent_rms_s0.npz,76139,a2427e3961d154e1f752ad06b5e23ad721a8e1603777cc15456e5fcb169942ae
resnet,mixed,43,bandpass_n20004_cV3_electrode_s20,phase2/results/predictions/full/mixed/resnet/seed_43/bandpass_n20004_cV3_electrode_s20.npz,76536,3af2753750607525e869a80ae583ab81b6257cf438f9c07ca7815d6c48a0ef3f
resnet,mixed,43,bandpass_n20004_cV3_electrode_s15,phase2/results/predictions/full/mixed/resnet/seed_43/bandpass_n20004_cV3_electrode_s15.npz,76508,723550a5bbdd8c82387f2cb27b48116139f9151798542da902305d6e509eb7d2
resnet,mixed,43,bandpass_n20004_cV3_electrode_s10,phase2/results/predictions/full/mixed/resnet/seed_43/bandpass_n20004_cV3_electrode_s10.npz,76499,d33c6beb07dc1a715b96ae1a474c95eb38dc1f1b08b04c2cea06bb954c263e3c
resnet,mixed,43,bandpass_n20004_cV3_electrode_s5,phase2/results/predictions/full/mixed/resnet/seed_43/bandpass_n20004_cV3_electrode_s5.npz,76373,22ef31bef86f8619ee9b675b3f807542e883e98ecd7709efac903ba5762d9a3d
resnet,mixed,43,bandpass_n20004_cV3_electrode_s0,phase2/results/predictions/full/mixed/resnet/seed_43/bandpass_n20004_cV3_electrode_s0.npz,76108,6f7451c8093605437ad097488d17aa951c275fa9e8472e02d81dd0b66b91f6eb
resnet,mixed,43,bandpass_n20004_cV3_covariance_s20,phase2/results/predictions/full/mixed/resnet/seed_43/bandpass_n20004_cV3_covariance_s20.npz,76565,75fa644f4a7b6081a590cc9ca4487ff0300799f3217be256b91891075231f6ef
resnet,mixed,43,bandpass_n20004_cV3_covariance_s15,phase2/results/predictions/full/mixed/resnet/seed_43/bandpass_n20004_cV3_covariance_s15.npz,76542,16eed3c335ef21c50397952f0a4d8f7425d8e0987fbb011a890fd0ecf00bdaea
resnet,mixed,43,bandpass_n20004_cV3_covariance_s10,phase2/results/predictions/full/mixed/resnet/seed_43/bandpass_n20004_cV3_covariance_s10.npz,76540,16056f4880d08c472b5d8c9f7736d036e2c7401009020b629b7c9594fe932a4b
resnet,mixed,43,bandpass_n20004_cV3_covariance_s5,phase2/results/predictions/full/mixed/resnet/seed_43/bandpass_n20004_cV3_covariance_s5.npz,76375,41528b9a482d9bd3b1126019b7702f54fa3b849e6901124466cf2b86d5e772a5
resnet,mixed,43,bandpass_n20004_cV3_covariance_s0,phase2/results/predictions/full/mixed/resnet/seed_43/bandpass_n20004_cV3_covariance_s0.npz,76090,e04cbb20be9d153545545e1c8ed8fc24804c9d7c9466afcfc88713acf4f0d94f
resnet,mixed,43,bandpass_n20004_cV4_independent_rms_s20,phase2/results/predictions/full/mixed/resnet/seed_43/bandpass_n20004_cV4_independent_rms_s20.npz,76558,ea83710426016f5150318e3c0135ec9dd780d9b88f6a3f314f85c75c113209aa
resnet,mixed,43,bandpass_n20004_cV4_independent_rms_s15,phase2/results/predictions/full/mixed/resnet/seed_43/bandpass_n20004_cV4_independent_rms_s15.npz,76547,865b39a79932ce5395d058d0a2babc906b64476a410379c9c814f793530ab9b4
resnet,mixed,43,bandpass_n20004_cV4_independent_rms_s10,phase2/results/predictions/full/mixed/resnet/seed_43/bandpass_n20004_cV4_independent_rms_s10.npz,76510,b00ae9ec5c36fbe02c2a5a1d4ebf2a2e94b7043e8b2baf68595bb5dbd342f59a
resnet,mixed,43,bandpass_n20004_cV4_independent_rms_s5,phase2/results/predictions/full/mixed/resnet/seed_43/bandpass_n20004_cV4_independent_rms_s5.npz,76360,2b767f7570a1fdf50310fcb608fa2caefa9113a6a498eff1333a387430ccb4bc
resnet,mixed,43,bandpass_n20004_cV4_independent_rms_s0,phase2/results/predictions/full/mixed/resnet/seed_43/bandpass_n20004_cV4_independent_rms_s0.npz,76060,33a4b5f3eedfb468d8020e86fe254c5d52b174249934787b1a46821127d01e4c
resnet,mixed,43,bandpass_n20004_cV4_electrode_s20,phase2/results/predictions/full/mixed/resnet/seed_43/bandpass_n20004_cV4_electrode_s20.npz,76553,35fc28bb44e69472db69394d3d717819870d6fde8bf0d7c799321adf64b19690
resnet,mixed,43,bandpass_n20004_cV4_electrode_s15,phase2/results/predictions/full/mixed/resnet/seed_43/bandpass_n20004_cV4_electrode_s15.npz,76521,2eca78c90e1db44187c728088d48928e38cffe0b6f4e9cd186ce66ec8f5ae6ef
resnet,mixed,43,bandpass_n20004_cV4_electrode_s10,phase2/results/predictions/full/mixed/resnet/seed_43/bandpass_n20004_cV4_electrode_s10.npz,76469,aea60972a6dab396ba5706a8b2a76afd509787b05ed0cb78977c7a4157495fa5
resnet,mixed,43,bandpass_n20004_cV4_electrode_s5,phase2/results/predictions/full/mixed/resnet/seed_43/bandpass_n20004_cV4_electrode_s5.npz,76370,5303a4eead37dfd216da9c7f07aa7c2e017647afc92f77ad82368f08be883f35
resnet,mixed,43,bandpass_n20004_cV4_electrode_s0,phase2/results/predictions/full/mixed/resnet/seed_43/bandpass_n20004_cV4_electrode_s0.npz,76052,eaf73bc63ed0cea17fdee8e09f6c00b2ce62c859ad187b1a8909430fc8283342
resnet,mixed,43,bandpass_n20004_cV4_covariance_s20,phase2/results/predictions/full/mixed/resnet/seed_43/bandpass_n20004_cV4_covariance_s20.npz,76531,e0004bcdee157499edff5273e14ce6eb4e142013968c2ea11bec623cd314b6e6
resnet,mixed,43,bandpass_n20004_cV4_covariance_s15,phase2/results/predictions/full/mixed/resnet/seed_43/bandpass_n20004_cV4_covariance_s15.npz,76519,00a335ac59395420f181e514fcb65209955b985d288e52be1e9dc667e4186e9d
resnet,mixed,43,bandpass_n20004_cV4_covariance_s10,phase2/results/predictions/full/mixed/resnet/seed_43/bandpass_n20004_cV4_covariance_s10.npz,76463,a4e101d91483ed7f4ad400ed97f71e41b1ad628719c40c27c04d0d8b48768148
resnet,mixed,43,bandpass_n20004_cV4_covariance_s5,phase2/results/predictions/full/mixed/resnet/seed_43/bandpass_n20004_cV4_covariance_s5.npz,76336,9779872fec35777ade1e1404f621998fb06bbac243967ddfa58376ce81fbd863
resnet,mixed,43,bandpass_n20004_cV4_covariance_s0,phase2/results/predictions/full/mixed/resnet/seed_43/bandpass_n20004_cV4_covariance_s0.npz,76062,bc45ac3225e97b3dddba32778655b7338818ed9a4e88db460fab0baf334d5f07
resnet,mixed,43,bandpass_n20004_cV5_independent_rms_s20,phase2/results/predictions/full/mixed/resnet/seed_43/bandpass_n20004_cV5_independent_rms_s20.npz,76561,3b70ca920cc08ed1dabed800e0fca42db563eb3ccfd2f98400a6e91a54cd560c
resnet,mixed,43,bandpass_n20004_cV5_independent_rms_s15,phase2/results/predictions/full/mixed/resnet/seed_43/bandpass_n20004_cV5_independent_rms_s15.npz,76555,5d61d7260896c62220629719873861f4648f91a4d0d8090c17cbd09f7a65e2d5
resnet,mixed,43,bandpass_n20004_cV5_independent_rms_s10,phase2/results/predictions/full/mixed/resnet/seed_43/bandpass_n20004_cV5_independent_rms_s10.npz,76498,f37fbd5f01c9af66489f06535bb23050dc7cd4b3740bf03937330b5cdf753aaf
resnet,mixed,43,bandpass_n20004_cV5_independent_rms_s5,phase2/results/predictions/full/mixed/resnet/seed_43/bandpass_n20004_cV5_independent_rms_s5.npz,76334,120530c83728ea371aa1550a366494610d400875c1f9c31335d2dcb48c3c8b5c
resnet,mixed,43,bandpass_n20004_cV5_independent_rms_s0,phase2/results/predictions/full/mixed/resnet/seed_43/bandpass_n20004_cV5_independent_rms_s0.npz,76000,a3b138e27fae6976d06d81f21f8ef5863c4986b007ad2dd411ed1a959e0c7f53
resnet,mixed,43,bandpass_n20004_cV5_electrode_s20,phase2/results/predictions/full/mixed/resnet/seed_43/bandpass_n20004_cV5_electrode_s20.npz,76514,08db5013d22c92e8fff3e76fbea8497b5f6d5fe9c7f018d7aeaf429979bb66cd
resnet,mixed,43,bandpass_n20004_cV5_electrode_s15,phase2/results/predictions/full/mixed/resnet/seed_43/bandpass_n20004_cV5_electrode_s15.npz,76519,a06b4ab1b8cc0b2b9f6cf2cc1434c7db7a8154dfc90ff0b1941ee8414d917944
resnet,mixed,43,bandpass_n20004_cV5_electrode_s10,phase2/results/predictions/full/mixed/resnet/seed_43/bandpass_n20004_cV5_electrode_s10.npz,76457,20c39e84b9bec818148774147104199520cba137f26227602ab8ec77ece844de
resnet,mixed,43,bandpass_n20004_cV5_electrode_s5,phase2/results/predictions/full/mixed/resnet/seed_43/bandpass_n20004_cV5_electrode_s5.npz,76324,23f98f5b712c6e25032060287a1fb84977544b073514669c0ecb13a8494bc29b
resnet,mixed,43,bandpass_n20004_cV5_electrode_s0,phase2/results/predictions/full/mixed/resnet/seed_43/bandpass_n20004_cV5_electrode_s0.npz,75988,0d5eb4c4e09986e4c3af7ac3b7e94669cf493e3c674f27df1f592d3f0bdc2c7e
resnet,mixed,43,bandpass_n20004_cV5_covariance_s20,phase2/results/predictions/full/mixed/resnet/seed_43/bandpass_n20004_cV5_covariance_s20.npz,76530,56159a1f81d0c4c591be8d2866c93a99ec42c997aa5d0ffd1137c6ca5b1dd599
resnet,mixed,43,bandpass_n20004_cV5_covariance_s15,phase2/results/predictions/full/mixed/resnet/seed_43/bandpass_n20004_cV5_covariance_s15.npz,76506,6f864308b17589aa1d17235e85b673ae2d96f0cbed718546287b1422eeac08fe
resnet,mixed,43,bandpass_n20004_cV5_covariance_s10,phase2/results/predictions/full/mixed/resnet/seed_43/bandpass_n20004_cV5_covariance_s10.npz,76495,f22aa603ddb2cdca8c4b7b1f4e38859b5fe4ad71f721bb55ac1e85d75609d27c
resnet,mixed,43,bandpass_n20004_cV5_covariance_s5,phase2/results/predictions/full/mixed/resnet/seed_43/bandpass_n20004_cV5_covariance_s5.npz,76339,f2d47881dc0a713366a596987beb8cfc515929d09fe503bf5a1da68970c92cbd
resnet,mixed,43,bandpass_n20004_cV5_covariance_s0,phase2/results/predictions/full/mixed/resnet/seed_43/bandpass_n20004_cV5_covariance_s0.npz,75977,734568e579fb64a8d22360ad8eb09efce1a1786483f8d88e11ee84fb62d76dab
resnet,mixed,43,bandpass_n20004_cV6_independent_rms_s20,phase2/results/predictions/full/mixed/resnet/seed_43/bandpass_n20004_cV6_independent_rms_s20.npz,76576,6760d9af2e403f25f654577c841e43e431259bfcb10a2b773fa4022e07bcbf25
resnet,mixed,43,bandpass_n20004_cV6_independent_rms_s15,phase2/results/predictions/full/mixed/resnet/seed_43/bandpass_n20004_cV6_independent_rms_s15.npz,76516,f2b2b48b5a28bacbf0db02c47772d02a6c0498297fab8daf08f3e4fd867b689c
resnet,mixed,43,bandpass_n20004_cV6_independent_rms_s10,phase2/results/predictions/full/mixed/resnet/seed_43/bandpass_n20004_cV6_independent_rms_s10.npz,76489,2978262a64467f55805bf8c58a51053368c711a3e3c7f2c1650a5005f5bbb500
resnet,mixed,43,bandpass_n20004_cV6_independent_rms_s5,phase2/results/predictions/full/mixed/resnet/seed_43/bandpass_n20004_cV6_independent_rms_s5.npz,76355,41c6efbe1293fc1863d6fcfae3522185ec80fbc8a214d76cb9c32a64f787c9fc
resnet,mixed,43,bandpass_n20004_cV6_independent_rms_s0,phase2/results/predictions/full/mixed/resnet/seed_43/bandpass_n20004_cV6_independent_rms_s0.npz,76068,5f67afb1b2ae9c6ab59fe06593050b96e3890a1db35ab8aaf4e5316f7b8770b8
resnet,mixed,43,bandpass_n20004_cV6_electrode_s20,phase2/results/predictions/full/mixed/resnet/seed_43/bandpass_n20004_cV6_electrode_s20.npz,76555,344cf45e61b1f01e0ec9b3a8b4ea3823c77ca603da30abf0bc7acede2405dc65
resnet,mixed,43,bandpass_n20004_cV6_electrode_s15,phase2/results/predictions/full/mixed/resnet/seed_43/bandpass_n20004_cV6_electrode_s15.npz,76533,245121711aadacdd148259a4026f3f3d9e620b7a7961cb7ea8847eaebae63d13
resnet,mixed,43,bandpass_n20004_cV6_electrode_s10,phase2/results/predictions/full/mixed/resnet/seed_43/bandpass_n20004_cV6_electrode_s10.npz,76499,a2c986698b8d375a39954d49f5890e6e847686c6a78a933244520dc713ed9dc2
resnet,mixed,43,bandpass_n20004_cV6_electrode_s5,phase2/results/predictions/full/mixed/resnet/seed_43/bandpass_n20004_cV6_electrode_s5.npz,76301,4a5b0b960edbba1a0c58b300bb71e457c621b1cefa78ff27cb99096ee0b73abe
resnet,mixed,43,bandpass_n20004_cV6_electrode_s0,phase2/results/predictions/full/mixed/resnet/seed_43/bandpass_n20004_cV6_electrode_s0.npz,76049,3cbeccd509f384f5447a1e0c01e36e890bb9fbdc98f5c605c3905b3c594cbc09
resnet,mixed,43,bandpass_n20004_cV6_covariance_s20,phase2/results/predictions/full/mixed/resnet/seed_43/bandpass_n20004_cV6_covariance_s20.npz,76529,728057b6167463573da4bce760d25a64cf828ca21bfc7d001750cdddb9a0635d
resnet,mixed,43,bandpass_n20004_cV6_covariance_s15,phase2/results/predictions/full/mixed/resnet/seed_43/bandpass_n20004_cV6_covariance_s15.npz,76544,7707eec2e3dd1f56d2f072f09b67dc43c878263fdd14c7632f3b7fae66197929
resnet,mixed,43,bandpass_n20004_cV6_covariance_s10,phase2/results/predictions/full/mixed/resnet/seed_43/bandpass_n20004_cV6_covariance_s10.npz,76499,f144135611dbbe2d73868f69abc723f138e47afa3d8a0a5bf3f55e3ea9ef7545
resnet,mixed,43,bandpass_n20004_cV6_covariance_s5,phase2/results/predictions/full/mixed/resnet/seed_43/bandpass_n20004_cV6_covariance_s5.npz,76350,8ffa1e6162785d066eee31495fbe63a4507341c50ee10d6e354fe7994c2dba57
resnet,mixed,43,bandpass_n20004_cV6_covariance_s0,phase2/results/predictions/full/mixed/resnet/seed_43/bandpass_n20004_cV6_covariance_s0.npz,76067,625d00796d5255af114b8f965929096de610a1255183fd704de00ac5369bc3e0
resnet,mixed,43,bandpass_n20004_cRA_LA_independent_rms_s20,phase2/results/predictions/full/mixed/resnet/seed_43/bandpass_n20004_cRA_LA_independent_rms_s20.npz,76523,e51bcf5afb6dc20403c633406684d7a144e3b93f276475455b58a6a5e5d13528
resnet,mixed,43,bandpass_n20004_cRA_LA_independent_rms_s15,phase2/results/predictions/full/mixed/resnet/seed_43/bandpass_n20004_cRA_LA_independent_rms_s15.npz,76548,d0a0aa811c2690933c74a8b41a2a5f960d8b71bd73124b47fcc4e617ec07dd0e
resnet,mixed,43,bandpass_n20004_cRA_LA_independent_rms_s10,phase2/results/predictions/full/mixed/resnet/seed_43/bandpass_n20004_cRA_LA_independent_rms_s10.npz,76479,a31026aced1c2d472a6c8051dd2d524bc5573b5715975df56abd39e40fdc2466
resnet,mixed,43,bandpass_n20004_cRA_LA_independent_rms_s5,phase2/results/predictions/full/mixed/resnet/seed_43/bandpass_n20004_cRA_LA_independent_rms_s5.npz,76345,6a8788b9a28c6824c335d70c95a4a60372aaacc33307addbe4f85cb260ffa0a7
resnet,mixed,43,bandpass_n20004_cRA_LA_independent_rms_s0,phase2/results/predictions/full/mixed/resnet/seed_43/bandpass_n20004_cRA_LA_independent_rms_s0.npz,76028,2d7fcd9c1b7a5865198b292137c4419d483cd5d8d6c270ebe3fe81ea2f2442db
resnet,mixed,43,bandpass_n20004_cRA_LA_electrode_s20,phase2/results/predictions/full/mixed/resnet/seed_43/bandpass_n20004_cRA_LA_electrode_s20.npz,76556,910cbaaaff76d88b29cf642749006bb12b29e696d904dfce2d0febb15df41dad
resnet,mixed,43,bandpass_n20004_cRA_LA_electrode_s15,phase2/results/predictions/full/mixed/resnet/seed_43/bandpass_n20004_cRA_LA_electrode_s15.npz,76524,dca0a4830e440c369bc948a6297821b705fafe4c35e035849930dd306b0b8762
resnet,mixed,43,bandpass_n20004_cRA_LA_electrode_s10,phase2/results/predictions/full/mixed/resnet/seed_43/bandpass_n20004_cRA_LA_electrode_s10.npz,76441,9d063b993d658b38a8da03c7c800c862bb1465b21fc96aa3e22a8efd979e4dee
resnet,mixed,43,bandpass_n20004_cRA_LA_electrode_s5,phase2/results/predictions/full/mixed/resnet/seed_43/bandpass_n20004_cRA_LA_electrode_s5.npz,76229,96965f1165350e0792a8fdc196647e7fe0bccf58b34b39de4e6812e289bef83c
resnet,mixed,43,bandpass_n20004_cRA_LA_electrode_s0,phase2/results/predictions/full/mixed/resnet/seed_43/bandpass_n20004_cRA_LA_electrode_s0.npz,75931,217ad1d86ccf5664008d1fb72b1a2e3e58535208b43aa44e252bd5bccec09a9f
resnet,mixed,43,bandpass_n20004_cRA_LA_covariance_s20,phase2/results/predictions/full/mixed/resnet/seed_43/bandpass_n20004_cRA_LA_covariance_s20.npz,76538,8e61c828e511fe611714dd395de39a79b64fce6bfde9e5905b0edc7992751168
resnet,mixed,43,bandpass_n20004_cRA_LA_covariance_s15,phase2/results/predictions/full/mixed/resnet/seed_43/bandpass_n20004_cRA_LA_covariance_s15.npz,76516,459490d4dfbeab555a89babe1ee4f81c0a95414a0ae8cbdece94a5c0ffedda96
resnet,mixed,43,bandpass_n20004_cRA_LA_covariance_s10,phase2/results/predictions/full/mixed/resnet/seed_43/bandpass_n20004_cRA_LA_covariance_s10.npz,76461,a778876f288b968e8eb60fc1898e214617394dbebf075296add3b77bf9090bc2
resnet,mixed,43,bandpass_n20004_cRA_LA_covariance_s5,phase2/results/predictions/full/mixed/resnet/seed_43/bandpass_n20004_cRA_LA_covariance_s5.npz,76240,4536c6f4fef7aed32514fbe44b74381177741f2a14da23e7083611dfebd2e6f1
resnet,mixed,43,bandpass_n20004_cRA_LA_covariance_s0,phase2/results/predictions/full/mixed/resnet/seed_43/bandpass_n20004_cRA_LA_covariance_s0.npz,75919,c2487248fde4bf84c4749a1c0170e3fe79dbf0afd941f2030dfb2a4b25b96339
resnet,mixed,43,bandpass_n20004_cLA_LL_independent_rms_s20,phase2/results/predictions/full/mixed/resnet/seed_43/bandpass_n20004_cLA_LL_independent_rms_s20.npz,76536,763b280ef3fed1e9fff214cad9563b031b68d53ef04aed970578abd491e0b094
resnet,mixed,43,bandpass_n20004_cLA_LL_independent_rms_s15,phase2/results/predictions/full/mixed/resnet/seed_43/bandpass_n20004_cLA_LL_independent_rms_s15.npz,76536,66fbb305920e724c0b8a47b556f9304c219d171bf0cc607dbc0d695d047dfb82
resnet,mixed,43,bandpass_n20004_cLA_LL_independent_rms_s10,phase2/results/predictions/full/mixed/resnet/seed_43/bandpass_n20004_cLA_LL_independent_rms_s10.npz,76488,8649f3e77bf6fed9e41b4b0b604f527c5be0ca5c57fce4deb78710cff52dca40
resnet,mixed,43,bandpass_n20004_cLA_LL_independent_rms_s5,phase2/results/predictions/full/mixed/resnet/seed_43/bandpass_n20004_cLA_LL_independent_rms_s5.npz,76321,1122c542d745ef6a162c2b21eb52abb8984ad45264cf3cfbdbe1194ecae362f5
resnet,mixed,43,bandpass_n20004_cLA_LL_independent_rms_s0,phase2/results/predictions/full/mixed/resnet/seed_43/bandpass_n20004_cLA_LL_independent_rms_s0.npz,76013,bb8e7d1dafa72d0eaab3c12cee95737d3a7fe892909d1cdc08ebd076948ee479
resnet,mixed,43,bandpass_n20004_cLA_LL_electrode_s20,phase2/results/predictions/full/mixed/resnet/seed_43/bandpass_n20004_cLA_LL_electrode_s20.npz,76536,d0c04c0c3697b7b3f8e8aa48c4c0d3bb12859c108af0f589c42eeb540193f9d0
resnet,mixed,43,bandpass_n20004_cLA_LL_electrode_s15,phase2/results/predictions/full/mixed/resnet/seed_43/bandpass_n20004_cLA_LL_electrode_s15.npz,76483,4bc67e7c56f6a4eac025fa0dc0095b6766c0f30a6e2a9b5730ece234ae7e5ed4
resnet,mixed,43,bandpass_n20004_cLA_LL_electrode_s10,phase2/results/predictions/full/mixed/resnet/seed_43/bandpass_n20004_cLA_LL_electrode_s10.npz,76407,954c89f427ef8aa3cf0d8eb69af1532f3aeb4d2f14ff2d49c60188aabd8b3a42
resnet,mixed,43,bandpass_n20004_cLA_LL_electrode_s5,phase2/results/predictions/full/mixed/resnet/seed_43/bandpass_n20004_cLA_LL_electrode_s5.npz,76158,2264a53cd7a57b9b41178d9ce9bb1ae6cc1b5bd6131beea706bbdb3a2ccd579b
resnet,mixed,43,bandpass_n20004_cLA_LL_electrode_s0,phase2/results/predictions/full/mixed/resnet/seed_43/bandpass_n20004_cLA_LL_electrode_s0.npz,75755,0dc33d48fc5c08b85f4a5b5a94e70f67b7b59bb14bfa8311c673f76343002139
resnet,mixed,43,bandpass_n20004_cLA_LL_covariance_s20,phase2/results/predictions/full/mixed/resnet/seed_43/bandpass_n20004_cLA_LL_covariance_s20.npz,76558,3cf9c7af7d0c61c2ac79fd72eca9bbf97d190653f79b06805e414c9c7ed07dab
resnet,mixed,43,bandpass_n20004_cLA_LL_covariance_s15,phase2/results/predictions/full/mixed/resnet/seed_43/bandpass_n20004_cLA_LL_covariance_s15.npz,76542,3363b99740e4baf0b373f1653a7aa2bcbd065e05653fdafc7c01fe2871939c61
resnet,mixed,43,bandpass_n20004_cLA_LL_covariance_s10,phase2/results/predictions/full/mixed/resnet/seed_43/bandpass_n20004_cLA_LL_covariance_s10.npz,76357,275c1ac82ec8947751d70e107dd7489bc0bc3a1fbbf2982b5fccb17a67d47bc9
resnet,mixed,43,bandpass_n20004_cLA_LL_covariance_s5,phase2/results/predictions/full/mixed/resnet/seed_43/bandpass_n20004_cLA_LL_covariance_s5.npz,76151,5acfd9ea431bd31c6b396444529bc61a2b4fcba74634aa1c9347008f08aa82d7
resnet,mixed,43,bandpass_n20004_cLA_LL_covariance_s0,phase2/results/predictions/full/mixed/resnet/seed_43/bandpass_n20004_cLA_LL_covariance_s0.npz,75743,857c021ac7b150e8566698a2063e16db6218ffd3991a94ebcfeebec7aef60c77
resnet,mixed,43,bandpass_n20004_cRA_LL_independent_rms_s20,phase2/results/predictions/full/mixed/resnet/seed_43/bandpass_n20004_cRA_LL_independent_rms_s20.npz,76551,08fac9807afa134bd10c7eae1c2b135683bf6c3fa5e8cd8c5435a068970e2de3
resnet,mixed,43,bandpass_n20004_cRA_LL_independent_rms_s15,phase2/results/predictions/full/mixed/resnet/seed_43/bandpass_n20004_cRA_LL_independent_rms_s15.npz,76538,b9d2b8d966cda7e4c628e2d5cc2d8915e5277b3d1121572fcc4e85990ad9434e
resnet,mixed,43,bandpass_n20004_cRA_LL_independent_rms_s10,phase2/results/predictions/full/mixed/resnet/seed_43/bandpass_n20004_cRA_LL_independent_rms_s10.npz,76475,75576e6119568b56a80fd42069e2426ad502b1eba9d4084db2de11b0d5271eb8
resnet,mixed,43,bandpass_n20004_cRA_LL_independent_rms_s5,phase2/results/predictions/full/mixed/resnet/seed_43/bandpass_n20004_cRA_LL_independent_rms_s5.npz,76347,4514afd08e3523fc1827bb6334841a726b401f2eb25f861fd14cfa16e5f7d1d8
resnet,mixed,43,bandpass_n20004_cRA_LL_independent_rms_s0,phase2/results/predictions/full/mixed/resnet/seed_43/bandpass_n20004_cRA_LL_independent_rms_s0.npz,75982,648001a354cc613f8fc95a310d27c326c920538cbb91b2466ef6b29662bfe1ab
resnet,mixed,43,bandpass_n20004_cRA_LL_electrode_s20,phase2/results/predictions/full/mixed/resnet/seed_43/bandpass_n20004_cRA_LL_electrode_s20.npz,76546,d540f7ee198477c6c2e423852afacc45ee1b3f6de6a3e4d34dd1ca04edbe75f5
resnet,mixed,43,bandpass_n20004_cRA_LL_electrode_s15,phase2/results/predictions/full/mixed/resnet/seed_43/bandpass_n20004_cRA_LL_electrode_s15.npz,76523,7fca9411ef8e654397ff95a4dd7f62d912fae72232a0907ca61304dbb7ecbb92
resnet,mixed,43,bandpass_n20004_cRA_LL_electrode_s10,phase2/results/predictions/full/mixed/resnet/seed_43/bandpass_n20004_cRA_LL_electrode_s10.npz,76424,b49576df765ea7423b7b0fdb7e326fd25ef0a6ec402b0111e7a3f3187c547d20
resnet,mixed,43,bandpass_n20004_cRA_LL_electrode_s5,phase2/results/predictions/full/mixed/resnet/seed_43/bandpass_n20004_cRA_LL_electrode_s5.npz,76163,e0fdf677370b684ba8a32e82bd8b61725229cf465b8b7b74cfa3f8404db03bc1
resnet,mixed,43,bandpass_n20004_cRA_LL_electrode_s0,phase2/results/predictions/full/mixed/resnet/seed_43/bandpass_n20004_cRA_LL_electrode_s0.npz,75761,10a7c961131d522cff2e9dcd9a067bf763864aeb9f17fbf27530ff124357529f
resnet,mixed,43,bandpass_n20004_cRA_LL_covariance_s20,phase2/results/predictions/full/mixed/resnet/seed_43/bandpass_n20004_cRA_LL_covariance_s20.npz,76552,f630e0a37bc5e883f17073f4febd5afa439827e8415f30ada3ad2acfc3bdcad0
resnet,mixed,43,bandpass_n20004_cRA_LL_covariance_s15,phase2/results/predictions/full/mixed/resnet/seed_43/bandpass_n20004_cRA_LL_covariance_s15.npz,76522,55b08377b1a9d1ad0441bd639fa5dd5ddf62394d0398afd13abadca111cb579e
resnet,mixed,43,bandpass_n20004_cRA_LL_covariance_s10,phase2/results/predictions/full/mixed/resnet/seed_43/bandpass_n20004_cRA_LL_covariance_s10.npz,76401,d736b243c23181127e04b1fd27746db6778750b365398c2073a4350d92b8d701
resnet,mixed,43,bandpass_n20004_cRA_LL_covariance_s5,phase2/results/predictions/full/mixed/resnet/seed_43/bandpass_n20004_cRA_LL_covariance_s5.npz,76181,f358b3fa7d2267bbd165bcaa3cf6c9a288c7e6068498270511c500565a6ba009
resnet,mixed,43,bandpass_n20004_cRA_LL_covariance_s0,phase2/results/predictions/full/mixed/resnet/seed_43/bandpass_n20004_cRA_LL_covariance_s0.npz,75709,e66cb3d5b967ccac2534c4480b3164e3bbe27de7a04011a1d7687613ce193b3d
resnet,mixed,43,bandpass_n20004_cRA_independent_rms_s20,phase2/results/predictions/full/mixed/resnet/seed_43/bandpass_n20004_cRA_independent_rms_s20.npz,76536,22ad24a3eafa51ebf3a671c67cfb9a8e1dc189ba0039215b169347494822ac05
resnet,mixed,43,bandpass_n20004_cRA_independent_rms_s15,phase2/results/predictions/full/mixed/resnet/seed_43/bandpass_n20004_cRA_independent_rms_s15.npz,76549,bb8bf44889e25a4413fe08acbc5d775b4b4961c172cb9bda7b8c735139468a25
resnet,mixed,43,bandpass_n20004_cRA_independent_rms_s10,phase2/results/predictions/full/mixed/resnet/seed_43/bandpass_n20004_cRA_independent_rms_s10.npz,76453,52cec5c043bfb1cdb9daa63e4332a5d296eab005b5c622abf421711dfa812f32
resnet,mixed,43,bandpass_n20004_cRA_independent_rms_s5,phase2/results/predictions/full/mixed/resnet/seed_43/bandpass_n20004_cRA_independent_rms_s5.npz,76344,c17ab85a5e7d4fe24969149cfb93158fe6aa93e7b59670aea87ba322b07d39de
resnet,mixed,43,bandpass_n20004_cRA_independent_rms_s0,phase2/results/predictions/full/mixed/resnet/seed_43/bandpass_n20004_cRA_independent_rms_s0.npz,76035,cb028e25bf54c47b61682624284688a4acc3aa55bc42c463a89636e67785b6a7
resnet,mixed,43,bandpass_n20004_cRA_electrode_s20,phase2/results/predictions/full/mixed/resnet/seed_43/bandpass_n20004_cRA_electrode_s20.npz,76532,53d82aac3ef6dfcf4e007582d9659e96b7c1666cc178c0553d200f7786c1b27a
resnet,mixed,43,bandpass_n20004_cRA_electrode_s15,phase2/results/predictions/full/mixed/resnet/seed_43/bandpass_n20004_cRA_electrode_s15.npz,76561,52d4e6b1955c6622b7bf958319a7320b0f034b1050c1485edd7e787b0811b2f7
resnet,mixed,43,bandpass_n20004_cRA_electrode_s10,phase2/results/predictions/full/mixed/resnet/seed_43/bandpass_n20004_cRA_electrode_s10.npz,76451,0dc28bc2c391f31427b9d404b619d3ed084198ab399da0acde96a5c1e84b56a3
resnet,mixed,43,bandpass_n20004_cRA_electrode_s5,phase2/results/predictions/full/mixed/resnet/seed_43/bandpass_n20004_cRA_electrode_s5.npz,76266,f5e3b2671cd6ecdb04b7304a1b94bd6717abfc0c82dd98864c529f1c9eae186f
resnet,mixed,43,bandpass_n20004_cRA_electrode_s0,phase2/results/predictions/full/mixed/resnet/seed_43/bandpass_n20004_cRA_electrode_s0.npz,75946,113f25ef0514a04955609ba743b41abe835c67d5c66e1bc11f433fa22a7b5271
resnet,mixed,43,bandpass_n20004_cRA_covariance_s20,phase2/results/predictions/full/mixed/resnet/seed_43/bandpass_n20004_cRA_covariance_s20.npz,76547,5208658c856073d5bd6c19f7680632c2bf0d5341f399c756c18e437b4a062e1c
resnet,mixed,43,bandpass_n20004_cRA_covariance_s15,phase2/results/predictions/full/mixed/resnet/seed_43/bandpass_n20004_cRA_covariance_s15.npz,76530,55a20252595802fa76ad2517b41aeefff3d58a04e4966f05d392c2808339ac39
resnet,mixed,43,bandpass_n20004_cRA_covariance_s10,phase2/results/predictions/full/mixed/resnet/seed_43/bandpass_n20004_cRA_covariance_s10.npz,76466,9fde4938c7b6daeabc9863674ecde16fef41823b425fd21dba8211c55a87b125
resnet,mixed,43,bandpass_n20004_cRA_covariance_s5,phase2/results/predictions/full/mixed/resnet/seed_43/bandpass_n20004_cRA_covariance_s5.npz,76263,168898e5e125f39eaf7ea7591359eaefb79f0c53992081df1738ca5e3e67dd53
resnet,mixed,43,bandpass_n20004_cRA_covariance_s0,phase2/results/predictions/full/mixed/resnet/seed_43/bandpass_n20004_cRA_covariance_s0.npz,75922,6b4e0db53292eb18eb2c839aa0a91f3d4b283ef0ec414e7d51173fb6fb1f7fec
resnet,mixed,43,bandpass_n20004_cLA_independent_rms_s20,phase2/results/predictions/full/mixed/resnet/seed_43/bandpass_n20004_cLA_independent_rms_s20.npz,76564,cd1b59e406e87d57ef5272a7adb18a7c2ee78760dfb35b2fc54395a167ab99fe
resnet,mixed,43,bandpass_n20004_cLA_independent_rms_s15,phase2/results/predictions/full/mixed/resnet/seed_43/bandpass_n20004_cLA_independent_rms_s15.npz,76559,7fb0e967231af4ccc1073b82790d00484157980b0b9bede4ac3e1da039945368
resnet,mixed,43,bandpass_n20004_cLA_independent_rms_s10,phase2/results/predictions/full/mixed/resnet/seed_43/bandpass_n20004_cLA_independent_rms_s10.npz,76472,6bf49a22216dd27987526aa9dac64d577bb4b758bf830190e350a62a833d85d7
resnet,mixed,43,bandpass_n20004_cLA_independent_rms_s5,phase2/results/predictions/full/mixed/resnet/seed_43/bandpass_n20004_cLA_independent_rms_s5.npz,76325,b930e92d933d7c6a75ab78316c004d1a0c215b581722ff7a230baf222cea666c
resnet,mixed,43,bandpass_n20004_cLA_independent_rms_s0,phase2/results/predictions/full/mixed/resnet/seed_43/bandpass_n20004_cLA_independent_rms_s0.npz,76003,f728d31c2ef4ce4e750c9c3b78138c937695914ac8c45e38ee1228719736a750
resnet,mixed,43,bandpass_n20004_cLA_electrode_s20,phase2/results/predictions/full/mixed/resnet/seed_43/bandpass_n20004_cLA_electrode_s20.npz,76539,1fc1bdfc30064a4bf66f483bc9f5f9095351f1d7dd3186379726917ba9d03e89
resnet,mixed,43,bandpass_n20004_cLA_electrode_s15,phase2/results/predictions/full/mixed/resnet/seed_43/bandpass_n20004_cLA_electrode_s15.npz,76525,9c4ce143e53bef81b9b88392ce9577d2e00bbe3451e2e5f5218989cc6677072a
resnet,mixed,43,bandpass_n20004_cLA_electrode_s10,phase2/results/predictions/full/mixed/resnet/seed_43/bandpass_n20004_cLA_electrode_s10.npz,76463,f5ec358cdcc1f70d8b969dc489abbcb1cc04d30ee4a4a8003398e38ecc98dfe5
resnet,mixed,43,bandpass_n20004_cLA_electrode_s5,phase2/results/predictions/full/mixed/resnet/seed_43/bandpass_n20004_cLA_electrode_s5.npz,76242,ff8eb79a3fa6e01840b15ba829543aa5321786f1a86bf310a90e056f8cddb08b
resnet,mixed,43,bandpass_n20004_cLA_electrode_s0,phase2/results/predictions/full/mixed/resnet/seed_43/bandpass_n20004_cLA_electrode_s0.npz,75853,d5139397497060ccc451b8560103e2f66ba6f436c8c7b7e8a8fdd1bf09239d75
resnet,mixed,43,bandpass_n20004_cLA_covariance_s20,phase2/results/predictions/full/mixed/resnet/seed_43/bandpass_n20004_cLA_covariance_s20.npz,76539,c4c25def72b0ed57ad16b0cb0f2a29c1117a81c827fa29536f065ba848ea8e3f
resnet,mixed,43,bandpass_n20004_cLA_covariance_s15,phase2/results/predictions/full/mixed/resnet/seed_43/bandpass_n20004_cLA_covariance_s15.npz,76520,618148d02e0aca70f363e1e454bf13643b024a174971c3fa312803f0939e3859
resnet,mixed,43,bandpass_n20004_cLA_covariance_s10,phase2/results/predictions/full/mixed/resnet/seed_43/bandpass_n20004_cLA_covariance_s10.npz,76440,a6687a9d8881366a7f2bf883a98cc0299d107cbcbff4a73084166782fce9dbfb
resnet,mixed,43,bandpass_n20004_cLA_covariance_s5,phase2/results/predictions/full/mixed/resnet/seed_43/bandpass_n20004_cLA_covariance_s5.npz,76253,3e0fbeae6f1464d46e25a32fec16e080ed0805661ae0ab194df0a00cf84a63f2
resnet,mixed,43,bandpass_n20004_cLA_covariance_s0,phase2/results/predictions/full/mixed/resnet/seed_43/bandpass_n20004_cLA_covariance_s0.npz,75820,d42429b73632c667e77b9fee9c8ddcd064917666b2555552fd323bf28c3dc1ef
resnet,mixed,43,bandpass_n20004_cLL_independent_rms_s20,phase2/results/predictions/full/mixed/resnet/seed_43/bandpass_n20004_cLL_independent_rms_s20.npz,76559,c9c75ab06cf5f33ac908057503dc2e7eeefd3c32d57d3e7e55b34d2e38687d27
resnet,mixed,43,bandpass_n20004_cLL_independent_rms_s15,phase2/results/predictions/full/mixed/resnet/seed_43/bandpass_n20004_cLL_independent_rms_s15.npz,76545,c39d18323b82236e7bda5bac12b4aef3418a1ff340ca6e04a784ccca8ce7ccad
resnet,mixed,43,bandpass_n20004_cLL_independent_rms_s10,phase2/results/predictions/full/mixed/resnet/seed_43/bandpass_n20004_cLL_independent_rms_s10.npz,76473,21d12387a4d6d092d94738457a3417e34afda05c14bd07cefa7c7e21f8257929
resnet,mixed,43,bandpass_n20004_cLL_independent_rms_s5,phase2/results/predictions/full/mixed/resnet/seed_43/bandpass_n20004_cLL_independent_rms_s5.npz,76286,afdd61e601fd72e0802dc28818abcbd3f2a7aebbb9b09485b60168cc8650aebd
resnet,mixed,43,bandpass_n20004_cLL_independent_rms_s0,phase2/results/predictions/full/mixed/resnet/seed_43/bandpass_n20004_cLL_independent_rms_s0.npz,75983,6d37bb75ad7f63cc5e09fc628590a3bf03b68bdec74afcc59986152d007fb581
resnet,mixed,43,bandpass_n20004_cLL_electrode_s20,phase2/results/predictions/full/mixed/resnet/seed_43/bandpass_n20004_cLL_electrode_s20.npz,76514,67338f1d3357f0b192788c8913388c2ec0cc07975d9d4bed384d1cdeb6388f29
resnet,mixed,43,bandpass_n20004_cLL_electrode_s15,phase2/results/predictions/full/mixed/resnet/seed_43/bandpass_n20004_cLL_electrode_s15.npz,76516,df44855a2f20c1824dac951a79ddc42c9986f17fe4fb524605c80729f7e00599
resnet,mixed,43,bandpass_n20004_cLL_electrode_s10,phase2/results/predictions/full/mixed/resnet/seed_43/bandpass_n20004_cLL_electrode_s10.npz,76356,c8269cfcad89f98ac0b5bdc4c48bc13b5923aa0b9e99d1f1e5f46c4486bc5a1e
resnet,mixed,43,bandpass_n20004_cLL_electrode_s5,phase2/results/predictions/full/mixed/resnet/seed_43/bandpass_n20004_cLL_electrode_s5.npz,76110,c838dbc9834c3d83bd72463f6fb8cea29d1ed5e9e29ed400dba0e6c524910c24
resnet,mixed,43,bandpass_n20004_cLL_electrode_s0,phase2/results/predictions/full/mixed/resnet/seed_43/bandpass_n20004_cLL_electrode_s0.npz,75648,61c329d9bdbe3f1e4a990fa8021ca8e58f9cec4306a980ae0d15158e1a3b2954
resnet,mixed,43,bandpass_n20004_cLL_covariance_s20,phase2/results/predictions/full/mixed/resnet/seed_43/bandpass_n20004_cLL_covariance_s20.npz,76545,9e8fb11f6475ab37fda931beb135550aaf58fc3ff0bc027ee55dbbf98d3eade0
resnet,mixed,43,bandpass_n20004_cLL_covariance_s15,phase2/results/predictions/full/mixed/resnet/seed_43/bandpass_n20004_cLL_covariance_s15.npz,76511,7704d1616b3ee928b3122ae2cccc5edb99e54ffc269ad099c913372c2385ba6b
resnet,mixed,43,bandpass_n20004_cLL_covariance_s10,phase2/results/predictions/full/mixed/resnet/seed_43/bandpass_n20004_cLL_covariance_s10.npz,76405,e345532735d134fe44b25496bd3f6a444c36e9651071af06f08b5e5823cd8b82
resnet,mixed,43,bandpass_n20004_cLL_covariance_s5,phase2/results/predictions/full/mixed/resnet/seed_43/bandpass_n20004_cLL_covariance_s5.npz,76122,910456c4c6b05886cb73fa6fe7035a3b6dd898a56605a738770fd2952858440c
resnet,mixed,43,bandpass_n20004_cLL_covariance_s0,phase2/results/predictions/full/mixed/resnet/seed_43/bandpass_n20004_cLL_covariance_s0.npz,75689,7b783c42b037c6cf4f37532721fc91f5771a7e22a539542b60abfc50246d485b
resnet,mixed,43,bandpass_n20004_cRA_V1_independent_rms_s20,phase2/results/predictions/full/mixed/resnet/seed_43/bandpass_n20004_cRA_V1_independent_rms_s20.npz,76570,a8d13e0c8b9045bfe52b69e707f8d377bf4c2faede1136121ba8a22f0015c7ca
resnet,mixed,43,bandpass_n20004_cRA_V1_independent_rms_s15,phase2/results/predictions/full/mixed/resnet/seed_43/bandpass_n20004_cRA_V1_independent_rms_s15.npz,76561,4864473b27bbde8e4f26544feabf9e07fb51f041123c3ab216b5a14516bbc504
resnet,mixed,43,bandpass_n20004_cRA_V1_independent_rms_s10,phase2/results/predictions/full/mixed/resnet/seed_43/bandpass_n20004_cRA_V1_independent_rms_s10.npz,76496,34e26e03fabc886dbc8d4c6b7bce83088584a89f9d27c8a6ad86d520201a24ba
resnet,mixed,43,bandpass_n20004_cRA_V1_independent_rms_s5,phase2/results/predictions/full/mixed/resnet/seed_43/bandpass_n20004_cRA_V1_independent_rms_s5.npz,76355,e1d308fad030bf81dc0e7891161499cdb443959118833d5d330a3a2931061d80
resnet,mixed,43,bandpass_n20004_cRA_V1_independent_rms_s0,phase2/results/predictions/full/mixed/resnet/seed_43/bandpass_n20004_cRA_V1_independent_rms_s0.npz,76009,bd2e51428f2bcf0ac4df2e17df34fdfa358858d3312bdc7b79a54799e3b0c210
resnet,mixed,43,bandpass_n20004_cRA_V1_electrode_s20,phase2/results/predictions/full/mixed/resnet/seed_43/bandpass_n20004_cRA_V1_electrode_s20.npz,76539,a530300852b7e31e2a8318711901c791224823dd10feaf872b9cfabedfda1528
resnet,mixed,43,bandpass_n20004_cRA_V1_electrode_s15,phase2/results/predictions/full/mixed/resnet/seed_43/bandpass_n20004_cRA_V1_electrode_s15.npz,76546,e98fad9618887d413172b9a4ddefc3c31691edb7199c899812671e8a8961cd1a
resnet,mixed,43,bandpass_n20004_cRA_V1_electrode_s10,phase2/results/predictions/full/mixed/resnet/seed_43/bandpass_n20004_cRA_V1_electrode_s10.npz,76467,bf233107675eabe9cfb82203cc3be374cadf0414ed870d4dc2002c3bb8a7e0b7
resnet,mixed,43,bandpass_n20004_cRA_V1_electrode_s5,phase2/results/predictions/full/mixed/resnet/seed_43/bandpass_n20004_cRA_V1_electrode_s5.npz,76283,9e10f4d0c7c9786d9bf93165a8b48fc3cb716521aa424bb8c24e77889fcb5cba
resnet,mixed,43,bandpass_n20004_cRA_V1_electrode_s0,phase2/results/predictions/full/mixed/resnet/seed_43/bandpass_n20004_cRA_V1_electrode_s0.npz,75957,e1add44b1f33fbdce6e5dcac0e8d0f0fc9fdeae8873c3951d15959573ef212f2
resnet,mixed,43,bandpass_n20004_cRA_V1_covariance_s20,phase2/results/predictions/full/mixed/resnet/seed_43/bandpass_n20004_cRA_V1_covariance_s20.npz,76602,9e59ee641368dff3477075562fc0ae6856d4dabe800f1b90bc092377b3de6085
resnet,mixed,43,bandpass_n20004_cRA_V1_covariance_s15,phase2/results/predictions/full/mixed/resnet/seed_43/bandpass_n20004_cRA_V1_covariance_s15.npz,76545,76a692b01554ec2cd6e4ebcaf9eb69e98b4db73932aba652cec21cdd62fb13f8
resnet,mixed,43,bandpass_n20004_cRA_V1_covariance_s10,phase2/results/predictions/full/mixed/resnet/seed_43/bandpass_n20004_cRA_V1_covariance_s10.npz,76457,301ddffbb67e4bce2bc51a2fde4ce1ef912ab8042475b6cb80ba1cd3f27b908f
resnet,mixed,43,bandpass_n20004_cRA_V1_covariance_s5,phase2/results/predictions/full/mixed/resnet/seed_43/bandpass_n20004_cRA_V1_covariance_s5.npz,76310,078e241400d84dfd99edfd42fc11d7f58fc60a20f53f5b41bc682af7966cbdc6
resnet,mixed,43,bandpass_n20004_cRA_V1_covariance_s0,phase2/results/predictions/full/mixed/resnet/seed_43/bandpass_n20004_cRA_V1_covariance_s0.npz,75968,193e03de198d222e4c61f9799f3743b071d929543eca41a3d9019a31fe29bbec
resnet,mixed,43,bandpass_n20004_cLA_V6_independent_rms_s20,phase2/results/predictions/full/mixed/resnet/seed_43/bandpass_n20004_cLA_V6_independent_rms_s20.npz,76574,385a5aa388a62c0d1b371e86386420466cf50030712b86d0f8668e3f4ca8caa1
resnet,mixed,43,bandpass_n20004_cLA_V6_independent_rms_s15,phase2/results/predictions/full/mixed/resnet/seed_43/bandpass_n20004_cLA_V6_independent_rms_s15.npz,76579,e1a8b8f2e536de76de2f40d14599c37753ced1047eb65d4f816a78a930060746
resnet,mixed,43,bandpass_n20004_cLA_V6_independent_rms_s10,phase2/results/predictions/full/mixed/resnet/seed_43/bandpass_n20004_cLA_V6_independent_rms_s10.npz,76477,63c650c50a3f1b93ca928cf6414cf45e63d5221bc80aae09b8f3e83e1b21fe22
resnet,mixed,43,bandpass_n20004_cLA_V6_independent_rms_s5,phase2/results/predictions/full/mixed/resnet/seed_43/bandpass_n20004_cLA_V6_independent_rms_s5.npz,76341,8a4635dc0996030ba1ec132a9470b698c61073016d50373d605ea144ec2f127d
resnet,mixed,43,bandpass_n20004_cLA_V6_independent_rms_s0,phase2/results/predictions/full/mixed/resnet/seed_43/bandpass_n20004_cLA_V6_independent_rms_s0.npz,76013,47967b6ffd471270e10223382d2bef9700fffeaf091264e332d71612cc2e7989
resnet,mixed,43,bandpass_n20004_cLA_V6_electrode_s20,phase2/results/predictions/full/mixed/resnet/seed_43/bandpass_n20004_cLA_V6_electrode_s20.npz,76555,e9cc781e65c47cfc45860f3d7fb7ae260ec82ddd97e7e815bf48d948c01b64ed
resnet,mixed,43,bandpass_n20004_cLA_V6_electrode_s15,phase2/results/predictions/full/mixed/resnet/seed_43/bandpass_n20004_cLA_V6_electrode_s15.npz,76550,5798072522f380ebe524f1f7d5907858718bb1ac14c973a589485fe3206feeef
resnet,mixed,43,bandpass_n20004_cLA_V6_electrode_s10,phase2/results/predictions/full/mixed/resnet/seed_43/bandpass_n20004_cLA_V6_electrode_s10.npz,76473,55a7f9f0b675f53ec1c435a3be7df3276850c02ba80f4a0361ac951b6d31765d
resnet,mixed,43,bandpass_n20004_cLA_V6_electrode_s5,phase2/results/predictions/full/mixed/resnet/seed_43/bandpass_n20004_cLA_V6_electrode_s5.npz,76269,5a91348d0bfe2779deac17f6c30118db5cdf6994bef64953a3a4de845324b983
resnet,mixed,43,bandpass_n20004_cLA_V6_electrode_s0,phase2/results/predictions/full/mixed/resnet/seed_43/bandpass_n20004_cLA_V6_electrode_s0.npz,75889,f9fd08888a4e5150ff0cbb9118523e56f41b09aca1e68edeefebc7ce9d731d50
resnet,mixed,43,bandpass_n20004_cLA_V6_covariance_s20,phase2/results/predictions/full/mixed/resnet/seed_43/bandpass_n20004_cLA_V6_covariance_s20.npz,76540,63483ddf39bc89e541f6d56fd896649dd3f7cfc005e098ff1fee14e204b30fa6
resnet,mixed,43,bandpass_n20004_cLA_V6_covariance_s15,phase2/results/predictions/full/mixed/resnet/seed_43/bandpass_n20004_cLA_V6_covariance_s15.npz,76553,a7d5a9cf8a47058e7c1eda1e2dfa8fe3b0508005cff676b86a88d691c63dfa11
resnet,mixed,43,bandpass_n20004_cLA_V6_covariance_s10,phase2/results/predictions/full/mixed/resnet/seed_43/bandpass_n20004_cLA_V6_covariance_s10.npz,76424,4e3bc45b12d9701bead707e9c8f98ae2595b558dde2bc0afeb3fbbd135f86b75
resnet,mixed,43,bandpass_n20004_cLA_V6_covariance_s5,phase2/results/predictions/full/mixed/resnet/seed_43/bandpass_n20004_cLA_V6_covariance_s5.npz,76286,ea60a59c53a1d910d23810b54dea97a12d7a15fd6559f6407f709d0ab17af98b
resnet,mixed,43,bandpass_n20004_cLA_V6_covariance_s0,phase2/results/predictions/full/mixed/resnet/seed_43/bandpass_n20004_cLA_V6_covariance_s0.npz,75876,06d27738788da39a77a70a1451f890487092b993608e5f6b8c33c73073c2bfd1
resnet,mixed,43,bandpass_n20004_cLL_V4_independent_rms_s20,phase2/results/predictions/full/mixed/resnet/seed_43/bandpass_n20004_cLL_V4_independent_rms_s20.npz,76567,db20387f66fbcf3094cbd0dc01595a83986d67255cfc8f7f33bde21634141667
resnet,mixed,43,bandpass_n20004_cLL_V4_independent_rms_s15,phase2/results/predictions/full/mixed/resnet/seed_43/bandpass_n20004_cLL_V4_independent_rms_s15.npz,76541,770f4555609fa4ebdd1b9c0abaa1e7ab5a691ae1e8572ccbfe460ff7a7d1f873
resnet,mixed,43,bandpass_n20004_cLL_V4_independent_rms_s10,phase2/results/predictions/full/mixed/resnet/seed_43/bandpass_n20004_cLL_V4_independent_rms_s10.npz,76490,f0ad533f94a1b07bef60126b4dbcab0bf630a59410ee584fb5f8235e5d212c53
resnet,mixed,43,bandpass_n20004_cLL_V4_independent_rms_s5,phase2/results/predictions/full/mixed/resnet/seed_43/bandpass_n20004_cLL_V4_independent_rms_s5.npz,76319,08977d2f0bf78671d07ac85323312dd81b5836ea56a81b0d4c6470f327e89a8b
resnet,mixed,43,bandpass_n20004_cLL_V4_independent_rms_s0,phase2/results/predictions/full/mixed/resnet/seed_43/bandpass_n20004_cLL_V4_independent_rms_s0.npz,76011,f3bb657b4285f564c9027ead1db3e63649d24cd5537c106333a5a64d5cb0f742
resnet,mixed,43,bandpass_n20004_cLL_V4_electrode_s20,phase2/results/predictions/full/mixed/resnet/seed_43/bandpass_n20004_cLL_V4_electrode_s20.npz,76524,2eccb9021a7e7965022f566b58d6819b6b3fef538326106a542703b1146bc1b3
resnet,mixed,43,bandpass_n20004_cLL_V4_electrode_s15,phase2/results/predictions/full/mixed/resnet/seed_43/bandpass_n20004_cLL_V4_electrode_s15.npz,76491,8cd8a62d6060353f8f28ea05e6f981dad19a313f517463898f6e0cb85d050dfd
resnet,mixed,43,bandpass_n20004_cLL_V4_electrode_s10,phase2/results/predictions/full/mixed/resnet/seed_43/bandpass_n20004_cLL_V4_electrode_s10.npz,76403,ffd64e5917ff78cbbf39d654a62787e7ec06d803db616ad4172e2ea3a68066d1
resnet,mixed,43,bandpass_n20004_cLL_V4_electrode_s5,phase2/results/predictions/full/mixed/resnet/seed_43/bandpass_n20004_cLL_V4_electrode_s5.npz,76148,c1534254fe89323527b96c1373343cbfb829ec627ab40b9ac5ef2c66a4b69759
resnet,mixed,43,bandpass_n20004_cLL_V4_electrode_s0,phase2/results/predictions/full/mixed/resnet/seed_43/bandpass_n20004_cLL_V4_electrode_s0.npz,75741,a4e8483532d9227865b82d739defffa15eaa11c15830c6751e3e36d38b217a16
resnet,mixed,43,bandpass_n20004_cLL_V4_covariance_s20,phase2/results/predictions/full/mixed/resnet/seed_43/bandpass_n20004_cLL_V4_covariance_s20.npz,76528,2f1af823be1f44902abcb9a8be5de1bd32d417d715fda430af08396010ccee6f
resnet,mixed,43,bandpass_n20004_cLL_V4_covariance_s15,phase2/results/predictions/full/mixed/resnet/seed_43/bandpass_n20004_cLL_V4_covariance_s15.npz,76473,a0fc8a5c0b51d3a435b0faa3722411b4444a101ee9a88c15cf435169c212d124
resnet,mixed,43,bandpass_n20004_cLL_V4_covariance_s10,phase2/results/predictions/full/mixed/resnet/seed_43/bandpass_n20004_cLL_V4_covariance_s10.npz,76400,06255068b1532b81ca0449af40ec2841729734bc41181a1f7bb97b2f1c572a1c
resnet,mixed,43,bandpass_n20004_cLL_V4_covariance_s5,phase2/results/predictions/full/mixed/resnet/seed_43/bandpass_n20004_cLL_V4_covariance_s5.npz,76179,d1fd4738a81be2098c6de0ec8bdb184c5c96cd362192bf334c1d99a39029d26d
resnet,mixed,43,bandpass_n20004_cLL_V4_covariance_s0,phase2/results/predictions/full/mixed/resnet/seed_43/bandpass_n20004_cLL_V4_covariance_s0.npz,75743,5bf4fa90f83713437adb9fbf8dd1f33da508e79cb9aa564406425d56f6fd2c4e
resnet,mixed,43,bandpass_n20004_cRA_LA_V1_V6_independent_rms_s20,phase2/results/predictions/full/mixed/resnet/seed_43/bandpass_n20004_cRA_LA_V1_V6_independent_rms_s20.npz,76584,fc2acab9508b376f878bbda2aaf4d8aea4ba513fec88ae7d4fb24d3844b59b9f
resnet,mixed,43,bandpass_n20004_cRA_LA_V1_V6_independent_rms_s15,phase2/results/predictions/full/mixed/resnet/seed_43/bandpass_n20004_cRA_LA_V1_V6_independent_rms_s15.npz,76624,bb447fdc51170bb52a754bccb90b86486049bf008d7c479a66f9f149d82a493a
resnet,mixed,43,bandpass_n20004_cRA_LA_V1_V6_independent_rms_s10,phase2/results/predictions/full/mixed/resnet/seed_43/bandpass_n20004_cRA_LA_V1_V6_independent_rms_s10.npz,76531,aaa518046deb3d96154a964b552126933cf0723f5e957ac9c2af5573b2e57859
resnet,mixed,43,bandpass_n20004_cRA_LA_V1_V6_independent_rms_s5,phase2/results/predictions/full/mixed/resnet/seed_43/bandpass_n20004_cRA_LA_V1_V6_independent_rms_s5.npz,76367,bf9493134d113e123d885cca4e661acdcb41cbe7cd3a3debab1e6ac1cf419a43
resnet,mixed,43,bandpass_n20004_cRA_LA_V1_V6_independent_rms_s0,phase2/results/predictions/full/mixed/resnet/seed_43/bandpass_n20004_cRA_LA_V1_V6_independent_rms_s0.npz,76012,2f9d6d585db618346c03229f9c072d1e04e9c57f9c1d145e0a489a26f147fcea
resnet,mixed,43,bandpass_n20004_cRA_LA_V1_V6_electrode_s20,phase2/results/predictions/full/mixed/resnet/seed_43/bandpass_n20004_cRA_LA_V1_V6_electrode_s20.npz,76571,7303a2fb577018f023d1015ffb67ec98240b8c6bb974090dcbf8092eabd7fd36
resnet,mixed,43,bandpass_n20004_cRA_LA_V1_V6_electrode_s15,phase2/results/predictions/full/mixed/resnet/seed_43/bandpass_n20004_cRA_LA_V1_V6_electrode_s15.npz,76588,98c36936e51cb6ec671d45c9a385afd58d14644f285139171ed8dd571481ee04
resnet,mixed,43,bandpass_n20004_cRA_LA_V1_V6_electrode_s10,phase2/results/predictions/full/mixed/resnet/seed_43/bandpass_n20004_cRA_LA_V1_V6_electrode_s10.npz,76460,ba9eb093419ca2188a3c5861b6a6570fcbb7d4b2ddfd6ca0d8b856116e3cf406
resnet,mixed,43,bandpass_n20004_cRA_LA_V1_V6_electrode_s5,phase2/results/predictions/full/mixed/resnet/seed_43/bandpass_n20004_cRA_LA_V1_V6_electrode_s5.npz,76304,eddf694d0ae2c4366f9a8be5ebb9b803abfeb60b7c5bf5f10a5adc07dd4f3c40
resnet,mixed,43,bandpass_n20004_cRA_LA_V1_V6_electrode_s0,phase2/results/predictions/full/mixed/resnet/seed_43/bandpass_n20004_cRA_LA_V1_V6_electrode_s0.npz,75925,a6a693cdddc1be05f3fbf369dfb480a6b00413d9e4e4b1eb90b73d1afa2c80c3
resnet,mixed,43,bandpass_n20004_cRA_LA_V1_V6_covariance_s20,phase2/results/predictions/full/mixed/resnet/seed_43/bandpass_n20004_cRA_LA_V1_V6_covariance_s20.npz,76615,a665df6bcbcb7c5f8aac4b1ad43c639ee508324882fb9820a007d3ab6d755e29
resnet,mixed,43,bandpass_n20004_cRA_LA_V1_V6_covariance_s15,phase2/results/predictions/full/mixed/resnet/seed_43/bandpass_n20004_cRA_LA_V1_V6_covariance_s15.npz,76532,6110abc97c4af7a13a7286db461732f011bf96c8f832c41db354496c2ddbfbd9
resnet,mixed,43,bandpass_n20004_cRA_LA_V1_V6_covariance_s10,phase2/results/predictions/full/mixed/resnet/seed_43/bandpass_n20004_cRA_LA_V1_V6_covariance_s10.npz,76468,2a55b869f892bb6f2c6c1a41b75f096c7ba00244fcf41f4fdd2c509ada028e1f
resnet,mixed,43,bandpass_n20004_cRA_LA_V1_V6_covariance_s5,phase2/results/predictions/full/mixed/resnet/seed_43/bandpass_n20004_cRA_LA_V1_V6_covariance_s5.npz,76301,4b8b2bb7d1fbe8709953fa5b86ef99813cfd1263c7bd9a301bc95747bc4afc28
resnet,mixed,43,bandpass_n20004_cRA_LA_V1_V6_covariance_s0,phase2/results/predictions/full/mixed/resnet/seed_43/bandpass_n20004_cRA_LA_V1_V6_covariance_s0.npz,75954,c939f787824914f3025d69e97ff70f630cdae939fc6fcb0fc132fc9825664d4f
resnet,mixed,43,bandpass_n20004_cRA_V2_V5_independent_rms_s20,phase2/results/predictions/full/mixed/resnet/seed_43/bandpass_n20004_cRA_V2_V5_independent_rms_s20.npz,76618,80ca724030f0a4c2dca0c01e14f589418ef4f1791464669d39b70358989bf582
resnet,mixed,43,bandpass_n20004_cRA_V2_V5_independent_rms_s15,phase2/results/predictions/full/mixed/resnet/seed_43/bandpass_n20004_cRA_V2_V5_independent_rms_s15.npz,76543,b65fdf265ae1012ab3226ab4e0d61134c692f128d584d6245be48365252e8090
resnet,mixed,43,bandpass_n20004_cRA_V2_V5_independent_rms_s10,phase2/results/predictions/full/mixed/resnet/seed_43/bandpass_n20004_cRA_V2_V5_independent_rms_s10.npz,76483,910234ff14b3719b835ca0949cac8a504a2bd3d2e8f0d4629e03e00ec155e351
resnet,mixed,43,bandpass_n20004_cRA_V2_V5_independent_rms_s5,phase2/results/predictions/full/mixed/resnet/seed_43/bandpass_n20004_cRA_V2_V5_independent_rms_s5.npz,76365,053281bd60a7addbf8b6ca6a1cd51633c97f6dfb9a28678245c9bf6b31c361f2
resnet,mixed,43,bandpass_n20004_cRA_V2_V5_independent_rms_s0,phase2/results/predictions/full/mixed/resnet/seed_43/bandpass_n20004_cRA_V2_V5_independent_rms_s0.npz,76028,5d7ac24f1512e9fa7930d545d3f6a892743672c84aa341c814ee2f0f45e1d58c
resnet,mixed,43,bandpass_n20004_cRA_V2_V5_electrode_s20,phase2/results/predictions/full/mixed/resnet/seed_43/bandpass_n20004_cRA_V2_V5_electrode_s20.npz,76563,40fab2ff20f5b717a8b5052c34adf74d4c539076710fc643894e770ad836c473
resnet,mixed,43,bandpass_n20004_cRA_V2_V5_electrode_s15,phase2/results/predictions/full/mixed/resnet/seed_43/bandpass_n20004_cRA_V2_V5_electrode_s15.npz,76541,0e75042055c538b7ae6de08c08bee1210b01e5cd0e8d19457a8b1ea99cbf331b
resnet,mixed,43,bandpass_n20004_cRA_V2_V5_electrode_s10,phase2/results/predictions/full/mixed/resnet/seed_43/bandpass_n20004_cRA_V2_V5_electrode_s10.npz,76472,1788de1c16c7c398ab951d2a31edc87f119ed9e80c7eda05f4481ba6413a27f5
resnet,mixed,43,bandpass_n20004_cRA_V2_V5_electrode_s5,phase2/results/predictions/full/mixed/resnet/seed_43/bandpass_n20004_cRA_V2_V5_electrode_s5.npz,76302,c1f36990ab27efab1dfaa4e66bff664fdd8e0af7ab7b252318cc193b2f399ee8
resnet,mixed,43,bandpass_n20004_cRA_V2_V5_electrode_s0,phase2/results/predictions/full/mixed/resnet/seed_43/bandpass_n20004_cRA_V2_V5_electrode_s0.npz,75986,6c1dc053e48b22138be52fb3ad0b7207802cfff8f7b1e03feee60ebca1dc861d
resnet,mixed,43,bandpass_n20004_cRA_V2_V5_covariance_s20,phase2/results/predictions/full/mixed/resnet/seed_43/bandpass_n20004_cRA_V2_V5_covariance_s20.npz,76578,50547d7d2d8fa761c5cb4a2ea3c9d5dd097c0b501a6106de35d4d7f180d45ac5
resnet,mixed,43,bandpass_n20004_cRA_V2_V5_covariance_s15,phase2/results/predictions/full/mixed/resnet/seed_43/bandpass_n20004_cRA_V2_V5_covariance_s15.npz,76538,fa303fa2b4d8450483f27dcd2e35715f2a3b4e17e4a9ff8fce5e5bb3703060ad
resnet,mixed,43,bandpass_n20004_cRA_V2_V5_covariance_s10,phase2/results/predictions/full/mixed/resnet/seed_43/bandpass_n20004_cRA_V2_V5_covariance_s10.npz,76475,6937b018436133e844c1b9910bd690da89036d4051916216d19536bf354d9a93
resnet,mixed,43,bandpass_n20004_cRA_V2_V5_covariance_s5,phase2/results/predictions/full/mixed/resnet/seed_43/bandpass_n20004_cRA_V2_V5_covariance_s5.npz,76289,1816f6689b4724891597653f011e75d77fa7ce951222f7fa97234642be193c1d
resnet,mixed,43,bandpass_n20004_cRA_V2_V5_covariance_s0,phase2/results/predictions/full/mixed/resnet/seed_43/bandpass_n20004_cRA_V2_V5_covariance_s0.npz,75998,37a7ebe64bcf6dceeb9ef5d27b240e278ae20c53d88e13808918d526afdca13d
resnet,mixed,43,bandpass_n20004_cLA_V3_V6_independent_rms_s20,phase2/results/predictions/full/mixed/resnet/seed_43/bandpass_n20004_cLA_V3_V6_independent_rms_s20.npz,76567,f9d5cf38ff5fa3dbee6972088b5be64968800b4e46ed266193ca04963ba19851
resnet,mixed,43,bandpass_n20004_cLA_V3_V6_independent_rms_s15,phase2/results/predictions/full/mixed/resnet/seed_43/bandpass_n20004_cLA_V3_V6_independent_rms_s15.npz,76569,cb6b28b9c974ede2233ca8635f332b495cb920f989ea51ec450533948e9fac30
resnet,mixed,43,bandpass_n20004_cLA_V3_V6_independent_rms_s10,phase2/results/predictions/full/mixed/resnet/seed_43/bandpass_n20004_cLA_V3_V6_independent_rms_s10.npz,76488,7ce99a6c7686611ba62f4c7ed25d073eec7b6d99930f1932cda8e09efe2e70d9
resnet,mixed,43,bandpass_n20004_cLA_V3_V6_independent_rms_s5,phase2/results/predictions/full/mixed/resnet/seed_43/bandpass_n20004_cLA_V3_V6_independent_rms_s5.npz,76394,2d5438942ab33f702e25f0edba7517e06486ea63bb052d5d5fbc5aab1bab95da
resnet,mixed,43,bandpass_n20004_cLA_V3_V6_independent_rms_s0,phase2/results/predictions/full/mixed/resnet/seed_43/bandpass_n20004_cLA_V3_V6_independent_rms_s0.npz,76058,7789cd136fd6a13d7ea26655c2c70839f59d3a80fa629c3446221f96c7d693ae
resnet,mixed,43,bandpass_n20004_cLA_V3_V6_electrode_s20,phase2/results/predictions/full/mixed/resnet/seed_43/bandpass_n20004_cLA_V3_V6_electrode_s20.npz,76535,03f34e3af30bba597c8ae9b3e02eb925c253a95c01e2570513962816ee27cc41
resnet,mixed,43,bandpass_n20004_cLA_V3_V6_electrode_s15,phase2/results/predictions/full/mixed/resnet/seed_43/bandpass_n20004_cLA_V3_V6_electrode_s15.npz,76545,ea1f677852cbbc4fe6c7143f807521a261f48dd8e4dffae8562366961142965f
resnet,mixed,43,bandpass_n20004_cLA_V3_V6_electrode_s10,phase2/results/predictions/full/mixed/resnet/seed_43/bandpass_n20004_cLA_V3_V6_electrode_s10.npz,76444,9ebe2fe8e038bdf5837c7dade244bb6346ff1c5abf608571440919f33140e0a5
resnet,mixed,43,bandpass_n20004_cLA_V3_V6_electrode_s5,phase2/results/predictions/full/mixed/resnet/seed_43/bandpass_n20004_cLA_V3_V6_electrode_s5.npz,76298,28110be83f5db8c1717231076a9f9dbbee0c1fc41ac6a93b97b9d102248760c8
resnet,mixed,43,bandpass_n20004_cLA_V3_V6_electrode_s0,phase2/results/predictions/full/mixed/resnet/seed_43/bandpass_n20004_cLA_V3_V6_electrode_s0.npz,75972,ecb54d21a67ad3c6f5a0b193ad5a1572a045ec5f14170ba00dc1b282444b62eb
resnet,mixed,43,bandpass_n20004_cLA_V3_V6_covariance_s20,phase2/results/predictions/full/mixed/resnet/seed_43/bandpass_n20004_cLA_V3_V6_covariance_s20.npz,76579,4f4d87572092e4f571ee8563bc5294d1cde56c61c542d878a23939105b5f5f95
resnet,mixed,43,bandpass_n20004_cLA_V3_V6_covariance_s15,phase2/results/predictions/full/mixed/resnet/seed_43/bandpass_n20004_cLA_V3_V6_covariance_s15.npz,76589,607106b623f224a79710fc42a2e1aca0868f93b9928de687e5365318237317a2
resnet,mixed,43,bandpass_n20004_cLA_V3_V6_covariance_s10,phase2/results/predictions/full/mixed/resnet/seed_43/bandpass_n20004_cLA_V3_V6_covariance_s10.npz,76462,a3fb9528283eb35d9da14a1188c0adce998a7677a9cc1bbe8c28abb78702ebad
resnet,mixed,43,bandpass_n20004_cLA_V3_V6_covariance_s5,phase2/results/predictions/full/mixed/resnet/seed_43/bandpass_n20004_cLA_V3_V6_covariance_s5.npz,76302,cbf3a704a6d5d25261e293fcc1769058c163011644a03edd187c2b193d9ff35b
resnet,mixed,43,bandpass_n20004_cLA_V3_V6_covariance_s0,phase2/results/predictions/full/mixed/resnet/seed_43/bandpass_n20004_cLA_V3_V6_covariance_s0.npz,75977,a60c0025290d68fa3c4fac5bb3db2a6ba4424ed0b821f183a3e287aecf7f84a3
resnet,mixed,43,bandpass_n20004_cLL_V1_V4_independent_rms_s20,phase2/results/predictions/full/mixed/resnet/seed_43/bandpass_n20004_cLL_V1_V4_independent_rms_s20.npz,76583,c15a422db422af95bd18d82214e19abac92e3cdd1934c2d3c4e0ab872fe4a24c
resnet,mixed,43,bandpass_n20004_cLL_V1_V4_independent_rms_s15,phase2/results/predictions/full/mixed/resnet/seed_43/bandpass_n20004_cLL_V1_V4_independent_rms_s15.npz,76524,2a3357dd9b675a77ed02562de8a36ce093ce621f27362589aa11dcb372b3441a
resnet,mixed,43,bandpass_n20004_cLL_V1_V4_independent_rms_s10,phase2/results/predictions/full/mixed/resnet/seed_43/bandpass_n20004_cLL_V1_V4_independent_rms_s10.npz,76524,2c1d2bad583c222ede7d5af3d494b8c678cc0029b8e16e814bb054a7bc56408c
resnet,mixed,43,bandpass_n20004_cLL_V1_V4_independent_rms_s5,phase2/results/predictions/full/mixed/resnet/seed_43/bandpass_n20004_cLL_V1_V4_independent_rms_s5.npz,76357,75859952fdf29cdde7cc52fd895927f147ad76c565d7f71bcabb1476b048d7ba
resnet,mixed,43,bandpass_n20004_cLL_V1_V4_independent_rms_s0,phase2/results/predictions/full/mixed/resnet/seed_43/bandpass_n20004_cLL_V1_V4_independent_rms_s0.npz,75985,d91ed1325a79fbf8c9c431b236e6d6503b108e8fe428b5bf35796bbeb14599ad
resnet,mixed,43,bandpass_n20004_cLL_V1_V4_electrode_s20,phase2/results/predictions/full/mixed/resnet/seed_43/bandpass_n20004_cLL_V1_V4_electrode_s20.npz,76544,4322dab12ebd86616680e44787f9aae3c2d91be4df9ad3d7d0b8dffd0678a9d3
resnet,mixed,43,bandpass_n20004_cLL_V1_V4_electrode_s15,phase2/results/predictions/full/mixed/resnet/seed_43/bandpass_n20004_cLL_V1_V4_electrode_s15.npz,76516,1541592b97b4658655d2869c858d703f521de2504684567f9c605835b65ac70d
resnet,mixed,43,bandpass_n20004_cLL_V1_V4_electrode_s10,phase2/results/predictions/full/mixed/resnet/seed_43/bandpass_n20004_cLL_V1_V4_electrode_s10.npz,76431,1300e5aa0bddf18daacd1637b2bc26f8db22889bb100974cad28962ccacd60de
resnet,mixed,43,bandpass_n20004_cLL_V1_V4_electrode_s5,phase2/results/predictions/full/mixed/resnet/seed_43/bandpass_n20004_cLL_V1_V4_electrode_s5.npz,76204,5ff8b08b2f43e46d8a0a5199e4ca9d2b8fdbd3c7a395ec9a5f4764b7f1964438
resnet,mixed,43,bandpass_n20004_cLL_V1_V4_electrode_s0,phase2/results/predictions/full/mixed/resnet/seed_43/bandpass_n20004_cLL_V1_V4_electrode_s0.npz,75740,102161e8a2758161d8fbf2df6c4c2d99d8b6141fdf799d3e9d7cf2e2fe3a2f47
resnet,mixed,43,bandpass_n20004_cLL_V1_V4_covariance_s20,phase2/results/predictions/full/mixed/resnet/seed_43/bandpass_n20004_cLL_V1_V4_covariance_s20.npz,76575,be47b3f94fcf71dc9a65cf204f2c2b33543bf5724542ab2f88a3ef31c786a79d
resnet,mixed,43,bandpass_n20004_cLL_V1_V4_covariance_s15,phase2/results/predictions/full/mixed/resnet/seed_43/bandpass_n20004_cLL_V1_V4_covariance_s15.npz,76499,dec98a4b40ace8f3edc19e69422fb9a133db911967c8aad8e79aa7b368eaf2f3
resnet,mixed,43,bandpass_n20004_cLL_V1_V4_covariance_s10,phase2/results/predictions/full/mixed/resnet/seed_43/bandpass_n20004_cLL_V1_V4_covariance_s10.npz,76402,d676582051a0aa2830672e5520398fed2a30bb155f95a823dcb3a80b83646f3d
resnet,mixed,43,bandpass_n20004_cLL_V1_V4_covariance_s5,phase2/results/predictions/full/mixed/resnet/seed_43/bandpass_n20004_cLL_V1_V4_covariance_s5.npz,76226,3ce671063eb04e1b1a796dc83fdd45f0777dd68aa414c06bbc266ba7a8d0cccd
resnet,mixed,43,bandpass_n20004_cLL_V1_V4_covariance_s0,phase2/results/predictions/full/mixed/resnet/seed_43/bandpass_n20004_cLL_V1_V4_covariance_s0.npz,75740,e334eac296e8849bf930ac9c82a399eac41580c7f99a6ce6813e4ff0fc3bf794
resnet,mixed,43,bandpass_n20004_call_independent_rms_s20,phase2/results/predictions/full/mixed/resnet/seed_43/bandpass_n20004_call_independent_rms_s20.npz,76567,b75360249ff84a2e1c075ab885886f3e64504eb5f09d11a5b601a7865f41f484
resnet,mixed,43,bandpass_n20004_call_independent_rms_s15,phase2/results/predictions/full/mixed/resnet/seed_43/bandpass_n20004_call_independent_rms_s15.npz,76532,0d0371197a7e20bcd799b0d47195e829981e0373a5d6aa02fbb9bf708a0d05ef
resnet,mixed,43,bandpass_n20004_call_independent_rms_s10,phase2/results/predictions/full/mixed/resnet/seed_43/bandpass_n20004_call_independent_rms_s10.npz,76467,35f1c8addfa8d5a00ad06d1518227743ba7ef16b637f43e733f6cb5e53a63af6
resnet,mixed,43,bandpass_n20004_call_independent_rms_s5,phase2/results/predictions/full/mixed/resnet/seed_43/bandpass_n20004_call_independent_rms_s5.npz,76318,3f765a5edc3f351947fa40c80f496f12169a551ed615763ac5183c43fc155fa7
resnet,mixed,43,bandpass_n20004_call_independent_rms_s0,phase2/results/predictions/full/mixed/resnet/seed_43/bandpass_n20004_call_independent_rms_s0.npz,75981,3e6f03887ca32e43cd98c4ee45a470e25c043807b9fdbd916a08e186591a1f4b
resnet,mixed,43,bandpass_n20004_call_electrode_s20,phase2/results/predictions/full/mixed/resnet/seed_43/bandpass_n20004_call_electrode_s20.npz,76536,5b574657605943bc74feb45c5bec3d2bc12488c0a9bdb254ff4ca5e462921ae6
resnet,mixed,43,bandpass_n20004_call_electrode_s15,phase2/results/predictions/full/mixed/resnet/seed_43/bandpass_n20004_call_electrode_s15.npz,76502,2004c15f8d34b6c5983910fcd7b54cd91ec97e86c8e35002c2ec14c5c76e2cf4
resnet,mixed,43,bandpass_n20004_call_electrode_s10,phase2/results/predictions/full/mixed/resnet/seed_43/bandpass_n20004_call_electrode_s10.npz,76422,f546f49a656b858037c912c1987e0f59b821a31a447c46c7dac56a618caa6b8e
resnet,mixed,43,bandpass_n20004_call_electrode_s5,phase2/results/predictions/full/mixed/resnet/seed_43/bandpass_n20004_call_electrode_s5.npz,76202,16de50f4ecd33de1ce07bc97ac0dc2d21fa28873328bd9c161bb230e4ece64ec
resnet,mixed,43,bandpass_n20004_call_electrode_s0,phase2/results/predictions/full/mixed/resnet/seed_43/bandpass_n20004_call_electrode_s0.npz,75840,9c5bc34dfdc8ac2ffcae86ea7783ebd641f0318cdbd9a7657f74a7706bb707e6
resnet,mixed,43,bandpass_n20004_call_covariance_s20,phase2/results/predictions/full/mixed/resnet/seed_43/bandpass_n20004_call_covariance_s20.npz,76515,570c0301026fb7f2070caf26caf261a017a3c800082a6900d5b7a501fef8f2ec
resnet,mixed,43,bandpass_n20004_call_covariance_s15,phase2/results/predictions/full/mixed/resnet/seed_43/bandpass_n20004_call_covariance_s15.npz,76520,d92033e37d6bc2baaf6cb0fca5c393964e49c6866276744ba6a6f59c2a737436
resnet,mixed,43,bandpass_n20004_call_covariance_s10,phase2/results/predictions/full/mixed/resnet/seed_43/bandpass_n20004_call_covariance_s10.npz,76403,4bbc20cf984cd2bad8314e956149c814f800a721c09f23327af8d1397d840321
resnet,mixed,43,bandpass_n20004_call_covariance_s5,phase2/results/predictions/full/mixed/resnet/seed_43/bandpass_n20004_call_covariance_s5.npz,76244,959d89a9af2d89556b8f6b0fbd70bffc45e8aa9c541b7962d17b8e66ad034325
resnet,mixed,43,bandpass_n20004_call_covariance_s0,phase2/results/predictions/full/mixed/resnet/seed_43/bandpass_n20004_call_covariance_s0.npz,75826,96b0e02086e44f7f72c7ec383aa2796d43d3b1b30fd1643facbc384387415d5e
resnet,mixed,43,bandpass_n20005_cRA_LA_LL_independent_rms_s20,phase2/results/predictions/full/mixed/resnet/seed_43/bandpass_n20005_cRA_LA_LL_independent_rms_s20.npz,76575,5a068f7aac4ea6c4b369ec353a5e8a50c850b250d3b767a0fa21a8c18e7730f1
resnet,mixed,43,bandpass_n20005_cRA_LA_LL_independent_rms_s15,phase2/results/predictions/full/mixed/resnet/seed_43/bandpass_n20005_cRA_LA_LL_independent_rms_s15.npz,76537,84af0afd3fa3afc17185229774f02721d1091b2f1c897dc15c6906e959442dbb
resnet,mixed,43,bandpass_n20005_cRA_LA_LL_independent_rms_s10,phase2/results/predictions/full/mixed/resnet/seed_43/bandpass_n20005_cRA_LA_LL_independent_rms_s10.npz,76502,0362cde9846582bf30f9b09bb9a8f943a34415bfbe75ee3d57786e52ce87aeaa
resnet,mixed,43,bandpass_n20005_cRA_LA_LL_independent_rms_s5,phase2/results/predictions/full/mixed/resnet/seed_43/bandpass_n20005_cRA_LA_LL_independent_rms_s5.npz,76356,c47382f61f61a6ad5a24dbb502e6dff00b1a288aafac050c0ae1a81a68b80ed0
resnet,mixed,43,bandpass_n20005_cRA_LA_LL_independent_rms_s0,phase2/results/predictions/full/mixed/resnet/seed_43/bandpass_n20005_cRA_LA_LL_independent_rms_s0.npz,76026,30047b859bdd37f23ef0e8880e14de108efe2a53881dac3b6a0fc3738a5efd88
resnet,mixed,43,bandpass_n20005_cRA_LA_LL_electrode_s20,phase2/results/predictions/full/mixed/resnet/seed_43/bandpass_n20005_cRA_LA_LL_electrode_s20.npz,76547,18ee191424be6ba5eff1865d090599028c3ab3209a61abbf3e1f9743242c8cbf
resnet,mixed,43,bandpass_n20005_cRA_LA_LL_electrode_s15,phase2/results/predictions/full/mixed/resnet/seed_43/bandpass_n20005_cRA_LA_LL_electrode_s15.npz,76536,6728a39ff80e7ddd930eec0695884d7248247397e64fde9eea0dd0413f36c42e
resnet,mixed,43,bandpass_n20005_cRA_LA_LL_electrode_s10,phase2/results/predictions/full/mixed/resnet/seed_43/bandpass_n20005_cRA_LA_LL_electrode_s10.npz,76428,635773e28652c10562a7bdfb334fd5199f8f53f1e528c118bae013da7ec50192
resnet,mixed,43,bandpass_n20005_cRA_LA_LL_electrode_s5,phase2/results/predictions/full/mixed/resnet/seed_43/bandpass_n20005_cRA_LA_LL_electrode_s5.npz,76210,ce1f40d4a34835ff4e8ba5d7804c743fa671b1277581d1adc3a6f9aed7427e05
resnet,mixed,43,bandpass_n20005_cRA_LA_LL_electrode_s0,phase2/results/predictions/full/mixed/resnet/seed_43/bandpass_n20005_cRA_LA_LL_electrode_s0.npz,75790,da89a89b6df04d6901ecf6e28732fbe7d6c89925f5c07e595c17fe250339cf26
resnet,mixed,43,bandpass_n20005_cRA_LA_LL_covariance_s20,phase2/results/predictions/full/mixed/resnet/seed_43/bandpass_n20005_cRA_LA_LL_covariance_s20.npz,76516,10863b84dc3eb67b01a8b358968b19e24e1682bbd65cceddc3087e1618e2ce12
resnet,mixed,43,bandpass_n20005_cRA_LA_LL_covariance_s15,phase2/results/predictions/full/mixed/resnet/seed_43/bandpass_n20005_cRA_LA_LL_covariance_s15.npz,76523,72c76b11f39469513dbc700971a1cc5569c8a8dc3ffdb7f2018cc564f178df62
resnet,mixed,43,bandpass_n20005_cRA_LA_LL_covariance_s10,phase2/results/predictions/full/mixed/resnet/seed_43/bandpass_n20005_cRA_LA_LL_covariance_s10.npz,76405,a55542e580ee6c1aaa8c1cb178355bd155ebddb77b8eb91131be636ecc292f74
resnet,mixed,43,bandpass_n20005_cRA_LA_LL_covariance_s5,phase2/results/predictions/full/mixed/resnet/seed_43/bandpass_n20005_cRA_LA_LL_covariance_s5.npz,76233,135ad8e49300299cb94cccb6eda55aa2821c2d1336875f3fabbabeadfcbf92da
resnet,mixed,43,bandpass_n20005_cRA_LA_LL_covariance_s0,phase2/results/predictions/full/mixed/resnet/seed_43/bandpass_n20005_cRA_LA_LL_covariance_s0.npz,75786,c46ff3bccafea782cca564ce426047b5e02ba3e5755845428e59177cd7687da9
resnet,mixed,43,bandpass_n20005_cV1_independent_rms_s20,phase2/results/predictions/full/mixed/resnet/seed_43/bandpass_n20005_cV1_independent_rms_s20.npz,76569,71adf8aec47d5c4f487c1550e2d2b288bdc1678abccb8e01b393610d8b7c8647
resnet,mixed,43,bandpass_n20005_cV1_independent_rms_s15,phase2/results/predictions/full/mixed/resnet/seed_43/bandpass_n20005_cV1_independent_rms_s15.npz,76545,b9846a50ebfa5dafec9a665a75046d89adb14736f8d9bd36383716039d5f9f39
resnet,mixed,43,bandpass_n20005_cV1_independent_rms_s10,phase2/results/predictions/full/mixed/resnet/seed_43/bandpass_n20005_cV1_independent_rms_s10.npz,76508,31e54a0c1b1e143e9fae6856386459e176ee9fe68d9eff3dd2aa405165d1a0ea
resnet,mixed,43,bandpass_n20005_cV1_independent_rms_s5,phase2/results/predictions/full/mixed/resnet/seed_43/bandpass_n20005_cV1_independent_rms_s5.npz,76331,e48602c92cdd6609791ade3c3f5e888440590cdbefbb604100c4da59b1e827b7
resnet,mixed,43,bandpass_n20005_cV1_independent_rms_s0,phase2/results/predictions/full/mixed/resnet/seed_43/bandpass_n20005_cV1_independent_rms_s0.npz,75875,f1213fc87dae15fa535a8ebe920d2fd8c8a6f72f11780ab71f7d32b13e14f2f0
resnet,mixed,43,bandpass_n20005_cV1_electrode_s20,phase2/results/predictions/full/mixed/resnet/seed_43/bandpass_n20005_cV1_electrode_s20.npz,76527,93c8e75c2975383430e7f3515fd7ba2d2b01d88b42445e5fba167cdde0501c9b
resnet,mixed,43,bandpass_n20005_cV1_electrode_s15,phase2/results/predictions/full/mixed/resnet/seed_43/bandpass_n20005_cV1_electrode_s15.npz,76512,48d3bb7d63ba027979fa7e38736bd7294e9c226d903fed866dfae4d0b6f65151
resnet,mixed,43,bandpass_n20005_cV1_electrode_s10,phase2/results/predictions/full/mixed/resnet/seed_43/bandpass_n20005_cV1_electrode_s10.npz,76494,9503a72af1fb15f801d16b25bf8adcf4d6ab1f41d7597875ecd42aca9776bf9e
resnet,mixed,43,bandpass_n20005_cV1_electrode_s5,phase2/results/predictions/full/mixed/resnet/seed_43/bandpass_n20005_cV1_electrode_s5.npz,76305,4f682b02a33591f8310c5bcf0227d163943f34199d09f1b81dfc0141d6d69231
resnet,mixed,43,bandpass_n20005_cV1_electrode_s0,phase2/results/predictions/full/mixed/resnet/seed_43/bandpass_n20005_cV1_electrode_s0.npz,75884,84b8da3a919c27f50a7dd2ed3c6c7962ec8a1bd415d912443196ed6fba31cffb
resnet,mixed,43,bandpass_n20005_cV1_covariance_s20,phase2/results/predictions/full/mixed/resnet/seed_43/bandpass_n20005_cV1_covariance_s20.npz,76544,b446ea490a24e6d59b9a46c2526be1720c65cf528dfd0afcfdc824fbee7b173c
resnet,mixed,43,bandpass_n20005_cV1_covariance_s15,phase2/results/predictions/full/mixed/resnet/seed_43/bandpass_n20005_cV1_covariance_s15.npz,76524,3191677510b73eb7691a4bad330713be79585dc52a9992c2f219fea321ec5a82
resnet,mixed,43,bandpass_n20005_cV1_covariance_s10,phase2/results/predictions/full/mixed/resnet/seed_43/bandpass_n20005_cV1_covariance_s10.npz,76518,475645e5b81923e96a62b67d38aaa62cf6495a7c0b71f07a2389bf2c1978c924
resnet,mixed,43,bandpass_n20005_cV1_covariance_s5,phase2/results/predictions/full/mixed/resnet/seed_43/bandpass_n20005_cV1_covariance_s5.npz,76335,316eed932682df0135d978e8a0d036094394966e303024b3d292103428be376c
resnet,mixed,43,bandpass_n20005_cV1_covariance_s0,phase2/results/predictions/full/mixed/resnet/seed_43/bandpass_n20005_cV1_covariance_s0.npz,75874,a34aad29216ae7edbdcdf28926bc726916b37af042952fb440f5c7a2049d9c16
resnet,mixed,43,bandpass_n20005_cV2_independent_rms_s20,phase2/results/predictions/full/mixed/resnet/seed_43/bandpass_n20005_cV2_independent_rms_s20.npz,76574,d3471492b5fd672fd93a2d6aac7271475389cd803284ab8dd14167dfc50bce13
resnet,mixed,43,bandpass_n20005_cV2_independent_rms_s15,phase2/results/predictions/full/mixed/resnet/seed_43/bandpass_n20005_cV2_independent_rms_s15.npz,76535,d6268d42d9578f08d8bf2e94672067813bd7750f7923f57124bf6f92e11a9c7c
resnet,mixed,43,bandpass_n20005_cV2_independent_rms_s10,phase2/results/predictions/full/mixed/resnet/seed_43/bandpass_n20005_cV2_independent_rms_s10.npz,76492,d7fbcb677bb9964af0cc36e53d8f1997f13a65337d2298954f123719759a1ba3
resnet,mixed,43,bandpass_n20005_cV2_independent_rms_s5,phase2/results/predictions/full/mixed/resnet/seed_43/bandpass_n20005_cV2_independent_rms_s5.npz,76311,be0cadcd199a5ab2b6d590816256c880508b1aeef82226eda61e5f0a51357afe
resnet,mixed,43,bandpass_n20005_cV2_independent_rms_s0,phase2/results/predictions/full/mixed/resnet/seed_43/bandpass_n20005_cV2_independent_rms_s0.npz,75994,f0770361b74dd837d9f91043496502e258a0591e52c92c18b7f61eb10a9b6b20
resnet,mixed,43,bandpass_n20005_cV2_electrode_s20,phase2/results/predictions/full/mixed/resnet/seed_43/bandpass_n20005_cV2_electrode_s20.npz,76537,6cf99839426d113eb7f387d0a11202fe9c0b899a5c29d06520210ead188506a8
resnet,mixed,43,bandpass_n20005_cV2_electrode_s15,phase2/results/predictions/full/mixed/resnet/seed_43/bandpass_n20005_cV2_electrode_s15.npz,76530,76de2cb4e49198829a8e60932ec8b2411576b51c2b85daa8760db859fe66258a
resnet,mixed,43,bandpass_n20005_cV2_electrode_s10,phase2/results/predictions/full/mixed/resnet/seed_43/bandpass_n20005_cV2_electrode_s10.npz,76496,4c26b3134403b43e31a19381c909601cb657ac1152bc0e905a2135e8cd821985
resnet,mixed,43,bandpass_n20005_cV2_electrode_s5,phase2/results/predictions/full/mixed/resnet/seed_43/bandpass_n20005_cV2_electrode_s5.npz,76311,276f09a7a6680b41b9e9f79fe6bc1eecc1784c9198c2537bc3190c1b3f64a11a
resnet,mixed,43,bandpass_n20005_cV2_electrode_s0,phase2/results/predictions/full/mixed/resnet/seed_43/bandpass_n20005_cV2_electrode_s0.npz,75987,c930172b106b8ee3fc80b7c4431fa88b961f83c15954217bf1d6ce133ec8de20
resnet,mixed,43,bandpass_n20005_cV2_covariance_s20,phase2/results/predictions/full/mixed/resnet/seed_43/bandpass_n20005_cV2_covariance_s20.npz,76543,54210c795c2ed7e3173fc906f62bce885e15aa7a58f64ad45eea6e144fd6de2a
resnet,mixed,43,bandpass_n20005_cV2_covariance_s15,phase2/results/predictions/full/mixed/resnet/seed_43/bandpass_n20005_cV2_covariance_s15.npz,76545,2bd15ce1b7d3c2c9b7ddbb95b96acbb0a32dff205bfac6194ddb6294736c63e3
resnet,mixed,43,bandpass_n20005_cV2_covariance_s10,phase2/results/predictions/full/mixed/resnet/seed_43/bandpass_n20005_cV2_covariance_s10.npz,76474,1aeda27d683d48d94b54d90f104598c84403c8ff6b6529bd4b95c2d41ba5a78d
resnet,mixed,43,bandpass_n20005_cV2_covariance_s5,phase2/results/predictions/full/mixed/resnet/seed_43/bandpass_n20005_cV2_covariance_s5.npz,76351,b4a169184714419ddc6f0176573ca0301c59c154ffa8aecf853becdea273f34c
resnet,mixed,43,bandpass_n20005_cV2_covariance_s0,phase2/results/predictions/full/mixed/resnet/seed_43/bandpass_n20005_cV2_covariance_s0.npz,76010,aca79c101ab8af99771c5c01dad48fe82f440e43e94f602db9f256b0a855afb9
resnet,mixed,43,bandpass_n20005_cV3_independent_rms_s20,phase2/results/predictions/full/mixed/resnet/seed_43/bandpass_n20005_cV3_independent_rms_s20.npz,76551,2d06e0fbd62141624a985d55135dc0ba80a2194b1d55f23f938a7640d6367615
resnet,mixed,43,bandpass_n20005_cV3_independent_rms_s15,phase2/results/predictions/full/mixed/resnet/seed_43/bandpass_n20005_cV3_independent_rms_s15.npz,76554,878722829f716949bb2458bb47a47a1a0fb7274315c4251d7745e9215fca705c
resnet,mixed,43,bandpass_n20005_cV3_independent_rms_s10,phase2/results/predictions/full/mixed/resnet/seed_43/bandpass_n20005_cV3_independent_rms_s10.npz,76488,bd1c384c29d89c9dfa6af7a634aada9512dda608f88431cb9da780db1f34a4e8
resnet,mixed,43,bandpass_n20005_cV3_independent_rms_s5,phase2/results/predictions/full/mixed/resnet/seed_43/bandpass_n20005_cV3_independent_rms_s5.npz,76414,e61cfa621fbb9b177b75c01a44f0b91b0973babb5f894c322551c27f391b4435
resnet,mixed,43,bandpass_n20005_cV3_independent_rms_s0,phase2/results/predictions/full/mixed/resnet/seed_43/bandpass_n20005_cV3_independent_rms_s0.npz,76126,221f5b45547db5b12211fdccaf5fbf7c89069ae87b63324451411c20cf1d5a57
resnet,mixed,43,bandpass_n20005_cV3_electrode_s20,phase2/results/predictions/full/mixed/resnet/seed_43/bandpass_n20005_cV3_electrode_s20.npz,76523,90a94e91bd9cc69fa4ecc4a2f7c088bbdf77e3707dae163fb3524958b8dad993
resnet,mixed,43,bandpass_n20005_cV3_electrode_s15,phase2/results/predictions/full/mixed/resnet/seed_43/bandpass_n20005_cV3_electrode_s15.npz,76560,74aed29cb5021ec6a0afd10e9036dcd66b5fd47f78179febc8857b72e11c11e0
resnet,mixed,43,bandpass_n20005_cV3_electrode_s10,phase2/results/predictions/full/mixed/resnet/seed_43/bandpass_n20005_cV3_electrode_s10.npz,76486,f52cba582f4aa89c7e27922d94799f5a1bfe4f43a6cac1ed7dc2f810fc746172
resnet,mixed,43,bandpass_n20005_cV3_electrode_s5,phase2/results/predictions/full/mixed/resnet/seed_43/bandpass_n20005_cV3_electrode_s5.npz,76398,360a20cd3ac72e54ab50dc66ad5b82440fff9cf8666270653556794a54b41f44
resnet,mixed,43,bandpass_n20005_cV3_electrode_s0,phase2/results/predictions/full/mixed/resnet/seed_43/bandpass_n20005_cV3_electrode_s0.npz,76107,f6f1db4595a21f7c1f55e7c3a0f5bfec916e533da2d7a0c7555cc00d4e0a2bed
resnet,mixed,43,bandpass_n20005_cV3_covariance_s20,phase2/results/predictions/full/mixed/resnet/seed_43/bandpass_n20005_cV3_covariance_s20.npz,76572,d6bcbdf68d9f8c3eea4f3bc702b954ded3ba5f9080b17511b2fece0f32be7e4c
resnet,mixed,43,bandpass_n20005_cV3_covariance_s15,phase2/results/predictions/full/mixed/resnet/seed_43/bandpass_n20005_cV3_covariance_s15.npz,76530,cd7160e85ec2b4fcb4e22f72fe13386fcc96a20f2c635bef994cd9ba673f6356
resnet,mixed,43,bandpass_n20005_cV3_covariance_s10,phase2/results/predictions/full/mixed/resnet/seed_43/bandpass_n20005_cV3_covariance_s10.npz,76485,b2a3cd8d894800f26bf806cb35b9142e350c287891bb3a8c3f425ce09f8b0968
resnet,mixed,43,bandpass_n20005_cV3_covariance_s5,phase2/results/predictions/full/mixed/resnet/seed_43/bandpass_n20005_cV3_covariance_s5.npz,76372,03138ba63a193c9a6bf3791b55a1229e1148473642033bc4e5e1cfe3611f86e9
resnet,mixed,43,bandpass_n20005_cV3_covariance_s0,phase2/results/predictions/full/mixed/resnet/seed_43/bandpass_n20005_cV3_covariance_s0.npz,76119,5a6e75de35eee056cd5fd2bc5acba41de51de5b2164788fb653e4d2fd4958cbb
resnet,mixed,43,bandpass_n20005_cV4_independent_rms_s20,phase2/results/predictions/full/mixed/resnet/seed_43/bandpass_n20005_cV4_independent_rms_s20.npz,76565,88e16db136fd44c5733ec07d2a43b91f5bd3c6e0ef401e90ad40bbc76921ac0e
resnet,mixed,43,bandpass_n20005_cV4_independent_rms_s15,phase2/results/predictions/full/mixed/resnet/seed_43/bandpass_n20005_cV4_independent_rms_s15.npz,76540,67edb16d6db64ca5bed1e295eaca231d677c32a03cdf7d23a9e739b26eaa2072
resnet,mixed,43,bandpass_n20005_cV4_independent_rms_s10,phase2/results/predictions/full/mixed/resnet/seed_43/bandpass_n20005_cV4_independent_rms_s10.npz,76507,7ef24b17b1a05ff91f5249eb1553ffa3a0f0559da660ac09d5acdb7846fc4be8
resnet,mixed,43,bandpass_n20005_cV4_independent_rms_s5,phase2/results/predictions/full/mixed/resnet/seed_43/bandpass_n20005_cV4_independent_rms_s5.npz,76365,4b80f336627fe4059be4bf81f26c8b35d5691e99750bf4c80a7cbff2804403fa
resnet,mixed,43,bandpass_n20005_cV4_independent_rms_s0,phase2/results/predictions/full/mixed/resnet/seed_43/bandpass_n20005_cV4_independent_rms_s0.npz,76087,edec9828d5226a91e5596c0782dc3ce51e1e33bf567ade9c028b730ff6ace49c
resnet,mixed,43,bandpass_n20005_cV4_electrode_s20,phase2/results/predictions/full/mixed/resnet/seed_43/bandpass_n20005_cV4_electrode_s20.npz,76528,e58e67a6a31929ec597dd2aea46d3fcd767882c4a64bcc28dea8c98536c79c8e
resnet,mixed,43,bandpass_n20005_cV4_electrode_s15,phase2/results/predictions/full/mixed/resnet/seed_43/bandpass_n20005_cV4_electrode_s15.npz,76539,5e0181c774bd664ed401ca0beac401c80a96cf873cd6601547be6b98305d3c84
resnet,mixed,43,bandpass_n20005_cV4_electrode_s10,phase2/results/predictions/full/mixed/resnet/seed_43/bandpass_n20005_cV4_electrode_s10.npz,76490,25710f5d2e90296f0ea6af0fb14d5d26b5d0e43e4184fe64aca36ceb225d185e
resnet,mixed,43,bandpass_n20005_cV4_electrode_s5,phase2/results/predictions/full/mixed/resnet/seed_43/bandpass_n20005_cV4_electrode_s5.npz,76358,2900eaa4f0ad3e08691beadad077ed6d1ede30c8456b28925822e0a09b7b7c10
resnet,mixed,43,bandpass_n20005_cV4_electrode_s0,phase2/results/predictions/full/mixed/resnet/seed_43/bandpass_n20005_cV4_electrode_s0.npz,76041,279106bc1de748caed85364e3b16c741b76332b21ea71dd3e47c86e862bb21f1
resnet,mixed,43,bandpass_n20005_cV4_covariance_s20,phase2/results/predictions/full/mixed/resnet/seed_43/bandpass_n20005_cV4_covariance_s20.npz,76554,02a6cc97a6ba7e671478388bfa5f4ccade61cd27dc0e70a16421635d5044e919
resnet,mixed,43,bandpass_n20005_cV4_covariance_s15,phase2/results/predictions/full/mixed/resnet/seed_43/bandpass_n20005_cV4_covariance_s15.npz,76537,2ecdf383ce03706844aec04c58c728f506c3fbe5870fff87f1f50aad60f770d3
resnet,mixed,43,bandpass_n20005_cV4_covariance_s10,phase2/results/predictions/full/mixed/resnet/seed_43/bandpass_n20005_cV4_covariance_s10.npz,76489,c1154a8a4a46e7c38e4abc650eaa2b7476a8bd712db01a02e69c6604be088051
resnet,mixed,43,bandpass_n20005_cV4_covariance_s5,phase2/results/predictions/full/mixed/resnet/seed_43/bandpass_n20005_cV4_covariance_s5.npz,76373,5f3be9ba1adc26e284bc5d25b34a03a1cf6a4da51a579c03ae3ab0d78733bedb
resnet,mixed,43,bandpass_n20005_cV4_covariance_s0,phase2/results/predictions/full/mixed/resnet/seed_43/bandpass_n20005_cV4_covariance_s0.npz,76065,77e77118fd0b9eda7443c61648f8d6746b028297c151bb0f901ba26d86fe506c
resnet,mixed,43,bandpass_n20005_cV5_independent_rms_s20,phase2/results/predictions/full/mixed/resnet/seed_43/bandpass_n20005_cV5_independent_rms_s20.npz,76535,8f3170e249c6cb0095941510953e3368d9a1d29db19dc8a11f2aae74b4f78651
resnet,mixed,43,bandpass_n20005_cV5_independent_rms_s15,phase2/results/predictions/full/mixed/resnet/seed_43/bandpass_n20005_cV5_independent_rms_s15.npz,76536,28526d716445c1fd04fae143d5e9269e02533320905c7cc44fb620369dfa8f91
resnet,mixed,43,bandpass_n20005_cV5_independent_rms_s10,phase2/results/predictions/full/mixed/resnet/seed_43/bandpass_n20005_cV5_independent_rms_s10.npz,76480,362b0c67de85d2f402547058e6e4799e6c818ddbeae86570bf7db74fbbea4cb2
resnet,mixed,43,bandpass_n20005_cV5_independent_rms_s5,phase2/results/predictions/full/mixed/resnet/seed_43/bandpass_n20005_cV5_independent_rms_s5.npz,76304,ebb67ae17460f0de2f11391a8a12ca46a2bcf3585526b42987935b314fc44421
resnet,mixed,43,bandpass_n20005_cV5_independent_rms_s0,phase2/results/predictions/full/mixed/resnet/seed_43/bandpass_n20005_cV5_independent_rms_s0.npz,76026,d336da33fda84ff85a7dd08e0430756a9af9d99d7fccc0384d92ce09ce1b2f7c
resnet,mixed,43,bandpass_n20005_cV5_electrode_s20,phase2/results/predictions/full/mixed/resnet/seed_43/bandpass_n20005_cV5_electrode_s20.npz,76521,e1ad0e19898b67500aa6811afc2e1603120369b977fd72e1208b1252cc1b534b
resnet,mixed,43,bandpass_n20005_cV5_electrode_s15,phase2/results/predictions/full/mixed/resnet/seed_43/bandpass_n20005_cV5_electrode_s15.npz,76510,1b430f6024491292ece7453f4537e540866b384000d80c2043cf3af9b73d803d
resnet,mixed,43,bandpass_n20005_cV5_electrode_s10,phase2/results/predictions/full/mixed/resnet/seed_43/bandpass_n20005_cV5_electrode_s10.npz,76472,c29e3025078f8cd3659b2a257aeb75a977f32b8c0382c23d79846019b2192589
resnet,mixed,43,bandpass_n20005_cV5_electrode_s5,phase2/results/predictions/full/mixed/resnet/seed_43/bandpass_n20005_cV5_electrode_s5.npz,76318,293048d004600c3a0334e1da7197b43569634ac4931daaa62963fec3b7b89f4d
resnet,mixed,43,bandpass_n20005_cV5_electrode_s0,phase2/results/predictions/full/mixed/resnet/seed_43/bandpass_n20005_cV5_electrode_s0.npz,75963,91473a2533fe342197e59406876e8aa202e5e007ed7033f296ab601fb0051530
resnet,mixed,43,bandpass_n20005_cV5_covariance_s20,phase2/results/predictions/full/mixed/resnet/seed_43/bandpass_n20005_cV5_covariance_s20.npz,76522,a15a2826caf785b2b624e23e17280c25586345006f0d81ce76fbe1cb58632976
resnet,mixed,43,bandpass_n20005_cV5_covariance_s15,phase2/results/predictions/full/mixed/resnet/seed_43/bandpass_n20005_cV5_covariance_s15.npz,76528,0f5c56210c5cf8c932526fc174219e0323e6eca6ce4a1d739e0e6c555f27a919
resnet,mixed,43,bandpass_n20005_cV5_covariance_s10,phase2/results/predictions/full/mixed/resnet/seed_43/bandpass_n20005_cV5_covariance_s10.npz,76480,8a8e299e3f9c8069aad16690d8cf8072d7dda52b62fb59a4d76e8385653f3f1f
resnet,mixed,43,bandpass_n20005_cV5_covariance_s5,phase2/results/predictions/full/mixed/resnet/seed_43/bandpass_n20005_cV5_covariance_s5.npz,76300,41a3b7af36b6991713985e8fdf1c1d757bf83494dac01ada4a8cdad024f70a8f
resnet,mixed,43,bandpass_n20005_cV5_covariance_s0,phase2/results/predictions/full/mixed/resnet/seed_43/bandpass_n20005_cV5_covariance_s0.npz,76006,c48ebec89b755a15b4f93df5a5fcef2b04dd375327b9be603fd8fd700c9301a9
resnet,mixed,43,bandpass_n20005_cV6_independent_rms_s20,phase2/results/predictions/full/mixed/resnet/seed_43/bandpass_n20005_cV6_independent_rms_s20.npz,76539,ccd11cc61e38a5fbbff9ed0489ee2baa64553ffb26ddb39ddfb9b26d9c4bf3fc
resnet,mixed,43,bandpass_n20005_cV6_independent_rms_s15,phase2/results/predictions/full/mixed/resnet/seed_43/bandpass_n20005_cV6_independent_rms_s15.npz,76533,95fa8c34a0b213a04c9a905037eacf43f60b7612ea04b985948f0276dbd62466
resnet,mixed,43,bandpass_n20005_cV6_independent_rms_s10,phase2/results/predictions/full/mixed/resnet/seed_43/bandpass_n20005_cV6_independent_rms_s10.npz,76497,29d69e18f5b4bb364d7525344c5d2120e6297bf10b04d2858eeecf93f2b2dc0a
resnet,mixed,43,bandpass_n20005_cV6_independent_rms_s5,phase2/results/predictions/full/mixed/resnet/seed_43/bandpass_n20005_cV6_independent_rms_s5.npz,76382,a7427ff99d58bd0c94bb96d6c700c251482688a4b5105e745bd674ab87a7b940
resnet,mixed,43,bandpass_n20005_cV6_independent_rms_s0,phase2/results/predictions/full/mixed/resnet/seed_43/bandpass_n20005_cV6_independent_rms_s0.npz,76085,f34d353f2c9a30f28d4c7448b7e1b622a8c5441d68476d49f0aa290b5f606b27
resnet,mixed,43,bandpass_n20005_cV6_electrode_s20,phase2/results/predictions/full/mixed/resnet/seed_43/bandpass_n20005_cV6_electrode_s20.npz,76551,2911165c9348f1973b13c8c284d461b7b523c4fa4665eb9eedd59f0f67c172b7
resnet,mixed,43,bandpass_n20005_cV6_electrode_s15,phase2/results/predictions/full/mixed/resnet/seed_43/bandpass_n20005_cV6_electrode_s15.npz,76537,de47d617e55fb528043342108b4967c4311223d24dfca4e61756a64307d8dee7
resnet,mixed,43,bandpass_n20005_cV6_electrode_s10,phase2/results/predictions/full/mixed/resnet/seed_43/bandpass_n20005_cV6_electrode_s10.npz,76523,96f61de917de7cb943afa53a5530a00f2f70478f99ea48add104560764d413d0
resnet,mixed,43,bandpass_n20005_cV6_electrode_s5,phase2/results/predictions/full/mixed/resnet/seed_43/bandpass_n20005_cV6_electrode_s5.npz,76348,00f6672a042e2b799b2edb631ad4c991da3423ce4839764a1e341dcc4ed2ad6c
resnet,mixed,43,bandpass_n20005_cV6_electrode_s0,phase2/results/predictions/full/mixed/resnet/seed_43/bandpass_n20005_cV6_electrode_s0.npz,76020,1dd5c1a7df6aebcad101373e05d1546b9a1c88fa61883d843b8e767a7adf61b8
resnet,mixed,43,bandpass_n20005_cV6_covariance_s20,phase2/results/predictions/full/mixed/resnet/seed_43/bandpass_n20005_cV6_covariance_s20.npz,76515,6f6ea37f4a7142a3ca73e64dcf6e843e267f4810502be456d9663d1aef2a7f1d
resnet,mixed,43,bandpass_n20005_cV6_covariance_s15,phase2/results/predictions/full/mixed/resnet/seed_43/bandpass_n20005_cV6_covariance_s15.npz,76533,338590f293ac7ff3e759f5cc0d835d2475ade5816e4b207065921bcac1990dd7
resnet,mixed,43,bandpass_n20005_cV6_covariance_s10,phase2/results/predictions/full/mixed/resnet/seed_43/bandpass_n20005_cV6_covariance_s10.npz,76507,541ca4c0b7efe834f7e552194b2d2980c22f62eb64872d2e09d39b1991c3e88f
resnet,mixed,43,bandpass_n20005_cV6_covariance_s5,phase2/results/predictions/full/mixed/resnet/seed_43/bandpass_n20005_cV6_covariance_s5.npz,76361,af062f7d97cb19aa97084a4053bea522bce596ca5197a6acee7f9d800cd96b02
resnet,mixed,43,bandpass_n20005_cV6_covariance_s0,phase2/results/predictions/full/mixed/resnet/seed_43/bandpass_n20005_cV6_covariance_s0.npz,76044,d278c66bc91a312a86d3fe45de7ffbd4331d1203bda52ae3b9efb879e11c2170
resnet,mixed,43,bandpass_n20005_cRA_LA_independent_rms_s20,phase2/results/predictions/full/mixed/resnet/seed_43/bandpass_n20005_cRA_LA_independent_rms_s20.npz,76540,5faf656f304f27f0cac8e08dfa37c1208ad23d24244575ddb41ce8ca7c2a3b2e
resnet,mixed,43,bandpass_n20005_cRA_LA_independent_rms_s15,phase2/results/predictions/full/mixed/resnet/seed_43/bandpass_n20005_cRA_LA_independent_rms_s15.npz,76563,46a01388a04340e9f511db79eef78c4aa74ad6f7f7f16a337ad426378adc501b
resnet,mixed,43,bandpass_n20005_cRA_LA_independent_rms_s10,phase2/results/predictions/full/mixed/resnet/seed_43/bandpass_n20005_cRA_LA_independent_rms_s10.npz,76519,ec9e29f056b6f016999020df083b7d5046c44b5fca675ae06e5364972abbe811
resnet,mixed,43,bandpass_n20005_cRA_LA_independent_rms_s5,phase2/results/predictions/full/mixed/resnet/seed_43/bandpass_n20005_cRA_LA_independent_rms_s5.npz,76349,2bc2f1cc5d3cabe06586bde0cb9daae8fc6b16f67f0eaeed58fe319c79149c46
resnet,mixed,43,bandpass_n20005_cRA_LA_independent_rms_s0,phase2/results/predictions/full/mixed/resnet/seed_43/bandpass_n20005_cRA_LA_independent_rms_s0.npz,76024,b4e8a6920be830c70bfce6a3b8896eea4ec45c0b6ba890b9828e9fa008182ec9
resnet,mixed,43,bandpass_n20005_cRA_LA_electrode_s20,phase2/results/predictions/full/mixed/resnet/seed_43/bandpass_n20005_cRA_LA_electrode_s20.npz,76549,33e71a3943d0f4aa193bbeadbe00a61e15e25e95a3852a81ce768913bf3986c3
resnet,mixed,43,bandpass_n20005_cRA_LA_electrode_s15,phase2/results/predictions/full/mixed/resnet/seed_43/bandpass_n20005_cRA_LA_electrode_s15.npz,76523,4f1b879287ea3524f7fb56d8efb87911828b8e491b617c1b3377b69b9092704b
resnet,mixed,43,bandpass_n20005_cRA_LA_electrode_s10,phase2/results/predictions/full/mixed/resnet/seed_43/bandpass_n20005_cRA_LA_electrode_s10.npz,76434,9cdc71feb5cbed213a833fd12acaf1f388a1114a07fb1e050fc8868c49899b0f
resnet,mixed,43,bandpass_n20005_cRA_LA_electrode_s5,phase2/results/predictions/full/mixed/resnet/seed_43/bandpass_n20005_cRA_LA_electrode_s5.npz,76277,85c0e9d77e8e2a726d232e8c37a84076a768372f95608890a48a2199ff7e04de
resnet,mixed,43,bandpass_n20005_cRA_LA_electrode_s0,phase2/results/predictions/full/mixed/resnet/seed_43/bandpass_n20005_cRA_LA_electrode_s0.npz,75892,ba2380e56207a9cb1c012b441eb96a1e93d8ff6748c43e76b8f2cad3091190aa
resnet,mixed,43,bandpass_n20005_cRA_LA_covariance_s20,phase2/results/predictions/full/mixed/resnet/seed_43/bandpass_n20005_cRA_LA_covariance_s20.npz,76568,42bb803a3c47c96f5fe7a64dc1925eb7ecd9b9b13cbe5d1d1fe5bbdcfe47fa0e
resnet,mixed,43,bandpass_n20005_cRA_LA_covariance_s15,phase2/results/predictions/full/mixed/resnet/seed_43/bandpass_n20005_cRA_LA_covariance_s15.npz,76532,5e58cc0e809d6a4431db872ad380d19e4109e8e3b9b06e5d7ffa2e42e0d515da
resnet,mixed,43,bandpass_n20005_cRA_LA_covariance_s10,phase2/results/predictions/full/mixed/resnet/seed_43/bandpass_n20005_cRA_LA_covariance_s10.npz,76474,242dcc6175c49b84b5a46be54bdfd1e96840d47a40186de5a83fd0c29248bbe4
resnet,mixed,43,bandpass_n20005_cRA_LA_covariance_s5,phase2/results/predictions/full/mixed/resnet/seed_43/bandpass_n20005_cRA_LA_covariance_s5.npz,76251,2012565c5f52dc674cc46205c09acc9753b4f562c52058bbc967647f8d4dcf9f
resnet,mixed,43,bandpass_n20005_cRA_LA_covariance_s0,phase2/results/predictions/full/mixed/resnet/seed_43/bandpass_n20005_cRA_LA_covariance_s0.npz,75910,4a8bcaa459debdfc0ce1105a717c24c4d93dcfc3aedc95cf4a2b046fcf4d472d
resnet,mixed,43,bandpass_n20005_cLA_LL_independent_rms_s20,phase2/results/predictions/full/mixed/resnet/seed_43/bandpass_n20005_cLA_LL_independent_rms_s20.npz,76580,366a9c78867c2ea370803671ac4da8fa98ff8a07935407b25f800dd318d97dcc
resnet,mixed,43,bandpass_n20005_cLA_LL_independent_rms_s15,phase2/results/predictions/full/mixed/resnet/seed_43/bandpass_n20005_cLA_LL_independent_rms_s15.npz,76548,e17827b4276979ca87594af81cbc95f534dfcbdffa76c73f8a714a1210bc51ff
resnet,mixed,43,bandpass_n20005_cLA_LL_independent_rms_s10,phase2/results/predictions/full/mixed/resnet/seed_43/bandpass_n20005_cLA_LL_independent_rms_s10.npz,76506,5ea6e853e148acc37a145c95bd9972bfa0617c6b7f406e09b12fc3cfa7efdfad
resnet,mixed,43,bandpass_n20005_cLA_LL_independent_rms_s5,phase2/results/predictions/full/mixed/resnet/seed_43/bandpass_n20005_cLA_LL_independent_rms_s5.npz,76359,ecdca8256eaf4c90e00b2eba233d38504e597a34a8310f3b8dc8720cbb3a73a5
resnet,mixed,43,bandpass_n20005_cLA_LL_independent_rms_s0,phase2/results/predictions/full/mixed/resnet/seed_43/bandpass_n20005_cLA_LL_independent_rms_s0.npz,75977,c70f94079dc2eb2b8e3cbf133601ab2e5b0047865163fa00fd5513294da457d5
resnet,mixed,43,bandpass_n20005_cLA_LL_electrode_s20,phase2/results/predictions/full/mixed/resnet/seed_43/bandpass_n20005_cLA_LL_electrode_s20.npz,76543,422e92cb729bbf5a3213b86813b35921ff3b2142a61faf607ed351fe151ae37e
resnet,mixed,43,bandpass_n20005_cLA_LL_electrode_s15,phase2/results/predictions/full/mixed/resnet/seed_43/bandpass_n20005_cLA_LL_electrode_s15.npz,76521,6cd986561c14450d24f39cb47ebc019648b7c4c5ec44a5cd6a02cd55aae4e7f2
resnet,mixed,43,bandpass_n20005_cLA_LL_electrode_s10,phase2/results/predictions/full/mixed/resnet/seed_43/bandpass_n20005_cLA_LL_electrode_s10.npz,76405,71422882849296b8456a790388fbb60772502da682b8f89f891e79a24efc586d
resnet,mixed,43,bandpass_n20005_cLA_LL_electrode_s5,phase2/results/predictions/full/mixed/resnet/seed_43/bandpass_n20005_cLA_LL_electrode_s5.npz,76216,b1f43d1759c410bb2033102b166852eb97a9c0cb2c7203522a9779d59b74e845
resnet,mixed,43,bandpass_n20005_cLA_LL_electrode_s0,phase2/results/predictions/full/mixed/resnet/seed_43/bandpass_n20005_cLA_LL_electrode_s0.npz,75757,00c90f5c771cdcc173e0213144ef2d09df822cd68aebf7ffa7df813010e9e2ca
resnet,mixed,43,bandpass_n20005_cLA_LL_covariance_s20,phase2/results/predictions/full/mixed/resnet/seed_43/bandpass_n20005_cLA_LL_covariance_s20.npz,76562,110d6dc2bec4ef7b443aac43f19522b067d9cb83a86dce0d4584a3c138c2fbd6
resnet,mixed,43,bandpass_n20005_cLA_LL_covariance_s15,phase2/results/predictions/full/mixed/resnet/seed_43/bandpass_n20005_cLA_LL_covariance_s15.npz,76519,c4661fa9fd19b337f330240c0ac64f677456a25d5fc497d0745750f2a1196b9d
resnet,mixed,43,bandpass_n20005_cLA_LL_covariance_s10,phase2/results/predictions/full/mixed/resnet/seed_43/bandpass_n20005_cLA_LL_covariance_s10.npz,76419,4708defe83fba83d81849bc8728e8cbfb3f730262d6856ab67867b83368891b5
resnet,mixed,43,bandpass_n20005_cLA_LL_covariance_s5,phase2/results/predictions/full/mixed/resnet/seed_43/bandpass_n20005_cLA_LL_covariance_s5.npz,76214,c1f49b82d149d530fc81d1f695c2fd9cea92a6e01eafe46659d706dcc62345f9
resnet,mixed,43,bandpass_n20005_cLA_LL_covariance_s0,phase2/results/predictions/full/mixed/resnet/seed_43/bandpass_n20005_cLA_LL_covariance_s0.npz,75778,122ca0ec4a9ed5679cceb07acc728487b8d2439c635ea7756e0c65905629ff2f
resnet,mixed,43,bandpass_n20005_cRA_LL_independent_rms_s20,phase2/results/predictions/full/mixed/resnet/seed_43/bandpass_n20005_cRA_LL_independent_rms_s20.npz,76567,47cf27a0278a39e5fa4ca16deebd1ad97d9d805350bc5aa3929ee1675075e26f
resnet,mixed,43,bandpass_n20005_cRA_LL_independent_rms_s15,phase2/results/predictions/full/mixed/resnet/seed_43/bandpass_n20005_cRA_LL_independent_rms_s15.npz,76561,26fd3fa5e29008adc0700a8dc8e2883d2ca81b0034426b24ec9f9b9737437542
resnet,mixed,43,bandpass_n20005_cRA_LL_independent_rms_s10,phase2/results/predictions/full/mixed/resnet/seed_43/bandpass_n20005_cRA_LL_independent_rms_s10.npz,76516,a783f9ac8b71d91d7ec0230810bf73b1209797091726461af7bb6c6c89845571
resnet,mixed,43,bandpass_n20005_cRA_LL_independent_rms_s5,phase2/results/predictions/full/mixed/resnet/seed_43/bandpass_n20005_cRA_LL_independent_rms_s5.npz,76343,d78b8d1ef73dea495000a068d074462dc370a75c23af3284c38628dbeb2ceebf
resnet,mixed,43,bandpass_n20005_cRA_LL_independent_rms_s0,phase2/results/predictions/full/mixed/resnet/seed_43/bandpass_n20005_cRA_LL_independent_rms_s0.npz,75993,8bf0057f7576129ffcb60307ab5d76700fb3bdac7baf4f048ded9eb72ad182fb
resnet,mixed,43,bandpass_n20005_cRA_LL_electrode_s20,phase2/results/predictions/full/mixed/resnet/seed_43/bandpass_n20005_cRA_LL_electrode_s20.npz,76545,c0d8c6800c17d1e5f4f82e792cc3b3a92bebb004e0df7a473a31aa119d675247
resnet,mixed,43,bandpass_n20005_cRA_LL_electrode_s15,phase2/results/predictions/full/mixed/resnet/seed_43/bandpass_n20005_cRA_LL_electrode_s15.npz,76519,09ac45445d51e407fbd65013f153041c4fea3db64ddccc1fa934db28a0a72c93
resnet,mixed,43,bandpass_n20005_cRA_LL_electrode_s10,phase2/results/predictions/full/mixed/resnet/seed_43/bandpass_n20005_cRA_LL_electrode_s10.npz,76421,782e11d88f4aacf6d97f0ff8ee449d004dbf2cf92975e4f9b27b564cf28250c0
resnet,mixed,43,bandpass_n20005_cRA_LL_electrode_s5,phase2/results/predictions/full/mixed/resnet/seed_43/bandpass_n20005_cRA_LL_electrode_s5.npz,76181,3cd398387c248d4e51976567a398ed6bbfdf0fabde411cc16154151a4296555b
resnet,mixed,43,bandpass_n20005_cRA_LL_electrode_s0,phase2/results/predictions/full/mixed/resnet/seed_43/bandpass_n20005_cRA_LL_electrode_s0.npz,75736,28ca171b80cf6d6a539f4a0189d186a28cf84029c4485ca1e334d4abef5574d1
resnet,mixed,43,bandpass_n20005_cRA_LL_covariance_s20,phase2/results/predictions/full/mixed/resnet/seed_43/bandpass_n20005_cRA_LL_covariance_s20.npz,76532,7b1ce6231203a08cd6bf74fe901eafe1b06640235b88eb675dbf2263bad08d12
resnet,mixed,43,bandpass_n20005_cRA_LL_covariance_s15,phase2/results/predictions/full/mixed/resnet/seed_43/bandpass_n20005_cRA_LL_covariance_s15.npz,76533,90f457038d656ee45e5f4c6ff56ed101f84152803e3c093da23d2d285800de52
resnet,mixed,43,bandpass_n20005_cRA_LL_covariance_s10,phase2/results/predictions/full/mixed/resnet/seed_43/bandpass_n20005_cRA_LL_covariance_s10.npz,76447,9a518ddea81de13bd6833276b57b7c0414ddeffd36fa4c1421564fd39f3cf832
resnet,mixed,43,bandpass_n20005_cRA_LL_covariance_s5,phase2/results/predictions/full/mixed/resnet/seed_43/bandpass_n20005_cRA_LL_covariance_s5.npz,76194,820ca536ac679a0b38c57fd5362b2ac7868b119d87db09b07ac6c83c865c257c
resnet,mixed,43,bandpass_n20005_cRA_LL_covariance_s0,phase2/results/predictions/full/mixed/resnet/seed_43/bandpass_n20005_cRA_LL_covariance_s0.npz,75749,1691ddb09c379aba1b425cea36f3ecbdc4f6b5fd7377e25779bf759d2d531a46
resnet,mixed,43,bandpass_n20005_cRA_independent_rms_s20,phase2/results/predictions/full/mixed/resnet/seed_43/bandpass_n20005_cRA_independent_rms_s20.npz,76544,36b0c4f8714747df5e56739bc73ff39c1406e94dbbb35dbf9e6acfe56c4a7e1e
resnet,mixed,43,bandpass_n20005_cRA_independent_rms_s15,phase2/results/predictions/full/mixed/resnet/seed_43/bandpass_n20005_cRA_independent_rms_s15.npz,76585,fbd83a48e9929ce607b541116979d8762d4b188cd273be8555b46f7552b36c80
resnet,mixed,43,bandpass_n20005_cRA_independent_rms_s10,phase2/results/predictions/full/mixed/resnet/seed_43/bandpass_n20005_cRA_independent_rms_s10.npz,76515,0393e3a1f6ba1b6d43a2ad47de17e695b05d5ab2d640e3aec4579735390f2eec
resnet,mixed,43,bandpass_n20005_cRA_independent_rms_s5,phase2/results/predictions/full/mixed/resnet/seed_43/bandpass_n20005_cRA_independent_rms_s5.npz,76360,1541a53d8e6e6a442142e546f084c1b0b01fb6368371c1514dbfa89b50fe77e9
resnet,mixed,43,bandpass_n20005_cRA_independent_rms_s0,phase2/results/predictions/full/mixed/resnet/seed_43/bandpass_n20005_cRA_independent_rms_s0.npz,75997,850139dcf1fe5fffd5b3241100563ad2b83ef562aaa75559762905edb27c02db
resnet,mixed,43,bandpass_n20005_cRA_electrode_s20,phase2/results/predictions/full/mixed/resnet/seed_43/bandpass_n20005_cRA_electrode_s20.npz,76566,4fe8d4fd89fabfe6c7531c19832c23f8bf7c02908ee7a7eec8d7db752e5bf1ef
resnet,mixed,43,bandpass_n20005_cRA_electrode_s15,phase2/results/predictions/full/mixed/resnet/seed_43/bandpass_n20005_cRA_electrode_s15.npz,76514,c8d72f9a0dfe6af52536a1be613ca7dd7d9ee5c818365af35c34388e76d015b5
resnet,mixed,43,bandpass_n20005_cRA_electrode_s10,phase2/results/predictions/full/mixed/resnet/seed_43/bandpass_n20005_cRA_electrode_s10.npz,76452,eebd43240c85d5b6858c2da93eb92e8f3e6d87321337ac7265f8f21b2e83b7b9
resnet,mixed,43,bandpass_n20005_cRA_electrode_s5,phase2/results/predictions/full/mixed/resnet/seed_43/bandpass_n20005_cRA_electrode_s5.npz,76274,24774aed6058b698874a3936f6e45adaa92953f54d92c7dcd0e4f809881c2e3f
resnet,mixed,43,bandpass_n20005_cRA_electrode_s0,phase2/results/predictions/full/mixed/resnet/seed_43/bandpass_n20005_cRA_electrode_s0.npz,75959,04527bc2391dd32b5c126262a43c687263ef42bb11820f13abf26c10bde78805
resnet,mixed,43,bandpass_n20005_cRA_covariance_s20,phase2/results/predictions/full/mixed/resnet/seed_43/bandpass_n20005_cRA_covariance_s20.npz,76547,67116839b812f79b0e45e6a05461ba6653a147ac6a3d30bc8060ee2e19996451
resnet,mixed,43,bandpass_n20005_cRA_covariance_s15,phase2/results/predictions/full/mixed/resnet/seed_43/bandpass_n20005_cRA_covariance_s15.npz,76522,d56c22da7dc3a23e88e4c9a3c09a5c541aeed15f2d9d571210c85f840dbc9991
resnet,mixed,43,bandpass_n20005_cRA_covariance_s10,phase2/results/predictions/full/mixed/resnet/seed_43/bandpass_n20005_cRA_covariance_s10.npz,76478,945b88e02cb3ec175ee29ab0449687d3f62c27e4bcd3d94ff3c11bcd087cfb22
resnet,mixed,43,bandpass_n20005_cRA_covariance_s5,phase2/results/predictions/full/mixed/resnet/seed_43/bandpass_n20005_cRA_covariance_s5.npz,76281,bbdab515b689f34b3c2e69e5d60f69810d38e0079e346ba30f816037709511e9
resnet,mixed,43,bandpass_n20005_cRA_covariance_s0,phase2/results/predictions/full/mixed/resnet/seed_43/bandpass_n20005_cRA_covariance_s0.npz,75943,08b155b53f770b7af4f42623d1c7f0f9081e055d85d03c3795dfec1da866f1f0
resnet,mixed,43,bandpass_n20005_cLA_independent_rms_s20,phase2/results/predictions/full/mixed/resnet/seed_43/bandpass_n20005_cLA_independent_rms_s20.npz,76551,6fe9b947037334f58dd716f9ebafa19edf49a62d52259818eb58fa5581cea6ff
resnet,mixed,43,bandpass_n20005_cLA_independent_rms_s15,phase2/results/predictions/full/mixed/resnet/seed_43/bandpass_n20005_cLA_independent_rms_s15.npz,76538,e3cf3351b9bae37275ae0266bbcd9942be2770ef4b0a8045aafbdf801aee0d2b
resnet,mixed,43,bandpass_n20005_cLA_independent_rms_s10,phase2/results/predictions/full/mixed/resnet/seed_43/bandpass_n20005_cLA_independent_rms_s10.npz,76491,7e51d2a25f5893bd2860ad3334d3eec1e938caa77643009d12aa0777facbd660
resnet,mixed,43,bandpass_n20005_cLA_independent_rms_s5,phase2/results/predictions/full/mixed/resnet/seed_43/bandpass_n20005_cLA_independent_rms_s5.npz,76365,7c9cf3acf0d85a5a115ddcbae57ea159f74af9af0dadc368dbefe7a5f96f5a96
resnet,mixed,43,bandpass_n20005_cLA_independent_rms_s0,phase2/results/predictions/full/mixed/resnet/seed_43/bandpass_n20005_cLA_independent_rms_s0.npz,76005,cfd98d646ba6f42bd830ec30a3307ddd6e0b8168d173a9af0daf2c79fbf6278e
resnet,mixed,43,bandpass_n20005_cLA_electrode_s20,phase2/results/predictions/full/mixed/resnet/seed_43/bandpass_n20005_cLA_electrode_s20.npz,76562,fa2caa8a5a6753c9e0dd1cd5b8d598f90f03693498b463914da32849798fb5b5
resnet,mixed,43,bandpass_n20005_cLA_electrode_s15,phase2/results/predictions/full/mixed/resnet/seed_43/bandpass_n20005_cLA_electrode_s15.npz,76532,3c933d43c89034f17169b28b434d7e5f4a04e4ca68910ac9d8c260e577851b63
resnet,mixed,43,bandpass_n20005_cLA_electrode_s10,phase2/results/predictions/full/mixed/resnet/seed_43/bandpass_n20005_cLA_electrode_s10.npz,76435,b10272c2b92a390fc6bfa838b4a332c43d0c49f192caf8c82223bfbd46997d46
resnet,mixed,43,bandpass_n20005_cLA_electrode_s5,phase2/results/predictions/full/mixed/resnet/seed_43/bandpass_n20005_cLA_electrode_s5.npz,76241,2aea911317d01577e7b51522cdcaf435ca6a886cb411089a1739997d26540128
resnet,mixed,43,bandpass_n20005_cLA_electrode_s0,phase2/results/predictions/full/mixed/resnet/seed_43/bandpass_n20005_cLA_electrode_s0.npz,75851,9b0d437900feeb929aa41e8071b46e4169b5fd4e2cfddecd01f59498b93fa715
resnet,mixed,43,bandpass_n20005_cLA_covariance_s20,phase2/results/predictions/full/mixed/resnet/seed_43/bandpass_n20005_cLA_covariance_s20.npz,76540,e6efcd73db73a57a536365199f9558fba315113d1d0e2f7e2ca816443ec3a3f1
resnet,mixed,43,bandpass_n20005_cLA_covariance_s15,phase2/results/predictions/full/mixed/resnet/seed_43/bandpass_n20005_cLA_covariance_s15.npz,76533,2ccd09a6eed4a36d12940cc7477aee27435c86ad7f7a70598e6c8e19ae2e062a
resnet,mixed,43,bandpass_n20005_cLA_covariance_s10,phase2/results/predictions/full/mixed/resnet/seed_43/bandpass_n20005_cLA_covariance_s10.npz,76452,6855757116e8ccef06f0c52e325ab35ec0a3b34432cf136949408da292a5e3c9
resnet,mixed,43,bandpass_n20005_cLA_covariance_s5,phase2/results/predictions/full/mixed/resnet/seed_43/bandpass_n20005_cLA_covariance_s5.npz,76269,1dd8de58b19d264601390f0971bd656e2e9c41051f4f52c5fe028ed6768d635a
resnet,mixed,43,bandpass_n20005_cLA_covariance_s0,phase2/results/predictions/full/mixed/resnet/seed_43/bandpass_n20005_cLA_covariance_s0.npz,75841,683b6ef79c51c6634b7a11f738315c0de2aeb0e6351f11ad1cb9771f080928f2
resnet,mixed,43,bandpass_n20005_cLL_independent_rms_s20,phase2/results/predictions/full/mixed/resnet/seed_43/bandpass_n20005_cLL_independent_rms_s20.npz,76552,39d002f70038ae678bd0f53c453b4f7e04932cb789cadd4b1d5a2723bd9c3f79
resnet,mixed,43,bandpass_n20005_cLL_independent_rms_s15,phase2/results/predictions/full/mixed/resnet/seed_43/bandpass_n20005_cLL_independent_rms_s15.npz,76544,89ecfb6012f5fb50d9ca13ccb70971573c51d59e9eaec77f643621f8ba971dbd
resnet,mixed,43,bandpass_n20005_cLL_independent_rms_s10,phase2/results/predictions/full/mixed/resnet/seed_43/bandpass_n20005_cLL_independent_rms_s10.npz,76516,e64483b1f57ba0a43ba795f16e4d95a64dcdc96d2586e9609fc7451b2448c853
resnet,mixed,43,bandpass_n20005_cLL_independent_rms_s5,phase2/results/predictions/full/mixed/resnet/seed_43/bandpass_n20005_cLL_independent_rms_s5.npz,76316,3b71b93eac8bd157f87227c15557286024c5d8a51254199b159b0ee5e7cc412b
resnet,mixed,43,bandpass_n20005_cLL_independent_rms_s0,phase2/results/predictions/full/mixed/resnet/seed_43/bandpass_n20005_cLL_independent_rms_s0.npz,75961,a472bd12e61744bd0583c2f8c9d203f41dfb9eacc698c27ed606ec83177b02df
resnet,mixed,43,bandpass_n20005_cLL_electrode_s20,phase2/results/predictions/full/mixed/resnet/seed_43/bandpass_n20005_cLL_electrode_s20.npz,76534,ad0e3af2e4a3e98c88f3bd29bfd9c9aab0b9f98db46638d8ad5cfb69b89aabe2
resnet,mixed,43,bandpass_n20005_cLL_electrode_s15,phase2/results/predictions/full/mixed/resnet/seed_43/bandpass_n20005_cLL_electrode_s15.npz,76476,c9ea5af08e8a385fa66b86df36bae312b91710f182f021934ad28f9843c79327
resnet,mixed,43,bandpass_n20005_cLL_electrode_s10,phase2/results/predictions/full/mixed/resnet/seed_43/bandpass_n20005_cLL_electrode_s10.npz,76347,20145010879265e08ffadd1cb7f464a013119ab56dde88d937d3b8933894424e
resnet,mixed,43,bandpass_n20005_cLL_electrode_s5,phase2/results/predictions/full/mixed/resnet/seed_43/bandpass_n20005_cLL_electrode_s5.npz,76116,16955793c620e09f35e482859c807108b68a2934e4a050b303f59c05d585e02c
resnet,mixed,43,bandpass_n20005_cLL_electrode_s0,phase2/results/predictions/full/mixed/resnet/seed_43/bandpass_n20005_cLL_electrode_s0.npz,75651,d0f6a4893f48c659b6eb3b51420ac6bd89b97d1c7897af37693d412f2e6aef76
resnet,mixed,43,bandpass_n20005_cLL_covariance_s20,phase2/results/predictions/full/mixed/resnet/seed_43/bandpass_n20005_cLL_covariance_s20.npz,76555,b00009f9a56b5bb80c6b3b3f622f03b3ea9ea2ad767f453c37fd8b44b29e90ba
resnet,mixed,43,bandpass_n20005_cLL_covariance_s15,phase2/results/predictions/full/mixed/resnet/seed_43/bandpass_n20005_cLL_covariance_s15.npz,76486,fa72aaaf6d562db2b05a3e6b619b41866c9d58a76778654076c36948c528736a
resnet,mixed,43,bandpass_n20005_cLL_covariance_s10,phase2/results/predictions/full/mixed/resnet/seed_43/bandpass_n20005_cLL_covariance_s10.npz,76371,a461b31fe5987cc43be097566fbaadc9b413c585c594505175f732e4438e5f18
resnet,mixed,43,bandpass_n20005_cLL_covariance_s5,phase2/results/predictions/full/mixed/resnet/seed_43/bandpass_n20005_cLL_covariance_s5.npz,76127,0cacff1e11ee76178069b1d7bdefad8c636bbd3356f7d83d90ef94921b973b11
resnet,mixed,43,bandpass_n20005_cLL_covariance_s0,phase2/results/predictions/full/mixed/resnet/seed_43/bandpass_n20005_cLL_covariance_s0.npz,75677,e4bc878070e7d359cefba04e7b7674bbc23b33ace2e0e0ad835081f04f9db6c5
resnet,mixed,43,bandpass_n20005_cRA_V1_independent_rms_s20,phase2/results/predictions/full/mixed/resnet/seed_43/bandpass_n20005_cRA_V1_independent_rms_s20.npz,76579,1dde5c8721fe95b3a495d86166afd55e3d190ae0ccea70a112b2463c03b6676a
resnet,mixed,43,bandpass_n20005_cRA_V1_independent_rms_s15,phase2/results/predictions/full/mixed/resnet/seed_43/bandpass_n20005_cRA_V1_independent_rms_s15.npz,76567,65a8af21416e1a178c571149b37534768c5f1b161d3cd12e65c8bbdb5526b483
resnet,mixed,43,bandpass_n20005_cRA_V1_independent_rms_s10,phase2/results/predictions/full/mixed/resnet/seed_43/bandpass_n20005_cRA_V1_independent_rms_s10.npz,76536,7f04dcd6a04d1a6fdb84bf34fc0eef52c43a0c0f681ec3aceb47621def114171
resnet,mixed,43,bandpass_n20005_cRA_V1_independent_rms_s5,phase2/results/predictions/full/mixed/resnet/seed_43/bandpass_n20005_cRA_V1_independent_rms_s5.npz,76355,2cbe6fb99b5ae747f7c682be32c470ab4dcdbe0a05c526a93288c0594453e8de
resnet,mixed,43,bandpass_n20005_cRA_V1_independent_rms_s0,phase2/results/predictions/full/mixed/resnet/seed_43/bandpass_n20005_cRA_V1_independent_rms_s0.npz,76040,139a6809d6e7f0d4a4164e8966550560a89e8a8ac6b10fd828880ed08bdab500
resnet,mixed,43,bandpass_n20005_cRA_V1_electrode_s20,phase2/results/predictions/full/mixed/resnet/seed_43/bandpass_n20005_cRA_V1_electrode_s20.npz,76569,a305df71b9a4f3829bef1f58e39397d66c40025c9155d83568b4df7c48e5f78e
resnet,mixed,43,bandpass_n20005_cRA_V1_electrode_s15,phase2/results/predictions/full/mixed/resnet/seed_43/bandpass_n20005_cRA_V1_electrode_s15.npz,76522,01a413a200d77177ea1b210ac1cfd3e361c085236013754b7232b759acc9ca43
resnet,mixed,43,bandpass_n20005_cRA_V1_electrode_s10,phase2/results/predictions/full/mixed/resnet/seed_43/bandpass_n20005_cRA_V1_electrode_s10.npz,76455,48b070d6d17a395ebd4d8e86f0b16eaefd1920e263ee85051fd550685354b7eb
resnet,mixed,43,bandpass_n20005_cRA_V1_electrode_s5,phase2/results/predictions/full/mixed/resnet/seed_43/bandpass_n20005_cRA_V1_electrode_s5.npz,76256,39d34304c6882f28edd7b2c46203a12066db8372c5e72845792194d26225420e
resnet,mixed,43,bandpass_n20005_cRA_V1_electrode_s0,phase2/results/predictions/full/mixed/resnet/seed_43/bandpass_n20005_cRA_V1_electrode_s0.npz,75986,ba67be930b9f437d9bbb005089844efbdb80adc29a55e78c713abf5e4fc61fb1
resnet,mixed,43,bandpass_n20005_cRA_V1_covariance_s20,phase2/results/predictions/full/mixed/resnet/seed_43/bandpass_n20005_cRA_V1_covariance_s20.npz,76580,dede650b7f880a28f3a485d517f3b9d3a5fbda3907da26655f505c923af52d9d
resnet,mixed,43,bandpass_n20005_cRA_V1_covariance_s15,phase2/results/predictions/full/mixed/resnet/seed_43/bandpass_n20005_cRA_V1_covariance_s15.npz,76550,61a3089f1872333142115a36b993217c80f8810f312c54f5d7a29f4b8dabf5e7
resnet,mixed,43,bandpass_n20005_cRA_V1_covariance_s10,phase2/results/predictions/full/mixed/resnet/seed_43/bandpass_n20005_cRA_V1_covariance_s10.npz,76476,9b96d4a70a06ce02cf4080a2855e390c38849ede7441a3657809ab9ca6643548
resnet,mixed,43,bandpass_n20005_cRA_V1_covariance_s5,phase2/results/predictions/full/mixed/resnet/seed_43/bandpass_n20005_cRA_V1_covariance_s5.npz,76295,a083d2189da74af34d326461556def939ce70532037f4e36fe0375437ff2b5fb
resnet,mixed,43,bandpass_n20005_cRA_V1_covariance_s0,phase2/results/predictions/full/mixed/resnet/seed_43/bandpass_n20005_cRA_V1_covariance_s0.npz,75985,5da669d365ac298b7001e368dbc1fda9567a7a656469838ff96e5feb19f0a9c5
resnet,mixed,43,bandpass_n20005_cLA_V6_independent_rms_s20,phase2/results/predictions/full/mixed/resnet/seed_43/bandpass_n20005_cLA_V6_independent_rms_s20.npz,76587,01f7633f55dc6b28211b18df9d316161fc251076f13a17bd395fa16aae3717f8
resnet,mixed,43,bandpass_n20005_cLA_V6_independent_rms_s15,phase2/results/predictions/full/mixed/resnet/seed_43/bandpass_n20005_cLA_V6_independent_rms_s15.npz,76561,b1f611cc356710b9cf18fd1bf1e65fed93e497cd82aaa40fdcacf13ba0dd1a03
resnet,mixed,43,bandpass_n20005_cLA_V6_independent_rms_s10,phase2/results/predictions/full/mixed/resnet/seed_43/bandpass_n20005_cLA_V6_independent_rms_s10.npz,76537,8583a5d727386f331a3ce7d81eb013f2a26ca244f4535c56b583d447cf29932a
resnet,mixed,43,bandpass_n20005_cLA_V6_independent_rms_s5,phase2/results/predictions/full/mixed/resnet/seed_43/bandpass_n20005_cLA_V6_independent_rms_s5.npz,76346,19d3d472d12100018e3a29c96732631be0498f4e061df370ab03628f663ebd8f
resnet,mixed,43,bandpass_n20005_cLA_V6_independent_rms_s0,phase2/results/predictions/full/mixed/resnet/seed_43/bandpass_n20005_cLA_V6_independent_rms_s0.npz,76018,691f80b1202acabbe5d9a6527149a90cc589410d51ce1655139c790f1eb9c710
resnet,mixed,43,bandpass_n20005_cLA_V6_electrode_s20,phase2/results/predictions/full/mixed/resnet/seed_43/bandpass_n20005_cLA_V6_electrode_s20.npz,76569,54d0b10346bbb697a0274b87575c36639d5edc412cc685247ab586e209697a35
resnet,mixed,43,bandpass_n20005_cLA_V6_electrode_s15,phase2/results/predictions/full/mixed/resnet/seed_43/bandpass_n20005_cLA_V6_electrode_s15.npz,76547,72f0aa37bb5d18dff8e6a309c1066ae88feb5c4495c909c4dbf399ebe9094fe0
resnet,mixed,43,bandpass_n20005_cLA_V6_electrode_s10,phase2/results/predictions/full/mixed/resnet/seed_43/bandpass_n20005_cLA_V6_electrode_s10.npz,76465,9a49fd80c97c5f1bb5c2462e37efcc08675f7d1ecffc8bd1dbd5afd33dfa1c98
resnet,mixed,43,bandpass_n20005_cLA_V6_electrode_s5,phase2/results/predictions/full/mixed/resnet/seed_43/bandpass_n20005_cLA_V6_electrode_s5.npz,76306,c18e5b4377842f6ca9c18279513aeeabdecf47f8da2f7942065841d142fb67b2
resnet,mixed,43,bandpass_n20005_cLA_V6_electrode_s0,phase2/results/predictions/full/mixed/resnet/seed_43/bandpass_n20005_cLA_V6_electrode_s0.npz,75899,e0164e01f5a42749e5e45df2b5b6c9a26d51040c3ec0d9cd44442f5d9181f5d6
resnet,mixed,43,bandpass_n20005_cLA_V6_covariance_s20,phase2/results/predictions/full/mixed/resnet/seed_43/bandpass_n20005_cLA_V6_covariance_s20.npz,76578,9d6a669b1b29c80f4b98c636b1cdc7ecaa9ebcb3e27e01fc86f6a4103ea9ffa2
resnet,mixed,43,bandpass_n20005_cLA_V6_covariance_s15,phase2/results/predictions/full/mixed/resnet/seed_43/bandpass_n20005_cLA_V6_covariance_s15.npz,76575,5762bcf04675a1701bf6a50d805119a11fa9e4b9dbee1ab96ff153f3cf237bc3
resnet,mixed,43,bandpass_n20005_cLA_V6_covariance_s10,phase2/results/predictions/full/mixed/resnet/seed_43/bandpass_n20005_cLA_V6_covariance_s10.npz,76419,5446159fc2902a2dd00fddcd625d0cef5c4e893ae1772235cc254991b957625d
resnet,mixed,43,bandpass_n20005_cLA_V6_covariance_s5,phase2/results/predictions/full/mixed/resnet/seed_43/bandpass_n20005_cLA_V6_covariance_s5.npz,76266,92c7f6966da3068fe878a337943d030bcede447951df0142e04d1ed414564e14
resnet,mixed,43,bandpass_n20005_cLA_V6_covariance_s0,phase2/results/predictions/full/mixed/resnet/seed_43/bandpass_n20005_cLA_V6_covariance_s0.npz,75889,de8b5a0749dfb1fa5a7c8cf9aa43ed2b780c60765b69636d75987f847382e410
resnet,mixed,43,bandpass_n20005_cLL_V4_independent_rms_s20,phase2/results/predictions/full/mixed/resnet/seed_43/bandpass_n20005_cLL_V4_independent_rms_s20.npz,76555,35b037ba2a28c4826a566838e3489fe28d42d0e0a968c0a3c4bb17945b7a23c9
resnet,mixed,43,bandpass_n20005_cLL_V4_independent_rms_s15,phase2/results/predictions/full/mixed/resnet/seed_43/bandpass_n20005_cLL_V4_independent_rms_s15.npz,76582,fc58badf25a11be13a46922b8b1267bfce27db5cd001a919495a58f4b715e325
resnet,mixed,43,bandpass_n20005_cLL_V4_independent_rms_s10,phase2/results/predictions/full/mixed/resnet/seed_43/bandpass_n20005_cLL_V4_independent_rms_s10.npz,76527,8385e91e96d68309748a6a150626188dd862cfe6a73907ab26c94dde58c35cdb
resnet,mixed,43,bandpass_n20005_cLL_V4_independent_rms_s5,phase2/results/predictions/full/mixed/resnet/seed_43/bandpass_n20005_cLL_V4_independent_rms_s5.npz,76326,bd69e8dd2036e809cfa3d17f288451c4dd42a470a27d8cd522d643fc727f851e
resnet,mixed,43,bandpass_n20005_cLL_V4_independent_rms_s0,phase2/results/predictions/full/mixed/resnet/seed_43/bandpass_n20005_cLL_V4_independent_rms_s0.npz,75977,4bb56a3e8f55d19670b17797d6e591cf62e442935312a5383d6bc017411b704b
resnet,mixed,43,bandpass_n20005_cLL_V4_electrode_s20,phase2/results/predictions/full/mixed/resnet/seed_43/bandpass_n20005_cLL_V4_electrode_s20.npz,76516,797e772964ce3209620f15124eaeb21a710e25acab2a4e5363b5d2875df90de4
resnet,mixed,43,bandpass_n20005_cLL_V4_electrode_s15,phase2/results/predictions/full/mixed/resnet/seed_43/bandpass_n20005_cLL_V4_electrode_s15.npz,76525,94cafd353b82f47864ddbfa5b4d28394e865fc5c5cbcd9bc46fd355553ba9b33
resnet,mixed,43,bandpass_n20005_cLL_V4_electrode_s10,phase2/results/predictions/full/mixed/resnet/seed_43/bandpass_n20005_cLL_V4_electrode_s10.npz,76405,9bed8d3095701847b502f529f9adc39ddd4d1d0657250ae6f42ebff34bae093a
resnet,mixed,43,bandpass_n20005_cLL_V4_electrode_s5,phase2/results/predictions/full/mixed/resnet/seed_43/bandpass_n20005_cLL_V4_electrode_s5.npz,76163,08210b2f4e5a4b11e03aac4b8f5c1991193496e71307ef05b13cc14888a39b9c
resnet,mixed,43,bandpass_n20005_cLL_V4_electrode_s0,phase2/results/predictions/full/mixed/resnet/seed_43/bandpass_n20005_cLL_V4_electrode_s0.npz,75735,cc1adf4b200a0973017f9bfa81d1865dc57c2549eb446aff974734d717c88b06
resnet,mixed,43,bandpass_n20005_cLL_V4_covariance_s20,phase2/results/predictions/full/mixed/resnet/seed_43/bandpass_n20005_cLL_V4_covariance_s20.npz,76553,18736e28ea1355b1ef2f2c03027822b11719cccf96168ea6342251c45d5a481b
resnet,mixed,43,bandpass_n20005_cLL_V4_covariance_s15,phase2/results/predictions/full/mixed/resnet/seed_43/bandpass_n20005_cLL_V4_covariance_s15.npz,76502,9ae05a70fb7d3e66aeb3e2d33c568dd93c3b4087041fa0defd39ca47017ba6bd
resnet,mixed,43,bandpass_n20005_cLL_V4_covariance_s10,phase2/results/predictions/full/mixed/resnet/seed_43/bandpass_n20005_cLL_V4_covariance_s10.npz,76422,55141146c5c51865ee0b64827c86000bd1a43783fe3885793cc98f8ea314e7e5
resnet,mixed,43,bandpass_n20005_cLL_V4_covariance_s5,phase2/results/predictions/full/mixed/resnet/seed_43/bandpass_n20005_cLL_V4_covariance_s5.npz,76183,c0cc23d0383d7f6c22f7c28ada0839b5e737953209ced93a02fb73864098e9a2
resnet,mixed,43,bandpass_n20005_cLL_V4_covariance_s0,phase2/results/predictions/full/mixed/resnet/seed_43/bandpass_n20005_cLL_V4_covariance_s0.npz,75731,d71cd880ee4a09eb18d7083605457834a45ac1143ac755ee4facec0b14d85ae2
resnet,mixed,43,bandpass_n20005_cRA_LA_V1_V6_independent_rms_s20,phase2/results/predictions/full/mixed/resnet/seed_43/bandpass_n20005_cRA_LA_V1_V6_independent_rms_s20.npz,76598,3fdd597d487dfb9d35f8b05f6087398f7aba491af08c64272f082ad51244011b
resnet,mixed,43,bandpass_n20005_cRA_LA_V1_V6_independent_rms_s15,phase2/results/predictions/full/mixed/resnet/seed_43/bandpass_n20005_cRA_LA_V1_V6_independent_rms_s15.npz,76598,c1a83ec8b2e7b92a10c624b2ea1cc2c072b3e28b28f060fbbe193eadf4b851c1
resnet,mixed,43,bandpass_n20005_cRA_LA_V1_V6_independent_rms_s10,phase2/results/predictions/full/mixed/resnet/seed_43/bandpass_n20005_cRA_LA_V1_V6_independent_rms_s10.npz,76543,a5e8014478f1b3573b3d15bca4df08d170004715614cd60d3b1d1703830ba316
resnet,mixed,43,bandpass_n20005_cRA_LA_V1_V6_independent_rms_s5,phase2/results/predictions/full/mixed/resnet/seed_43/bandpass_n20005_cRA_LA_V1_V6_independent_rms_s5.npz,76393,af1c09dde0e894c31eace046aaab89cfc6564e20f047f118f29bc2156f385fca
resnet,mixed,43,bandpass_n20005_cRA_LA_V1_V6_independent_rms_s0,phase2/results/predictions/full/mixed/resnet/seed_43/bandpass_n20005_cRA_LA_V1_V6_independent_rms_s0.npz,76030,000a22ef1d077e4ca40fd7a934898b9a76a51f0a1de8b083c36e9fdbe4c4adc0
resnet,mixed,43,bandpass_n20005_cRA_LA_V1_V6_electrode_s20,phase2/results/predictions/full/mixed/resnet/seed_43/bandpass_n20005_cRA_LA_V1_V6_electrode_s20.npz,76581,d3f2a065b5fa8b2e0a4ccfb6af0fe182ef753de16225fc5b35a1c1197f01e7e3
resnet,mixed,43,bandpass_n20005_cRA_LA_V1_V6_electrode_s15,phase2/results/predictions/full/mixed/resnet/seed_43/bandpass_n20005_cRA_LA_V1_V6_electrode_s15.npz,76578,731e7b38269da15b6946c99eeb00f83dccfd6b7b7683c0e5b2d83622283d2e33
resnet,mixed,43,bandpass_n20005_cRA_LA_V1_V6_electrode_s10,phase2/results/predictions/full/mixed/resnet/seed_43/bandpass_n20005_cRA_LA_V1_V6_electrode_s10.npz,76489,504f2fd69a648c0396b6fa4c42b1aae315054eb7ca4df1d7ba041bc20cab9e72
resnet,mixed,43,bandpass_n20005_cRA_LA_V1_V6_electrode_s5,phase2/results/predictions/full/mixed/resnet/seed_43/bandpass_n20005_cRA_LA_V1_V6_electrode_s5.npz,76281,f113a887450484459e89cc77e011059f421232545e841f1f340f8518287e5eb1
resnet,mixed,43,bandpass_n20005_cRA_LA_V1_V6_electrode_s0,phase2/results/predictions/full/mixed/resnet/seed_43/bandpass_n20005_cRA_LA_V1_V6_electrode_s0.npz,75911,96e597382ddf288ca81dce6c3fbe888d2a68694f07c484d4790e29a1ae4caabb
resnet,mixed,43,bandpass_n20005_cRA_LA_V1_V6_covariance_s20,phase2/results/predictions/full/mixed/resnet/seed_43/bandpass_n20005_cRA_LA_V1_V6_covariance_s20.npz,76535,e01b964f072931c45d14cf5db77390935895590f121fb779511a53c03752f4ba
resnet,mixed,43,bandpass_n20005_cRA_LA_V1_V6_covariance_s15,phase2/results/predictions/full/mixed/resnet/seed_43/bandpass_n20005_cRA_LA_V1_V6_covariance_s15.npz,76518,76eecec2cfa51700c15330d20438b4b337790f362ad204e843e3f1bf8e697a90
resnet,mixed,43,bandpass_n20005_cRA_LA_V1_V6_covariance_s10,phase2/results/predictions/full/mixed/resnet/seed_43/bandpass_n20005_cRA_LA_V1_V6_covariance_s10.npz,76512,b0fd40e33bce74c44576d607a4839237f1cbbef871bb0262458474fecb3abc7d
resnet,mixed,43,bandpass_n20005_cRA_LA_V1_V6_covariance_s5,phase2/results/predictions/full/mixed/resnet/seed_43/bandpass_n20005_cRA_LA_V1_V6_covariance_s5.npz,76322,6abb22a2ab7fd220264271a282ac29e8e34e045c60ff088fcb43d755f1ffa79a
resnet,mixed,43,bandpass_n20005_cRA_LA_V1_V6_covariance_s0,phase2/results/predictions/full/mixed/resnet/seed_43/bandpass_n20005_cRA_LA_V1_V6_covariance_s0.npz,75926,27b9f86d845de8872aa22d89313ac1772d188163fe1a0ba48f5d992046239675
resnet,mixed,43,bandpass_n20005_cRA_V2_V5_independent_rms_s20,phase2/results/predictions/full/mixed/resnet/seed_43/bandpass_n20005_cRA_V2_V5_independent_rms_s20.npz,76576,0b0035d860bf02a221a2d8033cfa26727bbc2b94ac8582dab2f4adc2f566ac6b
resnet,mixed,43,bandpass_n20005_cRA_V2_V5_independent_rms_s15,phase2/results/predictions/full/mixed/resnet/seed_43/bandpass_n20005_cRA_V2_V5_independent_rms_s15.npz,76534,28728e2d8f576f76a88e14afb14ab5d893f2b34ac6b8e46f20702f07f0bf863a
resnet,mixed,43,bandpass_n20005_cRA_V2_V5_independent_rms_s10,phase2/results/predictions/full/mixed/resnet/seed_43/bandpass_n20005_cRA_V2_V5_independent_rms_s10.npz,76515,4685332d56084be576f1aa1c68b4cf1fc2a0c02f6ad0c2905aa77ca701f3bb4c
resnet,mixed,43,bandpass_n20005_cRA_V2_V5_independent_rms_s5,phase2/results/predictions/full/mixed/resnet/seed_43/bandpass_n20005_cRA_V2_V5_independent_rms_s5.npz,76383,71bfe47b45ce6ff0bef8bf60a7edd1f27db01a499df4c5071306c361708de373
resnet,mixed,43,bandpass_n20005_cRA_V2_V5_independent_rms_s0,phase2/results/predictions/full/mixed/resnet/seed_43/bandpass_n20005_cRA_V2_V5_independent_rms_s0.npz,76039,c479271c8755ac8275f8b2adf7754dfb6fa25fa586c07059a4850fbd00ee1150
resnet,mixed,43,bandpass_n20005_cRA_V2_V5_electrode_s20,phase2/results/predictions/full/mixed/resnet/seed_43/bandpass_n20005_cRA_V2_V5_electrode_s20.npz,76548,599f2b7cfa6d620143442e46f35dabc6b5271bcbe5a4d116946f708458bb8f58
resnet,mixed,43,bandpass_n20005_cRA_V2_V5_electrode_s15,phase2/results/predictions/full/mixed/resnet/seed_43/bandpass_n20005_cRA_V2_V5_electrode_s15.npz,76548,b782bc2371bb645174110d0f1e8b647a4418b8280f9579d072f1c88f43c2ee6c
resnet,mixed,43,bandpass_n20005_cRA_V2_V5_electrode_s10,phase2/results/predictions/full/mixed/resnet/seed_43/bandpass_n20005_cRA_V2_V5_electrode_s10.npz,76462,7f10636419817c8e904489bda9c36af3417b18c0a5dd66a07628fb91d50c9b34
resnet,mixed,43,bandpass_n20005_cRA_V2_V5_electrode_s5,phase2/results/predictions/full/mixed/resnet/seed_43/bandpass_n20005_cRA_V2_V5_electrode_s5.npz,76289,537de6258a57999346f3473e42308d5d4dd705bd443028af8ccd72a9ffd5fa27
resnet,mixed,43,bandpass_n20005_cRA_V2_V5_electrode_s0,phase2/results/predictions/full/mixed/resnet/seed_43/bandpass_n20005_cRA_V2_V5_electrode_s0.npz,76014,de15111a6a42b50cf601936e606541587bd34e47f6b1e872ff09016e8fc7fe28
resnet,mixed,43,bandpass_n20005_cRA_V2_V5_covariance_s20,phase2/results/predictions/full/mixed/resnet/seed_43/bandpass_n20005_cRA_V2_V5_covariance_s20.npz,76584,5a1a20f375bdf8153f617b23b98ab1f6ba2008043523f63760207e424d7ab345
resnet,mixed,43,bandpass_n20005_cRA_V2_V5_covariance_s15,phase2/results/predictions/full/mixed/resnet/seed_43/bandpass_n20005_cRA_V2_V5_covariance_s15.npz,76551,3ea76b04165fc0fc5d4c88ec9b12e9fe5f4dd07d1618622878e1280e25c2b658
resnet,mixed,43,bandpass_n20005_cRA_V2_V5_covariance_s10,phase2/results/predictions/full/mixed/resnet/seed_43/bandpass_n20005_cRA_V2_V5_covariance_s10.npz,76456,d06daa4f303203ac4dfa44a375cfcef7c139582f3de6d6823688d351602e855f
resnet,mixed,43,bandpass_n20005_cRA_V2_V5_covariance_s5,phase2/results/predictions/full/mixed/resnet/seed_43/bandpass_n20005_cRA_V2_V5_covariance_s5.npz,76280,968199a975f8dbf302d351f984c0d21563556364587c097235dc4785b6991faf
resnet,mixed,43,bandpass_n20005_cRA_V2_V5_covariance_s0,phase2/results/predictions/full/mixed/resnet/seed_43/bandpass_n20005_cRA_V2_V5_covariance_s0.npz,75981,928ecde1aa0256a8920ed09c0632a342c60829b7c7401aaf7e9a2876d3860e46
resnet,mixed,43,bandpass_n20005_cLA_V3_V6_independent_rms_s20,phase2/results/predictions/full/mixed/resnet/seed_43/bandpass_n20005_cLA_V3_V6_independent_rms_s20.npz,76580,658d87756e6a2d61ecb4adc4eb67c3d6e0e5604a8b35f06ad6b0a9b68546119a
resnet,mixed,43,bandpass_n20005_cLA_V3_V6_independent_rms_s15,phase2/results/predictions/full/mixed/resnet/seed_43/bandpass_n20005_cLA_V3_V6_independent_rms_s15.npz,76559,1cb9f0431972871ee8b8d4bdc5c4f555e5da0f6b0a3889a31eabca9acb5b26ee
resnet,mixed,43,bandpass_n20005_cLA_V3_V6_independent_rms_s10,phase2/results/predictions/full/mixed/resnet/seed_43/bandpass_n20005_cLA_V3_V6_independent_rms_s10.npz,76532,67684754cd68733ee2486f56edba827c617483df5f33b9976e9d8e9d13d8e951
resnet,mixed,43,bandpass_n20005_cLA_V3_V6_independent_rms_s5,phase2/results/predictions/full/mixed/resnet/seed_43/bandpass_n20005_cLA_V3_V6_independent_rms_s5.npz,76402,0046ab16a004b426243078000cd7b39f2a7e3b971679e59098c33400510ecea2
resnet,mixed,43,bandpass_n20005_cLA_V3_V6_independent_rms_s0,phase2/results/predictions/full/mixed/resnet/seed_43/bandpass_n20005_cLA_V3_V6_independent_rms_s0.npz,76057,7f105152d0e0dece514c222b657f9eca7ffe68ab244dde40b70810e716b095e0
resnet,mixed,43,bandpass_n20005_cLA_V3_V6_electrode_s20,phase2/results/predictions/full/mixed/resnet/seed_43/bandpass_n20005_cLA_V3_V6_electrode_s20.npz,76565,7f60333c79f421fc2a2db3f3d25ccfa4cf863f901ec1fa29690bb8fc6badac27
resnet,mixed,43,bandpass_n20005_cLA_V3_V6_electrode_s15,phase2/results/predictions/full/mixed/resnet/seed_43/bandpass_n20005_cLA_V3_V6_electrode_s15.npz,76553,8c59eba965f49632c0f6af9c2d10b6cda2e6d118968c55a9ab3d63abbccc598e
resnet,mixed,43,bandpass_n20005_cLA_V3_V6_electrode_s10,phase2/results/predictions/full/mixed/resnet/seed_43/bandpass_n20005_cLA_V3_V6_electrode_s10.npz,76482,18e562601d5ffdf49f730e5f166ebf20794df476aa273c68d8f98cbca16cbe94
resnet,mixed,43,bandpass_n20005_cLA_V3_V6_electrode_s5,phase2/results/predictions/full/mixed/resnet/seed_43/bandpass_n20005_cLA_V3_V6_electrode_s5.npz,76295,ad49eac096f34e4a057567ccf2619faa53c9f0ff335507d1c3f492c6da63c853
resnet,mixed,43,bandpass_n20005_cLA_V3_V6_electrode_s0,phase2/results/predictions/full/mixed/resnet/seed_43/bandpass_n20005_cLA_V3_V6_electrode_s0.npz,75913,0796c667439fbfa8718fbc503387cfe88da67406523e4f9b36734d22a344fd7d
resnet,mixed,43,bandpass_n20005_cLA_V3_V6_covariance_s20,phase2/results/predictions/full/mixed/resnet/seed_43/bandpass_n20005_cLA_V3_V6_covariance_s20.npz,76558,2e15bb790fa6919f5ce57a07c10b6b41e139768afc25fef04c95b9d069b63669
resnet,mixed,43,bandpass_n20005_cLA_V3_V6_covariance_s15,phase2/results/predictions/full/mixed/resnet/seed_43/bandpass_n20005_cLA_V3_V6_covariance_s15.npz,76550,c9c9573bb1024071c6454e4f1965e093f04bcbebea5530faf16ce2d911bf6c2f
resnet,mixed,43,bandpass_n20005_cLA_V3_V6_covariance_s10,phase2/results/predictions/full/mixed/resnet/seed_43/bandpass_n20005_cLA_V3_V6_covariance_s10.npz,76487,ddcc41266eaf7f9e6a0dd0e033ebd3d9fb0d597b8c6d1dd29a0a9cd7388f8f7b
resnet,mixed,43,bandpass_n20005_cLA_V3_V6_covariance_s5,phase2/results/predictions/full/mixed/resnet/seed_43/bandpass_n20005_cLA_V3_V6_covariance_s5.npz,76290,41123844ef44870e11b8c93dc229bc4332618e6d5aed5b7f0c2b2481bddf7a1f
resnet,mixed,43,bandpass_n20005_cLA_V3_V6_covariance_s0,phase2/results/predictions/full/mixed/resnet/seed_43/bandpass_n20005_cLA_V3_V6_covariance_s0.npz,75941,ae31e6c94807e8b62ae0db230ae830f3e3384b7a7394a5865645d4aa93421754
resnet,mixed,43,bandpass_n20005_cLL_V1_V4_independent_rms_s20,phase2/results/predictions/full/mixed/resnet/seed_43/bandpass_n20005_cLL_V1_V4_independent_rms_s20.npz,76586,747837a551c4917a8cc823c57143df26f0bc3c3c0ca6330b076795075888772a
resnet,mixed,43,bandpass_n20005_cLL_V1_V4_independent_rms_s15,phase2/results/predictions/full/mixed/resnet/seed_43/bandpass_n20005_cLL_V1_V4_independent_rms_s15.npz,76551,0c8d27570877c84933b117d2a5a293ee67fed0a752c6b80e883ce7378229da0e
resnet,mixed,43,bandpass_n20005_cLL_V1_V4_independent_rms_s10,phase2/results/predictions/full/mixed/resnet/seed_43/bandpass_n20005_cLL_V1_V4_independent_rms_s10.npz,76514,41a50dc7e95f20ae8bc28a8979fca8e5f1b53d3efedfaeffe9e1de0b5e68b4e1
resnet,mixed,43,bandpass_n20005_cLL_V1_V4_independent_rms_s5,phase2/results/predictions/full/mixed/resnet/seed_43/bandpass_n20005_cLL_V1_V4_independent_rms_s5.npz,76327,d047868d95829edc007162da9671c75618e231b6605fd0e8c6e148b0800bb111
resnet,mixed,43,bandpass_n20005_cLL_V1_V4_independent_rms_s0,phase2/results/predictions/full/mixed/resnet/seed_43/bandpass_n20005_cLL_V1_V4_independent_rms_s0.npz,75980,20ac408888a341a6ab4b150f68c0c4a580d0d09e048ddd20d7cb00c934885f11
resnet,mixed,43,bandpass_n20005_cLL_V1_V4_electrode_s20,phase2/results/predictions/full/mixed/resnet/seed_43/bandpass_n20005_cLL_V1_V4_electrode_s20.npz,76551,3bddc70e83f3171c5c9924c7d932aa1ae48d894016748fd97954280c815c8b53
resnet,mixed,43,bandpass_n20005_cLL_V1_V4_electrode_s15,phase2/results/predictions/full/mixed/resnet/seed_43/bandpass_n20005_cLL_V1_V4_electrode_s15.npz,76526,831f3cfb09885ea7ef6849252b0f7610f48dc6c8b0d4f9f3ccc4563bd1599a8e
resnet,mixed,43,bandpass_n20005_cLL_V1_V4_electrode_s10,phase2/results/predictions/full/mixed/resnet/seed_43/bandpass_n20005_cLL_V1_V4_electrode_s10.npz,76408,dc43d0cbcaac2641700a20b19514777bd02de022af772ecbf9fabaec9bcf33e3
resnet,mixed,43,bandpass_n20005_cLL_V1_V4_electrode_s5,phase2/results/predictions/full/mixed/resnet/seed_43/bandpass_n20005_cLL_V1_V4_electrode_s5.npz,76200,c900c59f1b6f91cb438559482c43a7a3d544c365460d0409be52f9f6559eb7fd
resnet,mixed,43,bandpass_n20005_cLL_V1_V4_electrode_s0,phase2/results/predictions/full/mixed/resnet/seed_43/bandpass_n20005_cLL_V1_V4_electrode_s0.npz,75748,9495c4cd9d550ee16d827fafc5ef539a13f83b5ebb4d2451c6729f0180c9ecb2
resnet,mixed,43,bandpass_n20005_cLL_V1_V4_covariance_s20,phase2/results/predictions/full/mixed/resnet/seed_43/bandpass_n20005_cLL_V1_V4_covariance_s20.npz,76582,b6029317899d56c2aa659820a6b2d84268a1ef3ce7c2bc6baa14a3d3200febd3
resnet,mixed,43,bandpass_n20005_cLL_V1_V4_covariance_s15,phase2/results/predictions/full/mixed/resnet/seed_43/bandpass_n20005_cLL_V1_V4_covariance_s15.npz,76517,f1944851e95ce7e4af30e84886182a4bc6ae434a31ffde011276e73f07407474
resnet,mixed,43,bandpass_n20005_cLL_V1_V4_covariance_s10,phase2/results/predictions/full/mixed/resnet/seed_43/bandpass_n20005_cLL_V1_V4_covariance_s10.npz,76400,bc75b37bb59b9f636e80a8da241584c9dd48113612df30cffc818f44db6ea982
resnet,mixed,43,bandpass_n20005_cLL_V1_V4_covariance_s5,phase2/results/predictions/full/mixed/resnet/seed_43/bandpass_n20005_cLL_V1_V4_covariance_s5.npz,76186,54db87b0d932f21f9dae2e42bdac932cbb37dd247432cea7e9ced7fbf0d57e1a
resnet,mixed,43,bandpass_n20005_cLL_V1_V4_covariance_s0,phase2/results/predictions/full/mixed/resnet/seed_43/bandpass_n20005_cLL_V1_V4_covariance_s0.npz,75785,2ba60b3e760dfab58e1f202b81509b1a484d08a1022d3f47ad0840fde026acd8
resnet,mixed,43,bandpass_n20005_call_independent_rms_s20,phase2/results/predictions/full/mixed/resnet/seed_43/bandpass_n20005_call_independent_rms_s20.npz,76545,42bd9bada87432114c1b3b5f2c9f4fef6c2fefe50bf12c91e9e9334758dd643b
resnet,mixed,43,bandpass_n20005_call_independent_rms_s15,phase2/results/predictions/full/mixed/resnet/seed_43/bandpass_n20005_call_independent_rms_s15.npz,76547,9052945f57bf842326642f418ca3d3f43d17f09951293335eed3af947665b4fc
resnet,mixed,43,bandpass_n20005_call_independent_rms_s10,phase2/results/predictions/full/mixed/resnet/seed_43/bandpass_n20005_call_independent_rms_s10.npz,76511,e7b1866356882a67a6c7726b9cb7a2e044c34c5d629ca6820f33c1f6e41f7053
resnet,mixed,43,bandpass_n20005_call_independent_rms_s5,phase2/results/predictions/full/mixed/resnet/seed_43/bandpass_n20005_call_independent_rms_s5.npz,76308,e32877f3409d7968ca24659e88bd653bc760832eb16d5884f692386a99f83687
resnet,mixed,43,bandpass_n20005_call_independent_rms_s0,phase2/results/predictions/full/mixed/resnet/seed_43/bandpass_n20005_call_independent_rms_s0.npz,75977,42e9cbadd41f943e957ae5831cf21055dff69527b7b9272616b9d402b025b356
resnet,mixed,43,bandpass_n20005_call_electrode_s20,phase2/results/predictions/full/mixed/resnet/seed_43/bandpass_n20005_call_electrode_s20.npz,76542,67b81c9054171dcf9403bc42f526c3dd54c6220874884c631c8d7858b7f1ce03
resnet,mixed,43,bandpass_n20005_call_electrode_s15,phase2/results/predictions/full/mixed/resnet/seed_43/bandpass_n20005_call_electrode_s15.npz,76533,82ba917cfa9a6645ee8470bbb43ebab4cc7b5eef7f936c8050f60bafeeae9a73
resnet,mixed,43,bandpass_n20005_call_electrode_s10,phase2/results/predictions/full/mixed/resnet/seed_43/bandpass_n20005_call_electrode_s10.npz,76430,6bf6c220acdf0ffda08c7fbacebcfad30750808f27bb8460d27be7a582ac5704
resnet,mixed,43,bandpass_n20005_call_electrode_s5,phase2/results/predictions/full/mixed/resnet/seed_43/bandpass_n20005_call_electrode_s5.npz,76236,2d197e5478e45832f62573a31726f51fbd05030883555960ec796ba3f128532f
resnet,mixed,43,bandpass_n20005_call_electrode_s0,phase2/results/predictions/full/mixed/resnet/seed_43/bandpass_n20005_call_electrode_s0.npz,75847,3d60630112dcaf3005e0e7e92012a299e87d886174bbae1326147eb4bc4cbf73
resnet,mixed,43,bandpass_n20005_call_covariance_s20,phase2/results/predictions/full/mixed/resnet/seed_43/bandpass_n20005_call_covariance_s20.npz,76575,49884dc9a4123c0e9bcb1b637edc0cfbdf655938fafa2ebc8cf154270f0b75e3
resnet,mixed,43,bandpass_n20005_call_covariance_s15,phase2/results/predictions/full/mixed/resnet/seed_43/bandpass_n20005_call_covariance_s15.npz,76505,b188b1bfa9c5e215a8036a3997abd23cfb87bb683e83448e95b7eff65dd7bf4a
resnet,mixed,43,bandpass_n20005_call_covariance_s10,phase2/results/predictions/full/mixed/resnet/seed_43/bandpass_n20005_call_covariance_s10.npz,76421,80fb356f73073cd1c63a341b0c9fe94eee7619dc906736d73a885db368451f7a
resnet,mixed,43,bandpass_n20005_call_covariance_s5,phase2/results/predictions/full/mixed/resnet/seed_43/bandpass_n20005_call_covariance_s5.npz,76199,fa8b06cadb2d368ee0a1239aa2a7178e8dbcfeb48b53d5ed6cf8ba008715323e
resnet,mixed,43,bandpass_n20005_call_covariance_s0,phase2/results/predictions/full/mixed/resnet/seed_43/bandpass_n20005_call_covariance_s0.npz,75864,1a6174c6c6a25868a79cea034d6fa0b2deaf4419041c1e2e41a2b059044f1144
resnet,mixed,43,bw_n20001_call_independent_rms_s20,phase2/results/predictions/full/mixed/resnet/seed_43/bw_n20001_call_independent_rms_s20.npz,76556,9928273ff0a8f7b5193e3f0abfe925bcac17deb41b5ecc9d7927ded2e036fc4d
resnet,mixed,43,bw_n20001_call_independent_rms_s10,phase2/results/predictions/full/mixed/resnet/seed_43/bw_n20001_call_independent_rms_s10.npz,76524,bfc995808e16726632695c71148d1ee7ee39a0e394e9bfb99a1290673b7ea944
resnet,mixed,43,bw_n20001_call_independent_rms_s0,phase2/results/predictions/full/mixed/resnet/seed_43/bw_n20001_call_independent_rms_s0.npz,76257,51420240e2db20c29ea6b8c4570396c1a98f8c53a2ee5f0a3c6265c099d28343
resnet,mixed,43,bw_n20001_call_electrode_s20,phase2/results/predictions/full/mixed/resnet/seed_43/bw_n20001_call_electrode_s20.npz,76522,0b53e3507c0463aeea3f076f5b5e8655b75a03c3571521f747bdf300a62cc3dd
resnet,mixed,43,bw_n20001_call_electrode_s10,phase2/results/predictions/full/mixed/resnet/seed_43/bw_n20001_call_electrode_s10.npz,76480,aa43f4eb3e946874bdb7c9f77975bdd1c1b21356b7de8cf83a6e821ae2d2dbfc
resnet,mixed,43,bw_n20001_call_electrode_s0,phase2/results/predictions/full/mixed/resnet/seed_43/bw_n20001_call_electrode_s0.npz,76197,f8dead4f0dffda81ea9396e992ee56e72dd50bfa1d8d1cb8f35f086b02b8cebd
resnet,mixed,43,bw_n20001_call_covariance_s20,phase2/results/predictions/full/mixed/resnet/seed_43/bw_n20001_call_covariance_s20.npz,76497,6de58592f107f51e685992cf27f40b2fc9722b96c29d397bf58e399c890a1b72
resnet,mixed,43,bw_n20001_call_covariance_s10,phase2/results/predictions/full/mixed/resnet/seed_43/bw_n20001_call_covariance_s10.npz,76503,e19484fae59744e257826a7c5ea9462ed866178b2ae89b8cce3438502952e213
resnet,mixed,43,bw_n20001_call_covariance_s0,phase2/results/predictions/full/mixed/resnet/seed_43/bw_n20001_call_covariance_s0.npz,76173,c1a63f0dc1f1e180400a2ba1b3409dd06516d2a295f24ac0b4438796cad8dcd7
resnet,mixed,43,bw_n20002_call_independent_rms_s20,phase2/results/predictions/full/mixed/resnet/seed_43/bw_n20002_call_independent_rms_s20.npz,76503,ea8dcb8198898de825acebfe2590b93023cb1e9844979412390d89165d489878
resnet,mixed,43,bw_n20002_call_independent_rms_s10,phase2/results/predictions/full/mixed/resnet/seed_43/bw_n20002_call_independent_rms_s10.npz,76537,2d2db9f3628f965e6457e68cc045af667823dc9f8e864e8aaf74955d0ab1a857
resnet,mixed,43,bw_n20002_call_independent_rms_s0,phase2/results/predictions/full/mixed/resnet/seed_43/bw_n20002_call_independent_rms_s0.npz,76237,721823b3b3378849988bd1122d4dd95697c737a1d0ce0e8c415da6339d928bd9
resnet,mixed,43,bw_n20002_call_electrode_s20,phase2/results/predictions/full/mixed/resnet/seed_43/bw_n20002_call_electrode_s20.npz,76522,c640c45f7de406b55536def910fe44190378a5e30132ffe3d581f937b491f919
resnet,mixed,43,bw_n20002_call_electrode_s10,phase2/results/predictions/full/mixed/resnet/seed_43/bw_n20002_call_electrode_s10.npz,76477,f9ed2a5d8f2f8fa02783c786dda3fcda4048d83dae4f942c9a64764e23c540ec
resnet,mixed,43,bw_n20002_call_electrode_s0,phase2/results/predictions/full/mixed/resnet/seed_43/bw_n20002_call_electrode_s0.npz,76192,45ab3aca7a2473ce6d415a76c77ea5737b75dde2cfff680fb50599d23f727239
resnet,mixed,43,bw_n20002_call_covariance_s20,phase2/results/predictions/full/mixed/resnet/seed_43/bw_n20002_call_covariance_s20.npz,76530,7c7ca3406491d37f8f92eb3b75a849500677508f2ff871232b7dbb8104c68f01
resnet,mixed,43,bw_n20002_call_covariance_s10,phase2/results/predictions/full/mixed/resnet/seed_43/bw_n20002_call_covariance_s10.npz,76489,a887d5b573a2c058ee817705988a7d9cb49fc018eddd83218aa10611e3d3ab24
resnet,mixed,43,bw_n20002_call_covariance_s0,phase2/results/predictions/full/mixed/resnet/seed_43/bw_n20002_call_covariance_s0.npz,76156,43637dfe1a940b3a808b28fb8c9820005823c252fc58e400132c77090e83b83e
resnet,mixed,43,bw_n20003_call_independent_rms_s20,phase2/results/predictions/full/mixed/resnet/seed_43/bw_n20003_call_independent_rms_s20.npz,76515,c6529dc16dc6b5318dd9f888f4f7a03fce2422fc0866b8ae003f43d00090963a
resnet,mixed,43,bw_n20003_call_independent_rms_s10,phase2/results/predictions/full/mixed/resnet/seed_43/bw_n20003_call_independent_rms_s10.npz,76499,18f84e061335e9566e8b2ee5196a45b8747f84932ea2d109290632e8d518f932
resnet,mixed,43,bw_n20003_call_independent_rms_s0,phase2/results/predictions/full/mixed/resnet/seed_43/bw_n20003_call_independent_rms_s0.npz,76246,279f160f45d6a2b37dc25ca58c3ebd819ac1910988842e86e377de5b5f334d74
resnet,mixed,43,bw_n20003_call_electrode_s20,phase2/results/predictions/full/mixed/resnet/seed_43/bw_n20003_call_electrode_s20.npz,76515,23dd2382615759497bec2edde7ca47600fb4b5676693cd20d22917e5d778a14d
resnet,mixed,43,bw_n20003_call_electrode_s10,phase2/results/predictions/full/mixed/resnet/seed_43/bw_n20003_call_electrode_s10.npz,76470,5732e0074faac387f2723c7398c1774386e14c5bed303d2d43794b4f61566847
resnet,mixed,43,bw_n20003_call_electrode_s0,phase2/results/predictions/full/mixed/resnet/seed_43/bw_n20003_call_electrode_s0.npz,76208,e5e3661002ea51ddc6d5768acc62b2b4400fc0c385a32e69be1394be659f8aa4
resnet,mixed,43,bw_n20003_call_covariance_s20,phase2/results/predictions/full/mixed/resnet/seed_43/bw_n20003_call_covariance_s20.npz,76536,c457b1d6374feaffeb27f5eadd9ff69001ef9cbbfa6076a6e289260e4e6eecf0
resnet,mixed,43,bw_n20003_call_covariance_s10,phase2/results/predictions/full/mixed/resnet/seed_43/bw_n20003_call_covariance_s10.npz,76478,050dbfc4cbc2b3a6c86068834c41f7d48929a2e981b87cd2774fe4f903b86700
resnet,mixed,43,bw_n20003_call_covariance_s0,phase2/results/predictions/full/mixed/resnet/seed_43/bw_n20003_call_covariance_s0.npz,76202,e1aee2628ce6de316c4b989b167266962c4ec2367924193d6b62d892922d25e9
resnet,mixed,43,bw_n20004_call_independent_rms_s20,phase2/results/predictions/full/mixed/resnet/seed_43/bw_n20004_call_independent_rms_s20.npz,76546,3002e3a2bc496b32248f955065e3caa333f1ea0a87f2c2b9756e8bf02e6986d6
resnet,mixed,43,bw_n20004_call_independent_rms_s10,phase2/results/predictions/full/mixed/resnet/seed_43/bw_n20004_call_independent_rms_s10.npz,76505,645d81f6953b8cf1ba9e4ac75e74e7549b378894171d74ff1c7e07abacea7af1
resnet,mixed,43,bw_n20004_call_independent_rms_s0,phase2/results/predictions/full/mixed/resnet/seed_43/bw_n20004_call_independent_rms_s0.npz,76248,82fa4bac209d71bf5e4af454ef610cfe65e12164fc6336abe5689bfe54bd437d
resnet,mixed,43,bw_n20004_call_electrode_s20,phase2/results/predictions/full/mixed/resnet/seed_43/bw_n20004_call_electrode_s20.npz,76549,fc6f2713c4e9d101ef718d122d1636c03348cc00b9c1bf89f01322cc2112ca6b
resnet,mixed,43,bw_n20004_call_electrode_s10,phase2/results/predictions/full/mixed/resnet/seed_43/bw_n20004_call_electrode_s10.npz,76475,d6b1781746b57eef9f214b2404034b0408f08aafd36e35370c7d49b1d36d7ce1
resnet,mixed,43,bw_n20004_call_electrode_s0,phase2/results/predictions/full/mixed/resnet/seed_43/bw_n20004_call_electrode_s0.npz,76192,443377e07b64df5232a594f6a2850d7edb15487ce26dca1f31bb9c4bbb315810
resnet,mixed,43,bw_n20004_call_covariance_s20,phase2/results/predictions/full/mixed/resnet/seed_43/bw_n20004_call_covariance_s20.npz,76516,4b498a1ef78eb6cc73e8d49c55a45ee57927287517cd1140d5a46376c2f3c725
resnet,mixed,43,bw_n20004_call_covariance_s10,phase2/results/predictions/full/mixed/resnet/seed_43/bw_n20004_call_covariance_s10.npz,76512,82459030f8423c55cc8ce647ba40d4b6b200d9401e37ad60b7a658f9873ee9d1
resnet,mixed,43,bw_n20004_call_covariance_s0,phase2/results/predictions/full/mixed/resnet/seed_43/bw_n20004_call_covariance_s0.npz,76207,37ca12b1083c2b4bc5cf7a89aec8a5b4cd965aad059535c9ba77c6774464c3f1
resnet,mixed,43,bw_n20005_call_independent_rms_s20,phase2/results/predictions/full/mixed/resnet/seed_43/bw_n20005_call_independent_rms_s20.npz,76553,c5784fda8f95dfc80585a7b87fc14fa0c8dedb33102b350172002a4d93985305
resnet,mixed,43,bw_n20005_call_independent_rms_s10,phase2/results/predictions/full/mixed/resnet/seed_43/bw_n20005_call_independent_rms_s10.npz,76530,e7a9790ca83695aaa18fe5b00a93a6711d0352079de6f0d7bc540b0d1153a6db
resnet,mixed,43,bw_n20005_call_independent_rms_s0,phase2/results/predictions/full/mixed/resnet/seed_43/bw_n20005_call_independent_rms_s0.npz,76234,5c336910f8fffeac7a19d3656c323db91b6d97e2f39969ccf3fbd9a242980caf
resnet,mixed,43,bw_n20005_call_electrode_s20,phase2/results/predictions/full/mixed/resnet/seed_43/bw_n20005_call_electrode_s20.npz,76501,255cf0676592ca0a003c9e8205f9943ff32fe8f87ca6f8d139b2bc8c232970e2
resnet,mixed,43,bw_n20005_call_electrode_s10,phase2/results/predictions/full/mixed/resnet/seed_43/bw_n20005_call_electrode_s10.npz,76476,4b36ccc5a3f6f080439f13054a229a8bce17df7c71153cb7730254856457f979
resnet,mixed,43,bw_n20005_call_electrode_s0,phase2/results/predictions/full/mixed/resnet/seed_43/bw_n20005_call_electrode_s0.npz,76223,320ed34edf444e200ad9ae2b9e742165b064f33241c6c779e26d332709e10b96
resnet,mixed,43,bw_n20005_call_covariance_s20,phase2/results/predictions/full/mixed/resnet/seed_43/bw_n20005_call_covariance_s20.npz,76519,6f754c180ae55ab175c074ac99ed2f661431cc58bc4eff3a3b72f5715b18b612
resnet,mixed,43,bw_n20005_call_covariance_s10,phase2/results/predictions/full/mixed/resnet/seed_43/bw_n20005_call_covariance_s10.npz,76499,d308daded7caf82a1fc7b01feab69b8d02dcf50c61766e69b4e8e613b274032a
resnet,mixed,43,bw_n20005_call_covariance_s0,phase2/results/predictions/full/mixed/resnet/seed_43/bw_n20005_call_covariance_s0.npz,76183,e1eb9044f63f6ef3b167e7d80bc3fbd9a8c869f8b3b02dacf59d163db472c676
resnet,mixed,43,ma_n20001_call_independent_rms_s20,phase2/results/predictions/full/mixed/resnet/seed_43/ma_n20001_call_independent_rms_s20.npz,76520,78579d20f6e2031a89db4762572e14daf9fbc01692927bf351f56e6f6830eec3
resnet,mixed,43,ma_n20001_call_independent_rms_s10,phase2/results/predictions/full/mixed/resnet/seed_43/ma_n20001_call_independent_rms_s10.npz,76509,d035e186ccf10d477d20421cb11dbf3fdcf72373f2d421e804c9c14d5ef89e6e
resnet,mixed,43,ma_n20001_call_independent_rms_s0,phase2/results/predictions/full/mixed/resnet/seed_43/ma_n20001_call_independent_rms_s0.npz,76161,9b8ea95ff601d688c5b5bb9e8f7f66d770ad76614b799a981372f8b9859931b2
resnet,mixed,43,ma_n20001_call_electrode_s20,phase2/results/predictions/full/mixed/resnet/seed_43/ma_n20001_call_electrode_s20.npz,76522,00758bfaa7f4d0a606d22d5b94b3b69c451b2af85b06e309bab9fda56272b65f
resnet,mixed,43,ma_n20001_call_electrode_s10,phase2/results/predictions/full/mixed/resnet/seed_43/ma_n20001_call_electrode_s10.npz,76453,a53d0fae5698565589e7aa11df7ac17b809057926105e6e3837d78d9355282b3
resnet,mixed,43,ma_n20001_call_electrode_s0,phase2/results/predictions/full/mixed/resnet/seed_43/ma_n20001_call_electrode_s0.npz,76180,c3696e889e1851ced85eb545b2cb430db1bd98a411c2ac082a079b5ce7335d5b
resnet,mixed,43,ma_n20001_call_covariance_s20,phase2/results/predictions/full/mixed/resnet/seed_43/ma_n20001_call_covariance_s20.npz,76519,cdb414e5330bc213b59a671efe340967a2d058c936bedcf45f7a40fde00deb2a
resnet,mixed,43,ma_n20001_call_covariance_s10,phase2/results/predictions/full/mixed/resnet/seed_43/ma_n20001_call_covariance_s10.npz,76469,b1654962675a3d6ae77545ac4874544de0c8089d28f547c180db69cf584a5d4e
resnet,mixed,43,ma_n20001_call_covariance_s0,phase2/results/predictions/full/mixed/resnet/seed_43/ma_n20001_call_covariance_s0.npz,76140,b4641d535738e911f15925153c8f0b82b2904252f498a6f20d592d5c5202dca3
resnet,mixed,43,ma_n20002_call_independent_rms_s20,phase2/results/predictions/full/mixed/resnet/seed_43/ma_n20002_call_independent_rms_s20.npz,76557,9c787e821518b8a6af071f86b9ae6199089202658fc402e1c534eb5ba5eda888
resnet,mixed,43,ma_n20002_call_independent_rms_s10,phase2/results/predictions/full/mixed/resnet/seed_43/ma_n20002_call_independent_rms_s10.npz,76521,73e3a31fff1871b79c04643212dcba343590767cb310b16030dfb6e2497870c0
resnet,mixed,43,ma_n20002_call_independent_rms_s0,phase2/results/predictions/full/mixed/resnet/seed_43/ma_n20002_call_independent_rms_s0.npz,76188,7026c553b5632b920fb91badecb83f6c15cfd278c0ba8add1be8d95dfcd38b12
resnet,mixed,43,ma_n20002_call_electrode_s20,phase2/results/predictions/full/mixed/resnet/seed_43/ma_n20002_call_electrode_s20.npz,76517,d5819eba16b06c9f524a9f378bc3397d4a114f65db45487efd4b5be779dba49b
resnet,mixed,43,ma_n20002_call_electrode_s10,phase2/results/predictions/full/mixed/resnet/seed_43/ma_n20002_call_electrode_s10.npz,76441,7e7c423eaf8d9304b9009316a5f4c9dc2c27d09b7465f0ad2b3c4a8f08b6fa0c
resnet,mixed,43,ma_n20002_call_electrode_s0,phase2/results/predictions/full/mixed/resnet/seed_43/ma_n20002_call_electrode_s0.npz,76149,91306f7f42a1aef41e75ba16a5959aaa5e3e189697ceb1802a71e27eb5dfc402
resnet,mixed,43,ma_n20002_call_covariance_s20,phase2/results/predictions/full/mixed/resnet/seed_43/ma_n20002_call_covariance_s20.npz,76513,f7d954714036f8f4c6d08c0ba9dca3974b94521754c7b81adbef03003e5eec57
resnet,mixed,43,ma_n20002_call_covariance_s10,phase2/results/predictions/full/mixed/resnet/seed_43/ma_n20002_call_covariance_s10.npz,76486,1bb678480c01bbf6b21fc0018582ee369c4139f6857256ce9b05439a8b12e7de
resnet,mixed,43,ma_n20002_call_covariance_s0,phase2/results/predictions/full/mixed/resnet/seed_43/ma_n20002_call_covariance_s0.npz,76157,50e4b8b59dca50ffaefc141627c602bcf7aafd26c7ec9deee2457aa589f1e14e
resnet,mixed,43,ma_n20003_call_independent_rms_s20,phase2/results/predictions/full/mixed/resnet/seed_43/ma_n20003_call_independent_rms_s20.npz,76549,edd3d4b927fe856f460c2a78c2ea21af1bbc4e0295229b8c5429f9b0eac40e7e
resnet,mixed,43,ma_n20003_call_independent_rms_s10,phase2/results/predictions/full/mixed/resnet/seed_43/ma_n20003_call_independent_rms_s10.npz,76518,15b468511fad372913571ca4ee45844124f0db28ba2e57a75d76f3b418673af1
resnet,mixed,43,ma_n20003_call_independent_rms_s0,phase2/results/predictions/full/mixed/resnet/seed_43/ma_n20003_call_independent_rms_s0.npz,76221,897fa95bd3533d7d368280e6027922c6ff8369e4a1a3f88d0d8fcdc8cb98ffca
resnet,mixed,43,ma_n20003_call_electrode_s20,phase2/results/predictions/full/mixed/resnet/seed_43/ma_n20003_call_electrode_s20.npz,76489,23eb05cc18b2d20b6e0ce09378b9cae476c7c58602a7ac9e288cc286122018a2
resnet,mixed,43,ma_n20003_call_electrode_s10,phase2/results/predictions/full/mixed/resnet/seed_43/ma_n20003_call_electrode_s10.npz,76491,e0af8e1c50423a31bcebaa860c2e6edbc85a5cfe5fbfaec400d2e2c2388367a6
resnet,mixed,43,ma_n20003_call_electrode_s0,phase2/results/predictions/full/mixed/resnet/seed_43/ma_n20003_call_electrode_s0.npz,76124,5f658b103a436f77e3744dcff3a06c4c23e1b9c1437c71ddbb63804d851055c2
resnet,mixed,43,ma_n20003_call_covariance_s20,phase2/results/predictions/full/mixed/resnet/seed_43/ma_n20003_call_covariance_s20.npz,76535,a86ffa6d0ed87caf0454bb980b95819499c1c8f252ede7d30c0c73f4e4fc6c1c
resnet,mixed,43,ma_n20003_call_covariance_s10,phase2/results/predictions/full/mixed/resnet/seed_43/ma_n20003_call_covariance_s10.npz,76492,01af82517231c7ac04c5e515198d05367a949c9fa46c53bed2ddfcb2c3b3dea6
resnet,mixed,43,ma_n20003_call_covariance_s0,phase2/results/predictions/full/mixed/resnet/seed_43/ma_n20003_call_covariance_s0.npz,76151,b3562292c0a8b9045b9721a2b51b60dcd9b170744faea4fcb7236e86ad677f6d
resnet,mixed,43,ma_n20004_call_independent_rms_s20,phase2/results/predictions/full/mixed/resnet/seed_43/ma_n20004_call_independent_rms_s20.npz,76495,e9e885e058dd7b853ed3bf15915311448dd18b0e57093f055a2936e95cf77b78
resnet,mixed,43,ma_n20004_call_independent_rms_s10,phase2/results/predictions/full/mixed/resnet/seed_43/ma_n20004_call_independent_rms_s10.npz,76540,dc1c35d8a00fc4ab7648a165b7ad5f6e568c5f4d85769ef4b9b9c678e46752e6
resnet,mixed,43,ma_n20004_call_independent_rms_s0,phase2/results/predictions/full/mixed/resnet/seed_43/ma_n20004_call_independent_rms_s0.npz,76179,3a8fbb1028c813d86193a452cdd109dc356fbff96a5f83ca75b58a13960ad4a6
resnet,mixed,43,ma_n20004_call_electrode_s20,phase2/results/predictions/full/mixed/resnet/seed_43/ma_n20004_call_electrode_s20.npz,76506,9bdffeb4c73783fa81be8a876ef21027cd0c27b7c1b464a310275529c55d45d0
resnet,mixed,43,ma_n20004_call_electrode_s10,phase2/results/predictions/full/mixed/resnet/seed_43/ma_n20004_call_electrode_s10.npz,76452,251ab96cb137cd0e8469e8851fe91b760a98a1ba6695bed0ad074dcc6424d883
resnet,mixed,43,ma_n20004_call_electrode_s0,phase2/results/predictions/full/mixed/resnet/seed_43/ma_n20004_call_electrode_s0.npz,76131,7d7061eac52bedfaf538085e1a2d341c2d4f2f56082fbbf5629388d71ffbe763
resnet,mixed,43,ma_n20004_call_covariance_s20,phase2/results/predictions/full/mixed/resnet/seed_43/ma_n20004_call_covariance_s20.npz,76551,4e7e1bb01748123f7b17d54c80342da5b2ac7e0effd2e3b6b38392830c671b20
resnet,mixed,43,ma_n20004_call_covariance_s10,phase2/results/predictions/full/mixed/resnet/seed_43/ma_n20004_call_covariance_s10.npz,76462,0e4d06f321373c595a40d2735d33b9b95f4fa1c148cef4d800deba92f3a0b055
resnet,mixed,43,ma_n20004_call_covariance_s0,phase2/results/predictions/full/mixed/resnet/seed_43/ma_n20004_call_covariance_s0.npz,76144,ba89e7221751870d8874c3e50d0f93d304213609cc561f3439cf6085d627b750
resnet,mixed,43,ma_n20005_call_independent_rms_s20,phase2/results/predictions/full/mixed/resnet/seed_43/ma_n20005_call_independent_rms_s20.npz,76538,afc69b00976628a401c6e6d35bf834bb9d58db7ca55c5731d600156a96fd6cbb
resnet,mixed,43,ma_n20005_call_independent_rms_s10,phase2/results/predictions/full/mixed/resnet/seed_43/ma_n20005_call_independent_rms_s10.npz,76505,0e2d90b36353abd6c2fcc1f1f1aad3866b8e3ac9ed6dc013028ceb38c803ee37
resnet,mixed,43,ma_n20005_call_independent_rms_s0,phase2/results/predictions/full/mixed/resnet/seed_43/ma_n20005_call_independent_rms_s0.npz,76185,9dc3599742da496abcfb7c96eccbbb798b4e22c55bc32b51614cead47c833a51
resnet,mixed,43,ma_n20005_call_electrode_s20,phase2/results/predictions/full/mixed/resnet/seed_43/ma_n20005_call_electrode_s20.npz,76520,e809e3ce06f8cf65cbeaa9f052f6847ef795fae8c0ecb4d1f3a757d72b73ff88
resnet,mixed,43,ma_n20005_call_electrode_s10,phase2/results/predictions/full/mixed/resnet/seed_43/ma_n20005_call_electrode_s10.npz,76504,15bf6c4c6664b08031a5d5a2251e05c5d20b714e9106b339031322268a3c2cd3
resnet,mixed,43,ma_n20005_call_electrode_s0,phase2/results/predictions/full/mixed/resnet/seed_43/ma_n20005_call_electrode_s0.npz,76132,2a0784757c001418dc13135fa7f3374c5983cd88da966a611eb21d06e849c5a7
resnet,mixed,43,ma_n20005_call_covariance_s20,phase2/results/predictions/full/mixed/resnet/seed_43/ma_n20005_call_covariance_s20.npz,76518,f395fde1ccf685f376dbbd6d57914e4d2609545e5da3f9793a7edb34a5ece3a3
resnet,mixed,43,ma_n20005_call_covariance_s10,phase2/results/predictions/full/mixed/resnet/seed_43/ma_n20005_call_covariance_s10.npz,76481,ecf2bded3b8e0524e17acfbb08caa2e38f99f3f5b7a52a81c5922ee12f0d794d
resnet,mixed,43,ma_n20005_call_covariance_s0,phase2/results/predictions/full/mixed/resnet/seed_43/ma_n20005_call_covariance_s0.npz,76141,7233d1a426e6e793a2ccaafe7288a05dc4350ac668100cac4680e29622f9f264
resnet,mixed,43,em_n20001_call_independent_rms_s20,phase2/results/predictions/full/mixed/resnet/seed_43/em_n20001_call_independent_rms_s20.npz,76518,c5aec2b7857475b40f32899597fa49f3f85942b8bc30f962bb5a3c9ea96f1c07
resnet,mixed,43,em_n20001_call_independent_rms_s10,phase2/results/predictions/full/mixed/resnet/seed_43/em_n20001_call_independent_rms_s10.npz,76477,7a92ac10423cba444b4ba0c8e4bd6423b3a02dfc552de750f388ea8bfc3e93d9
resnet,mixed,43,em_n20001_call_independent_rms_s0,phase2/results/predictions/full/mixed/resnet/seed_43/em_n20001_call_independent_rms_s0.npz,76056,6584e10e067fa88c93f2b65358e6278248d20004537ec849bd58da7c7bb2caef
resnet,mixed,43,em_n20001_call_electrode_s20,phase2/results/predictions/full/mixed/resnet/seed_43/em_n20001_call_electrode_s20.npz,76499,881d9992a601d1c303e78340a382f12437747c024d513066ddea0f9c49ab1ff3
resnet,mixed,43,em_n20001_call_electrode_s10,phase2/results/predictions/full/mixed/resnet/seed_43/em_n20001_call_electrode_s10.npz,76389,34f83a1e46708681348b7ab2729ea7be1fe450303975e0e7efc5efff37e399e5
resnet,mixed,43,em_n20001_call_electrode_s0,phase2/results/predictions/full/mixed/resnet/seed_43/em_n20001_call_electrode_s0.npz,75849,a68c65c7bd10e2dfb9a6a68d7a02679de3fe5f0b219da3c188964829cc36ceb3
resnet,mixed,43,em_n20001_call_covariance_s20,phase2/results/predictions/full/mixed/resnet/seed_43/em_n20001_call_covariance_s20.npz,76512,9a8795d4cf68ff984ee4d8b065a102151cbcde045cda98e71aa658ec6a0e917b
resnet,mixed,43,em_n20001_call_covariance_s10,phase2/results/predictions/full/mixed/resnet/seed_43/em_n20001_call_covariance_s10.npz,76425,b8102622f64aac142b932071a09efade8df6624b7ce4e3e4d6fc584f2942eb1e
resnet,mixed,43,em_n20001_call_covariance_s0,phase2/results/predictions/full/mixed/resnet/seed_43/em_n20001_call_covariance_s0.npz,75891,cd539e35efeb7a2244f03ca5ec85f08e98f8985e28acad43e9c5683174d8a32a
resnet,mixed,43,em_n20002_call_independent_rms_s20,phase2/results/predictions/full/mixed/resnet/seed_43/em_n20002_call_independent_rms_s20.npz,76559,94484ee7569ff2832c48919ef8acfab031ec1e4d3d8e58b50f6f036772cf5ab9
resnet,mixed,43,em_n20002_call_independent_rms_s10,phase2/results/predictions/full/mixed/resnet/seed_43/em_n20002_call_independent_rms_s10.npz,76456,de90de40e45bc576bce3f31c01b074fad8d0f70358781591b7ba1d83de7a36f2
resnet,mixed,43,em_n20002_call_independent_rms_s0,phase2/results/predictions/full/mixed/resnet/seed_43/em_n20002_call_independent_rms_s0.npz,76027,641ce05261734cbf37b547576bfddf7f6d0ebb01f970687954a7c6fcdb4199b7
resnet,mixed,43,em_n20002_call_electrode_s20,phase2/results/predictions/full/mixed/resnet/seed_43/em_n20002_call_electrode_s20.npz,76491,f62e6a4af5b4b2fbc222c93d00871b0b6a4a637708a76d35c321743fd75e9850
resnet,mixed,43,em_n20002_call_electrode_s10,phase2/results/predictions/full/mixed/resnet/seed_43/em_n20002_call_electrode_s10.npz,76417,5e760f92d767a96056fe9ec82ab4ffb3fd7699aa86e2d813796bb717e51d3c4c
resnet,mixed,43,em_n20002_call_electrode_s0,phase2/results/predictions/full/mixed/resnet/seed_43/em_n20002_call_electrode_s0.npz,75838,e000637c2a6db4e55676c4b56bc4a8946b45dfc78f4de856a1bde6e2f112bd4e
resnet,mixed,43,em_n20002_call_covariance_s20,phase2/results/predictions/full/mixed/resnet/seed_43/em_n20002_call_covariance_s20.npz,76520,b3a406dcf5fcea6f5b9ef711dbbae251f6a477c83e932cf924c9efe8aff47003
resnet,mixed,43,em_n20002_call_covariance_s10,phase2/results/predictions/full/mixed/resnet/seed_43/em_n20002_call_covariance_s10.npz,76386,eed9fe21ba9d268faab900d7d8a84b3e5e1480bf4de8c1fe24fdcfdd1bc815bd
resnet,mixed,43,em_n20002_call_covariance_s0,phase2/results/predictions/full/mixed/resnet/seed_43/em_n20002_call_covariance_s0.npz,75825,d8db6fd36306feed7ff286f3693ff4ffbd1770bf1f3af157b0be8f997a7b0c14
resnet,mixed,43,em_n20003_call_independent_rms_s20,phase2/results/predictions/full/mixed/resnet/seed_43/em_n20003_call_independent_rms_s20.npz,76538,741a0c016030a0ab2c4b2538d6e803c1e918cec0148867938b2df9a5256fefa2
resnet,mixed,43,em_n20003_call_independent_rms_s10,phase2/results/predictions/full/mixed/resnet/seed_43/em_n20003_call_independent_rms_s10.npz,76469,6dda4a22393e205c62b15babf699f75f2f308838c54d5d532368873a06375f91
resnet,mixed,43,em_n20003_call_independent_rms_s0,phase2/results/predictions/full/mixed/resnet/seed_43/em_n20003_call_independent_rms_s0.npz,76036,c9ab6a1627053122d27b64686469db05cc765292ac4e3c78fdb146c1b68f1df2
resnet,mixed,43,em_n20003_call_electrode_s20,phase2/results/predictions/full/mixed/resnet/seed_43/em_n20003_call_electrode_s20.npz,76518,1987c7da3d0635c5e38ef966e7fbf16e049e3f207a9a0de0f225b422b21d109c
resnet,mixed,43,em_n20003_call_electrode_s10,phase2/results/predictions/full/mixed/resnet/seed_43/em_n20003_call_electrode_s10.npz,76387,cef9849a96527b209fdf3f28c10563282882e455ef158123f6f966cf2b1e2854
resnet,mixed,43,em_n20003_call_electrode_s0,phase2/results/predictions/full/mixed/resnet/seed_43/em_n20003_call_electrode_s0.npz,75902,9889edb1bc0e03570c9536a139f8043c83a1840a2779c5c49de28ae5fe864b86
resnet,mixed,43,em_n20003_call_covariance_s20,phase2/results/predictions/full/mixed/resnet/seed_43/em_n20003_call_covariance_s20.npz,76496,ff36acdb67827a3acac7757c98c538c4c1562ab59b24274bf6f3cb45499a6c00
resnet,mixed,43,em_n20003_call_covariance_s10,phase2/results/predictions/full/mixed/resnet/seed_43/em_n20003_call_covariance_s10.npz,76393,7dd494567fa6749831301feb3f100d60b731566d1c2148d8122ea3fd3ef32a15
resnet,mixed,43,em_n20003_call_covariance_s0,phase2/results/predictions/full/mixed/resnet/seed_43/em_n20003_call_covariance_s0.npz,75875,d04b83e4e39b166f97c36f4be7e0dd2434b8d5a6bac0e116af10ea22e9127b7f
resnet,mixed,43,em_n20004_call_independent_rms_s20,phase2/results/predictions/full/mixed/resnet/seed_43/em_n20004_call_independent_rms_s20.npz,76557,f766d2253342592725bbd2eec0b4caf8af7f3c0a535001b42403d6ba947f7b5d
resnet,mixed,43,em_n20004_call_independent_rms_s10,phase2/results/predictions/full/mixed/resnet/seed_43/em_n20004_call_independent_rms_s10.npz,76482,632fa5acd4db1335d4a82e78604168b5bfeed44700cea01041dcf54d31f8c7ca
resnet,mixed,43,em_n20004_call_independent_rms_s0,phase2/results/predictions/full/mixed/resnet/seed_43/em_n20004_call_independent_rms_s0.npz,76033,11aee3c73fbb873e5bbf8bc7277666d21b844c05c3c1bb6c4b6a3777d6eedb99
resnet,mixed,43,em_n20004_call_electrode_s20,phase2/results/predictions/full/mixed/resnet/seed_43/em_n20004_call_electrode_s20.npz,76520,0f5900e299f730dff67db914df0979b9ef8cafccbb2db62bac05735edeeb1a5f
resnet,mixed,43,em_n20004_call_electrode_s10,phase2/results/predictions/full/mixed/resnet/seed_43/em_n20004_call_electrode_s10.npz,76429,289e0be0178262c5876172bfe978cafaf0f477968fea3cac839291d826d4868a
resnet,mixed,43,em_n20004_call_electrode_s0,phase2/results/predictions/full/mixed/resnet/seed_43/em_n20004_call_electrode_s0.npz,75854,0000a5f7107b7c78ee4ec3d4c6fabb88f20eb4a9a5b25cd214dfe514c73de6e0
resnet,mixed,43,em_n20004_call_covariance_s20,phase2/results/predictions/full/mixed/resnet/seed_43/em_n20004_call_covariance_s20.npz,76484,7a4f8e4a0224b14616475556ef472a323ae8f2e4586a5da0ecfc8a6fa9da79a3
resnet,mixed,43,em_n20004_call_covariance_s10,phase2/results/predictions/full/mixed/resnet/seed_43/em_n20004_call_covariance_s10.npz,76416,ee509be8279aa34e9f5c6f1be4ac086350df08e1a04720eb71dd594271b9a33f
resnet,mixed,43,em_n20004_call_covariance_s0,phase2/results/predictions/full/mixed/resnet/seed_43/em_n20004_call_covariance_s0.npz,75902,cfe9bb82aef8f80b905f0527b08c68419c3b8702a73d5d2abde2158984eb83a6
resnet,mixed,43,em_n20005_call_independent_rms_s20,phase2/results/predictions/full/mixed/resnet/seed_43/em_n20005_call_independent_rms_s20.npz,76531,dda697032c0e62c50300042183b9727465cd1ffa389283d762ff3d417ac080b4
resnet,mixed,43,em_n20005_call_independent_rms_s10,phase2/results/predictions/full/mixed/resnet/seed_43/em_n20005_call_independent_rms_s10.npz,76471,bb20aa92bfe2fe159d438e882bf32396bac580e11061009966033be35e4b56fe
resnet,mixed,43,em_n20005_call_independent_rms_s0,phase2/results/predictions/full/mixed/resnet/seed_43/em_n20005_call_independent_rms_s0.npz,76049,baefa21d6ff481a3c5b92ebd90f1f5bcf1551effecd01b053996a8c1383a7ad4
resnet,mixed,43,em_n20005_call_electrode_s20,phase2/results/predictions/full/mixed/resnet/seed_43/em_n20005_call_electrode_s20.npz,76550,dbf2e0fd9d598c407e51f0478a0709efb084c7b2d0fcff0ed5e942765e5ac30e
resnet,mixed,43,em_n20005_call_electrode_s10,phase2/results/predictions/full/mixed/resnet/seed_43/em_n20005_call_electrode_s10.npz,76392,cff81be771f365ea4ee9483074d1dbc714ac84f9437e7041057e4ebad63cfdb9
resnet,mixed,43,em_n20005_call_electrode_s0,phase2/results/predictions/full/mixed/resnet/seed_43/em_n20005_call_electrode_s0.npz,75835,a7e4859406c156e03d1013948a39290adcf858d9ed31065cf09921a537eebebb
resnet,mixed,43,em_n20005_call_covariance_s20,phase2/results/predictions/full/mixed/resnet/seed_43/em_n20005_call_covariance_s20.npz,76524,29df628dae8e79b81623b207d43daa34cc28e4802ac6b07e6ade1fd12d5fcfb1
resnet,mixed,43,em_n20005_call_covariance_s10,phase2/results/predictions/full/mixed/resnet/seed_43/em_n20005_call_covariance_s10.npz,76376,19e97a9f1d67dbc9a8f8309a9062e0fd975ecd7898ae2b12ad252a7cbe93eda2
resnet,mixed,43,em_n20005_call_covariance_s0,phase2/results/predictions/full/mixed/resnet/seed_43/em_n20005_call_covariance_s0.npz,75865,6690fe86ac6d19e90c83b4be5b51c96e02bc9ddcf6bf0275a88b492fb05783f0
resnet,clean_only,101,clean,phase2/results/predictions/full/clean_only/resnet/seed_101/clean.npz,76355,f52b3ee620fe50dcd92f6c9228bc094ed5f97a4c7b59cd17843f4c29dab0bfea
resnet,clean_only,101,bandpass_n20001_cRA_LA_LL_independent_rms_s20,phase2/results/predictions/full/clean_only/resnet/seed_101/bandpass_n20001_cRA_LA_LL_independent_rms_s20.npz,76447,70d44c86b668fbe12e8559fa503836bebaf7a20a26fb223f08a2cff7e1aaf1ea
resnet,clean_only,101,bandpass_n20001_cRA_LA_LL_independent_rms_s15,phase2/results/predictions/full/clean_only/resnet/seed_101/bandpass_n20001_cRA_LA_LL_independent_rms_s15.npz,76430,37d845de35feb3b21437a3e01913d3fd4d8227a9352c2cb4cdd7a368bcb98ddf
resnet,clean_only,101,bandpass_n20001_cRA_LA_LL_independent_rms_s10,phase2/results/predictions/full/clean_only/resnet/seed_101/bandpass_n20001_cRA_LA_LL_independent_rms_s10.npz,76267,304f14d8c917f2d66d957eb753362c2a9a0629ac291656953f676cf3436b74bc
resnet,clean_only,101,bandpass_n20001_cRA_LA_LL_independent_rms_s5,phase2/results/predictions/full/clean_only/resnet/seed_101/bandpass_n20001_cRA_LA_LL_independent_rms_s5.npz,76007,298c217dbf971e9549e80448a021d05fef26a3d5b6fb99be4970441bbf0b0450
resnet,clean_only,101,bandpass_n20001_cRA_LA_LL_independent_rms_s0,phase2/results/predictions/full/clean_only/resnet/seed_101/bandpass_n20001_cRA_LA_LL_independent_rms_s0.npz,75390,d24ed299c6ea6a3b56150edc2a1fc7eda61e4bc746108adbd6a39f566803037f
resnet,clean_only,101,bandpass_n20001_cRA_LA_LL_electrode_s20,phase2/results/predictions/full/clean_only/resnet/seed_101/bandpass_n20001_cRA_LA_LL_electrode_s20.npz,76407,7e0672912efbbc4ead08fd5a3d4ed319e8b2edf0f22a5e9bc84864b142fe2408
resnet,clean_only,101,bandpass_n20001_cRA_LA_LL_electrode_s15,phase2/results/predictions/full/clean_only/resnet/seed_101/bandpass_n20001_cRA_LA_LL_electrode_s15.npz,76371,f778e6123529b3b3d31f00200c16adab297281879c09c4e39a2b36082e7bb4b5
resnet,clean_only,101,bandpass_n20001_cRA_LA_LL_electrode_s10,phase2/results/predictions/full/clean_only/resnet/seed_101/bandpass_n20001_cRA_LA_LL_electrode_s10.npz,76155,4b46d9ef30c27725c7080847485f6c1ed9a54e2a6e8d43199b77c164c2a7937c
resnet,clean_only,101,bandpass_n20001_cRA_LA_LL_electrode_s5,phase2/results/predictions/full/clean_only/resnet/seed_101/bandpass_n20001_cRA_LA_LL_electrode_s5.npz,75792,e05e21666fab00868d62f002fc3def1f2a59d81afe01f5bb04247eefe7279937
resnet,clean_only,101,bandpass_n20001_cRA_LA_LL_electrode_s0,phase2/results/predictions/full/clean_only/resnet/seed_101/bandpass_n20001_cRA_LA_LL_electrode_s0.npz,75259,c670053864178ef78cbc5e16e1a9ca0a6e6141d80debb393c6b9283bf08e0c33
resnet,clean_only,101,bandpass_n20001_cRA_LA_LL_covariance_s20,phase2/results/predictions/full/clean_only/resnet/seed_101/bandpass_n20001_cRA_LA_LL_covariance_s20.npz,76418,b9ae931328eab0586aeab7b1dab65ffafc33d7022c59190becfddd691e1df81e
resnet,clean_only,101,bandpass_n20001_cRA_LA_LL_covariance_s15,phase2/results/predictions/full/clean_only/resnet/seed_101/bandpass_n20001_cRA_LA_LL_covariance_s15.npz,76387,9c836317b167ca3165c13d36b1c7b35bacbc6542bebcb6a7a2ebf7c80966fbfb
resnet,clean_only,101,bandpass_n20001_cRA_LA_LL_covariance_s10,phase2/results/predictions/full/clean_only/resnet/seed_101/bandpass_n20001_cRA_LA_LL_covariance_s10.npz,76186,ea56beba135c4bb3207c6596453ce7bf6469d6b1e0395d7a19b69e550b2d2940
resnet,clean_only,101,bandpass_n20001_cRA_LA_LL_covariance_s5,phase2/results/predictions/full/clean_only/resnet/seed_101/bandpass_n20001_cRA_LA_LL_covariance_s5.npz,75799,af4bfccf9421741a23c976793ac81187911f17d769b8e5667301c98cddd60b1d
resnet,clean_only,101,bandpass_n20001_cRA_LA_LL_covariance_s0,phase2/results/predictions/full/clean_only/resnet/seed_101/bandpass_n20001_cRA_LA_LL_covariance_s0.npz,75285,cbb9111abb594b6bc73e20f2d6a6c061542b4338a9416abba0a486ba8f262c2c
resnet,clean_only,101,bandpass_n20001_cV1_independent_rms_s20,phase2/results/predictions/full/clean_only/resnet/seed_101/bandpass_n20001_cV1_independent_rms_s20.npz,76423,5fabebe815bcc56a8277a25ddedaf564acc88c548d9dc86dcdecba87a73f23db
resnet,clean_only,101,bandpass_n20001_cV1_independent_rms_s15,phase2/results/predictions/full/clean_only/resnet/seed_101/bandpass_n20001_cV1_independent_rms_s15.npz,76392,dd1c0d1c531f23602564ba40e584f9314825cc14ba53c547796bba7077cd90c0
resnet,clean_only,101,bandpass_n20001_cV1_independent_rms_s10,phase2/results/predictions/full/clean_only/resnet/seed_101/bandpass_n20001_cV1_independent_rms_s10.npz,76267,3a67a5b7d9fd51dea4a5b6ff02427fefe5b6a7fe61cdca74060efbfe229fd89a
resnet,clean_only,101,bandpass_n20001_cV1_independent_rms_s5,phase2/results/predictions/full/clean_only/resnet/seed_101/bandpass_n20001_cV1_independent_rms_s5.npz,75927,f247dd1851b4e944d0cc46f3fcb1b8de351d6cf3bc28805453f8f1b21297c120
resnet,clean_only,101,bandpass_n20001_cV1_independent_rms_s0,phase2/results/predictions/full/clean_only/resnet/seed_101/bandpass_n20001_cV1_independent_rms_s0.npz,75269,b2cd477323153bc3ffac674e64e34347683375233c8129356af55778b7da804e
resnet,clean_only,101,bandpass_n20001_cV1_electrode_s20,phase2/results/predictions/full/clean_only/resnet/seed_101/bandpass_n20001_cV1_electrode_s20.npz,76432,11cd6641f608cb234a03358b7001c9dac67bf73a7c1d3434343b630e9ee6367d
resnet,clean_only,101,bandpass_n20001_cV1_electrode_s15,phase2/results/predictions/full/clean_only/resnet/seed_101/bandpass_n20001_cV1_electrode_s15.npz,76353,42e18d87e429524c53f32f4e3d6c46ce3904d9e255a4f2552ad4aea615abcbc5
resnet,clean_only,101,bandpass_n20001_cV1_electrode_s10,phase2/results/predictions/full/clean_only/resnet/seed_101/bandpass_n20001_cV1_electrode_s10.npz,76232,8cad47b06fd1fa5f304f8d768beb88736f553dfe8812e0e8bfde77185a9740f3
resnet,clean_only,101,bandpass_n20001_cV1_electrode_s5,phase2/results/predictions/full/clean_only/resnet/seed_101/bandpass_n20001_cV1_electrode_s5.npz,75917,7f25593503595e3b9092bc9e378caef7aa7b3036c784201f6e246e763379b0f3
resnet,clean_only,101,bandpass_n20001_cV1_electrode_s0,phase2/results/predictions/full/clean_only/resnet/seed_101/bandpass_n20001_cV1_electrode_s0.npz,75294,80f08a541b45c1ee8f13ecfee3127a1b1c7e270b397a98a14cc300daf9250fce
resnet,clean_only,101,bandpass_n20001_cV1_covariance_s20,phase2/results/predictions/full/clean_only/resnet/seed_101/bandpass_n20001_cV1_covariance_s20.npz,76405,39410686e463e366edbb1f7c94ba843697f8ec51595982cf92beef6fc16f5f0e
resnet,clean_only,101,bandpass_n20001_cV1_covariance_s15,phase2/results/predictions/full/clean_only/resnet/seed_101/bandpass_n20001_cV1_covariance_s15.npz,76361,d73f062e129b6f26c69b6a34ba8cf7967f2404f531c003d71c637f8051badfbe
resnet,clean_only,101,bandpass_n20001_cV1_covariance_s10,phase2/results/predictions/full/clean_only/resnet/seed_101/bandpass_n20001_cV1_covariance_s10.npz,76228,9cf5fa676dcb24a91c0ba0b1162dc764b89f8485d7cb45e764b902dd25c45278
resnet,clean_only,101,bandpass_n20001_cV1_covariance_s5,phase2/results/predictions/full/clean_only/resnet/seed_101/bandpass_n20001_cV1_covariance_s5.npz,75901,efe7b7b38a746068b45a3a8d0b743f76bd369f3ae96ba190a1011914db126454
resnet,clean_only,101,bandpass_n20001_cV1_covariance_s0,phase2/results/predictions/full/clean_only/resnet/seed_101/bandpass_n20001_cV1_covariance_s0.npz,75267,e39386c92fea90fa7769d4b35141472369877e66b8e61972991052b24770f3a8
resnet,clean_only,101,bandpass_n20001_cV2_independent_rms_s20,phase2/results/predictions/full/clean_only/resnet/seed_101/bandpass_n20001_cV2_independent_rms_s20.npz,76432,f144ddc5f4f9d1077ef13d794fce662a6f72b4fb95b3aae10c750b6da6bdb79c
resnet,clean_only,101,bandpass_n20001_cV2_independent_rms_s15,phase2/results/predictions/full/clean_only/resnet/seed_101/bandpass_n20001_cV2_independent_rms_s15.npz,76414,64e5b1a6b0836c5eb391c7b71b7c824099fefa1e150257b6197a3e6870081a25
resnet,clean_only,101,bandpass_n20001_cV2_independent_rms_s10,phase2/results/predictions/full/clean_only/resnet/seed_101/bandpass_n20001_cV2_independent_rms_s10.npz,76231,789021274931e5dcda2c214e925cd1c4a9613994370961dc1737e15b18f0e133
resnet,clean_only,101,bandpass_n20001_cV2_independent_rms_s5,phase2/results/predictions/full/clean_only/resnet/seed_101/bandpass_n20001_cV2_independent_rms_s5.npz,75961,a45747d482900fe93cf1b3a7a321138124c3dafd0341e0682b0167be0cca5f2d
resnet,clean_only,101,bandpass_n20001_cV2_independent_rms_s0,phase2/results/predictions/full/clean_only/resnet/seed_101/bandpass_n20001_cV2_independent_rms_s0.npz,75393,c370b0c0cebcd18615b1256cc633c81a08fab15f77ecefd56c7121d48b4f66fe
resnet,clean_only,101,bandpass_n20001_cV2_electrode_s20,phase2/results/predictions/full/clean_only/resnet/seed_101/bandpass_n20001_cV2_electrode_s20.npz,76425,c44b80fecedc10fa55304448d54925804e2d2d7c7d9b7a09b5d5c80f1043be37
resnet,clean_only,101,bandpass_n20001_cV2_electrode_s15,phase2/results/predictions/full/clean_only/resnet/seed_101/bandpass_n20001_cV2_electrode_s15.npz,76352,91ffe9a111f417ca973133a055cd4e6c78ff48d2905338d18811e1b0577eec10
resnet,clean_only,101,bandpass_n20001_cV2_electrode_s10,phase2/results/predictions/full/clean_only/resnet/seed_101/bandpass_n20001_cV2_electrode_s10.npz,76270,5932f2297db040f80cfba7912fff3ab51092c81ee55624fa3740d9d768de9494
resnet,clean_only,101,bandpass_n20001_cV2_electrode_s5,phase2/results/predictions/full/clean_only/resnet/seed_101/bandpass_n20001_cV2_electrode_s5.npz,76007,8f0bcb8c3737be5c59134f6f1a8eb49975a742a5626bba8c48186ec1f6374f77
resnet,clean_only,101,bandpass_n20001_cV2_electrode_s0,phase2/results/predictions/full/clean_only/resnet/seed_101/bandpass_n20001_cV2_electrode_s0.npz,75398,8607811f56dde1a48ad548be1dd642202a8d7cc34d8cfb4c122e6f767bf489b9
resnet,clean_only,101,bandpass_n20001_cV2_covariance_s20,phase2/results/predictions/full/clean_only/resnet/seed_101/bandpass_n20001_cV2_covariance_s20.npz,76411,d513f1c59ac6317b6e98245b6f1e36fa2fc6f09ee852298215f90d19693e6bd3
resnet,clean_only,101,bandpass_n20001_cV2_covariance_s15,phase2/results/predictions/full/clean_only/resnet/seed_101/bandpass_n20001_cV2_covariance_s15.npz,76406,59be2b0f7b5d13e2d1ce20826e4b29e59ce67a6f53c1f18a174f8f02bffc9953
resnet,clean_only,101,bandpass_n20001_cV2_covariance_s10,phase2/results/predictions/full/clean_only/resnet/seed_101/bandpass_n20001_cV2_covariance_s10.npz,76270,e6ac817e9daef76c1b443592b8ed89e12674b0e3e7d7110898a29c180aa989f8
resnet,clean_only,101,bandpass_n20001_cV2_covariance_s5,phase2/results/predictions/full/clean_only/resnet/seed_101/bandpass_n20001_cV2_covariance_s5.npz,75998,48b564ca2c3dde22bb39a9f27cd07dcb5fc59601461b902c40e9ff80c656db0a
resnet,clean_only,101,bandpass_n20001_cV2_covariance_s0,phase2/results/predictions/full/clean_only/resnet/seed_101/bandpass_n20001_cV2_covariance_s0.npz,75385,92e0a674cdd162c32fc28c28875e601a32ae0a6cc30e7b3b46d6d90b8b6d25d5
resnet,clean_only,101,bandpass_n20001_cV3_independent_rms_s20,phase2/results/predictions/full/clean_only/resnet/seed_101/bandpass_n20001_cV3_independent_rms_s20.npz,76434,81891c88164471bd03832371eecaa3fd3ec4049f1c0df0ada7f8769ec35087eb
resnet,clean_only,101,bandpass_n20001_cV3_independent_rms_s15,phase2/results/predictions/full/clean_only/resnet/seed_101/bandpass_n20001_cV3_independent_rms_s15.npz,76384,5c50159e1f8b04934c736021b6531412a6563c3351fc0a8f41e588bfbe7c0876
resnet,clean_only,101,bandpass_n20001_cV3_independent_rms_s10,phase2/results/predictions/full/clean_only/resnet/seed_101/bandpass_n20001_cV3_independent_rms_s10.npz,76296,8677af7ad8f147dafb57f117bd4f7a027d3c96a0b13c274dc13ca5df131ae724
resnet,clean_only,101,bandpass_n20001_cV3_independent_rms_s5,phase2/results/predictions/full/clean_only/resnet/seed_101/bandpass_n20001_cV3_independent_rms_s5.npz,76080,3c00b8dd0961bc9aa31b598c4f33064c191b822bfb71c17be71e17fc3b3383da
resnet,clean_only,101,bandpass_n20001_cV3_independent_rms_s0,phase2/results/predictions/full/clean_only/resnet/seed_101/bandpass_n20001_cV3_independent_rms_s0.npz,75555,a654d753c8ed085b684e1a9a35bcf97e4cc8c84c2e8bd66fb3a25eb6dd675ee4
resnet,clean_only,101,bandpass_n20001_cV3_electrode_s20,phase2/results/predictions/full/clean_only/resnet/seed_101/bandpass_n20001_cV3_electrode_s20.npz,76407,caa9deabc8a2aa622ba6e71d704342a99e43ba505d31bd859455a18d6fd40c65
resnet,clean_only,101,bandpass_n20001_cV3_electrode_s15,phase2/results/predictions/full/clean_only/resnet/seed_101/bandpass_n20001_cV3_electrode_s15.npz,76388,79c10db7b3cae654b99bca930174f4c0f08d74d8d5e67b88e4ced140ab848b51
resnet,clean_only,101,bandpass_n20001_cV3_electrode_s10,phase2/results/predictions/full/clean_only/resnet/seed_101/bandpass_n20001_cV3_electrode_s10.npz,76261,7a9139bc7820e3bf5c7845fa1a23a894a97b37abf96c3bf291f4d0c77019c868
resnet,clean_only,101,bandpass_n20001_cV3_electrode_s5,phase2/results/predictions/full/clean_only/resnet/seed_101/bandpass_n20001_cV3_electrode_s5.npz,76017,a0d876d0a6f8d6870c4544c2cd78ff64cf46b922e17219c85b4c8b4ab88cae4e
resnet,clean_only,101,bandpass_n20001_cV3_electrode_s0,phase2/results/predictions/full/clean_only/resnet/seed_101/bandpass_n20001_cV3_electrode_s0.npz,75548,5855a81ef3ef534892865dbb2ff297a3a9ba2cbb1fd7ee3b19db16a008f8c1b4
resnet,clean_only,101,bandpass_n20001_cV3_covariance_s20,phase2/results/predictions/full/clean_only/resnet/seed_101/bandpass_n20001_cV3_covariance_s20.npz,76418,516fc276aee89790f43a720e427da15f6b461abecf4d74f0ecca792539a64333
resnet,clean_only,101,bandpass_n20001_cV3_covariance_s15,phase2/results/predictions/full/clean_only/resnet/seed_101/bandpass_n20001_cV3_covariance_s15.npz,76399,0276e944f3dd09be88e5e08210d0cfd52e26c310aa681281a0f10bb816e9253c
resnet,clean_only,101,bandpass_n20001_cV3_covariance_s10,phase2/results/predictions/full/clean_only/resnet/seed_101/bandpass_n20001_cV3_covariance_s10.npz,76255,f9f924b0949a8a338c1e43eb718eaefcffd80d5ce9cd88df1db232baedd27117
resnet,clean_only,101,bandpass_n20001_cV3_covariance_s5,phase2/results/predictions/full/clean_only/resnet/seed_101/bandpass_n20001_cV3_covariance_s5.npz,76054,d5a258bc9f6d195c0912680a5da3fdbd6b55514af5ae62ed40ee5cafcd18c751
resnet,clean_only,101,bandpass_n20001_cV3_covariance_s0,phase2/results/predictions/full/clean_only/resnet/seed_101/bandpass_n20001_cV3_covariance_s0.npz,75560,ff2e987a18ed5a2591017ccce93b8001511b70f1392342608f6bc9026a9d4db2
resnet,clean_only,101,bandpass_n20001_cV4_independent_rms_s20,phase2/results/predictions/full/clean_only/resnet/seed_101/bandpass_n20001_cV4_independent_rms_s20.npz,76461,15e8f0cd8f99f515ecd23dce0ace16993b0b5f6625ff45c10d4521d35c5e21a0
resnet,clean_only,101,bandpass_n20001_cV4_independent_rms_s15,phase2/results/predictions/full/clean_only/resnet/seed_101/bandpass_n20001_cV4_independent_rms_s15.npz,76397,2a6e0d75484219faec0a074bd0ff22a5d221a68e79817d9e3aaf19cccf3e45aa
resnet,clean_only,101,bandpass_n20001_cV4_independent_rms_s10,phase2/results/predictions/full/clean_only/resnet/seed_101/bandpass_n20001_cV4_independent_rms_s10.npz,76354,8e125145e1f4e8c4e5f5e1835770fe3a3ad06f3ec71d727959315a2974d97ce9
resnet,clean_only,101,bandpass_n20001_cV4_independent_rms_s5,phase2/results/predictions/full/clean_only/resnet/seed_101/bandpass_n20001_cV4_independent_rms_s5.npz,76163,ddfaca8da4aba70f4f4a0385a857d35f2a7c653f03e46af8aa3850d572592994
resnet,clean_only,101,bandpass_n20001_cV4_independent_rms_s0,phase2/results/predictions/full/clean_only/resnet/seed_101/bandpass_n20001_cV4_independent_rms_s0.npz,75697,f8e5eae61d28317d5354ea092434202a1c77f004be3841edf74931b7edcd4093
resnet,clean_only,101,bandpass_n20001_cV4_electrode_s20,phase2/results/predictions/full/clean_only/resnet/seed_101/bandpass_n20001_cV4_electrode_s20.npz,76418,89faf6492dcdde69aac166b0399e0cb0042f3e1ab3601bc73fc34e850a778174
resnet,clean_only,101,bandpass_n20001_cV4_electrode_s15,phase2/results/predictions/full/clean_only/resnet/seed_101/bandpass_n20001_cV4_electrode_s15.npz,76416,f8f12e96c8ed3b628540405ebb0316ed9b6982faf8c00bd4de351df20c60d6ca
resnet,clean_only,101,bandpass_n20001_cV4_electrode_s10,phase2/results/predictions/full/clean_only/resnet/seed_101/bandpass_n20001_cV4_electrode_s10.npz,76317,b2b4901bc4279081856d2773a5695cda7e3f6c75a924a6aa6b29d5511bedc98c
resnet,clean_only,101,bandpass_n20001_cV4_electrode_s5,phase2/results/predictions/full/clean_only/resnet/seed_101/bandpass_n20001_cV4_electrode_s5.npz,76136,2bd84a4f06d82c326564687f5168a493ab37ebca9abeb4f14ed9e7a4b7a151f1
resnet,clean_only,101,bandpass_n20001_cV4_electrode_s0,phase2/results/predictions/full/clean_only/resnet/seed_101/bandpass_n20001_cV4_electrode_s0.npz,75706,a760698beb200c78fffbda99c02b567872100eab108feae8e78b53e77ee7f580
resnet,clean_only,101,bandpass_n20001_cV4_covariance_s20,phase2/results/predictions/full/clean_only/resnet/seed_101/bandpass_n20001_cV4_covariance_s20.npz,76445,d1a39af24674d6580925063138537daddb8fdb65e0e250358d27420a01495b53
resnet,clean_only,101,bandpass_n20001_cV4_covariance_s15,phase2/results/predictions/full/clean_only/resnet/seed_101/bandpass_n20001_cV4_covariance_s15.npz,76415,b9483788ef3cfd0c23cb276ff2579158550cd0f99f6beba79059fa225762544f
resnet,clean_only,101,bandpass_n20001_cV4_covariance_s10,phase2/results/predictions/full/clean_only/resnet/seed_101/bandpass_n20001_cV4_covariance_s10.npz,76304,9fa80c2fe17860df9b8d0c8d878eabd1053db02cfd6ed9b6ed258c670df9d8d7
resnet,clean_only,101,bandpass_n20001_cV4_covariance_s5,phase2/results/predictions/full/clean_only/resnet/seed_101/bandpass_n20001_cV4_covariance_s5.npz,76123,4ec3fad8e9174b8fb95f10ca1b54347ac1636a26fa4ddc9d1065825633a9a0cb
resnet,clean_only,101,bandpass_n20001_cV4_covariance_s0,phase2/results/predictions/full/clean_only/resnet/seed_101/bandpass_n20001_cV4_covariance_s0.npz,75729,0fefefcee0b521b9175fb3a79bb2ef786b6d9d5bd9503dc27801c9633c040c28
resnet,clean_only,101,bandpass_n20001_cV5_independent_rms_s20,phase2/results/predictions/full/clean_only/resnet/seed_101/bandpass_n20001_cV5_independent_rms_s20.npz,76454,eb3f8a3eb8e69712c8dd9a96f18115529772b685c97b25e6fafddded0b04609c
resnet,clean_only,101,bandpass_n20001_cV5_independent_rms_s15,phase2/results/predictions/full/clean_only/resnet/seed_101/bandpass_n20001_cV5_independent_rms_s15.npz,76403,87989c6e6efa9f810097e12a2af6e7be9c35c9b6f634a3626d9891fa58ddb1c5
resnet,clean_only,101,bandpass_n20001_cV5_independent_rms_s10,phase2/results/predictions/full/clean_only/resnet/seed_101/bandpass_n20001_cV5_independent_rms_s10.npz,76271,b6b108c8c6d8780935131e6876431efac77fa1d828a9dd9b49eb0d1e545aab10
resnet,clean_only,101,bandpass_n20001_cV5_independent_rms_s5,phase2/results/predictions/full/clean_only/resnet/seed_101/bandpass_n20001_cV5_independent_rms_s5.npz,76006,af48b88dc365248f2b08d6bef93f9dbf0af168c91a77213abeb10718e217f869
resnet,clean_only,101,bandpass_n20001_cV5_independent_rms_s0,phase2/results/predictions/full/clean_only/resnet/seed_101/bandpass_n20001_cV5_independent_rms_s0.npz,75262,065245a07f4e73f3b730450361d901d096e205b1ce8c4e94fb939e0046645de3
resnet,clean_only,101,bandpass_n20001_cV5_electrode_s20,phase2/results/predictions/full/clean_only/resnet/seed_101/bandpass_n20001_cV5_electrode_s20.npz,76400,acd62e192b6525f2de32f20793cc8be53a6cdd234d33586d2e2120d98aefb79d
resnet,clean_only,101,bandpass_n20001_cV5_electrode_s15,phase2/results/predictions/full/clean_only/resnet/seed_101/bandpass_n20001_cV5_electrode_s15.npz,76396,23852bed1f6c5e8637108b7be840bf48de624e79168673c03a7727c5878485ab
resnet,clean_only,101,bandpass_n20001_cV5_electrode_s10,phase2/results/predictions/full/clean_only/resnet/seed_101/bandpass_n20001_cV5_electrode_s10.npz,76281,4a0f429804e62b55a143258cc4d84937699173a1b9b10d32deedae1113ab2913
resnet,clean_only,101,bandpass_n20001_cV5_electrode_s5,phase2/results/predictions/full/clean_only/resnet/seed_101/bandpass_n20001_cV5_electrode_s5.npz,76025,1741984d15f4874271e3d55b42813e3eb75a7d2a1e3ce372efbcc8f07010c423
resnet,clean_only,101,bandpass_n20001_cV5_electrode_s0,phase2/results/predictions/full/clean_only/resnet/seed_101/bandpass_n20001_cV5_electrode_s0.npz,75275,7160b3ae4e096fcea7a79994c0e0d291f6b8255c171e7a95a4498f3e0886c75e
resnet,clean_only,101,bandpass_n20001_cV5_covariance_s20,phase2/results/predictions/full/clean_only/resnet/seed_101/bandpass_n20001_cV5_covariance_s20.npz,76455,f6b1e592854acef71423b0180b8914ca82f7322c27938589b3623c631d02e7a6
resnet,clean_only,101,bandpass_n20001_cV5_covariance_s15,phase2/results/predictions/full/clean_only/resnet/seed_101/bandpass_n20001_cV5_covariance_s15.npz,76381,510fede489d3f56009e7fc670d5621d89b4804659dfd2c79b3eb30e6ee4a4bd3
resnet,clean_only,101,bandpass_n20001_cV5_covariance_s10,phase2/results/predictions/full/clean_only/resnet/seed_101/bandpass_n20001_cV5_covariance_s10.npz,76259,5e797f2346c890d51c13a1a875c9cacafe1512966c6a96fa46febf3a8624d271
resnet,clean_only,101,bandpass_n20001_cV5_covariance_s5,phase2/results/predictions/full/clean_only/resnet/seed_101/bandpass_n20001_cV5_covariance_s5.npz,75982,1221d87fd607f0d8aad58d6c23bb9888ade66cb03d980d690671e36ca4f70440
resnet,clean_only,101,bandpass_n20001_cV5_covariance_s0,phase2/results/predictions/full/clean_only/resnet/seed_101/bandpass_n20001_cV5_covariance_s0.npz,75297,24e5202212314703281469b0ab6195c02efb15c00e0b3a32412a2843105addd5
resnet,clean_only,101,bandpass_n20001_cV6_independent_rms_s20,phase2/results/predictions/full/clean_only/resnet/seed_101/bandpass_n20001_cV6_independent_rms_s20.npz,76429,54519183e4c7c635641690e978a484d222969b7d6e043ecef28617d934176d20
resnet,clean_only,101,bandpass_n20001_cV6_independent_rms_s15,phase2/results/predictions/full/clean_only/resnet/seed_101/bandpass_n20001_cV6_independent_rms_s15.npz,76394,47c1c6143d956e46d7df732cab1c7f85c4197c5ba845811a70c615252300f6e1
resnet,clean_only,101,bandpass_n20001_cV6_independent_rms_s10,phase2/results/predictions/full/clean_only/resnet/seed_101/bandpass_n20001_cV6_independent_rms_s10.npz,76250,803e86ff5f10ca3b6cddf3141ae5f9c88ad41577d54cf6e2f12be8abacf3e612
resnet,clean_only,101,bandpass_n20001_cV6_independent_rms_s5,phase2/results/predictions/full/clean_only/resnet/seed_101/bandpass_n20001_cV6_independent_rms_s5.npz,76058,31bc10fb1c7f1c3fa4027941936849a5bcac057c83c17c9ac2c6e8b91a2fd068
resnet,clean_only,101,bandpass_n20001_cV6_independent_rms_s0,phase2/results/predictions/full/clean_only/resnet/seed_101/bandpass_n20001_cV6_independent_rms_s0.npz,75530,d941b5fc5dc66cb3ec7d25e3fc26b7702b06b7a1e4cfa81dd2d262a080bb266c
resnet,clean_only,101,bandpass_n20001_cV6_electrode_s20,phase2/results/predictions/full/clean_only/resnet/seed_101/bandpass_n20001_cV6_electrode_s20.npz,76452,4e2142aaf9d0412bb2cede59f715c84c3160012ef6e1be1ddf02a9ebeca48c3c
resnet,clean_only,101,bandpass_n20001_cV6_electrode_s15,phase2/results/predictions/full/clean_only/resnet/seed_101/bandpass_n20001_cV6_electrode_s15.npz,76394,1d4c4f1214a64818b822b111d5c5f469745bd3a69de882288ff09effd35e3777
resnet,clean_only,101,bandpass_n20001_cV6_electrode_s10,phase2/results/predictions/full/clean_only/resnet/seed_101/bandpass_n20001_cV6_electrode_s10.npz,76282,e484ebd165182ea8440547861a1cf502b97fb84cb40bfd09c8cd63d879365dfe
resnet,clean_only,101,bandpass_n20001_cV6_electrode_s5,phase2/results/predictions/full/clean_only/resnet/seed_101/bandpass_n20001_cV6_electrode_s5.npz,76012,dc373e48380a2dc3ec61f1c47c8b0c18e554c1c220c4a9b5a816dd775549fef2
resnet,clean_only,101,bandpass_n20001_cV6_electrode_s0,phase2/results/predictions/full/clean_only/resnet/seed_101/bandpass_n20001_cV6_electrode_s0.npz,75533,47be7cd00998d17322540f3d7f88454a76e884ddfc81aac05efd9002a1eb24fa
resnet,clean_only,101,bandpass_n20001_cV6_covariance_s20,phase2/results/predictions/full/clean_only/resnet/seed_101/bandpass_n20001_cV6_covariance_s20.npz,76411,1daf2ad3c9014bcd743b34b351e33c6a6759373dfa45c66f042d34d84bc56c69
resnet,clean_only,101,bandpass_n20001_cV6_covariance_s15,phase2/results/predictions/full/clean_only/resnet/seed_101/bandpass_n20001_cV6_covariance_s15.npz,76344,e62ba4f7ab7a93b6b01618cfeb69947c0a4a5174557eff9a6da99b6c7d320b79
resnet,clean_only,101,bandpass_n20001_cV6_covariance_s10,phase2/results/predictions/full/clean_only/resnet/seed_101/bandpass_n20001_cV6_covariance_s10.npz,76275,c403fa4d2a09d03f98cfb660c47b74fed202ad6d555d37b7c66ba9954a189801
resnet,clean_only,101,bandpass_n20001_cV6_covariance_s5,phase2/results/predictions/full/clean_only/resnet/seed_101/bandpass_n20001_cV6_covariance_s5.npz,76052,8a656c09bd48b1c1dfd221eaf8c05bf8077a921fa74117d425cf9ea4b7e22d90
resnet,clean_only,101,bandpass_n20001_cV6_covariance_s0,phase2/results/predictions/full/clean_only/resnet/seed_101/bandpass_n20001_cV6_covariance_s0.npz,75521,4e0ba369bcb1190d35d4c86f5f5d58e7ad41ad9854bc0b71eb7fb4c88dcbc8bc
resnet,clean_only,101,bandpass_n20001_cRA_LA_independent_rms_s20,phase2/results/predictions/full/clean_only/resnet/seed_101/bandpass_n20001_cRA_LA_independent_rms_s20.npz,76438,eed1e3e268996ad63330c95c94cc9f56bb027acf6e0a9f4815dbae6124254df9
resnet,clean_only,101,bandpass_n20001_cRA_LA_independent_rms_s15,phase2/results/predictions/full/clean_only/resnet/seed_101/bandpass_n20001_cRA_LA_independent_rms_s15.npz,76415,9951b7f55b5813ef9b8291efce3b73e652306b2fa2c3cfccd0cac51a7215271e
resnet,clean_only,101,bandpass_n20001_cRA_LA_independent_rms_s10,phase2/results/predictions/full/clean_only/resnet/seed_101/bandpass_n20001_cRA_LA_independent_rms_s10.npz,76300,9531a1080b389bd4574dfff762580fd032d4e13c57b50651a3289320bb7da2db
resnet,clean_only,101,bandpass_n20001_cRA_LA_independent_rms_s5,phase2/results/predictions/full/clean_only/resnet/seed_101/bandpass_n20001_cRA_LA_independent_rms_s5.npz,76024,6df1a4f076e61a1978b1877b3d5b51c2779b6d427497b40205847cd3447682ce
resnet,clean_only,101,bandpass_n20001_cRA_LA_independent_rms_s0,phase2/results/predictions/full/clean_only/resnet/seed_101/bandpass_n20001_cRA_LA_independent_rms_s0.npz,75429,770f905eb8250f8fcdcc59d697b83c1d2f67ea1b9233d4da1e730efebd6f84bb
resnet,clean_only,101,bandpass_n20001_cRA_LA_electrode_s20,phase2/results/predictions/full/clean_only/resnet/seed_101/bandpass_n20001_cRA_LA_electrode_s20.npz,76376,db21b2b1798df21f68a821a85c8f2c18ab0999a5d7fa96c3c23c16d10eceed54
resnet,clean_only,101,bandpass_n20001_cRA_LA_electrode_s15,phase2/results/predictions/full/clean_only/resnet/seed_101/bandpass_n20001_cRA_LA_electrode_s15.npz,76326,52a8c789283c93e73e8067daac5c00ff0ee18a72f6b6ee7d2a9f8ef0634e9711
resnet,clean_only,101,bandpass_n20001_cRA_LA_electrode_s10,phase2/results/predictions/full/clean_only/resnet/seed_101/bandpass_n20001_cRA_LA_electrode_s10.npz,76200,36e0fd273aa4f5a1555e16cade7af011e890edea5a88661c6e62dc2abaef6423
resnet,clean_only,101,bandpass_n20001_cRA_LA_electrode_s5,phase2/results/predictions/full/clean_only/resnet/seed_101/bandpass_n20001_cRA_LA_electrode_s5.npz,75878,61d405e1a54b231a19276d81cfe1b943db09df2b58ea77d79a50e3da4a872c46
resnet,clean_only,101,bandpass_n20001_cRA_LA_electrode_s0,phase2/results/predictions/full/clean_only/resnet/seed_101/bandpass_n20001_cRA_LA_electrode_s0.npz,75296,00ead14c4d5eece491a894c5fa21a5c1b702da19609f3441d03a0ef3fa54bbda
resnet,clean_only,101,bandpass_n20001_cRA_LA_covariance_s20,phase2/results/predictions/full/clean_only/resnet/seed_101/bandpass_n20001_cRA_LA_covariance_s20.npz,76403,30a826a02f8e92531526802eda9667b6dd433ef048a2a81453d0a14f7d95bb56
resnet,clean_only,101,bandpass_n20001_cRA_LA_covariance_s15,phase2/results/predictions/full/clean_only/resnet/seed_101/bandpass_n20001_cRA_LA_covariance_s15.npz,76370,2092a9ba7d6992e26cb2a38d8725fa926402f062bf1dc03750b80dd9d5d78663
resnet,clean_only,101,bandpass_n20001_cRA_LA_covariance_s10,phase2/results/predictions/full/clean_only/resnet/seed_101/bandpass_n20001_cRA_LA_covariance_s10.npz,76190,7798d4b204af8e1909566c7f6b9a521a7f6f3420cdd5ad980ec92c17f31bff4f
resnet,clean_only,101,bandpass_n20001_cRA_LA_covariance_s5,phase2/results/predictions/full/clean_only/resnet/seed_101/bandpass_n20001_cRA_LA_covariance_s5.npz,75878,c0a041435b2ba9fb3a20b8c1303c334c21406e9d59aa7a24dcc12114e557cbb1
resnet,clean_only,101,bandpass_n20001_cRA_LA_covariance_s0,phase2/results/predictions/full/clean_only/resnet/seed_101/bandpass_n20001_cRA_LA_covariance_s0.npz,75266,53eae4c940bfdbbadac5ddd6f91b60e4494b174669b2c429c94c3e0c96b21323
resnet,clean_only,101,bandpass_n20001_cLA_LL_independent_rms_s20,phase2/results/predictions/full/clean_only/resnet/seed_101/bandpass_n20001_cLA_LL_independent_rms_s20.npz,76414,b425ff47ffb6b9904f6d05a3b6406fd4ce65a6e9247ee56c17841d8c7a5ee553
resnet,clean_only,101,bandpass_n20001_cLA_LL_independent_rms_s15,phase2/results/predictions/full/clean_only/resnet/seed_101/bandpass_n20001_cLA_LL_independent_rms_s15.npz,76394,149682aeb75ebc9689c721c4687a512e9887c1138cf3c4363b945c6dce667a2b
resnet,clean_only,101,bandpass_n20001_cLA_LL_independent_rms_s10,phase2/results/predictions/full/clean_only/resnet/seed_101/bandpass_n20001_cLA_LL_independent_rms_s10.npz,76287,cc4b407ba6bbfd93f4528ce35724780999b6593780bc92dd8c21163e7f8b9dc4
resnet,clean_only,101,bandpass_n20001_cLA_LL_independent_rms_s5,phase2/results/predictions/full/clean_only/resnet/seed_101/bandpass_n20001_cLA_LL_independent_rms_s5.npz,76000,a524a013af41448ebb65f35d34a7b172991af279f2da4c2cc52dd79439312d1b
resnet,clean_only,101,bandpass_n20001_cLA_LL_independent_rms_s0,phase2/results/predictions/full/clean_only/resnet/seed_101/bandpass_n20001_cLA_LL_independent_rms_s0.npz,75367,d3bbca32b71c0ad3c78158555a6b6b215b6287d40633cafa86c20332fe580fbc
resnet,clean_only,101,bandpass_n20001_cLA_LL_electrode_s20,phase2/results/predictions/full/clean_only/resnet/seed_101/bandpass_n20001_cLA_LL_electrode_s20.npz,76423,be9eb90cce8b61ac9bb93a372a036e51c99edfcf915ad3d2e930c89600a02582
resnet,clean_only,101,bandpass_n20001_cLA_LL_electrode_s15,phase2/results/predictions/full/clean_only/resnet/seed_101/bandpass_n20001_cLA_LL_electrode_s15.npz,76344,cc8f8cf6cab93b762a8b924b0aebafe6fc767fa29751d3416c7bbfb7a363cb46
resnet,clean_only,101,bandpass_n20001_cLA_LL_electrode_s10,phase2/results/predictions/full/clean_only/resnet/seed_101/bandpass_n20001_cLA_LL_electrode_s10.npz,76168,c9edf809d6af76445d5ea2b503d587b8eba46e5ed58a2f8c6fc30c73ddc1b876
resnet,clean_only,101,bandpass_n20001_cLA_LL_electrode_s5,phase2/results/predictions/full/clean_only/resnet/seed_101/bandpass_n20001_cLA_LL_electrode_s5.npz,75816,c9765e48e77558e53431c5378a74c8e2d0a57e06a9558cd01d1935affbd4fd3b
resnet,clean_only,101,bandpass_n20001_cLA_LL_electrode_s0,phase2/results/predictions/full/clean_only/resnet/seed_101/bandpass_n20001_cLA_LL_electrode_s0.npz,75367,bcc80d3751b7db1dfbd2a80832660c9d981019a23d138d1d032a38e4bd106c80
resnet,clean_only,101,bandpass_n20001_cLA_LL_covariance_s20,phase2/results/predictions/full/clean_only/resnet/seed_101/bandpass_n20001_cLA_LL_covariance_s20.npz,76459,7de18a1967cb80f9359c7aa2b30d7a3cef8085810042ed5fd019853ca87e342f
resnet,clean_only,101,bandpass_n20001_cLA_LL_covariance_s15,phase2/results/predictions/full/clean_only/resnet/seed_101/bandpass_n20001_cLA_LL_covariance_s15.npz,76360,23acfcfe84e853c81c25d5f62e575e0e3a10d6677b4c7fa21bc812964e278e44
resnet,clean_only,101,bandpass_n20001_cLA_LL_covariance_s10,phase2/results/predictions/full/clean_only/resnet/seed_101/bandpass_n20001_cLA_LL_covariance_s10.npz,76219,0db33c3afb342f997fc90714927074f2d7a9354cf63e095e62fd308d684adde3
resnet,clean_only,101,bandpass_n20001_cLA_LL_covariance_s5,phase2/results/predictions/full/clean_only/resnet/seed_101/bandpass_n20001_cLA_LL_covariance_s5.npz,75805,790ef5ad7ee2942058c470a5a32d420220d6ef79fbba7939b6c0d69bc8937000
resnet,clean_only,101,bandpass_n20001_cLA_LL_covariance_s0,phase2/results/predictions/full/clean_only/resnet/seed_101/bandpass_n20001_cLA_LL_covariance_s0.npz,75388,bc45ffd92054f9736a3431854e1fba7d925e649458c06f4b13f4220a59bf6e3d
resnet,clean_only,101,bandpass_n20001_cRA_LL_independent_rms_s20,phase2/results/predictions/full/clean_only/resnet/seed_101/bandpass_n20001_cRA_LL_independent_rms_s20.npz,76451,5cd144aa638f4445c123ae9967b4b591d77c8f18f82a7c107c130083c022db16
resnet,clean_only,101,bandpass_n20001_cRA_LL_independent_rms_s15,phase2/results/predictions/full/clean_only/resnet/seed_101/bandpass_n20001_cRA_LL_independent_rms_s15.npz,76390,e1e95e5a83c130a97b4ef103e9a331d7e93e5f799149fee19e7db70054291850
resnet,clean_only,101,bandpass_n20001_cRA_LL_independent_rms_s10,phase2/results/predictions/full/clean_only/resnet/seed_101/bandpass_n20001_cRA_LL_independent_rms_s10.npz,76270,a08e4305a98ec58b7f368e59553b166f6d2263e6ff535428cd5a2d159dd44342
resnet,clean_only,101,bandpass_n20001_cRA_LL_independent_rms_s5,phase2/results/predictions/full/clean_only/resnet/seed_101/bandpass_n20001_cRA_LL_independent_rms_s5.npz,76010,caaccf642952b082f1ce6cb8b1ad4abf815bbe3759a45f220dfb698a4ae785d2
resnet,clean_only,101,bandpass_n20001_cRA_LL_independent_rms_s0,phase2/results/predictions/full/clean_only/resnet/seed_101/bandpass_n20001_cRA_LL_independent_rms_s0.npz,75392,58258953f653a2e2da0b16de4e7080b42c8d155974cd1671b2432d26f3bc05b6
resnet,clean_only,101,bandpass_n20001_cRA_LL_electrode_s20,phase2/results/predictions/full/clean_only/resnet/seed_101/bandpass_n20001_cRA_LL_electrode_s20.npz,76414,d1dae09e6c998ad24e86bab45955daac4b9555b1805dc769107ce62a14f3b7bf
resnet,clean_only,101,bandpass_n20001_cRA_LL_electrode_s15,phase2/results/predictions/full/clean_only/resnet/seed_101/bandpass_n20001_cRA_LL_electrode_s15.npz,76334,32c5f6e4e862b094511cfb88de3c71668209196a8e034da4a0656f4d917b5ac7
resnet,clean_only,101,bandpass_n20001_cRA_LL_electrode_s10,phase2/results/predictions/full/clean_only/resnet/seed_101/bandpass_n20001_cRA_LL_electrode_s10.npz,76170,ac4d5dc789eab2d95349df163a14dfe2b562ca0aabdb920e94d9fc226a20a8a1
resnet,clean_only,101,bandpass_n20001_cRA_LL_electrode_s5,phase2/results/predictions/full/clean_only/resnet/seed_101/bandpass_n20001_cRA_LL_electrode_s5.npz,75774,91327e07c3bca1a48485c8ac5e5d0b81cdffe302d6e00e3c0da9f0680a341fda
resnet,clean_only,101,bandpass_n20001_cRA_LL_electrode_s0,phase2/results/predictions/full/clean_only/resnet/seed_101/bandpass_n20001_cRA_LL_electrode_s0.npz,75214,d99d03a0aa6126901cd77a83927a6cc6ce08a2a0fdc45bc07cf98db41cfb2787
resnet,clean_only,101,bandpass_n20001_cRA_LL_covariance_s20,phase2/results/predictions/full/clean_only/resnet/seed_101/bandpass_n20001_cRA_LL_covariance_s20.npz,76389,50c7eb67c6384b8b6f7f76e9b658c88ff7ec7e9887eb7e1080fb61521fe9f21e
resnet,clean_only,101,bandpass_n20001_cRA_LL_covariance_s15,phase2/results/predictions/full/clean_only/resnet/seed_101/bandpass_n20001_cRA_LL_covariance_s15.npz,76331,bea3bee9e77dc94e8f71374989f287e175145cbe32b95b644a0dbc8d302870e6
resnet,clean_only,101,bandpass_n20001_cRA_LL_covariance_s10,phase2/results/predictions/full/clean_only/resnet/seed_101/bandpass_n20001_cRA_LL_covariance_s10.npz,76193,cd3311646c34f0f610bba6f6862c016fa3b56cad4df1ce7814753fa6909a8f73
resnet,clean_only,101,bandpass_n20001_cRA_LL_covariance_s5,phase2/results/predictions/full/clean_only/resnet/seed_101/bandpass_n20001_cRA_LL_covariance_s5.npz,75784,93cce05363194c983151544ac755f050df3ad1c21d8384aa23f04ee1780561c7
resnet,clean_only,101,bandpass_n20001_cRA_LL_covariance_s0,phase2/results/predictions/full/clean_only/resnet/seed_101/bandpass_n20001_cRA_LL_covariance_s0.npz,75193,fc86dc5fca9927079aec014b1de26f669c37a4c109c51df36b3dd6b54ca5ec63
resnet,clean_only,101,bandpass_n20001_cRA_independent_rms_s20,phase2/results/predictions/full/clean_only/resnet/seed_101/bandpass_n20001_cRA_independent_rms_s20.npz,76432,7092f2d25943491045dbfb3ff3a1a52e4d9f42416827e91365bdd21c1a1e5be1
resnet,clean_only,101,bandpass_n20001_cRA_independent_rms_s15,phase2/results/predictions/full/clean_only/resnet/seed_101/bandpass_n20001_cRA_independent_rms_s15.npz,76387,9362ad0af3f1fafe53da7be8160f62a69e5d161635292acaaec2ada54389b8ea
resnet,clean_only,101,bandpass_n20001_cRA_independent_rms_s10,phase2/results/predictions/full/clean_only/resnet/seed_101/bandpass_n20001_cRA_independent_rms_s10.npz,76300,50cbc05a58ab6369a3cb1d7bdf2b6eabbb9a6023c6dbd6fa25787a91ba8697ad
resnet,clean_only,101,bandpass_n20001_cRA_independent_rms_s5,phase2/results/predictions/full/clean_only/resnet/seed_101/bandpass_n20001_cRA_independent_rms_s5.npz,76017,aeb852b62ca8e6c681e1466b1e3456a35fbaf671f3b8b0219e150bf5a1093108
resnet,clean_only,101,bandpass_n20001_cRA_independent_rms_s0,phase2/results/predictions/full/clean_only/resnet/seed_101/bandpass_n20001_cRA_independent_rms_s0.npz,75458,6efd6cc18050822ac58e8d3fcb79dec3d44cc00e10795671e6e78054b81cdf64
resnet,clean_only,101,bandpass_n20001_cRA_electrode_s20,phase2/results/predictions/full/clean_only/resnet/seed_101/bandpass_n20001_cRA_electrode_s20.npz,76412,7a50a841211afd24f28ea8b1456bcfec627e7eed09c1f84c52d3b78093a6a05a
resnet,clean_only,101,bandpass_n20001_cRA_electrode_s15,phase2/results/predictions/full/clean_only/resnet/seed_101/bandpass_n20001_cRA_electrode_s15.npz,76373,a1c22a86cf4ff4f084186441166d4d28d612a1140c4d169754865842d89ec944
resnet,clean_only,101,bandpass_n20001_cRA_electrode_s10,phase2/results/predictions/full/clean_only/resnet/seed_101/bandpass_n20001_cRA_electrode_s10.npz,76205,1b5bafe3f593a30c98c8228a75195fcea4d5f6c217676b6e3bb8b5dfb3bdfd60
resnet,clean_only,101,bandpass_n20001_cRA_electrode_s5,phase2/results/predictions/full/clean_only/resnet/seed_101/bandpass_n20001_cRA_electrode_s5.npz,75897,4d95db90d16982193b51760c590fce3828b42a405ecc556b1625618a8ca25f10
resnet,clean_only,101,bandpass_n20001_cRA_electrode_s0,phase2/results/predictions/full/clean_only/resnet/seed_101/bandpass_n20001_cRA_electrode_s0.npz,75374,6661270295c4ddab85675ccf3069eb19fa6a71a9bb1202ab4973bfe0d5967ab3
resnet,clean_only,101,bandpass_n20001_cRA_covariance_s20,phase2/results/predictions/full/clean_only/resnet/seed_101/bandpass_n20001_cRA_covariance_s20.npz,76397,c915f3e10ef9b428e5b678e3ff10dfd1d941b4a0cc3546581252420844c7ba4b
resnet,clean_only,101,bandpass_n20001_cRA_covariance_s15,phase2/results/predictions/full/clean_only/resnet/seed_101/bandpass_n20001_cRA_covariance_s15.npz,76342,e9c1fe01c5c9ea363ecb1011be1cca0f6130cff9c1589e55bd8eee1103b77548
resnet,clean_only,101,bandpass_n20001_cRA_covariance_s10,phase2/results/predictions/full/clean_only/resnet/seed_101/bandpass_n20001_cRA_covariance_s10.npz,76181,2634d2251c0be1eaf1467e54e5b5ce737601f879af54d4acad4fc27231a28a27
resnet,clean_only,101,bandpass_n20001_cRA_covariance_s5,phase2/results/predictions/full/clean_only/resnet/seed_101/bandpass_n20001_cRA_covariance_s5.npz,75928,e79f803502256f6ff4b482f8b246cd92b6d6d392d089414f4ff2fcdd0d7d0136
resnet,clean_only,101,bandpass_n20001_cRA_covariance_s0,phase2/results/predictions/full/clean_only/resnet/seed_101/bandpass_n20001_cRA_covariance_s0.npz,75375,273599eb167a8318d32ddb1eecc720e9cd14364c970c8ab06538fce9e9f00cb5
resnet,clean_only,101,bandpass_n20001_cLA_independent_rms_s20,phase2/results/predictions/full/clean_only/resnet/seed_101/bandpass_n20001_cLA_independent_rms_s20.npz,76451,7b472a29b922356bb7cc0065059b98e12d1f64316facf764788d61fb6b1d12d9
resnet,clean_only,101,bandpass_n20001_cLA_independent_rms_s15,phase2/results/predictions/full/clean_only/resnet/seed_101/bandpass_n20001_cLA_independent_rms_s15.npz,76375,3010e9dcd605e571d43cca789bfc3f7067c6c448f5ddbc9cc5e677669a92da4d
resnet,clean_only,101,bandpass_n20001_cLA_independent_rms_s10,phase2/results/predictions/full/clean_only/resnet/seed_101/bandpass_n20001_cLA_independent_rms_s10.npz,76299,924e09e885bc0ef9b1012d8897688363e22a18bc87a3cb3495ee67e5decf537c
resnet,clean_only,101,bandpass_n20001_cLA_independent_rms_s5,phase2/results/predictions/full/clean_only/resnet/seed_101/bandpass_n20001_cLA_independent_rms_s5.npz,76030,4aa1e7f24671419a24baaacf69e1c5a7bd0dd966b3c2d926a814e1d13faf5c53
resnet,clean_only,101,bandpass_n20001_cLA_independent_rms_s0,phase2/results/predictions/full/clean_only/resnet/seed_101/bandpass_n20001_cLA_independent_rms_s0.npz,75394,af9566596940e739c4f3da52d59e5d6468d75aa1753ddb0f62f600d65a8ff1f3
resnet,clean_only,101,bandpass_n20001_cLA_electrode_s20,phase2/results/predictions/full/clean_only/resnet/seed_101/bandpass_n20001_cLA_electrode_s20.npz,76419,34a953225e623a5cb814ff2ffd727212c060cee2d88b2e0b9f8ed8a012475934
resnet,clean_only,101,bandpass_n20001_cLA_electrode_s15,phase2/results/predictions/full/clean_only/resnet/seed_101/bandpass_n20001_cLA_electrode_s15.npz,76364,b21321911a7cbf92c47e7171d2474738bb1fe14e1dbadbfe7ecc2af7c989872b
resnet,clean_only,101,bandpass_n20001_cLA_electrode_s10,phase2/results/predictions/full/clean_only/resnet/seed_101/bandpass_n20001_cLA_electrode_s10.npz,76230,4a7b3f8ea666a99cb6171b92b97bb901e52cf29f9d00033d6fa20ea238f6553a
resnet,clean_only,101,bandpass_n20001_cLA_electrode_s5,phase2/results/predictions/full/clean_only/resnet/seed_101/bandpass_n20001_cLA_electrode_s5.npz,75910,cd6f053bcdf61d5e3f46f5e8f29136d9fb29da1e24493df89f04eb9408493194
resnet,clean_only,101,bandpass_n20001_cLA_electrode_s0,phase2/results/predictions/full/clean_only/resnet/seed_101/bandpass_n20001_cLA_electrode_s0.npz,75401,1bb425ea0e0b082ee949c2c52dc115bbb699577987fc3fad7cae9c788b15e54b
resnet,clean_only,101,bandpass_n20001_cLA_covariance_s20,phase2/results/predictions/full/clean_only/resnet/seed_101/bandpass_n20001_cLA_covariance_s20.npz,76414,90e9e0b11f156b0485aff890145e3414ee6b90dd9b6c1c932eeaf17939ef5eb9
resnet,clean_only,101,bandpass_n20001_cLA_covariance_s15,phase2/results/predictions/full/clean_only/resnet/seed_101/bandpass_n20001_cLA_covariance_s15.npz,76359,ba0504c34f315b5698ba4d7080153ca295d8882271f5d1c9bf032f91d617b9fc
resnet,clean_only,101,bandpass_n20001_cLA_covariance_s10,phase2/results/predictions/full/clean_only/resnet/seed_101/bandpass_n20001_cLA_covariance_s10.npz,76212,ec8a804fda0eeaf29409cddf2ea26497a9cddcd1ee99ea9132cf2d81de8a3a81
resnet,clean_only,101,bandpass_n20001_cLA_covariance_s5,phase2/results/predictions/full/clean_only/resnet/seed_101/bandpass_n20001_cLA_covariance_s5.npz,75866,c60e2026e83cccb8e4235ce2f4df3ff3028465e514139d53f0e2209aec5baef9
resnet,clean_only,101,bandpass_n20001_cLA_covariance_s0,phase2/results/predictions/full/clean_only/resnet/seed_101/bandpass_n20001_cLA_covariance_s0.npz,75400,410b8b610a0ae63ef8604b9be0c56a71d364fb244790dfa003034930008ce949
resnet,clean_only,101,bandpass_n20001_cLL_independent_rms_s20,phase2/results/predictions/full/clean_only/resnet/seed_101/bandpass_n20001_cLL_independent_rms_s20.npz,76448,381a4702d547e915df3fb84613012398d6624b78a4b24cf85641947bcff831a4
resnet,clean_only,101,bandpass_n20001_cLL_independent_rms_s15,phase2/results/predictions/full/clean_only/resnet/seed_101/bandpass_n20001_cLL_independent_rms_s15.npz,76383,f660901d157642e299cb09df95199bca9d4dbff667cbe69d3ebbbe4b22ee839e
resnet,clean_only,101,bandpass_n20001_cLL_independent_rms_s10,phase2/results/predictions/full/clean_only/resnet/seed_101/bandpass_n20001_cLL_independent_rms_s10.npz,76243,a8a43e272ffbad1ea670698271012446bdf24f5fbd89735b2bab59eb1019e2ec
resnet,clean_only,101,bandpass_n20001_cLL_independent_rms_s5,phase2/results/predictions/full/clean_only/resnet/seed_101/bandpass_n20001_cLL_independent_rms_s5.npz,75976,0f3d16fe4d36e6051ff663c994a8664d37363f5ed82b464eaba199addf1aa99f
resnet,clean_only,101,bandpass_n20001_cLL_independent_rms_s0,phase2/results/predictions/full/clean_only/resnet/seed_101/bandpass_n20001_cLL_independent_rms_s0.npz,75347,e9d6353d474c2f4cd3973fe5120e8fe5f49141c7c68685c70fa8ffab9efa490b
resnet,clean_only,101,bandpass_n20001_cLL_electrode_s20,phase2/results/predictions/full/clean_only/resnet/seed_101/bandpass_n20001_cLL_electrode_s20.npz,76392,ccfdb5f38fc5865025bcbfc61ff042cbf707be2f8cd30354bd68859d98ea95f1
resnet,clean_only,101,bandpass_n20001_cLL_electrode_s15,phase2/results/predictions/full/clean_only/resnet/seed_101/bandpass_n20001_cLL_electrode_s15.npz,76327,6285eec55739f30fecd5b1c5c405873af08548a326f3d1ef8edee5d7f1c5c2f2
resnet,clean_only,101,bandpass_n20001_cLL_electrode_s10,phase2/results/predictions/full/clean_only/resnet/seed_101/bandpass_n20001_cLL_electrode_s10.npz,76146,405feea489924f16b5a14b35af74bade8d1ad1f1cd5e08b072c339235ff53ee5
resnet,clean_only,101,bandpass_n20001_cLL_electrode_s5,phase2/results/predictions/full/clean_only/resnet/seed_101/bandpass_n20001_cLL_electrode_s5.npz,75755,28871f46c2f483802933dfc9b6eace429748f4493eb53cad5906881b25845651
resnet,clean_only,101,bandpass_n20001_cLL_electrode_s0,phase2/results/predictions/full/clean_only/resnet/seed_101/bandpass_n20001_cLL_electrode_s0.npz,75396,6b1435c93b0b2c05f2bdf919ae268f16a1efcdaa901fc2cb51092335e7538aa5
resnet,clean_only,101,bandpass_n20001_cLL_covariance_s20,phase2/results/predictions/full/clean_only/resnet/seed_101/bandpass_n20001_cLL_covariance_s20.npz,76416,a7a6b06ea0f54d99aa498b5dc97d6fb607f0e3b4a023a3a9c61666fb4394648a
resnet,clean_only,101,bandpass_n20001_cLL_covariance_s15,phase2/results/predictions/full/clean_only/resnet/seed_101/bandpass_n20001_cLL_covariance_s15.npz,76349,281a68c4d9bd59c20fe23ad866fa77e827b4a130e8810f96f2b7678d697fe849
resnet,clean_only,101,bandpass_n20001_cLL_covariance_s10,phase2/results/predictions/full/clean_only/resnet/seed_101/bandpass_n20001_cLL_covariance_s10.npz,76178,1a73842a0f4f4aa7625c9378655dca2dd44a50929fbc0952735d16576bf60832
resnet,clean_only,101,bandpass_n20001_cLL_covariance_s5,phase2/results/predictions/full/clean_only/resnet/seed_101/bandpass_n20001_cLL_covariance_s5.npz,75721,7fa8db20bb06b9b73d57490969db46092bd9a6e357c1604fa5eedac9c0b3bd86
resnet,clean_only,101,bandpass_n20001_cLL_covariance_s0,phase2/results/predictions/full/clean_only/resnet/seed_101/bandpass_n20001_cLL_covariance_s0.npz,75417,6cd7050cd690ae3a99bcddf731592171a7588dc91eabdeb4cdda984a11b0fe2a
resnet,clean_only,101,bandpass_n20001_cRA_V1_independent_rms_s20,phase2/results/predictions/full/clean_only/resnet/seed_101/bandpass_n20001_cRA_V1_independent_rms_s20.npz,76454,616c454768d573366d39f89148048e3bc60b3e197d7aee3ac146bcf276378f15
resnet,clean_only,101,bandpass_n20001_cRA_V1_independent_rms_s15,phase2/results/predictions/full/clean_only/resnet/seed_101/bandpass_n20001_cRA_V1_independent_rms_s15.npz,76386,ab44b05168adc8c1c15f9225d301bcaa2a2ab86543e9634a16a9a954224bfb5d
resnet,clean_only,101,bandpass_n20001_cRA_V1_independent_rms_s10,phase2/results/predictions/full/clean_only/resnet/seed_101/bandpass_n20001_cRA_V1_independent_rms_s10.npz,76278,cc2c19de201f5e62ae862af97279ea76311999fb97edf1a543e7ee420a34821d
resnet,clean_only,101,bandpass_n20001_cRA_V1_independent_rms_s5,phase2/results/predictions/full/clean_only/resnet/seed_101/bandpass_n20001_cRA_V1_independent_rms_s5.npz,75993,8924549530c27f6e18063550ceb850ee77f6c3d89c73eed065818c72cbb8f7a7
resnet,clean_only,101,bandpass_n20001_cRA_V1_independent_rms_s0,phase2/results/predictions/full/clean_only/resnet/seed_101/bandpass_n20001_cRA_V1_independent_rms_s0.npz,75411,57d970c12f43b15ef309eff4942c6f48e296b474e9554aa1e2bb4bdf52cb9db0
resnet,clean_only,101,bandpass_n20001_cRA_V1_electrode_s20,phase2/results/predictions/full/clean_only/resnet/seed_101/bandpass_n20001_cRA_V1_electrode_s20.npz,76432,a71aa257dd70cf473f8e10de0f217bd6cd478a2083ce1aa8c6212f1d0fa1c736
resnet,clean_only,101,bandpass_n20001_cRA_V1_electrode_s15,phase2/results/predictions/full/clean_only/resnet/seed_101/bandpass_n20001_cRA_V1_electrode_s15.npz,76355,b04ccd8db2e05b370042bb58a93da53c7f1c7bb8ae676c33e78770c474f2a19a
resnet,clean_only,101,bandpass_n20001_cRA_V1_electrode_s10,phase2/results/predictions/full/clean_only/resnet/seed_101/bandpass_n20001_cRA_V1_electrode_s10.npz,76172,b25472600a74cd9d842f8d8da2f35e937ff89dee8092c4922a3aeaf0430d4237
resnet,clean_only,101,bandpass_n20001_cRA_V1_electrode_s5,phase2/results/predictions/full/clean_only/resnet/seed_101/bandpass_n20001_cRA_V1_electrode_s5.npz,75895,10e0b4a6bb5200b65ce809088c9ce234d322d2bf91298b34b53aa663fa2737da
resnet,clean_only,101,bandpass_n20001_cRA_V1_electrode_s0,phase2/results/predictions/full/clean_only/resnet/seed_101/bandpass_n20001_cRA_V1_electrode_s0.npz,75323,17219d88df5249acbb0f9ccea7fd165fd97cce5170aefeccc0ec912488953711
resnet,clean_only,101,bandpass_n20001_cRA_V1_covariance_s20,phase2/results/predictions/full/clean_only/resnet/seed_101/bandpass_n20001_cRA_V1_covariance_s20.npz,76451,a91ffdb449a4c970e1b12992ce92cfb300c504a7febb8a6c1fd4ae8b235bba13
resnet,clean_only,101,bandpass_n20001_cRA_V1_covariance_s15,phase2/results/predictions/full/clean_only/resnet/seed_101/bandpass_n20001_cRA_V1_covariance_s15.npz,76337,f88a9fb5df29482c31eecffffc05ffe90530593a591389595f0cb5f11ecfe631
resnet,clean_only,101,bandpass_n20001_cRA_V1_covariance_s10,phase2/results/predictions/full/clean_only/resnet/seed_101/bandpass_n20001_cRA_V1_covariance_s10.npz,76224,cf4ed21928590b7508a671e1037aac4ce8c89801da8cc3508538bda9b6087a92
resnet,clean_only,101,bandpass_n20001_cRA_V1_covariance_s5,phase2/results/predictions/full/clean_only/resnet/seed_101/bandpass_n20001_cRA_V1_covariance_s5.npz,75906,389b2b78aaffb1ffcd74cad56fe584290d8d19847365d280fc720a0ae4f27ad2
resnet,clean_only,101,bandpass_n20001_cRA_V1_covariance_s0,phase2/results/predictions/full/clean_only/resnet/seed_101/bandpass_n20001_cRA_V1_covariance_s0.npz,75307,d456b0ff4b800afbc57c4f05e29d819c521cd9aca418f3a693b6aa0299402cf1
resnet,clean_only,101,bandpass_n20001_cLA_V6_independent_rms_s20,phase2/results/predictions/full/clean_only/resnet/seed_101/bandpass_n20001_cLA_V6_independent_rms_s20.npz,76450,aa5fa908a6bbb63e7f9d8a6febcae558161daddff2294e13dd7d468ece686c14
resnet,clean_only,101,bandpass_n20001_cLA_V6_independent_rms_s15,phase2/results/predictions/full/clean_only/resnet/seed_101/bandpass_n20001_cLA_V6_independent_rms_s15.npz,76434,8f95519965e14d216176a063aff17bf7eab030c5baa9ce428c19798a31749a02
resnet,clean_only,101,bandpass_n20001_cLA_V6_independent_rms_s10,phase2/results/predictions/full/clean_only/resnet/seed_101/bandpass_n20001_cLA_V6_independent_rms_s10.npz,76310,d18ce009697ab47a46c9a1c02866f79b0c0108703d659ec35c48f2eb45b7264b
resnet,clean_only,101,bandpass_n20001_cLA_V6_independent_rms_s5,phase2/results/predictions/full/clean_only/resnet/seed_101/bandpass_n20001_cLA_V6_independent_rms_s5.npz,76039,ca8f402dc3d698c71cda340b24026f563cd87085fd12141869b4b09388366281
resnet,clean_only,101,bandpass_n20001_cLA_V6_independent_rms_s0,phase2/results/predictions/full/clean_only/resnet/seed_101/bandpass_n20001_cLA_V6_independent_rms_s0.npz,75412,7c8be083a0d126302ca0845de8ce56a42766dff2c6c6d6aaed6bed75d375bf58
resnet,clean_only,101,bandpass_n20001_cLA_V6_electrode_s20,phase2/results/predictions/full/clean_only/resnet/seed_101/bandpass_n20001_cLA_V6_electrode_s20.npz,76446,90eabbd58785080d6224928cb9a3ee0bbd62cae104cfbe3f74b832edb4273906
resnet,clean_only,101,bandpass_n20001_cLA_V6_electrode_s15,phase2/results/predictions/full/clean_only/resnet/seed_101/bandpass_n20001_cLA_V6_electrode_s15.npz,76356,0ab65a3dc56877d3df1ecc7fcb94621d4b84d1b74fdaef7aaff7f5dea40eb9d0
resnet,clean_only,101,bandpass_n20001_cLA_V6_electrode_s10,phase2/results/predictions/full/clean_only/resnet/seed_101/bandpass_n20001_cLA_V6_electrode_s10.npz,76241,46eacf76cbc750ce4b0534f54a974d7cf16cae3973d37319395dc261149e3843
resnet,clean_only,101,bandpass_n20001_cLA_V6_electrode_s5,phase2/results/predictions/full/clean_only/resnet/seed_101/bandpass_n20001_cLA_V6_electrode_s5.npz,75917,a5bc74dbcd223055b11888b8f1421abeba246e1f04e17f2e64ed603f851b93a4
resnet,clean_only,101,bandpass_n20001_cLA_V6_electrode_s0,phase2/results/predictions/full/clean_only/resnet/seed_101/bandpass_n20001_cLA_V6_electrode_s0.npz,75392,34cc5485eb3fd88fa0955d18614214ae8af0a6e5cd673e9d0e38b063a63099f8
resnet,clean_only,101,bandpass_n20001_cLA_V6_covariance_s20,phase2/results/predictions/full/clean_only/resnet/seed_101/bandpass_n20001_cLA_V6_covariance_s20.npz,76411,41c7fbae1daf16841d79b5b204790ce0983d9f3ef09cfcbea0cd8457662a6900
resnet,clean_only,101,bandpass_n20001_cLA_V6_covariance_s15,phase2/results/predictions/full/clean_only/resnet/seed_101/bandpass_n20001_cLA_V6_covariance_s15.npz,76364,565bb031fe87ef281189359ec5e9927f2d6bbe61b46e2c4c97558bead180b326
resnet,clean_only,101,bandpass_n20001_cLA_V6_covariance_s10,phase2/results/predictions/full/clean_only/resnet/seed_101/bandpass_n20001_cLA_V6_covariance_s10.npz,76214,3168712e37b2af014280d9df840820fe4193dd194c4ce08f148edde7a599322e
resnet,clean_only,101,bandpass_n20001_cLA_V6_covariance_s5,phase2/results/predictions/full/clean_only/resnet/seed_101/bandpass_n20001_cLA_V6_covariance_s5.npz,75931,6416ed63dfa06ff3ff2f6b35767c047b51144350373449cc0af9b3c5ad10a315
resnet,clean_only,101,bandpass_n20001_cLA_V6_covariance_s0,phase2/results/predictions/full/clean_only/resnet/seed_101/bandpass_n20001_cLA_V6_covariance_s0.npz,75376,d868a97bcaf8fa5c4f864610e80dfaa31593f39eda307305449e8b6b60fcc4ee
resnet,clean_only,101,bandpass_n20001_cLL_V4_independent_rms_s20,phase2/results/predictions/full/clean_only/resnet/seed_101/bandpass_n20001_cLL_V4_independent_rms_s20.npz,76446,487bd42b417632b863702cfaa486ab2a0b2341bd2769e71ae7f7f30fba2d049f
resnet,clean_only,101,bandpass_n20001_cLL_V4_independent_rms_s15,phase2/results/predictions/full/clean_only/resnet/seed_101/bandpass_n20001_cLL_V4_independent_rms_s15.npz,76413,296b4ed769ab7da049315a104ec3a3ad7c6f68ac95a8016f55f35fcd69743739
resnet,clean_only,101,bandpass_n20001_cLL_V4_independent_rms_s10,phase2/results/predictions/full/clean_only/resnet/seed_101/bandpass_n20001_cLL_V4_independent_rms_s10.npz,76292,1133b15e4e15808c30342c521f39536906fd4847135ef127f2c62b69427dd493
resnet,clean_only,101,bandpass_n20001_cLL_V4_independent_rms_s5,phase2/results/predictions/full/clean_only/resnet/seed_101/bandpass_n20001_cLL_V4_independent_rms_s5.npz,76028,d9115a9a53ace72381e2e87535afe6ffe28ac555cb536ff8b1468c5fd5107a3b
resnet,clean_only,101,bandpass_n20001_cLL_V4_independent_rms_s0,phase2/results/predictions/full/clean_only/resnet/seed_101/bandpass_n20001_cLL_V4_independent_rms_s0.npz,75391,ce19e60e8c7afdd3dab57149944cba49f9b6b69c97b94e2483a2588ce8dfc26f
resnet,clean_only,101,bandpass_n20001_cLL_V4_electrode_s20,phase2/results/predictions/full/clean_only/resnet/seed_101/bandpass_n20001_cLL_V4_electrode_s20.npz,76420,8abca577542e80da6b2c4acdd3d2421f99dc05cbe67cc14953ccd68421fcd417
resnet,clean_only,101,bandpass_n20001_cLL_V4_electrode_s15,phase2/results/predictions/full/clean_only/resnet/seed_101/bandpass_n20001_cLL_V4_electrode_s15.npz,76360,55daacb1def7bccf54412b75e04880376909de9b64e0f79c6764160d57cd0e8c
resnet,clean_only,101,bandpass_n20001_cLL_V4_electrode_s10,phase2/results/predictions/full/clean_only/resnet/seed_101/bandpass_n20001_cLL_V4_electrode_s10.npz,76195,ea7f8482d70a085a7fa7657f7b8cb2c9430203bf9887f4b5ccca9ecfb441914d
resnet,clean_only,101,bandpass_n20001_cLL_V4_electrode_s5,phase2/results/predictions/full/clean_only/resnet/seed_101/bandpass_n20001_cLL_V4_electrode_s5.npz,75810,966ffc686e55da39d3de4cded474751fa950c40139d8f435b06465f0305eb66a
resnet,clean_only,101,bandpass_n20001_cLL_V4_electrode_s0,phase2/results/predictions/full/clean_only/resnet/seed_101/bandpass_n20001_cLL_V4_electrode_s0.npz,75401,ebd59c61eea23b91e04eec2f492cbc4f89ee9a58afc761af34c8464a83bcd1f8
resnet,clean_only,101,bandpass_n20001_cLL_V4_covariance_s20,phase2/results/predictions/full/clean_only/resnet/seed_101/bandpass_n20001_cLL_V4_covariance_s20.npz,76397,fd9106d8ce3ed115065df25466389e86218cb7e684e9ab3e4c0c569bf7a852b4
resnet,clean_only,101,bandpass_n20001_cLL_V4_covariance_s15,phase2/results/predictions/full/clean_only/resnet/seed_101/bandpass_n20001_cLL_V4_covariance_s15.npz,76377,090a8944e5961dfca22fd0376f32585caf6dc0b4805ffcc4d765894db8bac92f
resnet,clean_only,101,bandpass_n20001_cLL_V4_covariance_s10,phase2/results/predictions/full/clean_only/resnet/seed_101/bandpass_n20001_cLL_V4_covariance_s10.npz,76192,beb0e15615e54a9e24392b52d8d245f3c1877c473102e8515dc75dcc4bc2bcaf
resnet,clean_only,101,bandpass_n20001_cLL_V4_covariance_s5,phase2/results/predictions/full/clean_only/resnet/seed_101/bandpass_n20001_cLL_V4_covariance_s5.npz,75820,fc6886c549b0b5532d468254e1312a93ec0c7fbe078edb18a73c055e2ddf45c8
resnet,clean_only,101,bandpass_n20001_cLL_V4_covariance_s0,phase2/results/predictions/full/clean_only/resnet/seed_101/bandpass_n20001_cLL_V4_covariance_s0.npz,75387,4174a011630440aadb2b928a1b724b0a867710d88d3b87dea02907ec640662de
resnet,clean_only,101,bandpass_n20001_cRA_LA_V1_V6_independent_rms_s20,phase2/results/predictions/full/clean_only/resnet/seed_101/bandpass_n20001_cRA_LA_V1_V6_independent_rms_s20.npz,76474,ed8c24c9b8f055b66c12494e9c4abf89bcac2edeb2c761e32129ee9bbdc087e2
resnet,clean_only,101,bandpass_n20001_cRA_LA_V1_V6_independent_rms_s15,phase2/results/predictions/full/clean_only/resnet/seed_101/bandpass_n20001_cRA_LA_V1_V6_independent_rms_s15.npz,76414,11841cc1675a4f6da05aff3af88ed3ae45d55fae3578e92486b2666164ce6206
resnet,clean_only,101,bandpass_n20001_cRA_LA_V1_V6_independent_rms_s10,phase2/results/predictions/full/clean_only/resnet/seed_101/bandpass_n20001_cRA_LA_V1_V6_independent_rms_s10.npz,76349,ca58a6ef617d9813886834eeeb57d2694422e1c502fe926ee1ded9c92d6e0d2e
resnet,clean_only,101,bandpass_n20001_cRA_LA_V1_V6_independent_rms_s5,phase2/results/predictions/full/clean_only/resnet/seed_101/bandpass_n20001_cRA_LA_V1_V6_independent_rms_s5.npz,76047,98fd140173632819024253e011204f5d805e10418b324bd61d132dad5b92c1c9
resnet,clean_only,101,bandpass_n20001_cRA_LA_V1_V6_independent_rms_s0,phase2/results/predictions/full/clean_only/resnet/seed_101/bandpass_n20001_cRA_LA_V1_V6_independent_rms_s0.npz,75427,628aa9a7c7bb8432a15b7c54540c291da6aa791b9dfdc5314a9522a998d2f064
resnet,clean_only,101,bandpass_n20001_cRA_LA_V1_V6_electrode_s20,phase2/results/predictions/full/clean_only/resnet/seed_101/bandpass_n20001_cRA_LA_V1_V6_electrode_s20.npz,76446,d0378a56f3fae1543059ec06585af22ff1da2289aba79f23b6d7525ea8c48198
resnet,clean_only,101,bandpass_n20001_cRA_LA_V1_V6_electrode_s15,phase2/results/predictions/full/clean_only/resnet/seed_101/bandpass_n20001_cRA_LA_V1_V6_electrode_s15.npz,76377,67a17e5d67101d49cea57c5329730fa5443345e4447b035f5bbfe5f0bc3f577e
resnet,clean_only,101,bandpass_n20001_cRA_LA_V1_V6_electrode_s10,phase2/results/predictions/full/clean_only/resnet/seed_101/bandpass_n20001_cRA_LA_V1_V6_electrode_s10.npz,76225,24e7e115c2244f187cbb86642d849b9610da030b4345f1f33a68949763a6cb60
resnet,clean_only,101,bandpass_n20001_cRA_LA_V1_V6_electrode_s5,phase2/results/predictions/full/clean_only/resnet/seed_101/bandpass_n20001_cRA_LA_V1_V6_electrode_s5.npz,75939,c2f15f108102683a3a676a9f378d14a781d53589664c3f41b2341e52df6e0a95
resnet,clean_only,101,bandpass_n20001_cRA_LA_V1_V6_electrode_s0,phase2/results/predictions/full/clean_only/resnet/seed_101/bandpass_n20001_cRA_LA_V1_V6_electrode_s0.npz,75332,84349d38363809f28cc64ef01a58bbc3c764047b6a5544806ec297b3331d62cf
resnet,clean_only,101,bandpass_n20001_cRA_LA_V1_V6_covariance_s20,phase2/results/predictions/full/clean_only/resnet/seed_101/bandpass_n20001_cRA_LA_V1_V6_covariance_s20.npz,76433,6537e145cd8e67cffbe3c908a4576b8053bf21c5f9f4b6bdc59a70cc89a5c34f
resnet,clean_only,101,bandpass_n20001_cRA_LA_V1_V6_covariance_s15,phase2/results/predictions/full/clean_only/resnet/seed_101/bandpass_n20001_cRA_LA_V1_V6_covariance_s15.npz,76357,51214ca0195b5cd85f6beb9b0caf47ac589ab4875f0900f72195682f11bb1da5
resnet,clean_only,101,bandpass_n20001_cRA_LA_V1_V6_covariance_s10,phase2/results/predictions/full/clean_only/resnet/seed_101/bandpass_n20001_cRA_LA_V1_V6_covariance_s10.npz,76217,b9167fa8cf6785e93cce07cd71d81d55fd1fe3a9f231a3eebbe23620d3227882
resnet,clean_only,101,bandpass_n20001_cRA_LA_V1_V6_covariance_s5,phase2/results/predictions/full/clean_only/resnet/seed_101/bandpass_n20001_cRA_LA_V1_V6_covariance_s5.npz,75907,59c05b7df7266cd9e81a02769fb26de9c1c53a4036b8d0420aad305eac8e6bf9
resnet,clean_only,101,bandpass_n20001_cRA_LA_V1_V6_covariance_s0,phase2/results/predictions/full/clean_only/resnet/seed_101/bandpass_n20001_cRA_LA_V1_V6_covariance_s0.npz,75304,a23e4c0d60cbaa5d3371c634b16b2da6de8f6e3a0903f3af7b004b0672a2cb6c
resnet,clean_only,101,bandpass_n20001_cRA_V2_V5_independent_rms_s20,phase2/results/predictions/full/clean_only/resnet/seed_101/bandpass_n20001_cRA_V2_V5_independent_rms_s20.npz,76463,43663d3d4f8b424292faacaeb8ce092dd54443c682cae2916fbda243c3e903af
resnet,clean_only,101,bandpass_n20001_cRA_V2_V5_independent_rms_s15,phase2/results/predictions/full/clean_only/resnet/seed_101/bandpass_n20001_cRA_V2_V5_independent_rms_s15.npz,76401,2dec7b4908a9c7a296982b9a13aa264ba1aac67c003ac62263fe3afe9b97aaf2
resnet,clean_only,101,bandpass_n20001_cRA_V2_V5_independent_rms_s10,phase2/results/predictions/full/clean_only/resnet/seed_101/bandpass_n20001_cRA_V2_V5_independent_rms_s10.npz,76296,8619e7c5d5f3f77ec4875dc2e726406e9e6dd3def95b3793fabfed3c8805ca87
resnet,clean_only,101,bandpass_n20001_cRA_V2_V5_independent_rms_s5,phase2/results/predictions/full/clean_only/resnet/seed_101/bandpass_n20001_cRA_V2_V5_independent_rms_s5.npz,75997,b0252b3b56e0622333fd5b3757f4a2e8a2358f747a9545d3906710ca39914410
resnet,clean_only,101,bandpass_n20001_cRA_V2_V5_independent_rms_s0,phase2/results/predictions/full/clean_only/resnet/seed_101/bandpass_n20001_cRA_V2_V5_independent_rms_s0.npz,75385,c23d487c303abd2d835baa94149e4c62bcd505c21d0ed78463b9f2b595f1e19b
resnet,clean_only,101,bandpass_n20001_cRA_V2_V5_electrode_s20,phase2/results/predictions/full/clean_only/resnet/seed_101/bandpass_n20001_cRA_V2_V5_electrode_s20.npz,76428,a841fec1192cd378d25a3e36ca98078c3187d18e13627a360f81da70fe6cf8a4
resnet,clean_only,101,bandpass_n20001_cRA_V2_V5_electrode_s15,phase2/results/predictions/full/clean_only/resnet/seed_101/bandpass_n20001_cRA_V2_V5_electrode_s15.npz,76375,46c7a58e3de427950662831db6a7388580380cefe6a82605f3a36569ae91d250
resnet,clean_only,101,bandpass_n20001_cRA_V2_V5_electrode_s10,phase2/results/predictions/full/clean_only/resnet/seed_101/bandpass_n20001_cRA_V2_V5_electrode_s10.npz,76222,465309d6e504c4b8aed6bbced8b3b426fef9e9a058a9ef2435552d8860089994
resnet,clean_only,101,bandpass_n20001_cRA_V2_V5_electrode_s5,phase2/results/predictions/full/clean_only/resnet/seed_101/bandpass_n20001_cRA_V2_V5_electrode_s5.npz,75919,dfd087d049dfb04ce38c98dfa9c1dd0ecf62657b5acd4138b2a56ec96b36d418
resnet,clean_only,101,bandpass_n20001_cRA_V2_V5_electrode_s0,phase2/results/predictions/full/clean_only/resnet/seed_101/bandpass_n20001_cRA_V2_V5_electrode_s0.npz,75309,43f543f930ddb130ac5d9957a4254431289fc5005400ce809c90a820e5b2ce52
resnet,clean_only,101,bandpass_n20001_cRA_V2_V5_covariance_s20,phase2/results/predictions/full/clean_only/resnet/seed_101/bandpass_n20001_cRA_V2_V5_covariance_s20.npz,76452,a5e99fcd728e5fcd67dd8d8f3aca313b5a129ed29a2a38167085faabff2e2562
resnet,clean_only,101,bandpass_n20001_cRA_V2_V5_covariance_s15,phase2/results/predictions/full/clean_only/resnet/seed_101/bandpass_n20001_cRA_V2_V5_covariance_s15.npz,76357,21d46769997ad81a59801a0f754e80f7c4d612e0c544fb6706dbb18b39c8ed00
resnet,clean_only,101,bandpass_n20001_cRA_V2_V5_covariance_s10,phase2/results/predictions/full/clean_only/resnet/seed_101/bandpass_n20001_cRA_V2_V5_covariance_s10.npz,76215,ee3a21d98b54c7d19f9548035931ed217755c7942cbcdb649015e0071ba4bca3
resnet,clean_only,101,bandpass_n20001_cRA_V2_V5_covariance_s5,phase2/results/predictions/full/clean_only/resnet/seed_101/bandpass_n20001_cRA_V2_V5_covariance_s5.npz,75965,87ab28828d337d57ff484f984a3ecd35d5071a970fc0ad959ba94259088d4901
resnet,clean_only,101,bandpass_n20001_cRA_V2_V5_covariance_s0,phase2/results/predictions/full/clean_only/resnet/seed_101/bandpass_n20001_cRA_V2_V5_covariance_s0.npz,75352,33d4b231abfdaed2abfa05dcc4ee192bb4efa6573ed88c26d095936a33fd0f3a
resnet,clean_only,101,bandpass_n20001_cLA_V3_V6_independent_rms_s20,phase2/results/predictions/full/clean_only/resnet/seed_101/bandpass_n20001_cLA_V3_V6_independent_rms_s20.npz,76456,ddcd5eb07275a71665d91eb71ea135de24c0e82cf134b92899d97cc548554a70
resnet,clean_only,101,bandpass_n20001_cLA_V3_V6_independent_rms_s15,phase2/results/predictions/full/clean_only/resnet/seed_101/bandpass_n20001_cLA_V3_V6_independent_rms_s15.npz,76412,2b445d7e5eb81617675965e555dec53a1139782cc83b16ab7d94b8b769bdee3b
resnet,clean_only,101,bandpass_n20001_cLA_V3_V6_independent_rms_s10,phase2/results/predictions/full/clean_only/resnet/seed_101/bandpass_n20001_cLA_V3_V6_independent_rms_s10.npz,76320,0dd3776fd172d5e71f6a0411c689d940b1b5ee7bc56a4c65590e3c3630c70af4
resnet,clean_only,101,bandpass_n20001_cLA_V3_V6_independent_rms_s5,phase2/results/predictions/full/clean_only/resnet/seed_101/bandpass_n20001_cLA_V3_V6_independent_rms_s5.npz,76042,6e6ba23389b0faeb5fd4e2a7f0cb1de4d4a0043921ef485dfe234a5180513585
resnet,clean_only,101,bandpass_n20001_cLA_V3_V6_independent_rms_s0,phase2/results/predictions/full/clean_only/resnet/seed_101/bandpass_n20001_cLA_V3_V6_independent_rms_s0.npz,75421,97ec9e0b23660edd2ab40c2b8e7f018b0a9e188021c6930e0c51afe63bfe118c
resnet,clean_only,101,bandpass_n20001_cLA_V3_V6_electrode_s20,phase2/results/predictions/full/clean_only/resnet/seed_101/bandpass_n20001_cLA_V3_V6_electrode_s20.npz,76451,b2689a361f982a3b928f7bf4645f76a63f0035057846dcedab0051e3fa96de57
resnet,clean_only,101,bandpass_n20001_cLA_V3_V6_electrode_s15,phase2/results/predictions/full/clean_only/resnet/seed_101/bandpass_n20001_cLA_V3_V6_electrode_s15.npz,76401,2c447adf5934b7dc4c18779dd157690c3e5d06a1c147402d174430750e60cc7d
resnet,clean_only,101,bandpass_n20001_cLA_V3_V6_electrode_s10,phase2/results/predictions/full/clean_only/resnet/seed_101/bandpass_n20001_cLA_V3_V6_electrode_s10.npz,76257,9219bcba2e0ed6b0f9196fb7f48ff5118b5e64f8d306d0b9293e44b902115120
resnet,clean_only,101,bandpass_n20001_cLA_V3_V6_electrode_s5,phase2/results/predictions/full/clean_only/resnet/seed_101/bandpass_n20001_cLA_V3_V6_electrode_s5.npz,75941,12a8c9d18f37c60fca0cb5c6992396be3791cc97c2322fa8f684118b66e0c8f4
resnet,clean_only,101,bandpass_n20001_cLA_V3_V6_electrode_s0,phase2/results/predictions/full/clean_only/resnet/seed_101/bandpass_n20001_cLA_V3_V6_electrode_s0.npz,75422,24de27e47db144a444fbb9d3ab5de51d7d9b6968725e9b35b3db305fc77148e5
resnet,clean_only,101,bandpass_n20001_cLA_V3_V6_covariance_s20,phase2/results/predictions/full/clean_only/resnet/seed_101/bandpass_n20001_cLA_V3_V6_covariance_s20.npz,76480,11533952da51b806a97fa4b91c4cfca739b97d60105d6b1dc9cbb6ff8abc8e75
resnet,clean_only,101,bandpass_n20001_cLA_V3_V6_covariance_s15,phase2/results/predictions/full/clean_only/resnet/seed_101/bandpass_n20001_cLA_V3_V6_covariance_s15.npz,76400,e30868690b7f358515d8ee14647fc9f6617a51c2f099ac400f00636e58855550
resnet,clean_only,101,bandpass_n20001_cLA_V3_V6_covariance_s10,phase2/results/predictions/full/clean_only/resnet/seed_101/bandpass_n20001_cLA_V3_V6_covariance_s10.npz,76227,1e02a2fa4b0330b279d88079f49c166fc837ed41a44cf10e7b0b2d49d3519f60
resnet,clean_only,101,bandpass_n20001_cLA_V3_V6_covariance_s5,phase2/results/predictions/full/clean_only/resnet/seed_101/bandpass_n20001_cLA_V3_V6_covariance_s5.npz,75955,60426b732263d33362ce985e1bc1414185204f4ae5fd083290ae54eaa8ae99a9
resnet,clean_only,101,bandpass_n20001_cLA_V3_V6_covariance_s0,phase2/results/predictions/full/clean_only/resnet/seed_101/bandpass_n20001_cLA_V3_V6_covariance_s0.npz,75414,fb0ea7ee80e58ad115ccac6b417c244554a283d22b71201c74e015268966beeb
resnet,clean_only,101,bandpass_n20001_cLL_V1_V4_independent_rms_s20,phase2/results/predictions/full/clean_only/resnet/seed_101/bandpass_n20001_cLL_V1_V4_independent_rms_s20.npz,76433,c3e0e89f47f166702613909e024d1d3b0c7cfba0827a77ee10efbb23bb9a9b18
resnet,clean_only,101,bandpass_n20001_cLL_V1_V4_independent_rms_s15,phase2/results/predictions/full/clean_only/resnet/seed_101/bandpass_n20001_cLL_V1_V4_independent_rms_s15.npz,76448,e37d11dcbd2d4ec2190d7d84748cd64bd1c1ea75cb8176a0c818697fc684d4a9
resnet,clean_only,101,bandpass_n20001_cLL_V1_V4_independent_rms_s10,phase2/results/predictions/full/clean_only/resnet/seed_101/bandpass_n20001_cLL_V1_V4_independent_rms_s10.npz,76269,03604a9e0af5fa6a3dd29ce0e36e06ca941cbde10a595daa04f69985d7a717c9
resnet,clean_only,101,bandpass_n20001_cLL_V1_V4_independent_rms_s5,phase2/results/predictions/full/clean_only/resnet/seed_101/bandpass_n20001_cLL_V1_V4_independent_rms_s5.npz,75996,10709fab84d50babcb7753376009f61f07fdeedf9239f3c1ef07a73d509fd11e
resnet,clean_only,101,bandpass_n20001_cLL_V1_V4_independent_rms_s0,phase2/results/predictions/full/clean_only/resnet/seed_101/bandpass_n20001_cLL_V1_V4_independent_rms_s0.npz,75367,bc5c3f635b32e0fdac028110ca91aa48be744964851f20977c6d75fe6f6d9835
resnet,clean_only,101,bandpass_n20001_cLL_V1_V4_electrode_s20,phase2/results/predictions/full/clean_only/resnet/seed_101/bandpass_n20001_cLL_V1_V4_electrode_s20.npz,76450,d12722cc7b4cd6c4938cfaf688d6b24b1ccecb373dc6693b194cbb315b049ef6
resnet,clean_only,101,bandpass_n20001_cLL_V1_V4_electrode_s15,phase2/results/predictions/full/clean_only/resnet/seed_101/bandpass_n20001_cLL_V1_V4_electrode_s15.npz,76382,5e35d02bb21160b2d8c159bb1ea3a3b496b651481cc61f5d75d29a7c0d118125
resnet,clean_only,101,bandpass_n20001_cLL_V1_V4_electrode_s10,phase2/results/predictions/full/clean_only/resnet/seed_101/bandpass_n20001_cLL_V1_V4_electrode_s10.npz,76192,ad6fbee1f089ecfacd89f4f6f04d24f937c3d66e5b04f9c09d0ef946b6942096
resnet,clean_only,101,bandpass_n20001_cLL_V1_V4_electrode_s5,phase2/results/predictions/full/clean_only/resnet/seed_101/bandpass_n20001_cLL_V1_V4_electrode_s5.npz,75866,b0676a8f26b04f605626e9f6849491b3569da96a4306a10328de4288a45b4769
resnet,clean_only,101,bandpass_n20001_cLL_V1_V4_electrode_s0,phase2/results/predictions/full/clean_only/resnet/seed_101/bandpass_n20001_cLL_V1_V4_electrode_s0.npz,75401,a0c8d420929a3494a5a0027ae97d0c5e4459c640440eb5bc5721782b75e207c3
resnet,clean_only,101,bandpass_n20001_cLL_V1_V4_covariance_s20,phase2/results/predictions/full/clean_only/resnet/seed_101/bandpass_n20001_cLL_V1_V4_covariance_s20.npz,76448,0a41c85a27785221a701acdd719d25cbd445cae5bbaa821fcce005d638493d88
resnet,clean_only,101,bandpass_n20001_cLL_V1_V4_covariance_s15,phase2/results/predictions/full/clean_only/resnet/seed_101/bandpass_n20001_cLL_V1_V4_covariance_s15.npz,76365,d7aee9a653d1d76c38b5ff58805e9c0de5c2bbf5705741a3046bdb9bcb4c58de
resnet,clean_only,101,bandpass_n20001_cLL_V1_V4_covariance_s10,phase2/results/predictions/full/clean_only/resnet/seed_101/bandpass_n20001_cLL_V1_V4_covariance_s10.npz,76225,caded20ecb59faa1ec20f24bf167f8c35a7c376ddf9c3a68b8ace3c50f7c8772
resnet,clean_only,101,bandpass_n20001_cLL_V1_V4_covariance_s5,phase2/results/predictions/full/clean_only/resnet/seed_101/bandpass_n20001_cLL_V1_V4_covariance_s5.npz,75843,53822f164559453e2151573bee4c83df86569e074d470558c5ad54bea57bbaa4
resnet,clean_only,101,bandpass_n20001_cLL_V1_V4_covariance_s0,phase2/results/predictions/full/clean_only/resnet/seed_101/bandpass_n20001_cLL_V1_V4_covariance_s0.npz,75368,064c5c7a07b96a828d22cd73de3eb1283c9427c6b2ae24273e8a38f518703303
resnet,clean_only,101,bandpass_n20001_call_independent_rms_s20,phase2/results/predictions/full/clean_only/resnet/seed_101/bandpass_n20001_call_independent_rms_s20.npz,76425,5e30dbc75b576bcaa069bd57683968c266bc59ddfcae4c288e0c21beffd48afb
resnet,clean_only,101,bandpass_n20001_call_independent_rms_s15,phase2/results/predictions/full/clean_only/resnet/seed_101/bandpass_n20001_call_independent_rms_s15.npz,76378,dbcc9f1d88053444e1acc9dc168d261760e9104fad3ef2686fb6567119bbd851
resnet,clean_only,101,bandpass_n20001_call_independent_rms_s10,phase2/results/predictions/full/clean_only/resnet/seed_101/bandpass_n20001_call_independent_rms_s10.npz,76272,7b252b6b18d7603d85826c92e6ab5b34e1f97b2548f5154d77df35a15eea8173
resnet,clean_only,101,bandpass_n20001_call_independent_rms_s5,phase2/results/predictions/full/clean_only/resnet/seed_101/bandpass_n20001_call_independent_rms_s5.npz,75980,a2026b520df1854bd9a122580f0931802036358785875a295c5d6ac72f284e4c
resnet,clean_only,101,bandpass_n20001_call_independent_rms_s0,phase2/results/predictions/full/clean_only/resnet/seed_101/bandpass_n20001_call_independent_rms_s0.npz,75377,4bda6f101da751851e18b05eb30677334238d2230df15c9ef250d680453aeb92
resnet,clean_only,101,bandpass_n20001_call_electrode_s20,phase2/results/predictions/full/clean_only/resnet/seed_101/bandpass_n20001_call_electrode_s20.npz,76404,478cb8ac22e0a556696f09b6e8bca75dec904b539f99e398121dfc445ef7d2db
resnet,clean_only,101,bandpass_n20001_call_electrode_s15,phase2/results/predictions/full/clean_only/resnet/seed_101/bandpass_n20001_call_electrode_s15.npz,76328,06ff91054ce178842b717065c9a0010f4d70bc2fe3eda46880e113db898132b4
resnet,clean_only,101,bandpass_n20001_call_electrode_s10,phase2/results/predictions/full/clean_only/resnet/seed_101/bandpass_n20001_call_electrode_s10.npz,76179,25782c4c83c4e37eef192de80fa0f13b1497a0d2ef49ffbcae9b309838e5acde
resnet,clean_only,101,bandpass_n20001_call_electrode_s5,phase2/results/predictions/full/clean_only/resnet/seed_101/bandpass_n20001_call_electrode_s5.npz,75864,07bcb21dee65f5b97d8f3d4a4e16615d0c58929a6a9925b203c01dcbedc1568d
resnet,clean_only,101,bandpass_n20001_call_electrode_s0,phase2/results/predictions/full/clean_only/resnet/seed_101/bandpass_n20001_call_electrode_s0.npz,75250,3f7e0f2e1690028415e15a8085f3b69b00bc0b22f3243364184c9ac94894787f
resnet,clean_only,101,bandpass_n20001_call_covariance_s20,phase2/results/predictions/full/clean_only/resnet/seed_101/bandpass_n20001_call_covariance_s20.npz,76407,59e56c4444b0e8333f56cd81db2447e993bee65a7fc56bc18a4f6ec49b41d588
resnet,clean_only,101,bandpass_n20001_call_covariance_s15,phase2/results/predictions/full/clean_only/resnet/seed_101/bandpass_n20001_call_covariance_s15.npz,76337,be29716d066a9845a9e5d835e68de0af0cba48d23910d0d8f156c97fb6074f74
resnet,clean_only,101,bandpass_n20001_call_covariance_s10,phase2/results/predictions/full/clean_only/resnet/seed_101/bandpass_n20001_call_covariance_s10.npz,76194,2d4b7c0d60cee79af7f3c1845253f30b4694388e9dc148e606f105e3569da9f4
resnet,clean_only,101,bandpass_n20001_call_covariance_s5,phase2/results/predictions/full/clean_only/resnet/seed_101/bandpass_n20001_call_covariance_s5.npz,75863,fc668e701e483d42390a06d43e584002ff7254a640dd3ecca933e67a4c145b07
resnet,clean_only,101,bandpass_n20001_call_covariance_s0,phase2/results/predictions/full/clean_only/resnet/seed_101/bandpass_n20001_call_covariance_s0.npz,75229,d0fb0b8c9d10608e3838a22f1ac8af2af978d6f2db7d18c79d34895f8e12870e
resnet,clean_only,101,bandpass_n20002_cRA_LA_LL_independent_rms_s20,phase2/results/predictions/full/clean_only/resnet/seed_101/bandpass_n20002_cRA_LA_LL_independent_rms_s20.npz,76426,b0722c303e7d9328a7d644943ac638b6a7f23fa3523ccef5835993950a313307
resnet,clean_only,101,bandpass_n20002_cRA_LA_LL_independent_rms_s15,phase2/results/predictions/full/clean_only/resnet/seed_101/bandpass_n20002_cRA_LA_LL_independent_rms_s15.npz,76392,188559b1dc96315dd09f152c4b0b7143b7a6d2b3274ad5eabcffd1e67a922ed2
resnet,clean_only,101,bandpass_n20002_cRA_LA_LL_independent_rms_s10,phase2/results/predictions/full/clean_only/resnet/seed_101/bandpass_n20002_cRA_LA_LL_independent_rms_s10.npz,76296,5b2e788053dfc493ec1bb4ff8420e1558590d16b4a064d8ecca6b24dfc8c1422
resnet,clean_only,101,bandpass_n20002_cRA_LA_LL_independent_rms_s5,phase2/results/predictions/full/clean_only/resnet/seed_101/bandpass_n20002_cRA_LA_LL_independent_rms_s5.npz,76008,014f9a33b082e5e53bc53c3885ad93803f989da9b71d3f874852a757f9cb04d2
resnet,clean_only,101,bandpass_n20002_cRA_LA_LL_independent_rms_s0,phase2/results/predictions/full/clean_only/resnet/seed_101/bandpass_n20002_cRA_LA_LL_independent_rms_s0.npz,75369,f68ecc4bc0c788c977ef72005105cfbf3673b249ee35230a5f9389e29805f061
resnet,clean_only,101,bandpass_n20002_cRA_LA_LL_electrode_s20,phase2/results/predictions/full/clean_only/resnet/seed_101/bandpass_n20002_cRA_LA_LL_electrode_s20.npz,76438,bc29342c9e0312df68eeae8d9a3d0cfa8de5fb701bc3c8abc960d2b6377d4f5e
resnet,clean_only,101,bandpass_n20002_cRA_LA_LL_electrode_s15,phase2/results/predictions/full/clean_only/resnet/seed_101/bandpass_n20002_cRA_LA_LL_electrode_s15.npz,76355,068bdc0e58fdfb9681090fad44c000a65a25bc6bf5b088004dc359c7f4553f04
resnet,clean_only,101,bandpass_n20002_cRA_LA_LL_electrode_s10,phase2/results/predictions/full/clean_only/resnet/seed_101/bandpass_n20002_cRA_LA_LL_electrode_s10.npz,76145,6f68285e59044f5eaf6d2326ac283fc5cdc3e704583531e0f023bf9f36b8cfd1
resnet,clean_only,101,bandpass_n20002_cRA_LA_LL_electrode_s5,phase2/results/predictions/full/clean_only/resnet/seed_101/bandpass_n20002_cRA_LA_LL_electrode_s5.npz,75826,f05fda1c58d26f2fb42cc32fc108ad991a77bc927bd17fec8411173b9f594b58
resnet,clean_only,101,bandpass_n20002_cRA_LA_LL_electrode_s0,phase2/results/predictions/full/clean_only/resnet/seed_101/bandpass_n20002_cRA_LA_LL_electrode_s0.npz,75276,48252b2afcb128212734de627f9afab4ac2f48c55cd532447de817ce5de3ec3f
resnet,clean_only,101,bandpass_n20002_cRA_LA_LL_covariance_s20,phase2/results/predictions/full/clean_only/resnet/seed_101/bandpass_n20002_cRA_LA_LL_covariance_s20.npz,76413,c5e47fd7382eff9c2462f4775bd8b84c49c58bf42942b901bb481ccdfb5ebfe8
resnet,clean_only,101,bandpass_n20002_cRA_LA_LL_covariance_s15,phase2/results/predictions/full/clean_only/resnet/seed_101/bandpass_n20002_cRA_LA_LL_covariance_s15.npz,76354,17f92d2a64f6d680941a4907dcd719fc318c6e6408cf1571add7e241efa3488f
resnet,clean_only,101,bandpass_n20002_cRA_LA_LL_covariance_s10,phase2/results/predictions/full/clean_only/resnet/seed_101/bandpass_n20002_cRA_LA_LL_covariance_s10.npz,76150,7036ac4fe2f9c1725f69c3de6b89bb4f29519c0012dea7848d713d72f12d0202
resnet,clean_only,101,bandpass_n20002_cRA_LA_LL_covariance_s5,phase2/results/predictions/full/clean_only/resnet/seed_101/bandpass_n20002_cRA_LA_LL_covariance_s5.npz,75821,48d5ce9dd38ac129a348adb98efac1ea1700ef48d9785743f586d4180b433685
resnet,clean_only,101,bandpass_n20002_cRA_LA_LL_covariance_s0,phase2/results/predictions/full/clean_only/resnet/seed_101/bandpass_n20002_cRA_LA_LL_covariance_s0.npz,75258,c5dd4e95a1673609e8ef76892fbc5ce149d79f103c4860a7e1f672f930939a71
resnet,clean_only,101,bandpass_n20002_cV1_independent_rms_s20,phase2/results/predictions/full/clean_only/resnet/seed_101/bandpass_n20002_cV1_independent_rms_s20.npz,76403,3bbd4ee575b7ed81ec45867a7c6d57601e4de54abd26e5b1b03b44e809bc2c1c
resnet,clean_only,101,bandpass_n20002_cV1_independent_rms_s15,phase2/results/predictions/full/clean_only/resnet/seed_101/bandpass_n20002_cV1_independent_rms_s15.npz,76415,739331d143a648926f5f0b0f2222101bf4812928523f7697d364838b41e248af
resnet,clean_only,101,bandpass_n20002_cV1_independent_rms_s10,phase2/results/predictions/full/clean_only/resnet/seed_101/bandpass_n20002_cV1_independent_rms_s10.npz,76288,63c917ab201e7bb067b624ae8358cce94fef399a4f3c4184e9c6713bf4dab49a
resnet,clean_only,101,bandpass_n20002_cV1_independent_rms_s5,phase2/results/predictions/full/clean_only/resnet/seed_101/bandpass_n20002_cV1_independent_rms_s5.npz,75937,a2253b85c7a804f1c1b6b186ba72ec9fb40dde50a2d01dfa8896154e267fa1d1
resnet,clean_only,101,bandpass_n20002_cV1_independent_rms_s0,phase2/results/predictions/full/clean_only/resnet/seed_101/bandpass_n20002_cV1_independent_rms_s0.npz,75347,68d2adc3ce49e0f69da2e8935322ef2d3c5dbddd4f0318c8dd36a611b7d7bf65
resnet,clean_only,101,bandpass_n20002_cV1_electrode_s20,phase2/results/predictions/full/clean_only/resnet/seed_101/bandpass_n20002_cV1_electrode_s20.npz,76421,f61e3aabc37aa163eb184ab80009472b015be96167ecf8aafb9c05876ae2fd7d
resnet,clean_only,101,bandpass_n20002_cV1_electrode_s15,phase2/results/predictions/full/clean_only/resnet/seed_101/bandpass_n20002_cV1_electrode_s15.npz,76365,e6620ac7467849f71f06fed073bb478f5893c3023469213c67aa8af54c2822f6
resnet,clean_only,101,bandpass_n20002_cV1_electrode_s10,phase2/results/predictions/full/clean_only/resnet/seed_101/bandpass_n20002_cV1_electrode_s10.npz,76220,d794067367de40d2c019f54a7178bfa94ae095cfab3791307e341e2713751f9f
resnet,clean_only,101,bandpass_n20002_cV1_electrode_s5,phase2/results/predictions/full/clean_only/resnet/seed_101/bandpass_n20002_cV1_electrode_s5.npz,75907,5508c5f6df0dcfa919a5bfd9ea69f41702e29a527da8b23719b856e85d320f52
resnet,clean_only,101,bandpass_n20002_cV1_electrode_s0,phase2/results/predictions/full/clean_only/resnet/seed_101/bandpass_n20002_cV1_electrode_s0.npz,75266,f66b5fe4f2a3f639f8aef8cf3a9ca7a32c9204af2c892dc2ed7543c7e7ed6120
resnet,clean_only,101,bandpass_n20002_cV1_covariance_s20,phase2/results/predictions/full/clean_only/resnet/seed_101/bandpass_n20002_cV1_covariance_s20.npz,76424,681e87b90991096d433a3db594e4f0448d6545b738bb42c7caa05e2755011097
resnet,clean_only,101,bandpass_n20002_cV1_covariance_s15,phase2/results/predictions/full/clean_only/resnet/seed_101/bandpass_n20002_cV1_covariance_s15.npz,76367,ea21c86106895122fd71814159e4e44759e38e3a2ad7258feef9ecf87e100943
resnet,clean_only,101,bandpass_n20002_cV1_covariance_s10,phase2/results/predictions/full/clean_only/resnet/seed_101/bandpass_n20002_cV1_covariance_s10.npz,76262,b47d2acea3d993d5200f59bb1bc151c869b362ba4f712552f835cae4db08f85d
resnet,clean_only,101,bandpass_n20002_cV1_covariance_s5,phase2/results/predictions/full/clean_only/resnet/seed_101/bandpass_n20002_cV1_covariance_s5.npz,75945,a21510ca6e3a73c8767ef9b133f316586527e8929bacb904c763f5cf90605e65
resnet,clean_only,101,bandpass_n20002_cV1_covariance_s0,phase2/results/predictions/full/clean_only/resnet/seed_101/bandpass_n20002_cV1_covariance_s0.npz,75298,670950d283fe566251b73450d4cdd2665c660bcdbce0c1b668a5ce496e34ff14
resnet,clean_only,101,bandpass_n20002_cV2_independent_rms_s20,phase2/results/predictions/full/clean_only/resnet/seed_101/bandpass_n20002_cV2_independent_rms_s20.npz,76407,0d8bcc75cb9fc9d5e8b7afa819a45279904915c43719be875d19e31a9520a198
resnet,clean_only,101,bandpass_n20002_cV2_independent_rms_s15,phase2/results/predictions/full/clean_only/resnet/seed_101/bandpass_n20002_cV2_independent_rms_s15.npz,76420,12e891e3ca5829cda7d532438b556986fe93f6bbf708b59fbb9a42c3cf47c00c
resnet,clean_only,101,bandpass_n20002_cV2_independent_rms_s10,phase2/results/predictions/full/clean_only/resnet/seed_101/bandpass_n20002_cV2_independent_rms_s10.npz,76244,207d267cb07a4c5fc03d95cf6a1d261f38f8033be8bdb3d1cfcc5228762ced75
resnet,clean_only,101,bandpass_n20002_cV2_independent_rms_s5,phase2/results/predictions/full/clean_only/resnet/seed_101/bandpass_n20002_cV2_independent_rms_s5.npz,75983,1904b6689f27fb99480a308664a33e5216b52ff90162a8ed0fe517aec70ead78
resnet,clean_only,101,bandpass_n20002_cV2_independent_rms_s0,phase2/results/predictions/full/clean_only/resnet/seed_101/bandpass_n20002_cV2_independent_rms_s0.npz,75361,3f868e09682ad3592ac3cdd6ff6d36af6df341a15162bffaea263032c7fa15f0
resnet,clean_only,101,bandpass_n20002_cV2_electrode_s20,phase2/results/predictions/full/clean_only/resnet/seed_101/bandpass_n20002_cV2_electrode_s20.npz,76418,2c70792f695fa75406768f0e103e5bc7fb9f192afe16a7ff052bd25c2a169dba
resnet,clean_only,101,bandpass_n20002_cV2_electrode_s15,phase2/results/predictions/full/clean_only/resnet/seed_101/bandpass_n20002_cV2_electrode_s15.npz,76373,e429d9b23504a01a91c7aa50c2eb2119ab2d9988e81aadf4fe6f629379c4e483
resnet,clean_only,101,bandpass_n20002_cV2_electrode_s10,phase2/results/predictions/full/clean_only/resnet/seed_101/bandpass_n20002_cV2_electrode_s10.npz,76271,358d09b1bb17459bccd2aca22f7417bb878d917192a31e23b6a95f899cf3421f
resnet,clean_only,101,bandpass_n20002_cV2_electrode_s5,phase2/results/predictions/full/clean_only/resnet/seed_101/bandpass_n20002_cV2_electrode_s5.npz,75991,a03b5b1800378bb33b1dee82c2ae889b3a5536531a206670be18ab69dd35dacc
resnet,clean_only,101,bandpass_n20002_cV2_electrode_s0,phase2/results/predictions/full/clean_only/resnet/seed_101/bandpass_n20002_cV2_electrode_s0.npz,75369,6d94f319334d8fe5ad7637e686b73b40fc7cd49ffa35de5a045e81de7c4b3a01
resnet,clean_only,101,bandpass_n20002_cV2_covariance_s20,phase2/results/predictions/full/clean_only/resnet/seed_101/bandpass_n20002_cV2_covariance_s20.npz,76436,f04bf96826db9e83cd52534b0673a6b63788bffda51261a535fdaa837ef50022
resnet,clean_only,101,bandpass_n20002_cV2_covariance_s15,phase2/results/predictions/full/clean_only/resnet/seed_101/bandpass_n20002_cV2_covariance_s15.npz,76385,3fce5223aeb9cf57ca639fb24a40b74bf6093077fd0dd65660f233aa7194ea31
resnet,clean_only,101,bandpass_n20002_cV2_covariance_s10,phase2/results/predictions/full/clean_only/resnet/seed_101/bandpass_n20002_cV2_covariance_s10.npz,76229,4e3734b83f53835168315eeef4e7d84dce5d50fa51436e135fb4000215f44540
resnet,clean_only,101,bandpass_n20002_cV2_covariance_s5,phase2/results/predictions/full/clean_only/resnet/seed_101/bandpass_n20002_cV2_covariance_s5.npz,75977,4cab29565502abfdb0f5650f3b207afcbc7dec30020d1bd8643a5cb70e6aa86c
resnet,clean_only,101,bandpass_n20002_cV2_covariance_s0,phase2/results/predictions/full/clean_only/resnet/seed_101/bandpass_n20002_cV2_covariance_s0.npz,75373,07b8c38ccdcba239d69c363ea7a1bb81291666caae73301dac717ec6561a9888
resnet,clean_only,101,bandpass_n20002_cV3_independent_rms_s20,phase2/results/predictions/full/clean_only/resnet/seed_101/bandpass_n20002_cV3_independent_rms_s20.npz,76442,2540c61818e78da62c8fe3edd80b13cd58e834c1c0d19c860351446ee170cbee
resnet,clean_only,101,bandpass_n20002_cV3_independent_rms_s15,phase2/results/predictions/full/clean_only/resnet/seed_101/bandpass_n20002_cV3_independent_rms_s15.npz,76381,b690038489b1febd64202a66fda8d7af9711e860265ca90bfce38ad8f0831697
resnet,clean_only,101,bandpass_n20002_cV3_independent_rms_s10,phase2/results/predictions/full/clean_only/resnet/seed_101/bandpass_n20002_cV3_independent_rms_s10.npz,76247,aa432f8b21d01371159bb54fe53cf9a00a5b86b15804fe67ada2040ec2aef725
resnet,clean_only,101,bandpass_n20002_cV3_independent_rms_s5,phase2/results/predictions/full/clean_only/resnet/seed_101/bandpass_n20002_cV3_independent_rms_s5.npz,76036,a11353107b3fb100af1c73969d309adb39a950a5ad939647dd824fbaa41d32e0
resnet,clean_only,101,bandpass_n20002_cV3_independent_rms_s0,phase2/results/predictions/full/clean_only/resnet/seed_101/bandpass_n20002_cV3_independent_rms_s0.npz,75551,954c2b739451c3edff00278751257146d1bbf3f64a8a61e3c3535bafeaa95e85
resnet,clean_only,101,bandpass_n20002_cV3_electrode_s20,phase2/results/predictions/full/clean_only/resnet/seed_101/bandpass_n20002_cV3_electrode_s20.npz,76420,11339c6d293f256d24711ab9b352a77a8157012b1bc458fbc75147c0cb4e1988
resnet,clean_only,101,bandpass_n20002_cV3_electrode_s15,phase2/results/predictions/full/clean_only/resnet/seed_101/bandpass_n20002_cV3_electrode_s15.npz,76407,a888a6e6bf26ade265fce7a1303b15f0360dbe59f1c561fc40f6fa7e7f438746
resnet,clean_only,101,bandpass_n20002_cV3_electrode_s10,phase2/results/predictions/full/clean_only/resnet/seed_101/bandpass_n20002_cV3_electrode_s10.npz,76262,84e21deb02637befe78583ff209c4787d42296a3049f157f6743cf71454f977f
resnet,clean_only,101,bandpass_n20002_cV3_electrode_s5,phase2/results/predictions/full/clean_only/resnet/seed_101/bandpass_n20002_cV3_electrode_s5.npz,76042,7feb64d84566d34de2a5d48940f5bbf067ceba9dc8f7dfbf2fc5330b8e7f4478
resnet,clean_only,101,bandpass_n20002_cV3_electrode_s0,phase2/results/predictions/full/clean_only/resnet/seed_101/bandpass_n20002_cV3_electrode_s0.npz,75516,0d985d9cacb55402ab38a18a2259d98c39f102717916e6adfd4bddc8863049e6
resnet,clean_only,101,bandpass_n20002_cV3_covariance_s20,phase2/results/predictions/full/clean_only/resnet/seed_101/bandpass_n20002_cV3_covariance_s20.npz,76411,26c94fa2acc18e4a85b2f3b9041d0550c2cd7b72323ef212a0008447df8b9a38
resnet,clean_only,101,bandpass_n20002_cV3_covariance_s15,phase2/results/predictions/full/clean_only/resnet/seed_101/bandpass_n20002_cV3_covariance_s15.npz,76381,269a53d9a343893c1c9c17bb6baf1f337b4cde8d5ba600642870b70311aaf3cb
resnet,clean_only,101,bandpass_n20002_cV3_covariance_s10,phase2/results/predictions/full/clean_only/resnet/seed_101/bandpass_n20002_cV3_covariance_s10.npz,76271,7ce9ab39ea78130d10d261ce8b84228cdc4d5095eb164ccfcd2a54cd9f6eff30
resnet,clean_only,101,bandpass_n20002_cV3_covariance_s5,phase2/results/predictions/full/clean_only/resnet/seed_101/bandpass_n20002_cV3_covariance_s5.npz,76026,6505365ab49f4a98074389ae61e680a9b8b278213740931bdd391512259fa548
resnet,clean_only,101,bandpass_n20002_cV3_covariance_s0,phase2/results/predictions/full/clean_only/resnet/seed_101/bandpass_n20002_cV3_covariance_s0.npz,75546,b88d4b8164e89e49ffc99d814fe320abae5760309a4065443a7dd520200bf92f
resnet,clean_only,101,bandpass_n20002_cV4_independent_rms_s20,phase2/results/predictions/full/clean_only/resnet/seed_101/bandpass_n20002_cV4_independent_rms_s20.npz,76406,1565e86b155e11fb9ef986dccad8ab8a86e3bbed03bc761f63907115d5fb55d3
resnet,clean_only,101,bandpass_n20002_cV4_independent_rms_s15,phase2/results/predictions/full/clean_only/resnet/seed_101/bandpass_n20002_cV4_independent_rms_s15.npz,76406,a40c90f1bab62f6732d90118347ff09ea084cf84f743377a29eac4ad6e20576a
resnet,clean_only,101,bandpass_n20002_cV4_independent_rms_s10,phase2/results/predictions/full/clean_only/resnet/seed_101/bandpass_n20002_cV4_independent_rms_s10.npz,76343,1e1fdc99e1e49d409011a1391ec397b0f532c896b2bba48c7a8ba5f54727fb10
resnet,clean_only,101,bandpass_n20002_cV4_independent_rms_s5,phase2/results/predictions/full/clean_only/resnet/seed_101/bandpass_n20002_cV4_independent_rms_s5.npz,76148,760c20470cda85a54b6a79234530b7728b893af441db5bbafd4139f1f7250ca5
resnet,clean_only,101,bandpass_n20002_cV4_independent_rms_s0,phase2/results/predictions/full/clean_only/resnet/seed_101/bandpass_n20002_cV4_independent_rms_s0.npz,75766,f82956b10021b710daab474adb8e7f70e457acb503328de6abe8de18e133771e
resnet,clean_only,101,bandpass_n20002_cV4_electrode_s20,phase2/results/predictions/full/clean_only/resnet/seed_101/bandpass_n20002_cV4_electrode_s20.npz,76433,04f00381020e190a668b810df41f3d81d2aa0f968046ac2dfd64f5c5623abe2d
resnet,clean_only,101,bandpass_n20002_cV4_electrode_s15,phase2/results/predictions/full/clean_only/resnet/seed_101/bandpass_n20002_cV4_electrode_s15.npz,76410,3dd6a1581616763d2b26f7682eebbbc2d3ac028521353e2049c7da2d648e8595
resnet,clean_only,101,bandpass_n20002_cV4_electrode_s10,phase2/results/predictions/full/clean_only/resnet/seed_101/bandpass_n20002_cV4_electrode_s10.npz,76344,60c172ee2f0947b5b56b94561ba0aad22ce08b3d41382f552a5b6be072e76e39
resnet,clean_only,101,bandpass_n20002_cV4_electrode_s5,phase2/results/predictions/full/clean_only/resnet/seed_101/bandpass_n20002_cV4_electrode_s5.npz,76142,e5ac5d43477f4dedc1bda2c02282009102a787ee8aaf730ada2fa63cdeea0e24
resnet,clean_only,101,bandpass_n20002_cV4_electrode_s0,phase2/results/predictions/full/clean_only/resnet/seed_101/bandpass_n20002_cV4_electrode_s0.npz,75733,b94d9f30bbae1c3a6bd21ab65a6ce3d5c0e6e739ea52b57be830d160ede4532b
resnet,clean_only,101,bandpass_n20002_cV4_covariance_s20,phase2/results/predictions/full/clean_only/resnet/seed_101/bandpass_n20002_cV4_covariance_s20.npz,76400,148f4a77aac16a457bc9830d1f929e57711bdeed6a65b14cf86b2a5ebf19394a
resnet,clean_only,101,bandpass_n20002_cV4_covariance_s15,phase2/results/predictions/full/clean_only/resnet/seed_101/bandpass_n20002_cV4_covariance_s15.npz,76382,0ac2b0a6877af44b262b17d652a3b84380184fd7f7987cd1e00acc7ae5f8fa81
resnet,clean_only,101,bandpass_n20002_cV4_covariance_s10,phase2/results/predictions/full/clean_only/resnet/seed_101/bandpass_n20002_cV4_covariance_s10.npz,76299,17082173ea0a6f20bbaa3cfd21cc2b7fb8ca2f26666c642a6a9252027fad4b56
resnet,clean_only,101,bandpass_n20002_cV4_covariance_s5,phase2/results/predictions/full/clean_only/resnet/seed_101/bandpass_n20002_cV4_covariance_s5.npz,76167,40da3a8c864a22e03e5a26026104d8d85ba94fb97975d01057edadc78680454b
resnet,clean_only,101,bandpass_n20002_cV4_covariance_s0,phase2/results/predictions/full/clean_only/resnet/seed_101/bandpass_n20002_cV4_covariance_s0.npz,75736,68dacf36f38ed1c8478484a62ffc3528e1d3ba00ab67d64f2a688a9c81a2ecf3
resnet,clean_only,101,bandpass_n20002_cV5_independent_rms_s20,phase2/results/predictions/full/clean_only/resnet/seed_101/bandpass_n20002_cV5_independent_rms_s20.npz,76461,6cee962bce57e2844f5b6eaf5082a0a9b94e024cfe528d274cd43f70038810fa
resnet,clean_only,101,bandpass_n20002_cV5_independent_rms_s15,phase2/results/predictions/full/clean_only/resnet/seed_101/bandpass_n20002_cV5_independent_rms_s15.npz,76382,37d73db2e2cb6e22c08f7e689b52320cdf28c077b1601d92e8b9d425e83a9072
resnet,clean_only,101,bandpass_n20002_cV5_independent_rms_s10,phase2/results/predictions/full/clean_only/resnet/seed_101/bandpass_n20002_cV5_independent_rms_s10.npz,76290,1d44a16cb38e4b4c7dd8eeb2f4c9aa5077952a2bc0bba9c1381aef56f211e290
resnet,clean_only,101,bandpass_n20002_cV5_independent_rms_s5,phase2/results/predictions/full/clean_only/resnet/seed_101/bandpass_n20002_cV5_independent_rms_s5.npz,76006,38e156a5dd4b21d4facba6bf19609655cc116328614c72a3c8683f712a025a09
resnet,clean_only,101,bandpass_n20002_cV5_independent_rms_s0,phase2/results/predictions/full/clean_only/resnet/seed_101/bandpass_n20002_cV5_independent_rms_s0.npz,75256,172ba1b7228f5016c66f76853796b091f73508df28fa82f682878ca1b09a4e0f
resnet,clean_only,101,bandpass_n20002_cV5_electrode_s20,phase2/results/predictions/full/clean_only/resnet/seed_101/bandpass_n20002_cV5_electrode_s20.npz,76408,9da8755c3eb1aebc40eb3b4ca9d1078f09a08c3dbf4ad22fc93e0d4108e52dcc
resnet,clean_only,101,bandpass_n20002_cV5_electrode_s15,phase2/results/predictions/full/clean_only/resnet/seed_101/bandpass_n20002_cV5_electrode_s15.npz,76391,65288c2802700f21f84ce40425b9e1bb7d41e9d9da80d2c87f8353bd87d04494
resnet,clean_only,101,bandpass_n20002_cV5_electrode_s10,phase2/results/predictions/full/clean_only/resnet/seed_101/bandpass_n20002_cV5_electrode_s10.npz,76278,f5a8b0fc8c521408866858b2b085041e16b2b60d0b10b2eb1be5210baf3b0612
resnet,clean_only,101,bandpass_n20002_cV5_electrode_s5,phase2/results/predictions/full/clean_only/resnet/seed_101/bandpass_n20002_cV5_electrode_s5.npz,76014,b2c492450a623be330e673eead59727f0fb5668948fdb29044795d6a2ce0b0d5
resnet,clean_only,101,bandpass_n20002_cV5_electrode_s0,phase2/results/predictions/full/clean_only/resnet/seed_101/bandpass_n20002_cV5_electrode_s0.npz,75272,b81b431544bd373add22caf47813c4e66d5a7df25aa2bc2e68ac20c273c96fae
resnet,clean_only,101,bandpass_n20002_cV5_covariance_s20,phase2/results/predictions/full/clean_only/resnet/seed_101/bandpass_n20002_cV5_covariance_s20.npz,76431,1945848cfebb6c376be13a4478455373bca5729ab83f71ed261eed356da90208
resnet,clean_only,101,bandpass_n20002_cV5_covariance_s15,phase2/results/predictions/full/clean_only/resnet/seed_101/bandpass_n20002_cV5_covariance_s15.npz,76383,b6561e25940e2ea6cceb4b0a4e85cdf29190bccabaa23f2cc9fac3828b420633
resnet,clean_only,101,bandpass_n20002_cV5_covariance_s10,phase2/results/predictions/full/clean_only/resnet/seed_101/bandpass_n20002_cV5_covariance_s10.npz,76292,596cd73ba1c9937fb127fcddd10963117a3cb872cd8ded45d9c1b07b48edb3a2
resnet,clean_only,101,bandpass_n20002_cV5_covariance_s5,phase2/results/predictions/full/clean_only/resnet/seed_101/bandpass_n20002_cV5_covariance_s5.npz,76015,535f15d9f8a16a62c2acc97d77e2ac20f362506ed376b435567e8f9cf6936187
resnet,clean_only,101,bandpass_n20002_cV5_covariance_s0,phase2/results/predictions/full/clean_only/resnet/seed_101/bandpass_n20002_cV5_covariance_s0.npz,75246,e234f5871d250c3de03647fb3f37a7062db9a1594e940992b5777ee2346931c3
resnet,clean_only,101,bandpass_n20002_cV6_independent_rms_s20,phase2/results/predictions/full/clean_only/resnet/seed_101/bandpass_n20002_cV6_independent_rms_s20.npz,76434,84b955858b43af014ff123b2a36bdf24e38b1b1712ee279962140442f261b33b
resnet,clean_only,101,bandpass_n20002_cV6_independent_rms_s15,phase2/results/predictions/full/clean_only/resnet/seed_101/bandpass_n20002_cV6_independent_rms_s15.npz,76410,76a43d36eb84b155fa80555fc1a028ac53fcb2501e4cd961a61a87e69b38ba8e
resnet,clean_only,101,bandpass_n20002_cV6_independent_rms_s10,phase2/results/predictions/full/clean_only/resnet/seed_101/bandpass_n20002_cV6_independent_rms_s10.npz,76290,db852d1f888c8c7014ffb79796bd46175c655885494c8fc8943a4a83d04333d8
resnet,clean_only,101,bandpass_n20002_cV6_independent_rms_s5,phase2/results/predictions/full/clean_only/resnet/seed_101/bandpass_n20002_cV6_independent_rms_s5.npz,76051,f2d1fc42b242c0bff53fb35b7346afa373055eb8b8ad9c2a7479a78afed42820
resnet,clean_only,101,bandpass_n20002_cV6_independent_rms_s0,phase2/results/predictions/full/clean_only/resnet/seed_101/bandpass_n20002_cV6_independent_rms_s0.npz,75509,8a7403b36a5658c5288e8184d34d9e004134fb87da71bce55700176068b81d89
resnet,clean_only,101,bandpass_n20002_cV6_electrode_s20,phase2/results/predictions/full/clean_only/resnet/seed_101/bandpass_n20002_cV6_electrode_s20.npz,76433,7d119c1c612d93b2426ed63c9205cd44a0ad2764e847b604e8f8a958cbc0602f
resnet,clean_only,101,bandpass_n20002_cV6_electrode_s15,phase2/results/predictions/full/clean_only/resnet/seed_101/bandpass_n20002_cV6_electrode_s15.npz,76396,b771ec668af67901a225f974812a7c530b925733dc95a5c99487f62909cd7879
resnet,clean_only,101,bandpass_n20002_cV6_electrode_s10,phase2/results/predictions/full/clean_only/resnet/seed_101/bandpass_n20002_cV6_electrode_s10.npz,76251,c92165df6bbc50a28fbdd64467fe6be7cfa602113d1177355e8485029f21c74c
resnet,clean_only,101,bandpass_n20002_cV6_electrode_s5,phase2/results/predictions/full/clean_only/resnet/seed_101/bandpass_n20002_cV6_electrode_s5.npz,76030,84601093c5cb297ffdad57df8b57f16689960fcdbb4b72b5cb88b39da064c630
resnet,clean_only,101,bandpass_n20002_cV6_electrode_s0,phase2/results/predictions/full/clean_only/resnet/seed_101/bandpass_n20002_cV6_electrode_s0.npz,75494,2356ea8eedf2dcb3573b6b94a75cf8f3a038a9fca919636b13d46d74464f985d
resnet,clean_only,101,bandpass_n20002_cV6_covariance_s20,phase2/results/predictions/full/clean_only/resnet/seed_101/bandpass_n20002_cV6_covariance_s20.npz,76413,ebe3382ec167da31f91897760f6c3108bc4b7121091278f1d54c1122597cd81b
resnet,clean_only,101,bandpass_n20002_cV6_covariance_s15,phase2/results/predictions/full/clean_only/resnet/seed_101/bandpass_n20002_cV6_covariance_s15.npz,76357,4694637c9b6634fad33c8e29dad78517d26e35e4a5787a03d15de28be1dbeac2
resnet,clean_only,101,bandpass_n20002_cV6_covariance_s10,phase2/results/predictions/full/clean_only/resnet/seed_101/bandpass_n20002_cV6_covariance_s10.npz,76236,cf1d15338c81456544f1f57f7710f2b250897544ca4d990f846ef450a0993860
resnet,clean_only,101,bandpass_n20002_cV6_covariance_s5,phase2/results/predictions/full/clean_only/resnet/seed_101/bandpass_n20002_cV6_covariance_s5.npz,76038,10cbdc6325f1f3ca360eb76918f3679ac3c1ba8c96a6ef9c6cf5c7a0f941022c
resnet,clean_only,101,bandpass_n20002_cV6_covariance_s0,phase2/results/predictions/full/clean_only/resnet/seed_101/bandpass_n20002_cV6_covariance_s0.npz,75509,e6648087bb8d6ae88df6a4c2d0698d8f862693fe0f4a3bb331177a0ab6a26d87
resnet,clean_only,101,bandpass_n20002_cRA_LA_independent_rms_s20,phase2/results/predictions/full/clean_only/resnet/seed_101/bandpass_n20002_cRA_LA_independent_rms_s20.npz,76430,87792b68ac9d3ad54f8fb7094632927a6bde2b3adc711373404f57856a9e22d8
resnet,clean_only,101,bandpass_n20002_cRA_LA_independent_rms_s15,phase2/results/predictions/full/clean_only/resnet/seed_101/bandpass_n20002_cRA_LA_independent_rms_s15.npz,76432,7e542f2e11bacb2dfe7266a2326dfc2dffff78a4c2d5e3163aaa75b15d41ba85
resnet,clean_only,101,bandpass_n20002_cRA_LA_independent_rms_s10,phase2/results/predictions/full/clean_only/resnet/seed_101/bandpass_n20002_cRA_LA_independent_rms_s10.npz,76289,ce7c7502222738fdae3e0ee7d2a55a304f18a05d1581960cca3956268f717b43
resnet,clean_only,101,bandpass_n20002_cRA_LA_independent_rms_s5,phase2/results/predictions/full/clean_only/resnet/seed_101/bandpass_n20002_cRA_LA_independent_rms_s5.npz,76030,f9534a99d306ba97de8f414dce6f6bd78c6a99c8d16beda16c558b3eaa8d04c4
resnet,clean_only,101,bandpass_n20002_cRA_LA_independent_rms_s0,phase2/results/predictions/full/clean_only/resnet/seed_101/bandpass_n20002_cRA_LA_independent_rms_s0.npz,75441,fb3b2ecd79cfb9eaf9016f7692cd4a02dac17f8cb33bb6a9516253b90bf6bbc7
resnet,clean_only,101,bandpass_n20002_cRA_LA_electrode_s20,phase2/results/predictions/full/clean_only/resnet/seed_101/bandpass_n20002_cRA_LA_electrode_s20.npz,76387,772aa21a81fe1f2d12134e31dc46d036fd6acdaa71eaca7d5c0040439c2f4915
resnet,clean_only,101,bandpass_n20002_cRA_LA_electrode_s15,phase2/results/predictions/full/clean_only/resnet/seed_101/bandpass_n20002_cRA_LA_electrode_s15.npz,76345,5760418a98d2c9bbeac6372d53258b386c2c581758adb2a714052b89ecddcf01
resnet,clean_only,101,bandpass_n20002_cRA_LA_electrode_s10,phase2/results/predictions/full/clean_only/resnet/seed_101/bandpass_n20002_cRA_LA_electrode_s10.npz,76192,9c99291af6f41482aba76e20116c5e9dcf316c5bb26bc22a018d8d596ec8980e
resnet,clean_only,101,bandpass_n20002_cRA_LA_electrode_s5,phase2/results/predictions/full/clean_only/resnet/seed_101/bandpass_n20002_cRA_LA_electrode_s5.npz,75866,261926685d7c960e21dac5b38d5ffa80f0bbf63666041d357c17f3c207365937
resnet,clean_only,101,bandpass_n20002_cRA_LA_electrode_s0,phase2/results/predictions/full/clean_only/resnet/seed_101/bandpass_n20002_cRA_LA_electrode_s0.npz,75260,0dba99e7c0c10418239dc849f4ac12ad536c54195619aeb2244a4688b201d024
resnet,clean_only,101,bandpass_n20002_cRA_LA_covariance_s20,phase2/results/predictions/full/clean_only/resnet/seed_101/bandpass_n20002_cRA_LA_covariance_s20.npz,76430,9a740808df18a8466356335865bd1d59d802c642d8b198cfaefcb0409256ceb2
resnet,clean_only,101,bandpass_n20002_cRA_LA_covariance_s15,phase2/results/predictions/full/clean_only/resnet/seed_101/bandpass_n20002_cRA_LA_covariance_s15.npz,76325,1175dc4ae660f493f237679d0067cf130e7412993dc43f3314174cba340aa3e0
resnet,clean_only,101,bandpass_n20002_cRA_LA_covariance_s10,phase2/results/predictions/full/clean_only/resnet/seed_101/bandpass_n20002_cRA_LA_covariance_s10.npz,76195,fa635ed3ec7d0ae2d02689ca6f67ed1e76833c04d80d65662a26fc9d6da46f06
resnet,clean_only,101,bandpass_n20002_cRA_LA_covariance_s5,phase2/results/predictions/full/clean_only/resnet/seed_101/bandpass_n20002_cRA_LA_covariance_s5.npz,75831,bceb705f486cd6886c4aeae76efc344b3c0c28d83eed3f602e82d672f64bccdb
resnet,clean_only,101,bandpass_n20002_cRA_LA_covariance_s0,phase2/results/predictions/full/clean_only/resnet/seed_101/bandpass_n20002_cRA_LA_covariance_s0.npz,75261,770bd152ba3679d6bb07d1778b721301ff8164cb72195713e59260795388c940
resnet,clean_only,101,bandpass_n20002_cLA_LL_independent_rms_s20,phase2/results/predictions/full/clean_only/resnet/seed_101/bandpass_n20002_cLA_LL_independent_rms_s20.npz,76421,874cbb65044e049a007fa8d8391ac621244ff2db251e32ca14c9290a8800c7b6
resnet,clean_only,101,bandpass_n20002_cLA_LL_independent_rms_s15,phase2/results/predictions/full/clean_only/resnet/seed_101/bandpass_n20002_cLA_LL_independent_rms_s15.npz,76409,d204cb47f506a5c2a006b1a728b9224e58c41738d65deb8da5159ae8d5a1f351
resnet,clean_only,101,bandpass_n20002_cLA_LL_independent_rms_s10,phase2/results/predictions/full/clean_only/resnet/seed_101/bandpass_n20002_cLA_LL_independent_rms_s10.npz,76268,fe9a2e3be252dd1f9dc82d0cdbfd7a0f08d85297429e8cc6c9979d54a36485e9
resnet,clean_only,101,bandpass_n20002_cLA_LL_independent_rms_s5,phase2/results/predictions/full/clean_only/resnet/seed_101/bandpass_n20002_cLA_LL_independent_rms_s5.npz,75997,056aaa5a04c47accfbd3f9c8e320f5a125ff5478a1657d3e764bd999fd2904d7
resnet,clean_only,101,bandpass_n20002_cLA_LL_independent_rms_s0,phase2/results/predictions/full/clean_only/resnet/seed_101/bandpass_n20002_cLA_LL_independent_rms_s0.npz,75407,aea912206a3f6d813725d742cd24fae0c4202a5ba87dd2ca2789607e81f61b5e
resnet,clean_only,101,bandpass_n20002_cLA_LL_electrode_s20,phase2/results/predictions/full/clean_only/resnet/seed_101/bandpass_n20002_cLA_LL_electrode_s20.npz,76396,66fa865de26f55899ec10c1a81025d5ec1e8e3fa7486f99cda6c2acb65b911ad
resnet,clean_only,101,bandpass_n20002_cLA_LL_electrode_s15,phase2/results/predictions/full/clean_only/resnet/seed_101/bandpass_n20002_cLA_LL_electrode_s15.npz,76359,d55f57a8a08d297ac9beac8a0b632b39285651e3b033a5a962d181e6ae1c7aa1
resnet,clean_only,101,bandpass_n20002_cLA_LL_electrode_s10,phase2/results/predictions/full/clean_only/resnet/seed_101/bandpass_n20002_cLA_LL_electrode_s10.npz,76182,8b5b11744d5f31040adf4b48fbb7a4394920a28a8e6e6f59f6d2a8e7f1bbdb82
resnet,clean_only,101,bandpass_n20002_cLA_LL_electrode_s5,phase2/results/predictions/full/clean_only/resnet/seed_101/bandpass_n20002_cLA_LL_electrode_s5.npz,75791,286f7ada1099055ebf33b2590f1f314f80c509760e5b6bfc6ca0218ce8d2a0fa
resnet,clean_only,101,bandpass_n20002_cLA_LL_electrode_s0,phase2/results/predictions/full/clean_only/resnet/seed_101/bandpass_n20002_cLA_LL_electrode_s0.npz,75369,3d39d280c7e6a4b79236019e80b7e850308ce26373a430864f4471dcada4cfd6
resnet,clean_only,101,bandpass_n20002_cLA_LL_covariance_s20,phase2/results/predictions/full/clean_only/resnet/seed_101/bandpass_n20002_cLA_LL_covariance_s20.npz,76422,20dbdf6c846ccc52c805923d60816fdebdf1151f492805ccd664d8375691b646
resnet,clean_only,101,bandpass_n20002_cLA_LL_covariance_s15,phase2/results/predictions/full/clean_only/resnet/seed_101/bandpass_n20002_cLA_LL_covariance_s15.npz,76336,855f4b40a17bb06ac9c660fedc8ffe30e8b5c7424e77197afd59284eef5a111c
resnet,clean_only,101,bandpass_n20002_cLA_LL_covariance_s10,phase2/results/predictions/full/clean_only/resnet/seed_101/bandpass_n20002_cLA_LL_covariance_s10.npz,76180,d0079b7b0446ad3727c33f2ef6b3a63c22785c70e978f47c0e430db3e72eff86
resnet,clean_only,101,bandpass_n20002_cLA_LL_covariance_s5,phase2/results/predictions/full/clean_only/resnet/seed_101/bandpass_n20002_cLA_LL_covariance_s5.npz,75805,a95ea46e991df91693894f2792e8910286fabc5828fffe8af1d34b1861fe82ab
resnet,clean_only,101,bandpass_n20002_cLA_LL_covariance_s0,phase2/results/predictions/full/clean_only/resnet/seed_101/bandpass_n20002_cLA_LL_covariance_s0.npz,75364,0b0617eb0499bdd7ad940b674736742d75f2ddd564b98e29bc7259eecc34becb
resnet,clean_only,101,bandpass_n20002_cRA_LL_independent_rms_s20,phase2/results/predictions/full/clean_only/resnet/seed_101/bandpass_n20002_cRA_LL_independent_rms_s20.npz,76417,6c3fbeef06a35d6d492f42fd0a3b003b1127eb1c9225364fb158b4133a86f64d
resnet,clean_only,101,bandpass_n20002_cRA_LL_independent_rms_s15,phase2/results/predictions/full/clean_only/resnet/seed_101/bandpass_n20002_cRA_LL_independent_rms_s15.npz,76406,7fa5b98b29efdbdfb652b4ace212f177675c263b1eabe1a6599eae0274591e99
resnet,clean_only,101,bandpass_n20002_cRA_LL_independent_rms_s10,phase2/results/predictions/full/clean_only/resnet/seed_101/bandpass_n20002_cRA_LL_independent_rms_s10.npz,76234,62c8ffd765b590dfe974319d2bea7a1290ea9e817330d108d39f16ce0974fae5
resnet,clean_only,101,bandpass_n20002_cRA_LL_independent_rms_s5,phase2/results/predictions/full/clean_only/resnet/seed_101/bandpass_n20002_cRA_LL_independent_rms_s5.npz,75978,30c390be6f5df627eb49a81cd2bd98420020bccd3d18e209dbbc078585d23372
resnet,clean_only,101,bandpass_n20002_cRA_LL_independent_rms_s0,phase2/results/predictions/full/clean_only/resnet/seed_101/bandpass_n20002_cRA_LL_independent_rms_s0.npz,75394,71bf2be4fefc8cd1e715c560221a4c47c51c5c98dc3d74a10e0b3007c76fc4bf
resnet,clean_only,101,bandpass_n20002_cRA_LL_electrode_s20,phase2/results/predictions/full/clean_only/resnet/seed_101/bandpass_n20002_cRA_LL_electrode_s20.npz,76439,11c4fe4c6de2b19e6995ec919322a21a0fb72f4481e10d868ab323b775871be2
resnet,clean_only,101,bandpass_n20002_cRA_LL_electrode_s15,phase2/results/predictions/full/clean_only/resnet/seed_101/bandpass_n20002_cRA_LL_electrode_s15.npz,76347,11a9abc9e975a7f3f2e58d51ce7cbd197ec69879895627081e2c15911f5e0e9c
resnet,clean_only,101,bandpass_n20002_cRA_LL_electrode_s10,phase2/results/predictions/full/clean_only/resnet/seed_101/bandpass_n20002_cRA_LL_electrode_s10.npz,76169,e5a90396464a344b237a5b883fc9cca6afcde51dbf55b7469aa4689d2cc5f661
resnet,clean_only,101,bandpass_n20002_cRA_LL_electrode_s5,phase2/results/predictions/full/clean_only/resnet/seed_101/bandpass_n20002_cRA_LL_electrode_s5.npz,75784,ff778e85f4597ad5392549fbecb6b2b23289100966631b64e63cefc44b007729
resnet,clean_only,101,bandpass_n20002_cRA_LL_electrode_s0,phase2/results/predictions/full/clean_only/resnet/seed_101/bandpass_n20002_cRA_LL_electrode_s0.npz,75250,ac5d7a8804370ccb18db398ab4a8c25d9f2b98471475c76ae30c1d10db7028c1
resnet,clean_only,101,bandpass_n20002_cRA_LL_covariance_s20,phase2/results/predictions/full/clean_only/resnet/seed_101/bandpass_n20002_cRA_LL_covariance_s20.npz,76415,e8649a0ee930140fa828f3a3ef285ec54a12aa744135148f05e9b01644bc3723
resnet,clean_only,101,bandpass_n20002_cRA_LL_covariance_s15,phase2/results/predictions/full/clean_only/resnet/seed_101/bandpass_n20002_cRA_LL_covariance_s15.npz,76355,f76fbdad840d609448211298c3a816975f8e9c032312cbe4ba91bc645174651c
resnet,clean_only,101,bandpass_n20002_cRA_LL_covariance_s10,phase2/results/predictions/full/clean_only/resnet/seed_101/bandpass_n20002_cRA_LL_covariance_s10.npz,76187,a77ff13d68a8eaefb3244b91b85b6456e689a69d6a85f26ec31b4e6587283824
resnet,clean_only,101,bandpass_n20002_cRA_LL_covariance_s5,phase2/results/predictions/full/clean_only/resnet/seed_101/bandpass_n20002_cRA_LL_covariance_s5.npz,75799,328647270688932f04bb4a84fa0a8c53a84ccc9e134f67bbb2ed2dd6b7ca25c5
resnet,clean_only,101,bandpass_n20002_cRA_LL_covariance_s0,phase2/results/predictions/full/clean_only/resnet/seed_101/bandpass_n20002_cRA_LL_covariance_s0.npz,75219,a2253b3a8b8073e056bee41fcd30e9d5837dadf1f222e1983d31c5c014a7d6b8
resnet,clean_only,101,bandpass_n20002_cRA_independent_rms_s20,phase2/results/predictions/full/clean_only/resnet/seed_101/bandpass_n20002_cRA_independent_rms_s20.npz,76437,95d963538a553aebe8b044cf46f6ac754242e80dd82555cd2df8bb728979ff88
resnet,clean_only,101,bandpass_n20002_cRA_independent_rms_s15,phase2/results/predictions/full/clean_only/resnet/seed_101/bandpass_n20002_cRA_independent_rms_s15.npz,76434,df63ddc662c6891a339ffe8c8e9c47ae42f703bff9c5287dc6cc7ea2d37df46a
resnet,clean_only,101,bandpass_n20002_cRA_independent_rms_s10,phase2/results/predictions/full/clean_only/resnet/seed_101/bandpass_n20002_cRA_independent_rms_s10.npz,76288,c7b0bfa109aad5b3d7a3207c8ca3a556a7fa528c758a05687b42d0ff86f93ba7
resnet,clean_only,101,bandpass_n20002_cRA_independent_rms_s5,phase2/results/predictions/full/clean_only/resnet/seed_101/bandpass_n20002_cRA_independent_rms_s5.npz,76016,4a2efc9d229b78d68a42b9363cd73475ef1b19454fff4a6dfc3c117ba59fd3b8
resnet,clean_only,101,bandpass_n20002_cRA_independent_rms_s0,phase2/results/predictions/full/clean_only/resnet/seed_101/bandpass_n20002_cRA_independent_rms_s0.npz,75456,04e0d64f78fbf2b2239eeb992e37ef7a56674905296052f47f9d35be73f3a18d
resnet,clean_only,101,bandpass_n20002_cRA_electrode_s20,phase2/results/predictions/full/clean_only/resnet/seed_101/bandpass_n20002_cRA_electrode_s20.npz,76394,86d4ff76eea07a63862a95a281da293404612ca1422d33bbdabc89e2f461bb0c
resnet,clean_only,101,bandpass_n20002_cRA_electrode_s15,phase2/results/predictions/full/clean_only/resnet/seed_101/bandpass_n20002_cRA_electrode_s15.npz,76346,f34c4ac49ccbe26961f2532c5cb16b7540903d0b89becbb574a38e35336e9388
resnet,clean_only,101,bandpass_n20002_cRA_electrode_s10,phase2/results/predictions/full/clean_only/resnet/seed_101/bandpass_n20002_cRA_electrode_s10.npz,76197,9706b01d17d2d4482fff562c79ddf8e7814409d1684af42093f7718ef4e33c8a
resnet,clean_only,101,bandpass_n20002_cRA_electrode_s5,phase2/results/predictions/full/clean_only/resnet/seed_101/bandpass_n20002_cRA_electrode_s5.npz,75901,a95a911eaadcb1abd48e64ec2a23a11099eca2626d3d6a5a1037d74add49e9ba
resnet,clean_only,101,bandpass_n20002_cRA_electrode_s0,phase2/results/predictions/full/clean_only/resnet/seed_101/bandpass_n20002_cRA_electrode_s0.npz,75353,aa9bf85d8f160308f7890154d70da47a13b998a66fb045bc3f8fe3e852c2e08e
resnet,clean_only,101,bandpass_n20002_cRA_covariance_s20,phase2/results/predictions/full/clean_only/resnet/seed_101/bandpass_n20002_cRA_covariance_s20.npz,76409,d3ac5e14849f4dadf8f12762581b9a27fbe86028c77d323c30c514b64587eb6d
resnet,clean_only,101,bandpass_n20002_cRA_covariance_s15,phase2/results/predictions/full/clean_only/resnet/seed_101/bandpass_n20002_cRA_covariance_s15.npz,76324,1f7c45c91730a3b2299667586a73f46ba6dc288d83cce9a69d62f98aa8fd275f
resnet,clean_only,101,bandpass_n20002_cRA_covariance_s10,phase2/results/predictions/full/clean_only/resnet/seed_101/bandpass_n20002_cRA_covariance_s10.npz,76170,64ff167105a1d20e85e9e0eaf7a4df37ccd3aff4256573b7b502d820a9d49d7e
resnet,clean_only,101,bandpass_n20002_cRA_covariance_s5,phase2/results/predictions/full/clean_only/resnet/seed_101/bandpass_n20002_cRA_covariance_s5.npz,75890,0e584070834eddcd4c7d865ae845b944d158281a64d512ecb56a76c3749d497d
resnet,clean_only,101,bandpass_n20002_cRA_covariance_s0,phase2/results/predictions/full/clean_only/resnet/seed_101/bandpass_n20002_cRA_covariance_s0.npz,75374,184431747c3531d1b465eba9bcb18a9e826c69079d1aa1f47632da52a215148f
resnet,clean_only,101,bandpass_n20002_cLA_independent_rms_s20,phase2/results/predictions/full/clean_only/resnet/seed_101/bandpass_n20002_cLA_independent_rms_s20.npz,76442,c86a8e9d98123fa6bccad3fdbc6cea579f882ec1a28058603438bef4eff856a8
resnet,clean_only,101,bandpass_n20002_cLA_independent_rms_s15,phase2/results/predictions/full/clean_only/resnet/seed_101/bandpass_n20002_cLA_independent_rms_s15.npz,76388,9ce1cd257bf8ff7b78d8ed89b7e1e69b754668600bc0b52de33a87878cbbc46c
resnet,clean_only,101,bandpass_n20002_cLA_independent_rms_s10,phase2/results/predictions/full/clean_only/resnet/seed_101/bandpass_n20002_cLA_independent_rms_s10.npz,76271,0866ba9589e2482cd66f505565a39c34da23666f18a021405636947b890b9fdc
resnet,clean_only,101,bandpass_n20002_cLA_independent_rms_s5,phase2/results/predictions/full/clean_only/resnet/seed_101/bandpass_n20002_cLA_independent_rms_s5.npz,76017,9917b3516f63323e1b59badbf539ac80499e9ac6a9984d948df136d2ca9ce1e2
resnet,clean_only,101,bandpass_n20002_cLA_independent_rms_s0,phase2/results/predictions/full/clean_only/resnet/seed_101/bandpass_n20002_cLA_independent_rms_s0.npz,75409,e129b28c17725710a781bb586706d4c78ff0bf295187b779f88ce02ddc01dc22
resnet,clean_only,101,bandpass_n20002_cLA_electrode_s20,phase2/results/predictions/full/clean_only/resnet/seed_101/bandpass_n20002_cLA_electrode_s20.npz,76405,245d93d8c56416b39386c2539eef7779160606aecf6c7a48b91bfca770b81533
resnet,clean_only,101,bandpass_n20002_cLA_electrode_s15,phase2/results/predictions/full/clean_only/resnet/seed_101/bandpass_n20002_cLA_electrode_s15.npz,76388,f767bbcc489d6969c464eb9a6183a1a1f5731f74e9045dd531de7b1bca8a43fe
resnet,clean_only,101,bandpass_n20002_cLA_electrode_s10,phase2/results/predictions/full/clean_only/resnet/seed_101/bandpass_n20002_cLA_electrode_s10.npz,76209,c2508fd3cdec66c1d997b6f81b358bf9c5bc7af0caf29438282d167cd04e2e36
resnet,clean_only,101,bandpass_n20002_cLA_electrode_s5,phase2/results/predictions/full/clean_only/resnet/seed_101/bandpass_n20002_cLA_electrode_s5.npz,75881,542efdef4c209e664854c0dd23756cf6989b4abe4a212269f1a10606e3b20cd8
resnet,clean_only,101,bandpass_n20002_cLA_electrode_s0,phase2/results/predictions/full/clean_only/resnet/seed_101/bandpass_n20002_cLA_electrode_s0.npz,75384,92ed85183dffe510086da362c2a103995b1d6ce4e339b6c6cc0e12cd81068d5d
resnet,clean_only,101,bandpass_n20002_cLA_covariance_s20,phase2/results/predictions/full/clean_only/resnet/seed_101/bandpass_n20002_cLA_covariance_s20.npz,76423,88cdc07d9cf959ff309913aa6edc3fe93f175aaaf89ab42028d0366066490d9d
resnet,clean_only,101,bandpass_n20002_cLA_covariance_s15,phase2/results/predictions/full/clean_only/resnet/seed_101/bandpass_n20002_cLA_covariance_s15.npz,76358,46056af96d1d62c0aae1c4e1369d11ea6953cf414190d5c805590838e30a4068
resnet,clean_only,101,bandpass_n20002_cLA_covariance_s10,phase2/results/predictions/full/clean_only/resnet/seed_101/bandpass_n20002_cLA_covariance_s10.npz,76193,b0532ececf6d8ffdca67830682869a46b7aa11859f5c0cc49cee12ee49c86f42
resnet,clean_only,101,bandpass_n20002_cLA_covariance_s5,phase2/results/predictions/full/clean_only/resnet/seed_101/bandpass_n20002_cLA_covariance_s5.npz,75880,54c4e02b43107e4159c19a7841ba9a5077ec08e11cafe33e159a1d9ab739986d
resnet,clean_only,101,bandpass_n20002_cLA_covariance_s0,phase2/results/predictions/full/clean_only/resnet/seed_101/bandpass_n20002_cLA_covariance_s0.npz,75409,b386ab9416094c2d95def758125e56e1db7a1a679c46b2eb5a7d4b0687db78dc
resnet,clean_only,101,bandpass_n20002_cLL_independent_rms_s20,phase2/results/predictions/full/clean_only/resnet/seed_101/bandpass_n20002_cLL_independent_rms_s20.npz,76461,c9f0dbd7649f0fa22f8e218560710f307ed4ca68060a6d5b9a4bb86f3b4c01a0
resnet,clean_only,101,bandpass_n20002_cLL_independent_rms_s15,phase2/results/predictions/full/clean_only/resnet/seed_101/bandpass_n20002_cLL_independent_rms_s15.npz,76394,4598173d21fd32c3e46aeb7af4fd526c2985a3830b70d06e1b8de2ea0f28833f
resnet,clean_only,101,bandpass_n20002_cLL_independent_rms_s10,phase2/results/predictions/full/clean_only/resnet/seed_101/bandpass_n20002_cLL_independent_rms_s10.npz,76261,3c280c00089b83f17e2f41ab231bbfd908ea92099198519dedc882e173674c82
resnet,clean_only,101,bandpass_n20002_cLL_independent_rms_s5,phase2/results/predictions/full/clean_only/resnet/seed_101/bandpass_n20002_cLL_independent_rms_s5.npz,75960,63293742159284e330bdd38d71a5d447fb6fd321866f0524c47f78e596186b4d
resnet,clean_only,101,bandpass_n20002_cLL_independent_rms_s0,phase2/results/predictions/full/clean_only/resnet/seed_101/bandpass_n20002_cLL_independent_rms_s0.npz,75346,06e307d6d9b91a93125ccf68210338622bfed715e682624108bfdadb77a633b4
resnet,clean_only,101,bandpass_n20002_cLL_electrode_s20,phase2/results/predictions/full/clean_only/resnet/seed_101/bandpass_n20002_cLL_electrode_s20.npz,76394,1ce066b99f358204d69a39c1ab5a3d5212a4f4669a095606df2fe06e297df333
resnet,clean_only,101,bandpass_n20002_cLL_electrode_s15,phase2/results/predictions/full/clean_only/resnet/seed_101/bandpass_n20002_cLL_electrode_s15.npz,76332,c1ac55888937b609e87ac2406a784625846dede29350abcb81adcf0c92b39ae2
resnet,clean_only,101,bandpass_n20002_cLL_electrode_s10,phase2/results/predictions/full/clean_only/resnet/seed_101/bandpass_n20002_cLL_electrode_s10.npz,76173,15161c2b3b64b7773a6ebdd783bb64c4adff5ce6dfbe29ca77694026d94d440d
resnet,clean_only,101,bandpass_n20002_cLL_electrode_s5,phase2/results/predictions/full/clean_only/resnet/seed_101/bandpass_n20002_cLL_electrode_s5.npz,75734,907a25d640be0873781565cfa63db3825eb94e5fee592e91ee9ae06eeb1f81d1
resnet,clean_only,101,bandpass_n20002_cLL_electrode_s0,phase2/results/predictions/full/clean_only/resnet/seed_101/bandpass_n20002_cLL_electrode_s0.npz,75401,66b199ece8ae7ce4e75a3c24023d78468284de7485790442b4f2346f5d6adde6
resnet,clean_only,101,bandpass_n20002_cLL_covariance_s20,phase2/results/predictions/full/clean_only/resnet/seed_101/bandpass_n20002_cLL_covariance_s20.npz,76421,a5da6dd38c0ac014ae15d1ce8cb186bb969ce0a07a564a1b7c0c2eeb2a7ce5c4
resnet,clean_only,101,bandpass_n20002_cLL_covariance_s15,phase2/results/predictions/full/clean_only/resnet/seed_101/bandpass_n20002_cLL_covariance_s15.npz,76360,b242c81136cf9d2dc8f896d9eb5f40dd41ee37deb599acf98886aaa6b7f7b0e9
resnet,clean_only,101,bandpass_n20002_cLL_covariance_s10,phase2/results/predictions/full/clean_only/resnet/seed_101/bandpass_n20002_cLL_covariance_s10.npz,76159,de82caf5d99c96a06421ce0b36f0f6614a4e6ae02c013bf22d1d633dacb68801
resnet,clean_only,101,bandpass_n20002_cLL_covariance_s5,phase2/results/predictions/full/clean_only/resnet/seed_101/bandpass_n20002_cLL_covariance_s5.npz,75753,0de0f5e61cf87e1f960887f776ac5bf7c6be790707ae9ba119bacce1c35dfa7a
resnet,clean_only,101,bandpass_n20002_cLL_covariance_s0,phase2/results/predictions/full/clean_only/resnet/seed_101/bandpass_n20002_cLL_covariance_s0.npz,75431,5718e4a8a822ea86ae463550e100fc0177e8d65667bfa18cda846a77b798fadf
resnet,clean_only,101,bandpass_n20002_cRA_V1_independent_rms_s20,phase2/results/predictions/full/clean_only/resnet/seed_101/bandpass_n20002_cRA_V1_independent_rms_s20.npz,76438,269bf61a05c9e53e16500e2970b7756ab56a14854a6b7c331d47c02f336125f7
resnet,clean_only,101,bandpass_n20002_cRA_V1_independent_rms_s15,phase2/results/predictions/full/clean_only/resnet/seed_101/bandpass_n20002_cRA_V1_independent_rms_s15.npz,76432,097984119698f70fbb6e5ac9e90999f2aee4aac0d8b1296d96180a4582cc4d96
resnet,clean_only,101,bandpass_n20002_cRA_V1_independent_rms_s10,phase2/results/predictions/full/clean_only/resnet/seed_101/bandpass_n20002_cRA_V1_independent_rms_s10.npz,76259,2c6853bed79263497980d363dcc397ad900797a23b61f2b60f07b85ff625a635
resnet,clean_only,101,bandpass_n20002_cRA_V1_independent_rms_s5,phase2/results/predictions/full/clean_only/resnet/seed_101/bandpass_n20002_cRA_V1_independent_rms_s5.npz,76033,74bbd25e987786f49f9001e9a4cf07fd0a779e89a5ba6d5498be1311a23d7767
resnet,clean_only,101,bandpass_n20002_cRA_V1_independent_rms_s0,phase2/results/predictions/full/clean_only/resnet/seed_101/bandpass_n20002_cRA_V1_independent_rms_s0.npz,75381,6eb77486aaf31a84ee8cc06ca1d0f593d9ce07339efa959d722399ffc72d8755
resnet,clean_only,101,bandpass_n20002_cRA_V1_electrode_s20,phase2/results/predictions/full/clean_only/resnet/seed_101/bandpass_n20002_cRA_V1_electrode_s20.npz,76396,91928e287aac7b944b8b3da79fa1f023c0742a349e84e8f5fbdf01366cb16050
resnet,clean_only,101,bandpass_n20002_cRA_V1_electrode_s15,phase2/results/predictions/full/clean_only/resnet/seed_101/bandpass_n20002_cRA_V1_electrode_s15.npz,76363,1c424eeb01fa2426bb6d9c0e53406c8f6b692cd6946cd55b0d20f2c4da9f8903
resnet,clean_only,101,bandpass_n20002_cRA_V1_electrode_s10,phase2/results/predictions/full/clean_only/resnet/seed_101/bandpass_n20002_cRA_V1_electrode_s10.npz,76214,3af6509fc18ca6ccc44df4a24e892d8e0b132db6a7d53bacac5d54c95ef0aaad
resnet,clean_only,101,bandpass_n20002_cRA_V1_electrode_s5,phase2/results/predictions/full/clean_only/resnet/seed_101/bandpass_n20002_cRA_V1_electrode_s5.npz,75883,37ad014fbfe04764bf273c15051384af0e24b37c646131ba3377f206885eb221
resnet,clean_only,101,bandpass_n20002_cRA_V1_electrode_s0,phase2/results/predictions/full/clean_only/resnet/seed_101/bandpass_n20002_cRA_V1_electrode_s0.npz,75335,1ac378c0a4042c28aa3c73a0f6fcbbbbf5b26ae5b7214eda7325a1ea81776c93
resnet,clean_only,101,bandpass_n20002_cRA_V1_covariance_s20,phase2/results/predictions/full/clean_only/resnet/seed_101/bandpass_n20002_cRA_V1_covariance_s20.npz,76424,7ff344cb8c62b9707ca39454e04451e8f5de8b5913f4077a92cfe13d5f39fafa
resnet,clean_only,101,bandpass_n20002_cRA_V1_covariance_s15,phase2/results/predictions/full/clean_only/resnet/seed_101/bandpass_n20002_cRA_V1_covariance_s15.npz,76360,c346942bf3e9e5ebc6b4921076706868d2c63da7dfd052558b1bbdfa327d2b1d
resnet,clean_only,101,bandpass_n20002_cRA_V1_covariance_s10,phase2/results/predictions/full/clean_only/resnet/seed_101/bandpass_n20002_cRA_V1_covariance_s10.npz,76238,86880e410992e6e18a64acf5302899858f588e9cb4d5e4a363c2d0910d47c7c9
resnet,clean_only,101,bandpass_n20002_cRA_V1_covariance_s5,phase2/results/predictions/full/clean_only/resnet/seed_101/bandpass_n20002_cRA_V1_covariance_s5.npz,75918,1e95d2ffd68dc1851b5e5a714ac3b6771630c12180ae8d43df23aa5aef4b0ab8
resnet,clean_only,101,bandpass_n20002_cRA_V1_covariance_s0,phase2/results/predictions/full/clean_only/resnet/seed_101/bandpass_n20002_cRA_V1_covariance_s0.npz,75296,87a7ed39e214ae13bd2fc0b2ce59a870c38c19408e3b2f64f7f3b4c0e362aaf9
resnet,clean_only,101,bandpass_n20002_cLA_V6_independent_rms_s20,phase2/results/predictions/full/clean_only/resnet/seed_101/bandpass_n20002_cLA_V6_independent_rms_s20.npz,76423,78905384c3972628865c8001242323c57d1976f658f5bcce61c7ae59d46128d4
resnet,clean_only,101,bandpass_n20002_cLA_V6_independent_rms_s15,phase2/results/predictions/full/clean_only/resnet/seed_101/bandpass_n20002_cLA_V6_independent_rms_s15.npz,76440,5d725a0884955122aac1251a6ca65a4949d667fa3ca03024bb41bbaf67a1ba09
resnet,clean_only,101,bandpass_n20002_cLA_V6_independent_rms_s10,phase2/results/predictions/full/clean_only/resnet/seed_101/bandpass_n20002_cLA_V6_independent_rms_s10.npz,76295,dbc80a10b32b3299b589f67fc134b8a23973c02727c960a9b9192638a3aa132c
resnet,clean_only,101,bandpass_n20002_cLA_V6_independent_rms_s5,phase2/results/predictions/full/clean_only/resnet/seed_101/bandpass_n20002_cLA_V6_independent_rms_s5.npz,76027,71cabbf354df0992c2b80407d75e64ea1dad5b79237bac01339073d9b9ad9b4f
resnet,clean_only,101,bandpass_n20002_cLA_V6_independent_rms_s0,phase2/results/predictions/full/clean_only/resnet/seed_101/bandpass_n20002_cLA_V6_independent_rms_s0.npz,75417,ed28c5463131670446bf276febf1604ebd781aec3b0aaf4c920a0eb5e1fd759b
resnet,clean_only,101,bandpass_n20002_cLA_V6_electrode_s20,phase2/results/predictions/full/clean_only/resnet/seed_101/bandpass_n20002_cLA_V6_electrode_s20.npz,76452,71849092c4aae7e084cfe96ebe39d813df2dbb8bd5ce9b4004f3913d23abdaf2
resnet,clean_only,101,bandpass_n20002_cLA_V6_electrode_s15,phase2/results/predictions/full/clean_only/resnet/seed_101/bandpass_n20002_cLA_V6_electrode_s15.npz,76371,7f76105755192d01d0ab102ae2086d2697d9eaac4b0c0d944f311ed46a3cfa8d
resnet,clean_only,101,bandpass_n20002_cLA_V6_electrode_s10,phase2/results/predictions/full/clean_only/resnet/seed_101/bandpass_n20002_cLA_V6_electrode_s10.npz,76227,cae57f14a039e16ee72c5d03f394242bb526a7ab57e7534c22c721fa44bdae14
resnet,clean_only,101,bandpass_n20002_cLA_V6_electrode_s5,phase2/results/predictions/full/clean_only/resnet/seed_101/bandpass_n20002_cLA_V6_electrode_s5.npz,75912,e7b6b763fa5f21cfbb1f381b1f6c412b28191553e300702b9f66ecfa09a1f899
resnet,clean_only,101,bandpass_n20002_cLA_V6_electrode_s0,phase2/results/predictions/full/clean_only/resnet/seed_101/bandpass_n20002_cLA_V6_electrode_s0.npz,75413,9808357b927e04d84fdefbb86ea99d9554cc9bc91068043c65ca3a97af98565a
resnet,clean_only,101,bandpass_n20002_cLA_V6_covariance_s20,phase2/results/predictions/full/clean_only/resnet/seed_101/bandpass_n20002_cLA_V6_covariance_s20.npz,76450,e6f1db695879defbbde1ee3d3d06f36cda8ba3a0e82c14fe3808f8ca2ea9c1cc
resnet,clean_only,101,bandpass_n20002_cLA_V6_covariance_s15,phase2/results/predictions/full/clean_only/resnet/seed_101/bandpass_n20002_cLA_V6_covariance_s15.npz,76352,eb95492d68018ecc2e4b025535fc4b56b35325b78c9a4b00ac9ec4e9c9d29708
resnet,clean_only,101,bandpass_n20002_cLA_V6_covariance_s10,phase2/results/predictions/full/clean_only/resnet/seed_101/bandpass_n20002_cLA_V6_covariance_s10.npz,76236,27d459899899abfb3e5474e46c5398992e6c1dcc7d4bb65ba27297903c009aa4
resnet,clean_only,101,bandpass_n20002_cLA_V6_covariance_s5,phase2/results/predictions/full/clean_only/resnet/seed_101/bandpass_n20002_cLA_V6_covariance_s5.npz,75931,9581d91a80bbf1af4b124cfd575af73c319fa5183c2c0c2f2484c69ee1721c40
resnet,clean_only,101,bandpass_n20002_cLA_V6_covariance_s0,phase2/results/predictions/full/clean_only/resnet/seed_101/bandpass_n20002_cLA_V6_covariance_s0.npz,75362,e786d54041f5feda1158fa8675bb880aec00f9abb7f6c1631341da37a6825be2
resnet,clean_only,101,bandpass_n20002_cLL_V4_independent_rms_s20,phase2/results/predictions/full/clean_only/resnet/seed_101/bandpass_n20002_cLL_V4_independent_rms_s20.npz,76435,74d6cd57eda4c7abede2c9ffd121d5b6de7b709bd9850710a0b4b6bae6f8ab70
resnet,clean_only,101,bandpass_n20002_cLL_V4_independent_rms_s15,phase2/results/predictions/full/clean_only/resnet/seed_101/bandpass_n20002_cLL_V4_independent_rms_s15.npz,76427,b1df322016e0a366f17c910c397065d8680a63bd2de2affd719763ca31e03d72
resnet,clean_only,101,bandpass_n20002_cLL_V4_independent_rms_s10,phase2/results/predictions/full/clean_only/resnet/seed_101/bandpass_n20002_cLL_V4_independent_rms_s10.npz,76277,a31a3ef6e039f9cbfc53b474d5ffa313053fa2d6a73776cd4b4675f94aebe3be
resnet,clean_only,101,bandpass_n20002_cLL_V4_independent_rms_s5,phase2/results/predictions/full/clean_only/resnet/seed_101/bandpass_n20002_cLL_V4_independent_rms_s5.npz,75993,c5fd562b8dee5a5feaa36d8799b5e7e3130404be2068227176468a1fa29367da
resnet,clean_only,101,bandpass_n20002_cLL_V4_independent_rms_s0,phase2/results/predictions/full/clean_only/resnet/seed_101/bandpass_n20002_cLL_V4_independent_rms_s0.npz,75432,3900e0bcc7b94bac25670c45aef522170ca4660f82425ad2b7f30b7b970c20f5
resnet,clean_only,101,bandpass_n20002_cLL_V4_electrode_s20,phase2/results/predictions/full/clean_only/resnet/seed_101/bandpass_n20002_cLL_V4_electrode_s20.npz,76400,2e93e8acb098cb8ddcdc74b8d1865b66c2a740bdf1191e03bcb79e6b977e70b1
resnet,clean_only,101,bandpass_n20002_cLL_V4_electrode_s15,phase2/results/predictions/full/clean_only/resnet/seed_101/bandpass_n20002_cLL_V4_electrode_s15.npz,76331,408beccc994e9b12bbdcf418af7b9ecde25e6622f621282fbbdbd346ffe43ea6
resnet,clean_only,101,bandpass_n20002_cLL_V4_electrode_s10,phase2/results/predictions/full/clean_only/resnet/seed_101/bandpass_n20002_cLL_V4_electrode_s10.npz,76194,cfb0aa3fba52edf5555bdf786bed6fa7fd49e22886b5245a7adc48306c5f0c8d
resnet,clean_only,101,bandpass_n20002_cLL_V4_electrode_s5,phase2/results/predictions/full/clean_only/resnet/seed_101/bandpass_n20002_cLL_V4_electrode_s5.npz,75791,7aa2784412c467cccfd58be92ad1b0a67caf55e96205dfab63f249bcef672a67
resnet,clean_only,101,bandpass_n20002_cLL_V4_electrode_s0,phase2/results/predictions/full/clean_only/resnet/seed_101/bandpass_n20002_cLL_V4_electrode_s0.npz,75412,bda88f8c5d77d73b75808163eceba4c739a73ea1466b89404e55cd2674656230
resnet,clean_only,101,bandpass_n20002_cLL_V4_covariance_s20,phase2/results/predictions/full/clean_only/resnet/seed_101/bandpass_n20002_cLL_V4_covariance_s20.npz,76432,2dc583ab1dbcb32ec5031dbade8d2838d5b9f8c17b880495e4062e6f085f1359
resnet,clean_only,101,bandpass_n20002_cLL_V4_covariance_s15,phase2/results/predictions/full/clean_only/resnet/seed_101/bandpass_n20002_cLL_V4_covariance_s15.npz,76341,e0f4de4cfbefba935d3eda914be6cc14928bd061ffae64ecdbcde5cefdc7c02b
resnet,clean_only,101,bandpass_n20002_cLL_V4_covariance_s10,phase2/results/predictions/full/clean_only/resnet/seed_101/bandpass_n20002_cLL_V4_covariance_s10.npz,76186,a8998fb35e57b7f50614f38165d53f62344a9befb55356bbeac6e776990974ad
resnet,clean_only,101,bandpass_n20002_cLL_V4_covariance_s5,phase2/results/predictions/full/clean_only/resnet/seed_101/bandpass_n20002_cLL_V4_covariance_s5.npz,75822,cdb20ecd348e20387240731643dedc1b1e4719b7b8d7eea290916650074821a3
resnet,clean_only,101,bandpass_n20002_cLL_V4_covariance_s0,phase2/results/predictions/full/clean_only/resnet/seed_101/bandpass_n20002_cLL_V4_covariance_s0.npz,75425,e112d196970e42be0466c05ffb3181f482919f0aa7a5d0ddbfec28147574dac2
resnet,clean_only,101,bandpass_n20002_cRA_LA_V1_V6_independent_rms_s20,phase2/results/predictions/full/clean_only/resnet/seed_101/bandpass_n20002_cRA_LA_V1_V6_independent_rms_s20.npz,76468,4e0af99d584cc3a76f6823a27cbf06cb3f4c4742b183326e3e89243a6c36bdae
resnet,clean_only,101,bandpass_n20002_cRA_LA_V1_V6_independent_rms_s15,phase2/results/predictions/full/clean_only/resnet/seed_101/bandpass_n20002_cRA_LA_V1_V6_independent_rms_s15.npz,76409,4a24951999fd86f25adcbffec1963dc78ecd6157ae2f434c6fa8d47a49c94e14
resnet,clean_only,101,bandpass_n20002_cRA_LA_V1_V6_independent_rms_s10,phase2/results/predictions/full/clean_only/resnet/seed_101/bandpass_n20002_cRA_LA_V1_V6_independent_rms_s10.npz,76277,2466174690a32560f5a579899f298e13eb2e86feb3b76a9e250fec96eec096d9
resnet,clean_only,101,bandpass_n20002_cRA_LA_V1_V6_independent_rms_s5,phase2/results/predictions/full/clean_only/resnet/seed_101/bandpass_n20002_cRA_LA_V1_V6_independent_rms_s5.npz,76036,c9eed957f4fffbbd42aa0d14eb76f87f8a83c845ab1dceb591ce01b764765edf
resnet,clean_only,101,bandpass_n20002_cRA_LA_V1_V6_independent_rms_s0,phase2/results/predictions/full/clean_only/resnet/seed_101/bandpass_n20002_cRA_LA_V1_V6_independent_rms_s0.npz,75448,b78ac3b30a7ecedb6de1e80015bedfc57821440e681be8f494e496d176851673
resnet,clean_only,101,bandpass_n20002_cRA_LA_V1_V6_electrode_s20,phase2/results/predictions/full/clean_only/resnet/seed_101/bandpass_n20002_cRA_LA_V1_V6_electrode_s20.npz,76442,2efc956452e115592f383771cfcf080611ffaccd29f6fc0c07306fc0e3d2d5bf
resnet,clean_only,101,bandpass_n20002_cRA_LA_V1_V6_electrode_s15,phase2/results/predictions/full/clean_only/resnet/seed_101/bandpass_n20002_cRA_LA_V1_V6_electrode_s15.npz,76384,608d36d2f10bc3564125cfa440c3bb108a70c0c55b973dd7dfb7f97c49b9d81c
resnet,clean_only,101,bandpass_n20002_cRA_LA_V1_V6_electrode_s10,phase2/results/predictions/full/clean_only/resnet/seed_101/bandpass_n20002_cRA_LA_V1_V6_electrode_s10.npz,76221,9213aeb72341c0748fdf13d27d45ce7416bf46d410528d273d9f332586c07092
resnet,clean_only,101,bandpass_n20002_cRA_LA_V1_V6_electrode_s5,phase2/results/predictions/full/clean_only/resnet/seed_101/bandpass_n20002_cRA_LA_V1_V6_electrode_s5.npz,75946,1315f4a9174580d791bf0ac1e8703d83fe77c8b9366bd4682d0cc4ddad15eb54
resnet,clean_only,101,bandpass_n20002_cRA_LA_V1_V6_electrode_s0,phase2/results/predictions/full/clean_only/resnet/seed_101/bandpass_n20002_cRA_LA_V1_V6_electrode_s0.npz,75310,99a20a33ce86b955cdfc2daf0ecec67e41a2437f9c7d841ddf493837d6ccc87e
resnet,clean_only,101,bandpass_n20002_cRA_LA_V1_V6_covariance_s20,phase2/results/predictions/full/clean_only/resnet/seed_101/bandpass_n20002_cRA_LA_V1_V6_covariance_s20.npz,76449,375cea8a35247b7128f040a1504782cb00702bc0214b5a88155f0558376a072f
resnet,clean_only,101,bandpass_n20002_cRA_LA_V1_V6_covariance_s15,phase2/results/predictions/full/clean_only/resnet/seed_101/bandpass_n20002_cRA_LA_V1_V6_covariance_s15.npz,76414,575f2155c309b3eb9c87c768162d8b667cb05e957dc1245074ec899194e34d2a
resnet,clean_only,101,bandpass_n20002_cRA_LA_V1_V6_covariance_s10,phase2/results/predictions/full/clean_only/resnet/seed_101/bandpass_n20002_cRA_LA_V1_V6_covariance_s10.npz,76209,65efc30f2f99d116f37bcab4f584acbeb51dcc2b768e9cda87e0aca1dab1ae14
resnet,clean_only,101,bandpass_n20002_cRA_LA_V1_V6_covariance_s5,phase2/results/predictions/full/clean_only/resnet/seed_101/bandpass_n20002_cRA_LA_V1_V6_covariance_s5.npz,75906,7dde9d867168a03930019010c1f03541e13c5adbd326a699f9b4b235fa6a8020
resnet,clean_only,101,bandpass_n20002_cRA_LA_V1_V6_covariance_s0,phase2/results/predictions/full/clean_only/resnet/seed_101/bandpass_n20002_cRA_LA_V1_V6_covariance_s0.npz,75312,8368e13c64dffc95ed71072d4adf3b2305670c94f48916b5832af8af804d6bbe
resnet,clean_only,101,bandpass_n20002_cRA_V2_V5_independent_rms_s20,phase2/results/predictions/full/clean_only/resnet/seed_101/bandpass_n20002_cRA_V2_V5_independent_rms_s20.npz,76451,ac891b541fab5af03f00dfa3cf428e1965a7b2f4d0bcf02a384400601f03232a
resnet,clean_only,101,bandpass_n20002_cRA_V2_V5_independent_rms_s15,phase2/results/predictions/full/clean_only/resnet/seed_101/bandpass_n20002_cRA_V2_V5_independent_rms_s15.npz,76415,d224ae7373f0b51c4d4dffede05f74d82f92e840f22e814533037336b808cc45
resnet,clean_only,101,bandpass_n20002_cRA_V2_V5_independent_rms_s10,phase2/results/predictions/full/clean_only/resnet/seed_101/bandpass_n20002_cRA_V2_V5_independent_rms_s10.npz,76269,cf2a0d4454e6189685f959903714aab6f5dd37e1d9ee1c5407972ffd6867e107
resnet,clean_only,101,bandpass_n20002_cRA_V2_V5_independent_rms_s5,phase2/results/predictions/full/clean_only/resnet/seed_101/bandpass_n20002_cRA_V2_V5_independent_rms_s5.npz,76057,7097aaa2e5e708d095b6a2573a5b114780e5cc26d2e81e3e03d19699ff49a38a
resnet,clean_only,101,bandpass_n20002_cRA_V2_V5_independent_rms_s0,phase2/results/predictions/full/clean_only/resnet/seed_101/bandpass_n20002_cRA_V2_V5_independent_rms_s0.npz,75449,dc3eeba5e5e6359be3df738d1fa1f5c1413a88b48cfa64f59dc4c83f501bb9ee
resnet,clean_only,101,bandpass_n20002_cRA_V2_V5_electrode_s20,phase2/results/predictions/full/clean_only/resnet/seed_101/bandpass_n20002_cRA_V2_V5_electrode_s20.npz,76424,ba63b712eb35c1bd75e6f2e1f078a411095a1ce85b19b1d9a39ed647868e7a72
resnet,clean_only,101,bandpass_n20002_cRA_V2_V5_electrode_s15,phase2/results/predictions/full/clean_only/resnet/seed_101/bandpass_n20002_cRA_V2_V5_electrode_s15.npz,76362,def6a26973a29bc56477bb130417fc0a7f305fb56d9052edd93b8f533cf21ffb
resnet,clean_only,101,bandpass_n20002_cRA_V2_V5_electrode_s10,phase2/results/predictions/full/clean_only/resnet/seed_101/bandpass_n20002_cRA_V2_V5_electrode_s10.npz,76255,43555ef8aa59bc5cd499940adc6c2b86095089efc8313ae09b7a1cc7b4e4bb4f
resnet,clean_only,101,bandpass_n20002_cRA_V2_V5_electrode_s5,phase2/results/predictions/full/clean_only/resnet/seed_101/bandpass_n20002_cRA_V2_V5_electrode_s5.npz,75902,134edf3123e23b04b3135187bff3cb3dbe9b498be6ba75eee820b047243d95ae
resnet,clean_only,101,bandpass_n20002_cRA_V2_V5_electrode_s0,phase2/results/predictions/full/clean_only/resnet/seed_101/bandpass_n20002_cRA_V2_V5_electrode_s0.npz,75295,9e1f6011e3bf0a979566ccbc67ae5c185ee2525f419f36fd20bd8b8c2450c8ce
resnet,clean_only,101,bandpass_n20002_cRA_V2_V5_covariance_s20,phase2/results/predictions/full/clean_only/resnet/seed_101/bandpass_n20002_cRA_V2_V5_covariance_s20.npz,76417,58254af1ebe0c06f0af98804c28df5b718f947e2ddeed62fb468eb485d083a67
resnet,clean_only,101,bandpass_n20002_cRA_V2_V5_covariance_s15,phase2/results/predictions/full/clean_only/resnet/seed_101/bandpass_n20002_cRA_V2_V5_covariance_s15.npz,76371,61d0c21a12f40ae5178ec880146b7d99bc08ceb31aa4167f93f6701e2d15cc5a
resnet,clean_only,101,bandpass_n20002_cRA_V2_V5_covariance_s10,phase2/results/predictions/full/clean_only/resnet/seed_101/bandpass_n20002_cRA_V2_V5_covariance_s10.npz,76201,6fd8a708982ed464688042a4c78e7569c274024fdce6ec72bd76258acf0763c0
resnet,clean_only,101,bandpass_n20002_cRA_V2_V5_covariance_s5,phase2/results/predictions/full/clean_only/resnet/seed_101/bandpass_n20002_cRA_V2_V5_covariance_s5.npz,75917,6c292d47c654ef70a63448ba19ceb8aa5e77c6edc9530eb484cdd8cddd00d923
resnet,clean_only,101,bandpass_n20002_cRA_V2_V5_covariance_s0,phase2/results/predictions/full/clean_only/resnet/seed_101/bandpass_n20002_cRA_V2_V5_covariance_s0.npz,75366,81a70a72072076e841cd33f43180061a857a481a7470db1821f084d60cf1ce7f
resnet,clean_only,101,bandpass_n20002_cLA_V3_V6_independent_rms_s20,phase2/results/predictions/full/clean_only/resnet/seed_101/bandpass_n20002_cLA_V3_V6_independent_rms_s20.npz,76432,5f9b752f9d2190f0725f1c602534d60f3cd15b7ce8a075d2bef904af252f86d4
resnet,clean_only,101,bandpass_n20002_cLA_V3_V6_independent_rms_s15,phase2/results/predictions/full/clean_only/resnet/seed_101/bandpass_n20002_cLA_V3_V6_independent_rms_s15.npz,76453,74d87c6d150bdeef9bb42add0d9781e5e772d46e4e33ff36d90ecc53b2627908
resnet,clean_only,101,bandpass_n20002_cLA_V3_V6_independent_rms_s10,phase2/results/predictions/full/clean_only/resnet/seed_101/bandpass_n20002_cLA_V3_V6_independent_rms_s10.npz,76276,70e99aff392b3ecf892b1e161f1b0e157f20b65e3a6568e254f1b032731d9d25
resnet,clean_only,101,bandpass_n20002_cLA_V3_V6_independent_rms_s5,phase2/results/predictions/full/clean_only/resnet/seed_101/bandpass_n20002_cLA_V3_V6_independent_rms_s5.npz,76060,8829ed5c474ef71f60773332e37753f4a42f1c3ff092801b18f027529ad0ed70
resnet,clean_only,101,bandpass_n20002_cLA_V3_V6_independent_rms_s0,phase2/results/predictions/full/clean_only/resnet/seed_101/bandpass_n20002_cLA_V3_V6_independent_rms_s0.npz,75447,a615b8278d2a75eeaae1ae5460644d3c40edc38378cce764f499e232d2b3b6cd
resnet,clean_only,101,bandpass_n20002_cLA_V3_V6_electrode_s20,phase2/results/predictions/full/clean_only/resnet/seed_101/bandpass_n20002_cLA_V3_V6_electrode_s20.npz,76426,8b3701e41e227599562e263ede50c22a517ceee915071c79b38286df73a23305
resnet,clean_only,101,bandpass_n20002_cLA_V3_V6_electrode_s15,phase2/results/predictions/full/clean_only/resnet/seed_101/bandpass_n20002_cLA_V3_V6_electrode_s15.npz,76371,17db5fef82e73c2a6296210b0c3a85e7e96e1c29c7c778cd87f203958eb1bc49
resnet,clean_only,101,bandpass_n20002_cLA_V3_V6_electrode_s10,phase2/results/predictions/full/clean_only/resnet/seed_101/bandpass_n20002_cLA_V3_V6_electrode_s10.npz,76245,5f10e8720d097374f40422ba88c85b39849557830780c840f7a2f315edb61b8a
resnet,clean_only,101,bandpass_n20002_cLA_V3_V6_electrode_s5,phase2/results/predictions/full/clean_only/resnet/seed_101/bandpass_n20002_cLA_V3_V6_electrode_s5.npz,75942,aae52c75ee78fbbe5c74524efa7305d51e1adda05bdd984042d70f6c5709c774
resnet,clean_only,101,bandpass_n20002_cLA_V3_V6_electrode_s0,phase2/results/predictions/full/clean_only/resnet/seed_101/bandpass_n20002_cLA_V3_V6_electrode_s0.npz,75397,2c5355f96c32aa65a25c24db93994ba661adc1507f574348fcf1188d809fb2a9
resnet,clean_only,101,bandpass_n20002_cLA_V3_V6_covariance_s20,phase2/results/predictions/full/clean_only/resnet/seed_101/bandpass_n20002_cLA_V3_V6_covariance_s20.npz,76419,3121e2d29d90b9e811f8ecab65832a4853a20c90b24b991e6963150144645ca3
resnet,clean_only,101,bandpass_n20002_cLA_V3_V6_covariance_s15,phase2/results/predictions/full/clean_only/resnet/seed_101/bandpass_n20002_cLA_V3_V6_covariance_s15.npz,76375,fdd2aed13b8251b3b1681c8c2af87222299d2dde4979209320fa01a48eddc6cd
resnet,clean_only,101,bandpass_n20002_cLA_V3_V6_covariance_s10,phase2/results/predictions/full/clean_only/resnet/seed_101/bandpass_n20002_cLA_V3_V6_covariance_s10.npz,76230,c5852a30984ad054f6659278e77fed4cf143cc20c0204cb39176032cae4985c7
resnet,clean_only,101,bandpass_n20002_cLA_V3_V6_covariance_s5,phase2/results/predictions/full/clean_only/resnet/seed_101/bandpass_n20002_cLA_V3_V6_covariance_s5.npz,75937,76dc71c1de65b03d5a00f03124179f751233c59dbca1c5fe1797f13ba6ff51a4
resnet,clean_only,101,bandpass_n20002_cLA_V3_V6_covariance_s0,phase2/results/predictions/full/clean_only/resnet/seed_101/bandpass_n20002_cLA_V3_V6_covariance_s0.npz,75398,c44cdffc2aa18725119e802469ba5edc64fd0f9a72e329f1dd852892eb5e1e31
resnet,clean_only,101,bandpass_n20002_cLL_V1_V4_independent_rms_s20,phase2/results/predictions/full/clean_only/resnet/seed_101/bandpass_n20002_cLL_V1_V4_independent_rms_s20.npz,76456,643108d1f63342c50b64aa2dabc521818d1610cf6fc8528c6f0a3350dbf2b129
resnet,clean_only,101,bandpass_n20002_cLL_V1_V4_independent_rms_s15,phase2/results/predictions/full/clean_only/resnet/seed_101/bandpass_n20002_cLL_V1_V4_independent_rms_s15.npz,76419,b1319e0288ad11d6c1abffd53ce2e7b66aa575354dbcf0248ee238c4206c253f
resnet,clean_only,101,bandpass_n20002_cLL_V1_V4_independent_rms_s10,phase2/results/predictions/full/clean_only/resnet/seed_101/bandpass_n20002_cLL_V1_V4_independent_rms_s10.npz,76295,9693365bf35affd6f64f1eb69d7b9985d5a7cfc9c048c507941562cc6555d550
resnet,clean_only,101,bandpass_n20002_cLL_V1_V4_independent_rms_s5,phase2/results/predictions/full/clean_only/resnet/seed_101/bandpass_n20002_cLL_V1_V4_independent_rms_s5.npz,76024,53acb6acf27a4c117345ceaf3944b066b4f0fa0d6d289f084aab2a54c48c9858
resnet,clean_only,101,bandpass_n20002_cLL_V1_V4_independent_rms_s0,phase2/results/predictions/full/clean_only/resnet/seed_101/bandpass_n20002_cLL_V1_V4_independent_rms_s0.npz,75408,33f27be0c52b955ab750619f93eb5c82fdd4a377eb1f321c1c09bd8fe86fab39
resnet,clean_only,101,bandpass_n20002_cLL_V1_V4_electrode_s20,phase2/results/predictions/full/clean_only/resnet/seed_101/bandpass_n20002_cLL_V1_V4_electrode_s20.npz,76414,6029cfefd5ec1ea323aab5f3cb72fd5739043343491266906b8bc440152de451
resnet,clean_only,101,bandpass_n20002_cLL_V1_V4_electrode_s15,phase2/results/predictions/full/clean_only/resnet/seed_101/bandpass_n20002_cLL_V1_V4_electrode_s15.npz,76349,097c1d06fd1b02c06ddca1a8fe20d1db1fbf606efc4c09353f76b525a9d984b3
resnet,clean_only,101,bandpass_n20002_cLL_V1_V4_electrode_s10,phase2/results/predictions/full/clean_only/resnet/seed_101/bandpass_n20002_cLL_V1_V4_electrode_s10.npz,76201,8cca82dc812daf5a3d2f87d640b96a250406432dfbc4f2b1780a0385b8f3948a
resnet,clean_only,101,bandpass_n20002_cLL_V1_V4_electrode_s5,phase2/results/predictions/full/clean_only/resnet/seed_101/bandpass_n20002_cLL_V1_V4_electrode_s5.npz,75836,0139f9decd1e2b162c6809566de579e24e91b4f7c6ad69555ffa7af8a848b6e3
resnet,clean_only,101,bandpass_n20002_cLL_V1_V4_electrode_s0,phase2/results/predictions/full/clean_only/resnet/seed_101/bandpass_n20002_cLL_V1_V4_electrode_s0.npz,75383,3d86865dcb1f5d060b52a91f15e098b347ab76576d1f3ca69e6a381cc54c5381
resnet,clean_only,101,bandpass_n20002_cLL_V1_V4_covariance_s20,phase2/results/predictions/full/clean_only/resnet/seed_101/bandpass_n20002_cLL_V1_V4_covariance_s20.npz,76471,0136966e37425e8e09556d7bd12fa8ccca01a6b9e5a77bba0287272414e2db26
resnet,clean_only,101,bandpass_n20002_cLL_V1_V4_covariance_s15,phase2/results/predictions/full/clean_only/resnet/seed_101/bandpass_n20002_cLL_V1_V4_covariance_s15.npz,76354,dd0d7a011f3cf7e8c52dee85da6456353570d85d0f0f9999b22c737f8915fede
resnet,clean_only,101,bandpass_n20002_cLL_V1_V4_covariance_s10,phase2/results/predictions/full/clean_only/resnet/seed_101/bandpass_n20002_cLL_V1_V4_covariance_s10.npz,76211,7c4f6a89eea64873ab324ac8687fce537d5c53a986fb6d60106bcb3c0da19f57
resnet,clean_only,101,bandpass_n20002_cLL_V1_V4_covariance_s5,phase2/results/predictions/full/clean_only/resnet/seed_101/bandpass_n20002_cLL_V1_V4_covariance_s5.npz,75839,1d1bec8af5487e092aca77e2990f7f7bab26fa7a581f6b634666d60bd117f0d7
resnet,clean_only,101,bandpass_n20002_cLL_V1_V4_covariance_s0,phase2/results/predictions/full/clean_only/resnet/seed_101/bandpass_n20002_cLL_V1_V4_covariance_s0.npz,75367,44eaf0eff03221da3b6d077e22fb0636792a507d578148c21e7eef97eec5f122
resnet,clean_only,101,bandpass_n20002_call_independent_rms_s20,phase2/results/predictions/full/clean_only/resnet/seed_101/bandpass_n20002_call_independent_rms_s20.npz,76410,e062f10f770b262d4416acdc1fba2c1660e1f132a70b4e0965f85b20f2fd5222
resnet,clean_only,101,bandpass_n20002_call_independent_rms_s15,phase2/results/predictions/full/clean_only/resnet/seed_101/bandpass_n20002_call_independent_rms_s15.npz,76407,45759442b64dc6be7c5ca4982df2d351dffae2277d3ca24ea603523f2113f69e
resnet,clean_only,101,bandpass_n20002_call_independent_rms_s10,phase2/results/predictions/full/clean_only/resnet/seed_101/bandpass_n20002_call_independent_rms_s10.npz,76285,225825f614127941bab987d60d8a7a8d8307c1d59e3e87b0f09e2074569cc193
resnet,clean_only,101,bandpass_n20002_call_independent_rms_s5,phase2/results/predictions/full/clean_only/resnet/seed_101/bandpass_n20002_call_independent_rms_s5.npz,75989,b0a15ba8adca8517d8324157905efa0dfba9275739da2645231ff3322bf40fc3
resnet,clean_only,101,bandpass_n20002_call_independent_rms_s0,phase2/results/predictions/full/clean_only/resnet/seed_101/bandpass_n20002_call_independent_rms_s0.npz,75372,293dc79bfe9ea619aa4666b1a7a09f98e49cf4b782576e6cfe56c13ae6523d29
resnet,clean_only,101,bandpass_n20002_call_electrode_s20,phase2/results/predictions/full/clean_only/resnet/seed_101/bandpass_n20002_call_electrode_s20.npz,76402,fb7a9f474a21203eafb6c1b386d6bebfa40118742da9565d2b5e119f5bb1cde4
resnet,clean_only,101,bandpass_n20002_call_electrode_s15,phase2/results/predictions/full/clean_only/resnet/seed_101/bandpass_n20002_call_electrode_s15.npz,76346,6c2a83a52455931282165a05444991919ad343422eb05bcff573d74da9763c81
resnet,clean_only,101,bandpass_n20002_call_electrode_s10,phase2/results/predictions/full/clean_only/resnet/seed_101/bandpass_n20002_call_electrode_s10.npz,76179,66afbc5e88016c2cc03804438c8207f9d079ab78b17ef783687a6c9e4b7de3df
resnet,clean_only,101,bandpass_n20002_call_electrode_s5,phase2/results/predictions/full/clean_only/resnet/seed_101/bandpass_n20002_call_electrode_s5.npz,75855,fccb5287a74f86cd098cea064f8c20de41034475eb778f360e23d80a65df02c9
resnet,clean_only,101,bandpass_n20002_call_electrode_s0,phase2/results/predictions/full/clean_only/resnet/seed_101/bandpass_n20002_call_electrode_s0.npz,75243,c1c40004e4edbcc5192496418c6afd2de73800230faaad10ed982425dca9e8c1
resnet,clean_only,101,bandpass_n20002_call_covariance_s20,phase2/results/predictions/full/clean_only/resnet/seed_101/bandpass_n20002_call_covariance_s20.npz,76423,368f1cf58b3884cff2aef49c727e91d12143528fe9c7022dff976d40c9a57fca
resnet,clean_only,101,bandpass_n20002_call_covariance_s15,phase2/results/predictions/full/clean_only/resnet/seed_101/bandpass_n20002_call_covariance_s15.npz,76354,764a5f3af0ce7be6e83c039289e240b8bb1123569e34c0c659807405e830a2a1
resnet,clean_only,101,bandpass_n20002_call_covariance_s10,phase2/results/predictions/full/clean_only/resnet/seed_101/bandpass_n20002_call_covariance_s10.npz,76187,c399db4d5954d7da946c955a0520d08ef31ae7b44136fe32bdbc3e9f8a352d60
resnet,clean_only,101,bandpass_n20002_call_covariance_s5,phase2/results/predictions/full/clean_only/resnet/seed_101/bandpass_n20002_call_covariance_s5.npz,75846,7504633ec11a44a97fbe5334c15fb534f07fedb5a5e4b506f72bc37f06b07b17
resnet,clean_only,101,bandpass_n20002_call_covariance_s0,phase2/results/predictions/full/clean_only/resnet/seed_101/bandpass_n20002_call_covariance_s0.npz,75233,b752c880b8c8477fc5d77dfb1f02d86a888084d22470d5a870516cc6d447d364
resnet,clean_only,101,bandpass_n20003_cRA_LA_LL_independent_rms_s20,phase2/results/predictions/full/clean_only/resnet/seed_101/bandpass_n20003_cRA_LA_LL_independent_rms_s20.npz,76434,639443c527e07ccb75d4837bffaabbb30f75ba586453f8389276ba117cab1dd1
resnet,clean_only,101,bandpass_n20003_cRA_LA_LL_independent_rms_s15,phase2/results/predictions/full/clean_only/resnet/seed_101/bandpass_n20003_cRA_LA_LL_independent_rms_s15.npz,76401,a39536a9f5d0169fe8df7b5391ffc8da0241aab310b9b65f7eabeb3af69c7410
resnet,clean_only,101,bandpass_n20003_cRA_LA_LL_independent_rms_s10,phase2/results/predictions/full/clean_only/resnet/seed_101/bandpass_n20003_cRA_LA_LL_independent_rms_s10.npz,76256,f5732445b49ece155d454effed30e03a2f01fbc0810d9d9deb05b1917e8aa8cf
resnet,clean_only,101,bandpass_n20003_cRA_LA_LL_independent_rms_s5,phase2/results/predictions/full/clean_only/resnet/seed_101/bandpass_n20003_cRA_LA_LL_independent_rms_s5.npz,76031,2c71e059953c15775f2e48f8d74af561935abef49e94ef7a2b69ebfdb2613467
resnet,clean_only,101,bandpass_n20003_cRA_LA_LL_independent_rms_s0,phase2/results/predictions/full/clean_only/resnet/seed_101/bandpass_n20003_cRA_LA_LL_independent_rms_s0.npz,75376,a02285a55618c983f945da8ad6431d746be15c4bc21be49b77c8801235994c65
resnet,clean_only,101,bandpass_n20003_cRA_LA_LL_electrode_s20,phase2/results/predictions/full/clean_only/resnet/seed_101/bandpass_n20003_cRA_LA_LL_electrode_s20.npz,76423,8cfdf92fead4ce8182cb0bee83280b4436b67622f4a73a63169427d53175d15a
resnet,clean_only,101,bandpass_n20003_cRA_LA_LL_electrode_s15,phase2/results/predictions/full/clean_only/resnet/seed_101/bandpass_n20003_cRA_LA_LL_electrode_s15.npz,76341,451a9a258559f166e31f66b2eaabe7ee252687bc278846ab5c3c4f2949848110
resnet,clean_only,101,bandpass_n20003_cRA_LA_LL_electrode_s10,phase2/results/predictions/full/clean_only/resnet/seed_101/bandpass_n20003_cRA_LA_LL_electrode_s10.npz,76201,5236991ba8c6f1f88b955a981831e74854de8c7aa4ad0759befa7ee25e59c077
resnet,clean_only,101,bandpass_n20003_cRA_LA_LL_electrode_s5,phase2/results/predictions/full/clean_only/resnet/seed_101/bandpass_n20003_cRA_LA_LL_electrode_s5.npz,75825,9a63b8a3e699aff187964b3d9b5fd5cfb4fadbecde90cdc8a9de7d733470838b
resnet,clean_only,101,bandpass_n20003_cRA_LA_LL_electrode_s0,phase2/results/predictions/full/clean_only/resnet/seed_101/bandpass_n20003_cRA_LA_LL_electrode_s0.npz,75247,39dd63770a7c6e5732e05a45ce465bef8d4ba982e7d24f841d11fa0bc7732378
resnet,clean_only,101,bandpass_n20003_cRA_LA_LL_covariance_s20,phase2/results/predictions/full/clean_only/resnet/seed_101/bandpass_n20003_cRA_LA_LL_covariance_s20.npz,76418,095eb8e89a437c03395f9c3450cec4d054211b7662576c8d3bb18ad740d6770d
resnet,clean_only,101,bandpass_n20003_cRA_LA_LL_covariance_s15,phase2/results/predictions/full/clean_only/resnet/seed_101/bandpass_n20003_cRA_LA_LL_covariance_s15.npz,76342,759c0737776dccbf077c741a3042a1c5957575a9b4bca75c214db29f10322c5a
resnet,clean_only,101,bandpass_n20003_cRA_LA_LL_covariance_s10,phase2/results/predictions/full/clean_only/resnet/seed_101/bandpass_n20003_cRA_LA_LL_covariance_s10.npz,76177,9508ff8f5de4feda44a968ca0c0d66df71f31bb7319b7573cdda3cbd6db69988
resnet,clean_only,101,bandpass_n20003_cRA_LA_LL_covariance_s5,phase2/results/predictions/full/clean_only/resnet/seed_101/bandpass_n20003_cRA_LA_LL_covariance_s5.npz,75814,fae9633384bcad8f0823ca736feca1a81df2c8e8560434ef320790a4104d3dce
resnet,clean_only,101,bandpass_n20003_cRA_LA_LL_covariance_s0,phase2/results/predictions/full/clean_only/resnet/seed_101/bandpass_n20003_cRA_LA_LL_covariance_s0.npz,75257,3ab497b0be2c706ccbafd9c18a60725569710e81a2bef92f22ce2c899dc86a15
resnet,clean_only,101,bandpass_n20003_cV1_independent_rms_s20,phase2/results/predictions/full/clean_only/resnet/seed_101/bandpass_n20003_cV1_independent_rms_s20.npz,76425,c98877e2eef4b48fca5f21522e5724a1c6bb829077f2f781faf6be8f9cfb299a
resnet,clean_only,101,bandpass_n20003_cV1_independent_rms_s15,phase2/results/predictions/full/clean_only/resnet/seed_101/bandpass_n20003_cV1_independent_rms_s15.npz,76368,955dd9d18657b392dc7c887639399070b36d1720edc317656f18c0b5b6efc886
resnet,clean_only,101,bandpass_n20003_cV1_independent_rms_s10,phase2/results/predictions/full/clean_only/resnet/seed_101/bandpass_n20003_cV1_independent_rms_s10.npz,76222,b6d2bafcb7fc1d20510fc386c1f3ace1db42429c0dd90d1237b959f3fd996be3
resnet,clean_only,101,bandpass_n20003_cV1_independent_rms_s5,phase2/results/predictions/full/clean_only/resnet/seed_101/bandpass_n20003_cV1_independent_rms_s5.npz,75905,d5c685398ec0d747b2819b6b5ff044feb846726c25e403e14a51473f43901447
resnet,clean_only,101,bandpass_n20003_cV1_independent_rms_s0,phase2/results/predictions/full/clean_only/resnet/seed_101/bandpass_n20003_cV1_independent_rms_s0.npz,75305,25143576f2105ac93de87e9c455288b1f3c090e658a0da93d28fe1f60858fb8f
resnet,clean_only,101,bandpass_n20003_cV1_electrode_s20,phase2/results/predictions/full/clean_only/resnet/seed_101/bandpass_n20003_cV1_electrode_s20.npz,76422,a693cda2ced6fede21dcb638a775ec4ebdb19545a0f384343b6ad55599eb5897
resnet,clean_only,101,bandpass_n20003_cV1_electrode_s15,phase2/results/predictions/full/clean_only/resnet/seed_101/bandpass_n20003_cV1_electrode_s15.npz,76375,4e53b690a1db26db5e20a7ffd3ec8493dfcbe5fa0f9fc0f3ad273806e8e83f1b
resnet,clean_only,101,bandpass_n20003_cV1_electrode_s10,phase2/results/predictions/full/clean_only/resnet/seed_101/bandpass_n20003_cV1_electrode_s10.npz,76190,a0d4c209e24d1e74047cea9116adaf6696c63b68b9f38014a5c33e3fa8563f32
resnet,clean_only,101,bandpass_n20003_cV1_electrode_s5,phase2/results/predictions/full/clean_only/resnet/seed_101/bandpass_n20003_cV1_electrode_s5.npz,75909,1f47018757ade17dd31d6cd55c954802a60ca7c9352181ce237e13d927fee4bf
resnet,clean_only,101,bandpass_n20003_cV1_electrode_s0,phase2/results/predictions/full/clean_only/resnet/seed_101/bandpass_n20003_cV1_electrode_s0.npz,75308,09a08cdeabfccd9ac6510d17dc466c5250278f9da99ad57f952be962286c8656
resnet,clean_only,101,bandpass_n20003_cV1_covariance_s20,phase2/results/predictions/full/clean_only/resnet/seed_101/bandpass_n20003_cV1_covariance_s20.npz,76435,cf8b9f369ade9e34390384e8ea7e9f4f80f4667da091877fc3e2c4dbdde128ff
resnet,clean_only,101,bandpass_n20003_cV1_covariance_s15,phase2/results/predictions/full/clean_only/resnet/seed_101/bandpass_n20003_cV1_covariance_s15.npz,76388,19b0997a062ceba5ec4bcaaa8f22c4ce193badd29e9bf62a24a98a87de0a23ba
resnet,clean_only,101,bandpass_n20003_cV1_covariance_s10,phase2/results/predictions/full/clean_only/resnet/seed_101/bandpass_n20003_cV1_covariance_s10.npz,76212,65cd32fa23887e4ba3543b3dcc9328d7780293cdd92251f74a2bc9853772e255
resnet,clean_only,101,bandpass_n20003_cV1_covariance_s5,phase2/results/predictions/full/clean_only/resnet/seed_101/bandpass_n20003_cV1_covariance_s5.npz,75933,e6bebe65f01e6bf766336f256d59ada33d919cd1b5c7aaaee71555bd78bbe5db
resnet,clean_only,101,bandpass_n20003_cV1_covariance_s0,phase2/results/predictions/full/clean_only/resnet/seed_101/bandpass_n20003_cV1_covariance_s0.npz,75292,81d93dc4ef704112b73aa9a55e81a805e0f727d773c168484ffee742e96395a1
resnet,clean_only,101,bandpass_n20003_cV2_independent_rms_s20,phase2/results/predictions/full/clean_only/resnet/seed_101/bandpass_n20003_cV2_independent_rms_s20.npz,76438,90741ec0dc098558e677294f0de99500ae21798f41739cc4c3821dfb9d6c779c
resnet,clean_only,101,bandpass_n20003_cV2_independent_rms_s15,phase2/results/predictions/full/clean_only/resnet/seed_101/bandpass_n20003_cV2_independent_rms_s15.npz,76419,e08ec29610b700702c7ded0eb0c9cb6aa379cc282687974d1fd4f10efde6b43f
resnet,clean_only,101,bandpass_n20003_cV2_independent_rms_s10,phase2/results/predictions/full/clean_only/resnet/seed_101/bandpass_n20003_cV2_independent_rms_s10.npz,76307,384adf22a95f405043ac3670d4f43809d2d601b7395258f1587c7057933858ff
resnet,clean_only,101,bandpass_n20003_cV2_independent_rms_s5,phase2/results/predictions/full/clean_only/resnet/seed_101/bandpass_n20003_cV2_independent_rms_s5.npz,76000,ece582da78441ccfda73f8fb5a5714a0e79ce51d60f8d196119fbdecb930a59e
resnet,clean_only,101,bandpass_n20003_cV2_independent_rms_s0,phase2/results/predictions/full/clean_only/resnet/seed_101/bandpass_n20003_cV2_independent_rms_s0.npz,75414,ded7e2480edde3a66cf0ba4cf4eef1aa1163a12d78e8bbb99a3906d0a1d79e4c
resnet,clean_only,101,bandpass_n20003_cV2_electrode_s20,phase2/results/predictions/full/clean_only/resnet/seed_101/bandpass_n20003_cV2_electrode_s20.npz,76417,0735ac9f13b06869de00ab4dcb991f6c1c07a836adb359019214522e2b9a9285
resnet,clean_only,101,bandpass_n20003_cV2_electrode_s15,phase2/results/predictions/full/clean_only/resnet/seed_101/bandpass_n20003_cV2_electrode_s15.npz,76352,d9a76c063b2b6517e792128d67df234b18a7eb9a0756f04892aee7cd16eb56a4
resnet,clean_only,101,bandpass_n20003_cV2_electrode_s10,phase2/results/predictions/full/clean_only/resnet/seed_101/bandpass_n20003_cV2_electrode_s10.npz,76241,bb09c252ef187c2715c0f115825b82ee6a90fcff0bdeb54e73c921c77ee56b89
resnet,clean_only,101,bandpass_n20003_cV2_electrode_s5,phase2/results/predictions/full/clean_only/resnet/seed_101/bandpass_n20003_cV2_electrode_s5.npz,75989,4619ebf8b48eb7cefc0be70bce5eae687fce67cfb68fd5c9fa14a48ac368842b
resnet,clean_only,101,bandpass_n20003_cV2_electrode_s0,phase2/results/predictions/full/clean_only/resnet/seed_101/bandpass_n20003_cV2_electrode_s0.npz,75404,eb74652537d3cd451716b187fd16e410950dfa5e873b3f87d515cde3dfa9802e
resnet,clean_only,101,bandpass_n20003_cV2_covariance_s20,phase2/results/predictions/full/clean_only/resnet/seed_101/bandpass_n20003_cV2_covariance_s20.npz,76424,ad3fe75c507dba94b6d418ec5b6aaeb1c6372623bbebaeb481ee34cb10998abc
resnet,clean_only,101,bandpass_n20003_cV2_covariance_s15,phase2/results/predictions/full/clean_only/resnet/seed_101/bandpass_n20003_cV2_covariance_s15.npz,76364,1df69656861b2ef4856d20939b95aa0179b2c0d52bce98d4fbe717413900cc7b
resnet,clean_only,101,bandpass_n20003_cV2_covariance_s10,phase2/results/predictions/full/clean_only/resnet/seed_101/bandpass_n20003_cV2_covariance_s10.npz,76229,5facfd1b076652a4e4fde0beb93855969d5944ff0557bc9608c4ad4287e4a22d
resnet,clean_only,101,bandpass_n20003_cV2_covariance_s5,phase2/results/predictions/full/clean_only/resnet/seed_101/bandpass_n20003_cV2_covariance_s5.npz,75976,11a4ee93eb215da9cfa945f56f95f7be0084e31aa4f2bc90e6feab45d19a670c
resnet,clean_only,101,bandpass_n20003_cV2_covariance_s0,phase2/results/predictions/full/clean_only/resnet/seed_101/bandpass_n20003_cV2_covariance_s0.npz,75412,13421858fe3373f3ff4245380d3d440fbc1fd0f00d32542a132806c73d662f38
resnet,clean_only,101,bandpass_n20003_cV3_independent_rms_s20,phase2/results/predictions/full/clean_only/resnet/seed_101/bandpass_n20003_cV3_independent_rms_s20.npz,76411,cbc392db6fb5ff604732d05d972b46b4d79b5d93bbf5444dc13e56e8e5009641
resnet,clean_only,101,bandpass_n20003_cV3_independent_rms_s15,phase2/results/predictions/full/clean_only/resnet/seed_101/bandpass_n20003_cV3_independent_rms_s15.npz,76409,8fd88c9a9061d024ea0ba59b7ad91918c8e61e544f225904025f9d81828aaa7c
resnet,clean_only,101,bandpass_n20003_cV3_independent_rms_s10,phase2/results/predictions/full/clean_only/resnet/seed_101/bandpass_n20003_cV3_independent_rms_s10.npz,76276,9b8168ea00e817ae8e5127b508fd4723d0e65b1644e12c3757109b82790e7131
resnet,clean_only,101,bandpass_n20003_cV3_independent_rms_s5,phase2/results/predictions/full/clean_only/resnet/seed_101/bandpass_n20003_cV3_independent_rms_s5.npz,76063,ac776f4e73ad249bfeacf5a10afae28f6fa90197c014aab5266aad9efdad4fa4
resnet,clean_only,101,bandpass_n20003_cV3_independent_rms_s0,phase2/results/predictions/full/clean_only/resnet/seed_101/bandpass_n20003_cV3_independent_rms_s0.npz,75514,f1566cb0318a6fec53d4b8816eef0e52409e3bdac4f9886f2ffb620ec3b9b528
resnet,clean_only,101,bandpass_n20003_cV3_electrode_s20,phase2/results/predictions/full/clean_only/resnet/seed_101/bandpass_n20003_cV3_electrode_s20.npz,76433,6daef0f5d5884df450c59bb0ccb9c5e0d54195d043f34fe31974ba4af1510e60
resnet,clean_only,101,bandpass_n20003_cV3_electrode_s15,phase2/results/predictions/full/clean_only/resnet/seed_101/bandpass_n20003_cV3_electrode_s15.npz,76398,a187b3180d96451604226a2d9ccca5f465637c9de129775ea00cf60dfb026da4
resnet,clean_only,101,bandpass_n20003_cV3_electrode_s10,phase2/results/predictions/full/clean_only/resnet/seed_101/bandpass_n20003_cV3_electrode_s10.npz,76263,d40822ca16d70e16f19aba3e2665b969c8054933b0f3d947e24e3894f94d1bd9
resnet,clean_only,101,bandpass_n20003_cV3_electrode_s5,phase2/results/predictions/full/clean_only/resnet/seed_101/bandpass_n20003_cV3_electrode_s5.npz,76028,7c392736a9fcb08cb9662c7a8711efc80dd1a71521d6c4dc348013bb57e15384
resnet,clean_only,101,bandpass_n20003_cV3_electrode_s0,phase2/results/predictions/full/clean_only/resnet/seed_101/bandpass_n20003_cV3_electrode_s0.npz,75515,38492084bc0b86ba8303d6a44e7e324c57ba7fba918ebea1003d8666e2f5e79d
resnet,clean_only,101,bandpass_n20003_cV3_covariance_s20,phase2/results/predictions/full/clean_only/resnet/seed_101/bandpass_n20003_cV3_covariance_s20.npz,76429,805417baa87f21051ff175eac03cf2d990e3be19221ee500f9eb8a8a5e8ee3b4
resnet,clean_only,101,bandpass_n20003_cV3_covariance_s15,phase2/results/predictions/full/clean_only/resnet/seed_101/bandpass_n20003_cV3_covariance_s15.npz,76384,61e2238e2f62bcb22d2e953158cf745b97f8bd9cfff10315a51b7e54e3201fe8
resnet,clean_only,101,bandpass_n20003_cV3_covariance_s10,phase2/results/predictions/full/clean_only/resnet/seed_101/bandpass_n20003_cV3_covariance_s10.npz,76245,7a1b20038c2232ad728f80cc179f379f2a34f7403c0368b3e12a6b581975487f
resnet,clean_only,101,bandpass_n20003_cV3_covariance_s5,phase2/results/predictions/full/clean_only/resnet/seed_101/bandpass_n20003_cV3_covariance_s5.npz,76015,76733a5beb193f828380f9b60089bb2d8cdac481965025d45823cceb8e7953ba
resnet,clean_only,101,bandpass_n20003_cV3_covariance_s0,phase2/results/predictions/full/clean_only/resnet/seed_101/bandpass_n20003_cV3_covariance_s0.npz,75554,b9073bf004bc9920c15cd229bc865a6b4dad054d0144bfc93f8b5ccfd9092430
resnet,clean_only,101,bandpass_n20003_cV4_independent_rms_s20,phase2/results/predictions/full/clean_only/resnet/seed_101/bandpass_n20003_cV4_independent_rms_s20.npz,76445,31a25844f8dc644054d45c85695823f8c62728a62a1264db029cd005897a5217
resnet,clean_only,101,bandpass_n20003_cV4_independent_rms_s15,phase2/results/predictions/full/clean_only/resnet/seed_101/bandpass_n20003_cV4_independent_rms_s15.npz,76414,195aa4b5ea8da80c240e3ddb95ce5e5a565eae9c9afefa833f45139a4e940060
resnet,clean_only,101,bandpass_n20003_cV4_independent_rms_s10,phase2/results/predictions/full/clean_only/resnet/seed_101/bandpass_n20003_cV4_independent_rms_s10.npz,76349,d859a9ffeb9af7168c72e253159a1ddbb8ea5c74e25b8e2a530b548df87a3f13
resnet,clean_only,101,bandpass_n20003_cV4_independent_rms_s5,phase2/results/predictions/full/clean_only/resnet/seed_101/bandpass_n20003_cV4_independent_rms_s5.npz,76159,1c937943da7819c9531f39c6c9b7971c5aa9c815fd67b8ada4dd072d0b00cfdd
resnet,clean_only,101,bandpass_n20003_cV4_independent_rms_s0,phase2/results/predictions/full/clean_only/resnet/seed_101/bandpass_n20003_cV4_independent_rms_s0.npz,75676,7bc57f633e2c6e4140abfa1d9073236704514842f7039ae13aece2aee2f02b94
resnet,clean_only,101,bandpass_n20003_cV4_electrode_s20,phase2/results/predictions/full/clean_only/resnet/seed_101/bandpass_n20003_cV4_electrode_s20.npz,76439,2147da12b02be5625a553671bc32fc90b187f2de44fc5c62bf8b80f9dc2d49c8
resnet,clean_only,101,bandpass_n20003_cV4_electrode_s15,phase2/results/predictions/full/clean_only/resnet/seed_101/bandpass_n20003_cV4_electrode_s15.npz,76416,4db08accdb1ed17a4276f20bedbebc852d4e1db5681bcdc30f4381826ce8e308
resnet,clean_only,101,bandpass_n20003_cV4_electrode_s10,phase2/results/predictions/full/clean_only/resnet/seed_101/bandpass_n20003_cV4_electrode_s10.npz,76332,409a35d31b46142a5dcafc66e453cc0593449f2c2a033e7b98d6714d4b24894c
resnet,clean_only,101,bandpass_n20003_cV4_electrode_s5,phase2/results/predictions/full/clean_only/resnet/seed_101/bandpass_n20003_cV4_electrode_s5.npz,76171,646175cb02e4753d606ff25a9f2863bf6a958799f707d172e06605314510f2fb
resnet,clean_only,101,bandpass_n20003_cV4_electrode_s0,phase2/results/predictions/full/clean_only/resnet/seed_101/bandpass_n20003_cV4_electrode_s0.npz,75749,cf0d9e1144562293eed3d36c308dc2f54b7fa915ca3df70f0b4606feade3738a
resnet,clean_only,101,bandpass_n20003_cV4_covariance_s20,phase2/results/predictions/full/clean_only/resnet/seed_101/bandpass_n20003_cV4_covariance_s20.npz,76430,77020db04b79e78f70091717e395392d830837b8d6b464b9e88bf5f004d4293a
resnet,clean_only,101,bandpass_n20003_cV4_covariance_s15,phase2/results/predictions/full/clean_only/resnet/seed_101/bandpass_n20003_cV4_covariance_s15.npz,76389,5e67d3f7761271d36f431054a808e656def4fb6c73fe569b805033ba8c244686
resnet,clean_only,101,bandpass_n20003_cV4_covariance_s10,phase2/results/predictions/full/clean_only/resnet/seed_101/bandpass_n20003_cV4_covariance_s10.npz,76315,f210d02506c46056f7697a5157b82ed86c93fab3fe4ae2fd797648755a7bdf54
resnet,clean_only,101,bandpass_n20003_cV4_covariance_s5,phase2/results/predictions/full/clean_only/resnet/seed_101/bandpass_n20003_cV4_covariance_s5.npz,76147,71c3df5bbdb1bfded7ffcc75184916ca474b67100b0ee4a27062ae58aab0eeae
resnet,clean_only,101,bandpass_n20003_cV4_covariance_s0,phase2/results/predictions/full/clean_only/resnet/seed_101/bandpass_n20003_cV4_covariance_s0.npz,75740,47bd5ef0e5128176978403ff397b585b867ede050f6897eddb7893bcff84fbe7
resnet,clean_only,101,bandpass_n20003_cV5_independent_rms_s20,phase2/results/predictions/full/clean_only/resnet/seed_101/bandpass_n20003_cV5_independent_rms_s20.npz,76459,5dec5e472f8c87124df222eb83f68e93be2de36cdece0aceb127680b6dee7397
resnet,clean_only,101,bandpass_n20003_cV5_independent_rms_s15,phase2/results/predictions/full/clean_only/resnet/seed_101/bandpass_n20003_cV5_independent_rms_s15.npz,76381,e33afb78e63798b113ae7734106cd4e57d791ceba2e90b147e5ce8b3a11d29f7
resnet,clean_only,101,bandpass_n20003_cV5_independent_rms_s10,phase2/results/predictions/full/clean_only/resnet/seed_101/bandpass_n20003_cV5_independent_rms_s10.npz,76290,3082abe996f57d1bd3eed80d75ecc1faaf7f1d9d7a794dd7071cfafbf7720a79
resnet,clean_only,101,bandpass_n20003_cV5_independent_rms_s5,phase2/results/predictions/full/clean_only/resnet/seed_101/bandpass_n20003_cV5_independent_rms_s5.npz,75986,be170fc891f8f96f4af21320cf4fa8c147d2f8dd754316534e7fa786202e6f38
resnet,clean_only,101,bandpass_n20003_cV5_independent_rms_s0,phase2/results/predictions/full/clean_only/resnet/seed_101/bandpass_n20003_cV5_independent_rms_s0.npz,75263,6f098775196df9e61f4cdf3bdbdc023abc4879ad9527b36b372b153b90c7cdf8
resnet,clean_only,101,bandpass_n20003_cV5_electrode_s20,phase2/results/predictions/full/clean_only/resnet/seed_101/bandpass_n20003_cV5_electrode_s20.npz,76393,5c8313f9da6aa364795f7791c89a16d2b3819927769e5709b6d9671f1b85b1af
resnet,clean_only,101,bandpass_n20003_cV5_electrode_s15,phase2/results/predictions/full/clean_only/resnet/seed_101/bandpass_n20003_cV5_electrode_s15.npz,76405,98879f796eb3615bf065f9dffa3f518cbd71a924cce4822a11d6a465d0a9f884
resnet,clean_only,101,bandpass_n20003_cV5_electrode_s10,phase2/results/predictions/full/clean_only/resnet/seed_101/bandpass_n20003_cV5_electrode_s10.npz,76252,df3a64753d8c5db3f5977265934e8f1f0592960199593d31fb5715c8f5e85f3b
resnet,clean_only,101,bandpass_n20003_cV5_electrode_s5,phase2/results/predictions/full/clean_only/resnet/seed_101/bandpass_n20003_cV5_electrode_s5.npz,75944,f51d6b7a6d59b917442d6de8b459452d376abc9d1ba5ebacc4061ffaafcb1d04
resnet,clean_only,101,bandpass_n20003_cV5_electrode_s0,phase2/results/predictions/full/clean_only/resnet/seed_101/bandpass_n20003_cV5_electrode_s0.npz,75264,ff95a764fb7f4bb4c25431f512ed12c883750376bd0a798f90da2a6cf84b2950
resnet,clean_only,101,bandpass_n20003_cV5_covariance_s20,phase2/results/predictions/full/clean_only/resnet/seed_101/bandpass_n20003_cV5_covariance_s20.npz,76420,0234a07590cf2210b4f35f9513c692769f6a7dd9e779459be69f1b9caaebcd94
resnet,clean_only,101,bandpass_n20003_cV5_covariance_s15,phase2/results/predictions/full/clean_only/resnet/seed_101/bandpass_n20003_cV5_covariance_s15.npz,76400,e00806a70390617f0c6f8bb6a57109180252b32481e5e2046f78cda5d4a28d84
resnet,clean_only,101,bandpass_n20003_cV5_covariance_s10,phase2/results/predictions/full/clean_only/resnet/seed_101/bandpass_n20003_cV5_covariance_s10.npz,76279,04ce038a6b4cd9b496b3646d560431043710cbb6de7776c899bc76f1bee48348
resnet,clean_only,101,bandpass_n20003_cV5_covariance_s5,phase2/results/predictions/full/clean_only/resnet/seed_101/bandpass_n20003_cV5_covariance_s5.npz,75986,286e99eb1dfb7509a5b20e00d3be11bf489e2821129706db8b5042db39cdb181
resnet,clean_only,101,bandpass_n20003_cV5_covariance_s0,phase2/results/predictions/full/clean_only/resnet/seed_101/bandpass_n20003_cV5_covariance_s0.npz,75269,3fe562b1ce00e7164b09701c802f705af6ae081add769a5afa82479d6c6b5e5a
resnet,clean_only,101,bandpass_n20003_cV6_independent_rms_s20,phase2/results/predictions/full/clean_only/resnet/seed_101/bandpass_n20003_cV6_independent_rms_s20.npz,76452,d2247419234c839c3ad3bbe59ee444b4b77caa824cbbf85e714b1845e85b02e5
resnet,clean_only,101,bandpass_n20003_cV6_independent_rms_s15,phase2/results/predictions/full/clean_only/resnet/seed_101/bandpass_n20003_cV6_independent_rms_s15.npz,76396,f54f96b2f56baa37c43a5883dc7f731cda665de5ef407f22eccd07c6c2850f45
resnet,clean_only,101,bandpass_n20003_cV6_independent_rms_s10,phase2/results/predictions/full/clean_only/resnet/seed_101/bandpass_n20003_cV6_independent_rms_s10.npz,76264,bf1ca4037b4699515888cc599ee64dd944c0b8138bc4ff6580d3e368e4de512e
resnet,clean_only,101,bandpass_n20003_cV6_independent_rms_s5,phase2/results/predictions/full/clean_only/resnet/seed_101/bandpass_n20003_cV6_independent_rms_s5.npz,76060,2077fb86b55ccb5494b889afb616d5e02afb337e5f566fccb8dd13c11c3c109a
resnet,clean_only,101,bandpass_n20003_cV6_independent_rms_s0,phase2/results/predictions/full/clean_only/resnet/seed_101/bandpass_n20003_cV6_independent_rms_s0.npz,75527,333b3785ca53d080a24752fd1302f46c5d17f72b4d8992b7846cc937061ac214
resnet,clean_only,101,bandpass_n20003_cV6_electrode_s20,phase2/results/predictions/full/clean_only/resnet/seed_101/bandpass_n20003_cV6_electrode_s20.npz,76418,13c99e3ffd4f22ca5d3c7de3b0987c0141c27ef3616b40b1584992d5072723fd
resnet,clean_only,101,bandpass_n20003_cV6_electrode_s15,phase2/results/predictions/full/clean_only/resnet/seed_101/bandpass_n20003_cV6_electrode_s15.npz,76389,86f6b5007cb2a7b719df5233e7bfe4c6dc34deb74399af79d3c1e8ce88ea299a
resnet,clean_only,101,bandpass_n20003_cV6_electrode_s10,phase2/results/predictions/full/clean_only/resnet/seed_101/bandpass_n20003_cV6_electrode_s10.npz,76277,cb38960b4e7708f38cdcc21f2ad3a9224e1944d456c2da605d0ae7fe7f153f1f
resnet,clean_only,101,bandpass_n20003_cV6_electrode_s5,phase2/results/predictions/full/clean_only/resnet/seed_101/bandpass_n20003_cV6_electrode_s5.npz,76052,3e41d73e43e44641113ebffc1fcda8cf2a23fe9d176142cce174bb25cd298d74
resnet,clean_only,101,bandpass_n20003_cV6_electrode_s0,phase2/results/predictions/full/clean_only/resnet/seed_101/bandpass_n20003_cV6_electrode_s0.npz,75521,55fbca3386800883a4d54fca483412942842a7e7ac900963eba586eeba9a1257
resnet,clean_only,101,bandpass_n20003_cV6_covariance_s20,phase2/results/predictions/full/clean_only/resnet/seed_101/bandpass_n20003_cV6_covariance_s20.npz,76443,8f65038fc792f4eb16bdf61546ce321f56f5460b6997200a0f942a0afed1a504
resnet,clean_only,101,bandpass_n20003_cV6_covariance_s15,phase2/results/predictions/full/clean_only/resnet/seed_101/bandpass_n20003_cV6_covariance_s15.npz,76359,fec80920a31ad7130078e0bf69323b2595f627482fb315aba8bff5aeaa55bbad
resnet,clean_only,101,bandpass_n20003_cV6_covariance_s10,phase2/results/predictions/full/clean_only/resnet/seed_101/bandpass_n20003_cV6_covariance_s10.npz,76276,30381cdee5402f3ab2a4582db26b705bf05428b8b6000fbeecf58dec6a0bab9a
resnet,clean_only,101,bandpass_n20003_cV6_covariance_s5,phase2/results/predictions/full/clean_only/resnet/seed_101/bandpass_n20003_cV6_covariance_s5.npz,76047,504181c17a9eb62c2669f12ac9104a60035b643133f3a9de1ef0fb94f2d46336
resnet,clean_only,101,bandpass_n20003_cV6_covariance_s0,phase2/results/predictions/full/clean_only/resnet/seed_101/bandpass_n20003_cV6_covariance_s0.npz,75499,5289b47fec9c0719eacb6274c95b4ec6345287cc7cc113f0afc93ce0ca618845
resnet,clean_only,101,bandpass_n20003_cRA_LA_independent_rms_s20,phase2/results/predictions/full/clean_only/resnet/seed_101/bandpass_n20003_cRA_LA_independent_rms_s20.npz,76461,b07a9e6a7ab7f47b63b08de72e9fabad6563ab40845185a288cddf75b1a211b9
resnet,clean_only,101,bandpass_n20003_cRA_LA_independent_rms_s15,phase2/results/predictions/full/clean_only/resnet/seed_101/bandpass_n20003_cRA_LA_independent_rms_s15.npz,76405,0d3f4583db9920309c030c387f14d7f8b18f649c1362bb8ba0f65cc1148e391e
resnet,clean_only,101,bandpass_n20003_cRA_LA_independent_rms_s10,phase2/results/predictions/full/clean_only/resnet/seed_101/bandpass_n20003_cRA_LA_independent_rms_s10.npz,76275,3dacc62ebf3ad71dff45e23dfcc356336de94b35fa42f10f97f41ad8a4ad6f51
resnet,clean_only,101,bandpass_n20003_cRA_LA_independent_rms_s5,phase2/results/predictions/full/clean_only/resnet/seed_101/bandpass_n20003_cRA_LA_independent_rms_s5.npz,76031,41f040d49e0fec04ed71aa18ee344d254e13edc73f5dbdeac59ae91640c42424
resnet,clean_only,101,bandpass_n20003_cRA_LA_independent_rms_s0,phase2/results/predictions/full/clean_only/resnet/seed_101/bandpass_n20003_cRA_LA_independent_rms_s0.npz,75412,28ed409884b22ab091cc09f18912bb3b115da9d5aaec019b1c46f591a445a2c5
resnet,clean_only,101,bandpass_n20003_cRA_LA_electrode_s20,phase2/results/predictions/full/clean_only/resnet/seed_101/bandpass_n20003_cRA_LA_electrode_s20.npz,76390,37b62efbbf54f15f96f7e83078f00737bc9ec5ea6f06ad7c2ba4da70f7f8b92a
resnet,clean_only,101,bandpass_n20003_cRA_LA_electrode_s15,phase2/results/predictions/full/clean_only/resnet/seed_101/bandpass_n20003_cRA_LA_electrode_s15.npz,76348,6545d051413182ad51e1f2d3db55919392f839d93933ebb2f32d6a58eadf7d27
resnet,clean_only,101,bandpass_n20003_cRA_LA_electrode_s10,phase2/results/predictions/full/clean_only/resnet/seed_101/bandpass_n20003_cRA_LA_electrode_s10.npz,76148,99bfbd767521041ca9c14fee8d184a73493d2d70cfd4e54b140e000ad6c8c8bc
resnet,clean_only,101,bandpass_n20003_cRA_LA_electrode_s5,phase2/results/predictions/full/clean_only/resnet/seed_101/bandpass_n20003_cRA_LA_electrode_s5.npz,75884,bf1547287035e9e56e37259ae5e283e343ae26e7fbc463f98be199171e9bdc8c
resnet,clean_only,101,bandpass_n20003_cRA_LA_electrode_s0,phase2/results/predictions/full/clean_only/resnet/seed_101/bandpass_n20003_cRA_LA_electrode_s0.npz,75308,a972324b8cca92cdda20e95a08b5ef15c227e7851dc1b84054793a7cdbe9d140
resnet,clean_only,101,bandpass_n20003_cRA_LA_covariance_s20,phase2/results/predictions/full/clean_only/resnet/seed_101/bandpass_n20003_cRA_LA_covariance_s20.npz,76395,2d42d9bbb077e88368dd643479aa14f478948d845fb176fd878896806583ecd3
resnet,clean_only,101,bandpass_n20003_cRA_LA_covariance_s15,phase2/results/predictions/full/clean_only/resnet/seed_101/bandpass_n20003_cRA_LA_covariance_s15.npz,76353,6b6d2f881b3f6069062ecd461e5941c09ee75f0126700318990f8fadc58f38ba
resnet,clean_only,101,bandpass_n20003_cRA_LA_covariance_s10,phase2/results/predictions/full/clean_only/resnet/seed_101/bandpass_n20003_cRA_LA_covariance_s10.npz,76212,3d5da5cb1482ba99824e541a156a00cf3eda24dd51397c04559474ce22551d18
resnet,clean_only,101,bandpass_n20003_cRA_LA_covariance_s5,phase2/results/predictions/full/clean_only/resnet/seed_101/bandpass_n20003_cRA_LA_covariance_s5.npz,75879,0a6479c6c2cf0390921c7a7834f6c9319c7c4185155c5929de783816db66d55e
resnet,clean_only,101,bandpass_n20003_cRA_LA_covariance_s0,phase2/results/predictions/full/clean_only/resnet/seed_101/bandpass_n20003_cRA_LA_covariance_s0.npz,75284,c6aa9ca0d414a47b1285be7fb192d89b5f3a099f090a7093390fc329e0372296
resnet,clean_only,101,bandpass_n20003_cLA_LL_independent_rms_s20,phase2/results/predictions/full/clean_only/resnet/seed_101/bandpass_n20003_cLA_LL_independent_rms_s20.npz,76438,06e7c5315e0a26c55ad1f7d94e6f0890cb3e7f0f398baf7ff9aa85ad08782ebb
resnet,clean_only,101,bandpass_n20003_cLA_LL_independent_rms_s15,phase2/results/predictions/full/clean_only/resnet/seed_101/bandpass_n20003_cLA_LL_independent_rms_s15.npz,76390,a4fd2786127cc4da968fceeb28310441ebc56eab98312ddb4b53ea51825aded2
resnet,clean_only,101,bandpass_n20003_cLA_LL_independent_rms_s10,phase2/results/predictions/full/clean_only/resnet/seed_101/bandpass_n20003_cLA_LL_independent_rms_s10.npz,76257,d42ae2d3b6af3e3092dd6aa4245f99e8429fb7d74930494f5523cb9cb3118440
resnet,clean_only,101,bandpass_n20003_cLA_LL_independent_rms_s5,phase2/results/predictions/full/clean_only/resnet/seed_101/bandpass_n20003_cLA_LL_independent_rms_s5.npz,75985,c0b4647a782171a9d6e3117e9fa27142d9741ca743a5684b9c8772d503a08030
resnet,clean_only,101,bandpass_n20003_cLA_LL_independent_rms_s0,phase2/results/predictions/full/clean_only/resnet/seed_101/bandpass_n20003_cLA_LL_independent_rms_s0.npz,75379,fa263376f892b4d00283a1860ddfa245d6441baa74c722e5f23ced0a91e73e30
resnet,clean_only,101,bandpass_n20003_cLA_LL_electrode_s20,phase2/results/predictions/full/clean_only/resnet/seed_101/bandpass_n20003_cLA_LL_electrode_s20.npz,76416,fda88dd1a798acc415546e045108337ee588fbd44989e7402fa682cae2674e61
resnet,clean_only,101,bandpass_n20003_cLA_LL_electrode_s15,phase2/results/predictions/full/clean_only/resnet/seed_101/bandpass_n20003_cLA_LL_electrode_s15.npz,76348,103519497872141098ace996305971a607e804a3c675785edaf5aa45e963297d
resnet,clean_only,101,bandpass_n20003_cLA_LL_electrode_s10,phase2/results/predictions/full/clean_only/resnet/seed_101/bandpass_n20003_cLA_LL_electrode_s10.npz,76189,7252e7b787231622e8cfecdc2c6ed07751b02bf721732361b4212cb5dc7387e6
resnet,clean_only,101,bandpass_n20003_cLA_LL_electrode_s5,phase2/results/predictions/full/clean_only/resnet/seed_101/bandpass_n20003_cLA_LL_electrode_s5.npz,75795,bcb4e9300a5951cb413f64c80d0ab4446bf120040521437e88c63e2cef262ec4
resnet,clean_only,101,bandpass_n20003_cLA_LL_electrode_s0,phase2/results/predictions/full/clean_only/resnet/seed_101/bandpass_n20003_cLA_LL_electrode_s0.npz,75336,f936c61384b45944ff72498c55ff1e1de8be0301039efdf67534611b3eea716a
resnet,clean_only,101,bandpass_n20003_cLA_LL_covariance_s20,phase2/results/predictions/full/clean_only/resnet/seed_101/bandpass_n20003_cLA_LL_covariance_s20.npz,76415,549ccd35ef0f0afb1bc0b52e43313587f7db6c39018bdceddc9d62f66622c438
resnet,clean_only,101,bandpass_n20003_cLA_LL_covariance_s15,phase2/results/predictions/full/clean_only/resnet/seed_101/bandpass_n20003_cLA_LL_covariance_s15.npz,76342,b22782036ddb6856ddab0e9063bac9c7df260e29b210fc1e83b0374beccc43e2
resnet,clean_only,101,bandpass_n20003_cLA_LL_covariance_s10,phase2/results/predictions/full/clean_only/resnet/seed_101/bandpass_n20003_cLA_LL_covariance_s10.npz,76184,b987c31594345f4b9d6c8f24409d33311db374e593f85ed9bff72e73801bb0fd
resnet,clean_only,101,bandpass_n20003_cLA_LL_covariance_s5,phase2/results/predictions/full/clean_only/resnet/seed_101/bandpass_n20003_cLA_LL_covariance_s5.npz,75786,64315dd3cbe19a64c22ea5771953d4b8069484adf159903292ab79ec7824c7ba
resnet,clean_only,101,bandpass_n20003_cLA_LL_covariance_s0,phase2/results/predictions/full/clean_only/resnet/seed_101/bandpass_n20003_cLA_LL_covariance_s0.npz,75361,24f6834e9f062d3686a98257b18653caa933521ba91c034ecbb063ea16fac513
resnet,clean_only,101,bandpass_n20003_cRA_LL_independent_rms_s20,phase2/results/predictions/full/clean_only/resnet/seed_101/bandpass_n20003_cRA_LL_independent_rms_s20.npz,76465,ad8d490715f4b35a9a1fad27f322ddfc62e2a20ad1fc142eb3e0fd60d9d638ad
resnet,clean_only,101,bandpass_n20003_cRA_LL_independent_rms_s15,phase2/results/predictions/full/clean_only/resnet/seed_101/bandpass_n20003_cRA_LL_independent_rms_s15.npz,76393,0eed4562ebc6d4b49d547ebf878726edad1291c482eed9cda1c20c957d10117d
resnet,clean_only,101,bandpass_n20003_cRA_LL_independent_rms_s10,phase2/results/predictions/full/clean_only/resnet/seed_101/bandpass_n20003_cRA_LL_independent_rms_s10.npz,76289,90e1ea179411ce81c045cdde532bb6cdcb7e108c45bcbe52eb67a3a072ccf221
resnet,clean_only,101,bandpass_n20003_cRA_LL_independent_rms_s5,phase2/results/predictions/full/clean_only/resnet/seed_101/bandpass_n20003_cRA_LL_independent_rms_s5.npz,76017,f1404bc812db80a7085ddff654ee150dcd3b9078ab64e5a12e5da1f9763bde45
resnet,clean_only,101,bandpass_n20003_cRA_LL_independent_rms_s0,phase2/results/predictions/full/clean_only/resnet/seed_101/bandpass_n20003_cRA_LL_independent_rms_s0.npz,75405,d350c3b955c8e8d98c648b7b3e77bed6d01a24d4b6b6229c3aa8ce52f11d4424
resnet,clean_only,101,bandpass_n20003_cRA_LL_electrode_s20,phase2/results/predictions/full/clean_only/resnet/seed_101/bandpass_n20003_cRA_LL_electrode_s20.npz,76407,3aba02abd87b1918abd07b52ba6d40b3b4fe86312246cac703551c8e017075fa
resnet,clean_only,101,bandpass_n20003_cRA_LL_electrode_s15,phase2/results/predictions/full/clean_only/resnet/seed_101/bandpass_n20003_cRA_LL_electrode_s15.npz,76359,1a3b6efdcf09f0144352d7f618f7cdd519b9e78ab66870586c2337d62ef093ce
resnet,clean_only,101,bandpass_n20003_cRA_LL_electrode_s10,phase2/results/predictions/full/clean_only/resnet/seed_101/bandpass_n20003_cRA_LL_electrode_s10.npz,76205,83a67f06d19f8921e6b1bbde970bfc2355cfeb1bcecf928b74c7bfed9bbd2cd2
resnet,clean_only,101,bandpass_n20003_cRA_LL_electrode_s5,phase2/results/predictions/full/clean_only/resnet/seed_101/bandpass_n20003_cRA_LL_electrode_s5.npz,75812,68af821d19db45f26447dff458f55f500a6912b4ab80d27bc4e5826c04b1f3ea
resnet,clean_only,101,bandpass_n20003_cRA_LL_electrode_s0,phase2/results/predictions/full/clean_only/resnet/seed_101/bandpass_n20003_cRA_LL_electrode_s0.npz,75213,0d10d55d7b36296ca2d70d71947ca6765dc813bee5921cade74e5cc9a3f6d7ec
resnet,clean_only,101,bandpass_n20003_cRA_LL_covariance_s20,phase2/results/predictions/full/clean_only/resnet/seed_101/bandpass_n20003_cRA_LL_covariance_s20.npz,76423,7774b1aa9c9b939f01753975196bf2a0458de4bb29e3d6db84bc99cb66c0f007
resnet,clean_only,101,bandpass_n20003_cRA_LL_covariance_s15,phase2/results/predictions/full/clean_only/resnet/seed_101/bandpass_n20003_cRA_LL_covariance_s15.npz,76345,1d6d83d057432df8beefbe4a2a4e472ec987a71ff7611494d28ba1b2a7dd0e6d
resnet,clean_only,101,bandpass_n20003_cRA_LL_covariance_s10,phase2/results/predictions/full/clean_only/resnet/seed_101/bandpass_n20003_cRA_LL_covariance_s10.npz,76176,bdaae4b7c25e5014d9cb463a5046ed4e758ba82e9a31783645fe51984e22abf8
resnet,clean_only,101,bandpass_n20003_cRA_LL_covariance_s5,phase2/results/predictions/full/clean_only/resnet/seed_101/bandpass_n20003_cRA_LL_covariance_s5.npz,75822,1e2ab84dd1541ecd9be27d3a5c079262855606707ed054535eb337999aa33979
resnet,clean_only,101,bandpass_n20003_cRA_LL_covariance_s0,phase2/results/predictions/full/clean_only/resnet/seed_101/bandpass_n20003_cRA_LL_covariance_s0.npz,75236,35354eb1baf4e1032401dd1aa542d10968452b892b2ebaeab82adec322d4210c
resnet,clean_only,101,bandpass_n20003_cRA_independent_rms_s20,phase2/results/predictions/full/clean_only/resnet/seed_101/bandpass_n20003_cRA_independent_rms_s20.npz,76444,fc6367c7eaef84afeba1e43488c474ba04e8e462ced8fac10724913cff5bf96e
resnet,clean_only,101,bandpass_n20003_cRA_independent_rms_s15,phase2/results/predictions/full/clean_only/resnet/seed_101/bandpass_n20003_cRA_independent_rms_s15.npz,76412,0f49563fde796cf62675a7f4f1059bbeadeecb374859fa2798350ab2993f8d0a
resnet,clean_only,101,bandpass_n20003_cRA_independent_rms_s10,phase2/results/predictions/full/clean_only/resnet/seed_101/bandpass_n20003_cRA_independent_rms_s10.npz,76275,bf667fb28f24e9cb6f43584e3a1d5b63fae046e593465cdf4f2af8710cdb839f
resnet,clean_only,101,bandpass_n20003_cRA_independent_rms_s5,phase2/results/predictions/full/clean_only/resnet/seed_101/bandpass_n20003_cRA_independent_rms_s5.npz,76013,ff3edf40510530b59bf69d22875111d68a2e2453a2c6227747ffa4ccce153257
resnet,clean_only,101,bandpass_n20003_cRA_independent_rms_s0,phase2/results/predictions/full/clean_only/resnet/seed_101/bandpass_n20003_cRA_independent_rms_s0.npz,75478,4d62cc36ee8dfe267e7e41830b42763038aa8a8fcb52656f5ea55cd799f7a8cb
resnet,clean_only,101,bandpass_n20003_cRA_electrode_s20,phase2/results/predictions/full/clean_only/resnet/seed_101/bandpass_n20003_cRA_electrode_s20.npz,76388,3ac25fc2865647a05486d1410676cec3a7955de610720a0018b6ffbd6974509b
resnet,clean_only,101,bandpass_n20003_cRA_electrode_s15,phase2/results/predictions/full/clean_only/resnet/seed_101/bandpass_n20003_cRA_electrode_s15.npz,76352,c3a42368f3afcdf3db93b9613c506aff8ba953dceeb735a04c87fe17e4d4e50d
resnet,clean_only,101,bandpass_n20003_cRA_electrode_s10,phase2/results/predictions/full/clean_only/resnet/seed_101/bandpass_n20003_cRA_electrode_s10.npz,76209,e72ce4a12e0d08af7e2fd9e118ef4f75280c8579a4f5b6ac3de0adf3f5caf348
resnet,clean_only,101,bandpass_n20003_cRA_electrode_s5,phase2/results/predictions/full/clean_only/resnet/seed_101/bandpass_n20003_cRA_electrode_s5.npz,75916,b8eccf9832ce7991d0e465aed0cd48cd92a4fe1a7765282d5e16e817f7a0febc
resnet,clean_only,101,bandpass_n20003_cRA_electrode_s0,phase2/results/predictions/full/clean_only/resnet/seed_101/bandpass_n20003_cRA_electrode_s0.npz,75398,9b32fa350dc3bb60566335d27e80712e7287ceed945dc47185b162addb3c66a2
resnet,clean_only,101,bandpass_n20003_cRA_covariance_s20,phase2/results/predictions/full/clean_only/resnet/seed_101/bandpass_n20003_cRA_covariance_s20.npz,76423,3e3cf18eed8ac89c39a99bd998cc000d216c5f2fc3cda4807e00f48cb9c29782
resnet,clean_only,101,bandpass_n20003_cRA_covariance_s15,phase2/results/predictions/full/clean_only/resnet/seed_101/bandpass_n20003_cRA_covariance_s15.npz,76356,64cbc0f23cdca8c3c0682eeb73f78497c5dba3ee2cbd75f66bf9df6855599c50
resnet,clean_only,101,bandpass_n20003_cRA_covariance_s10,phase2/results/predictions/full/clean_only/resnet/seed_101/bandpass_n20003_cRA_covariance_s10.npz,76160,e8d3c0ecd2956b69bfa694c6d25c94440a632a5c452525aa53db827b7a21337b
resnet,clean_only,101,bandpass_n20003_cRA_covariance_s5,phase2/results/predictions/full/clean_only/resnet/seed_101/bandpass_n20003_cRA_covariance_s5.npz,75906,3c5bf6037f9b61bdce7c7e46e7b2c71f1ee7b43c3aff0de9e9219adc86d9fd6e
resnet,clean_only,101,bandpass_n20003_cRA_covariance_s0,phase2/results/predictions/full/clean_only/resnet/seed_101/bandpass_n20003_cRA_covariance_s0.npz,75381,2ae2c2f5745375d1efc7fd59abb50ebac3a3c9251db7f56e4733b298c1e1d0cc
resnet,clean_only,101,bandpass_n20003_cLA_independent_rms_s20,phase2/results/predictions/full/clean_only/resnet/seed_101/bandpass_n20003_cLA_independent_rms_s20.npz,76417,5c4884a8306824062c620e8eca3445733882fdc88a660646a9a3af1e4b39cabe
resnet,clean_only,101,bandpass_n20003_cLA_independent_rms_s15,phase2/results/predictions/full/clean_only/resnet/seed_101/bandpass_n20003_cLA_independent_rms_s15.npz,76401,717cc5b45265cd01d4b2f6a36e14d8c04dc95ce244f5de0c09d47089f81f4a79
resnet,clean_only,101,bandpass_n20003_cLA_independent_rms_s10,phase2/results/predictions/full/clean_only/resnet/seed_101/bandpass_n20003_cLA_independent_rms_s10.npz,76258,67f8ce7f11286a1c1110aba7970c68e278a28325027b988c3fe52e6c527dbd48
resnet,clean_only,101,bandpass_n20003_cLA_independent_rms_s5,phase2/results/predictions/full/clean_only/resnet/seed_101/bandpass_n20003_cLA_independent_rms_s5.npz,76000,74efccb6b6a1c9c367e356fb0e5d385a43db18224954bf9e475932332ba0d983
resnet,clean_only,101,bandpass_n20003_cLA_independent_rms_s0,phase2/results/predictions/full/clean_only/resnet/seed_101/bandpass_n20003_cLA_independent_rms_s0.npz,75389,97976763c9634500e9bbf0471a956f94cee9836b156c22605f8f565548220b6f
resnet,clean_only,101,bandpass_n20003_cLA_electrode_s20,phase2/results/predictions/full/clean_only/resnet/seed_101/bandpass_n20003_cLA_electrode_s20.npz,76395,8553d10c43a2206a07253fffd695115f130e88fa57019a93821ee8949d45c623
resnet,clean_only,101,bandpass_n20003_cLA_electrode_s15,phase2/results/predictions/full/clean_only/resnet/seed_101/bandpass_n20003_cLA_electrode_s15.npz,76350,80467a87bc6f31f22e0f9dd71621a84cab0af27c393e7ccb89a7f8df20f5ccd7
resnet,clean_only,101,bandpass_n20003_cLA_electrode_s10,phase2/results/predictions/full/clean_only/resnet/seed_101/bandpass_n20003_cLA_electrode_s10.npz,76220,d20a6cff3cde6e48d778a92bfc28a5b1189414f7220afbcdf08768758f88a961
resnet,clean_only,101,bandpass_n20003_cLA_electrode_s5,phase2/results/predictions/full/clean_only/resnet/seed_101/bandpass_n20003_cLA_electrode_s5.npz,75902,340928fbcc1c8576df8e20bfac9820cc2c44fb97d0aa2a6c2290ca9ce65df4c9
resnet,clean_only,101,bandpass_n20003_cLA_electrode_s0,phase2/results/predictions/full/clean_only/resnet/seed_101/bandpass_n20003_cLA_electrode_s0.npz,75389,aa15e8ded05044a52ed1f219d2fa63e78172f9dd83b93f18504d6b9dda12659c
resnet,clean_only,101,bandpass_n20003_cLA_covariance_s20,phase2/results/predictions/full/clean_only/resnet/seed_101/bandpass_n20003_cLA_covariance_s20.npz,76392,d84d39a7f4b8662e484d3a0bc3a88a423194ca058b6e69c5851ac9bbee7e88f8
resnet,clean_only,101,bandpass_n20003_cLA_covariance_s15,phase2/results/predictions/full/clean_only/resnet/seed_101/bandpass_n20003_cLA_covariance_s15.npz,76349,8befee886cba369f800b30ec0c936dd38b5063e46b76f86efed3e9d300a07b53
resnet,clean_only,101,bandpass_n20003_cLA_covariance_s10,phase2/results/predictions/full/clean_only/resnet/seed_101/bandpass_n20003_cLA_covariance_s10.npz,76205,302738879980856c51220c05109cf67812d7d60d2790ad092dce5175495ad5ed
resnet,clean_only,101,bandpass_n20003_cLA_covariance_s5,phase2/results/predictions/full/clean_only/resnet/seed_101/bandpass_n20003_cLA_covariance_s5.npz,75896,4b7337136f74d2447d615db840ccb49173fdd4b24f1575a64521e38747e78373
resnet,clean_only,101,bandpass_n20003_cLA_covariance_s0,phase2/results/predictions/full/clean_only/resnet/seed_101/bandpass_n20003_cLA_covariance_s0.npz,75407,a3bd868949dc3a3d1356d29dc1727cdab483ded54a5901a2d51ab033be9e18f6
resnet,clean_only,101,bandpass_n20003_cLL_independent_rms_s20,phase2/results/predictions/full/clean_only/resnet/seed_101/bandpass_n20003_cLL_independent_rms_s20.npz,76439,8c5df48259cc435ede0b4da9687aa8038fd79c56a43adae9119343b5a83bb725
resnet,clean_only,101,bandpass_n20003_cLL_independent_rms_s15,phase2/results/predictions/full/clean_only/resnet/seed_101/bandpass_n20003_cLL_independent_rms_s15.npz,76418,3b6dd038e081eadf96c096e79bf4a918e637cc303f2414d55c7585a08b6123fd
resnet,clean_only,101,bandpass_n20003_cLL_independent_rms_s10,phase2/results/predictions/full/clean_only/resnet/seed_101/bandpass_n20003_cLL_independent_rms_s10.npz,76263,77d29c98b522ea2bde632a37dfbea0e902924b85b1f08efe60cbd4cd6cd7bf9f
resnet,clean_only,101,bandpass_n20003_cLL_independent_rms_s5,phase2/results/predictions/full/clean_only/resnet/seed_101/bandpass_n20003_cLL_independent_rms_s5.npz,75965,cb95f9cb1a1e67b9a8680a4a92dbe9463bb4fd1ea47aa6626fc0fd2368121e2d
resnet,clean_only,101,bandpass_n20003_cLL_independent_rms_s0,phase2/results/predictions/full/clean_only/resnet/seed_101/bandpass_n20003_cLL_independent_rms_s0.npz,75334,7ba151c7a24bf538e119d9582cee55c681e32328d8a789ea0b8bcf1465a541dd
resnet,clean_only,101,bandpass_n20003_cLL_electrode_s20,phase2/results/predictions/full/clean_only/resnet/seed_101/bandpass_n20003_cLL_electrode_s20.npz,76421,fd276aaf21a7887284da051b8fc9fa0af116fa1083f1cda8cd9ea3b1e3b1b4cd
resnet,clean_only,101,bandpass_n20003_cLL_electrode_s15,phase2/results/predictions/full/clean_only/resnet/seed_101/bandpass_n20003_cLL_electrode_s15.npz,76339,aa27ed2a770a24930103420d32078dbf89e2f6764556f2e3475338be17af0af7
resnet,clean_only,101,bandpass_n20003_cLL_electrode_s10,phase2/results/predictions/full/clean_only/resnet/seed_101/bandpass_n20003_cLL_electrode_s10.npz,76151,0c4cd75059d5da7838bb5c1c228d41855bba65c9d730d1608aaf43ed7b5dce11
resnet,clean_only,101,bandpass_n20003_cLL_electrode_s5,phase2/results/predictions/full/clean_only/resnet/seed_101/bandpass_n20003_cLL_electrode_s5.npz,75734,15e9ec580fe17251683b179eef76ee3afe679f82c2be0fa5a4fe767532230d8a
resnet,clean_only,101,bandpass_n20003_cLL_electrode_s0,phase2/results/predictions/full/clean_only/resnet/seed_101/bandpass_n20003_cLL_electrode_s0.npz,75366,c9dcf7f5e309c494e5c3ecbc294ee77d937cc732ee2c3a7cd0dcd7eeba82b6cb
resnet,clean_only,101,bandpass_n20003_cLL_covariance_s20,phase2/results/predictions/full/clean_only/resnet/seed_101/bandpass_n20003_cLL_covariance_s20.npz,76418,634e5219d788bdf769cc3533018b7ef112b36ea5c0ba736f05a8c6e119334ed5
resnet,clean_only,101,bandpass_n20003_cLL_covariance_s15,phase2/results/predictions/full/clean_only/resnet/seed_101/bandpass_n20003_cLL_covariance_s15.npz,76314,5ed34cd5d5564383c1f0d40cb0c80781ca347bc5a2fd54ec1411f8cf0186e88e
resnet,clean_only,101,bandpass_n20003_cLL_covariance_s10,phase2/results/predictions/full/clean_only/resnet/seed_101/bandpass_n20003_cLL_covariance_s10.npz,76126,f3a62b1e3c4d75c8a652b9d838b4c62e7f2bfa1ba5f14fd682b778a00538ddeb
resnet,clean_only,101,bandpass_n20003_cLL_covariance_s5,phase2/results/predictions/full/clean_only/resnet/seed_101/bandpass_n20003_cLL_covariance_s5.npz,75772,ea64ce43f6079d02ab79cad1963bcde063eb971aaf8c39fed419b8e87330e54a
resnet,clean_only,101,bandpass_n20003_cLL_covariance_s0,phase2/results/predictions/full/clean_only/resnet/seed_101/bandpass_n20003_cLL_covariance_s0.npz,75392,074015dddf80d3ddfd285db84e80637d05730dcfda6404a552372ee32751496a
resnet,clean_only,101,bandpass_n20003_cRA_V1_independent_rms_s20,phase2/results/predictions/full/clean_only/resnet/seed_101/bandpass_n20003_cRA_V1_independent_rms_s20.npz,76422,f2df2ef26f42529fe1c060e692ca55cc7df2a7ac199f5fbd51647d4cc57063aa
resnet,clean_only,101,bandpass_n20003_cRA_V1_independent_rms_s15,phase2/results/predictions/full/clean_only/resnet/seed_101/bandpass_n20003_cRA_V1_independent_rms_s15.npz,76395,ddc48d4add01ced33e284235b8688a237de34689ad4bf4c90ffa786ba332eee7
resnet,clean_only,101,bandpass_n20003_cRA_V1_independent_rms_s10,phase2/results/predictions/full/clean_only/resnet/seed_101/bandpass_n20003_cRA_V1_independent_rms_s10.npz,76285,6ee34cd15b05c8d8c2df8db48a7ddc629363699acf508231b41023b59fbcd71f
resnet,clean_only,101,bandpass_n20003_cRA_V1_independent_rms_s5,phase2/results/predictions/full/clean_only/resnet/seed_101/bandpass_n20003_cRA_V1_independent_rms_s5.npz,75981,f2eebc1354044f5c738681686dbd7f2e84947f056dabb7db0cdef440405444aa
resnet,clean_only,101,bandpass_n20003_cRA_V1_independent_rms_s0,phase2/results/predictions/full/clean_only/resnet/seed_101/bandpass_n20003_cRA_V1_independent_rms_s0.npz,75409,34761805ebd8225b8354f2dae325af8f0095e2ac2a178b29f68f9f0d75eabe49
resnet,clean_only,101,bandpass_n20003_cRA_V1_electrode_s20,phase2/results/predictions/full/clean_only/resnet/seed_101/bandpass_n20003_cRA_V1_electrode_s20.npz,76404,d7aae051ca56eced42457da84a5173da29b36afd486322f1a229178a5c35dee4
resnet,clean_only,101,bandpass_n20003_cRA_V1_electrode_s15,phase2/results/predictions/full/clean_only/resnet/seed_101/bandpass_n20003_cRA_V1_electrode_s15.npz,76352,3072c78a89ca4ecf8804a7fab10c2e55417cde0fde3041550e1f4c985bf20424
resnet,clean_only,101,bandpass_n20003_cRA_V1_electrode_s10,phase2/results/predictions/full/clean_only/resnet/seed_101/bandpass_n20003_cRA_V1_electrode_s10.npz,76203,0e2df3c1070dcfc3624e3126a33a23568dda231226a8038e08c84850892240d1
resnet,clean_only,101,bandpass_n20003_cRA_V1_electrode_s5,phase2/results/predictions/full/clean_only/resnet/seed_101/bandpass_n20003_cRA_V1_electrode_s5.npz,75924,5510112b1503b44964dd3b6a0077bc06f403d3ea5cf1b9e031555b4e59ffc6a6
resnet,clean_only,101,bandpass_n20003_cRA_V1_electrode_s0,phase2/results/predictions/full/clean_only/resnet/seed_101/bandpass_n20003_cRA_V1_electrode_s0.npz,75364,c0d649cd79a67019c90b52d7dcba77a816fe7e301330554205840316c07292ad
resnet,clean_only,101,bandpass_n20003_cRA_V1_covariance_s20,phase2/results/predictions/full/clean_only/resnet/seed_101/bandpass_n20003_cRA_V1_covariance_s20.npz,76416,0122d64a551ae798f311f571cb29498d0414c869b75d4e281fc37c0d36738552
resnet,clean_only,101,bandpass_n20003_cRA_V1_covariance_s15,phase2/results/predictions/full/clean_only/resnet/seed_101/bandpass_n20003_cRA_V1_covariance_s15.npz,76364,57d7c676cd730d73d433658fc6ab36d8fc3ccd77fd1f41f7909671ad1c1022ef
resnet,clean_only,101,bandpass_n20003_cRA_V1_covariance_s10,phase2/results/predictions/full/clean_only/resnet/seed_101/bandpass_n20003_cRA_V1_covariance_s10.npz,76228,e084e9596eff8198dc4e1c0bc00b4d0728f95dc05ab078697cd4278b1ce4ee24
resnet,clean_only,101,bandpass_n20003_cRA_V1_covariance_s5,phase2/results/predictions/full/clean_only/resnet/seed_101/bandpass_n20003_cRA_V1_covariance_s5.npz,75902,1f6c10b343a47dc6351f87052574803f55bc087cedeaa48f4adbb98dd130fcf3
resnet,clean_only,101,bandpass_n20003_cRA_V1_covariance_s0,phase2/results/predictions/full/clean_only/resnet/seed_101/bandpass_n20003_cRA_V1_covariance_s0.npz,75336,f475ba0501c0dbea4f129a9a98f5c1669f9264146f70ffd1902fdd3b2eba3eac
resnet,clean_only,101,bandpass_n20003_cLA_V6_independent_rms_s20,phase2/results/predictions/full/clean_only/resnet/seed_101/bandpass_n20003_cLA_V6_independent_rms_s20.npz,76469,df05ccdb4c3eda849a2a55be2336d2114cee6f0d16328b3958b5a6a9545dc8f2
resnet,clean_only,101,bandpass_n20003_cLA_V6_independent_rms_s15,phase2/results/predictions/full/clean_only/resnet/seed_101/bandpass_n20003_cLA_V6_independent_rms_s15.npz,76423,edac4da483904d822a4eb6aea69152ce2433d7c444812d062ffc338c4e4dcf11
resnet,clean_only,101,bandpass_n20003_cLA_V6_independent_rms_s10,phase2/results/predictions/full/clean_only/resnet/seed_101/bandpass_n20003_cLA_V6_independent_rms_s10.npz,76314,b1d58cc51bad096f91f50b8f4d8fc6da99ad424c95ced0f3d1e82170e72ec8da
resnet,clean_only,101,bandpass_n20003_cLA_V6_independent_rms_s5,phase2/results/predictions/full/clean_only/resnet/seed_101/bandpass_n20003_cLA_V6_independent_rms_s5.npz,76029,91da93182a1f976ab2fecbe854015112e94f8573fa0ef975473aa535ac402bf2
resnet,clean_only,101,bandpass_n20003_cLA_V6_independent_rms_s0,phase2/results/predictions/full/clean_only/resnet/seed_101/bandpass_n20003_cLA_V6_independent_rms_s0.npz,75461,8162c85827fab14bca0f295711b8bf6347b824035686d3fe8857322d35d851c9
resnet,clean_only,101,bandpass_n20003_cLA_V6_electrode_s20,phase2/results/predictions/full/clean_only/resnet/seed_101/bandpass_n20003_cLA_V6_electrode_s20.npz,76419,2ca11c13c7d161eaef3745c024c5a7462ebb132d34fa876db88207503c9f1039
resnet,clean_only,101,bandpass_n20003_cLA_V6_electrode_s15,phase2/results/predictions/full/clean_only/resnet/seed_101/bandpass_n20003_cLA_V6_electrode_s15.npz,76349,241763d5499bc359ac0fa05e2d9e2c3491f14f656d7e75d37b7065f654093d67
resnet,clean_only,101,bandpass_n20003_cLA_V6_electrode_s10,phase2/results/predictions/full/clean_only/resnet/seed_101/bandpass_n20003_cLA_V6_electrode_s10.npz,76242,7db76bd9b7605ec726fafc39016e39fb74f98ae9473e34aa450dfe05828e3fa3
resnet,clean_only,101,bandpass_n20003_cLA_V6_electrode_s5,phase2/results/predictions/full/clean_only/resnet/seed_101/bandpass_n20003_cLA_V6_electrode_s5.npz,75919,9fffceb4e78f0a2bada28c745818c7193821f1e8d4c26cd330b94449dccc156f
resnet,clean_only,101,bandpass_n20003_cLA_V6_electrode_s0,phase2/results/predictions/full/clean_only/resnet/seed_101/bandpass_n20003_cLA_V6_electrode_s0.npz,75385,65bffefb07062ca7241311cc943577cfc5782db2e281a98e8031dfd8ef48bacb
resnet,clean_only,101,bandpass_n20003_cLA_V6_covariance_s20,phase2/results/predictions/full/clean_only/resnet/seed_101/bandpass_n20003_cLA_V6_covariance_s20.npz,76455,528231205d30c6207dfb0c80fce3d2200a98e57527c75ad425c68aaa333ba112
resnet,clean_only,101,bandpass_n20003_cLA_V6_covariance_s15,phase2/results/predictions/full/clean_only/resnet/seed_101/bandpass_n20003_cLA_V6_covariance_s15.npz,76375,739250471995c774d6df43c55a78d9ce10d6a5c5be92a0dbdd5fa3bce9087a77
resnet,clean_only,101,bandpass_n20003_cLA_V6_covariance_s10,phase2/results/predictions/full/clean_only/resnet/seed_101/bandpass_n20003_cLA_V6_covariance_s10.npz,76242,40890e52b9751b4c7b2b738e498a353493d0d0a81b4a0c5cfc7949f560f7723e
resnet,clean_only,101,bandpass_n20003_cLA_V6_covariance_s5,phase2/results/predictions/full/clean_only/resnet/seed_101/bandpass_n20003_cLA_V6_covariance_s5.npz,75919,4633cd52e1194e988eb9437bf5d9bd3ca1648a4ce7283279f748388359e44229
resnet,clean_only,101,bandpass_n20003_cLA_V6_covariance_s0,phase2/results/predictions/full/clean_only/resnet/seed_101/bandpass_n20003_cLA_V6_covariance_s0.npz,75382,85d966c4f759f6a7f75c03283e1a1752114cfe282e44b4b7dc6bc25e350ef860
resnet,clean_only,101,bandpass_n20003_cLL_V4_independent_rms_s20,phase2/results/predictions/full/clean_only/resnet/seed_101/bandpass_n20003_cLL_V4_independent_rms_s20.npz,76462,daef8577e36ab8d93f9257b05ce2ae2f58931ed8e9847b226ba540cb53322c3f
resnet,clean_only,101,bandpass_n20003_cLL_V4_independent_rms_s15,phase2/results/predictions/full/clean_only/resnet/seed_101/bandpass_n20003_cLL_V4_independent_rms_s15.npz,76415,0f8f64ced4fea67f0671db889ce58136bc9a23088a97f987f5270f0c45f0096c
resnet,clean_only,101,bandpass_n20003_cLL_V4_independent_rms_s10,phase2/results/predictions/full/clean_only/resnet/seed_101/bandpass_n20003_cLL_V4_independent_rms_s10.npz,76276,496baa0a219a23cc560562a2711bd55e9a355b8dfa1510fc01a6bff4260ceec2
resnet,clean_only,101,bandpass_n20003_cLL_V4_independent_rms_s5,phase2/results/predictions/full/clean_only/resnet/seed_101/bandpass_n20003_cLL_V4_independent_rms_s5.npz,76008,eab7e4f4cb885a7266f6ba95fec653ded9322119081839d15009116344be6d57
resnet,clean_only,101,bandpass_n20003_cLL_V4_independent_rms_s0,phase2/results/predictions/full/clean_only/resnet/seed_101/bandpass_n20003_cLL_V4_independent_rms_s0.npz,75389,b0c8225a1f42578d6de48f0729902d1d4cb3efe38d13dd3531d54cd6a6554ec9
resnet,clean_only,101,bandpass_n20003_cLL_V4_electrode_s20,phase2/results/predictions/full/clean_only/resnet/seed_101/bandpass_n20003_cLL_V4_electrode_s20.npz,76372,5185a10c4689d77b4554c08ea605a0bab9258a4ce735d6e9a4dc78782f908d44
resnet,clean_only,101,bandpass_n20003_cLL_V4_electrode_s15,phase2/results/predictions/full/clean_only/resnet/seed_101/bandpass_n20003_cLL_V4_electrode_s15.npz,76359,611b4ea42eb6d9f3e3dbba00ec8e12065e1dacc93b70fa0a205bc481a5888827
resnet,clean_only,101,bandpass_n20003_cLL_V4_electrode_s10,phase2/results/predictions/full/clean_only/resnet/seed_101/bandpass_n20003_cLL_V4_electrode_s10.npz,76208,4f3643d151ced49a9b24771e1df69ff18a9bb39a80938cc499e126568308058e
resnet,clean_only,101,bandpass_n20003_cLL_V4_electrode_s5,phase2/results/predictions/full/clean_only/resnet/seed_101/bandpass_n20003_cLL_V4_electrode_s5.npz,75812,3c5727c2daebdeb5500dc80b3b8ab732304dc1eb90e436e9a8b8524e92496e54
resnet,clean_only,101,bandpass_n20003_cLL_V4_electrode_s0,phase2/results/predictions/full/clean_only/resnet/seed_101/bandpass_n20003_cLL_V4_electrode_s0.npz,75402,fecdac720f3a37a463b9a9231fa389a9351de1e4aa8926ad5648d9c6f5631668
resnet,clean_only,101,bandpass_n20003_cLL_V4_covariance_s20,phase2/results/predictions/full/clean_only/resnet/seed_101/bandpass_n20003_cLL_V4_covariance_s20.npz,76433,0d18ff6e3a51130c62d8fcf2b126a23b4302704e4d61c07bdc4d1efb7f386b02
resnet,clean_only,101,bandpass_n20003_cLL_V4_covariance_s15,phase2/results/predictions/full/clean_only/resnet/seed_101/bandpass_n20003_cLL_V4_covariance_s15.npz,76367,4cb916fb4511b28828ba4d44c64bb298c515ea3324cdcdcbd609a1c5bd3daba3
resnet,clean_only,101,bandpass_n20003_cLL_V4_covariance_s10,phase2/results/predictions/full/clean_only/resnet/seed_101/bandpass_n20003_cLL_V4_covariance_s10.npz,76189,8cf86d5191b3c348fef39ccbd26f36f0ec316d8d59c5a3f201848ba3779935a0
resnet,clean_only,101,bandpass_n20003_cLL_V4_covariance_s5,phase2/results/predictions/full/clean_only/resnet/seed_101/bandpass_n20003_cLL_V4_covariance_s5.npz,75813,50d6628b95ca447012b13f7a8c8b0d712147a739e02264832661bc8181f63fcb
resnet,clean_only,101,bandpass_n20003_cLL_V4_covariance_s0,phase2/results/predictions/full/clean_only/resnet/seed_101/bandpass_n20003_cLL_V4_covariance_s0.npz,75402,ad1804ee0b387c0646bf3298326fa2a15e05c42768800cff7df2b720ae4bb328
resnet,clean_only,101,bandpass_n20003_cRA_LA_V1_V6_independent_rms_s20,phase2/results/predictions/full/clean_only/resnet/seed_101/bandpass_n20003_cRA_LA_V1_V6_independent_rms_s20.npz,76462,0b29b7c3953a8001bf827df1bd586302d40021ae916159e72fdcf945126e4c9b
resnet,clean_only,101,bandpass_n20003_cRA_LA_V1_V6_independent_rms_s15,phase2/results/predictions/full/clean_only/resnet/seed_101/bandpass_n20003_cRA_LA_V1_V6_independent_rms_s15.npz,76416,b2023fa75fc482496c28e135ba5afdd8b2912d0d9d042eb8b1e8c5152bc8e973
resnet,clean_only,101,bandpass_n20003_cRA_LA_V1_V6_independent_rms_s10,phase2/results/predictions/full/clean_only/resnet/seed_101/bandpass_n20003_cRA_LA_V1_V6_independent_rms_s10.npz,76301,b2b2c1862b0d73c7cefa9438db484f2c561e070563ae40aa5d2c8c39598922da
resnet,clean_only,101,bandpass_n20003_cRA_LA_V1_V6_independent_rms_s5,phase2/results/predictions/full/clean_only/resnet/seed_101/bandpass_n20003_cRA_LA_V1_V6_independent_rms_s5.npz,76019,6ff166a46b7908252ce95f4e8554560647150853031dbca55c44502c92f77334
resnet,clean_only,101,bandpass_n20003_cRA_LA_V1_V6_independent_rms_s0,phase2/results/predictions/full/clean_only/resnet/seed_101/bandpass_n20003_cRA_LA_V1_V6_independent_rms_s0.npz,75439,f40e237138629fe0fb7296af1957be4d99104a0b7dafed72a0777784b708bf22
resnet,clean_only,101,bandpass_n20003_cRA_LA_V1_V6_electrode_s20,phase2/results/predictions/full/clean_only/resnet/seed_101/bandpass_n20003_cRA_LA_V1_V6_electrode_s20.npz,76423,49f7266313ddea87f076a92b19dbe3c85ea22914e7ad32140f140a49d2fb4ec6
resnet,clean_only,101,bandpass_n20003_cRA_LA_V1_V6_electrode_s15,phase2/results/predictions/full/clean_only/resnet/seed_101/bandpass_n20003_cRA_LA_V1_V6_electrode_s15.npz,76363,0a0197d4f1b45a2ba96d7f4fa3a2327afceb484a64ff5da3cf5d476fe55d3641
resnet,clean_only,101,bandpass_n20003_cRA_LA_V1_V6_electrode_s10,phase2/results/predictions/full/clean_only/resnet/seed_101/bandpass_n20003_cRA_LA_V1_V6_electrode_s10.npz,76240,408ff524a88fa88edaccc5730e3bf91317d8cd35186b9fcbad68c74c14674bd9
resnet,clean_only,101,bandpass_n20003_cRA_LA_V1_V6_electrode_s5,phase2/results/predictions/full/clean_only/resnet/seed_101/bandpass_n20003_cRA_LA_V1_V6_electrode_s5.npz,75888,2b57a415976b8f3f64e8b39537bb2010631c8ca210701531e7a1abbd377ef444
resnet,clean_only,101,bandpass_n20003_cRA_LA_V1_V6_electrode_s0,phase2/results/predictions/full/clean_only/resnet/seed_101/bandpass_n20003_cRA_LA_V1_V6_electrode_s0.npz,75321,ecef3a6750a618505c0369ef049e35ba6db9d7fa46195b1d53a19f33ada00735
resnet,clean_only,101,bandpass_n20003_cRA_LA_V1_V6_covariance_s20,phase2/results/predictions/full/clean_only/resnet/seed_101/bandpass_n20003_cRA_LA_V1_V6_covariance_s20.npz,76453,4ff91c95d31c3f4fed3e530557f8620212d8b6b9b89a1d124ae5335c72e3aac9
resnet,clean_only,101,bandpass_n20003_cRA_LA_V1_V6_covariance_s15,phase2/results/predictions/full/clean_only/resnet/seed_101/bandpass_n20003_cRA_LA_V1_V6_covariance_s15.npz,76371,343281745b63e81ec619f735d8b383c1ec9dd39d4e363c83cd82c8dae671325a
resnet,clean_only,101,bandpass_n20003_cRA_LA_V1_V6_covariance_s10,phase2/results/predictions/full/clean_only/resnet/seed_101/bandpass_n20003_cRA_LA_V1_V6_covariance_s10.npz,76216,19d5aab176efa4955cc1f8c3c89818f8d2295e88f162f08ed45488459e029244
resnet,clean_only,101,bandpass_n20003_cRA_LA_V1_V6_covariance_s5,phase2/results/predictions/full/clean_only/resnet/seed_101/bandpass_n20003_cRA_LA_V1_V6_covariance_s5.npz,75918,915c5e35fdcc64a65827288cfc5869e0646db6440ff5539e1bcc80539d5efc3f
resnet,clean_only,101,bandpass_n20003_cRA_LA_V1_V6_covariance_s0,phase2/results/predictions/full/clean_only/resnet/seed_101/bandpass_n20003_cRA_LA_V1_V6_covariance_s0.npz,75293,9689887cab2803b76960288a76eaf05a0bc4cf2192e455c7a92c34dc1ba3d22e
resnet,clean_only,101,bandpass_n20003_cRA_V2_V5_independent_rms_s20,phase2/results/predictions/full/clean_only/resnet/seed_101/bandpass_n20003_cRA_V2_V5_independent_rms_s20.npz,76468,2c867af2d248952dc922c3767b2aca379851d3bef99a1fb8e155b9078fe155f2
resnet,clean_only,101,bandpass_n20003_cRA_V2_V5_independent_rms_s15,phase2/results/predictions/full/clean_only/resnet/seed_101/bandpass_n20003_cRA_V2_V5_independent_rms_s15.npz,76426,090ea1736830449f0d5b15f2595e716af1f44cfa4a2284f0237f89bda436f4fc
resnet,clean_only,101,bandpass_n20003_cRA_V2_V5_independent_rms_s10,phase2/results/predictions/full/clean_only/resnet/seed_101/bandpass_n20003_cRA_V2_V5_independent_rms_s10.npz,76282,a711d62d08e858a6e967db124a177592e56ef580455140e0fc692e0eda56edfd
resnet,clean_only,101,bandpass_n20003_cRA_V2_V5_independent_rms_s5,phase2/results/predictions/full/clean_only/resnet/seed_101/bandpass_n20003_cRA_V2_V5_independent_rms_s5.npz,76021,b62c6b84151a28bf6478105e8324da2bf136f9ea887ca9aec9ca659adab0b59d
resnet,clean_only,101,bandpass_n20003_cRA_V2_V5_independent_rms_s0,phase2/results/predictions/full/clean_only/resnet/seed_101/bandpass_n20003_cRA_V2_V5_independent_rms_s0.npz,75451,098e5c14c3a3dc75a6dc24d08f8fac32402ff0a3171842b01aff6f9556baa06d
resnet,clean_only,101,bandpass_n20003_cRA_V2_V5_electrode_s20,phase2/results/predictions/full/clean_only/resnet/seed_101/bandpass_n20003_cRA_V2_V5_electrode_s20.npz,76403,37bd992332b9a54d18520a44ed04f18d320107a58925d4260f31cdb6d3012010
resnet,clean_only,101,bandpass_n20003_cRA_V2_V5_electrode_s15,phase2/results/predictions/full/clean_only/resnet/seed_101/bandpass_n20003_cRA_V2_V5_electrode_s15.npz,76355,dd3f53013e7dc39e4ecb928bdcbb625f6d1e7ef16fae52c2d5a18e425d3c710e
resnet,clean_only,101,bandpass_n20003_cRA_V2_V5_electrode_s10,phase2/results/predictions/full/clean_only/resnet/seed_101/bandpass_n20003_cRA_V2_V5_electrode_s10.npz,76231,e8685b44c0ae111ba593b441ceaa4ffbec868a5e2bdfd7486ed518b0941fc9ec
resnet,clean_only,101,bandpass_n20003_cRA_V2_V5_electrode_s5,phase2/results/predictions/full/clean_only/resnet/seed_101/bandpass_n20003_cRA_V2_V5_electrode_s5.npz,75945,7556087d6217c664b5a4171a312b4459abc72244fceb660ccc09aed10d2dc2f8
resnet,clean_only,101,bandpass_n20003_cRA_V2_V5_electrode_s0,phase2/results/predictions/full/clean_only/resnet/seed_101/bandpass_n20003_cRA_V2_V5_electrode_s0.npz,75318,2650a04e12142ef8d66185c0a7ccad18f6961014d820eff41ac38b9678c6abc7
resnet,clean_only,101,bandpass_n20003_cRA_V2_V5_covariance_s20,phase2/results/predictions/full/clean_only/resnet/seed_101/bandpass_n20003_cRA_V2_V5_covariance_s20.npz,76428,b19e27eb7581591851bda705926ebd151c7f8cf43ce1a07b8dc8c856723f99df
resnet,clean_only,101,bandpass_n20003_cRA_V2_V5_covariance_s15,phase2/results/predictions/full/clean_only/resnet/seed_101/bandpass_n20003_cRA_V2_V5_covariance_s15.npz,76372,73774927a01db448c37dc0f9b252ae62b8456248f016eead6581ab4856b25e47
resnet,clean_only,101,bandpass_n20003_cRA_V2_V5_covariance_s10,phase2/results/predictions/full/clean_only/resnet/seed_101/bandpass_n20003_cRA_V2_V5_covariance_s10.npz,76245,f80ecdc28fb5be93d82f883e60d6bf4fdb9e18f022ff1edd710c7e57b2faceca
resnet,clean_only,101,bandpass_n20003_cRA_V2_V5_covariance_s5,phase2/results/predictions/full/clean_only/resnet/seed_101/bandpass_n20003_cRA_V2_V5_covariance_s5.npz,75926,05849650cda56582f7566f0c425e18c59c7aa2787c7cd52f9a51f4a8bd16ffe5
resnet,clean_only,101,bandpass_n20003_cRA_V2_V5_covariance_s0,phase2/results/predictions/full/clean_only/resnet/seed_101/bandpass_n20003_cRA_V2_V5_covariance_s0.npz,75326,f9b1194a9f499575500304d395942b12b6e9e75911f8a51754ce52ccf7873ee8
resnet,clean_only,101,bandpass_n20003_cLA_V3_V6_independent_rms_s20,phase2/results/predictions/full/clean_only/resnet/seed_101/bandpass_n20003_cLA_V3_V6_independent_rms_s20.npz,76462,e0ca2a5ff71824972fee1ed44aef822fc0deba35a00da8e293e454e70f7cc86c
resnet,clean_only,101,bandpass_n20003_cLA_V3_V6_independent_rms_s15,phase2/results/predictions/full/clean_only/resnet/seed_101/bandpass_n20003_cLA_V3_V6_independent_rms_s15.npz,76419,f4444c13bc598026305ead4b244cebe16d363ed0b538200e1b1581ccd20a9879
resnet,clean_only,101,bandpass_n20003_cLA_V3_V6_independent_rms_s10,phase2/results/predictions/full/clean_only/resnet/seed_101/bandpass_n20003_cLA_V3_V6_independent_rms_s10.npz,76284,d23ab75f8372a380fde7ded80a58396520ed837e5aaef01ae1eb62d3de339e42
resnet,clean_only,101,bandpass_n20003_cLA_V3_V6_independent_rms_s5,phase2/results/predictions/full/clean_only/resnet/seed_101/bandpass_n20003_cLA_V3_V6_independent_rms_s5.npz,75993,4099d76495a6d3edcc5953a34bcc3a73ec84a049bda69b51168f46f9bb0ff083
resnet,clean_only,101,bandpass_n20003_cLA_V3_V6_independent_rms_s0,phase2/results/predictions/full/clean_only/resnet/seed_101/bandpass_n20003_cLA_V3_V6_independent_rms_s0.npz,75447,81aae1e3f4adb1c428db27cc98370789d24de111e40bb5d5c7205b78364dc269
resnet,clean_only,101,bandpass_n20003_cLA_V3_V6_electrode_s20,phase2/results/predictions/full/clean_only/resnet/seed_101/bandpass_n20003_cLA_V3_V6_electrode_s20.npz,76429,efb0739767616d38b9269f8813e0f5d60619a18c279480f1f84a48b1ce141c25
resnet,clean_only,101,bandpass_n20003_cLA_V3_V6_electrode_s15,phase2/results/predictions/full/clean_only/resnet/seed_101/bandpass_n20003_cLA_V3_V6_electrode_s15.npz,76379,7be59ac78cf7d2367659f2c5d0121a548c1e6442e54f42b9794232345399b9f5
resnet,clean_only,101,bandpass_n20003_cLA_V3_V6_electrode_s10,phase2/results/predictions/full/clean_only/resnet/seed_101/bandpass_n20003_cLA_V3_V6_electrode_s10.npz,76234,fa735c2f2c65cf48a67cb1797c09cded0a0298a359b5ba1c77c27e091687dbd7
resnet,clean_only,101,bandpass_n20003_cLA_V3_V6_electrode_s5,phase2/results/predictions/full/clean_only/resnet/seed_101/bandpass_n20003_cLA_V3_V6_electrode_s5.npz,75944,5082b5251acaaa5e1288471acec2da0085e3d9c6ff3c154b865a7dd0da46d90a
resnet,clean_only,101,bandpass_n20003_cLA_V3_V6_electrode_s0,phase2/results/predictions/full/clean_only/resnet/seed_101/bandpass_n20003_cLA_V3_V6_electrode_s0.npz,75442,35315f9574d4e66265dc5bda68a967d6732ec580a4d0b72b6938eeb0483b6ee9
resnet,clean_only,101,bandpass_n20003_cLA_V3_V6_covariance_s20,phase2/results/predictions/full/clean_only/resnet/seed_101/bandpass_n20003_cLA_V3_V6_covariance_s20.npz,76448,5fb8999da5e365dea9a0dc30ca1a4f6e3bb0bcf6417db002b7b61e281e31f3f7
resnet,clean_only,101,bandpass_n20003_cLA_V3_V6_covariance_s15,phase2/results/predictions/full/clean_only/resnet/seed_101/bandpass_n20003_cLA_V3_V6_covariance_s15.npz,76365,5f2aabb0f651ed6cb297f164726088f5f4476407beb97e4152aa320da0f81c65
resnet,clean_only,101,bandpass_n20003_cLA_V3_V6_covariance_s10,phase2/results/predictions/full/clean_only/resnet/seed_101/bandpass_n20003_cLA_V3_V6_covariance_s10.npz,76245,7f54feab6b986cabcc633e094509cd3a7b44e1d827ea9c7028da129ad5b84984
resnet,clean_only,101,bandpass_n20003_cLA_V3_V6_covariance_s5,phase2/results/predictions/full/clean_only/resnet/seed_101/bandpass_n20003_cLA_V3_V6_covariance_s5.npz,75954,d08cf66b8753ec8a40878004ec25142ad18dd9f3ab4b43b4fc1631a158ff03cf
resnet,clean_only,101,bandpass_n20003_cLA_V3_V6_covariance_s0,phase2/results/predictions/full/clean_only/resnet/seed_101/bandpass_n20003_cLA_V3_V6_covariance_s0.npz,75382,f72085d4c69f934b73729cbc855b0e2fb011559ddda12adee457a4c4efdd2471
resnet,clean_only,101,bandpass_n20003_cLL_V1_V4_independent_rms_s20,phase2/results/predictions/full/clean_only/resnet/seed_101/bandpass_n20003_cLL_V1_V4_independent_rms_s20.npz,76454,859bfab1a5ea5f99efe0c0a5ded585beaa1f20469acd0f5a126c2a9ae6db1b04
resnet,clean_only,101,bandpass_n20003_cLL_V1_V4_independent_rms_s15,phase2/results/predictions/full/clean_only/resnet/seed_101/bandpass_n20003_cLL_V1_V4_independent_rms_s15.npz,76399,f15459255eea01007e368d210f1f5cbe83a0532149dd68b74c40d78603b041b3
resnet,clean_only,101,bandpass_n20003_cLL_V1_V4_independent_rms_s10,phase2/results/predictions/full/clean_only/resnet/seed_101/bandpass_n20003_cLL_V1_V4_independent_rms_s10.npz,76297,69c3f0e4a201b4885935f4455c41612c88d8defefc664462143bd04916bfce6d
resnet,clean_only,101,bandpass_n20003_cLL_V1_V4_independent_rms_s5,phase2/results/predictions/full/clean_only/resnet/seed_101/bandpass_n20003_cLL_V1_V4_independent_rms_s5.npz,76021,d11a9d3bc7437fccc3842eefb15443da2eaf6e7f3bf3bc68892ef9be2c0e14b8
resnet,clean_only,101,bandpass_n20003_cLL_V1_V4_independent_rms_s0,phase2/results/predictions/full/clean_only/resnet/seed_101/bandpass_n20003_cLL_V1_V4_independent_rms_s0.npz,75389,d0efa6876b21710e85c9d69c64bd178f185c5bc8aa72da2ad1a9bbe24326e928
resnet,clean_only,101,bandpass_n20003_cLL_V1_V4_electrode_s20,phase2/results/predictions/full/clean_only/resnet/seed_101/bandpass_n20003_cLL_V1_V4_electrode_s20.npz,76416,1078af90e91277127d11cdccf46bdf76dd925055c8a55af9faa5a54e3837fc6c
resnet,clean_only,101,bandpass_n20003_cLL_V1_V4_electrode_s15,phase2/results/predictions/full/clean_only/resnet/seed_101/bandpass_n20003_cLL_V1_V4_electrode_s15.npz,76374,e802dad12aaaddc359716504b456bc03860cc19a034733253005d565e9b0cc4c
resnet,clean_only,101,bandpass_n20003_cLL_V1_V4_electrode_s10,phase2/results/predictions/full/clean_only/resnet/seed_101/bandpass_n20003_cLL_V1_V4_electrode_s10.npz,76171,54ec5f8ff89fe4b1c34c0c8d1d6622ad06498969da5d867b3b6f2c15b3e10e6d
resnet,clean_only,101,bandpass_n20003_cLL_V1_V4_electrode_s5,phase2/results/predictions/full/clean_only/resnet/seed_101/bandpass_n20003_cLL_V1_V4_electrode_s5.npz,75840,743113510b7be1aab8b26e9c0eb4fd3ed5e3d4fdbffffd44930e87b475fadf5f
resnet,clean_only,101,bandpass_n20003_cLL_V1_V4_electrode_s0,phase2/results/predictions/full/clean_only/resnet/seed_101/bandpass_n20003_cLL_V1_V4_electrode_s0.npz,75390,048cfc52ec985060778e690e69eb186861a6ea4c547b5346c273712e59839dd9
resnet,clean_only,101,bandpass_n20003_cLL_V1_V4_covariance_s20,phase2/results/predictions/full/clean_only/resnet/seed_101/bandpass_n20003_cLL_V1_V4_covariance_s20.npz,76405,572d0c2eac3559e62d5bc46e6ccb7cffbcc54b77912810224e0a174a7723524d
resnet,clean_only,101,bandpass_n20003_cLL_V1_V4_covariance_s15,phase2/results/predictions/full/clean_only/resnet/seed_101/bandpass_n20003_cLL_V1_V4_covariance_s15.npz,76362,7a2ab40a7c7167ebed11c145f14dd93081e2cbb84da04f6a3d57e065da62c6a7
resnet,clean_only,101,bandpass_n20003_cLL_V1_V4_covariance_s10,phase2/results/predictions/full/clean_only/resnet/seed_101/bandpass_n20003_cLL_V1_V4_covariance_s10.npz,76224,0f0af95fa0db6cdc2377e62d5e4162da3d12c1803eec4c95744231a5d134f0c3
resnet,clean_only,101,bandpass_n20003_cLL_V1_V4_covariance_s5,phase2/results/predictions/full/clean_only/resnet/seed_101/bandpass_n20003_cLL_V1_V4_covariance_s5.npz,75842,50fd543f2396f5fe67764ff2026d390680756377bcfcc90359822ba789f226ee
resnet,clean_only,101,bandpass_n20003_cLL_V1_V4_covariance_s0,phase2/results/predictions/full/clean_only/resnet/seed_101/bandpass_n20003_cLL_V1_V4_covariance_s0.npz,75379,853c22b08b6620169905c853b251402dc5b448378b02583dc0f1130c34cf7ab8
resnet,clean_only,101,bandpass_n20003_call_independent_rms_s20,phase2/results/predictions/full/clean_only/resnet/seed_101/bandpass_n20003_call_independent_rms_s20.npz,76424,edc4effcb28fd3ca391b92d453aa25501292fbb39697a0b2f570652c11c51a26
resnet,clean_only,101,bandpass_n20003_call_independent_rms_s15,phase2/results/predictions/full/clean_only/resnet/seed_101/bandpass_n20003_call_independent_rms_s15.npz,76416,bfe68915b8e67562e731e98d6495e4d574057d0eb7c8e88c6ece7d1bb23737fe
resnet,clean_only,101,bandpass_n20003_call_independent_rms_s10,phase2/results/predictions/full/clean_only/resnet/seed_101/bandpass_n20003_call_independent_rms_s10.npz,76256,82cd9f3758ebce2b9a087da2673879bb6312908df2f12ca6a7b364ad352c997f
resnet,clean_only,101,bandpass_n20003_call_independent_rms_s5,phase2/results/predictions/full/clean_only/resnet/seed_101/bandpass_n20003_call_independent_rms_s5.npz,76002,58adb4a42c8f4cefc099e1bb29e61f99fbaa032dbebbc66178307fe10e02df54
resnet,clean_only,101,bandpass_n20003_call_independent_rms_s0,phase2/results/predictions/full/clean_only/resnet/seed_101/bandpass_n20003_call_independent_rms_s0.npz,75347,9b67456bdd75497d317fcccdd784b66275f6ebd54a9636d0c15c0bd19b59d8d5
resnet,clean_only,101,bandpass_n20003_call_electrode_s20,phase2/results/predictions/full/clean_only/resnet/seed_101/bandpass_n20003_call_electrode_s20.npz,76405,c6da90dfb179378baac5a80629edb276336eb41844655b82bfa6e7d302e6a6a5
resnet,clean_only,101,bandpass_n20003_call_electrode_s15,phase2/results/predictions/full/clean_only/resnet/seed_101/bandpass_n20003_call_electrode_s15.npz,76356,ffca13f9f008830219796fbc36b4fa0fabe453e9721ab3bc4acea483620594a7
resnet,clean_only,101,bandpass_n20003_call_electrode_s10,phase2/results/predictions/full/clean_only/resnet/seed_101/bandpass_n20003_call_electrode_s10.npz,76195,059d3dae7dce0807b01959b78fb31ef08dbfed5884c30708758f1c6cbce72dc9
resnet,clean_only,101,bandpass_n20003_call_electrode_s5,phase2/results/predictions/full/clean_only/resnet/seed_101/bandpass_n20003_call_electrode_s5.npz,75866,af8e8e9b997414eca709507a24c32a5c5d964ca752665353ab35bfef38707d19
resnet,clean_only,101,bandpass_n20003_call_electrode_s0,phase2/results/predictions/full/clean_only/resnet/seed_101/bandpass_n20003_call_electrode_s0.npz,75253,9c41f3d2ee99d38223ce641efb75e22898d5f2d6230ff5f69dddd23a622f0c27
resnet,clean_only,101,bandpass_n20003_call_covariance_s20,phase2/results/predictions/full/clean_only/resnet/seed_101/bandpass_n20003_call_covariance_s20.npz,76422,0e08cb84aa818661ac9d598730a02745841cdfd6162da921dc45dbcb1e860fba
resnet,clean_only,101,bandpass_n20003_call_covariance_s15,phase2/results/predictions/full/clean_only/resnet/seed_101/bandpass_n20003_call_covariance_s15.npz,76350,070aeb7540d27783835df0d3b3aa3ea75cb876ddd3ebbc933338e4fe55e746a7
resnet,clean_only,101,bandpass_n20003_call_covariance_s10,phase2/results/predictions/full/clean_only/resnet/seed_101/bandpass_n20003_call_covariance_s10.npz,76180,23e5032beab62d8d216e4c5d5595f5273a3b3a1ac419d2cefe221181826e7513
resnet,clean_only,101,bandpass_n20003_call_covariance_s5,phase2/results/predictions/full/clean_only/resnet/seed_101/bandpass_n20003_call_covariance_s5.npz,75852,5895c30802787563fd1f3cfd33371ac03a29f0c590ebdc9329bbc8524abba00e
resnet,clean_only,101,bandpass_n20003_call_covariance_s0,phase2/results/predictions/full/clean_only/resnet/seed_101/bandpass_n20003_call_covariance_s0.npz,75256,5c9f8ef41214dd1dd371077b7062854b013c02570a1c344865d96db9b42a9329
resnet,clean_only,101,bandpass_n20004_cRA_LA_LL_independent_rms_s20,phase2/results/predictions/full/clean_only/resnet/seed_101/bandpass_n20004_cRA_LA_LL_independent_rms_s20.npz,76431,c69669eb866efef4447be5b8cc5c7368c24f9f31b52fe11b401a2bcdd90728d6
resnet,clean_only,101,bandpass_n20004_cRA_LA_LL_independent_rms_s15,phase2/results/predictions/full/clean_only/resnet/seed_101/bandpass_n20004_cRA_LA_LL_independent_rms_s15.npz,76368,afbe4a9da2bd2645b96e9be267939d396112a351594d9fa3ef35bd5372a5e332
resnet,clean_only,101,bandpass_n20004_cRA_LA_LL_independent_rms_s10,phase2/results/predictions/full/clean_only/resnet/seed_101/bandpass_n20004_cRA_LA_LL_independent_rms_s10.npz,76274,830f30909bc5429cfeffc23b3a264d0451d3b980d336a60933fb94a7b6e57062
resnet,clean_only,101,bandpass_n20004_cRA_LA_LL_independent_rms_s5,phase2/results/predictions/full/clean_only/resnet/seed_101/bandpass_n20004_cRA_LA_LL_independent_rms_s5.npz,76014,3f966ceadd533bf91a588001644478502723e26d8eb33681fdf674dbfe16217b
resnet,clean_only,101,bandpass_n20004_cRA_LA_LL_independent_rms_s0,phase2/results/predictions/full/clean_only/resnet/seed_101/bandpass_n20004_cRA_LA_LL_independent_rms_s0.npz,75373,6e4cd1ccf8e2f6f05bb2c8b4418d87a29c77157793d5b656b67e4d0cf2b98f0f
resnet,clean_only,101,bandpass_n20004_cRA_LA_LL_electrode_s20,phase2/results/predictions/full/clean_only/resnet/seed_101/bandpass_n20004_cRA_LA_LL_electrode_s20.npz,76453,1c98389d93b3bda90db08e39858dc8b0c371cf56d87166eaeea8f7af715cda45
resnet,clean_only,101,bandpass_n20004_cRA_LA_LL_electrode_s15,phase2/results/predictions/full/clean_only/resnet/seed_101/bandpass_n20004_cRA_LA_LL_electrode_s15.npz,76380,bb7e8922e78386555efa8fccd5e931a775779d7ae43d799b2505df585fe81e2e
resnet,clean_only,101,bandpass_n20004_cRA_LA_LL_electrode_s10,phase2/results/predictions/full/clean_only/resnet/seed_101/bandpass_n20004_cRA_LA_LL_electrode_s10.npz,76161,f7289da62e984b6f988a5f2610c4a788ef521f5bba94db57abda9a274b527a54
resnet,clean_only,101,bandpass_n20004_cRA_LA_LL_electrode_s5,phase2/results/predictions/full/clean_only/resnet/seed_101/bandpass_n20004_cRA_LA_LL_electrode_s5.npz,75793,c6fc328638bf618bbf0d698639df6342da207ec7e9176dce4110eb1d60a7df7a
resnet,clean_only,101,bandpass_n20004_cRA_LA_LL_electrode_s0,phase2/results/predictions/full/clean_only/resnet/seed_101/bandpass_n20004_cRA_LA_LL_electrode_s0.npz,75232,ffcf9810df7f0efb4a9ab44f2302d86535a511f2ba129f38c6ee4de03d2c4a4b
resnet,clean_only,101,bandpass_n20004_cRA_LA_LL_covariance_s20,phase2/results/predictions/full/clean_only/resnet/seed_101/bandpass_n20004_cRA_LA_LL_covariance_s20.npz,76397,856f5d5bb1e356dbe26b40f25b6fa3f39cf20cbcd6965bc09c94cf9e88d319c4
resnet,clean_only,101,bandpass_n20004_cRA_LA_LL_covariance_s15,phase2/results/predictions/full/clean_only/resnet/seed_101/bandpass_n20004_cRA_LA_LL_covariance_s15.npz,76333,f74d34cdd2ee245ba6573284db90313054f855764c5bd1c366c37d5c37802795
resnet,clean_only,101,bandpass_n20004_cRA_LA_LL_covariance_s10,phase2/results/predictions/full/clean_only/resnet/seed_101/bandpass_n20004_cRA_LA_LL_covariance_s10.npz,76175,69cbcf616337adec9a2821b6602ea98ff63869df272b016cf473c7c2529b5a32
resnet,clean_only,101,bandpass_n20004_cRA_LA_LL_covariance_s5,phase2/results/predictions/full/clean_only/resnet/seed_101/bandpass_n20004_cRA_LA_LL_covariance_s5.npz,75796,8461e88df4b30e32b678d68bb9b776f38af0ed84f3b5a00c1f8099ac909f749b
resnet,clean_only,101,bandpass_n20004_cRA_LA_LL_covariance_s0,phase2/results/predictions/full/clean_only/resnet/seed_101/bandpass_n20004_cRA_LA_LL_covariance_s0.npz,75254,55e305922f697b05fc26279b0d8dd584c9e48de2de9c4e842e473b4ef7494ed3
resnet,clean_only,101,bandpass_n20004_cV1_independent_rms_s20,phase2/results/predictions/full/clean_only/resnet/seed_101/bandpass_n20004_cV1_independent_rms_s20.npz,76440,456ad571cd1d37311d60e805155fd33e7e50057230cf869d7a9fd60328300efd
resnet,clean_only,101,bandpass_n20004_cV1_independent_rms_s15,phase2/results/predictions/full/clean_only/resnet/seed_101/bandpass_n20004_cV1_independent_rms_s15.npz,76361,034b702528e661696980496491af94ed3112c65db60ec756a87d9052eed8ed34
resnet,clean_only,101,bandpass_n20004_cV1_independent_rms_s10,phase2/results/predictions/full/clean_only/resnet/seed_101/bandpass_n20004_cV1_independent_rms_s10.npz,76267,1b59e6680551246b5c3f8b55b6c8b3fdff6a845649bf71c5bf31bb9d18580e9b
resnet,clean_only,101,bandpass_n20004_cV1_independent_rms_s5,phase2/results/predictions/full/clean_only/resnet/seed_101/bandpass_n20004_cV1_independent_rms_s5.npz,75893,894d340644b618d72a6e995e2bcf56ff31e8698dd7ec65c8bb69c80378ccba39
resnet,clean_only,101,bandpass_n20004_cV1_independent_rms_s0,phase2/results/predictions/full/clean_only/resnet/seed_101/bandpass_n20004_cV1_independent_rms_s0.npz,75291,b3b638dcbf41d6685561505f46692d43d3ce0755d4c7a9cc6fd845ecd3038593
resnet,clean_only,101,bandpass_n20004_cV1_electrode_s20,phase2/results/predictions/full/clean_only/resnet/seed_101/bandpass_n20004_cV1_electrode_s20.npz,76407,0c1f347f57d81e40692d6b1660ac3a97d238e0728844b2c11b4bdfcbaf18e207
resnet,clean_only,101,bandpass_n20004_cV1_electrode_s15,phase2/results/predictions/full/clean_only/resnet/seed_101/bandpass_n20004_cV1_electrode_s15.npz,76357,b22e6346bc714e24e266f6e402b9dc215f967841b361ee2f955de3800d16fa29
resnet,clean_only,101,bandpass_n20004_cV1_electrode_s10,phase2/results/predictions/full/clean_only/resnet/seed_101/bandpass_n20004_cV1_electrode_s10.npz,76210,cb4774f5b8e93fd4f6f602e064fe72ca387074b9770c68fb4fe3e8d7eb5292d8
resnet,clean_only,101,bandpass_n20004_cV1_electrode_s5,phase2/results/predictions/full/clean_only/resnet/seed_101/bandpass_n20004_cV1_electrode_s5.npz,75941,86d25b49fdc9c009950fdc515938bdc43eba64b7e3b43f2196bc04e0fa1594d8
resnet,clean_only,101,bandpass_n20004_cV1_electrode_s0,phase2/results/predictions/full/clean_only/resnet/seed_101/bandpass_n20004_cV1_electrode_s0.npz,75293,77679c8ba40d0e3a1133c2cf1f96631f9e92ceb52fe6fbe28e4032c02ad8b257
resnet,clean_only,101,bandpass_n20004_cV1_covariance_s20,phase2/results/predictions/full/clean_only/resnet/seed_101/bandpass_n20004_cV1_covariance_s20.npz,76412,a1d64f1f7c68b7f4d5637cef200b6dcaea9a681be9cd037abd918db39063b8eb
resnet,clean_only,101,bandpass_n20004_cV1_covariance_s15,phase2/results/predictions/full/clean_only/resnet/seed_101/bandpass_n20004_cV1_covariance_s15.npz,76339,e50ffb7604f986d1e79cfda4aac6a80872de2e524025152df0541ea7001acada
resnet,clean_only,101,bandpass_n20004_cV1_covariance_s10,phase2/results/predictions/full/clean_only/resnet/seed_101/bandpass_n20004_cV1_covariance_s10.npz,76275,d4d0a6211b701f7c1cf6a24a78bde0535dfdbe3bd13d566458ace9fade6d1742
resnet,clean_only,101,bandpass_n20004_cV1_covariance_s5,phase2/results/predictions/full/clean_only/resnet/seed_101/bandpass_n20004_cV1_covariance_s5.npz,75915,09d35a98a77a078cf24056cc857be1e66fd685e26df3ae14b6c17dc1472576cd
resnet,clean_only,101,bandpass_n20004_cV1_covariance_s0,phase2/results/predictions/full/clean_only/resnet/seed_101/bandpass_n20004_cV1_covariance_s0.npz,75270,c76d73c8df188ba9bb803dc1e72c6f8d0d30c963ff9c7ef68e99849613a525d4
resnet,clean_only,101,bandpass_n20004_cV2_independent_rms_s20,phase2/results/predictions/full/clean_only/resnet/seed_101/bandpass_n20004_cV2_independent_rms_s20.npz,76403,94dd31f7c77628aa87ede4bbb97321943c28da08a1c9b370a2ed8b19879f4721
resnet,clean_only,101,bandpass_n20004_cV2_independent_rms_s15,phase2/results/predictions/full/clean_only/resnet/seed_101/bandpass_n20004_cV2_independent_rms_s15.npz,76390,107b367d33e486fe9fd97a628a9615da23a40ca6c3c6b4d3e66ea4211a5ba430
resnet,clean_only,101,bandpass_n20004_cV2_independent_rms_s10,phase2/results/predictions/full/clean_only/resnet/seed_101/bandpass_n20004_cV2_independent_rms_s10.npz,76211,30bd3398721b270a46c1c8cf2c7a2493cbc07b7ee7d8c3b7b78e2a0090c4926e
resnet,clean_only,101,bandpass_n20004_cV2_independent_rms_s5,phase2/results/predictions/full/clean_only/resnet/seed_101/bandpass_n20004_cV2_independent_rms_s5.npz,76006,6ed6dac4974fd044daf609e4cbddf9f7502f05ca970c6c2a0e839ea30c536653
resnet,clean_only,101,bandpass_n20004_cV2_independent_rms_s0,phase2/results/predictions/full/clean_only/resnet/seed_101/bandpass_n20004_cV2_independent_rms_s0.npz,75434,621ba7fbc889fce1c0fa067661b665ae13ba1c9298693aaa8232344b7b202f98
resnet,clean_only,101,bandpass_n20004_cV2_electrode_s20,phase2/results/predictions/full/clean_only/resnet/seed_101/bandpass_n20004_cV2_electrode_s20.npz,76405,b46147f428daaab022bd377bbc2a0bf4b0ecf3d777c5a4e5afa096b9596584d2
resnet,clean_only,101,bandpass_n20004_cV2_electrode_s15,phase2/results/predictions/full/clean_only/resnet/seed_101/bandpass_n20004_cV2_electrode_s15.npz,76394,7d2785c7b442e25f55388c9f180918e4d08b2b249799c26866979abf3588f96c
resnet,clean_only,101,bandpass_n20004_cV2_electrode_s10,phase2/results/predictions/full/clean_only/resnet/seed_101/bandpass_n20004_cV2_electrode_s10.npz,76246,daf377266ec4d2ac182a9e75722c37c9548e286522ce2cac2eb0624d4ccb1580
resnet,clean_only,101,bandpass_n20004_cV2_electrode_s5,phase2/results/predictions/full/clean_only/resnet/seed_101/bandpass_n20004_cV2_electrode_s5.npz,75953,61fc6315e1d9c5f8ac6dcbd6e22ee4ca9c3a7a70abe6b71b015c253b68d5e995
resnet,clean_only,101,bandpass_n20004_cV2_electrode_s0,phase2/results/predictions/full/clean_only/resnet/seed_101/bandpass_n20004_cV2_electrode_s0.npz,75404,a1d1bd8221d158b8b0c930e050d4f4c914051c92187a4df0fdfa644c164f811d
resnet,clean_only,101,bandpass_n20004_cV2_covariance_s20,phase2/results/predictions/full/clean_only/resnet/seed_101/bandpass_n20004_cV2_covariance_s20.npz,76411,6a9ff67d292abb06fe153edada1ea661b037393935b9ff4c6f2ee725511df03e
resnet,clean_only,101,bandpass_n20004_cV2_covariance_s15,phase2/results/predictions/full/clean_only/resnet/seed_101/bandpass_n20004_cV2_covariance_s15.npz,76353,7f88c1f9676eb5f14fe9afd02b92ea2dc1f953ba17cf12989154f71c23430b58
resnet,clean_only,101,bandpass_n20004_cV2_covariance_s10,phase2/results/predictions/full/clean_only/resnet/seed_101/bandpass_n20004_cV2_covariance_s10.npz,76250,f74c3a9f7201e8003f4b0489fbde2171392218b55c6c1cd28bfae3844c372c3f
resnet,clean_only,101,bandpass_n20004_cV2_covariance_s5,phase2/results/predictions/full/clean_only/resnet/seed_101/bandpass_n20004_cV2_covariance_s5.npz,75995,f4be755da0be1a8e4f3d638dc7db5baf8ce27b856e41a32321647e4e84ba9dc4
resnet,clean_only,101,bandpass_n20004_cV2_covariance_s0,phase2/results/predictions/full/clean_only/resnet/seed_101/bandpass_n20004_cV2_covariance_s0.npz,75387,4d1d52842818d31ff4c9a923f3132f0f10decaf89b943dbe0057eb52fb33c40f
resnet,clean_only,101,bandpass_n20004_cV3_independent_rms_s20,phase2/results/predictions/full/clean_only/resnet/seed_101/bandpass_n20004_cV3_independent_rms_s20.npz,76408,6fb572f1b0283403dc632ef3ed1e325ccbc781c6ded01a75649aa589c642c3c2
resnet,clean_only,101,bandpass_n20004_cV3_independent_rms_s15,phase2/results/predictions/full/clean_only/resnet/seed_101/bandpass_n20004_cV3_independent_rms_s15.npz,76365,ab8fb676e976d2e3a35ac88c42b1211615d757b8d1d27f13e1d4d7f906bbed99
resnet,clean_only,101,bandpass_n20004_cV3_independent_rms_s10,phase2/results/predictions/full/clean_only/resnet/seed_101/bandpass_n20004_cV3_independent_rms_s10.npz,76271,3e88819107aca43915adfa05bba32778338cc68d00bb60b5eb3cc89f35b74db1
resnet,clean_only,101,bandpass_n20004_cV3_independent_rms_s5,phase2/results/predictions/full/clean_only/resnet/seed_101/bandpass_n20004_cV3_independent_rms_s5.npz,76032,90bfbff6b292f3ac7e3e5eb5574aa9f539c5d6f2fae16c1437a775f2da304e64
resnet,clean_only,101,bandpass_n20004_cV3_independent_rms_s0,phase2/results/predictions/full/clean_only/resnet/seed_101/bandpass_n20004_cV3_independent_rms_s0.npz,75545,3850d908203a319572381efaff2c18eca7415e8717cf7fae4765f64f179701e6
resnet,clean_only,101,bandpass_n20004_cV3_electrode_s20,phase2/results/predictions/full/clean_only/resnet/seed_101/bandpass_n20004_cV3_electrode_s20.npz,76430,a8b0ae2371a745effe799cc1223c9a53b7729434b74aadd50844116585f3a4d7
resnet,clean_only,101,bandpass_n20004_cV3_electrode_s15,phase2/results/predictions/full/clean_only/resnet/seed_101/bandpass_n20004_cV3_electrode_s15.npz,76407,34b50140d6034b21359593ca715b96d2afb97b13473726fbf5cb53f6beaaa46e
resnet,clean_only,101,bandpass_n20004_cV3_electrode_s10,phase2/results/predictions/full/clean_only/resnet/seed_101/bandpass_n20004_cV3_electrode_s10.npz,76284,412b74c81215f16386fae777219a82c7d907d13b8f64c6238b009056db9da622
resnet,clean_only,101,bandpass_n20004_cV3_electrode_s5,phase2/results/predictions/full/clean_only/resnet/seed_101/bandpass_n20004_cV3_electrode_s5.npz,76022,88e251d26ab76dc097a8b2175de6cf66c451111619639952e0207e8f4ce6f1df
resnet,clean_only,101,bandpass_n20004_cV3_electrode_s0,phase2/results/predictions/full/clean_only/resnet/seed_101/bandpass_n20004_cV3_electrode_s0.npz,75495,39ed024adb49e4897d541083dc8b89252298fbab90dc6f3b5469d89795b59d75
resnet,clean_only,101,bandpass_n20004_cV3_covariance_s20,phase2/results/predictions/full/clean_only/resnet/seed_101/bandpass_n20004_cV3_covariance_s20.npz,76423,510a125b601b102765c3fabc3e59666835cf7a00a767eb7495422e2a81648f70
resnet,clean_only,101,bandpass_n20004_cV3_covariance_s15,phase2/results/predictions/full/clean_only/resnet/seed_101/bandpass_n20004_cV3_covariance_s15.npz,76422,1472606842ab8c9e591bacd2defebf0f8a1764bf0f69bb09a90ed195a831064c
resnet,clean_only,101,bandpass_n20004_cV3_covariance_s10,phase2/results/predictions/full/clean_only/resnet/seed_101/bandpass_n20004_cV3_covariance_s10.npz,76306,1405f832084eceeb73bd916f3d8983782a05982c89f0aa04f8d17b80e3b015d1
resnet,clean_only,101,bandpass_n20004_cV3_covariance_s5,phase2/results/predictions/full/clean_only/resnet/seed_101/bandpass_n20004_cV3_covariance_s5.npz,76049,46687942caf9c07c912e9e0184da168f9f72c01eea2936cd5971d385056fce32
resnet,clean_only,101,bandpass_n20004_cV3_covariance_s0,phase2/results/predictions/full/clean_only/resnet/seed_101/bandpass_n20004_cV3_covariance_s0.npz,75521,560dba27cd8c6b8f56a9593e57bdb7a37a32fac188661a1bc653da20272730d8
resnet,clean_only,101,bandpass_n20004_cV4_independent_rms_s20,phase2/results/predictions/full/clean_only/resnet/seed_101/bandpass_n20004_cV4_independent_rms_s20.npz,76432,b8d834119ccce152e17badaacfa03d4c66bd9cbdc0f0f43afefdfee67b424e8d
resnet,clean_only,101,bandpass_n20004_cV4_independent_rms_s15,phase2/results/predictions/full/clean_only/resnet/seed_101/bandpass_n20004_cV4_independent_rms_s15.npz,76409,6ff7557cf5e94de39bbff70d2f2bee6b589a82af38409231b40f9e2e88ab220b
resnet,clean_only,101,bandpass_n20004_cV4_independent_rms_s10,phase2/results/predictions/full/clean_only/resnet/seed_101/bandpass_n20004_cV4_independent_rms_s10.npz,76346,79e1c7e2339ce37b67aeb47d81ccbfc907d00bbe810d869245319d465d45cd5c
resnet,clean_only,101,bandpass_n20004_cV4_independent_rms_s5,phase2/results/predictions/full/clean_only/resnet/seed_101/bandpass_n20004_cV4_independent_rms_s5.npz,76146,a932a1304a90dde4a1cd456ab1463e64856e8128c1b6898771fcc7825c82c4e5
resnet,clean_only,101,bandpass_n20004_cV4_independent_rms_s0,phase2/results/predictions/full/clean_only/resnet/seed_101/bandpass_n20004_cV4_independent_rms_s0.npz,75717,2bd35f1a7420297545b9c5ff54eedf2900a0b0c2a5b9ea89648c0c9238259ba7
resnet,clean_only,101,bandpass_n20004_cV4_electrode_s20,phase2/results/predictions/full/clean_only/resnet/seed_101/bandpass_n20004_cV4_electrode_s20.npz,76436,0eca64ed4fee4664eefb88529d276d99f6174bd9425e0a4ae3767e76b85683c5
resnet,clean_only,101,bandpass_n20004_cV4_electrode_s15,phase2/results/predictions/full/clean_only/resnet/seed_101/bandpass_n20004_cV4_electrode_s15.npz,76388,a03f3bfd8308b11a8baf2c5189d32623154bf1f6ed9917a7757581e6da301a29
resnet,clean_only,101,bandpass_n20004_cV4_electrode_s10,phase2/results/predictions/full/clean_only/resnet/seed_101/bandpass_n20004_cV4_electrode_s10.npz,76368,67435a51f20ad4537c59399367e214c9beb49181f4437cfb2b49ae757bdba9d9
resnet,clean_only,101,bandpass_n20004_cV4_electrode_s5,phase2/results/predictions/full/clean_only/resnet/seed_101/bandpass_n20004_cV4_electrode_s5.npz,76118,a5e83f61a931f1e0c2e546bdd73a26b4ab2279173c70ac64e86b67e1d50d9ea2
resnet,clean_only,101,bandpass_n20004_cV4_electrode_s0,phase2/results/predictions/full/clean_only/resnet/seed_101/bandpass_n20004_cV4_electrode_s0.npz,75725,d2ced36c61c21f45eafb4fbcc6e6883f662dce8ed533fa1cda38f8545a954e53
resnet,clean_only,101,bandpass_n20004_cV4_covariance_s20,phase2/results/predictions/full/clean_only/resnet/seed_101/bandpass_n20004_cV4_covariance_s20.npz,76461,8c24a56db2c2626210a41e7838ce7826e8014d6077b196d7652fee2848549165
resnet,clean_only,101,bandpass_n20004_cV4_covariance_s15,phase2/results/predictions/full/clean_only/resnet/seed_101/bandpass_n20004_cV4_covariance_s15.npz,76411,95a0197399d18d0a0216cda1355fffac2261983492d9e831917f271fce826e30
resnet,clean_only,101,bandpass_n20004_cV4_covariance_s10,phase2/results/predictions/full/clean_only/resnet/seed_101/bandpass_n20004_cV4_covariance_s10.npz,76329,cdcb7511e0fe84c1d68983cf77161aae859c5c5faebed9170b5dc168549e7920
resnet,clean_only,101,bandpass_n20004_cV4_covariance_s5,phase2/results/predictions/full/clean_only/resnet/seed_101/bandpass_n20004_cV4_covariance_s5.npz,76142,e9266cccaf7e1c4d2d7f7a08144f57b7526d05a115350aa60c7c1938aae8b777
resnet,clean_only,101,bandpass_n20004_cV4_covariance_s0,phase2/results/predictions/full/clean_only/resnet/seed_101/bandpass_n20004_cV4_covariance_s0.npz,75723,65b912d9602ca0e2c534a27e39f33dae6d71f2d87d584e76da776eb0373a5bc4
resnet,clean_only,101,bandpass_n20004_cV5_independent_rms_s20,phase2/results/predictions/full/clean_only/resnet/seed_101/bandpass_n20004_cV5_independent_rms_s20.npz,76426,61948939622f6e9cac27bccebefb3dedf4ca3af4b489eda171144867cc62df60
resnet,clean_only,101,bandpass_n20004_cV5_independent_rms_s15,phase2/results/predictions/full/clean_only/resnet/seed_101/bandpass_n20004_cV5_independent_rms_s15.npz,76418,ebbb8cc08ab8ea289046bf8d6362a39a0b4612ef58c7d2cd3da4613053bf6cc7
resnet,clean_only,101,bandpass_n20004_cV5_independent_rms_s10,phase2/results/predictions/full/clean_only/resnet/seed_101/bandpass_n20004_cV5_independent_rms_s10.npz,76280,0871a7969a6314eaf7eb24afcc55444e88fb62a97ff2e9fa5faf6c298aee385c
resnet,clean_only,101,bandpass_n20004_cV5_independent_rms_s5,phase2/results/predictions/full/clean_only/resnet/seed_101/bandpass_n20004_cV5_independent_rms_s5.npz,75990,13afa635982b5099a62ee3b1ca13ea9ac8e61d2aad668542e7067e85e334a05b
resnet,clean_only,101,bandpass_n20004_cV5_independent_rms_s0,phase2/results/predictions/full/clean_only/resnet/seed_101/bandpass_n20004_cV5_independent_rms_s0.npz,75282,b67023983405325d94c2ab9966c1834ffd6077c0a99592acae9bec27fb0d5a8c
resnet,clean_only,101,bandpass_n20004_cV5_electrode_s20,phase2/results/predictions/full/clean_only/resnet/seed_101/bandpass_n20004_cV5_electrode_s20.npz,76428,dfb17a31a6ed66eb141da2c22fcec2091850944667a976f6c5c4e91d9014d51b
resnet,clean_only,101,bandpass_n20004_cV5_electrode_s15,phase2/results/predictions/full/clean_only/resnet/seed_101/bandpass_n20004_cV5_electrode_s15.npz,76396,82d21e4db25dd48365fb6dea6fd0db28afd4396e741f256f0505b5b76d400e6e
resnet,clean_only,101,bandpass_n20004_cV5_electrode_s10,phase2/results/predictions/full/clean_only/resnet/seed_101/bandpass_n20004_cV5_electrode_s10.npz,76264,6ea4c9ece0d388eb20103f27c32838ad5aa11d0666e634360c0fc6c0dbc4213f
resnet,clean_only,101,bandpass_n20004_cV5_electrode_s5,phase2/results/predictions/full/clean_only/resnet/seed_101/bandpass_n20004_cV5_electrode_s5.npz,76009,c4ae4b83bb9a48be1915421a959e5e07bc64ac408fe4e8af686dab3d7061ffa2
resnet,clean_only,101,bandpass_n20004_cV5_electrode_s0,phase2/results/predictions/full/clean_only/resnet/seed_101/bandpass_n20004_cV5_electrode_s0.npz,75262,2ed8ca89a197ce560e4de50f88bf0b33a016fbd9c12c362a4c77ef9473af10a6
resnet,clean_only,101,bandpass_n20004_cV5_covariance_s20,phase2/results/predictions/full/clean_only/resnet/seed_101/bandpass_n20004_cV5_covariance_s20.npz,76422,0fc1e3ada900d933c3c8e50b278ffdc96bf0695146c614661da0b2cac91be9eb
resnet,clean_only,101,bandpass_n20004_cV5_covariance_s15,phase2/results/predictions/full/clean_only/resnet/seed_101/bandpass_n20004_cV5_covariance_s15.npz,76378,0efa5b2116bf0cd34c593bf5b77f071c01f7e3a8fc69c30d090a5c042c14cfd9
resnet,clean_only,101,bandpass_n20004_cV5_covariance_s10,phase2/results/predictions/full/clean_only/resnet/seed_101/bandpass_n20004_cV5_covariance_s10.npz,76317,cd944f5e836bcc5377291d8fe3e346f8029813393651ede7ee66dfbb9e61ba78
resnet,clean_only,101,bandpass_n20004_cV5_covariance_s5,phase2/results/predictions/full/clean_only/resnet/seed_101/bandpass_n20004_cV5_covariance_s5.npz,75988,6db9dad68fcb41bccf278f4b7d4e1b410ce9da237a5d87bf4145e771f68d5b80
resnet,clean_only,101,bandpass_n20004_cV5_covariance_s0,phase2/results/predictions/full/clean_only/resnet/seed_101/bandpass_n20004_cV5_covariance_s0.npz,75288,cfd4a5eaaf462323e4d176b7e510be56f4867f7ef83de9bde0637726b9d963d3
resnet,clean_only,101,bandpass_n20004_cV6_independent_rms_s20,phase2/results/predictions/full/clean_only/resnet/seed_101/bandpass_n20004_cV6_independent_rms_s20.npz,76457,8cbb592834cf7b058ddf34cd77ef9c1431de91d76a19208bdb3edbeac7b07b0c
resnet,clean_only,101,bandpass_n20004_cV6_independent_rms_s15,phase2/results/predictions/full/clean_only/resnet/seed_101/bandpass_n20004_cV6_independent_rms_s15.npz,76398,28b9e640f0a40e990963074bc2aeafe825a4146a3d8e03b246b85447a50490e7
resnet,clean_only,101,bandpass_n20004_cV6_independent_rms_s10,phase2/results/predictions/full/clean_only/resnet/seed_101/bandpass_n20004_cV6_independent_rms_s10.npz,76279,19e09e843566f4b4b09a81b70e9d98c641cbba69ed1a841910bc2b38c0921872
resnet,clean_only,101,bandpass_n20004_cV6_independent_rms_s5,phase2/results/predictions/full/clean_only/resnet/seed_101/bandpass_n20004_cV6_independent_rms_s5.npz,76065,b46e18c3b80160f31c928e0af2a1ad1b98598c0301954ba6190abf79cb6fd83e
resnet,clean_only,101,bandpass_n20004_cV6_independent_rms_s0,phase2/results/predictions/full/clean_only/resnet/seed_101/bandpass_n20004_cV6_independent_rms_s0.npz,75537,2802e67018158f594e7f97ec4a2a26f8e2f45daaa3db52cf0b25389ca0cf7fa7
resnet,clean_only,101,bandpass_n20004_cV6_electrode_s20,phase2/results/predictions/full/clean_only/resnet/seed_101/bandpass_n20004_cV6_electrode_s20.npz,76426,f3dd35bcc27c253315193bf6f9c81d6f3ce74d531d63f6dfb22dd79860bd45fe
resnet,clean_only,101,bandpass_n20004_cV6_electrode_s15,phase2/results/predictions/full/clean_only/resnet/seed_101/bandpass_n20004_cV6_electrode_s15.npz,76399,17d54257cbca5eb9f3d9c20112580da08739e0b21d92cfae91a960eacc31f488
resnet,clean_only,101,bandpass_n20004_cV6_electrode_s10,phase2/results/predictions/full/clean_only/resnet/seed_101/bandpass_n20004_cV6_electrode_s10.npz,76258,74c843d6fad431da882b5df09b0a63b4981576ffada583abc987e1804fe30749
resnet,clean_only,101,bandpass_n20004_cV6_electrode_s5,phase2/results/predictions/full/clean_only/resnet/seed_101/bandpass_n20004_cV6_electrode_s5.npz,76058,5e48da5746bfd65a575a2f522046423c9b5db1cebc178f6462008338484ab1af
resnet,clean_only,101,bandpass_n20004_cV6_electrode_s0,phase2/results/predictions/full/clean_only/resnet/seed_101/bandpass_n20004_cV6_electrode_s0.npz,75510,6cc0acb325f1dc4ddff67b16c2fe01e334a1972492829fcfbb3001549288d620
resnet,clean_only,101,bandpass_n20004_cV6_covariance_s20,phase2/results/predictions/full/clean_only/resnet/seed_101/bandpass_n20004_cV6_covariance_s20.npz,76413,d8da0e58179cd485f91ce6738512e6b3fa03aa3e753edfcaa1f1307a81a49230
resnet,clean_only,101,bandpass_n20004_cV6_covariance_s15,phase2/results/predictions/full/clean_only/resnet/seed_101/bandpass_n20004_cV6_covariance_s15.npz,76396,9ed0b461f0a8d41184228a85e3f59c23e30174c856f4164aeb303f8aaeee7968
resnet,clean_only,101,bandpass_n20004_cV6_covariance_s10,phase2/results/predictions/full/clean_only/resnet/seed_101/bandpass_n20004_cV6_covariance_s10.npz,76272,167570033eb42a2a39ebec06fe87ba7111283ab83cb1e8533a990c46af4d87bf
resnet,clean_only,101,bandpass_n20004_cV6_covariance_s5,phase2/results/predictions/full/clean_only/resnet/seed_101/bandpass_n20004_cV6_covariance_s5.npz,76036,12ca68b195e5e7fd9397d4c73fa0c72a4167c02c648c4a83820475dc5dab08e2
resnet,clean_only,101,bandpass_n20004_cV6_covariance_s0,phase2/results/predictions/full/clean_only/resnet/seed_101/bandpass_n20004_cV6_covariance_s0.npz,75515,7774fd45e08050fc4a847d8cc561ff19d185a32742dd81df0e1a6ea8daba4ed4
resnet,clean_only,101,bandpass_n20004_cRA_LA_independent_rms_s20,phase2/results/predictions/full/clean_only/resnet/seed_101/bandpass_n20004_cRA_LA_independent_rms_s20.npz,76441,ca73f49ff3bf6c255b6dea9dea3da982815bac5e6b6d0ab3c8f47652c6c0c42a
resnet,clean_only,101,bandpass_n20004_cRA_LA_independent_rms_s15,phase2/results/predictions/full/clean_only/resnet/seed_101/bandpass_n20004_cRA_LA_independent_rms_s15.npz,76415,67b2e8c670591b3e9b04239b79f04c8f417544adf59c8571ad79b10437748df3
resnet,clean_only,101,bandpass_n20004_cRA_LA_independent_rms_s10,phase2/results/predictions/full/clean_only/resnet/seed_101/bandpass_n20004_cRA_LA_independent_rms_s10.npz,76288,26a5c6bb8f177f434f203f92f1db98a4cd6b3919fa84ac307c9158aa5b0d5db1
resnet,clean_only,101,bandpass_n20004_cRA_LA_independent_rms_s5,phase2/results/predictions/full/clean_only/resnet/seed_101/bandpass_n20004_cRA_LA_independent_rms_s5.npz,76011,feb688670aedbb53c19c50f5d16ab1fe7f20312f162aa30e305e4ed9811498d3
resnet,clean_only,101,bandpass_n20004_cRA_LA_independent_rms_s0,phase2/results/predictions/full/clean_only/resnet/seed_101/bandpass_n20004_cRA_LA_independent_rms_s0.npz,75421,2d34f4152cc8e96aa714965e1a7533694e8da6685ae413adbb3c5dee7c289839
resnet,clean_only,101,bandpass_n20004_cRA_LA_electrode_s20,phase2/results/predictions/full/clean_only/resnet/seed_101/bandpass_n20004_cRA_LA_electrode_s20.npz,76416,0a8d1920ccf00012f14dede3f1cc6c83fed63c8ce402dfebf49e96481f60024b
resnet,clean_only,101,bandpass_n20004_cRA_LA_electrode_s15,phase2/results/predictions/full/clean_only/resnet/seed_101/bandpass_n20004_cRA_LA_electrode_s15.npz,76351,fb1309b270ed7c441d4eb016cd9d872eeb53e94d0f724353633d700509201b98
resnet,clean_only,101,bandpass_n20004_cRA_LA_electrode_s10,phase2/results/predictions/full/clean_only/resnet/seed_101/bandpass_n20004_cRA_LA_electrode_s10.npz,76167,8c2f6944df6c0d9fe005a09d66835ac95e7bbc83608b44191a966fad1de1592c
resnet,clean_only,101,bandpass_n20004_cRA_LA_electrode_s5,phase2/results/predictions/full/clean_only/resnet/seed_101/bandpass_n20004_cRA_LA_electrode_s5.npz,75868,f1c5546227e1d1b1329e80b481a68360b26006b8ccdd900a73c25876ca5a02f5
resnet,clean_only,101,bandpass_n20004_cRA_LA_electrode_s0,phase2/results/predictions/full/clean_only/resnet/seed_101/bandpass_n20004_cRA_LA_electrode_s0.npz,75286,32750269fff2f208dc0721f7e512df11a7614d0a3246e09ea3908d2a82d65501
resnet,clean_only,101,bandpass_n20004_cRA_LA_covariance_s20,phase2/results/predictions/full/clean_only/resnet/seed_101/bandpass_n20004_cRA_LA_covariance_s20.npz,76415,b1e2a5c468bed662685548b258e70acdb2c39ea4054c0e1654edc4935afebfa9
resnet,clean_only,101,bandpass_n20004_cRA_LA_covariance_s15,phase2/results/predictions/full/clean_only/resnet/seed_101/bandpass_n20004_cRA_LA_covariance_s15.npz,76351,6c40f5357031bc23313062476f434c05ee74c735c1e953bdd00237066e03aa75
resnet,clean_only,101,bandpass_n20004_cRA_LA_covariance_s10,phase2/results/predictions/full/clean_only/resnet/seed_101/bandpass_n20004_cRA_LA_covariance_s10.npz,76208,c5004bda960aeee79857e53e60ff6783e61863d413ce87aea964bad5b12b2d00
resnet,clean_only,101,bandpass_n20004_cRA_LA_covariance_s5,phase2/results/predictions/full/clean_only/resnet/seed_101/bandpass_n20004_cRA_LA_covariance_s5.npz,75861,ed16121581eb1796ec059fbd56105a9f2b846113fdfc46325d2cfbdb39ba5e64
resnet,clean_only,101,bandpass_n20004_cRA_LA_covariance_s0,phase2/results/predictions/full/clean_only/resnet/seed_101/bandpass_n20004_cRA_LA_covariance_s0.npz,75282,1a0b36ee6bdb16920af4e5706a8e349f0e952ffd284bf96892123bdf20347071
resnet,clean_only,101,bandpass_n20004_cLA_LL_independent_rms_s20,phase2/results/predictions/full/clean_only/resnet/seed_101/bandpass_n20004_cLA_LL_independent_rms_s20.npz,76423,72f9a8186eeb3de68ee3f37eb25a2f46bc693753fd81082ef02dc502fd789515
resnet,clean_only,101,bandpass_n20004_cLA_LL_independent_rms_s15,phase2/results/predictions/full/clean_only/resnet/seed_101/bandpass_n20004_cLA_LL_independent_rms_s15.npz,76395,b14c95dd4b1334fb71db1acd1eeae1689ad45bc1195ea14703efed0159bc851d
resnet,clean_only,101,bandpass_n20004_cLA_LL_independent_rms_s10,phase2/results/predictions/full/clean_only/resnet/seed_101/bandpass_n20004_cLA_LL_independent_rms_s10.npz,76277,c9f7154e02abe5fba7db469610afe61d018ce750a188d66fc21da96d554e7456
resnet,clean_only,101,bandpass_n20004_cLA_LL_independent_rms_s5,phase2/results/predictions/full/clean_only/resnet/seed_101/bandpass_n20004_cLA_LL_independent_rms_s5.npz,75990,446b9dc269545f9dd53955a1f4e3759168f1ab7d0ff1acc709a31bf3b291d5e4
resnet,clean_only,101,bandpass_n20004_cLA_LL_independent_rms_s0,phase2/results/predictions/full/clean_only/resnet/seed_101/bandpass_n20004_cLA_LL_independent_rms_s0.npz,75389,caec5356ba9446bcf01d14ad2ec47c1d7e291001f67f2b3cca1d48e74a1054c2
resnet,clean_only,101,bandpass_n20004_cLA_LL_electrode_s20,phase2/results/predictions/full/clean_only/resnet/seed_101/bandpass_n20004_cLA_LL_electrode_s20.npz,76421,a018d7676c9e9e0f80ae48877c152af560c2528f6431d41175dccd83ff5ccffb
resnet,clean_only,101,bandpass_n20004_cLA_LL_electrode_s15,phase2/results/predictions/full/clean_only/resnet/seed_101/bandpass_n20004_cLA_LL_electrode_s15.npz,76360,99eb15a62fa3a6823669c8b65d43669c621a6dac62938d8ff576843ad4989f38
resnet,clean_only,101,bandpass_n20004_cLA_LL_electrode_s10,phase2/results/predictions/full/clean_only/resnet/seed_101/bandpass_n20004_cLA_LL_electrode_s10.npz,76123,99adc0c38ab94b56d4e8ef84ab5c203a0059029501ffbe957cd54996ff228fa4
resnet,clean_only,101,bandpass_n20004_cLA_LL_electrode_s5,phase2/results/predictions/full/clean_only/resnet/seed_101/bandpass_n20004_cLA_LL_electrode_s5.npz,75818,0ed51a02c7247a8f83a9810a98afa28e929e3246f97322e0424ba37d09a2e311
resnet,clean_only,101,bandpass_n20004_cLA_LL_electrode_s0,phase2/results/predictions/full/clean_only/resnet/seed_101/bandpass_n20004_cLA_LL_electrode_s0.npz,75353,f3bd88b36b6e44fa85b089e71ce73a6927f1ea345eeb5d4c772d6f61d5022b3d
resnet,clean_only,101,bandpass_n20004_cLA_LL_covariance_s20,phase2/results/predictions/full/clean_only/resnet/seed_101/bandpass_n20004_cLA_LL_covariance_s20.npz,76432,31ef44ce6f27ab27eeed6cdc242b3b96affd71735bb23476568521a4e059af8e
resnet,clean_only,101,bandpass_n20004_cLA_LL_covariance_s15,phase2/results/predictions/full/clean_only/resnet/seed_101/bandpass_n20004_cLA_LL_covariance_s15.npz,76344,dd7276c779194c4644319af7a4ba111cd25f5cac2dad45ccec382858078c8498
resnet,clean_only,101,bandpass_n20004_cLA_LL_covariance_s10,phase2/results/predictions/full/clean_only/resnet/seed_101/bandpass_n20004_cLA_LL_covariance_s10.npz,76191,6c4a9880d76be23b76f20eebd3a4c159137d6761462f1de7fb920a4cfad359d2
resnet,clean_only,101,bandpass_n20004_cLA_LL_covariance_s5,phase2/results/predictions/full/clean_only/resnet/seed_101/bandpass_n20004_cLA_LL_covariance_s5.npz,75799,83a671f0930487440dae708f3c8343eb21316ef7a9f058ce331b8e896589e7d2
resnet,clean_only,101,bandpass_n20004_cLA_LL_covariance_s0,phase2/results/predictions/full/clean_only/resnet/seed_101/bandpass_n20004_cLA_LL_covariance_s0.npz,75361,c9ce692e509037407474996bcb0be704c109af972dbfc380fb2a2d44fb1b243b
resnet,clean_only,101,bandpass_n20004_cRA_LL_independent_rms_s20,phase2/results/predictions/full/clean_only/resnet/seed_101/bandpass_n20004_cRA_LL_independent_rms_s20.npz,76423,c08d81f84d7a3b6b8d3ce568561e07e055f2d6281ba71d09bcd7ccf347036dce
resnet,clean_only,101,bandpass_n20004_cRA_LL_independent_rms_s15,phase2/results/predictions/full/clean_only/resnet/seed_101/bandpass_n20004_cRA_LL_independent_rms_s15.npz,76379,73f50f73e1d26ab157db4c191bcabf5b178be91bb6a53ba91191b673746589a5
resnet,clean_only,101,bandpass_n20004_cRA_LL_independent_rms_s10,phase2/results/predictions/full/clean_only/resnet/seed_101/bandpass_n20004_cRA_LL_independent_rms_s10.npz,76270,2e65d49fe6f59f2de728183449427ec1e2eaa0cf7a7ffb37b1342f808c5cad3c
resnet,clean_only,101,bandpass_n20004_cRA_LL_independent_rms_s5,phase2/results/predictions/full/clean_only/resnet/seed_101/bandpass_n20004_cRA_LL_independent_rms_s5.npz,76000,538e2ca5c42e2d46df3a8c9b79802805304fb5a6cce3178380038bb8f3f8fab5
resnet,clean_only,101,bandpass_n20004_cRA_LL_independent_rms_s0,phase2/results/predictions/full/clean_only/resnet/seed_101/bandpass_n20004_cRA_LL_independent_rms_s0.npz,75392,48787713275125a5e44dd2fc064b44a7b368aca3830cb738ba4347ff22974489
resnet,clean_only,101,bandpass_n20004_cRA_LL_electrode_s20,phase2/results/predictions/full/clean_only/resnet/seed_101/bandpass_n20004_cRA_LL_electrode_s20.npz,76416,cdb155455ad3f48c2735062b66c8ca1ad8ee8ba021005ea46df7105bf9f75ead
resnet,clean_only,101,bandpass_n20004_cRA_LL_electrode_s15,phase2/results/predictions/full/clean_only/resnet/seed_101/bandpass_n20004_cRA_LL_electrode_s15.npz,76342,7f942c6fad0cfc5d376aeb2438550770b65b2e0e3449a2915b4775bafc31f553
resnet,clean_only,101,bandpass_n20004_cRA_LL_electrode_s10,phase2/results/predictions/full/clean_only/resnet/seed_101/bandpass_n20004_cRA_LL_electrode_s10.npz,76152,a853c6958c3a0b55d609c8997ec91ff3bfe784c497dd3cfaf2e4ce751694d865
resnet,clean_only,101,bandpass_n20004_cRA_LL_electrode_s5,phase2/results/predictions/full/clean_only/resnet/seed_101/bandpass_n20004_cRA_LL_electrode_s5.npz,75824,ca5dc5ba8fdacdfe43ac6cd72403e7a3571ea0373599a41892a4f8f2d4566d46
resnet,clean_only,101,bandpass_n20004_cRA_LL_electrode_s0,phase2/results/predictions/full/clean_only/resnet/seed_101/bandpass_n20004_cRA_LL_electrode_s0.npz,75209,c42859ec9a19c9a47ab4ee53f54c4875df6f2c287e17e6a1c8a876eb55d797d2
resnet,clean_only,101,bandpass_n20004_cRA_LL_covariance_s20,phase2/results/predictions/full/clean_only/resnet/seed_101/bandpass_n20004_cRA_LL_covariance_s20.npz,76397,1b3e8aa6e605eb048c61f6a7aaee76beac6d15cb33c66f6d14b2cfca66448fd5
resnet,clean_only,101,bandpass_n20004_cRA_LL_covariance_s15,phase2/results/predictions/full/clean_only/resnet/seed_101/bandpass_n20004_cRA_LL_covariance_s15.npz,76340,23dad592b3ad7cd0635dbe4333e18050297954ea76d8f2a9b6287e8bf41cfa7b
resnet,clean_only,101,bandpass_n20004_cRA_LL_covariance_s10,phase2/results/predictions/full/clean_only/resnet/seed_101/bandpass_n20004_cRA_LL_covariance_s10.npz,76162,3f02fea8e71afb39d133c1d79c1a573da64a873b2e9e693284afc3659e201fd8
resnet,clean_only,101,bandpass_n20004_cRA_LL_covariance_s5,phase2/results/predictions/full/clean_only/resnet/seed_101/bandpass_n20004_cRA_LL_covariance_s5.npz,75804,e9fb62dfaf75425259ef4381fd351827b456940da80dd7f7e26ecad07ee5e951
resnet,clean_only,101,bandpass_n20004_cRA_LL_covariance_s0,phase2/results/predictions/full/clean_only/resnet/seed_101/bandpass_n20004_cRA_LL_covariance_s0.npz,75200,53e91c37a16e7b6770409bd2a2c7e8ddfaa12558d4df1c04b039114983e22260
resnet,clean_only,101,bandpass_n20004_cRA_independent_rms_s20,phase2/results/predictions/full/clean_only/resnet/seed_101/bandpass_n20004_cRA_independent_rms_s20.npz,76446,b96441ad6d60ceff66d7688bbdb59b6f300344819f178c1965907863b40dc234
resnet,clean_only,101,bandpass_n20004_cRA_independent_rms_s15,phase2/results/predictions/full/clean_only/resnet/seed_101/bandpass_n20004_cRA_independent_rms_s15.npz,76386,f9d2044e6092a94dac32c688d2f50f11aed7fa7869d41fd3c9fa409db2cced95
resnet,clean_only,101,bandpass_n20004_cRA_independent_rms_s10,phase2/results/predictions/full/clean_only/resnet/seed_101/bandpass_n20004_cRA_independent_rms_s10.npz,76275,35171810ae3d41ae6ba62fefec8c6cae00bda4e8a364a0e08d071efbedc2c339
resnet,clean_only,101,bandpass_n20004_cRA_independent_rms_s5,phase2/results/predictions/full/clean_only/resnet/seed_101/bandpass_n20004_cRA_independent_rms_s5.npz,76042,1c4ae5be88410a92582d8033f20dd450b9f81e8074e9f73858ed4dd8a5729ef2
resnet,clean_only,101,bandpass_n20004_cRA_independent_rms_s0,phase2/results/predictions/full/clean_only/resnet/seed_101/bandpass_n20004_cRA_independent_rms_s0.npz,75430,3f2905cee21243006f02bbed32b7690a0f3b2cae3fbd2c1f13cda81688a566dd
resnet,clean_only,101,bandpass_n20004_cRA_electrode_s20,phase2/results/predictions/full/clean_only/resnet/seed_101/bandpass_n20004_cRA_electrode_s20.npz,76407,ded2532f732e2bb731978f88644b8a9b556bfe23f94bc31749847ada9f86859a
resnet,clean_only,101,bandpass_n20004_cRA_electrode_s15,phase2/results/predictions/full/clean_only/resnet/seed_101/bandpass_n20004_cRA_electrode_s15.npz,76343,e652b0da58fa1cbd939af92ab5f8fdbb158db82b932a41c63b43642a85309168
resnet,clean_only,101,bandpass_n20004_cRA_electrode_s10,phase2/results/predictions/full/clean_only/resnet/seed_101/bandpass_n20004_cRA_electrode_s10.npz,76224,1b20e1cd260aa8a0641315ec226906e3acf4bdfc978b7019f109c5b287d91004
resnet,clean_only,101,bandpass_n20004_cRA_electrode_s5,phase2/results/predictions/full/clean_only/resnet/seed_101/bandpass_n20004_cRA_electrode_s5.npz,75905,45fc420ea4d555461ef755d043a5180a1e4b6fb0632892f15aa5800c1d564f79
resnet,clean_only,101,bandpass_n20004_cRA_electrode_s0,phase2/results/predictions/full/clean_only/resnet/seed_101/bandpass_n20004_cRA_electrode_s0.npz,75402,24b62b183ca6a18752bf70fa071baa89bf0b50faa5e65025c3078379fdd3f804
resnet,clean_only,101,bandpass_n20004_cRA_covariance_s20,phase2/results/predictions/full/clean_only/resnet/seed_101/bandpass_n20004_cRA_covariance_s20.npz,76416,7384911562376767fbd06df52d5397c87681cb6542ab0242d083c5a8a36cd478
resnet,clean_only,101,bandpass_n20004_cRA_covariance_s15,phase2/results/predictions/full/clean_only/resnet/seed_101/bandpass_n20004_cRA_covariance_s15.npz,76364,32f556064775e81ef3563dea1f2bb0aa7dead19b4f146b8cb13fd9ba0588c065
resnet,clean_only,101,bandpass_n20004_cRA_covariance_s10,phase2/results/predictions/full/clean_only/resnet/seed_101/bandpass_n20004_cRA_covariance_s10.npz,76194,05b4a29af6e891bb94efc7ff20b6c3f88f72ef9d6e22be906070b4fdc21c7980
resnet,clean_only,101,bandpass_n20004_cRA_covariance_s5,phase2/results/predictions/full/clean_only/resnet/seed_101/bandpass_n20004_cRA_covariance_s5.npz,75908,22b73bbf305771c95e04d3bcc837122c1eaea53c2e03e0a5901244f31b1fcb63
resnet,clean_only,101,bandpass_n20004_cRA_covariance_s0,phase2/results/predictions/full/clean_only/resnet/seed_101/bandpass_n20004_cRA_covariance_s0.npz,75378,b88c8cc2f1f01784e7b4b85a30b03774692815f1d3addb4a545d9b274eb336d2
resnet,clean_only,101,bandpass_n20004_cLA_independent_rms_s20,phase2/results/predictions/full/clean_only/resnet/seed_101/bandpass_n20004_cLA_independent_rms_s20.npz,76442,58ba2e723f5dfa736af9f97f0593a3989e4b67e7116c46b621775c1e5a90c6fd
resnet,clean_only,101,bandpass_n20004_cLA_independent_rms_s15,phase2/results/predictions/full/clean_only/resnet/seed_101/bandpass_n20004_cLA_independent_rms_s15.npz,76349,12495833172047a918899b95aa3374efa684a4bbf1e1018a4b0ce42b27d667e7
resnet,clean_only,101,bandpass_n20004_cLA_independent_rms_s10,phase2/results/predictions/full/clean_only/resnet/seed_101/bandpass_n20004_cLA_independent_rms_s10.npz,76280,36add69e4e664ab55165b10d33b065f70d5fa141cf45bb504bd3493c0e0aeda3
resnet,clean_only,101,bandpass_n20004_cLA_independent_rms_s5,phase2/results/predictions/full/clean_only/resnet/seed_101/bandpass_n20004_cLA_independent_rms_s5.npz,76020,345fd961314dfd39383d3d2e49ab3092ea94dfadb041ec1ab3b5d42999bf92aa
resnet,clean_only,101,bandpass_n20004_cLA_independent_rms_s0,phase2/results/predictions/full/clean_only/resnet/seed_101/bandpass_n20004_cLA_independent_rms_s0.npz,75378,5b606acd4e6e044451618ded050e289ab1ede63071c0933f8228b07ed5cec4c0
resnet,clean_only,101,bandpass_n20004_cLA_electrode_s20,phase2/results/predictions/full/clean_only/resnet/seed_101/bandpass_n20004_cLA_electrode_s20.npz,76416,434d48e216355a305ae54abbcefb0de5c7337842513165c1bcb8fe44cd1c4a7b
resnet,clean_only,101,bandpass_n20004_cLA_electrode_s15,phase2/results/predictions/full/clean_only/resnet/seed_101/bandpass_n20004_cLA_electrode_s15.npz,76333,e2ad09c61b14b3c97a7d0ab16813610da666694742daa68484a42de0265e8a0f
resnet,clean_only,101,bandpass_n20004_cLA_electrode_s10,phase2/results/predictions/full/clean_only/resnet/seed_101/bandpass_n20004_cLA_electrode_s10.npz,76196,a75d708ff5503a6cfc08c157f4e76b634a7b7b0b0c71107b9b7c7a3debaa09d7
resnet,clean_only,101,bandpass_n20004_cLA_electrode_s5,phase2/results/predictions/full/clean_only/resnet/seed_101/bandpass_n20004_cLA_electrode_s5.npz,75879,167167635bc35e7d2d083fcf90dfc5838f3582c1c501831883592dd319d271b0
resnet,clean_only,101,bandpass_n20004_cLA_electrode_s0,phase2/results/predictions/full/clean_only/resnet/seed_101/bandpass_n20004_cLA_electrode_s0.npz,75382,975a1852aa63dc2a400f17abe86f7c24383fe52d7c89860e6b416e4b0c2d334e
resnet,clean_only,101,bandpass_n20004_cLA_covariance_s20,phase2/results/predictions/full/clean_only/resnet/seed_101/bandpass_n20004_cLA_covariance_s20.npz,76401,67215a0081e6b6e91f565ae434fec4ea4138e27c08f26d56e7cf264682b490d4
resnet,clean_only,101,bandpass_n20004_cLA_covariance_s15,phase2/results/predictions/full/clean_only/resnet/seed_101/bandpass_n20004_cLA_covariance_s15.npz,76331,c77d4d9460bc3e6e6eeb14a6a7bed722b1f571574e19f8eaa051113e3960db4a
resnet,clean_only,101,bandpass_n20004_cLA_covariance_s10,phase2/results/predictions/full/clean_only/resnet/seed_101/bandpass_n20004_cLA_covariance_s10.npz,76185,a362380dea2d1c864f3d6635d6749c71d04b00cdee9b6c60b5a42e138e9b6ced
resnet,clean_only,101,bandpass_n20004_cLA_covariance_s5,phase2/results/predictions/full/clean_only/resnet/seed_101/bandpass_n20004_cLA_covariance_s5.npz,75858,2ba29336efe05bc6619f8b2edd17256dcee634ff0f462cd184e4d907119e405a
resnet,clean_only,101,bandpass_n20004_cLA_covariance_s0,phase2/results/predictions/full/clean_only/resnet/seed_101/bandpass_n20004_cLA_covariance_s0.npz,75380,716973a3ca1cb9048ba0a534026cef96f5326182a341499a1b16867686bf124d
resnet,clean_only,101,bandpass_n20004_cLL_independent_rms_s20,phase2/results/predictions/full/clean_only/resnet/seed_101/bandpass_n20004_cLL_independent_rms_s20.npz,76454,c1f7fe839cd7913f1e2a957153f9547bb158455c9d1096f4d68f6f36cc834ce2
resnet,clean_only,101,bandpass_n20004_cLL_independent_rms_s15,phase2/results/predictions/full/clean_only/resnet/seed_101/bandpass_n20004_cLL_independent_rms_s15.npz,76377,a79e0744cd00d9cfc604d0a54e72c696ba0d041d2ca544f61fd26ca0b98af4e0
resnet,clean_only,101,bandpass_n20004_cLL_independent_rms_s10,phase2/results/predictions/full/clean_only/resnet/seed_101/bandpass_n20004_cLL_independent_rms_s10.npz,76235,d6b944bc906c07ce36a6beacb6731a88701e23984863073f95f187471269c6aa
resnet,clean_only,101,bandpass_n20004_cLL_independent_rms_s5,phase2/results/predictions/full/clean_only/resnet/seed_101/bandpass_n20004_cLL_independent_rms_s5.npz,75950,9e623387115124ae89dc3e3a0f00f707fc51d47a95227833f0c72cf4acb50af7
resnet,clean_only,101,bandpass_n20004_cLL_independent_rms_s0,phase2/results/predictions/full/clean_only/resnet/seed_101/bandpass_n20004_cLL_independent_rms_s0.npz,75376,93ad7b103c44c4f66f61dde9d7e8d47d26d4f98cf4b77cc47d7c1b9a249a8485
resnet,clean_only,101,bandpass_n20004_cLL_electrode_s20,phase2/results/predictions/full/clean_only/resnet/seed_101/bandpass_n20004_cLL_electrode_s20.npz,76363,b808658a214760f7e6de8f8d04fcb1d2d5935de9f737a44751a2e672e4bd2744
resnet,clean_only,101,bandpass_n20004_cLL_electrode_s15,phase2/results/predictions/full/clean_only/resnet/seed_101/bandpass_n20004_cLL_electrode_s15.npz,76306,254cb0f44cdc9ec2b8c83ce449608172642c7024eaf5ad92d548ccf424e2fddd
resnet,clean_only,101,bandpass_n20004_cLL_electrode_s10,phase2/results/predictions/full/clean_only/resnet/seed_101/bandpass_n20004_cLL_electrode_s10.npz,76138,e32ab1a76e05a0fa0c5d7f8cd4b21b396312324d3c48d1bc5033109717ed5820
resnet,clean_only,101,bandpass_n20004_cLL_electrode_s5,phase2/results/predictions/full/clean_only/resnet/seed_101/bandpass_n20004_cLL_electrode_s5.npz,75760,ce322348e2497585da6d86bdb7c171a9d27debb9a9b9f454f2e8007aec55ac90
resnet,clean_only,101,bandpass_n20004_cLL_electrode_s0,phase2/results/predictions/full/clean_only/resnet/seed_101/bandpass_n20004_cLL_electrode_s0.npz,75402,844969c7364ae4aa8a4bfe7a9d38eac2e897ca20b96d983e460da6496940b428
resnet,clean_only,101,bandpass_n20004_cLL_covariance_s20,phase2/results/predictions/full/clean_only/resnet/seed_101/bandpass_n20004_cLL_covariance_s20.npz,76393,c77d437acfb8b9bd89ba2f512b07f415ee164dd9382195eaf47fdce64a1a6a46
resnet,clean_only,101,bandpass_n20004_cLL_covariance_s15,phase2/results/predictions/full/clean_only/resnet/seed_101/bandpass_n20004_cLL_covariance_s15.npz,76341,cf6486d9b8b010aeaafea6cb994283ed5ae1864182708c1967438b1b76c96e9e
resnet,clean_only,101,bandpass_n20004_cLL_covariance_s10,phase2/results/predictions/full/clean_only/resnet/seed_101/bandpass_n20004_cLL_covariance_s10.npz,76118,53a46c0cb011fd2fa093246abe618a70f45a3206d23329f415d49be6e7a638a8
resnet,clean_only,101,bandpass_n20004_cLL_covariance_s5,phase2/results/predictions/full/clean_only/resnet/seed_101/bandpass_n20004_cLL_covariance_s5.npz,75742,a75a32157ace73eba6e9e439e5de527fe4b53c846662ef77eb4d65bca90cffc9
resnet,clean_only,101,bandpass_n20004_cLL_covariance_s0,phase2/results/predictions/full/clean_only/resnet/seed_101/bandpass_n20004_cLL_covariance_s0.npz,75405,a3d8f48120f566e1cabb754ea3516c2c1611fe8654ed47a9baed7e428f7585cb
resnet,clean_only,101,bandpass_n20004_cRA_V1_independent_rms_s20,phase2/results/predictions/full/clean_only/resnet/seed_101/bandpass_n20004_cRA_V1_independent_rms_s20.npz,76455,1716725ae5adf7623246832dd439a1d4ac3be5f9d51a6e0379bc32fe92509e6c
resnet,clean_only,101,bandpass_n20004_cRA_V1_independent_rms_s15,phase2/results/predictions/full/clean_only/resnet/seed_101/bandpass_n20004_cRA_V1_independent_rms_s15.npz,76364,67df1251b4c7417d7f8817a1b2502635c0f63e89e9cb8a9d2ed20d68b0103ae4
resnet,clean_only,101,bandpass_n20004_cRA_V1_independent_rms_s10,phase2/results/predictions/full/clean_only/resnet/seed_101/bandpass_n20004_cRA_V1_independent_rms_s10.npz,76280,595d87bd3ced7d2139fb73995e266e41a29148279248dfc936a7a278efd664b0
resnet,clean_only,101,bandpass_n20004_cRA_V1_independent_rms_s5,phase2/results/predictions/full/clean_only/resnet/seed_101/bandpass_n20004_cRA_V1_independent_rms_s5.npz,76020,3b6bce7fc26bc9cc2ed87b1b79db75532ac087faf56aeb4b1c97aadb413d82a7
resnet,clean_only,101,bandpass_n20004_cRA_V1_independent_rms_s0,phase2/results/predictions/full/clean_only/resnet/seed_101/bandpass_n20004_cRA_V1_independent_rms_s0.npz,75377,afb8380c33e3a52d3900d93ebd2ff5ac8eb2c35bc1f23ade7d2efc3c1505305f
resnet,clean_only,101,bandpass_n20004_cRA_V1_electrode_s20,phase2/results/predictions/full/clean_only/resnet/seed_101/bandpass_n20004_cRA_V1_electrode_s20.npz,76447,7a9b6f2325a6a3ff85df315dac8cf9572597069638570876cb773b8b5d5c30b6
resnet,clean_only,101,bandpass_n20004_cRA_V1_electrode_s15,phase2/results/predictions/full/clean_only/resnet/seed_101/bandpass_n20004_cRA_V1_electrode_s15.npz,76357,867cdcc263c5612ef4c4ea27072bbd17611b7e5322f119bbf3778f2709defce2
resnet,clean_only,101,bandpass_n20004_cRA_V1_electrode_s10,phase2/results/predictions/full/clean_only/resnet/seed_101/bandpass_n20004_cRA_V1_electrode_s10.npz,76210,94a8ebfa0ae4883ffca330cd3e90f10c53e64cb3b0e7a24cb9665e10a8b9d708
resnet,clean_only,101,bandpass_n20004_cRA_V1_electrode_s5,phase2/results/predictions/full/clean_only/resnet/seed_101/bandpass_n20004_cRA_V1_electrode_s5.npz,75918,4d20945b651c922a3c88980066ef15f27d86405bbcc5a480d1d2a30d599c02b4
resnet,clean_only,101,bandpass_n20004_cRA_V1_electrode_s0,phase2/results/predictions/full/clean_only/resnet/seed_101/bandpass_n20004_cRA_V1_electrode_s0.npz,75281,7cca7fa996adb340611d53b830975f6f3986874c2bd8edc0c3ff3f3f116f1ecc
resnet,clean_only,101,bandpass_n20004_cRA_V1_covariance_s20,phase2/results/predictions/full/clean_only/resnet/seed_101/bandpass_n20004_cRA_V1_covariance_s20.npz,76423,04a11e5d11c46d43ef461a655299a5071269b138a5b902b71bf3173d31c76c5a
resnet,clean_only,101,bandpass_n20004_cRA_V1_covariance_s15,phase2/results/predictions/full/clean_only/resnet/seed_101/bandpass_n20004_cRA_V1_covariance_s15.npz,76358,8ecfd8dbf0295a14e1032ec9c918a18c7ed4b9f8617060949ac9cf92bc1692ec
resnet,clean_only,101,bandpass_n20004_cRA_V1_covariance_s10,phase2/results/predictions/full/clean_only/resnet/seed_101/bandpass_n20004_cRA_V1_covariance_s10.npz,76225,17b111d0824fc399df3ff5b902045916932f649e49c9149ec265d20810b9158e
resnet,clean_only,101,bandpass_n20004_cRA_V1_covariance_s5,phase2/results/predictions/full/clean_only/resnet/seed_101/bandpass_n20004_cRA_V1_covariance_s5.npz,75922,b6dc0835fe6359037160df1287cbc5df711599fe416ba0be70548e2b9d1440ce
resnet,clean_only,101,bandpass_n20004_cRA_V1_covariance_s0,phase2/results/predictions/full/clean_only/resnet/seed_101/bandpass_n20004_cRA_V1_covariance_s0.npz,75328,c714cc189eb03853e1a0c0627dc9b75aeb639e10611ab29c7ad17b3ed13881d7
resnet,clean_only,101,bandpass_n20004_cLA_V6_independent_rms_s20,phase2/results/predictions/full/clean_only/resnet/seed_101/bandpass_n20004_cLA_V6_independent_rms_s20.npz,76428,1606a190548be1a933700f7b3fa95c1f100acd3484a252029f1376ba01d4d15f
resnet,clean_only,101,bandpass_n20004_cLA_V6_independent_rms_s15,phase2/results/predictions/full/clean_only/resnet/seed_101/bandpass_n20004_cLA_V6_independent_rms_s15.npz,76419,4bd2db02813227d8646a2e9d16fa15f6a6d95a34a958acfceb7fd3fba32a5196
resnet,clean_only,101,bandpass_n20004_cLA_V6_independent_rms_s10,phase2/results/predictions/full/clean_only/resnet/seed_101/bandpass_n20004_cLA_V6_independent_rms_s10.npz,76282,55c089cb360de1419160d71d05c62cfe951fc494e2e81b954efcf93aed305618
resnet,clean_only,101,bandpass_n20004_cLA_V6_independent_rms_s5,phase2/results/predictions/full/clean_only/resnet/seed_101/bandpass_n20004_cLA_V6_independent_rms_s5.npz,76004,c13badb6b7d639a22ec5944aba5c066d8d6005da2c40800913355dc46e465fa4
resnet,clean_only,101,bandpass_n20004_cLA_V6_independent_rms_s0,phase2/results/predictions/full/clean_only/resnet/seed_101/bandpass_n20004_cLA_V6_independent_rms_s0.npz,75427,219d51963e178cea9cc650ae631892e6a5ec6bb2a4cbd42852f0ded8beeb4e7d
resnet,clean_only,101,bandpass_n20004_cLA_V6_electrode_s20,phase2/results/predictions/full/clean_only/resnet/seed_101/bandpass_n20004_cLA_V6_electrode_s20.npz,76453,639d814203558e5411021b35306e207e965a32faef49ed5f59f4b33bc88ab522
resnet,clean_only,101,bandpass_n20004_cLA_V6_electrode_s15,phase2/results/predictions/full/clean_only/resnet/seed_101/bandpass_n20004_cLA_V6_electrode_s15.npz,76367,4be8ce60059cfd24f77e7dd9350a937898f1983ead7e02ab660c88b21dc7c989
resnet,clean_only,101,bandpass_n20004_cLA_V6_electrode_s10,phase2/results/predictions/full/clean_only/resnet/seed_101/bandpass_n20004_cLA_V6_electrode_s10.npz,76242,2af1d361559c340e5dc51c5e9e0c6834358d30e6161259069583e205c183152e
resnet,clean_only,101,bandpass_n20004_cLA_V6_electrode_s5,phase2/results/predictions/full/clean_only/resnet/seed_101/bandpass_n20004_cLA_V6_electrode_s5.npz,75890,9c2844174b7f8d2e621f02dd09ada98fd89f5f0e2233de0c612fd4705908db4a
resnet,clean_only,101,bandpass_n20004_cLA_V6_electrode_s0,phase2/results/predictions/full/clean_only/resnet/seed_101/bandpass_n20004_cLA_V6_electrode_s0.npz,75381,5650f25733d6a891b1e5999feef43e7eeb9a2e7fc1ac3c08080ac5193b5590d7
resnet,clean_only,101,bandpass_n20004_cLA_V6_covariance_s20,phase2/results/predictions/full/clean_only/resnet/seed_101/bandpass_n20004_cLA_V6_covariance_s20.npz,76408,bbc483bcf9362a4095a969b61ec1e37fb6dbbc09ef581cffab24bf699b6654fe
resnet,clean_only,101,bandpass_n20004_cLA_V6_covariance_s15,phase2/results/predictions/full/clean_only/resnet/seed_101/bandpass_n20004_cLA_V6_covariance_s15.npz,76365,20cd008d50133479db86c5a8d1b8a67979ada71904cdcaff2927afe904bb840d
resnet,clean_only,101,bandpass_n20004_cLA_V6_covariance_s10,phase2/results/predictions/full/clean_only/resnet/seed_101/bandpass_n20004_cLA_V6_covariance_s10.npz,76225,56236eda71faa23ff7aafb92686e525f5585f2bbd67667f7fd67e124c73b9cea
resnet,clean_only,101,bandpass_n20004_cLA_V6_covariance_s5,phase2/results/predictions/full/clean_only/resnet/seed_101/bandpass_n20004_cLA_V6_covariance_s5.npz,75885,5880cdb1e4603708e8573d042b7bf38c59eb20ec8f52af18317c54637d4156f0
resnet,clean_only,101,bandpass_n20004_cLA_V6_covariance_s0,phase2/results/predictions/full/clean_only/resnet/seed_101/bandpass_n20004_cLA_V6_covariance_s0.npz,75382,384bc83356b122d66abd3ce3589e199595b566dbd869488a8fba20e72c54d32c
resnet,clean_only,101,bandpass_n20004_cLL_V4_independent_rms_s20,phase2/results/predictions/full/clean_only/resnet/seed_101/bandpass_n20004_cLL_V4_independent_rms_s20.npz,76464,3c0a782d9a5354f7e9d5c3949f3e9cc522c25621ff8a58e1f67cf22082a6fe25
resnet,clean_only,101,bandpass_n20004_cLL_V4_independent_rms_s15,phase2/results/predictions/full/clean_only/resnet/seed_101/bandpass_n20004_cLL_V4_independent_rms_s15.npz,76409,af4f8465817dd7461df25f5bef6a4379edf7a69383e9115b4b10f83a1b6b8071
resnet,clean_only,101,bandpass_n20004_cLL_V4_independent_rms_s10,phase2/results/predictions/full/clean_only/resnet/seed_101/bandpass_n20004_cLL_V4_independent_rms_s10.npz,76299,357a15cb07e766425fb427cfa8fa2d90ed788b273461c66c00c31a3828697236
resnet,clean_only,101,bandpass_n20004_cLL_V4_independent_rms_s5,phase2/results/predictions/full/clean_only/resnet/seed_101/bandpass_n20004_cLL_V4_independent_rms_s5.npz,76010,2e0cdabea5600f12bc7ca5144f228068721e1f9a2a5161bfe7c5dd82148681f1
resnet,clean_only,101,bandpass_n20004_cLL_V4_independent_rms_s0,phase2/results/predictions/full/clean_only/resnet/seed_101/bandpass_n20004_cLL_V4_independent_rms_s0.npz,75406,c99f31fc2b50e8d7746e07439934ff8e4db96e6913c6b795c65d09c4438b26b8
resnet,clean_only,101,bandpass_n20004_cLL_V4_electrode_s20,phase2/results/predictions/full/clean_only/resnet/seed_101/bandpass_n20004_cLL_V4_electrode_s20.npz,76411,1d0ae0cd759575927711349e836345f0067375c8600a0addf0ccd8f679ae96e7
resnet,clean_only,101,bandpass_n20004_cLL_V4_electrode_s15,phase2/results/predictions/full/clean_only/resnet/seed_101/bandpass_n20004_cLL_V4_electrode_s15.npz,76362,5b345f2367a3802a5ca5b8b21692d887ec78f8ce5305dbe154273b89a50eaaec
resnet,clean_only,101,bandpass_n20004_cLL_V4_electrode_s10,phase2/results/predictions/full/clean_only/resnet/seed_101/bandpass_n20004_cLL_V4_electrode_s10.npz,76147,dd28ac71b2953e3f59fefc8fe872c7e0e44cd2184dfb5cc93a0334049dd99fed
resnet,clean_only,101,bandpass_n20004_cLL_V4_electrode_s5,phase2/results/predictions/full/clean_only/resnet/seed_101/bandpass_n20004_cLL_V4_electrode_s5.npz,75800,587d8473902f111c88a3a086754a345a6af55d2bb1cc263739c340bac93b04c6
resnet,clean_only,101,bandpass_n20004_cLL_V4_electrode_s0,phase2/results/predictions/full/clean_only/resnet/seed_101/bandpass_n20004_cLL_V4_electrode_s0.npz,75387,613e3059ee451c32c26ca3614796ab85df77e0d4176bf302513b6f96ccb6c502
resnet,clean_only,101,bandpass_n20004_cLL_V4_covariance_s20,phase2/results/predictions/full/clean_only/resnet/seed_101/bandpass_n20004_cLL_V4_covariance_s20.npz,76425,79e6bf5330869f722885d5f4ad3dd6de5276a1074e1b70a61328f2774a9cedf0
resnet,clean_only,101,bandpass_n20004_cLL_V4_covariance_s15,phase2/results/predictions/full/clean_only/resnet/seed_101/bandpass_n20004_cLL_V4_covariance_s15.npz,76363,9e0d3f8dcd3c597c442dbc0a572189979f29760a18db2c4fdf54655d98a0543b
resnet,clean_only,101,bandpass_n20004_cLL_V4_covariance_s10,phase2/results/predictions/full/clean_only/resnet/seed_101/bandpass_n20004_cLL_V4_covariance_s10.npz,76218,bf253f9614ce8fdb4e7c50edc2f1150ae4565adc2af9c8674e9f6038c4adcc79
resnet,clean_only,101,bandpass_n20004_cLL_V4_covariance_s5,phase2/results/predictions/full/clean_only/resnet/seed_101/bandpass_n20004_cLL_V4_covariance_s5.npz,75844,0bcf079a301c3de2eec9fcc0a6004ebb37d318c8749871d7838bf62a16e6260b
resnet,clean_only,101,bandpass_n20004_cLL_V4_covariance_s0,phase2/results/predictions/full/clean_only/resnet/seed_101/bandpass_n20004_cLL_V4_covariance_s0.npz,75373,113fc11ca8ed55e919005457801f3419387a1b98c109b5f45c3a3f02646dcc56
resnet,clean_only,101,bandpass_n20004_cRA_LA_V1_V6_independent_rms_s20,phase2/results/predictions/full/clean_only/resnet/seed_101/bandpass_n20004_cRA_LA_V1_V6_independent_rms_s20.npz,76434,aac3dc737a23727b387d363cab33739a245b2c187568ee2c2d7e32e3d750d560
resnet,clean_only,101,bandpass_n20004_cRA_LA_V1_V6_independent_rms_s15,phase2/results/predictions/full/clean_only/resnet/seed_101/bandpass_n20004_cRA_LA_V1_V6_independent_rms_s15.npz,76429,235f0e92c00fa96831fd24db9f9cf3d8075171961179fc12c62132cf285e06d7
resnet,clean_only,101,bandpass_n20004_cRA_LA_V1_V6_independent_rms_s10,phase2/results/predictions/full/clean_only/resnet/seed_101/bandpass_n20004_cRA_LA_V1_V6_independent_rms_s10.npz,76309,bf27cc6579d68aa4d8c10b39cd6246e6ad453ff395d85f78abcd0a06196ab0ab
resnet,clean_only,101,bandpass_n20004_cRA_LA_V1_V6_independent_rms_s5,phase2/results/predictions/full/clean_only/resnet/seed_101/bandpass_n20004_cRA_LA_V1_V6_independent_rms_s5.npz,76039,a9680854028ffaa549d87405b471270cba3bdc03000ff87db512836f68466904
resnet,clean_only,101,bandpass_n20004_cRA_LA_V1_V6_independent_rms_s0,phase2/results/predictions/full/clean_only/resnet/seed_101/bandpass_n20004_cRA_LA_V1_V6_independent_rms_s0.npz,75421,533d6dfbc5310fef5a0e2e4948c05eccf1186b01eb4305cdaa0575663e161e8d
resnet,clean_only,101,bandpass_n20004_cRA_LA_V1_V6_electrode_s20,phase2/results/predictions/full/clean_only/resnet/seed_101/bandpass_n20004_cRA_LA_V1_V6_electrode_s20.npz,76400,9be81fdae6ce33e0daf27d59a89459a8afbddaf2d18707819bca3f1851f0ab08
resnet,clean_only,101,bandpass_n20004_cRA_LA_V1_V6_electrode_s15,phase2/results/predictions/full/clean_only/resnet/seed_101/bandpass_n20004_cRA_LA_V1_V6_electrode_s15.npz,76381,38fe95d289e293548cb0430c07f429d37de5dc8ff4727205c681842d90ff90e0
resnet,clean_only,101,bandpass_n20004_cRA_LA_V1_V6_electrode_s10,phase2/results/predictions/full/clean_only/resnet/seed_101/bandpass_n20004_cRA_LA_V1_V6_electrode_s10.npz,76243,4565ef4a526cd52ff921dc2203d112f86503c8338991aa4c2e79c2870ded38c3
resnet,clean_only,101,bandpass_n20004_cRA_LA_V1_V6_electrode_s5,phase2/results/predictions/full/clean_only/resnet/seed_101/bandpass_n20004_cRA_LA_V1_V6_electrode_s5.npz,75921,9ae6281e7a0689f507ed9568d651e3ee50d5d93979687c301c0ca49ab682a2e6
resnet,clean_only,101,bandpass_n20004_cRA_LA_V1_V6_electrode_s0,phase2/results/predictions/full/clean_only/resnet/seed_101/bandpass_n20004_cRA_LA_V1_V6_electrode_s0.npz,75317,f4154e3cf22fab46bb6a35b6e6a7009b6fb13d5d6401fb688bfbcffefdc7c09c
resnet,clean_only,101,bandpass_n20004_cRA_LA_V1_V6_covariance_s20,phase2/results/predictions/full/clean_only/resnet/seed_101/bandpass_n20004_cRA_LA_V1_V6_covariance_s20.npz,76413,006e019b072631db52790bbaf8d1cd19b14cbd3ca738d94ad6c8d5f8e420df69
resnet,clean_only,101,bandpass_n20004_cRA_LA_V1_V6_covariance_s15,phase2/results/predictions/full/clean_only/resnet/seed_101/bandpass_n20004_cRA_LA_V1_V6_covariance_s15.npz,76359,77bd4c39fe06e336e1ef9315b208050a4440b54f29690b47893a964ce7aad904
resnet,clean_only,101,bandpass_n20004_cRA_LA_V1_V6_covariance_s10,phase2/results/predictions/full/clean_only/resnet/seed_101/bandpass_n20004_cRA_LA_V1_V6_covariance_s10.npz,76251,0f951c861142eedfe415891b3911b29d8d3b46720e3394717f6511ab64d48818
resnet,clean_only,101,bandpass_n20004_cRA_LA_V1_V6_covariance_s5,phase2/results/predictions/full/clean_only/resnet/seed_101/bandpass_n20004_cRA_LA_V1_V6_covariance_s5.npz,75924,b7cf0444f5d5d5c035b576afe8e579604f175bd0a368526b4782cd07ec111142
resnet,clean_only,101,bandpass_n20004_cRA_LA_V1_V6_covariance_s0,phase2/results/predictions/full/clean_only/resnet/seed_101/bandpass_n20004_cRA_LA_V1_V6_covariance_s0.npz,75299,6efa3cbdb287cd2a9f678930c04c29287c825649cecd6cd6438006742ef65996
resnet,clean_only,101,bandpass_n20004_cRA_V2_V5_independent_rms_s20,phase2/results/predictions/full/clean_only/resnet/seed_101/bandpass_n20004_cRA_V2_V5_independent_rms_s20.npz,76439,850f8876c91779509b953688cef4ec8a7aaa05fbb91da3fca297b0210406ad68
resnet,clean_only,101,bandpass_n20004_cRA_V2_V5_independent_rms_s15,phase2/results/predictions/full/clean_only/resnet/seed_101/bandpass_n20004_cRA_V2_V5_independent_rms_s15.npz,76435,b5d0cded97ecb9a03a45b28e85e1c805c29802ef6f07744a0a7da234d9f9cd09
resnet,clean_only,101,bandpass_n20004_cRA_V2_V5_independent_rms_s10,phase2/results/predictions/full/clean_only/resnet/seed_101/bandpass_n20004_cRA_V2_V5_independent_rms_s10.npz,76282,f4fb5b9284b02c44b49722e37fa5525b8c4f1e84b0d83529a324c3b29bfee074
resnet,clean_only,101,bandpass_n20004_cRA_V2_V5_independent_rms_s5,phase2/results/predictions/full/clean_only/resnet/seed_101/bandpass_n20004_cRA_V2_V5_independent_rms_s5.npz,75989,b0c0fbd4f7edca70cbc04c93e128228d91a4eb8c9eed765f4587ef4ce1407451
resnet,clean_only,101,bandpass_n20004_cRA_V2_V5_independent_rms_s0,phase2/results/predictions/full/clean_only/resnet/seed_101/bandpass_n20004_cRA_V2_V5_independent_rms_s0.npz,75417,e9d2a3872b719d89ffaf3e2fa4cecf2ebc2bc3e4014d637103047573a95728c1
resnet,clean_only,101,bandpass_n20004_cRA_V2_V5_electrode_s20,phase2/results/predictions/full/clean_only/resnet/seed_101/bandpass_n20004_cRA_V2_V5_electrode_s20.npz,76446,f1a51e87e1367d6b9cdea388bbf56d0b74e40f2f55232a87ae1b10dc60e27400
resnet,clean_only,101,bandpass_n20004_cRA_V2_V5_electrode_s15,phase2/results/predictions/full/clean_only/resnet/seed_101/bandpass_n20004_cRA_V2_V5_electrode_s15.npz,76390,12b3e5942c78547d88b8ba43f057195e5cc1cbf7554372f7b12ccd82df1cd0a1
resnet,clean_only,101,bandpass_n20004_cRA_V2_V5_electrode_s10,phase2/results/predictions/full/clean_only/resnet/seed_101/bandpass_n20004_cRA_V2_V5_electrode_s10.npz,76236,479fc12caede2ede9ab8ccfc00622d72817afae63200423dd581b8198ec3d2b8
resnet,clean_only,101,bandpass_n20004_cRA_V2_V5_electrode_s5,phase2/results/predictions/full/clean_only/resnet/seed_101/bandpass_n20004_cRA_V2_V5_electrode_s5.npz,75914,661b712cca75831c7aeba46d5746939f32f9323ee83900becbaa294f1870d9db
resnet,clean_only,101,bandpass_n20004_cRA_V2_V5_electrode_s0,phase2/results/predictions/full/clean_only/resnet/seed_101/bandpass_n20004_cRA_V2_V5_electrode_s0.npz,75330,9b8fbb877c667846880c19f55464cb14c7eb58ed2313e00371a854be2ba5e4c1
resnet,clean_only,101,bandpass_n20004_cRA_V2_V5_covariance_s20,phase2/results/predictions/full/clean_only/resnet/seed_101/bandpass_n20004_cRA_V2_V5_covariance_s20.npz,76448,85bd5cd4814c184fdd4ec3037f946da8595a8ab80d6138b6425a8238b3819fc3
resnet,clean_only,101,bandpass_n20004_cRA_V2_V5_covariance_s15,phase2/results/predictions/full/clean_only/resnet/seed_101/bandpass_n20004_cRA_V2_V5_covariance_s15.npz,76375,e682f219b689f4c48aee63bf004651cd190b1441a5da986f9c7472a646da8d36
resnet,clean_only,101,bandpass_n20004_cRA_V2_V5_covariance_s10,phase2/results/predictions/full/clean_only/resnet/seed_101/bandpass_n20004_cRA_V2_V5_covariance_s10.npz,76236,a1f7a35c2d99e05e50d470f642eedd33032829d22ca1178a207977f8a11eae08
resnet,clean_only,101,bandpass_n20004_cRA_V2_V5_covariance_s5,phase2/results/predictions/full/clean_only/resnet/seed_101/bandpass_n20004_cRA_V2_V5_covariance_s5.npz,75885,37a30319afa52707664fa9b3b8f77b486b95a0757e23318b7d5952df57767d1b
resnet,clean_only,101,bandpass_n20004_cRA_V2_V5_covariance_s0,phase2/results/predictions/full/clean_only/resnet/seed_101/bandpass_n20004_cRA_V2_V5_covariance_s0.npz,75333,86c049e9e29a4dfa1d5602e894d3c96d671588017cc63e73f270268a907bcdc4
resnet,clean_only,101,bandpass_n20004_cLA_V3_V6_independent_rms_s20,phase2/results/predictions/full/clean_only/resnet/seed_101/bandpass_n20004_cLA_V3_V6_independent_rms_s20.npz,76436,a683fb1b44e898d80365a0845197d1446a039a843d5a12f6ee1e1fc2b90b785d
resnet,clean_only,101,bandpass_n20004_cLA_V3_V6_independent_rms_s15,phase2/results/predictions/full/clean_only/resnet/seed_101/bandpass_n20004_cLA_V3_V6_independent_rms_s15.npz,76410,63305d2f3dbe2814e8ce5074ebadaa5d6d99f1f8ef8758159f5f8131753ab6ec
resnet,clean_only,101,bandpass_n20004_cLA_V3_V6_independent_rms_s10,phase2/results/predictions/full/clean_only/resnet/seed_101/bandpass_n20004_cLA_V3_V6_independent_rms_s10.npz,76304,c3a19fdbf37383398c221ac2de3ea70b8aac9e8b5389e784eec5bec5ca5706c5
resnet,clean_only,101,bandpass_n20004_cLA_V3_V6_independent_rms_s5,phase2/results/predictions/full/clean_only/resnet/seed_101/bandpass_n20004_cLA_V3_V6_independent_rms_s5.npz,76043,72ebaa0b9920025864d40424075f685cbdb59a33f68f21062dbe26b06ddbc861
resnet,clean_only,101,bandpass_n20004_cLA_V3_V6_independent_rms_s0,phase2/results/predictions/full/clean_only/resnet/seed_101/bandpass_n20004_cLA_V3_V6_independent_rms_s0.npz,75422,931ed6295642c8116ac99b30a2943abc23c6b61bb4f2df4bfce17ef5b9bf0adb
resnet,clean_only,101,bandpass_n20004_cLA_V3_V6_electrode_s20,phase2/results/predictions/full/clean_only/resnet/seed_101/bandpass_n20004_cLA_V3_V6_electrode_s20.npz,76418,60fb1399e03e2a57529fe1c52efd986ef09ca18fa1489edb99c183b7d16834dd
resnet,clean_only,101,bandpass_n20004_cLA_V3_V6_electrode_s15,phase2/results/predictions/full/clean_only/resnet/seed_101/bandpass_n20004_cLA_V3_V6_electrode_s15.npz,76407,aa50ab15279e5ed635ee2894dc9e836921f815f5a1afa443931ea239a6ca1034
resnet,clean_only,101,bandpass_n20004_cLA_V3_V6_electrode_s10,phase2/results/predictions/full/clean_only/resnet/seed_101/bandpass_n20004_cLA_V3_V6_electrode_s10.npz,76258,2bb96484f8fd442625517a25595a3492389c1bf72a145acdab124204379d7c46
resnet,clean_only,101,bandpass_n20004_cLA_V3_V6_electrode_s5,phase2/results/predictions/full/clean_only/resnet/seed_101/bandpass_n20004_cLA_V3_V6_electrode_s5.npz,75913,56cc8d51ce04827666feaae66f06504e6869114283bdee08d9144cf96dbdac0e
resnet,clean_only,101,bandpass_n20004_cLA_V3_V6_electrode_s0,phase2/results/predictions/full/clean_only/resnet/seed_101/bandpass_n20004_cLA_V3_V6_electrode_s0.npz,75398,8b020ed9b7d74e39dd2022e0e4f88bee3f663ed35fc80890419c9047fba39d47
resnet,clean_only,101,bandpass_n20004_cLA_V3_V6_covariance_s20,phase2/results/predictions/full/clean_only/resnet/seed_101/bandpass_n20004_cLA_V3_V6_covariance_s20.npz,76449,fb2267cb54cdd487c6614d7c427db86ba0d5dae00ea15e8ee8f8690b4ccd749c
resnet,clean_only,101,bandpass_n20004_cLA_V3_V6_covariance_s15,phase2/results/predictions/full/clean_only/resnet/seed_101/bandpass_n20004_cLA_V3_V6_covariance_s15.npz,76350,31d2c3aee8cb1d4799acdc40e1c2c2647aee0e382b8dcce1da9117a129eab003
resnet,clean_only,101,bandpass_n20004_cLA_V3_V6_covariance_s10,phase2/results/predictions/full/clean_only/resnet/seed_101/bandpass_n20004_cLA_V3_V6_covariance_s10.npz,76244,93c796352a1ce5c15f480e97a6bf2ed97cb36c5acdb84822364a33ab6bbc5f69
resnet,clean_only,101,bandpass_n20004_cLA_V3_V6_covariance_s5,phase2/results/predictions/full/clean_only/resnet/seed_101/bandpass_n20004_cLA_V3_V6_covariance_s5.npz,75954,22dbdd45a040dcf0915814e3d3b8f2e02db2c52bb21c1bfde5065ac0d318a277
resnet,clean_only,101,bandpass_n20004_cLA_V3_V6_covariance_s0,phase2/results/predictions/full/clean_only/resnet/seed_101/bandpass_n20004_cLA_V3_V6_covariance_s0.npz,75386,4db914c5ce8b854c033f27f6238b7741eb0215476cc27da5a9e80e862f4464b2
resnet,clean_only,101,bandpass_n20004_cLL_V1_V4_independent_rms_s20,phase2/results/predictions/full/clean_only/resnet/seed_101/bandpass_n20004_cLL_V1_V4_independent_rms_s20.npz,76417,7fdc82b9e7e03efdd162a8a647702fe761849ff196a201c4bc9fe8daf0acf25a
resnet,clean_only,101,bandpass_n20004_cLL_V1_V4_independent_rms_s15,phase2/results/predictions/full/clean_only/resnet/seed_101/bandpass_n20004_cLL_V1_V4_independent_rms_s15.npz,76420,1f716c23e9eaae220fa4bccb68e8af7592975c1fa878848edf859559cd930d1e
resnet,clean_only,101,bandpass_n20004_cLL_V1_V4_independent_rms_s10,phase2/results/predictions/full/clean_only/resnet/seed_101/bandpass_n20004_cLL_V1_V4_independent_rms_s10.npz,76276,368d032ab4eac49caf43c6353ab0a41b2f6e1d3d27477442a4874884273e0e02
resnet,clean_only,101,bandpass_n20004_cLL_V1_V4_independent_rms_s5,phase2/results/predictions/full/clean_only/resnet/seed_101/bandpass_n20004_cLL_V1_V4_independent_rms_s5.npz,75992,9548e01d8c8e4444d0dff471a5acbb3a3981f2364b40b77069040c988512583f
resnet,clean_only,101,bandpass_n20004_cLL_V1_V4_independent_rms_s0,phase2/results/predictions/full/clean_only/resnet/seed_101/bandpass_n20004_cLL_V1_V4_independent_rms_s0.npz,75387,7dd47948e00ee1d04d49c52ee92e74467d841d004247264f4d16723e81926c93
resnet,clean_only,101,bandpass_n20004_cLL_V1_V4_electrode_s20,phase2/results/predictions/full/clean_only/resnet/seed_101/bandpass_n20004_cLL_V1_V4_electrode_s20.npz,76441,7fa17b97c63c10057fa51171ff984919c7b285dfb20ca4549c3a83aa8cc2e8cb
resnet,clean_only,101,bandpass_n20004_cLL_V1_V4_electrode_s15,phase2/results/predictions/full/clean_only/resnet/seed_101/bandpass_n20004_cLL_V1_V4_electrode_s15.npz,76350,89cb175f0c93bed8437ad8ad86a5d22267a32c88ffd1c9f399c7480473cb6878
resnet,clean_only,101,bandpass_n20004_cLL_V1_V4_electrode_s10,phase2/results/predictions/full/clean_only/resnet/seed_101/bandpass_n20004_cLL_V1_V4_electrode_s10.npz,76219,aa814a750751ab6a90e98323b99aa3a1e077d1be48594e3f69803850f1c964c8
resnet,clean_only,101,bandpass_n20004_cLL_V1_V4_electrode_s5,phase2/results/predictions/full/clean_only/resnet/seed_101/bandpass_n20004_cLL_V1_V4_electrode_s5.npz,75839,9dbf118f8b4d14da5680139ee5345772223cb2fac10a7ffcd756e07023cdbadf
resnet,clean_only,101,bandpass_n20004_cLL_V1_V4_electrode_s0,phase2/results/predictions/full/clean_only/resnet/seed_101/bandpass_n20004_cLL_V1_V4_electrode_s0.npz,75410,9d2c9bbffd245db1c6436fc1e322a07df1062fba75c09fcbf7f98467456ee5ac
resnet,clean_only,101,bandpass_n20004_cLL_V1_V4_covariance_s20,phase2/results/predictions/full/clean_only/resnet/seed_101/bandpass_n20004_cLL_V1_V4_covariance_s20.npz,76436,568b1525d858b61980f79c2e15651717383a1f70756f8673eb4d72a0e27b180d
resnet,clean_only,101,bandpass_n20004_cLL_V1_V4_covariance_s15,phase2/results/predictions/full/clean_only/resnet/seed_101/bandpass_n20004_cLL_V1_V4_covariance_s15.npz,76392,a505f4a755cdab453a5f02e588f79d098db3399c0608fd6064c31a1f2a1fad39
resnet,clean_only,101,bandpass_n20004_cLL_V1_V4_covariance_s10,phase2/results/predictions/full/clean_only/resnet/seed_101/bandpass_n20004_cLL_V1_V4_covariance_s10.npz,76224,f037a89526037195c9ae07034a9ba7a58dcf24b3e6920daefb77ee253786460f
resnet,clean_only,101,bandpass_n20004_cLL_V1_V4_covariance_s5,phase2/results/predictions/full/clean_only/resnet/seed_101/bandpass_n20004_cLL_V1_V4_covariance_s5.npz,75858,2d6073b9ee97c48ed87a6df74201036b10c9b736576da69d928b597d3f937887
resnet,clean_only,101,bandpass_n20004_cLL_V1_V4_covariance_s0,phase2/results/predictions/full/clean_only/resnet/seed_101/bandpass_n20004_cLL_V1_V4_covariance_s0.npz,75369,3834d88b5acde00d60d57fd93c9cc464f9fb81fdffc0601c0800b00a7ab8b5d5
resnet,clean_only,101,bandpass_n20004_call_independent_rms_s20,phase2/results/predictions/full/clean_only/resnet/seed_101/bandpass_n20004_call_independent_rms_s20.npz,76429,85449cc7691f1b24fe38536ca5a96c5b812d5b39865ad8b0c723579a5070521a
resnet,clean_only,101,bandpass_n20004_call_independent_rms_s15,phase2/results/predictions/full/clean_only/resnet/seed_101/bandpass_n20004_call_independent_rms_s15.npz,76392,edd9ca146d959d10dab9dc1c4e7d7b67234b2fd6e1e9bbb50f4716ef60226edb
resnet,clean_only,101,bandpass_n20004_call_independent_rms_s10,phase2/results/predictions/full/clean_only/resnet/seed_101/bandpass_n20004_call_independent_rms_s10.npz,76255,4a725721da2077e5f80d43df9da03d7a4990499e043eb4a531abff80054488d7
resnet,clean_only,101,bandpass_n20004_call_independent_rms_s5,phase2/results/predictions/full/clean_only/resnet/seed_101/bandpass_n20004_call_independent_rms_s5.npz,75957,1e4c4be4f7bf5941319d4c92f2aeba05e7f83ba3e21585067b5839845f3b28bd
resnet,clean_only,101,bandpass_n20004_call_independent_rms_s0,phase2/results/predictions/full/clean_only/resnet/seed_101/bandpass_n20004_call_independent_rms_s0.npz,75356,0bccdec9066954d10d883d2b04068d744d67b578309421147d1f4371e875e989
resnet,clean_only,101,bandpass_n20004_call_electrode_s20,phase2/results/predictions/full/clean_only/resnet/seed_101/bandpass_n20004_call_electrode_s20.npz,76405,343de356f684edcdd399283ca82529e6d0df5bfeaf69b7a1da8d63a4da6ef6b7
resnet,clean_only,101,bandpass_n20004_call_electrode_s15,phase2/results/predictions/full/clean_only/resnet/seed_101/bandpass_n20004_call_electrode_s15.npz,76341,b91307d0395d5ad41ac31eee613be088d8855df60312a611ed338e7dcc6feda7
resnet,clean_only,101,bandpass_n20004_call_electrode_s10,phase2/results/predictions/full/clean_only/resnet/seed_101/bandpass_n20004_call_electrode_s10.npz,76190,939d4bf4f7e2dad479275e71927283dec71e139999d1428befd3fc7720c46b66
resnet,clean_only,101,bandpass_n20004_call_electrode_s5,phase2/results/predictions/full/clean_only/resnet/seed_101/bandpass_n20004_call_electrode_s5.npz,75852,53d9b84cebd82655e0e14a3164e643496f6e42374fa7af60c594a3cf2aff8ede
resnet,clean_only,101,bandpass_n20004_call_electrode_s0,phase2/results/predictions/full/clean_only/resnet/seed_101/bandpass_n20004_call_electrode_s0.npz,75227,76b1138b8ce61323a454ce6a8d374b327b0aac082339d7e0d58ca5763fde5978
resnet,clean_only,101,bandpass_n20004_call_covariance_s20,phase2/results/predictions/full/clean_only/resnet/seed_101/bandpass_n20004_call_covariance_s20.npz,76405,fec362623db9cf0aa4e71891d07594de7bedf155f8bb5a1b76af977146bd79f2
resnet,clean_only,101,bandpass_n20004_call_covariance_s15,phase2/results/predictions/full/clean_only/resnet/seed_101/bandpass_n20004_call_covariance_s15.npz,76334,9fdb6c8d73ce7e8fd7ceb1205c5f8a0944c5d7444c6e55849b88e09cdbf38285
resnet,clean_only,101,bandpass_n20004_call_covariance_s10,phase2/results/predictions/full/clean_only/resnet/seed_101/bandpass_n20004_call_covariance_s10.npz,76181,91bbd995adc5955b96d4aa9b4b659afd10d95c80186887083fecdc32ea43b45b
resnet,clean_only,101,bandpass_n20004_call_covariance_s5,phase2/results/predictions/full/clean_only/resnet/seed_101/bandpass_n20004_call_covariance_s5.npz,75856,85fc4a729f10c0f97653384fa5051b791545bd3261db5eab6f3427ac0f23f6a9
resnet,clean_only,101,bandpass_n20004_call_covariance_s0,phase2/results/predictions/full/clean_only/resnet/seed_101/bandpass_n20004_call_covariance_s0.npz,75268,e6661e124c748fb6ee94e9e3b42ae4b234f081af4db1474bafc84ee31418a699
resnet,clean_only,101,bandpass_n20005_cRA_LA_LL_independent_rms_s20,phase2/results/predictions/full/clean_only/resnet/seed_101/bandpass_n20005_cRA_LA_LL_independent_rms_s20.npz,76472,fdb1e7016782de94e0068fd51a95457afcfc5108691f3de329b40cb90182d85f
resnet,clean_only,101,bandpass_n20005_cRA_LA_LL_independent_rms_s15,phase2/results/predictions/full/clean_only/resnet/seed_101/bandpass_n20005_cRA_LA_LL_independent_rms_s15.npz,76388,d7a0a93f90eacbc026ebfc83289381389c05a2d83ae6b246d1ee73e1b282b6f5
resnet,clean_only,101,bandpass_n20005_cRA_LA_LL_independent_rms_s10,phase2/results/predictions/full/clean_only/resnet/seed_101/bandpass_n20005_cRA_LA_LL_independent_rms_s10.npz,76251,ef5937cb18dec43acd584cde02d7bb74cd237c6fef9af75d1f022ffb24d999b4
resnet,clean_only,101,bandpass_n20005_cRA_LA_LL_independent_rms_s5,phase2/results/predictions/full/clean_only/resnet/seed_101/bandpass_n20005_cRA_LA_LL_independent_rms_s5.npz,75993,a240cd4465259963c25a7489f5d4b698d1f10b3f9d9a876f05a48ef6a6441228
resnet,clean_only,101,bandpass_n20005_cRA_LA_LL_independent_rms_s0,phase2/results/predictions/full/clean_only/resnet/seed_101/bandpass_n20005_cRA_LA_LL_independent_rms_s0.npz,75416,5b84e2ee1468842ffa423ead37e4cccc016c0a690b9fef4f1d2b0ca0c9b4e6c8
resnet,clean_only,101,bandpass_n20005_cRA_LA_LL_electrode_s20,phase2/results/predictions/full/clean_only/resnet/seed_101/bandpass_n20005_cRA_LA_LL_electrode_s20.npz,76426,8103d257892a71726df2546bfd1a25a20d54477500d3f5a7410e40fd561808fb
resnet,clean_only,101,bandpass_n20005_cRA_LA_LL_electrode_s15,phase2/results/predictions/full/clean_only/resnet/seed_101/bandpass_n20005_cRA_LA_LL_electrode_s15.npz,76344,b74c1b503ded0fbaf789b6620856b730564f3ca687b8412f02b37301b77529a3
resnet,clean_only,101,bandpass_n20005_cRA_LA_LL_electrode_s10,phase2/results/predictions/full/clean_only/resnet/seed_101/bandpass_n20005_cRA_LA_LL_electrode_s10.npz,76189,838c85ce17ddb4e492fc8646321a02009c664512cae636cc3df24db8228d57da
resnet,clean_only,101,bandpass_n20005_cRA_LA_LL_electrode_s5,phase2/results/predictions/full/clean_only/resnet/seed_101/bandpass_n20005_cRA_LA_LL_electrode_s5.npz,75823,199f25a114736f03ca57633c01d9237ade6982b19e5602d739be353802ce847c
resnet,clean_only,101,bandpass_n20005_cRA_LA_LL_electrode_s0,phase2/results/predictions/full/clean_only/resnet/seed_101/bandpass_n20005_cRA_LA_LL_electrode_s0.npz,75251,f21823cebb62ad7d26c9834f7aef5df2fbf2daf857518d9cffe2e8c389d3576f
resnet,clean_only,101,bandpass_n20005_cRA_LA_LL_covariance_s20,phase2/results/predictions/full/clean_only/resnet/seed_101/bandpass_n20005_cRA_LA_LL_covariance_s20.npz,76437,026a95b341ae54aba555544b4abe9e91fd8845994e916fb972adc664e46fbdc5
resnet,clean_only,101,bandpass_n20005_cRA_LA_LL_covariance_s15,phase2/results/predictions/full/clean_only/resnet/seed_101/bandpass_n20005_cRA_LA_LL_covariance_s15.npz,76341,7462151a38a1a910335a177d9e2c196cf697cd3b4f98c558e6bb10fe0c73e536
resnet,clean_only,101,bandpass_n20005_cRA_LA_LL_covariance_s10,phase2/results/predictions/full/clean_only/resnet/seed_101/bandpass_n20005_cRA_LA_LL_covariance_s10.npz,76172,c2cac94b6330f648132a8732b533422bb3484710ba765436be7906af786b2a32
resnet,clean_only,101,bandpass_n20005_cRA_LA_LL_covariance_s5,phase2/results/predictions/full/clean_only/resnet/seed_101/bandpass_n20005_cRA_LA_LL_covariance_s5.npz,75799,e9adac2dc8f60b46cc7753b18f14d367ff762769b3969874a889c5f51543819c
resnet,clean_only,101,bandpass_n20005_cRA_LA_LL_covariance_s0,phase2/results/predictions/full/clean_only/resnet/seed_101/bandpass_n20005_cRA_LA_LL_covariance_s0.npz,75230,c1827c5d6d4646428d43f190a20b3dd65cf9c2784be35873a9c36f13e6b95202
resnet,clean_only,101,bandpass_n20005_cV1_independent_rms_s20,phase2/results/predictions/full/clean_only/resnet/seed_101/bandpass_n20005_cV1_independent_rms_s20.npz,76435,fcf906f752cef39ee02b09bdf117e520a977bd0298f489705d30224dadfd3088
resnet,clean_only,101,bandpass_n20005_cV1_independent_rms_s15,phase2/results/predictions/full/clean_only/resnet/seed_101/bandpass_n20005_cV1_independent_rms_s15.npz,76357,951412651c30c7e576691a0bef470663c19c6853b3331a75b5f4c478df38eeb9
resnet,clean_only,101,bandpass_n20005_cV1_independent_rms_s10,phase2/results/predictions/full/clean_only/resnet/seed_101/bandpass_n20005_cV1_independent_rms_s10.npz,76263,e7a1ed288b1e872e73637df30e119cbd52f1ffafd060ea5e7eb9aa69fbe76849
resnet,clean_only,101,bandpass_n20005_cV1_independent_rms_s5,phase2/results/predictions/full/clean_only/resnet/seed_101/bandpass_n20005_cV1_independent_rms_s5.npz,75917,e513bcc54a2431ccb1e4fec4cf16a35224a539c75b224f0104c3d7609812eded
resnet,clean_only,101,bandpass_n20005_cV1_independent_rms_s0,phase2/results/predictions/full/clean_only/resnet/seed_101/bandpass_n20005_cV1_independent_rms_s0.npz,75319,fc155c4ae1194f6062dc3df54948461f78339b256053a6d8cade7e3a036eef54
resnet,clean_only,101,bandpass_n20005_cV1_electrode_s20,phase2/results/predictions/full/clean_only/resnet/seed_101/bandpass_n20005_cV1_electrode_s20.npz,76412,9b2b93e58059da4e170c308b5f19c4e17f4f21441f7be1f8910ea19d572d24d5
resnet,clean_only,101,bandpass_n20005_cV1_electrode_s15,phase2/results/predictions/full/clean_only/resnet/seed_101/bandpass_n20005_cV1_electrode_s15.npz,76367,6d3fbac5b8c60007ac2a1d578abc884e956380a10a7f87bb9664cd69f2b06cde
resnet,clean_only,101,bandpass_n20005_cV1_electrode_s10,phase2/results/predictions/full/clean_only/resnet/seed_101/bandpass_n20005_cV1_electrode_s10.npz,76224,73a807241d915aa908a90a2ffc8c87fcdfe9d365307d6e32f601cc82a512eccc
resnet,clean_only,101,bandpass_n20005_cV1_electrode_s5,phase2/results/predictions/full/clean_only/resnet/seed_101/bandpass_n20005_cV1_electrode_s5.npz,75896,b5d217e1e3166c8ace92284196c4b2fd0d712759946135f69fa4f1733a2bf69c
resnet,clean_only,101,bandpass_n20005_cV1_electrode_s0,phase2/results/predictions/full/clean_only/resnet/seed_101/bandpass_n20005_cV1_electrode_s0.npz,75274,4c463537a5a1f5f465c5af63a20aa5278dd9cc794ba2d5ab771554026ae080de
resnet,clean_only,101,bandpass_n20005_cV1_covariance_s20,phase2/results/predictions/full/clean_only/resnet/seed_101/bandpass_n20005_cV1_covariance_s20.npz,76379,61d7e28b283c7d16fd15137b3da3401654742690400226fc3a4cfd4a9ab4025b
resnet,clean_only,101,bandpass_n20005_cV1_covariance_s15,phase2/results/predictions/full/clean_only/resnet/seed_101/bandpass_n20005_cV1_covariance_s15.npz,76316,d11c5b460db75fa8dccd593ef78eef53b1c0024c0156d8b5be7034606231913c
resnet,clean_only,101,bandpass_n20005_cV1_covariance_s10,phase2/results/predictions/full/clean_only/resnet/seed_101/bandpass_n20005_cV1_covariance_s10.npz,76268,ab2829d999d65a291c1c4fe97f82d9d3f4bebde923392d808c099e6fc8b6fb3f
resnet,clean_only,101,bandpass_n20005_cV1_covariance_s5,phase2/results/predictions/full/clean_only/resnet/seed_101/bandpass_n20005_cV1_covariance_s5.npz,75896,ed7165531a4581db6af773851f64c7cfbf947e1927a3553de3be2c3c39874cac
resnet,clean_only,101,bandpass_n20005_cV1_covariance_s0,phase2/results/predictions/full/clean_only/resnet/seed_101/bandpass_n20005_cV1_covariance_s0.npz,75269,2c30bde3ab439c90435bcab331bb51612b75612d650243bd8400097e63b3db20
resnet,clean_only,101,bandpass_n20005_cV2_independent_rms_s20,phase2/results/predictions/full/clean_only/resnet/seed_101/bandpass_n20005_cV2_independent_rms_s20.npz,76431,af165feea0ca8c2bac7fcb4a9ff3dca0cc01b77fea01344293d1526537e8254c
resnet,clean_only,101,bandpass_n20005_cV2_independent_rms_s15,phase2/results/predictions/full/clean_only/resnet/seed_101/bandpass_n20005_cV2_independent_rms_s15.npz,76416,b18d9b327d3e5cf17a60cdb833834d43172629fd50cb5c2d80a80633d94f15c3
resnet,clean_only,101,bandpass_n20005_cV2_independent_rms_s10,phase2/results/predictions/full/clean_only/resnet/seed_101/bandpass_n20005_cV2_independent_rms_s10.npz,76255,d73a28a6bc4435dea49c55c9c8634a5f2640256817c19148e33ec7a4a817dfdb
resnet,clean_only,101,bandpass_n20005_cV2_independent_rms_s5,phase2/results/predictions/full/clean_only/resnet/seed_101/bandpass_n20005_cV2_independent_rms_s5.npz,75959,b24e87e5d5afa95e9d466d1fbc3f1b1398ca594af008d6b4adae28867ecda3eb
resnet,clean_only,101,bandpass_n20005_cV2_independent_rms_s0,phase2/results/predictions/full/clean_only/resnet/seed_101/bandpass_n20005_cV2_independent_rms_s0.npz,75414,fc15fd310b40e96585d43a42f8ee655f3d435eb703254c8ba9da7d25ac75b28a
resnet,clean_only,101,bandpass_n20005_cV2_electrode_s20,phase2/results/predictions/full/clean_only/resnet/seed_101/bandpass_n20005_cV2_electrode_s20.npz,76461,08baba46a231fbe281ba603bae955f91f2fdb84c79669b4d616c6715a10d0977
resnet,clean_only,101,bandpass_n20005_cV2_electrode_s15,phase2/results/predictions/full/clean_only/resnet/seed_101/bandpass_n20005_cV2_electrode_s15.npz,76378,2427279586a65380e56cc851a0a6369b5c20d92f057c42b78386280ef4195783
resnet,clean_only,101,bandpass_n20005_cV2_electrode_s10,phase2/results/predictions/full/clean_only/resnet/seed_101/bandpass_n20005_cV2_electrode_s10.npz,76214,4ee7fdeb8f14bc6e9a0a841f5cbc35c51246285bddb12818314fde49df7b3b5f
resnet,clean_only,101,bandpass_n20005_cV2_electrode_s5,phase2/results/predictions/full/clean_only/resnet/seed_101/bandpass_n20005_cV2_electrode_s5.npz,75987,bb09f9007aedbd3c2eb204da04ad04afd7af90abf3c56f3c67bdf630dfc42f84
resnet,clean_only,101,bandpass_n20005_cV2_electrode_s0,phase2/results/predictions/full/clean_only/resnet/seed_101/bandpass_n20005_cV2_electrode_s0.npz,75408,e8520f3272ff85996113caf0dfa9e26c1e096b70e60660bb938b62179c32d005
resnet,clean_only,101,bandpass_n20005_cV2_covariance_s20,phase2/results/predictions/full/clean_only/resnet/seed_101/bandpass_n20005_cV2_covariance_s20.npz,76428,8ff0de819ba497e99fb5a972f7f6521218ab66fb559ff2cc128e12833fdf3b4f
resnet,clean_only,101,bandpass_n20005_cV2_covariance_s15,phase2/results/predictions/full/clean_only/resnet/seed_101/bandpass_n20005_cV2_covariance_s15.npz,76370,a4d36c51faa6f6263da2ffa0d624057ac7d373c82fe897cdb102eebba00308ae
resnet,clean_only,101,bandpass_n20005_cV2_covariance_s10,phase2/results/predictions/full/clean_only/resnet/seed_101/bandpass_n20005_cV2_covariance_s10.npz,76222,cf72eaa7b05bbb9c418d7294926cfe5823e5959c8df9e23f84724041ec062bce
resnet,clean_only,101,bandpass_n20005_cV2_covariance_s5,phase2/results/predictions/full/clean_only/resnet/seed_101/bandpass_n20005_cV2_covariance_s5.npz,75974,2406c1dd5e15c10e8ae9758dcb5ca090016f54a78a26348020959c9b8b3d430b
resnet,clean_only,101,bandpass_n20005_cV2_covariance_s0,phase2/results/predictions/full/clean_only/resnet/seed_101/bandpass_n20005_cV2_covariance_s0.npz,75371,6c1099043004790b54e3ee524d67cd73405681f5479c43ef6d3b459fa7c92387
resnet,clean_only,101,bandpass_n20005_cV3_independent_rms_s20,phase2/results/predictions/full/clean_only/resnet/seed_101/bandpass_n20005_cV3_independent_rms_s20.npz,76449,cd7cfe4f3ef4e0b3c1aadeb6c46d8344236ae85f30e3dbd39a935733dbc0cc4d
resnet,clean_only,101,bandpass_n20005_cV3_independent_rms_s15,phase2/results/predictions/full/clean_only/resnet/seed_101/bandpass_n20005_cV3_independent_rms_s15.npz,76370,f9c600c0763910ee7fe404c2a97733fbdf15a436ad04909c3ac8ded6b52db424
resnet,clean_only,101,bandpass_n20005_cV3_independent_rms_s10,phase2/results/predictions/full/clean_only/resnet/seed_101/bandpass_n20005_cV3_independent_rms_s10.npz,76302,48b748714756c026e4fdba8856f887ef6207d5f1f07b36e9d00d1e1e5d77d925
resnet,clean_only,101,bandpass_n20005_cV3_independent_rms_s5,phase2/results/predictions/full/clean_only/resnet/seed_101/bandpass_n20005_cV3_independent_rms_s5.npz,76039,208aad5d208ccc5d816f771dab8a00e6c5adf29fdbe688d15b4c1422636ef804
resnet,clean_only,101,bandpass_n20005_cV3_independent_rms_s0,phase2/results/predictions/full/clean_only/resnet/seed_101/bandpass_n20005_cV3_independent_rms_s0.npz,75526,765459e22e4f697165463b5a4be0a9a07d2e358885c05e34cd6556ffce589ce0
resnet,clean_only,101,bandpass_n20005_cV3_electrode_s20,phase2/results/predictions/full/clean_only/resnet/seed_101/bandpass_n20005_cV3_electrode_s20.npz,76417,3d35a2307ee9a82743bb2e1fcaef17dc632bd298505fa68f5ba079b218f8312e
resnet,clean_only,101,bandpass_n20005_cV3_electrode_s15,phase2/results/predictions/full/clean_only/resnet/seed_101/bandpass_n20005_cV3_electrode_s15.npz,76371,88d1671ff54b7cc6f63bebb3e3f26ca812c1335aef8e74a157db0dbfb9d1e0f8
resnet,clean_only,101,bandpass_n20005_cV3_electrode_s10,phase2/results/predictions/full/clean_only/resnet/seed_101/bandpass_n20005_cV3_electrode_s10.npz,76286,c1596140dc9b1b5341492d9c1b4b316575c8964156c3b8b9d21c4d7ceee8af40
resnet,clean_only,101,bandpass_n20005_cV3_electrode_s5,phase2/results/predictions/full/clean_only/resnet/seed_101/bandpass_n20005_cV3_electrode_s5.npz,76058,46c6db7d89b44fba9b8b088a0d43b924884f247ba5f2eb472ececf01a9a25680
resnet,clean_only,101,bandpass_n20005_cV3_electrode_s0,phase2/results/predictions/full/clean_only/resnet/seed_101/bandpass_n20005_cV3_electrode_s0.npz,75542,5e617fff9ba9a67e955fb60966c23980c5cbf536f1dd409cf7861f18fa9d5114
resnet,clean_only,101,bandpass_n20005_cV3_covariance_s20,phase2/results/predictions/full/clean_only/resnet/seed_101/bandpass_n20005_cV3_covariance_s20.npz,76392,f34ddfda52c62a5a3526032da966441b769198f4f72e6879d7af184df14a6fba
resnet,clean_only,101,bandpass_n20005_cV3_covariance_s15,phase2/results/predictions/full/clean_only/resnet/seed_101/bandpass_n20005_cV3_covariance_s15.npz,76364,c544c17a39b858a121411d6adda237c9dcaf65512bbe436e71f9075b5565cea0
resnet,clean_only,101,bandpass_n20005_cV3_covariance_s10,phase2/results/predictions/full/clean_only/resnet/seed_101/bandpass_n20005_cV3_covariance_s10.npz,76289,e11e1dcaad60700df3e43119f2af0cb297fb037c294525c753e69ebd9d748bc2
resnet,clean_only,101,bandpass_n20005_cV3_covariance_s5,phase2/results/predictions/full/clean_only/resnet/seed_101/bandpass_n20005_cV3_covariance_s5.npz,76015,d4dbaca89715960b22e04a4f35e148120906f1ea630c98e465fbc84e7db71ec3
resnet,clean_only,101,bandpass_n20005_cV3_covariance_s0,phase2/results/predictions/full/clean_only/resnet/seed_101/bandpass_n20005_cV3_covariance_s0.npz,75538,0ecb1ea0e0171674cc73bfaf2cc3c1a1a383699f43c4b093966dc0710b004218
resnet,clean_only,101,bandpass_n20005_cV4_independent_rms_s20,phase2/results/predictions/full/clean_only/resnet/seed_101/bandpass_n20005_cV4_independent_rms_s20.npz,76419,8c151fa99a514169dbdc58cb0441ee54a577fcec8417d1e23ce520b597fcc587
resnet,clean_only,101,bandpass_n20005_cV4_independent_rms_s15,phase2/results/predictions/full/clean_only/resnet/seed_101/bandpass_n20005_cV4_independent_rms_s15.npz,76420,fdb523e4946e934002bf0e3c0f0f2584dfd404fe43b15e1a4a7bd765305c6d33
resnet,clean_only,101,bandpass_n20005_cV4_independent_rms_s10,phase2/results/predictions/full/clean_only/resnet/seed_101/bandpass_n20005_cV4_independent_rms_s10.npz,76328,845d9fe4ace7b3f61e4fb615479ac520a35b981bdb2a802178ef6486ab0bdc68
resnet,clean_only,101,bandpass_n20005_cV4_independent_rms_s5,phase2/results/predictions/full/clean_only/resnet/seed_101/bandpass_n20005_cV4_independent_rms_s5.npz,76145,dd3e396fb05ed5462a261b8ceacc80c05b1a774e056bca8267d8632c8a996088
resnet,clean_only,101,bandpass_n20005_cV4_independent_rms_s0,phase2/results/predictions/full/clean_only/resnet/seed_101/bandpass_n20005_cV4_independent_rms_s0.npz,75760,dc2be59c2a45a6cb655a76f03cc55c0ab836a3878a704e7c0d072c69a5862845
resnet,clean_only,101,bandpass_n20005_cV4_electrode_s20,phase2/results/predictions/full/clean_only/resnet/seed_101/bandpass_n20005_cV4_electrode_s20.npz,76424,db47cba65a89f22f646cfd8cbc48d92b9968f95a4f14b4741f19be02916758a6
resnet,clean_only,101,bandpass_n20005_cV4_electrode_s15,phase2/results/predictions/full/clean_only/resnet/seed_101/bandpass_n20005_cV4_electrode_s15.npz,76396,6a35aba7fc8bb185a90280ccd9acb9bcc681591257c8035b1ad4e2180af0f151
resnet,clean_only,101,bandpass_n20005_cV4_electrode_s10,phase2/results/predictions/full/clean_only/resnet/seed_101/bandpass_n20005_cV4_electrode_s10.npz,76299,faf528b31b6439c3cea9a07ce52df2b25962f6f01e60724cabde43d0a959f0db
resnet,clean_only,101,bandpass_n20005_cV4_electrode_s5,phase2/results/predictions/full/clean_only/resnet/seed_101/bandpass_n20005_cV4_electrode_s5.npz,76154,d4a392ec95c8ca6a68652bc0ade6b2b202bf65356314076836b1d9a3a4d5719b
resnet,clean_only,101,bandpass_n20005_cV4_electrode_s0,phase2/results/predictions/full/clean_only/resnet/seed_101/bandpass_n20005_cV4_electrode_s0.npz,75704,186dfaa91edccac943f2e7efbd4fd4925cfdbd027ad0ebcc9603e8829d28426a
resnet,clean_only,101,bandpass_n20005_cV4_covariance_s20,phase2/results/predictions/full/clean_only/resnet/seed_101/bandpass_n20005_cV4_covariance_s20.npz,76388,17c27d2997e4247647fe0dc3e93560944091bad6c12bd795f03eb3cba7fcbd5a
resnet,clean_only,101,bandpass_n20005_cV4_covariance_s15,phase2/results/predictions/full/clean_only/resnet/seed_101/bandpass_n20005_cV4_covariance_s15.npz,76414,9b11328680d7f524a87542569cda91f5b3f6ca830a8ceee946c2f1f606ed7f64
resnet,clean_only,101,bandpass_n20005_cV4_covariance_s10,phase2/results/predictions/full/clean_only/resnet/seed_101/bandpass_n20005_cV4_covariance_s10.npz,76291,e3ddade5953b7a3b89bc017cee221f6b949d25bcd471db2577fb6c669224d595
resnet,clean_only,101,bandpass_n20005_cV4_covariance_s5,phase2/results/predictions/full/clean_only/resnet/seed_101/bandpass_n20005_cV4_covariance_s5.npz,76169,ac091224496de1061703d526d6d11a2356823a3c8512b6f76e12fd063bfe8dfe
resnet,clean_only,101,bandpass_n20005_cV4_covariance_s0,phase2/results/predictions/full/clean_only/resnet/seed_101/bandpass_n20005_cV4_covariance_s0.npz,75723,80a89a137c6f94622a160bf1dfcb2b7ea2a1f74bc1c7f99c4af0bcac813b16be
resnet,clean_only,101,bandpass_n20005_cV5_independent_rms_s20,phase2/results/predictions/full/clean_only/resnet/seed_101/bandpass_n20005_cV5_independent_rms_s20.npz,76421,ade6a1e4eb60411af132a5c365bc993ca3488c54a39ff8d4e47822b8d79849ee
resnet,clean_only,101,bandpass_n20005_cV5_independent_rms_s15,phase2/results/predictions/full/clean_only/resnet/seed_101/bandpass_n20005_cV5_independent_rms_s15.npz,76365,3b3dda896080e2dcab5cdbb0a7239fb67b6ebf0c4a87e7435a6d88777af873a9
resnet,clean_only,101,bandpass_n20005_cV5_independent_rms_s10,phase2/results/predictions/full/clean_only/resnet/seed_101/bandpass_n20005_cV5_independent_rms_s10.npz,76290,0e9b0a2477ee96c76a9c5dbfb7624d2d6a617be6112238f0deaf90cd30613151
resnet,clean_only,101,bandpass_n20005_cV5_independent_rms_s5,phase2/results/predictions/full/clean_only/resnet/seed_101/bandpass_n20005_cV5_independent_rms_s5.npz,76020,3ee081d1f231d8b96a448eaf613739de6be6be97c6d7eb1f8a11d899940cacc4
resnet,clean_only,101,bandpass_n20005_cV5_independent_rms_s0,phase2/results/predictions/full/clean_only/resnet/seed_101/bandpass_n20005_cV5_independent_rms_s0.npz,75295,df0be01011a3a10cb8298d3df9fdb9aef0493d5e1612db8d9a83cf30de59702c
resnet,clean_only,101,bandpass_n20005_cV5_electrode_s20,phase2/results/predictions/full/clean_only/resnet/seed_101/bandpass_n20005_cV5_electrode_s20.npz,76428,f0a434b0aedc589eeec48b93d18fa3e2408cee799c1179f6e3e155e52f9c61fa
resnet,clean_only,101,bandpass_n20005_cV5_electrode_s15,phase2/results/predictions/full/clean_only/resnet/seed_101/bandpass_n20005_cV5_electrode_s15.npz,76344,9f784ef4228496229f354b2ed5fa67cbe2aa03fde97658520fdc3cd842fa1f90
resnet,clean_only,101,bandpass_n20005_cV5_electrode_s10,phase2/results/predictions/full/clean_only/resnet/seed_101/bandpass_n20005_cV5_electrode_s10.npz,76293,524be897d42da787f42e399bdb9aa54867b615773ff3ca19e8ada9ac67a3b0c4
resnet,clean_only,101,bandpass_n20005_cV5_electrode_s5,phase2/results/predictions/full/clean_only/resnet/seed_101/bandpass_n20005_cV5_electrode_s5.npz,75970,cb5fd8dfe8e30d704a46be3eb1af027537fb7d0af2a4ef59dc4f40ddb8be14cd
resnet,clean_only,101,bandpass_n20005_cV5_electrode_s0,phase2/results/predictions/full/clean_only/resnet/seed_101/bandpass_n20005_cV5_electrode_s0.npz,75275,7bd163d8f192530b99fbf613663bc9928f09d012bb9e5f9a3a57a8fc6494eb88
resnet,clean_only,101,bandpass_n20005_cV5_covariance_s20,phase2/results/predictions/full/clean_only/resnet/seed_101/bandpass_n20005_cV5_covariance_s20.npz,76445,c71e1afab92ac189261db88fc5204c35f40c9baf4e84e1895a3c107a0bc7f63e
resnet,clean_only,101,bandpass_n20005_cV5_covariance_s15,phase2/results/predictions/full/clean_only/resnet/seed_101/bandpass_n20005_cV5_covariance_s15.npz,76367,2d131877a5b00e9525f3d8d91b19956ee06de0b4c927dff403d799f98c7dd7d1
resnet,clean_only,101,bandpass_n20005_cV5_covariance_s10,phase2/results/predictions/full/clean_only/resnet/seed_101/bandpass_n20005_cV5_covariance_s10.npz,76291,a53787d1d198a8d892e978d2122499186b0365ce7a2ecbfed81f1c0218148714
resnet,clean_only,101,bandpass_n20005_cV5_covariance_s5,phase2/results/predictions/full/clean_only/resnet/seed_101/bandpass_n20005_cV5_covariance_s5.npz,76002,29140082bc219670e020281f28ff3eb925be696fd5b13bbf426a19656d79ed00
resnet,clean_only,101,bandpass_n20005_cV5_covariance_s0,phase2/results/predictions/full/clean_only/resnet/seed_101/bandpass_n20005_cV5_covariance_s0.npz,75277,72eb10b8ddf81e42346327bd312d7354da71a9d8d71136ec84b95c4511bc5c52
resnet,clean_only,101,bandpass_n20005_cV6_independent_rms_s20,phase2/results/predictions/full/clean_only/resnet/seed_101/bandpass_n20005_cV6_independent_rms_s20.npz,76449,d260bef4797dfeb81dab0ccbe63543fcb2a809e1b58fef14c82cce44f103d4ff
resnet,clean_only,101,bandpass_n20005_cV6_independent_rms_s15,phase2/results/predictions/full/clean_only/resnet/seed_101/bandpass_n20005_cV6_independent_rms_s15.npz,76380,63b9c84cdebcd79695bc9ac1654bd17344ae08773a17c537f710868fcaff7766
resnet,clean_only,101,bandpass_n20005_cV6_independent_rms_s10,phase2/results/predictions/full/clean_only/resnet/seed_101/bandpass_n20005_cV6_independent_rms_s10.npz,76316,a605cb998af96c4de1ad0c6e6504844f1786ef49edce471270484e4d48f08a48
resnet,clean_only,101,bandpass_n20005_cV6_independent_rms_s5,phase2/results/predictions/full/clean_only/resnet/seed_101/bandpass_n20005_cV6_independent_rms_s5.npz,76058,49d5967039e411e0851bf72560cf4a598150c11a0d1f9c1683745223e49d43e7
resnet,clean_only,101,bandpass_n20005_cV6_independent_rms_s0,phase2/results/predictions/full/clean_only/resnet/seed_101/bandpass_n20005_cV6_independent_rms_s0.npz,75522,20ea6d88333e4d74b72929ca9e198c404732d5ecf39f4b648fbb7efe2e879338
resnet,clean_only,101,bandpass_n20005_cV6_electrode_s20,phase2/results/predictions/full/clean_only/resnet/seed_101/bandpass_n20005_cV6_electrode_s20.npz,76448,e531febab91a7a5b2ea32ce86ca0fa6c6272a85aef083a4cd996092b0bb8be85
resnet,clean_only,101,bandpass_n20005_cV6_electrode_s15,phase2/results/predictions/full/clean_only/resnet/seed_101/bandpass_n20005_cV6_electrode_s15.npz,76370,bab4849b770c33606cd59bf5639c7c0d5d57156ad84313f0926cf5eaa5c57e57
resnet,clean_only,101,bandpass_n20005_cV6_electrode_s10,phase2/results/predictions/full/clean_only/resnet/seed_101/bandpass_n20005_cV6_electrode_s10.npz,76286,8226cab29d7792076195845bb3079df495becc459a80fec6153a758573fd4c06
resnet,clean_only,101,bandpass_n20005_cV6_electrode_s5,phase2/results/predictions/full/clean_only/resnet/seed_101/bandpass_n20005_cV6_electrode_s5.npz,76002,4b4bedd96600cf5a77aed7d7314a1853843c887632132ad63950b70f605a5ed9
resnet,clean_only,101,bandpass_n20005_cV6_electrode_s0,phase2/results/predictions/full/clean_only/resnet/seed_101/bandpass_n20005_cV6_electrode_s0.npz,75487,cf3cc7631c050b60e2add464be9b0d0881ef68fd1671be87f2ed405d12e94c7c
resnet,clean_only,101,bandpass_n20005_cV6_covariance_s20,phase2/results/predictions/full/clean_only/resnet/seed_101/bandpass_n20005_cV6_covariance_s20.npz,76427,c4a3b42df8c05a71ade3b96927af5ec555a69a6999adf819ce2cfc79f8d04c2a
resnet,clean_only,101,bandpass_n20005_cV6_covariance_s15,phase2/results/predictions/full/clean_only/resnet/seed_101/bandpass_n20005_cV6_covariance_s15.npz,76373,06754af477f39f59b5a23e17b2befba1dcaca23fb0a3ade9dffdfadfb8d8572a
resnet,clean_only,101,bandpass_n20005_cV6_covariance_s10,phase2/results/predictions/full/clean_only/resnet/seed_101/bandpass_n20005_cV6_covariance_s10.npz,76285,7a5da072b14dd780e99cf518a8a02bc2ffbde2a2b5e2830f1ce9d1e41d7e460b
resnet,clean_only,101,bandpass_n20005_cV6_covariance_s5,phase2/results/predictions/full/clean_only/resnet/seed_101/bandpass_n20005_cV6_covariance_s5.npz,76062,5d9d7335f096353666357a25d7bff6d410ede8e4c849f79cea405a8b8d435b4e
resnet,clean_only,101,bandpass_n20005_cV6_covariance_s0,phase2/results/predictions/full/clean_only/resnet/seed_101/bandpass_n20005_cV6_covariance_s0.npz,75509,ecd5a088a78b4fe695a7b1593f32c9bf5cc0edb20196b37fff4b1c21d125bc44
resnet,clean_only,101,bandpass_n20005_cRA_LA_independent_rms_s20,phase2/results/predictions/full/clean_only/resnet/seed_101/bandpass_n20005_cRA_LA_independent_rms_s20.npz,76445,2c6f2de61798c5f6d7243fe2a4bdd6244a9a589c8a0545bae2f74f5622cdb862
resnet,clean_only,101,bandpass_n20005_cRA_LA_independent_rms_s15,phase2/results/predictions/full/clean_only/resnet/seed_101/bandpass_n20005_cRA_LA_independent_rms_s15.npz,76367,0e291346a912fedadd3dc0a1d10e97e64c07d33cffb1a087e078a448a069dfce
resnet,clean_only,101,bandpass_n20005_cRA_LA_independent_rms_s10,phase2/results/predictions/full/clean_only/resnet/seed_101/bandpass_n20005_cRA_LA_independent_rms_s10.npz,76252,9b1dc73ab7215c0ebd9215de3d80dccc1d82ff3be37a2e4d1fb1c6dfc0c0183a
resnet,clean_only,101,bandpass_n20005_cRA_LA_independent_rms_s5,phase2/results/predictions/full/clean_only/resnet/seed_101/bandpass_n20005_cRA_LA_independent_rms_s5.npz,76008,8ddcabcc6625a5d47f6876d40fcdd965a66dd05ce15bcb7eab6fb9c6de27fe3a
resnet,clean_only,101,bandpass_n20005_cRA_LA_independent_rms_s0,phase2/results/predictions/full/clean_only/resnet/seed_101/bandpass_n20005_cRA_LA_independent_rms_s0.npz,75415,44ba9e18dfc21cf7a1ee9b430a88d3f5969565779c6cbc1634618cfe3766e267
resnet,clean_only,101,bandpass_n20005_cRA_LA_electrode_s20,phase2/results/predictions/full/clean_only/resnet/seed_101/bandpass_n20005_cRA_LA_electrode_s20.npz,76407,24caf6add6851c849d762e713e90b6fcdc956dd538b44482eb03f8e99062f1e0
resnet,clean_only,101,bandpass_n20005_cRA_LA_electrode_s15,phase2/results/predictions/full/clean_only/resnet/seed_101/bandpass_n20005_cRA_LA_electrode_s15.npz,76315,35554d7f12c55f8b8d944424149b9d69ec633949d3799d6435a7c146d54cbec3
resnet,clean_only,101,bandpass_n20005_cRA_LA_electrode_s10,phase2/results/predictions/full/clean_only/resnet/seed_101/bandpass_n20005_cRA_LA_electrode_s10.npz,76224,66a9907306a7d071e6e5eff66cce1cba16265965610c3618fdbe83d71892596d
resnet,clean_only,101,bandpass_n20005_cRA_LA_electrode_s5,phase2/results/predictions/full/clean_only/resnet/seed_101/bandpass_n20005_cRA_LA_electrode_s5.npz,75863,9baf4041f4ff50ba1da71fb377e84c24ac9d51e344218e1b95dc804481a904b5
resnet,clean_only,101,bandpass_n20005_cRA_LA_electrode_s0,phase2/results/predictions/full/clean_only/resnet/seed_101/bandpass_n20005_cRA_LA_electrode_s0.npz,75298,c1a5b463e46d8af8b4eaf77a7945b9d2151460e2c516687a6c502d311c559ed0
resnet,clean_only,101,bandpass_n20005_cRA_LA_covariance_s20,phase2/results/predictions/full/clean_only/resnet/seed_101/bandpass_n20005_cRA_LA_covariance_s20.npz,76443,7d0283cd026d9faad09ef84a09dadf0fe5ef5c8a368cf1607d278637355b9841
resnet,clean_only,101,bandpass_n20005_cRA_LA_covariance_s15,phase2/results/predictions/full/clean_only/resnet/seed_101/bandpass_n20005_cRA_LA_covariance_s15.npz,76356,80370db92acee0636dd9f019ab9c7b1aef60a2dd4fbabbff68e7128e9020454d
resnet,clean_only,101,bandpass_n20005_cRA_LA_covariance_s10,phase2/results/predictions/full/clean_only/resnet/seed_101/bandpass_n20005_cRA_LA_covariance_s10.npz,76230,21319d8353b2924bd954310b07409cbf408a589fa7ec5cf4621e9f8bf2a020a5
resnet,clean_only,101,bandpass_n20005_cRA_LA_covariance_s5,phase2/results/predictions/full/clean_only/resnet/seed_101/bandpass_n20005_cRA_LA_covariance_s5.npz,75892,60de0d0364641f652dd55344794dff6c0ec4a1411b691fb56765b88169d678ea
resnet,clean_only,101,bandpass_n20005_cRA_LA_covariance_s0,phase2/results/predictions/full/clean_only/resnet/seed_101/bandpass_n20005_cRA_LA_covariance_s0.npz,75296,e2c4fd43f720f26869c9155e655f4594a6ec45240204606b106b9baf2481d3f7
resnet,clean_only,101,bandpass_n20005_cLA_LL_independent_rms_s20,phase2/results/predictions/full/clean_only/resnet/seed_101/bandpass_n20005_cLA_LL_independent_rms_s20.npz,76438,f971d07420f23e2aaa65550c149dea8b66c1e24c681856955002762e660cc64a
resnet,clean_only,101,bandpass_n20005_cLA_LL_independent_rms_s15,phase2/results/predictions/full/clean_only/resnet/seed_101/bandpass_n20005_cLA_LL_independent_rms_s15.npz,76378,94fabbf826e12dc9fe7d387f1f00e734b544673973c55394489d6798c703d684
resnet,clean_only,101,bandpass_n20005_cLA_LL_independent_rms_s10,phase2/results/predictions/full/clean_only/resnet/seed_101/bandpass_n20005_cLA_LL_independent_rms_s10.npz,76269,527c0aa6ec9f68750c0dc8f0e003c1cd6ecbf907a1cbb53944cbd5d62760a82d
resnet,clean_only,101,bandpass_n20005_cLA_LL_independent_rms_s5,phase2/results/predictions/full/clean_only/resnet/seed_101/bandpass_n20005_cLA_LL_independent_rms_s5.npz,75977,06f8cc81b1c3e9b020f5cac22a1bb9cd1c6342e88b8b59b452d65815785e03b6
resnet,clean_only,101,bandpass_n20005_cLA_LL_independent_rms_s0,phase2/results/predictions/full/clean_only/resnet/seed_101/bandpass_n20005_cLA_LL_independent_rms_s0.npz,75341,6d8f85d81c90a46ea0e77b300657cb10af6020c15184d43a9425ae9d06b625bd
resnet,clean_only,101,bandpass_n20005_cLA_LL_electrode_s20,phase2/results/predictions/full/clean_only/resnet/seed_101/bandpass_n20005_cLA_LL_electrode_s20.npz,76419,0c2739b18918a08340de8935222d1b5ded4a28d38da44faa68ad539403908aa7
resnet,clean_only,101,bandpass_n20005_cLA_LL_electrode_s15,phase2/results/predictions/full/clean_only/resnet/seed_101/bandpass_n20005_cLA_LL_electrode_s15.npz,76325,b39b58ff42fcaddce405a516e39de30a3174590579fcf93418710284d9d9a00e
resnet,clean_only,101,bandpass_n20005_cLA_LL_electrode_s10,phase2/results/predictions/full/clean_only/resnet/seed_101/bandpass_n20005_cLA_LL_electrode_s10.npz,76205,7ad6e31c9b6323e16537bf30a2e8ccc87be1d3dd37b8020a7cf32ba13bb75f80
resnet,clean_only,101,bandpass_n20005_cLA_LL_electrode_s5,phase2/results/predictions/full/clean_only/resnet/seed_101/bandpass_n20005_cLA_LL_electrode_s5.npz,75804,72236871ac4d9fb326a3593aad4fafbac82e9b878fc3bf1bab6dcb253d052fdd
resnet,clean_only,101,bandpass_n20005_cLA_LL_electrode_s0,phase2/results/predictions/full/clean_only/resnet/seed_101/bandpass_n20005_cLA_LL_electrode_s0.npz,75347,aaa7027ed7b37ae1e21f8fd3cd74fdb56e0166d339bd5c22e0a143932f22c9a0
resnet,clean_only,101,bandpass_n20005_cLA_LL_covariance_s20,phase2/results/predictions/full/clean_only/resnet/seed_101/bandpass_n20005_cLA_LL_covariance_s20.npz,76421,9f73abac863e6358f07f62b43b7986ef1c2e0db266f51ea3aab17e0f97494bf7
resnet,clean_only,101,bandpass_n20005_cLA_LL_covariance_s15,phase2/results/predictions/full/clean_only/resnet/seed_101/bandpass_n20005_cLA_LL_covariance_s15.npz,76345,ae06f23ebf5db365e3bf22f2d7401373191962b671a8055baa39d63810448102
resnet,clean_only,101,bandpass_n20005_cLA_LL_covariance_s10,phase2/results/predictions/full/clean_only/resnet/seed_101/bandpass_n20005_cLA_LL_covariance_s10.npz,76183,74dbcaea9a20acd3ccdc59b871095e554fce383148f0b4965fdc7de5c89b8e86
resnet,clean_only,101,bandpass_n20005_cLA_LL_covariance_s5,phase2/results/predictions/full/clean_only/resnet/seed_101/bandpass_n20005_cLA_LL_covariance_s5.npz,75815,3a61ba063f2289ec73d5a01dffa3a4f081b9928fea7bcf8e2ef708dd9aaee933
resnet,clean_only,101,bandpass_n20005_cLA_LL_covariance_s0,phase2/results/predictions/full/clean_only/resnet/seed_101/bandpass_n20005_cLA_LL_covariance_s0.npz,75338,c166345b554c0e3836d8f8ef8244beedcf941137e4b7e221d291d7ce613b55e8
resnet,clean_only,101,bandpass_n20005_cRA_LL_independent_rms_s20,phase2/results/predictions/full/clean_only/resnet/seed_101/bandpass_n20005_cRA_LL_independent_rms_s20.npz,76442,e8d0e3deba7be0a4a8ff1128b6bcb257338ac0082ae7333d8c907a9011f08b0d
resnet,clean_only,101,bandpass_n20005_cRA_LL_independent_rms_s15,phase2/results/predictions/full/clean_only/resnet/seed_101/bandpass_n20005_cRA_LL_independent_rms_s15.npz,76393,70fdcffb88b0fa91ca13bfe9bfcd43ac08947e6e708995b5f7f5e74a7f59b785
resnet,clean_only,101,bandpass_n20005_cRA_LL_independent_rms_s10,phase2/results/predictions/full/clean_only/resnet/seed_101/bandpass_n20005_cRA_LL_independent_rms_s10.npz,76281,24ce5700f32eccdb81f99c6866738410659a7d495f494df1d1c05a303187155b
resnet,clean_only,101,bandpass_n20005_cRA_LL_independent_rms_s5,phase2/results/predictions/full/clean_only/resnet/seed_101/bandpass_n20005_cRA_LL_independent_rms_s5.npz,76008,3099f8e5b3579be63027951d215377fbda225d687c2fa7e51d84222f61aece86
resnet,clean_only,101,bandpass_n20005_cRA_LL_independent_rms_s0,phase2/results/predictions/full/clean_only/resnet/seed_101/bandpass_n20005_cRA_LL_independent_rms_s0.npz,75432,84f0b5dae5b1c966fe90c58347095bba69030b59c8a04454abbbcac51ce0694a
resnet,clean_only,101,bandpass_n20005_cRA_LL_electrode_s20,phase2/results/predictions/full/clean_only/resnet/seed_101/bandpass_n20005_cRA_LL_electrode_s20.npz,76460,1447618e67257051ed00d7752aad8eb6f9e47b57108ffdfd73fcaa39b8a91ca0
resnet,clean_only,101,bandpass_n20005_cRA_LL_electrode_s15,phase2/results/predictions/full/clean_only/resnet/seed_101/bandpass_n20005_cRA_LL_electrode_s15.npz,76332,179d7806265ad4d8ba7b0c30fdcb3fc10eef0d903f9786d7ad0b6e2abbf8d66e
resnet,clean_only,101,bandpass_n20005_cRA_LL_electrode_s10,phase2/results/predictions/full/clean_only/resnet/seed_101/bandpass_n20005_cRA_LL_electrode_s10.npz,76141,9065ed71d8e4640ef9a9f3b313234d79d05c9b514daf0ae80ebdaefd5d5dd7b6
resnet,clean_only,101,bandpass_n20005_cRA_LL_electrode_s5,phase2/results/predictions/full/clean_only/resnet/seed_101/bandpass_n20005_cRA_LL_electrode_s5.npz,75772,4de0203678f3f1c611096e3e7cd2cef113b63bb4cd5c5a67e480bc17563d09a8
resnet,clean_only,101,bandpass_n20005_cRA_LL_electrode_s0,phase2/results/predictions/full/clean_only/resnet/seed_101/bandpass_n20005_cRA_LL_electrode_s0.npz,75228,c38214270dae3e1958bb524d340dd0bc519d83aadbc556d823c0a674d19930b1
resnet,clean_only,101,bandpass_n20005_cRA_LL_covariance_s20,phase2/results/predictions/full/clean_only/resnet/seed_101/bandpass_n20005_cRA_LL_covariance_s20.npz,76452,49c6ca442867483b46604be3878f14c746b4e27e9c80fe10a15d5996944800ba
resnet,clean_only,101,bandpass_n20005_cRA_LL_covariance_s15,phase2/results/predictions/full/clean_only/resnet/seed_101/bandpass_n20005_cRA_LL_covariance_s15.npz,76346,5ceee79cfc95d4dfcbdaf3976f142daaa8e16edfd6b888e253cf9833a25db219
resnet,clean_only,101,bandpass_n20005_cRA_LL_covariance_s10,phase2/results/predictions/full/clean_only/resnet/seed_101/bandpass_n20005_cRA_LL_covariance_s10.npz,76165,afc5af1cef1cce795f0caaf2bfeac729b9aa04130eeecc6631bb4bb04eb5bd96
resnet,clean_only,101,bandpass_n20005_cRA_LL_covariance_s5,phase2/results/predictions/full/clean_only/resnet/seed_101/bandpass_n20005_cRA_LL_covariance_s5.npz,75786,15a2f00d8316ad07d1b202312ad8f84e71aa2a1287de357d6a0e887a0ed15e9e
resnet,clean_only,101,bandpass_n20005_cRA_LL_covariance_s0,phase2/results/predictions/full/clean_only/resnet/seed_101/bandpass_n20005_cRA_LL_covariance_s0.npz,75233,a0c4ed0e6fab7dceb5a5d587339066ad82df2953b21e976ce667ae40fcc3ec2a
resnet,clean_only,101,bandpass_n20005_cRA_independent_rms_s20,phase2/results/predictions/full/clean_only/resnet/seed_101/bandpass_n20005_cRA_independent_rms_s20.npz,76417,f926b8d4e9772d0bfdd888184f5c7492ec830511291765cfe883722c5d1fd209
resnet,clean_only,101,bandpass_n20005_cRA_independent_rms_s15,phase2/results/predictions/full/clean_only/resnet/seed_101/bandpass_n20005_cRA_independent_rms_s15.npz,76390,f0fe5b01277e5bdeb094ef7455494fe2c0444cb66f486f3f06efff1a3cb1a950
resnet,clean_only,101,bandpass_n20005_cRA_independent_rms_s10,phase2/results/predictions/full/clean_only/resnet/seed_101/bandpass_n20005_cRA_independent_rms_s10.npz,76309,9eb5e6abe6ab068d928cc9c791f1869d97deb822d5eb0b563eb740ead5b65a00
resnet,clean_only,101,bandpass_n20005_cRA_independent_rms_s5,phase2/results/predictions/full/clean_only/resnet/seed_101/bandpass_n20005_cRA_independent_rms_s5.npz,76003,92cdcf50d76a73ac3f3cf427fa97f2e2408306dea25dfc27da118e249ed07836
resnet,clean_only,101,bandpass_n20005_cRA_independent_rms_s0,phase2/results/predictions/full/clean_only/resnet/seed_101/bandpass_n20005_cRA_independent_rms_s0.npz,75449,9186e5be33e507e75f749fb84433aab5b8b715e4bf621012bbcc6ec3f1c4f39b
resnet,clean_only,101,bandpass_n20005_cRA_electrode_s20,phase2/results/predictions/full/clean_only/resnet/seed_101/bandpass_n20005_cRA_electrode_s20.npz,76424,53c12a5b841dd514df303f33da113e06da1f9a42154e859593c18df3ecc4667d
resnet,clean_only,101,bandpass_n20005_cRA_electrode_s15,phase2/results/predictions/full/clean_only/resnet/seed_101/bandpass_n20005_cRA_electrode_s15.npz,76330,47e1a5af10ad999d3355e8a8bd2046d99f0bb144567beae69f33c61c6257c29d
resnet,clean_only,101,bandpass_n20005_cRA_electrode_s10,phase2/results/predictions/full/clean_only/resnet/seed_101/bandpass_n20005_cRA_electrode_s10.npz,76190,543ae8ac48aab6199224794515882c61b71e3dd824dc598fc8e7d7094fa8e95f
resnet,clean_only,101,bandpass_n20005_cRA_electrode_s5,phase2/results/predictions/full/clean_only/resnet/seed_101/bandpass_n20005_cRA_electrode_s5.npz,75892,6f5ee51caa8709f0f802a244057fb3d432dd2ebb6aac4bfe9344bf041fe24564
resnet,clean_only,101,bandpass_n20005_cRA_electrode_s0,phase2/results/predictions/full/clean_only/resnet/seed_101/bandpass_n20005_cRA_electrode_s0.npz,75391,22363c2442c347d153c48f0e743050d9bfe7a6973860e123842f65ddcad0817f
resnet,clean_only,101,bandpass_n20005_cRA_covariance_s20,phase2/results/predictions/full/clean_only/resnet/seed_101/bandpass_n20005_cRA_covariance_s20.npz,76426,53697285cc1f82798decf2ea62fd1b5ec20bf6a37ca4d6b64352ed755f675ef0
resnet,clean_only,101,bandpass_n20005_cRA_covariance_s15,phase2/results/predictions/full/clean_only/resnet/seed_101/bandpass_n20005_cRA_covariance_s15.npz,76360,31adf13d2b9f1250e97a54d0dd90f66468c1a98ab62c30fcc8df17283c427701
resnet,clean_only,101,bandpass_n20005_cRA_covariance_s10,phase2/results/predictions/full/clean_only/resnet/seed_101/bandpass_n20005_cRA_covariance_s10.npz,76207,376313d95fcfaf03d82aa42d017fefc13a2f271059f70c666c8fa0a0441e5768
resnet,clean_only,101,bandpass_n20005_cRA_covariance_s5,phase2/results/predictions/full/clean_only/resnet/seed_101/bandpass_n20005_cRA_covariance_s5.npz,75890,c303dc84a3c0c7c85bdb6855e5b1cbfb358328b26997f457c8bf78b912bec7a8
resnet,clean_only,101,bandpass_n20005_cRA_covariance_s0,phase2/results/predictions/full/clean_only/resnet/seed_101/bandpass_n20005_cRA_covariance_s0.npz,75396,1003f5c787c436157f62765513d097074635f0c1ad3305942ccdc2ac4c37143c
resnet,clean_only,101,bandpass_n20005_cLA_independent_rms_s20,phase2/results/predictions/full/clean_only/resnet/seed_101/bandpass_n20005_cLA_independent_rms_s20.npz,76413,6936ef5a63db6695bc5ef868cd3701f5b2d19101bff2ac9656b4848ca98ad806
resnet,clean_only,101,bandpass_n20005_cLA_independent_rms_s15,phase2/results/predictions/full/clean_only/resnet/seed_101/bandpass_n20005_cLA_independent_rms_s15.npz,76386,21219e0bf59b9b9f2f36e2579fda61e0d04c8987711a64339b3f5220f758e78c
resnet,clean_only,101,bandpass_n20005_cLA_independent_rms_s10,phase2/results/predictions/full/clean_only/resnet/seed_101/bandpass_n20005_cLA_independent_rms_s10.npz,76270,e1ed8fff8c4aec9e87fdc05f3646c30a56a066c2c4ea72b07d9df6f2026f8599
resnet,clean_only,101,bandpass_n20005_cLA_independent_rms_s5,phase2/results/predictions/full/clean_only/resnet/seed_101/bandpass_n20005_cLA_independent_rms_s5.npz,76008,efb47356fb4447b6e6fc4516353e536c85d8482f400f6dd6a2c015af56655dd7
resnet,clean_only,101,bandpass_n20005_cLA_independent_rms_s0,phase2/results/predictions/full/clean_only/resnet/seed_101/bandpass_n20005_cLA_independent_rms_s0.npz,75431,764b69bcb94b8f275d31edaad24ae23f431259e1dae5beb7b9d43ba7bbcef44b
resnet,clean_only,101,bandpass_n20005_cLA_electrode_s20,phase2/results/predictions/full/clean_only/resnet/seed_101/bandpass_n20005_cLA_electrode_s20.npz,76416,09d0759e422f41c81c395eea45f68426a6deba1371eb742c9aa01f895ac22469
resnet,clean_only,101,bandpass_n20005_cLA_electrode_s15,phase2/results/predictions/full/clean_only/resnet/seed_101/bandpass_n20005_cLA_electrode_s15.npz,76348,564094335aaf66b57053805271768c711ab0c4930210b21d35fec59505fff1de
resnet,clean_only,101,bandpass_n20005_cLA_electrode_s10,phase2/results/predictions/full/clean_only/resnet/seed_101/bandpass_n20005_cLA_electrode_s10.npz,76222,3b5b83d2fac24ead7137da97489ae8a96c8e64c48563c2ab57002d2d8e867001
resnet,clean_only,101,bandpass_n20005_cLA_electrode_s5,phase2/results/predictions/full/clean_only/resnet/seed_101/bandpass_n20005_cLA_electrode_s5.npz,75925,768d2c8bdfc74e59cdc67f5e3424e3c435afa808f928d5769eb3cb7351156d0f
resnet,clean_only,101,bandpass_n20005_cLA_electrode_s0,phase2/results/predictions/full/clean_only/resnet/seed_101/bandpass_n20005_cLA_electrode_s0.npz,75368,a45536b2c0139af2918604a4a1a1e064897e2e96ffd3ba90d53666cbfdfd5a0d
resnet,clean_only,101,bandpass_n20005_cLA_covariance_s20,phase2/results/predictions/full/clean_only/resnet/seed_101/bandpass_n20005_cLA_covariance_s20.npz,76435,13aa968849ff93d082229a3ff7ebe63d3cfcc1f0e5f8f50b7f1786b6ad6ce553
resnet,clean_only,101,bandpass_n20005_cLA_covariance_s15,phase2/results/predictions/full/clean_only/resnet/seed_101/bandpass_n20005_cLA_covariance_s15.npz,76338,e06ef7ec390ac3d226040714bf1903053fc147961d79ddf3cabe8e630d1cfabe
resnet,clean_only,101,bandpass_n20005_cLA_covariance_s10,phase2/results/predictions/full/clean_only/resnet/seed_101/bandpass_n20005_cLA_covariance_s10.npz,76264,8c2a5a43598da354f723fac9def4584a8ddc2a52219cb68509a69c590df734f1
resnet,clean_only,101,bandpass_n20005_cLA_covariance_s5,phase2/results/predictions/full/clean_only/resnet/seed_101/bandpass_n20005_cLA_covariance_s5.npz,75877,9bfb0d911f283858aa96fa99f0d22cf15fe0606d6adb97da142eacc59d20eee0
resnet,clean_only,101,bandpass_n20005_cLA_covariance_s0,phase2/results/predictions/full/clean_only/resnet/seed_101/bandpass_n20005_cLA_covariance_s0.npz,75380,ce9d6b22bfd2aacb7c9e56ff51ac798cc9dfb0f2ab4d3ca0cafcc0c564598f0b
resnet,clean_only,101,bandpass_n20005_cLL_independent_rms_s20,phase2/results/predictions/full/clean_only/resnet/seed_101/bandpass_n20005_cLL_independent_rms_s20.npz,76457,15965f88784dfa65e489effbb0d47511ed2090a25bf86d4fa2892ffb9d03919b
resnet,clean_only,101,bandpass_n20005_cLL_independent_rms_s15,phase2/results/predictions/full/clean_only/resnet/seed_101/bandpass_n20005_cLL_independent_rms_s15.npz,76408,2bf73883ea458bffa5e73e5bd92018eb49ed7133a85b22b51c1db6dfc9d77b93
resnet,clean_only,101,bandpass_n20005_cLL_independent_rms_s10,phase2/results/predictions/full/clean_only/resnet/seed_101/bandpass_n20005_cLL_independent_rms_s10.npz,76259,eb00728d4cd4a9ddf37a7328a7c42893a135c473b59cde3c3da177ce1356fae2
resnet,clean_only,101,bandpass_n20005_cLL_independent_rms_s5,phase2/results/predictions/full/clean_only/resnet/seed_101/bandpass_n20005_cLL_independent_rms_s5.npz,75992,65a8cf788fb153cd2c52d56ff19439a9690f4f05fa92ab1c3dee5965320be4dd
resnet,clean_only,101,bandpass_n20005_cLL_independent_rms_s0,phase2/results/predictions/full/clean_only/resnet/seed_101/bandpass_n20005_cLL_independent_rms_s0.npz,75335,f2bcb80136d4e44907432357f00377cb1968cf2837e1e9260a789e0268421505
resnet,clean_only,101,bandpass_n20005_cLL_electrode_s20,phase2/results/predictions/full/clean_only/resnet/seed_101/bandpass_n20005_cLL_electrode_s20.npz,76415,3d6945110fae24424756b3ff3c6a28716005fab797a9ee9867c5e6bb792ef531
resnet,clean_only,101,bandpass_n20005_cLL_electrode_s15,phase2/results/predictions/full/clean_only/resnet/seed_101/bandpass_n20005_cLL_electrode_s15.npz,76317,d86b274cd26474bb9f9b564b28409717ecb56a9ce4e1d54e291cf1a5e5d88523
resnet,clean_only,101,bandpass_n20005_cLL_electrode_s10,phase2/results/predictions/full/clean_only/resnet/seed_101/bandpass_n20005_cLL_electrode_s10.npz,76141,47aaf2bdf7aa0858c6f188ddadcb7699171ac7bff30ad2837e973287a24bf64b
resnet,clean_only,101,bandpass_n20005_cLL_electrode_s5,phase2/results/predictions/full/clean_only/resnet/seed_101/bandpass_n20005_cLL_electrode_s5.npz,75749,346c418c32067bb8a6ec840896e992086b7fed3c853568ef98dbad828db6c9d2
resnet,clean_only,101,bandpass_n20005_cLL_electrode_s0,phase2/results/predictions/full/clean_only/resnet/seed_101/bandpass_n20005_cLL_electrode_s0.npz,75395,33a4f663f1b7d51a9bacd964bc2b18e730bb503eaf01d2b84eebd382fd978cc3
resnet,clean_only,101,bandpass_n20005_cLL_covariance_s20,phase2/results/predictions/full/clean_only/resnet/seed_101/bandpass_n20005_cLL_covariance_s20.npz,76380,93e516b41c60c0e28c5064119840637f372475e6d1f82655abbc3c7c386229be
resnet,clean_only,101,bandpass_n20005_cLL_covariance_s15,phase2/results/predictions/full/clean_only/resnet/seed_101/bandpass_n20005_cLL_covariance_s15.npz,76311,213871e52e9b3994fa755a8af277694c472361bc9276eb0c28e083336004c7d8
resnet,clean_only,101,bandpass_n20005_cLL_covariance_s10,phase2/results/predictions/full/clean_only/resnet/seed_101/bandpass_n20005_cLL_covariance_s10.npz,76140,2a285b0c4146955bbccccb683d254ef01e4a9bbdef3872cfa0553dd7702053e0
resnet,clean_only,101,bandpass_n20005_cLL_covariance_s5,phase2/results/predictions/full/clean_only/resnet/seed_101/bandpass_n20005_cLL_covariance_s5.npz,75762,a6f0ba85d3da67b2718022235084e26f8a46f08c8432efaaed8a858a8c296cb1
resnet,clean_only,101,bandpass_n20005_cLL_covariance_s0,phase2/results/predictions/full/clean_only/resnet/seed_101/bandpass_n20005_cLL_covariance_s0.npz,75417,0c1398d6c5e8b7be6f0d25111d433b9a3335359a6b17c2f5583862a7bef298f1
resnet,clean_only,101,bandpass_n20005_cRA_V1_independent_rms_s20,phase2/results/predictions/full/clean_only/resnet/seed_101/bandpass_n20005_cRA_V1_independent_rms_s20.npz,76444,abdbfcd63265ce8f7c923923fc05f971d06eecf0a8df6e00ac638edd26ab4c19
resnet,clean_only,101,bandpass_n20005_cRA_V1_independent_rms_s15,phase2/results/predictions/full/clean_only/resnet/seed_101/bandpass_n20005_cRA_V1_independent_rms_s15.npz,76429,86c2165cf9b54e53ce15e1cf86c8415255278d78026cfb61787f4146b09e0490
resnet,clean_only,101,bandpass_n20005_cRA_V1_independent_rms_s10,phase2/results/predictions/full/clean_only/resnet/seed_101/bandpass_n20005_cRA_V1_independent_rms_s10.npz,76315,c714ceefab10d7836478340bf41c001ca598ab722a38ed24b167b1cb34cc6543
resnet,clean_only,101,bandpass_n20005_cRA_V1_independent_rms_s5,phase2/results/predictions/full/clean_only/resnet/seed_101/bandpass_n20005_cRA_V1_independent_rms_s5.npz,76024,a49dffd9772a54a0eaeba4bfabc0ca010944c6f99650f01dd060c5571fd5bf26
resnet,clean_only,101,bandpass_n20005_cRA_V1_independent_rms_s0,phase2/results/predictions/full/clean_only/resnet/seed_101/bandpass_n20005_cRA_V1_independent_rms_s0.npz,75403,c8176eee9a0045fd18fbfdeec2af5dbf4f5a82ca8799e62532cb0c0b79b34737
resnet,clean_only,101,bandpass_n20005_cRA_V1_electrode_s20,phase2/results/predictions/full/clean_only/resnet/seed_101/bandpass_n20005_cRA_V1_electrode_s20.npz,76433,d8d771a87ad38bdbf2227264908d8090fedbadee0534060a9473f41345eda5fa
resnet,clean_only,101,bandpass_n20005_cRA_V1_electrode_s15,phase2/results/predictions/full/clean_only/resnet/seed_101/bandpass_n20005_cRA_V1_electrode_s15.npz,76364,c1e5161d9fa34d23f3bf6fc0303016f2bbb8623619582634bb735dbd66f6a705
resnet,clean_only,101,bandpass_n20005_cRA_V1_electrode_s10,phase2/results/predictions/full/clean_only/resnet/seed_101/bandpass_n20005_cRA_V1_electrode_s10.npz,76250,64b3da878789f07a689da3b385429f9e9bdba148fc4df68e5ea22e7521124582
resnet,clean_only,101,bandpass_n20005_cRA_V1_electrode_s5,phase2/results/predictions/full/clean_only/resnet/seed_101/bandpass_n20005_cRA_V1_electrode_s5.npz,75938,47aacd78bef81449c669a1e4a1366601e79c0a5d3d20f5c0e760c2c770ef2510
resnet,clean_only,101,bandpass_n20005_cRA_V1_electrode_s0,phase2/results/predictions/full/clean_only/resnet/seed_101/bandpass_n20005_cRA_V1_electrode_s0.npz,75303,fffc218a41515a88bc77c9ec456ee3e50091f8a41d37f20f7c897f78418f0de8
resnet,clean_only,101,bandpass_n20005_cRA_V1_covariance_s20,phase2/results/predictions/full/clean_only/resnet/seed_101/bandpass_n20005_cRA_V1_covariance_s20.npz,76449,341ee3e0fc392bb90f19d878bc18ac8d2cf472421069efa3f973a24ef7b51cf2
resnet,clean_only,101,bandpass_n20005_cRA_V1_covariance_s15,phase2/results/predictions/full/clean_only/resnet/seed_101/bandpass_n20005_cRA_V1_covariance_s15.npz,76380,b3e4f756ecd094d102efd950d9404f448def51aa8bb648dedfa0e7ab013bfe6c
resnet,clean_only,101,bandpass_n20005_cRA_V1_covariance_s10,phase2/results/predictions/full/clean_only/resnet/seed_101/bandpass_n20005_cRA_V1_covariance_s10.npz,76238,1b500a326b79ee1a4cd48b2266025bf4332513ed7e1ab0cfe124d8c539d30859
resnet,clean_only,101,bandpass_n20005_cRA_V1_covariance_s5,phase2/results/predictions/full/clean_only/resnet/seed_101/bandpass_n20005_cRA_V1_covariance_s5.npz,75914,3c64f8f9d137a78c11812850b7b18cf3cf595411f6950c6f4a2501a80dc9c597
resnet,clean_only,101,bandpass_n20005_cRA_V1_covariance_s0,phase2/results/predictions/full/clean_only/resnet/seed_101/bandpass_n20005_cRA_V1_covariance_s0.npz,75322,7158d42d07366fe0325505874d32b1e785bbf825d4bfa5cb809cf50bd6073232
resnet,clean_only,101,bandpass_n20005_cLA_V6_independent_rms_s20,phase2/results/predictions/full/clean_only/resnet/seed_101/bandpass_n20005_cLA_V6_independent_rms_s20.npz,76454,e6df8bd3701ad00f8fbb2fcfdf107768b000c95616a02ed565dc08275322c0ca
resnet,clean_only,101,bandpass_n20005_cLA_V6_independent_rms_s15,phase2/results/predictions/full/clean_only/resnet/seed_101/bandpass_n20005_cLA_V6_independent_rms_s15.npz,76398,6718875cc3b59f9b10b927d873897e97e4a1e0e829f27d6419f088a5439951d3
resnet,clean_only,101,bandpass_n20005_cLA_V6_independent_rms_s10,phase2/results/predictions/full/clean_only/resnet/seed_101/bandpass_n20005_cLA_V6_independent_rms_s10.npz,76316,c244ab654c1f361b51494ee7b76d52636ac7b46960f9a50d9628765b012b97d6
resnet,clean_only,101,bandpass_n20005_cLA_V6_independent_rms_s5,phase2/results/predictions/full/clean_only/resnet/seed_101/bandpass_n20005_cLA_V6_independent_rms_s5.npz,76051,000b749b320ae9017bb6d7851edff7d9d6c4001bf638ea72f08b7c68460dcb84
resnet,clean_only,101,bandpass_n20005_cLA_V6_independent_rms_s0,phase2/results/predictions/full/clean_only/resnet/seed_101/bandpass_n20005_cLA_V6_independent_rms_s0.npz,75436,a06441a3490f71858e81d811c242a2b96deb2039c84f18baae07d68d13ba2bea
resnet,clean_only,101,bandpass_n20005_cLA_V6_electrode_s20,phase2/results/predictions/full/clean_only/resnet/seed_101/bandpass_n20005_cLA_V6_electrode_s20.npz,76439,06a4f95c50eba150ba8f5b65de09093f3e2a2dd79c41426278dedbd26cb2d592
resnet,clean_only,101,bandpass_n20005_cLA_V6_electrode_s15,phase2/results/predictions/full/clean_only/resnet/seed_101/bandpass_n20005_cLA_V6_electrode_s15.npz,76369,9ba4ceae172d6b983f7e02085d2d0f24ddf9a06b765f93302e6864c40a729b21
resnet,clean_only,101,bandpass_n20005_cLA_V6_electrode_s10,phase2/results/predictions/full/clean_only/resnet/seed_101/bandpass_n20005_cLA_V6_electrode_s10.npz,76225,4d561e560e38ec7aa0b4b1eb2567c3d4d053afca532028f517f3e372c9b3e36b
resnet,clean_only,101,bandpass_n20005_cLA_V6_electrode_s5,phase2/results/predictions/full/clean_only/resnet/seed_101/bandpass_n20005_cLA_V6_electrode_s5.npz,75941,f39a9c2d4539612a3e9df364bbbf01808f609d7efbe94a2578cdb9a3fff10b4c
resnet,clean_only,101,bandpass_n20005_cLA_V6_electrode_s0,phase2/results/predictions/full/clean_only/resnet/seed_101/bandpass_n20005_cLA_V6_electrode_s0.npz,75370,65f8db389397f4db3848e0ac763bd253e0c9b75b61cdd5c22f1aa7c8705568dd
resnet,clean_only,101,bandpass_n20005_cLA_V6_covariance_s20,phase2/results/predictions/full/clean_only/resnet/seed_101/bandpass_n20005_cLA_V6_covariance_s20.npz,76466,a47eae226c2692d8a3bfbbc262fc81515288a0b9251e73af0b10ba4f2d9d703e
resnet,clean_only,101,bandpass_n20005_cLA_V6_covariance_s15,phase2/results/predictions/full/clean_only/resnet/seed_101/bandpass_n20005_cLA_V6_covariance_s15.npz,76390,c12f53f02dfbc9a680fe7d7deba7daacb21c7b755caebad15bc1f0ae9f5e4986
resnet,clean_only,101,bandpass_n20005_cLA_V6_covariance_s10,phase2/results/predictions/full/clean_only/resnet/seed_101/bandpass_n20005_cLA_V6_covariance_s10.npz,76244,4bcbd95ba30b98c02d68c593dd4bd404462d3f76abb1dabbad5b6183c82ae350
resnet,clean_only,101,bandpass_n20005_cLA_V6_covariance_s5,phase2/results/predictions/full/clean_only/resnet/seed_101/bandpass_n20005_cLA_V6_covariance_s5.npz,75942,629fda7f1489678600548b765b01ee6c7946c0d836d910a8d580808f1b479664
resnet,clean_only,101,bandpass_n20005_cLA_V6_covariance_s0,phase2/results/predictions/full/clean_only/resnet/seed_101/bandpass_n20005_cLA_V6_covariance_s0.npz,75389,f444f5fbca88435d59c76ee3b2a59aa6919aee08b8f6c9674cc22389041a8ed0
resnet,clean_only,101,bandpass_n20005_cLL_V4_independent_rms_s20,phase2/results/predictions/full/clean_only/resnet/seed_101/bandpass_n20005_cLL_V4_independent_rms_s20.npz,76430,b3b2d0a95a2300001108cacc7ec8e5ec7e46b9829bd25cf61ee7022846010515
resnet,clean_only,101,bandpass_n20005_cLL_V4_independent_rms_s15,phase2/results/predictions/full/clean_only/resnet/seed_101/bandpass_n20005_cLL_V4_independent_rms_s15.npz,76434,8f1cf0afbc2ee39a5326a087f8a45d252edc1af842ad0047edd7ce3c1fae25de
resnet,clean_only,101,bandpass_n20005_cLL_V4_independent_rms_s10,phase2/results/predictions/full/clean_only/resnet/seed_101/bandpass_n20005_cLL_V4_independent_rms_s10.npz,76287,83e3f980db7d3488c24a04cb3b9c6d47e68f8f3889d93ab25946f411796bad55
resnet,clean_only,101,bandpass_n20005_cLL_V4_independent_rms_s5,phase2/results/predictions/full/clean_only/resnet/seed_101/bandpass_n20005_cLL_V4_independent_rms_s5.npz,76007,1e785a5382c7f65d73839e7b04b2589eceffdeffb3c5da54f66465d37979e914
resnet,clean_only,101,bandpass_n20005_cLL_V4_independent_rms_s0,phase2/results/predictions/full/clean_only/resnet/seed_101/bandpass_n20005_cLL_V4_independent_rms_s0.npz,75402,246ce03c04721e7404e151e47a93f6d359485bb52525633d7a8dcb06752012b6
resnet,clean_only,101,bandpass_n20005_cLL_V4_electrode_s20,phase2/results/predictions/full/clean_only/resnet/seed_101/bandpass_n20005_cLL_V4_electrode_s20.npz,76441,de81cb6d661f4b4bd8243457fedc4c3b9856e3f31121dd08181555bb6022aed7
resnet,clean_only,101,bandpass_n20005_cLL_V4_electrode_s15,phase2/results/predictions/full/clean_only/resnet/seed_101/bandpass_n20005_cLL_V4_electrode_s15.npz,76389,61f58f65766a51228024635534dd8bb01d49bdde6da8f9cc71b27a83a6edb44d
resnet,clean_only,101,bandpass_n20005_cLL_V4_electrode_s10,phase2/results/predictions/full/clean_only/resnet/seed_101/bandpass_n20005_cLL_V4_electrode_s10.npz,76208,1534896248629d34d2411774290672c8e049e2af5b7a0fa4cb86bdf2dfcf07c4
resnet,clean_only,101,bandpass_n20005_cLL_V4_electrode_s5,phase2/results/predictions/full/clean_only/resnet/seed_101/bandpass_n20005_cLL_V4_electrode_s5.npz,75783,5c4376153f1aa78981c69c5bab6645198e9205d37e59f3ec564eebb69b69e49f
resnet,clean_only,101,bandpass_n20005_cLL_V4_electrode_s0,phase2/results/predictions/full/clean_only/resnet/seed_101/bandpass_n20005_cLL_V4_electrode_s0.npz,75365,12228470b74909484231a5cef8cfcece0053f626f28a5314de8e3f4c823c704b
resnet,clean_only,101,bandpass_n20005_cLL_V4_covariance_s20,phase2/results/predictions/full/clean_only/resnet/seed_101/bandpass_n20005_cLL_V4_covariance_s20.npz,76447,67bc4c21486bf37cc56c270af90940ec903db94adb115fc1dae728273a8f7fa6
resnet,clean_only,101,bandpass_n20005_cLL_V4_covariance_s15,phase2/results/predictions/full/clean_only/resnet/seed_101/bandpass_n20005_cLL_V4_covariance_s15.npz,76342,5f04bdb620077d5d10bd50058a95fa1fadcb83a24b72141eb35de0dbba76c159
resnet,clean_only,101,bandpass_n20005_cLL_V4_covariance_s10,phase2/results/predictions/full/clean_only/resnet/seed_101/bandpass_n20005_cLL_V4_covariance_s10.npz,76194,f964ccea32ccf621679c7ed3f03badf1d319d99c48eccc85f23df391e7074b1c
resnet,clean_only,101,bandpass_n20005_cLL_V4_covariance_s5,phase2/results/predictions/full/clean_only/resnet/seed_101/bandpass_n20005_cLL_V4_covariance_s5.npz,75814,ef46ebf19287ff703fcfad8b8e31e3618edd15b996a8682ae475dfc6eeafb12e
resnet,clean_only,101,bandpass_n20005_cLL_V4_covariance_s0,phase2/results/predictions/full/clean_only/resnet/seed_101/bandpass_n20005_cLL_V4_covariance_s0.npz,75407,d67b09ae27108426c91760817ff21ff4d2e0a9ba6f8db6dcde5ac9e141e4349f
resnet,clean_only,101,bandpass_n20005_cRA_LA_V1_V6_independent_rms_s20,phase2/results/predictions/full/clean_only/resnet/seed_101/bandpass_n20005_cRA_LA_V1_V6_independent_rms_s20.npz,76489,78b91f2a22abc45ba24100995dc5701e78768079d93c7330441b79e656d7b3ea
resnet,clean_only,101,bandpass_n20005_cRA_LA_V1_V6_independent_rms_s15,phase2/results/predictions/full/clean_only/resnet/seed_101/bandpass_n20005_cRA_LA_V1_V6_independent_rms_s15.npz,76388,932ad6fefe8d7f2afa543911e70a1cfee3089a36f34ef1c4fd22bbbe579e699f
resnet,clean_only,101,bandpass_n20005_cRA_LA_V1_V6_independent_rms_s10,phase2/results/predictions/full/clean_only/resnet/seed_101/bandpass_n20005_cRA_LA_V1_V6_independent_rms_s10.npz,76330,7ec341a1ab2aac3ca5f254a0f7eb69d38716fa7abc7727ebb0892cb7a800dfa2
resnet,clean_only,101,bandpass_n20005_cRA_LA_V1_V6_independent_rms_s5,phase2/results/predictions/full/clean_only/resnet/seed_101/bandpass_n20005_cRA_LA_V1_V6_independent_rms_s5.npz,76026,00fe80c629523f56c1c4e626ea7cda159debe3a29c42c8a470c352da776b5dcd
resnet,clean_only,101,bandpass_n20005_cRA_LA_V1_V6_independent_rms_s0,phase2/results/predictions/full/clean_only/resnet/seed_101/bandpass_n20005_cRA_LA_V1_V6_independent_rms_s0.npz,75454,d0599089ad1139bac491450007c21a8523f78bf33365482e8857f3ca201124c9
resnet,clean_only,101,bandpass_n20005_cRA_LA_V1_V6_electrode_s20,phase2/results/predictions/full/clean_only/resnet/seed_101/bandpass_n20005_cRA_LA_V1_V6_electrode_s20.npz,76424,4c0b696c9528c58fc8b124d702a76412496cbbc1d3b8b9229030ff07e15e80f1
resnet,clean_only,101,bandpass_n20005_cRA_LA_V1_V6_electrode_s15,phase2/results/predictions/full/clean_only/resnet/seed_101/bandpass_n20005_cRA_LA_V1_V6_electrode_s15.npz,76383,3153ee682c1c64bfd24704b8fb688867f17a233b8eda5bc4a828c09bd6a2e6dd
resnet,clean_only,101,bandpass_n20005_cRA_LA_V1_V6_electrode_s10,phase2/results/predictions/full/clean_only/resnet/seed_101/bandpass_n20005_cRA_LA_V1_V6_electrode_s10.npz,76225,5f1af7442a3c28475a31433586629ca389515268ccfb0b8b0c3eef62ecf6d847
resnet,clean_only,101,bandpass_n20005_cRA_LA_V1_V6_electrode_s5,phase2/results/predictions/full/clean_only/resnet/seed_101/bandpass_n20005_cRA_LA_V1_V6_electrode_s5.npz,75887,666321b38874e9ea3aed1357eb0dc2ec9877fb0ecbfc3b333c4691eb6ec09384
resnet,clean_only,101,bandpass_n20005_cRA_LA_V1_V6_electrode_s0,phase2/results/predictions/full/clean_only/resnet/seed_101/bandpass_n20005_cRA_LA_V1_V6_electrode_s0.npz,75306,97c88cb405cd1dea7e5737fee150f60f4adf44612815482008b49e2d9c9613a7
resnet,clean_only,101,bandpass_n20005_cRA_LA_V1_V6_covariance_s20,phase2/results/predictions/full/clean_only/resnet/seed_101/bandpass_n20005_cRA_LA_V1_V6_covariance_s20.npz,76473,392670acd8995f811c608374efb2b995dd5f5245fd7473db7fac312084a18260
resnet,clean_only,101,bandpass_n20005_cRA_LA_V1_V6_covariance_s15,phase2/results/predictions/full/clean_only/resnet/seed_101/bandpass_n20005_cRA_LA_V1_V6_covariance_s15.npz,76370,61f00d7e53f08983a51994d1b0f1bf63626f6373241bc33ef33479fa8a791348
resnet,clean_only,101,bandpass_n20005_cRA_LA_V1_V6_covariance_s10,phase2/results/predictions/full/clean_only/resnet/seed_101/bandpass_n20005_cRA_LA_V1_V6_covariance_s10.npz,76251,20483fce12278e74b971b9765f291b528701954b405576e7ffbd16a6288ab26e
resnet,clean_only,101,bandpass_n20005_cRA_LA_V1_V6_covariance_s5,phase2/results/predictions/full/clean_only/resnet/seed_101/bandpass_n20005_cRA_LA_V1_V6_covariance_s5.npz,75897,e4c8539062beaeb35023a44e93824bd89e1d5d7ef67b1db262ab633900547e38
resnet,clean_only,101,bandpass_n20005_cRA_LA_V1_V6_covariance_s0,phase2/results/predictions/full/clean_only/resnet/seed_101/bandpass_n20005_cRA_LA_V1_V6_covariance_s0.npz,75282,0c0a4665afcec47c1d1d6b1d80007f9f64bdc8ede937de3a7848049dc111457f
resnet,clean_only,101,bandpass_n20005_cRA_V2_V5_independent_rms_s20,phase2/results/predictions/full/clean_only/resnet/seed_101/bandpass_n20005_cRA_V2_V5_independent_rms_s20.npz,76455,772dbb7fd179ee9b0eaf2dd4c9dc4b64a9c06e97d217761ca4b3cd71a4e4a8d8
resnet,clean_only,101,bandpass_n20005_cRA_V2_V5_independent_rms_s15,phase2/results/predictions/full/clean_only/resnet/seed_101/bandpass_n20005_cRA_V2_V5_independent_rms_s15.npz,76428,c8223934caf6d8f7d44b5b7a8819db4eb5f6daf39f2593687ee98b76c0f2b86a
resnet,clean_only,101,bandpass_n20005_cRA_V2_V5_independent_rms_s10,phase2/results/predictions/full/clean_only/resnet/seed_101/bandpass_n20005_cRA_V2_V5_independent_rms_s10.npz,76288,766d95b74ef1ede5a2059f83e15ba8e6b430c16340f90fe250c2e7d7568def35
resnet,clean_only,101,bandpass_n20005_cRA_V2_V5_independent_rms_s5,phase2/results/predictions/full/clean_only/resnet/seed_101/bandpass_n20005_cRA_V2_V5_independent_rms_s5.npz,76035,bb74130bec45dc308efdc10583580b257c5bfa9b89bba4a4084ff88c45cca2ff
resnet,clean_only,101,bandpass_n20005_cRA_V2_V5_independent_rms_s0,phase2/results/predictions/full/clean_only/resnet/seed_101/bandpass_n20005_cRA_V2_V5_independent_rms_s0.npz,75418,cc8d774711244f050242b6d59fd0e3a567b638ac362080ee9069639eb19a661c
resnet,clean_only,101,bandpass_n20005_cRA_V2_V5_electrode_s20,phase2/results/predictions/full/clean_only/resnet/seed_101/bandpass_n20005_cRA_V2_V5_electrode_s20.npz,76429,6631c4c8916d3b5ba933e9b9f494f16a7dc42194dee1778b0228f8470679d424
resnet,clean_only,101,bandpass_n20005_cRA_V2_V5_electrode_s15,phase2/results/predictions/full/clean_only/resnet/seed_101/bandpass_n20005_cRA_V2_V5_electrode_s15.npz,76395,ddc509c6661ba87909c5cd5b160470ac3bf5321817a84bcf0e4862f72f60dc64
resnet,clean_only,101,bandpass_n20005_cRA_V2_V5_electrode_s10,phase2/results/predictions/full/clean_only/resnet/seed_101/bandpass_n20005_cRA_V2_V5_electrode_s10.npz,76201,dc0c4debb17f6a6f9cc73b60b199dacfa1224965f8945030c00c338b223500bc
resnet,clean_only,101,bandpass_n20005_cRA_V2_V5_electrode_s5,phase2/results/predictions/full/clean_only/resnet/seed_101/bandpass_n20005_cRA_V2_V5_electrode_s5.npz,75927,0afc09c463fc8e24015416c114f2a648115ce2fbafc74ebd0b6d0b86afd45d65
resnet,clean_only,101,bandpass_n20005_cRA_V2_V5_electrode_s0,phase2/results/predictions/full/clean_only/resnet/seed_101/bandpass_n20005_cRA_V2_V5_electrode_s0.npz,75343,637336137231c153e38f2c60adfc8db7aee48ab35bb16eb5be037527ab4bbf5e
resnet,clean_only,101,bandpass_n20005_cRA_V2_V5_covariance_s20,phase2/results/predictions/full/clean_only/resnet/seed_101/bandpass_n20005_cRA_V2_V5_covariance_s20.npz,76442,5f3de43e869083557db68c20b68b93acda2a4e46a5ab3220219beb694fdca4ee
resnet,clean_only,101,bandpass_n20005_cRA_V2_V5_covariance_s15,phase2/results/predictions/full/clean_only/resnet/seed_101/bandpass_n20005_cRA_V2_V5_covariance_s15.npz,76387,f249834c6e52aa5135beb2c53fb7c311211056e09b80fce8eb60dcc9193cef1c
resnet,clean_only,101,bandpass_n20005_cRA_V2_V5_covariance_s10,phase2/results/predictions/full/clean_only/resnet/seed_101/bandpass_n20005_cRA_V2_V5_covariance_s10.npz,76208,92a5c163f79c3971e125f7350c4253ca376ca89c14823c3b870d4d7433a51cb3
resnet,clean_only,101,bandpass_n20005_cRA_V2_V5_covariance_s5,phase2/results/predictions/full/clean_only/resnet/seed_101/bandpass_n20005_cRA_V2_V5_covariance_s5.npz,75918,0dd3549cf059ce00200921c5d7b31820166a2215c3a48ae8c70c0a100f5a1bf1
resnet,clean_only,101,bandpass_n20005_cRA_V2_V5_covariance_s0,phase2/results/predictions/full/clean_only/resnet/seed_101/bandpass_n20005_cRA_V2_V5_covariance_s0.npz,75352,dcc1d2d25967cf8df386c3652ceedc48989e4c775ed80b157d15ef371fcf770c
resnet,clean_only,101,bandpass_n20005_cLA_V3_V6_independent_rms_s20,phase2/results/predictions/full/clean_only/resnet/seed_101/bandpass_n20005_cLA_V3_V6_independent_rms_s20.npz,76447,192492953b4c53f004fe418a112182b610495991a18b3781af71c71a54845c9a
resnet,clean_only,101,bandpass_n20005_cLA_V3_V6_independent_rms_s15,phase2/results/predictions/full/clean_only/resnet/seed_101/bandpass_n20005_cLA_V3_V6_independent_rms_s15.npz,76392,ec0ea309274ea41dd9cc0c31bd9ff1c70945a5b213b1b3ebaa4c5573005bc92b
resnet,clean_only,101,bandpass_n20005_cLA_V3_V6_independent_rms_s10,phase2/results/predictions/full/clean_only/resnet/seed_101/bandpass_n20005_cLA_V3_V6_independent_rms_s10.npz,76283,2b2c2f36a36a416ea2f9e7cb967fd2efae3e0ea3495dae53b0ce7ea885ca4b8c
resnet,clean_only,101,bandpass_n20005_cLA_V3_V6_independent_rms_s5,phase2/results/predictions/full/clean_only/resnet/seed_101/bandpass_n20005_cLA_V3_V6_independent_rms_s5.npz,76039,66da8b9a9dd27e02f25e1c5f00706ead93f203d611f616d27c6f28baebf82f6e
resnet,clean_only,101,bandpass_n20005_cLA_V3_V6_independent_rms_s0,phase2/results/predictions/full/clean_only/resnet/seed_101/bandpass_n20005_cLA_V3_V6_independent_rms_s0.npz,75456,47cd0b8e87df4aa856f625f274ae5cbfc810e1869071a435c696027c3b321a58
resnet,clean_only,101,bandpass_n20005_cLA_V3_V6_electrode_s20,phase2/results/predictions/full/clean_only/resnet/seed_101/bandpass_n20005_cLA_V3_V6_electrode_s20.npz,76466,38675654ddaba0957dcdf6842e2870dad87881d5c53ae82ce09e275fd2fb37ae
resnet,clean_only,101,bandpass_n20005_cLA_V3_V6_electrode_s15,phase2/results/predictions/full/clean_only/resnet/seed_101/bandpass_n20005_cLA_V3_V6_electrode_s15.npz,76385,5e5c904b3f2cfd9bad6cff4c847dca470aa5ea25911f35a98eb50a9a71bba568
resnet,clean_only,101,bandpass_n20005_cLA_V3_V6_electrode_s10,phase2/results/predictions/full/clean_only/resnet/seed_101/bandpass_n20005_cLA_V3_V6_electrode_s10.npz,76248,a6956ae86f6c82957f0affa11c415356755aba68727d45226255ce42d50f5f75
resnet,clean_only,101,bandpass_n20005_cLA_V3_V6_electrode_s5,phase2/results/predictions/full/clean_only/resnet/seed_101/bandpass_n20005_cLA_V3_V6_electrode_s5.npz,75934,d14129eb82aba99683510c588fcdbd7f299e4e752b95a6cdff968e38b1702ffa
resnet,clean_only,101,bandpass_n20005_cLA_V3_V6_electrode_s0,phase2/results/predictions/full/clean_only/resnet/seed_101/bandpass_n20005_cLA_V3_V6_electrode_s0.npz,75383,6c352facc2df407916d47c7b10ab62fd22fa6a0ff043a9a868cb99c0d6e1058c
resnet,clean_only,101,bandpass_n20005_cLA_V3_V6_covariance_s20,phase2/results/predictions/full/clean_only/resnet/seed_101/bandpass_n20005_cLA_V3_V6_covariance_s20.npz,76435,65e9a4d4a5763eb0b5a96a26696d97888faad117ff9d4c451aec786510d9db60
resnet,clean_only,101,bandpass_n20005_cLA_V3_V6_covariance_s15,phase2/results/predictions/full/clean_only/resnet/seed_101/bandpass_n20005_cLA_V3_V6_covariance_s15.npz,76377,b2a19e8f396f006de4da6c2cb3b3f3d0f4e20b7a8e8b337cc83e89bbe1f87d6b
resnet,clean_only,101,bandpass_n20005_cLA_V3_V6_covariance_s10,phase2/results/predictions/full/clean_only/resnet/seed_101/bandpass_n20005_cLA_V3_V6_covariance_s10.npz,76252,d45e6941c940e4b8173af9afd01e84da81949922cecbabd55730acd45041f3c9
resnet,clean_only,101,bandpass_n20005_cLA_V3_V6_covariance_s5,phase2/results/predictions/full/clean_only/resnet/seed_101/bandpass_n20005_cLA_V3_V6_covariance_s5.npz,75950,6f568450585b17dd06ada0ecf9db2e04d1ea2dc242c4398ced159b1e3535b875
resnet,clean_only,101,bandpass_n20005_cLA_V3_V6_covariance_s0,phase2/results/predictions/full/clean_only/resnet/seed_101/bandpass_n20005_cLA_V3_V6_covariance_s0.npz,75375,f5517d69c70e11173301a3826dc3edfee9fbebdcf6402b3f7de6b0a664c8dfb8
resnet,clean_only,101,bandpass_n20005_cLL_V1_V4_independent_rms_s20,phase2/results/predictions/full/clean_only/resnet/seed_101/bandpass_n20005_cLL_V1_V4_independent_rms_s20.npz,76484,39db298daad22bdce3e61ce1dd25ee04f1d26e6c685acb62da0ff72858c6f956
resnet,clean_only,101,bandpass_n20005_cLL_V1_V4_independent_rms_s15,phase2/results/predictions/full/clean_only/resnet/seed_101/bandpass_n20005_cLL_V1_V4_independent_rms_s15.npz,76428,c4ad42645a543a74fafcad565799e2070ee62ea853d8ebfc46f91faf40f2ff70
resnet,clean_only,101,bandpass_n20005_cLL_V1_V4_independent_rms_s10,phase2/results/predictions/full/clean_only/resnet/seed_101/bandpass_n20005_cLL_V1_V4_independent_rms_s10.npz,76299,28392bd2b624dfd9dc41badbdd6e618c1fd884515ce5526f05e37beb10b7a0f8
resnet,clean_only,101,bandpass_n20005_cLL_V1_V4_independent_rms_s5,phase2/results/predictions/full/clean_only/resnet/seed_101/bandpass_n20005_cLL_V1_V4_independent_rms_s5.npz,76003,3a0548534a1115263c40c3623421f8e6460bf687824e1562faba605537369d7f
resnet,clean_only,101,bandpass_n20005_cLL_V1_V4_independent_rms_s0,phase2/results/predictions/full/clean_only/resnet/seed_101/bandpass_n20005_cLL_V1_V4_independent_rms_s0.npz,75377,7ec6f7dc929f31c689a70bd4e7bcc036b6266ce53b8297039aa64d4ff7b30daf
resnet,clean_only,101,bandpass_n20005_cLL_V1_V4_electrode_s20,phase2/results/predictions/full/clean_only/resnet/seed_101/bandpass_n20005_cLL_V1_V4_electrode_s20.npz,76423,6025d61c7bde78f015d1ba31917d9442b4b9b0e4edff8dae155f709c4ad367c5
resnet,clean_only,101,bandpass_n20005_cLL_V1_V4_electrode_s15,phase2/results/predictions/full/clean_only/resnet/seed_101/bandpass_n20005_cLL_V1_V4_electrode_s15.npz,76351,2c0012ac7c5d10797471d5221d7fa49e1b5ce05b09357a4ef960a764c732e3ca
resnet,clean_only,101,bandpass_n20005_cLL_V1_V4_electrode_s10,phase2/results/predictions/full/clean_only/resnet/seed_101/bandpass_n20005_cLL_V1_V4_electrode_s10.npz,76201,436e412619ae235740af2d79dc94a28dea2babff34a83a85595b390c9ff7ac0f
resnet,clean_only,101,bandpass_n20005_cLL_V1_V4_electrode_s5,phase2/results/predictions/full/clean_only/resnet/seed_101/bandpass_n20005_cLL_V1_V4_electrode_s5.npz,75827,2584938d86e3dbed9bfb2eeb21ebf70d4ae04a3acdb0262a51f58577b726543f
resnet,clean_only,101,bandpass_n20005_cLL_V1_V4_electrode_s0,phase2/results/predictions/full/clean_only/resnet/seed_101/bandpass_n20005_cLL_V1_V4_electrode_s0.npz,75392,e5f8922f2c7c78735ba9494ff652a166f4d0922d214e888b0df6a9ea36c974a8
resnet,clean_only,101,bandpass_n20005_cLL_V1_V4_covariance_s20,phase2/results/predictions/full/clean_only/resnet/seed_101/bandpass_n20005_cLL_V1_V4_covariance_s20.npz,76446,303b099cef779592c0598ce1972b64f07afb8072c694f13b7f8dde8d3500123d
resnet,clean_only,101,bandpass_n20005_cLL_V1_V4_covariance_s15,phase2/results/predictions/full/clean_only/resnet/seed_101/bandpass_n20005_cLL_V1_V4_covariance_s15.npz,76391,df6faaa7993d31b7b153a7c5a249e9765e3664b348392a6e34cd9c59192582ad
resnet,clean_only,101,bandpass_n20005_cLL_V1_V4_covariance_s10,phase2/results/predictions/full/clean_only/resnet/seed_101/bandpass_n20005_cLL_V1_V4_covariance_s10.npz,76200,a69e6ce754f530dea97f7bdccf467e85f0cd28073eadc0ef5115ab195b2516fc
resnet,clean_only,101,bandpass_n20005_cLL_V1_V4_covariance_s5,phase2/results/predictions/full/clean_only/resnet/seed_101/bandpass_n20005_cLL_V1_V4_covariance_s5.npz,75859,d1eb89856d9583ea7d6f6595826f97d30394c7c09e1cb9af0d36922a3645f11f
resnet,clean_only,101,bandpass_n20005_cLL_V1_V4_covariance_s0,phase2/results/predictions/full/clean_only/resnet/seed_101/bandpass_n20005_cLL_V1_V4_covariance_s0.npz,75380,35aea71eef274efdc02e9fdddedfc4014c1d761509717110a462bc85c6fc510c
resnet,clean_only,101,bandpass_n20005_call_independent_rms_s20,phase2/results/predictions/full/clean_only/resnet/seed_101/bandpass_n20005_call_independent_rms_s20.npz,76401,27d2dd239cf9476cbb3c4f06fd55644ec8f2203249dbbf7d725470f8388f6a7a
resnet,clean_only,101,bandpass_n20005_call_independent_rms_s15,phase2/results/predictions/full/clean_only/resnet/seed_101/bandpass_n20005_call_independent_rms_s15.npz,76364,3d615f94d47f3c2ad8a9ad322e70f4d8d34e75c0e311cb0a989e854a3a4b8f51
resnet,clean_only,101,bandpass_n20005_call_independent_rms_s10,phase2/results/predictions/full/clean_only/resnet/seed_101/bandpass_n20005_call_independent_rms_s10.npz,76276,37fd1c4fc39346ef2feeeeab8b57f227f653941b368c70c39f40402aa1e2c9d8
resnet,clean_only,101,bandpass_n20005_call_independent_rms_s5,phase2/results/predictions/full/clean_only/resnet/seed_101/bandpass_n20005_call_independent_rms_s5.npz,75961,5c0337fc4e283bb44084dad86d98d9fd4a369d8d8e0e78547464199ceda55756
resnet,clean_only,101,bandpass_n20005_call_independent_rms_s0,phase2/results/predictions/full/clean_only/resnet/seed_101/bandpass_n20005_call_independent_rms_s0.npz,75374,4cf05d16eab698de98d29d0d17b7c39f5beefaac034cec4e115123040ce281b8
resnet,clean_only,101,bandpass_n20005_call_electrode_s20,phase2/results/predictions/full/clean_only/resnet/seed_101/bandpass_n20005_call_electrode_s20.npz,76411,64fb17dbad3bc75467bd48d87b1a6e4b565b51942fa7a6bf3ea3b0d3525abe9c
resnet,clean_only,101,bandpass_n20005_call_electrode_s15,phase2/results/predictions/full/clean_only/resnet/seed_101/bandpass_n20005_call_electrode_s15.npz,76384,93da535d0e655304da2eecbae3bd0c389a0a787068bbb4653a44fc84438fb2db
resnet,clean_only,101,bandpass_n20005_call_electrode_s10,phase2/results/predictions/full/clean_only/resnet/seed_101/bandpass_n20005_call_electrode_s10.npz,76205,ae5f42be4d190743d0d8fac639489d86774ce5b15ae39bc976b31037b7c9370a
resnet,clean_only,101,bandpass_n20005_call_electrode_s5,phase2/results/predictions/full/clean_only/resnet/seed_101/bandpass_n20005_call_electrode_s5.npz,75862,389fe6326e1d86fc010d84d7536573c9fbefa2cb5c0ba44b0b6615ab07e366c4
resnet,clean_only,101,bandpass_n20005_call_electrode_s0,phase2/results/predictions/full/clean_only/resnet/seed_101/bandpass_n20005_call_electrode_s0.npz,75226,c1e952dabf4c4c11da4ca0aacf29ed3085a0c43eef53f747141ca3535372f05e
resnet,clean_only,101,bandpass_n20005_call_covariance_s20,phase2/results/predictions/full/clean_only/resnet/seed_101/bandpass_n20005_call_covariance_s20.npz,76398,670b0cdbbf2ed5da93966904e588663ff061bd5b1154a6d599d8d30f027f3bd1
resnet,clean_only,101,bandpass_n20005_call_covariance_s15,phase2/results/predictions/full/clean_only/resnet/seed_101/bandpass_n20005_call_covariance_s15.npz,76341,a436a7ab72680c778d29f33715f7a8a711efdebc928f628821c3260d3af39673
resnet,clean_only,101,bandpass_n20005_call_covariance_s10,phase2/results/predictions/full/clean_only/resnet/seed_101/bandpass_n20005_call_covariance_s10.npz,76187,30197a92ff9f01892d416dee1f8abbe9eb5cb652c5e35793f0ebca5ec4498e35
resnet,clean_only,101,bandpass_n20005_call_covariance_s5,phase2/results/predictions/full/clean_only/resnet/seed_101/bandpass_n20005_call_covariance_s5.npz,75823,7506b9540c11b17ab9e0fcad730c77947eb81516b791c129662fd2863c80de7f
resnet,clean_only,101,bandpass_n20005_call_covariance_s0,phase2/results/predictions/full/clean_only/resnet/seed_101/bandpass_n20005_call_covariance_s0.npz,75249,b001a3f5641e50f092df06168bab38cf394841824fedef6e6cdc60e217cd7f96
resnet,clean_only,101,bw_n20001_call_independent_rms_s20,phase2/results/predictions/full/clean_only/resnet/seed_101/bw_n20001_call_independent_rms_s20.npz,76401,90fb7f842d7c9c9ceb2122a9122cfbe2eca11931aef6029daf909e50c1accd37
resnet,clean_only,101,bw_n20001_call_independent_rms_s10,phase2/results/predictions/full/clean_only/resnet/seed_101/bw_n20001_call_independent_rms_s10.npz,76376,fe27b9a3be10bc07b5f4a94afda64d9b5ae000403c9be861bb35f347cfbd75b4
resnet,clean_only,101,bw_n20001_call_independent_rms_s0,phase2/results/predictions/full/clean_only/resnet/seed_101/bw_n20001_call_independent_rms_s0.npz,76116,0879d4180b01346676773c0b6216eb1685a3b5642b041a9e4a7ffa5336ee0f5f
resnet,clean_only,101,bw_n20001_call_electrode_s20,phase2/results/predictions/full/clean_only/resnet/seed_101/bw_n20001_call_electrode_s20.npz,76397,cc1fb33f9edcb30970a81972de8da71dba6edeefe287eddf341565ced1cbc6ac
resnet,clean_only,101,bw_n20001_call_electrode_s10,phase2/results/predictions/full/clean_only/resnet/seed_101/bw_n20001_call_electrode_s10.npz,76366,9065b223184b9f8b0ffc5d13ba16330820f1bc4aa1b8c9960ce9d56566dd5406
resnet,clean_only,101,bw_n20001_call_electrode_s0,phase2/results/predictions/full/clean_only/resnet/seed_101/bw_n20001_call_electrode_s0.npz,76103,10d22b060f769f162a5ebf2d555c8c897490d1522ba93afea168408da28f690d
resnet,clean_only,101,bw_n20001_call_covariance_s20,phase2/results/predictions/full/clean_only/resnet/seed_101/bw_n20001_call_covariance_s20.npz,76387,add13162f0852ca6a96aa8bdaed5fe8992d830dc52d29a3966eca4611a7eb433
resnet,clean_only,101,bw_n20001_call_covariance_s10,phase2/results/predictions/full/clean_only/resnet/seed_101/bw_n20001_call_covariance_s10.npz,76334,ded2437248c4b4adf86770b31189352b7a62f9dce74e78c98280ef4997ce4a8a
resnet,clean_only,101,bw_n20001_call_covariance_s0,phase2/results/predictions/full/clean_only/resnet/seed_101/bw_n20001_call_covariance_s0.npz,76088,ebd3659e2cf8bf1fcc1a769716a98ddea7795938468e451966ecc27aadc0f94a
resnet,clean_only,101,bw_n20002_call_independent_rms_s20,phase2/results/predictions/full/clean_only/resnet/seed_101/bw_n20002_call_independent_rms_s20.npz,76410,5496ea8242c39fd50b1b3e89b9b3a61df8e76bccf8240402a12f1e3c3ddeebe8
resnet,clean_only,101,bw_n20002_call_independent_rms_s10,phase2/results/predictions/full/clean_only/resnet/seed_101/bw_n20002_call_independent_rms_s10.npz,76395,4f43372966b82b1be70d97c8418663d6862ea00892eb76028c7e90391983819a
resnet,clean_only,101,bw_n20002_call_independent_rms_s0,phase2/results/predictions/full/clean_only/resnet/seed_101/bw_n20002_call_independent_rms_s0.npz,76118,c6600d9dc2b6c70fbc3020b4fecedab90f559364ae9f7eb4f15cc696d14c210a
resnet,clean_only,101,bw_n20002_call_electrode_s20,phase2/results/predictions/full/clean_only/resnet/seed_101/bw_n20002_call_electrode_s20.npz,76391,61fee7726ca1d9379a8bf10824359241bfb08b80d2b2472acbb41f0722f84c1f
resnet,clean_only,101,bw_n20002_call_electrode_s10,phase2/results/predictions/full/clean_only/resnet/seed_101/bw_n20002_call_electrode_s10.npz,76338,6308664f45a3833f6b9b9dc4bcc0caf59d759782d735f205ddd8de2190cf410c
resnet,clean_only,101,bw_n20002_call_electrode_s0,phase2/results/predictions/full/clean_only/resnet/seed_101/bw_n20002_call_electrode_s0.npz,76116,d52d8d94493cec2a943c3372c8c4bb8ec9c8d06e9704e6af13bfdc5ed2207c46
resnet,clean_only,101,bw_n20002_call_covariance_s20,phase2/results/predictions/full/clean_only/resnet/seed_101/bw_n20002_call_covariance_s20.npz,76403,4afb20bd6891c43bf26597cc86a6eff4d6ca72f79795097c0976bdd966b682bc
resnet,clean_only,101,bw_n20002_call_covariance_s10,phase2/results/predictions/full/clean_only/resnet/seed_101/bw_n20002_call_covariance_s10.npz,76384,221db1ae55974e571ed812797c3643f50c317f4674d486041103f3445b4db711
resnet,clean_only,101,bw_n20002_call_covariance_s0,phase2/results/predictions/full/clean_only/resnet/seed_101/bw_n20002_call_covariance_s0.npz,76124,27266e0d46e9b48ab8d962a3f323bef17feac65b83c865112e5ba6c1a1b40d28
resnet,clean_only,101,bw_n20003_call_independent_rms_s20,phase2/results/predictions/full/clean_only/resnet/seed_101/bw_n20003_call_independent_rms_s20.npz,76441,d60695ee35aa1a36f804f1a8605767662ac55b14068b45c7a4fccfa55c01dd05
resnet,clean_only,101,bw_n20003_call_independent_rms_s10,phase2/results/predictions/full/clean_only/resnet/seed_101/bw_n20003_call_independent_rms_s10.npz,76336,e1a92cb038d1634aab96bbac74e4f5050d0d962192a43e8078e05341d58d0929
resnet,clean_only,101,bw_n20003_call_independent_rms_s0,phase2/results/predictions/full/clean_only/resnet/seed_101/bw_n20003_call_independent_rms_s0.npz,76116,1cf1babc9a891da7402567a80da9cd02aa2c7b99bebb2ce5d1471e8ae77bad33
resnet,clean_only,101,bw_n20003_call_electrode_s20,phase2/results/predictions/full/clean_only/resnet/seed_101/bw_n20003_call_electrode_s20.npz,76420,7c4445837a6f0b5d4ef5dbf2aa869e205adcd73f961fe677cb270a575fd480c4
resnet,clean_only,101,bw_n20003_call_electrode_s10,phase2/results/predictions/full/clean_only/resnet/seed_101/bw_n20003_call_electrode_s10.npz,76364,e65aeea58d91f7d3f56e3c32111b1275b311152242f217db54852dc358afccda
resnet,clean_only,101,bw_n20003_call_electrode_s0,phase2/results/predictions/full/clean_only/resnet/seed_101/bw_n20003_call_electrode_s0.npz,76126,10279e5975dc30b3a621e4df41826556b611cdaedc54fc2b18750450a05ec674
resnet,clean_only,101,bw_n20003_call_covariance_s20,phase2/results/predictions/full/clean_only/resnet/seed_101/bw_n20003_call_covariance_s20.npz,76399,501b52fde21bab0eb7bb4e34fdc930f28e8d4af3d16315c5b88764434a02a885
resnet,clean_only,101,bw_n20003_call_covariance_s10,phase2/results/predictions/full/clean_only/resnet/seed_101/bw_n20003_call_covariance_s10.npz,76377,4da5b0353380ba2b0888c4d7afe33ace6c53dce59f418064ad7b73623c67aecd
resnet,clean_only,101,bw_n20003_call_covariance_s0,phase2/results/predictions/full/clean_only/resnet/seed_101/bw_n20003_call_covariance_s0.npz,76089,5d424878cf45fda06bd11aa4159ceaa9d011f3118eca937c10e0640b1c78d48e
resnet,clean_only,101,bw_n20004_call_independent_rms_s20,phase2/results/predictions/full/clean_only/resnet/seed_101/bw_n20004_call_independent_rms_s20.npz,76443,a1b3955df7e3eccfae5082674bbcb2c7d22be2df0fac48cd17e05236116e75e8
resnet,clean_only,101,bw_n20004_call_independent_rms_s10,phase2/results/predictions/full/clean_only/resnet/seed_101/bw_n20004_call_independent_rms_s10.npz,76380,feade1133a44764f3bd270cca59b75301ff4ae7982014e36c317fd448d46b3be
resnet,clean_only,101,bw_n20004_call_independent_rms_s0,phase2/results/predictions/full/clean_only/resnet/seed_101/bw_n20004_call_independent_rms_s0.npz,76131,9faded6d6b181a61ea37ce90717489efe64706ce1ce0bbc50833deb7cc8cb68b
resnet,clean_only,101,bw_n20004_call_electrode_s20,phase2/results/predictions/full/clean_only/resnet/seed_101/bw_n20004_call_electrode_s20.npz,76427,58b8f29da2a528b2c5e2a618fcd1138d513d900c7483cf4e3b3e9ed49998c9e5
resnet,clean_only,101,bw_n20004_call_electrode_s10,phase2/results/predictions/full/clean_only/resnet/seed_101/bw_n20004_call_electrode_s10.npz,76345,6504ab4ee1d50d7bc2b1de8b69477525e0a1a2a3c1a6141c9ffc62c84f36582e
resnet,clean_only,101,bw_n20004_call_electrode_s0,phase2/results/predictions/full/clean_only/resnet/seed_101/bw_n20004_call_electrode_s0.npz,76080,9c9f6a1eca1125606cf04ce02dca41271c906c48d23af187b1dc68e2150d88fa
resnet,clean_only,101,bw_n20004_call_covariance_s20,phase2/results/predictions/full/clean_only/resnet/seed_101/bw_n20004_call_covariance_s20.npz,76404,073ece554659fcb3a7794fefcf936eadc722dcec5104c0e138a270ec7a46f835
resnet,clean_only,101,bw_n20004_call_covariance_s10,phase2/results/predictions/full/clean_only/resnet/seed_101/bw_n20004_call_covariance_s10.npz,76360,811cd89f8ccf556d72a4244df7465a7e317ff8c68d8b1be2fd74148a8500a333
resnet,clean_only,101,bw_n20004_call_covariance_s0,phase2/results/predictions/full/clean_only/resnet/seed_101/bw_n20004_call_covariance_s0.npz,76124,a2ee9541789fa3c2b94b3830a3abff150fd081b9d08d82ce675e8929d4768b8a
resnet,clean_only,101,bw_n20005_call_independent_rms_s20,phase2/results/predictions/full/clean_only/resnet/seed_101/bw_n20005_call_independent_rms_s20.npz,76421,52847f2edc5d0d96d43b5ee70bc71db98f887db23c8edd43ed155d9bae62464d
resnet,clean_only,101,bw_n20005_call_independent_rms_s10,phase2/results/predictions/full/clean_only/resnet/seed_101/bw_n20005_call_independent_rms_s10.npz,76357,5157e2da6627037ced4c96354f5141b85ad961012c15849f96b2368b66102939
resnet,clean_only,101,bw_n20005_call_independent_rms_s0,phase2/results/predictions/full/clean_only/resnet/seed_101/bw_n20005_call_independent_rms_s0.npz,76121,427b941daaa924928e969d7df73af912a5a002b16317a84f3eb71eec94018574
resnet,clean_only,101,bw_n20005_call_electrode_s20,phase2/results/predictions/full/clean_only/resnet/seed_101/bw_n20005_call_electrode_s20.npz,76381,779c236156e46d21df16523ab860bb8b0068ee1f42b0f93998f981d190ed6a51
resnet,clean_only,101,bw_n20005_call_electrode_s10,phase2/results/predictions/full/clean_only/resnet/seed_101/bw_n20005_call_electrode_s10.npz,76356,af425bb9dc11f1fd2a8f352dd073b311de2a40ed90ea8443c4103e7202fd7b19
resnet,clean_only,101,bw_n20005_call_electrode_s0,phase2/results/predictions/full/clean_only/resnet/seed_101/bw_n20005_call_electrode_s0.npz,76111,1acc42ecee6a54b6f13580b312666c4fb5d4687f41d0429478fcd2439276c6a5
resnet,clean_only,101,bw_n20005_call_covariance_s20,phase2/results/predictions/full/clean_only/resnet/seed_101/bw_n20005_call_covariance_s20.npz,76414,fa36e62df609b7d361adb1ebce16a087c3efeca498c3192651c67b61d8b141cb
resnet,clean_only,101,bw_n20005_call_covariance_s10,phase2/results/predictions/full/clean_only/resnet/seed_101/bw_n20005_call_covariance_s10.npz,76361,5ba58a44ae0f1e9bc14bf02409729fd7f29b6cf2fe3729365c2465bf6a6b3fa3
resnet,clean_only,101,bw_n20005_call_covariance_s0,phase2/results/predictions/full/clean_only/resnet/seed_101/bw_n20005_call_covariance_s0.npz,76112,6cf3a68e8e791a19796511fa98d3b1e7614402d1072ec7241ca1ca3ea1039059
resnet,clean_only,101,ma_n20001_call_independent_rms_s20,phase2/results/predictions/full/clean_only/resnet/seed_101/ma_n20001_call_independent_rms_s20.npz,76418,ac6700ef401166038df88fbd4e65db6de1fc5d3d6421da0534fea1e5d2844700
resnet,clean_only,101,ma_n20001_call_independent_rms_s10,phase2/results/predictions/full/clean_only/resnet/seed_101/ma_n20001_call_independent_rms_s10.npz,76317,bf4c6111028a2b81f8dd1334b4628d8d203461bb086966f754f025d282f30ddb
resnet,clean_only,101,ma_n20001_call_independent_rms_s0,phase2/results/predictions/full/clean_only/resnet/seed_101/ma_n20001_call_independent_rms_s0.npz,75922,1728b02dadd9dd875090484f80548383fe1e12cb0f138068bde9b857908f600c
resnet,clean_only,101,ma_n20001_call_electrode_s20,phase2/results/predictions/full/clean_only/resnet/seed_101/ma_n20001_call_electrode_s20.npz,76396,529324d2b5d28d760325291f80a5a7772cee64f52c1c5e2bf4b17c9dc035b797
resnet,clean_only,101,ma_n20001_call_electrode_s10,phase2/results/predictions/full/clean_only/resnet/seed_101/ma_n20001_call_electrode_s10.npz,76324,9dd0b383f8a5780d304f61875736e602f5a1b23e8ce4611b5858fe281a648449
resnet,clean_only,101,ma_n20001_call_electrode_s0,phase2/results/predictions/full/clean_only/resnet/seed_101/ma_n20001_call_electrode_s0.npz,75941,330a82d7ac0d3df9d5fea1004e6621bf93500716294ea7e80d94a949845a3143
resnet,clean_only,101,ma_n20001_call_covariance_s20,phase2/results/predictions/full/clean_only/resnet/seed_101/ma_n20001_call_covariance_s20.npz,76437,8eda4ccc563f58b5c9b06e30e9ea16db791e80573ccb77269b152e8e40b867a6
resnet,clean_only,101,ma_n20001_call_covariance_s10,phase2/results/predictions/full/clean_only/resnet/seed_101/ma_n20001_call_covariance_s10.npz,76325,cedf6623d1d3c7b7cf2331473a8d58a4695ef4a38154250ba3ea899eef4ae9ca
resnet,clean_only,101,ma_n20001_call_covariance_s0,phase2/results/predictions/full/clean_only/resnet/seed_101/ma_n20001_call_covariance_s0.npz,75950,41e169ef4b199d10f0e1a8ab48e3877f7939a3659b569ace31b7cf88567e8c32
resnet,clean_only,101,ma_n20002_call_independent_rms_s20,phase2/results/predictions/full/clean_only/resnet/seed_101/ma_n20002_call_independent_rms_s20.npz,76434,53ad316d8c634a54950363fbbb6ab97f5ca22b2ac4d80fc3935e3eb75aa79945
resnet,clean_only,101,ma_n20002_call_independent_rms_s10,phase2/results/predictions/full/clean_only/resnet/seed_101/ma_n20002_call_independent_rms_s10.npz,76325,63019ed71ce7b6ab55d9de3330dbf4f9f1c0bbd1ef9434d4b8786a004f28254b
resnet,clean_only,101,ma_n20002_call_independent_rms_s0,phase2/results/predictions/full/clean_only/resnet/seed_101/ma_n20002_call_independent_rms_s0.npz,75926,935e9a05aba2d9647126f2ba3851673628ab348db6f89eea3dab31b625a5899c
resnet,clean_only,101,ma_n20002_call_electrode_s20,phase2/results/predictions/full/clean_only/resnet/seed_101/ma_n20002_call_electrode_s20.npz,76383,dddfb249801b90080101dea54734a7ef0e71f437bcd6c0c63805b9623fd2e8e6
resnet,clean_only,101,ma_n20002_call_electrode_s10,phase2/results/predictions/full/clean_only/resnet/seed_101/ma_n20002_call_electrode_s10.npz,76323,c6ab97a15e9b4ce496f6988e4336f87366ef1549243958ea5250a0d598bbe51c
resnet,clean_only,101,ma_n20002_call_electrode_s0,phase2/results/predictions/full/clean_only/resnet/seed_101/ma_n20002_call_electrode_s0.npz,75957,0dbd159996aa31a727903aa5fe6a1638deb37fbf468f6f4f96c1b532b6c5ca40
resnet,clean_only,101,ma_n20002_call_covariance_s20,phase2/results/predictions/full/clean_only/resnet/seed_101/ma_n20002_call_covariance_s20.npz,76389,4a9003b0dccbf5a9ad283a6c0e454cf170f0d1946ff5a08a68c427de72eb2490
resnet,clean_only,101,ma_n20002_call_covariance_s10,phase2/results/predictions/full/clean_only/resnet/seed_101/ma_n20002_call_covariance_s10.npz,76313,a7565113e41a76208d0fde84697d51a23b8ab564d918d2f18a71c07212d495af
resnet,clean_only,101,ma_n20002_call_covariance_s0,phase2/results/predictions/full/clean_only/resnet/seed_101/ma_n20002_call_covariance_s0.npz,75989,95627f87dddde482a6156ffc66bc1a45d881908b06b61265d667aace5c249ecb
resnet,clean_only,101,ma_n20003_call_independent_rms_s20,phase2/results/predictions/full/clean_only/resnet/seed_101/ma_n20003_call_independent_rms_s20.npz,76434,6c49e9f60a5fb79fc1b8461d6be2424ef0f1232ca45f46a888714a877e42d2ea
resnet,clean_only,101,ma_n20003_call_independent_rms_s10,phase2/results/predictions/full/clean_only/resnet/seed_101/ma_n20003_call_independent_rms_s10.npz,76366,5eb15bb6eab66e6176b939abc8a62cd81bc5d46fbb481cb1ce8e2ba5ae38d55b
resnet,clean_only,101,ma_n20003_call_independent_rms_s0,phase2/results/predictions/full/clean_only/resnet/seed_101/ma_n20003_call_independent_rms_s0.npz,75949,f408d6a78e0571bf90768edbde895fa3dc28286037611f8bdf376f5fc9c6817a
resnet,clean_only,101,ma_n20003_call_electrode_s20,phase2/results/predictions/full/clean_only/resnet/seed_101/ma_n20003_call_electrode_s20.npz,76359,410108acf49f5e73038e76aa710d9227495b1f09785c8288d5e134e74f74058a
resnet,clean_only,101,ma_n20003_call_electrode_s10,phase2/results/predictions/full/clean_only/resnet/seed_101/ma_n20003_call_electrode_s10.npz,76338,0d600d8f605d6006cb8626f515ee04621c9d4460ddf90cdd74a09f455f65229c
resnet,clean_only,101,ma_n20003_call_electrode_s0,phase2/results/predictions/full/clean_only/resnet/seed_101/ma_n20003_call_electrode_s0.npz,75953,ea52c073268cc421c6f0a4ad4e0568cf34cd4ac477e1a806d1b6c27b485dc59c
resnet,clean_only,101,ma_n20003_call_covariance_s20,phase2/results/predictions/full/clean_only/resnet/seed_101/ma_n20003_call_covariance_s20.npz,76406,877ac79bc861422ebcc2b94f535783b7758b00f02b08c759492b320ca6808672
resnet,clean_only,101,ma_n20003_call_covariance_s10,phase2/results/predictions/full/clean_only/resnet/seed_101/ma_n20003_call_covariance_s10.npz,76358,c157008787c71311c96588b5942f5ff820fe36886be7375533a4ccbe77c76445
resnet,clean_only,101,ma_n20003_call_covariance_s0,phase2/results/predictions/full/clean_only/resnet/seed_101/ma_n20003_call_covariance_s0.npz,75976,139f322b06b04246c4393c86123d98e5c460a41a13338bb8b6a5ac2c6d0c1c55
resnet,clean_only,101,ma_n20004_call_independent_rms_s20,phase2/results/predictions/full/clean_only/resnet/seed_101/ma_n20004_call_independent_rms_s20.npz,76412,42c987fa3675e5602c37ccae42763f3f1f3bb1c6f7ba3c90631463bae6cb7170
resnet,clean_only,101,ma_n20004_call_independent_rms_s10,phase2/results/predictions/full/clean_only/resnet/seed_101/ma_n20004_call_independent_rms_s10.npz,76362,5041e6772d3e108e4f338d335c11ed3a1c0c663814d12ba670365ab1c3975ac0
resnet,clean_only,101,ma_n20004_call_independent_rms_s0,phase2/results/predictions/full/clean_only/resnet/seed_101/ma_n20004_call_independent_rms_s0.npz,75927,0059f11d5cfbb4fb1eb0f10606c1eea050406b27bacd97f3d6cd0cdeec914ca7
resnet,clean_only,101,ma_n20004_call_electrode_s20,phase2/results/predictions/full/clean_only/resnet/seed_101/ma_n20004_call_electrode_s20.npz,76419,cb9e35fa7d8867078d8081152ddce6bf433c6992db85f1c5baa6e2fd6cdf8360
resnet,clean_only,101,ma_n20004_call_electrode_s10,phase2/results/predictions/full/clean_only/resnet/seed_101/ma_n20004_call_electrode_s10.npz,76351,f31c83e5c02c57289916a2f5781434733d5c29a5a8b826b08bf785b61c7d1c5e
resnet,clean_only,101,ma_n20004_call_electrode_s0,phase2/results/predictions/full/clean_only/resnet/seed_101/ma_n20004_call_electrode_s0.npz,75964,4b5515942f85d854289714c8ea1a171e84ab50ad0fc8c488c24d996e866cf7d0
resnet,clean_only,101,ma_n20004_call_covariance_s20,phase2/results/predictions/full/clean_only/resnet/seed_101/ma_n20004_call_covariance_s20.npz,76376,aae0d87ffd99144fbb62aba01aad2f95b5465d769cdf42175aef464147e568c6
resnet,clean_only,101,ma_n20004_call_covariance_s10,phase2/results/predictions/full/clean_only/resnet/seed_101/ma_n20004_call_covariance_s10.npz,76324,75f473727f1a4f6c29666acf6aea9cd2eac19719e104837a9cdbaabd9f6e8b0d
resnet,clean_only,101,ma_n20004_call_covariance_s0,phase2/results/predictions/full/clean_only/resnet/seed_101/ma_n20004_call_covariance_s0.npz,75964,8525c40e4988580ef60b081cf17355fe9dca044e095ebe5b34f6885823dcf275
resnet,clean_only,101,ma_n20005_call_independent_rms_s20,phase2/results/predictions/full/clean_only/resnet/seed_101/ma_n20005_call_independent_rms_s20.npz,76456,458a1fb48e53d6b8ba31e122caad8e7b7a66a6e096a134065e9847a66de16446
resnet,clean_only,101,ma_n20005_call_independent_rms_s10,phase2/results/predictions/full/clean_only/resnet/seed_101/ma_n20005_call_independent_rms_s10.npz,76328,704c7e08883e14b375aa5f6b9477c678367d5c6a8e7ac94e15ca6e42e4fe6f0e
resnet,clean_only,101,ma_n20005_call_independent_rms_s0,phase2/results/predictions/full/clean_only/resnet/seed_101/ma_n20005_call_independent_rms_s0.npz,75956,4db11738ec019191b07bbf91de5354521254911d91612b40c50524df837216a2
resnet,clean_only,101,ma_n20005_call_electrode_s20,phase2/results/predictions/full/clean_only/resnet/seed_101/ma_n20005_call_electrode_s20.npz,76401,b961ca80b3a8e5677927ae030573d0dd6a7ab80fa268465431ed02c875b803aa
resnet,clean_only,101,ma_n20005_call_electrode_s10,phase2/results/predictions/full/clean_only/resnet/seed_101/ma_n20005_call_electrode_s10.npz,76346,f35666db6c9f784fb4584c1c80dc1c9f96b9d1041b5e4522bb62752ae20b5f67
resnet,clean_only,101,ma_n20005_call_electrode_s0,phase2/results/predictions/full/clean_only/resnet/seed_101/ma_n20005_call_electrode_s0.npz,75955,2fe489015d467cbc0d79c4cfa3082c2d3318c0e27e85974e909f7d7bc0eddf7c
resnet,clean_only,101,ma_n20005_call_covariance_s20,phase2/results/predictions/full/clean_only/resnet/seed_101/ma_n20005_call_covariance_s20.npz,76424,923e72148364b9f25e744b311e8a6157ac48499424dc2bb325313cd85f76a5eb
resnet,clean_only,101,ma_n20005_call_covariance_s10,phase2/results/predictions/full/clean_only/resnet/seed_101/ma_n20005_call_covariance_s10.npz,76329,c6f332d0a2bb46c9bf632f45e8ae3534d9ae6938457612e3490c11af4c2dc812
resnet,clean_only,101,ma_n20005_call_covariance_s0,phase2/results/predictions/full/clean_only/resnet/seed_101/ma_n20005_call_covariance_s0.npz,75979,4bc881448b2ab844db93b40266c79efa869c74d26e74f4c15493d883413acd99
resnet,clean_only,101,em_n20001_call_independent_rms_s20,phase2/results/predictions/full/clean_only/resnet/seed_101/em_n20001_call_independent_rms_s20.npz,76409,827c289aed22a7cc1f07698b64821abf166ef850403d84c98986e035c220228c
resnet,clean_only,101,em_n20001_call_independent_rms_s10,phase2/results/predictions/full/clean_only/resnet/seed_101/em_n20001_call_independent_rms_s10.npz,76318,5c5472d8313392a2e6f98a2bec2ce8e5d235a83f5ce9e1476b551d5546b49190
resnet,clean_only,101,em_n20001_call_independent_rms_s0,phase2/results/predictions/full/clean_only/resnet/seed_101/em_n20001_call_independent_rms_s0.npz,75846,bd37f4c2e2f7b4e8f81009981ed887b39ee6b9de244de068064b4f471176caf9
resnet,clean_only,101,em_n20001_call_electrode_s20,phase2/results/predictions/full/clean_only/resnet/seed_101/em_n20001_call_electrode_s20.npz,76381,10f6d64ebea16900c5e4eb47ca54ed49cfa17a9796a4c6dff22fa68e3fd35922
resnet,clean_only,101,em_n20001_call_electrode_s10,phase2/results/predictions/full/clean_only/resnet/seed_101/em_n20001_call_electrode_s10.npz,76244,0e1c7d2ceb335f218e6ec034d8a7bb27efa2ee0ae5542460469f06d967fd0a55
resnet,clean_only,101,em_n20001_call_electrode_s0,phase2/results/predictions/full/clean_only/resnet/seed_101/em_n20001_call_electrode_s0.npz,75589,a4eff1d45fb9385deaefc71c8dfda76e574884fb1a17ece5c60badb66c851a07
resnet,clean_only,101,em_n20001_call_covariance_s20,phase2/results/predictions/full/clean_only/resnet/seed_101/em_n20001_call_covariance_s20.npz,76382,ad4fba22a109c0f0a2455eb195b32fda5e37de3f9e6ede6b583f7e5f8cc9709c
resnet,clean_only,101,em_n20001_call_covariance_s10,phase2/results/predictions/full/clean_only/resnet/seed_101/em_n20001_call_covariance_s10.npz,76204,c07c4523679ca5e1b82abba855b0e857b105cacca9573753e1ef4def9e51f4ca
resnet,clean_only,101,em_n20001_call_covariance_s0,phase2/results/predictions/full/clean_only/resnet/seed_101/em_n20001_call_covariance_s0.npz,75632,03f3d7befa015060eeff36c19829deecf02558e7812bcb31a644e2d6fc08b29b
resnet,clean_only,101,em_n20002_call_independent_rms_s20,phase2/results/predictions/full/clean_only/resnet/seed_101/em_n20002_call_independent_rms_s20.npz,76401,bfe54a12da006ae6034b2de5eecba8e495455160fb388e67d285e529ea515624
resnet,clean_only,101,em_n20002_call_independent_rms_s10,phase2/results/predictions/full/clean_only/resnet/seed_101/em_n20002_call_independent_rms_s10.npz,76351,1f3e63f68e16ccebcafe6f361d78fd17faedc097ad6842821631e333bcef0557
resnet,clean_only,101,em_n20002_call_independent_rms_s0,phase2/results/predictions/full/clean_only/resnet/seed_101/em_n20002_call_independent_rms_s0.npz,75822,57213b869056219f0d199fc51332722bc574c068064d441845bfea179e56296e
resnet,clean_only,101,em_n20002_call_electrode_s20,phase2/results/predictions/full/clean_only/resnet/seed_101/em_n20002_call_electrode_s20.npz,76411,6e844c71761eca8cf1cc977db012f99ee8a8c43df73f1af8c68c5da66c13767c
resnet,clean_only,101,em_n20002_call_electrode_s10,phase2/results/predictions/full/clean_only/resnet/seed_101/em_n20002_call_electrode_s10.npz,76235,2924d450e019679c694a881b14e8d6c4b5243ae261e33583d7aed0642b231715
resnet,clean_only,101,em_n20002_call_electrode_s0,phase2/results/predictions/full/clean_only/resnet/seed_101/em_n20002_call_electrode_s0.npz,75551,9bf37504b6dee16471cf4a9427300e685d18ddd7ac09dff90ae156692aa3f337
resnet,clean_only,101,em_n20002_call_covariance_s20,phase2/results/predictions/full/clean_only/resnet/seed_101/em_n20002_call_covariance_s20.npz,76441,c9aa55643d1ea2ce22cd2e71bd9b11577295c412b40267b8257eb07695186d67
resnet,clean_only,101,em_n20002_call_covariance_s10,phase2/results/predictions/full/clean_only/resnet/seed_101/em_n20002_call_covariance_s10.npz,76237,929811b86e5361127e046a8a9d1b6f9b6ad7cd92b51340aec001c03f7b954e26
resnet,clean_only,101,em_n20002_call_covariance_s0,phase2/results/predictions/full/clean_only/resnet/seed_101/em_n20002_call_covariance_s0.npz,75584,e49f0e7a9812f2ec9bb3bfe64090752c8f7333a18995889a3c7782f4b98c0e59
resnet,clean_only,101,em_n20003_call_independent_rms_s20,phase2/results/predictions/full/clean_only/resnet/seed_101/em_n20003_call_independent_rms_s20.npz,76412,7c32e1d1071957401b174d0035b70a8f56f11fddd166d6cbc5ed4afb597e2bd2
resnet,clean_only,101,em_n20003_call_independent_rms_s10,phase2/results/predictions/full/clean_only/resnet/seed_101/em_n20003_call_independent_rms_s10.npz,76330,c56f4b4b1083b335c21c35c24bdce673d144ae1835b428482ed1771ce4ed4eb0
resnet,clean_only,101,em_n20003_call_independent_rms_s0,phase2/results/predictions/full/clean_only/resnet/seed_101/em_n20003_call_independent_rms_s0.npz,75821,bff3690b79360e4eb7b545a1a68116461cb851b08dfe15105646e0c996073904
resnet,clean_only,101,em_n20003_call_electrode_s20,phase2/results/predictions/full/clean_only/resnet/seed_101/em_n20003_call_electrode_s20.npz,76378,518f1d446c9ee7aaf827217be92cb9ca8ca68189b63ac7987780f526a11064a6
resnet,clean_only,101,em_n20003_call_electrode_s10,phase2/results/predictions/full/clean_only/resnet/seed_101/em_n20003_call_electrode_s10.npz,76224,746c3128503aed405f1c603e0c412b7b2581e42c462c0b403276cbac914009f7
resnet,clean_only,101,em_n20003_call_electrode_s0,phase2/results/predictions/full/clean_only/resnet/seed_101/em_n20003_call_electrode_s0.npz,75549,c7821eec4cb420b1b6ed0d8556d988068bf50031959514fdf76923b6c264ae61
resnet,clean_only,101,em_n20003_call_covariance_s20,phase2/results/predictions/full/clean_only/resnet/seed_101/em_n20003_call_covariance_s20.npz,76382,cafda69a82f1e7565bed10c8bc306702ce2d61dd3b158ef6ba140d56d454a076
resnet,clean_only,101,em_n20003_call_covariance_s10,phase2/results/predictions/full/clean_only/resnet/seed_101/em_n20003_call_covariance_s10.npz,76195,1570b01623cfb9f16e04d9e74b7099f42fc141177f50cc208f8f032c8e17cd14
resnet,clean_only,101,em_n20003_call_covariance_s0,phase2/results/predictions/full/clean_only/resnet/seed_101/em_n20003_call_covariance_s0.npz,75596,680eb7ccd7429b3c227014d487a1e3f5b60c2fcee926435166f3cff890bbc140
resnet,clean_only,101,em_n20004_call_independent_rms_s20,phase2/results/predictions/full/clean_only/resnet/seed_101/em_n20004_call_independent_rms_s20.npz,76417,0795984ae958c5ffac26640b53f5a79105fca6cfce119ad15c4299338cb311c9
resnet,clean_only,101,em_n20004_call_independent_rms_s10,phase2/results/predictions/full/clean_only/resnet/seed_101/em_n20004_call_independent_rms_s10.npz,76325,6f6f91e445450341d913fd887080c44077068fbf664ad65c6bbbae667577c26d
resnet,clean_only,101,em_n20004_call_independent_rms_s0,phase2/results/predictions/full/clean_only/resnet/seed_101/em_n20004_call_independent_rms_s0.npz,75822,3b7be311a99672a49ca7d614dd7de5baa579d6fdaebce5e14e97bb74bb3711a8
resnet,clean_only,101,em_n20004_call_electrode_s20,phase2/results/predictions/full/clean_only/resnet/seed_101/em_n20004_call_electrode_s20.npz,76397,d9479abf4b0248c0d6221a2129229731cbdab20d2ff065d94af90784e81fce22
resnet,clean_only,101,em_n20004_call_electrode_s10,phase2/results/predictions/full/clean_only/resnet/seed_101/em_n20004_call_electrode_s10.npz,76216,8743bb46922627cc8c6d4355d7a15cfed6746cb70a6a40e4bb07023a1660fc83
resnet,clean_only,101,em_n20004_call_electrode_s0,phase2/results/predictions/full/clean_only/resnet/seed_101/em_n20004_call_electrode_s0.npz,75629,7759603723e37198b8a7acd62f8d93a70090372106476ca9afbfcb64236f708b
resnet,clean_only,101,em_n20004_call_covariance_s20,phase2/results/predictions/full/clean_only/resnet/seed_101/em_n20004_call_covariance_s20.npz,76376,4ead3bb5e70134db2e54638c653a3fd34bbb14021e021e557f27c3ddad0883fc
resnet,clean_only,101,em_n20004_call_covariance_s10,phase2/results/predictions/full/clean_only/resnet/seed_101/em_n20004_call_covariance_s10.npz,76256,e40c76a397e28cca833b8e062b09be8cb0ad7ae726f59f7a7b8185b6e70215cb
resnet,clean_only,101,em_n20004_call_covariance_s0,phase2/results/predictions/full/clean_only/resnet/seed_101/em_n20004_call_covariance_s0.npz,75609,4eead7e4a1e89f8b7568ab74bd6bd4cb67cc5fd78b11a369193529c16dd00e53
resnet,clean_only,101,em_n20005_call_independent_rms_s20,phase2/results/predictions/full/clean_only/resnet/seed_101/em_n20005_call_independent_rms_s20.npz,76394,91c0d77436a65a080f2932d557cf00edc891cb8bde73133fe30269bbba5813e8
resnet,clean_only,101,em_n20005_call_independent_rms_s10,phase2/results/predictions/full/clean_only/resnet/seed_101/em_n20005_call_independent_rms_s10.npz,76308,eea2b9b510bc6e2d39102eeba7f1a41d2e00306ca59038cc8c121e4d5a93a6a8
resnet,clean_only,101,em_n20005_call_independent_rms_s0,phase2/results/predictions/full/clean_only/resnet/seed_101/em_n20005_call_independent_rms_s0.npz,75847,bf5c9af18b9b11e083d0beb5c2a4c1d03322907cc7c5a40af7025dbc883986ab
resnet,clean_only,101,em_n20005_call_electrode_s20,phase2/results/predictions/full/clean_only/resnet/seed_101/em_n20005_call_electrode_s20.npz,76416,30da52f94387b2124fa7938fa1806681b7149ea06a0c4ede00ab5bb3c3674bd5
resnet,clean_only,101,em_n20005_call_electrode_s10,phase2/results/predictions/full/clean_only/resnet/seed_101/em_n20005_call_electrode_s10.npz,76224,90a7cb6997f49a889c154a72c180962a3bd102f92bd013b795fc0d5c6fa498d2
resnet,clean_only,101,em_n20005_call_electrode_s0,phase2/results/predictions/full/clean_only/resnet/seed_101/em_n20005_call_electrode_s0.npz,75577,1ae53d8f8ebaecf1af317d19a17545e704780e86e9351a4a39033102dd381b2e
resnet,clean_only,101,em_n20005_call_covariance_s20,phase2/results/predictions/full/clean_only/resnet/seed_101/em_n20005_call_covariance_s20.npz,76385,7448e79abc5fa466f30ff06e77f8fc6298636f2ca7b41afb34f311c86b5f0675
resnet,clean_only,101,em_n20005_call_covariance_s10,phase2/results/predictions/full/clean_only/resnet/seed_101/em_n20005_call_covariance_s10.npz,76235,eea6204927e57effce7ab973753f0e1ef7009cbecb9d4f5b618eed0c7675be4c
resnet,clean_only,101,em_n20005_call_covariance_s0,phase2/results/predictions/full/clean_only/resnet/seed_101/em_n20005_call_covariance_s0.npz,75596,14c522bdc656606c523070aa837d2d2d1692329c8bc217fcb47769d327af7233
resnet,independent_rms,101,clean,phase2/results/predictions/full/independent_rms/resnet/seed_101/clean.npz,76412,5deeecaf7bd636e77223e5f9c01cf13968a182c8969c2de830a80c79c4265367
resnet,independent_rms,101,bandpass_n20001_cRA_LA_LL_independent_rms_s20,phase2/results/predictions/full/independent_rms/resnet/seed_101/bandpass_n20001_cRA_LA_LL_independent_rms_s20.npz,76515,333cda11cf4ab997edf6bd66de49ec11707e3618d4ac58c7f5d15667bb17af15
resnet,independent_rms,101,bandpass_n20001_cRA_LA_LL_independent_rms_s15,phase2/results/predictions/full/independent_rms/resnet/seed_101/bandpass_n20001_cRA_LA_LL_independent_rms_s15.npz,76524,2b8e251e05f79b8903c6956fc25ae7f1006300b7f2a37abb0b23bbc15efbecbb
resnet,independent_rms,101,bandpass_n20001_cRA_LA_LL_independent_rms_s10,phase2/results/predictions/full/independent_rms/resnet/seed_101/bandpass_n20001_cRA_LA_LL_independent_rms_s10.npz,76475,08c9017b5a812c39105f4a187bb88a271bd7d40899288d73ba91cb793af51431
resnet,independent_rms,101,bandpass_n20001_cRA_LA_LL_independent_rms_s5,phase2/results/predictions/full/independent_rms/resnet/seed_101/bandpass_n20001_cRA_LA_LL_independent_rms_s5.npz,76335,6f5ff87bbd20c5ede483226d6f83f1e2b779fb3099780a8ac997f17d1ef4cd28
resnet,independent_rms,101,bandpass_n20001_cRA_LA_LL_independent_rms_s0,phase2/results/predictions/full/independent_rms/resnet/seed_101/bandpass_n20001_cRA_LA_LL_independent_rms_s0.npz,75981,3a310c45911ed93c423d1769f90e874dbdbbcf7442eabc0d9cd4c04f2ecd6fff
resnet,independent_rms,101,bandpass_n20001_cRA_LA_LL_electrode_s20,phase2/results/predictions/full/independent_rms/resnet/seed_101/bandpass_n20001_cRA_LA_LL_electrode_s20.npz,76507,a9f9ca299d6134b212dc2ed6774a78e7e26d6d468df99e78d8bccd32e02e8d80
resnet,independent_rms,101,bandpass_n20001_cRA_LA_LL_electrode_s15,phase2/results/predictions/full/independent_rms/resnet/seed_101/bandpass_n20001_cRA_LA_LL_electrode_s15.npz,76427,43bd230d5beb286d7a1f1f8314710600d1f6bb656cb183bcc740ef1ac88bb00e
resnet,independent_rms,101,bandpass_n20001_cRA_LA_LL_electrode_s10,phase2/results/predictions/full/independent_rms/resnet/seed_101/bandpass_n20001_cRA_LA_LL_electrode_s10.npz,76393,196d02582d97b00accde0452dddb91b7a043d161151d238121e45fd18c9aa4ba
resnet,independent_rms,101,bandpass_n20001_cRA_LA_LL_electrode_s5,phase2/results/predictions/full/independent_rms/resnet/seed_101/bandpass_n20001_cRA_LA_LL_electrode_s5.npz,76131,57eb6a3997ae4d162e2746192ec08044b46c060740ca717ccbcbda60ddcae218
resnet,independent_rms,101,bandpass_n20001_cRA_LA_LL_electrode_s0,phase2/results/predictions/full/independent_rms/resnet/seed_101/bandpass_n20001_cRA_LA_LL_electrode_s0.npz,75649,9290a8bcb0b4b8fef55f9bd3e41af9b43870d201bc9af1c23249075901c8a40a
resnet,independent_rms,101,bandpass_n20001_cRA_LA_LL_covariance_s20,phase2/results/predictions/full/independent_rms/resnet/seed_101/bandpass_n20001_cRA_LA_LL_covariance_s20.npz,76453,ea1b9dd595b4debcef636c09bd9df4fb261013bd7f7f77ffda8d99a094324938
resnet,independent_rms,101,bandpass_n20001_cRA_LA_LL_covariance_s15,phase2/results/predictions/full/independent_rms/resnet/seed_101/bandpass_n20001_cRA_LA_LL_covariance_s15.npz,76462,f4baeb10368241fe58b6e2e2b63527e4a036adfdbb43cc8dc49ef16f0a1984f6
resnet,independent_rms,101,bandpass_n20001_cRA_LA_LL_covariance_s10,phase2/results/predictions/full/independent_rms/resnet/seed_101/bandpass_n20001_cRA_LA_LL_covariance_s10.npz,76392,0b462d2fc66b35f6d6e73ec1db49e3ee1d6010ad5d796ef9a67890a10d307b45
resnet,independent_rms,101,bandpass_n20001_cRA_LA_LL_covariance_s5,phase2/results/predictions/full/independent_rms/resnet/seed_101/bandpass_n20001_cRA_LA_LL_covariance_s5.npz,76171,5d628f1e00a4264dc953bc9bfd75e158598f04e437175c0381624ff78e7b29d6
resnet,independent_rms,101,bandpass_n20001_cRA_LA_LL_covariance_s0,phase2/results/predictions/full/independent_rms/resnet/seed_101/bandpass_n20001_cRA_LA_LL_covariance_s0.npz,75680,afbbe7dfdad1167ea9b8e489c7a9904fbf70e7513c987b9c6df7c40e18c591ff
resnet,independent_rms,101,bandpass_n20001_cV1_independent_rms_s20,phase2/results/predictions/full/independent_rms/resnet/seed_101/bandpass_n20001_cV1_independent_rms_s20.npz,76458,72645e82db6074a825c6e0d11f52f621b271623a454a3b0c6adb7ac416f8e8e8
resnet,independent_rms,101,bandpass_n20001_cV1_independent_rms_s15,phase2/results/predictions/full/independent_rms/resnet/seed_101/bandpass_n20001_cV1_independent_rms_s15.npz,76484,3f4fa4d0778c4b7a0edd32e290a2b6a6414d656b709a0dbca8f9a81e407d82d2
resnet,independent_rms,101,bandpass_n20001_cV1_independent_rms_s10,phase2/results/predictions/full/independent_rms/resnet/seed_101/bandpass_n20001_cV1_independent_rms_s10.npz,76427,721dfa6c0b4a30fe9e100316550a9f46500cefafc7286095840be6c7bee6c4ee
resnet,independent_rms,101,bandpass_n20001_cV1_independent_rms_s5,phase2/results/predictions/full/independent_rms/resnet/seed_101/bandpass_n20001_cV1_independent_rms_s5.npz,76238,a405f9bec58ec4d1d9f059ceabfa47c8a61e4253c0f66de176b70413eed15862
resnet,independent_rms,101,bandpass_n20001_cV1_independent_rms_s0,phase2/results/predictions/full/independent_rms/resnet/seed_101/bandpass_n20001_cV1_independent_rms_s0.npz,75678,f4f3afeb0f74731ae38c561fea813227b88ef1991ecd881c2212581a4ec6bee2
resnet,independent_rms,101,bandpass_n20001_cV1_electrode_s20,phase2/results/predictions/full/independent_rms/resnet/seed_101/bandpass_n20001_cV1_electrode_s20.npz,76454,281f1c0a05b41cc8699fa94b0d2116f8a9d9fc1cacbd7a1d58bd019aff208a9f
resnet,independent_rms,101,bandpass_n20001_cV1_electrode_s15,phase2/results/predictions/full/independent_rms/resnet/seed_101/bandpass_n20001_cV1_electrode_s15.npz,76483,32dd40bd42e4d6ee87a5798cdf736a1647ae1d5bfb21ee26c3d44e68c349c424
resnet,independent_rms,101,bandpass_n20001_cV1_electrode_s10,phase2/results/predictions/full/independent_rms/resnet/seed_101/bandpass_n20001_cV1_electrode_s10.npz,76416,aa970f0596d5910dceeba7b2a395bb685db0cffdc317925332f13e388928b510
resnet,independent_rms,101,bandpass_n20001_cV1_electrode_s5,phase2/results/predictions/full/independent_rms/resnet/seed_101/bandpass_n20001_cV1_electrode_s5.npz,76225,a3dd0ee1698af506b3783b3677129bf2d179d78d2cceb567ffdae5a7c32b6881
resnet,independent_rms,101,bandpass_n20001_cV1_electrode_s0,phase2/results/predictions/full/independent_rms/resnet/seed_101/bandpass_n20001_cV1_electrode_s0.npz,75689,9fa6df9f23f5d7708d6e3b56038abfdcf12362f9bc6ec20c988045c4f4cac347
resnet,independent_rms,101,bandpass_n20001_cV1_covariance_s20,phase2/results/predictions/full/independent_rms/resnet/seed_101/bandpass_n20001_cV1_covariance_s20.npz,76481,575946517789c611458d8459658f4a61e604f46171af1c82945a7538bfe69845
resnet,independent_rms,101,bandpass_n20001_cV1_covariance_s15,phase2/results/predictions/full/independent_rms/resnet/seed_101/bandpass_n20001_cV1_covariance_s15.npz,76466,5153fc33a53b8b4420442e2b455c5c03556b36ffa7a0a24f2368a2614e8246ee
resnet,independent_rms,101,bandpass_n20001_cV1_covariance_s10,phase2/results/predictions/full/independent_rms/resnet/seed_101/bandpass_n20001_cV1_covariance_s10.npz,76382,0b4a77a0ab3bb8e188f99c67082919fa7f66f95e195b05328c86d3a90a4bc433
resnet,independent_rms,101,bandpass_n20001_cV1_covariance_s5,phase2/results/predictions/full/independent_rms/resnet/seed_101/bandpass_n20001_cV1_covariance_s5.npz,76223,d2e1ed8aed8c4d8d933445fb59594d3ba2393541612f6499b0e4912fac321d17
resnet,independent_rms,101,bandpass_n20001_cV1_covariance_s0,phase2/results/predictions/full/independent_rms/resnet/seed_101/bandpass_n20001_cV1_covariance_s0.npz,75668,8dc535ec33d3571f7a482371b1bd8abf6594be6bb66e4757a1d79b57c12dfc1b
resnet,independent_rms,101,bandpass_n20001_cV2_independent_rms_s20,phase2/results/predictions/full/independent_rms/resnet/seed_101/bandpass_n20001_cV2_independent_rms_s20.npz,76520,06954c0eeb0fa8ab1316304897ece122f5158fd868402b25e439b052a6ba4bd8
resnet,independent_rms,101,bandpass_n20001_cV2_independent_rms_s15,phase2/results/predictions/full/independent_rms/resnet/seed_101/bandpass_n20001_cV2_independent_rms_s15.npz,76531,e5d789373d1dc8b73cf4052c579045f469f22943dd6e0d6b9659d0b396ffb77a
resnet,independent_rms,101,bandpass_n20001_cV2_independent_rms_s10,phase2/results/predictions/full/independent_rms/resnet/seed_101/bandpass_n20001_cV2_independent_rms_s10.npz,76467,3964dd5640ffcec55267ce85d87ab4002d207c46971fc765fe03ee292a789512
resnet,independent_rms,101,bandpass_n20001_cV2_independent_rms_s5,phase2/results/predictions/full/independent_rms/resnet/seed_101/bandpass_n20001_cV2_independent_rms_s5.npz,76347,cff9c4c00991b2963cce4556b971e55e9733eb2ffccd0f9b4e1a3ff5c0ba30fe
resnet,independent_rms,101,bandpass_n20001_cV2_independent_rms_s0,phase2/results/predictions/full/independent_rms/resnet/seed_101/bandpass_n20001_cV2_independent_rms_s0.npz,76049,cb6ba70281f337cb23cf1c21eaa1dd30457091df048917e3473a68e31ff4d937
resnet,independent_rms,101,bandpass_n20001_cV2_electrode_s20,phase2/results/predictions/full/independent_rms/resnet/seed_101/bandpass_n20001_cV2_electrode_s20.npz,76484,5a34f091124a1fa49d341e75295be359fbf02fea174003ac1c9f746366f164b6
resnet,independent_rms,101,bandpass_n20001_cV2_electrode_s15,phase2/results/predictions/full/independent_rms/resnet/seed_101/bandpass_n20001_cV2_electrode_s15.npz,76480,c5697e8df0e87d54b4c01ee0ea4abd3042949b0acb07480df0e70e940606a93a
resnet,independent_rms,101,bandpass_n20001_cV2_electrode_s10,phase2/results/predictions/full/independent_rms/resnet/seed_101/bandpass_n20001_cV2_electrode_s10.npz,76425,6bf21edd1fb21cf78ec470f9507a316b90ea1288804ab1180453139bdec1e619
resnet,independent_rms,101,bandpass_n20001_cV2_electrode_s5,phase2/results/predictions/full/independent_rms/resnet/seed_101/bandpass_n20001_cV2_electrode_s5.npz,76278,e7e7eb70ee55b31203aa3fbfbb187199c88647f5cf8729d96a700e74c9c09f72
resnet,independent_rms,101,bandpass_n20001_cV2_electrode_s0,phase2/results/predictions/full/independent_rms/resnet/seed_101/bandpass_n20001_cV2_electrode_s0.npz,76004,e70a2afa56350ba68bc5e028fc2269208320714666adf1368963d25952d5032a
resnet,independent_rms,101,bandpass_n20001_cV2_covariance_s20,phase2/results/predictions/full/independent_rms/resnet/seed_101/bandpass_n20001_cV2_covariance_s20.npz,76500,c525f49080316b0a9bf0c2944b8e62208c6b1f67d6e64b4fbf77540efd69e704
resnet,independent_rms,101,bandpass_n20001_cV2_covariance_s15,phase2/results/predictions/full/independent_rms/resnet/seed_101/bandpass_n20001_cV2_covariance_s15.npz,76479,a4e824d67d6621f9e992996d090d0769bb16fbd160bf52c16e9b81dedad70374
resnet,independent_rms,101,bandpass_n20001_cV2_covariance_s10,phase2/results/predictions/full/independent_rms/resnet/seed_101/bandpass_n20001_cV2_covariance_s10.npz,76461,9ffe6791d07168be3a17f497daa1d8765a428b6d2ffc97b90ea12e71e55239e0
resnet,independent_rms,101,bandpass_n20001_cV2_covariance_s5,phase2/results/predictions/full/independent_rms/resnet/seed_101/bandpass_n20001_cV2_covariance_s5.npz,76330,d991d8388544a787d24b22d19ca9b26e534a06aa5dad7b9fc2baacb46d1b3bf2
resnet,independent_rms,101,bandpass_n20001_cV2_covariance_s0,phase2/results/predictions/full/independent_rms/resnet/seed_101/bandpass_n20001_cV2_covariance_s0.npz,75969,e321b9525de45c2eec8243ca806e55aa7abb2dfac156767df62fb078c806f053
resnet,independent_rms,101,bandpass_n20001_cV3_independent_rms_s20,phase2/results/predictions/full/independent_rms/resnet/seed_101/bandpass_n20001_cV3_independent_rms_s20.npz,76503,370cdb52d0437fb4cca855dcacce74a5bce46d9185c0180f25c7686e6cfbb425
resnet,independent_rms,101,bandpass_n20001_cV3_independent_rms_s15,phase2/results/predictions/full/independent_rms/resnet/seed_101/bandpass_n20001_cV3_independent_rms_s15.npz,76486,5317fd6e69ee08a46a64a6eac477407dcb9d3ee33a68f6c4af5abe9a0d542d77
resnet,independent_rms,101,bandpass_n20001_cV3_independent_rms_s10,phase2/results/predictions/full/independent_rms/resnet/seed_101/bandpass_n20001_cV3_independent_rms_s10.npz,76483,7e6eb8faf7a3f402b4e968fc7561a8dae07a1ed24807dd299291a47400654f6d
resnet,independent_rms,101,bandpass_n20001_cV3_independent_rms_s5,phase2/results/predictions/full/independent_rms/resnet/seed_101/bandpass_n20001_cV3_independent_rms_s5.npz,76313,91590b9bb96ef229c4065a54adfa58be45dc6d3eadf6ddfb2ee42bf313b73726
resnet,independent_rms,101,bandpass_n20001_cV3_independent_rms_s0,phase2/results/predictions/full/independent_rms/resnet/seed_101/bandpass_n20001_cV3_independent_rms_s0.npz,76018,65017c441863254ea28987fe976aaa3f52801c502448b6df6b8d39c364764cff
resnet,independent_rms,101,bandpass_n20001_cV3_electrode_s20,phase2/results/predictions/full/independent_rms/resnet/seed_101/bandpass_n20001_cV3_electrode_s20.npz,76487,a9bebd01575310ac072072a2c69f7483ffeb89efbb56f2d9c5f752c3ad336ffd
resnet,independent_rms,101,bandpass_n20001_cV3_electrode_s15,phase2/results/predictions/full/independent_rms/resnet/seed_101/bandpass_n20001_cV3_electrode_s15.npz,76482,abacd276136a7bc02a9ff0cae5b031999f4bceeb207c6d8369b5844ac67d53e1
resnet,independent_rms,101,bandpass_n20001_cV3_electrode_s10,phase2/results/predictions/full/independent_rms/resnet/seed_101/bandpass_n20001_cV3_electrode_s10.npz,76457,db1ac3dbac92c7e95837c2dc6a31c29dfcbbf2ef6a44da5884f68125bb7b9214
resnet,independent_rms,101,bandpass_n20001_cV3_electrode_s5,phase2/results/predictions/full/independent_rms/resnet/seed_101/bandpass_n20001_cV3_electrode_s5.npz,76297,4d9d0e67c793ab1178b9110063cd24f8790a958f5cc850552268972536000f6d
resnet,independent_rms,101,bandpass_n20001_cV3_electrode_s0,phase2/results/predictions/full/independent_rms/resnet/seed_101/bandpass_n20001_cV3_electrode_s0.npz,75948,3351fc062cb465e4d4fec4b85635fe20bca32937ad7d9d270c2949e9fbdf7811
resnet,independent_rms,101,bandpass_n20001_cV3_covariance_s20,phase2/results/predictions/full/independent_rms/resnet/seed_101/bandpass_n20001_cV3_covariance_s20.npz,76490,d26d3d8ba790a41b238e51448d1a6fc969459e0046304198338f272fafedf47b
resnet,independent_rms,101,bandpass_n20001_cV3_covariance_s15,phase2/results/predictions/full/independent_rms/resnet/seed_101/bandpass_n20001_cV3_covariance_s15.npz,76500,63516b10c7b60859e1111d19d35c0fbe62b88d04aa1dacca19959b0d69de4d88
resnet,independent_rms,101,bandpass_n20001_cV3_covariance_s10,phase2/results/predictions/full/independent_rms/resnet/seed_101/bandpass_n20001_cV3_covariance_s10.npz,76457,ed264351b4c8f2d46c7d028d851b31b233bb2f6fa378aba80bc95a280c92a1ab
resnet,independent_rms,101,bandpass_n20001_cV3_covariance_s5,phase2/results/predictions/full/independent_rms/resnet/seed_101/bandpass_n20001_cV3_covariance_s5.npz,76324,2176c0ba9e5d3512d3d71bbd6f7401d439ee01672b4340cbaf5c648c54714fdf
resnet,independent_rms,101,bandpass_n20001_cV3_covariance_s0,phase2/results/predictions/full/independent_rms/resnet/seed_101/bandpass_n20001_cV3_covariance_s0.npz,75982,5c1eedc008e4cc82cf46876a4d668fca18e8ca8f77b488a7d2330dad1c44a195
resnet,independent_rms,101,bandpass_n20001_cV4_independent_rms_s20,phase2/results/predictions/full/independent_rms/resnet/seed_101/bandpass_n20001_cV4_independent_rms_s20.npz,76477,bb154b45b6ad6c403d6f1de206c352f76f0d6ebd5ea5ac0d7094c73c12c7c258
resnet,independent_rms,101,bandpass_n20001_cV4_independent_rms_s15,phase2/results/predictions/full/independent_rms/resnet/seed_101/bandpass_n20001_cV4_independent_rms_s15.npz,76467,5e83ced587d551b7bfdc8b377921f96d1400b92c7d74b98cb5d23788354fb8c6
resnet,independent_rms,101,bandpass_n20001_cV4_independent_rms_s10,phase2/results/predictions/full/independent_rms/resnet/seed_101/bandpass_n20001_cV4_independent_rms_s10.npz,76482,f0f24328c201a509a25395a141a40010a678c6dba56cc7ad60064c9b3e0dfd1b
resnet,independent_rms,101,bandpass_n20001_cV4_independent_rms_s5,phase2/results/predictions/full/independent_rms/resnet/seed_101/bandpass_n20001_cV4_independent_rms_s5.npz,76474,c01806dacc5d1a07c33875231b74b8ee938f856f05cc68fcc45cb2a397b92aa6
resnet,independent_rms,101,bandpass_n20001_cV4_independent_rms_s0,phase2/results/predictions/full/independent_rms/resnet/seed_101/bandpass_n20001_cV4_independent_rms_s0.npz,76189,29c3c17a7ae6c87efe745251c077f98508155d6512cb208ab564538614cf0c2d
resnet,independent_rms,101,bandpass_n20001_cV4_electrode_s20,phase2/results/predictions/full/independent_rms/resnet/seed_101/bandpass_n20001_cV4_electrode_s20.npz,76490,650efc2a4c6e40f92351181f2a78c040e61e370ad28dc1f82f626b146e51d775
resnet,independent_rms,101,bandpass_n20001_cV4_electrode_s15,phase2/results/predictions/full/independent_rms/resnet/seed_101/bandpass_n20001_cV4_electrode_s15.npz,76474,95c780797ac06cb785f7a424a4457e722af2325b5a859c19f1e89855075ba7ae
resnet,independent_rms,101,bandpass_n20001_cV4_electrode_s10,phase2/results/predictions/full/independent_rms/resnet/seed_101/bandpass_n20001_cV4_electrode_s10.npz,76504,ba1998ee4f03279999d5a87552f477f18de79e4a53a78452ab8f9e308d04f4d7
resnet,independent_rms,101,bandpass_n20001_cV4_electrode_s5,phase2/results/predictions/full/independent_rms/resnet/seed_101/bandpass_n20001_cV4_electrode_s5.npz,76408,62fe1f68f3a7512ab49a880729bcc43d912734d23a64242d2264cfe30c368138
resnet,independent_rms,101,bandpass_n20001_cV4_electrode_s0,phase2/results/predictions/full/independent_rms/resnet/seed_101/bandpass_n20001_cV4_electrode_s0.npz,76225,514dd3d2b21acc0216eb53b9c8e1c05a5ea179a267b253bda1427311341ceac9
resnet,independent_rms,101,bandpass_n20001_cV4_covariance_s20,phase2/results/predictions/full/independent_rms/resnet/seed_101/bandpass_n20001_cV4_covariance_s20.npz,76484,6c451b9ccbeb685b13ce5cb03f721940dd75a68790b5d00bbf7f2dfe9552f971
resnet,independent_rms,101,bandpass_n20001_cV4_covariance_s15,phase2/results/predictions/full/independent_rms/resnet/seed_101/bandpass_n20001_cV4_covariance_s15.npz,76482,6fa8657072cc748795d27a07db35dc762ec185e3e485cb82d265471ffb910560
resnet,independent_rms,101,bandpass_n20001_cV4_covariance_s10,phase2/results/predictions/full/independent_rms/resnet/seed_101/bandpass_n20001_cV4_covariance_s10.npz,76462,6cc71e2345ca0a7ccd343794f6a4f58af5121a2376a2c1e171a0cd73ecd383b3
resnet,independent_rms,101,bandpass_n20001_cV4_covariance_s5,phase2/results/predictions/full/independent_rms/resnet/seed_101/bandpass_n20001_cV4_covariance_s5.npz,76373,43a4738c0995833cf2d708203f617e2879f960df90cf0bd1d7e11de5523c6412
resnet,independent_rms,101,bandpass_n20001_cV4_covariance_s0,phase2/results/predictions/full/independent_rms/resnet/seed_101/bandpass_n20001_cV4_covariance_s0.npz,76200,4c3584b9f339bc5467f52ba98da4299608ce42eebea224826716768d2c3be311
resnet,independent_rms,101,bandpass_n20001_cV5_independent_rms_s20,phase2/results/predictions/full/independent_rms/resnet/seed_101/bandpass_n20001_cV5_independent_rms_s20.npz,76487,bf0d6849cfda53f8b5dfb9dd0e30c5acdce6896505a1e651b1c89ba7fcf1354e
resnet,independent_rms,101,bandpass_n20001_cV5_independent_rms_s15,phase2/results/predictions/full/independent_rms/resnet/seed_101/bandpass_n20001_cV5_independent_rms_s15.npz,76476,02c6c2b1b69e512b1dbde92027e5e7984f8d35c57894805da9dcd1052de97a1a
resnet,independent_rms,101,bandpass_n20001_cV5_independent_rms_s10,phase2/results/predictions/full/independent_rms/resnet/seed_101/bandpass_n20001_cV5_independent_rms_s10.npz,76455,0f19b74134e937dc4eb25c3b1dd8c9e81fe874654f19ac37bd06223f1cf0ae5d
resnet,independent_rms,101,bandpass_n20001_cV5_independent_rms_s5,phase2/results/predictions/full/independent_rms/resnet/seed_101/bandpass_n20001_cV5_independent_rms_s5.npz,76315,e5d87ed35425ec54931bf789150a02f8046b8a627bf9bc755c48e207992e2f4d
resnet,independent_rms,101,bandpass_n20001_cV5_independent_rms_s0,phase2/results/predictions/full/independent_rms/resnet/seed_101/bandpass_n20001_cV5_independent_rms_s0.npz,76009,dd8193080cb0d61e44f415ca67f05762b9958cb0495fb2d96f9328176cc68d62
resnet,independent_rms,101,bandpass_n20001_cV5_electrode_s20,phase2/results/predictions/full/independent_rms/resnet/seed_101/bandpass_n20001_cV5_electrode_s20.npz,76497,99cd2209aacb5c30e4190e261859ca5521b77770b074dde88f222fb8ab7f0e82
resnet,independent_rms,101,bandpass_n20001_cV5_electrode_s15,phase2/results/predictions/full/independent_rms/resnet/seed_101/bandpass_n20001_cV5_electrode_s15.npz,76471,8f4a07f60f74c122514bf2d03e8632d76a2bb149e6b04ae1459c9576b0a4eba1
resnet,independent_rms,101,bandpass_n20001_cV5_electrode_s10,phase2/results/predictions/full/independent_rms/resnet/seed_101/bandpass_n20001_cV5_electrode_s10.npz,76486,ac83522085267ed1f396df5e7c90a0d410d159ee06c1082884db680dfffbf901
resnet,independent_rms,101,bandpass_n20001_cV5_electrode_s5,phase2/results/predictions/full/independent_rms/resnet/seed_101/bandpass_n20001_cV5_electrode_s5.npz,76338,939071575d3bd2322b5bd065857d3ecd7816bbb8d9bbb3f6d7ffec03cc6c9283
resnet,independent_rms,101,bandpass_n20001_cV5_electrode_s0,phase2/results/predictions/full/independent_rms/resnet/seed_101/bandpass_n20001_cV5_electrode_s0.npz,75978,13e85cb627b24fb8d7158d75eb475ce3ab0a925ec22845d4f8229d97f956993a
resnet,independent_rms,101,bandpass_n20001_cV5_covariance_s20,phase2/results/predictions/full/independent_rms/resnet/seed_101/bandpass_n20001_cV5_covariance_s20.npz,76444,7ef90e773a8ed744cc9e0983443e515d4422e2ef125cfdeb7e15dd725e55225f
resnet,independent_rms,101,bandpass_n20001_cV5_covariance_s15,phase2/results/predictions/full/independent_rms/resnet/seed_101/bandpass_n20001_cV5_covariance_s15.npz,76452,76af8cb57579c42e46b54b35542027247120f28180de71ba794bda519875a4b2
resnet,independent_rms,101,bandpass_n20001_cV5_covariance_s10,phase2/results/predictions/full/independent_rms/resnet/seed_101/bandpass_n20001_cV5_covariance_s10.npz,76455,e43cbe64ebb0a2a2343973c4f93e9c7e1c6d8630218a0a1c3f16aca8e5079c42
resnet,independent_rms,101,bandpass_n20001_cV5_covariance_s5,phase2/results/predictions/full/independent_rms/resnet/seed_101/bandpass_n20001_cV5_covariance_s5.npz,76327,e62fc8f423de8dc90b0456f7f41aefed97521a63bc3f492c45b101d442580313
resnet,independent_rms,101,bandpass_n20001_cV5_covariance_s0,phase2/results/predictions/full/independent_rms/resnet/seed_101/bandpass_n20001_cV5_covariance_s0.npz,75982,26630b228c8e06799939ea019cd33655329e08e48d81ff51a9f353d8ca954f63
resnet,independent_rms,101,bandpass_n20001_cV6_independent_rms_s20,phase2/results/predictions/full/independent_rms/resnet/seed_101/bandpass_n20001_cV6_independent_rms_s20.npz,76472,96552d56f974e163e787973224e28484f816e2960c59768ca967bcedfcbf46fe
resnet,independent_rms,101,bandpass_n20001_cV6_independent_rms_s15,phase2/results/predictions/full/independent_rms/resnet/seed_101/bandpass_n20001_cV6_independent_rms_s15.npz,76490,db27fa6dbef83b7f3d3a067be0ffe4d4c364a9783e41232ca9bbbf345a7426dc
resnet,independent_rms,101,bandpass_n20001_cV6_independent_rms_s10,phase2/results/predictions/full/independent_rms/resnet/seed_101/bandpass_n20001_cV6_independent_rms_s10.npz,76433,ee07e810a67b53c05e135157d728fef32ff766c9552ac3fabb208da918c3f91a
resnet,independent_rms,101,bandpass_n20001_cV6_independent_rms_s5,phase2/results/predictions/full/independent_rms/resnet/seed_101/bandpass_n20001_cV6_independent_rms_s5.npz,76298,fa5de6e34dfcf104e2b7a19d6c94ad8a0ddd298735ef27e9c2290c22a0961573
resnet,independent_rms,101,bandpass_n20001_cV6_independent_rms_s0,phase2/results/predictions/full/independent_rms/resnet/seed_101/bandpass_n20001_cV6_independent_rms_s0.npz,76022,470690e639793372104a0d93b6e2273b45c1ddf79d72321d7a29ee5c076cf394
resnet,independent_rms,101,bandpass_n20001_cV6_electrode_s20,phase2/results/predictions/full/independent_rms/resnet/seed_101/bandpass_n20001_cV6_electrode_s20.npz,76470,f7ace18e1cf27c526d6348e3dd2dac973950705a3d79a7c9c7be56b28ab94ffd
resnet,independent_rms,101,bandpass_n20001_cV6_electrode_s15,phase2/results/predictions/full/independent_rms/resnet/seed_101/bandpass_n20001_cV6_electrode_s15.npz,76492,7646276d1c82ff8ca3188a0662ef5d031c84e17fb74e4c0146de62a425b0a1c2
resnet,independent_rms,101,bandpass_n20001_cV6_electrode_s10,phase2/results/predictions/full/independent_rms/resnet/seed_101/bandpass_n20001_cV6_electrode_s10.npz,76439,51de6684528152d546ab0b685ca9cabfd3af7987221991088edf74c9418b6cc0
resnet,independent_rms,101,bandpass_n20001_cV6_electrode_s5,phase2/results/predictions/full/independent_rms/resnet/seed_101/bandpass_n20001_cV6_electrode_s5.npz,76304,b3862c78cd36539097ad540a3e05fd2fa6be6d65535909924589120927144350
resnet,independent_rms,101,bandpass_n20001_cV6_electrode_s0,phase2/results/predictions/full/independent_rms/resnet/seed_101/bandpass_n20001_cV6_electrode_s0.npz,75989,32e7470d38b41051c98184aae62840cdb454257f9ae4454e91a900a32102a4cc
resnet,independent_rms,101,bandpass_n20001_cV6_covariance_s20,phase2/results/predictions/full/independent_rms/resnet/seed_101/bandpass_n20001_cV6_covariance_s20.npz,76488,1e7aa3abe86b8b847a14eaf70b88a1e5c35efaea5180c729318d5b597bb0605d
resnet,independent_rms,101,bandpass_n20001_cV6_covariance_s15,phase2/results/predictions/full/independent_rms/resnet/seed_101/bandpass_n20001_cV6_covariance_s15.npz,76456,6692da3b20ee4ff1dd27092bc856a6efb040667d4317eac10aaa4899e41ea4a7
resnet,independent_rms,101,bandpass_n20001_cV6_covariance_s10,phase2/results/predictions/full/independent_rms/resnet/seed_101/bandpass_n20001_cV6_covariance_s10.npz,76437,45f01e4f463c2bd7b40c0e2f2bfcc430cc89027456a742ab515138e091892a13
resnet,independent_rms,101,bandpass_n20001_cV6_covariance_s5,phase2/results/predictions/full/independent_rms/resnet/seed_101/bandpass_n20001_cV6_covariance_s5.npz,76305,9f3fb1775856e5f43e0ede32db7cc8eca00e9c5f011295b8fdfa0126145c9c7d
resnet,independent_rms,101,bandpass_n20001_cV6_covariance_s0,phase2/results/predictions/full/independent_rms/resnet/seed_101/bandpass_n20001_cV6_covariance_s0.npz,76001,f9cd335dea96996d347e828b20ad780d873ae2450cea2483b330a39692fefa4b
resnet,independent_rms,101,bandpass_n20001_cRA_LA_independent_rms_s20,phase2/results/predictions/full/independent_rms/resnet/seed_101/bandpass_n20001_cRA_LA_independent_rms_s20.npz,76504,603dc11580b29d4be27b450d82a055ac19532422348ffd599799338da081ac15
resnet,independent_rms,101,bandpass_n20001_cRA_LA_independent_rms_s15,phase2/results/predictions/full/independent_rms/resnet/seed_101/bandpass_n20001_cRA_LA_independent_rms_s15.npz,76473,54698dfeea2d4ae7161e8f5c683494808d07a60754a36a92f87c5c54e1bbe381
resnet,independent_rms,101,bandpass_n20001_cRA_LA_independent_rms_s10,phase2/results/predictions/full/independent_rms/resnet/seed_101/bandpass_n20001_cRA_LA_independent_rms_s10.npz,76498,271ee2dac78e570487360b8e81339b28c17d0334f6b4a8b18ed771840f70335c
resnet,independent_rms,101,bandpass_n20001_cRA_LA_independent_rms_s5,phase2/results/predictions/full/independent_rms/resnet/seed_101/bandpass_n20001_cRA_LA_independent_rms_s5.npz,76318,31079f2e94156bc01c3b9c9b823821545c1143e9f249bcaa9d20c53a37ef666b
resnet,independent_rms,101,bandpass_n20001_cRA_LA_independent_rms_s0,phase2/results/predictions/full/independent_rms/resnet/seed_101/bandpass_n20001_cRA_LA_independent_rms_s0.npz,76038,f7ee9d58da4fd5f2b5db6eb4b3a2fdd2d93fb01a48feb6f867b1a7d1e042ddc4
resnet,independent_rms,101,bandpass_n20001_cRA_LA_electrode_s20,phase2/results/predictions/full/independent_rms/resnet/seed_101/bandpass_n20001_cRA_LA_electrode_s20.npz,76474,b67c9596bff1d581de60e4d5a741c620e51223e2266070a0aa216fce2ab63c81
resnet,independent_rms,101,bandpass_n20001_cRA_LA_electrode_s15,phase2/results/predictions/full/independent_rms/resnet/seed_101/bandpass_n20001_cRA_LA_electrode_s15.npz,76477,8b47a5bf76ed039cc4d3bc7695ff5331526918effc0d1a2c82154200c730052a
resnet,independent_rms,101,bandpass_n20001_cRA_LA_electrode_s10,phase2/results/predictions/full/independent_rms/resnet/seed_101/bandpass_n20001_cRA_LA_electrode_s10.npz,76397,e37db2ee40747519b0f493d3cf0357a96dbc4744dde865e99ebe5dd6b39b2abb
resnet,independent_rms,101,bandpass_n20001_cRA_LA_electrode_s5,phase2/results/predictions/full/independent_rms/resnet/seed_101/bandpass_n20001_cRA_LA_electrode_s5.npz,76239,2ed6cf446d8a1533ef223d89e66f61923f4156d56c062770d0bf07e5bb50bc4c
resnet,independent_rms,101,bandpass_n20001_cRA_LA_electrode_s0,phase2/results/predictions/full/independent_rms/resnet/seed_101/bandpass_n20001_cRA_LA_electrode_s0.npz,75839,531ed28beacb8569743bdc7905986d0130a669b8845b6ce8a4f4cf107719cfb6
resnet,independent_rms,101,bandpass_n20001_cRA_LA_covariance_s20,phase2/results/predictions/full/independent_rms/resnet/seed_101/bandpass_n20001_cRA_LA_covariance_s20.npz,76469,d4faa410e136483219363c18428200156b5fdc873e67d3cf663ce026deeae3f4
resnet,independent_rms,101,bandpass_n20001_cRA_LA_covariance_s15,phase2/results/predictions/full/independent_rms/resnet/seed_101/bandpass_n20001_cRA_LA_covariance_s15.npz,76467,f6c1e6bdcd89f1e98359642e37e7fd1a85c1138678c3627614adf45ffe9e7b8b
resnet,independent_rms,101,bandpass_n20001_cRA_LA_covariance_s10,phase2/results/predictions/full/independent_rms/resnet/seed_101/bandpass_n20001_cRA_LA_covariance_s10.npz,76435,5824857d11b30d8a9d820eb913b03c7888f4942177fefc11e2889117b956b79f
resnet,independent_rms,101,bandpass_n20001_cRA_LA_covariance_s5,phase2/results/predictions/full/independent_rms/resnet/seed_101/bandpass_n20001_cRA_LA_covariance_s5.npz,76233,66fd49fdc20f7031ab4e8998c1dd530b0899a18f000ed839d3535dbde024e4b4
resnet,independent_rms,101,bandpass_n20001_cRA_LA_covariance_s0,phase2/results/predictions/full/independent_rms/resnet/seed_101/bandpass_n20001_cRA_LA_covariance_s0.npz,75833,9c72f59b30823c29118bc483598a67ecdfea7d909a7fd0429d4326d669a4ca7b
resnet,independent_rms,101,bandpass_n20001_cLA_LL_independent_rms_s20,phase2/results/predictions/full/independent_rms/resnet/seed_101/bandpass_n20001_cLA_LL_independent_rms_s20.npz,76516,df508fe11da40d1e63ebb189350c2fe6c009912b5c3672c092337017c041fe61
resnet,independent_rms,101,bandpass_n20001_cLA_LL_independent_rms_s15,phase2/results/predictions/full/independent_rms/resnet/seed_101/bandpass_n20001_cLA_LL_independent_rms_s15.npz,76508,7fe0c1539570139e905b1a291e91cb20b0523310a65fb3a9e37d05b68fed4697
resnet,independent_rms,101,bandpass_n20001_cLA_LL_independent_rms_s10,phase2/results/predictions/full/independent_rms/resnet/seed_101/bandpass_n20001_cLA_LL_independent_rms_s10.npz,76474,e0b51eb401c70f847333d4bf3071790989b418e379491edecd690e0e72d6c49e
resnet,independent_rms,101,bandpass_n20001_cLA_LL_independent_rms_s5,phase2/results/predictions/full/independent_rms/resnet/seed_101/bandpass_n20001_cLA_LL_independent_rms_s5.npz,76302,a854ea7c6220e271960fb75308e1d819cdd30ad33ed72d67d44b6048c440b5d1
resnet,independent_rms,101,bandpass_n20001_cLA_LL_independent_rms_s0,phase2/results/predictions/full/independent_rms/resnet/seed_101/bandpass_n20001_cLA_LL_independent_rms_s0.npz,75947,90f919f9a1805ceb52c27bfd3a8457a45969f576d6b8f6b0449d888bae3b76d6
resnet,independent_rms,101,bandpass_n20001_cLA_LL_electrode_s20,phase2/results/predictions/full/independent_rms/resnet/seed_101/bandpass_n20001_cLA_LL_electrode_s20.npz,76448,b22198c761613a29857cd17e4bdfb370830143eb01d0e7eae3b1d642f8cf620f
resnet,independent_rms,101,bandpass_n20001_cLA_LL_electrode_s15,phase2/results/predictions/full/independent_rms/resnet/seed_101/bandpass_n20001_cLA_LL_electrode_s15.npz,76478,c3a54ed7d86911bd7e5084c2c8ddd5f4e9336a757aaa6c88a7715210496163e7
resnet,independent_rms,101,bandpass_n20001_cLA_LL_electrode_s10,phase2/results/predictions/full/independent_rms/resnet/seed_101/bandpass_n20001_cLA_LL_electrode_s10.npz,76413,8fe91ed8b608df5634c1bc14de2ba18abf36623a801958a90be06fb9373c0546
resnet,independent_rms,101,bandpass_n20001_cLA_LL_electrode_s5,phase2/results/predictions/full/independent_rms/resnet/seed_101/bandpass_n20001_cLA_LL_electrode_s5.npz,76120,a35617a0d89b30032b7a371249c828588e6422e1dfa2650642f2500355afbefc
resnet,independent_rms,101,bandpass_n20001_cLA_LL_electrode_s0,phase2/results/predictions/full/independent_rms/resnet/seed_101/bandpass_n20001_cLA_LL_electrode_s0.npz,75646,53be894b2e48094cc3dafd43df7a4a633f265547b95f023c16094e725e1c1c41
resnet,independent_rms,101,bandpass_n20001_cLA_LL_covariance_s20,phase2/results/predictions/full/independent_rms/resnet/seed_101/bandpass_n20001_cLA_LL_covariance_s20.npz,76480,47390b7b1e0ecb2011f72255034feea4fffc2a0ca411e8f8a92598a7e8969a88
resnet,independent_rms,101,bandpass_n20001_cLA_LL_covariance_s15,phase2/results/predictions/full/independent_rms/resnet/seed_101/bandpass_n20001_cLA_LL_covariance_s15.npz,76464,3f2846ebc4f109067d8cb61c91912f0ffd8db2df3479250f41caee1915ea5688
resnet,independent_rms,101,bandpass_n20001_cLA_LL_covariance_s10,phase2/results/predictions/full/independent_rms/resnet/seed_101/bandpass_n20001_cLA_LL_covariance_s10.npz,76358,e46e9e44bd9776de51158b8783b6ed9e5a056d423bf62f8cc0e767b0a8944f78
resnet,independent_rms,101,bandpass_n20001_cLA_LL_covariance_s5,phase2/results/predictions/full/independent_rms/resnet/seed_101/bandpass_n20001_cLA_LL_covariance_s5.npz,76143,f7725bf9ded3b570cb63e7630f4a0f0abe92afe2bab110179748ff1d41c99160
resnet,independent_rms,101,bandpass_n20001_cLA_LL_covariance_s0,phase2/results/predictions/full/independent_rms/resnet/seed_101/bandpass_n20001_cLA_LL_covariance_s0.npz,75654,db700e68fca81786c53e7c2a401c11bd9d36254c750fdd24dff68c4d815d5812
resnet,independent_rms,101,bandpass_n20001_cRA_LL_independent_rms_s20,phase2/results/predictions/full/independent_rms/resnet/seed_101/bandpass_n20001_cRA_LL_independent_rms_s20.npz,76513,7e81e50c22e928c9aaed72d23b7667a83ca6a20c78b69f7399470bb216446c53
resnet,independent_rms,101,bandpass_n20001_cRA_LL_independent_rms_s15,phase2/results/predictions/full/independent_rms/resnet/seed_101/bandpass_n20001_cRA_LL_independent_rms_s15.npz,76469,cec8db4ca12cab960048618c6e98642b88f1f778c1e6134e9a7f94178c237cab
resnet,independent_rms,101,bandpass_n20001_cRA_LL_independent_rms_s10,phase2/results/predictions/full/independent_rms/resnet/seed_101/bandpass_n20001_cRA_LL_independent_rms_s10.npz,76477,abeb9c9e6cce92b78b61012001c48f0ef9e4ef357dcdf41c36c47cc3db85881d
resnet,independent_rms,101,bandpass_n20001_cRA_LL_independent_rms_s5,phase2/results/predictions/full/independent_rms/resnet/seed_101/bandpass_n20001_cRA_LL_independent_rms_s5.npz,76317,7afd5796f5a05a40c1605faa623e065f94f0ceb313d6cabfe423f7cbf4657271
resnet,independent_rms,101,bandpass_n20001_cRA_LL_independent_rms_s0,phase2/results/predictions/full/independent_rms/resnet/seed_101/bandpass_n20001_cRA_LL_independent_rms_s0.npz,75978,f122171e62e211f1ddd3d0d6eb3bfbac910ac42c4ef0385c1f4a6edcde2c44e0
resnet,independent_rms,101,bandpass_n20001_cRA_LL_electrode_s20,phase2/results/predictions/full/independent_rms/resnet/seed_101/bandpass_n20001_cRA_LL_electrode_s20.npz,76482,4d6e3ff752c1c204a57a3d39198268d3c182da01a238f8823b79923d4720d6be
resnet,independent_rms,101,bandpass_n20001_cRA_LL_electrode_s15,phase2/results/predictions/full/independent_rms/resnet/seed_101/bandpass_n20001_cRA_LL_electrode_s15.npz,76455,f1a1dee64f50026537b2b63c9de00eee12de693d46227dd194b4f455d0c9ef6f
resnet,independent_rms,101,bandpass_n20001_cRA_LL_electrode_s10,phase2/results/predictions/full/independent_rms/resnet/seed_101/bandpass_n20001_cRA_LL_electrode_s10.npz,76337,a9078f86e51a74dfe4af2aa228472481cd193ae3812fe03366a836f2e9bc4b40
resnet,independent_rms,101,bandpass_n20001_cRA_LL_electrode_s5,phase2/results/predictions/full/independent_rms/resnet/seed_101/bandpass_n20001_cRA_LL_electrode_s5.npz,76088,42c7ec5bd11e4f109a152479480f346366d6387bcdb2a1f8036cc02158f9bd4b
resnet,independent_rms,101,bandpass_n20001_cRA_LL_electrode_s0,phase2/results/predictions/full/independent_rms/resnet/seed_101/bandpass_n20001_cRA_LL_electrode_s0.npz,75647,3897863448050ec11465c08ec61809972b2cb5ac0d39870a3e039357537bab46
resnet,independent_rms,101,bandpass_n20001_cRA_LL_covariance_s20,phase2/results/predictions/full/independent_rms/resnet/seed_101/bandpass_n20001_cRA_LL_covariance_s20.npz,76505,d8b372a324a58c6d9e17d06b5499c7eb0d4e18ebae4cdb2bb103442df22b74f4
resnet,independent_rms,101,bandpass_n20001_cRA_LL_covariance_s15,phase2/results/predictions/full/independent_rms/resnet/seed_101/bandpass_n20001_cRA_LL_covariance_s15.npz,76461,545cdd812773ed292c50818ffe048686bbbe816ac90d1753af26268771fe27be
resnet,independent_rms,101,bandpass_n20001_cRA_LL_covariance_s10,phase2/results/predictions/full/independent_rms/resnet/seed_101/bandpass_n20001_cRA_LL_covariance_s10.npz,76381,987ef65485fb9df438d2ed487b09076899f29720815c2f80cb36f4109de46716
resnet,independent_rms,101,bandpass_n20001_cRA_LL_covariance_s5,phase2/results/predictions/full/independent_rms/resnet/seed_101/bandpass_n20001_cRA_LL_covariance_s5.npz,76111,6943b9b21fc6bf23ba2aea7cb07c464017f849fded19dba83ba75b9155c7d334
resnet,independent_rms,101,bandpass_n20001_cRA_LL_covariance_s0,phase2/results/predictions/full/independent_rms/resnet/seed_101/bandpass_n20001_cRA_LL_covariance_s0.npz,75616,d802707e9da223150ad564a68e3bd7617a6f91d017a8fa00ba2d64501bb63874
resnet,independent_rms,101,bandpass_n20001_cRA_independent_rms_s20,phase2/results/predictions/full/independent_rms/resnet/seed_101/bandpass_n20001_cRA_independent_rms_s20.npz,76471,1f3c800297530eca332834ceab32ca106090005eab746b3c5839ecf759cc3d55
resnet,independent_rms,101,bandpass_n20001_cRA_independent_rms_s15,phase2/results/predictions/full/independent_rms/resnet/seed_101/bandpass_n20001_cRA_independent_rms_s15.npz,76493,cfc285e69081e9078d3152e1dd6811e21e0c13382c16146ca5bd660dd986236e
resnet,independent_rms,101,bandpass_n20001_cRA_independent_rms_s10,phase2/results/predictions/full/independent_rms/resnet/seed_101/bandpass_n20001_cRA_independent_rms_s10.npz,76459,af9c6500c2f69abda5f046163cd955f0ffd6268c74ed99485a9ce9276cd29e8b
resnet,independent_rms,101,bandpass_n20001_cRA_independent_rms_s5,phase2/results/predictions/full/independent_rms/resnet/seed_101/bandpass_n20001_cRA_independent_rms_s5.npz,76323,8aa21f2601d49f97bf2bd41bfc7df0f594e8e7d29ac8110969110c5c9411e5ae
resnet,independent_rms,101,bandpass_n20001_cRA_independent_rms_s0,phase2/results/predictions/full/independent_rms/resnet/seed_101/bandpass_n20001_cRA_independent_rms_s0.npz,76030,15b46e2724814f2549badf31825ca93642f8a1d139a48a99bdbf341e16298605
resnet,independent_rms,101,bandpass_n20001_cRA_electrode_s20,phase2/results/predictions/full/independent_rms/resnet/seed_101/bandpass_n20001_cRA_electrode_s20.npz,76482,b90e18ff4a05bce45e62110560800e52e836c702cb882d30474f222f90f01b28
resnet,independent_rms,101,bandpass_n20001_cRA_electrode_s15,phase2/results/predictions/full/independent_rms/resnet/seed_101/bandpass_n20001_cRA_electrode_s15.npz,76434,d6669854029f77703358aa40db09408d33bd1b9cc2352834f140c09e4bf943f8
resnet,independent_rms,101,bandpass_n20001_cRA_electrode_s10,phase2/results/predictions/full/independent_rms/resnet/seed_101/bandpass_n20001_cRA_electrode_s10.npz,76381,22442d9cac228f5ada6967c89d59dc5a42af6c691ea8066bee681617ee47bd28
resnet,independent_rms,101,bandpass_n20001_cRA_electrode_s5,phase2/results/predictions/full/independent_rms/resnet/seed_101/bandpass_n20001_cRA_electrode_s5.npz,76153,20702286312db19156ac9e643662babf00d3eaa661ef1126310487cabd4b397e
resnet,independent_rms,101,bandpass_n20001_cRA_electrode_s0,phase2/results/predictions/full/independent_rms/resnet/seed_101/bandpass_n20001_cRA_electrode_s0.npz,75802,5948533dab77f0865f0cd68fcbce9ff7f1f8f93b1c18ddefe39266aa935e6ba0
resnet,independent_rms,101,bandpass_n20001_cRA_covariance_s20,phase2/results/predictions/full/independent_rms/resnet/seed_101/bandpass_n20001_cRA_covariance_s20.npz,76442,444d2ac80f0c49d514be293dc668150d2003a4f4dad6c849d5cf8db90bcf2316
resnet,independent_rms,101,bandpass_n20001_cRA_covariance_s15,phase2/results/predictions/full/independent_rms/resnet/seed_101/bandpass_n20001_cRA_covariance_s15.npz,76450,d16f2a9646835bd38fd3366bf51741d080ade323ece425d1ac0cdbbc2d8d01aa
resnet,independent_rms,101,bandpass_n20001_cRA_covariance_s10,phase2/results/predictions/full/independent_rms/resnet/seed_101/bandpass_n20001_cRA_covariance_s10.npz,76362,3a46f334a2760425faba282282ab137973654726d87a2283beed6af3871e9fb7
resnet,independent_rms,101,bandpass_n20001_cRA_covariance_s5,phase2/results/predictions/full/independent_rms/resnet/seed_101/bandpass_n20001_cRA_covariance_s5.npz,76173,3d7e031066c6bf971b91f61736ed34139b54874bc520349b0a7288c661894cae
resnet,independent_rms,101,bandpass_n20001_cRA_covariance_s0,phase2/results/predictions/full/independent_rms/resnet/seed_101/bandpass_n20001_cRA_covariance_s0.npz,75795,49c583ca181ca093aaa8b0f61a3dccab43a9a248f8bca02c45d728f126b69e5e
resnet,independent_rms,101,bandpass_n20001_cLA_independent_rms_s20,phase2/results/predictions/full/independent_rms/resnet/seed_101/bandpass_n20001_cLA_independent_rms_s20.npz,76502,69bf828f0262a82e0870d922d30f9140f1981d4eec73eeaec5edd0086ada2c80
resnet,independent_rms,101,bandpass_n20001_cLA_independent_rms_s15,phase2/results/predictions/full/independent_rms/resnet/seed_101/bandpass_n20001_cLA_independent_rms_s15.npz,76470,7af655413e305858f6f50a4bc5e377c98a0a5f611c6ce47cf58b93688d1c11d0
resnet,independent_rms,101,bandpass_n20001_cLA_independent_rms_s10,phase2/results/predictions/full/independent_rms/resnet/seed_101/bandpass_n20001_cLA_independent_rms_s10.npz,76489,5fac0a11f4ce3db93908f17f28cc62d6963162c0a7b526a9636fc4b1ea3d4d97
resnet,independent_rms,101,bandpass_n20001_cLA_independent_rms_s5,phase2/results/predictions/full/independent_rms/resnet/seed_101/bandpass_n20001_cLA_independent_rms_s5.npz,76332,b906b6581523c4946b4cf0dcb718befd6cb0cc714ee15e236f4a2769e076ad32
resnet,independent_rms,101,bandpass_n20001_cLA_independent_rms_s0,phase2/results/predictions/full/independent_rms/resnet/seed_101/bandpass_n20001_cLA_independent_rms_s0.npz,75979,abbdb5f9945b39a9cced5e3ca14fa59aee11e3cde0e29770f8c9cec4930d1d66
resnet,independent_rms,101,bandpass_n20001_cLA_electrode_s20,phase2/results/predictions/full/independent_rms/resnet/seed_101/bandpass_n20001_cLA_electrode_s20.npz,76497,b9df5aaa516c72cb8b92df27b597c56c49d349a1d30fa13f75093f0efe094ec9
resnet,independent_rms,101,bandpass_n20001_cLA_electrode_s15,phase2/results/predictions/full/independent_rms/resnet/seed_101/bandpass_n20001_cLA_electrode_s15.npz,76472,da508ef5e2cb60fab32ac0ce7313e9066623599ab0771d50ff9fc9e8aafbfc13
resnet,independent_rms,101,bandpass_n20001_cLA_electrode_s10,phase2/results/predictions/full/independent_rms/resnet/seed_101/bandpass_n20001_cLA_electrode_s10.npz,76414,68a9de3c19fcf2823a12ab741fd1bd26283907eb95a0b6130a2a2be631406790
resnet,independent_rms,101,bandpass_n20001_cLA_electrode_s5,phase2/results/predictions/full/independent_rms/resnet/seed_101/bandpass_n20001_cLA_electrode_s5.npz,76199,57c35ea02d6560ea2dc04e674ad6c74c1c7f6cffe1a006fb354e5f96a190fd04
resnet,independent_rms,101,bandpass_n20001_cLA_electrode_s0,phase2/results/predictions/full/independent_rms/resnet/seed_101/bandpass_n20001_cLA_electrode_s0.npz,75860,f49650272bef3f8193e602e5a87fa0c7e4aaff388b60f3214e587f9db4f9be61
resnet,independent_rms,101,bandpass_n20001_cLA_covariance_s20,phase2/results/predictions/full/independent_rms/resnet/seed_101/bandpass_n20001_cLA_covariance_s20.npz,76491,c12048e9721489431368d8285467d86f8f63d811f9865692421a89d9cdc04a40
resnet,independent_rms,101,bandpass_n20001_cLA_covariance_s15,phase2/results/predictions/full/independent_rms/resnet/seed_101/bandpass_n20001_cLA_covariance_s15.npz,76523,8ea4d9b74878d784567450030c0f45187992428dca7df6100a224ccdb74d3407
resnet,independent_rms,101,bandpass_n20001_cLA_covariance_s10,phase2/results/predictions/full/independent_rms/resnet/seed_101/bandpass_n20001_cLA_covariance_s10.npz,76423,11c954e91872fd7fe5438aebb8d04e9dd50c9dbde5df1aa5fabb093323717b8f
resnet,independent_rms,101,bandpass_n20001_cLA_covariance_s5,phase2/results/predictions/full/independent_rms/resnet/seed_101/bandpass_n20001_cLA_covariance_s5.npz,76225,7bb74a600288e587ac029cb3e3c0dc88c33773c4e029c4171a8c39fdaa3da720
resnet,independent_rms,101,bandpass_n20001_cLA_covariance_s0,phase2/results/predictions/full/independent_rms/resnet/seed_101/bandpass_n20001_cLA_covariance_s0.npz,75872,7e3533050a018d436f8776d6b8f305e542f684c5e4b06bf65ace13a633c956e2
resnet,independent_rms,101,bandpass_n20001_cLL_independent_rms_s20,phase2/results/predictions/full/independent_rms/resnet/seed_101/bandpass_n20001_cLL_independent_rms_s20.npz,76482,354675305882aa7da34137dc5ca31c4d8391714b93530849cd58432a763d30af
resnet,independent_rms,101,bandpass_n20001_cLL_independent_rms_s15,phase2/results/predictions/full/independent_rms/resnet/seed_101/bandpass_n20001_cLL_independent_rms_s15.npz,76474,8984916cd98fde221318720b687598e2489743d37d4088a3cc2c5eee7ae0b297
resnet,independent_rms,101,bandpass_n20001_cLL_independent_rms_s10,phase2/results/predictions/full/independent_rms/resnet/seed_101/bandpass_n20001_cLL_independent_rms_s10.npz,76433,4933a79578f89defe75bc8758a20f626c32e2ec2b6f0042560a8de0b7aa8c919
resnet,independent_rms,101,bandpass_n20001_cLL_independent_rms_s5,phase2/results/predictions/full/independent_rms/resnet/seed_101/bandpass_n20001_cLL_independent_rms_s5.npz,76290,0fcdfd359e9b032cca58df63aa928e717a54fd26e3849f14e27596952d7f4093
resnet,independent_rms,101,bandpass_n20001_cLL_independent_rms_s0,phase2/results/predictions/full/independent_rms/resnet/seed_101/bandpass_n20001_cLL_independent_rms_s0.npz,75924,61092128ef813aeaa4ac78a36591f88930f7072ffad9f8976eef53565d210ec3
resnet,independent_rms,101,bandpass_n20001_cLL_electrode_s20,phase2/results/predictions/full/independent_rms/resnet/seed_101/bandpass_n20001_cLL_electrode_s20.npz,76489,183ee9a954b9698d9287091142653938edb8cfd444fba9e187884651455540f9
resnet,independent_rms,101,bandpass_n20001_cLL_electrode_s15,phase2/results/predictions/full/independent_rms/resnet/seed_101/bandpass_n20001_cLL_electrode_s15.npz,76437,ace44c9f305e799ea14f1f3f92026eeee980711d6e693d37115fb648cdda4e1c
resnet,independent_rms,101,bandpass_n20001_cLL_electrode_s10,phase2/results/predictions/full/independent_rms/resnet/seed_101/bandpass_n20001_cLL_electrode_s10.npz,76338,a8f8799156db032840039d8359bb5b88095a9b0ed07ac3acb70fd04123feb6e7
resnet,independent_rms,101,bandpass_n20001_cLL_electrode_s5,phase2/results/predictions/full/independent_rms/resnet/seed_101/bandpass_n20001_cLL_electrode_s5.npz,76062,f2bbba37d5abe5f07f037a2151c0d6b642886be701b7021590fc3ab1525b1e13
resnet,independent_rms,101,bandpass_n20001_cLL_electrode_s0,phase2/results/predictions/full/independent_rms/resnet/seed_101/bandpass_n20001_cLL_electrode_s0.npz,75608,31e0952cff53c0f6405954b583fd9e6daf5af2f9e61e257861b2717811333327
resnet,independent_rms,101,bandpass_n20001_cLL_covariance_s20,phase2/results/predictions/full/independent_rms/resnet/seed_101/bandpass_n20001_cLL_covariance_s20.npz,76468,5e4a5013127b803a879597cb5792f426267fa88d241fae245447125176015cee
resnet,independent_rms,101,bandpass_n20001_cLL_covariance_s15,phase2/results/predictions/full/independent_rms/resnet/seed_101/bandpass_n20001_cLL_covariance_s15.npz,76477,b438b61f10eb76b343b395f79cf3a91f4ff8aea9a5938244041bbec740a94126
resnet,independent_rms,101,bandpass_n20001_cLL_covariance_s10,phase2/results/predictions/full/independent_rms/resnet/seed_101/bandpass_n20001_cLL_covariance_s10.npz,76357,9843f6298686d2cf7695720a907aafd42652a471da57b56a2b868ffb54315d52
resnet,independent_rms,101,bandpass_n20001_cLL_covariance_s5,phase2/results/predictions/full/independent_rms/resnet/seed_101/bandpass_n20001_cLL_covariance_s5.npz,76051,647e50c94cef2ffc144f8c4900c5fb9442c39cd426abb09380b246477b99680a
resnet,independent_rms,101,bandpass_n20001_cLL_covariance_s0,phase2/results/predictions/full/independent_rms/resnet/seed_101/bandpass_n20001_cLL_covariance_s0.npz,75629,85ca12590859294be067d155fb2dd3a923b50bdd164d2d4d943a0fc7fb82423a
resnet,independent_rms,101,bandpass_n20001_cRA_V1_independent_rms_s20,phase2/results/predictions/full/independent_rms/resnet/seed_101/bandpass_n20001_cRA_V1_independent_rms_s20.npz,76514,1858cf475bd384dc836d4b3ccdc5b2f1f043b1525b0debaeff54c5d2442739df
resnet,independent_rms,101,bandpass_n20001_cRA_V1_independent_rms_s15,phase2/results/predictions/full/independent_rms/resnet/seed_101/bandpass_n20001_cRA_V1_independent_rms_s15.npz,76505,03d4498e7c1a09cb1ed60244154a59e5dbf465f01182cf0804b5145222960c9c
resnet,independent_rms,101,bandpass_n20001_cRA_V1_independent_rms_s10,phase2/results/predictions/full/independent_rms/resnet/seed_101/bandpass_n20001_cRA_V1_independent_rms_s10.npz,76476,fcbb9f791922c84f793ccdf23fb0df5b413ef0288815672e71d8a8594be635a1
resnet,independent_rms,101,bandpass_n20001_cRA_V1_independent_rms_s5,phase2/results/predictions/full/independent_rms/resnet/seed_101/bandpass_n20001_cRA_V1_independent_rms_s5.npz,76324,87cc5d1e8c33e9b71c46323580f0f95c3362aaa642122969e4ae4cbded5afc80
resnet,independent_rms,101,bandpass_n20001_cRA_V1_independent_rms_s0,phase2/results/predictions/full/independent_rms/resnet/seed_101/bandpass_n20001_cRA_V1_independent_rms_s0.npz,75992,b1917e4dc18f5d74177105a54af29aafa7ddc83d7f56f5cd4c580a69782bf4b5
resnet,independent_rms,101,bandpass_n20001_cRA_V1_electrode_s20,phase2/results/predictions/full/independent_rms/resnet/seed_101/bandpass_n20001_cRA_V1_electrode_s20.npz,76505,ee37b913d156d67ab0fd519b4b3f81afa8ead9440fa0fe09b4b1ad2941dd910a
resnet,independent_rms,101,bandpass_n20001_cRA_V1_electrode_s15,phase2/results/predictions/full/independent_rms/resnet/seed_101/bandpass_n20001_cRA_V1_electrode_s15.npz,76473,17d5c836d2d88f51860a4d911b19a6f1577d9b40105058aa663c4ac59fb83554
resnet,independent_rms,101,bandpass_n20001_cRA_V1_electrode_s10,phase2/results/predictions/full/independent_rms/resnet/seed_101/bandpass_n20001_cRA_V1_electrode_s10.npz,76390,c807cdb8a88bc0051423939d30011a1863e3630c14b6485aad5b5f2083d085b9
resnet,independent_rms,101,bandpass_n20001_cRA_V1_electrode_s5,phase2/results/predictions/full/independent_rms/resnet/seed_101/bandpass_n20001_cRA_V1_electrode_s5.npz,76186,7a749c8bc4586be0305a820f7de33d9ae6c98d7ad68c2525c3427b6d4c398ac2
resnet,independent_rms,101,bandpass_n20001_cRA_V1_electrode_s0,phase2/results/predictions/full/independent_rms/resnet/seed_101/bandpass_n20001_cRA_V1_electrode_s0.npz,75783,7240663b52dc8cc91781552134c3c79aa2cd576724516ad734b5f8a6c1cd6600
resnet,independent_rms,101,bandpass_n20001_cRA_V1_covariance_s20,phase2/results/predictions/full/independent_rms/resnet/seed_101/bandpass_n20001_cRA_V1_covariance_s20.npz,76482,bc4a452efd613a44d609b5e77fc1d1946031cc8f41264a936012706f3bdeff87
resnet,independent_rms,101,bandpass_n20001_cRA_V1_covariance_s15,phase2/results/predictions/full/independent_rms/resnet/seed_101/bandpass_n20001_cRA_V1_covariance_s15.npz,76477,69f433b6c465fc74aaa6c681732abb7fef93bf926b2b96775364924e4c387550
resnet,independent_rms,101,bandpass_n20001_cRA_V1_covariance_s10,phase2/results/predictions/full/independent_rms/resnet/seed_101/bandpass_n20001_cRA_V1_covariance_s10.npz,76388,5fc5082edcd92719b3ff81a02c380d2c8e07e803ad642b7408cf8d83063cef76
resnet,independent_rms,101,bandpass_n20001_cRA_V1_covariance_s5,phase2/results/predictions/full/independent_rms/resnet/seed_101/bandpass_n20001_cRA_V1_covariance_s5.npz,76205,ffa5cd2ab466d24a024a631a5e645d5da227bc1c9c560bb47b7427db3588455a
resnet,independent_rms,101,bandpass_n20001_cRA_V1_covariance_s0,phase2/results/predictions/full/independent_rms/resnet/seed_101/bandpass_n20001_cRA_V1_covariance_s0.npz,75775,7714ab5afe6fdc9f06e7372a68f58283825ee8609b558415c3d26a87d35b7ea5
resnet,independent_rms,101,bandpass_n20001_cLA_V6_independent_rms_s20,phase2/results/predictions/full/independent_rms/resnet/seed_101/bandpass_n20001_cLA_V6_independent_rms_s20.npz,76491,b0276359aac80798bc2b9e6ed49ad473d3b8cb41a0da6bce7f6ab20b28b0bd40
resnet,independent_rms,101,bandpass_n20001_cLA_V6_independent_rms_s15,phase2/results/predictions/full/independent_rms/resnet/seed_101/bandpass_n20001_cLA_V6_independent_rms_s15.npz,76474,4ff98f39008660361c0c6572ba786ac6ca082ee77c1bec8adc357846e661eeb4
resnet,independent_rms,101,bandpass_n20001_cLA_V6_independent_rms_s10,phase2/results/predictions/full/independent_rms/resnet/seed_101/bandpass_n20001_cLA_V6_independent_rms_s10.npz,76462,1c29de14eed82fcadfad118b69217abee60e6911d751c4ddaa25ac641a16bd01
resnet,independent_rms,101,bandpass_n20001_cLA_V6_independent_rms_s5,phase2/results/predictions/full/independent_rms/resnet/seed_101/bandpass_n20001_cLA_V6_independent_rms_s5.npz,76360,d74757c74562a8893bb6e05bc624d341a63c7662d6c5e3ff6be4a2cafb224bac
resnet,independent_rms,101,bandpass_n20001_cLA_V6_independent_rms_s0,phase2/results/predictions/full/independent_rms/resnet/seed_101/bandpass_n20001_cLA_V6_independent_rms_s0.npz,76042,0482de51560802dc3b5e3ce351538f7380709116f182cc5db389c2af609a5d34
resnet,independent_rms,101,bandpass_n20001_cLA_V6_electrode_s20,phase2/results/predictions/full/independent_rms/resnet/seed_101/bandpass_n20001_cLA_V6_electrode_s20.npz,76497,133dab8dfddcbc61281f5b0b4839da9d312762ef270b36b3ea53820e7f720058
resnet,independent_rms,101,bandpass_n20001_cLA_V6_electrode_s15,phase2/results/predictions/full/independent_rms/resnet/seed_101/bandpass_n20001_cLA_V6_electrode_s15.npz,76486,14a1b02a480be62b8d4d46e054832749df57b28dbf8bdf7c8cc41be04f9ddb54
resnet,independent_rms,101,bandpass_n20001_cLA_V6_electrode_s10,phase2/results/predictions/full/independent_rms/resnet/seed_101/bandpass_n20001_cLA_V6_electrode_s10.npz,76406,62ff4270c2a8f2dd33bd4634445a56dd7e064c071b9c2fbe8b52c806b5f6bc82
resnet,independent_rms,101,bandpass_n20001_cLA_V6_electrode_s5,phase2/results/predictions/full/independent_rms/resnet/seed_101/bandpass_n20001_cLA_V6_electrode_s5.npz,76236,027f5aaadc4d376acc9dcdfb52fd59fd73abe990cde2b71f24f1c800a17e5e1f
resnet,independent_rms,101,bandpass_n20001_cLA_V6_electrode_s0,phase2/results/predictions/full/independent_rms/resnet/seed_101/bandpass_n20001_cLA_V6_electrode_s0.npz,75912,5ca6f81134cbe09d2ef71e8450a199af055edfc68c2f6568e55a6d068be5b177
resnet,independent_rms,101,bandpass_n20001_cLA_V6_covariance_s20,phase2/results/predictions/full/independent_rms/resnet/seed_101/bandpass_n20001_cLA_V6_covariance_s20.npz,76473,67b7ff019f1c102998502febef43efd9d628a854356d4b554c4ac018027fe3b8
resnet,independent_rms,101,bandpass_n20001_cLA_V6_covariance_s15,phase2/results/predictions/full/independent_rms/resnet/seed_101/bandpass_n20001_cLA_V6_covariance_s15.npz,76504,9ba4ed235d9cfdfa46604be93ca221be9d7bc06665d2bef8596ef26e345f4e46
resnet,independent_rms,101,bandpass_n20001_cLA_V6_covariance_s10,phase2/results/predictions/full/independent_rms/resnet/seed_101/bandpass_n20001_cLA_V6_covariance_s10.npz,76425,1f84a49d1c63d505aeac0ada1bc5596a3ed8c6dcc1c5b608c99305c8d5b039b3
resnet,independent_rms,101,bandpass_n20001_cLA_V6_covariance_s5,phase2/results/predictions/full/independent_rms/resnet/seed_101/bandpass_n20001_cLA_V6_covariance_s5.npz,76250,df30c6a324d370bd2f423fe70642b9a2c0a2b6aed61fbcdf4ed12e2bb90a14ff
resnet,independent_rms,101,bandpass_n20001_cLA_V6_covariance_s0,phase2/results/predictions/full/independent_rms/resnet/seed_101/bandpass_n20001_cLA_V6_covariance_s0.npz,75953,7a358d990531d928a39c77a26742a4547938d6faf2c87d183ecf36bcb79cbf35
resnet,independent_rms,101,bandpass_n20001_cLL_V4_independent_rms_s20,phase2/results/predictions/full/independent_rms/resnet/seed_101/bandpass_n20001_cLL_V4_independent_rms_s20.npz,76485,47c61969a400cefa83ddca1a9899d7313c06265e6310f895a3703f0b41790555
resnet,independent_rms,101,bandpass_n20001_cLL_V4_independent_rms_s15,phase2/results/predictions/full/independent_rms/resnet/seed_101/bandpass_n20001_cLL_V4_independent_rms_s15.npz,76524,b46050dbbcbf066eb59d44ec1815375e8c147e74b1236037907df8b9eb43cb04
resnet,independent_rms,101,bandpass_n20001_cLL_V4_independent_rms_s10,phase2/results/predictions/full/independent_rms/resnet/seed_101/bandpass_n20001_cLL_V4_independent_rms_s10.npz,76465,fe925c4a0949b0c2c5e7e72a8c790600f53b36afcba108ba9d9971afa7c9fab8
resnet,independent_rms,101,bandpass_n20001_cLL_V4_independent_rms_s5,phase2/results/predictions/full/independent_rms/resnet/seed_101/bandpass_n20001_cLL_V4_independent_rms_s5.npz,76322,a1cb3471aacf6d4a504d0e0fa8426572d75ce78d77a08fd48f432d7366677b7e
resnet,independent_rms,101,bandpass_n20001_cLL_V4_independent_rms_s0,phase2/results/predictions/full/independent_rms/resnet/seed_101/bandpass_n20001_cLL_V4_independent_rms_s0.npz,75992,5ebbdb3120a41d7a19045304f80f8e8633d6d8622fb5d3f7fcd3cadac8d414b1
resnet,independent_rms,101,bandpass_n20001_cLL_V4_electrode_s20,phase2/results/predictions/full/independent_rms/resnet/seed_101/bandpass_n20001_cLL_V4_electrode_s20.npz,76493,da560e8d5d36a0bea6548ce2f03ef67fe3f7cc65a98aeb585c2e7a3c36d69e2f
resnet,independent_rms,101,bandpass_n20001_cLL_V4_electrode_s15,phase2/results/predictions/full/independent_rms/resnet/seed_101/bandpass_n20001_cLL_V4_electrode_s15.npz,76473,f8af4e38c68429534530b1172b8fa495f35fcd9bf25bd1cfaa6da9971f36d56b
resnet,independent_rms,101,bandpass_n20001_cLL_V4_electrode_s10,phase2/results/predictions/full/independent_rms/resnet/seed_101/bandpass_n20001_cLL_V4_electrode_s10.npz,76371,3cc465befbcc271977d8aab50c0cb2ef61550ede818fd42d1ae85f70c5a567d5
resnet,independent_rms,101,bandpass_n20001_cLL_V4_electrode_s5,phase2/results/predictions/full/independent_rms/resnet/seed_101/bandpass_n20001_cLL_V4_electrode_s5.npz,76114,8cff5734bc950420eb27fd256a16abc41f890b73b78433cfe4f10134585efee7
resnet,independent_rms,101,bandpass_n20001_cLL_V4_electrode_s0,phase2/results/predictions/full/independent_rms/resnet/seed_101/bandpass_n20001_cLL_V4_electrode_s0.npz,75675,5787bbb4ffacfba23f1e3872c340b4e2fc2bd4ff58d37a04eb7e831f91777047
resnet,independent_rms,101,bandpass_n20001_cLL_V4_covariance_s20,phase2/results/predictions/full/independent_rms/resnet/seed_101/bandpass_n20001_cLL_V4_covariance_s20.npz,76511,d6e3fd3246bf2ff24c52a664ed1d886d342285e70ba8f5572b9486dd37f29700
resnet,independent_rms,101,bandpass_n20001_cLL_V4_covariance_s15,phase2/results/predictions/full/independent_rms/resnet/seed_101/bandpass_n20001_cLL_V4_covariance_s15.npz,76462,f44cb0ba736e7dc64c0abba08db20d69401dd624f9142d29d17de6b7034a3cac
resnet,independent_rms,101,bandpass_n20001_cLL_V4_covariance_s10,phase2/results/predictions/full/independent_rms/resnet/seed_101/bandpass_n20001_cLL_V4_covariance_s10.npz,76351,f03078e8276c73963ba7a9cabddacdbb3e1317f4e8c760caadad566e805b61c2
resnet,independent_rms,101,bandpass_n20001_cLL_V4_covariance_s5,phase2/results/predictions/full/independent_rms/resnet/seed_101/bandpass_n20001_cLL_V4_covariance_s5.npz,76135,83119205f9032b7840a167612afe0b843b692594bf669084abb48a364a412e65
resnet,independent_rms,101,bandpass_n20001_cLL_V4_covariance_s0,phase2/results/predictions/full/independent_rms/resnet/seed_101/bandpass_n20001_cLL_V4_covariance_s0.npz,75704,a24dec9e6e7941280455a4021c5adffca01a608e2eb590c1c020db6224ec6c9b
resnet,independent_rms,101,bandpass_n20001_cRA_LA_V1_V6_independent_rms_s20,phase2/results/predictions/full/independent_rms/resnet/seed_101/bandpass_n20001_cRA_LA_V1_V6_independent_rms_s20.npz,76528,f7684ce232af8e2b99da110915352d0108a8b475baf11ceb733a548fa8ef0ff6
resnet,independent_rms,101,bandpass_n20001_cRA_LA_V1_V6_independent_rms_s15,phase2/results/predictions/full/independent_rms/resnet/seed_101/bandpass_n20001_cRA_LA_V1_V6_independent_rms_s15.npz,76510,2689b51e9898ebd6ca34b910b7ec5d7e715aa68407b45e06bfdbc8ba39926d9c
resnet,independent_rms,101,bandpass_n20001_cRA_LA_V1_V6_independent_rms_s10,phase2/results/predictions/full/independent_rms/resnet/seed_101/bandpass_n20001_cRA_LA_V1_V6_independent_rms_s10.npz,76491,225432eb5939d347339fbd08e9ccdac032e891f69029811cd1d9e6be5fd2ae60
resnet,independent_rms,101,bandpass_n20001_cRA_LA_V1_V6_independent_rms_s5,phase2/results/predictions/full/independent_rms/resnet/seed_101/bandpass_n20001_cRA_LA_V1_V6_independent_rms_s5.npz,76354,3dc613c4a533ea2943a072c97115b8fe783de6e73515f7e75f544b55a123cc33
resnet,independent_rms,101,bandpass_n20001_cRA_LA_V1_V6_independent_rms_s0,phase2/results/predictions/full/independent_rms/resnet/seed_101/bandpass_n20001_cRA_LA_V1_V6_independent_rms_s0.npz,76031,e4f5fbed4bf351291cf92c35f2439464e76f2ecbf959a066b1521f425a5b50df
resnet,independent_rms,101,bandpass_n20001_cRA_LA_V1_V6_electrode_s20,phase2/results/predictions/full/independent_rms/resnet/seed_101/bandpass_n20001_cRA_LA_V1_V6_electrode_s20.npz,76489,35cf3456244da84f2f2bfe3c4cb9565078ab3662c0a4575f38befabc740bf48d
resnet,independent_rms,101,bandpass_n20001_cRA_LA_V1_V6_electrode_s15,phase2/results/predictions/full/independent_rms/resnet/seed_101/bandpass_n20001_cRA_LA_V1_V6_electrode_s15.npz,76462,9f1960fa04eeb48c179ca29c96fe8c895064142446b1712e972063f6916b20cf
resnet,independent_rms,101,bandpass_n20001_cRA_LA_V1_V6_electrode_s10,phase2/results/predictions/full/independent_rms/resnet/seed_101/bandpass_n20001_cRA_LA_V1_V6_electrode_s10.npz,76427,71765971790d1bc0fb59a44daadbff6781902a26635fe25cd294d6d5484cefde
resnet,independent_rms,101,bandpass_n20001_cRA_LA_V1_V6_electrode_s5,phase2/results/predictions/full/independent_rms/resnet/seed_101/bandpass_n20001_cRA_LA_V1_V6_electrode_s5.npz,76222,5db1cd05157c83cf7ea6ec24be2f7924bfff8b0bbb998777b50780ff6892e94e
resnet,independent_rms,101,bandpass_n20001_cRA_LA_V1_V6_electrode_s0,phase2/results/predictions/full/independent_rms/resnet/seed_101/bandpass_n20001_cRA_LA_V1_V6_electrode_s0.npz,75874,cc81606caf28834308a62735bbbb8ec97c25b2431ae06c58b373c7aee3390870
resnet,independent_rms,101,bandpass_n20001_cRA_LA_V1_V6_covariance_s20,phase2/results/predictions/full/independent_rms/resnet/seed_101/bandpass_n20001_cRA_LA_V1_V6_covariance_s20.npz,76475,1c48b16a1a3ff11e51720d7e7388102ca1babe2ae981f3c6029d41426a0df5ae
resnet,independent_rms,101,bandpass_n20001_cRA_LA_V1_V6_covariance_s15,phase2/results/predictions/full/independent_rms/resnet/seed_101/bandpass_n20001_cRA_LA_V1_V6_covariance_s15.npz,76469,478b8aa289e2c10a6736249f26bfcbe97d8d7e783459617c074ccc020bfd4c3e
resnet,independent_rms,101,bandpass_n20001_cRA_LA_V1_V6_covariance_s10,phase2/results/predictions/full/independent_rms/resnet/seed_101/bandpass_n20001_cRA_LA_V1_V6_covariance_s10.npz,76404,4979ec4a753d9e21212748cca8ccf2197af31a83c5fc9bb06e1e88924ade6935
resnet,independent_rms,101,bandpass_n20001_cRA_LA_V1_V6_covariance_s5,phase2/results/predictions/full/independent_rms/resnet/seed_101/bandpass_n20001_cRA_LA_V1_V6_covariance_s5.npz,76239,f1f84991e786133e212e8a9b019875cd888c3d0b18cf163daf440bfdcb1980a0
resnet,independent_rms,101,bandpass_n20001_cRA_LA_V1_V6_covariance_s0,phase2/results/predictions/full/independent_rms/resnet/seed_101/bandpass_n20001_cRA_LA_V1_V6_covariance_s0.npz,75883,e650aced423ad88091cdd22326fb074a3253f240010a0b8bce56b2cc8205c534
resnet,independent_rms,101,bandpass_n20001_cRA_V2_V5_independent_rms_s20,phase2/results/predictions/full/independent_rms/resnet/seed_101/bandpass_n20001_cRA_V2_V5_independent_rms_s20.npz,76508,29f203f55e60ad4ecd600ab28f851901a8c7608b4510fa4b859caac0295ad2e0
resnet,independent_rms,101,bandpass_n20001_cRA_V2_V5_independent_rms_s15,phase2/results/predictions/full/independent_rms/resnet/seed_101/bandpass_n20001_cRA_V2_V5_independent_rms_s15.npz,76528,a3bb653deabc10df1e7abac20b568c67743941d4e0d6ee2aa3edb0252da3da02
resnet,independent_rms,101,bandpass_n20001_cRA_V2_V5_independent_rms_s10,phase2/results/predictions/full/independent_rms/resnet/seed_101/bandpass_n20001_cRA_V2_V5_independent_rms_s10.npz,76499,2338396800e05db7bd5423beed054b09f4700039a451d32c46c27805a7d8ed08
resnet,independent_rms,101,bandpass_n20001_cRA_V2_V5_independent_rms_s5,phase2/results/predictions/full/independent_rms/resnet/seed_101/bandpass_n20001_cRA_V2_V5_independent_rms_s5.npz,76354,54e6e3d04786ac00e305de88c0f298c971cf82059c7d2e678f759adff57044c9
resnet,independent_rms,101,bandpass_n20001_cRA_V2_V5_independent_rms_s0,phase2/results/predictions/full/independent_rms/resnet/seed_101/bandpass_n20001_cRA_V2_V5_independent_rms_s0.npz,76043,d95895f01bfe1e411489588b7c361554b664fe5b9c0da6644c09c38315d66d3d
resnet,independent_rms,101,bandpass_n20001_cRA_V2_V5_electrode_s20,phase2/results/predictions/full/independent_rms/resnet/seed_101/bandpass_n20001_cRA_V2_V5_electrode_s20.npz,76492,f17db6c3adf98406e8ec815642435a27e1017584b00f03dfa9691739e5c33fc5
resnet,independent_rms,101,bandpass_n20001_cRA_V2_V5_electrode_s15,phase2/results/predictions/full/independent_rms/resnet/seed_101/bandpass_n20001_cRA_V2_V5_electrode_s15.npz,76479,822f6d2f8fdeec4ffb9fad5ecd480089d5aae280f0c79da5928b71d0bc88cd4e
resnet,independent_rms,101,bandpass_n20001_cRA_V2_V5_electrode_s10,phase2/results/predictions/full/independent_rms/resnet/seed_101/bandpass_n20001_cRA_V2_V5_electrode_s10.npz,76412,c75455b76dd9b7cd91423d95d1101137d97af50d51c04bbf8dc2a0accd459fdb
resnet,independent_rms,101,bandpass_n20001_cRA_V2_V5_electrode_s5,phase2/results/predictions/full/independent_rms/resnet/seed_101/bandpass_n20001_cRA_V2_V5_electrode_s5.npz,76230,d8f01d2c761ee57830606e04b950ae8521172bdc41fdf22bd070bf74ad0d5906
resnet,independent_rms,101,bandpass_n20001_cRA_V2_V5_electrode_s0,phase2/results/predictions/full/independent_rms/resnet/seed_101/bandpass_n20001_cRA_V2_V5_electrode_s0.npz,75874,85fa1e85b0e1d960fa08d417e33e5fd7d8fee289b080064af5eb403266f92148
resnet,independent_rms,101,bandpass_n20001_cRA_V2_V5_covariance_s20,phase2/results/predictions/full/independent_rms/resnet/seed_101/bandpass_n20001_cRA_V2_V5_covariance_s20.npz,76510,e566a2c981b4f95e39fde2a6cb03ad99af2578b644a78bc7e79c280eaf29417b
resnet,independent_rms,101,bandpass_n20001_cRA_V2_V5_covariance_s15,phase2/results/predictions/full/independent_rms/resnet/seed_101/bandpass_n20001_cRA_V2_V5_covariance_s15.npz,76492,0be50a54c34ee4e9b6833b2af403ed2bb62a16a02b99b1a9f52f94a5c392ffa7
resnet,independent_rms,101,bandpass_n20001_cRA_V2_V5_covariance_s10,phase2/results/predictions/full/independent_rms/resnet/seed_101/bandpass_n20001_cRA_V2_V5_covariance_s10.npz,76398,e2fc205894097a4cd8755ea40ed145ca3e04d309b7b590f75f1e87b7ce3b0d13
resnet,independent_rms,101,bandpass_n20001_cRA_V2_V5_covariance_s5,phase2/results/predictions/full/independent_rms/resnet/seed_101/bandpass_n20001_cRA_V2_V5_covariance_s5.npz,76207,177345b16430a82a0d8c715fa4793dc283fcf5db71ab6c51d7e0d695b3344d6b
resnet,independent_rms,101,bandpass_n20001_cRA_V2_V5_covariance_s0,phase2/results/predictions/full/independent_rms/resnet/seed_101/bandpass_n20001_cRA_V2_V5_covariance_s0.npz,75924,11f87e2cc003b7a50173c40242043c018e83006d0d1bee0c1b062ce26802be9a
resnet,independent_rms,101,bandpass_n20001_cLA_V3_V6_independent_rms_s20,phase2/results/predictions/full/independent_rms/resnet/seed_101/bandpass_n20001_cLA_V3_V6_independent_rms_s20.npz,76505,85b6e365dca1256b4ff73f26674d3b6bddc0aa7673ca8199b3775dad9bc33196
resnet,independent_rms,101,bandpass_n20001_cLA_V3_V6_independent_rms_s15,phase2/results/predictions/full/independent_rms/resnet/seed_101/bandpass_n20001_cLA_V3_V6_independent_rms_s15.npz,76512,f2cef2d3f19012f1d4679ccecf2f87134a0a9a5b415af4b01346eaf4c5f6b21f
resnet,independent_rms,101,bandpass_n20001_cLA_V3_V6_independent_rms_s10,phase2/results/predictions/full/independent_rms/resnet/seed_101/bandpass_n20001_cLA_V3_V6_independent_rms_s10.npz,76469,782908d3d63c73820c9c136175e7b6bbd0838ad324a0f45fd2e83115f632e44e
resnet,independent_rms,101,bandpass_n20001_cLA_V3_V6_independent_rms_s5,phase2/results/predictions/full/independent_rms/resnet/seed_101/bandpass_n20001_cLA_V3_V6_independent_rms_s5.npz,76326,d90c0faaadc99ff94dfe13d3b2b5513ca91d64b2e5ecd23a30342dca5fa3c548
resnet,independent_rms,101,bandpass_n20001_cLA_V3_V6_independent_rms_s0,phase2/results/predictions/full/independent_rms/resnet/seed_101/bandpass_n20001_cLA_V3_V6_independent_rms_s0.npz,76021,22d25a055195948e5c7e3fa4f0d5e9369972bd0157ef5657aafcf91f81e093a4
resnet,independent_rms,101,bandpass_n20001_cLA_V3_V6_electrode_s20,phase2/results/predictions/full/independent_rms/resnet/seed_101/bandpass_n20001_cLA_V3_V6_electrode_s20.npz,76519,d5a8b03c0c19cf99315e906c3badf0bd064107c25e544ea67b1b629b82023bfb
resnet,independent_rms,101,bandpass_n20001_cLA_V3_V6_electrode_s15,phase2/results/predictions/full/independent_rms/resnet/seed_101/bandpass_n20001_cLA_V3_V6_electrode_s15.npz,76514,aa83825298219f2f0c96a1d038ee65b407794faffba4238d177a19346055a0fc
resnet,independent_rms,101,bandpass_n20001_cLA_V3_V6_electrode_s10,phase2/results/predictions/full/independent_rms/resnet/seed_101/bandpass_n20001_cLA_V3_V6_electrode_s10.npz,76442,120a96ba90fe4cc01b30e2c9e77ccf01d070f081aced3ebc4b55e66cb685bf69
resnet,independent_rms,101,bandpass_n20001_cLA_V3_V6_electrode_s5,phase2/results/predictions/full/independent_rms/resnet/seed_101/bandpass_n20001_cLA_V3_V6_electrode_s5.npz,76251,8ba58782cd7639cf92913a040de35b41feb3bb52b38f55a69fdeceb1719e6a8d
resnet,independent_rms,101,bandpass_n20001_cLA_V3_V6_electrode_s0,phase2/results/predictions/full/independent_rms/resnet/seed_101/bandpass_n20001_cLA_V3_V6_electrode_s0.npz,75941,ae5a7883c38c008cf3df6b5e839eaddf6100177a0b04a20661d74e8ba7e14d3d
resnet,independent_rms,101,bandpass_n20001_cLA_V3_V6_covariance_s20,phase2/results/predictions/full/independent_rms/resnet/seed_101/bandpass_n20001_cLA_V3_V6_covariance_s20.npz,76527,af146972255b3812d9c0898fe5f178e740a8f3e822f6ac08555601ba2bd09794
resnet,independent_rms,101,bandpass_n20001_cLA_V3_V6_covariance_s15,phase2/results/predictions/full/independent_rms/resnet/seed_101/bandpass_n20001_cLA_V3_V6_covariance_s15.npz,76492,93fa8fe332d5cfa3b300de3f2ade05f5bbda153aa881d90f0dc3d9c10c535fe7
resnet,independent_rms,101,bandpass_n20001_cLA_V3_V6_covariance_s10,phase2/results/predictions/full/independent_rms/resnet/seed_101/bandpass_n20001_cLA_V3_V6_covariance_s10.npz,76436,4f15a6cbd3fad6ca2a2100396c35e4138d7a271b7fd15d07ca225809144e6c69
resnet,independent_rms,101,bandpass_n20001_cLA_V3_V6_covariance_s5,phase2/results/predictions/full/independent_rms/resnet/seed_101/bandpass_n20001_cLA_V3_V6_covariance_s5.npz,76280,ed2e79af868762858a744d9de9aac9889a6df8470ff626bb5bd35547980d69e7
resnet,independent_rms,101,bandpass_n20001_cLA_V3_V6_covariance_s0,phase2/results/predictions/full/independent_rms/resnet/seed_101/bandpass_n20001_cLA_V3_V6_covariance_s0.npz,75942,fd8d7fe7f43163c155476bafa0ca7f480ec3aab327bc007821e5a720cb202422
resnet,independent_rms,101,bandpass_n20001_cLL_V1_V4_independent_rms_s20,phase2/results/predictions/full/independent_rms/resnet/seed_101/bandpass_n20001_cLL_V1_V4_independent_rms_s20.npz,76523,9a48f43b18db14701c38aefe24e4ce70e16c4ed8cca0db3a41796dffbfa5c995
resnet,independent_rms,101,bandpass_n20001_cLL_V1_V4_independent_rms_s15,phase2/results/predictions/full/independent_rms/resnet/seed_101/bandpass_n20001_cLL_V1_V4_independent_rms_s15.npz,76485,246fba89e74c35ab319a789237c0175038fcf22b6178f13f812e450bc9779846
resnet,independent_rms,101,bandpass_n20001_cLL_V1_V4_independent_rms_s10,phase2/results/predictions/full/independent_rms/resnet/seed_101/bandpass_n20001_cLL_V1_V4_independent_rms_s10.npz,76474,d9daf93f071da96bf78c7d8da147a7951d0f9862812a2234fe39bdbe4c168993
resnet,independent_rms,101,bandpass_n20001_cLL_V1_V4_independent_rms_s5,phase2/results/predictions/full/independent_rms/resnet/seed_101/bandpass_n20001_cLL_V1_V4_independent_rms_s5.npz,76313,0bea2a6a5957790f475e2072c14f7dd8b12f9a032e5394cc9965703e656838aa
resnet,independent_rms,101,bandpass_n20001_cLL_V1_V4_independent_rms_s0,phase2/results/predictions/full/independent_rms/resnet/seed_101/bandpass_n20001_cLL_V1_V4_independent_rms_s0.npz,75953,337e27fb1dbc912ecead5ea63399d76eecb99cf10642aefeb698f45374e71775
resnet,independent_rms,101,bandpass_n20001_cLL_V1_V4_electrode_s20,phase2/results/predictions/full/independent_rms/resnet/seed_101/bandpass_n20001_cLL_V1_V4_electrode_s20.npz,76486,1013f8cef1f2eba561dafa3a672928e16fd0975521ce9d827c3764682213dd78
resnet,independent_rms,101,bandpass_n20001_cLL_V1_V4_electrode_s15,phase2/results/predictions/full/independent_rms/resnet/seed_101/bandpass_n20001_cLL_V1_V4_electrode_s15.npz,76499,9093c7e4ddb101b1138c62ac732f50cc640777394a7754d998544c924aee9d0b
resnet,independent_rms,101,bandpass_n20001_cLL_V1_V4_electrode_s10,phase2/results/predictions/full/independent_rms/resnet/seed_101/bandpass_n20001_cLL_V1_V4_electrode_s10.npz,76387,5f33664bdb6c86315c98635e82bdcd264b88f829c074c6d3cf1688f84ff5043c
resnet,independent_rms,101,bandpass_n20001_cLL_V1_V4_electrode_s5,phase2/results/predictions/full/independent_rms/resnet/seed_101/bandpass_n20001_cLL_V1_V4_electrode_s5.npz,76138,be8f97ae71fa29544d4ca73e0f2053d41965cd08408969cad48e76ced509e733
resnet,independent_rms,101,bandpass_n20001_cLL_V1_V4_electrode_s0,phase2/results/predictions/full/independent_rms/resnet/seed_101/bandpass_n20001_cLL_V1_V4_electrode_s0.npz,75654,76d8b147908dc0c7d5a38794eda4252c359b662b3c4babf22e1bfe7ba6d983d1
resnet,independent_rms,101,bandpass_n20001_cLL_V1_V4_covariance_s20,phase2/results/predictions/full/independent_rms/resnet/seed_101/bandpass_n20001_cLL_V1_V4_covariance_s20.npz,76489,239723ae3894f15a34845bc6a5b8c26cde45bc1d9b6e1109c4a195ee0e4bf347
resnet,independent_rms,101,bandpass_n20001_cLL_V1_V4_covariance_s15,phase2/results/predictions/full/independent_rms/resnet/seed_101/bandpass_n20001_cLL_V1_V4_covariance_s15.npz,76441,175a8ebb29df6394dea082092d951f5ccc5976798813aa2a1a9273297f157c69
resnet,independent_rms,101,bandpass_n20001_cLL_V1_V4_covariance_s10,phase2/results/predictions/full/independent_rms/resnet/seed_101/bandpass_n20001_cLL_V1_V4_covariance_s10.npz,76395,43e0407f31d64c0d524ba847b8735384158aea89a97c171735c45b7f37eabd18
resnet,independent_rms,101,bandpass_n20001_cLL_V1_V4_covariance_s5,phase2/results/predictions/full/independent_rms/resnet/seed_101/bandpass_n20001_cLL_V1_V4_covariance_s5.npz,76146,d6c3923b0a7504d9bce47ecf28fd810795120a5cfc56797d39560c3ecccda417
resnet,independent_rms,101,bandpass_n20001_cLL_V1_V4_covariance_s0,phase2/results/predictions/full/independent_rms/resnet/seed_101/bandpass_n20001_cLL_V1_V4_covariance_s0.npz,75666,3f57f99440c5986da13527a366c4732b7acd9da4751a25f6f737c6b434e4306c
resnet,independent_rms,101,bandpass_n20001_call_independent_rms_s20,phase2/results/predictions/full/independent_rms/resnet/seed_101/bandpass_n20001_call_independent_rms_s20.npz,76498,e5e7e160d53cb6abbe4b35b575787c026d63b3ad08cf88ebee02f57fece614ae
resnet,independent_rms,101,bandpass_n20001_call_independent_rms_s15,phase2/results/predictions/full/independent_rms/resnet/seed_101/bandpass_n20001_call_independent_rms_s15.npz,76486,765c3ce505faf9ba225fb3b65cc30ca969a3fa1d9ec0cde68fcc85931aacd288
resnet,independent_rms,101,bandpass_n20001_call_independent_rms_s10,phase2/results/predictions/full/independent_rms/resnet/seed_101/bandpass_n20001_call_independent_rms_s10.npz,76456,9c20dd3485123cbf1478aa6fd31874c58068d6ee982174f6da6da1701d707d7c
resnet,independent_rms,101,bandpass_n20001_call_independent_rms_s5,phase2/results/predictions/full/independent_rms/resnet/seed_101/bandpass_n20001_call_independent_rms_s5.npz,76311,7b23876f6f6120126bc4c4142b87774d724ee526960a71135a0adf8685568847
resnet,independent_rms,101,bandpass_n20001_call_independent_rms_s0,phase2/results/predictions/full/independent_rms/resnet/seed_101/bandpass_n20001_call_independent_rms_s0.npz,75980,88878a597c96260039e038614d5da8c3d4ac69421189ebc31211c0fd51578053
resnet,independent_rms,101,bandpass_n20001_call_electrode_s20,phase2/results/predictions/full/independent_rms/resnet/seed_101/bandpass_n20001_call_electrode_s20.npz,76492,ca1bc26de7e861d2ce2f64c118d5caea606fda4e15c6ee793b1b34cea63ce6f0
resnet,independent_rms,101,bandpass_n20001_call_electrode_s15,phase2/results/predictions/full/independent_rms/resnet/seed_101/bandpass_n20001_call_electrode_s15.npz,76451,6afbbd898fdd6142ad94842362a12b5ded71944babd6bcf391aa07f8e1060cbf
resnet,independent_rms,101,bandpass_n20001_call_electrode_s10,phase2/results/predictions/full/independent_rms/resnet/seed_101/bandpass_n20001_call_electrode_s10.npz,76372,a70747905a14e1596ff2426415b1909075a443d2f801d0e2275c558b90af8033
resnet,independent_rms,101,bandpass_n20001_call_electrode_s5,phase2/results/predictions/full/independent_rms/resnet/seed_101/bandpass_n20001_call_electrode_s5.npz,76219,7fb3cf6e25fd3e4b2fa3b073b5852c5fa351bf1854eec71f5493c4f24045b2ac
resnet,independent_rms,101,bandpass_n20001_call_electrode_s0,phase2/results/predictions/full/independent_rms/resnet/seed_101/bandpass_n20001_call_electrode_s0.npz,75733,bf48fd963e0087de491d2a08403dda7620911a1a844b2fd5d1245776a12a0df2
resnet,independent_rms,101,bandpass_n20001_call_covariance_s20,phase2/results/predictions/full/independent_rms/resnet/seed_101/bandpass_n20001_call_covariance_s20.npz,76452,e5a0dfe44c2a37750a70641140c6ed066672f47f25e734378eb89482c97d01f9
resnet,independent_rms,101,bandpass_n20001_call_covariance_s15,phase2/results/predictions/full/independent_rms/resnet/seed_101/bandpass_n20001_call_covariance_s15.npz,76434,51ab6e329733d6c23151da7b8050f78547a111b7d8b889a89056e1fb2266f8c5
resnet,independent_rms,101,bandpass_n20001_call_covariance_s10,phase2/results/predictions/full/independent_rms/resnet/seed_101/bandpass_n20001_call_covariance_s10.npz,76395,319016b716d699b8a927e9fc0755ca0c874e5f127591b5bc0bf29b83fe743ab3
resnet,independent_rms,101,bandpass_n20001_call_covariance_s5,phase2/results/predictions/full/independent_rms/resnet/seed_101/bandpass_n20001_call_covariance_s5.npz,76178,68c111aace81a34a6d9ef2317f3d12b7fb2827d1ed0be3a95012761026c72296
resnet,independent_rms,101,bandpass_n20001_call_covariance_s0,phase2/results/predictions/full/independent_rms/resnet/seed_101/bandpass_n20001_call_covariance_s0.npz,75704,eeba5b2aefb1aa40ef12074893961befb66d31b1a8fcf93b9244e647a02adcc6
resnet,independent_rms,101,bandpass_n20002_cRA_LA_LL_independent_rms_s20,phase2/results/predictions/full/independent_rms/resnet/seed_101/bandpass_n20002_cRA_LA_LL_independent_rms_s20.npz,76485,34268f0293016961a45d2ac87f32ff1e1c2d8b4626c1416c9496fa6adb409259
resnet,independent_rms,101,bandpass_n20002_cRA_LA_LL_independent_rms_s15,phase2/results/predictions/full/independent_rms/resnet/seed_101/bandpass_n20002_cRA_LA_LL_independent_rms_s15.npz,76482,c96f91399050ad038a3a942a660bf254986c4beb04e44b072e7706e1a8979c23
resnet,independent_rms,101,bandpass_n20002_cRA_LA_LL_independent_rms_s10,phase2/results/predictions/full/independent_rms/resnet/seed_101/bandpass_n20002_cRA_LA_LL_independent_rms_s10.npz,76438,be5bef04ade925450306e9c345217d331a607d7148d930c19809dddb50651aeb
resnet,independent_rms,101,bandpass_n20002_cRA_LA_LL_independent_rms_s5,phase2/results/predictions/full/independent_rms/resnet/seed_101/bandpass_n20002_cRA_LA_LL_independent_rms_s5.npz,76333,889e79e003ac76a8c82b79a44bc8173ae25bd3c9c6a402d45d3e37de3331849a
resnet,independent_rms,101,bandpass_n20002_cRA_LA_LL_independent_rms_s0,phase2/results/predictions/full/independent_rms/resnet/seed_101/bandpass_n20002_cRA_LA_LL_independent_rms_s0.npz,75983,073b939341fa69ff16e17ede4c11037f8ee59411c4acb746ffb8fb456b26744c
resnet,independent_rms,101,bandpass_n20002_cRA_LA_LL_electrode_s20,phase2/results/predictions/full/independent_rms/resnet/seed_101/bandpass_n20002_cRA_LA_LL_electrode_s20.npz,76489,fb0dea36281d6841c114115164b45c937834d9e4a1b78f861698ff406787493e
resnet,independent_rms,101,bandpass_n20002_cRA_LA_LL_electrode_s15,phase2/results/predictions/full/independent_rms/resnet/seed_101/bandpass_n20002_cRA_LA_LL_electrode_s15.npz,76443,3c4f7c3168df53bfe3e22994238cdb304c2a73c2b154b6f417cbf0ef341e4dcc
resnet,independent_rms,101,bandpass_n20002_cRA_LA_LL_electrode_s10,phase2/results/predictions/full/independent_rms/resnet/seed_101/bandpass_n20002_cRA_LA_LL_electrode_s10.npz,76373,56de1b21d581415cb138c62957434a2fd7e563e755138a08b7fb9a22a84117c1
resnet,independent_rms,101,bandpass_n20002_cRA_LA_LL_electrode_s5,phase2/results/predictions/full/independent_rms/resnet/seed_101/bandpass_n20002_cRA_LA_LL_electrode_s5.npz,76162,76eff152a424c4b775ccb80b8374d643b7c0c8781c13d82de624a1df0c98694d
resnet,independent_rms,101,bandpass_n20002_cRA_LA_LL_electrode_s0,phase2/results/predictions/full/independent_rms/resnet/seed_101/bandpass_n20002_cRA_LA_LL_electrode_s0.npz,75673,5e5d4f3c5b96f38eb5c7661ac572953431d7c570f6ad864242bb86c19d0e1ba4
resnet,independent_rms,101,bandpass_n20002_cRA_LA_LL_covariance_s20,phase2/results/predictions/full/independent_rms/resnet/seed_101/bandpass_n20002_cRA_LA_LL_covariance_s20.npz,76464,0930360845fb83716dbbd502a8dc685306587e6dd1994aa425993b42dc65bc40
resnet,independent_rms,101,bandpass_n20002_cRA_LA_LL_covariance_s15,phase2/results/predictions/full/independent_rms/resnet/seed_101/bandpass_n20002_cRA_LA_LL_covariance_s15.npz,76472,43502921b4f566a7e562facfc6a9d1fa7b3a08574504764ed2fdd206a2d1d619
resnet,independent_rms,101,bandpass_n20002_cRA_LA_LL_covariance_s10,phase2/results/predictions/full/independent_rms/resnet/seed_101/bandpass_n20002_cRA_LA_LL_covariance_s10.npz,76364,21b0c0842e353afbf59fc796aca128f0ca5d2b4018ac3eac47b4d55dae068ffc
resnet,independent_rms,101,bandpass_n20002_cRA_LA_LL_covariance_s5,phase2/results/predictions/full/independent_rms/resnet/seed_101/bandpass_n20002_cRA_LA_LL_covariance_s5.npz,76141,7e212f7a2d08794bcfe970c995613d5fe411ab38bd31235f702167c3c44d4f44
resnet,independent_rms,101,bandpass_n20002_cRA_LA_LL_covariance_s0,phase2/results/predictions/full/independent_rms/resnet/seed_101/bandpass_n20002_cRA_LA_LL_covariance_s0.npz,75652,a38e8967f29ae23962f4ea0937d971d12df39bc073ae950d4f728c34baec1e60
resnet,independent_rms,101,bandpass_n20002_cV1_independent_rms_s20,phase2/results/predictions/full/independent_rms/resnet/seed_101/bandpass_n20002_cV1_independent_rms_s20.npz,76482,c38396e4dbda440117fa82e362d57425365a80758e23625c10b10d5df2f460cb
resnet,independent_rms,101,bandpass_n20002_cV1_independent_rms_s15,phase2/results/predictions/full/independent_rms/resnet/seed_101/bandpass_n20002_cV1_independent_rms_s15.npz,76461,eeffdf81d85a30211714e72113ac3efcef069a93360fdae162e8fe9b6ba44f94
resnet,independent_rms,101,bandpass_n20002_cV1_independent_rms_s10,phase2/results/predictions/full/independent_rms/resnet/seed_101/bandpass_n20002_cV1_independent_rms_s10.npz,76427,cf8e459b4c88f43b3a0e6315bfd3b5e405fe20508863db3f1c11657e39fba044
resnet,independent_rms,101,bandpass_n20002_cV1_independent_rms_s5,phase2/results/predictions/full/independent_rms/resnet/seed_101/bandpass_n20002_cV1_independent_rms_s5.npz,76211,a7d83b34d99ed9582f02404c594edd2e4616ec1c0ecd09de39cd78149020aafa
resnet,independent_rms,101,bandpass_n20002_cV1_independent_rms_s0,phase2/results/predictions/full/independent_rms/resnet/seed_101/bandpass_n20002_cV1_independent_rms_s0.npz,75678,b8c93802b5dd526e714332b07092962a89097ba9ca2ace29c20f2b16c76b48cf
resnet,independent_rms,101,bandpass_n20002_cV1_electrode_s20,phase2/results/predictions/full/independent_rms/resnet/seed_101/bandpass_n20002_cV1_electrode_s20.npz,76437,78156e4c2f628cacd29862e6de585424ae5b5d24e1af2af2acf7b14c5ebd2d34
resnet,independent_rms,101,bandpass_n20002_cV1_electrode_s15,phase2/results/predictions/full/independent_rms/resnet/seed_101/bandpass_n20002_cV1_electrode_s15.npz,76426,63a2aa967962183860cc85af1b0ffb43505624ccbf54e1220a98614564178c03
resnet,independent_rms,101,bandpass_n20002_cV1_electrode_s10,phase2/results/predictions/full/independent_rms/resnet/seed_101/bandpass_n20002_cV1_electrode_s10.npz,76388,18504a8a34f6fdc75987e448e6de68d8a2f91a54b64ed506227cc1d107f7ef01
resnet,independent_rms,101,bandpass_n20002_cV1_electrode_s5,phase2/results/predictions/full/independent_rms/resnet/seed_101/bandpass_n20002_cV1_electrode_s5.npz,76207,db4d9e9492d574c66adaa655c86e0facb1301ccfcad211c6fd5567e36316b0df
resnet,independent_rms,101,bandpass_n20002_cV1_electrode_s0,phase2/results/predictions/full/independent_rms/resnet/seed_101/bandpass_n20002_cV1_electrode_s0.npz,75695,ba3f8a862cba7a2edceb4d136d039bf2b43ee726f008a3c021ab2b19791aac72
resnet,independent_rms,101,bandpass_n20002_cV1_covariance_s20,phase2/results/predictions/full/independent_rms/resnet/seed_101/bandpass_n20002_cV1_covariance_s20.npz,76448,79ce4c8502bc57d358861e0320347c3cb6c93b70869cefe19b5fad1f3988e6ea
resnet,independent_rms,101,bandpass_n20002_cV1_covariance_s15,phase2/results/predictions/full/independent_rms/resnet/seed_101/bandpass_n20002_cV1_covariance_s15.npz,76480,d3be5bb0854fc98b4f4fbdd0b35cecc070930f6c389068fe9aef0252513306e5
resnet,independent_rms,101,bandpass_n20002_cV1_covariance_s10,phase2/results/predictions/full/independent_rms/resnet/seed_101/bandpass_n20002_cV1_covariance_s10.npz,76409,c19287f30557adaa41c1da6c3b4bfbf9786e19c967e885c31a05e84541ca58ab
resnet,independent_rms,101,bandpass_n20002_cV1_covariance_s5,phase2/results/predictions/full/independent_rms/resnet/seed_101/bandpass_n20002_cV1_covariance_s5.npz,76209,4cef477b4b8cb98b44aaa8e54fa93987dacb1398e74e6b820c20caa26f00370c
resnet,independent_rms,101,bandpass_n20002_cV1_covariance_s0,phase2/results/predictions/full/independent_rms/resnet/seed_101/bandpass_n20002_cV1_covariance_s0.npz,75707,a6ed0153a1e8b9b74240f6956c64f4dbd6a8d512448651d7ee3a2c3416c0c816
resnet,independent_rms,101,bandpass_n20002_cV2_independent_rms_s20,phase2/results/predictions/full/independent_rms/resnet/seed_101/bandpass_n20002_cV2_independent_rms_s20.npz,76494,30d95f9bda2ca1cd8485c3b829b805209a2a4531b04b35adcc0ca28ec9c52953
resnet,independent_rms,101,bandpass_n20002_cV2_independent_rms_s15,phase2/results/predictions/full/independent_rms/resnet/seed_101/bandpass_n20002_cV2_independent_rms_s15.npz,76477,4b32518fa3e68216a2e9abf4731276aacb27210474a6f0d181248d12be1a933c
resnet,independent_rms,101,bandpass_n20002_cV2_independent_rms_s10,phase2/results/predictions/full/independent_rms/resnet/seed_101/bandpass_n20002_cV2_independent_rms_s10.npz,76480,e99f24fbd72a0ad67bf99efcefbea271b96be63ca21f0bba09c55fc8df5addd4
resnet,independent_rms,101,bandpass_n20002_cV2_independent_rms_s5,phase2/results/predictions/full/independent_rms/resnet/seed_101/bandpass_n20002_cV2_independent_rms_s5.npz,76338,cdea8f08f1d3905412ad398e40dbbe2fa379822d08dba2ac6290a2962640c350
resnet,independent_rms,101,bandpass_n20002_cV2_independent_rms_s0,phase2/results/predictions/full/independent_rms/resnet/seed_101/bandpass_n20002_cV2_independent_rms_s0.npz,76024,14040918668459e183ab9c7210a1b24f941cf52cfc23745a5a75ed55d7730461
resnet,independent_rms,101,bandpass_n20002_cV2_electrode_s20,phase2/results/predictions/full/independent_rms/resnet/seed_101/bandpass_n20002_cV2_electrode_s20.npz,76492,5d4a137354a5f9f659c0192e5e93776d11e11b2573299fffbb9b82a1423a262d
resnet,independent_rms,101,bandpass_n20002_cV2_electrode_s15,phase2/results/predictions/full/independent_rms/resnet/seed_101/bandpass_n20002_cV2_electrode_s15.npz,76491,ec902a2b729b028aacc32ce613b0a142055614b12ff59ea629dda64b078214bf
resnet,independent_rms,101,bandpass_n20002_cV2_electrode_s10,phase2/results/predictions/full/independent_rms/resnet/seed_101/bandpass_n20002_cV2_electrode_s10.npz,76457,6144768f23251ea6e1d8cd207353e86fcba727c734d63c0bee23e2e1b1a9464d
resnet,independent_rms,101,bandpass_n20002_cV2_electrode_s5,phase2/results/predictions/full/independent_rms/resnet/seed_101/bandpass_n20002_cV2_electrode_s5.npz,76329,6188c7ccb93ce427bed425dd4b68e7852167b344857399ba7ec26717912a424f
resnet,independent_rms,101,bandpass_n20002_cV2_electrode_s0,phase2/results/predictions/full/independent_rms/resnet/seed_101/bandpass_n20002_cV2_electrode_s0.npz,76005,c5164a7c803793565f50c5de510d4a3068281f65255181d9c0e4ceb7fc89c381
resnet,independent_rms,101,bandpass_n20002_cV2_covariance_s20,phase2/results/predictions/full/independent_rms/resnet/seed_101/bandpass_n20002_cV2_covariance_s20.npz,76496,334c7aa3acc6ccca0e69221c7c5e7f4575b93f7e13fa82a38203b8fcdc1cf6a1
resnet,independent_rms,101,bandpass_n20002_cV2_covariance_s15,phase2/results/predictions/full/independent_rms/resnet/seed_101/bandpass_n20002_cV2_covariance_s15.npz,76522,024f5a9b38c469b633abfd3cd67e164cc2d4718cac1ce849831ea579805ec549
resnet,independent_rms,101,bandpass_n20002_cV2_covariance_s10,phase2/results/predictions/full/independent_rms/resnet/seed_101/bandpass_n20002_cV2_covariance_s10.npz,76465,5bacc1202a739f642fbd35f9e24494cd0c0301c1476cb65e79d2b9eb7c6881b6
resnet,independent_rms,101,bandpass_n20002_cV2_covariance_s5,phase2/results/predictions/full/independent_rms/resnet/seed_101/bandpass_n20002_cV2_covariance_s5.npz,76303,865a4bdf75fec998a8d4d51a0b4b107eb28a7b5e6855d3a53e4e9746b2b1214e
resnet,independent_rms,101,bandpass_n20002_cV2_covariance_s0,phase2/results/predictions/full/independent_rms/resnet/seed_101/bandpass_n20002_cV2_covariance_s0.npz,76005,00f6a5adf4b99113caa7ffdb2c06e0298d12cfff5dab2d197b28eb5944be2752
resnet,independent_rms,101,bandpass_n20002_cV3_independent_rms_s20,phase2/results/predictions/full/independent_rms/resnet/seed_101/bandpass_n20002_cV3_independent_rms_s20.npz,76469,4e0e4723c3b259f223ad59130de2691668fbc035f9040b18ee48bf7e0cfb5a67
resnet,independent_rms,101,bandpass_n20002_cV3_independent_rms_s15,phase2/results/predictions/full/independent_rms/resnet/seed_101/bandpass_n20002_cV3_independent_rms_s15.npz,76515,4bd532cb7b665cdc1a7b9f9b9ce73c646d140c674217f1af0f0b99dc3fc4b209
resnet,independent_rms,101,bandpass_n20002_cV3_independent_rms_s10,phase2/results/predictions/full/independent_rms/resnet/seed_101/bandpass_n20002_cV3_independent_rms_s10.npz,76477,bfb3ba627e8f148055aa96e981f4a5583bbd4a19cdd3e25cacd3e78a1788cc34
resnet,independent_rms,101,bandpass_n20002_cV3_independent_rms_s5,phase2/results/predictions/full/independent_rms/resnet/seed_101/bandpass_n20002_cV3_independent_rms_s5.npz,76299,8f7196b5f4b3fe55899a971c51c9f80e4648e84b50a33e428e16d680cc9e2086
resnet,independent_rms,101,bandpass_n20002_cV3_independent_rms_s0,phase2/results/predictions/full/independent_rms/resnet/seed_101/bandpass_n20002_cV3_independent_rms_s0.npz,75984,961076e535e99ad455e616a898db1c7cd9c9e621a8bf44c6db117ece62613698
resnet,independent_rms,101,bandpass_n20002_cV3_electrode_s20,phase2/results/predictions/full/independent_rms/resnet/seed_101/bandpass_n20002_cV3_electrode_s20.npz,76459,0dabcfea993ada884fe7f15125d971fcbe72113c63cec83b14c42f6b5a9e1ba9
resnet,independent_rms,101,bandpass_n20002_cV3_electrode_s15,phase2/results/predictions/full/independent_rms/resnet/seed_101/bandpass_n20002_cV3_electrode_s15.npz,76484,1e50d369b9fb0a20c8ea94ed0cd648d44c2e9d4115df6422bac9e9e2c3c60259
resnet,independent_rms,101,bandpass_n20002_cV3_electrode_s10,phase2/results/predictions/full/independent_rms/resnet/seed_101/bandpass_n20002_cV3_electrode_s10.npz,76443,4e8e9524c164708167c9a1c0396c77524ef59f996d25ea67e6175b1ae72d466d
resnet,independent_rms,101,bandpass_n20002_cV3_electrode_s5,phase2/results/predictions/full/independent_rms/resnet/seed_101/bandpass_n20002_cV3_electrode_s5.npz,76307,ce2e283ed595924b83a152ccb47a24657fbe5ad1e1f0aad2dba8676f7969cf04
resnet,independent_rms,101,bandpass_n20002_cV3_electrode_s0,phase2/results/predictions/full/independent_rms/resnet/seed_101/bandpass_n20002_cV3_electrode_s0.npz,75950,1a65b914a75e8e19ca4c69a873e52f2b4f5b3484bd3b8a0e2623335c2b511cb4
resnet,independent_rms,101,bandpass_n20002_cV3_covariance_s20,phase2/results/predictions/full/independent_rms/resnet/seed_101/bandpass_n20002_cV3_covariance_s20.npz,76476,53e1777325bdbf13dff80110b958ee4958009a051a590e3a8da4da17dc73cadc
resnet,independent_rms,101,bandpass_n20002_cV3_covariance_s15,phase2/results/predictions/full/independent_rms/resnet/seed_101/bandpass_n20002_cV3_covariance_s15.npz,76480,e73efd89313c3efcc3438bf3dfb3ed282e3c3692adec2e740da8a98f9db65be0
resnet,independent_rms,101,bandpass_n20002_cV3_covariance_s10,phase2/results/predictions/full/independent_rms/resnet/seed_101/bandpass_n20002_cV3_covariance_s10.npz,76430,767e5e9d00804ea3fa4765ecaaa6330c90e8e8eb4320084c4d5a543f2799668e
resnet,independent_rms,101,bandpass_n20002_cV3_covariance_s5,phase2/results/predictions/full/independent_rms/resnet/seed_101/bandpass_n20002_cV3_covariance_s5.npz,76291,4a50399241dd8af12d5d961535b7b3d011f6abdfed7506713338f168a9d05025
resnet,independent_rms,101,bandpass_n20002_cV3_covariance_s0,phase2/results/predictions/full/independent_rms/resnet/seed_101/bandpass_n20002_cV3_covariance_s0.npz,75992,0aef09b1ad4bdb550d90174bed35ae788eae8e4ba479dd66bab34e2a43fe4683
resnet,independent_rms,101,bandpass_n20002_cV4_independent_rms_s20,phase2/results/predictions/full/independent_rms/resnet/seed_101/bandpass_n20002_cV4_independent_rms_s20.npz,76494,3ff3dbddf0165ab690c284180cd1e0184e8a1163c39ac0e82096d6735b0a4af0
resnet,independent_rms,101,bandpass_n20002_cV4_independent_rms_s15,phase2/results/predictions/full/independent_rms/resnet/seed_101/bandpass_n20002_cV4_independent_rms_s15.npz,76508,07fb8df24179621f89e1ae8bd50db0c9ffc9eaff2dac4a6a89f6cb682af283bf
resnet,independent_rms,101,bandpass_n20002_cV4_independent_rms_s10,phase2/results/predictions/full/independent_rms/resnet/seed_101/bandpass_n20002_cV4_independent_rms_s10.npz,76495,5f71eaf1af4f86bbbce126395346927f64e667ffec68651c7d5577c0cbb55741
resnet,independent_rms,101,bandpass_n20002_cV4_independent_rms_s5,phase2/results/predictions/full/independent_rms/resnet/seed_101/bandpass_n20002_cV4_independent_rms_s5.npz,76444,3334c75c0d125c6efba3a3c233566c62df8bc42747b8a0ab1e6b1e180c49b6f6
resnet,independent_rms,101,bandpass_n20002_cV4_independent_rms_s0,phase2/results/predictions/full/independent_rms/resnet/seed_101/bandpass_n20002_cV4_independent_rms_s0.npz,76205,1604f7d00416366f4f701ed859fb63b050f5bb49d265c0ad94c37cf4156c6542
resnet,independent_rms,101,bandpass_n20002_cV4_electrode_s20,phase2/results/predictions/full/independent_rms/resnet/seed_101/bandpass_n20002_cV4_electrode_s20.npz,76504,8a0172b5ddfcc5fefcf9cd9dfb3ff5b4c2f980bd5ca781aca294ef450b417df5
resnet,independent_rms,101,bandpass_n20002_cV4_electrode_s15,phase2/results/predictions/full/independent_rms/resnet/seed_101/bandpass_n20002_cV4_electrode_s15.npz,76525,301e6655dcd462d29b99e7c8ac0bf3e060db0eac6fd3481997b32807ef7d9e83
resnet,independent_rms,101,bandpass_n20002_cV4_electrode_s10,phase2/results/predictions/full/independent_rms/resnet/seed_101/bandpass_n20002_cV4_electrode_s10.npz,76502,b58a6bb55e1df2eb5b045a4baaa5b846ce1d5d22fc8dcf56e121e02be57bc1a9
resnet,independent_rms,101,bandpass_n20002_cV4_electrode_s5,phase2/results/predictions/full/independent_rms/resnet/seed_101/bandpass_n20002_cV4_electrode_s5.npz,76388,058c18dcc043c1a2a81cd1a7f276f523f1b67cb27365c72fcda202c24bf2679f
resnet,independent_rms,101,bandpass_n20002_cV4_electrode_s0,phase2/results/predictions/full/independent_rms/resnet/seed_101/bandpass_n20002_cV4_electrode_s0.npz,76178,147812899d94a41989736e14bdd3cbd37a719cd6b1eda707a1cfcbef37f0be5e
resnet,independent_rms,101,bandpass_n20002_cV4_covariance_s20,phase2/results/predictions/full/independent_rms/resnet/seed_101/bandpass_n20002_cV4_covariance_s20.npz,76499,de119506cc78bd7eda17aa738e62b419361f93f8751069c2c800be6769bf71e6
resnet,independent_rms,101,bandpass_n20002_cV4_covariance_s15,phase2/results/predictions/full/independent_rms/resnet/seed_101/bandpass_n20002_cV4_covariance_s15.npz,76491,cb8c101df503873a63cbeba2ef26d110a71c2527c9f71ac0166c5a45150f3c72
resnet,independent_rms,101,bandpass_n20002_cV4_covariance_s10,phase2/results/predictions/full/independent_rms/resnet/seed_101/bandpass_n20002_cV4_covariance_s10.npz,76488,cb3ee5cca89f57f1918b09e9293e7d7a1ccc2c1965d8af0e513901792bfcbf43
resnet,independent_rms,101,bandpass_n20002_cV4_covariance_s5,phase2/results/predictions/full/independent_rms/resnet/seed_101/bandpass_n20002_cV4_covariance_s5.npz,76419,c84701e892c65e759a41ff18fb048961a9a0b5437f9d1fefc3065a09d3f70e44
resnet,independent_rms,101,bandpass_n20002_cV4_covariance_s0,phase2/results/predictions/full/independent_rms/resnet/seed_101/bandpass_n20002_cV4_covariance_s0.npz,76183,dd45d8da94cd8a20467bdb86150c023b8e97e97274ca689cfffd9fc0d97dbc77
resnet,independent_rms,101,bandpass_n20002_cV5_independent_rms_s20,phase2/results/predictions/full/independent_rms/resnet/seed_101/bandpass_n20002_cV5_independent_rms_s20.npz,76504,cb4afeba46d146b8dce0dff2a28d6273c2cda4ac10524061dfec2a0d9dbb380e
resnet,independent_rms,101,bandpass_n20002_cV5_independent_rms_s15,phase2/results/predictions/full/independent_rms/resnet/seed_101/bandpass_n20002_cV5_independent_rms_s15.npz,76470,fc6d2df6c0fd48306f92cfcc43349aa97a38860717b31f75caf7520a879540f9
resnet,independent_rms,101,bandpass_n20002_cV5_independent_rms_s10,phase2/results/predictions/full/independent_rms/resnet/seed_101/bandpass_n20002_cV5_independent_rms_s10.npz,76475,b95c4ab15b86bced49b7617b8a3b4426508176d61ca411583a609e0d9ed97164
resnet,independent_rms,101,bandpass_n20002_cV5_independent_rms_s5,phase2/results/predictions/full/independent_rms/resnet/seed_101/bandpass_n20002_cV5_independent_rms_s5.npz,76364,5deaa2d35aa0c8d888cedbfd1c582c21cd20990dae014ee222a152f2ceb45e96
resnet,independent_rms,101,bandpass_n20002_cV5_independent_rms_s0,phase2/results/predictions/full/independent_rms/resnet/seed_101/bandpass_n20002_cV5_independent_rms_s0.npz,75964,7454d25351c0ad557a533828e185e7994a8fbbeeec1a8912afc6684f2d9c7437
resnet,independent_rms,101,bandpass_n20002_cV5_electrode_s20,phase2/results/predictions/full/independent_rms/resnet/seed_101/bandpass_n20002_cV5_electrode_s20.npz,76483,5aae993d06c5c33d57d7490ebcbd94f4ec7e26944a8847dd1053f70f02c4afc9
resnet,independent_rms,101,bandpass_n20002_cV5_electrode_s15,phase2/results/predictions/full/independent_rms/resnet/seed_101/bandpass_n20002_cV5_electrode_s15.npz,76475,2167ccbdf227fcb427d104b12295f20e9cf06336d732932e98b9e8303cb10211
resnet,independent_rms,101,bandpass_n20002_cV5_electrode_s10,phase2/results/predictions/full/independent_rms/resnet/seed_101/bandpass_n20002_cV5_electrode_s10.npz,76441,f0a7ed4236b14783f12c817da24ec35b74eb9b0a190cd767ea8dad9d20848839
resnet,independent_rms,101,bandpass_n20002_cV5_electrode_s5,phase2/results/predictions/full/independent_rms/resnet/seed_101/bandpass_n20002_cV5_electrode_s5.npz,76347,50fbf93c89e3066409327b02c2da28184604490c75eeb902b211fa60db68aff3
resnet,independent_rms,101,bandpass_n20002_cV5_electrode_s0,phase2/results/predictions/full/independent_rms/resnet/seed_101/bandpass_n20002_cV5_electrode_s0.npz,75972,c13ae3f7ceb3705deb0c6e46963f12d29a9cd515951a76536a4e660950aaa985
resnet,independent_rms,101,bandpass_n20002_cV5_covariance_s20,phase2/results/predictions/full/independent_rms/resnet/seed_101/bandpass_n20002_cV5_covariance_s20.npz,76469,50232345c285be76771f53add57fc79c1f8c7f42f95cdc78f1e704d3accaa66c
resnet,independent_rms,101,bandpass_n20002_cV5_covariance_s15,phase2/results/predictions/full/independent_rms/resnet/seed_101/bandpass_n20002_cV5_covariance_s15.npz,76490,a2644f2f80b958fdb691df769146878af57999ce1474a7d73e51f52092f07adc
resnet,independent_rms,101,bandpass_n20002_cV5_covariance_s10,phase2/results/predictions/full/independent_rms/resnet/seed_101/bandpass_n20002_cV5_covariance_s10.npz,76452,85e485066c791a93202b6b3278b10696936ea0d037223fdc4de89f1949fbb961
resnet,independent_rms,101,bandpass_n20002_cV5_covariance_s5,phase2/results/predictions/full/independent_rms/resnet/seed_101/bandpass_n20002_cV5_covariance_s5.npz,76349,44026447eeaa312805b0401b3ab94074c52331584aae6375678b1312e4950598
resnet,independent_rms,101,bandpass_n20002_cV5_covariance_s0,phase2/results/predictions/full/independent_rms/resnet/seed_101/bandpass_n20002_cV5_covariance_s0.npz,75961,2d5e0455ac97295667aef9929e725360bd26b5b7eab1e4cf4b2b5fe06d98bdea
resnet,independent_rms,101,bandpass_n20002_cV6_independent_rms_s20,phase2/results/predictions/full/independent_rms/resnet/seed_101/bandpass_n20002_cV6_independent_rms_s20.npz,76470,1aaf422ff4799c177a9c25cc11f6773385db21076f8c2923c6b2870f6371cfe3
resnet,independent_rms,101,bandpass_n20002_cV6_independent_rms_s15,phase2/results/predictions/full/independent_rms/resnet/seed_101/bandpass_n20002_cV6_independent_rms_s15.npz,76483,7b398e848b42f898dde5dcbf9af34068281a3b4092ff9e73b6911a7eadceb9b0
resnet,independent_rms,101,bandpass_n20002_cV6_independent_rms_s10,phase2/results/predictions/full/independent_rms/resnet/seed_101/bandpass_n20002_cV6_independent_rms_s10.npz,76442,5d06d715b3a2bf9dbf027c04e390616dd67a6d7504cf2114dafc0c5b616f2e72
resnet,independent_rms,101,bandpass_n20002_cV6_independent_rms_s5,phase2/results/predictions/full/independent_rms/resnet/seed_101/bandpass_n20002_cV6_independent_rms_s5.npz,76337,b9c026c468615626af2bdf3e6fe655f05d233c766602904560fb755df0a0f309
resnet,independent_rms,101,bandpass_n20002_cV6_independent_rms_s0,phase2/results/predictions/full/independent_rms/resnet/seed_101/bandpass_n20002_cV6_independent_rms_s0.npz,76007,216d8b2942a7d14c6169ec41551178f3a3a9290ca5cf34b75f896034a08b55a5
resnet,independent_rms,101,bandpass_n20002_cV6_electrode_s20,phase2/results/predictions/full/independent_rms/resnet/seed_101/bandpass_n20002_cV6_electrode_s20.npz,76451,8c0abe47e5bb22034d13a47cf625718183ab5673a7211684ad108bc10f600d35
resnet,independent_rms,101,bandpass_n20002_cV6_electrode_s15,phase2/results/predictions/full/independent_rms/resnet/seed_101/bandpass_n20002_cV6_electrode_s15.npz,76447,10dd29a25292102897a9ca29d99d777e838289e60d5989c501f468cd1cd626d5
resnet,independent_rms,101,bandpass_n20002_cV6_electrode_s10,phase2/results/predictions/full/independent_rms/resnet/seed_101/bandpass_n20002_cV6_electrode_s10.npz,76438,10dc8497cbc62567fec0779a08aa228a989632106b2d999a03c7c68ff8f9c00f
resnet,independent_rms,101,bandpass_n20002_cV6_electrode_s5,phase2/results/predictions/full/independent_rms/resnet/seed_101/bandpass_n20002_cV6_electrode_s5.npz,76311,010f00c09e310491083fb657647817e2d3c0834a28ce16f0e8ae162f9499e6c8
resnet,independent_rms,101,bandpass_n20002_cV6_electrode_s0,phase2/results/predictions/full/independent_rms/resnet/seed_101/bandpass_n20002_cV6_electrode_s0.npz,76007,ddd41b86506256908e434b7fbc5e9b041daae9054873d923538f686a0afbcf2c
resnet,independent_rms,101,bandpass_n20002_cV6_covariance_s20,phase2/results/predictions/full/independent_rms/resnet/seed_101/bandpass_n20002_cV6_covariance_s20.npz,76466,dcd5d540475e1b9d875a586222945107a1c6c05540a100a2fc2f047830d38a6d
resnet,independent_rms,101,bandpass_n20002_cV6_covariance_s15,phase2/results/predictions/full/independent_rms/resnet/seed_101/bandpass_n20002_cV6_covariance_s15.npz,76476,b6e06552f4fe536b1837cc6ab94214e7a548a1eed509bb77d474258745e2000d
resnet,independent_rms,101,bandpass_n20002_cV6_covariance_s10,phase2/results/predictions/full/independent_rms/resnet/seed_101/bandpass_n20002_cV6_covariance_s10.npz,76441,e05189ec11240b207761a53312ef2081f26d309b229010cdd28b9465f737cdb5
resnet,independent_rms,101,bandpass_n20002_cV6_covariance_s5,phase2/results/predictions/full/independent_rms/resnet/seed_101/bandpass_n20002_cV6_covariance_s5.npz,76284,e0037ff1d15b33106efb125a3820f687c0d4327731421d2293db33b308a0cbcc
resnet,independent_rms,101,bandpass_n20002_cV6_covariance_s0,phase2/results/predictions/full/independent_rms/resnet/seed_101/bandpass_n20002_cV6_covariance_s0.npz,76005,c21f5b3f3b481b65025d26d6de21ae616fee83659512f738b5d95b7c9acae745
resnet,independent_rms,101,bandpass_n20002_cRA_LA_independent_rms_s20,phase2/results/predictions/full/independent_rms/resnet/seed_101/bandpass_n20002_cRA_LA_independent_rms_s20.npz,76497,322416f1ad9cfd6e67bb4f8e1941ccfb27c62f66e051410b332c795e2c00164f
resnet,independent_rms,101,bandpass_n20002_cRA_LA_independent_rms_s15,phase2/results/predictions/full/independent_rms/resnet/seed_101/bandpass_n20002_cRA_LA_independent_rms_s15.npz,76474,e3e57db9da7dd3d7b2550cdd56202c942bd129bf81ceba624183abf32140f54f
resnet,independent_rms,101,bandpass_n20002_cRA_LA_independent_rms_s10,phase2/results/predictions/full/independent_rms/resnet/seed_101/bandpass_n20002_cRA_LA_independent_rms_s10.npz,76470,312ed3e53ede00b37f7e363df9a57b0e8d55ea76b5c371455bb5895d5b99c7ba
resnet,independent_rms,101,bandpass_n20002_cRA_LA_independent_rms_s5,phase2/results/predictions/full/independent_rms/resnet/seed_101/bandpass_n20002_cRA_LA_independent_rms_s5.npz,76345,3921805d2ba736e5fee0c0f559acafd4c58aa826c5ef8c02604298a6a70c5894
resnet,independent_rms,101,bandpass_n20002_cRA_LA_independent_rms_s0,phase2/results/predictions/full/independent_rms/resnet/seed_101/bandpass_n20002_cRA_LA_independent_rms_s0.npz,76047,fe11406ac28bdbcfcf658e6b123278228e9b61e61b9b5e1467714b02c2c1def2
resnet,independent_rms,101,bandpass_n20002_cRA_LA_electrode_s20,phase2/results/predictions/full/independent_rms/resnet/seed_101/bandpass_n20002_cRA_LA_electrode_s20.npz,76493,5f48bbfdf5a72fe5144f461f67f0cdfb7621886715b7ea63860fe4a9c3f089e3
resnet,independent_rms,101,bandpass_n20002_cRA_LA_electrode_s15,phase2/results/predictions/full/independent_rms/resnet/seed_101/bandpass_n20002_cRA_LA_electrode_s15.npz,76475,88da6e30c9928a74946788a578220a3a0b6076d5d799659008402c0db7b227d5
resnet,independent_rms,101,bandpass_n20002_cRA_LA_electrode_s10,phase2/results/predictions/full/independent_rms/resnet/seed_101/bandpass_n20002_cRA_LA_electrode_s10.npz,76359,6700159d063613c9a414a48b846e98616cc7b9c44ef463ee5dee3345a4ef1bf3
resnet,independent_rms,101,bandpass_n20002_cRA_LA_electrode_s5,phase2/results/predictions/full/independent_rms/resnet/seed_101/bandpass_n20002_cRA_LA_electrode_s5.npz,76194,077edead384fe756d1010ee93204e0ce0cf4c45644899eabcd8357e6098e8b93
resnet,independent_rms,101,bandpass_n20002_cRA_LA_electrode_s0,phase2/results/predictions/full/independent_rms/resnet/seed_101/bandpass_n20002_cRA_LA_electrode_s0.npz,75786,cf0ddec0fcba4c0f80202ef48b91d95fcca97c03690c101831552772c01c3937
resnet,independent_rms,101,bandpass_n20002_cRA_LA_covariance_s20,phase2/results/predictions/full/independent_rms/resnet/seed_101/bandpass_n20002_cRA_LA_covariance_s20.npz,76469,578b5e174eb1f4fe59fd6c4a39703620d69a19015192b191fd13563f3266e1de
resnet,independent_rms,101,bandpass_n20002_cRA_LA_covariance_s15,phase2/results/predictions/full/independent_rms/resnet/seed_101/bandpass_n20002_cRA_LA_covariance_s15.npz,76464,a7a1e67b6c9de040926fcb949f2a6a25251bfe849461c7bd42575c42b22a857b
resnet,independent_rms,101,bandpass_n20002_cRA_LA_covariance_s10,phase2/results/predictions/full/independent_rms/resnet/seed_101/bandpass_n20002_cRA_LA_covariance_s10.npz,76409,ab295c1877f0b3153cdcba5b2f1640ff825f67c939ddf8101a7102b7db9baed6
resnet,independent_rms,101,bandpass_n20002_cRA_LA_covariance_s5,phase2/results/predictions/full/independent_rms/resnet/seed_101/bandpass_n20002_cRA_LA_covariance_s5.npz,76210,9f8562df6f522c1321825dd3ed00352d81fcccb90dbe52d0f5018d1b606a1ae8
resnet,independent_rms,101,bandpass_n20002_cRA_LA_covariance_s0,phase2/results/predictions/full/independent_rms/resnet/seed_101/bandpass_n20002_cRA_LA_covariance_s0.npz,75799,5650c18b2dfe6668597e78e873d51b9d3023e09a25a268324c9821f790f8a07c
resnet,independent_rms,101,bandpass_n20002_cLA_LL_independent_rms_s20,phase2/results/predictions/full/independent_rms/resnet/seed_101/bandpass_n20002_cLA_LL_independent_rms_s20.npz,76515,46d007b541ddcad921976c5e49ae5e99dfd246063c8da40a88c93ac9553601cb
resnet,independent_rms,101,bandpass_n20002_cLA_LL_independent_rms_s15,phase2/results/predictions/full/independent_rms/resnet/seed_101/bandpass_n20002_cLA_LL_independent_rms_s15.npz,76469,6f15fabfcdb1a208cf4aa50e2c746dec48a08bc4f7a31cf51ce90e4e41479052
resnet,independent_rms,101,bandpass_n20002_cLA_LL_independent_rms_s10,phase2/results/predictions/full/independent_rms/resnet/seed_101/bandpass_n20002_cLA_LL_independent_rms_s10.npz,76452,be63ded446038592889225342013fe2ff01b665af0dc1f8d36ae626955a75960
resnet,independent_rms,101,bandpass_n20002_cLA_LL_independent_rms_s5,phase2/results/predictions/full/independent_rms/resnet/seed_101/bandpass_n20002_cLA_LL_independent_rms_s5.npz,76293,648c6aca9643a8ac654a3ecbd138be168ebd50365f966fc433bbed426648d9f2
resnet,independent_rms,101,bandpass_n20002_cLA_LL_independent_rms_s0,phase2/results/predictions/full/independent_rms/resnet/seed_101/bandpass_n20002_cLA_LL_independent_rms_s0.npz,75963,3de67b4b23bc0fb8f8e6d85d4840b116edc6464f1a995a0f001a53242a97c1db
resnet,independent_rms,101,bandpass_n20002_cLA_LL_electrode_s20,phase2/results/predictions/full/independent_rms/resnet/seed_101/bandpass_n20002_cLA_LL_electrode_s20.npz,76472,473f834b4dbe9c144be583659331e425c5f9352db1e7ccaac6580d746b9e66f6
resnet,independent_rms,101,bandpass_n20002_cLA_LL_electrode_s15,phase2/results/predictions/full/independent_rms/resnet/seed_101/bandpass_n20002_cLA_LL_electrode_s15.npz,76475,3b02cc442f63f99f8bdc5a38e1ed3ec9b774281b809ebffd5f095931c57b1dfe
resnet,independent_rms,101,bandpass_n20002_cLA_LL_electrode_s10,phase2/results/predictions/full/independent_rms/resnet/seed_101/bandpass_n20002_cLA_LL_electrode_s10.npz,76376,bde23638a62f6386499f4e01f949536ca9389559d6d48fe702be8e817d756865
resnet,independent_rms,101,bandpass_n20002_cLA_LL_electrode_s5,phase2/results/predictions/full/independent_rms/resnet/seed_101/bandpass_n20002_cLA_LL_electrode_s5.npz,76144,ca194fd2465673395708e0caab19c3faf81a745aef3889e51d8f5bff38d3f7d5
resnet,independent_rms,101,bandpass_n20002_cLA_LL_electrode_s0,phase2/results/predictions/full/independent_rms/resnet/seed_101/bandpass_n20002_cLA_LL_electrode_s0.npz,75630,7b582979cc41ba283db28a712c321a664a881c44585b9b50dea1b8a9e724a2ab
resnet,independent_rms,101,bandpass_n20002_cLA_LL_covariance_s20,phase2/results/predictions/full/independent_rms/resnet/seed_101/bandpass_n20002_cLA_LL_covariance_s20.npz,76473,5083a198a82c27cd9b7ecf5d7386730abb96f76ca2949e8f6ad811fd74b3ec01
resnet,independent_rms,101,bandpass_n20002_cLA_LL_covariance_s15,phase2/results/predictions/full/independent_rms/resnet/seed_101/bandpass_n20002_cLA_LL_covariance_s15.npz,76466,e242dca0db54e67bc81ef11535baff06aa8a82fdfb09834af30d97dae8c55439
resnet,independent_rms,101,bandpass_n20002_cLA_LL_covariance_s10,phase2/results/predictions/full/independent_rms/resnet/seed_101/bandpass_n20002_cLA_LL_covariance_s10.npz,76391,4746df2249c27277d39f8727d35100b0b7cce51e2c7d01034bf108e6856c8996
resnet,independent_rms,101,bandpass_n20002_cLA_LL_covariance_s5,phase2/results/predictions/full/independent_rms/resnet/seed_101/bandpass_n20002_cLA_LL_covariance_s5.npz,76135,284343871b3e534a7367acd6541e4a49ed93bbaae28d5c1d4744f681d901849a
resnet,independent_rms,101,bandpass_n20002_cLA_LL_covariance_s0,phase2/results/predictions/full/independent_rms/resnet/seed_101/bandpass_n20002_cLA_LL_covariance_s0.npz,75668,027e1e6d2a1913061b62aabf7da2a135494fd6a17a689143dce6a32fa47f50af
resnet,independent_rms,101,bandpass_n20002_cRA_LL_independent_rms_s20,phase2/results/predictions/full/independent_rms/resnet/seed_101/bandpass_n20002_cRA_LL_independent_rms_s20.npz,76509,c0dcaecc2b604f0f2c67c8dbcdcff4b3e73061f8ed839ffc559068cb6eb8c6d8
resnet,independent_rms,101,bandpass_n20002_cRA_LL_independent_rms_s15,phase2/results/predictions/full/independent_rms/resnet/seed_101/bandpass_n20002_cRA_LL_independent_rms_s15.npz,76504,c18b2cceee2948bc5e4585be8ca0cd0a6b9b89dc7af6d1aec328a8478c7f6615
resnet,independent_rms,101,bandpass_n20002_cRA_LL_independent_rms_s10,phase2/results/predictions/full/independent_rms/resnet/seed_101/bandpass_n20002_cRA_LL_independent_rms_s10.npz,76482,8bcaa93d29c7e21a34956bb5baa9a1029da4a10efad87051920bd461dd94956e
resnet,independent_rms,101,bandpass_n20002_cRA_LL_independent_rms_s5,phase2/results/predictions/full/independent_rms/resnet/seed_101/bandpass_n20002_cRA_LL_independent_rms_s5.npz,76298,ccba295bf3fa77a0367e9ad75f29e2571e09d06fd796b9afb845fb8a318f37f3
resnet,independent_rms,101,bandpass_n20002_cRA_LL_independent_rms_s0,phase2/results/predictions/full/independent_rms/resnet/seed_101/bandpass_n20002_cRA_LL_independent_rms_s0.npz,75965,191405e10fc5c146b86d9580f03c01c50c4e481338626880f05ae33973aaff93
resnet,independent_rms,101,bandpass_n20002_cRA_LL_electrode_s20,phase2/results/predictions/full/independent_rms/resnet/seed_101/bandpass_n20002_cRA_LL_electrode_s20.npz,76470,a4eecd12e7903f9b08c2685b317a433fa421883be03c75350164f4f43490e61f
resnet,independent_rms,101,bandpass_n20002_cRA_LL_electrode_s15,phase2/results/predictions/full/independent_rms/resnet/seed_101/bandpass_n20002_cRA_LL_electrode_s15.npz,76443,1c9b46fea2e7d9f00f6df6733b40520be9a786a9df77a0aad7908272f652fe4f
resnet,independent_rms,101,bandpass_n20002_cRA_LL_electrode_s10,phase2/results/predictions/full/independent_rms/resnet/seed_101/bandpass_n20002_cRA_LL_electrode_s10.npz,76341,a974766429090311044ab98e4408c09d5f62ba5f9e8b62048c7b272768f5f632
resnet,independent_rms,101,bandpass_n20002_cRA_LL_electrode_s5,phase2/results/predictions/full/independent_rms/resnet/seed_101/bandpass_n20002_cRA_LL_electrode_s5.npz,76112,b8c8af4ab4acbe91f11c757f3af0e1c2903bd1402b6caa765947f5db22753b90
resnet,independent_rms,101,bandpass_n20002_cRA_LL_electrode_s0,phase2/results/predictions/full/independent_rms/resnet/seed_101/bandpass_n20002_cRA_LL_electrode_s0.npz,75622,5c1fc21bf2818bbf51f6b2c5bc65cf0a022c050f25aa6ca614b434e86c0693f5
resnet,independent_rms,101,bandpass_n20002_cRA_LL_covariance_s20,phase2/results/predictions/full/independent_rms/resnet/seed_101/bandpass_n20002_cRA_LL_covariance_s20.npz,76461,629ecc7ca0d9be74552b13aeb8bf195ba392301d80d0a4b358a02b01c6e1fe14
resnet,independent_rms,101,bandpass_n20002_cRA_LL_covariance_s15,phase2/results/predictions/full/independent_rms/resnet/seed_101/bandpass_n20002_cRA_LL_covariance_s15.npz,76487,fc435244f2ab71b2429c43d5493e9db2ea8a697e110a7fe63bd4363baa45da29
resnet,independent_rms,101,bandpass_n20002_cRA_LL_covariance_s10,phase2/results/predictions/full/independent_rms/resnet/seed_101/bandpass_n20002_cRA_LL_covariance_s10.npz,76348,fd30731f3dbf3c12b2ad01992099d36ab5cc195227ad763ee12d5e09800f4a84
resnet,independent_rms,101,bandpass_n20002_cRA_LL_covariance_s5,phase2/results/predictions/full/independent_rms/resnet/seed_101/bandpass_n20002_cRA_LL_covariance_s5.npz,76133,cd6f121bedceec2643e1361f2b52f85ce1e17dea0ce6ad1b229df13310d6ebb4
resnet,independent_rms,101,bandpass_n20002_cRA_LL_covariance_s0,phase2/results/predictions/full/independent_rms/resnet/seed_101/bandpass_n20002_cRA_LL_covariance_s0.npz,75619,7433b7820b3235d96f526d678fe2f288326a5865542c0aa23221ad58a5d1db3d
resnet,independent_rms,101,bandpass_n20002_cRA_independent_rms_s20,phase2/results/predictions/full/independent_rms/resnet/seed_101/bandpass_n20002_cRA_independent_rms_s20.npz,76483,e96e7186d7a1763815cd9ced2a15d79f80a3ccda07df3e2120bf09f97bf5fc2b
resnet,independent_rms,101,bandpass_n20002_cRA_independent_rms_s15,phase2/results/predictions/full/independent_rms/resnet/seed_101/bandpass_n20002_cRA_independent_rms_s15.npz,76526,08542c61bc823ee34908bcfdab032c32e94c8f148cb39ca29283c1298543db83
resnet,independent_rms,101,bandpass_n20002_cRA_independent_rms_s10,phase2/results/predictions/full/independent_rms/resnet/seed_101/bandpass_n20002_cRA_independent_rms_s10.npz,76446,e234d1c58881c91b698c3a8b0ee32e2752aa291cb2257bc452c0c6b65adfc12b
resnet,independent_rms,101,bandpass_n20002_cRA_independent_rms_s5,phase2/results/predictions/full/independent_rms/resnet/seed_101/bandpass_n20002_cRA_independent_rms_s5.npz,76292,86964dfa99a0bfeef35bf92bd9204639c9ece19df1f55f75194fea6b79b732b4
resnet,independent_rms,101,bandpass_n20002_cRA_independent_rms_s0,phase2/results/predictions/full/independent_rms/resnet/seed_101/bandpass_n20002_cRA_independent_rms_s0.npz,76044,57e1837ea235a10f972d7758b1aa47ae79eae5ae46082b75bb0328ba0c430ad6
resnet,independent_rms,101,bandpass_n20002_cRA_electrode_s20,phase2/results/predictions/full/independent_rms/resnet/seed_101/bandpass_n20002_cRA_electrode_s20.npz,76498,ef760f6ab2e528b5e6b02cdd65c490faf4afe5eaf9c4dbff6be672bcc9e66912
resnet,independent_rms,101,bandpass_n20002_cRA_electrode_s15,phase2/results/predictions/full/independent_rms/resnet/seed_101/bandpass_n20002_cRA_electrode_s15.npz,76450,7458c5146aa060cff2b48f52d86a833b401d3c704822b7b64f27e4fb49226a76
resnet,independent_rms,101,bandpass_n20002_cRA_electrode_s10,phase2/results/predictions/full/independent_rms/resnet/seed_101/bandpass_n20002_cRA_electrode_s10.npz,76340,c9dda11adabae863fa9adb2b5a276d8e1780e0fdb3068881d62cfdd8b4e5f623
resnet,independent_rms,101,bandpass_n20002_cRA_electrode_s5,phase2/results/predictions/full/independent_rms/resnet/seed_101/bandpass_n20002_cRA_electrode_s5.npz,76163,ea43f8b5b03ea811afdb3b5fdaf225d6f066ba1000ba5af702db043649796964
resnet,independent_rms,101,bandpass_n20002_cRA_electrode_s0,phase2/results/predictions/full/independent_rms/resnet/seed_101/bandpass_n20002_cRA_electrode_s0.npz,75774,9eddb254f06327a39c1c4bcc313bd757cef3280c70a5a810c1fd3bd601c59834
resnet,independent_rms,101,bandpass_n20002_cRA_covariance_s20,phase2/results/predictions/full/independent_rms/resnet/seed_101/bandpass_n20002_cRA_covariance_s20.npz,76480,e265b8006630741c37efca31cfc9d5590c2545478bbd9d7e8da672546e7bdf8f
resnet,independent_rms,101,bandpass_n20002_cRA_covariance_s15,phase2/results/predictions/full/independent_rms/resnet/seed_101/bandpass_n20002_cRA_covariance_s15.npz,76449,ff0c675c9cba5a5830286c486b1e075ad8bb766478e2728539d3e3629a3fc072
resnet,independent_rms,101,bandpass_n20002_cRA_covariance_s10,phase2/results/predictions/full/independent_rms/resnet/seed_101/bandpass_n20002_cRA_covariance_s10.npz,76345,bdf03a2dd0e0373180940eda789d5fd24772ad74e769433ae7cb5208c9993c8a
resnet,independent_rms,101,bandpass_n20002_cRA_covariance_s5,phase2/results/predictions/full/independent_rms/resnet/seed_101/bandpass_n20002_cRA_covariance_s5.npz,76192,6a1c73d67058976a2cff63cb2c0e3c74234b33992fe1fb1bd88055374d5a5d14
resnet,independent_rms,101,bandpass_n20002_cRA_covariance_s0,phase2/results/predictions/full/independent_rms/resnet/seed_101/bandpass_n20002_cRA_covariance_s0.npz,75820,f1277a8f26a162afa7b286a8a0084720a38afcaf0fa98bfc52963ed4dadafa18
resnet,independent_rms,101,bandpass_n20002_cLA_independent_rms_s20,phase2/results/predictions/full/independent_rms/resnet/seed_101/bandpass_n20002_cLA_independent_rms_s20.npz,76505,8cee8155057db8d1d07e109d9e032f7bb1b068609df7e008e8df91951e6aa033
resnet,independent_rms,101,bandpass_n20002_cLA_independent_rms_s15,phase2/results/predictions/full/independent_rms/resnet/seed_101/bandpass_n20002_cLA_independent_rms_s15.npz,76504,98301f169885313de8425d38ef3c5b21eab78f7a3d6fb7f6bf27e4d19a0da300
resnet,independent_rms,101,bandpass_n20002_cLA_independent_rms_s10,phase2/results/predictions/full/independent_rms/resnet/seed_101/bandpass_n20002_cLA_independent_rms_s10.npz,76467,a7e910037644b94c7e438da235acd5511f2da65cb7da980c436c6c02b66385f1
resnet,independent_rms,101,bandpass_n20002_cLA_independent_rms_s5,phase2/results/predictions/full/independent_rms/resnet/seed_101/bandpass_n20002_cLA_independent_rms_s5.npz,76355,537da150a3d2e11c75bf06847ef15877ed554cd86e5e1aa318bac02904a0e054
resnet,independent_rms,101,bandpass_n20002_cLA_independent_rms_s0,phase2/results/predictions/full/independent_rms/resnet/seed_101/bandpass_n20002_cLA_independent_rms_s0.npz,75966,b9c46a44dff67f2d471a490416b202b962b16b1ef397f364900a15c3d806aed9
resnet,independent_rms,101,bandpass_n20002_cLA_electrode_s20,phase2/results/predictions/full/independent_rms/resnet/seed_101/bandpass_n20002_cLA_electrode_s20.npz,76447,e30a13e0d48c98b60179455c0ebdce6f41825d32f3c221412c40320ed71fe6d8
resnet,independent_rms,101,bandpass_n20002_cLA_electrode_s15,phase2/results/predictions/full/independent_rms/resnet/seed_101/bandpass_n20002_cLA_electrode_s15.npz,76506,dd226536026478441815ddc3497cbb00aaf8a2a42b20318d3397918e426bbdc8
resnet,independent_rms,101,bandpass_n20002_cLA_electrode_s10,phase2/results/predictions/full/independent_rms/resnet/seed_101/bandpass_n20002_cLA_electrode_s10.npz,76392,9d4e43bed60291819c5aa29ce87357fc302a5c70d56569b1ee2126bcda43c6e7
resnet,independent_rms,101,bandpass_n20002_cLA_electrode_s5,phase2/results/predictions/full/independent_rms/resnet/seed_101/bandpass_n20002_cLA_electrode_s5.npz,76206,a4ab7f6b6aa9342ee99c14c51075bcd61c9ce422c7c93799fcc75f27222ab323
resnet,independent_rms,101,bandpass_n20002_cLA_electrode_s0,phase2/results/predictions/full/independent_rms/resnet/seed_101/bandpass_n20002_cLA_electrode_s0.npz,75858,d7f56b0d941b38131a0f8720fd840019aa79d0c4013b7dc321d01d841f71b761
resnet,independent_rms,101,bandpass_n20002_cLA_covariance_s20,phase2/results/predictions/full/independent_rms/resnet/seed_101/bandpass_n20002_cLA_covariance_s20.npz,76460,656bc1e3f0efc692b423e536acb03260129d46003dcd537b2a655774109e8542
resnet,independent_rms,101,bandpass_n20002_cLA_covariance_s15,phase2/results/predictions/full/independent_rms/resnet/seed_101/bandpass_n20002_cLA_covariance_s15.npz,76461,147deea752b926d268024bbbe15462ee1aa300a836eb57a3fc3d1e3f3e16ae63
resnet,independent_rms,101,bandpass_n20002_cLA_covariance_s10,phase2/results/predictions/full/independent_rms/resnet/seed_101/bandpass_n20002_cLA_covariance_s10.npz,76399,c16827c56284d68b5495ea1907a13413e92222e5630809361275a1327ca5b732
resnet,independent_rms,101,bandpass_n20002_cLA_covariance_s5,phase2/results/predictions/full/independent_rms/resnet/seed_101/bandpass_n20002_cLA_covariance_s5.npz,76238,72c0724f11ef76597960d55c6b19d752fd44c3ff59150c9243dc1f18780288e4
resnet,independent_rms,101,bandpass_n20002_cLA_covariance_s0,phase2/results/predictions/full/independent_rms/resnet/seed_101/bandpass_n20002_cLA_covariance_s0.npz,75843,1c3291b2d9ab5b9e8c01377b4b8481f0c7ed2323a0526a4bbb356c76634c0edc
resnet,independent_rms,101,bandpass_n20002_cLL_independent_rms_s20,phase2/results/predictions/full/independent_rms/resnet/seed_101/bandpass_n20002_cLL_independent_rms_s20.npz,76533,f7b535d99e13b2bdcd4a338452e07044c3b197f5fd62236ab22e7891d3812db4
resnet,independent_rms,101,bandpass_n20002_cLL_independent_rms_s15,phase2/results/predictions/full/independent_rms/resnet/seed_101/bandpass_n20002_cLL_independent_rms_s15.npz,76502,eac76a1ae8f903feb45d9f702b70203241adeb4886ebc927de5ea84e67a20bd9
resnet,independent_rms,101,bandpass_n20002_cLL_independent_rms_s10,phase2/results/predictions/full/independent_rms/resnet/seed_101/bandpass_n20002_cLL_independent_rms_s10.npz,76447,97db36047f99a731180899cfc2eb21d143711401bb7d45f62a379b450377e0ed
resnet,independent_rms,101,bandpass_n20002_cLL_independent_rms_s5,phase2/results/predictions/full/independent_rms/resnet/seed_101/bandpass_n20002_cLL_independent_rms_s5.npz,76310,7c5bc25eac96b863a25f28019d15544d2df8ff094b0ad62583e7508e73ac79e9
resnet,independent_rms,101,bandpass_n20002_cLL_independent_rms_s0,phase2/results/predictions/full/independent_rms/resnet/seed_101/bandpass_n20002_cLL_independent_rms_s0.npz,75919,45f56710090dc861cc5f16ad2e38f244ed95f3ad8092e19498fbd479747b20e1
resnet,independent_rms,101,bandpass_n20002_cLL_electrode_s20,phase2/results/predictions/full/independent_rms/resnet/seed_101/bandpass_n20002_cLL_electrode_s20.npz,76474,34e342309b4b46162f68fa81b78a65d8cb5b8b713c227b5bcc83496ec059a86e
resnet,independent_rms,101,bandpass_n20002_cLL_electrode_s15,phase2/results/predictions/full/independent_rms/resnet/seed_101/bandpass_n20002_cLL_electrode_s15.npz,76437,485ce1ac57a9381939b141b1dd5cc93142c2ff997439a3f05cbf621a39041807
resnet,independent_rms,101,bandpass_n20002_cLL_electrode_s10,phase2/results/predictions/full/independent_rms/resnet/seed_101/bandpass_n20002_cLL_electrode_s10.npz,76322,7e1e3080f8a02f3bc77ac71d8e53bbf06a50051c0add647f56e063d0c2709a18
resnet,independent_rms,101,bandpass_n20002_cLL_electrode_s5,phase2/results/predictions/full/independent_rms/resnet/seed_101/bandpass_n20002_cLL_electrode_s5.npz,76096,7ca4fd6073d4a313cf180313314c9e6982dba38fc1e0b6e413b9e78a71ce651a
resnet,independent_rms,101,bandpass_n20002_cLL_electrode_s0,phase2/results/predictions/full/independent_rms/resnet/seed_101/bandpass_n20002_cLL_electrode_s0.npz,75616,60ab67adc8d6fd98b0e81e9de63c75d61714e41dc80df1ce48b019b1bc26ba80
resnet,independent_rms,101,bandpass_n20002_cLL_covariance_s20,phase2/results/predictions/full/independent_rms/resnet/seed_101/bandpass_n20002_cLL_covariance_s20.npz,76480,3c98412d904d6486822e8338490ae43450709bfde503ce4a65f8c111017f03d9
resnet,independent_rms,101,bandpass_n20002_cLL_covariance_s15,phase2/results/predictions/full/independent_rms/resnet/seed_101/bandpass_n20002_cLL_covariance_s15.npz,76433,bfb9d31e51013f8aa226cd84d62b9a16602eadb60230f0f136360c3dd36ddf45
resnet,independent_rms,101,bandpass_n20002_cLL_covariance_s10,phase2/results/predictions/full/independent_rms/resnet/seed_101/bandpass_n20002_cLL_covariance_s10.npz,76350,b8c9566ce8ffe5869ebfe481f0c89dc383bbc75432f70ea7231cdfcb81866776
resnet,independent_rms,101,bandpass_n20002_cLL_covariance_s5,phase2/results/predictions/full/independent_rms/resnet/seed_101/bandpass_n20002_cLL_covariance_s5.npz,76057,4dcd1454dc10f78fb4fa36307456a41dd5a4bebfde9e818d57b341c34e5d235d
resnet,independent_rms,101,bandpass_n20002_cLL_covariance_s0,phase2/results/predictions/full/independent_rms/resnet/seed_101/bandpass_n20002_cLL_covariance_s0.npz,75647,cc7f046573373f4df166111a3449960b4c5f7572618558ffc5c84afc556e9c5d
resnet,independent_rms,101,bandpass_n20002_cRA_V1_independent_rms_s20,phase2/results/predictions/full/independent_rms/resnet/seed_101/bandpass_n20002_cRA_V1_independent_rms_s20.npz,76500,255e8714f067cba4f46a8a7bd095c417deb170b8addd6d2dbb12a6f99755af1f
resnet,independent_rms,101,bandpass_n20002_cRA_V1_independent_rms_s15,phase2/results/predictions/full/independent_rms/resnet/seed_101/bandpass_n20002_cRA_V1_independent_rms_s15.npz,76477,6ff38c03f0597d03046f848917042f9f7da49dfa51753bb4fe32088c8ea3821c
resnet,independent_rms,101,bandpass_n20002_cRA_V1_independent_rms_s10,phase2/results/predictions/full/independent_rms/resnet/seed_101/bandpass_n20002_cRA_V1_independent_rms_s10.npz,76448,20b3955bb5c1cd8083e585410bd8dd55000fa6cbf8391cfc01b8877b3016e942
resnet,independent_rms,101,bandpass_n20002_cRA_V1_independent_rms_s5,phase2/results/predictions/full/independent_rms/resnet/seed_101/bandpass_n20002_cRA_V1_independent_rms_s5.npz,76331,e7508816dd6a2b023fafe5bf6975de828353de192cfc431e97038f05e60c82ba
resnet,independent_rms,101,bandpass_n20002_cRA_V1_independent_rms_s0,phase2/results/predictions/full/independent_rms/resnet/seed_101/bandpass_n20002_cRA_V1_independent_rms_s0.npz,75999,e84b48281a7c66a3fcad18805794da1a729689507c4893fe5c0fb429a7133609
resnet,independent_rms,101,bandpass_n20002_cRA_V1_electrode_s20,phase2/results/predictions/full/independent_rms/resnet/seed_101/bandpass_n20002_cRA_V1_electrode_s20.npz,76520,1b58a71ec8fc25179afac138eab68f80eef4b8bc1f6dc4ce79e73e46da1b60fc
resnet,independent_rms,101,bandpass_n20002_cRA_V1_electrode_s15,phase2/results/predictions/full/independent_rms/resnet/seed_101/bandpass_n20002_cRA_V1_electrode_s15.npz,76450,fb48806261f75f78c82145f9b86742f31fdadf5468226bb0d598d0d4aae07c3b
resnet,independent_rms,101,bandpass_n20002_cRA_V1_electrode_s10,phase2/results/predictions/full/independent_rms/resnet/seed_101/bandpass_n20002_cRA_V1_electrode_s10.npz,76365,208d3895c9e282b66aaad5d25e5f6e44239e894180ddeacfc9ba2829e150cf79
resnet,independent_rms,101,bandpass_n20002_cRA_V1_electrode_s5,phase2/results/predictions/full/independent_rms/resnet/seed_101/bandpass_n20002_cRA_V1_electrode_s5.npz,76180,c5e0993523461bcf917da93b7e8f448263153cf6a26a12c0770ea65b9079f79b
resnet,independent_rms,101,bandpass_n20002_cRA_V1_electrode_s0,phase2/results/predictions/full/independent_rms/resnet/seed_101/bandpass_n20002_cRA_V1_electrode_s0.npz,75757,6db94c2230293e13afbc9db7e6087cfd5d05f949bc1ff664a07660af8887f078
resnet,independent_rms,101,bandpass_n20002_cRA_V1_covariance_s20,phase2/results/predictions/full/independent_rms/resnet/seed_101/bandpass_n20002_cRA_V1_covariance_s20.npz,76507,216fc1d75b5d723bb14eccd92924b3ab8575d676bf1cb28d668612e7bb9f94f9
resnet,independent_rms,101,bandpass_n20002_cRA_V1_covariance_s15,phase2/results/predictions/full/independent_rms/resnet/seed_101/bandpass_n20002_cRA_V1_covariance_s15.npz,76507,38000c4eeb8def1a4ec6ef5346460b5151577876c1648779f382bfe1e7c98e13
resnet,independent_rms,101,bandpass_n20002_cRA_V1_covariance_s10,phase2/results/predictions/full/independent_rms/resnet/seed_101/bandpass_n20002_cRA_V1_covariance_s10.npz,76382,0325e9df9b36335a4178d4a4f46002647dd365b284a33f32dc124d297cf6b326
resnet,independent_rms,101,bandpass_n20002_cRA_V1_covariance_s5,phase2/results/predictions/full/independent_rms/resnet/seed_101/bandpass_n20002_cRA_V1_covariance_s5.npz,76181,731350d70995134a20478c8086fc5a3a1164b311c2eebfbdcec3a57889e5752e
resnet,independent_rms,101,bandpass_n20002_cRA_V1_covariance_s0,phase2/results/predictions/full/independent_rms/resnet/seed_101/bandpass_n20002_cRA_V1_covariance_s0.npz,75785,3d186bf6f75d1e301c50ca790e6489529e57e3faaf5fc98044640ff8d50aad82
resnet,independent_rms,101,bandpass_n20002_cLA_V6_independent_rms_s20,phase2/results/predictions/full/independent_rms/resnet/seed_101/bandpass_n20002_cLA_V6_independent_rms_s20.npz,76478,f521bb0c2025db7efc59b41ce8c776d89f0d44ef7d41dd50172f77d0afdb03dc
resnet,independent_rms,101,bandpass_n20002_cLA_V6_independent_rms_s15,phase2/results/predictions/full/independent_rms/resnet/seed_101/bandpass_n20002_cLA_V6_independent_rms_s15.npz,76528,53b805bbe997b339ae1dda4322736c53cd8b0a0801ebbc63eed6784c497455b2
resnet,independent_rms,101,bandpass_n20002_cLA_V6_independent_rms_s10,phase2/results/predictions/full/independent_rms/resnet/seed_101/bandpass_n20002_cLA_V6_independent_rms_s10.npz,76479,3acc49d6c4b8d932314a221ec83f95d801f800f02896a5d1cba65b3d226e6b82
resnet,independent_rms,101,bandpass_n20002_cLA_V6_independent_rms_s5,phase2/results/predictions/full/independent_rms/resnet/seed_101/bandpass_n20002_cLA_V6_independent_rms_s5.npz,76360,5c9af5f888096513c6ae07edb77872e4539e884c794a4752dac93aac2a83a3d1
resnet,independent_rms,101,bandpass_n20002_cLA_V6_independent_rms_s0,phase2/results/predictions/full/independent_rms/resnet/seed_101/bandpass_n20002_cLA_V6_independent_rms_s0.npz,76008,8cd5da392acf0585ca63a190474b9c078df39f4b44d6a9dd2e14575a8de6b952
resnet,independent_rms,101,bandpass_n20002_cLA_V6_electrode_s20,phase2/results/predictions/full/independent_rms/resnet/seed_101/bandpass_n20002_cLA_V6_electrode_s20.npz,76519,afcea9c4406be225fd869a0c8892df2396a21f6b34237fafcf8a5008c2ce44f6
resnet,independent_rms,101,bandpass_n20002_cLA_V6_electrode_s15,phase2/results/predictions/full/independent_rms/resnet/seed_101/bandpass_n20002_cLA_V6_electrode_s15.npz,76499,331ed363f34811594b5af815c97194a836ed1f77822c5ea62e6610ee77d5bda3
resnet,independent_rms,101,bandpass_n20002_cLA_V6_electrode_s10,phase2/results/predictions/full/independent_rms/resnet/seed_101/bandpass_n20002_cLA_V6_electrode_s10.npz,76422,0ff9ecfeb06dcf862e5c85cd6b4dbcaa63341689db167ebefae0536da1b9d9bb
resnet,independent_rms,101,bandpass_n20002_cLA_V6_electrode_s5,phase2/results/predictions/full/independent_rms/resnet/seed_101/bandpass_n20002_cLA_V6_electrode_s5.npz,76229,0c9c332fc8138aec61ca2bdfb7afaa82a41b749848f78bbf7de6d1b597ad125a
resnet,independent_rms,101,bandpass_n20002_cLA_V6_electrode_s0,phase2/results/predictions/full/independent_rms/resnet/seed_101/bandpass_n20002_cLA_V6_electrode_s0.npz,75892,6a7d3c493e780768c76ed83af732814cd3948f1d6046c583609a5e19d18b31d8
resnet,independent_rms,101,bandpass_n20002_cLA_V6_covariance_s20,phase2/results/predictions/full/independent_rms/resnet/seed_101/bandpass_n20002_cLA_V6_covariance_s20.npz,76509,b881a64e3e84868199a3f4a0b71774c55b9a9c715aba92bca6bc2ae721e4f5fe
resnet,independent_rms,101,bandpass_n20002_cLA_V6_covariance_s15,phase2/results/predictions/full/independent_rms/resnet/seed_101/bandpass_n20002_cLA_V6_covariance_s15.npz,76502,60881e38749055f7ef2d710bf42e086eaf1dd5cea23cec65db9b50995ad1cf76
resnet,independent_rms,101,bandpass_n20002_cLA_V6_covariance_s10,phase2/results/predictions/full/independent_rms/resnet/seed_101/bandpass_n20002_cLA_V6_covariance_s10.npz,76438,7a9aa1405aa82816d4745aadebed2c98671d8ab032aaa74eab796f1ac406392f
resnet,independent_rms,101,bandpass_n20002_cLA_V6_covariance_s5,phase2/results/predictions/full/independent_rms/resnet/seed_101/bandpass_n20002_cLA_V6_covariance_s5.npz,76264,ffc635a5eae0050ac2ea7e69f2721ac2c9309759766da6a8b23124e5bc39113b
resnet,independent_rms,101,bandpass_n20002_cLA_V6_covariance_s0,phase2/results/predictions/full/independent_rms/resnet/seed_101/bandpass_n20002_cLA_V6_covariance_s0.npz,75914,02c60a4ecb80801e68618cb306a09c9184beaf09466935b9f47bed4132e5889a
resnet,independent_rms,101,bandpass_n20002_cLL_V4_independent_rms_s20,phase2/results/predictions/full/independent_rms/resnet/seed_101/bandpass_n20002_cLL_V4_independent_rms_s20.npz,76509,a64bfb1443632811bf23324ffe477105bebae90a37fb951fca46bcf52de68457
resnet,independent_rms,101,bandpass_n20002_cLL_V4_independent_rms_s15,phase2/results/predictions/full/independent_rms/resnet/seed_101/bandpass_n20002_cLL_V4_independent_rms_s15.npz,76491,8e1064fe61f122794cdd3d4d2d2f6d9fbdc3afc38ce7d3236f0a8d5611fe2339
resnet,independent_rms,101,bandpass_n20002_cLL_V4_independent_rms_s10,phase2/results/predictions/full/independent_rms/resnet/seed_101/bandpass_n20002_cLL_V4_independent_rms_s10.npz,76462,fd73e05d591e35f6350d12740b77c2a6265583041eecd829eae183a8bc1c7fcd
resnet,independent_rms,101,bandpass_n20002_cLL_V4_independent_rms_s5,phase2/results/predictions/full/independent_rms/resnet/seed_101/bandpass_n20002_cLL_V4_independent_rms_s5.npz,76316,267bb22e171311592b0190200caa1a2193da6d9f044721397f16f1cd1c382299
resnet,independent_rms,101,bandpass_n20002_cLL_V4_independent_rms_s0,phase2/results/predictions/full/independent_rms/resnet/seed_101/bandpass_n20002_cLL_V4_independent_rms_s0.npz,75984,fe1c6c9b93cf8b58f7ba5a0c8e59c20b5f95b98d9658f360868d0b6e568eab5c
resnet,independent_rms,101,bandpass_n20002_cLL_V4_electrode_s20,phase2/results/predictions/full/independent_rms/resnet/seed_101/bandpass_n20002_cLL_V4_electrode_s20.npz,76456,5dab0ba201a69a25c754e91b218389e70175c4972273896e407ed249569f9565
resnet,independent_rms,101,bandpass_n20002_cLL_V4_electrode_s15,phase2/results/predictions/full/independent_rms/resnet/seed_101/bandpass_n20002_cLL_V4_electrode_s15.npz,76466,4e305f9b867f8f9d763bcb7a9886b77f807854e6ba7dd45547e05920dcddb2bb
resnet,independent_rms,101,bandpass_n20002_cLL_V4_electrode_s10,phase2/results/predictions/full/independent_rms/resnet/seed_101/bandpass_n20002_cLL_V4_electrode_s10.npz,76389,ef7f721b774d84c116088caa9b603a84e9effbf4482a4285614658dc01384a2e
resnet,independent_rms,101,bandpass_n20002_cLL_V4_electrode_s5,phase2/results/predictions/full/independent_rms/resnet/seed_101/bandpass_n20002_cLL_V4_electrode_s5.npz,76140,7bdba9d825e262af400fb664b147fb5f43093954b0427a50840c4d2e0a4a1476
resnet,independent_rms,101,bandpass_n20002_cLL_V4_electrode_s0,phase2/results/predictions/full/independent_rms/resnet/seed_101/bandpass_n20002_cLL_V4_electrode_s0.npz,75657,db99b4cacbb6ecc1c679b656d6c5f97a09bb8c3b3d540777cf3e87122b36977c
resnet,independent_rms,101,bandpass_n20002_cLL_V4_covariance_s20,phase2/results/predictions/full/independent_rms/resnet/seed_101/bandpass_n20002_cLL_V4_covariance_s20.npz,76512,6f3b095146d2b1d3328878f6301426e87cc69b80936e1dfabb82610a32d92769
resnet,independent_rms,101,bandpass_n20002_cLL_V4_covariance_s15,phase2/results/predictions/full/independent_rms/resnet/seed_101/bandpass_n20002_cLL_V4_covariance_s15.npz,76464,c9465c63c119350aba525604be158023b95ac1ec6723423da35cc624bd27bc39
resnet,independent_rms,101,bandpass_n20002_cLL_V4_covariance_s10,phase2/results/predictions/full/independent_rms/resnet/seed_101/bandpass_n20002_cLL_V4_covariance_s10.npz,76393,0262409cf8763934c5a67f20ad408cf982d3a3491452b06ae4533da7761d8a4a
resnet,independent_rms,101,bandpass_n20002_cLL_V4_covariance_s5,phase2/results/predictions/full/independent_rms/resnet/seed_101/bandpass_n20002_cLL_V4_covariance_s5.npz,76138,0c3b090ce9fa76348f33f76a7aa53ce29185f907e3fad55f2d5bad2beb25b7d4
resnet,independent_rms,101,bandpass_n20002_cLL_V4_covariance_s0,phase2/results/predictions/full/independent_rms/resnet/seed_101/bandpass_n20002_cLL_V4_covariance_s0.npz,75660,18814c965183dca19844b1df2dee213c38ed3ecd31969d23fb85f12a5851c57b
resnet,independent_rms,101,bandpass_n20002_cRA_LA_V1_V6_independent_rms_s20,phase2/results/predictions/full/independent_rms/resnet/seed_101/bandpass_n20002_cRA_LA_V1_V6_independent_rms_s20.npz,76521,8faa7460f8486ed8230b07263082759df75fbb80152ee712c470445e68b32b9d
resnet,independent_rms,101,bandpass_n20002_cRA_LA_V1_V6_independent_rms_s15,phase2/results/predictions/full/independent_rms/resnet/seed_101/bandpass_n20002_cRA_LA_V1_V6_independent_rms_s15.npz,76527,d072ec54399a81d25f46a702cd7dce168fe67fff002e6969d9b8633137f2ef2c
resnet,independent_rms,101,bandpass_n20002_cRA_LA_V1_V6_independent_rms_s10,phase2/results/predictions/full/independent_rms/resnet/seed_101/bandpass_n20002_cRA_LA_V1_V6_independent_rms_s10.npz,76500,4a6529cf3de0dcb01d3f85f6886679fb195aebcd3650e3dfb284993c8551ebab
resnet,independent_rms,101,bandpass_n20002_cRA_LA_V1_V6_independent_rms_s5,phase2/results/predictions/full/independent_rms/resnet/seed_101/bandpass_n20002_cRA_LA_V1_V6_independent_rms_s5.npz,76335,98ad2ad2509c9edaecfa1466f11e77617a112efb026098b209325f37e7e4979e
resnet,independent_rms,101,bandpass_n20002_cRA_LA_V1_V6_independent_rms_s0,phase2/results/predictions/full/independent_rms/resnet/seed_101/bandpass_n20002_cRA_LA_V1_V6_independent_rms_s0.npz,76017,947196fd631102d6163e3b3447fde13bf47e297d5687f892df293eb057963510
resnet,independent_rms,101,bandpass_n20002_cRA_LA_V1_V6_electrode_s20,phase2/results/predictions/full/independent_rms/resnet/seed_101/bandpass_n20002_cRA_LA_V1_V6_electrode_s20.npz,76497,2523bc2dbcbd5109d9bcc0872b9a02af1f596f28783ee8f8ec6eeb79d2d5cce8
resnet,independent_rms,101,bandpass_n20002_cRA_LA_V1_V6_electrode_s15,phase2/results/predictions/full/independent_rms/resnet/seed_101/bandpass_n20002_cRA_LA_V1_V6_electrode_s15.npz,76462,e21f7d78717197c93be2ffb4ef34b33c7fa97c56cb8bca07d5685c63de166c49
resnet,independent_rms,101,bandpass_n20002_cRA_LA_V1_V6_electrode_s10,phase2/results/predictions/full/independent_rms/resnet/seed_101/bandpass_n20002_cRA_LA_V1_V6_electrode_s10.npz,76415,b13dc94f1917f5b1dfea8ae1be9015e7343db6511075f235d29495c718897986
resnet,independent_rms,101,bandpass_n20002_cRA_LA_V1_V6_electrode_s5,phase2/results/predictions/full/independent_rms/resnet/seed_101/bandpass_n20002_cRA_LA_V1_V6_electrode_s5.npz,76238,b0306af6879911efc3f897fed002decfa99327dea799cb56ce71a0446f8cdf9a
resnet,independent_rms,101,bandpass_n20002_cRA_LA_V1_V6_electrode_s0,phase2/results/predictions/full/independent_rms/resnet/seed_101/bandpass_n20002_cRA_LA_V1_V6_electrode_s0.npz,75863,b16da95cc0a7d62ee352616009827942eeb3123f2c9c5915fb9419dba1b51262
resnet,independent_rms,101,bandpass_n20002_cRA_LA_V1_V6_covariance_s20,phase2/results/predictions/full/independent_rms/resnet/seed_101/bandpass_n20002_cRA_LA_V1_V6_covariance_s20.npz,76509,6fbda59e029cd1f8f78d556ad0973adabd34abcd66d3bcf2d20d013de8594de8
resnet,independent_rms,101,bandpass_n20002_cRA_LA_V1_V6_covariance_s15,phase2/results/predictions/full/independent_rms/resnet/seed_101/bandpass_n20002_cRA_LA_V1_V6_covariance_s15.npz,76510,0165391de07fdfbe7e01aeca70cb8ebbd6140f0892d05566f7a5d3d82a1bdf29
resnet,independent_rms,101,bandpass_n20002_cRA_LA_V1_V6_covariance_s10,phase2/results/predictions/full/independent_rms/resnet/seed_101/bandpass_n20002_cRA_LA_V1_V6_covariance_s10.npz,76401,9169f53ad55513daf5dbd4c818802d072ee052a3e724fd25695a992c97b1b17e
resnet,independent_rms,101,bandpass_n20002_cRA_LA_V1_V6_covariance_s5,phase2/results/predictions/full/independent_rms/resnet/seed_101/bandpass_n20002_cRA_LA_V1_V6_covariance_s5.npz,76217,1505027795b648b6273d02f6c20f5515ebe92c6acbfa359e25b55525d59550f3
resnet,independent_rms,101,bandpass_n20002_cRA_LA_V1_V6_covariance_s0,phase2/results/predictions/full/independent_rms/resnet/seed_101/bandpass_n20002_cRA_LA_V1_V6_covariance_s0.npz,75876,8a68a8a879b847f2e3b8f57f209e3702b32027fd2a08a3bdf6132bcae9b38fc7
resnet,independent_rms,101,bandpass_n20002_cRA_V2_V5_independent_rms_s20,phase2/results/predictions/full/independent_rms/resnet/seed_101/bandpass_n20002_cRA_V2_V5_independent_rms_s20.npz,76527,f88db45e062282d85b08e84e90d929a8a946858adb3b4a451a1f41535230e96e
resnet,independent_rms,101,bandpass_n20002_cRA_V2_V5_independent_rms_s15,phase2/results/predictions/full/independent_rms/resnet/seed_101/bandpass_n20002_cRA_V2_V5_independent_rms_s15.npz,76509,32ff8c13dfde7b047a43e68c4a914ca6002d4f4a389b40e826be73095e331149
resnet,independent_rms,101,bandpass_n20002_cRA_V2_V5_independent_rms_s10,phase2/results/predictions/full/independent_rms/resnet/seed_101/bandpass_n20002_cRA_V2_V5_independent_rms_s10.npz,76483,4e134a16a86633742d0237aa3b17c456feb8113a39ee1a05efd6228fdabbf813
resnet,independent_rms,101,bandpass_n20002_cRA_V2_V5_independent_rms_s5,phase2/results/predictions/full/independent_rms/resnet/seed_101/bandpass_n20002_cRA_V2_V5_independent_rms_s5.npz,76331,19b7581a2a982f7ecc35be71aa48791398573946db2a520fe6aca976315ae889
resnet,independent_rms,101,bandpass_n20002_cRA_V2_V5_independent_rms_s0,phase2/results/predictions/full/independent_rms/resnet/seed_101/bandpass_n20002_cRA_V2_V5_independent_rms_s0.npz,76045,ca0548b6d2841eb6b61eca87360b9bda492d2951ed6a81fc1c05a7b51f77b18a
resnet,independent_rms,101,bandpass_n20002_cRA_V2_V5_electrode_s20,phase2/results/predictions/full/independent_rms/resnet/seed_101/bandpass_n20002_cRA_V2_V5_electrode_s20.npz,76513,d0a71098c3b35af14bcde4eb9d053e89fba1483b943e10e3eac6e724b3deabd5
resnet,independent_rms,101,bandpass_n20002_cRA_V2_V5_electrode_s15,phase2/results/predictions/full/independent_rms/resnet/seed_101/bandpass_n20002_cRA_V2_V5_electrode_s15.npz,76432,73f54bcccdd28b860ee3b28d8d0a6eb44a3ec24bbf1518e39d25af0bcbc30d85
resnet,independent_rms,101,bandpass_n20002_cRA_V2_V5_electrode_s10,phase2/results/predictions/full/independent_rms/resnet/seed_101/bandpass_n20002_cRA_V2_V5_electrode_s10.npz,76383,1da559fb448e2a862fe270b9fb20669cc81eaa3f672800f10c9b21c219ca575c
resnet,independent_rms,101,bandpass_n20002_cRA_V2_V5_electrode_s5,phase2/results/predictions/full/independent_rms/resnet/seed_101/bandpass_n20002_cRA_V2_V5_electrode_s5.npz,76229,aff211fd5996b225f080ac2ae53c08ff6341e24a20b1a8e1d6fd2ec15c67457a
resnet,independent_rms,101,bandpass_n20002_cRA_V2_V5_electrode_s0,phase2/results/predictions/full/independent_rms/resnet/seed_101/bandpass_n20002_cRA_V2_V5_electrode_s0.npz,75874,715116d4ea2330b07b24b4e60e17b89795dc116bca3190eb590f54d33e9e2821
resnet,independent_rms,101,bandpass_n20002_cRA_V2_V5_covariance_s20,phase2/results/predictions/full/independent_rms/resnet/seed_101/bandpass_n20002_cRA_V2_V5_covariance_s20.npz,76490,c887c52f48d4982c117308be4f54f8dd757749fe4d1f32e6b3191ab35bfe3db9
resnet,independent_rms,101,bandpass_n20002_cRA_V2_V5_covariance_s15,phase2/results/predictions/full/independent_rms/resnet/seed_101/bandpass_n20002_cRA_V2_V5_covariance_s15.npz,76499,6ab50f57e044f52a82a7a29c4d7a5126c1d34b9c4fade5bf37bb56bb78ef082c
resnet,independent_rms,101,bandpass_n20002_cRA_V2_V5_covariance_s10,phase2/results/predictions/full/independent_rms/resnet/seed_101/bandpass_n20002_cRA_V2_V5_covariance_s10.npz,76410,8c26aa7cd542ff84d712e9ef34439a4638624e9aa098dd461f5bafcc175880da
resnet,independent_rms,101,bandpass_n20002_cRA_V2_V5_covariance_s5,phase2/results/predictions/full/independent_rms/resnet/seed_101/bandpass_n20002_cRA_V2_V5_covariance_s5.npz,76260,6b29e1fe7817d17dd9502624d1c25b4a7d4a52aa831c3abac1438b3cfab9e983
resnet,independent_rms,101,bandpass_n20002_cRA_V2_V5_covariance_s0,phase2/results/predictions/full/independent_rms/resnet/seed_101/bandpass_n20002_cRA_V2_V5_covariance_s0.npz,75898,159c0293a6953d46870503be92cfe2d015e656057d5582055718630c5cdbf9a6
resnet,independent_rms,101,bandpass_n20002_cLA_V3_V6_independent_rms_s20,phase2/results/predictions/full/independent_rms/resnet/seed_101/bandpass_n20002_cLA_V3_V6_independent_rms_s20.npz,76517,6a97d101501cdb5d23cb36e3f9cce2c14f344a1430d2b10378723ead488d38dc
resnet,independent_rms,101,bandpass_n20002_cLA_V3_V6_independent_rms_s15,phase2/results/predictions/full/independent_rms/resnet/seed_101/bandpass_n20002_cLA_V3_V6_independent_rms_s15.npz,76508,763016885d4f138b76e563da1c53dc46f0d851511e7707edf12646b3a3205fbd
resnet,independent_rms,101,bandpass_n20002_cLA_V3_V6_independent_rms_s10,phase2/results/predictions/full/independent_rms/resnet/seed_101/bandpass_n20002_cLA_V3_V6_independent_rms_s10.npz,76471,47160b28fae6443347d5baddf574b73189072833e62594c4f07b6a899ba29cbd
resnet,independent_rms,101,bandpass_n20002_cLA_V3_V6_independent_rms_s5,phase2/results/predictions/full/independent_rms/resnet/seed_101/bandpass_n20002_cLA_V3_V6_independent_rms_s5.npz,76372,04d8fca4c9bd43ddaa05efa294f19755189f0d656b6ab6a00e2c6fa15be49704
resnet,independent_rms,101,bandpass_n20002_cLA_V3_V6_independent_rms_s0,phase2/results/predictions/full/independent_rms/resnet/seed_101/bandpass_n20002_cLA_V3_V6_independent_rms_s0.npz,76012,02104851dc1baa6c819f1d74a872d427255e8a4e89caf3562c1b3c80fe3cf3bb
resnet,independent_rms,101,bandpass_n20002_cLA_V3_V6_electrode_s20,phase2/results/predictions/full/independent_rms/resnet/seed_101/bandpass_n20002_cLA_V3_V6_electrode_s20.npz,76522,7d52b9981c19d7ff1ee1dcbbe2048d213fda5411df7e54384219915818d06265
resnet,independent_rms,101,bandpass_n20002_cLA_V3_V6_electrode_s15,phase2/results/predictions/full/independent_rms/resnet/seed_101/bandpass_n20002_cLA_V3_V6_electrode_s15.npz,76464,189e89ba08ab3eb215cc54bded111a025ddb27d4684244dc9f99bcd7e275aca9
resnet,independent_rms,101,bandpass_n20002_cLA_V3_V6_electrode_s10,phase2/results/predictions/full/independent_rms/resnet/seed_101/bandpass_n20002_cLA_V3_V6_electrode_s10.npz,76408,918dc475d967ea606781376f6035a922b55db1cc9279135a8705cd258b688936
resnet,independent_rms,101,bandpass_n20002_cLA_V3_V6_electrode_s5,phase2/results/predictions/full/independent_rms/resnet/seed_101/bandpass_n20002_cLA_V3_V6_electrode_s5.npz,76275,f7b232ea74670f5285dbe14bd2b125e3ed4606fc445df4ffc5142a9034848a1d
resnet,independent_rms,101,bandpass_n20002_cLA_V3_V6_electrode_s0,phase2/results/predictions/full/independent_rms/resnet/seed_101/bandpass_n20002_cLA_V3_V6_electrode_s0.npz,75937,91567f152ab4f6afba6a938a056a73cc4fa4f7a1008caff522a4180372fb12d6
resnet,independent_rms,101,bandpass_n20002_cLA_V3_V6_covariance_s20,phase2/results/predictions/full/independent_rms/resnet/seed_101/bandpass_n20002_cLA_V3_V6_covariance_s20.npz,76536,72c8b831eb9fcb4d951529e794ed3ad8337fd0f3d4888d40eb15c8d907d4c4bb
resnet,independent_rms,101,bandpass_n20002_cLA_V3_V6_covariance_s15,phase2/results/predictions/full/independent_rms/resnet/seed_101/bandpass_n20002_cLA_V3_V6_covariance_s15.npz,76464,f13deb6f0574978e795b0d6e3ad63f090aa3237d123cc0bc59180e777c0d4254
resnet,independent_rms,101,bandpass_n20002_cLA_V3_V6_covariance_s10,phase2/results/predictions/full/independent_rms/resnet/seed_101/bandpass_n20002_cLA_V3_V6_covariance_s10.npz,76426,c0386b132a34c5f11184c0fac2e0956b76635e19120427155a77410f6d58100d
resnet,independent_rms,101,bandpass_n20002_cLA_V3_V6_covariance_s5,phase2/results/predictions/full/independent_rms/resnet/seed_101/bandpass_n20002_cLA_V3_V6_covariance_s5.npz,76270,e69141d70973a9d1a40fae748b76b42e509c28e931796d3370d202c1c8b49155
resnet,independent_rms,101,bandpass_n20002_cLA_V3_V6_covariance_s0,phase2/results/predictions/full/independent_rms/resnet/seed_101/bandpass_n20002_cLA_V3_V6_covariance_s0.npz,75953,e7cfef8e9a1c910c821a1447e3534eeee6d0897d9b96729d53c1984847cba4fc
resnet,independent_rms,101,bandpass_n20002_cLL_V1_V4_independent_rms_s20,phase2/results/predictions/full/independent_rms/resnet/seed_101/bandpass_n20002_cLL_V1_V4_independent_rms_s20.npz,76503,37d8f38136fe32dd6096a0c5a0d4a5b426808b760398eeb4b3d30161a558761c
resnet,independent_rms,101,bandpass_n20002_cLL_V1_V4_independent_rms_s15,phase2/results/predictions/full/independent_rms/resnet/seed_101/bandpass_n20002_cLL_V1_V4_independent_rms_s15.npz,76524,08f4fa59728d7149ebaab10df156c72421e28ea5b230f7b59efbd5cdd33cf336
resnet,independent_rms,101,bandpass_n20002_cLL_V1_V4_independent_rms_s10,phase2/results/predictions/full/independent_rms/resnet/seed_101/bandpass_n20002_cLL_V1_V4_independent_rms_s10.npz,76457,31fd0fa000ace347c0ef0d57176c884136943da7f6beb07c66a01d16333c9447
resnet,independent_rms,101,bandpass_n20002_cLL_V1_V4_independent_rms_s5,phase2/results/predictions/full/independent_rms/resnet/seed_101/bandpass_n20002_cLL_V1_V4_independent_rms_s5.npz,76315,3f77837bef2b4cda143a78e97dcf2bc22228e97293ebb20e7d40aba390cece49
resnet,independent_rms,101,bandpass_n20002_cLL_V1_V4_independent_rms_s0,phase2/results/predictions/full/independent_rms/resnet/seed_101/bandpass_n20002_cLL_V1_V4_independent_rms_s0.npz,75951,9cf3eb79850fe94ff071a4b0f009fe90586c2b250a2fe3d6218fb401c28146a7
resnet,independent_rms,101,bandpass_n20002_cLL_V1_V4_electrode_s20,phase2/results/predictions/full/independent_rms/resnet/seed_101/bandpass_n20002_cLL_V1_V4_electrode_s20.npz,76434,ae4c45de90e9e1ecd0307076ecfff952134ff26cf8d04cbb5fd5204b819b9883
resnet,independent_rms,101,bandpass_n20002_cLL_V1_V4_electrode_s15,phase2/results/predictions/full/independent_rms/resnet/seed_101/bandpass_n20002_cLL_V1_V4_electrode_s15.npz,76477,191c14284813879517aa81103f34716b54356680144182dc1a10c645f59b7738
resnet,independent_rms,101,bandpass_n20002_cLL_V1_V4_electrode_s10,phase2/results/predictions/full/independent_rms/resnet/seed_101/bandpass_n20002_cLL_V1_V4_electrode_s10.npz,76397,90c9e2075c036be15eecdab98064561c200e62b395c777b24df3529dab4cac4d
resnet,independent_rms,101,bandpass_n20002_cLL_V1_V4_electrode_s5,phase2/results/predictions/full/independent_rms/resnet/seed_101/bandpass_n20002_cLL_V1_V4_electrode_s5.npz,76151,8377f8825f70613b958d7a56d9906e09566b14f3aa19f9a9414cbdc169525a03
resnet,independent_rms,101,bandpass_n20002_cLL_V1_V4_electrode_s0,phase2/results/predictions/full/independent_rms/resnet/seed_101/bandpass_n20002_cLL_V1_V4_electrode_s0.npz,75666,27231c9223f3302902b83037f587dc9e7f5dc62a76e228c8dfd3eaa0f3f85662
resnet,independent_rms,101,bandpass_n20002_cLL_V1_V4_covariance_s20,phase2/results/predictions/full/independent_rms/resnet/seed_101/bandpass_n20002_cLL_V1_V4_covariance_s20.npz,76515,f8638a9dd4d5915d98da4ea72c2cdacdf3686ab9a16f86f76a72c37cb9f5ebb5
resnet,independent_rms,101,bandpass_n20002_cLL_V1_V4_covariance_s15,phase2/results/predictions/full/independent_rms/resnet/seed_101/bandpass_n20002_cLL_V1_V4_covariance_s15.npz,76470,32d3e4f602282166da0fbe79af4bbb076a9a98a9f63b3ce542b8058b50952ec1
resnet,independent_rms,101,bandpass_n20002_cLL_V1_V4_covariance_s10,phase2/results/predictions/full/independent_rms/resnet/seed_101/bandpass_n20002_cLL_V1_V4_covariance_s10.npz,76376,eb59433951f5ed95b7f13eb9aa89b9ef8701aa0b9f979b92b6021d830de4789d
resnet,independent_rms,101,bandpass_n20002_cLL_V1_V4_covariance_s5,phase2/results/predictions/full/independent_rms/resnet/seed_101/bandpass_n20002_cLL_V1_V4_covariance_s5.npz,76168,bb697e5f6273911f2176fe9a72849e90363c96615b1265e42d7754bc5fea71f8
resnet,independent_rms,101,bandpass_n20002_cLL_V1_V4_covariance_s0,phase2/results/predictions/full/independent_rms/resnet/seed_101/bandpass_n20002_cLL_V1_V4_covariance_s0.npz,75672,534bdf45c253bb9f496e1b81e016a1b23e5a6cac6c90a90b3952462fff570a17
resnet,independent_rms,101,bandpass_n20002_call_independent_rms_s20,phase2/results/predictions/full/independent_rms/resnet/seed_101/bandpass_n20002_call_independent_rms_s20.npz,76474,2e6cdee123ae69ae9fcd31d0e671ede0a1556579ec36c2cf3f059e346609499b
resnet,independent_rms,101,bandpass_n20002_call_independent_rms_s15,phase2/results/predictions/full/independent_rms/resnet/seed_101/bandpass_n20002_call_independent_rms_s15.npz,76476,e1d1b7b35a5ce0330e12496fe94b3a7bee0c2fad441b20f7400a89ff3fe18d41
resnet,independent_rms,101,bandpass_n20002_call_independent_rms_s10,phase2/results/predictions/full/independent_rms/resnet/seed_101/bandpass_n20002_call_independent_rms_s10.npz,76460,230ee397d0a071f7ccad92f77fb8eb23a87acd3e8eda55d257f767c9d07b825f
resnet,independent_rms,101,bandpass_n20002_call_independent_rms_s5,phase2/results/predictions/full/independent_rms/resnet/seed_101/bandpass_n20002_call_independent_rms_s5.npz,76313,92cad5559ecde60abc90c0f45b6b7d441c4fb26b0f782fd36ad61104edbcd17a
resnet,independent_rms,101,bandpass_n20002_call_independent_rms_s0,phase2/results/predictions/full/independent_rms/resnet/seed_101/bandpass_n20002_call_independent_rms_s0.npz,75974,560a8170c06516303eecd986d79c4bf604a278608d164ee5e737c9be1ca6c12d
resnet,independent_rms,101,bandpass_n20002_call_electrode_s20,phase2/results/predictions/full/independent_rms/resnet/seed_101/bandpass_n20002_call_electrode_s20.npz,76445,c21983f6a5a172faefd29ce258773d3eaefb40205e2024caa40981bffaac6e15
resnet,independent_rms,101,bandpass_n20002_call_electrode_s15,phase2/results/predictions/full/independent_rms/resnet/seed_101/bandpass_n20002_call_electrode_s15.npz,76419,8c42d374d9863f137e494868590fb9ad36cf9d6bfe4e995a76b8021e84c2de48
resnet,independent_rms,101,bandpass_n20002_call_electrode_s10,phase2/results/predictions/full/independent_rms/resnet/seed_101/bandpass_n20002_call_electrode_s10.npz,76402,59900ec7956a00e9da1c4917fa810951c4980704f3319407ef88bf4fd890ea5d
resnet,independent_rms,101,bandpass_n20002_call_electrode_s5,phase2/results/predictions/full/independent_rms/resnet/seed_101/bandpass_n20002_call_electrode_s5.npz,76174,2412827782c0a0f569ef4abf437b0ebbbc8ffcd775064575980ba095cd1d4852
resnet,independent_rms,101,bandpass_n20002_call_electrode_s0,phase2/results/predictions/full/independent_rms/resnet/seed_101/bandpass_n20002_call_electrode_s0.npz,75713,1b2bbe3dd851494c61f194707bf6c83d0ca1f76da2c0a4f03dc90b1f0fa53dc9
resnet,independent_rms,101,bandpass_n20002_call_covariance_s20,phase2/results/predictions/full/independent_rms/resnet/seed_101/bandpass_n20002_call_covariance_s20.npz,76453,fca4252587bd7b208b3fe3ee8cd654fe06b4f03f5691318d264ee0de10c55b4a
resnet,independent_rms,101,bandpass_n20002_call_covariance_s15,phase2/results/predictions/full/independent_rms/resnet/seed_101/bandpass_n20002_call_covariance_s15.npz,76465,6027df1a0fdd7deedfb5f13197261bbf495ef3cb53c895f7c0d79ad63a39dfbe
resnet,independent_rms,101,bandpass_n20002_call_covariance_s10,phase2/results/predictions/full/independent_rms/resnet/seed_101/bandpass_n20002_call_covariance_s10.npz,76405,5068de7d0d6025571e995bc7c05403eec75b38c4ae4b20a6e9eb6177073b3699
resnet,independent_rms,101,bandpass_n20002_call_covariance_s5,phase2/results/predictions/full/independent_rms/resnet/seed_101/bandpass_n20002_call_covariance_s5.npz,76187,8f094ce613347b41c32c3212bac92cb3711bf5aa92a90794861b5cd92d7684cf
resnet,independent_rms,101,bandpass_n20002_call_covariance_s0,phase2/results/predictions/full/independent_rms/resnet/seed_101/bandpass_n20002_call_covariance_s0.npz,75733,294b1a1d710604089c3f4074c5a60e4f848e59aeadf4073675067e84c47b83f8
resnet,independent_rms,101,bandpass_n20003_cRA_LA_LL_independent_rms_s20,phase2/results/predictions/full/independent_rms/resnet/seed_101/bandpass_n20003_cRA_LA_LL_independent_rms_s20.npz,76484,08976c727711149e752064102837de4201d6f0808c652a4155fd3aee59d7d1f2
resnet,independent_rms,101,bandpass_n20003_cRA_LA_LL_independent_rms_s15,phase2/results/predictions/full/independent_rms/resnet/seed_101/bandpass_n20003_cRA_LA_LL_independent_rms_s15.npz,76500,ca758a18a04943baafe9b34ab60a184e01d91045209b6b16393d146e8d98ae77
resnet,independent_rms,101,bandpass_n20003_cRA_LA_LL_independent_rms_s10,phase2/results/predictions/full/independent_rms/resnet/seed_101/bandpass_n20003_cRA_LA_LL_independent_rms_s10.npz,76481,4a27e5e283cd1a7227fd242936475151b527adcaa8ddca086c2785b2fc371c43
resnet,independent_rms,101,bandpass_n20003_cRA_LA_LL_independent_rms_s5,phase2/results/predictions/full/independent_rms/resnet/seed_101/bandpass_n20003_cRA_LA_LL_independent_rms_s5.npz,76340,a0fe4166ffb3aa11d569cf7b9fc0772ee6322d3512221aa46c9b4dc3600bf3ac
resnet,independent_rms,101,bandpass_n20003_cRA_LA_LL_independent_rms_s0,phase2/results/predictions/full/independent_rms/resnet/seed_101/bandpass_n20003_cRA_LA_LL_independent_rms_s0.npz,76008,a3b4006d39d757fd643697e419dea2a4d39e0c424db769f8426a493437c21798
resnet,independent_rms,101,bandpass_n20003_cRA_LA_LL_electrode_s20,phase2/results/predictions/full/independent_rms/resnet/seed_101/bandpass_n20003_cRA_LA_LL_electrode_s20.npz,76494,a8eded3d1b1b1442f441828ff8709283c53e361f9b980b626ca8c27f2109b3de
resnet,independent_rms,101,bandpass_n20003_cRA_LA_LL_electrode_s15,phase2/results/predictions/full/independent_rms/resnet/seed_101/bandpass_n20003_cRA_LA_LL_electrode_s15.npz,76475,2fcb05562790c26911aa605b836fe244977688767abcfe1934639c3682c78299
resnet,independent_rms,101,bandpass_n20003_cRA_LA_LL_electrode_s10,phase2/results/predictions/full/independent_rms/resnet/seed_101/bandpass_n20003_cRA_LA_LL_electrode_s10.npz,76404,5972bb7e77d9c9965db303c11f46cdeac1df842bfab32dbbf6030f6b7c9c388d
resnet,independent_rms,101,bandpass_n20003_cRA_LA_LL_electrode_s5,phase2/results/predictions/full/independent_rms/resnet/seed_101/bandpass_n20003_cRA_LA_LL_electrode_s5.npz,76148,dead06c6e3cb043e1df77bc1df883f13041916951d562e47c6fd47c4834109a2
resnet,independent_rms,101,bandpass_n20003_cRA_LA_LL_electrode_s0,phase2/results/predictions/full/independent_rms/resnet/seed_101/bandpass_n20003_cRA_LA_LL_electrode_s0.npz,75665,2315a11d25e89dde1e5013e848ecac63f806fce60b1057b9a3ca7740858b7744
resnet,independent_rms,101,bandpass_n20003_cRA_LA_LL_covariance_s20,phase2/results/predictions/full/independent_rms/resnet/seed_101/bandpass_n20003_cRA_LA_LL_covariance_s20.npz,76483,f505cebcf8e4ce1c450c33e1349a8d1ae7d055b475af98503f8876955707f7e5
resnet,independent_rms,101,bandpass_n20003_cRA_LA_LL_covariance_s15,phase2/results/predictions/full/independent_rms/resnet/seed_101/bandpass_n20003_cRA_LA_LL_covariance_s15.npz,76433,d009040f564ec6daf9e69ab1cebc2e992d00c3a64065ff029e1c8f97dc613dab
resnet,independent_rms,101,bandpass_n20003_cRA_LA_LL_covariance_s10,phase2/results/predictions/full/independent_rms/resnet/seed_101/bandpass_n20003_cRA_LA_LL_covariance_s10.npz,76381,3614f2df38b9225474ddaa0c74582570f31bd21a930169a7d4e61deefb6ce0bc
resnet,independent_rms,101,bandpass_n20003_cRA_LA_LL_covariance_s5,phase2/results/predictions/full/independent_rms/resnet/seed_101/bandpass_n20003_cRA_LA_LL_covariance_s5.npz,76137,59441bbb330930da23b2e94cb7c7947518111ce4093aa688cd4c222f7114a57f
resnet,independent_rms,101,bandpass_n20003_cRA_LA_LL_covariance_s0,phase2/results/predictions/full/independent_rms/resnet/seed_101/bandpass_n20003_cRA_LA_LL_covariance_s0.npz,75653,98c5e8086e9f8f09c78f40fe0a8de5737558212925002c7b580f8f8fd27e2b83
resnet,independent_rms,101,bandpass_n20003_cV1_independent_rms_s20,phase2/results/predictions/full/independent_rms/resnet/seed_101/bandpass_n20003_cV1_independent_rms_s20.npz,76484,80f6a695667087d53663405566424bfc100778b97917910be296a67f89e81e9f
resnet,independent_rms,101,bandpass_n20003_cV1_independent_rms_s15,phase2/results/predictions/full/independent_rms/resnet/seed_101/bandpass_n20003_cV1_independent_rms_s15.npz,76454,0d046801c28378cf3bf24ac876a626231ec27458cf29987a807dfa74886c702a
resnet,independent_rms,101,bandpass_n20003_cV1_independent_rms_s10,phase2/results/predictions/full/independent_rms/resnet/seed_101/bandpass_n20003_cV1_independent_rms_s10.npz,76425,2950c2ad0c24e7d3098dd24efb84cdc55a0ace5d06c6d72a487ced1dd64cf4a8
resnet,independent_rms,101,bandpass_n20003_cV1_independent_rms_s5,phase2/results/predictions/full/independent_rms/resnet/seed_101/bandpass_n20003_cV1_independent_rms_s5.npz,76227,184750783a7f44c43699c1e30a3a7d997633324b1c2eb040deee40ec1f0d6cd3
resnet,independent_rms,101,bandpass_n20003_cV1_independent_rms_s0,phase2/results/predictions/full/independent_rms/resnet/seed_101/bandpass_n20003_cV1_independent_rms_s0.npz,75710,83b86179582eaf64b961d02f3614620b59c039bc73acf5f4b109c8497bbdc09f
resnet,independent_rms,101,bandpass_n20003_cV1_electrode_s20,phase2/results/predictions/full/independent_rms/resnet/seed_101/bandpass_n20003_cV1_electrode_s20.npz,76458,cb351dbd199ad661fc6ece2c1c88e5a6882c6026f5ceb424256ad4c4d4c0d4dc
resnet,independent_rms,101,bandpass_n20003_cV1_electrode_s15,phase2/results/predictions/full/independent_rms/resnet/seed_101/bandpass_n20003_cV1_electrode_s15.npz,76453,e875bc03b2c38d133eecdc36b70343c53699a002feed5f22c2fdc8a82b659e66
resnet,independent_rms,101,bandpass_n20003_cV1_electrode_s10,phase2/results/predictions/full/independent_rms/resnet/seed_101/bandpass_n20003_cV1_electrode_s10.npz,76395,06b7d13b923b548ed481fc79ca05682ed03ed40c0f9603ebdf771b0374289f4e
resnet,independent_rms,101,bandpass_n20003_cV1_electrode_s5,phase2/results/predictions/full/independent_rms/resnet/seed_101/bandpass_n20003_cV1_electrode_s5.npz,76244,d67db85e534387af486a6a3d9a9c21904d5c7b8fc07246728eb40a170bf1447b
resnet,independent_rms,101,bandpass_n20003_cV1_electrode_s0,phase2/results/predictions/full/independent_rms/resnet/seed_101/bandpass_n20003_cV1_electrode_s0.npz,75661,6d65dddc28299386de55766c38e870c6e8a51d8b90c2d1bed3debc60a398a491
resnet,independent_rms,101,bandpass_n20003_cV1_covariance_s20,phase2/results/predictions/full/independent_rms/resnet/seed_101/bandpass_n20003_cV1_covariance_s20.npz,76480,de96e37cc504e87c8c3eda15414a6ef60f92bed4f220d2df9b7b653ddfcfb72d
resnet,independent_rms,101,bandpass_n20003_cV1_covariance_s15,phase2/results/predictions/full/independent_rms/resnet/seed_101/bandpass_n20003_cV1_covariance_s15.npz,76476,ddf8bc91fbe62cfaa80c6f01ae09feb4d63c756eba14d6baaa2fdc16f4f1dce1
resnet,independent_rms,101,bandpass_n20003_cV1_covariance_s10,phase2/results/predictions/full/independent_rms/resnet/seed_101/bandpass_n20003_cV1_covariance_s10.npz,76414,ee6ea3094fac64349e735d1a57751e1904f607a2edbf501f43141ba534aa3e39
resnet,independent_rms,101,bandpass_n20003_cV1_covariance_s5,phase2/results/predictions/full/independent_rms/resnet/seed_101/bandpass_n20003_cV1_covariance_s5.npz,76233,dcd9e63c52e22d8fa788f562bbaf4bb61ce0cf6edbf2cc55620a18d256cd0d5c
resnet,independent_rms,101,bandpass_n20003_cV1_covariance_s0,phase2/results/predictions/full/independent_rms/resnet/seed_101/bandpass_n20003_cV1_covariance_s0.npz,75681,a32bb229df0705224b5e73a620f1765bf8e314e24c338105dece611f9d1c0b0b
resnet,independent_rms,101,bandpass_n20003_cV2_independent_rms_s20,phase2/results/predictions/full/independent_rms/resnet/seed_101/bandpass_n20003_cV2_independent_rms_s20.npz,76469,5c0d48c093249b3141e2e0b8a5dcc3fd7e4d7e3119606f96427a783fb38b7aa4
resnet,independent_rms,101,bandpass_n20003_cV2_independent_rms_s15,phase2/results/predictions/full/independent_rms/resnet/seed_101/bandpass_n20003_cV2_independent_rms_s15.npz,76498,f5cde9d18cf884c72149bea97b1d6cb091f8a7abe383ead213b1de63a1009d44
resnet,independent_rms,101,bandpass_n20003_cV2_independent_rms_s10,phase2/results/predictions/full/independent_rms/resnet/seed_101/bandpass_n20003_cV2_independent_rms_s10.npz,76522,e9ec1cb5c773145f715267b1038641cda43306ead2ae27ea9b04d0a2516cf7d8
resnet,independent_rms,101,bandpass_n20003_cV2_independent_rms_s5,phase2/results/predictions/full/independent_rms/resnet/seed_101/bandpass_n20003_cV2_independent_rms_s5.npz,76313,2885fd61e15665286f86ef6e1c190adce1a000568af4952d1cd416ae372f899e
resnet,independent_rms,101,bandpass_n20003_cV2_independent_rms_s0,phase2/results/predictions/full/independent_rms/resnet/seed_101/bandpass_n20003_cV2_independent_rms_s0.npz,76012,fc4d3e380486b60bd504da62131d67d3fcc23c77c1a329304d0e22c2c52b5762
resnet,independent_rms,101,bandpass_n20003_cV2_electrode_s20,phase2/results/predictions/full/independent_rms/resnet/seed_101/bandpass_n20003_cV2_electrode_s20.npz,76449,d17abe51b2cdca9573833ef1b86a1776b26033b683ffbb7394cec0c0d997a621
resnet,independent_rms,101,bandpass_n20003_cV2_electrode_s15,phase2/results/predictions/full/independent_rms/resnet/seed_101/bandpass_n20003_cV2_electrode_s15.npz,76489,77137dea5b3f65c740e9cb81d93cf26e7ceb3eaf40317508e364b7da7c5b968a
resnet,independent_rms,101,bandpass_n20003_cV2_electrode_s10,phase2/results/predictions/full/independent_rms/resnet/seed_101/bandpass_n20003_cV2_electrode_s10.npz,76454,7944a86e7f89e56f5649dbaa2c12355cb59bce41175be9e2ed244eb5827eaba4
resnet,independent_rms,101,bandpass_n20003_cV2_electrode_s5,phase2/results/predictions/full/independent_rms/resnet/seed_101/bandpass_n20003_cV2_electrode_s5.npz,76340,6d8d6b839c598d34ae36ba7efc2dd31dfefc509de2478de3d7f0d17b94ee703a
resnet,independent_rms,101,bandpass_n20003_cV2_electrode_s0,phase2/results/predictions/full/independent_rms/resnet/seed_101/bandpass_n20003_cV2_electrode_s0.npz,76001,e8218fa619280724e1445e5f579919d15ca417ed13d3b71c9fdb7d300ea9fe18
resnet,independent_rms,101,bandpass_n20003_cV2_covariance_s20,phase2/results/predictions/full/independent_rms/resnet/seed_101/bandpass_n20003_cV2_covariance_s20.npz,76501,254ff28c926c9c2896af0d8f275255bd87c1c74307e6b3f84a0b7596fd4e6b5c
resnet,independent_rms,101,bandpass_n20003_cV2_covariance_s15,phase2/results/predictions/full/independent_rms/resnet/seed_101/bandpass_n20003_cV2_covariance_s15.npz,76496,441d3c0ca2ccd6f3d6cfcabd95174719fbb2cb2295f5c15fea72fe789d518242
resnet,independent_rms,101,bandpass_n20003_cV2_covariance_s10,phase2/results/predictions/full/independent_rms/resnet/seed_101/bandpass_n20003_cV2_covariance_s10.npz,76474,1165de9a4b2f996d40c300eb93e2b8f049f2a8ea2d00d8272ef991ee867e986a
resnet,independent_rms,101,bandpass_n20003_cV2_covariance_s5,phase2/results/predictions/full/independent_rms/resnet/seed_101/bandpass_n20003_cV2_covariance_s5.npz,76314,85c9e476a211f3e3cd0af73ee18fcc73d24d9043c007a8a35516a18cfb746663
resnet,independent_rms,101,bandpass_n20003_cV2_covariance_s0,phase2/results/predictions/full/independent_rms/resnet/seed_101/bandpass_n20003_cV2_covariance_s0.npz,75986,ef24ed08c3b81ccc25bc0052c72b3edab37eedf5c8d487dce5f567adf2d5588a
resnet,independent_rms,101,bandpass_n20003_cV3_independent_rms_s20,phase2/results/predictions/full/independent_rms/resnet/seed_101/bandpass_n20003_cV3_independent_rms_s20.npz,76481,4870594682cf64604f7ba13abd3a28c146713afa368d62b950cd95dbb69c273e
resnet,independent_rms,101,bandpass_n20003_cV3_independent_rms_s15,phase2/results/predictions/full/independent_rms/resnet/seed_101/bandpass_n20003_cV3_independent_rms_s15.npz,76466,997a070602436d883248424bdbaf2178cf6e2428f91bf790dae3a7eb80b6e56d
resnet,independent_rms,101,bandpass_n20003_cV3_independent_rms_s10,phase2/results/predictions/full/independent_rms/resnet/seed_101/bandpass_n20003_cV3_independent_rms_s10.npz,76466,4bc55b3b0cc7fe133060f457cec99bc8ed4a5397b612f3fd44ce8c46f05a9632
resnet,independent_rms,101,bandpass_n20003_cV3_independent_rms_s5,phase2/results/predictions/full/independent_rms/resnet/seed_101/bandpass_n20003_cV3_independent_rms_s5.npz,76302,84697d4bbaa6c1bf4fa4742445eebe60cc8f68074c1a3aabff432f1185fcaa91
resnet,independent_rms,101,bandpass_n20003_cV3_independent_rms_s0,phase2/results/predictions/full/independent_rms/resnet/seed_101/bandpass_n20003_cV3_independent_rms_s0.npz,75997,156253f85d217cc111fe538f4b2be717731c3eb5535b3a31717b437fbe42d6df
resnet,independent_rms,101,bandpass_n20003_cV3_electrode_s20,phase2/results/predictions/full/independent_rms/resnet/seed_101/bandpass_n20003_cV3_electrode_s20.npz,76469,f68bf2532752a093293c043ef042973f59ec8722414122f4d361a8538ba2b2d3
resnet,independent_rms,101,bandpass_n20003_cV3_electrode_s15,phase2/results/predictions/full/independent_rms/resnet/seed_101/bandpass_n20003_cV3_electrode_s15.npz,76449,5b420868b5ced695bb63188bfc0ec2692ae3869dc14bf469f4a13b51d2b74d55
resnet,independent_rms,101,bandpass_n20003_cV3_electrode_s10,phase2/results/predictions/full/independent_rms/resnet/seed_101/bandpass_n20003_cV3_electrode_s10.npz,76454,40b59524bcd98f261cbc0bb427c80bfc02838f1807c3af62c3ce676da22496eb
resnet,independent_rms,101,bandpass_n20003_cV3_electrode_s5,phase2/results/predictions/full/independent_rms/resnet/seed_101/bandpass_n20003_cV3_electrode_s5.npz,76327,3446b8b0d33e89870f996ad39a757ea244ee6f67c969ec303e775566a7505e31
resnet,independent_rms,101,bandpass_n20003_cV3_electrode_s0,phase2/results/predictions/full/independent_rms/resnet/seed_101/bandpass_n20003_cV3_electrode_s0.npz,75973,b25373b2f2128dc067ae748c88e6a2488e71f80be2068eac19a93f16215c6563
resnet,independent_rms,101,bandpass_n20003_cV3_covariance_s20,phase2/results/predictions/full/independent_rms/resnet/seed_101/bandpass_n20003_cV3_covariance_s20.npz,76461,39e81048049957d9ee4286bb9d157324ba1ff1f56a01a90c8461140a02f96fc9
resnet,independent_rms,101,bandpass_n20003_cV3_covariance_s15,phase2/results/predictions/full/independent_rms/resnet/seed_101/bandpass_n20003_cV3_covariance_s15.npz,76461,ec00c10bf894701c13ea78842a12379158638539cfc211c343de040f53cb4aa5
resnet,independent_rms,101,bandpass_n20003_cV3_covariance_s10,phase2/results/predictions/full/independent_rms/resnet/seed_101/bandpass_n20003_cV3_covariance_s10.npz,76432,430bf33146d784fa672f237b04f44d231aaed13eab4ce056a65a7292d4df2103
resnet,independent_rms,101,bandpass_n20003_cV3_covariance_s5,phase2/results/predictions/full/independent_rms/resnet/seed_101/bandpass_n20003_cV3_covariance_s5.npz,76313,917d02abaf68e1abdd004cf4577e8d4d971414bfd2138dfcbc96ed5a6b9f9bee
resnet,independent_rms,101,bandpass_n20003_cV3_covariance_s0,phase2/results/predictions/full/independent_rms/resnet/seed_101/bandpass_n20003_cV3_covariance_s0.npz,75971,d836ad15a5432650344a7cfdff99d0003b7335b4c1079f16d81a03cb02289ee1
resnet,independent_rms,101,bandpass_n20003_cV4_independent_rms_s20,phase2/results/predictions/full/independent_rms/resnet/seed_101/bandpass_n20003_cV4_independent_rms_s20.npz,76501,d730a4326fe08ba8fda4c2b3aa9fecce4b563636ca136b39288874b5bbc84b74
resnet,independent_rms,101,bandpass_n20003_cV4_independent_rms_s15,phase2/results/predictions/full/independent_rms/resnet/seed_101/bandpass_n20003_cV4_independent_rms_s15.npz,76475,f891db574045afa8d7c973859cf0f3abfddb2edb8db5d6eb75bb6e97912e852d
resnet,independent_rms,101,bandpass_n20003_cV4_independent_rms_s10,phase2/results/predictions/full/independent_rms/resnet/seed_101/bandpass_n20003_cV4_independent_rms_s10.npz,76519,de271136083fbfdcf2a20a2580622edc17cb9af9b484eabee4319a715bace9eb
resnet,independent_rms,101,bandpass_n20003_cV4_independent_rms_s5,phase2/results/predictions/full/independent_rms/resnet/seed_101/bandpass_n20003_cV4_independent_rms_s5.npz,76453,dbcb48ce8dbf14b788def2560005cf3b4d412d51923cf52b86214740b10f2504
resnet,independent_rms,101,bandpass_n20003_cV4_independent_rms_s0,phase2/results/predictions/full/independent_rms/resnet/seed_101/bandpass_n20003_cV4_independent_rms_s0.npz,76199,79ea6d1feca4e73a3f1dbdd654bedcac8e50db5f5c2fc2d45b5b1e07ab152b7c
resnet,independent_rms,101,bandpass_n20003_cV4_electrode_s20,phase2/results/predictions/full/independent_rms/resnet/seed_101/bandpass_n20003_cV4_electrode_s20.npz,76459,5d78b82ee05fb4e185fb3bdfd8996b6feebdfee89f815559994c0a0b3efbb668
resnet,independent_rms,101,bandpass_n20003_cV4_electrode_s15,phase2/results/predictions/full/independent_rms/resnet/seed_101/bandpass_n20003_cV4_electrode_s15.npz,76485,940c2da7a18f8fed8c033c573e8388f301799ee6d6e0796a0eedbb0205df5456
resnet,independent_rms,101,bandpass_n20003_cV4_electrode_s10,phase2/results/predictions/full/independent_rms/resnet/seed_101/bandpass_n20003_cV4_electrode_s10.npz,76480,b7ef3aec34492483c6796ee0f6bf70a36e43ffec555e5578c696e0d59ec88c86
resnet,independent_rms,101,bandpass_n20003_cV4_electrode_s5,phase2/results/predictions/full/independent_rms/resnet/seed_101/bandpass_n20003_cV4_electrode_s5.npz,76432,ee5e5219fa826f5e87d2ce5ce3872193cd3234d7cdcaf93cf6f3dc6d04a171e9
resnet,independent_rms,101,bandpass_n20003_cV4_electrode_s0,phase2/results/predictions/full/independent_rms/resnet/seed_101/bandpass_n20003_cV4_electrode_s0.npz,76217,34acec9b004ddc3032343356b4fd7de4cab07e7eeeec971d4dc73c51a8ab6bd9
resnet,independent_rms,101,bandpass_n20003_cV4_covariance_s20,phase2/results/predictions/full/independent_rms/resnet/seed_101/bandpass_n20003_cV4_covariance_s20.npz,76487,c7b8f22a7a7977110a1b7271a8835e3284f183241bf346e504b76083d6e19daf
resnet,independent_rms,101,bandpass_n20003_cV4_covariance_s15,phase2/results/predictions/full/independent_rms/resnet/seed_101/bandpass_n20003_cV4_covariance_s15.npz,76479,03949204267ec4f2a1ca973465649919923daf6cf7c2a26af52ad4faed74ce2c
resnet,independent_rms,101,bandpass_n20003_cV4_covariance_s10,phase2/results/predictions/full/independent_rms/resnet/seed_101/bandpass_n20003_cV4_covariance_s10.npz,76464,6211e3b0f6e61bd5b4411d216478bf972ce24c717f3c46db5032f00153e1cc8b
resnet,independent_rms,101,bandpass_n20003_cV4_covariance_s5,phase2/results/predictions/full/independent_rms/resnet/seed_101/bandpass_n20003_cV4_covariance_s5.npz,76432,7e3904ff37c8ed25ddc9f08bca4cb62a205965dcecbec4c82c7fc974315af4fa
resnet,independent_rms,101,bandpass_n20003_cV4_covariance_s0,phase2/results/predictions/full/independent_rms/resnet/seed_101/bandpass_n20003_cV4_covariance_s0.npz,76199,a7f67f0eae436de7e7549a1853a8907dc6c4482ce40df091da9bcf8a57cf246a
resnet,independent_rms,101,bandpass_n20003_cV5_independent_rms_s20,phase2/results/predictions/full/independent_rms/resnet/seed_101/bandpass_n20003_cV5_independent_rms_s20.npz,76493,06a1356274180ff04677fb27a715be49245de1ec6d125323ef8fdac97c746d98
resnet,independent_rms,101,bandpass_n20003_cV5_independent_rms_s15,phase2/results/predictions/full/independent_rms/resnet/seed_101/bandpass_n20003_cV5_independent_rms_s15.npz,76458,a5e79a0a5f98ba95dfe697f35f1879206bb84ea80d4ddec46c49aec7f2ac08ef
resnet,independent_rms,101,bandpass_n20003_cV5_independent_rms_s10,phase2/results/predictions/full/independent_rms/resnet/seed_101/bandpass_n20003_cV5_independent_rms_s10.npz,76471,9b88b574fb38a98bfa1d58696f1e7c2b8fe2e927b4412915973003d1b4c37101
resnet,independent_rms,101,bandpass_n20003_cV5_independent_rms_s5,phase2/results/predictions/full/independent_rms/resnet/seed_101/bandpass_n20003_cV5_independent_rms_s5.npz,76359,4c7263234e4cd087cd4672796951705857cdd469d54ea5e4e62c606b15466189
resnet,independent_rms,101,bandpass_n20003_cV5_independent_rms_s0,phase2/results/predictions/full/independent_rms/resnet/seed_101/bandpass_n20003_cV5_independent_rms_s0.npz,75968,31e84cae552df12ce75e61a3b678b178b4a503a1100b42eb7919f0489db8eade
resnet,independent_rms,101,bandpass_n20003_cV5_electrode_s20,phase2/results/predictions/full/independent_rms/resnet/seed_101/bandpass_n20003_cV5_electrode_s20.npz,76467,30bc8c77653c55a3ee70bd1cf17e2f9563b797e7cee496a474fd0df76e58f6c6
resnet,independent_rms,101,bandpass_n20003_cV5_electrode_s15,phase2/results/predictions/full/independent_rms/resnet/seed_101/bandpass_n20003_cV5_electrode_s15.npz,76498,0af72230733ba0c6ed7e7036beaf274567ef77bc926b42b0baba6fa1861eeec3
resnet,independent_rms,101,bandpass_n20003_cV5_electrode_s10,phase2/results/predictions/full/independent_rms/resnet/seed_101/bandpass_n20003_cV5_electrode_s10.npz,76419,4fccea3ddcee5b3836e6a99c32f0309d4282713ac0ca77879502f8e57e5be962
resnet,independent_rms,101,bandpass_n20003_cV5_electrode_s5,phase2/results/predictions/full/independent_rms/resnet/seed_101/bandpass_n20003_cV5_electrode_s5.npz,76330,1396c4b85777df0e6748d8a680defbbdfa3a60a9bd4ce5341ff6384c02c82048
resnet,independent_rms,101,bandpass_n20003_cV5_electrode_s0,phase2/results/predictions/full/independent_rms/resnet/seed_101/bandpass_n20003_cV5_electrode_s0.npz,75991,9fa3cf36c3205e519282643ffca035a27a32390683c9a20d7445ec9dcfdca2e3
resnet,independent_rms,101,bandpass_n20003_cV5_covariance_s20,phase2/results/predictions/full/independent_rms/resnet/seed_101/bandpass_n20003_cV5_covariance_s20.npz,76501,6e153222492a7165530c543db176925ccbd970fcaa1b8bab9e9f93e45dcff7da
resnet,independent_rms,101,bandpass_n20003_cV5_covariance_s15,phase2/results/predictions/full/independent_rms/resnet/seed_101/bandpass_n20003_cV5_covariance_s15.npz,76494,3098347e7dc54c592eec89e3d8bff1d879c3f0c21f3c0f7579cb67e479176e72
resnet,independent_rms,101,bandpass_n20003_cV5_covariance_s10,phase2/results/predictions/full/independent_rms/resnet/seed_101/bandpass_n20003_cV5_covariance_s10.npz,76447,4c958652b8e642bfdd38644e987cc082b9a5182af9b1a3cbe4ea449751d0a616
resnet,independent_rms,101,bandpass_n20003_cV5_covariance_s5,phase2/results/predictions/full/independent_rms/resnet/seed_101/bandpass_n20003_cV5_covariance_s5.npz,76319,8d3edf1ee75dd92a66de438bdf0fc2b42a448191c4b8d1cf77e52227b99fdf41
resnet,independent_rms,101,bandpass_n20003_cV5_covariance_s0,phase2/results/predictions/full/independent_rms/resnet/seed_101/bandpass_n20003_cV5_covariance_s0.npz,75947,ae0c81f2b3fab0cc44e09fa4b646ba7b87fd16d4c338a12ac713507459240476
resnet,independent_rms,101,bandpass_n20003_cV6_independent_rms_s20,phase2/results/predictions/full/independent_rms/resnet/seed_101/bandpass_n20003_cV6_independent_rms_s20.npz,76479,c455fa9d09fc78de65cf9fbf2f4bc848b4b8e8a017a66c11c165da68317eabfb
resnet,independent_rms,101,bandpass_n20003_cV6_independent_rms_s15,phase2/results/predictions/full/independent_rms/resnet/seed_101/bandpass_n20003_cV6_independent_rms_s15.npz,76463,a1adfc7d7acd5b6d5c87caa57ac8bf675d9fe96444022fde98d95f95cc2d3872
resnet,independent_rms,101,bandpass_n20003_cV6_independent_rms_s10,phase2/results/predictions/full/independent_rms/resnet/seed_101/bandpass_n20003_cV6_independent_rms_s10.npz,76447,376dbb04539e865d61d3732f977e5c2baffcdef1c6abe64da64de75bd4c7a6dd
resnet,independent_rms,101,bandpass_n20003_cV6_independent_rms_s5,phase2/results/predictions/full/independent_rms/resnet/seed_101/bandpass_n20003_cV6_independent_rms_s5.npz,76328,fda40138b32be5f89d8dcc34318a9edad66ee0f7312a7fde55279f2eb27be25f
resnet,independent_rms,101,bandpass_n20003_cV6_independent_rms_s0,phase2/results/predictions/full/independent_rms/resnet/seed_101/bandpass_n20003_cV6_independent_rms_s0.npz,76037,f4c0e3310514ccb87939f89dec85149ded8e5e33b07d50c88457524243a1a111
resnet,independent_rms,101,bandpass_n20003_cV6_electrode_s20,phase2/results/predictions/full/independent_rms/resnet/seed_101/bandpass_n20003_cV6_electrode_s20.npz,76446,8af782565cc9d124e831b1aa99b04a5d7d80cfa125537700cf081ea749d7492a
resnet,independent_rms,101,bandpass_n20003_cV6_electrode_s15,phase2/results/predictions/full/independent_rms/resnet/seed_101/bandpass_n20003_cV6_electrode_s15.npz,76466,5156b5b306ac027b5c41a3c6562f5f52c8a55622c8f510ac3577376096917742
resnet,independent_rms,101,bandpass_n20003_cV6_electrode_s10,phase2/results/predictions/full/independent_rms/resnet/seed_101/bandpass_n20003_cV6_electrode_s10.npz,76438,64dfbc2e50eae2b56f08ea1474d4be69368570899ef04f7b110cafd1288403fa
resnet,independent_rms,101,bandpass_n20003_cV6_electrode_s5,phase2/results/predictions/full/independent_rms/resnet/seed_101/bandpass_n20003_cV6_electrode_s5.npz,76338,c37fac03dc975f25bf5f51523ca7d45c1f123cfece32c9bbcd224b777e693c46
resnet,independent_rms,101,bandpass_n20003_cV6_electrode_s0,phase2/results/predictions/full/independent_rms/resnet/seed_101/bandpass_n20003_cV6_electrode_s0.npz,75975,145fb3ebc65b99f0d1b1842f601863a9c987f104d0ec4126c9036a5585510a89
resnet,independent_rms,101,bandpass_n20003_cV6_covariance_s20,phase2/results/predictions/full/independent_rms/resnet/seed_101/bandpass_n20003_cV6_covariance_s20.npz,76501,5ac3f931ef704fd4b8cc8d8ff2336de5856c3f1f801d416b88b09201a22b5df4
resnet,independent_rms,101,bandpass_n20003_cV6_covariance_s15,phase2/results/predictions/full/independent_rms/resnet/seed_101/bandpass_n20003_cV6_covariance_s15.npz,76488,1e649a0dbb618b64f58942a3b4440015dc3bef55f7def49d6ce72ccc3d23ce00
resnet,independent_rms,101,bandpass_n20003_cV6_covariance_s10,phase2/results/predictions/full/independent_rms/resnet/seed_101/bandpass_n20003_cV6_covariance_s10.npz,76439,0c5db74d21dd7c708b8f82b3a85f4ee2023d67e23133c0cbc6bb86543cf06bde
resnet,independent_rms,101,bandpass_n20003_cV6_covariance_s5,phase2/results/predictions/full/independent_rms/resnet/seed_101/bandpass_n20003_cV6_covariance_s5.npz,76324,76efe5517aab72e61ea9501557361ba1941ca4b3bc271a556c9770ed095da3b0
resnet,independent_rms,101,bandpass_n20003_cV6_covariance_s0,phase2/results/predictions/full/independent_rms/resnet/seed_101/bandpass_n20003_cV6_covariance_s0.npz,76012,df8f142b822b187f7264ae73008649172906d00401cadd5ef6f877d3798f3ec1
resnet,independent_rms,101,bandpass_n20003_cRA_LA_independent_rms_s20,phase2/results/predictions/full/independent_rms/resnet/seed_101/bandpass_n20003_cRA_LA_independent_rms_s20.npz,76497,dda17cec8e56a54e4605f3aaba0555b73a87dbf23eee208e86ae5b669bf69cc3
resnet,independent_rms,101,bandpass_n20003_cRA_LA_independent_rms_s15,phase2/results/predictions/full/independent_rms/resnet/seed_101/bandpass_n20003_cRA_LA_independent_rms_s15.npz,76510,5dcd3292f0fc149af61618ef1327d89ab7baae4bf073705130951750d62a54ac
resnet,independent_rms,101,bandpass_n20003_cRA_LA_independent_rms_s10,phase2/results/predictions/full/independent_rms/resnet/seed_101/bandpass_n20003_cRA_LA_independent_rms_s10.npz,76437,91c16b3f92a05beb542f4e3368267cf1a42906ca3a0b74c6dfa9d955c82a7d60
resnet,independent_rms,101,bandpass_n20003_cRA_LA_independent_rms_s5,phase2/results/predictions/full/independent_rms/resnet/seed_101/bandpass_n20003_cRA_LA_independent_rms_s5.npz,76345,dadea1296e921284c81e86c212d1a80b9471dc07bd2bc70c54b046c6896fca70
resnet,independent_rms,101,bandpass_n20003_cRA_LA_independent_rms_s0,phase2/results/predictions/full/independent_rms/resnet/seed_101/bandpass_n20003_cRA_LA_independent_rms_s0.npz,76032,ce9f6f71f7088fcb19699c34377e73c051e3050bc35b2b1528b45cc814a6cd6c
resnet,independent_rms,101,bandpass_n20003_cRA_LA_electrode_s20,phase2/results/predictions/full/independent_rms/resnet/seed_101/bandpass_n20003_cRA_LA_electrode_s20.npz,76474,ad142bd0e4e45f973a2e74c93b9ff260c6cafd8050af5c674ab991a6dd2eb01c
resnet,independent_rms,101,bandpass_n20003_cRA_LA_electrode_s15,phase2/results/predictions/full/independent_rms/resnet/seed_101/bandpass_n20003_cRA_LA_electrode_s15.npz,76489,1550d08608c4a40fdcec7496e3da9c28485aec5f89a42d2606a17f871a20bcab
resnet,independent_rms,101,bandpass_n20003_cRA_LA_electrode_s10,phase2/results/predictions/full/independent_rms/resnet/seed_101/bandpass_n20003_cRA_LA_electrode_s10.npz,76405,c5c27e8e4bb0529c4c2eec389d2c7a73b4287d21944b4462e4898e65a30edaac
resnet,independent_rms,101,bandpass_n20003_cRA_LA_electrode_s5,phase2/results/predictions/full/independent_rms/resnet/seed_101/bandpass_n20003_cRA_LA_electrode_s5.npz,76197,a90539c13edb3f43ff930d0f4efbc6858e4bacee2198826cf07818b76d8202b4
resnet,independent_rms,101,bandpass_n20003_cRA_LA_electrode_s0,phase2/results/predictions/full/independent_rms/resnet/seed_101/bandpass_n20003_cRA_LA_electrode_s0.npz,75827,3e33aa0219230e27056f179adf80b0dc928495a93bb8772bbaa3b8bcd23aaedf
resnet,independent_rms,101,bandpass_n20003_cRA_LA_covariance_s20,phase2/results/predictions/full/independent_rms/resnet/seed_101/bandpass_n20003_cRA_LA_covariance_s20.npz,76480,c02640ba3abdde83098210bf071166165185910a28af62e7392ac25d06c674e4
resnet,independent_rms,101,bandpass_n20003_cRA_LA_covariance_s15,phase2/results/predictions/full/independent_rms/resnet/seed_101/bandpass_n20003_cRA_LA_covariance_s15.npz,76494,55b5c1f720bed7655efcd2b6ed8ad8a633926c9fb8a0ecde8658ee88d07b7fc1
resnet,independent_rms,101,bandpass_n20003_cRA_LA_covariance_s10,phase2/results/predictions/full/independent_rms/resnet/seed_101/bandpass_n20003_cRA_LA_covariance_s10.npz,76408,d4e2cf0f917ec7ef8108d40cf90658f1b2be4251b4628056979894c0e14c3ecc
resnet,independent_rms,101,bandpass_n20003_cRA_LA_covariance_s5,phase2/results/predictions/full/independent_rms/resnet/seed_101/bandpass_n20003_cRA_LA_covariance_s5.npz,76207,399ffbf1d11db7c226f9b01fa11af4e0098a062458ac011f40deb7a92012372f
resnet,independent_rms,101,bandpass_n20003_cRA_LA_covariance_s0,phase2/results/predictions/full/independent_rms/resnet/seed_101/bandpass_n20003_cRA_LA_covariance_s0.npz,75855,f754163d5f77940d0f8274af60304027163748e8137e027d402dacd7e3e04d83
resnet,independent_rms,101,bandpass_n20003_cLA_LL_independent_rms_s20,phase2/results/predictions/full/independent_rms/resnet/seed_101/bandpass_n20003_cLA_LL_independent_rms_s20.npz,76492,5a913b31c1176b58775ecb164820b267f5be34838016d6c1452157b39da1153d
resnet,independent_rms,101,bandpass_n20003_cLA_LL_independent_rms_s15,phase2/results/predictions/full/independent_rms/resnet/seed_101/bandpass_n20003_cLA_LL_independent_rms_s15.npz,76515,aa48129e872f99b5ac65510ca8ed0ac1548f0bfd6849c6f8447991f7698d47f3
resnet,independent_rms,101,bandpass_n20003_cLA_LL_independent_rms_s10,phase2/results/predictions/full/independent_rms/resnet/seed_101/bandpass_n20003_cLA_LL_independent_rms_s10.npz,76443,85e37af2e963894431705f3424ce75a613490e57f28f4629321ee5a347344520
resnet,independent_rms,101,bandpass_n20003_cLA_LL_independent_rms_s5,phase2/results/predictions/full/independent_rms/resnet/seed_101/bandpass_n20003_cLA_LL_independent_rms_s5.npz,76322,62c0829a7ffd67741f10c07eb67d80e06345ee8cea9df21db09f1723763a27ab
resnet,independent_rms,101,bandpass_n20003_cLA_LL_independent_rms_s0,phase2/results/predictions/full/independent_rms/resnet/seed_101/bandpass_n20003_cLA_LL_independent_rms_s0.npz,75939,92e22f1a905f30eb6d07048b83f3ea3b3bc1d035a53751c390eaa7e87ef0fd60
resnet,independent_rms,101,bandpass_n20003_cLA_LL_electrode_s20,phase2/results/predictions/full/independent_rms/resnet/seed_101/bandpass_n20003_cLA_LL_electrode_s20.npz,76499,6e6d6896317f3800c9d94f13b08d4db7e9062aa35ee3994e20817b140fabd4c9
resnet,independent_rms,101,bandpass_n20003_cLA_LL_electrode_s15,phase2/results/predictions/full/independent_rms/resnet/seed_101/bandpass_n20003_cLA_LL_electrode_s15.npz,76490,dc99c630c63a4f82109e35408c0a9e39d1ba75b0ebe5e314c16cb581db41a30a
resnet,independent_rms,101,bandpass_n20003_cLA_LL_electrode_s10,phase2/results/predictions/full/independent_rms/resnet/seed_101/bandpass_n20003_cLA_LL_electrode_s10.npz,76358,50a3cf97f4b2823e17d7e6a31910af7e2fa5940b1f6d7f6846b63344f4a1a3d4
resnet,independent_rms,101,bandpass_n20003_cLA_LL_electrode_s5,phase2/results/predictions/full/independent_rms/resnet/seed_101/bandpass_n20003_cLA_LL_electrode_s5.npz,76163,eac27208cb15a6ab7d68db4d8328b55334e733ab3673bd542fc971b769aca0d2
resnet,independent_rms,101,bandpass_n20003_cLA_LL_electrode_s0,phase2/results/predictions/full/independent_rms/resnet/seed_101/bandpass_n20003_cLA_LL_electrode_s0.npz,75645,3a1dbfe29ad91f08cfe847699ddca154cc046039423527b940e73c5530c7b50b
resnet,independent_rms,101,bandpass_n20003_cLA_LL_covariance_s20,phase2/results/predictions/full/independent_rms/resnet/seed_101/bandpass_n20003_cLA_LL_covariance_s20.npz,76482,3f139d1228b067cea23c3858204665c354d655bfdfbdead4182d6f9c1bce0c05
resnet,independent_rms,101,bandpass_n20003_cLA_LL_covariance_s15,phase2/results/predictions/full/independent_rms/resnet/seed_101/bandpass_n20003_cLA_LL_covariance_s15.npz,76508,1262afb322cc9f8a7a2a4455046c535d0dd7e302d00fe4af046b2b2ce829b3fe
resnet,independent_rms,101,bandpass_n20003_cLA_LL_covariance_s10,phase2/results/predictions/full/independent_rms/resnet/seed_101/bandpass_n20003_cLA_LL_covariance_s10.npz,76398,1b6d7317f936c17f4953a5fd43f28f7067c6782f8273874acb824c309f64907c
resnet,independent_rms,101,bandpass_n20003_cLA_LL_covariance_s5,phase2/results/predictions/full/independent_rms/resnet/seed_101/bandpass_n20003_cLA_LL_covariance_s5.npz,76155,5282acd9825fe77aa48969775e1b06bebdacfd5d357bc726c9b8eb9631998d76
resnet,independent_rms,101,bandpass_n20003_cLA_LL_covariance_s0,phase2/results/predictions/full/independent_rms/resnet/seed_101/bandpass_n20003_cLA_LL_covariance_s0.npz,75652,09b7efc5e642db5f6c2da999588f9912d1c54a43c64f22d41d68f4dbbc3a2d06
resnet,independent_rms,101,bandpass_n20003_cRA_LL_independent_rms_s20,phase2/results/predictions/full/independent_rms/resnet/seed_101/bandpass_n20003_cRA_LL_independent_rms_s20.npz,76507,ee6b06ab67826e71e94efc7435a0227505a926971653ae1782e8e4d4af4b02a0
resnet,independent_rms,101,bandpass_n20003_cRA_LL_independent_rms_s15,phase2/results/predictions/full/independent_rms/resnet/seed_101/bandpass_n20003_cRA_LL_independent_rms_s15.npz,76510,4679128728decbb30e7a09b6e60d872cee40e256824669ef38d0bf65ff18a82d
resnet,independent_rms,101,bandpass_n20003_cRA_LL_independent_rms_s10,phase2/results/predictions/full/independent_rms/resnet/seed_101/bandpass_n20003_cRA_LL_independent_rms_s10.npz,76466,7aeb757006f6136c26ba77d67889b0f64ad1130cc49c43896eab7b4fdfda2d57
resnet,independent_rms,101,bandpass_n20003_cRA_LL_independent_rms_s5,phase2/results/predictions/full/independent_rms/resnet/seed_101/bandpass_n20003_cRA_LL_independent_rms_s5.npz,76300,44dcb4864a84c4dd6ddb86b5c417119222a03899da40978a1ec4ba3f21b3e8c9
resnet,independent_rms,101,bandpass_n20003_cRA_LL_independent_rms_s0,phase2/results/predictions/full/independent_rms/resnet/seed_101/bandpass_n20003_cRA_LL_independent_rms_s0.npz,75964,3cf20f1ce3d87977c9a72a45c657c0540eb81dbd6220f3dc8163e8b0e04aceb2
resnet,independent_rms,101,bandpass_n20003_cRA_LL_electrode_s20,phase2/results/predictions/full/independent_rms/resnet/seed_101/bandpass_n20003_cRA_LL_electrode_s20.npz,76434,07a7a98556c4be315c044ba67e905fe6c6b9f64577c8b1671b3478d7b78b29c0
resnet,independent_rms,101,bandpass_n20003_cRA_LL_electrode_s15,phase2/results/predictions/full/independent_rms/resnet/seed_101/bandpass_n20003_cRA_LL_electrode_s15.npz,76464,1b9a7ddf93452ec76be10f71e492c1eef7f543a3db436cd8dbb1c639b58a9eaa
resnet,independent_rms,101,bandpass_n20003_cRA_LL_electrode_s10,phase2/results/predictions/full/independent_rms/resnet/seed_101/bandpass_n20003_cRA_LL_electrode_s10.npz,76412,09d6a75bbbff6e2d910119f5702cc81cefb7690605d663a3e623607ca9b4a0b2
resnet,independent_rms,101,bandpass_n20003_cRA_LL_electrode_s5,phase2/results/predictions/full/independent_rms/resnet/seed_101/bandpass_n20003_cRA_LL_electrode_s5.npz,76107,a292698dac658c65ccd34194154daf67085e177824058023ee345a1ad9f6cbc2
resnet,independent_rms,101,bandpass_n20003_cRA_LL_electrode_s0,phase2/results/predictions/full/independent_rms/resnet/seed_101/bandpass_n20003_cRA_LL_electrode_s0.npz,75609,42f6c97b7977533729d17c0d99db3522737c59a257ee859efcd5c38144a57dda
resnet,independent_rms,101,bandpass_n20003_cRA_LL_covariance_s20,phase2/results/predictions/full/independent_rms/resnet/seed_101/bandpass_n20003_cRA_LL_covariance_s20.npz,76480,6e7631af2b6ec60ebbe2b7f6c3e804f7b2123a543ad292350571b28c6f39efba
resnet,independent_rms,101,bandpass_n20003_cRA_LL_covariance_s15,phase2/results/predictions/full/independent_rms/resnet/seed_101/bandpass_n20003_cRA_LL_covariance_s15.npz,76461,a379879643dfba5be1269e08dd850b5229825ad2b26f99e62e274b9d5d47c256
resnet,independent_rms,101,bandpass_n20003_cRA_LL_covariance_s10,phase2/results/predictions/full/independent_rms/resnet/seed_101/bandpass_n20003_cRA_LL_covariance_s10.npz,76371,2b87a8b08cb4763e1af22ed4d71895ebaa5302f59702dcac37ba6f98410ecfbc
resnet,independent_rms,101,bandpass_n20003_cRA_LL_covariance_s5,phase2/results/predictions/full/independent_rms/resnet/seed_101/bandpass_n20003_cRA_LL_covariance_s5.npz,76115,53db64aabbb8e138aae6b7eda03e2e5e6f1a24da710cc90388801b82440933d3
resnet,independent_rms,101,bandpass_n20003_cRA_LL_covariance_s0,phase2/results/predictions/full/independent_rms/resnet/seed_101/bandpass_n20003_cRA_LL_covariance_s0.npz,75655,8ce81fbc555cc02a50ecc778ded2d66084fe256a1473354d8592c11d90c6aaa4
resnet,independent_rms,101,bandpass_n20003_cRA_independent_rms_s20,phase2/results/predictions/full/independent_rms/resnet/seed_101/bandpass_n20003_cRA_independent_rms_s20.npz,76512,ea7cc20036fe39bc3a840fb4b1ee1908175d01c2829ad51a38653ebb3fbbd7cf
resnet,independent_rms,101,bandpass_n20003_cRA_independent_rms_s15,phase2/results/predictions/full/independent_rms/resnet/seed_101/bandpass_n20003_cRA_independent_rms_s15.npz,76498,98a735c91755f3f00add4fb05110e7f298249988b40a0791e968c0708520565e
resnet,independent_rms,101,bandpass_n20003_cRA_independent_rms_s10,phase2/results/predictions/full/independent_rms/resnet/seed_101/bandpass_n20003_cRA_independent_rms_s10.npz,76464,704e258b66bcad8b6ca3f6c2461e5ec1d4ea4b6e21fa2be7ff3c065be3178e82
resnet,independent_rms,101,bandpass_n20003_cRA_independent_rms_s5,phase2/results/predictions/full/independent_rms/resnet/seed_101/bandpass_n20003_cRA_independent_rms_s5.npz,76326,128298834885317367469f522f37f5395e398026888759b38da87ea26539acc3
resnet,independent_rms,101,bandpass_n20003_cRA_independent_rms_s0,phase2/results/predictions/full/independent_rms/resnet/seed_101/bandpass_n20003_cRA_independent_rms_s0.npz,76002,d66cb8b5c7ee941116d43053b347330ddfdcb7251f6cc4ea0f24a132d9ab41ad
resnet,independent_rms,101,bandpass_n20003_cRA_electrode_s20,phase2/results/predictions/full/independent_rms/resnet/seed_101/bandpass_n20003_cRA_electrode_s20.npz,76493,296584e4a46ce16d1a2b496e1b5cebd0f39e75437743779a7de03c12ca229b7c
resnet,independent_rms,101,bandpass_n20003_cRA_electrode_s15,phase2/results/predictions/full/independent_rms/resnet/seed_101/bandpass_n20003_cRA_electrode_s15.npz,76456,337cc80a1b53828b15b2aa664f055a159851a499aa5a985764dcae4e7f7c2765
resnet,independent_rms,101,bandpass_n20003_cRA_electrode_s10,phase2/results/predictions/full/independent_rms/resnet/seed_101/bandpass_n20003_cRA_electrode_s10.npz,76393,00dd6daa05549affed8bd78182dc8af6e94a85c57e0cbfd26b2a27da1de893d8
resnet,independent_rms,101,bandpass_n20003_cRA_electrode_s5,phase2/results/predictions/full/independent_rms/resnet/seed_101/bandpass_n20003_cRA_electrode_s5.npz,76161,299df8effcca6545ad9e5f2ef1b1ac3fa5034593bc75b44686b07183d7fbc089
resnet,independent_rms,101,bandpass_n20003_cRA_electrode_s0,phase2/results/predictions/full/independent_rms/resnet/seed_101/bandpass_n20003_cRA_electrode_s0.npz,75821,76761ec2c3683824696d2f602263847409be6deb3cf091ed5d84f021054f05ff
resnet,independent_rms,101,bandpass_n20003_cRA_covariance_s20,phase2/results/predictions/full/independent_rms/resnet/seed_101/bandpass_n20003_cRA_covariance_s20.npz,76482,8bae02b94f59d8201d92236ed49fce1b781100b8f3b163abb4f23fd4f5fe9fde
resnet,independent_rms,101,bandpass_n20003_cRA_covariance_s15,phase2/results/predictions/full/independent_rms/resnet/seed_101/bandpass_n20003_cRA_covariance_s15.npz,76426,54400a054a8d36677449aa6cb8fc5354426f5d8604795e4025ba1c5d7f7e2711
resnet,independent_rms,101,bandpass_n20003_cRA_covariance_s10,phase2/results/predictions/full/independent_rms/resnet/seed_101/bandpass_n20003_cRA_covariance_s10.npz,76383,9cc476d83dde684d61e291ffc64f0379bd64b2fb7b3e77ca78ea4a2afc5cbade
resnet,independent_rms,101,bandpass_n20003_cRA_covariance_s5,phase2/results/predictions/full/independent_rms/resnet/seed_101/bandpass_n20003_cRA_covariance_s5.npz,76159,20d0c75f81adc6a4c6316d63c504f63b41808e29f9d226b5e8a45a357d2b3f99
resnet,independent_rms,101,bandpass_n20003_cRA_covariance_s0,phase2/results/predictions/full/independent_rms/resnet/seed_101/bandpass_n20003_cRA_covariance_s0.npz,75785,182ee72144c65f95d5826a3afa1dba3b4b563dfb53da2286d7b2a4382385eed0
resnet,independent_rms,101,bandpass_n20003_cLA_independent_rms_s20,phase2/results/predictions/full/independent_rms/resnet/seed_101/bandpass_n20003_cLA_independent_rms_s20.npz,76507,ec1d2b5aa052ddf6f3975e5b05de4ed22fe44974dc28e7df652b65d6cbf326c3
resnet,independent_rms,101,bandpass_n20003_cLA_independent_rms_s15,phase2/results/predictions/full/independent_rms/resnet/seed_101/bandpass_n20003_cLA_independent_rms_s15.npz,76511,924fe07356ebf89c209941412fc50d94b32889c2b3c67a9cdd93ba68a3635546
resnet,independent_rms,101,bandpass_n20003_cLA_independent_rms_s10,phase2/results/predictions/full/independent_rms/resnet/seed_101/bandpass_n20003_cLA_independent_rms_s10.npz,76503,50940828e7f545c9ce60e1cc76fe1862d2d6ead1c506b88697a334cbdd87b88f
resnet,independent_rms,101,bandpass_n20003_cLA_independent_rms_s5,phase2/results/predictions/full/independent_rms/resnet/seed_101/bandpass_n20003_cLA_independent_rms_s5.npz,76361,4c07209142530bc53a6aef467315219efe4f9eeadbb4fd23619bc17550a88c31
resnet,independent_rms,101,bandpass_n20003_cLA_independent_rms_s0,phase2/results/predictions/full/independent_rms/resnet/seed_101/bandpass_n20003_cLA_independent_rms_s0.npz,75984,443422788cec2a1538da626a38e6454b7fd28ea51d0d023a345d05ba5eb22dbb
resnet,independent_rms,101,bandpass_n20003_cLA_electrode_s20,phase2/results/predictions/full/independent_rms/resnet/seed_101/bandpass_n20003_cLA_electrode_s20.npz,76469,d5446a559d46101b88ff9d3c4b06ad494775d3fa60106aaf6bc7f5d581088c6d
resnet,independent_rms,101,bandpass_n20003_cLA_electrode_s15,phase2/results/predictions/full/independent_rms/resnet/seed_101/bandpass_n20003_cLA_electrode_s15.npz,76485,5201289726e36aaca627893e4520cc329cd040bdf62adede0185bff933165470
resnet,independent_rms,101,bandpass_n20003_cLA_electrode_s10,phase2/results/predictions/full/independent_rms/resnet/seed_101/bandpass_n20003_cLA_electrode_s10.npz,76409,50427222690235ae4764b5494101ce99887505d406936308df84ad2a5daf74f2
resnet,independent_rms,101,bandpass_n20003_cLA_electrode_s5,phase2/results/predictions/full/independent_rms/resnet/seed_101/bandpass_n20003_cLA_electrode_s5.npz,76252,6f990a38614210e446c5e82b8af9955cd1e3c3c67465570a104b50bba39edf69
resnet,independent_rms,101,bandpass_n20003_cLA_electrode_s0,phase2/results/predictions/full/independent_rms/resnet/seed_101/bandpass_n20003_cLA_electrode_s0.npz,75921,e8e080b4fdf8a21f47094d0f02e456cd5afcc5eccd0100539d7d05bfd0421d86
resnet,independent_rms,101,bandpass_n20003_cLA_covariance_s20,phase2/results/predictions/full/independent_rms/resnet/seed_101/bandpass_n20003_cLA_covariance_s20.npz,76459,9e8c261f56584a4b573d704bf2c33b26c3f2b6ad11c13c43db0c6875757628a9
resnet,independent_rms,101,bandpass_n20003_cLA_covariance_s15,phase2/results/predictions/full/independent_rms/resnet/seed_101/bandpass_n20003_cLA_covariance_s15.npz,76480,137db3c3aa8838bbaa0c225b6caca981eb0e9d12ded992e6e84f62c96365e000
resnet,independent_rms,101,bandpass_n20003_cLA_covariance_s10,phase2/results/predictions/full/independent_rms/resnet/seed_101/bandpass_n20003_cLA_covariance_s10.npz,76436,3e1862ce1dd87f495f0aa6c1f0924b64b09796ad2aa53273a53b22f832870f20
resnet,independent_rms,101,bandpass_n20003_cLA_covariance_s5,phase2/results/predictions/full/independent_rms/resnet/seed_101/bandpass_n20003_cLA_covariance_s5.npz,76240,eafcabd4b86fc18e6f03bc895e201ca8119161c669d587eb78241c8eeb9828d7
resnet,independent_rms,101,bandpass_n20003_cLA_covariance_s0,phase2/results/predictions/full/independent_rms/resnet/seed_101/bandpass_n20003_cLA_covariance_s0.npz,75878,2a18fd2d5bf381096dee4b9bda5be7f809d90c1f37f32a0f3ef68abcf54f4ce3
resnet,independent_rms,101,bandpass_n20003_cLL_independent_rms_s20,phase2/results/predictions/full/independent_rms/resnet/seed_101/bandpass_n20003_cLL_independent_rms_s20.npz,76497,b93983f8ffa3cae8b7e7d2ad1d4ad9c24d5c9891fb273355f56e72b4cdd6632a
resnet,independent_rms,101,bandpass_n20003_cLL_independent_rms_s15,phase2/results/predictions/full/independent_rms/resnet/seed_101/bandpass_n20003_cLL_independent_rms_s15.npz,76477,52d422922eb7755436431d57ca55fb69eef91deb986584f578f0d3c9d6e1be9a
resnet,independent_rms,101,bandpass_n20003_cLL_independent_rms_s10,phase2/results/predictions/full/independent_rms/resnet/seed_101/bandpass_n20003_cLL_independent_rms_s10.npz,76461,1374a3d09820b9fb5129b863be708b3d6850e3ae5195fb4a886ded87b6254a6e
resnet,independent_rms,101,bandpass_n20003_cLL_independent_rms_s5,phase2/results/predictions/full/independent_rms/resnet/seed_101/bandpass_n20003_cLL_independent_rms_s5.npz,76271,1c094365a2c34732b167110e152aaf75b1516872651556424ead380606a9c2ff
resnet,independent_rms,101,bandpass_n20003_cLL_independent_rms_s0,phase2/results/predictions/full/independent_rms/resnet/seed_101/bandpass_n20003_cLL_independent_rms_s0.npz,75934,c348301428ce48d3aae5c0dc077f4f2d2789816af54bf806c2e896cf9aef6e75
resnet,independent_rms,101,bandpass_n20003_cLL_electrode_s20,phase2/results/predictions/full/independent_rms/resnet/seed_101/bandpass_n20003_cLL_electrode_s20.npz,76473,c1e74ee0d007e8571d4c2d97a8a1209bd1ef67e5e824ff6b17e64584d3b1482b
resnet,independent_rms,101,bandpass_n20003_cLL_electrode_s15,phase2/results/predictions/full/independent_rms/resnet/seed_101/bandpass_n20003_cLL_electrode_s15.npz,76456,8d80d3ac3761aa6bb42806c5d91ae0605ca9eadd2d55a331f01ad8926c69963d
resnet,independent_rms,101,bandpass_n20003_cLL_electrode_s10,phase2/results/predictions/full/independent_rms/resnet/seed_101/bandpass_n20003_cLL_electrode_s10.npz,76321,e52a176430f56c8c541a01f101cfa49e14804cb70202b4a6b0023f6ee5bfcd51
resnet,independent_rms,101,bandpass_n20003_cLL_electrode_s5,phase2/results/predictions/full/independent_rms/resnet/seed_101/bandpass_n20003_cLL_electrode_s5.npz,76067,41275c376e62221218073910aef42acd29be5835b6353e46d646f3d2833f79a9
resnet,independent_rms,101,bandpass_n20003_cLL_electrode_s0,phase2/results/predictions/full/independent_rms/resnet/seed_101/bandpass_n20003_cLL_electrode_s0.npz,75636,e7add34daf4b69133a98c67a10ddad76ab4914549e995c4a144703cb9f3d5999
resnet,independent_rms,101,bandpass_n20003_cLL_covariance_s20,phase2/results/predictions/full/independent_rms/resnet/seed_101/bandpass_n20003_cLL_covariance_s20.npz,76477,9ce5927eab9b34a97c6750a0c447c4d3a6f5dd85cf70bb9e4eb85ce1b324a01c
resnet,independent_rms,101,bandpass_n20003_cLL_covariance_s15,phase2/results/predictions/full/independent_rms/resnet/seed_101/bandpass_n20003_cLL_covariance_s15.npz,76410,245a30a720bf67f9498cd526704e28dfd6494fbf3513f588bdb881c5a2cb3e24
resnet,independent_rms,101,bandpass_n20003_cLL_covariance_s10,phase2/results/predictions/full/independent_rms/resnet/seed_101/bandpass_n20003_cLL_covariance_s10.npz,76360,50e6b3b67f158ec93c728bec8a05820e9fd17de792f73b3cba70ac2f647cf716
resnet,independent_rms,101,bandpass_n20003_cLL_covariance_s5,phase2/results/predictions/full/independent_rms/resnet/seed_101/bandpass_n20003_cLL_covariance_s5.npz,76056,647f1b8989cf0b299edc01ec254bd76966ab254cf610da34b3fd718157701fba
resnet,independent_rms,101,bandpass_n20003_cLL_covariance_s0,phase2/results/predictions/full/independent_rms/resnet/seed_101/bandpass_n20003_cLL_covariance_s0.npz,75640,4b6691c4503d205b6a11e558f97a32a5f9c48c7cf06d980237b52b6ce4ab0024
resnet,independent_rms,101,bandpass_n20003_cRA_V1_independent_rms_s20,phase2/results/predictions/full/independent_rms/resnet/seed_101/bandpass_n20003_cRA_V1_independent_rms_s20.npz,76508,c70accbd8854af07e020401af86a047e2eeeb040cde93e8eeaa4a04b9c5004d4
resnet,independent_rms,101,bandpass_n20003_cRA_V1_independent_rms_s15,phase2/results/predictions/full/independent_rms/resnet/seed_101/bandpass_n20003_cRA_V1_independent_rms_s15.npz,76507,4381e3800b521b06d1e5713542dac610cdd36fceb3ace5730bc67b48334a7688
resnet,independent_rms,101,bandpass_n20003_cRA_V1_independent_rms_s10,phase2/results/predictions/full/independent_rms/resnet/seed_101/bandpass_n20003_cRA_V1_independent_rms_s10.npz,76442,bb0776a8ceb1e88087a2d1e1ff252c5fd7f03250e1cc1f5258b18c83515d56cd
resnet,independent_rms,101,bandpass_n20003_cRA_V1_independent_rms_s5,phase2/results/predictions/full/independent_rms/resnet/seed_101/bandpass_n20003_cRA_V1_independent_rms_s5.npz,76311,eacd596e84705e0868030e37ee4f7edb909827fbe0851c5197fd05cee31837fc
resnet,independent_rms,101,bandpass_n20003_cRA_V1_independent_rms_s0,phase2/results/predictions/full/independent_rms/resnet/seed_101/bandpass_n20003_cRA_V1_independent_rms_s0.npz,76003,f391a55c3204b632035f6b5cdbc9f13bd6e8c108c88e1a8d35aa9530291242ab
resnet,independent_rms,101,bandpass_n20003_cRA_V1_electrode_s20,phase2/results/predictions/full/independent_rms/resnet/seed_101/bandpass_n20003_cRA_V1_electrode_s20.npz,76503,2c11cc4d2d0a73315b705b24847a302385f42c3e1d8143904273c363a5751376
resnet,independent_rms,101,bandpass_n20003_cRA_V1_electrode_s15,phase2/results/predictions/full/independent_rms/resnet/seed_101/bandpass_n20003_cRA_V1_electrode_s15.npz,76483,f5bd8dd76ce39fecb24b21b8c1687d4492e656355b5a395abfe92b85be1e2e46
resnet,independent_rms,101,bandpass_n20003_cRA_V1_electrode_s10,phase2/results/predictions/full/independent_rms/resnet/seed_101/bandpass_n20003_cRA_V1_electrode_s10.npz,76376,b2b069d5db18a0e1ca46ebff53c6dbea8679fea962a99663993612720fd93342
resnet,independent_rms,101,bandpass_n20003_cRA_V1_electrode_s5,phase2/results/predictions/full/independent_rms/resnet/seed_101/bandpass_n20003_cRA_V1_electrode_s5.npz,76191,595b9001d2972f318f4105d8b5588662463bd592200004954aab6daad07aa350
resnet,independent_rms,101,bandpass_n20003_cRA_V1_electrode_s0,phase2/results/predictions/full/independent_rms/resnet/seed_101/bandpass_n20003_cRA_V1_electrode_s0.npz,75794,c3b07cbaa59a348c447a02cb1a752bf71ac1c48141dd317929a3e31be846b32c
resnet,independent_rms,101,bandpass_n20003_cRA_V1_covariance_s20,phase2/results/predictions/full/independent_rms/resnet/seed_101/bandpass_n20003_cRA_V1_covariance_s20.npz,76512,dd8d498106d42d589072bee1d3ccfc1f619803445cdda9e7ed40752a8487b37a
resnet,independent_rms,101,bandpass_n20003_cRA_V1_covariance_s15,phase2/results/predictions/full/independent_rms/resnet/seed_101/bandpass_n20003_cRA_V1_covariance_s15.npz,76477,71254db9ea8c3613e69ca1be71ba09da17400cd44ddd9e8087d2255d5d897e25
resnet,independent_rms,101,bandpass_n20003_cRA_V1_covariance_s10,phase2/results/predictions/full/independent_rms/resnet/seed_101/bandpass_n20003_cRA_V1_covariance_s10.npz,76408,5bcdd1377e1192213c2d49eca77d897226d2110b5105ff67a8623d1dc7d4095b
resnet,independent_rms,101,bandpass_n20003_cRA_V1_covariance_s5,phase2/results/predictions/full/independent_rms/resnet/seed_101/bandpass_n20003_cRA_V1_covariance_s5.npz,76186,629f3f7594312e812c46b8149e5b911311cb7b59dd0a28942bcd9335f56e4a0d
resnet,independent_rms,101,bandpass_n20003_cRA_V1_covariance_s0,phase2/results/predictions/full/independent_rms/resnet/seed_101/bandpass_n20003_cRA_V1_covariance_s0.npz,75788,27b4422fc343fbf7a5e5f820d98463c9a8c4d6b4efa2c9401710b50d7eab4a25
resnet,independent_rms,101,bandpass_n20003_cLA_V6_independent_rms_s20,phase2/results/predictions/full/independent_rms/resnet/seed_101/bandpass_n20003_cLA_V6_independent_rms_s20.npz,76478,11771b36fb7124b607bb2232814ddf71f80c82d7769b5041c1e2636e0aca240d
resnet,independent_rms,101,bandpass_n20003_cLA_V6_independent_rms_s15,phase2/results/predictions/full/independent_rms/resnet/seed_101/bandpass_n20003_cLA_V6_independent_rms_s15.npz,76512,88191731de69fd14e2dd9eb683aee30e43cfae9773114a494fd8eb58954b22aa
resnet,independent_rms,101,bandpass_n20003_cLA_V6_independent_rms_s10,phase2/results/predictions/full/independent_rms/resnet/seed_101/bandpass_n20003_cLA_V6_independent_rms_s10.npz,76488,cd4ddd126999934c089ab3dce6b4b85199bd27482905e1c8105c6f25bde72b9b
resnet,independent_rms,101,bandpass_n20003_cLA_V6_independent_rms_s5,phase2/results/predictions/full/independent_rms/resnet/seed_101/bandpass_n20003_cLA_V6_independent_rms_s5.npz,76346,d93fd6c455c8b23d69f1e8643710dda2084eca2ffa7d130dc349c659a9024be4
resnet,independent_rms,101,bandpass_n20003_cLA_V6_independent_rms_s0,phase2/results/predictions/full/independent_rms/resnet/seed_101/bandpass_n20003_cLA_V6_independent_rms_s0.npz,76017,c2579d8d33acb0a1ce303e2ea420961cd9f31e29fd710dc5ad0c742dc6ca431e
resnet,independent_rms,101,bandpass_n20003_cLA_V6_electrode_s20,phase2/results/predictions/full/independent_rms/resnet/seed_101/bandpass_n20003_cLA_V6_electrode_s20.npz,76500,f834e54b7bb3101b639e1139cc04a1d2425f2bbc589d6c42fc7f13e9bb4920b6
resnet,independent_rms,101,bandpass_n20003_cLA_V6_electrode_s15,phase2/results/predictions/full/independent_rms/resnet/seed_101/bandpass_n20003_cLA_V6_electrode_s15.npz,76505,a00e1307fe2748a30c2241e39f9853cd8a21f115ccf5b6b68e5fd5748e7bb4c8
resnet,independent_rms,101,bandpass_n20003_cLA_V6_electrode_s10,phase2/results/predictions/full/independent_rms/resnet/seed_101/bandpass_n20003_cLA_V6_electrode_s10.npz,76438,b291b3f92cb7e2ab255c15ff637471dc90ea7f91d3a4ebf0d4680b8f52b33dda
resnet,independent_rms,101,bandpass_n20003_cLA_V6_electrode_s5,phase2/results/predictions/full/independent_rms/resnet/seed_101/bandpass_n20003_cLA_V6_electrode_s5.npz,76246,c5f77f4f0c1a3699f8b305084098dfeaabd7aed98917a81765feaad1ddfc27dd
resnet,independent_rms,101,bandpass_n20003_cLA_V6_electrode_s0,phase2/results/predictions/full/independent_rms/resnet/seed_101/bandpass_n20003_cLA_V6_electrode_s0.npz,75914,753670bbf946cc208a401721b0ff0869cc2a8ca49b4300991bfe52d85f9caa08
resnet,independent_rms,101,bandpass_n20003_cLA_V6_covariance_s20,phase2/results/predictions/full/independent_rms/resnet/seed_101/bandpass_n20003_cLA_V6_covariance_s20.npz,76498,448b1ab54a6ef41f04e4f151d7f9a9129b3df24b9ec5ed6f8be724f028cf87e1
resnet,independent_rms,101,bandpass_n20003_cLA_V6_covariance_s15,phase2/results/predictions/full/independent_rms/resnet/seed_101/bandpass_n20003_cLA_V6_covariance_s15.npz,76518,2823a36645ecb654c7671ba3daf57d0cdb9fc3969e43424bfcf3c0a21d6aeed8
resnet,independent_rms,101,bandpass_n20003_cLA_V6_covariance_s10,phase2/results/predictions/full/independent_rms/resnet/seed_101/bandpass_n20003_cLA_V6_covariance_s10.npz,76400,5ff16ddb98c66ed8f8127e8ec2286c4f1513d406468b63248b52c52633b37aee
resnet,independent_rms,101,bandpass_n20003_cLA_V6_covariance_s5,phase2/results/predictions/full/independent_rms/resnet/seed_101/bandpass_n20003_cLA_V6_covariance_s5.npz,76283,b019acbfb9f29ed67c9316ad9527057f05ee0c5513c0b56dc9772822141a7fe2
resnet,independent_rms,101,bandpass_n20003_cLA_V6_covariance_s0,phase2/results/predictions/full/independent_rms/resnet/seed_101/bandpass_n20003_cLA_V6_covariance_s0.npz,75939,954ef80c61b6b7411f53c5edd0362e461953bd24470e7089bf74662b9ee1a729
resnet,independent_rms,101,bandpass_n20003_cLL_V4_independent_rms_s20,phase2/results/predictions/full/independent_rms/resnet/seed_101/bandpass_n20003_cLL_V4_independent_rms_s20.npz,76518,2219bccaf551eee715c1567cc6a7ccf1055f8020ba2a85bd46b72c1e38488c35
resnet,independent_rms,101,bandpass_n20003_cLL_V4_independent_rms_s15,phase2/results/predictions/full/independent_rms/resnet/seed_101/bandpass_n20003_cLL_V4_independent_rms_s15.npz,76499,3bcfe3f006fb0b8acae2e4e7c557eef9c7d616707733a2a76fd3eb944c822aa3
resnet,independent_rms,101,bandpass_n20003_cLL_V4_independent_rms_s10,phase2/results/predictions/full/independent_rms/resnet/seed_101/bandpass_n20003_cLL_V4_independent_rms_s10.npz,76455,6f7fdd0fb46ef5674e693957ed4d188a3a5d17cba47a68aa690d45696d48d626
resnet,independent_rms,101,bandpass_n20003_cLL_V4_independent_rms_s5,phase2/results/predictions/full/independent_rms/resnet/seed_101/bandpass_n20003_cLL_V4_independent_rms_s5.npz,76337,80734f20bf2296785405999c43fd4779ff242568e0ac0d991fbf9cec5fc4b000
resnet,independent_rms,101,bandpass_n20003_cLL_V4_independent_rms_s0,phase2/results/predictions/full/independent_rms/resnet/seed_101/bandpass_n20003_cLL_V4_independent_rms_s0.npz,75950,7cbe2264acb82a8c4de717713a078e48045003ed054959923b4b6a26d8947883
resnet,independent_rms,101,bandpass_n20003_cLL_V4_electrode_s20,phase2/results/predictions/full/independent_rms/resnet/seed_101/bandpass_n20003_cLL_V4_electrode_s20.npz,76491,17b250628ad0c8762cfc2ddfd7732282446169eaa3ed70d23156c7a314d942ba
resnet,independent_rms,101,bandpass_n20003_cLL_V4_electrode_s15,phase2/results/predictions/full/independent_rms/resnet/seed_101/bandpass_n20003_cLL_V4_electrode_s15.npz,76485,99c54d161e82015e10df56bc34b5c0d95f3e1c1cd68ae7db97944dafbafacd85
resnet,independent_rms,101,bandpass_n20003_cLL_V4_electrode_s10,phase2/results/predictions/full/independent_rms/resnet/seed_101/bandpass_n20003_cLL_V4_electrode_s10.npz,76394,accfdae125496be8629daf27e380c62fd525033493f9e0c2069ae94caa9471df
resnet,independent_rms,101,bandpass_n20003_cLL_V4_electrode_s5,phase2/results/predictions/full/independent_rms/resnet/seed_101/bandpass_n20003_cLL_V4_electrode_s5.npz,76167,ff3c39819e9475ceb5a903241286429fd6af1cd2b7b7d8792e5ee1aa7a2a5725
resnet,independent_rms,101,bandpass_n20003_cLL_V4_electrode_s0,phase2/results/predictions/full/independent_rms/resnet/seed_101/bandpass_n20003_cLL_V4_electrode_s0.npz,75667,2c81eaa14dcb18773aae45bd1f5a9c0c2b642d7a35f10704948ca19c935be4e6
resnet,independent_rms,101,bandpass_n20003_cLL_V4_covariance_s20,phase2/results/predictions/full/independent_rms/resnet/seed_101/bandpass_n20003_cLL_V4_covariance_s20.npz,76476,394f03e6f5765d1d1d16107365660c3276ef9c9371c61d179827fd44448e9f3a
resnet,independent_rms,101,bandpass_n20003_cLL_V4_covariance_s15,phase2/results/predictions/full/independent_rms/resnet/seed_101/bandpass_n20003_cLL_V4_covariance_s15.npz,76452,63cc77e5c94ddb9850f77952dd3c3d56db2f192574e53f993593d23ff32d6f02
resnet,independent_rms,101,bandpass_n20003_cLL_V4_covariance_s10,phase2/results/predictions/full/independent_rms/resnet/seed_101/bandpass_n20003_cLL_V4_covariance_s10.npz,76368,ea00f379d7218ddd4cbb7dc30c3191ab47364b0c70a0f9a74da8aec5c17db241
resnet,independent_rms,101,bandpass_n20003_cLL_V4_covariance_s5,phase2/results/predictions/full/independent_rms/resnet/seed_101/bandpass_n20003_cLL_V4_covariance_s5.npz,76162,2235c53e50613a41aea44dcd45898188af1ba5d0591bfcbae1210f8d7f5d9c42
resnet,independent_rms,101,bandpass_n20003_cLL_V4_covariance_s0,phase2/results/predictions/full/independent_rms/resnet/seed_101/bandpass_n20003_cLL_V4_covariance_s0.npz,75675,6f25f1e961a325d616cd18cfdd9c599fc5781bc5d890886807f56df60b3b39c7
resnet,independent_rms,101,bandpass_n20003_cRA_LA_V1_V6_independent_rms_s20,phase2/results/predictions/full/independent_rms/resnet/seed_101/bandpass_n20003_cRA_LA_V1_V6_independent_rms_s20.npz,76538,9d5b8f285e3f8da89ad9890df12b069b8303d43046248dfed780d1fef47d6adf
resnet,independent_rms,101,bandpass_n20003_cRA_LA_V1_V6_independent_rms_s15,phase2/results/predictions/full/independent_rms/resnet/seed_101/bandpass_n20003_cRA_LA_V1_V6_independent_rms_s15.npz,76532,263194f454e08b93fb085f1f4f7d0722c8c583977eb468be3dc72089426bee57
resnet,independent_rms,101,bandpass_n20003_cRA_LA_V1_V6_independent_rms_s10,phase2/results/predictions/full/independent_rms/resnet/seed_101/bandpass_n20003_cRA_LA_V1_V6_independent_rms_s10.npz,76509,2eef8530dcaa3b3cfbdf846f6d5741e75ffe847d473f4b18c01f95f4b4603233
resnet,independent_rms,101,bandpass_n20003_cRA_LA_V1_V6_independent_rms_s5,phase2/results/predictions/full/independent_rms/resnet/seed_101/bandpass_n20003_cRA_LA_V1_V6_independent_rms_s5.npz,76352,b4d020d7ed7fea1d8cb15fb3136f67622d9631bceb33759f32daecd308c17196
resnet,independent_rms,101,bandpass_n20003_cRA_LA_V1_V6_independent_rms_s0,phase2/results/predictions/full/independent_rms/resnet/seed_101/bandpass_n20003_cRA_LA_V1_V6_independent_rms_s0.npz,76012,7a2f2e61adbdd9c85eee3cb7af83a8f47b2f16dc7f2f5fb77a04553bf7e82a92
resnet,independent_rms,101,bandpass_n20003_cRA_LA_V1_V6_electrode_s20,phase2/results/predictions/full/independent_rms/resnet/seed_101/bandpass_n20003_cRA_LA_V1_V6_electrode_s20.npz,76517,dd352db5a2aae05e0f18856a0200c2d6690c5dcead0eb4d79e90992a9c83538f
resnet,independent_rms,101,bandpass_n20003_cRA_LA_V1_V6_electrode_s15,phase2/results/predictions/full/independent_rms/resnet/seed_101/bandpass_n20003_cRA_LA_V1_V6_electrode_s15.npz,76459,0f820930281f9b5eb898c2c8d26f4e29abb5e236766d69791700a91e34f741c5
resnet,independent_rms,101,bandpass_n20003_cRA_LA_V1_V6_electrode_s10,phase2/results/predictions/full/independent_rms/resnet/seed_101/bandpass_n20003_cRA_LA_V1_V6_electrode_s10.npz,76453,d36373a29665ef6c29f1a087349dca73f02536993511a959b5814bd95099b55b
resnet,independent_rms,101,bandpass_n20003_cRA_LA_V1_V6_electrode_s5,phase2/results/predictions/full/independent_rms/resnet/seed_101/bandpass_n20003_cRA_LA_V1_V6_electrode_s5.npz,76248,f89385db46c05becef485862ef64eec38034a7677f6fea79530042be92775d43
resnet,independent_rms,101,bandpass_n20003_cRA_LA_V1_V6_electrode_s0,phase2/results/predictions/full/independent_rms/resnet/seed_101/bandpass_n20003_cRA_LA_V1_V6_electrode_s0.npz,75909,263fcdbc605614d9d6da086122bc58afb2aa696efc02646e0bf4d38a56e13c4c
resnet,independent_rms,101,bandpass_n20003_cRA_LA_V1_V6_covariance_s20,phase2/results/predictions/full/independent_rms/resnet/seed_101/bandpass_n20003_cRA_LA_V1_V6_covariance_s20.npz,76483,34320e6d6a2ad24b6f297193a74283771317261477e936c5b22057ae220f692f
resnet,independent_rms,101,bandpass_n20003_cRA_LA_V1_V6_covariance_s15,phase2/results/predictions/full/independent_rms/resnet/seed_101/bandpass_n20003_cRA_LA_V1_V6_covariance_s15.npz,76471,76ef604f373c6636467fc284f8dc1dea9ce7d54bd60eb6436b57c5e7b08bbabc
resnet,independent_rms,101,bandpass_n20003_cRA_LA_V1_V6_covariance_s10,phase2/results/predictions/full/independent_rms/resnet/seed_101/bandpass_n20003_cRA_LA_V1_V6_covariance_s10.npz,76420,7fee6e6d77780104dff43b304bde544e3605fd007eae1c02755474f638412a5c
resnet,independent_rms,101,bandpass_n20003_cRA_LA_V1_V6_covariance_s5,phase2/results/predictions/full/independent_rms/resnet/seed_101/bandpass_n20003_cRA_LA_V1_V6_covariance_s5.npz,76202,186df8548e21ab44d694d0074af6e36046a84c1777a77f3ed429a6494532cf73
resnet,independent_rms,101,bandpass_n20003_cRA_LA_V1_V6_covariance_s0,phase2/results/predictions/full/independent_rms/resnet/seed_101/bandpass_n20003_cRA_LA_V1_V6_covariance_s0.npz,75840,365abfbad18eb24f54718c97e70f922bc6248d9b2dbd5c699e79186f235fc296
resnet,independent_rms,101,bandpass_n20003_cRA_V2_V5_independent_rms_s20,phase2/results/predictions/full/independent_rms/resnet/seed_101/bandpass_n20003_cRA_V2_V5_independent_rms_s20.npz,76498,0e3c3d6c023c4150e23aeb10ccf4d996c1194d85a3ee47409c47770c31628ff4
resnet,independent_rms,101,bandpass_n20003_cRA_V2_V5_independent_rms_s15,phase2/results/predictions/full/independent_rms/resnet/seed_101/bandpass_n20003_cRA_V2_V5_independent_rms_s15.npz,76540,9153329ab3570e7c729aad8d395379a7d705ba383fcc87f80f9f1aba64dd260e
resnet,independent_rms,101,bandpass_n20003_cRA_V2_V5_independent_rms_s10,phase2/results/predictions/full/independent_rms/resnet/seed_101/bandpass_n20003_cRA_V2_V5_independent_rms_s10.npz,76517,5747369b5ac22d4e8e207eaeab6200067734fd3b18fd9de195b6511bf0e27220
resnet,independent_rms,101,bandpass_n20003_cRA_V2_V5_independent_rms_s5,phase2/results/predictions/full/independent_rms/resnet/seed_101/bandpass_n20003_cRA_V2_V5_independent_rms_s5.npz,76374,11265fffa7e75e58c591c4fb6ceb77d5f6aed0fc367d262e9cbec785047443fc
resnet,independent_rms,101,bandpass_n20003_cRA_V2_V5_independent_rms_s0,phase2/results/predictions/full/independent_rms/resnet/seed_101/bandpass_n20003_cRA_V2_V5_independent_rms_s0.npz,76029,8cd8214a1527a40ff91407e54ffb3bc136c02584a0a9259a0eef7f30f441f1a7
resnet,independent_rms,101,bandpass_n20003_cRA_V2_V5_electrode_s20,phase2/results/predictions/full/independent_rms/resnet/seed_101/bandpass_n20003_cRA_V2_V5_electrode_s20.npz,76486,cc30dc0025366456c1eb6d7a3d14928ac9e4e14fd2a15e2dc238b7093935a0cf
resnet,independent_rms,101,bandpass_n20003_cRA_V2_V5_electrode_s15,phase2/results/predictions/full/independent_rms/resnet/seed_101/bandpass_n20003_cRA_V2_V5_electrode_s15.npz,76476,32dd3f90025acc46025886e2882bdd824ff4128acfd2dd1243a17ff5beb9cc56
resnet,independent_rms,101,bandpass_n20003_cRA_V2_V5_electrode_s10,phase2/results/predictions/full/independent_rms/resnet/seed_101/bandpass_n20003_cRA_V2_V5_electrode_s10.npz,76394,b453ba71c49055573612def89f8919d4776bc6007d03044242e32df3a1bc0704
resnet,independent_rms,101,bandpass_n20003_cRA_V2_V5_electrode_s5,phase2/results/predictions/full/independent_rms/resnet/seed_101/bandpass_n20003_cRA_V2_V5_electrode_s5.npz,76245,441778877e98ac2e65636642a0fe2fde97f0f299b178106e6c36da83f8383235
resnet,independent_rms,101,bandpass_n20003_cRA_V2_V5_electrode_s0,phase2/results/predictions/full/independent_rms/resnet/seed_101/bandpass_n20003_cRA_V2_V5_electrode_s0.npz,75881,1000ed876aedbb7356fb08921baaf9fe79339ea977b4819a55ef368f6c736c38
resnet,independent_rms,101,bandpass_n20003_cRA_V2_V5_covariance_s20,phase2/results/predictions/full/independent_rms/resnet/seed_101/bandpass_n20003_cRA_V2_V5_covariance_s20.npz,76468,9085d371e14b8af1f71eb20502a997e9029ae3da5039d809e30ddd8195e8a0a0
resnet,independent_rms,101,bandpass_n20003_cRA_V2_V5_covariance_s15,phase2/results/predictions/full/independent_rms/resnet/seed_101/bandpass_n20003_cRA_V2_V5_covariance_s15.npz,76483,8c2251306c882f5175a3c63d3f77d8ed61750eeb7c33aac42fd5b9ed5477d4bf
resnet,independent_rms,101,bandpass_n20003_cRA_V2_V5_covariance_s10,phase2/results/predictions/full/independent_rms/resnet/seed_101/bandpass_n20003_cRA_V2_V5_covariance_s10.npz,76393,8681a0519b95a99ca667b5f2c3cfcacfcae47463aa205deb14c369b2fb967aea
resnet,independent_rms,101,bandpass_n20003_cRA_V2_V5_covariance_s5,phase2/results/predictions/full/independent_rms/resnet/seed_101/bandpass_n20003_cRA_V2_V5_covariance_s5.npz,76199,cb331b647bab97bad8857cb24f40d7d821cd82aa5e0e240772850d592674ea1e
resnet,independent_rms,101,bandpass_n20003_cRA_V2_V5_covariance_s0,phase2/results/predictions/full/independent_rms/resnet/seed_101/bandpass_n20003_cRA_V2_V5_covariance_s0.npz,75886,3c4d274a0197ce32358751d159f89b02a863af4da78a89a884963ef640e940cb
resnet,independent_rms,101,bandpass_n20003_cLA_V3_V6_independent_rms_s20,phase2/results/predictions/full/independent_rms/resnet/seed_101/bandpass_n20003_cLA_V3_V6_independent_rms_s20.npz,76500,a07fe05f12ba8e765097ca42ce8c5cc5a173795b81c61f6fa828aa51421b2fbb
resnet,independent_rms,101,bandpass_n20003_cLA_V3_V6_independent_rms_s15,phase2/results/predictions/full/independent_rms/resnet/seed_101/bandpass_n20003_cLA_V3_V6_independent_rms_s15.npz,76514,30adaf72a86aba2420964f2c72a4d0ef7c5efc37527a972bd5d6de64488661f4
resnet,independent_rms,101,bandpass_n20003_cLA_V3_V6_independent_rms_s10,phase2/results/predictions/full/independent_rms/resnet/seed_101/bandpass_n20003_cLA_V3_V6_independent_rms_s10.npz,76445,85bf2345a18176465f30baff6e6fd84733dded9cf663d4dc6b1795b1a7472128
resnet,independent_rms,101,bandpass_n20003_cLA_V3_V6_independent_rms_s5,phase2/results/predictions/full/independent_rms/resnet/seed_101/bandpass_n20003_cLA_V3_V6_independent_rms_s5.npz,76378,4d9c25d61cf4bb9b95606f482996d2ab709bcb42957f0fddb3c7bb4030963cee
resnet,independent_rms,101,bandpass_n20003_cLA_V3_V6_independent_rms_s0,phase2/results/predictions/full/independent_rms/resnet/seed_101/bandpass_n20003_cLA_V3_V6_independent_rms_s0.npz,76029,be41765fbc009a8a555df46a09a6c24587ca5b37678e3f72aa2ee31e5c500443
resnet,independent_rms,101,bandpass_n20003_cLA_V3_V6_electrode_s20,phase2/results/predictions/full/independent_rms/resnet/seed_101/bandpass_n20003_cLA_V3_V6_electrode_s20.npz,76512,2809b1fcd5c3f60f84f43924f1b4e4a2d6cba3bbd6e91221aa4a1f43e3ee3331
resnet,independent_rms,101,bandpass_n20003_cLA_V3_V6_electrode_s15,phase2/results/predictions/full/independent_rms/resnet/seed_101/bandpass_n20003_cLA_V3_V6_electrode_s15.npz,76519,5aefa9550ed5f0a3efef7982229dd44407f1e9f306e565c98e2127f0af3b5b7e
resnet,independent_rms,101,bandpass_n20003_cLA_V3_V6_electrode_s10,phase2/results/predictions/full/independent_rms/resnet/seed_101/bandpass_n20003_cLA_V3_V6_electrode_s10.npz,76406,c98aac641b5691cb81ad391373717855137b76fb804b0264f337de3eb0c3ce6b
resnet,independent_rms,101,bandpass_n20003_cLA_V3_V6_electrode_s5,phase2/results/predictions/full/independent_rms/resnet/seed_101/bandpass_n20003_cLA_V3_V6_electrode_s5.npz,76275,253b4fb3eacd3699ada81968de8ac52dfdec3e99ddd4e35b10f62653a2997e04
resnet,independent_rms,101,bandpass_n20003_cLA_V3_V6_electrode_s0,phase2/results/predictions/full/independent_rms/resnet/seed_101/bandpass_n20003_cLA_V3_V6_electrode_s0.npz,75969,ca20c7a726b45a9ea92a3606656e7e9896bd038f8426c80733d336aa7f2e3c8a
resnet,independent_rms,101,bandpass_n20003_cLA_V3_V6_covariance_s20,phase2/results/predictions/full/independent_rms/resnet/seed_101/bandpass_n20003_cLA_V3_V6_covariance_s20.npz,76500,82f5aba9050b4c3356ab51b9237b8b17849466acf9855e77c71fe22d128f6bf4
resnet,independent_rms,101,bandpass_n20003_cLA_V3_V6_covariance_s15,phase2/results/predictions/full/independent_rms/resnet/seed_101/bandpass_n20003_cLA_V3_V6_covariance_s15.npz,76489,7c50e4e98d4bbf61189f6271f6b9a3a901b27a8af3ba24e2daa3891e3a7232c5
resnet,independent_rms,101,bandpass_n20003_cLA_V3_V6_covariance_s10,phase2/results/predictions/full/independent_rms/resnet/seed_101/bandpass_n20003_cLA_V3_V6_covariance_s10.npz,76441,953ec1c8edf9020b98c0c9944e194feb0654b17f56a7c3bf95773132edf0ee2b
resnet,independent_rms,101,bandpass_n20003_cLA_V3_V6_covariance_s5,phase2/results/predictions/full/independent_rms/resnet/seed_101/bandpass_n20003_cLA_V3_V6_covariance_s5.npz,76254,e8158136899f28b958699e6e13c0cfe73e7c43f6db5f61f7a2caff4a811cef2d
resnet,independent_rms,101,bandpass_n20003_cLA_V3_V6_covariance_s0,phase2/results/predictions/full/independent_rms/resnet/seed_101/bandpass_n20003_cLA_V3_V6_covariance_s0.npz,75931,968908220a8b4dfcdb28e979bbc9f013c14ff8c49baf87f6fa9ac631338137a3
resnet,independent_rms,101,bandpass_n20003_cLL_V1_V4_independent_rms_s20,phase2/results/predictions/full/independent_rms/resnet/seed_101/bandpass_n20003_cLL_V1_V4_independent_rms_s20.npz,76524,50a4d1875d0a2488a46e888a95126cba56e08814457cfca865d16857d17d3005
resnet,independent_rms,101,bandpass_n20003_cLL_V1_V4_independent_rms_s15,phase2/results/predictions/full/independent_rms/resnet/seed_101/bandpass_n20003_cLL_V1_V4_independent_rms_s15.npz,76514,9b4dd54ec4df840ac15329d3b381da797541c7050ffa54435de3cc322c8581cb
resnet,independent_rms,101,bandpass_n20003_cLL_V1_V4_independent_rms_s10,phase2/results/predictions/full/independent_rms/resnet/seed_101/bandpass_n20003_cLL_V1_V4_independent_rms_s10.npz,76461,193b9d3a73fc10c2207428d3c04c96ef1c9b07feec41a31723009310b67cdf83
resnet,independent_rms,101,bandpass_n20003_cLL_V1_V4_independent_rms_s5,phase2/results/predictions/full/independent_rms/resnet/seed_101/bandpass_n20003_cLL_V1_V4_independent_rms_s5.npz,76325,f74551a7fde21d03fb7cf7fe14c060d602ea57eb02fe34f9d1a13df9ea4854e9
resnet,independent_rms,101,bandpass_n20003_cLL_V1_V4_independent_rms_s0,phase2/results/predictions/full/independent_rms/resnet/seed_101/bandpass_n20003_cLL_V1_V4_independent_rms_s0.npz,75943,58ea9e0355dfbe2b79c15b2bfcbaf51701f28ef2734939fc82e3b051c1b78a74
resnet,independent_rms,101,bandpass_n20003_cLL_V1_V4_electrode_s20,phase2/results/predictions/full/independent_rms/resnet/seed_101/bandpass_n20003_cLL_V1_V4_electrode_s20.npz,76505,4715330330ac312928649e3c0c3a41f31e0b185d58442a5ba8b8ea279f26419c
resnet,independent_rms,101,bandpass_n20003_cLL_V1_V4_electrode_s15,phase2/results/predictions/full/independent_rms/resnet/seed_101/bandpass_n20003_cLL_V1_V4_electrode_s15.npz,76457,7ff9c7bfd93ba41c777bdabb1f26006a430d86aaa2566266e1f6f5a77e1c16ec
resnet,independent_rms,101,bandpass_n20003_cLL_V1_V4_electrode_s10,phase2/results/predictions/full/independent_rms/resnet/seed_101/bandpass_n20003_cLL_V1_V4_electrode_s10.npz,76384,0eb07f4d7934582cea03bd2202a393a018fcf0f3d9c659592ae243dc652021f3
resnet,independent_rms,101,bandpass_n20003_cLL_V1_V4_electrode_s5,phase2/results/predictions/full/independent_rms/resnet/seed_101/bandpass_n20003_cLL_V1_V4_electrode_s5.npz,76190,4645082fbc3e60b619f39a525ebd44abb3001a1a84cfc7d4fa792df8cf14cf82
resnet,independent_rms,101,bandpass_n20003_cLL_V1_V4_electrode_s0,phase2/results/predictions/full/independent_rms/resnet/seed_101/bandpass_n20003_cLL_V1_V4_electrode_s0.npz,75676,92bcc328853add7e626c31e5ef27d844062a98b1492119580bbd01b376542cf4
resnet,independent_rms,101,bandpass_n20003_cLL_V1_V4_covariance_s20,phase2/results/predictions/full/independent_rms/resnet/seed_101/bandpass_n20003_cLL_V1_V4_covariance_s20.npz,76469,2d08d3ab5442b276e3c475f89c0e30aaa8421a8075521298753d0c22f98c5ae6
resnet,independent_rms,101,bandpass_n20003_cLL_V1_V4_covariance_s15,phase2/results/predictions/full/independent_rms/resnet/seed_101/bandpass_n20003_cLL_V1_V4_covariance_s15.npz,76448,709be0552129a74f25c868585b635ff25dd34de82279a6019ee2e61450046639
resnet,independent_rms,101,bandpass_n20003_cLL_V1_V4_covariance_s10,phase2/results/predictions/full/independent_rms/resnet/seed_101/bandpass_n20003_cLL_V1_V4_covariance_s10.npz,76411,0defb1de31de7a1e5aee9cf4f464da6785698709740dd9a1bd9350aae8d090f7
resnet,independent_rms,101,bandpass_n20003_cLL_V1_V4_covariance_s5,phase2/results/predictions/full/independent_rms/resnet/seed_101/bandpass_n20003_cLL_V1_V4_covariance_s5.npz,76153,aab38e96c39bd4e958748d07e69b7e9e1fb39e0ca3b2679228102299f3602250
resnet,independent_rms,101,bandpass_n20003_cLL_V1_V4_covariance_s0,phase2/results/predictions/full/independent_rms/resnet/seed_101/bandpass_n20003_cLL_V1_V4_covariance_s0.npz,75655,533413b39292b290e6fb893ee3786efc302cea9c8cd1442b815fa0f606c9c934
resnet,independent_rms,101,bandpass_n20003_call_independent_rms_s20,phase2/results/predictions/full/independent_rms/resnet/seed_101/bandpass_n20003_call_independent_rms_s20.npz,76461,9a3631acf9d7baf77c8b84d9464bae07ad4b60d54bee08c30761f85967aa9ef7
resnet,independent_rms,101,bandpass_n20003_call_independent_rms_s15,phase2/results/predictions/full/independent_rms/resnet/seed_101/bandpass_n20003_call_independent_rms_s15.npz,76451,ff8cf059ccab0b334e37ab541ca5470ad30712ce8ba5647801a2b6932bf5917b
resnet,independent_rms,101,bandpass_n20003_call_independent_rms_s10,phase2/results/predictions/full/independent_rms/resnet/seed_101/bandpass_n20003_call_independent_rms_s10.npz,76437,97ba8c5031c733040c8dd913ed6dd05d72477746e05aea95b57f2afb741a419a
resnet,independent_rms,101,bandpass_n20003_call_independent_rms_s5,phase2/results/predictions/full/independent_rms/resnet/seed_101/bandpass_n20003_call_independent_rms_s5.npz,76307,fd6d79055b87402e1573faacd6955772b25326475b5d5cc5d25ed1c620660482
resnet,independent_rms,101,bandpass_n20003_call_independent_rms_s0,phase2/results/predictions/full/independent_rms/resnet/seed_101/bandpass_n20003_call_independent_rms_s0.npz,76001,56b2206c5003a102d45e1a6da7d4d37983647e50e5d498a9b5a12db09dc5b08c
resnet,independent_rms,101,bandpass_n20003_call_electrode_s20,phase2/results/predictions/full/independent_rms/resnet/seed_101/bandpass_n20003_call_electrode_s20.npz,76455,7b72450e43d8f562f7ca4491475cf41fecb012266692592c9bc1a2f90ad6cc81
resnet,independent_rms,101,bandpass_n20003_call_electrode_s15,phase2/results/predictions/full/independent_rms/resnet/seed_101/bandpass_n20003_call_electrode_s15.npz,76411,0219e1ef55b266819e720ea9053aae0de02783578025bf070e20418a40a89730
resnet,independent_rms,101,bandpass_n20003_call_electrode_s10,phase2/results/predictions/full/independent_rms/resnet/seed_101/bandpass_n20003_call_electrode_s10.npz,76395,d49fd3df3325fe603eea30fa89c1f62c3d881f853e51d44492586abaf94bf2ba
resnet,independent_rms,101,bandpass_n20003_call_electrode_s5,phase2/results/predictions/full/independent_rms/resnet/seed_101/bandpass_n20003_call_electrode_s5.npz,76194,99e4f5e8093042e2e0d31cf7d1f860049b152a2c1acbe55164ab225142159154
resnet,independent_rms,101,bandpass_n20003_call_electrode_s0,phase2/results/predictions/full/independent_rms/resnet/seed_101/bandpass_n20003_call_electrode_s0.npz,75711,271bedb57599265e3a829f4619b465d19a9607e813073e099cc43d006c2376c6
resnet,independent_rms,101,bandpass_n20003_call_covariance_s20,phase2/results/predictions/full/independent_rms/resnet/seed_101/bandpass_n20003_call_covariance_s20.npz,76470,a1c33341c074be61c3de151ebbc821b85f5152cf305b24e8e04cd0d652e21c9e
resnet,independent_rms,101,bandpass_n20003_call_covariance_s15,phase2/results/predictions/full/independent_rms/resnet/seed_101/bandpass_n20003_call_covariance_s15.npz,76462,972c4141ac64057964916cb3699ccbf225b3dfecaacafdca88b6b3222c316c37
resnet,independent_rms,101,bandpass_n20003_call_covariance_s10,phase2/results/predictions/full/independent_rms/resnet/seed_101/bandpass_n20003_call_covariance_s10.npz,76377,14c9d73b199a710b0a5e22257bbe6a83ae67c8d36654e22dd3704e074490e605
resnet,independent_rms,101,bandpass_n20003_call_covariance_s5,phase2/results/predictions/full/independent_rms/resnet/seed_101/bandpass_n20003_call_covariance_s5.npz,76191,5baa652a6caa957cbcac555078cad6fbbb1c02ceca67055e04eeb3a3bbf94c4e
resnet,independent_rms,101,bandpass_n20003_call_covariance_s0,phase2/results/predictions/full/independent_rms/resnet/seed_101/bandpass_n20003_call_covariance_s0.npz,75694,4e5839b885447b637a5bb2dc921f5fde22bf0d874f8b5de401e4f0e0815740fb
resnet,independent_rms,101,bandpass_n20004_cRA_LA_LL_independent_rms_s20,phase2/results/predictions/full/independent_rms/resnet/seed_101/bandpass_n20004_cRA_LA_LL_independent_rms_s20.npz,76492,3fc194a2b69737258f4c2fd1725b9815acd2b7e43c6a716f6b11bb128809e0aa
resnet,independent_rms,101,bandpass_n20004_cRA_LA_LL_independent_rms_s15,phase2/results/predictions/full/independent_rms/resnet/seed_101/bandpass_n20004_cRA_LA_LL_independent_rms_s15.npz,76544,2e130457502c6619ec20f8f824463d067f96b039ee3da1f8304bd249f998257a
resnet,independent_rms,101,bandpass_n20004_cRA_LA_LL_independent_rms_s10,phase2/results/predictions/full/independent_rms/resnet/seed_101/bandpass_n20004_cRA_LA_LL_independent_rms_s10.npz,76459,f5385fa27b044a6e6da83b3348ee12b8809a0720b2a56a68ec4adc065b766108
resnet,independent_rms,101,bandpass_n20004_cRA_LA_LL_independent_rms_s5,phase2/results/predictions/full/independent_rms/resnet/seed_101/bandpass_n20004_cRA_LA_LL_independent_rms_s5.npz,76345,2fdf261966ac7bbd71c6f05abde12d8ca5265a486605129f47a887ea8418fc83
resnet,independent_rms,101,bandpass_n20004_cRA_LA_LL_independent_rms_s0,phase2/results/predictions/full/independent_rms/resnet/seed_101/bandpass_n20004_cRA_LA_LL_independent_rms_s0.npz,76012,cc976356f4da058668f37b5c64501bdbdb0cc9ca0fd32c1212da12ff5522aae4
resnet,independent_rms,101,bandpass_n20004_cRA_LA_LL_electrode_s20,phase2/results/predictions/full/independent_rms/resnet/seed_101/bandpass_n20004_cRA_LA_LL_electrode_s20.npz,76487,380baa15161d0cb0094dde91ce305466c45fe3bfa5bfe706bd0b002153b17545
resnet,independent_rms,101,bandpass_n20004_cRA_LA_LL_electrode_s15,phase2/results/predictions/full/independent_rms/resnet/seed_101/bandpass_n20004_cRA_LA_LL_electrode_s15.npz,76444,9fed924ad7214d7a80c417ebb21393d8f622157f15ad36f1bb099409f364a4f4
resnet,independent_rms,101,bandpass_n20004_cRA_LA_LL_electrode_s10,phase2/results/predictions/full/independent_rms/resnet/seed_101/bandpass_n20004_cRA_LA_LL_electrode_s10.npz,76393,779ee602be1abd22286e153de7d9c726706cb05f82d640b71adc3642adb8e4a9
resnet,independent_rms,101,bandpass_n20004_cRA_LA_LL_electrode_s5,phase2/results/predictions/full/independent_rms/resnet/seed_101/bandpass_n20004_cRA_LA_LL_electrode_s5.npz,76126,49be3c56e5469b9f82d0712796f2a12e1712077e02f77909d23a03b1e2eb65e5
resnet,independent_rms,101,bandpass_n20004_cRA_LA_LL_electrode_s0,phase2/results/predictions/full/independent_rms/resnet/seed_101/bandpass_n20004_cRA_LA_LL_electrode_s0.npz,75648,a8eb2caf13d92c65db0c3fd75f28a54422b4a9c10fd703d6435f4b3d21dc9e4c
resnet,independent_rms,101,bandpass_n20004_cRA_LA_LL_covariance_s20,phase2/results/predictions/full/independent_rms/resnet/seed_101/bandpass_n20004_cRA_LA_LL_covariance_s20.npz,76487,876ba0ea066020121fd95ce82811b55684eeb85bc2ce274b1abf809663ce88a8
resnet,independent_rms,101,bandpass_n20004_cRA_LA_LL_covariance_s15,phase2/results/predictions/full/independent_rms/resnet/seed_101/bandpass_n20004_cRA_LA_LL_covariance_s15.npz,76453,f8e21139117dd7c44adae87d8c3a26efe983775aad04f900f89c7e35e7e0188b
resnet,independent_rms,101,bandpass_n20004_cRA_LA_LL_covariance_s10,phase2/results/predictions/full/independent_rms/resnet/seed_101/bandpass_n20004_cRA_LA_LL_covariance_s10.npz,76393,005bb2756ce7dbbeb042b9f935ea72a4e264fc5bc0cd544a947e73ce1bf4e659
resnet,independent_rms,101,bandpass_n20004_cRA_LA_LL_covariance_s5,phase2/results/predictions/full/independent_rms/resnet/seed_101/bandpass_n20004_cRA_LA_LL_covariance_s5.npz,76123,e82e41d6ed06d46b8cc8568dcc8172337b37cddf75427c9eca4539a41129383e
resnet,independent_rms,101,bandpass_n20004_cRA_LA_LL_covariance_s0,phase2/results/predictions/full/independent_rms/resnet/seed_101/bandpass_n20004_cRA_LA_LL_covariance_s0.npz,75677,1e0083f6a17d906914ed9f3c5ba5bf1115c1a22378e3458da999ef32a7a10057
resnet,independent_rms,101,bandpass_n20004_cV1_independent_rms_s20,phase2/results/predictions/full/independent_rms/resnet/seed_101/bandpass_n20004_cV1_independent_rms_s20.npz,76493,15409a589f5c37f7ab658ee1001b11457d56da584004324cf33b9642a9c8cdf3
resnet,independent_rms,101,bandpass_n20004_cV1_independent_rms_s15,phase2/results/predictions/full/independent_rms/resnet/seed_101/bandpass_n20004_cV1_independent_rms_s15.npz,76474,7dc79a24dc37edd8c37d25b5a6c7427a3b82d37fcdc388530757fddc7945661e
resnet,independent_rms,101,bandpass_n20004_cV1_independent_rms_s10,phase2/results/predictions/full/independent_rms/resnet/seed_101/bandpass_n20004_cV1_independent_rms_s10.npz,76428,a540294ccf2d04c4650469a5315adda81708c99830c2596efe867805a3282bf5
resnet,independent_rms,101,bandpass_n20004_cV1_independent_rms_s5,phase2/results/predictions/full/independent_rms/resnet/seed_101/bandpass_n20004_cV1_independent_rms_s5.npz,76208,54f3bbae23ffa25f33b7866238be222cad5d40f3895e884f1234db872840633c
resnet,independent_rms,101,bandpass_n20004_cV1_independent_rms_s0,phase2/results/predictions/full/independent_rms/resnet/seed_101/bandpass_n20004_cV1_independent_rms_s0.npz,75717,40bd50b204115fa9c12ef8d7cd94fd433ad26e9488bae091d9ca7e7e35e208e4
resnet,independent_rms,101,bandpass_n20004_cV1_electrode_s20,phase2/results/predictions/full/independent_rms/resnet/seed_101/bandpass_n20004_cV1_electrode_s20.npz,76489,d2c309b2b6600c9032d5dad4341890d1667da6152a7ec951bb6fc5bf5542add1
resnet,independent_rms,101,bandpass_n20004_cV1_electrode_s15,phase2/results/predictions/full/independent_rms/resnet/seed_101/bandpass_n20004_cV1_electrode_s15.npz,76456,1528c6c927fbe4b025473b1f250d7e1a9183041e457194a3bb0b333c559c6d34
resnet,independent_rms,101,bandpass_n20004_cV1_electrode_s10,phase2/results/predictions/full/independent_rms/resnet/seed_101/bandpass_n20004_cV1_electrode_s10.npz,76389,5bc830ae945c418efaf858f4363b1e785ec4260350d76bbc2af490d2cdc814e8
resnet,independent_rms,101,bandpass_n20004_cV1_electrode_s5,phase2/results/predictions/full/independent_rms/resnet/seed_101/bandpass_n20004_cV1_electrode_s5.npz,76198,1cb0d6b3e63ca45a8a614997af18f62812cbb0a877e9ffa38f20fe8b9755606b
resnet,independent_rms,101,bandpass_n20004_cV1_electrode_s0,phase2/results/predictions/full/independent_rms/resnet/seed_101/bandpass_n20004_cV1_electrode_s0.npz,75640,501d796cba62f58acf5d74d1c16560006a15ba1a70dfffe7240b15e1d8966881
resnet,independent_rms,101,bandpass_n20004_cV1_covariance_s20,phase2/results/predictions/full/independent_rms/resnet/seed_101/bandpass_n20004_cV1_covariance_s20.npz,76495,83622a71d926d4480248730fffdea3e063bc508f2295da447f9b5e0762b2e2e2
resnet,independent_rms,101,bandpass_n20004_cV1_covariance_s15,phase2/results/predictions/full/independent_rms/resnet/seed_101/bandpass_n20004_cV1_covariance_s15.npz,76483,891c95cfef8e153f2b27d5aae3cc48fa274160bf4845e589eff932bbd9a04a50
resnet,independent_rms,101,bandpass_n20004_cV1_covariance_s10,phase2/results/predictions/full/independent_rms/resnet/seed_101/bandpass_n20004_cV1_covariance_s10.npz,76406,08667928d3a337d84c41166d6eccc6ff2a7db8925841ce2e4b8a5349a89484fd
resnet,independent_rms,101,bandpass_n20004_cV1_covariance_s5,phase2/results/predictions/full/independent_rms/resnet/seed_101/bandpass_n20004_cV1_covariance_s5.npz,76224,0d24c528342051e03927ab68fce4060978ec291a475b3143c7b00d1f532dd001
resnet,independent_rms,101,bandpass_n20004_cV1_covariance_s0,phase2/results/predictions/full/independent_rms/resnet/seed_101/bandpass_n20004_cV1_covariance_s0.npz,75648,892f9baf3adbf6d5386b1cfe6eee50c141a0561d7826e4367ef6cc49b73f70e7
resnet,independent_rms,101,bandpass_n20004_cV2_independent_rms_s20,phase2/results/predictions/full/independent_rms/resnet/seed_101/bandpass_n20004_cV2_independent_rms_s20.npz,76490,a54317dbc92b08336cfd01c087e55b84f85e24c5d452712e1247ade0585a9ab1
resnet,independent_rms,101,bandpass_n20004_cV2_independent_rms_s15,phase2/results/predictions/full/independent_rms/resnet/seed_101/bandpass_n20004_cV2_independent_rms_s15.npz,76504,60938c12ce570df2e95d1c25c7b6a936dbb1098f7f578d88dba0c583b5e959c0
resnet,independent_rms,101,bandpass_n20004_cV2_independent_rms_s10,phase2/results/predictions/full/independent_rms/resnet/seed_101/bandpass_n20004_cV2_independent_rms_s10.npz,76485,b9f99fc1be63a27f3d6421d0fdc9faaf2a9fa3f4998ab65421ecb96358c03238
resnet,independent_rms,101,bandpass_n20004_cV2_independent_rms_s5,phase2/results/predictions/full/independent_rms/resnet/seed_101/bandpass_n20004_cV2_independent_rms_s5.npz,76361,21563e083fb35629463a157fad6ec22434922c3bc92acf5ff8870838e5759f45
resnet,independent_rms,101,bandpass_n20004_cV2_independent_rms_s0,phase2/results/predictions/full/independent_rms/resnet/seed_101/bandpass_n20004_cV2_independent_rms_s0.npz,76023,965cfff36ee12465db730405e668a76acf56a4f06580f3fb217b98d515002091
resnet,independent_rms,101,bandpass_n20004_cV2_electrode_s20,phase2/results/predictions/full/independent_rms/resnet/seed_101/bandpass_n20004_cV2_electrode_s20.npz,76482,93c8326492975ddebf96de84c77b79652dc7efa68b4e9f01f1d52b5dc37cd182
resnet,independent_rms,101,bandpass_n20004_cV2_electrode_s15,phase2/results/predictions/full/independent_rms/resnet/seed_101/bandpass_n20004_cV2_electrode_s15.npz,76485,845f3f46941f8f0cda0de922cc5966a47db150556092d46f8ab01b09655c00ad
resnet,independent_rms,101,bandpass_n20004_cV2_electrode_s10,phase2/results/predictions/full/independent_rms/resnet/seed_101/bandpass_n20004_cV2_electrode_s10.npz,76457,571557fe1e7ff5b27e32f3c1620cbfed45c0153dc8602bed87e8e5091b207fad
resnet,independent_rms,101,bandpass_n20004_cV2_electrode_s5,phase2/results/predictions/full/independent_rms/resnet/seed_101/bandpass_n20004_cV2_electrode_s5.npz,76334,abee4f3333bfebffc15df26a6ee12f6ef2f74ee03d391de9761ed5cb858b19f9
resnet,independent_rms,101,bandpass_n20004_cV2_electrode_s0,phase2/results/predictions/full/independent_rms/resnet/seed_101/bandpass_n20004_cV2_electrode_s0.npz,76004,c6a2acdcb6376e9ffd866f3abdf1bdfacfd13bb06d8745ae96aaf092d7392de1
resnet,independent_rms,101,bandpass_n20004_cV2_covariance_s20,phase2/results/predictions/full/independent_rms/resnet/seed_101/bandpass_n20004_cV2_covariance_s20.npz,76451,c67b61c585c6b167df1b15f48291b11138b8af4e040e0c1f459e3c848e734c98
resnet,independent_rms,101,bandpass_n20004_cV2_covariance_s15,phase2/results/predictions/full/independent_rms/resnet/seed_101/bandpass_n20004_cV2_covariance_s15.npz,76495,984d534dd7b6cd35a595b67e1b8f94d78c48a4927d69bd4f8f03de9b3760d992
resnet,independent_rms,101,bandpass_n20004_cV2_covariance_s10,phase2/results/predictions/full/independent_rms/resnet/seed_101/bandpass_n20004_cV2_covariance_s10.npz,76450,fcad3cac46997acee4a521dc601bbd80110c95bdb59556dc7678cf1989dbf7ee
resnet,independent_rms,101,bandpass_n20004_cV2_covariance_s5,phase2/results/predictions/full/independent_rms/resnet/seed_101/bandpass_n20004_cV2_covariance_s5.npz,76295,c903786d5ac6f10866c314087c317a0b91e2cf6c464c07da60cf2ae4a519edc7
resnet,independent_rms,101,bandpass_n20004_cV2_covariance_s0,phase2/results/predictions/full/independent_rms/resnet/seed_101/bandpass_n20004_cV2_covariance_s0.npz,75974,1b73d6b9dfe9e337807a23505fd7f0755e34cb1aa7d2f63b1cf751987ddb5fe2
resnet,independent_rms,101,bandpass_n20004_cV3_independent_rms_s20,phase2/results/predictions/full/independent_rms/resnet/seed_101/bandpass_n20004_cV3_independent_rms_s20.npz,76478,760ca008a410b7e832c4fd4a57be8587b8f7ad46f9651e8342e0f248d2d08126
resnet,independent_rms,101,bandpass_n20004_cV3_independent_rms_s15,phase2/results/predictions/full/independent_rms/resnet/seed_101/bandpass_n20004_cV3_independent_rms_s15.npz,76454,cacd4364c8766c8720a8ee99aaf6054dc0ec0a74bbda1ae939ff88dee613d161
resnet,independent_rms,101,bandpass_n20004_cV3_independent_rms_s10,phase2/results/predictions/full/independent_rms/resnet/seed_101/bandpass_n20004_cV3_independent_rms_s10.npz,76440,334d03254960a2acd92d526f021c54f6b534cc4ae08a3f4535eed86bd3b0ee02
resnet,independent_rms,101,bandpass_n20004_cV3_independent_rms_s5,phase2/results/predictions/full/independent_rms/resnet/seed_101/bandpass_n20004_cV3_independent_rms_s5.npz,76330,8e6390aa623e9c0ce96e05107796961fca9efd9cfb0a3623fca7d0623ddb76c1
resnet,independent_rms,101,bandpass_n20004_cV3_independent_rms_s0,phase2/results/predictions/full/independent_rms/resnet/seed_101/bandpass_n20004_cV3_independent_rms_s0.npz,76002,74f26539abf792c36cd929f5b6703cbd2811553f7f1a16c32bdf3c54ed1a61e0
resnet,independent_rms,101,bandpass_n20004_cV3_electrode_s20,phase2/results/predictions/full/independent_rms/resnet/seed_101/bandpass_n20004_cV3_electrode_s20.npz,76468,79c7532eabd44bef92e3d26c301a41d695e014f45de84fc6e9a5eb28aaa81225
resnet,independent_rms,101,bandpass_n20004_cV3_electrode_s15,phase2/results/predictions/full/independent_rms/resnet/seed_101/bandpass_n20004_cV3_electrode_s15.npz,76453,ad56c2db9789f9760e3b5154b27ca8f8dc2079d9135456fa64b99ac37808c263
resnet,independent_rms,101,bandpass_n20004_cV3_electrode_s10,phase2/results/predictions/full/independent_rms/resnet/seed_101/bandpass_n20004_cV3_electrode_s10.npz,76452,1cb8d8addd386ef44e4f0c0254f5cad231ae00df33e0bb007f83c4a927a966fa
resnet,independent_rms,101,bandpass_n20004_cV3_electrode_s5,phase2/results/predictions/full/independent_rms/resnet/seed_101/bandpass_n20004_cV3_electrode_s5.npz,76273,b15c50481d3f84646b7c7d5b98e16565a91e1486bfc470a465b9bc4353ffd4ed
resnet,independent_rms,101,bandpass_n20004_cV3_electrode_s0,phase2/results/predictions/full/independent_rms/resnet/seed_101/bandpass_n20004_cV3_electrode_s0.npz,75960,63c1708a4172468f700bb572681990c0bdb120f95dfbfdbe681d3478adf06d7b
resnet,independent_rms,101,bandpass_n20004_cV3_covariance_s20,phase2/results/predictions/full/independent_rms/resnet/seed_101/bandpass_n20004_cV3_covariance_s20.npz,76456,55a102a98aa2842d05b42270790aa2b344e231b0ee2470fbc00907545463e0d4
resnet,independent_rms,101,bandpass_n20004_cV3_covariance_s15,phase2/results/predictions/full/independent_rms/resnet/seed_101/bandpass_n20004_cV3_covariance_s15.npz,76501,2512415e7e575d043b2afa54254fcc908da4a831b751ad5ba0b2828c99d0cb1c
resnet,independent_rms,101,bandpass_n20004_cV3_covariance_s10,phase2/results/predictions/full/independent_rms/resnet/seed_101/bandpass_n20004_cV3_covariance_s10.npz,76459,a7ba514519f31df3a7230ace5e515f966c0dfbf1abcf9c80495bda8610d09ea4
resnet,independent_rms,101,bandpass_n20004_cV3_covariance_s5,phase2/results/predictions/full/independent_rms/resnet/seed_101/bandpass_n20004_cV3_covariance_s5.npz,76306,d57b110d4c9d7a92dfa7d2c74fe082a2ac26398742940a231a563b19e006ef4a
resnet,independent_rms,101,bandpass_n20004_cV3_covariance_s0,phase2/results/predictions/full/independent_rms/resnet/seed_101/bandpass_n20004_cV3_covariance_s0.npz,75984,fdf0680a510c995a456e95676708902eb9dac0eb81cb3c49d04b1235a41a4c52
resnet,independent_rms,101,bandpass_n20004_cV4_independent_rms_s20,phase2/results/predictions/full/independent_rms/resnet/seed_101/bandpass_n20004_cV4_independent_rms_s20.npz,76479,0ad0eb5c1dd0ef7b32e4f4bf908c3171004284df607d0ba0fbba0977df0396db
resnet,independent_rms,101,bandpass_n20004_cV4_independent_rms_s15,phase2/results/predictions/full/independent_rms/resnet/seed_101/bandpass_n20004_cV4_independent_rms_s15.npz,76515,279fa114d8720a34ab72eeb040364b5541b01faf7a6709f2e0be3b4ee29820ee
resnet,independent_rms,101,bandpass_n20004_cV4_independent_rms_s10,phase2/results/predictions/full/independent_rms/resnet/seed_101/bandpass_n20004_cV4_independent_rms_s10.npz,76496,949b0b5545be60c67911feb217c6764ca0a28e33912eac631c543baf5fd48f3f
resnet,independent_rms,101,bandpass_n20004_cV4_independent_rms_s5,phase2/results/predictions/full/independent_rms/resnet/seed_101/bandpass_n20004_cV4_independent_rms_s5.npz,76406,726d6b2b08e97e3d0528f5612cf2c6608f72d41ff2171084be6c0dd003bb2f11
resnet,independent_rms,101,bandpass_n20004_cV4_independent_rms_s0,phase2/results/predictions/full/independent_rms/resnet/seed_101/bandpass_n20004_cV4_independent_rms_s0.npz,76199,33e36deffa80c395b1fcade82ce46789615d745c33906aff48aae82662a97b9f
resnet,independent_rms,101,bandpass_n20004_cV4_electrode_s20,phase2/results/predictions/full/independent_rms/resnet/seed_101/bandpass_n20004_cV4_electrode_s20.npz,76495,027947f145123f7fb75a1de0507c1e33a8d49337902853f3f139d82e0c46a94b
resnet,independent_rms,101,bandpass_n20004_cV4_electrode_s15,phase2/results/predictions/full/independent_rms/resnet/seed_101/bandpass_n20004_cV4_electrode_s15.npz,76456,16c3c9848ecf04103ec120f27ca2b6ebb0414c190551aa1f164921fd05874a68
resnet,independent_rms,101,bandpass_n20004_cV4_electrode_s10,phase2/results/predictions/full/independent_rms/resnet/seed_101/bandpass_n20004_cV4_electrode_s10.npz,76485,28d880832293c228939de2bbfb23e9edd2e3e8d17d7284b94d3569a33d39fdd1
resnet,independent_rms,101,bandpass_n20004_cV4_electrode_s5,phase2/results/predictions/full/independent_rms/resnet/seed_101/bandpass_n20004_cV4_electrode_s5.npz,76423,4510c1d6d2ab86763dc880d64deb54bba275254d2513da3b54715f8302cf919c
resnet,independent_rms,101,bandpass_n20004_cV4_electrode_s0,phase2/results/predictions/full/independent_rms/resnet/seed_101/bandpass_n20004_cV4_electrode_s0.npz,76158,34ed32052799ad3f00785c9992eaa3703ca86d774338644fda329d760591f7d0
resnet,independent_rms,101,bandpass_n20004_cV4_covariance_s20,phase2/results/predictions/full/independent_rms/resnet/seed_101/bandpass_n20004_cV4_covariance_s20.npz,76495,705643768948521a636cbe287f06ad81ef0cf9527144a1ad02a86b57d4421e59
resnet,independent_rms,101,bandpass_n20004_cV4_covariance_s15,phase2/results/predictions/full/independent_rms/resnet/seed_101/bandpass_n20004_cV4_covariance_s15.npz,76495,2c885e5b1b5bae2c09c5a71118c04863117979c564270aba315f6bcc8786a481
resnet,independent_rms,101,bandpass_n20004_cV4_covariance_s10,phase2/results/predictions/full/independent_rms/resnet/seed_101/bandpass_n20004_cV4_covariance_s10.npz,76488,d566d2ef767286f77e812db9a0a35321cae63b84c2cf526e26afc5de850945c8
resnet,independent_rms,101,bandpass_n20004_cV4_covariance_s5,phase2/results/predictions/full/independent_rms/resnet/seed_101/bandpass_n20004_cV4_covariance_s5.npz,76406,8512492f69a8ed7c25f5a29e8e131719c1aba34f4e035e3c768781698318088b
resnet,independent_rms,101,bandpass_n20004_cV4_covariance_s0,phase2/results/predictions/full/independent_rms/resnet/seed_101/bandpass_n20004_cV4_covariance_s0.npz,76173,3cbca8030891af799829d05c70ea35d4222e3cbb48f85e70717b2c7752877878
resnet,independent_rms,101,bandpass_n20004_cV5_independent_rms_s20,phase2/results/predictions/full/independent_rms/resnet/seed_101/bandpass_n20004_cV5_independent_rms_s20.npz,76489,bd1e284c8c8e21f664d139552b03b96d6f28b66327fa3511d809a287a45d4dd2
resnet,independent_rms,101,bandpass_n20004_cV5_independent_rms_s15,phase2/results/predictions/full/independent_rms/resnet/seed_101/bandpass_n20004_cV5_independent_rms_s15.npz,76475,2d0fe5893978761dac54a6833636471f87ffa288c15efed1f0bb0d0b005ab1ec
resnet,independent_rms,101,bandpass_n20004_cV5_independent_rms_s10,phase2/results/predictions/full/independent_rms/resnet/seed_101/bandpass_n20004_cV5_independent_rms_s10.npz,76451,bb026d012647bece352f708fcad4cd390cc83ebf52c339d59bb806ee06159238
resnet,independent_rms,101,bandpass_n20004_cV5_independent_rms_s5,phase2/results/predictions/full/independent_rms/resnet/seed_101/bandpass_n20004_cV5_independent_rms_s5.npz,76318,04aa1bb34c118b60f34f1f3fab5479960f3ceeb01b2f4e387f8634312f97682b
resnet,independent_rms,101,bandpass_n20004_cV5_independent_rms_s0,phase2/results/predictions/full/independent_rms/resnet/seed_101/bandpass_n20004_cV5_independent_rms_s0.npz,75981,985742124357699f77c40d992eed5eec56fffa6b6d1a95dc2ba07309f723ba78
resnet,independent_rms,101,bandpass_n20004_cV5_electrode_s20,phase2/results/predictions/full/independent_rms/resnet/seed_101/bandpass_n20004_cV5_electrode_s20.npz,76487,fbd038318fb0ed4149ab068b9f2359d329068cc0e08a6d05379c384f6f862cdc
resnet,independent_rms,101,bandpass_n20004_cV5_electrode_s15,phase2/results/predictions/full/independent_rms/resnet/seed_101/bandpass_n20004_cV5_electrode_s15.npz,76482,a015ae38ba32ec3a8d6e738ffb437c2fc412a2c90e7f61fbab5ba5f2a3971020
resnet,independent_rms,101,bandpass_n20004_cV5_electrode_s10,phase2/results/predictions/full/independent_rms/resnet/seed_101/bandpass_n20004_cV5_electrode_s10.npz,76443,9a92e1983e54b6f9a78958cc2674e9112b2baee9badaa66ca5f5606e3b519e95
resnet,independent_rms,101,bandpass_n20004_cV5_electrode_s5,phase2/results/predictions/full/independent_rms/resnet/seed_101/bandpass_n20004_cV5_electrode_s5.npz,76297,2bfe778b51840fd7008c852f52e0e4b4bff3c019c846300540c6a829d9792d44
resnet,independent_rms,101,bandpass_n20004_cV5_electrode_s0,phase2/results/predictions/full/independent_rms/resnet/seed_101/bandpass_n20004_cV5_electrode_s0.npz,75947,a53fbab8b858ee0713da600130af4b940e4a4e7f9eed8dcec8949e443c86c6d4
resnet,independent_rms,101,bandpass_n20004_cV5_covariance_s20,phase2/results/predictions/full/independent_rms/resnet/seed_101/bandpass_n20004_cV5_covariance_s20.npz,76474,bb6eafcd2a19eea9aee2a73911b3c462dea0c8add4c659359ce9b7459c806b42
resnet,independent_rms,101,bandpass_n20004_cV5_covariance_s15,phase2/results/predictions/full/independent_rms/resnet/seed_101/bandpass_n20004_cV5_covariance_s15.npz,76478,aeccc9d4f951786f587307b5ea7e599231642f14815820a3ce5d7a064180ffa2
resnet,independent_rms,101,bandpass_n20004_cV5_covariance_s10,phase2/results/predictions/full/independent_rms/resnet/seed_101/bandpass_n20004_cV5_covariance_s10.npz,76451,e63beff63be13be0b416892f67d76cd93ea2a0eb274ab46e8df2ad830506d705
resnet,independent_rms,101,bandpass_n20004_cV5_covariance_s5,phase2/results/predictions/full/independent_rms/resnet/seed_101/bandpass_n20004_cV5_covariance_s5.npz,76317,3c8231154daaea1f51cfcdf5dfb77be0950e9f1a2f4e6aafa9595f9b3a67bdfa
resnet,independent_rms,101,bandpass_n20004_cV5_covariance_s0,phase2/results/predictions/full/independent_rms/resnet/seed_101/bandpass_n20004_cV5_covariance_s0.npz,75963,b95487feed6f176647ad2ebd8e6ad8dbdafda64e8dc3e8bdf40344f39077996e
resnet,independent_rms,101,bandpass_n20004_cV6_independent_rms_s20,phase2/results/predictions/full/independent_rms/resnet/seed_101/bandpass_n20004_cV6_independent_rms_s20.npz,76501,681afb576f08fe69704d7db459e80c7526eb66aaf60b756f1565d6604f8e28c0
resnet,independent_rms,101,bandpass_n20004_cV6_independent_rms_s15,phase2/results/predictions/full/independent_rms/resnet/seed_101/bandpass_n20004_cV6_independent_rms_s15.npz,76465,3c6023ec59eac33943a9ebf521f3857e660c2e696253be6722f86e59f5d6b70c
resnet,independent_rms,101,bandpass_n20004_cV6_independent_rms_s10,phase2/results/predictions/full/independent_rms/resnet/seed_101/bandpass_n20004_cV6_independent_rms_s10.npz,76445,cf681e07b6df80b5eaed82a813adecc337baf4e4e221222f5f3f63d1647a0a33
resnet,independent_rms,101,bandpass_n20004_cV6_independent_rms_s5,phase2/results/predictions/full/independent_rms/resnet/seed_101/bandpass_n20004_cV6_independent_rms_s5.npz,76342,1152bc1bb2164a455cf901ca9cf1ad66fe4ed32f14258a92ed38eacbaf26be54
resnet,independent_rms,101,bandpass_n20004_cV6_independent_rms_s0,phase2/results/predictions/full/independent_rms/resnet/seed_101/bandpass_n20004_cV6_independent_rms_s0.npz,76008,2a01c9457598ebbc5bfaea5f0601999dd35f91be19a44b87d733bc9b5565be64
resnet,independent_rms,101,bandpass_n20004_cV6_electrode_s20,phase2/results/predictions/full/independent_rms/resnet/seed_101/bandpass_n20004_cV6_electrode_s20.npz,76466,080fbdc40440344b73408d95701a37d6c17d17398964d30e9cdf72e9327da242
resnet,independent_rms,101,bandpass_n20004_cV6_electrode_s15,phase2/results/predictions/full/independent_rms/resnet/seed_101/bandpass_n20004_cV6_electrode_s15.npz,76455,fff390d9cf7f61703e110443119fef9c069c373621441f8d3d3eb6bd715b9a69
resnet,independent_rms,101,bandpass_n20004_cV6_electrode_s10,phase2/results/predictions/full/independent_rms/resnet/seed_101/bandpass_n20004_cV6_electrode_s10.npz,76423,0fb07f41ae2e87faed8ca216dc17b5b08fcf48bc5910cec7b2988a340a9a3486
resnet,independent_rms,101,bandpass_n20004_cV6_electrode_s5,phase2/results/predictions/full/independent_rms/resnet/seed_101/bandpass_n20004_cV6_electrode_s5.npz,76296,0789fc66b99b8048db2392023da30a7cab9900560b8fdff752976672ffa32ecc
resnet,independent_rms,101,bandpass_n20004_cV6_electrode_s0,phase2/results/predictions/full/independent_rms/resnet/seed_101/bandpass_n20004_cV6_electrode_s0.npz,76025,c829e017b55fccbf66c57e3626826eaba6f21048362978890b80c666c2b18bb9
resnet,independent_rms,101,bandpass_n20004_cV6_covariance_s20,phase2/results/predictions/full/independent_rms/resnet/seed_101/bandpass_n20004_cV6_covariance_s20.npz,76511,783034356614a5a12b738b03dd284bc885de5ff62aa47a98979bc0cc699a28d1
resnet,independent_rms,101,bandpass_n20004_cV6_covariance_s15,phase2/results/predictions/full/independent_rms/resnet/seed_101/bandpass_n20004_cV6_covariance_s15.npz,76483,713f765b79167b98d95147df88fc3212095629a39f8c54cb4690cc2adbfc77d5
resnet,independent_rms,101,bandpass_n20004_cV6_covariance_s10,phase2/results/predictions/full/independent_rms/resnet/seed_101/bandpass_n20004_cV6_covariance_s10.npz,76435,ed5539cf08949d05997fca01fca05eb8c693a346a642b515debb1b15e70525f9
resnet,independent_rms,101,bandpass_n20004_cV6_covariance_s5,phase2/results/predictions/full/independent_rms/resnet/seed_101/bandpass_n20004_cV6_covariance_s5.npz,76268,ef3709f64e3b62513470e7d11152ddf315707c967cbf37fced92a922026331d1
resnet,independent_rms,101,bandpass_n20004_cV6_covariance_s0,phase2/results/predictions/full/independent_rms/resnet/seed_101/bandpass_n20004_cV6_covariance_s0.npz,76006,ed6abb6313550b3173a01815efb6ab6598604e2ec137441e4f1f407edba4d857
resnet,independent_rms,101,bandpass_n20004_cRA_LA_independent_rms_s20,phase2/results/predictions/full/independent_rms/resnet/seed_101/bandpass_n20004_cRA_LA_independent_rms_s20.npz,76470,5ca6f4f6e23714b78a2dbf4d3732817b419ae3dfea0c220cb4f05b43a5ec5012
resnet,independent_rms,101,bandpass_n20004_cRA_LA_independent_rms_s15,phase2/results/predictions/full/independent_rms/resnet/seed_101/bandpass_n20004_cRA_LA_independent_rms_s15.npz,76503,c6f69e946f4e3f0e804e3fdfa000ebe4f2d9274a93175305d598b5e3f0dee8aa
resnet,independent_rms,101,bandpass_n20004_cRA_LA_independent_rms_s10,phase2/results/predictions/full/independent_rms/resnet/seed_101/bandpass_n20004_cRA_LA_independent_rms_s10.npz,76438,888599c238219cf479aa300f76e779e3921e85818795977900ab949d261bb57c
resnet,independent_rms,101,bandpass_n20004_cRA_LA_independent_rms_s5,phase2/results/predictions/full/independent_rms/resnet/seed_101/bandpass_n20004_cRA_LA_independent_rms_s5.npz,76341,dd984b51e1683745fcf04d5c184b52d5de0a725f3f3e39a0ce8029379b344d6f
resnet,independent_rms,101,bandpass_n20004_cRA_LA_independent_rms_s0,phase2/results/predictions/full/independent_rms/resnet/seed_101/bandpass_n20004_cRA_LA_independent_rms_s0.npz,76019,96bf7e5f6e5aa35ade1df0c3e955f978941516adc36edeb4e8544eb96cb777e3
resnet,independent_rms,101,bandpass_n20004_cRA_LA_electrode_s20,phase2/results/predictions/full/independent_rms/resnet/seed_101/bandpass_n20004_cRA_LA_electrode_s20.npz,76480,bc1d36c947f673c774112643fdf4d43b5e6ef00b9d1337751cf584548b4e2e95
resnet,independent_rms,101,bandpass_n20004_cRA_LA_electrode_s15,phase2/results/predictions/full/independent_rms/resnet/seed_101/bandpass_n20004_cRA_LA_electrode_s15.npz,76468,b0662507a9a4c4209d222cae55f2ae6200fffe07444ea7076ec06cb8ef1679af
resnet,independent_rms,101,bandpass_n20004_cRA_LA_electrode_s10,phase2/results/predictions/full/independent_rms/resnet/seed_101/bandpass_n20004_cRA_LA_electrode_s10.npz,76393,27da5e210460d344e75850df3d6934f985022ffea67eb26502e51bf05be52688
resnet,independent_rms,101,bandpass_n20004_cRA_LA_electrode_s5,phase2/results/predictions/full/independent_rms/resnet/seed_101/bandpass_n20004_cRA_LA_electrode_s5.npz,76183,3cdd98c0c406cef312d2805d06fe5d526ba276f83215528fea783106f770bf2e
resnet,independent_rms,101,bandpass_n20004_cRA_LA_electrode_s0,phase2/results/predictions/full/independent_rms/resnet/seed_101/bandpass_n20004_cRA_LA_electrode_s0.npz,75776,37df3fcf4900214f21a7fdf290a5fcd9c4c2f4410a7a325ec12905719df28fee
resnet,independent_rms,101,bandpass_n20004_cRA_LA_covariance_s20,phase2/results/predictions/full/independent_rms/resnet/seed_101/bandpass_n20004_cRA_LA_covariance_s20.npz,76473,4c4b65de15e4a9eb4885bb164177415060fbb926671415fd0ba89e005986babc
resnet,independent_rms,101,bandpass_n20004_cRA_LA_covariance_s15,phase2/results/predictions/full/independent_rms/resnet/seed_101/bandpass_n20004_cRA_LA_covariance_s15.npz,76482,03aea328c8af1f5cbe888c282cf47e56aa1feffe6d8537002e7cc33b98a229df
resnet,independent_rms,101,bandpass_n20004_cRA_LA_covariance_s10,phase2/results/predictions/full/independent_rms/resnet/seed_101/bandpass_n20004_cRA_LA_covariance_s10.npz,76437,9cfc498bd4a363f550ab0095f0cc60463b629da82222f93044a051406f2b6c21
resnet,independent_rms,101,bandpass_n20004_cRA_LA_covariance_s5,phase2/results/predictions/full/independent_rms/resnet/seed_101/bandpass_n20004_cRA_LA_covariance_s5.npz,76162,f9f082a8f2429e7d0f25de04d0876dda0b0f00bfdf84af891d8592aa865b56c8
resnet,independent_rms,101,bandpass_n20004_cRA_LA_covariance_s0,phase2/results/predictions/full/independent_rms/resnet/seed_101/bandpass_n20004_cRA_LA_covariance_s0.npz,75798,c8e3308450c9fd9b354cead65148d0e43a5bee5b88dc00573c78115023f3d41f
resnet,independent_rms,101,bandpass_n20004_cLA_LL_independent_rms_s20,phase2/results/predictions/full/independent_rms/resnet/seed_101/bandpass_n20004_cLA_LL_independent_rms_s20.npz,76475,be92774ba9286af238f73aeab73eaea33c44888d665ffb724789d80122075b2d
resnet,independent_rms,101,bandpass_n20004_cLA_LL_independent_rms_s15,phase2/results/predictions/full/independent_rms/resnet/seed_101/bandpass_n20004_cLA_LL_independent_rms_s15.npz,76523,0b9b2fb121d0e51f3996e439dbe79c92cf16550d22a4e87a25f60157b68571f9
resnet,independent_rms,101,bandpass_n20004_cLA_LL_independent_rms_s10,phase2/results/predictions/full/independent_rms/resnet/seed_101/bandpass_n20004_cLA_LL_independent_rms_s10.npz,76453,7ed876eef3c01c286f2c3164a122726b135884cf972aca9687376ff022f1d0d0
resnet,independent_rms,101,bandpass_n20004_cLA_LL_independent_rms_s5,phase2/results/predictions/full/independent_rms/resnet/seed_101/bandpass_n20004_cLA_LL_independent_rms_s5.npz,76319,bab22eafbd147fad5989279355765f46de77e3c1c2b73eb6db51d8cbdd15b39a
resnet,independent_rms,101,bandpass_n20004_cLA_LL_independent_rms_s0,phase2/results/predictions/full/independent_rms/resnet/seed_101/bandpass_n20004_cLA_LL_independent_rms_s0.npz,75948,862c5f0b1ece7906ae85d5e0a29aae7e6cab04a91b7b1d6162f9e835b975e890
resnet,independent_rms,101,bandpass_n20004_cLA_LL_electrode_s20,phase2/results/predictions/full/independent_rms/resnet/seed_101/bandpass_n20004_cLA_LL_electrode_s20.npz,76475,625cf18f908b2081b988c59a3ac511c2c264158ab1ac5fd0d7b61829e7f8dcff
resnet,independent_rms,101,bandpass_n20004_cLA_LL_electrode_s15,phase2/results/predictions/full/independent_rms/resnet/seed_101/bandpass_n20004_cLA_LL_electrode_s15.npz,76462,f005bc746e39ac6d0b80869a8d346168b5a96c5ea2f77e36827ad9258c565043
resnet,independent_rms,101,bandpass_n20004_cLA_LL_electrode_s10,phase2/results/predictions/full/independent_rms/resnet/seed_101/bandpass_n20004_cLA_LL_electrode_s10.npz,76358,b82bdb789830a4e43e3e84abd810ea73dee734c2218536c8f7556fe4b3659ce9
resnet,independent_rms,101,bandpass_n20004_cLA_LL_electrode_s5,phase2/results/predictions/full/independent_rms/resnet/seed_101/bandpass_n20004_cLA_LL_electrode_s5.npz,76121,05291244974ae495bb87cc4329fa9a0ea54eb7f6fc3fdc874402431c5af8c065
resnet,independent_rms,101,bandpass_n20004_cLA_LL_electrode_s0,phase2/results/predictions/full/independent_rms/resnet/seed_101/bandpass_n20004_cLA_LL_electrode_s0.npz,75636,2943a4046ad7e79eeb9061a4fb677ab930971af9e0d77b9e6095031bfe087b94
resnet,independent_rms,101,bandpass_n20004_cLA_LL_covariance_s20,phase2/results/predictions/full/independent_rms/resnet/seed_101/bandpass_n20004_cLA_LL_covariance_s20.npz,76487,2e5500c4cc365b3a6117d1160daedb7afec116edcf92e892dde947e985cf4d2f
resnet,independent_rms,101,bandpass_n20004_cLA_LL_covariance_s15,phase2/results/predictions/full/independent_rms/resnet/seed_101/bandpass_n20004_cLA_LL_covariance_s15.npz,76427,a96de21d4f2c17caa11e72e11431795b2f6513521d120640500b1dea8cc33d5b
resnet,independent_rms,101,bandpass_n20004_cLA_LL_covariance_s10,phase2/results/predictions/full/independent_rms/resnet/seed_101/bandpass_n20004_cLA_LL_covariance_s10.npz,76362,299c376ad4aa303c8f7d37d9bca0aa233de80a14c1f0023de303ddc1df252a2a
resnet,independent_rms,101,bandpass_n20004_cLA_LL_covariance_s5,phase2/results/predictions/full/independent_rms/resnet/seed_101/bandpass_n20004_cLA_LL_covariance_s5.npz,76109,cfbdb5d7d9a9209e7b9a320267e6336d37c12e6f132b99c2637ebef9eaccabed
resnet,independent_rms,101,bandpass_n20004_cLA_LL_covariance_s0,phase2/results/predictions/full/independent_rms/resnet/seed_101/bandpass_n20004_cLA_LL_covariance_s0.npz,75645,c24db6404c6d0ff6f97400bf9815b1a53c2b9663a5362de41afe31a8d34da7c7
resnet,independent_rms,101,bandpass_n20004_cRA_LL_independent_rms_s20,phase2/results/predictions/full/independent_rms/resnet/seed_101/bandpass_n20004_cRA_LL_independent_rms_s20.npz,76503,f0b786fc682813f49976630175601d4e5374b88d3ca410627b46d8b71e9fec8c
resnet,independent_rms,101,bandpass_n20004_cRA_LL_independent_rms_s15,phase2/results/predictions/full/independent_rms/resnet/seed_101/bandpass_n20004_cRA_LL_independent_rms_s15.npz,76491,bdc921b6f9b5d5c29f091318115bb4c4d77f55221cd910d80c3f2a7e5c66fb47
resnet,independent_rms,101,bandpass_n20004_cRA_LL_independent_rms_s10,phase2/results/predictions/full/independent_rms/resnet/seed_101/bandpass_n20004_cRA_LL_independent_rms_s10.npz,76460,4d91c320e5a96359d31ea69059c0bcbfdc992303041ab0acbd7a78d3bc535500
resnet,independent_rms,101,bandpass_n20004_cRA_LL_independent_rms_s5,phase2/results/predictions/full/independent_rms/resnet/seed_101/bandpass_n20004_cRA_LL_independent_rms_s5.npz,76335,c499c006db27825ffa4d4e15898c01852f24cb5d74977aad1236f57a8cc20879
resnet,independent_rms,101,bandpass_n20004_cRA_LL_independent_rms_s0,phase2/results/predictions/full/independent_rms/resnet/seed_101/bandpass_n20004_cRA_LL_independent_rms_s0.npz,75978,de60ba391e901c718ea27009865af6de9fdbc0a7e0d370f8eba718643cd063f6
resnet,independent_rms,101,bandpass_n20004_cRA_LL_electrode_s20,phase2/results/predictions/full/independent_rms/resnet/seed_101/bandpass_n20004_cRA_LL_electrode_s20.npz,76469,4a63c32176737f5e5bdfe7ed81dd735b0017d521b46617aaef28bd53f3bc1742
resnet,independent_rms,101,bandpass_n20004_cRA_LL_electrode_s15,phase2/results/predictions/full/independent_rms/resnet/seed_101/bandpass_n20004_cRA_LL_electrode_s15.npz,76438,dfe9be09f9817fd0cb219bce372fac59e472df9e18da3a4d41cdb41f9d95e30c
resnet,independent_rms,101,bandpass_n20004_cRA_LL_electrode_s10,phase2/results/predictions/full/independent_rms/resnet/seed_101/bandpass_n20004_cRA_LL_electrode_s10.npz,76361,31a4b3dac7ebc182b06c10c6abf6f7abd528ceb1ae7494aa077a1dc374304aca
resnet,independent_rms,101,bandpass_n20004_cRA_LL_electrode_s5,phase2/results/predictions/full/independent_rms/resnet/seed_101/bandpass_n20004_cRA_LL_electrode_s5.npz,76101,8179759cfec83d8b0a204bd17892d965f5d80f3eabfdc7bfdeb75931d85968af
resnet,independent_rms,101,bandpass_n20004_cRA_LL_electrode_s0,phase2/results/predictions/full/independent_rms/resnet/seed_101/bandpass_n20004_cRA_LL_electrode_s0.npz,75608,84358dc3ab64c90330e463677cca501f8f28ced27572ae3da8282164a992b23c
resnet,independent_rms,101,bandpass_n20004_cRA_LL_covariance_s20,phase2/results/predictions/full/independent_rms/resnet/seed_101/bandpass_n20004_cRA_LL_covariance_s20.npz,76512,54eccbcc5f2be5baf7c342d869d748fb68372ae8cc86e3dd092f5055228233a0
resnet,independent_rms,101,bandpass_n20004_cRA_LL_covariance_s15,phase2/results/predictions/full/independent_rms/resnet/seed_101/bandpass_n20004_cRA_LL_covariance_s15.npz,76480,cc32568703b07573985a578affb064f7019385e37c790ddb71fc28a787567187
resnet,independent_rms,101,bandpass_n20004_cRA_LL_covariance_s10,phase2/results/predictions/full/independent_rms/resnet/seed_101/bandpass_n20004_cRA_LL_covariance_s10.npz,76358,0d15f26a114396f1d1edd5b3c3476e94f7b9521b3c5b32cf2c60809a0d506d38
resnet,independent_rms,101,bandpass_n20004_cRA_LL_covariance_s5,phase2/results/predictions/full/independent_rms/resnet/seed_101/bandpass_n20004_cRA_LL_covariance_s5.npz,76123,4391f4a7d2fbf59676374ae1d9540096fe3764c4e659c3327172b8ec0ebd71bb
resnet,independent_rms,101,bandpass_n20004_cRA_LL_covariance_s0,phase2/results/predictions/full/independent_rms/resnet/seed_101/bandpass_n20004_cRA_LL_covariance_s0.npz,75640,d547a86dca0598aeb673e8b21aa1351e1d9f6922df5daf17eec83cdd449d4f75
resnet,independent_rms,101,bandpass_n20004_cRA_independent_rms_s20,phase2/results/predictions/full/independent_rms/resnet/seed_101/bandpass_n20004_cRA_independent_rms_s20.npz,76484,b2f66bbe38abd6db238761a937d7043465f016c5d2d069257b8b5724afe81e70
resnet,independent_rms,101,bandpass_n20004_cRA_independent_rms_s15,phase2/results/predictions/full/independent_rms/resnet/seed_101/bandpass_n20004_cRA_independent_rms_s15.npz,76532,dc9019004e3b68d995eccb437e75763a78604aee9ca24e1403eb3ce0c7b248f1
resnet,independent_rms,101,bandpass_n20004_cRA_independent_rms_s10,phase2/results/predictions/full/independent_rms/resnet/seed_101/bandpass_n20004_cRA_independent_rms_s10.npz,76464,0d907d3509e3513767740878cd751ff98bb5c5db47c50889c08bb514e3d25799
resnet,independent_rms,101,bandpass_n20004_cRA_independent_rms_s5,phase2/results/predictions/full/independent_rms/resnet/seed_101/bandpass_n20004_cRA_independent_rms_s5.npz,76362,237466c01fb13d006bbca5b6f97a1a3eb378b74d18c4feee7feedc5359e54490
resnet,independent_rms,101,bandpass_n20004_cRA_independent_rms_s0,phase2/results/predictions/full/independent_rms/resnet/seed_101/bandpass_n20004_cRA_independent_rms_s0.npz,76015,3049a52954ca8ee3b6764b9c5c0fcd4695c29a1ba59af4a0e310acdca504540d
resnet,independent_rms,101,bandpass_n20004_cRA_electrode_s20,phase2/results/predictions/full/independent_rms/resnet/seed_101/bandpass_n20004_cRA_electrode_s20.npz,76472,578a3493344b9a67cc770357339ec91add9a35eb2b337e58db4ff7980b8f87df
resnet,independent_rms,101,bandpass_n20004_cRA_electrode_s15,phase2/results/predictions/full/independent_rms/resnet/seed_101/bandpass_n20004_cRA_electrode_s15.npz,76452,047a02fb7512783661db599cbe3baf71813d5563446729f69a9e8501fd6e2b5d
resnet,independent_rms,101,bandpass_n20004_cRA_electrode_s10,phase2/results/predictions/full/independent_rms/resnet/seed_101/bandpass_n20004_cRA_electrode_s10.npz,76344,705f7df14bb1f4d6d0fa218a650b2860843b3d91f30ba05735c51200db2eec36
resnet,independent_rms,101,bandpass_n20004_cRA_electrode_s5,phase2/results/predictions/full/independent_rms/resnet/seed_101/bandpass_n20004_cRA_electrode_s5.npz,76140,7681aa3fbe28b5d6cfbed9afbb2a1e3cfc4eba370476670e27ffdf2236c8579d
resnet,independent_rms,101,bandpass_n20004_cRA_electrode_s0,phase2/results/predictions/full/independent_rms/resnet/seed_101/bandpass_n20004_cRA_electrode_s0.npz,75805,91251804daeb05ef6fe7cd7754eba673e30597c531824ce55d1c9bee36ff9bfd
resnet,independent_rms,101,bandpass_n20004_cRA_covariance_s20,phase2/results/predictions/full/independent_rms/resnet/seed_101/bandpass_n20004_cRA_covariance_s20.npz,76464,7456e21d8a9dc42b36f7e6127512d83d2aa4b26640d0045aaa99b25492f1f18c
resnet,independent_rms,101,bandpass_n20004_cRA_covariance_s15,phase2/results/predictions/full/independent_rms/resnet/seed_101/bandpass_n20004_cRA_covariance_s15.npz,76473,0910e20bdda6b919add19711734215fc833340531520be8fd82a46735d8ef42b
resnet,independent_rms,101,bandpass_n20004_cRA_covariance_s10,phase2/results/predictions/full/independent_rms/resnet/seed_101/bandpass_n20004_cRA_covariance_s10.npz,76385,3b85a5ca81d99ec38d9df17d43eedbfce575345458998904b88ac92327c23c96
resnet,independent_rms,101,bandpass_n20004_cRA_covariance_s5,phase2/results/predictions/full/independent_rms/resnet/seed_101/bandpass_n20004_cRA_covariance_s5.npz,76150,57dad05c7477c25697bd6bd55c5d99eda5d6d09259d76117fa01edc8d4c61dae
resnet,independent_rms,101,bandpass_n20004_cRA_covariance_s0,phase2/results/predictions/full/independent_rms/resnet/seed_101/bandpass_n20004_cRA_covariance_s0.npz,75769,9ca83f4a1a9a54dc78cd4de29d63a59b55bb7547adecc0c6472b083518208c56
resnet,independent_rms,101,bandpass_n20004_cLA_independent_rms_s20,phase2/results/predictions/full/independent_rms/resnet/seed_101/bandpass_n20004_cLA_independent_rms_s20.npz,76489,204984fbbc8e52a57cf1230ffa368addd3dbf787e869870b1b20c75789369d77
resnet,independent_rms,101,bandpass_n20004_cLA_independent_rms_s15,phase2/results/predictions/full/independent_rms/resnet/seed_101/bandpass_n20004_cLA_independent_rms_s15.npz,76488,812eecd366389eac29a5eff110472e8249695384611696fa9872b8d911e70d4a
resnet,independent_rms,101,bandpass_n20004_cLA_independent_rms_s10,phase2/results/predictions/full/independent_rms/resnet/seed_101/bandpass_n20004_cLA_independent_rms_s10.npz,76432,1a67c636af04af4743afde43150d30b1c2769a127afddedab6a5e6fae71eff2b
resnet,independent_rms,101,bandpass_n20004_cLA_independent_rms_s5,phase2/results/predictions/full/independent_rms/resnet/seed_101/bandpass_n20004_cLA_independent_rms_s5.npz,76342,565116a1786ced09ac5f3c46822023c1437de0d421ef73bc092982383e59955d
resnet,independent_rms,101,bandpass_n20004_cLA_independent_rms_s0,phase2/results/predictions/full/independent_rms/resnet/seed_101/bandpass_n20004_cLA_independent_rms_s0.npz,75991,ac73ab4ff883f15f427fbb48fe733cb953c73023ece35410327ac57c91d10465
resnet,independent_rms,101,bandpass_n20004_cLA_electrode_s20,phase2/results/predictions/full/independent_rms/resnet/seed_101/bandpass_n20004_cLA_electrode_s20.npz,76444,02582d0f547ac2f77daf78fcfdc4697e9bee651abb69114883e82264d160a70a
resnet,independent_rms,101,bandpass_n20004_cLA_electrode_s15,phase2/results/predictions/full/independent_rms/resnet/seed_101/bandpass_n20004_cLA_electrode_s15.npz,76478,673fdb253593706adde963d2f6384b884782d9f06206a4446fbcbdc2804a2d19
resnet,independent_rms,101,bandpass_n20004_cLA_electrode_s10,phase2/results/predictions/full/independent_rms/resnet/seed_101/bandpass_n20004_cLA_electrode_s10.npz,76438,386b54c3ce3758c97093dd8b61c7ecf2510995fa49e38b060d6182589163bbd3
resnet,independent_rms,101,bandpass_n20004_cLA_electrode_s5,phase2/results/predictions/full/independent_rms/resnet/seed_101/bandpass_n20004_cLA_electrode_s5.npz,76225,12f7b2316feba6e5684757b9061704b8ffda056bb712693573e7cc16868ac53d
resnet,independent_rms,101,bandpass_n20004_cLA_electrode_s0,phase2/results/predictions/full/independent_rms/resnet/seed_101/bandpass_n20004_cLA_electrode_s0.npz,75852,8f3c4dd5a6d5cd9c7817141f77215ac4d9e4dee20c2d4f058f35d60b9fc6fb2b
resnet,independent_rms,101,bandpass_n20004_cLA_covariance_s20,phase2/results/predictions/full/independent_rms/resnet/seed_101/bandpass_n20004_cLA_covariance_s20.npz,76477,9f51baaf84f9ab5d300bb20c06ddbf5b3cfb93ddbca8ef5a21ac2bcdb469e3b1
resnet,independent_rms,101,bandpass_n20004_cLA_covariance_s15,phase2/results/predictions/full/independent_rms/resnet/seed_101/bandpass_n20004_cLA_covariance_s15.npz,76485,00612480da042f999c5f6a4c755f3c91b58c239db77a729e6626012d24cc8510
resnet,independent_rms,101,bandpass_n20004_cLA_covariance_s10,phase2/results/predictions/full/independent_rms/resnet/seed_101/bandpass_n20004_cLA_covariance_s10.npz,76414,660e2973e4598d1d022f32b86d5e495c2ccd3a27befda2761a17a4380feb87bf
resnet,independent_rms,101,bandpass_n20004_cLA_covariance_s5,phase2/results/predictions/full/independent_rms/resnet/seed_101/bandpass_n20004_cLA_covariance_s5.npz,76227,b1cea3af2515a887dc99738ec6cdfc8a97a3d57e55702bd12ab47093411adf49
resnet,independent_rms,101,bandpass_n20004_cLA_covariance_s0,phase2/results/predictions/full/independent_rms/resnet/seed_101/bandpass_n20004_cLA_covariance_s0.npz,75874,1dcf5cbf2f8626d248a298c37bd57a7658fd4d32c89374d85299e7eefab06255
resnet,independent_rms,101,bandpass_n20004_cLL_independent_rms_s20,phase2/results/predictions/full/independent_rms/resnet/seed_101/bandpass_n20004_cLL_independent_rms_s20.npz,76499,1fe77849caf4a9864bb6732e35bb29e04f05ed754ae7e7d42364791598fe2e1b
resnet,independent_rms,101,bandpass_n20004_cLL_independent_rms_s15,phase2/results/predictions/full/independent_rms/resnet/seed_101/bandpass_n20004_cLL_independent_rms_s15.npz,76508,e095d49e6481a67bce0f8a48d385753ba2cc822978f82c1eb8d772968c739ff0
resnet,independent_rms,101,bandpass_n20004_cLL_independent_rms_s10,phase2/results/predictions/full/independent_rms/resnet/seed_101/bandpass_n20004_cLL_independent_rms_s10.npz,76473,60425f21841912d7d4f20556ff57c0ff6f36f062e2d5174e03c8a7b67eaf3c99
resnet,independent_rms,101,bandpass_n20004_cLL_independent_rms_s5,phase2/results/predictions/full/independent_rms/resnet/seed_101/bandpass_n20004_cLL_independent_rms_s5.npz,76293,9fd03f8ae697eaf531a4a615159c47d3ed29273b6acba90ca8146a9d1b6f8671
resnet,independent_rms,101,bandpass_n20004_cLL_independent_rms_s0,phase2/results/predictions/full/independent_rms/resnet/seed_101/bandpass_n20004_cLL_independent_rms_s0.npz,75870,e8cee7efd565df8afd617fc76a0186aae4033c26229f12e9d4e71ed1618cec06
resnet,independent_rms,101,bandpass_n20004_cLL_electrode_s20,phase2/results/predictions/full/independent_rms/resnet/seed_101/bandpass_n20004_cLL_electrode_s20.npz,76485,309ab425535a6d944b922a62f346276d80e554b62c2dc88611aedb7336613221
resnet,independent_rms,101,bandpass_n20004_cLL_electrode_s15,phase2/results/predictions/full/independent_rms/resnet/seed_101/bandpass_n20004_cLL_electrode_s15.npz,76464,91dbedb03762982981f0f56365c7eb32cd657838a805a80fe95aa09f4b774c74
resnet,independent_rms,101,bandpass_n20004_cLL_electrode_s10,phase2/results/predictions/full/independent_rms/resnet/seed_101/bandpass_n20004_cLL_electrode_s10.npz,76357,ce0a3b3b988747d72e072b9173224ad062b5e59f1e82b73423734e56220cb9c6
resnet,independent_rms,101,bandpass_n20004_cLL_electrode_s5,phase2/results/predictions/full/independent_rms/resnet/seed_101/bandpass_n20004_cLL_electrode_s5.npz,76055,21ae4bba4e3cdd724dc14982133a9b7c6ca6c4c1f8f443b3b6796cc945637e79
resnet,independent_rms,101,bandpass_n20004_cLL_electrode_s0,phase2/results/predictions/full/independent_rms/resnet/seed_101/bandpass_n20004_cLL_electrode_s0.npz,75655,e606b1392d8a0c5c17cd1132966cbc35cb313bdc83994b0e17ec097ca5dab175
resnet,independent_rms,101,bandpass_n20004_cLL_covariance_s20,phase2/results/predictions/full/independent_rms/resnet/seed_101/bandpass_n20004_cLL_covariance_s20.npz,76483,59ad1e24281dd96deb3b7d28746a6f40f7f36fdab495785b12ec83136279615f
resnet,independent_rms,101,bandpass_n20004_cLL_covariance_s15,phase2/results/predictions/full/independent_rms/resnet/seed_101/bandpass_n20004_cLL_covariance_s15.npz,76467,9dea292ebe889521f3e9de7f8a9a1dca6d433c16885e51a82b2356e2675b6355
resnet,independent_rms,101,bandpass_n20004_cLL_covariance_s10,phase2/results/predictions/full/independent_rms/resnet/seed_101/bandpass_n20004_cLL_covariance_s10.npz,76349,538bf0891221774e4959642b841f60fad6e53730cd850eae694b9da6f335d0a5
resnet,independent_rms,101,bandpass_n20004_cLL_covariance_s5,phase2/results/predictions/full/independent_rms/resnet/seed_101/bandpass_n20004_cLL_covariance_s5.npz,76061,ebda82089fa4a6368a8be9de831132526f584066701baf9dcc12e37794214b7e
resnet,independent_rms,101,bandpass_n20004_cLL_covariance_s0,phase2/results/predictions/full/independent_rms/resnet/seed_101/bandpass_n20004_cLL_covariance_s0.npz,75669,e064ea2000cb3ddca3450fa57c6db118ee06dee460500539d99f736bb3362f11
resnet,independent_rms,101,bandpass_n20004_cRA_V1_independent_rms_s20,phase2/results/predictions/full/independent_rms/resnet/seed_101/bandpass_n20004_cRA_V1_independent_rms_s20.npz,76528,272491f8db21d30adab669e7c15299601c0d1d7bb4258c69e84fd195239e58a9
resnet,independent_rms,101,bandpass_n20004_cRA_V1_independent_rms_s15,phase2/results/predictions/full/independent_rms/resnet/seed_101/bandpass_n20004_cRA_V1_independent_rms_s15.npz,76504,973db786aa78fd4354a97224a913f76d9b2be2bbd8cf3ddfa0d90c4f571e780e
resnet,independent_rms,101,bandpass_n20004_cRA_V1_independent_rms_s10,phase2/results/predictions/full/independent_rms/resnet/seed_101/bandpass_n20004_cRA_V1_independent_rms_s10.npz,76447,2212d1cf259448b1146fda8b2ff12edf44ce224c6e99426921e53a78827e8ed2
resnet,independent_rms,101,bandpass_n20004_cRA_V1_independent_rms_s5,phase2/results/predictions/full/independent_rms/resnet/seed_101/bandpass_n20004_cRA_V1_independent_rms_s5.npz,76335,4f0135b5ab89ef982a6e70f35bac3beedb6b10a7cbc07d8f56346b8aa0ea0bfb
resnet,independent_rms,101,bandpass_n20004_cRA_V1_independent_rms_s0,phase2/results/predictions/full/independent_rms/resnet/seed_101/bandpass_n20004_cRA_V1_independent_rms_s0.npz,76028,875a5df3358260a6b2f03ac13dfa9b8ad1d3386952927bd17bbbf4bd6932a71e
resnet,independent_rms,101,bandpass_n20004_cRA_V1_electrode_s20,phase2/results/predictions/full/independent_rms/resnet/seed_101/bandpass_n20004_cRA_V1_electrode_s20.npz,76444,dd368bb6dfb736c056ef9981a0a9e8fac2d290e3c3af48f19d0acc452249b653
resnet,independent_rms,101,bandpass_n20004_cRA_V1_electrode_s15,phase2/results/predictions/full/independent_rms/resnet/seed_101/bandpass_n20004_cRA_V1_electrode_s15.npz,76454,e4950dac72b778ff6afeab29b6dd56cb5cea474ff2892c129ad4e13963809e0e
resnet,independent_rms,101,bandpass_n20004_cRA_V1_electrode_s10,phase2/results/predictions/full/independent_rms/resnet/seed_101/bandpass_n20004_cRA_V1_electrode_s10.npz,76406,452c05e3de1073658b3c80c5fcd37bf086d04c8f8740f2df7987ee2263fa9667
resnet,independent_rms,101,bandpass_n20004_cRA_V1_electrode_s5,phase2/results/predictions/full/independent_rms/resnet/seed_101/bandpass_n20004_cRA_V1_electrode_s5.npz,76192,71d36dc28a7c394f17d28a04315cfcad77f890017794c616937decb414c6b215
resnet,independent_rms,101,bandpass_n20004_cRA_V1_electrode_s0,phase2/results/predictions/full/independent_rms/resnet/seed_101/bandpass_n20004_cRA_V1_electrode_s0.npz,75751,c0b99513e99ae307e62836d2bc7ded8b0d7aec3075d2461eea8085f2bb2700f5
resnet,independent_rms,101,bandpass_n20004_cRA_V1_covariance_s20,phase2/results/predictions/full/independent_rms/resnet/seed_101/bandpass_n20004_cRA_V1_covariance_s20.npz,76470,8462c977b7038cb61798ecf727dc440dca6103c7b0ba89db79c350b68aa1e749
resnet,independent_rms,101,bandpass_n20004_cRA_V1_covariance_s15,phase2/results/predictions/full/independent_rms/resnet/seed_101/bandpass_n20004_cRA_V1_covariance_s15.npz,76456,75a3dd013106b6de2f48716c1e26a53eab5b6ce54e905da04fa43ca787727a81
resnet,independent_rms,101,bandpass_n20004_cRA_V1_covariance_s10,phase2/results/predictions/full/independent_rms/resnet/seed_101/bandpass_n20004_cRA_V1_covariance_s10.npz,76402,e105a492ed5eaef61083b6e9127c2bbc7d8b52cee416af5953cf85909b77e9cd
resnet,independent_rms,101,bandpass_n20004_cRA_V1_covariance_s5,phase2/results/predictions/full/independent_rms/resnet/seed_101/bandpass_n20004_cRA_V1_covariance_s5.npz,76182,1085a5a5671a58fb316634ebf816a2d41c3e3accb6f4696cd24d3d8f6e183459
resnet,independent_rms,101,bandpass_n20004_cRA_V1_covariance_s0,phase2/results/predictions/full/independent_rms/resnet/seed_101/bandpass_n20004_cRA_V1_covariance_s0.npz,75750,4785078fc3065999dc55fbbce5c73db6599d1e2b32f84ab68e5c720e4d7d6c97
resnet,independent_rms,101,bandpass_n20004_cLA_V6_independent_rms_s20,phase2/results/predictions/full/independent_rms/resnet/seed_101/bandpass_n20004_cLA_V6_independent_rms_s20.npz,76501,a28d257051653bcab8dcb01f35071f121160a2be84c82df6af6a34206f461488
resnet,independent_rms,101,bandpass_n20004_cLA_V6_independent_rms_s15,phase2/results/predictions/full/independent_rms/resnet/seed_101/bandpass_n20004_cLA_V6_independent_rms_s15.npz,76506,b8d86eb7d815bdc0e3df345d1aa3abbd47b8f4e61e86c1bd2f3f43fdf5efbd4b
resnet,independent_rms,101,bandpass_n20004_cLA_V6_independent_rms_s10,phase2/results/predictions/full/independent_rms/resnet/seed_101/bandpass_n20004_cLA_V6_independent_rms_s10.npz,76472,7e059e6dc924dc570b075ec953fcc6a76ae7ed3be9e33d5129e69fff044d82da
resnet,independent_rms,101,bandpass_n20004_cLA_V6_independent_rms_s5,phase2/results/predictions/full/independent_rms/resnet/seed_101/bandpass_n20004_cLA_V6_independent_rms_s5.npz,76348,a857251e0f819aa6b7419afa3af2e3c54bacf4f8451539cb0cb0011906816b8e
resnet,independent_rms,101,bandpass_n20004_cLA_V6_independent_rms_s0,phase2/results/predictions/full/independent_rms/resnet/seed_101/bandpass_n20004_cLA_V6_independent_rms_s0.npz,76045,aa81087134f6de41ea47b3e93327a716c47bf181e592ee05898e42a046dfebf4
resnet,independent_rms,101,bandpass_n20004_cLA_V6_electrode_s20,phase2/results/predictions/full/independent_rms/resnet/seed_101/bandpass_n20004_cLA_V6_electrode_s20.npz,76487,d447fcea7565d07c6679e5fb36d9fc3a6a3b7e0e1a0c20b9d2345245ef050803
resnet,independent_rms,101,bandpass_n20004_cLA_V6_electrode_s15,phase2/results/predictions/full/independent_rms/resnet/seed_101/bandpass_n20004_cLA_V6_electrode_s15.npz,76465,aba593158c327033195099c7b860964edda569ce06389f76b5d2195ed47f81cd
resnet,independent_rms,101,bandpass_n20004_cLA_V6_electrode_s10,phase2/results/predictions/full/independent_rms/resnet/seed_101/bandpass_n20004_cLA_V6_electrode_s10.npz,76449,1d1882b3a84525d6eba9b407513a13fc0ced687a393d471b6994652caf461e58
resnet,independent_rms,101,bandpass_n20004_cLA_V6_electrode_s5,phase2/results/predictions/full/independent_rms/resnet/seed_101/bandpass_n20004_cLA_V6_electrode_s5.npz,76243,665711c20e9deb610ddb6daa94fa0db89246a622311b887268d135dead2d6206
resnet,independent_rms,101,bandpass_n20004_cLA_V6_electrode_s0,phase2/results/predictions/full/independent_rms/resnet/seed_101/bandpass_n20004_cLA_V6_electrode_s0.npz,75909,7bb6c52b4a2360779e988e114e465c9c06fd66b2c105273f1278ef558f6688c5
resnet,independent_rms,101,bandpass_n20004_cLA_V6_covariance_s20,phase2/results/predictions/full/independent_rms/resnet/seed_101/bandpass_n20004_cLA_V6_covariance_s20.npz,76488,e01bc67e8af7961798dc410090c0244902395e6cbfa11006ab077458b85dc26a
resnet,independent_rms,101,bandpass_n20004_cLA_V6_covariance_s15,phase2/results/predictions/full/independent_rms/resnet/seed_101/bandpass_n20004_cLA_V6_covariance_s15.npz,76460,4f270beda1aa29d834d31db19909a295bb13ed2cd3c361185ec7f08f644256bb
resnet,independent_rms,101,bandpass_n20004_cLA_V6_covariance_s10,phase2/results/predictions/full/independent_rms/resnet/seed_101/bandpass_n20004_cLA_V6_covariance_s10.npz,76444,7df21c591f602e8181efb5c43ddf74282c4ddf42e7a7cd66c13e286bf5a14092
resnet,independent_rms,101,bandpass_n20004_cLA_V6_covariance_s5,phase2/results/predictions/full/independent_rms/resnet/seed_101/bandpass_n20004_cLA_V6_covariance_s5.npz,76216,8badd21a97481393b979e675334eb3831e883442925563c35025751c85cde101
resnet,independent_rms,101,bandpass_n20004_cLA_V6_covariance_s0,phase2/results/predictions/full/independent_rms/resnet/seed_101/bandpass_n20004_cLA_V6_covariance_s0.npz,75928,2a6c1d22e3c4a03cee65bf6ccbb7a539b835bc47ed6caa424b04471e0a64f532
resnet,independent_rms,101,bandpass_n20004_cLL_V4_independent_rms_s20,phase2/results/predictions/full/independent_rms/resnet/seed_101/bandpass_n20004_cLL_V4_independent_rms_s20.npz,76466,c2250a79f076180ec752435995a3f8a464744acdb4876f82dc2ecb455e2da6de
resnet,independent_rms,101,bandpass_n20004_cLL_V4_independent_rms_s15,phase2/results/predictions/full/independent_rms/resnet/seed_101/bandpass_n20004_cLL_V4_independent_rms_s15.npz,76492,6123b647491bfbe0c64b2ae37607f73eb79b6969133ed7e646a2cd775491d116
resnet,independent_rms,101,bandpass_n20004_cLL_V4_independent_rms_s10,phase2/results/predictions/full/independent_rms/resnet/seed_101/bandpass_n20004_cLL_V4_independent_rms_s10.npz,76473,bf6a9e280c95a877cf174630211c2bfdd67078660a4710bf94043e461e739179
resnet,independent_rms,101,bandpass_n20004_cLL_V4_independent_rms_s5,phase2/results/predictions/full/independent_rms/resnet/seed_101/bandpass_n20004_cLL_V4_independent_rms_s5.npz,76330,c7c61185e92069da9e095c157a0d78d2b428255ca6435c35bac92d50b32146e9
resnet,independent_rms,101,bandpass_n20004_cLL_V4_independent_rms_s0,phase2/results/predictions/full/independent_rms/resnet/seed_101/bandpass_n20004_cLL_V4_independent_rms_s0.npz,75979,7a044420deca5c250591689374a4b18aca02d2a53d9f590e3aea01839c7928a0
resnet,independent_rms,101,bandpass_n20004_cLL_V4_electrode_s20,phase2/results/predictions/full/independent_rms/resnet/seed_101/bandpass_n20004_cLL_V4_electrode_s20.npz,76505,5718378a3c4325f6b22e32fe9dbfb4cd179e06bed510c138d719a5d0ac6e249a
resnet,independent_rms,101,bandpass_n20004_cLL_V4_electrode_s15,phase2/results/predictions/full/independent_rms/resnet/seed_101/bandpass_n20004_cLL_V4_electrode_s15.npz,76455,ed5a2d235774a7d3bceab78904be42daf1f13dcd904286ca42354965b552b07d
resnet,independent_rms,101,bandpass_n20004_cLL_V4_electrode_s10,phase2/results/predictions/full/independent_rms/resnet/seed_101/bandpass_n20004_cLL_V4_electrode_s10.npz,76371,1419234b181dc4a130aff6d7c447c2c993f76af6d63372bc9d9ee99402c0abba
resnet,independent_rms,101,bandpass_n20004_cLL_V4_electrode_s5,phase2/results/predictions/full/independent_rms/resnet/seed_101/bandpass_n20004_cLL_V4_electrode_s5.npz,76128,703bac1e2c90eafdd2fa52d044f0478ffb5a226ba67544db7b4e3746ee0c98f9
resnet,independent_rms,101,bandpass_n20004_cLL_V4_electrode_s0,phase2/results/predictions/full/independent_rms/resnet/seed_101/bandpass_n20004_cLL_V4_electrode_s0.npz,75671,5c7bb620a6dfdeb19e7619e3dbcfaa9cd39b4ec26a9f6343b3bbf499eb6ee796
resnet,independent_rms,101,bandpass_n20004_cLL_V4_covariance_s20,phase2/results/predictions/full/independent_rms/resnet/seed_101/bandpass_n20004_cLL_V4_covariance_s20.npz,76474,751d0030525dbfeac177a8f1b3268ec68b2c728688a230863fa090bf69db47e0
resnet,independent_rms,101,bandpass_n20004_cLL_V4_covariance_s15,phase2/results/predictions/full/independent_rms/resnet/seed_101/bandpass_n20004_cLL_V4_covariance_s15.npz,76490,39b829f2b412235d32b080003b518f683729b356dab46a2c3fb99960e8c96213
resnet,independent_rms,101,bandpass_n20004_cLL_V4_covariance_s10,phase2/results/predictions/full/independent_rms/resnet/seed_101/bandpass_n20004_cLL_V4_covariance_s10.npz,76361,adb0dfc1b1a7f9070408fbad97f863c4637bb916e5fdb563355f8b9c96bbcb10
resnet,independent_rms,101,bandpass_n20004_cLL_V4_covariance_s5,phase2/results/predictions/full/independent_rms/resnet/seed_101/bandpass_n20004_cLL_V4_covariance_s5.npz,76148,f6c9846e90d12b3c2c5eb1902a83407e29e31a50d5d3b142446e5c442ca61420
resnet,independent_rms,101,bandpass_n20004_cLL_V4_covariance_s0,phase2/results/predictions/full/independent_rms/resnet/seed_101/bandpass_n20004_cLL_V4_covariance_s0.npz,75672,c9fe7c91aaa6d91e16eecc55c2a91d7acc7e65e71ece60064836f3412ab85297
resnet,independent_rms,101,bandpass_n20004_cRA_LA_V1_V6_independent_rms_s20,phase2/results/predictions/full/independent_rms/resnet/seed_101/bandpass_n20004_cRA_LA_V1_V6_independent_rms_s20.npz,76514,343943b54749be7b6bff652dbd86d86fa1e58496ac14260dd09ec9289641e305
resnet,independent_rms,101,bandpass_n20004_cRA_LA_V1_V6_independent_rms_s15,phase2/results/predictions/full/independent_rms/resnet/seed_101/bandpass_n20004_cRA_LA_V1_V6_independent_rms_s15.npz,76511,e2e4be8eefce4e3f3d5101b5775d742e5002a044ab172622986268b0f5b4bf39
resnet,independent_rms,101,bandpass_n20004_cRA_LA_V1_V6_independent_rms_s10,phase2/results/predictions/full/independent_rms/resnet/seed_101/bandpass_n20004_cRA_LA_V1_V6_independent_rms_s10.npz,76487,36bbb1392de075a5b1529d889d74ebd91378d4191c299f7f120454c5a775b270
resnet,independent_rms,101,bandpass_n20004_cRA_LA_V1_V6_independent_rms_s5,phase2/results/predictions/full/independent_rms/resnet/seed_101/bandpass_n20004_cRA_LA_V1_V6_independent_rms_s5.npz,76335,e4405c12ab9f66daff6877bd8417310b4e32429b7844fd47ed3bca46a7c0274d
resnet,independent_rms,101,bandpass_n20004_cRA_LA_V1_V6_independent_rms_s0,phase2/results/predictions/full/independent_rms/resnet/seed_101/bandpass_n20004_cRA_LA_V1_V6_independent_rms_s0.npz,76043,bf37dd2b630358733f30dc8eb8f8ac47d30abfb2947db03792b40f54ab20b1a2
resnet,independent_rms,101,bandpass_n20004_cRA_LA_V1_V6_electrode_s20,phase2/results/predictions/full/independent_rms/resnet/seed_101/bandpass_n20004_cRA_LA_V1_V6_electrode_s20.npz,76495,e8ceaf73aa71d12fe0f8130aa6af8b256bbb9e26bcdf9f3c90e17ec1d94f9a21
resnet,independent_rms,101,bandpass_n20004_cRA_LA_V1_V6_electrode_s15,phase2/results/predictions/full/independent_rms/resnet/seed_101/bandpass_n20004_cRA_LA_V1_V6_electrode_s15.npz,76478,35858d2a4d0bc510a1cad5ad6dc07b96f86ff4db51b6fc3c528f0195e28bb2a2
resnet,independent_rms,101,bandpass_n20004_cRA_LA_V1_V6_electrode_s10,phase2/results/predictions/full/independent_rms/resnet/seed_101/bandpass_n20004_cRA_LA_V1_V6_electrode_s10.npz,76450,9b178e9d4d92c920afed921478ebcf582226b1f3b6f6f35f0b93f5d628d9f4a3
resnet,independent_rms,101,bandpass_n20004_cRA_LA_V1_V6_electrode_s5,phase2/results/predictions/full/independent_rms/resnet/seed_101/bandpass_n20004_cRA_LA_V1_V6_electrode_s5.npz,76233,d2f304c58b7b7e319a47d3d9a0c638a1314ee0e00bd7e3d8995adb07b0d5737e
resnet,independent_rms,101,bandpass_n20004_cRA_LA_V1_V6_electrode_s0,phase2/results/predictions/full/independent_rms/resnet/seed_101/bandpass_n20004_cRA_LA_V1_V6_electrode_s0.npz,75845,876d92313c639c655183ed3e7f0fd29f3f49ef24b0891ffa9612b92bea3249a8
resnet,independent_rms,101,bandpass_n20004_cRA_LA_V1_V6_covariance_s20,phase2/results/predictions/full/independent_rms/resnet/seed_101/bandpass_n20004_cRA_LA_V1_V6_covariance_s20.npz,76491,600f6ee11899825fe787aa08f410a7a0ca4694befbdbb7d6b9050a5502115170
resnet,independent_rms,101,bandpass_n20004_cRA_LA_V1_V6_covariance_s15,phase2/results/predictions/full/independent_rms/resnet/seed_101/bandpass_n20004_cRA_LA_V1_V6_covariance_s15.npz,76469,a61b096bdbc7cbb5e49c4b5c2186b7fd6e010c51c434ff1500fb54987b50758d
resnet,independent_rms,101,bandpass_n20004_cRA_LA_V1_V6_covariance_s10,phase2/results/predictions/full/independent_rms/resnet/seed_101/bandpass_n20004_cRA_LA_V1_V6_covariance_s10.npz,76437,5fab7fedcf99e0c90a30a0aea64cecee6443f3e28dc8035bc7e6169ee52b1a89
resnet,independent_rms,101,bandpass_n20004_cRA_LA_V1_V6_covariance_s5,phase2/results/predictions/full/independent_rms/resnet/seed_101/bandpass_n20004_cRA_LA_V1_V6_covariance_s5.npz,76239,b305d0ffb7a15b2c70314f31ab4968453d78985fe84d5542f821be56364ead23
resnet,independent_rms,101,bandpass_n20004_cRA_LA_V1_V6_covariance_s0,phase2/results/predictions/full/independent_rms/resnet/seed_101/bandpass_n20004_cRA_LA_V1_V6_covariance_s0.npz,75880,eea0dc91b52dec0caf50d3d9f4cfcf94c26f1c9889f26a9f5b4fb75f05033b38
resnet,independent_rms,101,bandpass_n20004_cRA_V2_V5_independent_rms_s20,phase2/results/predictions/full/independent_rms/resnet/seed_101/bandpass_n20004_cRA_V2_V5_independent_rms_s20.npz,76490,23d70a5a63225da237e89bd8994281af65c72d8fb12a526adb6bc532b3ef3f40
resnet,independent_rms,101,bandpass_n20004_cRA_V2_V5_independent_rms_s15,phase2/results/predictions/full/independent_rms/resnet/seed_101/bandpass_n20004_cRA_V2_V5_independent_rms_s15.npz,76499,955a06fdba65ec3001c0652186c98693176cf8c3b636d31257c24f226b513680
resnet,independent_rms,101,bandpass_n20004_cRA_V2_V5_independent_rms_s10,phase2/results/predictions/full/independent_rms/resnet/seed_101/bandpass_n20004_cRA_V2_V5_independent_rms_s10.npz,76503,ffee46980cac94f81607d10ef836079cf605d63ffd4ea447d7a12bf6e740b566
resnet,independent_rms,101,bandpass_n20004_cRA_V2_V5_independent_rms_s5,phase2/results/predictions/full/independent_rms/resnet/seed_101/bandpass_n20004_cRA_V2_V5_independent_rms_s5.npz,76334,046c3b2c5bc5bdaf42aa8fc887326c97a497bcc958213ba0234d17c43055a72c
resnet,independent_rms,101,bandpass_n20004_cRA_V2_V5_independent_rms_s0,phase2/results/predictions/full/independent_rms/resnet/seed_101/bandpass_n20004_cRA_V2_V5_independent_rms_s0.npz,76058,9936005948b52382bd240b5075333d7c83ac6423f2d55ed30e6628f302c85864
resnet,independent_rms,101,bandpass_n20004_cRA_V2_V5_electrode_s20,phase2/results/predictions/full/independent_rms/resnet/seed_101/bandpass_n20004_cRA_V2_V5_electrode_s20.npz,76499,ff8090231ffd98554a2fa4bc74f6214e473507a347cc4182087e25b68f57e58c
resnet,independent_rms,101,bandpass_n20004_cRA_V2_V5_electrode_s15,phase2/results/predictions/full/independent_rms/resnet/seed_101/bandpass_n20004_cRA_V2_V5_electrode_s15.npz,76478,8d8d1e2ffa7a7c56ed832f5ac39f4fcc10eb90e8ff123e79c8a3ddd903075d60
resnet,independent_rms,101,bandpass_n20004_cRA_V2_V5_electrode_s10,phase2/results/predictions/full/independent_rms/resnet/seed_101/bandpass_n20004_cRA_V2_V5_electrode_s10.npz,76395,eb822a5f4b0a2424d4472063375123ee7ff588fc28c4f3f9685285df5de5746c
resnet,independent_rms,101,bandpass_n20004_cRA_V2_V5_electrode_s5,phase2/results/predictions/full/independent_rms/resnet/seed_101/bandpass_n20004_cRA_V2_V5_electrode_s5.npz,76245,43f818ec175341ee90fcda8af71419d4ab46f04d02234b8a6bf20bf96a26daa0
resnet,independent_rms,101,bandpass_n20004_cRA_V2_V5_electrode_s0,phase2/results/predictions/full/independent_rms/resnet/seed_101/bandpass_n20004_cRA_V2_V5_electrode_s0.npz,75871,28a99968f8e07b3c2ea2f1c5610d97421225544b84c6847b8335d7d8adaacc81
resnet,independent_rms,101,bandpass_n20004_cRA_V2_V5_covariance_s20,phase2/results/predictions/full/independent_rms/resnet/seed_101/bandpass_n20004_cRA_V2_V5_covariance_s20.npz,76525,0d6fcce6c65822ead815d255bf8e626b60bfc4ce7b335a595fb43b6e733ddaa8
resnet,independent_rms,101,bandpass_n20004_cRA_V2_V5_covariance_s15,phase2/results/predictions/full/independent_rms/resnet/seed_101/bandpass_n20004_cRA_V2_V5_covariance_s15.npz,76480,2721bdf06a56c72296fee85342de5c0fbcb6c87a521f2df135c34670f1f7466d
resnet,independent_rms,101,bandpass_n20004_cRA_V2_V5_covariance_s10,phase2/results/predictions/full/independent_rms/resnet/seed_101/bandpass_n20004_cRA_V2_V5_covariance_s10.npz,76411,bcbc171e6ad2213e6bf8c57ce1efab284e70f18d9c6c1912b0fe902cfef6ff29
resnet,independent_rms,101,bandpass_n20004_cRA_V2_V5_covariance_s5,phase2/results/predictions/full/independent_rms/resnet/seed_101/bandpass_n20004_cRA_V2_V5_covariance_s5.npz,76230,4f88c6a68c64e5859c8f335dcf459f169e106f879f9c5d199a37315f27eb59ed
resnet,independent_rms,101,bandpass_n20004_cRA_V2_V5_covariance_s0,phase2/results/predictions/full/independent_rms/resnet/seed_101/bandpass_n20004_cRA_V2_V5_covariance_s0.npz,75882,078ba35aca4a3956245ca869caf8878bdd64d2bb6258017796d4c549c87cfdbe
resnet,independent_rms,101,bandpass_n20004_cLA_V3_V6_independent_rms_s20,phase2/results/predictions/full/independent_rms/resnet/seed_101/bandpass_n20004_cLA_V3_V6_independent_rms_s20.npz,76512,104f5e05a15f9747e0fd58d2b05836668c9b03d13370d98a8c48005cae821911
resnet,independent_rms,101,bandpass_n20004_cLA_V3_V6_independent_rms_s15,phase2/results/predictions/full/independent_rms/resnet/seed_101/bandpass_n20004_cLA_V3_V6_independent_rms_s15.npz,76489,7c7094505f4b5833b51a10254b48e6863719bc6c67c931679ccbf49f73bf7647
resnet,independent_rms,101,bandpass_n20004_cLA_V3_V6_independent_rms_s10,phase2/results/predictions/full/independent_rms/resnet/seed_101/bandpass_n20004_cLA_V3_V6_independent_rms_s10.npz,76484,214f84630c1c77dd86c8e0b13d6bd9fe91c52e16d8a70e9d86dfd5fd95f3c19e
resnet,independent_rms,101,bandpass_n20004_cLA_V3_V6_independent_rms_s5,phase2/results/predictions/full/independent_rms/resnet/seed_101/bandpass_n20004_cLA_V3_V6_independent_rms_s5.npz,76342,f4d98f7f3e14441eeff4f7d8e06ab9c2a7f6895e24d38bb1a24eaa80d38c5277
resnet,independent_rms,101,bandpass_n20004_cLA_V3_V6_independent_rms_s0,phase2/results/predictions/full/independent_rms/resnet/seed_101/bandpass_n20004_cLA_V3_V6_independent_rms_s0.npz,76045,e7ad4a6fdcabbd7c0e8e1c189d9d3c84cfac1e3a2f12d6b938b14f9d00c4fd44
resnet,independent_rms,101,bandpass_n20004_cLA_V3_V6_electrode_s20,phase2/results/predictions/full/independent_rms/resnet/seed_101/bandpass_n20004_cLA_V3_V6_electrode_s20.npz,76501,fa9aafc20634ced0b68a8c848fb619391510834d82571a689b07d45004802b62
resnet,independent_rms,101,bandpass_n20004_cLA_V3_V6_electrode_s15,phase2/results/predictions/full/independent_rms/resnet/seed_101/bandpass_n20004_cLA_V3_V6_electrode_s15.npz,76510,cbbf456f9acca632957cb3263b01b632a150857cf06db1d59fe978c1f6065d44
resnet,independent_rms,101,bandpass_n20004_cLA_V3_V6_electrode_s10,phase2/results/predictions/full/independent_rms/resnet/seed_101/bandpass_n20004_cLA_V3_V6_electrode_s10.npz,76456,5b8352ec57ec327a4d9c72e3785a02866e23035c2366be91e6c6ba150fcb19a9
resnet,independent_rms,101,bandpass_n20004_cLA_V3_V6_electrode_s5,phase2/results/predictions/full/independent_rms/resnet/seed_101/bandpass_n20004_cLA_V3_V6_electrode_s5.npz,76262,f38f8181cfec0e0e0e4a2bde5cc5066eba7154d4fc2929eb1a4527ceac3fb057
resnet,independent_rms,101,bandpass_n20004_cLA_V3_V6_electrode_s0,phase2/results/predictions/full/independent_rms/resnet/seed_101/bandpass_n20004_cLA_V3_V6_electrode_s0.npz,75913,22ace97c536db9a6b9ddaf90ab547eb448d3c9dc1dac21f9d9b94124da3361f6
resnet,independent_rms,101,bandpass_n20004_cLA_V3_V6_covariance_s20,phase2/results/predictions/full/independent_rms/resnet/seed_101/bandpass_n20004_cLA_V3_V6_covariance_s20.npz,76483,035340f713f8652d4246e3ca63d01e4a53e2701962434f18e2b506e564a5408d
resnet,independent_rms,101,bandpass_n20004_cLA_V3_V6_covariance_s15,phase2/results/predictions/full/independent_rms/resnet/seed_101/bandpass_n20004_cLA_V3_V6_covariance_s15.npz,76474,46c98d1c8c4954653c629a347d8a85fda09852e5a9e90bf8bef396ec79f5e8de
resnet,independent_rms,101,bandpass_n20004_cLA_V3_V6_covariance_s10,phase2/results/predictions/full/independent_rms/resnet/seed_101/bandpass_n20004_cLA_V3_V6_covariance_s10.npz,76431,190c7991c8cd31b8f2da261a78403f1730f6c3f80729a5e88dedefb10a00a442
resnet,independent_rms,101,bandpass_n20004_cLA_V3_V6_covariance_s5,phase2/results/predictions/full/independent_rms/resnet/seed_101/bandpass_n20004_cLA_V3_V6_covariance_s5.npz,76290,ee89d4b77abc35f07d390feb12c273bf05950ae783d2eb8abe1543a9db0e3a67
resnet,independent_rms,101,bandpass_n20004_cLA_V3_V6_covariance_s0,phase2/results/predictions/full/independent_rms/resnet/seed_101/bandpass_n20004_cLA_V3_V6_covariance_s0.npz,75938,d6a38d0a3ca870f51bd6dd35ee02ae597ce10cba58b1151313f17bab5edb55de
resnet,independent_rms,101,bandpass_n20004_cLL_V1_V4_independent_rms_s20,phase2/results/predictions/full/independent_rms/resnet/seed_101/bandpass_n20004_cLL_V1_V4_independent_rms_s20.npz,76511,e9feb5eb69808a7c40bd96d614d4809ac8cf2526ab921eff8ca6a5b0b98f5d7f
resnet,independent_rms,101,bandpass_n20004_cLL_V1_V4_independent_rms_s15,phase2/results/predictions/full/independent_rms/resnet/seed_101/bandpass_n20004_cLL_V1_V4_independent_rms_s15.npz,76486,f7d5eec214ee4de46141a06f7698f1c324a3f245c5a143e9aef1d72876f053fd
resnet,independent_rms,101,bandpass_n20004_cLL_V1_V4_independent_rms_s10,phase2/results/predictions/full/independent_rms/resnet/seed_101/bandpass_n20004_cLL_V1_V4_independent_rms_s10.npz,76498,0265a455463aacc5b90f4bdc168db9db6e6f321e9100d170eff32ae48edd6e38
resnet,independent_rms,101,bandpass_n20004_cLL_V1_V4_independent_rms_s5,phase2/results/predictions/full/independent_rms/resnet/seed_101/bandpass_n20004_cLL_V1_V4_independent_rms_s5.npz,76327,f35667d06d8b13046a8519d83650b39f0936ddd879486e924bf6b2c596b54f7f
resnet,independent_rms,101,bandpass_n20004_cLL_V1_V4_independent_rms_s0,phase2/results/predictions/full/independent_rms/resnet/seed_101/bandpass_n20004_cLL_V1_V4_independent_rms_s0.npz,75928,2f57f5a2e0c88d0992e94f05e5edad2f0408e35764bc5f6b0b98483c761391de
resnet,independent_rms,101,bandpass_n20004_cLL_V1_V4_electrode_s20,phase2/results/predictions/full/independent_rms/resnet/seed_101/bandpass_n20004_cLL_V1_V4_electrode_s20.npz,76495,a7afa07b00af1c06c3547f702d12a8d0841916daa7a6ffdff4eff0188597c7b1
resnet,independent_rms,101,bandpass_n20004_cLL_V1_V4_electrode_s15,phase2/results/predictions/full/independent_rms/resnet/seed_101/bandpass_n20004_cLL_V1_V4_electrode_s15.npz,76467,b0d5ecf5ecf0c3b741b85241b3483d46d42f36bf454e46581da1a59996061890
resnet,independent_rms,101,bandpass_n20004_cLL_V1_V4_electrode_s10,phase2/results/predictions/full/independent_rms/resnet/seed_101/bandpass_n20004_cLL_V1_V4_electrode_s10.npz,76379,d9a77545f42b9032de861f3e66fef081e451cf1ac156b732aab8cf7c347a11b6
resnet,independent_rms,101,bandpass_n20004_cLL_V1_V4_electrode_s5,phase2/results/predictions/full/independent_rms/resnet/seed_101/bandpass_n20004_cLL_V1_V4_electrode_s5.npz,76163,4040edd28b09b9b8d9bf05384daad3c14179b54dd128fb7090e1a183720b4719
resnet,independent_rms,101,bandpass_n20004_cLL_V1_V4_electrode_s0,phase2/results/predictions/full/independent_rms/resnet/seed_101/bandpass_n20004_cLL_V1_V4_electrode_s0.npz,75653,9780e91c9770c5d6b2bab237414f3d3fc73277df94893ad29b2c6d0406334e34
resnet,independent_rms,101,bandpass_n20004_cLL_V1_V4_covariance_s20,phase2/results/predictions/full/independent_rms/resnet/seed_101/bandpass_n20004_cLL_V1_V4_covariance_s20.npz,76495,8a434ebd97d980fb66077d5ec593d77dbb1de8abd64bd6f2676a2a5bb8990e76
resnet,independent_rms,101,bandpass_n20004_cLL_V1_V4_covariance_s15,phase2/results/predictions/full/independent_rms/resnet/seed_101/bandpass_n20004_cLL_V1_V4_covariance_s15.npz,76479,0db114d65aeb6c4952c2134c2bd626b3cdff1c98a6c092e2be45f23f28377123
resnet,independent_rms,101,bandpass_n20004_cLL_V1_V4_covariance_s10,phase2/results/predictions/full/independent_rms/resnet/seed_101/bandpass_n20004_cLL_V1_V4_covariance_s10.npz,76377,cafa023d6dd2edbca0401bf019cf9c6146f0fc9c3ec86de9a3eec47fb0d4a9e1
resnet,independent_rms,101,bandpass_n20004_cLL_V1_V4_covariance_s5,phase2/results/predictions/full/independent_rms/resnet/seed_101/bandpass_n20004_cLL_V1_V4_covariance_s5.npz,76158,69a8dd6001358e1f89095664500f94df80917a986661933f85243a1cb6ae5c6f
resnet,independent_rms,101,bandpass_n20004_cLL_V1_V4_covariance_s0,phase2/results/predictions/full/independent_rms/resnet/seed_101/bandpass_n20004_cLL_V1_V4_covariance_s0.npz,75657,ca22f937b204b3a8ab7f1ceb0ae33b783dd58a3f7cf8a56e9151f2383e9a714a
resnet,independent_rms,101,bandpass_n20004_call_independent_rms_s20,phase2/results/predictions/full/independent_rms/resnet/seed_101/bandpass_n20004_call_independent_rms_s20.npz,76479,ea4591177cbcd21155c9bced668daf5854632a96722075afd02243872e6a24dd
resnet,independent_rms,101,bandpass_n20004_call_independent_rms_s15,phase2/results/predictions/full/independent_rms/resnet/seed_101/bandpass_n20004_call_independent_rms_s15.npz,76496,ed5d1ee2dd0b1b420280d24896857d79ae1d28995fb802e64f42de3e4f2ec991
resnet,independent_rms,101,bandpass_n20004_call_independent_rms_s10,phase2/results/predictions/full/independent_rms/resnet/seed_101/bandpass_n20004_call_independent_rms_s10.npz,76444,42bbf68ddbba35dc4838088eb530324d4caf500504507493c34f3f52c0d2a5a5
resnet,independent_rms,101,bandpass_n20004_call_independent_rms_s5,phase2/results/predictions/full/independent_rms/resnet/seed_101/bandpass_n20004_call_independent_rms_s5.npz,76299,97fdd688669203011c1ef3aca7c3e4a951f91d37857e8c195bc6278a1c9f07f4
resnet,independent_rms,101,bandpass_n20004_call_independent_rms_s0,phase2/results/predictions/full/independent_rms/resnet/seed_101/bandpass_n20004_call_independent_rms_s0.npz,75980,386b6e43ab68096b88fe72b697fbfc08f582f64a7dc8fa6bd19477eeef820d5c
resnet,independent_rms,101,bandpass_n20004_call_electrode_s20,phase2/results/predictions/full/independent_rms/resnet/seed_101/bandpass_n20004_call_electrode_s20.npz,76490,a5b452f2d07e415386bcfa830f09f3a7e2f82d683d9259c4825c515924d54b95
resnet,independent_rms,101,bandpass_n20004_call_electrode_s15,phase2/results/predictions/full/independent_rms/resnet/seed_101/bandpass_n20004_call_electrode_s15.npz,76470,f4b544e7707e27d5ab96cfa5f663350cd3f048549757ba0845067d374104a0df
resnet,independent_rms,101,bandpass_n20004_call_electrode_s10,phase2/results/predictions/full/independent_rms/resnet/seed_101/bandpass_n20004_call_electrode_s10.npz,76350,cc18a49db5fadc079272c102e720604efabe134204fdaca99b326646a50dfc95
resnet,independent_rms,101,bandpass_n20004_call_electrode_s5,phase2/results/predictions/full/independent_rms/resnet/seed_101/bandpass_n20004_call_electrode_s5.npz,76193,12e6a02942fbce302923af7a5e9f23bea6025fa4d265e0fab60a4efdf8b1c67b
resnet,independent_rms,101,bandpass_n20004_call_electrode_s0,phase2/results/predictions/full/independent_rms/resnet/seed_101/bandpass_n20004_call_electrode_s0.npz,75712,1105d254e1a04c8d614d81f9c31dfa3ea650f2ad95d2930b8fccb2c0fa22c74f
resnet,independent_rms,101,bandpass_n20004_call_covariance_s20,phase2/results/predictions/full/independent_rms/resnet/seed_101/bandpass_n20004_call_covariance_s20.npz,76478,ce77457638d55b51c9abd7a2a7c9cc3305583d2d425bff650db888f0b7b10a15
resnet,independent_rms,101,bandpass_n20004_call_covariance_s15,phase2/results/predictions/full/independent_rms/resnet/seed_101/bandpass_n20004_call_covariance_s15.npz,76462,b8b915d9ad809150c4b93463b4921292ea04ec5ee79b3163319165fce46f99eb
resnet,independent_rms,101,bandpass_n20004_call_covariance_s10,phase2/results/predictions/full/independent_rms/resnet/seed_101/bandpass_n20004_call_covariance_s10.npz,76365,404db9e8a539161bf4954a139ae049a3760d1b474967d40785f492175130386b
resnet,independent_rms,101,bandpass_n20004_call_covariance_s5,phase2/results/predictions/full/independent_rms/resnet/seed_101/bandpass_n20004_call_covariance_s5.npz,76176,9b8f354de596f1f4953e01c7f153b11c5656923db8f6b6a288ee120becb8c9c3
resnet,independent_rms,101,bandpass_n20004_call_covariance_s0,phase2/results/predictions/full/independent_rms/resnet/seed_101/bandpass_n20004_call_covariance_s0.npz,75744,7ffe5aca978ab52ba611d48879a3acbcff306b9ea1fc2205a3a50427aae6d1a0
resnet,independent_rms,101,bandpass_n20005_cRA_LA_LL_independent_rms_s20,phase2/results/predictions/full/independent_rms/resnet/seed_101/bandpass_n20005_cRA_LA_LL_independent_rms_s20.npz,76527,6e8c881d52e2cacb2ada9de7c8f17b692d6cbe1fa270453dbd97a5a496ee37b2
resnet,independent_rms,101,bandpass_n20005_cRA_LA_LL_independent_rms_s15,phase2/results/predictions/full/independent_rms/resnet/seed_101/bandpass_n20005_cRA_LA_LL_independent_rms_s15.npz,76495,e014b399bb53ba7a12566d248a6acb476a458bc91df840b5bbd0bae50c6244c8
resnet,independent_rms,101,bandpass_n20005_cRA_LA_LL_independent_rms_s10,phase2/results/predictions/full/independent_rms/resnet/seed_101/bandpass_n20005_cRA_LA_LL_independent_rms_s10.npz,76433,9004a9e1bc172d3fc0f3099039828ef4e06d49232d1f420c0d5446c77830232a
resnet,independent_rms,101,bandpass_n20005_cRA_LA_LL_independent_rms_s5,phase2/results/predictions/full/independent_rms/resnet/seed_101/bandpass_n20005_cRA_LA_LL_independent_rms_s5.npz,76289,3929f9cd385c2d8ca9e19a7fbd81e1dda55be8ae5fe36c3b8caaefc764c4cf1b
resnet,independent_rms,101,bandpass_n20005_cRA_LA_LL_independent_rms_s0,phase2/results/predictions/full/independent_rms/resnet/seed_101/bandpass_n20005_cRA_LA_LL_independent_rms_s0.npz,76022,5330fc8b310a48e9ca82bf2bd9cccd3de7a60a52cc598346236fb8d9eaab348d
resnet,independent_rms,101,bandpass_n20005_cRA_LA_LL_electrode_s20,phase2/results/predictions/full/independent_rms/resnet/seed_101/bandpass_n20005_cRA_LA_LL_electrode_s20.npz,76481,38f8f706fa5603ce94abe087ddc50e0b9db71115897e240355788d26c1eb769a
resnet,independent_rms,101,bandpass_n20005_cRA_LA_LL_electrode_s15,phase2/results/predictions/full/independent_rms/resnet/seed_101/bandpass_n20005_cRA_LA_LL_electrode_s15.npz,76464,fec3fd59a4776491bea4cbc6e298b0609bbaed857d4a8d542949b6b65075f0df
resnet,independent_rms,101,bandpass_n20005_cRA_LA_LL_electrode_s10,phase2/results/predictions/full/independent_rms/resnet/seed_101/bandpass_n20005_cRA_LA_LL_electrode_s10.npz,76390,15b4f404603f0b8c32ee3e44604132ecf785148180326d8494c4e78f3c60889b
resnet,independent_rms,101,bandpass_n20005_cRA_LA_LL_electrode_s5,phase2/results/predictions/full/independent_rms/resnet/seed_101/bandpass_n20005_cRA_LA_LL_electrode_s5.npz,76161,00dfdf69381b04f35b468e637f3b8ea3a9fb403e735a52291483173c4f8e166d
resnet,independent_rms,101,bandpass_n20005_cRA_LA_LL_electrode_s0,phase2/results/predictions/full/independent_rms/resnet/seed_101/bandpass_n20005_cRA_LA_LL_electrode_s0.npz,75663,39bb7d310f612908922d04d341c3089a49b46548ad261ec9588375d3d9efe2cd
resnet,independent_rms,101,bandpass_n20005_cRA_LA_LL_covariance_s20,phase2/results/predictions/full/independent_rms/resnet/seed_101/bandpass_n20005_cRA_LA_LL_covariance_s20.npz,76501,69686b26d2e7c27bd66b6626d66503a671cbae1c18f423eef7f4ead4a0213082
resnet,independent_rms,101,bandpass_n20005_cRA_LA_LL_covariance_s15,phase2/results/predictions/full/independent_rms/resnet/seed_101/bandpass_n20005_cRA_LA_LL_covariance_s15.npz,76457,8c0a132d5764df0e14e4c0712417127ea6ce9246a0a25fd8c7e890ee09ca6b66
resnet,independent_rms,101,bandpass_n20005_cRA_LA_LL_covariance_s10,phase2/results/predictions/full/independent_rms/resnet/seed_101/bandpass_n20005_cRA_LA_LL_covariance_s10.npz,76419,cfa43c9e85b8a12a22d9b0282893fce3ddbb242685aa14467f0bd8ce8a1d5467
resnet,independent_rms,101,bandpass_n20005_cRA_LA_LL_covariance_s5,phase2/results/predictions/full/independent_rms/resnet/seed_101/bandpass_n20005_cRA_LA_LL_covariance_s5.npz,76156,80204ce620e10e513346b7587eed33ebaa09b1434b17fbb42906c83b9388d6ea
resnet,independent_rms,101,bandpass_n20005_cRA_LA_LL_covariance_s0,phase2/results/predictions/full/independent_rms/resnet/seed_101/bandpass_n20005_cRA_LA_LL_covariance_s0.npz,75682,05104b7ce611244c08f101a043159e44ca0f783c0f5faeeb676332a6e2e3c43b
resnet,independent_rms,101,bandpass_n20005_cV1_independent_rms_s20,phase2/results/predictions/full/independent_rms/resnet/seed_101/bandpass_n20005_cV1_independent_rms_s20.npz,76487,9121ef798b1a9f258c7c56e09119f786ce66e06591bc4e208769c6db36d8d084
resnet,independent_rms,101,bandpass_n20005_cV1_independent_rms_s15,phase2/results/predictions/full/independent_rms/resnet/seed_101/bandpass_n20005_cV1_independent_rms_s15.npz,76480,dd6331c26efdab3b9ca2015e4d218db8c6f127582c24263b9f7b2fd16a4853c0
resnet,independent_rms,101,bandpass_n20005_cV1_independent_rms_s10,phase2/results/predictions/full/independent_rms/resnet/seed_101/bandpass_n20005_cV1_independent_rms_s10.npz,76431,adb0a04d84d98913f8c044db6de44a281eb9e62897b0e61eacc776de91e6ba2b
resnet,independent_rms,101,bandpass_n20005_cV1_independent_rms_s5,phase2/results/predictions/full/independent_rms/resnet/seed_101/bandpass_n20005_cV1_independent_rms_s5.npz,76210,4eec82f94267f7847698941188bae3d24fd1aa9dc6f550c91bbda8c97e38a9fa
resnet,independent_rms,101,bandpass_n20005_cV1_independent_rms_s0,phase2/results/predictions/full/independent_rms/resnet/seed_101/bandpass_n20005_cV1_independent_rms_s0.npz,75684,56eea33dbe39bf50164f47a29bc3a3f80cf5c938f1a2fb8e4afddf2c2053969d
resnet,independent_rms,101,bandpass_n20005_cV1_electrode_s20,phase2/results/predictions/full/independent_rms/resnet/seed_101/bandpass_n20005_cV1_electrode_s20.npz,76463,aa69643d961b027552fe1bf52b215b8647a1ea4a76b20b22a4fd1e2640c38219
resnet,independent_rms,101,bandpass_n20005_cV1_electrode_s15,phase2/results/predictions/full/independent_rms/resnet/seed_101/bandpass_n20005_cV1_electrode_s15.npz,76465,a4c9d17515e51b8b34754d496ee0f0b15b5f1570e054c99188575b8d5347ce6f
resnet,independent_rms,101,bandpass_n20005_cV1_electrode_s10,phase2/results/predictions/full/independent_rms/resnet/seed_101/bandpass_n20005_cV1_electrode_s10.npz,76429,b03533ac8a210e5b391eab00831b6569720027e78edec81e505891ea4b9d9e53
resnet,independent_rms,101,bandpass_n20005_cV1_electrode_s5,phase2/results/predictions/full/independent_rms/resnet/seed_101/bandpass_n20005_cV1_electrode_s5.npz,76218,61525fb7d6f9e16a125912907d8b6bf01689e940bb180483a6ac87be00d6b996
resnet,independent_rms,101,bandpass_n20005_cV1_electrode_s0,phase2/results/predictions/full/independent_rms/resnet/seed_101/bandpass_n20005_cV1_electrode_s0.npz,75677,11495180e863c0a3c0e950721a5b8696c15e6761e96f1b2a228c81005b66bb7e
resnet,independent_rms,101,bandpass_n20005_cV1_covariance_s20,phase2/results/predictions/full/independent_rms/resnet/seed_101/bandpass_n20005_cV1_covariance_s20.npz,76488,eb8b6d1e2657eeb2dea2f5ba80d1b8e56b189cc4c9dd7918d75edb76235894c7
resnet,independent_rms,101,bandpass_n20005_cV1_covariance_s15,phase2/results/predictions/full/independent_rms/resnet/seed_101/bandpass_n20005_cV1_covariance_s15.npz,76455,210bc9a61b1359fe29160a83e30355d9a3df23a5ddc58f0936ab432af4fbc5c3
resnet,independent_rms,101,bandpass_n20005_cV1_covariance_s10,phase2/results/predictions/full/independent_rms/resnet/seed_101/bandpass_n20005_cV1_covariance_s10.npz,76443,5b1e7d568cda96d814eb439454d0f667b72a8fda77c24ab438842b84b04b55d2
resnet,independent_rms,101,bandpass_n20005_cV1_covariance_s5,phase2/results/predictions/full/independent_rms/resnet/seed_101/bandpass_n20005_cV1_covariance_s5.npz,76217,d375a2c648e71e76726fbd66d3547516c7276e7a4a75a4eca7bfc9da1d61af1f
resnet,independent_rms,101,bandpass_n20005_cV1_covariance_s0,phase2/results/predictions/full/independent_rms/resnet/seed_101/bandpass_n20005_cV1_covariance_s0.npz,75675,a2b8779438ca2768cceaf3f282b1248f9f7610a0027a7774b9b26603cc3019a4
resnet,independent_rms,101,bandpass_n20005_cV2_independent_rms_s20,phase2/results/predictions/full/independent_rms/resnet/seed_101/bandpass_n20005_cV2_independent_rms_s20.npz,76511,ad645837ca6e8d97271e84825e57415e7aad84908df6f19262c471638810fef5
resnet,independent_rms,101,bandpass_n20005_cV2_independent_rms_s15,phase2/results/predictions/full/independent_rms/resnet/seed_101/bandpass_n20005_cV2_independent_rms_s15.npz,76516,f31e1c99fa76cc80148389577329bd428d338408ff747ee2a7e5763b54e0ca7b
resnet,independent_rms,101,bandpass_n20005_cV2_independent_rms_s10,phase2/results/predictions/full/independent_rms/resnet/seed_101/bandpass_n20005_cV2_independent_rms_s10.npz,76485,fdc2a6ecca0d2419d24d307353f0acb01a72b39d621d84de0ecc8e23338cee06
resnet,independent_rms,101,bandpass_n20005_cV2_independent_rms_s5,phase2/results/predictions/full/independent_rms/resnet/seed_101/bandpass_n20005_cV2_independent_rms_s5.npz,76304,3034c3895ad567141915522149e56a50f671cd566ee2f110f4cfe28d6f96dced
resnet,independent_rms,101,bandpass_n20005_cV2_independent_rms_s0,phase2/results/predictions/full/independent_rms/resnet/seed_101/bandpass_n20005_cV2_independent_rms_s0.npz,76028,bc2709f0875dd368d4ce67aa6329fabe9cd8e9e72a78d67c1b9d97af8da11850
resnet,independent_rms,101,bandpass_n20005_cV2_electrode_s20,phase2/results/predictions/full/independent_rms/resnet/seed_101/bandpass_n20005_cV2_electrode_s20.npz,76490,b63dcaf3fcd9bf5b683cbcf94ca972629e0eaef53ac4708c475c98103dc41af0
resnet,independent_rms,101,bandpass_n20005_cV2_electrode_s15,phase2/results/predictions/full/independent_rms/resnet/seed_101/bandpass_n20005_cV2_electrode_s15.npz,76491,5f11486537cd96c268aefef3da48d908a36e9947147b629e82c14568064fefda
resnet,independent_rms,101,bandpass_n20005_cV2_electrode_s10,phase2/results/predictions/full/independent_rms/resnet/seed_101/bandpass_n20005_cV2_electrode_s10.npz,76457,dbcbaa3a37c27b7b49aeb3ab21a292b4197339cd8a61a3d5cde89d8874bac6ea
resnet,independent_rms,101,bandpass_n20005_cV2_electrode_s5,phase2/results/predictions/full/independent_rms/resnet/seed_101/bandpass_n20005_cV2_electrode_s5.npz,76295,7e9d68d4a5a365e1c6b382b729cb518cc21adb5326400cf3c5647ee702cea6c7
resnet,independent_rms,101,bandpass_n20005_cV2_electrode_s0,phase2/results/predictions/full/independent_rms/resnet/seed_101/bandpass_n20005_cV2_electrode_s0.npz,76004,acb01bc748fd70f102f72bef856a84d32f0a525f6a37ae02afefafdc916dc8a2
resnet,independent_rms,101,bandpass_n20005_cV2_covariance_s20,phase2/results/predictions/full/independent_rms/resnet/seed_101/bandpass_n20005_cV2_covariance_s20.npz,76471,ad2681f1daad32484acb1b541a3e0afe30ae35e64582c2d6c6e8b16ceeddc3ff
resnet,independent_rms,101,bandpass_n20005_cV2_covariance_s15,phase2/results/predictions/full/independent_rms/resnet/seed_101/bandpass_n20005_cV2_covariance_s15.npz,76499,302455a69a8da6777ea8a79df42b1b2eb9d82f0f51774f25178ecd28b3575700
resnet,independent_rms,101,bandpass_n20005_cV2_covariance_s10,phase2/results/predictions/full/independent_rms/resnet/seed_101/bandpass_n20005_cV2_covariance_s10.npz,76468,0982e338fda97baf9713530e5a6735912122b8e3af7f00151ab8d640e0c7acc9
resnet,independent_rms,101,bandpass_n20005_cV2_covariance_s5,phase2/results/predictions/full/independent_rms/resnet/seed_101/bandpass_n20005_cV2_covariance_s5.npz,76320,3ebead93004a23acdb6f4eb700d5137d4655516f45ca4791b4bdb30b9e477a88
resnet,independent_rms,101,bandpass_n20005_cV2_covariance_s0,phase2/results/predictions/full/independent_rms/resnet/seed_101/bandpass_n20005_cV2_covariance_s0.npz,76017,7803f99b70074773566139a2f2fce7a9d0c02a9c87f080775444fef989f2e0c9
resnet,independent_rms,101,bandpass_n20005_cV3_independent_rms_s20,phase2/results/predictions/full/independent_rms/resnet/seed_101/bandpass_n20005_cV3_independent_rms_s20.npz,76479,f83473beaf8346d41028de35f5c632a740dc4387538d4c11103b4176e5369a2c
resnet,independent_rms,101,bandpass_n20005_cV3_independent_rms_s15,phase2/results/predictions/full/independent_rms/resnet/seed_101/bandpass_n20005_cV3_independent_rms_s15.npz,76508,733e38140be9469571e161495ccd7569dcc7c2400013b67bbec3b8294df725a8
resnet,independent_rms,101,bandpass_n20005_cV3_independent_rms_s10,phase2/results/predictions/full/independent_rms/resnet/seed_101/bandpass_n20005_cV3_independent_rms_s10.npz,76465,8165f9311285467b692c8b459081be0122a91cd57012b42eb38567534cc59dcb
resnet,independent_rms,101,bandpass_n20005_cV3_independent_rms_s5,phase2/results/predictions/full/independent_rms/resnet/seed_101/bandpass_n20005_cV3_independent_rms_s5.npz,76300,4b7f9e2adce4387bd4cfe25578d8da16689374535dc353c0cd37b0a2a11f6097
resnet,independent_rms,101,bandpass_n20005_cV3_independent_rms_s0,phase2/results/predictions/full/independent_rms/resnet/seed_101/bandpass_n20005_cV3_independent_rms_s0.npz,75997,c3d794ea79f974ed6c5c0402411a822c01979a7b7738e1f4ba77b5d74e4454b0
resnet,independent_rms,101,bandpass_n20005_cV3_electrode_s20,phase2/results/predictions/full/independent_rms/resnet/seed_101/bandpass_n20005_cV3_electrode_s20.npz,76453,74b8eb34a5af3fe6f63968b2b89f4dfbff980b94a5cbaa8d948604794a561844
resnet,independent_rms,101,bandpass_n20005_cV3_electrode_s15,phase2/results/predictions/full/independent_rms/resnet/seed_101/bandpass_n20005_cV3_electrode_s15.npz,76481,f161231acb27f46d9f56081e7974ae80ad52469c471471cdafabb93107325faa
resnet,independent_rms,101,bandpass_n20005_cV3_electrode_s10,phase2/results/predictions/full/independent_rms/resnet/seed_101/bandpass_n20005_cV3_electrode_s10.npz,76438,aea323048f75342e43824f7759f2ba7ee05dc3cae19d0d3ef89b7c382d310044
resnet,independent_rms,101,bandpass_n20005_cV3_electrode_s5,phase2/results/predictions/full/independent_rms/resnet/seed_101/bandpass_n20005_cV3_electrode_s5.npz,76302,f62b7d999a3e3e6b41bfe0ac9306a0aad81e1a06d79a7b44372b1d4ebb98cea2
resnet,independent_rms,101,bandpass_n20005_cV3_electrode_s0,phase2/results/predictions/full/independent_rms/resnet/seed_101/bandpass_n20005_cV3_electrode_s0.npz,75950,d1089cbac95a97658746e59adaff8894f1c1ced33f3a8c8ea4253733f9e4f700
resnet,independent_rms,101,bandpass_n20005_cV3_covariance_s20,phase2/results/predictions/full/independent_rms/resnet/seed_101/bandpass_n20005_cV3_covariance_s20.npz,76465,38c6532bb8509cfbab80aebce8b2a97eb628520a1aa8a5946be50686020a9208
resnet,independent_rms,101,bandpass_n20005_cV3_covariance_s15,phase2/results/predictions/full/independent_rms/resnet/seed_101/bandpass_n20005_cV3_covariance_s15.npz,76462,94bafef9678df1dd50fbc035affac2207f4644b6db2d54ea680b60cd8c44ade0
resnet,independent_rms,101,bandpass_n20005_cV3_covariance_s10,phase2/results/predictions/full/independent_rms/resnet/seed_101/bandpass_n20005_cV3_covariance_s10.npz,76441,652e512e69b24a6982bc2c0bd895ea8b982189ce3f65418403d57aa10fc845a1
resnet,independent_rms,101,bandpass_n20005_cV3_covariance_s5,phase2/results/predictions/full/independent_rms/resnet/seed_101/bandpass_n20005_cV3_covariance_s5.npz,76329,dc6af11ab8008803f84b62fab61fc34ca7f9e7b68dd32b78285ceae87ad377d5
resnet,independent_rms,101,bandpass_n20005_cV3_covariance_s0,phase2/results/predictions/full/independent_rms/resnet/seed_101/bandpass_n20005_cV3_covariance_s0.npz,75963,cf99045077704d32b158da1132a40d3f74f7709f6aad23fcf5fb5d74c32fb46e
resnet,independent_rms,101,bandpass_n20005_cV4_independent_rms_s20,phase2/results/predictions/full/independent_rms/resnet/seed_101/bandpass_n20005_cV4_independent_rms_s20.npz,76511,5a5b4e1acd39b205dae6899c3a81287ff4ca7f5545624e63503de10a7fbe4a32
resnet,independent_rms,101,bandpass_n20005_cV4_independent_rms_s15,phase2/results/predictions/full/independent_rms/resnet/seed_101/bandpass_n20005_cV4_independent_rms_s15.npz,76480,136bc0641b2393cce63d67fb175f9e463bf1c15a9753110d4c67186d1b43de34
resnet,independent_rms,101,bandpass_n20005_cV4_independent_rms_s10,phase2/results/predictions/full/independent_rms/resnet/seed_101/bandpass_n20005_cV4_independent_rms_s10.npz,76464,bf203a2d915e2a3a5d56d7683b4cb476a6b38c9381b9fb56d6b10383c272af3f
resnet,independent_rms,101,bandpass_n20005_cV4_independent_rms_s5,phase2/results/predictions/full/independent_rms/resnet/seed_101/bandpass_n20005_cV4_independent_rms_s5.npz,76426,ed88755ce3b4534f474cd21aa61b694e468750d5b7b3365aaddc03b3b5d15267
resnet,independent_rms,101,bandpass_n20005_cV4_independent_rms_s0,phase2/results/predictions/full/independent_rms/resnet/seed_101/bandpass_n20005_cV4_independent_rms_s0.npz,76200,fd486fcab8545c6f439f62b837f1d82ffe2ebd35020d7e15dc66e54074451ddb
resnet,independent_rms,101,bandpass_n20005_cV4_electrode_s20,phase2/results/predictions/full/independent_rms/resnet/seed_101/bandpass_n20005_cV4_electrode_s20.npz,76489,6a1d16870aa3074a241a2e91886c67c376957d02316163076fcc62b509f8638d
resnet,independent_rms,101,bandpass_n20005_cV4_electrode_s15,phase2/results/predictions/full/independent_rms/resnet/seed_101/bandpass_n20005_cV4_electrode_s15.npz,76464,e6870ccda57267ebf5eb493ca45a9b0cd6b28ecede65073d433ca507bb407c30
resnet,independent_rms,101,bandpass_n20005_cV4_electrode_s10,phase2/results/predictions/full/independent_rms/resnet/seed_101/bandpass_n20005_cV4_electrode_s10.npz,76510,34e17eca11608d2e0425b465f2105c04a3d82c867c8c00080e1a63c8f9155327
resnet,independent_rms,101,bandpass_n20005_cV4_electrode_s5,phase2/results/predictions/full/independent_rms/resnet/seed_101/bandpass_n20005_cV4_electrode_s5.npz,76409,b711518ea2122ad5415a2ee5f1272d4b8be593dedc0f44517c6b7fcb8a6506e8
resnet,independent_rms,101,bandpass_n20005_cV4_electrode_s0,phase2/results/predictions/full/independent_rms/resnet/seed_101/bandpass_n20005_cV4_electrode_s0.npz,76178,bd00b04f71fbda173bf5fcf528beda47ae85f9ec4174927013cd7bf8a5a23971
resnet,independent_rms,101,bandpass_n20005_cV4_covariance_s20,phase2/results/predictions/full/independent_rms/resnet/seed_101/bandpass_n20005_cV4_covariance_s20.npz,76477,9922fd9e2a5dd0ec1e440a0c6d40cd580014259ee720d0dcb277bd26bda23078
resnet,independent_rms,101,bandpass_n20005_cV4_covariance_s15,phase2/results/predictions/full/independent_rms/resnet/seed_101/bandpass_n20005_cV4_covariance_s15.npz,76481,ccf4e6a6858cd4a4ba82d54154bcfe7c8b45c7308d255c8ccbb1eefaff559ca1
resnet,independent_rms,101,bandpass_n20005_cV4_covariance_s10,phase2/results/predictions/full/independent_rms/resnet/seed_101/bandpass_n20005_cV4_covariance_s10.npz,76462,d36624e00ea7c5754b945af1b1b25c49bd612cfce8675d7e269433e04163f424
resnet,independent_rms,101,bandpass_n20005_cV4_covariance_s5,phase2/results/predictions/full/independent_rms/resnet/seed_101/bandpass_n20005_cV4_covariance_s5.npz,76431,dc5ad9784f5749c7876a3c0fc17853c716164680bc2391d8e5255f0ae55abcce
resnet,independent_rms,101,bandpass_n20005_cV4_covariance_s0,phase2/results/predictions/full/independent_rms/resnet/seed_101/bandpass_n20005_cV4_covariance_s0.npz,76206,dce42f61ce9daaa4a949a82a67851061e15db45bfe9d4667e587079122721e62
resnet,independent_rms,101,bandpass_n20005_cV5_independent_rms_s20,phase2/results/predictions/full/independent_rms/resnet/seed_101/bandpass_n20005_cV5_independent_rms_s20.npz,76495,8d2c8450ecb1ddafb3bd678d9369001abc57d4446d279bfa744477ae14777ba0
resnet,independent_rms,101,bandpass_n20005_cV5_independent_rms_s15,phase2/results/predictions/full/independent_rms/resnet/seed_101/bandpass_n20005_cV5_independent_rms_s15.npz,76499,64808075485e68e5093884ff3759d89a7dcf7da3bfc54477c737b0f1c4a061de
resnet,independent_rms,101,bandpass_n20005_cV5_independent_rms_s10,phase2/results/predictions/full/independent_rms/resnet/seed_101/bandpass_n20005_cV5_independent_rms_s10.npz,76443,2030d1a0cea91384bf4d4b456410edba5632474b3fc5c671d9664ff67529be48
resnet,independent_rms,101,bandpass_n20005_cV5_independent_rms_s5,phase2/results/predictions/full/independent_rms/resnet/seed_101/bandpass_n20005_cV5_independent_rms_s5.npz,76334,f4bfba4479149868e482859061e99f410be9a310642a58c1d356e0236a4177f4
resnet,independent_rms,101,bandpass_n20005_cV5_independent_rms_s0,phase2/results/predictions/full/independent_rms/resnet/seed_101/bandpass_n20005_cV5_independent_rms_s0.npz,75999,fbd8ecf7d8f9c95959f3d6287e2f400f3e6c483907360c812dd3d08c7ae74d81
resnet,independent_rms,101,bandpass_n20005_cV5_electrode_s20,phase2/results/predictions/full/independent_rms/resnet/seed_101/bandpass_n20005_cV5_electrode_s20.npz,76494,0c9e16618fc39720bfa51d588577e1fe085bbec0d64c709c1c5594d8d1e63df1
resnet,independent_rms,101,bandpass_n20005_cV5_electrode_s15,phase2/results/predictions/full/independent_rms/resnet/seed_101/bandpass_n20005_cV5_electrode_s15.npz,76457,830d2800c1f1bc9cbd11d5f6924bd72baf068dbbafb244e953323307b98bdc1d
resnet,independent_rms,101,bandpass_n20005_cV5_electrode_s10,phase2/results/predictions/full/independent_rms/resnet/seed_101/bandpass_n20005_cV5_electrode_s10.npz,76464,e2b19addbe4cae108d61172adf72556678500a408d3cb4b510dc360d2db56e36
resnet,independent_rms,101,bandpass_n20005_cV5_electrode_s5,phase2/results/predictions/full/independent_rms/resnet/seed_101/bandpass_n20005_cV5_electrode_s5.npz,76325,9b1ac0af64c04fe16d60f5a48d0bf1ff942de3cf6cbc586bd371fcca3f86ad8c
resnet,independent_rms,101,bandpass_n20005_cV5_electrode_s0,phase2/results/predictions/full/independent_rms/resnet/seed_101/bandpass_n20005_cV5_electrode_s0.npz,75997,41e0cbf146802471c40282b3bd144c6aef5f28b56ec1ca6cb3e97c5edbd87730
resnet,independent_rms,101,bandpass_n20005_cV5_covariance_s20,phase2/results/predictions/full/independent_rms/resnet/seed_101/bandpass_n20005_cV5_covariance_s20.npz,76461,af655bc61c32def67b06330169da355add61068c3d9cddfe8ed5074af0812da3
resnet,independent_rms,101,bandpass_n20005_cV5_covariance_s15,phase2/results/predictions/full/independent_rms/resnet/seed_101/bandpass_n20005_cV5_covariance_s15.npz,76476,ec3ea2e65f5327d0908f9122b50591b8f4b5b167015ae3eb76085f164ab80972
resnet,independent_rms,101,bandpass_n20005_cV5_covariance_s10,phase2/results/predictions/full/independent_rms/resnet/seed_101/bandpass_n20005_cV5_covariance_s10.npz,76466,c898a7f91e1e394fa4eb188b29850fb77652c150e91ff55dcd88e26e5e7cf6dc
resnet,independent_rms,101,bandpass_n20005_cV5_covariance_s5,phase2/results/predictions/full/independent_rms/resnet/seed_101/bandpass_n20005_cV5_covariance_s5.npz,76363,66c4051c3e5eec8810c1281acaeaf006a88e3d930e2c6a101b6ce92ba195710a
resnet,independent_rms,101,bandpass_n20005_cV5_covariance_s0,phase2/results/predictions/full/independent_rms/resnet/seed_101/bandpass_n20005_cV5_covariance_s0.npz,75952,996aa75b3268b6a0eda844e57bf7a8d0b9ca0c17c2bfdde9c081a53d4865d01b
resnet,independent_rms,101,bandpass_n20005_cV6_independent_rms_s20,phase2/results/predictions/full/independent_rms/resnet/seed_101/bandpass_n20005_cV6_independent_rms_s20.npz,76479,f9d405ff97dddecca3d19f818c05fbf7d7aaf44960dbc004f5dd1c5714abc608
resnet,independent_rms,101,bandpass_n20005_cV6_independent_rms_s15,phase2/results/predictions/full/independent_rms/resnet/seed_101/bandpass_n20005_cV6_independent_rms_s15.npz,76451,67f27c75cd579179f6d074a2180f7f2afac8f568c45772d0d3b49d258adca0dc
resnet,independent_rms,101,bandpass_n20005_cV6_independent_rms_s10,phase2/results/predictions/full/independent_rms/resnet/seed_101/bandpass_n20005_cV6_independent_rms_s10.npz,76490,4148e18441b4116203c0a6c195cce9bbe2cfb1d6822545a6bff1abee4a4210c9
resnet,independent_rms,101,bandpass_n20005_cV6_independent_rms_s5,phase2/results/predictions/full/independent_rms/resnet/seed_101/bandpass_n20005_cV6_independent_rms_s5.npz,76345,5407b7112093790f7a549648c54821b204f7078bdff8095e2d489c53301c379b
resnet,independent_rms,101,bandpass_n20005_cV6_independent_rms_s0,phase2/results/predictions/full/independent_rms/resnet/seed_101/bandpass_n20005_cV6_independent_rms_s0.npz,75999,6ff58dc5fdb7e3a01f2ae30eeeb46bd272ef95d657def6ef200c01088e23a3d9
resnet,independent_rms,101,bandpass_n20005_cV6_electrode_s20,phase2/results/predictions/full/independent_rms/resnet/seed_101/bandpass_n20005_cV6_electrode_s20.npz,76457,9a4537ba3a28f77a980901a31f6af1b6fb3c1fc3fd8646742ebe0bb4f787f028
resnet,independent_rms,101,bandpass_n20005_cV6_electrode_s15,phase2/results/predictions/full/independent_rms/resnet/seed_101/bandpass_n20005_cV6_electrode_s15.npz,76424,60bc26eb3fa86704afeeea2923e51898220ec34e6176383b673f105fbec87ad3
resnet,independent_rms,101,bandpass_n20005_cV6_electrode_s10,phase2/results/predictions/full/independent_rms/resnet/seed_101/bandpass_n20005_cV6_electrode_s10.npz,76421,9cbfde41accff74ce9e7d2a645a4f4994dd05b155241617fe87a69a13eba0bed
resnet,independent_rms,101,bandpass_n20005_cV6_electrode_s5,phase2/results/predictions/full/independent_rms/resnet/seed_101/bandpass_n20005_cV6_electrode_s5.npz,76300,c2505e160e23427a7ceaba15db469a5402ce21193164b6290066d036e336c25f
resnet,independent_rms,101,bandpass_n20005_cV6_electrode_s0,phase2/results/predictions/full/independent_rms/resnet/seed_101/bandpass_n20005_cV6_electrode_s0.npz,76010,000a0184d850cbd92c69a944139b60837dc784288e706d18e103c3fe9e6520bd
resnet,independent_rms,101,bandpass_n20005_cV6_covariance_s20,phase2/results/predictions/full/independent_rms/resnet/seed_101/bandpass_n20005_cV6_covariance_s20.npz,76456,bd55a8df3c292a30be8e43e409f84ea7f0d30c21d4bac7c40b405d50c423d75d
resnet,independent_rms,101,bandpass_n20005_cV6_covariance_s15,phase2/results/predictions/full/independent_rms/resnet/seed_101/bandpass_n20005_cV6_covariance_s15.npz,76469,1b9930300de1409f01055b2bce600aab69622ecddd0d9ff09f33a67d5e1022b4
resnet,independent_rms,101,bandpass_n20005_cV6_covariance_s10,phase2/results/predictions/full/independent_rms/resnet/seed_101/bandpass_n20005_cV6_covariance_s10.npz,76444,165f6d31dde55c4fa6cf725364ddc82996352de047a1cd0318c86e18cfb59211
resnet,independent_rms,101,bandpass_n20005_cV6_covariance_s5,phase2/results/predictions/full/independent_rms/resnet/seed_101/bandpass_n20005_cV6_covariance_s5.npz,76278,3f7c507ad21d53e00f287ada07e5cbee946fd1e080e025a79eb0dbe6a96c5024
resnet,independent_rms,101,bandpass_n20005_cV6_covariance_s0,phase2/results/predictions/full/independent_rms/resnet/seed_101/bandpass_n20005_cV6_covariance_s0.npz,76017,9aa8b2bcbf9ebe46235f31722b7c38639d4602cd666c285bb6655f81fca98cc9
resnet,independent_rms,101,bandpass_n20005_cRA_LA_independent_rms_s20,phase2/results/predictions/full/independent_rms/resnet/seed_101/bandpass_n20005_cRA_LA_independent_rms_s20.npz,76489,12af85e9976492e225d195be3e5f7cdd5c551632ff507b9b928327949ba10bb8
resnet,independent_rms,101,bandpass_n20005_cRA_LA_independent_rms_s15,phase2/results/predictions/full/independent_rms/resnet/seed_101/bandpass_n20005_cRA_LA_independent_rms_s15.npz,76470,8487b9e14343312c28fd2e0c00a5b6ad95ab9c1631d72647a9c4cd12fd8b056f
resnet,independent_rms,101,bandpass_n20005_cRA_LA_independent_rms_s10,phase2/results/predictions/full/independent_rms/resnet/seed_101/bandpass_n20005_cRA_LA_independent_rms_s10.npz,76469,e3900df9ed0ae56436276476a2db86e2e11bdb83e4c6096a443e0b8cf1b4925f
resnet,independent_rms,101,bandpass_n20005_cRA_LA_independent_rms_s5,phase2/results/predictions/full/independent_rms/resnet/seed_101/bandpass_n20005_cRA_LA_independent_rms_s5.npz,76309,515deef0ba4e55bf7fad22c91bf16773ee4c9662c4df04f4b6e1a3225307d487
resnet,independent_rms,101,bandpass_n20005_cRA_LA_independent_rms_s0,phase2/results/predictions/full/independent_rms/resnet/seed_101/bandpass_n20005_cRA_LA_independent_rms_s0.npz,75989,058713d9930ada9cd079227b2f47424e305bd294c73430071a120c3537cf79f7
resnet,independent_rms,101,bandpass_n20005_cRA_LA_electrode_s20,phase2/results/predictions/full/independent_rms/resnet/seed_101/bandpass_n20005_cRA_LA_electrode_s20.npz,76480,2b1e5e6c8c29e379648f2489518c3a7bcb899107da73e39adaec9cf96d5b09e2
resnet,independent_rms,101,bandpass_n20005_cRA_LA_electrode_s15,phase2/results/predictions/full/independent_rms/resnet/seed_101/bandpass_n20005_cRA_LA_electrode_s15.npz,76456,ddb7e4bfd6a6bd67bb6aa92a2ca14e62d1615234ad8ca6f285ce3649112334e3
resnet,independent_rms,101,bandpass_n20005_cRA_LA_electrode_s10,phase2/results/predictions/full/independent_rms/resnet/seed_101/bandpass_n20005_cRA_LA_electrode_s10.npz,76365,7e4a7dfc4b25575f209055d1caca2bd333a35a0b803359ba93b235dfa124be2b
resnet,independent_rms,101,bandpass_n20005_cRA_LA_electrode_s5,phase2/results/predictions/full/independent_rms/resnet/seed_101/bandpass_n20005_cRA_LA_electrode_s5.npz,76146,96c9923a3dc27dafe1b3ccae2a37a24018e5d7ab56e801b129841204fdc8dd27
resnet,independent_rms,101,bandpass_n20005_cRA_LA_electrode_s0,phase2/results/predictions/full/independent_rms/resnet/seed_101/bandpass_n20005_cRA_LA_electrode_s0.npz,75794,44a9fd1835e92ffe32ef1d3830268c2d20f6d0a092b20d21f1d34817b597866c
resnet,independent_rms,101,bandpass_n20005_cRA_LA_covariance_s20,phase2/results/predictions/full/independent_rms/resnet/seed_101/bandpass_n20005_cRA_LA_covariance_s20.npz,76455,b5359d0bb1ae7b609bdefe9d413c23037ebe65427bb55e8f3ab16091ecfa23c1
resnet,independent_rms,101,bandpass_n20005_cRA_LA_covariance_s15,phase2/results/predictions/full/independent_rms/resnet/seed_101/bandpass_n20005_cRA_LA_covariance_s15.npz,76462,ccaa4acce14a81811116b1390f1da38cf6943c186e7f0aaf2a3e36123b2645a4
resnet,independent_rms,101,bandpass_n20005_cRA_LA_covariance_s10,phase2/results/predictions/full/independent_rms/resnet/seed_101/bandpass_n20005_cRA_LA_covariance_s10.npz,76404,34ed8953bd44c146ccc32586b19c701626e2c7aaf0e8584966f1b534aa7e991a
resnet,independent_rms,101,bandpass_n20005_cRA_LA_covariance_s5,phase2/results/predictions/full/independent_rms/resnet/seed_101/bandpass_n20005_cRA_LA_covariance_s5.npz,76209,4380aaf211742cc752615154bb224dba57ee11d1e843354e1fe1a8520e4271bd
resnet,independent_rms,101,bandpass_n20005_cRA_LA_covariance_s0,phase2/results/predictions/full/independent_rms/resnet/seed_101/bandpass_n20005_cRA_LA_covariance_s0.npz,75802,595d772a3470f4adba71c1da6c1e3d2382b6535a2aadb7748698261248dff189
resnet,independent_rms,101,bandpass_n20005_cLA_LL_independent_rms_s20,phase2/results/predictions/full/independent_rms/resnet/seed_101/bandpass_n20005_cLA_LL_independent_rms_s20.npz,76512,998a11549fbb1d9c4b98c7cfe0bb0800f310729626532a7108c31210b9cab39f
resnet,independent_rms,101,bandpass_n20005_cLA_LL_independent_rms_s15,phase2/results/predictions/full/independent_rms/resnet/seed_101/bandpass_n20005_cLA_LL_independent_rms_s15.npz,76505,45240eac2d93aefec39dd1e9a1a691072afdd44c1aeed3ee86e19ec81384a960
resnet,independent_rms,101,bandpass_n20005_cLA_LL_independent_rms_s10,phase2/results/predictions/full/independent_rms/resnet/seed_101/bandpass_n20005_cLA_LL_independent_rms_s10.npz,76458,b1ed91ec56918acaf4946ca9e57c747d407fb8e3eeff4bfc7a530ae339efad41
resnet,independent_rms,101,bandpass_n20005_cLA_LL_independent_rms_s5,phase2/results/predictions/full/independent_rms/resnet/seed_101/bandpass_n20005_cLA_LL_independent_rms_s5.npz,76308,c00d59884fdcde6346103df38ad2d4aaae59bad22b4214b1d160f5b80dec5fe3
resnet,independent_rms,101,bandpass_n20005_cLA_LL_independent_rms_s0,phase2/results/predictions/full/independent_rms/resnet/seed_101/bandpass_n20005_cLA_LL_independent_rms_s0.npz,75983,a330329c96484359d76387a6d9b6de2c87056259f2f412b1b93f32572311deb2
resnet,independent_rms,101,bandpass_n20005_cLA_LL_electrode_s20,phase2/results/predictions/full/independent_rms/resnet/seed_101/bandpass_n20005_cLA_LL_electrode_s20.npz,76451,58a86a6739f1999bebbcc4179a16ef240c7586dcaea9e597e469f188106b9f23
resnet,independent_rms,101,bandpass_n20005_cLA_LL_electrode_s15,phase2/results/predictions/full/independent_rms/resnet/seed_101/bandpass_n20005_cLA_LL_electrode_s15.npz,76483,be5162022efb84794b240cca6dd34033228d7a83d0a8eaecb9368c7e210f1999
resnet,independent_rms,101,bandpass_n20005_cLA_LL_electrode_s10,phase2/results/predictions/full/independent_rms/resnet/seed_101/bandpass_n20005_cLA_LL_electrode_s10.npz,76386,13b56de23c1db13c6205257971594b1764cae9c8a1748eeb0c2f198778aaea10
resnet,independent_rms,101,bandpass_n20005_cLA_LL_electrode_s5,phase2/results/predictions/full/independent_rms/resnet/seed_101/bandpass_n20005_cLA_LL_electrode_s5.npz,76135,dd12dbeaf70af8c198cdb7ad7be5778f5f7d2d83202f70171e1aa08772d5f739
resnet,independent_rms,101,bandpass_n20005_cLA_LL_electrode_s0,phase2/results/predictions/full/independent_rms/resnet/seed_101/bandpass_n20005_cLA_LL_electrode_s0.npz,75645,64f967dd1f907f4b5e77dd5012521a2ed8b1d93c7508af229913900d8a39223f
resnet,independent_rms,101,bandpass_n20005_cLA_LL_covariance_s20,phase2/results/predictions/full/independent_rms/resnet/seed_101/bandpass_n20005_cLA_LL_covariance_s20.npz,76473,db36e73d770f6118784a9a46321c4d429f69ec48cb2bd5657bd3523ead24dc6c
resnet,independent_rms,101,bandpass_n20005_cLA_LL_covariance_s15,phase2/results/predictions/full/independent_rms/resnet/seed_101/bandpass_n20005_cLA_LL_covariance_s15.npz,76437,a3b2b39026e3dda77756492c14e251f2eb0b369f53536a458da023b13a6a213a
resnet,independent_rms,101,bandpass_n20005_cLA_LL_covariance_s10,phase2/results/predictions/full/independent_rms/resnet/seed_101/bandpass_n20005_cLA_LL_covariance_s10.npz,76378,8671a5a615e1a74cc8969346ca98a39e2ad0ec1e30cedac22a98e8a80512c52c
resnet,independent_rms,101,bandpass_n20005_cLA_LL_covariance_s5,phase2/results/predictions/full/independent_rms/resnet/seed_101/bandpass_n20005_cLA_LL_covariance_s5.npz,76132,3b4427fb6eecf7d81b35e0238ea54d1da1b8eab96336d01fc3d72ebad945f058
resnet,independent_rms,101,bandpass_n20005_cLA_LL_covariance_s0,phase2/results/predictions/full/independent_rms/resnet/seed_101/bandpass_n20005_cLA_LL_covariance_s0.npz,75658,408f839ad35bc137ea66069f1cc72ab71463b458d5d24b7d91df6c39f4c56840
resnet,independent_rms,101,bandpass_n20005_cRA_LL_independent_rms_s20,phase2/results/predictions/full/independent_rms/resnet/seed_101/bandpass_n20005_cRA_LL_independent_rms_s20.npz,76493,dc1c352cb28253441630f6f3a85b0dca87551074300996ae65d094cde3c3daa6
resnet,independent_rms,101,bandpass_n20005_cRA_LL_independent_rms_s15,phase2/results/predictions/full/independent_rms/resnet/seed_101/bandpass_n20005_cRA_LL_independent_rms_s15.npz,76468,1a355b81f645d98df75c71cd8ec25997493388efbd543c566d3d2cb34be2e5c7
resnet,independent_rms,101,bandpass_n20005_cRA_LL_independent_rms_s10,phase2/results/predictions/full/independent_rms/resnet/seed_101/bandpass_n20005_cRA_LL_independent_rms_s10.npz,76461,4d9f3d76df0553ac6f7c9858080fb8ec3e9cd680f5168a57746f12b05e356ea6
resnet,independent_rms,101,bandpass_n20005_cRA_LL_independent_rms_s5,phase2/results/predictions/full/independent_rms/resnet/seed_101/bandpass_n20005_cRA_LL_independent_rms_s5.npz,76307,55e60ce65dd7204fda9e35634a1684a1f5d07ef48bcba37ba7db944940e5ff25
resnet,independent_rms,101,bandpass_n20005_cRA_LL_independent_rms_s0,phase2/results/predictions/full/independent_rms/resnet/seed_101/bandpass_n20005_cRA_LL_independent_rms_s0.npz,75966,dc5b4d3b948a2e17786478c2d8efc1c8c96936d6310e91b63cd8019cea96f219
resnet,independent_rms,101,bandpass_n20005_cRA_LL_electrode_s20,phase2/results/predictions/full/independent_rms/resnet/seed_101/bandpass_n20005_cRA_LL_electrode_s20.npz,76477,010ec0bc0a1a1ae8651df45bd01bfffb136eaa2a23deb03047f718f9faf277c3
resnet,independent_rms,101,bandpass_n20005_cRA_LL_electrode_s15,phase2/results/predictions/full/independent_rms/resnet/seed_101/bandpass_n20005_cRA_LL_electrode_s15.npz,76459,3b374bf8e4c0c51bfa952626e404671e123e83191ebb3ca2c00ee49967602ca9
resnet,independent_rms,101,bandpass_n20005_cRA_LL_electrode_s10,phase2/results/predictions/full/independent_rms/resnet/seed_101/bandpass_n20005_cRA_LL_electrode_s10.npz,76354,95634867ba093bee5fcd9024684445c18f502df1ca4ae9dd08cb0b4e8b1e44c6
resnet,independent_rms,101,bandpass_n20005_cRA_LL_electrode_s5,phase2/results/predictions/full/independent_rms/resnet/seed_101/bandpass_n20005_cRA_LL_electrode_s5.npz,76072,074e0665368a3c323651e84d8669fd26257afb2804f5f888026c641b104b8308
resnet,independent_rms,101,bandpass_n20005_cRA_LL_electrode_s0,phase2/results/predictions/full/independent_rms/resnet/seed_101/bandpass_n20005_cRA_LL_electrode_s0.npz,75621,e0ff5ff0eb59d0b1389c5558f35087dd66b76738a376cc2a6663601fbbff8500
resnet,independent_rms,101,bandpass_n20005_cRA_LL_covariance_s20,phase2/results/predictions/full/independent_rms/resnet/seed_101/bandpass_n20005_cRA_LL_covariance_s20.npz,76511,273b54aafa353ded96bb0a48254439dff8a5f66ca7cb2737ac2cea6a59f08a98
resnet,independent_rms,101,bandpass_n20005_cRA_LL_covariance_s15,phase2/results/predictions/full/independent_rms/resnet/seed_101/bandpass_n20005_cRA_LL_covariance_s15.npz,76474,6fd78c35d2512c18982e97e0d85e48cfcf2647dedb3bff115f6ba3fe610992ea
resnet,independent_rms,101,bandpass_n20005_cRA_LL_covariance_s10,phase2/results/predictions/full/independent_rms/resnet/seed_101/bandpass_n20005_cRA_LL_covariance_s10.npz,76370,b45bf12d04a7dc2781f5d6eeaf6286af925032e78c3ac95abeba64135845d167
resnet,independent_rms,101,bandpass_n20005_cRA_LL_covariance_s5,phase2/results/predictions/full/independent_rms/resnet/seed_101/bandpass_n20005_cRA_LL_covariance_s5.npz,76105,f095ebd8dcea288ea22e9afaa3b921d2a68b31528e374fc381fb610315d0cd1f
resnet,independent_rms,101,bandpass_n20005_cRA_LL_covariance_s0,phase2/results/predictions/full/independent_rms/resnet/seed_101/bandpass_n20005_cRA_LL_covariance_s0.npz,75581,ea83da30577cde756b7e5f7f9d83e142894afcf1c10b4171e77c04772280b844
resnet,independent_rms,101,bandpass_n20005_cRA_independent_rms_s20,phase2/results/predictions/full/independent_rms/resnet/seed_101/bandpass_n20005_cRA_independent_rms_s20.npz,76513,dc6e610c87148b0ed9a9a3eff574d35a70a462e43738aa51ac15c3624c7a93c5
resnet,independent_rms,101,bandpass_n20005_cRA_independent_rms_s15,phase2/results/predictions/full/independent_rms/resnet/seed_101/bandpass_n20005_cRA_independent_rms_s15.npz,76493,a68db8d730464f6dff9c4875abacd97391336dbf24e626ac5b3e44c67ee2ffbb
resnet,independent_rms,101,bandpass_n20005_cRA_independent_rms_s10,phase2/results/predictions/full/independent_rms/resnet/seed_101/bandpass_n20005_cRA_independent_rms_s10.npz,76459,9d01596a6a8c32a612947b037c1113a1f3da88fc90544fe98e0bd0f4e2b71af0
resnet,independent_rms,101,bandpass_n20005_cRA_independent_rms_s5,phase2/results/predictions/full/independent_rms/resnet/seed_101/bandpass_n20005_cRA_independent_rms_s5.npz,76313,c57af6b37785c124d8de487cd2c5bd5eda1ae9f6475d7c8761431022b9bdcfee
resnet,independent_rms,101,bandpass_n20005_cRA_independent_rms_s0,phase2/results/predictions/full/independent_rms/resnet/seed_101/bandpass_n20005_cRA_independent_rms_s0.npz,76039,8fdf399ca127f7cf0680f5bfc3d0020d79127dde19185c512af79cc9bda99cce
resnet,independent_rms,101,bandpass_n20005_cRA_electrode_s20,phase2/results/predictions/full/independent_rms/resnet/seed_101/bandpass_n20005_cRA_electrode_s20.npz,76499,9e492eb92bfa54bc89b2d0299f5f5e2dff5d9eeb57249b9810171e288d55b22e
resnet,independent_rms,101,bandpass_n20005_cRA_electrode_s15,phase2/results/predictions/full/independent_rms/resnet/seed_101/bandpass_n20005_cRA_electrode_s15.npz,76486,6998530599d8a60a2db8716fc9f31667a53f9dbb278103e92d24979197e05e41
resnet,independent_rms,101,bandpass_n20005_cRA_electrode_s10,phase2/results/predictions/full/independent_rms/resnet/seed_101/bandpass_n20005_cRA_electrode_s10.npz,76352,2cc1d04ca8212f10ffbfd61390bbc8f128b1f8b93caa354fe767446f2f585543
resnet,independent_rms,101,bandpass_n20005_cRA_electrode_s5,phase2/results/predictions/full/independent_rms/resnet/seed_101/bandpass_n20005_cRA_electrode_s5.npz,76158,ad7dc592c6d2b9a9e48fd43e9165b8fb0824c649343e7bbf8eaf4af4809b17ce
resnet,independent_rms,101,bandpass_n20005_cRA_electrode_s0,phase2/results/predictions/full/independent_rms/resnet/seed_101/bandpass_n20005_cRA_electrode_s0.npz,75763,0384599eb5120e920c614ec8b334428d0b29836884776369f89f4ad577c8a27c
resnet,independent_rms,101,bandpass_n20005_cRA_covariance_s20,phase2/results/predictions/full/independent_rms/resnet/seed_101/bandpass_n20005_cRA_covariance_s20.npz,76458,292dab1651e58270f53e101b7e6e5445399c612d3ee639377ffcb9f7b5ddf6b5
resnet,independent_rms,101,bandpass_n20005_cRA_covariance_s15,phase2/results/predictions/full/independent_rms/resnet/seed_101/bandpass_n20005_cRA_covariance_s15.npz,76447,18641ce2aeaa7ae9e019e0cb53339d3015a0451b0516d0484a0c02d0650e41c6
resnet,independent_rms,101,bandpass_n20005_cRA_covariance_s10,phase2/results/predictions/full/independent_rms/resnet/seed_101/bandpass_n20005_cRA_covariance_s10.npz,76386,6359e453003d8bbcff9f0b3f00333a33724f0f43596a2146ee98256ac3e84d61
resnet,independent_rms,101,bandpass_n20005_cRA_covariance_s5,phase2/results/predictions/full/independent_rms/resnet/seed_101/bandpass_n20005_cRA_covariance_s5.npz,76175,7465b5d244d2401c69e0e352668118b1d6dac64bd60fc79b1e9104a72c0b1187
resnet,independent_rms,101,bandpass_n20005_cRA_covariance_s0,phase2/results/predictions/full/independent_rms/resnet/seed_101/bandpass_n20005_cRA_covariance_s0.npz,75806,1772ffa24d51927f5986a284de246dc9925d567204cd4c689a3a26f4b0425628
resnet,independent_rms,101,bandpass_n20005_cLA_independent_rms_s20,phase2/results/predictions/full/independent_rms/resnet/seed_101/bandpass_n20005_cLA_independent_rms_s20.npz,76507,becbe46cfc59411e88bf07c361d63a424efc628bba879b2a274009258089f7b7
resnet,independent_rms,101,bandpass_n20005_cLA_independent_rms_s15,phase2/results/predictions/full/independent_rms/resnet/seed_101/bandpass_n20005_cLA_independent_rms_s15.npz,76493,7569463e282960fb0934b4a8aba02b373e4ec040d2e3326cdd22d2b2713f4f2c
resnet,independent_rms,101,bandpass_n20005_cLA_independent_rms_s10,phase2/results/predictions/full/independent_rms/resnet/seed_101/bandpass_n20005_cLA_independent_rms_s10.npz,76438,e087725280cff8d07e485d65371fcb1fca17679dc791916a6253abe58e9cf985
resnet,independent_rms,101,bandpass_n20005_cLA_independent_rms_s5,phase2/results/predictions/full/independent_rms/resnet/seed_101/bandpass_n20005_cLA_independent_rms_s5.npz,76326,45a327328e830c881abfef4648e10046e8e02840ae892d1a64479d7671960fc4
resnet,independent_rms,101,bandpass_n20005_cLA_independent_rms_s0,phase2/results/predictions/full/independent_rms/resnet/seed_101/bandpass_n20005_cLA_independent_rms_s0.npz,76014,248975d0c9faa1d4ed12cdb728d91e275ef6acf59ccfa7955bcf6e4be60f12fa
resnet,independent_rms,101,bandpass_n20005_cLA_electrode_s20,phase2/results/predictions/full/independent_rms/resnet/seed_101/bandpass_n20005_cLA_electrode_s20.npz,76506,431f37d449f713d4772494f44e0fa8286635d2e6793706928bd5b1f7817aebd5
resnet,independent_rms,101,bandpass_n20005_cLA_electrode_s15,phase2/results/predictions/full/independent_rms/resnet/seed_101/bandpass_n20005_cLA_electrode_s15.npz,76454,f5a47de99b944ab16613ccecb00ed4cbe3698b0daddaeb6e8633e01c95b34e00
resnet,independent_rms,101,bandpass_n20005_cLA_electrode_s10,phase2/results/predictions/full/independent_rms/resnet/seed_101/bandpass_n20005_cLA_electrode_s10.npz,76415,bffa795735ae27e219b8945fcf3b95c949b38c7380522fddd8fb14c8b45828e3
resnet,independent_rms,101,bandpass_n20005_cLA_electrode_s5,phase2/results/predictions/full/independent_rms/resnet/seed_101/bandpass_n20005_cLA_electrode_s5.npz,76218,5743878548c8213ec15e687b67236f100c2a26b708b79ce5247aae2410f0ded6
resnet,independent_rms,101,bandpass_n20005_cLA_electrode_s0,phase2/results/predictions/full/independent_rms/resnet/seed_101/bandpass_n20005_cLA_electrode_s0.npz,75901,f152a16582e8725c45a82e0c016c3184b0af4d338a1bd4bac848783890c08492
resnet,independent_rms,101,bandpass_n20005_cLA_covariance_s20,phase2/results/predictions/full/independent_rms/resnet/seed_101/bandpass_n20005_cLA_covariance_s20.npz,76479,58c225bfdec58abb4815b8faecfec375eda66c94cacd68482bc3f0641f702bb8
resnet,independent_rms,101,bandpass_n20005_cLA_covariance_s15,phase2/results/predictions/full/independent_rms/resnet/seed_101/bandpass_n20005_cLA_covariance_s15.npz,76462,dd9d09894f795e35300932a61179f7e2d3dd4deae0eb8eb220a9caaa1e42fee0
resnet,independent_rms,101,bandpass_n20005_cLA_covariance_s10,phase2/results/predictions/full/independent_rms/resnet/seed_101/bandpass_n20005_cLA_covariance_s10.npz,76388,caba2c85378fe1b768a8e534074b7fba740b730edd76b126ff136ff54a534a9b
resnet,independent_rms,101,bandpass_n20005_cLA_covariance_s5,phase2/results/predictions/full/independent_rms/resnet/seed_101/bandpass_n20005_cLA_covariance_s5.npz,76205,82aa65e44e9754237a532fd44c1b5108816f358ed90b0704e53150dd5f109435
resnet,independent_rms,101,bandpass_n20005_cLA_covariance_s0,phase2/results/predictions/full/independent_rms/resnet/seed_101/bandpass_n20005_cLA_covariance_s0.npz,75879,0c403ed28f6fe87b65eb98f32ed03ce5f547aac01489104b16b5ca954a30770f
resnet,independent_rms,101,bandpass_n20005_cLL_independent_rms_s20,phase2/results/predictions/full/independent_rms/resnet/seed_101/bandpass_n20005_cLL_independent_rms_s20.npz,76468,3e82a068a3eb9dc858b285c34b8ef86f8f494f91fa94013dfb01c785977e6af1
resnet,independent_rms,101,bandpass_n20005_cLL_independent_rms_s15,phase2/results/predictions/full/independent_rms/resnet/seed_101/bandpass_n20005_cLL_independent_rms_s15.npz,76472,fdc09744c22d6b208f260baaabd7162b7b4c11539c895d7da257459081558d5c
resnet,independent_rms,101,bandpass_n20005_cLL_independent_rms_s10,phase2/results/predictions/full/independent_rms/resnet/seed_101/bandpass_n20005_cLL_independent_rms_s10.npz,76433,f2f69ed0166dca9b0aa9e531629919b9b552c79af14e16a1b6477fc2edc93f94
resnet,independent_rms,101,bandpass_n20005_cLL_independent_rms_s5,phase2/results/predictions/full/independent_rms/resnet/seed_101/bandpass_n20005_cLL_independent_rms_s5.npz,76285,da14b7b82021cdf0ea47aeca76ccd7b63aaf2921ad8a53f2a3aefe3096624559
resnet,independent_rms,101,bandpass_n20005_cLL_independent_rms_s0,phase2/results/predictions/full/independent_rms/resnet/seed_101/bandpass_n20005_cLL_independent_rms_s0.npz,75940,72191fda800cf8191c3920ded9698fd3f27758d3bf7cf4d7a4f07f624954d778
resnet,independent_rms,101,bandpass_n20005_cLL_electrode_s20,phase2/results/predictions/full/independent_rms/resnet/seed_101/bandpass_n20005_cLL_electrode_s20.npz,76468,a7530f789c03d43b076b2268c5895d7614b77448a646920a2e1abc2d76411781
resnet,independent_rms,101,bandpass_n20005_cLL_electrode_s15,phase2/results/predictions/full/independent_rms/resnet/seed_101/bandpass_n20005_cLL_electrode_s15.npz,76443,6941da125e8e2e3917c826248d33819e564905454e2f3cf5f9a9bc9ee6044126
resnet,independent_rms,101,bandpass_n20005_cLL_electrode_s10,phase2/results/predictions/full/independent_rms/resnet/seed_101/bandpass_n20005_cLL_electrode_s10.npz,76336,34df1581f1c8d57cbbf9f606691c7263286a1fff613fc7c82adef1ecaa78391c
resnet,independent_rms,101,bandpass_n20005_cLL_electrode_s5,phase2/results/predictions/full/independent_rms/resnet/seed_101/bandpass_n20005_cLL_electrode_s5.npz,76074,04a567ceda81f2e6fd5a6618bd257d9e2f41cd4f6f3f1e58a0a2c11f3245a0a8
resnet,independent_rms,101,bandpass_n20005_cLL_electrode_s0,phase2/results/predictions/full/independent_rms/resnet/seed_101/bandpass_n20005_cLL_electrode_s0.npz,75607,fbd8c67a8291668a82b4e1360eac37547afce8c43ce6dea6503ecf09fcf963a0
resnet,independent_rms,101,bandpass_n20005_cLL_covariance_s20,phase2/results/predictions/full/independent_rms/resnet/seed_101/bandpass_n20005_cLL_covariance_s20.npz,76469,1bd432cada594c2e259e878e010ef50560033051d561b3a35f951afb32a98284
resnet,independent_rms,101,bandpass_n20005_cLL_covariance_s15,phase2/results/predictions/full/independent_rms/resnet/seed_101/bandpass_n20005_cLL_covariance_s15.npz,76461,922de72a7c44dd6d3b0baf82285a41c357d4e125d9c54234ce01c00a725c1d02
resnet,independent_rms,101,bandpass_n20005_cLL_covariance_s10,phase2/results/predictions/full/independent_rms/resnet/seed_101/bandpass_n20005_cLL_covariance_s10.npz,76374,0b25e774a7f670c876c208ebc513d5fc88e33639840d2187abb0de0c119dbed8
resnet,independent_rms,101,bandpass_n20005_cLL_covariance_s5,phase2/results/predictions/full/independent_rms/resnet/seed_101/bandpass_n20005_cLL_covariance_s5.npz,76072,431e56e87260d9401c7fdf51e45cf0087dac899192bff7113ca10f739e2b6e31
resnet,independent_rms,101,bandpass_n20005_cLL_covariance_s0,phase2/results/predictions/full/independent_rms/resnet/seed_101/bandpass_n20005_cLL_covariance_s0.npz,75636,e4e3a127b4c7b4ced5bac4d4938b8989b073332b99ab7696d150ace9c0256450
resnet,independent_rms,101,bandpass_n20005_cRA_V1_independent_rms_s20,phase2/results/predictions/full/independent_rms/resnet/seed_101/bandpass_n20005_cRA_V1_independent_rms_s20.npz,76480,a899fa289668e6a0167ee2e1802d986256f9bdc2d8b40debb8f380e0341520a4
resnet,independent_rms,101,bandpass_n20005_cRA_V1_independent_rms_s15,phase2/results/predictions/full/independent_rms/resnet/seed_101/bandpass_n20005_cRA_V1_independent_rms_s15.npz,76519,9cb32f9467eba8ea94d2c05e66561988fe2f4deb4f19e7dd7016d7e41bea88c4
resnet,independent_rms,101,bandpass_n20005_cRA_V1_independent_rms_s10,phase2/results/predictions/full/independent_rms/resnet/seed_101/bandpass_n20005_cRA_V1_independent_rms_s10.npz,76471,692e861e5faf4d448818fd2ea61ec7a177ff35e74a1264043cb1886ab317057b
resnet,independent_rms,101,bandpass_n20005_cRA_V1_independent_rms_s5,phase2/results/predictions/full/independent_rms/resnet/seed_101/bandpass_n20005_cRA_V1_independent_rms_s5.npz,76340,0af5a2181993f514d4aacae589a87807e6661e161388082e67f0608dc7aed1a0
resnet,independent_rms,101,bandpass_n20005_cRA_V1_independent_rms_s0,phase2/results/predictions/full/independent_rms/resnet/seed_101/bandpass_n20005_cRA_V1_independent_rms_s0.npz,75988,155b0cdf65f545337272bd992a7597e7991539bd44239891b5797f9f81640fe9
resnet,independent_rms,101,bandpass_n20005_cRA_V1_electrode_s20,phase2/results/predictions/full/independent_rms/resnet/seed_101/bandpass_n20005_cRA_V1_electrode_s20.npz,76481,786b332ba598028d254aebe874b748a15efdc28d995387db0f46e078f6350a0f
resnet,independent_rms,101,bandpass_n20005_cRA_V1_electrode_s15,phase2/results/predictions/full/independent_rms/resnet/seed_101/bandpass_n20005_cRA_V1_electrode_s15.npz,76483,70bc9262fdb5f8849be91a4328fafe4e175d2bb7590b3340a9fd7269d0d05e45
resnet,independent_rms,101,bandpass_n20005_cRA_V1_electrode_s10,phase2/results/predictions/full/independent_rms/resnet/seed_101/bandpass_n20005_cRA_V1_electrode_s10.npz,76403,26a12a768a2512b26ad457513a199888c99a027e6eda205bb1e6cf24d3656bd8
resnet,independent_rms,101,bandpass_n20005_cRA_V1_electrode_s5,phase2/results/predictions/full/independent_rms/resnet/seed_101/bandpass_n20005_cRA_V1_electrode_s5.npz,76225,d1c7da5bb9e329b4c43ce4ac070c29125ca2f2c3ee102b43cf44cb1c0698d1d7
resnet,independent_rms,101,bandpass_n20005_cRA_V1_electrode_s0,phase2/results/predictions/full/independent_rms/resnet/seed_101/bandpass_n20005_cRA_V1_electrode_s0.npz,75768,f42565c6d622c7b33bff342e5244fd055cfdc76edc4f948715fa2063c533650c
resnet,independent_rms,101,bandpass_n20005_cRA_V1_covariance_s20,phase2/results/predictions/full/independent_rms/resnet/seed_101/bandpass_n20005_cRA_V1_covariance_s20.npz,76507,eff51bcd617751a0c291052d0eed700b274b7354bce64424f8c75dc1a0e45674
resnet,independent_rms,101,bandpass_n20005_cRA_V1_covariance_s15,phase2/results/predictions/full/independent_rms/resnet/seed_101/bandpass_n20005_cRA_V1_covariance_s15.npz,76483,0e89ebae7267cf340e2e2ba2fc8661085ead9880516fbe8ad71270ec4f268487
resnet,independent_rms,101,bandpass_n20005_cRA_V1_covariance_s10,phase2/results/predictions/full/independent_rms/resnet/seed_101/bandpass_n20005_cRA_V1_covariance_s10.npz,76396,35724065db121d3a63798bcd43e5f39ca883e23f18b14760ca3a6ce7ce3fbdbb
resnet,independent_rms,101,bandpass_n20005_cRA_V1_covariance_s5,phase2/results/predictions/full/independent_rms/resnet/seed_101/bandpass_n20005_cRA_V1_covariance_s5.npz,76161,a39ec1a6f29a0760c3e278d36dae7bafa42090170281d75aaf82ff07555a4c3b
resnet,independent_rms,101,bandpass_n20005_cRA_V1_covariance_s0,phase2/results/predictions/full/independent_rms/resnet/seed_101/bandpass_n20005_cRA_V1_covariance_s0.npz,75797,fc5492219eb0a471933fac482c6781845a07779bac3d04182c2e7ea90c32f4d9
resnet,independent_rms,101,bandpass_n20005_cLA_V6_independent_rms_s20,phase2/results/predictions/full/independent_rms/resnet/seed_101/bandpass_n20005_cLA_V6_independent_rms_s20.npz,76511,c8486697a82ea20e9cf04c3a0c8dff4148c55d068da881dfa398447b5a77622c
resnet,independent_rms,101,bandpass_n20005_cLA_V6_independent_rms_s15,phase2/results/predictions/full/independent_rms/resnet/seed_101/bandpass_n20005_cLA_V6_independent_rms_s15.npz,76542,a8848abb4f552f64c95a585f124ecf8ed41a712bfa51b6a1cc0ede498f0c7c36
resnet,independent_rms,101,bandpass_n20005_cLA_V6_independent_rms_s10,phase2/results/predictions/full/independent_rms/resnet/seed_101/bandpass_n20005_cLA_V6_independent_rms_s10.npz,76467,b924888a63e5a5dfd19bc035d4222dba38b2a973746a5e73ab1e76ac5ece0610
resnet,independent_rms,101,bandpass_n20005_cLA_V6_independent_rms_s5,phase2/results/predictions/full/independent_rms/resnet/seed_101/bandpass_n20005_cLA_V6_independent_rms_s5.npz,76343,5b8b820da90617ed7ff6449bdee754aaf8cc491ab4a0c7854f3fc3e94af10626
resnet,independent_rms,101,bandpass_n20005_cLA_V6_independent_rms_s0,phase2/results/predictions/full/independent_rms/resnet/seed_101/bandpass_n20005_cLA_V6_independent_rms_s0.npz,76028,82f43fbba69e2f5170413cc8db70fbd7cec061f4a69bcfbc02641374a76bdfd3
resnet,independent_rms,101,bandpass_n20005_cLA_V6_electrode_s20,phase2/results/predictions/full/independent_rms/resnet/seed_101/bandpass_n20005_cLA_V6_electrode_s20.npz,76510,0c8f9fde2c6d359775d7918dc5b55c8519c6f200f68564fc1e1c9ce06a3544dc
resnet,independent_rms,101,bandpass_n20005_cLA_V6_electrode_s15,phase2/results/predictions/full/independent_rms/resnet/seed_101/bandpass_n20005_cLA_V6_electrode_s15.npz,76481,1b087b1c1a4f3273c6ab0827a7544654716146f0b58af4cae89554b2c9a26c33
resnet,independent_rms,101,bandpass_n20005_cLA_V6_electrode_s10,phase2/results/predictions/full/independent_rms/resnet/seed_101/bandpass_n20005_cLA_V6_electrode_s10.npz,76447,ff1ec0abf5d59c0cde28cc4c9ee05da807deaa3299a78bb1068cf686e79a3ad6
resnet,independent_rms,101,bandpass_n20005_cLA_V6_electrode_s5,phase2/results/predictions/full/independent_rms/resnet/seed_101/bandpass_n20005_cLA_V6_electrode_s5.npz,76251,6174934ada53fd52c614db36e5faa0a4e3fed11f6e84174ce1de7cea2b4ff5f5
resnet,independent_rms,101,bandpass_n20005_cLA_V6_electrode_s0,phase2/results/predictions/full/independent_rms/resnet/seed_101/bandpass_n20005_cLA_V6_electrode_s0.npz,75913,50789235bc4736a63081e411a511da19333aef27d8ae2730b95a872d671d34c5
resnet,independent_rms,101,bandpass_n20005_cLA_V6_covariance_s20,phase2/results/predictions/full/independent_rms/resnet/seed_101/bandpass_n20005_cLA_V6_covariance_s20.npz,76498,8879562a99a281c6ea06530e64247d65eb31782f10de6a053d320c39203a7428
resnet,independent_rms,101,bandpass_n20005_cLA_V6_covariance_s15,phase2/results/predictions/full/independent_rms/resnet/seed_101/bandpass_n20005_cLA_V6_covariance_s15.npz,76458,feeee485a7d5b2b2df7821c2b77c48641cae135eec911cc9969be2aaddf89b11
resnet,independent_rms,101,bandpass_n20005_cLA_V6_covariance_s10,phase2/results/predictions/full/independent_rms/resnet/seed_101/bandpass_n20005_cLA_V6_covariance_s10.npz,76430,73302ebabd2a2e2799ec4073c72735bead11da040ee78f159a6b6af4d462b278
resnet,independent_rms,101,bandpass_n20005_cLA_V6_covariance_s5,phase2/results/predictions/full/independent_rms/resnet/seed_101/bandpass_n20005_cLA_V6_covariance_s5.npz,76259,06ca7281a9ec2678ff14fe808f76022d98c9a8fceecd1bce4162e84313bcbd6f
resnet,independent_rms,101,bandpass_n20005_cLA_V6_covariance_s0,phase2/results/predictions/full/independent_rms/resnet/seed_101/bandpass_n20005_cLA_V6_covariance_s0.npz,75889,485403553b9a8ad7e526174ef7832e03a09d344cc3d7fadbb186f471909fb6b0
resnet,independent_rms,101,bandpass_n20005_cLL_V4_independent_rms_s20,phase2/results/predictions/full/independent_rms/resnet/seed_101/bandpass_n20005_cLL_V4_independent_rms_s20.npz,76500,acb6b5959214f3cc19d46918163edbe5356824f7bf9acdb49dfcb4c667793692
resnet,independent_rms,101,bandpass_n20005_cLL_V4_independent_rms_s15,phase2/results/predictions/full/independent_rms/resnet/seed_101/bandpass_n20005_cLL_V4_independent_rms_s15.npz,76510,e41fa8f8754564b35618f5e1b83ef80f43d7ea8a36dcd22c0cfe18fd7e2ce18e
resnet,independent_rms,101,bandpass_n20005_cLL_V4_independent_rms_s10,phase2/results/predictions/full/independent_rms/resnet/seed_101/bandpass_n20005_cLL_V4_independent_rms_s10.npz,76461,33cd948583bb1f40097e263239d05044f361b760c8020420bf5d6f8199cdb17b
resnet,independent_rms,101,bandpass_n20005_cLL_V4_independent_rms_s5,phase2/results/predictions/full/independent_rms/resnet/seed_101/bandpass_n20005_cLL_V4_independent_rms_s5.npz,76324,293107119358e37f1adfc3338804731654c01aa1fd700ebf3d357478b24cff78
resnet,independent_rms,101,bandpass_n20005_cLL_V4_independent_rms_s0,phase2/results/predictions/full/independent_rms/resnet/seed_101/bandpass_n20005_cLL_V4_independent_rms_s0.npz,75967,de1e8da6c3f9e6dfa8195254c5c1e6bd500d999e9b8590a43d499d946098e540
resnet,independent_rms,101,bandpass_n20005_cLL_V4_electrode_s20,phase2/results/predictions/full/independent_rms/resnet/seed_101/bandpass_n20005_cLL_V4_electrode_s20.npz,76516,4c551c04252bd757cea39be3734dddea5ef51bbb32a0ac1840cb43b50933bbf3
resnet,independent_rms,101,bandpass_n20005_cLL_V4_electrode_s15,phase2/results/predictions/full/independent_rms/resnet/seed_101/bandpass_n20005_cLL_V4_electrode_s15.npz,76452,d8a9b0df43110f3ab050c34efac23b21942ecb39cef9f606a899bf571c13d11a
resnet,independent_rms,101,bandpass_n20005_cLL_V4_electrode_s10,phase2/results/predictions/full/independent_rms/resnet/seed_101/bandpass_n20005_cLL_V4_electrode_s10.npz,76369,683d094e9140cf2f9772dd6580d677ce7020e254347f7370457428db3ef4633a
resnet,independent_rms,101,bandpass_n20005_cLL_V4_electrode_s5,phase2/results/predictions/full/independent_rms/resnet/seed_101/bandpass_n20005_cLL_V4_electrode_s5.npz,76141,dfef47ca573a59067722466ae5137841f441dbebb5505575e873c3b341708c43
resnet,independent_rms,101,bandpass_n20005_cLL_V4_electrode_s0,phase2/results/predictions/full/independent_rms/resnet/seed_101/bandpass_n20005_cLL_V4_electrode_s0.npz,75675,db3ff8cc816cd85b4b023a0a897a259025e09ce509ec141e300e4eb077c81510
resnet,independent_rms,101,bandpass_n20005_cLL_V4_covariance_s20,phase2/results/predictions/full/independent_rms/resnet/seed_101/bandpass_n20005_cLL_V4_covariance_s20.npz,76498,fbe6eecf04072fae8888784a8bc0e15ab4bf70db9c8116ec1341cb903d26bfa9
resnet,independent_rms,101,bandpass_n20005_cLL_V4_covariance_s15,phase2/results/predictions/full/independent_rms/resnet/seed_101/bandpass_n20005_cLL_V4_covariance_s15.npz,76472,05ebfaf9ecb22a9b7274df10c66dfd92c73ce0617587beb738e27b47b7b6e483
resnet,independent_rms,101,bandpass_n20005_cLL_V4_covariance_s10,phase2/results/predictions/full/independent_rms/resnet/seed_101/bandpass_n20005_cLL_V4_covariance_s10.npz,76355,3fca81583c347ce713b8d0143b5ec511f11a7a8c38d7f2eb68d5a0d071d752b9
resnet,independent_rms,101,bandpass_n20005_cLL_V4_covariance_s5,phase2/results/predictions/full/independent_rms/resnet/seed_101/bandpass_n20005_cLL_V4_covariance_s5.npz,76135,7a8891f2930caeb852f89cfb38702e9edf0360d7a42454bb85ca9bbe2107c234
resnet,independent_rms,101,bandpass_n20005_cLL_V4_covariance_s0,phase2/results/predictions/full/independent_rms/resnet/seed_101/bandpass_n20005_cLL_V4_covariance_s0.npz,75694,ba9a952040a3261a45d7b8c5d72686bbb5cb2c92ff1144ee415d99d9ee5a7124
resnet,independent_rms,101,bandpass_n20005_cRA_LA_V1_V6_independent_rms_s20,phase2/results/predictions/full/independent_rms/resnet/seed_101/bandpass_n20005_cRA_LA_V1_V6_independent_rms_s20.npz,76536,d39c0411161f2ac7c61d1476fd0f022db9ca5401be08b46bf692ebf0535dea02
resnet,independent_rms,101,bandpass_n20005_cRA_LA_V1_V6_independent_rms_s15,phase2/results/predictions/full/independent_rms/resnet/seed_101/bandpass_n20005_cRA_LA_V1_V6_independent_rms_s15.npz,76509,af8bc450301791c2a27711b3c4aff43fa46ce0cfe5bf54d5205f6583771105a9
resnet,independent_rms,101,bandpass_n20005_cRA_LA_V1_V6_independent_rms_s10,phase2/results/predictions/full/independent_rms/resnet/seed_101/bandpass_n20005_cRA_LA_V1_V6_independent_rms_s10.npz,76469,7ebbefe27522b722781131ace226221d9784d839ea5bb648ba5037e20316441b
resnet,independent_rms,101,bandpass_n20005_cRA_LA_V1_V6_independent_rms_s5,phase2/results/predictions/full/independent_rms/resnet/seed_101/bandpass_n20005_cRA_LA_V1_V6_independent_rms_s5.npz,76376,43ba98fc21a2ed8fb2d72a0198ab38ea46a76fbedddd80d53ef8ca1fcdad513f
resnet,independent_rms,101,bandpass_n20005_cRA_LA_V1_V6_independent_rms_s0,phase2/results/predictions/full/independent_rms/resnet/seed_101/bandpass_n20005_cRA_LA_V1_V6_independent_rms_s0.npz,76035,2e7e735f3615443e98ce703e6802178635924e6e7b9a05d7b2c676ebf3584935
resnet,independent_rms,101,bandpass_n20005_cRA_LA_V1_V6_electrode_s20,phase2/results/predictions/full/independent_rms/resnet/seed_101/bandpass_n20005_cRA_LA_V1_V6_electrode_s20.npz,76509,2d71b9710417b8524d2055c783e623815d98ac3d80faad3780fc4241d4f5a718
resnet,independent_rms,101,bandpass_n20005_cRA_LA_V1_V6_electrode_s15,phase2/results/predictions/full/independent_rms/resnet/seed_101/bandpass_n20005_cRA_LA_V1_V6_electrode_s15.npz,76473,5fd3c31fd0ddc241c944fae14fd8f1449cfd969d59c249bbdbb560091f509464
resnet,independent_rms,101,bandpass_n20005_cRA_LA_V1_V6_electrode_s10,phase2/results/predictions/full/independent_rms/resnet/seed_101/bandpass_n20005_cRA_LA_V1_V6_electrode_s10.npz,76380,b39665f1b57c056455070f4cd7022ca53907a1abdfd3ca8b58c0c91f55707e48
resnet,independent_rms,101,bandpass_n20005_cRA_LA_V1_V6_electrode_s5,phase2/results/predictions/full/independent_rms/resnet/seed_101/bandpass_n20005_cRA_LA_V1_V6_electrode_s5.npz,76217,16ae20d8274d5c2a1db031d9b993b134c1542a5495c7ec069785dd54b1eb7f71
resnet,independent_rms,101,bandpass_n20005_cRA_LA_V1_V6_electrode_s0,phase2/results/predictions/full/independent_rms/resnet/seed_101/bandpass_n20005_cRA_LA_V1_V6_electrode_s0.npz,75839,5e0d710cb71a8cce76bfaede5225e80c5e79fa374357d6fdab9a9b4e193f60e4
resnet,independent_rms,101,bandpass_n20005_cRA_LA_V1_V6_covariance_s20,phase2/results/predictions/full/independent_rms/resnet/seed_101/bandpass_n20005_cRA_LA_V1_V6_covariance_s20.npz,76483,c8d445a587e3fd51408df05c86ccf15ac4cb46ff37d16a8dbf937302de789de5
resnet,independent_rms,101,bandpass_n20005_cRA_LA_V1_V6_covariance_s15,phase2/results/predictions/full/independent_rms/resnet/seed_101/bandpass_n20005_cRA_LA_V1_V6_covariance_s15.npz,76490,a013f36ff2866c55cb01622acf8d0aa1c4dd0ccaa1cb76a63836823396543fa6
resnet,independent_rms,101,bandpass_n20005_cRA_LA_V1_V6_covariance_s10,phase2/results/predictions/full/independent_rms/resnet/seed_101/bandpass_n20005_cRA_LA_V1_V6_covariance_s10.npz,76385,7c0502f86885897c3d9401f7d136a55aabdf3977402130dff94abfaaebf59e9f
resnet,independent_rms,101,bandpass_n20005_cRA_LA_V1_V6_covariance_s5,phase2/results/predictions/full/independent_rms/resnet/seed_101/bandpass_n20005_cRA_LA_V1_V6_covariance_s5.npz,76255,f13cbde0e785b962293c8482960893819081865f367a6bf5f49ebc87b95c2d23
resnet,independent_rms,101,bandpass_n20005_cRA_LA_V1_V6_covariance_s0,phase2/results/predictions/full/independent_rms/resnet/seed_101/bandpass_n20005_cRA_LA_V1_V6_covariance_s0.npz,75835,584e4a3a34ee4e165d5194279011f0f0a320f4d9b3b8714c7f86114bf0fb1fea
resnet,independent_rms,101,bandpass_n20005_cRA_V2_V5_independent_rms_s20,phase2/results/predictions/full/independent_rms/resnet/seed_101/bandpass_n20005_cRA_V2_V5_independent_rms_s20.npz,76529,3918d3797f6b92465dbd7a7bb45ee4873c889eaada39abed007bbb893f7c6338
resnet,independent_rms,101,bandpass_n20005_cRA_V2_V5_independent_rms_s15,phase2/results/predictions/full/independent_rms/resnet/seed_101/bandpass_n20005_cRA_V2_V5_independent_rms_s15.npz,76526,292a75c9a99861f04e296a9ffa6ab0c80b40eefa64807b76fcda89604eca40c9
resnet,independent_rms,101,bandpass_n20005_cRA_V2_V5_independent_rms_s10,phase2/results/predictions/full/independent_rms/resnet/seed_101/bandpass_n20005_cRA_V2_V5_independent_rms_s10.npz,76482,75b6993c98843348f2a85c8014f23b47f5a54d391565f224746ae5f98ae2573a
resnet,independent_rms,101,bandpass_n20005_cRA_V2_V5_independent_rms_s5,phase2/results/predictions/full/independent_rms/resnet/seed_101/bandpass_n20005_cRA_V2_V5_independent_rms_s5.npz,76357,c76d17874abb3c2363b95572daa8552e2407c23a93a01ace94ea5085853cfc31
resnet,independent_rms,101,bandpass_n20005_cRA_V2_V5_independent_rms_s0,phase2/results/predictions/full/independent_rms/resnet/seed_101/bandpass_n20005_cRA_V2_V5_independent_rms_s0.npz,76038,4a556a1c54e77b77d6b08848cc2f689dede8c09ff47a49c0206f89e60fd88949
resnet,independent_rms,101,bandpass_n20005_cRA_V2_V5_electrode_s20,phase2/results/predictions/full/independent_rms/resnet/seed_101/bandpass_n20005_cRA_V2_V5_electrode_s20.npz,76473,7bfc0d1ca8c59c939e19bf7564c98ca89bc90686450d3b496cb61491e2778b6c
resnet,independent_rms,101,bandpass_n20005_cRA_V2_V5_electrode_s15,phase2/results/predictions/full/independent_rms/resnet/seed_101/bandpass_n20005_cRA_V2_V5_electrode_s15.npz,76500,dcb628b6c102ea902eaaf292828e498fd8bf90c4b3d3cf8ad040546597bf85b7
resnet,independent_rms,101,bandpass_n20005_cRA_V2_V5_electrode_s10,phase2/results/predictions/full/independent_rms/resnet/seed_101/bandpass_n20005_cRA_V2_V5_electrode_s10.npz,76444,106621fcb6b3f356b62717670d2f07d786d59a0f94fcf3fe91b5b633f70c23be
resnet,independent_rms,101,bandpass_n20005_cRA_V2_V5_electrode_s5,phase2/results/predictions/full/independent_rms/resnet/seed_101/bandpass_n20005_cRA_V2_V5_electrode_s5.npz,76241,f44c00ab205917559032eda3604537bff78b50b7c7a5a8b1862d7e4db583b779
resnet,independent_rms,101,bandpass_n20005_cRA_V2_V5_electrode_s0,phase2/results/predictions/full/independent_rms/resnet/seed_101/bandpass_n20005_cRA_V2_V5_electrode_s0.npz,75883,440291719320af84a810d5ea8e959a8ac5e1630061172c14bd09dc592007ddbd
resnet,independent_rms,101,bandpass_n20005_cRA_V2_V5_covariance_s20,phase2/results/predictions/full/independent_rms/resnet/seed_101/bandpass_n20005_cRA_V2_V5_covariance_s20.npz,76492,1f83ae0ea7d7310437dd60c3623fcae1dd2604dcfbfb226219a5eb34ac96a947
resnet,independent_rms,101,bandpass_n20005_cRA_V2_V5_covariance_s15,phase2/results/predictions/full/independent_rms/resnet/seed_101/bandpass_n20005_cRA_V2_V5_covariance_s15.npz,76505,3aa4bb6f524521dcb01e545fbe0e0a2723df0301b5cee519ad2f4e2984d656b2
resnet,independent_rms,101,bandpass_n20005_cRA_V2_V5_covariance_s10,phase2/results/predictions/full/independent_rms/resnet/seed_101/bandpass_n20005_cRA_V2_V5_covariance_s10.npz,76411,3cfe3eb5278e5d87dc33ac62a60d7f7942fb004bc6b6d3b5825350acfeaa4b79
resnet,independent_rms,101,bandpass_n20005_cRA_V2_V5_covariance_s5,phase2/results/predictions/full/independent_rms/resnet/seed_101/bandpass_n20005_cRA_V2_V5_covariance_s5.npz,76214,8390e44a8e1eeaa08010992809dfdb4b1192a8d0e5158941476f761ff1bda756
resnet,independent_rms,101,bandpass_n20005_cRA_V2_V5_covariance_s0,phase2/results/predictions/full/independent_rms/resnet/seed_101/bandpass_n20005_cRA_V2_V5_covariance_s0.npz,75860,ba3feea62c3cd12605ee66bd56090519b96cced44bf54c25a882e51438387e3e
resnet,independent_rms,101,bandpass_n20005_cLA_V3_V6_independent_rms_s20,phase2/results/predictions/full/independent_rms/resnet/seed_101/bandpass_n20005_cLA_V3_V6_independent_rms_s20.npz,76528,457ad344bd49a985b192daaac9e01e24625c9952db536ab03d1a251e6c139ea0
resnet,independent_rms,101,bandpass_n20005_cLA_V3_V6_independent_rms_s15,phase2/results/predictions/full/independent_rms/resnet/seed_101/bandpass_n20005_cLA_V3_V6_independent_rms_s15.npz,76526,abfcdf7cc31689d8e23bfbe14ff4c29ccec6d99c281c539a0437aa96715e86ac
resnet,independent_rms,101,bandpass_n20005_cLA_V3_V6_independent_rms_s10,phase2/results/predictions/full/independent_rms/resnet/seed_101/bandpass_n20005_cLA_V3_V6_independent_rms_s10.npz,76478,8b0ab36f22d6c38e62a20beb9c7a029bb05409389b2bba1e604578cc3368e4b9
resnet,independent_rms,101,bandpass_n20005_cLA_V3_V6_independent_rms_s5,phase2/results/predictions/full/independent_rms/resnet/seed_101/bandpass_n20005_cLA_V3_V6_independent_rms_s5.npz,76348,54583e76be1831f66729b38d9e662bca1990b56d0cbf671333407f2fc9c32f04
resnet,independent_rms,101,bandpass_n20005_cLA_V3_V6_independent_rms_s0,phase2/results/predictions/full/independent_rms/resnet/seed_101/bandpass_n20005_cLA_V3_V6_independent_rms_s0.npz,76063,128321f4b3e506288543c59ecdc3e0bb0b7e05835d9389746aeb7dc78a2cdad7
resnet,independent_rms,101,bandpass_n20005_cLA_V3_V6_electrode_s20,phase2/results/predictions/full/independent_rms/resnet/seed_101/bandpass_n20005_cLA_V3_V6_electrode_s20.npz,76516,f457ec867dcab8b11b909014b8651806114f4a2fab8ee419b64b640d8b78c509
resnet,independent_rms,101,bandpass_n20005_cLA_V3_V6_electrode_s15,phase2/results/predictions/full/independent_rms/resnet/seed_101/bandpass_n20005_cLA_V3_V6_electrode_s15.npz,76495,ff357d9e81e1ac6cadcb0ccee05382b256b019fc95487f9c886e93f793032bc5
resnet,independent_rms,101,bandpass_n20005_cLA_V3_V6_electrode_s10,phase2/results/predictions/full/independent_rms/resnet/seed_101/bandpass_n20005_cLA_V3_V6_electrode_s10.npz,76456,f13afa1c07cdf68a82df1dbb4f1dc42c3b5d1d8ca8876873c7502cf7686e552a
resnet,independent_rms,101,bandpass_n20005_cLA_V3_V6_electrode_s5,phase2/results/predictions/full/independent_rms/resnet/seed_101/bandpass_n20005_cLA_V3_V6_electrode_s5.npz,76290,eb524afd5448580b0d14ddf7896530551c7be564e7ed4e67a512af7b0952160a
resnet,independent_rms,101,bandpass_n20005_cLA_V3_V6_electrode_s0,phase2/results/predictions/full/independent_rms/resnet/seed_101/bandpass_n20005_cLA_V3_V6_electrode_s0.npz,75941,b1a914497284bbf9c499e7840d8f106f5edd961d65974b491f48e619fcc67c78
resnet,independent_rms,101,bandpass_n20005_cLA_V3_V6_covariance_s20,phase2/results/predictions/full/independent_rms/resnet/seed_101/bandpass_n20005_cLA_V3_V6_covariance_s20.npz,76503,c9c90961ad7e30c6fa38b9b146cbef956324c15b062f0a88786afdb8173dcac6
resnet,independent_rms,101,bandpass_n20005_cLA_V3_V6_covariance_s15,phase2/results/predictions/full/independent_rms/resnet/seed_101/bandpass_n20005_cLA_V3_V6_covariance_s15.npz,76494,8a10e846ad4cbee550b0615f695c184a26efcee568f924d203af0546a2f59e84
resnet,independent_rms,101,bandpass_n20005_cLA_V3_V6_covariance_s10,phase2/results/predictions/full/independent_rms/resnet/seed_101/bandpass_n20005_cLA_V3_V6_covariance_s10.npz,76434,e0e8ee7c0253b8472f05eee10d132bb5ed7541bc6141ae9a2f168c86c0688f2a
resnet,independent_rms,101,bandpass_n20005_cLA_V3_V6_covariance_s5,phase2/results/predictions/full/independent_rms/resnet/seed_101/bandpass_n20005_cLA_V3_V6_covariance_s5.npz,76256,e48e765d46b6d3624d32dd60469efca9ce355ddd1ea94dad432250c5e626979b
resnet,independent_rms,101,bandpass_n20005_cLA_V3_V6_covariance_s0,phase2/results/predictions/full/independent_rms/resnet/seed_101/bandpass_n20005_cLA_V3_V6_covariance_s0.npz,75922,739d56200242a4905200479c2f2f247ac8a32ef5f9787a96f112f49c406150e1
resnet,independent_rms,101,bandpass_n20005_cLL_V1_V4_independent_rms_s20,phase2/results/predictions/full/independent_rms/resnet/seed_101/bandpass_n20005_cLL_V1_V4_independent_rms_s20.npz,76550,df5d58448ed986ba12a056c1d6292730092a30efcaa076d93eafb2ddd3191c8e
resnet,independent_rms,101,bandpass_n20005_cLL_V1_V4_independent_rms_s15,phase2/results/predictions/full/independent_rms/resnet/seed_101/bandpass_n20005_cLL_V1_V4_independent_rms_s15.npz,76503,507c808fa064db42d1f533e0c0feec2ccb0cb2aa7364f0c82cae82920dd4435d
resnet,independent_rms,101,bandpass_n20005_cLL_V1_V4_independent_rms_s10,phase2/results/predictions/full/independent_rms/resnet/seed_101/bandpass_n20005_cLL_V1_V4_independent_rms_s10.npz,76473,9407c609473f4514d6332a35c7263b11c4e58e8096d10916ea85054465169e38
resnet,independent_rms,101,bandpass_n20005_cLL_V1_V4_independent_rms_s5,phase2/results/predictions/full/independent_rms/resnet/seed_101/bandpass_n20005_cLL_V1_V4_independent_rms_s5.npz,76310,72bd533ff276e5538eb44c327e0d06553036161e1aba992fb05fabd4593283b7
resnet,independent_rms,101,bandpass_n20005_cLL_V1_V4_independent_rms_s0,phase2/results/predictions/full/independent_rms/resnet/seed_101/bandpass_n20005_cLL_V1_V4_independent_rms_s0.npz,75950,dbb28f47f13d78d5342525faf7404d2107bee5acacc358a34512d3468f7d5266
resnet,independent_rms,101,bandpass_n20005_cLL_V1_V4_electrode_s20,phase2/results/predictions/full/independent_rms/resnet/seed_101/bandpass_n20005_cLL_V1_V4_electrode_s20.npz,76502,c0065da745fd6bbfe0ae0cb5dabb4b6c7bbe5145ec87c9433d569e27c57595fc
resnet,independent_rms,101,bandpass_n20005_cLL_V1_V4_electrode_s15,phase2/results/predictions/full/independent_rms/resnet/seed_101/bandpass_n20005_cLL_V1_V4_electrode_s15.npz,76484,4e26e82ce05af41cde92d7da41fbd5b444670f34cd76e4ae341447ad509754a5
resnet,independent_rms,101,bandpass_n20005_cLL_V1_V4_electrode_s10,phase2/results/predictions/full/independent_rms/resnet/seed_101/bandpass_n20005_cLL_V1_V4_electrode_s10.npz,76399,7f4a5a7e4f342fa0a75d6ba331d23d005f62faf38ee3408e4fab86bda1067d23
resnet,independent_rms,101,bandpass_n20005_cLL_V1_V4_electrode_s5,phase2/results/predictions/full/independent_rms/resnet/seed_101/bandpass_n20005_cLL_V1_V4_electrode_s5.npz,76135,f513dfe32ed2f669c695548a31471e9d6dd3ddbae8f008c92b81ad24ba369ee0
resnet,independent_rms,101,bandpass_n20005_cLL_V1_V4_electrode_s0,phase2/results/predictions/full/independent_rms/resnet/seed_101/bandpass_n20005_cLL_V1_V4_electrode_s0.npz,75673,e71189df8e076146bda6698d5a03bfbdec09cefe59c4228bc1a0af91ac6593f4
resnet,independent_rms,101,bandpass_n20005_cLL_V1_V4_covariance_s20,phase2/results/predictions/full/independent_rms/resnet/seed_101/bandpass_n20005_cLL_V1_V4_covariance_s20.npz,76482,24b8b2ef2a5c7b2902fb303c7506f7741e26d8d1ab8aa51608ef56917f115201
resnet,independent_rms,101,bandpass_n20005_cLL_V1_V4_covariance_s15,phase2/results/predictions/full/independent_rms/resnet/seed_101/bandpass_n20005_cLL_V1_V4_covariance_s15.npz,76493,df9ba86e3ddfced79597900dd24096045063229ab331ce0290149891b765a908
resnet,independent_rms,101,bandpass_n20005_cLL_V1_V4_covariance_s10,phase2/results/predictions/full/independent_rms/resnet/seed_101/bandpass_n20005_cLL_V1_V4_covariance_s10.npz,76388,9bbdb2471c57b50419becdf54c409af185d45f20af7e4c35f876077bc8bba949
resnet,independent_rms,101,bandpass_n20005_cLL_V1_V4_covariance_s5,phase2/results/predictions/full/independent_rms/resnet/seed_101/bandpass_n20005_cLL_V1_V4_covariance_s5.npz,76185,a7581073b36e9957cbed3e94f1191d57df407959606df1dcc17f19ff63578336
resnet,independent_rms,101,bandpass_n20005_cLL_V1_V4_covariance_s0,phase2/results/predictions/full/independent_rms/resnet/seed_101/bandpass_n20005_cLL_V1_V4_covariance_s0.npz,75687,33e10e737c71597e86741b0638ca8fe97b3c4d24a6115981b6273d675bcabf52
resnet,independent_rms,101,bandpass_n20005_call_independent_rms_s20,phase2/results/predictions/full/independent_rms/resnet/seed_101/bandpass_n20005_call_independent_rms_s20.npz,76478,e06834dcf618736eb8735981d21d33a40d41303bd21ef626d30a70d15d0978fa
resnet,independent_rms,101,bandpass_n20005_call_independent_rms_s15,phase2/results/predictions/full/independent_rms/resnet/seed_101/bandpass_n20005_call_independent_rms_s15.npz,76488,040e50eaf2d6affb84fb5538deb097ea7f45a4386d1c625bab6b13418a196920
resnet,independent_rms,101,bandpass_n20005_call_independent_rms_s10,phase2/results/predictions/full/independent_rms/resnet/seed_101/bandpass_n20005_call_independent_rms_s10.npz,76457,08c0c18c38cb318576699696ee9fe17fd56b5c829bfa8952289a29d997969ce0
resnet,independent_rms,101,bandpass_n20005_call_independent_rms_s5,phase2/results/predictions/full/independent_rms/resnet/seed_101/bandpass_n20005_call_independent_rms_s5.npz,76301,73073598215e0da0ecb819dfe47cce353a5a86b2be5e4c024685f0ea4bc2bfb4
resnet,independent_rms,101,bandpass_n20005_call_independent_rms_s0,phase2/results/predictions/full/independent_rms/resnet/seed_101/bandpass_n20005_call_independent_rms_s0.npz,75989,bdd183bb8a8eba337d996912270a19912f9a8b98e3b6e55de530628ddf092e52
resnet,independent_rms,101,bandpass_n20005_call_electrode_s20,phase2/results/predictions/full/independent_rms/resnet/seed_101/bandpass_n20005_call_electrode_s20.npz,76479,4d7084c7f397da6c931acde7140ec07b287c65e1fadc67194fd7233e3aa1231c
resnet,independent_rms,101,bandpass_n20005_call_electrode_s15,phase2/results/predictions/full/independent_rms/resnet/seed_101/bandpass_n20005_call_electrode_s15.npz,76441,abd667267d5c4b602216c7e970b717fe32c258a0f32b02c2a765d3815e589afa
resnet,independent_rms,101,bandpass_n20005_call_electrode_s10,phase2/results/predictions/full/independent_rms/resnet/seed_101/bandpass_n20005_call_electrode_s10.npz,76359,cd43caa6719a1e8654616036dd6f36cc6d1997833f503f52d914823e18c426c8
resnet,independent_rms,101,bandpass_n20005_call_electrode_s5,phase2/results/predictions/full/independent_rms/resnet/seed_101/bandpass_n20005_call_electrode_s5.npz,76160,3f7ef4e5ae442bf71c5d5b3afe4c0a8ec6d4b250c91ec0e7baf2eb8096f8dd25
resnet,independent_rms,101,bandpass_n20005_call_electrode_s0,phase2/results/predictions/full/independent_rms/resnet/seed_101/bandpass_n20005_call_electrode_s0.npz,75740,05e43be351cd550bbf999a5fef22dc94b93b593aa1407ead42d79e73fd1bc49f
resnet,independent_rms,101,bandpass_n20005_call_covariance_s20,phase2/results/predictions/full/independent_rms/resnet/seed_101/bandpass_n20005_call_covariance_s20.npz,76469,d02621a813ba5263566ccc2edf57f3cf7857223be8c40f5ede899c81a6729430
resnet,independent_rms,101,bandpass_n20005_call_covariance_s15,phase2/results/predictions/full/independent_rms/resnet/seed_101/bandpass_n20005_call_covariance_s15.npz,76470,add33fffa0e698c4e06c577a310f9a18cd66d4b14663f841fec10b23c5a53dec
resnet,independent_rms,101,bandpass_n20005_call_covariance_s10,phase2/results/predictions/full/independent_rms/resnet/seed_101/bandpass_n20005_call_covariance_s10.npz,76407,71cc88fa8e6304861a083d0489415d7eaaba4335699931b421b13ee51b741d97
resnet,independent_rms,101,bandpass_n20005_call_covariance_s5,phase2/results/predictions/full/independent_rms/resnet/seed_101/bandpass_n20005_call_covariance_s5.npz,76184,de239d99c0e7e10c3b18b1a13968a05c14deae965357a82411659f74643933a4
resnet,independent_rms,101,bandpass_n20005_call_covariance_s0,phase2/results/predictions/full/independent_rms/resnet/seed_101/bandpass_n20005_call_covariance_s0.npz,75715,5c835264160a903511f1606595c67497387eac2717367be0c3ffb6702894fbde
resnet,independent_rms,101,bw_n20001_call_independent_rms_s20,phase2/results/predictions/full/independent_rms/resnet/seed_101/bw_n20001_call_independent_rms_s20.npz,76496,69b7f3272010af324606e0f2570365ba9358e88665b4ea6b13ea21bf9ce820bc
resnet,independent_rms,101,bw_n20001_call_independent_rms_s10,phase2/results/predictions/full/independent_rms/resnet/seed_101/bw_n20001_call_independent_rms_s10.npz,76475,9a87fc602fb277ecc8cf2969bb4b98bff6f69a103f35f58a26ceb01ac47840b2
resnet,independent_rms,101,bw_n20001_call_independent_rms_s0,phase2/results/predictions/full/independent_rms/resnet/seed_101/bw_n20001_call_independent_rms_s0.npz,76270,6662c09c92418aaa1f2af0eedfd900e9a02f6f0afd56a877ed26347c4f22487a
resnet,independent_rms,101,bw_n20001_call_electrode_s20,phase2/results/predictions/full/independent_rms/resnet/seed_101/bw_n20001_call_electrode_s20.npz,76461,f6d3d2f0c5bfdc61b8a6d1dee7a315940318ccea9da691349134dd81652bba8a
resnet,independent_rms,101,bw_n20001_call_electrode_s10,phase2/results/predictions/full/independent_rms/resnet/seed_101/bw_n20001_call_electrode_s10.npz,76400,0a2fb67e28c9dfccd455d28f1b16f8b3584cd776d46acba5dcad33f25974e972
resnet,independent_rms,101,bw_n20001_call_electrode_s0,phase2/results/predictions/full/independent_rms/resnet/seed_101/bw_n20001_call_electrode_s0.npz,76197,6e5aad084d4b197e18240af025ec6a5617421db4e42e9e9c186583145d0ad9d8
resnet,independent_rms,101,bw_n20001_call_covariance_s20,phase2/results/predictions/full/independent_rms/resnet/seed_101/bw_n20001_call_covariance_s20.npz,76435,41b989bbef46b631a918f781921d0c8a6b108c24d451547d3f17f2eca623b408
resnet,independent_rms,101,bw_n20001_call_covariance_s10,phase2/results/predictions/full/independent_rms/resnet/seed_101/bw_n20001_call_covariance_s10.npz,76442,32caa35d80c78a955768ef53cb835476abc9128b8a9c64a5c1dfe2d59f67a29a
resnet,independent_rms,101,bw_n20001_call_covariance_s0,phase2/results/predictions/full/independent_rms/resnet/seed_101/bw_n20001_call_covariance_s0.npz,76181,92cd4520aab1e3cd5222ea47e47592fe7c292e6fa2746c1330ecf436316ecbc0
resnet,independent_rms,101,bw_n20002_call_independent_rms_s20,phase2/results/predictions/full/independent_rms/resnet/seed_101/bw_n20002_call_independent_rms_s20.npz,76494,86d9cc928171ea7744cf5c20f82db8280b5e8968b491ed93ee6c4d6acea34e24
resnet,independent_rms,101,bw_n20002_call_independent_rms_s10,phase2/results/predictions/full/independent_rms/resnet/seed_101/bw_n20002_call_independent_rms_s10.npz,76475,842c5de72c9dc6c65227c50207d774c79bd62d998abf45862a88cd1a3472f2f6
resnet,independent_rms,101,bw_n20002_call_independent_rms_s0,phase2/results/predictions/full/independent_rms/resnet/seed_101/bw_n20002_call_independent_rms_s0.npz,76259,833e526e493aa0da04d4fb78744657b6f31f1b15c4a2cf1557d14ef2609dbcf2
resnet,independent_rms,101,bw_n20002_call_electrode_s20,phase2/results/predictions/full/independent_rms/resnet/seed_101/bw_n20002_call_electrode_s20.npz,76468,6f3a9a84c10536b3d6045f8675a5d4bef0b814741cbba72a6c8ef652ddeb89aa
resnet,independent_rms,101,bw_n20002_call_electrode_s10,phase2/results/predictions/full/independent_rms/resnet/seed_101/bw_n20002_call_electrode_s10.npz,76420,e9d3b2c36a10e78b0de9f916819d66725c17f5480df333ae1f00a15d2485dcb8
resnet,independent_rms,101,bw_n20002_call_electrode_s0,phase2/results/predictions/full/independent_rms/resnet/seed_101/bw_n20002_call_electrode_s0.npz,76172,8498d5158cbc1c9ad447251e06b5b946d29a65b3b2fc5d82377233b7ecc7e84b
resnet,independent_rms,101,bw_n20002_call_covariance_s20,phase2/results/predictions/full/independent_rms/resnet/seed_101/bw_n20002_call_covariance_s20.npz,76458,3f7740527839ab84feac84f57be075e8e690c752525656b0dd3a6508f0782c47
resnet,independent_rms,101,bw_n20002_call_covariance_s10,phase2/results/predictions/full/independent_rms/resnet/seed_101/bw_n20002_call_covariance_s10.npz,76412,a8a78389fe8f1713a9fafe578d8ca770829629683921ec62abac2b67ed361e44
resnet,independent_rms,101,bw_n20002_call_covariance_s0,phase2/results/predictions/full/independent_rms/resnet/seed_101/bw_n20002_call_covariance_s0.npz,76196,274b190304c56e4629f205495764bea068873fadb0da37af06482b06169327c4
resnet,independent_rms,101,bw_n20003_call_independent_rms_s20,phase2/results/predictions/full/independent_rms/resnet/seed_101/bw_n20003_call_independent_rms_s20.npz,76498,77d2e80f47116de7c773baf1442a1b1398adb2a23d6c25d173d3f8f58091cf25
resnet,independent_rms,101,bw_n20003_call_independent_rms_s10,phase2/results/predictions/full/independent_rms/resnet/seed_101/bw_n20003_call_independent_rms_s10.npz,76458,0d97b586d011d60ae07cc6fcac11a64b5023fb6b2a1af9b37f86647896890db8
resnet,independent_rms,101,bw_n20003_call_independent_rms_s0,phase2/results/predictions/full/independent_rms/resnet/seed_101/bw_n20003_call_independent_rms_s0.npz,76251,d1323a065f8ddcd59003acb2efb090b68157299420e473c2c84abdb7d961b2a9
resnet,independent_rms,101,bw_n20003_call_electrode_s20,phase2/results/predictions/full/independent_rms/resnet/seed_101/bw_n20003_call_electrode_s20.npz,76458,21979eba8ad544955688995520ed0e70c2a8267f5038aed138f02b1b2618b916
resnet,independent_rms,101,bw_n20003_call_electrode_s10,phase2/results/predictions/full/independent_rms/resnet/seed_101/bw_n20003_call_electrode_s10.npz,76460,da9f6103f1eb65a4010b3bef891b75849c39fb853f90dca8a2239980595a9ec1
resnet,independent_rms,101,bw_n20003_call_electrode_s0,phase2/results/predictions/full/independent_rms/resnet/seed_101/bw_n20003_call_electrode_s0.npz,76154,9b93d69ba49e52af97a615e0d5ecce95c1e509c1266f09f6c72bfc8cd43b0518
resnet,independent_rms,101,bw_n20003_call_covariance_s20,phase2/results/predictions/full/independent_rms/resnet/seed_101/bw_n20003_call_covariance_s20.npz,76438,328a3981f6693848ef69ff5cd4e7399b8773dfc159a0ff5ddd59bd31fd0484f5
resnet,independent_rms,101,bw_n20003_call_covariance_s10,phase2/results/predictions/full/independent_rms/resnet/seed_101/bw_n20003_call_covariance_s10.npz,76399,bf2811364b64705189477320c8badba4bf99f4d8f381bcc8c47ee5f4afa5e98e
resnet,independent_rms,101,bw_n20003_call_covariance_s0,phase2/results/predictions/full/independent_rms/resnet/seed_101/bw_n20003_call_covariance_s0.npz,76157,d1ff57642e78860a128e38ef410af09de90618b38823da8efb202001ca6344df
resnet,independent_rms,101,bw_n20004_call_independent_rms_s20,phase2/results/predictions/full/independent_rms/resnet/seed_101/bw_n20004_call_independent_rms_s20.npz,76471,85084a0bc7e12feab1feae81f769d2ddf9156c81be211f16a381488f031d7769
resnet,independent_rms,101,bw_n20004_call_independent_rms_s10,phase2/results/predictions/full/independent_rms/resnet/seed_101/bw_n20004_call_independent_rms_s10.npz,76445,2fea0f57146fac544fd925c4cb4e2d388a5e1d77f0f8fceb731221099ab4c891
resnet,independent_rms,101,bw_n20004_call_independent_rms_s0,phase2/results/predictions/full/independent_rms/resnet/seed_101/bw_n20004_call_independent_rms_s0.npz,76280,4d1d9f3a21453ca9e4c449477c9a5ecdbf4077edba51c3a83d73e9e79238768f
resnet,independent_rms,101,bw_n20004_call_electrode_s20,phase2/results/predictions/full/independent_rms/resnet/seed_101/bw_n20004_call_electrode_s20.npz,76439,5c4607f693bba9e23ffc36522a03a767c842e99dabc3e1684c17972e17e53e5f
resnet,independent_rms,101,bw_n20004_call_electrode_s10,phase2/results/predictions/full/independent_rms/resnet/seed_101/bw_n20004_call_electrode_s10.npz,76448,7090edac02fad8b70c4e5cc050fdc61a2b956c7a514fccc364647bddda8702e7
resnet,independent_rms,101,bw_n20004_call_electrode_s0,phase2/results/predictions/full/independent_rms/resnet/seed_101/bw_n20004_call_electrode_s0.npz,76162,3dbd2eb3555b564771cb026eb04e9b9c5321b5e2b88f9e1af405a0790572f040
resnet,independent_rms,101,bw_n20004_call_covariance_s20,phase2/results/predictions/full/independent_rms/resnet/seed_101/bw_n20004_call_covariance_s20.npz,76483,60c6650ff1b67a5f41fb926a71f9a375addd01a53dcf837e69a62d62afc43d2d
resnet,independent_rms,101,bw_n20004_call_covariance_s10,phase2/results/predictions/full/independent_rms/resnet/seed_101/bw_n20004_call_covariance_s10.npz,76433,2f444bb477c64909c2943f1c68e59de82870a7560a52873baaf1a18431d2c950
resnet,independent_rms,101,bw_n20004_call_covariance_s0,phase2/results/predictions/full/independent_rms/resnet/seed_101/bw_n20004_call_covariance_s0.npz,76171,426aec4b4e16c8acbf2a62ed9a382dce18ca6fa58a4e0e8673e167ce84a7ba33
resnet,independent_rms,101,bw_n20005_call_independent_rms_s20,phase2/results/predictions/full/independent_rms/resnet/seed_101/bw_n20005_call_independent_rms_s20.npz,76482,06c17f343a711659ee55a7d2da4fff30f532fd7b4e373b67d428762513e2e1c2
resnet,independent_rms,101,bw_n20005_call_independent_rms_s10,phase2/results/predictions/full/independent_rms/resnet/seed_101/bw_n20005_call_independent_rms_s10.npz,76455,f36afa5705b8ef52de4af5eefcaf80e2ba1a60bee341901872b074bdafbb74e4
resnet,independent_rms,101,bw_n20005_call_independent_rms_s0,phase2/results/predictions/full/independent_rms/resnet/seed_101/bw_n20005_call_independent_rms_s0.npz,76270,999240e2f107facde9b954e49edfeae00abff7055431122f18a1f635b965c37e
resnet,independent_rms,101,bw_n20005_call_electrode_s20,phase2/results/predictions/full/independent_rms/resnet/seed_101/bw_n20005_call_electrode_s20.npz,76464,58ca3822043fd532f3d18479218951b77315d7211e86043212892ed6ebd1af7f
resnet,independent_rms,101,bw_n20005_call_electrode_s10,phase2/results/predictions/full/independent_rms/resnet/seed_101/bw_n20005_call_electrode_s10.npz,76416,3b65b97e171c3fe60cf6ded1d7e618ca00c07de89862e2f398e86a31b8732c12
resnet,independent_rms,101,bw_n20005_call_electrode_s0,phase2/results/predictions/full/independent_rms/resnet/seed_101/bw_n20005_call_electrode_s0.npz,76155,001b873b15b940aec27ce54996e4ddade3e41cc96fba0be078460ad87950f517
resnet,independent_rms,101,bw_n20005_call_covariance_s20,phase2/results/predictions/full/independent_rms/resnet/seed_101/bw_n20005_call_covariance_s20.npz,76464,49ee35f7b2fc637795897f26e8a77ee9144664e10e748a7b3b0dbd53cc88486c
resnet,independent_rms,101,bw_n20005_call_covariance_s10,phase2/results/predictions/full/independent_rms/resnet/seed_101/bw_n20005_call_covariance_s10.npz,76397,66b728a7e8750162d819313245ef1829342f3c38e2da5cfb9c34116b1de6d788
resnet,independent_rms,101,bw_n20005_call_covariance_s0,phase2/results/predictions/full/independent_rms/resnet/seed_101/bw_n20005_call_covariance_s0.npz,76192,befcc3ee38567b168be218f0c44413e472a350953a6261704ad5332401a2afc3
resnet,independent_rms,101,ma_n20001_call_independent_rms_s20,phase2/results/predictions/full/independent_rms/resnet/seed_101/ma_n20001_call_independent_rms_s20.npz,76468,2e7bea169ba453eec8577a863857953152d7b0a1c3bceb5a13fc2d8d59816c65
resnet,independent_rms,101,ma_n20001_call_independent_rms_s10,phase2/results/predictions/full/independent_rms/resnet/seed_101/ma_n20001_call_independent_rms_s10.npz,76452,4f70a1408367c3c09387741a511d93e76acdab505f2764fd84afd441145564f7
resnet,independent_rms,101,ma_n20001_call_independent_rms_s0,phase2/results/predictions/full/independent_rms/resnet/seed_101/ma_n20001_call_independent_rms_s0.npz,76205,d894cf95d1fec70fb97ebc5d398e2b5abe94881402d0411f109778807096e6b3
resnet,independent_rms,101,ma_n20001_call_electrode_s20,phase2/results/predictions/full/independent_rms/resnet/seed_101/ma_n20001_call_electrode_s20.npz,76480,8a28a753b3c668407aa58a3e2ea9d095a0ed2352051b3c9164d780269818d307
resnet,independent_rms,101,ma_n20001_call_electrode_s10,phase2/results/predictions/full/independent_rms/resnet/seed_101/ma_n20001_call_electrode_s10.npz,76422,54af5e906d008d9cd023f2b2f9178b8bc03fa5bca74c9e766c230fcc9efee18f
resnet,independent_rms,101,ma_n20001_call_electrode_s0,phase2/results/predictions/full/independent_rms/resnet/seed_101/ma_n20001_call_electrode_s0.npz,76129,00c2380aa66d7030b39c7ef612a714488549d913d92d9802c7fde3cdebbf92c7
resnet,independent_rms,101,ma_n20001_call_covariance_s20,phase2/results/predictions/full/independent_rms/resnet/seed_101/ma_n20001_call_covariance_s20.npz,76467,c0185fee7ad7ef3da9bb236bb29c4f21e143b15e35901087e89485f4c8832b7b
resnet,independent_rms,101,ma_n20001_call_covariance_s10,phase2/results/predictions/full/independent_rms/resnet/seed_101/ma_n20001_call_covariance_s10.npz,76406,af0ac26d7a0ae3a1611c1a673ea9c3fb510f14b24c5f467623e2005cce19a70c
resnet,independent_rms,101,ma_n20001_call_covariance_s0,phase2/results/predictions/full/independent_rms/resnet/seed_101/ma_n20001_call_covariance_s0.npz,76159,4925fa5242a655313de0c310d16c8b279c18d87f518f1c51c2d819c3985fb379
resnet,independent_rms,101,ma_n20002_call_independent_rms_s20,phase2/results/predictions/full/independent_rms/resnet/seed_101/ma_n20002_call_independent_rms_s20.npz,76494,c5f3c885f41e7fb83e16b04ac3ab7c93b3dc8431e9a7d3854f2c8dcc80a427cf
resnet,independent_rms,101,ma_n20002_call_independent_rms_s10,phase2/results/predictions/full/independent_rms/resnet/seed_101/ma_n20002_call_independent_rms_s10.npz,76448,16f0c164fb85355d58c7430569cfb93030cca07a13e10ab26a81d827ae87750b
resnet,independent_rms,101,ma_n20002_call_independent_rms_s0,phase2/results/predictions/full/independent_rms/resnet/seed_101/ma_n20002_call_independent_rms_s0.npz,76177,96d181523e78f2de4ae0a1707fab89506beaa21597d2996b9cd1ebd4358fbcdf
resnet,independent_rms,101,ma_n20002_call_electrode_s20,phase2/results/predictions/full/independent_rms/resnet/seed_101/ma_n20002_call_electrode_s20.npz,76454,1545cf021053b378eed1b2d09e340c98bf666dde0b76b7c00dfbf02588b6afba
resnet,independent_rms,101,ma_n20002_call_electrode_s10,phase2/results/predictions/full/independent_rms/resnet/seed_101/ma_n20002_call_electrode_s10.npz,76375,50281ab2141f05ad0bd93e7339b44e9a69dec990d1f7ea548cf71cc028ac07e2
resnet,independent_rms,101,ma_n20002_call_electrode_s0,phase2/results/predictions/full/independent_rms/resnet/seed_101/ma_n20002_call_electrode_s0.npz,76132,4c3fe2c518278d817ea09d36236538b3012d909e44a9f64109a460b2de61ec6f
resnet,independent_rms,101,ma_n20002_call_covariance_s20,phase2/results/predictions/full/independent_rms/resnet/seed_101/ma_n20002_call_covariance_s20.npz,76435,4797a772515ff35304f2d387606606bb06ee41c70756f40a6f9f9bc8cab31b91
resnet,independent_rms,101,ma_n20002_call_covariance_s10,phase2/results/predictions/full/independent_rms/resnet/seed_101/ma_n20002_call_covariance_s10.npz,76437,d2bf978a2fdc23baa5819f8fa907b9b57985894455c14217dfd1776c1314ecde
resnet,independent_rms,101,ma_n20002_call_covariance_s0,phase2/results/predictions/full/independent_rms/resnet/seed_101/ma_n20002_call_covariance_s0.npz,76145,07840b210f436519f82f2fb51462be9c164e6ec6f0aade2c254645defcd861cb
resnet,independent_rms,101,ma_n20003_call_independent_rms_s20,phase2/results/predictions/full/independent_rms/resnet/seed_101/ma_n20003_call_independent_rms_s20.npz,76460,5df8be1e34f8d72aa29d4c5fef0caf048c5d6c3b6a27729779de7c247e5d9668
resnet,independent_rms,101,ma_n20003_call_independent_rms_s10,phase2/results/predictions/full/independent_rms/resnet/seed_101/ma_n20003_call_independent_rms_s10.npz,76446,c5f63a083dd54c5d1cfd47639772bc5c156a05a954d75efc9946d1f768737d83
resnet,independent_rms,101,ma_n20003_call_independent_rms_s0,phase2/results/predictions/full/independent_rms/resnet/seed_101/ma_n20003_call_independent_rms_s0.npz,76228,3fe7d3526e2b719d95233c44e2c6d93f471acd008333185faf565f26bf3e77b1
resnet,independent_rms,101,ma_n20003_call_electrode_s20,phase2/results/predictions/full/independent_rms/resnet/seed_101/ma_n20003_call_electrode_s20.npz,76436,4477eedf2901503cc344c24a3f8cdfc11fdce67c69c0f7a5a846b9b2d7a7d1e1
resnet,independent_rms,101,ma_n20003_call_electrode_s10,phase2/results/predictions/full/independent_rms/resnet/seed_101/ma_n20003_call_electrode_s10.npz,76440,7217112fac32941650d1f364edd8720eb874e36317b9eaf6349cdd1929cf1502
resnet,independent_rms,101,ma_n20003_call_electrode_s0,phase2/results/predictions/full/independent_rms/resnet/seed_101/ma_n20003_call_electrode_s0.npz,76109,27106ceaff1c10713dd4055717656d7f4510b2f8a3779e3c02cea50993406650
resnet,independent_rms,101,ma_n20003_call_covariance_s20,phase2/results/predictions/full/independent_rms/resnet/seed_101/ma_n20003_call_covariance_s20.npz,76458,80457b7710f6617826ebaf9b6372309a028b0c3e07880e3df7c89b42dffd4555
resnet,independent_rms,101,ma_n20003_call_covariance_s10,phase2/results/predictions/full/independent_rms/resnet/seed_101/ma_n20003_call_covariance_s10.npz,76430,b85656766480c87768e8d4185da20d441c82b37ce1087ba6b664135aea2350cc
resnet,independent_rms,101,ma_n20003_call_covariance_s0,phase2/results/predictions/full/independent_rms/resnet/seed_101/ma_n20003_call_covariance_s0.npz,76132,97d4277aed2a5d87291bb9a0d18b3c7865f150da066fdbc825b4bbb601092fd8
resnet,independent_rms,101,ma_n20004_call_independent_rms_s20,phase2/results/predictions/full/independent_rms/resnet/seed_101/ma_n20004_call_independent_rms_s20.npz,76455,03f28e15a4bc7e4aa91896cb682284e8c4934c1e51a447d8f4d10b2593810cc5
resnet,independent_rms,101,ma_n20004_call_independent_rms_s10,phase2/results/predictions/full/independent_rms/resnet/seed_101/ma_n20004_call_independent_rms_s10.npz,76475,6eab42e4328812b51716113edbc76686f030a9d921d9f592566a468030255a3f
resnet,independent_rms,101,ma_n20004_call_independent_rms_s0,phase2/results/predictions/full/independent_rms/resnet/seed_101/ma_n20004_call_independent_rms_s0.npz,76209,3cbb5030cd8461b9e1702917207004ae8ba603a12da26350430df0c74b6ce17b
resnet,independent_rms,101,ma_n20004_call_electrode_s20,phase2/results/predictions/full/independent_rms/resnet/seed_101/ma_n20004_call_electrode_s20.npz,76471,99addbefa9338af6cece9fab20d7adebfdd11a737135ef69a7c17183e7f85103
resnet,independent_rms,101,ma_n20004_call_electrode_s10,phase2/results/predictions/full/independent_rms/resnet/seed_101/ma_n20004_call_electrode_s10.npz,76414,b2c9f3a6442f7acad8ec8341432808a0f1762f675bdf149dc4397dd42a3c85fe
resnet,independent_rms,101,ma_n20004_call_electrode_s0,phase2/results/predictions/full/independent_rms/resnet/seed_101/ma_n20004_call_electrode_s0.npz,76149,6aa56ed07d6ef69b073be03c1490519297b9c2cb474218b3708c3343bc3e7206
resnet,independent_rms,101,ma_n20004_call_covariance_s20,phase2/results/predictions/full/independent_rms/resnet/seed_101/ma_n20004_call_covariance_s20.npz,76464,0f055f161f0eee1a402a2980e96aa8a79dfc7b32f8dea1b3334d56665083282f
resnet,independent_rms,101,ma_n20004_call_covariance_s10,phase2/results/predictions/full/independent_rms/resnet/seed_101/ma_n20004_call_covariance_s10.npz,76399,64578c08604c1b94fd6e17106654a2d5dc20294f9ff6685e97205791db484bb5
resnet,independent_rms,101,ma_n20004_call_covariance_s0,phase2/results/predictions/full/independent_rms/resnet/seed_101/ma_n20004_call_covariance_s0.npz,76173,537e38a0c1736710e2553016dc0d3810964a6d13e65b21c788d848256cbea3c5
resnet,independent_rms,101,ma_n20005_call_independent_rms_s20,phase2/results/predictions/full/independent_rms/resnet/seed_101/ma_n20005_call_independent_rms_s20.npz,76469,88def672974df7fc4027b17cbbc72bb1be5c3efbe7f35c36ef8a3b1edcc948c0
resnet,independent_rms,101,ma_n20005_call_independent_rms_s10,phase2/results/predictions/full/independent_rms/resnet/seed_101/ma_n20005_call_independent_rms_s10.npz,76464,518c4d7d56658f916ffc33be1af6aeb8649e4909179f384e93d3a58bb145742c
resnet,independent_rms,101,ma_n20005_call_independent_rms_s0,phase2/results/predictions/full/independent_rms/resnet/seed_101/ma_n20005_call_independent_rms_s0.npz,76255,5d2d25d601fe8cdfa8015d564572a9bf9cfd542099871ec99106a514574cd263
resnet,independent_rms,101,ma_n20005_call_electrode_s20,phase2/results/predictions/full/independent_rms/resnet/seed_101/ma_n20005_call_electrode_s20.npz,76447,6abf949fc684a28455d840bd3b74f0b5c81891ebb60fe817172c610a4e143f8d
resnet,independent_rms,101,ma_n20005_call_electrode_s10,phase2/results/predictions/full/independent_rms/resnet/seed_101/ma_n20005_call_electrode_s10.npz,76434,d5c7db7a33b8ce939d7634eaf64cfc8983130088530887337d4fb38884fc0589
resnet,independent_rms,101,ma_n20005_call_electrode_s0,phase2/results/predictions/full/independent_rms/resnet/seed_101/ma_n20005_call_electrode_s0.npz,76127,a93a18f20d5455c29bf6124cd6a4b582b36a9da23259bd903609927264f9ca7c
resnet,independent_rms,101,ma_n20005_call_covariance_s20,phase2/results/predictions/full/independent_rms/resnet/seed_101/ma_n20005_call_covariance_s20.npz,76439,27c601638e6b71e3dde5eb0bbbdce17e192df6060e0896e46702d96498d39119
resnet,independent_rms,101,ma_n20005_call_covariance_s10,phase2/results/predictions/full/independent_rms/resnet/seed_101/ma_n20005_call_covariance_s10.npz,76452,0769573599a2f4d44b6c362030875ab861ee34a9ae4192eb70d333166a7aca95
resnet,independent_rms,101,ma_n20005_call_covariance_s0,phase2/results/predictions/full/independent_rms/resnet/seed_101/ma_n20005_call_covariance_s0.npz,76136,2753398fd4d1620cd1e6960b6e2df03353fdd5112216a0c673ae6af0d638807d
resnet,independent_rms,101,em_n20001_call_independent_rms_s20,phase2/results/predictions/full/independent_rms/resnet/seed_101/em_n20001_call_independent_rms_s20.npz,76489,95f4bc93f13f5933d5d70915b4261def3a4ebacf3d0595040271fe0e95ce1a39
resnet,independent_rms,101,em_n20001_call_independent_rms_s10,phase2/results/predictions/full/independent_rms/resnet/seed_101/em_n20001_call_independent_rms_s10.npz,76436,225e7acf88b063116fb6d326eb0455f4bd926102845fc1b5b22bf3445d5ec275
resnet,independent_rms,101,em_n20001_call_independent_rms_s0,phase2/results/predictions/full/independent_rms/resnet/seed_101/em_n20001_call_independent_rms_s0.npz,76037,eec2881394d5832a388522ba9c00b66fabff8530bd7d9ac7cd48d237a19dd33e
resnet,independent_rms,101,em_n20001_call_electrode_s20,phase2/results/predictions/full/independent_rms/resnet/seed_101/em_n20001_call_electrode_s20.npz,76467,40ea19e082a3d400b2328decbc4e1668dc99fa4d332d8d3dca5576302d1acf05
resnet,independent_rms,101,em_n20001_call_electrode_s10,phase2/results/predictions/full/independent_rms/resnet/seed_101/em_n20001_call_electrode_s10.npz,76321,947ccf14572afa715c343f15685fe4a99058164273d209ab35a60a029437515c
resnet,independent_rms,101,em_n20001_call_electrode_s0,phase2/results/predictions/full/independent_rms/resnet/seed_101/em_n20001_call_electrode_s0.npz,75804,324f2f34afdbab46a5187f328fb7719a45a2193be6f777c18c701519d23831e4
resnet,independent_rms,101,em_n20001_call_covariance_s20,phase2/results/predictions/full/independent_rms/resnet/seed_101/em_n20001_call_covariance_s20.npz,76458,a87ebfff92f5424e742271547d8364b0fa50af4d3502143f60659879740d1813
resnet,independent_rms,101,em_n20001_call_covariance_s10,phase2/results/predictions/full/independent_rms/resnet/seed_101/em_n20001_call_covariance_s10.npz,76327,3d775966e09d866407b8b3c514c20babb3294963d88bb14a4fe85f631e3b2de3
resnet,independent_rms,101,em_n20001_call_covariance_s0,phase2/results/predictions/full/independent_rms/resnet/seed_101/em_n20001_call_covariance_s0.npz,75781,70c79d7d6a6a1afe97f6d4a7de7ade0d319129c90be247cf605ba00c5fb4761e
resnet,independent_rms,101,em_n20002_call_independent_rms_s20,phase2/results/predictions/full/independent_rms/resnet/seed_101/em_n20002_call_independent_rms_s20.npz,76455,43475443aa4f451628c5236db2ed577ca4852e00265f1607498bd6d58d0111dd
resnet,independent_rms,101,em_n20002_call_independent_rms_s10,phase2/results/predictions/full/independent_rms/resnet/seed_101/em_n20002_call_independent_rms_s10.npz,76396,b21f6ea2b0e1db8774fe81bd7c33dabf5765056eeb308d63598f255ee085fe30
resnet,independent_rms,101,em_n20002_call_independent_rms_s0,phase2/results/predictions/full/independent_rms/resnet/seed_101/em_n20002_call_independent_rms_s0.npz,76013,30d9d3988efe1c1e1fe300cceeb26a7a25211dba82a1457c72f19adf6c3cf04e
resnet,independent_rms,101,em_n20002_call_electrode_s20,phase2/results/predictions/full/independent_rms/resnet/seed_101/em_n20002_call_electrode_s20.npz,76436,2823c1be5825f0cd238fa3377e477bcfd932eb0468060237292476be9eed2bd8
resnet,independent_rms,101,em_n20002_call_electrode_s10,phase2/results/predictions/full/independent_rms/resnet/seed_101/em_n20002_call_electrode_s10.npz,76292,d15ec13793b16080cc13e03d284918ee59752c5b24d37bf89ac2cfce5d5d99c2
resnet,independent_rms,101,em_n20002_call_electrode_s0,phase2/results/predictions/full/independent_rms/resnet/seed_101/em_n20002_call_electrode_s0.npz,75771,ba7d1f7e858f04b89b7dfdf6a0a9fa0b32d09232e93bb3cfe5ff344ca32837ca
resnet,independent_rms,101,em_n20002_call_covariance_s20,phase2/results/predictions/full/independent_rms/resnet/seed_101/em_n20002_call_covariance_s20.npz,76433,4117ab3de56d3759c8a47ae3e4e14624a6a0da8a068af04e60554319367827cc
resnet,independent_rms,101,em_n20002_call_covariance_s10,phase2/results/predictions/full/independent_rms/resnet/seed_101/em_n20002_call_covariance_s10.npz,76326,49a9aeca39d5f9c3d0cfa5a174d2b996a45a4f0336383a7d9453de436ffb58e5
resnet,independent_rms,101,em_n20002_call_covariance_s0,phase2/results/predictions/full/independent_rms/resnet/seed_101/em_n20002_call_covariance_s0.npz,75754,f460b945eb3898a965f011a228c0eaec092d3abbb86de9f2555fe4ec36cbb921
resnet,independent_rms,101,em_n20003_call_independent_rms_s20,phase2/results/predictions/full/independent_rms/resnet/seed_101/em_n20003_call_independent_rms_s20.npz,76462,89eebc26ce405fad56204a3e7beab459e4c85720b1b6a91d4850186b330e06f2
resnet,independent_rms,101,em_n20003_call_independent_rms_s10,phase2/results/predictions/full/independent_rms/resnet/seed_101/em_n20003_call_independent_rms_s10.npz,76399,9f36396269f69d9f819edfc05cc59c3fcc809966acc8fbb82eddfaa34edd0132
resnet,independent_rms,101,em_n20003_call_independent_rms_s0,phase2/results/predictions/full/independent_rms/resnet/seed_101/em_n20003_call_independent_rms_s0.npz,76023,35642610f5018cf4c15035661783734bfb2ffa2b5c8389b2dea5395fe838e98d
resnet,independent_rms,101,em_n20003_call_electrode_s20,phase2/results/predictions/full/independent_rms/resnet/seed_101/em_n20003_call_electrode_s20.npz,76449,321a5931b0db034e5de4ff27be29e5d2b841590dc20d177830179f718fa24bd0
resnet,independent_rms,101,em_n20003_call_electrode_s10,phase2/results/predictions/full/independent_rms/resnet/seed_101/em_n20003_call_electrode_s10.npz,76324,ac7533bb6939e358d8903cf78c3533e89fe3cf111ea1d11ae00a7838045ad5c0
resnet,independent_rms,101,em_n20003_call_electrode_s0,phase2/results/predictions/full/independent_rms/resnet/seed_101/em_n20003_call_electrode_s0.npz,75818,8de6ddab787f7611ebbcfd47946367b9f25d0a049c6f6ff23bcecf07165ceee2
resnet,independent_rms,101,em_n20003_call_covariance_s20,phase2/results/predictions/full/independent_rms/resnet/seed_101/em_n20003_call_covariance_s20.npz,76415,7fc86dfdb597abe8a285447d8dc2950b56704218d41963a0f50b8d53c0665504
resnet,independent_rms,101,em_n20003_call_covariance_s10,phase2/results/predictions/full/independent_rms/resnet/seed_101/em_n20003_call_covariance_s10.npz,76324,f10b5d3abf9c8ce4f8c9df51ff6d8d2dd62083506b321ec7e0341624fa8231cb
resnet,independent_rms,101,em_n20003_call_covariance_s0,phase2/results/predictions/full/independent_rms/resnet/seed_101/em_n20003_call_covariance_s0.npz,75789,389adcd10f8e6edcfb867865570e0fce4e1170ad9b64672bb9eca3aa07725aaa
resnet,independent_rms,101,em_n20004_call_independent_rms_s20,phase2/results/predictions/full/independent_rms/resnet/seed_101/em_n20004_call_independent_rms_s20.npz,76477,7569b9621f9ec14e3883561a99106b25a7af6f414f3544ca4c224843fa1fe6b4
resnet,independent_rms,101,em_n20004_call_independent_rms_s10,phase2/results/predictions/full/independent_rms/resnet/seed_101/em_n20004_call_independent_rms_s10.npz,76373,027b378284a01a67f60c239cab7bc0cf8a1734a0f90c8da91cb0f6d8cba5207e
resnet,independent_rms,101,em_n20004_call_independent_rms_s0,phase2/results/predictions/full/independent_rms/resnet/seed_101/em_n20004_call_independent_rms_s0.npz,76043,aff3f3bd886d7aa6daa28540c6044c385891d7f9a090b09498a8e67fab1f90a2
resnet,independent_rms,101,em_n20004_call_electrode_s20,phase2/results/predictions/full/independent_rms/resnet/seed_101/em_n20004_call_electrode_s20.npz,76431,b96fad810626f94d937af73b4649ddc0526fd8c377226f48e0d3167676433e28
resnet,independent_rms,101,em_n20004_call_electrode_s10,phase2/results/predictions/full/independent_rms/resnet/seed_101/em_n20004_call_electrode_s10.npz,76362,6f084676bb8c7e6febc0c6f9b012a41f4233975564cf1b81b7c838e14deedebf
resnet,independent_rms,101,em_n20004_call_electrode_s0,phase2/results/predictions/full/independent_rms/resnet/seed_101/em_n20004_call_electrode_s0.npz,75851,2d5da3870534ba2bf5e9c351b49172b3909469137a7a0b026f488515d84c7051
resnet,independent_rms,101,em_n20004_call_covariance_s20,phase2/results/predictions/full/independent_rms/resnet/seed_101/em_n20004_call_covariance_s20.npz,76411,1e4497f4d6a1ff4de7f8fc711af6c1e0f9029532ecd8c2ca44f01e8090a6260d
resnet,independent_rms,101,em_n20004_call_covariance_s10,phase2/results/predictions/full/independent_rms/resnet/seed_101/em_n20004_call_covariance_s10.npz,76336,a14e050b792f529b765d1d730d7fb237301542d605663f86b7aac10685f1ffbd
resnet,independent_rms,101,em_n20004_call_covariance_s0,phase2/results/predictions/full/independent_rms/resnet/seed_101/em_n20004_call_covariance_s0.npz,75781,bf9a80e26964ad0e405328dcfbfd5e8620a61cd1d361b57b81398609310aa74e
resnet,independent_rms,101,em_n20005_call_independent_rms_s20,phase2/results/predictions/full/independent_rms/resnet/seed_101/em_n20005_call_independent_rms_s20.npz,76465,4c927eb7b7d259460525f7dfcec2d5d6643ce640df95a08eeee31ad26a378a83
resnet,independent_rms,101,em_n20005_call_independent_rms_s10,phase2/results/predictions/full/independent_rms/resnet/seed_101/em_n20005_call_independent_rms_s10.npz,76424,5f18db561760a34dfd71c945b95284e9742b89b2144a1c74dd2d081a701d18ea
resnet,independent_rms,101,em_n20005_call_independent_rms_s0,phase2/results/predictions/full/independent_rms/resnet/seed_101/em_n20005_call_independent_rms_s0.npz,76010,136a72a9623161da4128e8998966d9943056b4d346473a5b97545dc26de200b0
resnet,independent_rms,101,em_n20005_call_electrode_s20,phase2/results/predictions/full/independent_rms/resnet/seed_101/em_n20005_call_electrode_s20.npz,76415,bb55fe38204a19c247c302c49793010676bd29453b01b6be6a3ab7c02c432ecc
resnet,independent_rms,101,em_n20005_call_electrode_s10,phase2/results/predictions/full/independent_rms/resnet/seed_101/em_n20005_call_electrode_s10.npz,76317,cd4b1583f21ceb0021db88d173e56385bd42473cf4ee9b27b3545aa5321b93c1
resnet,independent_rms,101,em_n20005_call_electrode_s0,phase2/results/predictions/full/independent_rms/resnet/seed_101/em_n20005_call_electrode_s0.npz,75802,7683d8acfa3589fed5991122bbc695101a4764b71d4f01d7d208bd9b8b720014
resnet,independent_rms,101,em_n20005_call_covariance_s20,phase2/results/predictions/full/independent_rms/resnet/seed_101/em_n20005_call_covariance_s20.npz,76455,62d43e9b2b6325e969e39654f3c91b75045acb96fd4869822e0bcbcf41bf745b
resnet,independent_rms,101,em_n20005_call_covariance_s10,phase2/results/predictions/full/independent_rms/resnet/seed_101/em_n20005_call_covariance_s10.npz,76344,810442b35be7a85f9269786cda6f5d8c6989f231b0149eaadeb3e74b65f175e8
resnet,independent_rms,101,em_n20005_call_covariance_s0,phase2/results/predictions/full/independent_rms/resnet/seed_101/em_n20005_call_covariance_s0.npz,75819,8478fb0c24c8a7cf0bfde7a3711bde7582c5fef3f497a49c9f7064158ad220a9
resnet,electrode,101,clean,phase2/results/predictions/full/electrode/resnet/seed_101/clean.npz,76396,60b8c52cb07d9484353ec1a51675ee1e2ee54b592b61c8320444e251eb0dd390
resnet,electrode,101,bandpass_n20001_cRA_LA_LL_independent_rms_s20,phase2/results/predictions/full/electrode/resnet/seed_101/bandpass_n20001_cRA_LA_LL_independent_rms_s20.npz,76484,2830eb99a196ad349ec35bf4bbee74a15f7e0acdfcb160ac7d8b24561c3c7fb0
resnet,electrode,101,bandpass_n20001_cRA_LA_LL_independent_rms_s15,phase2/results/predictions/full/electrode/resnet/seed_101/bandpass_n20001_cRA_LA_LL_independent_rms_s15.npz,76487,7418663d2b493128125dfaab0d75e05baa3d3e67b70b4d353afc3687802d5862
resnet,electrode,101,bandpass_n20001_cRA_LA_LL_independent_rms_s10,phase2/results/predictions/full/electrode/resnet/seed_101/bandpass_n20001_cRA_LA_LL_independent_rms_s10.npz,76462,2371d7275d0737c0b7c80569a298f7346928e6d3dbea28bf7e3f6195e3b72f0b
resnet,electrode,101,bandpass_n20001_cRA_LA_LL_independent_rms_s5,phase2/results/predictions/full/electrode/resnet/seed_101/bandpass_n20001_cRA_LA_LL_independent_rms_s5.npz,76286,a5887de60f5a34b5cd3e3ba441bd28a569ea615605734195810240d82a7e785b
resnet,electrode,101,bandpass_n20001_cRA_LA_LL_independent_rms_s0,phase2/results/predictions/full/electrode/resnet/seed_101/bandpass_n20001_cRA_LA_LL_independent_rms_s0.npz,75952,a177c0c4125c383609fc7b2cd9bb20f57b41d916b78bcfc51a4b359507d43ff2
resnet,electrode,101,bandpass_n20001_cRA_LA_LL_electrode_s20,phase2/results/predictions/full/electrode/resnet/seed_101/bandpass_n20001_cRA_LA_LL_electrode_s20.npz,76452,68deb32e62d7713883c61c7cad6b10475b5442d8f7463b5a5cdc08571ad272d4
resnet,electrode,101,bandpass_n20001_cRA_LA_LL_electrode_s15,phase2/results/predictions/full/electrode/resnet/seed_101/bandpass_n20001_cRA_LA_LL_electrode_s15.npz,76451,f91e119e73aee9e86db0647fbc7e77df7a9e0fbf20c1dbb7680f023918ba821f
resnet,electrode,101,bandpass_n20001_cRA_LA_LL_electrode_s10,phase2/results/predictions/full/electrode/resnet/seed_101/bandpass_n20001_cRA_LA_LL_electrode_s10.npz,76374,d3b59e4e928abb95e2b38cee5ab835f5c54f6dc77bc984b325f7ae9ffee367d4
resnet,electrode,101,bandpass_n20001_cRA_LA_LL_electrode_s5,phase2/results/predictions/full/electrode/resnet/seed_101/bandpass_n20001_cRA_LA_LL_electrode_s5.npz,76164,b22fed328a6e9117b00defa8e371cd9b1e82e7ce40e465da969cca0ee36891d7
resnet,electrode,101,bandpass_n20001_cRA_LA_LL_electrode_s0,phase2/results/predictions/full/electrode/resnet/seed_101/bandpass_n20001_cRA_LA_LL_electrode_s0.npz,75662,27cf27ae45dfb2ded48b268dfe997e7e78076c80898b4930a1e4dd626ff2e374
resnet,electrode,101,bandpass_n20001_cRA_LA_LL_covariance_s20,phase2/results/predictions/full/electrode/resnet/seed_101/bandpass_n20001_cRA_LA_LL_covariance_s20.npz,76472,f161de47bc8666560e37ada54245d8eb5a7e764b6c6b7b2aa8587c4f0d09fb9f
resnet,electrode,101,bandpass_n20001_cRA_LA_LL_covariance_s15,phase2/results/predictions/full/electrode/resnet/seed_101/bandpass_n20001_cRA_LA_LL_covariance_s15.npz,76460,50e5a1b3deeff04f09d9ac4e19c4b534246161d9d644b574979edb0d4c27f206
resnet,electrode,101,bandpass_n20001_cRA_LA_LL_covariance_s10,phase2/results/predictions/full/electrode/resnet/seed_101/bandpass_n20001_cRA_LA_LL_covariance_s10.npz,76388,365ffe1a25287881436a53039528aa338674e166c6bbd2fc3cbe8baf162b77da
resnet,electrode,101,bandpass_n20001_cRA_LA_LL_covariance_s5,phase2/results/predictions/full/electrode/resnet/seed_101/bandpass_n20001_cRA_LA_LL_covariance_s5.npz,76194,6dfce424b02ae1324247b937493029391b6b3085f3224bfaba5f59a530c5b76b
resnet,electrode,101,bandpass_n20001_cRA_LA_LL_covariance_s0,phase2/results/predictions/full/electrode/resnet/seed_101/bandpass_n20001_cRA_LA_LL_covariance_s0.npz,75662,38dbb23672f6176bba9499dc288d38182a1797b2837274468f6a7868bb973fa8
resnet,electrode,101,bandpass_n20001_cV1_independent_rms_s20,phase2/results/predictions/full/electrode/resnet/seed_101/bandpass_n20001_cV1_independent_rms_s20.npz,76517,c1f4bb63757a1973dc735d32dbb9717249da9082086bc68a11712835a582215d
resnet,electrode,101,bandpass_n20001_cV1_independent_rms_s15,phase2/results/predictions/full/electrode/resnet/seed_101/bandpass_n20001_cV1_independent_rms_s15.npz,76428,df4bb14a6e7e2c70bdaf8641d3e245499a9349a2d1cb9625bd43af67b6ba4989
resnet,electrode,101,bandpass_n20001_cV1_independent_rms_s10,phase2/results/predictions/full/electrode/resnet/seed_101/bandpass_n20001_cV1_independent_rms_s10.npz,76355,04077b68b40810e55e4b6d6eb9d800ff6cf95b2bd3d40c3c4e9f27b2e5b92042
resnet,electrode,101,bandpass_n20001_cV1_independent_rms_s5,phase2/results/predictions/full/electrode/resnet/seed_101/bandpass_n20001_cV1_independent_rms_s5.npz,76133,8ac3ff3506c5fae58bff78faaf5139e0a3ae42f95af3dcba3ecb12b9845aba90
resnet,electrode,101,bandpass_n20001_cV1_independent_rms_s0,phase2/results/predictions/full/electrode/resnet/seed_101/bandpass_n20001_cV1_independent_rms_s0.npz,75448,aa8435da1e1bc72777ad67bd646f7a7f3cff61c3de4c4e186a1f073b536dddd8
resnet,electrode,101,bandpass_n20001_cV1_electrode_s20,phase2/results/predictions/full/electrode/resnet/seed_101/bandpass_n20001_cV1_electrode_s20.npz,76465,6ad3379677cdabc10d69fb494f5b1c0cbea78a048564b8e53c65834226031bab
resnet,electrode,101,bandpass_n20001_cV1_electrode_s15,phase2/results/predictions/full/electrode/resnet/seed_101/bandpass_n20001_cV1_electrode_s15.npz,76435,cf93d27e81cdd74e25c2f0a37bef103f6488f7266552e896a1ab25b60f2493ee
resnet,electrode,101,bandpass_n20001_cV1_electrode_s10,phase2/results/predictions/full/electrode/resnet/seed_101/bandpass_n20001_cV1_electrode_s10.npz,76333,4c6466b813c9405e972bfc4b4e8777783c2a870a234130f316f2b16d15c051c9
resnet,electrode,101,bandpass_n20001_cV1_electrode_s5,phase2/results/predictions/full/electrode/resnet/seed_101/bandpass_n20001_cV1_electrode_s5.npz,76113,bb9919924f54c86710dd78366ab2287ea0cc6589196ade654d37349a430071c2
resnet,electrode,101,bandpass_n20001_cV1_electrode_s0,phase2/results/predictions/full/electrode/resnet/seed_101/bandpass_n20001_cV1_electrode_s0.npz,75512,be3d4b7cfa044b6341fb1a4cc8b30044f2839e9de5f84d61c8ada55481547b25
resnet,electrode,101,bandpass_n20001_cV1_covariance_s20,phase2/results/predictions/full/electrode/resnet/seed_101/bandpass_n20001_cV1_covariance_s20.npz,76479,ab45f1a78ba0e85a76b8a639b0f9c3dad52c87913fa0f252e9858306328fe306
resnet,electrode,101,bandpass_n20001_cV1_covariance_s15,phase2/results/predictions/full/electrode/resnet/seed_101/bandpass_n20001_cV1_covariance_s15.npz,76447,a0b44d5f763652becf0057dfe1ac1e55e6c9df2b6b93a542fb1a32bbd8066cd7
resnet,electrode,101,bandpass_n20001_cV1_covariance_s10,phase2/results/predictions/full/electrode/resnet/seed_101/bandpass_n20001_cV1_covariance_s10.npz,76365,8cc27ada290a83c788a16469c19891ce89933519b0b3b95dd09f627c98da77b6
resnet,electrode,101,bandpass_n20001_cV1_covariance_s5,phase2/results/predictions/full/electrode/resnet/seed_101/bandpass_n20001_cV1_covariance_s5.npz,76130,b27f42a87ab40364a154f576b3af5e8982e0974f77e7ef1fdb6320cee67fe7f2
resnet,electrode,101,bandpass_n20001_cV1_covariance_s0,phase2/results/predictions/full/electrode/resnet/seed_101/bandpass_n20001_cV1_covariance_s0.npz,75483,8918d72b09af9b570249b0489cff0bd2c089b5e7ae402657fb0f28a999590e6f
resnet,electrode,101,bandpass_n20001_cV2_independent_rms_s20,phase2/results/predictions/full/electrode/resnet/seed_101/bandpass_n20001_cV2_independent_rms_s20.npz,76490,c0fa721183c234516e26b21d4ff8916763d2636b431505231a2017c291ccf127
resnet,electrode,101,bandpass_n20001_cV2_independent_rms_s15,phase2/results/predictions/full/electrode/resnet/seed_101/bandpass_n20001_cV2_independent_rms_s15.npz,76475,6a3c4b61334fc5cbbed7656127fb6ebe2d4718fa5152b66e7522cef80ec2f25b
resnet,electrode,101,bandpass_n20001_cV2_independent_rms_s10,phase2/results/predictions/full/electrode/resnet/seed_101/bandpass_n20001_cV2_independent_rms_s10.npz,76462,c3335d99f98a825e534b0211019fd46758eb11ef9c8cbf8f67693d63a4aaea47
resnet,electrode,101,bandpass_n20001_cV2_independent_rms_s5,phase2/results/predictions/full/electrode/resnet/seed_101/bandpass_n20001_cV2_independent_rms_s5.npz,76275,c5d0268cafc83b733e5ad2c2c98e65d8e6013f817677a9b45b98bd8835bb5252
resnet,electrode,101,bandpass_n20001_cV2_independent_rms_s0,phase2/results/predictions/full/electrode/resnet/seed_101/bandpass_n20001_cV2_independent_rms_s0.npz,75788,42abd547b47daaf442d967f7759cc2c7633c5e1fd94408676d305c984e7c7058
resnet,electrode,101,bandpass_n20001_cV2_electrode_s20,phase2/results/predictions/full/electrode/resnet/seed_101/bandpass_n20001_cV2_electrode_s20.npz,76470,12cc0bcec34291b2a324f20a2a2d0f649647d0f2b2d1ee838022b1690abb1ca9
resnet,electrode,101,bandpass_n20001_cV2_electrode_s15,phase2/results/predictions/full/electrode/resnet/seed_101/bandpass_n20001_cV2_electrode_s15.npz,76465,734cb030bed1ad695570087eeffcfd8b93b27a62db7f655e991a37a8ceb3a13c
resnet,electrode,101,bandpass_n20001_cV2_electrode_s10,phase2/results/predictions/full/electrode/resnet/seed_101/bandpass_n20001_cV2_electrode_s10.npz,76442,ebccf021d387459581e33b7d1776eece7a6e9441c06021adb67d7965d198e134
resnet,electrode,101,bandpass_n20001_cV2_electrode_s5,phase2/results/predictions/full/electrode/resnet/seed_101/bandpass_n20001_cV2_electrode_s5.npz,76243,ccb4a3605b88ed5ee384dee6dbd3b15aac6da58c4b7fd71904eaac626dc3105d
resnet,electrode,101,bandpass_n20001_cV2_electrode_s0,phase2/results/predictions/full/electrode/resnet/seed_101/bandpass_n20001_cV2_electrode_s0.npz,75815,b56fed1a2328fb79bd2c74ff4366bdd76da81025e51641de79b54adfc31620f5
resnet,electrode,101,bandpass_n20001_cV2_covariance_s20,phase2/results/predictions/full/electrode/resnet/seed_101/bandpass_n20001_cV2_covariance_s20.npz,76488,cd010dd74fc8e1801017968556b4c802ba9ff3574ca3dedbfbbc2f1d696d2bee
resnet,electrode,101,bandpass_n20001_cV2_covariance_s15,phase2/results/predictions/full/electrode/resnet/seed_101/bandpass_n20001_cV2_covariance_s15.npz,76482,aea8b4a78aa3cc33e345c30043fe249c2c6af7251572521192d672d7b4821585
resnet,electrode,101,bandpass_n20001_cV2_covariance_s10,phase2/results/predictions/full/electrode/resnet/seed_101/bandpass_n20001_cV2_covariance_s10.npz,76447,93cb16a711865056a60403166cb8917e81b9da413c990239bd965cab32f62cf1
resnet,electrode,101,bandpass_n20001_cV2_covariance_s5,phase2/results/predictions/full/electrode/resnet/seed_101/bandpass_n20001_cV2_covariance_s5.npz,76273,413a89827c0af6e5fe9229a50f9ff2a055b4ac95ed342f4070fd63eae48c5d0a
resnet,electrode,101,bandpass_n20001_cV2_covariance_s0,phase2/results/predictions/full/electrode/resnet/seed_101/bandpass_n20001_cV2_covariance_s0.npz,75815,c1978b5457d2efde1788e1510ec6e08c95bb038b269aea9fd5cf1ca03ed443d8
resnet,electrode,101,bandpass_n20001_cV3_independent_rms_s20,phase2/results/predictions/full/electrode/resnet/seed_101/bandpass_n20001_cV3_independent_rms_s20.npz,76491,58359eec6a8e9676d64d0aa532a5b4a2f54bbf87e00be51db672bedb6e99d654
resnet,electrode,101,bandpass_n20001_cV3_independent_rms_s15,phase2/results/predictions/full/electrode/resnet/seed_101/bandpass_n20001_cV3_independent_rms_s15.npz,76472,651f61536b7dfefc77c1281384832ccc9eba35b2089d3a1a2a129061d6b33402
resnet,electrode,101,bandpass_n20001_cV3_independent_rms_s10,phase2/results/predictions/full/electrode/resnet/seed_101/bandpass_n20001_cV3_independent_rms_s10.npz,76440,1d220a37aae89ef3c65bd657d46c4712574a30f7c86e180eee9e74b58b5cb86b
resnet,electrode,101,bandpass_n20001_cV3_independent_rms_s5,phase2/results/predictions/full/electrode/resnet/seed_101/bandpass_n20001_cV3_independent_rms_s5.npz,76322,dd9f59f69e90851555769488d602b40c5a3c77e28d5936bb4169d734663a6a2d
resnet,electrode,101,bandpass_n20001_cV3_independent_rms_s0,phase2/results/predictions/full/electrode/resnet/seed_101/bandpass_n20001_cV3_independent_rms_s0.npz,76002,b28c5db077849f2dc0cd1dbb1217566aeacff2f4b17e83ce505807be938b63d1
resnet,electrode,101,bandpass_n20001_cV3_electrode_s20,phase2/results/predictions/full/electrode/resnet/seed_101/bandpass_n20001_cV3_electrode_s20.npz,76469,4c32e0b2b37269f98e8274b40986e66508b8bc6b964c19de9121766040aaf0aa
resnet,electrode,101,bandpass_n20001_cV3_electrode_s15,phase2/results/predictions/full/electrode/resnet/seed_101/bandpass_n20001_cV3_electrode_s15.npz,76479,60a0c1bc8b258317e3c9afdb1f4c8a13052eea2c16c0f9fd533a64a175ab51d2
resnet,electrode,101,bandpass_n20001_cV3_electrode_s10,phase2/results/predictions/full/electrode/resnet/seed_101/bandpass_n20001_cV3_electrode_s10.npz,76433,42b79ab1f327229f26cbc78bb74433780da7cf6deacf7078fe0c56859145b33e
resnet,electrode,101,bandpass_n20001_cV3_electrode_s5,phase2/results/predictions/full/electrode/resnet/seed_101/bandpass_n20001_cV3_electrode_s5.npz,76289,5e511d32374abafdbb6c4b57b0c87df0477accac8dc51d33bf1a05b68733d6dc
resnet,electrode,101,bandpass_n20001_cV3_electrode_s0,phase2/results/predictions/full/electrode/resnet/seed_101/bandpass_n20001_cV3_electrode_s0.npz,75960,0544bfe0cfa14de530a7938947cfd2012561d467258182445ad9f6fd5d98f397
resnet,electrode,101,bandpass_n20001_cV3_covariance_s20,phase2/results/predictions/full/electrode/resnet/seed_101/bandpass_n20001_cV3_covariance_s20.npz,76468,2efa3f70b6f08c5d281f43eb49a76a22db91b6cbbfd951afa4ed929abbd2ff54
resnet,electrode,101,bandpass_n20001_cV3_covariance_s15,phase2/results/predictions/full/electrode/resnet/seed_101/bandpass_n20001_cV3_covariance_s15.npz,76456,70b5b7881de7c6e87407d3c040730c19a6ddd24be8e40962847816a3154c975d
resnet,electrode,101,bandpass_n20001_cV3_covariance_s10,phase2/results/predictions/full/electrode/resnet/seed_101/bandpass_n20001_cV3_covariance_s10.npz,76420,911efe564fe23d6e245a834dc339f986bc44cca37a113919032e39ed05cfcefd
resnet,electrode,101,bandpass_n20001_cV3_covariance_s5,phase2/results/predictions/full/electrode/resnet/seed_101/bandpass_n20001_cV3_covariance_s5.npz,76301,d077d3cbd98d9ecdd71607c75ffd2299f3c35ec28819010b3ef8e5b43d2a5164
resnet,electrode,101,bandpass_n20001_cV3_covariance_s0,phase2/results/predictions/full/electrode/resnet/seed_101/bandpass_n20001_cV3_covariance_s0.npz,75981,f08003e635646f74ee9135c674204253db6e2a7cad7a99b34363300c4c45de45
resnet,electrode,101,bandpass_n20001_cV4_independent_rms_s20,phase2/results/predictions/full/electrode/resnet/seed_101/bandpass_n20001_cV4_independent_rms_s20.npz,76473,ee30257f789dddbc60e604d2aa8772390727261d6123a71782feee6e076a5f88
resnet,electrode,101,bandpass_n20001_cV4_independent_rms_s15,phase2/results/predictions/full/electrode/resnet/seed_101/bandpass_n20001_cV4_independent_rms_s15.npz,76489,c07d73fd9620f51e393d7526ae598f60738b5949a294433dfa4d3518ddbe0bd7
resnet,electrode,101,bandpass_n20001_cV4_independent_rms_s10,phase2/results/predictions/full/electrode/resnet/seed_101/bandpass_n20001_cV4_independent_rms_s10.npz,76434,978b17b2cf5a042afd3c37cd403c54a418144b1de6b76cb901afd3f8a80c1063
resnet,electrode,101,bandpass_n20001_cV4_independent_rms_s5,phase2/results/predictions/full/electrode/resnet/seed_101/bandpass_n20001_cV4_independent_rms_s5.npz,76369,6a555fdee26ab0ef86356b4685e7f007c18a7fb927740de8982cc9c983d481db
resnet,electrode,101,bandpass_n20001_cV4_independent_rms_s0,phase2/results/predictions/full/electrode/resnet/seed_101/bandpass_n20001_cV4_independent_rms_s0.npz,76077,820f01f36aece94dd749b36f60b6241bf0dd17ccece24704eb0fa6da8d3d75e1
resnet,electrode,101,bandpass_n20001_cV4_electrode_s20,phase2/results/predictions/full/electrode/resnet/seed_101/bandpass_n20001_cV4_electrode_s20.npz,76488,cc2394e2bfee1421d0850f9cce8ad2d50dd94aa7b2d2da23934963a3003a067f
resnet,electrode,101,bandpass_n20001_cV4_electrode_s15,phase2/results/predictions/full/electrode/resnet/seed_101/bandpass_n20001_cV4_electrode_s15.npz,76466,04bac498f121ae4f24ce6213a984ba92f0f66e7a8f4c2f6cc8657d13da8f3666
resnet,electrode,101,bandpass_n20001_cV4_electrode_s10,phase2/results/predictions/full/electrode/resnet/seed_101/bandpass_n20001_cV4_electrode_s10.npz,76451,8a51c671c3b14f82621b8aba73d4ebe237bc17182e655babfce31c6d367ac608
resnet,electrode,101,bandpass_n20001_cV4_electrode_s5,phase2/results/predictions/full/electrode/resnet/seed_101/bandpass_n20001_cV4_electrode_s5.npz,76354,de0277960301205db9915ea8a83fe0aec6c57141614e342dce7c6edc3bbbac2e
resnet,electrode,101,bandpass_n20001_cV4_electrode_s0,phase2/results/predictions/full/electrode/resnet/seed_101/bandpass_n20001_cV4_electrode_s0.npz,76067,08b51e27f59d6fd41febabf8ecb7e0b70b242e6b420dff1db81f63a4097c58aa
resnet,electrode,101,bandpass_n20001_cV4_covariance_s20,phase2/results/predictions/full/electrode/resnet/seed_101/bandpass_n20001_cV4_covariance_s20.npz,76474,9c3dddb32add1ebda232cab72019ad0c42c2eb691cd5373c13f38a15c76bd2fa
resnet,electrode,101,bandpass_n20001_cV4_covariance_s15,phase2/results/predictions/full/electrode/resnet/seed_101/bandpass_n20001_cV4_covariance_s15.npz,76465,e3b8a103e995753912ea843d5f0ee080cdf2ac274b8578495d5162c32f9b2a55
resnet,electrode,101,bandpass_n20001_cV4_covariance_s10,phase2/results/predictions/full/electrode/resnet/seed_101/bandpass_n20001_cV4_covariance_s10.npz,76420,974166fa7e3ad805048b600e51f143e8759a0094c5e26dc049f901204d272661
resnet,electrode,101,bandpass_n20001_cV4_covariance_s5,phase2/results/predictions/full/electrode/resnet/seed_101/bandpass_n20001_cV4_covariance_s5.npz,76345,7ac1084f8f958a8f636352e2b38d479b5d67c634bdc3b41a6986096c981a025d
resnet,electrode,101,bandpass_n20001_cV4_covariance_s0,phase2/results/predictions/full/electrode/resnet/seed_101/bandpass_n20001_cV4_covariance_s0.npz,76035,bda492fc353b5d534959095ac474f3ef2376ebb21be20b19015e1324cd4ee572
resnet,electrode,101,bandpass_n20001_cV5_independent_rms_s20,phase2/results/predictions/full/electrode/resnet/seed_101/bandpass_n20001_cV5_independent_rms_s20.npz,76508,6cfbf147ccd3aa0236c19a14476267b09c0d98edc47d3d30d28b4412195132dc
resnet,electrode,101,bandpass_n20001_cV5_independent_rms_s15,phase2/results/predictions/full/electrode/resnet/seed_101/bandpass_n20001_cV5_independent_rms_s15.npz,76478,cb88818df9a9154d7dc2e4ef3291c3a67c172a2150d6030b817d8ada0e09330f
resnet,electrode,101,bandpass_n20001_cV5_independent_rms_s10,phase2/results/predictions/full/electrode/resnet/seed_101/bandpass_n20001_cV5_independent_rms_s10.npz,76486,5cff7a4f9312acf51f0303903d0ba54e53f0ef0bbb06c43aef7cf843034ad5b1
resnet,electrode,101,bandpass_n20001_cV5_independent_rms_s5,phase2/results/predictions/full/electrode/resnet/seed_101/bandpass_n20001_cV5_independent_rms_s5.npz,76293,b8bb58e760630b0ec500fb25bd0a3e44d01e84859cd0c244e1a4549eeb340dbb
resnet,electrode,101,bandpass_n20001_cV5_independent_rms_s0,phase2/results/predictions/full/electrode/resnet/seed_101/bandpass_n20001_cV5_independent_rms_s0.npz,75786,942b4e3005c5e6026bffccb7914f0576a537a284411b2da759a7a8781c1d1d68
resnet,electrode,101,bandpass_n20001_cV5_electrode_s20,phase2/results/predictions/full/electrode/resnet/seed_101/bandpass_n20001_cV5_electrode_s20.npz,76457,1f72918dc1a61d66c1e3079318cd3d7eda266c1fdcf79855028cd8958d11fd16
resnet,electrode,101,bandpass_n20001_cV5_electrode_s15,phase2/results/predictions/full/electrode/resnet/seed_101/bandpass_n20001_cV5_electrode_s15.npz,76506,df32ea3dd41151736abfba72a4edcde262a74a6e09bccfb33dd1c2bb28503af2
resnet,electrode,101,bandpass_n20001_cV5_electrode_s10,phase2/results/predictions/full/electrode/resnet/seed_101/bandpass_n20001_cV5_electrode_s10.npz,76457,6b2b9c3cd2f2787096359d1d816a3959cc399dd32295496e8b9f524dc048f087
resnet,electrode,101,bandpass_n20001_cV5_electrode_s5,phase2/results/predictions/full/electrode/resnet/seed_101/bandpass_n20001_cV5_electrode_s5.npz,76293,406664893fb59bce52efaa30e2fbc41beaf31a29ca3c1001a8888777440e4359
resnet,electrode,101,bandpass_n20001_cV5_electrode_s0,phase2/results/predictions/full/electrode/resnet/seed_101/bandpass_n20001_cV5_electrode_s0.npz,75734,015a12eec61b07d6342c8515bb0a53620e646464f74dbf28b6a02db9ddfffc5f
resnet,electrode,101,bandpass_n20001_cV5_covariance_s20,phase2/results/predictions/full/electrode/resnet/seed_101/bandpass_n20001_cV5_covariance_s20.npz,76486,3395889a0bfd9350329a1ab1d8acc1273bd1065584de68f00876a8101de4f4f2
resnet,electrode,101,bandpass_n20001_cV5_covariance_s15,phase2/results/predictions/full/electrode/resnet/seed_101/bandpass_n20001_cV5_covariance_s15.npz,76504,629ccbdb4316333a4f5fdea0fd3792fe6d4430f0518e97df33c159aa3b390dc6
resnet,electrode,101,bandpass_n20001_cV5_covariance_s10,phase2/results/predictions/full/electrode/resnet/seed_101/bandpass_n20001_cV5_covariance_s10.npz,76429,6e9627e412fb6af7e672e449c3107a1e6c5a3e3827ee75907bfec4e6844b920b
resnet,electrode,101,bandpass_n20001_cV5_covariance_s5,phase2/results/predictions/full/electrode/resnet/seed_101/bandpass_n20001_cV5_covariance_s5.npz,76285,e6e3438125488f6370047c5e41423e9dbe9e0f21d0788024ec30819e1e191609
resnet,electrode,101,bandpass_n20001_cV5_covariance_s0,phase2/results/predictions/full/electrode/resnet/seed_101/bandpass_n20001_cV5_covariance_s0.npz,75797,25a48e1bbc150fef002850242001b93b0dfdb7cac4b9c5e277d05cbd7fd8ded7
resnet,electrode,101,bandpass_n20001_cV6_independent_rms_s20,phase2/results/predictions/full/electrode/resnet/seed_101/bandpass_n20001_cV6_independent_rms_s20.npz,76461,b95b1419d4f98e5f82938f87b360c5e0d86083ea44b318172383a6bae1052f4d
resnet,electrode,101,bandpass_n20001_cV6_independent_rms_s15,phase2/results/predictions/full/electrode/resnet/seed_101/bandpass_n20001_cV6_independent_rms_s15.npz,76477,d39489b876454aba713eaae1bda2dd060a0bc2e6196dd3e3ae193275ffcdee2d
resnet,electrode,101,bandpass_n20001_cV6_independent_rms_s10,phase2/results/predictions/full/electrode/resnet/seed_101/bandpass_n20001_cV6_independent_rms_s10.npz,76430,9c7791514631bb5aba34256e7195bc817f31ece7d6b405ee90cfe9bd2618b82f
resnet,electrode,101,bandpass_n20001_cV6_independent_rms_s5,phase2/results/predictions/full/electrode/resnet/seed_101/bandpass_n20001_cV6_independent_rms_s5.npz,76319,67c8532963c514c01e63e2be8672b18dc7355d7cc07adbc39d0043a004492d58
resnet,electrode,101,bandpass_n20001_cV6_independent_rms_s0,phase2/results/predictions/full/electrode/resnet/seed_101/bandpass_n20001_cV6_independent_rms_s0.npz,75941,aae84e35ea485f818803991a0b922441ca9381127c951998f379b9cfb79141a2
resnet,electrode,101,bandpass_n20001_cV6_electrode_s20,phase2/results/predictions/full/electrode/resnet/seed_101/bandpass_n20001_cV6_electrode_s20.npz,76464,bc229a1638814b0c60639511967cb490a43cf8859e2952b524bdb12d6ec32d3e
resnet,electrode,101,bandpass_n20001_cV6_electrode_s15,phase2/results/predictions/full/electrode/resnet/seed_101/bandpass_n20001_cV6_electrode_s15.npz,76490,cfd9579312ab0c678c5d91d173fd255f857b550e799745803b4dccb749a2a527
resnet,electrode,101,bandpass_n20001_cV6_electrode_s10,phase2/results/predictions/full/electrode/resnet/seed_101/bandpass_n20001_cV6_electrode_s10.npz,76377,ed5d4f9ebc394db619f0db44325d8053a942bd4146890d3c3f43c0992debb938
resnet,electrode,101,bandpass_n20001_cV6_electrode_s5,phase2/results/predictions/full/electrode/resnet/seed_101/bandpass_n20001_cV6_electrode_s5.npz,76242,4ad4877504b3276cd9f4969a11b74c9953f14364b38dacbd01fa504b640d43cf
resnet,electrode,101,bandpass_n20001_cV6_electrode_s0,phase2/results/predictions/full/electrode/resnet/seed_101/bandpass_n20001_cV6_electrode_s0.npz,75895,86023732f5de252b5a881c5dd8fce9e2615631af3d83ed4690999ec974f89b99
resnet,electrode,101,bandpass_n20001_cV6_covariance_s20,phase2/results/predictions/full/electrode/resnet/seed_101/bandpass_n20001_cV6_covariance_s20.npz,76441,8848f7c77208373cd15c5a6325fe0530c5da31545eaaa06f22fe3a86c586f4f9
resnet,electrode,101,bandpass_n20001_cV6_covariance_s15,phase2/results/predictions/full/electrode/resnet/seed_101/bandpass_n20001_cV6_covariance_s15.npz,76455,2b5e35564a8d0fc5bdfe83aae413b6745f9c421eb5838bc1a078a107ee11942e
resnet,electrode,101,bandpass_n20001_cV6_covariance_s10,phase2/results/predictions/full/electrode/resnet/seed_101/bandpass_n20001_cV6_covariance_s10.npz,76423,02892d793ddc49f4bfeaa0568c3f10521de7c8a9a4425e97f1ac9c162c90cdba
resnet,electrode,101,bandpass_n20001_cV6_covariance_s5,phase2/results/predictions/full/electrode/resnet/seed_101/bandpass_n20001_cV6_covariance_s5.npz,76289,1cb849cec94b77cdeeea18e2a405744bea7fb71bd0f0e99cda175d40aa4789b4
resnet,electrode,101,bandpass_n20001_cV6_covariance_s0,phase2/results/predictions/full/electrode/resnet/seed_101/bandpass_n20001_cV6_covariance_s0.npz,75908,457078ad6383f776c379a07db22e6184d9a2f976a68a396ac2b22c705cdfbcb7
resnet,electrode,101,bandpass_n20001_cRA_LA_independent_rms_s20,phase2/results/predictions/full/electrode/resnet/seed_101/bandpass_n20001_cRA_LA_independent_rms_s20.npz,76521,5c91f7ded0a35167da945c7eff99a0facbaea485eaeb2d3bc7e09b5c93435481
resnet,electrode,101,bandpass_n20001_cRA_LA_independent_rms_s15,phase2/results/predictions/full/electrode/resnet/seed_101/bandpass_n20001_cRA_LA_independent_rms_s15.npz,76448,9c1b9270c456be01be8092fddc803439b7337dc3515307a4bcfe661dd4ae0433
resnet,electrode,101,bandpass_n20001_cRA_LA_independent_rms_s10,phase2/results/predictions/full/electrode/resnet/seed_101/bandpass_n20001_cRA_LA_independent_rms_s10.npz,76459,73e927e6de65aac0a0771217e05a1664a567c5cd7225100539ca90d6be8a79d5
resnet,electrode,101,bandpass_n20001_cRA_LA_independent_rms_s5,phase2/results/predictions/full/electrode/resnet/seed_101/bandpass_n20001_cRA_LA_independent_rms_s5.npz,76346,ebcab95de94bee618ee21ca4fcf45547a222588bd5d3f92481d830abd33eee9b
resnet,electrode,101,bandpass_n20001_cRA_LA_independent_rms_s0,phase2/results/predictions/full/electrode/resnet/seed_101/bandpass_n20001_cRA_LA_independent_rms_s0.npz,75983,0249be7610a85407a7b751b928f3130c5baaffeebeb14357a30ae98b509647f8
resnet,electrode,101,bandpass_n20001_cRA_LA_electrode_s20,phase2/results/predictions/full/electrode/resnet/seed_101/bandpass_n20001_cRA_LA_electrode_s20.npz,76457,d5fc80ed75643aa6520fa41d71eeac5c42ea765f5b42ad3be6359fbe2400eb49
resnet,electrode,101,bandpass_n20001_cRA_LA_electrode_s15,phase2/results/predictions/full/electrode/resnet/seed_101/bandpass_n20001_cRA_LA_electrode_s15.npz,76470,e107771f36d486babf79bd6fd6c98ba34ebe789e6acad2ce6d57626a84b177c7
resnet,electrode,101,bandpass_n20001_cRA_LA_electrode_s10,phase2/results/predictions/full/electrode/resnet/seed_101/bandpass_n20001_cRA_LA_electrode_s10.npz,76427,8284f5edf22bfa093b8a63b7bc09df56db0e4537aa7536b5a1eb89a5abbfae1e
resnet,electrode,101,bandpass_n20001_cRA_LA_electrode_s5,phase2/results/predictions/full/electrode/resnet/seed_101/bandpass_n20001_cRA_LA_electrode_s5.npz,76224,988fb1cab336b907543c2a570dddbbe83595b02b8b38bb0dc0a6b2c5d133e43e
resnet,electrode,101,bandpass_n20001_cRA_LA_electrode_s0,phase2/results/predictions/full/electrode/resnet/seed_101/bandpass_n20001_cRA_LA_electrode_s0.npz,75850,92c5ea588ec6b3ebe5742150acbe2a4fce2d16eca0918909c75e1ab53d167dcb
resnet,electrode,101,bandpass_n20001_cRA_LA_covariance_s20,phase2/results/predictions/full/electrode/resnet/seed_101/bandpass_n20001_cRA_LA_covariance_s20.npz,76486,36a534d562ad48c4e7f51478f4868bf17132a7d3bb52a09c7889e24f6edfb4c0
resnet,electrode,101,bandpass_n20001_cRA_LA_covariance_s15,phase2/results/predictions/full/electrode/resnet/seed_101/bandpass_n20001_cRA_LA_covariance_s15.npz,76478,65b820a9fb78770f7fff3a11c04e39df91cc2e69f1d8acf56ceda0d1b767caff
resnet,electrode,101,bandpass_n20001_cRA_LA_covariance_s10,phase2/results/predictions/full/electrode/resnet/seed_101/bandpass_n20001_cRA_LA_covariance_s10.npz,76372,17979c2e9d63d7ebff720e6f05a00bfe76d9b55fee26c12386f4cf15ef93ff00
resnet,electrode,101,bandpass_n20001_cRA_LA_covariance_s5,phase2/results/predictions/full/electrode/resnet/seed_101/bandpass_n20001_cRA_LA_covariance_s5.npz,76189,d05ee38ccc21551bc95e382925f2b2a335f051e8e8884fc66aef6dd42422df53
resnet,electrode,101,bandpass_n20001_cRA_LA_covariance_s0,phase2/results/predictions/full/electrode/resnet/seed_101/bandpass_n20001_cRA_LA_covariance_s0.npz,75817,147597b19398cec81e072f772ed4117b2be3d0d8b8fa272df1c6ab0b110dd636
resnet,electrode,101,bandpass_n20001_cLA_LL_independent_rms_s20,phase2/results/predictions/full/electrode/resnet/seed_101/bandpass_n20001_cLA_LL_independent_rms_s20.npz,76476,7e19b7e9316f2dda876f4b5aa9fba95cfd98457aa32fc686413c16edeaa1f3b6
resnet,electrode,101,bandpass_n20001_cLA_LL_independent_rms_s15,phase2/results/predictions/full/electrode/resnet/seed_101/bandpass_n20001_cLA_LL_independent_rms_s15.npz,76466,07d4a0c130b54bc3971a63067a36592eb0bb9285f4c278c18692d5d2e328b213
resnet,electrode,101,bandpass_n20001_cLA_LL_independent_rms_s10,phase2/results/predictions/full/electrode/resnet/seed_101/bandpass_n20001_cLA_LL_independent_rms_s10.npz,76453,a559fa6a01626c7b3136d18ea38d11f3888d29a5d1cdc16b10a515d5220f2131
resnet,electrode,101,bandpass_n20001_cLA_LL_independent_rms_s5,phase2/results/predictions/full/electrode/resnet/seed_101/bandpass_n20001_cLA_LL_independent_rms_s5.npz,76286,97ed5e984adeeaac44b0ea8aa9ea90c94ee4d298e4e7ffc3f90829526164ff90
resnet,electrode,101,bandpass_n20001_cLA_LL_independent_rms_s0,phase2/results/predictions/full/electrode/resnet/seed_101/bandpass_n20001_cLA_LL_independent_rms_s0.npz,75886,f5450a67ca235f102d0f9759ef8bab55853c3b185fe0f33a308f018ef8901d6b
resnet,electrode,101,bandpass_n20001_cLA_LL_electrode_s20,phase2/results/predictions/full/electrode/resnet/seed_101/bandpass_n20001_cLA_LL_electrode_s20.npz,76471,75b9fedc4d234e3e349d7b377cc36720efedccb20ca9f63af3d366d50c1abf7a
resnet,electrode,101,bandpass_n20001_cLA_LL_electrode_s15,phase2/results/predictions/full/electrode/resnet/seed_101/bandpass_n20001_cLA_LL_electrode_s15.npz,76444,f02254f93524a749ca92cc9e2093f6597cc475b50021649fca52dcc948e250bf
resnet,electrode,101,bandpass_n20001_cLA_LL_electrode_s10,phase2/results/predictions/full/electrode/resnet/seed_101/bandpass_n20001_cLA_LL_electrode_s10.npz,76409,fd9e33409e85a696b355bc2fb01cb596b64f49b157e7f945431441c3328ed619
resnet,electrode,101,bandpass_n20001_cLA_LL_electrode_s5,phase2/results/predictions/full/electrode/resnet/seed_101/bandpass_n20001_cLA_LL_electrode_s5.npz,76138,9a9af58c9c41dff368c1f2bc6a714796e1c6e25955c46d1fa71e0a579d781298
resnet,electrode,101,bandpass_n20001_cLA_LL_electrode_s0,phase2/results/predictions/full/electrode/resnet/seed_101/bandpass_n20001_cLA_LL_electrode_s0.npz,75457,32798b20508ef915c02fcedb8b43e1e84d5944062994efb3c505bcbcd2d45cd4
resnet,electrode,101,bandpass_n20001_cLA_LL_covariance_s20,phase2/results/predictions/full/electrode/resnet/seed_101/bandpass_n20001_cLA_LL_covariance_s20.npz,76454,1e69dcce846aabd5cf347b0e34bb60afcca7b259c0316a740c1c0fca3bbdb1e6
resnet,electrode,101,bandpass_n20001_cLA_LL_covariance_s15,phase2/results/predictions/full/electrode/resnet/seed_101/bandpass_n20001_cLA_LL_covariance_s15.npz,76446,411ac7b6366b58d108005c62ffb5cc18c7fa132631858c127a9bae30e5dfcc63
resnet,electrode,101,bandpass_n20001_cLA_LL_covariance_s10,phase2/results/predictions/full/electrode/resnet/seed_101/bandpass_n20001_cLA_LL_covariance_s10.npz,76404,fb3ff39de5788f575010cd49855ca1f7124425578d64f3a81fecb7bd9f1b1d25
resnet,electrode,101,bandpass_n20001_cLA_LL_covariance_s5,phase2/results/predictions/full/electrode/resnet/seed_101/bandpass_n20001_cLA_LL_covariance_s5.npz,76132,ce78708010e33750c72c7b843ab15e7fbcc48d0186e7d35966811c08be961d1f
resnet,electrode,101,bandpass_n20001_cLA_LL_covariance_s0,phase2/results/predictions/full/electrode/resnet/seed_101/bandpass_n20001_cLA_LL_covariance_s0.npz,75485,b1c0648bf92fdb5ec7f4d7aba24517b7d3100b044faed02aa05ea23d811813eb
resnet,electrode,101,bandpass_n20001_cRA_LL_independent_rms_s20,phase2/results/predictions/full/electrode/resnet/seed_101/bandpass_n20001_cRA_LL_independent_rms_s20.npz,76482,5da53a446b0cbb99d826623a4123486fdd71bb3d83aea5952287d8f250a915d4
resnet,electrode,101,bandpass_n20001_cRA_LL_independent_rms_s15,phase2/results/predictions/full/electrode/resnet/seed_101/bandpass_n20001_cRA_LL_independent_rms_s15.npz,76469,3381b800f58509d4790349db00c7c65aed707efe21f1e22d8830ab485cfc03dc
resnet,electrode,101,bandpass_n20001_cRA_LL_independent_rms_s10,phase2/results/predictions/full/electrode/resnet/seed_101/bandpass_n20001_cRA_LL_independent_rms_s10.npz,76428,7c1cd2d3c80fa510930213e620403d5f111d8351eea6900626e3fa09f8210c03
resnet,electrode,101,bandpass_n20001_cRA_LL_independent_rms_s5,phase2/results/predictions/full/electrode/resnet/seed_101/bandpass_n20001_cRA_LL_independent_rms_s5.npz,76306,400b4d71b85cacbdbb771cbeafbcb3512dbcd93e74778728349d3b86901fbb51
resnet,electrode,101,bandpass_n20001_cRA_LL_independent_rms_s0,phase2/results/predictions/full/electrode/resnet/seed_101/bandpass_n20001_cRA_LL_independent_rms_s0.npz,75944,ddac4c20ae3d70833e33fce2ff033448d2a3247e333020443ecd7b4acd558204
resnet,electrode,101,bandpass_n20001_cRA_LL_electrode_s20,phase2/results/predictions/full/electrode/resnet/seed_101/bandpass_n20001_cRA_LL_electrode_s20.npz,76474,16e8cfd140dbc3136985a337c9c60e9220e4c1b4bc32257ed825f7f7ffb014ee
resnet,electrode,101,bandpass_n20001_cRA_LL_electrode_s15,phase2/results/predictions/full/electrode/resnet/seed_101/bandpass_n20001_cRA_LL_electrode_s15.npz,76459,5495028da438b8d4e8acef95304e038af1ee2e94f5ed57f445803fa9deabb1a2
resnet,electrode,101,bandpass_n20001_cRA_LL_electrode_s10,phase2/results/predictions/full/electrode/resnet/seed_101/bandpass_n20001_cRA_LL_electrode_s10.npz,76378,5ce2ab64bef489a4f3e98e6738a3539ca0b7d5fed55853dfe50c2d0b459eb93b
resnet,electrode,101,bandpass_n20001_cRA_LL_electrode_s5,phase2/results/predictions/full/electrode/resnet/seed_101/bandpass_n20001_cRA_LL_electrode_s5.npz,76128,ad30f6e3eaa0bb6977db39bf265c670c697e3a8720b97b845cd0a0fafa659461
resnet,electrode,101,bandpass_n20001_cRA_LL_electrode_s0,phase2/results/predictions/full/electrode/resnet/seed_101/bandpass_n20001_cRA_LL_electrode_s0.npz,75622,831ac764b111f44a09db8f489b9a3a72b7eff0bd5ec53a04cc0e3add35806ab5
resnet,electrode,101,bandpass_n20001_cRA_LL_covariance_s20,phase2/results/predictions/full/electrode/resnet/seed_101/bandpass_n20001_cRA_LL_covariance_s20.npz,76461,59da039d09f1a0c77b5018a319e9f86069a18f8a3ae490451ae4887a48dd41b4
resnet,electrode,101,bandpass_n20001_cRA_LL_covariance_s15,phase2/results/predictions/full/electrode/resnet/seed_101/bandpass_n20001_cRA_LL_covariance_s15.npz,76483,243dc58e0b336499fbec8a82f65ffb0e05ce2a24d35ae476a2c2f6a62a312058
resnet,electrode,101,bandpass_n20001_cRA_LL_covariance_s10,phase2/results/predictions/full/electrode/resnet/seed_101/bandpass_n20001_cRA_LL_covariance_s10.npz,76392,08f0a63276736483ee931c94eada662b26a7685714f2a7da9bb2be57e0c1d8c5
resnet,electrode,101,bandpass_n20001_cRA_LL_covariance_s5,phase2/results/predictions/full/electrode/resnet/seed_101/bandpass_n20001_cRA_LL_covariance_s5.npz,76126,fb95761cc51de3cc38f39cd29e53d911124dcc1e49df9d9723ca7114a8948b53
resnet,electrode,101,bandpass_n20001_cRA_LL_covariance_s0,phase2/results/predictions/full/electrode/resnet/seed_101/bandpass_n20001_cRA_LL_covariance_s0.npz,75609,036c61c06212e76b8a61c347d750831a65fb12098ac4bedd88069a896c878393
resnet,electrode,101,bandpass_n20001_cRA_independent_rms_s20,phase2/results/predictions/full/electrode/resnet/seed_101/bandpass_n20001_cRA_independent_rms_s20.npz,76517,a17672a6793f1d65c210cccbd4b7b179fda85fb438657c73edd803e2c71fcf8f
resnet,electrode,101,bandpass_n20001_cRA_independent_rms_s15,phase2/results/predictions/full/electrode/resnet/seed_101/bandpass_n20001_cRA_independent_rms_s15.npz,76490,f617420cf01734dd8c0f1e2344046b1e5149753800ab98df4aa978709cf2b6f0
resnet,electrode,101,bandpass_n20001_cRA_independent_rms_s10,phase2/results/predictions/full/electrode/resnet/seed_101/bandpass_n20001_cRA_independent_rms_s10.npz,76500,7d77ee928c479d555bd03b56bbdea558ade3a7dd78cb1d8a5166a386132cf775
resnet,electrode,101,bandpass_n20001_cRA_independent_rms_s5,phase2/results/predictions/full/electrode/resnet/seed_101/bandpass_n20001_cRA_independent_rms_s5.npz,76325,33db92bb92b26de25f4887ce6b98edb819037e5c2624fe2e3334d38fff04a931
resnet,electrode,101,bandpass_n20001_cRA_independent_rms_s0,phase2/results/predictions/full/electrode/resnet/seed_101/bandpass_n20001_cRA_independent_rms_s0.npz,76007,2d7592baca0306a37595e1249fd25112abca242d51b0cfb61d092afa62a48da5
resnet,electrode,101,bandpass_n20001_cRA_electrode_s20,phase2/results/predictions/full/electrode/resnet/seed_101/bandpass_n20001_cRA_electrode_s20.npz,76461,5de134f9c0287f3f1e4d3cfbef460c03dc12c045f93ff5923c5b7366c1c72c65
resnet,electrode,101,bandpass_n20001_cRA_electrode_s15,phase2/results/predictions/full/electrode/resnet/seed_101/bandpass_n20001_cRA_electrode_s15.npz,76467,ea3269288456351241a2bc92437f5bf62c434f2de048e906d9c60c78d64d74e4
resnet,electrode,101,bandpass_n20001_cRA_electrode_s10,phase2/results/predictions/full/electrode/resnet/seed_101/bandpass_n20001_cRA_electrode_s10.npz,76364,d50a897d16e2ed74a111aa9def45ac9eb3296ed46d8a9b9c381d242cbe2536ed
resnet,electrode,101,bandpass_n20001_cRA_electrode_s5,phase2/results/predictions/full/electrode/resnet/seed_101/bandpass_n20001_cRA_electrode_s5.npz,76178,189932a5d5a639ed2b3ead352dc3a0d7ae15b6a6260efbc7d13baf88a5f60344
resnet,electrode,101,bandpass_n20001_cRA_electrode_s0,phase2/results/predictions/full/electrode/resnet/seed_101/bandpass_n20001_cRA_electrode_s0.npz,75925,01c429620b3bb6c19e5aec40531b9f9f46c593e6665d7175e7a9f67981450564
resnet,electrode,101,bandpass_n20001_cRA_covariance_s20,phase2/results/predictions/full/electrode/resnet/seed_101/bandpass_n20001_cRA_covariance_s20.npz,76478,52f880927a5440cf69b65ecab36683f7e9c0dbaf649c364b9047419d58899424
resnet,electrode,101,bandpass_n20001_cRA_covariance_s15,phase2/results/predictions/full/electrode/resnet/seed_101/bandpass_n20001_cRA_covariance_s15.npz,76471,1dc006e6de4243dc84517074d491c48e6008c4e6992eac9437257082346c889e
resnet,electrode,101,bandpass_n20001_cRA_covariance_s10,phase2/results/predictions/full/electrode/resnet/seed_101/bandpass_n20001_cRA_covariance_s10.npz,76408,2627cae18cbcb22d0e1c71654f12eea1e44bf8e8042d6574ac79d1221f3c8f55
resnet,electrode,101,bandpass_n20001_cRA_covariance_s5,phase2/results/predictions/full/electrode/resnet/seed_101/bandpass_n20001_cRA_covariance_s5.npz,76167,40b6d75272e892af2852479d7c7f4e27b42d32c1002aced70a6f42014f22ec82
resnet,electrode,101,bandpass_n20001_cRA_covariance_s0,phase2/results/predictions/full/electrode/resnet/seed_101/bandpass_n20001_cRA_covariance_s0.npz,75872,be9f3646c0796f1ba65fe0f47118c91c778c3496f5c8d301d79405e2aaaeb358
resnet,electrode,101,bandpass_n20001_cLA_independent_rms_s20,phase2/results/predictions/full/electrode/resnet/seed_101/bandpass_n20001_cLA_independent_rms_s20.npz,76523,52705c09933bbe51094fd774328d4fc9e4f53b6522b413e8fcfad1bfd421a59f
resnet,electrode,101,bandpass_n20001_cLA_independent_rms_s15,phase2/results/predictions/full/electrode/resnet/seed_101/bandpass_n20001_cLA_independent_rms_s15.npz,76513,e8bb688a0e3eaa967c75002ab083be07a6f614c61e0c28cdeb403b1281145935
resnet,electrode,101,bandpass_n20001_cLA_independent_rms_s10,phase2/results/predictions/full/electrode/resnet/seed_101/bandpass_n20001_cLA_independent_rms_s10.npz,76444,8f4f3b0c9113f4218a8ce91b98387cb23676b33b5c5e5b4e2a8cca823781b332
resnet,electrode,101,bandpass_n20001_cLA_independent_rms_s5,phase2/results/predictions/full/electrode/resnet/seed_101/bandpass_n20001_cLA_independent_rms_s5.npz,76305,1b6ed27878e91df0a90814fbc691b66232aee0b084f6c9d56da79dc17048d3f7
resnet,electrode,101,bandpass_n20001_cLA_independent_rms_s0,phase2/results/predictions/full/electrode/resnet/seed_101/bandpass_n20001_cLA_independent_rms_s0.npz,75947,4742e0f54320039767ff89db619daf1999985b010d451a1dfa207c2baf53a017
resnet,electrode,101,bandpass_n20001_cLA_electrode_s20,phase2/results/predictions/full/electrode/resnet/seed_101/bandpass_n20001_cLA_electrode_s20.npz,76476,df482faa90963150b6b843d44cfac4f6e57a055ec4f8535e5f1a48dad45d25c2
resnet,electrode,101,bandpass_n20001_cLA_electrode_s15,phase2/results/predictions/full/electrode/resnet/seed_101/bandpass_n20001_cLA_electrode_s15.npz,76457,1ede1fe253499622f47f369d32f868c7af42c476beafbc5c485daa6006a1b260
resnet,electrode,101,bandpass_n20001_cLA_electrode_s10,phase2/results/predictions/full/electrode/resnet/seed_101/bandpass_n20001_cLA_electrode_s10.npz,76418,72781d9d68076f6c1a19aa42faf30e083dac6abd0bbcb35f7855b360432dfef7
resnet,electrode,101,bandpass_n20001_cLA_electrode_s5,phase2/results/predictions/full/electrode/resnet/seed_101/bandpass_n20001_cLA_electrode_s5.npz,76209,7696de0aa8e0b264504c63ec97d8734a560ac22fa48630e4ecfebe469ef01759
resnet,electrode,101,bandpass_n20001_cLA_electrode_s0,phase2/results/predictions/full/electrode/resnet/seed_101/bandpass_n20001_cLA_electrode_s0.npz,75772,96b723f3481946bca0eee38b9cc0701dd7256bb17687e682404e3ea0a5b0c891
resnet,electrode,101,bandpass_n20001_cLA_covariance_s20,phase2/results/predictions/full/electrode/resnet/seed_101/bandpass_n20001_cLA_covariance_s20.npz,76475,6ec278e1bcdb48dc924119c0445502c5e955b33cd7d8d3c526fd07541b05db85
resnet,electrode,101,bandpass_n20001_cLA_covariance_s15,phase2/results/predictions/full/electrode/resnet/seed_101/bandpass_n20001_cLA_covariance_s15.npz,76481,7e2b81de5d7742f7e6d7985d25ca6c06781f5697413bc4601b40bf9cb26aa08e
resnet,electrode,101,bandpass_n20001_cLA_covariance_s10,phase2/results/predictions/full/electrode/resnet/seed_101/bandpass_n20001_cLA_covariance_s10.npz,76427,58938a2ec6e33945c4cc04682a73222efcc5fc941a915cf10926bf4f03578e6a
resnet,electrode,101,bandpass_n20001_cLA_covariance_s5,phase2/results/predictions/full/electrode/resnet/seed_101/bandpass_n20001_cLA_covariance_s5.npz,76255,cb4976c8c0483c3807f4e49edce772f5d25f9b90f4dd7686327f0aa7462014af
resnet,electrode,101,bandpass_n20001_cLA_covariance_s0,phase2/results/predictions/full/electrode/resnet/seed_101/bandpass_n20001_cLA_covariance_s0.npz,75812,2c32a019aeed4e0afde4fa02b0f8b3cc2b369af42584075f8d5b02556d4501a7
resnet,electrode,101,bandpass_n20001_cLL_independent_rms_s20,phase2/results/predictions/full/electrode/resnet/seed_101/bandpass_n20001_cLL_independent_rms_s20.npz,76499,be9065457b0bfc12001f3777b656ca5cb9f3cd3c4783631178d6b4c7b03a10d3
resnet,electrode,101,bandpass_n20001_cLL_independent_rms_s15,phase2/results/predictions/full/electrode/resnet/seed_101/bandpass_n20001_cLL_independent_rms_s15.npz,76478,5a17a03d548804247881a9d09db89285c35b843a8d313ad68990f33e5597721e
resnet,electrode,101,bandpass_n20001_cLL_independent_rms_s10,phase2/results/predictions/full/electrode/resnet/seed_101/bandpass_n20001_cLL_independent_rms_s10.npz,76419,fdfc2999c8fe904421c5dd2c20642fbeef4e17cfb6d72c98c7297425bc8254fa
resnet,electrode,101,bandpass_n20001_cLL_independent_rms_s5,phase2/results/predictions/full/electrode/resnet/seed_101/bandpass_n20001_cLL_independent_rms_s5.npz,76254,bacab434c0377f4ac4c8ac8dcb667008b521ea24e34c8004ab2cce51a1cd1735
resnet,electrode,101,bandpass_n20001_cLL_independent_rms_s0,phase2/results/predictions/full/electrode/resnet/seed_101/bandpass_n20001_cLL_independent_rms_s0.npz,75838,79e16b27d4aa95d7d93d9a68eb819267a50ac6acdf51a205cbe2632bc4465c32
resnet,electrode,101,bandpass_n20001_cLL_electrode_s20,phase2/results/predictions/full/electrode/resnet/seed_101/bandpass_n20001_cLL_electrode_s20.npz,76466,1ec22161ac7391a4188f271809a157066e7ae7874bec38f4b1424c3224850c3b
resnet,electrode,101,bandpass_n20001_cLL_electrode_s15,phase2/results/predictions/full/electrode/resnet/seed_101/bandpass_n20001_cLL_electrode_s15.npz,76445,fdec7933a2c86de35e493d45f4546d2a06fd9c78e06810ac1f7b8967dfd2b318
resnet,electrode,101,bandpass_n20001_cLL_electrode_s10,phase2/results/predictions/full/electrode/resnet/seed_101/bandpass_n20001_cLL_electrode_s10.npz,76384,955168836c82a882d5e64e7b54a62209eac000a35a8bc32020d68cff20fd2ac9
resnet,electrode,101,bandpass_n20001_cLL_electrode_s5,phase2/results/predictions/full/electrode/resnet/seed_101/bandpass_n20001_cLL_electrode_s5.npz,76062,91dc33af4236a19fbc766d98d6aff0e7aca4e9e93290f88b27c0fb7f360fa69a
resnet,electrode,101,bandpass_n20001_cLL_electrode_s0,phase2/results/predictions/full/electrode/resnet/seed_101/bandpass_n20001_cLL_electrode_s0.npz,75389,40603a50e84fe56b90d291f9f51f9e2dbd497f0dd070f81fca259a942b84df9f
resnet,electrode,101,bandpass_n20001_cLL_covariance_s20,phase2/results/predictions/full/electrode/resnet/seed_101/bandpass_n20001_cLL_covariance_s20.npz,76441,69e8bfd1c9f2cfc00bf466affab00e1bddbb0dea345dab824fd07bae19f1245e
resnet,electrode,101,bandpass_n20001_cLL_covariance_s15,phase2/results/predictions/full/electrode/resnet/seed_101/bandpass_n20001_cLL_covariance_s15.npz,76451,e085bf3549dc1ed2cfdd42db570fcd60815874e9f2eda45047a9051c813e6812
resnet,electrode,101,bandpass_n20001_cLL_covariance_s10,phase2/results/predictions/full/electrode/resnet/seed_101/bandpass_n20001_cLL_covariance_s10.npz,76339,49dbf36adbd9bcfe23bed6f19adf233a17ef11600dbfa6b04955288d0c75fd9d
resnet,electrode,101,bandpass_n20001_cLL_covariance_s5,phase2/results/predictions/full/electrode/resnet/seed_101/bandpass_n20001_cLL_covariance_s5.npz,76050,3a9163ab0e322a5dd535a75057e28e2813428bb7664cce5b7179d0facdf3887f
resnet,electrode,101,bandpass_n20001_cLL_covariance_s0,phase2/results/predictions/full/electrode/resnet/seed_101/bandpass_n20001_cLL_covariance_s0.npz,75383,3f922d81057e34dbf55b8cde144874b971548bc14ecf6f191e4a4d395d697f08
resnet,electrode,101,bandpass_n20001_cRA_V1_independent_rms_s20,phase2/results/predictions/full/electrode/resnet/seed_101/bandpass_n20001_cRA_V1_independent_rms_s20.npz,76497,bc71ac1b18cf0ef2e06a10edbda517740bd448c4b1128355700819d5e4740c19
resnet,electrode,101,bandpass_n20001_cRA_V1_independent_rms_s15,phase2/results/predictions/full/electrode/resnet/seed_101/bandpass_n20001_cRA_V1_independent_rms_s15.npz,76505,f67fadec3e091bc104cae5e352e0bf0034418454b1ae460f57394adb93125db4
resnet,electrode,101,bandpass_n20001_cRA_V1_independent_rms_s10,phase2/results/predictions/full/electrode/resnet/seed_101/bandpass_n20001_cRA_V1_independent_rms_s10.npz,76430,7fce5f76263d56bf4542b3fd673f2b5b48f997c25b3b8bc9062302bfb60ec624
resnet,electrode,101,bandpass_n20001_cRA_V1_independent_rms_s5,phase2/results/predictions/full/electrode/resnet/seed_101/bandpass_n20001_cRA_V1_independent_rms_s5.npz,76273,52b825b3fe5a6c29fea8fbb1614221152eec1a67d50f74a097b9327dde0d2da6
resnet,electrode,101,bandpass_n20001_cRA_V1_independent_rms_s0,phase2/results/predictions/full/electrode/resnet/seed_101/bandpass_n20001_cRA_V1_independent_rms_s0.npz,75892,5855efa34f54262352f3d37aecafbed3d26e0f22b89f93e28382895f081f5939
resnet,electrode,101,bandpass_n20001_cRA_V1_electrode_s20,phase2/results/predictions/full/electrode/resnet/seed_101/bandpass_n20001_cRA_V1_electrode_s20.npz,76477,a0e3ec09843d51f80ea3338b69196115d5f47112e9b06fedebada4d0a32c5f74
resnet,electrode,101,bandpass_n20001_cRA_V1_electrode_s15,phase2/results/predictions/full/electrode/resnet/seed_101/bandpass_n20001_cRA_V1_electrode_s15.npz,76458,d415aeb80e9cdffa03825295ff8128e90ac1b3c8844acdcef0296f79428f247f
resnet,electrode,101,bandpass_n20001_cRA_V1_electrode_s10,phase2/results/predictions/full/electrode/resnet/seed_101/bandpass_n20001_cRA_V1_electrode_s10.npz,76381,8e54950d7799aed2975680e1a2ec5b1043c534f694e79192d2a4df3cd1b447d8
resnet,electrode,101,bandpass_n20001_cRA_V1_electrode_s5,phase2/results/predictions/full/electrode/resnet/seed_101/bandpass_n20001_cRA_V1_electrode_s5.npz,76193,bb0b4dc144e2d3c051ce2364cdc0e1e0b94d51a992f69380b6749d48dda24340
resnet,electrode,101,bandpass_n20001_cRA_V1_electrode_s0,phase2/results/predictions/full/electrode/resnet/seed_101/bandpass_n20001_cRA_V1_electrode_s0.npz,75838,69ea4cd4934d8a0405b43bb2d7276fe4bb1161e4ae7b42ac04db0cf99cbf28b1
resnet,electrode,101,bandpass_n20001_cRA_V1_covariance_s20,phase2/results/predictions/full/electrode/resnet/seed_101/bandpass_n20001_cRA_V1_covariance_s20.npz,76479,b61a4a10f88ea32369c770bda9edb091132ec0c8d210b54fc072fc48bd3b9c38
resnet,electrode,101,bandpass_n20001_cRA_V1_covariance_s15,phase2/results/predictions/full/electrode/resnet/seed_101/bandpass_n20001_cRA_V1_covariance_s15.npz,76489,22de4a872eebf369d692a0043b342d9ab29d81ba662f7a47c90220e62f63e805
resnet,electrode,101,bandpass_n20001_cRA_V1_covariance_s10,phase2/results/predictions/full/electrode/resnet/seed_101/bandpass_n20001_cRA_V1_covariance_s10.npz,76415,8becacc3762d840278ec30fed370eb69600a56e0ea0eabb1ed04b2fdbb23473d
resnet,electrode,101,bandpass_n20001_cRA_V1_covariance_s5,phase2/results/predictions/full/electrode/resnet/seed_101/bandpass_n20001_cRA_V1_covariance_s5.npz,76177,7f631117a87dab893d05d8025d0873d9777e671c369fe4beb7bafb24a501bfee
resnet,electrode,101,bandpass_n20001_cRA_V1_covariance_s0,phase2/results/predictions/full/electrode/resnet/seed_101/bandpass_n20001_cRA_V1_covariance_s0.npz,75821,f0576ca9a36f4f52ab1fc02ac7649bbabe670808aad4260902f144d0a892be27
resnet,electrode,101,bandpass_n20001_cLA_V6_independent_rms_s20,phase2/results/predictions/full/electrode/resnet/seed_101/bandpass_n20001_cLA_V6_independent_rms_s20.npz,76497,cf74004093360f7896800f643cafe3d2a7f3f19432bfd04a8d9eb17410639ae0
resnet,electrode,101,bandpass_n20001_cLA_V6_independent_rms_s15,phase2/results/predictions/full/electrode/resnet/seed_101/bandpass_n20001_cLA_V6_independent_rms_s15.npz,76531,ccf6b36e8f65f8ffabcc4f1948b75e93a8dd9b5ad8c84ea45db09ada8ad38030
resnet,electrode,101,bandpass_n20001_cLA_V6_independent_rms_s10,phase2/results/predictions/full/electrode/resnet/seed_101/bandpass_n20001_cLA_V6_independent_rms_s10.npz,76486,69a9cabc2d1c07d1c5faefa68c821aeb21542a82ba643f04537a3978c8ceca5a
resnet,electrode,101,bandpass_n20001_cLA_V6_independent_rms_s5,phase2/results/predictions/full/electrode/resnet/seed_101/bandpass_n20001_cLA_V6_independent_rms_s5.npz,76330,5626da2235d61c41a4a48fbbfe656b302fe10f678e78922a88a732be77cf5083
resnet,electrode,101,bandpass_n20001_cLA_V6_independent_rms_s0,phase2/results/predictions/full/electrode/resnet/seed_101/bandpass_n20001_cLA_V6_independent_rms_s0.npz,75974,9387939c57f33e6d472616d0091bb00c7baceeb7ba706cbe1ac60ffc94d24cb8
resnet,electrode,101,bandpass_n20001_cLA_V6_electrode_s20,phase2/results/predictions/full/electrode/resnet/seed_101/bandpass_n20001_cLA_V6_electrode_s20.npz,76496,cb6bb3de675aff2784ec761153c2bccf8fc211cece4a524cc87a72ca31c63f2d
resnet,electrode,101,bandpass_n20001_cLA_V6_electrode_s15,phase2/results/predictions/full/electrode/resnet/seed_101/bandpass_n20001_cLA_V6_electrode_s15.npz,76496,a7736dab67879edacf2269f68fcd04b39efc89c6ffe006ebdeb3c3f8873d1e78
resnet,electrode,101,bandpass_n20001_cLA_V6_electrode_s10,phase2/results/predictions/full/electrode/resnet/seed_101/bandpass_n20001_cLA_V6_electrode_s10.npz,76427,1a5b72cfb42359965995a3f195de5c25b1ae9fef479a96f3e4903e50036fb062
resnet,electrode,101,bandpass_n20001_cLA_V6_electrode_s5,phase2/results/predictions/full/electrode/resnet/seed_101/bandpass_n20001_cLA_V6_electrode_s5.npz,76244,3e0b413ebd5aafdc5d3e4bffab348b71eb27fd304907d1024ec51745e65fa6a8
resnet,electrode,101,bandpass_n20001_cLA_V6_electrode_s0,phase2/results/predictions/full/electrode/resnet/seed_101/bandpass_n20001_cLA_V6_electrode_s0.npz,75829,7b848ae8839a3aca92c730a35d5400e03384268d2d9539849a7ff640d9bd1def
resnet,electrode,101,bandpass_n20001_cLA_V6_covariance_s20,phase2/results/predictions/full/electrode/resnet/seed_101/bandpass_n20001_cLA_V6_covariance_s20.npz,76466,71923a884d37f49f6dabd7cb35685316671fd41bf7e4e6dc5e3ba736b2c7e8b5
resnet,electrode,101,bandpass_n20001_cLA_V6_covariance_s15,phase2/results/predictions/full/electrode/resnet/seed_101/bandpass_n20001_cLA_V6_covariance_s15.npz,76468,95079a293bb01d99f212ef1198321d6ecf898efef3a755ba021260da93432fb3
resnet,electrode,101,bandpass_n20001_cLA_V6_covariance_s10,phase2/results/predictions/full/electrode/resnet/seed_101/bandpass_n20001_cLA_V6_covariance_s10.npz,76440,287f9a28cc6a67ab69f09389791a799d5fe1cc9f72a29046f1d6dcf8b30d03ad
resnet,electrode,101,bandpass_n20001_cLA_V6_covariance_s5,phase2/results/predictions/full/electrode/resnet/seed_101/bandpass_n20001_cLA_V6_covariance_s5.npz,76262,d9b569e2e400eb1d12c7947495f0c5eac929b22a3496856ed7de89e7ccab474b
resnet,electrode,101,bandpass_n20001_cLA_V6_covariance_s0,phase2/results/predictions/full/electrode/resnet/seed_101/bandpass_n20001_cLA_V6_covariance_s0.npz,75831,a3c82797a45698f3ad2e7a6bcea92844631d5c1f7b50c9613e20c7328e999e04
resnet,electrode,101,bandpass_n20001_cLL_V4_independent_rms_s20,phase2/results/predictions/full/electrode/resnet/seed_101/bandpass_n20001_cLL_V4_independent_rms_s20.npz,76501,0ff3a31c9edfd0deb59886c85f7e369b4659ce6be7f5976072f7ee62cc2a21b6
resnet,electrode,101,bandpass_n20001_cLL_V4_independent_rms_s15,phase2/results/predictions/full/electrode/resnet/seed_101/bandpass_n20001_cLL_V4_independent_rms_s15.npz,76523,b2c92ed433f0d57e2d1167de7f3d7ad5959f09621e0c6fa18802a9cab8d6b0bb
resnet,electrode,101,bandpass_n20001_cLL_V4_independent_rms_s10,phase2/results/predictions/full/electrode/resnet/seed_101/bandpass_n20001_cLL_V4_independent_rms_s10.npz,76467,97a4b9b67ad77a0a79043c617392d1c8239b2f142d61f7ce167d100b7aab8e17
resnet,electrode,101,bandpass_n20001_cLL_V4_independent_rms_s5,phase2/results/predictions/full/electrode/resnet/seed_101/bandpass_n20001_cLL_V4_independent_rms_s5.npz,76275,eb56c2907b01b1872eeb9293349e15405b101e53c2e02bc95b9a9179e475a3cf
resnet,electrode,101,bandpass_n20001_cLL_V4_independent_rms_s0,phase2/results/predictions/full/electrode/resnet/seed_101/bandpass_n20001_cLL_V4_independent_rms_s0.npz,75901,3f49bde9fb7b61c543bed9ccddfed679391222c9152df58156d3c1b835189f82
resnet,electrode,101,bandpass_n20001_cLL_V4_electrode_s20,phase2/results/predictions/full/electrode/resnet/seed_101/bandpass_n20001_cLL_V4_electrode_s20.npz,76466,134167206fa0928dd98d1d4a56514e18507872f4560a2d023d3855358312b92b
resnet,electrode,101,bandpass_n20001_cLL_V4_electrode_s15,phase2/results/predictions/full/electrode/resnet/seed_101/bandpass_n20001_cLL_V4_electrode_s15.npz,76456,4903189b97bc2b3bc5b89ab88514434b5196975ea0906620b4b185860d74e420
resnet,electrode,101,bandpass_n20001_cLL_V4_electrode_s10,phase2/results/predictions/full/electrode/resnet/seed_101/bandpass_n20001_cLL_V4_electrode_s10.npz,76393,dac785a4f0f27efdf53653c4e41602e5a2a67f5c623c8df5ffac6042abd72f1c
resnet,electrode,101,bandpass_n20001_cLL_V4_electrode_s5,phase2/results/predictions/full/electrode/resnet/seed_101/bandpass_n20001_cLL_V4_electrode_s5.npz,76087,455f5995dfe6086b3105a95be47f9a4f07a198ba8be48221d4b6d4b4f04d2af6
resnet,electrode,101,bandpass_n20001_cLL_V4_electrode_s0,phase2/results/predictions/full/electrode/resnet/seed_101/bandpass_n20001_cLL_V4_electrode_s0.npz,75454,3204d6d46b0c707134333400b133126547b1e1f3324df0819fdb9b3e540de557
resnet,electrode,101,bandpass_n20001_cLL_V4_covariance_s20,phase2/results/predictions/full/electrode/resnet/seed_101/bandpass_n20001_cLL_V4_covariance_s20.npz,76489,971e91c423868c39e1f23fd551820abafd3aefd747e679277bc81f657302bafe
resnet,electrode,101,bandpass_n20001_cLL_V4_covariance_s15,phase2/results/predictions/full/electrode/resnet/seed_101/bandpass_n20001_cLL_V4_covariance_s15.npz,76495,35bd6ad69863014145cc0eef20d131b4f388b4913e85617ef8ca86d6f877d580
resnet,electrode,101,bandpass_n20001_cLL_V4_covariance_s10,phase2/results/predictions/full/electrode/resnet/seed_101/bandpass_n20001_cLL_V4_covariance_s10.npz,76396,87e091e180ef66e0b502ef2b5668319e758f24c9ad7342cb563c7ff9bd9cdd2c
resnet,electrode,101,bandpass_n20001_cLL_V4_covariance_s5,phase2/results/predictions/full/electrode/resnet/seed_101/bandpass_n20001_cLL_V4_covariance_s5.npz,76139,f4ea5ef1f6bf24f56a9be1dc244ac2a538de2b7b3d127acbd7538d700f6a9c91
resnet,electrode,101,bandpass_n20001_cLL_V4_covariance_s0,phase2/results/predictions/full/electrode/resnet/seed_101/bandpass_n20001_cLL_V4_covariance_s0.npz,75500,d86cc5a9fdce31adb9917d746b4b29d6945ef16eb06446466b6a79eeb7aed60d
resnet,electrode,101,bandpass_n20001_cRA_LA_V1_V6_independent_rms_s20,phase2/results/predictions/full/electrode/resnet/seed_101/bandpass_n20001_cRA_LA_V1_V6_independent_rms_s20.npz,76505,68745cf7726591a76df04b228ee17a3a85801b91b4cb4fd4d0a4c1185c748c4f
resnet,electrode,101,bandpass_n20001_cRA_LA_V1_V6_independent_rms_s15,phase2/results/predictions/full/electrode/resnet/seed_101/bandpass_n20001_cRA_LA_V1_V6_independent_rms_s15.npz,76504,cca4e28d636c8b5377aad6ddd736be75b013ee68ca1c78de8afbfd4a2dddf1e1
resnet,electrode,101,bandpass_n20001_cRA_LA_V1_V6_independent_rms_s10,phase2/results/predictions/full/electrode/resnet/seed_101/bandpass_n20001_cRA_LA_V1_V6_independent_rms_s10.npz,76480,fc4582596148addaf238c2914f54101e6b2af7bcdb9b199a4769845cc4677cab
resnet,electrode,101,bandpass_n20001_cRA_LA_V1_V6_independent_rms_s5,phase2/results/predictions/full/electrode/resnet/seed_101/bandpass_n20001_cRA_LA_V1_V6_independent_rms_s5.npz,76292,4145de168e1986e886dffe1ec99b265f53ae0536a3c718727fc8f5d25983ef9f
resnet,electrode,101,bandpass_n20001_cRA_LA_V1_V6_independent_rms_s0,phase2/results/predictions/full/electrode/resnet/seed_101/bandpass_n20001_cRA_LA_V1_V6_independent_rms_s0.npz,75933,6366262f188d8afc87af8a96b7009b1bdfb150b3477c5b7f2e96333b273bef20
resnet,electrode,101,bandpass_n20001_cRA_LA_V1_V6_electrode_s20,phase2/results/predictions/full/electrode/resnet/seed_101/bandpass_n20001_cRA_LA_V1_V6_electrode_s20.npz,76496,0bf7c0eed99f3d5b48ee051d67bf8845e6068dba50a5a1ffd4068a8abb24471f
resnet,electrode,101,bandpass_n20001_cRA_LA_V1_V6_electrode_s15,phase2/results/predictions/full/electrode/resnet/seed_101/bandpass_n20001_cRA_LA_V1_V6_electrode_s15.npz,76493,5e35dad1bad35a66cfcc6c10dbd71a4e5a3738a474939a3f15b4b286dc28f82b
resnet,electrode,101,bandpass_n20001_cRA_LA_V1_V6_electrode_s10,phase2/results/predictions/full/electrode/resnet/seed_101/bandpass_n20001_cRA_LA_V1_V6_electrode_s10.npz,76409,278b5e0089d0df2af2a44dd2d5026c029c223ad360e4c80637a9cb1378893d66
resnet,electrode,101,bandpass_n20001_cRA_LA_V1_V6_electrode_s5,phase2/results/predictions/full/electrode/resnet/seed_101/bandpass_n20001_cRA_LA_V1_V6_electrode_s5.npz,76223,d844e719b106daa54aaa5b84a3fd3b69793e2104c1bd6364c6d39982be1baea9
resnet,electrode,101,bandpass_n20001_cRA_LA_V1_V6_electrode_s0,phase2/results/predictions/full/electrode/resnet/seed_101/bandpass_n20001_cRA_LA_V1_V6_electrode_s0.npz,75850,a72ff5aec0df7240f32596e4e34939e9e70ec70ed85f538d2dc6caac2af8a122
resnet,electrode,101,bandpass_n20001_cRA_LA_V1_V6_covariance_s20,phase2/results/predictions/full/electrode/resnet/seed_101/bandpass_n20001_cRA_LA_V1_V6_covariance_s20.npz,76492,9644245ef85af528dae1bba17b294f2d2f43dfda3efc76223d2836eb787c5701
resnet,electrode,101,bandpass_n20001_cRA_LA_V1_V6_covariance_s15,phase2/results/predictions/full/electrode/resnet/seed_101/bandpass_n20001_cRA_LA_V1_V6_covariance_s15.npz,76489,f6a5e7350ea4b83cdc927f543a1b5b30adb8a25cd293d32c4e299508351c8e83
resnet,electrode,101,bandpass_n20001_cRA_LA_V1_V6_covariance_s10,phase2/results/predictions/full/electrode/resnet/seed_101/bandpass_n20001_cRA_LA_V1_V6_covariance_s10.npz,76435,a6e6569f710455a9a6efd4b55455cc08528c718bb4a2ef143428500ba36c8804
resnet,electrode,101,bandpass_n20001_cRA_LA_V1_V6_covariance_s5,phase2/results/predictions/full/electrode/resnet/seed_101/bandpass_n20001_cRA_LA_V1_V6_covariance_s5.npz,76239,49a3f473631f05a68c975937ce8387cdcf947d14f4333eed4fd216767cd6c34f
resnet,electrode,101,bandpass_n20001_cRA_LA_V1_V6_covariance_s0,phase2/results/predictions/full/electrode/resnet/seed_101/bandpass_n20001_cRA_LA_V1_V6_covariance_s0.npz,75825,4487f0bfc0dfc4555ece8ff57626393a229d3057314b2a177b6bd7974927e6f7
resnet,electrode,101,bandpass_n20001_cRA_V2_V5_independent_rms_s20,phase2/results/predictions/full/electrode/resnet/seed_101/bandpass_n20001_cRA_V2_V5_independent_rms_s20.npz,76503,a1615b9508bb214632e1f53d7e9fb5d32c6575c8ae4b34685cfaaae4b6a89b2a
resnet,electrode,101,bandpass_n20001_cRA_V2_V5_independent_rms_s15,phase2/results/predictions/full/electrode/resnet/seed_101/bandpass_n20001_cRA_V2_V5_independent_rms_s15.npz,76502,57d7a8cdfaaa36154a8dded532b8872ff40e5f1ae9ed2706f1631367df7e4211
resnet,electrode,101,bandpass_n20001_cRA_V2_V5_independent_rms_s10,phase2/results/predictions/full/electrode/resnet/seed_101/bandpass_n20001_cRA_V2_V5_independent_rms_s10.npz,76492,d634a5f9bcada0059a2a97c138f7a039c9e022b5d530ad1964e9d885d6f1622f
resnet,electrode,101,bandpass_n20001_cRA_V2_V5_independent_rms_s5,phase2/results/predictions/full/electrode/resnet/seed_101/bandpass_n20001_cRA_V2_V5_independent_rms_s5.npz,76326,18689730eacfbba95a0cb71f8ad485c28bbc26ae724bab652f7b7a02785ccab3
resnet,electrode,101,bandpass_n20001_cRA_V2_V5_independent_rms_s0,phase2/results/predictions/full/electrode/resnet/seed_101/bandpass_n20001_cRA_V2_V5_independent_rms_s0.npz,76001,0a76987eeed83e16c107766ca864a6b3d9830531621bc0858605b008890cc1a3
resnet,electrode,101,bandpass_n20001_cRA_V2_V5_electrode_s20,phase2/results/predictions/full/electrode/resnet/seed_101/bandpass_n20001_cRA_V2_V5_electrode_s20.npz,76536,438cf7cae6e425f0ab618a32086b97ed55c4d47bdbe9319cd6104a6034aa9d2c
resnet,electrode,101,bandpass_n20001_cRA_V2_V5_electrode_s15,phase2/results/predictions/full/electrode/resnet/seed_101/bandpass_n20001_cRA_V2_V5_electrode_s15.npz,76481,74b87365de63b1cee717a1abcc88e79f6645ddf4958f4472160bbc66c5638132
resnet,electrode,101,bandpass_n20001_cRA_V2_V5_electrode_s10,phase2/results/predictions/full/electrode/resnet/seed_101/bandpass_n20001_cRA_V2_V5_electrode_s10.npz,76441,9d4b8ec3f00264e337095cf9bfa8b41a485a53926ff98c3a5afda842b4e8e7c2
resnet,electrode,101,bandpass_n20001_cRA_V2_V5_electrode_s5,phase2/results/predictions/full/electrode/resnet/seed_101/bandpass_n20001_cRA_V2_V5_electrode_s5.npz,76258,daee21c23e1ee711d92ca26ffb6aac7bcbc014ed35d87d1cda81132e2c09dd1e
resnet,electrode,101,bandpass_n20001_cRA_V2_V5_electrode_s0,phase2/results/predictions/full/electrode/resnet/seed_101/bandpass_n20001_cRA_V2_V5_electrode_s0.npz,75911,e9ce872660b1472e9f883ee6d9fe18eb53191c56901bbb73861e6afa89512c4d
resnet,electrode,101,bandpass_n20001_cRA_V2_V5_covariance_s20,phase2/results/predictions/full/electrode/resnet/seed_101/bandpass_n20001_cRA_V2_V5_covariance_s20.npz,76452,b31920ded4edfe4867214d28d54c830dbaa237569523464f2443fe34fbe8e97a
resnet,electrode,101,bandpass_n20001_cRA_V2_V5_covariance_s15,phase2/results/predictions/full/electrode/resnet/seed_101/bandpass_n20001_cRA_V2_V5_covariance_s15.npz,76512,8d1349aef6bcc671c71994c6584cce44b2b9941a1facadd1532fd0f89c033f76
resnet,electrode,101,bandpass_n20001_cRA_V2_V5_covariance_s10,phase2/results/predictions/full/electrode/resnet/seed_101/bandpass_n20001_cRA_V2_V5_covariance_s10.npz,76433,fbffbc42ced09b05651e6e7d9e8748ce254b5bda4c45776ac031352f4e2562ee
resnet,electrode,101,bandpass_n20001_cRA_V2_V5_covariance_s5,phase2/results/predictions/full/electrode/resnet/seed_101/bandpass_n20001_cRA_V2_V5_covariance_s5.npz,76219,b4f231fc9a9e8fdc702e8ed5fd47c1d3ec10dbfc95ccf4ddfd8dd415fea6156e
resnet,electrode,101,bandpass_n20001_cRA_V2_V5_covariance_s0,phase2/results/predictions/full/electrode/resnet/seed_101/bandpass_n20001_cRA_V2_V5_covariance_s0.npz,75901,e07389b1e62cfcc79486b44b2bf509160c799b7ec7b8a4d045d0a83f29078aec
resnet,electrode,101,bandpass_n20001_cLA_V3_V6_independent_rms_s20,phase2/results/predictions/full/electrode/resnet/seed_101/bandpass_n20001_cLA_V3_V6_independent_rms_s20.npz,76553,577ea07bbfc38d1cb21fa9684cda9ecf01c38b3abca49b4dd3af65e347105e24
resnet,electrode,101,bandpass_n20001_cLA_V3_V6_independent_rms_s15,phase2/results/predictions/full/electrode/resnet/seed_101/bandpass_n20001_cLA_V3_V6_independent_rms_s15.npz,76518,f5183a700ae29cf724401fc63517d28baadad0d9ed1382df466a1bc1dce9b6e6
resnet,electrode,101,bandpass_n20001_cLA_V3_V6_independent_rms_s10,phase2/results/predictions/full/electrode/resnet/seed_101/bandpass_n20001_cLA_V3_V6_independent_rms_s10.npz,76450,2d5fd1c454c5ffcc22a099cd4b6b620003c8fd8e1c62bef05c0a595cc47a9198
resnet,electrode,101,bandpass_n20001_cLA_V3_V6_independent_rms_s5,phase2/results/predictions/full/electrode/resnet/seed_101/bandpass_n20001_cLA_V3_V6_independent_rms_s5.npz,76361,a820090c4aa9b6c6ccbf33a7ee2c9c20e46ebe624aaacdf5f889a4e254571055
resnet,electrode,101,bandpass_n20001_cLA_V3_V6_independent_rms_s0,phase2/results/predictions/full/electrode/resnet/seed_101/bandpass_n20001_cLA_V3_V6_independent_rms_s0.npz,75991,03be7547237fdbe360adf5a8d7f62280596a28c63d65e73fc8d45b50e703799b
resnet,electrode,101,bandpass_n20001_cLA_V3_V6_electrode_s20,phase2/results/predictions/full/electrode/resnet/seed_101/bandpass_n20001_cLA_V3_V6_electrode_s20.npz,76500,8852f314b807c69a9f5a5b82f58b3b62d99417f4cdff99a5a8dccbe240ee233e
resnet,electrode,101,bandpass_n20001_cLA_V3_V6_electrode_s15,phase2/results/predictions/full/electrode/resnet/seed_101/bandpass_n20001_cLA_V3_V6_electrode_s15.npz,76481,0045487461efc5ffe50a3f2dc53a8bdd520e217790d4f85abf864d2098ca51f4
resnet,electrode,101,bandpass_n20001_cLA_V3_V6_electrode_s10,phase2/results/predictions/full/electrode/resnet/seed_101/bandpass_n20001_cLA_V3_V6_electrode_s10.npz,76434,b7998f9d9b4075f5952e7da1281af69293b7da22d48efbe3a42ac30b5dcd14ee
resnet,electrode,101,bandpass_n20001_cLA_V3_V6_electrode_s5,phase2/results/predictions/full/electrode/resnet/seed_101/bandpass_n20001_cLA_V3_V6_electrode_s5.npz,76272,2342876769c859deb6acbc4f96f12496ed661aa8a61bf0ea5caf6e353d0f544c
resnet,electrode,101,bandpass_n20001_cLA_V3_V6_electrode_s0,phase2/results/predictions/full/electrode/resnet/seed_101/bandpass_n20001_cLA_V3_V6_electrode_s0.npz,75844,06f191bcab9bcfbba768563c2dce7c51db4398205bc15aeb95bb1a3e898458d2
resnet,electrode,101,bandpass_n20001_cLA_V3_V6_covariance_s20,phase2/results/predictions/full/electrode/resnet/seed_101/bandpass_n20001_cLA_V3_V6_covariance_s20.npz,76470,449d21434d0e3530e15b0c5391604849989aa1eec02feefdc21d6c3d455df2dd
resnet,electrode,101,bandpass_n20001_cLA_V3_V6_covariance_s15,phase2/results/predictions/full/electrode/resnet/seed_101/bandpass_n20001_cLA_V3_V6_covariance_s15.npz,76513,7c6d054fb6132bc467e5ded079ff2d51cef4691fe49b7241d7029ef05a85215d
resnet,electrode,101,bandpass_n20001_cLA_V3_V6_covariance_s10,phase2/results/predictions/full/electrode/resnet/seed_101/bandpass_n20001_cLA_V3_V6_covariance_s10.npz,76446,382e25ec5918cde2493f95da322d041351a1ebd7aa93a743f154d19145e72379
resnet,electrode,101,bandpass_n20001_cLA_V3_V6_covariance_s5,phase2/results/predictions/full/electrode/resnet/seed_101/bandpass_n20001_cLA_V3_V6_covariance_s5.npz,76304,7c6663c288fbf7edc8044d30b7f11a43b708eb33b309db564f9a82a651e2f770
resnet,electrode,101,bandpass_n20001_cLA_V3_V6_covariance_s0,phase2/results/predictions/full/electrode/resnet/seed_101/bandpass_n20001_cLA_V3_V6_covariance_s0.npz,75876,0699a747bfda5056c8b4c27def0db48f88140eef18745822c422d63a3adf218e
resnet,electrode,101,bandpass_n20001_cLL_V1_V4_independent_rms_s20,phase2/results/predictions/full/electrode/resnet/seed_101/bandpass_n20001_cLL_V1_V4_independent_rms_s20.npz,76493,76dc27464f49fc31eb83974432ef275992570d841dec8bf03a2c1bf13a53fbb5
resnet,electrode,101,bandpass_n20001_cLL_V1_V4_independent_rms_s15,phase2/results/predictions/full/electrode/resnet/seed_101/bandpass_n20001_cLL_V1_V4_independent_rms_s15.npz,76501,5e34c37af5300593c94c913a1e3f1308c14f1114ac743fabac9f23d30cc23c71
resnet,electrode,101,bandpass_n20001_cLL_V1_V4_independent_rms_s10,phase2/results/predictions/full/electrode/resnet/seed_101/bandpass_n20001_cLL_V1_V4_independent_rms_s10.npz,76456,0e1a54f85920e2bc18659bd478786ebcab0f5f304316838fa9c90ff7afd6781a
resnet,electrode,101,bandpass_n20001_cLL_V1_V4_independent_rms_s5,phase2/results/predictions/full/electrode/resnet/seed_101/bandpass_n20001_cLL_V1_V4_independent_rms_s5.npz,76249,08c41d3eb703cb69b0180d27245d8b3ca40d1fbcd06e75de9ff27c89eaa9bd56
resnet,electrode,101,bandpass_n20001_cLL_V1_V4_independent_rms_s0,phase2/results/predictions/full/electrode/resnet/seed_101/bandpass_n20001_cLL_V1_V4_independent_rms_s0.npz,75832,5a9795542c2890297447ff22288e72c2905e298af688c22baaf80f1fbd965071
resnet,electrode,101,bandpass_n20001_cLL_V1_V4_electrode_s20,phase2/results/predictions/full/electrode/resnet/seed_101/bandpass_n20001_cLL_V1_V4_electrode_s20.npz,76472,df703e83f4bfd7513b4d081a516b4089af0f64d33acff75eaf0b71ca699ee473
resnet,electrode,101,bandpass_n20001_cLL_V1_V4_electrode_s15,phase2/results/predictions/full/electrode/resnet/seed_101/bandpass_n20001_cLL_V1_V4_electrode_s15.npz,76472,2c940d88ee8ac742ad72e12f8dd00d2de96c76b1a8b046d508762fd2a230832f
resnet,electrode,101,bandpass_n20001_cLL_V1_V4_electrode_s10,phase2/results/predictions/full/electrode/resnet/seed_101/bandpass_n20001_cLL_V1_V4_electrode_s10.npz,76387,a9e62c31ab5c8eb5d33671d4dd59639bdfc321c35be12a6a2d5fe424d007cce7
resnet,electrode,101,bandpass_n20001_cLL_V1_V4_electrode_s5,phase2/results/predictions/full/electrode/resnet/seed_101/bandpass_n20001_cLL_V1_V4_electrode_s5.npz,76125,d546de46cbbd34eb62113dd9146220498a4736b08a0e7488e6f6b8d6f8b15cf9
resnet,electrode,101,bandpass_n20001_cLL_V1_V4_electrode_s0,phase2/results/predictions/full/electrode/resnet/seed_101/bandpass_n20001_cLL_V1_V4_electrode_s0.npz,75462,6363ce504c6cc7802178c1c5b8b3975fdfa841ad8c9e0694f058e80ee4310eb5
resnet,electrode,101,bandpass_n20001_cLL_V1_V4_covariance_s20,phase2/results/predictions/full/electrode/resnet/seed_101/bandpass_n20001_cLL_V1_V4_covariance_s20.npz,76506,56d24f9fc767a3186aadd3fb6afbb0b4c505a38f24dc35fb545271b94c0aa68b
resnet,electrode,101,bandpass_n20001_cLL_V1_V4_covariance_s15,phase2/results/predictions/full/electrode/resnet/seed_101/bandpass_n20001_cLL_V1_V4_covariance_s15.npz,76472,676e72e53d925e6ee36e91dd3f6deb78849db4a38d19db6413c2165c13a60623
resnet,electrode,101,bandpass_n20001_cLL_V1_V4_covariance_s10,phase2/results/predictions/full/electrode/resnet/seed_101/bandpass_n20001_cLL_V1_V4_covariance_s10.npz,76397,e92b99b062aed97ee598fbd75e9d372ee73e71b31e031227601a5afe75ca0dd0
resnet,electrode,101,bandpass_n20001_cLL_V1_V4_covariance_s5,phase2/results/predictions/full/electrode/resnet/seed_101/bandpass_n20001_cLL_V1_V4_covariance_s5.npz,76169,cd7853fd0bb05769a825b249e97a2c314441924364fc73db171ea677b16d33ba
resnet,electrode,101,bandpass_n20001_cLL_V1_V4_covariance_s0,phase2/results/predictions/full/electrode/resnet/seed_101/bandpass_n20001_cLL_V1_V4_covariance_s0.npz,75476,e36d37f8804a52e347ec4f1a381140a50f8b7d33a372f660111d50bcb745b4d2
resnet,electrode,101,bandpass_n20001_call_independent_rms_s20,phase2/results/predictions/full/electrode/resnet/seed_101/bandpass_n20001_call_independent_rms_s20.npz,76474,f08a07bc66b1017f5da80b5451c33d88580d0a8df1adc145d3b05ea0bef5867b
resnet,electrode,101,bandpass_n20001_call_independent_rms_s15,phase2/results/predictions/full/electrode/resnet/seed_101/bandpass_n20001_call_independent_rms_s15.npz,76498,9bfceb87b44b560058d25198f73afec6491301f6051d2e8a4a6cba3b53d8f4f6
resnet,electrode,101,bandpass_n20001_call_independent_rms_s10,phase2/results/predictions/full/electrode/resnet/seed_101/bandpass_n20001_call_independent_rms_s10.npz,76451,6eb6ce437237f40bf356f980f58b432aad4e11dfaf1fecc88c919ad9c59c0fb4
resnet,electrode,101,bandpass_n20001_call_independent_rms_s5,phase2/results/predictions/full/electrode/resnet/seed_101/bandpass_n20001_call_independent_rms_s5.npz,76263,8a7eec871300403bba3a07bdbe81ae286bf1ddb05f93f5314404c9b5e8aa9cc6
resnet,electrode,101,bandpass_n20001_call_independent_rms_s0,phase2/results/predictions/full/electrode/resnet/seed_101/bandpass_n20001_call_independent_rms_s0.npz,75888,63c76fe51b087699e8b39b2649954841d7955576ff4150d1e11ffc8c7eeb2ab7
resnet,electrode,101,bandpass_n20001_call_electrode_s20,phase2/results/predictions/full/electrode/resnet/seed_101/bandpass_n20001_call_electrode_s20.npz,76443,ba8574254d610e0adb3f9f6e5596de43d76f07f32b068c78ac301a700b5947eb
resnet,electrode,101,bandpass_n20001_call_electrode_s15,phase2/results/predictions/full/electrode/resnet/seed_101/bandpass_n20001_call_electrode_s15.npz,76450,a0a1878b40e8eca15d426b2a19c06bec5078d71c94eac29a03c4d434c43a40d4
resnet,electrode,101,bandpass_n20001_call_electrode_s10,phase2/results/predictions/full/electrode/resnet/seed_101/bandpass_n20001_call_electrode_s10.npz,76403,98795a1a09a8a23dae90ed9c459481804ea8e752e6f13a59031a6f2f087ba34b
resnet,electrode,101,bandpass_n20001_call_electrode_s5,phase2/results/predictions/full/electrode/resnet/seed_101/bandpass_n20001_call_electrode_s5.npz,76179,a83a26982565fd3946af5462724fac9004d8a2dc2d71a8b3590ed4e9197628df
resnet,electrode,101,bandpass_n20001_call_electrode_s0,phase2/results/predictions/full/electrode/resnet/seed_101/bandpass_n20001_call_electrode_s0.npz,75658,987d985ac2f00a98ce84a8d9ee7072ab5fada128851029066a4c5559d784bf48
resnet,electrode,101,bandpass_n20001_call_covariance_s20,phase2/results/predictions/full/electrode/resnet/seed_101/bandpass_n20001_call_covariance_s20.npz,76453,60802ea69326f88b3710c5f12b67a07a8adba1b14a37aa8f42b48785a286544c
resnet,electrode,101,bandpass_n20001_call_covariance_s15,phase2/results/predictions/full/electrode/resnet/seed_101/bandpass_n20001_call_covariance_s15.npz,76482,b45106d696e7ca4eeda6e07761fdb99eb279d66e90c68638a0af1b828cc66d91
resnet,electrode,101,bandpass_n20001_call_covariance_s10,phase2/results/predictions/full/electrode/resnet/seed_101/bandpass_n20001_call_covariance_s10.npz,76385,b0ad80476307e95d1ecd7a4a5bda77e75b453e0f9a14cf20e007e44072552d20
resnet,electrode,101,bandpass_n20001_call_covariance_s5,phase2/results/predictions/full/electrode/resnet/seed_101/bandpass_n20001_call_covariance_s5.npz,76181,34d863ade7d852542aaa767f32ce1fa4e31316aa4842ad64e15a6af53b3bf5cb
resnet,electrode,101,bandpass_n20001_call_covariance_s0,phase2/results/predictions/full/electrode/resnet/seed_101/bandpass_n20001_call_covariance_s0.npz,75675,150269acbf95f6dc197354ec48f0e8be3be1914901c16de2ca829f986196f332
resnet,electrode,101,bandpass_n20002_cRA_LA_LL_independent_rms_s20,phase2/results/predictions/full/electrode/resnet/seed_101/bandpass_n20002_cRA_LA_LL_independent_rms_s20.npz,76480,990cbc05372ded3112e80162fa1f37e01c3986dfc74e8c4aba6f912d001dc5c7
resnet,electrode,101,bandpass_n20002_cRA_LA_LL_independent_rms_s15,phase2/results/predictions/full/electrode/resnet/seed_101/bandpass_n20002_cRA_LA_LL_independent_rms_s15.npz,76469,de24a1870b42616115a8bc6f500559c4a8588ca3a9fd960d520ddbb74842ff36
resnet,electrode,101,bandpass_n20002_cRA_LA_LL_independent_rms_s10,phase2/results/predictions/full/electrode/resnet/seed_101/bandpass_n20002_cRA_LA_LL_independent_rms_s10.npz,76454,bfb12b9e31bb9f36dbb50dfe93ec36388f56fcd1aa18c3a9da83c9f7d02a1baf
resnet,electrode,101,bandpass_n20002_cRA_LA_LL_independent_rms_s5,phase2/results/predictions/full/electrode/resnet/seed_101/bandpass_n20002_cRA_LA_LL_independent_rms_s5.npz,76297,a53b8ef4ff85baf7c0b7ddb27175d3035f48bc159a336a99f50da490bfcdb6d0
resnet,electrode,101,bandpass_n20002_cRA_LA_LL_independent_rms_s0,phase2/results/predictions/full/electrode/resnet/seed_101/bandpass_n20002_cRA_LA_LL_independent_rms_s0.npz,75907,b4637b780c98df17ff4b9289f968524095cb8776e08119e92a54e2a0816ddd86
resnet,electrode,101,bandpass_n20002_cRA_LA_LL_electrode_s20,phase2/results/predictions/full/electrode/resnet/seed_101/bandpass_n20002_cRA_LA_LL_electrode_s20.npz,76480,2e751f768cad494be1d53ecec1de10730b7fc4d4b7480dcfa00dce74e415daa7
resnet,electrode,101,bandpass_n20002_cRA_LA_LL_electrode_s15,phase2/results/predictions/full/electrode/resnet/seed_101/bandpass_n20002_cRA_LA_LL_electrode_s15.npz,76467,cd9b3583c38bb3ec22d432c659da65868b370fb5fcdaba1f939e807591ac8b4e
resnet,electrode,101,bandpass_n20002_cRA_LA_LL_electrode_s10,phase2/results/predictions/full/electrode/resnet/seed_101/bandpass_n20002_cRA_LA_LL_electrode_s10.npz,76405,98fe070c23bbbccef715237d6340c287c01b85c075dcd049b6043e426557fadc
resnet,electrode,101,bandpass_n20002_cRA_LA_LL_electrode_s5,phase2/results/predictions/full/electrode/resnet/seed_101/bandpass_n20002_cRA_LA_LL_electrode_s5.npz,76148,a27e26a3279033d4ed7eeab7a3346428078a130eddeb081d066f1ae0ea4f275a
resnet,electrode,101,bandpass_n20002_cRA_LA_LL_electrode_s0,phase2/results/predictions/full/electrode/resnet/seed_101/bandpass_n20002_cRA_LA_LL_electrode_s0.npz,75669,291e7e271fa683a27592970886b39ef64a0476850c1c65cb951bba528cf6d439
resnet,electrode,101,bandpass_n20002_cRA_LA_LL_covariance_s20,phase2/results/predictions/full/electrode/resnet/seed_101/bandpass_n20002_cRA_LA_LL_covariance_s20.npz,76485,8dbfe892b526663c9cbbc6ca783c0d72b88eb823bc8aec337bb391a4b8c92907
resnet,electrode,101,bandpass_n20002_cRA_LA_LL_covariance_s15,phase2/results/predictions/full/electrode/resnet/seed_101/bandpass_n20002_cRA_LA_LL_covariance_s15.npz,76465,1a3e52f45888d97f5269d1604a052120bfa930b47aa01917498607e5ce068c7c
resnet,electrode,101,bandpass_n20002_cRA_LA_LL_covariance_s10,phase2/results/predictions/full/electrode/resnet/seed_101/bandpass_n20002_cRA_LA_LL_covariance_s10.npz,76381,2eb561d020e7a4d3886e4c002f711d1df6b53593421c7265fde75001a378f83f
resnet,electrode,101,bandpass_n20002_cRA_LA_LL_covariance_s5,phase2/results/predictions/full/electrode/resnet/seed_101/bandpass_n20002_cRA_LA_LL_covariance_s5.npz,76153,28a526261ee52d9db3eeb302d8b9f20d82cb367c387f8971131626395dea74a5
resnet,electrode,101,bandpass_n20002_cRA_LA_LL_covariance_s0,phase2/results/predictions/full/electrode/resnet/seed_101/bandpass_n20002_cRA_LA_LL_covariance_s0.npz,75643,207c0576d4c107323c22e445a35fab53ca07bf23c8aa5b0120842e457c7c1f10
resnet,electrode,101,bandpass_n20002_cV1_independent_rms_s20,phase2/results/predictions/full/electrode/resnet/seed_101/bandpass_n20002_cV1_independent_rms_s20.npz,76473,5fd7944d2bb78c4adae3de8846d887854e4faabdf84559bae65722213792acc5
resnet,electrode,101,bandpass_n20002_cV1_independent_rms_s15,phase2/results/predictions/full/electrode/resnet/seed_101/bandpass_n20002_cV1_independent_rms_s15.npz,76465,b503fb8f2072a4502b8fb64080f732dac5433b1c08c0f816cf3fea816b1844c7
resnet,electrode,101,bandpass_n20002_cV1_independent_rms_s10,phase2/results/predictions/full/electrode/resnet/seed_101/bandpass_n20002_cV1_independent_rms_s10.npz,76385,1989ab3b50e200e303cb8421786624ddf5c807a851de5cadf2e6bf6d5b9f4d96
resnet,electrode,101,bandpass_n20002_cV1_independent_rms_s5,phase2/results/predictions/full/electrode/resnet/seed_101/bandpass_n20002_cV1_independent_rms_s5.npz,76149,cc9e9467699e3ea1cb34270059f41b04caff6ce9edb7055b69eb8ac6db82b777
resnet,electrode,101,bandpass_n20002_cV1_independent_rms_s0,phase2/results/predictions/full/electrode/resnet/seed_101/bandpass_n20002_cV1_independent_rms_s0.npz,75461,3ba17c858ec7921908738934e53c046db6a0db13f26c9b1a3b138c42f43c83cf
resnet,electrode,101,bandpass_n20002_cV1_electrode_s20,phase2/results/predictions/full/electrode/resnet/seed_101/bandpass_n20002_cV1_electrode_s20.npz,76443,0bdef634ec20879f3e7240551f4596f6ae65c6794529e3ad616967a6f1cc1d6a
resnet,electrode,101,bandpass_n20002_cV1_electrode_s15,phase2/results/predictions/full/electrode/resnet/seed_101/bandpass_n20002_cV1_electrode_s15.npz,76398,ed415a9c5f5d5309e607d79c7744cdf8991d1c27c1af86533472c2f8a90d6394
resnet,electrode,101,bandpass_n20002_cV1_electrode_s10,phase2/results/predictions/full/electrode/resnet/seed_101/bandpass_n20002_cV1_electrode_s10.npz,76361,f6b44cd57535046811f2b2b0867ff25fac9fb2a18e377243d6a96cc3cab7e3c8
resnet,electrode,101,bandpass_n20002_cV1_electrode_s5,phase2/results/predictions/full/electrode/resnet/seed_101/bandpass_n20002_cV1_electrode_s5.npz,76125,4fe2dc47340e95cf4adf2c81d0963a4a51e2c28459091291c058f7a2cd65c3c1
resnet,electrode,101,bandpass_n20002_cV1_electrode_s0,phase2/results/predictions/full/electrode/resnet/seed_101/bandpass_n20002_cV1_electrode_s0.npz,75490,b87673c09e7226427c6f84e2e27eeaad2e657ffb73fc07a1cacf4778d92e4082
resnet,electrode,101,bandpass_n20002_cV1_covariance_s20,phase2/results/predictions/full/electrode/resnet/seed_101/bandpass_n20002_cV1_covariance_s20.npz,76469,5a6953612e770d6a81b36775eea05f692703031a4d0e876afef70cd8b69a2b7e
resnet,electrode,101,bandpass_n20002_cV1_covariance_s15,phase2/results/predictions/full/electrode/resnet/seed_101/bandpass_n20002_cV1_covariance_s15.npz,76416,7168aeb808d1432f489ea10ac54c29e6c84c552c6620b97870ff55d5bf28acd7
resnet,electrode,101,bandpass_n20002_cV1_covariance_s10,phase2/results/predictions/full/electrode/resnet/seed_101/bandpass_n20002_cV1_covariance_s10.npz,76372,e397dcf4249edaca8f84b93fb67eb2ad87f6c1919e9b8fc17015f9afb514dc50
resnet,electrode,101,bandpass_n20002_cV1_covariance_s5,phase2/results/predictions/full/electrode/resnet/seed_101/bandpass_n20002_cV1_covariance_s5.npz,76122,9a88bd234cac5a9bedaf3d63540caa21f951eb1f68af4fe25cf6a4d1aff85dc1
resnet,electrode,101,bandpass_n20002_cV1_covariance_s0,phase2/results/predictions/full/electrode/resnet/seed_101/bandpass_n20002_cV1_covariance_s0.npz,75461,db80ebc206e73d568ffd3fedca2500afef9d09c2d43b4da91ab9365438016ef7
resnet,electrode,101,bandpass_n20002_cV2_independent_rms_s20,phase2/results/predictions/full/electrode/resnet/seed_101/bandpass_n20002_cV2_independent_rms_s20.npz,76491,3e863512bc6ba552e7a52d791399d04b4b687aa7b00bdd52c8f5cc74deea873d
resnet,electrode,101,bandpass_n20002_cV2_independent_rms_s15,phase2/results/predictions/full/electrode/resnet/seed_101/bandpass_n20002_cV2_independent_rms_s15.npz,76489,4c9004e3b2152afaa1b93adaf0575d393ece2c0d547da316582a32e65fd300f8
resnet,electrode,101,bandpass_n20002_cV2_independent_rms_s10,phase2/results/predictions/full/electrode/resnet/seed_101/bandpass_n20002_cV2_independent_rms_s10.npz,76472,0e1a1a06b83e7c11048af6483083b8d6ba89ebe2b3484cb37d0ba82fd7d9c6e7
resnet,electrode,101,bandpass_n20002_cV2_independent_rms_s5,phase2/results/predictions/full/electrode/resnet/seed_101/bandpass_n20002_cV2_independent_rms_s5.npz,76290,d19edb8d47253a322cde7926080cb743acdd1a9d5cd75af6ad790d8a466fe36a
resnet,electrode,101,bandpass_n20002_cV2_independent_rms_s0,phase2/results/predictions/full/electrode/resnet/seed_101/bandpass_n20002_cV2_independent_rms_s0.npz,75815,c791cbc75e71c1486872f97b2837eac2efdb69be6368e946e8316584f164e159
resnet,electrode,101,bandpass_n20002_cV2_electrode_s20,phase2/results/predictions/full/electrode/resnet/seed_101/bandpass_n20002_cV2_electrode_s20.npz,76480,3cc4570f085c324dd016ff47ba9279ab7fe6566805394983298abb08dd89e9a6
resnet,electrode,101,bandpass_n20002_cV2_electrode_s15,phase2/results/predictions/full/electrode/resnet/seed_101/bandpass_n20002_cV2_electrode_s15.npz,76505,8aea43ee46a27f5e616de3d761cbd61764dc325243d864ae5a130ce0d089874f
resnet,electrode,101,bandpass_n20002_cV2_electrode_s10,phase2/results/predictions/full/electrode/resnet/seed_101/bandpass_n20002_cV2_electrode_s10.npz,76466,17104f115d46ea386f3b3581553db6f13b28970211063e9ce488116a3609d826
resnet,electrode,101,bandpass_n20002_cV2_electrode_s5,phase2/results/predictions/full/electrode/resnet/seed_101/bandpass_n20002_cV2_electrode_s5.npz,76287,09d4c0ba0c8752b261627ecab936b7e2637126e3d7e17f2fc8f1ee55c9d7463d
resnet,electrode,101,bandpass_n20002_cV2_electrode_s0,phase2/results/predictions/full/electrode/resnet/seed_101/bandpass_n20002_cV2_electrode_s0.npz,75795,c1958a257fd01501694391da6cdb5f8ed18543e670f6dd71048a1807d55f2fd7
resnet,electrode,101,bandpass_n20002_cV2_covariance_s20,phase2/results/predictions/full/electrode/resnet/seed_101/bandpass_n20002_cV2_covariance_s20.npz,76459,33cbb3a78ad2235c24b3d71f0d51cb5f22b1126d2e83bf57c666e5ff03ca0d9b
resnet,electrode,101,bandpass_n20002_cV2_covariance_s15,phase2/results/predictions/full/electrode/resnet/seed_101/bandpass_n20002_cV2_covariance_s15.npz,76489,eae694026347d392c52caa9e6f57773e4ca148976b880eecb058ec2a0437bdae
resnet,electrode,101,bandpass_n20002_cV2_covariance_s10,phase2/results/predictions/full/electrode/resnet/seed_101/bandpass_n20002_cV2_covariance_s10.npz,76454,bdcaa3a439bea1bf4d7d22c939012bcca817cd58a304f0c60654ecb26f626c48
resnet,electrode,101,bandpass_n20002_cV2_covariance_s5,phase2/results/predictions/full/electrode/resnet/seed_101/bandpass_n20002_cV2_covariance_s5.npz,76256,c40744f2ca3949804c41c305346935971285b26b32c3e0e2cc9852d46bc382f6
resnet,electrode,101,bandpass_n20002_cV2_covariance_s0,phase2/results/predictions/full/electrode/resnet/seed_101/bandpass_n20002_cV2_covariance_s0.npz,75812,8212b47ee9ef587506d6094986d061eb95458ec6fbc5db9d7350b65752fe7bc7
resnet,electrode,101,bandpass_n20002_cV3_independent_rms_s20,phase2/results/predictions/full/electrode/resnet/seed_101/bandpass_n20002_cV3_independent_rms_s20.npz,76479,db9166e3383a0bb681ce12fb52cdd216d552bdc7ef30fea86a01590eed51ed18
resnet,electrode,101,bandpass_n20002_cV3_independent_rms_s15,phase2/results/predictions/full/electrode/resnet/seed_101/bandpass_n20002_cV3_independent_rms_s15.npz,76493,72ce537868ac3e57f553c53489483110981c09c8ea89be1f073a2a1b55cf1f98
resnet,electrode,101,bandpass_n20002_cV3_independent_rms_s10,phase2/results/predictions/full/electrode/resnet/seed_101/bandpass_n20002_cV3_independent_rms_s10.npz,76444,f472fd81a9ff1f5608f2d1b145c7c19e06a36e723dfa18961687a634e057e1f6
resnet,electrode,101,bandpass_n20002_cV3_independent_rms_s5,phase2/results/predictions/full/electrode/resnet/seed_101/bandpass_n20002_cV3_independent_rms_s5.npz,76302,a76628e996bb7a87e636dfe4291796ec394e5213661761a9afc397ec59206ced
resnet,electrode,101,bandpass_n20002_cV3_independent_rms_s0,phase2/results/predictions/full/electrode/resnet/seed_101/bandpass_n20002_cV3_independent_rms_s0.npz,75967,55b5192bde57c7e9af78543bc5bd3eb35456d4ed88f73a22325554c1bc984a53
resnet,electrode,101,bandpass_n20002_cV3_electrode_s20,phase2/results/predictions/full/electrode/resnet/seed_101/bandpass_n20002_cV3_electrode_s20.npz,76446,b686695b2c59bb5aa422f4fd6f546c7af2c082983efe4e4ecff420667c86491c
resnet,electrode,101,bandpass_n20002_cV3_electrode_s15,phase2/results/predictions/full/electrode/resnet/seed_101/bandpass_n20002_cV3_electrode_s15.npz,76414,2f597205b1dc77fd517111ff91fa18aedbc1d93a3f3d4529706246f539f2b224
resnet,electrode,101,bandpass_n20002_cV3_electrode_s10,phase2/results/predictions/full/electrode/resnet/seed_101/bandpass_n20002_cV3_electrode_s10.npz,76444,db04d938a13f974898465b50ac47fe5388cb12fec46f81995b1780c8edeb9b20
resnet,electrode,101,bandpass_n20002_cV3_electrode_s5,phase2/results/predictions/full/electrode/resnet/seed_101/bandpass_n20002_cV3_electrode_s5.npz,76321,9ef0f682ed48caa634013a32521992e842c78cf3bf975da2fd79dc3a362d3d77
resnet,electrode,101,bandpass_n20002_cV3_electrode_s0,phase2/results/predictions/full/electrode/resnet/seed_101/bandpass_n20002_cV3_electrode_s0.npz,75972,a1aa0a0a8f089e6f53ea4e68dc14c5e61c56736380d101c367a9c5e730ecde0d
resnet,electrode,101,bandpass_n20002_cV3_covariance_s20,phase2/results/predictions/full/electrode/resnet/seed_101/bandpass_n20002_cV3_covariance_s20.npz,76472,3e0f4de9b37b0b6e5c1a9cc03139929ca295926d7aa603ac1263d3410bdbaca5
resnet,electrode,101,bandpass_n20002_cV3_covariance_s15,phase2/results/predictions/full/electrode/resnet/seed_101/bandpass_n20002_cV3_covariance_s15.npz,76470,21411dc80e857fdc03c0e4c44ad0668db76ca6bcf4f6e43346e6514fde1a5c0b
resnet,electrode,101,bandpass_n20002_cV3_covariance_s10,phase2/results/predictions/full/electrode/resnet/seed_101/bandpass_n20002_cV3_covariance_s10.npz,76443,3f33da8b957ff78111428c1d25bfeab45f44fa54548021cfff2173c3dc6d7b53
resnet,electrode,101,bandpass_n20002_cV3_covariance_s5,phase2/results/predictions/full/electrode/resnet/seed_101/bandpass_n20002_cV3_covariance_s5.npz,76295,13eb48cd7150dd95407ac148027a0ffd8d31db7e095a35de78c646ee27cc3a9b
resnet,electrode,101,bandpass_n20002_cV3_covariance_s0,phase2/results/predictions/full/electrode/resnet/seed_101/bandpass_n20002_cV3_covariance_s0.npz,75984,3f1547958d3051c8206ae5aca6ea2be852afde63beb04381037d2eadcb0853ec
resnet,electrode,101,bandpass_n20002_cV4_independent_rms_s20,phase2/results/predictions/full/electrode/resnet/seed_101/bandpass_n20002_cV4_independent_rms_s20.npz,76466,c1bbebe3bff8a9c34134190ab83c9af1d0daa53920df0b5ee309404c8f2fc024
resnet,electrode,101,bandpass_n20002_cV4_independent_rms_s15,phase2/results/predictions/full/electrode/resnet/seed_101/bandpass_n20002_cV4_independent_rms_s15.npz,76463,2b11e75159cd966e06c6e2886cf04525729564f9c4ec7640975973c3d27ae8e2
resnet,electrode,101,bandpass_n20002_cV4_independent_rms_s10,phase2/results/predictions/full/electrode/resnet/seed_101/bandpass_n20002_cV4_independent_rms_s10.npz,76468,dc7547dbe4c6b43c26ffe59835d95d756a36b88dd5dd928840961d2e55d91874
resnet,electrode,101,bandpass_n20002_cV4_independent_rms_s5,phase2/results/predictions/full/electrode/resnet/seed_101/bandpass_n20002_cV4_independent_rms_s5.npz,76367,0226ef1c936099bd0c8c273d20199ca5cfc0eb6c509c140158690865b541881e
resnet,electrode,101,bandpass_n20002_cV4_independent_rms_s0,phase2/results/predictions/full/electrode/resnet/seed_101/bandpass_n20002_cV4_independent_rms_s0.npz,76060,4c5f232859dd6fefaa4a8c2af192a7ce453b9e1492a4a7a17b755b662595bb3f
resnet,electrode,101,bandpass_n20002_cV4_electrode_s20,phase2/results/predictions/full/electrode/resnet/seed_101/bandpass_n20002_cV4_electrode_s20.npz,76479,0e825c964d29d13e87690b84d30c107a735df01e742643a49cfb4a43f79b027c
resnet,electrode,101,bandpass_n20002_cV4_electrode_s15,phase2/results/predictions/full/electrode/resnet/seed_101/bandpass_n20002_cV4_electrode_s15.npz,76469,4f0eee810d039c3072479b193c0135783bbd9d04aad44fe05573f002d3ba3de9
resnet,electrode,101,bandpass_n20002_cV4_electrode_s10,phase2/results/predictions/full/electrode/resnet/seed_101/bandpass_n20002_cV4_electrode_s10.npz,76439,a6a918d105e69edc8f342c4e16aaaa2b75e94523ecfd9c4f538fc60c44f264c7
resnet,electrode,101,bandpass_n20002_cV4_electrode_s5,phase2/results/predictions/full/electrode/resnet/seed_101/bandpass_n20002_cV4_electrode_s5.npz,76371,db946009b9286b2285da761282cad843656e955951434e54590ae8694e97feeb
resnet,electrode,101,bandpass_n20002_cV4_electrode_s0,phase2/results/predictions/full/electrode/resnet/seed_101/bandpass_n20002_cV4_electrode_s0.npz,76081,0d0ec056a9677a89b0fba1d45a4a96f8902773e39b54889deadaa3d10e3e2504
resnet,electrode,101,bandpass_n20002_cV4_covariance_s20,phase2/results/predictions/full/electrode/resnet/seed_101/bandpass_n20002_cV4_covariance_s20.npz,76450,82887abbcc838632ddb4819d2e6431758a74f8d3a85ae91994f8b76d67ad046f
resnet,electrode,101,bandpass_n20002_cV4_covariance_s15,phase2/results/predictions/full/electrode/resnet/seed_101/bandpass_n20002_cV4_covariance_s15.npz,76470,33e2dc8f1a9aa698c4f210bee6fe85dda3efc15e1bc64b5711a89a765eae4e34
resnet,electrode,101,bandpass_n20002_cV4_covariance_s10,phase2/results/predictions/full/electrode/resnet/seed_101/bandpass_n20002_cV4_covariance_s10.npz,76445,c2563d89692a9e41810ccdec0b6348587dbd059056973e59196ffb6bba1906b9
resnet,electrode,101,bandpass_n20002_cV4_covariance_s5,phase2/results/predictions/full/electrode/resnet/seed_101/bandpass_n20002_cV4_covariance_s5.npz,76353,cb451e57d7082e0eb371aca84944d099d6ec90587a6e76b627b28cf8a91b704b
resnet,electrode,101,bandpass_n20002_cV4_covariance_s0,phase2/results/predictions/full/electrode/resnet/seed_101/bandpass_n20002_cV4_covariance_s0.npz,76034,37d5b10dfa69ce1697d59fe1688eec949c78c077d35df585b1c924f644acad6d
resnet,electrode,101,bandpass_n20002_cV5_independent_rms_s20,phase2/results/predictions/full/electrode/resnet/seed_101/bandpass_n20002_cV5_independent_rms_s20.npz,76485,2374835af808e3cd8a57b68a3688074ad8cef1aedd3aa242c1481ad1508869a6
resnet,electrode,101,bandpass_n20002_cV5_independent_rms_s15,phase2/results/predictions/full/electrode/resnet/seed_101/bandpass_n20002_cV5_independent_rms_s15.npz,76495,cffc77311ce88ff2413379a5de3d6b31472fd2d776221245ccfde178648f5620
resnet,electrode,101,bandpass_n20002_cV5_independent_rms_s10,phase2/results/predictions/full/electrode/resnet/seed_101/bandpass_n20002_cV5_independent_rms_s10.npz,76487,514a9b453b3846e9e06f577c2c9a392bbc3f8aa7744cc69e543843f39e633e16
resnet,electrode,101,bandpass_n20002_cV5_independent_rms_s5,phase2/results/predictions/full/electrode/resnet/seed_101/bandpass_n20002_cV5_independent_rms_s5.npz,76267,9a8ea742aedb74a5d799e98aef4c89a74eab4e3b7d7e9fd0e0cf41719c43a8ec
resnet,electrode,101,bandpass_n20002_cV5_independent_rms_s0,phase2/results/predictions/full/electrode/resnet/seed_101/bandpass_n20002_cV5_independent_rms_s0.npz,75769,dc96f7a96d3aa8027b0176795b7999cfd3a49417768f9d2545b9b7ff4ccd7a99
resnet,electrode,101,bandpass_n20002_cV5_electrode_s20,phase2/results/predictions/full/electrode/resnet/seed_101/bandpass_n20002_cV5_electrode_s20.npz,76449,ad01da9d77c44d41765c7c7720d1d1c69b3d9aa7ba75285f379b0041216afd33
resnet,electrode,101,bandpass_n20002_cV5_electrode_s15,phase2/results/predictions/full/electrode/resnet/seed_101/bandpass_n20002_cV5_electrode_s15.npz,76471,d88267597454459b3f3158d8f84f5462531beab922ae55e575993d167d56c98d
resnet,electrode,101,bandpass_n20002_cV5_electrode_s10,phase2/results/predictions/full/electrode/resnet/seed_101/bandpass_n20002_cV5_electrode_s10.npz,76453,6213e87f6363735ef70790bf8d3d7aaea337c67ceda87091ed1e9566e58c9002
resnet,electrode,101,bandpass_n20002_cV5_electrode_s5,phase2/results/predictions/full/electrode/resnet/seed_101/bandpass_n20002_cV5_electrode_s5.npz,76295,07fbcde39021ef9d8616f2f60ce50e0a611afc3df4af4ce8689772011f44024c
resnet,electrode,101,bandpass_n20002_cV5_electrode_s0,phase2/results/predictions/full/electrode/resnet/seed_101/bandpass_n20002_cV5_electrode_s0.npz,75751,5368ef96adf7b59ae2db25e21b306a4a1579a71b8bdb0f2231944d80c696f13e
resnet,electrode,101,bandpass_n20002_cV5_covariance_s20,phase2/results/predictions/full/electrode/resnet/seed_101/bandpass_n20002_cV5_covariance_s20.npz,76454,23726edf290f0999ba664e224ba277d5c5320df92d5ff33958d9227912883cae
resnet,electrode,101,bandpass_n20002_cV5_covariance_s15,phase2/results/predictions/full/electrode/resnet/seed_101/bandpass_n20002_cV5_covariance_s15.npz,76478,14a02e003fdfaea2affc86cf36bb36c3017194d0d32a5778c460be0aa40b8804
resnet,electrode,101,bandpass_n20002_cV5_covariance_s10,phase2/results/predictions/full/electrode/resnet/seed_101/bandpass_n20002_cV5_covariance_s10.npz,76482,55a5f156339a0629028d11d8011a2f3111ee149d120a15476f21a5e4e74ca3d7
resnet,electrode,101,bandpass_n20002_cV5_covariance_s5,phase2/results/predictions/full/electrode/resnet/seed_101/bandpass_n20002_cV5_covariance_s5.npz,76278,7ce825faee8246353b1b5e5c89002d22fb13e9209351a4cce7e4379df15a0b90
resnet,electrode,101,bandpass_n20002_cV5_covariance_s0,phase2/results/predictions/full/electrode/resnet/seed_101/bandpass_n20002_cV5_covariance_s0.npz,75801,59912267d891b87c3af1c06644f06e127c0a3b6c52eb80342be41ffafe372997
resnet,electrode,101,bandpass_n20002_cV6_independent_rms_s20,phase2/results/predictions/full/electrode/resnet/seed_101/bandpass_n20002_cV6_independent_rms_s20.npz,76460,2bb430bd0cdf5f68e8ce5fe573b1ec7a196a46c2301c90ebad82d218040227a6
resnet,electrode,101,bandpass_n20002_cV6_independent_rms_s15,phase2/results/predictions/full/electrode/resnet/seed_101/bandpass_n20002_cV6_independent_rms_s15.npz,76472,562eb4e4ffc44494507b8876adf32065755bf7bb8ab8ecedb53cb59e9fd44cd4
resnet,electrode,101,bandpass_n20002_cV6_independent_rms_s10,phase2/results/predictions/full/electrode/resnet/seed_101/bandpass_n20002_cV6_independent_rms_s10.npz,76446,a44a1fa0d901ef20943bb5ef055d676924b9b285d88ae0b981208dc354354968
resnet,electrode,101,bandpass_n20002_cV6_independent_rms_s5,phase2/results/predictions/full/electrode/resnet/seed_101/bandpass_n20002_cV6_independent_rms_s5.npz,76286,2641ea67dac9facf2b952c815c395ee6f704015e0ec7e4ff2fa6bc275b7c250a
resnet,electrode,101,bandpass_n20002_cV6_independent_rms_s0,phase2/results/predictions/full/electrode/resnet/seed_101/bandpass_n20002_cV6_independent_rms_s0.npz,75918,bfa32a34bf4b8a4c009e1bb0c3fd044ec9d728c0b1ef0c87b6bad822d1a9ca9b
resnet,electrode,101,bandpass_n20002_cV6_electrode_s20,phase2/results/predictions/full/electrode/resnet/seed_101/bandpass_n20002_cV6_electrode_s20.npz,76480,4608cfb00d7a78a3f44e267614d954ceb13b7d5ca0a35ba6e1fb43590cb65ebf
resnet,electrode,101,bandpass_n20002_cV6_electrode_s15,phase2/results/predictions/full/electrode/resnet/seed_101/bandpass_n20002_cV6_electrode_s15.npz,76443,9ba195564634f4c0e808758d6089aefbe23f757352df405f9748053059e3a32e
resnet,electrode,101,bandpass_n20002_cV6_electrode_s10,phase2/results/predictions/full/electrode/resnet/seed_101/bandpass_n20002_cV6_electrode_s10.npz,76403,048899814b8bbe071dfd9c3d9e842fd3317635f7569278fee9078c79cbcdf5d5
resnet,electrode,101,bandpass_n20002_cV6_electrode_s5,phase2/results/predictions/full/electrode/resnet/seed_101/bandpass_n20002_cV6_electrode_s5.npz,76305,9093703df8cadeff1347794f7be995c4054ef95df2dc1ae4f1aa5cc658c0f958
resnet,electrode,101,bandpass_n20002_cV6_electrode_s0,phase2/results/predictions/full/electrode/resnet/seed_101/bandpass_n20002_cV6_electrode_s0.npz,75909,544be8aa601b2566586d98df0e9d1dc58a14510b10ea2e8c5a20cce1efcccf94
resnet,electrode,101,bandpass_n20002_cV6_covariance_s20,phase2/results/predictions/full/electrode/resnet/seed_101/bandpass_n20002_cV6_covariance_s20.npz,76452,835b2770ea20d589e0067d6715448a3b1978a63a1d426a148c5723d796feaedd
resnet,electrode,101,bandpass_n20002_cV6_covariance_s15,phase2/results/predictions/full/electrode/resnet/seed_101/bandpass_n20002_cV6_covariance_s15.npz,76465,365c014c4d0763ad9e0bf27d2a08bb196da86d6b6d85e422a0033738e6b7d80f
resnet,electrode,101,bandpass_n20002_cV6_covariance_s10,phase2/results/predictions/full/electrode/resnet/seed_101/bandpass_n20002_cV6_covariance_s10.npz,76440,5862a0f4b52afd35a0854f6ae3461c92af7baeb0500cd086daf0d3eaed737965
resnet,electrode,101,bandpass_n20002_cV6_covariance_s5,phase2/results/predictions/full/electrode/resnet/seed_101/bandpass_n20002_cV6_covariance_s5.npz,76296,4f21dd55d2c9bb0c58594a7122a17df74d2f73a3d050938392145a2237deffb8
resnet,electrode,101,bandpass_n20002_cV6_covariance_s0,phase2/results/predictions/full/electrode/resnet/seed_101/bandpass_n20002_cV6_covariance_s0.npz,75958,a394748582a42eb2bdd069b5eb033377862fe7836d306155141254983233bc3c
resnet,electrode,101,bandpass_n20002_cRA_LA_independent_rms_s20,phase2/results/predictions/full/electrode/resnet/seed_101/bandpass_n20002_cRA_LA_independent_rms_s20.npz,76465,27b9e7aca0c4aeb0275bc715c01043097e16d8c262e9fd49d165b3f103c58477
resnet,electrode,101,bandpass_n20002_cRA_LA_independent_rms_s15,phase2/results/predictions/full/electrode/resnet/seed_101/bandpass_n20002_cRA_LA_independent_rms_s15.npz,76508,6eb6ce81ed815b6b661bf84e38d99a2e14bd5aa4d6852568fb287248bca5c463
resnet,electrode,101,bandpass_n20002_cRA_LA_independent_rms_s10,phase2/results/predictions/full/electrode/resnet/seed_101/bandpass_n20002_cRA_LA_independent_rms_s10.npz,76499,804d68ba2df6a96991bb63d67ff0499ea1741b37309a32beb861c5ee1c8c7a6c
resnet,electrode,101,bandpass_n20002_cRA_LA_independent_rms_s5,phase2/results/predictions/full/electrode/resnet/seed_101/bandpass_n20002_cRA_LA_independent_rms_s5.npz,76335,6d3360662acfd9db5c773def47c44523c0747f46a8396ed599a1d0933be76abe
resnet,electrode,101,bandpass_n20002_cRA_LA_independent_rms_s0,phase2/results/predictions/full/electrode/resnet/seed_101/bandpass_n20002_cRA_LA_independent_rms_s0.npz,75961,c7fd37be4b6607cdd7a6029bc3e72813d384bbfec1538b94a03777b8cf255104
resnet,electrode,101,bandpass_n20002_cRA_LA_electrode_s20,phase2/results/predictions/full/electrode/resnet/seed_101/bandpass_n20002_cRA_LA_electrode_s20.npz,76477,bf3981f28e0729eea91afcdad7f6109d412ee24ea14f5d2b2268288ad635b76f
resnet,electrode,101,bandpass_n20002_cRA_LA_electrode_s15,phase2/results/predictions/full/electrode/resnet/seed_101/bandpass_n20002_cRA_LA_electrode_s15.npz,76479,a4bf92b7550a9ec19c399225d30409ce2aec4a7c171c0baff3cc1e6a07a89c59
resnet,electrode,101,bandpass_n20002_cRA_LA_electrode_s10,phase2/results/predictions/full/electrode/resnet/seed_101/bandpass_n20002_cRA_LA_electrode_s10.npz,76393,cd765903cbad6cca09e74c68a15c21de2fe5d5fc604cda05d28742ef346924d6
resnet,electrode,101,bandpass_n20002_cRA_LA_electrode_s5,phase2/results/predictions/full/electrode/resnet/seed_101/bandpass_n20002_cRA_LA_electrode_s5.npz,76214,56def546c69b3758248230ba9ba2de9f865b904eb66a75022394f2106c5e96cf
resnet,electrode,101,bandpass_n20002_cRA_LA_electrode_s0,phase2/results/predictions/full/electrode/resnet/seed_101/bandpass_n20002_cRA_LA_electrode_s0.npz,75815,cbc9871f2973433b5947ce9c642e826830f35cf282969d8daf2f3aaa1fd936cc
resnet,electrode,101,bandpass_n20002_cRA_LA_covariance_s20,phase2/results/predictions/full/electrode/resnet/seed_101/bandpass_n20002_cRA_LA_covariance_s20.npz,76465,b7f1da944868ccfecfce74bb921091a8cccb7d80256e94e01384261a747c43e1
resnet,electrode,101,bandpass_n20002_cRA_LA_covariance_s15,phase2/results/predictions/full/electrode/resnet/seed_101/bandpass_n20002_cRA_LA_covariance_s15.npz,76488,6513c8991fee2d8b24cf8e2a586e293e0ed5de4adab1a835fc4e3dd71c75b307
resnet,electrode,101,bandpass_n20002_cRA_LA_covariance_s10,phase2/results/predictions/full/electrode/resnet/seed_101/bandpass_n20002_cRA_LA_covariance_s10.npz,76395,4b1a5e400684a3f8745edce475fb2af92174531e472725162daa0ef0d4f57ee0
resnet,electrode,101,bandpass_n20002_cRA_LA_covariance_s5,phase2/results/predictions/full/electrode/resnet/seed_101/bandpass_n20002_cRA_LA_covariance_s5.npz,76184,4d16121eb4a1b6e2b4ee65bc7d9f2880445cab8ad07fe90e7b0c54d5911f3f24
resnet,electrode,101,bandpass_n20002_cRA_LA_covariance_s0,phase2/results/predictions/full/electrode/resnet/seed_101/bandpass_n20002_cRA_LA_covariance_s0.npz,75799,c48f4db6f6d127ccec763bccdee831387f613a423bc1213f17c5833aeed82da7
resnet,electrode,101,bandpass_n20002_cLA_LL_independent_rms_s20,phase2/results/predictions/full/electrode/resnet/seed_101/bandpass_n20002_cLA_LL_independent_rms_s20.npz,76487,26603d4c059a193cca23767e51aa83e2b1dc407068de5c5fce19f26627961a1f
resnet,electrode,101,bandpass_n20002_cLA_LL_independent_rms_s15,phase2/results/predictions/full/electrode/resnet/seed_101/bandpass_n20002_cLA_LL_independent_rms_s15.npz,76476,f67108f648a3facf3227bfa1c141b04d356898d1c6b63d1859cb040c1e16b8a3
resnet,electrode,101,bandpass_n20002_cLA_LL_independent_rms_s10,phase2/results/predictions/full/electrode/resnet/seed_101/bandpass_n20002_cLA_LL_independent_rms_s10.npz,76440,ba2f7b0d5da5d1a6559126a7f57929b6bdcc2419af49afa66182dc4a75c9dc34
resnet,electrode,101,bandpass_n20002_cLA_LL_independent_rms_s5,phase2/results/predictions/full/electrode/resnet/seed_101/bandpass_n20002_cLA_LL_independent_rms_s5.npz,76312,55de35d0887380f999e6c9faf2acf427ffccd6bde09009072d22aaab5c38c9a1
resnet,electrode,101,bandpass_n20002_cLA_LL_independent_rms_s0,phase2/results/predictions/full/electrode/resnet/seed_101/bandpass_n20002_cLA_LL_independent_rms_s0.npz,75899,281e45ba475bb02a56bc66249a36bd6643a3927aca7f2d4844c8229c6dafc035
resnet,electrode,101,bandpass_n20002_cLA_LL_electrode_s20,phase2/results/predictions/full/electrode/resnet/seed_101/bandpass_n20002_cLA_LL_electrode_s20.npz,76496,66b25c08f02becb1f1a424331a8576b5bf2528a09677b58f25746a85e847fe62
resnet,electrode,101,bandpass_n20002_cLA_LL_electrode_s15,phase2/results/predictions/full/electrode/resnet/seed_101/bandpass_n20002_cLA_LL_electrode_s15.npz,76466,96d5755108c08b86aefc13fe85f0d0e106b4f893f18a8ad792cc6dabbb241d5f
resnet,electrode,101,bandpass_n20002_cLA_LL_electrode_s10,phase2/results/predictions/full/electrode/resnet/seed_101/bandpass_n20002_cLA_LL_electrode_s10.npz,76402,3ef73b2fb716d77a0f96bdb992ec80317da4425cc8bbf165b8a1d61eab964661
resnet,electrode,101,bandpass_n20002_cLA_LL_electrode_s5,phase2/results/predictions/full/electrode/resnet/seed_101/bandpass_n20002_cLA_LL_electrode_s5.npz,76135,305c466f631e7ba30c9db9b1fca24f098a3f3a881c47ef27e8c61abaf49bb99f
resnet,electrode,101,bandpass_n20002_cLA_LL_electrode_s0,phase2/results/predictions/full/electrode/resnet/seed_101/bandpass_n20002_cLA_LL_electrode_s0.npz,75522,547b9c66467024d5de7d33c2c5d62082a4d007605f3158e0bb2004283a00277c
resnet,electrode,101,bandpass_n20002_cLA_LL_covariance_s20,phase2/results/predictions/full/electrode/resnet/seed_101/bandpass_n20002_cLA_LL_covariance_s20.npz,76477,402af45f28d539a7cbc209c58f287e83debcdef5bd4b4110ac5440fe00f9cd78
resnet,electrode,101,bandpass_n20002_cLA_LL_covariance_s15,phase2/results/predictions/full/electrode/resnet/seed_101/bandpass_n20002_cLA_LL_covariance_s15.npz,76471,55baef030ccaa731b9103d33016bfb380b2775bc6fd67438f55f72952637d18b
resnet,electrode,101,bandpass_n20002_cLA_LL_covariance_s10,phase2/results/predictions/full/electrode/resnet/seed_101/bandpass_n20002_cLA_LL_covariance_s10.npz,76402,021e0dd5ebf7b2f9188d1e45d38c291156ddf70a9e343a8bf2b4138eab349332
resnet,electrode,101,bandpass_n20002_cLA_LL_covariance_s5,phase2/results/predictions/full/electrode/resnet/seed_101/bandpass_n20002_cLA_LL_covariance_s5.npz,76152,1c5385b6482ae9c79c0e67d04aa43c7d0913f1334c088a33f1a77f26c5278a5c
resnet,electrode,101,bandpass_n20002_cLA_LL_covariance_s0,phase2/results/predictions/full/electrode/resnet/seed_101/bandpass_n20002_cLA_LL_covariance_s0.npz,75539,b6ca14cbe1633f1bed9e4b1fa6b3ac768c32ae6b8e2c431d4c4f32a9524bfd14
resnet,electrode,101,bandpass_n20002_cRA_LL_independent_rms_s20,phase2/results/predictions/full/electrode/resnet/seed_101/bandpass_n20002_cRA_LL_independent_rms_s20.npz,76506,b5a489bb3188c14edb38a6033420907dcfcc7fa8ccc0aea92c6fb807543fd1b9
resnet,electrode,101,bandpass_n20002_cRA_LL_independent_rms_s15,phase2/results/predictions/full/electrode/resnet/seed_101/bandpass_n20002_cRA_LL_independent_rms_s15.npz,76470,65d02f1b047232022dcfbf818726cb3ad33c9b31fbc881d6ca0868288adf8635
resnet,electrode,101,bandpass_n20002_cRA_LL_independent_rms_s10,phase2/results/predictions/full/electrode/resnet/seed_101/bandpass_n20002_cRA_LL_independent_rms_s10.npz,76446,1bb1a5cba5a228611423cd9ee062f4c92574d748f34d25f2a32b6bcc1455f039
resnet,electrode,101,bandpass_n20002_cRA_LL_independent_rms_s5,phase2/results/predictions/full/electrode/resnet/seed_101/bandpass_n20002_cRA_LL_independent_rms_s5.npz,76298,b000a2eda4f8c28da5c61f3b4fe1c91113997caf1175d5693142da6a39d7f797
resnet,electrode,101,bandpass_n20002_cRA_LL_independent_rms_s0,phase2/results/predictions/full/electrode/resnet/seed_101/bandpass_n20002_cRA_LL_independent_rms_s0.npz,75919,e088699fb65ec60adc3fcdc744a0283a8525f43cca1a0578e76c49f9e4bdc172
resnet,electrode,101,bandpass_n20002_cRA_LL_electrode_s20,phase2/results/predictions/full/electrode/resnet/seed_101/bandpass_n20002_cRA_LL_electrode_s20.npz,76484,c32feaaa3757015b240ebca6d2ff1accd9112f8c8ad57e274f24845f62641461
resnet,electrode,101,bandpass_n20002_cRA_LL_electrode_s15,phase2/results/predictions/full/electrode/resnet/seed_101/bandpass_n20002_cRA_LL_electrode_s15.npz,76470,82ae63262d7c56c0c5ac987d0f90b61e34ce4702a1e93fb9c2d5f92a43f3c798
resnet,electrode,101,bandpass_n20002_cRA_LL_electrode_s10,phase2/results/predictions/full/electrode/resnet/seed_101/bandpass_n20002_cRA_LL_electrode_s10.npz,76375,6a795eed229f85b0ad37deaa5f1156be2914c1061fd0b4cd9815a97e46df50af
resnet,electrode,101,bandpass_n20002_cRA_LL_electrode_s5,phase2/results/predictions/full/electrode/resnet/seed_101/bandpass_n20002_cRA_LL_electrode_s5.npz,76122,b4b6834fb1d6fa177d5bf708fdc1a5ced69fe2f1a61f2f470a0d6e8b77695198
resnet,electrode,101,bandpass_n20002_cRA_LL_electrode_s0,phase2/results/predictions/full/electrode/resnet/seed_101/bandpass_n20002_cRA_LL_electrode_s0.npz,75598,06828556beac40ddff1efae01c64cc73e37e5ad984f39eaad3ea0a772d22bd3b
resnet,electrode,101,bandpass_n20002_cRA_LL_covariance_s20,phase2/results/predictions/full/electrode/resnet/seed_101/bandpass_n20002_cRA_LL_covariance_s20.npz,76447,6a4ae676fdfb6fbed76b28eaa7525d8d0e016d8d499d129ba2ca69574743e36d
resnet,electrode,101,bandpass_n20002_cRA_LL_covariance_s15,phase2/results/predictions/full/electrode/resnet/seed_101/bandpass_n20002_cRA_LL_covariance_s15.npz,76452,1c09996b5a237e37f6e05aa5b7b855c7c4a12a5811cb8865a9c7f7d7b9d53db5
resnet,electrode,101,bandpass_n20002_cRA_LL_covariance_s10,phase2/results/predictions/full/electrode/resnet/seed_101/bandpass_n20002_cRA_LL_covariance_s10.npz,76339,239b82f5c35b8645ba9a6fb28375b1720d9f0e5362b17bdba5ec9f9d6857f641
resnet,electrode,101,bandpass_n20002_cRA_LL_covariance_s5,phase2/results/predictions/full/electrode/resnet/seed_101/bandpass_n20002_cRA_LL_covariance_s5.npz,76117,8f91d3de97cb5b0dc980566608f8b8b07d0b49d775ab88eeb8a025bde89cfafb
resnet,electrode,101,bandpass_n20002_cRA_LL_covariance_s0,phase2/results/predictions/full/electrode/resnet/seed_101/bandpass_n20002_cRA_LL_covariance_s0.npz,75600,2da9da78698bec026361f55d7202f8f48c2de8eeb1803385889a017d4dcf6b53
resnet,electrode,101,bandpass_n20002_cRA_independent_rms_s20,phase2/results/predictions/full/electrode/resnet/seed_101/bandpass_n20002_cRA_independent_rms_s20.npz,76467,da016ad9b3cf2df4698a38d1578dd3f178036fe6e286b8e88553a671a02187bb
resnet,electrode,101,bandpass_n20002_cRA_independent_rms_s15,phase2/results/predictions/full/electrode/resnet/seed_101/bandpass_n20002_cRA_independent_rms_s15.npz,76485,9553e2b2d4473bab73889c1d2086ea5dcaf35ec51f7738e6079410534eecde37
resnet,electrode,101,bandpass_n20002_cRA_independent_rms_s10,phase2/results/predictions/full/electrode/resnet/seed_101/bandpass_n20002_cRA_independent_rms_s10.npz,76444,cb4b34df6211c6d56f13932a961dc30ddaa0ddf12502a8593ba4b475e4974dac
resnet,electrode,101,bandpass_n20002_cRA_independent_rms_s5,phase2/results/predictions/full/electrode/resnet/seed_101/bandpass_n20002_cRA_independent_rms_s5.npz,76337,7486f2cba646e3a79af33401cfa412f8bd60dc1525e5667aef348651a597d356
resnet,electrode,101,bandpass_n20002_cRA_independent_rms_s0,phase2/results/predictions/full/electrode/resnet/seed_101/bandpass_n20002_cRA_independent_rms_s0.npz,75965,3f33c0c7ae13ff60524e961dbfb7f642171cb5bc7097f4291bd5cf67a24cebc1
resnet,electrode,101,bandpass_n20002_cRA_electrode_s20,phase2/results/predictions/full/electrode/resnet/seed_101/bandpass_n20002_cRA_electrode_s20.npz,76502,ee3b58409d55df9287ff2c7c42b8ebba8e41e2121b228fbba647791753877d2f
resnet,electrode,101,bandpass_n20002_cRA_electrode_s15,phase2/results/predictions/full/electrode/resnet/seed_101/bandpass_n20002_cRA_electrode_s15.npz,76480,6aa06a5439b6a83637cf7d1a3c9015925584fba5fefb355b054e8e1b32af3bb0
resnet,electrode,101,bandpass_n20002_cRA_electrode_s10,phase2/results/predictions/full/electrode/resnet/seed_101/bandpass_n20002_cRA_electrode_s10.npz,76379,9342e8edc9265fde1f536a270d0f1296f18ec7797e7858c000b634824d1e0e89
resnet,electrode,101,bandpass_n20002_cRA_electrode_s5,phase2/results/predictions/full/electrode/resnet/seed_101/bandpass_n20002_cRA_electrode_s5.npz,76172,7563af641a66366a0f57d7b1b375ca6b5e7c569bdafd00a2487292a5ccc77a2e
resnet,electrode,101,bandpass_n20002_cRA_electrode_s0,phase2/results/predictions/full/electrode/resnet/seed_101/bandpass_n20002_cRA_electrode_s0.npz,75879,b928777fade5530e52f80188a8082398d9c994a9747ab425108a6c2a30a1eeda
resnet,electrode,101,bandpass_n20002_cRA_covariance_s20,phase2/results/predictions/full/electrode/resnet/seed_101/bandpass_n20002_cRA_covariance_s20.npz,76475,f1de30032bd85a96df0382c2e0cc2c331b6e2b872182ebdd5318be9c671522b3
resnet,electrode,101,bandpass_n20002_cRA_covariance_s15,phase2/results/predictions/full/electrode/resnet/seed_101/bandpass_n20002_cRA_covariance_s15.npz,76451,1fede3e09fb3a0454cb78da2dbdea8814e07f263e8f4bdfddcf37ed17f65a049
resnet,electrode,101,bandpass_n20002_cRA_covariance_s10,phase2/results/predictions/full/electrode/resnet/seed_101/bandpass_n20002_cRA_covariance_s10.npz,76408,b7ce18f62390e7c3089ed9c1d3a0643bca8ab896bbce16a8817f9745bb57e2b0
resnet,electrode,101,bandpass_n20002_cRA_covariance_s5,phase2/results/predictions/full/electrode/resnet/seed_101/bandpass_n20002_cRA_covariance_s5.npz,76191,fd65ab0111b7c79a80ce245ac403f28955dcf0959aa63e0428f347403e54ec0a
resnet,electrode,101,bandpass_n20002_cRA_covariance_s0,phase2/results/predictions/full/electrode/resnet/seed_101/bandpass_n20002_cRA_covariance_s0.npz,75913,05c5b5bdb2caaac80beed902015682461f397d35b5870723ef2ff9eaade17d35
resnet,electrode,101,bandpass_n20002_cLA_independent_rms_s20,phase2/results/predictions/full/electrode/resnet/seed_101/bandpass_n20002_cLA_independent_rms_s20.npz,76476,21d39cf4a2270c3c5d63e8f3c574b565dce14fde9e4d31763abb230e77051a63
resnet,electrode,101,bandpass_n20002_cLA_independent_rms_s15,phase2/results/predictions/full/electrode/resnet/seed_101/bandpass_n20002_cLA_independent_rms_s15.npz,76485,f0ae89acc182a686d1a01d6021257b61856995de14aa4482b219c5fb9d7167f8
resnet,electrode,101,bandpass_n20002_cLA_independent_rms_s10,phase2/results/predictions/full/electrode/resnet/seed_101/bandpass_n20002_cLA_independent_rms_s10.npz,76460,e2ce63230d08de6fa1541fbfcd2a2afd599aab58355d6728d020164f8d9d72a1
resnet,electrode,101,bandpass_n20002_cLA_independent_rms_s5,phase2/results/predictions/full/electrode/resnet/seed_101/bandpass_n20002_cLA_independent_rms_s5.npz,76327,d84ccbdb8b5a693d50acb379bf8859095099f1bfde2ebc0409336a17c8efa59c
resnet,electrode,101,bandpass_n20002_cLA_independent_rms_s0,phase2/results/predictions/full/electrode/resnet/seed_101/bandpass_n20002_cLA_independent_rms_s0.npz,75963,e9f302852d625528ed5ef6ea93c739908a07a4bf484a8c565d3fce2259edff89
resnet,electrode,101,bandpass_n20002_cLA_electrode_s20,phase2/results/predictions/full/electrode/resnet/seed_101/bandpass_n20002_cLA_electrode_s20.npz,76479,0ffde40087e4e5b4faf6884f88b54d24dd87f5839d0edeb96aec22a86e48018f
resnet,electrode,101,bandpass_n20002_cLA_electrode_s15,phase2/results/predictions/full/electrode/resnet/seed_101/bandpass_n20002_cLA_electrode_s15.npz,76472,c2a50c00b6939bae40babe737915b025b8e8af394263ed7f70ca3aa3322ac389
resnet,electrode,101,bandpass_n20002_cLA_electrode_s10,phase2/results/predictions/full/electrode/resnet/seed_101/bandpass_n20002_cLA_electrode_s10.npz,76399,c97df06523414a1bc2fbbab32873a0add78a675dc4f43a1b9efd675e5c3819f7
resnet,electrode,101,bandpass_n20002_cLA_electrode_s5,phase2/results/predictions/full/electrode/resnet/seed_101/bandpass_n20002_cLA_electrode_s5.npz,76212,0931b3f80b6f32254f8bf09b0e5dac30cee4045dbdf0e7c7f74db296a6b73e53
resnet,electrode,101,bandpass_n20002_cLA_electrode_s0,phase2/results/predictions/full/electrode/resnet/seed_101/bandpass_n20002_cLA_electrode_s0.npz,75795,212c70d49a3044cac7ca81b4e4f4d4508dba075317d144309bd7722309b7aa9d
resnet,electrode,101,bandpass_n20002_cLA_covariance_s20,phase2/results/predictions/full/electrode/resnet/seed_101/bandpass_n20002_cLA_covariance_s20.npz,76449,2a5004f1775e240368720e8c837c79e955658eb92e8f2ed8dffd4c01d9941e09
resnet,electrode,101,bandpass_n20002_cLA_covariance_s15,phase2/results/predictions/full/electrode/resnet/seed_101/bandpass_n20002_cLA_covariance_s15.npz,76480,bfab55894e404eea217e4b0614d159bab8b1117f86cfa7d846f92f3a514e21d7
resnet,electrode,101,bandpass_n20002_cLA_covariance_s10,phase2/results/predictions/full/electrode/resnet/seed_101/bandpass_n20002_cLA_covariance_s10.npz,76474,6b1befe686087d88d4d8f9e29ccdb6178dde4be519c9fb5f779b00535313c4a3
resnet,electrode,101,bandpass_n20002_cLA_covariance_s5,phase2/results/predictions/full/electrode/resnet/seed_101/bandpass_n20002_cLA_covariance_s5.npz,76237,905966ca186163ba06b8196117002b2a55b11858c7bfc9a6bbf577488153ccc2
resnet,electrode,101,bandpass_n20002_cLA_covariance_s0,phase2/results/predictions/full/electrode/resnet/seed_101/bandpass_n20002_cLA_covariance_s0.npz,75818,7f121f03fbc6a9e90c56bceff47fe26c8a0a94352434e4d97791ac60ad56fa45
resnet,electrode,101,bandpass_n20002_cLL_independent_rms_s20,phase2/results/predictions/full/electrode/resnet/seed_101/bandpass_n20002_cLL_independent_rms_s20.npz,76494,41ddc1477831df859f77d1ba044540b3d2e59c9fb7e2bbd7c3d68da1f7b22a46
resnet,electrode,101,bandpass_n20002_cLL_independent_rms_s15,phase2/results/predictions/full/electrode/resnet/seed_101/bandpass_n20002_cLL_independent_rms_s15.npz,76456,a21fe61642a23a006b499503734975b3417c507126808600fda51822e6b01891
resnet,electrode,101,bandpass_n20002_cLL_independent_rms_s10,phase2/results/predictions/full/electrode/resnet/seed_101/bandpass_n20002_cLL_independent_rms_s10.npz,76433,b947172cdd151cfc425a1a99d2905a453f808707a9114ba2c921628ca6c060d7
resnet,electrode,101,bandpass_n20002_cLL_independent_rms_s5,phase2/results/predictions/full/electrode/resnet/seed_101/bandpass_n20002_cLL_independent_rms_s5.npz,76280,11469d4599c3f270a37b28448bd314fc223d208c9bd31bd0397dfbf6b37fa174
resnet,electrode,101,bandpass_n20002_cLL_independent_rms_s0,phase2/results/predictions/full/electrode/resnet/seed_101/bandpass_n20002_cLL_independent_rms_s0.npz,75853,203f012543f5f34b83671e9242ad5b6a380f2d712a783e3d7f884dbd43889e09
resnet,electrode,101,bandpass_n20002_cLL_electrode_s20,phase2/results/predictions/full/electrode/resnet/seed_101/bandpass_n20002_cLL_electrode_s20.npz,76460,7d6b7fd2ad493531b46a9a3943fad38ae119c5be9f96f5d1c31cc75ddce8cc08
resnet,electrode,101,bandpass_n20002_cLL_electrode_s15,phase2/results/predictions/full/electrode/resnet/seed_101/bandpass_n20002_cLL_electrode_s15.npz,76427,1a500ac2d672e73b23f5a21b6bd7f83ae14b6e75f789130a844077958f57255a
resnet,electrode,101,bandpass_n20002_cLL_electrode_s10,phase2/results/predictions/full/electrode/resnet/seed_101/bandpass_n20002_cLL_electrode_s10.npz,76370,5bb0fc99f6533f010add99144385ad83c14dfac9f6cad09438ef33f404a2870a
resnet,electrode,101,bandpass_n20002_cLL_electrode_s5,phase2/results/predictions/full/electrode/resnet/seed_101/bandpass_n20002_cLL_electrode_s5.npz,76056,09742cfddcfdfe119b1af80c769b44b3c5304cdf8b68f65f32036855d2d8bc76
resnet,electrode,101,bandpass_n20002_cLL_electrode_s0,phase2/results/predictions/full/electrode/resnet/seed_101/bandpass_n20002_cLL_electrode_s0.npz,75400,aaa98c3b174633a4b413a25e724f020a504b9c3546180176cdc42af9e9087910
resnet,electrode,101,bandpass_n20002_cLL_covariance_s20,phase2/results/predictions/full/electrode/resnet/seed_101/bandpass_n20002_cLL_covariance_s20.npz,76485,94f1bddfc36d92b508835c4cdac118275f29cf11779805aac80f1bcea7918247
resnet,electrode,101,bandpass_n20002_cLL_covariance_s15,phase2/results/predictions/full/electrode/resnet/seed_101/bandpass_n20002_cLL_covariance_s15.npz,76423,aae44c2a0f94737657f2b3939e79a140ac934e76fea1b04487cfb491f814d278
resnet,electrode,101,bandpass_n20002_cLL_covariance_s10,phase2/results/predictions/full/electrode/resnet/seed_101/bandpass_n20002_cLL_covariance_s10.npz,76360,f8f3345696653e6d5d1c5d5992979f1bce2ade31342fae46830906ee63aa1160
resnet,electrode,101,bandpass_n20002_cLL_covariance_s5,phase2/results/predictions/full/electrode/resnet/seed_101/bandpass_n20002_cLL_covariance_s5.npz,76073,a01001c1bd7c23349b07de3a2a8bfec30a4a2a077cbf07094a48201b9aef914f
resnet,electrode,101,bandpass_n20002_cLL_covariance_s0,phase2/results/predictions/full/electrode/resnet/seed_101/bandpass_n20002_cLL_covariance_s0.npz,75365,ee07ea378cc7b73fe8e098262d0724133f9bc872d1cbfc9c32688127899a86f8
resnet,electrode,101,bandpass_n20002_cRA_V1_independent_rms_s20,phase2/results/predictions/full/electrode/resnet/seed_101/bandpass_n20002_cRA_V1_independent_rms_s20.npz,76498,455d1bd5fff87c34415c6d99499159fa482beadb1eda9cd0e1e738a971ac4b94
resnet,electrode,101,bandpass_n20002_cRA_V1_independent_rms_s15,phase2/results/predictions/full/electrode/resnet/seed_101/bandpass_n20002_cRA_V1_independent_rms_s15.npz,76508,4dc0537f903bbd35d8e299f63c55112c675497f51ee363ebe4171bd8f9ca1663
resnet,electrode,101,bandpass_n20002_cRA_V1_independent_rms_s10,phase2/results/predictions/full/electrode/resnet/seed_101/bandpass_n20002_cRA_V1_independent_rms_s10.npz,76449,10d954683792b72b064b8e70f009aa3303716480c9f6a00198836ef3d245a004
resnet,electrode,101,bandpass_n20002_cRA_V1_independent_rms_s5,phase2/results/predictions/full/electrode/resnet/seed_101/bandpass_n20002_cRA_V1_independent_rms_s5.npz,76263,1a439f8da53eae78a8a5f84a529b97b38b2d0960ee591bd81c43f354c5a68315
resnet,electrode,101,bandpass_n20002_cRA_V1_independent_rms_s0,phase2/results/predictions/full/electrode/resnet/seed_101/bandpass_n20002_cRA_V1_independent_rms_s0.npz,75891,63847c74adbf972a29afd75cc7bf9f46e0be0ace1cb63534d778ae4eaafead60
resnet,electrode,101,bandpass_n20002_cRA_V1_electrode_s20,phase2/results/predictions/full/electrode/resnet/seed_101/bandpass_n20002_cRA_V1_electrode_s20.npz,76509,897d8e1d10e842fd879accc538cf7a9769c2dbf0fe1cb660293866c8776e6061
resnet,electrode,101,bandpass_n20002_cRA_V1_electrode_s15,phase2/results/predictions/full/electrode/resnet/seed_101/bandpass_n20002_cRA_V1_electrode_s15.npz,76453,8be5b4bc61005cda27111470dc44d7c77cc818430bbb715b97b2dfbabfc96e5a
resnet,electrode,101,bandpass_n20002_cRA_V1_electrode_s10,phase2/results/predictions/full/electrode/resnet/seed_101/bandpass_n20002_cRA_V1_electrode_s10.npz,76379,bd0dc37782491d8f1785ac1d411ea79e471902601a8b3d2dc85a83b213bb67a7
resnet,electrode,101,bandpass_n20002_cRA_V1_electrode_s5,phase2/results/predictions/full/electrode/resnet/seed_101/bandpass_n20002_cRA_V1_electrode_s5.npz,76169,c0bd7435b86ed9765fa16a39b94b91455633d724c562dd731d85160f0c98dff6
resnet,electrode,101,bandpass_n20002_cRA_V1_electrode_s0,phase2/results/predictions/full/electrode/resnet/seed_101/bandpass_n20002_cRA_V1_electrode_s0.npz,75877,8d054a374dfe47d83624aca80243478900500b2e787768f2c06f67e99be543f2
resnet,electrode,101,bandpass_n20002_cRA_V1_covariance_s20,phase2/results/predictions/full/electrode/resnet/seed_101/bandpass_n20002_cRA_V1_covariance_s20.npz,76482,7a4ddcdc0705ef4baa4981e6604a1605fdc878adedc0fd4242573cc86ff589c1
resnet,electrode,101,bandpass_n20002_cRA_V1_covariance_s15,phase2/results/predictions/full/electrode/resnet/seed_101/bandpass_n20002_cRA_V1_covariance_s15.npz,76454,cc520e9e214381510a57382234bc03f7f8e4b40ddb3a5463afbb4a1b93e4156c
resnet,electrode,101,bandpass_n20002_cRA_V1_covariance_s10,phase2/results/predictions/full/electrode/resnet/seed_101/bandpass_n20002_cRA_V1_covariance_s10.npz,76392,01ed588e6bc5e21c58f098a922bf6328afdab1694988e06da1575c7c18756c0c
resnet,electrode,101,bandpass_n20002_cRA_V1_covariance_s5,phase2/results/predictions/full/electrode/resnet/seed_101/bandpass_n20002_cRA_V1_covariance_s5.npz,76196,5d6e8c8af951d820ce0d1979a455812eed812010af0fc81d35f80ed1c3819b52
resnet,electrode,101,bandpass_n20002_cRA_V1_covariance_s0,phase2/results/predictions/full/electrode/resnet/seed_101/bandpass_n20002_cRA_V1_covariance_s0.npz,75842,e6b0bd0977ad70ed4be875cb75cda50f378bab5a51584328d194fedd8f19eb60
resnet,electrode,101,bandpass_n20002_cLA_V6_independent_rms_s20,phase2/results/predictions/full/electrode/resnet/seed_101/bandpass_n20002_cLA_V6_independent_rms_s20.npz,76459,ac64e33f8eadb944505d7816406f182964221ea31cf03e0e58aa935fcc6f51b5
resnet,electrode,101,bandpass_n20002_cLA_V6_independent_rms_s15,phase2/results/predictions/full/electrode/resnet/seed_101/bandpass_n20002_cLA_V6_independent_rms_s15.npz,76472,cc3b33c33b6084718eb6e1fb77ad0fa661b5aed75bfa1994db2a3b949b08681e
resnet,electrode,101,bandpass_n20002_cLA_V6_independent_rms_s10,phase2/results/predictions/full/electrode/resnet/seed_101/bandpass_n20002_cLA_V6_independent_rms_s10.npz,76454,344ef858d3ddefb0ea7c856bd2c77ac9f0f0ba644c93f40e6557764c91a3a8e9
resnet,electrode,101,bandpass_n20002_cLA_V6_independent_rms_s5,phase2/results/predictions/full/electrode/resnet/seed_101/bandpass_n20002_cLA_V6_independent_rms_s5.npz,76333,3f8d7472b626aacd0bc9731cbbc6e0c0704b3e53efb658b21f7a371a9e09ccff
resnet,electrode,101,bandpass_n20002_cLA_V6_independent_rms_s0,phase2/results/predictions/full/electrode/resnet/seed_101/bandpass_n20002_cLA_V6_independent_rms_s0.npz,75990,c40e68f94c4418f68784d349fffab2312fa3bb390e8534d430a2b21b9072a7bc
resnet,electrode,101,bandpass_n20002_cLA_V6_electrode_s20,phase2/results/predictions/full/electrode/resnet/seed_101/bandpass_n20002_cLA_V6_electrode_s20.npz,76487,ffdf15d9e36a016e0fd845fe253370a10341bb1f510013bca30d9cfa6f87b60c
resnet,electrode,101,bandpass_n20002_cLA_V6_electrode_s15,phase2/results/predictions/full/electrode/resnet/seed_101/bandpass_n20002_cLA_V6_electrode_s15.npz,76489,a286ca5c4490f04b338d9172a642c73c8dbad2506e853901de25ed1cdf24ea48
resnet,electrode,101,bandpass_n20002_cLA_V6_electrode_s10,phase2/results/predictions/full/electrode/resnet/seed_101/bandpass_n20002_cLA_V6_electrode_s10.npz,76460,7a0ec08a397789f824a919db59b578d85f78894c85edf4b7b2d81408c952e4d6
resnet,electrode,101,bandpass_n20002_cLA_V6_electrode_s5,phase2/results/predictions/full/electrode/resnet/seed_101/bandpass_n20002_cLA_V6_electrode_s5.npz,76263,81a5adcdaaf0f321a359a2e0e8e2b72f33927a68a62f4d7792b06668ffa05fa0
resnet,electrode,101,bandpass_n20002_cLA_V6_electrode_s0,phase2/results/predictions/full/electrode/resnet/seed_101/bandpass_n20002_cLA_V6_electrode_s0.npz,75836,fb5ca95062abf1d0d3f114feca9d7c84fb5568dd98d1645ec64e1e8e25bf29e7
resnet,electrode,101,bandpass_n20002_cLA_V6_covariance_s20,phase2/results/predictions/full/electrode/resnet/seed_101/bandpass_n20002_cLA_V6_covariance_s20.npz,76470,59b7a15fd8a203751dae4f56d824a814828f6c24081c423c5c0f30a509b69cf1
resnet,electrode,101,bandpass_n20002_cLA_V6_covariance_s15,phase2/results/predictions/full/electrode/resnet/seed_101/bandpass_n20002_cLA_V6_covariance_s15.npz,76503,3d95d6d602d175fba230214f3983d4745271eac476e7a6434022992533ef4637
resnet,electrode,101,bandpass_n20002_cLA_V6_covariance_s10,phase2/results/predictions/full/electrode/resnet/seed_101/bandpass_n20002_cLA_V6_covariance_s10.npz,76424,ce71295692b829bd32caa68c65e95bcc548019ec559a38d1052e967e82230488
resnet,electrode,101,bandpass_n20002_cLA_V6_covariance_s5,phase2/results/predictions/full/electrode/resnet/seed_101/bandpass_n20002_cLA_V6_covariance_s5.npz,76222,0449af7d193690fb9dfd00283ae7335f5d6a97a5bbbd74bb096e6863d5d3696c
resnet,electrode,101,bandpass_n20002_cLA_V6_covariance_s0,phase2/results/predictions/full/electrode/resnet/seed_101/bandpass_n20002_cLA_V6_covariance_s0.npz,75877,bf5180f113ff2835f7c3f691acce039cff1832ca298e302a358730d53159cab3
resnet,electrode,101,bandpass_n20002_cLL_V4_independent_rms_s20,phase2/results/predictions/full/electrode/resnet/seed_101/bandpass_n20002_cLL_V4_independent_rms_s20.npz,76505,a1147c1bca4e820e087d394b36977013e3a9f075a8682092c5bbeda5158af041
resnet,electrode,101,bandpass_n20002_cLL_V4_independent_rms_s15,phase2/results/predictions/full/electrode/resnet/seed_101/bandpass_n20002_cLL_V4_independent_rms_s15.npz,76493,b07f270d4d55c500473e215c337cd1a4bab1c2d757396bf4e02c513826179f41
resnet,electrode,101,bandpass_n20002_cLL_V4_independent_rms_s10,phase2/results/predictions/full/electrode/resnet/seed_101/bandpass_n20002_cLL_V4_independent_rms_s10.npz,76472,5e59a0a888d5bb02afa75f651eeb8d4344eb902078a2bc105341d22257165179
resnet,electrode,101,bandpass_n20002_cLL_V4_independent_rms_s5,phase2/results/predictions/full/electrode/resnet/seed_101/bandpass_n20002_cLL_V4_independent_rms_s5.npz,76288,489e8e2bb5e243439c0c6123e6525ee93ecdaeb88a0f5aa4bb0ecf5e7634c3dc
resnet,electrode,101,bandpass_n20002_cLL_V4_independent_rms_s0,phase2/results/predictions/full/electrode/resnet/seed_101/bandpass_n20002_cLL_V4_independent_rms_s0.npz,75883,ae78010996fe995956a52d54ef1f3dc869f0643a2007ec02cc9be3c23a98ce93
resnet,electrode,101,bandpass_n20002_cLL_V4_electrode_s20,phase2/results/predictions/full/electrode/resnet/seed_101/bandpass_n20002_cLL_V4_electrode_s20.npz,76455,b77d98283603e0808a7b4d01f1efc91debd5fd17c1f20302ce4bc8915990f0dd
resnet,electrode,101,bandpass_n20002_cLL_V4_electrode_s15,phase2/results/predictions/full/electrode/resnet/seed_101/bandpass_n20002_cLL_V4_electrode_s15.npz,76473,7def467ce7477421a5ee0ef980c4cd07d62a6654a40f45a41fc0409723050952
resnet,electrode,101,bandpass_n20002_cLL_V4_electrode_s10,phase2/results/predictions/full/electrode/resnet/seed_101/bandpass_n20002_cLL_V4_electrode_s10.npz,76376,aa6130ea13f5cffacd2de8133679cbd2445d417436b9c6c1fbe789d2947d34bc
resnet,electrode,101,bandpass_n20002_cLL_V4_electrode_s5,phase2/results/predictions/full/electrode/resnet/seed_101/bandpass_n20002_cLL_V4_electrode_s5.npz,76138,f35d307f98422ce18d6a50cde7c76f22c35b352b3d7eebd85056ea923cba9b1c
resnet,electrode,101,bandpass_n20002_cLL_V4_electrode_s0,phase2/results/predictions/full/electrode/resnet/seed_101/bandpass_n20002_cLL_V4_electrode_s0.npz,75488,27bb7f73ae74c4e02d9aad0fca1b326506fb4fbb300e1bf2484ce5c1e145f6df
resnet,electrode,101,bandpass_n20002_cLL_V4_covariance_s20,phase2/results/predictions/full/electrode/resnet/seed_101/bandpass_n20002_cLL_V4_covariance_s20.npz,76461,7ccd3b2bb41be8433bc90d07f972fa0650aaca7bd8aef7cadd6daf17b281660c
resnet,electrode,101,bandpass_n20002_cLL_V4_covariance_s15,phase2/results/predictions/full/electrode/resnet/seed_101/bandpass_n20002_cLL_V4_covariance_s15.npz,76463,b49ac53fdc47a31bd74a92c2c96727cdf7d81519a55082c7bddb691fa4508938
resnet,electrode,101,bandpass_n20002_cLL_V4_covariance_s10,phase2/results/predictions/full/electrode/resnet/seed_101/bandpass_n20002_cLL_V4_covariance_s10.npz,76397,264d003af55ec6dc5147981276044b910677857f270fbc04009250e11c4bd7fe
resnet,electrode,101,bandpass_n20002_cLL_V4_covariance_s5,phase2/results/predictions/full/electrode/resnet/seed_101/bandpass_n20002_cLL_V4_covariance_s5.npz,76160,26be193f8f234320082a0c086c398e0f4f7a646e6d945d876ff1b22622d07096
resnet,electrode,101,bandpass_n20002_cLL_V4_covariance_s0,phase2/results/predictions/full/electrode/resnet/seed_101/bandpass_n20002_cLL_V4_covariance_s0.npz,75482,90a9630ae387740f85599d4c7c2bc5580858f60ab704fd95e30dcf670f51b91c
resnet,electrode,101,bandpass_n20002_cRA_LA_V1_V6_independent_rms_s20,phase2/results/predictions/full/electrode/resnet/seed_101/bandpass_n20002_cRA_LA_V1_V6_independent_rms_s20.npz,76521,b1f53bdcf419e8cbbcf885f29b221fbc00e77431e8b7a8834cddcdc4e886da8f
resnet,electrode,101,bandpass_n20002_cRA_LA_V1_V6_independent_rms_s15,phase2/results/predictions/full/electrode/resnet/seed_101/bandpass_n20002_cRA_LA_V1_V6_independent_rms_s15.npz,76520,d820436d6ec53ff17845dc9e5c9329c07fd14ac2e768de54917439602ff42301
resnet,electrode,101,bandpass_n20002_cRA_LA_V1_V6_independent_rms_s10,phase2/results/predictions/full/electrode/resnet/seed_101/bandpass_n20002_cRA_LA_V1_V6_independent_rms_s10.npz,76466,831e24d1c0a79df12bd6cb56b42b8184f16bc72b65cf19315ee02cc117482f8e
resnet,electrode,101,bandpass_n20002_cRA_LA_V1_V6_independent_rms_s5,phase2/results/predictions/full/electrode/resnet/seed_101/bandpass_n20002_cRA_LA_V1_V6_independent_rms_s5.npz,76338,eb75fd833b0592855a4b3a3c8d0abe5dab159d6062115d140fbdfc38e8df7b3f
resnet,electrode,101,bandpass_n20002_cRA_LA_V1_V6_independent_rms_s0,phase2/results/predictions/full/electrode/resnet/seed_101/bandpass_n20002_cRA_LA_V1_V6_independent_rms_s0.npz,75966,a243368115826880d2f7c19439d7f45beab3a65db9eeff92b84f059934fa85f3
resnet,electrode,101,bandpass_n20002_cRA_LA_V1_V6_electrode_s20,phase2/results/predictions/full/electrode/resnet/seed_101/bandpass_n20002_cRA_LA_V1_V6_electrode_s20.npz,76467,9cc9a0fd132ad97c5da2eaa3bbf384950621cfa23700a985889733eb08c05ad0
resnet,electrode,101,bandpass_n20002_cRA_LA_V1_V6_electrode_s15,phase2/results/predictions/full/electrode/resnet/seed_101/bandpass_n20002_cRA_LA_V1_V6_electrode_s15.npz,76488,86b1142784d6d811b523d2fe2a496a5bfb956b288d8fff06bfe8707d49d28d92
resnet,electrode,101,bandpass_n20002_cRA_LA_V1_V6_electrode_s10,phase2/results/predictions/full/electrode/resnet/seed_101/bandpass_n20002_cRA_LA_V1_V6_electrode_s10.npz,76433,1f6ae2d7434c72cfd6ec382c792e1ecefbf372af64eeda26a341bce6ff1e41a6
resnet,electrode,101,bandpass_n20002_cRA_LA_V1_V6_electrode_s5,phase2/results/predictions/full/electrode/resnet/seed_101/bandpass_n20002_cRA_LA_V1_V6_electrode_s5.npz,76238,290f968b2e54cd4708dc30f39cb32ca5da345501cfbd89f131972632540b7847
resnet,electrode,101,bandpass_n20002_cRA_LA_V1_V6_electrode_s0,phase2/results/predictions/full/electrode/resnet/seed_101/bandpass_n20002_cRA_LA_V1_V6_electrode_s0.npz,75837,8fda640b372ccb619f5da5695346a872c513126ecdd4010a0596459bb2cb5f10
resnet,electrode,101,bandpass_n20002_cRA_LA_V1_V6_covariance_s20,phase2/results/predictions/full/electrode/resnet/seed_101/bandpass_n20002_cRA_LA_V1_V6_covariance_s20.npz,76502,05c708b5ee661f6b1da828292822425ea3ec86105edac664a86de41dc314b4d9
resnet,electrode,101,bandpass_n20002_cRA_LA_V1_V6_covariance_s15,phase2/results/predictions/full/electrode/resnet/seed_101/bandpass_n20002_cRA_LA_V1_V6_covariance_s15.npz,76494,88097aa7fb905611a72d01a29f4f277b9011269d732a63373333875718c90351
resnet,electrode,101,bandpass_n20002_cRA_LA_V1_V6_covariance_s10,phase2/results/predictions/full/electrode/resnet/seed_101/bandpass_n20002_cRA_LA_V1_V6_covariance_s10.npz,76421,7a45e1aef757885df20045d1e44b5cc3d8f8cbb6df46d6ec06b9bee31615d747
resnet,electrode,101,bandpass_n20002_cRA_LA_V1_V6_covariance_s5,phase2/results/predictions/full/electrode/resnet/seed_101/bandpass_n20002_cRA_LA_V1_V6_covariance_s5.npz,76232,8df9947095243bf8b5dd96a6d3d69a4c52116bbe7d80ef7e9e89507904bea53a
resnet,electrode,101,bandpass_n20002_cRA_LA_V1_V6_covariance_s0,phase2/results/predictions/full/electrode/resnet/seed_101/bandpass_n20002_cRA_LA_V1_V6_covariance_s0.npz,75842,a3940afd58ce4f0b26f6a74acd587850d8a8318342b8ca056b194924391d1ee4
resnet,electrode,101,bandpass_n20002_cRA_V2_V5_independent_rms_s20,phase2/results/predictions/full/electrode/resnet/seed_101/bandpass_n20002_cRA_V2_V5_independent_rms_s20.npz,76501,fe6dd23edf3e0f6b23ea405057d0b60b703d61b9c22b8a2d9838b298c15b9da7
resnet,electrode,101,bandpass_n20002_cRA_V2_V5_independent_rms_s15,phase2/results/predictions/full/electrode/resnet/seed_101/bandpass_n20002_cRA_V2_V5_independent_rms_s15.npz,76521,251cb2a38896c3922f8c8b02bdb45b56c6eec5dc0fee9fa7a0fc3ce07aab54b7
resnet,electrode,101,bandpass_n20002_cRA_V2_V5_independent_rms_s10,phase2/results/predictions/full/electrode/resnet/seed_101/bandpass_n20002_cRA_V2_V5_independent_rms_s10.npz,76473,2189f8129bbcd0410912138cfa13f532a1a20cb23c61446a83824247481f08de
resnet,electrode,101,bandpass_n20002_cRA_V2_V5_independent_rms_s5,phase2/results/predictions/full/electrode/resnet/seed_101/bandpass_n20002_cRA_V2_V5_independent_rms_s5.npz,76355,463018be7b5729c1b32f7c00d203d22d71d9619ca84659c74fdcb8324effdcfa
resnet,electrode,101,bandpass_n20002_cRA_V2_V5_independent_rms_s0,phase2/results/predictions/full/electrode/resnet/seed_101/bandpass_n20002_cRA_V2_V5_independent_rms_s0.npz,75949,b1002e48e55a10a348831297b3a4631a44b1175b8a54eca3c596fd0f3911fec9
resnet,electrode,101,bandpass_n20002_cRA_V2_V5_electrode_s20,phase2/results/predictions/full/electrode/resnet/seed_101/bandpass_n20002_cRA_V2_V5_electrode_s20.npz,76484,4057d3c0e59b87466f3f8bb37753d9944cb0856211776af66204f956180100e9
resnet,electrode,101,bandpass_n20002_cRA_V2_V5_electrode_s15,phase2/results/predictions/full/electrode/resnet/seed_101/bandpass_n20002_cRA_V2_V5_electrode_s15.npz,76487,7694a0c8423b613ea83ba537086b2f483c25cbdfaa41fdc1236e090cc9e8936e
resnet,electrode,101,bandpass_n20002_cRA_V2_V5_electrode_s10,phase2/results/predictions/full/electrode/resnet/seed_101/bandpass_n20002_cRA_V2_V5_electrode_s10.npz,76414,422242a17ca0cb5de7d1b6bde730efaadca6c3515a1a0ff7345246c1a9dea9ed
resnet,electrode,101,bandpass_n20002_cRA_V2_V5_electrode_s5,phase2/results/predictions/full/electrode/resnet/seed_101/bandpass_n20002_cRA_V2_V5_electrode_s5.npz,76229,19cce6b3a593c5537d614780ea2f614ed039920df2f03542c310e3a9f5f1bea6
resnet,electrode,101,bandpass_n20002_cRA_V2_V5_electrode_s0,phase2/results/predictions/full/electrode/resnet/seed_101/bandpass_n20002_cRA_V2_V5_electrode_s0.npz,75922,0273471bf2752ef053a23d64095b9cf5f931a71dc8ba5ac9f9c45aa922a33993
resnet,electrode,101,bandpass_n20002_cRA_V2_V5_covariance_s20,phase2/results/predictions/full/electrode/resnet/seed_101/bandpass_n20002_cRA_V2_V5_covariance_s20.npz,76495,1b0677d3e9ab749ba0da8f998191a3766f708bec5c7a0eca0de3e14b91edb1f2
resnet,electrode,101,bandpass_n20002_cRA_V2_V5_covariance_s15,phase2/results/predictions/full/electrode/resnet/seed_101/bandpass_n20002_cRA_V2_V5_covariance_s15.npz,76484,4c3bce40db9028e0e8f851c7e128d183a1c18489645bee9bdbe0a07533572c97
resnet,electrode,101,bandpass_n20002_cRA_V2_V5_covariance_s10,phase2/results/predictions/full/electrode/resnet/seed_101/bandpass_n20002_cRA_V2_V5_covariance_s10.npz,76410,3a0a085ca8ee1135ee140d38bf4374228a3111a5276340b4f5682adbf7ac5b33
resnet,electrode,101,bandpass_n20002_cRA_V2_V5_covariance_s5,phase2/results/predictions/full/electrode/resnet/seed_101/bandpass_n20002_cRA_V2_V5_covariance_s5.npz,76225,dde1916a66c0795cc1de08cd572f16eb30ddaefdde7f74b9ccbdf17d8882d72c
resnet,electrode,101,bandpass_n20002_cRA_V2_V5_covariance_s0,phase2/results/predictions/full/electrode/resnet/seed_101/bandpass_n20002_cRA_V2_V5_covariance_s0.npz,75916,dc065c1543e5353a90188ad2c39ea35416656d3d02052e1b393dbba6a9619e52
resnet,electrode,101,bandpass_n20002_cLA_V3_V6_independent_rms_s20,phase2/results/predictions/full/electrode/resnet/seed_101/bandpass_n20002_cLA_V3_V6_independent_rms_s20.npz,76513,b9940e746dbaf78bbe204554809fe06eae727d91caed62f61ac411f241d7ef77
resnet,electrode,101,bandpass_n20002_cLA_V3_V6_independent_rms_s15,phase2/results/predictions/full/electrode/resnet/seed_101/bandpass_n20002_cLA_V3_V6_independent_rms_s15.npz,76503,df8bf340689ccd77aaad7096f7e3c4f94f9fdb19380316929896e1bfb4780627
resnet,electrode,101,bandpass_n20002_cLA_V3_V6_independent_rms_s10,phase2/results/predictions/full/electrode/resnet/seed_101/bandpass_n20002_cLA_V3_V6_independent_rms_s10.npz,76477,36fd8975e6ae9b654cd9474f6a1cbe367da510b91ec86037b92234888bd349af
resnet,electrode,101,bandpass_n20002_cLA_V3_V6_independent_rms_s5,phase2/results/predictions/full/electrode/resnet/seed_101/bandpass_n20002_cLA_V3_V6_independent_rms_s5.npz,76369,04956484006d3fea7283f78d5c0c7711747bbae2d08396805d41c377322f7d85
resnet,electrode,101,bandpass_n20002_cLA_V3_V6_independent_rms_s0,phase2/results/predictions/full/electrode/resnet/seed_101/bandpass_n20002_cLA_V3_V6_independent_rms_s0.npz,75971,e4d15207fd73aa13b727d44583044e0708c095c7a5c7bd2ca2c9b6f8eb4069ca
resnet,electrode,101,bandpass_n20002_cLA_V3_V6_electrode_s20,phase2/results/predictions/full/electrode/resnet/seed_101/bandpass_n20002_cLA_V3_V6_electrode_s20.npz,76477,a307a8aa1dade7885f4f3295e11f0e7d093f3d5c4c0bab7b230cd818f0e1d36a
resnet,electrode,101,bandpass_n20002_cLA_V3_V6_electrode_s15,phase2/results/predictions/full/electrode/resnet/seed_101/bandpass_n20002_cLA_V3_V6_electrode_s15.npz,76494,0e611b21208f088f1fece933fd341eafd2db476a8d9f2e0cfc6a77c05aeb4ade
resnet,electrode,101,bandpass_n20002_cLA_V3_V6_electrode_s10,phase2/results/predictions/full/electrode/resnet/seed_101/bandpass_n20002_cLA_V3_V6_electrode_s10.npz,76465,f5073a384581e9989aecb4acb45da8d6149bf17be3e1c9513a4372114119ea5d
resnet,electrode,101,bandpass_n20002_cLA_V3_V6_electrode_s5,phase2/results/predictions/full/electrode/resnet/seed_101/bandpass_n20002_cLA_V3_V6_electrode_s5.npz,76279,a7b5de3878ea50df3c5a42af267baa2467eea16e21457b1ef3563205ed33328e
resnet,electrode,101,bandpass_n20002_cLA_V3_V6_electrode_s0,phase2/results/predictions/full/electrode/resnet/seed_101/bandpass_n20002_cLA_V3_V6_electrode_s0.npz,75841,720e996d49f54f7d245db3361f265ca4b4c3e249f34e868e8af157031cf1aee1
resnet,electrode,101,bandpass_n20002_cLA_V3_V6_covariance_s20,phase2/results/predictions/full/electrode/resnet/seed_101/bandpass_n20002_cLA_V3_V6_covariance_s20.npz,76469,c7613641628c1a68c64929075a4199fe7773149b38526fffcfb5a41080350121
resnet,electrode,101,bandpass_n20002_cLA_V3_V6_covariance_s15,phase2/results/predictions/full/electrode/resnet/seed_101/bandpass_n20002_cLA_V3_V6_covariance_s15.npz,76486,3715242239814f1ca598c86bdabeb77e755fa33b245f9064a2e6cdeab08152ce
resnet,electrode,101,bandpass_n20002_cLA_V3_V6_covariance_s10,phase2/results/predictions/full/electrode/resnet/seed_101/bandpass_n20002_cLA_V3_V6_covariance_s10.npz,76460,cf20cf25a6567d146303b98ee99d6e722634855f81563c70c5ecc70de2294083
resnet,electrode,101,bandpass_n20002_cLA_V3_V6_covariance_s5,phase2/results/predictions/full/electrode/resnet/seed_101/bandpass_n20002_cLA_V3_V6_covariance_s5.npz,76282,70f3c29e9e13c6084506e076b35393b640968fd0277c8435c003e69045a14b70
resnet,electrode,101,bandpass_n20002_cLA_V3_V6_covariance_s0,phase2/results/predictions/full/electrode/resnet/seed_101/bandpass_n20002_cLA_V3_V6_covariance_s0.npz,75872,90a34f4ce3bec660e0cc8105e5850ee449951dc661c125cd6cc7aca2907e841a
resnet,electrode,101,bandpass_n20002_cLL_V1_V4_independent_rms_s20,phase2/results/predictions/full/electrode/resnet/seed_101/bandpass_n20002_cLL_V1_V4_independent_rms_s20.npz,76493,7a1d9f8a17ae92b5f3c5318ac4ec87210b69722139478572668c74086126c03f
resnet,electrode,101,bandpass_n20002_cLL_V1_V4_independent_rms_s15,phase2/results/predictions/full/electrode/resnet/seed_101/bandpass_n20002_cLL_V1_V4_independent_rms_s15.npz,76519,31a97880a9b17ea7aa194a7ae0039a6502110738f3e92983178df6e77ba18fb4
resnet,electrode,101,bandpass_n20002_cLL_V1_V4_independent_rms_s10,phase2/results/predictions/full/electrode/resnet/seed_101/bandpass_n20002_cLL_V1_V4_independent_rms_s10.npz,76426,2538d055e7ed62b1e0ad99d1733eb2c75a2808f2a272e443543e71769b1f5b86
resnet,electrode,101,bandpass_n20002_cLL_V1_V4_independent_rms_s5,phase2/results/predictions/full/electrode/resnet/seed_101/bandpass_n20002_cLL_V1_V4_independent_rms_s5.npz,76276,f2c491d57c294bb1053cd3d4c71863a4d6ce5f6127699bb6e3ddbb24c07ba532
resnet,electrode,101,bandpass_n20002_cLL_V1_V4_independent_rms_s0,phase2/results/predictions/full/electrode/resnet/seed_101/bandpass_n20002_cLL_V1_V4_independent_rms_s0.npz,75842,60c107523726252561feb9469a159fed4ba45142f3e44a39633709ee241e187f
resnet,electrode,101,bandpass_n20002_cLL_V1_V4_electrode_s20,phase2/results/predictions/full/electrode/resnet/seed_101/bandpass_n20002_cLL_V1_V4_electrode_s20.npz,76464,e53e415f94023f18605503b660d7bd9bf4a4d61eed195479e3e218bf0e727886
resnet,electrode,101,bandpass_n20002_cLL_V1_V4_electrode_s15,phase2/results/predictions/full/electrode/resnet/seed_101/bandpass_n20002_cLL_V1_V4_electrode_s15.npz,76485,93fd894c37bbae5c3ded733b11d4c8238996961996f566ae6c910edd31901494
resnet,electrode,101,bandpass_n20002_cLL_V1_V4_electrode_s10,phase2/results/predictions/full/electrode/resnet/seed_101/bandpass_n20002_cLL_V1_V4_electrode_s10.npz,76387,768647b09680d5b14f786116f83d3d121606941ae59c47d9248586d5bd3fc3e0
resnet,electrode,101,bandpass_n20002_cLL_V1_V4_electrode_s5,phase2/results/predictions/full/electrode/resnet/seed_101/bandpass_n20002_cLL_V1_V4_electrode_s5.npz,76143,e469998960c3b9297e77ae724fe967a77e5475e1e112f742b0f918019995c9f6
resnet,electrode,101,bandpass_n20002_cLL_V1_V4_electrode_s0,phase2/results/predictions/full/electrode/resnet/seed_101/bandpass_n20002_cLL_V1_V4_electrode_s0.npz,75483,938035414b987ecd1231cfefc91306330896ad38de3034a5d45032acf971b83f
resnet,electrode,101,bandpass_n20002_cLL_V1_V4_covariance_s20,phase2/results/predictions/full/electrode/resnet/seed_101/bandpass_n20002_cLL_V1_V4_covariance_s20.npz,76495,0476b1c850711769db2c22ac41bb86c01425f339b39719cf009cbe6ca6104ab5
resnet,electrode,101,bandpass_n20002_cLL_V1_V4_covariance_s15,phase2/results/predictions/full/electrode/resnet/seed_101/bandpass_n20002_cLL_V1_V4_covariance_s15.npz,76445,4673effd59b2e3f2c4ff1fcfa56931e8eaf986cedc3203f73551fef1e2e0af00
resnet,electrode,101,bandpass_n20002_cLL_V1_V4_covariance_s10,phase2/results/predictions/full/electrode/resnet/seed_101/bandpass_n20002_cLL_V1_V4_covariance_s10.npz,76389,18c1bc0d62cdf2f59dfec592ada049159aa853161593b9f60e8aa012175049b9
resnet,electrode,101,bandpass_n20002_cLL_V1_V4_covariance_s5,phase2/results/predictions/full/electrode/resnet/seed_101/bandpass_n20002_cLL_V1_V4_covariance_s5.npz,76120,450b1244891995c68eded6bb87edd657e9366d3e7c9706362e45ce4b7aa742b1
resnet,electrode,101,bandpass_n20002_cLL_V1_V4_covariance_s0,phase2/results/predictions/full/electrode/resnet/seed_101/bandpass_n20002_cLL_V1_V4_covariance_s0.npz,75476,0fd3793687103a29abb06dcd6589e1e61690a7cb5d7ac3bf29f46475b9967627
resnet,electrode,101,bandpass_n20002_call_independent_rms_s20,phase2/results/predictions/full/electrode/resnet/seed_101/bandpass_n20002_call_independent_rms_s20.npz,76485,49768213478eb7abf1290362502964075dc96d53796eab44f3c18eaaa62039ad
resnet,electrode,101,bandpass_n20002_call_independent_rms_s15,phase2/results/predictions/full/electrode/resnet/seed_101/bandpass_n20002_call_independent_rms_s15.npz,76497,69c1b0ffb597b25be10e3ccb38f88f689919ce88749ee296233da944b0a4dca0
resnet,electrode,101,bandpass_n20002_call_independent_rms_s10,phase2/results/predictions/full/electrode/resnet/seed_101/bandpass_n20002_call_independent_rms_s10.npz,76441,288a4f30e3f427f1ac47e31b994486c0919af0673f6c6866e51ed8e02682f0e8
resnet,electrode,101,bandpass_n20002_call_independent_rms_s5,phase2/results/predictions/full/electrode/resnet/seed_101/bandpass_n20002_call_independent_rms_s5.npz,76287,92eef40da2880670ced78e3bbe994f2a8e012e51c359698ae5bf3c8b35800520
resnet,electrode,101,bandpass_n20002_call_independent_rms_s0,phase2/results/predictions/full/electrode/resnet/seed_101/bandpass_n20002_call_independent_rms_s0.npz,75862,364ca0e676d683430d26d62739964435f04266bd723ed5bc0c9c26d40af1f06d
resnet,electrode,101,bandpass_n20002_call_electrode_s20,phase2/results/predictions/full/electrode/resnet/seed_101/bandpass_n20002_call_electrode_s20.npz,76461,8e1c70f7b76b8b634d14103eb22507d7f9d432474d8d9baca8a6e44fe61057ba
resnet,electrode,101,bandpass_n20002_call_electrode_s15,phase2/results/predictions/full/electrode/resnet/seed_101/bandpass_n20002_call_electrode_s15.npz,76461,650c350f7f97a24685b61fbd8fa59e0bc87ad1e2f22bbfc21151ef8910fa7aa3
resnet,electrode,101,bandpass_n20002_call_electrode_s10,phase2/results/predictions/full/electrode/resnet/seed_101/bandpass_n20002_call_electrode_s10.npz,76433,31119ba1340c94a4b165bba400eda7ca053e6637922321d68e65aa93cab76b7b
resnet,electrode,101,bandpass_n20002_call_electrode_s5,phase2/results/predictions/full/electrode/resnet/seed_101/bandpass_n20002_call_electrode_s5.npz,76154,7fa1a8a72625d00c7e0043ecc5d9da6f1265d4401f8282d4a88eede87e1c9340
resnet,electrode,101,bandpass_n20002_call_electrode_s0,phase2/results/predictions/full/electrode/resnet/seed_101/bandpass_n20002_call_electrode_s0.npz,75666,920c9c83a094451ad228cb808ca43efea83759f1bfe3e62b285be3f1a62822b6
resnet,electrode,101,bandpass_n20002_call_covariance_s20,phase2/results/predictions/full/electrode/resnet/seed_101/bandpass_n20002_call_covariance_s20.npz,76469,311c0d3265929d4619b2cc3300ebe77c7a09ca2465ab35cec890cd3c3f0aa5a2
resnet,electrode,101,bandpass_n20002_call_covariance_s15,phase2/results/predictions/full/electrode/resnet/seed_101/bandpass_n20002_call_covariance_s15.npz,76457,29e1ee447ce26fe851434836a547a3b7ac8c719bb4087cb7624fbe7c6f9a8c17
resnet,electrode,101,bandpass_n20002_call_covariance_s10,phase2/results/predictions/full/electrode/resnet/seed_101/bandpass_n20002_call_covariance_s10.npz,76384,49eba12e39f5dae27c744184f8e6f32cc9747761f50b7ef00571ff0d084b8a06
resnet,electrode,101,bandpass_n20002_call_covariance_s5,phase2/results/predictions/full/electrode/resnet/seed_101/bandpass_n20002_call_covariance_s5.npz,76185,349d577aaa8072991d4ed43f8b69fbba2281865b4c83e7c9f3c39c6d5c6a97bb
resnet,electrode,101,bandpass_n20002_call_covariance_s0,phase2/results/predictions/full/electrode/resnet/seed_101/bandpass_n20002_call_covariance_s0.npz,75644,ac975d81628ecdc1c3cbcb59a3e2950833ecf6a042132442eeed14c4ba5cbad7
resnet,electrode,101,bandpass_n20003_cRA_LA_LL_independent_rms_s20,phase2/results/predictions/full/electrode/resnet/seed_101/bandpass_n20003_cRA_LA_LL_independent_rms_s20.npz,76483,6d1d7d903a3d7b087aa12477807860ec236906a279bbd2a7d29d7cda62ee599c
resnet,electrode,101,bandpass_n20003_cRA_LA_LL_independent_rms_s15,phase2/results/predictions/full/electrode/resnet/seed_101/bandpass_n20003_cRA_LA_LL_independent_rms_s15.npz,76503,08e245813ba7fb99d19cb4764dcf9ae11b690041507db6a570ac19a194ea88c5
resnet,electrode,101,bandpass_n20003_cRA_LA_LL_independent_rms_s10,phase2/results/predictions/full/electrode/resnet/seed_101/bandpass_n20003_cRA_LA_LL_independent_rms_s10.npz,76479,daad40935f16961c367861061a1e51f2abe39b5d1e435b0765748e2c679863ed
resnet,electrode,101,bandpass_n20003_cRA_LA_LL_independent_rms_s5,phase2/results/predictions/full/electrode/resnet/seed_101/bandpass_n20003_cRA_LA_LL_independent_rms_s5.npz,76322,81571755d6ec880b24bc2c8aa31646484d1b02a8885391be02ecab31f8ce7996
resnet,electrode,101,bandpass_n20003_cRA_LA_LL_independent_rms_s0,phase2/results/predictions/full/electrode/resnet/seed_101/bandpass_n20003_cRA_LA_LL_independent_rms_s0.npz,75967,f380b2a9166fed8b7ef5d8b86d0df546809bf312cc69862db37ee76ed554d8fe
resnet,electrode,101,bandpass_n20003_cRA_LA_LL_electrode_s20,phase2/results/predictions/full/electrode/resnet/seed_101/bandpass_n20003_cRA_LA_LL_electrode_s20.npz,76471,df48788b1cb7c3c5cf5e86c3187c2a721409efb3b29d0bd6136a1a36f3348eaf
resnet,electrode,101,bandpass_n20003_cRA_LA_LL_electrode_s15,phase2/results/predictions/full/electrode/resnet/seed_101/bandpass_n20003_cRA_LA_LL_electrode_s15.npz,76470,60fd04a37082f71d8f3c9615e38ebc611ffce8a0af72a3c3ee23a644cfd003a7
resnet,electrode,101,bandpass_n20003_cRA_LA_LL_electrode_s10,phase2/results/predictions/full/electrode/resnet/seed_101/bandpass_n20003_cRA_LA_LL_electrode_s10.npz,76396,8ca82efab4b9df8d46488636b94deeadc24023d6cb93fbd1d2dfc15ed8d1af6c
resnet,electrode,101,bandpass_n20003_cRA_LA_LL_electrode_s5,phase2/results/predictions/full/electrode/resnet/seed_101/bandpass_n20003_cRA_LA_LL_electrode_s5.npz,76176,e68e0c88ddab7da8dccd6a20d02590031c0af7b6d529448549fd99e8b2d79be6
resnet,electrode,101,bandpass_n20003_cRA_LA_LL_electrode_s0,phase2/results/predictions/full/electrode/resnet/seed_101/bandpass_n20003_cRA_LA_LL_electrode_s0.npz,75619,a8ffa34b9ded7339ee1ac27172d0319bb4174f7749d3beec89dbd3e8c9f86498
resnet,electrode,101,bandpass_n20003_cRA_LA_LL_covariance_s20,phase2/results/predictions/full/electrode/resnet/seed_101/bandpass_n20003_cRA_LA_LL_covariance_s20.npz,76492,d1e0aff224c1f6e7e23a151a43d8507f2da8ba5f86f26b9b6361b6826694a12a
resnet,electrode,101,bandpass_n20003_cRA_LA_LL_covariance_s15,phase2/results/predictions/full/electrode/resnet/seed_101/bandpass_n20003_cRA_LA_LL_covariance_s15.npz,76466,e128c7424212c9cabc17c0342799711cda237e6ddb7fa5f7632a0a126fe5ded2
resnet,electrode,101,bandpass_n20003_cRA_LA_LL_covariance_s10,phase2/results/predictions/full/electrode/resnet/seed_101/bandpass_n20003_cRA_LA_LL_covariance_s10.npz,76354,901acc2137e6f5485b8aea46f88bc3ec3fed3950343ef2df00450183b8074733
resnet,electrode,101,bandpass_n20003_cRA_LA_LL_covariance_s5,phase2/results/predictions/full/electrode/resnet/seed_101/bandpass_n20003_cRA_LA_LL_covariance_s5.npz,76147,a96429e9a5f0376ca425a68107f7cb34efb5edd0448c9f95051e1137488487d6
resnet,electrode,101,bandpass_n20003_cRA_LA_LL_covariance_s0,phase2/results/predictions/full/electrode/resnet/seed_101/bandpass_n20003_cRA_LA_LL_covariance_s0.npz,75617,cb22be2537d7814c479872fca6aa67148832ce357716e82f3020adcde870306b
resnet,electrode,101,bandpass_n20003_cV1_independent_rms_s20,phase2/results/predictions/full/electrode/resnet/seed_101/bandpass_n20003_cV1_independent_rms_s20.npz,76464,a9760bedb1508582fe02463840c9fcf590ddc8b8d15f8e0030add1631c4bc265
resnet,electrode,101,bandpass_n20003_cV1_independent_rms_s15,phase2/results/predictions/full/electrode/resnet/seed_101/bandpass_n20003_cV1_independent_rms_s15.npz,76474,cf1405060316e53c8fcf6150f7f307158aba562d8f788bf4eff3fc6dd96bba8d
resnet,electrode,101,bandpass_n20003_cV1_independent_rms_s10,phase2/results/predictions/full/electrode/resnet/seed_101/bandpass_n20003_cV1_independent_rms_s10.npz,76372,66e7c77bd8baf56d8a72b7161e9b97fba8e435868b1a19e55674c5445a7ef5fd
resnet,electrode,101,bandpass_n20003_cV1_independent_rms_s5,phase2/results/predictions/full/electrode/resnet/seed_101/bandpass_n20003_cV1_independent_rms_s5.npz,76125,3fcbddf8ed07b8ca2d07a88b52126555edf86efcd48e5732b46ea15ccef7d73c
resnet,electrode,101,bandpass_n20003_cV1_independent_rms_s0,phase2/results/predictions/full/electrode/resnet/seed_101/bandpass_n20003_cV1_independent_rms_s0.npz,75463,3bcbaacbcedeb0848432ca2bcc7398384fcd3deb1386bc7d3542a94373c81738
resnet,electrode,101,bandpass_n20003_cV1_electrode_s20,phase2/results/predictions/full/electrode/resnet/seed_101/bandpass_n20003_cV1_electrode_s20.npz,76459,f777df2c8af5bbd5a38b5b39fe4011adb4d1b891db9e470b61d3e62c854c41aa
resnet,electrode,101,bandpass_n20003_cV1_electrode_s15,phase2/results/predictions/full/electrode/resnet/seed_101/bandpass_n20003_cV1_electrode_s15.npz,76472,b3fc2b47f7f4f2bf8ad2137d9446ebd9e315d1f3d8f548ceff72e5058b7d4ad2
resnet,electrode,101,bandpass_n20003_cV1_electrode_s10,phase2/results/predictions/full/electrode/resnet/seed_101/bandpass_n20003_cV1_electrode_s10.npz,76355,358b8bbce35d25c51818e06f22b936c205e5257066bbd7af6da779af314a257e
resnet,electrode,101,bandpass_n20003_cV1_electrode_s5,phase2/results/predictions/full/electrode/resnet/seed_101/bandpass_n20003_cV1_electrode_s5.npz,76137,e60878cb20d48bb31c038898e4b1241e6233d0fe961b6bca8b061a3ed354f79f
resnet,electrode,101,bandpass_n20003_cV1_electrode_s0,phase2/results/predictions/full/electrode/resnet/seed_101/bandpass_n20003_cV1_electrode_s0.npz,75496,ffef518e18cfc86e0d5f0bc6102cde4cb00fa6877615e342268af2e9828b2d5b
resnet,electrode,101,bandpass_n20003_cV1_covariance_s20,phase2/results/predictions/full/electrode/resnet/seed_101/bandpass_n20003_cV1_covariance_s20.npz,76446,ba2e188586ab65a9ebcd352887bf956799a30872d02f1ce8e9668d5a4ba1d30f
resnet,electrode,101,bandpass_n20003_cV1_covariance_s15,phase2/results/predictions/full/electrode/resnet/seed_101/bandpass_n20003_cV1_covariance_s15.npz,76461,680ddfbe714671b11df5a3e47650838446ca1eee6ed2da8bd0555704fdd58823
resnet,electrode,101,bandpass_n20003_cV1_covariance_s10,phase2/results/predictions/full/electrode/resnet/seed_101/bandpass_n20003_cV1_covariance_s10.npz,76393,e57453053fbfc2072694e2f413d12ef0fd9d600a22f66d92396ab0cbdafea9d3
resnet,electrode,101,bandpass_n20003_cV1_covariance_s5,phase2/results/predictions/full/electrode/resnet/seed_101/bandpass_n20003_cV1_covariance_s5.npz,76136,aaf6100fb4d3a8aa4f643ef59433b7a760efa875e77d5f36bd75dfaf9b3cbe62
resnet,electrode,101,bandpass_n20003_cV1_covariance_s0,phase2/results/predictions/full/electrode/resnet/seed_101/bandpass_n20003_cV1_covariance_s0.npz,75454,63b0f6352898996c15c08f77549b2b9212fdd36bc5693b8e0d7873d21cea9ebc
resnet,electrode,101,bandpass_n20003_cV2_independent_rms_s20,phase2/results/predictions/full/electrode/resnet/seed_101/bandpass_n20003_cV2_independent_rms_s20.npz,76494,c4194913187205ea2c4ce48e61316c8d1a04738c5ba4c6c261d166d96a2d1654
resnet,electrode,101,bandpass_n20003_cV2_independent_rms_s15,phase2/results/predictions/full/electrode/resnet/seed_101/bandpass_n20003_cV2_independent_rms_s15.npz,76503,d19853dd844a2bb459e0e38cd14015009253cca4765fd666e5b9aba3cd3140e4
resnet,electrode,101,bandpass_n20003_cV2_independent_rms_s10,phase2/results/predictions/full/electrode/resnet/seed_101/bandpass_n20003_cV2_independent_rms_s10.npz,76495,c8b98161f0d6325cb0b6adb073f070c6e18c8c08207ffdc36c48143057350f76
resnet,electrode,101,bandpass_n20003_cV2_independent_rms_s5,phase2/results/predictions/full/electrode/resnet/seed_101/bandpass_n20003_cV2_independent_rms_s5.npz,76301,ebc35766ce091f0e0dcb16b73e838f9121e9cbb93d0ab495b044d3cc61960380
resnet,electrode,101,bandpass_n20003_cV2_independent_rms_s0,phase2/results/predictions/full/electrode/resnet/seed_101/bandpass_n20003_cV2_independent_rms_s0.npz,75814,df523b158b0854fb4e46caa0481725184e9bc8281f6a5629a8564869fb759cea
resnet,electrode,101,bandpass_n20003_cV2_electrode_s20,phase2/results/predictions/full/electrode/resnet/seed_101/bandpass_n20003_cV2_electrode_s20.npz,76488,1f92c53cef590d822048db83b991b7ef1d081c13200cf8c7af3cba38a3c9af9a
resnet,electrode,101,bandpass_n20003_cV2_electrode_s15,phase2/results/predictions/full/electrode/resnet/seed_101/bandpass_n20003_cV2_electrode_s15.npz,76463,ef82f1baf9c0a60ba3e126c126c01aadb7d1c9605bcddf67562c32d2915152a6
resnet,electrode,101,bandpass_n20003_cV2_electrode_s10,phase2/results/predictions/full/electrode/resnet/seed_101/bandpass_n20003_cV2_electrode_s10.npz,76465,313bcd3089e81ece4239ef5e77b004c707b52c9ade1a56ef56330b71e25649d6
resnet,electrode,101,bandpass_n20003_cV2_electrode_s5,phase2/results/predictions/full/electrode/resnet/seed_101/bandpass_n20003_cV2_electrode_s5.npz,76292,236d17d4de76f58e69420b01e1b7a41a356588bd5209e783c221ec125efac5ed
resnet,electrode,101,bandpass_n20003_cV2_electrode_s0,phase2/results/predictions/full/electrode/resnet/seed_101/bandpass_n20003_cV2_electrode_s0.npz,75832,f979dbb7e41d46095761b6bf3705603d9941feec15cf2d7d42916fedce21f2ea
resnet,electrode,101,bandpass_n20003_cV2_covariance_s20,phase2/results/predictions/full/electrode/resnet/seed_101/bandpass_n20003_cV2_covariance_s20.npz,76495,edd293e39745bb2e044a8311f66e1d418c9327dd3ad4f21eb5bcceec54c76490
resnet,electrode,101,bandpass_n20003_cV2_covariance_s15,phase2/results/predictions/full/electrode/resnet/seed_101/bandpass_n20003_cV2_covariance_s15.npz,76501,15fcfcca88392015b7ee239c4e72d75928f67a5a7f844ea4a0630a16b002cc17
resnet,electrode,101,bandpass_n20003_cV2_covariance_s10,phase2/results/predictions/full/electrode/resnet/seed_101/bandpass_n20003_cV2_covariance_s10.npz,76478,3b6b553f5e69eeb17eaf110161487c6fc9c6ca4d908fdb616a127bf2664553d9
resnet,electrode,101,bandpass_n20003_cV2_covariance_s5,phase2/results/predictions/full/electrode/resnet/seed_101/bandpass_n20003_cV2_covariance_s5.npz,76283,c22ad2c0aca0f2d4237a6d0c863f57ed468242ed268c1194c90d03c36a03f7da
resnet,electrode,101,bandpass_n20003_cV2_covariance_s0,phase2/results/predictions/full/electrode/resnet/seed_101/bandpass_n20003_cV2_covariance_s0.npz,75798,48283dadd361fa715d53af6f0603f4a21bce41889e6c3ee2fb74bcae323cc55c
resnet,electrode,101,bandpass_n20003_cV3_independent_rms_s20,phase2/results/predictions/full/electrode/resnet/seed_101/bandpass_n20003_cV3_independent_rms_s20.npz,76470,c9f9416e15e8c692b0e2a8052d8515bd0f0d28eb038225305da41d5660277d4f
resnet,electrode,101,bandpass_n20003_cV3_independent_rms_s15,phase2/results/predictions/full/electrode/resnet/seed_101/bandpass_n20003_cV3_independent_rms_s15.npz,76459,0a43ea307a7359f0be25a6da41835643285e7c7675319234c6bd17dec3380f88
resnet,electrode,101,bandpass_n20003_cV3_independent_rms_s10,phase2/results/predictions/full/electrode/resnet/seed_101/bandpass_n20003_cV3_independent_rms_s10.npz,76418,48fc5f3f2388d1df100db87d1dffbfb6b89052002a0ea30c16779989471cf1e9
resnet,electrode,101,bandpass_n20003_cV3_independent_rms_s5,phase2/results/predictions/full/electrode/resnet/seed_101/bandpass_n20003_cV3_independent_rms_s5.npz,76300,7e1419adde3973b90f46126467358fd9eb411625dbc0442b9725c2612694d6fa
resnet,electrode,101,bandpass_n20003_cV3_independent_rms_s0,phase2/results/predictions/full/electrode/resnet/seed_101/bandpass_n20003_cV3_independent_rms_s0.npz,75967,bc0e1d6b55b32a5b5a948d87c99bde4c52e8dba3396079288f89627f952e47a6
resnet,electrode,101,bandpass_n20003_cV3_electrode_s20,phase2/results/predictions/full/electrode/resnet/seed_101/bandpass_n20003_cV3_electrode_s20.npz,76479,51c84ef007ab4d81207e7c38a75177c66782914a9aea38b92f48981792b915fc
resnet,electrode,101,bandpass_n20003_cV3_electrode_s15,phase2/results/predictions/full/electrode/resnet/seed_101/bandpass_n20003_cV3_electrode_s15.npz,76444,d46f86246b948a17fca060f8dc188f40ec48e20d31c97e30719e7b2d02d7df5c
resnet,electrode,101,bandpass_n20003_cV3_electrode_s10,phase2/results/predictions/full/electrode/resnet/seed_101/bandpass_n20003_cV3_electrode_s10.npz,76402,a76d78908c52557401c60d8009d796030063a6910cb037caae24256478bcbcd6
resnet,electrode,101,bandpass_n20003_cV3_electrode_s5,phase2/results/predictions/full/electrode/resnet/seed_101/bandpass_n20003_cV3_electrode_s5.npz,76277,b062fd9d7c0de7f67ce72ba8a2fa9ceed15253c7aff9c649e658018eb404f095
resnet,electrode,101,bandpass_n20003_cV3_electrode_s0,phase2/results/predictions/full/electrode/resnet/seed_101/bandpass_n20003_cV3_electrode_s0.npz,75968,b063a0e752aaeccd8dcc226dd592b9904aabe8995067444a04d51fb9ad8397e4
resnet,electrode,101,bandpass_n20003_cV3_covariance_s20,phase2/results/predictions/full/electrode/resnet/seed_101/bandpass_n20003_cV3_covariance_s20.npz,76470,51d67c8b6f3b4d60de04cff9e0edbf9daa72db13431a6e452670d94a35ce3843
resnet,electrode,101,bandpass_n20003_cV3_covariance_s15,phase2/results/predictions/full/electrode/resnet/seed_101/bandpass_n20003_cV3_covariance_s15.npz,76475,655be3b9b3060bb8ed60ab1b80060fde7f33966ec4147b384b77426ce96d9ffb
resnet,electrode,101,bandpass_n20003_cV3_covariance_s10,phase2/results/predictions/full/electrode/resnet/seed_101/bandpass_n20003_cV3_covariance_s10.npz,76441,21a949b02795059233e30b3304f745ed27f5cf929c4f0695d693ab0c287bdbf3
resnet,electrode,101,bandpass_n20003_cV3_covariance_s5,phase2/results/predictions/full/electrode/resnet/seed_101/bandpass_n20003_cV3_covariance_s5.npz,76290,8cbf3a9aef7b7d1757dc949f9d148888f84852b016eadb8d8b2c8925269d9a13
resnet,electrode,101,bandpass_n20003_cV3_covariance_s0,phase2/results/predictions/full/electrode/resnet/seed_101/bandpass_n20003_cV3_covariance_s0.npz,75944,659046d1b7734d7af27fca31ea5419df594ca1e7e9b01812c94e820725708eff
resnet,electrode,101,bandpass_n20003_cV4_independent_rms_s20,phase2/results/predictions/full/electrode/resnet/seed_101/bandpass_n20003_cV4_independent_rms_s20.npz,76481,87477f18f7e02629713c505b3d25cc055d8ba9a2550ef8949d6c859ca0de15b6
resnet,electrode,101,bandpass_n20003_cV4_independent_rms_s15,phase2/results/predictions/full/electrode/resnet/seed_101/bandpass_n20003_cV4_independent_rms_s15.npz,76429,d333f63ae98c093ed2c62ead79f6c8a7d9c8041948e14740e00ca59d7aa4d891
resnet,electrode,101,bandpass_n20003_cV4_independent_rms_s10,phase2/results/predictions/full/electrode/resnet/seed_101/bandpass_n20003_cV4_independent_rms_s10.npz,76427,ffdbcbd96ec717458f520f72a15877050034d37f051d364ad08c74d10dd65a8c
resnet,electrode,101,bandpass_n20003_cV4_independent_rms_s5,phase2/results/predictions/full/electrode/resnet/seed_101/bandpass_n20003_cV4_independent_rms_s5.npz,76380,3f0cc05946c6ddaa02d1085ce96ee147ea3c176a9646fc87aefd1e0b3742b9c6
resnet,electrode,101,bandpass_n20003_cV4_independent_rms_s0,phase2/results/predictions/full/electrode/resnet/seed_101/bandpass_n20003_cV4_independent_rms_s0.npz,76062,85d797069c133588bb24f5585bd2af971f02e0f2145cfb52244f34092e5a8ddb
resnet,electrode,101,bandpass_n20003_cV4_electrode_s20,phase2/results/predictions/full/electrode/resnet/seed_101/bandpass_n20003_cV4_electrode_s20.npz,76465,bad03743f0d1cea9fd51cf4c9a65a57d9f83c5a4a66213556d642619aa7a704a
resnet,electrode,101,bandpass_n20003_cV4_electrode_s15,phase2/results/predictions/full/electrode/resnet/seed_101/bandpass_n20003_cV4_electrode_s15.npz,76468,b5c9d9c6ff67a1973ea80f4158837e233b1b213ee64710ea358c12bbe3a7e6c1
resnet,electrode,101,bandpass_n20003_cV4_electrode_s10,phase2/results/predictions/full/electrode/resnet/seed_101/bandpass_n20003_cV4_electrode_s10.npz,76460,e485b5886ee1cd9fac7057dc85c4654acbed093f1caab468b35e2ce993e3b954
resnet,electrode,101,bandpass_n20003_cV4_electrode_s5,phase2/results/predictions/full/electrode/resnet/seed_101/bandpass_n20003_cV4_electrode_s5.npz,76358,02bf4ed44c06a13512abb60d259082ebbc2a0b58668064be6f7d5462ed4df9b0
resnet,electrode,101,bandpass_n20003_cV4_electrode_s0,phase2/results/predictions/full/electrode/resnet/seed_101/bandpass_n20003_cV4_electrode_s0.npz,76051,8fbd155c4f0439e954598144115243ca920857ba5bccae034168c9670dfd88e4
resnet,electrode,101,bandpass_n20003_cV4_covariance_s20,phase2/results/predictions/full/electrode/resnet/seed_101/bandpass_n20003_cV4_covariance_s20.npz,76475,386e81c3ffbe8fe4b22159eb7b916bbe33962e1a6487d2e3dfbb31f8dad423ec
resnet,electrode,101,bandpass_n20003_cV4_covariance_s15,phase2/results/predictions/full/electrode/resnet/seed_101/bandpass_n20003_cV4_covariance_s15.npz,76448,86d52a713c319fa149f82159f0c5b2ee1a7f3bdabc8085879fac643e4aa86e7b
resnet,electrode,101,bandpass_n20003_cV4_covariance_s10,phase2/results/predictions/full/electrode/resnet/seed_101/bandpass_n20003_cV4_covariance_s10.npz,76441,f3d65b3ed69fb05e9b53fec62fabf094b2f05394bca5d68a789f9eb106ca786c
resnet,electrode,101,bandpass_n20003_cV4_covariance_s5,phase2/results/predictions/full/electrode/resnet/seed_101/bandpass_n20003_cV4_covariance_s5.npz,76336,7f9f6733151591b4dc50ade2e67aca637ad03819bf1ffb2ba6cf88551f741ea3
resnet,electrode,101,bandpass_n20003_cV4_covariance_s0,phase2/results/predictions/full/electrode/resnet/seed_101/bandpass_n20003_cV4_covariance_s0.npz,76066,73bce7cd6fa1741550d1991cb1a36b4c5a9496ec87376233fbe4cafd5c1df023
resnet,electrode,101,bandpass_n20003_cV5_independent_rms_s20,phase2/results/predictions/full/electrode/resnet/seed_101/bandpass_n20003_cV5_independent_rms_s20.npz,76476,3b1383dac670623e6a23f74b74ba54bd6a1dd683cd9c9003cd07cc76e33569d3
resnet,electrode,101,bandpass_n20003_cV5_independent_rms_s15,phase2/results/predictions/full/electrode/resnet/seed_101/bandpass_n20003_cV5_independent_rms_s15.npz,76497,3b7d4f6c32db855f6d84da98ca241543c88004d5d181f91a594684622e38e3de
resnet,electrode,101,bandpass_n20003_cV5_independent_rms_s10,phase2/results/predictions/full/electrode/resnet/seed_101/bandpass_n20003_cV5_independent_rms_s10.npz,76495,dea3b01e0ca63482df13a5979666c4e4eea30547aca82925e1928f6a057644a5
resnet,electrode,101,bandpass_n20003_cV5_independent_rms_s5,phase2/results/predictions/full/electrode/resnet/seed_101/bandpass_n20003_cV5_independent_rms_s5.npz,76289,1108e9d727f21534c0bd30093ea3ecb301c9bddb5c1b6cd08ad54c2cf1674cbd
resnet,electrode,101,bandpass_n20003_cV5_independent_rms_s0,phase2/results/predictions/full/electrode/resnet/seed_101/bandpass_n20003_cV5_independent_rms_s0.npz,75816,61a21dd64092002e9e77f424d0a06f3ff2de25729ff22a23a21be348733b00b4
resnet,electrode,101,bandpass_n20003_cV5_electrode_s20,phase2/results/predictions/full/electrode/resnet/seed_101/bandpass_n20003_cV5_electrode_s20.npz,76464,a76d04a52eac7b1f968b37b4f2f35cd19fb87fd1736914f7459f81f752aed7ac
resnet,electrode,101,bandpass_n20003_cV5_electrode_s15,phase2/results/predictions/full/electrode/resnet/seed_101/bandpass_n20003_cV5_electrode_s15.npz,76466,0cf45fa24221d347acd8d40cb62cf32a42063125328d89ab3e7716b5592de8f4
resnet,electrode,101,bandpass_n20003_cV5_electrode_s10,phase2/results/predictions/full/electrode/resnet/seed_101/bandpass_n20003_cV5_electrode_s10.npz,76441,f82c02d160a5e2f3ebf4c8d22f97ca8a9b0c35a430eb66d8b58b2c1c53076d92
resnet,electrode,101,bandpass_n20003_cV5_electrode_s5,phase2/results/predictions/full/electrode/resnet/seed_101/bandpass_n20003_cV5_electrode_s5.npz,76305,3b39a67a7d717b1048f00b363b9f8ff1518ab1211d7a66439f369507cc6e36f7
resnet,electrode,101,bandpass_n20003_cV5_electrode_s0,phase2/results/predictions/full/electrode/resnet/seed_101/bandpass_n20003_cV5_electrode_s0.npz,75800,072725c5e45170eb3f38308c68c4034b1ff5d60118697aa594fc67dfcd909939
resnet,electrode,101,bandpass_n20003_cV5_covariance_s20,phase2/results/predictions/full/electrode/resnet/seed_101/bandpass_n20003_cV5_covariance_s20.npz,76470,7b1763111730bb5027fe40790c4f1a772d02f17c89ba6274bcad9d772a1cd079
resnet,electrode,101,bandpass_n20003_cV5_covariance_s15,phase2/results/predictions/full/electrode/resnet/seed_101/bandpass_n20003_cV5_covariance_s15.npz,76447,0da31f4396d7a4e4a7ad5ce02605032c3e828cfe6f7caef41cf1174dd72d9c03
resnet,electrode,101,bandpass_n20003_cV5_covariance_s10,phase2/results/predictions/full/electrode/resnet/seed_101/bandpass_n20003_cV5_covariance_s10.npz,76442,d30ddf05e9d44c2aa180bbe3dfb099343021d6d458347ea14df05ee94758be06
resnet,electrode,101,bandpass_n20003_cV5_covariance_s5,phase2/results/predictions/full/electrode/resnet/seed_101/bandpass_n20003_cV5_covariance_s5.npz,76292,71d470fbe9a8f2c74d657dd8a405c5fdaead2a9ba59bf69f6ff6b6946cd6e64f
resnet,electrode,101,bandpass_n20003_cV5_covariance_s0,phase2/results/predictions/full/electrode/resnet/seed_101/bandpass_n20003_cV5_covariance_s0.npz,75800,c8065fa31cc2f79a4d57cfcffa00167e242536940588170b99e096766e6fc21e
resnet,electrode,101,bandpass_n20003_cV6_independent_rms_s20,phase2/results/predictions/full/electrode/resnet/seed_101/bandpass_n20003_cV6_independent_rms_s20.npz,76494,f6f6032c2938138b7742e30d53b5904471dc1b16a956d36e37ecb2f2bd887439
resnet,electrode,101,bandpass_n20003_cV6_independent_rms_s15,phase2/results/predictions/full/electrode/resnet/seed_101/bandpass_n20003_cV6_independent_rms_s15.npz,76464,8fb3199697507ca3ba8a6872dc9604d3fc3cddb0d176097eb9d155ef14a8514d
resnet,electrode,101,bandpass_n20003_cV6_independent_rms_s10,phase2/results/predictions/full/electrode/resnet/seed_101/bandpass_n20003_cV6_independent_rms_s10.npz,76428,3c4fc7108e2b36e1fe64d2904c77fc97ea804055cc9d1941cc70bdce21407546
resnet,electrode,101,bandpass_n20003_cV6_independent_rms_s5,phase2/results/predictions/full/electrode/resnet/seed_101/bandpass_n20003_cV6_independent_rms_s5.npz,76305,10fd7f130a442a6b27c1ac0d340a675f54a0dd2dc2ea5186e4f178203ce54db1
resnet,electrode,101,bandpass_n20003_cV6_independent_rms_s0,phase2/results/predictions/full/electrode/resnet/seed_101/bandpass_n20003_cV6_independent_rms_s0.npz,75932,bb475d32e4fa9575224c0c005bc3e1a430ef196528d6f91735b152cfe34ddfc3
resnet,electrode,101,bandpass_n20003_cV6_electrode_s20,phase2/results/predictions/full/electrode/resnet/seed_101/bandpass_n20003_cV6_electrode_s20.npz,76445,7f788d1e1705c508ba3482c88e8f8e3163767d915bf95ea3baae7b3d0ac6bb5c
resnet,electrode,101,bandpass_n20003_cV6_electrode_s15,phase2/results/predictions/full/electrode/resnet/seed_101/bandpass_n20003_cV6_electrode_s15.npz,76473,e292264d1f2b6e3eecdc86274940c0dd33ebba9372873b7c9e7ef1dd74715974
resnet,electrode,101,bandpass_n20003_cV6_electrode_s10,phase2/results/predictions/full/electrode/resnet/seed_101/bandpass_n20003_cV6_electrode_s10.npz,76450,614e1de9da909f9745a8f5a8ff6253e7b1103418dedcc3aeaf3eb9704bebe0b3
resnet,electrode,101,bandpass_n20003_cV6_electrode_s5,phase2/results/predictions/full/electrode/resnet/seed_101/bandpass_n20003_cV6_electrode_s5.npz,76295,4261233b456690de3fa6ed7409ca8d12d73ce53f42f0937d4fb818368d7cf376
resnet,electrode,101,bandpass_n20003_cV6_electrode_s0,phase2/results/predictions/full/electrode/resnet/seed_101/bandpass_n20003_cV6_electrode_s0.npz,75922,425d2218b79afd62016faf764a3f7514cf930a834b9da45f9ad89b0d6a120baf
resnet,electrode,101,bandpass_n20003_cV6_covariance_s20,phase2/results/predictions/full/electrode/resnet/seed_101/bandpass_n20003_cV6_covariance_s20.npz,76455,f2858513668a3625acd06ce0b7ed944b9327021ba5186d2f6261278194cc48fc
resnet,electrode,101,bandpass_n20003_cV6_covariance_s15,phase2/results/predictions/full/electrode/resnet/seed_101/bandpass_n20003_cV6_covariance_s15.npz,76482,149212b990781da42edfaf60f48ca9e22cf499a5f0c6de71ae34a2dcad671938
resnet,electrode,101,bandpass_n20003_cV6_covariance_s10,phase2/results/predictions/full/electrode/resnet/seed_101/bandpass_n20003_cV6_covariance_s10.npz,76418,d90a503d87463212eeb9363e1a19a78c6b7bd56fc71f51df51b34ea2ee4bc57d
resnet,electrode,101,bandpass_n20003_cV6_covariance_s5,phase2/results/predictions/full/electrode/resnet/seed_101/bandpass_n20003_cV6_covariance_s5.npz,76268,0bbd479ee4eaa1baf547a1f4bd50c592779ac7d94951804e3c1eb34af8b98926
resnet,electrode,101,bandpass_n20003_cV6_covariance_s0,phase2/results/predictions/full/electrode/resnet/seed_101/bandpass_n20003_cV6_covariance_s0.npz,75923,c11e5719c481fec41b7798b4b646d6fceaa91e9bfbcfe2bf11579df8088d6674
resnet,electrode,101,bandpass_n20003_cRA_LA_independent_rms_s20,phase2/results/predictions/full/electrode/resnet/seed_101/bandpass_n20003_cRA_LA_independent_rms_s20.npz,76466,598b31fcbb73e7d742676d2a14be374d8a2b269e4cc9d3bd889021c393aab2eb
resnet,electrode,101,bandpass_n20003_cRA_LA_independent_rms_s15,phase2/results/predictions/full/electrode/resnet/seed_101/bandpass_n20003_cRA_LA_independent_rms_s15.npz,76488,6e21eb250b88222370db34cb3e53642dae4d139c7a0bdc2e560db443f52e0195
resnet,electrode,101,bandpass_n20003_cRA_LA_independent_rms_s10,phase2/results/predictions/full/electrode/resnet/seed_101/bandpass_n20003_cRA_LA_independent_rms_s10.npz,76420,89f5e8e5028b3d83845481b2a731b43e35382a76a1483be080d8b1f5b85a1b2e
resnet,electrode,101,bandpass_n20003_cRA_LA_independent_rms_s5,phase2/results/predictions/full/electrode/resnet/seed_101/bandpass_n20003_cRA_LA_independent_rms_s5.npz,76302,81ef7614fe0b68653dda3a696383d63d8fb5570d5b16a36f3c047f8602b2588a
resnet,electrode,101,bandpass_n20003_cRA_LA_independent_rms_s0,phase2/results/predictions/full/electrode/resnet/seed_101/bandpass_n20003_cRA_LA_independent_rms_s0.npz,75995,585dfa8da855c0009464649af2f0257857095f39c1397ec5a195ef4bd1bd41d9
resnet,electrode,101,bandpass_n20003_cRA_LA_electrode_s20,phase2/results/predictions/full/electrode/resnet/seed_101/bandpass_n20003_cRA_LA_electrode_s20.npz,76472,f50584d501d651a028b226e688ca16843fa5200174e914c0a9d2a77f1687f560
resnet,electrode,101,bandpass_n20003_cRA_LA_electrode_s15,phase2/results/predictions/full/electrode/resnet/seed_101/bandpass_n20003_cRA_LA_electrode_s15.npz,76475,eb3c2fbddfc061e9b05a8a9bb957e0457e8bd9c39eb1791967214f4618619a08
resnet,electrode,101,bandpass_n20003_cRA_LA_electrode_s10,phase2/results/predictions/full/electrode/resnet/seed_101/bandpass_n20003_cRA_LA_electrode_s10.npz,76402,5c0beed85993d8c15346c472889683b19f19aee32d2f7eb57583b0fb3ed484f6
resnet,electrode,101,bandpass_n20003_cRA_LA_electrode_s5,phase2/results/predictions/full/electrode/resnet/seed_101/bandpass_n20003_cRA_LA_electrode_s5.npz,76194,b36f1da1df80839d9e549a1801ad6c0e85b5e4b42fccbfae86fd425cec7c60de
resnet,electrode,101,bandpass_n20003_cRA_LA_electrode_s0,phase2/results/predictions/full/electrode/resnet/seed_101/bandpass_n20003_cRA_LA_electrode_s0.npz,75858,9776ee901abe7b0b2c5cbc1ca0e7f99b90661764edf762e821113371cbf2a072
resnet,electrode,101,bandpass_n20003_cRA_LA_covariance_s20,phase2/results/predictions/full/electrode/resnet/seed_101/bandpass_n20003_cRA_LA_covariance_s20.npz,76474,41a588cbb72809ad82200cf04b7328a65715f4a218b829352b5fe936cd8e6457
resnet,electrode,101,bandpass_n20003_cRA_LA_covariance_s15,phase2/results/predictions/full/electrode/resnet/seed_101/bandpass_n20003_cRA_LA_covariance_s15.npz,76488,97dc80c10c4bd40f9484cd4bad232e0300e3b93dc0bf0f50df258f66a966f690
resnet,electrode,101,bandpass_n20003_cRA_LA_covariance_s10,phase2/results/predictions/full/electrode/resnet/seed_101/bandpass_n20003_cRA_LA_covariance_s10.npz,76403,742fb046de428be6e2dbda2d68058b4cf46aa33b09eaaab92c963a71e036512d
resnet,electrode,101,bandpass_n20003_cRA_LA_covariance_s5,phase2/results/predictions/full/electrode/resnet/seed_101/bandpass_n20003_cRA_LA_covariance_s5.npz,76229,3568ea5a728bac389c1632167c3b1a9c0313dcf0d69ab7d6c25173933d95eaac
resnet,electrode,101,bandpass_n20003_cRA_LA_covariance_s0,phase2/results/predictions/full/electrode/resnet/seed_101/bandpass_n20003_cRA_LA_covariance_s0.npz,75820,f8915bd9f001e08cc92c1065206cf527985cf9e7e6a7fd4621a5e56b1c16ec5a
resnet,electrode,101,bandpass_n20003_cLA_LL_independent_rms_s20,phase2/results/predictions/full/electrode/resnet/seed_101/bandpass_n20003_cLA_LL_independent_rms_s20.npz,76492,45a0e53f37706291c943db2a1dddf8c0ecc50d7f253d78d69a1023c8517348bf
resnet,electrode,101,bandpass_n20003_cLA_LL_independent_rms_s15,phase2/results/predictions/full/electrode/resnet/seed_101/bandpass_n20003_cLA_LL_independent_rms_s15.npz,76489,3dd1873ea67d51cb35dfe9407cdbb20e386fb897132060f48810269445af537c
resnet,electrode,101,bandpass_n20003_cLA_LL_independent_rms_s10,phase2/results/predictions/full/electrode/resnet/seed_101/bandpass_n20003_cLA_LL_independent_rms_s10.npz,76435,1051a5597a356b3024f66c4796bd432a32f3ec67e7dccd9bbc5f527149eb181a
resnet,electrode,101,bandpass_n20003_cLA_LL_independent_rms_s5,phase2/results/predictions/full/electrode/resnet/seed_101/bandpass_n20003_cLA_LL_independent_rms_s5.npz,76289,b8b2969df8150e0eab441b8cd8e01bb358cba3e56a8070d4c051a503e3853fc6
resnet,electrode,101,bandpass_n20003_cLA_LL_independent_rms_s0,phase2/results/predictions/full/electrode/resnet/seed_101/bandpass_n20003_cLA_LL_independent_rms_s0.npz,75921,b750ac8c7f108c8353c18177b68ed70fca203d2f5af46d8d842d3223c8b4a4d2
resnet,electrode,101,bandpass_n20003_cLA_LL_electrode_s20,phase2/results/predictions/full/electrode/resnet/seed_101/bandpass_n20003_cLA_LL_electrode_s20.npz,76472,e6f76fe5c5bc5e287c655122a3585947c257b315d9c43cc7df078dd50a0465c4
resnet,electrode,101,bandpass_n20003_cLA_LL_electrode_s15,phase2/results/predictions/full/electrode/resnet/seed_101/bandpass_n20003_cLA_LL_electrode_s15.npz,76480,546800ba61b1896acf1122bc26a0ae21a8998e9df858cf10f7d6201d2b298de1
resnet,electrode,101,bandpass_n20003_cLA_LL_electrode_s10,phase2/results/predictions/full/electrode/resnet/seed_101/bandpass_n20003_cLA_LL_electrode_s10.npz,76361,e1cf8a5ae0d6b1efcf2f1a4d5aac5ce3f96b559eb79860b5683ef680ba287301
resnet,electrode,101,bandpass_n20003_cLA_LL_electrode_s5,phase2/results/predictions/full/electrode/resnet/seed_101/bandpass_n20003_cLA_LL_electrode_s5.npz,76182,ef2a9295739ef4d466e42c2d24cfdc3adaf0102a8740076e7efdf39d6382848c
resnet,electrode,101,bandpass_n20003_cLA_LL_electrode_s0,phase2/results/predictions/full/electrode/resnet/seed_101/bandpass_n20003_cLA_LL_electrode_s0.npz,75516,d95cae1116e7cd1c093fbf035451c76e00599f64ae5f6a8ab489f34aaec1bb0d
resnet,electrode,101,bandpass_n20003_cLA_LL_covariance_s20,phase2/results/predictions/full/electrode/resnet/seed_101/bandpass_n20003_cLA_LL_covariance_s20.npz,76458,b6fadab0a4b0fbf2c7f29a33586e666af869a80f8c21ad82ccafd2655f2752be
resnet,electrode,101,bandpass_n20003_cLA_LL_covariance_s15,phase2/results/predictions/full/electrode/resnet/seed_101/bandpass_n20003_cLA_LL_covariance_s15.npz,76473,0c2d4703b66828a9583483ffffd9df51bca5d87fb82fbfe31b099719b9045c04
resnet,electrode,101,bandpass_n20003_cLA_LL_covariance_s10,phase2/results/predictions/full/electrode/resnet/seed_101/bandpass_n20003_cLA_LL_covariance_s10.npz,76409,c51e24bef467b7f017d4af80d5e785dc5e9cc8275e2246192f90035ed973d706
resnet,electrode,101,bandpass_n20003_cLA_LL_covariance_s5,phase2/results/predictions/full/electrode/resnet/seed_101/bandpass_n20003_cLA_LL_covariance_s5.npz,76147,56a34e89d3fc134b4353dd43cf263940b66d1767951723abfa2129483caa2fa3
resnet,electrode,101,bandpass_n20003_cLA_LL_covariance_s0,phase2/results/predictions/full/electrode/resnet/seed_101/bandpass_n20003_cLA_LL_covariance_s0.npz,75524,650e71676e4d90547d1512ff6e207fffa56c05c1bd027f3e457982a3e8a86ceb
resnet,electrode,101,bandpass_n20003_cRA_LL_independent_rms_s20,phase2/results/predictions/full/electrode/resnet/seed_101/bandpass_n20003_cRA_LL_independent_rms_s20.npz,76499,2870553ff2be85519ec159b176716b42958bffab7c069191fc6af2d6865f4a98
resnet,electrode,101,bandpass_n20003_cRA_LL_independent_rms_s15,phase2/results/predictions/full/electrode/resnet/seed_101/bandpass_n20003_cRA_LL_independent_rms_s15.npz,76482,44fdcb3fcfc43d2af8c4ba0d804159f94d41ed0f8df997b39c5129642d993166
resnet,electrode,101,bandpass_n20003_cRA_LL_independent_rms_s10,phase2/results/predictions/full/electrode/resnet/seed_101/bandpass_n20003_cRA_LL_independent_rms_s10.npz,76468,c6592fd91ab0267b29e2d0c8a53c902b57d901ab85af6ecf6ab2fc66b9b8c4ce
resnet,electrode,101,bandpass_n20003_cRA_LL_independent_rms_s5,phase2/results/predictions/full/electrode/resnet/seed_101/bandpass_n20003_cRA_LL_independent_rms_s5.npz,76255,4a691de047815bfde54fb8a36aa57ce9a1f9b6427ffa3282df6e2b887fd66d3e
resnet,electrode,101,bandpass_n20003_cRA_LL_independent_rms_s0,phase2/results/predictions/full/electrode/resnet/seed_101/bandpass_n20003_cRA_LL_independent_rms_s0.npz,75925,d18d93c4a0532afd7a1cdfd539bde6b7f588ad059cd45b90f7d85d63bc004393
resnet,electrode,101,bandpass_n20003_cRA_LL_electrode_s20,phase2/results/predictions/full/electrode/resnet/seed_101/bandpass_n20003_cRA_LL_electrode_s20.npz,76467,9e823fc912b8725dd1e8c7644e1dac68ff4b6ab867e1bb35647f0971ce9cde36
resnet,electrode,101,bandpass_n20003_cRA_LL_electrode_s15,phase2/results/predictions/full/electrode/resnet/seed_101/bandpass_n20003_cRA_LL_electrode_s15.npz,76467,553f95933fbe16a77338bab12ae23c100e3c3369c23824313fcc5c97d54b334e
resnet,electrode,101,bandpass_n20003_cRA_LL_electrode_s10,phase2/results/predictions/full/electrode/resnet/seed_101/bandpass_n20003_cRA_LL_electrode_s10.npz,76389,7c1a1ef0dd1054ecc3b092f19d7340413406dd56b001fc28e5f117ee23e2606c
resnet,electrode,101,bandpass_n20003_cRA_LL_electrode_s5,phase2/results/predictions/full/electrode/resnet/seed_101/bandpass_n20003_cRA_LL_electrode_s5.npz,76088,23a20cb163127d384fe3371d99a4f474bad4a9a4d087a4f2e718a903b11d9c30
resnet,electrode,101,bandpass_n20003_cRA_LL_electrode_s0,phase2/results/predictions/full/electrode/resnet/seed_101/bandpass_n20003_cRA_LL_electrode_s0.npz,75603,5c5f6bcb0632de469248eb6add2ea86e721a91eb6131c4f0727256904513103c
resnet,electrode,101,bandpass_n20003_cRA_LL_covariance_s20,phase2/results/predictions/full/electrode/resnet/seed_101/bandpass_n20003_cRA_LL_covariance_s20.npz,76486,ede8319864a8f93d4007e1e66d0f069fbe0570c7a227af52cb514bc6100902e6
resnet,electrode,101,bandpass_n20003_cRA_LL_covariance_s15,phase2/results/predictions/full/electrode/resnet/seed_101/bandpass_n20003_cRA_LL_covariance_s15.npz,76450,a7a639b3a968411570c6daf652d71a5d38ec84a75468df9bcdc5364b19360efa
resnet,electrode,101,bandpass_n20003_cRA_LL_covariance_s10,phase2/results/predictions/full/electrode/resnet/seed_101/bandpass_n20003_cRA_LL_covariance_s10.npz,76380,6c9c45794c108140eb53cf363a2cf8615ca4101f013df9420feacf58ea0aabb4
resnet,electrode,101,bandpass_n20003_cRA_LL_covariance_s5,phase2/results/predictions/full/electrode/resnet/seed_101/bandpass_n20003_cRA_LL_covariance_s5.npz,76122,af86fdce272ebfa0f0e9a0d207d8efd8051232dcd19058696622911a5a886a9e
resnet,electrode,101,bandpass_n20003_cRA_LL_covariance_s0,phase2/results/predictions/full/electrode/resnet/seed_101/bandpass_n20003_cRA_LL_covariance_s0.npz,75615,45c68b96c2621b56bc3b5f029d73b71c416bcd941e896e11e8d05ebf5f7ff7aa
resnet,electrode,101,bandpass_n20003_cRA_independent_rms_s20,phase2/results/predictions/full/electrode/resnet/seed_101/bandpass_n20003_cRA_independent_rms_s20.npz,76467,43f5a63f91e093fb1ce3dc3a2cdb0e6ac1df31c156c9e09f3ae36d7af5fcfd3e
resnet,electrode,101,bandpass_n20003_cRA_independent_rms_s15,phase2/results/predictions/full/electrode/resnet/seed_101/bandpass_n20003_cRA_independent_rms_s15.npz,76458,c325cbf06bddfda8b3cd0a5aba11624a17cc47ec6e327de9eea787a7899532c7
resnet,electrode,101,bandpass_n20003_cRA_independent_rms_s10,phase2/results/predictions/full/electrode/resnet/seed_101/bandpass_n20003_cRA_independent_rms_s10.npz,76457,2c9b11b6945d5a0daeffcd8d311fbba12d3cdb2e7d1ec88a1e89a4d3f35fd34a
resnet,electrode,101,bandpass_n20003_cRA_independent_rms_s5,phase2/results/predictions/full/electrode/resnet/seed_101/bandpass_n20003_cRA_independent_rms_s5.npz,76316,721dae8bae225be0290683e6d172fdc682e2badce1d85620dd74d567151e12c0
resnet,electrode,101,bandpass_n20003_cRA_independent_rms_s0,phase2/results/predictions/full/electrode/resnet/seed_101/bandpass_n20003_cRA_independent_rms_s0.npz,76007,dc8bb1e6ac9ffb690a1c41b3b22101565a79139d44e47ad190934ed9324b79ed
resnet,electrode,101,bandpass_n20003_cRA_electrode_s20,phase2/results/predictions/full/electrode/resnet/seed_101/bandpass_n20003_cRA_electrode_s20.npz,76472,a70a29be17a5f3cd658e8e7e15607443f1664f02870d5fbdf5c9c0f5c586d7d9
resnet,electrode,101,bandpass_n20003_cRA_electrode_s15,phase2/results/predictions/full/electrode/resnet/seed_101/bandpass_n20003_cRA_electrode_s15.npz,76463,5e635ee40f9e9e562634e2728cb8de2d57e515e2b08b750dcf1051cbce63acef
resnet,electrode,101,bandpass_n20003_cRA_electrode_s10,phase2/results/predictions/full/electrode/resnet/seed_101/bandpass_n20003_cRA_electrode_s10.npz,76411,3493ec9dd99f5ed24dd3ebbba792d4d608c347e675f1604d2ed78deaabc64deb
resnet,electrode,101,bandpass_n20003_cRA_electrode_s5,phase2/results/predictions/full/electrode/resnet/seed_101/bandpass_n20003_cRA_electrode_s5.npz,76196,abd722b6b49a79a4c9ecf8bea33976b04f66129e2f33db3e4ae52d2bbc10ae22
resnet,electrode,101,bandpass_n20003_cRA_electrode_s0,phase2/results/predictions/full/electrode/resnet/seed_101/bandpass_n20003_cRA_electrode_s0.npz,75896,386843eef908b9627a3ab6aefec4600f16621d83ce88d948d83dd52db3ca9343
resnet,electrode,101,bandpass_n20003_cRA_covariance_s20,phase2/results/predictions/full/electrode/resnet/seed_101/bandpass_n20003_cRA_covariance_s20.npz,76477,506915656805e64d6b84d50f361da5529dd396b25a349e384539af2c260fb0fd
resnet,electrode,101,bandpass_n20003_cRA_covariance_s15,phase2/results/predictions/full/electrode/resnet/seed_101/bandpass_n20003_cRA_covariance_s15.npz,76450,8c37bb135a0bbdd3564783f1b31bee6c2291d9c6797a0d98a3835ac0b7eb7a54
resnet,electrode,101,bandpass_n20003_cRA_covariance_s10,phase2/results/predictions/full/electrode/resnet/seed_101/bandpass_n20003_cRA_covariance_s10.npz,76367,796758373c136a75ff51b2437c4beb1d7a9d730a99c4db40e748d0064be1272c
resnet,electrode,101,bandpass_n20003_cRA_covariance_s5,phase2/results/predictions/full/electrode/resnet/seed_101/bandpass_n20003_cRA_covariance_s5.npz,76183,3160d63e07747f342d6631bec24ee19787e31ae3d27f325f6ed99b0803142031
resnet,electrode,101,bandpass_n20003_cRA_covariance_s0,phase2/results/predictions/full/electrode/resnet/seed_101/bandpass_n20003_cRA_covariance_s0.npz,75894,3870e89221140434d65cb3a2a06acfbfc0acb69e423243fc0be62b2a4fa7f072
resnet,electrode,101,bandpass_n20003_cLA_independent_rms_s20,phase2/results/predictions/full/electrode/resnet/seed_101/bandpass_n20003_cLA_independent_rms_s20.npz,76473,f7b0c5f859d49c8c48e179f5a3fde35b764a82c6fb4b96f76eda1be01db22103
resnet,electrode,101,bandpass_n20003_cLA_independent_rms_s15,phase2/results/predictions/full/electrode/resnet/seed_101/bandpass_n20003_cLA_independent_rms_s15.npz,76465,b246207914a2e6583f03856c8bec6bf03eb6071af2d7cc8dce1b09761fe8485e
resnet,electrode,101,bandpass_n20003_cLA_independent_rms_s10,phase2/results/predictions/full/electrode/resnet/seed_101/bandpass_n20003_cLA_independent_rms_s10.npz,76457,05f0eae000fc1a8d703cb443b8ccef218444142274f0ffd5ba5cbbd25fc9ff38
resnet,electrode,101,bandpass_n20003_cLA_independent_rms_s5,phase2/results/predictions/full/electrode/resnet/seed_101/bandpass_n20003_cLA_independent_rms_s5.npz,76336,42cfb1291d763d91c9cbd0cb747ae5d314f5ca6be2b5d8fb64158cdbe3737ef8
resnet,electrode,101,bandpass_n20003_cLA_independent_rms_s0,phase2/results/predictions/full/electrode/resnet/seed_101/bandpass_n20003_cLA_independent_rms_s0.npz,75950,2dec2b5af96492046534ab9c1c8ac0997715ea4b9e636403907bbacefeab4d01
resnet,electrode,101,bandpass_n20003_cLA_electrode_s20,phase2/results/predictions/full/electrode/resnet/seed_101/bandpass_n20003_cLA_electrode_s20.npz,76438,588bf5d17eaede7e2d350acf61b00b7b03136558830d32aa3df4928d885bfe6b
resnet,electrode,101,bandpass_n20003_cLA_electrode_s15,phase2/results/predictions/full/electrode/resnet/seed_101/bandpass_n20003_cLA_electrode_s15.npz,76465,159aa9cb37d10ec69a6b89275b9e4d11bef61d6fc2a953e8784d37c71683cfa6
resnet,electrode,101,bandpass_n20003_cLA_electrode_s10,phase2/results/predictions/full/electrode/resnet/seed_101/bandpass_n20003_cLA_electrode_s10.npz,76434,e96aa263dd9771bf41ef9873dc1a6f3623334d314a1ae88b7c1df746aa9810cf
resnet,electrode,101,bandpass_n20003_cLA_electrode_s5,phase2/results/predictions/full/electrode/resnet/seed_101/bandpass_n20003_cLA_electrode_s5.npz,76227,f7439c4611e7095ff4e602cb224d64949dc79d939f80e1c0f36145f66e9953f3
resnet,electrode,101,bandpass_n20003_cLA_electrode_s0,phase2/results/predictions/full/electrode/resnet/seed_101/bandpass_n20003_cLA_electrode_s0.npz,75768,fded5b4cd7b62fa274649b464370b2957d28c7948b929ff4efb00876d92dfc2a
resnet,electrode,101,bandpass_n20003_cLA_covariance_s20,phase2/results/predictions/full/electrode/resnet/seed_101/bandpass_n20003_cLA_covariance_s20.npz,76457,010df55e59caf9c8ac6aa77bccc2733ff69ff9b6d950dc73e503ab99214f9381
resnet,electrode,101,bandpass_n20003_cLA_covariance_s15,phase2/results/predictions/full/electrode/resnet/seed_101/bandpass_n20003_cLA_covariance_s15.npz,76498,cb958d827a77072d397be4309e8834caf898490d893ba217c92a7478d47aa119
resnet,electrode,101,bandpass_n20003_cLA_covariance_s10,phase2/results/predictions/full/electrode/resnet/seed_101/bandpass_n20003_cLA_covariance_s10.npz,76405,6e85207cbbeba86a4736737eccbe156e06309a5b29bce6d4eec803bb9b914800
resnet,electrode,101,bandpass_n20003_cLA_covariance_s5,phase2/results/predictions/full/electrode/resnet/seed_101/bandpass_n20003_cLA_covariance_s5.npz,76233,f6754f96999cc902846044d44560d00511d3879570e09c218178ba4b48ad7a9b
resnet,electrode,101,bandpass_n20003_cLA_covariance_s0,phase2/results/predictions/full/electrode/resnet/seed_101/bandpass_n20003_cLA_covariance_s0.npz,75817,f0f92fec62ccf7d1cc619c8abcfc8d93deae573971392ee63e3c1a2075e09074
resnet,electrode,101,bandpass_n20003_cLL_independent_rms_s20,phase2/results/predictions/full/electrode/resnet/seed_101/bandpass_n20003_cLL_independent_rms_s20.npz,76472,8958db5fbfffa12884c3127f9bc0977fe6e6634356d3e5ce5b356ddd8901e440
resnet,electrode,101,bandpass_n20003_cLL_independent_rms_s15,phase2/results/predictions/full/electrode/resnet/seed_101/bandpass_n20003_cLL_independent_rms_s15.npz,76474,d52e5b0f7f4b317ddcd9c8ff29edaa96052ca778de18ff8fc0186b47e8a25d48
resnet,electrode,101,bandpass_n20003_cLL_independent_rms_s10,phase2/results/predictions/full/electrode/resnet/seed_101/bandpass_n20003_cLL_independent_rms_s10.npz,76426,898408e904a137e5a9ab4801392167c325ed31fd6ee866e21948c6c6fa95d989
resnet,electrode,101,bandpass_n20003_cLL_independent_rms_s5,phase2/results/predictions/full/electrode/resnet/seed_101/bandpass_n20003_cLL_independent_rms_s5.npz,76257,ac23f5b7c41a367a0fe306694ba7ffa9baf393a80a3477244e6e39be24080f0c
resnet,electrode,101,bandpass_n20003_cLL_independent_rms_s0,phase2/results/predictions/full/electrode/resnet/seed_101/bandpass_n20003_cLL_independent_rms_s0.npz,75813,10681eb3555edfd1099c7bdd7f77eb819de0e58bc79eee343c2f26dc22f59994
resnet,electrode,101,bandpass_n20003_cLL_electrode_s20,phase2/results/predictions/full/electrode/resnet/seed_101/bandpass_n20003_cLL_electrode_s20.npz,76459,0fb934c66171d43c46d26908771d650cd6b92206d9e67ca736fe4f60d77e8141
resnet,electrode,101,bandpass_n20003_cLL_electrode_s15,phase2/results/predictions/full/electrode/resnet/seed_101/bandpass_n20003_cLL_electrode_s15.npz,76432,96d2282542ddf0d26b886a81714e6c0c97af1454285e4c35b44e6dc3e93343c6
resnet,electrode,101,bandpass_n20003_cLL_electrode_s10,phase2/results/predictions/full/electrode/resnet/seed_101/bandpass_n20003_cLL_electrode_s10.npz,76354,f870863e39114c43c369a034bf14cb875569e5c3a100a008cad1a947dfd079e0
resnet,electrode,101,bandpass_n20003_cLL_electrode_s5,phase2/results/predictions/full/electrode/resnet/seed_101/bandpass_n20003_cLL_electrode_s5.npz,76083,bc4a865637dda688eb64f4f2ac251209160a42c3e0528b260c8d2393f7b94197
resnet,electrode,101,bandpass_n20003_cLL_electrode_s0,phase2/results/predictions/full/electrode/resnet/seed_101/bandpass_n20003_cLL_electrode_s0.npz,75384,3a2a4957cf337480ec072a5d1ac32ae7b2b6dd6fabb73454026cafea5767df8a
resnet,electrode,101,bandpass_n20003_cLL_covariance_s20,phase2/results/predictions/full/electrode/resnet/seed_101/bandpass_n20003_cLL_covariance_s20.npz,76465,1800ea0e4c940f9e9f2eed4ec4a47fc3c067e48dda97da0aa06a980a4f72926b
resnet,electrode,101,bandpass_n20003_cLL_covariance_s15,phase2/results/predictions/full/electrode/resnet/seed_101/bandpass_n20003_cLL_covariance_s15.npz,76454,04b1e15ac8152b4a78a5788445692e326d8f41b6c541589c44e2e456cde02228
resnet,electrode,101,bandpass_n20003_cLL_covariance_s10,phase2/results/predictions/full/electrode/resnet/seed_101/bandpass_n20003_cLL_covariance_s10.npz,76350,3ec1136d20cffe2ab8a5e1d698c217aeb79af987666f69912227b38d2dbf7be7
resnet,electrode,101,bandpass_n20003_cLL_covariance_s5,phase2/results/predictions/full/electrode/resnet/seed_101/bandpass_n20003_cLL_covariance_s5.npz,76086,56d5223a715f2c120b3516ad31b81c29ba6d3c8008df2a9f82392ad79e8cb67d
resnet,electrode,101,bandpass_n20003_cLL_covariance_s0,phase2/results/predictions/full/electrode/resnet/seed_101/bandpass_n20003_cLL_covariance_s0.npz,75398,2a179ef07b22611a477eff8c22ce29d1a34662ba8177e7c5034078f678c97e44
resnet,electrode,101,bandpass_n20003_cRA_V1_independent_rms_s20,phase2/results/predictions/full/electrode/resnet/seed_101/bandpass_n20003_cRA_V1_independent_rms_s20.npz,76512,cea3547a420b3a6f1d023e34f17d1c74993fe6b2c3a8e2dc7acc9e9f0b53b17f
resnet,electrode,101,bandpass_n20003_cRA_V1_independent_rms_s15,phase2/results/predictions/full/electrode/resnet/seed_101/bandpass_n20003_cRA_V1_independent_rms_s15.npz,76503,57e1e2e4c215591b04feadeedc0647e4465abbe5043c20d0477eba02a7399aaa
resnet,electrode,101,bandpass_n20003_cRA_V1_independent_rms_s10,phase2/results/predictions/full/electrode/resnet/seed_101/bandpass_n20003_cRA_V1_independent_rms_s10.npz,76444,d7c70d9800fcef0dbdd89525015b73787271c4d5d50c9804e81298e42c40c485
resnet,electrode,101,bandpass_n20003_cRA_V1_independent_rms_s5,phase2/results/predictions/full/electrode/resnet/seed_101/bandpass_n20003_cRA_V1_independent_rms_s5.npz,76311,b90766dfd5ed88c2f50c793978302c6bf5d21c5930be34d70bad15ec67d9b265
resnet,electrode,101,bandpass_n20003_cRA_V1_independent_rms_s0,phase2/results/predictions/full/electrode/resnet/seed_101/bandpass_n20003_cRA_V1_independent_rms_s0.npz,75947,b6118bd112b1ff7971ae337a91f5b84dd7e6e3ad97ee9aced73555ae24495d5d
resnet,electrode,101,bandpass_n20003_cRA_V1_electrode_s20,phase2/results/predictions/full/electrode/resnet/seed_101/bandpass_n20003_cRA_V1_electrode_s20.npz,76460,7107a95efb8c536b9d067cd8dd6425b5f925349b1765fbb2c9cc480e03e51668
resnet,electrode,101,bandpass_n20003_cRA_V1_electrode_s15,phase2/results/predictions/full/electrode/resnet/seed_101/bandpass_n20003_cRA_V1_electrode_s15.npz,76495,98242db47e53eb2298595711c68028c6f12ccdb9db0553c4a9180e698d3599f9
resnet,electrode,101,bandpass_n20003_cRA_V1_electrode_s10,phase2/results/predictions/full/electrode/resnet/seed_101/bandpass_n20003_cRA_V1_electrode_s10.npz,76382,7b293092d97606caa30c56f83c4cfcf5de2ad50636f4dbac4f8d5ff94eb208a0
resnet,electrode,101,bandpass_n20003_cRA_V1_electrode_s5,phase2/results/predictions/full/electrode/resnet/seed_101/bandpass_n20003_cRA_V1_electrode_s5.npz,76201,39944bab1a245617a602bba7909b7c281098fdf0a202adc7225eaf3392a2755b
resnet,electrode,101,bandpass_n20003_cRA_V1_electrode_s0,phase2/results/predictions/full/electrode/resnet/seed_101/bandpass_n20003_cRA_V1_electrode_s0.npz,75861,2a3162758fb3fcefc75bf5692864de1dedbe24fe6ad4c0e124d785a451214780
resnet,electrode,101,bandpass_n20003_cRA_V1_covariance_s20,phase2/results/predictions/full/electrode/resnet/seed_101/bandpass_n20003_cRA_V1_covariance_s20.npz,76486,c83ad5d173ee3d724bcdc50c9e79c11b0318b8d5f98ba8de256a877dd57fa414
resnet,electrode,101,bandpass_n20003_cRA_V1_covariance_s15,phase2/results/predictions/full/electrode/resnet/seed_101/bandpass_n20003_cRA_V1_covariance_s15.npz,76446,847f498ebe296854cb4552c9c868f974f5ad02b6cd3142417619425d6ce24b8f
resnet,electrode,101,bandpass_n20003_cRA_V1_covariance_s10,phase2/results/predictions/full/electrode/resnet/seed_101/bandpass_n20003_cRA_V1_covariance_s10.npz,76379,82727ea49df04ab639ccd41d754500ec4a045e3bb4e6c78c47ae6c7fa5a553bf
resnet,electrode,101,bandpass_n20003_cRA_V1_covariance_s5,phase2/results/predictions/full/electrode/resnet/seed_101/bandpass_n20003_cRA_V1_covariance_s5.npz,76186,725bba5c9fdd73d309f3a22b4ca434506e729bc94341cb5f756e480ebdf7e2bb
resnet,electrode,101,bandpass_n20003_cRA_V1_covariance_s0,phase2/results/predictions/full/electrode/resnet/seed_101/bandpass_n20003_cRA_V1_covariance_s0.npz,75904,76910d7d581294ed7ae8aa35e535c7a30e6d0ec77a1fd7482964ffa06460e36c
resnet,electrode,101,bandpass_n20003_cLA_V6_independent_rms_s20,phase2/results/predictions/full/electrode/resnet/seed_101/bandpass_n20003_cLA_V6_independent_rms_s20.npz,76481,f0bd72f0e6a856c3f16f196553982348ae7de3a252032738f29e62547a6b21ca
resnet,electrode,101,bandpass_n20003_cLA_V6_independent_rms_s15,phase2/results/predictions/full/electrode/resnet/seed_101/bandpass_n20003_cLA_V6_independent_rms_s15.npz,76466,0de63f90415750bc62a1b912b12a18ab835df515ddaaf1a88f02e588a96adccd
resnet,electrode,101,bandpass_n20003_cLA_V6_independent_rms_s10,phase2/results/predictions/full/electrode/resnet/seed_101/bandpass_n20003_cLA_V6_independent_rms_s10.npz,76476,540045a9e3eb2b673c69cce03bab16c6422441e4dd7a7fb857d164f6734f29a8
resnet,electrode,101,bandpass_n20003_cLA_V6_independent_rms_s5,phase2/results/predictions/full/electrode/resnet/seed_101/bandpass_n20003_cLA_V6_independent_rms_s5.npz,76342,7292ba83c5a79ecd9ef22c93f9f7f1806a12a6ddcb565268ebea6f95dcdf0e85
resnet,electrode,101,bandpass_n20003_cLA_V6_independent_rms_s0,phase2/results/predictions/full/electrode/resnet/seed_101/bandpass_n20003_cLA_V6_independent_rms_s0.npz,75993,60b690e8ca6151bc5f5ab12e48564e398cf8d239a48274a894eaf4d121b63af4
resnet,electrode,101,bandpass_n20003_cLA_V6_electrode_s20,phase2/results/predictions/full/electrode/resnet/seed_101/bandpass_n20003_cLA_V6_electrode_s20.npz,76506,5ab17efd362494055eccf92cece5e5da0963a59ab40765510d4f1eaacc7d2a21
resnet,electrode,101,bandpass_n20003_cLA_V6_electrode_s15,phase2/results/predictions/full/electrode/resnet/seed_101/bandpass_n20003_cLA_V6_electrode_s15.npz,76503,554c618b729a1642249ca65979e4e3e073fc169db42a6e82561474fbd41dd6da
resnet,electrode,101,bandpass_n20003_cLA_V6_electrode_s10,phase2/results/predictions/full/electrode/resnet/seed_101/bandpass_n20003_cLA_V6_electrode_s10.npz,76459,8c577950b1572c773c9da31d4015dbdfb1f3790e8452a04ddc477146823333cb
resnet,electrode,101,bandpass_n20003_cLA_V6_electrode_s5,phase2/results/predictions/full/electrode/resnet/seed_101/bandpass_n20003_cLA_V6_electrode_s5.npz,76245,111b99b98ad79be4d8aa5b0e472d4a00696ab448061a890fec32146758ccd9f2
resnet,electrode,101,bandpass_n20003_cLA_V6_electrode_s0,phase2/results/predictions/full/electrode/resnet/seed_101/bandpass_n20003_cLA_V6_electrode_s0.npz,75870,88e9a361d5f238ec73010f50e5bdebf4f0c9d5211224cc4e51a32b18e3f0ff1e
resnet,electrode,101,bandpass_n20003_cLA_V6_covariance_s20,phase2/results/predictions/full/electrode/resnet/seed_101/bandpass_n20003_cLA_V6_covariance_s20.npz,76488,9d44a34e09e226ab8049d543f1fa7ce1ccbaafbf4b0ac17826efc63f7c58e971
resnet,electrode,101,bandpass_n20003_cLA_V6_covariance_s15,phase2/results/predictions/full/electrode/resnet/seed_101/bandpass_n20003_cLA_V6_covariance_s15.npz,76512,4f45065fd6049221cb9a41667040313adbd548a7d3882443f72dccdc4ec864a3
resnet,electrode,101,bandpass_n20003_cLA_V6_covariance_s10,phase2/results/predictions/full/electrode/resnet/seed_101/bandpass_n20003_cLA_V6_covariance_s10.npz,76414,513bd6ed494171458c733e54c987f42a5f793eebf8f71d63d41ad4f2ec45ba3a
resnet,electrode,101,bandpass_n20003_cLA_V6_covariance_s5,phase2/results/predictions/full/electrode/resnet/seed_101/bandpass_n20003_cLA_V6_covariance_s5.npz,76269,88c979f931dcb2722a3ca1f3c75b3ae52bf4d59325704fbe99604693e2300386
resnet,electrode,101,bandpass_n20003_cLA_V6_covariance_s0,phase2/results/predictions/full/electrode/resnet/seed_101/bandpass_n20003_cLA_V6_covariance_s0.npz,75850,dc2b5f9ee6a65a8385741a7b253340dc5e6cfd6420d7a9b785f7cf5bc8d29485
resnet,electrode,101,bandpass_n20003_cLL_V4_independent_rms_s20,phase2/results/predictions/full/electrode/resnet/seed_101/bandpass_n20003_cLL_V4_independent_rms_s20.npz,76481,1c3493f4b56258a289514a47133994b09948b33713810d4f2795d9b49a1c80e5
resnet,electrode,101,bandpass_n20003_cLL_V4_independent_rms_s15,phase2/results/predictions/full/electrode/resnet/seed_101/bandpass_n20003_cLL_V4_independent_rms_s15.npz,76472,72e0766e963f2158507d78e710c88573ae1aa9213c6552109ff19ea0ccb45bb6
resnet,electrode,101,bandpass_n20003_cLL_V4_independent_rms_s10,phase2/results/predictions/full/electrode/resnet/seed_101/bandpass_n20003_cLL_V4_independent_rms_s10.npz,76471,ad1ce0380f6dc295dc560df87a83fafa1c64508ee10110875e9c64ef798e7cc3
resnet,electrode,101,bandpass_n20003_cLL_V4_independent_rms_s5,phase2/results/predictions/full/electrode/resnet/seed_101/bandpass_n20003_cLL_V4_independent_rms_s5.npz,76323,5199fa80fcd2b13c397b8f7e7d826c38071c175b1407f78bfcaa0dd163084c43
resnet,electrode,101,bandpass_n20003_cLL_V4_independent_rms_s0,phase2/results/predictions/full/electrode/resnet/seed_101/bandpass_n20003_cLL_V4_independent_rms_s0.npz,75896,cadf3d05a9287974f16448f85acc88ca98c8f25316c953fe26268d84a57e2b0b
resnet,electrode,101,bandpass_n20003_cLL_V4_electrode_s20,phase2/results/predictions/full/electrode/resnet/seed_101/bandpass_n20003_cLL_V4_electrode_s20.npz,76481,4542eb12d01be7448aba494f280a57a49d5ddd636a746ea4d6b445d5d6779d3b
resnet,electrode,101,bandpass_n20003_cLL_V4_electrode_s15,phase2/results/predictions/full/electrode/resnet/seed_101/bandpass_n20003_cLL_V4_electrode_s15.npz,76472,ae081fd63bd2b26e00e8c53cabf9d8e275e8800033ee6e13dee49b5bf6b55607
resnet,electrode,101,bandpass_n20003_cLL_V4_electrode_s10,phase2/results/predictions/full/electrode/resnet/seed_101/bandpass_n20003_cLL_V4_electrode_s10.npz,76388,bc02a57ef87fee3728d7d60637aeede0ad1f0c31bb14654bfc01f381522aac71
resnet,electrode,101,bandpass_n20003_cLL_V4_electrode_s5,phase2/results/predictions/full/electrode/resnet/seed_101/bandpass_n20003_cLL_V4_electrode_s5.npz,76124,3a16cecdb1b224937b2ebc2886118351417c5287a762ac4b425f23dc34812c06
resnet,electrode,101,bandpass_n20003_cLL_V4_electrode_s0,phase2/results/predictions/full/electrode/resnet/seed_101/bandpass_n20003_cLL_V4_electrode_s0.npz,75471,0c21d6114bbedcdcf3f1fcc138a8c3a150152ef3f4ce36a39fc1b1a01a18c1f7
resnet,electrode,101,bandpass_n20003_cLL_V4_covariance_s20,phase2/results/predictions/full/electrode/resnet/seed_101/bandpass_n20003_cLL_V4_covariance_s20.npz,76480,9ed11174c9deaeea9ebba98e9e2389a83f6622c3a303812a1553b1ed609dcaab
resnet,electrode,101,bandpass_n20003_cLL_V4_covariance_s15,phase2/results/predictions/full/electrode/resnet/seed_101/bandpass_n20003_cLL_V4_covariance_s15.npz,76464,44e8bec1fa6e5f2dd36fd733dc64ded97baa66adf9299d32911818c8b8d3d83f
resnet,electrode,101,bandpass_n20003_cLL_V4_covariance_s10,phase2/results/predictions/full/electrode/resnet/seed_101/bandpass_n20003_cLL_V4_covariance_s10.npz,76402,9bf55b7cfa5324adae5db34475cc7a602b88cdd664e12742d4d4adac770a7297
resnet,electrode,101,bandpass_n20003_cLL_V4_covariance_s5,phase2/results/predictions/full/electrode/resnet/seed_101/bandpass_n20003_cLL_V4_covariance_s5.npz,76123,497f697bcc3671a5e14988d7d386bc7f6719330d2eaa8ea8c605bb5407844471
resnet,electrode,101,bandpass_n20003_cLL_V4_covariance_s0,phase2/results/predictions/full/electrode/resnet/seed_101/bandpass_n20003_cLL_V4_covariance_s0.npz,75498,040370de14b07f53c0ca2aae1cfb3a4f81abdbd19ab1e18c9673ef9949e21351
resnet,electrode,101,bandpass_n20003_cRA_LA_V1_V6_independent_rms_s20,phase2/results/predictions/full/electrode/resnet/seed_101/bandpass_n20003_cRA_LA_V1_V6_independent_rms_s20.npz,76496,43f787d0b4d429d972291d8552fed42ffbd06ca64f0a213782ae2b2afccbd6fe
resnet,electrode,101,bandpass_n20003_cRA_LA_V1_V6_independent_rms_s15,phase2/results/predictions/full/electrode/resnet/seed_101/bandpass_n20003_cRA_LA_V1_V6_independent_rms_s15.npz,76467,0f0d8e424f421f1c396d93d76e32d59aa69ef8a63eef31f49366b0b476321bed
resnet,electrode,101,bandpass_n20003_cRA_LA_V1_V6_independent_rms_s10,phase2/results/predictions/full/electrode/resnet/seed_101/bandpass_n20003_cRA_LA_V1_V6_independent_rms_s10.npz,76487,a8714548c7d8f28060ed7c4061bf4b825c0e963ae5b3648fbb1ca7d90ac66408
resnet,electrode,101,bandpass_n20003_cRA_LA_V1_V6_independent_rms_s5,phase2/results/predictions/full/electrode/resnet/seed_101/bandpass_n20003_cRA_LA_V1_V6_independent_rms_s5.npz,76320,6810881cff9cfde8a6783c70d6c03c618004acbe1712687b713ecd7a4230079f
resnet,electrode,101,bandpass_n20003_cRA_LA_V1_V6_independent_rms_s0,phase2/results/predictions/full/electrode/resnet/seed_101/bandpass_n20003_cRA_LA_V1_V6_independent_rms_s0.npz,75960,cd04e49120f3f9889316793e6a5b10237fa8c4c2b7fe34727fee868c41ed513b
resnet,electrode,101,bandpass_n20003_cRA_LA_V1_V6_electrode_s20,phase2/results/predictions/full/electrode/resnet/seed_101/bandpass_n20003_cRA_LA_V1_V6_electrode_s20.npz,76472,042744cd5bf73775f4fb994e9bd70fcb003fec45fbf916e5e035fe81353eb932
resnet,electrode,101,bandpass_n20003_cRA_LA_V1_V6_electrode_s15,phase2/results/predictions/full/electrode/resnet/seed_101/bandpass_n20003_cRA_LA_V1_V6_electrode_s15.npz,76457,e85291043de2b04a42cb28ea920b17b34706e8c7cdf28a2026eef825d5187e63
resnet,electrode,101,bandpass_n20003_cRA_LA_V1_V6_electrode_s10,phase2/results/predictions/full/electrode/resnet/seed_101/bandpass_n20003_cRA_LA_V1_V6_electrode_s10.npz,76425,63894195e4b7373c32ceb67c68f2b3071d896d28d7ba16e25a3a9f472029ab9b
resnet,electrode,101,bandpass_n20003_cRA_LA_V1_V6_electrode_s5,phase2/results/predictions/full/electrode/resnet/seed_101/bandpass_n20003_cRA_LA_V1_V6_electrode_s5.npz,76226,2c8a2b12ec549a0f0de40778ddee4d4e1a4ae8682c3d6d2a79da1d310ce10e75
resnet,electrode,101,bandpass_n20003_cRA_LA_V1_V6_electrode_s0,phase2/results/predictions/full/electrode/resnet/seed_101/bandpass_n20003_cRA_LA_V1_V6_electrode_s0.npz,75813,e3a14ce588e890186515f7e28de164a22a70817ea514f604d14283832b557004
resnet,electrode,101,bandpass_n20003_cRA_LA_V1_V6_covariance_s20,phase2/results/predictions/full/electrode/resnet/seed_101/bandpass_n20003_cRA_LA_V1_V6_covariance_s20.npz,76513,6cbdb9c0886b9373e5f4cbea824c594d97fcd8d9a1ffef22bdb8cf17f6b40b06
resnet,electrode,101,bandpass_n20003_cRA_LA_V1_V6_covariance_s15,phase2/results/predictions/full/electrode/resnet/seed_101/bandpass_n20003_cRA_LA_V1_V6_covariance_s15.npz,76508,2c4a211eb9fa1f65e3b31d4bd51e8be34dae2696f6d8abc492bf78638a0f87b6
resnet,electrode,101,bandpass_n20003_cRA_LA_V1_V6_covariance_s10,phase2/results/predictions/full/electrode/resnet/seed_101/bandpass_n20003_cRA_LA_V1_V6_covariance_s10.npz,76443,9747d037d29f22f2302dc0f424a8546f3eb074dd29f086cadb35e3d76fe9e93d
resnet,electrode,101,bandpass_n20003_cRA_LA_V1_V6_covariance_s5,phase2/results/predictions/full/electrode/resnet/seed_101/bandpass_n20003_cRA_LA_V1_V6_covariance_s5.npz,76239,58520aee3b5f8faca0caf46a84049f0671df64982626b414d74893524bdc95ca
resnet,electrode,101,bandpass_n20003_cRA_LA_V1_V6_covariance_s0,phase2/results/predictions/full/electrode/resnet/seed_101/bandpass_n20003_cRA_LA_V1_V6_covariance_s0.npz,75866,481f29d1a4ad337b51a4866166d6a8d4bc1d02d0a36920bb1065974c8a08f758
resnet,electrode,101,bandpass_n20003_cRA_V2_V5_independent_rms_s20,phase2/results/predictions/full/electrode/resnet/seed_101/bandpass_n20003_cRA_V2_V5_independent_rms_s20.npz,76531,b9808d69b18cf00332f43f761b2a5dc18d10a1d77e26ed94f51a5a0518d3ad1a
resnet,electrode,101,bandpass_n20003_cRA_V2_V5_independent_rms_s15,phase2/results/predictions/full/electrode/resnet/seed_101/bandpass_n20003_cRA_V2_V5_independent_rms_s15.npz,76509,849da083b4be001a0791342f941ff93d357e5056fd14103b67d6d9926a5e3d1e
resnet,electrode,101,bandpass_n20003_cRA_V2_V5_independent_rms_s10,phase2/results/predictions/full/electrode/resnet/seed_101/bandpass_n20003_cRA_V2_V5_independent_rms_s10.npz,76478,1f43a8ee8308d25b18796910246689d767125abe8d7bf5c84ef9d16d773b900d
resnet,electrode,101,bandpass_n20003_cRA_V2_V5_independent_rms_s5,phase2/results/predictions/full/electrode/resnet/seed_101/bandpass_n20003_cRA_V2_V5_independent_rms_s5.npz,76322,b5342bf450994454055a60fe4a7950bbb53a7c46020b48bbcf0551fbe682e6bb
resnet,electrode,101,bandpass_n20003_cRA_V2_V5_independent_rms_s0,phase2/results/predictions/full/electrode/resnet/seed_101/bandpass_n20003_cRA_V2_V5_independent_rms_s0.npz,75956,174269478771980a0603135da40af419e40dbc6d8eb5350159364ac09468382e
resnet,electrode,101,bandpass_n20003_cRA_V2_V5_electrode_s20,phase2/results/predictions/full/electrode/resnet/seed_101/bandpass_n20003_cRA_V2_V5_electrode_s20.npz,76487,16600fdbb7693e1a4adb47a1595dfe26a3f46db666e7730f6cdb2c20ee30b8c4
resnet,electrode,101,bandpass_n20003_cRA_V2_V5_electrode_s15,phase2/results/predictions/full/electrode/resnet/seed_101/bandpass_n20003_cRA_V2_V5_electrode_s15.npz,76481,ca20d0ec67131434fbc51b430ea235b560efc528e1b3c8a673cf86e662844c28
resnet,electrode,101,bandpass_n20003_cRA_V2_V5_electrode_s10,phase2/results/predictions/full/electrode/resnet/seed_101/bandpass_n20003_cRA_V2_V5_electrode_s10.npz,76467,e6fa82c070a5a21ea1e98d4604c8f9afc4f51d08c14f1357b769856dfcda5dff
resnet,electrode,101,bandpass_n20003_cRA_V2_V5_electrode_s5,phase2/results/predictions/full/electrode/resnet/seed_101/bandpass_n20003_cRA_V2_V5_electrode_s5.npz,76239,37a356b6cb3242098264e747f637436a5aa2b85a54ed4916f6445be84ba31857
resnet,electrode,101,bandpass_n20003_cRA_V2_V5_electrode_s0,phase2/results/predictions/full/electrode/resnet/seed_101/bandpass_n20003_cRA_V2_V5_electrode_s0.npz,75900,33d13528cf80c38b9069a5192775c6a1219acf23bfcf194d8ea68142781a234d
resnet,electrode,101,bandpass_n20003_cRA_V2_V5_covariance_s20,phase2/results/predictions/full/electrode/resnet/seed_101/bandpass_n20003_cRA_V2_V5_covariance_s20.npz,76516,85f7e81b1f44741a7e746ad7b290227d494fe8e37aa0928bc2e50b98664efb85
resnet,electrode,101,bandpass_n20003_cRA_V2_V5_covariance_s15,phase2/results/predictions/full/electrode/resnet/seed_101/bandpass_n20003_cRA_V2_V5_covariance_s15.npz,76481,a6f062ff108456fd64f7649ec750a74e0d57aef7a7001374d4187a3460b7b0ac
resnet,electrode,101,bandpass_n20003_cRA_V2_V5_covariance_s10,phase2/results/predictions/full/electrode/resnet/seed_101/bandpass_n20003_cRA_V2_V5_covariance_s10.npz,76402,e470d1971b9b60066e1dfd89df08ff1a8361d3e5788f4f7a726162856231556d
resnet,electrode,101,bandpass_n20003_cRA_V2_V5_covariance_s5,phase2/results/predictions/full/electrode/resnet/seed_101/bandpass_n20003_cRA_V2_V5_covariance_s5.npz,76211,7c07f2b4e639b04210d498236320bcd17c64c609859f0ec6752f2e0ae4e1510a
resnet,electrode,101,bandpass_n20003_cRA_V2_V5_covariance_s0,phase2/results/predictions/full/electrode/resnet/seed_101/bandpass_n20003_cRA_V2_V5_covariance_s0.npz,75877,48348df01cf5f8ac469dca73692520c29f2ea7ddd3a39dd6d5fca6101502a34c
resnet,electrode,101,bandpass_n20003_cLA_V3_V6_independent_rms_s20,phase2/results/predictions/full/electrode/resnet/seed_101/bandpass_n20003_cLA_V3_V6_independent_rms_s20.npz,76476,23adbb136e06c2bf6cc8c2e1c2d9c6eef9ab85234b407e8729de60f6445561f5
resnet,electrode,101,bandpass_n20003_cLA_V3_V6_independent_rms_s15,phase2/results/predictions/full/electrode/resnet/seed_101/bandpass_n20003_cLA_V3_V6_independent_rms_s15.npz,76492,08a4364acd916f2db4678bd9ad638014de38d28f606d7bae01885b1b56530e77
resnet,electrode,101,bandpass_n20003_cLA_V3_V6_independent_rms_s10,phase2/results/predictions/full/electrode/resnet/seed_101/bandpass_n20003_cLA_V3_V6_independent_rms_s10.npz,76447,01dbdc5a88d12e2f3adc8568f566edddb8abd7e02633a1a893132169ace444a3
resnet,electrode,101,bandpass_n20003_cLA_V3_V6_independent_rms_s5,phase2/results/predictions/full/electrode/resnet/seed_101/bandpass_n20003_cLA_V3_V6_independent_rms_s5.npz,76332,a769b8432d25a9254ce4f2b1b0327b2e5bda76ab62aaf0bb7ffdf415bde7d08b
resnet,electrode,101,bandpass_n20003_cLA_V3_V6_independent_rms_s0,phase2/results/predictions/full/electrode/resnet/seed_101/bandpass_n20003_cLA_V3_V6_independent_rms_s0.npz,76000,29645ad357203264a881d20a51448730f0aa10dc53d8ac3a7fcb4404bbb215c1
resnet,electrode,101,bandpass_n20003_cLA_V3_V6_electrode_s20,phase2/results/predictions/full/electrode/resnet/seed_101/bandpass_n20003_cLA_V3_V6_electrode_s20.npz,76462,283533a055ed957c802d76913776bf7a1cd3d1077e7543659bc6a5cbeebe31b9
resnet,electrode,101,bandpass_n20003_cLA_V3_V6_electrode_s15,phase2/results/predictions/full/electrode/resnet/seed_101/bandpass_n20003_cLA_V3_V6_electrode_s15.npz,76494,25b4475fcfae252abf8e32def4fe98b0782590f7eaf6930cf2c0c17545626ccc
resnet,electrode,101,bandpass_n20003_cLA_V3_V6_electrode_s10,phase2/results/predictions/full/electrode/resnet/seed_101/bandpass_n20003_cLA_V3_V6_electrode_s10.npz,76434,7916319f79c6238a036e5402b9e4dc0cff09bb670189a56b1b971193cadf09c7
resnet,electrode,101,bandpass_n20003_cLA_V3_V6_electrode_s5,phase2/results/predictions/full/electrode/resnet/seed_101/bandpass_n20003_cLA_V3_V6_electrode_s5.npz,76227,493468c4fafe8a19024fb6af1389237b8c5b62222321186785daf72f55c74e0d
resnet,electrode,101,bandpass_n20003_cLA_V3_V6_electrode_s0,phase2/results/predictions/full/electrode/resnet/seed_101/bandpass_n20003_cLA_V3_V6_electrode_s0.npz,75890,ce9322d0d44cf81381fa1e9d7a232273e81e19d69e58a029164640111ce3f0b3
resnet,electrode,101,bandpass_n20003_cLA_V3_V6_covariance_s20,phase2/results/predictions/full/electrode/resnet/seed_101/bandpass_n20003_cLA_V3_V6_covariance_s20.npz,76483,1dc71636f9c1b916e919ef0fe21120450b2dc4b7c3dae3937c55f5c15aeeebc3
resnet,electrode,101,bandpass_n20003_cLA_V3_V6_covariance_s15,phase2/results/predictions/full/electrode/resnet/seed_101/bandpass_n20003_cLA_V3_V6_covariance_s15.npz,76507,be6519a181c9543dffdf269fae4b60eba43351d5a352e753a00d6b77380e2d87
resnet,electrode,101,bandpass_n20003_cLA_V3_V6_covariance_s10,phase2/results/predictions/full/electrode/resnet/seed_101/bandpass_n20003_cLA_V3_V6_covariance_s10.npz,76427,ab102f6d190dc5768d1d4df4e5607949eeb0dbbec7b1ccbf453f641fd3c84326
resnet,electrode,101,bandpass_n20003_cLA_V3_V6_covariance_s5,phase2/results/predictions/full/electrode/resnet/seed_101/bandpass_n20003_cLA_V3_V6_covariance_s5.npz,76323,97f5238e1444f02442d552e33a2976d3b14d8907c8e2bfbfbd2ff141b478cf90
resnet,electrode,101,bandpass_n20003_cLA_V3_V6_covariance_s0,phase2/results/predictions/full/electrode/resnet/seed_101/bandpass_n20003_cLA_V3_V6_covariance_s0.npz,75871,609bb2c14e725940c84cf9c6ede442f227e14394771e874dd9694489959b896d
resnet,electrode,101,bandpass_n20003_cLL_V1_V4_independent_rms_s20,phase2/results/predictions/full/electrode/resnet/seed_101/bandpass_n20003_cLL_V1_V4_independent_rms_s20.npz,76466,b01d6d004d4183829215f1572a3c1c11e4c01f392940d9062fa852496d44761b
resnet,electrode,101,bandpass_n20003_cLL_V1_V4_independent_rms_s15,phase2/results/predictions/full/electrode/resnet/seed_101/bandpass_n20003_cLL_V1_V4_independent_rms_s15.npz,76486,3a0eb410eadde2bc74faa949a9f157be59af71f26a1c63e89231ef1baa404f28
resnet,electrode,101,bandpass_n20003_cLL_V1_V4_independent_rms_s10,phase2/results/predictions/full/electrode/resnet/seed_101/bandpass_n20003_cLL_V1_V4_independent_rms_s10.npz,76459,a02b90ff0e598cab6455f3493776c1594634b913b28b6e36a6304e680d975f55
resnet,electrode,101,bandpass_n20003_cLL_V1_V4_independent_rms_s5,phase2/results/predictions/full/electrode/resnet/seed_101/bandpass_n20003_cLL_V1_V4_independent_rms_s5.npz,76242,fec01d3fd19dba265870b8ccfeb2263d1d4656ce7d087e785fca334d5cf057d2
resnet,electrode,101,bandpass_n20003_cLL_V1_V4_independent_rms_s0,phase2/results/predictions/full/electrode/resnet/seed_101/bandpass_n20003_cLL_V1_V4_independent_rms_s0.npz,75820,59d3b671849c99a6aba21e56362ca73d73fb0e90c638fa087959dcff12d03555
resnet,electrode,101,bandpass_n20003_cLL_V1_V4_electrode_s20,phase2/results/predictions/full/electrode/resnet/seed_101/bandpass_n20003_cLL_V1_V4_electrode_s20.npz,76510,612503b7719e0f2fd860eaab438f7b3a2e92b157bbdb35b0029a7725b895e6a4
resnet,electrode,101,bandpass_n20003_cLL_V1_V4_electrode_s15,phase2/results/predictions/full/electrode/resnet/seed_101/bandpass_n20003_cLL_V1_V4_electrode_s15.npz,76468,6430ccc5617e49cbddf7aeb656b8199a0aef98a399aa9726c0839d8dbbcbccaf
resnet,electrode,101,bandpass_n20003_cLL_V1_V4_electrode_s10,phase2/results/predictions/full/electrode/resnet/seed_101/bandpass_n20003_cLL_V1_V4_electrode_s10.npz,76380,25ab7598d03f24e641588f248c35d22ec81f8e36ad9b6059b76d102c9bbe209a
resnet,electrode,101,bandpass_n20003_cLL_V1_V4_electrode_s5,phase2/results/predictions/full/electrode/resnet/seed_101/bandpass_n20003_cLL_V1_V4_electrode_s5.npz,76153,b3e6d3bb8a6b689016157b45f763c344878542e6f744b31b6987d24aec26a239
resnet,electrode,101,bandpass_n20003_cLL_V1_V4_electrode_s0,phase2/results/predictions/full/electrode/resnet/seed_101/bandpass_n20003_cLL_V1_V4_electrode_s0.npz,75497,36fb4760e1fdd14377e45b42c5da522b791dbe11a92022dca021073d81fdd2f5
resnet,electrode,101,bandpass_n20003_cLL_V1_V4_covariance_s20,phase2/results/predictions/full/electrode/resnet/seed_101/bandpass_n20003_cLL_V1_V4_covariance_s20.npz,76476,1dd288bd43ae55a4adf37f3e28cdef7d59c3dc03a41330beb45db34451d76f1f
resnet,electrode,101,bandpass_n20003_cLL_V1_V4_covariance_s15,phase2/results/predictions/full/electrode/resnet/seed_101/bandpass_n20003_cLL_V1_V4_covariance_s15.npz,76481,8a0fbc41940e46a5305820d727ea2323b43c3903b7132d1f2b7c4b593cb6367d
resnet,electrode,101,bandpass_n20003_cLL_V1_V4_covariance_s10,phase2/results/predictions/full/electrode/resnet/seed_101/bandpass_n20003_cLL_V1_V4_covariance_s10.npz,76391,1909ecc58640fe3bca7b7e0166c66dacec302a46fed0eafa2457432ee0977488
resnet,electrode,101,bandpass_n20003_cLL_V1_V4_covariance_s5,phase2/results/predictions/full/electrode/resnet/seed_101/bandpass_n20003_cLL_V1_V4_covariance_s5.npz,76104,882b03f77e37f73196ceccd43b85b3c43bf6bd456c628d97c47c94dda5b07a83
resnet,electrode,101,bandpass_n20003_cLL_V1_V4_covariance_s0,phase2/results/predictions/full/electrode/resnet/seed_101/bandpass_n20003_cLL_V1_V4_covariance_s0.npz,75475,8a6d943407a45800d9084439fb6a0248849bee8cf72f16d159fb0fdf2303b8fa
resnet,electrode,101,bandpass_n20003_call_independent_rms_s20,phase2/results/predictions/full/electrode/resnet/seed_101/bandpass_n20003_call_independent_rms_s20.npz,76468,c89cf1e3a4b62d53e459be524622146be319d149ed80f7e228bc6b04847017f0
resnet,electrode,101,bandpass_n20003_call_independent_rms_s15,phase2/results/predictions/full/electrode/resnet/seed_101/bandpass_n20003_call_independent_rms_s15.npz,76456,99a442c1e661f706040f373f9cf7b31dacf8c8b35100a8929046078a13ae6e34
resnet,electrode,101,bandpass_n20003_call_independent_rms_s10,phase2/results/predictions/full/electrode/resnet/seed_101/bandpass_n20003_call_independent_rms_s10.npz,76424,720fa635aec2cb963b19f0a4d14b8a0b8f5d578ba7e4441fdd08805c24b28268
resnet,electrode,101,bandpass_n20003_call_independent_rms_s5,phase2/results/predictions/full/electrode/resnet/seed_101/bandpass_n20003_call_independent_rms_s5.npz,76258,a702263d905bb02a64ea5a14d769dddb95f49465fa3bbe00731890dc8c234957
resnet,electrode,101,bandpass_n20003_call_independent_rms_s0,phase2/results/predictions/full/electrode/resnet/seed_101/bandpass_n20003_call_independent_rms_s0.npz,75888,c1b1e0d398a2bb7cb3a8da802c7d6e216455663fcd5fc500392a79b4addd9510
resnet,electrode,101,bandpass_n20003_call_electrode_s20,phase2/results/predictions/full/electrode/resnet/seed_101/bandpass_n20003_call_electrode_s20.npz,76446,8dc88f97f13d14776a081c0de9c7e0648086fe26257acc4f477423d1c78643a7
resnet,electrode,101,bandpass_n20003_call_electrode_s15,phase2/results/predictions/full/electrode/resnet/seed_101/bandpass_n20003_call_electrode_s15.npz,76437,e84856967e98f17d99f87158843a8dff438f27f4b3597cc2cba4135ffce13181
resnet,electrode,101,bandpass_n20003_call_electrode_s10,phase2/results/predictions/full/electrode/resnet/seed_101/bandpass_n20003_call_electrode_s10.npz,76377,7a5c12af4cd2110933e00a6b5f11db59a6fed3afd7706e0aa4f92e7c7e61fee0
resnet,electrode,101,bandpass_n20003_call_electrode_s5,phase2/results/predictions/full/electrode/resnet/seed_101/bandpass_n20003_call_electrode_s5.npz,76199,1a2c296d5e56a7082545f400552ebae9ea49052f88d24e69fda2ada84e8f1257
resnet,electrode,101,bandpass_n20003_call_electrode_s0,phase2/results/predictions/full/electrode/resnet/seed_101/bandpass_n20003_call_electrode_s0.npz,75661,2a026223c6fdaa8244b4cc00d450d55c9d75bff43503142bd35fee5f40e8f70e
resnet,electrode,101,bandpass_n20003_call_covariance_s20,phase2/results/predictions/full/electrode/resnet/seed_101/bandpass_n20003_call_covariance_s20.npz,76464,8acee615cbfa4d943d3746561e7ae2fef62bb6e54f17be698cdfdeba1c2753c7
resnet,electrode,101,bandpass_n20003_call_covariance_s15,phase2/results/predictions/full/electrode/resnet/seed_101/bandpass_n20003_call_covariance_s15.npz,76451,db98df90f027128782e63b0a1c94c67bf2e580f08d67b159b41f20eca99f5f2f
resnet,electrode,101,bandpass_n20003_call_covariance_s10,phase2/results/predictions/full/electrode/resnet/seed_101/bandpass_n20003_call_covariance_s10.npz,76417,5877c9da05b9bf312eb89093ac0fdb7fcb72099e88a48fdb237f32a75d3629d2
resnet,electrode,101,bandpass_n20003_call_covariance_s5,phase2/results/predictions/full/electrode/resnet/seed_101/bandpass_n20003_call_covariance_s5.npz,76173,7eea5b919f4113c68fd11b1a08d32ca1d59faa933a182a293d546eb45f6d8bf6
resnet,electrode,101,bandpass_n20003_call_covariance_s0,phase2/results/predictions/full/electrode/resnet/seed_101/bandpass_n20003_call_covariance_s0.npz,75680,1d15a228d8153d91f9c0e52906e0019f6132015f5a13b3261a8dae1930f40002
resnet,electrode,101,bandpass_n20004_cRA_LA_LL_independent_rms_s20,phase2/results/predictions/full/electrode/resnet/seed_101/bandpass_n20004_cRA_LA_LL_independent_rms_s20.npz,76471,72888f573c66a1672b079caf0182d067078431f47f4143d8ac2e08bd1036e1a7
resnet,electrode,101,bandpass_n20004_cRA_LA_LL_independent_rms_s15,phase2/results/predictions/full/electrode/resnet/seed_101/bandpass_n20004_cRA_LA_LL_independent_rms_s15.npz,76522,13464721f47ff3b3c0a892cb5ee25ea512bd33aeeb88b86798b3a97e8b64ef2c
resnet,electrode,101,bandpass_n20004_cRA_LA_LL_independent_rms_s10,phase2/results/predictions/full/electrode/resnet/seed_101/bandpass_n20004_cRA_LA_LL_independent_rms_s10.npz,76495,c85bd098531aac0584728ad3bb71576580f1f613afbcbad5f1ab71fe50db6587
resnet,electrode,101,bandpass_n20004_cRA_LA_LL_independent_rms_s5,phase2/results/predictions/full/electrode/resnet/seed_101/bandpass_n20004_cRA_LA_LL_independent_rms_s5.npz,76330,ac4b30b27f4c401426476b224d90ec89a35a83df5f7ecf519ff7bae25467ae76
resnet,electrode,101,bandpass_n20004_cRA_LA_LL_independent_rms_s0,phase2/results/predictions/full/electrode/resnet/seed_101/bandpass_n20004_cRA_LA_LL_independent_rms_s0.npz,75948,967c83d5a2d21de6c858c78449a36d2f84aea1191465ba42336c735e3061daa0
resnet,electrode,101,bandpass_n20004_cRA_LA_LL_electrode_s20,phase2/results/predictions/full/electrode/resnet/seed_101/bandpass_n20004_cRA_LA_LL_electrode_s20.npz,76466,07c4e746409b3ddbcc1064febc3b7e54cc217a79fc6c0c102ec9d28bec27f3cd
resnet,electrode,101,bandpass_n20004_cRA_LA_LL_electrode_s15,phase2/results/predictions/full/electrode/resnet/seed_101/bandpass_n20004_cRA_LA_LL_electrode_s15.npz,76465,87a275bcc5bed8d97fdd055755ede78fb0eec080625ccffd55155732d9f9e6e4
resnet,electrode,101,bandpass_n20004_cRA_LA_LL_electrode_s10,phase2/results/predictions/full/electrode/resnet/seed_101/bandpass_n20004_cRA_LA_LL_electrode_s10.npz,76399,1205737c7fec023a88a183391d38455b21d4da6acad00c9b21a377f624c43599
resnet,electrode,101,bandpass_n20004_cRA_LA_LL_electrode_s5,phase2/results/predictions/full/electrode/resnet/seed_101/bandpass_n20004_cRA_LA_LL_electrode_s5.npz,76140,653aadba4406408b9fad0d4564eb857875cfa684335491ef0222d43a91f17d01
resnet,electrode,101,bandpass_n20004_cRA_LA_LL_electrode_s0,phase2/results/predictions/full/electrode/resnet/seed_101/bandpass_n20004_cRA_LA_LL_electrode_s0.npz,75607,337a4e4599fb1498eea77c4dcaba92ff7bb0f6c879dae8ee62230b0dd9d75bc1
resnet,electrode,101,bandpass_n20004_cRA_LA_LL_covariance_s20,phase2/results/predictions/full/electrode/resnet/seed_101/bandpass_n20004_cRA_LA_LL_covariance_s20.npz,76460,379ab459e1748ed7e506f93aef6a4d21c0bd7d3f37bb7068958355d7c6fe51d0
resnet,electrode,101,bandpass_n20004_cRA_LA_LL_covariance_s15,phase2/results/predictions/full/electrode/resnet/seed_101/bandpass_n20004_cRA_LA_LL_covariance_s15.npz,76459,e705fce4af219e70ff9501e02ceee9ad7b6a1d1efd8f99b4dcbda7292f90dda4
resnet,electrode,101,bandpass_n20004_cRA_LA_LL_covariance_s10,phase2/results/predictions/full/electrode/resnet/seed_101/bandpass_n20004_cRA_LA_LL_covariance_s10.npz,76416,6bc1b096450ca7e8fa6cb18d7977712c5b90402be8b39dcacbe07470eb686d37
resnet,electrode,101,bandpass_n20004_cRA_LA_LL_covariance_s5,phase2/results/predictions/full/electrode/resnet/seed_101/bandpass_n20004_cRA_LA_LL_covariance_s5.npz,76186,b01fc43ae7723d1377f714a78325301952665289d99d7df19047b6b507d9a7f9
resnet,electrode,101,bandpass_n20004_cRA_LA_LL_covariance_s0,phase2/results/predictions/full/electrode/resnet/seed_101/bandpass_n20004_cRA_LA_LL_covariance_s0.npz,75631,dce1caab604954f5966b2224c92f057e007eba2441d53ee83d77f538ce05882d
resnet,electrode,101,bandpass_n20004_cV1_independent_rms_s20,phase2/results/predictions/full/electrode/resnet/seed_101/bandpass_n20004_cV1_independent_rms_s20.npz,76484,411e29d7b6cabf57bfa6494a16149243447d132a89ddc1803e2bbbb44be9241b
resnet,electrode,101,bandpass_n20004_cV1_independent_rms_s15,phase2/results/predictions/full/electrode/resnet/seed_101/bandpass_n20004_cV1_independent_rms_s15.npz,76458,d8be7ab8b536d5283b1ae001f8d6b3eb11e195666e30acef96793a68bd5fcea7
resnet,electrode,101,bandpass_n20004_cV1_independent_rms_s10,phase2/results/predictions/full/electrode/resnet/seed_101/bandpass_n20004_cV1_independent_rms_s10.npz,76373,fa6389271f1b0aece6b1b17d810376157cf5c09313218dd584745cabb650b906
resnet,electrode,101,bandpass_n20004_cV1_independent_rms_s5,phase2/results/predictions/full/electrode/resnet/seed_101/bandpass_n20004_cV1_independent_rms_s5.npz,76148,c7047fcedcc7d59f3d59a4b7bf670c4d81d77a960b2d0c924fcafe6ad97f7a74
resnet,electrode,101,bandpass_n20004_cV1_independent_rms_s0,phase2/results/predictions/full/electrode/resnet/seed_101/bandpass_n20004_cV1_independent_rms_s0.npz,75478,b482d310b401df21a81595e3616552bbba618d513cb644feb9160c374bbd8e83
resnet,electrode,101,bandpass_n20004_cV1_electrode_s20,phase2/results/predictions/full/electrode/resnet/seed_101/bandpass_n20004_cV1_electrode_s20.npz,76434,a78ee736c91ae505df746beab0bda3288223b00366f9b2fae4bfd32e8c93a462
resnet,electrode,101,bandpass_n20004_cV1_electrode_s15,phase2/results/predictions/full/electrode/resnet/seed_101/bandpass_n20004_cV1_electrode_s15.npz,76436,3d86973286980568b9330dd5e849f8ce3d28214f39913e18d7bfdb1d108fe9e7
resnet,electrode,101,bandpass_n20004_cV1_electrode_s10,phase2/results/predictions/full/electrode/resnet/seed_101/bandpass_n20004_cV1_electrode_s10.npz,76365,88b146196467a04f83f934a93159168a8149f5ba5b8406fb83e8cc9391257e59
resnet,electrode,101,bandpass_n20004_cV1_electrode_s5,phase2/results/predictions/full/electrode/resnet/seed_101/bandpass_n20004_cV1_electrode_s5.npz,76127,1858ffc36c83f90d0959adf7f534e026c3bb378d9bfd17e2767aa7a34a445ddb
resnet,electrode,101,bandpass_n20004_cV1_electrode_s0,phase2/results/predictions/full/electrode/resnet/seed_101/bandpass_n20004_cV1_electrode_s0.npz,75456,485b42f05e177441419e7e87fc26f03b0f6999b858ead75d90d2e97fd4272eeb
resnet,electrode,101,bandpass_n20004_cV1_covariance_s20,phase2/results/predictions/full/electrode/resnet/seed_101/bandpass_n20004_cV1_covariance_s20.npz,76467,c7de1983813d83de3764ee294e1d06fcca5ca489b065af6139a59baf316aa304
resnet,electrode,101,bandpass_n20004_cV1_covariance_s15,phase2/results/predictions/full/electrode/resnet/seed_101/bandpass_n20004_cV1_covariance_s15.npz,76425,6dd8c9eb20e8302565f238eeded6ab114e0def14b5b54d0de59f713f07a5f7e1
resnet,electrode,101,bandpass_n20004_cV1_covariance_s10,phase2/results/predictions/full/electrode/resnet/seed_101/bandpass_n20004_cV1_covariance_s10.npz,76379,a3aa63fc7ce74f53c6ad7155f1c5f95efa23b5efea24ec6de5cbbc8fddc61da8
resnet,electrode,101,bandpass_n20004_cV1_covariance_s5,phase2/results/predictions/full/electrode/resnet/seed_101/bandpass_n20004_cV1_covariance_s5.npz,76130,b2584c23595ac83dda2e006a5d64373cac9f90494bc21dcbc27afc966ca3dc6f
resnet,electrode,101,bandpass_n20004_cV1_covariance_s0,phase2/results/predictions/full/electrode/resnet/seed_101/bandpass_n20004_cV1_covariance_s0.npz,75442,540f7f31c613c307c8826256793ea64004a0b67c6b8b2453f38cf28ec91d1ad2
resnet,electrode,101,bandpass_n20004_cV2_independent_rms_s20,phase2/results/predictions/full/electrode/resnet/seed_101/bandpass_n20004_cV2_independent_rms_s20.npz,76502,96b0b863e9e14736fd076ebaba7d5b702cde9473e3a2e5539e92ea5b26adcd76
resnet,electrode,101,bandpass_n20004_cV2_independent_rms_s15,phase2/results/predictions/full/electrode/resnet/seed_101/bandpass_n20004_cV2_independent_rms_s15.npz,76499,3bf18e56a51e5096b2d5ade35648f6b4684e73efe71ab92409d09ab2a29d5b30
resnet,electrode,101,bandpass_n20004_cV2_independent_rms_s10,phase2/results/predictions/full/electrode/resnet/seed_101/bandpass_n20004_cV2_independent_rms_s10.npz,76458,2666bc71f2c236b5fcf383b43f80a81dc65ef08d812b7dd31c74c0ea3f747437
resnet,electrode,101,bandpass_n20004_cV2_independent_rms_s5,phase2/results/predictions/full/electrode/resnet/seed_101/bandpass_n20004_cV2_independent_rms_s5.npz,76306,4e5e0718892a7264665bf54449020f2cc8894b5351e1ccddd00eb644ce59c52f
resnet,electrode,101,bandpass_n20004_cV2_independent_rms_s0,phase2/results/predictions/full/electrode/resnet/seed_101/bandpass_n20004_cV2_independent_rms_s0.npz,75815,ad1bf395ee3950b6ce03fcf65903fbeacca87f8a69805c5501991f52855c622c
resnet,electrode,101,bandpass_n20004_cV2_electrode_s20,phase2/results/predictions/full/electrode/resnet/seed_101/bandpass_n20004_cV2_electrode_s20.npz,76472,aa930268536070a9ae53bcef60ac16db140f3a8e845962fd812eadfb46824b25
resnet,electrode,101,bandpass_n20004_cV2_electrode_s15,phase2/results/predictions/full/electrode/resnet/seed_101/bandpass_n20004_cV2_electrode_s15.npz,76520,f7a88222b81130bea252c69346a89287beb696e7f0ea31e6cb31ce0e09cfb9b6
resnet,electrode,101,bandpass_n20004_cV2_electrode_s10,phase2/results/predictions/full/electrode/resnet/seed_101/bandpass_n20004_cV2_electrode_s10.npz,76441,2bcf4718f6268f37eed69d2459ca64780adcccf82c6a19abb8f1b8840f589f91
resnet,electrode,101,bandpass_n20004_cV2_electrode_s5,phase2/results/predictions/full/electrode/resnet/seed_101/bandpass_n20004_cV2_electrode_s5.npz,76286,94e25d42e2c9d7b09e741f00eae796d70516d44838241cfee541a2cdf6ef042d
resnet,electrode,101,bandpass_n20004_cV2_electrode_s0,phase2/results/predictions/full/electrode/resnet/seed_101/bandpass_n20004_cV2_electrode_s0.npz,75820,74085a11c37703d5e1cf5f2cad619ab4312cf33e8cd27949fe6d4accbff51d4f
resnet,electrode,101,bandpass_n20004_cV2_covariance_s20,phase2/results/predictions/full/electrode/resnet/seed_101/bandpass_n20004_cV2_covariance_s20.npz,76470,0bd3029a884c7af2eee32472bb4761a40815614e090e0d2c32a429451ec19ef4
resnet,electrode,101,bandpass_n20004_cV2_covariance_s15,phase2/results/predictions/full/electrode/resnet/seed_101/bandpass_n20004_cV2_covariance_s15.npz,76449,f64ca339e7d2a72e6d49334568605aa5702227ee3eeb90068747ad1c11a20d49
resnet,electrode,101,bandpass_n20004_cV2_covariance_s10,phase2/results/predictions/full/electrode/resnet/seed_101/bandpass_n20004_cV2_covariance_s10.npz,76468,65a065f6a46724532c46152d82a9d5158d8a1f57f039762e38ca8b90e33dfcfd
resnet,electrode,101,bandpass_n20004_cV2_covariance_s5,phase2/results/predictions/full/electrode/resnet/seed_101/bandpass_n20004_cV2_covariance_s5.npz,76303,90b911736268d10e877e054dde6de54b6cab467fca72c38b87a901f845bf9ebf
resnet,electrode,101,bandpass_n20004_cV2_covariance_s0,phase2/results/predictions/full/electrode/resnet/seed_101/bandpass_n20004_cV2_covariance_s0.npz,75829,2f7b1893af331f0cb202489a96d9f7f495fc5e3b506ef15f85a34a5a1f99e809
resnet,electrode,101,bandpass_n20004_cV3_independent_rms_s20,phase2/results/predictions/full/electrode/resnet/seed_101/bandpass_n20004_cV3_independent_rms_s20.npz,76474,6d9d84263a2a7585dd9dfefb0edadcce1ff6c23a6ec751222964c5e21dd36e62
resnet,electrode,101,bandpass_n20004_cV3_independent_rms_s15,phase2/results/predictions/full/electrode/resnet/seed_101/bandpass_n20004_cV3_independent_rms_s15.npz,76478,fb76a8a7ecad7645931547c7a4a26eca4a095c7410474603ba3144862e904844
resnet,electrode,101,bandpass_n20004_cV3_independent_rms_s10,phase2/results/predictions/full/electrode/resnet/seed_101/bandpass_n20004_cV3_independent_rms_s10.npz,76441,5b8b0b4bd3f6e7c6baa17ac5f5d24be05f5e4f96943c3a9a3089b80d240ab4d1
resnet,electrode,101,bandpass_n20004_cV3_independent_rms_s5,phase2/results/predictions/full/electrode/resnet/seed_101/bandpass_n20004_cV3_independent_rms_s5.npz,76322,f615c8c1431f5fb523401f1ed8b92ac82694c741c3e551a24d326459c0edc295
resnet,electrode,101,bandpass_n20004_cV3_independent_rms_s0,phase2/results/predictions/full/electrode/resnet/seed_101/bandpass_n20004_cV3_independent_rms_s0.npz,75999,39f98b0434daef31960e771b987e737acdf97463c08ef58bb071eef5c91c55b5
resnet,electrode,101,bandpass_n20004_cV3_electrode_s20,phase2/results/predictions/full/electrode/resnet/seed_101/bandpass_n20004_cV3_electrode_s20.npz,76434,dbfa16c15e4f1b0a413ce6d09ef436572bf888df2e1e01e008d5b31308771ae7
resnet,electrode,101,bandpass_n20004_cV3_electrode_s15,phase2/results/predictions/full/electrode/resnet/seed_101/bandpass_n20004_cV3_electrode_s15.npz,76466,19199a9e2646434bef854b9c9e7e38e8f33ba1668684714f1944c1884d5c3df7
resnet,electrode,101,bandpass_n20004_cV3_electrode_s10,phase2/results/predictions/full/electrode/resnet/seed_101/bandpass_n20004_cV3_electrode_s10.npz,76407,5d4b0c399bd6b22c6cdf6e3e69eba3062966486a27be6603d9509f70ad8d9777
resnet,electrode,101,bandpass_n20004_cV3_electrode_s5,phase2/results/predictions/full/electrode/resnet/seed_101/bandpass_n20004_cV3_electrode_s5.npz,76294,f69276ade2444e503bff753052535d58937911c48d8700bfa5bf3ed4b6c5f3bb
resnet,electrode,101,bandpass_n20004_cV3_electrode_s0,phase2/results/predictions/full/electrode/resnet/seed_101/bandpass_n20004_cV3_electrode_s0.npz,75942,bf0d841b2c4e0df381daf9918084e68b6b743d3967a12bbea2beb5a7a2b576e8
resnet,electrode,101,bandpass_n20004_cV3_covariance_s20,phase2/results/predictions/full/electrode/resnet/seed_101/bandpass_n20004_cV3_covariance_s20.npz,76468,4af98dbe0b5d6cbf1f46d2b320dfa7c500fd0b1b63676c221aaa951f1105c43c
resnet,electrode,101,bandpass_n20004_cV3_covariance_s15,phase2/results/predictions/full/electrode/resnet/seed_101/bandpass_n20004_cV3_covariance_s15.npz,76440,eba1f0eded50b02e56983cdef49c45edee7209690a1ca1b27074667211a13529
resnet,electrode,101,bandpass_n20004_cV3_covariance_s10,phase2/results/predictions/full/electrode/resnet/seed_101/bandpass_n20004_cV3_covariance_s10.npz,76422,be3c260bad637f25bb65bb963e2d5c21ff4874398f642424791f6a2cdbbd0d04
resnet,electrode,101,bandpass_n20004_cV3_covariance_s5,phase2/results/predictions/full/electrode/resnet/seed_101/bandpass_n20004_cV3_covariance_s5.npz,76281,aa6e7537689b788f53e4e0860f4fa997ca2b1394dcf072b50cd207a5e2e7cf4d
resnet,electrode,101,bandpass_n20004_cV3_covariance_s0,phase2/results/predictions/full/electrode/resnet/seed_101/bandpass_n20004_cV3_covariance_s0.npz,75992,2855ec7468e384b47b930033144fe6212823ae4d50a8dc718f00814562ee7e33
resnet,electrode,101,bandpass_n20004_cV4_independent_rms_s20,phase2/results/predictions/full/electrode/resnet/seed_101/bandpass_n20004_cV4_independent_rms_s20.npz,76452,e23a47ccdfef269b577932a9aad4ca86518bf31f30fe03fcd6d1ba67046caf4f
resnet,electrode,101,bandpass_n20004_cV4_independent_rms_s15,phase2/results/predictions/full/electrode/resnet/seed_101/bandpass_n20004_cV4_independent_rms_s15.npz,76450,b7c24c8c095802a1fe325a1cdc65e49142c4d47fef694c121a473f982888792f
resnet,electrode,101,bandpass_n20004_cV4_independent_rms_s10,phase2/results/predictions/full/electrode/resnet/seed_101/bandpass_n20004_cV4_independent_rms_s10.npz,76469,d5ac14a27936e27e4e7226b07fcc217d0dff1db4dfa5faadf7810f64d8aafa39
resnet,electrode,101,bandpass_n20004_cV4_independent_rms_s5,phase2/results/predictions/full/electrode/resnet/seed_101/bandpass_n20004_cV4_independent_rms_s5.npz,76354,0251984c4ef74495fdff4f41a197f94d6aff5cb8e4a1ad8e7e1bca815cd7a40d
resnet,electrode,101,bandpass_n20004_cV4_independent_rms_s0,phase2/results/predictions/full/electrode/resnet/seed_101/bandpass_n20004_cV4_independent_rms_s0.npz,76052,faeb36a6f63641a4b7349e3bc24eba1c023631a6a97280cb04a555f3335b1dee
resnet,electrode,101,bandpass_n20004_cV4_electrode_s20,phase2/results/predictions/full/electrode/resnet/seed_101/bandpass_n20004_cV4_electrode_s20.npz,76477,56abc49234f51ff45b4455381f89c1f4af17bce0ac38a606d4f3f7fdaabc1f8d
resnet,electrode,101,bandpass_n20004_cV4_electrode_s15,phase2/results/predictions/full/electrode/resnet/seed_101/bandpass_n20004_cV4_electrode_s15.npz,76443,75df370643f57486c856167b50d7ada9ce51f2b93874e67fc45eb844b456a9c0
resnet,electrode,101,bandpass_n20004_cV4_electrode_s10,phase2/results/predictions/full/electrode/resnet/seed_101/bandpass_n20004_cV4_electrode_s10.npz,76423,091d43c1af27cfeef13b1758f381f78f12c7a04bdfa6cc7fd23b173778f61c71
resnet,electrode,101,bandpass_n20004_cV4_electrode_s5,phase2/results/predictions/full/electrode/resnet/seed_101/bandpass_n20004_cV4_electrode_s5.npz,76370,9b7f4c739b371f315d8c666cc87f49a18044bfa0086e6588506d11cadb9bfa0a
resnet,electrode,101,bandpass_n20004_cV4_electrode_s0,phase2/results/predictions/full/electrode/resnet/seed_101/bandpass_n20004_cV4_electrode_s0.npz,76056,2868ebe2222a20c85a59e7cb963e5bf87a1ad87d2ba9af608ccd52b9c1ffa1c2
resnet,electrode,101,bandpass_n20004_cV4_covariance_s20,phase2/results/predictions/full/electrode/resnet/seed_101/bandpass_n20004_cV4_covariance_s20.npz,76451,49cb4c09b95c21dce82c3424f28e759e1ee24e170e207736bf3ca2221868c46d
resnet,electrode,101,bandpass_n20004_cV4_covariance_s15,phase2/results/predictions/full/electrode/resnet/seed_101/bandpass_n20004_cV4_covariance_s15.npz,76446,08e657b494b4b9a0ad3079cbe0a30410a85cee9259a407536bd46d32759c67a8
resnet,electrode,101,bandpass_n20004_cV4_covariance_s10,phase2/results/predictions/full/electrode/resnet/seed_101/bandpass_n20004_cV4_covariance_s10.npz,76449,720712ce4eabe9497f5960fa328a929ee7163b452aa1fa17d953e134cb7c95d0
resnet,electrode,101,bandpass_n20004_cV4_covariance_s5,phase2/results/predictions/full/electrode/resnet/seed_101/bandpass_n20004_cV4_covariance_s5.npz,76336,be0fd0e3ec70cdce83c78aa4c6ef917da78216000b88b3f7122f92c4f4019371
resnet,electrode,101,bandpass_n20004_cV4_covariance_s0,phase2/results/predictions/full/electrode/resnet/seed_101/bandpass_n20004_cV4_covariance_s0.npz,76058,b1d9acd9d3874ea59fd3b7c0e5a93ddc04f5e5335dd311ce4c193ee0e77c40ab
resnet,electrode,101,bandpass_n20004_cV5_independent_rms_s20,phase2/results/predictions/full/electrode/resnet/seed_101/bandpass_n20004_cV5_independent_rms_s20.npz,76473,d039410b2d578b62448391e278f7a749d7ade21272ec6748d0e3e2b295a01a00
resnet,electrode,101,bandpass_n20004_cV5_independent_rms_s15,phase2/results/predictions/full/electrode/resnet/seed_101/bandpass_n20004_cV5_independent_rms_s15.npz,76492,51328724e50171600cb9170b3ff249302d720519a3b55fdb2709ccd911e67c91
resnet,electrode,101,bandpass_n20004_cV5_independent_rms_s10,phase2/results/predictions/full/electrode/resnet/seed_101/bandpass_n20004_cV5_independent_rms_s10.npz,76463,3f6157438c642a6e7106cda8d050ee5c142cfb3d773cdaade0422b57423643ef
resnet,electrode,101,bandpass_n20004_cV5_independent_rms_s5,phase2/results/predictions/full/electrode/resnet/seed_101/bandpass_n20004_cV5_independent_rms_s5.npz,76298,c6e16e2df7dce23b2639775478e624784374496f981cb4127f9cf74df4882d81
resnet,electrode,101,bandpass_n20004_cV5_independent_rms_s0,phase2/results/predictions/full/electrode/resnet/seed_101/bandpass_n20004_cV5_independent_rms_s0.npz,75773,2f3c40e4e18e1901076396b973fb040712f54cd3b4aef31ae0eb31c83a1b5219
resnet,electrode,101,bandpass_n20004_cV5_electrode_s20,phase2/results/predictions/full/electrode/resnet/seed_101/bandpass_n20004_cV5_electrode_s20.npz,76462,5960d8560be509ff8ef01840a7472fbbbe3a8c6fab16f115f6a741b534896847
resnet,electrode,101,bandpass_n20004_cV5_electrode_s15,phase2/results/predictions/full/electrode/resnet/seed_101/bandpass_n20004_cV5_electrode_s15.npz,76488,9cd21d812f26f270123f230d218bb920d55f49424641ce73916f6eeb969a71ad
resnet,electrode,101,bandpass_n20004_cV5_electrode_s10,phase2/results/predictions/full/electrode/resnet/seed_101/bandpass_n20004_cV5_electrode_s10.npz,76471,f8b53f16f65cbe3af39bc1477c5c35f39c71ee958bd09ddfdc0e34b82548b455
resnet,electrode,101,bandpass_n20004_cV5_electrode_s5,phase2/results/predictions/full/electrode/resnet/seed_101/bandpass_n20004_cV5_electrode_s5.npz,76240,e64be8c03636df00d9bdf693c470b19619843aab8ef6f017173e34d712583ece
resnet,electrode,101,bandpass_n20004_cV5_electrode_s0,phase2/results/predictions/full/electrode/resnet/seed_101/bandpass_n20004_cV5_electrode_s0.npz,75782,2b810b54ced977fb987051e06c1e8f5325596e045596f46cb15adef4e2fb72b9
resnet,electrode,101,bandpass_n20004_cV5_covariance_s20,phase2/results/predictions/full/electrode/resnet/seed_101/bandpass_n20004_cV5_covariance_s20.npz,76456,3413b637794c5c86ef245484481ab10e30edaececef42e908be63a429c152e07
resnet,electrode,101,bandpass_n20004_cV5_covariance_s15,phase2/results/predictions/full/electrode/resnet/seed_101/bandpass_n20004_cV5_covariance_s15.npz,76485,56d0dfd6706b588da48648cb467972a03bf8192eaf45a6643e64dbeabefcf5a8
resnet,electrode,101,bandpass_n20004_cV5_covariance_s10,phase2/results/predictions/full/electrode/resnet/seed_101/bandpass_n20004_cV5_covariance_s10.npz,76470,955837aa75735d955c48b29bee190210495e1c16e3377c5b4edd5c264985fa8b
resnet,electrode,101,bandpass_n20004_cV5_covariance_s5,phase2/results/predictions/full/electrode/resnet/seed_101/bandpass_n20004_cV5_covariance_s5.npz,76278,730cf5e3a0c14089ba85196f1c61b2d8837d8fe7f4ea70689488494b96a13848
resnet,electrode,101,bandpass_n20004_cV5_covariance_s0,phase2/results/predictions/full/electrode/resnet/seed_101/bandpass_n20004_cV5_covariance_s0.npz,75762,c2e34d041a42adf6af4facba4870b899a83cf996068226f8a2a27121f9454f67
resnet,electrode,101,bandpass_n20004_cV6_independent_rms_s20,phase2/results/predictions/full/electrode/resnet/seed_101/bandpass_n20004_cV6_independent_rms_s20.npz,76476,0f5c0670d8c6a8fbd3113e708cf7df93abd5391eb74985859e6b66bfe2040362
resnet,electrode,101,bandpass_n20004_cV6_independent_rms_s15,phase2/results/predictions/full/electrode/resnet/seed_101/bandpass_n20004_cV6_independent_rms_s15.npz,76457,0e070964e09480e6354f8707b74cdb4134809b996175e942a9fcd8de508fecc8
resnet,electrode,101,bandpass_n20004_cV6_independent_rms_s10,phase2/results/predictions/full/electrode/resnet/seed_101/bandpass_n20004_cV6_independent_rms_s10.npz,76450,75c7e35cb8c8e39635a1c0acb7b852bae911bc7a7047489b6c2f33c17d5279af
resnet,electrode,101,bandpass_n20004_cV6_independent_rms_s5,phase2/results/predictions/full/electrode/resnet/seed_101/bandpass_n20004_cV6_independent_rms_s5.npz,76260,41e323b1d39c3e2d55e229dc309ec3434bb474a32890afdc29ec5eec839f947a
resnet,electrode,101,bandpass_n20004_cV6_independent_rms_s0,phase2/results/predictions/full/electrode/resnet/seed_101/bandpass_n20004_cV6_independent_rms_s0.npz,75954,1a1f2359f0450bc215f86d4bb1cb4589dff46a80795fccd3b615a7d5697788f9
resnet,electrode,101,bandpass_n20004_cV6_electrode_s20,phase2/results/predictions/full/electrode/resnet/seed_101/bandpass_n20004_cV6_electrode_s20.npz,76485,16b527350b0abd125e51c239a07e83553cad58401b31e1b5d5b6c9cc81bc2100
resnet,electrode,101,bandpass_n20004_cV6_electrode_s15,phase2/results/predictions/full/electrode/resnet/seed_101/bandpass_n20004_cV6_electrode_s15.npz,76451,96453ac7614d09d931e65c3d6c717d1bafbc17afeade57430d6ad2cd882abab6
resnet,electrode,101,bandpass_n20004_cV6_electrode_s10,phase2/results/predictions/full/electrode/resnet/seed_101/bandpass_n20004_cV6_electrode_s10.npz,76404,eb434380594919eb408b4f1ad24aabb3673168fbefc6361dd17acffb4985a749
resnet,electrode,101,bandpass_n20004_cV6_electrode_s5,phase2/results/predictions/full/electrode/resnet/seed_101/bandpass_n20004_cV6_electrode_s5.npz,76288,6c4e6e4daae3f108d11eebd60830388bb6541d43281ca455b83b8180212005bb
resnet,electrode,101,bandpass_n20004_cV6_electrode_s0,phase2/results/predictions/full/electrode/resnet/seed_101/bandpass_n20004_cV6_electrode_s0.npz,75929,dfdb1808df855e4f785fd7dc433a929f6c65555ca93633be917f3c9e15ea3d52
resnet,electrode,101,bandpass_n20004_cV6_covariance_s20,phase2/results/predictions/full/electrode/resnet/seed_101/bandpass_n20004_cV6_covariance_s20.npz,76458,71a37dbf649bed0a39e2a220a1003b0b2c9d0219caf7c9b91301427eb13afdee
resnet,electrode,101,bandpass_n20004_cV6_covariance_s15,phase2/results/predictions/full/electrode/resnet/seed_101/bandpass_n20004_cV6_covariance_s15.npz,76443,f1b281701c3127b7b1c9e264914137223e8658245c6462d8da2b727efbd87272
resnet,electrode,101,bandpass_n20004_cV6_covariance_s10,phase2/results/predictions/full/electrode/resnet/seed_101/bandpass_n20004_cV6_covariance_s10.npz,76402,c740b0f73b48cb93d6f19d94f6556ae00a566e0d7ccea1aa0d8bcc5d44dff569
resnet,electrode,101,bandpass_n20004_cV6_covariance_s5,phase2/results/predictions/full/electrode/resnet/seed_101/bandpass_n20004_cV6_covariance_s5.npz,76291,afa677a7d0748ee60c7b9e4d38c142e3903d3c8c5cc263d68771f3328a1b71cb
resnet,electrode,101,bandpass_n20004_cV6_covariance_s0,phase2/results/predictions/full/electrode/resnet/seed_101/bandpass_n20004_cV6_covariance_s0.npz,75947,c3b4699a149f0d3cea3e33507fca5558246df14d76fb43851cdffd22ec325122
resnet,electrode,101,bandpass_n20004_cRA_LA_independent_rms_s20,phase2/results/predictions/full/electrode/resnet/seed_101/bandpass_n20004_cRA_LA_independent_rms_s20.npz,76502,db4930fb0d180406f9cb7b7017e65055815646406cbe4498c6f1b0dd82fec1ed
resnet,electrode,101,bandpass_n20004_cRA_LA_independent_rms_s15,phase2/results/predictions/full/electrode/resnet/seed_101/bandpass_n20004_cRA_LA_independent_rms_s15.npz,76463,43faddb8091dbca96075ea0194ed771605e10c99336fad93f9070687d7354061
resnet,electrode,101,bandpass_n20004_cRA_LA_independent_rms_s10,phase2/results/predictions/full/electrode/resnet/seed_101/bandpass_n20004_cRA_LA_independent_rms_s10.npz,76473,f3f6c5e75facf62e9a229e86922541d9a8119adba3cf16a36cf2eb0691bf8342
resnet,electrode,101,bandpass_n20004_cRA_LA_independent_rms_s5,phase2/results/predictions/full/electrode/resnet/seed_101/bandpass_n20004_cRA_LA_independent_rms_s5.npz,76320,bce32e59c62573bc8ba304089cc46621033cf89b64b46693bab62d68ff54c888
resnet,electrode,101,bandpass_n20004_cRA_LA_independent_rms_s0,phase2/results/predictions/full/electrode/resnet/seed_101/bandpass_n20004_cRA_LA_independent_rms_s0.npz,75998,3ec0a616044fcfd76bd389054db3dfedf800ed26b5b15b4c7835a93b2f3d77a8
resnet,electrode,101,bandpass_n20004_cRA_LA_electrode_s20,phase2/results/predictions/full/electrode/resnet/seed_101/bandpass_n20004_cRA_LA_electrode_s20.npz,76490,7a9f2aae53a9bd921492a6a94373edd0bd753143c91b28bbaf83ebbd64aa0ec0
resnet,electrode,101,bandpass_n20004_cRA_LA_electrode_s15,phase2/results/predictions/full/electrode/resnet/seed_101/bandpass_n20004_cRA_LA_electrode_s15.npz,76467,b1a7296e8eb8888543ad8c8c2fc10dcd858fda48a028d78db75db5159dc735e1
resnet,electrode,101,bandpass_n20004_cRA_LA_electrode_s10,phase2/results/predictions/full/electrode/resnet/seed_101/bandpass_n20004_cRA_LA_electrode_s10.npz,76407,09158e970548d8d1c2d82256270c9cb19fcd6d0a4f645dcc150831b471b52175
resnet,electrode,101,bandpass_n20004_cRA_LA_electrode_s5,phase2/results/predictions/full/electrode/resnet/seed_101/bandpass_n20004_cRA_LA_electrode_s5.npz,76224,190cc931d77d93874fd09d6fea2e6ba3984680913bf7e1acf0cf4f55413f78f4
resnet,electrode,101,bandpass_n20004_cRA_LA_electrode_s0,phase2/results/predictions/full/electrode/resnet/seed_101/bandpass_n20004_cRA_LA_electrode_s0.npz,75800,8466453653873a00d5d49059b76035c69787b084ced354a357cabb7a9ea99f63
resnet,electrode,101,bandpass_n20004_cRA_LA_covariance_s20,phase2/results/predictions/full/electrode/resnet/seed_101/bandpass_n20004_cRA_LA_covariance_s20.npz,76490,8d54e945096f32fda91f1f4102befbcf1a7de05f582d0118b350fe58284a0a28
resnet,electrode,101,bandpass_n20004_cRA_LA_covariance_s15,phase2/results/predictions/full/electrode/resnet/seed_101/bandpass_n20004_cRA_LA_covariance_s15.npz,76474,d64d8b150c11146c6b82fe5207edc8acc6fb4fed3e1c21f45b5dbfb6f1f1b9b3
resnet,electrode,101,bandpass_n20004_cRA_LA_covariance_s10,phase2/results/predictions/full/electrode/resnet/seed_101/bandpass_n20004_cRA_LA_covariance_s10.npz,76412,117964afc3afc82322c90617ddbe2bc2338224e1a312c69cdf210ed0eb7589db
resnet,electrode,101,bandpass_n20004_cRA_LA_covariance_s5,phase2/results/predictions/full/electrode/resnet/seed_101/bandpass_n20004_cRA_LA_covariance_s5.npz,76215,dfe5ec1f29d663916af11402ef8939dc824141b95589aa82a1f2061f2daa9730
resnet,electrode,101,bandpass_n20004_cRA_LA_covariance_s0,phase2/results/predictions/full/electrode/resnet/seed_101/bandpass_n20004_cRA_LA_covariance_s0.npz,75838,a8fe3dab3f44414eafd23373cd35766c59c2f2f52e115ac47b25372af06814d3
resnet,electrode,101,bandpass_n20004_cLA_LL_independent_rms_s20,phase2/results/predictions/full/electrode/resnet/seed_101/bandpass_n20004_cLA_LL_independent_rms_s20.npz,76479,47e9bbeaade0f69115c828653dea82b18186e3a604e8514a21689169f65448b3
resnet,electrode,101,bandpass_n20004_cLA_LL_independent_rms_s15,phase2/results/predictions/full/electrode/resnet/seed_101/bandpass_n20004_cLA_LL_independent_rms_s15.npz,76487,77a5c8c8120606a87a806e9839bd3eaf65061a9d38418dd6db92de4f52e51d0f
resnet,electrode,101,bandpass_n20004_cLA_LL_independent_rms_s10,phase2/results/predictions/full/electrode/resnet/seed_101/bandpass_n20004_cLA_LL_independent_rms_s10.npz,76481,01e9e15deff7e41f078546112babb53b0184992aec859e991391d2943172bf63
resnet,electrode,101,bandpass_n20004_cLA_LL_independent_rms_s5,phase2/results/predictions/full/electrode/resnet/seed_101/bandpass_n20004_cLA_LL_independent_rms_s5.npz,76274,9bf5eb42bf9727a8fd75e99fb8ad07fdccd92b6d3c076decb53fafa78ec84a7c
resnet,electrode,101,bandpass_n20004_cLA_LL_independent_rms_s0,phase2/results/predictions/full/electrode/resnet/seed_101/bandpass_n20004_cLA_LL_independent_rms_s0.npz,75895,fbf5ec6d6e9026dbb03a0dca0eb489e8f461e8a4d72b910d03c4609943231bc1
resnet,electrode,101,bandpass_n20004_cLA_LL_electrode_s20,phase2/results/predictions/full/electrode/resnet/seed_101/bandpass_n20004_cLA_LL_electrode_s20.npz,76500,cf114f7dd5bfb538c7cb88ba3e5741dd691e64cfc1868f69385af82c9c4e817e
resnet,electrode,101,bandpass_n20004_cLA_LL_electrode_s15,phase2/results/predictions/full/electrode/resnet/seed_101/bandpass_n20004_cLA_LL_electrode_s15.npz,76468,0b9c1d3c13440363787867cdb7c4eb7309db566448ad8cd4a02231e5a0d5a33e
resnet,electrode,101,bandpass_n20004_cLA_LL_electrode_s10,phase2/results/predictions/full/electrode/resnet/seed_101/bandpass_n20004_cLA_LL_electrode_s10.npz,76409,c85d18528e0e2d689d7e58f87a2bbc037c0b799d9d7e7e23815df26891ba5a0c
resnet,electrode,101,bandpass_n20004_cLA_LL_electrode_s5,phase2/results/predictions/full/electrode/resnet/seed_101/bandpass_n20004_cLA_LL_electrode_s5.npz,76175,58b5386c14832ccee9e90565db2f2cd4859472ffd6770f7a544c5b43268e1551
resnet,electrode,101,bandpass_n20004_cLA_LL_electrode_s0,phase2/results/predictions/full/electrode/resnet/seed_101/bandpass_n20004_cLA_LL_electrode_s0.npz,75501,bc2332fcec6115a95a4b4ecd78119f8c372f065711877844d462d1cce67ea892
resnet,electrode,101,bandpass_n20004_cLA_LL_covariance_s20,phase2/results/predictions/full/electrode/resnet/seed_101/bandpass_n20004_cLA_LL_covariance_s20.npz,76497,b1454aac9499596c027c1a0a90bc1bd74a96d1d349b04a02a71b90f6c5133ff1
resnet,electrode,101,bandpass_n20004_cLA_LL_covariance_s15,phase2/results/predictions/full/electrode/resnet/seed_101/bandpass_n20004_cLA_LL_covariance_s15.npz,76439,c66a1eac0b223e4ad90822d0b8c34efd8e8c1d0a52630137cfc12a9a8932cb44
resnet,electrode,101,bandpass_n20004_cLA_LL_covariance_s10,phase2/results/predictions/full/electrode/resnet/seed_101/bandpass_n20004_cLA_LL_covariance_s10.npz,76399,377f6597e41b6a5a88c16a423e2d5e658f3f6fd1bb567511d4e52119a7ccb3ee
resnet,electrode,101,bandpass_n20004_cLA_LL_covariance_s5,phase2/results/predictions/full/electrode/resnet/seed_101/bandpass_n20004_cLA_LL_covariance_s5.npz,76134,1d7781378946776a1a76fb5e97c725b8523ec53bc5a1e99b671b6bcfc7d1d9c7
resnet,electrode,101,bandpass_n20004_cLA_LL_covariance_s0,phase2/results/predictions/full/electrode/resnet/seed_101/bandpass_n20004_cLA_LL_covariance_s0.npz,75511,e18440872dbb61c0f38481b3387df7e3e45923cd20b686368ab6e04fdbcf7cbc
resnet,electrode,101,bandpass_n20004_cRA_LL_independent_rms_s20,phase2/results/predictions/full/electrode/resnet/seed_101/bandpass_n20004_cRA_LL_independent_rms_s20.npz,76482,21ccc96d0151940083dea70d89d8f786be53e123241582ba0ed3f26b14c1b67c
resnet,electrode,101,bandpass_n20004_cRA_LL_independent_rms_s15,phase2/results/predictions/full/electrode/resnet/seed_101/bandpass_n20004_cRA_LL_independent_rms_s15.npz,76511,77df2f4091d672e4afa75bced5375b0765f448baa4f4952d37c8f9530d12cbe4
resnet,electrode,101,bandpass_n20004_cRA_LL_independent_rms_s10,phase2/results/predictions/full/electrode/resnet/seed_101/bandpass_n20004_cRA_LL_independent_rms_s10.npz,76440,7f9ca9f220f97e270ac381f6b522da3252a4d5b86a05634e11bb62c1b85a6dd6
resnet,electrode,101,bandpass_n20004_cRA_LL_independent_rms_s5,phase2/results/predictions/full/electrode/resnet/seed_101/bandpass_n20004_cRA_LL_independent_rms_s5.npz,76272,5ebc230687aa099e5fa356c3f542e50148863efc02503b1a578118b1bdc3a454
resnet,electrode,101,bandpass_n20004_cRA_LL_independent_rms_s0,phase2/results/predictions/full/electrode/resnet/seed_101/bandpass_n20004_cRA_LL_independent_rms_s0.npz,75939,c41531a84b580a024159c4631a23efee2dfdfd438584c58dd3f7eeabcb801d8f
resnet,electrode,101,bandpass_n20004_cRA_LL_electrode_s20,phase2/results/predictions/full/electrode/resnet/seed_101/bandpass_n20004_cRA_LL_electrode_s20.npz,76476,89c97cb9c33a53736ccdc167a7f682034b2a6d968b07033c6113aea1168ada2e
resnet,electrode,101,bandpass_n20004_cRA_LL_electrode_s15,phase2/results/predictions/full/electrode/resnet/seed_101/bandpass_n20004_cRA_LL_electrode_s15.npz,76441,1c1a71ab346550e181851245ae10de229c34b67e44f30ea129922748fbb45c73
resnet,electrode,101,bandpass_n20004_cRA_LL_electrode_s10,phase2/results/predictions/full/electrode/resnet/seed_101/bandpass_n20004_cRA_LL_electrode_s10.npz,76386,64424b1bea596d73ef731a2475f8d83e52910bfb2dcd7bdc71d7052f9fce8c17
resnet,electrode,101,bandpass_n20004_cRA_LL_electrode_s5,phase2/results/predictions/full/electrode/resnet/seed_101/bandpass_n20004_cRA_LL_electrode_s5.npz,76104,3bc2138646be2bd310a10a0292b4aa58938152c4cb90c7471f988c776eba7c90
resnet,electrode,101,bandpass_n20004_cRA_LL_electrode_s0,phase2/results/predictions/full/electrode/resnet/seed_101/bandpass_n20004_cRA_LL_electrode_s0.npz,75631,0b09406536fee7f18cf156aa46955a43a88b6b98d97521407fdbf35a123767aa
resnet,electrode,101,bandpass_n20004_cRA_LL_covariance_s20,phase2/results/predictions/full/electrode/resnet/seed_101/bandpass_n20004_cRA_LL_covariance_s20.npz,76468,7eefa904e47306016d557711f564866895ef03b80b9dedab87ecf7d98f25ef32
resnet,electrode,101,bandpass_n20004_cRA_LL_covariance_s15,phase2/results/predictions/full/electrode/resnet/seed_101/bandpass_n20004_cRA_LL_covariance_s15.npz,76496,5c6df7edbe4710ad23429b5b1a8db13148fbae45182dd2fff015126513e402f7
resnet,electrode,101,bandpass_n20004_cRA_LL_covariance_s10,phase2/results/predictions/full/electrode/resnet/seed_101/bandpass_n20004_cRA_LL_covariance_s10.npz,76365,6bbfb8f974b5a45e74457d7bf1b27f92cb057314ef3da42bd4de2fb716edbfcb
resnet,electrode,101,bandpass_n20004_cRA_LL_covariance_s5,phase2/results/predictions/full/electrode/resnet/seed_101/bandpass_n20004_cRA_LL_covariance_s5.npz,76122,591953c23d57b929e316f9ffe8682d3990a2709baace6e6da262ed868d45fbe6
resnet,electrode,101,bandpass_n20004_cRA_LL_covariance_s0,phase2/results/predictions/full/electrode/resnet/seed_101/bandpass_n20004_cRA_LL_covariance_s0.npz,75613,566492f2cf65b8b5c772c6b226f4b8a2ba5d1a0a77136e3df22ca6dfb61d9912
resnet,electrode,101,bandpass_n20004_cRA_independent_rms_s20,phase2/results/predictions/full/electrode/resnet/seed_101/bandpass_n20004_cRA_independent_rms_s20.npz,76463,971c525330ba4176dcf0c880fb8da2d9182258f1b155f47c2c5c1d4bbef47481
resnet,electrode,101,bandpass_n20004_cRA_independent_rms_s15,phase2/results/predictions/full/electrode/resnet/seed_101/bandpass_n20004_cRA_independent_rms_s15.npz,76507,0275190ee006c12be34836a7c59729ce95511b28228aa801dbc30c8ac434f373
resnet,electrode,101,bandpass_n20004_cRA_independent_rms_s10,phase2/results/predictions/full/electrode/resnet/seed_101/bandpass_n20004_cRA_independent_rms_s10.npz,76455,80069bafe0552f3955d919f33eb677018c7a22b71cb7c4934d6c9206575b0c9f
resnet,electrode,101,bandpass_n20004_cRA_independent_rms_s5,phase2/results/predictions/full/electrode/resnet/seed_101/bandpass_n20004_cRA_independent_rms_s5.npz,76311,b0892c3e2cdc8e636fd8d410c8367c32d22aa6fc31f12783dfca9af358eb31fc
resnet,electrode,101,bandpass_n20004_cRA_independent_rms_s0,phase2/results/predictions/full/electrode/resnet/seed_101/bandpass_n20004_cRA_independent_rms_s0.npz,75979,a6bdc34ca53de3f017cc080e22a2d9d12e99f0a34c63cb3fbf85faf5235edf58
resnet,electrode,101,bandpass_n20004_cRA_electrode_s20,phase2/results/predictions/full/electrode/resnet/seed_101/bandpass_n20004_cRA_electrode_s20.npz,76493,42e2e4f6ce998796019c0156f77deac2e7b9fbebbbc2063b10a95a77c292b698
resnet,electrode,101,bandpass_n20004_cRA_electrode_s15,phase2/results/predictions/full/electrode/resnet/seed_101/bandpass_n20004_cRA_electrode_s15.npz,76484,2b4dafe7ca2f9b463a1a9bde6e9c69625c6dec084b3d402d8762fb1cbd5048ef
resnet,electrode,101,bandpass_n20004_cRA_electrode_s10,phase2/results/predictions/full/electrode/resnet/seed_101/bandpass_n20004_cRA_electrode_s10.npz,76405,6fab1744ea327f141658ca7c18f1edefe6c51e85d0a835f4dbcfcb629683b07b
resnet,electrode,101,bandpass_n20004_cRA_electrode_s5,phase2/results/predictions/full/electrode/resnet/seed_101/bandpass_n20004_cRA_electrode_s5.npz,76195,ce4f2a586c409c283c42c86cd4dff76bc582fd6d9190335c6b77b7acbe0847bd
resnet,electrode,101,bandpass_n20004_cRA_electrode_s0,phase2/results/predictions/full/electrode/resnet/seed_101/bandpass_n20004_cRA_electrode_s0.npz,75884,07ce0fe5a7a51e6e7db990549348dbba3b162f5b2a5210b0922ca7effb273377
resnet,electrode,101,bandpass_n20004_cRA_covariance_s20,phase2/results/predictions/full/electrode/resnet/seed_101/bandpass_n20004_cRA_covariance_s20.npz,76470,ba95b0aff0509bcba2f88041f7ad79978339cd007dedb613bc201a508cca758b
resnet,electrode,101,bandpass_n20004_cRA_covariance_s15,phase2/results/predictions/full/electrode/resnet/seed_101/bandpass_n20004_cRA_covariance_s15.npz,76449,9c3785a9ac5457036e3bc964d758c1f45ecb4cb042f4924c39020a70e368de65
resnet,electrode,101,bandpass_n20004_cRA_covariance_s10,phase2/results/predictions/full/electrode/resnet/seed_101/bandpass_n20004_cRA_covariance_s10.npz,76407,614ee4bc6a95663886812440513271383c11bd84ac40aad15e61db198394cfd1
resnet,electrode,101,bandpass_n20004_cRA_covariance_s5,phase2/results/predictions/full/electrode/resnet/seed_101/bandpass_n20004_cRA_covariance_s5.npz,76152,0af18d389ed90af96919353b0951792e32a158b95204dddd45f94005c12a7318
resnet,electrode,101,bandpass_n20004_cRA_covariance_s0,phase2/results/predictions/full/electrode/resnet/seed_101/bandpass_n20004_cRA_covariance_s0.npz,75852,2ab11e20d1505df529fb7b993a06266fd34e44b9fa67c8617d43a48504b51d7d
resnet,electrode,101,bandpass_n20004_cLA_independent_rms_s20,phase2/results/predictions/full/electrode/resnet/seed_101/bandpass_n20004_cLA_independent_rms_s20.npz,76484,5a79d2130e44a1427f82da93ef6d6ebd23417f49b8e7ee46eef22c5ae85a16cd
resnet,electrode,101,bandpass_n20004_cLA_independent_rms_s15,phase2/results/predictions/full/electrode/resnet/seed_101/bandpass_n20004_cLA_independent_rms_s15.npz,76496,d91c39894f65c244af2ac1a05790608638d006074f1d5f7cf0541d623ff280e4
resnet,electrode,101,bandpass_n20004_cLA_independent_rms_s10,phase2/results/predictions/full/electrode/resnet/seed_101/bandpass_n20004_cLA_independent_rms_s10.npz,76467,6d32a0d90ab4efa954d33000cf66e6ab5de7ec285ea14cbb94a857af284a5262
resnet,electrode,101,bandpass_n20004_cLA_independent_rms_s5,phase2/results/predictions/full/electrode/resnet/seed_101/bandpass_n20004_cLA_independent_rms_s5.npz,76286,2e3e31636a41ece7916e487183478a892ec98f057709afaa9cfb30b21762e96f
resnet,electrode,101,bandpass_n20004_cLA_independent_rms_s0,phase2/results/predictions/full/electrode/resnet/seed_101/bandpass_n20004_cLA_independent_rms_s0.npz,75945,73ee04f865d55a92df72f2e3b562f8789c85a5e7d6b094eedd04e1bce31e6b5d
resnet,electrode,101,bandpass_n20004_cLA_electrode_s20,phase2/results/predictions/full/electrode/resnet/seed_101/bandpass_n20004_cLA_electrode_s20.npz,76481,344eda1b12ace369916621a0b1c5202b0bdaa885124d25d20296d43d41b31fe9
resnet,electrode,101,bandpass_n20004_cLA_electrode_s15,phase2/results/predictions/full/electrode/resnet/seed_101/bandpass_n20004_cLA_electrode_s15.npz,76485,c261bc2e16e2e5d82377faf872ae0231345d044be01a67d01e44be394dd39376
resnet,electrode,101,bandpass_n20004_cLA_electrode_s10,phase2/results/predictions/full/electrode/resnet/seed_101/bandpass_n20004_cLA_electrode_s10.npz,76410,45b4dbfcde9a47c9f20ecd293fbdb9ae3594514d5cba07732212c7f53f3610ff
resnet,electrode,101,bandpass_n20004_cLA_electrode_s5,phase2/results/predictions/full/electrode/resnet/seed_101/bandpass_n20004_cLA_electrode_s5.npz,76206,5e05bf95b3fa4af62a3bdffb1a5569963f3e08ffb9c2d44370877f4e08377ef9
resnet,electrode,101,bandpass_n20004_cLA_electrode_s0,phase2/results/predictions/full/electrode/resnet/seed_101/bandpass_n20004_cLA_electrode_s0.npz,75804,2513ad19c0b56e7ff349dc6d1ec991cce1e9503192a5071e7d52eb99f4ba9ae5
resnet,electrode,101,bandpass_n20004_cLA_covariance_s20,phase2/results/predictions/full/electrode/resnet/seed_101/bandpass_n20004_cLA_covariance_s20.npz,76475,17087c57e7ac70fbe9fa7dad632750e591fb2b125d3a2065796960f02708f915
resnet,electrode,101,bandpass_n20004_cLA_covariance_s15,phase2/results/predictions/full/electrode/resnet/seed_101/bandpass_n20004_cLA_covariance_s15.npz,76463,878502a0e230a11c2d20231ccf1f1c2099069b7f049e74052f6e4b2fff6b26cc
resnet,electrode,101,bandpass_n20004_cLA_covariance_s10,phase2/results/predictions/full/electrode/resnet/seed_101/bandpass_n20004_cLA_covariance_s10.npz,76424,2ceb1d8151cc27a5e35dc55a856cb290cef8d60010160936876edca19e28f47f
resnet,electrode,101,bandpass_n20004_cLA_covariance_s5,phase2/results/predictions/full/electrode/resnet/seed_101/bandpass_n20004_cLA_covariance_s5.npz,76238,00a5539b9635341fff241e57ffe5f5960bcbf7f3fb0606b829c594d68f7c3514
resnet,electrode,101,bandpass_n20004_cLA_covariance_s0,phase2/results/predictions/full/electrode/resnet/seed_101/bandpass_n20004_cLA_covariance_s0.npz,75799,86d3f8d4551705d32988d6170d399d3cfa456744749d2622aca87d677d27457f
resnet,electrode,101,bandpass_n20004_cLL_independent_rms_s20,phase2/results/predictions/full/electrode/resnet/seed_101/bandpass_n20004_cLL_independent_rms_s20.npz,76460,9ae607fc4cc1e4ccc70a6349fe8d35b17f040c491bb5cb45c94bc74ba5ee3388
resnet,electrode,101,bandpass_n20004_cLL_independent_rms_s15,phase2/results/predictions/full/electrode/resnet/seed_101/bandpass_n20004_cLL_independent_rms_s15.npz,76508,6114f1ee688d165e05c5b2cb06cef29560fde30e564401391d44fcc97b4353e3
resnet,electrode,101,bandpass_n20004_cLL_independent_rms_s10,phase2/results/predictions/full/electrode/resnet/seed_101/bandpass_n20004_cLL_independent_rms_s10.npz,76435,631dd465ba2167c582a0e7f64cfc7778046f9f7c2ef4527d4542b4489df851e4
resnet,electrode,101,bandpass_n20004_cLL_independent_rms_s5,phase2/results/predictions/full/electrode/resnet/seed_101/bandpass_n20004_cLL_independent_rms_s5.npz,76256,d3f2f96e3a7b76aab409e2aeca3376a6973631f14e71c013215feaf953533ffb
resnet,electrode,101,bandpass_n20004_cLL_independent_rms_s0,phase2/results/predictions/full/electrode/resnet/seed_101/bandpass_n20004_cLL_independent_rms_s0.npz,75844,511cdda26d6ec520e33237fe0f4d8f5d8d393c02f1b35974260f9a06831475f2
resnet,electrode,101,bandpass_n20004_cLL_electrode_s20,phase2/results/predictions/full/electrode/resnet/seed_101/bandpass_n20004_cLL_electrode_s20.npz,76455,888742ed8ec8989f6d686dc308cf268aecc72998a66e2c40ba58a7512c51596b
resnet,electrode,101,bandpass_n20004_cLL_electrode_s15,phase2/results/predictions/full/electrode/resnet/seed_101/bandpass_n20004_cLL_electrode_s15.npz,76450,eac325f266c09cc6c5b5fa4474d4d756acfcc2a6499ded96a91587a811f9ea44
resnet,electrode,101,bandpass_n20004_cLL_electrode_s10,phase2/results/predictions/full/electrode/resnet/seed_101/bandpass_n20004_cLL_electrode_s10.npz,76380,95b5f1c7d4313e6cc71b1108c8bfcec128bf0df284e947089a2c682d68980e2e
resnet,electrode,101,bandpass_n20004_cLL_electrode_s5,phase2/results/predictions/full/electrode/resnet/seed_101/bandpass_n20004_cLL_electrode_s5.npz,76067,0b6336ef10084e6e2013964b0c6b468ff2f616bf2e264cac9e09c4aa2086f0ae
resnet,electrode,101,bandpass_n20004_cLL_electrode_s0,phase2/results/predictions/full/electrode/resnet/seed_101/bandpass_n20004_cLL_electrode_s0.npz,75368,8932e735966c9a9e83bccf82dea425702f006f71f1d49bcb3c57afc3aa9cfa86
resnet,electrode,101,bandpass_n20004_cLL_covariance_s20,phase2/results/predictions/full/electrode/resnet/seed_101/bandpass_n20004_cLL_covariance_s20.npz,76453,9f86c84417c3a591a5d9d2a85c133cfe6c5c424934e71d6079ca7b23fd9e0f5e
resnet,electrode,101,bandpass_n20004_cLL_covariance_s15,phase2/results/predictions/full/electrode/resnet/seed_101/bandpass_n20004_cLL_covariance_s15.npz,76445,9898a6d21e845c06185f0ce282f7c7fa02fee811d58c5b971adb7eb0c2ea07e8
resnet,electrode,101,bandpass_n20004_cLL_covariance_s10,phase2/results/predictions/full/electrode/resnet/seed_101/bandpass_n20004_cLL_covariance_s10.npz,76376,629220608c769b61510e722883f9f4fddf50f19be501ee2cdf15399f2594c885
resnet,electrode,101,bandpass_n20004_cLL_covariance_s5,phase2/results/predictions/full/electrode/resnet/seed_101/bandpass_n20004_cLL_covariance_s5.npz,76063,110bb40cf53fd3821e35cbc2c4234b03000c520fa2d7489a99cb63d13e2fbbca
resnet,electrode,101,bandpass_n20004_cLL_covariance_s0,phase2/results/predictions/full/electrode/resnet/seed_101/bandpass_n20004_cLL_covariance_s0.npz,75447,384dbdc3f44993b5d90db6578c5f82a63f185006d4919d26aba589dd5f63009b
resnet,electrode,101,bandpass_n20004_cRA_V1_independent_rms_s20,phase2/results/predictions/full/electrode/resnet/seed_101/bandpass_n20004_cRA_V1_independent_rms_s20.npz,76501,e6a568fda029b798947e7056c25f8a0074bb7fe80d1fb8f113d37021ece28a82
resnet,electrode,101,bandpass_n20004_cRA_V1_independent_rms_s15,phase2/results/predictions/full/electrode/resnet/seed_101/bandpass_n20004_cRA_V1_independent_rms_s15.npz,76491,d140927f9a2f10438a5d8c0d60b56e16fd95614df246d76678c1c5516c4cd051
resnet,electrode,101,bandpass_n20004_cRA_V1_independent_rms_s10,phase2/results/predictions/full/electrode/resnet/seed_101/bandpass_n20004_cRA_V1_independent_rms_s10.npz,76465,37af552e425a8d6147a7c859cbcfae3602f81caee31cc2828aa55618441e72b4
resnet,electrode,101,bandpass_n20004_cRA_V1_independent_rms_s5,phase2/results/predictions/full/electrode/resnet/seed_101/bandpass_n20004_cRA_V1_independent_rms_s5.npz,76284,09086d4c25671db8d4814acf1909b9aa760b057f19bc11fdde0cf2532ad09cb1
resnet,electrode,101,bandpass_n20004_cRA_V1_independent_rms_s0,phase2/results/predictions/full/electrode/resnet/seed_101/bandpass_n20004_cRA_V1_independent_rms_s0.npz,75887,d0e70f65a19235dae2facc2b92df1add311d74b6e21be98b3c58d8891db118f7
resnet,electrode,101,bandpass_n20004_cRA_V1_electrode_s20,phase2/results/predictions/full/electrode/resnet/seed_101/bandpass_n20004_cRA_V1_electrode_s20.npz,76471,996c3e2caec08eba885764392b1406b49595ef04538c385b93fc3541489f5afd
resnet,electrode,101,bandpass_n20004_cRA_V1_electrode_s15,phase2/results/predictions/full/electrode/resnet/seed_101/bandpass_n20004_cRA_V1_electrode_s15.npz,76494,5c2a0398807fd239fdb1eee1f99f106bb5f56adb532428321c6ea3f6bc0294b1
resnet,electrode,101,bandpass_n20004_cRA_V1_electrode_s10,phase2/results/predictions/full/electrode/resnet/seed_101/bandpass_n20004_cRA_V1_electrode_s10.npz,76390,7aeeb8bef5c475d159e0feb2b2a8ccc7134f263f75cac83fb75666947149aeb9
resnet,electrode,101,bandpass_n20004_cRA_V1_electrode_s5,phase2/results/predictions/full/electrode/resnet/seed_101/bandpass_n20004_cRA_V1_electrode_s5.npz,76180,8e87ac6074396e77dc6b7148895634a58a376c9aba4c88a2c9e7c450bf397e4a
resnet,electrode,101,bandpass_n20004_cRA_V1_electrode_s0,phase2/results/predictions/full/electrode/resnet/seed_101/bandpass_n20004_cRA_V1_electrode_s0.npz,75889,105a782356ea01581eb7afb5a72d7aad47000d8532f05cdf53121ca978e3745b
resnet,electrode,101,bandpass_n20004_cRA_V1_covariance_s20,phase2/results/predictions/full/electrode/resnet/seed_101/bandpass_n20004_cRA_V1_covariance_s20.npz,76476,1a69d1a9069a1f6f5dc3d6faa6b7b51b40650c7125fdddeca71d743400188637
resnet,electrode,101,bandpass_n20004_cRA_V1_covariance_s15,phase2/results/predictions/full/electrode/resnet/seed_101/bandpass_n20004_cRA_V1_covariance_s15.npz,76464,39ec31e6516274c5e9896cdac13b06ee19a57c1aa13311a7c3579cea23f7074e
resnet,electrode,101,bandpass_n20004_cRA_V1_covariance_s10,phase2/results/predictions/full/electrode/resnet/seed_101/bandpass_n20004_cRA_V1_covariance_s10.npz,76394,05b6665bd6c97d6b61d1956d5d98e5629647433d76c06bd246595edf3b637e49
resnet,electrode,101,bandpass_n20004_cRA_V1_covariance_s5,phase2/results/predictions/full/electrode/resnet/seed_101/bandpass_n20004_cRA_V1_covariance_s5.npz,76160,fead0675b37e9ef83a459df7b2d6245b4fb6ee217446f8317c06873c98f7403f
resnet,electrode,101,bandpass_n20004_cRA_V1_covariance_s0,phase2/results/predictions/full/electrode/resnet/seed_101/bandpass_n20004_cRA_V1_covariance_s0.npz,75849,6884d00401151de2ca808cda91d328a434017245dc08c007d1e52170cc67689a
resnet,electrode,101,bandpass_n20004_cLA_V6_independent_rms_s20,phase2/results/predictions/full/electrode/resnet/seed_101/bandpass_n20004_cLA_V6_independent_rms_s20.npz,76485,a7d26be82548072418efc572314556302427aba204cb27b84d19c4e0f647de19
resnet,electrode,101,bandpass_n20004_cLA_V6_independent_rms_s15,phase2/results/predictions/full/electrode/resnet/seed_101/bandpass_n20004_cLA_V6_independent_rms_s15.npz,76477,b10fa0ded22527840cf9d02123005fd1f2a71c1239d7bcbf93768d8debb77815
resnet,electrode,101,bandpass_n20004_cLA_V6_independent_rms_s10,phase2/results/predictions/full/electrode/resnet/seed_101/bandpass_n20004_cLA_V6_independent_rms_s10.npz,76462,61fd5f48a1fc59635a9f5486919cbdfe4f637b9779b0a3d7ab4b5a5f4baa9f07
resnet,electrode,101,bandpass_n20004_cLA_V6_independent_rms_s5,phase2/results/predictions/full/electrode/resnet/seed_101/bandpass_n20004_cLA_V6_independent_rms_s5.npz,76323,dc5880de27043d9a6816bc6a1726ba603e1d6b8cdbd8e40809986550adc3cb55
resnet,electrode,101,bandpass_n20004_cLA_V6_independent_rms_s0,phase2/results/predictions/full/electrode/resnet/seed_101/bandpass_n20004_cLA_V6_independent_rms_s0.npz,75995,cb0f729bb23dd6276b3ad082c006fbd5eb72f9d12706a04f47b3843e647277ec
resnet,electrode,101,bandpass_n20004_cLA_V6_electrode_s20,phase2/results/predictions/full/electrode/resnet/seed_101/bandpass_n20004_cLA_V6_electrode_s20.npz,76488,ddbab125a2c68d5f5e754d0383509b1365d07115b962344328049a7b4225190c
resnet,electrode,101,bandpass_n20004_cLA_V6_electrode_s15,phase2/results/predictions/full/electrode/resnet/seed_101/bandpass_n20004_cLA_V6_electrode_s15.npz,76482,07b3611aa8e92b7737959e45a3e46e21effa175825d90ff1fe85e2c97d3ded50
resnet,electrode,101,bandpass_n20004_cLA_V6_electrode_s10,phase2/results/predictions/full/electrode/resnet/seed_101/bandpass_n20004_cLA_V6_electrode_s10.npz,76466,8ee537f993ca86ce8c4847a2c9ca591e6c4ffd61eea54303556caf17be581f25
resnet,electrode,101,bandpass_n20004_cLA_V6_electrode_s5,phase2/results/predictions/full/electrode/resnet/seed_101/bandpass_n20004_cLA_V6_electrode_s5.npz,76242,2c68b801fa27465817b8933cf5147c3710856bb59ccbe3bee0d417af3cc17d27
resnet,electrode,101,bandpass_n20004_cLA_V6_electrode_s0,phase2/results/predictions/full/electrode/resnet/seed_101/bandpass_n20004_cLA_V6_electrode_s0.npz,75838,4dbd6835c90930d684e8f0c0c2eff158e3f5f4d19938bd45a0c68c8d24456aec
resnet,electrode,101,bandpass_n20004_cLA_V6_covariance_s20,phase2/results/predictions/full/electrode/resnet/seed_101/bandpass_n20004_cLA_V6_covariance_s20.npz,76486,ef64b4ec8a8fc1beeaf8ccb31530e9fa577f001a69551eb7ee709940777dce2b
resnet,electrode,101,bandpass_n20004_cLA_V6_covariance_s15,phase2/results/predictions/full/electrode/resnet/seed_101/bandpass_n20004_cLA_V6_covariance_s15.npz,76514,e3adfcf08edf316451d2f4d1458765b11022ff4f1ea597095f1928c974914b4d
resnet,electrode,101,bandpass_n20004_cLA_V6_covariance_s10,phase2/results/predictions/full/electrode/resnet/seed_101/bandpass_n20004_cLA_V6_covariance_s10.npz,76426,7ffeaaad41c52d722fbf9231a9e72c4ab93d4df1003e75ff5d23b18805b951b7
resnet,electrode,101,bandpass_n20004_cLA_V6_covariance_s5,phase2/results/predictions/full/electrode/resnet/seed_101/bandpass_n20004_cLA_V6_covariance_s5.npz,76223,b3f047c718acdb1ccd27c29c452bce5b34fb91bd99d9b5abebbbb1547c29d045
resnet,electrode,101,bandpass_n20004_cLA_V6_covariance_s0,phase2/results/predictions/full/electrode/resnet/seed_101/bandpass_n20004_cLA_V6_covariance_s0.npz,75824,6821090893f8975e5a99805c04293916c71b3303687b278cd63e682951250ffe
resnet,electrode,101,bandpass_n20004_cLL_V4_independent_rms_s20,phase2/results/predictions/full/electrode/resnet/seed_101/bandpass_n20004_cLL_V4_independent_rms_s20.npz,76489,82170dd983a5953049460c259f96e0e28e3d5f78f8414101d03bdcdf6663008a
resnet,electrode,101,bandpass_n20004_cLL_V4_independent_rms_s15,phase2/results/predictions/full/electrode/resnet/seed_101/bandpass_n20004_cLL_V4_independent_rms_s15.npz,76478,b536afd9f5f4b1792c4126b20833509715b827328735bdecd26dac9682517982
resnet,electrode,101,bandpass_n20004_cLL_V4_independent_rms_s10,phase2/results/predictions/full/electrode/resnet/seed_101/bandpass_n20004_cLL_V4_independent_rms_s10.npz,76487,31f415d128fe0c3d82a983889da227a47e32bc18f7cd503d43966840900b9ee7
resnet,electrode,101,bandpass_n20004_cLL_V4_independent_rms_s5,phase2/results/predictions/full/electrode/resnet/seed_101/bandpass_n20004_cLL_V4_independent_rms_s5.npz,76294,7c1e0c840512eb02753668d1467c91e77baffdfa177907ef6045172297fecfc1
resnet,electrode,101,bandpass_n20004_cLL_V4_independent_rms_s0,phase2/results/predictions/full/electrode/resnet/seed_101/bandpass_n20004_cLL_V4_independent_rms_s0.npz,75841,9ebc4e6a1dd61148fc24f1ba8b4cb13dd677e4c9c828a25d5f1c75a751eee048
resnet,electrode,101,bandpass_n20004_cLL_V4_electrode_s20,phase2/results/predictions/full/electrode/resnet/seed_101/bandpass_n20004_cLL_V4_electrode_s20.npz,76463,2ba7342b1768348f02e435a912aa901a781dbb6ae573ba554a05af4eec53b42a
resnet,electrode,101,bandpass_n20004_cLL_V4_electrode_s15,phase2/results/predictions/full/electrode/resnet/seed_101/bandpass_n20004_cLL_V4_electrode_s15.npz,76429,ffbae5bd00ce82496c157f1f9dc952c339fd4131e5682afae9cc9926db4aea3a
resnet,electrode,101,bandpass_n20004_cLL_V4_electrode_s10,phase2/results/predictions/full/electrode/resnet/seed_101/bandpass_n20004_cLL_V4_electrode_s10.npz,76374,37af4d447615e7b83029640805e64bc77dd3b605df79c4701d9aa2f79221214b
resnet,electrode,101,bandpass_n20004_cLL_V4_electrode_s5,phase2/results/predictions/full/electrode/resnet/seed_101/bandpass_n20004_cLL_V4_electrode_s5.npz,76126,b5c0a8447551c9e38a005b76f1a7823bcdd9b9c23b8494916538fe5dd669476b
resnet,electrode,101,bandpass_n20004_cLL_V4_electrode_s0,phase2/results/predictions/full/electrode/resnet/seed_101/bandpass_n20004_cLL_V4_electrode_s0.npz,75449,7826a596cec70d4f3ab4866dc076eb0f531a65fe3dff7726a072d9bc5649de2b
resnet,electrode,101,bandpass_n20004_cLL_V4_covariance_s20,phase2/results/predictions/full/electrode/resnet/seed_101/bandpass_n20004_cLL_V4_covariance_s20.npz,76480,e902579fbb61ac63356b62106739c5bf512504d21bead153fc81469d5314239d
resnet,electrode,101,bandpass_n20004_cLL_V4_covariance_s15,phase2/results/predictions/full/electrode/resnet/seed_101/bandpass_n20004_cLL_V4_covariance_s15.npz,76465,972fcc7275e2efed396a35bd1b7198f1c70bd4313fadcc371f20c15a187ab2c6
resnet,electrode,101,bandpass_n20004_cLL_V4_covariance_s10,phase2/results/predictions/full/electrode/resnet/seed_101/bandpass_n20004_cLL_V4_covariance_s10.npz,76391,f20f6d33a9241d8898cff310350ce619036c68027bc1ccc8972c5a1cffa17a75
resnet,electrode,101,bandpass_n20004_cLL_V4_covariance_s5,phase2/results/predictions/full/electrode/resnet/seed_101/bandpass_n20004_cLL_V4_covariance_s5.npz,76163,9fbb54753a39ea288bd82df18b3687d57445b3ec63bedd2755fdfd126bcf8239
resnet,electrode,101,bandpass_n20004_cLL_V4_covariance_s0,phase2/results/predictions/full/electrode/resnet/seed_101/bandpass_n20004_cLL_V4_covariance_s0.npz,75497,6afa07bc15755063223150456e847579ba64e751aa2cd93811656e5baa35a600
resnet,electrode,101,bandpass_n20004_cRA_LA_V1_V6_independent_rms_s20,phase2/results/predictions/full/electrode/resnet/seed_101/bandpass_n20004_cRA_LA_V1_V6_independent_rms_s20.npz,76514,1435df126bc0b4ea2a8f511ae7f0f46dbd712802fcbc3a7dab5ce402bfe4b174
resnet,electrode,101,bandpass_n20004_cRA_LA_V1_V6_independent_rms_s15,phase2/results/predictions/full/electrode/resnet/seed_101/bandpass_n20004_cRA_LA_V1_V6_independent_rms_s15.npz,76523,950e832cbb98011a1e68d54533ad88067de8a7395e986d4de8067d50e571a013
resnet,electrode,101,bandpass_n20004_cRA_LA_V1_V6_independent_rms_s10,phase2/results/predictions/full/electrode/resnet/seed_101/bandpass_n20004_cRA_LA_V1_V6_independent_rms_s10.npz,76496,f34e8f705c0ba372b7c2242b8cbd419d84ea6b0c70af6079bcb21e7e075e2c18
resnet,electrode,101,bandpass_n20004_cRA_LA_V1_V6_independent_rms_s5,phase2/results/predictions/full/electrode/resnet/seed_101/bandpass_n20004_cRA_LA_V1_V6_independent_rms_s5.npz,76341,5e48e931e17ea7c6ed1ef5d5cc39e8a79b8bd1b6545732d065db408498b36931
resnet,electrode,101,bandpass_n20004_cRA_LA_V1_V6_independent_rms_s0,phase2/results/predictions/full/electrode/resnet/seed_101/bandpass_n20004_cRA_LA_V1_V6_independent_rms_s0.npz,75956,21dc7bf70943d5529b5d5da7491e0cd95566b3f543ae9936754537985be1b77c
resnet,electrode,101,bandpass_n20004_cRA_LA_V1_V6_electrode_s20,phase2/results/predictions/full/electrode/resnet/seed_101/bandpass_n20004_cRA_LA_V1_V6_electrode_s20.npz,76495,f5aaeacca338b0021e634c5585b1e3b9d80020519ba670d62a8884e4250a0aa1
resnet,electrode,101,bandpass_n20004_cRA_LA_V1_V6_electrode_s15,phase2/results/predictions/full/electrode/resnet/seed_101/bandpass_n20004_cRA_LA_V1_V6_electrode_s15.npz,76491,f484caef8626b2cd8df80e7a1ef3b05a6b424f15754d47a3afad2cb4ece63688
resnet,electrode,101,bandpass_n20004_cRA_LA_V1_V6_electrode_s10,phase2/results/predictions/full/electrode/resnet/seed_101/bandpass_n20004_cRA_LA_V1_V6_electrode_s10.npz,76423,4d38a21f89ccf4d594b3e35dd274a4595d8226c790d7d4bff8e5ac90ec5b94ba
resnet,electrode,101,bandpass_n20004_cRA_LA_V1_V6_electrode_s5,phase2/results/predictions/full/electrode/resnet/seed_101/bandpass_n20004_cRA_LA_V1_V6_electrode_s5.npz,76237,81c038f72871a6cc77e7e1a6563daba43397c9997d2acfebe41e3ffc76420318
resnet,electrode,101,bandpass_n20004_cRA_LA_V1_V6_electrode_s0,phase2/results/predictions/full/electrode/resnet/seed_101/bandpass_n20004_cRA_LA_V1_V6_electrode_s0.npz,75836,30e71615dedd35a25bebb120e6610f492dfa1f0760ef353aa7738d98d4e314db
resnet,electrode,101,bandpass_n20004_cRA_LA_V1_V6_covariance_s20,phase2/results/predictions/full/electrode/resnet/seed_101/bandpass_n20004_cRA_LA_V1_V6_covariance_s20.npz,76499,f3afb56c94f17d5f9833b02da5afedfc478f97743d0c351195f03769a342a0b9
resnet,electrode,101,bandpass_n20004_cRA_LA_V1_V6_covariance_s15,phase2/results/predictions/full/electrode/resnet/seed_101/bandpass_n20004_cRA_LA_V1_V6_covariance_s15.npz,76489,2e0e0cad4dab2aa8d90fb8121013b0a617c6faeae5b5834acea98821dc08a7f4
resnet,electrode,101,bandpass_n20004_cRA_LA_V1_V6_covariance_s10,phase2/results/predictions/full/electrode/resnet/seed_101/bandpass_n20004_cRA_LA_V1_V6_covariance_s10.npz,76436,b8bf969c8e5bd73ccfcee56f28b6250e15a96f3a908cc712ea4c90f6db0ba02f
resnet,electrode,101,bandpass_n20004_cRA_LA_V1_V6_covariance_s5,phase2/results/predictions/full/electrode/resnet/seed_101/bandpass_n20004_cRA_LA_V1_V6_covariance_s5.npz,76274,899a0874a347ebd0a543c31707431e421b822a17e07157ab0d940eedd2cacc87
resnet,electrode,101,bandpass_n20004_cRA_LA_V1_V6_covariance_s0,phase2/results/predictions/full/electrode/resnet/seed_101/bandpass_n20004_cRA_LA_V1_V6_covariance_s0.npz,75847,4618769fac11e765a13f8e27f59100390e86e78451a352bfaf7d8db92cb6ea43
resnet,electrode,101,bandpass_n20004_cRA_V2_V5_independent_rms_s20,phase2/results/predictions/full/electrode/resnet/seed_101/bandpass_n20004_cRA_V2_V5_independent_rms_s20.npz,76508,b1972a4328fa9699d3983c66373ae7435790de683bf6b68c67f65baee0e48636
resnet,electrode,101,bandpass_n20004_cRA_V2_V5_independent_rms_s15,phase2/results/predictions/full/electrode/resnet/seed_101/bandpass_n20004_cRA_V2_V5_independent_rms_s15.npz,76508,2c266ffea263e6f8e4cb99acb3eb04c2bc5cf5764aa4a6e5f2ab69aa3112bb67
resnet,electrode,101,bandpass_n20004_cRA_V2_V5_independent_rms_s10,phase2/results/predictions/full/electrode/resnet/seed_101/bandpass_n20004_cRA_V2_V5_independent_rms_s10.npz,76499,1108387fd3c027e06ebc9a54137662afb394fb269e37e6c0239e34f6b3168d48
resnet,electrode,101,bandpass_n20004_cRA_V2_V5_independent_rms_s5,phase2/results/predictions/full/electrode/resnet/seed_101/bandpass_n20004_cRA_V2_V5_independent_rms_s5.npz,76341,9700a2170dd9fdb9deccbc86f8ab3482de74a640aae9acfb4fb5197a77b2a547
resnet,electrode,101,bandpass_n20004_cRA_V2_V5_independent_rms_s0,phase2/results/predictions/full/electrode/resnet/seed_101/bandpass_n20004_cRA_V2_V5_independent_rms_s0.npz,75941,9370269598e7cddbc377dbb496a8ce9dc37f59f18c95114e1f259b8583ea4e19
resnet,electrode,101,bandpass_n20004_cRA_V2_V5_electrode_s20,phase2/results/predictions/full/electrode/resnet/seed_101/bandpass_n20004_cRA_V2_V5_electrode_s20.npz,76512,043d0071c2b8f576e9c26b25e4e6f4fac76dfd75c056eb4dc372392ebb915ab4
resnet,electrode,101,bandpass_n20004_cRA_V2_V5_electrode_s15,phase2/results/predictions/full/electrode/resnet/seed_101/bandpass_n20004_cRA_V2_V5_electrode_s15.npz,76471,bc2b02917e4b62a157234d81a3ded4aed7547cda291491e318a42f5f45a0c4b0
resnet,electrode,101,bandpass_n20004_cRA_V2_V5_electrode_s10,phase2/results/predictions/full/electrode/resnet/seed_101/bandpass_n20004_cRA_V2_V5_electrode_s10.npz,76412,d1456c6825e618c1bfa1632062b558feb62dcf59fc15ee40ad35195b09c9cec1
resnet,electrode,101,bandpass_n20004_cRA_V2_V5_electrode_s5,phase2/results/predictions/full/electrode/resnet/seed_101/bandpass_n20004_cRA_V2_V5_electrode_s5.npz,76244,80989a5254c61003b72dabaae8ef41698a97c9e78728f158b491ca7542dfdd6b
resnet,electrode,101,bandpass_n20004_cRA_V2_V5_electrode_s0,phase2/results/predictions/full/electrode/resnet/seed_101/bandpass_n20004_cRA_V2_V5_electrode_s0.npz,75897,5e6d1c41c3f6b3fd4af9084217efacfa8e90d975a80bfc1cdfe36500a9c42d50
resnet,electrode,101,bandpass_n20004_cRA_V2_V5_covariance_s20,phase2/results/predictions/full/electrode/resnet/seed_101/bandpass_n20004_cRA_V2_V5_covariance_s20.npz,76508,0b07fa5368ef75b52d03a53e703d8b57934c1e3edaa36ef226649fae6d8d8e0a
resnet,electrode,101,bandpass_n20004_cRA_V2_V5_covariance_s15,phase2/results/predictions/full/electrode/resnet/seed_101/bandpass_n20004_cRA_V2_V5_covariance_s15.npz,76495,02ce7f0a096a6d4e381fd8af20c5881889cfa1b0a3b96efa04854b644c5f175d
resnet,electrode,101,bandpass_n20004_cRA_V2_V5_covariance_s10,phase2/results/predictions/full/electrode/resnet/seed_101/bandpass_n20004_cRA_V2_V5_covariance_s10.npz,76408,0433dcb8152fba6120717840196e07c63a7d801271e591ba166944a2726ce348
resnet,electrode,101,bandpass_n20004_cRA_V2_V5_covariance_s5,phase2/results/predictions/full/electrode/resnet/seed_101/bandpass_n20004_cRA_V2_V5_covariance_s5.npz,76249,cdd698e9683d26d10a247880ede04dcc33cdcd492a4faebc28bcb99afd037319
resnet,electrode,101,bandpass_n20004_cRA_V2_V5_covariance_s0,phase2/results/predictions/full/electrode/resnet/seed_101/bandpass_n20004_cRA_V2_V5_covariance_s0.npz,75876,58f86510706eb004ff37eee26896c7ee068548f0f4cc56383a578a6df2737627
resnet,electrode,101,bandpass_n20004_cLA_V3_V6_independent_rms_s20,phase2/results/predictions/full/electrode/resnet/seed_101/bandpass_n20004_cLA_V3_V6_independent_rms_s20.npz,76488,037a45dfecef63a727e4a1fd1a546c4903841b3f7506cd494d04e7d8689c5a39
resnet,electrode,101,bandpass_n20004_cLA_V3_V6_independent_rms_s15,phase2/results/predictions/full/electrode/resnet/seed_101/bandpass_n20004_cLA_V3_V6_independent_rms_s15.npz,76512,25e950c84a7c9288e486f1201e247c1fa1ab6a1704ff0c964e4ee78abe63a1c4
resnet,electrode,101,bandpass_n20004_cLA_V3_V6_independent_rms_s10,phase2/results/predictions/full/electrode/resnet/seed_101/bandpass_n20004_cLA_V3_V6_independent_rms_s10.npz,76474,d4cbaaa59f96eba24f9aa9428966d4f3707ba3bbe0fe11a837f83784031e09a6
resnet,electrode,101,bandpass_n20004_cLA_V3_V6_independent_rms_s5,phase2/results/predictions/full/electrode/resnet/seed_101/bandpass_n20004_cLA_V3_V6_independent_rms_s5.npz,76347,424ac63cf9c3bfcc301f2b122427b2a5e91e3373d189dc494aab852ece4f6ed2
resnet,electrode,101,bandpass_n20004_cLA_V3_V6_independent_rms_s0,phase2/results/predictions/full/electrode/resnet/seed_101/bandpass_n20004_cLA_V3_V6_independent_rms_s0.npz,76028,967ff12d06a0df51f427e889cf44b436175b924d7ee1e8b57f5c11fc0e864218
resnet,electrode,101,bandpass_n20004_cLA_V3_V6_electrode_s20,phase2/results/predictions/full/electrode/resnet/seed_101/bandpass_n20004_cLA_V3_V6_electrode_s20.npz,76499,a912f40c6b6ea6ad12540b95d42e0371eb78db243a81490afc078681d4a6f7e1
resnet,electrode,101,bandpass_n20004_cLA_V3_V6_electrode_s15,phase2/results/predictions/full/electrode/resnet/seed_101/bandpass_n20004_cLA_V3_V6_electrode_s15.npz,76463,9252d996d1e2c8c7584f405754f46d6fe568fbdda48984999075a898b518b6df
resnet,electrode,101,bandpass_n20004_cLA_V3_V6_electrode_s10,phase2/results/predictions/full/electrode/resnet/seed_101/bandpass_n20004_cLA_V3_V6_electrode_s10.npz,76454,dd458ae4da81572ef5f852e459aa0382a56ce23ba45554be8e52bde5055554a9
resnet,electrode,101,bandpass_n20004_cLA_V3_V6_electrode_s5,phase2/results/predictions/full/electrode/resnet/seed_101/bandpass_n20004_cLA_V3_V6_electrode_s5.npz,76278,0523f45b9ee6ccdc3453cf0fec2e622735f13fc8ee1231a6c8660acfdbd45c52
resnet,electrode,101,bandpass_n20004_cLA_V3_V6_electrode_s0,phase2/results/predictions/full/electrode/resnet/seed_101/bandpass_n20004_cLA_V3_V6_electrode_s0.npz,75847,ec2fa251987029884646f845633d4a95308821a57b43b1ce37ca58aec75bf89e
resnet,electrode,101,bandpass_n20004_cLA_V3_V6_covariance_s20,phase2/results/predictions/full/electrode/resnet/seed_101/bandpass_n20004_cLA_V3_V6_covariance_s20.npz,76499,cb346dd73b2ce669d04e37ea3903f189952f8842696bd2738eb063837ff842bd
resnet,electrode,101,bandpass_n20004_cLA_V3_V6_covariance_s15,phase2/results/predictions/full/electrode/resnet/seed_101/bandpass_n20004_cLA_V3_V6_covariance_s15.npz,76513,ef03936bee0f007a93ca77741cde1c99e72595c123689d932ffde62eda756037
resnet,electrode,101,bandpass_n20004_cLA_V3_V6_covariance_s10,phase2/results/predictions/full/electrode/resnet/seed_101/bandpass_n20004_cLA_V3_V6_covariance_s10.npz,76435,15faf7aef259d368a81ff4d8454a24baa050588f30701650e59d5c8500806413
resnet,electrode,101,bandpass_n20004_cLA_V3_V6_covariance_s5,phase2/results/predictions/full/electrode/resnet/seed_101/bandpass_n20004_cLA_V3_V6_covariance_s5.npz,76238,71702de0deca52781d85e500680cac5dfb8ee481e9cd416c532811704a53d127
resnet,electrode,101,bandpass_n20004_cLA_V3_V6_covariance_s0,phase2/results/predictions/full/electrode/resnet/seed_101/bandpass_n20004_cLA_V3_V6_covariance_s0.npz,75845,456a6182001aa5ac787ced882e682cf673c9ebe5a44b3c495fe7bd8bc0ba69c4
resnet,electrode,101,bandpass_n20004_cLL_V1_V4_independent_rms_s20,phase2/results/predictions/full/electrode/resnet/seed_101/bandpass_n20004_cLL_V1_V4_independent_rms_s20.npz,76453,f8de343272f3c0be30068a9a5cbcb09708d8050859597cac5d6cba1094522326
resnet,electrode,101,bandpass_n20004_cLL_V1_V4_independent_rms_s15,phase2/results/predictions/full/electrode/resnet/seed_101/bandpass_n20004_cLL_V1_V4_independent_rms_s15.npz,76469,6640683b964a2b068a7ce8e60c460cb58d48a17803632d9528d9eeaf14d69c93
resnet,electrode,101,bandpass_n20004_cLL_V1_V4_independent_rms_s10,phase2/results/predictions/full/electrode/resnet/seed_101/bandpass_n20004_cLL_V1_V4_independent_rms_s10.npz,76457,3641adee5a8c3948e33958ee77290a56a6b71705272a0812a8eafa4fef583e8b
resnet,electrode,101,bandpass_n20004_cLL_V1_V4_independent_rms_s5,phase2/results/predictions/full/electrode/resnet/seed_101/bandpass_n20004_cLL_V1_V4_independent_rms_s5.npz,76251,02d72f905c0119f14724127cb857a9dd16dc215940cb1ce7eab6c9f2bd825a51
resnet,electrode,101,bandpass_n20004_cLL_V1_V4_independent_rms_s0,phase2/results/predictions/full/electrode/resnet/seed_101/bandpass_n20004_cLL_V1_V4_independent_rms_s0.npz,75840,68927315493f06c3b840e83fb8a81f49f8e98bfc2f5efb22e9c0b4b5a397d93b
resnet,electrode,101,bandpass_n20004_cLL_V1_V4_electrode_s20,phase2/results/predictions/full/electrode/resnet/seed_101/bandpass_n20004_cLL_V1_V4_electrode_s20.npz,76428,ff83e26bd7d82c21317f3172710d75f0d205e67d370642de639d3e9ff2e8d3eb
resnet,electrode,101,bandpass_n20004_cLL_V1_V4_electrode_s15,phase2/results/predictions/full/electrode/resnet/seed_101/bandpass_n20004_cLL_V1_V4_electrode_s15.npz,76458,6a71a96eff9267d850d97496181d284c3bdf6948445982794b22ad48dc2770f9
resnet,electrode,101,bandpass_n20004_cLL_V1_V4_electrode_s10,phase2/results/predictions/full/electrode/resnet/seed_101/bandpass_n20004_cLL_V1_V4_electrode_s10.npz,76386,ad00971fc17d1b3612cff6f513aea0f069e68db07e8fcef0b9b5d4abb29993ac
resnet,electrode,101,bandpass_n20004_cLL_V1_V4_electrode_s5,phase2/results/predictions/full/electrode/resnet/seed_101/bandpass_n20004_cLL_V1_V4_electrode_s5.npz,76142,2de987e2eacb1128adc7a5cf70bd98f0dcd2ffa39e1f1e2050207f65b0da0bdb
resnet,electrode,101,bandpass_n20004_cLL_V1_V4_electrode_s0,phase2/results/predictions/full/electrode/resnet/seed_101/bandpass_n20004_cLL_V1_V4_electrode_s0.npz,75444,91188c998f8984ef3324171047f55fcbab307d9dc3aeb84c2e886d43e2f4d6fb
resnet,electrode,101,bandpass_n20004_cLL_V1_V4_covariance_s20,phase2/results/predictions/full/electrode/resnet/seed_101/bandpass_n20004_cLL_V1_V4_covariance_s20.npz,76511,3c273e68ad730b4dd16c0110818be65677dd101307c5e41adbadd185374a33b6
resnet,electrode,101,bandpass_n20004_cLL_V1_V4_covariance_s15,phase2/results/predictions/full/electrode/resnet/seed_101/bandpass_n20004_cLL_V1_V4_covariance_s15.npz,76469,02d6a2fe31b17d46230081a6befc32e1679a120f48c74796ca9143d2cccf9d1c
resnet,electrode,101,bandpass_n20004_cLL_V1_V4_covariance_s10,phase2/results/predictions/full/electrode/resnet/seed_101/bandpass_n20004_cLL_V1_V4_covariance_s10.npz,76413,5af83ff86a106570f1a4dcbc033da79d17c60fc329b32237127b033bbaffefa5
resnet,electrode,101,bandpass_n20004_cLL_V1_V4_covariance_s5,phase2/results/predictions/full/electrode/resnet/seed_101/bandpass_n20004_cLL_V1_V4_covariance_s5.npz,76142,d2f5481294ff61428c6310b7e55c1290a2b5d0056f34e3066a74c941b868ded5
resnet,electrode,101,bandpass_n20004_cLL_V1_V4_covariance_s0,phase2/results/predictions/full/electrode/resnet/seed_101/bandpass_n20004_cLL_V1_V4_covariance_s0.npz,75512,d6679d0ae1ede8bbfb7e81c626cbc96707723466e0115551f806048c3cef7ed2
resnet,electrode,101,bandpass_n20004_call_independent_rms_s20,phase2/results/predictions/full/electrode/resnet/seed_101/bandpass_n20004_call_independent_rms_s20.npz,76484,626b8044e6f1976f60b006773a935d55173f8e7a4aeb138f7b3379d5df9667c3
resnet,electrode,101,bandpass_n20004_call_independent_rms_s15,phase2/results/predictions/full/electrode/resnet/seed_101/bandpass_n20004_call_independent_rms_s15.npz,76468,d6d9775ae418473dc93818c202d6a320f8f4a1e504aa76130b6435ac7972f021
resnet,electrode,101,bandpass_n20004_call_independent_rms_s10,phase2/results/predictions/full/electrode/resnet/seed_101/bandpass_n20004_call_independent_rms_s10.npz,76434,2bd37808022b420a872777130e0cb1e440d8fd21645bc9402b11f967c49ba413
resnet,electrode,101,bandpass_n20004_call_independent_rms_s5,phase2/results/predictions/full/electrode/resnet/seed_101/bandpass_n20004_call_independent_rms_s5.npz,76307,639df6ca71ed004aa4ba1bf3e3b5e9cc6d3acaec3d107e7df9ed36a18d78c4a1
resnet,electrode,101,bandpass_n20004_call_independent_rms_s0,phase2/results/predictions/full/electrode/resnet/seed_101/bandpass_n20004_call_independent_rms_s0.npz,75877,089f34532dc2b55d1a216ceb2d587734c93200674fcdc59255e9ba2711e2232b
resnet,electrode,101,bandpass_n20004_call_electrode_s20,phase2/results/predictions/full/electrode/resnet/seed_101/bandpass_n20004_call_electrode_s20.npz,76464,df5c52f1c5936f22a6b1e01962ca16aa11e60454cc36aef517bb98d3d19f9839
resnet,electrode,101,bandpass_n20004_call_electrode_s15,phase2/results/predictions/full/electrode/resnet/seed_101/bandpass_n20004_call_electrode_s15.npz,76470,f50e657cb77aff5dba6b5797343d9e4792f001ec93a4371a5ad38f7d955f0c68
resnet,electrode,101,bandpass_n20004_call_electrode_s10,phase2/results/predictions/full/electrode/resnet/seed_101/bandpass_n20004_call_electrode_s10.npz,76381,0acc9e0f42c2e78968b58da30dcaca58db1d808e85808829a747a1de3ba2513a
resnet,electrode,101,bandpass_n20004_call_electrode_s5,phase2/results/predictions/full/electrode/resnet/seed_101/bandpass_n20004_call_electrode_s5.npz,76194,52f6176cb8c07ac512cd17177a15b8910ce0d5638484f56e593b6f98d0f22754
resnet,electrode,101,bandpass_n20004_call_electrode_s0,phase2/results/predictions/full/electrode/resnet/seed_101/bandpass_n20004_call_electrode_s0.npz,75653,7eb8d4adaee5988082a92fdfef6db5b69283c999ea17489937332b5b88ceea9b
resnet,electrode,101,bandpass_n20004_call_covariance_s20,phase2/results/predictions/full/electrode/resnet/seed_101/bandpass_n20004_call_covariance_s20.npz,76480,bc2305692655b4148e2eac8da87b5c3d07f2ef57136f4328d923f80b3abeaa00
resnet,electrode,101,bandpass_n20004_call_covariance_s15,phase2/results/predictions/full/electrode/resnet/seed_101/bandpass_n20004_call_covariance_s15.npz,76439,d92ad046592421f07b813928393d454faca938ed1e4fee24e34d1b88f024f733
resnet,electrode,101,bandpass_n20004_call_covariance_s10,phase2/results/predictions/full/electrode/resnet/seed_101/bandpass_n20004_call_covariance_s10.npz,76381,27003b90b2ebd6bfd1524f8b28a36eb6788819f99b3285cfef3565ba080db53b
resnet,electrode,101,bandpass_n20004_call_covariance_s5,phase2/results/predictions/full/electrode/resnet/seed_101/bandpass_n20004_call_covariance_s5.npz,76178,c08d3873650c5e0d6764c3bc2de032c3c6da93029dc6fd5d429a63c441befbf6
resnet,electrode,101,bandpass_n20004_call_covariance_s0,phase2/results/predictions/full/electrode/resnet/seed_101/bandpass_n20004_call_covariance_s0.npz,75673,1be6b411402361cff6de9a8e6ff40a38f55dae2c770079480c9d76bdd87b5b67
resnet,electrode,101,bandpass_n20005_cRA_LA_LL_independent_rms_s20,phase2/results/predictions/full/electrode/resnet/seed_101/bandpass_n20005_cRA_LA_LL_independent_rms_s20.npz,76498,e8ad651cb602661bea2a9bf44cf28ff82e946284953fc8379d1b40234fb4f3b4
resnet,electrode,101,bandpass_n20005_cRA_LA_LL_independent_rms_s15,phase2/results/predictions/full/electrode/resnet/seed_101/bandpass_n20005_cRA_LA_LL_independent_rms_s15.npz,76489,b3e3bdfcab484af77c6b7a50549a31695ad49914ca4d1cf1ed6c755ddc03cfbe
resnet,electrode,101,bandpass_n20005_cRA_LA_LL_independent_rms_s10,phase2/results/predictions/full/electrode/resnet/seed_101/bandpass_n20005_cRA_LA_LL_independent_rms_s10.npz,76476,c29f06493066607af5b90de94b30d9a9a09595a467e38830438ebb161b0329fb
resnet,electrode,101,bandpass_n20005_cRA_LA_LL_independent_rms_s5,phase2/results/predictions/full/electrode/resnet/seed_101/bandpass_n20005_cRA_LA_LL_independent_rms_s5.npz,76294,b22a180bedeb2eedafeeba58439fc29b6313e40d0177dbbd5f6b91f8217496d8
resnet,electrode,101,bandpass_n20005_cRA_LA_LL_independent_rms_s0,phase2/results/predictions/full/electrode/resnet/seed_101/bandpass_n20005_cRA_LA_LL_independent_rms_s0.npz,75928,b7e14e99d886d8b2b116aec686018b5c97e94614a829b2494fec1580244ca4b1
resnet,electrode,101,bandpass_n20005_cRA_LA_LL_electrode_s20,phase2/results/predictions/full/electrode/resnet/seed_101/bandpass_n20005_cRA_LA_LL_electrode_s20.npz,76468,840dd6c946f10f2fe5d076d7cfc187164e4ca198fcd7478af465b864bc544555
resnet,electrode,101,bandpass_n20005_cRA_LA_LL_electrode_s15,phase2/results/predictions/full/electrode/resnet/seed_101/bandpass_n20005_cRA_LA_LL_electrode_s15.npz,76485,fb20bb9c02af9b85a8cf422640f29019d64134191d162ab118b3e9372e0c27cd
resnet,electrode,101,bandpass_n20005_cRA_LA_LL_electrode_s10,phase2/results/predictions/full/electrode/resnet/seed_101/bandpass_n20005_cRA_LA_LL_electrode_s10.npz,76374,5bb82b45858310ae615062e0c6f498ae9c1fb873ee6c69248eac62c803d0a779
resnet,electrode,101,bandpass_n20005_cRA_LA_LL_electrode_s5,phase2/results/predictions/full/electrode/resnet/seed_101/bandpass_n20005_cRA_LA_LL_electrode_s5.npz,76167,d663b217c2a4e1461fc98bcc31cef02b0528a40b06dd77928704d793043f80ff
resnet,electrode,101,bandpass_n20005_cRA_LA_LL_electrode_s0,phase2/results/predictions/full/electrode/resnet/seed_101/bandpass_n20005_cRA_LA_LL_electrode_s0.npz,75665,98024f5b72162ead8ab501a1acbf83c315c8a97acbd3457d7d441024890108e9
resnet,electrode,101,bandpass_n20005_cRA_LA_LL_covariance_s20,phase2/results/predictions/full/electrode/resnet/seed_101/bandpass_n20005_cRA_LA_LL_covariance_s20.npz,76483,0bb3cabed9eea252c3ec31920562977cf8ae91f283555d3eee932b3ce2cf573d
resnet,electrode,101,bandpass_n20005_cRA_LA_LL_covariance_s15,phase2/results/predictions/full/electrode/resnet/seed_101/bandpass_n20005_cRA_LA_LL_covariance_s15.npz,76472,955a8c66e86d7db21bad1b00726212ece282e43e4fb02c30a05084f948ab6963
resnet,electrode,101,bandpass_n20005_cRA_LA_LL_covariance_s10,phase2/results/predictions/full/electrode/resnet/seed_101/bandpass_n20005_cRA_LA_LL_covariance_s10.npz,76410,de4d8a57a4d634d215e7937d3d32ccf60371c46261c26b7d3ee9be3475e4b8af
resnet,electrode,101,bandpass_n20005_cRA_LA_LL_covariance_s5,phase2/results/predictions/full/electrode/resnet/seed_101/bandpass_n20005_cRA_LA_LL_covariance_s5.npz,76196,be17c74f8121401d1b408971200a66ee37387704955530c251d48d3c4ce81068
resnet,electrode,101,bandpass_n20005_cRA_LA_LL_covariance_s0,phase2/results/predictions/full/electrode/resnet/seed_101/bandpass_n20005_cRA_LA_LL_covariance_s0.npz,75631,b9bc0fe6d6f4a1f5981b3647f046a0e49a19ec03fc265d943dbef9a1caa1b17b
resnet,electrode,101,bandpass_n20005_cV1_independent_rms_s20,phase2/results/predictions/full/electrode/resnet/seed_101/bandpass_n20005_cV1_independent_rms_s20.npz,76459,794960a7d0b063fd5531188d795de2291439eafa3f8432986e8ec4eab219f39c
resnet,electrode,101,bandpass_n20005_cV1_independent_rms_s15,phase2/results/predictions/full/electrode/resnet/seed_101/bandpass_n20005_cV1_independent_rms_s15.npz,76445,a002c7bc8d1e369f16b33f659db0c613008bca1c4db5c8bc3687de9488cfd4db
resnet,electrode,101,bandpass_n20005_cV1_independent_rms_s10,phase2/results/predictions/full/electrode/resnet/seed_101/bandpass_n20005_cV1_independent_rms_s10.npz,76339,75dde2ed0a0946e8ca0963eda1cdb78e446f1b753efc2c35f376a30c997c5f81
resnet,electrode,101,bandpass_n20005_cV1_independent_rms_s5,phase2/results/predictions/full/electrode/resnet/seed_101/bandpass_n20005_cV1_independent_rms_s5.npz,76161,aa81a9557512b72359469561b376d13474564c246a364d158b824eb9483dca20
resnet,electrode,101,bandpass_n20005_cV1_independent_rms_s0,phase2/results/predictions/full/electrode/resnet/seed_101/bandpass_n20005_cV1_independent_rms_s0.npz,75484,031fcd3d0cfa0b80f161e6ae00723410766e5ceaf02f7f32c1f5b81cfcfcb7f7
resnet,electrode,101,bandpass_n20005_cV1_electrode_s20,phase2/results/predictions/full/electrode/resnet/seed_101/bandpass_n20005_cV1_electrode_s20.npz,76405,cfb82a463f51e2d54378d9816b323992a5c1ab3addf36646f9c9c3be03e0cfc0
resnet,electrode,101,bandpass_n20005_cV1_electrode_s15,phase2/results/predictions/full/electrode/resnet/seed_101/bandpass_n20005_cV1_electrode_s15.npz,76436,7340f984247db205f15305c4f41b1910de8b04025aeecff268db08cd5dcc926e
resnet,electrode,101,bandpass_n20005_cV1_electrode_s10,phase2/results/predictions/full/electrode/resnet/seed_101/bandpass_n20005_cV1_electrode_s10.npz,76371,da87a366e4ace4340201544fa0478a409ccda0f45a26543e635d6fcfda683581
resnet,electrode,101,bandpass_n20005_cV1_electrode_s5,phase2/results/predictions/full/electrode/resnet/seed_101/bandpass_n20005_cV1_electrode_s5.npz,76113,b7e1a54c4f4028320cc1ea52fccc972bcbc047bd585bda66ce2df5746c3de6d6
resnet,electrode,101,bandpass_n20005_cV1_electrode_s0,phase2/results/predictions/full/electrode/resnet/seed_101/bandpass_n20005_cV1_electrode_s0.npz,75457,8256594976c61abe7c5bb77c6f51c0707ae72d4fb4f64ec20dd25f4c7ccb7cb7
resnet,electrode,101,bandpass_n20005_cV1_covariance_s20,phase2/results/predictions/full/electrode/resnet/seed_101/bandpass_n20005_cV1_covariance_s20.npz,76443,a612489c26be78d78903abdab1c1c2c3cd7fe42a343fb64ebbd45917db4f6095
resnet,electrode,101,bandpass_n20005_cV1_covariance_s15,phase2/results/predictions/full/electrode/resnet/seed_101/bandpass_n20005_cV1_covariance_s15.npz,76444,1e555caa4ffc07a3e529b57ddc51ad6510888c391e4639588080f1da3c5246eb
resnet,electrode,101,bandpass_n20005_cV1_covariance_s10,phase2/results/predictions/full/electrode/resnet/seed_101/bandpass_n20005_cV1_covariance_s10.npz,76393,b26ca6f8cd57cb22620aaa552655a741c4cda686913552286cca54eebfad721a
resnet,electrode,101,bandpass_n20005_cV1_covariance_s5,phase2/results/predictions/full/electrode/resnet/seed_101/bandpass_n20005_cV1_covariance_s5.npz,76103,082e1555262b28177d7c3d010e861134dd4247c7791bb72e376de48d951e6c7b
resnet,electrode,101,bandpass_n20005_cV1_covariance_s0,phase2/results/predictions/full/electrode/resnet/seed_101/bandpass_n20005_cV1_covariance_s0.npz,75463,797dc354a592f6ba5aaddd581cc89eb2dff2bcf52eb5585f5647edd9314d1e4d
resnet,electrode,101,bandpass_n20005_cV2_independent_rms_s20,phase2/results/predictions/full/electrode/resnet/seed_101/bandpass_n20005_cV2_independent_rms_s20.npz,76497,0ee5df98a5a7ede9b610614f5829662ac89e87ece4a0ab4da669f1d22c8fe6eb
resnet,electrode,101,bandpass_n20005_cV2_independent_rms_s15,phase2/results/predictions/full/electrode/resnet/seed_101/bandpass_n20005_cV2_independent_rms_s15.npz,76491,15d32d04e7fc4c3619b6a0b61d42e677ecd4c97104e9e61c168282f84ed3ca2b
resnet,electrode,101,bandpass_n20005_cV2_independent_rms_s10,phase2/results/predictions/full/electrode/resnet/seed_101/bandpass_n20005_cV2_independent_rms_s10.npz,76485,62cb4c678a271ef501fe6dcef9eeb4697397714967afe8624e4c35b04250b703
resnet,electrode,101,bandpass_n20005_cV2_independent_rms_s5,phase2/results/predictions/full/electrode/resnet/seed_101/bandpass_n20005_cV2_independent_rms_s5.npz,76298,d74145449032a50895af71d5b296fa6adf9ff30fa0acb8b93307611651c777b0
resnet,electrode,101,bandpass_n20005_cV2_independent_rms_s0,phase2/results/predictions/full/electrode/resnet/seed_101/bandpass_n20005_cV2_independent_rms_s0.npz,75788,5e519b2dfcbe434d317a8e2baa5260aa0cf4845b5a4912d448b287412713d3e3
resnet,electrode,101,bandpass_n20005_cV2_electrode_s20,phase2/results/predictions/full/electrode/resnet/seed_101/bandpass_n20005_cV2_electrode_s20.npz,76479,1a24a63d6cf258aca8c40add10b68060acffa9b867573f3298decd6cea3024e9
resnet,electrode,101,bandpass_n20005_cV2_electrode_s15,phase2/results/predictions/full/electrode/resnet/seed_101/bandpass_n20005_cV2_electrode_s15.npz,76476,3b17cee1d493566d343aff292bdfcfdb8e5073ec7e77dc89c690782b4c0e5ff1
resnet,electrode,101,bandpass_n20005_cV2_electrode_s10,phase2/results/predictions/full/electrode/resnet/seed_101/bandpass_n20005_cV2_electrode_s10.npz,76449,95d2374c9c4430b636307c2ec0f99fbcc35cb24d9584da46232bbc8f3022e68d
resnet,electrode,101,bandpass_n20005_cV2_electrode_s5,phase2/results/predictions/full/electrode/resnet/seed_101/bandpass_n20005_cV2_electrode_s5.npz,76255,d5e77481ddceb59647f34e2ad5318c5847406efbd169aa2fdc1489bb23d50e23
resnet,electrode,101,bandpass_n20005_cV2_electrode_s0,phase2/results/predictions/full/electrode/resnet/seed_101/bandpass_n20005_cV2_electrode_s0.npz,75785,eb9cfe20329f3f0a84d1e395bbd91a8647c682f97d0bd3d73efcda09d0ba0776
resnet,electrode,101,bandpass_n20005_cV2_covariance_s20,phase2/results/predictions/full/electrode/resnet/seed_101/bandpass_n20005_cV2_covariance_s20.npz,76443,19877cd41362920bda67e2655abf9b7f153a957dbf1b66c0a81234d4857c5115
resnet,electrode,101,bandpass_n20005_cV2_covariance_s15,phase2/results/predictions/full/electrode/resnet/seed_101/bandpass_n20005_cV2_covariance_s15.npz,76489,272a8bbdc75f017c89c34f205b4169a02be5deef4a17ef3acb321a81f5aa50a3
resnet,electrode,101,bandpass_n20005_cV2_covariance_s10,phase2/results/predictions/full/electrode/resnet/seed_101/bandpass_n20005_cV2_covariance_s10.npz,76478,4ff62a99dfb1ad01b855534eed900e7033c161160e94c1f6757dc974127ef180
resnet,electrode,101,bandpass_n20005_cV2_covariance_s5,phase2/results/predictions/full/electrode/resnet/seed_101/bandpass_n20005_cV2_covariance_s5.npz,76299,729d6afef0632aefffb1a7412ec890ef5b6a7b440903a0790829de5d2e94d49b
resnet,electrode,101,bandpass_n20005_cV2_covariance_s0,phase2/results/predictions/full/electrode/resnet/seed_101/bandpass_n20005_cV2_covariance_s0.npz,75797,6b4c3ba120c7dc003fcda6cd804f9af1a2eec0b5c5f78ea0f0cf23c0ca2c442a
resnet,electrode,101,bandpass_n20005_cV3_independent_rms_s20,phase2/results/predictions/full/electrode/resnet/seed_101/bandpass_n20005_cV3_independent_rms_s20.npz,76493,8c476579b7298fec0aeb31b55cdd2bd3dd4c17eb5f0fed39dee0009232bfc279
resnet,electrode,101,bandpass_n20005_cV3_independent_rms_s15,phase2/results/predictions/full/electrode/resnet/seed_101/bandpass_n20005_cV3_independent_rms_s15.npz,76447,77f572f726f39effc8e7338f02297de90735b324eae3f64bc145d3cbfcb59cd0
resnet,electrode,101,bandpass_n20005_cV3_independent_rms_s10,phase2/results/predictions/full/electrode/resnet/seed_101/bandpass_n20005_cV3_independent_rms_s10.npz,76400,216f1577a122e302dac25bcccf23808ff5bc2985307d288ca6a5a6589363a931
resnet,electrode,101,bandpass_n20005_cV3_independent_rms_s5,phase2/results/predictions/full/electrode/resnet/seed_101/bandpass_n20005_cV3_independent_rms_s5.npz,76279,a0ffdc26cd0beb64a7b1ceb2c31eff661ff01cc12b4275b80fbbad56eec897a9
resnet,electrode,101,bandpass_n20005_cV3_independent_rms_s0,phase2/results/predictions/full/electrode/resnet/seed_101/bandpass_n20005_cV3_independent_rms_s0.npz,75972,953814ac63bb2449aae6ccdfa31745995190860aef6d7d31ca6ecb4aefd909cb
resnet,electrode,101,bandpass_n20005_cV3_electrode_s20,phase2/results/predictions/full/electrode/resnet/seed_101/bandpass_n20005_cV3_electrode_s20.npz,76455,48dedc851a24295773f094a7519589ae0a6415a467042e0072acf392062e454c
resnet,electrode,101,bandpass_n20005_cV3_electrode_s15,phase2/results/predictions/full/electrode/resnet/seed_101/bandpass_n20005_cV3_electrode_s15.npz,76482,433d8873dc56f486337bce3eb24cf1af506dd6d12c2383ca2fcc8dc26644ba8c
resnet,electrode,101,bandpass_n20005_cV3_electrode_s10,phase2/results/predictions/full/electrode/resnet/seed_101/bandpass_n20005_cV3_electrode_s10.npz,76429,0b0f6b5ed3c39c0c777bc8605be5824fb8e1f01debd68d8d113e997a566c7373
resnet,electrode,101,bandpass_n20005_cV3_electrode_s5,phase2/results/predictions/full/electrode/resnet/seed_101/bandpass_n20005_cV3_electrode_s5.npz,76309,9acee4f71a22013de1b003f4841496f0a6ae63dc31918e02775b57b9a9ca6e47
resnet,electrode,101,bandpass_n20005_cV3_electrode_s0,phase2/results/predictions/full/electrode/resnet/seed_101/bandpass_n20005_cV3_electrode_s0.npz,75954,d31d8fc595a1b7435f4a2466a415e03fdec63dbddf8ff5cd51d7bcac40c5b45a
resnet,electrode,101,bandpass_n20005_cV3_covariance_s20,phase2/results/predictions/full/electrode/resnet/seed_101/bandpass_n20005_cV3_covariance_s20.npz,76435,e887f7fddaacf13d93f030f786e3ffc9bd746203c007d3d38ab2647685aaf2a6
resnet,electrode,101,bandpass_n20005_cV3_covariance_s15,phase2/results/predictions/full/electrode/resnet/seed_101/bandpass_n20005_cV3_covariance_s15.npz,76454,53f3b2f7c397e90a9a1a5ba932a9ce0ed090c1fd92a67a96d98e0f95964640e0
resnet,electrode,101,bandpass_n20005_cV3_covariance_s10,phase2/results/predictions/full/electrode/resnet/seed_101/bandpass_n20005_cV3_covariance_s10.npz,76453,c63252e02dfb655dc95f426d6fa2bc55b726c859c3f4f185bee5b5f0c77b3c01
resnet,electrode,101,bandpass_n20005_cV3_covariance_s5,phase2/results/predictions/full/electrode/resnet/seed_101/bandpass_n20005_cV3_covariance_s5.npz,76297,e5399de1a9d8f3bc7f110f740b3107c758624cc573001691517c0f87192d6cf3
resnet,electrode,101,bandpass_n20005_cV3_covariance_s0,phase2/results/predictions/full/electrode/resnet/seed_101/bandpass_n20005_cV3_covariance_s0.npz,75951,a4b3c1b51705a40acc0208254cf9345c2588e465c0a29f3d236f17485394c7fe
resnet,electrode,101,bandpass_n20005_cV4_independent_rms_s20,phase2/results/predictions/full/electrode/resnet/seed_101/bandpass_n20005_cV4_independent_rms_s20.npz,76497,3a80448115e1e44615fd0cfabba4a2b457d521e19ed3acf921a9b4b168da2644
resnet,electrode,101,bandpass_n20005_cV4_independent_rms_s15,phase2/results/predictions/full/electrode/resnet/seed_101/bandpass_n20005_cV4_independent_rms_s15.npz,76470,3bfb90c985b062d92d3405d9c1b76518dee02ed2e35f3e128e1fa82eddd348ce
resnet,electrode,101,bandpass_n20005_cV4_independent_rms_s10,phase2/results/predictions/full/electrode/resnet/seed_101/bandpass_n20005_cV4_independent_rms_s10.npz,76465,85369c137738f70a03b9c455c8c1859b7cc582494a2bf3dc782c67be6a8c2be9
resnet,electrode,101,bandpass_n20005_cV4_independent_rms_s5,phase2/results/predictions/full/electrode/resnet/seed_101/bandpass_n20005_cV4_independent_rms_s5.npz,76347,bc36e8bc62b0cad434a57b16ea2751e140c06435277751ceea6349fc37f285b3
resnet,electrode,101,bandpass_n20005_cV4_independent_rms_s0,phase2/results/predictions/full/electrode/resnet/seed_101/bandpass_n20005_cV4_independent_rms_s0.npz,76068,fd999570f3c9c6f601f15a887baa5d9a6d6fea12cf19934b1e3ecbaaf985250f
resnet,electrode,101,bandpass_n20005_cV4_electrode_s20,phase2/results/predictions/full/electrode/resnet/seed_101/bandpass_n20005_cV4_electrode_s20.npz,76454,79d2fb5378aa3d22bde8e978b1b3b10018aa854097a11877845d7ef411e01c40
resnet,electrode,101,bandpass_n20005_cV4_electrode_s15,phase2/results/predictions/full/electrode/resnet/seed_101/bandpass_n20005_cV4_electrode_s15.npz,76459,f5addea4a49c9757a9851351dce6c10d6f2e9a8567058020b4ab23c40949e6c7
resnet,electrode,101,bandpass_n20005_cV4_electrode_s10,phase2/results/predictions/full/electrode/resnet/seed_101/bandpass_n20005_cV4_electrode_s10.npz,76432,8f3c7e19f6618faf405b4eef4e4dacf72c0009a46445ce0c239f2de2b1f27705
resnet,electrode,101,bandpass_n20005_cV4_electrode_s5,phase2/results/predictions/full/electrode/resnet/seed_101/bandpass_n20005_cV4_electrode_s5.npz,76343,90d6bfe19b7baeb3f3eef826397b593a24a5666263ea43f776e5c37fef975f87
resnet,electrode,101,bandpass_n20005_cV4_electrode_s0,phase2/results/predictions/full/electrode/resnet/seed_101/bandpass_n20005_cV4_electrode_s0.npz,76059,9865916eb6e201d562ea8e60ad3371702e615ab16162fd9319546c0fc87d4afd
resnet,electrode,101,bandpass_n20005_cV4_covariance_s20,phase2/results/predictions/full/electrode/resnet/seed_101/bandpass_n20005_cV4_covariance_s20.npz,76482,48d59ff01805b4af9b9e96bffe7ce71357fcaa626e8f78fffe9d3b14bfd839d3
resnet,electrode,101,bandpass_n20005_cV4_covariance_s15,phase2/results/predictions/full/electrode/resnet/seed_101/bandpass_n20005_cV4_covariance_s15.npz,76487,a29a9aede1ff2b46cf27d2b9a7d899c77be4bc484b5a2f1d6b433d02869c6034
resnet,electrode,101,bandpass_n20005_cV4_covariance_s10,phase2/results/predictions/full/electrode/resnet/seed_101/bandpass_n20005_cV4_covariance_s10.npz,76470,9ac2da05fb5a0a5e002c4ce126c87536d21318b96ece89b4433514b342d6eb0b
resnet,electrode,101,bandpass_n20005_cV4_covariance_s5,phase2/results/predictions/full/electrode/resnet/seed_101/bandpass_n20005_cV4_covariance_s5.npz,76376,f5c942dce64ff14401d19c5cf70fcf94e2f9c5ac61042833eb42235b996eb04c
resnet,electrode,101,bandpass_n20005_cV4_covariance_s0,phase2/results/predictions/full/electrode/resnet/seed_101/bandpass_n20005_cV4_covariance_s0.npz,76048,ff2c857eafa0c1229996b3232302422eaf1561c5d55e04667d67366e4ca8f866
resnet,electrode,101,bandpass_n20005_cV5_independent_rms_s20,phase2/results/predictions/full/electrode/resnet/seed_101/bandpass_n20005_cV5_independent_rms_s20.npz,76485,373953db35312b8826525961d1bd4306b71d849014552e3299efdf547dd7afe7
resnet,electrode,101,bandpass_n20005_cV5_independent_rms_s15,phase2/results/predictions/full/electrode/resnet/seed_101/bandpass_n20005_cV5_independent_rms_s15.npz,76483,c2e20f071b70f0439883c1f0b710e37009639e7e261197c667b74ac87d8edefa
resnet,electrode,101,bandpass_n20005_cV5_independent_rms_s10,phase2/results/predictions/full/electrode/resnet/seed_101/bandpass_n20005_cV5_independent_rms_s10.npz,76465,6b14f4d4c2ecd3d73b2d62093aac4d330d6865deb9ca8255a36c93db64086214
resnet,electrode,101,bandpass_n20005_cV5_independent_rms_s5,phase2/results/predictions/full/electrode/resnet/seed_101/bandpass_n20005_cV5_independent_rms_s5.npz,76305,fbdac1535d8821cda15d62dea3a2433ec846172e3f75fd2514082c82fe6360e5
resnet,electrode,101,bandpass_n20005_cV5_independent_rms_s0,phase2/results/predictions/full/electrode/resnet/seed_101/bandpass_n20005_cV5_independent_rms_s0.npz,75846,c8f7698c98d8bed78f693ae2f26b736ebabdd47c85c0d78b266fb6a6063f3e30
resnet,electrode,101,bandpass_n20005_cV5_electrode_s20,phase2/results/predictions/full/electrode/resnet/seed_101/bandpass_n20005_cV5_electrode_s20.npz,76497,02348e432a0e4de18c7bc6ce1eceac9999f24d02b78c2b9e6506b638b47244ac
resnet,electrode,101,bandpass_n20005_cV5_electrode_s15,phase2/results/predictions/full/electrode/resnet/seed_101/bandpass_n20005_cV5_electrode_s15.npz,76465,226039b72bf3bc166b0c5bc74d399cb0fb1f400c4e740165a951831ed7c058e2
resnet,electrode,101,bandpass_n20005_cV5_electrode_s10,phase2/results/predictions/full/electrode/resnet/seed_101/bandpass_n20005_cV5_electrode_s10.npz,76486,fe10967de4e87a94b8e65441f6214c57082cb4d41332a1c91b11ea5f68762a74
resnet,electrode,101,bandpass_n20005_cV5_electrode_s5,phase2/results/predictions/full/electrode/resnet/seed_101/bandpass_n20005_cV5_electrode_s5.npz,76266,9ee296d5eb5ba4dd2e029328667485d1a5f0f2af55ae53ca1bc1b667c9764985
resnet,electrode,101,bandpass_n20005_cV5_electrode_s0,phase2/results/predictions/full/electrode/resnet/seed_101/bandpass_n20005_cV5_electrode_s0.npz,75769,5577564415696627a84d98ed508efba9d0fab7c58783a180085e43d7f855922d
resnet,electrode,101,bandpass_n20005_cV5_covariance_s20,phase2/results/predictions/full/electrode/resnet/seed_101/bandpass_n20005_cV5_covariance_s20.npz,76468,182d5824271c9ca91754485aa28b8e364f2f5430225efc8e2ec8033c836b02b7
resnet,electrode,101,bandpass_n20005_cV5_covariance_s15,phase2/results/predictions/full/electrode/resnet/seed_101/bandpass_n20005_cV5_covariance_s15.npz,76468,38d98e9715543f2af506f30ed7f1c2cd356b91444a622e979b2cadefb0ea3e89
resnet,electrode,101,bandpass_n20005_cV5_covariance_s10,phase2/results/predictions/full/electrode/resnet/seed_101/bandpass_n20005_cV5_covariance_s10.npz,76476,0b3aaa8019e8c881e120f8a4a4defa0a6bb633d25bea8f3fd6bacdceb0f297b2
resnet,electrode,101,bandpass_n20005_cV5_covariance_s5,phase2/results/predictions/full/electrode/resnet/seed_101/bandpass_n20005_cV5_covariance_s5.npz,76295,153e19b1a11262bf2e616fa1d221f972673dc5e56b3374090396c62aaa4b906a
resnet,electrode,101,bandpass_n20005_cV5_covariance_s0,phase2/results/predictions/full/electrode/resnet/seed_101/bandpass_n20005_cV5_covariance_s0.npz,75744,49eee707bd3ba87472bbb447ac756a3dab7d796a2bb57b9ffeb0a97edef436b3
resnet,electrode,101,bandpass_n20005_cV6_independent_rms_s20,phase2/results/predictions/full/electrode/resnet/seed_101/bandpass_n20005_cV6_independent_rms_s20.npz,76494,c94f3e514d7e7c4f676848f42c1322aaaa2724ab2aae4a93c1116d9a5b4acdde
resnet,electrode,101,bandpass_n20005_cV6_independent_rms_s15,phase2/results/predictions/full/electrode/resnet/seed_101/bandpass_n20005_cV6_independent_rms_s15.npz,76483,3013b6ce9877c4fb3fe614d85f2c4c202f0513569e559321146fa5910f04fa53
resnet,electrode,101,bandpass_n20005_cV6_independent_rms_s10,phase2/results/predictions/full/electrode/resnet/seed_101/bandpass_n20005_cV6_independent_rms_s10.npz,76429,8e6877823b8f2874fd87fbf4b6798b986cc0bf59e273375aa785e118b4bc8a56
resnet,electrode,101,bandpass_n20005_cV6_independent_rms_s5,phase2/results/predictions/full/electrode/resnet/seed_101/bandpass_n20005_cV6_independent_rms_s5.npz,76302,8f95a99ba3981cf8e552c7c87906c8eec58faa27d5034296f736f02dcbb04d94
resnet,electrode,101,bandpass_n20005_cV6_independent_rms_s0,phase2/results/predictions/full/electrode/resnet/seed_101/bandpass_n20005_cV6_independent_rms_s0.npz,75947,d2c93d1dc28b8376f34e989d6d149397b5056df017dff7f31fdff4ca3fbd8eea
resnet,electrode,101,bandpass_n20005_cV6_electrode_s20,phase2/results/predictions/full/electrode/resnet/seed_101/bandpass_n20005_cV6_electrode_s20.npz,76472,771599d17a90d7a821cbe4e2632ab45d779963b168f8de7cbe4943fa15ab6782
resnet,electrode,101,bandpass_n20005_cV6_electrode_s15,phase2/results/predictions/full/electrode/resnet/seed_101/bandpass_n20005_cV6_electrode_s15.npz,76473,74b9ec04a420ea57dcbc0cf6287a5dd97a2a18d471d47560e6673b9b0043bf46
resnet,electrode,101,bandpass_n20005_cV6_electrode_s10,phase2/results/predictions/full/electrode/resnet/seed_101/bandpass_n20005_cV6_electrode_s10.npz,76406,3a7802aeb46cb0e9ba8366aeed1231477e3a25a4569564f8bc5b3e932fa0e0fd
resnet,electrode,101,bandpass_n20005_cV6_electrode_s5,phase2/results/predictions/full/electrode/resnet/seed_101/bandpass_n20005_cV6_electrode_s5.npz,76302,fd3265aa34c11c01e9e31c9bf7b5431b3e2e184d37e64c3284a64c4cdc595ee5
resnet,electrode,101,bandpass_n20005_cV6_electrode_s0,phase2/results/predictions/full/electrode/resnet/seed_101/bandpass_n20005_cV6_electrode_s0.npz,75929,cd3eb97a13d36a1ce2c653b7a64bef4acf059887341d83fa63d5750aaf2ea126
resnet,electrode,101,bandpass_n20005_cV6_covariance_s20,phase2/results/predictions/full/electrode/resnet/seed_101/bandpass_n20005_cV6_covariance_s20.npz,76459,92b90c7ee58252d1e7f1de35167b7edca18aede206c97ecfcbe410b2b05a8e97
resnet,electrode,101,bandpass_n20005_cV6_covariance_s15,phase2/results/predictions/full/electrode/resnet/seed_101/bandpass_n20005_cV6_covariance_s15.npz,76462,4e553ab825356018330bc4792e6d56224839ce3103df5bbbe5e0f1baab021d9a
resnet,electrode,101,bandpass_n20005_cV6_covariance_s10,phase2/results/predictions/full/electrode/resnet/seed_101/bandpass_n20005_cV6_covariance_s10.npz,76435,424ed362c8304c16c5fa08d54ec0d3c019c2a685c4de88644103bf044ad7787c
resnet,electrode,101,bandpass_n20005_cV6_covariance_s5,phase2/results/predictions/full/electrode/resnet/seed_101/bandpass_n20005_cV6_covariance_s5.npz,76292,d8af29a5496bc759a85a2d0c4a991859cec9bc06f65feacba6f8c462aa3a37b5
resnet,electrode,101,bandpass_n20005_cV6_covariance_s0,phase2/results/predictions/full/electrode/resnet/seed_101/bandpass_n20005_cV6_covariance_s0.npz,75978,24cd35f9b9996dc76cdb24543f9ce14181d045e26cb7596978e236b43214cb5e
resnet,electrode,101,bandpass_n20005_cRA_LA_independent_rms_s20,phase2/results/predictions/full/electrode/resnet/seed_101/bandpass_n20005_cRA_LA_independent_rms_s20.npz,76495,56a373a413d871948d5754882dd53f6c37d3426efb0d58819e487bb8dd1c19ec
resnet,electrode,101,bandpass_n20005_cRA_LA_independent_rms_s15,phase2/results/predictions/full/electrode/resnet/seed_101/bandpass_n20005_cRA_LA_independent_rms_s15.npz,76469,e229e7d9f2324b82c7c68599a74b067d1c78ba653c47355c9bd519350810de05
resnet,electrode,101,bandpass_n20005_cRA_LA_independent_rms_s10,phase2/results/predictions/full/electrode/resnet/seed_101/bandpass_n20005_cRA_LA_independent_rms_s10.npz,76472,4acf160a53abfd1615f7008fc58b947133c4c7e659c1b5866b7c0cdf4c5cece0
resnet,electrode,101,bandpass_n20005_cRA_LA_independent_rms_s5,phase2/results/predictions/full/electrode/resnet/seed_101/bandpass_n20005_cRA_LA_independent_rms_s5.npz,76333,83fb8ba240f01f190b7dd02d1400acfa893cb857374720c8cef710e06ad886e3
resnet,electrode,101,bandpass_n20005_cRA_LA_independent_rms_s0,phase2/results/predictions/full/electrode/resnet/seed_101/bandpass_n20005_cRA_LA_independent_rms_s0.npz,75988,b6c4d9ddf8a753a2c99cca098c8e52263d74ec5d75f2bb1c00937ee43ef45830
resnet,electrode,101,bandpass_n20005_cRA_LA_electrode_s20,phase2/results/predictions/full/electrode/resnet/seed_101/bandpass_n20005_cRA_LA_electrode_s20.npz,76458,87671ba150a1cccce303260c572401097b7b69746ddec1a6930bec6b48c5136f
resnet,electrode,101,bandpass_n20005_cRA_LA_electrode_s15,phase2/results/predictions/full/electrode/resnet/seed_101/bandpass_n20005_cRA_LA_electrode_s15.npz,76479,eff814d93f84c248e7d7e748209f434b9205a1477e1c755683b735f7579bf267
resnet,electrode,101,bandpass_n20005_cRA_LA_electrode_s10,phase2/results/predictions/full/electrode/resnet/seed_101/bandpass_n20005_cRA_LA_electrode_s10.npz,76429,939bb244391a5906f130f33449d0cea5c77fcc55a9123ffeb623b72c7fc08d8c
resnet,electrode,101,bandpass_n20005_cRA_LA_electrode_s5,phase2/results/predictions/full/electrode/resnet/seed_101/bandpass_n20005_cRA_LA_electrode_s5.npz,76224,0837af33f44190f447eed7f8cd5228d3c9cb5fd3c6fc3b0bb4fde00c416c9a2e
resnet,electrode,101,bandpass_n20005_cRA_LA_electrode_s0,phase2/results/predictions/full/electrode/resnet/seed_101/bandpass_n20005_cRA_LA_electrode_s0.npz,75817,3bd7eeed30f4417f89e18be2ae581a7be1333fb9e032e4d932aaa914f077de2e
resnet,electrode,101,bandpass_n20005_cRA_LA_covariance_s20,phase2/results/predictions/full/electrode/resnet/seed_101/bandpass_n20005_cRA_LA_covariance_s20.npz,76484,11f1a6bd2721cf54727081f95e91cd8678d45640db1e3a8d67f25b9da2dad3bf
resnet,electrode,101,bandpass_n20005_cRA_LA_covariance_s15,phase2/results/predictions/full/electrode/resnet/seed_101/bandpass_n20005_cRA_LA_covariance_s15.npz,76471,65ba3aa58865867fd85e7886f8fecfe2f896d3ca5daf6362abaaa90da1ed546d
resnet,electrode,101,bandpass_n20005_cRA_LA_covariance_s10,phase2/results/predictions/full/electrode/resnet/seed_101/bandpass_n20005_cRA_LA_covariance_s10.npz,76416,e167f21c0ba4ed1e125deb58a91c3639f1a4d3dfb214913e3c05c2f953a51176
resnet,electrode,101,bandpass_n20005_cRA_LA_covariance_s5,phase2/results/predictions/full/electrode/resnet/seed_101/bandpass_n20005_cRA_LA_covariance_s5.npz,76214,71eba709021ca33eb4dd37a45c917eacea6f26edb09ffd5185897ad470c68b4d
resnet,electrode,101,bandpass_n20005_cRA_LA_covariance_s0,phase2/results/predictions/full/electrode/resnet/seed_101/bandpass_n20005_cRA_LA_covariance_s0.npz,75808,f050885aa1084297905ec7edff77a5721faf8393c3777cde913424c0cb44cff1
resnet,electrode,101,bandpass_n20005_cLA_LL_independent_rms_s20,phase2/results/predictions/full/electrode/resnet/seed_101/bandpass_n20005_cLA_LL_independent_rms_s20.npz,76491,039d08637c7fe2c322b06cea917c03fd3523a6b5eb0ba8cac8053ba85d0fb172
resnet,electrode,101,bandpass_n20005_cLA_LL_independent_rms_s15,phase2/results/predictions/full/electrode/resnet/seed_101/bandpass_n20005_cLA_LL_independent_rms_s15.npz,76505,c766117439133289d29b988316290c1355a26f62d586b3de7c5a5ca380256925
resnet,electrode,101,bandpass_n20005_cLA_LL_independent_rms_s10,phase2/results/predictions/full/electrode/resnet/seed_101/bandpass_n20005_cLA_LL_independent_rms_s10.npz,76466,22afad60e1811359ed9e63e7ad909fba66eaf3cae1adb7360eea89953710bddc
resnet,electrode,101,bandpass_n20005_cLA_LL_independent_rms_s5,phase2/results/predictions/full/electrode/resnet/seed_101/bandpass_n20005_cLA_LL_independent_rms_s5.npz,76307,12ee683f9643ea15d903612bcd94996a57df9cb1c6e57b8a44cf3f05c7f3face
resnet,electrode,101,bandpass_n20005_cLA_LL_independent_rms_s0,phase2/results/predictions/full/electrode/resnet/seed_101/bandpass_n20005_cLA_LL_independent_rms_s0.npz,75895,db66b97cc983449cee133329da9b24ef94d527fa3cf80bdc60b76f64546855fd
resnet,electrode,101,bandpass_n20005_cLA_LL_electrode_s20,phase2/results/predictions/full/electrode/resnet/seed_101/bandpass_n20005_cLA_LL_electrode_s20.npz,76440,efa5cdf7d16fce95f70f3424c219ba381982eab3490be5edf3c3223aa78038c2
resnet,electrode,101,bandpass_n20005_cLA_LL_electrode_s15,phase2/results/predictions/full/electrode/resnet/seed_101/bandpass_n20005_cLA_LL_electrode_s15.npz,76450,8d6887e956b3f750c02e823e9fd1d69676c44d1374452f76a68ab7d74fd26585
resnet,electrode,101,bandpass_n20005_cLA_LL_electrode_s10,phase2/results/predictions/full/electrode/resnet/seed_101/bandpass_n20005_cLA_LL_electrode_s10.npz,76377,5e28cf63694d314265152432987b302ba1468f8db741b06a6c5373e7db686239
resnet,electrode,101,bandpass_n20005_cLA_LL_electrode_s5,phase2/results/predictions/full/electrode/resnet/seed_101/bandpass_n20005_cLA_LL_electrode_s5.npz,76154,a913bf58a696913c52d2ae481abf640872b8e0125594b1426ec9f7bfac334c2e
resnet,electrode,101,bandpass_n20005_cLA_LL_electrode_s0,phase2/results/predictions/full/electrode/resnet/seed_101/bandpass_n20005_cLA_LL_electrode_s0.npz,75531,b5a7d79fe0da26c0da3e4694dadd65fe9389d74cf556714d0587f1739f2f92d6
resnet,electrode,101,bandpass_n20005_cLA_LL_covariance_s20,phase2/results/predictions/full/electrode/resnet/seed_101/bandpass_n20005_cLA_LL_covariance_s20.npz,76478,9e04cf134c5d4ce9703d48555d8958a9de5c44dcd1b370984c48a6c75a418870
resnet,electrode,101,bandpass_n20005_cLA_LL_covariance_s15,phase2/results/predictions/full/electrode/resnet/seed_101/bandpass_n20005_cLA_LL_covariance_s15.npz,76434,33c15401931dd7c1e4ba39c63b5a1c6365456636f30301c5c0e01a8440d5e6a9
resnet,electrode,101,bandpass_n20005_cLA_LL_covariance_s10,phase2/results/predictions/full/electrode/resnet/seed_101/bandpass_n20005_cLA_LL_covariance_s10.npz,76374,6e5e3ffa3efe916b398f356a9e4a7d92d118c3405568225cd6542a9a329c3d7c
resnet,electrode,101,bandpass_n20005_cLA_LL_covariance_s5,phase2/results/predictions/full/electrode/resnet/seed_101/bandpass_n20005_cLA_LL_covariance_s5.npz,76130,637ac270964ca0ae869bda9e9a1ce450d2fbffe70600b43063bb25b32975660a
resnet,electrode,101,bandpass_n20005_cLA_LL_covariance_s0,phase2/results/predictions/full/electrode/resnet/seed_101/bandpass_n20005_cLA_LL_covariance_s0.npz,75551,106d9063d1ca59cafae29bab58592a5b21d8bdcebfe29a4480d89dc6ed30d1f9
resnet,electrode,101,bandpass_n20005_cRA_LL_independent_rms_s20,phase2/results/predictions/full/electrode/resnet/seed_101/bandpass_n20005_cRA_LL_independent_rms_s20.npz,76504,9bafdc393692e3d4cff57d22ceb9c2944f745ab3eeaa2337f0ba215af5df00bc
resnet,electrode,101,bandpass_n20005_cRA_LL_independent_rms_s15,phase2/results/predictions/full/electrode/resnet/seed_101/bandpass_n20005_cRA_LL_independent_rms_s15.npz,76479,8372726dfcb34d4607f09d1784aac5bd2b5dd5265667003903be393b5b1b51ce
resnet,electrode,101,bandpass_n20005_cRA_LL_independent_rms_s10,phase2/results/predictions/full/electrode/resnet/seed_101/bandpass_n20005_cRA_LL_independent_rms_s10.npz,76437,83592c852d7204fcfe4247094d56893dfc4fc765323daa429e153485db4a2d45
resnet,electrode,101,bandpass_n20005_cRA_LL_independent_rms_s5,phase2/results/predictions/full/electrode/resnet/seed_101/bandpass_n20005_cRA_LL_independent_rms_s5.npz,76293,04192e61eeb47a689082c8d3c105defc58b3c79da4fadc9dda103c6aa7c224ab
resnet,electrode,101,bandpass_n20005_cRA_LL_independent_rms_s0,phase2/results/predictions/full/electrode/resnet/seed_101/bandpass_n20005_cRA_LL_independent_rms_s0.npz,75919,2c85c12684553d6e8c8049f3196952cb8c60c51d90dfcdf634ea31e8afcd6963
resnet,electrode,101,bandpass_n20005_cRA_LL_electrode_s20,phase2/results/predictions/full/electrode/resnet/seed_101/bandpass_n20005_cRA_LL_electrode_s20.npz,76454,9c500b800a1f47608e353a7c059e2faef1d0405fbc927403d592b3d656b7a63b
resnet,electrode,101,bandpass_n20005_cRA_LL_electrode_s15,phase2/results/predictions/full/electrode/resnet/seed_101/bandpass_n20005_cRA_LL_electrode_s15.npz,76437,78c4833d5214ce7412f3a63b3a6ba73fb01c7c799d8c2b5455ce4523c2ed1d3a
resnet,electrode,101,bandpass_n20005_cRA_LL_electrode_s10,phase2/results/predictions/full/electrode/resnet/seed_101/bandpass_n20005_cRA_LL_electrode_s10.npz,76368,1490866bded067154ba0c52c786ee94a5a2078adb567e44ddb7839100bf83628
resnet,electrode,101,bandpass_n20005_cRA_LL_electrode_s5,phase2/results/predictions/full/electrode/resnet/seed_101/bandpass_n20005_cRA_LL_electrode_s5.npz,76126,e146eb6b076d7e37c7b272bf85bb1eb6abac030919063e0cba57ff5ed0ebe053
resnet,electrode,101,bandpass_n20005_cRA_LL_electrode_s0,phase2/results/predictions/full/electrode/resnet/seed_101/bandpass_n20005_cRA_LL_electrode_s0.npz,75607,69bec406798ee45d6eb70ec5577720639b4abeaf938457ec0d16a0a514f5de03
resnet,electrode,101,bandpass_n20005_cRA_LL_covariance_s20,phase2/results/predictions/full/electrode/resnet/seed_101/bandpass_n20005_cRA_LL_covariance_s20.npz,76476,44d047a94d2b2462e3756bce984674c20f52b325105a0e9850c787f128989c2f
resnet,electrode,101,bandpass_n20005_cRA_LL_covariance_s15,phase2/results/predictions/full/electrode/resnet/seed_101/bandpass_n20005_cRA_LL_covariance_s15.npz,76465,a006b851492d65ec262b0af7d34367d5c162bad6358d0d26f184d20fb024c440
resnet,electrode,101,bandpass_n20005_cRA_LL_covariance_s10,phase2/results/predictions/full/electrode/resnet/seed_101/bandpass_n20005_cRA_LL_covariance_s10.npz,76369,4e1bfca56811ac2f1b4343fbe64608ed48262501b9d513d5015caeb34973e15c
resnet,electrode,101,bandpass_n20005_cRA_LL_covariance_s5,phase2/results/predictions/full/electrode/resnet/seed_101/bandpass_n20005_cRA_LL_covariance_s5.npz,76084,0086d514829098722f3100f2eb1ed16d7c7f57dae3d52369101a7a6780603771
resnet,electrode,101,bandpass_n20005_cRA_LL_covariance_s0,phase2/results/predictions/full/electrode/resnet/seed_101/bandpass_n20005_cRA_LL_covariance_s0.npz,75632,6057ab6ebc60cc2f0e555ee61d83d0b2c5366a8527b9c158977d347933e416cb
resnet,electrode,101,bandpass_n20005_cRA_independent_rms_s20,phase2/results/predictions/full/electrode/resnet/seed_101/bandpass_n20005_cRA_independent_rms_s20.npz,76489,a08e64d1e73ef057feeb4d49b249cb8b7bf08344e68541f02be3ffa95ad0eca1
resnet,electrode,101,bandpass_n20005_cRA_independent_rms_s15,phase2/results/predictions/full/electrode/resnet/seed_101/bandpass_n20005_cRA_independent_rms_s15.npz,76491,e5f9dd6dae4fbcd203007a43118f9d8c2322e8b4841d372bb1adbabcc760d95c
resnet,electrode,101,bandpass_n20005_cRA_independent_rms_s10,phase2/results/predictions/full/electrode/resnet/seed_101/bandpass_n20005_cRA_independent_rms_s10.npz,76446,72dde2123e802c3de37d7d9d2c200379e695eb94d4885389c01339974fb20291
resnet,electrode,101,bandpass_n20005_cRA_independent_rms_s5,phase2/results/predictions/full/electrode/resnet/seed_101/bandpass_n20005_cRA_independent_rms_s5.npz,76321,0c2f3a4684889fea89547fc983fff5c3e42f1ab4c6ecda3ff52968f2f8739472
resnet,electrode,101,bandpass_n20005_cRA_independent_rms_s0,phase2/results/predictions/full/electrode/resnet/seed_101/bandpass_n20005_cRA_independent_rms_s0.npz,76012,9ab91b4f0a91e5dde8cbaf0c2871199d98723f81986dd15b8aa483cba1a7b463
resnet,electrode,101,bandpass_n20005_cRA_electrode_s20,phase2/results/predictions/full/electrode/resnet/seed_101/bandpass_n20005_cRA_electrode_s20.npz,76473,557881115f078b61d31af2ed6ea03f6df40c8045456a4180291e8f6e5d7859e4
resnet,electrode,101,bandpass_n20005_cRA_electrode_s15,phase2/results/predictions/full/electrode/resnet/seed_101/bandpass_n20005_cRA_electrode_s15.npz,76436,a744c5b9fd880f9868e3181f10ba109ef724a78e11085f3cb8afaf9d142beb60
resnet,electrode,101,bandpass_n20005_cRA_electrode_s10,phase2/results/predictions/full/electrode/resnet/seed_101/bandpass_n20005_cRA_electrode_s10.npz,76370,245f61929e46843f6731ed18155f30fa2be990b2c6594430a4ea403cea016065
resnet,electrode,101,bandpass_n20005_cRA_electrode_s5,phase2/results/predictions/full/electrode/resnet/seed_101/bandpass_n20005_cRA_electrode_s5.npz,76206,bbb1ddb145452e0ff1e0b751ade054967554dbcfc2a52122b8c9ce3b0a5c729b
resnet,electrode,101,bandpass_n20005_cRA_electrode_s0,phase2/results/predictions/full/electrode/resnet/seed_101/bandpass_n20005_cRA_electrode_s0.npz,75863,d7457ab067817f522b4bba80b89abe964f4bb7ba9aba8e1fea675f0d77ae13e3
resnet,electrode,101,bandpass_n20005_cRA_covariance_s20,phase2/results/predictions/full/electrode/resnet/seed_101/bandpass_n20005_cRA_covariance_s20.npz,76473,3d99912301c2798dddcd7e5902246081a9af32ff546f5694373a71260b00c11a
resnet,electrode,101,bandpass_n20005_cRA_covariance_s15,phase2/results/predictions/full/electrode/resnet/seed_101/bandpass_n20005_cRA_covariance_s15.npz,76457,0169cc9d0a88af9a19108a8726d9db504a92fd403336ace540a4a151e84e8a33
resnet,electrode,101,bandpass_n20005_cRA_covariance_s10,phase2/results/predictions/full/electrode/resnet/seed_101/bandpass_n20005_cRA_covariance_s10.npz,76379,f8ca2255679bc69bf7a9ba01adb4ce85c559e06dd43b4f3bf4125e3a72c93bf5
resnet,electrode,101,bandpass_n20005_cRA_covariance_s5,phase2/results/predictions/full/electrode/resnet/seed_101/bandpass_n20005_cRA_covariance_s5.npz,76169,0c921900243137e956525a8abc6edbc2b121c691e3878efa8887fc49fd731e90
resnet,electrode,101,bandpass_n20005_cRA_covariance_s0,phase2/results/predictions/full/electrode/resnet/seed_101/bandpass_n20005_cRA_covariance_s0.npz,75875,5aa1d5a14eead86e7430dc49ee5ee057c5ed8162920897ef47c8b4c2d9eac402
resnet,electrode,101,bandpass_n20005_cLA_independent_rms_s20,phase2/results/predictions/full/electrode/resnet/seed_101/bandpass_n20005_cLA_independent_rms_s20.npz,76478,5f6d8b0a562bd4b03dc291adfa70d57d21c450b9bec031f3b332f72f0061d21a
resnet,electrode,101,bandpass_n20005_cLA_independent_rms_s15,phase2/results/predictions/full/electrode/resnet/seed_101/bandpass_n20005_cLA_independent_rms_s15.npz,76474,3eeaa80bedcd789fd0013e4ebddcda77297a0afe53c44ed0a076c4be2bf1fac2
resnet,electrode,101,bandpass_n20005_cLA_independent_rms_s10,phase2/results/predictions/full/electrode/resnet/seed_101/bandpass_n20005_cLA_independent_rms_s10.npz,76468,054cd3f44e05a17fd214e71db054dace2c8c50caa07a10132de1cd13128b3e89
resnet,electrode,101,bandpass_n20005_cLA_independent_rms_s5,phase2/results/predictions/full/electrode/resnet/seed_101/bandpass_n20005_cLA_independent_rms_s5.npz,76266,aa24a74e9c7fa243a2cca33da2818a773abf5574ed0d0776e219095b4721a1bc
resnet,electrode,101,bandpass_n20005_cLA_independent_rms_s0,phase2/results/predictions/full/electrode/resnet/seed_101/bandpass_n20005_cLA_independent_rms_s0.npz,75933,6768d9e7c42b3b0882ebef351466203800844678e29179d04dd6d2c4e8cb28cb
resnet,electrode,101,bandpass_n20005_cLA_electrode_s20,phase2/results/predictions/full/electrode/resnet/seed_101/bandpass_n20005_cLA_electrode_s20.npz,76464,1de3efb452e61d1c2fc1e2e521599573f29e6a1c1cf5a2daa72e1f57a16b9506
resnet,electrode,101,bandpass_n20005_cLA_electrode_s15,phase2/results/predictions/full/electrode/resnet/seed_101/bandpass_n20005_cLA_electrode_s15.npz,76469,1ab9baad70d060c041fa5ed7a7f817b6d6529139ad02f1581b4a85cc2099b4fa
resnet,electrode,101,bandpass_n20005_cLA_electrode_s10,phase2/results/predictions/full/electrode/resnet/seed_101/bandpass_n20005_cLA_electrode_s10.npz,76425,cdeb65281bce30104f06f8f24c92fccdadb6089692d7858e7fd62ee06c9dc5fc
resnet,electrode,101,bandpass_n20005_cLA_electrode_s5,phase2/results/predictions/full/electrode/resnet/seed_101/bandpass_n20005_cLA_electrode_s5.npz,76211,02a6387586ac4ef408a943bab9d05fa2ba412a05e03cdb59ed7ef35a67c3537c
resnet,electrode,101,bandpass_n20005_cLA_electrode_s0,phase2/results/predictions/full/electrode/resnet/seed_101/bandpass_n20005_cLA_electrode_s0.npz,75791,aa68e6b865c5d50d9745e008ac6ee61dd5a39148613781a576836f82573c6cca
resnet,electrode,101,bandpass_n20005_cLA_covariance_s20,phase2/results/predictions/full/electrode/resnet/seed_101/bandpass_n20005_cLA_covariance_s20.npz,76473,d6420c09f7f42316306ae7d978537f1ff79cb63b14eb2d99f6a32f9f74f9c559
resnet,electrode,101,bandpass_n20005_cLA_covariance_s15,phase2/results/predictions/full/electrode/resnet/seed_101/bandpass_n20005_cLA_covariance_s15.npz,76427,8c281d0af68351f2ad21e6e47f562894535a0d6abbc0378efdc16534b481b6f7
resnet,electrode,101,bandpass_n20005_cLA_covariance_s10,phase2/results/predictions/full/electrode/resnet/seed_101/bandpass_n20005_cLA_covariance_s10.npz,76429,87edea8a876f568afb528fd40e10522280cf52de1d5c9f74e410f23b95484720
resnet,electrode,101,bandpass_n20005_cLA_covariance_s5,phase2/results/predictions/full/electrode/resnet/seed_101/bandpass_n20005_cLA_covariance_s5.npz,76219,c8f449739a1d40c88cf597aad455d43d0189f30446f90ffa69d6384ccb35636d
resnet,electrode,101,bandpass_n20005_cLA_covariance_s0,phase2/results/predictions/full/electrode/resnet/seed_101/bandpass_n20005_cLA_covariance_s0.npz,75810,ea734b1212b70c90b7833e7033455cf4d29cdfbfdf255f50e09a5c79a3e99c80
resnet,electrode,101,bandpass_n20005_cLL_independent_rms_s20,phase2/results/predictions/full/electrode/resnet/seed_101/bandpass_n20005_cLL_independent_rms_s20.npz,76475,17818d27ec42513789674028f6f0749e7ebf26c3b8c45975db3e19324e39cbac
resnet,electrode,101,bandpass_n20005_cLL_independent_rms_s15,phase2/results/predictions/full/electrode/resnet/seed_101/bandpass_n20005_cLL_independent_rms_s15.npz,76483,f06b0553c4185742e228282f1973b240c6b87c2f263e20b8744ffd64b5836c40
resnet,electrode,101,bandpass_n20005_cLL_independent_rms_s10,phase2/results/predictions/full/electrode/resnet/seed_101/bandpass_n20005_cLL_independent_rms_s10.npz,76443,ea9cc9e337de3578491ac6867f2293862ff0bc05b564a2807c1e42a12b53f7ab
resnet,electrode,101,bandpass_n20005_cLL_independent_rms_s5,phase2/results/predictions/full/electrode/resnet/seed_101/bandpass_n20005_cLL_independent_rms_s5.npz,76261,5ce32ef0fcd6d56183390c11b0782e6d525ae99aced6ebe8b99d61a94e1c3d4f
resnet,electrode,101,bandpass_n20005_cLL_independent_rms_s0,phase2/results/predictions/full/electrode/resnet/seed_101/bandpass_n20005_cLL_independent_rms_s0.npz,75876,2f1025ac0984031bf0cce567ec5db806d481a1e608f1d17c939b0a326cf1211c
resnet,electrode,101,bandpass_n20005_cLL_electrode_s20,phase2/results/predictions/full/electrode/resnet/seed_101/bandpass_n20005_cLL_electrode_s20.npz,76469,7b99e20eead4c049a5b31c353e79187465646103bb1bfd06f0d70814d43be4cb
resnet,electrode,101,bandpass_n20005_cLL_electrode_s15,phase2/results/predictions/full/electrode/resnet/seed_101/bandpass_n20005_cLL_electrode_s15.npz,76442,db4a08348f6063d452765026b8ee195fc80f4de1df8f0d38cac9ec5bb37d9140
resnet,electrode,101,bandpass_n20005_cLL_electrode_s10,phase2/results/predictions/full/electrode/resnet/seed_101/bandpass_n20005_cLL_electrode_s10.npz,76341,0c72ac645ea7bb664507ae9671e6d3c06c12d6c906c6b19089bdb2627609bb8a
resnet,electrode,101,bandpass_n20005_cLL_electrode_s5,phase2/results/predictions/full/electrode/resnet/seed_101/bandpass_n20005_cLL_electrode_s5.npz,76069,d0ed38a0e377d4f06d54c6441e26422eb9a0527a546fa66618061070632b5df0
resnet,electrode,101,bandpass_n20005_cLL_electrode_s0,phase2/results/predictions/full/electrode/resnet/seed_101/bandpass_n20005_cLL_electrode_s0.npz,75371,7b9127e2388886636c91551642cd4679e5c0d1b08884f9517028cacdd3f2d294
resnet,electrode,101,bandpass_n20005_cLL_covariance_s20,phase2/results/predictions/full/electrode/resnet/seed_101/bandpass_n20005_cLL_covariance_s20.npz,76511,70ce6c900525cc368aaf26a68dd7409b726cfba48097853b064777ce6958edb4
resnet,electrode,101,bandpass_n20005_cLL_covariance_s15,phase2/results/predictions/full/electrode/resnet/seed_101/bandpass_n20005_cLL_covariance_s15.npz,76459,a4c398665f7a0aeab3908282b37ee74d9eff4af1a0dac2ca7af32708ffaa58e0
resnet,electrode,101,bandpass_n20005_cLL_covariance_s10,phase2/results/predictions/full/electrode/resnet/seed_101/bandpass_n20005_cLL_covariance_s10.npz,76364,7a985e71ad72338539283b570326e172c2646fa601b77b6b8971988cf292537a
resnet,electrode,101,bandpass_n20005_cLL_covariance_s5,phase2/results/predictions/full/electrode/resnet/seed_101/bandpass_n20005_cLL_covariance_s5.npz,76060,29a91c5fa5de12563851e57cf0d532009a88b5a91680326b2f7209195230a255
resnet,electrode,101,bandpass_n20005_cLL_covariance_s0,phase2/results/predictions/full/electrode/resnet/seed_101/bandpass_n20005_cLL_covariance_s0.npz,75404,615d4409a60f485aa9d28f34686090b083cc202a4fea56d5009e1bf73b89d7e6
resnet,electrode,101,bandpass_n20005_cRA_V1_independent_rms_s20,phase2/results/predictions/full/electrode/resnet/seed_101/bandpass_n20005_cRA_V1_independent_rms_s20.npz,76491,f11529f55cbf4d7636097665574843f979c0dcbc0366fd31f777cd0729e8a1b5
resnet,electrode,101,bandpass_n20005_cRA_V1_independent_rms_s15,phase2/results/predictions/full/electrode/resnet/seed_101/bandpass_n20005_cRA_V1_independent_rms_s15.npz,76505,c17af524195046eef1c6eca66321a3965d2ddf5ea0ae495511d24466996f44c4
resnet,electrode,101,bandpass_n20005_cRA_V1_independent_rms_s10,phase2/results/predictions/full/electrode/resnet/seed_101/bandpass_n20005_cRA_V1_independent_rms_s10.npz,76433,b697d90b5a95f15896060325e3cf8da61a4ebe649b68d1bafbd856605db6a34d
resnet,electrode,101,bandpass_n20005_cRA_V1_independent_rms_s5,phase2/results/predictions/full/electrode/resnet/seed_101/bandpass_n20005_cRA_V1_independent_rms_s5.npz,76287,31e823403aa205bf49bc6f55b47aea6462ac0653b49a24000c61db2124186bd0
resnet,electrode,101,bandpass_n20005_cRA_V1_independent_rms_s0,phase2/results/predictions/full/electrode/resnet/seed_101/bandpass_n20005_cRA_V1_independent_rms_s0.npz,75925,8654106dfad054c34dab2e1172d70e88074cac5cc900ac29e0d21fd28512d675
resnet,electrode,101,bandpass_n20005_cRA_V1_electrode_s20,phase2/results/predictions/full/electrode/resnet/seed_101/bandpass_n20005_cRA_V1_electrode_s20.npz,76459,d5c7587b0ac379f895e6af4f07161c8134b8bd595b6dbab42a8aeb644e87bfa5
resnet,electrode,101,bandpass_n20005_cRA_V1_electrode_s15,phase2/results/predictions/full/electrode/resnet/seed_101/bandpass_n20005_cRA_V1_electrode_s15.npz,76451,c5286cdae974afb2966f72446901a5f4ffb7d193ea79f24ffb92069e4a74c654
resnet,electrode,101,bandpass_n20005_cRA_V1_electrode_s10,phase2/results/predictions/full/electrode/resnet/seed_101/bandpass_n20005_cRA_V1_electrode_s10.npz,76371,94933af2572ac30cab432f03c82195b58bc38cabc4e058ce8df8040d708a5a2d
resnet,electrode,101,bandpass_n20005_cRA_V1_electrode_s5,phase2/results/predictions/full/electrode/resnet/seed_101/bandpass_n20005_cRA_V1_electrode_s5.npz,76185,d7e34794a977eed1eb77528293b54fd1155aace7b48f92e6d671a3f2dbd706f3
resnet,electrode,101,bandpass_n20005_cRA_V1_electrode_s0,phase2/results/predictions/full/electrode/resnet/seed_101/bandpass_n20005_cRA_V1_electrode_s0.npz,75841,127d1546682a2b20c0d4f21d6dd2863bacd3586ea3bfd1666271278e25851123
resnet,electrode,101,bandpass_n20005_cRA_V1_covariance_s20,phase2/results/predictions/full/electrode/resnet/seed_101/bandpass_n20005_cRA_V1_covariance_s20.npz,76512,8352a24ccb4bd172f8baed9b2d1fac4d3f93a4b8334702a3aa0bbb6ba8701506
resnet,electrode,101,bandpass_n20005_cRA_V1_covariance_s15,phase2/results/predictions/full/electrode/resnet/seed_101/bandpass_n20005_cRA_V1_covariance_s15.npz,76452,0a60f32366b206284edd5059fdf2cbb1d60769618fa4b81e180ea3807156ee7a
resnet,electrode,101,bandpass_n20005_cRA_V1_covariance_s10,phase2/results/predictions/full/electrode/resnet/seed_101/bandpass_n20005_cRA_V1_covariance_s10.npz,76401,2295886b665e57ad5c4345453423b48ba038a6e7210e88abaafa402d0262431e
resnet,electrode,101,bandpass_n20005_cRA_V1_covariance_s5,phase2/results/predictions/full/electrode/resnet/seed_101/bandpass_n20005_cRA_V1_covariance_s5.npz,76156,b8cd00209178ff51c055b809e629706105b59417441da256cfefb15246887776
resnet,electrode,101,bandpass_n20005_cRA_V1_covariance_s0,phase2/results/predictions/full/electrode/resnet/seed_101/bandpass_n20005_cRA_V1_covariance_s0.npz,75847,2e603b591aaaddf09ba31c4f41557875b81d5b8b1d2094ddbedead89bbe92118
resnet,electrode,101,bandpass_n20005_cLA_V6_independent_rms_s20,phase2/results/predictions/full/electrode/resnet/seed_101/bandpass_n20005_cLA_V6_independent_rms_s20.npz,76494,f77fec846b0ba1144e73ef9019d27d03ed2135214a3a3cf93162ef1492ca1e14
resnet,electrode,101,bandpass_n20005_cLA_V6_independent_rms_s15,phase2/results/predictions/full/electrode/resnet/seed_101/bandpass_n20005_cLA_V6_independent_rms_s15.npz,76484,124dde9f407d0ca83c0b182f99382bb5d56f0edf51acf9ccd6a2ea74c7175f61
resnet,electrode,101,bandpass_n20005_cLA_V6_independent_rms_s10,phase2/results/predictions/full/electrode/resnet/seed_101/bandpass_n20005_cLA_V6_independent_rms_s10.npz,76467,fd9b3bc7f6f7c689f584f3ea91a0dda7c8d98e4a98fa9e400417dd80e8d707da
resnet,electrode,101,bandpass_n20005_cLA_V6_independent_rms_s5,phase2/results/predictions/full/electrode/resnet/seed_101/bandpass_n20005_cLA_V6_independent_rms_s5.npz,76359,e185593eabdc773e6c69f5fc97e77f5afeeb19cb116b91f90f11e590ceda7f25
resnet,electrode,101,bandpass_n20005_cLA_V6_independent_rms_s0,phase2/results/predictions/full/electrode/resnet/seed_101/bandpass_n20005_cLA_V6_independent_rms_s0.npz,75978,c345eb039aff1a152b7a14d7d5c2429fc205c41c249bdc48d0b7dd86035b691b
resnet,electrode,101,bandpass_n20005_cLA_V6_electrode_s20,phase2/results/predictions/full/electrode/resnet/seed_101/bandpass_n20005_cLA_V6_electrode_s20.npz,76454,2e4b3f727a1c91f4038c65fe5ce67aefe7f22206ae48cf471374528ea15783e1
resnet,electrode,101,bandpass_n20005_cLA_V6_electrode_s15,phase2/results/predictions/full/electrode/resnet/seed_101/bandpass_n20005_cLA_V6_electrode_s15.npz,76467,07c8761cc5a2b027b53046af333645e1fe7c797c8d61a51775d10bd2ee0435fa
resnet,electrode,101,bandpass_n20005_cLA_V6_electrode_s10,phase2/results/predictions/full/electrode/resnet/seed_101/bandpass_n20005_cLA_V6_electrode_s10.npz,76409,bf3b95d774fb394afe114a0a9261aab0d9a5a3cfd857cd182c02c7fb23c7fcd6
resnet,electrode,101,bandpass_n20005_cLA_V6_electrode_s5,phase2/results/predictions/full/electrode/resnet/seed_101/bandpass_n20005_cLA_V6_electrode_s5.npz,76245,06fc38090a93dcc5c0d99298967cf0c76eb753a7f1e39e168243ae63b1dea03b
resnet,electrode,101,bandpass_n20005_cLA_V6_electrode_s0,phase2/results/predictions/full/electrode/resnet/seed_101/bandpass_n20005_cLA_V6_electrode_s0.npz,75814,f7c01ab0533cbeb910494097ac5e501706f46f3f8d1da28d2d6890dd5cd51c4e
resnet,electrode,101,bandpass_n20005_cLA_V6_covariance_s20,phase2/results/predictions/full/electrode/resnet/seed_101/bandpass_n20005_cLA_V6_covariance_s20.npz,76492,de6834b6a3786d6fcd050b8cb898d037dc2e0038431d9e942796e2740926cb46
resnet,electrode,101,bandpass_n20005_cLA_V6_covariance_s15,phase2/results/predictions/full/electrode/resnet/seed_101/bandpass_n20005_cLA_V6_covariance_s15.npz,76444,4b2341a2c53720c5606d1cc0fe94c0b26a9d0cf91f2eb762b288f2fe1fc95e8f
resnet,electrode,101,bandpass_n20005_cLA_V6_covariance_s10,phase2/results/predictions/full/electrode/resnet/seed_101/bandpass_n20005_cLA_V6_covariance_s10.npz,76426,a26382475ab09a74c2a5d27bb981db99b58fecced22b013b2ee95b4753b8a1ec
resnet,electrode,101,bandpass_n20005_cLA_V6_covariance_s5,phase2/results/predictions/full/electrode/resnet/seed_101/bandpass_n20005_cLA_V6_covariance_s5.npz,76226,b4c582fde989e17fe3077ff01417d4b6497d53e61e342dd427981b2291619435
resnet,electrode,101,bandpass_n20005_cLA_V6_covariance_s0,phase2/results/predictions/full/electrode/resnet/seed_101/bandpass_n20005_cLA_V6_covariance_s0.npz,75836,e6d9ccb2473f0e0492259945b8c0e43cf4dc6740d1f183b8f606265ef5182609
resnet,electrode,101,bandpass_n20005_cLL_V4_independent_rms_s20,phase2/results/predictions/full/electrode/resnet/seed_101/bandpass_n20005_cLL_V4_independent_rms_s20.npz,76470,8342d8071a4e4ce6e0fb689cb5d3367f1c003ddf46a4fff3528a2a22d9728244
resnet,electrode,101,bandpass_n20005_cLL_V4_independent_rms_s15,phase2/results/predictions/full/electrode/resnet/seed_101/bandpass_n20005_cLL_V4_independent_rms_s15.npz,76498,654e7d8ea59ff8218f339285c7a68104063a7b4287525fdcfa0bf55afc6d41f4
resnet,electrode,101,bandpass_n20005_cLL_V4_independent_rms_s10,phase2/results/predictions/full/electrode/resnet/seed_101/bandpass_n20005_cLL_V4_independent_rms_s10.npz,76418,818c29012a55f2a4acc65a1eb80141e74cd462edf95e0632e53a914031280735
resnet,electrode,101,bandpass_n20005_cLL_V4_independent_rms_s5,phase2/results/predictions/full/electrode/resnet/seed_101/bandpass_n20005_cLL_V4_independent_rms_s5.npz,76283,e62ac9f27a019a1d6e96ff4f88cd41f9f6a46918b7ccd3e5bde043e74e884f35
resnet,electrode,101,bandpass_n20005_cLL_V4_independent_rms_s0,phase2/results/predictions/full/electrode/resnet/seed_101/bandpass_n20005_cLL_V4_independent_rms_s0.npz,75894,fc31a89e2c1d54cf76de7c9edfb3695102030a9871ac637be210fa6b09c94f3e
resnet,electrode,101,bandpass_n20005_cLL_V4_electrode_s20,phase2/results/predictions/full/electrode/resnet/seed_101/bandpass_n20005_cLL_V4_electrode_s20.npz,76460,a1aa786f7d1c87f4a3dd05cccd5f6a91bf7a64b56694e69e7603c6cc0d31d1dd
resnet,electrode,101,bandpass_n20005_cLL_V4_electrode_s15,phase2/results/predictions/full/electrode/resnet/seed_101/bandpass_n20005_cLL_V4_electrode_s15.npz,76448,70f4da41ad996711352a7da83d2638610d115f8e916d2794b57cdf28ef034a72
resnet,electrode,101,bandpass_n20005_cLL_V4_electrode_s10,phase2/results/predictions/full/electrode/resnet/seed_101/bandpass_n20005_cLL_V4_electrode_s10.npz,76341,b99024b7974979b83332d0c083f2111d4817348a7e6d46fcc591ad69906bfd5e
resnet,electrode,101,bandpass_n20005_cLL_V4_electrode_s5,phase2/results/predictions/full/electrode/resnet/seed_101/bandpass_n20005_cLL_V4_electrode_s5.npz,76126,6e759a99e6c2569f0c2ad6f515d4b989c13b2604e405b445f53a09dfedcc5f7a
resnet,electrode,101,bandpass_n20005_cLL_V4_electrode_s0,phase2/results/predictions/full/electrode/resnet/seed_101/bandpass_n20005_cLL_V4_electrode_s0.npz,75469,2b93360554ccde4d69812ad97c0e3a62f9de6506a121382aea2b6f1ebd0203b9
resnet,electrode,101,bandpass_n20005_cLL_V4_covariance_s20,phase2/results/predictions/full/electrode/resnet/seed_101/bandpass_n20005_cLL_V4_covariance_s20.npz,76472,828f99507f2637ccc1a4d2a9722e7556ca3078b95b42cfe266af0b2c322575df
resnet,electrode,101,bandpass_n20005_cLL_V4_covariance_s15,phase2/results/predictions/full/electrode/resnet/seed_101/bandpass_n20005_cLL_V4_covariance_s15.npz,76478,96e6faa488c96a50aeff01aa4db51fee8bb0948b1872fceb1fa611ab7d4982c5
resnet,electrode,101,bandpass_n20005_cLL_V4_covariance_s10,phase2/results/predictions/full/electrode/resnet/seed_101/bandpass_n20005_cLL_V4_covariance_s10.npz,76377,0b045f53fac5dd973914b8b02597fccbb3f7b9f7f790d8413630c1ae1bd6374c
resnet,electrode,101,bandpass_n20005_cLL_V4_covariance_s5,phase2/results/predictions/full/electrode/resnet/seed_101/bandpass_n20005_cLL_V4_covariance_s5.npz,76126,8478ede943e733ddb284ed10e242805300b6d697a3d34984d408216441629aee
resnet,electrode,101,bandpass_n20005_cLL_V4_covariance_s0,phase2/results/predictions/full/electrode/resnet/seed_101/bandpass_n20005_cLL_V4_covariance_s0.npz,75463,d5e5cd853f6a60e814e6e689eec0d8539b30a0c3a76005b0ecf41d0342793c66
resnet,electrode,101,bandpass_n20005_cRA_LA_V1_V6_independent_rms_s20,phase2/results/predictions/full/electrode/resnet/seed_101/bandpass_n20005_cRA_LA_V1_V6_independent_rms_s20.npz,76521,35b07cc937d387fdc34012ba4cc283f466cf165697e60c0fabfbcf805850ba01
resnet,electrode,101,bandpass_n20005_cRA_LA_V1_V6_independent_rms_s15,phase2/results/predictions/full/electrode/resnet/seed_101/bandpass_n20005_cRA_LA_V1_V6_independent_rms_s15.npz,76481,998476ff2a0c774a6a316da71c2e86c9c4e818fe35fae47f8bc8aebf7973aa67
resnet,electrode,101,bandpass_n20005_cRA_LA_V1_V6_independent_rms_s10,phase2/results/predictions/full/electrode/resnet/seed_101/bandpass_n20005_cRA_LA_V1_V6_independent_rms_s10.npz,76458,7a9179966a959e6d0563f0c723359275189980b515a648a36496a5e968d42cba
resnet,electrode,101,bandpass_n20005_cRA_LA_V1_V6_independent_rms_s5,phase2/results/predictions/full/electrode/resnet/seed_101/bandpass_n20005_cRA_LA_V1_V6_independent_rms_s5.npz,76333,518831d520cfba9f182a2481472ec4133e6cf9eea654d2caa550e4007d11a921
resnet,electrode,101,bandpass_n20005_cRA_LA_V1_V6_independent_rms_s0,phase2/results/predictions/full/electrode/resnet/seed_101/bandpass_n20005_cRA_LA_V1_V6_independent_rms_s0.npz,75957,dc5c8c2e9495d10b5ffb9cc717d0ae6c0a87f3a9eda72ef711b1dfda08fea024
resnet,electrode,101,bandpass_n20005_cRA_LA_V1_V6_electrode_s20,phase2/results/predictions/full/electrode/resnet/seed_101/bandpass_n20005_cRA_LA_V1_V6_electrode_s20.npz,76483,423fadeae07fedbfc2652d775d757e5e2e1cf234a31178eb1345ada2d96571f9
resnet,electrode,101,bandpass_n20005_cRA_LA_V1_V6_electrode_s15,phase2/results/predictions/full/electrode/resnet/seed_101/bandpass_n20005_cRA_LA_V1_V6_electrode_s15.npz,76505,80d4fc0ae0eeb76484b4543a76c4c311642a1966700ad941e850cf58a044a5d7
resnet,electrode,101,bandpass_n20005_cRA_LA_V1_V6_electrode_s10,phase2/results/predictions/full/electrode/resnet/seed_101/bandpass_n20005_cRA_LA_V1_V6_electrode_s10.npz,76423,261e9f924292906cffb0e7c9ea9ce2cf1a3744daf56870c04f8bc3aa8ed4f8dd
resnet,electrode,101,bandpass_n20005_cRA_LA_V1_V6_electrode_s5,phase2/results/predictions/full/electrode/resnet/seed_101/bandpass_n20005_cRA_LA_V1_V6_electrode_s5.npz,76256,6fc01bb02a52c5f724cf7f86753b2ebc7177cc1f4e8755f607d5c9b1b12521d2
resnet,electrode,101,bandpass_n20005_cRA_LA_V1_V6_electrode_s0,phase2/results/predictions/full/electrode/resnet/seed_101/bandpass_n20005_cRA_LA_V1_V6_electrode_s0.npz,75853,81c8740f40150fc59394b5a24ef5d97ee0bfb5e7a89da393628eeec28f9a4972
resnet,electrode,101,bandpass_n20005_cRA_LA_V1_V6_covariance_s20,phase2/results/predictions/full/electrode/resnet/seed_101/bandpass_n20005_cRA_LA_V1_V6_covariance_s20.npz,76470,7e7aac7417931d1c04cf3b769823996fff27b6aef0394efaa45e67cc8b61b029
resnet,electrode,101,bandpass_n20005_cRA_LA_V1_V6_covariance_s15,phase2/results/predictions/full/electrode/resnet/seed_101/bandpass_n20005_cRA_LA_V1_V6_covariance_s15.npz,76501,aaa03cd3d7864861bea6444ecafae97ab4ab3d20e02d6868ba80336d9e25afb5
resnet,electrode,101,bandpass_n20005_cRA_LA_V1_V6_covariance_s10,phase2/results/predictions/full/electrode/resnet/seed_101/bandpass_n20005_cRA_LA_V1_V6_covariance_s10.npz,76429,f7acd453f2a29536ea60b3e21afa7e4fa09b1c1cfec988c7f0a3d6fc5f0ef9f3
resnet,electrode,101,bandpass_n20005_cRA_LA_V1_V6_covariance_s5,phase2/results/predictions/full/electrode/resnet/seed_101/bandpass_n20005_cRA_LA_V1_V6_covariance_s5.npz,76166,3ad348c07d7e84616dc25b59a83fce698594180e5bfe6c686cada09bfeef06e9
resnet,electrode,101,bandpass_n20005_cRA_LA_V1_V6_covariance_s0,phase2/results/predictions/full/electrode/resnet/seed_101/bandpass_n20005_cRA_LA_V1_V6_covariance_s0.npz,75833,b08a102f05531ae18d11900293e1483262fafaebb5ae55c4f40c5f52beae2977
resnet,electrode,101,bandpass_n20005_cRA_V2_V5_independent_rms_s20,phase2/results/predictions/full/electrode/resnet/seed_101/bandpass_n20005_cRA_V2_V5_independent_rms_s20.npz,76508,b66813c89abcb40bbad2c0e8c826cbf58edb69b4e11323a237814b8ebe5e8dc2
resnet,electrode,101,bandpass_n20005_cRA_V2_V5_independent_rms_s15,phase2/results/predictions/full/electrode/resnet/seed_101/bandpass_n20005_cRA_V2_V5_independent_rms_s15.npz,76488,33c16e02625d7e8196d8d6188545aac2e0caf3fe1a70f9346f7aa7e23ae0d71f
resnet,electrode,101,bandpass_n20005_cRA_V2_V5_independent_rms_s10,phase2/results/predictions/full/electrode/resnet/seed_101/bandpass_n20005_cRA_V2_V5_independent_rms_s10.npz,76500,fb29dc48032f8fb8aaa0df58e310ae656cd274de0f24e7c486fbfe404c698ca6
resnet,electrode,101,bandpass_n20005_cRA_V2_V5_independent_rms_s5,phase2/results/predictions/full/electrode/resnet/seed_101/bandpass_n20005_cRA_V2_V5_independent_rms_s5.npz,76351,7245e8b39d5ae2b04f743302a79e82b2234a3609af5f62595faee19d888ecfc7
resnet,electrode,101,bandpass_n20005_cRA_V2_V5_independent_rms_s0,phase2/results/predictions/full/electrode/resnet/seed_101/bandpass_n20005_cRA_V2_V5_independent_rms_s0.npz,75958,3ce54a1e75d1caa6c21424bd50633d7f9a725877613194b16ea4f93480193f8e
resnet,electrode,101,bandpass_n20005_cRA_V2_V5_electrode_s20,phase2/results/predictions/full/electrode/resnet/seed_101/bandpass_n20005_cRA_V2_V5_electrode_s20.npz,76508,51704a3851b0c826c01d429e88547b1553e504e28f2ce8b801f629f888140330
resnet,electrode,101,bandpass_n20005_cRA_V2_V5_electrode_s15,phase2/results/predictions/full/electrode/resnet/seed_101/bandpass_n20005_cRA_V2_V5_electrode_s15.npz,76485,26179a1bbe928dc794c9a5b19d419500ad4d45c7334a62b49b98da25f0e76686
resnet,electrode,101,bandpass_n20005_cRA_V2_V5_electrode_s10,phase2/results/predictions/full/electrode/resnet/seed_101/bandpass_n20005_cRA_V2_V5_electrode_s10.npz,76409,bda0b993430c0a5dce7f34f9c290f78ecaf8e5cba80c7441d2831e44106745ac
resnet,electrode,101,bandpass_n20005_cRA_V2_V5_electrode_s5,phase2/results/predictions/full/electrode/resnet/seed_101/bandpass_n20005_cRA_V2_V5_electrode_s5.npz,76231,b0864ad613bb0fa04e8dfea6bd459b53392e720c7e6c0d199794f0dd148f94fa
resnet,electrode,101,bandpass_n20005_cRA_V2_V5_electrode_s0,phase2/results/predictions/full/electrode/resnet/seed_101/bandpass_n20005_cRA_V2_V5_electrode_s0.npz,75876,94c5719e58b41706e2035a9989216b0dfdf7ffc6062c2b4583afa69177581899
resnet,electrode,101,bandpass_n20005_cRA_V2_V5_covariance_s20,phase2/results/predictions/full/electrode/resnet/seed_101/bandpass_n20005_cRA_V2_V5_covariance_s20.npz,76455,0fcdd65b8c02e38d22a5ad1f7fb744713282941ba139dd91f0722bb1cc0ced04
resnet,electrode,101,bandpass_n20005_cRA_V2_V5_covariance_s15,phase2/results/predictions/full/electrode/resnet/seed_101/bandpass_n20005_cRA_V2_V5_covariance_s15.npz,76480,527d4245145797db9d1c6102805b1828a2bfb939d74f93e3570d77c1ce552bef
resnet,electrode,101,bandpass_n20005_cRA_V2_V5_covariance_s10,phase2/results/predictions/full/electrode/resnet/seed_101/bandpass_n20005_cRA_V2_V5_covariance_s10.npz,76432,6f3be0b1f2e9e611766812a3fd8dd14977099ce1ed53744820938806e93c790a
resnet,electrode,101,bandpass_n20005_cRA_V2_V5_covariance_s5,phase2/results/predictions/full/electrode/resnet/seed_101/bandpass_n20005_cRA_V2_V5_covariance_s5.npz,76232,1fd584a1f05e2fffcdcb9d8f02172eb0c8e033fdbd086c28a84ab7484237567a
resnet,electrode,101,bandpass_n20005_cRA_V2_V5_covariance_s0,phase2/results/predictions/full/electrode/resnet/seed_101/bandpass_n20005_cRA_V2_V5_covariance_s0.npz,75889,d730c8f00283ee91bf95ec367fda5a44ecdf7e2f355af74cccfa687395c8789e
resnet,electrode,101,bandpass_n20005_cLA_V3_V6_independent_rms_s20,phase2/results/predictions/full/electrode/resnet/seed_101/bandpass_n20005_cLA_V3_V6_independent_rms_s20.npz,76522,6ccf7e3fdf6f27104b5d76894901caad1d1eef7a14706d453a9a520b68207a87
resnet,electrode,101,bandpass_n20005_cLA_V3_V6_independent_rms_s15,phase2/results/predictions/full/electrode/resnet/seed_101/bandpass_n20005_cLA_V3_V6_independent_rms_s15.npz,76520,722964c2eac5ad71fb8032647566aee4ec8b376460199170b061c7638a8adb9b
resnet,electrode,101,bandpass_n20005_cLA_V3_V6_independent_rms_s10,phase2/results/predictions/full/electrode/resnet/seed_101/bandpass_n20005_cLA_V3_V6_independent_rms_s10.npz,76461,4f2aec3d47a097565161db66e1734c944ae165b6fe239a2bc43b3412ed47639e
resnet,electrode,101,bandpass_n20005_cLA_V3_V6_independent_rms_s5,phase2/results/predictions/full/electrode/resnet/seed_101/bandpass_n20005_cLA_V3_V6_independent_rms_s5.npz,76349,a2ac144a057d01793652d7d5ee0871f4de7b01e1ed7dafc55f0221948e618e9e
resnet,electrode,101,bandpass_n20005_cLA_V3_V6_independent_rms_s0,phase2/results/predictions/full/electrode/resnet/seed_101/bandpass_n20005_cLA_V3_V6_independent_rms_s0.npz,75997,f14555a47303a1f7a095c6fb690840523c029099529cd1d5a69742d30445d786
resnet,electrode,101,bandpass_n20005_cLA_V3_V6_electrode_s20,phase2/results/predictions/full/electrode/resnet/seed_101/bandpass_n20005_cLA_V3_V6_electrode_s20.npz,76462,4a8d786cea3c31e6fc24d9b84dbe738dd3df68042a9d64c60d9bef14df68544c
resnet,electrode,101,bandpass_n20005_cLA_V3_V6_electrode_s15,phase2/results/predictions/full/electrode/resnet/seed_101/bandpass_n20005_cLA_V3_V6_electrode_s15.npz,76479,37cf738cca6873be34359fabcd02c1e9140d0667b2f407d3950ab6ca38ed25c4
resnet,electrode,101,bandpass_n20005_cLA_V3_V6_electrode_s10,phase2/results/predictions/full/electrode/resnet/seed_101/bandpass_n20005_cLA_V3_V6_electrode_s10.npz,76449,cf912df18681aa08ec5f5f7836ceb1b8491a135c3022eef9dde22a3714c196ee
resnet,electrode,101,bandpass_n20005_cLA_V3_V6_electrode_s5,phase2/results/predictions/full/electrode/resnet/seed_101/bandpass_n20005_cLA_V3_V6_electrode_s5.npz,76297,cb1ae4e53e5804b921645b1f22bf11b43a3d9439f0b7badce473441e903c53ae
resnet,electrode,101,bandpass_n20005_cLA_V3_V6_electrode_s0,phase2/results/predictions/full/electrode/resnet/seed_101/bandpass_n20005_cLA_V3_V6_electrode_s0.npz,75830,0a294c97ba0ae0b95d1711750be1b2c38aef302c8fff0f3b3eb8fb5ced63924b
resnet,electrode,101,bandpass_n20005_cLA_V3_V6_covariance_s20,phase2/results/predictions/full/electrode/resnet/seed_101/bandpass_n20005_cLA_V3_V6_covariance_s20.npz,76463,522c93b389676b213114353a5b47b002ccead5373d9ce76d727ad91994d500d9
resnet,electrode,101,bandpass_n20005_cLA_V3_V6_covariance_s15,phase2/results/predictions/full/electrode/resnet/seed_101/bandpass_n20005_cLA_V3_V6_covariance_s15.npz,76484,e1441a1150251460b4a51e080c3c45af821e175c149fed0a8aacee17c006cd26
resnet,electrode,101,bandpass_n20005_cLA_V3_V6_covariance_s10,phase2/results/predictions/full/electrode/resnet/seed_101/bandpass_n20005_cLA_V3_V6_covariance_s10.npz,76452,2024e61f7fb5f4e7e5d92420faf95748e1908c8275a319a64f37cbd3ca77e366
resnet,electrode,101,bandpass_n20005_cLA_V3_V6_covariance_s5,phase2/results/predictions/full/electrode/resnet/seed_101/bandpass_n20005_cLA_V3_V6_covariance_s5.npz,76261,f9cbd502044018e34aba08dfd200bfe7810d12617367530e126c01690bc06be5
resnet,electrode,101,bandpass_n20005_cLA_V3_V6_covariance_s0,phase2/results/predictions/full/electrode/resnet/seed_101/bandpass_n20005_cLA_V3_V6_covariance_s0.npz,75870,772c7f6a5e661022279739dea05334f4cd33284fceeff03a3fa8b9ccdc9562d1
resnet,electrode,101,bandpass_n20005_cLL_V1_V4_independent_rms_s20,phase2/results/predictions/full/electrode/resnet/seed_101/bandpass_n20005_cLL_V1_V4_independent_rms_s20.npz,76485,38559bdc84445a984a453b7f3e98380baf1e913422cc4abdc229f1150fa71bc0
resnet,electrode,101,bandpass_n20005_cLL_V1_V4_independent_rms_s15,phase2/results/predictions/full/electrode/resnet/seed_101/bandpass_n20005_cLL_V1_V4_independent_rms_s15.npz,76480,3070bb7989c43b6b166dbb5272f8dc49fc3ece428f29ec03cf588f082b9b3a56
resnet,electrode,101,bandpass_n20005_cLL_V1_V4_independent_rms_s10,phase2/results/predictions/full/electrode/resnet/seed_101/bandpass_n20005_cLL_V1_V4_independent_rms_s10.npz,76448,504bf1fa4177c646d15b5ef9b50a9c7e33ba649f65cbb93d8e10a6788d1f72ba
resnet,electrode,101,bandpass_n20005_cLL_V1_V4_independent_rms_s5,phase2/results/predictions/full/electrode/resnet/seed_101/bandpass_n20005_cLL_V1_V4_independent_rms_s5.npz,76300,5b83ec2f29f54de3bbcf5604dfe2936124046e977fd5678641f85f879b83735b
resnet,electrode,101,bandpass_n20005_cLL_V1_V4_independent_rms_s0,phase2/results/predictions/full/electrode/resnet/seed_101/bandpass_n20005_cLL_V1_V4_independent_rms_s0.npz,75838,cf4be470baf715cbce64c93cf52f3d8fbf1d3dd1f755de87c8aade5614bb5789
resnet,electrode,101,bandpass_n20005_cLL_V1_V4_electrode_s20,phase2/results/predictions/full/electrode/resnet/seed_101/bandpass_n20005_cLL_V1_V4_electrode_s20.npz,76463,2119878f52b7a5e9ecb7a56b7d9a32a12f81e2fe69ae2f69b5b02180c35f7e80
resnet,electrode,101,bandpass_n20005_cLL_V1_V4_electrode_s15,phase2/results/predictions/full/electrode/resnet/seed_101/bandpass_n20005_cLL_V1_V4_electrode_s15.npz,76477,1ab9848bc1d1c6c1ef8645a33c18a53c638460d0058c2a9e323e6b5eea4cbc23
resnet,electrode,101,bandpass_n20005_cLL_V1_V4_electrode_s10,phase2/results/predictions/full/electrode/resnet/seed_101/bandpass_n20005_cLL_V1_V4_electrode_s10.npz,76377,da5e03bb85a2bef1acb24a24ae20cbc9f24438610660afe203f522805bc99c3d
resnet,electrode,101,bandpass_n20005_cLL_V1_V4_electrode_s5,phase2/results/predictions/full/electrode/resnet/seed_101/bandpass_n20005_cLL_V1_V4_electrode_s5.npz,76149,ed3dc8e044935f69fcd42c58ce5726812935fefc4abde3d034aeba165ee6bead
resnet,electrode,101,bandpass_n20005_cLL_V1_V4_electrode_s0,phase2/results/predictions/full/electrode/resnet/seed_101/bandpass_n20005_cLL_V1_V4_electrode_s0.npz,75470,432e1a43aa3e2e1737340450b64be484d0a3be8a584aafba8a51fe9f1371fdca
resnet,electrode,101,bandpass_n20005_cLL_V1_V4_covariance_s20,phase2/results/predictions/full/electrode/resnet/seed_101/bandpass_n20005_cLL_V1_V4_covariance_s20.npz,76478,d848026a910832ac547c6ee2e5f5ab0475d8c28318d2f9a6aab99e9128fb02f4
resnet,electrode,101,bandpass_n20005_cLL_V1_V4_covariance_s15,phase2/results/predictions/full/electrode/resnet/seed_101/bandpass_n20005_cLL_V1_V4_covariance_s15.npz,76463,014d8531636b5291c837eef3e91bb9935656b0654b9b04b5c46d44682dabce7d
resnet,electrode,101,bandpass_n20005_cLL_V1_V4_covariance_s10,phase2/results/predictions/full/electrode/resnet/seed_101/bandpass_n20005_cLL_V1_V4_covariance_s10.npz,76434,52c97414fc48e0d8e3588c21ba037fe79e937bb730030c5628df908c4e1f2e04
resnet,electrode,101,bandpass_n20005_cLL_V1_V4_covariance_s5,phase2/results/predictions/full/electrode/resnet/seed_101/bandpass_n20005_cLL_V1_V4_covariance_s5.npz,76135,b64ffef04dd494b4a4542290094d24847cf9e72f1e7fcce02ee9675fb56738ca
resnet,electrode,101,bandpass_n20005_cLL_V1_V4_covariance_s0,phase2/results/predictions/full/electrode/resnet/seed_101/bandpass_n20005_cLL_V1_V4_covariance_s0.npz,75488,3544abd2278890b7acb1b77fd2bce10237529d729ae1178a8f8b8e98cdc850c3
resnet,electrode,101,bandpass_n20005_call_independent_rms_s20,phase2/results/predictions/full/electrode/resnet/seed_101/bandpass_n20005_call_independent_rms_s20.npz,76477,96a5adb138a1fbd52bd3dcd8fa71b076c34a5f05f3709c8b466dc9ffe9b6bcd1
resnet,electrode,101,bandpass_n20005_call_independent_rms_s15,phase2/results/predictions/full/electrode/resnet/seed_101/bandpass_n20005_call_independent_rms_s15.npz,76464,b2209c2e8c9a4349e6482bf2cb9105e23418ff0580030a45ee750955c193b772
resnet,electrode,101,bandpass_n20005_call_independent_rms_s10,phase2/results/predictions/full/electrode/resnet/seed_101/bandpass_n20005_call_independent_rms_s10.npz,76440,72c0e1e91abdadfa9df639d5d6678b7afacc1b120a0a6fba70e4edeb86af7356
resnet,electrode,101,bandpass_n20005_call_independent_rms_s5,phase2/results/predictions/full/electrode/resnet/seed_101/bandpass_n20005_call_independent_rms_s5.npz,76292,6bda6ff667725e39148b6b685e2bcd6994e23fc0c863d75a3d8f403029771118
resnet,electrode,101,bandpass_n20005_call_independent_rms_s0,phase2/results/predictions/full/electrode/resnet/seed_101/bandpass_n20005_call_independent_rms_s0.npz,75871,8940ae1cc6ba0164dbe695656626a99fb19f995761e694ba5616a8ff8b9cef05
resnet,electrode,101,bandpass_n20005_call_electrode_s20,phase2/results/predictions/full/electrode/resnet/seed_101/bandpass_n20005_call_electrode_s20.npz,76457,751c4c2c164569473d8503843a317bf31147a42d8c784e7a2b4ea0d6840e735b
resnet,electrode,101,bandpass_n20005_call_electrode_s15,phase2/results/predictions/full/electrode/resnet/seed_101/bandpass_n20005_call_electrode_s15.npz,76433,a3a7cc77fd6e90fbb2e986608e44e0eeec168e04e0ad6ba6f84b09a54f781cdb
resnet,electrode,101,bandpass_n20005_call_electrode_s10,phase2/results/predictions/full/electrode/resnet/seed_101/bandpass_n20005_call_electrode_s10.npz,76413,e22107bcfb2ba6158e409850fe004f7af37d89d0659ae48a45eabe26ed73bfeb
resnet,electrode,101,bandpass_n20005_call_electrode_s5,phase2/results/predictions/full/electrode/resnet/seed_101/bandpass_n20005_call_electrode_s5.npz,76179,5bfe4ce9ae1134e0b9206011b41bf51751926e9cfb55d0207caa25d8d3867289
resnet,electrode,101,bandpass_n20005_call_electrode_s0,phase2/results/predictions/full/electrode/resnet/seed_101/bandpass_n20005_call_electrode_s0.npz,75694,afb8f665aac5e7e2f8f822833de35b7dc9d6a7f3dc239e43c82121a02f4ffbf8
resnet,electrode,101,bandpass_n20005_call_covariance_s20,phase2/results/predictions/full/electrode/resnet/seed_101/bandpass_n20005_call_covariance_s20.npz,76475,71583e6e73c40efca4c0e6c3316135831b1ec2aae106aea3878f3f4369814cc6
resnet,electrode,101,bandpass_n20005_call_covariance_s15,phase2/results/predictions/full/electrode/resnet/seed_101/bandpass_n20005_call_covariance_s15.npz,76461,2ff8d1b0a768910873aa194a1a8a376c17d106b8105b9a6819e69e1de8d5378a
resnet,electrode,101,bandpass_n20005_call_covariance_s10,phase2/results/predictions/full/electrode/resnet/seed_101/bandpass_n20005_call_covariance_s10.npz,76393,32077804cbe6d4fae6733b2fa0cdb5e56f9e77ccdd07646d1d8343cf1818a9a4
resnet,electrode,101,bandpass_n20005_call_covariance_s5,phase2/results/predictions/full/electrode/resnet/seed_101/bandpass_n20005_call_covariance_s5.npz,76177,5a15ee2b88b9ff8c6b8262df5736abb99fa72285547463094eb73a9f99288380
resnet,electrode,101,bandpass_n20005_call_covariance_s0,phase2/results/predictions/full/electrode/resnet/seed_101/bandpass_n20005_call_covariance_s0.npz,75660,bd500f6acf3d5fd5bc6cd629c76d2d5f0800584c66638239082b841c5da2937e
resnet,electrode,101,bw_n20001_call_independent_rms_s20,phase2/results/predictions/full/electrode/resnet/seed_101/bw_n20001_call_independent_rms_s20.npz,76462,5e9b585f45b011808f097bd4076578102cff87504fbe3ce5b594b862e9e78db5
resnet,electrode,101,bw_n20001_call_independent_rms_s10,phase2/results/predictions/full/electrode/resnet/seed_101/bw_n20001_call_independent_rms_s10.npz,76456,620c4445d2919f1c6e4c164d6f9a014cd42e0b2ab81a94ed772828bbd7afce99
resnet,electrode,101,bw_n20001_call_independent_rms_s0,phase2/results/predictions/full/electrode/resnet/seed_101/bw_n20001_call_independent_rms_s0.npz,76213,28a6bfd2e32e26df4facb7e734a3a9f9bbe403f5137d5a8ad3ef5258124beab2
resnet,electrode,101,bw_n20001_call_electrode_s20,phase2/results/predictions/full/electrode/resnet/seed_101/bw_n20001_call_electrode_s20.npz,76432,3c6cb43e0432b6e03a5e6889ce81590524f13c8d9c51b2ca6fb7998c5037216c
resnet,electrode,101,bw_n20001_call_electrode_s10,phase2/results/predictions/full/electrode/resnet/seed_101/bw_n20001_call_electrode_s10.npz,76366,2cbf42592bd6e18ca87e85f3257b8ec4b19ec6409b0cf7cc48c0e172d5828b23
resnet,electrode,101,bw_n20001_call_electrode_s0,phase2/results/predictions/full/electrode/resnet/seed_101/bw_n20001_call_electrode_s0.npz,76181,85ebeebaca7d99623ad79f7108898845c989624601a244a7e6431d0df513eff5
resnet,electrode,101,bw_n20001_call_covariance_s20,phase2/results/predictions/full/electrode/resnet/seed_101/bw_n20001_call_covariance_s20.npz,76447,8b9f8beef789dcb6331273435d7e8ac6d8c4169e096a83b635147aa09dc6bc5e
resnet,electrode,101,bw_n20001_call_covariance_s10,phase2/results/predictions/full/electrode/resnet/seed_101/bw_n20001_call_covariance_s10.npz,76418,2f76605a0332ff191f8dcc3196e1000c59509fc7d012bd04f36c8d39dc607b58
resnet,electrode,101,bw_n20001_call_covariance_s0,phase2/results/predictions/full/electrode/resnet/seed_101/bw_n20001_call_covariance_s0.npz,76181,4e3be85ae9e614be3ea510d04c09b93317235565714e8ab0448c75a0e47c2641
resnet,electrode,101,bw_n20002_call_independent_rms_s20,phase2/results/predictions/full/electrode/resnet/seed_101/bw_n20002_call_independent_rms_s20.npz,76439,07bbfc7b33c1112171b0925d3222666cbcf4191c99998318e388816f71d412a9
resnet,electrode,101,bw_n20002_call_independent_rms_s10,phase2/results/predictions/full/electrode/resnet/seed_101/bw_n20002_call_independent_rms_s10.npz,76447,4478200117a1245c486810746bb67ec8d9f1bfeb2f4ad3954a0b2406f08bcd99
resnet,electrode,101,bw_n20002_call_independent_rms_s0,phase2/results/predictions/full/electrode/resnet/seed_101/bw_n20002_call_independent_rms_s0.npz,76217,11e7365c36b7a46d7bc1914f15c1da794c5607b147381a0c1c73a72b20216d67
resnet,electrode,101,bw_n20002_call_electrode_s20,phase2/results/predictions/full/electrode/resnet/seed_101/bw_n20002_call_electrode_s20.npz,76441,02cd1fb646d274ec58eeaec61bcfa5034005efc9298c626ddf28a9c19302814d
resnet,electrode,101,bw_n20002_call_electrode_s10,phase2/results/predictions/full/electrode/resnet/seed_101/bw_n20002_call_electrode_s10.npz,76399,502380ddf7103a9b96f03d15873daab2eaaed2163a4822acd5e8ffc3ce08bbc7
resnet,electrode,101,bw_n20002_call_electrode_s0,phase2/results/predictions/full/electrode/resnet/seed_101/bw_n20002_call_electrode_s0.npz,76130,4dfbfc92c153cfe349c6e0862146af641fb9ee12efb5920c91948b9588dd8777
resnet,electrode,101,bw_n20002_call_covariance_s20,phase2/results/predictions/full/electrode/resnet/seed_101/bw_n20002_call_covariance_s20.npz,76462,730d3b446dc0608e3e84c8d0418acf4981a8e1b35a87be59b3b4c5cfa4807e8d
resnet,electrode,101,bw_n20002_call_covariance_s10,phase2/results/predictions/full/electrode/resnet/seed_101/bw_n20002_call_covariance_s10.npz,76386,4fbb3198afc80b83c7923ccb334604e9070614985cbcc5e0a5575c230563b58e
resnet,electrode,101,bw_n20002_call_covariance_s0,phase2/results/predictions/full/electrode/resnet/seed_101/bw_n20002_call_covariance_s0.npz,76170,c566ac0b3269a68bc63fe042de661056fc00725cf783c32af54c1bf40981bfdb
resnet,electrode,101,bw_n20003_call_independent_rms_s20,phase2/results/predictions/full/electrode/resnet/seed_101/bw_n20003_call_independent_rms_s20.npz,76448,1b5f920326c1805e3d6d876abb6bffeb1f970b6983352e86b748e475f748e64d
resnet,electrode,101,bw_n20003_call_independent_rms_s10,phase2/results/predictions/full/electrode/resnet/seed_101/bw_n20003_call_independent_rms_s10.npz,76450,dd5b71735fa091243895e68550a35ec9bf90a0589e688a2bd7f6c81c2a4e8fc6
resnet,electrode,101,bw_n20003_call_independent_rms_s0,phase2/results/predictions/full/electrode/resnet/seed_101/bw_n20003_call_independent_rms_s0.npz,76234,95e459c8761a68ee3987b4a0c4f1578204497f534533eb3ac662f9f7718204a5
resnet,electrode,101,bw_n20003_call_electrode_s20,phase2/results/predictions/full/electrode/resnet/seed_101/bw_n20003_call_electrode_s20.npz,76456,1770a772e05f233333d13d35a6a982bf17e268a35041c27ebd6d60cec53ed17c
resnet,electrode,101,bw_n20003_call_electrode_s10,phase2/results/predictions/full/electrode/resnet/seed_101/bw_n20003_call_electrode_s10.npz,76412,1bf19de2d1c10dc45640c6694307937507560edc377bfaff18169c8f50b7b483
resnet,electrode,101,bw_n20003_call_electrode_s0,phase2/results/predictions/full/electrode/resnet/seed_101/bw_n20003_call_electrode_s0.npz,76163,314fc1dfb7f887e49738bdd45995db4e370b53c4d8f505e2617a96de1e8aaca6
resnet,electrode,101,bw_n20003_call_covariance_s20,phase2/results/predictions/full/electrode/resnet/seed_101/bw_n20003_call_covariance_s20.npz,76416,b2ee1170b442ec27bb09b22dadb3fbc4388364742d413b410a207ed7af60f948
resnet,electrode,101,bw_n20003_call_covariance_s10,phase2/results/predictions/full/electrode/resnet/seed_101/bw_n20003_call_covariance_s10.npz,76388,eb0f8865dab19858c2aa20c00526beb2b169786251829d65af9fde8a5e0b144c
resnet,electrode,101,bw_n20003_call_covariance_s0,phase2/results/predictions/full/electrode/resnet/seed_101/bw_n20003_call_covariance_s0.npz,76190,6f392f7452c05ab3818681b3a7762689df759f22ec01e86b29b1f0cb2340f292
resnet,electrode,101,bw_n20004_call_independent_rms_s20,phase2/results/predictions/full/electrode/resnet/seed_101/bw_n20004_call_independent_rms_s20.npz,76457,fc98883ce901d703fc7e5094bf82d60a3a905670716780134c343763d7e70c31
resnet,electrode,101,bw_n20004_call_independent_rms_s10,phase2/results/predictions/full/electrode/resnet/seed_101/bw_n20004_call_independent_rms_s10.npz,76463,854bd939de55c1d7a8ec7e9b13c79857334d15bfa3afe868cd091627995a9e7b
resnet,electrode,101,bw_n20004_call_independent_rms_s0,phase2/results/predictions/full/electrode/resnet/seed_101/bw_n20004_call_independent_rms_s0.npz,76216,67f3f864b6a9c23a9ce887dc0f442d5583831539b810233153228ab9e78aa847
resnet,electrode,101,bw_n20004_call_electrode_s20,phase2/results/predictions/full/electrode/resnet/seed_101/bw_n20004_call_electrode_s20.npz,76455,c35d668eae3a5cbb5cd31f3b1a0469bd14463ba160eeb2a6bae423612f05d2b6
resnet,electrode,101,bw_n20004_call_electrode_s10,phase2/results/predictions/full/electrode/resnet/seed_101/bw_n20004_call_electrode_s10.npz,76408,b0f8f221f7a7bf67d37ec24213a03639cf8b004e109e67f692b3dab3dcfc8168
resnet,electrode,101,bw_n20004_call_electrode_s0,phase2/results/predictions/full/electrode/resnet/seed_101/bw_n20004_call_electrode_s0.npz,76168,c2d46f4207b836e912691f2db7c62e5e0e7a56474b33eb0f8fe0ff0a081465a9
resnet,electrode,101,bw_n20004_call_covariance_s20,phase2/results/predictions/full/electrode/resnet/seed_101/bw_n20004_call_covariance_s20.npz,76423,08561cb00e278c4ec6fff42fa3f6a43bd021c1d7bbd0fe8b400884f3e3dee504
resnet,electrode,101,bw_n20004_call_covariance_s10,phase2/results/predictions/full/electrode/resnet/seed_101/bw_n20004_call_covariance_s10.npz,76442,ba9109fb7c9b9e7ea1bf438bd5cbba04222cca50d0fdfd7a6ce79ec6870f90bf
resnet,electrode,101,bw_n20004_call_covariance_s0,phase2/results/predictions/full/electrode/resnet/seed_101/bw_n20004_call_covariance_s0.npz,76148,5f3455bcfd0ce5dce926c7f9e57d37fd2e58ce00b56b493224c2274327672c6f
resnet,electrode,101,bw_n20005_call_independent_rms_s20,phase2/results/predictions/full/electrode/resnet/seed_101/bw_n20005_call_independent_rms_s20.npz,76457,0d8b0cc86677905877bfb81089d3aead1354c2797041edd13bf657e48388dd73
resnet,electrode,101,bw_n20005_call_independent_rms_s10,phase2/results/predictions/full/electrode/resnet/seed_101/bw_n20005_call_independent_rms_s10.npz,76418,db1eb4f12d59dce9b8433d9c9b2e53958a32490ec2b22f629b4a2a763b216dc6
resnet,electrode,101,bw_n20005_call_independent_rms_s0,phase2/results/predictions/full/electrode/resnet/seed_101/bw_n20005_call_independent_rms_s0.npz,76203,2ae12d9598ddc8097a20b404ac4dc34cf03f50ee8064e59c1e6ce482cf434ea5
resnet,electrode,101,bw_n20005_call_electrode_s20,phase2/results/predictions/full/electrode/resnet/seed_101/bw_n20005_call_electrode_s20.npz,76457,1b76d5084148925aef36e97819ed712d4a82a25cdac45c6f0a8d2ac273a4eb72
resnet,electrode,101,bw_n20005_call_electrode_s10,phase2/results/predictions/full/electrode/resnet/seed_101/bw_n20005_call_electrode_s10.npz,76374,b9ce380867a84f60d8ef629dc096d21d6a7963fde4bd0310d886fc67537ad716
resnet,electrode,101,bw_n20005_call_electrode_s0,phase2/results/predictions/full/electrode/resnet/seed_101/bw_n20005_call_electrode_s0.npz,76186,040cf2e0fd2faaa5656976dd752b610cc43b6d8c7729c475bab9332884619dad
resnet,electrode,101,bw_n20005_call_covariance_s20,phase2/results/predictions/full/electrode/resnet/seed_101/bw_n20005_call_covariance_s20.npz,76464,0a0034bdda45630070d4823fdd5915115f5e2e3d5b888536bf6694eb45338ab8
resnet,electrode,101,bw_n20005_call_covariance_s10,phase2/results/predictions/full/electrode/resnet/seed_101/bw_n20005_call_covariance_s10.npz,76408,ff2ed2c550061b118f70bd763ff1ad63c43997e37444085f2dfc358eb262ed79
resnet,electrode,101,bw_n20005_call_covariance_s0,phase2/results/predictions/full/electrode/resnet/seed_101/bw_n20005_call_covariance_s0.npz,76170,1ec91a7a481e7b5b279c2d9aaa20907dd28dcf3873e0417ec549a8f6f4e24bdb
resnet,electrode,101,ma_n20001_call_independent_rms_s20,phase2/results/predictions/full/electrode/resnet/seed_101/ma_n20001_call_independent_rms_s20.npz,76469,172d0ee5f10c684418bcd9a48f3928b229c9695e3a459f8cbe664c38ede75e5f
resnet,electrode,101,ma_n20001_call_independent_rms_s10,phase2/results/predictions/full/electrode/resnet/seed_101/ma_n20001_call_independent_rms_s10.npz,76457,c43105156373578c398a80e5d83907c98d6760a08870a294923ee64e64cacae2
resnet,electrode,101,ma_n20001_call_independent_rms_s0,phase2/results/predictions/full/electrode/resnet/seed_101/ma_n20001_call_independent_rms_s0.npz,76131,4a59ecea7568d5498399ebff31c6b843a07aa1bb9d17fc45a5b1da59fa0933e9
resnet,electrode,101,ma_n20001_call_electrode_s20,phase2/results/predictions/full/electrode/resnet/seed_101/ma_n20001_call_electrode_s20.npz,76471,9d56bd4b541f7f069fd3b89e119402efe2425c575292cce340091016ba3b2d1f
resnet,electrode,101,ma_n20001_call_electrode_s10,phase2/results/predictions/full/electrode/resnet/seed_101/ma_n20001_call_electrode_s10.npz,76408,5fa23d28cd1762f16e31fa87ae58453353f677976c6237a760ff8765012ab525
resnet,electrode,101,ma_n20001_call_electrode_s0,phase2/results/predictions/full/electrode/resnet/seed_101/ma_n20001_call_electrode_s0.npz,76131,b8a35ca87145dcbb20051218472dbec093f222075dce00a673156ad1ae988719
resnet,electrode,101,ma_n20001_call_covariance_s20,phase2/results/predictions/full/electrode/resnet/seed_101/ma_n20001_call_covariance_s20.npz,76441,d830251b14d91c5ac2a324bc1666d9bb20f4a51edbe8552ab020caa149ee1482
resnet,electrode,101,ma_n20001_call_covariance_s10,phase2/results/predictions/full/electrode/resnet/seed_101/ma_n20001_call_covariance_s10.npz,76399,bf1073decb95b27f49fc9b852c522d8e1a9496e17f28bdbd50469e9182b58451
resnet,electrode,101,ma_n20001_call_covariance_s0,phase2/results/predictions/full/electrode/resnet/seed_101/ma_n20001_call_covariance_s0.npz,76123,4db12014aace6e96ec4632483d6bdcc78a7e52b76d5239cedfe04ba7cec91972
resnet,electrode,101,ma_n20002_call_independent_rms_s20,phase2/results/predictions/full/electrode/resnet/seed_101/ma_n20002_call_independent_rms_s20.npz,76439,d04158fd48e4a4dcf811131b83b6ef51c90a4ea0b4a54d2bc181694e0febff2d
resnet,electrode,101,ma_n20002_call_independent_rms_s10,phase2/results/predictions/full/electrode/resnet/seed_101/ma_n20002_call_independent_rms_s10.npz,76455,ca39c4a99a2835cda9de6180a749a82215cfa08ddd90cd4003587954ec2358c5
resnet,electrode,101,ma_n20002_call_independent_rms_s0,phase2/results/predictions/full/electrode/resnet/seed_101/ma_n20002_call_independent_rms_s0.npz,76144,a0896ba79a5af99147b38169a72eb00f702067db90e96899c9bf0750f10027e9
resnet,electrode,101,ma_n20002_call_electrode_s20,phase2/results/predictions/full/electrode/resnet/seed_101/ma_n20002_call_electrode_s20.npz,76449,58e7bdbeca8d3f37f64e2e507015f047cd872412bf2541b467ee06bf40c5d042
resnet,electrode,101,ma_n20002_call_electrode_s10,phase2/results/predictions/full/electrode/resnet/seed_101/ma_n20002_call_electrode_s10.npz,76421,dab59a21924d6aa713c10f11bc5a8153404e636f9ce292304e69cb9555572d2f
resnet,electrode,101,ma_n20002_call_electrode_s0,phase2/results/predictions/full/electrode/resnet/seed_101/ma_n20002_call_electrode_s0.npz,76126,6958d4e9c2a7d2507327ce1397e19d700a21f293acad5fe04d5762ffe6f1ceb7
resnet,electrode,101,ma_n20002_call_covariance_s20,phase2/results/predictions/full/electrode/resnet/seed_101/ma_n20002_call_covariance_s20.npz,76452,9defecb45d3b7d8d7c274b7d6f13f4ab21cf2b25c5c6eb1d8434cb36f8461804
resnet,electrode,101,ma_n20002_call_covariance_s10,phase2/results/predictions/full/electrode/resnet/seed_101/ma_n20002_call_covariance_s10.npz,76415,a6d22f96e25c6032c50fc03d52aa04ae9bc7200c6e4a1574e493a732c5fb39cc
resnet,electrode,101,ma_n20002_call_covariance_s0,phase2/results/predictions/full/electrode/resnet/seed_101/ma_n20002_call_covariance_s0.npz,76159,b86c0abc0c6eab66773f5cebd79ee9f211df9746386c172549ee96f612432cc0
resnet,electrode,101,ma_n20003_call_independent_rms_s20,phase2/results/predictions/full/electrode/resnet/seed_101/ma_n20003_call_independent_rms_s20.npz,76458,2380c53a50cf91e79a7645935043cd36c3235425d41b48742566428a8381e89b
resnet,electrode,101,ma_n20003_call_independent_rms_s10,phase2/results/predictions/full/electrode/resnet/seed_101/ma_n20003_call_independent_rms_s10.npz,76451,8e3fb464302434c966061d73ede92eea6e0412ad35466bdb1df9f3499b8f020b
resnet,electrode,101,ma_n20003_call_independent_rms_s0,phase2/results/predictions/full/electrode/resnet/seed_101/ma_n20003_call_independent_rms_s0.npz,76119,3aa2c42aafaed35cbbe9492fa35cff5a3a826f98b84a4b9eb031c4a4887ed251
resnet,electrode,101,ma_n20003_call_electrode_s20,phase2/results/predictions/full/electrode/resnet/seed_101/ma_n20003_call_electrode_s20.npz,76434,85718750d40e75d1b996fce851e27ba393cd61d7842c7b6563241e6ac6463d7a
resnet,electrode,101,ma_n20003_call_electrode_s10,phase2/results/predictions/full/electrode/resnet/seed_101/ma_n20003_call_electrode_s10.npz,76438,ceeae81a257c0dfafe72771e9e5344a66e5c3940b6430efef924b9fb69a829a2
resnet,electrode,101,ma_n20003_call_electrode_s0,phase2/results/predictions/full/electrode/resnet/seed_101/ma_n20003_call_electrode_s0.npz,76103,12863f4f06c840975f888dadea154e7681f198ae7750c148309221b9407e55c3
resnet,electrode,101,ma_n20003_call_covariance_s20,phase2/results/predictions/full/electrode/resnet/seed_101/ma_n20003_call_covariance_s20.npz,76448,756c4f52021ee52e7b39b522fc417fc1746a7b7b03e1f5397a3734dcb2d801b1
resnet,electrode,101,ma_n20003_call_covariance_s10,phase2/results/predictions/full/electrode/resnet/seed_101/ma_n20003_call_covariance_s10.npz,76418,f23dc851e036d24eabd79e065801880699a1a6ffdf1fd1d77227879b34a1e8ac
resnet,electrode,101,ma_n20003_call_covariance_s0,phase2/results/predictions/full/electrode/resnet/seed_101/ma_n20003_call_covariance_s0.npz,76139,e67743d94bc47af844d0eea09a75de321d2e427a1a9998542984f899a7f19d28
resnet,electrode,101,ma_n20004_call_independent_rms_s20,phase2/results/predictions/full/electrode/resnet/seed_101/ma_n20004_call_independent_rms_s20.npz,76477,0eed58e61e0a24728d57eafd2a19351d616e5d5fd0badf3d5471146f03e00550
resnet,electrode,101,ma_n20004_call_independent_rms_s10,phase2/results/predictions/full/electrode/resnet/seed_101/ma_n20004_call_independent_rms_s10.npz,76448,1f52334906f76372d70db1b0cfa27741498feb22ce03f54160a0744e604c13a5
resnet,electrode,101,ma_n20004_call_independent_rms_s0,phase2/results/predictions/full/electrode/resnet/seed_101/ma_n20004_call_independent_rms_s0.npz,76168,0d9c678f7344b5c6d322e2668145e4170e41efd9d34a34bc89411301bea55a8b
resnet,electrode,101,ma_n20004_call_electrode_s20,phase2/results/predictions/full/electrode/resnet/seed_101/ma_n20004_call_electrode_s20.npz,76423,6fb06cd9ab374f66055b6803e59106ac550b6df0f4d389ba69c3ac37298d8df0
resnet,electrode,101,ma_n20004_call_electrode_s10,phase2/results/predictions/full/electrode/resnet/seed_101/ma_n20004_call_electrode_s10.npz,76425,151a9aac5718c2322ac6245f9326abd5c012bcbe4054b4ba548b194627800417
resnet,electrode,101,ma_n20004_call_electrode_s0,phase2/results/predictions/full/electrode/resnet/seed_101/ma_n20004_call_electrode_s0.npz,76138,fe8cca9cd4c70045a2c325aed3f918ca8e9a6237929ee545c4759c0ba05b7030
resnet,electrode,101,ma_n20004_call_covariance_s20,phase2/results/predictions/full/electrode/resnet/seed_101/ma_n20004_call_covariance_s20.npz,76439,318f7b6ab4e2ad9353e0611c145646bd2e6c3aab45e0a448a7a0317706456ca5
resnet,electrode,101,ma_n20004_call_covariance_s10,phase2/results/predictions/full/electrode/resnet/seed_101/ma_n20004_call_covariance_s10.npz,76442,8f04ab69eff9f76b214c34b060b39bcb84513501c64d8b5632b4eb867271bfee
resnet,electrode,101,ma_n20004_call_covariance_s0,phase2/results/predictions/full/electrode/resnet/seed_101/ma_n20004_call_covariance_s0.npz,76097,28ce459072d3d22785369ac723d94b2f8d93c6e8c8ce56948ee93187a424770d
resnet,electrode,101,ma_n20005_call_independent_rms_s20,phase2/results/predictions/full/electrode/resnet/seed_101/ma_n20005_call_independent_rms_s20.npz,76475,a1bd60e300945c0bc218780a7678a39c239a74ddf8750e2e835dda5468e10ade
resnet,electrode,101,ma_n20005_call_independent_rms_s10,phase2/results/predictions/full/electrode/resnet/seed_101/ma_n20005_call_independent_rms_s10.npz,76421,47c6d85436f4977e35d6d4938b4de3431d68a82433aa1ecd8f133ea9f96468db
resnet,electrode,101,ma_n20005_call_independent_rms_s0,phase2/results/predictions/full/electrode/resnet/seed_101/ma_n20005_call_independent_rms_s0.npz,76168,52d5fd49398342fa98523c7cdd1c1b3b0717ab2a5db147549633427537b193f5
resnet,electrode,101,ma_n20005_call_electrode_s20,phase2/results/predictions/full/electrode/resnet/seed_101/ma_n20005_call_electrode_s20.npz,76403,9c76045918bc595d74a3e6a22735b18918d6221edd4f1dbcece6f99e4826937b
resnet,electrode,101,ma_n20005_call_electrode_s10,phase2/results/predictions/full/electrode/resnet/seed_101/ma_n20005_call_electrode_s10.npz,76391,a5d4d426a10a8b54973c65a36916c5175b982de8e616c9ddc5e5ebe3a4cf3b83
resnet,electrode,101,ma_n20005_call_electrode_s0,phase2/results/predictions/full/electrode/resnet/seed_101/ma_n20005_call_electrode_s0.npz,76128,776759dff27770b5480a32e8595c52368ac86d9cc8c5d3f776629244e60231c6
resnet,electrode,101,ma_n20005_call_covariance_s20,phase2/results/predictions/full/electrode/resnet/seed_101/ma_n20005_call_covariance_s20.npz,76437,d5bceacfd58876f861c16c6e66f2bf4c26becf94337f7de3cbc66b0dd4456b60
resnet,electrode,101,ma_n20005_call_covariance_s10,phase2/results/predictions/full/electrode/resnet/seed_101/ma_n20005_call_covariance_s10.npz,76426,9ad29bc3a5ce3f8d31dae7dd45518f1f1ceda580a14eea71cd4a15727b6f5aa4
resnet,electrode,101,ma_n20005_call_covariance_s0,phase2/results/predictions/full/electrode/resnet/seed_101/ma_n20005_call_covariance_s0.npz,76116,55b0278856d051d24e82fcd6faeb499b9728840e88a98d36d84545f8303fc50a
resnet,electrode,101,em_n20001_call_independent_rms_s20,phase2/results/predictions/full/electrode/resnet/seed_101/em_n20001_call_independent_rms_s20.npz,76430,a414724971f6d66d89eec06f4f43f108d93b87f57b5620e64dcc71c60a6df364
resnet,electrode,101,em_n20001_call_independent_rms_s10,phase2/results/predictions/full/electrode/resnet/seed_101/em_n20001_call_independent_rms_s10.npz,76411,57faccd6ce6c42edb64de30a71667d2596e3ff50156125648c94daf48590ccbc
resnet,electrode,101,em_n20001_call_independent_rms_s0,phase2/results/predictions/full/electrode/resnet/seed_101/em_n20001_call_independent_rms_s0.npz,76000,9556aef59a0aa6d2ad7df16c1710800a1ef6f78cce234657c50fe637a9e21816
resnet,electrode,101,em_n20001_call_electrode_s20,phase2/results/predictions/full/electrode/resnet/seed_101/em_n20001_call_electrode_s20.npz,76418,d1339816636b36c6a29b1ea933cf3bb8f6c2aca47e1295f2db3b096af0692a44
resnet,electrode,101,em_n20001_call_electrode_s10,phase2/results/predictions/full/electrode/resnet/seed_101/em_n20001_call_electrode_s10.npz,76287,502c9cb42a8a0a925e84272442280848aa92a36aeefd8214d722e4dbe1b2e404
resnet,electrode,101,em_n20001_call_electrode_s0,phase2/results/predictions/full/electrode/resnet/seed_101/em_n20001_call_electrode_s0.npz,75772,402219baadf04cca8dfbda246bc4be9b785ef0f8570d82a0eebc90f5ffbeabc1
resnet,electrode,101,em_n20001_call_covariance_s20,phase2/results/predictions/full/electrode/resnet/seed_101/em_n20001_call_covariance_s20.npz,76433,608f12e3f8f94022dbb006157ccee7cd5698d916e51c293b8fc7acb13ff9127e
resnet,electrode,101,em_n20001_call_covariance_s10,phase2/results/predictions/full/electrode/resnet/seed_101/em_n20001_call_covariance_s10.npz,76328,50a04a1e7462d6927ddc1344a664d67774547ab823b9b109d59dbd7a1ab3ce81
resnet,electrode,101,em_n20001_call_covariance_s0,phase2/results/predictions/full/electrode/resnet/seed_101/em_n20001_call_covariance_s0.npz,75773,5731e484785f351bfb52a860bb444ebe6c9a4997a9588d66b010dff49b8e80cb
resnet,electrode,101,em_n20002_call_independent_rms_s20,phase2/results/predictions/full/electrode/resnet/seed_101/em_n20002_call_independent_rms_s20.npz,76437,997287a0f132373efe098431af7b7792798235bcc06c557fd360f836bbb10d7f
resnet,electrode,101,em_n20002_call_independent_rms_s10,phase2/results/predictions/full/electrode/resnet/seed_101/em_n20002_call_independent_rms_s10.npz,76398,66b4d0283e3f6a4ada5546809d7703013fac6d9ff4f8effc21a627a825440810
resnet,electrode,101,em_n20002_call_independent_rms_s0,phase2/results/predictions/full/electrode/resnet/seed_101/em_n20002_call_independent_rms_s0.npz,75974,600fd86f8896d149b780415797e2a82168e4de145273364e1db0eed03ec4b013
resnet,electrode,101,em_n20002_call_electrode_s20,phase2/results/predictions/full/electrode/resnet/seed_101/em_n20002_call_electrode_s20.npz,76406,20794953c1164e8951e63ce5689ff5b13dbc26738dfddae9fd05f584281a424e
resnet,electrode,101,em_n20002_call_electrode_s10,phase2/results/predictions/full/electrode/resnet/seed_101/em_n20002_call_electrode_s10.npz,76329,ece9e4aa528de0593304f88cf65e2da7b828c499ffebf778622ed9eb224f2a0c
resnet,electrode,101,em_n20002_call_electrode_s0,phase2/results/predictions/full/electrode/resnet/seed_101/em_n20002_call_electrode_s0.npz,75747,1f33cb385c8b0541c5b273b4e6bfb00bede961e9d13d5eb171a79701d59244d6
resnet,electrode,101,em_n20002_call_covariance_s20,phase2/results/predictions/full/electrode/resnet/seed_101/em_n20002_call_covariance_s20.npz,76436,30c4bc80127347a6955261cca4766fdb059defb98988dd3a98e5adda83f3ae7c
resnet,electrode,101,em_n20002_call_covariance_s10,phase2/results/predictions/full/electrode/resnet/seed_101/em_n20002_call_covariance_s10.npz,76293,bc7b4a88d1569300bf69833ad477e02281a09e625028bd9b51924670e7878577
resnet,electrode,101,em_n20002_call_covariance_s0,phase2/results/predictions/full/electrode/resnet/seed_101/em_n20002_call_covariance_s0.npz,75707,fd1f9950cd3ee0cb7a48192eae9d339088c908487bd8aba41aa192e7b25c72de
resnet,electrode,101,em_n20003_call_independent_rms_s20,phase2/results/predictions/full/electrode/resnet/seed_101/em_n20003_call_independent_rms_s20.npz,76433,b06738feb69282621ea302ae273a0e28e41dca5a2379f8c07c5eedf8586e75a6
resnet,electrode,101,em_n20003_call_independent_rms_s10,phase2/results/predictions/full/electrode/resnet/seed_101/em_n20003_call_independent_rms_s10.npz,76428,d9815d494dc6c626802752c0f01fe402642a7bcba178860a304eefb435d32b87
resnet,electrode,101,em_n20003_call_independent_rms_s0,phase2/results/predictions/full/electrode/resnet/seed_101/em_n20003_call_independent_rms_s0.npz,76000,a612f1c940a0d0c07e7a195dc908a21f1cb5b477f0f37e558915b3d3b6404170
resnet,electrode,101,em_n20003_call_electrode_s20,phase2/results/predictions/full/electrode/resnet/seed_101/em_n20003_call_electrode_s20.npz,76443,c9874acc5a493ee6a623edb38dc8e84b084e71eb087ea3a8afa032145701cdca
resnet,electrode,101,em_n20003_call_electrode_s10,phase2/results/predictions/full/electrode/resnet/seed_101/em_n20003_call_electrode_s10.npz,76296,fba15db30ac003cd2b7b4dc30edad4866bb3ecc23dad29ab40397fe737ad92ee
resnet,electrode,101,em_n20003_call_electrode_s0,phase2/results/predictions/full/electrode/resnet/seed_101/em_n20003_call_electrode_s0.npz,75726,d266484c99993e39668fa242f2b86fc2968fe155a5548adfe101fbac3e3d349e
resnet,electrode,101,em_n20003_call_covariance_s20,phase2/results/predictions/full/electrode/resnet/seed_101/em_n20003_call_covariance_s20.npz,76408,d40fe31c04c73c6d440ab3317e7ac757ef2785120219a44b65d99faadb575d2a
resnet,electrode,101,em_n20003_call_covariance_s10,phase2/results/predictions/full/electrode/resnet/seed_101/em_n20003_call_covariance_s10.npz,76313,95efb2fb53436ac190f0df6bafd9aaa20981ad8fbc5d2ac4f590810c8f43bb30
resnet,electrode,101,em_n20003_call_covariance_s0,phase2/results/predictions/full/electrode/resnet/seed_101/em_n20003_call_covariance_s0.npz,75733,a689f409c9cc2b967fb6affe64771d2bf67a5adaf38682dce7b18da2d960dc9c
resnet,electrode,101,em_n20004_call_independent_rms_s20,phase2/results/predictions/full/electrode/resnet/seed_101/em_n20004_call_independent_rms_s20.npz,76443,05f7fe719701581afa18cc1f0ed62812ee003c618d1695716023e1f1d8d306d6
resnet,electrode,101,em_n20004_call_independent_rms_s10,phase2/results/predictions/full/electrode/resnet/seed_101/em_n20004_call_independent_rms_s10.npz,76398,e391e9c612b013dc73480b9c12eb1d0e2b1c585fd74369e04c245787a384b988
resnet,electrode,101,em_n20004_call_independent_rms_s0,phase2/results/predictions/full/electrode/resnet/seed_101/em_n20004_call_independent_rms_s0.npz,75977,a37bb72cccc7e69afbbc8e849f754cb2aff822e1d45f24528a792423c664efec
resnet,electrode,101,em_n20004_call_electrode_s20,phase2/results/predictions/full/electrode/resnet/seed_101/em_n20004_call_electrode_s20.npz,76449,57f1fc4b9751c0c5140d721fa1bc6e8e6259a5d3df2a2f88860fbde10026f7af
resnet,electrode,101,em_n20004_call_electrode_s10,phase2/results/predictions/full/electrode/resnet/seed_101/em_n20004_call_electrode_s10.npz,76307,4b8754d21c522c9105a522af9a64bca6402d8559ee462fdc879b097030fce85b
resnet,electrode,101,em_n20004_call_electrode_s0,phase2/results/predictions/full/electrode/resnet/seed_101/em_n20004_call_electrode_s0.npz,75745,97904e074d931fbe84697c96ab747d3af00199d4f96e606196e5d0739e47acf8
resnet,electrode,101,em_n20004_call_covariance_s20,phase2/results/predictions/full/electrode/resnet/seed_101/em_n20004_call_covariance_s20.npz,76428,2a390104c479161331c7eaa2e09c32d7499a6811bb2b7633c7c9d3054889c9e3
resnet,electrode,101,em_n20004_call_covariance_s10,phase2/results/predictions/full/electrode/resnet/seed_101/em_n20004_call_covariance_s10.npz,76314,636f7a7c7d406b7b43cc6eb3e857d51654b931e37776a5a9b4999f0ebd799bb2
resnet,electrode,101,em_n20004_call_covariance_s0,phase2/results/predictions/full/electrode/resnet/seed_101/em_n20004_call_covariance_s0.npz,75748,36e0e45307dcad56e496be7c972daf39b7eb2d04331e1f22e055628e24cdc8b6
resnet,electrode,101,em_n20005_call_independent_rms_s20,phase2/results/predictions/full/electrode/resnet/seed_101/em_n20005_call_independent_rms_s20.npz,76457,701af6d4fab0c3717017583804295019875d92a6a68f729672c168b5f93f8e15
resnet,electrode,101,em_n20005_call_independent_rms_s10,phase2/results/predictions/full/electrode/resnet/seed_101/em_n20005_call_independent_rms_s10.npz,76357,006473f2d57d94ecbe5201d83a6ac7d376206ee2e3d542e36c256a97fbb3dea4
resnet,electrode,101,em_n20005_call_independent_rms_s0,phase2/results/predictions/full/electrode/resnet/seed_101/em_n20005_call_independent_rms_s0.npz,75980,2dbac47c237a601d490656023bf77f6cb24e6d5991508798ff832b24d82212da
resnet,electrode,101,em_n20005_call_electrode_s20,phase2/results/predictions/full/electrode/resnet/seed_101/em_n20005_call_electrode_s20.npz,76444,153c2cebf552eef8cc3699e81b8d3ce3ec3ed061a6d4c5471aba2313ecadb16a
resnet,electrode,101,em_n20005_call_electrode_s10,phase2/results/predictions/full/electrode/resnet/seed_101/em_n20005_call_electrode_s10.npz,76300,1162cac3c7d1effaf953178635425aafa8ed5fae0622a24bf96ae7299430fe29
resnet,electrode,101,em_n20005_call_electrode_s0,phase2/results/predictions/full/electrode/resnet/seed_101/em_n20005_call_electrode_s0.npz,75724,79cc1f11fa52abd15abd7248efcaad332ccf5ec81b928d2c27f7268a3e4a0bc3
resnet,electrode,101,em_n20005_call_covariance_s20,phase2/results/predictions/full/electrode/resnet/seed_101/em_n20005_call_covariance_s20.npz,76429,aa0a2559eb44a0c1b44e9847bb852c9bc74fa8be17850f1889a5d2d3e2fc1b84
resnet,electrode,101,em_n20005_call_covariance_s10,phase2/results/predictions/full/electrode/resnet/seed_101/em_n20005_call_covariance_s10.npz,76321,741dbcf072b09e7fad9a6cf3e63939a6208f0074b1678e5dd1f1f5c9addbc52d
resnet,electrode,101,em_n20005_call_covariance_s0,phase2/results/predictions/full/electrode/resnet/seed_101/em_n20005_call_covariance_s0.npz,75747,ee204bbc0219151511f82df3d563647fc9b3a4b7e1b7fe83c8eadd41c55152ef
resnet,mixed,101,clean,phase2/results/predictions/full/mixed/resnet/seed_101/clean.npz,76722,070da1f0d57d07a7b1faefaf7f3407e9138a1bf0faf977b74b2e42d2d5aa9884
resnet,mixed,101,bandpass_n20001_cRA_LA_LL_independent_rms_s20,phase2/results/predictions/full/mixed/resnet/seed_101/bandpass_n20001_cRA_LA_LL_independent_rms_s20.npz,76792,db26f27f03aa65c8c35cc0569e8fec3bb0b57ae9eb65f697d88e16c67b8b77cb
resnet,mixed,101,bandpass_n20001_cRA_LA_LL_independent_rms_s15,phase2/results/predictions/full/mixed/resnet/seed_101/bandpass_n20001_cRA_LA_LL_independent_rms_s15.npz,76770,abe147aa252290049b2d37636a97fd4199252b9e468bbe42105d67d8c3b8317c
resnet,mixed,101,bandpass_n20001_cRA_LA_LL_independent_rms_s10,phase2/results/predictions/full/mixed/resnet/seed_101/bandpass_n20001_cRA_LA_LL_independent_rms_s10.npz,76766,19ef3fa778ec32d5c307742989272382e68700b695719cbf6ac1a5491fdc4346
resnet,mixed,101,bandpass_n20001_cRA_LA_LL_independent_rms_s5,phase2/results/predictions/full/mixed/resnet/seed_101/bandpass_n20001_cRA_LA_LL_independent_rms_s5.npz,76695,1ea926e876d781134772028c97cc87f3ffcd8d255624cb5e6aa06347f8adec6e
resnet,mixed,101,bandpass_n20001_cRA_LA_LL_independent_rms_s0,phase2/results/predictions/full/mixed/resnet/seed_101/bandpass_n20001_cRA_LA_LL_independent_rms_s0.npz,76394,f95b9e02a33be87bffd2b126f469d65af31b3d9f352ac900281ebe50fc5319d9
resnet,mixed,101,bandpass_n20001_cRA_LA_LL_electrode_s20,phase2/results/predictions/full/mixed/resnet/seed_101/bandpass_n20001_cRA_LA_LL_electrode_s20.npz,76780,f029aeb1bc54aae4a5c51346a7b92eab176d80c49ccb51e2ca7e31210aab230c
resnet,mixed,101,bandpass_n20001_cRA_LA_LL_electrode_s15,phase2/results/predictions/full/mixed/resnet/seed_101/bandpass_n20001_cRA_LA_LL_electrode_s15.npz,76720,8a7edeb01be525157a93ca8371e345785831cbed4a5c2e123818581dc0782ce0
resnet,mixed,101,bandpass_n20001_cRA_LA_LL_electrode_s10,phase2/results/predictions/full/mixed/resnet/seed_101/bandpass_n20001_cRA_LA_LL_electrode_s10.npz,76708,7e8b50e42d774516bf5a23d8cbfd9db49d11d707559bb0d4b6c99a3d97d15971
resnet,mixed,101,bandpass_n20001_cRA_LA_LL_electrode_s5,phase2/results/predictions/full/mixed/resnet/seed_101/bandpass_n20001_cRA_LA_LL_electrode_s5.npz,76494,9e62961bd9807eac72a1bfd2ba9bb3cd8f0c1a3abf5f1c8b8a0d13f496e55671
resnet,mixed,101,bandpass_n20001_cRA_LA_LL_electrode_s0,phase2/results/predictions/full/mixed/resnet/seed_101/bandpass_n20001_cRA_LA_LL_electrode_s0.npz,76083,ae20798eb740c4c4319db234e5a68e2c9419fad3f8190c4c451cbc6436e3df72
resnet,mixed,101,bandpass_n20001_cRA_LA_LL_covariance_s20,phase2/results/predictions/full/mixed/resnet/seed_101/bandpass_n20001_cRA_LA_LL_covariance_s20.npz,76735,58e1b2295cdd29bb0b1a1f797cac53a690a451669ebfcf5cdf585bb95fea000a
resnet,mixed,101,bandpass_n20001_cRA_LA_LL_covariance_s15,phase2/results/predictions/full/mixed/resnet/seed_101/bandpass_n20001_cRA_LA_LL_covariance_s15.npz,76760,5c4b3d778ef76054243ad50d82ce357d8c1e96f22c0a1a543ac653d77a3649dc
resnet,mixed,101,bandpass_n20001_cRA_LA_LL_covariance_s10,phase2/results/predictions/full/mixed/resnet/seed_101/bandpass_n20001_cRA_LA_LL_covariance_s10.npz,76699,64d1ade51c96fa2bd75f57d9911c19eac0addd0ed0d5e7775edca2e419d2c131
resnet,mixed,101,bandpass_n20001_cRA_LA_LL_covariance_s5,phase2/results/predictions/full/mixed/resnet/seed_101/bandpass_n20001_cRA_LA_LL_covariance_s5.npz,76510,dcf9de6d6af42da8043e9808e0299a14206f5e4cfe2c26e68347bbe890ab5689
resnet,mixed,101,bandpass_n20001_cRA_LA_LL_covariance_s0,phase2/results/predictions/full/mixed/resnet/seed_101/bandpass_n20001_cRA_LA_LL_covariance_s0.npz,76096,f62914d8b06243f0289d69d8533f38b8dad84ca5f5e176ce1351ea9a6bfe581e
resnet,mixed,101,bandpass_n20001_cV1_independent_rms_s20,phase2/results/predictions/full/mixed/resnet/seed_101/bandpass_n20001_cV1_independent_rms_s20.npz,76755,50021c405c5c4ac670addd6a673789f38ecbf34b7a400ebeb744841ccb81892a
resnet,mixed,101,bandpass_n20001_cV1_independent_rms_s15,phase2/results/predictions/full/mixed/resnet/seed_101/bandpass_n20001_cV1_independent_rms_s15.npz,76766,eac467949da073c19d5e7e2fb0471ca039549c6fada8396145f253338dd00550
resnet,mixed,101,bandpass_n20001_cV1_independent_rms_s10,phase2/results/predictions/full/mixed/resnet/seed_101/bandpass_n20001_cV1_independent_rms_s10.npz,76717,0773ded824b50c7155815142da775e7e595fb03e4a0602d94caf0445451a8384
resnet,mixed,101,bandpass_n20001_cV1_independent_rms_s5,phase2/results/predictions/full/mixed/resnet/seed_101/bandpass_n20001_cV1_independent_rms_s5.npz,76593,cd7ded35fa1c6c671d71e776c32854203fd4b83ce2a99223c7fa3f810554e954
resnet,mixed,101,bandpass_n20001_cV1_independent_rms_s0,phase2/results/predictions/full/mixed/resnet/seed_101/bandpass_n20001_cV1_independent_rms_s0.npz,76204,336c73687e37245fa2d7ab8afda62e1fc6548cd4dd5e14e67c60f216a38a6040
resnet,mixed,101,bandpass_n20001_cV1_electrode_s20,phase2/results/predictions/full/mixed/resnet/seed_101/bandpass_n20001_cV1_electrode_s20.npz,76774,e278a73aa7ec1c6705a820594c3c0731faea03e663166d3b3c042234a0e43658
resnet,mixed,101,bandpass_n20001_cV1_electrode_s15,phase2/results/predictions/full/mixed/resnet/seed_101/bandpass_n20001_cV1_electrode_s15.npz,76739,c92bf1ca0ecd6d3838dd607ee5a04b068a80eacc4fe45b1eec6ac4d8c0b58990
resnet,mixed,101,bandpass_n20001_cV1_electrode_s10,phase2/results/predictions/full/mixed/resnet/seed_101/bandpass_n20001_cV1_electrode_s10.npz,76686,513beb9f856fa437c531d408b289fe5d1c09006604140b31fb63e67a42820caa
resnet,mixed,101,bandpass_n20001_cV1_electrode_s5,phase2/results/predictions/full/mixed/resnet/seed_101/bandpass_n20001_cV1_electrode_s5.npz,76609,af739cca2bdb0ff510b76c72326082ed59d50a4ced9660705d0325b953a6bcd0
resnet,mixed,101,bandpass_n20001_cV1_electrode_s0,phase2/results/predictions/full/mixed/resnet/seed_101/bandpass_n20001_cV1_electrode_s0.npz,76218,1c9205da4efbb1e9f01299ec7f9a4bb237b51feef569a7176198a8f53754811f
resnet,mixed,101,bandpass_n20001_cV1_covariance_s20,phase2/results/predictions/full/mixed/resnet/seed_101/bandpass_n20001_cV1_covariance_s20.npz,76727,bab4f7e98b6fcf5cdf928dc893a13a3585996a8e6fbcb65ec6812b1db8712209
resnet,mixed,101,bandpass_n20001_cV1_covariance_s15,phase2/results/predictions/full/mixed/resnet/seed_101/bandpass_n20001_cV1_covariance_s15.npz,76756,19f773c0694a470165d3cfb7a3d356b6df595e78772911017784790500130cd7
resnet,mixed,101,bandpass_n20001_cV1_covariance_s10,phase2/results/predictions/full/mixed/resnet/seed_101/bandpass_n20001_cV1_covariance_s10.npz,76687,69de6802e6eb7a863374b695ea2c90c3f4d9f5dcb173f4e6d78f827b8abc4750
resnet,mixed,101,bandpass_n20001_cV1_covariance_s5,phase2/results/predictions/full/mixed/resnet/seed_101/bandpass_n20001_cV1_covariance_s5.npz,76586,333a279861147c74ed1aaaff024007f4abb458a0c0e7d41e58c238ae22c30390
resnet,mixed,101,bandpass_n20001_cV1_covariance_s0,phase2/results/predictions/full/mixed/resnet/seed_101/bandpass_n20001_cV1_covariance_s0.npz,76170,050f15ebad2b01355c974bf888376439a5aa2d5d2b1ed6f7cb3c9ef7b0a9639f
resnet,mixed,101,bandpass_n20001_cV2_independent_rms_s20,phase2/results/predictions/full/mixed/resnet/seed_101/bandpass_n20001_cV2_independent_rms_s20.npz,76768,43eb8ee0e6d1263a3b4660c08166f039517bdfdb18ffa96a627152bda6012373
resnet,mixed,101,bandpass_n20001_cV2_independent_rms_s15,phase2/results/predictions/full/mixed/resnet/seed_101/bandpass_n20001_cV2_independent_rms_s15.npz,76779,d0b0b3eca3df3af12ff49da8fb376a1a816cf0269a3c037e6eeb4a13d766a491
resnet,mixed,101,bandpass_n20001_cV2_independent_rms_s10,phase2/results/predictions/full/mixed/resnet/seed_101/bandpass_n20001_cV2_independent_rms_s10.npz,76748,9bcd9c8edd74b14880bf287531db7dfac91b5d9fa40f8157806c530ac0256d25
resnet,mixed,101,bandpass_n20001_cV2_independent_rms_s5,phase2/results/predictions/full/mixed/resnet/seed_101/bandpass_n20001_cV2_independent_rms_s5.npz,76642,3a1f8abaf04b4b6fbbac9e9c7ed700002c300b96c9ada26ea8a81f936112097e
resnet,mixed,101,bandpass_n20001_cV2_independent_rms_s0,phase2/results/predictions/full/mixed/resnet/seed_101/bandpass_n20001_cV2_independent_rms_s0.npz,76230,b5d089e5a510d131d9cecc090fc01ac95d5c9f03012355fb8693bf548a308e1c
resnet,mixed,101,bandpass_n20001_cV2_electrode_s20,phase2/results/predictions/full/mixed/resnet/seed_101/bandpass_n20001_cV2_electrode_s20.npz,76760,a79699afa4025b8eaf90126a5dd259353d3a294396ce7ae7056793ffdb6fa8cc
resnet,mixed,101,bandpass_n20001_cV2_electrode_s15,phase2/results/predictions/full/mixed/resnet/seed_101/bandpass_n20001_cV2_electrode_s15.npz,76738,a3571fc2754e6bed731730dfce5cdc433061c03fbe3c1499a16c7bb7377242a3
resnet,mixed,101,bandpass_n20001_cV2_electrode_s10,phase2/results/predictions/full/mixed/resnet/seed_101/bandpass_n20001_cV2_electrode_s10.npz,76733,865ef2aa67eb3ea32bdc456cf398fd82940316342f570371c7e11bc3c705b9e5
resnet,mixed,101,bandpass_n20001_cV2_electrode_s5,phase2/results/predictions/full/mixed/resnet/seed_101/bandpass_n20001_cV2_electrode_s5.npz,76664,af38bd3cab44f14bee2a26505c9e943c321efb047abbe388af1ca1347d025be3
resnet,mixed,101,bandpass_n20001_cV2_electrode_s0,phase2/results/predictions/full/mixed/resnet/seed_101/bandpass_n20001_cV2_electrode_s0.npz,76245,368eff4e135195472adecd8bdac6dbae96048e80a2b6bc4098717af674ed8ad3
resnet,mixed,101,bandpass_n20001_cV2_covariance_s20,phase2/results/predictions/full/mixed/resnet/seed_101/bandpass_n20001_cV2_covariance_s20.npz,76756,592476ab8ee122540239bf3cc9e9d7f22caf723b7b9c993060b83996e0dbf7a4
resnet,mixed,101,bandpass_n20001_cV2_covariance_s15,phase2/results/predictions/full/mixed/resnet/seed_101/bandpass_n20001_cV2_covariance_s15.npz,76767,a02158c1bb6a318ef384e6575e8eff1dc12d9c4eac364336f7cf8cd1250fc1a6
resnet,mixed,101,bandpass_n20001_cV2_covariance_s10,phase2/results/predictions/full/mixed/resnet/seed_101/bandpass_n20001_cV2_covariance_s10.npz,76736,149d5f8453901391012e5444183dd84a9eb3d7d8fdec3b54d480b8dcd988c2cd
resnet,mixed,101,bandpass_n20001_cV2_covariance_s5,phase2/results/predictions/full/mixed/resnet/seed_101/bandpass_n20001_cV2_covariance_s5.npz,76629,238e6682a8e9db77076b018f8ce67eca07686b37cfc487713599ac2c120a194d
resnet,mixed,101,bandpass_n20001_cV2_covariance_s0,phase2/results/predictions/full/mixed/resnet/seed_101/bandpass_n20001_cV2_covariance_s0.npz,76247,2139d6b15e72096ca5b16c38f8f0356cf92692f0ccfd6353a11bd431d5521a81
resnet,mixed,101,bandpass_n20001_cV3_independent_rms_s20,phase2/results/predictions/full/mixed/resnet/seed_101/bandpass_n20001_cV3_independent_rms_s20.npz,76754,d4a0c221d9e5125af1f150c4384d8595cdab83fd3ccb0d8baa8268d0dc9f43e0
resnet,mixed,101,bandpass_n20001_cV3_independent_rms_s15,phase2/results/predictions/full/mixed/resnet/seed_101/bandpass_n20001_cV3_independent_rms_s15.npz,76742,a3ae73da0a2fbaa3df67575b4efab34e485c6d62c14653521f67d9298372a508
resnet,mixed,101,bandpass_n20001_cV3_independent_rms_s10,phase2/results/predictions/full/mixed/resnet/seed_101/bandpass_n20001_cV3_independent_rms_s10.npz,76778,5354ad8d79cabaaac24275b0c6f71fec8be8c7e57bbf3eb8acfae619f6576c6f
resnet,mixed,101,bandpass_n20001_cV3_independent_rms_s5,phase2/results/predictions/full/mixed/resnet/seed_101/bandpass_n20001_cV3_independent_rms_s5.npz,76656,859141c721cafa9f1468a2ac37dd49bb2d976d292dce4e62f362782d87a3bed5
resnet,mixed,101,bandpass_n20001_cV3_independent_rms_s0,phase2/results/predictions/full/mixed/resnet/seed_101/bandpass_n20001_cV3_independent_rms_s0.npz,76432,1ace2cc96ca14715d7f477515d1195b8013092b6c2eb55dc22e209ba04f98ec7
resnet,mixed,101,bandpass_n20001_cV3_electrode_s20,phase2/results/predictions/full/mixed/resnet/seed_101/bandpass_n20001_cV3_electrode_s20.npz,76762,7c41b57ca3e13e3e67e83bbf6b58b5a898c8b3a20f5992f48b349cd69c2ae9ca
resnet,mixed,101,bandpass_n20001_cV3_electrode_s15,phase2/results/predictions/full/mixed/resnet/seed_101/bandpass_n20001_cV3_electrode_s15.npz,76743,5e9099432fb4d654b93e0ef72a42e9ebece5f19a10b9a66198d2e2ceb0301c96
resnet,mixed,101,bandpass_n20001_cV3_electrode_s10,phase2/results/predictions/full/mixed/resnet/seed_101/bandpass_n20001_cV3_electrode_s10.npz,76726,68cfc332ed55a80de41f786a2e67f68ee7734b1fdaf8963e9e8ee8e4d836c39c
resnet,mixed,101,bandpass_n20001_cV3_electrode_s5,phase2/results/predictions/full/mixed/resnet/seed_101/bandpass_n20001_cV3_electrode_s5.npz,76690,e0bc33b8a602dbc7ba1e56f0afbdf81775681cc422158af955d08130052b5921
resnet,mixed,101,bandpass_n20001_cV3_electrode_s0,phase2/results/predictions/full/mixed/resnet/seed_101/bandpass_n20001_cV3_electrode_s0.npz,76359,4bd65513e91d73c2cfe9b2587450e6da501400f1a411edd672712c293f0a0f57
resnet,mixed,101,bandpass_n20001_cV3_covariance_s20,phase2/results/predictions/full/mixed/resnet/seed_101/bandpass_n20001_cV3_covariance_s20.npz,76742,bb4075c26236e617b9d64471e3f8c7771d57885d0b4017676398e2c13482a475
resnet,mixed,101,bandpass_n20001_cV3_covariance_s15,phase2/results/predictions/full/mixed/resnet/seed_101/bandpass_n20001_cV3_covariance_s15.npz,76731,d956c83408662b5c44270eaab3c9fa610bebfe5703908c31e7ea600c75c5eceb
resnet,mixed,101,bandpass_n20001_cV3_covariance_s10,phase2/results/predictions/full/mixed/resnet/seed_101/bandpass_n20001_cV3_covariance_s10.npz,76740,a61ebe55f75937f29868a5dc970c0b6b0bad637bfca33406724da6343ec91ee8
resnet,mixed,101,bandpass_n20001_cV3_covariance_s5,phase2/results/predictions/full/mixed/resnet/seed_101/bandpass_n20001_cV3_covariance_s5.npz,76687,edf270d56b65acf429764b29413b395ce946762f164b4ec6ac9cbb4ba5165fc2
resnet,mixed,101,bandpass_n20001_cV3_covariance_s0,phase2/results/predictions/full/mixed/resnet/seed_101/bandpass_n20001_cV3_covariance_s0.npz,76400,2a3cf64147b867e5f205b8ca26a01dcf8495fb438fbf1f89c8c5ef56f01479b4
resnet,mixed,101,bandpass_n20001_cV4_independent_rms_s20,phase2/results/predictions/full/mixed/resnet/seed_101/bandpass_n20001_cV4_independent_rms_s20.npz,76773,96c493d34a1fff7da56fbb19ef98ce8afca31ada61afc94ba6037e1973c95e12
resnet,mixed,101,bandpass_n20001_cV4_independent_rms_s15,phase2/results/predictions/full/mixed/resnet/seed_101/bandpass_n20001_cV4_independent_rms_s15.npz,76771,52f783971a1883234ec70aa52e8f97c2a5d1561f983f9358b59912e5ed492978
resnet,mixed,101,bandpass_n20001_cV4_independent_rms_s10,phase2/results/predictions/full/mixed/resnet/seed_101/bandpass_n20001_cV4_independent_rms_s10.npz,76742,58bbecd44430b5ad1bb1eac5665de850c9927bdbcb4c6d553dedb9bcf4f16d07
resnet,mixed,101,bandpass_n20001_cV4_independent_rms_s5,phase2/results/predictions/full/mixed/resnet/seed_101/bandpass_n20001_cV4_independent_rms_s5.npz,76692,82be93fffebd74c6d6b342747825c02c342bbb0a85124309e6b541665b922bba
resnet,mixed,101,bandpass_n20001_cV4_independent_rms_s0,phase2/results/predictions/full/mixed/resnet/seed_101/bandpass_n20001_cV4_independent_rms_s0.npz,76451,e6e52cf61a5d4101f10ac9acc0cdd71b95a97abd407570f7de87c9a247c1321c
resnet,mixed,101,bandpass_n20001_cV4_electrode_s20,phase2/results/predictions/full/mixed/resnet/seed_101/bandpass_n20001_cV4_electrode_s20.npz,76774,de431f344009944abf8954ee6aa840c877ba0e24211156ffd8f4840a7a8d525a
resnet,mixed,101,bandpass_n20001_cV4_electrode_s15,phase2/results/predictions/full/mixed/resnet/seed_101/bandpass_n20001_cV4_electrode_s15.npz,76733,1b39a7059dcbc9e27b2bf9991ed777e2ba704281d200728cf60fb87631a39402
resnet,mixed,101,bandpass_n20001_cV4_electrode_s10,phase2/results/predictions/full/mixed/resnet/seed_101/bandpass_n20001_cV4_electrode_s10.npz,76712,74ed78d15c81aadd2b543ef4d52311e1e5600745645eaff74db51e15f4fc4d9f
resnet,mixed,101,bandpass_n20001_cV4_electrode_s5,phase2/results/predictions/full/mixed/resnet/seed_101/bandpass_n20001_cV4_electrode_s5.npz,76676,4ce93e50f70d2abd3cf14e8551499b9ab65f2baf9707ccaf4eb1f5eff0219733
resnet,mixed,101,bandpass_n20001_cV4_electrode_s0,phase2/results/predictions/full/mixed/resnet/seed_101/bandpass_n20001_cV4_electrode_s0.npz,76507,6e36b2ee798145f2b747fd5a0dc373dd4f1c5a7a73189a5aaaa97d6776d3d46b
resnet,mixed,101,bandpass_n20001_cV4_covariance_s20,phase2/results/predictions/full/mixed/resnet/seed_101/bandpass_n20001_cV4_covariance_s20.npz,76728,e13cf217083990f756ea45659b4ebcd06dc0336e4447946cac1605a56652e7cf
resnet,mixed,101,bandpass_n20001_cV4_covariance_s15,phase2/results/predictions/full/mixed/resnet/seed_101/bandpass_n20001_cV4_covariance_s15.npz,76740,665db5ee8c22bd84bb596882f1b1a9e3c9cde3b39381cc2ad656bb59bb0c51f0
resnet,mixed,101,bandpass_n20001_cV4_covariance_s10,phase2/results/predictions/full/mixed/resnet/seed_101/bandpass_n20001_cV4_covariance_s10.npz,76722,307ef4ec4954db316491feafc0667af37eb3c6c96e8ecb7731e4fb431ecf55ab
resnet,mixed,101,bandpass_n20001_cV4_covariance_s5,phase2/results/predictions/full/mixed/resnet/seed_101/bandpass_n20001_cV4_covariance_s5.npz,76687,3455f0363bec656da02c0d4e3c06d36eee6437e1595db4aced89972fbb452f65
resnet,mixed,101,bandpass_n20001_cV4_covariance_s0,phase2/results/predictions/full/mixed/resnet/seed_101/bandpass_n20001_cV4_covariance_s0.npz,76507,88a0836ef1a8e314890bb1c118fdc8516ed692f187420832f8a62074e83c5f02
resnet,mixed,101,bandpass_n20001_cV5_independent_rms_s20,phase2/results/predictions/full/mixed/resnet/seed_101/bandpass_n20001_cV5_independent_rms_s20.npz,76801,04aefccc35fbdf848f13391c3c3ba10b3c2e59b58ad5008342fe773f71d52490
resnet,mixed,101,bandpass_n20001_cV5_independent_rms_s15,phase2/results/predictions/full/mixed/resnet/seed_101/bandpass_n20001_cV5_independent_rms_s15.npz,76772,b70353c70375c9ca42647b9ec4b9aa5efc749909b8ec74025ca6faa18330e793
resnet,mixed,101,bandpass_n20001_cV5_independent_rms_s10,phase2/results/predictions/full/mixed/resnet/seed_101/bandpass_n20001_cV5_independent_rms_s10.npz,76773,e28f1ab9b55c5373a9d49975ca9e546df1e2a34d0445e19d557560ccff061210
resnet,mixed,101,bandpass_n20001_cV5_independent_rms_s5,phase2/results/predictions/full/mixed/resnet/seed_101/bandpass_n20001_cV5_independent_rms_s5.npz,76721,4b6974df7c00d6462c92367c81e23532012b11e2ea1b980f7e85f4b8aaffb674
resnet,mixed,101,bandpass_n20001_cV5_independent_rms_s0,phase2/results/predictions/full/mixed/resnet/seed_101/bandpass_n20001_cV5_independent_rms_s0.npz,76463,81593ccdc6ffe68359c884ae5ecb380c3d2e3df6bff932aae4b892fe11dee961
resnet,mixed,101,bandpass_n20001_cV5_electrode_s20,phase2/results/predictions/full/mixed/resnet/seed_101/bandpass_n20001_cV5_electrode_s20.npz,76762,2e9010a956d0fda0cd1e2421e552f3f8585a11945c991ccdbf2ca1d06ff42ee0
resnet,mixed,101,bandpass_n20001_cV5_electrode_s15,phase2/results/predictions/full/mixed/resnet/seed_101/bandpass_n20001_cV5_electrode_s15.npz,76788,7b8eccfcece69c0fe44ecfd028a769cf6b64b59b03ff6799aedb3d29ac6662fe
resnet,mixed,101,bandpass_n20001_cV5_electrode_s10,phase2/results/predictions/full/mixed/resnet/seed_101/bandpass_n20001_cV5_electrode_s10.npz,76744,2acd5fbeb076b7ebf50eab739f74bc0f96428bbea298eec400f88b2ae1240567
resnet,mixed,101,bandpass_n20001_cV5_electrode_s5,phase2/results/predictions/full/mixed/resnet/seed_101/bandpass_n20001_cV5_electrode_s5.npz,76705,0c4bce692b305c08d7a3487ac7031312da3adb1b610402c883f1a0886df0e83b
resnet,mixed,101,bandpass_n20001_cV5_electrode_s0,phase2/results/predictions/full/mixed/resnet/seed_101/bandpass_n20001_cV5_electrode_s0.npz,76475,3a33aa73272a155f19962fb3742151fbda5bb1549bb5c4f69247cde8022d2d34
resnet,mixed,101,bandpass_n20001_cV5_covariance_s20,phase2/results/predictions/full/mixed/resnet/seed_101/bandpass_n20001_cV5_covariance_s20.npz,76789,03080a9631c7e5d417658411db05da56d4fd77a302cde30788caeb7a1c0026f3
resnet,mixed,101,bandpass_n20001_cV5_covariance_s15,phase2/results/predictions/full/mixed/resnet/seed_101/bandpass_n20001_cV5_covariance_s15.npz,76778,75554cb1d28744ca8d114c645157fbb95a8d49226608e9a79dbd58380e5479ae
resnet,mixed,101,bandpass_n20001_cV5_covariance_s10,phase2/results/predictions/full/mixed/resnet/seed_101/bandpass_n20001_cV5_covariance_s10.npz,76751,00d8ba78fed84de53f1af3bb35b6ff3181dc9f6918e267752a6a1209db7615ce
resnet,mixed,101,bandpass_n20001_cV5_covariance_s5,phase2/results/predictions/full/mixed/resnet/seed_101/bandpass_n20001_cV5_covariance_s5.npz,76688,f082113a0c776067f3177a9ebee1e343d90813ed020e12f58e309a16f876ed9a
resnet,mixed,101,bandpass_n20001_cV5_covariance_s0,phase2/results/predictions/full/mixed/resnet/seed_101/bandpass_n20001_cV5_covariance_s0.npz,76472,39366315eae536ee6513acc4e7f84a88708960593ecd0692da00c8adbecede22
resnet,mixed,101,bandpass_n20001_cV6_independent_rms_s20,phase2/results/predictions/full/mixed/resnet/seed_101/bandpass_n20001_cV6_independent_rms_s20.npz,76754,d1a53d9e2b400331cc0e52c88ed17a4e305118fbd75cf8c1c245c087ff43b6de
resnet,mixed,101,bandpass_n20001_cV6_independent_rms_s15,phase2/results/predictions/full/mixed/resnet/seed_101/bandpass_n20001_cV6_independent_rms_s15.npz,76761,52640fe564ae47cf9eb87a75514d7c38d24667d44b1f43a849e83904b906137c
resnet,mixed,101,bandpass_n20001_cV6_independent_rms_s10,phase2/results/predictions/full/mixed/resnet/seed_101/bandpass_n20001_cV6_independent_rms_s10.npz,76718,c3d3e7017e96acff34129f0643952f65674236959b4c07b4a551437d20469d1a
resnet,mixed,101,bandpass_n20001_cV6_independent_rms_s5,phase2/results/predictions/full/mixed/resnet/seed_101/bandpass_n20001_cV6_independent_rms_s5.npz,76696,821df5d5d9c172fcd8e37f295ba799743484dd8ffd9e8193c0e209fda4fd65ba
resnet,mixed,101,bandpass_n20001_cV6_independent_rms_s0,phase2/results/predictions/full/mixed/resnet/seed_101/bandpass_n20001_cV6_independent_rms_s0.npz,76410,2142697cb1915eff98f0086f3ac4f8c4fb9b743ebc9522d1f1143496c7ffaf18
resnet,mixed,101,bandpass_n20001_cV6_electrode_s20,phase2/results/predictions/full/mixed/resnet/seed_101/bandpass_n20001_cV6_electrode_s20.npz,76741,77da68a95a8a6b65358f3051df616728a8793befa6d1af2badcdbc5e2474a5bd
resnet,mixed,101,bandpass_n20001_cV6_electrode_s15,phase2/results/predictions/full/mixed/resnet/seed_101/bandpass_n20001_cV6_electrode_s15.npz,76757,114dace1a6d4fd122a92692a3f7534b077fa8771ef3507f357a67f3e7a765579
resnet,mixed,101,bandpass_n20001_cV6_electrode_s10,phase2/results/predictions/full/mixed/resnet/seed_101/bandpass_n20001_cV6_electrode_s10.npz,76696,0ff1278d7c05cc20ba23982c1caff8f25d1b5632c5b14ff1729dde8104aecaee
resnet,mixed,101,bandpass_n20001_cV6_electrode_s5,phase2/results/predictions/full/mixed/resnet/seed_101/bandpass_n20001_cV6_electrode_s5.npz,76631,dc43b5524d6b01fcb42e1f23f83b19aa9eef034400e959caaac4520053d715fc
resnet,mixed,101,bandpass_n20001_cV6_electrode_s0,phase2/results/predictions/full/mixed/resnet/seed_101/bandpass_n20001_cV6_electrode_s0.npz,76397,192d9b9887acd0eacc5b2baf5a243b74e8357ab4b98f68693c758f32ac8bd06f
resnet,mixed,101,bandpass_n20001_cV6_covariance_s20,phase2/results/predictions/full/mixed/resnet/seed_101/bandpass_n20001_cV6_covariance_s20.npz,76740,ac0822ea284e8335a80581e8e18ddafd1eb3696ff583e396aa7fb6027cc1b967
resnet,mixed,101,bandpass_n20001_cV6_covariance_s15,phase2/results/predictions/full/mixed/resnet/seed_101/bandpass_n20001_cV6_covariance_s15.npz,76749,6af56b5804f4bed7db8e626669406cf1466a2631a621006d4b20f5640cdbfb51
resnet,mixed,101,bandpass_n20001_cV6_covariance_s10,phase2/results/predictions/full/mixed/resnet/seed_101/bandpass_n20001_cV6_covariance_s10.npz,76738,d0297e857788c1007bdda2731d62a45cfd96f517a6b9d304d06ce5c021154749
resnet,mixed,101,bandpass_n20001_cV6_covariance_s5,phase2/results/predictions/full/mixed/resnet/seed_101/bandpass_n20001_cV6_covariance_s5.npz,76675,d6896964d6d568de729f0a32ad02968ff730841ae683e7db329225619a0fe709
resnet,mixed,101,bandpass_n20001_cV6_covariance_s0,phase2/results/predictions/full/mixed/resnet/seed_101/bandpass_n20001_cV6_covariance_s0.npz,76408,7d48c539cd0c5875ce20592a88137abd300a8e9563ed7aabbdf9236431d2b257
resnet,mixed,101,bandpass_n20001_cRA_LA_independent_rms_s20,phase2/results/predictions/full/mixed/resnet/seed_101/bandpass_n20001_cRA_LA_independent_rms_s20.npz,76766,617001897713bbc35a5a738b231907a96c1c0d642e547a1df64deebda4d619dc
resnet,mixed,101,bandpass_n20001_cRA_LA_independent_rms_s15,phase2/results/predictions/full/mixed/resnet/seed_101/bandpass_n20001_cRA_LA_independent_rms_s15.npz,76778,5b32fdd399ee582f98730f91ce032adb6aabcd27cc359a58e91937bc33e348b1
resnet,mixed,101,bandpass_n20001_cRA_LA_independent_rms_s10,phase2/results/predictions/full/mixed/resnet/seed_101/bandpass_n20001_cRA_LA_independent_rms_s10.npz,76743,cf62a94def5894bc224859943ab32c656535d0caaba07c4b012380632ba4a846
resnet,mixed,101,bandpass_n20001_cRA_LA_independent_rms_s5,phase2/results/predictions/full/mixed/resnet/seed_101/bandpass_n20001_cRA_LA_independent_rms_s5.npz,76706,d8dd3ae295887a72b259c8e0763f95347bf1075283f3c6f2821161c7c582e810
resnet,mixed,101,bandpass_n20001_cRA_LA_independent_rms_s0,phase2/results/predictions/full/mixed/resnet/seed_101/bandpass_n20001_cRA_LA_independent_rms_s0.npz,76424,434a3181e8d6900ddfccb080cacc13c09d83fe45d7af52468e0539c52d87f2fd
resnet,mixed,101,bandpass_n20001_cRA_LA_electrode_s20,phase2/results/predictions/full/mixed/resnet/seed_101/bandpass_n20001_cRA_LA_electrode_s20.npz,76749,842b0eeb2c81d31c4ac4443d062f5ac96841e947230871e4fc2ca5b9327c2018
resnet,mixed,101,bandpass_n20001_cRA_LA_electrode_s15,phase2/results/predictions/full/mixed/resnet/seed_101/bandpass_n20001_cRA_LA_electrode_s15.npz,76756,9c92763601c3b0fd946d28aaf08e93db9258da4f890c609c7ca5cbefaca1f310
resnet,mixed,101,bandpass_n20001_cRA_LA_electrode_s10,phase2/results/predictions/full/mixed/resnet/seed_101/bandpass_n20001_cRA_LA_electrode_s10.npz,76683,7b98de303a7e1488f172e364c835c16d2b73efcd365423f8f8d4a66508482313
resnet,mixed,101,bandpass_n20001_cRA_LA_electrode_s5,phase2/results/predictions/full/mixed/resnet/seed_101/bandpass_n20001_cRA_LA_electrode_s5.npz,76557,473838ef3d1eaad685847cbea1636575aba21d31af16c5674ab0d97ddcc0d535
resnet,mixed,101,bandpass_n20001_cRA_LA_electrode_s0,phase2/results/predictions/full/mixed/resnet/seed_101/bandpass_n20001_cRA_LA_electrode_s0.npz,76215,cb3d758880ca235ac8a84d23d03eeec9d1b089c2569ad510d48a0329351cd236
resnet,mixed,101,bandpass_n20001_cRA_LA_covariance_s20,phase2/results/predictions/full/mixed/resnet/seed_101/bandpass_n20001_cRA_LA_covariance_s20.npz,76761,3621a33413e4a1d0a675e75a8c53a135d797075729277a77616f3d2b3a04461a
resnet,mixed,101,bandpass_n20001_cRA_LA_covariance_s15,phase2/results/predictions/full/mixed/resnet/seed_101/bandpass_n20001_cRA_LA_covariance_s15.npz,76764,ca250e08a06803ee2836cdf40a8209983cfe8e9fa3e94cf51d394d7f1ddfd4eb
resnet,mixed,101,bandpass_n20001_cRA_LA_covariance_s10,phase2/results/predictions/full/mixed/resnet/seed_101/bandpass_n20001_cRA_LA_covariance_s10.npz,76693,343cd14fb6b0bff78216b08fa479a965dccaf1a95f5ad636a862500ca2d74306
resnet,mixed,101,bandpass_n20001_cRA_LA_covariance_s5,phase2/results/predictions/full/mixed/resnet/seed_101/bandpass_n20001_cRA_LA_covariance_s5.npz,76550,6f21cb1a2cdfae7c83a6b5635db5a40f288419e038a687deeb2c6c465c5d9f8d
resnet,mixed,101,bandpass_n20001_cRA_LA_covariance_s0,phase2/results/predictions/full/mixed/resnet/seed_101/bandpass_n20001_cRA_LA_covariance_s0.npz,76203,282717d03cdc9d0638a3f1be02da89f86aadff00fa5a757a79b8588e9755446f
resnet,mixed,101,bandpass_n20001_cLA_LL_independent_rms_s20,phase2/results/predictions/full/mixed/resnet/seed_101/bandpass_n20001_cLA_LL_independent_rms_s20.npz,76749,c5552cbf586d5bc95f939c52d3645ddb5634c0d1d59054c7c2fcab64371396c5
resnet,mixed,101,bandpass_n20001_cLA_LL_independent_rms_s15,phase2/results/predictions/full/mixed/resnet/seed_101/bandpass_n20001_cLA_LL_independent_rms_s15.npz,76776,cc98e215ecfc8ef9b69cf0ec294926631cd4fb98c0d838c3fd112f0530e8e263
resnet,mixed,101,bandpass_n20001_cLA_LL_independent_rms_s10,phase2/results/predictions/full/mixed/resnet/seed_101/bandpass_n20001_cLA_LL_independent_rms_s10.npz,76746,17c55e98e7b30aea4710ffeceb8f2e43d17748f1825fe02f7bbada4d614a1207
resnet,mixed,101,bandpass_n20001_cLA_LL_independent_rms_s5,phase2/results/predictions/full/mixed/resnet/seed_101/bandpass_n20001_cLA_LL_independent_rms_s5.npz,76689,0e118115bf12d6ed38772997799ab8cd20f2c6b844e5565dded324063eca9d1e
resnet,mixed,101,bandpass_n20001_cLA_LL_independent_rms_s0,phase2/results/predictions/full/mixed/resnet/seed_101/bandpass_n20001_cLA_LL_independent_rms_s0.npz,76404,16422d2bfd8a2daeb8c55f1df2c10ee469156052a047f97053fa275d111b459a
resnet,mixed,101,bandpass_n20001_cLA_LL_electrode_s20,phase2/results/predictions/full/mixed/resnet/seed_101/bandpass_n20001_cLA_LL_electrode_s20.npz,76799,81dd9510f1e31a600f5687475591481b1d5b135c5667ab43eb826218e1d09b40
resnet,mixed,101,bandpass_n20001_cLA_LL_electrode_s15,phase2/results/predictions/full/mixed/resnet/seed_101/bandpass_n20001_cLA_LL_electrode_s15.npz,76724,755a305e478151bc4f7fca30c25b53fac3e23ba7e4d61dc3dbef3d616fd3a173
resnet,mixed,101,bandpass_n20001_cLA_LL_electrode_s10,phase2/results/predictions/full/mixed/resnet/seed_101/bandpass_n20001_cLA_LL_electrode_s10.npz,76692,9018848a5ac5566fbc685ff2bd41aecb28a17923839e088f84bb43562f43bcaf
resnet,mixed,101,bandpass_n20001_cLA_LL_electrode_s5,phase2/results/predictions/full/mixed/resnet/seed_101/bandpass_n20001_cLA_LL_electrode_s5.npz,76482,0d7996698f9bfed7baa93807756e3567fb455de2fcd0962d4e3bffb84451e047
resnet,mixed,101,bandpass_n20001_cLA_LL_electrode_s0,phase2/results/predictions/full/mixed/resnet/seed_101/bandpass_n20001_cLA_LL_electrode_s0.npz,76063,b4f4238b6cd7850d9137f49387c16c236a7e223b98b49daa1e875d24f29b1779
resnet,mixed,101,bandpass_n20001_cLA_LL_covariance_s20,phase2/results/predictions/full/mixed/resnet/seed_101/bandpass_n20001_cLA_LL_covariance_s20.npz,76759,8d75d2430b1b9fece67200aa2770cf70979c27f19739c1469a1d83c4c356c840
resnet,mixed,101,bandpass_n20001_cLA_LL_covariance_s15,phase2/results/predictions/full/mixed/resnet/seed_101/bandpass_n20001_cLA_LL_covariance_s15.npz,76746,006f05a12dc805d76099b4a0892377b72f912c4afbcd37a572bd1488716c3f97
resnet,mixed,101,bandpass_n20001_cLA_LL_covariance_s10,phase2/results/predictions/full/mixed/resnet/seed_101/bandpass_n20001_cLA_LL_covariance_s10.npz,76696,685dd1bfb2ed2eb258562749c0f18154d8facb1039acf60cb65728c063a65f3d
resnet,mixed,101,bandpass_n20001_cLA_LL_covariance_s5,phase2/results/predictions/full/mixed/resnet/seed_101/bandpass_n20001_cLA_LL_covariance_s5.npz,76448,b000df6df155082741ca3c59c1e5a0dd1354b3e8064f3cf64de8b4f7c732f3bb
resnet,mixed,101,bandpass_n20001_cLA_LL_covariance_s0,phase2/results/predictions/full/mixed/resnet/seed_101/bandpass_n20001_cLA_LL_covariance_s0.npz,76058,333bba1b2106f6088a6c2dcc80037c3836396c1b494e473914dac499ea1009e8
resnet,mixed,101,bandpass_n20001_cRA_LL_independent_rms_s20,phase2/results/predictions/full/mixed/resnet/seed_101/bandpass_n20001_cRA_LL_independent_rms_s20.npz,76753,9de347dd069e44dfee69bf73a0a0ee8f012360070bbb7cb45029df9e4392d7b6
resnet,mixed,101,bandpass_n20001_cRA_LL_independent_rms_s15,phase2/results/predictions/full/mixed/resnet/seed_101/bandpass_n20001_cRA_LL_independent_rms_s15.npz,76779,198265bb82c462dfae97f46efaad368f97078784674a655b226e2515c215a07c
resnet,mixed,101,bandpass_n20001_cRA_LL_independent_rms_s10,phase2/results/predictions/full/mixed/resnet/seed_101/bandpass_n20001_cRA_LL_independent_rms_s10.npz,76731,b419ab15ac5fba5dd88b746eaed2d421ee7c917c5f26ff787279b0cd3233a686
resnet,mixed,101,bandpass_n20001_cRA_LL_independent_rms_s5,phase2/results/predictions/full/mixed/resnet/seed_101/bandpass_n20001_cRA_LL_independent_rms_s5.npz,76675,4da4ac36aad6439560187a1f9a4ccd4751c0d1a467f4f12e4e7097ab9312453d
resnet,mixed,101,bandpass_n20001_cRA_LL_independent_rms_s0,phase2/results/predictions/full/mixed/resnet/seed_101/bandpass_n20001_cRA_LL_independent_rms_s0.npz,76401,0279ba52e4319ce6ebc212330256520e370b55fd26b4f87ec5fc617709db7b31
resnet,mixed,101,bandpass_n20001_cRA_LL_electrode_s20,phase2/results/predictions/full/mixed/resnet/seed_101/bandpass_n20001_cRA_LL_electrode_s20.npz,76753,e5004119e356e626ee414dd72aa6378092702f2b837efbed7e02bd21098091e5
resnet,mixed,101,bandpass_n20001_cRA_LL_electrode_s15,phase2/results/predictions/full/mixed/resnet/seed_101/bandpass_n20001_cRA_LL_electrode_s15.npz,76762,3c20791e5d95c19dedabc9a41ff292e628bdf014e1a5a9be2912dc80e709df4d
resnet,mixed,101,bandpass_n20001_cRA_LL_electrode_s10,phase2/results/predictions/full/mixed/resnet/seed_101/bandpass_n20001_cRA_LL_electrode_s10.npz,76717,f4340bd4bb3276b1f0e452b14ea7dd441a7a4425cdf91fb91cf4c7cc53048720
resnet,mixed,101,bandpass_n20001_cRA_LL_electrode_s5,phase2/results/predictions/full/mixed/resnet/seed_101/bandpass_n20001_cRA_LL_electrode_s5.npz,76518,b55b80281c87ae0bb29734ba60be67006147a62b3fbdeef6fd824b6ec3b4a2a3
resnet,mixed,101,bandpass_n20001_cRA_LL_electrode_s0,phase2/results/predictions/full/mixed/resnet/seed_101/bandpass_n20001_cRA_LL_electrode_s0.npz,76097,bad362d251f2cf5626187e8815a5075139668ebb0f9c0fe07f5fd01513c78480
resnet,mixed,101,bandpass_n20001_cRA_LL_covariance_s20,phase2/results/predictions/full/mixed/resnet/seed_101/bandpass_n20001_cRA_LL_covariance_s20.npz,76761,9b382c618c7733984c97430123b930e8943419113977e050c702baed1a477de2
resnet,mixed,101,bandpass_n20001_cRA_LL_covariance_s15,phase2/results/predictions/full/mixed/resnet/seed_101/bandpass_n20001_cRA_LL_covariance_s15.npz,76749,4d1686b0dcaa02dfd2b1fd796f532cef30d00f85b21d8666767b3a5734213f19
resnet,mixed,101,bandpass_n20001_cRA_LL_covariance_s10,phase2/results/predictions/full/mixed/resnet/seed_101/bandpass_n20001_cRA_LL_covariance_s10.npz,76690,cf9b34e1be06299f372137f8e3a69e0e0372ef5c90fcbf47b40c6653514d5ac0
resnet,mixed,101,bandpass_n20001_cRA_LL_covariance_s5,phase2/results/predictions/full/mixed/resnet/seed_101/bandpass_n20001_cRA_LL_covariance_s5.npz,76512,2d9c45ddfde94335a189c889a7256ccffc7370113c8558f0ee99d8de0d63a0f9
resnet,mixed,101,bandpass_n20001_cRA_LL_covariance_s0,phase2/results/predictions/full/mixed/resnet/seed_101/bandpass_n20001_cRA_LL_covariance_s0.npz,76147,fce721af190fe308fda0fbacfacfd4a0d8c3d11874d14bc0b1ebc685968be411
resnet,mixed,101,bandpass_n20001_cRA_independent_rms_s20,phase2/results/predictions/full/mixed/resnet/seed_101/bandpass_n20001_cRA_independent_rms_s20.npz,76771,8f89531ff6d76ba0297782fc7b9b1bb2157dab1e77b7df5a8b671aa5aa98e51d
resnet,mixed,101,bandpass_n20001_cRA_independent_rms_s15,phase2/results/predictions/full/mixed/resnet/seed_101/bandpass_n20001_cRA_independent_rms_s15.npz,76765,fe17e2d350cf1a60d15728907edf613694d0664886cbcde814d78de48f85e379
resnet,mixed,101,bandpass_n20001_cRA_independent_rms_s10,phase2/results/predictions/full/mixed/resnet/seed_101/bandpass_n20001_cRA_independent_rms_s10.npz,76738,e5f541f2508a4cc8173d3fda345f20602368c5f974b40b37235592926b0a3b69
resnet,mixed,101,bandpass_n20001_cRA_independent_rms_s5,phase2/results/predictions/full/mixed/resnet/seed_101/bandpass_n20001_cRA_independent_rms_s5.npz,76683,91598afce4061f3c1a144d41d7233de1a65de1dc2a64ec24e0d4b6a3195f9b70
resnet,mixed,101,bandpass_n20001_cRA_independent_rms_s0,phase2/results/predictions/full/mixed/resnet/seed_101/bandpass_n20001_cRA_independent_rms_s0.npz,76401,33f339fbccd04c018b7ec82435980e5145924274cb3363401cd48adc8960cc90
resnet,mixed,101,bandpass_n20001_cRA_electrode_s20,phase2/results/predictions/full/mixed/resnet/seed_101/bandpass_n20001_cRA_electrode_s20.npz,76759,e0babaeb4508172da0ef9d2fd71676d482b5c09de308b07cc6233de9278669fe
resnet,mixed,101,bandpass_n20001_cRA_electrode_s15,phase2/results/predictions/full/mixed/resnet/seed_101/bandpass_n20001_cRA_electrode_s15.npz,76735,b3c38c173264f76b1bf0135974c9341441d520c490254627652d069fef34e877
resnet,mixed,101,bandpass_n20001_cRA_electrode_s10,phase2/results/predictions/full/mixed/resnet/seed_101/bandpass_n20001_cRA_electrode_s10.npz,76686,21a04efdd296e3d7e20a7ed9684d13ced5fdba41b69e9081c63897c0fca6ec5b
resnet,mixed,101,bandpass_n20001_cRA_electrode_s5,phase2/results/predictions/full/mixed/resnet/seed_101/bandpass_n20001_cRA_electrode_s5.npz,76612,ecc8f3af822a242a7fce9800fdc3f283a3f1af5c309be120a71bfa9be5bca82b
resnet,mixed,101,bandpass_n20001_cRA_electrode_s0,phase2/results/predictions/full/mixed/resnet/seed_101/bandpass_n20001_cRA_electrode_s0.npz,76364,da316b7c8860d3c5928a851ff6d24a0bdb7dacfad37d4793c9e848d170612b0d
resnet,mixed,101,bandpass_n20001_cRA_covariance_s20,phase2/results/predictions/full/mixed/resnet/seed_101/bandpass_n20001_cRA_covariance_s20.npz,76733,a5470595424c14c6fcc574cc86af37451c508d5ff4a3c75732ccce3bc243cfae
resnet,mixed,101,bandpass_n20001_cRA_covariance_s15,phase2/results/predictions/full/mixed/resnet/seed_101/bandpass_n20001_cRA_covariance_s15.npz,76770,f86b2ae6b02eb28f97855855d6fd394d890cc810ff08c4a89c1d18cddfa4aec2
resnet,mixed,101,bandpass_n20001_cRA_covariance_s10,phase2/results/predictions/full/mixed/resnet/seed_101/bandpass_n20001_cRA_covariance_s10.npz,76692,6f40663e7c8eb64f3dfbfbf1c3888a62c0a0958b33d0141bf7a667fd7c6141f0
resnet,mixed,101,bandpass_n20001_cRA_covariance_s5,phase2/results/predictions/full/mixed/resnet/seed_101/bandpass_n20001_cRA_covariance_s5.npz,76570,56a5aca9b90a1c3808b848319f5b07afef10bc71ce2b055d8922451e88379d30
resnet,mixed,101,bandpass_n20001_cRA_covariance_s0,phase2/results/predictions/full/mixed/resnet/seed_101/bandpass_n20001_cRA_covariance_s0.npz,76349,fc8b5342320f44e49bedd8b487fcea3d5b14eb6b6177f041c447534460d1f13a
resnet,mixed,101,bandpass_n20001_cLA_independent_rms_s20,phase2/results/predictions/full/mixed/resnet/seed_101/bandpass_n20001_cLA_independent_rms_s20.npz,76776,2cf1f638d85c3998bcf86c031fbd989b1c6077f9997396a7a9adad7c02fefdaa
resnet,mixed,101,bandpass_n20001_cLA_independent_rms_s15,phase2/results/predictions/full/mixed/resnet/seed_101/bandpass_n20001_cLA_independent_rms_s15.npz,76747,748ed20199395263b693eaf8c9e71f6ed38b2af311684585447e3e04a3dedd4d
resnet,mixed,101,bandpass_n20001_cLA_independent_rms_s10,phase2/results/predictions/full/mixed/resnet/seed_101/bandpass_n20001_cLA_independent_rms_s10.npz,76736,a221cb8baa925d4b38bebe39aa48a3aa87aaba735a72cd2c9553d38c9f102795
resnet,mixed,101,bandpass_n20001_cLA_independent_rms_s5,phase2/results/predictions/full/mixed/resnet/seed_101/bandpass_n20001_cLA_independent_rms_s5.npz,76701,6583b4c43e0e069148bbbe9b25ab10563488fcf738961a23634fdfcf709dae8b
resnet,mixed,101,bandpass_n20001_cLA_independent_rms_s0,phase2/results/predictions/full/mixed/resnet/seed_101/bandpass_n20001_cLA_independent_rms_s0.npz,76410,3ef697817b17fe74c646dc78174543d755aaa9fc581833481357b8f0d2061082
resnet,mixed,101,bandpass_n20001_cLA_electrode_s20,phase2/results/predictions/full/mixed/resnet/seed_101/bandpass_n20001_cLA_electrode_s20.npz,76794,5e865658d8c34d8495d5efc4be935744fb168e63a9e6f585cad28c70b8a065a2
resnet,mixed,101,bandpass_n20001_cLA_electrode_s15,phase2/results/predictions/full/mixed/resnet/seed_101/bandpass_n20001_cLA_electrode_s15.npz,76731,b2578991e50dc3647a09208631eda7f4d33c9dd69c8becaca98c8891e543a0f2
resnet,mixed,101,bandpass_n20001_cLA_electrode_s10,phase2/results/predictions/full/mixed/resnet/seed_101/bandpass_n20001_cLA_electrode_s10.npz,76694,56c94bfd76d31c9bc6ac17d890f646a62010484d779fa27baf200839f8d41c54
resnet,mixed,101,bandpass_n20001_cLA_electrode_s5,phase2/results/predictions/full/mixed/resnet/seed_101/bandpass_n20001_cLA_electrode_s5.npz,76582,670856291129b119f6c357f480158ec3ecfbdf665ef405dc030a0e28efecc4c9
resnet,mixed,101,bandpass_n20001_cLA_electrode_s0,phase2/results/predictions/full/mixed/resnet/seed_101/bandpass_n20001_cLA_electrode_s0.npz,76161,6d50cc22cfe2e61e0725604379f40a64b05948008e5ebd378a2e83b7e202f21f
resnet,mixed,101,bandpass_n20001_cLA_covariance_s20,phase2/results/predictions/full/mixed/resnet/seed_101/bandpass_n20001_cLA_covariance_s20.npz,76759,5b688f8edf5c66d5b0e0d1fcc08a892f74fdaf6db636b76e55c62c7eccba3b74
resnet,mixed,101,bandpass_n20001_cLA_covariance_s15,phase2/results/predictions/full/mixed/resnet/seed_101/bandpass_n20001_cLA_covariance_s15.npz,76796,9300b2100f88d23aae6f5762442cb43a800ee3a37adf811318fdd7b2d0508049
resnet,mixed,101,bandpass_n20001_cLA_covariance_s10,phase2/results/predictions/full/mixed/resnet/seed_101/bandpass_n20001_cLA_covariance_s10.npz,76719,fc68c67dc2a4018749692b2af2e7b56abd2dc5e3b7a51669307acde312d688da
resnet,mixed,101,bandpass_n20001_cLA_covariance_s5,phase2/results/predictions/full/mixed/resnet/seed_101/bandpass_n20001_cLA_covariance_s5.npz,76596,92a86403ef85b019e2f96d30d36bfc14725cac875adffdc32bdb166e33377458
resnet,mixed,101,bandpass_n20001_cLA_covariance_s0,phase2/results/predictions/full/mixed/resnet/seed_101/bandpass_n20001_cLA_covariance_s0.npz,76137,bf6d2ac4bd159fceceee042ab2b87c8632f448f6522cfbd7b06010486b7dea15
resnet,mixed,101,bandpass_n20001_cLL_independent_rms_s20,phase2/results/predictions/full/mixed/resnet/seed_101/bandpass_n20001_cLL_independent_rms_s20.npz,76761,58bd9092de5e049e194061611b39e0d5b4ad8ee7f1d676b7c0e4cab6a064b95b
resnet,mixed,101,bandpass_n20001_cLL_independent_rms_s15,phase2/results/predictions/full/mixed/resnet/seed_101/bandpass_n20001_cLL_independent_rms_s15.npz,76740,66eed5144c1368b9c9624dbb0f6fed307adba534dedc681ffc49c82cbd40b623
resnet,mixed,101,bandpass_n20001_cLL_independent_rms_s10,phase2/results/predictions/full/mixed/resnet/seed_101/bandpass_n20001_cLL_independent_rms_s10.npz,76739,dfad2ffce4d9da126acb4a037a9b0ce9d9c57ecc594776d6f65a1a3164e6708d
resnet,mixed,101,bandpass_n20001_cLL_independent_rms_s5,phase2/results/predictions/full/mixed/resnet/seed_101/bandpass_n20001_cLL_independent_rms_s5.npz,76666,d8b02fa120545917664c522d90f6d64e13db2bd22c0fc4eec231890ae833faa1
resnet,mixed,101,bandpass_n20001_cLL_independent_rms_s0,phase2/results/predictions/full/mixed/resnet/seed_101/bandpass_n20001_cLL_independent_rms_s0.npz,76328,b51d53ecf8f17df8b74d144b8c48993d454eace11936faf42e4ca4f5aeaa5176
resnet,mixed,101,bandpass_n20001_cLL_electrode_s20,phase2/results/predictions/full/mixed/resnet/seed_101/bandpass_n20001_cLL_electrode_s20.npz,76753,d34beca25f5094b0f78c7e9870055d13a80fd8b42e0fc45b9e2bd9fff23947db
resnet,mixed,101,bandpass_n20001_cLL_electrode_s15,phase2/results/predictions/full/mixed/resnet/seed_101/bandpass_n20001_cLL_electrode_s15.npz,76733,a6f7e388e720e065b52ab688a6271bf2b0613376f7eb2b08c8e47cb5d0b7f25b
resnet,mixed,101,bandpass_n20001_cLL_electrode_s10,phase2/results/predictions/full/mixed/resnet/seed_101/bandpass_n20001_cLL_electrode_s10.npz,76653,03d611c09babaa44aba679aa60b3580d0042246ae68a1c0ff8591cc35e76db4f
resnet,mixed,101,bandpass_n20001_cLL_electrode_s5,phase2/results/predictions/full/mixed/resnet/seed_101/bandpass_n20001_cLL_electrode_s5.npz,76400,918e59004fa54c859c5269d5e6052e04d096be34c1cff809007e465f5b483bbe
resnet,mixed,101,bandpass_n20001_cLL_electrode_s0,phase2/results/predictions/full/mixed/resnet/seed_101/bandpass_n20001_cLL_electrode_s0.npz,76060,45b01584a8c08b47501f1fb043096fe4fdc21c5c462989cac7c834551138a72d
resnet,mixed,101,bandpass_n20001_cLL_covariance_s20,phase2/results/predictions/full/mixed/resnet/seed_101/bandpass_n20001_cLL_covariance_s20.npz,76752,3934cda48b137cfd66e130a399fd119f5cd43aa8cf0779e4e5b37d6393aa9b41
resnet,mixed,101,bandpass_n20001_cLL_covariance_s15,phase2/results/predictions/full/mixed/resnet/seed_101/bandpass_n20001_cLL_covariance_s15.npz,76709,65d7f7e12967ad8ca3ea728c873ecb3589ee9ff0a346a4d2a57b51c47ea8096a
resnet,mixed,101,bandpass_n20001_cLL_covariance_s10,phase2/results/predictions/full/mixed/resnet/seed_101/bandpass_n20001_cLL_covariance_s10.npz,76676,54a9633d1e9840996c479045cd6e01b1e3873cfeaf059bb765441a55099d5e8b
resnet,mixed,101,bandpass_n20001_cLL_covariance_s5,phase2/results/predictions/full/mixed/resnet/seed_101/bandpass_n20001_cLL_covariance_s5.npz,76413,555f0f5ceed0d9dad3c7acfb23ce606c59168e4de08819817f4e2f4c88ee42eb
resnet,mixed,101,bandpass_n20001_cLL_covariance_s0,phase2/results/predictions/full/mixed/resnet/seed_101/bandpass_n20001_cLL_covariance_s0.npz,76045,0df64e2261bf6360a4d98ac9cd2df33d3a4ca473afaef4b77f4b2fa914506d5a
resnet,mixed,101,bandpass_n20001_cRA_V1_independent_rms_s20,phase2/results/predictions/full/mixed/resnet/seed_101/bandpass_n20001_cRA_V1_independent_rms_s20.npz,76769,9e1c5d776e4af6d6487f432df7b67a3f7ea165cf95ee9a616fee5ab5cc269d43
resnet,mixed,101,bandpass_n20001_cRA_V1_independent_rms_s15,phase2/results/predictions/full/mixed/resnet/seed_101/bandpass_n20001_cRA_V1_independent_rms_s15.npz,76802,ca187e00543ce06ca4986bf2552af8709eac9f576648a98b8529db82272fc4b2
resnet,mixed,101,bandpass_n20001_cRA_V1_independent_rms_s10,phase2/results/predictions/full/mixed/resnet/seed_101/bandpass_n20001_cRA_V1_independent_rms_s10.npz,76750,0df0cce6ad084c2836bafe7ff403f837dde34c5131d5d54aaea37b9b9e91fba3
resnet,mixed,101,bandpass_n20001_cRA_V1_independent_rms_s5,phase2/results/predictions/full/mixed/resnet/seed_101/bandpass_n20001_cRA_V1_independent_rms_s5.npz,76653,9aaf3293d84f7a3d147c81fe1a743319a7a4d5814503f320356098dda5c80bbc
resnet,mixed,101,bandpass_n20001_cRA_V1_independent_rms_s0,phase2/results/predictions/full/mixed/resnet/seed_101/bandpass_n20001_cRA_V1_independent_rms_s0.npz,76365,ee5bc0f4179783ebac563065c69f9b310bb2dcdfe31333a539dea0aaea62d2ec
resnet,mixed,101,bandpass_n20001_cRA_V1_electrode_s20,phase2/results/predictions/full/mixed/resnet/seed_101/bandpass_n20001_cRA_V1_electrode_s20.npz,76769,c50264920fc77e1336b84ac9fc281ef30d6d10df430eae43370cb3a110c2dc1c
resnet,mixed,101,bandpass_n20001_cRA_V1_electrode_s15,phase2/results/predictions/full/mixed/resnet/seed_101/bandpass_n20001_cRA_V1_electrode_s15.npz,76769,bc543982a2f2228da399a8f7bc590c49fd712e8875feea533fca84163a50a2d1
resnet,mixed,101,bandpass_n20001_cRA_V1_electrode_s10,phase2/results/predictions/full/mixed/resnet/seed_101/bandpass_n20001_cRA_V1_electrode_s10.npz,76682,4228c80e4d9451375dd8c5fde6deea3cbd21d81d774df163e63a8e57abb2b830
resnet,mixed,101,bandpass_n20001_cRA_V1_electrode_s5,phase2/results/predictions/full/mixed/resnet/seed_101/bandpass_n20001_cRA_V1_electrode_s5.npz,76613,57c939bf661f4c9cc57622cdbf55abd4bd28b7657d339bb3672bf4b5d5515986
resnet,mixed,101,bandpass_n20001_cRA_V1_electrode_s0,phase2/results/predictions/full/mixed/resnet/seed_101/bandpass_n20001_cRA_V1_electrode_s0.npz,76310,85d6e0b76edfe4c5014041c7d620992566106be34b24d2975b039d1bf8075637
resnet,mixed,101,bandpass_n20001_cRA_V1_covariance_s20,phase2/results/predictions/full/mixed/resnet/seed_101/bandpass_n20001_cRA_V1_covariance_s20.npz,76789,a406f5bfde4578d2a383a418fa283b01ac6cb13b8d67c3662fb4be9934275152
resnet,mixed,101,bandpass_n20001_cRA_V1_covariance_s15,phase2/results/predictions/full/mixed/resnet/seed_101/bandpass_n20001_cRA_V1_covariance_s15.npz,76757,9246befc023d7a23f64a56d3380a708f58327eab31a02bc386e719da21eff548
resnet,mixed,101,bandpass_n20001_cRA_V1_covariance_s10,phase2/results/predictions/full/mixed/resnet/seed_101/bandpass_n20001_cRA_V1_covariance_s10.npz,76703,0072bf03b61e8b8b7ffc8f459b2e72a8675ffcd57f4cbd77765fc310f646fa03
resnet,mixed,101,bandpass_n20001_cRA_V1_covariance_s5,phase2/results/predictions/full/mixed/resnet/seed_101/bandpass_n20001_cRA_V1_covariance_s5.npz,76601,88731e2c5cb613760aebb78d3fbf4e924e35845d59678086fb0bebd3d27cf5b5
resnet,mixed,101,bandpass_n20001_cRA_V1_covariance_s0,phase2/results/predictions/full/mixed/resnet/seed_101/bandpass_n20001_cRA_V1_covariance_s0.npz,76284,b65f21ae3ac16167f633a774a790973466e265ecf85a1b7b046bc93fbe52357e
resnet,mixed,101,bandpass_n20001_cLA_V6_independent_rms_s20,phase2/results/predictions/full/mixed/resnet/seed_101/bandpass_n20001_cLA_V6_independent_rms_s20.npz,76775,93837eda9fe20e09adeb548cd1d16869192e5e1efca440720569646be17da1f5
resnet,mixed,101,bandpass_n20001_cLA_V6_independent_rms_s15,phase2/results/predictions/full/mixed/resnet/seed_101/bandpass_n20001_cLA_V6_independent_rms_s15.npz,76818,5fb63e87c6ab43d002c832365da9ed256cbcff3ce008a1a009744b36246d8c4f
resnet,mixed,101,bandpass_n20001_cLA_V6_independent_rms_s10,phase2/results/predictions/full/mixed/resnet/seed_101/bandpass_n20001_cLA_V6_independent_rms_s10.npz,76748,fa90365826119bc1753a9a63d7aeac9092b38a184d542e9d48d0816ed65f1e99
resnet,mixed,101,bandpass_n20001_cLA_V6_independent_rms_s5,phase2/results/predictions/full/mixed/resnet/seed_101/bandpass_n20001_cLA_V6_independent_rms_s5.npz,76698,27f1e5b0c75742186307ba1bbb54515223f07638b2546ee6c52b23f5aa14971d
resnet,mixed,101,bandpass_n20001_cLA_V6_independent_rms_s0,phase2/results/predictions/full/mixed/resnet/seed_101/bandpass_n20001_cLA_V6_independent_rms_s0.npz,76404,55fc5ba4df9e631268fabe63b715a484332ba2aecc63201e06e39d80c078eef9
resnet,mixed,101,bandpass_n20001_cLA_V6_electrode_s20,phase2/results/predictions/full/mixed/resnet/seed_101/bandpass_n20001_cLA_V6_electrode_s20.npz,76784,da9ce69d00445499d10b04003a05668dac8463773890ff462f3093524e97d621
resnet,mixed,101,bandpass_n20001_cLA_V6_electrode_s15,phase2/results/predictions/full/mixed/resnet/seed_101/bandpass_n20001_cLA_V6_electrode_s15.npz,76759,b607598e4c4c8307dbc8a79d5a67e6f9f4d75facd0b9e8ae854ddb51cd76562d
resnet,mixed,101,bandpass_n20001_cLA_V6_electrode_s10,phase2/results/predictions/full/mixed/resnet/seed_101/bandpass_n20001_cLA_V6_electrode_s10.npz,76728,35f8a0689ef5554144955ba1bd2c11df7c787f2869790c2df661acb0fbf34951
resnet,mixed,101,bandpass_n20001_cLA_V6_electrode_s5,phase2/results/predictions/full/mixed/resnet/seed_101/bandpass_n20001_cLA_V6_electrode_s5.npz,76576,4f00487554d8783d12bd678e089a2b8aa668f0d5a4520b6926284e0e52e9c23e
resnet,mixed,101,bandpass_n20001_cLA_V6_electrode_s0,phase2/results/predictions/full/mixed/resnet/seed_101/bandpass_n20001_cLA_V6_electrode_s0.npz,76219,b61ab8bd1961cb7c1135605a8ba35fdb3fa0d53cee9916934b5903d3ce48027e
resnet,mixed,101,bandpass_n20001_cLA_V6_covariance_s20,phase2/results/predictions/full/mixed/resnet/seed_101/bandpass_n20001_cLA_V6_covariance_s20.npz,76785,5e1bedc0d08889b96d819de11ac8c115c5382992eca028686e48b5d5157956f7
resnet,mixed,101,bandpass_n20001_cLA_V6_covariance_s15,phase2/results/predictions/full/mixed/resnet/seed_101/bandpass_n20001_cLA_V6_covariance_s15.npz,76784,2d1b8475db049cbaa507fbf6745c848063113d2d606fb6dde15378f0074fdde4
resnet,mixed,101,bandpass_n20001_cLA_V6_covariance_s10,phase2/results/predictions/full/mixed/resnet/seed_101/bandpass_n20001_cLA_V6_covariance_s10.npz,76728,698ed8e7f0b8274c9fcf4395e660b955e3bfe7f1c4420ccbec725c738b3171cf
resnet,mixed,101,bandpass_n20001_cLA_V6_covariance_s5,phase2/results/predictions/full/mixed/resnet/seed_101/bandpass_n20001_cLA_V6_covariance_s5.npz,76604,12fe1dfd92410b0ba5c8a97f9045535baaf6d2d5033f5ecfa50776edc8501b80
resnet,mixed,101,bandpass_n20001_cLA_V6_covariance_s0,phase2/results/predictions/full/mixed/resnet/seed_101/bandpass_n20001_cLA_V6_covariance_s0.npz,76220,511b7e3246f62b6873098852ff5ae571feb5e52142d900e818c1fd2b63df17ea
resnet,mixed,101,bandpass_n20001_cLL_V4_independent_rms_s20,phase2/results/predictions/full/mixed/resnet/seed_101/bandpass_n20001_cLL_V4_independent_rms_s20.npz,76815,ffbc3b6500925b636187958187eb4187da43a85b2494b327734418ad8a92310d
resnet,mixed,101,bandpass_n20001_cLL_V4_independent_rms_s15,phase2/results/predictions/full/mixed/resnet/seed_101/bandpass_n20001_cLL_V4_independent_rms_s15.npz,76761,3fe2b6e670459e5a402c869569dab3d9251540b66e24154935d790c3ee0021f9
resnet,mixed,101,bandpass_n20001_cLL_V4_independent_rms_s10,phase2/results/predictions/full/mixed/resnet/seed_101/bandpass_n20001_cLL_V4_independent_rms_s10.npz,76742,e6b875c23014287230449a9ee5c9d2283f415b4fcbb0ccdb78f99c66adee6038
resnet,mixed,101,bandpass_n20001_cLL_V4_independent_rms_s5,phase2/results/predictions/full/mixed/resnet/seed_101/bandpass_n20001_cLL_V4_independent_rms_s5.npz,76660,f8b105995ab7cee4a6a907c1cc2a72d9ed95e02c1ee24784da96736ede891500
resnet,mixed,101,bandpass_n20001_cLL_V4_independent_rms_s0,phase2/results/predictions/full/mixed/resnet/seed_101/bandpass_n20001_cLL_V4_independent_rms_s0.npz,76354,e9986df99373f3f5ae78792c1e7f806321a9444ee05f133455a43255d143f539
resnet,mixed,101,bandpass_n20001_cLL_V4_electrode_s20,phase2/results/predictions/full/mixed/resnet/seed_101/bandpass_n20001_cLL_V4_electrode_s20.npz,76747,27a4c452f650783487e9d2fef438cebb85477aee4f4ec3885a49f2fe86049e8d
resnet,mixed,101,bandpass_n20001_cLL_V4_electrode_s15,phase2/results/predictions/full/mixed/resnet/seed_101/bandpass_n20001_cLL_V4_electrode_s15.npz,76739,e6fe10d0baf5f2eabb66dfdd5f9e65dba289980498191a733c9d5fd0e9c3e8d3
resnet,mixed,101,bandpass_n20001_cLL_V4_electrode_s10,phase2/results/predictions/full/mixed/resnet/seed_101/bandpass_n20001_cLL_V4_electrode_s10.npz,76691,d08740fc67f3a47791f75ef4f9d33febdc157a27bac64f907a64cfeb70e77e26
resnet,mixed,101,bandpass_n20001_cLL_V4_electrode_s5,phase2/results/predictions/full/mixed/resnet/seed_101/bandpass_n20001_cLL_V4_electrode_s5.npz,76472,97ffa6cd160f25bd01495693f3d135550f956b6a4424fc69fbabd970aedef5d2
resnet,mixed,101,bandpass_n20001_cLL_V4_electrode_s0,phase2/results/predictions/full/mixed/resnet/seed_101/bandpass_n20001_cLL_V4_electrode_s0.npz,76099,f7d6f08fd6f2a2ba81dbe838d67dd35e9e363c5afc0c660a6c6d814e9f0b0c53
resnet,mixed,101,bandpass_n20001_cLL_V4_covariance_s20,phase2/results/predictions/full/mixed/resnet/seed_101/bandpass_n20001_cLL_V4_covariance_s20.npz,76742,3f69753faaccdac6a0ea82fdf2ac471802a821a280debb91053646531a339f90
resnet,mixed,101,bandpass_n20001_cLL_V4_covariance_s15,phase2/results/predictions/full/mixed/resnet/seed_101/bandpass_n20001_cLL_V4_covariance_s15.npz,76754,c8b94867ffe40b5c8474dc6f6f96dffe3be40e08c0f79c3b7518f9ad5a6808b5
resnet,mixed,101,bandpass_n20001_cLL_V4_covariance_s10,phase2/results/predictions/full/mixed/resnet/seed_101/bandpass_n20001_cLL_V4_covariance_s10.npz,76713,5079970a3abcb11f521ec6555e0b5fb19985d897b8e3c19ce0bea384c02e1149
resnet,mixed,101,bandpass_n20001_cLL_V4_covariance_s5,phase2/results/predictions/full/mixed/resnet/seed_101/bandpass_n20001_cLL_V4_covariance_s5.npz,76486,2e7a36178a96edef2680027aa6b6f0e4aa2c202b2f8257de93bd9cb581228f7f
resnet,mixed,101,bandpass_n20001_cLL_V4_covariance_s0,phase2/results/predictions/full/mixed/resnet/seed_101/bandpass_n20001_cLL_V4_covariance_s0.npz,76115,a77c3b77454a96ac1685da0e915e33cf61ca1e980ba18523e7809c749e3f5bf8
resnet,mixed,101,bandpass_n20001_cRA_LA_V1_V6_independent_rms_s20,phase2/results/predictions/full/mixed/resnet/seed_101/bandpass_n20001_cRA_LA_V1_V6_independent_rms_s20.npz,76756,10c055547592524220a0379e7b5581edd3807b63da058d8c8606a6f307c804f8
resnet,mixed,101,bandpass_n20001_cRA_LA_V1_V6_independent_rms_s15,phase2/results/predictions/full/mixed/resnet/seed_101/bandpass_n20001_cRA_LA_V1_V6_independent_rms_s15.npz,76783,310a234489d90d167904f68aaedcc5a031814668c8ecbe07c2df8563ed45a5a5
resnet,mixed,101,bandpass_n20001_cRA_LA_V1_V6_independent_rms_s10,phase2/results/predictions/full/mixed/resnet/seed_101/bandpass_n20001_cRA_LA_V1_V6_independent_rms_s10.npz,76753,175019e584d6350b4841dcb368b5d3ce464667ea7a1e0190dab0dd4126433c2e
resnet,mixed,101,bandpass_n20001_cRA_LA_V1_V6_independent_rms_s5,phase2/results/predictions/full/mixed/resnet/seed_101/bandpass_n20001_cRA_LA_V1_V6_independent_rms_s5.npz,76712,53867b8fd2c5184dc5479b02a5cd252f28d630b1bab26ceba6c397f2e5bd35c7
resnet,mixed,101,bandpass_n20001_cRA_LA_V1_V6_independent_rms_s0,phase2/results/predictions/full/mixed/resnet/seed_101/bandpass_n20001_cRA_LA_V1_V6_independent_rms_s0.npz,76402,01602127cc26e7a76647583a0e7568d6cfd75e0772d14dd08c45d634f6274163
resnet,mixed,101,bandpass_n20001_cRA_LA_V1_V6_electrode_s20,phase2/results/predictions/full/mixed/resnet/seed_101/bandpass_n20001_cRA_LA_V1_V6_electrode_s20.npz,76782,b12196dfdfbdae957c00a33022b6232f4e0fca81ec6662ce15d059050c9bfb79
resnet,mixed,101,bandpass_n20001_cRA_LA_V1_V6_electrode_s15,phase2/results/predictions/full/mixed/resnet/seed_101/bandpass_n20001_cRA_LA_V1_V6_electrode_s15.npz,76769,512197e9b461d9d0d957ca0f48c72e366ed2e330eba9985c0a5f6c8c2af64d44
resnet,mixed,101,bandpass_n20001_cRA_LA_V1_V6_electrode_s10,phase2/results/predictions/full/mixed/resnet/seed_101/bandpass_n20001_cRA_LA_V1_V6_electrode_s10.npz,76720,2f2071d51025bfbfddc1ce1ce0b00df8239717ec633af6d4ac042159aae209f5
resnet,mixed,101,bandpass_n20001_cRA_LA_V1_V6_electrode_s5,phase2/results/predictions/full/mixed/resnet/seed_101/bandpass_n20001_cRA_LA_V1_V6_electrode_s5.npz,76583,bbeaaf39f0ae8be9628af2355c3e224829b850f4641d13f1d9363ad17117094a
resnet,mixed,101,bandpass_n20001_cRA_LA_V1_V6_electrode_s0,phase2/results/predictions/full/mixed/resnet/seed_101/bandpass_n20001_cRA_LA_V1_V6_electrode_s0.npz,76221,0bba6e7d7d78c04e981b14140c4d5f85be9dc197ffcafd55458503ad502a35cf
resnet,mixed,101,bandpass_n20001_cRA_LA_V1_V6_covariance_s20,phase2/results/predictions/full/mixed/resnet/seed_101/bandpass_n20001_cRA_LA_V1_V6_covariance_s20.npz,76765,dacfa46495cdadfbb239bb5971fc73178bbc694eeb2a97cefbd2e8794669d5cc
resnet,mixed,101,bandpass_n20001_cRA_LA_V1_V6_covariance_s15,phase2/results/predictions/full/mixed/resnet/seed_101/bandpass_n20001_cRA_LA_V1_V6_covariance_s15.npz,76760,d5dae47ab1d84b918b36a9d33b6bfccc732d6c6e050586c5d95aea80186f3704
resnet,mixed,101,bandpass_n20001_cRA_LA_V1_V6_covariance_s10,phase2/results/predictions/full/mixed/resnet/seed_101/bandpass_n20001_cRA_LA_V1_V6_covariance_s10.npz,76740,1252536b29164fdc43fa480a67a74d24a82cce4897187e8f45caf803fe6d3d34
resnet,mixed,101,bandpass_n20001_cRA_LA_V1_V6_covariance_s5,phase2/results/predictions/full/mixed/resnet/seed_101/bandpass_n20001_cRA_LA_V1_V6_covariance_s5.npz,76620,5acd11efea89a8d79a9ae2d434233726fba192433aad751663a6666db5974016
resnet,mixed,101,bandpass_n20001_cRA_LA_V1_V6_covariance_s0,phase2/results/predictions/full/mixed/resnet/seed_101/bandpass_n20001_cRA_LA_V1_V6_covariance_s0.npz,76224,3fc192ecaff2bae4b32e5314a41ce5d61c48ddd2889f6af64446bdcb1249bbd6
resnet,mixed,101,bandpass_n20001_cRA_V2_V5_independent_rms_s20,phase2/results/predictions/full/mixed/resnet/seed_101/bandpass_n20001_cRA_V2_V5_independent_rms_s20.npz,76794,62d78bc321ca6682e33742e0195a9711d2d4f968708f081336e89472dfce610d
resnet,mixed,101,bandpass_n20001_cRA_V2_V5_independent_rms_s15,phase2/results/predictions/full/mixed/resnet/seed_101/bandpass_n20001_cRA_V2_V5_independent_rms_s15.npz,76772,51ce0d1d530ea3dd12711168b8521a716ed2ededae31b969af1222a8320fa4c8
resnet,mixed,101,bandpass_n20001_cRA_V2_V5_independent_rms_s10,phase2/results/predictions/full/mixed/resnet/seed_101/bandpass_n20001_cRA_V2_V5_independent_rms_s10.npz,76752,75801c148a72a4d16244c50df404ca2f694780c702207dc401546603d800536c
resnet,mixed,101,bandpass_n20001_cRA_V2_V5_independent_rms_s5,phase2/results/predictions/full/mixed/resnet/seed_101/bandpass_n20001_cRA_V2_V5_independent_rms_s5.npz,76713,f072db56b57b096cd4eacc96f365aa759099a02c9655ebbd56968b556c24bb63
resnet,mixed,101,bandpass_n20001_cRA_V2_V5_independent_rms_s0,phase2/results/predictions/full/mixed/resnet/seed_101/bandpass_n20001_cRA_V2_V5_independent_rms_s0.npz,76408,59bd2be940b87b759d1e39c00b30bc1b22420a0b4392eb5f3a9d063a8dd6926b
resnet,mixed,101,bandpass_n20001_cRA_V2_V5_electrode_s20,phase2/results/predictions/full/mixed/resnet/seed_101/bandpass_n20001_cRA_V2_V5_electrode_s20.npz,76775,2ded6fb65d5252934955fbe339ccc3e87044525b9c7d8170f1707480e4164004
resnet,mixed,101,bandpass_n20001_cRA_V2_V5_electrode_s15,phase2/results/predictions/full/mixed/resnet/seed_101/bandpass_n20001_cRA_V2_V5_electrode_s15.npz,76772,e17354b692c2890503178fcf360e3f0504a884d5a19ffa0b7bf1c1e22bdaa502
resnet,mixed,101,bandpass_n20001_cRA_V2_V5_electrode_s10,phase2/results/predictions/full/mixed/resnet/seed_101/bandpass_n20001_cRA_V2_V5_electrode_s10.npz,76750,cad938fb8ed8f90560706d1e18e16c187d8bed1637ec76d40725ba4e9605fb3f
resnet,mixed,101,bandpass_n20001_cRA_V2_V5_electrode_s5,phase2/results/predictions/full/mixed/resnet/seed_101/bandpass_n20001_cRA_V2_V5_electrode_s5.npz,76650,f635da52583f6c70945d102e902bc1780c90fe3ea15f1cc66fdbd025ab31b985
resnet,mixed,101,bandpass_n20001_cRA_V2_V5_electrode_s0,phase2/results/predictions/full/mixed/resnet/seed_101/bandpass_n20001_cRA_V2_V5_electrode_s0.npz,76342,7a4b2869f598a24974e7def032e6ff252d9f41495dfb1c5b47deb3e0011eb463
resnet,mixed,101,bandpass_n20001_cRA_V2_V5_covariance_s20,phase2/results/predictions/full/mixed/resnet/seed_101/bandpass_n20001_cRA_V2_V5_covariance_s20.npz,76775,727cfff52cefa0ebf7ba7aec87a83e59bb6a1fdaa1bd09a1ebf432708b843ad4
resnet,mixed,101,bandpass_n20001_cRA_V2_V5_covariance_s15,phase2/results/predictions/full/mixed/resnet/seed_101/bandpass_n20001_cRA_V2_V5_covariance_s15.npz,76761,4ce843f917101a1b016429e3e5d98571e2269ccdac032c9188fb4f03954889d8
resnet,mixed,101,bandpass_n20001_cRA_V2_V5_covariance_s10,phase2/results/predictions/full/mixed/resnet/seed_101/bandpass_n20001_cRA_V2_V5_covariance_s10.npz,76731,2c434b888a9c149041cd2f60942b58c9efc9456c8e3ea567fff7274afe59222c
resnet,mixed,101,bandpass_n20001_cRA_V2_V5_covariance_s5,phase2/results/predictions/full/mixed/resnet/seed_101/bandpass_n20001_cRA_V2_V5_covariance_s5.npz,76627,290aeddb5f6151fbd09dce008e4854fcbadb171d240264fa7d19f5f3408d85e3
resnet,mixed,101,bandpass_n20001_cRA_V2_V5_covariance_s0,phase2/results/predictions/full/mixed/resnet/seed_101/bandpass_n20001_cRA_V2_V5_covariance_s0.npz,76315,dc2876bbd86ac0f5e643898739f61176cfaa4fce42cc071261810689d46193e8
resnet,mixed,101,bandpass_n20001_cLA_V3_V6_independent_rms_s20,phase2/results/predictions/full/mixed/resnet/seed_101/bandpass_n20001_cLA_V3_V6_independent_rms_s20.npz,76773,9643cacada255bfe5506ad19d5af47c9944cf5db4357cddb855fff0f761e1ff0
resnet,mixed,101,bandpass_n20001_cLA_V3_V6_independent_rms_s15,phase2/results/predictions/full/mixed/resnet/seed_101/bandpass_n20001_cLA_V3_V6_independent_rms_s15.npz,76767,bff69d74e2ab8c01debc3940ea2921e7b137fb761651331ed6b6f414b5d7d474
resnet,mixed,101,bandpass_n20001_cLA_V3_V6_independent_rms_s10,phase2/results/predictions/full/mixed/resnet/seed_101/bandpass_n20001_cLA_V3_V6_independent_rms_s10.npz,76748,4298b7545eea408eee7b5a9e76ac5b02ef67bcfb9c32f0358b58acba2960e340
resnet,mixed,101,bandpass_n20001_cLA_V3_V6_independent_rms_s5,phase2/results/predictions/full/mixed/resnet/seed_101/bandpass_n20001_cLA_V3_V6_independent_rms_s5.npz,76716,6db0e09bcdc219c26c400f9f23a6b0f312dca580b8c7b50ce2b66c6952c65b7f
resnet,mixed,101,bandpass_n20001_cLA_V3_V6_independent_rms_s0,phase2/results/predictions/full/mixed/resnet/seed_101/bandpass_n20001_cLA_V3_V6_independent_rms_s0.npz,76401,d98524393e1de1117dcad18bd0e3621d406daf788a8f6b6fc7a5e46aabb5a55d
resnet,mixed,101,bandpass_n20001_cLA_V3_V6_electrode_s20,phase2/results/predictions/full/mixed/resnet/seed_101/bandpass_n20001_cLA_V3_V6_electrode_s20.npz,76820,b0bf03bb1044fe12527f12dbcb5f59675eff1440194e2e347669b9cc87c242a0
resnet,mixed,101,bandpass_n20001_cLA_V3_V6_electrode_s15,phase2/results/predictions/full/mixed/resnet/seed_101/bandpass_n20001_cLA_V3_V6_electrode_s15.npz,76750,e0bc3aaaa3da8714d86cfb2c8db6012dda7be5d02cf01194d20e7973c3f69d54
resnet,mixed,101,bandpass_n20001_cLA_V3_V6_electrode_s10,phase2/results/predictions/full/mixed/resnet/seed_101/bandpass_n20001_cLA_V3_V6_electrode_s10.npz,76755,74be875681c7e8db5f8abe54473944ca38146769e572bb436fb844e2cbb57329
resnet,mixed,101,bandpass_n20001_cLA_V3_V6_electrode_s5,phase2/results/predictions/full/mixed/resnet/seed_101/bandpass_n20001_cLA_V3_V6_electrode_s5.npz,76643,c6f6c5070bf0c8c8c890ef4c1c6cf2449784095dd57b1335ff43e2a74f7bb89d
resnet,mixed,101,bandpass_n20001_cLA_V3_V6_electrode_s0,phase2/results/predictions/full/mixed/resnet/seed_101/bandpass_n20001_cLA_V3_V6_electrode_s0.npz,76222,b5ae6e2f15f197eaecc4c3589f2b03541c44c410b7a3bc4f51d34a732531b446
resnet,mixed,101,bandpass_n20001_cLA_V3_V6_covariance_s20,phase2/results/predictions/full/mixed/resnet/seed_101/bandpass_n20001_cLA_V3_V6_covariance_s20.npz,76766,8d2deddc280f42e5332532579eff6dccf5d3e7026fc2654001e54ebd4337915e
resnet,mixed,101,bandpass_n20001_cLA_V3_V6_covariance_s15,phase2/results/predictions/full/mixed/resnet/seed_101/bandpass_n20001_cLA_V3_V6_covariance_s15.npz,76754,ea83183b2e4036edbfcb4139d975fdda3034882f3c7015e8080c19404ded478f
resnet,mixed,101,bandpass_n20001_cLA_V3_V6_covariance_s10,phase2/results/predictions/full/mixed/resnet/seed_101/bandpass_n20001_cLA_V3_V6_covariance_s10.npz,76715,5df38ee3717ecba4038a4df313381aae4e15eaf3b5c4456e12b23dc78a44c5ff
resnet,mixed,101,bandpass_n20001_cLA_V3_V6_covariance_s5,phase2/results/predictions/full/mixed/resnet/seed_101/bandpass_n20001_cLA_V3_V6_covariance_s5.npz,76610,57b5fe8ed2c46d166dc7c327a124cdb988bb293c079d51202cc102c70069f6c2
resnet,mixed,101,bandpass_n20001_cLA_V3_V6_covariance_s0,phase2/results/predictions/full/mixed/resnet/seed_101/bandpass_n20001_cLA_V3_V6_covariance_s0.npz,76239,801acf0d164857eb3770f53ea92bf43bc43629e9ca6c5e6d685f0613996da89d
resnet,mixed,101,bandpass_n20001_cLL_V1_V4_independent_rms_s20,phase2/results/predictions/full/mixed/resnet/seed_101/bandpass_n20001_cLL_V1_V4_independent_rms_s20.npz,76759,014117434a3289733bc66ae3e887d7387691078b8a9eab2948843f93bd5689e7
resnet,mixed,101,bandpass_n20001_cLL_V1_V4_independent_rms_s15,phase2/results/predictions/full/mixed/resnet/seed_101/bandpass_n20001_cLL_V1_V4_independent_rms_s15.npz,76793,cc618ce7f2324e783f81611de91fa92ac1a7b410b85c5c5fd561f4e8dbcd7df0
resnet,mixed,101,bandpass_n20001_cLL_V1_V4_independent_rms_s10,phase2/results/predictions/full/mixed/resnet/seed_101/bandpass_n20001_cLL_V1_V4_independent_rms_s10.npz,76746,154e99ff9e6c432348e9b339f17896cdb40e665dce35845c8919af62662a8039
resnet,mixed,101,bandpass_n20001_cLL_V1_V4_independent_rms_s5,phase2/results/predictions/full/mixed/resnet/seed_101/bandpass_n20001_cLL_V1_V4_independent_rms_s5.npz,76674,49336c1bea84781d80acf73dfbb9f343c1ce71a33b538cd068d45ec6a7cf6f1a
resnet,mixed,101,bandpass_n20001_cLL_V1_V4_independent_rms_s0,phase2/results/predictions/full/mixed/resnet/seed_101/bandpass_n20001_cLL_V1_V4_independent_rms_s0.npz,76314,8584e24d7ccbcd5a196fe23cf0f23958f8470ff0c58c033c8b7c92ddf5febf47
resnet,mixed,101,bandpass_n20001_cLL_V1_V4_electrode_s20,phase2/results/predictions/full/mixed/resnet/seed_101/bandpass_n20001_cLL_V1_V4_electrode_s20.npz,76750,6a30160948893f55bd4e1ebc477cc06ee9c2db907add9ef2981c6ee0f61ffa40
resnet,mixed,101,bandpass_n20001_cLL_V1_V4_electrode_s15,phase2/results/predictions/full/mixed/resnet/seed_101/bandpass_n20001_cLL_V1_V4_electrode_s15.npz,76756,f2452bf5602b51f8a0b163061547ac75d3b2c5d4c114d870ecf024c5f640b08a
resnet,mixed,101,bandpass_n20001_cLL_V1_V4_electrode_s10,phase2/results/predictions/full/mixed/resnet/seed_101/bandpass_n20001_cLL_V1_V4_electrode_s10.npz,76694,1af8eb1286e51d4b734bbe089817e4b1be8874a9b9dc7ffc20e3823722d0d9e9
resnet,mixed,101,bandpass_n20001_cLL_V1_V4_electrode_s5,phase2/results/predictions/full/mixed/resnet/seed_101/bandpass_n20001_cLL_V1_V4_electrode_s5.npz,76497,88514e3a99f3cb0272a8afe2e5b77e12ad487ff1586b471e21d952aa86950184
resnet,mixed,101,bandpass_n20001_cLL_V1_V4_electrode_s0,phase2/results/predictions/full/mixed/resnet/seed_101/bandpass_n20001_cLL_V1_V4_electrode_s0.npz,76128,e96c336610fee0d8e389ab4642b7467c94f5f42f83c3d57adda781d01ce03082
resnet,mixed,101,bandpass_n20001_cLL_V1_V4_covariance_s20,phase2/results/predictions/full/mixed/resnet/seed_101/bandpass_n20001_cLL_V1_V4_covariance_s20.npz,76792,fee6677b6fdcae7bb7d19d4b9d33ceede3d56ded679b78505c866fcca2405611
resnet,mixed,101,bandpass_n20001_cLL_V1_V4_covariance_s15,phase2/results/predictions/full/mixed/resnet/seed_101/bandpass_n20001_cLL_V1_V4_covariance_s15.npz,76725,e4004aef0df6bdc91ce74d71cd713122dba2f78c2a97a5a49016f3876b4619c7
resnet,mixed,101,bandpass_n20001_cLL_V1_V4_covariance_s10,phase2/results/predictions/full/mixed/resnet/seed_101/bandpass_n20001_cLL_V1_V4_covariance_s10.npz,76746,979e2525b184cdce42cd39cb753fdfda918147a5a14f52b3a2cccdb821f93c00
resnet,mixed,101,bandpass_n20001_cLL_V1_V4_covariance_s5,phase2/results/predictions/full/mixed/resnet/seed_101/bandpass_n20001_cLL_V1_V4_covariance_s5.npz,76528,a9f464b6c7a70ce613f83f1da173092406249e3c8cfceab3ab477c7f0c2e172b
resnet,mixed,101,bandpass_n20001_cLL_V1_V4_covariance_s0,phase2/results/predictions/full/mixed/resnet/seed_101/bandpass_n20001_cLL_V1_V4_covariance_s0.npz,76115,c3b82ece66a58ebcc009cf552f6050240f73155eefd9433898e7fbb5b9e4785b
resnet,mixed,101,bandpass_n20001_call_independent_rms_s20,phase2/results/predictions/full/mixed/resnet/seed_101/bandpass_n20001_call_independent_rms_s20.npz,76765,7cb17c83d6956b3477c0be3928805fbd2dc825220fcefba323311a26a893e857
resnet,mixed,101,bandpass_n20001_call_independent_rms_s15,phase2/results/predictions/full/mixed/resnet/seed_101/bandpass_n20001_call_independent_rms_s15.npz,76727,64a293a378d867e22eef523f55ed193cd70bd5c584bf3241fb24ad7eabac1269
resnet,mixed,101,bandpass_n20001_call_independent_rms_s10,phase2/results/predictions/full/mixed/resnet/seed_101/bandpass_n20001_call_independent_rms_s10.npz,76749,e055ed7967b98d6716dd6f5bc60d637833a512b0d2895ce2741df8a4e4415db8
resnet,mixed,101,bandpass_n20001_call_independent_rms_s5,phase2/results/predictions/full/mixed/resnet/seed_101/bandpass_n20001_call_independent_rms_s5.npz,76670,701d00fb32c46ec24056631ce60100182ec53b41815edf03db821e9fc6a23542
resnet,mixed,101,bandpass_n20001_call_independent_rms_s0,phase2/results/predictions/full/mixed/resnet/seed_101/bandpass_n20001_call_independent_rms_s0.npz,76351,0a6712966ec18861493b5edf26c5b6c56a22fa4b03e2f28e77f6a4aa9f9ad839
resnet,mixed,101,bandpass_n20001_call_electrode_s20,phase2/results/predictions/full/mixed/resnet/seed_101/bandpass_n20001_call_electrode_s20.npz,76722,766ab62ea16eaf91dc4f0d53ef52fc7f62f7178da75812a93dc6bd317c77a023
resnet,mixed,101,bandpass_n20001_call_electrode_s15,phase2/results/predictions/full/mixed/resnet/seed_101/bandpass_n20001_call_electrode_s15.npz,76720,701a056fa3dd6046609432f8dabc4511251439c82f4e5a24d04c413e8664a73e
resnet,mixed,101,bandpass_n20001_call_electrode_s10,phase2/results/predictions/full/mixed/resnet/seed_101/bandpass_n20001_call_electrode_s10.npz,76688,72d36a84b269e934765ca448a77abf01ab50b3e4b6340d095de7780da85b8599
resnet,mixed,101,bandpass_n20001_call_electrode_s5,phase2/results/predictions/full/mixed/resnet/seed_101/bandpass_n20001_call_electrode_s5.npz,76526,d45b1edc40f61cba44477ab2a42bd2d67eb9ca631408f16b41237b14542fb7dd
resnet,mixed,101,bandpass_n20001_call_electrode_s0,phase2/results/predictions/full/mixed/resnet/seed_101/bandpass_n20001_call_electrode_s0.npz,76161,85b0948bc6efaf5fac1e51b41862988c4ac1cd32b70c00e706e686ee5e625023
resnet,mixed,101,bandpass_n20001_call_covariance_s20,phase2/results/predictions/full/mixed/resnet/seed_101/bandpass_n20001_call_covariance_s20.npz,76731,982f7842dfb3b27e57f3292a9e5a542d5444f2e6b7455f84de140efbbd1fd7b5
resnet,mixed,101,bandpass_n20001_call_covariance_s15,phase2/results/predictions/full/mixed/resnet/seed_101/bandpass_n20001_call_covariance_s15.npz,76735,4d843860f91444a9c33fd3c2e823e84d25aee09e8f8976922e39c825159e5002
resnet,mixed,101,bandpass_n20001_call_covariance_s10,phase2/results/predictions/full/mixed/resnet/seed_101/bandpass_n20001_call_covariance_s10.npz,76716,cb436ac42af43a2bb1a57e5cef00001945ad09080c8ecd4130d8ba2df5ec54f4
resnet,mixed,101,bandpass_n20001_call_covariance_s5,phase2/results/predictions/full/mixed/resnet/seed_101/bandpass_n20001_call_covariance_s5.npz,76549,bd1909758bcf0b3351878bc003ba372574afb18ba7b09f7c7a8e134e0fbf954b
resnet,mixed,101,bandpass_n20001_call_covariance_s0,phase2/results/predictions/full/mixed/resnet/seed_101/bandpass_n20001_call_covariance_s0.npz,76149,12c64c81574e37f1d7b75aec0d25e902d01d323e47e164b4d494056cf2ee7633
resnet,mixed,101,bandpass_n20002_cRA_LA_LL_independent_rms_s20,phase2/results/predictions/full/mixed/resnet/seed_101/bandpass_n20002_cRA_LA_LL_independent_rms_s20.npz,76784,1efa9fb3a29bacbb542e3cc0db553a0b95321f0726d27da6e73bfa9c148d7eb2
resnet,mixed,101,bandpass_n20002_cRA_LA_LL_independent_rms_s15,phase2/results/predictions/full/mixed/resnet/seed_101/bandpass_n20002_cRA_LA_LL_independent_rms_s15.npz,76767,731d155b3c70bc6ff1bccb66ff088d041f8641a4156b2cc7348bdaae7efd2049
resnet,mixed,101,bandpass_n20002_cRA_LA_LL_independent_rms_s10,phase2/results/predictions/full/mixed/resnet/seed_101/bandpass_n20002_cRA_LA_LL_independent_rms_s10.npz,76750,2900e94a1649abd435eabbd84bccadd452a34f6e27d7d7a92f4c5ffa3f7212f3
resnet,mixed,101,bandpass_n20002_cRA_LA_LL_independent_rms_s5,phase2/results/predictions/full/mixed/resnet/seed_101/bandpass_n20002_cRA_LA_LL_independent_rms_s5.npz,76699,c4bed04b7161cae3eeec086e6857a888ffe185e07fdb9c648e792bce2cc4eec5
resnet,mixed,101,bandpass_n20002_cRA_LA_LL_independent_rms_s0,phase2/results/predictions/full/mixed/resnet/seed_101/bandpass_n20002_cRA_LA_LL_independent_rms_s0.npz,76371,e936f6265defd4045cbd16bc9144859dce89b3748f0d2f3950aa5d114bca6663
resnet,mixed,101,bandpass_n20002_cRA_LA_LL_electrode_s20,phase2/results/predictions/full/mixed/resnet/seed_101/bandpass_n20002_cRA_LA_LL_electrode_s20.npz,76752,53ceb3a1d6a79e765c02a057688e345d54ded1c37ef3896da0c961d65e87d04d
resnet,mixed,101,bandpass_n20002_cRA_LA_LL_electrode_s15,phase2/results/predictions/full/mixed/resnet/seed_101/bandpass_n20002_cRA_LA_LL_electrode_s15.npz,76760,a093865365a5e32d20b38721dc5ce38016d69f2a9894e117e007ad06bf4542eb
resnet,mixed,101,bandpass_n20002_cRA_LA_LL_electrode_s10,phase2/results/predictions/full/mixed/resnet/seed_101/bandpass_n20002_cRA_LA_LL_electrode_s10.npz,76707,b8153932205421ab3e71361ecd71b2a77b45812f3f6647289d3b75ca5a25ab1c
resnet,mixed,101,bandpass_n20002_cRA_LA_LL_electrode_s5,phase2/results/predictions/full/mixed/resnet/seed_101/bandpass_n20002_cRA_LA_LL_electrode_s5.npz,76501,8589ebe4324c282e992ebdf7b1ff4b97d72d7d51e5a1de087a4ef8d58e77ab83
resnet,mixed,101,bandpass_n20002_cRA_LA_LL_electrode_s0,phase2/results/predictions/full/mixed/resnet/seed_101/bandpass_n20002_cRA_LA_LL_electrode_s0.npz,76117,8ce8fa951a4a2bad11f5a27838b634a03789590b21ccd6a6aa6b8b1bfe462226
resnet,mixed,101,bandpass_n20002_cRA_LA_LL_covariance_s20,phase2/results/predictions/full/mixed/resnet/seed_101/bandpass_n20002_cRA_LA_LL_covariance_s20.npz,76771,6f49eff08b6bb4efa82df7a676683b3ad393039f520cec7d8c9b0e670400d98f
resnet,mixed,101,bandpass_n20002_cRA_LA_LL_covariance_s15,phase2/results/predictions/full/mixed/resnet/seed_101/bandpass_n20002_cRA_LA_LL_covariance_s15.npz,76768,3e25f349e547c641eb730da226d549b3bd1aa8a68f3b9f1d39343cf231c1a0f7
resnet,mixed,101,bandpass_n20002_cRA_LA_LL_covariance_s10,phase2/results/predictions/full/mixed/resnet/seed_101/bandpass_n20002_cRA_LA_LL_covariance_s10.npz,76705,35746b5717250e45faf3a50e0316687bc700cfc5e4fe6dfa4b7890199cc16c83
resnet,mixed,101,bandpass_n20002_cRA_LA_LL_covariance_s5,phase2/results/predictions/full/mixed/resnet/seed_101/bandpass_n20002_cRA_LA_LL_covariance_s5.npz,76509,985a2d2701b2fd91a5cd696619fe215c19cff142765897df7772dbb8e051cc16
resnet,mixed,101,bandpass_n20002_cRA_LA_LL_covariance_s0,phase2/results/predictions/full/mixed/resnet/seed_101/bandpass_n20002_cRA_LA_LL_covariance_s0.npz,76125,1caf1a7f353577f0fa8c98ced264ca7bb1c1e6cd7ca0ffd329e0074204ab8374
resnet,mixed,101,bandpass_n20002_cV1_independent_rms_s20,phase2/results/predictions/full/mixed/resnet/seed_101/bandpass_n20002_cV1_independent_rms_s20.npz,76758,61cb4aaf03068a48a509ed7d3069885dbc21ea93867c07b6a2a75462e47939ae
resnet,mixed,101,bandpass_n20002_cV1_independent_rms_s15,phase2/results/predictions/full/mixed/resnet/seed_101/bandpass_n20002_cV1_independent_rms_s15.npz,76735,66f0865482b27a4aa6c4f163a54b3b0b0d10bdf6f71ab93aca5178610b3ef760
resnet,mixed,101,bandpass_n20002_cV1_independent_rms_s10,phase2/results/predictions/full/mixed/resnet/seed_101/bandpass_n20002_cV1_independent_rms_s10.npz,76725,36e94e06d84385452a70fdd88ea5dad8af878b2026033c958fd36c1fadf0f4e4
resnet,mixed,101,bandpass_n20002_cV1_independent_rms_s5,phase2/results/predictions/full/mixed/resnet/seed_101/bandpass_n20002_cV1_independent_rms_s5.npz,76602,5bfddfc6b9e7e3196795b22de493e9909a46eb7458893f80e94f3bc25b25c99b
resnet,mixed,101,bandpass_n20002_cV1_independent_rms_s0,phase2/results/predictions/full/mixed/resnet/seed_101/bandpass_n20002_cV1_independent_rms_s0.npz,76199,7303fdb701864d991972a795524cdbb3e2be53b60dff6729d21a3b6e222b769c
resnet,mixed,101,bandpass_n20002_cV1_electrode_s20,phase2/results/predictions/full/mixed/resnet/seed_101/bandpass_n20002_cV1_electrode_s20.npz,76760,ea2fe02e87e2da18c67ee4c8429ada9fb6035e4d70fd4eab0990ebc9c0cc4281
resnet,mixed,101,bandpass_n20002_cV1_electrode_s15,phase2/results/predictions/full/mixed/resnet/seed_101/bandpass_n20002_cV1_electrode_s15.npz,76737,b773f6ca567199419a87d43402ea96cdcee3254cd4bd63d97f77575ff590d9ec
resnet,mixed,101,bandpass_n20002_cV1_electrode_s10,phase2/results/predictions/full/mixed/resnet/seed_101/bandpass_n20002_cV1_electrode_s10.npz,76675,0ccde6d691fca5e2ccd2d13ae2918cfc7c9d50a7d8ea70ea77e1b985a3e732af
resnet,mixed,101,bandpass_n20002_cV1_electrode_s5,phase2/results/predictions/full/mixed/resnet/seed_101/bandpass_n20002_cV1_electrode_s5.npz,76588,491c5ac4a13cd36fde63e80cdbfb074fdc98a5ca433a5f7b1966ac7d4dcf5f53
resnet,mixed,101,bandpass_n20002_cV1_electrode_s0,phase2/results/predictions/full/mixed/resnet/seed_101/bandpass_n20002_cV1_electrode_s0.npz,76181,69ce89a198ce38e48e84b67c4bb7d5e98e7456768118294f3ebce2a4c54e2b31
resnet,mixed,101,bandpass_n20002_cV1_covariance_s20,phase2/results/predictions/full/mixed/resnet/seed_101/bandpass_n20002_cV1_covariance_s20.npz,76752,29eae32eb5b2ff7ed94a93ae452467ed6d0f4942c1c9a90b8a63f2322586956d
resnet,mixed,101,bandpass_n20002_cV1_covariance_s15,phase2/results/predictions/full/mixed/resnet/seed_101/bandpass_n20002_cV1_covariance_s15.npz,76743,c7906726b387eb5803911553d6b9bf64ca901e3c210c95e4512da03318f0bbca
resnet,mixed,101,bandpass_n20002_cV1_covariance_s10,phase2/results/predictions/full/mixed/resnet/seed_101/bandpass_n20002_cV1_covariance_s10.npz,76696,c60c42b27e4d082b74f3f27c955046cebdaa0a87b822e733005d2f38f85c0944
resnet,mixed,101,bandpass_n20002_cV1_covariance_s5,phase2/results/predictions/full/mixed/resnet/seed_101/bandpass_n20002_cV1_covariance_s5.npz,76612,a6d84c82d1bb60b934ff969c382d8ef50df2bb471ca6e9c7c5d92112671e6cc9
resnet,mixed,101,bandpass_n20002_cV1_covariance_s0,phase2/results/predictions/full/mixed/resnet/seed_101/bandpass_n20002_cV1_covariance_s0.npz,76185,1935d39548d811f7340d72d781ef680297a400c5dbaff55e2f6a622a38b9f11b
resnet,mixed,101,bandpass_n20002_cV2_independent_rms_s20,phase2/results/predictions/full/mixed/resnet/seed_101/bandpass_n20002_cV2_independent_rms_s20.npz,76759,472ad83c1cfd6934630b67d414ac858cd2526c6582396e1d14591d528e997eba
resnet,mixed,101,bandpass_n20002_cV2_independent_rms_s15,phase2/results/predictions/full/mixed/resnet/seed_101/bandpass_n20002_cV2_independent_rms_s15.npz,76768,245cc97922723110aa429c5e9454c36d5360ff8474e30990e56b5ac6c3f0e704
resnet,mixed,101,bandpass_n20002_cV2_independent_rms_s10,phase2/results/predictions/full/mixed/resnet/seed_101/bandpass_n20002_cV2_independent_rms_s10.npz,76738,6341387ab9dc80d0c203e11be330a9e6b97eb126a4b5c50169e14779b4cfe0b3
resnet,mixed,101,bandpass_n20002_cV2_independent_rms_s5,phase2/results/predictions/full/mixed/resnet/seed_101/bandpass_n20002_cV2_independent_rms_s5.npz,76656,5f65a52430e03dab4e78e517778cf446ba5293d1281f450bdf18650ba9d784f9
resnet,mixed,101,bandpass_n20002_cV2_independent_rms_s0,phase2/results/predictions/full/mixed/resnet/seed_101/bandpass_n20002_cV2_independent_rms_s0.npz,76237,15363bdc5f118157a187a9bb9f7cc64360203497b813b390b7fa0645c90b67c5
resnet,mixed,101,bandpass_n20002_cV2_electrode_s20,phase2/results/predictions/full/mixed/resnet/seed_101/bandpass_n20002_cV2_electrode_s20.npz,76746,c28ec4173f192409cd3df2a3ec5517bb25f7d2d4edd1b62e0d164683fe5ea298
resnet,mixed,101,bandpass_n20002_cV2_electrode_s15,phase2/results/predictions/full/mixed/resnet/seed_101/bandpass_n20002_cV2_electrode_s15.npz,76743,edff6d502ef9db8ffb99b858ed2f724106fc141416dc883db78ec4a0522ed854
resnet,mixed,101,bandpass_n20002_cV2_electrode_s10,phase2/results/predictions/full/mixed/resnet/seed_101/bandpass_n20002_cV2_electrode_s10.npz,76712,05d421ef3d9f967a85ffa9980ac54db3abff239cccca851ec8cb61aecce939c6
resnet,mixed,101,bandpass_n20002_cV2_electrode_s5,phase2/results/predictions/full/mixed/resnet/seed_101/bandpass_n20002_cV2_electrode_s5.npz,76634,6418a2169b31477a329f938610f06309a956d4d038e12bea0bd70794ab970bc7
resnet,mixed,101,bandpass_n20002_cV2_electrode_s0,phase2/results/predictions/full/mixed/resnet/seed_101/bandpass_n20002_cV2_electrode_s0.npz,76249,b713f06ca57a0da14e255cb9afbcf1fbc4f15a9a499ba9f20c75c91490d55208
resnet,mixed,101,bandpass_n20002_cV2_covariance_s20,phase2/results/predictions/full/mixed/resnet/seed_101/bandpass_n20002_cV2_covariance_s20.npz,76758,4ccf153432472edd9c85577096e919ce7aa155a30ccf4ee4abd25c32b52f3029
resnet,mixed,101,bandpass_n20002_cV2_covariance_s15,phase2/results/predictions/full/mixed/resnet/seed_101/bandpass_n20002_cV2_covariance_s15.npz,76755,0dc0d2530146f86f22cb0378fe4396f313c0b41d4bf7d293934bbbf06d6a80c7
resnet,mixed,101,bandpass_n20002_cV2_covariance_s10,phase2/results/predictions/full/mixed/resnet/seed_101/bandpass_n20002_cV2_covariance_s10.npz,76724,a068ebfad5d8c0e0ea65838a8a4ad0f4c3262480bd81cac8165a1948019eda79
resnet,mixed,101,bandpass_n20002_cV2_covariance_s5,phase2/results/predictions/full/mixed/resnet/seed_101/bandpass_n20002_cV2_covariance_s5.npz,76627,f41907566c53faf59a0e5284bb6e9cf4e751a694189e8f093313e6bc068508c8
resnet,mixed,101,bandpass_n20002_cV2_covariance_s0,phase2/results/predictions/full/mixed/resnet/seed_101/bandpass_n20002_cV2_covariance_s0.npz,76230,7fdcdeb3d5b29105a6970f6a3c20dac66924e9ac2626a0a303f5b6f76b9b9f16
resnet,mixed,101,bandpass_n20002_cV3_independent_rms_s20,phase2/results/predictions/full/mixed/resnet/seed_101/bandpass_n20002_cV3_independent_rms_s20.npz,76793,6ea4dca53dee6a90dc0b813965520b71a4c7e53a16ec327f53aae158ecca2b7f
resnet,mixed,101,bandpass_n20002_cV3_independent_rms_s15,phase2/results/predictions/full/mixed/resnet/seed_101/bandpass_n20002_cV3_independent_rms_s15.npz,76772,a852f1f960d9579e0dbfe50494957f4d60636c2e50354b7bc9325348728af639
resnet,mixed,101,bandpass_n20002_cV3_independent_rms_s10,phase2/results/predictions/full/mixed/resnet/seed_101/bandpass_n20002_cV3_independent_rms_s10.npz,76750,1f3b7d17a582b64e3b3c40fe65527ed3a3af7651844e8718f18419c70cac5185
resnet,mixed,101,bandpass_n20002_cV3_independent_rms_s5,phase2/results/predictions/full/mixed/resnet/seed_101/bandpass_n20002_cV3_independent_rms_s5.npz,76687,1b850bf613691380d4e29eecee03b5574dd80005371e4f63d8922d3db7a77dfa
resnet,mixed,101,bandpass_n20002_cV3_independent_rms_s0,phase2/results/predictions/full/mixed/resnet/seed_101/bandpass_n20002_cV3_independent_rms_s0.npz,76443,83496a3882f8c8c2b6bed22209758eccee803f129ad2d337ab11195a1bfa6237
resnet,mixed,101,bandpass_n20002_cV3_electrode_s20,phase2/results/predictions/full/mixed/resnet/seed_101/bandpass_n20002_cV3_electrode_s20.npz,76765,c2233437e62b7f5d4cf7b0398bd01f490899c808466d147acff397b759e405bb
resnet,mixed,101,bandpass_n20002_cV3_electrode_s15,phase2/results/predictions/full/mixed/resnet/seed_101/bandpass_n20002_cV3_electrode_s15.npz,76746,5a0d29b40b005987d74b1496042399dd50de1f31bb002df61960c9a67d797ef1
resnet,mixed,101,bandpass_n20002_cV3_electrode_s10,phase2/results/predictions/full/mixed/resnet/seed_101/bandpass_n20002_cV3_electrode_s10.npz,76749,1b081def98fc85c3e210cdb5834a037b8a4a0bd60c057b359ef829e56e51b9f1
resnet,mixed,101,bandpass_n20002_cV3_electrode_s5,phase2/results/predictions/full/mixed/resnet/seed_101/bandpass_n20002_cV3_electrode_s5.npz,76637,3b37146483e971552529614e5907e7e085bf614dee239a11c8652587bbf4146c
resnet,mixed,101,bandpass_n20002_cV3_electrode_s0,phase2/results/predictions/full/mixed/resnet/seed_101/bandpass_n20002_cV3_electrode_s0.npz,76419,82dd6f275d343a507b3b5935efa0dcaa526b5e106a69e60a0fd3132404dae7c2
resnet,mixed,101,bandpass_n20002_cV3_covariance_s20,phase2/results/predictions/full/mixed/resnet/seed_101/bandpass_n20002_cV3_covariance_s20.npz,76760,b79a7edb6bb97296a4875ae58bdc3ed1d4efd4965c2e347dda6362c1d31804c4
resnet,mixed,101,bandpass_n20002_cV3_covariance_s15,phase2/results/predictions/full/mixed/resnet/seed_101/bandpass_n20002_cV3_covariance_s15.npz,76766,0adcb2b195154b50d22022c627929cebb6f201682bcf9a5b933acce1fa16d10e
resnet,mixed,101,bandpass_n20002_cV3_covariance_s10,phase2/results/predictions/full/mixed/resnet/seed_101/bandpass_n20002_cV3_covariance_s10.npz,76730,52bd97a7a55484084546cec7dc03af609b4b5bc367da270d3072c94fb6748a53
resnet,mixed,101,bandpass_n20002_cV3_covariance_s5,phase2/results/predictions/full/mixed/resnet/seed_101/bandpass_n20002_cV3_covariance_s5.npz,76714,f1e5898849e04eb2c36f0e93504434e9773975f1869465ab4fadf16254a3e7fb
resnet,mixed,101,bandpass_n20002_cV3_covariance_s0,phase2/results/predictions/full/mixed/resnet/seed_101/bandpass_n20002_cV3_covariance_s0.npz,76345,aa1d8c076c97dc93d2e3aefa950cc8c44b08a7f2d8fabd7676187daae6de46e8
resnet,mixed,101,bandpass_n20002_cV4_independent_rms_s20,phase2/results/predictions/full/mixed/resnet/seed_101/bandpass_n20002_cV4_independent_rms_s20.npz,76785,9313fddde82c6ca3137912a527ea286f12ad42d2b0f241b830faf36354bcd13d
resnet,mixed,101,bandpass_n20002_cV4_independent_rms_s15,phase2/results/predictions/full/mixed/resnet/seed_101/bandpass_n20002_cV4_independent_rms_s15.npz,76751,b90eb2f9d1095fea091af1ea4abc43046ee1e083dabf338745e32faf36c706bf
resnet,mixed,101,bandpass_n20002_cV4_independent_rms_s10,phase2/results/predictions/full/mixed/resnet/seed_101/bandpass_n20002_cV4_independent_rms_s10.npz,76715,6c5edf637edd833273a81d0d9236f8db6262fd6d4f1c25038713ad9e6b7e6a74
resnet,mixed,101,bandpass_n20002_cV4_independent_rms_s5,phase2/results/predictions/full/mixed/resnet/seed_101/bandpass_n20002_cV4_independent_rms_s5.npz,76683,16b4303ca81e7d0f62350967d910fbbe207fcafc19c0f329fdc5b561480f0f8f
resnet,mixed,101,bandpass_n20002_cV4_independent_rms_s0,phase2/results/predictions/full/mixed/resnet/seed_101/bandpass_n20002_cV4_independent_rms_s0.npz,76465,f893f11e44e587d501ceed1634b7e31222f683c9d42813b271da9853abcfe9d1
resnet,mixed,101,bandpass_n20002_cV4_electrode_s20,phase2/results/predictions/full/mixed/resnet/seed_101/bandpass_n20002_cV4_electrode_s20.npz,76733,126632dd41e47feb1171c7a910e234dfd551a161edfe69fb4a8d4090f1a1b620
resnet,mixed,101,bandpass_n20002_cV4_electrode_s15,phase2/results/predictions/full/mixed/resnet/seed_101/bandpass_n20002_cV4_electrode_s15.npz,76758,ee17cc79cc7396d3759bf4faae7e13c1a61bcd1130866267e8da3f8a23bf86f2
resnet,mixed,101,bandpass_n20002_cV4_electrode_s10,phase2/results/predictions/full/mixed/resnet/seed_101/bandpass_n20002_cV4_electrode_s10.npz,76727,64c3feb8d474606b2c9f52d18dd8d5c8afaff26970a659b302b2814267f5dcec
resnet,mixed,101,bandpass_n20002_cV4_electrode_s5,phase2/results/predictions/full/mixed/resnet/seed_101/bandpass_n20002_cV4_electrode_s5.npz,76659,9b5b04490856eb3195120e7b1aeedd4975777cfe7d481a1672053a0ef8772398
resnet,mixed,101,bandpass_n20002_cV4_electrode_s0,phase2/results/predictions/full/mixed/resnet/seed_101/bandpass_n20002_cV4_electrode_s0.npz,76442,249018ad7035f19fdde0f6fd43497e835f68c4a7ad56c2d0eacb76fbe541e87c
resnet,mixed,101,bandpass_n20002_cV4_covariance_s20,phase2/results/predictions/full/mixed/resnet/seed_101/bandpass_n20002_cV4_covariance_s20.npz,76742,5f66e252ad3b8df82a1f29669afcf004d969bbe131ddfd4a7fd534cbe7b80e4e
resnet,mixed,101,bandpass_n20002_cV4_covariance_s15,phase2/results/predictions/full/mixed/resnet/seed_101/bandpass_n20002_cV4_covariance_s15.npz,76727,66a89f7a6f0ef8642ddb568bed4c0bfa1da862793aa797c52691b8454d6e2b6b
resnet,mixed,101,bandpass_n20002_cV4_covariance_s10,phase2/results/predictions/full/mixed/resnet/seed_101/bandpass_n20002_cV4_covariance_s10.npz,76735,a9161828011fa189f988b5a3db7e7babc24c4b34b26ba52401bcfc56d467dc1f
resnet,mixed,101,bandpass_n20002_cV4_covariance_s5,phase2/results/predictions/full/mixed/resnet/seed_101/bandpass_n20002_cV4_covariance_s5.npz,76693,a3cbf695bfa5d49a41769e1312be80bd3f44124dd121ce2ec4d92b103f1e554a
resnet,mixed,101,bandpass_n20002_cV4_covariance_s0,phase2/results/predictions/full/mixed/resnet/seed_101/bandpass_n20002_cV4_covariance_s0.npz,76453,014e2dbfbfa321d5087e6a91211318b620a8ce2509765e94169431169ca70277
resnet,mixed,101,bandpass_n20002_cV5_independent_rms_s20,phase2/results/predictions/full/mixed/resnet/seed_101/bandpass_n20002_cV5_independent_rms_s20.npz,76757,b6902d9d911cb777febd93631f6bb6d132f4cca32f1e510212baa6a489ade31f
resnet,mixed,101,bandpass_n20002_cV5_independent_rms_s15,phase2/results/predictions/full/mixed/resnet/seed_101/bandpass_n20002_cV5_independent_rms_s15.npz,76773,205822de70c95567da3654a9f6e9b2f3050153dd540cccdfac1f7f3dbfdbe64d
resnet,mixed,101,bandpass_n20002_cV5_independent_rms_s10,phase2/results/predictions/full/mixed/resnet/seed_101/bandpass_n20002_cV5_independent_rms_s10.npz,76769,45cf7acc529e9582973f325e0752a1a85c8501e8df84e1ac3f64ba2837c136c1
resnet,mixed,101,bandpass_n20002_cV5_independent_rms_s5,phase2/results/predictions/full/mixed/resnet/seed_101/bandpass_n20002_cV5_independent_rms_s5.npz,76745,ef14653f5b36a8783d0d970c7a10180d063870012908ccac3e15a3ae161cdc02
resnet,mixed,101,bandpass_n20002_cV5_independent_rms_s0,phase2/results/predictions/full/mixed/resnet/seed_101/bandpass_n20002_cV5_independent_rms_s0.npz,76454,fad5c59470f07fcb37e6b115605b3977301e15bef6888fa3c8e7edd79bd78ff2
resnet,mixed,101,bandpass_n20002_cV5_electrode_s20,phase2/results/predictions/full/mixed/resnet/seed_101/bandpass_n20002_cV5_electrode_s20.npz,76748,cd9658e11113e8d1cd7430cec4eea2f9a9fa8e2b191ecf6069b10529babd06f3
resnet,mixed,101,bandpass_n20002_cV5_electrode_s15,phase2/results/predictions/full/mixed/resnet/seed_101/bandpass_n20002_cV5_electrode_s15.npz,76774,298a405c4bccf70e62f210851e6659b5091362163ad1f84c0934ccbdd75662b4
resnet,mixed,101,bandpass_n20002_cV5_electrode_s10,phase2/results/predictions/full/mixed/resnet/seed_101/bandpass_n20002_cV5_electrode_s10.npz,76778,83bb06f491233e3b523767214c7a972dc02e119a3862cdb153dcf949e0bcba65
resnet,mixed,101,bandpass_n20002_cV5_electrode_s5,phase2/results/predictions/full/mixed/resnet/seed_101/bandpass_n20002_cV5_electrode_s5.npz,76694,12b02c6d3595a72925c46f810d1e42671292022d4e1b18f131d068e094375659
resnet,mixed,101,bandpass_n20002_cV5_electrode_s0,phase2/results/predictions/full/mixed/resnet/seed_101/bandpass_n20002_cV5_electrode_s0.npz,76469,cdf8262b83dd977500153ae905b385b6725f1df6450a983201515cbf867e7fef
resnet,mixed,101,bandpass_n20002_cV5_covariance_s20,phase2/results/predictions/full/mixed/resnet/seed_101/bandpass_n20002_cV5_covariance_s20.npz,76748,52c6619d05f7477bb90bcf677afd54e654743a1d8926354e572c3a9aa4f82376
resnet,mixed,101,bandpass_n20002_cV5_covariance_s15,phase2/results/predictions/full/mixed/resnet/seed_101/bandpass_n20002_cV5_covariance_s15.npz,76759,c2871298c2af89bf6b21466d2586d72f08e38fbed1556af6b77f70ea110e8afd
resnet,mixed,101,bandpass_n20002_cV5_covariance_s10,phase2/results/predictions/full/mixed/resnet/seed_101/bandpass_n20002_cV5_covariance_s10.npz,76766,193852a9d3549afdcf13e11579a875ae929e4b2e42c8ff35e3f8d8201b511bba
resnet,mixed,101,bandpass_n20002_cV5_covariance_s5,phase2/results/predictions/full/mixed/resnet/seed_101/bandpass_n20002_cV5_covariance_s5.npz,76687,e0aee7d668d3b99c00779351db76ad398e1c13944f429ef6bdfee4c7d2fcf48a
resnet,mixed,101,bandpass_n20002_cV5_covariance_s0,phase2/results/predictions/full/mixed/resnet/seed_101/bandpass_n20002_cV5_covariance_s0.npz,76502,8155a1a0cb686e99e07eb1451b37c4fb0ab9f360643e8d2cffa7d28787f48dce
resnet,mixed,101,bandpass_n20002_cV6_independent_rms_s20,phase2/results/predictions/full/mixed/resnet/seed_101/bandpass_n20002_cV6_independent_rms_s20.npz,76765,dfa306e6c93207cd56708350f43f6d316bb3a517e91f6c75f1580657a4027043
resnet,mixed,101,bandpass_n20002_cV6_independent_rms_s15,phase2/results/predictions/full/mixed/resnet/seed_101/bandpass_n20002_cV6_independent_rms_s15.npz,76753,935c247bc8189e0f8850c9ad5d5088d0189c2811fb3a198885eabae0a207a59f
resnet,mixed,101,bandpass_n20002_cV6_independent_rms_s10,phase2/results/predictions/full/mixed/resnet/seed_101/bandpass_n20002_cV6_independent_rms_s10.npz,76769,8e70b2e6b47b3d596c9e25b38a5286ce26542078116663884c4236f8f5ecffde
resnet,mixed,101,bandpass_n20002_cV6_independent_rms_s5,phase2/results/predictions/full/mixed/resnet/seed_101/bandpass_n20002_cV6_independent_rms_s5.npz,76643,1d06a247a4714ec80180f95f1142cb908457f2ba3ca5c6b392788ecc7e102522
resnet,mixed,101,bandpass_n20002_cV6_independent_rms_s0,phase2/results/predictions/full/mixed/resnet/seed_101/bandpass_n20002_cV6_independent_rms_s0.npz,76444,c174381ddc9d1330d9b7a084c07dd11b0eac5cc69c99db7faabbdf9739578fbd
resnet,mixed,101,bandpass_n20002_cV6_electrode_s20,phase2/results/predictions/full/mixed/resnet/seed_101/bandpass_n20002_cV6_electrode_s20.npz,76737,dabb10767073031aa823cbbb6510932a6b9dbeeb8491c341993b8c7c9d7a7bde
resnet,mixed,101,bandpass_n20002_cV6_electrode_s15,phase2/results/predictions/full/mixed/resnet/seed_101/bandpass_n20002_cV6_electrode_s15.npz,76760,4411f76db5217c8ba76f56276d65bacbe2d59b7e85a2dbc2937e12e36d202021
resnet,mixed,101,bandpass_n20002_cV6_electrode_s10,phase2/results/predictions/full/mixed/resnet/seed_101/bandpass_n20002_cV6_electrode_s10.npz,76717,1180f1d615acce0d111d7aae73394cbb735d3a3b63330a28765bd7869d978460
resnet,mixed,101,bandpass_n20002_cV6_electrode_s5,phase2/results/predictions/full/mixed/resnet/seed_101/bandpass_n20002_cV6_electrode_s5.npz,76663,d93920aedd92e554c6ad95017cec08667247e1b2b0e031e35ecd1dc392e6f143
resnet,mixed,101,bandpass_n20002_cV6_electrode_s0,phase2/results/predictions/full/mixed/resnet/seed_101/bandpass_n20002_cV6_electrode_s0.npz,76452,dfd3f7e332d3c7333d42409f436b660de77ad93e78b1335d50bec611e12669bd
resnet,mixed,101,bandpass_n20002_cV6_covariance_s20,phase2/results/predictions/full/mixed/resnet/seed_101/bandpass_n20002_cV6_covariance_s20.npz,76730,0a28f6b972ba0b548f42e9cbf4bb16e53310739906305bfb420976b8794a61fa
resnet,mixed,101,bandpass_n20002_cV6_covariance_s15,phase2/results/predictions/full/mixed/resnet/seed_101/bandpass_n20002_cV6_covariance_s15.npz,76750,70d21dd9592115bdd05920e76e047d7a9a66eb83b0b5e8adc54d858b3ee0c1eb
resnet,mixed,101,bandpass_n20002_cV6_covariance_s10,phase2/results/predictions/full/mixed/resnet/seed_101/bandpass_n20002_cV6_covariance_s10.npz,76729,5955c0fca99236444e72961a93181e3bda60fac3725b19571e9df97e8c6a640f
resnet,mixed,101,bandpass_n20002_cV6_covariance_s5,phase2/results/predictions/full/mixed/resnet/seed_101/bandpass_n20002_cV6_covariance_s5.npz,76657,a78c03f91f7ce3c06751dc835e4aac404a5a32e195a58bb477b7707237558eb3
resnet,mixed,101,bandpass_n20002_cV6_covariance_s0,phase2/results/predictions/full/mixed/resnet/seed_101/bandpass_n20002_cV6_covariance_s0.npz,76430,3daf13355eff5fcb9ae03be6efda046391361347aaf930dbc0658f4b018b0695
resnet,mixed,101,bandpass_n20002_cRA_LA_independent_rms_s20,phase2/results/predictions/full/mixed/resnet/seed_101/bandpass_n20002_cRA_LA_independent_rms_s20.npz,76792,23290b130bf7d13565cbd4ab5475ed0f0ae20cebd7b40d70abab2ec327f3b8a5
resnet,mixed,101,bandpass_n20002_cRA_LA_independent_rms_s15,phase2/results/predictions/full/mixed/resnet/seed_101/bandpass_n20002_cRA_LA_independent_rms_s15.npz,76799,889ac85f084312a52bd70df4a34a6f827b3c05f5b2d8ef2853e63221cb819796
resnet,mixed,101,bandpass_n20002_cRA_LA_independent_rms_s10,phase2/results/predictions/full/mixed/resnet/seed_101/bandpass_n20002_cRA_LA_independent_rms_s10.npz,76756,60590b55919e83766e6a51efed862b04b82b2907baceb09fb54007857ebb0531
resnet,mixed,101,bandpass_n20002_cRA_LA_independent_rms_s5,phase2/results/predictions/full/mixed/resnet/seed_101/bandpass_n20002_cRA_LA_independent_rms_s5.npz,76707,5044aa7d1e9ce8e2b920d0b9ed68959c76dbd7019e58884b6c8aab40ef2f1043
resnet,mixed,101,bandpass_n20002_cRA_LA_independent_rms_s0,phase2/results/predictions/full/mixed/resnet/seed_101/bandpass_n20002_cRA_LA_independent_rms_s0.npz,76401,5ab9bc4078f0d5a2d4889cd86acb8f275becdf666084bfc6fe3e8c2504c0f7d3
resnet,mixed,101,bandpass_n20002_cRA_LA_electrode_s20,phase2/results/predictions/full/mixed/resnet/seed_101/bandpass_n20002_cRA_LA_electrode_s20.npz,76746,ba274e84036aeb9fbf182a4772bb7f771cb6f076bba1825600fe2632a76c5764
resnet,mixed,101,bandpass_n20002_cRA_LA_electrode_s15,phase2/results/predictions/full/mixed/resnet/seed_101/bandpass_n20002_cRA_LA_electrode_s15.npz,76742,ce93056517d8cfc01e61a785b4c254924b58705ade98a66dbffde3d65e23dbf1
resnet,mixed,101,bandpass_n20002_cRA_LA_electrode_s10,phase2/results/predictions/full/mixed/resnet/seed_101/bandpass_n20002_cRA_LA_electrode_s10.npz,76703,c90ca985e7199286073c0c15e25fbd395d5b368cb392d6e081bf0f9fd6a13c3b
resnet,mixed,101,bandpass_n20002_cRA_LA_electrode_s5,phase2/results/predictions/full/mixed/resnet/seed_101/bandpass_n20002_cRA_LA_electrode_s5.npz,76532,cf22fa2f04660f765e9f27fa669390cafbffab85acc44bcbdc54f5e92f0a2e21
resnet,mixed,101,bandpass_n20002_cRA_LA_electrode_s0,phase2/results/predictions/full/mixed/resnet/seed_101/bandpass_n20002_cRA_LA_electrode_s0.npz,76197,29076e73c1d8f937335939aa362307f004f39f7d821e91201962eaf3cbbfcbf6
resnet,mixed,101,bandpass_n20002_cRA_LA_covariance_s20,phase2/results/predictions/full/mixed/resnet/seed_101/bandpass_n20002_cRA_LA_covariance_s20.npz,76782,5a95268dd609bb7fbe370b121e47ed44706f9678ce462772ad78abaaba8bd94a
resnet,mixed,101,bandpass_n20002_cRA_LA_covariance_s15,phase2/results/predictions/full/mixed/resnet/seed_101/bandpass_n20002_cRA_LA_covariance_s15.npz,76756,edea07a16e973408122dab3eae957737a1a8750288d358005006fc9160497fc9
resnet,mixed,101,bandpass_n20002_cRA_LA_covariance_s10,phase2/results/predictions/full/mixed/resnet/seed_101/bandpass_n20002_cRA_LA_covariance_s10.npz,76708,adc0c802b15a3ab8942b97dd963a7334596b675f329ef7b6e6d77b5a9a8ea97d
resnet,mixed,101,bandpass_n20002_cRA_LA_covariance_s5,phase2/results/predictions/full/mixed/resnet/seed_101/bandpass_n20002_cRA_LA_covariance_s5.npz,76560,4a22fb4fda65c543327375e4474bf3eab6a41b5d13e14065c28e7fff84331dfb
resnet,mixed,101,bandpass_n20002_cRA_LA_covariance_s0,phase2/results/predictions/full/mixed/resnet/seed_101/bandpass_n20002_cRA_LA_covariance_s0.npz,76203,5be52fca3ad824cdf46b3587b79be82839757cea67fb37ebc8d18dc97d6445e8
resnet,mixed,101,bandpass_n20002_cLA_LL_independent_rms_s20,phase2/results/predictions/full/mixed/resnet/seed_101/bandpass_n20002_cLA_LL_independent_rms_s20.npz,76778,97dd6aca34a7c5870ea90970d53f460e990739ca7dc88044796bc13a6fd4cab0
resnet,mixed,101,bandpass_n20002_cLA_LL_independent_rms_s15,phase2/results/predictions/full/mixed/resnet/seed_101/bandpass_n20002_cLA_LL_independent_rms_s15.npz,76759,bd83cc825443a82e2cd0ba30dc5c750a68a9c8b67fd43234b4d87c59516a5fe4
resnet,mixed,101,bandpass_n20002_cLA_LL_independent_rms_s10,phase2/results/predictions/full/mixed/resnet/seed_101/bandpass_n20002_cLA_LL_independent_rms_s10.npz,76746,57351998e23a4e34e5cf60fe3408a0ffcc7cddca94c8d49905a79727b1851920
resnet,mixed,101,bandpass_n20002_cLA_LL_independent_rms_s5,phase2/results/predictions/full/mixed/resnet/seed_101/bandpass_n20002_cLA_LL_independent_rms_s5.npz,76710,b34609480a127f5969e304add040849c66f9a0e2798df6841e6a6306e78ef300
resnet,mixed,101,bandpass_n20002_cLA_LL_independent_rms_s0,phase2/results/predictions/full/mixed/resnet/seed_101/bandpass_n20002_cLA_LL_independent_rms_s0.npz,76363,35565a213c6a402fa16c5379f53a531d12dc017d1dcc1a8059fcad552ee5f938
resnet,mixed,101,bandpass_n20002_cLA_LL_electrode_s20,phase2/results/predictions/full/mixed/resnet/seed_101/bandpass_n20002_cLA_LL_electrode_s20.npz,76763,16d49a4a244b3f3a6f00ffa5d4c32d252905b2e0ac87a98268773d2f4e8a03cf
resnet,mixed,101,bandpass_n20002_cLA_LL_electrode_s15,phase2/results/predictions/full/mixed/resnet/seed_101/bandpass_n20002_cLA_LL_electrode_s15.npz,76762,e251b9fe4aae25531c17a8c7594d3eae45ef2e89067d49f67fe3ea145b4131cc
resnet,mixed,101,bandpass_n20002_cLA_LL_electrode_s10,phase2/results/predictions/full/mixed/resnet/seed_101/bandpass_n20002_cLA_LL_electrode_s10.npz,76715,731f993ac83d35b6e431f30a93aea60bbd36904c52f287b10a99e975be7ee34e
resnet,mixed,101,bandpass_n20002_cLA_LL_electrode_s5,phase2/results/predictions/full/mixed/resnet/seed_101/bandpass_n20002_cLA_LL_electrode_s5.npz,76456,485eee2f4c7368f5f37fa084f4a3da6f950a090e04957c94caa692eec13367d7
resnet,mixed,101,bandpass_n20002_cLA_LL_electrode_s0,phase2/results/predictions/full/mixed/resnet/seed_101/bandpass_n20002_cLA_LL_electrode_s0.npz,76045,168f80cfd7b0697c4bb6625d5d43efdec28df2d9cba4b58c235aa3a6208c2502
resnet,mixed,101,bandpass_n20002_cLA_LL_covariance_s20,phase2/results/predictions/full/mixed/resnet/seed_101/bandpass_n20002_cLA_LL_covariance_s20.npz,76780,19584d3879d63d820ca9641bf6f581f1bef7dd2f49ab0864b651d7ef625c2293
resnet,mixed,101,bandpass_n20002_cLA_LL_covariance_s15,phase2/results/predictions/full/mixed/resnet/seed_101/bandpass_n20002_cLA_LL_covariance_s15.npz,76776,74c7608367a4d9b61d0e789ddffa93d40e01810056bf4eb68b40e22788dd2821
resnet,mixed,101,bandpass_n20002_cLA_LL_covariance_s10,phase2/results/predictions/full/mixed/resnet/seed_101/bandpass_n20002_cLA_LL_covariance_s10.npz,76689,f0eabee4eeebbca6f485df7ce82aecab3fcc65ef370b0ed78461b9356adca625
resnet,mixed,101,bandpass_n20002_cLA_LL_covariance_s5,phase2/results/predictions/full/mixed/resnet/seed_101/bandpass_n20002_cLA_LL_covariance_s5.npz,76455,18db4ca6d1c91e6f676127dbf7a1fa83ea01b3d4b788a1723d55f5dd33294db1
resnet,mixed,101,bandpass_n20002_cLA_LL_covariance_s0,phase2/results/predictions/full/mixed/resnet/seed_101/bandpass_n20002_cLA_LL_covariance_s0.npz,76080,eb07eb93aebbc837c47e8dd20c904bacc76ff21675336eb068f3ea11ee28c406
resnet,mixed,101,bandpass_n20002_cRA_LL_independent_rms_s20,phase2/results/predictions/full/mixed/resnet/seed_101/bandpass_n20002_cRA_LL_independent_rms_s20.npz,76771,1e1b11810feb70fcdb1907b6591f8cff1eb661d5459ffdd8601e79a4e1be5c27
resnet,mixed,101,bandpass_n20002_cRA_LL_independent_rms_s15,phase2/results/predictions/full/mixed/resnet/seed_101/bandpass_n20002_cRA_LL_independent_rms_s15.npz,76772,1cbe663fd385b0857592cd997042d2c715e4b579376aed98da7b4cf700a0185a
resnet,mixed,101,bandpass_n20002_cRA_LL_independent_rms_s10,phase2/results/predictions/full/mixed/resnet/seed_101/bandpass_n20002_cRA_LL_independent_rms_s10.npz,76738,36b39e6d9c8e06e35dc65078566d1038c6035088b79958e9581b312c0812c6c1
resnet,mixed,101,bandpass_n20002_cRA_LL_independent_rms_s5,phase2/results/predictions/full/mixed/resnet/seed_101/bandpass_n20002_cRA_LL_independent_rms_s5.npz,76688,5fd63eb5aa0a7e977d545762498a753a44492c06162a16ba4e0d1590efd67d97
resnet,mixed,101,bandpass_n20002_cRA_LL_independent_rms_s0,phase2/results/predictions/full/mixed/resnet/seed_101/bandpass_n20002_cRA_LL_independent_rms_s0.npz,76357,2ca58893e6386b2f6068b984981c9d5d536d1853325f48c39eac5beda78581ba
resnet,mixed,101,bandpass_n20002_cRA_LL_electrode_s20,phase2/results/predictions/full/mixed/resnet/seed_101/bandpass_n20002_cRA_LL_electrode_s20.npz,76751,e9e3d99da32e1439ac312b78d911ec6faa53b25f476478f4aed34ec2a294905c
resnet,mixed,101,bandpass_n20002_cRA_LL_electrode_s15,phase2/results/predictions/full/mixed/resnet/seed_101/bandpass_n20002_cRA_LL_electrode_s15.npz,76735,bc180946d4d355f0c07964144a6195220f0f596c91632482883275ad5382a219
resnet,mixed,101,bandpass_n20002_cRA_LL_electrode_s10,phase2/results/predictions/full/mixed/resnet/seed_101/bandpass_n20002_cRA_LL_electrode_s10.npz,76678,18e615118a739bd68c4b7a1fe59ef8f26ea65e8cf79b53642d6a47ec834db59e
resnet,mixed,101,bandpass_n20002_cRA_LL_electrode_s5,phase2/results/predictions/full/mixed/resnet/seed_101/bandpass_n20002_cRA_LL_electrode_s5.npz,76515,798da4457fe32928a848811658674fed1fbed5df65894fe09b3c090614e2feb5
resnet,mixed,101,bandpass_n20002_cRA_LL_electrode_s0,phase2/results/predictions/full/mixed/resnet/seed_101/bandpass_n20002_cRA_LL_electrode_s0.npz,76158,eaeda43308057db1d2706aa82f561541ffbe4236bdd3f4b344dce73566524100
resnet,mixed,101,bandpass_n20002_cRA_LL_covariance_s20,phase2/results/predictions/full/mixed/resnet/seed_101/bandpass_n20002_cRA_LL_covariance_s20.npz,76770,620e618c3f50f4680a79d57f0470c3b7c216ce13adc62e70757f767643e5b71a
resnet,mixed,101,bandpass_n20002_cRA_LL_covariance_s15,phase2/results/predictions/full/mixed/resnet/seed_101/bandpass_n20002_cRA_LL_covariance_s15.npz,76746,fe9ec1cde88b5640c79ec759996d7136efcad9cab6936dadd3590bbb94385110
resnet,mixed,101,bandpass_n20002_cRA_LL_covariance_s10,phase2/results/predictions/full/mixed/resnet/seed_101/bandpass_n20002_cRA_LL_covariance_s10.npz,76681,3afd0e472201502760238746d9d580bc3547b9e61e483cea2487580ecd8f29c5
resnet,mixed,101,bandpass_n20002_cRA_LL_covariance_s5,phase2/results/predictions/full/mixed/resnet/seed_101/bandpass_n20002_cRA_LL_covariance_s5.npz,76486,8b3fe63c22bd5ff21de702613d8af60302fa91c66f385c52b4a1b1f97831253d
resnet,mixed,101,bandpass_n20002_cRA_LL_covariance_s0,phase2/results/predictions/full/mixed/resnet/seed_101/bandpass_n20002_cRA_LL_covariance_s0.npz,76147,446902448e7bbe5c541651090b662b9a6d2e0736a9b05f3f6950cdb5c8fa058a
resnet,mixed,101,bandpass_n20002_cRA_independent_rms_s20,phase2/results/predictions/full/mixed/resnet/seed_101/bandpass_n20002_cRA_independent_rms_s20.npz,76770,be42dc3a070510bb48f12676fcf57bb2df8c05ae4470224c5c1e1317185c46b1
resnet,mixed,101,bandpass_n20002_cRA_independent_rms_s15,phase2/results/predictions/full/mixed/resnet/seed_101/bandpass_n20002_cRA_independent_rms_s15.npz,76778,1d344d63628e60d3e5e26b1e008ec394a393ad58487002315ff556b35228c37c
resnet,mixed,101,bandpass_n20002_cRA_independent_rms_s10,phase2/results/predictions/full/mixed/resnet/seed_101/bandpass_n20002_cRA_independent_rms_s10.npz,76775,3973153c7734c4183cb75d024e4810e97d6c336764703148ad2d8e1cd31a49a4
resnet,mixed,101,bandpass_n20002_cRA_independent_rms_s5,phase2/results/predictions/full/mixed/resnet/seed_101/bandpass_n20002_cRA_independent_rms_s5.npz,76665,ac1b456bb5096657a82598da0920505f0414d37cdf50ca8a1135e5393b74ee29
resnet,mixed,101,bandpass_n20002_cRA_independent_rms_s0,phase2/results/predictions/full/mixed/resnet/seed_101/bandpass_n20002_cRA_independent_rms_s0.npz,76420,e2cd9ab39ef85bdc8f6a8e1fff1984dc0d87c29595a1f59e2a72fea7e5fe9327
resnet,mixed,101,bandpass_n20002_cRA_electrode_s20,phase2/results/predictions/full/mixed/resnet/seed_101/bandpass_n20002_cRA_electrode_s20.npz,76758,4152ac837e9d0a3d0cbcab254f090e1081543842f3a1d5674e29d5f90527ae7b
resnet,mixed,101,bandpass_n20002_cRA_electrode_s15,phase2/results/predictions/full/mixed/resnet/seed_101/bandpass_n20002_cRA_electrode_s15.npz,76749,34a928a47c670b0c1a5be15d42013a6e6f4c8a3cde9b54dc2e7d4affffe7184a
resnet,mixed,101,bandpass_n20002_cRA_electrode_s10,phase2/results/predictions/full/mixed/resnet/seed_101/bandpass_n20002_cRA_electrode_s10.npz,76693,fd91a65a0a9969abcb1d08103ecf2fbca4212727ddf95a7193786a593fd7370d
resnet,mixed,101,bandpass_n20002_cRA_electrode_s5,phase2/results/predictions/full/mixed/resnet/seed_101/bandpass_n20002_cRA_electrode_s5.npz,76559,64f3c3c39a03d3668ffd7e34c233bdde110eb90fc9c98128e9b102f99d050672
resnet,mixed,101,bandpass_n20002_cRA_electrode_s0,phase2/results/predictions/full/mixed/resnet/seed_101/bandpass_n20002_cRA_electrode_s0.npz,76347,41826c091e9c5e85a5a9dbd17c57ca031d72cb5e30663734c2ad081ed87c1e99
resnet,mixed,101,bandpass_n20002_cRA_covariance_s20,phase2/results/predictions/full/mixed/resnet/seed_101/bandpass_n20002_cRA_covariance_s20.npz,76781,a281b44efa1ac1496b511ba54ce74d4157c9fd25588e9b8eca288d081225d06f
resnet,mixed,101,bandpass_n20002_cRA_covariance_s15,phase2/results/predictions/full/mixed/resnet/seed_101/bandpass_n20002_cRA_covariance_s15.npz,76748,0a429ecfc3323b3f55b1c0cf8477e3791422deb107c9492b326cb1ef77ea2b18
resnet,mixed,101,bandpass_n20002_cRA_covariance_s10,phase2/results/predictions/full/mixed/resnet/seed_101/bandpass_n20002_cRA_covariance_s10.npz,76706,cab649ce3bd832f86d108bfd1865c5e363778a93e5f020c8be4f292cb6bc0939
resnet,mixed,101,bandpass_n20002_cRA_covariance_s5,phase2/results/predictions/full/mixed/resnet/seed_101/bandpass_n20002_cRA_covariance_s5.npz,76574,9c41e9645b29030df34f88fca9c3df945942fe6ccfb23405d3aa7ed997bef07c
resnet,mixed,101,bandpass_n20002_cRA_covariance_s0,phase2/results/predictions/full/mixed/resnet/seed_101/bandpass_n20002_cRA_covariance_s0.npz,76354,6a3fec0740052f2e1959e496c733f187b253a4aca3adfbe1b0104a5b9f345361
resnet,mixed,101,bandpass_n20002_cLA_independent_rms_s20,phase2/results/predictions/full/mixed/resnet/seed_101/bandpass_n20002_cLA_independent_rms_s20.npz,76768,8d2aa35cdfd302c278fa578584d14703435ece8b5fa20c717e0f8995754ec61a
resnet,mixed,101,bandpass_n20002_cLA_independent_rms_s15,phase2/results/predictions/full/mixed/resnet/seed_101/bandpass_n20002_cLA_independent_rms_s15.npz,76772,125b3429325eca668fce4aab7871b08cd6f3e4d1df322d93140d61937eec3f78
resnet,mixed,101,bandpass_n20002_cLA_independent_rms_s10,phase2/results/predictions/full/mixed/resnet/seed_101/bandpass_n20002_cLA_independent_rms_s10.npz,76744,be9825efdc858477c166ac8029420eab17a1491f0caf320f141620f9608b5a39
resnet,mixed,101,bandpass_n20002_cLA_independent_rms_s5,phase2/results/predictions/full/mixed/resnet/seed_101/bandpass_n20002_cLA_independent_rms_s5.npz,76686,36e33d5fec74d603b3873a7fc82a7d6c2024e3130664abb4cf726ecb59606d28
resnet,mixed,101,bandpass_n20002_cLA_independent_rms_s0,phase2/results/predictions/full/mixed/resnet/seed_101/bandpass_n20002_cLA_independent_rms_s0.npz,76421,bce9861f7d3aeea6bfb6e86b9e6d3da8f187f8cfc27c9994afb0cf0d90d9112d
resnet,mixed,101,bandpass_n20002_cLA_electrode_s20,phase2/results/predictions/full/mixed/resnet/seed_101/bandpass_n20002_cLA_electrode_s20.npz,76771,ac969a8305c3ee1583b52a535c7b4a0556cfa529f67d1119d7f55ef0901b43e6
resnet,mixed,101,bandpass_n20002_cLA_electrode_s15,phase2/results/predictions/full/mixed/resnet/seed_101/bandpass_n20002_cLA_electrode_s15.npz,76724,86d398bbd124cf02cf3429d72b31eb9b0e5c3119e647148cd8435b53f1eb3f02
resnet,mixed,101,bandpass_n20002_cLA_electrode_s10,phase2/results/predictions/full/mixed/resnet/seed_101/bandpass_n20002_cLA_electrode_s10.npz,76724,82fe49327f26a5587a3aa1175ed1104cb367e10f7873f2040af2f794b1bd9856
resnet,mixed,101,bandpass_n20002_cLA_electrode_s5,phase2/results/predictions/full/mixed/resnet/seed_101/bandpass_n20002_cLA_electrode_s5.npz,76597,51599e3a7a7fac0717e3a065519072cd855dbcceeaab31b1ddceb6c3a33a6873
resnet,mixed,101,bandpass_n20002_cLA_electrode_s0,phase2/results/predictions/full/mixed/resnet/seed_101/bandpass_n20002_cLA_electrode_s0.npz,76177,d4de68791fcff5736433d50f1b80d95df4a5c4179e7b48979e826fedcda5d85b
resnet,mixed,101,bandpass_n20002_cLA_covariance_s20,phase2/results/predictions/full/mixed/resnet/seed_101/bandpass_n20002_cLA_covariance_s20.npz,76769,33a927c68d6f22687e331256f49907dbe4c9bb622fa99a96f709d9ebe8a5ce31
resnet,mixed,101,bandpass_n20002_cLA_covariance_s15,phase2/results/predictions/full/mixed/resnet/seed_101/bandpass_n20002_cLA_covariance_s15.npz,76767,d01bc8bc3774b7653d9b5fbc75e8c1aef0f28edcaed22043a74ea591f291e24c
resnet,mixed,101,bandpass_n20002_cLA_covariance_s10,phase2/results/predictions/full/mixed/resnet/seed_101/bandpass_n20002_cLA_covariance_s10.npz,76713,10333b6b290cd4b0709405a894d7a40ef95521c62ab17adf6d4dc1fdfca7fad3
resnet,mixed,101,bandpass_n20002_cLA_covariance_s5,phase2/results/predictions/full/mixed/resnet/seed_101/bandpass_n20002_cLA_covariance_s5.npz,76603,6056929af8fe13e7fa7846e5593c340ece8821cddc79b1530ba73a22f386eb96
resnet,mixed,101,bandpass_n20002_cLA_covariance_s0,phase2/results/predictions/full/mixed/resnet/seed_101/bandpass_n20002_cLA_covariance_s0.npz,76184,6815629d79a04717278dc3c2c9995c4ffb9395003a6570ebd0f584633b129912
resnet,mixed,101,bandpass_n20002_cLL_independent_rms_s20,phase2/results/predictions/full/mixed/resnet/seed_101/bandpass_n20002_cLL_independent_rms_s20.npz,76783,350c2fedc837ebdc7dc604395d6a20bd97a9e50e300ffbf32a83bb2594ac1511
resnet,mixed,101,bandpass_n20002_cLL_independent_rms_s15,phase2/results/predictions/full/mixed/resnet/seed_101/bandpass_n20002_cLL_independent_rms_s15.npz,76773,4df8ce6c50f7c09ddda2e4c3ac369ac4e741548b559955663c7df3e40547ac41
resnet,mixed,101,bandpass_n20002_cLL_independent_rms_s10,phase2/results/predictions/full/mixed/resnet/seed_101/bandpass_n20002_cLL_independent_rms_s10.npz,76731,3da5676a81153c84fe7707e757b9b9a253e4e274bbfcba2165097855767e2163
resnet,mixed,101,bandpass_n20002_cLL_independent_rms_s5,phase2/results/predictions/full/mixed/resnet/seed_101/bandpass_n20002_cLL_independent_rms_s5.npz,76670,e6a669fcca3b951fdd69f614cfa598d24b518c92b6c079d3da4692e533094f13
resnet,mixed,101,bandpass_n20002_cLL_independent_rms_s0,phase2/results/predictions/full/mixed/resnet/seed_101/bandpass_n20002_cLL_independent_rms_s0.npz,76325,2942aa6a607ef373964e089bb4a506f4336725de0583fceeb772205be4b738ce
resnet,mixed,101,bandpass_n20002_cLL_electrode_s20,phase2/results/predictions/full/mixed/resnet/seed_101/bandpass_n20002_cLL_electrode_s20.npz,76757,dc708b91cd98e3043e5d083c4f2ceaeaea41d8922573fa3b874a09c252ea118b
resnet,mixed,101,bandpass_n20002_cLL_electrode_s15,phase2/results/predictions/full/mixed/resnet/seed_101/bandpass_n20002_cLL_electrode_s15.npz,76712,b747bc1f735b06dca5b5be77b30423c76b5b3ba2c76bc8ca33c4d5cb93b926df
resnet,mixed,101,bandpass_n20002_cLL_electrode_s10,phase2/results/predictions/full/mixed/resnet/seed_101/bandpass_n20002_cLL_electrode_s10.npz,76642,21653c2b645bf4618f03bb92d32c6eed1f2da0480fd565750d6d0683735ddf8e
resnet,mixed,101,bandpass_n20002_cLL_electrode_s5,phase2/results/predictions/full/mixed/resnet/seed_101/bandpass_n20002_cLL_electrode_s5.npz,76442,4d415d56f332ef0af0217f770deda0d55dd779bc6159917bbc0ca5e5f3e76486
resnet,mixed,101,bandpass_n20002_cLL_electrode_s0,phase2/results/predictions/full/mixed/resnet/seed_101/bandpass_n20002_cLL_electrode_s0.npz,76068,27af0b3bf1754d4f7911817fc355aadcf180f3edbcab48c2e9e2376556cb5012
resnet,mixed,101,bandpass_n20002_cLL_covariance_s20,phase2/results/predictions/full/mixed/resnet/seed_101/bandpass_n20002_cLL_covariance_s20.npz,76739,ad718ff6206ae7874f88aeb247c8c132ce8af6599cc4d15c296994c176076645
resnet,mixed,101,bandpass_n20002_cLL_covariance_s15,phase2/results/predictions/full/mixed/resnet/seed_101/bandpass_n20002_cLL_covariance_s15.npz,76745,5dba0561349cd9ca87052e9921bc25fa9b59259b7447f6f654b0c951534269d0
resnet,mixed,101,bandpass_n20002_cLL_covariance_s10,phase2/results/predictions/full/mixed/resnet/seed_101/bandpass_n20002_cLL_covariance_s10.npz,76654,8f84c9739a815502e98da9709559a5faacb1842ad7a5f27f4b958a35ce80758e
resnet,mixed,101,bandpass_n20002_cLL_covariance_s5,phase2/results/predictions/full/mixed/resnet/seed_101/bandpass_n20002_cLL_covariance_s5.npz,76414,6a57cbaaddeb4b98cea926d9cb7a5df83dea3a03ac060021ce340f746be63eac
resnet,mixed,101,bandpass_n20002_cLL_covariance_s0,phase2/results/predictions/full/mixed/resnet/seed_101/bandpass_n20002_cLL_covariance_s0.npz,76071,c2ee3de624217590a6e555520b89b9f4a8c462eae6bbe77cb955f111e75b4b8f
resnet,mixed,101,bandpass_n20002_cRA_V1_independent_rms_s20,phase2/results/predictions/full/mixed/resnet/seed_101/bandpass_n20002_cRA_V1_independent_rms_s20.npz,76785,57c588e2ee1956c411342f3bb3a8af2492776c070b84043e5272fc3faa56f732
resnet,mixed,101,bandpass_n20002_cRA_V1_independent_rms_s15,phase2/results/predictions/full/mixed/resnet/seed_101/bandpass_n20002_cRA_V1_independent_rms_s15.npz,76776,1f9bce00220af28fd6970e0e256b73ea675d5110c16945bb434ca347b4ca03d6
resnet,mixed,101,bandpass_n20002_cRA_V1_independent_rms_s10,phase2/results/predictions/full/mixed/resnet/seed_101/bandpass_n20002_cRA_V1_independent_rms_s10.npz,76758,c177d0000644ea90be5dd05365346c06f170574e28cd39713af7137ec2676e25
resnet,mixed,101,bandpass_n20002_cRA_V1_independent_rms_s5,phase2/results/predictions/full/mixed/resnet/seed_101/bandpass_n20002_cRA_V1_independent_rms_s5.npz,76695,5f987b9d891727238a4024165f6b36bcfb21c4016649d9bd3fc1f5ff585c396b
resnet,mixed,101,bandpass_n20002_cRA_V1_independent_rms_s0,phase2/results/predictions/full/mixed/resnet/seed_101/bandpass_n20002_cRA_V1_independent_rms_s0.npz,76367,6d1cd5c30c90f43cf120dd0386ffc16dfbe28169e010c16ea6db37f89960cd44
resnet,mixed,101,bandpass_n20002_cRA_V1_electrode_s20,phase2/results/predictions/full/mixed/resnet/seed_101/bandpass_n20002_cRA_V1_electrode_s20.npz,76764,8cea7df518eedc2b0609388c907d4f31ee0beb958553b77c49eb96be1bac2a71
resnet,mixed,101,bandpass_n20002_cRA_V1_electrode_s15,phase2/results/predictions/full/mixed/resnet/seed_101/bandpass_n20002_cRA_V1_electrode_s15.npz,76745,43223482be3396bfb306fd4cd736b0f37cd3ea20e80d64fe93d16b2b7dbc170e
resnet,mixed,101,bandpass_n20002_cRA_V1_electrode_s10,phase2/results/predictions/full/mixed/resnet/seed_101/bandpass_n20002_cRA_V1_electrode_s10.npz,76721,8728d5213aa2b3248feac14905849335139b9578a26b8ae32a6b345013302564
resnet,mixed,101,bandpass_n20002_cRA_V1_electrode_s5,phase2/results/predictions/full/mixed/resnet/seed_101/bandpass_n20002_cRA_V1_electrode_s5.npz,76578,6ade4a3c53e600884e0f5a83b6d38d91159f7721cffd6ccf16be0e2a05243183
resnet,mixed,101,bandpass_n20002_cRA_V1_electrode_s0,phase2/results/predictions/full/mixed/resnet/seed_101/bandpass_n20002_cRA_V1_electrode_s0.npz,76297,17bdd5426b4f93eb33b6704ed3e67defa07579eb25a5988f4f7ca782796bc4da
resnet,mixed,101,bandpass_n20002_cRA_V1_covariance_s20,phase2/results/predictions/full/mixed/resnet/seed_101/bandpass_n20002_cRA_V1_covariance_s20.npz,76750,ef29e10cce06ec42ac3254cc3644cbd73dbe070b8073c2c9ebcdf4cc2a29a90a
resnet,mixed,101,bandpass_n20002_cRA_V1_covariance_s15,phase2/results/predictions/full/mixed/resnet/seed_101/bandpass_n20002_cRA_V1_covariance_s15.npz,76753,eb8de5ca05f3a0de0286e40fcd0eac7e42bf274727c0393229d4890ee87b7666
resnet,mixed,101,bandpass_n20002_cRA_V1_covariance_s10,phase2/results/predictions/full/mixed/resnet/seed_101/bandpass_n20002_cRA_V1_covariance_s10.npz,76724,9e7045c2cf563be6ec9c8b6183b13fe2ec3a526dd537c61392fe6949be0064b9
resnet,mixed,101,bandpass_n20002_cRA_V1_covariance_s5,phase2/results/predictions/full/mixed/resnet/seed_101/bandpass_n20002_cRA_V1_covariance_s5.npz,76626,9572e0fd9f9fb8cc65509258142b317e6916f6f7c2ea3835e21a1a8848302786
resnet,mixed,101,bandpass_n20002_cRA_V1_covariance_s0,phase2/results/predictions/full/mixed/resnet/seed_101/bandpass_n20002_cRA_V1_covariance_s0.npz,76328,d266fbf8e5b0c26fbe91ac49b354c0f27908acde191fd471585262fa3fc9eb9c
resnet,mixed,101,bandpass_n20002_cLA_V6_independent_rms_s20,phase2/results/predictions/full/mixed/resnet/seed_101/bandpass_n20002_cLA_V6_independent_rms_s20.npz,76783,a4d25d86ac24be1469d8eb3e700a642ebe22c4f31f4c6e5d07fe5d22477b639b
resnet,mixed,101,bandpass_n20002_cLA_V6_independent_rms_s15,phase2/results/predictions/full/mixed/resnet/seed_101/bandpass_n20002_cLA_V6_independent_rms_s15.npz,76789,bbd7453a7e6160c9d062238bfd6561053fb2f6b183cd4329289df1c1244d4fed
resnet,mixed,101,bandpass_n20002_cLA_V6_independent_rms_s10,phase2/results/predictions/full/mixed/resnet/seed_101/bandpass_n20002_cLA_V6_independent_rms_s10.npz,76773,bd25406bea2dd4492a723e3eea344aca071ac73b2e5b4b23b055ca51ff6743ac
resnet,mixed,101,bandpass_n20002_cLA_V6_independent_rms_s5,phase2/results/predictions/full/mixed/resnet/seed_101/bandpass_n20002_cLA_V6_independent_rms_s5.npz,76718,d19104fced87d4c3f8420ef4a7d7ac85b9d71722d25ef5d6cb425051203355da
resnet,mixed,101,bandpass_n20002_cLA_V6_independent_rms_s0,phase2/results/predictions/full/mixed/resnet/seed_101/bandpass_n20002_cLA_V6_independent_rms_s0.npz,76390,579555971b24dfd7ea45f08938379b84465451d5118c0c51c7ca73d498d5422c
resnet,mixed,101,bandpass_n20002_cLA_V6_electrode_s20,phase2/results/predictions/full/mixed/resnet/seed_101/bandpass_n20002_cLA_V6_electrode_s20.npz,76771,164329864bf410e6d21b077c0b23b1245b45eaef97b7ce2ee9b1b87fd6819e6a
resnet,mixed,101,bandpass_n20002_cLA_V6_electrode_s15,phase2/results/predictions/full/mixed/resnet/seed_101/bandpass_n20002_cLA_V6_electrode_s15.npz,76770,b48d07d76e4d274c01acc759c7c89e7b86967f138357607745c129dda8ab1dd0
resnet,mixed,101,bandpass_n20002_cLA_V6_electrode_s10,phase2/results/predictions/full/mixed/resnet/seed_101/bandpass_n20002_cLA_V6_electrode_s10.npz,76724,fc713b9eb3c3e141ac299141dc5f9bde1b2d884ecbc4c22f134fec1bdd1a7e13
resnet,mixed,101,bandpass_n20002_cLA_V6_electrode_s5,phase2/results/predictions/full/mixed/resnet/seed_101/bandpass_n20002_cLA_V6_electrode_s5.npz,76602,8b3d8e2cfe4b14cc6924cf06e24fa6d9d2e9a896f58ce5c95039663eb59d4e4a
resnet,mixed,101,bandpass_n20002_cLA_V6_electrode_s0,phase2/results/predictions/full/mixed/resnet/seed_101/bandpass_n20002_cLA_V6_electrode_s0.npz,76223,5da3b14128feae1117322f04cf5bd13d991888c015e3ebd503c39bc0b17150d8
resnet,mixed,101,bandpass_n20002_cLA_V6_covariance_s20,phase2/results/predictions/full/mixed/resnet/seed_101/bandpass_n20002_cLA_V6_covariance_s20.npz,76786,98272979a86e657d936bf20ddc8c7bce618f2cd9882b07c2c4d1fd025cce83d1
resnet,mixed,101,bandpass_n20002_cLA_V6_covariance_s15,phase2/results/predictions/full/mixed/resnet/seed_101/bandpass_n20002_cLA_V6_covariance_s15.npz,76774,5bd8b4622dcd9e95ca1e4c75537fb5d190e177de4651aefb77d20be3c53775fa
resnet,mixed,101,bandpass_n20002_cLA_V6_covariance_s10,phase2/results/predictions/full/mixed/resnet/seed_101/bandpass_n20002_cLA_V6_covariance_s10.npz,76744,c11332ea2ff95b56c95c7bedd8153ab877c8450ed57f41b3f79f9aaa943aac02
resnet,mixed,101,bandpass_n20002_cLA_V6_covariance_s5,phase2/results/predictions/full/mixed/resnet/seed_101/bandpass_n20002_cLA_V6_covariance_s5.npz,76620,7a2f1f701aac3ada5895652fadb7a12a81bef181d4424e1f230196a4b13900d8
resnet,mixed,101,bandpass_n20002_cLA_V6_covariance_s0,phase2/results/predictions/full/mixed/resnet/seed_101/bandpass_n20002_cLA_V6_covariance_s0.npz,76229,b0ae9f15c0e480a23b3abaa31631897f385a7e2d575c61abc0c09ea076ab72d6
resnet,mixed,101,bandpass_n20002_cLL_V4_independent_rms_s20,phase2/results/predictions/full/mixed/resnet/seed_101/bandpass_n20002_cLL_V4_independent_rms_s20.npz,76801,c8e994dbcc72615d49996c15320bac2aeb7cc5b7f0496e2e7c4be22ee7a31298
resnet,mixed,101,bandpass_n20002_cLL_V4_independent_rms_s15,phase2/results/predictions/full/mixed/resnet/seed_101/bandpass_n20002_cLL_V4_independent_rms_s15.npz,76785,d7b4616e83f347925722dff97bfa019558663b788ab30f04bbdc04bc24a33125
resnet,mixed,101,bandpass_n20002_cLL_V4_independent_rms_s10,phase2/results/predictions/full/mixed/resnet/seed_101/bandpass_n20002_cLL_V4_independent_rms_s10.npz,76730,d36443991d2e22bcacc76b5a372ba8c906e19c37c5bc574131807dadcc50f778
resnet,mixed,101,bandpass_n20002_cLL_V4_independent_rms_s5,phase2/results/predictions/full/mixed/resnet/seed_101/bandpass_n20002_cLL_V4_independent_rms_s5.npz,76657,ffde88bf0212d5ba97d4a6f44ab12e6e7309ee7cae8df9194923c9698a413772
resnet,mixed,101,bandpass_n20002_cLL_V4_independent_rms_s0,phase2/results/predictions/full/mixed/resnet/seed_101/bandpass_n20002_cLL_V4_independent_rms_s0.npz,76340,22ab5107ec68d4af40479423ff06b5d2d1bc53779dc5308b3a888de3cbb97d05
resnet,mixed,101,bandpass_n20002_cLL_V4_electrode_s20,phase2/results/predictions/full/mixed/resnet/seed_101/bandpass_n20002_cLL_V4_electrode_s20.npz,76779,5b971a08d13f982050c52d30a73d81a8cc22239998dad64cdba6cfa76a7d5752
resnet,mixed,101,bandpass_n20002_cLL_V4_electrode_s15,phase2/results/predictions/full/mixed/resnet/seed_101/bandpass_n20002_cLL_V4_electrode_s15.npz,76749,2976234aa9dc0e9b21126e488e70f66e22700df4912a03747f5d0e2e043d77f7
resnet,mixed,101,bandpass_n20002_cLL_V4_electrode_s10,phase2/results/predictions/full/mixed/resnet/seed_101/bandpass_n20002_cLL_V4_electrode_s10.npz,76657,6b786a048da05e74327e37332f91e614b6e49e0c5848d3c263ce020dee71cb54
resnet,mixed,101,bandpass_n20002_cLL_V4_electrode_s5,phase2/results/predictions/full/mixed/resnet/seed_101/bandpass_n20002_cLL_V4_electrode_s5.npz,76444,150240479ffb5644144eaa10696f1b1bfc1ad91f198cbebb86380ee39c6b9382
resnet,mixed,101,bandpass_n20002_cLL_V4_electrode_s0,phase2/results/predictions/full/mixed/resnet/seed_101/bandpass_n20002_cLL_V4_electrode_s0.npz,76078,af32b9882277f7f6eda832c3b4beb5e6b2e4c773027f9ff7b7dc682a2b5c6521
resnet,mixed,101,bandpass_n20002_cLL_V4_covariance_s20,phase2/results/predictions/full/mixed/resnet/seed_101/bandpass_n20002_cLL_V4_covariance_s20.npz,76782,ffaa9160bd73f526e301eafc11167614a20188484c71556b88658539976a3457
resnet,mixed,101,bandpass_n20002_cLL_V4_covariance_s15,phase2/results/predictions/full/mixed/resnet/seed_101/bandpass_n20002_cLL_V4_covariance_s15.npz,76758,385df4c528af6550f95a185de31980f080e361b6ce904fd01d688d962f4777ea
resnet,mixed,101,bandpass_n20002_cLL_V4_covariance_s10,phase2/results/predictions/full/mixed/resnet/seed_101/bandpass_n20002_cLL_V4_covariance_s10.npz,76705,e09f967586ddc71ebb475ca5f62d8c2be6520017fda44999bc6fa07937a53adb
resnet,mixed,101,bandpass_n20002_cLL_V4_covariance_s5,phase2/results/predictions/full/mixed/resnet/seed_101/bandpass_n20002_cLL_V4_covariance_s5.npz,76488,5c0a801391fe3edf0a64ae5c7c27345673f785207b3218bacaed2d7901516ec4
resnet,mixed,101,bandpass_n20002_cLL_V4_covariance_s0,phase2/results/predictions/full/mixed/resnet/seed_101/bandpass_n20002_cLL_V4_covariance_s0.npz,76130,798fd2e7dbde91c4f81b87587775ea681fa10f753c8ccfa1e22b946aad4fc7ad
resnet,mixed,101,bandpass_n20002_cRA_LA_V1_V6_independent_rms_s20,phase2/results/predictions/full/mixed/resnet/seed_101/bandpass_n20002_cRA_LA_V1_V6_independent_rms_s20.npz,76785,b4877f1ced56ab1a9166cd8dbda951a21f03dddc0e9e18ac680e4c088f9e9b51
resnet,mixed,101,bandpass_n20002_cRA_LA_V1_V6_independent_rms_s15,phase2/results/predictions/full/mixed/resnet/seed_101/bandpass_n20002_cRA_LA_V1_V6_independent_rms_s15.npz,76776,69157730bb9eb4a8018e5bed367fa786e7366db6515ef3ff89d38027be3c39ff
resnet,mixed,101,bandpass_n20002_cRA_LA_V1_V6_independent_rms_s10,phase2/results/predictions/full/mixed/resnet/seed_101/bandpass_n20002_cRA_LA_V1_V6_independent_rms_s10.npz,76753,342efa479e9da4da51931efb081d14cdc91a6a849f14909236aced8d50e6863c
resnet,mixed,101,bandpass_n20002_cRA_LA_V1_V6_independent_rms_s5,phase2/results/predictions/full/mixed/resnet/seed_101/bandpass_n20002_cRA_LA_V1_V6_independent_rms_s5.npz,76676,75bd03cb6655296f1b2169497d4faa7d9b4ace2b59d00c906d2e9b6d2aed9814
resnet,mixed,101,bandpass_n20002_cRA_LA_V1_V6_independent_rms_s0,phase2/results/predictions/full/mixed/resnet/seed_101/bandpass_n20002_cRA_LA_V1_V6_independent_rms_s0.npz,76416,1f4805b0e7b61bf23e61772c21cfba52a409799d847e702c113898143a6313d1
resnet,mixed,101,bandpass_n20002_cRA_LA_V1_V6_electrode_s20,phase2/results/predictions/full/mixed/resnet/seed_101/bandpass_n20002_cRA_LA_V1_V6_electrode_s20.npz,76759,d9e948791bf6b730c134fb67397220b025e2ce3bc57034aa4eb5832e0b2a15f0
resnet,mixed,101,bandpass_n20002_cRA_LA_V1_V6_electrode_s15,phase2/results/predictions/full/mixed/resnet/seed_101/bandpass_n20002_cRA_LA_V1_V6_electrode_s15.npz,76756,dd48c763c6b570222d2d3519074abbd397fc7b42ef435cafb4474ab777bea246
resnet,mixed,101,bandpass_n20002_cRA_LA_V1_V6_electrode_s10,phase2/results/predictions/full/mixed/resnet/seed_101/bandpass_n20002_cRA_LA_V1_V6_electrode_s10.npz,76749,1a947e6c691ba4e85f314b4b62b0c2b12bb83ae6a92b8ff0cf8db9aa3b2316aa
resnet,mixed,101,bandpass_n20002_cRA_LA_V1_V6_electrode_s5,phase2/results/predictions/full/mixed/resnet/seed_101/bandpass_n20002_cRA_LA_V1_V6_electrode_s5.npz,76567,2a1c34f44e4feae6f0158d819725c486f21bc5ce9c4cb5b85ac132206219ba8a
resnet,mixed,101,bandpass_n20002_cRA_LA_V1_V6_electrode_s0,phase2/results/predictions/full/mixed/resnet/seed_101/bandpass_n20002_cRA_LA_V1_V6_electrode_s0.npz,76239,628e821b2e89bab3faad5d4bfd4424d875faaf107aea2a60b560844ebea7b95f
resnet,mixed,101,bandpass_n20002_cRA_LA_V1_V6_covariance_s20,phase2/results/predictions/full/mixed/resnet/seed_101/bandpass_n20002_cRA_LA_V1_V6_covariance_s20.npz,76805,97e33841132d7a36a605bfa91c8218769cbbd010269bf55afe9080866c2c81bc
resnet,mixed,101,bandpass_n20002_cRA_LA_V1_V6_covariance_s15,phase2/results/predictions/full/mixed/resnet/seed_101/bandpass_n20002_cRA_LA_V1_V6_covariance_s15.npz,76780,006cf70a058a0b1987f1d8055df4bfb88babe92d265ae032015b74ecf4f16c1c
resnet,mixed,101,bandpass_n20002_cRA_LA_V1_V6_covariance_s10,phase2/results/predictions/full/mixed/resnet/seed_101/bandpass_n20002_cRA_LA_V1_V6_covariance_s10.npz,76713,dde091bae994f0da5ea3e978ec65de3dd32ab4a6fd02f1bdfd0d9e336179e191
resnet,mixed,101,bandpass_n20002_cRA_LA_V1_V6_covariance_s5,phase2/results/predictions/full/mixed/resnet/seed_101/bandpass_n20002_cRA_LA_V1_V6_covariance_s5.npz,76585,ef2e7971015ba0a26db2c49e5922c8d07e4add9da80be0baac0fe1e4cdfdfcbb
resnet,mixed,101,bandpass_n20002_cRA_LA_V1_V6_covariance_s0,phase2/results/predictions/full/mixed/resnet/seed_101/bandpass_n20002_cRA_LA_V1_V6_covariance_s0.npz,76248,61412a94150576577e94a225360af068534f08f44110cff75c4901f7bf890a0e
resnet,mixed,101,bandpass_n20002_cRA_V2_V5_independent_rms_s20,phase2/results/predictions/full/mixed/resnet/seed_101/bandpass_n20002_cRA_V2_V5_independent_rms_s20.npz,76791,ec8ebaf2103e3e4ea2798113ecb6fe9e3ac979b358b1f6843a58d1f8d7f2d781
resnet,mixed,101,bandpass_n20002_cRA_V2_V5_independent_rms_s15,phase2/results/predictions/full/mixed/resnet/seed_101/bandpass_n20002_cRA_V2_V5_independent_rms_s15.npz,76775,03fe185196b35bd7ecefde38aa877a4a26a061ae3fd17668e74c4c3c2444417a
resnet,mixed,101,bandpass_n20002_cRA_V2_V5_independent_rms_s10,phase2/results/predictions/full/mixed/resnet/seed_101/bandpass_n20002_cRA_V2_V5_independent_rms_s10.npz,76776,d7de34bf92bb467da1a6fbbfcb5eb372b5c744846f1357abd8aa635ffab6dc30
resnet,mixed,101,bandpass_n20002_cRA_V2_V5_independent_rms_s5,phase2/results/predictions/full/mixed/resnet/seed_101/bandpass_n20002_cRA_V2_V5_independent_rms_s5.npz,76719,3fd7dfcbb90d314b564996a4773680bbae25cb7b75f548f51c099d1e7a5f1ada
resnet,mixed,101,bandpass_n20002_cRA_V2_V5_independent_rms_s0,phase2/results/predictions/full/mixed/resnet/seed_101/bandpass_n20002_cRA_V2_V5_independent_rms_s0.npz,76423,9169e604a65592e8b5fc099b29cf43d0bc3a157370e0253f88d3db1d9c06975f
resnet,mixed,101,bandpass_n20002_cRA_V2_V5_electrode_s20,phase2/results/predictions/full/mixed/resnet/seed_101/bandpass_n20002_cRA_V2_V5_electrode_s20.npz,76758,c2b38a16f55344052819386d42ac3bd5bf244b50abc1e07ff889303f7154e611
resnet,mixed,101,bandpass_n20002_cRA_V2_V5_electrode_s15,phase2/results/predictions/full/mixed/resnet/seed_101/bandpass_n20002_cRA_V2_V5_electrode_s15.npz,76763,ac972e591391e0f052658fc4ac220cb98a6cf5901eaf943de11d9b1e8dc40f6e
resnet,mixed,101,bandpass_n20002_cRA_V2_V5_electrode_s10,phase2/results/predictions/full/mixed/resnet/seed_101/bandpass_n20002_cRA_V2_V5_electrode_s10.npz,76715,0b82e70a11579579f7f5f882fafdb4ca80551f01516be876149af2cf801a2007
resnet,mixed,101,bandpass_n20002_cRA_V2_V5_electrode_s5,phase2/results/predictions/full/mixed/resnet/seed_101/bandpass_n20002_cRA_V2_V5_electrode_s5.npz,76621,2e61337563405c7777472593784a9cd7698a57dab27aca566203cf778d67a4c3
resnet,mixed,101,bandpass_n20002_cRA_V2_V5_electrode_s0,phase2/results/predictions/full/mixed/resnet/seed_101/bandpass_n20002_cRA_V2_V5_electrode_s0.npz,76333,11fa0b0d546d4e527d74611410565cb0749a230bc256a9f7304168b567d88820
resnet,mixed,101,bandpass_n20002_cRA_V2_V5_covariance_s20,phase2/results/predictions/full/mixed/resnet/seed_101/bandpass_n20002_cRA_V2_V5_covariance_s20.npz,76744,3916c1182f7aa591a0bc1f125154599db1b1ed7a51746018cbebc5a26a2c08b0
resnet,mixed,101,bandpass_n20002_cRA_V2_V5_covariance_s15,phase2/results/predictions/full/mixed/resnet/seed_101/bandpass_n20002_cRA_V2_V5_covariance_s15.npz,76757,9974456dbba90c52311ddf341793b346a45b3ae4d0fc0c611ac8b0ddf1c9b730
resnet,mixed,101,bandpass_n20002_cRA_V2_V5_covariance_s10,phase2/results/predictions/full/mixed/resnet/seed_101/bandpass_n20002_cRA_V2_V5_covariance_s10.npz,76724,3fb9610836bf222d04bafabed004fc09db915ee22e5bd1f339b2519329cbb84a
resnet,mixed,101,bandpass_n20002_cRA_V2_V5_covariance_s5,phase2/results/predictions/full/mixed/resnet/seed_101/bandpass_n20002_cRA_V2_V5_covariance_s5.npz,76617,da0b07dcb7cca6e92e01f98177328bf3684fb5132ee8fc3d64a42ff2a6872b4f
resnet,mixed,101,bandpass_n20002_cRA_V2_V5_covariance_s0,phase2/results/predictions/full/mixed/resnet/seed_101/bandpass_n20002_cRA_V2_V5_covariance_s0.npz,76333,f03f8d3abfd9e8fc32255dac718fa7982216494f292e9414e468ccac7f5054e3
resnet,mixed,101,bandpass_n20002_cLA_V3_V6_independent_rms_s20,phase2/results/predictions/full/mixed/resnet/seed_101/bandpass_n20002_cLA_V3_V6_independent_rms_s20.npz,76765,d297328897d38a68e7198eb6a5d1037d08a9e9be729adb5760199d6a9a38a31b
resnet,mixed,101,bandpass_n20002_cLA_V3_V6_independent_rms_s15,phase2/results/predictions/full/mixed/resnet/seed_101/bandpass_n20002_cLA_V3_V6_independent_rms_s15.npz,76799,485aa046d4ac08f3e1e2be5bb68495706f16ac639b3bee110292f52c6b414460
resnet,mixed,101,bandpass_n20002_cLA_V3_V6_independent_rms_s10,phase2/results/predictions/full/mixed/resnet/seed_101/bandpass_n20002_cLA_V3_V6_independent_rms_s10.npz,76748,ff24dd5c08b175a12c3afeb8b153c46f8354e3fa0751f11c2d2a7b6f05e94669
resnet,mixed,101,bandpass_n20002_cLA_V3_V6_independent_rms_s5,phase2/results/predictions/full/mixed/resnet/seed_101/bandpass_n20002_cLA_V3_V6_independent_rms_s5.npz,76687,3c62c3cf07c963eb2c080dcc6af79ec6d831d17228ee77e12707aeb00205e5ba
resnet,mixed,101,bandpass_n20002_cLA_V3_V6_independent_rms_s0,phase2/results/predictions/full/mixed/resnet/seed_101/bandpass_n20002_cLA_V3_V6_independent_rms_s0.npz,76414,0676c38cc98599197c9ed305bc6837091824cd117403a810c4ae7034818521f3
resnet,mixed,101,bandpass_n20002_cLA_V3_V6_electrode_s20,phase2/results/predictions/full/mixed/resnet/seed_101/bandpass_n20002_cLA_V3_V6_electrode_s20.npz,76781,272a2b640851b78bda6081ac0ace5056b9e860082e571073b40280468f05fee0
resnet,mixed,101,bandpass_n20002_cLA_V3_V6_electrode_s15,phase2/results/predictions/full/mixed/resnet/seed_101/bandpass_n20002_cLA_V3_V6_electrode_s15.npz,76769,9c02f0cf73852dede5b0991ce6707dfdb712b60c7e10e1164b79da3928d28c62
resnet,mixed,101,bandpass_n20002_cLA_V3_V6_electrode_s10,phase2/results/predictions/full/mixed/resnet/seed_101/bandpass_n20002_cLA_V3_V6_electrode_s10.npz,76740,10606dd2d26c1a1d52ef6e6277d6234e162384b0a63fd6331174d90b9c761946
resnet,mixed,101,bandpass_n20002_cLA_V3_V6_electrode_s5,phase2/results/predictions/full/mixed/resnet/seed_101/bandpass_n20002_cLA_V3_V6_electrode_s5.npz,76632,1cc8083e29e422ae565224598db2f09f9900034b69cfe5467d30c55b4dcc119a
resnet,mixed,101,bandpass_n20002_cLA_V3_V6_electrode_s0,phase2/results/predictions/full/mixed/resnet/seed_101/bandpass_n20002_cLA_V3_V6_electrode_s0.npz,76261,fa92c0ef486ee8e81a0958b77eeb87c32c95fcfa8848f76038f4e47cffc7c1be
resnet,mixed,101,bandpass_n20002_cLA_V3_V6_covariance_s20,phase2/results/predictions/full/mixed/resnet/seed_101/bandpass_n20002_cLA_V3_V6_covariance_s20.npz,76746,4a47ccb71d4300ba3a09bcb110ad7fa6dad0ab80d8b0f969f28d2a67a43c017a
resnet,mixed,101,bandpass_n20002_cLA_V3_V6_covariance_s15,phase2/results/predictions/full/mixed/resnet/seed_101/bandpass_n20002_cLA_V3_V6_covariance_s15.npz,76762,0bfcdfff4b0a0ff4177a67b695378798a8798b1ad6b1165f1070f85da17e3ae7
resnet,mixed,101,bandpass_n20002_cLA_V3_V6_covariance_s10,phase2/results/predictions/full/mixed/resnet/seed_101/bandpass_n20002_cLA_V3_V6_covariance_s10.npz,76759,dfb5883f348c740b43065d221a87f559fd884a8466439c2eb7a7560860436498
resnet,mixed,101,bandpass_n20002_cLA_V3_V6_covariance_s5,phase2/results/predictions/full/mixed/resnet/seed_101/bandpass_n20002_cLA_V3_V6_covariance_s5.npz,76610,4b323ea9f956fe3227f08e3ac2d8415e462e8ddfe6b5b9991f08876fd56f67ce
resnet,mixed,101,bandpass_n20002_cLA_V3_V6_covariance_s0,phase2/results/predictions/full/mixed/resnet/seed_101/bandpass_n20002_cLA_V3_V6_covariance_s0.npz,76263,485a7f4db8ba6b26226c95e238f9db18e50c032ff1c2f0af8291ff1ebeb33418
resnet,mixed,101,bandpass_n20002_cLL_V1_V4_independent_rms_s20,phase2/results/predictions/full/mixed/resnet/seed_101/bandpass_n20002_cLL_V1_V4_independent_rms_s20.npz,76757,29901b88d5dc9f742f9855e7896d2606a75aa83c61141170c2ec085f549f5d6a
resnet,mixed,101,bandpass_n20002_cLL_V1_V4_independent_rms_s15,phase2/results/predictions/full/mixed/resnet/seed_101/bandpass_n20002_cLL_V1_V4_independent_rms_s15.npz,76775,89f2f7280229d2bb4bdfc149f64dbc4fbdd79aac7ec5729ae18d065ef5435c5b
resnet,mixed,101,bandpass_n20002_cLL_V1_V4_independent_rms_s10,phase2/results/predictions/full/mixed/resnet/seed_101/bandpass_n20002_cLL_V1_V4_independent_rms_s10.npz,76738,39c49d194d3ea2838cadc58506cd1e3784c539f6364612fadb7ece5f1ac07f31
resnet,mixed,101,bandpass_n20002_cLL_V1_V4_independent_rms_s5,phase2/results/predictions/full/mixed/resnet/seed_101/bandpass_n20002_cLL_V1_V4_independent_rms_s5.npz,76670,73a7a412d46640c0cb014c4719a9cd0fd0082227de7fecc43ebde78bfe7d6636
resnet,mixed,101,bandpass_n20002_cLL_V1_V4_independent_rms_s0,phase2/results/predictions/full/mixed/resnet/seed_101/bandpass_n20002_cLL_V1_V4_independent_rms_s0.npz,76307,05c7b27837a89b7073b6010de05f9251a7bf9465acebe437fd07f176932803ce
resnet,mixed,101,bandpass_n20002_cLL_V1_V4_electrode_s20,phase2/results/predictions/full/mixed/resnet/seed_101/bandpass_n20002_cLL_V1_V4_electrode_s20.npz,76749,40c4ca0d4f0e41b09d61e0e7cdc5c44ab386757d7d880bf647c6b2f88ba3a85a
resnet,mixed,101,bandpass_n20002_cLL_V1_V4_electrode_s15,phase2/results/predictions/full/mixed/resnet/seed_101/bandpass_n20002_cLL_V1_V4_electrode_s15.npz,76727,cd2be4dd1055ae33e58cbc34f35118896960d6879e39846b64cd9bd84574fda8
resnet,mixed,101,bandpass_n20002_cLL_V1_V4_electrode_s10,phase2/results/predictions/full/mixed/resnet/seed_101/bandpass_n20002_cLL_V1_V4_electrode_s10.npz,76708,8f83e0b9781a323b3106b7455cd3f6b28870c9bcdb49c5ae8976140869890adc
resnet,mixed,101,bandpass_n20002_cLL_V1_V4_electrode_s5,phase2/results/predictions/full/mixed/resnet/seed_101/bandpass_n20002_cLL_V1_V4_electrode_s5.npz,76507,67f74849b72515d085e00ade62089cae09d59d713d3a776b83f5cbbd5ec85f26
resnet,mixed,101,bandpass_n20002_cLL_V1_V4_electrode_s0,phase2/results/predictions/full/mixed/resnet/seed_101/bandpass_n20002_cLL_V1_V4_electrode_s0.npz,76121,3f75db0613dbf5fbdc3d27611fb920d6260cda0ec452608fbc192c41de24418f
resnet,mixed,101,bandpass_n20002_cLL_V1_V4_covariance_s20,phase2/results/predictions/full/mixed/resnet/seed_101/bandpass_n20002_cLL_V1_V4_covariance_s20.npz,76769,d8de919a0a22fbac049deb7c6f5ef60d3cd08c0274bb27258730ae4ba307abbd
resnet,mixed,101,bandpass_n20002_cLL_V1_V4_covariance_s15,phase2/results/predictions/full/mixed/resnet/seed_101/bandpass_n20002_cLL_V1_V4_covariance_s15.npz,76762,e77d784081200401cb8e5fff24eac2c6277ce2692cc3dc9977be972774895e5d
resnet,mixed,101,bandpass_n20002_cLL_V1_V4_covariance_s10,phase2/results/predictions/full/mixed/resnet/seed_101/bandpass_n20002_cLL_V1_V4_covariance_s10.npz,76666,cf724a2df14a5a8195b1f733b39dae414f07fcc0fca62330beb0a4fe59aa7cb3
resnet,mixed,101,bandpass_n20002_cLL_V1_V4_covariance_s5,phase2/results/predictions/full/mixed/resnet/seed_101/bandpass_n20002_cLL_V1_V4_covariance_s5.npz,76479,02b96ae268151f55d7d92d7f8a95993f515f72aed9fc07198c614555d739c128
resnet,mixed,101,bandpass_n20002_cLL_V1_V4_covariance_s0,phase2/results/predictions/full/mixed/resnet/seed_101/bandpass_n20002_cLL_V1_V4_covariance_s0.npz,76103,4657e5ecbbb04acd29c8d94f45489d18e8f1dc545e4ef7f9cf510e8a9e01182c
resnet,mixed,101,bandpass_n20002_call_independent_rms_s20,phase2/results/predictions/full/mixed/resnet/seed_101/bandpass_n20002_call_independent_rms_s20.npz,76772,5f1be0cd676bf7040b3ce559bd6d2adf351193e6dba29f7a34e517d86b55216d
resnet,mixed,101,bandpass_n20002_call_independent_rms_s15,phase2/results/predictions/full/mixed/resnet/seed_101/bandpass_n20002_call_independent_rms_s15.npz,76761,6f47ee832e00de2915654ade7ac55f901140d8978329c705137678dbe3602586
resnet,mixed,101,bandpass_n20002_call_independent_rms_s10,phase2/results/predictions/full/mixed/resnet/seed_101/bandpass_n20002_call_independent_rms_s10.npz,76726,4df01599e9aa6ca36c452ee25b70f7d83624edbc496a292f1483c1ffc6a6ba5d
resnet,mixed,101,bandpass_n20002_call_independent_rms_s5,phase2/results/predictions/full/mixed/resnet/seed_101/bandpass_n20002_call_independent_rms_s5.npz,76649,b16761364e532a897851f5b941bfecb4d65a1ac28c865a6d9a250da69a35ef6c
resnet,mixed,101,bandpass_n20002_call_independent_rms_s0,phase2/results/predictions/full/mixed/resnet/seed_101/bandpass_n20002_call_independent_rms_s0.npz,76359,1d7a872b58f067a79b98d95fa248e7c9f5295a22dc702040e91a49c4fdbd4b50
resnet,mixed,101,bandpass_n20002_call_electrode_s20,phase2/results/predictions/full/mixed/resnet/seed_101/bandpass_n20002_call_electrode_s20.npz,76728,3060adef3b41a1dda888541591bf4355861d2f96f3c8f0027480e0a04f50a654
resnet,mixed,101,bandpass_n20002_call_electrode_s15,phase2/results/predictions/full/mixed/resnet/seed_101/bandpass_n20002_call_electrode_s15.npz,76741,6f1adb99b6a7515d04a728a710be150978905bf2d4ee1d266b5bbefac5c38f78
resnet,mixed,101,bandpass_n20002_call_electrode_s10,phase2/results/predictions/full/mixed/resnet/seed_101/bandpass_n20002_call_electrode_s10.npz,76671,ab1b1f54ec49e8610b1554dc00c5e90e607fa384f70fa1cb259f7d88c59ae2dd
resnet,mixed,101,bandpass_n20002_call_electrode_s5,phase2/results/predictions/full/mixed/resnet/seed_101/bandpass_n20002_call_electrode_s5.npz,76522,fa31d2459f600a184d7263d12f76b0d8b2e0adbe6e5feda43b1b28886aedfc51
resnet,mixed,101,bandpass_n20002_call_electrode_s0,phase2/results/predictions/full/mixed/resnet/seed_101/bandpass_n20002_call_electrode_s0.npz,76133,09cc008513a348f388f4b46464f548fba7ab970097336e07508048addaeeb429
resnet,mixed,101,bandpass_n20002_call_covariance_s20,phase2/results/predictions/full/mixed/resnet/seed_101/bandpass_n20002_call_covariance_s20.npz,76702,3169268011a163c545670bdeddbaf4681927248604d37c9a4e4d51e3accc8d93
resnet,mixed,101,bandpass_n20002_call_covariance_s15,phase2/results/predictions/full/mixed/resnet/seed_101/bandpass_n20002_call_covariance_s15.npz,76742,db818e01804e106cfcedb5d253ed06c02e00842a12a61f2df727f1d85c8e786a
resnet,mixed,101,bandpass_n20002_call_covariance_s10,phase2/results/predictions/full/mixed/resnet/seed_101/bandpass_n20002_call_covariance_s10.npz,76692,37f3f8ad6eb795586eb8cf9fb440db72a84cad6a9dd304d5ba5db1f83d244625
resnet,mixed,101,bandpass_n20002_call_covariance_s5,phase2/results/predictions/full/mixed/resnet/seed_101/bandpass_n20002_call_covariance_s5.npz,76525,37ef482d079c102dfe8c218b41f771cec236909df30e48b872617f987019bc93
resnet,mixed,101,bandpass_n20002_call_covariance_s0,phase2/results/predictions/full/mixed/resnet/seed_101/bandpass_n20002_call_covariance_s0.npz,76144,cf9f70cac2771415f1b6cfd43424fe481da327063bec5a722e94c1e715dd71bc
resnet,mixed,101,bandpass_n20003_cRA_LA_LL_independent_rms_s20,phase2/results/predictions/full/mixed/resnet/seed_101/bandpass_n20003_cRA_LA_LL_independent_rms_s20.npz,76800,eeae8f038b16745b6fb47cbf901c29569b7c5813e01c9ad0cf235f1e6f15d239
resnet,mixed,101,bandpass_n20003_cRA_LA_LL_independent_rms_s15,phase2/results/predictions/full/mixed/resnet/seed_101/bandpass_n20003_cRA_LA_LL_independent_rms_s15.npz,76801,60911fe4208bc2d0cf61f60a2f082b85f3d5c0cac95038fb0dbb3c6ba073a948
resnet,mixed,101,bandpass_n20003_cRA_LA_LL_independent_rms_s10,phase2/results/predictions/full/mixed/resnet/seed_101/bandpass_n20003_cRA_LA_LL_independent_rms_s10.npz,76737,fc14d410cbf76a2f64f8b9db60743d9c177e8b484b231f5dc698032cde972ee5
resnet,mixed,101,bandpass_n20003_cRA_LA_LL_independent_rms_s5,phase2/results/predictions/full/mixed/resnet/seed_101/bandpass_n20003_cRA_LA_LL_independent_rms_s5.npz,76682,56cb91665525b1151b8a295cd9e5224bd147b0288a7b42d5fb8b973cc07497a7
resnet,mixed,101,bandpass_n20003_cRA_LA_LL_independent_rms_s0,phase2/results/predictions/full/mixed/resnet/seed_101/bandpass_n20003_cRA_LA_LL_independent_rms_s0.npz,76388,c93c9481af112eee34d8ace6fb84125bcf3da2f4e63ed928852363007ceec268
resnet,mixed,101,bandpass_n20003_cRA_LA_LL_electrode_s20,phase2/results/predictions/full/mixed/resnet/seed_101/bandpass_n20003_cRA_LA_LL_electrode_s20.npz,76753,e4a834a0c0f338e85185356731802b687ab452eaea35c89442a4aaf95a91f4d0
resnet,mixed,101,bandpass_n20003_cRA_LA_LL_electrode_s15,phase2/results/predictions/full/mixed/resnet/seed_101/bandpass_n20003_cRA_LA_LL_electrode_s15.npz,76742,9bfc7e382eaee4f3fdad3d636b49c6a0dfc054e8d8f657a03cb4484718cf5cec
resnet,mixed,101,bandpass_n20003_cRA_LA_LL_electrode_s10,phase2/results/predictions/full/mixed/resnet/seed_101/bandpass_n20003_cRA_LA_LL_electrode_s10.npz,76666,f7874414ea8db811ede19e7a1d824505493c6eaf6faa45082c45b168e18b3289
resnet,mixed,101,bandpass_n20003_cRA_LA_LL_electrode_s5,phase2/results/predictions/full/mixed/resnet/seed_101/bandpass_n20003_cRA_LA_LL_electrode_s5.npz,76493,25fab7e5dbd5d5c3dfbe3902dc2f54f03410375e6554229726541726da12d09c
resnet,mixed,101,bandpass_n20003_cRA_LA_LL_electrode_s0,phase2/results/predictions/full/mixed/resnet/seed_101/bandpass_n20003_cRA_LA_LL_electrode_s0.npz,76109,b7531daa338ab1f5d3c610228ca738a06c303700bdb398e9db8a1da9fc0104c6
resnet,mixed,101,bandpass_n20003_cRA_LA_LL_covariance_s20,phase2/results/predictions/full/mixed/resnet/seed_101/bandpass_n20003_cRA_LA_LL_covariance_s20.npz,76769,14c3bb05c8019e1df522e4dbcfba7812337763c3064081fa7c9c59384ecaa33f
resnet,mixed,101,bandpass_n20003_cRA_LA_LL_covariance_s15,phase2/results/predictions/full/mixed/resnet/seed_101/bandpass_n20003_cRA_LA_LL_covariance_s15.npz,76773,4b1748ecd5e0361314287fcc9ea118e030daa538e60b3c638f762bbf23168cc0
resnet,mixed,101,bandpass_n20003_cRA_LA_LL_covariance_s10,phase2/results/predictions/full/mixed/resnet/seed_101/bandpass_n20003_cRA_LA_LL_covariance_s10.npz,76702,9d8b87bada98f63809433223594ee8b5d96896af25dad974eaa2070da67786e5
resnet,mixed,101,bandpass_n20003_cRA_LA_LL_covariance_s5,phase2/results/predictions/full/mixed/resnet/seed_101/bandpass_n20003_cRA_LA_LL_covariance_s5.npz,76513,5750308a22721e6bb60c7e2ec0caa4500f654cb3fce573bc426c4d4a3c5886ff
resnet,mixed,101,bandpass_n20003_cRA_LA_LL_covariance_s0,phase2/results/predictions/full/mixed/resnet/seed_101/bandpass_n20003_cRA_LA_LL_covariance_s0.npz,76100,ff05687b72aafe98442678c40ad7236b0d4fdcbc741e7573198c2e1a5fb62a61
resnet,mixed,101,bandpass_n20003_cV1_independent_rms_s20,phase2/results/predictions/full/mixed/resnet/seed_101/bandpass_n20003_cV1_independent_rms_s20.npz,76757,1b1607e8ef46133d4f5fd44444e7753a514ab52f9043f7dfadb906a4c5a19ba2
resnet,mixed,101,bandpass_n20003_cV1_independent_rms_s15,phase2/results/predictions/full/mixed/resnet/seed_101/bandpass_n20003_cV1_independent_rms_s15.npz,76746,38a7fedc06e16e0fb2171c1e45b0a3f8994a89de9b042b406fe48dfbd707bbbd
resnet,mixed,101,bandpass_n20003_cV1_independent_rms_s10,phase2/results/predictions/full/mixed/resnet/seed_101/bandpass_n20003_cV1_independent_rms_s10.npz,76743,1ad2aeb7c386ae35730d9f58f2481333a7031d0292ef9168440aaee2a922a707
resnet,mixed,101,bandpass_n20003_cV1_independent_rms_s5,phase2/results/predictions/full/mixed/resnet/seed_101/bandpass_n20003_cV1_independent_rms_s5.npz,76620,bb5e695c8387239c5aa54d49d63f2bcbb56565a6e7bc1f631f4f0fb2d3331c94
resnet,mixed,101,bandpass_n20003_cV1_independent_rms_s0,phase2/results/predictions/full/mixed/resnet/seed_101/bandpass_n20003_cV1_independent_rms_s0.npz,76189,42ad114c8e859f75067f826c454bbb7e75d82a7492fba44f0d918deda1995738
resnet,mixed,101,bandpass_n20003_cV1_electrode_s20,phase2/results/predictions/full/mixed/resnet/seed_101/bandpass_n20003_cV1_electrode_s20.npz,76757,f97caaade06234d4b5971c52704ce63f780adc7b2dae6bf1813755e21644c008
resnet,mixed,101,bandpass_n20003_cV1_electrode_s15,phase2/results/predictions/full/mixed/resnet/seed_101/bandpass_n20003_cV1_electrode_s15.npz,76752,546a1f340eedb18548eb5aa45144950f7f5a63a9ca5d5e86903852e938437c80
resnet,mixed,101,bandpass_n20003_cV1_electrode_s10,phase2/results/predictions/full/mixed/resnet/seed_101/bandpass_n20003_cV1_electrode_s10.npz,76694,922d975b9279b44a8f9ce0cebd0b23f361dd67f3142ee77ddab14cf19950cb55
resnet,mixed,101,bandpass_n20003_cV1_electrode_s5,phase2/results/predictions/full/mixed/resnet/seed_101/bandpass_n20003_cV1_electrode_s5.npz,76587,3175b1c9d3e8f69aec1d8e8affeb05d08b243ffb893d32050aabfb0ff8b0ddf8
resnet,mixed,101,bandpass_n20003_cV1_electrode_s0,phase2/results/predictions/full/mixed/resnet/seed_101/bandpass_n20003_cV1_electrode_s0.npz,76220,5954b77297d616d8e3436b14f94e6b22e60682769ce4b9c0981046ff99c1866e
resnet,mixed,101,bandpass_n20003_cV1_covariance_s20,phase2/results/predictions/full/mixed/resnet/seed_101/bandpass_n20003_cV1_covariance_s20.npz,76755,88be4f422f05aef61204eabcf2b4faf34ffa643ac9834a39ceb71a9e7d6ffc8d
resnet,mixed,101,bandpass_n20003_cV1_covariance_s15,phase2/results/predictions/full/mixed/resnet/seed_101/bandpass_n20003_cV1_covariance_s15.npz,76736,15b4b9ce4606d8106e04f9b257099bfcda4dd1b3cf2ec002bc6afb8441c70f64
resnet,mixed,101,bandpass_n20003_cV1_covariance_s10,phase2/results/predictions/full/mixed/resnet/seed_101/bandpass_n20003_cV1_covariance_s10.npz,76702,077f6618cda1588058c1859ebe484f1dc8e7c6df2318d5aa00626c4272c3baa5
resnet,mixed,101,bandpass_n20003_cV1_covariance_s5,phase2/results/predictions/full/mixed/resnet/seed_101/bandpass_n20003_cV1_covariance_s5.npz,76588,505b1dba75f75000cba574fb7e2cb2e7bb615693b7f5776e1d2678315811e82c
resnet,mixed,101,bandpass_n20003_cV1_covariance_s0,phase2/results/predictions/full/mixed/resnet/seed_101/bandpass_n20003_cV1_covariance_s0.npz,76171,cfcc9aec739b93310b8d32d2d7102154c64e605670fa84fabf536bdb43080a1b
resnet,mixed,101,bandpass_n20003_cV2_independent_rms_s20,phase2/results/predictions/full/mixed/resnet/seed_101/bandpass_n20003_cV2_independent_rms_s20.npz,76740,b886a3f9eebddb6170ec09a7699b8c7dfd496c06be4b3224b13625755bd36a6b
resnet,mixed,101,bandpass_n20003_cV2_independent_rms_s15,phase2/results/predictions/full/mixed/resnet/seed_101/bandpass_n20003_cV2_independent_rms_s15.npz,76762,ef7e855f6d240077e32bad44b56841f064bbb185a893f7cace187e36375f5a72
resnet,mixed,101,bandpass_n20003_cV2_independent_rms_s10,phase2/results/predictions/full/mixed/resnet/seed_101/bandpass_n20003_cV2_independent_rms_s10.npz,76729,66d0626bf085533d520dd6593cedcd8de3615f80a5797bc7c4855188f49396a2
resnet,mixed,101,bandpass_n20003_cV2_independent_rms_s5,phase2/results/predictions/full/mixed/resnet/seed_101/bandpass_n20003_cV2_independent_rms_s5.npz,76670,c6db87a338e0193a53fd1c503cdc01d23c844fd5e4a6c43ca26c352a14e336e0
resnet,mixed,101,bandpass_n20003_cV2_independent_rms_s0,phase2/results/predictions/full/mixed/resnet/seed_101/bandpass_n20003_cV2_independent_rms_s0.npz,76230,911d5c05d3f47f8beb7bf01499998c77f6a5730e78e35c90027d73b71ec20edd
resnet,mixed,101,bandpass_n20003_cV2_electrode_s20,phase2/results/predictions/full/mixed/resnet/seed_101/bandpass_n20003_cV2_electrode_s20.npz,76738,c88f025776e679747fe2101c58ba15febfd700943bf7c8364283263dd179b391
resnet,mixed,101,bandpass_n20003_cV2_electrode_s15,phase2/results/predictions/full/mixed/resnet/seed_101/bandpass_n20003_cV2_electrode_s15.npz,76772,d1212abee0e75448bc50cd807f15874bbf7e77d4075b2e9b1e69f3606b69e49b
resnet,mixed,101,bandpass_n20003_cV2_electrode_s10,phase2/results/predictions/full/mixed/resnet/seed_101/bandpass_n20003_cV2_electrode_s10.npz,76713,84efea757d1b5848993afc4cb42adc66190626ede4bf34c0fbfaecdb476c6892
resnet,mixed,101,bandpass_n20003_cV2_electrode_s5,phase2/results/predictions/full/mixed/resnet/seed_101/bandpass_n20003_cV2_electrode_s5.npz,76616,c488db0b25d5ae41c135b8182e57f48415732354d6177dc100fd467249a25d79
resnet,mixed,101,bandpass_n20003_cV2_electrode_s0,phase2/results/predictions/full/mixed/resnet/seed_101/bandpass_n20003_cV2_electrode_s0.npz,76252,e98796cf5b1f99593cad8d8b8a0b70d139b0e353d1f51a50f2ca865b338036f0
resnet,mixed,101,bandpass_n20003_cV2_covariance_s20,phase2/results/predictions/full/mixed/resnet/seed_101/bandpass_n20003_cV2_covariance_s20.npz,76774,5e8a7b5e3b054a58106a0981acddbad0fe0735a7dd8879f242c9132c7018d362
resnet,mixed,101,bandpass_n20003_cV2_covariance_s15,phase2/results/predictions/full/mixed/resnet/seed_101/bandpass_n20003_cV2_covariance_s15.npz,76777,07b9511b1cb6165bdea34e03789a81cb4b3f6cbbd95fc8e8f4963162073da1b5
resnet,mixed,101,bandpass_n20003_cV2_covariance_s10,phase2/results/predictions/full/mixed/resnet/seed_101/bandpass_n20003_cV2_covariance_s10.npz,76726,7749d8bd8f281c8da0d48a4bd973b9000f846d4ec1b0d7813427b2c9beee6d0b
resnet,mixed,101,bandpass_n20003_cV2_covariance_s5,phase2/results/predictions/full/mixed/resnet/seed_101/bandpass_n20003_cV2_covariance_s5.npz,76597,10cf50d51e26da7a63e3bf92739ebb43f760727450a077267b7c585c7349fe33
resnet,mixed,101,bandpass_n20003_cV2_covariance_s0,phase2/results/predictions/full/mixed/resnet/seed_101/bandpass_n20003_cV2_covariance_s0.npz,76254,9e6814ca507eb560f89a17cef5f90b5a5719e87babde558c86bfc6fde5871286
resnet,mixed,101,bandpass_n20003_cV3_independent_rms_s20,phase2/results/predictions/full/mixed/resnet/seed_101/bandpass_n20003_cV3_independent_rms_s20.npz,76786,e794fed9af331c55237a1b9bc318fd6fbb67f9a6789f77ee0cdcd97586d71413
resnet,mixed,101,bandpass_n20003_cV3_independent_rms_s15,phase2/results/predictions/full/mixed/resnet/seed_101/bandpass_n20003_cV3_independent_rms_s15.npz,76728,9610ab08a910d99a288029f25d510f346da0adde4a17560001dcb505dd48d656
resnet,mixed,101,bandpass_n20003_cV3_independent_rms_s10,phase2/results/predictions/full/mixed/resnet/seed_101/bandpass_n20003_cV3_independent_rms_s10.npz,76749,4ffa28e5107805fb4b25142bfd3f30c1b83a7fcf611bc796917f53c51fe99f8f
resnet,mixed,101,bandpass_n20003_cV3_independent_rms_s5,phase2/results/predictions/full/mixed/resnet/seed_101/bandpass_n20003_cV3_independent_rms_s5.npz,76680,54c61051f19da73b4e4b666cf084ec1431344ca26fb031fd6282f5b9d86b99b3
resnet,mixed,101,bandpass_n20003_cV3_independent_rms_s0,phase2/results/predictions/full/mixed/resnet/seed_101/bandpass_n20003_cV3_independent_rms_s0.npz,76410,37cce1164df60a620f61d4c45f7f76e366a0a1bca8cfa9fb2af4585a0987509d
resnet,mixed,101,bandpass_n20003_cV3_electrode_s20,phase2/results/predictions/full/mixed/resnet/seed_101/bandpass_n20003_cV3_electrode_s20.npz,76771,87ce18f602f0580c1af1a8c11eb03781043e2bccacb4d615d8ea26b5ce60e5d3
resnet,mixed,101,bandpass_n20003_cV3_electrode_s15,phase2/results/predictions/full/mixed/resnet/seed_101/bandpass_n20003_cV3_electrode_s15.npz,76750,4731266835f3fe4efda553dec4454c45fa0d41c25e843926e1dbb7d5988b3d15
resnet,mixed,101,bandpass_n20003_cV3_electrode_s10,phase2/results/predictions/full/mixed/resnet/seed_101/bandpass_n20003_cV3_electrode_s10.npz,76715,fe0ed238b17a254bded72ab14be48d76ec7a49abc67b6646e3136843e74d7644
resnet,mixed,101,bandpass_n20003_cV3_electrode_s5,phase2/results/predictions/full/mixed/resnet/seed_101/bandpass_n20003_cV3_electrode_s5.npz,76664,32deee9d5d6efd5a92275d92e32c58b3780dfe1216e2024188e9ab94bf8caee2
resnet,mixed,101,bandpass_n20003_cV3_electrode_s0,phase2/results/predictions/full/mixed/resnet/seed_101/bandpass_n20003_cV3_electrode_s0.npz,76385,c6d87e3a778924e528d694874bbbc7b8276b50eccea665cafa5dfea1a2befb33
resnet,mixed,101,bandpass_n20003_cV3_covariance_s20,phase2/results/predictions/full/mixed/resnet/seed_101/bandpass_n20003_cV3_covariance_s20.npz,76776,c81653b1111bc29a8ed785d9f20f9325c70eb1c34c61fa667210f7110abf14ed
resnet,mixed,101,bandpass_n20003_cV3_covariance_s15,phase2/results/predictions/full/mixed/resnet/seed_101/bandpass_n20003_cV3_covariance_s15.npz,76740,66781e9ab85e07c5b9b457003e0e4a065faedc3b0984c676a8260c9723aa0c41
resnet,mixed,101,bandpass_n20003_cV3_covariance_s10,phase2/results/predictions/full/mixed/resnet/seed_101/bandpass_n20003_cV3_covariance_s10.npz,76725,f393012f328c55015e60c98b8fac3c850aef506602d798538b9c7f316176acc1
resnet,mixed,101,bandpass_n20003_cV3_covariance_s5,phase2/results/predictions/full/mixed/resnet/seed_101/bandpass_n20003_cV3_covariance_s5.npz,76665,f29669a153c74b87553b694c8db9bfa3350505ac16573c362ebf0860da9eb441
resnet,mixed,101,bandpass_n20003_cV3_covariance_s0,phase2/results/predictions/full/mixed/resnet/seed_101/bandpass_n20003_cV3_covariance_s0.npz,76400,b5602878b754124e2f30bce653026991222d6dc2593d26c8dee1966985dacaee
resnet,mixed,101,bandpass_n20003_cV4_independent_rms_s20,phase2/results/predictions/full/mixed/resnet/seed_101/bandpass_n20003_cV4_independent_rms_s20.npz,76783,de501cf1a012c23ff8d5b443fec4aa5ee9e654f8369231ee581f829d633bdae2
resnet,mixed,101,bandpass_n20003_cV4_independent_rms_s15,phase2/results/predictions/full/mixed/resnet/seed_101/bandpass_n20003_cV4_independent_rms_s15.npz,76754,8d20e9a9bc4d8a2502989bd4bfed6d665a8a4ac956be0fe375d0044e1c8c652c
resnet,mixed,101,bandpass_n20003_cV4_independent_rms_s10,phase2/results/predictions/full/mixed/resnet/seed_101/bandpass_n20003_cV4_independent_rms_s10.npz,76772,888e142aba97f258e897478dc4ed01f314610fb8c5eb5259484337c18cf1c921
resnet,mixed,101,bandpass_n20003_cV4_independent_rms_s5,phase2/results/predictions/full/mixed/resnet/seed_101/bandpass_n20003_cV4_independent_rms_s5.npz,76719,8e4ef0fc5e29383dea7c629049aa851bd128a7a0d5229e1b51cc71f47f2bb706
resnet,mixed,101,bandpass_n20003_cV4_independent_rms_s0,phase2/results/predictions/full/mixed/resnet/seed_101/bandpass_n20003_cV4_independent_rms_s0.npz,76462,6d36979f94877ec67b9d1d145c11a1946c003a860715e244bfc054b8ea846367
resnet,mixed,101,bandpass_n20003_cV4_electrode_s20,phase2/results/predictions/full/mixed/resnet/seed_101/bandpass_n20003_cV4_electrode_s20.npz,76759,2ea124afd907079eb3ca37acfbccac38b85e3927bdb74ea7638ee78ce1c45d0e
resnet,mixed,101,bandpass_n20003_cV4_electrode_s15,phase2/results/predictions/full/mixed/resnet/seed_101/bandpass_n20003_cV4_electrode_s15.npz,76749,796f928ba51f584fe53c7096696296feb170a2bd3a01461996456facaa641745
resnet,mixed,101,bandpass_n20003_cV4_electrode_s10,phase2/results/predictions/full/mixed/resnet/seed_101/bandpass_n20003_cV4_electrode_s10.npz,76713,5564251e9cfb05009e259bd24be3235c662c0d141ba2fa519f024b08c6e2f0c0
resnet,mixed,101,bandpass_n20003_cV4_electrode_s5,phase2/results/predictions/full/mixed/resnet/seed_101/bandpass_n20003_cV4_electrode_s5.npz,76688,35c141a8448671f839fa8e13c45071c324355db9539e525d61c55f675ce832c4
resnet,mixed,101,bandpass_n20003_cV4_electrode_s0,phase2/results/predictions/full/mixed/resnet/seed_101/bandpass_n20003_cV4_electrode_s0.npz,76509,4879f9b1d545f6039e84cb12de618d335e54c22556cffd0e33803d8d4d436d65
resnet,mixed,101,bandpass_n20003_cV4_covariance_s20,phase2/results/predictions/full/mixed/resnet/seed_101/bandpass_n20003_cV4_covariance_s20.npz,76739,4fedfd4327c07d9fe39ef563cbdfccd02ca62c9950d9073cc78791c97b86b70f
resnet,mixed,101,bandpass_n20003_cV4_covariance_s15,phase2/results/predictions/full/mixed/resnet/seed_101/bandpass_n20003_cV4_covariance_s15.npz,76756,0567e0640b9ad5935f0f45b944187bc902cae5b7992158d65e092b61676fdec5
resnet,mixed,101,bandpass_n20003_cV4_covariance_s10,phase2/results/predictions/full/mixed/resnet/seed_101/bandpass_n20003_cV4_covariance_s10.npz,76728,3987820755ce49b57f14ea2b544a3444a8c2af9bca7002a90d8315e39dbaef3f
resnet,mixed,101,bandpass_n20003_cV4_covariance_s5,phase2/results/predictions/full/mixed/resnet/seed_101/bandpass_n20003_cV4_covariance_s5.npz,76692,8523de6fe784070cb34ac3661aceaa2ffee709db64dd4b832c50daea6c6c3b5f
resnet,mixed,101,bandpass_n20003_cV4_covariance_s0,phase2/results/predictions/full/mixed/resnet/seed_101/bandpass_n20003_cV4_covariance_s0.npz,76471,7923f15a4bb5225a582adf4372fe93f0e4799b312b44c36d814f9f92213d9410
resnet,mixed,101,bandpass_n20003_cV5_independent_rms_s20,phase2/results/predictions/full/mixed/resnet/seed_101/bandpass_n20003_cV5_independent_rms_s20.npz,76820,cd7a201860093dc02e866928884a772ac8456418749f2e4b98ac3029cfe654b2
resnet,mixed,101,bandpass_n20003_cV5_independent_rms_s15,phase2/results/predictions/full/mixed/resnet/seed_101/bandpass_n20003_cV5_independent_rms_s15.npz,76769,70f953922b779fd1d61e2a859d3d99088ef1e9be9e19ad8aec49d248a1812e3f
resnet,mixed,101,bandpass_n20003_cV5_independent_rms_s10,phase2/results/predictions/full/mixed/resnet/seed_101/bandpass_n20003_cV5_independent_rms_s10.npz,76753,d11be1b3b6b45ea70e1af0286181f262cf0ca5fce707cab6176583bc49752b4c
resnet,mixed,101,bandpass_n20003_cV5_independent_rms_s5,phase2/results/predictions/full/mixed/resnet/seed_101/bandpass_n20003_cV5_independent_rms_s5.npz,76683,c6a3fae905b25df974bed65d405e1f64239aadb9c23e07e1b703a4dbd1617961
resnet,mixed,101,bandpass_n20003_cV5_independent_rms_s0,phase2/results/predictions/full/mixed/resnet/seed_101/bandpass_n20003_cV5_independent_rms_s0.npz,76477,0219f75bb498e06e6b5476c92dd1adf141fa12198c5463e81e50aa8efec8c274
resnet,mixed,101,bandpass_n20003_cV5_electrode_s20,phase2/results/predictions/full/mixed/resnet/seed_101/bandpass_n20003_cV5_electrode_s20.npz,76758,f476afd1f4c5ac229db7c3526260d4720e282d403472014c87e4c9c0fa5dace9
resnet,mixed,101,bandpass_n20003_cV5_electrode_s15,phase2/results/predictions/full/mixed/resnet/seed_101/bandpass_n20003_cV5_electrode_s15.npz,76730,9c0a588829f030cbac6550933c52c34b4b166797ab47585761508304a240e2be
resnet,mixed,101,bandpass_n20003_cV5_electrode_s10,phase2/results/predictions/full/mixed/resnet/seed_101/bandpass_n20003_cV5_electrode_s10.npz,76733,9e1a97ea75c4288fd6b26bc2d3e7f8a69d343226582ff8905100fa692bad616d
resnet,mixed,101,bandpass_n20003_cV5_electrode_s5,phase2/results/predictions/full/mixed/resnet/seed_101/bandpass_n20003_cV5_electrode_s5.npz,76694,af02e14ec8916fe0e64cf6ae44c9ef611491f16b0979158b0cec53a2939dc38c
resnet,mixed,101,bandpass_n20003_cV5_electrode_s0,phase2/results/predictions/full/mixed/resnet/seed_101/bandpass_n20003_cV5_electrode_s0.npz,76465,b662c18f295cf7832c0080d546a0cb625c88cf1caf599bfeb381df121834ef73
resnet,mixed,101,bandpass_n20003_cV5_covariance_s20,phase2/results/predictions/full/mixed/resnet/seed_101/bandpass_n20003_cV5_covariance_s20.npz,76752,a1eea1b9f9a7d07e0b3bcd4a8185468c258993711908e88f92c94be82910d73d
resnet,mixed,101,bandpass_n20003_cV5_covariance_s15,phase2/results/predictions/full/mixed/resnet/seed_101/bandpass_n20003_cV5_covariance_s15.npz,76736,756dec62429a4a926bdf56eae61d86f9be412a2e028c5b2c6267871e9c3f0df5
resnet,mixed,101,bandpass_n20003_cV5_covariance_s10,phase2/results/predictions/full/mixed/resnet/seed_101/bandpass_n20003_cV5_covariance_s10.npz,76774,1dad898a57e1c80ff8d93503a1cc084a2d40492cb6be4f7183ed22e8e51304c6
resnet,mixed,101,bandpass_n20003_cV5_covariance_s5,phase2/results/predictions/full/mixed/resnet/seed_101/bandpass_n20003_cV5_covariance_s5.npz,76703,21851a084e6617dfe48e00cb237cefb4625f5f100c6870e1dad48eeae03fd29f
resnet,mixed,101,bandpass_n20003_cV5_covariance_s0,phase2/results/predictions/full/mixed/resnet/seed_101/bandpass_n20003_cV5_covariance_s0.npz,76500,e61dd09a15c96de8c4a7e5770878a480f7595a392c76a7f1f89e59fc27f298e5
resnet,mixed,101,bandpass_n20003_cV6_independent_rms_s20,phase2/results/predictions/full/mixed/resnet/seed_101/bandpass_n20003_cV6_independent_rms_s20.npz,76752,3157de9b4295c257f0a20b80e9db402d4922889229da650026c2fb40a5afe620
resnet,mixed,101,bandpass_n20003_cV6_independent_rms_s15,phase2/results/predictions/full/mixed/resnet/seed_101/bandpass_n20003_cV6_independent_rms_s15.npz,76793,3dc57b7e248c6e9ffbed6f2dbba0ed95191ba8f1906e317cbbf8a841d0f9422e
resnet,mixed,101,bandpass_n20003_cV6_independent_rms_s10,phase2/results/predictions/full/mixed/resnet/seed_101/bandpass_n20003_cV6_independent_rms_s10.npz,76748,adfe66f8192744a6610c846763de0f1f23e166b2be222e49aaac551c584620e0
resnet,mixed,101,bandpass_n20003_cV6_independent_rms_s5,phase2/results/predictions/full/mixed/resnet/seed_101/bandpass_n20003_cV6_independent_rms_s5.npz,76674,713dfd7f1530327db2ee3324477e04e2ba8113e657b9009639902e7b5ca64081
resnet,mixed,101,bandpass_n20003_cV6_independent_rms_s0,phase2/results/predictions/full/mixed/resnet/seed_101/bandpass_n20003_cV6_independent_rms_s0.npz,76410,842c829f68ae6b2f3b34daa05bea5e35d0c8dca5d15755885a34924c385fe84c
resnet,mixed,101,bandpass_n20003_cV6_electrode_s20,phase2/results/predictions/full/mixed/resnet/seed_101/bandpass_n20003_cV6_electrode_s20.npz,76765,aa318f96fe756b07127c47cce6d315a37df60442f1a00d933cece4b2a34c10f7
resnet,mixed,101,bandpass_n20003_cV6_electrode_s15,phase2/results/predictions/full/mixed/resnet/seed_101/bandpass_n20003_cV6_electrode_s15.npz,76739,e9f10b34a0beea58098645f3b7ef2671ec80d55397327ba5d65a12d6db9eb30c
resnet,mixed,101,bandpass_n20003_cV6_electrode_s10,phase2/results/predictions/full/mixed/resnet/seed_101/bandpass_n20003_cV6_electrode_s10.npz,76711,8c3650d6cad4d62329c10eb911852440cc7d9ba5233bd1dc2bf7b13260449f2d
resnet,mixed,101,bandpass_n20003_cV6_electrode_s5,phase2/results/predictions/full/mixed/resnet/seed_101/bandpass_n20003_cV6_electrode_s5.npz,76666,0fe6213fbb2db4eeaffcd7500ae0c9efd0d27ec6f061d88fb889734e5c135ac7
resnet,mixed,101,bandpass_n20003_cV6_electrode_s0,phase2/results/predictions/full/mixed/resnet/seed_101/bandpass_n20003_cV6_electrode_s0.npz,76457,2d75db00437cb68041edb711d285e825fd26dade304f9afdbe5a8ad73e08d1fd
resnet,mixed,101,bandpass_n20003_cV6_covariance_s20,phase2/results/predictions/full/mixed/resnet/seed_101/bandpass_n20003_cV6_covariance_s20.npz,76757,acc9e97ea88fe3e210ad98f7ba4dd6f1433e229918801ffe2aad602ea1a2b126
resnet,mixed,101,bandpass_n20003_cV6_covariance_s15,phase2/results/predictions/full/mixed/resnet/seed_101/bandpass_n20003_cV6_covariance_s15.npz,76758,ade9716d7f3d2c0117dc9571df1834ce40b33afb699128d7a754a5e4df96180e
resnet,mixed,101,bandpass_n20003_cV6_covariance_s10,phase2/results/predictions/full/mixed/resnet/seed_101/bandpass_n20003_cV6_covariance_s10.npz,76693,8f407b5987ca4ba60c3273634714a7c6180814359dd9cd1e3fc010297c7e08fd
resnet,mixed,101,bandpass_n20003_cV6_covariance_s5,phase2/results/predictions/full/mixed/resnet/seed_101/bandpass_n20003_cV6_covariance_s5.npz,76698,45d455c217eb33230264b5ace52bae44e570729f408cc8004951496200e8870e
resnet,mixed,101,bandpass_n20003_cV6_covariance_s0,phase2/results/predictions/full/mixed/resnet/seed_101/bandpass_n20003_cV6_covariance_s0.npz,76437,2b3da32cf69659defeaa0c8808243a350cbecc695265e50400c32d9148a83eb8
resnet,mixed,101,bandpass_n20003_cRA_LA_independent_rms_s20,phase2/results/predictions/full/mixed/resnet/seed_101/bandpass_n20003_cRA_LA_independent_rms_s20.npz,76811,04c64ee16dc2d6a33b7825bcffd48f60fac891a36e0df5e3c9cc6b733f2b8773
resnet,mixed,101,bandpass_n20003_cRA_LA_independent_rms_s15,phase2/results/predictions/full/mixed/resnet/seed_101/bandpass_n20003_cRA_LA_independent_rms_s15.npz,76787,6029d78f51971f49e72593bddddd989d851237baf138344ec234e450b058fb6c
resnet,mixed,101,bandpass_n20003_cRA_LA_independent_rms_s10,phase2/results/predictions/full/mixed/resnet/seed_101/bandpass_n20003_cRA_LA_independent_rms_s10.npz,76755,2bd6ff36c8b2a9427d5a461cfee0488e8bbad441f5916c928befae523791c57d
resnet,mixed,101,bandpass_n20003_cRA_LA_independent_rms_s5,phase2/results/predictions/full/mixed/resnet/seed_101/bandpass_n20003_cRA_LA_independent_rms_s5.npz,76678,f22eab5a0f75b39a73f322fcf5c7f456174ac498a2129f66c80aeab6e8eb50c2
resnet,mixed,101,bandpass_n20003_cRA_LA_independent_rms_s0,phase2/results/predictions/full/mixed/resnet/seed_101/bandpass_n20003_cRA_LA_independent_rms_s0.npz,76427,961847305336e036b1dac8b0a4a16cc57ae8d7ede8fee581c1612eca2334f335
resnet,mixed,101,bandpass_n20003_cRA_LA_electrode_s20,phase2/results/predictions/full/mixed/resnet/seed_101/bandpass_n20003_cRA_LA_electrode_s20.npz,76755,237dccf1f5458bbfe35b96d1af118d346744abb04803b87474d3401853a6d81a
resnet,mixed,101,bandpass_n20003_cRA_LA_electrode_s15,phase2/results/predictions/full/mixed/resnet/seed_101/bandpass_n20003_cRA_LA_electrode_s15.npz,76767,2a5d1a852023bf4aaae3f51278c973055d2558d7b24521e8fd75b4a89ad07dc6
resnet,mixed,101,bandpass_n20003_cRA_LA_electrode_s10,phase2/results/predictions/full/mixed/resnet/seed_101/bandpass_n20003_cRA_LA_electrode_s10.npz,76706,abaa090068404ef8d7a8438cdf1494a49a0610b77a766d27a7f4e7c7d33fdcd6
resnet,mixed,101,bandpass_n20003_cRA_LA_electrode_s5,phase2/results/predictions/full/mixed/resnet/seed_101/bandpass_n20003_cRA_LA_electrode_s5.npz,76577,cd0379242100e8a33fc344be96ca862fee9e51f4c8554a05a63654a2a30ce0ce
resnet,mixed,101,bandpass_n20003_cRA_LA_electrode_s0,phase2/results/predictions/full/mixed/resnet/seed_101/bandpass_n20003_cRA_LA_electrode_s0.npz,76183,610a6df45d669509bbc41f3de4393b4782096bd515a139e9bb2c53f605cbfb6e
resnet,mixed,101,bandpass_n20003_cRA_LA_covariance_s20,phase2/results/predictions/full/mixed/resnet/seed_101/bandpass_n20003_cRA_LA_covariance_s20.npz,76766,3dfdb3b42490aa77ef86ef9473bf703e979d3f30c97594af87e1a1f223ed1b7a
resnet,mixed,101,bandpass_n20003_cRA_LA_covariance_s15,phase2/results/predictions/full/mixed/resnet/seed_101/bandpass_n20003_cRA_LA_covariance_s15.npz,76761,876ce9f603dbdc8502bb25943e9f3285d43d34f638a0714d30d858c99d7d0cbf
resnet,mixed,101,bandpass_n20003_cRA_LA_covariance_s10,phase2/results/predictions/full/mixed/resnet/seed_101/bandpass_n20003_cRA_LA_covariance_s10.npz,76734,1df5e4582d9719a6b02e51bcab9c08ba42d2c5f904c2c508a7edf02530596d3f
resnet,mixed,101,bandpass_n20003_cRA_LA_covariance_s5,phase2/results/predictions/full/mixed/resnet/seed_101/bandpass_n20003_cRA_LA_covariance_s5.npz,76526,64b9d8dba65677f6855c982df83fd501bcf14507ea6c218763638495692532ed
resnet,mixed,101,bandpass_n20003_cRA_LA_covariance_s0,phase2/results/predictions/full/mixed/resnet/seed_101/bandpass_n20003_cRA_LA_covariance_s0.npz,76221,c94f408e3547b6f0339652fb2d3c647f0fb849a7d229ed4e4ca085b2061fbc8a
resnet,mixed,101,bandpass_n20003_cLA_LL_independent_rms_s20,phase2/results/predictions/full/mixed/resnet/seed_101/bandpass_n20003_cLA_LL_independent_rms_s20.npz,76789,65f25d963947bff7ee262b0b07429013c0de9cef093da0e31991498b62c122b1
resnet,mixed,101,bandpass_n20003_cLA_LL_independent_rms_s15,phase2/results/predictions/full/mixed/resnet/seed_101/bandpass_n20003_cLA_LL_independent_rms_s15.npz,76803,05fb015e1eec7c621975ac0603058c9cfabf84aea94c8914048ad1c5bd404f89
resnet,mixed,101,bandpass_n20003_cLA_LL_independent_rms_s10,phase2/results/predictions/full/mixed/resnet/seed_101/bandpass_n20003_cLA_LL_independent_rms_s10.npz,76742,3a7960830acf705f8431cb7372716f52b7dc35593c2c8b8bfd76e7653cdc37da
resnet,mixed,101,bandpass_n20003_cLA_LL_independent_rms_s5,phase2/results/predictions/full/mixed/resnet/seed_101/bandpass_n20003_cLA_LL_independent_rms_s5.npz,76670,ee83d8c11c669b8e4c4da7271699edad6ca90ef20e17a455d7412867b9442a21
resnet,mixed,101,bandpass_n20003_cLA_LL_independent_rms_s0,phase2/results/predictions/full/mixed/resnet/seed_101/bandpass_n20003_cLA_LL_independent_rms_s0.npz,76366,95cc84110ffee1f0be76aa4e7652c2190eb9c4008e45ff95f2506381175d1c22
resnet,mixed,101,bandpass_n20003_cLA_LL_electrode_s20,phase2/results/predictions/full/mixed/resnet/seed_101/bandpass_n20003_cLA_LL_electrode_s20.npz,76740,755433be975f0bfd4e0984a01003a501555a8f5bab9b2f8d56e4ef681315b37b
resnet,mixed,101,bandpass_n20003_cLA_LL_electrode_s15,phase2/results/predictions/full/mixed/resnet/seed_101/bandpass_n20003_cLA_LL_electrode_s15.npz,76747,7363ba8eb68b90bfa1ac01f9950a9aeca5764dc81b473972e78196237ff3fc72
resnet,mixed,101,bandpass_n20003_cLA_LL_electrode_s10,phase2/results/predictions/full/mixed/resnet/seed_101/bandpass_n20003_cLA_LL_electrode_s10.npz,76659,4ce0d02a8a6a57a3d82c46b56a828d90b01d444ff24540e7288986243b2e83ce
resnet,mixed,101,bandpass_n20003_cLA_LL_electrode_s5,phase2/results/predictions/full/mixed/resnet/seed_101/bandpass_n20003_cLA_LL_electrode_s5.npz,76472,4120ce41e209cb5cbc004b36685ec023f8dfd36c12d4c585e3436119fa5963f1
resnet,mixed,101,bandpass_n20003_cLA_LL_electrode_s0,phase2/results/predictions/full/mixed/resnet/seed_101/bandpass_n20003_cLA_LL_electrode_s0.npz,76065,b034cb2cd775fe6adde04bc75c9becb151d981a2ab44a51ca0e55e5216e682ce
resnet,mixed,101,bandpass_n20003_cLA_LL_covariance_s20,phase2/results/predictions/full/mixed/resnet/seed_101/bandpass_n20003_cLA_LL_covariance_s20.npz,76765,42304db1dc4de94aa066ba614d3f6227a4ccb76c6566e7e1607ce4a34f83c609
resnet,mixed,101,bandpass_n20003_cLA_LL_covariance_s15,phase2/results/predictions/full/mixed/resnet/seed_101/bandpass_n20003_cLA_LL_covariance_s15.npz,76772,ca503a04361d5b1328b9347ed0c11471fe75382ddde38c15a7507cb8ca82de5e
resnet,mixed,101,bandpass_n20003_cLA_LL_covariance_s10,phase2/results/predictions/full/mixed/resnet/seed_101/bandpass_n20003_cLA_LL_covariance_s10.npz,76676,a2d36c10c7d6008053642662089bd1c427e249cc2d3bbd36e553d8802e7fe443
resnet,mixed,101,bandpass_n20003_cLA_LL_covariance_s5,phase2/results/predictions/full/mixed/resnet/seed_101/bandpass_n20003_cLA_LL_covariance_s5.npz,76532,717d96f6cbaf9172ae222a0b4f45d7aaa4f348ba8dcbcb9cca7a173b7cf27598
resnet,mixed,101,bandpass_n20003_cLA_LL_covariance_s0,phase2/results/predictions/full/mixed/resnet/seed_101/bandpass_n20003_cLA_LL_covariance_s0.npz,76110,726f47c9f8adaf9a7fdf943d9ea6ba0c80921a60042871b69e63f75fe1d7dafa
resnet,mixed,101,bandpass_n20003_cRA_LL_independent_rms_s20,phase2/results/predictions/full/mixed/resnet/seed_101/bandpass_n20003_cRA_LL_independent_rms_s20.npz,76789,05cfc7709485b389d261cdb9d320673e4da454aeff4dc4a495e0529708a33017
resnet,mixed,101,bandpass_n20003_cRA_LL_independent_rms_s15,phase2/results/predictions/full/mixed/resnet/seed_101/bandpass_n20003_cRA_LL_independent_rms_s15.npz,76767,92125e3e0e9e651171704a385cec4aea8a67162359e9f12cdc5844e4e5772035
resnet,mixed,101,bandpass_n20003_cRA_LL_independent_rms_s10,phase2/results/predictions/full/mixed/resnet/seed_101/bandpass_n20003_cRA_LL_independent_rms_s10.npz,76707,f7584d9a04b96f23abdbaa4bc0849257836ca8fcb95496762e5040074bd1fe72
resnet,mixed,101,bandpass_n20003_cRA_LL_independent_rms_s5,phase2/results/predictions/full/mixed/resnet/seed_101/bandpass_n20003_cRA_LL_independent_rms_s5.npz,76681,0376824e250b30760e338f68fd6970e463c437245ccb7db1387ce5bf9c8647b2
resnet,mixed,101,bandpass_n20003_cRA_LL_independent_rms_s0,phase2/results/predictions/full/mixed/resnet/seed_101/bandpass_n20003_cRA_LL_independent_rms_s0.npz,76368,62ba33a4599ae76f5eb1acf595907ab47cb877e6fa4a0429e358f414e8841469
resnet,mixed,101,bandpass_n20003_cRA_LL_electrode_s20,phase2/results/predictions/full/mixed/resnet/seed_101/bandpass_n20003_cRA_LL_electrode_s20.npz,76725,c5132a2c1a82bf334ad37ee123cb5c2311b95e39a527d27e8709ed1df426e2d4
resnet,mixed,101,bandpass_n20003_cRA_LL_electrode_s15,phase2/results/predictions/full/mixed/resnet/seed_101/bandpass_n20003_cRA_LL_electrode_s15.npz,76729,41c4c862d2fa7ad20f1c95184c1d6b763143fbafd92a1e6f87309efb4108f315
resnet,mixed,101,bandpass_n20003_cRA_LL_electrode_s10,phase2/results/predictions/full/mixed/resnet/seed_101/bandpass_n20003_cRA_LL_electrode_s10.npz,76707,50be6e16e8937b361ff761710ba343f066ac0297a48c900e2ec891d8568f3ea0
resnet,mixed,101,bandpass_n20003_cRA_LL_electrode_s5,phase2/results/predictions/full/mixed/resnet/seed_101/bandpass_n20003_cRA_LL_electrode_s5.npz,76496,7774a655e1f263e2c11743a24b63b0873fa3fe10c1a899fcb2ea78321ff37267
resnet,mixed,101,bandpass_n20003_cRA_LL_electrode_s0,phase2/results/predictions/full/mixed/resnet/seed_101/bandpass_n20003_cRA_LL_electrode_s0.npz,76140,048f1f21ce764ac9e9ca9bf59395a093630f51498ff223ffb5d5e0d4926c9508
resnet,mixed,101,bandpass_n20003_cRA_LL_covariance_s20,phase2/results/predictions/full/mixed/resnet/seed_101/bandpass_n20003_cRA_LL_covariance_s20.npz,76760,c3da1c1d5c9427ce939d679c073836a72f50db20dc3524ed07eaeaa620f740fb
resnet,mixed,101,bandpass_n20003_cRA_LL_covariance_s15,phase2/results/predictions/full/mixed/resnet/seed_101/bandpass_n20003_cRA_LL_covariance_s15.npz,76741,63156cc2ac00dbbeac7fa1fefbb232838af157c89f958f3e0421dee607a02f95
resnet,mixed,101,bandpass_n20003_cRA_LL_covariance_s10,phase2/results/predictions/full/mixed/resnet/seed_101/bandpass_n20003_cRA_LL_covariance_s10.npz,76718,4ee9124327091a0f679479c0af71c4b29e4b9c602a436126478cce2d8cca05d4
resnet,mixed,101,bandpass_n20003_cRA_LL_covariance_s5,phase2/results/predictions/full/mixed/resnet/seed_101/bandpass_n20003_cRA_LL_covariance_s5.npz,76462,47ea8f4136d833497fad29b8976998a67ec169e4174688339765fb54f2f6824b
resnet,mixed,101,bandpass_n20003_cRA_LL_covariance_s0,phase2/results/predictions/full/mixed/resnet/seed_101/bandpass_n20003_cRA_LL_covariance_s0.npz,76101,ae2f54dd8320337bbae1e70dda1c487290141e12d546db6c03176444438d08eb
resnet,mixed,101,bandpass_n20003_cRA_independent_rms_s20,phase2/results/predictions/full/mixed/resnet/seed_101/bandpass_n20003_cRA_independent_rms_s20.npz,76741,9c25155655a96af39cd43801324c0716339879cdf312ab36611629c27d47d8bb
resnet,mixed,101,bandpass_n20003_cRA_independent_rms_s15,phase2/results/predictions/full/mixed/resnet/seed_101/bandpass_n20003_cRA_independent_rms_s15.npz,76773,543342bc821bbb611a5d61ee21b4467ba3a25926deb0c039fa406c361ea1df3d
resnet,mixed,101,bandpass_n20003_cRA_independent_rms_s10,phase2/results/predictions/full/mixed/resnet/seed_101/bandpass_n20003_cRA_independent_rms_s10.npz,76791,ab2e55178ca3f17ea7dcf9d71622b7c8308782ff6cc809f10483e8346ffd7904
resnet,mixed,101,bandpass_n20003_cRA_independent_rms_s5,phase2/results/predictions/full/mixed/resnet/seed_101/bandpass_n20003_cRA_independent_rms_s5.npz,76690,7255f2a1d83f151b1b9a1bb52427213d896bc7624f8984fa416f2df51391d640
resnet,mixed,101,bandpass_n20003_cRA_independent_rms_s0,phase2/results/predictions/full/mixed/resnet/seed_101/bandpass_n20003_cRA_independent_rms_s0.npz,76438,caf0dd8481a797f7d9e2d49ec9ed8506cfe2a86785363612f754a2a28277c161
resnet,mixed,101,bandpass_n20003_cRA_electrode_s20,phase2/results/predictions/full/mixed/resnet/seed_101/bandpass_n20003_cRA_electrode_s20.npz,76735,1545a7b20d48b7444c14fb1b16241096f6a2f714c1aeccfb2861ae5507a85699
resnet,mixed,101,bandpass_n20003_cRA_electrode_s15,phase2/results/predictions/full/mixed/resnet/seed_101/bandpass_n20003_cRA_electrode_s15.npz,76732,183f9dafd0d213a0ee6e4e26742cc9d99da012875de076356b9c1488f6573b55
resnet,mixed,101,bandpass_n20003_cRA_electrode_s10,phase2/results/predictions/full/mixed/resnet/seed_101/bandpass_n20003_cRA_electrode_s10.npz,76703,f926ccefdcd3c760f99d6d8bf6da8181841d179019f9c8d9bd7378489827a51c
resnet,mixed,101,bandpass_n20003_cRA_electrode_s5,phase2/results/predictions/full/mixed/resnet/seed_101/bandpass_n20003_cRA_electrode_s5.npz,76594,717eefbb3a7ea32d627fb4f6e251d5dbefbe4c33295217730c1f667dee235c13
resnet,mixed,101,bandpass_n20003_cRA_electrode_s0,phase2/results/predictions/full/mixed/resnet/seed_101/bandpass_n20003_cRA_electrode_s0.npz,76349,6adf95c5821013807f6c1c8c736aebebe7494a3405f60d277b59bf1e8094570b
resnet,mixed,101,bandpass_n20003_cRA_covariance_s20,phase2/results/predictions/full/mixed/resnet/seed_101/bandpass_n20003_cRA_covariance_s20.npz,76741,7b872816cad2699b63b34419f95e495a9d2549c79b65650fa5d30f830b68caad
resnet,mixed,101,bandpass_n20003_cRA_covariance_s15,phase2/results/predictions/full/mixed/resnet/seed_101/bandpass_n20003_cRA_covariance_s15.npz,76704,4674a98b2aef4c3c17664fcab08bb25a979d5fb6fd5fd1620e2397bbc42ce907
resnet,mixed,101,bandpass_n20003_cRA_covariance_s10,phase2/results/predictions/full/mixed/resnet/seed_101/bandpass_n20003_cRA_covariance_s10.npz,76705,84d4b29569434916593a47bdd34a7a77f293e0138e43753ed93257368040ac9b
resnet,mixed,101,bandpass_n20003_cRA_covariance_s5,phase2/results/predictions/full/mixed/resnet/seed_101/bandpass_n20003_cRA_covariance_s5.npz,76575,7513d65bd83c620365441e9d4d65c538f6ac468adce7bf9065a25fad1b4d8e29
resnet,mixed,101,bandpass_n20003_cRA_covariance_s0,phase2/results/predictions/full/mixed/resnet/seed_101/bandpass_n20003_cRA_covariance_s0.npz,76352,920cfc5785f3c1d67eb8751bc53bee89e276d22c19236e6ea74e14910ad86215
resnet,mixed,101,bandpass_n20003_cLA_independent_rms_s20,phase2/results/predictions/full/mixed/resnet/seed_101/bandpass_n20003_cLA_independent_rms_s20.npz,76791,baf29130dc07c419f0a8bd11d2b2bd62c663ba8172c4195208c3e58d084cfaba
resnet,mixed,101,bandpass_n20003_cLA_independent_rms_s15,phase2/results/predictions/full/mixed/resnet/seed_101/bandpass_n20003_cLA_independent_rms_s15.npz,76791,0f92d2fbbf8532d423167484ab5bc2d2470e57a9704716f494b7c2fe00136d20
resnet,mixed,101,bandpass_n20003_cLA_independent_rms_s10,phase2/results/predictions/full/mixed/resnet/seed_101/bandpass_n20003_cLA_independent_rms_s10.npz,76764,24ed6881279b1ba31c5f98857fef961725ab453bd30deda97232ae5788a7f215
resnet,mixed,101,bandpass_n20003_cLA_independent_rms_s5,phase2/results/predictions/full/mixed/resnet/seed_101/bandpass_n20003_cLA_independent_rms_s5.npz,76683,1627e56ee28cd1e992326acc3dc2adcbe30a0b5d6c7244c84620f1f8b376193a
resnet,mixed,101,bandpass_n20003_cLA_independent_rms_s0,phase2/results/predictions/full/mixed/resnet/seed_101/bandpass_n20003_cLA_independent_rms_s0.npz,76412,ace748fed82c45976ef999992769e75c972c0c9f77d3004dee202f3c979a0175
resnet,mixed,101,bandpass_n20003_cLA_electrode_s20,phase2/results/predictions/full/mixed/resnet/seed_101/bandpass_n20003_cLA_electrode_s20.npz,76772,43d0e35d2773e0dbf247c958055377475dba8141b0e81819434832f2abcc8373
resnet,mixed,101,bandpass_n20003_cLA_electrode_s15,phase2/results/predictions/full/mixed/resnet/seed_101/bandpass_n20003_cLA_electrode_s15.npz,76766,438eb70d68957821cc1fdd362455f7fae19ecc646f8a49403215ae33737a2b62
resnet,mixed,101,bandpass_n20003_cLA_electrode_s10,phase2/results/predictions/full/mixed/resnet/seed_101/bandpass_n20003_cLA_electrode_s10.npz,76728,cdc247f8d87cca28a3f8e23131259d33c9cc7cf652ef24ce6c8b53f5274d15fc
resnet,mixed,101,bandpass_n20003_cLA_electrode_s5,phase2/results/predictions/full/mixed/resnet/seed_101/bandpass_n20003_cLA_electrode_s5.npz,76579,b6cf385794e47f088f78c0138ee865848040663256b789946b2fe506d49ff235
resnet,mixed,101,bandpass_n20003_cLA_electrode_s0,phase2/results/predictions/full/mixed/resnet/seed_101/bandpass_n20003_cLA_electrode_s0.npz,76157,b0e24974c8ee93de235c5a4d829fea0abd12b72a7f94974b423c645a8fe4a3f2
resnet,mixed,101,bandpass_n20003_cLA_covariance_s20,phase2/results/predictions/full/mixed/resnet/seed_101/bandpass_n20003_cLA_covariance_s20.npz,76758,12fd200db86fc33bb2505699cda86ba7dd81214d7a7a9402ada3990a58f193c6
resnet,mixed,101,bandpass_n20003_cLA_covariance_s15,phase2/results/predictions/full/mixed/resnet/seed_101/bandpass_n20003_cLA_covariance_s15.npz,76761,e7aba4a2f9b5756567d4380ee0d4ce254961dfbdd9700db44e7302da13130d57
resnet,mixed,101,bandpass_n20003_cLA_covariance_s10,phase2/results/predictions/full/mixed/resnet/seed_101/bandpass_n20003_cLA_covariance_s10.npz,76721,7fa4373255b56a483ae4aea5d619b9516c7097645077fb1fad2cfb5ba90cca45
resnet,mixed,101,bandpass_n20003_cLA_covariance_s5,phase2/results/predictions/full/mixed/resnet/seed_101/bandpass_n20003_cLA_covariance_s5.npz,76598,7471796d0a9b676f9303c8db6384c6a68dad4605d50edb9a2b35c1f1c8abf93b
resnet,mixed,101,bandpass_n20003_cLA_covariance_s0,phase2/results/predictions/full/mixed/resnet/seed_101/bandpass_n20003_cLA_covariance_s0.npz,76201,45112b4c443c7ac503fab90b8bb2cd6f95a56647dc018621680b4f03cd83f5ae
resnet,mixed,101,bandpass_n20003_cLL_independent_rms_s20,phase2/results/predictions/full/mixed/resnet/seed_101/bandpass_n20003_cLL_independent_rms_s20.npz,76747,99888c6305891403a42b3371cc0206c538155831c20fddbf84c924222d9ebb59
resnet,mixed,101,bandpass_n20003_cLL_independent_rms_s15,phase2/results/predictions/full/mixed/resnet/seed_101/bandpass_n20003_cLL_independent_rms_s15.npz,76775,f0abde5adb4f0a3e3efe037fdbea3a32e6c9e34d4c9c51ebd35ed1f24c2af8de
resnet,mixed,101,bandpass_n20003_cLL_independent_rms_s10,phase2/results/predictions/full/mixed/resnet/seed_101/bandpass_n20003_cLL_independent_rms_s10.npz,76737,4ec2f54f7e0ddbbc2989d85095dc0e352d29ecac2d9e74c0d4b8806397d14030
resnet,mixed,101,bandpass_n20003_cLL_independent_rms_s5,phase2/results/predictions/full/mixed/resnet/seed_101/bandpass_n20003_cLL_independent_rms_s5.npz,76666,3aa9b55a82c1cd221dbcb8ff14df8aa47c7be50f423e2fdd942970176446d190
resnet,mixed,101,bandpass_n20003_cLL_independent_rms_s0,phase2/results/predictions/full/mixed/resnet/seed_101/bandpass_n20003_cLL_independent_rms_s0.npz,76322,a622d0acd6e35622653bf1be525bdb68bc9e2429b18184941e2c164262229a24
resnet,mixed,101,bandpass_n20003_cLL_electrode_s20,phase2/results/predictions/full/mixed/resnet/seed_101/bandpass_n20003_cLL_electrode_s20.npz,76755,1a275f0781d4d8c3e4ed8db6eb0d944d44fed7ff2df7e4bb79d525eac372c8fb
resnet,mixed,101,bandpass_n20003_cLL_electrode_s15,phase2/results/predictions/full/mixed/resnet/seed_101/bandpass_n20003_cLL_electrode_s15.npz,76726,ef27887ef5cf1f2a8ea43f0981b39addae2305dc1b138c764ff0103a2b6a16ef
resnet,mixed,101,bandpass_n20003_cLL_electrode_s10,phase2/results/predictions/full/mixed/resnet/seed_101/bandpass_n20003_cLL_electrode_s10.npz,76667,bc06b3f5e251149412818c8cba985570334e2d623e8ca16de7d6c3f27b4ef51e
resnet,mixed,101,bandpass_n20003_cLL_electrode_s5,phase2/results/predictions/full/mixed/resnet/seed_101/bandpass_n20003_cLL_electrode_s5.npz,76432,ee51f6c218a2933c4ec4a0c86462b574b444602ae5acd78a2a9deea1d7247934
resnet,mixed,101,bandpass_n20003_cLL_electrode_s0,phase2/results/predictions/full/mixed/resnet/seed_101/bandpass_n20003_cLL_electrode_s0.npz,76033,104d53093cb63d0523db38aed3bc1542cf262bb430e75c867503640c39482e99
resnet,mixed,101,bandpass_n20003_cLL_covariance_s20,phase2/results/predictions/full/mixed/resnet/seed_101/bandpass_n20003_cLL_covariance_s20.npz,76760,7c78f0f68705d22a3edda78533bd06ed527aad79b651ff9848f7adad0f9cbf58
resnet,mixed,101,bandpass_n20003_cLL_covariance_s15,phase2/results/predictions/full/mixed/resnet/seed_101/bandpass_n20003_cLL_covariance_s15.npz,76719,707c8fb0aab1c78b95ab954e6446bad1aa27bfd21deba7820c7f968dbb653399
resnet,mixed,101,bandpass_n20003_cLL_covariance_s10,phase2/results/predictions/full/mixed/resnet/seed_101/bandpass_n20003_cLL_covariance_s10.npz,76697,ee594095e058c6e2be3a72cacd0fa6046d45c6f839b687264de7bc5748b07a18
resnet,mixed,101,bandpass_n20003_cLL_covariance_s5,phase2/results/predictions/full/mixed/resnet/seed_101/bandpass_n20003_cLL_covariance_s5.npz,76425,1e16d699ab181bdfb8a142409f836636bcc87a0ad717ab65b9e0d3957d74af64
resnet,mixed,101,bandpass_n20003_cLL_covariance_s0,phase2/results/predictions/full/mixed/resnet/seed_101/bandpass_n20003_cLL_covariance_s0.npz,76048,01e760163d2ecef3e5aa6182c22096a74722e2ecd738cc65ba1c32dedf50e64f
resnet,mixed,101,bandpass_n20003_cRA_V1_independent_rms_s20,phase2/results/predictions/full/mixed/resnet/seed_101/bandpass_n20003_cRA_V1_independent_rms_s20.npz,76802,a3a7f9a1ab1b2601736f859a4100346059c538e45511805b5ad8ff36577b5fdb
resnet,mixed,101,bandpass_n20003_cRA_V1_independent_rms_s15,phase2/results/predictions/full/mixed/resnet/seed_101/bandpass_n20003_cRA_V1_independent_rms_s15.npz,76755,8a5ebfc5d677424ebdf3767eaeb01e2323d8c48b2fbc23755838c4e0fe9dab6b
resnet,mixed,101,bandpass_n20003_cRA_V1_independent_rms_s10,phase2/results/predictions/full/mixed/resnet/seed_101/bandpass_n20003_cRA_V1_independent_rms_s10.npz,76760,7d964ec2176f0edb2d4964650be2a9f05d9d80e8b69c1dc8b16ee4ff590cdb10
resnet,mixed,101,bandpass_n20003_cRA_V1_independent_rms_s5,phase2/results/predictions/full/mixed/resnet/seed_101/bandpass_n20003_cRA_V1_independent_rms_s5.npz,76676,f1943429c968b4127f719bffaa414e51366ebb7d2f1dbc17dbf048cae9495cc5
resnet,mixed,101,bandpass_n20003_cRA_V1_independent_rms_s0,phase2/results/predictions/full/mixed/resnet/seed_101/bandpass_n20003_cRA_V1_independent_rms_s0.npz,76369,3dae3f97c00bf0a298c5fd25cbf1b1bf78f501568486da9b5e2bd671c21a4f65
resnet,mixed,101,bandpass_n20003_cRA_V1_electrode_s20,phase2/results/predictions/full/mixed/resnet/seed_101/bandpass_n20003_cRA_V1_electrode_s20.npz,76759,2ab1db473b8c45f430a0f31f9071ae3362f5540a6067239357ae0f15fd0a7d28
resnet,mixed,101,bandpass_n20003_cRA_V1_electrode_s15,phase2/results/predictions/full/mixed/resnet/seed_101/bandpass_n20003_cRA_V1_electrode_s15.npz,76732,0b5a9eb98c5b764825e8575c47301b5bff3d9962b08657e8871d8fbff716e515
resnet,mixed,101,bandpass_n20003_cRA_V1_electrode_s10,phase2/results/predictions/full/mixed/resnet/seed_101/bandpass_n20003_cRA_V1_electrode_s10.npz,76699,740bda86e5b0213717eebe687aa9545dc28a63df89e0f0bbe1c0f0e1ad4fb598
resnet,mixed,101,bandpass_n20003_cRA_V1_electrode_s5,phase2/results/predictions/full/mixed/resnet/seed_101/bandpass_n20003_cRA_V1_electrode_s5.npz,76595,36cf0f8b00cb03147525ffe933087fa239420a8660c065dece3b41aae7d80dfc
resnet,mixed,101,bandpass_n20003_cRA_V1_electrode_s0,phase2/results/predictions/full/mixed/resnet/seed_101/bandpass_n20003_cRA_V1_electrode_s0.npz,76332,649e53eab23481a6ded886175bd544693bdfacba6d486f16c72959208da57330
resnet,mixed,101,bandpass_n20003_cRA_V1_covariance_s20,phase2/results/predictions/full/mixed/resnet/seed_101/bandpass_n20003_cRA_V1_covariance_s20.npz,76793,ff9d9168f7c09223c624adee4e9ba661185af5735f7987159af360ba70009ccd
resnet,mixed,101,bandpass_n20003_cRA_V1_covariance_s15,phase2/results/predictions/full/mixed/resnet/seed_101/bandpass_n20003_cRA_V1_covariance_s15.npz,76748,7ecbc9be7e8c94b3699f9bfcda402ccda3ad9f3df3ab37a7f056b9b95fbb0077
resnet,mixed,101,bandpass_n20003_cRA_V1_covariance_s10,phase2/results/predictions/full/mixed/resnet/seed_101/bandpass_n20003_cRA_V1_covariance_s10.npz,76761,1b06544f84dbc9cbad17c28a7262f635a5d622772b0a9efd8c0f56cdec6f7886
resnet,mixed,101,bandpass_n20003_cRA_V1_covariance_s5,phase2/results/predictions/full/mixed/resnet/seed_101/bandpass_n20003_cRA_V1_covariance_s5.npz,76578,72fc481678f971ca24654affa6cd30f4ebd14f995487a06fdfdc441910172d3e
resnet,mixed,101,bandpass_n20003_cRA_V1_covariance_s0,phase2/results/predictions/full/mixed/resnet/seed_101/bandpass_n20003_cRA_V1_covariance_s0.npz,76299,5d48ae78e0d94b2237dfe86295c06c95a5bc9ef14fac30709cb32c0e4cbdd9c1
resnet,mixed,101,bandpass_n20003_cLA_V6_independent_rms_s20,phase2/results/predictions/full/mixed/resnet/seed_101/bandpass_n20003_cLA_V6_independent_rms_s20.npz,76791,3aa8ee56b390fe81d3d9adfaf56a451975c74b94e68865a12426622b92bcd258
resnet,mixed,101,bandpass_n20003_cLA_V6_independent_rms_s15,phase2/results/predictions/full/mixed/resnet/seed_101/bandpass_n20003_cLA_V6_independent_rms_s15.npz,76789,d19f2cceefe10e861003bdc0ca8f3231f72d0c5131afac16ed8f44f1e900d191
resnet,mixed,101,bandpass_n20003_cLA_V6_independent_rms_s10,phase2/results/predictions/full/mixed/resnet/seed_101/bandpass_n20003_cLA_V6_independent_rms_s10.npz,76774,b93b74fdd9ae5c71547fa7bc0099b7341665566bc16b16993b63f95054075e7c
resnet,mixed,101,bandpass_n20003_cLA_V6_independent_rms_s5,phase2/results/predictions/full/mixed/resnet/seed_101/bandpass_n20003_cLA_V6_independent_rms_s5.npz,76726,69de15f30cc6d5e0ebe1f4460f51a53cdc6448c62f28a9d1ba152bfebd37d05d
resnet,mixed,101,bandpass_n20003_cLA_V6_independent_rms_s0,phase2/results/predictions/full/mixed/resnet/seed_101/bandpass_n20003_cLA_V6_independent_rms_s0.npz,76465,95057eb2f7ae0e4dfcdf572c1e5a7dc1bbf90bcf876c04f4f581776827a8c448
resnet,mixed,101,bandpass_n20003_cLA_V6_electrode_s20,phase2/results/predictions/full/mixed/resnet/seed_101/bandpass_n20003_cLA_V6_electrode_s20.npz,76789,2c139f6a720bf98ed5b1452442ad3b413fc7d8dc0e3ae0e3fdb66dfda884ea1e
resnet,mixed,101,bandpass_n20003_cLA_V6_electrode_s15,phase2/results/predictions/full/mixed/resnet/seed_101/bandpass_n20003_cLA_V6_electrode_s15.npz,76780,a4a9ea88d01515bba7c27d70e518aba5af19d7f043c57989ef47985d57600525
resnet,mixed,101,bandpass_n20003_cLA_V6_electrode_s10,phase2/results/predictions/full/mixed/resnet/seed_101/bandpass_n20003_cLA_V6_electrode_s10.npz,76719,b695f4b002e5480203f410d57be91f9205bbe2ef58e63d0015d036a8033394ac
resnet,mixed,101,bandpass_n20003_cLA_V6_electrode_s5,phase2/results/predictions/full/mixed/resnet/seed_101/bandpass_n20003_cLA_V6_electrode_s5.npz,76588,896b493707dd796980c6f773d5505a986933871e9fdea4a9f63d196aa8a127f5
resnet,mixed,101,bandpass_n20003_cLA_V6_electrode_s0,phase2/results/predictions/full/mixed/resnet/seed_101/bandpass_n20003_cLA_V6_electrode_s0.npz,76214,0e63a070a79b4ac8d66a55fc6b26d3f8c259bed16f5864f908d612825363378d
resnet,mixed,101,bandpass_n20003_cLA_V6_covariance_s20,phase2/results/predictions/full/mixed/resnet/seed_101/bandpass_n20003_cLA_V6_covariance_s20.npz,76780,96969d9406c6d22b9e96693c8433e642ab4039e7ec64ca5b39d925e2b506a2d2
resnet,mixed,101,bandpass_n20003_cLA_V6_covariance_s15,phase2/results/predictions/full/mixed/resnet/seed_101/bandpass_n20003_cLA_V6_covariance_s15.npz,76749,b6cf2973eb5cab567a25f090171aceca640795885484ec4fb14e1986deed4e5b
resnet,mixed,101,bandpass_n20003_cLA_V6_covariance_s10,phase2/results/predictions/full/mixed/resnet/seed_101/bandpass_n20003_cLA_V6_covariance_s10.npz,76729,314cc30d06f06be39f8512c6bbab9d260e65205e39de9c9d24be21b306275f24
resnet,mixed,101,bandpass_n20003_cLA_V6_covariance_s5,phase2/results/predictions/full/mixed/resnet/seed_101/bandpass_n20003_cLA_V6_covariance_s5.npz,76621,6661d2fc5bab3cb8ceeec3f0017348cb2f48bb81dd4de84946355abf8b2812a3
resnet,mixed,101,bandpass_n20003_cLA_V6_covariance_s0,phase2/results/predictions/full/mixed/resnet/seed_101/bandpass_n20003_cLA_V6_covariance_s0.npz,76254,928a2c100db078271b439cf97ca28167856cf87600ccfe5f4b9c7789ab85eedb
resnet,mixed,101,bandpass_n20003_cLL_V4_independent_rms_s20,phase2/results/predictions/full/mixed/resnet/seed_101/bandpass_n20003_cLL_V4_independent_rms_s20.npz,76777,2f03099e7960467f5982404b56b520a34b734982406099be034bf292c64c2cba
resnet,mixed,101,bandpass_n20003_cLL_V4_independent_rms_s15,phase2/results/predictions/full/mixed/resnet/seed_101/bandpass_n20003_cLL_V4_independent_rms_s15.npz,76803,fa78fe0529be4d8533a558cd562a421c919c51f1f0bed3786d9b9f2db95dc6a1
resnet,mixed,101,bandpass_n20003_cLL_V4_independent_rms_s10,phase2/results/predictions/full/mixed/resnet/seed_101/bandpass_n20003_cLL_V4_independent_rms_s10.npz,76721,2c4f693a41a271b9e1138e5cae0f79d4ea7865f3599c8d09a311410e7ea724a4
resnet,mixed,101,bandpass_n20003_cLL_V4_independent_rms_s5,phase2/results/predictions/full/mixed/resnet/seed_101/bandpass_n20003_cLL_V4_independent_rms_s5.npz,76690,03b952cbff25024a631eb0612b57240361c39f2b7d94e10a03dce0fac329442a
resnet,mixed,101,bandpass_n20003_cLL_V4_independent_rms_s0,phase2/results/predictions/full/mixed/resnet/seed_101/bandpass_n20003_cLL_V4_independent_rms_s0.npz,76361,7749e90538d226f06a90a3448fbfa5c0a894ed9e216b228bc15ab3a2ab16157e
resnet,mixed,101,bandpass_n20003_cLL_V4_electrode_s20,phase2/results/predictions/full/mixed/resnet/seed_101/bandpass_n20003_cLL_V4_electrode_s20.npz,76765,8ebae1f8942ab5818b31ad47419be037056f819ad0225f88dbc2a185283ed6f1
resnet,mixed,101,bandpass_n20003_cLL_V4_electrode_s15,phase2/results/predictions/full/mixed/resnet/seed_101/bandpass_n20003_cLL_V4_electrode_s15.npz,76755,93a73c1bcf5864bc66a4f6224d89abfd76b9917ec22910335306472a39641a38
resnet,mixed,101,bandpass_n20003_cLL_V4_electrode_s10,phase2/results/predictions/full/mixed/resnet/seed_101/bandpass_n20003_cLL_V4_electrode_s10.npz,76695,4e8cd17006efef33ddcbdc292f21f268b08808642f1ee85a6f2300df7a1525bf
resnet,mixed,101,bandpass_n20003_cLL_V4_electrode_s5,phase2/results/predictions/full/mixed/resnet/seed_101/bandpass_n20003_cLL_V4_electrode_s5.npz,76445,5753264298bdc5f0bfa8c8e8c50a6ca11c28e5e1d988c12b1897508e50ab53d4
resnet,mixed,101,bandpass_n20003_cLL_V4_electrode_s0,phase2/results/predictions/full/mixed/resnet/seed_101/bandpass_n20003_cLL_V4_electrode_s0.npz,76122,fdc1521af2f9d0bc79aa223ce848d4d658e8dbac8eeca588f7c26eb066892ffb
resnet,mixed,101,bandpass_n20003_cLL_V4_covariance_s20,phase2/results/predictions/full/mixed/resnet/seed_101/bandpass_n20003_cLL_V4_covariance_s20.npz,76734,bbd5825a7e8d53738b5158f8c31cfc2afdbf071b83d1293f4a04a1339e823a21
resnet,mixed,101,bandpass_n20003_cLL_V4_covariance_s15,phase2/results/predictions/full/mixed/resnet/seed_101/bandpass_n20003_cLL_V4_covariance_s15.npz,76752,8f2accc9de2d00aa21394c47209e8d2c74c8b0e3598051316483c9b60de58101
resnet,mixed,101,bandpass_n20003_cLL_V4_covariance_s10,phase2/results/predictions/full/mixed/resnet/seed_101/bandpass_n20003_cLL_V4_covariance_s10.npz,76722,5ee90cf24bdb8d29c9939e6ba51e454e2cb8680bacee0bb7b9348d260e222ef9
resnet,mixed,101,bandpass_n20003_cLL_V4_covariance_s5,phase2/results/predictions/full/mixed/resnet/seed_101/bandpass_n20003_cLL_V4_covariance_s5.npz,76456,aebc5177130029d97773a1da5731a402a2bd0666c39ee223a0d985888a7bf702
resnet,mixed,101,bandpass_n20003_cLL_V4_covariance_s0,phase2/results/predictions/full/mixed/resnet/seed_101/bandpass_n20003_cLL_V4_covariance_s0.npz,76101,f9ef884adf41ed3e41ee7a46d1e1c34e7fb9b3f0e59d7f26d332eeaec871dde5
resnet,mixed,101,bandpass_n20003_cRA_LA_V1_V6_independent_rms_s20,phase2/results/predictions/full/mixed/resnet/seed_101/bandpass_n20003_cRA_LA_V1_V6_independent_rms_s20.npz,76771,b99f1ad87b0b63ca1dcda65442a0860917536a76ab3773479bf3fc48640dc963
resnet,mixed,101,bandpass_n20003_cRA_LA_V1_V6_independent_rms_s15,phase2/results/predictions/full/mixed/resnet/seed_101/bandpass_n20003_cRA_LA_V1_V6_independent_rms_s15.npz,76797,9ea36ae2bf17cb91afa202ab7564634aeced71367570b2140bb504e11d12badb
resnet,mixed,101,bandpass_n20003_cRA_LA_V1_V6_independent_rms_s10,phase2/results/predictions/full/mixed/resnet/seed_101/bandpass_n20003_cRA_LA_V1_V6_independent_rms_s10.npz,76775,3d5d65f1c41758a9f8de360db9b6f68aa3e0305d1a96d8bf895e25ac1312576e
resnet,mixed,101,bandpass_n20003_cRA_LA_V1_V6_independent_rms_s5,phase2/results/predictions/full/mixed/resnet/seed_101/bandpass_n20003_cRA_LA_V1_V6_independent_rms_s5.npz,76711,d6709971981b147e10f05de99c8b8a516a17f3fa19e7160267514e5304b51e11
resnet,mixed,101,bandpass_n20003_cRA_LA_V1_V6_independent_rms_s0,phase2/results/predictions/full/mixed/resnet/seed_101/bandpass_n20003_cRA_LA_V1_V6_independent_rms_s0.npz,76400,a02455faa2d41ee0ad63767a1c5c10688a72ebf47a6f59b7882237e55a8055f0
resnet,mixed,101,bandpass_n20003_cRA_LA_V1_V6_electrode_s20,phase2/results/predictions/full/mixed/resnet/seed_101/bandpass_n20003_cRA_LA_V1_V6_electrode_s20.npz,76798,2df3cec139413bc9315721c41b7cb639f11ca7c5286356ad328775ca234aebef
resnet,mixed,101,bandpass_n20003_cRA_LA_V1_V6_electrode_s15,phase2/results/predictions/full/mixed/resnet/seed_101/bandpass_n20003_cRA_LA_V1_V6_electrode_s15.npz,76759,01b5cfcfdcfe8b09f08ed94aa484ca3fe066f0921a205a6df362d057f711515b
resnet,mixed,101,bandpass_n20003_cRA_LA_V1_V6_electrode_s10,phase2/results/predictions/full/mixed/resnet/seed_101/bandpass_n20003_cRA_LA_V1_V6_electrode_s10.npz,76696,de1672b4c54f6e4ad95efc5d1e622bf445b6d365ed3950c86ee63682fea1d997
resnet,mixed,101,bandpass_n20003_cRA_LA_V1_V6_electrode_s5,phase2/results/predictions/full/mixed/resnet/seed_101/bandpass_n20003_cRA_LA_V1_V6_electrode_s5.npz,76578,516bdedea723fa18ab99579179ee2421a229a7cca12f84bd090c7cb88227b8c1
resnet,mixed,101,bandpass_n20003_cRA_LA_V1_V6_electrode_s0,phase2/results/predictions/full/mixed/resnet/seed_101/bandpass_n20003_cRA_LA_V1_V6_electrode_s0.npz,76259,724a164fd05b1517336e39178e605523129d2ae32ba82b0654bfc39168854acd
resnet,mixed,101,bandpass_n20003_cRA_LA_V1_V6_covariance_s20,phase2/results/predictions/full/mixed/resnet/seed_101/bandpass_n20003_cRA_LA_V1_V6_covariance_s20.npz,76780,a6ca3b45fbe3af59eca4e1f03e76e1500ed6868fd7b180d5d0deaacfbe5b97e4
resnet,mixed,101,bandpass_n20003_cRA_LA_V1_V6_covariance_s15,phase2/results/predictions/full/mixed/resnet/seed_101/bandpass_n20003_cRA_LA_V1_V6_covariance_s15.npz,76786,95e788590b95bf8def374c25b590c67118f5f6861323cd8e9319c2dbda2c3e7f
resnet,mixed,101,bandpass_n20003_cRA_LA_V1_V6_covariance_s10,phase2/results/predictions/full/mixed/resnet/seed_101/bandpass_n20003_cRA_LA_V1_V6_covariance_s10.npz,76735,d5eee1678aae4802b528e22a7e53a028f61ba7b2b0fc38c92885c47b3a444684
resnet,mixed,101,bandpass_n20003_cRA_LA_V1_V6_covariance_s5,phase2/results/predictions/full/mixed/resnet/seed_101/bandpass_n20003_cRA_LA_V1_V6_covariance_s5.npz,76580,37215b5070219fa05177b09505ef113423c10b43883c30e58e32cbe5d4f3a141
resnet,mixed,101,bandpass_n20003_cRA_LA_V1_V6_covariance_s0,phase2/results/predictions/full/mixed/resnet/seed_101/bandpass_n20003_cRA_LA_V1_V6_covariance_s0.npz,76226,2904bd7ba999e7af627138cf3eca538fdb3c9d7b17b498e6883695d52d49421b
resnet,mixed,101,bandpass_n20003_cRA_V2_V5_independent_rms_s20,phase2/results/predictions/full/mixed/resnet/seed_101/bandpass_n20003_cRA_V2_V5_independent_rms_s20.npz,76808,8bc513b8c66415a8cc3e234c452540084897c717e07a37e991e422c8becaa89e
resnet,mixed,101,bandpass_n20003_cRA_V2_V5_independent_rms_s15,phase2/results/predictions/full/mixed/resnet/seed_101/bandpass_n20003_cRA_V2_V5_independent_rms_s15.npz,76773,60cc8d4df43e7bb01792925b0d78b58f3a1ccfc1e11eb02a12e42ba94079112b
resnet,mixed,101,bandpass_n20003_cRA_V2_V5_independent_rms_s10,phase2/results/predictions/full/mixed/resnet/seed_101/bandpass_n20003_cRA_V2_V5_independent_rms_s10.npz,76749,72378933df5968b3a786f8e4d6e5515c93f68fa504b26a406a8c3d5adf709869
resnet,mixed,101,bandpass_n20003_cRA_V2_V5_independent_rms_s5,phase2/results/predictions/full/mixed/resnet/seed_101/bandpass_n20003_cRA_V2_V5_independent_rms_s5.npz,76684,2a58342bd4b41cde20e429ae6bc7747bad60a8eaf818b0e8ef2e49bef3b3d42f
resnet,mixed,101,bandpass_n20003_cRA_V2_V5_independent_rms_s0,phase2/results/predictions/full/mixed/resnet/seed_101/bandpass_n20003_cRA_V2_V5_independent_rms_s0.npz,76402,d2d391e381684c9c12b9016b3e04e4347402d4290a8d6decf4cc60937d6d5591
resnet,mixed,101,bandpass_n20003_cRA_V2_V5_electrode_s20,phase2/results/predictions/full/mixed/resnet/seed_101/bandpass_n20003_cRA_V2_V5_electrode_s20.npz,76802,a288001b94b8cc95080819c942bab3f0a4932efa55a2e4a6941a850536f9d0cc
resnet,mixed,101,bandpass_n20003_cRA_V2_V5_electrode_s15,phase2/results/predictions/full/mixed/resnet/seed_101/bandpass_n20003_cRA_V2_V5_electrode_s15.npz,76756,5f1721a78034b0cc80e221f9191d386e9c427d9aa0836e7f7ed53a424283131e
resnet,mixed,101,bandpass_n20003_cRA_V2_V5_electrode_s10,phase2/results/predictions/full/mixed/resnet/seed_101/bandpass_n20003_cRA_V2_V5_electrode_s10.npz,76738,e5660c2c914e4ac8d9b50513af581c46ed6ae9e2a2f07eaccf2a7f6fdcef0c0c
resnet,mixed,101,bandpass_n20003_cRA_V2_V5_electrode_s5,phase2/results/predictions/full/mixed/resnet/seed_101/bandpass_n20003_cRA_V2_V5_electrode_s5.npz,76645,59d75a2dc75fc1b7f142c71370e32dbcb6fd3b56834c8750a5e7e20a5fc991a0
resnet,mixed,101,bandpass_n20003_cRA_V2_V5_electrode_s0,phase2/results/predictions/full/mixed/resnet/seed_101/bandpass_n20003_cRA_V2_V5_electrode_s0.npz,76328,859e36c76b5fd56546565e0539b4fd4a1a76f89113e911da3c3dc2b081961e66
resnet,mixed,101,bandpass_n20003_cRA_V2_V5_covariance_s20,phase2/results/predictions/full/mixed/resnet/seed_101/bandpass_n20003_cRA_V2_V5_covariance_s20.npz,76804,2d0247a0065ac1e764d1e3a3c73f8f83364eb335f5daceff3b673d910e2b5168
resnet,mixed,101,bandpass_n20003_cRA_V2_V5_covariance_s15,phase2/results/predictions/full/mixed/resnet/seed_101/bandpass_n20003_cRA_V2_V5_covariance_s15.npz,76772,aaa238eb941bca4afc826d65bb51423ac601f36152d0e34fa4bdf74173daeebb
resnet,mixed,101,bandpass_n20003_cRA_V2_V5_covariance_s10,phase2/results/predictions/full/mixed/resnet/seed_101/bandpass_n20003_cRA_V2_V5_covariance_s10.npz,76739,5acf5e7bbd3a8cbadb9d99adde1f7d73627d1ed13af74316b77a76b3129ae9fc
resnet,mixed,101,bandpass_n20003_cRA_V2_V5_covariance_s5,phase2/results/predictions/full/mixed/resnet/seed_101/bandpass_n20003_cRA_V2_V5_covariance_s5.npz,76621,5cda1709c219e610bf4dcd529e610d0db5788857d4edf13a2a2acf25d2fe2398
resnet,mixed,101,bandpass_n20003_cRA_V2_V5_covariance_s0,phase2/results/predictions/full/mixed/resnet/seed_101/bandpass_n20003_cRA_V2_V5_covariance_s0.npz,76357,8b90680f6aac16f357432f2c7b04bfc66c34235422d84f4acec6bb7ed81b5e15
resnet,mixed,101,bandpass_n20003_cLA_V3_V6_independent_rms_s20,phase2/results/predictions/full/mixed/resnet/seed_101/bandpass_n20003_cLA_V3_V6_independent_rms_s20.npz,76786,7fb1475e0e61c53912bd083225df795a5bc59a096652f86a2316cc5f2dd153ff
resnet,mixed,101,bandpass_n20003_cLA_V3_V6_independent_rms_s15,phase2/results/predictions/full/mixed/resnet/seed_101/bandpass_n20003_cLA_V3_V6_independent_rms_s15.npz,76796,0ced79f60c241c324c7396af5bc1d6b89e6817e5d9171f860465bdec65b8b9fd
resnet,mixed,101,bandpass_n20003_cLA_V3_V6_independent_rms_s10,phase2/results/predictions/full/mixed/resnet/seed_101/bandpass_n20003_cLA_V3_V6_independent_rms_s10.npz,76785,737c64835bfb3d6181ab4517f76328134a4f6342b219d003c0ecaa4d5896db26
resnet,mixed,101,bandpass_n20003_cLA_V3_V6_independent_rms_s5,phase2/results/predictions/full/mixed/resnet/seed_101/bandpass_n20003_cLA_V3_V6_independent_rms_s5.npz,76720,82d0a7908a4a2f1a5c6f9b39ae8c0e61810d0ad7c482b2c8242dbd387626e300
resnet,mixed,101,bandpass_n20003_cLA_V3_V6_independent_rms_s0,phase2/results/predictions/full/mixed/resnet/seed_101/bandpass_n20003_cLA_V3_V6_independent_rms_s0.npz,76424,8cbb37110a6fbb8ecd7aaa83bdaeb701302e9ef244ba47c9327235197bea0bfc
resnet,mixed,101,bandpass_n20003_cLA_V3_V6_electrode_s20,phase2/results/predictions/full/mixed/resnet/seed_101/bandpass_n20003_cLA_V3_V6_electrode_s20.npz,76779,914e519209c28df9ad243170c350f95b2af678457a3d6cc1f834ea6c0c7fd0d9
resnet,mixed,101,bandpass_n20003_cLA_V3_V6_electrode_s15,phase2/results/predictions/full/mixed/resnet/seed_101/bandpass_n20003_cLA_V3_V6_electrode_s15.npz,76753,c5e9be7538dcd60ac5945742eefe6be1d0646018a1b38f1e761795fcfdb0d372
resnet,mixed,101,bandpass_n20003_cLA_V3_V6_electrode_s10,phase2/results/predictions/full/mixed/resnet/seed_101/bandpass_n20003_cLA_V3_V6_electrode_s10.npz,76737,4bc45d9f2e68dd247a2f80ad4fd919967d4a7957cc77a9be67891b552cc4e6aa
resnet,mixed,101,bandpass_n20003_cLA_V3_V6_electrode_s5,phase2/results/predictions/full/mixed/resnet/seed_101/bandpass_n20003_cLA_V3_V6_electrode_s5.npz,76590,ebd433840a96ac08d0c765fa0e2355620f9a8464849da43b4156e25045ea437e
resnet,mixed,101,bandpass_n20003_cLA_V3_V6_electrode_s0,phase2/results/predictions/full/mixed/resnet/seed_101/bandpass_n20003_cLA_V3_V6_electrode_s0.npz,76275,f469f722b203231fa031d3c64a78aec5c4bb935b4dc48fa72f00262ed28f087e
resnet,mixed,101,bandpass_n20003_cLA_V3_V6_covariance_s20,phase2/results/predictions/full/mixed/resnet/seed_101/bandpass_n20003_cLA_V3_V6_covariance_s20.npz,76780,4d469e1ef8b4f7698eea3ceaf101438b136c7a65c616e33d4f0b98ac61e9b00f
resnet,mixed,101,bandpass_n20003_cLA_V3_V6_covariance_s15,phase2/results/predictions/full/mixed/resnet/seed_101/bandpass_n20003_cLA_V3_V6_covariance_s15.npz,76792,84a216b4ad621227abc01d6a700900bdd725bab8fe952954e985709a2f952ef0
resnet,mixed,101,bandpass_n20003_cLA_V3_V6_covariance_s10,phase2/results/predictions/full/mixed/resnet/seed_101/bandpass_n20003_cLA_V3_V6_covariance_s10.npz,76751,c82eac5ad04354ea019fd547380730b3dcfa202ddd87f0268449d9731a213256
resnet,mixed,101,bandpass_n20003_cLA_V3_V6_covariance_s5,phase2/results/predictions/full/mixed/resnet/seed_101/bandpass_n20003_cLA_V3_V6_covariance_s5.npz,76607,02664c9012053989b94ecfe0e87d4075e6f3a18631fec43d49a31cdd928f8044
resnet,mixed,101,bandpass_n20003_cLA_V3_V6_covariance_s0,phase2/results/predictions/full/mixed/resnet/seed_101/bandpass_n20003_cLA_V3_V6_covariance_s0.npz,76221,7f006db7bcc56e3a0e1d7d49fc2596e0cd47f619c4882f9791ebc594b9c7d639
resnet,mixed,101,bandpass_n20003_cLL_V1_V4_independent_rms_s20,phase2/results/predictions/full/mixed/resnet/seed_101/bandpass_n20003_cLL_V1_V4_independent_rms_s20.npz,76773,dc56631e9e551ad19963f5c90759671e96af3220c0c83bc92c0734abf49f6828
resnet,mixed,101,bandpass_n20003_cLL_V1_V4_independent_rms_s15,phase2/results/predictions/full/mixed/resnet/seed_101/bandpass_n20003_cLL_V1_V4_independent_rms_s15.npz,76820,853c6de25ef63467a1c9a6865c6bc6e1387c881f3e2372b109f9fdb7f6e62eba
resnet,mixed,101,bandpass_n20003_cLL_V1_V4_independent_rms_s10,phase2/results/predictions/full/mixed/resnet/seed_101/bandpass_n20003_cLL_V1_V4_independent_rms_s10.npz,76739,e3f9140a61052f50b691514e1692cf5a403396866b05f99f7a2e32d90ab8037a
resnet,mixed,101,bandpass_n20003_cLL_V1_V4_independent_rms_s5,phase2/results/predictions/full/mixed/resnet/seed_101/bandpass_n20003_cLL_V1_V4_independent_rms_s5.npz,76647,fcd845ac9b413b532badf0f63785c68a01e357f88f38fca06ae8959d34241329
resnet,mixed,101,bandpass_n20003_cLL_V1_V4_independent_rms_s0,phase2/results/predictions/full/mixed/resnet/seed_101/bandpass_n20003_cLL_V1_V4_independent_rms_s0.npz,76342,070b902b272ec9fa40f56b029c95a590a7ee4e39d6ecc0933d043824e956b022
resnet,mixed,101,bandpass_n20003_cLL_V1_V4_electrode_s20,phase2/results/predictions/full/mixed/resnet/seed_101/bandpass_n20003_cLL_V1_V4_electrode_s20.npz,76778,b9802de58a982990a5c9c8228ca130b0b69de945b9f4aecfeed23b3e1bd99be0
resnet,mixed,101,bandpass_n20003_cLL_V1_V4_electrode_s15,phase2/results/predictions/full/mixed/resnet/seed_101/bandpass_n20003_cLL_V1_V4_electrode_s15.npz,76752,3b3099de6ca0fa8393043508f4ec672a9a61b3ae7b12957bb17c01bbfa85e2a1
resnet,mixed,101,bandpass_n20003_cLL_V1_V4_electrode_s10,phase2/results/predictions/full/mixed/resnet/seed_101/bandpass_n20003_cLL_V1_V4_electrode_s10.npz,76679,44ff64f23ccaec681c774e62027bc04fd7fda45bf685a9ed87ad965d51050f8e
resnet,mixed,101,bandpass_n20003_cLL_V1_V4_electrode_s5,phase2/results/predictions/full/mixed/resnet/seed_101/bandpass_n20003_cLL_V1_V4_electrode_s5.npz,76518,a156a57148ff82a3fa17b0634c6cfc144bb830f4092360e998d0461e7cb0e499
resnet,mixed,101,bandpass_n20003_cLL_V1_V4_electrode_s0,phase2/results/predictions/full/mixed/resnet/seed_101/bandpass_n20003_cLL_V1_V4_electrode_s0.npz,76093,5ad4c43158e9f46b19dcd451f38a50ea6639847097238b62769b7c62a7545a2c
resnet,mixed,101,bandpass_n20003_cLL_V1_V4_covariance_s20,phase2/results/predictions/full/mixed/resnet/seed_101/bandpass_n20003_cLL_V1_V4_covariance_s20.npz,76787,51f0e1f8129aeed50dedbd5da5b64fc285cd36cf4eaa9113ab834449dced5423
resnet,mixed,101,bandpass_n20003_cLL_V1_V4_covariance_s15,phase2/results/predictions/full/mixed/resnet/seed_101/bandpass_n20003_cLL_V1_V4_covariance_s15.npz,76746,8efcfcab63b4704f7976685569761897414f889497fa8642b69f7c7fecc508a5
resnet,mixed,101,bandpass_n20003_cLL_V1_V4_covariance_s10,phase2/results/predictions/full/mixed/resnet/seed_101/bandpass_n20003_cLL_V1_V4_covariance_s10.npz,76688,daf9873cd9009db205b493b3ff53208e33cd931f6f3370e3a7517d21de0cb92e
resnet,mixed,101,bandpass_n20003_cLL_V1_V4_covariance_s5,phase2/results/predictions/full/mixed/resnet/seed_101/bandpass_n20003_cLL_V1_V4_covariance_s5.npz,76509,14849a3c8a16563940bb89c9a2feb8567ee822d4b0e249a0a5d984ee13654673
resnet,mixed,101,bandpass_n20003_cLL_V1_V4_covariance_s0,phase2/results/predictions/full/mixed/resnet/seed_101/bandpass_n20003_cLL_V1_V4_covariance_s0.npz,76111,dbefee76363fc07182acbdacd879ccb0367b41299f2f8a56f72bd3d5dd60dffb
resnet,mixed,101,bandpass_n20003_call_independent_rms_s20,phase2/results/predictions/full/mixed/resnet/seed_101/bandpass_n20003_call_independent_rms_s20.npz,76816,3705db28a18894274d1195f0008c0d653786cb8149953ac9e2960f6cf40047a0
resnet,mixed,101,bandpass_n20003_call_independent_rms_s15,phase2/results/predictions/full/mixed/resnet/seed_101/bandpass_n20003_call_independent_rms_s15.npz,76763,b021021ee184655b893972fc4ba344de363b67b0da9e3097c0c3b10cc7664262
resnet,mixed,101,bandpass_n20003_call_independent_rms_s10,phase2/results/predictions/full/mixed/resnet/seed_101/bandpass_n20003_call_independent_rms_s10.npz,76723,680113c83cc3650645dae5ed1e57651bd6b0005f372d1a575f5f9ea75fe579ff
resnet,mixed,101,bandpass_n20003_call_independent_rms_s5,phase2/results/predictions/full/mixed/resnet/seed_101/bandpass_n20003_call_independent_rms_s5.npz,76651,5a4f6c1ff3a6f92e32c5c05beb137825e09cfb89dadaf778c4f5ffaeb254c1fb
resnet,mixed,101,bandpass_n20003_call_independent_rms_s0,phase2/results/predictions/full/mixed/resnet/seed_101/bandpass_n20003_call_independent_rms_s0.npz,76356,612fb7b27c95a12a1b5226476f8004d95b7657f0828b3a2adcd2d7490d28a2cd
resnet,mixed,101,bandpass_n20003_call_electrode_s20,phase2/results/predictions/full/mixed/resnet/seed_101/bandpass_n20003_call_electrode_s20.npz,76766,a2a697002b08d2a87dc8426ae57f5b59fca7345c95e170d8853084dd376e7a91
resnet,mixed,101,bandpass_n20003_call_electrode_s15,phase2/results/predictions/full/mixed/resnet/seed_101/bandpass_n20003_call_electrode_s15.npz,76729,435d5b587fb7aeef40b8c1cb75d3d575c039a0eaa7b5a2024bfd5b5cc9fe734c
resnet,mixed,101,bandpass_n20003_call_electrode_s10,phase2/results/predictions/full/mixed/resnet/seed_101/bandpass_n20003_call_electrode_s10.npz,76654,b038d749a7ea1423ad6b279ee3a7abf611659266a6862e7aa31985e505bc526b
resnet,mixed,101,bandpass_n20003_call_electrode_s5,phase2/results/predictions/full/mixed/resnet/seed_101/bandpass_n20003_call_electrode_s5.npz,76540,2fc1cc2989f94c5984486e67ad65c15f763f34bad646a16e4934689cdad5fcff
resnet,mixed,101,bandpass_n20003_call_electrode_s0,phase2/results/predictions/full/mixed/resnet/seed_101/bandpass_n20003_call_electrode_s0.npz,76153,cba8f302df5676c406405ccd0aa589f4a7c19dc5bceeef737a07d91f8d3613c5
resnet,mixed,101,bandpass_n20003_call_covariance_s20,phase2/results/predictions/full/mixed/resnet/seed_101/bandpass_n20003_call_covariance_s20.npz,76746,914d6cbc0c71298243f2996b91e254bdaf50a2cc7e901e65f9839b03a75878df
resnet,mixed,101,bandpass_n20003_call_covariance_s15,phase2/results/predictions/full/mixed/resnet/seed_101/bandpass_n20003_call_covariance_s15.npz,76727,1c38fad7e1c33ba525689f60ddfc0edb09d367f994346a46492c2bf4da54f33e
resnet,mixed,101,bandpass_n20003_call_covariance_s10,phase2/results/predictions/full/mixed/resnet/seed_101/bandpass_n20003_call_covariance_s10.npz,76673,22c41a36e0278499f69356d28244159d63b12023e5008232c9221d3932479f7a
resnet,mixed,101,bandpass_n20003_call_covariance_s5,phase2/results/predictions/full/mixed/resnet/seed_101/bandpass_n20003_call_covariance_s5.npz,76533,cf458a73b3b53b43bb2d70948f6ef8b0bf7c8250d8b615877c7347d3ff364acd
resnet,mixed,101,bandpass_n20003_call_covariance_s0,phase2/results/predictions/full/mixed/resnet/seed_101/bandpass_n20003_call_covariance_s0.npz,76157,91dc97cab544a03930091eaa4a81cddc94cf55342b37d5386623bc066ed8eb2a
resnet,mixed,101,bandpass_n20004_cRA_LA_LL_independent_rms_s20,phase2/results/predictions/full/mixed/resnet/seed_101/bandpass_n20004_cRA_LA_LL_independent_rms_s20.npz,76794,83206dba243b5c6c91af502546830ed1f276ca4b72b67ba2162a7af0797f3d6f
resnet,mixed,101,bandpass_n20004_cRA_LA_LL_independent_rms_s15,phase2/results/predictions/full/mixed/resnet/seed_101/bandpass_n20004_cRA_LA_LL_independent_rms_s15.npz,76785,ac2da85f2bd2a49179469e04d8f799d3c4e01f4678928ed96acd722e36496ba8
resnet,mixed,101,bandpass_n20004_cRA_LA_LL_independent_rms_s10,phase2/results/predictions/full/mixed/resnet/seed_101/bandpass_n20004_cRA_LA_LL_independent_rms_s10.npz,76797,33d8815fc52249410e4eb4417759c1ec01c126ccba14dd56deeaf8270f64b1f7
resnet,mixed,101,bandpass_n20004_cRA_LA_LL_independent_rms_s5,phase2/results/predictions/full/mixed/resnet/seed_101/bandpass_n20004_cRA_LA_LL_independent_rms_s5.npz,76699,78a6081748929ca476ede211abcb8619ed0aacdff16067afe8c7c9e6e8ba6e8e
resnet,mixed,101,bandpass_n20004_cRA_LA_LL_independent_rms_s0,phase2/results/predictions/full/mixed/resnet/seed_101/bandpass_n20004_cRA_LA_LL_independent_rms_s0.npz,76377,9625597ec6246f11a3ca0c47df4374228132fe77affaa3dce6b664e04b3db925
resnet,mixed,101,bandpass_n20004_cRA_LA_LL_electrode_s20,phase2/results/predictions/full/mixed/resnet/seed_101/bandpass_n20004_cRA_LA_LL_electrode_s20.npz,76776,e91b0f70a373aec643b709d8b23c302d0e88333ca7e7f9ef17164fc4d7306575
resnet,mixed,101,bandpass_n20004_cRA_LA_LL_electrode_s15,phase2/results/predictions/full/mixed/resnet/seed_101/bandpass_n20004_cRA_LA_LL_electrode_s15.npz,76727,d956b6b1d34ce726fb16c43d166823dfb5e178f407d2f98b4eb70665e8d15af0
resnet,mixed,101,bandpass_n20004_cRA_LA_LL_electrode_s10,phase2/results/predictions/full/mixed/resnet/seed_101/bandpass_n20004_cRA_LA_LL_electrode_s10.npz,76688,4b32dc0c3e7085417eebb871ad95332d69838d9b13a9def349ba0aaee12656b6
resnet,mixed,101,bandpass_n20004_cRA_LA_LL_electrode_s5,phase2/results/predictions/full/mixed/resnet/seed_101/bandpass_n20004_cRA_LA_LL_electrode_s5.npz,76515,3a53d15c3397baf292cbeaa82a29054ed01cd5837d5eb70f4fb78afbd356dff0
resnet,mixed,101,bandpass_n20004_cRA_LA_LL_electrode_s0,phase2/results/predictions/full/mixed/resnet/seed_101/bandpass_n20004_cRA_LA_LL_electrode_s0.npz,76111,bb0fdc94818ece005d979398d3e00d85d3d97a0a15987a977c8a3a772ecd6eb3
resnet,mixed,101,bandpass_n20004_cRA_LA_LL_covariance_s20,phase2/results/predictions/full/mixed/resnet/seed_101/bandpass_n20004_cRA_LA_LL_covariance_s20.npz,76753,da08c5dd9ef666320fa925ff62d645a28ec7010c2f2d52a0c365d8ae5c2760b3
resnet,mixed,101,bandpass_n20004_cRA_LA_LL_covariance_s15,phase2/results/predictions/full/mixed/resnet/seed_101/bandpass_n20004_cRA_LA_LL_covariance_s15.npz,76726,4a002d67cabc0024d3cd1ef4df53661fe9dff65e672c3617d35d9df94ce720b6
resnet,mixed,101,bandpass_n20004_cRA_LA_LL_covariance_s10,phase2/results/predictions/full/mixed/resnet/seed_101/bandpass_n20004_cRA_LA_LL_covariance_s10.npz,76695,a88df01c4fd8a963ee93f2209199f07bf1119bcb10dad9ade160e989b7ec310d
resnet,mixed,101,bandpass_n20004_cRA_LA_LL_covariance_s5,phase2/results/predictions/full/mixed/resnet/seed_101/bandpass_n20004_cRA_LA_LL_covariance_s5.npz,76503,9cb942f4b6158d2d16e60be2013600e3df836eab05c70a40b9838367d7f30c02
resnet,mixed,101,bandpass_n20004_cRA_LA_LL_covariance_s0,phase2/results/predictions/full/mixed/resnet/seed_101/bandpass_n20004_cRA_LA_LL_covariance_s0.npz,76092,a42bd4f69daf1a0cbc1725a4d8638ba11ce50c085c795b681f07e91a93b84c96
resnet,mixed,101,bandpass_n20004_cV1_independent_rms_s20,phase2/results/predictions/full/mixed/resnet/seed_101/bandpass_n20004_cV1_independent_rms_s20.npz,76784,fe4795541c079f09d67d7c676358ae943fa5b4694c4e6c0011f265c1dc197462
resnet,mixed,101,bandpass_n20004_cV1_independent_rms_s15,phase2/results/predictions/full/mixed/resnet/seed_101/bandpass_n20004_cV1_independent_rms_s15.npz,76717,668610f054afff92080e77b1e2a5e77d8ee2b9d9fd14f6deef799498b3171c14
resnet,mixed,101,bandpass_n20004_cV1_independent_rms_s10,phase2/results/predictions/full/mixed/resnet/seed_101/bandpass_n20004_cV1_independent_rms_s10.npz,76721,62a5f622ca2e094d164171e5ecbd442fad88f99ea75a010d0dfd835eda7b6287
resnet,mixed,101,bandpass_n20004_cV1_independent_rms_s5,phase2/results/predictions/full/mixed/resnet/seed_101/bandpass_n20004_cV1_independent_rms_s5.npz,76617,52475ce3c0f7bbb96bc60653d0f9460d0a49a79ea5b6958d9fbc8727d5c47dea
resnet,mixed,101,bandpass_n20004_cV1_independent_rms_s0,phase2/results/predictions/full/mixed/resnet/seed_101/bandpass_n20004_cV1_independent_rms_s0.npz,76208,f3ee61fb8bc747d8af8a87f129de9203636f4c2763efac7bf67f4870c8256aac
resnet,mixed,101,bandpass_n20004_cV1_electrode_s20,phase2/results/predictions/full/mixed/resnet/seed_101/bandpass_n20004_cV1_electrode_s20.npz,76775,f1b1e71a69fda62b144bb6cceb988dfff6d63ad743bddf9e470fd3271484c72d
resnet,mixed,101,bandpass_n20004_cV1_electrode_s15,phase2/results/predictions/full/mixed/resnet/seed_101/bandpass_n20004_cV1_electrode_s15.npz,76751,056d6306f37b565987dd2f7834c38ce8780b2fab58d405b55971a9b3129b678e
resnet,mixed,101,bandpass_n20004_cV1_electrode_s10,phase2/results/predictions/full/mixed/resnet/seed_101/bandpass_n20004_cV1_electrode_s10.npz,76689,f56a17f6f00ce45cc6e9a7c692e36917ff650a473fa748d4afef09579fba4cfc
resnet,mixed,101,bandpass_n20004_cV1_electrode_s5,phase2/results/predictions/full/mixed/resnet/seed_101/bandpass_n20004_cV1_electrode_s5.npz,76572,ec55ba2ceaf128551100327612836278b680e0bd2889acdda5987c9123fdb3bd
resnet,mixed,101,bandpass_n20004_cV1_electrode_s0,phase2/results/predictions/full/mixed/resnet/seed_101/bandpass_n20004_cV1_electrode_s0.npz,76201,b6f32b80c912e343acae37b2b72bb13e0b3a7e893b2ab9c6e8ebada45f767341
resnet,mixed,101,bandpass_n20004_cV1_covariance_s20,phase2/results/predictions/full/mixed/resnet/seed_101/bandpass_n20004_cV1_covariance_s20.npz,76746,132b68621d20de4a1e55995a10d8f309a51129fa36cbb5d78bab9399ee040a5c
resnet,mixed,101,bandpass_n20004_cV1_covariance_s15,phase2/results/predictions/full/mixed/resnet/seed_101/bandpass_n20004_cV1_covariance_s15.npz,76729,335ed6ea215f94518300c55892abf6168c260a2bd6c22a19970811fe576436e5
resnet,mixed,101,bandpass_n20004_cV1_covariance_s10,phase2/results/predictions/full/mixed/resnet/seed_101/bandpass_n20004_cV1_covariance_s10.npz,76702,7c91f54e430283d9912164fe15597519c875afec865076b067026ac94ac49e7e
resnet,mixed,101,bandpass_n20004_cV1_covariance_s5,phase2/results/predictions/full/mixed/resnet/seed_101/bandpass_n20004_cV1_covariance_s5.npz,76589,a40ad563cbb56d348358c38a46ecffd84d52a21e1e14e6ec3f537fe1cd4efeee
resnet,mixed,101,bandpass_n20004_cV1_covariance_s0,phase2/results/predictions/full/mixed/resnet/seed_101/bandpass_n20004_cV1_covariance_s0.npz,76202,49429e958068e917f9faa7fca4302f66450085b85bb9f31f749efa2ec25fa2de
resnet,mixed,101,bandpass_n20004_cV2_independent_rms_s20,phase2/results/predictions/full/mixed/resnet/seed_101/bandpass_n20004_cV2_independent_rms_s20.npz,76762,81def5923143c03c72ed251fdd6f0fef65e89c18a56d2d646d19a362ba2bca26
resnet,mixed,101,bandpass_n20004_cV2_independent_rms_s15,phase2/results/predictions/full/mixed/resnet/seed_101/bandpass_n20004_cV2_independent_rms_s15.npz,76750,bdd4699cbba59c16bd934772919c1d552d7f883cdbceec46d3ea3a418f92cb46
resnet,mixed,101,bandpass_n20004_cV2_independent_rms_s10,phase2/results/predictions/full/mixed/resnet/seed_101/bandpass_n20004_cV2_independent_rms_s10.npz,76742,86a53e435bcf8169486b5b56afbac49998277c0cc7e589868b84acee9dcc3202
resnet,mixed,101,bandpass_n20004_cV2_independent_rms_s5,phase2/results/predictions/full/mixed/resnet/seed_101/bandpass_n20004_cV2_independent_rms_s5.npz,76674,63503dc0b79635a8aa3edbc4544088e2ce01e2b5448308cda7a5149911154f6e
resnet,mixed,101,bandpass_n20004_cV2_independent_rms_s0,phase2/results/predictions/full/mixed/resnet/seed_101/bandpass_n20004_cV2_independent_rms_s0.npz,76264,3038e7b14461b42fcdacbfad5ef977cae7c1c82d062c26f21c4075ddb98867c1
resnet,mixed,101,bandpass_n20004_cV2_electrode_s20,phase2/results/predictions/full/mixed/resnet/seed_101/bandpass_n20004_cV2_electrode_s20.npz,76762,b22001a082e9646d33fcc08fb1af01f78b988b62b80007859225fb80b7a1f495
resnet,mixed,101,bandpass_n20004_cV2_electrode_s15,phase2/results/predictions/full/mixed/resnet/seed_101/bandpass_n20004_cV2_electrode_s15.npz,76761,1b4117b0429c15f663703625a404275aefc7d60acb98f0dae4ecd8a84fa5ac67
resnet,mixed,101,bandpass_n20004_cV2_electrode_s10,phase2/results/predictions/full/mixed/resnet/seed_101/bandpass_n20004_cV2_electrode_s10.npz,76741,034134b6c557f081097b3d408c995a463478716682dbc6cf706b8bf89becdcda
resnet,mixed,101,bandpass_n20004_cV2_electrode_s5,phase2/results/predictions/full/mixed/resnet/seed_101/bandpass_n20004_cV2_electrode_s5.npz,76647,33a0b4998975b2f645148aeabe62ed939e4e065704a278038f53a5c870197f6f
resnet,mixed,101,bandpass_n20004_cV2_electrode_s0,phase2/results/predictions/full/mixed/resnet/seed_101/bandpass_n20004_cV2_electrode_s0.npz,76244,c5ff06be4a1129f10fb9a3689be6c362cc82146633c666873a4c3cffeb32352d
resnet,mixed,101,bandpass_n20004_cV2_covariance_s20,phase2/results/predictions/full/mixed/resnet/seed_101/bandpass_n20004_cV2_covariance_s20.npz,76787,dc83d9aa359bb00ace02a7da4ad31110e275d5671c48aa7c0b248cc9e45db275
resnet,mixed,101,bandpass_n20004_cV2_covariance_s15,phase2/results/predictions/full/mixed/resnet/seed_101/bandpass_n20004_cV2_covariance_s15.npz,76773,3b32e8d38b8bd12a67f3c1a3ce0460dba8eb0e4afeba29275236b1e26525937d
resnet,mixed,101,bandpass_n20004_cV2_covariance_s10,phase2/results/predictions/full/mixed/resnet/seed_101/bandpass_n20004_cV2_covariance_s10.npz,76726,033b914952ca8ea64195a89edc0337337fbda6b332513accf9ea63a799d41153
resnet,mixed,101,bandpass_n20004_cV2_covariance_s5,phase2/results/predictions/full/mixed/resnet/seed_101/bandpass_n20004_cV2_covariance_s5.npz,76630,70e87f4623b658f548f6a4c5d7e76758fd2d10dc3ebde3baa1e5535f950360eb
resnet,mixed,101,bandpass_n20004_cV2_covariance_s0,phase2/results/predictions/full/mixed/resnet/seed_101/bandpass_n20004_cV2_covariance_s0.npz,76279,89851c2fc93e5bf7f01ac36b181453b0f5d93e32e0e534c3a2b3bc9e08064dfe
resnet,mixed,101,bandpass_n20004_cV3_independent_rms_s20,phase2/results/predictions/full/mixed/resnet/seed_101/bandpass_n20004_cV3_independent_rms_s20.npz,76769,e9c77930b327339bf17202478dfaa704d4d4e5bca7fb64a535c94695fae6ff2b
resnet,mixed,101,bandpass_n20004_cV3_independent_rms_s15,phase2/results/predictions/full/mixed/resnet/seed_101/bandpass_n20004_cV3_independent_rms_s15.npz,76767,f4d7837d1b170bf974b8e924fa105f08bc837d2f3031d505cf487f7501368ad0
resnet,mixed,101,bandpass_n20004_cV3_independent_rms_s10,phase2/results/predictions/full/mixed/resnet/seed_101/bandpass_n20004_cV3_independent_rms_s10.npz,76723,a73bd91ffe1f25657558bef6e41f2d4fa77cb3d1f10fec4d08ad617859e041f9
resnet,mixed,101,bandpass_n20004_cV3_independent_rms_s5,phase2/results/predictions/full/mixed/resnet/seed_101/bandpass_n20004_cV3_independent_rms_s5.npz,76682,6f1bab41092b8f2a0f8bd0d4649efb1395b9e06b92267370f34a607434c38abc
resnet,mixed,101,bandpass_n20004_cV3_independent_rms_s0,phase2/results/predictions/full/mixed/resnet/seed_101/bandpass_n20004_cV3_independent_rms_s0.npz,76376,ef7c2defef6d1bafe3ec94e1f2278f88a147d3def63a538f95476b6ee7d3060f
resnet,mixed,101,bandpass_n20004_cV3_electrode_s20,phase2/results/predictions/full/mixed/resnet/seed_101/bandpass_n20004_cV3_electrode_s20.npz,76751,e0a8a792e7bebd41e46de657ca7b417ad3978e2018ea64639f9c1c61cad55b33
resnet,mixed,101,bandpass_n20004_cV3_electrode_s15,phase2/results/predictions/full/mixed/resnet/seed_101/bandpass_n20004_cV3_electrode_s15.npz,76767,3d3a6028576cfdb16b14daf56c04cc4913c16e9cdbcd76cce62e51405ad2075c
resnet,mixed,101,bandpass_n20004_cV3_electrode_s10,phase2/results/predictions/full/mixed/resnet/seed_101/bandpass_n20004_cV3_electrode_s10.npz,76700,deaca60efbd0aa2212c6dd7526b6c578ca08241941d0e49e2c563c3e9c6b196b
resnet,mixed,101,bandpass_n20004_cV3_electrode_s5,phase2/results/predictions/full/mixed/resnet/seed_101/bandpass_n20004_cV3_electrode_s5.npz,76656,dcd0c84686d5bf10bfd94c8007c9f2fe372cdbb7b6f1a0081bcb8675dfc75e3e
resnet,mixed,101,bandpass_n20004_cV3_electrode_s0,phase2/results/predictions/full/mixed/resnet/seed_101/bandpass_n20004_cV3_electrode_s0.npz,76417,403b484909f8b41a5c7b9228f83b7e80984bcc6b68051d3da0fe94fa25f44b13
resnet,mixed,101,bandpass_n20004_cV3_covariance_s20,phase2/results/predictions/full/mixed/resnet/seed_101/bandpass_n20004_cV3_covariance_s20.npz,76797,737232bc85ecd9d0c2478a8c65b9bd410575bd78c80e4c6587c531817139b8d6
resnet,mixed,101,bandpass_n20004_cV3_covariance_s15,phase2/results/predictions/full/mixed/resnet/seed_101/bandpass_n20004_cV3_covariance_s15.npz,76770,700e8064eeb56a7127462501b956ee0443131ef7cc0b0ea9112b87678fdc2608
resnet,mixed,101,bandpass_n20004_cV3_covariance_s10,phase2/results/predictions/full/mixed/resnet/seed_101/bandpass_n20004_cV3_covariance_s10.npz,76770,aa672e36a01da81586d6b230259a2e39f64753168d4b3ea417b0529c10506a01
resnet,mixed,101,bandpass_n20004_cV3_covariance_s5,phase2/results/predictions/full/mixed/resnet/seed_101/bandpass_n20004_cV3_covariance_s5.npz,76655,cf74314622941a9bdcda427097e03e8320459bdf0ed8c0f6e6459971f1ad0e45
resnet,mixed,101,bandpass_n20004_cV3_covariance_s0,phase2/results/predictions/full/mixed/resnet/seed_101/bandpass_n20004_cV3_covariance_s0.npz,76401,01113d94e914200d5ababb0bd42f2ea23b21a0341dfa25c7228de8f9d1fd44e3
resnet,mixed,101,bandpass_n20004_cV4_independent_rms_s20,phase2/results/predictions/full/mixed/resnet/seed_101/bandpass_n20004_cV4_independent_rms_s20.npz,76773,7214cb700c87f6e78f0e5e43ceeca2b2f199e45e796b17318ecd5cb8f5604805
resnet,mixed,101,bandpass_n20004_cV4_independent_rms_s15,phase2/results/predictions/full/mixed/resnet/seed_101/bandpass_n20004_cV4_independent_rms_s15.npz,76760,80f927f4fd768168290687f84da38933103b1c56cfcbba838d3e47c0091e7961
resnet,mixed,101,bandpass_n20004_cV4_independent_rms_s10,phase2/results/predictions/full/mixed/resnet/seed_101/bandpass_n20004_cV4_independent_rms_s10.npz,76735,d43c151a7b5cc3922b93f6f84ec92d42df28e6f6eaaf3beb606c08bfe5765827
resnet,mixed,101,bandpass_n20004_cV4_independent_rms_s5,phase2/results/predictions/full/mixed/resnet/seed_101/bandpass_n20004_cV4_independent_rms_s5.npz,76661,654e02229b74ddab9502e803a88042363b26404b4832363d8a45cf10a833b642
resnet,mixed,101,bandpass_n20004_cV4_independent_rms_s0,phase2/results/predictions/full/mixed/resnet/seed_101/bandpass_n20004_cV4_independent_rms_s0.npz,76488,26d5071de3296dcf47217fb65da5a884f90a978ed4bf310cb483d30e2fdb409e
resnet,mixed,101,bandpass_n20004_cV4_electrode_s20,phase2/results/predictions/full/mixed/resnet/seed_101/bandpass_n20004_cV4_electrode_s20.npz,76763,46736ad6660165c750482f37546689ca4437b01554fd9cb629dd0c8bb7130022
resnet,mixed,101,bandpass_n20004_cV4_electrode_s15,phase2/results/predictions/full/mixed/resnet/seed_101/bandpass_n20004_cV4_electrode_s15.npz,76763,6aec05d670d1f9bc56f6a93a99865b5c8715b0fd40d6791432377023c41e7abf
resnet,mixed,101,bandpass_n20004_cV4_electrode_s10,phase2/results/predictions/full/mixed/resnet/seed_101/bandpass_n20004_cV4_electrode_s10.npz,76757,d85d993f5dbf2c156d6edf77782213fde4904bb7ff4e6f516584a6fe94ce6e6d
resnet,mixed,101,bandpass_n20004_cV4_electrode_s5,phase2/results/predictions/full/mixed/resnet/seed_101/bandpass_n20004_cV4_electrode_s5.npz,76697,a76c66a824c9b4551403b19389061105594a8de9dda4f023628ef57c78109925
resnet,mixed,101,bandpass_n20004_cV4_electrode_s0,phase2/results/predictions/full/mixed/resnet/seed_101/bandpass_n20004_cV4_electrode_s0.npz,76468,217b1147c8309303abab2ca99f924621a300c7e871502f7a1644088c88ead858
resnet,mixed,101,bandpass_n20004_cV4_covariance_s20,phase2/results/predictions/full/mixed/resnet/seed_101/bandpass_n20004_cV4_covariance_s20.npz,76746,56ea00313f0713805bdc65650a223b9f10b9393d44dd2fe8081da246ac27aa34
resnet,mixed,101,bandpass_n20004_cV4_covariance_s15,phase2/results/predictions/full/mixed/resnet/seed_101/bandpass_n20004_cV4_covariance_s15.npz,76771,5b316fddb57ce93e8d5f68a8bafee5fb992be93741eeb6c0ff9d8714ecffd922
resnet,mixed,101,bandpass_n20004_cV4_covariance_s10,phase2/results/predictions/full/mixed/resnet/seed_101/bandpass_n20004_cV4_covariance_s10.npz,76724,0f82c164ee975c398f4e0ab6c385bf673fdf3743e8f4ca0cf259828cb702e83c
resnet,mixed,101,bandpass_n20004_cV4_covariance_s5,phase2/results/predictions/full/mixed/resnet/seed_101/bandpass_n20004_cV4_covariance_s5.npz,76678,87541b3c8e15c1c36fbb0ace24f198edb618f837baf6d12d34d76303e3c26515
resnet,mixed,101,bandpass_n20004_cV4_covariance_s0,phase2/results/predictions/full/mixed/resnet/seed_101/bandpass_n20004_cV4_covariance_s0.npz,76475,89bb5035a8cb6fa7ce0def4f6c73567e917cceabbb21163ba878065f43c79a23
resnet,mixed,101,bandpass_n20004_cV5_independent_rms_s20,phase2/results/predictions/full/mixed/resnet/seed_101/bandpass_n20004_cV5_independent_rms_s20.npz,76773,aa1648f12d2763bd14a8c8aa24865dbfa8151408e47cc1ae70a82e86cb56d305
resnet,mixed,101,bandpass_n20004_cV5_independent_rms_s15,phase2/results/predictions/full/mixed/resnet/seed_101/bandpass_n20004_cV5_independent_rms_s15.npz,76801,e0a45204305f4681b72142c91fbb9bc29761287232a05d243ef96db4fff89b8d
resnet,mixed,101,bandpass_n20004_cV5_independent_rms_s10,phase2/results/predictions/full/mixed/resnet/seed_101/bandpass_n20004_cV5_independent_rms_s10.npz,76781,20965ce0042e4e1b38eb3e578bf2976a156f72f2942ffb38d9c75d0dd03aee66
resnet,mixed,101,bandpass_n20004_cV5_independent_rms_s5,phase2/results/predictions/full/mixed/resnet/seed_101/bandpass_n20004_cV5_independent_rms_s5.npz,76740,775eb69dea6073fa54807dacce887ce4774f7b158f31feb1d7ca47a6c439b6ef
resnet,mixed,101,bandpass_n20004_cV5_independent_rms_s0,phase2/results/predictions/full/mixed/resnet/seed_101/bandpass_n20004_cV5_independent_rms_s0.npz,76467,5e54481389abafcd6886eb89127715970ec4672880b2315d342a8b3f6dcc3761
resnet,mixed,101,bandpass_n20004_cV5_electrode_s20,phase2/results/predictions/full/mixed/resnet/seed_101/bandpass_n20004_cV5_electrode_s20.npz,76764,7077407a21659ee905c51e51203049f4d0ee6347512a7a8dc4cd075fbaced736
resnet,mixed,101,bandpass_n20004_cV5_electrode_s15,phase2/results/predictions/full/mixed/resnet/seed_101/bandpass_n20004_cV5_electrode_s15.npz,76771,75bc6a39fec937ac4e1a79161453036045960b6b99113d226b881979e1598ebc
resnet,mixed,101,bandpass_n20004_cV5_electrode_s10,phase2/results/predictions/full/mixed/resnet/seed_101/bandpass_n20004_cV5_electrode_s10.npz,76701,9c0f05050e074add393fc46e5190dbab59d9d6725ef573941a9a67be011abd80
resnet,mixed,101,bandpass_n20004_cV5_electrode_s5,phase2/results/predictions/full/mixed/resnet/seed_101/bandpass_n20004_cV5_electrode_s5.npz,76687,2ff619d210f8bd32e8bc078347741b8f16e08605597e23991203a7b646290c48
resnet,mixed,101,bandpass_n20004_cV5_electrode_s0,phase2/results/predictions/full/mixed/resnet/seed_101/bandpass_n20004_cV5_electrode_s0.npz,76449,d2406f5d8ebca0b647859770d212841a624b6730f68c82e6bbf68a7f32f85d95
resnet,mixed,101,bandpass_n20004_cV5_covariance_s20,phase2/results/predictions/full/mixed/resnet/seed_101/bandpass_n20004_cV5_covariance_s20.npz,76750,2280136a55c0fb7d0bc3366d521cdb42f86e114fa3037666ed98f96e61f10a8b
resnet,mixed,101,bandpass_n20004_cV5_covariance_s15,phase2/results/predictions/full/mixed/resnet/seed_101/bandpass_n20004_cV5_covariance_s15.npz,76788,9e16a713ba11039f67153bca374d902c122b5adcb3afb442d03f716565223924
resnet,mixed,101,bandpass_n20004_cV5_covariance_s10,phase2/results/predictions/full/mixed/resnet/seed_101/bandpass_n20004_cV5_covariance_s10.npz,76747,de864079b78917725213636be03d5d2e0d3ef8e0979761c2e06dfa39eb2b8cde
resnet,mixed,101,bandpass_n20004_cV5_covariance_s5,phase2/results/predictions/full/mixed/resnet/seed_101/bandpass_n20004_cV5_covariance_s5.npz,76675,686599052202172fa29ff7b6d2245b97ee23dd876809b3cb7b3d6f44a002be79
resnet,mixed,101,bandpass_n20004_cV5_covariance_s0,phase2/results/predictions/full/mixed/resnet/seed_101/bandpass_n20004_cV5_covariance_s0.npz,76481,879c390b2078b11aa0a5d4bcc59b74969f2a04f402cf404f9325c5843f225679
resnet,mixed,101,bandpass_n20004_cV6_independent_rms_s20,phase2/results/predictions/full/mixed/resnet/seed_101/bandpass_n20004_cV6_independent_rms_s20.npz,76767,25366f3196394d47a6cca502208c1db92f0b36102df96d427eac26d0a07547c4
resnet,mixed,101,bandpass_n20004_cV6_independent_rms_s15,phase2/results/predictions/full/mixed/resnet/seed_101/bandpass_n20004_cV6_independent_rms_s15.npz,76790,f41259681ba1fef0f8800607a40afbe6d7b4d9b67430eda6eaad667697009cde
resnet,mixed,101,bandpass_n20004_cV6_independent_rms_s10,phase2/results/predictions/full/mixed/resnet/seed_101/bandpass_n20004_cV6_independent_rms_s10.npz,76739,115d64c48307900e7beac85e2d00bc6b596aca092fe31dd9a9123c44c7105049
resnet,mixed,101,bandpass_n20004_cV6_independent_rms_s5,phase2/results/predictions/full/mixed/resnet/seed_101/bandpass_n20004_cV6_independent_rms_s5.npz,76688,739aa33d83cf42ed25db1301ae375257e9e07f87e96194cf891d479438c9eec9
resnet,mixed,101,bandpass_n20004_cV6_independent_rms_s0,phase2/results/predictions/full/mixed/resnet/seed_101/bandpass_n20004_cV6_independent_rms_s0.npz,76400,c92f36cdecdb35a6a9b91d5e93b8acd5420bb7b4903d27b3f5b3cf930be36648
resnet,mixed,101,bandpass_n20004_cV6_electrode_s20,phase2/results/predictions/full/mixed/resnet/seed_101/bandpass_n20004_cV6_electrode_s20.npz,76769,2851650f9bc8b1eac789763e681081fd92ceaaafcb08d296160c33257cbcf349
resnet,mixed,101,bandpass_n20004_cV6_electrode_s15,phase2/results/predictions/full/mixed/resnet/seed_101/bandpass_n20004_cV6_electrode_s15.npz,76767,f352826ff623d4464a37f93843d6bc55e13c88f7516a4f33900214bb3fec15a1
resnet,mixed,101,bandpass_n20004_cV6_electrode_s10,phase2/results/predictions/full/mixed/resnet/seed_101/bandpass_n20004_cV6_electrode_s10.npz,76749,197e8f1f82041e2d8c49588e27e05368e3f17546a7ec3a6c14a556434e532e05
resnet,mixed,101,bandpass_n20004_cV6_electrode_s5,phase2/results/predictions/full/mixed/resnet/seed_101/bandpass_n20004_cV6_electrode_s5.npz,76653,5a3686e5efc224f0e57e391fd15d5116896f82cc8d146b2b54c96e4a72451a5f
resnet,mixed,101,bandpass_n20004_cV6_electrode_s0,phase2/results/predictions/full/mixed/resnet/seed_101/bandpass_n20004_cV6_electrode_s0.npz,76443,93b9bce87c995e1c5e16801302ab9ca6448f0196ce221d99cfbca98ba094cb1f
resnet,mixed,101,bandpass_n20004_cV6_covariance_s20,phase2/results/predictions/full/mixed/resnet/seed_101/bandpass_n20004_cV6_covariance_s20.npz,76760,037ed28a209c1af91fadb616fc15bb2f8b021fe57e50670b2d0c2f80ef608c94
resnet,mixed,101,bandpass_n20004_cV6_covariance_s15,phase2/results/predictions/full/mixed/resnet/seed_101/bandpass_n20004_cV6_covariance_s15.npz,76750,3ceebb9891d37d31d7a050a7b169f8ff8459370eedc0bf507d0143fdf7b26872
resnet,mixed,101,bandpass_n20004_cV6_covariance_s10,phase2/results/predictions/full/mixed/resnet/seed_101/bandpass_n20004_cV6_covariance_s10.npz,76721,7295f2c711cad62caea3e7899684d0f9d92af7152c1e20cdee71ac628116df00
resnet,mixed,101,bandpass_n20004_cV6_covariance_s5,phase2/results/predictions/full/mixed/resnet/seed_101/bandpass_n20004_cV6_covariance_s5.npz,76667,2c08bb5849881e9c3c68397f2dbdd6935ae19f8e9a194a5930b00c1864030cc9
resnet,mixed,101,bandpass_n20004_cV6_covariance_s0,phase2/results/predictions/full/mixed/resnet/seed_101/bandpass_n20004_cV6_covariance_s0.npz,76376,a927b068f06f8827090d2fb591a765478d77f894abbf8c5690f5a8d7dcf73d2f
resnet,mixed,101,bandpass_n20004_cRA_LA_independent_rms_s20,phase2/results/predictions/full/mixed/resnet/seed_101/bandpass_n20004_cRA_LA_independent_rms_s20.npz,76785,2be67bdcde9a585e7a8982133abd9fcd20705aac6662d720894793eadff1160b
resnet,mixed,101,bandpass_n20004_cRA_LA_independent_rms_s15,phase2/results/predictions/full/mixed/resnet/seed_101/bandpass_n20004_cRA_LA_independent_rms_s15.npz,76768,f90bb07bb1bc49817d6f637da632c408e3d00ffc3991b730defdb58254500079
resnet,mixed,101,bandpass_n20004_cRA_LA_independent_rms_s10,phase2/results/predictions/full/mixed/resnet/seed_101/bandpass_n20004_cRA_LA_independent_rms_s10.npz,76781,1ef36fd1e4c64c2c4f65bdf060ac6b943b2b905e312f1fbd5f50921845aa72f0
resnet,mixed,101,bandpass_n20004_cRA_LA_independent_rms_s5,phase2/results/predictions/full/mixed/resnet/seed_101/bandpass_n20004_cRA_LA_independent_rms_s5.npz,76686,fdbecd25f18e92d0060efcd330ffb5b25bdf5587dabda256219e21a9eb6e1727
resnet,mixed,101,bandpass_n20004_cRA_LA_independent_rms_s0,phase2/results/predictions/full/mixed/resnet/seed_101/bandpass_n20004_cRA_LA_independent_rms_s0.npz,76405,9d19d47e97ea6d52d3c977d544c48a461aa9b01acaff01d517512f0e7adae627
resnet,mixed,101,bandpass_n20004_cRA_LA_electrode_s20,phase2/results/predictions/full/mixed/resnet/seed_101/bandpass_n20004_cRA_LA_electrode_s20.npz,76727,7589180394d6941d62312b95c62dc74b293bb6404576eb27f6b9456e664cd767
resnet,mixed,101,bandpass_n20004_cRA_LA_electrode_s15,phase2/results/predictions/full/mixed/resnet/seed_101/bandpass_n20004_cRA_LA_electrode_s15.npz,76758,02f24d90de5dec9a72147ca99525abc82eca463fbc278bb89b8d6efeeab22075
resnet,mixed,101,bandpass_n20004_cRA_LA_electrode_s10,phase2/results/predictions/full/mixed/resnet/seed_101/bandpass_n20004_cRA_LA_electrode_s10.npz,76679,ffef30bae3488bd1059e320d503f34b46ed09946836962e0c51de020991c01b8
resnet,mixed,101,bandpass_n20004_cRA_LA_electrode_s5,phase2/results/predictions/full/mixed/resnet/seed_101/bandpass_n20004_cRA_LA_electrode_s5.npz,76558,893a0bccbf139f234ca89d43cecdf42e31fa244bca1e815eb4a61013c4d40547
resnet,mixed,101,bandpass_n20004_cRA_LA_electrode_s0,phase2/results/predictions/full/mixed/resnet/seed_101/bandpass_n20004_cRA_LA_electrode_s0.npz,76211,171dbd3bb6f35a29da0cb67d7095b6f9fabeaf04d4912a599e96a8c396144c78
resnet,mixed,101,bandpass_n20004_cRA_LA_covariance_s20,phase2/results/predictions/full/mixed/resnet/seed_101/bandpass_n20004_cRA_LA_covariance_s20.npz,76758,135e96081ea5b113725a6e263d03f5fad292e5b5cde75286ca75846758895a9d
resnet,mixed,101,bandpass_n20004_cRA_LA_covariance_s15,phase2/results/predictions/full/mixed/resnet/seed_101/bandpass_n20004_cRA_LA_covariance_s15.npz,76766,3921761907f735eb97782c39ff9e9bfb9d70e62c7dc84a337175267a8070c81d
resnet,mixed,101,bandpass_n20004_cRA_LA_covariance_s10,phase2/results/predictions/full/mixed/resnet/seed_101/bandpass_n20004_cRA_LA_covariance_s10.npz,76691,10a8e401c8619b5b8f1bffb220993321aef6249d3f18d2b7fe290f529ce80409
resnet,mixed,101,bandpass_n20004_cRA_LA_covariance_s5,phase2/results/predictions/full/mixed/resnet/seed_101/bandpass_n20004_cRA_LA_covariance_s5.npz,76569,65ca12e77d1d11e293347c3c303db769e2e3a989c8e6169a9fbd0fabdcef1345
resnet,mixed,101,bandpass_n20004_cRA_LA_covariance_s0,phase2/results/predictions/full/mixed/resnet/seed_101/bandpass_n20004_cRA_LA_covariance_s0.npz,76190,e0e9d2b4b9dca3c3c8903590d0f44539b58534156ba356a0e5710f72c48af717
resnet,mixed,101,bandpass_n20004_cLA_LL_independent_rms_s20,phase2/results/predictions/full/mixed/resnet/seed_101/bandpass_n20004_cLA_LL_independent_rms_s20.npz,76783,db906eb28792da6bfa2440641e02f81a0d554a01648926c763531924f2a83a74
resnet,mixed,101,bandpass_n20004_cLA_LL_independent_rms_s15,phase2/results/predictions/full/mixed/resnet/seed_101/bandpass_n20004_cLA_LL_independent_rms_s15.npz,76788,de0576f78d2156909970dd7e96bf40ebc1223b10129f7c0f15d845e138097f17
resnet,mixed,101,bandpass_n20004_cLA_LL_independent_rms_s10,phase2/results/predictions/full/mixed/resnet/seed_101/bandpass_n20004_cLA_LL_independent_rms_s10.npz,76758,78103564b00a29d2d1318d3159bd478532745a60053e3726c35f3ede0d6ec667
resnet,mixed,101,bandpass_n20004_cLA_LL_independent_rms_s5,phase2/results/predictions/full/mixed/resnet/seed_101/bandpass_n20004_cLA_LL_independent_rms_s5.npz,76691,d6c32a2c0b2fe57b431a4eca0ca1baddd7eb04aa7efb1efec68f64e42ea840ea
resnet,mixed,101,bandpass_n20004_cLA_LL_independent_rms_s0,phase2/results/predictions/full/mixed/resnet/seed_101/bandpass_n20004_cLA_LL_independent_rms_s0.npz,76346,307fd3dfa7410523605339d8d9f5bd772aa6b79debd32b3b4a179410a22ed859
resnet,mixed,101,bandpass_n20004_cLA_LL_electrode_s20,phase2/results/predictions/full/mixed/resnet/seed_101/bandpass_n20004_cLA_LL_electrode_s20.npz,76730,9647bb99b7903e8b7f7da4b1582ce174a6b9d3c4b35d92600a7b1d87ea391f55
resnet,mixed,101,bandpass_n20004_cLA_LL_electrode_s15,phase2/results/predictions/full/mixed/resnet/seed_101/bandpass_n20004_cLA_LL_electrode_s15.npz,76731,0a58ce3ce84e826383152a1d513adf5b5326033d96911d8d75ef4c278bb95dd4
resnet,mixed,101,bandpass_n20004_cLA_LL_electrode_s10,phase2/results/predictions/full/mixed/resnet/seed_101/bandpass_n20004_cLA_LL_electrode_s10.npz,76675,a64676dbcfc2d5cd31838768ca90708a2d3db976d2ff4aa535a04416115002ed
resnet,mixed,101,bandpass_n20004_cLA_LL_electrode_s5,phase2/results/predictions/full/mixed/resnet/seed_101/bandpass_n20004_cLA_LL_electrode_s5.npz,76500,dbbc64e3ac6e5b2b3ce7e23169b7cbd11bc5e95c8efc19380d0cb01e26403935
resnet,mixed,101,bandpass_n20004_cLA_LL_electrode_s0,phase2/results/predictions/full/mixed/resnet/seed_101/bandpass_n20004_cLA_LL_electrode_s0.npz,76054,7f9d11e76c502f7c1c42d20b036814a41e2eac2e1f4b0ae0d0345debc8b7c339
resnet,mixed,101,bandpass_n20004_cLA_LL_covariance_s20,phase2/results/predictions/full/mixed/resnet/seed_101/bandpass_n20004_cLA_LL_covariance_s20.npz,76782,bffd5a695a655152e9b9297433e6ec987da8714c53251b35ca5a647cb06f1959
resnet,mixed,101,bandpass_n20004_cLA_LL_covariance_s15,phase2/results/predictions/full/mixed/resnet/seed_101/bandpass_n20004_cLA_LL_covariance_s15.npz,76770,1eb33d56b58ff1f63a093355f41d25459449f916c25b3be8849c2e8186c41ede
resnet,mixed,101,bandpass_n20004_cLA_LL_covariance_s10,phase2/results/predictions/full/mixed/resnet/seed_101/bandpass_n20004_cLA_LL_covariance_s10.npz,76709,bd6d51b9c7a99604dee695c4dbe9eb738c777da234c036dc1f3427bc92f80a7e
resnet,mixed,101,bandpass_n20004_cLA_LL_covariance_s5,phase2/results/predictions/full/mixed/resnet/seed_101/bandpass_n20004_cLA_LL_covariance_s5.npz,76479,f4c13181a545842fef511f42e4cabdb57ddddd93d2b6953214b3956a4df6a92b
resnet,mixed,101,bandpass_n20004_cLA_LL_covariance_s0,phase2/results/predictions/full/mixed/resnet/seed_101/bandpass_n20004_cLA_LL_covariance_s0.npz,76060,8b2183259416a3b30c8c12bee08e65e83fdde275826604bdb629c553d34e3686
resnet,mixed,101,bandpass_n20004_cRA_LL_independent_rms_s20,phase2/results/predictions/full/mixed/resnet/seed_101/bandpass_n20004_cRA_LL_independent_rms_s20.npz,76775,fd4f5383bf64e0202599083397524b4ecfb251029214ee22b97c032b5ddfe703
resnet,mixed,101,bandpass_n20004_cRA_LL_independent_rms_s15,phase2/results/predictions/full/mixed/resnet/seed_101/bandpass_n20004_cRA_LL_independent_rms_s15.npz,76758,844cd864fdca91dac3a98fd1a97acd23f5457c3b1372520829b1c9b57f9cacaa
resnet,mixed,101,bandpass_n20004_cRA_LL_independent_rms_s10,phase2/results/predictions/full/mixed/resnet/seed_101/bandpass_n20004_cRA_LL_independent_rms_s10.npz,76727,23546acea2e90e8070391438a5759b46f44ce4eb47b5af57399cc384fa04528b
resnet,mixed,101,bandpass_n20004_cRA_LL_independent_rms_s5,phase2/results/predictions/full/mixed/resnet/seed_101/bandpass_n20004_cRA_LL_independent_rms_s5.npz,76687,b29e5357b6389ca9ede8e6953c36f5b69df4c05dc31934c06b0c2099f24cfbe3
resnet,mixed,101,bandpass_n20004_cRA_LL_independent_rms_s0,phase2/results/predictions/full/mixed/resnet/seed_101/bandpass_n20004_cRA_LL_independent_rms_s0.npz,76379,3b5068ecb6e016696f1a4c1c84e6c986939f716ad1f147f5b5f2cfa5a446c11a
resnet,mixed,101,bandpass_n20004_cRA_LL_electrode_s20,phase2/results/predictions/full/mixed/resnet/seed_101/bandpass_n20004_cRA_LL_electrode_s20.npz,76751,11641efb7092af8ffac2625483af58963c77fdadd9def99204b0e295e51863d1
resnet,mixed,101,bandpass_n20004_cRA_LL_electrode_s15,phase2/results/predictions/full/mixed/resnet/seed_101/bandpass_n20004_cRA_LL_electrode_s15.npz,76762,cf8133e8af13c26a103ec21fdbefffc9baba03f23ac668e579f70c5977ce8afd
resnet,mixed,101,bandpass_n20004_cRA_LL_electrode_s10,phase2/results/predictions/full/mixed/resnet/seed_101/bandpass_n20004_cRA_LL_electrode_s10.npz,76681,a00d95cb370d2e786819b0f35631a8a22082cf69d2f1f64e91a1cd67ac6ed7b1
resnet,mixed,101,bandpass_n20004_cRA_LL_electrode_s5,phase2/results/predictions/full/mixed/resnet/seed_101/bandpass_n20004_cRA_LL_electrode_s5.npz,76467,0038cd4397023e346bd9176aaac7a51c34f2cb53a53f63e170e44be38c9605df
resnet,mixed,101,bandpass_n20004_cRA_LL_electrode_s0,phase2/results/predictions/full/mixed/resnet/seed_101/bandpass_n20004_cRA_LL_electrode_s0.npz,76169,c54d46b1a2ee08014ebe87520ee7da799f95c565fb943927a294007799287928
resnet,mixed,101,bandpass_n20004_cRA_LL_covariance_s20,phase2/results/predictions/full/mixed/resnet/seed_101/bandpass_n20004_cRA_LL_covariance_s20.npz,76759,b62291447bc9d5d01798a91082aabe9eb9cecfc6cba15bce4738eee65c2b7258
resnet,mixed,101,bandpass_n20004_cRA_LL_covariance_s15,phase2/results/predictions/full/mixed/resnet/seed_101/bandpass_n20004_cRA_LL_covariance_s15.npz,76752,57ef05f9a73c19013f911a89513e91ece9679aa1d53336104b3c34a7a5da6706
resnet,mixed,101,bandpass_n20004_cRA_LL_covariance_s10,phase2/results/predictions/full/mixed/resnet/seed_101/bandpass_n20004_cRA_LL_covariance_s10.npz,76714,6d3d34357b42d8637b191fa831446f24309b66cf6678b489ba5e67c4662c2005
resnet,mixed,101,bandpass_n20004_cRA_LL_covariance_s5,phase2/results/predictions/full/mixed/resnet/seed_101/bandpass_n20004_cRA_LL_covariance_s5.npz,76479,774d75eb698cdd2e7162b54d15fa75da05186f81d305052c0d33851f715c918f
resnet,mixed,101,bandpass_n20004_cRA_LL_covariance_s0,phase2/results/predictions/full/mixed/resnet/seed_101/bandpass_n20004_cRA_LL_covariance_s0.npz,76111,89b38af809a71bcd6589bad48b27234b1af66039588d86a094d26381b45ed8e6
resnet,mixed,101,bandpass_n20004_cRA_independent_rms_s20,phase2/results/predictions/full/mixed/resnet/seed_101/bandpass_n20004_cRA_independent_rms_s20.npz,76762,bfe9d7831cf0f0756cc35eadc060c66bfaf8231a1833de7015997d175688bc03
resnet,mixed,101,bandpass_n20004_cRA_independent_rms_s15,phase2/results/predictions/full/mixed/resnet/seed_101/bandpass_n20004_cRA_independent_rms_s15.npz,76774,f466ea8116cc61c7a7fabf416af0b56f196a088744c31706047dfa65e6b830cb
resnet,mixed,101,bandpass_n20004_cRA_independent_rms_s10,phase2/results/predictions/full/mixed/resnet/seed_101/bandpass_n20004_cRA_independent_rms_s10.npz,76710,39fbb9ae559fdc0e4f5c8f62fb4a3ed05a14a6c11241f61a61663f6383e0c2c8
resnet,mixed,101,bandpass_n20004_cRA_independent_rms_s5,phase2/results/predictions/full/mixed/resnet/seed_101/bandpass_n20004_cRA_independent_rms_s5.npz,76687,8fb506b8e46084798d6d814daaa810a5103362be8ecbee611dc15ffabdb8cc7d
resnet,mixed,101,bandpass_n20004_cRA_independent_rms_s0,phase2/results/predictions/full/mixed/resnet/seed_101/bandpass_n20004_cRA_independent_rms_s0.npz,76415,9f76feb8bd5c286baf83d4cba140a88f28d98264b267e836c5f648fca9252da6
resnet,mixed,101,bandpass_n20004_cRA_electrode_s20,phase2/results/predictions/full/mixed/resnet/seed_101/bandpass_n20004_cRA_electrode_s20.npz,76743,d28214de0679a2d4c691a02e6c0fdc495e0da246a96a747d99583203c886ffdd
resnet,mixed,101,bandpass_n20004_cRA_electrode_s15,phase2/results/predictions/full/mixed/resnet/seed_101/bandpass_n20004_cRA_electrode_s15.npz,76753,415c39f8076048011192aa042be684be69f8ee11a66ed359661775e1a0293de9
resnet,mixed,101,bandpass_n20004_cRA_electrode_s10,phase2/results/predictions/full/mixed/resnet/seed_101/bandpass_n20004_cRA_electrode_s10.npz,76702,5338e0ba4d1a4a4b583271a14627a13e08a6aa458bd4350ff8e02148fcc3c134
resnet,mixed,101,bandpass_n20004_cRA_electrode_s5,phase2/results/predictions/full/mixed/resnet/seed_101/bandpass_n20004_cRA_electrode_s5.npz,76559,17b06f59aac6ae6979cc409f847b2213ee846cbe573143391b78013ef0e6f9e3
resnet,mixed,101,bandpass_n20004_cRA_electrode_s0,phase2/results/predictions/full/mixed/resnet/seed_101/bandpass_n20004_cRA_electrode_s0.npz,76344,9d4795f261bc174f58b86b23d9d123a8fefa8a467415486c3fee6e1c363cdc74
resnet,mixed,101,bandpass_n20004_cRA_covariance_s20,phase2/results/predictions/full/mixed/resnet/seed_101/bandpass_n20004_cRA_covariance_s20.npz,76749,83e47440ea801f1b5d615479cfc945afc733e866563b5e73d496f9acf3037426
resnet,mixed,101,bandpass_n20004_cRA_covariance_s15,phase2/results/predictions/full/mixed/resnet/seed_101/bandpass_n20004_cRA_covariance_s15.npz,76768,0b1ffd4d1e5ccdd3be0fad9d05b891293e169ef12f949b9f7abf013b3d99167c
resnet,mixed,101,bandpass_n20004_cRA_covariance_s10,phase2/results/predictions/full/mixed/resnet/seed_101/bandpass_n20004_cRA_covariance_s10.npz,76731,b126a5a183e64cc48a6703df51ab40d9f33ac18efb4ec617870179d062957423
resnet,mixed,101,bandpass_n20004_cRA_covariance_s5,phase2/results/predictions/full/mixed/resnet/seed_101/bandpass_n20004_cRA_covariance_s5.npz,76592,dcec7a257e3116ba211865574059dc85cf2a7a451e2a80db60a4e57db83266f8
resnet,mixed,101,bandpass_n20004_cRA_covariance_s0,phase2/results/predictions/full/mixed/resnet/seed_101/bandpass_n20004_cRA_covariance_s0.npz,76340,6bc0fff0a13ecb7838d4b09d7ef651572cf5f7e908987449e60bf28d0dfbde42
resnet,mixed,101,bandpass_n20004_cLA_independent_rms_s20,phase2/results/predictions/full/mixed/resnet/seed_101/bandpass_n20004_cLA_independent_rms_s20.npz,76776,dec6d1dbebf1bf0ebaf2a0e580e04a250eb190547c294527e37a0e86fc5c2c1c
resnet,mixed,101,bandpass_n20004_cLA_independent_rms_s15,phase2/results/predictions/full/mixed/resnet/seed_101/bandpass_n20004_cLA_independent_rms_s15.npz,76776,2070293d1e66675c9a73b6e36dc31032b0c192721bfb25907b42d2b2b7320187
resnet,mixed,101,bandpass_n20004_cLA_independent_rms_s10,phase2/results/predictions/full/mixed/resnet/seed_101/bandpass_n20004_cLA_independent_rms_s10.npz,76755,01c1235eb48160aa04e6f7133c7bd8564c69c9265b080d300499cc8e147a7139
resnet,mixed,101,bandpass_n20004_cLA_independent_rms_s5,phase2/results/predictions/full/mixed/resnet/seed_101/bandpass_n20004_cLA_independent_rms_s5.npz,76715,66bc46a33ee18bd4b87b94e3690ca0338c752604f4a8d516a15d34562c8d7f69
resnet,mixed,101,bandpass_n20004_cLA_independent_rms_s0,phase2/results/predictions/full/mixed/resnet/seed_101/bandpass_n20004_cLA_independent_rms_s0.npz,76406,a85dfc46ad447495c134d85d16b9ec92cc2156a954f852edb06472f569d60919
resnet,mixed,101,bandpass_n20004_cLA_electrode_s20,phase2/results/predictions/full/mixed/resnet/seed_101/bandpass_n20004_cLA_electrode_s20.npz,76736,cc7109db0d711da085075063669441c7b2c46c2fe5d6b19c65a4492e8bbbd86b
resnet,mixed,101,bandpass_n20004_cLA_electrode_s15,phase2/results/predictions/full/mixed/resnet/seed_101/bandpass_n20004_cLA_electrode_s15.npz,76750,2726e841b9a68fa73a390603f1a832236d771a1d8cba07a1652010e5aae0a62f
resnet,mixed,101,bandpass_n20004_cLA_electrode_s10,phase2/results/predictions/full/mixed/resnet/seed_101/bandpass_n20004_cLA_electrode_s10.npz,76716,e018878b7ca8a45a61b698d4625d12cb22a8018a4eb9bef36447a22dee10f5cf
resnet,mixed,101,bandpass_n20004_cLA_electrode_s5,phase2/results/predictions/full/mixed/resnet/seed_101/bandpass_n20004_cLA_electrode_s5.npz,76561,4fa94b5f96bb5032b710b622b24231546048dbdad68897fca309fe340c533e05
resnet,mixed,101,bandpass_n20004_cLA_electrode_s0,phase2/results/predictions/full/mixed/resnet/seed_101/bandpass_n20004_cLA_electrode_s0.npz,76145,de668321d21f7ff604424dc3aaa1c477c863a10ca384a20f13ce6a7a4f5e0970
resnet,mixed,101,bandpass_n20004_cLA_covariance_s20,phase2/results/predictions/full/mixed/resnet/seed_101/bandpass_n20004_cLA_covariance_s20.npz,76772,a9efd7c809a1687ed637f8c4660c8b96abce1c2a34039593ecdef8722cf7c28d
resnet,mixed,101,bandpass_n20004_cLA_covariance_s15,phase2/results/predictions/full/mixed/resnet/seed_101/bandpass_n20004_cLA_covariance_s15.npz,76759,6073470f76efecbe8ba793f0499e0ef1241bdd907582718c3a8bc078ca5c893c
resnet,mixed,101,bandpass_n20004_cLA_covariance_s10,phase2/results/predictions/full/mixed/resnet/seed_101/bandpass_n20004_cLA_covariance_s10.npz,76714,f1d3cb65a1cdb8ef079acb9c106612b860b895b8898f4e70ce00039736e8fd05
resnet,mixed,101,bandpass_n20004_cLA_covariance_s5,phase2/results/predictions/full/mixed/resnet/seed_101/bandpass_n20004_cLA_covariance_s5.npz,76608,2a336c9fee5ccb95846e8b3be5987a610360f79d5244b3392eacecb414b68585
resnet,mixed,101,bandpass_n20004_cLA_covariance_s0,phase2/results/predictions/full/mixed/resnet/seed_101/bandpass_n20004_cLA_covariance_s0.npz,76201,199cd4b4231b48cc0f7c2808fe2ff1ad99e3f1d15d8711100992965554b9b393
resnet,mixed,101,bandpass_n20004_cLL_independent_rms_s20,phase2/results/predictions/full/mixed/resnet/seed_101/bandpass_n20004_cLL_independent_rms_s20.npz,76763,f04f3c2602d36d5d864de49ce02dde07e1ce626f6958a19aa6edf7171c463178
resnet,mixed,101,bandpass_n20004_cLL_independent_rms_s15,phase2/results/predictions/full/mixed/resnet/seed_101/bandpass_n20004_cLL_independent_rms_s15.npz,76751,bd95ef305cfbd999007addc2a66ed04e30d0cff3653959441c018d2df33b3f2e
resnet,mixed,101,bandpass_n20004_cLL_independent_rms_s10,phase2/results/predictions/full/mixed/resnet/seed_101/bandpass_n20004_cLL_independent_rms_s10.npz,76724,a3a35bbd184668057a12525fa6b7e17e3db385446de3ceab3bbb733e1274be0c
resnet,mixed,101,bandpass_n20004_cLL_independent_rms_s5,phase2/results/predictions/full/mixed/resnet/seed_101/bandpass_n20004_cLL_independent_rms_s5.npz,76675,5efd8d1358beb041c6257dd6f9cd693ae842e9a5db6606bb1708f6b697c8398c
resnet,mixed,101,bandpass_n20004_cLL_independent_rms_s0,phase2/results/predictions/full/mixed/resnet/seed_101/bandpass_n20004_cLL_independent_rms_s0.npz,76326,b99d041f51e2fc8dd52b1628cd2e99631cd02505d1527d803e4d4e852a274190
resnet,mixed,101,bandpass_n20004_cLL_electrode_s20,phase2/results/predictions/full/mixed/resnet/seed_101/bandpass_n20004_cLL_electrode_s20.npz,76756,bc7bb544367d3feab7404776854fca386a992f7b762e4374ddc5cb29e60003f8
resnet,mixed,101,bandpass_n20004_cLL_electrode_s15,phase2/results/predictions/full/mixed/resnet/seed_101/bandpass_n20004_cLL_electrode_s15.npz,76732,1a6a8bea97e87a063a4657227222dfef2d5e28fc1e2ae865b810547528b7a95a
resnet,mixed,101,bandpass_n20004_cLL_electrode_s10,phase2/results/predictions/full/mixed/resnet/seed_101/bandpass_n20004_cLL_electrode_s10.npz,76681,13b5bed180177c12f44bbcefa6455a1313f10392c2357345c914cfef25438273
resnet,mixed,101,bandpass_n20004_cLL_electrode_s5,phase2/results/predictions/full/mixed/resnet/seed_101/bandpass_n20004_cLL_electrode_s5.npz,76418,4c02eb87b31339f9cd25a7404d4a23ee290c42fb8a45e0c7c5264feed7b7a7c0
resnet,mixed,101,bandpass_n20004_cLL_electrode_s0,phase2/results/predictions/full/mixed/resnet/seed_101/bandpass_n20004_cLL_electrode_s0.npz,76060,d82b721d556c346caf8e42fccf9c79d8232bd1dc850b0b0bb7a82920bc8df116
resnet,mixed,101,bandpass_n20004_cLL_covariance_s20,phase2/results/predictions/full/mixed/resnet/seed_101/bandpass_n20004_cLL_covariance_s20.npz,76773,68e5ed2a85a5b18aef10f1bfe0b4da9e58950720ec2ce28bccd28ba517381f3a
resnet,mixed,101,bandpass_n20004_cLL_covariance_s15,phase2/results/predictions/full/mixed/resnet/seed_101/bandpass_n20004_cLL_covariance_s15.npz,76731,ea20478e0c3fc1c75e6598297cfe154d661fbbbaea480c4d60ce1f523a0fe369
resnet,mixed,101,bandpass_n20004_cLL_covariance_s10,phase2/results/predictions/full/mixed/resnet/seed_101/bandpass_n20004_cLL_covariance_s10.npz,76678,57bc589bbe4e11221fdd6df9a4d7214d9e070bf0132745c43423def041383a45
resnet,mixed,101,bandpass_n20004_cLL_covariance_s5,phase2/results/predictions/full/mixed/resnet/seed_101/bandpass_n20004_cLL_covariance_s5.npz,76403,815495de3272ccc7cd14011a16181989cbf3a3c9df2f02bd6080be385be7f422
resnet,mixed,101,bandpass_n20004_cLL_covariance_s0,phase2/results/predictions/full/mixed/resnet/seed_101/bandpass_n20004_cLL_covariance_s0.npz,76070,ef7ef0363cf88bea7407b94877e828460e881c7473d96ce2d6c85ca7165623b0
resnet,mixed,101,bandpass_n20004_cRA_V1_independent_rms_s20,phase2/results/predictions/full/mixed/resnet/seed_101/bandpass_n20004_cRA_V1_independent_rms_s20.npz,76783,c2e6ef83e89eda865dca1dcb6f8887560d2c0669b750bdbeb7089171f010b3fd
resnet,mixed,101,bandpass_n20004_cRA_V1_independent_rms_s15,phase2/results/predictions/full/mixed/resnet/seed_101/bandpass_n20004_cRA_V1_independent_rms_s15.npz,76779,f2b3ae63b3c3c70e05463a6fa0defbc76f3f113f1ee2689f6a4f25938d82fcd9
resnet,mixed,101,bandpass_n20004_cRA_V1_independent_rms_s10,phase2/results/predictions/full/mixed/resnet/seed_101/bandpass_n20004_cRA_V1_independent_rms_s10.npz,76752,e2f6c58be8d36e74efb68c19c5cf77550d47a4910496a071ce2a620e19767588
resnet,mixed,101,bandpass_n20004_cRA_V1_independent_rms_s5,phase2/results/predictions/full/mixed/resnet/seed_101/bandpass_n20004_cRA_V1_independent_rms_s5.npz,76671,f1596053f262e0c1c0a36a1c876104f271347b4bca76c90206bb10db172957f7
resnet,mixed,101,bandpass_n20004_cRA_V1_independent_rms_s0,phase2/results/predictions/full/mixed/resnet/seed_101/bandpass_n20004_cRA_V1_independent_rms_s0.npz,76349,8d692efc95ae7a06e8ebc6a327223bab241ac6a016c965917181b57e78e0671e
resnet,mixed,101,bandpass_n20004_cRA_V1_electrode_s20,phase2/results/predictions/full/mixed/resnet/seed_101/bandpass_n20004_cRA_V1_electrode_s20.npz,76777,f401226ffaae40fec3cf9fbcb5193834cc70c4880215ccaccb23d8ad1c9da21c
resnet,mixed,101,bandpass_n20004_cRA_V1_electrode_s15,phase2/results/predictions/full/mixed/resnet/seed_101/bandpass_n20004_cRA_V1_electrode_s15.npz,76795,8b677e5acee931e5a3fe675a5cd51208a0aa54b23921623c4645781931c84e9e
resnet,mixed,101,bandpass_n20004_cRA_V1_electrode_s10,phase2/results/predictions/full/mixed/resnet/seed_101/bandpass_n20004_cRA_V1_electrode_s10.npz,76713,ccef8ff63b87c2b2a26348b080458a0dc7b8aaceaa0cafb0a84af85b57ce364a
resnet,mixed,101,bandpass_n20004_cRA_V1_electrode_s5,phase2/results/predictions/full/mixed/resnet/seed_101/bandpass_n20004_cRA_V1_electrode_s5.npz,76617,613553f7d797ae49984fe889aa24f5e16d8c592e4a0a2332600d0b4a597a48ba
resnet,mixed,101,bandpass_n20004_cRA_V1_electrode_s0,phase2/results/predictions/full/mixed/resnet/seed_101/bandpass_n20004_cRA_V1_electrode_s0.npz,76278,d409547fd696a7d9df3321ab4da90e7149ecadc7dd3b37758b9446d8fa3fb046
resnet,mixed,101,bandpass_n20004_cRA_V1_covariance_s20,phase2/results/predictions/full/mixed/resnet/seed_101/bandpass_n20004_cRA_V1_covariance_s20.npz,76768,52e77932ab3710d4eb9db3d6a38e6b572d3dabbcdbbded92891682c533f66ea1
resnet,mixed,101,bandpass_n20004_cRA_V1_covariance_s15,phase2/results/predictions/full/mixed/resnet/seed_101/bandpass_n20004_cRA_V1_covariance_s15.npz,76746,c253e1975de1be1b66c2d0faa71569ce32cec465c4801e935159af242f20e0bc
resnet,mixed,101,bandpass_n20004_cRA_V1_covariance_s10,phase2/results/predictions/full/mixed/resnet/seed_101/bandpass_n20004_cRA_V1_covariance_s10.npz,76742,24fba3713a85fdcbf3388cf01a1d86b60d35424407e038370760382b28c2c907
resnet,mixed,101,bandpass_n20004_cRA_V1_covariance_s5,phase2/results/predictions/full/mixed/resnet/seed_101/bandpass_n20004_cRA_V1_covariance_s5.npz,76631,728f2fea5277882755c7001f3f9449f600e0751ad8d92689c5d8d9f92f07163d
resnet,mixed,101,bandpass_n20004_cRA_V1_covariance_s0,phase2/results/predictions/full/mixed/resnet/seed_101/bandpass_n20004_cRA_V1_covariance_s0.npz,76319,97c7e9a1f71897a39da8444278244a8fae9c0f43c40797e31ff99ea00bde4624
resnet,mixed,101,bandpass_n20004_cLA_V6_independent_rms_s20,phase2/results/predictions/full/mixed/resnet/seed_101/bandpass_n20004_cLA_V6_independent_rms_s20.npz,76771,621cb519e4014070b1af5109036376e3c86589a00bebf00bb19e0cac0affda7e
resnet,mixed,101,bandpass_n20004_cLA_V6_independent_rms_s15,phase2/results/predictions/full/mixed/resnet/seed_101/bandpass_n20004_cLA_V6_independent_rms_s15.npz,76774,64ad9f84f9c202a610f3de67df0f7201e880077d64e60a6d407cd05bd1f21f27
resnet,mixed,101,bandpass_n20004_cLA_V6_independent_rms_s10,phase2/results/predictions/full/mixed/resnet/seed_101/bandpass_n20004_cLA_V6_independent_rms_s10.npz,76777,300a2656391c0d37faaf4cce8a745d321e96a9bf0239fe4c3f6b52e26b89aaa7
resnet,mixed,101,bandpass_n20004_cLA_V6_independent_rms_s5,phase2/results/predictions/full/mixed/resnet/seed_101/bandpass_n20004_cLA_V6_independent_rms_s5.npz,76691,5fb0d1415564fa4416281d845de61665f9e19ab912bd5b958fc8207dce1e8b20
resnet,mixed,101,bandpass_n20004_cLA_V6_independent_rms_s0,phase2/results/predictions/full/mixed/resnet/seed_101/bandpass_n20004_cLA_V6_independent_rms_s0.npz,76389,db5b41f465f88cf7d87464fc98e517c979868eaaf1503144ea2f45c4920de239
resnet,mixed,101,bandpass_n20004_cLA_V6_electrode_s20,phase2/results/predictions/full/mixed/resnet/seed_101/bandpass_n20004_cLA_V6_electrode_s20.npz,76747,e49bedd57f5cc0baab2aedcb7a358cbf57f6b5ac63b865ef697ff6017f7e71a8
resnet,mixed,101,bandpass_n20004_cLA_V6_electrode_s15,phase2/results/predictions/full/mixed/resnet/seed_101/bandpass_n20004_cLA_V6_electrode_s15.npz,76763,372d60220c5e5cda0c50adeabb031a3fdbe30dcacbc0be2078c1269337f8f751
resnet,mixed,101,bandpass_n20004_cLA_V6_electrode_s10,phase2/results/predictions/full/mixed/resnet/seed_101/bandpass_n20004_cLA_V6_electrode_s10.npz,76703,e42468071cc4b949a2ae9a7b1ebee37b975a723537f487368fd8c5ecaa5cbbc5
resnet,mixed,101,bandpass_n20004_cLA_V6_electrode_s5,phase2/results/predictions/full/mixed/resnet/seed_101/bandpass_n20004_cLA_V6_electrode_s5.npz,76599,addaff50c2e10ead8bb53a2662d34b8dff81c418a18b5ebdbdbcd8dd81ed2d78
resnet,mixed,101,bandpass_n20004_cLA_V6_electrode_s0,phase2/results/predictions/full/mixed/resnet/seed_101/bandpass_n20004_cLA_V6_electrode_s0.npz,76195,78083339b1e795a85ab2f6a67f35886537253f1148d4f229905d7f3b4fb123f9
resnet,mixed,101,bandpass_n20004_cLA_V6_covariance_s20,phase2/results/predictions/full/mixed/resnet/seed_101/bandpass_n20004_cLA_V6_covariance_s20.npz,76789,ba0aa1afc97d68fee199a33674a410a30f91aa0f4b58760346c8357bb63e9977
resnet,mixed,101,bandpass_n20004_cLA_V6_covariance_s15,phase2/results/predictions/full/mixed/resnet/seed_101/bandpass_n20004_cLA_V6_covariance_s15.npz,76764,ba09eff937c462cabfca080a2dd423a10425eae957fd2f41b1d23a55f8212f3d
resnet,mixed,101,bandpass_n20004_cLA_V6_covariance_s10,phase2/results/predictions/full/mixed/resnet/seed_101/bandpass_n20004_cLA_V6_covariance_s10.npz,76752,ba313d786c10b86230e9e1f936dcee7b766f46e5b062cde6227851e3dab5d5fa
resnet,mixed,101,bandpass_n20004_cLA_V6_covariance_s5,phase2/results/predictions/full/mixed/resnet/seed_101/bandpass_n20004_cLA_V6_covariance_s5.npz,76582,d7f4583b910e5df0c4cbe834cf3d034f8af89fcff0a88a4750f6cc0f3e6fb735
resnet,mixed,101,bandpass_n20004_cLA_V6_covariance_s0,phase2/results/predictions/full/mixed/resnet/seed_101/bandpass_n20004_cLA_V6_covariance_s0.npz,76199,3d387162561d418e974033bd06b66501fbaa50270ad79d08a898a9b97eaaae24
resnet,mixed,101,bandpass_n20004_cLL_V4_independent_rms_s20,phase2/results/predictions/full/mixed/resnet/seed_101/bandpass_n20004_cLL_V4_independent_rms_s20.npz,76778,7ac41ffa89e1371038f4c0dbceca71195c955836d47bbcc2a56fa7c0ad93e761
resnet,mixed,101,bandpass_n20004_cLL_V4_independent_rms_s15,phase2/results/predictions/full/mixed/resnet/seed_101/bandpass_n20004_cLL_V4_independent_rms_s15.npz,76774,f52d3656eebc0d1b2ed9a8a6b315a5e0b2d0d8dab2c16bc16a9b06ceffdc78db
resnet,mixed,101,bandpass_n20004_cLL_V4_independent_rms_s10,phase2/results/predictions/full/mixed/resnet/seed_101/bandpass_n20004_cLL_V4_independent_rms_s10.npz,76725,e4e3e65f3c6427ed4ca702ec54a922058e2bb32a68def94acde65ed5faeaf526
resnet,mixed,101,bandpass_n20004_cLL_V4_independent_rms_s5,phase2/results/predictions/full/mixed/resnet/seed_101/bandpass_n20004_cLL_V4_independent_rms_s5.npz,76670,6ee5ad6e7215a351f48b8c0ba401f5e831e70b7cd6f1ef5d73693a96ff952144
resnet,mixed,101,bandpass_n20004_cLL_V4_independent_rms_s0,phase2/results/predictions/full/mixed/resnet/seed_101/bandpass_n20004_cLL_V4_independent_rms_s0.npz,76369,824a512e0c1e72c82efaddaf98090e0d1a15f6f3191b14e8d25000fa1f2d25a4
resnet,mixed,101,bandpass_n20004_cLL_V4_electrode_s20,phase2/results/predictions/full/mixed/resnet/seed_101/bandpass_n20004_cLL_V4_electrode_s20.npz,76772,f9fc87da0c6c432a7e2674a67531d62e1e9ad20e1ea6fe8da96a4cd36b8a2845
resnet,mixed,101,bandpass_n20004_cLL_V4_electrode_s15,phase2/results/predictions/full/mixed/resnet/seed_101/bandpass_n20004_cLL_V4_electrode_s15.npz,76747,352b92287ba7c62de2d02182e000ca5df1171ad0c48590731e56276bb42a33e5
resnet,mixed,101,bandpass_n20004_cLL_V4_electrode_s10,phase2/results/predictions/full/mixed/resnet/seed_101/bandpass_n20004_cLL_V4_electrode_s10.npz,76746,cb9db898ffe5614f105d8b8389f3be7307495c0269e76f39be1e851c3c4bb129
resnet,mixed,101,bandpass_n20004_cLL_V4_electrode_s5,phase2/results/predictions/full/mixed/resnet/seed_101/bandpass_n20004_cLL_V4_electrode_s5.npz,76470,60a0df70481dd7b35c874f142cdfc106f9fb3725c5b64b91e69e2738af3985e6
resnet,mixed,101,bandpass_n20004_cLL_V4_electrode_s0,phase2/results/predictions/full/mixed/resnet/seed_101/bandpass_n20004_cLL_V4_electrode_s0.npz,76106,f574150b60d3261f7578054bdd16ea47e066af7c4bb1cfddd024871890dea9ef
resnet,mixed,101,bandpass_n20004_cLL_V4_covariance_s20,phase2/results/predictions/full/mixed/resnet/seed_101/bandpass_n20004_cLL_V4_covariance_s20.npz,76749,3ba9ad5e6db9d6e1a9c0e0c26fff736639169d69ab74ef7728802ae9a77791b0
resnet,mixed,101,bandpass_n20004_cLL_V4_covariance_s15,phase2/results/predictions/full/mixed/resnet/seed_101/bandpass_n20004_cLL_V4_covariance_s15.npz,76760,ec523564dc158faffeca2e8518bc5fd72ba9f56330d567a3179688b08924bd83
resnet,mixed,101,bandpass_n20004_cLL_V4_covariance_s10,phase2/results/predictions/full/mixed/resnet/seed_101/bandpass_n20004_cLL_V4_covariance_s10.npz,76726,a4f0948b66100104d5c9160537bcbac20a18a40b20891af1d07a84b00ccab43d
resnet,mixed,101,bandpass_n20004_cLL_V4_covariance_s5,phase2/results/predictions/full/mixed/resnet/seed_101/bandpass_n20004_cLL_V4_covariance_s5.npz,76459,f32971743c37184e1f20aa3cb802016f0fe5e515f375769b085b7b5f0389d204
resnet,mixed,101,bandpass_n20004_cLL_V4_covariance_s0,phase2/results/predictions/full/mixed/resnet/seed_101/bandpass_n20004_cLL_V4_covariance_s0.npz,76087,e40c6b639ebab5c8ce3db89782be83ca3ee55a4684a69c3300aa5a4293d2ed02
resnet,mixed,101,bandpass_n20004_cRA_LA_V1_V6_independent_rms_s20,phase2/results/predictions/full/mixed/resnet/seed_101/bandpass_n20004_cRA_LA_V1_V6_independent_rms_s20.npz,76770,e7967b6b4aa438f1db53e86f352a873254717a760ca326fd51d0959b5653c16b
resnet,mixed,101,bandpass_n20004_cRA_LA_V1_V6_independent_rms_s15,phase2/results/predictions/full/mixed/resnet/seed_101/bandpass_n20004_cRA_LA_V1_V6_independent_rms_s15.npz,76790,a03d1433ea85d23c142416c49164477a06adb34f065f1299e9ad56908bd14dd3
resnet,mixed,101,bandpass_n20004_cRA_LA_V1_V6_independent_rms_s10,phase2/results/predictions/full/mixed/resnet/seed_101/bandpass_n20004_cRA_LA_V1_V6_independent_rms_s10.npz,76771,3af7c8f9ca138e614893150d68826f8c9a88d19c3eb847ce78bcc068cf6c2796
resnet,mixed,101,bandpass_n20004_cRA_LA_V1_V6_independent_rms_s5,phase2/results/predictions/full/mixed/resnet/seed_101/bandpass_n20004_cRA_LA_V1_V6_independent_rms_s5.npz,76690,03e6039a790d0f326cf6f7e26bcffaaa0e35033a71e5c25f0c5766c004e98019
resnet,mixed,101,bandpass_n20004_cRA_LA_V1_V6_independent_rms_s0,phase2/results/predictions/full/mixed/resnet/seed_101/bandpass_n20004_cRA_LA_V1_V6_independent_rms_s0.npz,76424,17c8ff6015f7c37ce0fbda871e549140da80c5074d6df1556ce14f152fc04c1f
resnet,mixed,101,bandpass_n20004_cRA_LA_V1_V6_electrode_s20,phase2/results/predictions/full/mixed/resnet/seed_101/bandpass_n20004_cRA_LA_V1_V6_electrode_s20.npz,76774,deea55b886e41052a34ac12e74526b728ef642d3f82a4c135bd1a319f07e7290
resnet,mixed,101,bandpass_n20004_cRA_LA_V1_V6_electrode_s15,phase2/results/predictions/full/mixed/resnet/seed_101/bandpass_n20004_cRA_LA_V1_V6_electrode_s15.npz,76797,9dd6b696acb734b183d55be0f3ab7a2ff265552ad1a447dfd57d44d01ac7d1af
resnet,mixed,101,bandpass_n20004_cRA_LA_V1_V6_electrode_s10,phase2/results/predictions/full/mixed/resnet/seed_101/bandpass_n20004_cRA_LA_V1_V6_electrode_s10.npz,76714,ca33c3a7c724096f130190d84dcd43e74b8f0be6fd3d14ef471cf99ba684ce95
resnet,mixed,101,bandpass_n20004_cRA_LA_V1_V6_electrode_s5,phase2/results/predictions/full/mixed/resnet/seed_101/bandpass_n20004_cRA_LA_V1_V6_electrode_s5.npz,76590,4610695eb5a0a4576c78195a108d196f53209a9b94acde9effe598799113f52d
resnet,mixed,101,bandpass_n20004_cRA_LA_V1_V6_electrode_s0,phase2/results/predictions/full/mixed/resnet/seed_101/bandpass_n20004_cRA_LA_V1_V6_electrode_s0.npz,76258,ef3d1528d6fded5707e800df4b208c3788f1495b274e2105ed075a5c031143f0
resnet,mixed,101,bandpass_n20004_cRA_LA_V1_V6_covariance_s20,phase2/results/predictions/full/mixed/resnet/seed_101/bandpass_n20004_cRA_LA_V1_V6_covariance_s20.npz,76795,9baa546fe5125714a60443a5f2a45dc57716f353f7f411147d7fbb06442f5b5c
resnet,mixed,101,bandpass_n20004_cRA_LA_V1_V6_covariance_s15,phase2/results/predictions/full/mixed/resnet/seed_101/bandpass_n20004_cRA_LA_V1_V6_covariance_s15.npz,76717,57fe120529a701a538ff30a8f4e4c92e9f98fe0b0405a79780dbd53a14543ecc
resnet,mixed,101,bandpass_n20004_cRA_LA_V1_V6_covariance_s10,phase2/results/predictions/full/mixed/resnet/seed_101/bandpass_n20004_cRA_LA_V1_V6_covariance_s10.npz,76723,52fd52ea23a12df305ad3600b520c3da912b2a58d0766bf5456b4379985e6462
resnet,mixed,101,bandpass_n20004_cRA_LA_V1_V6_covariance_s5,phase2/results/predictions/full/mixed/resnet/seed_101/bandpass_n20004_cRA_LA_V1_V6_covariance_s5.npz,76579,027b9c776da7dd532e2b328f727dca1c196d94f65465a4ae8b2b8bb7d33fe3bf
resnet,mixed,101,bandpass_n20004_cRA_LA_V1_V6_covariance_s0,phase2/results/predictions/full/mixed/resnet/seed_101/bandpass_n20004_cRA_LA_V1_V6_covariance_s0.npz,76284,015cff2e13caaccb5a9ac0f800dbb1ef2f672879a02ee827aa20132e780edbc3
resnet,mixed,101,bandpass_n20004_cRA_V2_V5_independent_rms_s20,phase2/results/predictions/full/mixed/resnet/seed_101/bandpass_n20004_cRA_V2_V5_independent_rms_s20.npz,76774,2b6a2e3d0947cde434f0964836c5be05c78f3ef791c0da2fc73710c1cbcf5821
resnet,mixed,101,bandpass_n20004_cRA_V2_V5_independent_rms_s15,phase2/results/predictions/full/mixed/resnet/seed_101/bandpass_n20004_cRA_V2_V5_independent_rms_s15.npz,76796,fedca4a1f2ed1250ce9db2ceff8ebe861b9448a28afa8a2ca9ce986dfdf28f6b
resnet,mixed,101,bandpass_n20004_cRA_V2_V5_independent_rms_s10,phase2/results/predictions/full/mixed/resnet/seed_101/bandpass_n20004_cRA_V2_V5_independent_rms_s10.npz,76789,1e3e2763f3debaa5c7ee59368019c0094f68d7311cb4576a1d8c00947fe3f743
resnet,mixed,101,bandpass_n20004_cRA_V2_V5_independent_rms_s5,phase2/results/predictions/full/mixed/resnet/seed_101/bandpass_n20004_cRA_V2_V5_independent_rms_s5.npz,76709,1c0afa1336542d95cf1f3cbe8ee74771a9dc3dc90caac70560645fef84334f64
resnet,mixed,101,bandpass_n20004_cRA_V2_V5_independent_rms_s0,phase2/results/predictions/full/mixed/resnet/seed_101/bandpass_n20004_cRA_V2_V5_independent_rms_s0.npz,76433,971ac6b6c17b5cad5ab019bce7b5bb540c8d665484c1cc669580d468209e6561
resnet,mixed,101,bandpass_n20004_cRA_V2_V5_electrode_s20,phase2/results/predictions/full/mixed/resnet/seed_101/bandpass_n20004_cRA_V2_V5_electrode_s20.npz,76770,ebc45482befdb41ff262bd528c8c03922ee22236f1a0133fcd699fe9fe7fab64
resnet,mixed,101,bandpass_n20004_cRA_V2_V5_electrode_s15,phase2/results/predictions/full/mixed/resnet/seed_101/bandpass_n20004_cRA_V2_V5_electrode_s15.npz,76783,c01401e47bee334439a9e37a7d61bcc77de20efbc174aaa56b639f0471ef151f
resnet,mixed,101,bandpass_n20004_cRA_V2_V5_electrode_s10,phase2/results/predictions/full/mixed/resnet/seed_101/bandpass_n20004_cRA_V2_V5_electrode_s10.npz,76700,607f4b746b54ac9bf6f864c934dc38b1d5d1792a2841dac218331722a7a7c0fd
resnet,mixed,101,bandpass_n20004_cRA_V2_V5_electrode_s5,phase2/results/predictions/full/mixed/resnet/seed_101/bandpass_n20004_cRA_V2_V5_electrode_s5.npz,76618,b7d00af244b69bb340f9b4e1f2a0dfe71d2fe1e6ee7a1686134b19515337a8b2
resnet,mixed,101,bandpass_n20004_cRA_V2_V5_electrode_s0,phase2/results/predictions/full/mixed/resnet/seed_101/bandpass_n20004_cRA_V2_V5_electrode_s0.npz,76355,625173b4b8ed3f63e027409cb6f7adc75c15fbb4af91f48406300ca4629b86c9
resnet,mixed,101,bandpass_n20004_cRA_V2_V5_covariance_s20,phase2/results/predictions/full/mixed/resnet/seed_101/bandpass_n20004_cRA_V2_V5_covariance_s20.npz,76787,eb309b4818b1605bb560d1c18c18765e023c748cebc2616404a01e1f4a3de25e
resnet,mixed,101,bandpass_n20004_cRA_V2_V5_covariance_s15,phase2/results/predictions/full/mixed/resnet/seed_101/bandpass_n20004_cRA_V2_V5_covariance_s15.npz,76771,45319f47486580297b84cedc5e57e4245f9081a96da7def0a68484c55f9c5089
resnet,mixed,101,bandpass_n20004_cRA_V2_V5_covariance_s10,phase2/results/predictions/full/mixed/resnet/seed_101/bandpass_n20004_cRA_V2_V5_covariance_s10.npz,76744,41557cd2942f809d5aab884dcbd5594e1ad622b5262c177a0b25fd44a9a5fd5c
resnet,mixed,101,bandpass_n20004_cRA_V2_V5_covariance_s5,phase2/results/predictions/full/mixed/resnet/seed_101/bandpass_n20004_cRA_V2_V5_covariance_s5.npz,76663,12355048a4de6e41d763d2d65578649f36a2d5ae6853d30788a70ee70bbb6fc1
resnet,mixed,101,bandpass_n20004_cRA_V2_V5_covariance_s0,phase2/results/predictions/full/mixed/resnet/seed_101/bandpass_n20004_cRA_V2_V5_covariance_s0.npz,76369,8faed12613b83228a91fcbc82443cabc45ecea9925980513fb79b6a6be71a154
resnet,mixed,101,bandpass_n20004_cLA_V3_V6_independent_rms_s20,phase2/results/predictions/full/mixed/resnet/seed_101/bandpass_n20004_cLA_V3_V6_independent_rms_s20.npz,76778,e4e99ec51f552004bc2a6bc0767c0faf36d4cd34cc422c83e55f93917f9eb7db
resnet,mixed,101,bandpass_n20004_cLA_V3_V6_independent_rms_s15,phase2/results/predictions/full/mixed/resnet/seed_101/bandpass_n20004_cLA_V3_V6_independent_rms_s15.npz,76806,1cb6eb8c7512d69c67a4538d017be1337d505d6eb23af6c6a418939ba01dd18b
resnet,mixed,101,bandpass_n20004_cLA_V3_V6_independent_rms_s10,phase2/results/predictions/full/mixed/resnet/seed_101/bandpass_n20004_cLA_V3_V6_independent_rms_s10.npz,76773,0b81a9f898cf67b72def2c554da6705b7ada6f032c7c59a007fab0e3ea69f44d
resnet,mixed,101,bandpass_n20004_cLA_V3_V6_independent_rms_s5,phase2/results/predictions/full/mixed/resnet/seed_101/bandpass_n20004_cLA_V3_V6_independent_rms_s5.npz,76713,0057c9662481f8e4849b8ceb76e005fd38e55161308d5a1db23293c56f2721ae
resnet,mixed,101,bandpass_n20004_cLA_V3_V6_independent_rms_s0,phase2/results/predictions/full/mixed/resnet/seed_101/bandpass_n20004_cLA_V3_V6_independent_rms_s0.npz,76456,c8a0e145fed366e150b8574032d5591e2e8076de0c643807cd76f90421af649c
resnet,mixed,101,bandpass_n20004_cLA_V3_V6_electrode_s20,phase2/results/predictions/full/mixed/resnet/seed_101/bandpass_n20004_cLA_V3_V6_electrode_s20.npz,76764,9e538cb7b62f1bb3cd8b9d68b0b1f39fca4fd1242b5531ce3d4b0e8f52900e32
resnet,mixed,101,bandpass_n20004_cLA_V3_V6_electrode_s15,phase2/results/predictions/full/mixed/resnet/seed_101/bandpass_n20004_cLA_V3_V6_electrode_s15.npz,76782,e74fb70861349814c9d698a5531e80b1f6ae37e9fa564b3c09c6ca5882374080
resnet,mixed,101,bandpass_n20004_cLA_V3_V6_electrode_s10,phase2/results/predictions/full/mixed/resnet/seed_101/bandpass_n20004_cLA_V3_V6_electrode_s10.npz,76761,2e3d99d558e164f8fbc8e70d5cc61157647459992ab8cf42e1b66fa0ae60637a
resnet,mixed,101,bandpass_n20004_cLA_V3_V6_electrode_s5,phase2/results/predictions/full/mixed/resnet/seed_101/bandpass_n20004_cLA_V3_V6_electrode_s5.npz,76625,1f0845e6d28b3c730aec9bc3fef26d16bd60d34a72df53075ec334d429bf6562
resnet,mixed,101,bandpass_n20004_cLA_V3_V6_electrode_s0,phase2/results/predictions/full/mixed/resnet/seed_101/bandpass_n20004_cLA_V3_V6_electrode_s0.npz,76188,c9fdd3d530687129d7fc94bc17863e4a6f48ffa4a751c4294e2156ec25033831
resnet,mixed,101,bandpass_n20004_cLA_V3_V6_covariance_s20,phase2/results/predictions/full/mixed/resnet/seed_101/bandpass_n20004_cLA_V3_V6_covariance_s20.npz,76765,323ee58f6ca46018ac804b00625d33369b11705c63379afa2c176641018393fa
resnet,mixed,101,bandpass_n20004_cLA_V3_V6_covariance_s15,phase2/results/predictions/full/mixed/resnet/seed_101/bandpass_n20004_cLA_V3_V6_covariance_s15.npz,76788,c7009078d49b18b6bba2283eac5b747794308884654b6f1349028e029588e2c6
resnet,mixed,101,bandpass_n20004_cLA_V3_V6_covariance_s10,phase2/results/predictions/full/mixed/resnet/seed_101/bandpass_n20004_cLA_V3_V6_covariance_s10.npz,76730,55f2840c30eb1f8ba41a30d3006fb1c86b5d6a3dd2d13ee76a034fe018580deb
resnet,mixed,101,bandpass_n20004_cLA_V3_V6_covariance_s5,phase2/results/predictions/full/mixed/resnet/seed_101/bandpass_n20004_cLA_V3_V6_covariance_s5.npz,76599,d0aea666fd25d88b06a1578199cf3911a1286d5269f772d30625e6e7551b9db9
resnet,mixed,101,bandpass_n20004_cLA_V3_V6_covariance_s0,phase2/results/predictions/full/mixed/resnet/seed_101/bandpass_n20004_cLA_V3_V6_covariance_s0.npz,76256,401f1d706cb4197b4f939490d5931fcf658b9e0f95cc901eb79f983327ffeb45
resnet,mixed,101,bandpass_n20004_cLL_V1_V4_independent_rms_s20,phase2/results/predictions/full/mixed/resnet/seed_101/bandpass_n20004_cLL_V1_V4_independent_rms_s20.npz,76780,fefa07459cf6e3fad7024e6a44fb71a40dc5426bdeb247eba2dda99b93ca4f09
resnet,mixed,101,bandpass_n20004_cLL_V1_V4_independent_rms_s15,phase2/results/predictions/full/mixed/resnet/seed_101/bandpass_n20004_cLL_V1_V4_independent_rms_s15.npz,76765,ebe7144d617c509e546cb77f4d2dd98967ebc71bf892a2fd621c2cef5bb39079
resnet,mixed,101,bandpass_n20004_cLL_V1_V4_independent_rms_s10,phase2/results/predictions/full/mixed/resnet/seed_101/bandpass_n20004_cLL_V1_V4_independent_rms_s10.npz,76734,9d74f144981d4c0343583e6e0881ace246f0103e113c325fff0d96cf880cb004
resnet,mixed,101,bandpass_n20004_cLL_V1_V4_independent_rms_s5,phase2/results/predictions/full/mixed/resnet/seed_101/bandpass_n20004_cLL_V1_V4_independent_rms_s5.npz,76657,eec34a8b4552c99ba95bc5beda5bfc9db1e181234970a74bcd6a5807e251df7b
resnet,mixed,101,bandpass_n20004_cLL_V1_V4_independent_rms_s0,phase2/results/predictions/full/mixed/resnet/seed_101/bandpass_n20004_cLL_V1_V4_independent_rms_s0.npz,76299,0d3349d2f4748a9343509a624a6a5873fc18f67617f6498f816c02cc80ab171f
resnet,mixed,101,bandpass_n20004_cLL_V1_V4_electrode_s20,phase2/results/predictions/full/mixed/resnet/seed_101/bandpass_n20004_cLL_V1_V4_electrode_s20.npz,76775,0430391e2afbdf29e3b26f576df036f7dd29d6bd530094522232d1fc4e32accb
resnet,mixed,101,bandpass_n20004_cLL_V1_V4_electrode_s15,phase2/results/predictions/full/mixed/resnet/seed_101/bandpass_n20004_cLL_V1_V4_electrode_s15.npz,76737,e771ffe2acadb4b6a7445db4e4cca7b129a085178c6f17baca19096ee6e233a4
resnet,mixed,101,bandpass_n20004_cLL_V1_V4_electrode_s10,phase2/results/predictions/full/mixed/resnet/seed_101/bandpass_n20004_cLL_V1_V4_electrode_s10.npz,76697,54ac8f722d15d724f5709367bf90557f576f0e932b0c3853fc1a355ade7ccac3
resnet,mixed,101,bandpass_n20004_cLL_V1_V4_electrode_s5,phase2/results/predictions/full/mixed/resnet/seed_101/bandpass_n20004_cLL_V1_V4_electrode_s5.npz,76477,41e3d9a779ec7e5b09f80bf6070a8f7b60846fd5d44d272d2f4a5ae9c057e575
resnet,mixed,101,bandpass_n20004_cLL_V1_V4_electrode_s0,phase2/results/predictions/full/mixed/resnet/seed_101/bandpass_n20004_cLL_V1_V4_electrode_s0.npz,76103,76ebcda6096d1c4c327a391580a99bf8cb4e8f87949cdf6acf440eefff59d33c
resnet,mixed,101,bandpass_n20004_cLL_V1_V4_covariance_s20,phase2/results/predictions/full/mixed/resnet/seed_101/bandpass_n20004_cLL_V1_V4_covariance_s20.npz,76762,13a2cec12922750f2e07ada05fc95428766a5c2abb1065ef50ded47c06467887
resnet,mixed,101,bandpass_n20004_cLL_V1_V4_covariance_s15,phase2/results/predictions/full/mixed/resnet/seed_101/bandpass_n20004_cLL_V1_V4_covariance_s15.npz,76752,f1d27cd66d1d5580b49d44e146309e930bd151fe485a321fd529541778f7b225
resnet,mixed,101,bandpass_n20004_cLL_V1_V4_covariance_s10,phase2/results/predictions/full/mixed/resnet/seed_101/bandpass_n20004_cLL_V1_V4_covariance_s10.npz,76679,c913d2f9c3e6c863d8fd865bade6dd310af6af7c3281538a3580e6ffe8f45626
resnet,mixed,101,bandpass_n20004_cLL_V1_V4_covariance_s5,phase2/results/predictions/full/mixed/resnet/seed_101/bandpass_n20004_cLL_V1_V4_covariance_s5.npz,76497,ebce99904121cc23d036e299be84af79dc3dde4d43e3478d97c2ff5a3dc4d537
resnet,mixed,101,bandpass_n20004_cLL_V1_V4_covariance_s0,phase2/results/predictions/full/mixed/resnet/seed_101/bandpass_n20004_cLL_V1_V4_covariance_s0.npz,76069,b2b07236546eac2d9598b4efc654a50465e54e187a1b009b2369b941d1c5a231
resnet,mixed,101,bandpass_n20004_call_independent_rms_s20,phase2/results/predictions/full/mixed/resnet/seed_101/bandpass_n20004_call_independent_rms_s20.npz,76769,bb1c301b83d7dc02a50f172496a6a4f2ebefcaf39ef061c7b988dfa031a0110c
resnet,mixed,101,bandpass_n20004_call_independent_rms_s15,phase2/results/predictions/full/mixed/resnet/seed_101/bandpass_n20004_call_independent_rms_s15.npz,76767,edb794cf21f9cff62d09ace7a12b8df74eb595129581c84d3af6316fc5212254
resnet,mixed,101,bandpass_n20004_call_independent_rms_s10,phase2/results/predictions/full/mixed/resnet/seed_101/bandpass_n20004_call_independent_rms_s10.npz,76722,02de06fb4f1ee54f089ee9f38c9cde43a5c1dee507f5df12be87b79ea1c9a226
resnet,mixed,101,bandpass_n20004_call_independent_rms_s5,phase2/results/predictions/full/mixed/resnet/seed_101/bandpass_n20004_call_independent_rms_s5.npz,76683,f9a0372b2d3b05df926e79654755996f70b2e28a9a1e9c078464c2f09daf10dd
resnet,mixed,101,bandpass_n20004_call_independent_rms_s0,phase2/results/predictions/full/mixed/resnet/seed_101/bandpass_n20004_call_independent_rms_s0.npz,76328,3a75f70b1c4aecbccf2108fd7587bf9f871d256ef7f612e9a4bc143f13963284
resnet,mixed,101,bandpass_n20004_call_electrode_s20,phase2/results/predictions/full/mixed/resnet/seed_101/bandpass_n20004_call_electrode_s20.npz,76694,20d8dec12f602957ebf3a2bcc06172d9d482cbf9c1a206b74bcc7752a3da37be
resnet,mixed,101,bandpass_n20004_call_electrode_s15,phase2/results/predictions/full/mixed/resnet/seed_101/bandpass_n20004_call_electrode_s15.npz,76738,ebc0293e23ee0b42074d9b2263cd6e43e12f13acccb4ecc3721780b64b16cefe
resnet,mixed,101,bandpass_n20004_call_electrode_s10,phase2/results/predictions/full/mixed/resnet/seed_101/bandpass_n20004_call_electrode_s10.npz,76715,80b4c0af595b991750e5fae558cdfcc49a0bebc182ab1eb8143426eacd9a55cb
resnet,mixed,101,bandpass_n20004_call_electrode_s5,phase2/results/predictions/full/mixed/resnet/seed_101/bandpass_n20004_call_electrode_s5.npz,76512,69d9d4fa9603228f6a864ff7e4c268c1119fab4d69ad4058471bd6bcb5b3e7c8
resnet,mixed,101,bandpass_n20004_call_electrode_s0,phase2/results/predictions/full/mixed/resnet/seed_101/bandpass_n20004_call_electrode_s0.npz,76162,a0f3777e5660bb06469aa808a0d12035892f2d324f10b5b7edde5d84939db726
resnet,mixed,101,bandpass_n20004_call_covariance_s20,phase2/results/predictions/full/mixed/resnet/seed_101/bandpass_n20004_call_covariance_s20.npz,76767,718d9e04741d8e62000c1df202dcea2f414838ca987b82e2057ded6641d29474
resnet,mixed,101,bandpass_n20004_call_covariance_s15,phase2/results/predictions/full/mixed/resnet/seed_101/bandpass_n20004_call_covariance_s15.npz,76738,b876f4e4463c0c4cc0fbad5e37663f34cf60498a25b1058aff56768c33a2325c
resnet,mixed,101,bandpass_n20004_call_covariance_s10,phase2/results/predictions/full/mixed/resnet/seed_101/bandpass_n20004_call_covariance_s10.npz,76708,a7bf38b2962ad5f7451f0ec1f46110a4b759e6b0761e0dde3fc330e16b9f174a
resnet,mixed,101,bandpass_n20004_call_covariance_s5,phase2/results/predictions/full/mixed/resnet/seed_101/bandpass_n20004_call_covariance_s5.npz,76576,da76e3e9eab9b9303f15bef10180256cbf03133b9a8780d1f5641929c4fa7877
resnet,mixed,101,bandpass_n20004_call_covariance_s0,phase2/results/predictions/full/mixed/resnet/seed_101/bandpass_n20004_call_covariance_s0.npz,76143,ecdaa099308527e20779c11a5f91d5b0bf74fca064cd1da0edefa93c3d77b353
resnet,mixed,101,bandpass_n20005_cRA_LA_LL_independent_rms_s20,phase2/results/predictions/full/mixed/resnet/seed_101/bandpass_n20005_cRA_LA_LL_independent_rms_s20.npz,76766,ca87510b17699777b77c7d0a5112c258529e1b7e6b24fa5b67ccf85116f4c898
resnet,mixed,101,bandpass_n20005_cRA_LA_LL_independent_rms_s15,phase2/results/predictions/full/mixed/resnet/seed_101/bandpass_n20005_cRA_LA_LL_independent_rms_s15.npz,76763,4decadd8aa9777534378fe757075afa2a83ec8a2741c52367bf59db8151fdfba
resnet,mixed,101,bandpass_n20005_cRA_LA_LL_independent_rms_s10,phase2/results/predictions/full/mixed/resnet/seed_101/bandpass_n20005_cRA_LA_LL_independent_rms_s10.npz,76740,995d96128ce3fac40b21a638d227ea10f3c60ca1da8cea7529035a93a4f727c3
resnet,mixed,101,bandpass_n20005_cRA_LA_LL_independent_rms_s5,phase2/results/predictions/full/mixed/resnet/seed_101/bandpass_n20005_cRA_LA_LL_independent_rms_s5.npz,76656,458a2072ea000863e14906ffe4de8285ac9edec20adf3b403c867c48deba1914
resnet,mixed,101,bandpass_n20005_cRA_LA_LL_independent_rms_s0,phase2/results/predictions/full/mixed/resnet/seed_101/bandpass_n20005_cRA_LA_LL_independent_rms_s0.npz,76352,960a31fdca7db371cfff9c0165092e84cb17694a1b70f97d4ecc2aa7de60f1f1
resnet,mixed,101,bandpass_n20005_cRA_LA_LL_electrode_s20,phase2/results/predictions/full/mixed/resnet/seed_101/bandpass_n20005_cRA_LA_LL_electrode_s20.npz,76756,c0f5333301c75dd46cd7de22575b80bf9bd69e79feb65ba9e5100986b49ed7e3
resnet,mixed,101,bandpass_n20005_cRA_LA_LL_electrode_s15,phase2/results/predictions/full/mixed/resnet/seed_101/bandpass_n20005_cRA_LA_LL_electrode_s15.npz,76764,2d34fe57c239f6d239c246717457c8a3ed0d33a3b093403a7d7dae8ede509b8f
resnet,mixed,101,bandpass_n20005_cRA_LA_LL_electrode_s10,phase2/results/predictions/full/mixed/resnet/seed_101/bandpass_n20005_cRA_LA_LL_electrode_s10.npz,76708,62284c3d83e50826b518ec5f281d3439173df8b3799a914a3e062a5f6c63e26f
resnet,mixed,101,bandpass_n20005_cRA_LA_LL_electrode_s5,phase2/results/predictions/full/mixed/resnet/seed_101/bandpass_n20005_cRA_LA_LL_electrode_s5.npz,76489,ff39642233a92b18c19383e7b14a9f5fbd035156af3ac7ab0bb328256ba6301c
resnet,mixed,101,bandpass_n20005_cRA_LA_LL_electrode_s0,phase2/results/predictions/full/mixed/resnet/seed_101/bandpass_n20005_cRA_LA_LL_electrode_s0.npz,76134,5b243d68ab7554fa28ad4a80c0b2631deaba23541d35ed697d8073607239f474
resnet,mixed,101,bandpass_n20005_cRA_LA_LL_covariance_s20,phase2/results/predictions/full/mixed/resnet/seed_101/bandpass_n20005_cRA_LA_LL_covariance_s20.npz,76750,f79ca9292b8c9941ffd725f01a295dda5bb9cf851c0e04caf2fefbcba75ab6a2
resnet,mixed,101,bandpass_n20005_cRA_LA_LL_covariance_s15,phase2/results/predictions/full/mixed/resnet/seed_101/bandpass_n20005_cRA_LA_LL_covariance_s15.npz,76780,2891b5b44ec503fa1d8fbc1477fa1ff998cf9fe45295f8354f799edf2b4b4b08
resnet,mixed,101,bandpass_n20005_cRA_LA_LL_covariance_s10,phase2/results/predictions/full/mixed/resnet/seed_101/bandpass_n20005_cRA_LA_LL_covariance_s10.npz,76719,d7f5e8f9ef1d527eaf99531f15d13201af14eee5d3faaaed6e6ca3605484ba3e
resnet,mixed,101,bandpass_n20005_cRA_LA_LL_covariance_s5,phase2/results/predictions/full/mixed/resnet/seed_101/bandpass_n20005_cRA_LA_LL_covariance_s5.npz,76543,e914ca9ba13267420d7545878f9c18a71bf543581a322ce73049e5e2d3e95209
resnet,mixed,101,bandpass_n20005_cRA_LA_LL_covariance_s0,phase2/results/predictions/full/mixed/resnet/seed_101/bandpass_n20005_cRA_LA_LL_covariance_s0.npz,76115,335be1c6d4b7640f850f95ff04c60b05e0fb2fef17f594f0c619bae8704dd0fe
resnet,mixed,101,bandpass_n20005_cV1_independent_rms_s20,phase2/results/predictions/full/mixed/resnet/seed_101/bandpass_n20005_cV1_independent_rms_s20.npz,76776,b99fd33c11bcb62c60fefc92247c877cdd76d73cd75391ba8b7169cbfec12055
resnet,mixed,101,bandpass_n20005_cV1_independent_rms_s15,phase2/results/predictions/full/mixed/resnet/seed_101/bandpass_n20005_cV1_independent_rms_s15.npz,76783,f7ae952eb4224dea5034cd58ad2abfab930fbe13793abcebda5fc0417c69f89e
resnet,mixed,101,bandpass_n20005_cV1_independent_rms_s10,phase2/results/predictions/full/mixed/resnet/seed_101/bandpass_n20005_cV1_independent_rms_s10.npz,76708,0e165f4d92f0938d1ee7aa5e5dc6762a9fa43107b026e245f699d3f0cd3589c4
resnet,mixed,101,bandpass_n20005_cV1_independent_rms_s5,phase2/results/predictions/full/mixed/resnet/seed_101/bandpass_n20005_cV1_independent_rms_s5.npz,76577,6ba3b63415d57262a038b826cdf99edd8cc9fbbff1d8d798843be2e83c05378e
resnet,mixed,101,bandpass_n20005_cV1_independent_rms_s0,phase2/results/predictions/full/mixed/resnet/seed_101/bandpass_n20005_cV1_independent_rms_s0.npz,76205,37a7a6fce451814d4a26fdc55035811b78b9a7aeb9234e961ff560a7e24dcfb5
resnet,mixed,101,bandpass_n20005_cV1_electrode_s20,phase2/results/predictions/full/mixed/resnet/seed_101/bandpass_n20005_cV1_electrode_s20.npz,76738,ddfc49984964affd36278e51f0e11ff52cf8de890d7a9eadccbadf4a1a782cce
resnet,mixed,101,bandpass_n20005_cV1_electrode_s15,phase2/results/predictions/full/mixed/resnet/seed_101/bandpass_n20005_cV1_electrode_s15.npz,76734,1c609037dbf90b4878b9cd741adbf8136eb700749f0fc0f1c02dcfbb1ce47f21
resnet,mixed,101,bandpass_n20005_cV1_electrode_s10,phase2/results/predictions/full/mixed/resnet/seed_101/bandpass_n20005_cV1_electrode_s10.npz,76718,f6a43ab7b5c2d50fed54104e0579177bf285a6e6a6a10ef8dbe0a86dc670714c
resnet,mixed,101,bandpass_n20005_cV1_electrode_s5,phase2/results/predictions/full/mixed/resnet/seed_101/bandpass_n20005_cV1_electrode_s5.npz,76577,2ac1a893759dc1802199c8440fe204528e9c4a4c6a09f73fc106215e02032346
resnet,mixed,101,bandpass_n20005_cV1_electrode_s0,phase2/results/predictions/full/mixed/resnet/seed_101/bandpass_n20005_cV1_electrode_s0.npz,76184,440c79297c95e2fe7558494c5c4f3870ff7d2639e6ed8877483c7fc758eec7b0
resnet,mixed,101,bandpass_n20005_cV1_covariance_s20,phase2/results/predictions/full/mixed/resnet/seed_101/bandpass_n20005_cV1_covariance_s20.npz,76760,a09596d19a16dbc9723af1497d155b46dc405498d067e1a57101d6ca5fe4028e
resnet,mixed,101,bandpass_n20005_cV1_covariance_s15,phase2/results/predictions/full/mixed/resnet/seed_101/bandpass_n20005_cV1_covariance_s15.npz,76737,5705ae6e278a00fec141ac928fbbe6f840ccefb057b5780f4b9e673c76d9f821
resnet,mixed,101,bandpass_n20005_cV1_covariance_s10,phase2/results/predictions/full/mixed/resnet/seed_101/bandpass_n20005_cV1_covariance_s10.npz,76707,011ad35c2223f5609955825baf5a3b4cb2ef65b81932a2ae0185a627656e2b60
resnet,mixed,101,bandpass_n20005_cV1_covariance_s5,phase2/results/predictions/full/mixed/resnet/seed_101/bandpass_n20005_cV1_covariance_s5.npz,76607,aac1593c11bac1b48131998a903d99d16e558f27b5448fe4fafdbaddc62931e9
resnet,mixed,101,bandpass_n20005_cV1_covariance_s0,phase2/results/predictions/full/mixed/resnet/seed_101/bandpass_n20005_cV1_covariance_s0.npz,76169,e1a69a03059a853cee9690c291c1a6b276654de5d8d79264cf17b33bf5565ef4
resnet,mixed,101,bandpass_n20005_cV2_independent_rms_s20,phase2/results/predictions/full/mixed/resnet/seed_101/bandpass_n20005_cV2_independent_rms_s20.npz,76751,4e5b4ff0a9297d60fc4190f2eb961c748754ad4a83fb77402a04b4489730ee6d
resnet,mixed,101,bandpass_n20005_cV2_independent_rms_s15,phase2/results/predictions/full/mixed/resnet/seed_101/bandpass_n20005_cV2_independent_rms_s15.npz,76781,9fa194b9dc9c298e9c6a80caf521b8ce5079dcbd6f0a5b44a6f596ebe9382dbd
resnet,mixed,101,bandpass_n20005_cV2_independent_rms_s10,phase2/results/predictions/full/mixed/resnet/seed_101/bandpass_n20005_cV2_independent_rms_s10.npz,76766,ebd89e01072d261b2bb5540d1b525b4dc435b3038e242b8f8cff2db39ff891b9
resnet,mixed,101,bandpass_n20005_cV2_independent_rms_s5,phase2/results/predictions/full/mixed/resnet/seed_101/bandpass_n20005_cV2_independent_rms_s5.npz,76680,2d09be07fe159dfe96357895f7f38986ba36e03ac8fda6266dec606a8b572365
resnet,mixed,101,bandpass_n20005_cV2_independent_rms_s0,phase2/results/predictions/full/mixed/resnet/seed_101/bandpass_n20005_cV2_independent_rms_s0.npz,76271,e59d012699472238907574d10e6ba7f8e8df3e652da1098a9b0516070906d87f
resnet,mixed,101,bandpass_n20005_cV2_electrode_s20,phase2/results/predictions/full/mixed/resnet/seed_101/bandpass_n20005_cV2_electrode_s20.npz,76760,68f9fb68c44c05a6f8a658efadea9fe523d6a1fe0ebb93464e1304bd2b3b9e74
resnet,mixed,101,bandpass_n20005_cV2_electrode_s15,phase2/results/predictions/full/mixed/resnet/seed_101/bandpass_n20005_cV2_electrode_s15.npz,76754,2684393ac738c4703ce937818646bc1fdf6bb38897be3b1c85d392c75a974ead
resnet,mixed,101,bandpass_n20005_cV2_electrode_s10,phase2/results/predictions/full/mixed/resnet/seed_101/bandpass_n20005_cV2_electrode_s10.npz,76721,081878cdddccc11c2c8ee25430f348e8954130865313f7cd020b59736424a3e2
resnet,mixed,101,bandpass_n20005_cV2_electrode_s5,phase2/results/predictions/full/mixed/resnet/seed_101/bandpass_n20005_cV2_electrode_s5.npz,76607,b7f8e267dd4a05a77c3201bf7947bbd92a22e1504756354ff422ad655dfaf188
resnet,mixed,101,bandpass_n20005_cV2_electrode_s0,phase2/results/predictions/full/mixed/resnet/seed_101/bandpass_n20005_cV2_electrode_s0.npz,76239,44d7d264f23ede37c5ca447eab0b6363f05523a97c9d668013ac8161408ffe6c
resnet,mixed,101,bandpass_n20005_cV2_covariance_s20,phase2/results/predictions/full/mixed/resnet/seed_101/bandpass_n20005_cV2_covariance_s20.npz,76786,1eadbe16415d81198c66038d9340281cdf178125caf363aa291ceef88d9ab7b6
resnet,mixed,101,bandpass_n20005_cV2_covariance_s15,phase2/results/predictions/full/mixed/resnet/seed_101/bandpass_n20005_cV2_covariance_s15.npz,76760,76497344163c810d8cad2f7c0b0a08b211c4db7f74a5141ec691234800c9bd2b
resnet,mixed,101,bandpass_n20005_cV2_covariance_s10,phase2/results/predictions/full/mixed/resnet/seed_101/bandpass_n20005_cV2_covariance_s10.npz,76721,c11eea72253989e6672fb882b0d3959d5f1c606bb2caecce7e6448b563600d16
resnet,mixed,101,bandpass_n20005_cV2_covariance_s5,phase2/results/predictions/full/mixed/resnet/seed_101/bandpass_n20005_cV2_covariance_s5.npz,76638,835574053c686c9068b3f24869bac8d6c07a4e9cf09f8c211f26dd17db20a013
resnet,mixed,101,bandpass_n20005_cV2_covariance_s0,phase2/results/predictions/full/mixed/resnet/seed_101/bandpass_n20005_cV2_covariance_s0.npz,76270,30a4c96301fe464dd7a3bf862487b2d8b184f1ffb3b5b7a3238aa4fcf33cd227
resnet,mixed,101,bandpass_n20005_cV3_independent_rms_s20,phase2/results/predictions/full/mixed/resnet/seed_101/bandpass_n20005_cV3_independent_rms_s20.npz,76758,4d9b889e9002be0124a962e7c6dcec94592303843db73368da1c9dbb0f3c6a61
resnet,mixed,101,bandpass_n20005_cV3_independent_rms_s15,phase2/results/predictions/full/mixed/resnet/seed_101/bandpass_n20005_cV3_independent_rms_s15.npz,76788,e2209e7257b507ec0e28e5be0217e97121687675fa1c4f21344588eb2d1a4bd3
resnet,mixed,101,bandpass_n20005_cV3_independent_rms_s10,phase2/results/predictions/full/mixed/resnet/seed_101/bandpass_n20005_cV3_independent_rms_s10.npz,76736,f1edc1094189afde690cd50b92f7af62bbec8692653e11377a1cda044a599bbc
resnet,mixed,101,bandpass_n20005_cV3_independent_rms_s5,phase2/results/predictions/full/mixed/resnet/seed_101/bandpass_n20005_cV3_independent_rms_s5.npz,76703,a57b7eb19e4111e544177aad056f93448e82b0b6aff5cd571a16623de0a443d7
resnet,mixed,101,bandpass_n20005_cV3_independent_rms_s0,phase2/results/predictions/full/mixed/resnet/seed_101/bandpass_n20005_cV3_independent_rms_s0.npz,76417,f1fea946a6f86c274b822b290eb49394c255852d42d2c127d7f784ea573ab6db
resnet,mixed,101,bandpass_n20005_cV3_electrode_s20,phase2/results/predictions/full/mixed/resnet/seed_101/bandpass_n20005_cV3_electrode_s20.npz,76738,14227d12b9602cce82873cc1fb78c8c64a3a4656701b35dfb0dc05548c20528f
resnet,mixed,101,bandpass_n20005_cV3_electrode_s15,phase2/results/predictions/full/mixed/resnet/seed_101/bandpass_n20005_cV3_electrode_s15.npz,76759,9faa85739c93cf902c2654897c221717a0f5d255bec88099d5f5ef8f4f2bf26f
resnet,mixed,101,bandpass_n20005_cV3_electrode_s10,phase2/results/predictions/full/mixed/resnet/seed_101/bandpass_n20005_cV3_electrode_s10.npz,76742,a325a4acd04780fcebe263658dfa8f5b687c74848047fa288fd9d943cbb9cb5f
resnet,mixed,101,bandpass_n20005_cV3_electrode_s5,phase2/results/predictions/full/mixed/resnet/seed_101/bandpass_n20005_cV3_electrode_s5.npz,76662,ecc37b6337aac9c72bec3360b1f5833fc2a66ec50f9315142d9a7929dfc687ba
resnet,mixed,101,bandpass_n20005_cV3_electrode_s0,phase2/results/predictions/full/mixed/resnet/seed_101/bandpass_n20005_cV3_electrode_s0.npz,76395,81b2c6fe6fba662cb5f7d70122307022e8e8766f438b8b6cfea8f1dc39350a3d
resnet,mixed,101,bandpass_n20005_cV3_covariance_s20,phase2/results/predictions/full/mixed/resnet/seed_101/bandpass_n20005_cV3_covariance_s20.npz,76777,099d3bd3043911efcd541114089da6ec24390d34eb3f0f3dc22d6f25a165495e
resnet,mixed,101,bandpass_n20005_cV3_covariance_s15,phase2/results/predictions/full/mixed/resnet/seed_101/bandpass_n20005_cV3_covariance_s15.npz,76750,2f434059be8ee6e5db9c9efb9e1668af02f3c69cff38a4ab333c167805aaa1f7
resnet,mixed,101,bandpass_n20005_cV3_covariance_s10,phase2/results/predictions/full/mixed/resnet/seed_101/bandpass_n20005_cV3_covariance_s10.npz,76759,085b699c8b1b1c2321adf9d393054198a0af9c375387f7a7966b39d3ad768742
resnet,mixed,101,bandpass_n20005_cV3_covariance_s5,phase2/results/predictions/full/mixed/resnet/seed_101/bandpass_n20005_cV3_covariance_s5.npz,76670,16fac404e30e26de379500f447e78ee36fbc076fd0b94f1e49b8b074855b26cc
resnet,mixed,101,bandpass_n20005_cV3_covariance_s0,phase2/results/predictions/full/mixed/resnet/seed_101/bandpass_n20005_cV3_covariance_s0.npz,76367,e53412b16c0d3a14bf512e01067f3bcd7e5b3188acfdf73e8e63844fa5583855
resnet,mixed,101,bandpass_n20005_cV4_independent_rms_s20,phase2/results/predictions/full/mixed/resnet/seed_101/bandpass_n20005_cV4_independent_rms_s20.npz,76748,ae67b595d972d4a96c36473bf284c8a30b07d2304c75ce5fd1db86cf90245b3e
resnet,mixed,101,bandpass_n20005_cV4_independent_rms_s15,phase2/results/predictions/full/mixed/resnet/seed_101/bandpass_n20005_cV4_independent_rms_s15.npz,76778,b95c419745a25a7e1a3149d6569dce0ed068da76d5eb84ab0b21de14e71788e9
resnet,mixed,101,bandpass_n20005_cV4_independent_rms_s10,phase2/results/predictions/full/mixed/resnet/seed_101/bandpass_n20005_cV4_independent_rms_s10.npz,76731,e4d37f2665c97fae699f7751321630948c75aec090c54dd112c58fa9a5ca4c12
resnet,mixed,101,bandpass_n20005_cV4_independent_rms_s5,phase2/results/predictions/full/mixed/resnet/seed_101/bandpass_n20005_cV4_independent_rms_s5.npz,76711,edc49f1339a0c6b6d4cca8335e969700a68484a1927d6b4749dab26d9ae8d797
resnet,mixed,101,bandpass_n20005_cV4_independent_rms_s0,phase2/results/predictions/full/mixed/resnet/seed_101/bandpass_n20005_cV4_independent_rms_s0.npz,76454,121c37d69d7d9d269b903949821a7a62ae2366e9a589dedfd2031b44a03e370d
resnet,mixed,101,bandpass_n20005_cV4_electrode_s20,phase2/results/predictions/full/mixed/resnet/seed_101/bandpass_n20005_cV4_electrode_s20.npz,76753,3931ceb1d6aacb0ffa133126c9be5c361ee3e9365ddf63ba6ea3883320750850
resnet,mixed,101,bandpass_n20005_cV4_electrode_s15,phase2/results/predictions/full/mixed/resnet/seed_101/bandpass_n20005_cV4_electrode_s15.npz,76725,49291c51b7fa2481909954695adf27e9a775ad457bd95db4a9abdd4d291d87cf
resnet,mixed,101,bandpass_n20005_cV4_electrode_s10,phase2/results/predictions/full/mixed/resnet/seed_101/bandpass_n20005_cV4_electrode_s10.npz,76716,63998e84074ca5bc9ff6674c3a2c20cd0a3662ddfe4da59ccace2a00f87287a6
resnet,mixed,101,bandpass_n20005_cV4_electrode_s5,phase2/results/predictions/full/mixed/resnet/seed_101/bandpass_n20005_cV4_electrode_s5.npz,76649,64644e253ee0c86854934a6e7fab5d4b48a3c6bd27f9fa17f60f5cff4f58522b
resnet,mixed,101,bandpass_n20005_cV4_electrode_s0,phase2/results/predictions/full/mixed/resnet/seed_101/bandpass_n20005_cV4_electrode_s0.npz,76477,559b3e392603837d507ce4291603f095cf1fcf0b9e880e2e5796655e059989f1
resnet,mixed,101,bandpass_n20005_cV4_covariance_s20,phase2/results/predictions/full/mixed/resnet/seed_101/bandpass_n20005_cV4_covariance_s20.npz,76747,4210de4c744360ae9a31fb925c392984d032b9e2e003cd4a67aae7d1f8dbf1ea
resnet,mixed,101,bandpass_n20005_cV4_covariance_s15,phase2/results/predictions/full/mixed/resnet/seed_101/bandpass_n20005_cV4_covariance_s15.npz,76756,8390f043ae3634bf4f67cec54873a34e5479209adfc6ecb2bb381e18dccf982a
resnet,mixed,101,bandpass_n20005_cV4_covariance_s10,phase2/results/predictions/full/mixed/resnet/seed_101/bandpass_n20005_cV4_covariance_s10.npz,76749,df887b617415803ef2a8bc21399b9574f675da8e4af6cac1af80d06b315ed736
resnet,mixed,101,bandpass_n20005_cV4_covariance_s5,phase2/results/predictions/full/mixed/resnet/seed_101/bandpass_n20005_cV4_covariance_s5.npz,76718,da5ea1d92805a2e8fa9806610317a2998db754f6527edb8899474d53a8365711
resnet,mixed,101,bandpass_n20005_cV4_covariance_s0,phase2/results/predictions/full/mixed/resnet/seed_101/bandpass_n20005_cV4_covariance_s0.npz,76477,78f7e5efab36648f525eb5baf1503e8da1e324ed0361aaee287670a1b20bd334
resnet,mixed,101,bandpass_n20005_cV5_independent_rms_s20,phase2/results/predictions/full/mixed/resnet/seed_101/bandpass_n20005_cV5_independent_rms_s20.npz,76786,d3c8c1584704649925902339c34e85f42dc972f8337782ae53070a16d4a4f6a4
resnet,mixed,101,bandpass_n20005_cV5_independent_rms_s15,phase2/results/predictions/full/mixed/resnet/seed_101/bandpass_n20005_cV5_independent_rms_s15.npz,76752,b61e4658d50fd98a90a4422d58431285492ee3623f81353cc92aeb0fcb3000c5
resnet,mixed,101,bandpass_n20005_cV5_independent_rms_s10,phase2/results/predictions/full/mixed/resnet/seed_101/bandpass_n20005_cV5_independent_rms_s10.npz,76752,215e72509918dc2e1662f57a2c512b4cb5ce2eafc7441ed9a0c0f2e3149b483f
resnet,mixed,101,bandpass_n20005_cV5_independent_rms_s5,phase2/results/predictions/full/mixed/resnet/seed_101/bandpass_n20005_cV5_independent_rms_s5.npz,76712,3af191fcabf1efdaf09778a68496f5e2e6eb2e34e0d01f2f3490ef5623151f9d
resnet,mixed,101,bandpass_n20005_cV5_independent_rms_s0,phase2/results/predictions/full/mixed/resnet/seed_101/bandpass_n20005_cV5_independent_rms_s0.npz,76465,bd80eb0ac6ed2c954b44d4c29e8bb439abfb6e35f196810375e35d14ea0d5ff0
resnet,mixed,101,bandpass_n20005_cV5_electrode_s20,phase2/results/predictions/full/mixed/resnet/seed_101/bandpass_n20005_cV5_electrode_s20.npz,76773,eaa0f2592365805ad9ab0def95fb7b2a810c5fc67129ee2cc639db2fe5a567fb
resnet,mixed,101,bandpass_n20005_cV5_electrode_s15,phase2/results/predictions/full/mixed/resnet/seed_101/bandpass_n20005_cV5_electrode_s15.npz,76757,72956e85b576aed396092c02c92cd7e843e1defff43c4cd76a0e7937a8d2e2e3
resnet,mixed,101,bandpass_n20005_cV5_electrode_s10,phase2/results/predictions/full/mixed/resnet/seed_101/bandpass_n20005_cV5_electrode_s10.npz,76766,d6645b590e31861a2b078d1cc10b5ca4f64361f9eedab1f24eeeb32b828cab06
resnet,mixed,101,bandpass_n20005_cV5_electrode_s5,phase2/results/predictions/full/mixed/resnet/seed_101/bandpass_n20005_cV5_electrode_s5.npz,76709,8f5889733fa77a573e551076ab15d480d66d4b2f29739459849f908bfcab37b9
resnet,mixed,101,bandpass_n20005_cV5_electrode_s0,phase2/results/predictions/full/mixed/resnet/seed_101/bandpass_n20005_cV5_electrode_s0.npz,76494,75652c3b04545a730de300ae104da56932b4795818a0705bbc2a5754e6b80dba
resnet,mixed,101,bandpass_n20005_cV5_covariance_s20,phase2/results/predictions/full/mixed/resnet/seed_101/bandpass_n20005_cV5_covariance_s20.npz,76768,a31764b499d6e53dbf89c1ba65758c8d697359122723d9340ab75a965429d03f
resnet,mixed,101,bandpass_n20005_cV5_covariance_s15,phase2/results/predictions/full/mixed/resnet/seed_101/bandpass_n20005_cV5_covariance_s15.npz,76750,e391d0409314972b2bbfc2b1068222752ad9cbff54aeb3bc4456c0e367c7000b
resnet,mixed,101,bandpass_n20005_cV5_covariance_s10,phase2/results/predictions/full/mixed/resnet/seed_101/bandpass_n20005_cV5_covariance_s10.npz,76759,857c1b84167a37c2a740f5637697d7ffd6d297b4ac62e0f4b8ddd91df5af9a3a
resnet,mixed,101,bandpass_n20005_cV5_covariance_s5,phase2/results/predictions/full/mixed/resnet/seed_101/bandpass_n20005_cV5_covariance_s5.npz,76705,2622ec02e58a9ac4232229433671c0d37a75e93c4e6d1fa88f4a88ebeee96dc8
resnet,mixed,101,bandpass_n20005_cV5_covariance_s0,phase2/results/predictions/full/mixed/resnet/seed_101/bandpass_n20005_cV5_covariance_s0.npz,76476,2d4dcb1e0232c6834dc32a92e4c99b9e04cc7a2b296f41e7f46a7af474e9c6c9
resnet,mixed,101,bandpass_n20005_cV6_independent_rms_s20,phase2/results/predictions/full/mixed/resnet/seed_101/bandpass_n20005_cV6_independent_rms_s20.npz,76782,bda1a70d976e727fa558a2c602325005cbd20fcc5f0f9983b91511dad61f176e
resnet,mixed,101,bandpass_n20005_cV6_independent_rms_s15,phase2/results/predictions/full/mixed/resnet/seed_101/bandpass_n20005_cV6_independent_rms_s15.npz,76748,1aef873d2fcee5595fa55f803f3c976ff635cf13d9d0349f2dcded764c94a068
resnet,mixed,101,bandpass_n20005_cV6_independent_rms_s10,phase2/results/predictions/full/mixed/resnet/seed_101/bandpass_n20005_cV6_independent_rms_s10.npz,76728,ce5a76de3529480933c94523b7fa8ba053c565fe9cddbc4af3dbd3bac3a559d5
resnet,mixed,101,bandpass_n20005_cV6_independent_rms_s5,phase2/results/predictions/full/mixed/resnet/seed_101/bandpass_n20005_cV6_independent_rms_s5.npz,76684,0428e89bf277f275a3dc5ec96476f05c53ca6607918fbea26870ec333351886a
resnet,mixed,101,bandpass_n20005_cV6_independent_rms_s0,phase2/results/predictions/full/mixed/resnet/seed_101/bandpass_n20005_cV6_independent_rms_s0.npz,76428,9bb781d2c328806b361bcea4172428c711a439f2e426f237013089c4a1b779f0
resnet,mixed,101,bandpass_n20005_cV6_electrode_s20,phase2/results/predictions/full/mixed/resnet/seed_101/bandpass_n20005_cV6_electrode_s20.npz,76756,ff69ebd301da91a71ae989e5fa4f7cc5ca6f736e93455c6c82e87ad9071ba1ea
resnet,mixed,101,bandpass_n20005_cV6_electrode_s15,phase2/results/predictions/full/mixed/resnet/seed_101/bandpass_n20005_cV6_electrode_s15.npz,76752,a849a094436f1822a3974f6e0ac37ab544fb1cd8d43cf279a0ac6a3b81f21dff
resnet,mixed,101,bandpass_n20005_cV6_electrode_s10,phase2/results/predictions/full/mixed/resnet/seed_101/bandpass_n20005_cV6_electrode_s10.npz,76702,2a3cf88c2cb24ba8b829efcbd054935388a3232ef19736de7ca4128a397f4cf8
resnet,mixed,101,bandpass_n20005_cV6_electrode_s5,phase2/results/predictions/full/mixed/resnet/seed_101/bandpass_n20005_cV6_electrode_s5.npz,76647,be0a8bb2c76a981a72bf36d59c75a3c288accd00144e54e71fe54e85534c3c10
resnet,mixed,101,bandpass_n20005_cV6_electrode_s0,phase2/results/predictions/full/mixed/resnet/seed_101/bandpass_n20005_cV6_electrode_s0.npz,76391,a0addb54b1a6259406bf5e71c5ff414024c35880eac99f953e0018e36325a88d
resnet,mixed,101,bandpass_n20005_cV6_covariance_s20,phase2/results/predictions/full/mixed/resnet/seed_101/bandpass_n20005_cV6_covariance_s20.npz,76761,15456ecf08e076f0a516f7a7e0e7073edfc38327b7c2396308901ede75dbdac2
resnet,mixed,101,bandpass_n20005_cV6_covariance_s15,phase2/results/predictions/full/mixed/resnet/seed_101/bandpass_n20005_cV6_covariance_s15.npz,76763,c362a583bcb055e097d882536589089828e5e541464f1fd1502eac66971c05a1
resnet,mixed,101,bandpass_n20005_cV6_covariance_s10,phase2/results/predictions/full/mixed/resnet/seed_101/bandpass_n20005_cV6_covariance_s10.npz,76709,83627a68cf22cb6ee7a7cf748d49623557dd33e76074da09d79e2ae21a5ac7d2
resnet,mixed,101,bandpass_n20005_cV6_covariance_s5,phase2/results/predictions/full/mixed/resnet/seed_101/bandpass_n20005_cV6_covariance_s5.npz,76639,b2feaf824870b6727bba98c8b26af5b90fdeb999f45422f2b1a47c424ce5b336
resnet,mixed,101,bandpass_n20005_cV6_covariance_s0,phase2/results/predictions/full/mixed/resnet/seed_101/bandpass_n20005_cV6_covariance_s0.npz,76441,853ddbd3da91af19083b74a8fbef0b2b4b99810eb927143cc3c85167979d45c1
resnet,mixed,101,bandpass_n20005_cRA_LA_independent_rms_s20,phase2/results/predictions/full/mixed/resnet/seed_101/bandpass_n20005_cRA_LA_independent_rms_s20.npz,76792,77358d32607dcc482cd4547ce587d6caf65b9d5f6865ae4d706482c74b482bd0
resnet,mixed,101,bandpass_n20005_cRA_LA_independent_rms_s15,phase2/results/predictions/full/mixed/resnet/seed_101/bandpass_n20005_cRA_LA_independent_rms_s15.npz,76760,f207967c185c266c6fba9ee47ebe16912c7994b0d0f39621ae25a6325c4ea26e
resnet,mixed,101,bandpass_n20005_cRA_LA_independent_rms_s10,phase2/results/predictions/full/mixed/resnet/seed_101/bandpass_n20005_cRA_LA_independent_rms_s10.npz,76769,2280e140a6bc19ba218bc87752c2379c677e2ddd200e5f397b9814a8b15b43f4
resnet,mixed,101,bandpass_n20005_cRA_LA_independent_rms_s5,phase2/results/predictions/full/mixed/resnet/seed_101/bandpass_n20005_cRA_LA_independent_rms_s5.npz,76700,0f95c8967d028662f08d1148f7ecf22167f0a488f3600cb88927b592c116be0f
resnet,mixed,101,bandpass_n20005_cRA_LA_independent_rms_s0,phase2/results/predictions/full/mixed/resnet/seed_101/bandpass_n20005_cRA_LA_independent_rms_s0.npz,76437,5bc4c66f17762d55305840ab8e81b106ba00a83f8bab012c561fe6cc7410c435
resnet,mixed,101,bandpass_n20005_cRA_LA_electrode_s20,phase2/results/predictions/full/mixed/resnet/seed_101/bandpass_n20005_cRA_LA_electrode_s20.npz,76780,bebdeda813d29b041e1561af9cfea8e87f48cd5ca5e3ec2e8bf9d10ea3fef873
resnet,mixed,101,bandpass_n20005_cRA_LA_electrode_s15,phase2/results/predictions/full/mixed/resnet/seed_101/bandpass_n20005_cRA_LA_electrode_s15.npz,76754,7bacafc17cffe701b82a0fec5ef4053767cc2f2e5bf7aaf80d4ff87c2e0cf836
resnet,mixed,101,bandpass_n20005_cRA_LA_electrode_s10,phase2/results/predictions/full/mixed/resnet/seed_101/bandpass_n20005_cRA_LA_electrode_s10.npz,76718,9f38909a96cc791e4ed3f9a6df756f77526a76b7a705d75ba23f7d7a2cff8a0e
resnet,mixed,101,bandpass_n20005_cRA_LA_electrode_s5,phase2/results/predictions/full/mixed/resnet/seed_101/bandpass_n20005_cRA_LA_electrode_s5.npz,76549,368edb9bc7c2791e7c709a37e8524cf252ff2139c6770b96c13c1ef7a36ee611
resnet,mixed,101,bandpass_n20005_cRA_LA_electrode_s0,phase2/results/predictions/full/mixed/resnet/seed_101/bandpass_n20005_cRA_LA_electrode_s0.npz,76186,a0fe366f2627f2a76bc547c177c63eff838d224838682603197bfde0485ab73e
resnet,mixed,101,bandpass_n20005_cRA_LA_covariance_s20,phase2/results/predictions/full/mixed/resnet/seed_101/bandpass_n20005_cRA_LA_covariance_s20.npz,76735,8e2f9130857e59a88f818c785ef0a6f257e95eff8264d6768cf6571cfd335c9d
resnet,mixed,101,bandpass_n20005_cRA_LA_covariance_s15,phase2/results/predictions/full/mixed/resnet/seed_101/bandpass_n20005_cRA_LA_covariance_s15.npz,76736,829e44fef63c9b21f96c929264f41dcb179c6ad393d8b538fe26f552a5a57a1b
resnet,mixed,101,bandpass_n20005_cRA_LA_covariance_s10,phase2/results/predictions/full/mixed/resnet/seed_101/bandpass_n20005_cRA_LA_covariance_s10.npz,76727,3cb4a67f963e1ccd64cc1cb5a10fab2d4844330f14f3698aff652f98133a8336
resnet,mixed,101,bandpass_n20005_cRA_LA_covariance_s5,phase2/results/predictions/full/mixed/resnet/seed_101/bandpass_n20005_cRA_LA_covariance_s5.npz,76565,f31e447ff9250ba244dd0d4a38823d9b4dc171e15c83bac6473f84395f925809
resnet,mixed,101,bandpass_n20005_cRA_LA_covariance_s0,phase2/results/predictions/full/mixed/resnet/seed_101/bandpass_n20005_cRA_LA_covariance_s0.npz,76201,904d84dc379ca37d7b412fb17098e84d9b1358fa84a74f639c5bde33efaa7886
resnet,mixed,101,bandpass_n20005_cLA_LL_independent_rms_s20,phase2/results/predictions/full/mixed/resnet/seed_101/bandpass_n20005_cLA_LL_independent_rms_s20.npz,76827,c2b3dbd654f1aa56766b92a2ba15499c60262c7309a60464736f4e637dec760e
resnet,mixed,101,bandpass_n20005_cLA_LL_independent_rms_s15,phase2/results/predictions/full/mixed/resnet/seed_101/bandpass_n20005_cLA_LL_independent_rms_s15.npz,76751,f2c480810c16dcf545b783758173b9045b23701b1e3d221f13baf442a89bd33a
resnet,mixed,101,bandpass_n20005_cLA_LL_independent_rms_s10,phase2/results/predictions/full/mixed/resnet/seed_101/bandpass_n20005_cLA_LL_independent_rms_s10.npz,76775,c9817ff33abbc87edd911b1a887f3d7f193abeaae1e89622212746432ba33019
resnet,mixed,101,bandpass_n20005_cLA_LL_independent_rms_s5,phase2/results/predictions/full/mixed/resnet/seed_101/bandpass_n20005_cLA_LL_independent_rms_s5.npz,76668,0c231299b6b36e9f9b374cc2c5c7b62ad8bbc785847ea4944eba33cd0749fbdc
resnet,mixed,101,bandpass_n20005_cLA_LL_independent_rms_s0,phase2/results/predictions/full/mixed/resnet/seed_101/bandpass_n20005_cLA_LL_independent_rms_s0.npz,76371,f9afd98aad4b36bc1f32eb7a058b867fc107debb1c890eb6da889d518c18b6f7
resnet,mixed,101,bandpass_n20005_cLA_LL_electrode_s20,phase2/results/predictions/full/mixed/resnet/seed_101/bandpass_n20005_cLA_LL_electrode_s20.npz,76745,71326fdec06ee3afbd29858f1af06d11b3de9f9f1d6edd8be0de329a12ded45c
resnet,mixed,101,bandpass_n20005_cLA_LL_electrode_s15,phase2/results/predictions/full/mixed/resnet/seed_101/bandpass_n20005_cLA_LL_electrode_s15.npz,76746,0d0e87bb3795a9d368d50eb76c60cf2ff29d0a53b4878cd242ecc06cc71685d7
resnet,mixed,101,bandpass_n20005_cLA_LL_electrode_s10,phase2/results/predictions/full/mixed/resnet/seed_101/bandpass_n20005_cLA_LL_electrode_s10.npz,76712,2d893046a84a60a24fd65ac3d6dd77888fe6c65307f7a80afd0d696936bba7c0
resnet,mixed,101,bandpass_n20005_cLA_LL_electrode_s5,phase2/results/predictions/full/mixed/resnet/seed_101/bandpass_n20005_cLA_LL_electrode_s5.npz,76466,ef8bc8358b55e23a74ed1fb5a55a7757f8017a19293b106943e099f4db0c20dc
resnet,mixed,101,bandpass_n20005_cLA_LL_electrode_s0,phase2/results/predictions/full/mixed/resnet/seed_101/bandpass_n20005_cLA_LL_electrode_s0.npz,76056,a83d822a56dc60ecc779539df306f4d9de2f994ff076d86164e70c2c02ed750e
resnet,mixed,101,bandpass_n20005_cLA_LL_covariance_s20,phase2/results/predictions/full/mixed/resnet/seed_101/bandpass_n20005_cLA_LL_covariance_s20.npz,76794,19e393a2003bcf9429bd79dbe622ee8111d61a23ff15e7c7d5befe5bbf6a01cb
resnet,mixed,101,bandpass_n20005_cLA_LL_covariance_s15,phase2/results/predictions/full/mixed/resnet/seed_101/bandpass_n20005_cLA_LL_covariance_s15.npz,76741,1963978535aa01fa90e71084324c4ef0e22e76f50555ae7b90bd02c6e000233e
resnet,mixed,101,bandpass_n20005_cLA_LL_covariance_s10,phase2/results/predictions/full/mixed/resnet/seed_101/bandpass_n20005_cLA_LL_covariance_s10.npz,76720,a58aff50a10781af024afa4fab22835d32ee1d271c92d8738a0796e6c429912f
resnet,mixed,101,bandpass_n20005_cLA_LL_covariance_s5,phase2/results/predictions/full/mixed/resnet/seed_101/bandpass_n20005_cLA_LL_covariance_s5.npz,76456,f02606fa8f6931ffb44882841edaa86a41efcf7701621a15690f785d7eb9c08b
resnet,mixed,101,bandpass_n20005_cLA_LL_covariance_s0,phase2/results/predictions/full/mixed/resnet/seed_101/bandpass_n20005_cLA_LL_covariance_s0.npz,76045,e12d0ddf2fd17d6744e243a5dc702756ecb1ea14c4e9b02760951ac22541ec7c
resnet,mixed,101,bandpass_n20005_cRA_LL_independent_rms_s20,phase2/results/predictions/full/mixed/resnet/seed_101/bandpass_n20005_cRA_LL_independent_rms_s20.npz,76779,3624b5bf53f266ea313c927322b8b3c8ff62285f4d62337e0521dec735d0dbc0
resnet,mixed,101,bandpass_n20005_cRA_LL_independent_rms_s15,phase2/results/predictions/full/mixed/resnet/seed_101/bandpass_n20005_cRA_LL_independent_rms_s15.npz,76793,2e50b5b0322684d9b6b24e912176813c05fe4798c0ec153bc953c017961619fd
resnet,mixed,101,bandpass_n20005_cRA_LL_independent_rms_s10,phase2/results/predictions/full/mixed/resnet/seed_101/bandpass_n20005_cRA_LL_independent_rms_s10.npz,76744,c5af558984856d4c4f8c99cbe6ee5a370cfb4e5c629ab869d614c73879cab5fa
resnet,mixed,101,bandpass_n20005_cRA_LL_independent_rms_s5,phase2/results/predictions/full/mixed/resnet/seed_101/bandpass_n20005_cRA_LL_independent_rms_s5.npz,76650,ce30d916d61265c8a7658cbb5a01abca97a0ac9e9f7a3e630d6d9f7deea92127
resnet,mixed,101,bandpass_n20005_cRA_LL_independent_rms_s0,phase2/results/predictions/full/mixed/resnet/seed_101/bandpass_n20005_cRA_LL_independent_rms_s0.npz,76327,b141c395f59ca2385ce8c547a74828e2b9b6b38264d776a7aee742a14ca878e5
resnet,mixed,101,bandpass_n20005_cRA_LL_electrode_s20,phase2/results/predictions/full/mixed/resnet/seed_101/bandpass_n20005_cRA_LL_electrode_s20.npz,76787,7d7739f6df69022a2915c7880e7bf7476740750e071c4d263e63fb9613a6b6d1
resnet,mixed,101,bandpass_n20005_cRA_LL_electrode_s15,phase2/results/predictions/full/mixed/resnet/seed_101/bandpass_n20005_cRA_LL_electrode_s15.npz,76741,ab14d95401719e1725dd462e493a28d6d98ec9e4121ad220be6ce23288f018d2
resnet,mixed,101,bandpass_n20005_cRA_LL_electrode_s10,phase2/results/predictions/full/mixed/resnet/seed_101/bandpass_n20005_cRA_LL_electrode_s10.npz,76679,3cfb1a765d72ca2a60acd86236fb5c8128541529949d82b08bbd429fc69e9707
resnet,mixed,101,bandpass_n20005_cRA_LL_electrode_s5,phase2/results/predictions/full/mixed/resnet/seed_101/bandpass_n20005_cRA_LL_electrode_s5.npz,76489,a4cd55cbc45a7ad2663d78b40e098a5968b0b38bf6105384760dbfc8598e648a
resnet,mixed,101,bandpass_n20005_cRA_LL_electrode_s0,phase2/results/predictions/full/mixed/resnet/seed_101/bandpass_n20005_cRA_LL_electrode_s0.npz,76150,fa31ee28302508eb819a3e2bb81619a5b275bb21fec0975b8b2456e43cfff32f
resnet,mixed,101,bandpass_n20005_cRA_LL_covariance_s20,phase2/results/predictions/full/mixed/resnet/seed_101/bandpass_n20005_cRA_LL_covariance_s20.npz,76774,419e5ff28de6c4a911a7c4621b50fbf75565f255d4a6ff732f688eb044817531
resnet,mixed,101,bandpass_n20005_cRA_LL_covariance_s15,phase2/results/predictions/full/mixed/resnet/seed_101/bandpass_n20005_cRA_LL_covariance_s15.npz,76737,918097684a44a247e06945d7087ddf94b589bb1d2c9aa0e5a2e57536191154de
resnet,mixed,101,bandpass_n20005_cRA_LL_covariance_s10,phase2/results/predictions/full/mixed/resnet/seed_101/bandpass_n20005_cRA_LL_covariance_s10.npz,76688,6cfae4443ba105da68bd394419084fa40d08173257561c443c59f199c2c19106
resnet,mixed,101,bandpass_n20005_cRA_LL_covariance_s5,phase2/results/predictions/full/mixed/resnet/seed_101/bandpass_n20005_cRA_LL_covariance_s5.npz,76515,c400972c8bc3687cef0adfeb7091a7570122ab9b3549fec39c388e7a1ba935b4
resnet,mixed,101,bandpass_n20005_cRA_LL_covariance_s0,phase2/results/predictions/full/mixed/resnet/seed_101/bandpass_n20005_cRA_LL_covariance_s0.npz,76142,05d8661af14af97495713f310ecec9cd953b6bddb04e5650b2acea06e4d5528d
resnet,mixed,101,bandpass_n20005_cRA_independent_rms_s20,phase2/results/predictions/full/mixed/resnet/seed_101/bandpass_n20005_cRA_independent_rms_s20.npz,76787,866fcadaddb5a9640feacf5625769c6af59caed2fe485075766850e7bbf33c97
resnet,mixed,101,bandpass_n20005_cRA_independent_rms_s15,phase2/results/predictions/full/mixed/resnet/seed_101/bandpass_n20005_cRA_independent_rms_s15.npz,76788,873b00e7b8cd65d4a19e41e3956a668247f59ece36850a1e84897757920c0c83
resnet,mixed,101,bandpass_n20005_cRA_independent_rms_s10,phase2/results/predictions/full/mixed/resnet/seed_101/bandpass_n20005_cRA_independent_rms_s10.npz,76728,9e02941a990656ddfc4addd8cd4c0eadef26548a3db44210d96bb491f8913b8f
resnet,mixed,101,bandpass_n20005_cRA_independent_rms_s5,phase2/results/predictions/full/mixed/resnet/seed_101/bandpass_n20005_cRA_independent_rms_s5.npz,76691,27a6443883c57e478a7ef17940fee44ad80513d83ca15dbe5170e30499dfac2a
resnet,mixed,101,bandpass_n20005_cRA_independent_rms_s0,phase2/results/predictions/full/mixed/resnet/seed_101/bandpass_n20005_cRA_independent_rms_s0.npz,76386,1a9cc3e6318a2e910f42ec04677b01192e39aa7d29ca5404c91a0caa48e673ef
resnet,mixed,101,bandpass_n20005_cRA_electrode_s20,phase2/results/predictions/full/mixed/resnet/seed_101/bandpass_n20005_cRA_electrode_s20.npz,76756,34033cf0393a4ee1406b96f16d02c546369a94b0789ee0eb2bf8a776fdb881b7
resnet,mixed,101,bandpass_n20005_cRA_electrode_s15,phase2/results/predictions/full/mixed/resnet/seed_101/bandpass_n20005_cRA_electrode_s15.npz,76724,222c336ff03a37e6a86bf7e541a4280676c31406c3ce05f79c5ba2d4ec9c5226
resnet,mixed,101,bandpass_n20005_cRA_electrode_s10,phase2/results/predictions/full/mixed/resnet/seed_101/bandpass_n20005_cRA_electrode_s10.npz,76689,07ad38e67da6bd007edf9daeadaa5455bdb446615de403373f97aa81ffb94400
resnet,mixed,101,bandpass_n20005_cRA_electrode_s5,phase2/results/predictions/full/mixed/resnet/seed_101/bandpass_n20005_cRA_electrode_s5.npz,76603,8e4da4cc5028bd1a7c6567425c56ce93dde46ed58fea86df316168e22f44ee8b
resnet,mixed,101,bandpass_n20005_cRA_electrode_s0,phase2/results/predictions/full/mixed/resnet/seed_101/bandpass_n20005_cRA_electrode_s0.npz,76351,a91502b41030144bb979b6e6300fb849484d8f67f47b56351a5889d3022effcb
resnet,mixed,101,bandpass_n20005_cRA_covariance_s20,phase2/results/predictions/full/mixed/resnet/seed_101/bandpass_n20005_cRA_covariance_s20.npz,76793,ca0236af942da67df7b5d2e78c320d456d4cfeab1ca25ecece5b1d300712115a
resnet,mixed,101,bandpass_n20005_cRA_covariance_s15,phase2/results/predictions/full/mixed/resnet/seed_101/bandpass_n20005_cRA_covariance_s15.npz,76730,2497c01c3c3219af3e77e67ebdf3a0ac2639c964e58279b034e1156fb4084c8e
resnet,mixed,101,bandpass_n20005_cRA_covariance_s10,phase2/results/predictions/full/mixed/resnet/seed_101/bandpass_n20005_cRA_covariance_s10.npz,76726,ca84ef5907670df37a6f8d28536d719edbfb0dd484d8eb09f540e5720baadf01
resnet,mixed,101,bandpass_n20005_cRA_covariance_s5,phase2/results/predictions/full/mixed/resnet/seed_101/bandpass_n20005_cRA_covariance_s5.npz,76609,53d70520d908dbb43363c334a17d95e3bbda3751c05faf7628fe72a688ab0f42
resnet,mixed,101,bandpass_n20005_cRA_covariance_s0,phase2/results/predictions/full/mixed/resnet/seed_101/bandpass_n20005_cRA_covariance_s0.npz,76356,81b8aa601688338c259c678e4d13f838155a5b0ff211c57e7acff0ece35f1b38
resnet,mixed,101,bandpass_n20005_cLA_independent_rms_s20,phase2/results/predictions/full/mixed/resnet/seed_101/bandpass_n20005_cLA_independent_rms_s20.npz,76773,79b01c3fd1c989fbfa1ea37ccfe4ce70bae253e65d91e2af795ceb0e1681d949
resnet,mixed,101,bandpass_n20005_cLA_independent_rms_s15,phase2/results/predictions/full/mixed/resnet/seed_101/bandpass_n20005_cLA_independent_rms_s15.npz,76780,15b20387f4b36696aa072ba33ac46a28bf036a216ff111860b228eb1950dcaa5
resnet,mixed,101,bandpass_n20005_cLA_independent_rms_s10,phase2/results/predictions/full/mixed/resnet/seed_101/bandpass_n20005_cLA_independent_rms_s10.npz,76732,e4a67be54a018d07a5a885b7c864b0eb7a6feae4f9ccbe98edd8a6ce064a241d
resnet,mixed,101,bandpass_n20005_cLA_independent_rms_s5,phase2/results/predictions/full/mixed/resnet/seed_101/bandpass_n20005_cLA_independent_rms_s5.npz,76689,604a83558a9ff9d3cb75a95d3c17e04fa8d110d467e224a48a4b63583ee2d910
resnet,mixed,101,bandpass_n20005_cLA_independent_rms_s0,phase2/results/predictions/full/mixed/resnet/seed_101/bandpass_n20005_cLA_independent_rms_s0.npz,76423,2300442afdae18d0e13278e67c85de0c545d552268b822e5548cfb7eee37615e
resnet,mixed,101,bandpass_n20005_cLA_electrode_s20,phase2/results/predictions/full/mixed/resnet/seed_101/bandpass_n20005_cLA_electrode_s20.npz,76729,92f318c75505d9ec2f6b0937d8449406fc63deb89b76c8da45ee684ce22344f5
resnet,mixed,101,bandpass_n20005_cLA_electrode_s15,phase2/results/predictions/full/mixed/resnet/seed_101/bandpass_n20005_cLA_electrode_s15.npz,76768,cdf2837039360b5cfb4c3d6faebeceaf62d87a3204eefffc88374d0862caad29
resnet,mixed,101,bandpass_n20005_cLA_electrode_s10,phase2/results/predictions/full/mixed/resnet/seed_101/bandpass_n20005_cLA_electrode_s10.npz,76677,f1e5effcd6695b1fc593b0bb9f34c7b456d38333ae95cba6ddd068aa1012e79d
resnet,mixed,101,bandpass_n20005_cLA_electrode_s5,phase2/results/predictions/full/mixed/resnet/seed_101/bandpass_n20005_cLA_electrode_s5.npz,76563,d4798e195c0b9991b674744973d33e2a3e06bcd05d649f48d14bf8ce1a57f48f
resnet,mixed,101,bandpass_n20005_cLA_electrode_s0,phase2/results/predictions/full/mixed/resnet/seed_101/bandpass_n20005_cLA_electrode_s0.npz,76170,08063757e2f63d7cf5e35d34eaff1e536805fd48f69198a21b77b8f035b15b58
resnet,mixed,101,bandpass_n20005_cLA_covariance_s20,phase2/results/predictions/full/mixed/resnet/seed_101/bandpass_n20005_cLA_covariance_s20.npz,76731,64617650a6263734afa3ec88b5a7b88b9260d9ec6bd549e5059024cdb4ce8c8d
resnet,mixed,101,bandpass_n20005_cLA_covariance_s15,phase2/results/predictions/full/mixed/resnet/seed_101/bandpass_n20005_cLA_covariance_s15.npz,76750,e9d013e25678944dafd6a8c20b91f589edf61892681c55b16d060ab208c2d0fd
resnet,mixed,101,bandpass_n20005_cLA_covariance_s10,phase2/results/predictions/full/mixed/resnet/seed_101/bandpass_n20005_cLA_covariance_s10.npz,76708,4a774ae18dfbd27816b771efe157ec41d30a4136dab67ea1ef16b3b010c46881
resnet,mixed,101,bandpass_n20005_cLA_covariance_s5,phase2/results/predictions/full/mixed/resnet/seed_101/bandpass_n20005_cLA_covariance_s5.npz,76589,b75ea96c5c0616517f3832465b7bfddadec900c343eb556476f31fa0b1973a38
resnet,mixed,101,bandpass_n20005_cLA_covariance_s0,phase2/results/predictions/full/mixed/resnet/seed_101/bandpass_n20005_cLA_covariance_s0.npz,76164,a4df015ce7006c20dcc9f8b0cfa2519f9f05dd9bf2f1b36f83931d883aa2879c
resnet,mixed,101,bandpass_n20005_cLL_independent_rms_s20,phase2/results/predictions/full/mixed/resnet/seed_101/bandpass_n20005_cLL_independent_rms_s20.npz,76779,871b7cf9ddd8916ba02471167e86e2a333b504c6c8c3690bf3b21669914d3709
resnet,mixed,101,bandpass_n20005_cLL_independent_rms_s15,phase2/results/predictions/full/mixed/resnet/seed_101/bandpass_n20005_cLL_independent_rms_s15.npz,76746,858feb69e9f22674f5d1aede284342f73c1e08ed23f239aa22013a53f76a9f11
resnet,mixed,101,bandpass_n20005_cLL_independent_rms_s10,phase2/results/predictions/full/mixed/resnet/seed_101/bandpass_n20005_cLL_independent_rms_s10.npz,76709,2a8072e19b887cb9850f518bf7c7025c12edeab90ea1374062300d7d75269445
resnet,mixed,101,bandpass_n20005_cLL_independent_rms_s5,phase2/results/predictions/full/mixed/resnet/seed_101/bandpass_n20005_cLL_independent_rms_s5.npz,76655,b84b6006add53747ce37f47893a906fe35a896cceeedb7b34a565c16b1e95fff
resnet,mixed,101,bandpass_n20005_cLL_independent_rms_s0,phase2/results/predictions/full/mixed/resnet/seed_101/bandpass_n20005_cLL_independent_rms_s0.npz,76366,e2193fef337faa273d35595e8e0f322b00fe2979421851de33a5cb7759673a0d
resnet,mixed,101,bandpass_n20005_cLL_electrode_s20,phase2/results/predictions/full/mixed/resnet/seed_101/bandpass_n20005_cLL_electrode_s20.npz,76761,9f710ee58a32187bb89cc7262da9a21f2ea08ed7054dc50fcccb260cec1b7b40
resnet,mixed,101,bandpass_n20005_cLL_electrode_s15,phase2/results/predictions/full/mixed/resnet/seed_101/bandpass_n20005_cLL_electrode_s15.npz,76687,cb262c0393ae778c83f65138a8f2c51c10d964475bedb92925c0bd5d89b59bd6
resnet,mixed,101,bandpass_n20005_cLL_electrode_s10,phase2/results/predictions/full/mixed/resnet/seed_101/bandpass_n20005_cLL_electrode_s10.npz,76640,69a666c75934c0bac065e0fff6a37cfd31196cb2fb5597a6650d0db050e4226f
resnet,mixed,101,bandpass_n20005_cLL_electrode_s5,phase2/results/predictions/full/mixed/resnet/seed_101/bandpass_n20005_cLL_electrode_s5.npz,76401,9f9660451e5fae37bbcbdc91d782edf555a44f0dec024a7975d481ce929c9689
resnet,mixed,101,bandpass_n20005_cLL_electrode_s0,phase2/results/predictions/full/mixed/resnet/seed_101/bandpass_n20005_cLL_electrode_s0.npz,76066,c206d8f58c47ee774b359cfa7b15a406f391b6c3c65210ead663bfc5240692a9
resnet,mixed,101,bandpass_n20005_cLL_covariance_s20,phase2/results/predictions/full/mixed/resnet/seed_101/bandpass_n20005_cLL_covariance_s20.npz,76735,30758903471ee01c3da66f88159f14dd7af62273da15b20d2df5b6b0558be051
resnet,mixed,101,bandpass_n20005_cLL_covariance_s15,phase2/results/predictions/full/mixed/resnet/seed_101/bandpass_n20005_cLL_covariance_s15.npz,76748,9afba3c424b3a4ad5a9944a5e5c534ea6a1e09152a79a87566cf8febea07e5d9
resnet,mixed,101,bandpass_n20005_cLL_covariance_s10,phase2/results/predictions/full/mixed/resnet/seed_101/bandpass_n20005_cLL_covariance_s10.npz,76685,f2d468ee472f87414fbcd8ed13437b91fbfa26864ff3264940008f577b49bd38
resnet,mixed,101,bandpass_n20005_cLL_covariance_s5,phase2/results/predictions/full/mixed/resnet/seed_101/bandpass_n20005_cLL_covariance_s5.npz,76406,86ec968ae3a76be7c5b19f62d123a040e7f064827e17a22944e2c2009e4f66dd
resnet,mixed,101,bandpass_n20005_cLL_covariance_s0,phase2/results/predictions/full/mixed/resnet/seed_101/bandpass_n20005_cLL_covariance_s0.npz,76065,174005c070b42c212d1024e967a9cbc4044251da069cb3e87fed6f4eaba0e8b9
resnet,mixed,101,bandpass_n20005_cRA_V1_independent_rms_s20,phase2/results/predictions/full/mixed/resnet/seed_101/bandpass_n20005_cRA_V1_independent_rms_s20.npz,76803,1ebcd0cf0d0e475b7a21ea132e5a0ad293726474aba521b581ef756e74d8b3fd
resnet,mixed,101,bandpass_n20005_cRA_V1_independent_rms_s15,phase2/results/predictions/full/mixed/resnet/seed_101/bandpass_n20005_cRA_V1_independent_rms_s15.npz,76794,45c2bd924ac4d48055256804e35c49fce4d8fbce995de781ae8fde3f553592fe
resnet,mixed,101,bandpass_n20005_cRA_V1_independent_rms_s10,phase2/results/predictions/full/mixed/resnet/seed_101/bandpass_n20005_cRA_V1_independent_rms_s10.npz,76738,12aafb954ea25fc67ab800cc4b0a582cc95be195a7488b3ef072690b072490c2
resnet,mixed,101,bandpass_n20005_cRA_V1_independent_rms_s5,phase2/results/predictions/full/mixed/resnet/seed_101/bandpass_n20005_cRA_V1_independent_rms_s5.npz,76665,381f28432d0a13e1cf5bd63e573fc0a3cabad313b5e29196a54cbb1ed813a292
resnet,mixed,101,bandpass_n20005_cRA_V1_independent_rms_s0,phase2/results/predictions/full/mixed/resnet/seed_101/bandpass_n20005_cRA_V1_independent_rms_s0.npz,76379,d65fa6f2faef76ab954d7a786698870f376f69c071476469a309aef1b13fabbf
resnet,mixed,101,bandpass_n20005_cRA_V1_electrode_s20,phase2/results/predictions/full/mixed/resnet/seed_101/bandpass_n20005_cRA_V1_electrode_s20.npz,76769,cba89ff88b462c407c9da35b7f5a24f82ab8fa4ee1222d2571dc251de3c65e71
resnet,mixed,101,bandpass_n20005_cRA_V1_electrode_s15,phase2/results/predictions/full/mixed/resnet/seed_101/bandpass_n20005_cRA_V1_electrode_s15.npz,76792,0cfb91820b69622db78f3d825c7ab25bca8cb7c3c571b367377d9e156ab7f8fe
resnet,mixed,101,bandpass_n20005_cRA_V1_electrode_s10,phase2/results/predictions/full/mixed/resnet/seed_101/bandpass_n20005_cRA_V1_electrode_s10.npz,76721,975388d0e82025f77143e3b2807036d09cfcf701ef55b92ae3014c29b6d722b2
resnet,mixed,101,bandpass_n20005_cRA_V1_electrode_s5,phase2/results/predictions/full/mixed/resnet/seed_101/bandpass_n20005_cRA_V1_electrode_s5.npz,76600,d2f2cf258c1093e25de1eac96268aa7f74f8d35fbd3276fb6c0741049f47c951
resnet,mixed,101,bandpass_n20005_cRA_V1_electrode_s0,phase2/results/predictions/full/mixed/resnet/seed_101/bandpass_n20005_cRA_V1_electrode_s0.npz,76290,f869e8298b2802d1eaa9f58b2bf1947d8a3939d63c7cf0c9fe362c6468a45a50
resnet,mixed,101,bandpass_n20005_cRA_V1_covariance_s20,phase2/results/predictions/full/mixed/resnet/seed_101/bandpass_n20005_cRA_V1_covariance_s20.npz,76745,e53e17643bf9e1165c137c0595b18df24a23578edd9e59eabe580719111b8359
resnet,mixed,101,bandpass_n20005_cRA_V1_covariance_s15,phase2/results/predictions/full/mixed/resnet/seed_101/bandpass_n20005_cRA_V1_covariance_s15.npz,76744,de25a190e03b80a63a8b81dfe08b295fba92ea4f39b82702a3cebbca9c668a8a
resnet,mixed,101,bandpass_n20005_cRA_V1_covariance_s10,phase2/results/predictions/full/mixed/resnet/seed_101/bandpass_n20005_cRA_V1_covariance_s10.npz,76740,a1cfc4a516608dafc09a0dd819cbcc9442be5add541e126b9ec58ec94f4d3f53
resnet,mixed,101,bandpass_n20005_cRA_V1_covariance_s5,phase2/results/predictions/full/mixed/resnet/seed_101/bandpass_n20005_cRA_V1_covariance_s5.npz,76602,fec665f2f6e856cba333623191a0470ac26088bfa77dd58ec6d8d14fed9bc119
resnet,mixed,101,bandpass_n20005_cRA_V1_covariance_s0,phase2/results/predictions/full/mixed/resnet/seed_101/bandpass_n20005_cRA_V1_covariance_s0.npz,76308,f52a7fc9ee0d303f326b92e66cbda11330bee392eb3e4dfcf3ba523efc2072ac
resnet,mixed,101,bandpass_n20005_cLA_V6_independent_rms_s20,phase2/results/predictions/full/mixed/resnet/seed_101/bandpass_n20005_cLA_V6_independent_rms_s20.npz,76787,35beecd2ba92cdebb13a096b9d3cf33151f1354a68466d15e37e6dc03e494a90
resnet,mixed,101,bandpass_n20005_cLA_V6_independent_rms_s15,phase2/results/predictions/full/mixed/resnet/seed_101/bandpass_n20005_cLA_V6_independent_rms_s15.npz,76797,a99cff4c674d2b39551856132881eb3bb52b06e56e1027546dca49cfaa63b64d
resnet,mixed,101,bandpass_n20005_cLA_V6_independent_rms_s10,phase2/results/predictions/full/mixed/resnet/seed_101/bandpass_n20005_cLA_V6_independent_rms_s10.npz,76740,a06303f9236c01b16285e95743f806bef683ef1bfb9c781c893d165483dac454
resnet,mixed,101,bandpass_n20005_cLA_V6_independent_rms_s5,phase2/results/predictions/full/mixed/resnet/seed_101/bandpass_n20005_cLA_V6_independent_rms_s5.npz,76720,9a1a6f36895199208b3837ed609ef5a5cca7d6e75204617e13dbe02b9d322dc6
resnet,mixed,101,bandpass_n20005_cLA_V6_independent_rms_s0,phase2/results/predictions/full/mixed/resnet/seed_101/bandpass_n20005_cLA_V6_independent_rms_s0.npz,76445,0e77c55f385f1aace4c86599c6beb4cec2ce745402b9ae9052cca2f85c04ae17
resnet,mixed,101,bandpass_n20005_cLA_V6_electrode_s20,phase2/results/predictions/full/mixed/resnet/seed_101/bandpass_n20005_cLA_V6_electrode_s20.npz,76792,98ef433f500d98ea9bf3c231ffb6ccc516d23084a0d04954f05266cd92fd7100
resnet,mixed,101,bandpass_n20005_cLA_V6_electrode_s15,phase2/results/predictions/full/mixed/resnet/seed_101/bandpass_n20005_cLA_V6_electrode_s15.npz,76748,55921628e3a6d5a968137a1a3d2ea9767ae682e1fe0be2dee0aef1da9a62183f
resnet,mixed,101,bandpass_n20005_cLA_V6_electrode_s10,phase2/results/predictions/full/mixed/resnet/seed_101/bandpass_n20005_cLA_V6_electrode_s10.npz,76713,c8130ba10d885250fec6caf5c30844ee4bf64f7d5e1a892a645e7d425fcfa54e
resnet,mixed,101,bandpass_n20005_cLA_V6_electrode_s5,phase2/results/predictions/full/mixed/resnet/seed_101/bandpass_n20005_cLA_V6_electrode_s5.npz,76605,ebc4a099a5f77c021c7c9b520c8d3c16e0a285702ca23bf933750515bbd179f5
resnet,mixed,101,bandpass_n20005_cLA_V6_electrode_s0,phase2/results/predictions/full/mixed/resnet/seed_101/bandpass_n20005_cLA_V6_electrode_s0.npz,76201,9cd4a65758c7e566c5901ba87b27a40fefcceddbfcaf50c3a1ae051132104c02
resnet,mixed,101,bandpass_n20005_cLA_V6_covariance_s20,phase2/results/predictions/full/mixed/resnet/seed_101/bandpass_n20005_cLA_V6_covariance_s20.npz,76796,f8e24c39bbe6cec299e53538dc69766b632e4d913852da6d90353d01782b1353
resnet,mixed,101,bandpass_n20005_cLA_V6_covariance_s15,phase2/results/predictions/full/mixed/resnet/seed_101/bandpass_n20005_cLA_V6_covariance_s15.npz,76797,ed59da0fc17f942b1431bde2f97fb1844c8a49f55efcd678ad5e2f74356d47b0
resnet,mixed,101,bandpass_n20005_cLA_V6_covariance_s10,phase2/results/predictions/full/mixed/resnet/seed_101/bandpass_n20005_cLA_V6_covariance_s10.npz,76728,0c046d7a33abc7ba8f87217089a8f23c5018c6746856a35efdb07201ae49f5ad
resnet,mixed,101,bandpass_n20005_cLA_V6_covariance_s5,phase2/results/predictions/full/mixed/resnet/seed_101/bandpass_n20005_cLA_V6_covariance_s5.npz,76569,4f56c6d0f3ed4c26864fa28aef990e1ddcbb80669ed60c0a0d3f09ae83fde136
resnet,mixed,101,bandpass_n20005_cLA_V6_covariance_s0,phase2/results/predictions/full/mixed/resnet/seed_101/bandpass_n20005_cLA_V6_covariance_s0.npz,76219,cc2a4c44172a33da4d8fcc4f302fd11eee12c19c205d54ac8f359ad614539f4c
resnet,mixed,101,bandpass_n20005_cLL_V4_independent_rms_s20,phase2/results/predictions/full/mixed/resnet/seed_101/bandpass_n20005_cLL_V4_independent_rms_s20.npz,76785,efa84ba44d62ba0be058443791f1c42b52ed5a92de6fb89e0952ab15241baf94
resnet,mixed,101,bandpass_n20005_cLL_V4_independent_rms_s15,phase2/results/predictions/full/mixed/resnet/seed_101/bandpass_n20005_cLL_V4_independent_rms_s15.npz,76767,f738e97d45a65c5ae5ba6e20858edc441ac35880eddc849fcbece2603d29d7a4
resnet,mixed,101,bandpass_n20005_cLL_V4_independent_rms_s10,phase2/results/predictions/full/mixed/resnet/seed_101/bandpass_n20005_cLL_V4_independent_rms_s10.npz,76720,c1e904fed10c62243756e60ce1efb4ec2c4a705c5bf7ad3c13ee72dd35f75a5a
resnet,mixed,101,bandpass_n20005_cLL_V4_independent_rms_s5,phase2/results/predictions/full/mixed/resnet/seed_101/bandpass_n20005_cLL_V4_independent_rms_s5.npz,76653,a973bb108b851533ce7871db379ab2291f81bae763a35dbe04a6f9b158a7918f
resnet,mixed,101,bandpass_n20005_cLL_V4_independent_rms_s0,phase2/results/predictions/full/mixed/resnet/seed_101/bandpass_n20005_cLL_V4_independent_rms_s0.npz,76360,aace9308b365cecfd1755a11a3d691649655aaf80087fdd80f55b44f4170133f
resnet,mixed,101,bandpass_n20005_cLL_V4_electrode_s20,phase2/results/predictions/full/mixed/resnet/seed_101/bandpass_n20005_cLL_V4_electrode_s20.npz,76760,7b65e3702dd82fc29953025cfeec79988736ff3f851e4a63dbef87ac91a910f9
resnet,mixed,101,bandpass_n20005_cLL_V4_electrode_s15,phase2/results/predictions/full/mixed/resnet/seed_101/bandpass_n20005_cLL_V4_electrode_s15.npz,76744,37769719a25b5db9c6078c127b3f3b1e892a4cc5e38a12ab5d8b6ded14f5038b
resnet,mixed,101,bandpass_n20005_cLL_V4_electrode_s10,phase2/results/predictions/full/mixed/resnet/seed_101/bandpass_n20005_cLL_V4_electrode_s10.npz,76685,81bfd87093dd53e147e26f7a2023fd75c05c0588e94b8bce19ae779e21884259
resnet,mixed,101,bandpass_n20005_cLL_V4_electrode_s5,phase2/results/predictions/full/mixed/resnet/seed_101/bandpass_n20005_cLL_V4_electrode_s5.npz,76434,30df315bbc28a7482d2637b7960830e42d780cbda1e03292c5a79ca7381605bb
resnet,mixed,101,bandpass_n20005_cLL_V4_electrode_s0,phase2/results/predictions/full/mixed/resnet/seed_101/bandpass_n20005_cLL_V4_electrode_s0.npz,76087,f2ee2cbaff53219b8217b263c5744db1049e4502a16dd307602202e6a71a88a6
resnet,mixed,101,bandpass_n20005_cLL_V4_covariance_s20,phase2/results/predictions/full/mixed/resnet/seed_101/bandpass_n20005_cLL_V4_covariance_s20.npz,76771,947feab9065264c8264779a37a5463f540eb8b12daabaf876e244b91e18f5f74
resnet,mixed,101,bandpass_n20005_cLL_V4_covariance_s15,phase2/results/predictions/full/mixed/resnet/seed_101/bandpass_n20005_cLL_V4_covariance_s15.npz,76711,d8f6cb9e6ecc062fc7b54fc51cbee72c372127885b75aef8f0c1bb16dfcddff8
resnet,mixed,101,bandpass_n20005_cLL_V4_covariance_s10,phase2/results/predictions/full/mixed/resnet/seed_101/bandpass_n20005_cLL_V4_covariance_s10.npz,76708,4f6c9f576c7f79bc6d128a621e4229c1bf9790d6c604a1178bb3d1d4607660d0
resnet,mixed,101,bandpass_n20005_cLL_V4_covariance_s5,phase2/results/predictions/full/mixed/resnet/seed_101/bandpass_n20005_cLL_V4_covariance_s5.npz,76476,3fb484a40b4f507aa0985e3b07ff1f1d881da6f5bf2a627a791bb1e023cdc1a5
resnet,mixed,101,bandpass_n20005_cLL_V4_covariance_s0,phase2/results/predictions/full/mixed/resnet/seed_101/bandpass_n20005_cLL_V4_covariance_s0.npz,76099,2e194c47e9bc2a54424823f0fc2b9090faa398a5a6def6b6ec77026949d4d987
resnet,mixed,101,bandpass_n20005_cRA_LA_V1_V6_independent_rms_s20,phase2/results/predictions/full/mixed/resnet/seed_101/bandpass_n20005_cRA_LA_V1_V6_independent_rms_s20.npz,76803,5237eb19aa722d8d189f3c1e35da2bb3be766447f92287ba30c577b7f340f137
resnet,mixed,101,bandpass_n20005_cRA_LA_V1_V6_independent_rms_s15,phase2/results/predictions/full/mixed/resnet/seed_101/bandpass_n20005_cRA_LA_V1_V6_independent_rms_s15.npz,76802,f3b23f45a4e4fc03e3d7006a3b35a74efed07da1879132d9a58b401861e25dcc
resnet,mixed,101,bandpass_n20005_cRA_LA_V1_V6_independent_rms_s10,phase2/results/predictions/full/mixed/resnet/seed_101/bandpass_n20005_cRA_LA_V1_V6_independent_rms_s10.npz,76748,eb6f3959e50319bd99db61e967cb919f8b50bf949f00f2264eb88e527bae54b8
resnet,mixed,101,bandpass_n20005_cRA_LA_V1_V6_independent_rms_s5,phase2/results/predictions/full/mixed/resnet/seed_101/bandpass_n20005_cRA_LA_V1_V6_independent_rms_s5.npz,76728,e9e3b43e6e246b08e510476a222227aff89f0d410911c67b7ef58c0ae6f6d33c
resnet,mixed,101,bandpass_n20005_cRA_LA_V1_V6_independent_rms_s0,phase2/results/predictions/full/mixed/resnet/seed_101/bandpass_n20005_cRA_LA_V1_V6_independent_rms_s0.npz,76423,a6c435b6c92c9158b9e70b60264f39e390f20dc75089e6bc7f198d861bb39cfd
resnet,mixed,101,bandpass_n20005_cRA_LA_V1_V6_electrode_s20,phase2/results/predictions/full/mixed/resnet/seed_101/bandpass_n20005_cRA_LA_V1_V6_electrode_s20.npz,76787,802ee0b5df43c08ca7eda0e041eab550123327cd947dfc9d4658c46aae06dc69
resnet,mixed,101,bandpass_n20005_cRA_LA_V1_V6_electrode_s15,phase2/results/predictions/full/mixed/resnet/seed_101/bandpass_n20005_cRA_LA_V1_V6_electrode_s15.npz,76746,57b4c525a45d706754a532da8fbe1d10701cd7e4bc01249286528fbedb4ff9ef
resnet,mixed,101,bandpass_n20005_cRA_LA_V1_V6_electrode_s10,phase2/results/predictions/full/mixed/resnet/seed_101/bandpass_n20005_cRA_LA_V1_V6_electrode_s10.npz,76717,acbbada9e0297967f34a0aa6b6aeae4223e0cee452cedab9713923a99e5ce3ae
resnet,mixed,101,bandpass_n20005_cRA_LA_V1_V6_electrode_s5,phase2/results/predictions/full/mixed/resnet/seed_101/bandpass_n20005_cRA_LA_V1_V6_electrode_s5.npz,76547,f309a0504f43128cf9c6ce80d947967a023dc0025f2e8be9516cbd3774e343ac
resnet,mixed,101,bandpass_n20005_cRA_LA_V1_V6_electrode_s0,phase2/results/predictions/full/mixed/resnet/seed_101/bandpass_n20005_cRA_LA_V1_V6_electrode_s0.npz,76203,278efa3b108047d73b2d3a50407522cff778d6ff02b22a7be979fecdbc1d049b
resnet,mixed,101,bandpass_n20005_cRA_LA_V1_V6_covariance_s20,phase2/results/predictions/full/mixed/resnet/seed_101/bandpass_n20005_cRA_LA_V1_V6_covariance_s20.npz,76784,e2a031d93df557c5f5b76b36044927befd309b621547d8b65b3b3f16d6a4b9ac
resnet,mixed,101,bandpass_n20005_cRA_LA_V1_V6_covariance_s15,phase2/results/predictions/full/mixed/resnet/seed_101/bandpass_n20005_cRA_LA_V1_V6_covariance_s15.npz,76794,6f903a02bce21b0d0a345c31817f8913cb63061437023094de59af777916c3bf
resnet,mixed,101,bandpass_n20005_cRA_LA_V1_V6_covariance_s10,phase2/results/predictions/full/mixed/resnet/seed_101/bandpass_n20005_cRA_LA_V1_V6_covariance_s10.npz,76729,510f91f53abf47463576ea621192e7f9f2b68d7b18e975b8b324787413b0f0a1
resnet,mixed,101,bandpass_n20005_cRA_LA_V1_V6_covariance_s5,phase2/results/predictions/full/mixed/resnet/seed_101/bandpass_n20005_cRA_LA_V1_V6_covariance_s5.npz,76575,2febef7c6d2b2d59914d34354ac1b15c8add1365a71e0dc6851d7230e4ad0167
resnet,mixed,101,bandpass_n20005_cRA_LA_V1_V6_covariance_s0,phase2/results/predictions/full/mixed/resnet/seed_101/bandpass_n20005_cRA_LA_V1_V6_covariance_s0.npz,76212,daba84f5a077dc48afa4dbad739ebda6dceed1b6c0db83dce4ff8fc04f73138e
resnet,mixed,101,bandpass_n20005_cRA_V2_V5_independent_rms_s20,phase2/results/predictions/full/mixed/resnet/seed_101/bandpass_n20005_cRA_V2_V5_independent_rms_s20.npz,76785,f1a52af0d8669f2637d985f90f85eb290e2f29c98ae92700a2bb103e7db31bfd
resnet,mixed,101,bandpass_n20005_cRA_V2_V5_independent_rms_s15,phase2/results/predictions/full/mixed/resnet/seed_101/bandpass_n20005_cRA_V2_V5_independent_rms_s15.npz,76800,d28512b3686a95df1b7b982539fb15a6d9c6715fb2d27e1972b07d746c9df642
resnet,mixed,101,bandpass_n20005_cRA_V2_V5_independent_rms_s10,phase2/results/predictions/full/mixed/resnet/seed_101/bandpass_n20005_cRA_V2_V5_independent_rms_s10.npz,76762,6686c681d7d7acb4a0c9f02fed01d173b64b70a1cf76f659ba9dbee79afd8d92
resnet,mixed,101,bandpass_n20005_cRA_V2_V5_independent_rms_s5,phase2/results/predictions/full/mixed/resnet/seed_101/bandpass_n20005_cRA_V2_V5_independent_rms_s5.npz,76715,3a274e85ce47f2a1678c660f03a82f9c3531989320f9ba39668f8c07069a599d
resnet,mixed,101,bandpass_n20005_cRA_V2_V5_independent_rms_s0,phase2/results/predictions/full/mixed/resnet/seed_101/bandpass_n20005_cRA_V2_V5_independent_rms_s0.npz,76399,5211bb6fde70821986509e42d3a639b72bd5c1b875cd4e3a85c23244d48a2038
resnet,mixed,101,bandpass_n20005_cRA_V2_V5_electrode_s20,phase2/results/predictions/full/mixed/resnet/seed_101/bandpass_n20005_cRA_V2_V5_electrode_s20.npz,76792,27ebecc2e272dcc6bd70301d84fb6d7052352343ad8ba17bcab887313fdb90ed
resnet,mixed,101,bandpass_n20005_cRA_V2_V5_electrode_s15,phase2/results/predictions/full/mixed/resnet/seed_101/bandpass_n20005_cRA_V2_V5_electrode_s15.npz,76782,4206f84afac11adfeea0901e314c91d5582c49d64ac6aa4fef160f55c9ac878b
resnet,mixed,101,bandpass_n20005_cRA_V2_V5_electrode_s10,phase2/results/predictions/full/mixed/resnet/seed_101/bandpass_n20005_cRA_V2_V5_electrode_s10.npz,76721,60a1a75aff6c8067fe8de8abbdbb4a5725987bd4a28a5c1251f3c1cc36343b9a
resnet,mixed,101,bandpass_n20005_cRA_V2_V5_electrode_s5,phase2/results/predictions/full/mixed/resnet/seed_101/bandpass_n20005_cRA_V2_V5_electrode_s5.npz,76621,070e061b26c25f731de85e9331322ac05ef575f7633567f44009bc99724b8919
resnet,mixed,101,bandpass_n20005_cRA_V2_V5_electrode_s0,phase2/results/predictions/full/mixed/resnet/seed_101/bandpass_n20005_cRA_V2_V5_electrode_s0.npz,76358,acb96a0c654dab6f69c1e4f8e509a77dc1aaa8b08bdf1f9a1c571bb378c3b4a4
resnet,mixed,101,bandpass_n20005_cRA_V2_V5_covariance_s20,phase2/results/predictions/full/mixed/resnet/seed_101/bandpass_n20005_cRA_V2_V5_covariance_s20.npz,76789,a14c95503bcbe13ce370419db844ee130686b4bc2b7e586dd2972f5b4231a9d8
resnet,mixed,101,bandpass_n20005_cRA_V2_V5_covariance_s15,phase2/results/predictions/full/mixed/resnet/seed_101/bandpass_n20005_cRA_V2_V5_covariance_s15.npz,76749,5b7375cc85e3d2c161f417724693080fdc3fc5a711a9fe5183ad4bfef6e2e641
resnet,mixed,101,bandpass_n20005_cRA_V2_V5_covariance_s10,phase2/results/predictions/full/mixed/resnet/seed_101/bandpass_n20005_cRA_V2_V5_covariance_s10.npz,76684,e556ba5697db5bfbe341dc50e5aa40b0ffbdf15634a6610641e7323b100a8cd4
resnet,mixed,101,bandpass_n20005_cRA_V2_V5_covariance_s5,phase2/results/predictions/full/mixed/resnet/seed_101/bandpass_n20005_cRA_V2_V5_covariance_s5.npz,76620,d31d3b68c89768a12467133424678ffb8baa11d1d4c5fbee038babbfbcc1563e
resnet,mixed,101,bandpass_n20005_cRA_V2_V5_covariance_s0,phase2/results/predictions/full/mixed/resnet/seed_101/bandpass_n20005_cRA_V2_V5_covariance_s0.npz,76324,9012fdf7c648bf4e6fd07fce4a08efef0e7f9a2c298018104af21a7918fa9344
resnet,mixed,101,bandpass_n20005_cLA_V3_V6_independent_rms_s20,phase2/results/predictions/full/mixed/resnet/seed_101/bandpass_n20005_cLA_V3_V6_independent_rms_s20.npz,76796,a0c1e2782fb3c275eb9cfcc66bf5c3231d516f63cb846442849ef8f8b4052a84
resnet,mixed,101,bandpass_n20005_cLA_V3_V6_independent_rms_s15,phase2/results/predictions/full/mixed/resnet/seed_101/bandpass_n20005_cLA_V3_V6_independent_rms_s15.npz,76779,fedff77a84d14ad35a93a4505d08cd96dcb1562c87bc91f487928c43b67f0022
resnet,mixed,101,bandpass_n20005_cLA_V3_V6_independent_rms_s10,phase2/results/predictions/full/mixed/resnet/seed_101/bandpass_n20005_cLA_V3_V6_independent_rms_s10.npz,76788,d182b4193478bb419c27bd3afedfb60d61f6304b2e0a49fefc3e37052c23c5a6
resnet,mixed,101,bandpass_n20005_cLA_V3_V6_independent_rms_s5,phase2/results/predictions/full/mixed/resnet/seed_101/bandpass_n20005_cLA_V3_V6_independent_rms_s5.npz,76734,975ed0ce4b2c9bdc5b952cf581086328aee14c7994f88de1557fd85c1144eab8
resnet,mixed,101,bandpass_n20005_cLA_V3_V6_independent_rms_s0,phase2/results/predictions/full/mixed/resnet/seed_101/bandpass_n20005_cLA_V3_V6_independent_rms_s0.npz,76432,0da720eb6933fdbd18ffb4f2eaa90d7191e7bbc1f68bb0725d0df8ecbe454edb
resnet,mixed,101,bandpass_n20005_cLA_V3_V6_electrode_s20,phase2/results/predictions/full/mixed/resnet/seed_101/bandpass_n20005_cLA_V3_V6_electrode_s20.npz,76794,14a137e84a0b3acdca7ef31c7b99aba79bbf3362034460f9d2619f94931c32dd
resnet,mixed,101,bandpass_n20005_cLA_V3_V6_electrode_s15,phase2/results/predictions/full/mixed/resnet/seed_101/bandpass_n20005_cLA_V3_V6_electrode_s15.npz,76758,45910de852a916474ebc6b4b9a22cb9c98c16b46922bb137210bc2880616af2d
resnet,mixed,101,bandpass_n20005_cLA_V3_V6_electrode_s10,phase2/results/predictions/full/mixed/resnet/seed_101/bandpass_n20005_cLA_V3_V6_electrode_s10.npz,76744,07563c1c8ae4aca16f7b497d410531188be9ee3f1036760eaeabb09ab7614b6b
resnet,mixed,101,bandpass_n20005_cLA_V3_V6_electrode_s5,phase2/results/predictions/full/mixed/resnet/seed_101/bandpass_n20005_cLA_V3_V6_electrode_s5.npz,76557,cf03434218cea8120d5b97fa1567fcf72e105eab951f17d5a801a00adfa3dc46
resnet,mixed,101,bandpass_n20005_cLA_V3_V6_electrode_s0,phase2/results/predictions/full/mixed/resnet/seed_101/bandpass_n20005_cLA_V3_V6_electrode_s0.npz,76251,33f883cfec70b710b6857a56730e26b19cbf244ca050cf96bf4a23ba11996dc6
resnet,mixed,101,bandpass_n20005_cLA_V3_V6_covariance_s20,phase2/results/predictions/full/mixed/resnet/seed_101/bandpass_n20005_cLA_V3_V6_covariance_s20.npz,76796,c1d2dec6195b167cce09ae79344b7ef1dba8d61cd2264914ff24628fd32fb343
resnet,mixed,101,bandpass_n20005_cLA_V3_V6_covariance_s15,phase2/results/predictions/full/mixed/resnet/seed_101/bandpass_n20005_cLA_V3_V6_covariance_s15.npz,76798,e09e5d974d7786630a2dcd6ae06c719e3f3fc52cdf5d2bbc8bafd47cc45440c9
resnet,mixed,101,bandpass_n20005_cLA_V3_V6_covariance_s10,phase2/results/predictions/full/mixed/resnet/seed_101/bandpass_n20005_cLA_V3_V6_covariance_s10.npz,76711,63dcd1d70c9fe21d25df70c42723200f9d9c05091034a7d2505c640f5e4a47de
resnet,mixed,101,bandpass_n20005_cLA_V3_V6_covariance_s5,phase2/results/predictions/full/mixed/resnet/seed_101/bandpass_n20005_cLA_V3_V6_covariance_s5.npz,76625,8639e5b263a348e3400d0275e206d0773b53817e65708bc089919b8b4a9210ef
resnet,mixed,101,bandpass_n20005_cLA_V3_V6_covariance_s0,phase2/results/predictions/full/mixed/resnet/seed_101/bandpass_n20005_cLA_V3_V6_covariance_s0.npz,76270,40427e4d7da3a79c07219fbb2ecbffedcd16677572af2037898da05f22996fa1
resnet,mixed,101,bandpass_n20005_cLL_V1_V4_independent_rms_s20,phase2/results/predictions/full/mixed/resnet/seed_101/bandpass_n20005_cLL_V1_V4_independent_rms_s20.npz,76788,7f55639c37b9ab191b1e1b6d62da3184c04036d6166efc2745ee61e12788b828
resnet,mixed,101,bandpass_n20005_cLL_V1_V4_independent_rms_s15,phase2/results/predictions/full/mixed/resnet/seed_101/bandpass_n20005_cLL_V1_V4_independent_rms_s15.npz,76786,9d796dc3a54bc3168cb6a8d55d7e56d70aa8e6afe40dc2bc9fc254d6ddb98afd
resnet,mixed,101,bandpass_n20005_cLL_V1_V4_independent_rms_s10,phase2/results/predictions/full/mixed/resnet/seed_101/bandpass_n20005_cLL_V1_V4_independent_rms_s10.npz,76766,ee3e7e838f5bafd6bf6ac3b3805cfce5f7c7e14ac868aafe3e3f80ca21b8f9b6
resnet,mixed,101,bandpass_n20005_cLL_V1_V4_independent_rms_s5,phase2/results/predictions/full/mixed/resnet/seed_101/bandpass_n20005_cLL_V1_V4_independent_rms_s5.npz,76666,f99684aa4b0ab3f2ded204ca5bf4d9ff55620b3fa2d378c1674fe4abc4a7f5dd
resnet,mixed,101,bandpass_n20005_cLL_V1_V4_independent_rms_s0,phase2/results/predictions/full/mixed/resnet/seed_101/bandpass_n20005_cLL_V1_V4_independent_rms_s0.npz,76317,aec33c0238d378069c3ff4bd98f28918a482522595db8a62119d34adf9183ff4
resnet,mixed,101,bandpass_n20005_cLL_V1_V4_electrode_s20,phase2/results/predictions/full/mixed/resnet/seed_101/bandpass_n20005_cLL_V1_V4_electrode_s20.npz,76795,9f1c0ac4930415760b68346a5042b2f5dee5576e2f84b026b3ef9c2674b9052b
resnet,mixed,101,bandpass_n20005_cLL_V1_V4_electrode_s15,phase2/results/predictions/full/mixed/resnet/seed_101/bandpass_n20005_cLL_V1_V4_electrode_s15.npz,76744,a46140b7b8d7c7db6d17056f70c6319f2c7e2878584bd7cc2b0b599caac97a69
resnet,mixed,101,bandpass_n20005_cLL_V1_V4_electrode_s10,phase2/results/predictions/full/mixed/resnet/seed_101/bandpass_n20005_cLL_V1_V4_electrode_s10.npz,76694,0625ab3ce5422a1a16d7889db962d90d7a1cd4995865b59b4e61e3708c7604dd
resnet,mixed,101,bandpass_n20005_cLL_V1_V4_electrode_s5,phase2/results/predictions/full/mixed/resnet/seed_101/bandpass_n20005_cLL_V1_V4_electrode_s5.npz,76499,70d73eb85734309d0fa457e9140bcde88acdbed1f89fbd44aefb90a3e0ac703f
resnet,mixed,101,bandpass_n20005_cLL_V1_V4_electrode_s0,phase2/results/predictions/full/mixed/resnet/seed_101/bandpass_n20005_cLL_V1_V4_electrode_s0.npz,76117,8222251ad156824c3510767d75178afa23ae7f9a87c5a0636a7dbe79e09fc1bf
resnet,mixed,101,bandpass_n20005_cLL_V1_V4_covariance_s20,phase2/results/predictions/full/mixed/resnet/seed_101/bandpass_n20005_cLL_V1_V4_covariance_s20.npz,76778,2c6c29cbd292e18847e646275c5fb5716067b9578f27a82083d7917511f7ad54
resnet,mixed,101,bandpass_n20005_cLL_V1_V4_covariance_s15,phase2/results/predictions/full/mixed/resnet/seed_101/bandpass_n20005_cLL_V1_V4_covariance_s15.npz,76782,b40171e3f49085d0a7b1da4677f5b9b2f44f60d2de7f40a9ab68dab7af61ba4a
resnet,mixed,101,bandpass_n20005_cLL_V1_V4_covariance_s10,phase2/results/predictions/full/mixed/resnet/seed_101/bandpass_n20005_cLL_V1_V4_covariance_s10.npz,76699,95aa56ab40dcd0edcd52250dc640d936c899aa6270fb255463f3040c3050bc9c
resnet,mixed,101,bandpass_n20005_cLL_V1_V4_covariance_s5,phase2/results/predictions/full/mixed/resnet/seed_101/bandpass_n20005_cLL_V1_V4_covariance_s5.npz,76496,d4af2df42633e71496245cdc50c52a8b4192fa756190b5fcbb9abf7c871db58e
resnet,mixed,101,bandpass_n20005_cLL_V1_V4_covariance_s0,phase2/results/predictions/full/mixed/resnet/seed_101/bandpass_n20005_cLL_V1_V4_covariance_s0.npz,76134,8aae6e06af0a2a2268db967e73e6784dc803be3c591651551c6ea4b7c5003b60
resnet,mixed,101,bandpass_n20005_call_independent_rms_s20,phase2/results/predictions/full/mixed/resnet/seed_101/bandpass_n20005_call_independent_rms_s20.npz,76783,ebaab9a3fd59987ae7aed6cde40a4cf2f72dd20110b3b8bfafd9f7b0a407ff45
resnet,mixed,101,bandpass_n20005_call_independent_rms_s15,phase2/results/predictions/full/mixed/resnet/seed_101/bandpass_n20005_call_independent_rms_s15.npz,76725,e84b1b2eb7c2f65058038cd1589c375aaf52b5151ce8de8c33e104a96dba857e
resnet,mixed,101,bandpass_n20005_call_independent_rms_s10,phase2/results/predictions/full/mixed/resnet/seed_101/bandpass_n20005_call_independent_rms_s10.npz,76732,b58a00356dbd95c0c1508785a804650461251cd404ba6ee484f47ddb4949d8cf
resnet,mixed,101,bandpass_n20005_call_independent_rms_s5,phase2/results/predictions/full/mixed/resnet/seed_101/bandpass_n20005_call_independent_rms_s5.npz,76693,2ca1e6ed6da7700dfcefd354c1d1f43112d5f1a2c417ee31d0a6535728dcd0ac
resnet,mixed,101,bandpass_n20005_call_independent_rms_s0,phase2/results/predictions/full/mixed/resnet/seed_101/bandpass_n20005_call_independent_rms_s0.npz,76352,4a3a803b5e2f4ad48e068542a6b278306714a117d3b33262a3db3c27cbb109cd
resnet,mixed,101,bandpass_n20005_call_electrode_s20,phase2/results/predictions/full/mixed/resnet/seed_101/bandpass_n20005_call_electrode_s20.npz,76774,e22522e24e85ac60b57e83afff3ff29f8a0ee2fc2a86644e5a0fa51f9a37c268
resnet,mixed,101,bandpass_n20005_call_electrode_s15,phase2/results/predictions/full/mixed/resnet/seed_101/bandpass_n20005_call_electrode_s15.npz,76692,035e97119876a33ebf5010f8ad2eec9c8af79dcf1f479e3f80ee8928590c8be1
resnet,mixed,101,bandpass_n20005_call_electrode_s10,phase2/results/predictions/full/mixed/resnet/seed_101/bandpass_n20005_call_electrode_s10.npz,76664,0f8a90d94e76d7d1da6b01878306b7cbadc2a1297bf342d60c197f9850732fdf
resnet,mixed,101,bandpass_n20005_call_electrode_s5,phase2/results/predictions/full/mixed/resnet/seed_101/bandpass_n20005_call_electrode_s5.npz,76546,af0c3ce314384f4697faca3e4710334cc9082965a80cdb7e2665fa930887c2c4
resnet,mixed,101,bandpass_n20005_call_electrode_s0,phase2/results/predictions/full/mixed/resnet/seed_101/bandpass_n20005_call_electrode_s0.npz,76195,02cc2a9a7aa017e838fc817170192258003be27434a26eec292b57a9909f462a
resnet,mixed,101,bandpass_n20005_call_covariance_s20,phase2/results/predictions/full/mixed/resnet/seed_101/bandpass_n20005_call_covariance_s20.npz,76771,beb7eb945ecb0db863199952bf9e835d4e3f58d758bcf1dc5a822f0dc33ba298
resnet,mixed,101,bandpass_n20005_call_covariance_s15,phase2/results/predictions/full/mixed/resnet/seed_101/bandpass_n20005_call_covariance_s15.npz,76726,e280e6fff27855adc2c18ebddb70b9fa9cc2153e8590c5effe2d8cfddd9d5ba6
resnet,mixed,101,bandpass_n20005_call_covariance_s10,phase2/results/predictions/full/mixed/resnet/seed_101/bandpass_n20005_call_covariance_s10.npz,76673,5a85eb2996bf63f5c732d27e759ab61cef3c9e800e1425b885b3d3a99435ef07
resnet,mixed,101,bandpass_n20005_call_covariance_s5,phase2/results/predictions/full/mixed/resnet/seed_101/bandpass_n20005_call_covariance_s5.npz,76533,f5b664c8556a5428540b15d1566f8d1a0ff6d100af4382bae70ed04142724f89
resnet,mixed,101,bandpass_n20005_call_covariance_s0,phase2/results/predictions/full/mixed/resnet/seed_101/bandpass_n20005_call_covariance_s0.npz,76119,5a7b6529cfc7d8feb05b0a8dfd33347f0817d8c5ffebcdbe7712bbca6c3e5849
resnet,mixed,101,bw_n20001_call_independent_rms_s20,phase2/results/predictions/full/mixed/resnet/seed_101/bw_n20001_call_independent_rms_s20.npz,76756,eb7b0c4ecb375159cd3eaf2f6947588a5bdbaa3fe057f43dddb94e33db97edf4
resnet,mixed,101,bw_n20001_call_independent_rms_s10,phase2/results/predictions/full/mixed/resnet/seed_101/bw_n20001_call_independent_rms_s10.npz,76742,8d78e79b367e3d8184a78bd3c90dbc680a2b71f2cfa08d3e564432cace8c6bb2
resnet,mixed,101,bw_n20001_call_independent_rms_s0,phase2/results/predictions/full/mixed/resnet/seed_101/bw_n20001_call_independent_rms_s0.npz,76698,0d1ce7f7d9736138c703e95ac560f41781702d713740b092f491344e35fcbf08
resnet,mixed,101,bw_n20001_call_electrode_s20,phase2/results/predictions/full/mixed/resnet/seed_101/bw_n20001_call_electrode_s20.npz,76750,9c949962c8081d4d9d49d41f811635b587b33ddfd60ca136762f79fb0e5fa4ca
resnet,mixed,101,bw_n20001_call_electrode_s10,phase2/results/predictions/full/mixed/resnet/seed_101/bw_n20001_call_electrode_s10.npz,76739,d17431e55abb8d46109d8d97250c904bb7d5b4841050580ab399e2e7f0e747b5
resnet,mixed,101,bw_n20001_call_electrode_s0,phase2/results/predictions/full/mixed/resnet/seed_101/bw_n20001_call_electrode_s0.npz,76716,fe2f81895a2eee9f4a47555109999a1f34f7f1920d76bbe137a4dade1f5ec433
resnet,mixed,101,bw_n20001_call_covariance_s20,phase2/results/predictions/full/mixed/resnet/seed_101/bw_n20001_call_covariance_s20.npz,76746,ac7c00ee51444d797b8570cf9626a0c1b93f1c5bee5b2e2109b552d4501900f6
resnet,mixed,101,bw_n20001_call_covariance_s10,phase2/results/predictions/full/mixed/resnet/seed_101/bw_n20001_call_covariance_s10.npz,76677,ab5ea5d16fb4db77aecb21dd2e58c05c21c5e709a8b1bcd605fecc202164ac42
resnet,mixed,101,bw_n20001_call_covariance_s0,phase2/results/predictions/full/mixed/resnet/seed_101/bw_n20001_call_covariance_s0.npz,76672,72553e41e594a6453091f9a4bd27e95935b79533abd80bf24624a59d0209fef6
resnet,mixed,101,bw_n20002_call_independent_rms_s20,phase2/results/predictions/full/mixed/resnet/seed_101/bw_n20002_call_independent_rms_s20.npz,76732,0c52c9917656d836f83f91f3b723123475c6cdb110143d3c829bcd67c77110ee
resnet,mixed,101,bw_n20002_call_independent_rms_s10,phase2/results/predictions/full/mixed/resnet/seed_101/bw_n20002_call_independent_rms_s10.npz,76734,074b4c7e9b440039c3cc9af228cfe567f5c4bf8296e0d8db756238dbd5261ceb
resnet,mixed,101,bw_n20002_call_independent_rms_s0,phase2/results/predictions/full/mixed/resnet/seed_101/bw_n20002_call_independent_rms_s0.npz,76705,497a15f59f647c6d25ad37023902fe2bc41b3f87b9794f7513f5b9af61cf2b12
resnet,mixed,101,bw_n20002_call_electrode_s20,phase2/results/predictions/full/mixed/resnet/seed_101/bw_n20002_call_electrode_s20.npz,76723,5de3e7aa8d9d24a00643a15517fe3b7adb92564106381f3b83fbcca4e6e5053d
resnet,mixed,101,bw_n20002_call_electrode_s10,phase2/results/predictions/full/mixed/resnet/seed_101/bw_n20002_call_electrode_s10.npz,76724,1b99fcd656ee7cc51e1c5523c62e7f226057d50f6e1a016d8c9d50d57452c1d0
resnet,mixed,101,bw_n20002_call_electrode_s0,phase2/results/predictions/full/mixed/resnet/seed_101/bw_n20002_call_electrode_s0.npz,76686,39a870c8bd4e640a2b6130a9c591aa5e1172bbec50c07ceef8f9d2955bc3081a
resnet,mixed,101,bw_n20002_call_covariance_s20,phase2/results/predictions/full/mixed/resnet/seed_101/bw_n20002_call_covariance_s20.npz,76719,fe408d9aa7bedde2d9abc6aa8656dc8ddbe88bd74b3c2be9562a9b7a15dc6fb1
resnet,mixed,101,bw_n20002_call_covariance_s10,phase2/results/predictions/full/mixed/resnet/seed_101/bw_n20002_call_covariance_s10.npz,76724,a7777b82dbd50d5c8511c77f7c9f8f3a505667b7c9fdb9414f0698624136fb30
resnet,mixed,101,bw_n20002_call_covariance_s0,phase2/results/predictions/full/mixed/resnet/seed_101/bw_n20002_call_covariance_s0.npz,76698,d9ca0fd2ac26bb8e19f78fd651cebc22df484ee2369797673c6c2f39e8002bd2
resnet,mixed,101,bw_n20003_call_independent_rms_s20,phase2/results/predictions/full/mixed/resnet/seed_101/bw_n20003_call_independent_rms_s20.npz,76758,ced913099401d9e15e9f0d9848040e2f5ba4ef90fa0d04e24e519ed75e9c9b03
resnet,mixed,101,bw_n20003_call_independent_rms_s10,phase2/results/predictions/full/mixed/resnet/seed_101/bw_n20003_call_independent_rms_s10.npz,76735,27be11260b25543ef4526e2306c206e9b9fbe7e8467dd1cd60468f44c7cc55d8
resnet,mixed,101,bw_n20003_call_independent_rms_s0,phase2/results/predictions/full/mixed/resnet/seed_101/bw_n20003_call_independent_rms_s0.npz,76729,bf269e85c14a029996f71539ee73a712a08a990ec2a01678bc4969951b86a1da
resnet,mixed,101,bw_n20003_call_electrode_s20,phase2/results/predictions/full/mixed/resnet/seed_101/bw_n20003_call_electrode_s20.npz,76736,7850caca361fbc9d9eaea655534e8256daa97c9e497b7c965be13628edaa5a29
resnet,mixed,101,bw_n20003_call_electrode_s10,phase2/results/predictions/full/mixed/resnet/seed_101/bw_n20003_call_electrode_s10.npz,76705,6a722cfd38576bdfca17428166e4d80bb7947b250ad8fe357c17d4ed71dd6599
resnet,mixed,101,bw_n20003_call_electrode_s0,phase2/results/predictions/full/mixed/resnet/seed_101/bw_n20003_call_electrode_s0.npz,76664,1a164d4e31b227daa6a27f90777f6fee49fbab05f8aea599fabc7e44b1e87cc4
resnet,mixed,101,bw_n20003_call_covariance_s20,phase2/results/predictions/full/mixed/resnet/seed_101/bw_n20003_call_covariance_s20.npz,76750,61774ca3588e38d7cb78fc2a44db6bfeddd100c4a7128b7c369e1bc12f010485
resnet,mixed,101,bw_n20003_call_covariance_s10,phase2/results/predictions/full/mixed/resnet/seed_101/bw_n20003_call_covariance_s10.npz,76706,c38e74d18b88856fe9be91c035e3c1215525f6a16f32577855112bbe68ac06d1
resnet,mixed,101,bw_n20003_call_covariance_s0,phase2/results/predictions/full/mixed/resnet/seed_101/bw_n20003_call_covariance_s0.npz,76684,5a6edc0de6fcdde6b4dafbd74de8f1d88b2fbef09e11ed78ba20f499140d2a75
resnet,mixed,101,bw_n20004_call_independent_rms_s20,phase2/results/predictions/full/mixed/resnet/seed_101/bw_n20004_call_independent_rms_s20.npz,76756,a18564f08097f2d27704a4b95d6ca61e1396e6009d99dd163da80359138fd44d
resnet,mixed,101,bw_n20004_call_independent_rms_s10,phase2/results/predictions/full/mixed/resnet/seed_101/bw_n20004_call_independent_rms_s10.npz,76747,f92a9da0671def49408e0f62a843abfc08ac6d0b444fea87583c9390deb70fdc
resnet,mixed,101,bw_n20004_call_independent_rms_s0,phase2/results/predictions/full/mixed/resnet/seed_101/bw_n20004_call_independent_rms_s0.npz,76731,284d0432e9b68102befa660048be1bd758f1d3192e40e2463194d2ea178d8b19
resnet,mixed,101,bw_n20004_call_electrode_s20,phase2/results/predictions/full/mixed/resnet/seed_101/bw_n20004_call_electrode_s20.npz,76703,7980075c8a2d4df561345903fc8528588147a8f5f4623cebbca7a0e39921a403
resnet,mixed,101,bw_n20004_call_electrode_s10,phase2/results/predictions/full/mixed/resnet/seed_101/bw_n20004_call_electrode_s10.npz,76715,e3fa602791ac30fcf31d0ac10a1bbd3428510d27b8ed72dbadd8e18a1efe88dc
resnet,mixed,101,bw_n20004_call_electrode_s0,phase2/results/predictions/full/mixed/resnet/seed_101/bw_n20004_call_electrode_s0.npz,76698,328443894f36c0a148dac01fd2f06414cbc22aff52d2b691f8d76e41a3c2da79
resnet,mixed,101,bw_n20004_call_covariance_s20,phase2/results/predictions/full/mixed/resnet/seed_101/bw_n20004_call_covariance_s20.npz,76714,3cee76ee1e0b862212c4a6c1512993079830648c884f37f57ffe4ca90a661362
resnet,mixed,101,bw_n20004_call_covariance_s10,phase2/results/predictions/full/mixed/resnet/seed_101/bw_n20004_call_covariance_s10.npz,76713,074721d414bb592ad8c0b244bf07486bfe21cf68835e48066d2f99e44fdc5eb3
resnet,mixed,101,bw_n20004_call_covariance_s0,phase2/results/predictions/full/mixed/resnet/seed_101/bw_n20004_call_covariance_s0.npz,76670,0dd1340cb3ba3f3ba6c7543da897f6b1213e5b349fcc4eeafe95e1366743d7a6
resnet,mixed,101,bw_n20005_call_independent_rms_s20,phase2/results/predictions/full/mixed/resnet/seed_101/bw_n20005_call_independent_rms_s20.npz,76739,841d19b9dc89dccb70eeb7a6f2453fe3147ed2896f156003eb26fd502a82e00b
resnet,mixed,101,bw_n20005_call_independent_rms_s10,phase2/results/predictions/full/mixed/resnet/seed_101/bw_n20005_call_independent_rms_s10.npz,76739,677739952f6384c09a276241f8d60f8dc64cf1b6baf67edc10303229688fe084
resnet,mixed,101,bw_n20005_call_independent_rms_s0,phase2/results/predictions/full/mixed/resnet/seed_101/bw_n20005_call_independent_rms_s0.npz,76691,be4d3c20724dcdc771de37590765bf9a7267bbae468279d9dfc310f39d4d56bb
resnet,mixed,101,bw_n20005_call_electrode_s20,phase2/results/predictions/full/mixed/resnet/seed_101/bw_n20005_call_electrode_s20.npz,76729,0097964a9e585fc423b4d8f8801cb96b253bd2ea1cba103e3f7f9d1abdaebc4d
resnet,mixed,101,bw_n20005_call_electrode_s10,phase2/results/predictions/full/mixed/resnet/seed_101/bw_n20005_call_electrode_s10.npz,76679,4659e554d20cd2ba5933d39f985d9689b3785f9872a09e9e4db482a7edc297a9
resnet,mixed,101,bw_n20005_call_electrode_s0,phase2/results/predictions/full/mixed/resnet/seed_101/bw_n20005_call_electrode_s0.npz,76675,7dd3c5e70ad29a0dd1bfbd4420e55c77aec723c3091eceb8beb413aabe6d654b
resnet,mixed,101,bw_n20005_call_covariance_s20,phase2/results/predictions/full/mixed/resnet/seed_101/bw_n20005_call_covariance_s20.npz,76740,27b9a0433ba8bd48666473c09b708b45aaa304028701d5e714762ec9e940f890
resnet,mixed,101,bw_n20005_call_covariance_s10,phase2/results/predictions/full/mixed/resnet/seed_101/bw_n20005_call_covariance_s10.npz,76728,55d6ec336e9a87da22902cc9c426eee2623b5970a12569e243f3e61e9ff3b86c
resnet,mixed,101,bw_n20005_call_covariance_s0,phase2/results/predictions/full/mixed/resnet/seed_101/bw_n20005_call_covariance_s0.npz,76666,701c6301641af2803a781691e3b1377e3992f36cacae3736edde914cdff8d667
resnet,mixed,101,ma_n20001_call_independent_rms_s20,phase2/results/predictions/full/mixed/resnet/seed_101/ma_n20001_call_independent_rms_s20.npz,76753,f6a4afa2f455ae815da021a4187bdc8f93b1209fd70102b66c915b2a4924fd19
resnet,mixed,101,ma_n20001_call_independent_rms_s10,phase2/results/predictions/full/mixed/resnet/seed_101/ma_n20001_call_independent_rms_s10.npz,76750,c411c437771efc77aa64592ba305776ac681344aedeef375bb991b3e9d8e8040
resnet,mixed,101,ma_n20001_call_independent_rms_s0,phase2/results/predictions/full/mixed/resnet/seed_101/ma_n20001_call_independent_rms_s0.npz,76662,e31a3ca189f0af70613f3f92db63113741c1314eb1969ddfa26ca09e3a10db31
resnet,mixed,101,ma_n20001_call_electrode_s20,phase2/results/predictions/full/mixed/resnet/seed_101/ma_n20001_call_electrode_s20.npz,76722,9c9b8f9dbc60e708bcf9bfb08ec91626c15bd98838966ce7b459856e0838a1f0
resnet,mixed,101,ma_n20001_call_electrode_s10,phase2/results/predictions/full/mixed/resnet/seed_101/ma_n20001_call_electrode_s10.npz,76712,78848f353cf55e690bef618115e1371b688f066743f379fe4e7d7acd19ba3fc3
resnet,mixed,101,ma_n20001_call_electrode_s0,phase2/results/predictions/full/mixed/resnet/seed_101/ma_n20001_call_electrode_s0.npz,76671,5a5ca017f4a21c1771f857ad53b2f954a234d0341245318989fb07c59bda94e2
resnet,mixed,101,ma_n20001_call_covariance_s20,phase2/results/predictions/full/mixed/resnet/seed_101/ma_n20001_call_covariance_s20.npz,76711,18070aa3e0f6c3c75cc408c31b5224ced625703096d4a49b72f91c972bccf88a
resnet,mixed,101,ma_n20001_call_covariance_s10,phase2/results/predictions/full/mixed/resnet/seed_101/ma_n20001_call_covariance_s10.npz,76725,1188c0040f3ce87b096436d6d95f57b379b7259b13b6590e8efccf38aec8f26e
resnet,mixed,101,ma_n20001_call_covariance_s0,phase2/results/predictions/full/mixed/resnet/seed_101/ma_n20001_call_covariance_s0.npz,76652,aac992d342d8dcfc28cad7a87afd24ee269ba61e5803dc876791b1806c78f9f0
resnet,mixed,101,ma_n20002_call_independent_rms_s20,phase2/results/predictions/full/mixed/resnet/seed_101/ma_n20002_call_independent_rms_s20.npz,76735,1b6a6db144ea69db91aa8c70e70cc2f11c597e630d7b696f5b0c95c235478223
resnet,mixed,101,ma_n20002_call_independent_rms_s10,phase2/results/predictions/full/mixed/resnet/seed_101/ma_n20002_call_independent_rms_s10.npz,76729,e999cbf05e99f9ffc126e54112fd65be83863c3cf4d66126c485d3719bede3b6
resnet,mixed,101,ma_n20002_call_independent_rms_s0,phase2/results/predictions/full/mixed/resnet/seed_101/ma_n20002_call_independent_rms_s0.npz,76685,087bf51c99ac88dd6f088941798f0055772b76f1f5fae139a36296b884146a20
resnet,mixed,101,ma_n20002_call_electrode_s20,phase2/results/predictions/full/mixed/resnet/seed_101/ma_n20002_call_electrode_s20.npz,76746,e6b77af5c0d0a9d0d36464acff5704a12c053eb5eedada5cea35d64afc53330a
resnet,mixed,101,ma_n20002_call_electrode_s10,phase2/results/predictions/full/mixed/resnet/seed_101/ma_n20002_call_electrode_s10.npz,76714,4e98ed201d7fa558ada51c419b64cfaaf22b52ba1c1c1f2a702f28586d77652c
resnet,mixed,101,ma_n20002_call_electrode_s0,phase2/results/predictions/full/mixed/resnet/seed_101/ma_n20002_call_electrode_s0.npz,76643,b33eb331bd30701b4ece234e9b246958b2d3f1f5f7ae1177bcdd1c55b8a5d548
resnet,mixed,101,ma_n20002_call_covariance_s20,phase2/results/predictions/full/mixed/resnet/seed_101/ma_n20002_call_covariance_s20.npz,76729,7dfcef391cde92a765966219a582866f897f260b1c29de855de72c0cc46867ac
resnet,mixed,101,ma_n20002_call_covariance_s10,phase2/results/predictions/full/mixed/resnet/seed_101/ma_n20002_call_covariance_s10.npz,76685,e8e6e2751d0adc3cb28707d2add825ac8b9ba5299a24d8fea3748ba6e11a37ab
resnet,mixed,101,ma_n20002_call_covariance_s0,phase2/results/predictions/full/mixed/resnet/seed_101/ma_n20002_call_covariance_s0.npz,76651,e67f24936a9d80633873fbc4991681cfab37df2884090d8c3ad1ad26b622464c
resnet,mixed,101,ma_n20003_call_independent_rms_s20,phase2/results/predictions/full/mixed/resnet/seed_101/ma_n20003_call_independent_rms_s20.npz,76745,e186bbe8959e5d64533dfcf1391e1dfa1d3cdc6a71744ef4d2921cfc8a6c36ba
resnet,mixed,101,ma_n20003_call_independent_rms_s10,phase2/results/predictions/full/mixed/resnet/seed_101/ma_n20003_call_independent_rms_s10.npz,76735,e000791b48cebb4f945df97fffca5aa454b7799d85931ccf0f1513577f7249cd
resnet,mixed,101,ma_n20003_call_independent_rms_s0,phase2/results/predictions/full/mixed/resnet/seed_101/ma_n20003_call_independent_rms_s0.npz,76684,fdcce6e1bb3fe9d783bdff9b4ea332542d64d206cbf74db14d04ae341e8b5870
resnet,mixed,101,ma_n20003_call_electrode_s20,phase2/results/predictions/full/mixed/resnet/seed_101/ma_n20003_call_electrode_s20.npz,76748,7fb5b1fd5ea8461d467ecdd0738681c092644ae203fc0b65b438ce292ad80024
resnet,mixed,101,ma_n20003_call_electrode_s10,phase2/results/predictions/full/mixed/resnet/seed_101/ma_n20003_call_electrode_s10.npz,76707,f662bb2853cf1a18fef38d5e64b5a0c2cecf07447a17b9936622b48bb3e4f406
resnet,mixed,101,ma_n20003_call_electrode_s0,phase2/results/predictions/full/mixed/resnet/seed_101/ma_n20003_call_electrode_s0.npz,76638,db92f44dbd6b5aeaaba488650bcdb5c9d679805ae9fbe6ef4a99a2e5932ecef5
resnet,mixed,101,ma_n20003_call_covariance_s20,phase2/results/predictions/full/mixed/resnet/seed_101/ma_n20003_call_covariance_s20.npz,76691,87174307eff6786205f1786d17f86c216221f023cd6d2fa5ff6ac1cbc18ec864
resnet,mixed,101,ma_n20003_call_covariance_s10,phase2/results/predictions/full/mixed/resnet/seed_101/ma_n20003_call_covariance_s10.npz,76730,fb33eab9931c3b1cffab943b17452d4a3ea6244a390fa5f317497d29a9972f33
resnet,mixed,101,ma_n20003_call_covariance_s0,phase2/results/predictions/full/mixed/resnet/seed_101/ma_n20003_call_covariance_s0.npz,76673,123ab63ef4d27171d07a735d1e7697eddc9e8802069bdb19a7b5ca1903d9f8da
resnet,mixed,101,ma_n20004_call_independent_rms_s20,phase2/results/predictions/full/mixed/resnet/seed_101/ma_n20004_call_independent_rms_s20.npz,76749,6ca68fa6a1d23f2d4380ea67e1077411ee4ed4e6e1edc8c2d682ec8387fcbc37
resnet,mixed,101,ma_n20004_call_independent_rms_s10,phase2/results/predictions/full/mixed/resnet/seed_101/ma_n20004_call_independent_rms_s10.npz,76763,c36aea29453ee54a0e37fd811a5fa66ee48c7f5a92ce54985d5b9200dac1c7e8
resnet,mixed,101,ma_n20004_call_independent_rms_s0,phase2/results/predictions/full/mixed/resnet/seed_101/ma_n20004_call_independent_rms_s0.npz,76657,e2f5f9d7c3ba6131cf52df4943f455edef2496f920c7b42a9293e02778d62029
resnet,mixed,101,ma_n20004_call_electrode_s20,phase2/results/predictions/full/mixed/resnet/seed_101/ma_n20004_call_electrode_s20.npz,76711,7c2e0dc25989fd5de0da2b70246a47f25b60ee09e1404029e58bffd431e037af
resnet,mixed,101,ma_n20004_call_electrode_s10,phase2/results/predictions/full/mixed/resnet/seed_101/ma_n20004_call_electrode_s10.npz,76705,2c747dbdc7ee6f558a926a6bc24bdcd29fb36283a9df2035ce793e8b0bffb4c4
resnet,mixed,101,ma_n20004_call_electrode_s0,phase2/results/predictions/full/mixed/resnet/seed_101/ma_n20004_call_electrode_s0.npz,76646,68274d8485fbd89fd06e5dfbc7a173e502e6299287543263318c34fb91e94994
resnet,mixed,101,ma_n20004_call_covariance_s20,phase2/results/predictions/full/mixed/resnet/seed_101/ma_n20004_call_covariance_s20.npz,76738,e9347d4d2344b273e1ca90fd90283a2c062b7828fdcb1eac9428a3b43c6da75d
resnet,mixed,101,ma_n20004_call_covariance_s10,phase2/results/predictions/full/mixed/resnet/seed_101/ma_n20004_call_covariance_s10.npz,76710,a7bae8d4f2fb5f0d1c1295dcb4e2b1aef59b19379a1a316027acb9106dadca91
resnet,mixed,101,ma_n20004_call_covariance_s0,phase2/results/predictions/full/mixed/resnet/seed_101/ma_n20004_call_covariance_s0.npz,76686,9b4247635b7a523d1af50a99e56c235566d379338a63218a396f21ad29cb396d
resnet,mixed,101,ma_n20005_call_independent_rms_s20,phase2/results/predictions/full/mixed/resnet/seed_101/ma_n20005_call_independent_rms_s20.npz,76741,76ee94292c14591a41b1bc82b728dcda349c373761ffcb0cc512dc39b3b45247
resnet,mixed,101,ma_n20005_call_independent_rms_s10,phase2/results/predictions/full/mixed/resnet/seed_101/ma_n20005_call_independent_rms_s10.npz,76766,dd4a5383eb4d1e0265dc502dcc4779b33f44fa21a5384cd99c5cb00eccb8269a
resnet,mixed,101,ma_n20005_call_independent_rms_s0,phase2/results/predictions/full/mixed/resnet/seed_101/ma_n20005_call_independent_rms_s0.npz,76659,11cf973f72537efb6a4294777aca413fd201487bfa9d03fffc5f2ad63b5d2ad2
resnet,mixed,101,ma_n20005_call_electrode_s20,phase2/results/predictions/full/mixed/resnet/seed_101/ma_n20005_call_electrode_s20.npz,76715,bf2d155292478ad8f7be1f950f8f2ab4295cb577deb826efa263521820cc6794
resnet,mixed,101,ma_n20005_call_electrode_s10,phase2/results/predictions/full/mixed/resnet/seed_101/ma_n20005_call_electrode_s10.npz,76720,8d0de711ba87fc6218ab251cc3bdfddfc2242bf0e6c5a312c867becda66abdd4
resnet,mixed,101,ma_n20005_call_electrode_s0,phase2/results/predictions/full/mixed/resnet/seed_101/ma_n20005_call_electrode_s0.npz,76636,543b4c1f8ad6e5d8db2a4a0eb1c68258981e5bf2246c4660c324c65d7b913f07
resnet,mixed,101,ma_n20005_call_covariance_s20,phase2/results/predictions/full/mixed/resnet/seed_101/ma_n20005_call_covariance_s20.npz,76742,2d6672ffb9d378db068b9550a1e0c6cb60bfb7798e5be2f07f8dbe440c958465
resnet,mixed,101,ma_n20005_call_covariance_s10,phase2/results/predictions/full/mixed/resnet/seed_101/ma_n20005_call_covariance_s10.npz,76708,c0221df692625137ec56d726de43d7101b169c1c3c90e55c117d59639296beb7
resnet,mixed,101,ma_n20005_call_covariance_s0,phase2/results/predictions/full/mixed/resnet/seed_101/ma_n20005_call_covariance_s0.npz,76635,6e1e48bd4a5d1348e45380fbc8ba5cb282990132066bf3aa9d3869a98f726d08
resnet,mixed,101,em_n20001_call_independent_rms_s20,phase2/results/predictions/full/mixed/resnet/seed_101/em_n20001_call_independent_rms_s20.npz,76738,a3403fa692db151975f460b61aa15417fa0f57677cb5a266ac0c85a62b5a7fec
resnet,mixed,101,em_n20001_call_independent_rms_s10,phase2/results/predictions/full/mixed/resnet/seed_101/em_n20001_call_independent_rms_s10.npz,76683,57c737f29253f71973ae653f34c1fc1adb07ecf2d9006383fb3394c7a0388034
resnet,mixed,101,em_n20001_call_independent_rms_s0,phase2/results/predictions/full/mixed/resnet/seed_101/em_n20001_call_independent_rms_s0.npz,76464,84bf77421b1c8bd9aab2c7010fd2c5dcf74e02bd40c2440e3f9866b078f53121
resnet,mixed,101,em_n20001_call_electrode_s20,phase2/results/predictions/full/mixed/resnet/seed_101/em_n20001_call_electrode_s20.npz,76738,5307820ced1b83152b6f05c4946d9bac3e0710e497c2638b5a1aef8029fa4f05
resnet,mixed,101,em_n20001_call_electrode_s10,phase2/results/predictions/full/mixed/resnet/seed_101/em_n20001_call_electrode_s10.npz,76646,38e406f9b8348dd68601b5a707b7bb43f848a324ec9f376abaf103c59f2cdddc
resnet,mixed,101,em_n20001_call_electrode_s0,phase2/results/predictions/full/mixed/resnet/seed_101/em_n20001_call_electrode_s0.npz,76232,7e7029cb11b426d9291bd40ecdd6eaf80f5634baccb926e37ca8d3b1d664c4be
resnet,mixed,101,em_n20001_call_covariance_s20,phase2/results/predictions/full/mixed/resnet/seed_101/em_n20001_call_covariance_s20.npz,76751,da423f8a2bdd305ba7aee53c26fbfce3314d968fbe7555d6e455655bce8db659
resnet,mixed,101,em_n20001_call_covariance_s10,phase2/results/predictions/full/mixed/resnet/seed_101/em_n20001_call_covariance_s10.npz,76675,1a23f13829f6917873f1ec03356f07a7a3160b2ea2618538bc26da8ec63c7dc6
resnet,mixed,101,em_n20001_call_covariance_s0,phase2/results/predictions/full/mixed/resnet/seed_101/em_n20001_call_covariance_s0.npz,76241,394549f472e10cc6796f38fcbb88b240b8254298e3d875e38b10217e618f0991
resnet,mixed,101,em_n20002_call_independent_rms_s20,phase2/results/predictions/full/mixed/resnet/seed_101/em_n20002_call_independent_rms_s20.npz,76735,30f45b202e62706fb6f226dff073d3eba4533904f2cbcec53335d4b020bda28b
resnet,mixed,101,em_n20002_call_independent_rms_s10,phase2/results/predictions/full/mixed/resnet/seed_101/em_n20002_call_independent_rms_s10.npz,76686,030191f8d80fc1b9bc5106fa08c076f37517a0af7ba3a540a4687bf6652357cc
resnet,mixed,101,em_n20002_call_independent_rms_s0,phase2/results/predictions/full/mixed/resnet/seed_101/em_n20002_call_independent_rms_s0.npz,76438,7d37385b00298fc23909a1b30a9fd957e2e9a5e559e1dca02a956633611304e2
resnet,mixed,101,em_n20002_call_electrode_s20,phase2/results/predictions/full/mixed/resnet/seed_101/em_n20002_call_electrode_s20.npz,76703,52f660392827da990a9c6d8c95546a02f3cb46fd06c4ee2d9bdde1df5ab2cd5c
resnet,mixed,101,em_n20002_call_electrode_s10,phase2/results/predictions/full/mixed/resnet/seed_101/em_n20002_call_electrode_s10.npz,76645,a08bfc072dcab9be0ffd3d35f75ea3962627652058d4e1d6e0ce7b910696435b
resnet,mixed,101,em_n20002_call_electrode_s0,phase2/results/predictions/full/mixed/resnet/seed_101/em_n20002_call_electrode_s0.npz,76221,ca16125333f0a40061c5ceea00f438342b9950d4830b18353112a8049c30564b
resnet,mixed,101,em_n20002_call_covariance_s20,phase2/results/predictions/full/mixed/resnet/seed_101/em_n20002_call_covariance_s20.npz,76740,d73a6932ecf9f3508de6367766bedc88667ebc85cbda474a361f736387dc4666
resnet,mixed,101,em_n20002_call_covariance_s10,phase2/results/predictions/full/mixed/resnet/seed_101/em_n20002_call_covariance_s10.npz,76640,c451d57b8e5769625be2b2f3736ffffe6f8bec92feeaa6bb52768d7e7b5557dd
resnet,mixed,101,em_n20002_call_covariance_s0,phase2/results/predictions/full/mixed/resnet/seed_101/em_n20002_call_covariance_s0.npz,76280,7ff4fcf7c481efc4b66a409f33365e908805885299fc0ddeff743eb3d3889777
resnet,mixed,101,em_n20003_call_independent_rms_s20,phase2/results/predictions/full/mixed/resnet/seed_101/em_n20003_call_independent_rms_s20.npz,76710,3f340f22cab64b1931eca1ea145ca4c7c73d8e074d025f4aba7642d2c72416d9
resnet,mixed,101,em_n20003_call_independent_rms_s10,phase2/results/predictions/full/mixed/resnet/seed_101/em_n20003_call_independent_rms_s10.npz,76711,70457a35630a8625e24575cf587b7ea8e6d7d472787d2f0fe959bdc3671c7623
resnet,mixed,101,em_n20003_call_independent_rms_s0,phase2/results/predictions/full/mixed/resnet/seed_101/em_n20003_call_independent_rms_s0.npz,76444,8507ba64b65075fe5ff89a97443261788d29b4f25ab5aab2129a9e92cfbd6412
resnet,mixed,101,em_n20003_call_electrode_s20,phase2/results/predictions/full/mixed/resnet/seed_101/em_n20003_call_electrode_s20.npz,76743,d8d7632b330195a046347c21edff1482393f1c58535873e38969af8efc43e0e3
resnet,mixed,101,em_n20003_call_electrode_s10,phase2/results/predictions/full/mixed/resnet/seed_101/em_n20003_call_electrode_s10.npz,76618,336a35b8071dac9040120303acfe29a688e408ee9e7e1837ffd00ab21975c5bd
resnet,mixed,101,em_n20003_call_electrode_s0,phase2/results/predictions/full/mixed/resnet/seed_101/em_n20003_call_electrode_s0.npz,76208,f7eacf7feeb467cd8ed57c7146cd27781abef9220b53bb78111ef3fd7ed2dc5b
resnet,mixed,101,em_n20003_call_covariance_s20,phase2/results/predictions/full/mixed/resnet/seed_101/em_n20003_call_covariance_s20.npz,76743,f68f9b196371cf5091a55aee01a2f93fd9f6384c02ed2952ced51c81c009d42e
resnet,mixed,101,em_n20003_call_covariance_s10,phase2/results/predictions/full/mixed/resnet/seed_101/em_n20003_call_covariance_s10.npz,76659,f1c6992a1acae1c6c0058517c357c61d584ce934e96e563517a4c9eb78b50bdb
resnet,mixed,101,em_n20003_call_covariance_s0,phase2/results/predictions/full/mixed/resnet/seed_101/em_n20003_call_covariance_s0.npz,76258,808049fb610f19b05a15e117aef87815519c3984efee1610e18aed6c8f1119d1
resnet,mixed,101,em_n20004_call_independent_rms_s20,phase2/results/predictions/full/mixed/resnet/seed_101/em_n20004_call_independent_rms_s20.npz,76749,39d3d7285534058adff952180c39fa7501197ea8e5c4fbe93290e9eceed19da5
resnet,mixed,101,em_n20004_call_independent_rms_s10,phase2/results/predictions/full/mixed/resnet/seed_101/em_n20004_call_independent_rms_s10.npz,76682,84553534c2a16c811204f51ae07b0a08cf959f2a1d3309207dd96ea439ee13e4
resnet,mixed,101,em_n20004_call_independent_rms_s0,phase2/results/predictions/full/mixed/resnet/seed_101/em_n20004_call_independent_rms_s0.npz,76424,2e0f9b69a82ad51e6fd2fa9ac559f0291c71df55b8ecd1a1dba704c36df162b9
resnet,mixed,101,em_n20004_call_electrode_s20,phase2/results/predictions/full/mixed/resnet/seed_101/em_n20004_call_electrode_s20.npz,76737,c6b836a3094893ada8caf033b30e45c0b9d3e9214adc2a54c029cdef07f9e893
resnet,mixed,101,em_n20004_call_electrode_s10,phase2/results/predictions/full/mixed/resnet/seed_101/em_n20004_call_electrode_s10.npz,76638,d51bd612f326040e49c70296c6845ce7cc8fb141851c9d5c1f29ec9c3c5f5d9a
resnet,mixed,101,em_n20004_call_electrode_s0,phase2/results/predictions/full/mixed/resnet/seed_101/em_n20004_call_electrode_s0.npz,76267,2678561a92534efcc5bf2ee956f05f982aac246029de0ed1bbfa32a8f077a0ea
resnet,mixed,101,em_n20004_call_covariance_s20,phase2/results/predictions/full/mixed/resnet/seed_101/em_n20004_call_covariance_s20.npz,76726,9c373e2b61695fc6fc53ab3aac56fafd6034f7d471e79deb209880ea0d741f70
resnet,mixed,101,em_n20004_call_covariance_s10,phase2/results/predictions/full/mixed/resnet/seed_101/em_n20004_call_covariance_s10.npz,76624,b72575af52561a495ad07ced1fbd2bf70e08146deb219d660f65d810c4aa368f
resnet,mixed,101,em_n20004_call_covariance_s0,phase2/results/predictions/full/mixed/resnet/seed_101/em_n20004_call_covariance_s0.npz,76240,84980eb4dcadd585a47340802240dea327d235102d9fffa13d54e3060bf63a49
resnet,mixed,101,em_n20005_call_independent_rms_s20,phase2/results/predictions/full/mixed/resnet/seed_101/em_n20005_call_independent_rms_s20.npz,76757,df27e38c6a260cda87ad25afa647aeafd33d024894ee87132698d26dda2568ce
resnet,mixed,101,em_n20005_call_independent_rms_s10,phase2/results/predictions/full/mixed/resnet/seed_101/em_n20005_call_independent_rms_s10.npz,76690,18cb239678b0e83a30faf088cb853871cdfeccc0423700d83b7fbd9874e8e012
resnet,mixed,101,em_n20005_call_independent_rms_s0,phase2/results/predictions/full/mixed/resnet/seed_101/em_n20005_call_independent_rms_s0.npz,76402,d481be62c01dc532e4d4a47308829e0c761b5f23dc2fbfc430e7f3858a67b427
resnet,mixed,101,em_n20005_call_electrode_s20,phase2/results/predictions/full/mixed/resnet/seed_101/em_n20005_call_electrode_s20.npz,76731,a8e9d2622e20d2670ff5eb58d5b3f3e73bdf56e12f376fc5b63bc87318b6e5ad
resnet,mixed,101,em_n20005_call_electrode_s10,phase2/results/predictions/full/mixed/resnet/seed_101/em_n20005_call_electrode_s10.npz,76643,16eb129e54749f81cdeec19fd78640253aa25b7d25a36f00fdc644072c772c9c
resnet,mixed,101,em_n20005_call_electrode_s0,phase2/results/predictions/full/mixed/resnet/seed_101/em_n20005_call_electrode_s0.npz,76247,e7a22f8f30339a9d5495d7b5e26cbd4298a63c70c70a75008bf3d73e5bf2cafe
resnet,mixed,101,em_n20005_call_covariance_s20,phase2/results/predictions/full/mixed/resnet/seed_101/em_n20005_call_covariance_s20.npz,76708,8c9083a8c4b7b65990580860007b6649700caa673ff527b7a5139353902e3792
resnet,mixed,101,em_n20005_call_covariance_s10,phase2/results/predictions/full/mixed/resnet/seed_101/em_n20005_call_covariance_s10.npz,76606,6b3ccc6a9c4d49942815df009f6e708de7cc69432393169b5d5159b63e1b5f8b
resnet,mixed,101,em_n20005_call_covariance_s0,phase2/results/predictions/full/mixed/resnet/seed_101/em_n20005_call_covariance_s0.npz,76253,a0135429acabea43b863a60bdcf516cb13ee0b0b5c6b914360de51d2948c26bf
resnet,clean_only,202,clean,phase2/results/predictions/full/clean_only/resnet/seed_202/clean.npz,76479,4e55ab944f8304a957c973faa2bd11ee42c546a18e54ae0b4b50261b81caa922
resnet,clean_only,202,bandpass_n20001_cRA_LA_LL_independent_rms_s20,phase2/results/predictions/full/clean_only/resnet/seed_202/bandpass_n20001_cRA_LA_LL_independent_rms_s20.npz,76516,13fdace0372c786797c0314334e55c2d9ce1f0cfbd85f51fdc35d4b2ffa4890c
resnet,clean_only,202,bandpass_n20001_cRA_LA_LL_independent_rms_s15,phase2/results/predictions/full/clean_only/resnet/seed_202/bandpass_n20001_cRA_LA_LL_independent_rms_s15.npz,76472,3700246ab37da1aebe2b5f738353ffbacbfb52e744b6e851820ef2a3721a7e95
resnet,clean_only,202,bandpass_n20001_cRA_LA_LL_independent_rms_s10,phase2/results/predictions/full/clean_only/resnet/seed_202/bandpass_n20001_cRA_LA_LL_independent_rms_s10.npz,76266,d4fd0fe0b1f7b50d575c20e256b9abf61622e684fd45b9f93c55067f9f4ff3f4
resnet,clean_only,202,bandpass_n20001_cRA_LA_LL_independent_rms_s5,phase2/results/predictions/full/clean_only/resnet/seed_202/bandpass_n20001_cRA_LA_LL_independent_rms_s5.npz,75918,18bd1129646af5a1383cfd3039d97c071638281120a39eb8e327759de4c233b8
resnet,clean_only,202,bandpass_n20001_cRA_LA_LL_independent_rms_s0,phase2/results/predictions/full/clean_only/resnet/seed_202/bandpass_n20001_cRA_LA_LL_independent_rms_s0.npz,75314,b54650eb770ac64f1b895c791181af6dc498a5edb739e73ef4b37fa0d3f581e4
resnet,clean_only,202,bandpass_n20001_cRA_LA_LL_electrode_s20,phase2/results/predictions/full/clean_only/resnet/seed_202/bandpass_n20001_cRA_LA_LL_electrode_s20.npz,76481,d18bfb601e0cb47fc7063b3e2d6f15c37fd487f7ea8ab44297eb77438f4716bd
resnet,clean_only,202,bandpass_n20001_cRA_LA_LL_electrode_s15,phase2/results/predictions/full/clean_only/resnet/seed_202/bandpass_n20001_cRA_LA_LL_electrode_s15.npz,76382,1531e806d3b753d81f4fa8673ec47bb15ee2759a168883da24036c181849874e
resnet,clean_only,202,bandpass_n20001_cRA_LA_LL_electrode_s10,phase2/results/predictions/full/clean_only/resnet/seed_202/bandpass_n20001_cRA_LA_LL_electrode_s10.npz,76184,7b415d97328c7d3273252d11769cb5f07db4f42c4146a78120e894bde6b02698
resnet,clean_only,202,bandpass_n20001_cRA_LA_LL_electrode_s5,phase2/results/predictions/full/clean_only/resnet/seed_202/bandpass_n20001_cRA_LA_LL_electrode_s5.npz,75753,5a3f5479da4a88cbfa33bbc1bd9c6167043ab3c62c50ff7708fd1e6514e4f8ac
resnet,clean_only,202,bandpass_n20001_cRA_LA_LL_electrode_s0,phase2/results/predictions/full/clean_only/resnet/seed_202/bandpass_n20001_cRA_LA_LL_electrode_s0.npz,75288,52a02baeb5eb3e4135be072f9e87ed458506561eca0ae962e4c1ecc37b1ead59
resnet,clean_only,202,bandpass_n20001_cRA_LA_LL_covariance_s20,phase2/results/predictions/full/clean_only/resnet/seed_202/bandpass_n20001_cRA_LA_LL_covariance_s20.npz,76456,4b6a98d1982c97b32653e833a6053bd467bc5d50de795a8792cbe953e7ee3733
resnet,clean_only,202,bandpass_n20001_cRA_LA_LL_covariance_s15,phase2/results/predictions/full/clean_only/resnet/seed_202/bandpass_n20001_cRA_LA_LL_covariance_s15.npz,76419,89eb216f6ad77e583468d946c72374f94cab1221f9e4a16c7b86a1056769dcbf
resnet,clean_only,202,bandpass_n20001_cRA_LA_LL_covariance_s10,phase2/results/predictions/full/clean_only/resnet/seed_202/bandpass_n20001_cRA_LA_LL_covariance_s10.npz,76202,e801446de60a6610b5296330b25290f1ac6a93789797c8621376cb4091baba42
resnet,clean_only,202,bandpass_n20001_cRA_LA_LL_covariance_s5,phase2/results/predictions/full/clean_only/resnet/seed_202/bandpass_n20001_cRA_LA_LL_covariance_s5.npz,75763,23c527bf6a1ce2a86be8492b776b806d67f2786ed52afe53a167ef26724a0bd1
resnet,clean_only,202,bandpass_n20001_cRA_LA_LL_covariance_s0,phase2/results/predictions/full/clean_only/resnet/seed_202/bandpass_n20001_cRA_LA_LL_covariance_s0.npz,75293,a2e7ca18a28fe3643dbb65cd85e2691331277ae2bb2569348a22e90e0deb083b
resnet,clean_only,202,bandpass_n20001_cV1_independent_rms_s20,phase2/results/predictions/full/clean_only/resnet/seed_202/bandpass_n20001_cV1_independent_rms_s20.npz,76442,cc501d9e1c56d0371b6ed6be8147b06800857df2df85edff731ab71c4e555769
resnet,clean_only,202,bandpass_n20001_cV1_independent_rms_s15,phase2/results/predictions/full/clean_only/resnet/seed_202/bandpass_n20001_cV1_independent_rms_s15.npz,76394,20c130f333164b3253d8a4d205e7fe9a86868d8f874d5df1a42dd00a27c2bc83
resnet,clean_only,202,bandpass_n20001_cV1_independent_rms_s10,phase2/results/predictions/full/clean_only/resnet/seed_202/bandpass_n20001_cV1_independent_rms_s10.npz,76167,35978edc9e44964934ef0287f4b995e6d0594baa8a4e50b900ec4a834b173fde
resnet,clean_only,202,bandpass_n20001_cV1_independent_rms_s5,phase2/results/predictions/full/clean_only/resnet/seed_202/bandpass_n20001_cV1_independent_rms_s5.npz,75714,0e4dc41562b562b5f859af8bcccf337289e4a2b192ba56c5db89de43718c9d0c
resnet,clean_only,202,bandpass_n20001_cV1_independent_rms_s0,phase2/results/predictions/full/clean_only/resnet/seed_202/bandpass_n20001_cV1_independent_rms_s0.npz,75405,58d9a92ebd7e0082348060e01f751859489feaa08f26ee89825d0003cb6c553f
resnet,clean_only,202,bandpass_n20001_cV1_electrode_s20,phase2/results/predictions/full/clean_only/resnet/seed_202/bandpass_n20001_cV1_electrode_s20.npz,76444,32cc25d13c5146d2b3aa96eaead797e85ae25d2d1e5163073485c42eb21a3881
resnet,clean_only,202,bandpass_n20001_cV1_electrode_s15,phase2/results/predictions/full/clean_only/resnet/seed_202/bandpass_n20001_cV1_electrode_s15.npz,76369,076c768c9c48782e5fea08132127ac7c188223b4da497446bbc548b813496c67
resnet,clean_only,202,bandpass_n20001_cV1_electrode_s10,phase2/results/predictions/full/clean_only/resnet/seed_202/bandpass_n20001_cV1_electrode_s10.npz,76179,6b284dd65aa0ddd85c75ed9865e761eb313e36efa74003f523025d2cb09e4277
resnet,clean_only,202,bandpass_n20001_cV1_electrode_s5,phase2/results/predictions/full/clean_only/resnet/seed_202/bandpass_n20001_cV1_electrode_s5.npz,75690,0d95eaffe8a4b958deac67ea12e57d2580305f8259aa80a70db337f48c3b0bf8
resnet,clean_only,202,bandpass_n20001_cV1_electrode_s0,phase2/results/predictions/full/clean_only/resnet/seed_202/bandpass_n20001_cV1_electrode_s0.npz,75404,f0986252d4a24b727de0fbd8a65d4267109ab0cc3822849963168b4cfb92869d
resnet,clean_only,202,bandpass_n20001_cV1_covariance_s20,phase2/results/predictions/full/clean_only/resnet/seed_202/bandpass_n20001_cV1_covariance_s20.npz,76458,e9c2b0cb7cace923115416d465db8c30b3fcfa99cdb10497bce7cc6f79280a91
resnet,clean_only,202,bandpass_n20001_cV1_covariance_s15,phase2/results/predictions/full/clean_only/resnet/seed_202/bandpass_n20001_cV1_covariance_s15.npz,76364,07b4e0547a29da450ae9ef9520e5afc30c3f9cb370c3c983391828db9dd0cfde
resnet,clean_only,202,bandpass_n20001_cV1_covariance_s10,phase2/results/predictions/full/clean_only/resnet/seed_202/bandpass_n20001_cV1_covariance_s10.npz,76162,f3ad12c87df72498904df0c19db6d024f59897c2598893ac0ed86ae7e48ef626
resnet,clean_only,202,bandpass_n20001_cV1_covariance_s5,phase2/results/predictions/full/clean_only/resnet/seed_202/bandpass_n20001_cV1_covariance_s5.npz,75718,2f445ac346f7eca1b203cbc1781b8f49829757b99928b1e28606f718650f4cc9
resnet,clean_only,202,bandpass_n20001_cV1_covariance_s0,phase2/results/predictions/full/clean_only/resnet/seed_202/bandpass_n20001_cV1_covariance_s0.npz,75443,6941357b88e14b0444713df41f1339612e1fc6c81e72aa76a4dc48d06c0c3cd1
resnet,clean_only,202,bandpass_n20001_cV2_independent_rms_s20,phase2/results/predictions/full/clean_only/resnet/seed_202/bandpass_n20001_cV2_independent_rms_s20.npz,76514,a1acbbcfb9e55347a3bbe7ef52777e2b9e4afe0c0a253d5fb073bd2fb1805235
resnet,clean_only,202,bandpass_n20001_cV2_independent_rms_s15,phase2/results/predictions/full/clean_only/resnet/seed_202/bandpass_n20001_cV2_independent_rms_s15.npz,76467,767d976e582310f1125355719af6e06afbe9ea0dd1c627178b8359d79ad3a884
resnet,clean_only,202,bandpass_n20001_cV2_independent_rms_s10,phase2/results/predictions/full/clean_only/resnet/seed_202/bandpass_n20001_cV2_independent_rms_s10.npz,76343,ddfbc807c76a0e93f85ce7f36c4af0f5c254b457c0c9f7f4b683ad86285a19fe
resnet,clean_only,202,bandpass_n20001_cV2_independent_rms_s5,phase2/results/predictions/full/clean_only/resnet/seed_202/bandpass_n20001_cV2_independent_rms_s5.npz,76098,ca7ef51c5afb639d01905cdf2644172ca1bdfceb3928476d85265e6963100adf
resnet,clean_only,202,bandpass_n20001_cV2_independent_rms_s0,phase2/results/predictions/full/clean_only/resnet/seed_202/bandpass_n20001_cV2_independent_rms_s0.npz,75629,9ee6d5305fcde30902dc0cc39cf12fead1ccf3d89c7fdccb16ac4bbf11acf5fe
resnet,clean_only,202,bandpass_n20001_cV2_electrode_s20,phase2/results/predictions/full/clean_only/resnet/seed_202/bandpass_n20001_cV2_electrode_s20.npz,76518,b9a3752cba612c2c6d751fd14b4664b169b550fc6c0d9c40a20f60e3305a1122
resnet,clean_only,202,bandpass_n20001_cV2_electrode_s15,phase2/results/predictions/full/clean_only/resnet/seed_202/bandpass_n20001_cV2_electrode_s15.npz,76463,029af62f8c1f81036f039c5ce60699228bf425d873e743f91debf17cac08fe3c
resnet,clean_only,202,bandpass_n20001_cV2_electrode_s10,phase2/results/predictions/full/clean_only/resnet/seed_202/bandpass_n20001_cV2_electrode_s10.npz,76359,d22ec44daebd616760fbb1121ba1caf5927ab8dfc6ead7320310042c3bf4086b
resnet,clean_only,202,bandpass_n20001_cV2_electrode_s5,phase2/results/predictions/full/clean_only/resnet/seed_202/bandpass_n20001_cV2_electrode_s5.npz,76089,74fadfff9469f23560a5a433afb5d434a88251190ab56e4879c271aa2535ec1d
resnet,clean_only,202,bandpass_n20001_cV2_electrode_s0,phase2/results/predictions/full/clean_only/resnet/seed_202/bandpass_n20001_cV2_electrode_s0.npz,75562,90ef0b5a96e41a0550c17989380cf963c6e04f678418df31bbcf23fe031d30b3
resnet,clean_only,202,bandpass_n20001_cV2_covariance_s20,phase2/results/predictions/full/clean_only/resnet/seed_202/bandpass_n20001_cV2_covariance_s20.npz,76485,2416c319533c0d3abee1db09b21b8a39649f2104e98933747d7c6d124d3afebb
resnet,clean_only,202,bandpass_n20001_cV2_covariance_s15,phase2/results/predictions/full/clean_only/resnet/seed_202/bandpass_n20001_cV2_covariance_s15.npz,76440,021aa823ae75c596f790867b914940002729a9b97f3e278a7707290de790b55e
resnet,clean_only,202,bandpass_n20001_cV2_covariance_s10,phase2/results/predictions/full/clean_only/resnet/seed_202/bandpass_n20001_cV2_covariance_s10.npz,76357,163aca73a4e1255ba5132909a6adc9ed3eef9a913c8ec147ed39d6db91443339
resnet,clean_only,202,bandpass_n20001_cV2_covariance_s5,phase2/results/predictions/full/clean_only/resnet/seed_202/bandpass_n20001_cV2_covariance_s5.npz,76079,db92c26a540aa4118405b1cdacf4baa9e30595c78737bf3574ed03f2142e44ee
resnet,clean_only,202,bandpass_n20001_cV2_covariance_s0,phase2/results/predictions/full/clean_only/resnet/seed_202/bandpass_n20001_cV2_covariance_s0.npz,75588,5ca4f278fe78d5a1955b15fe6801072b2fbf110efe339bde42b6a77376a1d084
resnet,clean_only,202,bandpass_n20001_cV3_independent_rms_s20,phase2/results/predictions/full/clean_only/resnet/seed_202/bandpass_n20001_cV3_independent_rms_s20.npz,76556,5a0ffb76fea46afb18f2094d6fa95b810c532ed5ded28ed86c01f4888e145c75
resnet,clean_only,202,bandpass_n20001_cV3_independent_rms_s15,phase2/results/predictions/full/clean_only/resnet/seed_202/bandpass_n20001_cV3_independent_rms_s15.npz,76455,314327276c0dd2215fb1c511fc774cc621da16bc84eeeb3a0ea8c3190c3ea48d
resnet,clean_only,202,bandpass_n20001_cV3_independent_rms_s10,phase2/results/predictions/full/clean_only/resnet/seed_202/bandpass_n20001_cV3_independent_rms_s10.npz,76386,a39ce207ba0f7a86c62afc655b8638076f95351c40f05446ae0a2540044705d5
resnet,clean_only,202,bandpass_n20001_cV3_independent_rms_s5,phase2/results/predictions/full/clean_only/resnet/seed_202/bandpass_n20001_cV3_independent_rms_s5.npz,76133,8c78d4d66564f40a30a676b03850a1a2d427346faaf56c2d63878f415b4a1580
resnet,clean_only,202,bandpass_n20001_cV3_independent_rms_s0,phase2/results/predictions/full/clean_only/resnet/seed_202/bandpass_n20001_cV3_independent_rms_s0.npz,75749,897ca5a261ff937a04823689e5cb524433237edd9647c0b9147478bb3b8e3907
resnet,clean_only,202,bandpass_n20001_cV3_electrode_s20,phase2/results/predictions/full/clean_only/resnet/seed_202/bandpass_n20001_cV3_electrode_s20.npz,76525,bfd652c113a36cd0486319911325e613ec201d8e42b758750d17c33e54fcf382
resnet,clean_only,202,bandpass_n20001_cV3_electrode_s15,phase2/results/predictions/full/clean_only/resnet/seed_202/bandpass_n20001_cV3_electrode_s15.npz,76482,afccbff649e8e48ef39703bd7c49f671d4cbccd1c0f93ebb34d83cae9d8340d6
resnet,clean_only,202,bandpass_n20001_cV3_electrode_s10,phase2/results/predictions/full/clean_only/resnet/seed_202/bandpass_n20001_cV3_electrode_s10.npz,76365,a7089ae60ffb880d94b1092900bb70df37c0967bbae912b30700ad61670b7eab
resnet,clean_only,202,bandpass_n20001_cV3_electrode_s5,phase2/results/predictions/full/clean_only/resnet/seed_202/bandpass_n20001_cV3_electrode_s5.npz,76148,ab2d7235ab112488af848b68ba1c9586a4f12b43b5495578be3684439daf7cb5
resnet,clean_only,202,bandpass_n20001_cV3_electrode_s0,phase2/results/predictions/full/clean_only/resnet/seed_202/bandpass_n20001_cV3_electrode_s0.npz,75784,2752294c093ea1fe5e261b96d3ff7103b4f0d29a34b0b885012434a52ee166b2
resnet,clean_only,202,bandpass_n20001_cV3_covariance_s20,phase2/results/predictions/full/clean_only/resnet/seed_202/bandpass_n20001_cV3_covariance_s20.npz,76480,30160cac59aaab894d96a83190bf98f570ee0407c31425aec9d6e149ec9a9374
resnet,clean_only,202,bandpass_n20001_cV3_covariance_s15,phase2/results/predictions/full/clean_only/resnet/seed_202/bandpass_n20001_cV3_covariance_s15.npz,76471,6d8d26a1ed8a4acd07bb0943b3e4773aa3a8bc45bd7809cdde3bea5b39cbfb2f
resnet,clean_only,202,bandpass_n20001_cV3_covariance_s10,phase2/results/predictions/full/clean_only/resnet/seed_202/bandpass_n20001_cV3_covariance_s10.npz,76388,4a6db1777eb23286ac79b0f80cdddc43602cc41b1478b4e897ef8eecc9a1c713
resnet,clean_only,202,bandpass_n20001_cV3_covariance_s5,phase2/results/predictions/full/clean_only/resnet/seed_202/bandpass_n20001_cV3_covariance_s5.npz,76137,2faeb5e34821a2b3fac30f935d8202d9a6a20976c1a8af61c48098912957bdc8
resnet,clean_only,202,bandpass_n20001_cV3_covariance_s0,phase2/results/predictions/full/clean_only/resnet/seed_202/bandpass_n20001_cV3_covariance_s0.npz,75778,8f9acab0b6c023682c3d952579ab55bec3de02c0c9a64870b71966454c71a141
resnet,clean_only,202,bandpass_n20001_cV4_independent_rms_s20,phase2/results/predictions/full/clean_only/resnet/seed_202/bandpass_n20001_cV4_independent_rms_s20.npz,76523,1a0cd28a70b5f807287ad54ddbe887844c5964bf999814dbe6eea737914c0957
resnet,clean_only,202,bandpass_n20001_cV4_independent_rms_s15,phase2/results/predictions/full/clean_only/resnet/seed_202/bandpass_n20001_cV4_independent_rms_s15.npz,76474,7a30a4afb1618094034b32a122c66bd38978616556ac2d3203e1d72f755b9c2c
resnet,clean_only,202,bandpass_n20001_cV4_independent_rms_s10,phase2/results/predictions/full/clean_only/resnet/seed_202/bandpass_n20001_cV4_independent_rms_s10.npz,76378,e5c6c51cad0269349ed1833f5e8fc9ec733a3f35a9afb68267ec4d64f1affed7
resnet,clean_only,202,bandpass_n20001_cV4_independent_rms_s5,phase2/results/predictions/full/clean_only/resnet/seed_202/bandpass_n20001_cV4_independent_rms_s5.npz,76057,5dd400c07f2bac77f2c65a87f8d8dbec18060c452f6a476672e3f2aacbac5ac8
resnet,clean_only,202,bandpass_n20001_cV4_independent_rms_s0,phase2/results/predictions/full/clean_only/resnet/seed_202/bandpass_n20001_cV4_independent_rms_s0.npz,75443,f95087dbaa852da186b5e06d9dabc1ed613ff65cf5368111c2edec70797bd415
resnet,clean_only,202,bandpass_n20001_cV4_electrode_s20,phase2/results/predictions/full/clean_only/resnet/seed_202/bandpass_n20001_cV4_electrode_s20.npz,76511,4d9fa66bafa87dd30788406ff14e0cc84e6ca1fb6ead6dedcdeff148ca6079ba
resnet,clean_only,202,bandpass_n20001_cV4_electrode_s15,phase2/results/predictions/full/clean_only/resnet/seed_202/bandpass_n20001_cV4_electrode_s15.npz,76438,73ee8519db8fd542b15665ff5210e08a622ca4588acb767452920630c8c0ceb2
resnet,clean_only,202,bandpass_n20001_cV4_electrode_s10,phase2/results/predictions/full/clean_only/resnet/seed_202/bandpass_n20001_cV4_electrode_s10.npz,76317,c764bcc658da27ab053703b2635b54eb3299f4e70663b5cd9575a65b753107c1
resnet,clean_only,202,bandpass_n20001_cV4_electrode_s5,phase2/results/predictions/full/clean_only/resnet/seed_202/bandpass_n20001_cV4_electrode_s5.npz,76038,c4278792296ea66ed82545b2f7ebc95bc72a9f84e0f449d2dd0cfa2a0b076ca9
resnet,clean_only,202,bandpass_n20001_cV4_electrode_s0,phase2/results/predictions/full/clean_only/resnet/seed_202/bandpass_n20001_cV4_electrode_s0.npz,75404,1c3f46cfc4d1606c964f35b4a35fa1363fb0538545efe5e2dd68071d41d36602
resnet,clean_only,202,bandpass_n20001_cV4_covariance_s20,phase2/results/predictions/full/clean_only/resnet/seed_202/bandpass_n20001_cV4_covariance_s20.npz,76519,49580340ca772447478b20f7a1812c82a6d5b2cbab11b451abce5e2f6d748f95
resnet,clean_only,202,bandpass_n20001_cV4_covariance_s15,phase2/results/predictions/full/clean_only/resnet/seed_202/bandpass_n20001_cV4_covariance_s15.npz,76460,68c1ca764e14d9ab49db425b1ba6c95fe460a4afa7775a8bedd86546cbcaa5ad
resnet,clean_only,202,bandpass_n20001_cV4_covariance_s10,phase2/results/predictions/full/clean_only/resnet/seed_202/bandpass_n20001_cV4_covariance_s10.npz,76338,955aa294bb19f28bb42ce328f9f66af887ec7e52c0786f7e972199a5a7f9b111
resnet,clean_only,202,bandpass_n20001_cV4_covariance_s5,phase2/results/predictions/full/clean_only/resnet/seed_202/bandpass_n20001_cV4_covariance_s5.npz,76054,f5548e643348024eee5a3284a0f4eaca2e66ba10e645b1141d318f62f95c37e8
resnet,clean_only,202,bandpass_n20001_cV4_covariance_s0,phase2/results/predictions/full/clean_only/resnet/seed_202/bandpass_n20001_cV4_covariance_s0.npz,75386,3da000fe3222e7f1904f129356666e6640d828174917a0bff3e0ad1296ea22ee
resnet,clean_only,202,bandpass_n20001_cV5_independent_rms_s20,phase2/results/predictions/full/clean_only/resnet/seed_202/bandpass_n20001_cV5_independent_rms_s20.npz,76491,b759013e792f4ee6fb9ff8d66c401ddc6bbbba89da764c1b49928682f3c7072b
resnet,clean_only,202,bandpass_n20001_cV5_independent_rms_s15,phase2/results/predictions/full/clean_only/resnet/seed_202/bandpass_n20001_cV5_independent_rms_s15.npz,76386,57fdac2eddccc11415424ea693d4e8a2abba21157e6b247b27cb01d69bf3f212
resnet,clean_only,202,bandpass_n20001_cV5_independent_rms_s10,phase2/results/predictions/full/clean_only/resnet/seed_202/bandpass_n20001_cV5_independent_rms_s10.npz,76257,4da7c14d88681ca9f88b45b297b94954ea46f229fd87e2a15522719fd48c772f
resnet,clean_only,202,bandpass_n20001_cV5_independent_rms_s5,phase2/results/predictions/full/clean_only/resnet/seed_202/bandpass_n20001_cV5_independent_rms_s5.npz,75900,b36a0fe8b211c9f9a33ae50cd96634c857f911c4c0bf3b8da03c5636bd867468
resnet,clean_only,202,bandpass_n20001_cV5_independent_rms_s0,phase2/results/predictions/full/clean_only/resnet/seed_202/bandpass_n20001_cV5_independent_rms_s0.npz,75371,5c336d583077ef9c73fc82d9cc8413017d83549f88f913dd0cb9060fca9bfa57
resnet,clean_only,202,bandpass_n20001_cV5_electrode_s20,phase2/results/predictions/full/clean_only/resnet/seed_202/bandpass_n20001_cV5_electrode_s20.npz,76469,e7e7de75b1d3e04d72d7ba2e6bc8facc42d745c9bd93e3b65591b6c2b0855d3a
resnet,clean_only,202,bandpass_n20001_cV5_electrode_s15,phase2/results/predictions/full/clean_only/resnet/seed_202/bandpass_n20001_cV5_electrode_s15.npz,76366,9d4f039bf24910813ffe35cfa3602e3f602aa281ca2edd43d37bf005c212f8d5
resnet,clean_only,202,bandpass_n20001_cV5_electrode_s10,phase2/results/predictions/full/clean_only/resnet/seed_202/bandpass_n20001_cV5_electrode_s10.npz,76237,7cd6831e70a28f7cc43a227495befc0590b0f48d9b6fa038f32137a0136118b5
resnet,clean_only,202,bandpass_n20001_cV5_electrode_s5,phase2/results/predictions/full/clean_only/resnet/seed_202/bandpass_n20001_cV5_electrode_s5.npz,75882,d9f88b9951e1518b877ca29000a039256321e040b69691fcbe4777451c1f676c
resnet,clean_only,202,bandpass_n20001_cV5_electrode_s0,phase2/results/predictions/full/clean_only/resnet/seed_202/bandpass_n20001_cV5_electrode_s0.npz,75341,a2a106878567bd0de10f8f54dec9d4b7810743f20b922f1597e1a5394b41a7e3
resnet,clean_only,202,bandpass_n20001_cV5_covariance_s20,phase2/results/predictions/full/clean_only/resnet/seed_202/bandpass_n20001_cV5_covariance_s20.npz,76448,3e0944fe4a27b25abb6c4bfd58fcb6b8586b3922bbc56b2dd58f2c4eb558d687
resnet,clean_only,202,bandpass_n20001_cV5_covariance_s15,phase2/results/predictions/full/clean_only/resnet/seed_202/bandpass_n20001_cV5_covariance_s15.npz,76387,8db14a87e396ce6af0297a4fd2bd1bdad9778bb06cfa9129db4a38ad6070c962
resnet,clean_only,202,bandpass_n20001_cV5_covariance_s10,phase2/results/predictions/full/clean_only/resnet/seed_202/bandpass_n20001_cV5_covariance_s10.npz,76247,29207c6768f36f8e934cdb599f2e026f80c62a95f3bd458df254976f6297a228
resnet,clean_only,202,bandpass_n20001_cV5_covariance_s5,phase2/results/predictions/full/clean_only/resnet/seed_202/bandpass_n20001_cV5_covariance_s5.npz,75846,1d441dd5173456902fc67dc721baa2b0d90557137ba46a83121dcdeaa6fde41b
resnet,clean_only,202,bandpass_n20001_cV5_covariance_s0,phase2/results/predictions/full/clean_only/resnet/seed_202/bandpass_n20001_cV5_covariance_s0.npz,75347,c793b48cb66fa325abd2d24912d5cd6cb077ac1723fcc9854ad964ac82bd39bc
resnet,clean_only,202,bandpass_n20001_cV6_independent_rms_s20,phase2/results/predictions/full/clean_only/resnet/seed_202/bandpass_n20001_cV6_independent_rms_s20.npz,76533,064045168f6f9b1e0c7f3916929a910ae2a086536ef5b44282f4c89e0405f875
resnet,clean_only,202,bandpass_n20001_cV6_independent_rms_s15,phase2/results/predictions/full/clean_only/resnet/seed_202/bandpass_n20001_cV6_independent_rms_s15.npz,76481,144642b1b1a7f4e3ae181d4ed7d53a73667e834f02af7cf3b8a712d0c9f047a8
resnet,clean_only,202,bandpass_n20001_cV6_independent_rms_s10,phase2/results/predictions/full/clean_only/resnet/seed_202/bandpass_n20001_cV6_independent_rms_s10.npz,76330,f06904b70310ac41498a703e7e92e9041ba0d257867a8963d4e00093bf09d27a
resnet,clean_only,202,bandpass_n20001_cV6_independent_rms_s5,phase2/results/predictions/full/clean_only/resnet/seed_202/bandpass_n20001_cV6_independent_rms_s5.npz,76024,8e9e7214b711ce4ea3e450f34d67d71eefd3553356aed4fb3b8c8a42c6da10ce
resnet,clean_only,202,bandpass_n20001_cV6_independent_rms_s0,phase2/results/predictions/full/clean_only/resnet/seed_202/bandpass_n20001_cV6_independent_rms_s0.npz,75364,0a4b7c6d07bbe4f6d071d16245d4db6600434eb39514c4382e8d1919c36adeb6
resnet,clean_only,202,bandpass_n20001_cV6_electrode_s20,phase2/results/predictions/full/clean_only/resnet/seed_202/bandpass_n20001_cV6_electrode_s20.npz,76485,2bf26c5462dca302594de688faaee915ab748e164a82f0eb276216d79a1ff867
resnet,clean_only,202,bandpass_n20001_cV6_electrode_s15,phase2/results/predictions/full/clean_only/resnet/seed_202/bandpass_n20001_cV6_electrode_s15.npz,76433,ba74905d3f754fb212b1a7359cb778cc2cfbc9f74b45dce87c2020cbf8fe8438
resnet,clean_only,202,bandpass_n20001_cV6_electrode_s10,phase2/results/predictions/full/clean_only/resnet/seed_202/bandpass_n20001_cV6_electrode_s10.npz,76338,ada826fb0f7294945bc44622520284a75535a6154b5322ee3484d4bf1c0eef79
resnet,clean_only,202,bandpass_n20001_cV6_electrode_s5,phase2/results/predictions/full/clean_only/resnet/seed_202/bandpass_n20001_cV6_electrode_s5.npz,76007,400ef790ab51f15d14c3cfab4c98748efa4d234be286a11f174900f7b0a289e9
resnet,clean_only,202,bandpass_n20001_cV6_electrode_s0,phase2/results/predictions/full/clean_only/resnet/seed_202/bandpass_n20001_cV6_electrode_s0.npz,75332,a8ee44d21d804c48a4a6083f9218bc4f1c48cbe508970d27c7ee018f335aa704
resnet,clean_only,202,bandpass_n20001_cV6_covariance_s20,phase2/results/predictions/full/clean_only/resnet/seed_202/bandpass_n20001_cV6_covariance_s20.npz,76489,52027b1225864732e6f14c95ea2cae8ae1242f8effc37f0b4a737c89b4307c02
resnet,clean_only,202,bandpass_n20001_cV6_covariance_s15,phase2/results/predictions/full/clean_only/resnet/seed_202/bandpass_n20001_cV6_covariance_s15.npz,76454,a068c49d7ed9212b594568ce3628a4bfc21ac0f74f87453ab3e6c3c2bb8633c8
resnet,clean_only,202,bandpass_n20001_cV6_covariance_s10,phase2/results/predictions/full/clean_only/resnet/seed_202/bandpass_n20001_cV6_covariance_s10.npz,76329,5f4ad5e836b09239d1ee8f17b281eff7937f1f3df5bbd488ad71ddbc909b336b
resnet,clean_only,202,bandpass_n20001_cV6_covariance_s5,phase2/results/predictions/full/clean_only/resnet/seed_202/bandpass_n20001_cV6_covariance_s5.npz,76033,b961df1b6cb8be662a9200d091b925d24b2594f6a90f8529066ba2689856cecf
resnet,clean_only,202,bandpass_n20001_cV6_covariance_s0,phase2/results/predictions/full/clean_only/resnet/seed_202/bandpass_n20001_cV6_covariance_s0.npz,75363,aa9c9386105c1d4f6a26f30dfbc2dfd2bcef8ad1c3e7c3b36f8944e386f1d2cc
resnet,clean_only,202,bandpass_n20001_cRA_LA_independent_rms_s20,phase2/results/predictions/full/clean_only/resnet/seed_202/bandpass_n20001_cRA_LA_independent_rms_s20.npz,76513,e4da034e196b8011d770d29903a69d9aa1700927d03fe247b62632c3411c74c8
resnet,clean_only,202,bandpass_n20001_cRA_LA_independent_rms_s15,phase2/results/predictions/full/clean_only/resnet/seed_202/bandpass_n20001_cRA_LA_independent_rms_s15.npz,76448,8c7a024b27889b15951dc801bbaa305f210abd8815d747b4bf98c30dbbb4b1c1
resnet,clean_only,202,bandpass_n20001_cRA_LA_independent_rms_s10,phase2/results/predictions/full/clean_only/resnet/seed_202/bandpass_n20001_cRA_LA_independent_rms_s10.npz,76286,f5471743d7ceef07f3ef62a54207364fcdcc6a9ef7d9e33e626111758eb5dcd1
resnet,clean_only,202,bandpass_n20001_cRA_LA_independent_rms_s5,phase2/results/predictions/full/clean_only/resnet/seed_202/bandpass_n20001_cRA_LA_independent_rms_s5.npz,75934,0aa9f297d7f2d941c8b3c1818b403ba21e25cf133e92bab2c540067a0fcc2bbf
resnet,clean_only,202,bandpass_n20001_cRA_LA_independent_rms_s0,phase2/results/predictions/full/clean_only/resnet/seed_202/bandpass_n20001_cRA_LA_independent_rms_s0.npz,75327,84876d52898cc33266293e7e41ff70b02b846e6f17e76705b70e0e602433494d
resnet,clean_only,202,bandpass_n20001_cRA_LA_electrode_s20,phase2/results/predictions/full/clean_only/resnet/seed_202/bandpass_n20001_cRA_LA_electrode_s20.npz,76524,04bf6a8bc1371368c00e21c4d7615527cf5740c6242390070d1ee56dd271f41a
resnet,clean_only,202,bandpass_n20001_cRA_LA_electrode_s15,phase2/results/predictions/full/clean_only/resnet/seed_202/bandpass_n20001_cRA_LA_electrode_s15.npz,76394,b34de874659877adbabaa223c99c15956c7191eb1775bed303c9d9c5ba678ffe
resnet,clean_only,202,bandpass_n20001_cRA_LA_electrode_s10,phase2/results/predictions/full/clean_only/resnet/seed_202/bandpass_n20001_cRA_LA_electrode_s10.npz,76149,017d7e4526b7840a30a41861780b62c5f175f12c0f1ba1ad9c355247a5629a51
resnet,clean_only,202,bandpass_n20001_cRA_LA_electrode_s5,phase2/results/predictions/full/clean_only/resnet/seed_202/bandpass_n20001_cRA_LA_electrode_s5.npz,75721,ac0d33d57fff16292ce4d251112a9ddaff643930adf8d4a6de37145c8efdaec1
resnet,clean_only,202,bandpass_n20001_cRA_LA_electrode_s0,phase2/results/predictions/full/clean_only/resnet/seed_202/bandpass_n20001_cRA_LA_electrode_s0.npz,75330,efa497289bc2d3609c4c15149b82a4ff5acf5f4cdf3e39e8e1a95e2b683883f2
resnet,clean_only,202,bandpass_n20001_cRA_LA_covariance_s20,phase2/results/predictions/full/clean_only/resnet/seed_202/bandpass_n20001_cRA_LA_covariance_s20.npz,76480,d89f1e9e99c85476bf5c9381c7c6126aae5d90e8b4bcdb7ab819576a99596b9c
resnet,clean_only,202,bandpass_n20001_cRA_LA_covariance_s15,phase2/results/predictions/full/clean_only/resnet/seed_202/bandpass_n20001_cRA_LA_covariance_s15.npz,76389,ff04f592675789e316aea7a034e2eea3804a7c3da808e6e13b3f043a6a4bd655
resnet,clean_only,202,bandpass_n20001_cRA_LA_covariance_s10,phase2/results/predictions/full/clean_only/resnet/seed_202/bandpass_n20001_cRA_LA_covariance_s10.npz,76195,5eabb3d26555b1f1b7786b748417f254672f0f135875876101e2c510b744274f
resnet,clean_only,202,bandpass_n20001_cRA_LA_covariance_s5,phase2/results/predictions/full/clean_only/resnet/seed_202/bandpass_n20001_cRA_LA_covariance_s5.npz,75720,e96c502a127e82c10d60bfef5cd12e4cb1b68ff176e61d9d17849d392ec60500
resnet,clean_only,202,bandpass_n20001_cRA_LA_covariance_s0,phase2/results/predictions/full/clean_only/resnet/seed_202/bandpass_n20001_cRA_LA_covariance_s0.npz,75304,a87b63da295506d9e0e01606a25d1f86bbf06d62724a080f9030c8c642e27661
resnet,clean_only,202,bandpass_n20001_cLA_LL_independent_rms_s20,phase2/results/predictions/full/clean_only/resnet/seed_202/bandpass_n20001_cLA_LL_independent_rms_s20.npz,76517,ee267da88656a9357191c0d7d96849a7bcf0acadbfe83ff3eae87008833e4e0f
resnet,clean_only,202,bandpass_n20001_cLA_LL_independent_rms_s15,phase2/results/predictions/full/clean_only/resnet/seed_202/bandpass_n20001_cLA_LL_independent_rms_s15.npz,76420,9253c99a0dbe7115436d3e41526845a642e8d6ded64542d55864f753013002d1
resnet,clean_only,202,bandpass_n20001_cLA_LL_independent_rms_s10,phase2/results/predictions/full/clean_only/resnet/seed_202/bandpass_n20001_cLA_LL_independent_rms_s10.npz,76276,cdb0c2da6e8fc64a78b2eadf802970777378a16742dd42f29ee3ac610ba54d8a
resnet,clean_only,202,bandpass_n20001_cLA_LL_independent_rms_s5,phase2/results/predictions/full/clean_only/resnet/seed_202/bandpass_n20001_cLA_LL_independent_rms_s5.npz,75954,e42ce592aa1fa2065f7b43e6f260b61d060dcbc68e1c92716fb101b1443e46a0
resnet,clean_only,202,bandpass_n20001_cLA_LL_independent_rms_s0,phase2/results/predictions/full/clean_only/resnet/seed_202/bandpass_n20001_cLA_LL_independent_rms_s0.npz,75347,9e879d46cd1e1df56ddee11b6407c9bf7eecd0d90adafc741326481fe7134d9b
resnet,clean_only,202,bandpass_n20001_cLA_LL_electrode_s20,phase2/results/predictions/full/clean_only/resnet/seed_202/bandpass_n20001_cLA_LL_electrode_s20.npz,76497,4aed100feceb80dfff20ffa7f102c81b6b980b3cf610219d95f2f0cd627f0745
resnet,clean_only,202,bandpass_n20001_cLA_LL_electrode_s15,phase2/results/predictions/full/clean_only/resnet/seed_202/bandpass_n20001_cLA_LL_electrode_s15.npz,76393,70a089abfb7fbf4168024ecff539bafbc846c0d60f759b1aee606457a4668de0
resnet,clean_only,202,bandpass_n20001_cLA_LL_electrode_s10,phase2/results/predictions/full/clean_only/resnet/seed_202/bandpass_n20001_cLA_LL_electrode_s10.npz,76142,77d04010246c989fc945bf3b8a30640982d83fe769ffeed7e104e540397df66b
resnet,clean_only,202,bandpass_n20001_cLA_LL_electrode_s5,phase2/results/predictions/full/clean_only/resnet/seed_202/bandpass_n20001_cLA_LL_electrode_s5.npz,75709,a5aa42648b400f9be058cb5ad8d2339376779d4cea27f6fba994f158bcb51cab
resnet,clean_only,202,bandpass_n20001_cLA_LL_electrode_s0,phase2/results/predictions/full/clean_only/resnet/seed_202/bandpass_n20001_cLA_LL_electrode_s0.npz,75342,6e915279be48ff6f1f696167d8ae2797bb43edd899fbb6debeba052780ad803f
resnet,clean_only,202,bandpass_n20001_cLA_LL_covariance_s20,phase2/results/predictions/full/clean_only/resnet/seed_202/bandpass_n20001_cLA_LL_covariance_s20.npz,76505,d03865c4fa6f5a4942656f2e9f68bd08bab46fca5e7bc833bcffd63cfc94a69b
resnet,clean_only,202,bandpass_n20001_cLA_LL_covariance_s15,phase2/results/predictions/full/clean_only/resnet/seed_202/bandpass_n20001_cLA_LL_covariance_s15.npz,76388,57dee8f12882dd162b03abc6f2adb27bcd8a745e0d57d16e60d612149b5edd89
resnet,clean_only,202,bandpass_n20001_cLA_LL_covariance_s10,phase2/results/predictions/full/clean_only/resnet/seed_202/bandpass_n20001_cLA_LL_covariance_s10.npz,76182,e92adff1d5cabff0cf6bd38f077e3dd30fdd1dc5eea7a376572d1a0dc1498bde
resnet,clean_only,202,bandpass_n20001_cLA_LL_covariance_s5,phase2/results/predictions/full/clean_only/resnet/seed_202/bandpass_n20001_cLA_LL_covariance_s5.npz,75704,d72b731091b64aa59a662cff14619fd64990b262396171e79b4e3c0bb78e7eaa
resnet,clean_only,202,bandpass_n20001_cLA_LL_covariance_s0,phase2/results/predictions/full/clean_only/resnet/seed_202/bandpass_n20001_cLA_LL_covariance_s0.npz,75313,b8dc6e31cda63b6e5c6758603bbc348e6ebfdd93dfcb1d2528a9f2d064c7b7e8
resnet,clean_only,202,bandpass_n20001_cRA_LL_independent_rms_s20,phase2/results/predictions/full/clean_only/resnet/seed_202/bandpass_n20001_cRA_LL_independent_rms_s20.npz,76520,58e46aed292308a5db40d6aaabf0bdf47450789386aff547037a13a23ab8aa8b
resnet,clean_only,202,bandpass_n20001_cRA_LL_independent_rms_s15,phase2/results/predictions/full/clean_only/resnet/seed_202/bandpass_n20001_cRA_LL_independent_rms_s15.npz,76435,47cc2cd92f49d5d8163469205183df26176e6389f1a7df7768d65bf18e08f29f
resnet,clean_only,202,bandpass_n20001_cRA_LL_independent_rms_s10,phase2/results/predictions/full/clean_only/resnet/seed_202/bandpass_n20001_cRA_LL_independent_rms_s10.npz,76265,26089b43b2d8645dfa2fa7a3a2d6c073a893fc4d6d7aa46bf19cb7c5a0997c6c
resnet,clean_only,202,bandpass_n20001_cRA_LL_independent_rms_s5,phase2/results/predictions/full/clean_only/resnet/seed_202/bandpass_n20001_cRA_LL_independent_rms_s5.npz,75916,b396195f99e1a380f8456a9c6e21247e124ac2dcd032e9eb898cfe6eff2bd556
resnet,clean_only,202,bandpass_n20001_cRA_LL_independent_rms_s0,phase2/results/predictions/full/clean_only/resnet/seed_202/bandpass_n20001_cRA_LL_independent_rms_s0.npz,75339,ab2abd28954acd80d5da79f23f81583a17ea5beed8c76bb99791c83d5d93588a
resnet,clean_only,202,bandpass_n20001_cRA_LL_electrode_s20,phase2/results/predictions/full/clean_only/resnet/seed_202/bandpass_n20001_cRA_LL_electrode_s20.npz,76501,9628052d06d82dc0cc6dfba4be1a017006ab2c2dc789d311a7c336f01de2ebf9
resnet,clean_only,202,bandpass_n20001_cRA_LL_electrode_s15,phase2/results/predictions/full/clean_only/resnet/seed_202/bandpass_n20001_cRA_LL_electrode_s15.npz,76426,cb3f160ea57dc0b0c2bb8fc091fba10583588b82737e9869cf8e8117f0fa2e4d
resnet,clean_only,202,bandpass_n20001_cRA_LL_electrode_s10,phase2/results/predictions/full/clean_only/resnet/seed_202/bandpass_n20001_cRA_LL_electrode_s10.npz,76182,b21158f9337ef98d0a09b96a7318454b264bcec7f8d3cba8bc345645b753344f
resnet,clean_only,202,bandpass_n20001_cRA_LL_electrode_s5,phase2/results/predictions/full/clean_only/resnet/seed_202/bandpass_n20001_cRA_LL_electrode_s5.npz,75826,4412271b99deca60d0c136ecbd1a835fa989192e884fbfbcaf128831ef892d20
resnet,clean_only,202,bandpass_n20001_cRA_LL_electrode_s0,phase2/results/predictions/full/clean_only/resnet/seed_202/bandpass_n20001_cRA_LL_electrode_s0.npz,75261,41ec7f70495d7699b799d997a24366c073c097eb4f0b25176bb309a420202512
resnet,clean_only,202,bandpass_n20001_cRA_LL_covariance_s20,phase2/results/predictions/full/clean_only/resnet/seed_202/bandpass_n20001_cRA_LL_covariance_s20.npz,76493,57447ad2edb488cbd5d0e3ae082bb6d26123748e402c6e6691ec53402f5ec726
resnet,clean_only,202,bandpass_n20001_cRA_LL_covariance_s15,phase2/results/predictions/full/clean_only/resnet/seed_202/bandpass_n20001_cRA_LL_covariance_s15.npz,76406,f02f268e381c73da307fa79819f1b3329dca88c36a69b8a993ef192d19865dee
resnet,clean_only,202,bandpass_n20001_cRA_LL_covariance_s10,phase2/results/predictions/full/clean_only/resnet/seed_202/bandpass_n20001_cRA_LL_covariance_s10.npz,76201,7b378fdb086db00a5efde8f9a551b31a57133d4d1f3052ddae074b99f10c6ac5
resnet,clean_only,202,bandpass_n20001_cRA_LL_covariance_s5,phase2/results/predictions/full/clean_only/resnet/seed_202/bandpass_n20001_cRA_LL_covariance_s5.npz,75793,e1b052fc2de6d24e29e7da740d88802478571b46bf2877a096163e0e5e155e78
resnet,clean_only,202,bandpass_n20001_cRA_LL_covariance_s0,phase2/results/predictions/full/clean_only/resnet/seed_202/bandpass_n20001_cRA_LL_covariance_s0.npz,75289,ef67823efbe12a8633b8d47535f6b04f8fd88463a2821de78fa73ff3051861e3
resnet,clean_only,202,bandpass_n20001_cRA_independent_rms_s20,phase2/results/predictions/full/clean_only/resnet/seed_202/bandpass_n20001_cRA_independent_rms_s20.npz,76494,0b621382567920ad30c79b82e9e39d176657f86e43dbadad5f746a7fd5a7e4ce
resnet,clean_only,202,bandpass_n20001_cRA_independent_rms_s15,phase2/results/predictions/full/clean_only/resnet/seed_202/bandpass_n20001_cRA_independent_rms_s15.npz,76443,2041c4c71c49c0c1835b0108670c744f91725027b3cf44183657101a75debb9c
resnet,clean_only,202,bandpass_n20001_cRA_independent_rms_s10,phase2/results/predictions/full/clean_only/resnet/seed_202/bandpass_n20001_cRA_independent_rms_s10.npz,76279,33754223b80633767e18f2ab88f5b168ca95a16b00fd4ebf35f51f8c133d36e9
resnet,clean_only,202,bandpass_n20001_cRA_independent_rms_s5,phase2/results/predictions/full/clean_only/resnet/seed_202/bandpass_n20001_cRA_independent_rms_s5.npz,75885,3ba003fb7876e7a779fc3cc7e7c3d74637283144b897e359ad31045375893158
resnet,clean_only,202,bandpass_n20001_cRA_independent_rms_s0,phase2/results/predictions/full/clean_only/resnet/seed_202/bandpass_n20001_cRA_independent_rms_s0.npz,75273,994ed046cf63020c0ca7b04245fa7020398379d347055d5f6d6d7c2a6c268cd1
resnet,clean_only,202,bandpass_n20001_cRA_electrode_s20,phase2/results/predictions/full/clean_only/resnet/seed_202/bandpass_n20001_cRA_electrode_s20.npz,76452,85ab0d59b47a103f32d0a3ce4be06e3622228488cda886c4336200571a5feb6c
resnet,clean_only,202,bandpass_n20001_cRA_electrode_s15,phase2/results/predictions/full/clean_only/resnet/seed_202/bandpass_n20001_cRA_electrode_s15.npz,76410,c25bdc4b8fbb8c5a2e765091224c9c450a453a187ec346bac0689d0fe142220b
resnet,clean_only,202,bandpass_n20001_cRA_electrode_s10,phase2/results/predictions/full/clean_only/resnet/seed_202/bandpass_n20001_cRA_electrode_s10.npz,76214,4de730ba9a13e308eaaad9bffae74d6040b2281d7ae6d58bb00f245cd3d5da88
resnet,clean_only,202,bandpass_n20001_cRA_electrode_s5,phase2/results/predictions/full/clean_only/resnet/seed_202/bandpass_n20001_cRA_electrode_s5.npz,75839,a5e0b90ec15eed335cdda51e9f65ec4a9b0f96db816d2c0501d8367a0d120722
resnet,clean_only,202,bandpass_n20001_cRA_electrode_s0,phase2/results/predictions/full/clean_only/resnet/seed_202/bandpass_n20001_cRA_electrode_s0.npz,75332,1add5e33f6d81d3d73d5532918b307611c68a49cc5ca5300f7df064c5ff74b2c
resnet,clean_only,202,bandpass_n20001_cRA_covariance_s20,phase2/results/predictions/full/clean_only/resnet/seed_202/bandpass_n20001_cRA_covariance_s20.npz,76525,82ecce8edbbba20ce84d8e7bda36ca3e66b1622e869d98b5c41afeed95627770
resnet,clean_only,202,bandpass_n20001_cRA_covariance_s15,phase2/results/predictions/full/clean_only/resnet/seed_202/bandpass_n20001_cRA_covariance_s15.npz,76425,e872ff654c9fc69ad4023b4c8c3f48b82998b7c050ff63dee8ca455bb31c8bcf
resnet,clean_only,202,bandpass_n20001_cRA_covariance_s10,phase2/results/predictions/full/clean_only/resnet/seed_202/bandpass_n20001_cRA_covariance_s10.npz,76246,a0948ed2905b4d8e0688c4eef57aaae1736848e3c1a78c777dbad1b04ac18398
resnet,clean_only,202,bandpass_n20001_cRA_covariance_s5,phase2/results/predictions/full/clean_only/resnet/seed_202/bandpass_n20001_cRA_covariance_s5.npz,75845,3207dce7eef3dbac792b1b495274688abc33be80e629993bc46d17667645dac2
resnet,clean_only,202,bandpass_n20001_cRA_covariance_s0,phase2/results/predictions/full/clean_only/resnet/seed_202/bandpass_n20001_cRA_covariance_s0.npz,75337,019460b03504d6fb4f0b5651b44d66304960665f18f94593adde362173ba92cf
resnet,clean_only,202,bandpass_n20001_cLA_independent_rms_s20,phase2/results/predictions/full/clean_only/resnet/seed_202/bandpass_n20001_cLA_independent_rms_s20.npz,76499,3aea110daed12ce732b88d0f7e7192ed963cd0b96dfe9e4902966b536044dd5c
resnet,clean_only,202,bandpass_n20001_cLA_independent_rms_s15,phase2/results/predictions/full/clean_only/resnet/seed_202/bandpass_n20001_cLA_independent_rms_s15.npz,76386,dfa1e92d231c9f78b6b6694e178f0cb6aa73b49db9f856767e4a6abf324048bf
resnet,clean_only,202,bandpass_n20001_cLA_independent_rms_s10,phase2/results/predictions/full/clean_only/resnet/seed_202/bandpass_n20001_cLA_independent_rms_s10.npz,76291,4a09e1b2dac911d3e5609a8734668f2987ba643e226dd1b2192552e8afe31b62
resnet,clean_only,202,bandpass_n20001_cLA_independent_rms_s5,phase2/results/predictions/full/clean_only/resnet/seed_202/bandpass_n20001_cLA_independent_rms_s5.npz,75897,09309bbd58a728de8ca9c4529688a0ae6b4c5684835abc5e1dfbe580a8b56f51
resnet,clean_only,202,bandpass_n20001_cLA_independent_rms_s0,phase2/results/predictions/full/clean_only/resnet/seed_202/bandpass_n20001_cLA_independent_rms_s0.npz,75337,5011032e3790d76cca8fe99d73d5ba3945b49871ddfec8fe21a22ea70d3d7798
resnet,clean_only,202,bandpass_n20001_cLA_electrode_s20,phase2/results/predictions/full/clean_only/resnet/seed_202/bandpass_n20001_cLA_electrode_s20.npz,76494,0f128f8b373b0794523b5089db604526c146b0d92d6ccd3bd4eff78ee2433bae
resnet,clean_only,202,bandpass_n20001_cLA_electrode_s15,phase2/results/predictions/full/clean_only/resnet/seed_202/bandpass_n20001_cLA_electrode_s15.npz,76341,4727a0265c43c25ad5d6e1546dbc42753919b6553e1c1669244d7a13cd6c1fa6
resnet,clean_only,202,bandpass_n20001_cLA_electrode_s10,phase2/results/predictions/full/clean_only/resnet/seed_202/bandpass_n20001_cLA_electrode_s10.npz,76115,1b66d907b8aa8afae6243ca810be3037f6f945b970bde09173a0da652731392c
resnet,clean_only,202,bandpass_n20001_cLA_electrode_s5,phase2/results/predictions/full/clean_only/resnet/seed_202/bandpass_n20001_cLA_electrode_s5.npz,75652,4c0b9c726ea30aabd5ef8b151f2cb3a7242b1e473cbbc949b205a9422d4aa5b1
resnet,clean_only,202,bandpass_n20001_cLA_electrode_s0,phase2/results/predictions/full/clean_only/resnet/seed_202/bandpass_n20001_cLA_electrode_s0.npz,75304,4a2377e6a0ff24b387a9737c87ae208383bdf504319c581a2a40ac7def974043
resnet,clean_only,202,bandpass_n20001_cLA_covariance_s20,phase2/results/predictions/full/clean_only/resnet/seed_202/bandpass_n20001_cLA_covariance_s20.npz,76491,f548a6fba41a1be23ab456465ccbe4ecfb55c0c65f594810d010c0acc8360033
resnet,clean_only,202,bandpass_n20001_cLA_covariance_s15,phase2/results/predictions/full/clean_only/resnet/seed_202/bandpass_n20001_cLA_covariance_s15.npz,76346,7770969ff52c7e08aab62163f01e4080dec9148b3342e21c3ae32f8873710aef
resnet,clean_only,202,bandpass_n20001_cLA_covariance_s10,phase2/results/predictions/full/clean_only/resnet/seed_202/bandpass_n20001_cLA_covariance_s10.npz,76115,dadeb72ef0de609e0b7f216823ce65b9aa0eb436739ae8ba3613fce4ce091acd
resnet,clean_only,202,bandpass_n20001_cLA_covariance_s5,phase2/results/predictions/full/clean_only/resnet/seed_202/bandpass_n20001_cLA_covariance_s5.npz,75686,1b77efda3ed37d60160627d0c9c40a6136f4814e91b6a1deddd23fbac6a25840
resnet,clean_only,202,bandpass_n20001_cLA_covariance_s0,phase2/results/predictions/full/clean_only/resnet/seed_202/bandpass_n20001_cLA_covariance_s0.npz,75345,0db67262ec6a1f4326a2e849e076e84e77f892fd76afe315fd8896e9e0958c49
resnet,clean_only,202,bandpass_n20001_cLL_independent_rms_s20,phase2/results/predictions/full/clean_only/resnet/seed_202/bandpass_n20001_cLL_independent_rms_s20.npz,76495,4cd0a74cb20f4c1978047dcd013fbd0e6f5442ca83d0750e33d04dc9697d9dac
resnet,clean_only,202,bandpass_n20001_cLL_independent_rms_s15,phase2/results/predictions/full/clean_only/resnet/seed_202/bandpass_n20001_cLL_independent_rms_s15.npz,76407,0fc3253e8e0b401e542e6ee0177029f1470eacdffe0295be5c414d9c6fac4109
resnet,clean_only,202,bandpass_n20001_cLL_independent_rms_s10,phase2/results/predictions/full/clean_only/resnet/seed_202/bandpass_n20001_cLL_independent_rms_s10.npz,76285,43262a626a70866b4ff67a69ba0e4299306732d156757332d6e29cd67e992f4b
resnet,clean_only,202,bandpass_n20001_cLL_independent_rms_s5,phase2/results/predictions/full/clean_only/resnet/seed_202/bandpass_n20001_cLL_independent_rms_s5.npz,75909,f6f46c099326a8fe8fa729948c5047c1ec31a7de0d48551a83a20d8e5810c983
resnet,clean_only,202,bandpass_n20001_cLL_independent_rms_s0,phase2/results/predictions/full/clean_only/resnet/seed_202/bandpass_n20001_cLL_independent_rms_s0.npz,75356,11650c513449c8f8ae561acb5533267af3e5f6f2258c7ea6269feeabf6bc6b8c
resnet,clean_only,202,bandpass_n20001_cLL_electrode_s20,phase2/results/predictions/full/clean_only/resnet/seed_202/bandpass_n20001_cLL_electrode_s20.npz,76493,034daad57c217573cfb31416855d6cf74e44a1f698d8763584297792a7a702a2
resnet,clean_only,202,bandpass_n20001_cLL_electrode_s15,phase2/results/predictions/full/clean_only/resnet/seed_202/bandpass_n20001_cLL_electrode_s15.npz,76386,27351874ea2dc2486811de337f9c6c071ab98f01f96fbab852456b597a339557
resnet,clean_only,202,bandpass_n20001_cLL_electrode_s10,phase2/results/predictions/full/clean_only/resnet/seed_202/bandpass_n20001_cLL_electrode_s10.npz,76179,94eb0099c9304ddaa3aa597297a7636c1b473a938cfc962c6ab430c97722d4cf
resnet,clean_only,202,bandpass_n20001_cLL_electrode_s5,phase2/results/predictions/full/clean_only/resnet/seed_202/bandpass_n20001_cLL_electrode_s5.npz,75815,4b6da285f7a7f519c7a36b389e2deb9feb5910aec032ec10c23e74da716e9766
resnet,clean_only,202,bandpass_n20001_cLL_electrode_s0,phase2/results/predictions/full/clean_only/resnet/seed_202/bandpass_n20001_cLL_electrode_s0.npz,75367,de6c34c8a0fe8b8337d4b8eb1b13088a6c0fe0e5c5bc89383439289d4325b1b3
resnet,clean_only,202,bandpass_n20001_cLL_covariance_s20,phase2/results/predictions/full/clean_only/resnet/seed_202/bandpass_n20001_cLL_covariance_s20.npz,76476,1094ef845a42844a2fe8c8d08797f7221c06fc4a569c537eb55fab3d83a422e1
resnet,clean_only,202,bandpass_n20001_cLL_covariance_s15,phase2/results/predictions/full/clean_only/resnet/seed_202/bandpass_n20001_cLL_covariance_s15.npz,76390,63c69eafd15dbe2aacab7accdbb55049bb422dad80dafc758160eaf9bad39982
resnet,clean_only,202,bandpass_n20001_cLL_covariance_s10,phase2/results/predictions/full/clean_only/resnet/seed_202/bandpass_n20001_cLL_covariance_s10.npz,76202,0caf27615b2d24b9a9ad1a6a37f78cb75e80de69cc005f3b53bfb2d9c7ff67bf
resnet,clean_only,202,bandpass_n20001_cLL_covariance_s5,phase2/results/predictions/full/clean_only/resnet/seed_202/bandpass_n20001_cLL_covariance_s5.npz,75770,67c6959fe84ca4a0952e90ca63d6d84ce4fbbc4780b1774df161d8b0844bd36d
resnet,clean_only,202,bandpass_n20001_cLL_covariance_s0,phase2/results/predictions/full/clean_only/resnet/seed_202/bandpass_n20001_cLL_covariance_s0.npz,75384,4c29b59348ce0c6d3ad0f9201912b74fb08fc5814bae492144ddf757c6fc648c
resnet,clean_only,202,bandpass_n20001_cRA_V1_independent_rms_s20,phase2/results/predictions/full/clean_only/resnet/seed_202/bandpass_n20001_cRA_V1_independent_rms_s20.npz,76530,3e397658f95f4a5e7bf5a5bccffcd39fcb0fabb9fd50b8b7cf6a27fe98efda1f
resnet,clean_only,202,bandpass_n20001_cRA_V1_independent_rms_s15,phase2/results/predictions/full/clean_only/resnet/seed_202/bandpass_n20001_cRA_V1_independent_rms_s15.npz,76419,f0e5a22493c5d83205c5df7f3e45938b56fd26103f82fec0f88400a1690486fd
resnet,clean_only,202,bandpass_n20001_cRA_V1_independent_rms_s10,phase2/results/predictions/full/clean_only/resnet/seed_202/bandpass_n20001_cRA_V1_independent_rms_s10.npz,76257,0575f81e9c95a5221e6bd5c49f7997636dce922e858b4a7d2666e9f9fa1d58b7
resnet,clean_only,202,bandpass_n20001_cRA_V1_independent_rms_s5,phase2/results/predictions/full/clean_only/resnet/seed_202/bandpass_n20001_cRA_V1_independent_rms_s5.npz,75877,beef3f27e8b78258de0355663737ed83aa2701a0570b065071e62cfbb677cf85
resnet,clean_only,202,bandpass_n20001_cRA_V1_independent_rms_s0,phase2/results/predictions/full/clean_only/resnet/seed_202/bandpass_n20001_cRA_V1_independent_rms_s0.npz,75299,a84c53d8603039198fb2c40159f000b6c21ae9b0ab86e22168c912c6e132ac3e
resnet,clean_only,202,bandpass_n20001_cRA_V1_electrode_s20,phase2/results/predictions/full/clean_only/resnet/seed_202/bandpass_n20001_cRA_V1_electrode_s20.npz,76481,abd542ea3e2ce1056d9ec551fc9cbd8f3e2f58c867d85fe0a7976b9e5f4f90cb
resnet,clean_only,202,bandpass_n20001_cRA_V1_electrode_s15,phase2/results/predictions/full/clean_only/resnet/seed_202/bandpass_n20001_cRA_V1_electrode_s15.npz,76378,64d167d33f88eb4823e371e2f73232e7676fdf559934a4efbe71ef35b7b8b136
resnet,clean_only,202,bandpass_n20001_cRA_V1_electrode_s10,phase2/results/predictions/full/clean_only/resnet/seed_202/bandpass_n20001_cRA_V1_electrode_s10.npz,76227,f75ff40ec82f0d8a5829c68a2253d91b7cc08f44cfba0f5b2a3912fface576f3
resnet,clean_only,202,bandpass_n20001_cRA_V1_electrode_s5,phase2/results/predictions/full/clean_only/resnet/seed_202/bandpass_n20001_cRA_V1_electrode_s5.npz,75833,9d82550a64fe7e54c3fc86cccdaba500c42aa5a1bd9dd621262e341576f72598
resnet,clean_only,202,bandpass_n20001_cRA_V1_electrode_s0,phase2/results/predictions/full/clean_only/resnet/seed_202/bandpass_n20001_cRA_V1_electrode_s0.npz,75344,f0aa4aa0a6cf24f7e16cdcc6eaca059a53a881586a62a6e6d2d6a66f82a82a9c
resnet,clean_only,202,bandpass_n20001_cRA_V1_covariance_s20,phase2/results/predictions/full/clean_only/resnet/seed_202/bandpass_n20001_cRA_V1_covariance_s20.npz,76487,687d1d48ba7654589b577b6f029213199f917e66cdef4dd6a3682fa859541ccb
resnet,clean_only,202,bandpass_n20001_cRA_V1_covariance_s15,phase2/results/predictions/full/clean_only/resnet/seed_202/bandpass_n20001_cRA_V1_covariance_s15.npz,76389,d89a60c4bed7f01255b9f634029f016fd67d142b1145bcb6664a240fcdffbe98
resnet,clean_only,202,bandpass_n20001_cRA_V1_covariance_s10,phase2/results/predictions/full/clean_only/resnet/seed_202/bandpass_n20001_cRA_V1_covariance_s10.npz,76223,92d5076313264934b37a2feef594ff05ac6b3380f395246b2dae8f2922c6b804
resnet,clean_only,202,bandpass_n20001_cRA_V1_covariance_s5,phase2/results/predictions/full/clean_only/resnet/seed_202/bandpass_n20001_cRA_V1_covariance_s5.npz,75839,bc9a94f7b5126077f6726baa6b816706458c0452b8df629098e9fe2b9c6af18f
resnet,clean_only,202,bandpass_n20001_cRA_V1_covariance_s0,phase2/results/predictions/full/clean_only/resnet/seed_202/bandpass_n20001_cRA_V1_covariance_s0.npz,75299,ed2cb4908cedcc38bbe84946eb356766f94195a6d822fd8876954a329c19c283
resnet,clean_only,202,bandpass_n20001_cLA_V6_independent_rms_s20,phase2/results/predictions/full/clean_only/resnet/seed_202/bandpass_n20001_cLA_V6_independent_rms_s20.npz,76517,4ebfdec811df79b43a27ab6ed3c791f022306cb5d370a48d248c8302c0661671
resnet,clean_only,202,bandpass_n20001_cLA_V6_independent_rms_s15,phase2/results/predictions/full/clean_only/resnet/seed_202/bandpass_n20001_cLA_V6_independent_rms_s15.npz,76446,445601ef8caa27a862aea8ccb42bd7789e2d2cb6028ecae2ca8e6d545044ec83
resnet,clean_only,202,bandpass_n20001_cLA_V6_independent_rms_s10,phase2/results/predictions/full/clean_only/resnet/seed_202/bandpass_n20001_cLA_V6_independent_rms_s10.npz,76282,6d1df3192d56aa8197a6994cb6fbdb0cc5dbbb9f3f35376fd089a5c20a6c5b4f
resnet,clean_only,202,bandpass_n20001_cLA_V6_independent_rms_s5,phase2/results/predictions/full/clean_only/resnet/seed_202/bandpass_n20001_cLA_V6_independent_rms_s5.npz,75970,8b996d29c135c3f15fc5900ad46db321cec72abdfc1cd619f173685c78124c3a
resnet,clean_only,202,bandpass_n20001_cLA_V6_independent_rms_s0,phase2/results/predictions/full/clean_only/resnet/seed_202/bandpass_n20001_cLA_V6_independent_rms_s0.npz,75328,6e9894766eb70b641140d0472f7cef1fe44b25643266a0635e9811cef94a5849
resnet,clean_only,202,bandpass_n20001_cLA_V6_electrode_s20,phase2/results/predictions/full/clean_only/resnet/seed_202/bandpass_n20001_cLA_V6_electrode_s20.npz,76503,fda17d6e35e6dc0d8a4425e9309b81d28560b9e6bcbc597cb9845e703c5c6be7
resnet,clean_only,202,bandpass_n20001_cLA_V6_electrode_s15,phase2/results/predictions/full/clean_only/resnet/seed_202/bandpass_n20001_cLA_V6_electrode_s15.npz,76380,b2aa2bba5d8b6f0246ce3fc762ce7aec386a851df12c24ef46d66efd819ecda2
resnet,clean_only,202,bandpass_n20001_cLA_V6_electrode_s10,phase2/results/predictions/full/clean_only/resnet/seed_202/bandpass_n20001_cLA_V6_electrode_s10.npz,76156,f98c0775c1712812117956a09a1155dbaebb22fc2feeceb48d9a2092d4f34df7
resnet,clean_only,202,bandpass_n20001_cLA_V6_electrode_s5,phase2/results/predictions/full/clean_only/resnet/seed_202/bandpass_n20001_cLA_V6_electrode_s5.npz,75747,4bc924f983b30c025e3c711312de56183627a95d97edce77ad55f3bb15251486
resnet,clean_only,202,bandpass_n20001_cLA_V6_electrode_s0,phase2/results/predictions/full/clean_only/resnet/seed_202/bandpass_n20001_cLA_V6_electrode_s0.npz,75296,f5391d54f78bf125d6af05aa4f7eba7b14906e579c6357c4918f06763dc73fd3
resnet,clean_only,202,bandpass_n20001_cLA_V6_covariance_s20,phase2/results/predictions/full/clean_only/resnet/seed_202/bandpass_n20001_cLA_V6_covariance_s20.npz,76486,f91e0d297ca33317580ac06c8d988015e13b412cf58dff3d4d7e193425e783ff
resnet,clean_only,202,bandpass_n20001_cLA_V6_covariance_s15,phase2/results/predictions/full/clean_only/resnet/seed_202/bandpass_n20001_cLA_V6_covariance_s15.npz,76409,18411ffa3383e26eb8c55a280da3fbe2aac8428f66d3c0a613000019f7cffc54
resnet,clean_only,202,bandpass_n20001_cLA_V6_covariance_s10,phase2/results/predictions/full/clean_only/resnet/seed_202/bandpass_n20001_cLA_V6_covariance_s10.npz,76196,2ccddef376db191ec1327e27960e19817ced191c7ecd5b9081548ce3d0af1148
resnet,clean_only,202,bandpass_n20001_cLA_V6_covariance_s5,phase2/results/predictions/full/clean_only/resnet/seed_202/bandpass_n20001_cLA_V6_covariance_s5.npz,75749,d68af76b097ffa2aeb2880dc5a0d805aa9ec2ec7c1664a41439fbb632c183e24
resnet,clean_only,202,bandpass_n20001_cLA_V6_covariance_s0,phase2/results/predictions/full/clean_only/resnet/seed_202/bandpass_n20001_cLA_V6_covariance_s0.npz,75299,43a527107773da3a7d71a5f41377e8b83d844e29d8e9c45826e8b30a9c154bc7
resnet,clean_only,202,bandpass_n20001_cLL_V4_independent_rms_s20,phase2/results/predictions/full/clean_only/resnet/seed_202/bandpass_n20001_cLL_V4_independent_rms_s20.npz,76522,73a2b03daa8f569c8ab49a5550d582c69d3508d067df2366dc247611e37f6969
resnet,clean_only,202,bandpass_n20001_cLL_V4_independent_rms_s15,phase2/results/predictions/full/clean_only/resnet/seed_202/bandpass_n20001_cLL_V4_independent_rms_s15.npz,76459,9b452e8b59e313b05322704f86d47a3ac7a45bed76330a4c7ca3af5865f95873
resnet,clean_only,202,bandpass_n20001_cLL_V4_independent_rms_s10,phase2/results/predictions/full/clean_only/resnet/seed_202/bandpass_n20001_cLL_V4_independent_rms_s10.npz,76311,a605171e34fb5bdee5dbc4d3e6d21afc797e57cc69e41d820c4273fbd2d10d49
resnet,clean_only,202,bandpass_n20001_cLL_V4_independent_rms_s5,phase2/results/predictions/full/clean_only/resnet/seed_202/bandpass_n20001_cLL_V4_independent_rms_s5.npz,75945,451edba3df4137f1285ce031c8d6b64c70c93b253511aef9c95f230e70cbdaf8
resnet,clean_only,202,bandpass_n20001_cLL_V4_independent_rms_s0,phase2/results/predictions/full/clean_only/resnet/seed_202/bandpass_n20001_cLL_V4_independent_rms_s0.npz,75350,f1d7dcd7473561f0203d99b59ae03bb4dd4503dcfa5645a1c23dd58dce9af339
resnet,clean_only,202,bandpass_n20001_cLL_V4_electrode_s20,phase2/results/predictions/full/clean_only/resnet/seed_202/bandpass_n20001_cLL_V4_electrode_s20.npz,76501,2c7619915a4913db2f28d04c82e2eac8cb6c5802c0fc0d776b6e7d4d89a0f3cb
resnet,clean_only,202,bandpass_n20001_cLL_V4_electrode_s15,phase2/results/predictions/full/clean_only/resnet/seed_202/bandpass_n20001_cLL_V4_electrode_s15.npz,76413,34c4c4499b4111558a32cdb673cdaca765f4f730518f10818ad2079ca73cc83f
resnet,clean_only,202,bandpass_n20001_cLL_V4_electrode_s10,phase2/results/predictions/full/clean_only/resnet/seed_202/bandpass_n20001_cLL_V4_electrode_s10.npz,76187,d91eb2cbb9c65b8793775ad5f19fdca94e8647e9b84c01fc08ccbc898c659f26
resnet,clean_only,202,bandpass_n20001_cLL_V4_electrode_s5,phase2/results/predictions/full/clean_only/resnet/seed_202/bandpass_n20001_cLL_V4_electrode_s5.npz,75865,8b129e6648a01d687c71b70613311bf3936cf09f5cd9dc364998e21f5b2d05c6
resnet,clean_only,202,bandpass_n20001_cLL_V4_electrode_s0,phase2/results/predictions/full/clean_only/resnet/seed_202/bandpass_n20001_cLL_V4_electrode_s0.npz,75407,17ab5f41b40d252dac9c20aa928d25bb52443892cd03d81e15d08223a79bb4a0
resnet,clean_only,202,bandpass_n20001_cLL_V4_covariance_s20,phase2/results/predictions/full/clean_only/resnet/seed_202/bandpass_n20001_cLL_V4_covariance_s20.npz,76490,4824a938eca79ed7301b23ea7b03e8585185f4737514f58c907c4cdb24b9936c
resnet,clean_only,202,bandpass_n20001_cLL_V4_covariance_s15,phase2/results/predictions/full/clean_only/resnet/seed_202/bandpass_n20001_cLL_V4_covariance_s15.npz,76400,d120316518d4ff13b2f7c6ed6204ec080a8a2fb766ad628f8bf9325f47614ba4
resnet,clean_only,202,bandpass_n20001_cLL_V4_covariance_s10,phase2/results/predictions/full/clean_only/resnet/seed_202/bandpass_n20001_cLL_V4_covariance_s10.npz,76219,341ef1b0aebd3767b73bf5b232485712a8b87af253eb987f120620cae875dc2c
resnet,clean_only,202,bandpass_n20001_cLL_V4_covariance_s5,phase2/results/predictions/full/clean_only/resnet/seed_202/bandpass_n20001_cLL_V4_covariance_s5.npz,75852,d4ad0381411bd05ba1ac09b2b99262af53bef3695cd0005f949478d1db1a139a
resnet,clean_only,202,bandpass_n20001_cLL_V4_covariance_s0,phase2/results/predictions/full/clean_only/resnet/seed_202/bandpass_n20001_cLL_V4_covariance_s0.npz,75392,7cef6702f52871cf5c46fd83290199a2ac35a80d2d6ace7068a5d5b452ce81b5
resnet,clean_only,202,bandpass_n20001_cRA_LA_V1_V6_independent_rms_s20,phase2/results/predictions/full/clean_only/resnet/seed_202/bandpass_n20001_cRA_LA_V1_V6_independent_rms_s20.npz,76516,f5c219ef03860e4f3245aeeffe1482e467349b5ddb69ed803807711c60de5c7c
resnet,clean_only,202,bandpass_n20001_cRA_LA_V1_V6_independent_rms_s15,phase2/results/predictions/full/clean_only/resnet/seed_202/bandpass_n20001_cRA_LA_V1_V6_independent_rms_s15.npz,76449,3b8d8b0721d94c9e2d7e516a94d5f88af351597f77554799c8ae8e01ce3a6f57
resnet,clean_only,202,bandpass_n20001_cRA_LA_V1_V6_independent_rms_s10,phase2/results/predictions/full/clean_only/resnet/seed_202/bandpass_n20001_cRA_LA_V1_V6_independent_rms_s10.npz,76288,3df3f171bcf02b636c44729674f0a27fb97ccfb563df6177d82ee142228df6ee
resnet,clean_only,202,bandpass_n20001_cRA_LA_V1_V6_independent_rms_s5,phase2/results/predictions/full/clean_only/resnet/seed_202/bandpass_n20001_cRA_LA_V1_V6_independent_rms_s5.npz,75943,0b370db628046000950cdd5245fee96d4813ffb8963f8a600cdacf0967c65134
resnet,clean_only,202,bandpass_n20001_cRA_LA_V1_V6_independent_rms_s0,phase2/results/predictions/full/clean_only/resnet/seed_202/bandpass_n20001_cRA_LA_V1_V6_independent_rms_s0.npz,75296,d254e0a241239684ba7e66e0f3f1af016ed145681a3622c7d936ebb6ee18edf1
resnet,clean_only,202,bandpass_n20001_cRA_LA_V1_V6_electrode_s20,phase2/results/predictions/full/clean_only/resnet/seed_202/bandpass_n20001_cRA_LA_V1_V6_electrode_s20.npz,76478,949a7736916ee77989f066cf3fed50116bb77fe8da5dc04f900d731e5288bcb5
resnet,clean_only,202,bandpass_n20001_cRA_LA_V1_V6_electrode_s15,phase2/results/predictions/full/clean_only/resnet/seed_202/bandpass_n20001_cRA_LA_V1_V6_electrode_s15.npz,76423,607b4b9c707ed194fcd377db468b483ffacb380d49057d23aada21c8dc40e5f2
resnet,clean_only,202,bandpass_n20001_cRA_LA_V1_V6_electrode_s10,phase2/results/predictions/full/clean_only/resnet/seed_202/bandpass_n20001_cRA_LA_V1_V6_electrode_s10.npz,76233,5d50ff8d3b04bd95f2c9af7908cae4863beab52b83de792a104f87c14d076f72
resnet,clean_only,202,bandpass_n20001_cRA_LA_V1_V6_electrode_s5,phase2/results/predictions/full/clean_only/resnet/seed_202/bandpass_n20001_cRA_LA_V1_V6_electrode_s5.npz,75786,f27ba947469b4116efefe54457071829bf8540af65b8371f207614e1f06e5b5b
resnet,clean_only,202,bandpass_n20001_cRA_LA_V1_V6_electrode_s0,phase2/results/predictions/full/clean_only/resnet/seed_202/bandpass_n20001_cRA_LA_V1_V6_electrode_s0.npz,75367,d273a96c7cfa1ce0d3a928c234cb189deb0aef3748f6dc600e648d0b1dfa44f6
resnet,clean_only,202,bandpass_n20001_cRA_LA_V1_V6_covariance_s20,phase2/results/predictions/full/clean_only/resnet/seed_202/bandpass_n20001_cRA_LA_V1_V6_covariance_s20.npz,76526,08047f77466fe43b73dc766b5719b18caa770a6eba9a2f6f48f2f43a664214b8
resnet,clean_only,202,bandpass_n20001_cRA_LA_V1_V6_covariance_s15,phase2/results/predictions/full/clean_only/resnet/seed_202/bandpass_n20001_cRA_LA_V1_V6_covariance_s15.npz,76395,671cf50f59d6c9d233c5f4727b0cc70a480b54f82b99b64107fbb9cada82794d
resnet,clean_only,202,bandpass_n20001_cRA_LA_V1_V6_covariance_s10,phase2/results/predictions/full/clean_only/resnet/seed_202/bandpass_n20001_cRA_LA_V1_V6_covariance_s10.npz,76226,a6b203a33fed7819e5a9f921b7f6910195566cc1048a888b3284f085f8edf591
resnet,clean_only,202,bandpass_n20001_cRA_LA_V1_V6_covariance_s5,phase2/results/predictions/full/clean_only/resnet/seed_202/bandpass_n20001_cRA_LA_V1_V6_covariance_s5.npz,75805,8082ab4594dfdb122d9844a9ab236d3ac4cda9d81da83abd488289e0ab04102c
resnet,clean_only,202,bandpass_n20001_cRA_LA_V1_V6_covariance_s0,phase2/results/predictions/full/clean_only/resnet/seed_202/bandpass_n20001_cRA_LA_V1_V6_covariance_s0.npz,75342,8a90daccf7f2a825c311b524468c9bf15637444808a80a01ec18594a46804902
resnet,clean_only,202,bandpass_n20001_cRA_V2_V5_independent_rms_s20,phase2/results/predictions/full/clean_only/resnet/seed_202/bandpass_n20001_cRA_V2_V5_independent_rms_s20.npz,76526,4a81ee17583f12d11a66cafb37b68fa207ac91393a1e9ab5ffedb79bdbdf817f
resnet,clean_only,202,bandpass_n20001_cRA_V2_V5_independent_rms_s15,phase2/results/predictions/full/clean_only/resnet/seed_202/bandpass_n20001_cRA_V2_V5_independent_rms_s15.npz,76492,4554225c9f7e38ea263ffbf42adaec7c2b821418d1e45bbda3369d61f6612652
resnet,clean_only,202,bandpass_n20001_cRA_V2_V5_independent_rms_s10,phase2/results/predictions/full/clean_only/resnet/seed_202/bandpass_n20001_cRA_V2_V5_independent_rms_s10.npz,76283,7f292167e357efd3fff1f4d5d73c99a926def92db73127a8e7486b67247eb1d5
resnet,clean_only,202,bandpass_n20001_cRA_V2_V5_independent_rms_s5,phase2/results/predictions/full/clean_only/resnet/seed_202/bandpass_n20001_cRA_V2_V5_independent_rms_s5.npz,75963,66bdc00f8dcd329a36e96470cf0bfbc04acf9f7cc5837ca276d0d37be9cb97ae
resnet,clean_only,202,bandpass_n20001_cRA_V2_V5_independent_rms_s0,phase2/results/predictions/full/clean_only/resnet/seed_202/bandpass_n20001_cRA_V2_V5_independent_rms_s0.npz,75334,d396d6efaf8629717d9d5f6fcfcf75f6032fb69ff2e4c5efe1e4dce0d0ea5057
resnet,clean_only,202,bandpass_n20001_cRA_V2_V5_electrode_s20,phase2/results/predictions/full/clean_only/resnet/seed_202/bandpass_n20001_cRA_V2_V5_electrode_s20.npz,76508,9ef482e33a3a19ea4b847d6d83a836fde27308134ea243e3ce15499799ed2544
resnet,clean_only,202,bandpass_n20001_cRA_V2_V5_electrode_s15,phase2/results/predictions/full/clean_only/resnet/seed_202/bandpass_n20001_cRA_V2_V5_electrode_s15.npz,76430,4e5645dd5369c333806f524819f316cec0bbf71e9239473fb0fcf8d028b0c54f
resnet,clean_only,202,bandpass_n20001_cRA_V2_V5_electrode_s10,phase2/results/predictions/full/clean_only/resnet/seed_202/bandpass_n20001_cRA_V2_V5_electrode_s10.npz,76271,8b42346d6fdbdc4065cb9ab76cdc33f1b28d6b30656f12df35643fde60a67aa5
resnet,clean_only,202,bandpass_n20001_cRA_V2_V5_electrode_s5,phase2/results/predictions/full/clean_only/resnet/seed_202/bandpass_n20001_cRA_V2_V5_electrode_s5.npz,75909,9e98fe3021b2a1c808dd440161186b4a422139a80a1f848e7f716679c4de289e
resnet,clean_only,202,bandpass_n20001_cRA_V2_V5_electrode_s0,phase2/results/predictions/full/clean_only/resnet/seed_202/bandpass_n20001_cRA_V2_V5_electrode_s0.npz,75327,1fd801b0342a5f82b3e3fc1960b118142bb659b6625cad7332833f2a4caf8b9f
resnet,clean_only,202,bandpass_n20001_cRA_V2_V5_covariance_s20,phase2/results/predictions/full/clean_only/resnet/seed_202/bandpass_n20001_cRA_V2_V5_covariance_s20.npz,76499,58c5b52c4cc6ecf7f33ebc587c0ab10a62ac67e413a5099e7d9d07731d42434c
resnet,clean_only,202,bandpass_n20001_cRA_V2_V5_covariance_s15,phase2/results/predictions/full/clean_only/resnet/seed_202/bandpass_n20001_cRA_V2_V5_covariance_s15.npz,76409,010c575e71cef10b02782327f3b8fbaa4be42f35efffa809aa8fb66884a358c1
resnet,clean_only,202,bandpass_n20001_cRA_V2_V5_covariance_s10,phase2/results/predictions/full/clean_only/resnet/seed_202/bandpass_n20001_cRA_V2_V5_covariance_s10.npz,76270,6afe3be828947429abb6801a308c24366473f038fe722b3fb76c8850ae1619e0
resnet,clean_only,202,bandpass_n20001_cRA_V2_V5_covariance_s5,phase2/results/predictions/full/clean_only/resnet/seed_202/bandpass_n20001_cRA_V2_V5_covariance_s5.npz,75916,d8a7a7ca761a49dbabdc56bd7e8bb0d735fdaf4d3a7d72b09e1572c5e41a8f0b
resnet,clean_only,202,bandpass_n20001_cRA_V2_V5_covariance_s0,phase2/results/predictions/full/clean_only/resnet/seed_202/bandpass_n20001_cRA_V2_V5_covariance_s0.npz,75348,7d32e7be87de7203e10596dd2b8d85f2954ac8c963f8db33b93325138950dc89
resnet,clean_only,202,bandpass_n20001_cLA_V3_V6_independent_rms_s20,phase2/results/predictions/full/clean_only/resnet/seed_202/bandpass_n20001_cLA_V3_V6_independent_rms_s20.npz,76541,8763126952388efe4cafe5a30345225f6c3b63e9bce730e67404984366a58fae
resnet,clean_only,202,bandpass_n20001_cLA_V3_V6_independent_rms_s15,phase2/results/predictions/full/clean_only/resnet/seed_202/bandpass_n20001_cLA_V3_V6_independent_rms_s15.npz,76474,9980df59514fe82a8041c56a459cb1a0916e6da5e3d32e3f6f2801b653583c1c
resnet,clean_only,202,bandpass_n20001_cLA_V3_V6_independent_rms_s10,phase2/results/predictions/full/clean_only/resnet/seed_202/bandpass_n20001_cLA_V3_V6_independent_rms_s10.npz,76313,2bc99b3ca4645fdb721a6f6a7f7634dc871b0c5d641d475424060f78bff25f2b
resnet,clean_only,202,bandpass_n20001_cLA_V3_V6_independent_rms_s5,phase2/results/predictions/full/clean_only/resnet/seed_202/bandpass_n20001_cLA_V3_V6_independent_rms_s5.npz,75971,f6b7c73afd7773a3979691cd74a69741ab5e91989926552f26198b613829bc94
resnet,clean_only,202,bandpass_n20001_cLA_V3_V6_independent_rms_s0,phase2/results/predictions/full/clean_only/resnet/seed_202/bandpass_n20001_cLA_V3_V6_independent_rms_s0.npz,75368,679a3a1fb441d8a2968f869f7b290281cc6ed42c3f6f4b5241f14c8f86d47b86
resnet,clean_only,202,bandpass_n20001_cLA_V3_V6_electrode_s20,phase2/results/predictions/full/clean_only/resnet/seed_202/bandpass_n20001_cLA_V3_V6_electrode_s20.npz,76492,713919f055914be07998b6dd7e0cd1ba2b67f76a77e0406ad417028dd8a0c7a8
resnet,clean_only,202,bandpass_n20001_cLA_V3_V6_electrode_s15,phase2/results/predictions/full/clean_only/resnet/seed_202/bandpass_n20001_cLA_V3_V6_electrode_s15.npz,76383,0e8202d2862101380e60f5606244f86a563a0dee117f95b1089dba7377479439
resnet,clean_only,202,bandpass_n20001_cLA_V3_V6_electrode_s10,phase2/results/predictions/full/clean_only/resnet/seed_202/bandpass_n20001_cLA_V3_V6_electrode_s10.npz,76212,c554a6f3f4944e1046fd602682d3450045f93ac306e6faed508df07fb09809ac
resnet,clean_only,202,bandpass_n20001_cLA_V3_V6_electrode_s5,phase2/results/predictions/full/clean_only/resnet/seed_202/bandpass_n20001_cLA_V3_V6_electrode_s5.npz,75800,7920bc1bc46f6eadce2ba30ba8ccfdc3febbdc8b6fe31f5f3ae458e791331009
resnet,clean_only,202,bandpass_n20001_cLA_V3_V6_electrode_s0,phase2/results/predictions/full/clean_only/resnet/seed_202/bandpass_n20001_cLA_V3_V6_electrode_s0.npz,75344,6bc15da1ab2e03d5c163923dec5e12e33dd05c638402c83ecd98d4427a7cf26b
resnet,clean_only,202,bandpass_n20001_cLA_V3_V6_covariance_s20,phase2/results/predictions/full/clean_only/resnet/seed_202/bandpass_n20001_cLA_V3_V6_covariance_s20.npz,76512,bcf324afae446a7291354bb670a9273253ba4602f82196dca708fbb2d929b889
resnet,clean_only,202,bandpass_n20001_cLA_V3_V6_covariance_s15,phase2/results/predictions/full/clean_only/resnet/seed_202/bandpass_n20001_cLA_V3_V6_covariance_s15.npz,76408,a1f66f37a537ccc685375f728baf17d107bd05ce13028f7bb163b3d561572a24
resnet,clean_only,202,bandpass_n20001_cLA_V3_V6_covariance_s10,phase2/results/predictions/full/clean_only/resnet/seed_202/bandpass_n20001_cLA_V3_V6_covariance_s10.npz,76251,abe009c75a4a5caef99736970287976f93e965b6b4a6e2b58c35e41141455eeb
resnet,clean_only,202,bandpass_n20001_cLA_V3_V6_covariance_s5,phase2/results/predictions/full/clean_only/resnet/seed_202/bandpass_n20001_cLA_V3_V6_covariance_s5.npz,75812,77c857d25ca0c42b6c8489f508b15aedd0eaab26d07e7cf8ec23b87149670a25
resnet,clean_only,202,bandpass_n20001_cLA_V3_V6_covariance_s0,phase2/results/predictions/full/clean_only/resnet/seed_202/bandpass_n20001_cLA_V3_V6_covariance_s0.npz,75364,d51efba167a4472e6bd6f4a8df509164dbc33b30dd501c07bdf0291fe1976326
resnet,clean_only,202,bandpass_n20001_cLL_V1_V4_independent_rms_s20,phase2/results/predictions/full/clean_only/resnet/seed_202/bandpass_n20001_cLL_V1_V4_independent_rms_s20.npz,76523,95257132574d0878b31f2c04d71707a718b9de92303f0246f901d9e0efef11dc
resnet,clean_only,202,bandpass_n20001_cLL_V1_V4_independent_rms_s15,phase2/results/predictions/full/clean_only/resnet/seed_202/bandpass_n20001_cLL_V1_V4_independent_rms_s15.npz,76421,48649f5fc1ebf7682612761e2d29eb9aab3c0afbe26450d1556d35dbf03bda3a
resnet,clean_only,202,bandpass_n20001_cLL_V1_V4_independent_rms_s10,phase2/results/predictions/full/clean_only/resnet/seed_202/bandpass_n20001_cLL_V1_V4_independent_rms_s10.npz,76289,3969b018948890a5a2e2ac216ba441556ef6d6465ae7b9ba4505113698a670ed
resnet,clean_only,202,bandpass_n20001_cLL_V1_V4_independent_rms_s5,phase2/results/predictions/full/clean_only/resnet/seed_202/bandpass_n20001_cLL_V1_V4_independent_rms_s5.npz,75954,b63d39ca02c24edc4571aadb8be486fefb445a6c3a5f12942c73af2681cf0e19
resnet,clean_only,202,bandpass_n20001_cLL_V1_V4_independent_rms_s0,phase2/results/predictions/full/clean_only/resnet/seed_202/bandpass_n20001_cLL_V1_V4_independent_rms_s0.npz,75335,a7afd97747ec6faf08bcf7f2a8e87eb1f20ea395dc2b9ebbb2ed9f1587591af6
resnet,clean_only,202,bandpass_n20001_cLL_V1_V4_electrode_s20,phase2/results/predictions/full/clean_only/resnet/seed_202/bandpass_n20001_cLL_V1_V4_electrode_s20.npz,76502,e9948479fda48edca45681ecab2e666dd4cf9665465a7b305def3a3ca1c13764
resnet,clean_only,202,bandpass_n20001_cLL_V1_V4_electrode_s15,phase2/results/predictions/full/clean_only/resnet/seed_202/bandpass_n20001_cLL_V1_V4_electrode_s15.npz,76425,69ea6baf6507b864b43c5a255ba2c73e03719987e194a7fe815824af636d3019
resnet,clean_only,202,bandpass_n20001_cLL_V1_V4_electrode_s10,phase2/results/predictions/full/clean_only/resnet/seed_202/bandpass_n20001_cLL_V1_V4_electrode_s10.npz,76232,fd0a0b6ae7b0ab0e4fdb7f1a2045833018e13e02e8c78cf4dd4526389a20d931
resnet,clean_only,202,bandpass_n20001_cLL_V1_V4_electrode_s5,phase2/results/predictions/full/clean_only/resnet/seed_202/bandpass_n20001_cLL_V1_V4_electrode_s5.npz,75861,1723b64a831cf184d09e10c0883898256217a2f0139f064af501b06867c6cc72
resnet,clean_only,202,bandpass_n20001_cLL_V1_V4_electrode_s0,phase2/results/predictions/full/clean_only/resnet/seed_202/bandpass_n20001_cLL_V1_V4_electrode_s0.npz,75393,7701d97121d447a28223fbf82431e1abb151f31b215ed7971e4971f6c91abcaf
resnet,clean_only,202,bandpass_n20001_cLL_V1_V4_covariance_s20,phase2/results/predictions/full/clean_only/resnet/seed_202/bandpass_n20001_cLL_V1_V4_covariance_s20.npz,76523,47f10505ace9715cd4fb86c104badc4d0d241af874309cb45dc51e06eaa00b9f
resnet,clean_only,202,bandpass_n20001_cLL_V1_V4_covariance_s15,phase2/results/predictions/full/clean_only/resnet/seed_202/bandpass_n20001_cLL_V1_V4_covariance_s15.npz,76386,6964d7919b4a09012d66588e2a0220d46c455a0aedfd9801b956183d8b9e8e63
resnet,clean_only,202,bandpass_n20001_cLL_V1_V4_covariance_s10,phase2/results/predictions/full/clean_only/resnet/seed_202/bandpass_n20001_cLL_V1_V4_covariance_s10.npz,76208,ef94950f8d04c674149282f57502737b20cf9fb0a7cb44de87e4391b0c2853f9
resnet,clean_only,202,bandpass_n20001_cLL_V1_V4_covariance_s5,phase2/results/predictions/full/clean_only/resnet/seed_202/bandpass_n20001_cLL_V1_V4_covariance_s5.npz,75799,5acfcddd1d1bff98116ace808846f464c7b68f95c8b128aeeed5ff6e983918d4
resnet,clean_only,202,bandpass_n20001_cLL_V1_V4_covariance_s0,phase2/results/predictions/full/clean_only/resnet/seed_202/bandpass_n20001_cLL_V1_V4_covariance_s0.npz,75385,b78e59b7e28021cb6672438783a25021784c95c1fda860c0598208712165f9fd
resnet,clean_only,202,bandpass_n20001_call_independent_rms_s20,phase2/results/predictions/full/clean_only/resnet/seed_202/bandpass_n20001_call_independent_rms_s20.npz,76520,ae88069ee157ff7a621bd6323af41d7a4ad4d19bccc0af7ac1180d5aac58bfbd
resnet,clean_only,202,bandpass_n20001_call_independent_rms_s15,phase2/results/predictions/full/clean_only/resnet/seed_202/bandpass_n20001_call_independent_rms_s15.npz,76405,a5f94a0018382f305b3e3a91c283b9d45553d7ede55e7cfdd3081182dd9f337f
resnet,clean_only,202,bandpass_n20001_call_independent_rms_s10,phase2/results/predictions/full/clean_only/resnet/seed_202/bandpass_n20001_call_independent_rms_s10.npz,76271,610041ddf603264353a08b4a7c658d935396392f7e9b84fbf15c62b43d22fbcd
resnet,clean_only,202,bandpass_n20001_call_independent_rms_s5,phase2/results/predictions/full/clean_only/resnet/seed_202/bandpass_n20001_call_independent_rms_s5.npz,75948,4345b95f939d1d08a877984d82dc39cff6fdd31564528798dc5afa8455bbf7c2
resnet,clean_only,202,bandpass_n20001_call_independent_rms_s0,phase2/results/predictions/full/clean_only/resnet/seed_202/bandpass_n20001_call_independent_rms_s0.npz,75265,3ba1a3b6a83c6adcee466504c7248f7676d9a4083c1d2039d27b4f195e04e06e
resnet,clean_only,202,bandpass_n20001_call_electrode_s20,phase2/results/predictions/full/clean_only/resnet/seed_202/bandpass_n20001_call_electrode_s20.npz,76461,81e21ef678f11e4170da13c0c389a7468fccabd06e8d88912d878d0bcbe835fd
resnet,clean_only,202,bandpass_n20001_call_electrode_s15,phase2/results/predictions/full/clean_only/resnet/seed_202/bandpass_n20001_call_electrode_s15.npz,76379,ba5108fd4e826e9b051b5c960e8249d4ff66aad8aad624550292e5a5d0dbe8f0
resnet,clean_only,202,bandpass_n20001_call_electrode_s10,phase2/results/predictions/full/clean_only/resnet/seed_202/bandpass_n20001_call_electrode_s10.npz,76198,45573e6ab5008de07c7bb7a039659f073e83e29489e646f5e21670fbf803a047
resnet,clean_only,202,bandpass_n20001_call_electrode_s5,phase2/results/predictions/full/clean_only/resnet/seed_202/bandpass_n20001_call_electrode_s5.npz,75801,96412b2fe3750716a0bbc5035408f08ddc2df521afe1d65dcd3202ce9eaeffd6
resnet,clean_only,202,bandpass_n20001_call_electrode_s0,phase2/results/predictions/full/clean_only/resnet/seed_202/bandpass_n20001_call_electrode_s0.npz,75274,e77de20c6e68d9c48fa3aaf553b6e268a9ef4e4a207ca82afbf94fcb615c8d0d
resnet,clean_only,202,bandpass_n20001_call_covariance_s20,phase2/results/predictions/full/clean_only/resnet/seed_202/bandpass_n20001_call_covariance_s20.npz,76484,a31a3d0d2b796a7d7da601a93195a1cf24d3d7bdba8071ba41c64c70bd8ca156
resnet,clean_only,202,bandpass_n20001_call_covariance_s15,phase2/results/predictions/full/clean_only/resnet/seed_202/bandpass_n20001_call_covariance_s15.npz,76400,52dd0cc2e2843570046f34dfded575bbe954a43693da22682eac39f930439a2c
resnet,clean_only,202,bandpass_n20001_call_covariance_s10,phase2/results/predictions/full/clean_only/resnet/seed_202/bandpass_n20001_call_covariance_s10.npz,76208,15fe38375d7ffac7fe3f478d8137ebac0f565d26d7c67cb35fd7795b68ec0644
resnet,clean_only,202,bandpass_n20001_call_covariance_s5,phase2/results/predictions/full/clean_only/resnet/seed_202/bandpass_n20001_call_covariance_s5.npz,75775,2366781e8ad2d9968a59d30669ae5a3941fa2665079964fcf3e6f6a70fae5aff
resnet,clean_only,202,bandpass_n20001_call_covariance_s0,phase2/results/predictions/full/clean_only/resnet/seed_202/bandpass_n20001_call_covariance_s0.npz,75273,725fdd02032ce40c8e1cc78eb07d429c94b155f156a0d4e561eac3fa58b3d8d3
resnet,clean_only,202,bandpass_n20002_cRA_LA_LL_independent_rms_s20,phase2/results/predictions/full/clean_only/resnet/seed_202/bandpass_n20002_cRA_LA_LL_independent_rms_s20.npz,76509,c1cb22c727b34fb2c4fddc671de9bf9f6c33d965fb542271ea2efb2f095ff82a
resnet,clean_only,202,bandpass_n20002_cRA_LA_LL_independent_rms_s15,phase2/results/predictions/full/clean_only/resnet/seed_202/bandpass_n20002_cRA_LA_LL_independent_rms_s15.npz,76425,e4bb66a4b3a2fa829776bce4314be254f2d571ab225ee809559b306e80041d8d
resnet,clean_only,202,bandpass_n20002_cRA_LA_LL_independent_rms_s10,phase2/results/predictions/full/clean_only/resnet/seed_202/bandpass_n20002_cRA_LA_LL_independent_rms_s10.npz,76285,3497945141687859436ed11ecf5ab142850e260d3b92ae7908e6e0a0086a466b
resnet,clean_only,202,bandpass_n20002_cRA_LA_LL_independent_rms_s5,phase2/results/predictions/full/clean_only/resnet/seed_202/bandpass_n20002_cRA_LA_LL_independent_rms_s5.npz,75915,1dde3d83c5bdfdd3822a07fbbae1010842a85b4e6f31031e062c13609c211357
resnet,clean_only,202,bandpass_n20002_cRA_LA_LL_independent_rms_s0,phase2/results/predictions/full/clean_only/resnet/seed_202/bandpass_n20002_cRA_LA_LL_independent_rms_s0.npz,75298,fb2f37789decf4856c8c346a6bb6da7caf29721013df180ac61ed4acdaf72422
resnet,clean_only,202,bandpass_n20002_cRA_LA_LL_electrode_s20,phase2/results/predictions/full/clean_only/resnet/seed_202/bandpass_n20002_cRA_LA_LL_electrode_s20.npz,76503,2898849cb9cb76b109c4fc319f8c39ef27d36d207f3c83c467b4e2cbb5f1957b
resnet,clean_only,202,bandpass_n20002_cRA_LA_LL_electrode_s15,phase2/results/predictions/full/clean_only/resnet/seed_202/bandpass_n20002_cRA_LA_LL_electrode_s15.npz,76417,c84c635296666e7c25d71b15417c3762effa679a5891c31fb41d5d0694062d0f
resnet,clean_only,202,bandpass_n20002_cRA_LA_LL_electrode_s10,phase2/results/predictions/full/clean_only/resnet/seed_202/bandpass_n20002_cRA_LA_LL_electrode_s10.npz,76185,94685fa0fb8edc8f495d960fbabf34a29c77bbb02bb127faf424b2abac4f20bd
resnet,clean_only,202,bandpass_n20002_cRA_LA_LL_electrode_s5,phase2/results/predictions/full/clean_only/resnet/seed_202/bandpass_n20002_cRA_LA_LL_electrode_s5.npz,75753,efc5ac282fd5ebb1741f043871737be50f4ad575708814ab4950128eb880eaf5
resnet,clean_only,202,bandpass_n20002_cRA_LA_LL_electrode_s0,phase2/results/predictions/full/clean_only/resnet/seed_202/bandpass_n20002_cRA_LA_LL_electrode_s0.npz,75273,1438d01cabf622f84d8edfbc35ff3dca9acf2168ef5586d28ee994b34484548f
resnet,clean_only,202,bandpass_n20002_cRA_LA_LL_covariance_s20,phase2/results/predictions/full/clean_only/resnet/seed_202/bandpass_n20002_cRA_LA_LL_covariance_s20.npz,76492,ee5cc312cc58d546e3833fc1202ce7a403ee5a308faecd5d63a18423e26fe85e
resnet,clean_only,202,bandpass_n20002_cRA_LA_LL_covariance_s15,phase2/results/predictions/full/clean_only/resnet/seed_202/bandpass_n20002_cRA_LA_LL_covariance_s15.npz,76378,acd0a36ae5cf14b3a5878b43a792ed37e3d288f823bed7b7064bbf6d3b09f846
resnet,clean_only,202,bandpass_n20002_cRA_LA_LL_covariance_s10,phase2/results/predictions/full/clean_only/resnet/seed_202/bandpass_n20002_cRA_LA_LL_covariance_s10.npz,76162,8ad8749702fd2652934a3748335b874d6120bf2c80a567640fcd0bf7e5070e0e
resnet,clean_only,202,bandpass_n20002_cRA_LA_LL_covariance_s5,phase2/results/predictions/full/clean_only/resnet/seed_202/bandpass_n20002_cRA_LA_LL_covariance_s5.npz,75766,224ac6f45ccd4a892b3a36d66deecb597ff7416818f9393773f2f54afa9a7c0d
resnet,clean_only,202,bandpass_n20002_cRA_LA_LL_covariance_s0,phase2/results/predictions/full/clean_only/resnet/seed_202/bandpass_n20002_cRA_LA_LL_covariance_s0.npz,75308,58f2a502e3b365bcbbe0992c0a049bb53cf81ca08b415542ad74241dfdeb1368
resnet,clean_only,202,bandpass_n20002_cV1_independent_rms_s20,phase2/results/predictions/full/clean_only/resnet/seed_202/bandpass_n20002_cV1_independent_rms_s20.npz,76512,9286fcd49359bce4a8efafd1dd8743a3f7382e6cf6d8330736c5bfbdb2de4711
resnet,clean_only,202,bandpass_n20002_cV1_independent_rms_s15,phase2/results/predictions/full/clean_only/resnet/seed_202/bandpass_n20002_cV1_independent_rms_s15.npz,76351,4e168412d0a86a996c1fddb2b991c180ac493b438818c30eff668167731e4794
resnet,clean_only,202,bandpass_n20002_cV1_independent_rms_s10,phase2/results/predictions/full/clean_only/resnet/seed_202/bandpass_n20002_cV1_independent_rms_s10.npz,76192,1964df781c69ec1d69f96a0b7c700624b838a1474931b1f4bf05b20bc4594296
resnet,clean_only,202,bandpass_n20002_cV1_independent_rms_s5,phase2/results/predictions/full/clean_only/resnet/seed_202/bandpass_n20002_cV1_independent_rms_s5.npz,75735,7e1f10efa315094364d6225dc8a3817a2c875b3a330d22bb9ea64dabd002cd26
resnet,clean_only,202,bandpass_n20002_cV1_independent_rms_s0,phase2/results/predictions/full/clean_only/resnet/seed_202/bandpass_n20002_cV1_independent_rms_s0.npz,75434,8577313d03ae0046a832a1bc5d38d44f7269a8b16e5541d4e4a149ef59b67d62
resnet,clean_only,202,bandpass_n20002_cV1_electrode_s20,phase2/results/predictions/full/clean_only/resnet/seed_202/bandpass_n20002_cV1_electrode_s20.npz,76486,2159a9ce606c2b2c5225d53caf2b4ea6742df42ed956aa3d1684b61029e16605
resnet,clean_only,202,bandpass_n20002_cV1_electrode_s15,phase2/results/predictions/full/clean_only/resnet/seed_202/bandpass_n20002_cV1_electrode_s15.npz,76350,8876eac4e438c5811adb9dae8c7592457f1d66f8f014643bfb1f50297ab7e2b4
resnet,clean_only,202,bandpass_n20002_cV1_electrode_s10,phase2/results/predictions/full/clean_only/resnet/seed_202/bandpass_n20002_cV1_electrode_s10.npz,76163,e9486f70b3bd73b95df6b3ec45194ccdea9e6b9694f21f207ef0b18c2d7512ac
resnet,clean_only,202,bandpass_n20002_cV1_electrode_s5,phase2/results/predictions/full/clean_only/resnet/seed_202/bandpass_n20002_cV1_electrode_s5.npz,75743,a494e405d0fa3eea800dac97103b813474fee52d3f0d3989c482cf744af3b671
resnet,clean_only,202,bandpass_n20002_cV1_electrode_s0,phase2/results/predictions/full/clean_only/resnet/seed_202/bandpass_n20002_cV1_electrode_s0.npz,75439,db5acc8233536cfd9ad569a1d6266e23121bf375642b2369ec464244c9620c94
resnet,clean_only,202,bandpass_n20002_cV1_covariance_s20,phase2/results/predictions/full/clean_only/resnet/seed_202/bandpass_n20002_cV1_covariance_s20.npz,76462,bda979829a9e7c661ed02da453b56336e07bdc52705741b7a242810c1ffa9319
resnet,clean_only,202,bandpass_n20002_cV1_covariance_s15,phase2/results/predictions/full/clean_only/resnet/seed_202/bandpass_n20002_cV1_covariance_s15.npz,76391,0e84079c45a262d9d76135971f7f0d95f2ad82b7c5d7595ac325d478ae97f535
resnet,clean_only,202,bandpass_n20002_cV1_covariance_s10,phase2/results/predictions/full/clean_only/resnet/seed_202/bandpass_n20002_cV1_covariance_s10.npz,76158,16145147005e9bba88b199b37d8973b8b17df394171cf96d8ca8c829a5371905
resnet,clean_only,202,bandpass_n20002_cV1_covariance_s5,phase2/results/predictions/full/clean_only/resnet/seed_202/bandpass_n20002_cV1_covariance_s5.npz,75704,26e1d00db72f18b85abfc122df1847e9f60385ac1ddda64148c796b0fffdf81e
resnet,clean_only,202,bandpass_n20002_cV1_covariance_s0,phase2/results/predictions/full/clean_only/resnet/seed_202/bandpass_n20002_cV1_covariance_s0.npz,75406,62e0330821c0a55718f3e16944afdc14dec6d0403dc6455117c3787d17ea8f6d
resnet,clean_only,202,bandpass_n20002_cV2_independent_rms_s20,phase2/results/predictions/full/clean_only/resnet/seed_202/bandpass_n20002_cV2_independent_rms_s20.npz,76502,bb12165fa4fc1384ae3fc2bc1dc1078496fdb71128625a709ab2436c23d809d3
resnet,clean_only,202,bandpass_n20002_cV2_independent_rms_s15,phase2/results/predictions/full/clean_only/resnet/seed_202/bandpass_n20002_cV2_independent_rms_s15.npz,76494,8617b936ea9415a62f57bf590f0c221435b4876467597259a1bf64ba4397058c
resnet,clean_only,202,bandpass_n20002_cV2_independent_rms_s10,phase2/results/predictions/full/clean_only/resnet/seed_202/bandpass_n20002_cV2_independent_rms_s10.npz,76351,a3adad15b7ea90a3b18fa3ea997ed4660f76f38326dd87467d4f770c4b4ebc34
resnet,clean_only,202,bandpass_n20002_cV2_independent_rms_s5,phase2/results/predictions/full/clean_only/resnet/seed_202/bandpass_n20002_cV2_independent_rms_s5.npz,76095,5ea6ae49cf7a22c6c6d7a4ae99934bf937933208ddf9c331f37d6c4c3600aeb2
resnet,clean_only,202,bandpass_n20002_cV2_independent_rms_s0,phase2/results/predictions/full/clean_only/resnet/seed_202/bandpass_n20002_cV2_independent_rms_s0.npz,75609,e69700c1a395c4cdec9c956c052fae15b2fc9c969e25365b9fcb2280550e473e
resnet,clean_only,202,bandpass_n20002_cV2_electrode_s20,phase2/results/predictions/full/clean_only/resnet/seed_202/bandpass_n20002_cV2_electrode_s20.npz,76499,5b2d7a59ae59b49ab590efc8b88afba6887cec79928fe626646666cb815a4a25
resnet,clean_only,202,bandpass_n20002_cV2_electrode_s15,phase2/results/predictions/full/clean_only/resnet/seed_202/bandpass_n20002_cV2_electrode_s15.npz,76472,28809795c4a26a1a53bed11af0ff4698b45bbd318e27c1d469155ed66e804da8
resnet,clean_only,202,bandpass_n20002_cV2_electrode_s10,phase2/results/predictions/full/clean_only/resnet/seed_202/bandpass_n20002_cV2_electrode_s10.npz,76343,1af7ab802af8567ba82094f68195595158f48d285b1793ac5a96f86da33ec1bb
resnet,clean_only,202,bandpass_n20002_cV2_electrode_s5,phase2/results/predictions/full/clean_only/resnet/seed_202/bandpass_n20002_cV2_electrode_s5.npz,76060,a0fb354e77fc4942acbbcd0ba06a0c6080e7094a964431a7251f0712a6928416
resnet,clean_only,202,bandpass_n20002_cV2_electrode_s0,phase2/results/predictions/full/clean_only/resnet/seed_202/bandpass_n20002_cV2_electrode_s0.npz,75587,5f2271e62f6c98461538e017893545d6353f6af47cc20b9acdf978a5253f3c11
resnet,clean_only,202,bandpass_n20002_cV2_covariance_s20,phase2/results/predictions/full/clean_only/resnet/seed_202/bandpass_n20002_cV2_covariance_s20.npz,76517,288caa2d862b6d163f707ad97efade31bca319470425981560510fbb1885b4e5
resnet,clean_only,202,bandpass_n20002_cV2_covariance_s15,phase2/results/predictions/full/clean_only/resnet/seed_202/bandpass_n20002_cV2_covariance_s15.npz,76472,c7e3276965dc17734e3f22b96140f450feee258befe903498e076898fca66374
resnet,clean_only,202,bandpass_n20002_cV2_covariance_s10,phase2/results/predictions/full/clean_only/resnet/seed_202/bandpass_n20002_cV2_covariance_s10.npz,76333,ca569b1ef673e292d3dfc1311020057337cba4c84635a081caa1657084ff1e06
resnet,clean_only,202,bandpass_n20002_cV2_covariance_s5,phase2/results/predictions/full/clean_only/resnet/seed_202/bandpass_n20002_cV2_covariance_s5.npz,76064,497ece18b07a46dd4c772a607671c17d85077370b291c02acede77c3c5624e7d
resnet,clean_only,202,bandpass_n20002_cV2_covariance_s0,phase2/results/predictions/full/clean_only/resnet/seed_202/bandpass_n20002_cV2_covariance_s0.npz,75573,027456241cf8afe89233810a1fb05c89aaf1b5eec89f1334c1030e74579244d0
resnet,clean_only,202,bandpass_n20002_cV3_independent_rms_s20,phase2/results/predictions/full/clean_only/resnet/seed_202/bandpass_n20002_cV3_independent_rms_s20.npz,76529,7f4a848ab1a98d7aa9fbd829c397577862dd5c07df921cc599ef0309c2a5ad2d
resnet,clean_only,202,bandpass_n20002_cV3_independent_rms_s15,phase2/results/predictions/full/clean_only/resnet/seed_202/bandpass_n20002_cV3_independent_rms_s15.npz,76509,e9347bb0658856f0248f5dc3b0476235af82e0c35d522964f5a53531cb56d5b1
resnet,clean_only,202,bandpass_n20002_cV3_independent_rms_s10,phase2/results/predictions/full/clean_only/resnet/seed_202/bandpass_n20002_cV3_independent_rms_s10.npz,76417,45368e6a4b5b40c7279508bd2a7672d1913cb23b4737fa10a8f1f0fbc1addb2a
resnet,clean_only,202,bandpass_n20002_cV3_independent_rms_s5,phase2/results/predictions/full/clean_only/resnet/seed_202/bandpass_n20002_cV3_independent_rms_s5.npz,76127,c3e96e17dec337f8fac1eee1e0da34b47723386f0ac57ae072a97de6ff3394fc
resnet,clean_only,202,bandpass_n20002_cV3_independent_rms_s0,phase2/results/predictions/full/clean_only/resnet/seed_202/bandpass_n20002_cV3_independent_rms_s0.npz,75771,db54892f61a072e1b9e70b8af2ecec6bed4ced83ab85e0b2c4c1ad37312b7e3e
resnet,clean_only,202,bandpass_n20002_cV3_electrode_s20,phase2/results/predictions/full/clean_only/resnet/seed_202/bandpass_n20002_cV3_electrode_s20.npz,76496,4d3bded996234aa5eb0dfb1202c27d1f601c46789d411ec09097208955700f8c
resnet,clean_only,202,bandpass_n20002_cV3_electrode_s15,phase2/results/predictions/full/clean_only/resnet/seed_202/bandpass_n20002_cV3_electrode_s15.npz,76450,d843558ab03701f0a57d0d2e5196b4c8f4d0fe6c341bad66b578e67dd5d5c576
resnet,clean_only,202,bandpass_n20002_cV3_electrode_s10,phase2/results/predictions/full/clean_only/resnet/seed_202/bandpass_n20002_cV3_electrode_s10.npz,76364,e60a876cdf6479d6dd8c7f3755927d4774c657d050f39efa86f61f89d7a65039
resnet,clean_only,202,bandpass_n20002_cV3_electrode_s5,phase2/results/predictions/full/clean_only/resnet/seed_202/bandpass_n20002_cV3_electrode_s5.npz,76135,52cc609af4409b1cced2070cbe6a96ac9bd76f749afba2961e4ce6cb90f901df
resnet,clean_only,202,bandpass_n20002_cV3_electrode_s0,phase2/results/predictions/full/clean_only/resnet/seed_202/bandpass_n20002_cV3_electrode_s0.npz,75782,88af1c9a752a06b43cf0e31d621abd4efbab3f4895c566d576be5f5d03bb84d9
resnet,clean_only,202,bandpass_n20002_cV3_covariance_s20,phase2/results/predictions/full/clean_only/resnet/seed_202/bandpass_n20002_cV3_covariance_s20.npz,76518,7b1e6d2dd187842ba1787fb51e96c3747a08ecbb524fa572fe97c5642bf01eaf
resnet,clean_only,202,bandpass_n20002_cV3_covariance_s15,phase2/results/predictions/full/clean_only/resnet/seed_202/bandpass_n20002_cV3_covariance_s15.npz,76445,d24c707de567d29bd7651614d4cbe5342c169dca4fd3a1ff8deedc49d454a87d
resnet,clean_only,202,bandpass_n20002_cV3_covariance_s10,phase2/results/predictions/full/clean_only/resnet/seed_202/bandpass_n20002_cV3_covariance_s10.npz,76360,fcddfba84a82e59088ebb20e5bde322047d62227a6e1e4cab1de32c1ca9825e9
resnet,clean_only,202,bandpass_n20002_cV3_covariance_s5,phase2/results/predictions/full/clean_only/resnet/seed_202/bandpass_n20002_cV3_covariance_s5.npz,76155,6b58a7cc8a35ffc84db22a63875190db2e2cd11e4ba1b7fa33a51ebc2afb75b4
resnet,clean_only,202,bandpass_n20002_cV3_covariance_s0,phase2/results/predictions/full/clean_only/resnet/seed_202/bandpass_n20002_cV3_covariance_s0.npz,75778,3cb9f476676fcd21c8dcbb2f7e64cbb6774d0ee6f1469014126632c2a8036155
resnet,clean_only,202,bandpass_n20002_cV4_independent_rms_s20,phase2/results/predictions/full/clean_only/resnet/seed_202/bandpass_n20002_cV4_independent_rms_s20.npz,76505,596f8f3e9cd55784dc2f7fa2e14e7f9001dda0bed2ed44e31cced3608560435f
resnet,clean_only,202,bandpass_n20002_cV4_independent_rms_s15,phase2/results/predictions/full/clean_only/resnet/seed_202/bandpass_n20002_cV4_independent_rms_s15.npz,76453,4bb55c3cdb013b6a7f874520417a96c666b8dc3e9cdbce52d05ddfdd93bf465c
resnet,clean_only,202,bandpass_n20002_cV4_independent_rms_s10,phase2/results/predictions/full/clean_only/resnet/seed_202/bandpass_n20002_cV4_independent_rms_s10.npz,76325,bfc7c86940d93c4bd0adeeea8aa0d460eb7301841fea0a0b21ac92127320df77
resnet,clean_only,202,bandpass_n20002_cV4_independent_rms_s5,phase2/results/predictions/full/clean_only/resnet/seed_202/bandpass_n20002_cV4_independent_rms_s5.npz,76075,266d49e3dcc2734ec40bdbba5cb6beb93f4417af843e26cc1c56451ff6324f65
resnet,clean_only,202,bandpass_n20002_cV4_independent_rms_s0,phase2/results/predictions/full/clean_only/resnet/seed_202/bandpass_n20002_cV4_independent_rms_s0.npz,75401,f9e7ffb935189077ec5d11c9a4a8c32a1b3aa2b4d7db2f4481264dcf0f67f6cf
resnet,clean_only,202,bandpass_n20002_cV4_electrode_s20,phase2/results/predictions/full/clean_only/resnet/seed_202/bandpass_n20002_cV4_electrode_s20.npz,76484,564cf6606e7c2548653bf541186eae02f8ceaa08e414a314c2edf6c802685466
resnet,clean_only,202,bandpass_n20002_cV4_electrode_s15,phase2/results/predictions/full/clean_only/resnet/seed_202/bandpass_n20002_cV4_electrode_s15.npz,76440,f7c1f59281fd07920c0100bb183527c05e92a49866122ca41d5cbdfa39df69fd
resnet,clean_only,202,bandpass_n20002_cV4_electrode_s10,phase2/results/predictions/full/clean_only/resnet/seed_202/bandpass_n20002_cV4_electrode_s10.npz,76320,a6256f136d442b563e9b0f251cea7ef96bc8a33d0f9fd5b243141ebcdc599d7b
resnet,clean_only,202,bandpass_n20002_cV4_electrode_s5,phase2/results/predictions/full/clean_only/resnet/seed_202/bandpass_n20002_cV4_electrode_s5.npz,76027,a228476b9c1470a1bb443cdbba47474155e409c847dad0dd31d224291cd0a723
resnet,clean_only,202,bandpass_n20002_cV4_electrode_s0,phase2/results/predictions/full/clean_only/resnet/seed_202/bandpass_n20002_cV4_electrode_s0.npz,75408,3e7bc9fe34e7f662a1b7e161b2834826f9d4531efba58b8effae1b822e665193
resnet,clean_only,202,bandpass_n20002_cV4_covariance_s20,phase2/results/predictions/full/clean_only/resnet/seed_202/bandpass_n20002_cV4_covariance_s20.npz,76515,936b2878d65a533d0d5857639b98854cf82b8447a99aef43577cc0be0032b6c2
resnet,clean_only,202,bandpass_n20002_cV4_covariance_s15,phase2/results/predictions/full/clean_only/resnet/seed_202/bandpass_n20002_cV4_covariance_s15.npz,76455,72145ba977c424045a60164d5f0007296cae8524d11cd5367826245f8472c7ed
resnet,clean_only,202,bandpass_n20002_cV4_covariance_s10,phase2/results/predictions/full/clean_only/resnet/seed_202/bandpass_n20002_cV4_covariance_s10.npz,76337,7138dd0be033db589c7e8a707ff53c61896d94cc14d72320177872c9f0225d60
resnet,clean_only,202,bandpass_n20002_cV4_covariance_s5,phase2/results/predictions/full/clean_only/resnet/seed_202/bandpass_n20002_cV4_covariance_s5.npz,76072,479fda2a543abf1e24cf044b30124ad19f1764c552647a6bb7a2fd5a42d58dd9
resnet,clean_only,202,bandpass_n20002_cV4_covariance_s0,phase2/results/predictions/full/clean_only/resnet/seed_202/bandpass_n20002_cV4_covariance_s0.npz,75403,d8566caa77f5d4b3afe6e715cf0441496a98359664cf09afce66f727783173e4
resnet,clean_only,202,bandpass_n20002_cV5_independent_rms_s20,phase2/results/predictions/full/clean_only/resnet/seed_202/bandpass_n20002_cV5_independent_rms_s20.npz,76479,3f589adc8c2eb047a6ea061c34cced90904b66f5419ad02ed35069ffead130be
resnet,clean_only,202,bandpass_n20002_cV5_independent_rms_s15,phase2/results/predictions/full/clean_only/resnet/seed_202/bandpass_n20002_cV5_independent_rms_s15.npz,76374,afdfbd15e6bdca08136113c666925c669366f75df379504ee678255794d96625
resnet,clean_only,202,bandpass_n20002_cV5_independent_rms_s10,phase2/results/predictions/full/clean_only/resnet/seed_202/bandpass_n20002_cV5_independent_rms_s10.npz,76245,cc49521219eeb01202115faf426c4e029c1db1debded0215f2f4ef1a78ae0e80
resnet,clean_only,202,bandpass_n20002_cV5_independent_rms_s5,phase2/results/predictions/full/clean_only/resnet/seed_202/bandpass_n20002_cV5_independent_rms_s5.npz,75897,a42bcb9ba9c692a3e0d0cf5a0971e1266e9e861aa7197b0bc36839f27d007410
resnet,clean_only,202,bandpass_n20002_cV5_independent_rms_s0,phase2/results/predictions/full/clean_only/resnet/seed_202/bandpass_n20002_cV5_independent_rms_s0.npz,75349,d356aadfea7e798863ce766ce0e131f68618d61f3e7d6242d962d94fb6b9d047
resnet,clean_only,202,bandpass_n20002_cV5_electrode_s20,phase2/results/predictions/full/clean_only/resnet/seed_202/bandpass_n20002_cV5_electrode_s20.npz,76432,31e9e29fb8e5986f580d7e84afe7c310ace50637e757eaabaf79fda39f10995e
resnet,clean_only,202,bandpass_n20002_cV5_electrode_s15,phase2/results/predictions/full/clean_only/resnet/seed_202/bandpass_n20002_cV5_electrode_s15.npz,76369,2c01e2d7194f7f2ec8e6dce91dc8e1c843d16e808fd9fbbc3a3ced6291a287e6
resnet,clean_only,202,bandpass_n20002_cV5_electrode_s10,phase2/results/predictions/full/clean_only/resnet/seed_202/bandpass_n20002_cV5_electrode_s10.npz,76215,e85ab887f7fa42d49cf92c0bbf440983cf1f560a187a58622f32052f56a9553e
resnet,clean_only,202,bandpass_n20002_cV5_electrode_s5,phase2/results/predictions/full/clean_only/resnet/seed_202/bandpass_n20002_cV5_electrode_s5.npz,75885,e7f0704da8476f2f8fcfaeee4ec400880a52a6781ade8e370a1119de0145e144
resnet,clean_only,202,bandpass_n20002_cV5_electrode_s0,phase2/results/predictions/full/clean_only/resnet/seed_202/bandpass_n20002_cV5_electrode_s0.npz,75352,9e06069cd99213ac63c076a11b973752483621f2d415e66385b3b582427b9b83
resnet,clean_only,202,bandpass_n20002_cV5_covariance_s20,phase2/results/predictions/full/clean_only/resnet/seed_202/bandpass_n20002_cV5_covariance_s20.npz,76470,70a9b6ddc8cec4b62c9f3cb1acaba44a6f8f7b2a157694b4e340952cfc5be969
resnet,clean_only,202,bandpass_n20002_cV5_covariance_s15,phase2/results/predictions/full/clean_only/resnet/seed_202/bandpass_n20002_cV5_covariance_s15.npz,76385,61d32b7a548f07c1aa03b5217a5e7acee4c73e5323ecf6faeab41fafdcaebe7b
resnet,clean_only,202,bandpass_n20002_cV5_covariance_s10,phase2/results/predictions/full/clean_only/resnet/seed_202/bandpass_n20002_cV5_covariance_s10.npz,76213,934f2d1bb3c7ae0f4f718f0b511523f2dbd3131d585171580dbe1f20389c323b
resnet,clean_only,202,bandpass_n20002_cV5_covariance_s5,phase2/results/predictions/full/clean_only/resnet/seed_202/bandpass_n20002_cV5_covariance_s5.npz,75864,1bfea87073d2a313d846d8208d93570d9e4539e13efe6d9976b4ec48344d14f2
resnet,clean_only,202,bandpass_n20002_cV5_covariance_s0,phase2/results/predictions/full/clean_only/resnet/seed_202/bandpass_n20002_cV5_covariance_s0.npz,75355,aa568ad4c4d70af9ca3f96552b77c67287a87e31234ca8f6e2962217bb1b98a1
resnet,clean_only,202,bandpass_n20002_cV6_independent_rms_s20,phase2/results/predictions/full/clean_only/resnet/seed_202/bandpass_n20002_cV6_independent_rms_s20.npz,76538,7b31baa026bcf922de8032871f19c8efe6213027cff527d1a0cd9ca0b8d6e62a
resnet,clean_only,202,bandpass_n20002_cV6_independent_rms_s15,phase2/results/predictions/full/clean_only/resnet/seed_202/bandpass_n20002_cV6_independent_rms_s15.npz,76439,942b346fb403d79b227b8f7f287f31265723898e47dfd80e5a4fc4e7beb3be3e
resnet,clean_only,202,bandpass_n20002_cV6_independent_rms_s10,phase2/results/predictions/full/clean_only/resnet/seed_202/bandpass_n20002_cV6_independent_rms_s10.npz,76333,cbe5d0d0b95bb274cc85197b96a0eac2160171b81b4abde7c0fb63702999ee9f
resnet,clean_only,202,bandpass_n20002_cV6_independent_rms_s5,phase2/results/predictions/full/clean_only/resnet/seed_202/bandpass_n20002_cV6_independent_rms_s5.npz,76035,7cfd04f9600ca39f029345b18b0a4793c747ec60d8b6e32be27665ce4db80e0e
resnet,clean_only,202,bandpass_n20002_cV6_independent_rms_s0,phase2/results/predictions/full/clean_only/resnet/seed_202/bandpass_n20002_cV6_independent_rms_s0.npz,75379,a94951f866cd398faffc0cf0232897a9a016bd8fb0c58d86c5c92890895b268d
resnet,clean_only,202,bandpass_n20002_cV6_electrode_s20,phase2/results/predictions/full/clean_only/resnet/seed_202/bandpass_n20002_cV6_electrode_s20.npz,76468,8fe017ff28c11afeedf7430d86be673dac89c1c0f174416f91fb8a16b1abbafe
resnet,clean_only,202,bandpass_n20002_cV6_electrode_s15,phase2/results/predictions/full/clean_only/resnet/seed_202/bandpass_n20002_cV6_electrode_s15.npz,76456,cd7fdc52125726f7b21fe3ed9036b886cfc50aef952aa0a2c39fe4c86f8e9a62
resnet,clean_only,202,bandpass_n20002_cV6_electrode_s10,phase2/results/predictions/full/clean_only/resnet/seed_202/bandpass_n20002_cV6_electrode_s10.npz,76312,25a719aa0c000c579e80f8f9122d49bc0c51f0ef28f3a94160387a7275ed2624
resnet,clean_only,202,bandpass_n20002_cV6_electrode_s5,phase2/results/predictions/full/clean_only/resnet/seed_202/bandpass_n20002_cV6_electrode_s5.npz,75998,92706b4e15f500744bfa28a621cce885cd16954f01adcc47a2631fac68c60460
resnet,clean_only,202,bandpass_n20002_cV6_electrode_s0,phase2/results/predictions/full/clean_only/resnet/seed_202/bandpass_n20002_cV6_electrode_s0.npz,75322,2f36c83943e4f6027cac214a298c49c041a9a1514ffb7ff50b0036f459a652a6
resnet,clean_only,202,bandpass_n20002_cV6_covariance_s20,phase2/results/predictions/full/clean_only/resnet/seed_202/bandpass_n20002_cV6_covariance_s20.npz,76498,509a089b798bc87bc19f242e4f82bacb6a1fd10c440d2932e8370b3e3acf97ff
resnet,clean_only,202,bandpass_n20002_cV6_covariance_s15,phase2/results/predictions/full/clean_only/resnet/seed_202/bandpass_n20002_cV6_covariance_s15.npz,76413,3dcb98ea618145a56045cb1fef83712aad8172cdca96978ba82e435397237095
resnet,clean_only,202,bandpass_n20002_cV6_covariance_s10,phase2/results/predictions/full/clean_only/resnet/seed_202/bandpass_n20002_cV6_covariance_s10.npz,76284,f3a8cc0395a89aa592493942a06029191d3328971d8146221f93fb0faee3600f
resnet,clean_only,202,bandpass_n20002_cV6_covariance_s5,phase2/results/predictions/full/clean_only/resnet/seed_202/bandpass_n20002_cV6_covariance_s5.npz,75997,c54d3c1254acc41c766a6835e034f09adbd0576c9f1b671fb20b2feec25718c4
resnet,clean_only,202,bandpass_n20002_cV6_covariance_s0,phase2/results/predictions/full/clean_only/resnet/seed_202/bandpass_n20002_cV6_covariance_s0.npz,75335,1bbd998e158c4bd49bbe9fe2d8245171d51c27f7070c9a6146d0b4228f732957
resnet,clean_only,202,bandpass_n20002_cRA_LA_independent_rms_s20,phase2/results/predictions/full/clean_only/resnet/seed_202/bandpass_n20002_cRA_LA_independent_rms_s20.npz,76508,7839885eedd9250829f55c02e88bb5447613ce468be67639e089a9d1dcc94b56
resnet,clean_only,202,bandpass_n20002_cRA_LA_independent_rms_s15,phase2/results/predictions/full/clean_only/resnet/seed_202/bandpass_n20002_cRA_LA_independent_rms_s15.npz,76420,978a28fef212835cbd05845680d0a152b06572388a2e032f6459219e23856195
resnet,clean_only,202,bandpass_n20002_cRA_LA_independent_rms_s10,phase2/results/predictions/full/clean_only/resnet/seed_202/bandpass_n20002_cRA_LA_independent_rms_s10.npz,76250,5712f18c241a6a45e3a2e981f36a99dd5e3e6b07a32da1367d5f597859197c70
resnet,clean_only,202,bandpass_n20002_cRA_LA_independent_rms_s5,phase2/results/predictions/full/clean_only/resnet/seed_202/bandpass_n20002_cRA_LA_independent_rms_s5.npz,75906,00ef1f3d7c175c31a6e1c9daeb858d62944f8232b7593d7f8a49d9d85e8c80f7
resnet,clean_only,202,bandpass_n20002_cRA_LA_independent_rms_s0,phase2/results/predictions/full/clean_only/resnet/seed_202/bandpass_n20002_cRA_LA_independent_rms_s0.npz,75279,3e8e0c9d1bcb75bccbec8f70ba366ea78e9fbbcd75147d3af4092030d87b71b6
resnet,clean_only,202,bandpass_n20002_cRA_LA_electrode_s20,phase2/results/predictions/full/clean_only/resnet/seed_202/bandpass_n20002_cRA_LA_electrode_s20.npz,76469,5c7a9e819d0375b617c5d7e809ab40bbccea283463b51b904dc35ebc8ac9a8f6
resnet,clean_only,202,bandpass_n20002_cRA_LA_electrode_s15,phase2/results/predictions/full/clean_only/resnet/seed_202/bandpass_n20002_cRA_LA_electrode_s15.npz,76349,7ee0b2585147c059bf0d9d12bb25dbf417e6cf4ebfed52d0df3682f301266e82
resnet,clean_only,202,bandpass_n20002_cRA_LA_electrode_s10,phase2/results/predictions/full/clean_only/resnet/seed_202/bandpass_n20002_cRA_LA_electrode_s10.npz,76173,8b7f9a0263d435ba030bd806c7120136b03372a0515c16143661444eb873482d
resnet,clean_only,202,bandpass_n20002_cRA_LA_electrode_s5,phase2/results/predictions/full/clean_only/resnet/seed_202/bandpass_n20002_cRA_LA_electrode_s5.npz,75747,71206dbdabc805019d633c4ee1fa5be6e1e8bcc46a6c48e37ab88e60d54e0ea3
resnet,clean_only,202,bandpass_n20002_cRA_LA_electrode_s0,phase2/results/predictions/full/clean_only/resnet/seed_202/bandpass_n20002_cRA_LA_electrode_s0.npz,75313,e7d2d29d252d458bbe3c3f6156410fe2ba63db4e466f4fbeb709bb42e73f237f
resnet,clean_only,202,bandpass_n20002_cRA_LA_covariance_s20,phase2/results/predictions/full/clean_only/resnet/seed_202/bandpass_n20002_cRA_LA_covariance_s20.npz,76450,3c53e37b5c72f5f50d4ad00a63715c04d7e84daa7238d29ea27e2f8b6d422cb3
resnet,clean_only,202,bandpass_n20002_cRA_LA_covariance_s15,phase2/results/predictions/full/clean_only/resnet/seed_202/bandpass_n20002_cRA_LA_covariance_s15.npz,76405,7e4bb16c6c262b1409c2561694bb08bf103b0ad89a61589c2a232594fdbc7a8e
resnet,clean_only,202,bandpass_n20002_cRA_LA_covariance_s10,phase2/results/predictions/full/clean_only/resnet/seed_202/bandpass_n20002_cRA_LA_covariance_s10.npz,76210,830276da7f5bef2cdb4dd792e3520834c423a8ef55ee047fb4f5ad8fc3b37b3b
resnet,clean_only,202,bandpass_n20002_cRA_LA_covariance_s5,phase2/results/predictions/full/clean_only/resnet/seed_202/bandpass_n20002_cRA_LA_covariance_s5.npz,75749,ad95a5894951ff08a54a5214411ea4e9c1e7522f138aeb99a16485c95f312e8f
resnet,clean_only,202,bandpass_n20002_cRA_LA_covariance_s0,phase2/results/predictions/full/clean_only/resnet/seed_202/bandpass_n20002_cRA_LA_covariance_s0.npz,75325,1f18cdd9bf0e0162978bedd85ac347e91447bb36a02cbae2d8e0bea96f1e2269
resnet,clean_only,202,bandpass_n20002_cLA_LL_independent_rms_s20,phase2/results/predictions/full/clean_only/resnet/seed_202/bandpass_n20002_cLA_LL_independent_rms_s20.npz,76485,783bcc116d9c533688d85e636ccb222e95d32df91eb74d5bfb3d504f5f2e3ee4
resnet,clean_only,202,bandpass_n20002_cLA_LL_independent_rms_s15,phase2/results/predictions/full/clean_only/resnet/seed_202/bandpass_n20002_cLA_LL_independent_rms_s15.npz,76443,c1ff4fe3f1f0802cf93eb4835428eb5b3efa7b81b329fc4acd2726814b140a8f
resnet,clean_only,202,bandpass_n20002_cLA_LL_independent_rms_s10,phase2/results/predictions/full/clean_only/resnet/seed_202/bandpass_n20002_cLA_LL_independent_rms_s10.npz,76267,a24ecb1a9f15640d11a2f527cfa7c82467a9c227906c69f8cfc9e253e3e4010a
resnet,clean_only,202,bandpass_n20002_cLA_LL_independent_rms_s5,phase2/results/predictions/full/clean_only/resnet/seed_202/bandpass_n20002_cLA_LL_independent_rms_s5.npz,75902,7da5393c9048c239f677efee6fd995c957f2f2be3050d2bc71be33e88bd701f3
resnet,clean_only,202,bandpass_n20002_cLA_LL_independent_rms_s0,phase2/results/predictions/full/clean_only/resnet/seed_202/bandpass_n20002_cLA_LL_independent_rms_s0.npz,75307,425f88c8d0f658dbf9e1ac1becc9fdf1adabc03102734552ef7e61f992a4bc55
resnet,clean_only,202,bandpass_n20002_cLA_LL_electrode_s20,phase2/results/predictions/full/clean_only/resnet/seed_202/bandpass_n20002_cLA_LL_electrode_s20.npz,76453,c2719497e107138da2b1d0e97c6b65ebcdcefa241bdf32604b9cfabc641c7317
resnet,clean_only,202,bandpass_n20002_cLA_LL_electrode_s15,phase2/results/predictions/full/clean_only/resnet/seed_202/bandpass_n20002_cLA_LL_electrode_s15.npz,76405,e1f6ecf00a945caefdf03123c4fa06ee06aca537bfeb53534bf2d834f6c7e71f
resnet,clean_only,202,bandpass_n20002_cLA_LL_electrode_s10,phase2/results/predictions/full/clean_only/resnet/seed_202/bandpass_n20002_cLA_LL_electrode_s10.npz,76160,ac7d079e825c529bb2e57493afc7ba2c9deb291e7b9f67e471d1e0f9cde8cf67
resnet,clean_only,202,bandpass_n20002_cLA_LL_electrode_s5,phase2/results/predictions/full/clean_only/resnet/seed_202/bandpass_n20002_cLA_LL_electrode_s5.npz,75724,027a929ecc790eb48d969efc5873614dfabbf8ce1006d5444b417d002cf5a16b
resnet,clean_only,202,bandpass_n20002_cLA_LL_electrode_s0,phase2/results/predictions/full/clean_only/resnet/seed_202/bandpass_n20002_cLA_LL_electrode_s0.npz,75318,bf315d464d781738f075874e9b169e28893cbe2a6b93f86b5ebf929f3187e895
resnet,clean_only,202,bandpass_n20002_cLA_LL_covariance_s20,phase2/results/predictions/full/clean_only/resnet/seed_202/bandpass_n20002_cLA_LL_covariance_s20.npz,76487,17e1764317b42f162c4052aa8a32a75105e3adb3703e0b1211c9a3719398a1ea
resnet,clean_only,202,bandpass_n20002_cLA_LL_covariance_s15,phase2/results/predictions/full/clean_only/resnet/seed_202/bandpass_n20002_cLA_LL_covariance_s15.npz,76387,d09cb19b5e7430b1658f999bcd06ae5da649f829d8b382ea64993a902d2ed277
resnet,clean_only,202,bandpass_n20002_cLA_LL_covariance_s10,phase2/results/predictions/full/clean_only/resnet/seed_202/bandpass_n20002_cLA_LL_covariance_s10.npz,76162,0aaa7d50ad5dfb6f88c60ccd6c6c4d1ac491909790a8eefc446a8f5d9ebb23d5
resnet,clean_only,202,bandpass_n20002_cLA_LL_covariance_s5,phase2/results/predictions/full/clean_only/resnet/seed_202/bandpass_n20002_cLA_LL_covariance_s5.npz,75660,60997bc1c783fd81c8c368062a4fe41d99c1fa24d6d25b29622a9dafe9c468d7
resnet,clean_only,202,bandpass_n20002_cLA_LL_covariance_s0,phase2/results/predictions/full/clean_only/resnet/seed_202/bandpass_n20002_cLA_LL_covariance_s0.npz,75352,a7dd041cb19feece18e0073d49c8f4161489700e9132ba4fe65f86bd47431f3f
resnet,clean_only,202,bandpass_n20002_cRA_LL_independent_rms_s20,phase2/results/predictions/full/clean_only/resnet/seed_202/bandpass_n20002_cRA_LL_independent_rms_s20.npz,76523,52eb2c0a7e921fb4b18843e4da8f6bde7f2d6a891a4249122ece1eb00101a435
resnet,clean_only,202,bandpass_n20002_cRA_LL_independent_rms_s15,phase2/results/predictions/full/clean_only/resnet/seed_202/bandpass_n20002_cRA_LL_independent_rms_s15.npz,76429,6fdc009898bef135b78c81fec95672ecf22847a5611f4a5c6b690227b80f749c
resnet,clean_only,202,bandpass_n20002_cRA_LL_independent_rms_s10,phase2/results/predictions/full/clean_only/resnet/seed_202/bandpass_n20002_cRA_LL_independent_rms_s10.npz,76268,0abc13c8ac4c4a1dcd077ea81adaa7d8e251d21cf62e8f5fcac90311b7ef1e15
resnet,clean_only,202,bandpass_n20002_cRA_LL_independent_rms_s5,phase2/results/predictions/full/clean_only/resnet/seed_202/bandpass_n20002_cRA_LL_independent_rms_s5.npz,75932,b44fd92c97f7b5c0b5a776f599a760d8b5a051fd81dbcb7b552e39d6e4f9e8cf
resnet,clean_only,202,bandpass_n20002_cRA_LL_independent_rms_s0,phase2/results/predictions/full/clean_only/resnet/seed_202/bandpass_n20002_cRA_LL_independent_rms_s0.npz,75295,fe74c971b3a779fd23e0c68b957665813bcedbc01f42c22fd3e56fc860b90a53
resnet,clean_only,202,bandpass_n20002_cRA_LL_electrode_s20,phase2/results/predictions/full/clean_only/resnet/seed_202/bandpass_n20002_cRA_LL_electrode_s20.npz,76505,d827a465f8902011dfe8a28cba39a18c56345c10dbccecc7ee9372a6885a05ec
resnet,clean_only,202,bandpass_n20002_cRA_LL_electrode_s15,phase2/results/predictions/full/clean_only/resnet/seed_202/bandpass_n20002_cRA_LL_electrode_s15.npz,76385,1c4a55a6d9097c3af3f9001b85d0e154d57f3f7f7e1b24f5e4c1cf4d246ef3a5
resnet,clean_only,202,bandpass_n20002_cRA_LL_electrode_s10,phase2/results/predictions/full/clean_only/resnet/seed_202/bandpass_n20002_cRA_LL_electrode_s10.npz,76235,c13454420949d3c6f617cb095b981d65f7bda2d2ccf0f245be3013f428dfaa12
resnet,clean_only,202,bandpass_n20002_cRA_LL_electrode_s5,phase2/results/predictions/full/clean_only/resnet/seed_202/bandpass_n20002_cRA_LL_electrode_s5.npz,75798,b21bfdcfc208fd4aea636983741b7d0978748d9777547cd157b819a454c513af
resnet,clean_only,202,bandpass_n20002_cRA_LL_electrode_s0,phase2/results/predictions/full/clean_only/resnet/seed_202/bandpass_n20002_cRA_LL_electrode_s0.npz,75271,199caab8117e7d90d3ae3b31136cfc9f5f1c858c110d228a958603758ccc0dfb
resnet,clean_only,202,bandpass_n20002_cRA_LL_covariance_s20,phase2/results/predictions/full/clean_only/resnet/seed_202/bandpass_n20002_cRA_LL_covariance_s20.npz,76487,fa70edb9b9f5928459792c12a9b00a20b277955a71693f3fb7fb8c279e997a00
resnet,clean_only,202,bandpass_n20002_cRA_LL_covariance_s15,phase2/results/predictions/full/clean_only/resnet/seed_202/bandpass_n20002_cRA_LL_covariance_s15.npz,76387,1e33cab561d32e41ef50bbd54cceff30d24af9273afcae3ea682cfd91ee58a6c
resnet,clean_only,202,bandpass_n20002_cRA_LL_covariance_s10,phase2/results/predictions/full/clean_only/resnet/seed_202/bandpass_n20002_cRA_LL_covariance_s10.npz,76210,53e86dfb02fc8ec0924ab85cce9eaec67a3afe858f096260e1a12a56cb4b6753
resnet,clean_only,202,bandpass_n20002_cRA_LL_covariance_s5,phase2/results/predictions/full/clean_only/resnet/seed_202/bandpass_n20002_cRA_LL_covariance_s5.npz,75801,fcaf5689fa5e006194d3701a6616c4cb27396cf913a2b7abe0bd4e83b9fbef79
resnet,clean_only,202,bandpass_n20002_cRA_LL_covariance_s0,phase2/results/predictions/full/clean_only/resnet/seed_202/bandpass_n20002_cRA_LL_covariance_s0.npz,75298,5b3e97565be4a4fbbe1fff5e2633785547232d9d66eb002bf365e1702b98b844
resnet,clean_only,202,bandpass_n20002_cRA_independent_rms_s20,phase2/results/predictions/full/clean_only/resnet/seed_202/bandpass_n20002_cRA_independent_rms_s20.npz,76509,28d0de5b25cb1508a5a8c0e454d51b12ee5e0b65fe688e794f64ab8a465fab7d
resnet,clean_only,202,bandpass_n20002_cRA_independent_rms_s15,phase2/results/predictions/full/clean_only/resnet/seed_202/bandpass_n20002_cRA_independent_rms_s15.npz,76442,108c886fbc55abde75359b9d88584c8b8b99228377e3dc127241f76de15a522c
resnet,clean_only,202,bandpass_n20002_cRA_independent_rms_s10,phase2/results/predictions/full/clean_only/resnet/seed_202/bandpass_n20002_cRA_independent_rms_s10.npz,76261,649aeddee6a2ad1f5f86c4bcd73e9bb0e748d554385b79a1ce521c89bdeadf50
resnet,clean_only,202,bandpass_n20002_cRA_independent_rms_s5,phase2/results/predictions/full/clean_only/resnet/seed_202/bandpass_n20002_cRA_independent_rms_s5.npz,75920,d6c76d83cc7007519e4283799d26e7a9c89a7998424646bc86bd12f182b74fd3
resnet,clean_only,202,bandpass_n20002_cRA_independent_rms_s0,phase2/results/predictions/full/clean_only/resnet/seed_202/bandpass_n20002_cRA_independent_rms_s0.npz,75270,1d5dacf30237a578d38463e707b6235be385548751651c0384e808aa1f34f52a
resnet,clean_only,202,bandpass_n20002_cRA_electrode_s20,phase2/results/predictions/full/clean_only/resnet/seed_202/bandpass_n20002_cRA_electrode_s20.npz,76485,76c50823a419784854d89656bd4f278e701cb1aa73cb4c0d13809c90d1543446
resnet,clean_only,202,bandpass_n20002_cRA_electrode_s15,phase2/results/predictions/full/clean_only/resnet/seed_202/bandpass_n20002_cRA_electrode_s15.npz,76399,1d603565b00227e6b5662b8ff014e7e55ac38c57b983dc7901018a922d0697f8
resnet,clean_only,202,bandpass_n20002_cRA_electrode_s10,phase2/results/predictions/full/clean_only/resnet/seed_202/bandpass_n20002_cRA_electrode_s10.npz,76230,243579df1e49eff98280b084d1068f15b5c09dfe66ce92cca3454c9d340ab0fe
resnet,clean_only,202,bandpass_n20002_cRA_electrode_s5,phase2/results/predictions/full/clean_only/resnet/seed_202/bandpass_n20002_cRA_electrode_s5.npz,75864,f0f9b13eba9524793ff37660e4238801f6d9c3be9b23ac735a8b0bb697ad6276
resnet,clean_only,202,bandpass_n20002_cRA_electrode_s0,phase2/results/predictions/full/clean_only/resnet/seed_202/bandpass_n20002_cRA_electrode_s0.npz,75338,30fc56486e5cf4b54c3f2d31cb87477415d83c44cc5873b94453f27e7740797e
resnet,clean_only,202,bandpass_n20002_cRA_covariance_s20,phase2/results/predictions/full/clean_only/resnet/seed_202/bandpass_n20002_cRA_covariance_s20.npz,76498,4bbc16eee3e0ada7fd81125ced936be7be61a14bd1655beb2d25efe13cbd30c5
resnet,clean_only,202,bandpass_n20002_cRA_covariance_s15,phase2/results/predictions/full/clean_only/resnet/seed_202/bandpass_n20002_cRA_covariance_s15.npz,76420,881259a99459bafb404a00ca3c627a31ea50910bd842285e88db1ea52c5f8114
resnet,clean_only,202,bandpass_n20002_cRA_covariance_s10,phase2/results/predictions/full/clean_only/resnet/seed_202/bandpass_n20002_cRA_covariance_s10.npz,76212,9f9a66dd1a9625787123919ba710fa75be470becee1c94238f0924ecf0c61f97
resnet,clean_only,202,bandpass_n20002_cRA_covariance_s5,phase2/results/predictions/full/clean_only/resnet/seed_202/bandpass_n20002_cRA_covariance_s5.npz,75868,49e18971036c78dd4ac11d123de487c7df06558c54a49772021eaaaf69ef85ae
resnet,clean_only,202,bandpass_n20002_cRA_covariance_s0,phase2/results/predictions/full/clean_only/resnet/seed_202/bandpass_n20002_cRA_covariance_s0.npz,75371,370775f7dfca49d509ceb8c863a409a10c49effcccc277fdb63ac893c8e532f3
resnet,clean_only,202,bandpass_n20002_cLA_independent_rms_s20,phase2/results/predictions/full/clean_only/resnet/seed_202/bandpass_n20002_cLA_independent_rms_s20.npz,76482,509d7128477f9e948766d721aaac85c0aff9af97b857501c7efd4cf7a2480258
resnet,clean_only,202,bandpass_n20002_cLA_independent_rms_s15,phase2/results/predictions/full/clean_only/resnet/seed_202/bandpass_n20002_cLA_independent_rms_s15.npz,76438,c91b1e7e369fce62c23cdf6e34e74d961584da0621b537699bd48630016154e5
resnet,clean_only,202,bandpass_n20002_cLA_independent_rms_s10,phase2/results/predictions/full/clean_only/resnet/seed_202/bandpass_n20002_cLA_independent_rms_s10.npz,76264,a3d1ed723af80b545041c329d0e5c5d0ae92b20af0764db335d8c20a9c5f81fc
resnet,clean_only,202,bandpass_n20002_cLA_independent_rms_s5,phase2/results/predictions/full/clean_only/resnet/seed_202/bandpass_n20002_cLA_independent_rms_s5.npz,75894,0fe97ca5bda26fbed57d1c177321cde40ce0f604ea7224262fc8be3e00138997
resnet,clean_only,202,bandpass_n20002_cLA_independent_rms_s0,phase2/results/predictions/full/clean_only/resnet/seed_202/bandpass_n20002_cLA_independent_rms_s0.npz,75368,a58bfdab4dc362bd177019edb8f0e039867daa677b2fca81f03b6f997943a924
resnet,clean_only,202,bandpass_n20002_cLA_electrode_s20,phase2/results/predictions/full/clean_only/resnet/seed_202/bandpass_n20002_cLA_electrode_s20.npz,76495,5b2c5aac2e6f30a227f70831b07ffa663c32cb7b3fb18a531dfcecc76b25d2f5
resnet,clean_only,202,bandpass_n20002_cLA_electrode_s15,phase2/results/predictions/full/clean_only/resnet/seed_202/bandpass_n20002_cLA_electrode_s15.npz,76395,32a27aea54dc1cb7761a01d24073b93b94125b0280cc2a22d8baf67264eeb063
resnet,clean_only,202,bandpass_n20002_cLA_electrode_s10,phase2/results/predictions/full/clean_only/resnet/seed_202/bandpass_n20002_cLA_electrode_s10.npz,76148,df6ea4093d5337578c0e934d93d7b2afa3b359e7fe41dfac0fb5748f09e58ca7
resnet,clean_only,202,bandpass_n20002_cLA_electrode_s5,phase2/results/predictions/full/clean_only/resnet/seed_202/bandpass_n20002_cLA_electrode_s5.npz,75655,e74e65e276b3c8fd285e3c152443712c1c638c7102f851576c631c95067b9042
resnet,clean_only,202,bandpass_n20002_cLA_electrode_s0,phase2/results/predictions/full/clean_only/resnet/seed_202/bandpass_n20002_cLA_electrode_s0.npz,75310,e42273eb9db7266aeceb25e76902a6e4122d456cf63ca2d44db338cbae3987f2
resnet,clean_only,202,bandpass_n20002_cLA_covariance_s20,phase2/results/predictions/full/clean_only/resnet/seed_202/bandpass_n20002_cLA_covariance_s20.npz,76498,5c2e177f77ccd46bd2182f44eda7f9f40d6923c6db52d5fccfca1a99009d31c8
resnet,clean_only,202,bandpass_n20002_cLA_covariance_s15,phase2/results/predictions/full/clean_only/resnet/seed_202/bandpass_n20002_cLA_covariance_s15.npz,76352,de99936fe0e613f6c11b809a9359e4436d1930e8dd891fdfc596a351a8756d8f
resnet,clean_only,202,bandpass_n20002_cLA_covariance_s10,phase2/results/predictions/full/clean_only/resnet/seed_202/bandpass_n20002_cLA_covariance_s10.npz,76120,c92d54e5fd3066729aadaa9ebbe2527a0a7e3f1177ec480bbb89cb793782f1f9
resnet,clean_only,202,bandpass_n20002_cLA_covariance_s5,phase2/results/predictions/full/clean_only/resnet/seed_202/bandpass_n20002_cLA_covariance_s5.npz,75656,ef5f9845b84b6b993fbc270b4c5a4eb996cebe93fe880238e074411493f42cc9
resnet,clean_only,202,bandpass_n20002_cLA_covariance_s0,phase2/results/predictions/full/clean_only/resnet/seed_202/bandpass_n20002_cLA_covariance_s0.npz,75342,5fd0ae34054d8d1336fe122460276490c8e778b69439ed556ed65c81608172f7
resnet,clean_only,202,bandpass_n20002_cLL_independent_rms_s20,phase2/results/predictions/full/clean_only/resnet/seed_202/bandpass_n20002_cLL_independent_rms_s20.npz,76495,dc882f3928c4efaf7e189531abd1cf248244e01af89ebfb9d73f5a54c6672278
resnet,clean_only,202,bandpass_n20002_cLL_independent_rms_s15,phase2/results/predictions/full/clean_only/resnet/seed_202/bandpass_n20002_cLL_independent_rms_s15.npz,76428,34479904a3afed9908046fd4bae001d7da6a77e7e73a489af6454e348955378b
resnet,clean_only,202,bandpass_n20002_cLL_independent_rms_s10,phase2/results/predictions/full/clean_only/resnet/seed_202/bandpass_n20002_cLL_independent_rms_s10.npz,76256,dbfc404d6fdac0c75363d31b9f5f817ef3bc7d13f17b4c43e6af4d259777ce8b
resnet,clean_only,202,bandpass_n20002_cLL_independent_rms_s5,phase2/results/predictions/full/clean_only/resnet/seed_202/bandpass_n20002_cLL_independent_rms_s5.npz,75923,865b8d75b9aa8585c289d316d2ffd145a1a1bd38213b40169708a40f271d2969
resnet,clean_only,202,bandpass_n20002_cLL_independent_rms_s0,phase2/results/predictions/full/clean_only/resnet/seed_202/bandpass_n20002_cLL_independent_rms_s0.npz,75335,b11d2bfa44282de334bb7e7d12a50e8d6f4de8c4db5b39ff492519204b45aeb6
resnet,clean_only,202,bandpass_n20002_cLL_electrode_s20,phase2/results/predictions/full/clean_only/resnet/seed_202/bandpass_n20002_cLL_electrode_s20.npz,76504,9c038c1f952e65cec3faf53e7e37f3f83c89c16300d712dc6ecd4867c5f87ab3
resnet,clean_only,202,bandpass_n20002_cLL_electrode_s15,phase2/results/predictions/full/clean_only/resnet/seed_202/bandpass_n20002_cLL_electrode_s15.npz,76381,83198092daa66f42f6b8e1a231dd43047453d3909ff06acef949f88049e5252d
resnet,clean_only,202,bandpass_n20002_cLL_electrode_s10,phase2/results/predictions/full/clean_only/resnet/seed_202/bandpass_n20002_cLL_electrode_s10.npz,76176,8db4bc5ec9d1066f7d469a66a6667d0affdc66167718aa1b0bf8c29768c9504c
resnet,clean_only,202,bandpass_n20002_cLL_electrode_s5,phase2/results/predictions/full/clean_only/resnet/seed_202/bandpass_n20002_cLL_electrode_s5.npz,75792,36331754898fd0d9eb3cefafc6b9ac4082cba4ace8575ddcb672e43bb099c0fe
resnet,clean_only,202,bandpass_n20002_cLL_electrode_s0,phase2/results/predictions/full/clean_only/resnet/seed_202/bandpass_n20002_cLL_electrode_s0.npz,75381,453de328b83d704952947e37f3a7fc6e4c1288d72be277992a78fadcf5be720e
resnet,clean_only,202,bandpass_n20002_cLL_covariance_s20,phase2/results/predictions/full/clean_only/resnet/seed_202/bandpass_n20002_cLL_covariance_s20.npz,76469,db8e93b442f6b8d0dda18d76181be8cf946cfb5fed0a7e0b7edb764bac548c69
resnet,clean_only,202,bandpass_n20002_cLL_covariance_s15,phase2/results/predictions/full/clean_only/resnet/seed_202/bandpass_n20002_cLL_covariance_s15.npz,76381,081d29e93d69594d9e5b684a69f09a0f8a75e2325b4f6bd840b338bde1d88a51
resnet,clean_only,202,bandpass_n20002_cLL_covariance_s10,phase2/results/predictions/full/clean_only/resnet/seed_202/bandpass_n20002_cLL_covariance_s10.npz,76220,5b46dfac7df9caa6a8443cc7a06fe6306d41a246f37d802b8a80c1ef288167ce
resnet,clean_only,202,bandpass_n20002_cLL_covariance_s5,phase2/results/predictions/full/clean_only/resnet/seed_202/bandpass_n20002_cLL_covariance_s5.npz,75802,1d142d777ca8e84a99c724c2a5f96110949642269f8aea6189e9a9ad47eca165
resnet,clean_only,202,bandpass_n20002_cLL_covariance_s0,phase2/results/predictions/full/clean_only/resnet/seed_202/bandpass_n20002_cLL_covariance_s0.npz,75379,5d6000ea1557d4d71cb541bb55a928341c168c6e644aa0cb7e1477d046895b8e
resnet,clean_only,202,bandpass_n20002_cRA_V1_independent_rms_s20,phase2/results/predictions/full/clean_only/resnet/seed_202/bandpass_n20002_cRA_V1_independent_rms_s20.npz,76549,bde477318b4d34a8d7bf1ff0f09542179c3a1fb7ee180ba749276f83963bd619
resnet,clean_only,202,bandpass_n20002_cRA_V1_independent_rms_s15,phase2/results/predictions/full/clean_only/resnet/seed_202/bandpass_n20002_cRA_V1_independent_rms_s15.npz,76396,afc52a5d909fb4acd0d8b53425077b1f6cb8c7d15d623333242b3178219cd6d5
resnet,clean_only,202,bandpass_n20002_cRA_V1_independent_rms_s10,phase2/results/predictions/full/clean_only/resnet/seed_202/bandpass_n20002_cRA_V1_independent_rms_s10.npz,76270,62053ec22299f56a3b4785abcf046e5e7e2d8e9ed8d1061082b13db6dda78d24
resnet,clean_only,202,bandpass_n20002_cRA_V1_independent_rms_s5,phase2/results/predictions/full/clean_only/resnet/seed_202/bandpass_n20002_cRA_V1_independent_rms_s5.npz,75885,d2db798ce8072ba8dcabb7d2a07243b2202a3663d18c38bc1d91fed7c72e08b4
resnet,clean_only,202,bandpass_n20002_cRA_V1_independent_rms_s0,phase2/results/predictions/full/clean_only/resnet/seed_202/bandpass_n20002_cRA_V1_independent_rms_s0.npz,75252,5b5efd46e703eaf624d60259f05124a10e47f26aa89faf0e6184125ecadd5b30
resnet,clean_only,202,bandpass_n20002_cRA_V1_electrode_s20,phase2/results/predictions/full/clean_only/resnet/seed_202/bandpass_n20002_cRA_V1_electrode_s20.npz,76473,c43ebf09e8f4a0ee4950e7ce52e4f086f7ab188513c9b6d76e08926311ebaf16
resnet,clean_only,202,bandpass_n20002_cRA_V1_electrode_s15,phase2/results/predictions/full/clean_only/resnet/seed_202/bandpass_n20002_cRA_V1_electrode_s15.npz,76408,e9b7c689bf58ec46c76ee9b50516f4a21f11aedfbaecfcb34787401aacc0f3fd
resnet,clean_only,202,bandpass_n20002_cRA_V1_electrode_s10,phase2/results/predictions/full/clean_only/resnet/seed_202/bandpass_n20002_cRA_V1_electrode_s10.npz,76230,1a2effff636f7c3cd17c265ea1528a1e77aab9a6ce9d15ada88393908b89f46d
resnet,clean_only,202,bandpass_n20002_cRA_V1_electrode_s5,phase2/results/predictions/full/clean_only/resnet/seed_202/bandpass_n20002_cRA_V1_electrode_s5.npz,75818,0b3eaa9291dad78616fe23eb46ff5ca89ec6f411e9dd47be42d58322bae7feaa
resnet,clean_only,202,bandpass_n20002_cRA_V1_electrode_s0,phase2/results/predictions/full/clean_only/resnet/seed_202/bandpass_n20002_cRA_V1_electrode_s0.npz,75312,2a95d436e4a8e2b797251597daa1b2c9a2c97bb6d0f944f37ae436ac899f22bd
resnet,clean_only,202,bandpass_n20002_cRA_V1_covariance_s20,phase2/results/predictions/full/clean_only/resnet/seed_202/bandpass_n20002_cRA_V1_covariance_s20.npz,76479,bee0bbec9bd25a9ca655733f3387a34104fe5d9842442c6199a1f32b2171f458
resnet,clean_only,202,bandpass_n20002_cRA_V1_covariance_s15,phase2/results/predictions/full/clean_only/resnet/seed_202/bandpass_n20002_cRA_V1_covariance_s15.npz,76412,3fa83d3c5d19edf7f81ad3739f7252f8486b17787a056c644b5add9c604cd30e
resnet,clean_only,202,bandpass_n20002_cRA_V1_covariance_s10,phase2/results/predictions/full/clean_only/resnet/seed_202/bandpass_n20002_cRA_V1_covariance_s10.npz,76242,15d4bc2574b116571a5a46e9db25357f4a8ba3b6267d8fbffe744838e49f60d1
resnet,clean_only,202,bandpass_n20002_cRA_V1_covariance_s5,phase2/results/predictions/full/clean_only/resnet/seed_202/bandpass_n20002_cRA_V1_covariance_s5.npz,75841,bb86432d63375041eafb17bf1bf42bab00caa2825e44a25bcecbad9b7ce4acbb
resnet,clean_only,202,bandpass_n20002_cRA_V1_covariance_s0,phase2/results/predictions/full/clean_only/resnet/seed_202/bandpass_n20002_cRA_V1_covariance_s0.npz,75342,81914250372296b92b0a8c7a6504bf376f27f74883533170222ddf4de998ef53
resnet,clean_only,202,bandpass_n20002_cLA_V6_independent_rms_s20,phase2/results/predictions/full/clean_only/resnet/seed_202/bandpass_n20002_cLA_V6_independent_rms_s20.npz,76545,53c68c569ddfda202f018ef5334f4cecc6dfdcf1abb1a750c01f66af60f396c2
resnet,clean_only,202,bandpass_n20002_cLA_V6_independent_rms_s15,phase2/results/predictions/full/clean_only/resnet/seed_202/bandpass_n20002_cLA_V6_independent_rms_s15.npz,76459,d0677b09f3fc443d3d31192221b0ae33cc89ca968cdec95fc74ec8a508cd24bd
resnet,clean_only,202,bandpass_n20002_cLA_V6_independent_rms_s10,phase2/results/predictions/full/clean_only/resnet/seed_202/bandpass_n20002_cLA_V6_independent_rms_s10.npz,76247,5b4ac4562bd3d266790adc7c320f51aa1a7677928989f88b44bcab279f192d6a
resnet,clean_only,202,bandpass_n20002_cLA_V6_independent_rms_s5,phase2/results/predictions/full/clean_only/resnet/seed_202/bandpass_n20002_cLA_V6_independent_rms_s5.npz,75917,32197df29e69385558c756947947063cc8b57dfdb976118a03d1570d1a3f1b44
resnet,clean_only,202,bandpass_n20002_cLA_V6_independent_rms_s0,phase2/results/predictions/full/clean_only/resnet/seed_202/bandpass_n20002_cLA_V6_independent_rms_s0.npz,75335,306f1ae2f96cf56330f7a4ba1d21faa3dc76c4cfb0125dfd8ee4255138e2a0b4
resnet,clean_only,202,bandpass_n20002_cLA_V6_electrode_s20,phase2/results/predictions/full/clean_only/resnet/seed_202/bandpass_n20002_cLA_V6_electrode_s20.npz,76502,bf202432fd7bffaced949b6c6a8d858c2173cf69cec6e754efecdc20d6d7bc79
resnet,clean_only,202,bandpass_n20002_cLA_V6_electrode_s15,phase2/results/predictions/full/clean_only/resnet/seed_202/bandpass_n20002_cLA_V6_electrode_s15.npz,76389,5f1a97997a76607495f4edbde05052f2ba048ed464f1e05281967eb86f147199
resnet,clean_only,202,bandpass_n20002_cLA_V6_electrode_s10,phase2/results/predictions/full/clean_only/resnet/seed_202/bandpass_n20002_cLA_V6_electrode_s10.npz,76186,fb09f3efca377670c96b5ad6e5f4aa669fb1c1f1f8c481c8cab69138763c9ff7
resnet,clean_only,202,bandpass_n20002_cLA_V6_electrode_s5,phase2/results/predictions/full/clean_only/resnet/seed_202/bandpass_n20002_cLA_V6_electrode_s5.npz,75729,91f5f8111c3feee2225c0f7f243fc173416b6d28b0e5f99a4f387085a401b086
resnet,clean_only,202,bandpass_n20002_cLA_V6_electrode_s0,phase2/results/predictions/full/clean_only/resnet/seed_202/bandpass_n20002_cLA_V6_electrode_s0.npz,75346,bb690abc6835b4305c596428402964dd3568acf9254f1df34d94b96ab0e5f764
resnet,clean_only,202,bandpass_n20002_cLA_V6_covariance_s20,phase2/results/predictions/full/clean_only/resnet/seed_202/bandpass_n20002_cLA_V6_covariance_s20.npz,76506,9ceab61ad99765ce86c3b47d9baa5112b185e77fd074179956ee06f62c14147e
resnet,clean_only,202,bandpass_n20002_cLA_V6_covariance_s15,phase2/results/predictions/full/clean_only/resnet/seed_202/bandpass_n20002_cLA_V6_covariance_s15.npz,76388,68f1b391eeea758f7fe677f3ffb76d6c3efb8fc6bfbfc4217b7edf0a9474b1c6
resnet,clean_only,202,bandpass_n20002_cLA_V6_covariance_s10,phase2/results/predictions/full/clean_only/resnet/seed_202/bandpass_n20002_cLA_V6_covariance_s10.npz,76171,438315142022ef77e03e47fcb0871cbc4c3f9ca3ddc2f707d847901cf3501bd8
resnet,clean_only,202,bandpass_n20002_cLA_V6_covariance_s5,phase2/results/predictions/full/clean_only/resnet/seed_202/bandpass_n20002_cLA_V6_covariance_s5.npz,75763,25a22faee6ddd1a3d7c1b0ce15259088ae8afe9ba5d02c17582ace89aa0d1300
resnet,clean_only,202,bandpass_n20002_cLA_V6_covariance_s0,phase2/results/predictions/full/clean_only/resnet/seed_202/bandpass_n20002_cLA_V6_covariance_s0.npz,75315,49736cfd48593567e88f76af076db4c0c905288ca284bab3942aa909f1fa76df
resnet,clean_only,202,bandpass_n20002_cLL_V4_independent_rms_s20,phase2/results/predictions/full/clean_only/resnet/seed_202/bandpass_n20002_cLL_V4_independent_rms_s20.npz,76498,724487838a0c5c977db64b1802d8f70933172744012e0494a258a9536de979af
resnet,clean_only,202,bandpass_n20002_cLL_V4_independent_rms_s15,phase2/results/predictions/full/clean_only/resnet/seed_202/bandpass_n20002_cLL_V4_independent_rms_s15.npz,76458,e97fc6cf470755edf086cf97739d1e262a862803d9a1e3108346e37beb1154dc
resnet,clean_only,202,bandpass_n20002_cLL_V4_independent_rms_s10,phase2/results/predictions/full/clean_only/resnet/seed_202/bandpass_n20002_cLL_V4_independent_rms_s10.npz,76289,7d14a8654cd34038d0f26848b5467da00b4661898998be24cc7118053714c82e
resnet,clean_only,202,bandpass_n20002_cLL_V4_independent_rms_s5,phase2/results/predictions/full/clean_only/resnet/seed_202/bandpass_n20002_cLL_V4_independent_rms_s5.npz,75955,24424d167b72bc86cb7c9ad941b250137e0648529a7a48590caa8dfe045c9f61
resnet,clean_only,202,bandpass_n20002_cLL_V4_independent_rms_s0,phase2/results/predictions/full/clean_only/resnet/seed_202/bandpass_n20002_cLL_V4_independent_rms_s0.npz,75353,1db5452951d3e9c61c5d56eccf5be1bd1925b4c5c115277fbe63645a8fe8da85
resnet,clean_only,202,bandpass_n20002_cLL_V4_electrode_s20,phase2/results/predictions/full/clean_only/resnet/seed_202/bandpass_n20002_cLL_V4_electrode_s20.npz,76504,b242a6d525a0a35a2ac6375d6f9367c1a99f3ccb53962bdc7baa15ad0844a113
resnet,clean_only,202,bandpass_n20002_cLL_V4_electrode_s15,phase2/results/predictions/full/clean_only/resnet/seed_202/bandpass_n20002_cLL_V4_electrode_s15.npz,76405,4869a44b850bd206cdbf740190f06933ad48621760cf24849d1df27bdb865356
resnet,clean_only,202,bandpass_n20002_cLL_V4_electrode_s10,phase2/results/predictions/full/clean_only/resnet/seed_202/bandpass_n20002_cLL_V4_electrode_s10.npz,76218,c98e4d0b35c31108e4cb81e928032dbf612f0c7b19d4c3658df4b77cd85e58f5
resnet,clean_only,202,bandpass_n20002_cLL_V4_electrode_s5,phase2/results/predictions/full/clean_only/resnet/seed_202/bandpass_n20002_cLL_V4_electrode_s5.npz,75875,01bc2fd2ae3fad8add9ad3d86fc156bb29e8a59ee62f5955e24e575079387c9a
resnet,clean_only,202,bandpass_n20002_cLL_V4_electrode_s0,phase2/results/predictions/full/clean_only/resnet/seed_202/bandpass_n20002_cLL_V4_electrode_s0.npz,75398,7a07d80053b4b2367cd43d2f9f1b562ff74dc04fb93be5dd163a97e460bec838
resnet,clean_only,202,bandpass_n20002_cLL_V4_covariance_s20,phase2/results/predictions/full/clean_only/resnet/seed_202/bandpass_n20002_cLL_V4_covariance_s20.npz,76492,bf8cfab351d68cce3ea6fc776a9faf46d736f8967ffc8575e6e583c39187b02b
resnet,clean_only,202,bandpass_n20002_cLL_V4_covariance_s15,phase2/results/predictions/full/clean_only/resnet/seed_202/bandpass_n20002_cLL_V4_covariance_s15.npz,76408,88c1c4bdfb036345bf2aedafcdd8c1853efc37b8d7a89cf72e2685b0ab58c55f
resnet,clean_only,202,bandpass_n20002_cLL_V4_covariance_s10,phase2/results/predictions/full/clean_only/resnet/seed_202/bandpass_n20002_cLL_V4_covariance_s10.npz,76228,4f7e5a1ee867c3c7c0ade0325e287c7228fe1119f04a3339526d5207e5cc2ffb
resnet,clean_only,202,bandpass_n20002_cLL_V4_covariance_s5,phase2/results/predictions/full/clean_only/resnet/seed_202/bandpass_n20002_cLL_V4_covariance_s5.npz,75822,0afb4e96546dec7c93dda3725e239b00d5f1fa8646cca4dcbb0ac0aae0cac1b4
resnet,clean_only,202,bandpass_n20002_cLL_V4_covariance_s0,phase2/results/predictions/full/clean_only/resnet/seed_202/bandpass_n20002_cLL_V4_covariance_s0.npz,75339,0ad9adc707137c958d8a37ac3d01c055c3e796d1927da832b03d5847af64b6af
resnet,clean_only,202,bandpass_n20002_cRA_LA_V1_V6_independent_rms_s20,phase2/results/predictions/full/clean_only/resnet/seed_202/bandpass_n20002_cRA_LA_V1_V6_independent_rms_s20.npz,76551,1a2249ad7c57337656a5ad73f4af1d71b1c3a8d1848e99df4524a0d78358f452
resnet,clean_only,202,bandpass_n20002_cRA_LA_V1_V6_independent_rms_s15,phase2/results/predictions/full/clean_only/resnet/seed_202/bandpass_n20002_cRA_LA_V1_V6_independent_rms_s15.npz,76450,2a5f4496c17baf795614fc2880368bf57e9786d46194b93c3ddd90182d876ef2
resnet,clean_only,202,bandpass_n20002_cRA_LA_V1_V6_independent_rms_s10,phase2/results/predictions/full/clean_only/resnet/seed_202/bandpass_n20002_cRA_LA_V1_V6_independent_rms_s10.npz,76270,49092b3ea0e4fe76acf91ac957a705673d76c2c87361ebbc5ebc5dd1e2c5b19b
resnet,clean_only,202,bandpass_n20002_cRA_LA_V1_V6_independent_rms_s5,phase2/results/predictions/full/clean_only/resnet/seed_202/bandpass_n20002_cRA_LA_V1_V6_independent_rms_s5.npz,75926,9cc3feaccb572ef21454a4b38a8f8093218f228b42b5f960e8076e2666bf849c
resnet,clean_only,202,bandpass_n20002_cRA_LA_V1_V6_independent_rms_s0,phase2/results/predictions/full/clean_only/resnet/seed_202/bandpass_n20002_cRA_LA_V1_V6_independent_rms_s0.npz,75337,30b7fc93a9399905e63fe8cfceea175eabf34285bf23d982ffa7076f5a70fa8f
resnet,clean_only,202,bandpass_n20002_cRA_LA_V1_V6_electrode_s20,phase2/results/predictions/full/clean_only/resnet/seed_202/bandpass_n20002_cRA_LA_V1_V6_electrode_s20.npz,76540,17279e444c09453c16eb41c65d43f2e67019dacc690c96599730fa24f136a4a2
resnet,clean_only,202,bandpass_n20002_cRA_LA_V1_V6_electrode_s15,phase2/results/predictions/full/clean_only/resnet/seed_202/bandpass_n20002_cRA_LA_V1_V6_electrode_s15.npz,76427,bd37ab37da9992c695a65e304d56e34edb9ee108af9f0174985bcd1596733e8a
resnet,clean_only,202,bandpass_n20002_cRA_LA_V1_V6_electrode_s10,phase2/results/predictions/full/clean_only/resnet/seed_202/bandpass_n20002_cRA_LA_V1_V6_electrode_s10.npz,76244,c9aa57ae29b35b243eff2deb2fc38314401b46e0e9d7b3cab40d0b50634d4b58
resnet,clean_only,202,bandpass_n20002_cRA_LA_V1_V6_electrode_s5,phase2/results/predictions/full/clean_only/resnet/seed_202/bandpass_n20002_cRA_LA_V1_V6_electrode_s5.npz,75790,5aede6f9be09750c039a31bdaa2c1b6b5bcfe1425587bfe848ec54246d72e7eb
resnet,clean_only,202,bandpass_n20002_cRA_LA_V1_V6_electrode_s0,phase2/results/predictions/full/clean_only/resnet/seed_202/bandpass_n20002_cRA_LA_V1_V6_electrode_s0.npz,75353,1e88ef0d31b2e9f25e9f850f79242849692b1eef106801d85332be581e860019
resnet,clean_only,202,bandpass_n20002_cRA_LA_V1_V6_covariance_s20,phase2/results/predictions/full/clean_only/resnet/seed_202/bandpass_n20002_cRA_LA_V1_V6_covariance_s20.npz,76525,afbebd3cc754101ef763cd0b4bc5669e98d9055304513b61a81a124f3e411362
resnet,clean_only,202,bandpass_n20002_cRA_LA_V1_V6_covariance_s15,phase2/results/predictions/full/clean_only/resnet/seed_202/bandpass_n20002_cRA_LA_V1_V6_covariance_s15.npz,76398,3b8f0c353e909e6d0c915dfcb47b520ab518c38424c0c2acf3ba6d85a5c641cc
resnet,clean_only,202,bandpass_n20002_cRA_LA_V1_V6_covariance_s10,phase2/results/predictions/full/clean_only/resnet/seed_202/bandpass_n20002_cRA_LA_V1_V6_covariance_s10.npz,76240,131040e60cbb54f039084a158edb4f92b897825c04c28c9f2097cb8fddae6ffd
resnet,clean_only,202,bandpass_n20002_cRA_LA_V1_V6_covariance_s5,phase2/results/predictions/full/clean_only/resnet/seed_202/bandpass_n20002_cRA_LA_V1_V6_covariance_s5.npz,75788,961ebf44b3f448f89060dc56df60233dc3ca48cc2f6c3660ebaa8a4c7010b51e
resnet,clean_only,202,bandpass_n20002_cRA_LA_V1_V6_covariance_s0,phase2/results/predictions/full/clean_only/resnet/seed_202/bandpass_n20002_cRA_LA_V1_V6_covariance_s0.npz,75322,aaaa96965344d2f18554dd3d30b7a0d7b449677719de974f6e997f8c5a529402
resnet,clean_only,202,bandpass_n20002_cRA_V2_V5_independent_rms_s20,phase2/results/predictions/full/clean_only/resnet/seed_202/bandpass_n20002_cRA_V2_V5_independent_rms_s20.npz,76481,260db6b614132b33219a1c8c46241c8a69dc8a2cbd59386e9b340d9cff99202c
resnet,clean_only,202,bandpass_n20002_cRA_V2_V5_independent_rms_s15,phase2/results/predictions/full/clean_only/resnet/seed_202/bandpass_n20002_cRA_V2_V5_independent_rms_s15.npz,76435,e68cc5e90616bc67b8f514b30ca756e18bdc100c3c7bfb8f33cb892fdfd3789a
resnet,clean_only,202,bandpass_n20002_cRA_V2_V5_independent_rms_s10,phase2/results/predictions/full/clean_only/resnet/seed_202/bandpass_n20002_cRA_V2_V5_independent_rms_s10.npz,76303,8b011fe9a57a52503a1cd90a5a8e375f000a65241b9940919930d394cd9b6e78
resnet,clean_only,202,bandpass_n20002_cRA_V2_V5_independent_rms_s5,phase2/results/predictions/full/clean_only/resnet/seed_202/bandpass_n20002_cRA_V2_V5_independent_rms_s5.npz,75952,f00d47f403a59f6128f36c400d5d68300d60f97733f2af6dcc6bf0bbae284979
resnet,clean_only,202,bandpass_n20002_cRA_V2_V5_independent_rms_s0,phase2/results/predictions/full/clean_only/resnet/seed_202/bandpass_n20002_cRA_V2_V5_independent_rms_s0.npz,75301,7f1e93b69207ab2043a96a5ef090fb728722f5acbc79069089cc04ba09d0dc23
resnet,clean_only,202,bandpass_n20002_cRA_V2_V5_electrode_s20,phase2/results/predictions/full/clean_only/resnet/seed_202/bandpass_n20002_cRA_V2_V5_electrode_s20.npz,76508,c9470d27b9b766c2c2a42f096b7211f169c078ee7521b117cde51ccffcf5388a
resnet,clean_only,202,bandpass_n20002_cRA_V2_V5_electrode_s15,phase2/results/predictions/full/clean_only/resnet/seed_202/bandpass_n20002_cRA_V2_V5_electrode_s15.npz,76429,97c866603b895608299ba73e4740e095a3fa10454aaf054a2aff03f64e5d5f4a
resnet,clean_only,202,bandpass_n20002_cRA_V2_V5_electrode_s10,phase2/results/predictions/full/clean_only/resnet/seed_202/bandpass_n20002_cRA_V2_V5_electrode_s10.npz,76254,04794cce951a68555b49ea2755ab4890c55be60af02bba5785ee8f353d2530bb
resnet,clean_only,202,bandpass_n20002_cRA_V2_V5_electrode_s5,phase2/results/predictions/full/clean_only/resnet/seed_202/bandpass_n20002_cRA_V2_V5_electrode_s5.npz,75894,d57779dfc954d709b3fe3b354bcee9989ce7ccb55c869d7113557e99965244fe
resnet,clean_only,202,bandpass_n20002_cRA_V2_V5_electrode_s0,phase2/results/predictions/full/clean_only/resnet/seed_202/bandpass_n20002_cRA_V2_V5_electrode_s0.npz,75319,6a8a297c22e0609a2de62fb4eb5f60c703f09b3e76ab525fd4d2f4e0f5bb41ab
resnet,clean_only,202,bandpass_n20002_cRA_V2_V5_covariance_s20,phase2/results/predictions/full/clean_only/resnet/seed_202/bandpass_n20002_cRA_V2_V5_covariance_s20.npz,76505,d25cca4ac528ab37c41e17db1dafed77fbaff009a6882d6ed8e27112f850c7b9
resnet,clean_only,202,bandpass_n20002_cRA_V2_V5_covariance_s15,phase2/results/predictions/full/clean_only/resnet/seed_202/bandpass_n20002_cRA_V2_V5_covariance_s15.npz,76425,c2b5018c1393773f069d77ff64393f5f1faa813fe2b85e397948fe707d0d712c
resnet,clean_only,202,bandpass_n20002_cRA_V2_V5_covariance_s10,phase2/results/predictions/full/clean_only/resnet/seed_202/bandpass_n20002_cRA_V2_V5_covariance_s10.npz,76292,473a48d66020398d0c44e6e2f6218fe6aaee6bcc7ff368022ccb956f732b3711
resnet,clean_only,202,bandpass_n20002_cRA_V2_V5_covariance_s5,phase2/results/predictions/full/clean_only/resnet/seed_202/bandpass_n20002_cRA_V2_V5_covariance_s5.npz,75933,125d056466a7c65f97e85e668154a4733bf1d106b479fedecf4b842a3354d351
resnet,clean_only,202,bandpass_n20002_cRA_V2_V5_covariance_s0,phase2/results/predictions/full/clean_only/resnet/seed_202/bandpass_n20002_cRA_V2_V5_covariance_s0.npz,75352,3ba525111afde02aac9fe0f6571e972c409cd21ef636d3018c1f956f3901aa35
resnet,clean_only,202,bandpass_n20002_cLA_V3_V6_independent_rms_s20,phase2/results/predictions/full/clean_only/resnet/seed_202/bandpass_n20002_cLA_V3_V6_independent_rms_s20.npz,76553,f5efedc935ae16c29e8deda5d65d7f0c10bee1665d7b648a45d934394aa5d7c9
resnet,clean_only,202,bandpass_n20002_cLA_V3_V6_independent_rms_s15,phase2/results/predictions/full/clean_only/resnet/seed_202/bandpass_n20002_cLA_V3_V6_independent_rms_s15.npz,76462,6bf173de242edc8cd09a6fc5d06fcb4199b5cac097292a788b3b36472ecad042
resnet,clean_only,202,bandpass_n20002_cLA_V3_V6_independent_rms_s10,phase2/results/predictions/full/clean_only/resnet/seed_202/bandpass_n20002_cLA_V3_V6_independent_rms_s10.npz,76321,e0cfdcd1bef52e90840fc75e5dc934c767021593aec19d370c9ad2fc5a53dbcf
resnet,clean_only,202,bandpass_n20002_cLA_V3_V6_independent_rms_s5,phase2/results/predictions/full/clean_only/resnet/seed_202/bandpass_n20002_cLA_V3_V6_independent_rms_s5.npz,75960,0fc472df8746ae1ac71c40ed9194c894e826a507f7a3388aaef486c105e5c2a8
resnet,clean_only,202,bandpass_n20002_cLA_V3_V6_independent_rms_s0,phase2/results/predictions/full/clean_only/resnet/seed_202/bandpass_n20002_cLA_V3_V6_independent_rms_s0.npz,75362,12eca8627be7d35bd7d52b23442f6b3a4928e9daac6268bbf829e55702d10278
resnet,clean_only,202,bandpass_n20002_cLA_V3_V6_electrode_s20,phase2/results/predictions/full/clean_only/resnet/seed_202/bandpass_n20002_cLA_V3_V6_electrode_s20.npz,76529,f7273f7fb61827a97ae01d3b56e9d99d05f876d30d5b86c5706cfb364f271514
resnet,clean_only,202,bandpass_n20002_cLA_V3_V6_electrode_s15,phase2/results/predictions/full/clean_only/resnet/seed_202/bandpass_n20002_cLA_V3_V6_electrode_s15.npz,76427,048a06c653f377591f07ffd2302a7bf9dd9ede72c77ff9176ccf6a410726be3e
resnet,clean_only,202,bandpass_n20002_cLA_V3_V6_electrode_s10,phase2/results/predictions/full/clean_only/resnet/seed_202/bandpass_n20002_cLA_V3_V6_electrode_s10.npz,76223,33f69aa3a2d9ae89e44875167dd5e0d2b900303aaf1cf3cb975b344ebd0947b3
resnet,clean_only,202,bandpass_n20002_cLA_V3_V6_electrode_s5,phase2/results/predictions/full/clean_only/resnet/seed_202/bandpass_n20002_cLA_V3_V6_electrode_s5.npz,75798,29e9c605225e510759641556e902fe2d55960cef2965a362a09199c1e4c6bacb
resnet,clean_only,202,bandpass_n20002_cLA_V3_V6_electrode_s0,phase2/results/predictions/full/clean_only/resnet/seed_202/bandpass_n20002_cLA_V3_V6_electrode_s0.npz,75347,06b3ab38aa69eff1fbb4c37514413b1af007b547b772d10a501de249a564af72
resnet,clean_only,202,bandpass_n20002_cLA_V3_V6_covariance_s20,phase2/results/predictions/full/clean_only/resnet/seed_202/bandpass_n20002_cLA_V3_V6_covariance_s20.npz,76506,1d5a5166820bd20ed024f2915bb23152ed8f8000c5414e2932bbb29404c9e925
resnet,clean_only,202,bandpass_n20002_cLA_V3_V6_covariance_s15,phase2/results/predictions/full/clean_only/resnet/seed_202/bandpass_n20002_cLA_V3_V6_covariance_s15.npz,76434,10c4e799765762f4db55af8ada21ad11736ee239ab90ec609184284c09d2a486
resnet,clean_only,202,bandpass_n20002_cLA_V3_V6_covariance_s10,phase2/results/predictions/full/clean_only/resnet/seed_202/bandpass_n20002_cLA_V3_V6_covariance_s10.npz,76210,52e90ea64538dc42317fb40ddacfabe3a9404f929694fd590c06f29a8ee8b7ec
resnet,clean_only,202,bandpass_n20002_cLA_V3_V6_covariance_s5,phase2/results/predictions/full/clean_only/resnet/seed_202/bandpass_n20002_cLA_V3_V6_covariance_s5.npz,75825,799de41132cf399406c2514b756142ee437f78f4192bdc7a34ad20a79f6ce34f
resnet,clean_only,202,bandpass_n20002_cLA_V3_V6_covariance_s0,phase2/results/predictions/full/clean_only/resnet/seed_202/bandpass_n20002_cLA_V3_V6_covariance_s0.npz,75345,07fece3f91407187411600363a12b3412086eff96f083d38f51db3ddcb90e945
resnet,clean_only,202,bandpass_n20002_cLL_V1_V4_independent_rms_s20,phase2/results/predictions/full/clean_only/resnet/seed_202/bandpass_n20002_cLL_V1_V4_independent_rms_s20.npz,76535,5af1289ddad3a6df8324cba86a773503aebe6eac56faa7616df874bad1a48f89
resnet,clean_only,202,bandpass_n20002_cLL_V1_V4_independent_rms_s15,phase2/results/predictions/full/clean_only/resnet/seed_202/bandpass_n20002_cLL_V1_V4_independent_rms_s15.npz,76416,e1882ab8753a51be7cd9abeda27335d8996e9c7fba13ed1e0d0d4e24b16bc587
resnet,clean_only,202,bandpass_n20002_cLL_V1_V4_independent_rms_s10,phase2/results/predictions/full/clean_only/resnet/seed_202/bandpass_n20002_cLL_V1_V4_independent_rms_s10.npz,76271,5af237cf816292239f186b3da1ba1efb44e7208499246225fb3fe890407bb9f8
resnet,clean_only,202,bandpass_n20002_cLL_V1_V4_independent_rms_s5,phase2/results/predictions/full/clean_only/resnet/seed_202/bandpass_n20002_cLL_V1_V4_independent_rms_s5.npz,75938,acf1ed3eeed308a0e86193439b396b15e1c1ff21405029b803237e5d4f7650a3
resnet,clean_only,202,bandpass_n20002_cLL_V1_V4_independent_rms_s0,phase2/results/predictions/full/clean_only/resnet/seed_202/bandpass_n20002_cLL_V1_V4_independent_rms_s0.npz,75371,58b237efd8d0f7b090ea61495c8043b0d6bf460fb4fc3524ec439faf904345fe
resnet,clean_only,202,bandpass_n20002_cLL_V1_V4_electrode_s20,phase2/results/predictions/full/clean_only/resnet/seed_202/bandpass_n20002_cLL_V1_V4_electrode_s20.npz,76506,fa9d23d1454b5235f38aeeb8335b708d1d3d18b367bbc250145f9e8a17bd26c4
resnet,clean_only,202,bandpass_n20002_cLL_V1_V4_electrode_s15,phase2/results/predictions/full/clean_only/resnet/seed_202/bandpass_n20002_cLL_V1_V4_electrode_s15.npz,76441,5300937398e7ab27aa2e286f4d68c42df7943aa0925a4b6074b58d5b95228031
resnet,clean_only,202,bandpass_n20002_cLL_V1_V4_electrode_s10,phase2/results/predictions/full/clean_only/resnet/seed_202/bandpass_n20002_cLL_V1_V4_electrode_s10.npz,76241,6d5e20f9bec48b7a5afae0c1ff94ea447a10e048f4ece5ab779b322a225ae3e5
resnet,clean_only,202,bandpass_n20002_cLL_V1_V4_electrode_s5,phase2/results/predictions/full/clean_only/resnet/seed_202/bandpass_n20002_cLL_V1_V4_electrode_s5.npz,75781,46b574be03deac62a0b13bcba9242fa37a2424d97a1a7dd435f7801fda23582a
resnet,clean_only,202,bandpass_n20002_cLL_V1_V4_electrode_s0,phase2/results/predictions/full/clean_only/resnet/seed_202/bandpass_n20002_cLL_V1_V4_electrode_s0.npz,75388,467debec992cbca3d1da56d0f1dd698dde8017f6f433e34006b7d682ffd36a1d
resnet,clean_only,202,bandpass_n20002_cLL_V1_V4_covariance_s20,phase2/results/predictions/full/clean_only/resnet/seed_202/bandpass_n20002_cLL_V1_V4_covariance_s20.npz,76503,2d4b7cbb0d34c5a8f9740280af16ba7e0d0fcd73c5cd8e9c387289050965ee5c
resnet,clean_only,202,bandpass_n20002_cLL_V1_V4_covariance_s15,phase2/results/predictions/full/clean_only/resnet/seed_202/bandpass_n20002_cLL_V1_V4_covariance_s15.npz,76409,b8612c49df53a752b62ad38bf048057aafa14e644b676dc1e24e0878ce0c2a2c
resnet,clean_only,202,bandpass_n20002_cLL_V1_V4_covariance_s10,phase2/results/predictions/full/clean_only/resnet/seed_202/bandpass_n20002_cLL_V1_V4_covariance_s10.npz,76220,c3554f696a0e5d329994a8a7605cd1a64e1aedc9057d7b136de94b2b62906dbb
resnet,clean_only,202,bandpass_n20002_cLL_V1_V4_covariance_s5,phase2/results/predictions/full/clean_only/resnet/seed_202/bandpass_n20002_cLL_V1_V4_covariance_s5.npz,75790,76bcc97eaf5ae9bb8db2553ab9c50e694eb7a20373dec043be4c1fc5db95348f
resnet,clean_only,202,bandpass_n20002_cLL_V1_V4_covariance_s0,phase2/results/predictions/full/clean_only/resnet/seed_202/bandpass_n20002_cLL_V1_V4_covariance_s0.npz,75379,5c08f362f11a4ad01548e4e08e534baa4dfee1d4d48c5342207ff0a9dc126d90
resnet,clean_only,202,bandpass_n20002_call_independent_rms_s20,phase2/results/predictions/full/clean_only/resnet/seed_202/bandpass_n20002_call_independent_rms_s20.npz,76505,583e1d62ac150fa15755f3392f4dbcf4c3e89da94aca79cf393bcd786aec2e54
resnet,clean_only,202,bandpass_n20002_call_independent_rms_s15,phase2/results/predictions/full/clean_only/resnet/seed_202/bandpass_n20002_call_independent_rms_s15.npz,76410,789f8dc73759015494a852fc4e379ca083e5abe7f0c5a2fb2731a4819110b435
resnet,clean_only,202,bandpass_n20002_call_independent_rms_s10,phase2/results/predictions/full/clean_only/resnet/seed_202/bandpass_n20002_call_independent_rms_s10.npz,76281,f945aef53aaa50f6a5b904317561086f1821eec7fc2dae1fe3f3ccddd1dd58ee
resnet,clean_only,202,bandpass_n20002_call_independent_rms_s5,phase2/results/predictions/full/clean_only/resnet/seed_202/bandpass_n20002_call_independent_rms_s5.npz,75930,bccb0f0a4e6a277fc43c43c04b7b9e71cfd974ebe172398d68e2fcec52b2af2f
resnet,clean_only,202,bandpass_n20002_call_independent_rms_s0,phase2/results/predictions/full/clean_only/resnet/seed_202/bandpass_n20002_call_independent_rms_s0.npz,75287,940d367dad9401551a76f7f3e43282895eaf7afc775e81a189e7dba990fd727c
resnet,clean_only,202,bandpass_n20002_call_electrode_s20,phase2/results/predictions/full/clean_only/resnet/seed_202/bandpass_n20002_call_electrode_s20.npz,76499,e7b34a54500fdae6a6079c6b9aa0f9878789f956248de7f787d26de69bbbd067
resnet,clean_only,202,bandpass_n20002_call_electrode_s15,phase2/results/predictions/full/clean_only/resnet/seed_202/bandpass_n20002_call_electrode_s15.npz,76378,af387eb8888578f300d35a32a55b7341891a8a256be3a97c27b7a852b953a552
resnet,clean_only,202,bandpass_n20002_call_electrode_s10,phase2/results/predictions/full/clean_only/resnet/seed_202/bandpass_n20002_call_electrode_s10.npz,76224,7b22db244475991926df2efe65f3a4728182fb099d41ad0d1e62d9bf2a39663c
resnet,clean_only,202,bandpass_n20002_call_electrode_s5,phase2/results/predictions/full/clean_only/resnet/seed_202/bandpass_n20002_call_electrode_s5.npz,75800,ec3063f028dbf4d551c5ec6dfa88396dd27f7d92861d1ada4b7e87277ba0d317
resnet,clean_only,202,bandpass_n20002_call_electrode_s0,phase2/results/predictions/full/clean_only/resnet/seed_202/bandpass_n20002_call_electrode_s0.npz,75274,993250cb380a3d4a3fc05b0a452238aee43879f6d1b3e4b8b60796c4225f476c
resnet,clean_only,202,bandpass_n20002_call_covariance_s20,phase2/results/predictions/full/clean_only/resnet/seed_202/bandpass_n20002_call_covariance_s20.npz,76493,46eacc51f36ea6cfbc06029432feaeec90f9487caa0b3a2a2d87a694d2cf195a
resnet,clean_only,202,bandpass_n20002_call_covariance_s15,phase2/results/predictions/full/clean_only/resnet/seed_202/bandpass_n20002_call_covariance_s15.npz,76390,a2916a17f80a1c7f565a7ae0806ac5d084f72e8e1ec9ec3d92ff35c70fc5a49f
resnet,clean_only,202,bandpass_n20002_call_covariance_s10,phase2/results/predictions/full/clean_only/resnet/seed_202/bandpass_n20002_call_covariance_s10.npz,76206,8f806a6843da68fe9eb3271eee72e88168488ea597785264b09c01cbfadd081d
resnet,clean_only,202,bandpass_n20002_call_covariance_s5,phase2/results/predictions/full/clean_only/resnet/seed_202/bandpass_n20002_call_covariance_s5.npz,75818,b5702d46f3b7b5cb3cb3a0990f987e0a3eaad2fd383a6e872a46eda8d6d3c1f7
resnet,clean_only,202,bandpass_n20002_call_covariance_s0,phase2/results/predictions/full/clean_only/resnet/seed_202/bandpass_n20002_call_covariance_s0.npz,75271,95c411046cb16b6a869626b60f2eee8505a8e2dc3631d4318b60d4e35b3ffb76
resnet,clean_only,202,bandpass_n20003_cRA_LA_LL_independent_rms_s20,phase2/results/predictions/full/clean_only/resnet/seed_202/bandpass_n20003_cRA_LA_LL_independent_rms_s20.npz,76531,220b8a480d2a31a9bbc1a1d4f45fb9dcd8c470e7a46c0fe44a7870603b8ac892
resnet,clean_only,202,bandpass_n20003_cRA_LA_LL_independent_rms_s15,phase2/results/predictions/full/clean_only/resnet/seed_202/bandpass_n20003_cRA_LA_LL_independent_rms_s15.npz,76433,844c95fd85d665e6f622b5d06683fb36fde9ef68e94545f9a5fad3567dc30616
resnet,clean_only,202,bandpass_n20003_cRA_LA_LL_independent_rms_s10,phase2/results/predictions/full/clean_only/resnet/seed_202/bandpass_n20003_cRA_LA_LL_independent_rms_s10.npz,76280,94c53b335a429db0757d16909597f54c8148785a368dac2aa215c109793e31b1
resnet,clean_only,202,bandpass_n20003_cRA_LA_LL_independent_rms_s5,phase2/results/predictions/full/clean_only/resnet/seed_202/bandpass_n20003_cRA_LA_LL_independent_rms_s5.npz,75909,e954d0f43a5167431d6cae04ab1d297a20d7361649229ad9ce26267f9a3fb915
resnet,clean_only,202,bandpass_n20003_cRA_LA_LL_independent_rms_s0,phase2/results/predictions/full/clean_only/resnet/seed_202/bandpass_n20003_cRA_LA_LL_independent_rms_s0.npz,75318,425b326f76e2436b1256b0fa0022f71f4c3d17660db93cf2d2e94180659f8e71
resnet,clean_only,202,bandpass_n20003_cRA_LA_LL_electrode_s20,phase2/results/predictions/full/clean_only/resnet/seed_202/bandpass_n20003_cRA_LA_LL_electrode_s20.npz,76461,9cf68085562eec0a308a5045e978504f22fa1becdca919c3b9927fa6f95b1be2
resnet,clean_only,202,bandpass_n20003_cRA_LA_LL_electrode_s15,phase2/results/predictions/full/clean_only/resnet/seed_202/bandpass_n20003_cRA_LA_LL_electrode_s15.npz,76391,75fb78fe8364447df9494ae254f03f888517337552fee0a36cadc106d9dfb496
resnet,clean_only,202,bandpass_n20003_cRA_LA_LL_electrode_s10,phase2/results/predictions/full/clean_only/resnet/seed_202/bandpass_n20003_cRA_LA_LL_electrode_s10.npz,76177,dfc3850bffd6feb7a270d006b41c00aa3cff0e7b8b4f6d3cc82a8b99d5716ae7
resnet,clean_only,202,bandpass_n20003_cRA_LA_LL_electrode_s5,phase2/results/predictions/full/clean_only/resnet/seed_202/bandpass_n20003_cRA_LA_LL_electrode_s5.npz,75747,d9edd792c4771e4678083ff33e4b6c477cade62eaea91de15a98153d94230b13
resnet,clean_only,202,bandpass_n20003_cRA_LA_LL_electrode_s0,phase2/results/predictions/full/clean_only/resnet/seed_202/bandpass_n20003_cRA_LA_LL_electrode_s0.npz,75332,676d7e9168d1e40d057f1b1a189bf967c8fc2147111d5f530a15c084d0785451
resnet,clean_only,202,bandpass_n20003_cRA_LA_LL_covariance_s20,phase2/results/predictions/full/clean_only/resnet/seed_202/bandpass_n20003_cRA_LA_LL_covariance_s20.npz,76477,fed8ca7c52fda4120c2712bdc2a6d9e1b5a0f6e96caa887daad44c1d123b68db
resnet,clean_only,202,bandpass_n20003_cRA_LA_LL_covariance_s15,phase2/results/predictions/full/clean_only/resnet/seed_202/bandpass_n20003_cRA_LA_LL_covariance_s15.npz,76395,acec395d810a153b4850f4031e6f29ef883bb694c0147e7ec832e1425bba7e6c
resnet,clean_only,202,bandpass_n20003_cRA_LA_LL_covariance_s10,phase2/results/predictions/full/clean_only/resnet/seed_202/bandpass_n20003_cRA_LA_LL_covariance_s10.npz,76189,92d83fffac18158045cc6f08720050d11d380dbf3832d9d18ddd1c8602d6c7f4
resnet,clean_only,202,bandpass_n20003_cRA_LA_LL_covariance_s5,phase2/results/predictions/full/clean_only/resnet/seed_202/bandpass_n20003_cRA_LA_LL_covariance_s5.npz,75718,9b6ad9d749f8783527638d6c12110de5d908d05f21898b7825bd9c8ae1ef1ae9
resnet,clean_only,202,bandpass_n20003_cRA_LA_LL_covariance_s0,phase2/results/predictions/full/clean_only/resnet/seed_202/bandpass_n20003_cRA_LA_LL_covariance_s0.npz,75289,dbe9d4bbdcbda51f134e892f887ea2447176c6d2ced7679360c54e48c2c9c972
resnet,clean_only,202,bandpass_n20003_cV1_independent_rms_s20,phase2/results/predictions/full/clean_only/resnet/seed_202/bandpass_n20003_cV1_independent_rms_s20.npz,76487,42c44a01fc86affe87044c6e34f04879f98b1d9b1bcb6e7378c80373c878c59e
resnet,clean_only,202,bandpass_n20003_cV1_independent_rms_s15,phase2/results/predictions/full/clean_only/resnet/seed_202/bandpass_n20003_cV1_independent_rms_s15.npz,76374,9f462c0b75a5ca5d5bae2d4be095f90545851beb14fe1d2d691aa070c37c03a8
resnet,clean_only,202,bandpass_n20003_cV1_independent_rms_s10,phase2/results/predictions/full/clean_only/resnet/seed_202/bandpass_n20003_cV1_independent_rms_s10.npz,76181,d2699918ab37a7401fe6b89afce1ac0bb8b1b41dcbc98ee97a922bc095333b47
resnet,clean_only,202,bandpass_n20003_cV1_independent_rms_s5,phase2/results/predictions/full/clean_only/resnet/seed_202/bandpass_n20003_cV1_independent_rms_s5.npz,75693,ff9ff24c4450c679886044ba5d051f9fbefc76f46352fe39d9f3f92978f9a4f6
resnet,clean_only,202,bandpass_n20003_cV1_independent_rms_s0,phase2/results/predictions/full/clean_only/resnet/seed_202/bandpass_n20003_cV1_independent_rms_s0.npz,75432,dbbe71ca3f2ebdb3a61ea9a6574e9e935b92e3724f5116561f2903df776e01ba
resnet,clean_only,202,bandpass_n20003_cV1_electrode_s20,phase2/results/predictions/full/clean_only/resnet/seed_202/bandpass_n20003_cV1_electrode_s20.npz,76475,f72a73de6acc2a4ea77305aa402351284bdc29a258b8ebacc3fff6427377c966
resnet,clean_only,202,bandpass_n20003_cV1_electrode_s15,phase2/results/predictions/full/clean_only/resnet/seed_202/bandpass_n20003_cV1_electrode_s15.npz,76375,04d673d109ee2b1b84a6280891b60d8b98c3f2ae2473dd05372c06a800f56c45
resnet,clean_only,202,bandpass_n20003_cV1_electrode_s10,phase2/results/predictions/full/clean_only/resnet/seed_202/bandpass_n20003_cV1_electrode_s10.npz,76180,5b65a4ba55b0561dd902b238cc8ba0c4fb9d6528133580ba9a3215a4aad94bfc
resnet,clean_only,202,bandpass_n20003_cV1_electrode_s5,phase2/results/predictions/full/clean_only/resnet/seed_202/bandpass_n20003_cV1_electrode_s5.npz,75693,777d0ef4a1570155d084d1b90c9450ac84f53f505bd7527c55354a92c918e15f
resnet,clean_only,202,bandpass_n20003_cV1_electrode_s0,phase2/results/predictions/full/clean_only/resnet/seed_202/bandpass_n20003_cV1_electrode_s0.npz,75419,04a69eb534050037c8c82036e49aabcce706c7ba5452ff00e5c3337ba0761484
resnet,clean_only,202,bandpass_n20003_cV1_covariance_s20,phase2/results/predictions/full/clean_only/resnet/seed_202/bandpass_n20003_cV1_covariance_s20.npz,76485,649c8b4a640fb8341216b8cff245585e532faeae74ebbb149c9a1b86840225cb
resnet,clean_only,202,bandpass_n20003_cV1_covariance_s15,phase2/results/predictions/full/clean_only/resnet/seed_202/bandpass_n20003_cV1_covariance_s15.npz,76356,bf9b218753ae55d803d6e26b4d9c803fce44893b52aef65edd038ea899d717d0
resnet,clean_only,202,bandpass_n20003_cV1_covariance_s10,phase2/results/predictions/full/clean_only/resnet/seed_202/bandpass_n20003_cV1_covariance_s10.npz,76172,7e96f6839585b5d6c8d5741a4338ed98428f79dd4cdc7151455d8f0e398ae8d8
resnet,clean_only,202,bandpass_n20003_cV1_covariance_s5,phase2/results/predictions/full/clean_only/resnet/seed_202/bandpass_n20003_cV1_covariance_s5.npz,75718,06aea69bfbb4e4f4cef3e7e7cce491f8f3d430a386a1ea57e09669fcab8c6689
resnet,clean_only,202,bandpass_n20003_cV1_covariance_s0,phase2/results/predictions/full/clean_only/resnet/seed_202/bandpass_n20003_cV1_covariance_s0.npz,75412,764c22887a0f914942069b299051efb3923a991633e4581ed9aa10c2009d3fbb
resnet,clean_only,202,bandpass_n20003_cV2_independent_rms_s20,phase2/results/predictions/full/clean_only/resnet/seed_202/bandpass_n20003_cV2_independent_rms_s20.npz,76491,4eebc765689e0923c3e3c7c19206b4cdf2dde57b87e42d65918b29d45e08aa3a
resnet,clean_only,202,bandpass_n20003_cV2_independent_rms_s15,phase2/results/predictions/full/clean_only/resnet/seed_202/bandpass_n20003_cV2_independent_rms_s15.npz,76505,6f7380b080197ca2fe711769192929f78b8fbb4c8d105414c30c8b46f9ca71d0
resnet,clean_only,202,bandpass_n20003_cV2_independent_rms_s10,phase2/results/predictions/full/clean_only/resnet/seed_202/bandpass_n20003_cV2_independent_rms_s10.npz,76377,82e3917b5127aa4ecc6956d4a081235aa42a02d20cc511db97ddb695608f190d
resnet,clean_only,202,bandpass_n20003_cV2_independent_rms_s5,phase2/results/predictions/full/clean_only/resnet/seed_202/bandpass_n20003_cV2_independent_rms_s5.npz,76104,36b3e596a7c7d712c246ed16f6e23282b87513b46283622fe593b7edbf3f7105
resnet,clean_only,202,bandpass_n20003_cV2_independent_rms_s0,phase2/results/predictions/full/clean_only/resnet/seed_202/bandpass_n20003_cV2_independent_rms_s0.npz,75619,2eaee6e56200d8e56cefa6e125024addf0e5b06837d994af9eacecc6468c0c45
resnet,clean_only,202,bandpass_n20003_cV2_electrode_s20,phase2/results/predictions/full/clean_only/resnet/seed_202/bandpass_n20003_cV2_electrode_s20.npz,76522,c7ae1e6b6353dedab9bf60bbfb8158b394eebc2a3f9458ed5a904932f23e9ae6
resnet,clean_only,202,bandpass_n20003_cV2_electrode_s15,phase2/results/predictions/full/clean_only/resnet/seed_202/bandpass_n20003_cV2_electrode_s15.npz,76446,6f26465f2fc891ef1b5d09f86fbb151da1459213ddab41ae5a5ca181375e0cda
resnet,clean_only,202,bandpass_n20003_cV2_electrode_s10,phase2/results/predictions/full/clean_only/resnet/seed_202/bandpass_n20003_cV2_electrode_s10.npz,76328,58d9058a11735cbab5e5285f48e16b62f937f3692dee08a25915c98296cb3477
resnet,clean_only,202,bandpass_n20003_cV2_electrode_s5,phase2/results/predictions/full/clean_only/resnet/seed_202/bandpass_n20003_cV2_electrode_s5.npz,76073,95d8759e983ac0392a8fba0841c264c83c185e327e270378c9f24400fdc74f80
resnet,clean_only,202,bandpass_n20003_cV2_electrode_s0,phase2/results/predictions/full/clean_only/resnet/seed_202/bandpass_n20003_cV2_electrode_s0.npz,75601,1d4a676d76d18ab8e17851181a0e63c4d17676a65bc4aef12719819e264470a3
resnet,clean_only,202,bandpass_n20003_cV2_covariance_s20,phase2/results/predictions/full/clean_only/resnet/seed_202/bandpass_n20003_cV2_covariance_s20.npz,76520,dfd56d02643adbe1e6505ff5b8695fef1422403d02b15f1178ff4463e8bb71e2
resnet,clean_only,202,bandpass_n20003_cV2_covariance_s15,phase2/results/predictions/full/clean_only/resnet/seed_202/bandpass_n20003_cV2_covariance_s15.npz,76441,d4857ca825a961d663810397b3267f5bb2c43befe4a1e9a4415ca59d85dcb2c8
resnet,clean_only,202,bandpass_n20003_cV2_covariance_s10,phase2/results/predictions/full/clean_only/resnet/seed_202/bandpass_n20003_cV2_covariance_s10.npz,76325,c7872d3ffbc476e9960b8b8b2a6ba46158511c5f677ab3f3e143973eaec12c59
resnet,clean_only,202,bandpass_n20003_cV2_covariance_s5,phase2/results/predictions/full/clean_only/resnet/seed_202/bandpass_n20003_cV2_covariance_s5.npz,76071,082642ed50315c8a1d2c3847a7469732641d01d8dc65d0cb0160448c06c64bbf
resnet,clean_only,202,bandpass_n20003_cV2_covariance_s0,phase2/results/predictions/full/clean_only/resnet/seed_202/bandpass_n20003_cV2_covariance_s0.npz,75576,20e89a785b06b7459e81f093aad7bedbdd5d0b8a3af4814ca656f1378570ffa0
resnet,clean_only,202,bandpass_n20003_cV3_independent_rms_s20,phase2/results/predictions/full/clean_only/resnet/seed_202/bandpass_n20003_cV3_independent_rms_s20.npz,76511,fc1ed09563794b5e7f21faee3e3c88a54f547d938ad5891704926c9776e239d6
resnet,clean_only,202,bandpass_n20003_cV3_independent_rms_s15,phase2/results/predictions/full/clean_only/resnet/seed_202/bandpass_n20003_cV3_independent_rms_s15.npz,76487,4b4cef39ce97bd37a80b0a85a0d5e090b59bc1f0d2a87a46e3e38fd4680ef949
resnet,clean_only,202,bandpass_n20003_cV3_independent_rms_s10,phase2/results/predictions/full/clean_only/resnet/seed_202/bandpass_n20003_cV3_independent_rms_s10.npz,76343,3789e692fbf1b3039a4a2667d6c7fb1da0e271cbba9f6553cbd087615b0d0433
resnet,clean_only,202,bandpass_n20003_cV3_independent_rms_s5,phase2/results/predictions/full/clean_only/resnet/seed_202/bandpass_n20003_cV3_independent_rms_s5.npz,76164,280cf57b28650e0f1265196fc0376f40664ecc6baf3f3d68392bec41d7d5895d
resnet,clean_only,202,bandpass_n20003_cV3_independent_rms_s0,phase2/results/predictions/full/clean_only/resnet/seed_202/bandpass_n20003_cV3_independent_rms_s0.npz,75801,95ec42a19a996f93a4aee33f0dc5277850eeedfa720115fed2133a13a8299162
resnet,clean_only,202,bandpass_n20003_cV3_electrode_s20,phase2/results/predictions/full/clean_only/resnet/seed_202/bandpass_n20003_cV3_electrode_s20.npz,76503,f4db5ea02fffb82d9fef32f6bd88e9ee07d4ef15e630b428b1c735f80857c3ff
resnet,clean_only,202,bandpass_n20003_cV3_electrode_s15,phase2/results/predictions/full/clean_only/resnet/seed_202/bandpass_n20003_cV3_electrode_s15.npz,76487,3949a02693c307971c6d784bf52c5ff051723bfed2de6e23d0be9418834b9df4
resnet,clean_only,202,bandpass_n20003_cV3_electrode_s10,phase2/results/predictions/full/clean_only/resnet/seed_202/bandpass_n20003_cV3_electrode_s10.npz,76395,ea93ab364f856b3a2040af8fd1b46d7a680fb859c016ecb879554f5ceed833bf
resnet,clean_only,202,bandpass_n20003_cV3_electrode_s5,phase2/results/predictions/full/clean_only/resnet/seed_202/bandpass_n20003_cV3_electrode_s5.npz,76138,b78ad78281b8c6544704f08b99266f70bb5877adbb34c8db8e4c212fcb2a9529
resnet,clean_only,202,bandpass_n20003_cV3_electrode_s0,phase2/results/predictions/full/clean_only/resnet/seed_202/bandpass_n20003_cV3_electrode_s0.npz,75748,c95de19d44f4fba2bf7ef6299e147a7078d69006f62621cf47ba465c2848e686
resnet,clean_only,202,bandpass_n20003_cV3_covariance_s20,phase2/results/predictions/full/clean_only/resnet/seed_202/bandpass_n20003_cV3_covariance_s20.npz,76512,c7da8e4ca6137b232ea91fe1749f5995928b2aa2d4df144991e20f483e07e5ba
resnet,clean_only,202,bandpass_n20003_cV3_covariance_s15,phase2/results/predictions/full/clean_only/resnet/seed_202/bandpass_n20003_cV3_covariance_s15.npz,76488,c4948d3906beb3adb1ec9f3385c3a1dd419326b60778b5d37236bbeafc87945f
resnet,clean_only,202,bandpass_n20003_cV3_covariance_s10,phase2/results/predictions/full/clean_only/resnet/seed_202/bandpass_n20003_cV3_covariance_s10.npz,76372,c17d7963cc94c26c53ba831f73124c8497ad9d891528438406f39630728e65f6
resnet,clean_only,202,bandpass_n20003_cV3_covariance_s5,phase2/results/predictions/full/clean_only/resnet/seed_202/bandpass_n20003_cV3_covariance_s5.npz,76160,d21de60f6ee2b70c18f421e95eae8dcd5828b79c54c0a4301e09b309aa406ee3
resnet,clean_only,202,bandpass_n20003_cV3_covariance_s0,phase2/results/predictions/full/clean_only/resnet/seed_202/bandpass_n20003_cV3_covariance_s0.npz,75752,a84db9f790b8b2cc26bdd1595a666831c87ffe9dbe33a2165ef0a0ec4c44444d
resnet,clean_only,202,bandpass_n20003_cV4_independent_rms_s20,phase2/results/predictions/full/clean_only/resnet/seed_202/bandpass_n20003_cV4_independent_rms_s20.npz,76500,fe5d9e02c7eb2de5eff21a678e804661f8e82799e7d2740dc0809d77e0511afa
resnet,clean_only,202,bandpass_n20003_cV4_independent_rms_s15,phase2/results/predictions/full/clean_only/resnet/seed_202/bandpass_n20003_cV4_independent_rms_s15.npz,76420,2e63786d1fc5114aa6a30ccec4a75070b541c0ebf3e5a1fade251ebd9416d756
resnet,clean_only,202,bandpass_n20003_cV4_independent_rms_s10,phase2/results/predictions/full/clean_only/resnet/seed_202/bandpass_n20003_cV4_independent_rms_s10.npz,76339,71f0283d690a9ee236036f224a802225133cdcb3d885fdcf8488c49ccd0f3cbf
resnet,clean_only,202,bandpass_n20003_cV4_independent_rms_s5,phase2/results/predictions/full/clean_only/resnet/seed_202/bandpass_n20003_cV4_independent_rms_s5.npz,76050,01972e761f984e872835606da809fa24a2bd49acf6925312e3ea4fe0a56357ec
resnet,clean_only,202,bandpass_n20003_cV4_independent_rms_s0,phase2/results/predictions/full/clean_only/resnet/seed_202/bandpass_n20003_cV4_independent_rms_s0.npz,75398,70ed209a97773a63893cd9ab591af6d696a17094e0d54e2cc659e8ed4d3bd115
resnet,clean_only,202,bandpass_n20003_cV4_electrode_s20,phase2/results/predictions/full/clean_only/resnet/seed_202/bandpass_n20003_cV4_electrode_s20.npz,76526,e45dceb4c56caab628edd389969f265b4a402b3f1f12463262ef1f06d2f45c3b
resnet,clean_only,202,bandpass_n20003_cV4_electrode_s15,phase2/results/predictions/full/clean_only/resnet/seed_202/bandpass_n20003_cV4_electrode_s15.npz,76427,4002af5404ace9c145e425af21903f465e286e62d3e8671cce8df85e9492d133
resnet,clean_only,202,bandpass_n20003_cV4_electrode_s10,phase2/results/predictions/full/clean_only/resnet/seed_202/bandpass_n20003_cV4_electrode_s10.npz,76304,342cbb2815f92598922fbf8cbfd4ef179d0b2aff578b1d81e7c5b49279c9f0c3
resnet,clean_only,202,bandpass_n20003_cV4_electrode_s5,phase2/results/predictions/full/clean_only/resnet/seed_202/bandpass_n20003_cV4_electrode_s5.npz,76063,e84829c917fd1136230f4a5e34b5fde2ad74163429c803750180a765a8053f5f
resnet,clean_only,202,bandpass_n20003_cV4_electrode_s0,phase2/results/predictions/full/clean_only/resnet/seed_202/bandpass_n20003_cV4_electrode_s0.npz,75389,2a4fc5c3d847e4edeffc2aaa4d6e4302d778be1521eeccb2008269b2b420875d
resnet,clean_only,202,bandpass_n20003_cV4_covariance_s20,phase2/results/predictions/full/clean_only/resnet/seed_202/bandpass_n20003_cV4_covariance_s20.npz,76519,50eb199d3ac9adf58322b439ade8b558a3ad994fee8d889d9b250089e1d27cb8
resnet,clean_only,202,bandpass_n20003_cV4_covariance_s15,phase2/results/predictions/full/clean_only/resnet/seed_202/bandpass_n20003_cV4_covariance_s15.npz,76463,0aa4d2cc181bc35ba620cddf2f8e59d2b6fcb37765adc3828118ba65a6007c8f
resnet,clean_only,202,bandpass_n20003_cV4_covariance_s10,phase2/results/predictions/full/clean_only/resnet/seed_202/bandpass_n20003_cV4_covariance_s10.npz,76332,4fb4dad27d6c4fdf6682180019b56a31cc398226af1dee11023fe932e1aeb639
resnet,clean_only,202,bandpass_n20003_cV4_covariance_s5,phase2/results/predictions/full/clean_only/resnet/seed_202/bandpass_n20003_cV4_covariance_s5.npz,76039,497431f884be3fa22764e321d3b04004771cf47d2f32a682991af5a041165045
resnet,clean_only,202,bandpass_n20003_cV4_covariance_s0,phase2/results/predictions/full/clean_only/resnet/seed_202/bandpass_n20003_cV4_covariance_s0.npz,75383,6e21165d34003bdb47abc56cfa2840d26cfc627aa31d05b28db7fdf46b29cc29
resnet,clean_only,202,bandpass_n20003_cV5_independent_rms_s20,phase2/results/predictions/full/clean_only/resnet/seed_202/bandpass_n20003_cV5_independent_rms_s20.npz,76485,7cd4b7b23aa0541e9a96f1e0b913c46a8dc4bf4c93a6c555862c16501775d93a
resnet,clean_only,202,bandpass_n20003_cV5_independent_rms_s15,phase2/results/predictions/full/clean_only/resnet/seed_202/bandpass_n20003_cV5_independent_rms_s15.npz,76389,33067ab8573ee0bf097322ca5046b2656cc6f81901ef183301eb1e7d65df9c59
resnet,clean_only,202,bandpass_n20003_cV5_independent_rms_s10,phase2/results/predictions/full/clean_only/resnet/seed_202/bandpass_n20003_cV5_independent_rms_s10.npz,76241,7e452810eda90c3af225e2d43acd66ccc5c34c30d80d21fabfe451240816e8e9
resnet,clean_only,202,bandpass_n20003_cV5_independent_rms_s5,phase2/results/predictions/full/clean_only/resnet/seed_202/bandpass_n20003_cV5_independent_rms_s5.npz,75910,e1ba09f113084571b6cef2aae35f9e037a687269bfb8020e37c440deac54c144
resnet,clean_only,202,bandpass_n20003_cV5_independent_rms_s0,phase2/results/predictions/full/clean_only/resnet/seed_202/bandpass_n20003_cV5_independent_rms_s0.npz,75377,b989909857ecec69ec453c088af77279e600d99a971589c9854be0c0c78940d6
resnet,clean_only,202,bandpass_n20003_cV5_electrode_s20,phase2/results/predictions/full/clean_only/resnet/seed_202/bandpass_n20003_cV5_electrode_s20.npz,76448,90b972da1358662cfd79409819115872c64a8262f5b9a3c3ea2057313383d698
resnet,clean_only,202,bandpass_n20003_cV5_electrode_s15,phase2/results/predictions/full/clean_only/resnet/seed_202/bandpass_n20003_cV5_electrode_s15.npz,76386,39b82eb3ab3a10741be77b0256ef76f0c2bf3a55f1df465eadaed923e0380702
resnet,clean_only,202,bandpass_n20003_cV5_electrode_s10,phase2/results/predictions/full/clean_only/resnet/seed_202/bandpass_n20003_cV5_electrode_s10.npz,76221,c5d9e790173222ffd80bd36d7eeb65202034baa80b11fb0212f68301f8921393
resnet,clean_only,202,bandpass_n20003_cV5_electrode_s5,phase2/results/predictions/full/clean_only/resnet/seed_202/bandpass_n20003_cV5_electrode_s5.npz,75881,e713927c83545ded1492992b16e861012963823065f161174597381a54683a44
resnet,clean_only,202,bandpass_n20003_cV5_electrode_s0,phase2/results/predictions/full/clean_only/resnet/seed_202/bandpass_n20003_cV5_electrode_s0.npz,75357,45edd66155ffb64811da14c574f1c5a4b0f20329ee4e6049a7b5b7d6bd4179ae
resnet,clean_only,202,bandpass_n20003_cV5_covariance_s20,phase2/results/predictions/full/clean_only/resnet/seed_202/bandpass_n20003_cV5_covariance_s20.npz,76477,8ec88c5a8b4b00b9af3815819ef4a5bbc5440f7af7681234d4bece835e126fa6
resnet,clean_only,202,bandpass_n20003_cV5_covariance_s15,phase2/results/predictions/full/clean_only/resnet/seed_202/bandpass_n20003_cV5_covariance_s15.npz,76400,318bd14a669821feb84a17c2c768bb7deb80dfdf1724541747070424d88d48e1
resnet,clean_only,202,bandpass_n20003_cV5_covariance_s10,phase2/results/predictions/full/clean_only/resnet/seed_202/bandpass_n20003_cV5_covariance_s10.npz,76206,ed6659fcfdf65d6fabfb28814d8841fceac79ba13d1981c400f8845dd9f5d570
resnet,clean_only,202,bandpass_n20003_cV5_covariance_s5,phase2/results/predictions/full/clean_only/resnet/seed_202/bandpass_n20003_cV5_covariance_s5.npz,75886,ffc63bb5c6ddcb594dcc0aeb6df333bbf053cbe74b9193b9d22fadc38987e191
resnet,clean_only,202,bandpass_n20003_cV5_covariance_s0,phase2/results/predictions/full/clean_only/resnet/seed_202/bandpass_n20003_cV5_covariance_s0.npz,75340,368ad02993ba15280607bbb7feb3da18d00269fec21b5553b0c3a270d3f33847
resnet,clean_only,202,bandpass_n20003_cV6_independent_rms_s20,phase2/results/predictions/full/clean_only/resnet/seed_202/bandpass_n20003_cV6_independent_rms_s20.npz,76537,b7b15f43e53e3df990541dd32612a89933cba9f12d243a83335a1653dc1e2e99
resnet,clean_only,202,bandpass_n20003_cV6_independent_rms_s15,phase2/results/predictions/full/clean_only/resnet/seed_202/bandpass_n20003_cV6_independent_rms_s15.npz,76485,2050a97e49f1521ca36a7004d545c035c786edb7d40a83421adfd41c46420739
resnet,clean_only,202,bandpass_n20003_cV6_independent_rms_s10,phase2/results/predictions/full/clean_only/resnet/seed_202/bandpass_n20003_cV6_independent_rms_s10.npz,76315,10390978772995ed4a69d57c30d86261a5aba060ffa138ed8c78510a5f149141
resnet,clean_only,202,bandpass_n20003_cV6_independent_rms_s5,phase2/results/predictions/full/clean_only/resnet/seed_202/bandpass_n20003_cV6_independent_rms_s5.npz,76047,eada840a70c9b4edae2df903f42e01d24ffbfc18b04280949a41c416df345397
resnet,clean_only,202,bandpass_n20003_cV6_independent_rms_s0,phase2/results/predictions/full/clean_only/resnet/seed_202/bandpass_n20003_cV6_independent_rms_s0.npz,75403,45b84f5b85521d0f8228f6e28f8867e1594f39d7426d1039488dcd04540d21ca
resnet,clean_only,202,bandpass_n20003_cV6_electrode_s20,phase2/results/predictions/full/clean_only/resnet/seed_202/bandpass_n20003_cV6_electrode_s20.npz,76497,e3d71cf2b1450e46afbbce6eeed2150e9b1585c934dca91a19e2b280eaeca312
resnet,clean_only,202,bandpass_n20003_cV6_electrode_s15,phase2/results/predictions/full/clean_only/resnet/seed_202/bandpass_n20003_cV6_electrode_s15.npz,76471,52ac94e07148526d2709ce223f1fcfb25e750f4df0fdf0bb8dc819d0a30caf28
resnet,clean_only,202,bandpass_n20003_cV6_electrode_s10,phase2/results/predictions/full/clean_only/resnet/seed_202/bandpass_n20003_cV6_electrode_s10.npz,76302,2e94fb2b42b37ddc8ebea3cd98a568dc7de4a612eec548a39ef74cdd1c22b939
resnet,clean_only,202,bandpass_n20003_cV6_electrode_s5,phase2/results/predictions/full/clean_only/resnet/seed_202/bandpass_n20003_cV6_electrode_s5.npz,75990,e40f611848679f4bca7d38e1832b8fb68db456453eb7e55a39f10e510b2d40ef
resnet,clean_only,202,bandpass_n20003_cV6_electrode_s0,phase2/results/predictions/full/clean_only/resnet/seed_202/bandpass_n20003_cV6_electrode_s0.npz,75331,525893f475c7f56466c70780e3defcdcb29dc283cdde1a36da3fe06562023d0e
resnet,clean_only,202,bandpass_n20003_cV6_covariance_s20,phase2/results/predictions/full/clean_only/resnet/seed_202/bandpass_n20003_cV6_covariance_s20.npz,76489,7b207fec552b0a8f6d5e03166305fc30e97a5d3e0f72d73e0b6420a1b41da36c
resnet,clean_only,202,bandpass_n20003_cV6_covariance_s15,phase2/results/predictions/full/clean_only/resnet/seed_202/bandpass_n20003_cV6_covariance_s15.npz,76442,e320f7e9e50fc3fae25f83de76bb11f187d806665f8dda6176c3c73f12251e67
resnet,clean_only,202,bandpass_n20003_cV6_covariance_s10,phase2/results/predictions/full/clean_only/resnet/seed_202/bandpass_n20003_cV6_covariance_s10.npz,76294,5cdbab4f8de8f8efb59238edaa7182945c09368098bdde0e66adf07c7deb7f52
resnet,clean_only,202,bandpass_n20003_cV6_covariance_s5,phase2/results/predictions/full/clean_only/resnet/seed_202/bandpass_n20003_cV6_covariance_s5.npz,76042,1e35f2d4e21c4d49263f4d7a27b52042607eeda9b5870a47f06f98c036a2aeba
resnet,clean_only,202,bandpass_n20003_cV6_covariance_s0,phase2/results/predictions/full/clean_only/resnet/seed_202/bandpass_n20003_cV6_covariance_s0.npz,75351,e543e44c6eef31c2851d0a9a0b19ecee8ef15a41c010d80e7c5ab733cef36878
resnet,clean_only,202,bandpass_n20003_cRA_LA_independent_rms_s20,phase2/results/predictions/full/clean_only/resnet/seed_202/bandpass_n20003_cRA_LA_independent_rms_s20.npz,76541,04d2ecd51981fc3fea626eec46bfb6cbd0a06b923c3b2d84032786723c33f601
resnet,clean_only,202,bandpass_n20003_cRA_LA_independent_rms_s15,phase2/results/predictions/full/clean_only/resnet/seed_202/bandpass_n20003_cRA_LA_independent_rms_s15.npz,76440,8640fd65185cb3570fd829673c0e79dfeda1f68df90645f45057260fc920765b
resnet,clean_only,202,bandpass_n20003_cRA_LA_independent_rms_s10,phase2/results/predictions/full/clean_only/resnet/seed_202/bandpass_n20003_cRA_LA_independent_rms_s10.npz,76274,695cac729b89c96bf953ff812db2dfdebfa81977772e1eb4c1d07fe83990e7b6
resnet,clean_only,202,bandpass_n20003_cRA_LA_independent_rms_s5,phase2/results/predictions/full/clean_only/resnet/seed_202/bandpass_n20003_cRA_LA_independent_rms_s5.npz,75924,cab6e8b44968b7b81b07c55ae47f98fd635f13a1690151309f4ea69f27fa8977
resnet,clean_only,202,bandpass_n20003_cRA_LA_independent_rms_s0,phase2/results/predictions/full/clean_only/resnet/seed_202/bandpass_n20003_cRA_LA_independent_rms_s0.npz,75336,a968356a151976d946fbb4784e2e74774f6d96d231f372ca68b6b2fd117ae90c
resnet,clean_only,202,bandpass_n20003_cRA_LA_electrode_s20,phase2/results/predictions/full/clean_only/resnet/seed_202/bandpass_n20003_cRA_LA_electrode_s20.npz,76463,442b4ae470306cf0f1d742deebc1c203df499783a8ddc6890fddc815b741c1e5
resnet,clean_only,202,bandpass_n20003_cRA_LA_electrode_s15,phase2/results/predictions/full/clean_only/resnet/seed_202/bandpass_n20003_cRA_LA_electrode_s15.npz,76396,81c23db3cae98d686988fcaaf78753f8e39db0c72bbee149328533cdeaf3ea0b
resnet,clean_only,202,bandpass_n20003_cRA_LA_electrode_s10,phase2/results/predictions/full/clean_only/resnet/seed_202/bandpass_n20003_cRA_LA_electrode_s10.npz,76187,4b487f606836abbbfacc36f32bb720e6970e9520ca3ea8f009bca498656621de
resnet,clean_only,202,bandpass_n20003_cRA_LA_electrode_s5,phase2/results/predictions/full/clean_only/resnet/seed_202/bandpass_n20003_cRA_LA_electrode_s5.npz,75727,4ec00a69c68b6053f345ca5e2aacd32fd9253a3b61de3b775fd6d5cacfd6b472
resnet,clean_only,202,bandpass_n20003_cRA_LA_electrode_s0,phase2/results/predictions/full/clean_only/resnet/seed_202/bandpass_n20003_cRA_LA_electrode_s0.npz,75324,6c81d52339ba424cac37418a93eb3e503683bfb7d935967a8ca24543ea0b650f
resnet,clean_only,202,bandpass_n20003_cRA_LA_covariance_s20,phase2/results/predictions/full/clean_only/resnet/seed_202/bandpass_n20003_cRA_LA_covariance_s20.npz,76488,1b7385caf45e86fbb590c7549dd2fde2a7dd254afa8d3c1eabe70c17a94291b6
resnet,clean_only,202,bandpass_n20003_cRA_LA_covariance_s15,phase2/results/predictions/full/clean_only/resnet/seed_202/bandpass_n20003_cRA_LA_covariance_s15.npz,76393,c10181d21c76f9b3b15c9752c4f0fe4ab25d0a125f192df2de0d5f3f8bf06bc9
resnet,clean_only,202,bandpass_n20003_cRA_LA_covariance_s10,phase2/results/predictions/full/clean_only/resnet/seed_202/bandpass_n20003_cRA_LA_covariance_s10.npz,76185,d4cc714de0f7368680996fd159fa38da3ce4032d8acb9d0882f8213c4015e3c0
resnet,clean_only,202,bandpass_n20003_cRA_LA_covariance_s5,phase2/results/predictions/full/clean_only/resnet/seed_202/bandpass_n20003_cRA_LA_covariance_s5.npz,75737,c2b252fda6a148af6e56e155eb1f4e90a0f7ff56fd8ad7a9ae33eb0b744b865a
resnet,clean_only,202,bandpass_n20003_cRA_LA_covariance_s0,phase2/results/predictions/full/clean_only/resnet/seed_202/bandpass_n20003_cRA_LA_covariance_s0.npz,75353,5507e7bf86b1f7605eff8e2ce53e353a47cdc7480007ba0b22686295814f88f2
resnet,clean_only,202,bandpass_n20003_cLA_LL_independent_rms_s20,phase2/results/predictions/full/clean_only/resnet/seed_202/bandpass_n20003_cLA_LL_independent_rms_s20.npz,76524,1407aa364621142bac4e467999840698039a102b10b1dcdf5bab7da92882b62b
resnet,clean_only,202,bandpass_n20003_cLA_LL_independent_rms_s15,phase2/results/predictions/full/clean_only/resnet/seed_202/bandpass_n20003_cLA_LL_independent_rms_s15.npz,76430,2c14f635be3b2b27ef42f826a5a1e50965cbc7de5a1e5a918b04269d21ab06ec
resnet,clean_only,202,bandpass_n20003_cLA_LL_independent_rms_s10,phase2/results/predictions/full/clean_only/resnet/seed_202/bandpass_n20003_cLA_LL_independent_rms_s10.npz,76260,86c77c1b5314ac9daf9bf54f9cb49389a288a56fe40ad1b7f92b976a40b0222b
resnet,clean_only,202,bandpass_n20003_cLA_LL_independent_rms_s5,phase2/results/predictions/full/clean_only/resnet/seed_202/bandpass_n20003_cLA_LL_independent_rms_s5.npz,75938,507437b1f5037f42c913ed1d7ddf7bd74e5c07edd48371cbfd5d739a04c1a82f
resnet,clean_only,202,bandpass_n20003_cLA_LL_independent_rms_s0,phase2/results/predictions/full/clean_only/resnet/seed_202/bandpass_n20003_cLA_LL_independent_rms_s0.npz,75322,97dbdf342b9cd880580b3014f74e134a4b1de6d4d2936c8163223e5d865776cc
resnet,clean_only,202,bandpass_n20003_cLA_LL_electrode_s20,phase2/results/predictions/full/clean_only/resnet/seed_202/bandpass_n20003_cLA_LL_electrode_s20.npz,76468,c04949800f6a8f88b0294a94d8319be2deba41e5c90ebdd0cd2b9895f2d81521
resnet,clean_only,202,bandpass_n20003_cLA_LL_electrode_s15,phase2/results/predictions/full/clean_only/resnet/seed_202/bandpass_n20003_cLA_LL_electrode_s15.npz,76354,33397858c287de21f96ed7989d649eea93e63a0ab25a4b38b25d97a439079797
resnet,clean_only,202,bandpass_n20003_cLA_LL_electrode_s10,phase2/results/predictions/full/clean_only/resnet/seed_202/bandpass_n20003_cLA_LL_electrode_s10.npz,76183,3777ee452ce937904a4246375b7efbc453b4dbe508ef1a031399399b3c972c78
resnet,clean_only,202,bandpass_n20003_cLA_LL_electrode_s5,phase2/results/predictions/full/clean_only/resnet/seed_202/bandpass_n20003_cLA_LL_electrode_s5.npz,75731,5e885f301ade7ae0036973793fa5ed77849550090afc275e668792bcd3ec8607
resnet,clean_only,202,bandpass_n20003_cLA_LL_electrode_s0,phase2/results/predictions/full/clean_only/resnet/seed_202/bandpass_n20003_cLA_LL_electrode_s0.npz,75334,f9e820c1deda8b7cdd1db1c0000ba404395f11fc7575e7b884389db3b6dda6ee
resnet,clean_only,202,bandpass_n20003_cLA_LL_covariance_s20,phase2/results/predictions/full/clean_only/resnet/seed_202/bandpass_n20003_cLA_LL_covariance_s20.npz,76475,0430f8e8ad4b507b2d855460b53ed410ad9d372406ea3233921dfd6b641c9a29
resnet,clean_only,202,bandpass_n20003_cLA_LL_covariance_s15,phase2/results/predictions/full/clean_only/resnet/seed_202/bandpass_n20003_cLA_LL_covariance_s15.npz,76390,59f418ba66dd6b421b0a53681abdda8a4fcbb0bd5f744d9562f4d2db348b4c05
resnet,clean_only,202,bandpass_n20003_cLA_LL_covariance_s10,phase2/results/predictions/full/clean_only/resnet/seed_202/bandpass_n20003_cLA_LL_covariance_s10.npz,76156,0bc246ccf7c836cc5f018a7894a8b78181470dbfa5a05524fb372a97e44c6658
resnet,clean_only,202,bandpass_n20003_cLA_LL_covariance_s5,phase2/results/predictions/full/clean_only/resnet/seed_202/bandpass_n20003_cLA_LL_covariance_s5.npz,75716,6ca61d5d79e94404717deab3a3c5250c69beee2e58d6e1c712aa24c4ea110512
resnet,clean_only,202,bandpass_n20003_cLA_LL_covariance_s0,phase2/results/predictions/full/clean_only/resnet/seed_202/bandpass_n20003_cLA_LL_covariance_s0.npz,75331,7dfe88f99d298e271d2f0d9892f4c3524c5f32741b7b89bf5ced29b0e07195a6
resnet,clean_only,202,bandpass_n20003_cRA_LL_independent_rms_s20,phase2/results/predictions/full/clean_only/resnet/seed_202/bandpass_n20003_cRA_LL_independent_rms_s20.npz,76512,d7822575b4845056615326de8b4222ad191f27dac876af3cea17ef09345a022f
resnet,clean_only,202,bandpass_n20003_cRA_LL_independent_rms_s15,phase2/results/predictions/full/clean_only/resnet/seed_202/bandpass_n20003_cRA_LL_independent_rms_s15.npz,76442,94435312af5760c4899a59efff52ce1177f46b570e605468ba48dbf587ff4761
resnet,clean_only,202,bandpass_n20003_cRA_LL_independent_rms_s10,phase2/results/predictions/full/clean_only/resnet/seed_202/bandpass_n20003_cRA_LL_independent_rms_s10.npz,76267,43be4000ded79da1b4c28c6b24d3050e08dc1f5075047180ed54195e941709f4
resnet,clean_only,202,bandpass_n20003_cRA_LL_independent_rms_s5,phase2/results/predictions/full/clean_only/resnet/seed_202/bandpass_n20003_cRA_LL_independent_rms_s5.npz,75969,ae7169ee09fb15ccebb0d698793cdc26675e37086c92ca11d60c84b5dd29dd35
resnet,clean_only,202,bandpass_n20003_cRA_LL_independent_rms_s0,phase2/results/predictions/full/clean_only/resnet/seed_202/bandpass_n20003_cRA_LL_independent_rms_s0.npz,75315,2532a5dd14ca44111edcecfbdea77ff3e60daafff85699ea58eb24b222ec9df5
resnet,clean_only,202,bandpass_n20003_cRA_LL_electrode_s20,phase2/results/predictions/full/clean_only/resnet/seed_202/bandpass_n20003_cRA_LL_electrode_s20.npz,76441,0794d2a3f814647a992251a4a43d0c6445758d72b0d755871af186492783bd66
resnet,clean_only,202,bandpass_n20003_cRA_LL_electrode_s15,phase2/results/predictions/full/clean_only/resnet/seed_202/bandpass_n20003_cRA_LL_electrode_s15.npz,76400,d02c1dd3bf2be4ee4fa5472d805aa3ea63c4c33579c10f5ec75e72dc10bad910
resnet,clean_only,202,bandpass_n20003_cRA_LL_electrode_s10,phase2/results/predictions/full/clean_only/resnet/seed_202/bandpass_n20003_cRA_LL_electrode_s10.npz,76191,b8c7953b2f319097781fa5f135c686d9c9d1890370b200d89cd2979b0387e01f
resnet,clean_only,202,bandpass_n20003_cRA_LL_electrode_s5,phase2/results/predictions/full/clean_only/resnet/seed_202/bandpass_n20003_cRA_LL_electrode_s5.npz,75825,04798e51c3ab6bae45a33cb9f8f73dc92f19dc1bfcd5f6e9999e7673f2996091
resnet,clean_only,202,bandpass_n20003_cRA_LL_electrode_s0,phase2/results/predictions/full/clean_only/resnet/seed_202/bandpass_n20003_cRA_LL_electrode_s0.npz,75313,423e2e2fb2da71eff1be93a6aa9e928cd627747c8b88caff4d7e6c9270056d64
resnet,clean_only,202,bandpass_n20003_cRA_LL_covariance_s20,phase2/results/predictions/full/clean_only/resnet/seed_202/bandpass_n20003_cRA_LL_covariance_s20.npz,76491,50f3f1ff5934a8b843c8e57d0b95c5b76f9f0b9d783655915e2417e354a4d155
resnet,clean_only,202,bandpass_n20003_cRA_LL_covariance_s15,phase2/results/predictions/full/clean_only/resnet/seed_202/bandpass_n20003_cRA_LL_covariance_s15.npz,76391,688359e4c59308efa18e7c9b925bd7456c788615049c43c2dfc60777b3adfcb2
resnet,clean_only,202,bandpass_n20003_cRA_LL_covariance_s10,phase2/results/predictions/full/clean_only/resnet/seed_202/bandpass_n20003_cRA_LL_covariance_s10.npz,76210,6a62c8f6ad67d9315233f65fb3d8cd2cfa01d37a873862d10475bb9eaf8cd785
resnet,clean_only,202,bandpass_n20003_cRA_LL_covariance_s5,phase2/results/predictions/full/clean_only/resnet/seed_202/bandpass_n20003_cRA_LL_covariance_s5.npz,75798,1787cfe7b37c26313fa8623309690255b78863fcdacd08c03359add467e68865
resnet,clean_only,202,bandpass_n20003_cRA_LL_covariance_s0,phase2/results/predictions/full/clean_only/resnet/seed_202/bandpass_n20003_cRA_LL_covariance_s0.npz,75314,02cc7e025b4649b54f011eb5fd3aebc82154a1f3c356ebcbc9f4f69c55df88c6
resnet,clean_only,202,bandpass_n20003_cRA_independent_rms_s20,phase2/results/predictions/full/clean_only/resnet/seed_202/bandpass_n20003_cRA_independent_rms_s20.npz,76487,d3c189afcbc0cb9b3c2efaaafcc6a47985ba607678028ac699122fa8b2264f45
resnet,clean_only,202,bandpass_n20003_cRA_independent_rms_s15,phase2/results/predictions/full/clean_only/resnet/seed_202/bandpass_n20003_cRA_independent_rms_s15.npz,76405,22e74d12a167a30629be8152fa074bfa7a2748ebb96313c97407d7e64e8da06e
resnet,clean_only,202,bandpass_n20003_cRA_independent_rms_s10,phase2/results/predictions/full/clean_only/resnet/seed_202/bandpass_n20003_cRA_independent_rms_s10.npz,76263,8734d56df82e83975c8704ec4a16c3db06029ceb13e911caf38f0cf1e7fff5ea
resnet,clean_only,202,bandpass_n20003_cRA_independent_rms_s5,phase2/results/predictions/full/clean_only/resnet/seed_202/bandpass_n20003_cRA_independent_rms_s5.npz,75904,77719a4a553498defc88225af1564b7349ad4c8fe5cb76f5800931e718f3e71b
resnet,clean_only,202,bandpass_n20003_cRA_independent_rms_s0,phase2/results/predictions/full/clean_only/resnet/seed_202/bandpass_n20003_cRA_independent_rms_s0.npz,75269,bfe21a1daf5962b8655e14c166a998733f0623dc12f98b2b9df046e2ca93763c
resnet,clean_only,202,bandpass_n20003_cRA_electrode_s20,phase2/results/predictions/full/clean_only/resnet/seed_202/bandpass_n20003_cRA_electrode_s20.npz,76525,756c923c9520b6a546af03f7a7e4da5ffdb472c4d69d40a15352f5b7a7c8201a
resnet,clean_only,202,bandpass_n20003_cRA_electrode_s15,phase2/results/predictions/full/clean_only/resnet/seed_202/bandpass_n20003_cRA_electrode_s15.npz,76410,df9f67cedf04231ea35e247c193d1122ed401f6b1bc798617d55d4ef04f11531
resnet,clean_only,202,bandpass_n20003_cRA_electrode_s10,phase2/results/predictions/full/clean_only/resnet/seed_202/bandpass_n20003_cRA_electrode_s10.npz,76266,029f0b8edc85dfc22a22af3955e139c8fe60319ae5a4e6c4a10f1b24aa4f5314
resnet,clean_only,202,bandpass_n20003_cRA_electrode_s5,phase2/results/predictions/full/clean_only/resnet/seed_202/bandpass_n20003_cRA_electrode_s5.npz,75859,5d4ed7b7e3d2e86d9d124758a580e7dfc3e3f5abdfc82f5e4c3c3330c787214d
resnet,clean_only,202,bandpass_n20003_cRA_electrode_s0,phase2/results/predictions/full/clean_only/resnet/seed_202/bandpass_n20003_cRA_electrode_s0.npz,75356,3f9c71e513bad82bd27e6da371d2ff107861a0a7a2925f4ef039c1ac919d49dc
resnet,clean_only,202,bandpass_n20003_cRA_covariance_s20,phase2/results/predictions/full/clean_only/resnet/seed_202/bandpass_n20003_cRA_covariance_s20.npz,76488,0620e9d04f3b8206acda455720f79a2dca3938f5288d80aa5a2e36008829a848
resnet,clean_only,202,bandpass_n20003_cRA_covariance_s15,phase2/results/predictions/full/clean_only/resnet/seed_202/bandpass_n20003_cRA_covariance_s15.npz,76409,ad68e9e97b90565fb5b33a999a030a22e2c1549aabfeea5f2fa354e4ffa3f22f
resnet,clean_only,202,bandpass_n20003_cRA_covariance_s10,phase2/results/predictions/full/clean_only/resnet/seed_202/bandpass_n20003_cRA_covariance_s10.npz,76230,1224d2301e3750660765b957b196b3069f67777cc92c85a90c28888b7f41b673
resnet,clean_only,202,bandpass_n20003_cRA_covariance_s5,phase2/results/predictions/full/clean_only/resnet/seed_202/bandpass_n20003_cRA_covariance_s5.npz,75836,467b153db1c980a7e07a6d3122a33b5d74ace1c2ce4fe3d58b04300e9b2fd88c
resnet,clean_only,202,bandpass_n20003_cRA_covariance_s0,phase2/results/predictions/full/clean_only/resnet/seed_202/bandpass_n20003_cRA_covariance_s0.npz,75382,12f231feb2abea106799ab12880cb651a326b69f26bd93be9ef9c9c4c222f216
resnet,clean_only,202,bandpass_n20003_cLA_independent_rms_s20,phase2/results/predictions/full/clean_only/resnet/seed_202/bandpass_n20003_cLA_independent_rms_s20.npz,76503,2acf19aaf90e3f5294846ce62e11051e46e6b393a9ee5b7fec0bb998a7e0760e
resnet,clean_only,202,bandpass_n20003_cLA_independent_rms_s15,phase2/results/predictions/full/clean_only/resnet/seed_202/bandpass_n20003_cLA_independent_rms_s15.npz,76412,fb22116d67ca95ab86b7ee2e69efb2c921e70d7065e283a9f0139e21e7157b74
resnet,clean_only,202,bandpass_n20003_cLA_independent_rms_s10,phase2/results/predictions/full/clean_only/resnet/seed_202/bandpass_n20003_cLA_independent_rms_s10.npz,76276,72dd87aa083a46d45989ee66d9920f4dee211b38cdeaf4757ed3b920fb11f0cb
resnet,clean_only,202,bandpass_n20003_cLA_independent_rms_s5,phase2/results/predictions/full/clean_only/resnet/seed_202/bandpass_n20003_cLA_independent_rms_s5.npz,75902,9c92d585ad54880273bf90c34811fc431a7445d1ffbadbab79b1bc417d2e7224
resnet,clean_only,202,bandpass_n20003_cLA_independent_rms_s0,phase2/results/predictions/full/clean_only/resnet/seed_202/bandpass_n20003_cLA_independent_rms_s0.npz,75332,2abbdab2ef6372a729ab64f248afa106a2fe34e48ac55b8fd0cd85d3ae185d86
resnet,clean_only,202,bandpass_n20003_cLA_electrode_s20,phase2/results/predictions/full/clean_only/resnet/seed_202/bandpass_n20003_cLA_electrode_s20.npz,76468,6891104ce34d9195aed2d6b6c931a7646944897c40ba86c4ea27d05ce7156a78
resnet,clean_only,202,bandpass_n20003_cLA_electrode_s15,phase2/results/predictions/full/clean_only/resnet/seed_202/bandpass_n20003_cLA_electrode_s15.npz,76374,01d697dedefd9b0c1100e35e079baecb5a80d40308481d5075ddcc1eb89c62cb
resnet,clean_only,202,bandpass_n20003_cLA_electrode_s10,phase2/results/predictions/full/clean_only/resnet/seed_202/bandpass_n20003_cLA_electrode_s10.npz,76143,890d8580a5142372e36f8a67b4a757f77d2486accf079a99813ff13aff0ba7f9
resnet,clean_only,202,bandpass_n20003_cLA_electrode_s5,phase2/results/predictions/full/clean_only/resnet/seed_202/bandpass_n20003_cLA_electrode_s5.npz,75670,4a1d2028204ecd8d37b8fd1db2a010af5b6200c6890ec1e1a02cac536a73bfd7
resnet,clean_only,202,bandpass_n20003_cLA_electrode_s0,phase2/results/predictions/full/clean_only/resnet/seed_202/bandpass_n20003_cLA_electrode_s0.npz,75301,94eb3b01bf348ebecc7fe450b3f4ef2f6e76b28bda7e66c03d7e6358ec247c29
resnet,clean_only,202,bandpass_n20003_cLA_covariance_s20,phase2/results/predictions/full/clean_only/resnet/seed_202/bandpass_n20003_cLA_covariance_s20.npz,76501,0c1ef1d8999059b4d23cd9e8b51e0c77113ad89ec2ad30b6c56b69a7da0de3c9
resnet,clean_only,202,bandpass_n20003_cLA_covariance_s15,phase2/results/predictions/full/clean_only/resnet/seed_202/bandpass_n20003_cLA_covariance_s15.npz,76362,51e44de8ce45d1c373191b243d26797c7f5bc7d04835305302efad5b6f782bcd
resnet,clean_only,202,bandpass_n20003_cLA_covariance_s10,phase2/results/predictions/full/clean_only/resnet/seed_202/bandpass_n20003_cLA_covariance_s10.npz,76147,74d319f4e292cc608f2a131f8996cad4fb116f73bebf338643868f80dc05e6da
resnet,clean_only,202,bandpass_n20003_cLA_covariance_s5,phase2/results/predictions/full/clean_only/resnet/seed_202/bandpass_n20003_cLA_covariance_s5.npz,75690,f672d010bda8eba44bf6f8d734227309560f696db091f610248a7e4c2bddd842
resnet,clean_only,202,bandpass_n20003_cLA_covariance_s0,phase2/results/predictions/full/clean_only/resnet/seed_202/bandpass_n20003_cLA_covariance_s0.npz,75320,7c67e24ca22f0d8914e0352f5d516e2505cf8940242f0fab4eb789d49967e459
resnet,clean_only,202,bandpass_n20003_cLL_independent_rms_s20,phase2/results/predictions/full/clean_only/resnet/seed_202/bandpass_n20003_cLL_independent_rms_s20.npz,76522,d601327700b750acc752bd814452e59b14d8a31d5eaeb577e4ab24b7518a0161
resnet,clean_only,202,bandpass_n20003_cLL_independent_rms_s15,phase2/results/predictions/full/clean_only/resnet/seed_202/bandpass_n20003_cLL_independent_rms_s15.npz,76405,48f6c12a3edcdb0095f4c940f3cd1caf8f6632bba4b9f9061981b9828995eae8
resnet,clean_only,202,bandpass_n20003_cLL_independent_rms_s10,phase2/results/predictions/full/clean_only/resnet/seed_202/bandpass_n20003_cLL_independent_rms_s10.npz,76284,7f3545a86ba9ad33f45ef4e0bda18b9c8ea9baeb4b5f9284fd3bbf03d89ee7e5
resnet,clean_only,202,bandpass_n20003_cLL_independent_rms_s5,phase2/results/predictions/full/clean_only/resnet/seed_202/bandpass_n20003_cLL_independent_rms_s5.npz,75939,597d1e8be5afd4f889ffccb998042970b70260a0fffed900c03ae23bb642bd45
resnet,clean_only,202,bandpass_n20003_cLL_independent_rms_s0,phase2/results/predictions/full/clean_only/resnet/seed_202/bandpass_n20003_cLL_independent_rms_s0.npz,75324,9e4154640dc78e35891daf77bd0b8c57eede4e5315f5aa914bab7ad9f47ac69d
resnet,clean_only,202,bandpass_n20003_cLL_electrode_s20,phase2/results/predictions/full/clean_only/resnet/seed_202/bandpass_n20003_cLL_electrode_s20.npz,76489,e7cd0e958e92c5e27492b64b25640c8ec1713a24868bf632a1d0fac45584fe25
resnet,clean_only,202,bandpass_n20003_cLL_electrode_s15,phase2/results/predictions/full/clean_only/resnet/seed_202/bandpass_n20003_cLL_electrode_s15.npz,76406,da8b02518b4bffe49f4c89e6abc0921f404166ad9e80bd06e03e1fcd75c4d7a7
resnet,clean_only,202,bandpass_n20003_cLL_electrode_s10,phase2/results/predictions/full/clean_only/resnet/seed_202/bandpass_n20003_cLL_electrode_s10.npz,76221,71eadf453b76b791a28f153774ad7c38cb3b47d08a37dda5b29009bccd78f8e3
resnet,clean_only,202,bandpass_n20003_cLL_electrode_s5,phase2/results/predictions/full/clean_only/resnet/seed_202/bandpass_n20003_cLL_electrode_s5.npz,75799,9ea4c4c8e225a9e9846a8d62059873b3f8c07241cc01a402482d45596958f4e3
resnet,clean_only,202,bandpass_n20003_cLL_electrode_s0,phase2/results/predictions/full/clean_only/resnet/seed_202/bandpass_n20003_cLL_electrode_s0.npz,75383,dc77ae5f0b85bb622b7bbc7261e228a271da1237fc0ca1fb3be6bd2f06906bab
resnet,clean_only,202,bandpass_n20003_cLL_covariance_s20,phase2/results/predictions/full/clean_only/resnet/seed_202/bandpass_n20003_cLL_covariance_s20.npz,76487,b1ab03485d7cb604b57dce2b04cd73525e820af21b7a96a454012953a64d152d
resnet,clean_only,202,bandpass_n20003_cLL_covariance_s15,phase2/results/predictions/full/clean_only/resnet/seed_202/bandpass_n20003_cLL_covariance_s15.npz,76378,b367d0b20b878d2af52158a4f414c23e3c4a0950b5effaf1407ebc1dc56c92e5
resnet,clean_only,202,bandpass_n20003_cLL_covariance_s10,phase2/results/predictions/full/clean_only/resnet/seed_202/bandpass_n20003_cLL_covariance_s10.npz,76208,2080e6ac06a0cff3a76e66de8cf9fc7e9f7ddd4ebabeebdeddc40dd6defa3139
resnet,clean_only,202,bandpass_n20003_cLL_covariance_s5,phase2/results/predictions/full/clean_only/resnet/seed_202/bandpass_n20003_cLL_covariance_s5.npz,75799,3388081264533624a6aa1c758ccd57415e764de1f304058b1f40a2318cc296fa
resnet,clean_only,202,bandpass_n20003_cLL_covariance_s0,phase2/results/predictions/full/clean_only/resnet/seed_202/bandpass_n20003_cLL_covariance_s0.npz,75390,d5336218b594393660591cefc889fa2d4645c0195d40701dae5a6efd0af64f61
resnet,clean_only,202,bandpass_n20003_cRA_V1_independent_rms_s20,phase2/results/predictions/full/clean_only/resnet/seed_202/bandpass_n20003_cRA_V1_independent_rms_s20.npz,76544,df5071d2a7d67973b420b02fb970a76357611e70a3460ef93f1a172cc02ea22c
resnet,clean_only,202,bandpass_n20003_cRA_V1_independent_rms_s15,phase2/results/predictions/full/clean_only/resnet/seed_202/bandpass_n20003_cRA_V1_independent_rms_s15.npz,76428,a5d69bf7e2dd41c136a4e545bbdd3bb7c631ebbea59bdaf0b33a74292ea34e01
resnet,clean_only,202,bandpass_n20003_cRA_V1_independent_rms_s10,phase2/results/predictions/full/clean_only/resnet/seed_202/bandpass_n20003_cRA_V1_independent_rms_s10.npz,76282,6f796e6ac22fff26adf7025ffe953baf1bd3c40e962889905893084d45317549
resnet,clean_only,202,bandpass_n20003_cRA_V1_independent_rms_s5,phase2/results/predictions/full/clean_only/resnet/seed_202/bandpass_n20003_cRA_V1_independent_rms_s5.npz,75896,87b92a69eda9dc6462ec8694d3e3ec436b9de569ee6e0a476b69c345896868a3
resnet,clean_only,202,bandpass_n20003_cRA_V1_independent_rms_s0,phase2/results/predictions/full/clean_only/resnet/seed_202/bandpass_n20003_cRA_V1_independent_rms_s0.npz,75258,59ce1429ce06fe2e79f467a3ca8fb49a0966a597b2784a818f8ee7ffd8e694fc
resnet,clean_only,202,bandpass_n20003_cRA_V1_electrode_s20,phase2/results/predictions/full/clean_only/resnet/seed_202/bandpass_n20003_cRA_V1_electrode_s20.npz,76519,ab2a7c031d3fb49be67f8a7e3384c1095e87974b48e38c3517dc42a69f70184d
resnet,clean_only,202,bandpass_n20003_cRA_V1_electrode_s15,phase2/results/predictions/full/clean_only/resnet/seed_202/bandpass_n20003_cRA_V1_electrode_s15.npz,76433,5835adf47e4c80d2b83e1f9f3c003e0a5e530212b06e0a2c3c63468df30d27e8
resnet,clean_only,202,bandpass_n20003_cRA_V1_electrode_s10,phase2/results/predictions/full/clean_only/resnet/seed_202/bandpass_n20003_cRA_V1_electrode_s10.npz,76245,676efd961649020dac3508698ac59b700e16ad9ea69bbdec047723c7047f5e4f
resnet,clean_only,202,bandpass_n20003_cRA_V1_electrode_s5,phase2/results/predictions/full/clean_only/resnet/seed_202/bandpass_n20003_cRA_V1_electrode_s5.npz,75862,c9a473151d4b78bb50a2ad0c2884e98b4b06c9fc80242e676a57f664330c47d2
resnet,clean_only,202,bandpass_n20003_cRA_V1_electrode_s0,phase2/results/predictions/full/clean_only/resnet/seed_202/bandpass_n20003_cRA_V1_electrode_s0.npz,75348,dea5cd0c1a3f49933cfba27c5c6bf125d1bf3b93c2fb970fe4d2b672ea8f6596
resnet,clean_only,202,bandpass_n20003_cRA_V1_covariance_s20,phase2/results/predictions/full/clean_only/resnet/seed_202/bandpass_n20003_cRA_V1_covariance_s20.npz,76478,d12f22ede98ccbc1b400ab60369e965d01d12a190ec59bbee370ae637f4116ee
resnet,clean_only,202,bandpass_n20003_cRA_V1_covariance_s15,phase2/results/predictions/full/clean_only/resnet/seed_202/bandpass_n20003_cRA_V1_covariance_s15.npz,76396,d66d389b8cf9c0cccada42315d9b0ee8c7e18b0ef27226051b82c7e58cd850dd
resnet,clean_only,202,bandpass_n20003_cRA_V1_covariance_s10,phase2/results/predictions/full/clean_only/resnet/seed_202/bandpass_n20003_cRA_V1_covariance_s10.npz,76218,728bb70c05f2452287149e64fcbd8d71bf4d4949e19abf408118f23ab2b4832a
resnet,clean_only,202,bandpass_n20003_cRA_V1_covariance_s5,phase2/results/predictions/full/clean_only/resnet/seed_202/bandpass_n20003_cRA_V1_covariance_s5.npz,75820,26f76f7a0e25f7026e5f878aef8cdc625c4c3930d54f1adbe644bce53342a5c2
resnet,clean_only,202,bandpass_n20003_cRA_V1_covariance_s0,phase2/results/predictions/full/clean_only/resnet/seed_202/bandpass_n20003_cRA_V1_covariance_s0.npz,75374,9f390a58cfef534fbd88cd8605b21542f216082476440a8c980e7a01ffdaaa86
resnet,clean_only,202,bandpass_n20003_cLA_V6_independent_rms_s20,phase2/results/predictions/full/clean_only/resnet/seed_202/bandpass_n20003_cLA_V6_independent_rms_s20.npz,76505,174546fcda30f5daf3329e8715a85294d462690aaa2214a7943bd5386a792ab8
resnet,clean_only,202,bandpass_n20003_cLA_V6_independent_rms_s15,phase2/results/predictions/full/clean_only/resnet/seed_202/bandpass_n20003_cLA_V6_independent_rms_s15.npz,76447,23cee5272afd15d9a505c58bd9f8567eba733acad330bbf5821d52f81dbefa55
resnet,clean_only,202,bandpass_n20003_cLA_V6_independent_rms_s10,phase2/results/predictions/full/clean_only/resnet/seed_202/bandpass_n20003_cLA_V6_independent_rms_s10.npz,76254,a7e98a04a493b0f4e7dde1b86c03db9af5c90889407e9ae3bf3e8e3e9c581b21
resnet,clean_only,202,bandpass_n20003_cLA_V6_independent_rms_s5,phase2/results/predictions/full/clean_only/resnet/seed_202/bandpass_n20003_cLA_V6_independent_rms_s5.npz,75909,fd9972255d882b22ff383f4af9493735acf6dc239f3c3d7472fedbdedc9bff56
resnet,clean_only,202,bandpass_n20003_cLA_V6_independent_rms_s0,phase2/results/predictions/full/clean_only/resnet/seed_202/bandpass_n20003_cLA_V6_independent_rms_s0.npz,75313,8b3375a79e2d56e4c207af6827a45f931c535e61a22e249438e165816f5fc50c
resnet,clean_only,202,bandpass_n20003_cLA_V6_electrode_s20,phase2/results/predictions/full/clean_only/resnet/seed_202/bandpass_n20003_cLA_V6_electrode_s20.npz,76500,864a24cab2634d49531132c6c0b9dbaf90a75e85a0997541d5f1e6dedd54ab5d
resnet,clean_only,202,bandpass_n20003_cLA_V6_electrode_s15,phase2/results/predictions/full/clean_only/resnet/seed_202/bandpass_n20003_cLA_V6_electrode_s15.npz,76428,dca0423cf234748ee814ad9b5b702543034b2b2147b460db6a7aa613592d4030
resnet,clean_only,202,bandpass_n20003_cLA_V6_electrode_s10,phase2/results/predictions/full/clean_only/resnet/seed_202/bandpass_n20003_cLA_V6_electrode_s10.npz,76223,6b1542e3251d0de97eabc7a6c9a5e1f5c9f97e2c3ac315bde9b54c28e08858ec
resnet,clean_only,202,bandpass_n20003_cLA_V6_electrode_s5,phase2/results/predictions/full/clean_only/resnet/seed_202/bandpass_n20003_cLA_V6_electrode_s5.npz,75705,9ab2e573ee48d8738037033d49edba2cfd9c8ff6c9cc4e036f5a9f5c997c3c69
resnet,clean_only,202,bandpass_n20003_cLA_V6_electrode_s0,phase2/results/predictions/full/clean_only/resnet/seed_202/bandpass_n20003_cLA_V6_electrode_s0.npz,75339,bd163729b93a5356f2780c7856aa7827b4dc3ecedb13af8757755f9676d78a93
resnet,clean_only,202,bandpass_n20003_cLA_V6_covariance_s20,phase2/results/predictions/full/clean_only/resnet/seed_202/bandpass_n20003_cLA_V6_covariance_s20.npz,76517,d24e96b6936ebcdd8a936fca86fde7065c51124a53217bee2291dba337c4fbb2
resnet,clean_only,202,bandpass_n20003_cLA_V6_covariance_s15,phase2/results/predictions/full/clean_only/resnet/seed_202/bandpass_n20003_cLA_V6_covariance_s15.npz,76392,7d3b953589b95bd92f476e7aeb399b08463c47cccc6180a80c55165404152611
resnet,clean_only,202,bandpass_n20003_cLA_V6_covariance_s10,phase2/results/predictions/full/clean_only/resnet/seed_202/bandpass_n20003_cLA_V6_covariance_s10.npz,76166,2d63a6a0c112980aad2acc6a27983d6fee5d59a46958b61e2ba2ca2dbd9d943c
resnet,clean_only,202,bandpass_n20003_cLA_V6_covariance_s5,phase2/results/predictions/full/clean_only/resnet/seed_202/bandpass_n20003_cLA_V6_covariance_s5.npz,75749,bfb4b2278320ab2e30d4d5b334d3ab5321621fe1d53d6838a9459ab84cece3f1
resnet,clean_only,202,bandpass_n20003_cLA_V6_covariance_s0,phase2/results/predictions/full/clean_only/resnet/seed_202/bandpass_n20003_cLA_V6_covariance_s0.npz,75318,8b48dcec18b1b465b72f2109d7d0781d29caeb6839ff2f413d8ead00fc8c1905
resnet,clean_only,202,bandpass_n20003_cLL_V4_independent_rms_s20,phase2/results/predictions/full/clean_only/resnet/seed_202/bandpass_n20003_cLL_V4_independent_rms_s20.npz,76525,0ba7024734e442a61a2ca55d90752a8ed7ee8a0f25dd60d17927121580a018db
resnet,clean_only,202,bandpass_n20003_cLL_V4_independent_rms_s15,phase2/results/predictions/full/clean_only/resnet/seed_202/bandpass_n20003_cLL_V4_independent_rms_s15.npz,76438,5819a7a1f6cb38c21b4342bbf6c6f408b821b4913d6a3c4d9ba81eb66591bd0f
resnet,clean_only,202,bandpass_n20003_cLL_V4_independent_rms_s10,phase2/results/predictions/full/clean_only/resnet/seed_202/bandpass_n20003_cLL_V4_independent_rms_s10.npz,76291,4411a0277180862fe9dff621a86ff0da256b6e0376dfbf229cbea8f77ff882aa
resnet,clean_only,202,bandpass_n20003_cLL_V4_independent_rms_s5,phase2/results/predictions/full/clean_only/resnet/seed_202/bandpass_n20003_cLL_V4_independent_rms_s5.npz,75970,998ce6d9b2f80d5bc5e8f775a039733b22d0bff2a22d9fa1d81bf69114608aff
resnet,clean_only,202,bandpass_n20003_cLL_V4_independent_rms_s0,phase2/results/predictions/full/clean_only/resnet/seed_202/bandpass_n20003_cLL_V4_independent_rms_s0.npz,75355,794b9889dce293769110647cd8dfcb1ea86f8944febc7c2b4327607709375e4e
resnet,clean_only,202,bandpass_n20003_cLL_V4_electrode_s20,phase2/results/predictions/full/clean_only/resnet/seed_202/bandpass_n20003_cLL_V4_electrode_s20.npz,76515,7ce0fbf4085ce789de32ebe5618913ffe255555ebe5b394ffd81fb30a590b151
resnet,clean_only,202,bandpass_n20003_cLL_V4_electrode_s15,phase2/results/predictions/full/clean_only/resnet/seed_202/bandpass_n20003_cLL_V4_electrode_s15.npz,76432,cc8f17aae75b309f06a02fda140cdc5f39bd8d050c509945d08d4fa06ef44667
resnet,clean_only,202,bandpass_n20003_cLL_V4_electrode_s10,phase2/results/predictions/full/clean_only/resnet/seed_202/bandpass_n20003_cLL_V4_electrode_s10.npz,76251,9e378877c5529df1efe71a1ce243a114c6a50a3f0a4ec0634e157376dc6411de
resnet,clean_only,202,bandpass_n20003_cLL_V4_electrode_s5,phase2/results/predictions/full/clean_only/resnet/seed_202/bandpass_n20003_cLL_V4_electrode_s5.npz,75853,082303ed4a3b0d664147fd1e9de54b227d0d071867d03776769e8487bf7b2bca
resnet,clean_only,202,bandpass_n20003_cLL_V4_electrode_s0,phase2/results/predictions/full/clean_only/resnet/seed_202/bandpass_n20003_cLL_V4_electrode_s0.npz,75361,cd3d2e58dd1896f7907a72308fae95f0c2289984b134d2334f0935a3908a7b99
resnet,clean_only,202,bandpass_n20003_cLL_V4_covariance_s20,phase2/results/predictions/full/clean_only/resnet/seed_202/bandpass_n20003_cLL_V4_covariance_s20.npz,76491,cd5e3c499c2b937856346996916868ad8964faae1e33c64a94fbecf65c6e6146
resnet,clean_only,202,bandpass_n20003_cLL_V4_covariance_s15,phase2/results/predictions/full/clean_only/resnet/seed_202/bandpass_n20003_cLL_V4_covariance_s15.npz,76434,797939b461d7f7e4faeb5ff874b21f3b3b891e84d10eed0dd2d6997d297cecdf
resnet,clean_only,202,bandpass_n20003_cLL_V4_covariance_s10,phase2/results/predictions/full/clean_only/resnet/seed_202/bandpass_n20003_cLL_V4_covariance_s10.npz,76225,b887ec8ecca4006e440a8a6303e69b42c8506c93d1c52c928fa0f3f14ccc0724
resnet,clean_only,202,bandpass_n20003_cLL_V4_covariance_s5,phase2/results/predictions/full/clean_only/resnet/seed_202/bandpass_n20003_cLL_V4_covariance_s5.npz,75830,5ef36e98585400961fe6004371a5bb69153c88b386804bbcdbfc7f7ee0419f7f
resnet,clean_only,202,bandpass_n20003_cLL_V4_covariance_s0,phase2/results/predictions/full/clean_only/resnet/seed_202/bandpass_n20003_cLL_V4_covariance_s0.npz,75382,5f934ac195a9c5b4b1c713f500d24ea40c6c3e25a737735db2387a9117ee8179
resnet,clean_only,202,bandpass_n20003_cRA_LA_V1_V6_independent_rms_s20,phase2/results/predictions/full/clean_only/resnet/seed_202/bandpass_n20003_cRA_LA_V1_V6_independent_rms_s20.npz,76551,d4aa4c5b93044371af92e1ad24b48934dc036142d86d236502c60a366f8b8387
resnet,clean_only,202,bandpass_n20003_cRA_LA_V1_V6_independent_rms_s15,phase2/results/predictions/full/clean_only/resnet/seed_202/bandpass_n20003_cRA_LA_V1_V6_independent_rms_s15.npz,76480,7b17f61d808fe7f45fdeedd15816b60c97dad9e25c381019b5dde072e8825c50
resnet,clean_only,202,bandpass_n20003_cRA_LA_V1_V6_independent_rms_s10,phase2/results/predictions/full/clean_only/resnet/seed_202/bandpass_n20003_cRA_LA_V1_V6_independent_rms_s10.npz,76284,056f36c0b2ee9ba371bd77520ca71b63fe8744a72ddd94594364524b49bcecca
resnet,clean_only,202,bandpass_n20003_cRA_LA_V1_V6_independent_rms_s5,phase2/results/predictions/full/clean_only/resnet/seed_202/bandpass_n20003_cRA_LA_V1_V6_independent_rms_s5.npz,75932,90e09eadcb33e77b3eb4930e6839f2f5943e030d212e9a876c480018d5b6ce08
resnet,clean_only,202,bandpass_n20003_cRA_LA_V1_V6_independent_rms_s0,phase2/results/predictions/full/clean_only/resnet/seed_202/bandpass_n20003_cRA_LA_V1_V6_independent_rms_s0.npz,75291,8840e068445c6dbc079c38df82171bc7d0436b398c95b8f9013f1258e133cab1
resnet,clean_only,202,bandpass_n20003_cRA_LA_V1_V6_electrode_s20,phase2/results/predictions/full/clean_only/resnet/seed_202/bandpass_n20003_cRA_LA_V1_V6_electrode_s20.npz,76497,28b95003411432e8a3d9c8838348ea6ffd57f1f1ab26de49655070f422f3d7fb
resnet,clean_only,202,bandpass_n20003_cRA_LA_V1_V6_electrode_s15,phase2/results/predictions/full/clean_only/resnet/seed_202/bandpass_n20003_cRA_LA_V1_V6_electrode_s15.npz,76418,7bbe2f62e270275be1471d243e0cd84a4c7512d0a8c999cb3f48e53c8fbef0d4
resnet,clean_only,202,bandpass_n20003_cRA_LA_V1_V6_electrode_s10,phase2/results/predictions/full/clean_only/resnet/seed_202/bandpass_n20003_cRA_LA_V1_V6_electrode_s10.npz,76226,7abfaee626e5bb159f4f561169997cb5c8a53d58eb115340a203f667fda71cd3
resnet,clean_only,202,bandpass_n20003_cRA_LA_V1_V6_electrode_s5,phase2/results/predictions/full/clean_only/resnet/seed_202/bandpass_n20003_cRA_LA_V1_V6_electrode_s5.npz,75795,afe843fed364abafbe520cdecf6837c3fd7a35c3e58fd341ffad74b7f4a18e5e
resnet,clean_only,202,bandpass_n20003_cRA_LA_V1_V6_electrode_s0,phase2/results/predictions/full/clean_only/resnet/seed_202/bandpass_n20003_cRA_LA_V1_V6_electrode_s0.npz,75307,c070a24f06c60a316f529063e36f3480d3be0d37968620879fde80bd67e046c7
resnet,clean_only,202,bandpass_n20003_cRA_LA_V1_V6_covariance_s20,phase2/results/predictions/full/clean_only/resnet/seed_202/bandpass_n20003_cRA_LA_V1_V6_covariance_s20.npz,76498,8c3f788eeec68b4322ecf3cb55c6e3c05ccb412f488ed2f6e824e76d2554e499
resnet,clean_only,202,bandpass_n20003_cRA_LA_V1_V6_covariance_s15,phase2/results/predictions/full/clean_only/resnet/seed_202/bandpass_n20003_cRA_LA_V1_V6_covariance_s15.npz,76394,c7288116a97160665a27078c53f01ff2cf83a7069eb3c48f4ee4a31eca3c3cb7
resnet,clean_only,202,bandpass_n20003_cRA_LA_V1_V6_covariance_s10,phase2/results/predictions/full/clean_only/resnet/seed_202/bandpass_n20003_cRA_LA_V1_V6_covariance_s10.npz,76225,870abbdeb61be891ea1598ac171f2ec7f142bd27464a1bd496569afb89ec9840
resnet,clean_only,202,bandpass_n20003_cRA_LA_V1_V6_covariance_s5,phase2/results/predictions/full/clean_only/resnet/seed_202/bandpass_n20003_cRA_LA_V1_V6_covariance_s5.npz,75772,b9bb29af5fe734527fd0aaef8dbccc2b7445d5679b78a2198a39f44a64846c60
resnet,clean_only,202,bandpass_n20003_cRA_LA_V1_V6_covariance_s0,phase2/results/predictions/full/clean_only/resnet/seed_202/bandpass_n20003_cRA_LA_V1_V6_covariance_s0.npz,75322,87c5e90a4a8711cbdfaf65fa38c6707ecce645703b2711e30a41dee1d5b83d98
resnet,clean_only,202,bandpass_n20003_cRA_V2_V5_independent_rms_s20,phase2/results/predictions/full/clean_only/resnet/seed_202/bandpass_n20003_cRA_V2_V5_independent_rms_s20.npz,76493,892c6e3649431ffe6a36ed5288b724b80902a0bd32e22ebd56a317c0d78c44a8
resnet,clean_only,202,bandpass_n20003_cRA_V2_V5_independent_rms_s15,phase2/results/predictions/full/clean_only/resnet/seed_202/bandpass_n20003_cRA_V2_V5_independent_rms_s15.npz,76449,e0f0fb6411b61b32c026b2af76d2b86806334883f9986fe0380a7f8007667023
resnet,clean_only,202,bandpass_n20003_cRA_V2_V5_independent_rms_s10,phase2/results/predictions/full/clean_only/resnet/seed_202/bandpass_n20003_cRA_V2_V5_independent_rms_s10.npz,76309,7489e236235f1211d3b611c37ed1bb7f96551f54514efb58dbe4b63e5dcb85d8
resnet,clean_only,202,bandpass_n20003_cRA_V2_V5_independent_rms_s5,phase2/results/predictions/full/clean_only/resnet/seed_202/bandpass_n20003_cRA_V2_V5_independent_rms_s5.npz,75950,bc240245b196ce4cb01c92b23600c53bf0c49fa1994725d2616070adbf652a5e
resnet,clean_only,202,bandpass_n20003_cRA_V2_V5_independent_rms_s0,phase2/results/predictions/full/clean_only/resnet/seed_202/bandpass_n20003_cRA_V2_V5_independent_rms_s0.npz,75305,c9609c1b9e9095222c07fe7a3101f8bdbec4f3045faef1ceb3564f49e15a52ed
resnet,clean_only,202,bandpass_n20003_cRA_V2_V5_electrode_s20,phase2/results/predictions/full/clean_only/resnet/seed_202/bandpass_n20003_cRA_V2_V5_electrode_s20.npz,76519,0ecd4a2a5f3b030c94790b56a986c44f0db32904140a50ae585ee58668b4e4a9
resnet,clean_only,202,bandpass_n20003_cRA_V2_V5_electrode_s15,phase2/results/predictions/full/clean_only/resnet/seed_202/bandpass_n20003_cRA_V2_V5_electrode_s15.npz,76417,738adeae379bb331fc523a9ac3b9e07001e703b7986e0dccfd8a03eeb54879d6
resnet,clean_only,202,bandpass_n20003_cRA_V2_V5_electrode_s10,phase2/results/predictions/full/clean_only/resnet/seed_202/bandpass_n20003_cRA_V2_V5_electrode_s10.npz,76262,3400f844e148636c8609e6bfc36b5c8b3bfd00c8b06636b91bef114679ff36ac
resnet,clean_only,202,bandpass_n20003_cRA_V2_V5_electrode_s5,phase2/results/predictions/full/clean_only/resnet/seed_202/bandpass_n20003_cRA_V2_V5_electrode_s5.npz,75920,4016b08353ad17ceb67c8b5756c214f34794f8ddcb7f250907de35d4daf76e77
resnet,clean_only,202,bandpass_n20003_cRA_V2_V5_electrode_s0,phase2/results/predictions/full/clean_only/resnet/seed_202/bandpass_n20003_cRA_V2_V5_electrode_s0.npz,75370,ab20bc4332e24eb4bc104b02a88c449440b1b2d6c40a3347722e1ac0d8a639b6
resnet,clean_only,202,bandpass_n20003_cRA_V2_V5_covariance_s20,phase2/results/predictions/full/clean_only/resnet/seed_202/bandpass_n20003_cRA_V2_V5_covariance_s20.npz,76529,3879b520a219919460e0d79a95d909813b543f6d3f756e7cddece9eab7a80d08
resnet,clean_only,202,bandpass_n20003_cRA_V2_V5_covariance_s15,phase2/results/predictions/full/clean_only/resnet/seed_202/bandpass_n20003_cRA_V2_V5_covariance_s15.npz,76424,d6198b487b66fe39d61b3d3f040d108d3659e9187156815b7ca898700d2ab096
resnet,clean_only,202,bandpass_n20003_cRA_V2_V5_covariance_s10,phase2/results/predictions/full/clean_only/resnet/seed_202/bandpass_n20003_cRA_V2_V5_covariance_s10.npz,76254,fe2a8d999e3483aeb419bd31c38487b3a5827b9da3e3a056a9274c3a6b2589f9
resnet,clean_only,202,bandpass_n20003_cRA_V2_V5_covariance_s5,phase2/results/predictions/full/clean_only/resnet/seed_202/bandpass_n20003_cRA_V2_V5_covariance_s5.npz,75896,1f4b1a30f79d209881f81a7b58a112137523711585e1d6e107b4bb4f5225eb24
resnet,clean_only,202,bandpass_n20003_cRA_V2_V5_covariance_s0,phase2/results/predictions/full/clean_only/resnet/seed_202/bandpass_n20003_cRA_V2_V5_covariance_s0.npz,75319,0f591c864ab502867def0b8d4df14641b9853ec7c4ec0e8ea7b46d3a9b23baa1
resnet,clean_only,202,bandpass_n20003_cLA_V3_V6_independent_rms_s20,phase2/results/predictions/full/clean_only/resnet/seed_202/bandpass_n20003_cLA_V3_V6_independent_rms_s20.npz,76518,2a5b5b2c82beda016e6e5afa71d320703f7db50bfd6b69d6b3180b4e57d8be06
resnet,clean_only,202,bandpass_n20003_cLA_V3_V6_independent_rms_s15,phase2/results/predictions/full/clean_only/resnet/seed_202/bandpass_n20003_cLA_V3_V6_independent_rms_s15.npz,76440,e7b8f599322bed9ca0cada88650d9752d93b69e111f4795e34f2e037b8c9432c
resnet,clean_only,202,bandpass_n20003_cLA_V3_V6_independent_rms_s10,phase2/results/predictions/full/clean_only/resnet/seed_202/bandpass_n20003_cLA_V3_V6_independent_rms_s10.npz,76311,23bbd783b22dd30a9d07f2adb521eb9cd09be3de9fbb30b6e2c1a25dcf2d466a
resnet,clean_only,202,bandpass_n20003_cLA_V3_V6_independent_rms_s5,phase2/results/predictions/full/clean_only/resnet/seed_202/bandpass_n20003_cLA_V3_V6_independent_rms_s5.npz,75969,c55689e02d20bef900f9d12eca8287232fa68f5e31ef21dd71a1b523cc9ae892
resnet,clean_only,202,bandpass_n20003_cLA_V3_V6_independent_rms_s0,phase2/results/predictions/full/clean_only/resnet/seed_202/bandpass_n20003_cLA_V3_V6_independent_rms_s0.npz,75345,fc83c2beb9b4a73e1ded82ec8f29c5fc410aa4d3fdeeabd55133e4765ff0e9c4
resnet,clean_only,202,bandpass_n20003_cLA_V3_V6_electrode_s20,phase2/results/predictions/full/clean_only/resnet/seed_202/bandpass_n20003_cLA_V3_V6_electrode_s20.npz,76495,2509cce17c2c37d9fa6e359124a3242aa7876caf34147141e6ea36c16d5c8dac
resnet,clean_only,202,bandpass_n20003_cLA_V3_V6_electrode_s15,phase2/results/predictions/full/clean_only/resnet/seed_202/bandpass_n20003_cLA_V3_V6_electrode_s15.npz,76394,649f4773da3fea7d9bbeaf65741a380372505cf56ee391f0638812dc10ba00b0
resnet,clean_only,202,bandpass_n20003_cLA_V3_V6_electrode_s10,phase2/results/predictions/full/clean_only/resnet/seed_202/bandpass_n20003_cLA_V3_V6_electrode_s10.npz,76201,5422b48d2d78341c8872326b91f47e08203231e5fcaee9af4ca8d5f3484d2575
resnet,clean_only,202,bandpass_n20003_cLA_V3_V6_electrode_s5,phase2/results/predictions/full/clean_only/resnet/seed_202/bandpass_n20003_cLA_V3_V6_electrode_s5.npz,75810,a0a7339c2c27ce454d60973d9c72941652f99df4483bc01344ea712d34b13206
resnet,clean_only,202,bandpass_n20003_cLA_V3_V6_electrode_s0,phase2/results/predictions/full/clean_only/resnet/seed_202/bandpass_n20003_cLA_V3_V6_electrode_s0.npz,75362,eb24d3b7a2ac74133e3c36c76d2aaeca1047eefa67da3aa35d939a5a43cf6b71
resnet,clean_only,202,bandpass_n20003_cLA_V3_V6_covariance_s20,phase2/results/predictions/full/clean_only/resnet/seed_202/bandpass_n20003_cLA_V3_V6_covariance_s20.npz,76518,7e36178a01b1ac48ef0bd92e967e077a274ca89fd7464b7c378a926edcbab60b
resnet,clean_only,202,bandpass_n20003_cLA_V3_V6_covariance_s15,phase2/results/predictions/full/clean_only/resnet/seed_202/bandpass_n20003_cLA_V3_V6_covariance_s15.npz,76433,80e17b9f91cb0f8881729a1cf6526900412d18651037bc7c97f5a38e8f7b5ab7
resnet,clean_only,202,bandpass_n20003_cLA_V3_V6_covariance_s10,phase2/results/predictions/full/clean_only/resnet/seed_202/bandpass_n20003_cLA_V3_V6_covariance_s10.npz,76238,9f6223e09c93ee92f1ab65ffe729ebce728b833e9ad0715997d3d101c1da2f65
resnet,clean_only,202,bandpass_n20003_cLA_V3_V6_covariance_s5,phase2/results/predictions/full/clean_only/resnet/seed_202/bandpass_n20003_cLA_V3_V6_covariance_s5.npz,75817,04b174c71fcc92eaca95384e4c0ae43b2221194bf50d94fb34088a2b276e8d18
resnet,clean_only,202,bandpass_n20003_cLA_V3_V6_covariance_s0,phase2/results/predictions/full/clean_only/resnet/seed_202/bandpass_n20003_cLA_V3_V6_covariance_s0.npz,75330,7bac469a2c1529a6ab33b24adda99b65c491c3bc643755d4ab9ac35a3acf75c9
resnet,clean_only,202,bandpass_n20003_cLL_V1_V4_independent_rms_s20,phase2/results/predictions/full/clean_only/resnet/seed_202/bandpass_n20003_cLL_V1_V4_independent_rms_s20.npz,76536,6d1efa3e5a0395e2cbc297ed1dbf59a8eb49d5fb38e47b79ada9682241f39a2d
resnet,clean_only,202,bandpass_n20003_cLL_V1_V4_independent_rms_s15,phase2/results/predictions/full/clean_only/resnet/seed_202/bandpass_n20003_cLL_V1_V4_independent_rms_s15.npz,76464,0fb4d1ea64d39cdc050577166e3a4010feb84eb4fdc3805ac5d9686844348fdf
resnet,clean_only,202,bandpass_n20003_cLL_V1_V4_independent_rms_s10,phase2/results/predictions/full/clean_only/resnet/seed_202/bandpass_n20003_cLL_V1_V4_independent_rms_s10.npz,76248,fbdc481c3d1e511284520d9758ca383d9d13044ff16543fe95c1b114e22e835c
resnet,clean_only,202,bandpass_n20003_cLL_V1_V4_independent_rms_s5,phase2/results/predictions/full/clean_only/resnet/seed_202/bandpass_n20003_cLL_V1_V4_independent_rms_s5.npz,75920,f8f86cd961626f4cac43e7f860fe23fbf636586e19f4084180ddf3a846b7b8cd
resnet,clean_only,202,bandpass_n20003_cLL_V1_V4_independent_rms_s0,phase2/results/predictions/full/clean_only/resnet/seed_202/bandpass_n20003_cLL_V1_V4_independent_rms_s0.npz,75376,4670bbbf5c08b8a42d17fb070cbeafcc00e5248eb359a24d1c2b5aa2320eaafb
resnet,clean_only,202,bandpass_n20003_cLL_V1_V4_electrode_s20,phase2/results/predictions/full/clean_only/resnet/seed_202/bandpass_n20003_cLL_V1_V4_electrode_s20.npz,76499,b4ce785bfe309b34b52141d4fc1328c8a7149dc4f0ee2f84590cf1694bd0268f
resnet,clean_only,202,bandpass_n20003_cLL_V1_V4_electrode_s15,phase2/results/predictions/full/clean_only/resnet/seed_202/bandpass_n20003_cLL_V1_V4_electrode_s15.npz,76415,586121ce875cde4159f077b18f08af0fe6632d613b1976d7b0d58466d4de0dfc
resnet,clean_only,202,bandpass_n20003_cLL_V1_V4_electrode_s10,phase2/results/predictions/full/clean_only/resnet/seed_202/bandpass_n20003_cLL_V1_V4_electrode_s10.npz,76250,b9c4a10b63fa1575fbc94da9daf638893141051abab17c48496aca0dc1f5b881
resnet,clean_only,202,bandpass_n20003_cLL_V1_V4_electrode_s5,phase2/results/predictions/full/clean_only/resnet/seed_202/bandpass_n20003_cLL_V1_V4_electrode_s5.npz,75827,fb791bae3e1e35c85f1b7acce3211f3b3154c401ac1ac5ab70360f9e62bdf1aa
resnet,clean_only,202,bandpass_n20003_cLL_V1_V4_electrode_s0,phase2/results/predictions/full/clean_only/resnet/seed_202/bandpass_n20003_cLL_V1_V4_electrode_s0.npz,75364,b1bc013d99c8044fd788c8a45c8a73d251f6c7286bf4ed931ba78786122e4e82
resnet,clean_only,202,bandpass_n20003_cLL_V1_V4_covariance_s20,phase2/results/predictions/full/clean_only/resnet/seed_202/bandpass_n20003_cLL_V1_V4_covariance_s20.npz,76520,6671c1cafe3d24d659e717a0af9438e033b9156ed9f671519b7abef81ff03d85
resnet,clean_only,202,bandpass_n20003_cLL_V1_V4_covariance_s15,phase2/results/predictions/full/clean_only/resnet/seed_202/bandpass_n20003_cLL_V1_V4_covariance_s15.npz,76400,dab2440131be534e2747d6f233d5d62e643770f4ab87c83caf645a845fd78fc6
resnet,clean_only,202,bandpass_n20003_cLL_V1_V4_covariance_s10,phase2/results/predictions/full/clean_only/resnet/seed_202/bandpass_n20003_cLL_V1_V4_covariance_s10.npz,76264,9b100bde752360250a143d2ceb0acbe618fae149614454c2a64f6b1567836e2f
resnet,clean_only,202,bandpass_n20003_cLL_V1_V4_covariance_s5,phase2/results/predictions/full/clean_only/resnet/seed_202/bandpass_n20003_cLL_V1_V4_covariance_s5.npz,75806,a548b7e5f7a12287b3311382aa33564aa27ba3723186d59300fa5de8c52e6352
resnet,clean_only,202,bandpass_n20003_cLL_V1_V4_covariance_s0,phase2/results/predictions/full/clean_only/resnet/seed_202/bandpass_n20003_cLL_V1_V4_covariance_s0.npz,75377,bb4a0429af85c24cd93feba5b9b2f9fb8f2ebf2d6fb65f9b7e996e140f5cbcf5
resnet,clean_only,202,bandpass_n20003_call_independent_rms_s20,phase2/results/predictions/full/clean_only/resnet/seed_202/bandpass_n20003_call_independent_rms_s20.npz,76500,1e69a52886df6d6f435f9f5fa1b706ea2e956bf1cbf4f29f5e0cf48478629282
resnet,clean_only,202,bandpass_n20003_call_independent_rms_s15,phase2/results/predictions/full/clean_only/resnet/seed_202/bandpass_n20003_call_independent_rms_s15.npz,76412,549d7cb55ef86aeb1dd23edab9ebf65cbbb35c7f62195d13b8b7afc8a47124d5
resnet,clean_only,202,bandpass_n20003_call_independent_rms_s10,phase2/results/predictions/full/clean_only/resnet/seed_202/bandpass_n20003_call_independent_rms_s10.npz,76246,4d08940950073579912eaa47f38399b5607e446a611ee2eef2cd1c1fac7356ec
resnet,clean_only,202,bandpass_n20003_call_independent_rms_s5,phase2/results/predictions/full/clean_only/resnet/seed_202/bandpass_n20003_call_independent_rms_s5.npz,75924,0a9fd0690d4c6ec946b4d5a996a3efe2afce7c0d69e2e49eb9f954b0583d4347
resnet,clean_only,202,bandpass_n20003_call_independent_rms_s0,phase2/results/predictions/full/clean_only/resnet/seed_202/bandpass_n20003_call_independent_rms_s0.npz,75329,28566de4618cf65387e04daa375fe10ce8dd9cbe456bb496821aadeb1146b9d8
resnet,clean_only,202,bandpass_n20003_call_electrode_s20,phase2/results/predictions/full/clean_only/resnet/seed_202/bandpass_n20003_call_electrode_s20.npz,76487,5970e45243c411ddc069da10b1303763dd2290d8b7499840198591acee5e612c
resnet,clean_only,202,bandpass_n20003_call_electrode_s15,phase2/results/predictions/full/clean_only/resnet/seed_202/bandpass_n20003_call_electrode_s15.npz,76417,af5d95d333a0a56c5566ef8dc7565182af9eba6c7eb5bd6ea2085711bfc030de
resnet,clean_only,202,bandpass_n20003_call_electrode_s10,phase2/results/predictions/full/clean_only/resnet/seed_202/bandpass_n20003_call_electrode_s10.npz,76225,fcf6eb1ee0751f44dd9cee1806f70096b5b813084719cffb03fdab848af95f8a
resnet,clean_only,202,bandpass_n20003_call_electrode_s5,phase2/results/predictions/full/clean_only/resnet/seed_202/bandpass_n20003_call_electrode_s5.npz,75807,a1d4b35634ac8336ed369414ccf910595d1b76f4a8dac4953a5794db06ffe066
resnet,clean_only,202,bandpass_n20003_call_electrode_s0,phase2/results/predictions/full/clean_only/resnet/seed_202/bandpass_n20003_call_electrode_s0.npz,75285,59662712f81cf8ee11a909415e3df16a19064770f1990ac9159bb17baa622e1f
resnet,clean_only,202,bandpass_n20003_call_covariance_s20,phase2/results/predictions/full/clean_only/resnet/seed_202/bandpass_n20003_call_covariance_s20.npz,76469,8bce2164263bf05a14bb7860cfb2af9fa723a694562cc3aa53a21431e63a926a
resnet,clean_only,202,bandpass_n20003_call_covariance_s15,phase2/results/predictions/full/clean_only/resnet/seed_202/bandpass_n20003_call_covariance_s15.npz,76376,2c02dba8b21b667085edf27d71d05cb01eb189af07e3b73456cc6398a2f5c0bc
resnet,clean_only,202,bandpass_n20003_call_covariance_s10,phase2/results/predictions/full/clean_only/resnet/seed_202/bandpass_n20003_call_covariance_s10.npz,76209,5c63ef84be2e8b06ad4a0b84236958ab20f14384fd25ded7b2802c23cde6135d
resnet,clean_only,202,bandpass_n20003_call_covariance_s5,phase2/results/predictions/full/clean_only/resnet/seed_202/bandpass_n20003_call_covariance_s5.npz,75838,48cbdc258be25828af3a8d8507d9c64c1a09a2f5f819a893ae080e79d72d126d
resnet,clean_only,202,bandpass_n20003_call_covariance_s0,phase2/results/predictions/full/clean_only/resnet/seed_202/bandpass_n20003_call_covariance_s0.npz,75291,c8affafb33ec16a992bb2ae4067fb3c4baef6c4b0f54bd347b3bee3df4263a7d
resnet,clean_only,202,bandpass_n20004_cRA_LA_LL_independent_rms_s20,phase2/results/predictions/full/clean_only/resnet/seed_202/bandpass_n20004_cRA_LA_LL_independent_rms_s20.npz,76535,9d9e7add3ce1f9f0b5746382ff967e55e07a391aebbdf6d54a3c23b160c61b09
resnet,clean_only,202,bandpass_n20004_cRA_LA_LL_independent_rms_s15,phase2/results/predictions/full/clean_only/resnet/seed_202/bandpass_n20004_cRA_LA_LL_independent_rms_s15.npz,76448,0ea3cbeca50c2d89cf1a1eb69ad781e46f1e3a582de1a7acb49ab205b10ecba5
resnet,clean_only,202,bandpass_n20004_cRA_LA_LL_independent_rms_s10,phase2/results/predictions/full/clean_only/resnet/seed_202/bandpass_n20004_cRA_LA_LL_independent_rms_s10.npz,76266,78c8acb82aa5d1c3045bd3456304a13a3c0e7464a0a356e5b18661982c305930
resnet,clean_only,202,bandpass_n20004_cRA_LA_LL_independent_rms_s5,phase2/results/predictions/full/clean_only/resnet/seed_202/bandpass_n20004_cRA_LA_LL_independent_rms_s5.npz,75932,d6e300b31b83d01f63f4829b87fbd554c2b1f158c3821524376ba395363386ef
resnet,clean_only,202,bandpass_n20004_cRA_LA_LL_independent_rms_s0,phase2/results/predictions/full/clean_only/resnet/seed_202/bandpass_n20004_cRA_LA_LL_independent_rms_s0.npz,75298,eb0f3e59060ba55846b946899b44c11062379f867f3ef1957169a1fc2fcaa197
resnet,clean_only,202,bandpass_n20004_cRA_LA_LL_electrode_s20,phase2/results/predictions/full/clean_only/resnet/seed_202/bandpass_n20004_cRA_LA_LL_electrode_s20.npz,76477,a57ebf2c5647ed491a68930e6a6495a04ee441581d285fa06357ce947d21e20c
resnet,clean_only,202,bandpass_n20004_cRA_LA_LL_electrode_s15,phase2/results/predictions/full/clean_only/resnet/seed_202/bandpass_n20004_cRA_LA_LL_electrode_s15.npz,76399,7401bbd68fb030623f4a4010c78f302ef3228e561fbca4e7fd2f9adde7de9e20
resnet,clean_only,202,bandpass_n20004_cRA_LA_LL_electrode_s10,phase2/results/predictions/full/clean_only/resnet/seed_202/bandpass_n20004_cRA_LA_LL_electrode_s10.npz,76207,afcf8f36036798f4510590bd880e6b34cc5311e2fe017204f18b3d4b7acb45e2
resnet,clean_only,202,bandpass_n20004_cRA_LA_LL_electrode_s5,phase2/results/predictions/full/clean_only/resnet/seed_202/bandpass_n20004_cRA_LA_LL_electrode_s5.npz,75744,e74b752f46c942f90c8a94700f477c71f382a442bfba819a01a5b45df401190a
resnet,clean_only,202,bandpass_n20004_cRA_LA_LL_electrode_s0,phase2/results/predictions/full/clean_only/resnet/seed_202/bandpass_n20004_cRA_LA_LL_electrode_s0.npz,75326,42a22c8ddf6c00bf1a315d03cae9e4e768e0558d662966e285232035f365a5e6
resnet,clean_only,202,bandpass_n20004_cRA_LA_LL_covariance_s20,phase2/results/predictions/full/clean_only/resnet/seed_202/bandpass_n20004_cRA_LA_LL_covariance_s20.npz,76478,6cb61bdbb5f21cc294f5d4a0cfabaaea088085c86263e0e981ac156ca95a2f40
resnet,clean_only,202,bandpass_n20004_cRA_LA_LL_covariance_s15,phase2/results/predictions/full/clean_only/resnet/seed_202/bandpass_n20004_cRA_LA_LL_covariance_s15.npz,76392,a4b93873e3393cf2a0338a011ca046aa8e3619ba53fc4b2b66030828652e075d
resnet,clean_only,202,bandpass_n20004_cRA_LA_LL_covariance_s10,phase2/results/predictions/full/clean_only/resnet/seed_202/bandpass_n20004_cRA_LA_LL_covariance_s10.npz,76193,8789d8ee9107789f11ad4d9a8ae01de8dae581c15677cc5efc67fff1e1fef3ab
resnet,clean_only,202,bandpass_n20004_cRA_LA_LL_covariance_s5,phase2/results/predictions/full/clean_only/resnet/seed_202/bandpass_n20004_cRA_LA_LL_covariance_s5.npz,75744,75bd1e9e1e66e34599809682fe43fe8a8299281bf2301a52b136da20657a639e
resnet,clean_only,202,bandpass_n20004_cRA_LA_LL_covariance_s0,phase2/results/predictions/full/clean_only/resnet/seed_202/bandpass_n20004_cRA_LA_LL_covariance_s0.npz,75300,bd3e5988fdf8b8d3866bc208b65052177e752ca3bb388874cc39ae018caf53e8
resnet,clean_only,202,bandpass_n20004_cV1_independent_rms_s20,phase2/results/predictions/full/clean_only/resnet/seed_202/bandpass_n20004_cV1_independent_rms_s20.npz,76504,92a54478ea9d8e1f44c6a60e8803c2645c8348dacf8f4e8bb4b30aa397cab018
resnet,clean_only,202,bandpass_n20004_cV1_independent_rms_s15,phase2/results/predictions/full/clean_only/resnet/seed_202/bandpass_n20004_cV1_independent_rms_s15.npz,76392,b7e0f75e3fb0e5fcfa5055723963235aa4fca5c048c19edecaa1322260638aa3
resnet,clean_only,202,bandpass_n20004_cV1_independent_rms_s10,phase2/results/predictions/full/clean_only/resnet/seed_202/bandpass_n20004_cV1_independent_rms_s10.npz,76208,ab7a670c215ba89d0deb8279793d1eb0ee0162f1bc47e6370bb6ee21a9faae67
resnet,clean_only,202,bandpass_n20004_cV1_independent_rms_s5,phase2/results/predictions/full/clean_only/resnet/seed_202/bandpass_n20004_cV1_independent_rms_s5.npz,75746,1aa3a0aa5af45a5df4bcfe82825d1178a6d4614f9056e273a730ed944a73b00e
resnet,clean_only,202,bandpass_n20004_cV1_independent_rms_s0,phase2/results/predictions/full/clean_only/resnet/seed_202/bandpass_n20004_cV1_independent_rms_s0.npz,75419,92f81b34dd39923d612523abbd4dcfb37b43087d05dd910f0938ace19a901a8d
resnet,clean_only,202,bandpass_n20004_cV1_electrode_s20,phase2/results/predictions/full/clean_only/resnet/seed_202/bandpass_n20004_cV1_electrode_s20.npz,76446,03e5770b823f73262c60377828af3c252bce4691b6068f2f5070d3b198848d57
resnet,clean_only,202,bandpass_n20004_cV1_electrode_s15,phase2/results/predictions/full/clean_only/resnet/seed_202/bandpass_n20004_cV1_electrode_s15.npz,76401,3a1dd989765a0153115e6d246d442dbcf33aeb5874578bccc9df48e8f2fabb0b
resnet,clean_only,202,bandpass_n20004_cV1_electrode_s10,phase2/results/predictions/full/clean_only/resnet/seed_202/bandpass_n20004_cV1_electrode_s10.npz,76183,a9e8b3b2cd95a93009af791df60b82dcec82f31a4e44a6144dd6e2b5091bf49c
resnet,clean_only,202,bandpass_n20004_cV1_electrode_s5,phase2/results/predictions/full/clean_only/resnet/seed_202/bandpass_n20004_cV1_electrode_s5.npz,75694,a076c145224a0fddcd4a0ea893e780560778e36464ccc7f8232d9dce9e6f9503
resnet,clean_only,202,bandpass_n20004_cV1_electrode_s0,phase2/results/predictions/full/clean_only/resnet/seed_202/bandpass_n20004_cV1_electrode_s0.npz,75409,32bab2a9f9a498ba7ad99335b1d588fc4b6abab04738bd01cbf241936de1bdfa
resnet,clean_only,202,bandpass_n20004_cV1_covariance_s20,phase2/results/predictions/full/clean_only/resnet/seed_202/bandpass_n20004_cV1_covariance_s20.npz,76495,b7bd0a48fe9334465ab2c05d7f98979dc95b276ef8110c1e2ec8104715a2aadf
resnet,clean_only,202,bandpass_n20004_cV1_covariance_s15,phase2/results/predictions/full/clean_only/resnet/seed_202/bandpass_n20004_cV1_covariance_s15.npz,76351,3f5afa57d171f766afef20306dd62e75b6e90961408ffdb8362d0756807a41d2
resnet,clean_only,202,bandpass_n20004_cV1_covariance_s10,phase2/results/predictions/full/clean_only/resnet/seed_202/bandpass_n20004_cV1_covariance_s10.npz,76178,fe0f44d8e585357edc3f6fe316787104bf9e6d326b84b93ddd2cce23349815c3
resnet,clean_only,202,bandpass_n20004_cV1_covariance_s5,phase2/results/predictions/full/clean_only/resnet/seed_202/bandpass_n20004_cV1_covariance_s5.npz,75732,ccb116cce1250b030c66407d894c274d5d7c68b1fcbe5b82febc232b1f73a338
resnet,clean_only,202,bandpass_n20004_cV1_covariance_s0,phase2/results/predictions/full/clean_only/resnet/seed_202/bandpass_n20004_cV1_covariance_s0.npz,75400,92ee17bd152bda066517cb677b1565411f1b39ff6244677c63fb84ac322b29f1
resnet,clean_only,202,bandpass_n20004_cV2_independent_rms_s20,phase2/results/predictions/full/clean_only/resnet/seed_202/bandpass_n20004_cV2_independent_rms_s20.npz,76544,cb24556e5824f5b342cce535ef0f367d42726ee3667f904e5a68e6d826dd906e
resnet,clean_only,202,bandpass_n20004_cV2_independent_rms_s15,phase2/results/predictions/full/clean_only/resnet/seed_202/bandpass_n20004_cV2_independent_rms_s15.npz,76530,bd5bfd9481ea5d6587e8805c9d67532f4d639ea37a5effaf549fe57a83d2eb2f
resnet,clean_only,202,bandpass_n20004_cV2_independent_rms_s10,phase2/results/predictions/full/clean_only/resnet/seed_202/bandpass_n20004_cV2_independent_rms_s10.npz,76366,2a78d87c99fd1583c522421a0ee0b80cb4fbb9dcbfa3c6f7ff30751d0fc0e3b4
resnet,clean_only,202,bandpass_n20004_cV2_independent_rms_s5,phase2/results/predictions/full/clean_only/resnet/seed_202/bandpass_n20004_cV2_independent_rms_s5.npz,76108,464dadb4adbad5551c5ad3588cdd747f4cc8a4fbb5ecfb408baddb5f8175fc18
resnet,clean_only,202,bandpass_n20004_cV2_independent_rms_s0,phase2/results/predictions/full/clean_only/resnet/seed_202/bandpass_n20004_cV2_independent_rms_s0.npz,75592,5e6af95a05a307590eeec4a1123947bbe641f376e7be421b4ae7bf19338151cd
resnet,clean_only,202,bandpass_n20004_cV2_electrode_s20,phase2/results/predictions/full/clean_only/resnet/seed_202/bandpass_n20004_cV2_electrode_s20.npz,76544,e7597e6bbb64b92cabcd01164f75adcb7f702ff6b8994096ba09860768e08a6d
resnet,clean_only,202,bandpass_n20004_cV2_electrode_s15,phase2/results/predictions/full/clean_only/resnet/seed_202/bandpass_n20004_cV2_electrode_s15.npz,76480,a224128041573f89a4a6d2e5cbc336e6ed47bc1146dc1ddd4dbbfc7b7fd57d3c
resnet,clean_only,202,bandpass_n20004_cV2_electrode_s10,phase2/results/predictions/full/clean_only/resnet/seed_202/bandpass_n20004_cV2_electrode_s10.npz,76351,2d0b2e46d6b0a2a6378b5e786b75833e9d584f4cb66c5316665df86393c3624a
resnet,clean_only,202,bandpass_n20004_cV2_electrode_s5,phase2/results/predictions/full/clean_only/resnet/seed_202/bandpass_n20004_cV2_electrode_s5.npz,76083,ff07da1d91715ef2fab3979fe577382a5fd2cf1201aa54af6a023b5f1f4ef812
resnet,clean_only,202,bandpass_n20004_cV2_electrode_s0,phase2/results/predictions/full/clean_only/resnet/seed_202/bandpass_n20004_cV2_electrode_s0.npz,75561,14b4552e1d0548eb4e5b509b9685f01293acad1249fed7f2891ec7103d1af400
resnet,clean_only,202,bandpass_n20004_cV2_covariance_s20,phase2/results/predictions/full/clean_only/resnet/seed_202/bandpass_n20004_cV2_covariance_s20.npz,76494,840a5c6ebb3a59430eaf83beb4c3b4800548836d03f56e36450d3c8773e84583
resnet,clean_only,202,bandpass_n20004_cV2_covariance_s15,phase2/results/predictions/full/clean_only/resnet/seed_202/bandpass_n20004_cV2_covariance_s15.npz,76464,475ef5c4f940c6aebd0e2ea7f98042e6ff62547144c87035e6de24ed8cb60345
resnet,clean_only,202,bandpass_n20004_cV2_covariance_s10,phase2/results/predictions/full/clean_only/resnet/seed_202/bandpass_n20004_cV2_covariance_s10.npz,76336,3d4907a259d0928c8812fd52404da31b1ed6c670c3acb959a210567a980ee65a
resnet,clean_only,202,bandpass_n20004_cV2_covariance_s5,phase2/results/predictions/full/clean_only/resnet/seed_202/bandpass_n20004_cV2_covariance_s5.npz,76069,afd60c968249ccc971a4ab85e47f411c1e160f43aeeb97d0a2399071b58788fc
resnet,clean_only,202,bandpass_n20004_cV2_covariance_s0,phase2/results/predictions/full/clean_only/resnet/seed_202/bandpass_n20004_cV2_covariance_s0.npz,75612,b354f15772a7149a37038ae838ae64bf77ad76f2255775e206d1f2fd8b14c6f7
resnet,clean_only,202,bandpass_n20004_cV3_independent_rms_s20,phase2/results/predictions/full/clean_only/resnet/seed_202/bandpass_n20004_cV3_independent_rms_s20.npz,76518,55f3ec89ac710c0f792a527e5633ef14b8bca9ad509ad2652927a8c572076f0b
resnet,clean_only,202,bandpass_n20004_cV3_independent_rms_s15,phase2/results/predictions/full/clean_only/resnet/seed_202/bandpass_n20004_cV3_independent_rms_s15.npz,76487,590814848a6f5989fc7b8ac10c98758a4942f44997e77109e59a8a5f7b9c0173
resnet,clean_only,202,bandpass_n20004_cV3_independent_rms_s10,phase2/results/predictions/full/clean_only/resnet/seed_202/bandpass_n20004_cV3_independent_rms_s10.npz,76371,46c8873ab197641cf9260f02ede95a1fa15058e9d29cc322420851379d35f513
resnet,clean_only,202,bandpass_n20004_cV3_independent_rms_s5,phase2/results/predictions/full/clean_only/resnet/seed_202/bandpass_n20004_cV3_independent_rms_s5.npz,76145,41cd55f98c688c806450442599f3638ebd60384516ecb7eaa9c0741e52f2a039
resnet,clean_only,202,bandpass_n20004_cV3_independent_rms_s0,phase2/results/predictions/full/clean_only/resnet/seed_202/bandpass_n20004_cV3_independent_rms_s0.npz,75800,cb7526fa0a062cd49d3094717fad16b0a7b608f7d717aa4d2dca228c8ad0ef30
resnet,clean_only,202,bandpass_n20004_cV3_electrode_s20,phase2/results/predictions/full/clean_only/resnet/seed_202/bandpass_n20004_cV3_electrode_s20.npz,76531,97fc2851a490b5297671a6e6bd43a7444a13e045cf18f964e87701eee259bbb7
resnet,clean_only,202,bandpass_n20004_cV3_electrode_s15,phase2/results/predictions/full/clean_only/resnet/seed_202/bandpass_n20004_cV3_electrode_s15.npz,76500,943916de2150f158d4b4c38ea31ab519f07f2f9a22b109d791b0fa478b74b813
resnet,clean_only,202,bandpass_n20004_cV3_electrode_s10,phase2/results/predictions/full/clean_only/resnet/seed_202/bandpass_n20004_cV3_electrode_s10.npz,76401,bbf67a446a60b8bc76501c4708db6a00997c8dc7d3dd3bf9e7c4d32b3f0f27cd
resnet,clean_only,202,bandpass_n20004_cV3_electrode_s5,phase2/results/predictions/full/clean_only/resnet/seed_202/bandpass_n20004_cV3_electrode_s5.npz,76137,f809f7d862185d8c1959e1c6b170c7447a754cfbd4d83343235052689a800ddf
resnet,clean_only,202,bandpass_n20004_cV3_electrode_s0,phase2/results/predictions/full/clean_only/resnet/seed_202/bandpass_n20004_cV3_electrode_s0.npz,75794,ccc3a8ce7ce9ad68720cb07c07481a121a7a525912a2111cd3302238cb20f9cf
resnet,clean_only,202,bandpass_n20004_cV3_covariance_s20,phase2/results/predictions/full/clean_only/resnet/seed_202/bandpass_n20004_cV3_covariance_s20.npz,76485,d470a74d7bc19686d45b749a72f64c6169df457d872f87e1d06ca8625ad8cf32
resnet,clean_only,202,bandpass_n20004_cV3_covariance_s15,phase2/results/predictions/full/clean_only/resnet/seed_202/bandpass_n20004_cV3_covariance_s15.npz,76464,eab39cc7564f0532b82e963dc32ee241e56fa4d5d4522ca6d4cb24bb9f19b035
resnet,clean_only,202,bandpass_n20004_cV3_covariance_s10,phase2/results/predictions/full/clean_only/resnet/seed_202/bandpass_n20004_cV3_covariance_s10.npz,76371,4b0535bad322c2499d064f5bdf79d878f1ac2ddcf19609b5680b2d4064c5a133
resnet,clean_only,202,bandpass_n20004_cV3_covariance_s5,phase2/results/predictions/full/clean_only/resnet/seed_202/bandpass_n20004_cV3_covariance_s5.npz,76163,9c04bc1e7567ff19306fc9e55c0003c1e3fb0b4013516994ae97ad56b61f8f54
resnet,clean_only,202,bandpass_n20004_cV3_covariance_s0,phase2/results/predictions/full/clean_only/resnet/seed_202/bandpass_n20004_cV3_covariance_s0.npz,75780,bdd441c76744c19b32b684d700f439475a16d59a792876b62d04826f5fab6a0e
resnet,clean_only,202,bandpass_n20004_cV4_independent_rms_s20,phase2/results/predictions/full/clean_only/resnet/seed_202/bandpass_n20004_cV4_independent_rms_s20.npz,76522,5806d8623105a06d01f83d0012de782b57e14698921e8ca3c3aa02f0055ffd4e
resnet,clean_only,202,bandpass_n20004_cV4_independent_rms_s15,phase2/results/predictions/full/clean_only/resnet/seed_202/bandpass_n20004_cV4_independent_rms_s15.npz,76430,e07cadc5eb94b4abcc6907df72c16050a66c792e6785484c4eebd2c79d272de7
resnet,clean_only,202,bandpass_n20004_cV4_independent_rms_s10,phase2/results/predictions/full/clean_only/resnet/seed_202/bandpass_n20004_cV4_independent_rms_s10.npz,76316,78c984131f0218f71f9a446d844049a4cd398dedcbcb745f1750994622df2079
resnet,clean_only,202,bandpass_n20004_cV4_independent_rms_s5,phase2/results/predictions/full/clean_only/resnet/seed_202/bandpass_n20004_cV4_independent_rms_s5.npz,76048,123a93264b04af62e4b1e743d28c8be74242d1e9bc956a8f0d55318ba689eb63
resnet,clean_only,202,bandpass_n20004_cV4_independent_rms_s0,phase2/results/predictions/full/clean_only/resnet/seed_202/bandpass_n20004_cV4_independent_rms_s0.npz,75376,4a715589b56f396284fa5d5e0959a2cdb3275a3c2b55788f8e528fc314403d66
resnet,clean_only,202,bandpass_n20004_cV4_electrode_s20,phase2/results/predictions/full/clean_only/resnet/seed_202/bandpass_n20004_cV4_electrode_s20.npz,76485,d208fac738f4849f4d018047218f7c5303149f33ab53dff40b92598c0154d80c
resnet,clean_only,202,bandpass_n20004_cV4_electrode_s15,phase2/results/predictions/full/clean_only/resnet/seed_202/bandpass_n20004_cV4_electrode_s15.npz,76440,8074ff5eea7dbb0334d4ac70f47841f389f84eb78fc80a6c90b83f4af2b90e52
resnet,clean_only,202,bandpass_n20004_cV4_electrode_s10,phase2/results/predictions/full/clean_only/resnet/seed_202/bandpass_n20004_cV4_electrode_s10.npz,76290,c936873c1834c1bbe0d58df9ae802807d5b137ce818341e728cc95fcbbecdcca
resnet,clean_only,202,bandpass_n20004_cV4_electrode_s5,phase2/results/predictions/full/clean_only/resnet/seed_202/bandpass_n20004_cV4_electrode_s5.npz,76035,1f0332855e97551042ad5bffa571b0619b7fbc520f05c4ddf46d1a1401763309
resnet,clean_only,202,bandpass_n20004_cV4_electrode_s0,phase2/results/predictions/full/clean_only/resnet/seed_202/bandpass_n20004_cV4_electrode_s0.npz,75404,3fdd76471e6fd9fdb6c2fda89a5e304e3be8ec0244cf476a7dabde10c34a78df
resnet,clean_only,202,bandpass_n20004_cV4_covariance_s20,phase2/results/predictions/full/clean_only/resnet/seed_202/bandpass_n20004_cV4_covariance_s20.npz,76493,891c96098ef6a4ca31b0d2902e43aeb246962406258c5be076fb0f6ea1aa2c44
resnet,clean_only,202,bandpass_n20004_cV4_covariance_s15,phase2/results/predictions/full/clean_only/resnet/seed_202/bandpass_n20004_cV4_covariance_s15.npz,76459,90d4dc8de10a141e66d32a938dc8c3291baaf2e10baf3ba789c46558d486a25c
resnet,clean_only,202,bandpass_n20004_cV4_covariance_s10,phase2/results/predictions/full/clean_only/resnet/seed_202/bandpass_n20004_cV4_covariance_s10.npz,76289,e2bd2515d0a0d48ffc822032826100218b4ae7705f470143bf8c1e950c67b08b
resnet,clean_only,202,bandpass_n20004_cV4_covariance_s5,phase2/results/predictions/full/clean_only/resnet/seed_202/bandpass_n20004_cV4_covariance_s5.npz,76014,c65b0838991cb9a999d138433cc7b6e6e6e8c4d8ae3d4a460a7c15d9e43bc0fd
resnet,clean_only,202,bandpass_n20004_cV4_covariance_s0,phase2/results/predictions/full/clean_only/resnet/seed_202/bandpass_n20004_cV4_covariance_s0.npz,75394,37c803f52d094eae5b56d6799d60459b62cb4658ac0d32e21cd4257b78127c3f
resnet,clean_only,202,bandpass_n20004_cV5_independent_rms_s20,phase2/results/predictions/full/clean_only/resnet/seed_202/bandpass_n20004_cV5_independent_rms_s20.npz,76496,b58d42c43938340ed7ea562cc983d672ce9ebd2a4f4b38983007ac855fc4ad6b
resnet,clean_only,202,bandpass_n20004_cV5_independent_rms_s15,phase2/results/predictions/full/clean_only/resnet/seed_202/bandpass_n20004_cV5_independent_rms_s15.npz,76383,457a76e368afba84ca539371cc97e42d8c0b81313a0efe48aed88b2d8859c81d
resnet,clean_only,202,bandpass_n20004_cV5_independent_rms_s10,phase2/results/predictions/full/clean_only/resnet/seed_202/bandpass_n20004_cV5_independent_rms_s10.npz,76242,7cd878abf648dbd21c26246a390d3bfaf45efe21ff25a8b5ece259f0ad6e8242
resnet,clean_only,202,bandpass_n20004_cV5_independent_rms_s5,phase2/results/predictions/full/clean_only/resnet/seed_202/bandpass_n20004_cV5_independent_rms_s5.npz,75907,ca8f869628b13082db03f17b8d067bb5704289d1c58f3ff968966e600bfaf84f
resnet,clean_only,202,bandpass_n20004_cV5_independent_rms_s0,phase2/results/predictions/full/clean_only/resnet/seed_202/bandpass_n20004_cV5_independent_rms_s0.npz,75350,73b47b09855fa7e074a35dcc85a23cfc09fef0b05cb25475944180e9035620c0
resnet,clean_only,202,bandpass_n20004_cV5_electrode_s20,phase2/results/predictions/full/clean_only/resnet/seed_202/bandpass_n20004_cV5_electrode_s20.npz,76475,2220c81a7c205d81493c7030fb8e51e1ffef5ca59d1c4d9d70f25b4d001820a1
resnet,clean_only,202,bandpass_n20004_cV5_electrode_s15,phase2/results/predictions/full/clean_only/resnet/seed_202/bandpass_n20004_cV5_electrode_s15.npz,76390,8155df2f5e12305eeb413a6295ea8575ab0ea77402b7ca6e7f250ad0bc45e7f5
resnet,clean_only,202,bandpass_n20004_cV5_electrode_s10,phase2/results/predictions/full/clean_only/resnet/seed_202/bandpass_n20004_cV5_electrode_s10.npz,76215,da362405754f8e8ef57558e4da709e6d134de328636288d4cfb5a6bef7f7a9a1
resnet,clean_only,202,bandpass_n20004_cV5_electrode_s5,phase2/results/predictions/full/clean_only/resnet/seed_202/bandpass_n20004_cV5_electrode_s5.npz,75896,13d91bfcaa8e8ced5e95015eacfc9e7c6a6554a6bacf832aef593cae0aab1926
resnet,clean_only,202,bandpass_n20004_cV5_electrode_s0,phase2/results/predictions/full/clean_only/resnet/seed_202/bandpass_n20004_cV5_electrode_s0.npz,75334,ef5fd34ea639ef56b3e42a29b2777350a60f181e9b7bac20b533d6dee0d6282f
resnet,clean_only,202,bandpass_n20004_cV5_covariance_s20,phase2/results/predictions/full/clean_only/resnet/seed_202/bandpass_n20004_cV5_covariance_s20.npz,76455,ab69dc1d8813c3d1fa41288153c88379e9b343b12e434ab22966157bdf806861
resnet,clean_only,202,bandpass_n20004_cV5_covariance_s15,phase2/results/predictions/full/clean_only/resnet/seed_202/bandpass_n20004_cV5_covariance_s15.npz,76387,4019c6ebdc53596e34d5478e23c1206e5d072aa30cec8b3b5cdb1fc9d65886ee
resnet,clean_only,202,bandpass_n20004_cV5_covariance_s10,phase2/results/predictions/full/clean_only/resnet/seed_202/bandpass_n20004_cV5_covariance_s10.npz,76210,37c7761ccbe4e83adf4f1e185c6bed208e934dff10578ca4aa87fa529c592949
resnet,clean_only,202,bandpass_n20004_cV5_covariance_s5,phase2/results/predictions/full/clean_only/resnet/seed_202/bandpass_n20004_cV5_covariance_s5.npz,75902,010e9094156c058ad8a1ce812f50eaf42a40be9824e8e15ded7b4502b2b5c0b4
resnet,clean_only,202,bandpass_n20004_cV5_covariance_s0,phase2/results/predictions/full/clean_only/resnet/seed_202/bandpass_n20004_cV5_covariance_s0.npz,75358,ba90219db92426fb313d214cb41050a725bf149dae8c9b103128e7c96d617f61
resnet,clean_only,202,bandpass_n20004_cV6_independent_rms_s20,phase2/results/predictions/full/clean_only/resnet/seed_202/bandpass_n20004_cV6_independent_rms_s20.npz,76526,6a5adbd2c03b6f68a9c95c24f114732de9c62054c63875cedbdd300ae4fb1006
resnet,clean_only,202,bandpass_n20004_cV6_independent_rms_s15,phase2/results/predictions/full/clean_only/resnet/seed_202/bandpass_n20004_cV6_independent_rms_s15.npz,76481,f5ca5161f7e5d5640bbc530d247dba59e8dcf3d0a6646c2f11623387bc36bb06
resnet,clean_only,202,bandpass_n20004_cV6_independent_rms_s10,phase2/results/predictions/full/clean_only/resnet/seed_202/bandpass_n20004_cV6_independent_rms_s10.npz,76331,cd0d2b3e1b70e7a33cd0c790657cd8027abb8b6514b5ce8fe97e75b46c058d6d
resnet,clean_only,202,bandpass_n20004_cV6_independent_rms_s5,phase2/results/predictions/full/clean_only/resnet/seed_202/bandpass_n20004_cV6_independent_rms_s5.npz,76040,49f77447a9a1553f4c313c1d0c2b76199ef2d81eabc6f0d09bb55b8473842a02
resnet,clean_only,202,bandpass_n20004_cV6_independent_rms_s0,phase2/results/predictions/full/clean_only/resnet/seed_202/bandpass_n20004_cV6_independent_rms_s0.npz,75374,1a9200085a103855df7c9457981f1bf745c5a2b94c4a9171bc1ee45cc06d7ff4
resnet,clean_only,202,bandpass_n20004_cV6_electrode_s20,phase2/results/predictions/full/clean_only/resnet/seed_202/bandpass_n20004_cV6_electrode_s20.npz,76542,b92b52309977d7f5821214abf119b2335bac8d46fddedfad4a83523d4cf31d5c
resnet,clean_only,202,bandpass_n20004_cV6_electrode_s15,phase2/results/predictions/full/clean_only/resnet/seed_202/bandpass_n20004_cV6_electrode_s15.npz,76427,79644af2fe7bdb00c833c2c6f1c095382a2add35dc16d33045785c2345193d03
resnet,clean_only,202,bandpass_n20004_cV6_electrode_s10,phase2/results/predictions/full/clean_only/resnet/seed_202/bandpass_n20004_cV6_electrode_s10.npz,76304,b59ffc24acbd19c5328b6c90301b07f68d0c868be92c3e5de199302a6989c701
resnet,clean_only,202,bandpass_n20004_cV6_electrode_s5,phase2/results/predictions/full/clean_only/resnet/seed_202/bandpass_n20004_cV6_electrode_s5.npz,76019,935d49c641aa17e0470b3149eaac08158ff0137bf3464d9c46b4e80601d9a0f5
resnet,clean_only,202,bandpass_n20004_cV6_electrode_s0,phase2/results/predictions/full/clean_only/resnet/seed_202/bandpass_n20004_cV6_electrode_s0.npz,75341,464c4d81305e45aa8d7532ff963d1983907bcdf6581accd5aa7d048905992936
resnet,clean_only,202,bandpass_n20004_cV6_covariance_s20,phase2/results/predictions/full/clean_only/resnet/seed_202/bandpass_n20004_cV6_covariance_s20.npz,76498,45411e122537ccee386462ebc416b835cd8b3de7a4bb4f768bfe27bc09dd7e17
resnet,clean_only,202,bandpass_n20004_cV6_covariance_s15,phase2/results/predictions/full/clean_only/resnet/seed_202/bandpass_n20004_cV6_covariance_s15.npz,76440,e9d18ec10a5f60f55c8d9e16a5285e2dd68742a303f98b64016d3f65971badbf
resnet,clean_only,202,bandpass_n20004_cV6_covariance_s10,phase2/results/predictions/full/clean_only/resnet/seed_202/bandpass_n20004_cV6_covariance_s10.npz,76314,88725819492d5578303c098cb65b7d78c3c0438eab1d8aa6d05eb020159f35b8
resnet,clean_only,202,bandpass_n20004_cV6_covariance_s5,phase2/results/predictions/full/clean_only/resnet/seed_202/bandpass_n20004_cV6_covariance_s5.npz,76008,3ac6a4b911fea1399d4c82a2a44f93a3cd2d807baf321ad76e546d5001f496be
resnet,clean_only,202,bandpass_n20004_cV6_covariance_s0,phase2/results/predictions/full/clean_only/resnet/seed_202/bandpass_n20004_cV6_covariance_s0.npz,75369,1757e99ec1e27f9c81f289c18772c226019665a039b5e3790278c32b4a0a27b5
resnet,clean_only,202,bandpass_n20004_cRA_LA_independent_rms_s20,phase2/results/predictions/full/clean_only/resnet/seed_202/bandpass_n20004_cRA_LA_independent_rms_s20.npz,76503,9fcbdedf4b3e37347b96b177120e30d18685e08694c692c0be2792007f8d8613
resnet,clean_only,202,bandpass_n20004_cRA_LA_independent_rms_s15,phase2/results/predictions/full/clean_only/resnet/seed_202/bandpass_n20004_cRA_LA_independent_rms_s15.npz,76451,aee748b95ff433ef9b65c89f7f00a34a388e984e60358f985ac82011db85c53f
resnet,clean_only,202,bandpass_n20004_cRA_LA_independent_rms_s10,phase2/results/predictions/full/clean_only/resnet/seed_202/bandpass_n20004_cRA_LA_independent_rms_s10.npz,76284,6f4823d53c86675549a849b4db3da1e066775b9e5ced511fd563fe10732af41d
resnet,clean_only,202,bandpass_n20004_cRA_LA_independent_rms_s5,phase2/results/predictions/full/clean_only/resnet/seed_202/bandpass_n20004_cRA_LA_independent_rms_s5.npz,75888,0cdbc7e7c3bc15828129ac723f62d578b65ede62a141f26dc8e9d8bbaef9cf36
resnet,clean_only,202,bandpass_n20004_cRA_LA_independent_rms_s0,phase2/results/predictions/full/clean_only/resnet/seed_202/bandpass_n20004_cRA_LA_independent_rms_s0.npz,75271,1985f1fa93d13f11f75ef57e40ca31696037d39dd65024322f5f8015ce51b284
resnet,clean_only,202,bandpass_n20004_cRA_LA_electrode_s20,phase2/results/predictions/full/clean_only/resnet/seed_202/bandpass_n20004_cRA_LA_electrode_s20.npz,76494,d2f5009af63922f32f082f38ae495b4d4133a471a40e9e4d7a112388702edad6
resnet,clean_only,202,bandpass_n20004_cRA_LA_electrode_s15,phase2/results/predictions/full/clean_only/resnet/seed_202/bandpass_n20004_cRA_LA_electrode_s15.npz,76383,efddfdaa071551afc7135981e08616e1cf9365ceca324a2faddfbdb2cba652d4
resnet,clean_only,202,bandpass_n20004_cRA_LA_electrode_s10,phase2/results/predictions/full/clean_only/resnet/seed_202/bandpass_n20004_cRA_LA_electrode_s10.npz,76172,463487624a2ee20f3d19461fa0d8c9cab70a16ad7e10c9d92f9f79a14a720f66
resnet,clean_only,202,bandpass_n20004_cRA_LA_electrode_s5,phase2/results/predictions/full/clean_only/resnet/seed_202/bandpass_n20004_cRA_LA_electrode_s5.npz,75717,788fbe7e99d3c6d80cf6e7a32f8414e990c8302e7d265e73c9b9c31175b68634
resnet,clean_only,202,bandpass_n20004_cRA_LA_electrode_s0,phase2/results/predictions/full/clean_only/resnet/seed_202/bandpass_n20004_cRA_LA_electrode_s0.npz,75319,81f433b9b3aa436d32693a3880093c30fff4eb5b00fe47b3bab5faf7064dc8bf
resnet,clean_only,202,bandpass_n20004_cRA_LA_covariance_s20,phase2/results/predictions/full/clean_only/resnet/seed_202/bandpass_n20004_cRA_LA_covariance_s20.npz,76472,d8737e8a13e2a20e65fcd0cbd1559e2607ea960f33d8ded126831de026a1634f
resnet,clean_only,202,bandpass_n20004_cRA_LA_covariance_s15,phase2/results/predictions/full/clean_only/resnet/seed_202/bandpass_n20004_cRA_LA_covariance_s15.npz,76398,d5b5519386699a2e9589037472883fa9763c0ca66108e4322a8b014565e24dde
resnet,clean_only,202,bandpass_n20004_cRA_LA_covariance_s10,phase2/results/predictions/full/clean_only/resnet/seed_202/bandpass_n20004_cRA_LA_covariance_s10.npz,76182,96708f20a69a04508a07bf8322b95435010641c38b5e786d0b944b7a621af96c
resnet,clean_only,202,bandpass_n20004_cRA_LA_covariance_s5,phase2/results/predictions/full/clean_only/resnet/seed_202/bandpass_n20004_cRA_LA_covariance_s5.npz,75703,04c5cd68c65a3d067e4a264c3ee65e76f1420de71e5523c72aa49d227eaa532d
resnet,clean_only,202,bandpass_n20004_cRA_LA_covariance_s0,phase2/results/predictions/full/clean_only/resnet/seed_202/bandpass_n20004_cRA_LA_covariance_s0.npz,75320,2aa2d9f3c7107e5262d189b5fe900668add61c61f74b7292f55e9c25e96f9db1
resnet,clean_only,202,bandpass_n20004_cLA_LL_independent_rms_s20,phase2/results/predictions/full/clean_only/resnet/seed_202/bandpass_n20004_cLA_LL_independent_rms_s20.npz,76495,e7b64d50b959e30272f09b863f2ae52a8155bb16117eaba155b0e57d097bbdfa
resnet,clean_only,202,bandpass_n20004_cLA_LL_independent_rms_s15,phase2/results/predictions/full/clean_only/resnet/seed_202/bandpass_n20004_cLA_LL_independent_rms_s15.npz,76424,bc83978227df345ac426bf7ae2fe136b4f019426eb39d38a5caa08486d7f9744
resnet,clean_only,202,bandpass_n20004_cLA_LL_independent_rms_s10,phase2/results/predictions/full/clean_only/resnet/seed_202/bandpass_n20004_cLA_LL_independent_rms_s10.npz,76259,bf061d66582f12eb32c3f89732a5f25dbe977b3544a52a4d71c24b3bc81848e1
resnet,clean_only,202,bandpass_n20004_cLA_LL_independent_rms_s5,phase2/results/predictions/full/clean_only/resnet/seed_202/bandpass_n20004_cLA_LL_independent_rms_s5.npz,75944,0aa038f49082e0b7de1e43b62977c78ab316f8990be5fdd9663fed26f1c68d05
resnet,clean_only,202,bandpass_n20004_cLA_LL_independent_rms_s0,phase2/results/predictions/full/clean_only/resnet/seed_202/bandpass_n20004_cLA_LL_independent_rms_s0.npz,75341,d362ba702e3f68c43fdb505dcced9f56e88c4ffb9c1f5027049e1ee43430c147
resnet,clean_only,202,bandpass_n20004_cLA_LL_electrode_s20,phase2/results/predictions/full/clean_only/resnet/seed_202/bandpass_n20004_cLA_LL_electrode_s20.npz,76458,ef95aea1aad76515f1e78ef19cf3aedbed53a0fa17a9dddb3e103e929310aa0a
resnet,clean_only,202,bandpass_n20004_cLA_LL_electrode_s15,phase2/results/predictions/full/clean_only/resnet/seed_202/bandpass_n20004_cLA_LL_electrode_s15.npz,76398,a311a690227386a37ecd8301bfdbd157f068c331bfc816ef17e25b440e95646f
resnet,clean_only,202,bandpass_n20004_cLA_LL_electrode_s10,phase2/results/predictions/full/clean_only/resnet/seed_202/bandpass_n20004_cLA_LL_electrode_s10.npz,76178,2a7754baf1aca4e6f392771130413e96ce0d3cece7d0999f91e6ba2d1cd25212
resnet,clean_only,202,bandpass_n20004_cLA_LL_electrode_s5,phase2/results/predictions/full/clean_only/resnet/seed_202/bandpass_n20004_cLA_LL_electrode_s5.npz,75722,24cc37adf097ae94bdb88c2a4f1b640151308afca564f4c1b584ca11315326dd
resnet,clean_only,202,bandpass_n20004_cLA_LL_electrode_s0,phase2/results/predictions/full/clean_only/resnet/seed_202/bandpass_n20004_cLA_LL_electrode_s0.npz,75308,aa71e89da8aa43ee2d2f84a109b9842de7658b6185b48861ed824231448273ab
resnet,clean_only,202,bandpass_n20004_cLA_LL_covariance_s20,phase2/results/predictions/full/clean_only/resnet/seed_202/bandpass_n20004_cLA_LL_covariance_s20.npz,76476,ac67ac310cfcd96ded499df23cd40ece4da5b7ba1f93adc670fef99365a68f4b
resnet,clean_only,202,bandpass_n20004_cLA_LL_covariance_s15,phase2/results/predictions/full/clean_only/resnet/seed_202/bandpass_n20004_cLA_LL_covariance_s15.npz,76403,c3143d65cb676e87c77a0dbb65e1bc2e68245037a4c94171074f32dc26a8167e
resnet,clean_only,202,bandpass_n20004_cLA_LL_covariance_s10,phase2/results/predictions/full/clean_only/resnet/seed_202/bandpass_n20004_cLA_LL_covariance_s10.npz,76189,0dbc687cb02231ca7717a18c3d608789bc302faad10f00548c70c728ce9d2984
resnet,clean_only,202,bandpass_n20004_cLA_LL_covariance_s5,phase2/results/predictions/full/clean_only/resnet/seed_202/bandpass_n20004_cLA_LL_covariance_s5.npz,75700,c7139530d7bc9df096076811aa45ed1ec685c86cf6cf517861170c41f24ebfdb
resnet,clean_only,202,bandpass_n20004_cLA_LL_covariance_s0,phase2/results/predictions/full/clean_only/resnet/seed_202/bandpass_n20004_cLA_LL_covariance_s0.npz,75302,2f139f482c6692722b806deb6614871dc132caa54f47066a4b261fa556a1cc07
resnet,clean_only,202,bandpass_n20004_cRA_LL_independent_rms_s20,phase2/results/predictions/full/clean_only/resnet/seed_202/bandpass_n20004_cRA_LL_independent_rms_s20.npz,76522,f74520390c4d27237b4aa0f4f63825edd94b5168b64385fc05401a31192176b8
resnet,clean_only,202,bandpass_n20004_cRA_LL_independent_rms_s15,phase2/results/predictions/full/clean_only/resnet/seed_202/bandpass_n20004_cRA_LL_independent_rms_s15.npz,76412,03dd16451a0e03062e5f17a135b520a69d63b1be2126e94ec5f1ac7cb990ba15
resnet,clean_only,202,bandpass_n20004_cRA_LL_independent_rms_s10,phase2/results/predictions/full/clean_only/resnet/seed_202/bandpass_n20004_cRA_LL_independent_rms_s10.npz,76282,26b0e1ca4297f2df7e579b6c1f4ccd4c7b7e76c2bba81b6f13828e2015e6aa58
resnet,clean_only,202,bandpass_n20004_cRA_LL_independent_rms_s5,phase2/results/predictions/full/clean_only/resnet/seed_202/bandpass_n20004_cRA_LL_independent_rms_s5.npz,75936,0a2bcd7e378489241451281b75c56336bf09a76e609e096db4947c503b127945
resnet,clean_only,202,bandpass_n20004_cRA_LL_independent_rms_s0,phase2/results/predictions/full/clean_only/resnet/seed_202/bandpass_n20004_cRA_LL_independent_rms_s0.npz,75290,cde662f3f32921039a917834aa2a94e4e33b75f63bd19b7ff62c68e803e9822e
resnet,clean_only,202,bandpass_n20004_cRA_LL_electrode_s20,phase2/results/predictions/full/clean_only/resnet/seed_202/bandpass_n20004_cRA_LL_electrode_s20.npz,76485,90771a431ee31558af4d41aa518d6d6c1035df630b74f634daefb6230549be39
resnet,clean_only,202,bandpass_n20004_cRA_LL_electrode_s15,phase2/results/predictions/full/clean_only/resnet/seed_202/bandpass_n20004_cRA_LL_electrode_s15.npz,76390,dccbe26e3041cfec0b7f3fd9b9a4cabb8d610d664d18151744961a23ddac6893
resnet,clean_only,202,bandpass_n20004_cRA_LL_electrode_s10,phase2/results/predictions/full/clean_only/resnet/seed_202/bandpass_n20004_cRA_LL_electrode_s10.npz,76218,a9f3121477158c354c331e74f31e26d174767f68dfdc56238cc30e3dfd89d470
resnet,clean_only,202,bandpass_n20004_cRA_LL_electrode_s5,phase2/results/predictions/full/clean_only/resnet/seed_202/bandpass_n20004_cRA_LL_electrode_s5.npz,75803,f114725083dfe90b2aca3e72264e9884064369f9bf2eae48ceef6c5c4438ffa8
resnet,clean_only,202,bandpass_n20004_cRA_LL_electrode_s0,phase2/results/predictions/full/clean_only/resnet/seed_202/bandpass_n20004_cRA_LL_electrode_s0.npz,75300,579367821097adef7942d7e96281bb434a61eb0e0dcaac3d62cc06de0ab36bcc
resnet,clean_only,202,bandpass_n20004_cRA_LL_covariance_s20,phase2/results/predictions/full/clean_only/resnet/seed_202/bandpass_n20004_cRA_LL_covariance_s20.npz,76495,24cc7514ecbbbc9236a277472b860855a041d8b7ee1ca6d8f364dc4b7e7ab5df
resnet,clean_only,202,bandpass_n20004_cRA_LL_covariance_s15,phase2/results/predictions/full/clean_only/resnet/seed_202/bandpass_n20004_cRA_LL_covariance_s15.npz,76380,42d4412287ee2279b2db0f4c3590ee53702375d70b57a02096129a485b0d60ae
resnet,clean_only,202,bandpass_n20004_cRA_LL_covariance_s10,phase2/results/predictions/full/clean_only/resnet/seed_202/bandpass_n20004_cRA_LL_covariance_s10.npz,76206,5af5b23676134b2a54b7da1de0847ee1f6a86622d18fce195ebb01c6069fef28
resnet,clean_only,202,bandpass_n20004_cRA_LL_covariance_s5,phase2/results/predictions/full/clean_only/resnet/seed_202/bandpass_n20004_cRA_LL_covariance_s5.npz,75829,8c1b4c555adcf9b2048f45f9b951541af8c2680e42f4d4b91d98ad686bdcae47
resnet,clean_only,202,bandpass_n20004_cRA_LL_covariance_s0,phase2/results/predictions/full/clean_only/resnet/seed_202/bandpass_n20004_cRA_LL_covariance_s0.npz,75287,8c1ff58d132f37306eef6c3f273d133a024372b1e6c6d238c96fa114df9acb45
resnet,clean_only,202,bandpass_n20004_cRA_independent_rms_s20,phase2/results/predictions/full/clean_only/resnet/seed_202/bandpass_n20004_cRA_independent_rms_s20.npz,76489,00366b2529f7fd18018de30606ada8892b604853fef67d6b327c027a7aad967f
resnet,clean_only,202,bandpass_n20004_cRA_independent_rms_s15,phase2/results/predictions/full/clean_only/resnet/seed_202/bandpass_n20004_cRA_independent_rms_s15.npz,76431,ab15bd66e1b29f32fae874fe6cda32e504d4780a4f6fbfc62d365d551ec4dbbb
resnet,clean_only,202,bandpass_n20004_cRA_independent_rms_s10,phase2/results/predictions/full/clean_only/resnet/seed_202/bandpass_n20004_cRA_independent_rms_s10.npz,76228,edfb33b18780eb45b0363575c8baa8aea33a71a50d46ca61439854f6b6c28733
resnet,clean_only,202,bandpass_n20004_cRA_independent_rms_s5,phase2/results/predictions/full/clean_only/resnet/seed_202/bandpass_n20004_cRA_independent_rms_s5.npz,75897,859ca6842070974c054eaf3f141d903042b94d89403b4e0abf4b04f139012084
resnet,clean_only,202,bandpass_n20004_cRA_independent_rms_s0,phase2/results/predictions/full/clean_only/resnet/seed_202/bandpass_n20004_cRA_independent_rms_s0.npz,75266,196ff71a17ee3d4ad9ef1cf33732f33c56de45c561af7fec1ea16a6da0177a9c
resnet,clean_only,202,bandpass_n20004_cRA_electrode_s20,phase2/results/predictions/full/clean_only/resnet/seed_202/bandpass_n20004_cRA_electrode_s20.npz,76451,9edb2a9573227943b2554429bc4876d9e2e05a465527a858962d4a39cef429c2
resnet,clean_only,202,bandpass_n20004_cRA_electrode_s15,phase2/results/predictions/full/clean_only/resnet/seed_202/bandpass_n20004_cRA_electrode_s15.npz,76372,0516450b2198d6fc5e82c624622f93c958bb35633318cb52cfeb07b05f49945d
resnet,clean_only,202,bandpass_n20004_cRA_electrode_s10,phase2/results/predictions/full/clean_only/resnet/seed_202/bandpass_n20004_cRA_electrode_s10.npz,76203,1cafda3bef97085e5de8a3ff39bcebdb3b4de2f4fe9d516e80fdae21ce3cd54f
resnet,clean_only,202,bandpass_n20004_cRA_electrode_s5,phase2/results/predictions/full/clean_only/resnet/seed_202/bandpass_n20004_cRA_electrode_s5.npz,75882,fc4599e97b360c48c192924febb0039e9bc737532674d0e1a628844c32ac03ea
resnet,clean_only,202,bandpass_n20004_cRA_electrode_s0,phase2/results/predictions/full/clean_only/resnet/seed_202/bandpass_n20004_cRA_electrode_s0.npz,75353,a4a0b3a536d3042ad1cc4571d87559a25b952795c4bd7f02a9b32524871f48fc
resnet,clean_only,202,bandpass_n20004_cRA_covariance_s20,phase2/results/predictions/full/clean_only/resnet/seed_202/bandpass_n20004_cRA_covariance_s20.npz,76492,3b69303750dabceb5a2b8e1eebb854f50d06e0046d5bf7e29a00688c80d593b3
resnet,clean_only,202,bandpass_n20004_cRA_covariance_s15,phase2/results/predictions/full/clean_only/resnet/seed_202/bandpass_n20004_cRA_covariance_s15.npz,76371,e741f771c488e229feb1cbfa036870ce39e6c2fcf5a4ab4e302405b717bad0de
resnet,clean_only,202,bandpass_n20004_cRA_covariance_s10,phase2/results/predictions/full/clean_only/resnet/seed_202/bandpass_n20004_cRA_covariance_s10.npz,76233,213f33ec34845353df346b74568c4360f4fc909d8357e8e7170ed550c0c7d588
resnet,clean_only,202,bandpass_n20004_cRA_covariance_s5,phase2/results/predictions/full/clean_only/resnet/seed_202/bandpass_n20004_cRA_covariance_s5.npz,75832,3f716911ec4f3d57cab11f7fbd282e4d2929f2f8616fdd7f52b3fab788f37922
resnet,clean_only,202,bandpass_n20004_cRA_covariance_s0,phase2/results/predictions/full/clean_only/resnet/seed_202/bandpass_n20004_cRA_covariance_s0.npz,75344,fa35297b9ac054467c67e404d9ac15c3182e3d6d83771573f4a1707668ee0cc1
resnet,clean_only,202,bandpass_n20004_cLA_independent_rms_s20,phase2/results/predictions/full/clean_only/resnet/seed_202/bandpass_n20004_cLA_independent_rms_s20.npz,76497,0af0497b88ef875a939ae11fc07db0e95afff908bbaa83956a363ff671e7b199
resnet,clean_only,202,bandpass_n20004_cLA_independent_rms_s15,phase2/results/predictions/full/clean_only/resnet/seed_202/bandpass_n20004_cLA_independent_rms_s15.npz,76406,63b4bb70ccbd820d5d5c9e10170587a859b62cdd608575a61826958d11567931
resnet,clean_only,202,bandpass_n20004_cLA_independent_rms_s10,phase2/results/predictions/full/clean_only/resnet/seed_202/bandpass_n20004_cLA_independent_rms_s10.npz,76264,3a85f0469e841b3993ce517e0b32e3f4036c1032d7d38cef614936fe454f5d4a
resnet,clean_only,202,bandpass_n20004_cLA_independent_rms_s5,phase2/results/predictions/full/clean_only/resnet/seed_202/bandpass_n20004_cLA_independent_rms_s5.npz,75896,f43f50dbf6d6a96f6c3dbf3e5896f3c72f362e19e11dd97ca8a7581b1454dce9
resnet,clean_only,202,bandpass_n20004_cLA_independent_rms_s0,phase2/results/predictions/full/clean_only/resnet/seed_202/bandpass_n20004_cLA_independent_rms_s0.npz,75302,2c9c338f6f413d8f99b73131ed0209ce3067e2f444efc57f06ba60bd37b77d27
resnet,clean_only,202,bandpass_n20004_cLA_electrode_s20,phase2/results/predictions/full/clean_only/resnet/seed_202/bandpass_n20004_cLA_electrode_s20.npz,76472,a5e127483b0553ab76cf0e412781d9ca41a34d17bf40838abe47673ca0f59ee3
resnet,clean_only,202,bandpass_n20004_cLA_electrode_s15,phase2/results/predictions/full/clean_only/resnet/seed_202/bandpass_n20004_cLA_electrode_s15.npz,76372,a68a20adfcd7ef44ff5682332488af56983f80b50df80dbd17094481756af5df
resnet,clean_only,202,bandpass_n20004_cLA_electrode_s10,phase2/results/predictions/full/clean_only/resnet/seed_202/bandpass_n20004_cLA_electrode_s10.npz,76141,2985d3afc65f9d48a26693035dde0ddff49a8652758d9008bfd487d358b1d3c3
resnet,clean_only,202,bandpass_n20004_cLA_electrode_s5,phase2/results/predictions/full/clean_only/resnet/seed_202/bandpass_n20004_cLA_electrode_s5.npz,75680,590b40c4839a9b68194ded19dbcfcc5971716a8e40a965c7525005692caa4c62
resnet,clean_only,202,bandpass_n20004_cLA_electrode_s0,phase2/results/predictions/full/clean_only/resnet/seed_202/bandpass_n20004_cLA_electrode_s0.npz,75339,89b2d152c585a85d47de4847b8ffeb51a79c88b2c700eb9f80cf568ae0fb7598
resnet,clean_only,202,bandpass_n20004_cLA_covariance_s20,phase2/results/predictions/full/clean_only/resnet/seed_202/bandpass_n20004_cLA_covariance_s20.npz,76483,20e1ea6a9bb5136a95bd8cc5097c65d7939d259623bf9db9b3f085f09e0edf58
resnet,clean_only,202,bandpass_n20004_cLA_covariance_s15,phase2/results/predictions/full/clean_only/resnet/seed_202/bandpass_n20004_cLA_covariance_s15.npz,76373,6c8ab2285f09596704c6bb4c9d5debe9498a7a0caa57382498615af96dd77b8b
resnet,clean_only,202,bandpass_n20004_cLA_covariance_s10,phase2/results/predictions/full/clean_only/resnet/seed_202/bandpass_n20004_cLA_covariance_s10.npz,76122,36e23aec872ed185cba4936372f0e51ef23979c1d0acc2fe6cc1f6aeb094cb30
resnet,clean_only,202,bandpass_n20004_cLA_covariance_s5,phase2/results/predictions/full/clean_only/resnet/seed_202/bandpass_n20004_cLA_covariance_s5.npz,75705,c3735162dfb75473c0b4748010e5c73d65b34c916046b9ec9ae73f26ba618dee
resnet,clean_only,202,bandpass_n20004_cLA_covariance_s0,phase2/results/predictions/full/clean_only/resnet/seed_202/bandpass_n20004_cLA_covariance_s0.npz,75305,320588f6ddc2d645ef0d679c617d80332f3808a940c99d3fba63116258b0a636
resnet,clean_only,202,bandpass_n20004_cLL_independent_rms_s20,phase2/results/predictions/full/clean_only/resnet/seed_202/bandpass_n20004_cLL_independent_rms_s20.npz,76506,539eb1daec6ba541e4a4cb18d25f83e7d0988e8e5b5c6bf6b2d694fc8d5af6cc
resnet,clean_only,202,bandpass_n20004_cLL_independent_rms_s15,phase2/results/predictions/full/clean_only/resnet/seed_202/bandpass_n20004_cLL_independent_rms_s15.npz,76451,b31a16fed2e4ce10a5d890fa247cc9903beb5b84a2918417bdfe49b655cb9cdb
resnet,clean_only,202,bandpass_n20004_cLL_independent_rms_s10,phase2/results/predictions/full/clean_only/resnet/seed_202/bandpass_n20004_cLL_independent_rms_s10.npz,76270,9bd7d10e4180d6fd6a1f7aaa06a7168f7c9e447305e8a065e6710f67ad6bf23c
resnet,clean_only,202,bandpass_n20004_cLL_independent_rms_s5,phase2/results/predictions/full/clean_only/resnet/seed_202/bandpass_n20004_cLL_independent_rms_s5.npz,75928,16909f4417bf2e3053b8e6918184462d4e96c70a526e3ee0e473f221f0a08a8d
resnet,clean_only,202,bandpass_n20004_cLL_independent_rms_s0,phase2/results/predictions/full/clean_only/resnet/seed_202/bandpass_n20004_cLL_independent_rms_s0.npz,75353,8716d1eb6ac46ff9a78486d891f40569880cca187e952b47712370456cbb98c6
resnet,clean_only,202,bandpass_n20004_cLL_electrode_s20,phase2/results/predictions/full/clean_only/resnet/seed_202/bandpass_n20004_cLL_electrode_s20.npz,76457,725a7d76b1ff2f2084d53280cbbc24ba632ad2a5ab515e225b9121b2b2aa6eb2
resnet,clean_only,202,bandpass_n20004_cLL_electrode_s15,phase2/results/predictions/full/clean_only/resnet/seed_202/bandpass_n20004_cLL_electrode_s15.npz,76367,951ba1441fc356dbe082e5f6c576727290df01afbc369f3f1cef1a65d76b68b3
resnet,clean_only,202,bandpass_n20004_cLL_electrode_s10,phase2/results/predictions/full/clean_only/resnet/seed_202/bandpass_n20004_cLL_electrode_s10.npz,76206,a3f804853645c8b736cc4af1f19f4967a57ba453ea8f5fc848ffb8039d7011d0
resnet,clean_only,202,bandpass_n20004_cLL_electrode_s5,phase2/results/predictions/full/clean_only/resnet/seed_202/bandpass_n20004_cLL_electrode_s5.npz,75779,270924422a3baed53943d1f942cd25226e9a6359274d199c41b5a7cc745e6fbd
resnet,clean_only,202,bandpass_n20004_cLL_electrode_s0,phase2/results/predictions/full/clean_only/resnet/seed_202/bandpass_n20004_cLL_electrode_s0.npz,75386,40f57b5a72c8ff3e565938c4c89012503aa9e59ef3efa8deed7dd90d37539d80
resnet,clean_only,202,bandpass_n20004_cLL_covariance_s20,phase2/results/predictions/full/clean_only/resnet/seed_202/bandpass_n20004_cLL_covariance_s20.npz,76483,05714e6672d203f74b2f6e458e85f24e90c7330bafabc4356a3c61b7ca9744cc
resnet,clean_only,202,bandpass_n20004_cLL_covariance_s15,phase2/results/predictions/full/clean_only/resnet/seed_202/bandpass_n20004_cLL_covariance_s15.npz,76345,ac5d15a4685ad2e561f71fa309d772b2e8963b730f7f55baa69ae2223e368401
resnet,clean_only,202,bandpass_n20004_cLL_covariance_s10,phase2/results/predictions/full/clean_only/resnet/seed_202/bandpass_n20004_cLL_covariance_s10.npz,76217,332c8ddbc0f54fd734c82807f6cece744a635eec73f7ca02290bdc84fd93f551
resnet,clean_only,202,bandpass_n20004_cLL_covariance_s5,phase2/results/predictions/full/clean_only/resnet/seed_202/bandpass_n20004_cLL_covariance_s5.npz,75799,c278454e118456f90f47ab9ff76c1c36526adcd74dd935c2610fdb53ccc7d8f4
resnet,clean_only,202,bandpass_n20004_cLL_covariance_s0,phase2/results/predictions/full/clean_only/resnet/seed_202/bandpass_n20004_cLL_covariance_s0.npz,75381,5ae1edb71aa5c419351566fa91a6bcdbc2d37b4b0e8ca89cb75a157449db017f
resnet,clean_only,202,bandpass_n20004_cRA_V1_independent_rms_s20,phase2/results/predictions/full/clean_only/resnet/seed_202/bandpass_n20004_cRA_V1_independent_rms_s20.npz,76504,daf2771f5bdc015dea01290b3f65e5a01a423121ea446f45c8e2081cfb9697da
resnet,clean_only,202,bandpass_n20004_cRA_V1_independent_rms_s15,phase2/results/predictions/full/clean_only/resnet/seed_202/bandpass_n20004_cRA_V1_independent_rms_s15.npz,76401,bbfb71dfdbb8c7eec40c192b0028a1c3c05bc38676d5f574cad12354fd1dd6d0
resnet,clean_only,202,bandpass_n20004_cRA_V1_independent_rms_s10,phase2/results/predictions/full/clean_only/resnet/seed_202/bandpass_n20004_cRA_V1_independent_rms_s10.npz,76237,0c1e58ff86f68a84203c799e3ea8118a48ae74fcb45c712073f9b3a83bb36193
resnet,clean_only,202,bandpass_n20004_cRA_V1_independent_rms_s5,phase2/results/predictions/full/clean_only/resnet/seed_202/bandpass_n20004_cRA_V1_independent_rms_s5.npz,75887,13527b052387022a6daf92b961bb33e524a89f069ef050527dc0b6f6644f7066
resnet,clean_only,202,bandpass_n20004_cRA_V1_independent_rms_s0,phase2/results/predictions/full/clean_only/resnet/seed_202/bandpass_n20004_cRA_V1_independent_rms_s0.npz,75255,00563502df4185f3e71d1d8dd4e76d9b68c3fa8e00125683afa00b04315dfe1b
resnet,clean_only,202,bandpass_n20004_cRA_V1_electrode_s20,phase2/results/predictions/full/clean_only/resnet/seed_202/bandpass_n20004_cRA_V1_electrode_s20.npz,76487,cfd6894790b90c3f2dc2cedee845294f53d2092c2ca1974181dc060a4a289836
resnet,clean_only,202,bandpass_n20004_cRA_V1_electrode_s15,phase2/results/predictions/full/clean_only/resnet/seed_202/bandpass_n20004_cRA_V1_electrode_s15.npz,76399,f0ed19db4b245c8ffad8d5d03eb977b07c8a0600e7bba33e9f485a03a1b7495f
resnet,clean_only,202,bandpass_n20004_cRA_V1_electrode_s10,phase2/results/predictions/full/clean_only/resnet/seed_202/bandpass_n20004_cRA_V1_electrode_s10.npz,76210,8819f8eb70b495d1e5338d6309464a7d8d484d984b945dd915e33b61dcd5431a
resnet,clean_only,202,bandpass_n20004_cRA_V1_electrode_s5,phase2/results/predictions/full/clean_only/resnet/seed_202/bandpass_n20004_cRA_V1_electrode_s5.npz,75803,6fe96d8748ae16adeee1f6556aa42046cc88a25036ebbddc62bf0ae532778622
resnet,clean_only,202,bandpass_n20004_cRA_V1_electrode_s0,phase2/results/predictions/full/clean_only/resnet/seed_202/bandpass_n20004_cRA_V1_electrode_s0.npz,75367,7f379b56728c5eaf6b43f8ee71b02bf9ae919f6ec7613b2c95cf1ba0c88a962a
resnet,clean_only,202,bandpass_n20004_cRA_V1_covariance_s20,phase2/results/predictions/full/clean_only/resnet/seed_202/bandpass_n20004_cRA_V1_covariance_s20.npz,76505,eb8aff51ccb23612d2b8590be914da99b84003482dc07b9eb226d96edf312d2a
resnet,clean_only,202,bandpass_n20004_cRA_V1_covariance_s15,phase2/results/predictions/full/clean_only/resnet/seed_202/bandpass_n20004_cRA_V1_covariance_s15.npz,76383,8fa19c8d2cf135fb487e49b0d5041601751ceb37b4c39c265162c4085eee0f46
resnet,clean_only,202,bandpass_n20004_cRA_V1_covariance_s10,phase2/results/predictions/full/clean_only/resnet/seed_202/bandpass_n20004_cRA_V1_covariance_s10.npz,76229,e655c8f1f8b03094a85303141294ff24f43e888d0d70d2887146fca81b85b5aa
resnet,clean_only,202,bandpass_n20004_cRA_V1_covariance_s5,phase2/results/predictions/full/clean_only/resnet/seed_202/bandpass_n20004_cRA_V1_covariance_s5.npz,75834,53a81d7f1539fecc80aeaff36058c8ec8676bd71f0ff0c35bd1c927890af419d
resnet,clean_only,202,bandpass_n20004_cRA_V1_covariance_s0,phase2/results/predictions/full/clean_only/resnet/seed_202/bandpass_n20004_cRA_V1_covariance_s0.npz,75347,38b6e3f21fb89c81685b24327b3855730ce3a1a6caa49168bbf8f697965179d7
resnet,clean_only,202,bandpass_n20004_cLA_V6_independent_rms_s20,phase2/results/predictions/full/clean_only/resnet/seed_202/bandpass_n20004_cLA_V6_independent_rms_s20.npz,76547,1c30a91abc776aa772881ae9e6860dcf73790aecd437fbc204399a231afd53cc
resnet,clean_only,202,bandpass_n20004_cLA_V6_independent_rms_s15,phase2/results/predictions/full/clean_only/resnet/seed_202/bandpass_n20004_cLA_V6_independent_rms_s15.npz,76476,880a9af5ed5953f7ff176126c4479e7c7254812c70a83591e7a4f5bc0ae7300d
resnet,clean_only,202,bandpass_n20004_cLA_V6_independent_rms_s10,phase2/results/predictions/full/clean_only/resnet/seed_202/bandpass_n20004_cLA_V6_independent_rms_s10.npz,76331,3d4694f42b90975218f18d4fbc922ca51eb0102bfae68954df27371661f0646f
resnet,clean_only,202,bandpass_n20004_cLA_V6_independent_rms_s5,phase2/results/predictions/full/clean_only/resnet/seed_202/bandpass_n20004_cLA_V6_independent_rms_s5.npz,75937,958407f0106ef9003fdc70ebb7566e4ba04719234c282ea567d1ce8e394249cb
resnet,clean_only,202,bandpass_n20004_cLA_V6_independent_rms_s0,phase2/results/predictions/full/clean_only/resnet/seed_202/bandpass_n20004_cLA_V6_independent_rms_s0.npz,75323,8724fbcc10077588a1e45b3dfdff0c758078b8cf69fd3027caadc260eb0e8ad1
resnet,clean_only,202,bandpass_n20004_cLA_V6_electrode_s20,phase2/results/predictions/full/clean_only/resnet/seed_202/bandpass_n20004_cLA_V6_electrode_s20.npz,76466,bae20c0a3d2324f81f26bd115a610dc9d406e917cd1d9232db558771a41d7d17
resnet,clean_only,202,bandpass_n20004_cLA_V6_electrode_s15,phase2/results/predictions/full/clean_only/resnet/seed_202/bandpass_n20004_cLA_V6_electrode_s15.npz,76395,598812b80efc5c1cb48b4399d90471f63f7a8796f5645242185f613b7eb36ac5
resnet,clean_only,202,bandpass_n20004_cLA_V6_electrode_s10,phase2/results/predictions/full/clean_only/resnet/seed_202/bandpass_n20004_cLA_V6_electrode_s10.npz,76196,cf79dceaa5dde04dae08e8f3041b529b16a9449c126843c2d5ca1ddd0bc38a82
resnet,clean_only,202,bandpass_n20004_cLA_V6_electrode_s5,phase2/results/predictions/full/clean_only/resnet/seed_202/bandpass_n20004_cLA_V6_electrode_s5.npz,75735,316b1e702fe179e184724e4c02268a8014a55432420a43dfecf49d217e41c349
resnet,clean_only,202,bandpass_n20004_cLA_V6_electrode_s0,phase2/results/predictions/full/clean_only/resnet/seed_202/bandpass_n20004_cLA_V6_electrode_s0.npz,75337,fa21f6dd5518be74cb12597c194e4716afbad36b619e91011be4767fb35bd46a
resnet,clean_only,202,bandpass_n20004_cLA_V6_covariance_s20,phase2/results/predictions/full/clean_only/resnet/seed_202/bandpass_n20004_cLA_V6_covariance_s20.npz,76472,050c58ddac97c15f6c2b53fe81fa6d5f794d6f4f1b7e6874d5df1a9d3af8d4c3
resnet,clean_only,202,bandpass_n20004_cLA_V6_covariance_s15,phase2/results/predictions/full/clean_only/resnet/seed_202/bandpass_n20004_cLA_V6_covariance_s15.npz,76407,66d431a0e0bc633dd8bcce95474c82f1defd39f8dad3339755490456fc472d47
resnet,clean_only,202,bandpass_n20004_cLA_V6_covariance_s10,phase2/results/predictions/full/clean_only/resnet/seed_202/bandpass_n20004_cLA_V6_covariance_s10.npz,76181,ea0ae9cdb5657f778de11f2fe26d6c56f4b09273b274d09b828240e1ad77d464
resnet,clean_only,202,bandpass_n20004_cLA_V6_covariance_s5,phase2/results/predictions/full/clean_only/resnet/seed_202/bandpass_n20004_cLA_V6_covariance_s5.npz,75726,1cc28d1aba148cf81104d793b0270dc2dfcdefac0e3d9b301fab9ce77c76595c
resnet,clean_only,202,bandpass_n20004_cLA_V6_covariance_s0,phase2/results/predictions/full/clean_only/resnet/seed_202/bandpass_n20004_cLA_V6_covariance_s0.npz,75312,51e5ddeb3e814db7ea05a04427b64859cb31bd0408fa21a37ea140aed7bab385
resnet,clean_only,202,bandpass_n20004_cLL_V4_independent_rms_s20,phase2/results/predictions/full/clean_only/resnet/seed_202/bandpass_n20004_cLL_V4_independent_rms_s20.npz,76490,a05936ba638818f481c238dcffb1397510d9eef78206f06c4e1f721d7af88eec
resnet,clean_only,202,bandpass_n20004_cLL_V4_independent_rms_s15,phase2/results/predictions/full/clean_only/resnet/seed_202/bandpass_n20004_cLL_V4_independent_rms_s15.npz,76424,75abf57d88cb76a7221224a61825830c242cef26802fe0e4aae13f402c72b259
resnet,clean_only,202,bandpass_n20004_cLL_V4_independent_rms_s10,phase2/results/predictions/full/clean_only/resnet/seed_202/bandpass_n20004_cLL_V4_independent_rms_s10.npz,76299,89f225d4f17f37197afae6cdbe2769517ae5dca9a41a9e6e2810dd5e9ad9bfb9
resnet,clean_only,202,bandpass_n20004_cLL_V4_independent_rms_s5,phase2/results/predictions/full/clean_only/resnet/seed_202/bandpass_n20004_cLL_V4_independent_rms_s5.npz,75984,f33ab5d2484c7c06e3bbe0a08cf2f7b94d0084850be59dd8f1fec69859d6e6ad
resnet,clean_only,202,bandpass_n20004_cLL_V4_independent_rms_s0,phase2/results/predictions/full/clean_only/resnet/seed_202/bandpass_n20004_cLL_V4_independent_rms_s0.npz,75366,fd4bfb52e4579e19b310f9a98ff06d8d8dd09085eebafec20deba81e3ec558cd
resnet,clean_only,202,bandpass_n20004_cLL_V4_electrode_s20,phase2/results/predictions/full/clean_only/resnet/seed_202/bandpass_n20004_cLL_V4_electrode_s20.npz,76463,7705524501fb16c76dda73a0bade8d52adcf3fdc39511fcb3af657a971ab1a9e
resnet,clean_only,202,bandpass_n20004_cLL_V4_electrode_s15,phase2/results/predictions/full/clean_only/resnet/seed_202/bandpass_n20004_cLL_V4_electrode_s15.npz,76379,fd9dcdf79a3215b3a49f0ec7a7c6d652b8ff6b8467c70960e5b269d56bed0faa
resnet,clean_only,202,bandpass_n20004_cLL_V4_electrode_s10,phase2/results/predictions/full/clean_only/resnet/seed_202/bandpass_n20004_cLL_V4_electrode_s10.npz,76233,0270911510f81017b5accdf25b5ddc667145a28f02bd9372d4a78edb56d5ef95
resnet,clean_only,202,bandpass_n20004_cLL_V4_electrode_s5,phase2/results/predictions/full/clean_only/resnet/seed_202/bandpass_n20004_cLL_V4_electrode_s5.npz,75847,fc8ef3c27f00e83bd82760002bfdced36b7c4c42487993d16ed39b33cc7d08b5
resnet,clean_only,202,bandpass_n20004_cLL_V4_electrode_s0,phase2/results/predictions/full/clean_only/resnet/seed_202/bandpass_n20004_cLL_V4_electrode_s0.npz,75401,f5fa637c254fd535c73db0667be35d606c6da5f804ff8e2ec75b739028956086
resnet,clean_only,202,bandpass_n20004_cLL_V4_covariance_s20,phase2/results/predictions/full/clean_only/resnet/seed_202/bandpass_n20004_cLL_V4_covariance_s20.npz,76509,1fbb80399637eefd913f77f543ccfffb4d50b2869e6fea3b228ffc1a3bb40903
resnet,clean_only,202,bandpass_n20004_cLL_V4_covariance_s15,phase2/results/predictions/full/clean_only/resnet/seed_202/bandpass_n20004_cLL_V4_covariance_s15.npz,76388,8d985605167c1623b81a39e6613d0ad7573f6b9c386c316827ee64447906b2a8
resnet,clean_only,202,bandpass_n20004_cLL_V4_covariance_s10,phase2/results/predictions/full/clean_only/resnet/seed_202/bandpass_n20004_cLL_V4_covariance_s10.npz,76210,1c25c31570c5e44d6ef6286b184b739b7ce8137e84f3380acd14af029a97865b
resnet,clean_only,202,bandpass_n20004_cLL_V4_covariance_s5,phase2/results/predictions/full/clean_only/resnet/seed_202/bandpass_n20004_cLL_V4_covariance_s5.npz,75854,4ffdb3ea485e476b698378979eeb378c0dacfb991b4b80b7dfee4f23df780580
resnet,clean_only,202,bandpass_n20004_cLL_V4_covariance_s0,phase2/results/predictions/full/clean_only/resnet/seed_202/bandpass_n20004_cLL_V4_covariance_s0.npz,75397,3951a8466c414a5564c18f713ae2a85b38154ae1fd930f6bff54cfdc09a5603f
resnet,clean_only,202,bandpass_n20004_cRA_LA_V1_V6_independent_rms_s20,phase2/results/predictions/full/clean_only/resnet/seed_202/bandpass_n20004_cRA_LA_V1_V6_independent_rms_s20.npz,76523,eab081846fa06b5b4162de4711c8de110fb9bcf6063b3aff0753140b02d0ef05
resnet,clean_only,202,bandpass_n20004_cRA_LA_V1_V6_independent_rms_s15,phase2/results/predictions/full/clean_only/resnet/seed_202/bandpass_n20004_cRA_LA_V1_V6_independent_rms_s15.npz,76439,2708b6d4a3aa67e516f7b01ec7d2791805a0aa3acc2281e548c9297acdb536f5
resnet,clean_only,202,bandpass_n20004_cRA_LA_V1_V6_independent_rms_s10,phase2/results/predictions/full/clean_only/resnet/seed_202/bandpass_n20004_cRA_LA_V1_V6_independent_rms_s10.npz,76291,b72de6e3d0370458a3a1b7264072505656d46a4eaa5499261e7f4b42dc7399dd
resnet,clean_only,202,bandpass_n20004_cRA_LA_V1_V6_independent_rms_s5,phase2/results/predictions/full/clean_only/resnet/seed_202/bandpass_n20004_cRA_LA_V1_V6_independent_rms_s5.npz,75954,66421923240448bfbad22c7568ca2c25c830253a4124972d022955eb1327cd45
resnet,clean_only,202,bandpass_n20004_cRA_LA_V1_V6_independent_rms_s0,phase2/results/predictions/full/clean_only/resnet/seed_202/bandpass_n20004_cRA_LA_V1_V6_independent_rms_s0.npz,75339,9839416715a0db71779567c807dd3f64e470899af23c7ec08eff2bfc375d6c56
resnet,clean_only,202,bandpass_n20004_cRA_LA_V1_V6_electrode_s20,phase2/results/predictions/full/clean_only/resnet/seed_202/bandpass_n20004_cRA_LA_V1_V6_electrode_s20.npz,76490,7381e25ed81da49e0200821cbcc0e5e9b29d479428184b4d7e49f943710839d8
resnet,clean_only,202,bandpass_n20004_cRA_LA_V1_V6_electrode_s15,phase2/results/predictions/full/clean_only/resnet/seed_202/bandpass_n20004_cRA_LA_V1_V6_electrode_s15.npz,76406,f93ba425c8c8cf7a8a0f920fb540247a1a0fe078ab8299579eda2d5c0a093776
resnet,clean_only,202,bandpass_n20004_cRA_LA_V1_V6_electrode_s10,phase2/results/predictions/full/clean_only/resnet/seed_202/bandpass_n20004_cRA_LA_V1_V6_electrode_s10.npz,76224,4fbb9e7c0a74e28207672bd73b24c463de997538b0beafc83824f04d5ef27ae9
resnet,clean_only,202,bandpass_n20004_cRA_LA_V1_V6_electrode_s5,phase2/results/predictions/full/clean_only/resnet/seed_202/bandpass_n20004_cRA_LA_V1_V6_electrode_s5.npz,75806,16c25cc7ad1610fa014783ed3e42558594fb6818fe7028a15cf7bb60612d284b
resnet,clean_only,202,bandpass_n20004_cRA_LA_V1_V6_electrode_s0,phase2/results/predictions/full/clean_only/resnet/seed_202/bandpass_n20004_cRA_LA_V1_V6_electrode_s0.npz,75323,18304c1f2a0606f138e9c9c587886d09b52562a42e82ae6325cb5183b2ed2efe
resnet,clean_only,202,bandpass_n20004_cRA_LA_V1_V6_covariance_s20,phase2/results/predictions/full/clean_only/resnet/seed_202/bandpass_n20004_cRA_LA_V1_V6_covariance_s20.npz,76512,2365ab25dd2d03504e342fc8b0b15a2157ec4eda5af6704709f459f278f6f110
resnet,clean_only,202,bandpass_n20004_cRA_LA_V1_V6_covariance_s15,phase2/results/predictions/full/clean_only/resnet/seed_202/bandpass_n20004_cRA_LA_V1_V6_covariance_s15.npz,76381,752e9170bd222bf1b027fb02187242705f9b2c69bbeb311dd8d5e5487e547ef5
resnet,clean_only,202,bandpass_n20004_cRA_LA_V1_V6_covariance_s10,phase2/results/predictions/full/clean_only/resnet/seed_202/bandpass_n20004_cRA_LA_V1_V6_covariance_s10.npz,76205,5df52f7cd0f87e6f2527ee12a578a71c59f95ef8a80252671936978185a68361
resnet,clean_only,202,bandpass_n20004_cRA_LA_V1_V6_covariance_s5,phase2/results/predictions/full/clean_only/resnet/seed_202/bandpass_n20004_cRA_LA_V1_V6_covariance_s5.npz,75765,d986f32fa178cf21618c02695807e412147fb3ec1ecf61df56d534cdf882c6c1
resnet,clean_only,202,bandpass_n20004_cRA_LA_V1_V6_covariance_s0,phase2/results/predictions/full/clean_only/resnet/seed_202/bandpass_n20004_cRA_LA_V1_V6_covariance_s0.npz,75355,dfe2fd479f63febb55158279a8fe23fdc163cc084024c00eed272e790c21df3f
resnet,clean_only,202,bandpass_n20004_cRA_V2_V5_independent_rms_s20,phase2/results/predictions/full/clean_only/resnet/seed_202/bandpass_n20004_cRA_V2_V5_independent_rms_s20.npz,76516,58abbd470bfb4bae9d21396a7b04412bcba1023630e36f114f9057a5375d6e5f
resnet,clean_only,202,bandpass_n20004_cRA_V2_V5_independent_rms_s15,phase2/results/predictions/full/clean_only/resnet/seed_202/bandpass_n20004_cRA_V2_V5_independent_rms_s15.npz,76448,06d4400bccaf9edae69584be4b8b3a0addcce48ea4aea44a31b097bb599f04f9
resnet,clean_only,202,bandpass_n20004_cRA_V2_V5_independent_rms_s10,phase2/results/predictions/full/clean_only/resnet/seed_202/bandpass_n20004_cRA_V2_V5_independent_rms_s10.npz,76290,03ee6896adc8520ec3f78fd22f06c78136bdaec5e40891e1caf7e61427c69beb
resnet,clean_only,202,bandpass_n20004_cRA_V2_V5_independent_rms_s5,phase2/results/predictions/full/clean_only/resnet/seed_202/bandpass_n20004_cRA_V2_V5_independent_rms_s5.npz,75946,cbb05c777c075e226c09e63444fef764db5f9ac2f4c44ccba09c1e549acd09b0
resnet,clean_only,202,bandpass_n20004_cRA_V2_V5_independent_rms_s0,phase2/results/predictions/full/clean_only/resnet/seed_202/bandpass_n20004_cRA_V2_V5_independent_rms_s0.npz,75328,e097dbe6a383fdc33d7f44ae69ec9d7fd9d668bb1f57de60e04d0c2e73ef4cc8
resnet,clean_only,202,bandpass_n20004_cRA_V2_V5_electrode_s20,phase2/results/predictions/full/clean_only/resnet/seed_202/bandpass_n20004_cRA_V2_V5_electrode_s20.npz,76488,5753cd63d3dcbb73a4957ee2409b8af9ae2511fc988d6d525d9d7dc8720d7bdb
resnet,clean_only,202,bandpass_n20004_cRA_V2_V5_electrode_s15,phase2/results/predictions/full/clean_only/resnet/seed_202/bandpass_n20004_cRA_V2_V5_electrode_s15.npz,76410,a660a6821695d95f4be573a3c83c3285784b53da883a498bf7f905e107a99bda
resnet,clean_only,202,bandpass_n20004_cRA_V2_V5_electrode_s10,phase2/results/predictions/full/clean_only/resnet/seed_202/bandpass_n20004_cRA_V2_V5_electrode_s10.npz,76268,1bb9b770d692b4eb634170e80715b26ffa51a133793a66bfba829d51bfb15f77
resnet,clean_only,202,bandpass_n20004_cRA_V2_V5_electrode_s5,phase2/results/predictions/full/clean_only/resnet/seed_202/bandpass_n20004_cRA_V2_V5_electrode_s5.npz,75903,1764f075859899ddc7425967600d50b9e57e1f7457737963c3547719acf708dc
resnet,clean_only,202,bandpass_n20004_cRA_V2_V5_electrode_s0,phase2/results/predictions/full/clean_only/resnet/seed_202/bandpass_n20004_cRA_V2_V5_electrode_s0.npz,75359,9f7832759b1a3d5c2ddebe58d6a0ee5a54c634fe7db17f40d30d25981573338f
resnet,clean_only,202,bandpass_n20004_cRA_V2_V5_covariance_s20,phase2/results/predictions/full/clean_only/resnet/seed_202/bandpass_n20004_cRA_V2_V5_covariance_s20.npz,76507,12c77408a9abcf8f5ac7e11a08bc9c6dcc73a44fa3f818e898bc4a5fccfd7308
resnet,clean_only,202,bandpass_n20004_cRA_V2_V5_covariance_s15,phase2/results/predictions/full/clean_only/resnet/seed_202/bandpass_n20004_cRA_V2_V5_covariance_s15.npz,76415,6884a5f1d569adcc18d73082e35ee405439c1381433b099a9151b5bfa290bbb3
resnet,clean_only,202,bandpass_n20004_cRA_V2_V5_covariance_s10,phase2/results/predictions/full/clean_only/resnet/seed_202/bandpass_n20004_cRA_V2_V5_covariance_s10.npz,76262,f156b9904126101fb8762e49551e14a7b86a71efd590b273b4e3455501b79053
resnet,clean_only,202,bandpass_n20004_cRA_V2_V5_covariance_s5,phase2/results/predictions/full/clean_only/resnet/seed_202/bandpass_n20004_cRA_V2_V5_covariance_s5.npz,75879,513e15af1ce1ee70871565e5e732b1c5b5d37f608d0d7b2eadf6539d5cd816b3
resnet,clean_only,202,bandpass_n20004_cRA_V2_V5_covariance_s0,phase2/results/predictions/full/clean_only/resnet/seed_202/bandpass_n20004_cRA_V2_V5_covariance_s0.npz,75372,364ab6654234140ba0a85ab2e934794e9e297a9a03354fb63036b8394826913e
resnet,clean_only,202,bandpass_n20004_cLA_V3_V6_independent_rms_s20,phase2/results/predictions/full/clean_only/resnet/seed_202/bandpass_n20004_cLA_V3_V6_independent_rms_s20.npz,76519,d9da9dba33d63dae43005b59b0af44ca49ead2e1e76d4a1d7f34572f821dc168
resnet,clean_only,202,bandpass_n20004_cLA_V3_V6_independent_rms_s15,phase2/results/predictions/full/clean_only/resnet/seed_202/bandpass_n20004_cLA_V3_V6_independent_rms_s15.npz,76446,6259eb8909d25a9737b376c761a49daac0472b652c3f642bc7ed86143b874bab
resnet,clean_only,202,bandpass_n20004_cLA_V3_V6_independent_rms_s10,phase2/results/predictions/full/clean_only/resnet/seed_202/bandpass_n20004_cLA_V3_V6_independent_rms_s10.npz,76318,60347e8dd60403f17a4fae75d5a5bc34bfa3376ab91d46b75b5ccaf846c2cbda
resnet,clean_only,202,bandpass_n20004_cLA_V3_V6_independent_rms_s5,phase2/results/predictions/full/clean_only/resnet/seed_202/bandpass_n20004_cLA_V3_V6_independent_rms_s5.npz,75971,16c0292f99ee8cf006b2b6d817c554c59daa0d6ea5f985fc18ee1600680d98ee
resnet,clean_only,202,bandpass_n20004_cLA_V3_V6_independent_rms_s0,phase2/results/predictions/full/clean_only/resnet/seed_202/bandpass_n20004_cLA_V3_V6_independent_rms_s0.npz,75390,1703061d835cc221a456a29b86635ef9490098de14b1a9f1e078337e5a07e6ac
resnet,clean_only,202,bandpass_n20004_cLA_V3_V6_electrode_s20,phase2/results/predictions/full/clean_only/resnet/seed_202/bandpass_n20004_cLA_V3_V6_electrode_s20.npz,76510,ec66002d57462965bfdb12bc5e6e07afe88e18de0f1ff0eb6150b75ffbebaa02
resnet,clean_only,202,bandpass_n20004_cLA_V3_V6_electrode_s15,phase2/results/predictions/full/clean_only/resnet/seed_202/bandpass_n20004_cLA_V3_V6_electrode_s15.npz,76412,d516e1ca3d1cc357d5a5b8c0f1fe273cab27a1d242e74a405db4db443c432637
resnet,clean_only,202,bandpass_n20004_cLA_V3_V6_electrode_s10,phase2/results/predictions/full/clean_only/resnet/seed_202/bandpass_n20004_cLA_V3_V6_electrode_s10.npz,76220,a95e4d3948c2d697b04138691286ebd649c8c28963147829d144ed8fd5f36bab
resnet,clean_only,202,bandpass_n20004_cLA_V3_V6_electrode_s5,phase2/results/predictions/full/clean_only/resnet/seed_202/bandpass_n20004_cLA_V3_V6_electrode_s5.npz,75805,09d8a6ace2ba4d28235976caa7f5fff173e14339de9c00488446349af16bf14c
resnet,clean_only,202,bandpass_n20004_cLA_V3_V6_electrode_s0,phase2/results/predictions/full/clean_only/resnet/seed_202/bandpass_n20004_cLA_V3_V6_electrode_s0.npz,75339,30c303232121cff2842a97b71136a63597d22c5c3d74f6ba82e90b5bbd13f62a
resnet,clean_only,202,bandpass_n20004_cLA_V3_V6_covariance_s20,phase2/results/predictions/full/clean_only/resnet/seed_202/bandpass_n20004_cLA_V3_V6_covariance_s20.npz,76524,69f01a5538a8f9bdcb55bbc0eba313b77d49ea40a274c5c16b1421fcf2069973
resnet,clean_only,202,bandpass_n20004_cLA_V3_V6_covariance_s15,phase2/results/predictions/full/clean_only/resnet/seed_202/bandpass_n20004_cLA_V3_V6_covariance_s15.npz,76395,a59d74f7f1dcc42e5e53d8d0ff6695bfba1870a513161077a796df79d9824a1f
resnet,clean_only,202,bandpass_n20004_cLA_V3_V6_covariance_s10,phase2/results/predictions/full/clean_only/resnet/seed_202/bandpass_n20004_cLA_V3_V6_covariance_s10.npz,76229,36031eb544b77376ab6c19aae6cc260e7f992211cf44bcc7447c997bffcf77b2
resnet,clean_only,202,bandpass_n20004_cLA_V3_V6_covariance_s5,phase2/results/predictions/full/clean_only/resnet/seed_202/bandpass_n20004_cLA_V3_V6_covariance_s5.npz,75814,64d4f6d05848418c7527c855cde13c2672963d837c0a35f0402f80fe7da67789
resnet,clean_only,202,bandpass_n20004_cLA_V3_V6_covariance_s0,phase2/results/predictions/full/clean_only/resnet/seed_202/bandpass_n20004_cLA_V3_V6_covariance_s0.npz,75352,4cdcc1b96f6771df5ef77e95174556c8d6e75a1d400f48a3837220f0e9a8e6c7
resnet,clean_only,202,bandpass_n20004_cLL_V1_V4_independent_rms_s20,phase2/results/predictions/full/clean_only/resnet/seed_202/bandpass_n20004_cLL_V1_V4_independent_rms_s20.npz,76517,03b5fd936c37d2d95f3a49657b04a9cb79faf135abf9245d1eabdf0cd3f5fe68
resnet,clean_only,202,bandpass_n20004_cLL_V1_V4_independent_rms_s15,phase2/results/predictions/full/clean_only/resnet/seed_202/bandpass_n20004_cLL_V1_V4_independent_rms_s15.npz,76418,80ef7ee3808afaf6f1cd912c4f4b0ec6f572ffa6f2e063db478cd4c7d8d61cf4
resnet,clean_only,202,bandpass_n20004_cLL_V1_V4_independent_rms_s10,phase2/results/predictions/full/clean_only/resnet/seed_202/bandpass_n20004_cLL_V1_V4_independent_rms_s10.npz,76284,e4d0ba11571108ef02ad0007bf00c196db5034de372248f88f3f956b23591a0b
resnet,clean_only,202,bandpass_n20004_cLL_V1_V4_independent_rms_s5,phase2/results/predictions/full/clean_only/resnet/seed_202/bandpass_n20004_cLL_V1_V4_independent_rms_s5.npz,75958,95232039d6bd04bd92a3b5ca9cb7b76a1348b62ab2eaa0a0045bdcbd5f6c9234
resnet,clean_only,202,bandpass_n20004_cLL_V1_V4_independent_rms_s0,phase2/results/predictions/full/clean_only/resnet/seed_202/bandpass_n20004_cLL_V1_V4_independent_rms_s0.npz,75347,48e6bf6ed24ba11294314d3c00522847fb93063b5e03cc43c0cb79916267fdd6
resnet,clean_only,202,bandpass_n20004_cLL_V1_V4_electrode_s20,phase2/results/predictions/full/clean_only/resnet/seed_202/bandpass_n20004_cLL_V1_V4_electrode_s20.npz,76502,2892c9c1d1197c31c496028cef1cbe3536173dc7073d696ded3dfbb4bb2a29bf
resnet,clean_only,202,bandpass_n20004_cLL_V1_V4_electrode_s15,phase2/results/predictions/full/clean_only/resnet/seed_202/bandpass_n20004_cLL_V1_V4_electrode_s15.npz,76392,c89b25b654ebcae159613543f56e073d2a1f2c8c6a8b07ae6ecae406e4ccf45b
resnet,clean_only,202,bandpass_n20004_cLL_V1_V4_electrode_s10,phase2/results/predictions/full/clean_only/resnet/seed_202/bandpass_n20004_cLL_V1_V4_electrode_s10.npz,76252,af958963ea09ff0f6c3b55ae02c11a820726336650cc1c9b1ed300b9afefe5d1
resnet,clean_only,202,bandpass_n20004_cLL_V1_V4_electrode_s5,phase2/results/predictions/full/clean_only/resnet/seed_202/bandpass_n20004_cLL_V1_V4_electrode_s5.npz,75798,f5f6e7faf6582911781c6857b1df55145901dff61bdcc844c52e6b3b7af6a45c
resnet,clean_only,202,bandpass_n20004_cLL_V1_V4_electrode_s0,phase2/results/predictions/full/clean_only/resnet/seed_202/bandpass_n20004_cLL_V1_V4_electrode_s0.npz,75382,49fe16e3d377ea85ab3e4ad409fc6bab7c3f05e8cb53783c24077f3cc665e6e6
resnet,clean_only,202,bandpass_n20004_cLL_V1_V4_covariance_s20,phase2/results/predictions/full/clean_only/resnet/seed_202/bandpass_n20004_cLL_V1_V4_covariance_s20.npz,76494,1b0f19e9acfd92511238e20d38a66e987eec76f2f2e9325f8406bf344791b029
resnet,clean_only,202,bandpass_n20004_cLL_V1_V4_covariance_s15,phase2/results/predictions/full/clean_only/resnet/seed_202/bandpass_n20004_cLL_V1_V4_covariance_s15.npz,76409,2b3c86d3c6fce216eea6544fe434aad43272e9b74f99634bdea4550a0ff62bae
resnet,clean_only,202,bandpass_n20004_cLL_V1_V4_covariance_s10,phase2/results/predictions/full/clean_only/resnet/seed_202/bandpass_n20004_cLL_V1_V4_covariance_s10.npz,76244,0c35ed335a8ee9d58f22994fab59d536825027a1c058e398e5d118d65a38db0b
resnet,clean_only,202,bandpass_n20004_cLL_V1_V4_covariance_s5,phase2/results/predictions/full/clean_only/resnet/seed_202/bandpass_n20004_cLL_V1_V4_covariance_s5.npz,75801,70ab748e0032acf76fa9a013fd1404f76bd992519795d046de5da62fa6e01da0
resnet,clean_only,202,bandpass_n20004_cLL_V1_V4_covariance_s0,phase2/results/predictions/full/clean_only/resnet/seed_202/bandpass_n20004_cLL_V1_V4_covariance_s0.npz,75354,70b494ea35102effcc491de1b89dfcc231e034df3fdbb195c331ed683fe5934c
resnet,clean_only,202,bandpass_n20004_call_independent_rms_s20,phase2/results/predictions/full/clean_only/resnet/seed_202/bandpass_n20004_call_independent_rms_s20.npz,76503,46c58dfbce97ac2dd025ffb7145a927ccc847da1bfd67d201ecc6f12c2e01145
resnet,clean_only,202,bandpass_n20004_call_independent_rms_s15,phase2/results/predictions/full/clean_only/resnet/seed_202/bandpass_n20004_call_independent_rms_s15.npz,76405,2afdf5386505415e6bed0ee58550313ecf017bf02c24af678e4951b22d246036
resnet,clean_only,202,bandpass_n20004_call_independent_rms_s10,phase2/results/predictions/full/clean_only/resnet/seed_202/bandpass_n20004_call_independent_rms_s10.npz,76242,d3659aa800bd10aebaa4cd528cdabd41a711fa328fea2987f73de2acff0ea560
resnet,clean_only,202,bandpass_n20004_call_independent_rms_s5,phase2/results/predictions/full/clean_only/resnet/seed_202/bandpass_n20004_call_independent_rms_s5.npz,75956,b5a60d34859546cddf4f410073ec67a6dd30abcf6c09ca849c0e841bbfafcce5
resnet,clean_only,202,bandpass_n20004_call_independent_rms_s0,phase2/results/predictions/full/clean_only/resnet/seed_202/bandpass_n20004_call_independent_rms_s0.npz,75299,3bce6c571d23740c3294dbd65472933bc90400822dfce9ff0e5a3b6bf3d06d9a
resnet,clean_only,202,bandpass_n20004_call_electrode_s20,phase2/results/predictions/full/clean_only/resnet/seed_202/bandpass_n20004_call_electrode_s20.npz,76469,cace26c9fe7025ab3514c33b6ea18f74a568e12d887dec7b4bc52f254134a270
resnet,clean_only,202,bandpass_n20004_call_electrode_s15,phase2/results/predictions/full/clean_only/resnet/seed_202/bandpass_n20004_call_electrode_s15.npz,76379,49aadaee2c187286a54120be4cbd4d0108518172e747ec7a2803040281fd81bd
resnet,clean_only,202,bandpass_n20004_call_electrode_s10,phase2/results/predictions/full/clean_only/resnet/seed_202/bandpass_n20004_call_electrode_s10.npz,76202,1086941ee1abe41da9c59cde6410954ec17e052ee133a0ff9427f97209e3429c
resnet,clean_only,202,bandpass_n20004_call_electrode_s5,phase2/results/predictions/full/clean_only/resnet/seed_202/bandpass_n20004_call_electrode_s5.npz,75852,bf28073da3e11648012821091edc734d278a5e6b2403986325c21d12ceb5217d
resnet,clean_only,202,bandpass_n20004_call_electrode_s0,phase2/results/predictions/full/clean_only/resnet/seed_202/bandpass_n20004_call_electrode_s0.npz,75291,3e329dd0a0d91e364ed72375c2f862beb9d2bb36257fc37c65028fdf92a35df0
resnet,clean_only,202,bandpass_n20004_call_covariance_s20,phase2/results/predictions/full/clean_only/resnet/seed_202/bandpass_n20004_call_covariance_s20.npz,76482,5f9dc25eaa0c37f1551a0580a241f672449da581018679ff793307b3631d93a0
resnet,clean_only,202,bandpass_n20004_call_covariance_s15,phase2/results/predictions/full/clean_only/resnet/seed_202/bandpass_n20004_call_covariance_s15.npz,76383,a0a6030e12ea16da77c1a64a8e015627f19a95756b9f100cb68f2d676ecfa80f
resnet,clean_only,202,bandpass_n20004_call_covariance_s10,phase2/results/predictions/full/clean_only/resnet/seed_202/bandpass_n20004_call_covariance_s10.npz,76234,8cb6e32be4625cdfcc27c047b093b02a2072eb8f38ab86d899d7fcf6c76c9f23
resnet,clean_only,202,bandpass_n20004_call_covariance_s5,phase2/results/predictions/full/clean_only/resnet/seed_202/bandpass_n20004_call_covariance_s5.npz,75799,7c00c7952c066d66406dbcaab8bc55c03084505018fc514689a28dbc0a228bed
resnet,clean_only,202,bandpass_n20004_call_covariance_s0,phase2/results/predictions/full/clean_only/resnet/seed_202/bandpass_n20004_call_covariance_s0.npz,75286,f9cec55bb57fc793d3045479c8ff05cfab68f20865cdbe6f3a8622054537cb27
resnet,clean_only,202,bandpass_n20005_cRA_LA_LL_independent_rms_s20,phase2/results/predictions/full/clean_only/resnet/seed_202/bandpass_n20005_cRA_LA_LL_independent_rms_s20.npz,76533,945d51617c5db4fb79a0b8fa87e5bb6c94dbb6c92d44f5917faf291d1d6c0483
resnet,clean_only,202,bandpass_n20005_cRA_LA_LL_independent_rms_s15,phase2/results/predictions/full/clean_only/resnet/seed_202/bandpass_n20005_cRA_LA_LL_independent_rms_s15.npz,76416,ede8dfaa5f1b1d19a486b3c51651007b0839d9a52dad61c163a2c63fefbc36d8
resnet,clean_only,202,bandpass_n20005_cRA_LA_LL_independent_rms_s10,phase2/results/predictions/full/clean_only/resnet/seed_202/bandpass_n20005_cRA_LA_LL_independent_rms_s10.npz,76246,4a310b0a9caef1ad7a5107bc6e15b00506c2a8f80544eb7c71dbfc823f70c629
resnet,clean_only,202,bandpass_n20005_cRA_LA_LL_independent_rms_s5,phase2/results/predictions/full/clean_only/resnet/seed_202/bandpass_n20005_cRA_LA_LL_independent_rms_s5.npz,75922,cd67285351ae9c547909093aa7382c1c60a139ac0fa1c7c2233d8fe938aa22e4
resnet,clean_only,202,bandpass_n20005_cRA_LA_LL_independent_rms_s0,phase2/results/predictions/full/clean_only/resnet/seed_202/bandpass_n20005_cRA_LA_LL_independent_rms_s0.npz,75338,6a95ae32eae62fab34bec93356e6b4551dfefffb6a444a07071d2fea1e424883
resnet,clean_only,202,bandpass_n20005_cRA_LA_LL_electrode_s20,phase2/results/predictions/full/clean_only/resnet/seed_202/bandpass_n20005_cRA_LA_LL_electrode_s20.npz,76479,e717d093b8686de954d2e468e253f465e35811060567903c9d58711b51a9135d
resnet,clean_only,202,bandpass_n20005_cRA_LA_LL_electrode_s15,phase2/results/predictions/full/clean_only/resnet/seed_202/bandpass_n20005_cRA_LA_LL_electrode_s15.npz,76393,8fcee1b51d57c3ef1435f42aed093c6908196e5c1130c825e4730c5387665df7
resnet,clean_only,202,bandpass_n20005_cRA_LA_LL_electrode_s10,phase2/results/predictions/full/clean_only/resnet/seed_202/bandpass_n20005_cRA_LA_LL_electrode_s10.npz,76204,7486ea10e96c7dc92950de4263c1d182dfd3f9f1643deb83c5a5e55cd79ff90a
resnet,clean_only,202,bandpass_n20005_cRA_LA_LL_electrode_s5,phase2/results/predictions/full/clean_only/resnet/seed_202/bandpass_n20005_cRA_LA_LL_electrode_s5.npz,75762,cf9c31d5abd14ce89d88e35dedcd5009effd8b729e0d61145ebc2cc8984ff595
resnet,clean_only,202,bandpass_n20005_cRA_LA_LL_electrode_s0,phase2/results/predictions/full/clean_only/resnet/seed_202/bandpass_n20005_cRA_LA_LL_electrode_s0.npz,75328,5f8968de18b8f41b0d38d9b2fcd776ee616cf38ac10f3bd14be5ae7b3db6063a
resnet,clean_only,202,bandpass_n20005_cRA_LA_LL_covariance_s20,phase2/results/predictions/full/clean_only/resnet/seed_202/bandpass_n20005_cRA_LA_LL_covariance_s20.npz,76528,4282d547be4b153af736706bf08cca87ea6f924921581234a4b215f10f7cf8da
resnet,clean_only,202,bandpass_n20005_cRA_LA_LL_covariance_s15,phase2/results/predictions/full/clean_only/resnet/seed_202/bandpass_n20005_cRA_LA_LL_covariance_s15.npz,76348,27e2a7c959bb88a77cf23b2826e0fb26a57a38376a45cdf711d97f0175d235c2
resnet,clean_only,202,bandpass_n20005_cRA_LA_LL_covariance_s10,phase2/results/predictions/full/clean_only/resnet/seed_202/bandpass_n20005_cRA_LA_LL_covariance_s10.npz,76175,66df6d5dc6b69c083bced287e51862168dbcd5dfaa75839d819c3a74ce8fbf7e
resnet,clean_only,202,bandpass_n20005_cRA_LA_LL_covariance_s5,phase2/results/predictions/full/clean_only/resnet/seed_202/bandpass_n20005_cRA_LA_LL_covariance_s5.npz,75775,c3cff9e8d9da261349be5817c110262951b2170936221e13e63bf0e2912d04ff
resnet,clean_only,202,bandpass_n20005_cRA_LA_LL_covariance_s0,phase2/results/predictions/full/clean_only/resnet/seed_202/bandpass_n20005_cRA_LA_LL_covariance_s0.npz,75358,9a7b77f51e1e4f250f94bfcca317af23c70616c6cdaca323ca17d82bacde5de6
resnet,clean_only,202,bandpass_n20005_cV1_independent_rms_s20,phase2/results/predictions/full/clean_only/resnet/seed_202/bandpass_n20005_cV1_independent_rms_s20.npz,76480,3cf485dcbc05c295f3c4930eddf71547fd27e9f6c71dea5b4e9bc6933077293b
resnet,clean_only,202,bandpass_n20005_cV1_independent_rms_s15,phase2/results/predictions/full/clean_only/resnet/seed_202/bandpass_n20005_cV1_independent_rms_s15.npz,76417,689db3d0342a4d02b2261db5b9cfa8df72a92b3ac2b0aa2dd5c309540a86987a
resnet,clean_only,202,bandpass_n20005_cV1_independent_rms_s10,phase2/results/predictions/full/clean_only/resnet/seed_202/bandpass_n20005_cV1_independent_rms_s10.npz,76160,0e559e3f5d891048cf7a995322472b75ec9ef91d5500951e8e01e0e665f8b3c7
resnet,clean_only,202,bandpass_n20005_cV1_independent_rms_s5,phase2/results/predictions/full/clean_only/resnet/seed_202/bandpass_n20005_cV1_independent_rms_s5.npz,75674,a8ab9ccb777aabc622a153d0bbf6da8b56576e71b86c1e6ccdf4ceca9eb1f285
resnet,clean_only,202,bandpass_n20005_cV1_independent_rms_s0,phase2/results/predictions/full/clean_only/resnet/seed_202/bandpass_n20005_cV1_independent_rms_s0.npz,75461,1d077c242633c4b53d2eeea3a9c5a424285c22ee7efd6f2ed0bc388e493bae9e
resnet,clean_only,202,bandpass_n20005_cV1_electrode_s20,phase2/results/predictions/full/clean_only/resnet/seed_202/bandpass_n20005_cV1_electrode_s20.npz,76465,2485a7e4bef17a481f2b0226bfbcd902924ab37258438bdc8ed025c4c0e319fe
resnet,clean_only,202,bandpass_n20005_cV1_electrode_s15,phase2/results/predictions/full/clean_only/resnet/seed_202/bandpass_n20005_cV1_electrode_s15.npz,76354,3d665cfbe72fa22e3536ae46ec0c40f6187f3f13cdd884b1cc90d88935908ac8
resnet,clean_only,202,bandpass_n20005_cV1_electrode_s10,phase2/results/predictions/full/clean_only/resnet/seed_202/bandpass_n20005_cV1_electrode_s10.npz,76189,4986f92982e99d144227a6b2d2d2ff84a1985399dc4e5e09a1ec3952eb2c3f10
resnet,clean_only,202,bandpass_n20005_cV1_electrode_s5,phase2/results/predictions/full/clean_only/resnet/seed_202/bandpass_n20005_cV1_electrode_s5.npz,75749,2387e14a8abfb8a05d48e1062bebe924ebc8ebbc2b4f5b1aa1148483b4740e5e
resnet,clean_only,202,bandpass_n20005_cV1_electrode_s0,phase2/results/predictions/full/clean_only/resnet/seed_202/bandpass_n20005_cV1_electrode_s0.npz,75401,908bdb9db2eaff01b368c9e0b38aaeaa521951e058bba9fe51c557b99af28138
resnet,clean_only,202,bandpass_n20005_cV1_covariance_s20,phase2/results/predictions/full/clean_only/resnet/seed_202/bandpass_n20005_cV1_covariance_s20.npz,76494,fa7582569492b929ac5cf7cb4761c302035c4bcbd178914504079babcf65365a
resnet,clean_only,202,bandpass_n20005_cV1_covariance_s15,phase2/results/predictions/full/clean_only/resnet/seed_202/bandpass_n20005_cV1_covariance_s15.npz,76374,e8551a192a1c645c7c241bd7e3277f8cb8e4f21c930ed55b3c436f8c87cddbbb
resnet,clean_only,202,bandpass_n20005_cV1_covariance_s10,phase2/results/predictions/full/clean_only/resnet/seed_202/bandpass_n20005_cV1_covariance_s10.npz,76197,acbc89e9ed9eb477ebba8ba352c5f7f609079f9088ba930cf33cd0a96265aa8b
resnet,clean_only,202,bandpass_n20005_cV1_covariance_s5,phase2/results/predictions/full/clean_only/resnet/seed_202/bandpass_n20005_cV1_covariance_s5.npz,75689,e74fa6ec2d048c3a5c27406f0e4471ce59c486e455bb0ed833d61eb362061c81
resnet,clean_only,202,bandpass_n20005_cV1_covariance_s0,phase2/results/predictions/full/clean_only/resnet/seed_202/bandpass_n20005_cV1_covariance_s0.npz,75399,a74c966bd54f796d492d7441a0251d0248a8e02c17b328d4887b2f2af55390f5
resnet,clean_only,202,bandpass_n20005_cV2_independent_rms_s20,phase2/results/predictions/full/clean_only/resnet/seed_202/bandpass_n20005_cV2_independent_rms_s20.npz,76515,ccb7066cbd57d34cc63d4b81ff6602280748e473cfc588357a5e400a82b4a229
resnet,clean_only,202,bandpass_n20005_cV2_independent_rms_s15,phase2/results/predictions/full/clean_only/resnet/seed_202/bandpass_n20005_cV2_independent_rms_s15.npz,76475,67d4d54d4bfe111e5e2c594677fdb85f7f31a2ec72743baff478e18ce34071ba
resnet,clean_only,202,bandpass_n20005_cV2_independent_rms_s10,phase2/results/predictions/full/clean_only/resnet/seed_202/bandpass_n20005_cV2_independent_rms_s10.npz,76365,c328a540230055da8e77d74ed60816c622da57933146027602975dd58c08fa6e
resnet,clean_only,202,bandpass_n20005_cV2_independent_rms_s5,phase2/results/predictions/full/clean_only/resnet/seed_202/bandpass_n20005_cV2_independent_rms_s5.npz,76096,23f8955571461dbbebc76e34dde43b8c4c72923166b30be5c3ecd22301dfd3f2
resnet,clean_only,202,bandpass_n20005_cV2_independent_rms_s0,phase2/results/predictions/full/clean_only/resnet/seed_202/bandpass_n20005_cV2_independent_rms_s0.npz,75610,997b702b7b4a9573be8f07f54e63c53a618abd2936473ce7f1969d0ce5d2697c
resnet,clean_only,202,bandpass_n20005_cV2_electrode_s20,phase2/results/predictions/full/clean_only/resnet/seed_202/bandpass_n20005_cV2_electrode_s20.npz,76496,790c843709c91cee6a2219efcf462c45550b710703d9eedadcd4a450483d2b8e
resnet,clean_only,202,bandpass_n20005_cV2_electrode_s15,phase2/results/predictions/full/clean_only/resnet/seed_202/bandpass_n20005_cV2_electrode_s15.npz,76485,b75b5d50e39aa2f1c773ce273396109af325722cdc81d9a213bebf4eaddbe3a5
resnet,clean_only,202,bandpass_n20005_cV2_electrode_s10,phase2/results/predictions/full/clean_only/resnet/seed_202/bandpass_n20005_cV2_electrode_s10.npz,76336,6121a778a978bde39a407ea7ff8e706e12b027bd6d17f43955fd06522be4cdea
resnet,clean_only,202,bandpass_n20005_cV2_electrode_s5,phase2/results/predictions/full/clean_only/resnet/seed_202/bandpass_n20005_cV2_electrode_s5.npz,76121,2f03c8671015080850f79b9d87ea42e3b2b2d3ec1b4ea8a0bec7a922db00d78d
resnet,clean_only,202,bandpass_n20005_cV2_electrode_s0,phase2/results/predictions/full/clean_only/resnet/seed_202/bandpass_n20005_cV2_electrode_s0.npz,75597,7cce4f29abc2b10f25ffa52db47f09869763814758769436456bd3b3cb5bdb3b
resnet,clean_only,202,bandpass_n20005_cV2_covariance_s20,phase2/results/predictions/full/clean_only/resnet/seed_202/bandpass_n20005_cV2_covariance_s20.npz,76521,ae90ffd1787ea00ed1145bdca239f9e0adf62826b2be3e8b8195748d1155a7ad
resnet,clean_only,202,bandpass_n20005_cV2_covariance_s15,phase2/results/predictions/full/clean_only/resnet/seed_202/bandpass_n20005_cV2_covariance_s15.npz,76473,38714107a0f92b1b3b8c0ff4a8c1ca83fe1aca593e48a1a4d93df977b3df3735
resnet,clean_only,202,bandpass_n20005_cV2_covariance_s10,phase2/results/predictions/full/clean_only/resnet/seed_202/bandpass_n20005_cV2_covariance_s10.npz,76347,58c8e6baa289bc44dfc1de7fd6c3350dfabbfaed47edaf8550b845178245d1c7
resnet,clean_only,202,bandpass_n20005_cV2_covariance_s5,phase2/results/predictions/full/clean_only/resnet/seed_202/bandpass_n20005_cV2_covariance_s5.npz,76068,458bf24e9e46a8a0207086712f7a2f9ef2cafa8e16e0748cec775a7c181ef338
resnet,clean_only,202,bandpass_n20005_cV2_covariance_s0,phase2/results/predictions/full/clean_only/resnet/seed_202/bandpass_n20005_cV2_covariance_s0.npz,75600,be9ff7d7c993fa87784d136baf9cb421d61a9ad37b5f34c4fd0c83c577399c7c
resnet,clean_only,202,bandpass_n20005_cV3_independent_rms_s20,phase2/results/predictions/full/clean_only/resnet/seed_202/bandpass_n20005_cV3_independent_rms_s20.npz,76533,271a62ae8abb720f9a8627cbb910c1a4aaa57341ccdeca97bcd41707190a6513
resnet,clean_only,202,bandpass_n20005_cV3_independent_rms_s15,phase2/results/predictions/full/clean_only/resnet/seed_202/bandpass_n20005_cV3_independent_rms_s15.npz,76494,6d2281140ed0a8b8ee6d198b9435f9b926d307ca6429d365b0634f469c769fcf
resnet,clean_only,202,bandpass_n20005_cV3_independent_rms_s10,phase2/results/predictions/full/clean_only/resnet/seed_202/bandpass_n20005_cV3_independent_rms_s10.npz,76383,d6cdce31947a338e7ce5989d88d6cfac35bd2eccd652c0e11921ce6f694edffd
resnet,clean_only,202,bandpass_n20005_cV3_independent_rms_s5,phase2/results/predictions/full/clean_only/resnet/seed_202/bandpass_n20005_cV3_independent_rms_s5.npz,76145,965297fc5e5f0ac83ed55f2c2bfc14ed40a31d2cc9c2fb628febadc0f5640426
resnet,clean_only,202,bandpass_n20005_cV3_independent_rms_s0,phase2/results/predictions/full/clean_only/resnet/seed_202/bandpass_n20005_cV3_independent_rms_s0.npz,75784,7e496a1a8bfe42982cfc28978fc9d4407920f190ea6f70c7d13d5235bba793e0
resnet,clean_only,202,bandpass_n20005_cV3_electrode_s20,phase2/results/predictions/full/clean_only/resnet/seed_202/bandpass_n20005_cV3_electrode_s20.npz,76501,1671a2a5daeb965fece6b85e9a54e3efe09f3d80e1be03a71cf6cfc64404d20d
resnet,clean_only,202,bandpass_n20005_cV3_electrode_s15,phase2/results/predictions/full/clean_only/resnet/seed_202/bandpass_n20005_cV3_electrode_s15.npz,76495,7034ef44ebb086ffde1083f47d1c5d06cf6bb956758a3b4e9917ee3c866ecf25
resnet,clean_only,202,bandpass_n20005_cV3_electrode_s10,phase2/results/predictions/full/clean_only/resnet/seed_202/bandpass_n20005_cV3_electrode_s10.npz,76336,89ea3fafa40d08c7c5416252c1c5921b6bcc20b57be504e6b3031c9574259a42
resnet,clean_only,202,bandpass_n20005_cV3_electrode_s5,phase2/results/predictions/full/clean_only/resnet/seed_202/bandpass_n20005_cV3_electrode_s5.npz,76155,e8b7725c2b6ab14d517c4487d3d25b38ec198dda86e87b0fe2f569809c5b6e2d
resnet,clean_only,202,bandpass_n20005_cV3_electrode_s0,phase2/results/predictions/full/clean_only/resnet/seed_202/bandpass_n20005_cV3_electrode_s0.npz,75799,48b9378c17cd00e1de02f7ec3c3517ee8bc947610168f339e9c6796adacb6020
resnet,clean_only,202,bandpass_n20005_cV3_covariance_s20,phase2/results/predictions/full/clean_only/resnet/seed_202/bandpass_n20005_cV3_covariance_s20.npz,76490,9969f0b2129ce2ca96e02589e8476048c091d4cd45e5aef8469f3c305fd51ab4
resnet,clean_only,202,bandpass_n20005_cV3_covariance_s15,phase2/results/predictions/full/clean_only/resnet/seed_202/bandpass_n20005_cV3_covariance_s15.npz,76458,e9df10a1e9d94c8e2069ad511aa6ada1d52831834bf9b8400eed112b5658cd64
resnet,clean_only,202,bandpass_n20005_cV3_covariance_s10,phase2/results/predictions/full/clean_only/resnet/seed_202/bandpass_n20005_cV3_covariance_s10.npz,76351,225164f1634372333e2b6f5483c9e445c6cdc728966d7894ae624045010dc165
resnet,clean_only,202,bandpass_n20005_cV3_covariance_s5,phase2/results/predictions/full/clean_only/resnet/seed_202/bandpass_n20005_cV3_covariance_s5.npz,76094,47e108b57f9b222a48261be29df6c822836d90f7acde907a18c60ccc7fd1c78d
resnet,clean_only,202,bandpass_n20005_cV3_covariance_s0,phase2/results/predictions/full/clean_only/resnet/seed_202/bandpass_n20005_cV3_covariance_s0.npz,75797,601c9bc212d694446928678f31089aab4559c33d803196ec764359484dd92a3a
resnet,clean_only,202,bandpass_n20005_cV4_independent_rms_s20,phase2/results/predictions/full/clean_only/resnet/seed_202/bandpass_n20005_cV4_independent_rms_s20.npz,76534,ed3b6fdf37865ac83e00d8a0a1e2f17bab6cb04d345e955e0a8ed82caf4ae4ca
resnet,clean_only,202,bandpass_n20005_cV4_independent_rms_s15,phase2/results/predictions/full/clean_only/resnet/seed_202/bandpass_n20005_cV4_independent_rms_s15.npz,76475,03dc440ff0f350969fb403f077efee6988d3d13c75e18a23f30eee102a68bb49
resnet,clean_only,202,bandpass_n20005_cV4_independent_rms_s10,phase2/results/predictions/full/clean_only/resnet/seed_202/bandpass_n20005_cV4_independent_rms_s10.npz,76343,f3c4bc25726d6aa1fe5f319be12b98e3efae7955e12a4c1ea88d548fe6f0eeee
resnet,clean_only,202,bandpass_n20005_cV4_independent_rms_s5,phase2/results/predictions/full/clean_only/resnet/seed_202/bandpass_n20005_cV4_independent_rms_s5.npz,76058,6aae78001e761da349bc41fc7f808ce8a92307a5cf4ddc4643f4b48870fbb52c
resnet,clean_only,202,bandpass_n20005_cV4_independent_rms_s0,phase2/results/predictions/full/clean_only/resnet/seed_202/bandpass_n20005_cV4_independent_rms_s0.npz,75402,423a4c6e2aa08eded1c97c254fc3443b4430861ad22242045361935c5f018ba3
resnet,clean_only,202,bandpass_n20005_cV4_electrode_s20,phase2/results/predictions/full/clean_only/resnet/seed_202/bandpass_n20005_cV4_electrode_s20.npz,76521,cac58c8428083e943ec5eddfa89cca245ab0715763a72605dd2fa2938e71c3d1
resnet,clean_only,202,bandpass_n20005_cV4_electrode_s15,phase2/results/predictions/full/clean_only/resnet/seed_202/bandpass_n20005_cV4_electrode_s15.npz,76463,7ff7c04a00c642e6c163486da7e8a090adab98a255feb7b4876ba24d89d60445
resnet,clean_only,202,bandpass_n20005_cV4_electrode_s10,phase2/results/predictions/full/clean_only/resnet/seed_202/bandpass_n20005_cV4_electrode_s10.npz,76304,ba8ea973b736406a55679879cea4eaa18a990f8ec102dee262ca3cd586bc902d
resnet,clean_only,202,bandpass_n20005_cV4_electrode_s5,phase2/results/predictions/full/clean_only/resnet/seed_202/bandpass_n20005_cV4_electrode_s5.npz,76046,387aa72330c014a9698b8d6af317038f2fa5e9a027689f55b24366885492c628
resnet,clean_only,202,bandpass_n20005_cV4_electrode_s0,phase2/results/predictions/full/clean_only/resnet/seed_202/bandpass_n20005_cV4_electrode_s0.npz,75386,69ec80bf9aeaee182f216bdebfe790501a0fe802a385415ecd797c1740cd97c8
resnet,clean_only,202,bandpass_n20005_cV4_covariance_s20,phase2/results/predictions/full/clean_only/resnet/seed_202/bandpass_n20005_cV4_covariance_s20.npz,76494,eccd5475ded63214db0fe2657f258f3778009304978495ec98f9eb5837128370
resnet,clean_only,202,bandpass_n20005_cV4_covariance_s15,phase2/results/predictions/full/clean_only/resnet/seed_202/bandpass_n20005_cV4_covariance_s15.npz,76439,268dac53a291151864995b3db6abf7b4a18625d15b888be77c538882a2c65f6e
resnet,clean_only,202,bandpass_n20005_cV4_covariance_s10,phase2/results/predictions/full/clean_only/resnet/seed_202/bandpass_n20005_cV4_covariance_s10.npz,76314,c1ad68946d389e3060a652fd266d54a317a016c0fa51f86848ed048052b893a5
resnet,clean_only,202,bandpass_n20005_cV4_covariance_s5,phase2/results/predictions/full/clean_only/resnet/seed_202/bandpass_n20005_cV4_covariance_s5.npz,76056,d6b2f379b3b8d70296b6a675b7512c4f628bc99cb452bf96c77a1772c808ef2a
resnet,clean_only,202,bandpass_n20005_cV4_covariance_s0,phase2/results/predictions/full/clean_only/resnet/seed_202/bandpass_n20005_cV4_covariance_s0.npz,75444,2696348394780a0bd90a0d5ed94196efae0d40954902c8f83bb65fdcba17b8e9
resnet,clean_only,202,bandpass_n20005_cV5_independent_rms_s20,phase2/results/predictions/full/clean_only/resnet/seed_202/bandpass_n20005_cV5_independent_rms_s20.npz,76480,688dfb32e4b472dedc369ac14c480cd8340ba70f0e38928d2a1a91eb942211f8
resnet,clean_only,202,bandpass_n20005_cV5_independent_rms_s15,phase2/results/predictions/full/clean_only/resnet/seed_202/bandpass_n20005_cV5_independent_rms_s15.npz,76392,083bdda45e68db074a136d6902e68b531e6492e88fc65b1e0bb848db0b1a4b55
resnet,clean_only,202,bandpass_n20005_cV5_independent_rms_s10,phase2/results/predictions/full/clean_only/resnet/seed_202/bandpass_n20005_cV5_independent_rms_s10.npz,76240,534b4e8e35c2ee8cb802bb4d2e62f1a7f283ba73a3b03fabd6b096a65aa06acf
resnet,clean_only,202,bandpass_n20005_cV5_independent_rms_s5,phase2/results/predictions/full/clean_only/resnet/seed_202/bandpass_n20005_cV5_independent_rms_s5.npz,75883,4293280fe9d1ffa1fca06bd2488abbdd5df0d9afb114928d8e4aff7c3c383ef1
resnet,clean_only,202,bandpass_n20005_cV5_independent_rms_s0,phase2/results/predictions/full/clean_only/resnet/seed_202/bandpass_n20005_cV5_independent_rms_s0.npz,75347,4652ae42ff7ee081ae9015e12ad84a4fc712ea0d77b8204140f4a745851f90c1
resnet,clean_only,202,bandpass_n20005_cV5_electrode_s20,phase2/results/predictions/full/clean_only/resnet/seed_202/bandpass_n20005_cV5_electrode_s20.npz,76465,ffac060702709589dc427ec842f8a06eed3d72cbea826691f3ed305c4736828c
resnet,clean_only,202,bandpass_n20005_cV5_electrode_s15,phase2/results/predictions/full/clean_only/resnet/seed_202/bandpass_n20005_cV5_electrode_s15.npz,76369,809ca615c7d1121df3fcb1a32d1d3511687a120b80d62ff54c5b02d4816ba040
resnet,clean_only,202,bandpass_n20005_cV5_electrode_s10,phase2/results/predictions/full/clean_only/resnet/seed_202/bandpass_n20005_cV5_electrode_s10.npz,76217,a42006dc2ca9e5cafffaff5f1cc0210524cc326c4ab376e6dc0c1452b2d517fb
resnet,clean_only,202,bandpass_n20005_cV5_electrode_s5,phase2/results/predictions/full/clean_only/resnet/seed_202/bandpass_n20005_cV5_electrode_s5.npz,75888,cc1f6eef9a003f664263228e957ec497096fec6b5db6089b8b2f9cc5d0ff142c
resnet,clean_only,202,bandpass_n20005_cV5_electrode_s0,phase2/results/predictions/full/clean_only/resnet/seed_202/bandpass_n20005_cV5_electrode_s0.npz,75336,6a43c7a7109eaa93b9d52f13dff9d86a94be2b7d24f1d4e6f8c7d40787731c6e
resnet,clean_only,202,bandpass_n20005_cV5_covariance_s20,phase2/results/predictions/full/clean_only/resnet/seed_202/bandpass_n20005_cV5_covariance_s20.npz,76470,d37c11e2fde768cd7c8162debd2a7e4733d32d2f31621d73212b6c05ba094164
resnet,clean_only,202,bandpass_n20005_cV5_covariance_s15,phase2/results/predictions/full/clean_only/resnet/seed_202/bandpass_n20005_cV5_covariance_s15.npz,76390,ae877066b0160551ad4301397ea8eded55150fc67efce12e91945c47a59ef90e
resnet,clean_only,202,bandpass_n20005_cV5_covariance_s10,phase2/results/predictions/full/clean_only/resnet/seed_202/bandpass_n20005_cV5_covariance_s10.npz,76243,9ef26d028add28076a33eafa19df07b143c12525fd83268d2630c34952973635
resnet,clean_only,202,bandpass_n20005_cV5_covariance_s5,phase2/results/predictions/full/clean_only/resnet/seed_202/bandpass_n20005_cV5_covariance_s5.npz,75896,0363e1cb9e2f13faceeea0bddc80316b80719cad80b030f152bf1b9fb25f3fe3
resnet,clean_only,202,bandpass_n20005_cV5_covariance_s0,phase2/results/predictions/full/clean_only/resnet/seed_202/bandpass_n20005_cV5_covariance_s0.npz,75331,6c4cfaac074dcb0158ae0f04815057c977833d4ee8d1c9e602ec5322c1639840
resnet,clean_only,202,bandpass_n20005_cV6_independent_rms_s20,phase2/results/predictions/full/clean_only/resnet/seed_202/bandpass_n20005_cV6_independent_rms_s20.npz,76502,875a9738b6cbd2056ee68352b404b02fd7285b485b78602cce52d9a9ec22dea4
resnet,clean_only,202,bandpass_n20005_cV6_independent_rms_s15,phase2/results/predictions/full/clean_only/resnet/seed_202/bandpass_n20005_cV6_independent_rms_s15.npz,76434,489f8f1d8c1a01afcefbbeb8891662e35db2551042c4e9be5e90871c00582d32
resnet,clean_only,202,bandpass_n20005_cV6_independent_rms_s10,phase2/results/predictions/full/clean_only/resnet/seed_202/bandpass_n20005_cV6_independent_rms_s10.npz,76332,5ed12eeeb9275d3a40b8a2eab7dea54a68858a12020c510c88ad44dd69fa9c10
resnet,clean_only,202,bandpass_n20005_cV6_independent_rms_s5,phase2/results/predictions/full/clean_only/resnet/seed_202/bandpass_n20005_cV6_independent_rms_s5.npz,76024,224bb9a2591e71f2cba5f34c375f088089541d134ea19b1342cbbe3cb33bf7f4
resnet,clean_only,202,bandpass_n20005_cV6_independent_rms_s0,phase2/results/predictions/full/clean_only/resnet/seed_202/bandpass_n20005_cV6_independent_rms_s0.npz,75397,356abbba6524b15ef3885da5b896cfa7b6e4cb4da2835d505a36498afccaf18a
resnet,clean_only,202,bandpass_n20005_cV6_electrode_s20,phase2/results/predictions/full/clean_only/resnet/seed_202/bandpass_n20005_cV6_electrode_s20.npz,76500,c6687a0dc1d35894a79fe0cd1ffe993e8b91a8d54468ba16936605048ca60704
resnet,clean_only,202,bandpass_n20005_cV6_electrode_s15,phase2/results/predictions/full/clean_only/resnet/seed_202/bandpass_n20005_cV6_electrode_s15.npz,76452,4d2a507420ff9c8942602954b49b240bd0dd90e88b8674414e7b2eb8dd0cef7c
resnet,clean_only,202,bandpass_n20005_cV6_electrode_s10,phase2/results/predictions/full/clean_only/resnet/seed_202/bandpass_n20005_cV6_electrode_s10.npz,76326,03f4a24dd9f7083422fbcc5043c6752bdaea91ce87aecc4202434f65d65d5d73
resnet,clean_only,202,bandpass_n20005_cV6_electrode_s5,phase2/results/predictions/full/clean_only/resnet/seed_202/bandpass_n20005_cV6_electrode_s5.npz,76041,8e0e538551a5cf8360df9c1d565cbbc5eb42412d20ed2f4803e4ffbeef03f215
resnet,clean_only,202,bandpass_n20005_cV6_electrode_s0,phase2/results/predictions/full/clean_only/resnet/seed_202/bandpass_n20005_cV6_electrode_s0.npz,75375,ddf5d06b1d8c926a26a9da4bf9ae013bbd440f6d18f9c9fffaa08fc4f0a7be12
resnet,clean_only,202,bandpass_n20005_cV6_covariance_s20,phase2/results/predictions/full/clean_only/resnet/seed_202/bandpass_n20005_cV6_covariance_s20.npz,76528,bafd07881ed3200a9698ecce49a12a6868de0f00504ac65446fe41bfb86b3849
resnet,clean_only,202,bandpass_n20005_cV6_covariance_s15,phase2/results/predictions/full/clean_only/resnet/seed_202/bandpass_n20005_cV6_covariance_s15.npz,76478,782000ea03e84541d20a7acecf4822cd4a3545db73687bdfece76fce3d78d91c
resnet,clean_only,202,bandpass_n20005_cV6_covariance_s10,phase2/results/predictions/full/clean_only/resnet/seed_202/bandpass_n20005_cV6_covariance_s10.npz,76288,c480fbaa29e6e3cf4f98aa118920e8fd912e5d4a7c8d06a7d82e5136ef7cadcd
resnet,clean_only,202,bandpass_n20005_cV6_covariance_s5,phase2/results/predictions/full/clean_only/resnet/seed_202/bandpass_n20005_cV6_covariance_s5.npz,76021,68a212abdb9ce52fab816a19cb7b45e31fc329d03265f96cb2016b4b1dabce0f
resnet,clean_only,202,bandpass_n20005_cV6_covariance_s0,phase2/results/predictions/full/clean_only/resnet/seed_202/bandpass_n20005_cV6_covariance_s0.npz,75367,5549f0725392cf95dff8f52b72d17db6483ff56de9e5d33a95afbd0d5653ea9d
resnet,clean_only,202,bandpass_n20005_cRA_LA_independent_rms_s20,phase2/results/predictions/full/clean_only/resnet/seed_202/bandpass_n20005_cRA_LA_independent_rms_s20.npz,76508,eef67bf95b6c1be141b9e36b3e637636650da9df65adac70dc5c006843367de0
resnet,clean_only,202,bandpass_n20005_cRA_LA_independent_rms_s15,phase2/results/predictions/full/clean_only/resnet/seed_202/bandpass_n20005_cRA_LA_independent_rms_s15.npz,76428,405996b482aa478c263378e3490b77f0f973fd849a8ca84b37adfd8d56d40ce8
resnet,clean_only,202,bandpass_n20005_cRA_LA_independent_rms_s10,phase2/results/predictions/full/clean_only/resnet/seed_202/bandpass_n20005_cRA_LA_independent_rms_s10.npz,76226,7c0324df0a8f5d0289327ad5138c19cc93b394093bd14746e40b21b846f9d412
resnet,clean_only,202,bandpass_n20005_cRA_LA_independent_rms_s5,phase2/results/predictions/full/clean_only/resnet/seed_202/bandpass_n20005_cRA_LA_independent_rms_s5.npz,75914,912239f7464d5b5533cbe82a131a72065d4924776df8a70bd7f9cf364899680d
resnet,clean_only,202,bandpass_n20005_cRA_LA_independent_rms_s0,phase2/results/predictions/full/clean_only/resnet/seed_202/bandpass_n20005_cRA_LA_independent_rms_s0.npz,75268,d181fe22d47452c07007b2780d4e67b280b4e7b3ad1784a49a88ffdcca73564d
resnet,clean_only,202,bandpass_n20005_cRA_LA_electrode_s20,phase2/results/predictions/full/clean_only/resnet/seed_202/bandpass_n20005_cRA_LA_electrode_s20.npz,76492,c18f1791ad6da7eddc559a6c7c0e36ff5a491a2eb675602a566c5a8be1ebfdaf
resnet,clean_only,202,bandpass_n20005_cRA_LA_electrode_s15,phase2/results/predictions/full/clean_only/resnet/seed_202/bandpass_n20005_cRA_LA_electrode_s15.npz,76325,f4c470e510cdc10f05b4fa8b462a5948fc484969757d0b2db220376822ce3ef8
resnet,clean_only,202,bandpass_n20005_cRA_LA_electrode_s10,phase2/results/predictions/full/clean_only/resnet/seed_202/bandpass_n20005_cRA_LA_electrode_s10.npz,76154,305ebe5c8db6d8fcace5f37b90bc47cab15ba75ada12fc6b6d9b01e5530c6201
resnet,clean_only,202,bandpass_n20005_cRA_LA_electrode_s5,phase2/results/predictions/full/clean_only/resnet/seed_202/bandpass_n20005_cRA_LA_electrode_s5.npz,75736,b5530cc00c6292174e41925d22806551663a249c97a4725af2c34fb892da2731
resnet,clean_only,202,bandpass_n20005_cRA_LA_electrode_s0,phase2/results/predictions/full/clean_only/resnet/seed_202/bandpass_n20005_cRA_LA_electrode_s0.npz,75316,251435ec67dfc34b2fdbad4bf52c36edec7444a6de38235050087ee231b7a265
resnet,clean_only,202,bandpass_n20005_cRA_LA_covariance_s20,phase2/results/predictions/full/clean_only/resnet/seed_202/bandpass_n20005_cRA_LA_covariance_s20.npz,76459,83783f9162a2f4317d576977663af74a8b324e59df095526b0b7b0d217bd2dae
resnet,clean_only,202,bandpass_n20005_cRA_LA_covariance_s15,phase2/results/predictions/full/clean_only/resnet/seed_202/bandpass_n20005_cRA_LA_covariance_s15.npz,76347,8ea61403a08179f30290eef30024e8b62c4d8a00593eee8695088e97bdf5b12a
resnet,clean_only,202,bandpass_n20005_cRA_LA_covariance_s10,phase2/results/predictions/full/clean_only/resnet/seed_202/bandpass_n20005_cRA_LA_covariance_s10.npz,76163,7c2acfea67303f807e676f00ae65e358bfd0304a986a312369caec51bca7108e
resnet,clean_only,202,bandpass_n20005_cRA_LA_covariance_s5,phase2/results/predictions/full/clean_only/resnet/seed_202/bandpass_n20005_cRA_LA_covariance_s5.npz,75747,04cb51b4ce3e8e8861b0d39952006ddefccbedfa86901bb95e17c0852c9da48c
resnet,clean_only,202,bandpass_n20005_cRA_LA_covariance_s0,phase2/results/predictions/full/clean_only/resnet/seed_202/bandpass_n20005_cRA_LA_covariance_s0.npz,75334,32f15c8a66d49bd9c686f602dccaf613f18cedda5a80bef3aabe554fa13dd1ab
resnet,clean_only,202,bandpass_n20005_cLA_LL_independent_rms_s20,phase2/results/predictions/full/clean_only/resnet/seed_202/bandpass_n20005_cLA_LL_independent_rms_s20.npz,76527,7d495c08eff2072e3e76a78709269912598c804aec542b5c34818b4ed0a1d427
resnet,clean_only,202,bandpass_n20005_cLA_LL_independent_rms_s15,phase2/results/predictions/full/clean_only/resnet/seed_202/bandpass_n20005_cLA_LL_independent_rms_s15.npz,76437,48c6f23124dc105a4baffa91e290c12acfea0d1125bed0bdc0792d73ee69ad23
resnet,clean_only,202,bandpass_n20005_cLA_LL_independent_rms_s10,phase2/results/predictions/full/clean_only/resnet/seed_202/bandpass_n20005_cLA_LL_independent_rms_s10.npz,76287,f5817919dd08eca7dbdd41ae6f76f622c3d8b23b24da10b726a089731b91cc36
resnet,clean_only,202,bandpass_n20005_cLA_LL_independent_rms_s5,phase2/results/predictions/full/clean_only/resnet/seed_202/bandpass_n20005_cLA_LL_independent_rms_s5.npz,75949,5592af65f628d37db4132bcc8172304edd25ca94572fff3dbbfcb46fdd03e2c5
resnet,clean_only,202,bandpass_n20005_cLA_LL_independent_rms_s0,phase2/results/predictions/full/clean_only/resnet/seed_202/bandpass_n20005_cLA_LL_independent_rms_s0.npz,75333,4d56aaab01e26fed7d492ec12ebf870afe64cc35bb489712e24add678e87ef03
resnet,clean_only,202,bandpass_n20005_cLA_LL_electrode_s20,phase2/results/predictions/full/clean_only/resnet/seed_202/bandpass_n20005_cLA_LL_electrode_s20.npz,76471,562adfb77bf9d61c937abc28f04ceb963b3c0fee03d92145785bc4ccd1ce5d97
resnet,clean_only,202,bandpass_n20005_cLA_LL_electrode_s15,phase2/results/predictions/full/clean_only/resnet/seed_202/bandpass_n20005_cLA_LL_electrode_s15.npz,76397,8046ca2579e6994b8b5ac5d51a5baa559c7c5166e7b2ff0aa1b0679f5d51bf6d
resnet,clean_only,202,bandpass_n20005_cLA_LL_electrode_s10,phase2/results/predictions/full/clean_only/resnet/seed_202/bandpass_n20005_cLA_LL_electrode_s10.npz,76163,f0aec13549f6878090409b1b321cf09ffdaa165fdd57e0758050d7250617a1e7
resnet,clean_only,202,bandpass_n20005_cLA_LL_electrode_s5,phase2/results/predictions/full/clean_only/resnet/seed_202/bandpass_n20005_cLA_LL_electrode_s5.npz,75719,3b34188cd27e77b6d08f1e1feee775d2827c34691a2b1078f95b8c4ea0482f7a
resnet,clean_only,202,bandpass_n20005_cLA_LL_electrode_s0,phase2/results/predictions/full/clean_only/resnet/seed_202/bandpass_n20005_cLA_LL_electrode_s0.npz,75337,8c72441c305ed750d7f67ab6d77c102dc16e151ba86adc9e9356b30c8de331be
resnet,clean_only,202,bandpass_n20005_cLA_LL_covariance_s20,phase2/results/predictions/full/clean_only/resnet/seed_202/bandpass_n20005_cLA_LL_covariance_s20.npz,76480,905b2b421ac7f37cf04d1258c1175466f9eb8b1c2c6c7fc56cfac07be8ac0cc1
resnet,clean_only,202,bandpass_n20005_cLA_LL_covariance_s15,phase2/results/predictions/full/clean_only/resnet/seed_202/bandpass_n20005_cLA_LL_covariance_s15.npz,76364,3e2484c7ab2b0e4830c0df618a4dff02d024a5a7d74beea85ab3384387dcbb9c
resnet,clean_only,202,bandpass_n20005_cLA_LL_covariance_s10,phase2/results/predictions/full/clean_only/resnet/seed_202/bandpass_n20005_cLA_LL_covariance_s10.npz,76164,a208a47935e0fa6f12b1a57bf9e5f6d703ff7d60159fcd3865bf3404b7631bdb
resnet,clean_only,202,bandpass_n20005_cLA_LL_covariance_s5,phase2/results/predictions/full/clean_only/resnet/seed_202/bandpass_n20005_cLA_LL_covariance_s5.npz,75698,89922af76bbf94d74d7a3e2a6770deb10a91ba5d8e91212b2bede338da3cbd8f
resnet,clean_only,202,bandpass_n20005_cLA_LL_covariance_s0,phase2/results/predictions/full/clean_only/resnet/seed_202/bandpass_n20005_cLA_LL_covariance_s0.npz,75356,3e42afdbf5968ed9b0e1f6fc767829a376f64467e8cf30c9221830361394d7ee
resnet,clean_only,202,bandpass_n20005_cRA_LL_independent_rms_s20,phase2/results/predictions/full/clean_only/resnet/seed_202/bandpass_n20005_cRA_LL_independent_rms_s20.npz,76480,2a1199fb4d1bf97e57ad464306240113b6842624f0c3a1c889fb1a9db352c8a8
resnet,clean_only,202,bandpass_n20005_cRA_LL_independent_rms_s15,phase2/results/predictions/full/clean_only/resnet/seed_202/bandpass_n20005_cRA_LL_independent_rms_s15.npz,76418,7b28e5fad8a79095737680dd079639ec36e40b7304df9f658b70e89224f16cfc
resnet,clean_only,202,bandpass_n20005_cRA_LL_independent_rms_s10,phase2/results/predictions/full/clean_only/resnet/seed_202/bandpass_n20005_cRA_LL_independent_rms_s10.npz,76274,3a6fa953de203f80c5e1324faaf9b272e71e5d974c958278a6e3c5aa24724625
resnet,clean_only,202,bandpass_n20005_cRA_LL_independent_rms_s5,phase2/results/predictions/full/clean_only/resnet/seed_202/bandpass_n20005_cRA_LL_independent_rms_s5.npz,75935,86010c8c90cb3e6da337c8d50dbfd7746880694d29688b1aa69d89c9e39d8828
resnet,clean_only,202,bandpass_n20005_cRA_LL_independent_rms_s0,phase2/results/predictions/full/clean_only/resnet/seed_202/bandpass_n20005_cRA_LL_independent_rms_s0.npz,75292,69b308b4933024e0587033ede980d9f8208fbd5e81e89fdf0fce0d31c10ff6cb
resnet,clean_only,202,bandpass_n20005_cRA_LL_electrode_s20,phase2/results/predictions/full/clean_only/resnet/seed_202/bandpass_n20005_cRA_LL_electrode_s20.npz,76503,3b479b9db6ac90fc686d910e100f9015cb2d92804a6c4bdc533773e825aaf9a5
resnet,clean_only,202,bandpass_n20005_cRA_LL_electrode_s15,phase2/results/predictions/full/clean_only/resnet/seed_202/bandpass_n20005_cRA_LL_electrode_s15.npz,76413,a39d921f28d35494f95dc442b23d5455dc2de39a002a0a8e0eb8ee6d035ba060
resnet,clean_only,202,bandpass_n20005_cRA_LL_electrode_s10,phase2/results/predictions/full/clean_only/resnet/seed_202/bandpass_n20005_cRA_LL_electrode_s10.npz,76224,1e33f02e22b4b94acffadbc30e468dff52eff07fa483295a636c2d55557e4bc6
resnet,clean_only,202,bandpass_n20005_cRA_LL_electrode_s5,phase2/results/predictions/full/clean_only/resnet/seed_202/bandpass_n20005_cRA_LL_electrode_s5.npz,75824,3e55d74a553a72a593a4ae230f6f429f801aa6f9dfeb7f5a62e53983e0e9c173
resnet,clean_only,202,bandpass_n20005_cRA_LL_electrode_s0,phase2/results/predictions/full/clean_only/resnet/seed_202/bandpass_n20005_cRA_LL_electrode_s0.npz,75324,7c0565003f222217dc44e99199559ed5371208ccd05248cdf39df97da8e99795
resnet,clean_only,202,bandpass_n20005_cRA_LL_covariance_s20,phase2/results/predictions/full/clean_only/resnet/seed_202/bandpass_n20005_cRA_LL_covariance_s20.npz,76538,c5692b60408624601398eb03fc7263d0560d0fead65eb059be66b5bea43bf934
resnet,clean_only,202,bandpass_n20005_cRA_LL_covariance_s15,phase2/results/predictions/full/clean_only/resnet/seed_202/bandpass_n20005_cRA_LL_covariance_s15.npz,76385,db51f4e1112a9b7ab7d8e7e213031ee4f56fecc3960aa7d167b9dd2900fecce0
resnet,clean_only,202,bandpass_n20005_cRA_LL_covariance_s10,phase2/results/predictions/full/clean_only/resnet/seed_202/bandpass_n20005_cRA_LL_covariance_s10.npz,76203,bb71fc4d6503ead916d7b3080b62531e7b8c191f820ffb755d36f4b69ce13173
resnet,clean_only,202,bandpass_n20005_cRA_LL_covariance_s5,phase2/results/predictions/full/clean_only/resnet/seed_202/bandpass_n20005_cRA_LL_covariance_s5.npz,75813,15b3fc856808247c1e283ae7ed8ebc70a0d79b0eb8d9181c1e8a1ca75378eda1
resnet,clean_only,202,bandpass_n20005_cRA_LL_covariance_s0,phase2/results/predictions/full/clean_only/resnet/seed_202/bandpass_n20005_cRA_LL_covariance_s0.npz,75303,ac260927a3cd491dd96477d55fda22dcf33c8e8007546acf7d198eef65957bb5
resnet,clean_only,202,bandpass_n20005_cRA_independent_rms_s20,phase2/results/predictions/full/clean_only/resnet/seed_202/bandpass_n20005_cRA_independent_rms_s20.npz,76523,a224e48ab2f0768011a8edba33e0818b66b12c260cd38d56b684fb1153160fa9
resnet,clean_only,202,bandpass_n20005_cRA_independent_rms_s15,phase2/results/predictions/full/clean_only/resnet/seed_202/bandpass_n20005_cRA_independent_rms_s15.npz,76397,c96cdf64682dc16e3e0e171966065666f9776ec498d1d09742a9f859c6b0b554
resnet,clean_only,202,bandpass_n20005_cRA_independent_rms_s10,phase2/results/predictions/full/clean_only/resnet/seed_202/bandpass_n20005_cRA_independent_rms_s10.npz,76257,384a844b91d0bf4ccb6b73130ccb378127ab99377735840518ae635677a85a80
resnet,clean_only,202,bandpass_n20005_cRA_independent_rms_s5,phase2/results/predictions/full/clean_only/resnet/seed_202/bandpass_n20005_cRA_independent_rms_s5.npz,75918,4f19a98db75c315cc8e9d4454c4b4c655fab74b147ef9f05004bd7ae97e36def
resnet,clean_only,202,bandpass_n20005_cRA_independent_rms_s0,phase2/results/predictions/full/clean_only/resnet/seed_202/bandpass_n20005_cRA_independent_rms_s0.npz,75260,b84614224324a49c4a0ab6276afd22ff10a07e080b2d0b3e25597c9308ba0503
resnet,clean_only,202,bandpass_n20005_cRA_electrode_s20,phase2/results/predictions/full/clean_only/resnet/seed_202/bandpass_n20005_cRA_electrode_s20.npz,76500,e6876fc3a597e22cb1ce007126c9d7f608fbeacacbf6176c735b2bf673011a00
resnet,clean_only,202,bandpass_n20005_cRA_electrode_s15,phase2/results/predictions/full/clean_only/resnet/seed_202/bandpass_n20005_cRA_electrode_s15.npz,76384,3e86f466122439ce069a2d8316c37d33a3b0b9e83b9923e4f53cf9658c273b7c
resnet,clean_only,202,bandpass_n20005_cRA_electrode_s10,phase2/results/predictions/full/clean_only/resnet/seed_202/bandpass_n20005_cRA_electrode_s10.npz,76203,2ba1cdd16c2cfa748be9efaa87e1b6aa963bad17129cd5ef6f90419927b0ae72
resnet,clean_only,202,bandpass_n20005_cRA_electrode_s5,phase2/results/predictions/full/clean_only/resnet/seed_202/bandpass_n20005_cRA_electrode_s5.npz,75867,24f42e798aa0e0ab0ff0d58593a5b1051dc938734b0d202bf814e369e8108d54
resnet,clean_only,202,bandpass_n20005_cRA_electrode_s0,phase2/results/predictions/full/clean_only/resnet/seed_202/bandpass_n20005_cRA_electrode_s0.npz,75368,0be43115d14fce0921441f8408ab37375fc253a9f3eb6457ffe9e4a9e221f87b
resnet,clean_only,202,bandpass_n20005_cRA_covariance_s20,phase2/results/predictions/full/clean_only/resnet/seed_202/bandpass_n20005_cRA_covariance_s20.npz,76490,016677ae3c92f7da1a9797da2adc77383b0d57c3f544d74b5234ba9b3fdf4475
resnet,clean_only,202,bandpass_n20005_cRA_covariance_s15,phase2/results/predictions/full/clean_only/resnet/seed_202/bandpass_n20005_cRA_covariance_s15.npz,76410,e67606b73b4e4639b6a6a430d959ae57c122982408ed788f040e637a5fa56616
resnet,clean_only,202,bandpass_n20005_cRA_covariance_s10,phase2/results/predictions/full/clean_only/resnet/seed_202/bandpass_n20005_cRA_covariance_s10.npz,76248,27e23c625c6f80bfd52cd4147f19fda4644878fe0e31e46b3edcc5e018d609d8
resnet,clean_only,202,bandpass_n20005_cRA_covariance_s5,phase2/results/predictions/full/clean_only/resnet/seed_202/bandpass_n20005_cRA_covariance_s5.npz,75851,a4541337e170dc093123cb02e5201fe622841b69a3d978847257cff2fb3e69fd
resnet,clean_only,202,bandpass_n20005_cRA_covariance_s0,phase2/results/predictions/full/clean_only/resnet/seed_202/bandpass_n20005_cRA_covariance_s0.npz,75358,6b4d4a357d4773087fc69a33fd1bf64e38956bcaaab4ba53db695b6349419f2f
resnet,clean_only,202,bandpass_n20005_cLA_independent_rms_s20,phase2/results/predictions/full/clean_only/resnet/seed_202/bandpass_n20005_cLA_independent_rms_s20.npz,76500,877dad9841e20476935c138daf9c25020b09e901afefb281cb3b252a951960a1
resnet,clean_only,202,bandpass_n20005_cLA_independent_rms_s15,phase2/results/predictions/full/clean_only/resnet/seed_202/bandpass_n20005_cLA_independent_rms_s15.npz,76425,586fee55b78439576eadca4c476ce3391c17a835ce3e076896e3a6011bd3925e
resnet,clean_only,202,bandpass_n20005_cLA_independent_rms_s10,phase2/results/predictions/full/clean_only/resnet/seed_202/bandpass_n20005_cLA_independent_rms_s10.npz,76275,3c1fe4abfd3f3c94fa3fc7a801cfa1de84d2c0915c990c99fa01daf87adeac27
resnet,clean_only,202,bandpass_n20005_cLA_independent_rms_s5,phase2/results/predictions/full/clean_only/resnet/seed_202/bandpass_n20005_cLA_independent_rms_s5.npz,75862,11f4ee435162fea59d532be71bc7502fea1c0bf1fc7c35bad6de6ecdedfd5046
resnet,clean_only,202,bandpass_n20005_cLA_independent_rms_s0,phase2/results/predictions/full/clean_only/resnet/seed_202/bandpass_n20005_cLA_independent_rms_s0.npz,75317,9b57fce32e0525194bc42040eaea52029685af873f46739960074b8864003540
resnet,clean_only,202,bandpass_n20005_cLA_electrode_s20,phase2/results/predictions/full/clean_only/resnet/seed_202/bandpass_n20005_cLA_electrode_s20.npz,76490,e3ed83ab42215600edba9e75ade3f678f5434461ad1e4f765b7cfadcbb49231d
resnet,clean_only,202,bandpass_n20005_cLA_electrode_s15,phase2/results/predictions/full/clean_only/resnet/seed_202/bandpass_n20005_cLA_electrode_s15.npz,76358,dd222541bcad0e4a163707a65e7d6652efff7af19b3ed9c5ae0bb4f4b85226f9
resnet,clean_only,202,bandpass_n20005_cLA_electrode_s10,phase2/results/predictions/full/clean_only/resnet/seed_202/bandpass_n20005_cLA_electrode_s10.npz,76112,2afb99adca7d63a77bbb2c3a39f55dd864fc22ea8ca63863680aab16e74e41df
resnet,clean_only,202,bandpass_n20005_cLA_electrode_s5,phase2/results/predictions/full/clean_only/resnet/seed_202/bandpass_n20005_cLA_electrode_s5.npz,75661,0ad5273102a847c1846092dc98a21043508498e19976bfb0057a53e64b11b53e
resnet,clean_only,202,bandpass_n20005_cLA_electrode_s0,phase2/results/predictions/full/clean_only/resnet/seed_202/bandpass_n20005_cLA_electrode_s0.npz,75318,858d98621caac3f78c61fa7497738b4776d01cf808bb970f1ef4fa482434fce8
resnet,clean_only,202,bandpass_n20005_cLA_covariance_s20,phase2/results/predictions/full/clean_only/resnet/seed_202/bandpass_n20005_cLA_covariance_s20.npz,76475,67d8e1b42d400d84d13bf06c9d05f785b16fe39d06adcee061fdffd840e8c9aa
resnet,clean_only,202,bandpass_n20005_cLA_covariance_s15,phase2/results/predictions/full/clean_only/resnet/seed_202/bandpass_n20005_cLA_covariance_s15.npz,76389,6cc75f7c0b0b3a39b9231a24673d2257c389bdefef9ca244929e4201c4644d76
resnet,clean_only,202,bandpass_n20005_cLA_covariance_s10,phase2/results/predictions/full/clean_only/resnet/seed_202/bandpass_n20005_cLA_covariance_s10.npz,76151,5214b62f940e8769cd2b145d1630547b1ae274568cb8dcca131847b27e56cb52
resnet,clean_only,202,bandpass_n20005_cLA_covariance_s5,phase2/results/predictions/full/clean_only/resnet/seed_202/bandpass_n20005_cLA_covariance_s5.npz,75669,ff1dc72bc00e0e0940ce11bf26795972c8486f7be666120186840744280a46a8
resnet,clean_only,202,bandpass_n20005_cLA_covariance_s0,phase2/results/predictions/full/clean_only/resnet/seed_202/bandpass_n20005_cLA_covariance_s0.npz,75300,3efc2b4139f00aafb41dc7da879393e7b46e5250e1d2d39a6356ab5ff5898696
resnet,clean_only,202,bandpass_n20005_cLL_independent_rms_s20,phase2/results/predictions/full/clean_only/resnet/seed_202/bandpass_n20005_cLL_independent_rms_s20.npz,76485,307d17824fe007bb8f55807817d3292229ff28807d702ff5e358c1761e8f16e4
resnet,clean_only,202,bandpass_n20005_cLL_independent_rms_s15,phase2/results/predictions/full/clean_only/resnet/seed_202/bandpass_n20005_cLL_independent_rms_s15.npz,76424,315cd2a761113a33aac8989b44b7e76814e2686d7ea522e690c5f6a1137d6735
resnet,clean_only,202,bandpass_n20005_cLL_independent_rms_s10,phase2/results/predictions/full/clean_only/resnet/seed_202/bandpass_n20005_cLL_independent_rms_s10.npz,76276,3d4435dbd23ac692e3fb7033d8d789ade5356718cdec6aa2334a6c76eacddcd9
resnet,clean_only,202,bandpass_n20005_cLL_independent_rms_s5,phase2/results/predictions/full/clean_only/resnet/seed_202/bandpass_n20005_cLL_independent_rms_s5.npz,75938,0f493cee49049cad5aa6d358c919d6b5847c9576b5a2f219d1c0ad159cf5b12f
resnet,clean_only,202,bandpass_n20005_cLL_independent_rms_s0,phase2/results/predictions/full/clean_only/resnet/seed_202/bandpass_n20005_cLL_independent_rms_s0.npz,75345,fdb2d232dc869e9a0b417dff2e8ff1dec7a78598e55d91aa5c598c552a086225
resnet,clean_only,202,bandpass_n20005_cLL_electrode_s20,phase2/results/predictions/full/clean_only/resnet/seed_202/bandpass_n20005_cLL_electrode_s20.npz,76506,c200cddaa062b8ef981a61fc35c3ac0d7f58854ddfe0dda65e5fd3fb2ac58971
resnet,clean_only,202,bandpass_n20005_cLL_electrode_s15,phase2/results/predictions/full/clean_only/resnet/seed_202/bandpass_n20005_cLL_electrode_s15.npz,76358,f25241346fd5da6ee9f21722bbd24c1a648c6f846d98f548c14c3c2e38011d54
resnet,clean_only,202,bandpass_n20005_cLL_electrode_s10,phase2/results/predictions/full/clean_only/resnet/seed_202/bandpass_n20005_cLL_electrode_s10.npz,76217,6bd6c0b8a0eaf958205c8d8daa00470bb4cbd77195ef97a524100c148ba66dc1
resnet,clean_only,202,bandpass_n20005_cLL_electrode_s5,phase2/results/predictions/full/clean_only/resnet/seed_202/bandpass_n20005_cLL_electrode_s5.npz,75759,aa4247f376be05ab271861062abc7b0508eeec958005a52c3e2a187620c08816
resnet,clean_only,202,bandpass_n20005_cLL_electrode_s0,phase2/results/predictions/full/clean_only/resnet/seed_202/bandpass_n20005_cLL_electrode_s0.npz,75383,c29fdd03292da43c7c834fbb5a68b05176ebe0dec9564bdfc6bb31b666b1c0bd
resnet,clean_only,202,bandpass_n20005_cLL_covariance_s20,phase2/results/predictions/full/clean_only/resnet/seed_202/bandpass_n20005_cLL_covariance_s20.npz,76477,3577b3bc5c3d28590024a06cd7f2e132d5d29dce9683f1cada2bc671d4dce187
resnet,clean_only,202,bandpass_n20005_cLL_covariance_s15,phase2/results/predictions/full/clean_only/resnet/seed_202/bandpass_n20005_cLL_covariance_s15.npz,76398,04a576a297f0e0264e90f8851e0df9fbba256798dbef88a9205f47a4add714eb
resnet,clean_only,202,bandpass_n20005_cLL_covariance_s10,phase2/results/predictions/full/clean_only/resnet/seed_202/bandpass_n20005_cLL_covariance_s10.npz,76179,c1df9158b5ea3275fd83e49d6b61f8dda37ac3a2163b0ca19ac25dd8c715dad3
resnet,clean_only,202,bandpass_n20005_cLL_covariance_s5,phase2/results/predictions/full/clean_only/resnet/seed_202/bandpass_n20005_cLL_covariance_s5.npz,75798,8bb74d12186b9109a1d8d6885d0229998f4f8b79f32de15b84b9149de2183d33
resnet,clean_only,202,bandpass_n20005_cLL_covariance_s0,phase2/results/predictions/full/clean_only/resnet/seed_202/bandpass_n20005_cLL_covariance_s0.npz,75378,2d45421c28b6ec49ccc4fd6c42062a2661d39591aafd732cf9b526f543ad4882
resnet,clean_only,202,bandpass_n20005_cRA_V1_independent_rms_s20,phase2/results/predictions/full/clean_only/resnet/seed_202/bandpass_n20005_cRA_V1_independent_rms_s20.npz,76528,7c721002a051ae8374ae8c5cf5824ce40c0a3e5749626d37192836dc41510cc3
resnet,clean_only,202,bandpass_n20005_cRA_V1_independent_rms_s15,phase2/results/predictions/full/clean_only/resnet/seed_202/bandpass_n20005_cRA_V1_independent_rms_s15.npz,76449,133fad3a61a3d9f4c236c40551af1ba7e97287d24cca729e038ce34290acef7d
resnet,clean_only,202,bandpass_n20005_cRA_V1_independent_rms_s10,phase2/results/predictions/full/clean_only/resnet/seed_202/bandpass_n20005_cRA_V1_independent_rms_s10.npz,76237,ad693584544cfec7c54ac7e24ecc981048e751bd1ba4ef136cbd93a7357a6902
resnet,clean_only,202,bandpass_n20005_cRA_V1_independent_rms_s5,phase2/results/predictions/full/clean_only/resnet/seed_202/bandpass_n20005_cRA_V1_independent_rms_s5.npz,75900,d008d5dedf340d5166172d0faa8afe7c7c520c80b9ec6a845fb1c3d78b39a4e2
resnet,clean_only,202,bandpass_n20005_cRA_V1_independent_rms_s0,phase2/results/predictions/full/clean_only/resnet/seed_202/bandpass_n20005_cRA_V1_independent_rms_s0.npz,75286,158b518e1f1844e85309bbdd7ba04d62c1627b3ac25cab95ce49f3b55e32d31a
resnet,clean_only,202,bandpass_n20005_cRA_V1_electrode_s20,phase2/results/predictions/full/clean_only/resnet/seed_202/bandpass_n20005_cRA_V1_electrode_s20.npz,76474,e39485251cb9992600aefa398ba7aa804d248f0b1b039b0a7963328e907465d9
resnet,clean_only,202,bandpass_n20005_cRA_V1_electrode_s15,phase2/results/predictions/full/clean_only/resnet/seed_202/bandpass_n20005_cRA_V1_electrode_s15.npz,76399,77b72e66414521a27452f98c0f436c4e4fde6ad43afb52ffb558d0df5a3f436e
resnet,clean_only,202,bandpass_n20005_cRA_V1_electrode_s10,phase2/results/predictions/full/clean_only/resnet/seed_202/bandpass_n20005_cRA_V1_electrode_s10.npz,76240,821c4ca65e3c9661cb333d453d04d48381494bef47ccd99cf7ece793713447b3
resnet,clean_only,202,bandpass_n20005_cRA_V1_electrode_s5,phase2/results/predictions/full/clean_only/resnet/seed_202/bandpass_n20005_cRA_V1_electrode_s5.npz,75800,540aca5f73d40b0283c49120065953efdef17cadc16993f3239e8fd6db18c61d
resnet,clean_only,202,bandpass_n20005_cRA_V1_electrode_s0,phase2/results/predictions/full/clean_only/resnet/seed_202/bandpass_n20005_cRA_V1_electrode_s0.npz,75351,22741254fc6701126befa25da6f8fb633465963817dd8a95720c497d1163e99a
resnet,clean_only,202,bandpass_n20005_cRA_V1_covariance_s20,phase2/results/predictions/full/clean_only/resnet/seed_202/bandpass_n20005_cRA_V1_covariance_s20.npz,76485,38ae93b73a0a0447e13971e03d9644d76df2ca01085812c473b44055cfc83782
resnet,clean_only,202,bandpass_n20005_cRA_V1_covariance_s15,phase2/results/predictions/full/clean_only/resnet/seed_202/bandpass_n20005_cRA_V1_covariance_s15.npz,76415,6c493bff4af60e6647bd27fea3f2e399faf26f0d38cffbd3c85fc4951f1a61da
resnet,clean_only,202,bandpass_n20005_cRA_V1_covariance_s10,phase2/results/predictions/full/clean_only/resnet/seed_202/bandpass_n20005_cRA_V1_covariance_s10.npz,76226,ae0f946c9422b21adf8a4b00ee0bd59d346dec71736269546f506594a64d34c4
resnet,clean_only,202,bandpass_n20005_cRA_V1_covariance_s5,phase2/results/predictions/full/clean_only/resnet/seed_202/bandpass_n20005_cRA_V1_covariance_s5.npz,75824,a7dfbbde78efe15939019687e042ebf31b753731ee6f11183a9d84fa84d34a6b
resnet,clean_only,202,bandpass_n20005_cRA_V1_covariance_s0,phase2/results/predictions/full/clean_only/resnet/seed_202/bandpass_n20005_cRA_V1_covariance_s0.npz,75319,5c6b28570c62183a9837c12fa08ece704a50ad732dacc2ac9f7b1ced60c19cb2
resnet,clean_only,202,bandpass_n20005_cLA_V6_independent_rms_s20,phase2/results/predictions/full/clean_only/resnet/seed_202/bandpass_n20005_cLA_V6_independent_rms_s20.npz,76517,de9441f11d15d5cc362744969ee1a257c04843b255f808f7bb0f958f8f94a716
resnet,clean_only,202,bandpass_n20005_cLA_V6_independent_rms_s15,phase2/results/predictions/full/clean_only/resnet/seed_202/bandpass_n20005_cLA_V6_independent_rms_s15.npz,76470,c8234b7cfecea7d0441573610409fd7de44ba8f45bb1dca275bc14213b424820
resnet,clean_only,202,bandpass_n20005_cLA_V6_independent_rms_s10,phase2/results/predictions/full/clean_only/resnet/seed_202/bandpass_n20005_cLA_V6_independent_rms_s10.npz,76314,4c3403ee10b2f12dbfb5e421ca727177227b3a8031696de2730462fca97bba29
resnet,clean_only,202,bandpass_n20005_cLA_V6_independent_rms_s5,phase2/results/predictions/full/clean_only/resnet/seed_202/bandpass_n20005_cLA_V6_independent_rms_s5.npz,75931,aae4ab28b5d99d035aeac2146e4889a08c294ba75cded4886c13c34a05d0c472
resnet,clean_only,202,bandpass_n20005_cLA_V6_independent_rms_s0,phase2/results/predictions/full/clean_only/resnet/seed_202/bandpass_n20005_cLA_V6_independent_rms_s0.npz,75312,0df1d954fd727035c47c758181d066babd3086c872191dd9e03e04a8b04f5b8f
resnet,clean_only,202,bandpass_n20005_cLA_V6_electrode_s20,phase2/results/predictions/full/clean_only/resnet/seed_202/bandpass_n20005_cLA_V6_electrode_s20.npz,76464,2c38493aba5cb3b7c4d7566d1fde659856532fe4e8c781bead4f314478fc628d
resnet,clean_only,202,bandpass_n20005_cLA_V6_electrode_s15,phase2/results/predictions/full/clean_only/resnet/seed_202/bandpass_n20005_cLA_V6_electrode_s15.npz,76360,89f11ec658e5a2a426eab3904d6abd719710152f5026b1249524294584e97cce
resnet,clean_only,202,bandpass_n20005_cLA_V6_electrode_s10,phase2/results/predictions/full/clean_only/resnet/seed_202/bandpass_n20005_cLA_V6_electrode_s10.npz,76168,a3753db61db9de1eb69c496c4e78d981ed8a9e1c4c5bfd5a62a001ebe833e103
resnet,clean_only,202,bandpass_n20005_cLA_V6_electrode_s5,phase2/results/predictions/full/clean_only/resnet/seed_202/bandpass_n20005_cLA_V6_electrode_s5.npz,75737,298b24217db7349b8e643fd20d268412d410f6d38c34cce8888b9a21b4571c94
resnet,clean_only,202,bandpass_n20005_cLA_V6_electrode_s0,phase2/results/predictions/full/clean_only/resnet/seed_202/bandpass_n20005_cLA_V6_electrode_s0.npz,75339,f221c1c7bfd52656a26179d76ecb2b4d982e12726987ce4e563c1e877e049733
resnet,clean_only,202,bandpass_n20005_cLA_V6_covariance_s20,phase2/results/predictions/full/clean_only/resnet/seed_202/bandpass_n20005_cLA_V6_covariance_s20.npz,76507,34f3ad713e85b41663d3201c83f8ee54859ae83c9b0bafaf4fbc2b3dbdfb2e4e
resnet,clean_only,202,bandpass_n20005_cLA_V6_covariance_s15,phase2/results/predictions/full/clean_only/resnet/seed_202/bandpass_n20005_cLA_V6_covariance_s15.npz,76410,69345547bc7d985c804e5c47e98ef5909e49cacae89eb02d31ff9338c9ec4abe
resnet,clean_only,202,bandpass_n20005_cLA_V6_covariance_s10,phase2/results/predictions/full/clean_only/resnet/seed_202/bandpass_n20005_cLA_V6_covariance_s10.npz,76159,f94242ae7be8d2e3574de8c28b233ac9c614b3f1bf49305710f1ea6cfaff6b9b
resnet,clean_only,202,bandpass_n20005_cLA_V6_covariance_s5,phase2/results/predictions/full/clean_only/resnet/seed_202/bandpass_n20005_cLA_V6_covariance_s5.npz,75736,10a1e9bd13ef230d5bf805fb13437e4c73ed0e45b15ecb6e9f28d711ae254a46
resnet,clean_only,202,bandpass_n20005_cLA_V6_covariance_s0,phase2/results/predictions/full/clean_only/resnet/seed_202/bandpass_n20005_cLA_V6_covariance_s0.npz,75341,594a3c1682b7bf8a874bc33999a8c4f2b60636f6a7de82c7071a961ce42178df
resnet,clean_only,202,bandpass_n20005_cLL_V4_independent_rms_s20,phase2/results/predictions/full/clean_only/resnet/seed_202/bandpass_n20005_cLL_V4_independent_rms_s20.npz,76521,80c46d3529b0472b768ce7ec62c197e901e7a1a1ad414246fa41c515a4dd4d5d
resnet,clean_only,202,bandpass_n20005_cLL_V4_independent_rms_s15,phase2/results/predictions/full/clean_only/resnet/seed_202/bandpass_n20005_cLL_V4_independent_rms_s15.npz,76457,5da70f1fc093fba97fe098201eea5fa89a43be6dd4818e1e7b9eac408b165510
resnet,clean_only,202,bandpass_n20005_cLL_V4_independent_rms_s10,phase2/results/predictions/full/clean_only/resnet/seed_202/bandpass_n20005_cLL_V4_independent_rms_s10.npz,76308,77a5105d6bce2d1889db1fb7222a80807ea7a3f5c613be93d2c818cc251a76fe
resnet,clean_only,202,bandpass_n20005_cLL_V4_independent_rms_s5,phase2/results/predictions/full/clean_only/resnet/seed_202/bandpass_n20005_cLL_V4_independent_rms_s5.npz,75944,4c6bbfbab9bd3e7736f1e9329e507b4cb446a2f7c9088f62cbc34c671cf1e2a4
resnet,clean_only,202,bandpass_n20005_cLL_V4_independent_rms_s0,phase2/results/predictions/full/clean_only/resnet/seed_202/bandpass_n20005_cLL_V4_independent_rms_s0.npz,75377,706900dfc74220365d6a474e770f37472ca28c7c32b68ca53e81da26b8de5e4a
resnet,clean_only,202,bandpass_n20005_cLL_V4_electrode_s20,phase2/results/predictions/full/clean_only/resnet/seed_202/bandpass_n20005_cLL_V4_electrode_s20.npz,76496,c217558f3502ea01635260e90c204a3df5030e04afa09a3feeb4d395e337f535
resnet,clean_only,202,bandpass_n20005_cLL_V4_electrode_s15,phase2/results/predictions/full/clean_only/resnet/seed_202/bandpass_n20005_cLL_V4_electrode_s15.npz,76358,fcaf14670051823f21f3f9315c453bbffd6b0431460c35d9f4cd0cb4c65952ab
resnet,clean_only,202,bandpass_n20005_cLL_V4_electrode_s10,phase2/results/predictions/full/clean_only/resnet/seed_202/bandpass_n20005_cLL_V4_electrode_s10.npz,76227,864eca80784f9ca4c3bbc52aa133418e1604d94e95179ad8048aae8a04f91520
resnet,clean_only,202,bandpass_n20005_cLL_V4_electrode_s5,phase2/results/predictions/full/clean_only/resnet/seed_202/bandpass_n20005_cLL_V4_electrode_s5.npz,75853,273853d5de093b413e6b35c5308ecd52cbc51ce043e2c62062fc94fb71f8aab6
resnet,clean_only,202,bandpass_n20005_cLL_V4_electrode_s0,phase2/results/predictions/full/clean_only/resnet/seed_202/bandpass_n20005_cLL_V4_electrode_s0.npz,75390,d52a8dcf9b6256f6220f8f5694c20a482d6dee308fc3735725bd6c33e4f9d474
resnet,clean_only,202,bandpass_n20005_cLL_V4_covariance_s20,phase2/results/predictions/full/clean_only/resnet/seed_202/bandpass_n20005_cLL_V4_covariance_s20.npz,76488,5c55bc008ad96e9ae2a238c0594936e30c4d8a494d79658d2befd949d33a18e4
resnet,clean_only,202,bandpass_n20005_cLL_V4_covariance_s15,phase2/results/predictions/full/clean_only/resnet/seed_202/bandpass_n20005_cLL_V4_covariance_s15.npz,76373,f3125353a898f9bfd10e664e8e814f2ce1c50271c892ad4b263951d81f024c1a
resnet,clean_only,202,bandpass_n20005_cLL_V4_covariance_s10,phase2/results/predictions/full/clean_only/resnet/seed_202/bandpass_n20005_cLL_V4_covariance_s10.npz,76276,422a59088c1e9ba2a300be60a44ffd14272bf5e13b325ca4638fe38a96f95874
resnet,clean_only,202,bandpass_n20005_cLL_V4_covariance_s5,phase2/results/predictions/full/clean_only/resnet/seed_202/bandpass_n20005_cLL_V4_covariance_s5.npz,75860,2899c49393be797a89a4bcd3a6bae4029affe40eb0bf2c4fc9b35f4213b34046
resnet,clean_only,202,bandpass_n20005_cLL_V4_covariance_s0,phase2/results/predictions/full/clean_only/resnet/seed_202/bandpass_n20005_cLL_V4_covariance_s0.npz,75390,bdcaa93d04691f456887a44523d1cdb1bb11c0dd9c59a192d2fb8168334c9b11
resnet,clean_only,202,bandpass_n20005_cRA_LA_V1_V6_independent_rms_s20,phase2/results/predictions/full/clean_only/resnet/seed_202/bandpass_n20005_cRA_LA_V1_V6_independent_rms_s20.npz,76534,962d16a72b6846e3bf89a0958abd0690aeeb840b1e7b240f856ec759d23ce50b
resnet,clean_only,202,bandpass_n20005_cRA_LA_V1_V6_independent_rms_s15,phase2/results/predictions/full/clean_only/resnet/seed_202/bandpass_n20005_cRA_LA_V1_V6_independent_rms_s15.npz,76444,b4b2dca487afb81092890ea71a2fe3908be0e8553b13365b2c755d9cb5d3e70b
resnet,clean_only,202,bandpass_n20005_cRA_LA_V1_V6_independent_rms_s10,phase2/results/predictions/full/clean_only/resnet/seed_202/bandpass_n20005_cRA_LA_V1_V6_independent_rms_s10.npz,76327,a00e89a0908aaf9a69e68e49da090fbaad9488e77cf64ed576ef6b5f30562974
resnet,clean_only,202,bandpass_n20005_cRA_LA_V1_V6_independent_rms_s5,phase2/results/predictions/full/clean_only/resnet/seed_202/bandpass_n20005_cRA_LA_V1_V6_independent_rms_s5.npz,75941,1ef549fd27e7c4f775c7c852b48466af854f925f2e4e21640bb6899849f9b8d0
resnet,clean_only,202,bandpass_n20005_cRA_LA_V1_V6_independent_rms_s0,phase2/results/predictions/full/clean_only/resnet/seed_202/bandpass_n20005_cRA_LA_V1_V6_independent_rms_s0.npz,75345,a48b79ef38c90f33694c7100b84acae1c0ebb6c6e83e28225f231699c111cd21
resnet,clean_only,202,bandpass_n20005_cRA_LA_V1_V6_electrode_s20,phase2/results/predictions/full/clean_only/resnet/seed_202/bandpass_n20005_cRA_LA_V1_V6_electrode_s20.npz,76513,c57f9154ec46e0a81ea4e03f8e73464039b8edcb31be9ef72aaf879c9a9ad2ac
resnet,clean_only,202,bandpass_n20005_cRA_LA_V1_V6_electrode_s15,phase2/results/predictions/full/clean_only/resnet/seed_202/bandpass_n20005_cRA_LA_V1_V6_electrode_s15.npz,76433,7156dbfaabb623df72ec64034561801256cd3c81186bd45782e8bc1ca841fe6e
resnet,clean_only,202,bandpass_n20005_cRA_LA_V1_V6_electrode_s10,phase2/results/predictions/full/clean_only/resnet/seed_202/bandpass_n20005_cRA_LA_V1_V6_electrode_s10.npz,76197,5717308d06eeafa18f28cbf90087368882a9e319f00d79b1d1b8226e1d227324
resnet,clean_only,202,bandpass_n20005_cRA_LA_V1_V6_electrode_s5,phase2/results/predictions/full/clean_only/resnet/seed_202/bandpass_n20005_cRA_LA_V1_V6_electrode_s5.npz,75798,8f1297a2a9f12b7c4a20a71b5bb8f05b590040b195c78f63d20ac374ba80e6fd
resnet,clean_only,202,bandpass_n20005_cRA_LA_V1_V6_electrode_s0,phase2/results/predictions/full/clean_only/resnet/seed_202/bandpass_n20005_cRA_LA_V1_V6_electrode_s0.npz,75366,d5c3a2a7dc2ca4ba8a1414dc6d52f43ebb2e2a7c8d824dd477974ee9e43f0a9e
resnet,clean_only,202,bandpass_n20005_cRA_LA_V1_V6_covariance_s20,phase2/results/predictions/full/clean_only/resnet/seed_202/bandpass_n20005_cRA_LA_V1_V6_covariance_s20.npz,76488,02aabaa54291385e4cc58b21ef37b98253dd768cbd7ac7e7c3201905b0c4775e
resnet,clean_only,202,bandpass_n20005_cRA_LA_V1_V6_covariance_s15,phase2/results/predictions/full/clean_only/resnet/seed_202/bandpass_n20005_cRA_LA_V1_V6_covariance_s15.npz,76402,12d54f8a631d3ff60ab616f4815ade1528eabb24e00168b07b9b3b69e73712b3
resnet,clean_only,202,bandpass_n20005_cRA_LA_V1_V6_covariance_s10,phase2/results/predictions/full/clean_only/resnet/seed_202/bandpass_n20005_cRA_LA_V1_V6_covariance_s10.npz,76237,c9e57e832ef86a2fee01ec14bb1ff4b2b1a00bd956679f780588979b622de8c1
resnet,clean_only,202,bandpass_n20005_cRA_LA_V1_V6_covariance_s5,phase2/results/predictions/full/clean_only/resnet/seed_202/bandpass_n20005_cRA_LA_V1_V6_covariance_s5.npz,75786,68c07e548d9512f83496103f394cb1eab4756eabb65d91826a6f1738af0c600a
resnet,clean_only,202,bandpass_n20005_cRA_LA_V1_V6_covariance_s0,phase2/results/predictions/full/clean_only/resnet/seed_202/bandpass_n20005_cRA_LA_V1_V6_covariance_s0.npz,75319,ff6f428222cef4e7eaa545fdeec0b3b502ff83da19ea696b7d64b5d8e06b15d6
resnet,clean_only,202,bandpass_n20005_cRA_V2_V5_independent_rms_s20,phase2/results/predictions/full/clean_only/resnet/seed_202/bandpass_n20005_cRA_V2_V5_independent_rms_s20.npz,76554,f1735a31d2505cbf312b87d6e4c890bf1aad05efe443e20d42dbc544df7de52f
resnet,clean_only,202,bandpass_n20005_cRA_V2_V5_independent_rms_s15,phase2/results/predictions/full/clean_only/resnet/seed_202/bandpass_n20005_cRA_V2_V5_independent_rms_s15.npz,76450,66dc149d7515cd680ade91fb4fd6afab969e692184da79231e79cff0ff60ffe8
resnet,clean_only,202,bandpass_n20005_cRA_V2_V5_independent_rms_s10,phase2/results/predictions/full/clean_only/resnet/seed_202/bandpass_n20005_cRA_V2_V5_independent_rms_s10.npz,76265,50cdbab4f7b794cac68c5dc850df2350ddc000b2631b8abec785a0b70843f993
resnet,clean_only,202,bandpass_n20005_cRA_V2_V5_independent_rms_s5,phase2/results/predictions/full/clean_only/resnet/seed_202/bandpass_n20005_cRA_V2_V5_independent_rms_s5.npz,75926,8b447cd8597b486981b39d233515f98c639265e65dd9bf5f517e6ccebe97fa4c
resnet,clean_only,202,bandpass_n20005_cRA_V2_V5_independent_rms_s0,phase2/results/predictions/full/clean_only/resnet/seed_202/bandpass_n20005_cRA_V2_V5_independent_rms_s0.npz,75300,7a37cba3bc2ed7644dfbbe339f51362bd7db90640a0b7f734ec072567c72c7ad
resnet,clean_only,202,bandpass_n20005_cRA_V2_V5_electrode_s20,phase2/results/predictions/full/clean_only/resnet/seed_202/bandpass_n20005_cRA_V2_V5_electrode_s20.npz,76496,f2fac4101a7e809de6c7f2d14f04a22abd3a9b7993db0dbc66ae47c5466f630e
resnet,clean_only,202,bandpass_n20005_cRA_V2_V5_electrode_s15,phase2/results/predictions/full/clean_only/resnet/seed_202/bandpass_n20005_cRA_V2_V5_electrode_s15.npz,76417,6e4d1d7c77ca5c506579ec97790ead4efd855fc78e20d4dfbf251ac4e2bac0b0
resnet,clean_only,202,bandpass_n20005_cRA_V2_V5_electrode_s10,phase2/results/predictions/full/clean_only/resnet/seed_202/bandpass_n20005_cRA_V2_V5_electrode_s10.npz,76239,180b051c188c70ca135db15b552a8658ab63174d53d4512fd2b1037b8bdbf663
resnet,clean_only,202,bandpass_n20005_cRA_V2_V5_electrode_s5,phase2/results/predictions/full/clean_only/resnet/seed_202/bandpass_n20005_cRA_V2_V5_electrode_s5.npz,75866,e1175b3480be20578f7245e2f267f5625a3ba896dd58dfbcadd4614f27e8f153
resnet,clean_only,202,bandpass_n20005_cRA_V2_V5_electrode_s0,phase2/results/predictions/full/clean_only/resnet/seed_202/bandpass_n20005_cRA_V2_V5_electrode_s0.npz,75319,54c505e04ebaf10499087b94548e1febb0b1731f63c398690f5b7397eec9e2f8
resnet,clean_only,202,bandpass_n20005_cRA_V2_V5_covariance_s20,phase2/results/predictions/full/clean_only/resnet/seed_202/bandpass_n20005_cRA_V2_V5_covariance_s20.npz,76486,e90b9f3353d711148724e808bdea695781339309040cf7010fd89979508ddfc9
resnet,clean_only,202,bandpass_n20005_cRA_V2_V5_covariance_s15,phase2/results/predictions/full/clean_only/resnet/seed_202/bandpass_n20005_cRA_V2_V5_covariance_s15.npz,76420,dd0243c2fe07b671de72d3091d431f11ca6ce00f8b19cecf9ce57cb707e42fb5
resnet,clean_only,202,bandpass_n20005_cRA_V2_V5_covariance_s10,phase2/results/predictions/full/clean_only/resnet/seed_202/bandpass_n20005_cRA_V2_V5_covariance_s10.npz,76264,d831de20932d928f04d3aa37752c86bb4d99f18eec87ae303c2480b76b77210f
resnet,clean_only,202,bandpass_n20005_cRA_V2_V5_covariance_s5,phase2/results/predictions/full/clean_only/resnet/seed_202/bandpass_n20005_cRA_V2_V5_covariance_s5.npz,75909,02181996b93870a52093ec1bd8c7f8d1de29225b314a03e423683347e69965af
resnet,clean_only,202,bandpass_n20005_cRA_V2_V5_covariance_s0,phase2/results/predictions/full/clean_only/resnet/seed_202/bandpass_n20005_cRA_V2_V5_covariance_s0.npz,75328,1562c3aa6756ab312df69299197e8e20604d9c0243ca745d024d1170e818b49c
resnet,clean_only,202,bandpass_n20005_cLA_V3_V6_independent_rms_s20,phase2/results/predictions/full/clean_only/resnet/seed_202/bandpass_n20005_cLA_V3_V6_independent_rms_s20.npz,76533,6aec206d6e9d78179142e674710cecb463ad96445ac0120e6cac7f20e13319d1
resnet,clean_only,202,bandpass_n20005_cLA_V3_V6_independent_rms_s15,phase2/results/predictions/full/clean_only/resnet/seed_202/bandpass_n20005_cLA_V3_V6_independent_rms_s15.npz,76460,f9cb33a31f00753707860a76b804b7ed388c0cf153fa5ac12a2adb559a60d4f2
resnet,clean_only,202,bandpass_n20005_cLA_V3_V6_independent_rms_s10,phase2/results/predictions/full/clean_only/resnet/seed_202/bandpass_n20005_cLA_V3_V6_independent_rms_s10.npz,76314,0bcfb0b96631f4afb0ff1d57aca20150a8be02be9c8a080c07576b8180fb767e
resnet,clean_only,202,bandpass_n20005_cLA_V3_V6_independent_rms_s5,phase2/results/predictions/full/clean_only/resnet/seed_202/bandpass_n20005_cLA_V3_V6_independent_rms_s5.npz,75993,6dda06cf06dc18327f6b8914838c77d45bbc8ede2d3d31d3f9d0604dea625b78
resnet,clean_only,202,bandpass_n20005_cLA_V3_V6_independent_rms_s0,phase2/results/predictions/full/clean_only/resnet/seed_202/bandpass_n20005_cLA_V3_V6_independent_rms_s0.npz,75343,d579fb1ca8d585002a63bb03b929ad141ca01257cc0edd7602dec5d0e6225914
resnet,clean_only,202,bandpass_n20005_cLA_V3_V6_electrode_s20,phase2/results/predictions/full/clean_only/resnet/seed_202/bandpass_n20005_cLA_V3_V6_electrode_s20.npz,76533,67e4665af63ad06fd27fc31d27d4730238e4c4555f37f98a1b64312c63d45f0b
resnet,clean_only,202,bandpass_n20005_cLA_V3_V6_electrode_s15,phase2/results/predictions/full/clean_only/resnet/seed_202/bandpass_n20005_cLA_V3_V6_electrode_s15.npz,76402,e3f469431de7a3dc92d7f0b4c2b3376e3ab50c5c3b9b4319f908b770c22a7606
resnet,clean_only,202,bandpass_n20005_cLA_V3_V6_electrode_s10,phase2/results/predictions/full/clean_only/resnet/seed_202/bandpass_n20005_cLA_V3_V6_electrode_s10.npz,76201,7c4ade05adb1361dee8a6239d6380ade1477272fd661ac7d7bb8090a18ced033
resnet,clean_only,202,bandpass_n20005_cLA_V3_V6_electrode_s5,phase2/results/predictions/full/clean_only/resnet/seed_202/bandpass_n20005_cLA_V3_V6_electrode_s5.npz,75787,f2d31bdb1a765765d8059a4b8ec7fd5e3b776b6959fbe56fed69df65582ec32b
resnet,clean_only,202,bandpass_n20005_cLA_V3_V6_electrode_s0,phase2/results/predictions/full/clean_only/resnet/seed_202/bandpass_n20005_cLA_V3_V6_electrode_s0.npz,75371,a04bede5d5e669dd340a3880a92f9db7214526595627efafb38cca2e68f41ef3
resnet,clean_only,202,bandpass_n20005_cLA_V3_V6_covariance_s20,phase2/results/predictions/full/clean_only/resnet/seed_202/bandpass_n20005_cLA_V3_V6_covariance_s20.npz,76514,64faffe1bb35055099b11cffdaff83340599a6f9c3aa3d611e4c3284f6e8f0ca
resnet,clean_only,202,bandpass_n20005_cLA_V3_V6_covariance_s15,phase2/results/predictions/full/clean_only/resnet/seed_202/bandpass_n20005_cLA_V3_V6_covariance_s15.npz,76439,d0d055bfba830e9ddc8bc3dd0705dbc8638f813b616862bee6ef07e3e8d71358
resnet,clean_only,202,bandpass_n20005_cLA_V3_V6_covariance_s10,phase2/results/predictions/full/clean_only/resnet/seed_202/bandpass_n20005_cLA_V3_V6_covariance_s10.npz,76253,de5636d48d7e56b34cdb681a8b76a0bc2ff9f8cd601130c23483a933fd0752e4
resnet,clean_only,202,bandpass_n20005_cLA_V3_V6_covariance_s5,phase2/results/predictions/full/clean_only/resnet/seed_202/bandpass_n20005_cLA_V3_V6_covariance_s5.npz,75805,7ceafb11854035ccff2ed3491639e83ff48f00222e9cf8344b78142c40cdb655
resnet,clean_only,202,bandpass_n20005_cLA_V3_V6_covariance_s0,phase2/results/predictions/full/clean_only/resnet/seed_202/bandpass_n20005_cLA_V3_V6_covariance_s0.npz,75333,8298faadec27d1d1559b1d7faddbfc3be69457c6a414fb5694c95dc97849859b
resnet,clean_only,202,bandpass_n20005_cLL_V1_V4_independent_rms_s20,phase2/results/predictions/full/clean_only/resnet/seed_202/bandpass_n20005_cLL_V1_V4_independent_rms_s20.npz,76556,7b1f43a79fd7c3dc4248b004749d1fb5e0f436d107ca855a817d23b9832220bb
resnet,clean_only,202,bandpass_n20005_cLL_V1_V4_independent_rms_s15,phase2/results/predictions/full/clean_only/resnet/seed_202/bandpass_n20005_cLL_V1_V4_independent_rms_s15.npz,76430,567439135aa39d2cbcdbf097ed548e985dbba76f2acf92004d013b249b641a80
resnet,clean_only,202,bandpass_n20005_cLL_V1_V4_independent_rms_s10,phase2/results/predictions/full/clean_only/resnet/seed_202/bandpass_n20005_cLL_V1_V4_independent_rms_s10.npz,76270,1055f5f6a2a088870aa06930bb910927de8b9cbb757baf5f83a99ad56379a24b
resnet,clean_only,202,bandpass_n20005_cLL_V1_V4_independent_rms_s5,phase2/results/predictions/full/clean_only/resnet/seed_202/bandpass_n20005_cLL_V1_V4_independent_rms_s5.npz,75891,912e02f9a43d1b3ac51b1002578995fd88d2c4e68fe7fb88cbaeb6754eb02806
resnet,clean_only,202,bandpass_n20005_cLL_V1_V4_independent_rms_s0,phase2/results/predictions/full/clean_only/resnet/seed_202/bandpass_n20005_cLL_V1_V4_independent_rms_s0.npz,75321,576d991b5f78307976fbd6442fc6cfe71575947533344676216d9e8b2138598a
resnet,clean_only,202,bandpass_n20005_cLL_V1_V4_electrode_s20,phase2/results/predictions/full/clean_only/resnet/seed_202/bandpass_n20005_cLL_V1_V4_electrode_s20.npz,76499,07b287c6b741c54a839488fbc88f91601967c85622955af5522a354f539bf987
resnet,clean_only,202,bandpass_n20005_cLL_V1_V4_electrode_s15,phase2/results/predictions/full/clean_only/resnet/seed_202/bandpass_n20005_cLL_V1_V4_electrode_s15.npz,76385,d395466b3ab28a5dd9cce43db499f336d91269ee7bab2e7e454ffab6b2469b66
resnet,clean_only,202,bandpass_n20005_cLL_V1_V4_electrode_s10,phase2/results/predictions/full/clean_only/resnet/seed_202/bandpass_n20005_cLL_V1_V4_electrode_s10.npz,76260,e4aab88f807a32c2b0c77ddccb0676e7f7ed0cea6fa432668e697ed6c9c6b855
resnet,clean_only,202,bandpass_n20005_cLL_V1_V4_electrode_s5,phase2/results/predictions/full/clean_only/resnet/seed_202/bandpass_n20005_cLL_V1_V4_electrode_s5.npz,75838,b91c043e24bfdfbe2a157fbdafa720cf77f76955aded9f41fdee3962451cad58
resnet,clean_only,202,bandpass_n20005_cLL_V1_V4_electrode_s0,phase2/results/predictions/full/clean_only/resnet/seed_202/bandpass_n20005_cLL_V1_V4_electrode_s0.npz,75355,3c6c153312ed4bce38626f76f32f6d4209372ac74d0d91e0ee39b050b73428a4
resnet,clean_only,202,bandpass_n20005_cLL_V1_V4_covariance_s20,phase2/results/predictions/full/clean_only/resnet/seed_202/bandpass_n20005_cLL_V1_V4_covariance_s20.npz,76510,5aab04bc2665540eb56a438734331ddf0b2f9a13b44236bdecd628c05fa1a8f5
resnet,clean_only,202,bandpass_n20005_cLL_V1_V4_covariance_s15,phase2/results/predictions/full/clean_only/resnet/seed_202/bandpass_n20005_cLL_V1_V4_covariance_s15.npz,76402,dadc33e55a9889bda908d10b968264b71e90a87c66e21d41514b088782d20cc9
resnet,clean_only,202,bandpass_n20005_cLL_V1_V4_covariance_s10,phase2/results/predictions/full/clean_only/resnet/seed_202/bandpass_n20005_cLL_V1_V4_covariance_s10.npz,76236,dd6894f786e07e9ef346287c1fec600368e31ec3aeb51c487e65036c6218897b
resnet,clean_only,202,bandpass_n20005_cLL_V1_V4_covariance_s5,phase2/results/predictions/full/clean_only/resnet/seed_202/bandpass_n20005_cLL_V1_V4_covariance_s5.npz,75812,5f2e0b30ae36445015058c12549f6fcd5fa3fb3382ccc0d1e4cd71319319911b
resnet,clean_only,202,bandpass_n20005_cLL_V1_V4_covariance_s0,phase2/results/predictions/full/clean_only/resnet/seed_202/bandpass_n20005_cLL_V1_V4_covariance_s0.npz,75389,909327e38cb4f35393fdfed0ed63a54ee5919a2ed7e5c3e546f82c3abd450026
resnet,clean_only,202,bandpass_n20005_call_independent_rms_s20,phase2/results/predictions/full/clean_only/resnet/seed_202/bandpass_n20005_call_independent_rms_s20.npz,76485,82b687394d69d20d35ba33348ac3d130b126aabd7d73c11228ca78dccdb19c13
resnet,clean_only,202,bandpass_n20005_call_independent_rms_s15,phase2/results/predictions/full/clean_only/resnet/seed_202/bandpass_n20005_call_independent_rms_s15.npz,76402,2b65100a323c7a4058a670f68c8c340310469639285d222f303369e5c4cb790d
resnet,clean_only,202,bandpass_n20005_call_independent_rms_s10,phase2/results/predictions/full/clean_only/resnet/seed_202/bandpass_n20005_call_independent_rms_s10.npz,76260,5ffa95e3946d93405b8707dce3b0c77ac35f21c6708df2b6c65115423883aa33
resnet,clean_only,202,bandpass_n20005_call_independent_rms_s5,phase2/results/predictions/full/clean_only/resnet/seed_202/bandpass_n20005_call_independent_rms_s5.npz,75913,768846a1131633428dfd38918d7961e40601e4115acceef2bc9fbf849ad05450
resnet,clean_only,202,bandpass_n20005_call_independent_rms_s0,phase2/results/predictions/full/clean_only/resnet/seed_202/bandpass_n20005_call_independent_rms_s0.npz,75277,a9f5ce7a2590953eb9f0dc0ed577eaadc2276297edfd3e0895adb8abaa04542d
resnet,clean_only,202,bandpass_n20005_call_electrode_s20,phase2/results/predictions/full/clean_only/resnet/seed_202/bandpass_n20005_call_electrode_s20.npz,76477,9732d1f166fecb349d223baece15e361b97cd6efd8c2d0959c79699b80d6f174
resnet,clean_only,202,bandpass_n20005_call_electrode_s15,phase2/results/predictions/full/clean_only/resnet/seed_202/bandpass_n20005_call_electrode_s15.npz,76400,9f937c2609af876ff64aea5cf148d75202a237a54ec08e9046a5ca45e419bc42
resnet,clean_only,202,bandpass_n20005_call_electrode_s10,phase2/results/predictions/full/clean_only/resnet/seed_202/bandpass_n20005_call_electrode_s10.npz,76213,ed1b145c793283a3eda2d922021c087a36a580cafe786726b053f755e785dfcc
resnet,clean_only,202,bandpass_n20005_call_electrode_s5,phase2/results/predictions/full/clean_only/resnet/seed_202/bandpass_n20005_call_electrode_s5.npz,75783,6471271d4ff47a2e46076f6663d1fdec390a118a1999cc3f3119eab1b5bf0ba7
resnet,clean_only,202,bandpass_n20005_call_electrode_s0,phase2/results/predictions/full/clean_only/resnet/seed_202/bandpass_n20005_call_electrode_s0.npz,75278,375323283070be235ea48f14eb0a02e5737ab340faff563f2388314b527e4dfb
resnet,clean_only,202,bandpass_n20005_call_covariance_s20,phase2/results/predictions/full/clean_only/resnet/seed_202/bandpass_n20005_call_covariance_s20.npz,76489,9d9efeea55d4518e3ce6106a8c77334fbadc3149b3ed5bbe0e35e0abe1644697
resnet,clean_only,202,bandpass_n20005_call_covariance_s15,phase2/results/predictions/full/clean_only/resnet/seed_202/bandpass_n20005_call_covariance_s15.npz,76379,16b9660830a01648c2b73d3c6964348b28f3139dc1ab7918163ca6224204863d
resnet,clean_only,202,bandpass_n20005_call_covariance_s10,phase2/results/predictions/full/clean_only/resnet/seed_202/bandpass_n20005_call_covariance_s10.npz,76208,0b686796cb4eeea3a4140cd33f3dc889dfd417f08fb11024794f19be412eb8b9
resnet,clean_only,202,bandpass_n20005_call_covariance_s5,phase2/results/predictions/full/clean_only/resnet/seed_202/bandpass_n20005_call_covariance_s5.npz,75813,24304567d01a04a01406c8247ed57d77c1c9ba684ec5ea3e8417187a7624a0df
resnet,clean_only,202,bandpass_n20005_call_covariance_s0,phase2/results/predictions/full/clean_only/resnet/seed_202/bandpass_n20005_call_covariance_s0.npz,75302,4f153ebcfd7af33513689caeb5ea51e49862933c969305c2ad0e479feac6b3e2
resnet,clean_only,202,bw_n20001_call_independent_rms_s20,phase2/results/predictions/full/clean_only/resnet/seed_202/bw_n20001_call_independent_rms_s20.npz,76521,462335e7db33cd69cd5c8b9cd427141ca4508124dddbc1ebb5ed0f37f1e6d98a
resnet,clean_only,202,bw_n20001_call_independent_rms_s10,phase2/results/predictions/full/clean_only/resnet/seed_202/bw_n20001_call_independent_rms_s10.npz,76480,b94a36080dd9b102eeffbda4c419c43c1d2ca41389d718e2678abf9c454e7350
resnet,clean_only,202,bw_n20001_call_independent_rms_s0,phase2/results/predictions/full/clean_only/resnet/seed_202/bw_n20001_call_independent_rms_s0.npz,76100,8e53c6bb38c8cb71111c3918fb7eb25396e63517e60c36967526adf7c91e87b0
resnet,clean_only,202,bw_n20001_call_electrode_s20,phase2/results/predictions/full/clean_only/resnet/seed_202/bw_n20001_call_electrode_s20.npz,76505,a587bf7de357fc9a5a089a47b4fce259993f1bc84619497ed331c0c150f85f4f
resnet,clean_only,202,bw_n20001_call_electrode_s10,phase2/results/predictions/full/clean_only/resnet/seed_202/bw_n20001_call_electrode_s10.npz,76453,e15e0d82614e6b866a2f1e6640c5f7345e90b3236a119206ac5f24d20c4cce8c
resnet,clean_only,202,bw_n20001_call_electrode_s0,phase2/results/predictions/full/clean_only/resnet/seed_202/bw_n20001_call_electrode_s0.npz,76180,b755d477077e2a06d64455bc9be2eb42a468820704f419cd08bb08ae5e3b82cf
resnet,clean_only,202,bw_n20001_call_covariance_s20,phase2/results/predictions/full/clean_only/resnet/seed_202/bw_n20001_call_covariance_s20.npz,76533,ced90c6497ca9f7f75ab67e2c6af15046a9cd668a3fe710469879477723ec99a
resnet,clean_only,202,bw_n20001_call_covariance_s10,phase2/results/predictions/full/clean_only/resnet/seed_202/bw_n20001_call_covariance_s10.npz,76493,41b7a2463c096370eb6b640fdb5e8035a50a4e3f3f10a5a56f360884c388cf6c
resnet,clean_only,202,bw_n20001_call_covariance_s0,phase2/results/predictions/full/clean_only/resnet/seed_202/bw_n20001_call_covariance_s0.npz,76187,37bf94cac363d0926056a8204060a4ad9ac59aa40fb21d84de38efe69e13c236
resnet,clean_only,202,bw_n20002_call_independent_rms_s20,phase2/results/predictions/full/clean_only/resnet/seed_202/bw_n20002_call_independent_rms_s20.npz,76524,87fb3dd6201b1848133e9bc8ed059f95675ae4a6c28ca824eacf7728612d2cc4
resnet,clean_only,202,bw_n20002_call_independent_rms_s10,phase2/results/predictions/full/clean_only/resnet/seed_202/bw_n20002_call_independent_rms_s10.npz,76469,821e76b51c75d0c5d406da01582a3c051498226ef0195b203895187e56dc7c8a
resnet,clean_only,202,bw_n20002_call_independent_rms_s0,phase2/results/predictions/full/clean_only/resnet/seed_202/bw_n20002_call_independent_rms_s0.npz,76102,2795b5ff695c61246dd7ae36fd998858a34d1b8a57741229ca145b17dd4ec1b3
resnet,clean_only,202,bw_n20002_call_electrode_s20,phase2/results/predictions/full/clean_only/resnet/seed_202/bw_n20002_call_electrode_s20.npz,76503,0619cbe9f19b0b79047937170c8b61f6a2045dc1432a39423d1a52a44de98ac1
resnet,clean_only,202,bw_n20002_call_electrode_s10,phase2/results/predictions/full/clean_only/resnet/seed_202/bw_n20002_call_electrode_s10.npz,76494,eb6650c905946d8de8e53b5f15a8430766176fecca02e4f3c06e66e490bdc99c
resnet,clean_only,202,bw_n20002_call_electrode_s0,phase2/results/predictions/full/clean_only/resnet/seed_202/bw_n20002_call_electrode_s0.npz,76162,0318b9a9a955063f5c5620e176c519a7554256a86f9520330a75e47c032a26e3
resnet,clean_only,202,bw_n20002_call_covariance_s20,phase2/results/predictions/full/clean_only/resnet/seed_202/bw_n20002_call_covariance_s20.npz,76489,374fb97c86d4a301174ac6c098efe1ef267c287b10a31e40fb04815650645dac
resnet,clean_only,202,bw_n20002_call_covariance_s10,phase2/results/predictions/full/clean_only/resnet/seed_202/bw_n20002_call_covariance_s10.npz,76486,2eba417e159a0ed71d32689f52b92471b3fcb2d8d83ae0cb7089b2af604899a0
resnet,clean_only,202,bw_n20002_call_covariance_s0,phase2/results/predictions/full/clean_only/resnet/seed_202/bw_n20002_call_covariance_s0.npz,76194,949977f7f818b399e51954bd083bd04457ed61512c2ab0df35b70c01cb97e882
resnet,clean_only,202,bw_n20003_call_independent_rms_s20,phase2/results/predictions/full/clean_only/resnet/seed_202/bw_n20003_call_independent_rms_s20.npz,76517,7766e02f48178bbfa42b2e0bb7246b00de794a85787328b8370a8bde15098117
resnet,clean_only,202,bw_n20003_call_independent_rms_s10,phase2/results/predictions/full/clean_only/resnet/seed_202/bw_n20003_call_independent_rms_s10.npz,76475,9863ef7f7e302c5a41ada8f9e74df70980e46543cd70bcc06d222bad8f92b3a6
resnet,clean_only,202,bw_n20003_call_independent_rms_s0,phase2/results/predictions/full/clean_only/resnet/seed_202/bw_n20003_call_independent_rms_s0.npz,76082,3f2188a0d3632ed5d66e18b56bcfb90ac7b126e86149df2341a9c2ee68c169d2
resnet,clean_only,202,bw_n20003_call_electrode_s20,phase2/results/predictions/full/clean_only/resnet/seed_202/bw_n20003_call_electrode_s20.npz,76494,bee530089ef59565e06ba60a726f2d16fbad232a07628bdc07861d0708f0f8b3
resnet,clean_only,202,bw_n20003_call_electrode_s10,phase2/results/predictions/full/clean_only/resnet/seed_202/bw_n20003_call_electrode_s10.npz,76488,68f6ca042dc9e4c9c906b71c6e3f839eafbd5bb34537ff158c5c79871f29f98f
resnet,clean_only,202,bw_n20003_call_electrode_s0,phase2/results/predictions/full/clean_only/resnet/seed_202/bw_n20003_call_electrode_s0.npz,76209,cf34502f8fc108d7c37b00152ebee4823c9a58b180c4ebd70a65e09b26e802a2
resnet,clean_only,202,bw_n20003_call_covariance_s20,phase2/results/predictions/full/clean_only/resnet/seed_202/bw_n20003_call_covariance_s20.npz,76460,b9f31eb58cfb677592dac3b73bcd9851e8255c12d11b354c730c45744c67dc0f
resnet,clean_only,202,bw_n20003_call_covariance_s10,phase2/results/predictions/full/clean_only/resnet/seed_202/bw_n20003_call_covariance_s10.npz,76466,8e9616bb2bff7815605667bf4420e8296a987a0c6ea8dcaf1045e2af994a0038
resnet,clean_only,202,bw_n20003_call_covariance_s0,phase2/results/predictions/full/clean_only/resnet/seed_202/bw_n20003_call_covariance_s0.npz,76215,da6b6b32dabea07ff40288cff76918de0ad61647f8a51a12604f9427f943389a
resnet,clean_only,202,bw_n20004_call_independent_rms_s20,phase2/results/predictions/full/clean_only/resnet/seed_202/bw_n20004_call_independent_rms_s20.npz,76508,e35b15867e906f44caf112784497d73483e54beaf1acb8a9050788e530b39408
resnet,clean_only,202,bw_n20004_call_independent_rms_s10,phase2/results/predictions/full/clean_only/resnet/seed_202/bw_n20004_call_independent_rms_s10.npz,76477,cca582af619d3e2acb0848838af10644e9dfcfde1328cef63ca9796e60a94b99
resnet,clean_only,202,bw_n20004_call_independent_rms_s0,phase2/results/predictions/full/clean_only/resnet/seed_202/bw_n20004_call_independent_rms_s0.npz,76112,8869c7818c43e217a0b8dd3946b902609bfb6d51dd11a76c2688dfbb5ae3e861
resnet,clean_only,202,bw_n20004_call_electrode_s20,phase2/results/predictions/full/clean_only/resnet/seed_202/bw_n20004_call_electrode_s20.npz,76516,ec44971feaef665462f8beaa2113aa2a3621c10cbee8bc78c0dd200495806103
resnet,clean_only,202,bw_n20004_call_electrode_s10,phase2/results/predictions/full/clean_only/resnet/seed_202/bw_n20004_call_electrode_s10.npz,76475,0021627e8bc0f0a357f70009e83d2565c2e2425207cce426c2e6fcdc3ba64423
resnet,clean_only,202,bw_n20004_call_electrode_s0,phase2/results/predictions/full/clean_only/resnet/seed_202/bw_n20004_call_electrode_s0.npz,76164,8e7b0e1836556da00392123f2a22038d23c00aec22f37ad53d5e1002c671d5fa
resnet,clean_only,202,bw_n20004_call_covariance_s20,phase2/results/predictions/full/clean_only/resnet/seed_202/bw_n20004_call_covariance_s20.npz,76529,6e266d4dbb09639f9fc930a5363e91ad4319cd3b8bbb12aba5db3a6f230a960b
resnet,clean_only,202,bw_n20004_call_covariance_s10,phase2/results/predictions/full/clean_only/resnet/seed_202/bw_n20004_call_covariance_s10.npz,76500,434a030fd555ed9362bcfe9dc68597cd32e4af489364ccf43ae42b88bd5ae0c0
resnet,clean_only,202,bw_n20004_call_covariance_s0,phase2/results/predictions/full/clean_only/resnet/seed_202/bw_n20004_call_covariance_s0.npz,76164,abc6acab946a25949c13b661cf9de5fd57701e7a6d5340ebd59418091da5bb35
resnet,clean_only,202,bw_n20005_call_independent_rms_s20,phase2/results/predictions/full/clean_only/resnet/seed_202/bw_n20005_call_independent_rms_s20.npz,76525,4f762f926d30836d7884701770e80c54500847daad1c7ed801409a84d5d7c5cd
resnet,clean_only,202,bw_n20005_call_independent_rms_s10,phase2/results/predictions/full/clean_only/resnet/seed_202/bw_n20005_call_independent_rms_s10.npz,76457,d591f217e5ffd794c3c585f6d463befe77615e70f6a288ef11d359565ea6925a
resnet,clean_only,202,bw_n20005_call_independent_rms_s0,phase2/results/predictions/full/clean_only/resnet/seed_202/bw_n20005_call_independent_rms_s0.npz,76091,f1fb13812d84c71dec61f300f0aa3c0d4e5de5c6e8789140face94da58b8ada9
resnet,clean_only,202,bw_n20005_call_electrode_s20,phase2/results/predictions/full/clean_only/resnet/seed_202/bw_n20005_call_electrode_s20.npz,76500,434f3e3e6bf65fd681f147af4b14fac710a477ec20872a191009d7fd51575bb3
resnet,clean_only,202,bw_n20005_call_electrode_s10,phase2/results/predictions/full/clean_only/resnet/seed_202/bw_n20005_call_electrode_s10.npz,76491,662467335114cd2dfb59d508eed514b4ed57374380c007941e28e864a296cde8
resnet,clean_only,202,bw_n20005_call_electrode_s0,phase2/results/predictions/full/clean_only/resnet/seed_202/bw_n20005_call_electrode_s0.npz,76191,213677892368b3ff39f8462323d24ba92bb274f102bb32600d42c027514e1fc0
resnet,clean_only,202,bw_n20005_call_covariance_s20,phase2/results/predictions/full/clean_only/resnet/seed_202/bw_n20005_call_covariance_s20.npz,76497,b116112b314824332152ffbc917933c21fc08baf6cd2cb636283a8c1859ad1aa
resnet,clean_only,202,bw_n20005_call_covariance_s10,phase2/results/predictions/full/clean_only/resnet/seed_202/bw_n20005_call_covariance_s10.npz,76475,aafe93e74318507579b419e1ec31c7664e12b381e8e571f41e86687008671996
resnet,clean_only,202,bw_n20005_call_covariance_s0,phase2/results/predictions/full/clean_only/resnet/seed_202/bw_n20005_call_covariance_s0.npz,76189,7636a6093bf8029f96ffc7ab5e7bbf361f3b5599f97df5c45c46e12b05599283
resnet,clean_only,202,ma_n20001_call_independent_rms_s20,phase2/results/predictions/full/clean_only/resnet/seed_202/ma_n20001_call_independent_rms_s20.npz,76517,1916f1b0dfac7f45ae96111c3548da80e87d63623f7a6c9db82b3b9c877cfa1d
resnet,clean_only,202,ma_n20001_call_independent_rms_s10,phase2/results/predictions/full/clean_only/resnet/seed_202/ma_n20001_call_independent_rms_s10.npz,76402,0065e3feacd64bba84521d21f65a88bd5ef48838740977b0259139be3ad11561
resnet,clean_only,202,ma_n20001_call_independent_rms_s0,phase2/results/predictions/full/clean_only/resnet/seed_202/ma_n20001_call_independent_rms_s0.npz,75856,4559d5f9d2386fc9241d1a239acd043032510a9093672c6673531850b0ef8497
resnet,clean_only,202,ma_n20001_call_electrode_s20,phase2/results/predictions/full/clean_only/resnet/seed_202/ma_n20001_call_electrode_s20.npz,76488,37eb6e22b0ef7e2e14061b8bf4c378c33b00b6e1527e58710c7ae00db2e55342
resnet,clean_only,202,ma_n20001_call_electrode_s10,phase2/results/predictions/full/clean_only/resnet/seed_202/ma_n20001_call_electrode_s10.npz,76374,395d9e1499657f2d1a320894ad253ccdc4321dc57ad622ed5c05181f6d1fb567
resnet,clean_only,202,ma_n20001_call_electrode_s0,phase2/results/predictions/full/clean_only/resnet/seed_202/ma_n20001_call_electrode_s0.npz,75968,d8815563112f0e17fdc95322358442b0dde3d53db065897699c14b040befa857
resnet,clean_only,202,ma_n20001_call_covariance_s20,phase2/results/predictions/full/clean_only/resnet/seed_202/ma_n20001_call_covariance_s20.npz,76496,515a104adbfae19416674f2dac4720829fa19194062635b114eb78f0a6461e88
resnet,clean_only,202,ma_n20001_call_covariance_s10,phase2/results/predictions/full/clean_only/resnet/seed_202/ma_n20001_call_covariance_s10.npz,76380,7f4ba7b456fa0818763a498076b74f776e488becf185dd0f83415cfd5c51e005
resnet,clean_only,202,ma_n20001_call_covariance_s0,phase2/results/predictions/full/clean_only/resnet/seed_202/ma_n20001_call_covariance_s0.npz,76005,24e61e3f2ec3c27236c73cad397113be9101d805f5a954b2934c4ae202732abe
resnet,clean_only,202,ma_n20002_call_independent_rms_s20,phase2/results/predictions/full/clean_only/resnet/seed_202/ma_n20002_call_independent_rms_s20.npz,76518,83780cb7532ce51e93a764f35e886a5f47207d512114760c27afd62823bdc100
resnet,clean_only,202,ma_n20002_call_independent_rms_s10,phase2/results/predictions/full/clean_only/resnet/seed_202/ma_n20002_call_independent_rms_s10.npz,76425,4c60c703d7f45a3998d9f7acd96f1b8ff84d122d7deb285ac72e3d2d502c384e
resnet,clean_only,202,ma_n20002_call_independent_rms_s0,phase2/results/predictions/full/clean_only/resnet/seed_202/ma_n20002_call_independent_rms_s0.npz,75854,8a6ea243dbaad7a9953335f3d5653eaa625d728f98f3f49aa45e8785cac77adc
resnet,clean_only,202,ma_n20002_call_electrode_s20,phase2/results/predictions/full/clean_only/resnet/seed_202/ma_n20002_call_electrode_s20.npz,76469,5649b8a465590787230cb7d371697a0b0c52aeb306baff8e5425547d1317c6b1
resnet,clean_only,202,ma_n20002_call_electrode_s10,phase2/results/predictions/full/clean_only/resnet/seed_202/ma_n20002_call_electrode_s10.npz,76389,18248bdeeceec00695da6032abd7df71660e469b20b373e556b11f7e093c2c5c
resnet,clean_only,202,ma_n20002_call_electrode_s0,phase2/results/predictions/full/clean_only/resnet/seed_202/ma_n20002_call_electrode_s0.npz,75982,71d80e93b9b87410fb016dc8586a24580319513ead5d64a8004e2b9d13642849
resnet,clean_only,202,ma_n20002_call_covariance_s20,phase2/results/predictions/full/clean_only/resnet/seed_202/ma_n20002_call_covariance_s20.npz,76496,6aa2dac176052389ac64a78ce74674d09e33f7c4c3706b3c628ac3a1ca6a93be
resnet,clean_only,202,ma_n20002_call_covariance_s10,phase2/results/predictions/full/clean_only/resnet/seed_202/ma_n20002_call_covariance_s10.npz,76407,8e0cec5083b46fce04cb7abd3564adf6c00180edfd4524083599a0442cec9224
resnet,clean_only,202,ma_n20002_call_covariance_s0,phase2/results/predictions/full/clean_only/resnet/seed_202/ma_n20002_call_covariance_s0.npz,76011,2cee839780eca444609fbec12b74ccdc31b39611758d544ae07e580f5b66c114
resnet,clean_only,202,ma_n20003_call_independent_rms_s20,phase2/results/predictions/full/clean_only/resnet/seed_202/ma_n20003_call_independent_rms_s20.npz,76511,cddf177b5618798747a16402ad7479f3e8fb2df369017e492fbbe3a5fd0f0fad
resnet,clean_only,202,ma_n20003_call_independent_rms_s10,phase2/results/predictions/full/clean_only/resnet/seed_202/ma_n20003_call_independent_rms_s10.npz,76408,49375469f13c24837a4f6639b58a7907d851d5e08182c50e9b294198985b9fd1
resnet,clean_only,202,ma_n20003_call_independent_rms_s0,phase2/results/predictions/full/clean_only/resnet/seed_202/ma_n20003_call_independent_rms_s0.npz,75839,41629a21c2a9c445a8cdd809168f876dd35beb7023b5b669e4dc43f947a03ba0
resnet,clean_only,202,ma_n20003_call_electrode_s20,phase2/results/predictions/full/clean_only/resnet/seed_202/ma_n20003_call_electrode_s20.npz,76521,6a561fc96c66b1dbede6b2a1c61a5f28bf97dc5c4efbddd9a1b6d85550db12af
resnet,clean_only,202,ma_n20003_call_electrode_s10,phase2/results/predictions/full/clean_only/resnet/seed_202/ma_n20003_call_electrode_s10.npz,76394,8817d877040c3c8bc792460f51a8c53f8e46413e47ac5275494f527c8efd2067
resnet,clean_only,202,ma_n20003_call_electrode_s0,phase2/results/predictions/full/clean_only/resnet/seed_202/ma_n20003_call_electrode_s0.npz,75993,6b91266981c3d2d48c37768a6617a35b3e5d128b1b401d1deb50f86d5da981ec
resnet,clean_only,202,ma_n20003_call_covariance_s20,phase2/results/predictions/full/clean_only/resnet/seed_202/ma_n20003_call_covariance_s20.npz,76505,d33bbd267295b3fb5820e3a38a277e635c225819b6e3354c67ab305f1328ddf5
resnet,clean_only,202,ma_n20003_call_covariance_s10,phase2/results/predictions/full/clean_only/resnet/seed_202/ma_n20003_call_covariance_s10.npz,76428,72a6e519766c28577ab269827052310b4f118e0e791f1f1146f2e6a29aa22aef
resnet,clean_only,202,ma_n20003_call_covariance_s0,phase2/results/predictions/full/clean_only/resnet/seed_202/ma_n20003_call_covariance_s0.npz,76032,b37068ff13ebb81b2ba912170251465f74444702d46dcd00f70ab2f8e5b4e6bc
resnet,clean_only,202,ma_n20004_call_independent_rms_s20,phase2/results/predictions/full/clean_only/resnet/seed_202/ma_n20004_call_independent_rms_s20.npz,76488,badc1be1286d11206308d78edda66e344d31c1f1552aa4cd74b9a8dfe1a6f42b
resnet,clean_only,202,ma_n20004_call_independent_rms_s10,phase2/results/predictions/full/clean_only/resnet/seed_202/ma_n20004_call_independent_rms_s10.npz,76415,a00bbbc1ee132155c4ee64139d38da651c4f307dec873c7e7adb9fb18cd9714e
resnet,clean_only,202,ma_n20004_call_independent_rms_s0,phase2/results/predictions/full/clean_only/resnet/seed_202/ma_n20004_call_independent_rms_s0.npz,75833,f12501b1b99d4d8944d1ec47bd43fcac5567b3779e696ff9cf768bb5e1bcff66
resnet,clean_only,202,ma_n20004_call_electrode_s20,phase2/results/predictions/full/clean_only/resnet/seed_202/ma_n20004_call_electrode_s20.npz,76486,28fca16fb34f69b64b74a3dd0abbafb70b30fa9f56c74208c9e93bc6b4895166
resnet,clean_only,202,ma_n20004_call_electrode_s10,phase2/results/predictions/full/clean_only/resnet/seed_202/ma_n20004_call_electrode_s10.npz,76402,c9a0e1d1a7358e719875ad0586dbff5f9f9c55da729d292b4ae16ec60328a09c
resnet,clean_only,202,ma_n20004_call_electrode_s0,phase2/results/predictions/full/clean_only/resnet/seed_202/ma_n20004_call_electrode_s0.npz,75993,46d27218f65133f0951afeb772dc27df810522d4083902309d7dd9ab66f4c017
resnet,clean_only,202,ma_n20004_call_covariance_s20,phase2/results/predictions/full/clean_only/resnet/seed_202/ma_n20004_call_covariance_s20.npz,76508,1648abfd97a1d2e68c4563953751f1f937c07ec3612309550c9f1abdc569b09d
resnet,clean_only,202,ma_n20004_call_covariance_s10,phase2/results/predictions/full/clean_only/resnet/seed_202/ma_n20004_call_covariance_s10.npz,76435,df9ce151f3ee925ae6529762ee67199e9e02db9137bcea30e650bc703640fd74
resnet,clean_only,202,ma_n20004_call_covariance_s0,phase2/results/predictions/full/clean_only/resnet/seed_202/ma_n20004_call_covariance_s0.npz,76002,ed7a597fd905667abfb9fcb8077d721b50dcf333bd44c41e37ce7d6c41156bb7
resnet,clean_only,202,ma_n20005_call_independent_rms_s20,phase2/results/predictions/full/clean_only/resnet/seed_202/ma_n20005_call_independent_rms_s20.npz,76522,ccadd06b3b386ad2c8ad91902e002481c907e4ec766431e1c92210168c973b7f
resnet,clean_only,202,ma_n20005_call_independent_rms_s10,phase2/results/predictions/full/clean_only/resnet/seed_202/ma_n20005_call_independent_rms_s10.npz,76421,11017da19b188de7a24932a69cc5bd1825360ac6845641fc3ba74533be293f21
resnet,clean_only,202,ma_n20005_call_independent_rms_s0,phase2/results/predictions/full/clean_only/resnet/seed_202/ma_n20005_call_independent_rms_s0.npz,75839,8a99b46b2161c48328c938dfe24230b043042564b7318278ede57aa9373a015b
resnet,clean_only,202,ma_n20005_call_electrode_s20,phase2/results/predictions/full/clean_only/resnet/seed_202/ma_n20005_call_electrode_s20.npz,76480,6a9795392ff4473baa64dede11bed22ee9f76e9493a75d4c4af64546d5798f57
resnet,clean_only,202,ma_n20005_call_electrode_s10,phase2/results/predictions/full/clean_only/resnet/seed_202/ma_n20005_call_electrode_s10.npz,76395,22aa653ccb9c36f1a51f79978406175b2f1d10a2f81aa58880a774f1b4a08f4f
resnet,clean_only,202,ma_n20005_call_electrode_s0,phase2/results/predictions/full/clean_only/resnet/seed_202/ma_n20005_call_electrode_s0.npz,75996,808a22d8d55a07d580e1d1dbaee4c8613499ace17ad5147c743f649120c261ec
resnet,clean_only,202,ma_n20005_call_covariance_s20,phase2/results/predictions/full/clean_only/resnet/seed_202/ma_n20005_call_covariance_s20.npz,76527,d103783f637c2e6e95ea659f7eb963f9ebd09d53566da8a93d7776f5e35e58a2
resnet,clean_only,202,ma_n20005_call_covariance_s10,phase2/results/predictions/full/clean_only/resnet/seed_202/ma_n20005_call_covariance_s10.npz,76437,b61c132c6a35aaf82b7790d1ce489cc66c2cc3f877127c4702e8fbc9e6d6335f
resnet,clean_only,202,ma_n20005_call_covariance_s0,phase2/results/predictions/full/clean_only/resnet/seed_202/ma_n20005_call_covariance_s0.npz,76027,f96ec8cf48ba952eb5960bc42e52839f804dec8d3530b5e5ace0ee5e364795bf
resnet,clean_only,202,em_n20001_call_independent_rms_s20,phase2/results/predictions/full/clean_only/resnet/seed_202/em_n20001_call_independent_rms_s20.npz,76515,fe7476926542c1ff1a5a9e34f840785a7f0f96db356a53afb087f0471874f85a
resnet,clean_only,202,em_n20001_call_independent_rms_s10,phase2/results/predictions/full/clean_only/resnet/seed_202/em_n20001_call_independent_rms_s10.npz,76373,8900554e2aea869d0a4e1d3da1a05600e68d9f2ace696fff7577fcffc8fad439
resnet,clean_only,202,em_n20001_call_independent_rms_s0,phase2/results/predictions/full/clean_only/resnet/seed_202/em_n20001_call_independent_rms_s0.npz,75750,4c8a229445abba843899928382f989383c5dbf996cba31581bab29bea80e173a
resnet,clean_only,202,em_n20001_call_electrode_s20,phase2/results/predictions/full/clean_only/resnet/seed_202/em_n20001_call_electrode_s20.npz,76484,7b066917df02dd73a7b7811f0be5b8aa08c715d4b976c58d19f0829c8669992c
resnet,clean_only,202,em_n20001_call_electrode_s10,phase2/results/predictions/full/clean_only/resnet/seed_202/em_n20001_call_electrode_s10.npz,76301,76914876278297d1d7f4488db2992e965dd02f9854c37c064652419451c726ae
resnet,clean_only,202,em_n20001_call_electrode_s0,phase2/results/predictions/full/clean_only/resnet/seed_202/em_n20001_call_electrode_s0.npz,75660,32eacfba366649e6893ad09e6029ccd7893f2a99c64f0a5dfadbe62da37a93ee
resnet,clean_only,202,em_n20001_call_covariance_s20,phase2/results/predictions/full/clean_only/resnet/seed_202/em_n20001_call_covariance_s20.npz,76482,443cc2b7580e1586ceba280d1d2e81bcd37bfca0da5ee1a128ba7ff47596b085
resnet,clean_only,202,em_n20001_call_covariance_s10,phase2/results/predictions/full/clean_only/resnet/seed_202/em_n20001_call_covariance_s10.npz,76345,8b94aebeeef980e26d18c58bd3e8842034a200ffa3d8b881c4447ada6a71114e
resnet,clean_only,202,em_n20001_call_covariance_s0,phase2/results/predictions/full/clean_only/resnet/seed_202/em_n20001_call_covariance_s0.npz,75663,8438ad67c6c9de6efeebbb1f78d6b4dd1000bde806d312213e9169a4f6ec05cf
resnet,clean_only,202,em_n20002_call_independent_rms_s20,phase2/results/predictions/full/clean_only/resnet/seed_202/em_n20002_call_independent_rms_s20.npz,76493,7592d4a77046e57044dc45217a20ca1619cb4bf1291d7d09a218cce2000c5b15
resnet,clean_only,202,em_n20002_call_independent_rms_s10,phase2/results/predictions/full/clean_only/resnet/seed_202/em_n20002_call_independent_rms_s10.npz,76345,0a81782e31ddb3901a24912db857df18364fcd0f7f9706ffe940e8541c9dd64f
resnet,clean_only,202,em_n20002_call_independent_rms_s0,phase2/results/predictions/full/clean_only/resnet/seed_202/em_n20002_call_independent_rms_s0.npz,75762,ed008215e80b8e213520e1f77d7cf953cbe9dda951e02b8bc777fa899f8cc3aa
resnet,clean_only,202,em_n20002_call_electrode_s20,phase2/results/predictions/full/clean_only/resnet/seed_202/em_n20002_call_electrode_s20.npz,76475,b894b1e5c8a6fde7cd01b3f867f328470042bc0257369529c2df4a03a3d8f227
resnet,clean_only,202,em_n20002_call_electrode_s10,phase2/results/predictions/full/clean_only/resnet/seed_202/em_n20002_call_electrode_s10.npz,76323,9bf15c61ac8027e7828fc5bc11631a8e06b71f3caf79f859ceb9b46879f43906
resnet,clean_only,202,em_n20002_call_electrode_s0,phase2/results/predictions/full/clean_only/resnet/seed_202/em_n20002_call_electrode_s0.npz,75642,f0b7e8219807f03dd93a444638e8a20acf64ebcaf5a26b021da2493e0b28e667
resnet,clean_only,202,em_n20002_call_covariance_s20,phase2/results/predictions/full/clean_only/resnet/seed_202/em_n20002_call_covariance_s20.npz,76472,7cc3ac7063f040819c847be2809bd47cfd770b51a05c604c5e2c7f326bcbc447
resnet,clean_only,202,em_n20002_call_covariance_s10,phase2/results/predictions/full/clean_only/resnet/seed_202/em_n20002_call_covariance_s10.npz,76331,09df30e09ac9510f261107776423b14d769f3bf812e19e4e364657db4f81a7e9
resnet,clean_only,202,em_n20002_call_covariance_s0,phase2/results/predictions/full/clean_only/resnet/seed_202/em_n20002_call_covariance_s0.npz,75662,17a206c6b947602c44398de467d9609d748f47e504ef7e9d165854d006938eaf
resnet,clean_only,202,em_n20003_call_independent_rms_s20,phase2/results/predictions/full/clean_only/resnet/seed_202/em_n20003_call_independent_rms_s20.npz,76511,5860f9d04fb7e73d37d3358cd8d84dc688f00a127794befa8c7d82819a6f78dd
resnet,clean_only,202,em_n20003_call_independent_rms_s10,phase2/results/predictions/full/clean_only/resnet/seed_202/em_n20003_call_independent_rms_s10.npz,76375,7d00dd94b3ea3f662728856ab361e74254233c0c8d7bfdbedecd2e9a38c9020e
resnet,clean_only,202,em_n20003_call_independent_rms_s0,phase2/results/predictions/full/clean_only/resnet/seed_202/em_n20003_call_independent_rms_s0.npz,75745,8d914c5594a46f71cc64219c09651040627788887ed952ddc0ed81f9b0460e94
resnet,clean_only,202,em_n20003_call_electrode_s20,phase2/results/predictions/full/clean_only/resnet/seed_202/em_n20003_call_electrode_s20.npz,76467,0fe3ecddd5be1a9f6b77e56a7f6bfad541046979e28e96d6461b70628fb30c5c
resnet,clean_only,202,em_n20003_call_electrode_s10,phase2/results/predictions/full/clean_only/resnet/seed_202/em_n20003_call_electrode_s10.npz,76316,5b9fd14894df802425ba51c36acf46e12f61209e482e46cd916dca2830c84bca
resnet,clean_only,202,em_n20003_call_electrode_s0,phase2/results/predictions/full/clean_only/resnet/seed_202/em_n20003_call_electrode_s0.npz,75651,ed9ebbccc4c561a3ec7e79fa65d7e4840194eba83e8c4be04f7b33b792958e61
resnet,clean_only,202,em_n20003_call_covariance_s20,phase2/results/predictions/full/clean_only/resnet/seed_202/em_n20003_call_covariance_s20.npz,76481,8a6a4049529dfad5392c9a8f94a767d1bfd81ace3129a365960645f5d39390e4
resnet,clean_only,202,em_n20003_call_covariance_s10,phase2/results/predictions/full/clean_only/resnet/seed_202/em_n20003_call_covariance_s10.npz,76346,5d3c75bc36da7df3c16ada6fea8a115890ff0579c7d11f31156bb37351baf8b8
resnet,clean_only,202,em_n20003_call_covariance_s0,phase2/results/predictions/full/clean_only/resnet/seed_202/em_n20003_call_covariance_s0.npz,75702,10c4513203a47c3f267c77f2556d37778572db5827ec95f6576d109bf806671f
resnet,clean_only,202,em_n20004_call_independent_rms_s20,phase2/results/predictions/full/clean_only/resnet/seed_202/em_n20004_call_independent_rms_s20.npz,76527,6e6042a0cb97c06648894f00c63d908046ec4c8c2961f97313aeec706225af87
resnet,clean_only,202,em_n20004_call_independent_rms_s10,phase2/results/predictions/full/clean_only/resnet/seed_202/em_n20004_call_independent_rms_s10.npz,76330,c5eac4ec324a73c0e286d0d3b67207c8e8069dc8867eaa72235d4551bc06974c
resnet,clean_only,202,em_n20004_call_independent_rms_s0,phase2/results/predictions/full/clean_only/resnet/seed_202/em_n20004_call_independent_rms_s0.npz,75729,1028567a9a8c197f1ce50509f606065c8fd79c6a48e804eb02133f9f72e43885
resnet,clean_only,202,em_n20004_call_electrode_s20,phase2/results/predictions/full/clean_only/resnet/seed_202/em_n20004_call_electrode_s20.npz,76468,bce0b8a68a066bddec5ef322e3eac72db5e2c33cd4609748c769cb36f55bd0e3
resnet,clean_only,202,em_n20004_call_electrode_s10,phase2/results/predictions/full/clean_only/resnet/seed_202/em_n20004_call_electrode_s10.npz,76305,e251c98f608548a1cc7411fc5f259d9f557f31d8a3e97742b63a5eed9b84a49f
resnet,clean_only,202,em_n20004_call_electrode_s0,phase2/results/predictions/full/clean_only/resnet/seed_202/em_n20004_call_electrode_s0.npz,75638,306b0d8108ca8bbeb012ccaaa3acb70948a79fd286b01d58e86574ced0da8589
resnet,clean_only,202,em_n20004_call_covariance_s20,phase2/results/predictions/full/clean_only/resnet/seed_202/em_n20004_call_covariance_s20.npz,76465,eb1c9df2d31972f58ac1cad46d392c5abdad668fe1201f42fe50d384181ac125
resnet,clean_only,202,em_n20004_call_covariance_s10,phase2/results/predictions/full/clean_only/resnet/seed_202/em_n20004_call_covariance_s10.npz,76345,443b1268caf06603fc6483d03f392abb0c9cd6500930979557b3c2797efd2863
resnet,clean_only,202,em_n20004_call_covariance_s0,phase2/results/predictions/full/clean_only/resnet/seed_202/em_n20004_call_covariance_s0.npz,75684,bad67b02a02521a660fc3bdb03555f9cc46e571177dc509872240b9d37b6a1c0
resnet,clean_only,202,em_n20005_call_independent_rms_s20,phase2/results/predictions/full/clean_only/resnet/seed_202/em_n20005_call_independent_rms_s20.npz,76507,ebad193ce6db0cf4b0a20ae019254e27ed313ec3431192478039860aeb52bbfd
resnet,clean_only,202,em_n20005_call_independent_rms_s10,phase2/results/predictions/full/clean_only/resnet/seed_202/em_n20005_call_independent_rms_s10.npz,76369,2f4a8b02c0507ba7eea6adb07041d4612f8fe5f6ad0ec068a397df69449418a9
resnet,clean_only,202,em_n20005_call_independent_rms_s0,phase2/results/predictions/full/clean_only/resnet/seed_202/em_n20005_call_independent_rms_s0.npz,75728,1e37ea2363e704e7ef99eb1b1ea36014787bfec2e6fa28a6f9437847b5a9c812
resnet,clean_only,202,em_n20005_call_electrode_s20,phase2/results/predictions/full/clean_only/resnet/seed_202/em_n20005_call_electrode_s20.npz,76490,16a8ee5b58be9c75541ae0c5d5c07c48cfb65fdde392df126e893431e5f33f7a
resnet,clean_only,202,em_n20005_call_electrode_s10,phase2/results/predictions/full/clean_only/resnet/seed_202/em_n20005_call_electrode_s10.npz,76305,65adaeb6939dd4e3f6d916b7c62bde50ec87cc79e3fa7abb08f6c4b774ddc59c
resnet,clean_only,202,em_n20005_call_electrode_s0,phase2/results/predictions/full/clean_only/resnet/seed_202/em_n20005_call_electrode_s0.npz,75603,d3c4fe629a9b9d6c153949717fbd7e77601cf87e5e224f3f7af6237f536a876c
resnet,clean_only,202,em_n20005_call_covariance_s20,phase2/results/predictions/full/clean_only/resnet/seed_202/em_n20005_call_covariance_s20.npz,76462,edb945ad6c9a4948da7df9fc57623486d078252373c6225eac0547428345f0d2
resnet,clean_only,202,em_n20005_call_covariance_s10,phase2/results/predictions/full/clean_only/resnet/seed_202/em_n20005_call_covariance_s10.npz,76309,6056732afed9ff34d9ec4da31f89c9529ecd6a29969ecf86849d0112264ba107
resnet,clean_only,202,em_n20005_call_covariance_s0,phase2/results/predictions/full/clean_only/resnet/seed_202/em_n20005_call_covariance_s0.npz,75691,ca853014fd207b9d33c1a7beed8319e0b13d0ee771ee3ec0a2c3036bc1cd69ef
resnet,independent_rms,202,clean,phase2/results/predictions/full/independent_rms/resnet/seed_202/clean.npz,76418,a30f37a5e84bf4832006e63eabd0833ca60d02c0a5d65ecd7d2153b1940314cb
resnet,independent_rms,202,bandpass_n20001_cRA_LA_LL_independent_rms_s20,phase2/results/predictions/full/independent_rms/resnet/seed_202/bandpass_n20001_cRA_LA_LL_independent_rms_s20.npz,76439,922c9dfd1baa65a8fb3246254a3d6425e4f15ccb506b7b4e19c2fabbe5d6dc95
resnet,independent_rms,202,bandpass_n20001_cRA_LA_LL_independent_rms_s15,phase2/results/predictions/full/independent_rms/resnet/seed_202/bandpass_n20001_cRA_LA_LL_independent_rms_s15.npz,76418,2483993887d92fd5e40ef1896591c8f46e790503b76e682db5652a8d6e38e417
resnet,independent_rms,202,bandpass_n20001_cRA_LA_LL_independent_rms_s10,phase2/results/predictions/full/independent_rms/resnet/seed_202/bandpass_n20001_cRA_LA_LL_independent_rms_s10.npz,76397,e8e1e919cf9ad0a9a2119af1245dc5a30815298096533fa4af2b084d7a7d3cb8
resnet,independent_rms,202,bandpass_n20001_cRA_LA_LL_independent_rms_s5,phase2/results/predictions/full/independent_rms/resnet/seed_202/bandpass_n20001_cRA_LA_LL_independent_rms_s5.npz,76233,53c94c9e538764737450f29d7375d8cb5b10848160c2727f55c9a4cf63fcdc87
resnet,independent_rms,202,bandpass_n20001_cRA_LA_LL_independent_rms_s0,phase2/results/predictions/full/independent_rms/resnet/seed_202/bandpass_n20001_cRA_LA_LL_independent_rms_s0.npz,75826,f1f7ad61e88fdef920aad0f185775d573f34157cd17817f6ff93ee4f74d795f1
resnet,independent_rms,202,bandpass_n20001_cRA_LA_LL_electrode_s20,phase2/results/predictions/full/independent_rms/resnet/seed_202/bandpass_n20001_cRA_LA_LL_electrode_s20.npz,76440,81910bd5583b50b5575c69117dc74862c67e7439c255ae49fb67726c90b9d75a
resnet,independent_rms,202,bandpass_n20001_cRA_LA_LL_electrode_s15,phase2/results/predictions/full/independent_rms/resnet/seed_202/bandpass_n20001_cRA_LA_LL_electrode_s15.npz,76401,1775174701b8d24df6ba3cb4d505f38b7945e4fe32c57850aa6bba3fcc1dc9f7
resnet,independent_rms,202,bandpass_n20001_cRA_LA_LL_electrode_s10,phase2/results/predictions/full/independent_rms/resnet/seed_202/bandpass_n20001_cRA_LA_LL_electrode_s10.npz,76286,06dd7acd574cefc3632035c58034319197f77218746172368b84b2fbf8b8d55b
resnet,independent_rms,202,bandpass_n20001_cRA_LA_LL_electrode_s5,phase2/results/predictions/full/independent_rms/resnet/seed_202/bandpass_n20001_cRA_LA_LL_electrode_s5.npz,76081,984a90384f431fc98f6dd2d9ca74bdd6153dd14dfc88afb6754c274327622168
resnet,independent_rms,202,bandpass_n20001_cRA_LA_LL_electrode_s0,phase2/results/predictions/full/independent_rms/resnet/seed_202/bandpass_n20001_cRA_LA_LL_electrode_s0.npz,75501,26d74f73fcf9f2b619abdd4cf16bbff7e2255c26ae85a48d118c23468856d3ab
resnet,independent_rms,202,bandpass_n20001_cRA_LA_LL_covariance_s20,phase2/results/predictions/full/independent_rms/resnet/seed_202/bandpass_n20001_cRA_LA_LL_covariance_s20.npz,76450,9a34569cf30bdb8b81f59d3fd769b87fd93824d52b77a36c631d43bc1276b282
resnet,independent_rms,202,bandpass_n20001_cRA_LA_LL_covariance_s15,phase2/results/predictions/full/independent_rms/resnet/seed_202/bandpass_n20001_cRA_LA_LL_covariance_s15.npz,76398,9f1e49afc7c72cb76e6704a4ba75c3f590b1a5c816efcc9b11c5c6b9e1a8bc1e
resnet,independent_rms,202,bandpass_n20001_cRA_LA_LL_covariance_s10,phase2/results/predictions/full/independent_rms/resnet/seed_202/bandpass_n20001_cRA_LA_LL_covariance_s10.npz,76331,695a335b0d657e1a6ca19cc530651940889e183a4716b30ad4a9c925eef274b6
resnet,independent_rms,202,bandpass_n20001_cRA_LA_LL_covariance_s5,phase2/results/predictions/full/independent_rms/resnet/seed_202/bandpass_n20001_cRA_LA_LL_covariance_s5.npz,76105,33f983799f93cd162132f0dd027f527fd1a0b49d432d4c6ce4f1c399c191d669
resnet,independent_rms,202,bandpass_n20001_cRA_LA_LL_covariance_s0,phase2/results/predictions/full/independent_rms/resnet/seed_202/bandpass_n20001_cRA_LA_LL_covariance_s0.npz,75543,f9a9411c30d8f02f8f5ee1b6f2264cdb4376ae97d21bfd09c1a3ce679174ad33
resnet,independent_rms,202,bandpass_n20001_cV1_independent_rms_s20,phase2/results/predictions/full/independent_rms/resnet/seed_202/bandpass_n20001_cV1_independent_rms_s20.npz,76452,d6514ad438c45628bcdf4633ded4bf600e0531c965138206f52462f0690efef8
resnet,independent_rms,202,bandpass_n20001_cV1_independent_rms_s15,phase2/results/predictions/full/independent_rms/resnet/seed_202/bandpass_n20001_cV1_independent_rms_s15.npz,76440,3d2df4f2a3c939ca99888f1a816e741e4a6387fa530c54c79b2c0be6a51ffda2
resnet,independent_rms,202,bandpass_n20001_cV1_independent_rms_s10,phase2/results/predictions/full/independent_rms/resnet/seed_202/bandpass_n20001_cV1_independent_rms_s10.npz,76411,747639bbd5cb881f0b1b82b67562d5dc42fc71d2b959b71ba06365b9c8c21c54
resnet,independent_rms,202,bandpass_n20001_cV1_independent_rms_s5,phase2/results/predictions/full/independent_rms/resnet/seed_202/bandpass_n20001_cV1_independent_rms_s5.npz,76176,a366aa0fc188e8d0cf0ec1c6bd2f5457eaf67dd29709206059081d8499f8967b
resnet,independent_rms,202,bandpass_n20001_cV1_independent_rms_s0,phase2/results/predictions/full/independent_rms/resnet/seed_202/bandpass_n20001_cV1_independent_rms_s0.npz,75539,6953f8f4d811aa10bb310237fe53e55d6edf4328d6989728cc1d952db3287a48
resnet,independent_rms,202,bandpass_n20001_cV1_electrode_s20,phase2/results/predictions/full/independent_rms/resnet/seed_202/bandpass_n20001_cV1_electrode_s20.npz,76445,02094bf9c8ad707630c959ef776b21f650991b654efdb69f6d5838af4ea113f3
resnet,independent_rms,202,bandpass_n20001_cV1_electrode_s15,phase2/results/predictions/full/independent_rms/resnet/seed_202/bandpass_n20001_cV1_electrode_s15.npz,76443,c7f8381e128b78bf198fc5cf4edbb82e1a9baaad92d446960caa198766f7af65
resnet,independent_rms,202,bandpass_n20001_cV1_electrode_s10,phase2/results/predictions/full/independent_rms/resnet/seed_202/bandpass_n20001_cV1_electrode_s10.npz,76380,92d51c8ff8ce25dd511e48da6c1017a2ec11bf8efba5b48d5330f906dab63817
resnet,independent_rms,202,bandpass_n20001_cV1_electrode_s5,phase2/results/predictions/full/independent_rms/resnet/seed_202/bandpass_n20001_cV1_electrode_s5.npz,76139,98d569997bdc9e7b7769809b8d5f7dc6b2cd52f7d30f9f9df05bc409f7f3ade2
resnet,independent_rms,202,bandpass_n20001_cV1_electrode_s0,phase2/results/predictions/full/independent_rms/resnet/seed_202/bandpass_n20001_cV1_electrode_s0.npz,75542,5313baf5577131a0db94691a300eed54d33d25374ff7e0cc9ff6e1e5bf87ef20
resnet,independent_rms,202,bandpass_n20001_cV1_covariance_s20,phase2/results/predictions/full/independent_rms/resnet/seed_202/bandpass_n20001_cV1_covariance_s20.npz,76424,c726f6a55ef87614c0f4f858a6d29aaa9f7b065e7d75213571567f5147616272
resnet,independent_rms,202,bandpass_n20001_cV1_covariance_s15,phase2/results/predictions/full/independent_rms/resnet/seed_202/bandpass_n20001_cV1_covariance_s15.npz,76452,7c5cae0067a04ac14b4145ec3384d15a064f0e3fc37ba3b533f2bb1ee2109a8c
resnet,independent_rms,202,bandpass_n20001_cV1_covariance_s10,phase2/results/predictions/full/independent_rms/resnet/seed_202/bandpass_n20001_cV1_covariance_s10.npz,76363,bbeb179f7a43b2f7e6051acfe606735dbc1b1037297b1854671edf15f9d17d3a
resnet,independent_rms,202,bandpass_n20001_cV1_covariance_s5,phase2/results/predictions/full/independent_rms/resnet/seed_202/bandpass_n20001_cV1_covariance_s5.npz,76180,64a530633c118e166d4849a9924df4c88400b90f53731de736cdabf427a792af
resnet,independent_rms,202,bandpass_n20001_cV1_covariance_s0,phase2/results/predictions/full/independent_rms/resnet/seed_202/bandpass_n20001_cV1_covariance_s0.npz,75560,64d540fabef32ab3695e951f9d6b352a6984e16e3f68242271cb4a0f63676d9e
resnet,independent_rms,202,bandpass_n20001_cV2_independent_rms_s20,phase2/results/predictions/full/independent_rms/resnet/seed_202/bandpass_n20001_cV2_independent_rms_s20.npz,76444,983a5fc21f57a1041e03932ec4d3f83d1b8285f6d256171b1fc5ced9de9dcc3d
resnet,independent_rms,202,bandpass_n20001_cV2_independent_rms_s15,phase2/results/predictions/full/independent_rms/resnet/seed_202/bandpass_n20001_cV2_independent_rms_s15.npz,76450,dedf851b28232bf76c88d275e956450d3b416bb36fa757e2156e208e5cc34103
resnet,independent_rms,202,bandpass_n20001_cV2_independent_rms_s10,phase2/results/predictions/full/independent_rms/resnet/seed_202/bandpass_n20001_cV2_independent_rms_s10.npz,76431,93595aad07e7cf924ec6c4120a342cc3c654d3faca96b97c34318c1b3fab078a
resnet,independent_rms,202,bandpass_n20001_cV2_independent_rms_s5,phase2/results/predictions/full/independent_rms/resnet/seed_202/bandpass_n20001_cV2_independent_rms_s5.npz,76280,9affa74f0511d0bf80c3320b2fd3585e27fa0091669a5c56e832c6d891e31f29
resnet,independent_rms,202,bandpass_n20001_cV2_independent_rms_s0,phase2/results/predictions/full/independent_rms/resnet/seed_202/bandpass_n20001_cV2_independent_rms_s0.npz,75953,cb615653bd63e572f58bba866172752f52923cdc2e5066fd6dff6d8db3a91831
resnet,independent_rms,202,bandpass_n20001_cV2_electrode_s20,phase2/results/predictions/full/independent_rms/resnet/seed_202/bandpass_n20001_cV2_electrode_s20.npz,76466,a8a615df867d06abdcf77e1019812811fbc35fc5ebf3dd4bd008466e89571c12
resnet,independent_rms,202,bandpass_n20001_cV2_electrode_s15,phase2/results/predictions/full/independent_rms/resnet/seed_202/bandpass_n20001_cV2_electrode_s15.npz,76416,8bbd32f8b910bc17206e6a05d6a23174a70bfa55c3089771e01e675ff9323100
resnet,independent_rms,202,bandpass_n20001_cV2_electrode_s10,phase2/results/predictions/full/independent_rms/resnet/seed_202/bandpass_n20001_cV2_electrode_s10.npz,76401,6e846577b56a868cfe7462657762b320d25c08ef64f16b59fc688d1c45ce1e97
resnet,independent_rms,202,bandpass_n20001_cV2_electrode_s5,phase2/results/predictions/full/independent_rms/resnet/seed_202/bandpass_n20001_cV2_electrode_s5.npz,76253,ba999186864dea19318656046d27d16bfbdd82253a27be14c312187b3714a2de
resnet,independent_rms,202,bandpass_n20001_cV2_electrode_s0,phase2/results/predictions/full/independent_rms/resnet/seed_202/bandpass_n20001_cV2_electrode_s0.npz,75931,69846ae4eb4cc2c7aa8dfc175fd38eeb55ec5e45e6297e6c7b0ccdfea2e4f236
resnet,independent_rms,202,bandpass_n20001_cV2_covariance_s20,phase2/results/predictions/full/independent_rms/resnet/seed_202/bandpass_n20001_cV2_covariance_s20.npz,76421,0bf86f1c4ee5f9e2f19a0f9297954c62ba835d764dfcef8803db86e2b8c8daee
resnet,independent_rms,202,bandpass_n20001_cV2_covariance_s15,phase2/results/predictions/full/independent_rms/resnet/seed_202/bandpass_n20001_cV2_covariance_s15.npz,76440,9e39485efe706b37ad0e29875c6f6194e11c2bcf1e18ffccd70956510b709196
resnet,independent_rms,202,bandpass_n20001_cV2_covariance_s10,phase2/results/predictions/full/independent_rms/resnet/seed_202/bandpass_n20001_cV2_covariance_s10.npz,76455,b5211f41b58bc786630a6a9c7b476781d294157f5f0f1f1c3197d0661cc6f284
resnet,independent_rms,202,bandpass_n20001_cV2_covariance_s5,phase2/results/predictions/full/independent_rms/resnet/seed_202/bandpass_n20001_cV2_covariance_s5.npz,76315,24e854edb8658ac47e01f9b0e64a4cb26b55d7f2d893076aa7be86d1399074dc
resnet,independent_rms,202,bandpass_n20001_cV2_covariance_s0,phase2/results/predictions/full/independent_rms/resnet/seed_202/bandpass_n20001_cV2_covariance_s0.npz,75938,bd2feae9011412a0b48a6cc25b17a8308213050a6670acdefd14d32bf4ecaa47
resnet,independent_rms,202,bandpass_n20001_cV3_independent_rms_s20,phase2/results/predictions/full/independent_rms/resnet/seed_202/bandpass_n20001_cV3_independent_rms_s20.npz,76478,69979d08471937895729110c96083424a6707acb21626882b28ccd6bc37fc488
resnet,independent_rms,202,bandpass_n20001_cV3_independent_rms_s15,phase2/results/predictions/full/independent_rms/resnet/seed_202/bandpass_n20001_cV3_independent_rms_s15.npz,76465,dde380b1032e0109392d374cd6ea765bca098ed2818e57eb55471ee3b469d68a
resnet,independent_rms,202,bandpass_n20001_cV3_independent_rms_s10,phase2/results/predictions/full/independent_rms/resnet/seed_202/bandpass_n20001_cV3_independent_rms_s10.npz,76413,235e3e93876837d0855a15d21823bfcf6161782b56be787f2ba4d71a42626579
resnet,independent_rms,202,bandpass_n20001_cV3_independent_rms_s5,phase2/results/predictions/full/independent_rms/resnet/seed_202/bandpass_n20001_cV3_independent_rms_s5.npz,76386,0daba0eb82a8d9391414718f9090939bb586b8fb1d29b0ca45e91076bf9f46c6
resnet,independent_rms,202,bandpass_n20001_cV3_independent_rms_s0,phase2/results/predictions/full/independent_rms/resnet/seed_202/bandpass_n20001_cV3_independent_rms_s0.npz,76099,48ee99c1bd5c6ba72325cf1221196e766b968e3f28471d68e8e6e392e252fa0a
resnet,independent_rms,202,bandpass_n20001_cV3_electrode_s20,phase2/results/predictions/full/independent_rms/resnet/seed_202/bandpass_n20001_cV3_electrode_s20.npz,76483,82f36bf34b30ba136425aab4c1085bef829cb792bc0b4999a17c50548424ee39
resnet,independent_rms,202,bandpass_n20001_cV3_electrode_s15,phase2/results/predictions/full/independent_rms/resnet/seed_202/bandpass_n20001_cV3_electrode_s15.npz,76435,193d1bf3009445b91fa3b2db02f107aa329454408c827775310ed9f588d17d84
resnet,independent_rms,202,bandpass_n20001_cV3_electrode_s10,phase2/results/predictions/full/independent_rms/resnet/seed_202/bandpass_n20001_cV3_electrode_s10.npz,76449,5db2257ef97c57b70a7bc71de9aeda422cb97a60a168fef3851df2866999b281
resnet,independent_rms,202,bandpass_n20001_cV3_electrode_s5,phase2/results/predictions/full/independent_rms/resnet/seed_202/bandpass_n20001_cV3_electrode_s5.npz,76392,445dd130aa3c4cec6340550c2cbe6b9503d081a056fc6c9350834306cb874312
resnet,independent_rms,202,bandpass_n20001_cV3_electrode_s0,phase2/results/predictions/full/independent_rms/resnet/seed_202/bandpass_n20001_cV3_electrode_s0.npz,76048,cc8b402fc4690681dcfc8e6f735f247216015015075819cfd00a0e6a02443d47
resnet,independent_rms,202,bandpass_n20001_cV3_covariance_s20,phase2/results/predictions/full/independent_rms/resnet/seed_202/bandpass_n20001_cV3_covariance_s20.npz,76437,d47dc6e2ec5a18bcad35d3bd80fd764dc4f4e8222edb6a05807b4d08c6e25962
resnet,independent_rms,202,bandpass_n20001_cV3_covariance_s15,phase2/results/predictions/full/independent_rms/resnet/seed_202/bandpass_n20001_cV3_covariance_s15.npz,76442,1bd34f03f2e330dddb40940fb9e71d4f8a46ecb8182261181f37c2416d3da1ab
resnet,independent_rms,202,bandpass_n20001_cV3_covariance_s10,phase2/results/predictions/full/independent_rms/resnet/seed_202/bandpass_n20001_cV3_covariance_s10.npz,76428,1b357b79ad38dd0695c1ef6099fba01ac03ada4f77dd69c52adc4d706da0262f
resnet,independent_rms,202,bandpass_n20001_cV3_covariance_s5,phase2/results/predictions/full/independent_rms/resnet/seed_202/bandpass_n20001_cV3_covariance_s5.npz,76347,96d9ee8e0d354f8483dc09ba5bc7dc793d2af9c4c54cc018ab4848a41795703d
resnet,independent_rms,202,bandpass_n20001_cV3_covariance_s0,phase2/results/predictions/full/independent_rms/resnet/seed_202/bandpass_n20001_cV3_covariance_s0.npz,76067,f9363701b5ad136a205f29c0ad7c39aa2cd5719ac20edaace0aff16e41604d8e
resnet,independent_rms,202,bandpass_n20001_cV4_independent_rms_s20,phase2/results/predictions/full/independent_rms/resnet/seed_202/bandpass_n20001_cV4_independent_rms_s20.npz,76491,aee1e268dc719489973d24cb2633534d9a6e9ab3f1b6e6de5ee8543cd0d3b674
resnet,independent_rms,202,bandpass_n20001_cV4_independent_rms_s15,phase2/results/predictions/full/independent_rms/resnet/seed_202/bandpass_n20001_cV4_independent_rms_s15.npz,76454,98f921d423fe0314a963fefa104172e461496bb8c182317e161a3de11bf89889
resnet,independent_rms,202,bandpass_n20001_cV4_independent_rms_s10,phase2/results/predictions/full/independent_rms/resnet/seed_202/bandpass_n20001_cV4_independent_rms_s10.npz,76441,2ba48a52490ed728f7b5509d3ee0256de69d8e66448c85f095a084f99eb8a0f9
resnet,independent_rms,202,bandpass_n20001_cV4_independent_rms_s5,phase2/results/predictions/full/independent_rms/resnet/seed_202/bandpass_n20001_cV4_independent_rms_s5.npz,76289,65b2aee38ad426a96a110b3d5b0f577d4d617ff984876481c88d3e1c7d8d3be5
resnet,independent_rms,202,bandpass_n20001_cV4_independent_rms_s0,phase2/results/predictions/full/independent_rms/resnet/seed_202/bandpass_n20001_cV4_independent_rms_s0.npz,75936,aaa5b5490925153782761683417204fee03870a67e1843712599fc0944259ccf
resnet,independent_rms,202,bandpass_n20001_cV4_electrode_s20,phase2/results/predictions/full/independent_rms/resnet/seed_202/bandpass_n20001_cV4_electrode_s20.npz,76469,296cb69c1fb99b353d95536484b5bc3e0de655ec03d55e5945b869e6e02164a2
resnet,independent_rms,202,bandpass_n20001_cV4_electrode_s15,phase2/results/predictions/full/independent_rms/resnet/seed_202/bandpass_n20001_cV4_electrode_s15.npz,76428,36eb97cabbffb7c5cf3b78e2ae37ed090f49eba692e9ef27fe7cf961ace7f4f4
resnet,independent_rms,202,bandpass_n20001_cV4_electrode_s10,phase2/results/predictions/full/independent_rms/resnet/seed_202/bandpass_n20001_cV4_electrode_s10.npz,76440,6f6e01d1df788424fc777146f7bf95e6aec8603a25ff4c162e309b1f67fea30e
resnet,independent_rms,202,bandpass_n20001_cV4_electrode_s5,phase2/results/predictions/full/independent_rms/resnet/seed_202/bandpass_n20001_cV4_electrode_s5.npz,76308,5dc9485dbad6d541d3d8f8e0129fa3e40375cd80d41510ebf9072822307055fa
resnet,independent_rms,202,bandpass_n20001_cV4_electrode_s0,phase2/results/predictions/full/independent_rms/resnet/seed_202/bandpass_n20001_cV4_electrode_s0.npz,75922,9ac7f7c80b44835da2a325f05fad28e2f0bedd8ba4eb5debb920611f823dddb7
resnet,independent_rms,202,bandpass_n20001_cV4_covariance_s20,phase2/results/predictions/full/independent_rms/resnet/seed_202/bandpass_n20001_cV4_covariance_s20.npz,76449,f69fbd8c76070c0c933092efe2f183a8db8332f9849da9110869defa9e5f8d2c
resnet,independent_rms,202,bandpass_n20001_cV4_covariance_s15,phase2/results/predictions/full/independent_rms/resnet/seed_202/bandpass_n20001_cV4_covariance_s15.npz,76451,d271a55f45680279a2448890748c074beb08d089dc10ae0bc603a0dd57182121
resnet,independent_rms,202,bandpass_n20001_cV4_covariance_s10,phase2/results/predictions/full/independent_rms/resnet/seed_202/bandpass_n20001_cV4_covariance_s10.npz,76414,42e090cbf23d43673862ec41f9d9f4167eb1e8b38d28432d60fd25a2523fa08a
resnet,independent_rms,202,bandpass_n20001_cV4_covariance_s5,phase2/results/predictions/full/independent_rms/resnet/seed_202/bandpass_n20001_cV4_covariance_s5.npz,76303,d6dce43b8fd414e98b9341b4c9d75d5fa191ff00d124d76ff61f662506bcbe49
resnet,independent_rms,202,bandpass_n20001_cV4_covariance_s0,phase2/results/predictions/full/independent_rms/resnet/seed_202/bandpass_n20001_cV4_covariance_s0.npz,75895,833d2ee869e10d7d706776e796848aef9873ea2bbeb1f3768b0c0e050fb2517a
resnet,independent_rms,202,bandpass_n20001_cV5_independent_rms_s20,phase2/results/predictions/full/independent_rms/resnet/seed_202/bandpass_n20001_cV5_independent_rms_s20.npz,76461,f47a173bb795aaf624b26ca83c74516ab6cd5f250bff9e3eb20584815768a499
resnet,independent_rms,202,bandpass_n20001_cV5_independent_rms_s15,phase2/results/predictions/full/independent_rms/resnet/seed_202/bandpass_n20001_cV5_independent_rms_s15.npz,76416,36c45ec11b44d1d61a1809ba0c8369791e200e5bf27a27734606f6145e32a8b8
resnet,independent_rms,202,bandpass_n20001_cV5_independent_rms_s10,phase2/results/predictions/full/independent_rms/resnet/seed_202/bandpass_n20001_cV5_independent_rms_s10.npz,76374,db9492fa42aa51eaf7ae38dec41fa694076621a8bc49d2eb4dbcb44a7fb82954
resnet,independent_rms,202,bandpass_n20001_cV5_independent_rms_s5,phase2/results/predictions/full/independent_rms/resnet/seed_202/bandpass_n20001_cV5_independent_rms_s5.npz,76231,f83c554a47cf5d724308220c7bd3e2e48c57bb17dbf7c0764d0cbc9808b0e2fc
resnet,independent_rms,202,bandpass_n20001_cV5_independent_rms_s0,phase2/results/predictions/full/independent_rms/resnet/seed_202/bandpass_n20001_cV5_independent_rms_s0.npz,75791,46a459f2335b7789151d6b42e11cc853191a2cc5315d71502cdad0dc8240dcfb
resnet,independent_rms,202,bandpass_n20001_cV5_electrode_s20,phase2/results/predictions/full/independent_rms/resnet/seed_202/bandpass_n20001_cV5_electrode_s20.npz,76459,a5f20d416aaa8b55bcf2b739e1b66af27c9a30ac7396e12ad5cded00791654d4
resnet,independent_rms,202,bandpass_n20001_cV5_electrode_s15,phase2/results/predictions/full/independent_rms/resnet/seed_202/bandpass_n20001_cV5_electrode_s15.npz,76419,86940acf59828efd7681fc3ff67112c3e1f35fbc1493235744627c90ee0ea626
resnet,independent_rms,202,bandpass_n20001_cV5_electrode_s10,phase2/results/predictions/full/independent_rms/resnet/seed_202/bandpass_n20001_cV5_electrode_s10.npz,76374,2d5074a0c9a81a834824dc0715f3a10ee9d46c73e5802bc37407eb2587c858d3
resnet,independent_rms,202,bandpass_n20001_cV5_electrode_s5,phase2/results/predictions/full/independent_rms/resnet/seed_202/bandpass_n20001_cV5_electrode_s5.npz,76226,4799dfbfd8b8532283fae02a2552c26f0f6898a8edd848b783fd378ffb741823
resnet,independent_rms,202,bandpass_n20001_cV5_electrode_s0,phase2/results/predictions/full/independent_rms/resnet/seed_202/bandpass_n20001_cV5_electrode_s0.npz,75787,bbed197156bd3c25f73afde8f9a1affb15a1f8a07fdb5abd84b22ccdab5ba918
resnet,independent_rms,202,bandpass_n20001_cV5_covariance_s20,phase2/results/predictions/full/independent_rms/resnet/seed_202/bandpass_n20001_cV5_covariance_s20.npz,76447,69737b0dfe73079642b7e041cc163a97c711abc11c0935e19b4528af69fd929a
resnet,independent_rms,202,bandpass_n20001_cV5_covariance_s15,phase2/results/predictions/full/independent_rms/resnet/seed_202/bandpass_n20001_cV5_covariance_s15.npz,76445,d0c5f5f3c15c00cd9dce7f4b6445d6d7cdaa23e4d4219d1da29cb20019cac807
resnet,independent_rms,202,bandpass_n20001_cV5_covariance_s10,phase2/results/predictions/full/independent_rms/resnet/seed_202/bandpass_n20001_cV5_covariance_s10.npz,76353,77543e92f8ebd8c54f08e0387d1462857048ae7ad57b796f05c61f85dbd193cd
resnet,independent_rms,202,bandpass_n20001_cV5_covariance_s5,phase2/results/predictions/full/independent_rms/resnet/seed_202/bandpass_n20001_cV5_covariance_s5.npz,76228,260878f4ab6dd8d379d7f0ab195a091591d9232f70b8c1ef1a58f34c7cf37d3b
resnet,independent_rms,202,bandpass_n20001_cV5_covariance_s0,phase2/results/predictions/full/independent_rms/resnet/seed_202/bandpass_n20001_cV5_covariance_s0.npz,75779,2319edea2061bfb518dbd84aed854ce280eb4153b388400cecd34a2f8a26c295
resnet,independent_rms,202,bandpass_n20001_cV6_independent_rms_s20,phase2/results/predictions/full/independent_rms/resnet/seed_202/bandpass_n20001_cV6_independent_rms_s20.npz,76420,76a0341807526bd52b0d4b663a587574f40b31dc02d9e8cc283770dcfe688470
resnet,independent_rms,202,bandpass_n20001_cV6_independent_rms_s15,phase2/results/predictions/full/independent_rms/resnet/seed_202/bandpass_n20001_cV6_independent_rms_s15.npz,76435,7b7b4b23f663436ed440bc8fceb5d0e31c8d4cf281952d215a77be39643f8ae3
resnet,independent_rms,202,bandpass_n20001_cV6_independent_rms_s10,phase2/results/predictions/full/independent_rms/resnet/seed_202/bandpass_n20001_cV6_independent_rms_s10.npz,76386,11306aabf852effe56f8e0ab29c09f84f3fa6cd141b30af1348accbdcb48fa8e
resnet,independent_rms,202,bandpass_n20001_cV6_independent_rms_s5,phase2/results/predictions/full/independent_rms/resnet/seed_202/bandpass_n20001_cV6_independent_rms_s5.npz,76241,c952490998d26885d2416c8caa1a914180e76903615a0697b441178f3fa0ad6e
resnet,independent_rms,202,bandpass_n20001_cV6_independent_rms_s0,phase2/results/predictions/full/independent_rms/resnet/seed_202/bandpass_n20001_cV6_independent_rms_s0.npz,75742,5563ecbeee8f1843b5141149eb517038dd1305f0799d792f790efeaa60e1a6e5
resnet,independent_rms,202,bandpass_n20001_cV6_electrode_s20,phase2/results/predictions/full/independent_rms/resnet/seed_202/bandpass_n20001_cV6_electrode_s20.npz,76421,23a9e956b52b7aef28b29c76eeb4c9c9ad34a6c351d225f4549907b36a7c703c
resnet,independent_rms,202,bandpass_n20001_cV6_electrode_s15,phase2/results/predictions/full/independent_rms/resnet/seed_202/bandpass_n20001_cV6_electrode_s15.npz,76420,1a8383b17c54254e346ba70df21e1f67b5d9ddbdbd0a49d73b2936d1d56793b7
resnet,independent_rms,202,bandpass_n20001_cV6_electrode_s10,phase2/results/predictions/full/independent_rms/resnet/seed_202/bandpass_n20001_cV6_electrode_s10.npz,76380,ec59a0b550318af83b8d695b8a25a06996bc2127006eb0a3fd63244ac031a716
resnet,independent_rms,202,bandpass_n20001_cV6_electrode_s5,phase2/results/predictions/full/independent_rms/resnet/seed_202/bandpass_n20001_cV6_electrode_s5.npz,76183,8297aa42600f8f35db4c63c116d1dcb800e4168970db08a62cf92c57993e5335
resnet,independent_rms,202,bandpass_n20001_cV6_electrode_s0,phase2/results/predictions/full/independent_rms/resnet/seed_202/bandpass_n20001_cV6_electrode_s0.npz,75752,0716f7810c8441e4e98ac8b244de5de6fac54df0f291fc1f2c16f8d3a737761f
resnet,independent_rms,202,bandpass_n20001_cV6_covariance_s20,phase2/results/predictions/full/independent_rms/resnet/seed_202/bandpass_n20001_cV6_covariance_s20.npz,76421,0be6f41433790471a41e0731b8668c49cf9c490e424f6dc4968fbd88e9a2021f
resnet,independent_rms,202,bandpass_n20001_cV6_covariance_s15,phase2/results/predictions/full/independent_rms/resnet/seed_202/bandpass_n20001_cV6_covariance_s15.npz,76428,00d66ffdce15b1fa8d54b51a13b19bf7b07fbd27c3e3c4d9f811435208be800f
resnet,independent_rms,202,bandpass_n20001_cV6_covariance_s10,phase2/results/predictions/full/independent_rms/resnet/seed_202/bandpass_n20001_cV6_covariance_s10.npz,76387,f558bcb6fa2404ae8e027d123f96f5684a4ca7578ff42ae67f59eca15898ec41
resnet,independent_rms,202,bandpass_n20001_cV6_covariance_s5,phase2/results/predictions/full/independent_rms/resnet/seed_202/bandpass_n20001_cV6_covariance_s5.npz,76200,d98c2e6dbc5b27a6ec5c76e7fb3cd43d37a386832b3fe4404a32195924065cba
resnet,independent_rms,202,bandpass_n20001_cV6_covariance_s0,phase2/results/predictions/full/independent_rms/resnet/seed_202/bandpass_n20001_cV6_covariance_s0.npz,75746,cc3add56b8c7a10f541c67eb87b241b347df0447b2a10645d1be5e5d22626f7b
resnet,independent_rms,202,bandpass_n20001_cRA_LA_independent_rms_s20,phase2/results/predictions/full/independent_rms/resnet/seed_202/bandpass_n20001_cRA_LA_independent_rms_s20.npz,76460,ea92d68d493c527c747a70bb6881ff689f32ca4a07fc50163eccb5afb49e4468
resnet,independent_rms,202,bandpass_n20001_cRA_LA_independent_rms_s15,phase2/results/predictions/full/independent_rms/resnet/seed_202/bandpass_n20001_cRA_LA_independent_rms_s15.npz,76457,012aaff704e19fd92af89113cd1f0c880e247fcc109480a390e4ad1a32d6a6fa
resnet,independent_rms,202,bandpass_n20001_cRA_LA_independent_rms_s10,phase2/results/predictions/full/independent_rms/resnet/seed_202/bandpass_n20001_cRA_LA_independent_rms_s10.npz,76395,6a9cc91f5a7bd744a9de6826bb3f6bac8e9d59068fde00f1bea2121c2612c5c7
resnet,independent_rms,202,bandpass_n20001_cRA_LA_independent_rms_s5,phase2/results/predictions/full/independent_rms/resnet/seed_202/bandpass_n20001_cRA_LA_independent_rms_s5.npz,76235,70411c793a88912b224e0a708e43d0c1f06c2b14000083b49e90a0bc9e5311c7
resnet,independent_rms,202,bandpass_n20001_cRA_LA_independent_rms_s0,phase2/results/predictions/full/independent_rms/resnet/seed_202/bandpass_n20001_cRA_LA_independent_rms_s0.npz,75786,6f2ad77eafb1dab4c3b422e1c2ff389b853e1e3f6a4d558e90886b29fba02700
resnet,independent_rms,202,bandpass_n20001_cRA_LA_electrode_s20,phase2/results/predictions/full/independent_rms/resnet/seed_202/bandpass_n20001_cRA_LA_electrode_s20.npz,76453,e716ca3064ee725148c8b2247787fdf1177bc4ab7c7f590b02d652371d0915a4
resnet,independent_rms,202,bandpass_n20001_cRA_LA_electrode_s15,phase2/results/predictions/full/independent_rms/resnet/seed_202/bandpass_n20001_cRA_LA_electrode_s15.npz,76430,5b85f2f74ef424bedd7eb6d2af42eab3730ab9163b22d59a5833ee6fc29d8f3f
resnet,independent_rms,202,bandpass_n20001_cRA_LA_electrode_s10,phase2/results/predictions/full/independent_rms/resnet/seed_202/bandpass_n20001_cRA_LA_electrode_s10.npz,76302,fbeec3c3a6c43385ee3d846f46643798dd6c064ce1855ecc6c30aabd7d9cc916
resnet,independent_rms,202,bandpass_n20001_cRA_LA_electrode_s5,phase2/results/predictions/full/independent_rms/resnet/seed_202/bandpass_n20001_cRA_LA_electrode_s5.npz,76071,5d9387ae572d9978ab494ceb2fcd7909a1bcf898261085030a3af60b2f46900a
resnet,independent_rms,202,bandpass_n20001_cRA_LA_electrode_s0,phase2/results/predictions/full/independent_rms/resnet/seed_202/bandpass_n20001_cRA_LA_electrode_s0.npz,75520,93c0d00eabf54101f1b83b311e0a26339244636c6c0e0f2682a93be7eea71bec
resnet,independent_rms,202,bandpass_n20001_cRA_LA_covariance_s20,phase2/results/predictions/full/independent_rms/resnet/seed_202/bandpass_n20001_cRA_LA_covariance_s20.npz,76424,f8fb51908a204f9ef65a8f3f4bfd50910c264e110fe3b784b05d195c0bca9649
resnet,independent_rms,202,bandpass_n20001_cRA_LA_covariance_s15,phase2/results/predictions/full/independent_rms/resnet/seed_202/bandpass_n20001_cRA_LA_covariance_s15.npz,76422,119d09f8721e79375ebe283985ba9367661877a65c805ac5b2c6c409ebb57a86
resnet,independent_rms,202,bandpass_n20001_cRA_LA_covariance_s10,phase2/results/predictions/full/independent_rms/resnet/seed_202/bandpass_n20001_cRA_LA_covariance_s10.npz,76298,313102041be1d8897f58fc418375614e74473d53c59148a81c19ebbedc18920d
resnet,independent_rms,202,bandpass_n20001_cRA_LA_covariance_s5,phase2/results/predictions/full/independent_rms/resnet/seed_202/bandpass_n20001_cRA_LA_covariance_s5.npz,76071,a00ee8f455967763ceae8282544de4f3e1165541e9af31086e0633718631a1c5
resnet,independent_rms,202,bandpass_n20001_cRA_LA_covariance_s0,phase2/results/predictions/full/independent_rms/resnet/seed_202/bandpass_n20001_cRA_LA_covariance_s0.npz,75539,7514c617c7134fb56ea665b54ddb30f5796711389ff6f851259e88c8d6e05be6
resnet,independent_rms,202,bandpass_n20001_cLA_LL_independent_rms_s20,phase2/results/predictions/full/independent_rms/resnet/seed_202/bandpass_n20001_cLA_LL_independent_rms_s20.npz,76465,95fd8d0ba3a3d724b59d1e6fe668f957ed53ea81f66109844b4dc2f8643766eb
resnet,independent_rms,202,bandpass_n20001_cLA_LL_independent_rms_s15,phase2/results/predictions/full/independent_rms/resnet/seed_202/bandpass_n20001_cLA_LL_independent_rms_s15.npz,76439,a976e34ff1e562719aaaa459c1c298640dda9eba06b55f4573a482ea08ddce3b
resnet,independent_rms,202,bandpass_n20001_cLA_LL_independent_rms_s10,phase2/results/predictions/full/independent_rms/resnet/seed_202/bandpass_n20001_cLA_LL_independent_rms_s10.npz,76393,d510f314bff616ca85135ac431379a970b1c1b38e297729abafd94e4bebf48b8
resnet,independent_rms,202,bandpass_n20001_cLA_LL_independent_rms_s5,phase2/results/predictions/full/independent_rms/resnet/seed_202/bandpass_n20001_cLA_LL_independent_rms_s5.npz,76223,7a823aea132bcb61d37e970f7050953ffdcaec2ac7f4455eedd44c768d0b4969
resnet,independent_rms,202,bandpass_n20001_cLA_LL_independent_rms_s0,phase2/results/predictions/full/independent_rms/resnet/seed_202/bandpass_n20001_cLA_LL_independent_rms_s0.npz,75818,1e877b3dc515ee89a673200fb5e6041f4f673e28c9b5843b1901f00f8b2f87da
resnet,independent_rms,202,bandpass_n20001_cLA_LL_electrode_s20,phase2/results/predictions/full/independent_rms/resnet/seed_202/bandpass_n20001_cLA_LL_electrode_s20.npz,76438,597255ce351eb768e206e600f9c6aa1967879f368c15762fd89b660ce44d3364
resnet,independent_rms,202,bandpass_n20001_cLA_LL_electrode_s15,phase2/results/predictions/full/independent_rms/resnet/seed_202/bandpass_n20001_cLA_LL_electrode_s15.npz,76430,c60bd72318a8ba0b13a97d1abe28ac5d5be07e1d145719558f483cb6749528c9
resnet,independent_rms,202,bandpass_n20001_cLA_LL_electrode_s10,phase2/results/predictions/full/independent_rms/resnet/seed_202/bandpass_n20001_cLA_LL_electrode_s10.npz,76350,4a336a4de5ce43d6cd081c0091131a835099d0515fabb28fc7f23edda916b462
resnet,independent_rms,202,bandpass_n20001_cLA_LL_electrode_s5,phase2/results/predictions/full/independent_rms/resnet/seed_202/bandpass_n20001_cLA_LL_electrode_s5.npz,76081,4717f080ae91f1356eaadd48bdedd0f7004fa280de2deb90879b6bca0d1e8181
resnet,independent_rms,202,bandpass_n20001_cLA_LL_electrode_s0,phase2/results/predictions/full/independent_rms/resnet/seed_202/bandpass_n20001_cLA_LL_electrode_s0.npz,75477,6ab3e9582b7ad9d0d118e25aadd318902e309b6caef077cd2262def0775e31c7
resnet,independent_rms,202,bandpass_n20001_cLA_LL_covariance_s20,phase2/results/predictions/full/independent_rms/resnet/seed_202/bandpass_n20001_cLA_LL_covariance_s20.npz,76431,409d1f89b9c4dc91d919076ef65d82bec486c77d58fc65ff5919a1d7faf8e703
resnet,independent_rms,202,bandpass_n20001_cLA_LL_covariance_s15,phase2/results/predictions/full/independent_rms/resnet/seed_202/bandpass_n20001_cLA_LL_covariance_s15.npz,76446,b108f3ea8a0338b6567f5c6bb1b2b0fbea2e99851d35b2178e731d3499868e9d
resnet,independent_rms,202,bandpass_n20001_cLA_LL_covariance_s10,phase2/results/predictions/full/independent_rms/resnet/seed_202/bandpass_n20001_cLA_LL_covariance_s10.npz,76339,1118611c8eb3906bd824f04f204e91e8a7f6264be14de25cfe96545f0ad421a6
resnet,independent_rms,202,bandpass_n20001_cLA_LL_covariance_s5,phase2/results/predictions/full/independent_rms/resnet/seed_202/bandpass_n20001_cLA_LL_covariance_s5.npz,76102,19f317facb504bf889624b234f5ae8d8e06ee51cb00d77b45d41fa51232a4405
resnet,independent_rms,202,bandpass_n20001_cLA_LL_covariance_s0,phase2/results/predictions/full/independent_rms/resnet/seed_202/bandpass_n20001_cLA_LL_covariance_s0.npz,75458,e221c4a115c9da135258ac80b5198cb73f854a3c5542a496bef7dd31431d1933
resnet,independent_rms,202,bandpass_n20001_cRA_LL_independent_rms_s20,phase2/results/predictions/full/independent_rms/resnet/seed_202/bandpass_n20001_cRA_LL_independent_rms_s20.npz,76466,8e441e29961783d3d5951590d34ec28f27a70c02f8195d1fad67ea4b6a9bd2ea
resnet,independent_rms,202,bandpass_n20001_cRA_LL_independent_rms_s15,phase2/results/predictions/full/independent_rms/resnet/seed_202/bandpass_n20001_cRA_LL_independent_rms_s15.npz,76431,8cad6216f034a768194b96a80d1f457f7f1a35d0e2a9736e9d3537894d22a321
resnet,independent_rms,202,bandpass_n20001_cRA_LL_independent_rms_s10,phase2/results/predictions/full/independent_rms/resnet/seed_202/bandpass_n20001_cRA_LL_independent_rms_s10.npz,76412,394370215a2c1fffd5a726b6c409b615b5e64a774c59c20d83b88ae7239c6f4c
resnet,independent_rms,202,bandpass_n20001_cRA_LL_independent_rms_s5,phase2/results/predictions/full/independent_rms/resnet/seed_202/bandpass_n20001_cRA_LL_independent_rms_s5.npz,76253,4e5a87c8a6903ffa9ccc3fd86141554b532d9f3c1709239e804cf28ff84f7d44
resnet,independent_rms,202,bandpass_n20001_cRA_LL_independent_rms_s0,phase2/results/predictions/full/independent_rms/resnet/seed_202/bandpass_n20001_cRA_LL_independent_rms_s0.npz,75852,518f13676e2aafe6a2c215fdac4efe2943bae9aa6fc668b2400ffca9a7963b12
resnet,independent_rms,202,bandpass_n20001_cRA_LL_electrode_s20,phase2/results/predictions/full/independent_rms/resnet/seed_202/bandpass_n20001_cRA_LL_electrode_s20.npz,76447,3787eb9f2a12228db460dcc7b2608f85825d6474dfb3ef95ecfa4e7817796f03
resnet,independent_rms,202,bandpass_n20001_cRA_LL_electrode_s15,phase2/results/predictions/full/independent_rms/resnet/seed_202/bandpass_n20001_cRA_LL_electrode_s15.npz,76376,438447dbc678d63bfb65c4465cd9e64869264f82d819c57d0a4a84f006c0662d
resnet,independent_rms,202,bandpass_n20001_cRA_LL_electrode_s10,phase2/results/predictions/full/independent_rms/resnet/seed_202/bandpass_n20001_cRA_LL_electrode_s10.npz,76312,ea7c86ddb886a2b0a5ff13bc5e480c933842316080b434ccc8adaf9d190d3627
resnet,independent_rms,202,bandpass_n20001_cRA_LL_electrode_s5,phase2/results/predictions/full/independent_rms/resnet/seed_202/bandpass_n20001_cRA_LL_electrode_s5.npz,76088,7c00b9e38fba7ba0b8650456de52a646e0d87c6dfbe38b192ed43389fc36ed65
resnet,independent_rms,202,bandpass_n20001_cRA_LL_electrode_s0,phase2/results/predictions/full/independent_rms/resnet/seed_202/bandpass_n20001_cRA_LL_electrode_s0.npz,75509,dd3c5840cfcf64dd11c2e8855a8e3e469c0b14b4070094eed63f645b5e06da03
resnet,independent_rms,202,bandpass_n20001_cRA_LL_covariance_s20,phase2/results/predictions/full/independent_rms/resnet/seed_202/bandpass_n20001_cRA_LL_covariance_s20.npz,76426,8d8008dac27e915700eb9fdf4687847286203ce0c4e11f2d7836856be180d53e
resnet,independent_rms,202,bandpass_n20001_cRA_LL_covariance_s15,phase2/results/predictions/full/independent_rms/resnet/seed_202/bandpass_n20001_cRA_LL_covariance_s15.npz,76443,8c38f734060161251ee434c33a805f3edbad114ba59c04010b008d4a019bfe29
resnet,independent_rms,202,bandpass_n20001_cRA_LL_covariance_s10,phase2/results/predictions/full/independent_rms/resnet/seed_202/bandpass_n20001_cRA_LL_covariance_s10.npz,76290,8f403521315cd692916674433ebf863a2231d29e7c309070aa6c9911a73f4226
resnet,independent_rms,202,bandpass_n20001_cRA_LL_covariance_s5,phase2/results/predictions/full/independent_rms/resnet/seed_202/bandpass_n20001_cRA_LL_covariance_s5.npz,76073,244e6e20cd7d28817e11c114d311efb5162c638598c9d684b71e10dbc4249428
resnet,independent_rms,202,bandpass_n20001_cRA_LL_covariance_s0,phase2/results/predictions/full/independent_rms/resnet/seed_202/bandpass_n20001_cRA_LL_covariance_s0.npz,75547,da1ba157f25b2d2c7c90c606cd0ef67ae688e2bb3809653084597bfd89275352
resnet,independent_rms,202,bandpass_n20001_cRA_independent_rms_s20,phase2/results/predictions/full/independent_rms/resnet/seed_202/bandpass_n20001_cRA_independent_rms_s20.npz,76446,b3adcc01ddbb459f634097d24b4e9ec1533d3cc4566ee0314fb33d76be36aeeb
resnet,independent_rms,202,bandpass_n20001_cRA_independent_rms_s15,phase2/results/predictions/full/independent_rms/resnet/seed_202/bandpass_n20001_cRA_independent_rms_s15.npz,76473,d9eee5ca0984f0dc222437d216506fec5c4c05e56ccdd0e080d2d098accc1301
resnet,independent_rms,202,bandpass_n20001_cRA_independent_rms_s10,phase2/results/predictions/full/independent_rms/resnet/seed_202/bandpass_n20001_cRA_independent_rms_s10.npz,76372,63af7b7b6e2924bdcf3ba9df98128983f358b75b8cc844f8cf776219aca6329e
resnet,independent_rms,202,bandpass_n20001_cRA_independent_rms_s5,phase2/results/predictions/full/independent_rms/resnet/seed_202/bandpass_n20001_cRA_independent_rms_s5.npz,76239,dc08fb0df19869f1fb32bba7de67e3ee2fd3054abcf39270623660dc4d80f285
resnet,independent_rms,202,bandpass_n20001_cRA_independent_rms_s0,phase2/results/predictions/full/independent_rms/resnet/seed_202/bandpass_n20001_cRA_independent_rms_s0.npz,75822,c205b86c76444eb8d25118617cd126a628657b6ab53154b9ee753a90cd84058f
resnet,independent_rms,202,bandpass_n20001_cRA_electrode_s20,phase2/results/predictions/full/independent_rms/resnet/seed_202/bandpass_n20001_cRA_electrode_s20.npz,76425,229024e7767a4b7ed2acce78204e636ec79eae003bca527c22b2ea60c30f3231
resnet,independent_rms,202,bandpass_n20001_cRA_electrode_s15,phase2/results/predictions/full/independent_rms/resnet/seed_202/bandpass_n20001_cRA_electrode_s15.npz,76398,9f9a9a4e212e22cd628cb5b7029c5078c375e09ba315e95cc83d5b0d12afbcbc
resnet,independent_rms,202,bandpass_n20001_cRA_electrode_s10,phase2/results/predictions/full/independent_rms/resnet/seed_202/bandpass_n20001_cRA_electrode_s10.npz,76260,9ad15484ae70f82de9bf86aeb3fd8b6f24778fa3efef5ba771c156132f8d959b
resnet,independent_rms,202,bandpass_n20001_cRA_electrode_s5,phase2/results/predictions/full/independent_rms/resnet/seed_202/bandpass_n20001_cRA_electrode_s5.npz,76043,91d3c55c5f6b9d89d92bd64e5348a12ebb42c0667c16d9299172c716c1c40de4
resnet,independent_rms,202,bandpass_n20001_cRA_electrode_s0,phase2/results/predictions/full/independent_rms/resnet/seed_202/bandpass_n20001_cRA_electrode_s0.npz,75662,ebd8a1919e792797f99d6b30dd5f450f0778be5896f3cad3e38f378f00f57b80
resnet,independent_rms,202,bandpass_n20001_cRA_covariance_s20,phase2/results/predictions/full/independent_rms/resnet/seed_202/bandpass_n20001_cRA_covariance_s20.npz,76403,060f6df72cf853d9fe9ed9ddf05b6ab475e492515da79199d1b3243d71987dda
resnet,independent_rms,202,bandpass_n20001_cRA_covariance_s15,phase2/results/predictions/full/independent_rms/resnet/seed_202/bandpass_n20001_cRA_covariance_s15.npz,76423,938670a5057d3ed7cdc24a83e3a0b2de587cd31b9ba40ed0a13a1443d145a52f
resnet,independent_rms,202,bandpass_n20001_cRA_covariance_s10,phase2/results/predictions/full/independent_rms/resnet/seed_202/bandpass_n20001_cRA_covariance_s10.npz,76311,5dedff1ebaa007a304ab0d0dabbcabfc3704d9d3fc0d6d4f36c9a50e51570c97
resnet,independent_rms,202,bandpass_n20001_cRA_covariance_s5,phase2/results/predictions/full/independent_rms/resnet/seed_202/bandpass_n20001_cRA_covariance_s5.npz,76033,228b76ae6640bc7ab559a2b3b413d05a93c21728609e6d15e93ecaf7bfcb924b
resnet,independent_rms,202,bandpass_n20001_cRA_covariance_s0,phase2/results/predictions/full/independent_rms/resnet/seed_202/bandpass_n20001_cRA_covariance_s0.npz,75711,65a29cc5299bb5f2a8846adf3108d32c7d4f35c1375560d021e56109ff21fd24
resnet,independent_rms,202,bandpass_n20001_cLA_independent_rms_s20,phase2/results/predictions/full/independent_rms/resnet/seed_202/bandpass_n20001_cLA_independent_rms_s20.npz,76474,18c53cb4017cd0a67e59a3f14ac722a4c94ead2fb23fae6ad61a95be861e1f95
resnet,independent_rms,202,bandpass_n20001_cLA_independent_rms_s15,phase2/results/predictions/full/independent_rms/resnet/seed_202/bandpass_n20001_cLA_independent_rms_s15.npz,76426,a2d38808d74e64931a10921c386bbebd22f50f2f70bc50fc38bc4704b5927121
resnet,independent_rms,202,bandpass_n20001_cLA_independent_rms_s10,phase2/results/predictions/full/independent_rms/resnet/seed_202/bandpass_n20001_cLA_independent_rms_s10.npz,76368,f1e4332ea0db9a33914163be1789181e5c9004dd03f7c635e1482c702ed1fb4f
resnet,independent_rms,202,bandpass_n20001_cLA_independent_rms_s5,phase2/results/predictions/full/independent_rms/resnet/seed_202/bandpass_n20001_cLA_independent_rms_s5.npz,76238,f38a40d9c6f236dffef214f1a187943d6ca8a477258c69bd39df6aeb86626f14
resnet,independent_rms,202,bandpass_n20001_cLA_independent_rms_s0,phase2/results/predictions/full/independent_rms/resnet/seed_202/bandpass_n20001_cLA_independent_rms_s0.npz,75768,6de25fd5ac2a721a7bed3d5c3c66b320986b8c038e0ef5ca017dff9da87dd6d3
resnet,independent_rms,202,bandpass_n20001_cLA_electrode_s20,phase2/results/predictions/full/independent_rms/resnet/seed_202/bandpass_n20001_cLA_electrode_s20.npz,76466,c5223f6deef2c4392fc73221ccfa18791d68e8a2ec6040af2c9145edc2f5cb36
resnet,independent_rms,202,bandpass_n20001_cLA_electrode_s15,phase2/results/predictions/full/independent_rms/resnet/seed_202/bandpass_n20001_cLA_electrode_s15.npz,76401,b639b802ba6e6081368cda0aa4291b3235391ce67a78d6a8c99ec8b781f8370a
resnet,independent_rms,202,bandpass_n20001_cLA_electrode_s10,phase2/results/predictions/full/independent_rms/resnet/seed_202/bandpass_n20001_cLA_electrode_s10.npz,76340,617458299c93c6bae6e678a82df06fa6c382f09e790ae59efae8e870874a5f7a
resnet,independent_rms,202,bandpass_n20001_cLA_electrode_s5,phase2/results/predictions/full/independent_rms/resnet/seed_202/bandpass_n20001_cLA_electrode_s5.npz,76063,7dc807cd37e1e0512d025319c188b63ba46603b125a9c2e6d28fdaaba091ec3d
resnet,independent_rms,202,bandpass_n20001_cLA_electrode_s0,phase2/results/predictions/full/independent_rms/resnet/seed_202/bandpass_n20001_cLA_electrode_s0.npz,75472,07be558d75d0dff393ab84d7b2a84131ca48fb53a30a22892a02c4b99d718019
resnet,independent_rms,202,bandpass_n20001_cLA_covariance_s20,phase2/results/predictions/full/independent_rms/resnet/seed_202/bandpass_n20001_cLA_covariance_s20.npz,76463,65112d098d9f765dd6d3e6f170c32b869746326d1b83ddb3ab0601b5e4aaff03
resnet,independent_rms,202,bandpass_n20001_cLA_covariance_s15,phase2/results/predictions/full/independent_rms/resnet/seed_202/bandpass_n20001_cLA_covariance_s15.npz,76416,1d33876a204742eb7499b89e88dad0c0ab99b366d56490b82a01b70a2ff6f493
resnet,independent_rms,202,bandpass_n20001_cLA_covariance_s10,phase2/results/predictions/full/independent_rms/resnet/seed_202/bandpass_n20001_cLA_covariance_s10.npz,76329,bbadf89e0f9f285d7c457ee65924fc36f4f4bde484664731db170780ae633c05
resnet,independent_rms,202,bandpass_n20001_cLA_covariance_s5,phase2/results/predictions/full/independent_rms/resnet/seed_202/bandpass_n20001_cLA_covariance_s5.npz,76093,3101928d1fa66e2411e04e6e03b57aad874aa4a0d403ca54da7d4971e67d17a3
resnet,independent_rms,202,bandpass_n20001_cLA_covariance_s0,phase2/results/predictions/full/independent_rms/resnet/seed_202/bandpass_n20001_cLA_covariance_s0.npz,75460,1f17ebf7fdbbc366818df1a11792f6158f955ba7892971fed1020f3c6748b438
resnet,independent_rms,202,bandpass_n20001_cLL_independent_rms_s20,phase2/results/predictions/full/independent_rms/resnet/seed_202/bandpass_n20001_cLL_independent_rms_s20.npz,76447,6235b7929ef2e726e8acfd2b77684d02b3a108ef744ab7a84b33cbb910ede7ab
resnet,independent_rms,202,bandpass_n20001_cLL_independent_rms_s15,phase2/results/predictions/full/independent_rms/resnet/seed_202/bandpass_n20001_cLL_independent_rms_s15.npz,76420,0663a3da88ac6c2a6f696889f2796f8dec3e2d93b57238f6fdf84482634e8ec8
resnet,independent_rms,202,bandpass_n20001_cLL_independent_rms_s10,phase2/results/predictions/full/independent_rms/resnet/seed_202/bandpass_n20001_cLL_independent_rms_s10.npz,76370,59af2d0c952244056bc94cba58c303096cbe9c0bfbb2bc7f095b4b8a314100a2
resnet,independent_rms,202,bandpass_n20001_cLL_independent_rms_s5,phase2/results/predictions/full/independent_rms/resnet/seed_202/bandpass_n20001_cLL_independent_rms_s5.npz,76245,dd81a05225722a7190498a2ef2632e473176f761740f66210446ae9d93654cb6
resnet,independent_rms,202,bandpass_n20001_cLL_independent_rms_s0,phase2/results/predictions/full/independent_rms/resnet/seed_202/bandpass_n20001_cLL_independent_rms_s0.npz,75834,c998559122767bac3ef69f8bebd18461d5d53b8ed039187f45f3bc5a15475ff8
resnet,independent_rms,202,bandpass_n20001_cLL_electrode_s20,phase2/results/predictions/full/independent_rms/resnet/seed_202/bandpass_n20001_cLL_electrode_s20.npz,76419,0a49d286fa2a92304c7c8f18349f93db751fde4f2fac83ebc3838610acbce314
resnet,independent_rms,202,bandpass_n20001_cLL_electrode_s15,phase2/results/predictions/full/independent_rms/resnet/seed_202/bandpass_n20001_cLL_electrode_s15.npz,76408,670130b8780b86b5a34a5457c19ab0f9fb2c5020780f52edff86689a19daaad9
resnet,independent_rms,202,bandpass_n20001_cLL_electrode_s10,phase2/results/predictions/full/independent_rms/resnet/seed_202/bandpass_n20001_cLL_electrode_s10.npz,76310,d6ec5d27162aa8d2f2329df7bcc4827e6a29132676c4a651b007a8d768b0c093
resnet,independent_rms,202,bandpass_n20001_cLL_electrode_s5,phase2/results/predictions/full/independent_rms/resnet/seed_202/bandpass_n20001_cLL_electrode_s5.npz,76046,c304e5580ad38ef7b524c42711cb9ab8fa1d5593dd2e55578fad28b9b28c243d
resnet,independent_rms,202,bandpass_n20001_cLL_electrode_s0,phase2/results/predictions/full/independent_rms/resnet/seed_202/bandpass_n20001_cLL_electrode_s0.npz,75478,19ff9e12799ac4f9f66711c827beeea28a6ddf54dd6e189a6e3f1b48a2b46da5
resnet,independent_rms,202,bandpass_n20001_cLL_covariance_s20,phase2/results/predictions/full/independent_rms/resnet/seed_202/bandpass_n20001_cLL_covariance_s20.npz,76421,5cbf3ac1611fb4285bc722d48a184d1d9af9ed7fc53c4c35df1bc3e4d6ecb377
resnet,independent_rms,202,bandpass_n20001_cLL_covariance_s15,phase2/results/predictions/full/independent_rms/resnet/seed_202/bandpass_n20001_cLL_covariance_s15.npz,76408,0e9f5f4ab9341b5b20373b8c97df8fbb9a23a30df0e8b25ca04a785783a31c48
resnet,independent_rms,202,bandpass_n20001_cLL_covariance_s10,phase2/results/predictions/full/independent_rms/resnet/seed_202/bandpass_n20001_cLL_covariance_s10.npz,76318,da44ccdc1f9d10aaf98070cc44bde68d8c1ad439d0e064116a944c1a68c2b936
resnet,independent_rms,202,bandpass_n20001_cLL_covariance_s5,phase2/results/predictions/full/independent_rms/resnet/seed_202/bandpass_n20001_cLL_covariance_s5.npz,76034,b641314ae4d889a5f62debf9749cd882f2a97f828e388b10d279f134c34f5d87
resnet,independent_rms,202,bandpass_n20001_cLL_covariance_s0,phase2/results/predictions/full/independent_rms/resnet/seed_202/bandpass_n20001_cLL_covariance_s0.npz,75499,f725a95775151a26d511253115635ffdfe4137badadcdd4a4d15dcd7b420a93e
resnet,independent_rms,202,bandpass_n20001_cRA_V1_independent_rms_s20,phase2/results/predictions/full/independent_rms/resnet/seed_202/bandpass_n20001_cRA_V1_independent_rms_s20.npz,76478,3b17c39398680419284e3123ab3bf8e73b10aba09ac8177b27140c0e442883cf
resnet,independent_rms,202,bandpass_n20001_cRA_V1_independent_rms_s15,phase2/results/predictions/full/independent_rms/resnet/seed_202/bandpass_n20001_cRA_V1_independent_rms_s15.npz,76485,3f796aafdda66c386e638b7c4a3f75c51edc2c2a4b50026dfefa636fd9303ac6
resnet,independent_rms,202,bandpass_n20001_cRA_V1_independent_rms_s10,phase2/results/predictions/full/independent_rms/resnet/seed_202/bandpass_n20001_cRA_V1_independent_rms_s10.npz,76423,093e6c6cbe173b87e5f9901f26c145480e03be7770e139ff59dc5f17e59767ec
resnet,independent_rms,202,bandpass_n20001_cRA_V1_independent_rms_s5,phase2/results/predictions/full/independent_rms/resnet/seed_202/bandpass_n20001_cRA_V1_independent_rms_s5.npz,76207,dc9a348abe5a0b38df240c1f1358b2e218b9c865d49538caf91701f298680ee3
resnet,independent_rms,202,bandpass_n20001_cRA_V1_independent_rms_s0,phase2/results/predictions/full/independent_rms/resnet/seed_202/bandpass_n20001_cRA_V1_independent_rms_s0.npz,75778,c0311c83b49cc438e70a6d53246aa48d15af79b163209891ba06f67a94fbeba1
resnet,independent_rms,202,bandpass_n20001_cRA_V1_electrode_s20,phase2/results/predictions/full/independent_rms/resnet/seed_202/bandpass_n20001_cRA_V1_electrode_s20.npz,76449,9a2d4d99dca38cd4fe264655a430f984c52de050161215adb9993df5670d27b0
resnet,independent_rms,202,bandpass_n20001_cRA_V1_electrode_s15,phase2/results/predictions/full/independent_rms/resnet/seed_202/bandpass_n20001_cRA_V1_electrode_s15.npz,76401,1d6162a6e00ba014e9ccaf36866a4c1d4fc7456b0a27f961c461574f0523a69b
resnet,independent_rms,202,bandpass_n20001_cRA_V1_electrode_s10,phase2/results/predictions/full/independent_rms/resnet/seed_202/bandpass_n20001_cRA_V1_electrode_s10.npz,76321,8f4612446a3c862a60a450a610f6852322257852ff4e8e86d94bc9a0f51511ef
resnet,independent_rms,202,bandpass_n20001_cRA_V1_electrode_s5,phase2/results/predictions/full/independent_rms/resnet/seed_202/bandpass_n20001_cRA_V1_electrode_s5.npz,76078,57ab30e8f807e91ecc98af1f2847843c8bd2cd54c38081eeeb33e6308e12134c
resnet,independent_rms,202,bandpass_n20001_cRA_V1_electrode_s0,phase2/results/predictions/full/independent_rms/resnet/seed_202/bandpass_n20001_cRA_V1_electrode_s0.npz,75682,84e666fe40f6a82fb6e842b474b098e9108d55b4248b31a7282457533d781a16
resnet,independent_rms,202,bandpass_n20001_cRA_V1_covariance_s20,phase2/results/predictions/full/independent_rms/resnet/seed_202/bandpass_n20001_cRA_V1_covariance_s20.npz,76417,226b821e3a0e3daaf47378dd9dbd1689fedc66db8ed29b0c897be2276c4fe63c
resnet,independent_rms,202,bandpass_n20001_cRA_V1_covariance_s15,phase2/results/predictions/full/independent_rms/resnet/seed_202/bandpass_n20001_cRA_V1_covariance_s15.npz,76434,f2f44defc881d1b10136c9f4fec4001ad7594866a4a087cd75e94fff2156500d
resnet,independent_rms,202,bandpass_n20001_cRA_V1_covariance_s10,phase2/results/predictions/full/independent_rms/resnet/seed_202/bandpass_n20001_cRA_V1_covariance_s10.npz,76318,75f8fc7a9e9c8a60291a73406bc9bbe78f5392fd5e9f5ffe96f54680a63821e5
resnet,independent_rms,202,bandpass_n20001_cRA_V1_covariance_s5,phase2/results/predictions/full/independent_rms/resnet/seed_202/bandpass_n20001_cRA_V1_covariance_s5.npz,76082,bfe86edc26a5446c4a7fe06ec19e989f2dcf47e0faa11a477a9750bf7de45eb5
resnet,independent_rms,202,bandpass_n20001_cRA_V1_covariance_s0,phase2/results/predictions/full/independent_rms/resnet/seed_202/bandpass_n20001_cRA_V1_covariance_s0.npz,75675,42e5eb46bbc19aca2ff01f3f2e6ffb94857351f95e3907d8dcf5fc9786cdab77
resnet,independent_rms,202,bandpass_n20001_cLA_V6_independent_rms_s20,phase2/results/predictions/full/independent_rms/resnet/seed_202/bandpass_n20001_cLA_V6_independent_rms_s20.npz,76454,a224ab286953a7cefcb290f59928ab17ae0ba4dcf7234a15f13c5fc5ad189012
resnet,independent_rms,202,bandpass_n20001_cLA_V6_independent_rms_s15,phase2/results/predictions/full/independent_rms/resnet/seed_202/bandpass_n20001_cLA_V6_independent_rms_s15.npz,76430,5746354c740c492a07f739a72943c3c0376e2c41939f29cbbc2a279f43e9c0e7
resnet,independent_rms,202,bandpass_n20001_cLA_V6_independent_rms_s10,phase2/results/predictions/full/independent_rms/resnet/seed_202/bandpass_n20001_cLA_V6_independent_rms_s10.npz,76415,1f388d99ba6d36aa0f0175cc0f34a41bab10a69a3f26e0c2aacfce05b325bff6
resnet,independent_rms,202,bandpass_n20001_cLA_V6_independent_rms_s5,phase2/results/predictions/full/independent_rms/resnet/seed_202/bandpass_n20001_cLA_V6_independent_rms_s5.npz,76269,abee3c257a980cb3581d9c3e08b798c98960d0b830f11e34f6bc6f4e108ce73c
resnet,independent_rms,202,bandpass_n20001_cLA_V6_independent_rms_s0,phase2/results/predictions/full/independent_rms/resnet/seed_202/bandpass_n20001_cLA_V6_independent_rms_s0.npz,75795,f94d733cba60546618137ab01023f9c8d4fc6f1cca8c91566a9be8d225e663e7
resnet,independent_rms,202,bandpass_n20001_cLA_V6_electrode_s20,phase2/results/predictions/full/independent_rms/resnet/seed_202/bandpass_n20001_cLA_V6_electrode_s20.npz,76474,dc6ecc643078bf562fa1dbf48fbcc193b2650a951fba80660a27958754db4309
resnet,independent_rms,202,bandpass_n20001_cLA_V6_electrode_s15,phase2/results/predictions/full/independent_rms/resnet/seed_202/bandpass_n20001_cLA_V6_electrode_s15.npz,76439,8429452898a39f15e80f566e28ad4c5daf2233c8d0b1534dfd14bcef9e58ccfd
resnet,independent_rms,202,bandpass_n20001_cLA_V6_electrode_s10,phase2/results/predictions/full/independent_rms/resnet/seed_202/bandpass_n20001_cLA_V6_electrode_s10.npz,76325,ed1dbaa76074af461eef39d2f1ec67d9404d4cd5f7f9cec657db3a98c66e76d4
resnet,independent_rms,202,bandpass_n20001_cLA_V6_electrode_s5,phase2/results/predictions/full/independent_rms/resnet/seed_202/bandpass_n20001_cLA_V6_electrode_s5.npz,76096,e85fd82c954e2a68599791ebd227b89f3bb4d78b116fd89897e2ef5da8b30f5c
resnet,independent_rms,202,bandpass_n20001_cLA_V6_electrode_s0,phase2/results/predictions/full/independent_rms/resnet/seed_202/bandpass_n20001_cLA_V6_electrode_s0.npz,75522,8614e3a3e34684b28a7f89f0dccc49d351f8fa6d9af717e983b14542e2945c86
resnet,independent_rms,202,bandpass_n20001_cLA_V6_covariance_s20,phase2/results/predictions/full/independent_rms/resnet/seed_202/bandpass_n20001_cLA_V6_covariance_s20.npz,76449,e7dc6bd7bfa08735822dfa28abdb17120a6a8d7f105f937bc224124b672f0f39
resnet,independent_rms,202,bandpass_n20001_cLA_V6_covariance_s15,phase2/results/predictions/full/independent_rms/resnet/seed_202/bandpass_n20001_cLA_V6_covariance_s15.npz,76462,20976c30c25982ce1eab429404e988de2f74eb012dbc5fbb1276cdcd12e62aab
resnet,independent_rms,202,bandpass_n20001_cLA_V6_covariance_s10,phase2/results/predictions/full/independent_rms/resnet/seed_202/bandpass_n20001_cLA_V6_covariance_s10.npz,76358,f324cb6430cd635695c33d87996caf5274011a10be6572c494b6773ed683e3a2
resnet,independent_rms,202,bandpass_n20001_cLA_V6_covariance_s5,phase2/results/predictions/full/independent_rms/resnet/seed_202/bandpass_n20001_cLA_V6_covariance_s5.npz,76080,4f49b237bded5b96564e2ad7633e9bb30c5e8eae3254315eebcd76003af88ca7
resnet,independent_rms,202,bandpass_n20001_cLA_V6_covariance_s0,phase2/results/predictions/full/independent_rms/resnet/seed_202/bandpass_n20001_cLA_V6_covariance_s0.npz,75525,b29ad344c88cd01f7f8bf4f2a8ae90fda95d4adf56b1ab589365ea79b8556ba5
resnet,independent_rms,202,bandpass_n20001_cLL_V4_independent_rms_s20,phase2/results/predictions/full/independent_rms/resnet/seed_202/bandpass_n20001_cLL_V4_independent_rms_s20.npz,76446,4eef563d65af4ac500fe1c767af98fc3e1eb644d846fbdf0c7ada40b4a9b830b
resnet,independent_rms,202,bandpass_n20001_cLL_V4_independent_rms_s15,phase2/results/predictions/full/independent_rms/resnet/seed_202/bandpass_n20001_cLL_V4_independent_rms_s15.npz,76443,3a89c023662f157515cfc67442486ee2de8a6f43808b37345d2f3adefeceb8a2
resnet,independent_rms,202,bandpass_n20001_cLL_V4_independent_rms_s10,phase2/results/predictions/full/independent_rms/resnet/seed_202/bandpass_n20001_cLL_V4_independent_rms_s10.npz,76392,44ac6f1f0cb28f6953a2033e8d1ac76af55f83338953f0256ef69e414403fe68
resnet,independent_rms,202,bandpass_n20001_cLL_V4_independent_rms_s5,phase2/results/predictions/full/independent_rms/resnet/seed_202/bandpass_n20001_cLL_V4_independent_rms_s5.npz,76262,2d0ceb7260c4da738d6ec0c7afd69a970ea85e76a730696b9de908e36d7a0965
resnet,independent_rms,202,bandpass_n20001_cLL_V4_independent_rms_s0,phase2/results/predictions/full/independent_rms/resnet/seed_202/bandpass_n20001_cLL_V4_independent_rms_s0.npz,75866,bd228627d1a1f8bab405652d3f7be38851885fc4cf32c1f8911c468a346016f7
resnet,independent_rms,202,bandpass_n20001_cLL_V4_electrode_s20,phase2/results/predictions/full/independent_rms/resnet/seed_202/bandpass_n20001_cLL_V4_electrode_s20.npz,76454,f3e55fdf839be5c70939a908d144eb13ce718d12b4757c4109f5e1bf727770ba
resnet,independent_rms,202,bandpass_n20001_cLL_V4_electrode_s15,phase2/results/predictions/full/independent_rms/resnet/seed_202/bandpass_n20001_cLL_V4_electrode_s15.npz,76389,20fdc7f37a4b7cd50a92ea87404c82d15deae5ca895b926ade40fe282e08f45b
resnet,independent_rms,202,bandpass_n20001_cLL_V4_electrode_s10,phase2/results/predictions/full/independent_rms/resnet/seed_202/bandpass_n20001_cLL_V4_electrode_s10.npz,76327,4092e9508da46389342ba107c56c258da3ad19d8f7f14992a7bfdea45a1e0ea2
resnet,independent_rms,202,bandpass_n20001_cLL_V4_electrode_s5,phase2/results/predictions/full/independent_rms/resnet/seed_202/bandpass_n20001_cLL_V4_electrode_s5.npz,76128,60eee916df76b937ef89bc147bb161fc820c0f515c6fdad48a7bd72820ed04c7
resnet,independent_rms,202,bandpass_n20001_cLL_V4_electrode_s0,phase2/results/predictions/full/independent_rms/resnet/seed_202/bandpass_n20001_cLL_V4_electrode_s0.npz,75535,35f5cb4fd9e4360c8411281dd7066b674d4066f5f7f7815c1493769877cb883a
resnet,independent_rms,202,bandpass_n20001_cLL_V4_covariance_s20,phase2/results/predictions/full/independent_rms/resnet/seed_202/bandpass_n20001_cLL_V4_covariance_s20.npz,76471,9b10311b3f514a8dc1503772747563da885c8c2a2a94be54611c548a17fb86ac
resnet,independent_rms,202,bandpass_n20001_cLL_V4_covariance_s15,phase2/results/predictions/full/independent_rms/resnet/seed_202/bandpass_n20001_cLL_V4_covariance_s15.npz,76425,50478e959b238573a434dd259a0db69de24cc72c0b1e001465f8560486597a19
resnet,independent_rms,202,bandpass_n20001_cLL_V4_covariance_s10,phase2/results/predictions/full/independent_rms/resnet/seed_202/bandpass_n20001_cLL_V4_covariance_s10.npz,76353,21f0fcc582b805e83d2bd645c6f75f0df6efe274800c8edd997ccc15104d91a1
resnet,independent_rms,202,bandpass_n20001_cLL_V4_covariance_s5,phase2/results/predictions/full/independent_rms/resnet/seed_202/bandpass_n20001_cLL_V4_covariance_s5.npz,76121,293692d947f4ab45d79bdd8b73b7ece9c4b4465f5e7605dd1f0894eafe0b85f1
resnet,independent_rms,202,bandpass_n20001_cLL_V4_covariance_s0,phase2/results/predictions/full/independent_rms/resnet/seed_202/bandpass_n20001_cLL_V4_covariance_s0.npz,75534,9aed59481fcbf3809a6956dd6f65ae16073da0bc1620c659db451faddee5d0ba
resnet,independent_rms,202,bandpass_n20001_cRA_LA_V1_V6_independent_rms_s20,phase2/results/predictions/full/independent_rms/resnet/seed_202/bandpass_n20001_cRA_LA_V1_V6_independent_rms_s20.npz,76497,5e059d45d4034d04f18e7dca6be1e17706cdfea1a21c154ce7ec49381e42abaf
resnet,independent_rms,202,bandpass_n20001_cRA_LA_V1_V6_independent_rms_s15,phase2/results/predictions/full/independent_rms/resnet/seed_202/bandpass_n20001_cRA_LA_V1_V6_independent_rms_s15.npz,76469,d78e3de2e121cc9c59975210610ae8825014532458935e238f4d6a2714c101de
resnet,independent_rms,202,bandpass_n20001_cRA_LA_V1_V6_independent_rms_s10,phase2/results/predictions/full/independent_rms/resnet/seed_202/bandpass_n20001_cRA_LA_V1_V6_independent_rms_s10.npz,76368,cb43dbfc20f3bd46fa81bfcb6e589333ca7d2e335044f0ae8a620df33ebaf2d5
resnet,independent_rms,202,bandpass_n20001_cRA_LA_V1_V6_independent_rms_s5,phase2/results/predictions/full/independent_rms/resnet/seed_202/bandpass_n20001_cRA_LA_V1_V6_independent_rms_s5.npz,76267,58d75dc71c4adbf5bb255c7759d721018e0a63cd3db45bf82a63daffb50d868d
resnet,independent_rms,202,bandpass_n20001_cRA_LA_V1_V6_independent_rms_s0,phase2/results/predictions/full/independent_rms/resnet/seed_202/bandpass_n20001_cRA_LA_V1_V6_independent_rms_s0.npz,75792,5174b5030ce3af868709362a8b06f84cf3f432556a0265c08a8ecbf85ec9662f
resnet,independent_rms,202,bandpass_n20001_cRA_LA_V1_V6_electrode_s20,phase2/results/predictions/full/independent_rms/resnet/seed_202/bandpass_n20001_cRA_LA_V1_V6_electrode_s20.npz,76490,2d277f3996e1d4e4f4b5cf81d0b2cc58e463cc6b333ab84150bc17149115f3fe
resnet,independent_rms,202,bandpass_n20001_cRA_LA_V1_V6_electrode_s15,phase2/results/predictions/full/independent_rms/resnet/seed_202/bandpass_n20001_cRA_LA_V1_V6_electrode_s15.npz,76457,8818ed51759d8afc7b0f7ff83b99082e25fac63646c0b0fe8d129d4de9db403d
resnet,independent_rms,202,bandpass_n20001_cRA_LA_V1_V6_electrode_s10,phase2/results/predictions/full/independent_rms/resnet/seed_202/bandpass_n20001_cRA_LA_V1_V6_electrode_s10.npz,76356,00cf45d270f4f29a8624eeaf925f207b20559292c4cfd18482eed98a4f97eedc
resnet,independent_rms,202,bandpass_n20001_cRA_LA_V1_V6_electrode_s5,phase2/results/predictions/full/independent_rms/resnet/seed_202/bandpass_n20001_cRA_LA_V1_V6_electrode_s5.npz,76101,38c0f8ee4e663cdee4436ceabe3e33d6ace543bd6634ac298ba754827327eb47
resnet,independent_rms,202,bandpass_n20001_cRA_LA_V1_V6_electrode_s0,phase2/results/predictions/full/independent_rms/resnet/seed_202/bandpass_n20001_cRA_LA_V1_V6_electrode_s0.npz,75578,34b3427a8a5755310872fc94a1d67bc83a2e35fa6068e7353b6d18b8accc2075
resnet,independent_rms,202,bandpass_n20001_cRA_LA_V1_V6_covariance_s20,phase2/results/predictions/full/independent_rms/resnet/seed_202/bandpass_n20001_cRA_LA_V1_V6_covariance_s20.npz,76478,7d90ad8183c575b3d9dbb203fbd472ed20fca3b6e5ddf7b16d80baa5109a99b6
resnet,independent_rms,202,bandpass_n20001_cRA_LA_V1_V6_covariance_s15,phase2/results/predictions/full/independent_rms/resnet/seed_202/bandpass_n20001_cRA_LA_V1_V6_covariance_s15.npz,76406,6c24136fe7928872acfd2474e9139dd9bb57fb5ca0fa24103164e5c63412b860
resnet,independent_rms,202,bandpass_n20001_cRA_LA_V1_V6_covariance_s10,phase2/results/predictions/full/independent_rms/resnet/seed_202/bandpass_n20001_cRA_LA_V1_V6_covariance_s10.npz,76347,98d192ca6106a65c9dced1aa7c1560ebeba11063ca78bd7d5be6d43cc65b2674
resnet,independent_rms,202,bandpass_n20001_cRA_LA_V1_V6_covariance_s5,phase2/results/predictions/full/independent_rms/resnet/seed_202/bandpass_n20001_cRA_LA_V1_V6_covariance_s5.npz,76149,80e0fc4075447c4548518d5f23ffb033e78672d87d2f2f05be2e10065bf95a62
resnet,independent_rms,202,bandpass_n20001_cRA_LA_V1_V6_covariance_s0,phase2/results/predictions/full/independent_rms/resnet/seed_202/bandpass_n20001_cRA_LA_V1_V6_covariance_s0.npz,75599,ba1d303c8ef5cf2a7800f408d3b85c4e2560f541b2625326f7c6c6d27806eb91
resnet,independent_rms,202,bandpass_n20001_cRA_V2_V5_independent_rms_s20,phase2/results/predictions/full/independent_rms/resnet/seed_202/bandpass_n20001_cRA_V2_V5_independent_rms_s20.npz,76468,2248a01f5dcd7d2b8ef82e9f5deeaad8f0a19f0fc87d5b6d14b0e64f40fd1f95
resnet,independent_rms,202,bandpass_n20001_cRA_V2_V5_independent_rms_s15,phase2/results/predictions/full/independent_rms/resnet/seed_202/bandpass_n20001_cRA_V2_V5_independent_rms_s15.npz,76484,7fb0e0793ccaab4249a13762c31873e49c47165b8b8b31389c1023a7f8ac8603
resnet,independent_rms,202,bandpass_n20001_cRA_V2_V5_independent_rms_s10,phase2/results/predictions/full/independent_rms/resnet/seed_202/bandpass_n20001_cRA_V2_V5_independent_rms_s10.npz,76405,f3d806e4cf89459dbaebc58897158c719b89e9fd0556c87bf82ccbd5c1ce68fd
resnet,independent_rms,202,bandpass_n20001_cRA_V2_V5_independent_rms_s5,phase2/results/predictions/full/independent_rms/resnet/seed_202/bandpass_n20001_cRA_V2_V5_independent_rms_s5.npz,76259,dea1fbd67a4d13edb5fa62a21dcf87c1e4bda9aa68125324f1ff5f9b9fbae375
resnet,independent_rms,202,bandpass_n20001_cRA_V2_V5_independent_rms_s0,phase2/results/predictions/full/independent_rms/resnet/seed_202/bandpass_n20001_cRA_V2_V5_independent_rms_s0.npz,75879,814d2a9979d98228368ab1877ed4704604c9f6e32cfaf72650a099ba17dbd9e3
resnet,independent_rms,202,bandpass_n20001_cRA_V2_V5_electrode_s20,phase2/results/predictions/full/independent_rms/resnet/seed_202/bandpass_n20001_cRA_V2_V5_electrode_s20.npz,76449,5bab9f4b92fff8dee82c8cb7d5cf1a4dcf8b9ce7d3bf258d38a1b410a856649b
resnet,independent_rms,202,bandpass_n20001_cRA_V2_V5_electrode_s15,phase2/results/predictions/full/independent_rms/resnet/seed_202/bandpass_n20001_cRA_V2_V5_electrode_s15.npz,76403,fdc235bae0700e4954b0339dad6f5e901761b6d2938ec2a59fee5d6fa67be4ce
resnet,independent_rms,202,bandpass_n20001_cRA_V2_V5_electrode_s10,phase2/results/predictions/full/independent_rms/resnet/seed_202/bandpass_n20001_cRA_V2_V5_electrode_s10.npz,76324,487bf17cd0a30fdab6af4a3f1b926655b1cff20dacdc283a655a3a739e200bae
resnet,independent_rms,202,bandpass_n20001_cRA_V2_V5_electrode_s5,phase2/results/predictions/full/independent_rms/resnet/seed_202/bandpass_n20001_cRA_V2_V5_electrode_s5.npz,76133,be2d1e5ccbeac0d199afcee910ff75f1b5f6ee6d632223be8877c699cc5f4b8e
resnet,independent_rms,202,bandpass_n20001_cRA_V2_V5_electrode_s0,phase2/results/predictions/full/independent_rms/resnet/seed_202/bandpass_n20001_cRA_V2_V5_electrode_s0.npz,75757,26a7daecdcceb4d75ad2664cf8217e64a1dcd6f7e51fac59790c8a3f27cc618c
resnet,independent_rms,202,bandpass_n20001_cRA_V2_V5_covariance_s20,phase2/results/predictions/full/independent_rms/resnet/seed_202/bandpass_n20001_cRA_V2_V5_covariance_s20.npz,76433,07e8df8cb42999dd14a492ac234b644be8e59b16b9994eb3c1738dffb870dfb2
resnet,independent_rms,202,bandpass_n20001_cRA_V2_V5_covariance_s15,phase2/results/predictions/full/independent_rms/resnet/seed_202/bandpass_n20001_cRA_V2_V5_covariance_s15.npz,76423,3ab0156ffa366977b1b573951ed40a02ef23e57f2b720684d9e8a304d39773cd
resnet,independent_rms,202,bandpass_n20001_cRA_V2_V5_covariance_s10,phase2/results/predictions/full/independent_rms/resnet/seed_202/bandpass_n20001_cRA_V2_V5_covariance_s10.npz,76319,c4d190d04706dbd7f19daceefdcebe6a80a87b04be6cae4264b42a6f8131f659
resnet,independent_rms,202,bandpass_n20001_cRA_V2_V5_covariance_s5,phase2/results/predictions/full/independent_rms/resnet/seed_202/bandpass_n20001_cRA_V2_V5_covariance_s5.npz,76115,46a7656a73100970eeec49064ec8bdd8bab24b927b19f3793913173c8a6fd468
resnet,independent_rms,202,bandpass_n20001_cRA_V2_V5_covariance_s0,phase2/results/predictions/full/independent_rms/resnet/seed_202/bandpass_n20001_cRA_V2_V5_covariance_s0.npz,75754,e91984d6b35d6d4b761ee63abc865c405b3f1b0053c615fc0caf060c7a448137
resnet,independent_rms,202,bandpass_n20001_cLA_V3_V6_independent_rms_s20,phase2/results/predictions/full/independent_rms/resnet/seed_202/bandpass_n20001_cLA_V3_V6_independent_rms_s20.npz,76474,d9c92e2abb176d4655da57ec807f1af0fb563249e7141b5beff5116671d2c367
resnet,independent_rms,202,bandpass_n20001_cLA_V3_V6_independent_rms_s15,phase2/results/predictions/full/independent_rms/resnet/seed_202/bandpass_n20001_cLA_V3_V6_independent_rms_s15.npz,76465,5d0396cda35ac63701d8807835a3bbea98b5e6b39516f2bf47cd0d0fca038a56
resnet,independent_rms,202,bandpass_n20001_cLA_V3_V6_independent_rms_s10,phase2/results/predictions/full/independent_rms/resnet/seed_202/bandpass_n20001_cLA_V3_V6_independent_rms_s10.npz,76435,49973bfd639470b3dcd047eb4999a1992efec546591e21c137efff390504906b
resnet,independent_rms,202,bandpass_n20001_cLA_V3_V6_independent_rms_s5,phase2/results/predictions/full/independent_rms/resnet/seed_202/bandpass_n20001_cLA_V3_V6_independent_rms_s5.npz,76270,fe423c16e078e98a220610cad79f0d026a69f9ff9cb3e74775a16a38c1b0eaa1
resnet,independent_rms,202,bandpass_n20001_cLA_V3_V6_independent_rms_s0,phase2/results/predictions/full/independent_rms/resnet/seed_202/bandpass_n20001_cLA_V3_V6_independent_rms_s0.npz,75850,6220d83f34ac60b250e2c8fee9d7eec6b9019209c71405c1e60a3e030f239c60
resnet,independent_rms,202,bandpass_n20001_cLA_V3_V6_electrode_s20,phase2/results/predictions/full/independent_rms/resnet/seed_202/bandpass_n20001_cLA_V3_V6_electrode_s20.npz,76487,1b5e6a9226a4b362c939432d2a7abcac2ff00893cd4807c5c043d36e048b292b
resnet,independent_rms,202,bandpass_n20001_cLA_V3_V6_electrode_s15,phase2/results/predictions/full/independent_rms/resnet/seed_202/bandpass_n20001_cLA_V3_V6_electrode_s15.npz,76421,d30ea69fb87005b8286ce7954a547a554cfad762803cca8586c5d479b6f3673b
resnet,independent_rms,202,bandpass_n20001_cLA_V3_V6_electrode_s10,phase2/results/predictions/full/independent_rms/resnet/seed_202/bandpass_n20001_cLA_V3_V6_electrode_s10.npz,76358,70778abff3759478104faf6a3b189b2e8881cd264611b5834b05c284e9ca6ec9
resnet,independent_rms,202,bandpass_n20001_cLA_V3_V6_electrode_s5,phase2/results/predictions/full/independent_rms/resnet/seed_202/bandpass_n20001_cLA_V3_V6_electrode_s5.npz,76160,acdf2031bde8664fe6cef15cbeef35a95812204426ae7f291433ae469e81944c
resnet,independent_rms,202,bandpass_n20001_cLA_V3_V6_electrode_s0,phase2/results/predictions/full/independent_rms/resnet/seed_202/bandpass_n20001_cLA_V3_V6_electrode_s0.npz,75597,c18028cd25cb4b3c952e181554d15ff668142e2c2a9bdad4354af3b018d1c4c7
resnet,independent_rms,202,bandpass_n20001_cLA_V3_V6_covariance_s20,phase2/results/predictions/full/independent_rms/resnet/seed_202/bandpass_n20001_cLA_V3_V6_covariance_s20.npz,76474,769be02de72e3b42bd016c9dc3a21b3606ef956baf932684c7b9819ac7ff140d
resnet,independent_rms,202,bandpass_n20001_cLA_V3_V6_covariance_s15,phase2/results/predictions/full/independent_rms/resnet/seed_202/bandpass_n20001_cLA_V3_V6_covariance_s15.npz,76434,f4757bd55283f1302c2325fd4e7790d0a277ccf993354c67aa171e029762759d
resnet,independent_rms,202,bandpass_n20001_cLA_V3_V6_covariance_s10,phase2/results/predictions/full/independent_rms/resnet/seed_202/bandpass_n20001_cLA_V3_V6_covariance_s10.npz,76407,87f65dc5f117133c4155fca753dc369c38598514ff5d0affa2e0d2a667e61814
resnet,independent_rms,202,bandpass_n20001_cLA_V3_V6_covariance_s5,phase2/results/predictions/full/independent_rms/resnet/seed_202/bandpass_n20001_cLA_V3_V6_covariance_s5.npz,76181,a6fb5903ac39c7f09e0ba516d70a6c042489e37a423ae02c24567e00cb806919
resnet,independent_rms,202,bandpass_n20001_cLA_V3_V6_covariance_s0,phase2/results/predictions/full/independent_rms/resnet/seed_202/bandpass_n20001_cLA_V3_V6_covariance_s0.npz,75589,db9bdc49729c1175c9c9b6d94046ef607ef5440e52754d9e946212d4d09a1971
resnet,independent_rms,202,bandpass_n20001_cLL_V1_V4_independent_rms_s20,phase2/results/predictions/full/independent_rms/resnet/seed_202/bandpass_n20001_cLL_V1_V4_independent_rms_s20.npz,76466,97426d32f5606da0e0ca0fc689a650a4c2c82dcce8b8c2aec8fbf1bdb282b60e
resnet,independent_rms,202,bandpass_n20001_cLL_V1_V4_independent_rms_s15,phase2/results/predictions/full/independent_rms/resnet/seed_202/bandpass_n20001_cLL_V1_V4_independent_rms_s15.npz,76465,3a3fdbee86c551a90b35b7f8229cf392abf7f75a4e867715728787ac27168abe
resnet,independent_rms,202,bandpass_n20001_cLL_V1_V4_independent_rms_s10,phase2/results/predictions/full/independent_rms/resnet/seed_202/bandpass_n20001_cLL_V1_V4_independent_rms_s10.npz,76362,942372ed7006f685fda879ab8ec565401d4982ee6706bf9d89ac6a468cc8994e
resnet,independent_rms,202,bandpass_n20001_cLL_V1_V4_independent_rms_s5,phase2/results/predictions/full/independent_rms/resnet/seed_202/bandpass_n20001_cLL_V1_V4_independent_rms_s5.npz,76260,5a47e65bd3e2bc33d2ad88b5b740c9f1ffe0e27414a12ef64f623bc13a95f4fc
resnet,independent_rms,202,bandpass_n20001_cLL_V1_V4_independent_rms_s0,phase2/results/predictions/full/independent_rms/resnet/seed_202/bandpass_n20001_cLL_V1_V4_independent_rms_s0.npz,75828,1d8af0ce85902e0fb0a2bc070c0d4d39ea54afd786c38afd0fcfd2bbf1706043
resnet,independent_rms,202,bandpass_n20001_cLL_V1_V4_electrode_s20,phase2/results/predictions/full/independent_rms/resnet/seed_202/bandpass_n20001_cLL_V1_V4_electrode_s20.npz,76440,4baaa000b352212f89f56d1dd2cd1253c31eb8af2644f93f44ad9f39e5564a09
resnet,independent_rms,202,bandpass_n20001_cLL_V1_V4_electrode_s15,phase2/results/predictions/full/independent_rms/resnet/seed_202/bandpass_n20001_cLL_V1_V4_electrode_s15.npz,76433,e3d231dfc47f393b2955b5f063aace9ffd23cc0f455b5c4582fc9badb7c1d779
resnet,independent_rms,202,bandpass_n20001_cLL_V1_V4_electrode_s10,phase2/results/predictions/full/independent_rms/resnet/seed_202/bandpass_n20001_cLL_V1_V4_electrode_s10.npz,76364,bd15b4b3db15d981b86bcd72fb3d73349f86b9124dc2807437122451901ac4ea
resnet,independent_rms,202,bandpass_n20001_cLL_V1_V4_electrode_s5,phase2/results/predictions/full/independent_rms/resnet/seed_202/bandpass_n20001_cLL_V1_V4_electrode_s5.npz,76133,a00a29405b33c02a8183e89b65aaa90a9185338c44be2deb934ce29942116f68
resnet,independent_rms,202,bandpass_n20001_cLL_V1_V4_electrode_s0,phase2/results/predictions/full/independent_rms/resnet/seed_202/bandpass_n20001_cLL_V1_V4_electrode_s0.npz,75549,e782f2c059dba61267ac2856d9005c3d6a65aac59cd2c8335b0b98f490c6f100
resnet,independent_rms,202,bandpass_n20001_cLL_V1_V4_covariance_s20,phase2/results/predictions/full/independent_rms/resnet/seed_202/bandpass_n20001_cLL_V1_V4_covariance_s20.npz,76453,14f09fbd554889656dc85b11ca01ea39752a9626fe4c1b4d6ac6bbc69180ae62
resnet,independent_rms,202,bandpass_n20001_cLL_V1_V4_covariance_s15,phase2/results/predictions/full/independent_rms/resnet/seed_202/bandpass_n20001_cLL_V1_V4_covariance_s15.npz,76416,5fa133039f807435ba157c320113f8a49b0237cd4ff3b7fc28a267f5efe58021
resnet,independent_rms,202,bandpass_n20001_cLL_V1_V4_covariance_s10,phase2/results/predictions/full/independent_rms/resnet/seed_202/bandpass_n20001_cLL_V1_V4_covariance_s10.npz,76376,9ebdc5e19a0c0fa010545539f9ea3b9f968be1be178f70549b277eb2777dd530
resnet,independent_rms,202,bandpass_n20001_cLL_V1_V4_covariance_s5,phase2/results/predictions/full/independent_rms/resnet/seed_202/bandpass_n20001_cLL_V1_V4_covariance_s5.npz,76147,c479324ce280a256193867eeede357bc6fbb515b529f4750045a8d453c64558b
resnet,independent_rms,202,bandpass_n20001_cLL_V1_V4_covariance_s0,phase2/results/predictions/full/independent_rms/resnet/seed_202/bandpass_n20001_cLL_V1_V4_covariance_s0.npz,75536,08edd24f6b6b2205eae7fd60febe6ed43be74fe9c55e86da3badd825a012aaac
resnet,independent_rms,202,bandpass_n20001_call_independent_rms_s20,phase2/results/predictions/full/independent_rms/resnet/seed_202/bandpass_n20001_call_independent_rms_s20.npz,76463,a26b23f6e23476887b58b1f938777a05a813007f9e1183a3e33190670502f684
resnet,independent_rms,202,bandpass_n20001_call_independent_rms_s15,phase2/results/predictions/full/independent_rms/resnet/seed_202/bandpass_n20001_call_independent_rms_s15.npz,76416,c1aae83a1482537863b54f3b317d0d91a1147fcd69b498f1da8570b4f2533026
resnet,independent_rms,202,bandpass_n20001_call_independent_rms_s10,phase2/results/predictions/full/independent_rms/resnet/seed_202/bandpass_n20001_call_independent_rms_s10.npz,76368,9991c13946b47ac01c8731b8d1e51144bcdac20c090da78a644633b9c29fc18e
resnet,independent_rms,202,bandpass_n20001_call_independent_rms_s5,phase2/results/predictions/full/independent_rms/resnet/seed_202/bandpass_n20001_call_independent_rms_s5.npz,76256,75435515f533949e748cdfe68872d208c89210d8ba2f2f6e651bf6011a1178fd
resnet,independent_rms,202,bandpass_n20001_call_independent_rms_s0,phase2/results/predictions/full/independent_rms/resnet/seed_202/bandpass_n20001_call_independent_rms_s0.npz,75826,be9f47978a911c96d77a5d098bf838a082d1b85c9a491bd50975121597f85aa8
resnet,independent_rms,202,bandpass_n20001_call_electrode_s20,phase2/results/predictions/full/independent_rms/resnet/seed_202/bandpass_n20001_call_electrode_s20.npz,76427,0b51592ad96a6c69113a91a1fde5e62fa95a9256baee2c35476c3f22755c6bbd
resnet,independent_rms,202,bandpass_n20001_call_electrode_s15,phase2/results/predictions/full/independent_rms/resnet/seed_202/bandpass_n20001_call_electrode_s15.npz,76374,e4055da89eff8609f9e04f2aafa82592ba0e91123f939dbafd06d2d1d281b3d9
resnet,independent_rms,202,bandpass_n20001_call_electrode_s10,phase2/results/predictions/full/independent_rms/resnet/seed_202/bandpass_n20001_call_electrode_s10.npz,76314,eb999fdc324b5809a70df984cb9ebc4d2211660ae6ba3793f39a3d96ad1cade8
resnet,independent_rms,202,bandpass_n20001_call_electrode_s5,phase2/results/predictions/full/independent_rms/resnet/seed_202/bandpass_n20001_call_electrode_s5.npz,76151,1073338432c3070b3f0f754d618d703da8e21c400de522c90e85c32fe4b47000
resnet,independent_rms,202,bandpass_n20001_call_electrode_s0,phase2/results/predictions/full/independent_rms/resnet/seed_202/bandpass_n20001_call_electrode_s0.npz,75563,92f09aa5f1716c6945ed64f3a06b149019891dc74feb1b5bc8b78054dfc4802d
resnet,independent_rms,202,bandpass_n20001_call_covariance_s20,phase2/results/predictions/full/independent_rms/resnet/seed_202/bandpass_n20001_call_covariance_s20.npz,76448,f4a81f646cfd3d239b142be79ae066cffeef31bb74c366c9e01c115cdd923b20
resnet,independent_rms,202,bandpass_n20001_call_covariance_s15,phase2/results/predictions/full/independent_rms/resnet/seed_202/bandpass_n20001_call_covariance_s15.npz,76421,7b9a68a41c2bede6023c0cdcb3c5ed032fbdbec251bcf8d81232aa7025ef5dcc
resnet,independent_rms,202,bandpass_n20001_call_covariance_s10,phase2/results/predictions/full/independent_rms/resnet/seed_202/bandpass_n20001_call_covariance_s10.npz,76329,d0151eb982e54637dd6aedd3ba13a01af3eacf152b7ebf5ceb6c6f4c3b020bb1
resnet,independent_rms,202,bandpass_n20001_call_covariance_s5,phase2/results/predictions/full/independent_rms/resnet/seed_202/bandpass_n20001_call_covariance_s5.npz,76137,06a0c296c8bd74b707db86f2856e63cd917a16086ade728de52b519040d2c8f9
resnet,independent_rms,202,bandpass_n20001_call_covariance_s0,phase2/results/predictions/full/independent_rms/resnet/seed_202/bandpass_n20001_call_covariance_s0.npz,75602,773803599613993a0efc26e3965ac18d8ad2e4f6dcff61999872c1e2e18ca374
resnet,independent_rms,202,bandpass_n20002_cRA_LA_LL_independent_rms_s20,phase2/results/predictions/full/independent_rms/resnet/seed_202/bandpass_n20002_cRA_LA_LL_independent_rms_s20.npz,76463,7ff5133fbd3e6d5fe0c8c85da6fb2d4738b9b3972d8182bb20d63bddf81bdfbf
resnet,independent_rms,202,bandpass_n20002_cRA_LA_LL_independent_rms_s15,phase2/results/predictions/full/independent_rms/resnet/seed_202/bandpass_n20002_cRA_LA_LL_independent_rms_s15.npz,76454,e81fa7ef01c2d4ac9e6dae01015b5bf5b79946132fb68d482b45d78c4c3e66cb
resnet,independent_rms,202,bandpass_n20002_cRA_LA_LL_independent_rms_s10,phase2/results/predictions/full/independent_rms/resnet/seed_202/bandpass_n20002_cRA_LA_LL_independent_rms_s10.npz,76399,66fe132ea30b70c7ab2f7ce192645b52e2d77f36276f065b4c873f57d237918b
resnet,independent_rms,202,bandpass_n20002_cRA_LA_LL_independent_rms_s5,phase2/results/predictions/full/independent_rms/resnet/seed_202/bandpass_n20002_cRA_LA_LL_independent_rms_s5.npz,76270,30da70515e513fb72cd7c1b58f2bf90c7a86d1bed0281417ce367c42137d96fb
resnet,independent_rms,202,bandpass_n20002_cRA_LA_LL_independent_rms_s0,phase2/results/predictions/full/independent_rms/resnet/seed_202/bandpass_n20002_cRA_LA_LL_independent_rms_s0.npz,75795,28cc62b7260956484175f4b7415896658d161988938dc3a70169467814b72e67
resnet,independent_rms,202,bandpass_n20002_cRA_LA_LL_electrode_s20,phase2/results/predictions/full/independent_rms/resnet/seed_202/bandpass_n20002_cRA_LA_LL_electrode_s20.npz,76452,855ad4ccba7a5e706a2857260d496a2664b73ea42dc96e4713ddee087854731a
resnet,independent_rms,202,bandpass_n20002_cRA_LA_LL_electrode_s15,phase2/results/predictions/full/independent_rms/resnet/seed_202/bandpass_n20002_cRA_LA_LL_electrode_s15.npz,76403,a0abe1cfaa41b2a5f59dd0ecb64d3bfa233ed7bbd689d20347f0a0deb6e51396
resnet,independent_rms,202,bandpass_n20002_cRA_LA_LL_electrode_s10,phase2/results/predictions/full/independent_rms/resnet/seed_202/bandpass_n20002_cRA_LA_LL_electrode_s10.npz,76335,268c3cd03cc39acdec79434a5d8b74a726677393c2d1c5b9a013f7db420747ea
resnet,independent_rms,202,bandpass_n20002_cRA_LA_LL_electrode_s5,phase2/results/predictions/full/independent_rms/resnet/seed_202/bandpass_n20002_cRA_LA_LL_electrode_s5.npz,76086,5a4b30f6424f198d71d5a3e7926f6099f063e430c17988479ea8500dfa4d4180
resnet,independent_rms,202,bandpass_n20002_cRA_LA_LL_electrode_s0,phase2/results/predictions/full/independent_rms/resnet/seed_202/bandpass_n20002_cRA_LA_LL_electrode_s0.npz,75507,010ca5e163b7e72c5643ba913fbb6c75019acea60a2ebc06730abab6c9fe8976
resnet,independent_rms,202,bandpass_n20002_cRA_LA_LL_covariance_s20,phase2/results/predictions/full/independent_rms/resnet/seed_202/bandpass_n20002_cRA_LA_LL_covariance_s20.npz,76459,81a526766f38507c2b16003a0ced608d813d47df84a4aaa922b87273f54e9ce2
resnet,independent_rms,202,bandpass_n20002_cRA_LA_LL_covariance_s15,phase2/results/predictions/full/independent_rms/resnet/seed_202/bandpass_n20002_cRA_LA_LL_covariance_s15.npz,76402,915520c700f1356cfacca3d99f68d40735be329b931e2b75a43306fe7bb43a62
resnet,independent_rms,202,bandpass_n20002_cRA_LA_LL_covariance_s10,phase2/results/predictions/full/independent_rms/resnet/seed_202/bandpass_n20002_cRA_LA_LL_covariance_s10.npz,76339,1dd15c880823c42fadbd5160e18b08847d29e14a85820983d3da29b286ba3c0a
resnet,independent_rms,202,bandpass_n20002_cRA_LA_LL_covariance_s5,phase2/results/predictions/full/independent_rms/resnet/seed_202/bandpass_n20002_cRA_LA_LL_covariance_s5.npz,76085,84fac52ca64ec30d4fac85234e9481768575600e7fb327bec8e3c6e928e2878e
resnet,independent_rms,202,bandpass_n20002_cRA_LA_LL_covariance_s0,phase2/results/predictions/full/independent_rms/resnet/seed_202/bandpass_n20002_cRA_LA_LL_covariance_s0.npz,75516,c2113d632fcff1014b9c00c70cf24a82571637980f50a10f26a93914baf81790
resnet,independent_rms,202,bandpass_n20002_cV1_independent_rms_s20,phase2/results/predictions/full/independent_rms/resnet/seed_202/bandpass_n20002_cV1_independent_rms_s20.npz,76432,1e299251e6a3a078f602f3255985f99323743192e694dae5a88d16c591a257f8
resnet,independent_rms,202,bandpass_n20002_cV1_independent_rms_s15,phase2/results/predictions/full/independent_rms/resnet/seed_202/bandpass_n20002_cV1_independent_rms_s15.npz,76445,5e6aa6cbbb9b8da66dc77b26c3db5671660fa3a310d99d9285317ced17878ded
resnet,independent_rms,202,bandpass_n20002_cV1_independent_rms_s10,phase2/results/predictions/full/independent_rms/resnet/seed_202/bandpass_n20002_cV1_independent_rms_s10.npz,76382,436614af88963b3b144d4e1f155c7c7bc771dd816482389c57591c876676888e
resnet,independent_rms,202,bandpass_n20002_cV1_independent_rms_s5,phase2/results/predictions/full/independent_rms/resnet/seed_202/bandpass_n20002_cV1_independent_rms_s5.npz,76191,7b7f354e82ec64a113e737721b11667f51c3e87c47f4db1e40c2a87060724d37
resnet,independent_rms,202,bandpass_n20002_cV1_independent_rms_s0,phase2/results/predictions/full/independent_rms/resnet/seed_202/bandpass_n20002_cV1_independent_rms_s0.npz,75540,88544c039787eab89e6e94e01044c557b57ec3d19547a809c594d942ea7149d3
resnet,independent_rms,202,bandpass_n20002_cV1_electrode_s20,phase2/results/predictions/full/independent_rms/resnet/seed_202/bandpass_n20002_cV1_electrode_s20.npz,76429,aa82477e5185d2c4617257334807fe07d069ada6525a4089562b6d75709f6f2d
resnet,independent_rms,202,bandpass_n20002_cV1_electrode_s15,phase2/results/predictions/full/independent_rms/resnet/seed_202/bandpass_n20002_cV1_electrode_s15.npz,76392,e02aafbb85c49a9baf9f89df443bbcb8fedab41249b1a7f313e365fd775d98db
resnet,independent_rms,202,bandpass_n20002_cV1_electrode_s10,phase2/results/predictions/full/independent_rms/resnet/seed_202/bandpass_n20002_cV1_electrode_s10.npz,76392,149c763a7503ba35f54c7c826bc1f77d98e149bb9be52479377d1ffbd87fb727
resnet,independent_rms,202,bandpass_n20002_cV1_electrode_s5,phase2/results/predictions/full/independent_rms/resnet/seed_202/bandpass_n20002_cV1_electrode_s5.npz,76176,46e42e4e9c78e589a4562e7659d69b956dbacf15c24df460b29fb746574e0c3d
resnet,independent_rms,202,bandpass_n20002_cV1_electrode_s0,phase2/results/predictions/full/independent_rms/resnet/seed_202/bandpass_n20002_cV1_electrode_s0.npz,75527,2d0c01f797a04d928a492e0968d724bffc9a1e6a1a044d944a53d7f9ef5f740d
resnet,independent_rms,202,bandpass_n20002_cV1_covariance_s20,phase2/results/predictions/full/independent_rms/resnet/seed_202/bandpass_n20002_cV1_covariance_s20.npz,76450,929a33d1c255b7c38b60cc65f56b9a3be93c11cb5842b3f58d7c27a8afe60052
resnet,independent_rms,202,bandpass_n20002_cV1_covariance_s15,phase2/results/predictions/full/independent_rms/resnet/seed_202/bandpass_n20002_cV1_covariance_s15.npz,76452,0f0d18c6f295d2403605938a80da610878edefc81f3dd931c149f522fb270631
resnet,independent_rms,202,bandpass_n20002_cV1_covariance_s10,phase2/results/predictions/full/independent_rms/resnet/seed_202/bandpass_n20002_cV1_covariance_s10.npz,76385,41f7f6877ad86c1396fd81d39431d44dae2a1bebe9a182f4c34cf775db60ede2
resnet,independent_rms,202,bandpass_n20002_cV1_covariance_s5,phase2/results/predictions/full/independent_rms/resnet/seed_202/bandpass_n20002_cV1_covariance_s5.npz,76188,09887b98a3fa5fbcf8d82b0cc30bf78ea46657d4ba47bdced3400b3d30068a10
resnet,independent_rms,202,bandpass_n20002_cV1_covariance_s0,phase2/results/predictions/full/independent_rms/resnet/seed_202/bandpass_n20002_cV1_covariance_s0.npz,75531,e12e104fe8d13e683a1e1160a5bd731fd637e60862d0c771d2c96816d7880638
resnet,independent_rms,202,bandpass_n20002_cV2_independent_rms_s20,phase2/results/predictions/full/independent_rms/resnet/seed_202/bandpass_n20002_cV2_independent_rms_s20.npz,76454,f90eeb36b6935a10e9b23836f353c74f8fe0fa2999e5785dbc22820f280a2775
resnet,independent_rms,202,bandpass_n20002_cV2_independent_rms_s15,phase2/results/predictions/full/independent_rms/resnet/seed_202/bandpass_n20002_cV2_independent_rms_s15.npz,76481,883411e5d3eef446faf0f65e0618781531d3d31d60a6327f440dd4c5a0f68208
resnet,independent_rms,202,bandpass_n20002_cV2_independent_rms_s10,phase2/results/predictions/full/independent_rms/resnet/seed_202/bandpass_n20002_cV2_independent_rms_s10.npz,76429,ec37a92b30907e46b9e202db87fb58df785943127281120715291b3f314540f9
resnet,independent_rms,202,bandpass_n20002_cV2_independent_rms_s5,phase2/results/predictions/full/independent_rms/resnet/seed_202/bandpass_n20002_cV2_independent_rms_s5.npz,76295,90ef1108fc45221e4bf0e806e961d3cdd85f94bdeee372393c1ca94dd6f3f101
resnet,independent_rms,202,bandpass_n20002_cV2_independent_rms_s0,phase2/results/predictions/full/independent_rms/resnet/seed_202/bandpass_n20002_cV2_independent_rms_s0.npz,75961,a6f44f52cff347a3b6b3ad5e7e056ae4dcbb081d707fc8294d22eb86317c7f07
resnet,independent_rms,202,bandpass_n20002_cV2_electrode_s20,phase2/results/predictions/full/independent_rms/resnet/seed_202/bandpass_n20002_cV2_electrode_s20.npz,76440,9e847d44846143dd794f7089cdebc843f8d61fe8258ae40d26402c35e075139a
resnet,independent_rms,202,bandpass_n20002_cV2_electrode_s15,phase2/results/predictions/full/independent_rms/resnet/seed_202/bandpass_n20002_cV2_electrode_s15.npz,76467,a91d41ba07b7d1a4df0a3d7a0721a25d4a9efec9ddda4c1d439ebb6744bf105d
resnet,independent_rms,202,bandpass_n20002_cV2_electrode_s10,phase2/results/predictions/full/independent_rms/resnet/seed_202/bandpass_n20002_cV2_electrode_s10.npz,76404,6cfba07eec328cf464e529092d051cff1455119615e98a3d66c1783b8679ff72
resnet,independent_rms,202,bandpass_n20002_cV2_electrode_s5,phase2/results/predictions/full/independent_rms/resnet/seed_202/bandpass_n20002_cV2_electrode_s5.npz,76269,f1e8a424c527e3952a8a18fe9d1be8a107354913484ca9012982f539ab765daf
resnet,independent_rms,202,bandpass_n20002_cV2_electrode_s0,phase2/results/predictions/full/independent_rms/resnet/seed_202/bandpass_n20002_cV2_electrode_s0.npz,75895,6e4178e6020919229b074ac62f73725f224b0c320ac6b1271643f8ebaf5271ab
resnet,independent_rms,202,bandpass_n20002_cV2_covariance_s20,phase2/results/predictions/full/independent_rms/resnet/seed_202/bandpass_n20002_cV2_covariance_s20.npz,76452,94d59555e7706a8e8f2d54f6cca21e594cad9f9fa82805d097a7a18814b70e1e
resnet,independent_rms,202,bandpass_n20002_cV2_covariance_s15,phase2/results/predictions/full/independent_rms/resnet/seed_202/bandpass_n20002_cV2_covariance_s15.npz,76469,e62314d2bd7b689586d18640121a17b6aa69568ff8b8c56d2a28651c0c26ffdb
resnet,independent_rms,202,bandpass_n20002_cV2_covariance_s10,phase2/results/predictions/full/independent_rms/resnet/seed_202/bandpass_n20002_cV2_covariance_s10.npz,76432,f876c436f54738fb774ca6a7b801ae868ab38e717c16e2170d70d7097cfdc4df
resnet,independent_rms,202,bandpass_n20002_cV2_covariance_s5,phase2/results/predictions/full/independent_rms/resnet/seed_202/bandpass_n20002_cV2_covariance_s5.npz,76305,2af09e907cde2a6d7cb5ef831f433ece183b4717b5190b4967c92169774bdfe6
resnet,independent_rms,202,bandpass_n20002_cV2_covariance_s0,phase2/results/predictions/full/independent_rms/resnet/seed_202/bandpass_n20002_cV2_covariance_s0.npz,75930,4382723bd50afd8967e4c3cee7478534795eaf213920be587baba5f1950e0802
resnet,independent_rms,202,bandpass_n20002_cV3_independent_rms_s20,phase2/results/predictions/full/independent_rms/resnet/seed_202/bandpass_n20002_cV3_independent_rms_s20.npz,76459,f9e51d3144c27c3b6f12a3acfa552092469c714ec0f3df4df83294e65469a02f
resnet,independent_rms,202,bandpass_n20002_cV3_independent_rms_s15,phase2/results/predictions/full/independent_rms/resnet/seed_202/bandpass_n20002_cV3_independent_rms_s15.npz,76493,26cd9fa0e541ac9dfd90cae251ae1c0aaf4f218d40a30c864ebede36130c20c9
resnet,independent_rms,202,bandpass_n20002_cV3_independent_rms_s10,phase2/results/predictions/full/independent_rms/resnet/seed_202/bandpass_n20002_cV3_independent_rms_s10.npz,76454,55cb3edaef145239b067c23637333e68b9ec9d1cb852bebe144033c045994b2f
resnet,independent_rms,202,bandpass_n20002_cV3_independent_rms_s5,phase2/results/predictions/full/independent_rms/resnet/seed_202/bandpass_n20002_cV3_independent_rms_s5.npz,76376,e42f398dfb1925b97912d18cd5a9734d73897d07655339707b6b8915ba842f8c
resnet,independent_rms,202,bandpass_n20002_cV3_independent_rms_s0,phase2/results/predictions/full/independent_rms/resnet/seed_202/bandpass_n20002_cV3_independent_rms_s0.npz,76101,9110bef9c7d6ff2eb1ed83679bb6db976bfd48900091994287b4837d3282741c
resnet,independent_rms,202,bandpass_n20002_cV3_electrode_s20,phase2/results/predictions/full/independent_rms/resnet/seed_202/bandpass_n20002_cV3_electrode_s20.npz,76461,540f6f1f0604dcfff3ff4cdaf5a820bc46091682c62bc2510ee9732b3bd31681
resnet,independent_rms,202,bandpass_n20002_cV3_electrode_s15,phase2/results/predictions/full/independent_rms/resnet/seed_202/bandpass_n20002_cV3_electrode_s15.npz,76444,71fd17ac13731b05c6269a300d26451ae7a54485ef1795ff37478124d99ea46b
resnet,independent_rms,202,bandpass_n20002_cV3_electrode_s10,phase2/results/predictions/full/independent_rms/resnet/seed_202/bandpass_n20002_cV3_electrode_s10.npz,76445,09b9d1958cc2092adf36085430ab3eba02bb1218b5858531ba87131035c16fca
resnet,independent_rms,202,bandpass_n20002_cV3_electrode_s5,phase2/results/predictions/full/independent_rms/resnet/seed_202/bandpass_n20002_cV3_electrode_s5.npz,76386,4494d5736f939cc83a975a70e82eb6b224bb7cd9c8f49488b82d846a7bae3308
resnet,independent_rms,202,bandpass_n20002_cV3_electrode_s0,phase2/results/predictions/full/independent_rms/resnet/seed_202/bandpass_n20002_cV3_electrode_s0.npz,76088,eaf76fde9193ae642cc688f7748a55396e35502b731858bab6490c2f873e2d1c
resnet,independent_rms,202,bandpass_n20002_cV3_covariance_s20,phase2/results/predictions/full/independent_rms/resnet/seed_202/bandpass_n20002_cV3_covariance_s20.npz,76437,0f2c25b28a2f6f547c83c33ead8c793eae9eb37a8be134b5c7560fae2f7c15bf
resnet,independent_rms,202,bandpass_n20002_cV3_covariance_s15,phase2/results/predictions/full/independent_rms/resnet/seed_202/bandpass_n20002_cV3_covariance_s15.npz,76472,7cf0527bf4de81a586fcde531c08d68901fcea4d5e9b3d91f770115889076f67
resnet,independent_rms,202,bandpass_n20002_cV3_covariance_s10,phase2/results/predictions/full/independent_rms/resnet/seed_202/bandpass_n20002_cV3_covariance_s10.npz,76433,2c10151ef15733049b88f4186dfd68b42ec091c040edef9de95e6c3a1824cb59
resnet,independent_rms,202,bandpass_n20002_cV3_covariance_s5,phase2/results/predictions/full/independent_rms/resnet/seed_202/bandpass_n20002_cV3_covariance_s5.npz,76370,675c6a9dacfa7328cba397c8a9c8e2b195b09b1938c7ad0d9fca9d2ae2feef43
resnet,independent_rms,202,bandpass_n20002_cV3_covariance_s0,phase2/results/predictions/full/independent_rms/resnet/seed_202/bandpass_n20002_cV3_covariance_s0.npz,76099,2a568488ba5a5056b96feb4b79f1fdc8fb1b3047362bcaaebaf1971e2f2c124c
resnet,independent_rms,202,bandpass_n20002_cV4_independent_rms_s20,phase2/results/predictions/full/independent_rms/resnet/seed_202/bandpass_n20002_cV4_independent_rms_s20.npz,76451,c250ced8cd4d1706ea56088a076d3466652ec01ff1d39d8bfa00cf8c0612cff7
resnet,independent_rms,202,bandpass_n20002_cV4_independent_rms_s15,phase2/results/predictions/full/independent_rms/resnet/seed_202/bandpass_n20002_cV4_independent_rms_s15.npz,76443,de85f34c06ecab5d357d2687c9e1f0311d31b518e77ef180141431ac83ac855e
resnet,independent_rms,202,bandpass_n20002_cV4_independent_rms_s10,phase2/results/predictions/full/independent_rms/resnet/seed_202/bandpass_n20002_cV4_independent_rms_s10.npz,76424,feae3b53d59bfd330dd74235a12b4c613a06460462f72bb8937c4b70b5a48c42
resnet,independent_rms,202,bandpass_n20002_cV4_independent_rms_s5,phase2/results/predictions/full/independent_rms/resnet/seed_202/bandpass_n20002_cV4_independent_rms_s5.npz,76306,4abc9a9e7be6d4b8eed62a6e3fc58e6fc46f72f4bb2003f039ae8f295afd938e
resnet,independent_rms,202,bandpass_n20002_cV4_independent_rms_s0,phase2/results/predictions/full/independent_rms/resnet/seed_202/bandpass_n20002_cV4_independent_rms_s0.npz,75912,562d3335da4aae08c04c1c433dd7cc9ec574d048fa501fd479fc13659e8b056f
resnet,independent_rms,202,bandpass_n20002_cV4_electrode_s20,phase2/results/predictions/full/independent_rms/resnet/seed_202/bandpass_n20002_cV4_electrode_s20.npz,76466,927b4319af18f248abb556a79f1ed4bdf1920495a47860f7bfdb23d0bceacf7e
resnet,independent_rms,202,bandpass_n20002_cV4_electrode_s15,phase2/results/predictions/full/independent_rms/resnet/seed_202/bandpass_n20002_cV4_electrode_s15.npz,76457,efbd0624861cab5c5203c1f833ae3f7824d5d21199041885ba46489498b6fb80
resnet,independent_rms,202,bandpass_n20002_cV4_electrode_s10,phase2/results/predictions/full/independent_rms/resnet/seed_202/bandpass_n20002_cV4_electrode_s10.npz,76431,cf8769ccf39640a637cf864dcb3b93b113e2cd1a4c3138d2c11dee32f6b1d513
resnet,independent_rms,202,bandpass_n20002_cV4_electrode_s5,phase2/results/predictions/full/independent_rms/resnet/seed_202/bandpass_n20002_cV4_electrode_s5.npz,76279,e88ee043fcea7ef7926c85ef926ae36d266d8830a974996406cbf26b623e7cbc
resnet,independent_rms,202,bandpass_n20002_cV4_electrode_s0,phase2/results/predictions/full/independent_rms/resnet/seed_202/bandpass_n20002_cV4_electrode_s0.npz,75920,44b68a2a2143b8cd29ec1116fb5034bc37529ea45d6cfacab2e5c21ac0d01d3d
resnet,independent_rms,202,bandpass_n20002_cV4_covariance_s20,phase2/results/predictions/full/independent_rms/resnet/seed_202/bandpass_n20002_cV4_covariance_s20.npz,76447,64b7ae984d8ebbd9e08ab7e95a2458a637e28b2b23bcdee4bba4cb4c8000bace
resnet,independent_rms,202,bandpass_n20002_cV4_covariance_s15,phase2/results/predictions/full/independent_rms/resnet/seed_202/bandpass_n20002_cV4_covariance_s15.npz,76461,98de6bc03f9732a33cd8b00be3f53a4a1e323f65de5d6642b7126f72317cff82
resnet,independent_rms,202,bandpass_n20002_cV4_covariance_s10,phase2/results/predictions/full/independent_rms/resnet/seed_202/bandpass_n20002_cV4_covariance_s10.npz,76439,bbbdc68044c8c02a1e9784da7e16a4d137f364a710a37462408c9ea1629741ac
resnet,independent_rms,202,bandpass_n20002_cV4_covariance_s5,phase2/results/predictions/full/independent_rms/resnet/seed_202/bandpass_n20002_cV4_covariance_s5.npz,76298,fa1259f4a3c21e58c835bcdda741511f0c9c4f60bcff8bf4ce85da8e7d2b50a2
resnet,independent_rms,202,bandpass_n20002_cV4_covariance_s0,phase2/results/predictions/full/independent_rms/resnet/seed_202/bandpass_n20002_cV4_covariance_s0.npz,75893,07cdbfc8cca540fa7079cf2ed3004aa980a66b147e07b11931ce94c976e47f1c
resnet,independent_rms,202,bandpass_n20002_cV5_independent_rms_s20,phase2/results/predictions/full/independent_rms/resnet/seed_202/bandpass_n20002_cV5_independent_rms_s20.npz,76440,d9db3bdd592aa90a79ae319e06a6699f3349fa3120918b164404c25aed349f80
resnet,independent_rms,202,bandpass_n20002_cV5_independent_rms_s15,phase2/results/predictions/full/independent_rms/resnet/seed_202/bandpass_n20002_cV5_independent_rms_s15.npz,76444,a92294f51531c9828063bd1aa6da5186c608c7049d92d7496a2ecf8aaea8f321
resnet,independent_rms,202,bandpass_n20002_cV5_independent_rms_s10,phase2/results/predictions/full/independent_rms/resnet/seed_202/bandpass_n20002_cV5_independent_rms_s10.npz,76383,07f94664790a03fc44bcac0c9dae8fbb021b8a8de4a85e37a40ff82fb61fd394
resnet,independent_rms,202,bandpass_n20002_cV5_independent_rms_s5,phase2/results/predictions/full/independent_rms/resnet/seed_202/bandpass_n20002_cV5_independent_rms_s5.npz,76237,cd1d5328b936e08510c280c5d31e8f5915e09b0f2efead0bbebeb450bf042f1f
resnet,independent_rms,202,bandpass_n20002_cV5_independent_rms_s0,phase2/results/predictions/full/independent_rms/resnet/seed_202/bandpass_n20002_cV5_independent_rms_s0.npz,75814,7f3a40c7eaafe9913b2b60bc9462b8d142850edd354f444350904c47844013d1
resnet,independent_rms,202,bandpass_n20002_cV5_electrode_s20,phase2/results/predictions/full/independent_rms/resnet/seed_202/bandpass_n20002_cV5_electrode_s20.npz,76422,400a5a23d6e59b883179545eb8211fa81973a764f1f4e51de9dcaf5005a51d25
resnet,independent_rms,202,bandpass_n20002_cV5_electrode_s15,phase2/results/predictions/full/independent_rms/resnet/seed_202/bandpass_n20002_cV5_electrode_s15.npz,76415,0e95be8ac801af3d685625cf403ac872e8a3dc82a4ec431b5ccb2b521320b1b9
resnet,independent_rms,202,bandpass_n20002_cV5_electrode_s10,phase2/results/predictions/full/independent_rms/resnet/seed_202/bandpass_n20002_cV5_electrode_s10.npz,76405,96ecff34f19f17af09c1df33fde5f38c687e4808aaca9286d0c458afbffbdb42
resnet,independent_rms,202,bandpass_n20002_cV5_electrode_s5,phase2/results/predictions/full/independent_rms/resnet/seed_202/bandpass_n20002_cV5_electrode_s5.npz,76219,c413c2c3df781c78516bc33a2d2de6b635b160f28c5a40d7865731a94664374d
resnet,independent_rms,202,bandpass_n20002_cV5_electrode_s0,phase2/results/predictions/full/independent_rms/resnet/seed_202/bandpass_n20002_cV5_electrode_s0.npz,75777,866a035537b9e9bf7c815c7b1a2bacb25b25fd0ad09e39268702d59859656c2c
resnet,independent_rms,202,bandpass_n20002_cV5_covariance_s20,phase2/results/predictions/full/independent_rms/resnet/seed_202/bandpass_n20002_cV5_covariance_s20.npz,76427,8b10673391c3b9f96a3e29d79a0baa921912f6aec1878462ea97ef9de82a9829
resnet,independent_rms,202,bandpass_n20002_cV5_covariance_s15,phase2/results/predictions/full/independent_rms/resnet/seed_202/bandpass_n20002_cV5_covariance_s15.npz,76394,35ca92581e7f97b64c6e2771748c8479ab4c45e246d4d7f6533b65f106bb3f6b
resnet,independent_rms,202,bandpass_n20002_cV5_covariance_s10,phase2/results/predictions/full/independent_rms/resnet/seed_202/bandpass_n20002_cV5_covariance_s10.npz,76367,bd31b4504593b6a11bd3f224be5d9a6945afe28bb704f9e815eb97fcffe2008b
resnet,independent_rms,202,bandpass_n20002_cV5_covariance_s5,phase2/results/predictions/full/independent_rms/resnet/seed_202/bandpass_n20002_cV5_covariance_s5.npz,76215,51cd60be29fa8849466e6195494b7f9caf4280d6f34d54d6c8e9c31e31c726bd
resnet,independent_rms,202,bandpass_n20002_cV5_covariance_s0,phase2/results/predictions/full/independent_rms/resnet/seed_202/bandpass_n20002_cV5_covariance_s0.npz,75813,2e0d441af0f2363853c303577a290a43b3af4fbe3064abfc06c67e7a7ed8326b
resnet,independent_rms,202,bandpass_n20002_cV6_independent_rms_s20,phase2/results/predictions/full/independent_rms/resnet/seed_202/bandpass_n20002_cV6_independent_rms_s20.npz,76462,c54299ed7888a17786ab40b880004cc3d6af7f20ca247035e11d87dc46c27792
resnet,independent_rms,202,bandpass_n20002_cV6_independent_rms_s15,phase2/results/predictions/full/independent_rms/resnet/seed_202/bandpass_n20002_cV6_independent_rms_s15.npz,76418,2f86c247d3f5e197cf1bb9b3ff0741505fb98906c8f067778667baa0c1661ddf
resnet,independent_rms,202,bandpass_n20002_cV6_independent_rms_s10,phase2/results/predictions/full/independent_rms/resnet/seed_202/bandpass_n20002_cV6_independent_rms_s10.npz,76378,75d51ca56a7896eb8f85c281bbb110b262ebbfaf89b0ffc125b6a862a8f4549e
resnet,independent_rms,202,bandpass_n20002_cV6_independent_rms_s5,phase2/results/predictions/full/independent_rms/resnet/seed_202/bandpass_n20002_cV6_independent_rms_s5.npz,76246,98ce87a2d340fcbba458eb080886e76aa4ce837a4737c60857879c498d8c3e5d
resnet,independent_rms,202,bandpass_n20002_cV6_independent_rms_s0,phase2/results/predictions/full/independent_rms/resnet/seed_202/bandpass_n20002_cV6_independent_rms_s0.npz,75820,d5c34bba030238e7dac27513702e135c1d95166c4ee9107eede91e038a8b9a59
resnet,independent_rms,202,bandpass_n20002_cV6_electrode_s20,phase2/results/predictions/full/independent_rms/resnet/seed_202/bandpass_n20002_cV6_electrode_s20.npz,76428,8f5c72375bf279d82ddc59dddb640ca6a4b532daa29f4c76fafd342b0b3ed1a7
resnet,independent_rms,202,bandpass_n20002_cV6_electrode_s15,phase2/results/predictions/full/independent_rms/resnet/seed_202/bandpass_n20002_cV6_electrode_s15.npz,76427,4bd0d89a16e8c755110ab20dbaa9fd0dd1641bcb2cc52857be61dd346742f39e
resnet,independent_rms,202,bandpass_n20002_cV6_electrode_s10,phase2/results/predictions/full/independent_rms/resnet/seed_202/bandpass_n20002_cV6_electrode_s10.npz,76401,3387b748e7d25586ee2ab832ba45ab9f6b0e90dab9a7585f95c5057b9654461a
resnet,independent_rms,202,bandpass_n20002_cV6_electrode_s5,phase2/results/predictions/full/independent_rms/resnet/seed_202/bandpass_n20002_cV6_electrode_s5.npz,76228,af3a1d2e8eb064cf480bd5ae22f2d41aeafa06ad0bc8fb8d992246ad14e9aa21
resnet,independent_rms,202,bandpass_n20002_cV6_electrode_s0,phase2/results/predictions/full/independent_rms/resnet/seed_202/bandpass_n20002_cV6_electrode_s0.npz,75737,914db772e36f7e6b7e52c918a4301b657bff945398425130440304a6d42fb1dc
resnet,independent_rms,202,bandpass_n20002_cV6_covariance_s20,phase2/results/predictions/full/independent_rms/resnet/seed_202/bandpass_n20002_cV6_covariance_s20.npz,76435,87c84168a5c64d2e1072e4d91d09aa5747a1e1d13fd005c6082703cca49f3418
resnet,independent_rms,202,bandpass_n20002_cV6_covariance_s15,phase2/results/predictions/full/independent_rms/resnet/seed_202/bandpass_n20002_cV6_covariance_s15.npz,76385,7a1e8a0dd0ba9b27e9494845a5cb016b260befc4e717eb66af14af1a062c6215
resnet,independent_rms,202,bandpass_n20002_cV6_covariance_s10,phase2/results/predictions/full/independent_rms/resnet/seed_202/bandpass_n20002_cV6_covariance_s10.npz,76388,af8c02e9b3da7215ca9f90493bc1480020c0c89f4fe679acbc82738f8e1224b4
resnet,independent_rms,202,bandpass_n20002_cV6_covariance_s5,phase2/results/predictions/full/independent_rms/resnet/seed_202/bandpass_n20002_cV6_covariance_s5.npz,76190,709810ace2223cbb6b59d4c650f9b4cb9c98cf27ba91aeb56a1987247e8aa25d
resnet,independent_rms,202,bandpass_n20002_cV6_covariance_s0,phase2/results/predictions/full/independent_rms/resnet/seed_202/bandpass_n20002_cV6_covariance_s0.npz,75750,b0c90da7b116d6d9e0436eee8b038f6fe3f78f355b127aa28ea93747e98e9a55
resnet,independent_rms,202,bandpass_n20002_cRA_LA_independent_rms_s20,phase2/results/predictions/full/independent_rms/resnet/seed_202/bandpass_n20002_cRA_LA_independent_rms_s20.npz,76472,3bca19d14c0ec3be63b0d594dffc371aca74ef9c17b18a4739fbb79210537760
resnet,independent_rms,202,bandpass_n20002_cRA_LA_independent_rms_s15,phase2/results/predictions/full/independent_rms/resnet/seed_202/bandpass_n20002_cRA_LA_independent_rms_s15.npz,76445,d7ce6c0430afa924848def8e1ffef4116fc343617dd52c396c155a4ff6f8de6a
resnet,independent_rms,202,bandpass_n20002_cRA_LA_independent_rms_s10,phase2/results/predictions/full/independent_rms/resnet/seed_202/bandpass_n20002_cRA_LA_independent_rms_s10.npz,76365,771152de4eaba9448d5c49959c000ad260cbd9da9161d02e5666429b536e2249
resnet,independent_rms,202,bandpass_n20002_cRA_LA_independent_rms_s5,phase2/results/predictions/full/independent_rms/resnet/seed_202/bandpass_n20002_cRA_LA_independent_rms_s5.npz,76244,b5758fc8d3a831ffccdbabf7c01edfe996286352d361f6d3996414975ef42d73
resnet,independent_rms,202,bandpass_n20002_cRA_LA_independent_rms_s0,phase2/results/predictions/full/independent_rms/resnet/seed_202/bandpass_n20002_cRA_LA_independent_rms_s0.npz,75765,680ab3248facbeaa300c7c793b65ca81beda178a8995d02c83b1c818bb0525da
resnet,independent_rms,202,bandpass_n20002_cRA_LA_electrode_s20,phase2/results/predictions/full/independent_rms/resnet/seed_202/bandpass_n20002_cRA_LA_electrode_s20.npz,76451,f082d89d38625a4777955d5c08bc343e426d4fb163c7bea8cacb0dc110b3e8ef
resnet,independent_rms,202,bandpass_n20002_cRA_LA_electrode_s15,phase2/results/predictions/full/independent_rms/resnet/seed_202/bandpass_n20002_cRA_LA_electrode_s15.npz,76406,26aac0c32679b7c93687a05c82918af78bb77352bfedde4a3fc74042a371d246
resnet,independent_rms,202,bandpass_n20002_cRA_LA_electrode_s10,phase2/results/predictions/full/independent_rms/resnet/seed_202/bandpass_n20002_cRA_LA_electrode_s10.npz,76346,1d41be191e4c8cf5f55b89a126f6b69aee01d35426415d160a2663845a640f67
resnet,independent_rms,202,bandpass_n20002_cRA_LA_electrode_s5,phase2/results/predictions/full/independent_rms/resnet/seed_202/bandpass_n20002_cRA_LA_electrode_s5.npz,76084,0ed28beea5753539d062c85e45794b34f5aa1b1a00e1c8b28e15ab2c16564ff9
resnet,independent_rms,202,bandpass_n20002_cRA_LA_electrode_s0,phase2/results/predictions/full/independent_rms/resnet/seed_202/bandpass_n20002_cRA_LA_electrode_s0.npz,75590,7feffca1720871a49e9b91db46307bf6b5b15360f690f24aaea1cece84110257
resnet,independent_rms,202,bandpass_n20002_cRA_LA_covariance_s20,phase2/results/predictions/full/independent_rms/resnet/seed_202/bandpass_n20002_cRA_LA_covariance_s20.npz,76447,4ecb5d30642e83c5196cc84eac68d61315741a5e0fd33477b038b3f3dac7d566
resnet,independent_rms,202,bandpass_n20002_cRA_LA_covariance_s15,phase2/results/predictions/full/independent_rms/resnet/seed_202/bandpass_n20002_cRA_LA_covariance_s15.npz,76423,2c45458e09a5a1c701a9f7c507acb2d8dd8f7510229024bcc97dc6384eb8e531
resnet,independent_rms,202,bandpass_n20002_cRA_LA_covariance_s10,phase2/results/predictions/full/independent_rms/resnet/seed_202/bandpass_n20002_cRA_LA_covariance_s10.npz,76319,a39aaa7964bccdd0f6d3b237e48a966e28fd1395c69a805aca2274f4ed63a745
resnet,independent_rms,202,bandpass_n20002_cRA_LA_covariance_s5,phase2/results/predictions/full/independent_rms/resnet/seed_202/bandpass_n20002_cRA_LA_covariance_s5.npz,76072,d178c1bd23c70beea381ebb68111b69f9a01939293d8c3218d9edf4ce6b7b2fa
resnet,independent_rms,202,bandpass_n20002_cRA_LA_covariance_s0,phase2/results/predictions/full/independent_rms/resnet/seed_202/bandpass_n20002_cRA_LA_covariance_s0.npz,75585,9a5e67243aba0b4b244691c252f178ad20295e40e79ee320c6f0391380bc10e7
resnet,independent_rms,202,bandpass_n20002_cLA_LL_independent_rms_s20,phase2/results/predictions/full/independent_rms/resnet/seed_202/bandpass_n20002_cLA_LL_independent_rms_s20.npz,76487,bbb4454e467bc9cb2c90549b72a9ece287a07a7fb38acc6bffdf17eb35e5c99b
resnet,independent_rms,202,bandpass_n20002_cLA_LL_independent_rms_s15,phase2/results/predictions/full/independent_rms/resnet/seed_202/bandpass_n20002_cLA_LL_independent_rms_s15.npz,76467,492c09c105ff7c7c48bb0a6ec75d84db65d176b34bfe5ba21724b1d6de8ccab3
resnet,independent_rms,202,bandpass_n20002_cLA_LL_independent_rms_s10,phase2/results/predictions/full/independent_rms/resnet/seed_202/bandpass_n20002_cLA_LL_independent_rms_s10.npz,76430,a16f766a71ab496c174eaf90631e99493c70bfd62c868b2ec2276fe3143551d4
resnet,independent_rms,202,bandpass_n20002_cLA_LL_independent_rms_s5,phase2/results/predictions/full/independent_rms/resnet/seed_202/bandpass_n20002_cLA_LL_independent_rms_s5.npz,76255,1685d004e5fe00dbd75ccfc6e953154a054b9b90fe426f523f304fdaa9170de4
resnet,independent_rms,202,bandpass_n20002_cLA_LL_independent_rms_s0,phase2/results/predictions/full/independent_rms/resnet/seed_202/bandpass_n20002_cLA_LL_independent_rms_s0.npz,75781,403d21419f82a3fcff8f922a2da31cbbbb4c95e338b1c54a9fa970d894089741
resnet,independent_rms,202,bandpass_n20002_cLA_LL_electrode_s20,phase2/results/predictions/full/independent_rms/resnet/seed_202/bandpass_n20002_cLA_LL_electrode_s20.npz,76453,8f4f86a104d02cc39f6229c407968f8dc82be57aa0122f2fd49863486fb3623a
resnet,independent_rms,202,bandpass_n20002_cLA_LL_electrode_s15,phase2/results/predictions/full/independent_rms/resnet/seed_202/bandpass_n20002_cLA_LL_electrode_s15.npz,76406,e011f8b544c3c69c76cef83d3cd02d5aafd5ebab5b7688b0b13a76081fde810a
resnet,independent_rms,202,bandpass_n20002_cLA_LL_electrode_s10,phase2/results/predictions/full/independent_rms/resnet/seed_202/bandpass_n20002_cLA_LL_electrode_s10.npz,76346,9181c8807de48cdc540ce5425c16675f451fd355ff5fae53fd6f46a9a81c72e3
resnet,independent_rms,202,bandpass_n20002_cLA_LL_electrode_s5,phase2/results/predictions/full/independent_rms/resnet/seed_202/bandpass_n20002_cLA_LL_electrode_s5.npz,76083,a493b22dab4c2afe429fcee4496cb69f7edb7bf775c3e49b0f42f94c8e0fd396
resnet,independent_rms,202,bandpass_n20002_cLA_LL_electrode_s0,phase2/results/predictions/full/independent_rms/resnet/seed_202/bandpass_n20002_cLA_LL_electrode_s0.npz,75467,d7451bbaf30574c4c959d3154451f4422edc0bc64a8ed1518aaccddd78fce46b
resnet,independent_rms,202,bandpass_n20002_cLA_LL_covariance_s20,phase2/results/predictions/full/independent_rms/resnet/seed_202/bandpass_n20002_cLA_LL_covariance_s20.npz,76431,4bcc158246f8ce76f9cd9c2ad767a1d2e814354bae6369d4cd5584e7317611f5
resnet,independent_rms,202,bandpass_n20002_cLA_LL_covariance_s15,phase2/results/predictions/full/independent_rms/resnet/seed_202/bandpass_n20002_cLA_LL_covariance_s15.npz,76458,e40162b2bc11fcad19d7811979d2aa3eba30590e576983e981089260c4650e78
resnet,independent_rms,202,bandpass_n20002_cLA_LL_covariance_s10,phase2/results/predictions/full/independent_rms/resnet/seed_202/bandpass_n20002_cLA_LL_covariance_s10.npz,76309,377ea1c690aadae135a2802ed87eca9e1124e72a2e008324139d6222e108745a
resnet,independent_rms,202,bandpass_n20002_cLA_LL_covariance_s5,phase2/results/predictions/full/independent_rms/resnet/seed_202/bandpass_n20002_cLA_LL_covariance_s5.npz,76096,8370d8938b98394adf8a1292687f8e54dfbe15ee15c59c8d3a095fb6fc8a74c0
resnet,independent_rms,202,bandpass_n20002_cLA_LL_covariance_s0,phase2/results/predictions/full/independent_rms/resnet/seed_202/bandpass_n20002_cLA_LL_covariance_s0.npz,75470,d98662026b9e80d446bd2cf92c003e2bcfe80d148e4e0edc656885473c7774d4
resnet,independent_rms,202,bandpass_n20002_cRA_LL_independent_rms_s20,phase2/results/predictions/full/independent_rms/resnet/seed_202/bandpass_n20002_cRA_LL_independent_rms_s20.npz,76474,0ae1140d705a73980369fec13b5ab170d84028e0cbadaba0a6b4b31274a838c2
resnet,independent_rms,202,bandpass_n20002_cRA_LL_independent_rms_s15,phase2/results/predictions/full/independent_rms/resnet/seed_202/bandpass_n20002_cRA_LL_independent_rms_s15.npz,76442,df78b15e827316939837a4c5af113adb219dc4e703e7c9ed6c15deaf5df2b501
resnet,independent_rms,202,bandpass_n20002_cRA_LL_independent_rms_s10,phase2/results/predictions/full/independent_rms/resnet/seed_202/bandpass_n20002_cRA_LL_independent_rms_s10.npz,76390,716109355ec76dab59e524f8377908cfac844af795e931803b72e43a3aa0cb70
resnet,independent_rms,202,bandpass_n20002_cRA_LL_independent_rms_s5,phase2/results/predictions/full/independent_rms/resnet/seed_202/bandpass_n20002_cRA_LL_independent_rms_s5.npz,76220,58c968a9e72ab6247797d27412eee76a663c1c0700bc8bda2ea30de4de83ce15
resnet,independent_rms,202,bandpass_n20002_cRA_LL_independent_rms_s0,phase2/results/predictions/full/independent_rms/resnet/seed_202/bandpass_n20002_cRA_LL_independent_rms_s0.npz,75791,2b59f449f3033de68805c92d523ec6d61f7517d57408e22a4366d4495a79b756
resnet,independent_rms,202,bandpass_n20002_cRA_LL_electrode_s20,phase2/results/predictions/full/independent_rms/resnet/seed_202/bandpass_n20002_cRA_LL_electrode_s20.npz,76442,16081ddd5bb4e55b60b3ca06ab6ad82ee7832d5c1ba3d5e06fe91de4b4109ab3
resnet,independent_rms,202,bandpass_n20002_cRA_LL_electrode_s15,phase2/results/predictions/full/independent_rms/resnet/seed_202/bandpass_n20002_cRA_LL_electrode_s15.npz,76387,b64a9fadafd4471858cd8948fcef9d171d5e6b283391c89c60e650a43b716432
resnet,independent_rms,202,bandpass_n20002_cRA_LL_electrode_s10,phase2/results/predictions/full/independent_rms/resnet/seed_202/bandpass_n20002_cRA_LL_electrode_s10.npz,76314,aa1b46e729779fbd46231a91fd3fd9397c03396f69cb7846d44580b516e461fa
resnet,independent_rms,202,bandpass_n20002_cRA_LL_electrode_s5,phase2/results/predictions/full/independent_rms/resnet/seed_202/bandpass_n20002_cRA_LL_electrode_s5.npz,76047,5e543281f0a8515fb93fe661eb72bbd3a487a44e0cda5bd5bb7dd6a69b1c3421
resnet,independent_rms,202,bandpass_n20002_cRA_LL_electrode_s0,phase2/results/predictions/full/independent_rms/resnet/seed_202/bandpass_n20002_cRA_LL_electrode_s0.npz,75518,f29edbe8785fbd48783fd1fac4568d12886d2c2e45f309d1d65a966f838fa8f2
resnet,independent_rms,202,bandpass_n20002_cRA_LL_covariance_s20,phase2/results/predictions/full/independent_rms/resnet/seed_202/bandpass_n20002_cRA_LL_covariance_s20.npz,76431,42074f8f46e7d1710e52654f202d52feef7a3006aca691d9463fea1a1c9c3ee1
resnet,independent_rms,202,bandpass_n20002_cRA_LL_covariance_s15,phase2/results/predictions/full/independent_rms/resnet/seed_202/bandpass_n20002_cRA_LL_covariance_s15.npz,76419,f29a46527e6563b920a9a58fe948d805df58463ede78f469aba7a95a9775069d
resnet,independent_rms,202,bandpass_n20002_cRA_LL_covariance_s10,phase2/results/predictions/full/independent_rms/resnet/seed_202/bandpass_n20002_cRA_LL_covariance_s10.npz,76298,63794a29e30193009060d2751e8adcbabb1214b04c49c6c67c53e8f222ec4fbc
resnet,independent_rms,202,bandpass_n20002_cRA_LL_covariance_s5,phase2/results/predictions/full/independent_rms/resnet/seed_202/bandpass_n20002_cRA_LL_covariance_s5.npz,76081,e5cb5a75c3dfb7689f3831af3a1e7a78e278b13db67d7275c67e20742ed6dc2d
resnet,independent_rms,202,bandpass_n20002_cRA_LL_covariance_s0,phase2/results/predictions/full/independent_rms/resnet/seed_202/bandpass_n20002_cRA_LL_covariance_s0.npz,75540,e5b89258a8a8005136f8026c80a8691a3e10d452ffdc8a07815103aa7f2842f1
resnet,independent_rms,202,bandpass_n20002_cRA_independent_rms_s20,phase2/results/predictions/full/independent_rms/resnet/seed_202/bandpass_n20002_cRA_independent_rms_s20.npz,76481,4d9b54f51a1b10d078b63c8610bd83a2c8ac928076ec21cc9ce4ee2c87402ecf
resnet,independent_rms,202,bandpass_n20002_cRA_independent_rms_s15,phase2/results/predictions/full/independent_rms/resnet/seed_202/bandpass_n20002_cRA_independent_rms_s15.npz,76427,96461e0384d9f712404de7b75f6750524b18af465c4441e3cc9d22a88ea8dac9
resnet,independent_rms,202,bandpass_n20002_cRA_independent_rms_s10,phase2/results/predictions/full/independent_rms/resnet/seed_202/bandpass_n20002_cRA_independent_rms_s10.npz,76368,2211e547aed1b648dba009c82629ec0837612ce81145e079347b51cc3784f7e6
resnet,independent_rms,202,bandpass_n20002_cRA_independent_rms_s5,phase2/results/predictions/full/independent_rms/resnet/seed_202/bandpass_n20002_cRA_independent_rms_s5.npz,76235,0984dda4f3728fa9ad63d7bc026300317ac006114570b3cde60a5c44d899fbe3
resnet,independent_rms,202,bandpass_n20002_cRA_independent_rms_s0,phase2/results/predictions/full/independent_rms/resnet/seed_202/bandpass_n20002_cRA_independent_rms_s0.npz,75764,84b73d7cf8f8d173fecd922730ef0276dd3d1cfda7bdd08a3488e6b22af694d1
resnet,independent_rms,202,bandpass_n20002_cRA_electrode_s20,phase2/results/predictions/full/independent_rms/resnet/seed_202/bandpass_n20002_cRA_electrode_s20.npz,76448,8635ae2cfe1d7484e09c6deff1b8e5df63e1d0c210a5a887be63fcb58d119fa6
resnet,independent_rms,202,bandpass_n20002_cRA_electrode_s15,phase2/results/predictions/full/independent_rms/resnet/seed_202/bandpass_n20002_cRA_electrode_s15.npz,76379,8a891a7201f48334aaa33fc9f5c2f6a5971a635911315e8d3bcebb1453a056d6
resnet,independent_rms,202,bandpass_n20002_cRA_electrode_s10,phase2/results/predictions/full/independent_rms/resnet/seed_202/bandpass_n20002_cRA_electrode_s10.npz,76278,f4f8f701564f11ea2307d7f1627eda251fa4dd8f2913e9b78a70bc634ca1ca4e
resnet,independent_rms,202,bandpass_n20002_cRA_electrode_s5,phase2/results/predictions/full/independent_rms/resnet/seed_202/bandpass_n20002_cRA_electrode_s5.npz,76053,6c6918e10eb98e400a017baa3b8be4d0540de56b638f956390c0723c0da4934e
resnet,independent_rms,202,bandpass_n20002_cRA_electrode_s0,phase2/results/predictions/full/independent_rms/resnet/seed_202/bandpass_n20002_cRA_electrode_s0.npz,75680,de36f483361f2db06c3072ac292f6ea678782dcc2849d366f5ba0c5dc11aa081
resnet,independent_rms,202,bandpass_n20002_cRA_covariance_s20,phase2/results/predictions/full/independent_rms/resnet/seed_202/bandpass_n20002_cRA_covariance_s20.npz,76444,6e6069ee1f71bdc13625d81cbe7b0c4bb669a0ad8f3d7423298b124027067d71
resnet,independent_rms,202,bandpass_n20002_cRA_covariance_s15,phase2/results/predictions/full/independent_rms/resnet/seed_202/bandpass_n20002_cRA_covariance_s15.npz,76380,533406d90a559285cc29cffdd9ec45d3f06e764fcc7742b425ac15289dc3225c
resnet,independent_rms,202,bandpass_n20002_cRA_covariance_s10,phase2/results/predictions/full/independent_rms/resnet/seed_202/bandpass_n20002_cRA_covariance_s10.npz,76298,93970aa1749c4b8c3239456529f1f45055d31b885619c9a108c422f43bb36df4
resnet,independent_rms,202,bandpass_n20002_cRA_covariance_s5,phase2/results/predictions/full/independent_rms/resnet/seed_202/bandpass_n20002_cRA_covariance_s5.npz,76047,25cb561c3403f9c46908b3a9ab0c31da763937d479c939cae56381ef391e60a9
resnet,independent_rms,202,bandpass_n20002_cRA_covariance_s0,phase2/results/predictions/full/independent_rms/resnet/seed_202/bandpass_n20002_cRA_covariance_s0.npz,75683,a31d0b041c53f11f94d77e63d0f4fcb52bbc4a5dd947218ce9b39d5da511166c
resnet,independent_rms,202,bandpass_n20002_cLA_independent_rms_s20,phase2/results/predictions/full/independent_rms/resnet/seed_202/bandpass_n20002_cLA_independent_rms_s20.npz,76465,a9cfa93ae43fe69fd72ef177b15177e640c42618860b6480bf29265b795355c0
resnet,independent_rms,202,bandpass_n20002_cLA_independent_rms_s15,phase2/results/predictions/full/independent_rms/resnet/seed_202/bandpass_n20002_cLA_independent_rms_s15.npz,76448,6c5b2c9f3884a99efd9dd7ae4e723ef511f288e64e3cadb0428b201491983b15
resnet,independent_rms,202,bandpass_n20002_cLA_independent_rms_s10,phase2/results/predictions/full/independent_rms/resnet/seed_202/bandpass_n20002_cLA_independent_rms_s10.npz,76407,a44377d89677bf0ab00b6d6e8368ecc4af8613a29d1086fecda448f674615b28
resnet,independent_rms,202,bandpass_n20002_cLA_independent_rms_s5,phase2/results/predictions/full/independent_rms/resnet/seed_202/bandpass_n20002_cLA_independent_rms_s5.npz,76226,6d2950f9661af409a4e43d5fbc7431ced9a303a4b190094e3a40b1fad428438d
resnet,independent_rms,202,bandpass_n20002_cLA_independent_rms_s0,phase2/results/predictions/full/independent_rms/resnet/seed_202/bandpass_n20002_cLA_independent_rms_s0.npz,75761,96a62dbf3894370e0b198aa8e8526b6f1e68cacae85023413d55449061bce30f
resnet,independent_rms,202,bandpass_n20002_cLA_electrode_s20,phase2/results/predictions/full/independent_rms/resnet/seed_202/bandpass_n20002_cLA_electrode_s20.npz,76449,3728c5e28a09d7f727dbe919a5e501d75fdc4071a3239c8e7d03d29c043b291e
resnet,independent_rms,202,bandpass_n20002_cLA_electrode_s15,phase2/results/predictions/full/independent_rms/resnet/seed_202/bandpass_n20002_cLA_electrode_s15.npz,76429,4755f9a518f016f7bb644a4606a8b6eb67056fe47a4db1488620a127b2cd7e8c
resnet,independent_rms,202,bandpass_n20002_cLA_electrode_s10,phase2/results/predictions/full/independent_rms/resnet/seed_202/bandpass_n20002_cLA_electrode_s10.npz,76333,4affe69a10bc99a5da4cd4b23698d0f2ea48f3cd7714adbafe9c40e59fd65140
resnet,independent_rms,202,bandpass_n20002_cLA_electrode_s5,phase2/results/predictions/full/independent_rms/resnet/seed_202/bandpass_n20002_cLA_electrode_s5.npz,76072,e49775eebb16805e9fc316a7ff893e45bcf2bd954df24c2721c51384fa8b6b4c
resnet,independent_rms,202,bandpass_n20002_cLA_electrode_s0,phase2/results/predictions/full/independent_rms/resnet/seed_202/bandpass_n20002_cLA_electrode_s0.npz,75479,4445d096dae8061ac791fa3a8c88d42bbb33c051b1d966359fe484913a5ab31a
resnet,independent_rms,202,bandpass_n20002_cLA_covariance_s20,phase2/results/predictions/full/independent_rms/resnet/seed_202/bandpass_n20002_cLA_covariance_s20.npz,76459,3eff7a1f30c6d5fb8c7042130e405d2f1730fd394cd964b0e3682c4404e90ba1
resnet,independent_rms,202,bandpass_n20002_cLA_covariance_s15,phase2/results/predictions/full/independent_rms/resnet/seed_202/bandpass_n20002_cLA_covariance_s15.npz,76435,e8ef26b98540a6b56e2d32c538b653d4fb9fad32c1964f0e8198044fc4ce22e0
resnet,independent_rms,202,bandpass_n20002_cLA_covariance_s10,phase2/results/predictions/full/independent_rms/resnet/seed_202/bandpass_n20002_cLA_covariance_s10.npz,76349,9e2247208cdb49947f01b2bdba3a4facd6ba8695725d930c23b9b97120825edd
resnet,independent_rms,202,bandpass_n20002_cLA_covariance_s5,phase2/results/predictions/full/independent_rms/resnet/seed_202/bandpass_n20002_cLA_covariance_s5.npz,76079,0fc74241476660a455ca835e31fbeccb37faa4c7a671a9f86554cdcf90aa21e9
resnet,independent_rms,202,bandpass_n20002_cLA_covariance_s0,phase2/results/predictions/full/independent_rms/resnet/seed_202/bandpass_n20002_cLA_covariance_s0.npz,75464,0872c9838413af8bf49f02532ba281b8db7a10142e6fb765a8480a731bdc0f20
resnet,independent_rms,202,bandpass_n20002_cLL_independent_rms_s20,phase2/results/predictions/full/independent_rms/resnet/seed_202/bandpass_n20002_cLL_independent_rms_s20.npz,76475,4b335be6b3217ba5b0e7432bf4388459bb504afe173d9d2fe0369898de7bf52d
resnet,independent_rms,202,bandpass_n20002_cLL_independent_rms_s15,phase2/results/predictions/full/independent_rms/resnet/seed_202/bandpass_n20002_cLL_independent_rms_s15.npz,76435,6db62d253b5a53b58ec6b5147a1f5348ac114ecdfc52a8b664af675e213d2f77
resnet,independent_rms,202,bandpass_n20002_cLL_independent_rms_s10,phase2/results/predictions/full/independent_rms/resnet/seed_202/bandpass_n20002_cLL_independent_rms_s10.npz,76356,c54170ca81a71310cb3ce76b40ffffaeac8317cbbd9d941880ebf72ba4b6f372
resnet,independent_rms,202,bandpass_n20002_cLL_independent_rms_s5,phase2/results/predictions/full/independent_rms/resnet/seed_202/bandpass_n20002_cLL_independent_rms_s5.npz,76244,cb2a9a9f4d05236d6f160239be8b791e3ee0f47fdd1986881fb545c521d101a8
resnet,independent_rms,202,bandpass_n20002_cLL_independent_rms_s0,phase2/results/predictions/full/independent_rms/resnet/seed_202/bandpass_n20002_cLL_independent_rms_s0.npz,75804,8706ebe2054b9ff5793b56fdb632ee9af2b47a1b61c771ed0ee793a12505c47c
resnet,independent_rms,202,bandpass_n20002_cLL_electrode_s20,phase2/results/predictions/full/independent_rms/resnet/seed_202/bandpass_n20002_cLL_electrode_s20.npz,76444,f3f66394328bdfed4d398d8f531aff5761669fc3595e653cc214b71961165904
resnet,independent_rms,202,bandpass_n20002_cLL_electrode_s15,phase2/results/predictions/full/independent_rms/resnet/seed_202/bandpass_n20002_cLL_electrode_s15.npz,76388,331d1e0bef4a2a022123154ec4f4b9712bf0d9d8a78252ec03caf570065999f1
resnet,independent_rms,202,bandpass_n20002_cLL_electrode_s10,phase2/results/predictions/full/independent_rms/resnet/seed_202/bandpass_n20002_cLL_electrode_s10.npz,76318,38577fe1524836f3849945182d7782c71a067d0ffb8c2c8ef7af9b201413c6e0
resnet,independent_rms,202,bandpass_n20002_cLL_electrode_s5,phase2/results/predictions/full/independent_rms/resnet/seed_202/bandpass_n20002_cLL_electrode_s5.npz,76074,65d78e90c47ff23698de491cb6bda06da6648b4c3c471c5cd84ef2570a5773fd
resnet,independent_rms,202,bandpass_n20002_cLL_electrode_s0,phase2/results/predictions/full/independent_rms/resnet/seed_202/bandpass_n20002_cLL_electrode_s0.npz,75496,634e0592ba4a212470b34e18dff458f14dc8a3d3709ed7c981f9b868ece47035
resnet,independent_rms,202,bandpass_n20002_cLL_covariance_s20,phase2/results/predictions/full/independent_rms/resnet/seed_202/bandpass_n20002_cLL_covariance_s20.npz,76448,3d8717b27f32300c4978c799c6227be49b89593a43578c6b2dbc2af08a2e436f
resnet,independent_rms,202,bandpass_n20002_cLL_covariance_s15,phase2/results/predictions/full/independent_rms/resnet/seed_202/bandpass_n20002_cLL_covariance_s15.npz,76428,8c8bacdb6bb5011650327322aaecea58a0b1b269a092acf2d72ea561f356a612
resnet,independent_rms,202,bandpass_n20002_cLL_covariance_s10,phase2/results/predictions/full/independent_rms/resnet/seed_202/bandpass_n20002_cLL_covariance_s10.npz,76326,fdc089c1f0bdbd48f78733f127dbed73a3ce84280f6c33c34a4d7c82baa694d2
resnet,independent_rms,202,bandpass_n20002_cLL_covariance_s5,phase2/results/predictions/full/independent_rms/resnet/seed_202/bandpass_n20002_cLL_covariance_s5.npz,76066,bb251d53b25927b9ae5df50c3a4a6597031bc3a6fa863dbdb27be5b47b5afa20
resnet,independent_rms,202,bandpass_n20002_cLL_covariance_s0,phase2/results/predictions/full/independent_rms/resnet/seed_202/bandpass_n20002_cLL_covariance_s0.npz,75496,d6dd587bcbdf0bd68be050e772ca3e033ddd7340bae06dc495766b7b59b0ed3a
resnet,independent_rms,202,bandpass_n20002_cRA_V1_independent_rms_s20,phase2/results/predictions/full/independent_rms/resnet/seed_202/bandpass_n20002_cRA_V1_independent_rms_s20.npz,76462,e3b913089e579c7495f08d2bc89bd8dfdad1a9632ae5d1733b1b4fb166c95735
resnet,independent_rms,202,bandpass_n20002_cRA_V1_independent_rms_s15,phase2/results/predictions/full/independent_rms/resnet/seed_202/bandpass_n20002_cRA_V1_independent_rms_s15.npz,76441,7c2807be48b4252f8ccb468f89e7a48b48b6dba71fd7635339adc2f5b564878d
resnet,independent_rms,202,bandpass_n20002_cRA_V1_independent_rms_s10,phase2/results/predictions/full/independent_rms/resnet/seed_202/bandpass_n20002_cRA_V1_independent_rms_s10.npz,76400,0ded397a0f86c7d5257ddbdd00a7ddf0d7ad288069df4afd85821db89fac1fa4
resnet,independent_rms,202,bandpass_n20002_cRA_V1_independent_rms_s5,phase2/results/predictions/full/independent_rms/resnet/seed_202/bandpass_n20002_cRA_V1_independent_rms_s5.npz,76262,ace161ac9b4fe0b977c0a7e0c565c2b95630d63bfafe6b6aabdd92e62b2463a1
resnet,independent_rms,202,bandpass_n20002_cRA_V1_independent_rms_s0,phase2/results/predictions/full/independent_rms/resnet/seed_202/bandpass_n20002_cRA_V1_independent_rms_s0.npz,75753,ddac7066dc288cce811a0c2ba95f61eb23da55062c5d14dc6e634fdaae863a6a
resnet,independent_rms,202,bandpass_n20002_cRA_V1_electrode_s20,phase2/results/predictions/full/independent_rms/resnet/seed_202/bandpass_n20002_cRA_V1_electrode_s20.npz,76434,1a484b65fb87d4395163fa5dfaaa59d832f8349c559ec5eda9f2653f350b559a
resnet,independent_rms,202,bandpass_n20002_cRA_V1_electrode_s15,phase2/results/predictions/full/independent_rms/resnet/seed_202/bandpass_n20002_cRA_V1_electrode_s15.npz,76407,affcc3c4a21545b19a35321b1db7a6870fb7676f61d24fa1dbdd7065f69831c9
resnet,independent_rms,202,bandpass_n20002_cRA_V1_electrode_s10,phase2/results/predictions/full/independent_rms/resnet/seed_202/bandpass_n20002_cRA_V1_electrode_s10.npz,76294,c58c1990b7824e3b8a446bb62cb90f86cc8da2d8d617402aae898551c6434e32
resnet,independent_rms,202,bandpass_n20002_cRA_V1_electrode_s5,phase2/results/predictions/full/independent_rms/resnet/seed_202/bandpass_n20002_cRA_V1_electrode_s5.npz,76089,12855c31f206b1c2019eb004437add4ee1e4fc2481b51a9be92663ac88edd5da
resnet,independent_rms,202,bandpass_n20002_cRA_V1_electrode_s0,phase2/results/predictions/full/independent_rms/resnet/seed_202/bandpass_n20002_cRA_V1_electrode_s0.npz,75703,35857167314fc76b6b8d22475439c99389e6fd9444ab271075c50a35ca0f2d13
resnet,independent_rms,202,bandpass_n20002_cRA_V1_covariance_s20,phase2/results/predictions/full/independent_rms/resnet/seed_202/bandpass_n20002_cRA_V1_covariance_s20.npz,76448,0c62e5dda4edf7e879db78d0acb80b8d35fe1060da8ddc72a4acd4828b93b3f2
resnet,independent_rms,202,bandpass_n20002_cRA_V1_covariance_s15,phase2/results/predictions/full/independent_rms/resnet/seed_202/bandpass_n20002_cRA_V1_covariance_s15.npz,76410,ca626bbc3340b6df526fa2f9bb1a8c49dc5b554f94702453523ca34a09e76238
resnet,independent_rms,202,bandpass_n20002_cRA_V1_covariance_s10,phase2/results/predictions/full/independent_rms/resnet/seed_202/bandpass_n20002_cRA_V1_covariance_s10.npz,76313,42c9b0ded90e9919b3c223fa9cb8ac26f2b484e805122293b6a605c64e03561d
resnet,independent_rms,202,bandpass_n20002_cRA_V1_covariance_s5,phase2/results/predictions/full/independent_rms/resnet/seed_202/bandpass_n20002_cRA_V1_covariance_s5.npz,76112,fa3672c564be0b152b546dee553ea870189cd51004180102748756eb9dc661ae
resnet,independent_rms,202,bandpass_n20002_cRA_V1_covariance_s0,phase2/results/predictions/full/independent_rms/resnet/seed_202/bandpass_n20002_cRA_V1_covariance_s0.npz,75697,affc8c40adb9ea4b3571cbd9889d5c2abec0e464ecd509f5373558fc40520875
resnet,independent_rms,202,bandpass_n20002_cLA_V6_independent_rms_s20,phase2/results/predictions/full/independent_rms/resnet/seed_202/bandpass_n20002_cLA_V6_independent_rms_s20.npz,76482,108e6f381e1802f5599807c6122d64e68662081533e05b4e39fe805829c5f8ff
resnet,independent_rms,202,bandpass_n20002_cLA_V6_independent_rms_s15,phase2/results/predictions/full/independent_rms/resnet/seed_202/bandpass_n20002_cLA_V6_independent_rms_s15.npz,76429,a85794247a2a45b54cbcdc754bcd952ac14e3b78ac5e8660e7e3c5d8646738d6
resnet,independent_rms,202,bandpass_n20002_cLA_V6_independent_rms_s10,phase2/results/predictions/full/independent_rms/resnet/seed_202/bandpass_n20002_cLA_V6_independent_rms_s10.npz,76404,cbbd74ac2c94adad4e6f5d36eed86652199ffaea3caf31ae120c3cef60e1296b
resnet,independent_rms,202,bandpass_n20002_cLA_V6_independent_rms_s5,phase2/results/predictions/full/independent_rms/resnet/seed_202/bandpass_n20002_cLA_V6_independent_rms_s5.npz,76241,3c49b40e5c27f11a15479ac83bfb07f08141ccbdaf3356e7fb80d305220dd58f
resnet,independent_rms,202,bandpass_n20002_cLA_V6_independent_rms_s0,phase2/results/predictions/full/independent_rms/resnet/seed_202/bandpass_n20002_cLA_V6_independent_rms_s0.npz,75783,80408c9d6c89e5917167734fc7bec85b3b74669524ae769ae66487d039414467
resnet,independent_rms,202,bandpass_n20002_cLA_V6_electrode_s20,phase2/results/predictions/full/independent_rms/resnet/seed_202/bandpass_n20002_cLA_V6_electrode_s20.npz,76464,9e437b5e1f691dac8fa07a50b96aacc9ac2afb49e481226e148e68da3778269f
resnet,independent_rms,202,bandpass_n20002_cLA_V6_electrode_s15,phase2/results/predictions/full/independent_rms/resnet/seed_202/bandpass_n20002_cLA_V6_electrode_s15.npz,76427,8d6f17e5841e0eb334254aa08dde3a16def1911261643a7cbca83beb93dcef83
resnet,independent_rms,202,bandpass_n20002_cLA_V6_electrode_s10,phase2/results/predictions/full/independent_rms/resnet/seed_202/bandpass_n20002_cLA_V6_electrode_s10.npz,76314,ab899f1dda20a9db0f758906a22ddb9b931e8fc43a2100ba0b3374d2a5bba1e5
resnet,independent_rms,202,bandpass_n20002_cLA_V6_electrode_s5,phase2/results/predictions/full/independent_rms/resnet/seed_202/bandpass_n20002_cLA_V6_electrode_s5.npz,76117,2d0dea8352345f1f6455856c1b8e3fe54945f23fb0497629db87f4b707fa0fae
resnet,independent_rms,202,bandpass_n20002_cLA_V6_electrode_s0,phase2/results/predictions/full/independent_rms/resnet/seed_202/bandpass_n20002_cLA_V6_electrode_s0.npz,75537,bb6e61416cda4085be28ca288b89455558781b957bc4435cba594284a9623897
resnet,independent_rms,202,bandpass_n20002_cLA_V6_covariance_s20,phase2/results/predictions/full/independent_rms/resnet/seed_202/bandpass_n20002_cLA_V6_covariance_s20.npz,76469,35aa33161a4f842969d633c6a45501bc2885a5e495e55d35809c577ed58bad17
resnet,independent_rms,202,bandpass_n20002_cLA_V6_covariance_s15,phase2/results/predictions/full/independent_rms/resnet/seed_202/bandpass_n20002_cLA_V6_covariance_s15.npz,76450,a43c4b9831b34492257be5d796406f3917b5093373606bf894885b2ffeaf2a8b
resnet,independent_rms,202,bandpass_n20002_cLA_V6_covariance_s10,phase2/results/predictions/full/independent_rms/resnet/seed_202/bandpass_n20002_cLA_V6_covariance_s10.npz,76354,41487cf50316d8414a6b99b576ddbe49bee24bac24c38329df5e9a8c748884dc
resnet,independent_rms,202,bandpass_n20002_cLA_V6_covariance_s5,phase2/results/predictions/full/independent_rms/resnet/seed_202/bandpass_n20002_cLA_V6_covariance_s5.npz,76110,aa097b5c37ade628fcb993c24db135033c6d40d886941ef5e6e6000a30e3eedf
resnet,independent_rms,202,bandpass_n20002_cLA_V6_covariance_s0,phase2/results/predictions/full/independent_rms/resnet/seed_202/bandpass_n20002_cLA_V6_covariance_s0.npz,75524,cf39cf47f6f0b847eef8f07e19932097cb53fb5bf039e39f567e9d3dff45f775
resnet,independent_rms,202,bandpass_n20002_cLL_V4_independent_rms_s20,phase2/results/predictions/full/independent_rms/resnet/seed_202/bandpass_n20002_cLL_V4_independent_rms_s20.npz,76465,a6bcb28d7bce523c906fefe0e98fa65a0e3c356ea3b4a01812720e15ed161add
resnet,independent_rms,202,bandpass_n20002_cLL_V4_independent_rms_s15,phase2/results/predictions/full/independent_rms/resnet/seed_202/bandpass_n20002_cLL_V4_independent_rms_s15.npz,76489,4a8f27fed6f3280e5afd77eda179923035518168ed5200217789c119265a45c8
resnet,independent_rms,202,bandpass_n20002_cLL_V4_independent_rms_s10,phase2/results/predictions/full/independent_rms/resnet/seed_202/bandpass_n20002_cLL_V4_independent_rms_s10.npz,76430,9c65fc3a1c90c38247b7c815117e347071d7a68ccf996576a28d05bf93bc143d
resnet,independent_rms,202,bandpass_n20002_cLL_V4_independent_rms_s5,phase2/results/predictions/full/independent_rms/resnet/seed_202/bandpass_n20002_cLL_V4_independent_rms_s5.npz,76281,aaf4bcb58c36b1655051c11ae2e2d2048885c3a89263e28b617e5faa392013ac
resnet,independent_rms,202,bandpass_n20002_cLL_V4_independent_rms_s0,phase2/results/predictions/full/independent_rms/resnet/seed_202/bandpass_n20002_cLL_V4_independent_rms_s0.npz,75854,9ead6a773f498c930afa3277012998a508631b4aa732705fa771ddc39f026354
resnet,independent_rms,202,bandpass_n20002_cLL_V4_electrode_s20,phase2/results/predictions/full/independent_rms/resnet/seed_202/bandpass_n20002_cLL_V4_electrode_s20.npz,76434,31127ee182529a5e8d7ff7da3057bba7d5e7241a7cd102e1e261e36b2fcbef74
resnet,independent_rms,202,bandpass_n20002_cLL_V4_electrode_s15,phase2/results/predictions/full/independent_rms/resnet/seed_202/bandpass_n20002_cLL_V4_electrode_s15.npz,76407,1a12be51de0025890b1cf1f279c1a4d5be5215d0afc6905a37f2a26284d6b30d
resnet,independent_rms,202,bandpass_n20002_cLL_V4_electrode_s10,phase2/results/predictions/full/independent_rms/resnet/seed_202/bandpass_n20002_cLL_V4_electrode_s10.npz,76356,60292d6cb053f07ec22f8f40fa605f2acc45045ca767e5f52f1efb6c5f3ec6a3
resnet,independent_rms,202,bandpass_n20002_cLL_V4_electrode_s5,phase2/results/predictions/full/independent_rms/resnet/seed_202/bandpass_n20002_cLL_V4_electrode_s5.npz,76125,55ebb7fd732e74f47ec4400ae1b2f40d38c4526c9b30b193b4c42f5d133eba49
resnet,independent_rms,202,bandpass_n20002_cLL_V4_electrode_s0,phase2/results/predictions/full/independent_rms/resnet/seed_202/bandpass_n20002_cLL_V4_electrode_s0.npz,75553,c4667784b05a0de07a0af34bc18fbfa68bca4d4ea857b550887b54151f50c66f
resnet,independent_rms,202,bandpass_n20002_cLL_V4_covariance_s20,phase2/results/predictions/full/independent_rms/resnet/seed_202/bandpass_n20002_cLL_V4_covariance_s20.npz,76472,c7d533441b4ba56be8e0c99b4d10f197153f00f5d9bb4899f49bd00ce8e6bce0
resnet,independent_rms,202,bandpass_n20002_cLL_V4_covariance_s15,phase2/results/predictions/full/independent_rms/resnet/seed_202/bandpass_n20002_cLL_V4_covariance_s15.npz,76423,679f099a9fb26cde7706eb21f8510ca26c1e850d6d773c60718d7d1f8fa05f7b
resnet,independent_rms,202,bandpass_n20002_cLL_V4_covariance_s10,phase2/results/predictions/full/independent_rms/resnet/seed_202/bandpass_n20002_cLL_V4_covariance_s10.npz,76353,b426da73e6dec003624d7fc7b4c772a65f80e9677336ec3824f7425857f9920a
resnet,independent_rms,202,bandpass_n20002_cLL_V4_covariance_s5,phase2/results/predictions/full/independent_rms/resnet/seed_202/bandpass_n20002_cLL_V4_covariance_s5.npz,76120,87adc48d5b1c0dc431c5da761e997fc49751050beac1e09fb7cdb486d706b38a
resnet,independent_rms,202,bandpass_n20002_cLL_V4_covariance_s0,phase2/results/predictions/full/independent_rms/resnet/seed_202/bandpass_n20002_cLL_V4_covariance_s0.npz,75540,35bd082511b18344142fa7d77e7fdc17742bc3a1b1e64f520598fca851657356
resnet,independent_rms,202,bandpass_n20002_cRA_LA_V1_V6_independent_rms_s20,phase2/results/predictions/full/independent_rms/resnet/seed_202/bandpass_n20002_cRA_LA_V1_V6_independent_rms_s20.npz,76500,ff21055d01ddf86708c24b7984b2fc37031d5ebc82d071a981af114ccfccaf32
resnet,independent_rms,202,bandpass_n20002_cRA_LA_V1_V6_independent_rms_s15,phase2/results/predictions/full/independent_rms/resnet/seed_202/bandpass_n20002_cRA_LA_V1_V6_independent_rms_s15.npz,76457,79b0d3781680195d46c6dbee0ce338bfc69ff9471843d9b90910561b855fd909
resnet,independent_rms,202,bandpass_n20002_cRA_LA_V1_V6_independent_rms_s10,phase2/results/predictions/full/independent_rms/resnet/seed_202/bandpass_n20002_cRA_LA_V1_V6_independent_rms_s10.npz,76433,60b7773521adfe789266a729d17d1e8a4b946088dc02cf086f5c4d5820a8a879
resnet,independent_rms,202,bandpass_n20002_cRA_LA_V1_V6_independent_rms_s5,phase2/results/predictions/full/independent_rms/resnet/seed_202/bandpass_n20002_cRA_LA_V1_V6_independent_rms_s5.npz,76264,607f00791c67a4c59f84d058a7a382381ea57d803775d1b5f9e1e71e6554fd34
resnet,independent_rms,202,bandpass_n20002_cRA_LA_V1_V6_independent_rms_s0,phase2/results/predictions/full/independent_rms/resnet/seed_202/bandpass_n20002_cRA_LA_V1_V6_independent_rms_s0.npz,75740,89fbcf43c2f1ecd5784abe8ab802d5e8301dabb8a0287dbc7d12cd41a15ddaeb
resnet,independent_rms,202,bandpass_n20002_cRA_LA_V1_V6_electrode_s20,phase2/results/predictions/full/independent_rms/resnet/seed_202/bandpass_n20002_cRA_LA_V1_V6_electrode_s20.npz,76459,47228dfbd3d366979389ec881d61ebc51bffe5c44e48530d41d2ae60b4b67a9f
resnet,independent_rms,202,bandpass_n20002_cRA_LA_V1_V6_electrode_s15,phase2/results/predictions/full/independent_rms/resnet/seed_202/bandpass_n20002_cRA_LA_V1_V6_electrode_s15.npz,76426,4f348ea3cf4ae91742438d7c70a8e287327d75c86c4086c8f2d6e67d86e796ca
resnet,independent_rms,202,bandpass_n20002_cRA_LA_V1_V6_electrode_s10,phase2/results/predictions/full/independent_rms/resnet/seed_202/bandpass_n20002_cRA_LA_V1_V6_electrode_s10.npz,76337,87826d75198ea1aa3909c9ac1da6adb1cbfd34fddd8dd597595553125ef429a6
resnet,independent_rms,202,bandpass_n20002_cRA_LA_V1_V6_electrode_s5,phase2/results/predictions/full/independent_rms/resnet/seed_202/bandpass_n20002_cRA_LA_V1_V6_electrode_s5.npz,76124,f13e46db8f8f9cd2e52913a9a03d9fc98854bb3e903c7c3de6626fa992cda542
resnet,independent_rms,202,bandpass_n20002_cRA_LA_V1_V6_electrode_s0,phase2/results/predictions/full/independent_rms/resnet/seed_202/bandpass_n20002_cRA_LA_V1_V6_electrode_s0.npz,75607,bc6b4ec88b0dba4488eefbdeae8cbdc9ad02c8f1a90224e51a86d7a613cf3cd5
resnet,independent_rms,202,bandpass_n20002_cRA_LA_V1_V6_covariance_s20,phase2/results/predictions/full/independent_rms/resnet/seed_202/bandpass_n20002_cRA_LA_V1_V6_covariance_s20.npz,76512,137999ee58b6869fb146821b389fd9eeaae040c478078279af26dceacdb4ee53
resnet,independent_rms,202,bandpass_n20002_cRA_LA_V1_V6_covariance_s15,phase2/results/predictions/full/independent_rms/resnet/seed_202/bandpass_n20002_cRA_LA_V1_V6_covariance_s15.npz,76426,11689c184b88239bba02a07fb944776fccf85b1b5e1c4c50424e175717789ac7
resnet,independent_rms,202,bandpass_n20002_cRA_LA_V1_V6_covariance_s10,phase2/results/predictions/full/independent_rms/resnet/seed_202/bandpass_n20002_cRA_LA_V1_V6_covariance_s10.npz,76346,f0c2614b5c548d729a31074f56453aa68ddf47c5c08391b4cb863ff606cc8221
resnet,independent_rms,202,bandpass_n20002_cRA_LA_V1_V6_covariance_s5,phase2/results/predictions/full/independent_rms/resnet/seed_202/bandpass_n20002_cRA_LA_V1_V6_covariance_s5.npz,76113,a1f9613d53ac57ed252d295830752b55a47c288797a0d4d8d0eeb99b12f7dd54
resnet,independent_rms,202,bandpass_n20002_cRA_LA_V1_V6_covariance_s0,phase2/results/predictions/full/independent_rms/resnet/seed_202/bandpass_n20002_cRA_LA_V1_V6_covariance_s0.npz,75620,9d946a0995b4d9713b4ed56b027feaf6b0196d9d9bfdbab4116c4116203a9e4f
resnet,independent_rms,202,bandpass_n20002_cRA_V2_V5_independent_rms_s20,phase2/results/predictions/full/independent_rms/resnet/seed_202/bandpass_n20002_cRA_V2_V5_independent_rms_s20.npz,76502,d0897d3682665512b3e7731f4d3583118dd9c5a09ffc1b04a23c747e2b189f7f
resnet,independent_rms,202,bandpass_n20002_cRA_V2_V5_independent_rms_s15,phase2/results/predictions/full/independent_rms/resnet/seed_202/bandpass_n20002_cRA_V2_V5_independent_rms_s15.npz,76463,e7c2b18c9f367a5d30e7be088c503fa3508e13662cb22ffcc1786218f8c6ccc3
resnet,independent_rms,202,bandpass_n20002_cRA_V2_V5_independent_rms_s10,phase2/results/predictions/full/independent_rms/resnet/seed_202/bandpass_n20002_cRA_V2_V5_independent_rms_s10.npz,76385,d742e663ea03d5e5bb3fb3400afbe50f173831cb1aabcd93ef87f618b83776a9
resnet,independent_rms,202,bandpass_n20002_cRA_V2_V5_independent_rms_s5,phase2/results/predictions/full/independent_rms/resnet/seed_202/bandpass_n20002_cRA_V2_V5_independent_rms_s5.npz,76260,c146e23c9c553a1de1a9ce42ee8beaa07e9c6f358ad4facd2092b216e4d19bce
resnet,independent_rms,202,bandpass_n20002_cRA_V2_V5_independent_rms_s0,phase2/results/predictions/full/independent_rms/resnet/seed_202/bandpass_n20002_cRA_V2_V5_independent_rms_s0.npz,75819,004ebae4d764f4534882f553dc4020df635b5e71782941b2b905e6902625b388
resnet,independent_rms,202,bandpass_n20002_cRA_V2_V5_electrode_s20,phase2/results/predictions/full/independent_rms/resnet/seed_202/bandpass_n20002_cRA_V2_V5_electrode_s20.npz,76455,f5c8cdb23ff396f906144905f054ca4f36a6219f403d3bb5103dd60148abbd3c
resnet,independent_rms,202,bandpass_n20002_cRA_V2_V5_electrode_s15,phase2/results/predictions/full/independent_rms/resnet/seed_202/bandpass_n20002_cRA_V2_V5_electrode_s15.npz,76408,b95aa2ed371b1ed1c95cc1ce319bcb69ae0582841848300a38c9ebd075b2d50b
resnet,independent_rms,202,bandpass_n20002_cRA_V2_V5_electrode_s10,phase2/results/predictions/full/independent_rms/resnet/seed_202/bandpass_n20002_cRA_V2_V5_electrode_s10.npz,76333,c82d7dbd5a553e6958bfe769f5c1f70978fb00feb1eb0830963a6044359c02f0
resnet,independent_rms,202,bandpass_n20002_cRA_V2_V5_electrode_s5,phase2/results/predictions/full/independent_rms/resnet/seed_202/bandpass_n20002_cRA_V2_V5_electrode_s5.npz,76139,fab57d1eced102e5292245c2352f267565fcba98850623a860c1c16a21fd7b83
resnet,independent_rms,202,bandpass_n20002_cRA_V2_V5_electrode_s0,phase2/results/predictions/full/independent_rms/resnet/seed_202/bandpass_n20002_cRA_V2_V5_electrode_s0.npz,75778,83753b0f1418d78b5c39207f83d0367c8a240aa67a21b18c219477c48796547b
resnet,independent_rms,202,bandpass_n20002_cRA_V2_V5_covariance_s20,phase2/results/predictions/full/independent_rms/resnet/seed_202/bandpass_n20002_cRA_V2_V5_covariance_s20.npz,76497,8470150bf08b822724503cccfc75c40345924dd1bbcf6e20a7e1bf1de9088dfd
resnet,independent_rms,202,bandpass_n20002_cRA_V2_V5_covariance_s15,phase2/results/predictions/full/independent_rms/resnet/seed_202/bandpass_n20002_cRA_V2_V5_covariance_s15.npz,76451,c286f868c8a79d088fe746a3fe57dad99f83b0beaaedfe8e547a6afc13d0dfb8
resnet,independent_rms,202,bandpass_n20002_cRA_V2_V5_covariance_s10,phase2/results/predictions/full/independent_rms/resnet/seed_202/bandpass_n20002_cRA_V2_V5_covariance_s10.npz,76329,68388feeef308c7b35241bd7137d26ac235540c3d8962688670cd06fb1dac111
resnet,independent_rms,202,bandpass_n20002_cRA_V2_V5_covariance_s5,phase2/results/predictions/full/independent_rms/resnet/seed_202/bandpass_n20002_cRA_V2_V5_covariance_s5.npz,76123,3c77064adab76a01c06f846ce04c796024283085a95410e1c11d9ae8a943950b
resnet,independent_rms,202,bandpass_n20002_cRA_V2_V5_covariance_s0,phase2/results/predictions/full/independent_rms/resnet/seed_202/bandpass_n20002_cRA_V2_V5_covariance_s0.npz,75779,868ef4f8a32bac66f0d1c84b1df5b6be42346b890a2efe83c0b18a9535073dfc
resnet,independent_rms,202,bandpass_n20002_cLA_V3_V6_independent_rms_s20,phase2/results/predictions/full/independent_rms/resnet/seed_202/bandpass_n20002_cLA_V3_V6_independent_rms_s20.npz,76480,97d72c30c3fbdd74654f653ef4dc6d7a56647336a9ce87629c3374e9ebd87559
resnet,independent_rms,202,bandpass_n20002_cLA_V3_V6_independent_rms_s15,phase2/results/predictions/full/independent_rms/resnet/seed_202/bandpass_n20002_cLA_V3_V6_independent_rms_s15.npz,76465,4febdb71e28ad38555586738cbded8f8b2975ed3de4407bfb7eac9bc3d501bc0
resnet,independent_rms,202,bandpass_n20002_cLA_V3_V6_independent_rms_s10,phase2/results/predictions/full/independent_rms/resnet/seed_202/bandpass_n20002_cLA_V3_V6_independent_rms_s10.npz,76419,c3dd2c1f7c234e0f5caacb5dcec03fbe6ef1e14279056e9dd5a961ed757d1443
resnet,independent_rms,202,bandpass_n20002_cLA_V3_V6_independent_rms_s5,phase2/results/predictions/full/independent_rms/resnet/seed_202/bandpass_n20002_cLA_V3_V6_independent_rms_s5.npz,76267,f5caa92917855b5b0992b86ef202897f1e7c8969a73603f7023f58883e79151f
resnet,independent_rms,202,bandpass_n20002_cLA_V3_V6_independent_rms_s0,phase2/results/predictions/full/independent_rms/resnet/seed_202/bandpass_n20002_cLA_V3_V6_independent_rms_s0.npz,75840,2198591437d4fa0e1b652ab7e3c9debee60d23027412dd9eb5e120001c41dfbe
resnet,independent_rms,202,bandpass_n20002_cLA_V3_V6_electrode_s20,phase2/results/predictions/full/independent_rms/resnet/seed_202/bandpass_n20002_cLA_V3_V6_electrode_s20.npz,76454,87e51494163702e7e9da044b9a9fb0592c96368801528e509b7d8bc05705b76d
resnet,independent_rms,202,bandpass_n20002_cLA_V3_V6_electrode_s15,phase2/results/predictions/full/independent_rms/resnet/seed_202/bandpass_n20002_cLA_V3_V6_electrode_s15.npz,76454,9850616a2a3fd6e55d7fd63b8b20e7588383d2f9d87a39a1c7f7a45bce1a5bcc
resnet,independent_rms,202,bandpass_n20002_cLA_V3_V6_electrode_s10,phase2/results/predictions/full/independent_rms/resnet/seed_202/bandpass_n20002_cLA_V3_V6_electrode_s10.npz,76381,929202aad2e4d9e79db6bab337eef0eaedfba000c37f2d752a3691854ef717aa
resnet,independent_rms,202,bandpass_n20002_cLA_V3_V6_electrode_s5,phase2/results/predictions/full/independent_rms/resnet/seed_202/bandpass_n20002_cLA_V3_V6_electrode_s5.npz,76176,a3366a472e22a054c7631a3da93299093f13473f2e4e561c44ed6e963efdb8f2
resnet,independent_rms,202,bandpass_n20002_cLA_V3_V6_electrode_s0,phase2/results/predictions/full/independent_rms/resnet/seed_202/bandpass_n20002_cLA_V3_V6_electrode_s0.npz,75629,2c6d713ecb28019912f9fc4c001ef2aba0648d3ccd7511c616bb7f093c99375c
resnet,independent_rms,202,bandpass_n20002_cLA_V3_V6_covariance_s20,phase2/results/predictions/full/independent_rms/resnet/seed_202/bandpass_n20002_cLA_V3_V6_covariance_s20.npz,76461,a95bf34ab15a2e263820f413946457cff3c2a8bc09c0919116e2e887510b19f7
resnet,independent_rms,202,bandpass_n20002_cLA_V3_V6_covariance_s15,phase2/results/predictions/full/independent_rms/resnet/seed_202/bandpass_n20002_cLA_V3_V6_covariance_s15.npz,76411,9aba73c2a6f2bfc033aa684c847efd57f4b4b66508afe6b9d56715ac46c04a03
resnet,independent_rms,202,bandpass_n20002_cLA_V3_V6_covariance_s10,phase2/results/predictions/full/independent_rms/resnet/seed_202/bandpass_n20002_cLA_V3_V6_covariance_s10.npz,76355,da421fc80bb442c7741eba0a02484e398153546aabd90d5455153cdec1f01e11
resnet,independent_rms,202,bandpass_n20002_cLA_V3_V6_covariance_s5,phase2/results/predictions/full/independent_rms/resnet/seed_202/bandpass_n20002_cLA_V3_V6_covariance_s5.npz,76164,442a038b4b9cb1278cf269abfac9d0a02c474a43386a2159baf4c5148d6ea94c
resnet,independent_rms,202,bandpass_n20002_cLA_V3_V6_covariance_s0,phase2/results/predictions/full/independent_rms/resnet/seed_202/bandpass_n20002_cLA_V3_V6_covariance_s0.npz,75609,2dc4533243cb793e6dd00bfedc8aecf8fb6188b782ddcb3fc5967bbf41c6c789
resnet,independent_rms,202,bandpass_n20002_cLL_V1_V4_independent_rms_s20,phase2/results/predictions/full/independent_rms/resnet/seed_202/bandpass_n20002_cLL_V1_V4_independent_rms_s20.npz,76477,e5fe582d06941848c1ded34b0554c6a8669dd12db68f85b0fbcf58a0f66b20fb
resnet,independent_rms,202,bandpass_n20002_cLL_V1_V4_independent_rms_s15,phase2/results/predictions/full/independent_rms/resnet/seed_202/bandpass_n20002_cLL_V1_V4_independent_rms_s15.npz,76492,38966957a0adde2b5ec98b3c4f60802021afc573e257382a0604313bfc215e3e
resnet,independent_rms,202,bandpass_n20002_cLL_V1_V4_independent_rms_s10,phase2/results/predictions/full/independent_rms/resnet/seed_202/bandpass_n20002_cLL_V1_V4_independent_rms_s10.npz,76412,99fa31cacf203f1b97f86cc27a45ae4054b602fa2dddd559db5ed8362dc73974
resnet,independent_rms,202,bandpass_n20002_cLL_V1_V4_independent_rms_s5,phase2/results/predictions/full/independent_rms/resnet/seed_202/bandpass_n20002_cLL_V1_V4_independent_rms_s5.npz,76291,e194f5779b65759ad90e6ff5278bfa975130483c83ce569c4c6222ddecd0615d
resnet,independent_rms,202,bandpass_n20002_cLL_V1_V4_independent_rms_s0,phase2/results/predictions/full/independent_rms/resnet/seed_202/bandpass_n20002_cLL_V1_V4_independent_rms_s0.npz,75782,0040b46c4e86be5372d578a8823b912c0627cd4874d1a39e22036c3547a83a7c
resnet,independent_rms,202,bandpass_n20002_cLL_V1_V4_electrode_s20,phase2/results/predictions/full/independent_rms/resnet/seed_202/bandpass_n20002_cLL_V1_V4_electrode_s20.npz,76441,61ced16bc20b3d92e17d17f4b2ce111889d58cd9cf5abb894dcf69132f6acf96
resnet,independent_rms,202,bandpass_n20002_cLL_V1_V4_electrode_s15,phase2/results/predictions/full/independent_rms/resnet/seed_202/bandpass_n20002_cLL_V1_V4_electrode_s15.npz,76409,6a6d174b55da6caaac71190828ca3cdfcf1b922384bed9415fd25c6545e9ef16
resnet,independent_rms,202,bandpass_n20002_cLL_V1_V4_electrode_s10,phase2/results/predictions/full/independent_rms/resnet/seed_202/bandpass_n20002_cLL_V1_V4_electrode_s10.npz,76358,136200693b25de0544930d19dfc5803770cba611cb2f7a7f38412a2a142228df
resnet,independent_rms,202,bandpass_n20002_cLL_V1_V4_electrode_s5,phase2/results/predictions/full/independent_rms/resnet/seed_202/bandpass_n20002_cLL_V1_V4_electrode_s5.npz,76139,74c341fe3c4525806e8492458476bca5ae05ae3fbb4dafa98cb6c49e873c4549
resnet,independent_rms,202,bandpass_n20002_cLL_V1_V4_electrode_s0,phase2/results/predictions/full/independent_rms/resnet/seed_202/bandpass_n20002_cLL_V1_V4_electrode_s0.npz,75562,025cc27f748254a6321f249b18f602a1305f65b82c68207e3598947d0049d9f2
resnet,independent_rms,202,bandpass_n20002_cLL_V1_V4_covariance_s20,phase2/results/predictions/full/independent_rms/resnet/seed_202/bandpass_n20002_cLL_V1_V4_covariance_s20.npz,76496,e4232b1b779fd26bceb90845b5a80d332d06213a26c4902700e31451aef9ad34
resnet,independent_rms,202,bandpass_n20002_cLL_V1_V4_covariance_s15,phase2/results/predictions/full/independent_rms/resnet/seed_202/bandpass_n20002_cLL_V1_V4_covariance_s15.npz,76434,a90b95fb0029d5e373b8cbfc84b554094430f011691de1ddd02bd6a381b4a7a5
resnet,independent_rms,202,bandpass_n20002_cLL_V1_V4_covariance_s10,phase2/results/predictions/full/independent_rms/resnet/seed_202/bandpass_n20002_cLL_V1_V4_covariance_s10.npz,76386,e21b59bcead132e1eaf8b71bccc31e159263acd83a8f2065d635e2e0a2582f70
resnet,independent_rms,202,bandpass_n20002_cLL_V1_V4_covariance_s5,phase2/results/predictions/full/independent_rms/resnet/seed_202/bandpass_n20002_cLL_V1_V4_covariance_s5.npz,76130,57e026868bd25b85e9e84ed856add6b5178cf589cef6b025d5ab87082e6b3814
resnet,independent_rms,202,bandpass_n20002_cLL_V1_V4_covariance_s0,phase2/results/predictions/full/independent_rms/resnet/seed_202/bandpass_n20002_cLL_V1_V4_covariance_s0.npz,75534,13f619efd7ea79d6b7b8a2a5ca18157241c4713ef7e3f4f012230ce899954090
resnet,independent_rms,202,bandpass_n20002_call_independent_rms_s20,phase2/results/predictions/full/independent_rms/resnet/seed_202/bandpass_n20002_call_independent_rms_s20.npz,76476,5dd597986d9d9f8be22cb5ffc3a3e6494fec93f1997b91cc91756d7c5c10ed3f
resnet,independent_rms,202,bandpass_n20002_call_independent_rms_s15,phase2/results/predictions/full/independent_rms/resnet/seed_202/bandpass_n20002_call_independent_rms_s15.npz,76467,eb9717a2cba6845cb8586b37d79ee0df6ea3fdd48f557dc3a97e4895595164e3
resnet,independent_rms,202,bandpass_n20002_call_independent_rms_s10,phase2/results/predictions/full/independent_rms/resnet/seed_202/bandpass_n20002_call_independent_rms_s10.npz,76371,e528f683c8941d471e7dd8709532e50367313733b5f378faad735a269ddcc824
resnet,independent_rms,202,bandpass_n20002_call_independent_rms_s5,phase2/results/predictions/full/independent_rms/resnet/seed_202/bandpass_n20002_call_independent_rms_s5.npz,76253,3b4186e956b29c9ef6263bf10ff491f90aac949b0b226ca3fdffad5415003036
resnet,independent_rms,202,bandpass_n20002_call_independent_rms_s0,phase2/results/predictions/full/independent_rms/resnet/seed_202/bandpass_n20002_call_independent_rms_s0.npz,75835,508009c3d6f6aacb94597151406afbe9eb472dfe557ddc4d39fe13a44349ed96
resnet,independent_rms,202,bandpass_n20002_call_electrode_s20,phase2/results/predictions/full/independent_rms/resnet/seed_202/bandpass_n20002_call_electrode_s20.npz,76416,fe467e8ccd7a3466d8ae5bb0f887cf378d5cfcbebd904a5b39e0e0447f54eec6
resnet,independent_rms,202,bandpass_n20002_call_electrode_s15,phase2/results/predictions/full/independent_rms/resnet/seed_202/bandpass_n20002_call_electrode_s15.npz,76403,6682457b1df6a5cb6dd62b7bf24c83e084da17b34664e4bc85ad5a7629edac66
resnet,independent_rms,202,bandpass_n20002_call_electrode_s10,phase2/results/predictions/full/independent_rms/resnet/seed_202/bandpass_n20002_call_electrode_s10.npz,76320,4fabb501b16bcdb2da0399e63858de3891c82e8559a13cf652099630c6bd3bce
resnet,independent_rms,202,bandpass_n20002_call_electrode_s5,phase2/results/predictions/full/independent_rms/resnet/seed_202/bandpass_n20002_call_electrode_s5.npz,76121,bdf4c11da9ec02bd70c52f0971e44fc749407fb9a46005636955bc17932d83c6
resnet,independent_rms,202,bandpass_n20002_call_electrode_s0,phase2/results/predictions/full/independent_rms/resnet/seed_202/bandpass_n20002_call_electrode_s0.npz,75597,12a90fb96fbe85ca361e7e0b3ac83f91aee6b5b81f3e238170d2140ac35e1257
resnet,independent_rms,202,bandpass_n20002_call_covariance_s20,phase2/results/predictions/full/independent_rms/resnet/seed_202/bandpass_n20002_call_covariance_s20.npz,76441,4c55ca953ba5e533d9df4aa3255f5954bdb5f2c3c08329583c9bc6e071ba6dd2
resnet,independent_rms,202,bandpass_n20002_call_covariance_s15,phase2/results/predictions/full/independent_rms/resnet/seed_202/bandpass_n20002_call_covariance_s15.npz,76421,1d0cf5654c623378a3320a9e5dca77b22ba7ade3307a587ff9b994086fa726da
resnet,independent_rms,202,bandpass_n20002_call_covariance_s10,phase2/results/predictions/full/independent_rms/resnet/seed_202/bandpass_n20002_call_covariance_s10.npz,76322,31b4532e7ecc0d4cff9dcfcffa1626258da4143ba0e2cf5005260add2dd00214
resnet,independent_rms,202,bandpass_n20002_call_covariance_s5,phase2/results/predictions/full/independent_rms/resnet/seed_202/bandpass_n20002_call_covariance_s5.npz,76119,28ca3f55fb2fa95fe68bcb0418f6d5b57f24f04ab6dbd8badb60ad89b6197f29
resnet,independent_rms,202,bandpass_n20002_call_covariance_s0,phase2/results/predictions/full/independent_rms/resnet/seed_202/bandpass_n20002_call_covariance_s0.npz,75589,580d6d8467ce7f2d303ccb07808cf33d12801326b40fcdda4540f0f873ea20ce
resnet,independent_rms,202,bandpass_n20003_cRA_LA_LL_independent_rms_s20,phase2/results/predictions/full/independent_rms/resnet/seed_202/bandpass_n20003_cRA_LA_LL_independent_rms_s20.npz,76466,a90ab2c1753e4bea7b851eba9074fa44b204bf7b864bc52f0943100433cdc1d3
resnet,independent_rms,202,bandpass_n20003_cRA_LA_LL_independent_rms_s15,phase2/results/predictions/full/independent_rms/resnet/seed_202/bandpass_n20003_cRA_LA_LL_independent_rms_s15.npz,76457,2449ac45e7cba129c8230bd40379d9054f87fceada1305258dc991f80dc2c900
resnet,independent_rms,202,bandpass_n20003_cRA_LA_LL_independent_rms_s10,phase2/results/predictions/full/independent_rms/resnet/seed_202/bandpass_n20003_cRA_LA_LL_independent_rms_s10.npz,76402,f90b97ce79e01c18e27839a3cbf205e46df58419c13c858705cadfb9cef39d61
resnet,independent_rms,202,bandpass_n20003_cRA_LA_LL_independent_rms_s5,phase2/results/predictions/full/independent_rms/resnet/seed_202/bandpass_n20003_cRA_LA_LL_independent_rms_s5.npz,76228,343cf2357389f62d19b516312e939fc494e783898736501a047a0a28d480c494
resnet,independent_rms,202,bandpass_n20003_cRA_LA_LL_independent_rms_s0,phase2/results/predictions/full/independent_rms/resnet/seed_202/bandpass_n20003_cRA_LA_LL_independent_rms_s0.npz,75826,25261655097e3b17615d87ed0577cdc40d9ec7518df2fce9e27d5927a2805e99
resnet,independent_rms,202,bandpass_n20003_cRA_LA_LL_electrode_s20,phase2/results/predictions/full/independent_rms/resnet/seed_202/bandpass_n20003_cRA_LA_LL_electrode_s20.npz,76433,495666cf09eddedb255e8dcbf31e61ae64a5d157d8fc6d4a118451fc30fefe1e
resnet,independent_rms,202,bandpass_n20003_cRA_LA_LL_electrode_s15,phase2/results/predictions/full/independent_rms/resnet/seed_202/bandpass_n20003_cRA_LA_LL_electrode_s15.npz,76428,a22a9c3498ff073740d6dc237a9744418e9763fccfe9bb22cba7d5669de1377c
resnet,independent_rms,202,bandpass_n20003_cRA_LA_LL_electrode_s10,phase2/results/predictions/full/independent_rms/resnet/seed_202/bandpass_n20003_cRA_LA_LL_electrode_s10.npz,76312,894ebe2fa79b012ab20e15ee86df1445d794b3091a31f6963f613ca13ba8b5ea
resnet,independent_rms,202,bandpass_n20003_cRA_LA_LL_electrode_s5,phase2/results/predictions/full/independent_rms/resnet/seed_202/bandpass_n20003_cRA_LA_LL_electrode_s5.npz,76067,c4ab0b3f437a4db1d97e7082a3c903cda2ad27f0d1fc118f170f3062728cdf0a
resnet,independent_rms,202,bandpass_n20003_cRA_LA_LL_electrode_s0,phase2/results/predictions/full/independent_rms/resnet/seed_202/bandpass_n20003_cRA_LA_LL_electrode_s0.npz,75491,9c627f46ead57a577073905b4f80fe4ee02db27cb4c8c992847d2be8d5f83339
resnet,independent_rms,202,bandpass_n20003_cRA_LA_LL_covariance_s20,phase2/results/predictions/full/independent_rms/resnet/seed_202/bandpass_n20003_cRA_LA_LL_covariance_s20.npz,76450,964f8fac4ed3bae700029839eaeb502680816d484a677bd05e5e17e7b7b30969
resnet,independent_rms,202,bandpass_n20003_cRA_LA_LL_covariance_s15,phase2/results/predictions/full/independent_rms/resnet/seed_202/bandpass_n20003_cRA_LA_LL_covariance_s15.npz,76444,6331b5359027e57b7b574b57b671572b28f5b74cd5748d4b5a52fb21d4099f9b
resnet,independent_rms,202,bandpass_n20003_cRA_LA_LL_covariance_s10,phase2/results/predictions/full/independent_rms/resnet/seed_202/bandpass_n20003_cRA_LA_LL_covariance_s10.npz,76315,b95d53c759f160f76eac51b6d7c7bb527621e2bba70a9d4114cfee9e7895a0a1
resnet,independent_rms,202,bandpass_n20003_cRA_LA_LL_covariance_s5,phase2/results/predictions/full/independent_rms/resnet/seed_202/bandpass_n20003_cRA_LA_LL_covariance_s5.npz,76071,4b1974e3b082f0210a8765598e83892d975244d99bf26f8e881754faccd44470
resnet,independent_rms,202,bandpass_n20003_cRA_LA_LL_covariance_s0,phase2/results/predictions/full/independent_rms/resnet/seed_202/bandpass_n20003_cRA_LA_LL_covariance_s0.npz,75533,b78f890658920ee1b11fa12921a798d8b8a9231f829f213483266876680a8261
resnet,independent_rms,202,bandpass_n20003_cV1_independent_rms_s20,phase2/results/predictions/full/independent_rms/resnet/seed_202/bandpass_n20003_cV1_independent_rms_s20.npz,76456,966e8f445b9030f7009a7620eeefea6182158908be0319b98abe3df1c4d3e050
resnet,independent_rms,202,bandpass_n20003_cV1_independent_rms_s15,phase2/results/predictions/full/independent_rms/resnet/seed_202/bandpass_n20003_cV1_independent_rms_s15.npz,76455,2703ba23d26d307c25550679c5261c7a30ef19e2c7b839fa2d75e6cac5103c20
resnet,independent_rms,202,bandpass_n20003_cV1_independent_rms_s10,phase2/results/predictions/full/independent_rms/resnet/seed_202/bandpass_n20003_cV1_independent_rms_s10.npz,76397,499f9fe495d53c581eec5ef31c41a1429ab2f0e7ea34c5ef23830fed1a95cdca
resnet,independent_rms,202,bandpass_n20003_cV1_independent_rms_s5,phase2/results/predictions/full/independent_rms/resnet/seed_202/bandpass_n20003_cV1_independent_rms_s5.npz,76193,990bd195756245d66b8602313b33529c1c0d39def029e1843e54afa0e0713f82
resnet,independent_rms,202,bandpass_n20003_cV1_independent_rms_s0,phase2/results/predictions/full/independent_rms/resnet/seed_202/bandpass_n20003_cV1_independent_rms_s0.npz,75523,2c33136feb7445279ea757cc978e7c959a67c705d293a7df8ac23807faee4ad0
resnet,independent_rms,202,bandpass_n20003_cV1_electrode_s20,phase2/results/predictions/full/independent_rms/resnet/seed_202/bandpass_n20003_cV1_electrode_s20.npz,76451,24d64b1af10efda57005f1e5fec7a2e97439f0c4c6be7c783c41cbe09e9bfe00
resnet,independent_rms,202,bandpass_n20003_cV1_electrode_s15,phase2/results/predictions/full/independent_rms/resnet/seed_202/bandpass_n20003_cV1_electrode_s15.npz,76452,5cfebec3b96a6767170fd206cc25d237f46edc40d55a37b02b9d8cad2d4d6592
resnet,independent_rms,202,bandpass_n20003_cV1_electrode_s10,phase2/results/predictions/full/independent_rms/resnet/seed_202/bandpass_n20003_cV1_electrode_s10.npz,76379,096772a5791196413027b49ce62f7c13c2e6a43a7c12cf8e3a8058bcf7aaade3
resnet,independent_rms,202,bandpass_n20003_cV1_electrode_s5,phase2/results/predictions/full/independent_rms/resnet/seed_202/bandpass_n20003_cV1_electrode_s5.npz,76184,6f9b53b722ac7b1688865d3b111d46af7b75be9f8818bfb5ae879761a075e814
resnet,independent_rms,202,bandpass_n20003_cV1_electrode_s0,phase2/results/predictions/full/independent_rms/resnet/seed_202/bandpass_n20003_cV1_electrode_s0.npz,75539,a95e14edad064be99c3b35e7d4bccb4501491391ced53576a5ee547cd2cadf14
resnet,independent_rms,202,bandpass_n20003_cV1_covariance_s20,phase2/results/predictions/full/independent_rms/resnet/seed_202/bandpass_n20003_cV1_covariance_s20.npz,76436,5fae6c03bb999dab0d28def10093b3ee5683a8edbe21d3c34581b80ab88b5b76
resnet,independent_rms,202,bandpass_n20003_cV1_covariance_s15,phase2/results/predictions/full/independent_rms/resnet/seed_202/bandpass_n20003_cV1_covariance_s15.npz,76445,09edd454fa408113792e96145c1f26b057dbdae5761abd1a91fc44a245f3aad0
resnet,independent_rms,202,bandpass_n20003_cV1_covariance_s10,phase2/results/predictions/full/independent_rms/resnet/seed_202/bandpass_n20003_cV1_covariance_s10.npz,76408,265a68dd20f5ea95bbba71b23e090d550e670bb539d7d450376ec018dcbb6f1f
resnet,independent_rms,202,bandpass_n20003_cV1_covariance_s5,phase2/results/predictions/full/independent_rms/resnet/seed_202/bandpass_n20003_cV1_covariance_s5.npz,76182,95b4ee949a29cd625d3f4fc8450e54544a1969ae110c155ace6f87d445807886
resnet,independent_rms,202,bandpass_n20003_cV1_covariance_s0,phase2/results/predictions/full/independent_rms/resnet/seed_202/bandpass_n20003_cV1_covariance_s0.npz,75524,ffda13e15cd5063d750bea139920c888593aba8c7a329d8ce8e7ca6da99d04df
resnet,independent_rms,202,bandpass_n20003_cV2_independent_rms_s20,phase2/results/predictions/full/independent_rms/resnet/seed_202/bandpass_n20003_cV2_independent_rms_s20.npz,76438,c87c02448ba0cd5136d0896aaf7211269a449f886923fc934246d254c504bef1
resnet,independent_rms,202,bandpass_n20003_cV2_independent_rms_s15,phase2/results/predictions/full/independent_rms/resnet/seed_202/bandpass_n20003_cV2_independent_rms_s15.npz,76471,0b1bab766cf5885b249393bbf51c492da3e6960f611e5086c639ff6d8423a311
resnet,independent_rms,202,bandpass_n20003_cV2_independent_rms_s10,phase2/results/predictions/full/independent_rms/resnet/seed_202/bandpass_n20003_cV2_independent_rms_s10.npz,76427,da898584928157d9f6c0a723ec9bc3a37666bb0028b87c2ce3a4ae8189e8f682
resnet,independent_rms,202,bandpass_n20003_cV2_independent_rms_s5,phase2/results/predictions/full/independent_rms/resnet/seed_202/bandpass_n20003_cV2_independent_rms_s5.npz,76312,3a2f15edb261962fd425358fb324c9cf1a470425fb7c1837269dae8cde009736
resnet,independent_rms,202,bandpass_n20003_cV2_independent_rms_s0,phase2/results/predictions/full/independent_rms/resnet/seed_202/bandpass_n20003_cV2_independent_rms_s0.npz,75937,31b57f83150cf623bceeb4912947e443063beba9041faba3aa7b46be3ed8cae2
resnet,independent_rms,202,bandpass_n20003_cV2_electrode_s20,phase2/results/predictions/full/independent_rms/resnet/seed_202/bandpass_n20003_cV2_electrode_s20.npz,76442,83d52de58d9e61450132fbaa2111ceb8705c87456a1bd14a2874b08404fc9220
resnet,independent_rms,202,bandpass_n20003_cV2_electrode_s15,phase2/results/predictions/full/independent_rms/resnet/seed_202/bandpass_n20003_cV2_electrode_s15.npz,76471,98682f4723b01c4e9c63dc72aeda44975861221e25813fa694bb9aa9f1abf243
resnet,independent_rms,202,bandpass_n20003_cV2_electrode_s10,phase2/results/predictions/full/independent_rms/resnet/seed_202/bandpass_n20003_cV2_electrode_s10.npz,76412,6bd9874bc493a7c79080ad2b26aa181df5539b279ce1522856364de196cff82c
resnet,independent_rms,202,bandpass_n20003_cV2_electrode_s5,phase2/results/predictions/full/independent_rms/resnet/seed_202/bandpass_n20003_cV2_electrode_s5.npz,76291,420dd2d0ffdd3d0228fb0e2451e973297a1f5675a8add8df961380830be22f33
resnet,independent_rms,202,bandpass_n20003_cV2_electrode_s0,phase2/results/predictions/full/independent_rms/resnet/seed_202/bandpass_n20003_cV2_electrode_s0.npz,75948,eec72ec5b8c322b5c5994ef486655454324598f18674511d735c5f3d6573915f
resnet,independent_rms,202,bandpass_n20003_cV2_covariance_s20,phase2/results/predictions/full/independent_rms/resnet/seed_202/bandpass_n20003_cV2_covariance_s20.npz,76444,1175506416b1246739bc91a976451cd58b95480fca4996c1b11ec43a3ef8492f
resnet,independent_rms,202,bandpass_n20003_cV2_covariance_s15,phase2/results/predictions/full/independent_rms/resnet/seed_202/bandpass_n20003_cV2_covariance_s15.npz,76427,a3bf286e3b1a62aba9526f9aa77711f889d494571c72bdc34816c53695440b60
resnet,independent_rms,202,bandpass_n20003_cV2_covariance_s10,phase2/results/predictions/full/independent_rms/resnet/seed_202/bandpass_n20003_cV2_covariance_s10.npz,76404,a630edfb5468963d389d9db083b7dda866973a34aff2ab4e0bda797d70315032
resnet,independent_rms,202,bandpass_n20003_cV2_covariance_s5,phase2/results/predictions/full/independent_rms/resnet/seed_202/bandpass_n20003_cV2_covariance_s5.npz,76272,c3595fc424d7600c19716beb83fa74586223a4cd3ecc942bab41353b1f100d57
resnet,independent_rms,202,bandpass_n20003_cV2_covariance_s0,phase2/results/predictions/full/independent_rms/resnet/seed_202/bandpass_n20003_cV2_covariance_s0.npz,75960,48fedee666b486eeb23a0be667b633328abf0fb07994e28a38cd3345fdaa4d70
resnet,independent_rms,202,bandpass_n20003_cV3_independent_rms_s20,phase2/results/predictions/full/independent_rms/resnet/seed_202/bandpass_n20003_cV3_independent_rms_s20.npz,76428,6347476fb37a3e69f9b14f1924947a84246f3f4d051764978093b878f7f06d7a
resnet,independent_rms,202,bandpass_n20003_cV3_independent_rms_s15,phase2/results/predictions/full/independent_rms/resnet/seed_202/bandpass_n20003_cV3_independent_rms_s15.npz,76453,58eb32bc32b6653163e4bdfaf02bf04e6778ebffe5db224371e763f54a833bd5
resnet,independent_rms,202,bandpass_n20003_cV3_independent_rms_s10,phase2/results/predictions/full/independent_rms/resnet/seed_202/bandpass_n20003_cV3_independent_rms_s10.npz,76431,89c1ae6411ea00ff4adbc8dce82e2fa97a793536daa3c38273b2182103adf86e
resnet,independent_rms,202,bandpass_n20003_cV3_independent_rms_s5,phase2/results/predictions/full/independent_rms/resnet/seed_202/bandpass_n20003_cV3_independent_rms_s5.npz,76366,6739989c0fb02ead3fcd947f5e0df1e1350b39a6042bd6d54e4cb73bb2e6b2cd
resnet,independent_rms,202,bandpass_n20003_cV3_independent_rms_s0,phase2/results/predictions/full/independent_rms/resnet/seed_202/bandpass_n20003_cV3_independent_rms_s0.npz,76066,b5e85615540f7e7761a0b09e414b8675149e38e638deef40f2da007f161192aa
resnet,independent_rms,202,bandpass_n20003_cV3_electrode_s20,phase2/results/predictions/full/independent_rms/resnet/seed_202/bandpass_n20003_cV3_electrode_s20.npz,76433,cc6d233bed66bec4134d7df28c82cf66e377bb987939cc3d6924780df86c0d17
resnet,independent_rms,202,bandpass_n20003_cV3_electrode_s15,phase2/results/predictions/full/independent_rms/resnet/seed_202/bandpass_n20003_cV3_electrode_s15.npz,76454,c6644de6c1f4cebbbdb6a284c7a764eaef3774e25e7e24586231c8991b327b63
resnet,independent_rms,202,bandpass_n20003_cV3_electrode_s10,phase2/results/predictions/full/independent_rms/resnet/seed_202/bandpass_n20003_cV3_electrode_s10.npz,76427,859f8f618d075afbbdd102054e3e53132d8a2130ef66dd87348a09537c2d609e
resnet,independent_rms,202,bandpass_n20003_cV3_electrode_s5,phase2/results/predictions/full/independent_rms/resnet/seed_202/bandpass_n20003_cV3_electrode_s5.npz,76393,6d2102bf7d705bfb04f8026302e965eb31a5932949c66b7253304c7835c62502
resnet,independent_rms,202,bandpass_n20003_cV3_electrode_s0,phase2/results/predictions/full/independent_rms/resnet/seed_202/bandpass_n20003_cV3_electrode_s0.npz,76088,fdce43fcd4c38edb598bf20324a7e4058c701e70281af7b9c49458778b78f32d
resnet,independent_rms,202,bandpass_n20003_cV3_covariance_s20,phase2/results/predictions/full/independent_rms/resnet/seed_202/bandpass_n20003_cV3_covariance_s20.npz,76406,e236a506717d296efbdad18632a9df87b51187dd93909cf4aaa72112bc818d40
resnet,independent_rms,202,bandpass_n20003_cV3_covariance_s15,phase2/results/predictions/full/independent_rms/resnet/seed_202/bandpass_n20003_cV3_covariance_s15.npz,76467,6f2cd08469a322f4f105b9fc23236f66ae2716a01796cc3ffb9c99ef5fbbfb91
resnet,independent_rms,202,bandpass_n20003_cV3_covariance_s10,phase2/results/predictions/full/independent_rms/resnet/seed_202/bandpass_n20003_cV3_covariance_s10.npz,76457,b934a7ccdf013397605f316faa61df8b7e065fef6398eff1c77801d58098aa9f
resnet,independent_rms,202,bandpass_n20003_cV3_covariance_s5,phase2/results/predictions/full/independent_rms/resnet/seed_202/bandpass_n20003_cV3_covariance_s5.npz,76402,bdac9085689dd20d3f1100a2e860d26d3339bcd7aa359c9f2499cd1a1a52c426
resnet,independent_rms,202,bandpass_n20003_cV3_covariance_s0,phase2/results/predictions/full/independent_rms/resnet/seed_202/bandpass_n20003_cV3_covariance_s0.npz,76080,981f4a7480da31e790b2bd222fcf429d652a004d6d0a851f9628a8a81411c468
resnet,independent_rms,202,bandpass_n20003_cV4_independent_rms_s20,phase2/results/predictions/full/independent_rms/resnet/seed_202/bandpass_n20003_cV4_independent_rms_s20.npz,76469,b53907582ec0f3f5ed6d12cde027907610b05d559801cdf02ffac8f9720f31f8
resnet,independent_rms,202,bandpass_n20003_cV4_independent_rms_s15,phase2/results/predictions/full/independent_rms/resnet/seed_202/bandpass_n20003_cV4_independent_rms_s15.npz,76438,66ab353fa8981ac87c3fdde03bff1cce0649a47a02420b5bb8ce4f6b0c6e48d5
resnet,independent_rms,202,bandpass_n20003_cV4_independent_rms_s10,phase2/results/predictions/full/independent_rms/resnet/seed_202/bandpass_n20003_cV4_independent_rms_s10.npz,76404,8b8111dcc53e1053ac0da2b761ba6a26af4e65cca44736c5bedde1d462b7b7aa
resnet,independent_rms,202,bandpass_n20003_cV4_independent_rms_s5,phase2/results/predictions/full/independent_rms/resnet/seed_202/bandpass_n20003_cV4_independent_rms_s5.npz,76337,0b51b4d5b2d4fba2eae55c158dd7469a785feb4cb43734f9190e438d3fca230a
resnet,independent_rms,202,bandpass_n20003_cV4_independent_rms_s0,phase2/results/predictions/full/independent_rms/resnet/seed_202/bandpass_n20003_cV4_independent_rms_s0.npz,75926,6a4aeeac9ecaff22f3911550a5f453d97f94a2f4fb02083e2039d9faa67bef04
resnet,independent_rms,202,bandpass_n20003_cV4_electrode_s20,phase2/results/predictions/full/independent_rms/resnet/seed_202/bandpass_n20003_cV4_electrode_s20.npz,76447,41b53928f7129dce80f99459fbc41c76db89e80625fac73fa8a14439c065c97b
resnet,independent_rms,202,bandpass_n20003_cV4_electrode_s15,phase2/results/predictions/full/independent_rms/resnet/seed_202/bandpass_n20003_cV4_electrode_s15.npz,76437,4a6f52458d0dd93feba32e53655c01fdb9ed8f3fa27b7c9a86723acf525d2e38
resnet,independent_rms,202,bandpass_n20003_cV4_electrode_s10,phase2/results/predictions/full/independent_rms/resnet/seed_202/bandpass_n20003_cV4_electrode_s10.npz,76431,3264baaf7d8f7925c00ebe94e1711e26348b64ade7ec3ec971981bd165f4c490
resnet,independent_rms,202,bandpass_n20003_cV4_electrode_s5,phase2/results/predictions/full/independent_rms/resnet/seed_202/bandpass_n20003_cV4_electrode_s5.npz,76303,c4cedbe8bff2fea1f45640b16c05026ddf9c49d162e8df39ff22efbf8c39b3cf
resnet,independent_rms,202,bandpass_n20003_cV4_electrode_s0,phase2/results/predictions/full/independent_rms/resnet/seed_202/bandpass_n20003_cV4_electrode_s0.npz,75926,155a6d778285ad0d5465074cb96c0e7638b3a09b14d8bafdeda04a008c98341a
resnet,independent_rms,202,bandpass_n20003_cV4_covariance_s20,phase2/results/predictions/full/independent_rms/resnet/seed_202/bandpass_n20003_cV4_covariance_s20.npz,76454,099b8d49107e9edc60346fd6d50c02dea247920b80652b764652e2ddda60e903
resnet,independent_rms,202,bandpass_n20003_cV4_covariance_s15,phase2/results/predictions/full/independent_rms/resnet/seed_202/bandpass_n20003_cV4_covariance_s15.npz,76440,8caf2c2579eb3f25202beb9b9b612dd0596402bee62fd251b9800d9459d244b6
resnet,independent_rms,202,bandpass_n20003_cV4_covariance_s10,phase2/results/predictions/full/independent_rms/resnet/seed_202/bandpass_n20003_cV4_covariance_s10.npz,76404,b7f5a9ff90046eb123a3c4ba6a9434a412c2b0fea6f1f671eb95226043210e58
resnet,independent_rms,202,bandpass_n20003_cV4_covariance_s5,phase2/results/predictions/full/independent_rms/resnet/seed_202/bandpass_n20003_cV4_covariance_s5.npz,76300,f63e455a649eefbd42cedee509b5269086bafa16b7bf208d90786976490c3b84
resnet,independent_rms,202,bandpass_n20003_cV4_covariance_s0,phase2/results/predictions/full/independent_rms/resnet/seed_202/bandpass_n20003_cV4_covariance_s0.npz,75914,ee4e0015418cbe5ce2726327f4f7b97522ad596b16edb7dfb76e4e179627ab25
resnet,independent_rms,202,bandpass_n20003_cV5_independent_rms_s20,phase2/results/predictions/full/independent_rms/resnet/seed_202/bandpass_n20003_cV5_independent_rms_s20.npz,76439,e7a60eef3bf9fabf2a8aff8fcd55ae9a0a6e785800aaf4c07330b99e19a84df0
resnet,independent_rms,202,bandpass_n20003_cV5_independent_rms_s15,phase2/results/predictions/full/independent_rms/resnet/seed_202/bandpass_n20003_cV5_independent_rms_s15.npz,76419,fd94ad4a40abdea1395d40011fc0118e86f00798716966f2f84d361d75e85280
resnet,independent_rms,202,bandpass_n20003_cV5_independent_rms_s10,phase2/results/predictions/full/independent_rms/resnet/seed_202/bandpass_n20003_cV5_independent_rms_s10.npz,76407,bed7fe5d322769a801b4d24a65e887e88556ab745b8ebdd449a65332df209eb0
resnet,independent_rms,202,bandpass_n20003_cV5_independent_rms_s5,phase2/results/predictions/full/independent_rms/resnet/seed_202/bandpass_n20003_cV5_independent_rms_s5.npz,76207,fe16cda220d2d3013857a113e11abc0614d4505df423984a70eba82d0e045574
resnet,independent_rms,202,bandpass_n20003_cV5_independent_rms_s0,phase2/results/predictions/full/independent_rms/resnet/seed_202/bandpass_n20003_cV5_independent_rms_s0.npz,75818,2f8e320ab5cc52dace145168ec99e157ec17745ec90d5150c36d603658172c6b
resnet,independent_rms,202,bandpass_n20003_cV5_electrode_s20,phase2/results/predictions/full/independent_rms/resnet/seed_202/bandpass_n20003_cV5_electrode_s20.npz,76422,3fdfe7c9ca2ab338ef81fa36dbcf74d42bbc0d0af8a19ffecbf8dfcd4dac7990
resnet,independent_rms,202,bandpass_n20003_cV5_electrode_s15,phase2/results/predictions/full/independent_rms/resnet/seed_202/bandpass_n20003_cV5_electrode_s15.npz,76426,785e3a61566e00280098b861a33f0bc5e4b5df7c43ce9074119226346fb5be07
resnet,independent_rms,202,bandpass_n20003_cV5_electrode_s10,phase2/results/predictions/full/independent_rms/resnet/seed_202/bandpass_n20003_cV5_electrode_s10.npz,76337,0bbb6a4d928c177da39a3cf639f18c3193c490fd35e893f5ba8eb65df8af5cb1
resnet,independent_rms,202,bandpass_n20003_cV5_electrode_s5,phase2/results/predictions/full/independent_rms/resnet/seed_202/bandpass_n20003_cV5_electrode_s5.npz,76209,9f45e408aca3cf01497af59c5b143a0ade4df53d787724dc0b2c4af88097fffb
resnet,independent_rms,202,bandpass_n20003_cV5_electrode_s0,phase2/results/predictions/full/independent_rms/resnet/seed_202/bandpass_n20003_cV5_electrode_s0.npz,75804,21e8aa1cdd0eed331dd79ac811007744b976446f41c33e7605f5eb968be84ad4
resnet,independent_rms,202,bandpass_n20003_cV5_covariance_s20,phase2/results/predictions/full/independent_rms/resnet/seed_202/bandpass_n20003_cV5_covariance_s20.npz,76432,061c6ac7ecbfa0d844a93b24fea07fde9ce01f2f3f6179b1d5a1fb4bcd70ee73
resnet,independent_rms,202,bandpass_n20003_cV5_covariance_s15,phase2/results/predictions/full/independent_rms/resnet/seed_202/bandpass_n20003_cV5_covariance_s15.npz,76383,e887756a5b9ccf46fd4e977f793e3729266a0ce949ad3b501ff78404777e3df4
resnet,independent_rms,202,bandpass_n20003_cV5_covariance_s10,phase2/results/predictions/full/independent_rms/resnet/seed_202/bandpass_n20003_cV5_covariance_s10.npz,76402,48ab52cca21e92b4e19b0d37eccfb62e52356d636ec8e3b2d8a248108b15b9ea
resnet,independent_rms,202,bandpass_n20003_cV5_covariance_s5,phase2/results/predictions/full/independent_rms/resnet/seed_202/bandpass_n20003_cV5_covariance_s5.npz,76208,dcabdb97be89042ef04dbad666527095a22d61f1b5c24966662da27f9197dfa9
resnet,independent_rms,202,bandpass_n20003_cV5_covariance_s0,phase2/results/predictions/full/independent_rms/resnet/seed_202/bandpass_n20003_cV5_covariance_s0.npz,75810,65b9a30e9165a121c2706a2467e593007c9a81a6607a0516c899f055935a3e5f
resnet,independent_rms,202,bandpass_n20003_cV6_independent_rms_s20,phase2/results/predictions/full/independent_rms/resnet/seed_202/bandpass_n20003_cV6_independent_rms_s20.npz,76458,e6059bf9ef979c11ea2911e72ae5368683b4731e433673281ce5acde8f6b1421
resnet,independent_rms,202,bandpass_n20003_cV6_independent_rms_s15,phase2/results/predictions/full/independent_rms/resnet/seed_202/bandpass_n20003_cV6_independent_rms_s15.npz,76429,53c1bc738574d76dd685bb66f9e3c4c03a6c6bac890670c4df2754d2aefc877f
resnet,independent_rms,202,bandpass_n20003_cV6_independent_rms_s10,phase2/results/predictions/full/independent_rms/resnet/seed_202/bandpass_n20003_cV6_independent_rms_s10.npz,76409,f530554f9ac33730426948dba7d4a5453a76b7efc8bc1ac1f3820341ba419895
resnet,independent_rms,202,bandpass_n20003_cV6_independent_rms_s5,phase2/results/predictions/full/independent_rms/resnet/seed_202/bandpass_n20003_cV6_independent_rms_s5.npz,76232,460a794cc178b81d8f8d360720c8bd677bd12bf9b337cc9b95c7eddeb20ba941
resnet,independent_rms,202,bandpass_n20003_cV6_independent_rms_s0,phase2/results/predictions/full/independent_rms/resnet/seed_202/bandpass_n20003_cV6_independent_rms_s0.npz,75773,61eebab81b481045605932a4edfc02db98ea6a09371605b5c53897798eeace76
resnet,independent_rms,202,bandpass_n20003_cV6_electrode_s20,phase2/results/predictions/full/independent_rms/resnet/seed_202/bandpass_n20003_cV6_electrode_s20.npz,76452,7cd29330bd9837a0959a364874f635f0649abbe668e6b44ae66b7c801ee439ad
resnet,independent_rms,202,bandpass_n20003_cV6_electrode_s15,phase2/results/predictions/full/independent_rms/resnet/seed_202/bandpass_n20003_cV6_electrode_s15.npz,76436,50f1d3a5bc5c8b4535f9170d9b0bb65217b352e4cd3ccc5e85f12c689eb3010e
resnet,independent_rms,202,bandpass_n20003_cV6_electrode_s10,phase2/results/predictions/full/independent_rms/resnet/seed_202/bandpass_n20003_cV6_electrode_s10.npz,76389,cfd4a9354d09ef4b79d960d65c61f8dc118eb7aadc5ff25a478b4d897d40ae81
resnet,independent_rms,202,bandpass_n20003_cV6_electrode_s5,phase2/results/predictions/full/independent_rms/resnet/seed_202/bandpass_n20003_cV6_electrode_s5.npz,76208,29e7d765bedbb27154808ef1a5b0621fb845058d6f5a0da5ceee525d51490114
resnet,independent_rms,202,bandpass_n20003_cV6_electrode_s0,phase2/results/predictions/full/independent_rms/resnet/seed_202/bandpass_n20003_cV6_electrode_s0.npz,75746,0583ac8d9262a6eb7b6e5c6a60aa07fbd49396c43de02bd4844487750b3798d7
resnet,independent_rms,202,bandpass_n20003_cV6_covariance_s20,phase2/results/predictions/full/independent_rms/resnet/seed_202/bandpass_n20003_cV6_covariance_s20.npz,76430,376a781fe22233191a246a135e66c508f1915e0bdd57028e0014d6cca483ad12
resnet,independent_rms,202,bandpass_n20003_cV6_covariance_s15,phase2/results/predictions/full/independent_rms/resnet/seed_202/bandpass_n20003_cV6_covariance_s15.npz,76429,e6f46aa120ccbd71512c31a0a5410c615933ff3e8321e09416d517934b25fbe2
resnet,independent_rms,202,bandpass_n20003_cV6_covariance_s10,phase2/results/predictions/full/independent_rms/resnet/seed_202/bandpass_n20003_cV6_covariance_s10.npz,76400,b1fdbb4ed09089d94c71c3fca665a672744ee30bb040650cd54e52214b74c0ac
resnet,independent_rms,202,bandpass_n20003_cV6_covariance_s5,phase2/results/predictions/full/independent_rms/resnet/seed_202/bandpass_n20003_cV6_covariance_s5.npz,76243,53da0cc9013fc70f66f6bf90ade5238ebc4a926abe1427a100c6f285d19ed8fc
resnet,independent_rms,202,bandpass_n20003_cV6_covariance_s0,phase2/results/predictions/full/independent_rms/resnet/seed_202/bandpass_n20003_cV6_covariance_s0.npz,75756,cd323016b9e2813dfe9854e3dee291128e202618aede8698fccff9afb8e16630
resnet,independent_rms,202,bandpass_n20003_cRA_LA_independent_rms_s20,phase2/results/predictions/full/independent_rms/resnet/seed_202/bandpass_n20003_cRA_LA_independent_rms_s20.npz,76469,c2267fa89fa36aa61497b581b68698d83aa92ab2eb0f64c6f2344870ab871ad3
resnet,independent_rms,202,bandpass_n20003_cRA_LA_independent_rms_s15,phase2/results/predictions/full/independent_rms/resnet/seed_202/bandpass_n20003_cRA_LA_independent_rms_s15.npz,76463,be25192c75a282e07b3132b8c41ecd43e25363fa9cba8daf9a500407eebf01e9
resnet,independent_rms,202,bandpass_n20003_cRA_LA_independent_rms_s10,phase2/results/predictions/full/independent_rms/resnet/seed_202/bandpass_n20003_cRA_LA_independent_rms_s10.npz,76375,7608171f4a610d1435080fd6a4bb97dd788a5b7e92a9ba9215d24bdddd52d190
resnet,independent_rms,202,bandpass_n20003_cRA_LA_independent_rms_s5,phase2/results/predictions/full/independent_rms/resnet/seed_202/bandpass_n20003_cRA_LA_independent_rms_s5.npz,76255,01411e875aeb2c1c4f08173e94c3132b33866812d4911e2d41df363bb5e55271
resnet,independent_rms,202,bandpass_n20003_cRA_LA_independent_rms_s0,phase2/results/predictions/full/independent_rms/resnet/seed_202/bandpass_n20003_cRA_LA_independent_rms_s0.npz,75781,e0c4ca8efad61f3f9e86f26e3e38c57d67acf28ab4e58ee56f63a7b166e214f8
resnet,independent_rms,202,bandpass_n20003_cRA_LA_electrode_s20,phase2/results/predictions/full/independent_rms/resnet/seed_202/bandpass_n20003_cRA_LA_electrode_s20.npz,76453,d51c138b4335dde8a0743dced1fb92cbe1f9ebb1247085243a2e5370cd73bb0e
resnet,independent_rms,202,bandpass_n20003_cRA_LA_electrode_s15,phase2/results/predictions/full/independent_rms/resnet/seed_202/bandpass_n20003_cRA_LA_electrode_s15.npz,76417,1da170a47e81e83c24491c9b22440854bb5fa7b09857567b0d9e34b6848d821d
resnet,independent_rms,202,bandpass_n20003_cRA_LA_electrode_s10,phase2/results/predictions/full/independent_rms/resnet/seed_202/bandpass_n20003_cRA_LA_electrode_s10.npz,76301,bc140cfd7228c8111e959b10c1b22709320a0c25140f36d07b6f4afe866c67e7
resnet,independent_rms,202,bandpass_n20003_cRA_LA_electrode_s5,phase2/results/predictions/full/independent_rms/resnet/seed_202/bandpass_n20003_cRA_LA_electrode_s5.npz,76130,1ef9681135df7eb354c134e32d4d882a56712bb79ebb41e652475d358278bce1
resnet,independent_rms,202,bandpass_n20003_cRA_LA_electrode_s0,phase2/results/predictions/full/independent_rms/resnet/seed_202/bandpass_n20003_cRA_LA_electrode_s0.npz,75577,2e5c98d4a50a0545c170f1cded1b4f492ef04188af127b99d5c47b5b4744d628
resnet,independent_rms,202,bandpass_n20003_cRA_LA_covariance_s20,phase2/results/predictions/full/independent_rms/resnet/seed_202/bandpass_n20003_cRA_LA_covariance_s20.npz,76451,0da8e0f06b701b0a2c2e0bc922dc14e21bfeffa334632aac9aa6de706828a938
resnet,independent_rms,202,bandpass_n20003_cRA_LA_covariance_s15,phase2/results/predictions/full/independent_rms/resnet/seed_202/bandpass_n20003_cRA_LA_covariance_s15.npz,76394,edc452f3e1b2d5c035eb9a8224a43af51e749c2086aaa3a3d1259932d76dde61
resnet,independent_rms,202,bandpass_n20003_cRA_LA_covariance_s10,phase2/results/predictions/full/independent_rms/resnet/seed_202/bandpass_n20003_cRA_LA_covariance_s10.npz,76323,bd8f535844f496b7f454cae3b09b1267d62a60f302e54c049203c0aba3e9c3f8
resnet,independent_rms,202,bandpass_n20003_cRA_LA_covariance_s5,phase2/results/predictions/full/independent_rms/resnet/seed_202/bandpass_n20003_cRA_LA_covariance_s5.npz,76088,f5df730207e861e704cf0597080cfbabe2c3d99ef6844640a814ae2581c5a868
resnet,independent_rms,202,bandpass_n20003_cRA_LA_covariance_s0,phase2/results/predictions/full/independent_rms/resnet/seed_202/bandpass_n20003_cRA_LA_covariance_s0.npz,75548,cdb8d62adef9fc9a715e76fd6627791f461bf437b0c87ae9812f4cb926d665a7
resnet,independent_rms,202,bandpass_n20003_cLA_LL_independent_rms_s20,phase2/results/predictions/full/independent_rms/resnet/seed_202/bandpass_n20003_cLA_LL_independent_rms_s20.npz,76454,9f4cb810fcffa877e28784a5931c8643ee9458bd8e90e128d681f47ec43ac4e5
resnet,independent_rms,202,bandpass_n20003_cLA_LL_independent_rms_s15,phase2/results/predictions/full/independent_rms/resnet/seed_202/bandpass_n20003_cLA_LL_independent_rms_s15.npz,76458,78da5e041e9ae9f07ae8e42d701c52657800d73a21dbe980cd69c53a8a33ad0f
resnet,independent_rms,202,bandpass_n20003_cLA_LL_independent_rms_s10,phase2/results/predictions/full/independent_rms/resnet/seed_202/bandpass_n20003_cLA_LL_independent_rms_s10.npz,76418,900c7ee5cfa692cb24045166668ac0c669e9bd90e29ffc5f58422a24c82e93c8
resnet,independent_rms,202,bandpass_n20003_cLA_LL_independent_rms_s5,phase2/results/predictions/full/independent_rms/resnet/seed_202/bandpass_n20003_cLA_LL_independent_rms_s5.npz,76267,cd07c730e737dd149790289e8c2dd603d565e4b5c1fffd9d35a104385bfd4551
resnet,independent_rms,202,bandpass_n20003_cLA_LL_independent_rms_s0,phase2/results/predictions/full/independent_rms/resnet/seed_202/bandpass_n20003_cLA_LL_independent_rms_s0.npz,75796,342f379d3e132d4a5c92a4c4cb2b0b18c9635705378d96efe3d3881a85766446
resnet,independent_rms,202,bandpass_n20003_cLA_LL_electrode_s20,phase2/results/predictions/full/independent_rms/resnet/seed_202/bandpass_n20003_cLA_LL_electrode_s20.npz,76438,598878a75d3f670e0423d9f4448e4426dc104bbea122e579d3a754cadb07fcb4
resnet,independent_rms,202,bandpass_n20003_cLA_LL_electrode_s15,phase2/results/predictions/full/independent_rms/resnet/seed_202/bandpass_n20003_cLA_LL_electrode_s15.npz,76434,4da1219314a4ea9a5bf88627c5ad97e66ef87a18a01387f459157d892994e395
resnet,independent_rms,202,bandpass_n20003_cLA_LL_electrode_s10,phase2/results/predictions/full/independent_rms/resnet/seed_202/bandpass_n20003_cLA_LL_electrode_s10.npz,76368,cfb27206788be94a2c82186243d18af2bf99401cd744789961c88f496b216f1a
resnet,independent_rms,202,bandpass_n20003_cLA_LL_electrode_s5,phase2/results/predictions/full/independent_rms/resnet/seed_202/bandpass_n20003_cLA_LL_electrode_s5.npz,76081,7d9607149794f68dfb2b1c05fd4b898208b788446125638570923c68d0087bd5
resnet,independent_rms,202,bandpass_n20003_cLA_LL_electrode_s0,phase2/results/predictions/full/independent_rms/resnet/seed_202/bandpass_n20003_cLA_LL_electrode_s0.npz,75474,421ea3b274871b8e352e7ff6905e50ef56cba39148b1d06b7e91521f1827463c
resnet,independent_rms,202,bandpass_n20003_cLA_LL_covariance_s20,phase2/results/predictions/full/independent_rms/resnet/seed_202/bandpass_n20003_cLA_LL_covariance_s20.npz,76456,865319805556d22b42f68586eed45a2fd070755aacbd073c89e0957d01c789a1
resnet,independent_rms,202,bandpass_n20003_cLA_LL_covariance_s15,phase2/results/predictions/full/independent_rms/resnet/seed_202/bandpass_n20003_cLA_LL_covariance_s15.npz,76395,0b04e428124f248eeb2b366d3bbf071d152e01fe3985b2e7d93eff53d9f79813
resnet,independent_rms,202,bandpass_n20003_cLA_LL_covariance_s10,phase2/results/predictions/full/independent_rms/resnet/seed_202/bandpass_n20003_cLA_LL_covariance_s10.npz,76340,9edb230df56499669fbc55e74e790424f58898e767eb1eee619089a35b2e53ac
resnet,independent_rms,202,bandpass_n20003_cLA_LL_covariance_s5,phase2/results/predictions/full/independent_rms/resnet/seed_202/bandpass_n20003_cLA_LL_covariance_s5.npz,76091,9731450ac5a7940153fb053030c495961352e6e6d68f232e1b2caae19caf57cb
resnet,independent_rms,202,bandpass_n20003_cLA_LL_covariance_s0,phase2/results/predictions/full/independent_rms/resnet/seed_202/bandpass_n20003_cLA_LL_covariance_s0.npz,75457,d4277382111bd60fd160fbda20197f2a314681c7edad788bad36fb11f164ddf4
resnet,independent_rms,202,bandpass_n20003_cRA_LL_independent_rms_s20,phase2/results/predictions/full/independent_rms/resnet/seed_202/bandpass_n20003_cRA_LL_independent_rms_s20.npz,76474,e24c1bf0547be6a9202d8414fcff5bb04c03e84d2acd583fe35e049583a01f98
resnet,independent_rms,202,bandpass_n20003_cRA_LL_independent_rms_s15,phase2/results/predictions/full/independent_rms/resnet/seed_202/bandpass_n20003_cRA_LL_independent_rms_s15.npz,76446,52ac51c86b9d55e15484467c4b0dcbdfef6ae4e2cbc45968942f9aedf3e46666
resnet,independent_rms,202,bandpass_n20003_cRA_LL_independent_rms_s10,phase2/results/predictions/full/independent_rms/resnet/seed_202/bandpass_n20003_cRA_LL_independent_rms_s10.npz,76405,49b84fcfe4aa6ddb02039d187e4b14797f961d5c3c8f9967a060fdbbc23f7dec
resnet,independent_rms,202,bandpass_n20003_cRA_LL_independent_rms_s5,phase2/results/predictions/full/independent_rms/resnet/seed_202/bandpass_n20003_cRA_LL_independent_rms_s5.npz,76248,93360e051a228b9b6cd374c6ce51a83383e7680bacd21b328682d61be4ad8537
resnet,independent_rms,202,bandpass_n20003_cRA_LL_independent_rms_s0,phase2/results/predictions/full/independent_rms/resnet/seed_202/bandpass_n20003_cRA_LL_independent_rms_s0.npz,75841,ee8b02b17f0478ee9d84fddfacf49b2d4504849453d5eb6e33ce09f6c66d80c0
resnet,independent_rms,202,bandpass_n20003_cRA_LL_electrode_s20,phase2/results/predictions/full/independent_rms/resnet/seed_202/bandpass_n20003_cRA_LL_electrode_s20.npz,76461,53456c702da72bf9b23be2c2937f5c0676521e86357dbf435162555bafde5f13
resnet,independent_rms,202,bandpass_n20003_cRA_LL_electrode_s15,phase2/results/predictions/full/independent_rms/resnet/seed_202/bandpass_n20003_cRA_LL_electrode_s15.npz,76389,ed8355283fd7ae1a2fbd5e29483e6e46eab6972df56a773df96965e0ecc9d3dc
resnet,independent_rms,202,bandpass_n20003_cRA_LL_electrode_s10,phase2/results/predictions/full/independent_rms/resnet/seed_202/bandpass_n20003_cRA_LL_electrode_s10.npz,76299,365ea818f9aff897b4b028177d826c9a3a1c7552f7875f1ec2ad03b53fd6f762
resnet,independent_rms,202,bandpass_n20003_cRA_LL_electrode_s5,phase2/results/predictions/full/independent_rms/resnet/seed_202/bandpass_n20003_cRA_LL_electrode_s5.npz,76083,cfec6060b5f548b25d3bd482b77a02368a9aa1797be61513d49e9ba1f7843fc4
resnet,independent_rms,202,bandpass_n20003_cRA_LL_electrode_s0,phase2/results/predictions/full/independent_rms/resnet/seed_202/bandpass_n20003_cRA_LL_electrode_s0.npz,75503,42041f7402206c06ea0a9520c12423753ae31897a77929a1e53051636d56b390
resnet,independent_rms,202,bandpass_n20003_cRA_LL_covariance_s20,phase2/results/predictions/full/independent_rms/resnet/seed_202/bandpass_n20003_cRA_LL_covariance_s20.npz,76475,d64756cd97a81a84bcb544a538504b40e174cd88cb133ad6e4bd38a0c7223077
resnet,independent_rms,202,bandpass_n20003_cRA_LL_covariance_s15,phase2/results/predictions/full/independent_rms/resnet/seed_202/bandpass_n20003_cRA_LL_covariance_s15.npz,76418,46ae2e5c866710e0b86789a32b792d75721b8025d70fe1685a9496a9401d335b
resnet,independent_rms,202,bandpass_n20003_cRA_LL_covariance_s10,phase2/results/predictions/full/independent_rms/resnet/seed_202/bandpass_n20003_cRA_LL_covariance_s10.npz,76286,8b8e5d2780161e1b589747cf4a8d014e2c06fc81a07d75a0aab707f467158ba4
resnet,independent_rms,202,bandpass_n20003_cRA_LL_covariance_s5,phase2/results/predictions/full/independent_rms/resnet/seed_202/bandpass_n20003_cRA_LL_covariance_s5.npz,76068,10efd9a813335256288d0b9dc2d02396ceb7f3ead7750791b639093ff4eaf6fe
resnet,independent_rms,202,bandpass_n20003_cRA_LL_covariance_s0,phase2/results/predictions/full/independent_rms/resnet/seed_202/bandpass_n20003_cRA_LL_covariance_s0.npz,75531,bbf60b3306c8f17d39c1f2d0c6674e244e071ca4384cf6bdcf3b4c473a0010a7
resnet,independent_rms,202,bandpass_n20003_cRA_independent_rms_s20,phase2/results/predictions/full/independent_rms/resnet/seed_202/bandpass_n20003_cRA_independent_rms_s20.npz,76488,ee5e31cd833a0e928de7969af722e4ae46b088931ebd08185956ebf3cfb81d86
resnet,independent_rms,202,bandpass_n20003_cRA_independent_rms_s15,phase2/results/predictions/full/independent_rms/resnet/seed_202/bandpass_n20003_cRA_independent_rms_s15.npz,76450,258a728c92f7c462925523f18d1641e7bad3f1abf09d7b6fa67f95c75f867e25
resnet,independent_rms,202,bandpass_n20003_cRA_independent_rms_s10,phase2/results/predictions/full/independent_rms/resnet/seed_202/bandpass_n20003_cRA_independent_rms_s10.npz,76403,6e64bbe172ac1143ac90ad9b7d083c72d42c6121b5998ca81b47f5799f3e59a1
resnet,independent_rms,202,bandpass_n20003_cRA_independent_rms_s5,phase2/results/predictions/full/independent_rms/resnet/seed_202/bandpass_n20003_cRA_independent_rms_s5.npz,76268,bbe29cc211079f2ada1aa898020bee909c13552c8a36d9cb310c8141fdee9dad
resnet,independent_rms,202,bandpass_n20003_cRA_independent_rms_s0,phase2/results/predictions/full/independent_rms/resnet/seed_202/bandpass_n20003_cRA_independent_rms_s0.npz,75793,3ac0dc460b49fff322dd00bef30fa24b90d6a811b90a7d6a1ec78f2424045560
resnet,independent_rms,202,bandpass_n20003_cRA_electrode_s20,phase2/results/predictions/full/independent_rms/resnet/seed_202/bandpass_n20003_cRA_electrode_s20.npz,76412,44f03a9366c4e47422009b5522e483f89e0f3773c515f40b6158807454e32ce7
resnet,independent_rms,202,bandpass_n20003_cRA_electrode_s15,phase2/results/predictions/full/independent_rms/resnet/seed_202/bandpass_n20003_cRA_electrode_s15.npz,76386,9e15db57a2ec4c627620ef6783d0330307e035c8129b0125963de04af71577a9
resnet,independent_rms,202,bandpass_n20003_cRA_electrode_s10,phase2/results/predictions/full/independent_rms/resnet/seed_202/bandpass_n20003_cRA_electrode_s10.npz,76303,c778d598ee950be484fa63bb1c74e4a4ca2cfaa0d0973348ed4d5e7802fd697f
resnet,independent_rms,202,bandpass_n20003_cRA_electrode_s5,phase2/results/predictions/full/independent_rms/resnet/seed_202/bandpass_n20003_cRA_electrode_s5.npz,76053,f5766c4f9409c7abc984b96a77eeff4dd3724130bb603509617a37b13795d5e9
resnet,independent_rms,202,bandpass_n20003_cRA_electrode_s0,phase2/results/predictions/full/independent_rms/resnet/seed_202/bandpass_n20003_cRA_electrode_s0.npz,75662,5bc0fc2819514d635edb25ec8fe5b0b4141217e989ddb5ee7798772f8facf2d6
resnet,independent_rms,202,bandpass_n20003_cRA_covariance_s20,phase2/results/predictions/full/independent_rms/resnet/seed_202/bandpass_n20003_cRA_covariance_s20.npz,76441,2cf09e7b2ced55f1f385949da77dfd8a7294ad0a746711a082b5505f835438b3
resnet,independent_rms,202,bandpass_n20003_cRA_covariance_s15,phase2/results/predictions/full/independent_rms/resnet/seed_202/bandpass_n20003_cRA_covariance_s15.npz,76396,7ac68019d58d89637bce8c8a64ff51e277f08acb0bfb9bf8924091b7009b91bc
resnet,independent_rms,202,bandpass_n20003_cRA_covariance_s10,phase2/results/predictions/full/independent_rms/resnet/seed_202/bandpass_n20003_cRA_covariance_s10.npz,76285,3df4f46377f896c3ca6097e526df89dfcd394fc2c9eb47921a0434592443d41e
resnet,independent_rms,202,bandpass_n20003_cRA_covariance_s5,phase2/results/predictions/full/independent_rms/resnet/seed_202/bandpass_n20003_cRA_covariance_s5.npz,76044,8dd9e905937aa482c5cca6f66c6edbee49b347f8cb0dde42c0547dd48cb00005
resnet,independent_rms,202,bandpass_n20003_cRA_covariance_s0,phase2/results/predictions/full/independent_rms/resnet/seed_202/bandpass_n20003_cRA_covariance_s0.npz,75709,96c49e351a5a42950daace91d7e2abe30c9205a0bf0bf8126e22c15e71cca72d
resnet,independent_rms,202,bandpass_n20003_cLA_independent_rms_s20,phase2/results/predictions/full/independent_rms/resnet/seed_202/bandpass_n20003_cLA_independent_rms_s20.npz,76463,875dd0f9bd841d55ed2c96ff26a62858bcdfc90da604d45d379dc9cce6136efa
resnet,independent_rms,202,bandpass_n20003_cLA_independent_rms_s15,phase2/results/predictions/full/independent_rms/resnet/seed_202/bandpass_n20003_cLA_independent_rms_s15.npz,76454,caff5960f08db5129bfff896181359fc67fed38ea0d0206bace2ac4fa02ea10d
resnet,independent_rms,202,bandpass_n20003_cLA_independent_rms_s10,phase2/results/predictions/full/independent_rms/resnet/seed_202/bandpass_n20003_cLA_independent_rms_s10.npz,76387,1eae8a203a8b38bfa7bc6b70e53009cae00bedb8899f8b3e36b5d3607e7409a9
resnet,independent_rms,202,bandpass_n20003_cLA_independent_rms_s5,phase2/results/predictions/full/independent_rms/resnet/seed_202/bandpass_n20003_cLA_independent_rms_s5.npz,76265,06cf3886648c032e25484a817f03a466fe158c88b3f37ee00166f5f0cd222ef7
resnet,independent_rms,202,bandpass_n20003_cLA_independent_rms_s0,phase2/results/predictions/full/independent_rms/resnet/seed_202/bandpass_n20003_cLA_independent_rms_s0.npz,75766,c4bf5ea52362e293a854229b33f8322fa14c10e999a8efeb7bde446caad963d6
resnet,independent_rms,202,bandpass_n20003_cLA_electrode_s20,phase2/results/predictions/full/independent_rms/resnet/seed_202/bandpass_n20003_cLA_electrode_s20.npz,76443,522d2deb8e4bdc2f2a951177bf368ebde1e796505423ed3bafc129e8488b5db8
resnet,independent_rms,202,bandpass_n20003_cLA_electrode_s15,phase2/results/predictions/full/independent_rms/resnet/seed_202/bandpass_n20003_cLA_electrode_s15.npz,76423,496ef7a163d1d17f460a52be0ca12a5afbc624c5ca0faa01f1d2b3870340fcac
resnet,independent_rms,202,bandpass_n20003_cLA_electrode_s10,phase2/results/predictions/full/independent_rms/resnet/seed_202/bandpass_n20003_cLA_electrode_s10.npz,76336,91be3117b9d1a3a6fc13130b289452b68db006c7cb328ba28e719a2260527517
resnet,independent_rms,202,bandpass_n20003_cLA_electrode_s5,phase2/results/predictions/full/independent_rms/resnet/seed_202/bandpass_n20003_cLA_electrode_s5.npz,76074,92ba21c961f7dffbee0e9254552bd45e8cceb9a89790771901e061e823f1bc45
resnet,independent_rms,202,bandpass_n20003_cLA_electrode_s0,phase2/results/predictions/full/independent_rms/resnet/seed_202/bandpass_n20003_cLA_electrode_s0.npz,75502,b24a7b89b88f370a091c9ee410495f968e8a98cc58bf3a22185adfb7ee3f5db1
resnet,independent_rms,202,bandpass_n20003_cLA_covariance_s20,phase2/results/predictions/full/independent_rms/resnet/seed_202/bandpass_n20003_cLA_covariance_s20.npz,76420,73fc494f44b1d0404b48685fc4410eb828c019d773e8ff195c2fbc06012a7778
resnet,independent_rms,202,bandpass_n20003_cLA_covariance_s15,phase2/results/predictions/full/independent_rms/resnet/seed_202/bandpass_n20003_cLA_covariance_s15.npz,76407,f08b15c096219f8802140ee2b3849d266a44404d4f97d10cde1f0c5cddae0e3a
resnet,independent_rms,202,bandpass_n20003_cLA_covariance_s10,phase2/results/predictions/full/independent_rms/resnet/seed_202/bandpass_n20003_cLA_covariance_s10.npz,76351,9ba59db22e93b850a808d2f4776af48869409d93b75b663190e6e8665da0880b
resnet,independent_rms,202,bandpass_n20003_cLA_covariance_s5,phase2/results/predictions/full/independent_rms/resnet/seed_202/bandpass_n20003_cLA_covariance_s5.npz,76079,160a8827c5a47ecf29afd9b600bfa4edc6b06e613382806172b80b132808ab03
resnet,independent_rms,202,bandpass_n20003_cLA_covariance_s0,phase2/results/predictions/full/independent_rms/resnet/seed_202/bandpass_n20003_cLA_covariance_s0.npz,75487,abf125bf2d89df035fb24f7cad5a540b0c0c5e719097a1866b6da5aadfb4daf3
resnet,independent_rms,202,bandpass_n20003_cLL_independent_rms_s20,phase2/results/predictions/full/independent_rms/resnet/seed_202/bandpass_n20003_cLL_independent_rms_s20.npz,76477,b8e8627f5e1648160c40f6958883771fad98ed3b0f26512556b1c99a633e3c82
resnet,independent_rms,202,bandpass_n20003_cLL_independent_rms_s15,phase2/results/predictions/full/independent_rms/resnet/seed_202/bandpass_n20003_cLL_independent_rms_s15.npz,76412,553356d5e742c34560275c8d64936b1c06ee8c4f36cce2cf4fff04040358c516
resnet,independent_rms,202,bandpass_n20003_cLL_independent_rms_s10,phase2/results/predictions/full/independent_rms/resnet/seed_202/bandpass_n20003_cLL_independent_rms_s10.npz,76383,32b170d825da419609dd146b4f88b6407d4812ec5a0a050b848364f395d4c60a
resnet,independent_rms,202,bandpass_n20003_cLL_independent_rms_s5,phase2/results/predictions/full/independent_rms/resnet/seed_202/bandpass_n20003_cLL_independent_rms_s5.npz,76254,dc327addfa0f9747ee675b3b91be05d7542a4996d8bc87cb9c87594040b73c4f
resnet,independent_rms,202,bandpass_n20003_cLL_independent_rms_s0,phase2/results/predictions/full/independent_rms/resnet/seed_202/bandpass_n20003_cLL_independent_rms_s0.npz,75841,ddce6a84f727206f86435a4766c854d0298805b2b3227c5d475fca2878516be7
resnet,independent_rms,202,bandpass_n20003_cLL_electrode_s20,phase2/results/predictions/full/independent_rms/resnet/seed_202/bandpass_n20003_cLL_electrode_s20.npz,76422,5782ff5ab232b5a1c39969d692bf7ab7c7c09ab4df4ecf8a5d244bb39b299993
resnet,independent_rms,202,bandpass_n20003_cLL_electrode_s15,phase2/results/predictions/full/independent_rms/resnet/seed_202/bandpass_n20003_cLL_electrode_s15.npz,76398,2b504f683988f7f8750d12f91d67125c87dd0201b58dd33f173fe16585267674
resnet,independent_rms,202,bandpass_n20003_cLL_electrode_s10,phase2/results/predictions/full/independent_rms/resnet/seed_202/bandpass_n20003_cLL_electrode_s10.npz,76299,d1271bc7ec4eb57e0b6129ad27a75457514a58a8987bff1d1a9d2e5d03a0f937
resnet,independent_rms,202,bandpass_n20003_cLL_electrode_s5,phase2/results/predictions/full/independent_rms/resnet/seed_202/bandpass_n20003_cLL_electrode_s5.npz,76058,e4bf96c4641294538114ca2eb7f54f8c76200f8fbf214ebb2d8cd9ce4b79d8dd
resnet,independent_rms,202,bandpass_n20003_cLL_electrode_s0,phase2/results/predictions/full/independent_rms/resnet/seed_202/bandpass_n20003_cLL_electrode_s0.npz,75473,327e3b411de01ef718f56eedd3a91aefb2abb1a0375d6efeda3772cfd264596e
resnet,independent_rms,202,bandpass_n20003_cLL_covariance_s20,phase2/results/predictions/full/independent_rms/resnet/seed_202/bandpass_n20003_cLL_covariance_s20.npz,76448,17fbc0c72780180db85c61c20eaa317d9c246393b77a3c6e4ac7a094254ef156
resnet,independent_rms,202,bandpass_n20003_cLL_covariance_s15,phase2/results/predictions/full/independent_rms/resnet/seed_202/bandpass_n20003_cLL_covariance_s15.npz,76439,f55dedfed52f5e0b6a080bfd88a0cedad9a5c0ea31c94c0c67783154fae3d27d
resnet,independent_rms,202,bandpass_n20003_cLL_covariance_s10,phase2/results/predictions/full/independent_rms/resnet/seed_202/bandpass_n20003_cLL_covariance_s10.npz,76345,5d5750e4e877babf4f0c1a7ad0e6e8ad0e0366cc5313ccfb393a5d6f972ab0e2
resnet,independent_rms,202,bandpass_n20003_cLL_covariance_s5,phase2/results/predictions/full/independent_rms/resnet/seed_202/bandpass_n20003_cLL_covariance_s5.npz,76051,42ad956e2bedf8fdb2fd500984eaf4c215ff5b454f8d51de292335c44e5c46e5
resnet,independent_rms,202,bandpass_n20003_cLL_covariance_s0,phase2/results/predictions/full/independent_rms/resnet/seed_202/bandpass_n20003_cLL_covariance_s0.npz,75492,ecdcb2fb411842c2a26ef3c9081310b06d098d582d3537cac1839e998c10691e
resnet,independent_rms,202,bandpass_n20003_cRA_V1_independent_rms_s20,phase2/results/predictions/full/independent_rms/resnet/seed_202/bandpass_n20003_cRA_V1_independent_rms_s20.npz,76474,aacd5848e33c9bf858fb6b9c1065fd983f52bcf03e446a2c460d30a90f2bb7e1
resnet,independent_rms,202,bandpass_n20003_cRA_V1_independent_rms_s15,phase2/results/predictions/full/independent_rms/resnet/seed_202/bandpass_n20003_cRA_V1_independent_rms_s15.npz,76449,a70bd907cbc2462759e4bc60416b56a049ad7f3ef784d44b80fd50dce37070e8
resnet,independent_rms,202,bandpass_n20003_cRA_V1_independent_rms_s10,phase2/results/predictions/full/independent_rms/resnet/seed_202/bandpass_n20003_cRA_V1_independent_rms_s10.npz,76374,b1c21f6846bb4a97e3380cef656b735e5401134acf58189f414dd85f0e193d9a
resnet,independent_rms,202,bandpass_n20003_cRA_V1_independent_rms_s5,phase2/results/predictions/full/independent_rms/resnet/seed_202/bandpass_n20003_cRA_V1_independent_rms_s5.npz,76247,15f120f0fc6555925a7b18371faddc59b5b5a6f03d7fe6b9b1764cfc05a583ab
resnet,independent_rms,202,bandpass_n20003_cRA_V1_independent_rms_s0,phase2/results/predictions/full/independent_rms/resnet/seed_202/bandpass_n20003_cRA_V1_independent_rms_s0.npz,75765,15edab68e667b07389665bdc930fb21139d938b889f011b2492c882673db6574
resnet,independent_rms,202,bandpass_n20003_cRA_V1_electrode_s20,phase2/results/predictions/full/independent_rms/resnet/seed_202/bandpass_n20003_cRA_V1_electrode_s20.npz,76448,fca468c72892e8d5d5c248d70ec724a460966783ddeba97e450954a7fecb9bb9
resnet,independent_rms,202,bandpass_n20003_cRA_V1_electrode_s15,phase2/results/predictions/full/independent_rms/resnet/seed_202/bandpass_n20003_cRA_V1_electrode_s15.npz,76419,d3f8dca44d7fff35c190610a7ef932fe5722bdb8b754ac9b59f1bc33e7267b6a
resnet,independent_rms,202,bandpass_n20003_cRA_V1_electrode_s10,phase2/results/predictions/full/independent_rms/resnet/seed_202/bandpass_n20003_cRA_V1_electrode_s10.npz,76288,f6128d473cec91363fc479c1fb3a224006fb3e992587bfdc70a6af70972fe0bc
resnet,independent_rms,202,bandpass_n20003_cRA_V1_electrode_s5,phase2/results/predictions/full/independent_rms/resnet/seed_202/bandpass_n20003_cRA_V1_electrode_s5.npz,76105,deba9ee8ef84195130acf69bde29be9bab28a4ed82dee7f33b8a40fae3ae9ea0
resnet,independent_rms,202,bandpass_n20003_cRA_V1_electrode_s0,phase2/results/predictions/full/independent_rms/resnet/seed_202/bandpass_n20003_cRA_V1_electrode_s0.npz,75694,773885e323361b0240b5e5e7596e5ce47102ce4ff2ce646fde67fd8ba7f50759
resnet,independent_rms,202,bandpass_n20003_cRA_V1_covariance_s20,phase2/results/predictions/full/independent_rms/resnet/seed_202/bandpass_n20003_cRA_V1_covariance_s20.npz,76450,06cfde818f87440fcccc015d893cc25ba8112f83d13675b307b8b2a60ad6b2a9
resnet,independent_rms,202,bandpass_n20003_cRA_V1_covariance_s15,phase2/results/predictions/full/independent_rms/resnet/seed_202/bandpass_n20003_cRA_V1_covariance_s15.npz,76425,ba3e6f77f12606374ae1b035344b9bfd1c3e167a44f5ac44765732ca0535b417
resnet,independent_rms,202,bandpass_n20003_cRA_V1_covariance_s10,phase2/results/predictions/full/independent_rms/resnet/seed_202/bandpass_n20003_cRA_V1_covariance_s10.npz,76312,211507a2bb7d3c4c1be10526ef7eaf40c277b7fd22a3129d6d0335399d8c221b
resnet,independent_rms,202,bandpass_n20003_cRA_V1_covariance_s5,phase2/results/predictions/full/independent_rms/resnet/seed_202/bandpass_n20003_cRA_V1_covariance_s5.npz,76101,08b25f1d3de64496847da87eeb21f1b16b0ad2004db724bbaba1dcf1feb5e949
resnet,independent_rms,202,bandpass_n20003_cRA_V1_covariance_s0,phase2/results/predictions/full/independent_rms/resnet/seed_202/bandpass_n20003_cRA_V1_covariance_s0.npz,75732,d148f9f17519edb3886887cbb356c6c8838ce95e88533cc002950df6b6477668
resnet,independent_rms,202,bandpass_n20003_cLA_V6_independent_rms_s20,phase2/results/predictions/full/independent_rms/resnet/seed_202/bandpass_n20003_cLA_V6_independent_rms_s20.npz,76441,ea7bd09394f4ee7fab7c20fd33bc98225e23a5bb918e7a2eed2acc620472726a
resnet,independent_rms,202,bandpass_n20003_cLA_V6_independent_rms_s15,phase2/results/predictions/full/independent_rms/resnet/seed_202/bandpass_n20003_cLA_V6_independent_rms_s15.npz,76461,783a8bb81b9c0a28eb8c463705a6ad9d631f79c87819d76d78c17357ca31c828
resnet,independent_rms,202,bandpass_n20003_cLA_V6_independent_rms_s10,phase2/results/predictions/full/independent_rms/resnet/seed_202/bandpass_n20003_cLA_V6_independent_rms_s10.npz,76393,e3e221981f861ee5e64db1c643fd7fa1fc39f2fc82d1f9cd9b20484c586e7689
resnet,independent_rms,202,bandpass_n20003_cLA_V6_independent_rms_s5,phase2/results/predictions/full/independent_rms/resnet/seed_202/bandpass_n20003_cLA_V6_independent_rms_s5.npz,76241,653244655ed114777b8b4b65535ae5d4333c0ca1aede4a5ae47912bbe2e9cfd9
resnet,independent_rms,202,bandpass_n20003_cLA_V6_independent_rms_s0,phase2/results/predictions/full/independent_rms/resnet/seed_202/bandpass_n20003_cLA_V6_independent_rms_s0.npz,75779,ed45fbb305dbc949d40c6a6613caf509ebe8a938984d66a89c90c63992cf5a7d
resnet,independent_rms,202,bandpass_n20003_cLA_V6_electrode_s20,phase2/results/predictions/full/independent_rms/resnet/seed_202/bandpass_n20003_cLA_V6_electrode_s20.npz,76432,1df67e38583ff2c7bfe9f8fcd5c3381149b536e25cfb71b6446a5f0d5b110551
resnet,independent_rms,202,bandpass_n20003_cLA_V6_electrode_s15,phase2/results/predictions/full/independent_rms/resnet/seed_202/bandpass_n20003_cLA_V6_electrode_s15.npz,76450,fb898a08079b7fc0e21d751bb06064ba7cfa0aae043731c7e5d09345c74cabf3
resnet,independent_rms,202,bandpass_n20003_cLA_V6_electrode_s10,phase2/results/predictions/full/independent_rms/resnet/seed_202/bandpass_n20003_cLA_V6_electrode_s10.npz,76373,989973065fda862b8f1d78425cf42d60f5c35c105e6a9ef86672f0ae7895d4a2
resnet,independent_rms,202,bandpass_n20003_cLA_V6_electrode_s5,phase2/results/predictions/full/independent_rms/resnet/seed_202/bandpass_n20003_cLA_V6_electrode_s5.npz,76107,6407e61c598ebf97f807d8d19f2ecae1a506c047d52dcb5eb8770dba4dcc6dbc
resnet,independent_rms,202,bandpass_n20003_cLA_V6_electrode_s0,phase2/results/predictions/full/independent_rms/resnet/seed_202/bandpass_n20003_cLA_V6_electrode_s0.npz,75540,c601039184bf42994819d0dab46a5bf7e0f7462297d2adec8af33d2f1c4f4103
resnet,independent_rms,202,bandpass_n20003_cLA_V6_covariance_s20,phase2/results/predictions/full/independent_rms/resnet/seed_202/bandpass_n20003_cLA_V6_covariance_s20.npz,76429,cc82c161e0ff350e479d2433339d3f6bba136d7c468aaa422630c973745be477
resnet,independent_rms,202,bandpass_n20003_cLA_V6_covariance_s15,phase2/results/predictions/full/independent_rms/resnet/seed_202/bandpass_n20003_cLA_V6_covariance_s15.npz,76466,3ae17574cf7c5d292f271586e209fcc32697682fd3b10039b63dae6e177fa510
resnet,independent_rms,202,bandpass_n20003_cLA_V6_covariance_s10,phase2/results/predictions/full/independent_rms/resnet/seed_202/bandpass_n20003_cLA_V6_covariance_s10.npz,76360,2ce800d39a27f5a9207c642408e03c64be57964ab074ade425e3ae9585ffcaf7
resnet,independent_rms,202,bandpass_n20003_cLA_V6_covariance_s5,phase2/results/predictions/full/independent_rms/resnet/seed_202/bandpass_n20003_cLA_V6_covariance_s5.npz,76127,5427a0353dd4d065232e648c19c011e882acd68d0dcd7424b0695f56503eaf71
resnet,independent_rms,202,bandpass_n20003_cLA_V6_covariance_s0,phase2/results/predictions/full/independent_rms/resnet/seed_202/bandpass_n20003_cLA_V6_covariance_s0.npz,75546,71567ea791d1a2d2e7dc77b531655f7cd6e97f37252d770e0bdede555b573c25
resnet,independent_rms,202,bandpass_n20003_cLL_V4_independent_rms_s20,phase2/results/predictions/full/independent_rms/resnet/seed_202/bandpass_n20003_cLL_V4_independent_rms_s20.npz,76455,6e49d54ae822e0bfb3174aaa7c54d8bd6578e9f79889837b2d23c3c3b7375d13
resnet,independent_rms,202,bandpass_n20003_cLL_V4_independent_rms_s15,phase2/results/predictions/full/independent_rms/resnet/seed_202/bandpass_n20003_cLL_V4_independent_rms_s15.npz,76465,d53ffaf1f1c02b589a332aec442754fc124b632a4d315f30f4f1150f8fd9b524
resnet,independent_rms,202,bandpass_n20003_cLL_V4_independent_rms_s10,phase2/results/predictions/full/independent_rms/resnet/seed_202/bandpass_n20003_cLL_V4_independent_rms_s10.npz,76370,720ca7b1e773a10dd7ff3a408421628dd069c7dc8b629c4326dd7e42dba7e0c3
resnet,independent_rms,202,bandpass_n20003_cLL_V4_independent_rms_s5,phase2/results/predictions/full/independent_rms/resnet/seed_202/bandpass_n20003_cLL_V4_independent_rms_s5.npz,76277,618e50d173a3edf27334656dcdf83c1ce71bd54c1f1c7072ea947dc52d71e062
resnet,independent_rms,202,bandpass_n20003_cLL_V4_independent_rms_s0,phase2/results/predictions/full/independent_rms/resnet/seed_202/bandpass_n20003_cLL_V4_independent_rms_s0.npz,75854,a3650e19df0a4ed490f4f67d904c0634ca7ebe5a56e6fb2f955be6331c5c1e67
resnet,independent_rms,202,bandpass_n20003_cLL_V4_electrode_s20,phase2/results/predictions/full/independent_rms/resnet/seed_202/bandpass_n20003_cLL_V4_electrode_s20.npz,76453,08cc7db261e8122b4bf4aa30581d1e2c1b117a6c041429e079b97755a0111e4d
resnet,independent_rms,202,bandpass_n20003_cLL_V4_electrode_s15,phase2/results/predictions/full/independent_rms/resnet/seed_202/bandpass_n20003_cLL_V4_electrode_s15.npz,76436,70a6cde38b23a5f54de499c7d3bda55e901e9273bebafd8fb3fc2e1cb2f80395
resnet,independent_rms,202,bandpass_n20003_cLL_V4_electrode_s10,phase2/results/predictions/full/independent_rms/resnet/seed_202/bandpass_n20003_cLL_V4_electrode_s10.npz,76352,602a68d60c64601d41650848b27eca0e8f720c068b84ec27b3a6d6750e44815c
resnet,independent_rms,202,bandpass_n20003_cLL_V4_electrode_s5,phase2/results/predictions/full/independent_rms/resnet/seed_202/bandpass_n20003_cLL_V4_electrode_s5.npz,76107,a1a47ba8c21c0d4fa39efd6c4b2882d6cb12ae50cd8c73fa617eb21ec7b104a8
resnet,independent_rms,202,bandpass_n20003_cLL_V4_electrode_s0,phase2/results/predictions/full/independent_rms/resnet/seed_202/bandpass_n20003_cLL_V4_electrode_s0.npz,75498,8ea831583df5d71273cdbfcb5e2366e202fc9ca043c17844c8d25484d3cd0fbd
resnet,independent_rms,202,bandpass_n20003_cLL_V4_covariance_s20,phase2/results/predictions/full/independent_rms/resnet/seed_202/bandpass_n20003_cLL_V4_covariance_s20.npz,76426,68bce9d51f342681a58ad4d23ee1373bbfb64d105c55e1868be8f2752b74efb7
resnet,independent_rms,202,bandpass_n20003_cLL_V4_covariance_s15,phase2/results/predictions/full/independent_rms/resnet/seed_202/bandpass_n20003_cLL_V4_covariance_s15.npz,76431,987e05597d9c58d666ea5c713392cae73147e2640b16bb9fe1baea80d890b385
resnet,independent_rms,202,bandpass_n20003_cLL_V4_covariance_s10,phase2/results/predictions/full/independent_rms/resnet/seed_202/bandpass_n20003_cLL_V4_covariance_s10.npz,76362,847d5e69b2e59c8daaff43bf6b95d1d45af8feffa4a18816e33ed4f5a8413042
resnet,independent_rms,202,bandpass_n20003_cLL_V4_covariance_s5,phase2/results/predictions/full/independent_rms/resnet/seed_202/bandpass_n20003_cLL_V4_covariance_s5.npz,76136,596abf2279c18524ac1cbfa3c181dad2a4ab9191ee8e322e452419f5867f72d2
resnet,independent_rms,202,bandpass_n20003_cLL_V4_covariance_s0,phase2/results/predictions/full/independent_rms/resnet/seed_202/bandpass_n20003_cLL_V4_covariance_s0.npz,75522,028812f19df878d40bd272131e499d0ed8167af1dc67bb81e8def8a575935ae1
resnet,independent_rms,202,bandpass_n20003_cRA_LA_V1_V6_independent_rms_s20,phase2/results/predictions/full/independent_rms/resnet/seed_202/bandpass_n20003_cRA_LA_V1_V6_independent_rms_s20.npz,76491,aedf40fe5ff17b110b5d4a99cd4943a54402b1d4e0f36c7c773be443d3060a0e
resnet,independent_rms,202,bandpass_n20003_cRA_LA_V1_V6_independent_rms_s15,phase2/results/predictions/full/independent_rms/resnet/seed_202/bandpass_n20003_cRA_LA_V1_V6_independent_rms_s15.npz,76486,750057c5f938544ec2f13097b84314a9b50d25414283e8ab2f4e1add0e391165
resnet,independent_rms,202,bandpass_n20003_cRA_LA_V1_V6_independent_rms_s10,phase2/results/predictions/full/independent_rms/resnet/seed_202/bandpass_n20003_cRA_LA_V1_V6_independent_rms_s10.npz,76405,b86ca47430c5d921dc40166e9391fe8031467932cce7f7de6d1bb01801a3ce2f
resnet,independent_rms,202,bandpass_n20003_cRA_LA_V1_V6_independent_rms_s5,phase2/results/predictions/full/independent_rms/resnet/seed_202/bandpass_n20003_cRA_LA_V1_V6_independent_rms_s5.npz,76256,5931b320d139eba1a3ff4630a6da6b1a179d46b610b63d6e5aacbb991f5e6c5f
resnet,independent_rms,202,bandpass_n20003_cRA_LA_V1_V6_independent_rms_s0,phase2/results/predictions/full/independent_rms/resnet/seed_202/bandpass_n20003_cRA_LA_V1_V6_independent_rms_s0.npz,75793,c6f51a9955fa3ef3a6c1bd18a7aa6bb1ca846b846022f50a2c07e5b946b7781d
resnet,independent_rms,202,bandpass_n20003_cRA_LA_V1_V6_electrode_s20,phase2/results/predictions/full/independent_rms/resnet/seed_202/bandpass_n20003_cRA_LA_V1_V6_electrode_s20.npz,76477,f95e906554c82e86fffa34c85583e9e7b3daf14005f572f2275e0b8544d06a4c
resnet,independent_rms,202,bandpass_n20003_cRA_LA_V1_V6_electrode_s15,phase2/results/predictions/full/independent_rms/resnet/seed_202/bandpass_n20003_cRA_LA_V1_V6_electrode_s15.npz,76431,af495dce38a78ae544660290132bffe3c87d009e829cdb028a4e1d1b48a3645e
resnet,independent_rms,202,bandpass_n20003_cRA_LA_V1_V6_electrode_s10,phase2/results/predictions/full/independent_rms/resnet/seed_202/bandpass_n20003_cRA_LA_V1_V6_electrode_s10.npz,76353,7014f27e557604306ff22bf436edef30730bafc479d217b2860908fbe32cd008
resnet,independent_rms,202,bandpass_n20003_cRA_LA_V1_V6_electrode_s5,phase2/results/predictions/full/independent_rms/resnet/seed_202/bandpass_n20003_cRA_LA_V1_V6_electrode_s5.npz,76136,c50fb9d7dc46e8a2dd67faf5771835f122a90ff8dd85a267363cdb03dbb499c8
resnet,independent_rms,202,bandpass_n20003_cRA_LA_V1_V6_electrode_s0,phase2/results/predictions/full/independent_rms/resnet/seed_202/bandpass_n20003_cRA_LA_V1_V6_electrode_s0.npz,75633,f0555b92526b0a718feac2f29d1f475a2f64dc8fb23a75a47a32bbdaa2b2dc24
resnet,independent_rms,202,bandpass_n20003_cRA_LA_V1_V6_covariance_s20,phase2/results/predictions/full/independent_rms/resnet/seed_202/bandpass_n20003_cRA_LA_V1_V6_covariance_s20.npz,76448,c33dd8d45bc203ac7bcd6670e960c1819929d7dfe4796bdfb021b12db7c4cca0
resnet,independent_rms,202,bandpass_n20003_cRA_LA_V1_V6_covariance_s15,phase2/results/predictions/full/independent_rms/resnet/seed_202/bandpass_n20003_cRA_LA_V1_V6_covariance_s15.npz,76410,5be2f7feee23c51411804eed2c4f1ec2cd3078ac54fb4a6783246ee8cadc2194
resnet,independent_rms,202,bandpass_n20003_cRA_LA_V1_V6_covariance_s10,phase2/results/predictions/full/independent_rms/resnet/seed_202/bandpass_n20003_cRA_LA_V1_V6_covariance_s10.npz,76387,ce4f469c9c54b16e6d84d796d944cf67433bfd3234b4d4cf10b662024f4a2972
resnet,independent_rms,202,bandpass_n20003_cRA_LA_V1_V6_covariance_s5,phase2/results/predictions/full/independent_rms/resnet/seed_202/bandpass_n20003_cRA_LA_V1_V6_covariance_s5.npz,76142,7539da8f84680b4727a05f203802c9eecbb441e050cbf7b82bc1c3ea00c78f3c
resnet,independent_rms,202,bandpass_n20003_cRA_LA_V1_V6_covariance_s0,phase2/results/predictions/full/independent_rms/resnet/seed_202/bandpass_n20003_cRA_LA_V1_V6_covariance_s0.npz,75585,52cc6b129a247b9e7eefaf222ddffb4a03fe616538e2c51d0e1ac82800eeb6d1
resnet,independent_rms,202,bandpass_n20003_cRA_V2_V5_independent_rms_s20,phase2/results/predictions/full/independent_rms/resnet/seed_202/bandpass_n20003_cRA_V2_V5_independent_rms_s20.npz,76496,7e897977ecde0e85be53ec729a9ab026db669763ebebe5af0ba1193e706996b1
resnet,independent_rms,202,bandpass_n20003_cRA_V2_V5_independent_rms_s15,phase2/results/predictions/full/independent_rms/resnet/seed_202/bandpass_n20003_cRA_V2_V5_independent_rms_s15.npz,76465,6755be84ca4b375513378751bf7640b2d5c7f981be16b236cdc3c08854ad6327
resnet,independent_rms,202,bandpass_n20003_cRA_V2_V5_independent_rms_s10,phase2/results/predictions/full/independent_rms/resnet/seed_202/bandpass_n20003_cRA_V2_V5_independent_rms_s10.npz,76424,a9d673ce36fd4e430cc91e6ee7a015c95cdb16f97278148015218b9b6978901c
resnet,independent_rms,202,bandpass_n20003_cRA_V2_V5_independent_rms_s5,phase2/results/predictions/full/independent_rms/resnet/seed_202/bandpass_n20003_cRA_V2_V5_independent_rms_s5.npz,76267,566a4a04843edc406e07ae4c74ad5e29a9b45879f895e28fba3114e6789a1b10
resnet,independent_rms,202,bandpass_n20003_cRA_V2_V5_independent_rms_s0,phase2/results/predictions/full/independent_rms/resnet/seed_202/bandpass_n20003_cRA_V2_V5_independent_rms_s0.npz,75853,4b283e8b7ae6a0ab2a0c6205c82b617923e8b7b44a7f5d4687eead913936e076
resnet,independent_rms,202,bandpass_n20003_cRA_V2_V5_electrode_s20,phase2/results/predictions/full/independent_rms/resnet/seed_202/bandpass_n20003_cRA_V2_V5_electrode_s20.npz,76421,591573d58f8a0fed2ecb8bc4d4a563584c9718a851d08c3083aae97f2b97b475
resnet,independent_rms,202,bandpass_n20003_cRA_V2_V5_electrode_s15,phase2/results/predictions/full/independent_rms/resnet/seed_202/bandpass_n20003_cRA_V2_V5_electrode_s15.npz,76405,1ed81f9df03859e0fa46debdf57f8903d9c8a53b2edf24c58658b3e8a12bf9f6
resnet,independent_rms,202,bandpass_n20003_cRA_V2_V5_electrode_s10,phase2/results/predictions/full/independent_rms/resnet/seed_202/bandpass_n20003_cRA_V2_V5_electrode_s10.npz,76340,51fa0f669858595f6fa9409369f2157a2db608589cfff630af1a0c56dfc4096d
resnet,independent_rms,202,bandpass_n20003_cRA_V2_V5_electrode_s5,phase2/results/predictions/full/independent_rms/resnet/seed_202/bandpass_n20003_cRA_V2_V5_electrode_s5.npz,76135,fbfecd6a18e953280726b414831ecf2e9c519151a7a0583abb28acfdd5e69337
resnet,independent_rms,202,bandpass_n20003_cRA_V2_V5_electrode_s0,phase2/results/predictions/full/independent_rms/resnet/seed_202/bandpass_n20003_cRA_V2_V5_electrode_s0.npz,75789,1bcf03c92ca586dcc0bebac39a7688b0d65e842ffc408d98f87d88387d1b3807
resnet,independent_rms,202,bandpass_n20003_cRA_V2_V5_covariance_s20,phase2/results/predictions/full/independent_rms/resnet/seed_202/bandpass_n20003_cRA_V2_V5_covariance_s20.npz,76452,0db9a044d45ee2d225eed4fce0501aa7ec9e374c197c39f484f380b04c54d11d
resnet,independent_rms,202,bandpass_n20003_cRA_V2_V5_covariance_s15,phase2/results/predictions/full/independent_rms/resnet/seed_202/bandpass_n20003_cRA_V2_V5_covariance_s15.npz,76414,17596aed09618a88a54f52036e6bf3682906972b37749fcfb095d184a53803a7
resnet,independent_rms,202,bandpass_n20003_cRA_V2_V5_covariance_s10,phase2/results/predictions/full/independent_rms/resnet/seed_202/bandpass_n20003_cRA_V2_V5_covariance_s10.npz,76349,bfd45ca88484cded7477323ff266e9e513149e87f72930531298a293ab832b59
resnet,independent_rms,202,bandpass_n20003_cRA_V2_V5_covariance_s5,phase2/results/predictions/full/independent_rms/resnet/seed_202/bandpass_n20003_cRA_V2_V5_covariance_s5.npz,76143,9d7dc228196e17128dcf21c543b9958fda013d66a214d8d13f9dc74e31dc631e
resnet,independent_rms,202,bandpass_n20003_cRA_V2_V5_covariance_s0,phase2/results/predictions/full/independent_rms/resnet/seed_202/bandpass_n20003_cRA_V2_V5_covariance_s0.npz,75780,f04ddd1f6cd435ffec06fbd1c599c9b42c45570729b0d851b7d7bb520aa51b05
resnet,independent_rms,202,bandpass_n20003_cLA_V3_V6_independent_rms_s20,phase2/results/predictions/full/independent_rms/resnet/seed_202/bandpass_n20003_cLA_V3_V6_independent_rms_s20.npz,76481,70c722426b34cd35148561fc042af79cdc757468ba687ad5d0caf12c1801cf04
resnet,independent_rms,202,bandpass_n20003_cLA_V3_V6_independent_rms_s15,phase2/results/predictions/full/independent_rms/resnet/seed_202/bandpass_n20003_cLA_V3_V6_independent_rms_s15.npz,76457,b33e248b336e2abb7825415a9aa2579763edbc23a90b73cd45403017ff114b6e
resnet,independent_rms,202,bandpass_n20003_cLA_V3_V6_independent_rms_s10,phase2/results/predictions/full/independent_rms/resnet/seed_202/bandpass_n20003_cLA_V3_V6_independent_rms_s10.npz,76407,b81721c6624fb4e6ea135628b06ece58087eda38d325165e180ef1e46fe940fd
resnet,independent_rms,202,bandpass_n20003_cLA_V3_V6_independent_rms_s5,phase2/results/predictions/full/independent_rms/resnet/seed_202/bandpass_n20003_cLA_V3_V6_independent_rms_s5.npz,76270,5d0ea10d472636dae1c6f880b4f05c89515f9fcbea4f791381e6319fa6e456c6
resnet,independent_rms,202,bandpass_n20003_cLA_V3_V6_independent_rms_s0,phase2/results/predictions/full/independent_rms/resnet/seed_202/bandpass_n20003_cLA_V3_V6_independent_rms_s0.npz,75855,021aad5b358e998cd7819e3d7d8d4fb8b96c5937781b97193397ab343315e4ec
resnet,independent_rms,202,bandpass_n20003_cLA_V3_V6_electrode_s20,phase2/results/predictions/full/independent_rms/resnet/seed_202/bandpass_n20003_cLA_V3_V6_electrode_s20.npz,76469,ab412c4cc8e63b31ef13781a2f7b4e3e5566b331f8183de0d26d18c310e3c1ab
resnet,independent_rms,202,bandpass_n20003_cLA_V3_V6_electrode_s15,phase2/results/predictions/full/independent_rms/resnet/seed_202/bandpass_n20003_cLA_V3_V6_electrode_s15.npz,76466,f691d144a1071d802e7b0c56294ef30b046a43618fde6fe50a09ea4026e954c3
resnet,independent_rms,202,bandpass_n20003_cLA_V3_V6_electrode_s10,phase2/results/predictions/full/independent_rms/resnet/seed_202/bandpass_n20003_cLA_V3_V6_electrode_s10.npz,76354,421ea02359c363bc72b37d45471e655a409b5ec36f16bf4ddbafc3b4e5c6a01c
resnet,independent_rms,202,bandpass_n20003_cLA_V3_V6_electrode_s5,phase2/results/predictions/full/independent_rms/resnet/seed_202/bandpass_n20003_cLA_V3_V6_electrode_s5.npz,76166,e0dcfac19903fc59b9fe6039a6f94bf155164c79c0546ff26b758e09ffcd51be
resnet,independent_rms,202,bandpass_n20003_cLA_V3_V6_electrode_s0,phase2/results/predictions/full/independent_rms/resnet/seed_202/bandpass_n20003_cLA_V3_V6_electrode_s0.npz,75633,1d481c473e4e20cd64f20d9f58c659d3990baeeff6124f22910c8928dc1c6ce7
resnet,independent_rms,202,bandpass_n20003_cLA_V3_V6_covariance_s20,phase2/results/predictions/full/independent_rms/resnet/seed_202/bandpass_n20003_cLA_V3_V6_covariance_s20.npz,76443,ebeedf4671cdfab9c9faf74910e5b94b0ed3b06301f1e563259e8957dfe11e05
resnet,independent_rms,202,bandpass_n20003_cLA_V3_V6_covariance_s15,phase2/results/predictions/full/independent_rms/resnet/seed_202/bandpass_n20003_cLA_V3_V6_covariance_s15.npz,76454,c9d253daa29bc75e68fd93c767ed2233ffe759a8b02230064cdd775b1747d833
resnet,independent_rms,202,bandpass_n20003_cLA_V3_V6_covariance_s10,phase2/results/predictions/full/independent_rms/resnet/seed_202/bandpass_n20003_cLA_V3_V6_covariance_s10.npz,76382,51f44368fb8274d53d3871204d4f974db5b529bc7ef56af2ce4a78b517de95fc
resnet,independent_rms,202,bandpass_n20003_cLA_V3_V6_covariance_s5,phase2/results/predictions/full/independent_rms/resnet/seed_202/bandpass_n20003_cLA_V3_V6_covariance_s5.npz,76163,c2658576e636d1b06137cbc253a7538c67f04749468f8751f5d710d4a100749e
resnet,independent_rms,202,bandpass_n20003_cLA_V3_V6_covariance_s0,phase2/results/predictions/full/independent_rms/resnet/seed_202/bandpass_n20003_cLA_V3_V6_covariance_s0.npz,75622,82e417f9efc6d35bc10825a332c9916e09aa638991028011c265dc20156b486a
resnet,independent_rms,202,bandpass_n20003_cLL_V1_V4_independent_rms_s20,phase2/results/predictions/full/independent_rms/resnet/seed_202/bandpass_n20003_cLL_V1_V4_independent_rms_s20.npz,76443,2c6fb14d69a37a280b85e5fcfa561d618dcd5e3ff26bac356183fdcd4cca8da8
resnet,independent_rms,202,bandpass_n20003_cLL_V1_V4_independent_rms_s15,phase2/results/predictions/full/independent_rms/resnet/seed_202/bandpass_n20003_cLL_V1_V4_independent_rms_s15.npz,76481,325be4534f15be6c2946a4e9d2c635c43cb41dbc804f403d846f80db42ae9ae9
resnet,independent_rms,202,bandpass_n20003_cLL_V1_V4_independent_rms_s10,phase2/results/predictions/full/independent_rms/resnet/seed_202/bandpass_n20003_cLL_V1_V4_independent_rms_s10.npz,76446,44ea17b2a9384ebeef688f46537c4dee4cfaf87e479783016c1be9c81e89292e
resnet,independent_rms,202,bandpass_n20003_cLL_V1_V4_independent_rms_s5,phase2/results/predictions/full/independent_rms/resnet/seed_202/bandpass_n20003_cLL_V1_V4_independent_rms_s5.npz,76296,f17a9772fbbd9862ec15ea6729fbf37aeb58edd8d196f3779e323eac3c516753
resnet,independent_rms,202,bandpass_n20003_cLL_V1_V4_independent_rms_s0,phase2/results/predictions/full/independent_rms/resnet/seed_202/bandpass_n20003_cLL_V1_V4_independent_rms_s0.npz,75816,45c1b0fabf1b4e625cf5a9ee64fc0d07e69a3db8d4420077ecbbe135b189d36d
resnet,independent_rms,202,bandpass_n20003_cLL_V1_V4_electrode_s20,phase2/results/predictions/full/independent_rms/resnet/seed_202/bandpass_n20003_cLL_V1_V4_electrode_s20.npz,76458,9e72b681ed83efaee000b69565de81b926b4450139fdb58c964d8c88bc38a9a1
resnet,independent_rms,202,bandpass_n20003_cLL_V1_V4_electrode_s15,phase2/results/predictions/full/independent_rms/resnet/seed_202/bandpass_n20003_cLL_V1_V4_electrode_s15.npz,76422,95ade0f1f2ffde011d3c80638e2a8587ac032a50ea2fa3ce07f6145bd1cb0293
resnet,independent_rms,202,bandpass_n20003_cLL_V1_V4_electrode_s10,phase2/results/predictions/full/independent_rms/resnet/seed_202/bandpass_n20003_cLL_V1_V4_electrode_s10.npz,76344,9ba76e8cd7e1788ce95af9c8137bf66f05cfe421603d2380dd455d1e261c2f17
resnet,independent_rms,202,bandpass_n20003_cLL_V1_V4_electrode_s5,phase2/results/predictions/full/independent_rms/resnet/seed_202/bandpass_n20003_cLL_V1_V4_electrode_s5.npz,76102,96239bd93ae028b8646cedff1e8de91eff5868801ca93ab1e9f9057226bc7e87
resnet,independent_rms,202,bandpass_n20003_cLL_V1_V4_electrode_s0,phase2/results/predictions/full/independent_rms/resnet/seed_202/bandpass_n20003_cLL_V1_V4_electrode_s0.npz,75511,35d4d06c401a07971416534f528d97e1be26e26b4ce00aa99564ec8c9bf69cb3
resnet,independent_rms,202,bandpass_n20003_cLL_V1_V4_covariance_s20,phase2/results/predictions/full/independent_rms/resnet/seed_202/bandpass_n20003_cLL_V1_V4_covariance_s20.npz,76445,a78ad86be42d902540abe8706aaeec58c1eb1615a1390232c5137fe2da558483
resnet,independent_rms,202,bandpass_n20003_cLL_V1_V4_covariance_s15,phase2/results/predictions/full/independent_rms/resnet/seed_202/bandpass_n20003_cLL_V1_V4_covariance_s15.npz,76433,cbc3fb47b27e6690137287ab8f6432f5f27df84ac2971fab353076af36d86d02
resnet,independent_rms,202,bandpass_n20003_cLL_V1_V4_covariance_s10,phase2/results/predictions/full/independent_rms/resnet/seed_202/bandpass_n20003_cLL_V1_V4_covariance_s10.npz,76362,9734648171a5fd8520643edac398049149f8d5ae9e910b670f8f92037e897f1c
resnet,independent_rms,202,bandpass_n20003_cLL_V1_V4_covariance_s5,phase2/results/predictions/full/independent_rms/resnet/seed_202/bandpass_n20003_cLL_V1_V4_covariance_s5.npz,76151,932e9ba3f24b93fd5679e64fc96c2035ba840463d00726e9cbd338a448b67d89
resnet,independent_rms,202,bandpass_n20003_cLL_V1_V4_covariance_s0,phase2/results/predictions/full/independent_rms/resnet/seed_202/bandpass_n20003_cLL_V1_V4_covariance_s0.npz,75560,1df4fca208e02615d4a9291e6cb19ca4097e70c014f385459e7a24e755aff5b9
resnet,independent_rms,202,bandpass_n20003_call_independent_rms_s20,phase2/results/predictions/full/independent_rms/resnet/seed_202/bandpass_n20003_call_independent_rms_s20.npz,76463,408d82a7e037bc71c946c63bc75eea38ef502a37cd921140269396c06b850f5a
resnet,independent_rms,202,bandpass_n20003_call_independent_rms_s15,phase2/results/predictions/full/independent_rms/resnet/seed_202/bandpass_n20003_call_independent_rms_s15.npz,76439,e38f01c379b03a41283e01905e3572cc6bce74d5012f1efb67498f96fd78cbcb
resnet,independent_rms,202,bandpass_n20003_call_independent_rms_s10,phase2/results/predictions/full/independent_rms/resnet/seed_202/bandpass_n20003_call_independent_rms_s10.npz,76401,ca9fbb37418e1b29c93b1387d3eb3c3f2dae49701feaa7d9d227f002488956c9
resnet,independent_rms,202,bandpass_n20003_call_independent_rms_s5,phase2/results/predictions/full/independent_rms/resnet/seed_202/bandpass_n20003_call_independent_rms_s5.npz,76238,8d72b7772ac51e371a5d4fe4734a175d78e29f1437eed477c0658b174d4e640a
resnet,independent_rms,202,bandpass_n20003_call_independent_rms_s0,phase2/results/predictions/full/independent_rms/resnet/seed_202/bandpass_n20003_call_independent_rms_s0.npz,75806,5dc0e39975cf3bad41cce9e871902b577f99bf3146f8972a8f7f85e8248adb9f
resnet,independent_rms,202,bandpass_n20003_call_electrode_s20,phase2/results/predictions/full/independent_rms/resnet/seed_202/bandpass_n20003_call_electrode_s20.npz,76426,add962c846814dd7e848241d38468360fb97ac098fc7f09fa97a396980b46a05
resnet,independent_rms,202,bandpass_n20003_call_electrode_s15,phase2/results/predictions/full/independent_rms/resnet/seed_202/bandpass_n20003_call_electrode_s15.npz,76401,b25eaa24821cec016c3e9e4c0e7a38e9e846c251d7f0aa58eda3b2a99384a06d
resnet,independent_rms,202,bandpass_n20003_call_electrode_s10,phase2/results/predictions/full/independent_rms/resnet/seed_202/bandpass_n20003_call_electrode_s10.npz,76315,48921d3f957807c37aa8f7f687e3b240ec9d11f8da18ffd05f806a1f7d6674d9
resnet,independent_rms,202,bandpass_n20003_call_electrode_s5,phase2/results/predictions/full/independent_rms/resnet/seed_202/bandpass_n20003_call_electrode_s5.npz,76142,9bb010176327f480b9c4364e40621e0ab8fa37df85d7860cee628447a81f6c86
resnet,independent_rms,202,bandpass_n20003_call_electrode_s0,phase2/results/predictions/full/independent_rms/resnet/seed_202/bandpass_n20003_call_electrode_s0.npz,75622,6eba1ba34b32fa395a10808425b819f06b17b8b93373e0484044725cfe1c0aef
resnet,independent_rms,202,bandpass_n20003_call_covariance_s20,phase2/results/predictions/full/independent_rms/resnet/seed_202/bandpass_n20003_call_covariance_s20.npz,76440,3bb490e7cfcfc01683fd6d750fc1691a7719c46817e0292605d62a2d12e30ff6
resnet,independent_rms,202,bandpass_n20003_call_covariance_s15,phase2/results/predictions/full/independent_rms/resnet/seed_202/bandpass_n20003_call_covariance_s15.npz,76393,66976a56d746cb048b031f3f4674f24a7ffa11c0bbc482848f2fe520fa114d57
resnet,independent_rms,202,bandpass_n20003_call_covariance_s10,phase2/results/predictions/full/independent_rms/resnet/seed_202/bandpass_n20003_call_covariance_s10.npz,76332,b2bf131350c65d79a228be4dd5aeaeeafb7f46e3c0701cf5c54abad73b8d6195
resnet,independent_rms,202,bandpass_n20003_call_covariance_s5,phase2/results/predictions/full/independent_rms/resnet/seed_202/bandpass_n20003_call_covariance_s5.npz,76134,a98cad9fc425f6823d67382fe51689e0418aeb996a94ef54d02e14ae3e313f7b
resnet,independent_rms,202,bandpass_n20003_call_covariance_s0,phase2/results/predictions/full/independent_rms/resnet/seed_202/bandpass_n20003_call_covariance_s0.npz,75566,0563331149d26f117dbd49d3c9aff4eb83d1d7ea27e6d08ff68d45029492684b
resnet,independent_rms,202,bandpass_n20004_cRA_LA_LL_independent_rms_s20,phase2/results/predictions/full/independent_rms/resnet/seed_202/bandpass_n20004_cRA_LA_LL_independent_rms_s20.npz,76452,a66f713fac8c53b38bb3b6c70e25ea3910d8cf6f4d8d83e993fd025cbddf60a3
resnet,independent_rms,202,bandpass_n20004_cRA_LA_LL_independent_rms_s15,phase2/results/predictions/full/independent_rms/resnet/seed_202/bandpass_n20004_cRA_LA_LL_independent_rms_s15.npz,76474,749349930d28664f8c055e40f7f137efbdd568c2a52befaae78480723cb832a2
resnet,independent_rms,202,bandpass_n20004_cRA_LA_LL_independent_rms_s10,phase2/results/predictions/full/independent_rms/resnet/seed_202/bandpass_n20004_cRA_LA_LL_independent_rms_s10.npz,76407,7d05778f216e3a96e740fedc51827662cd2e5449ae40cdf0dd2722eec8ea7344
resnet,independent_rms,202,bandpass_n20004_cRA_LA_LL_independent_rms_s5,phase2/results/predictions/full/independent_rms/resnet/seed_202/bandpass_n20004_cRA_LA_LL_independent_rms_s5.npz,76238,114f44a15cb33718b866b7621406515490da67fd8753ebdd80c9c83f6eb513b7
resnet,independent_rms,202,bandpass_n20004_cRA_LA_LL_independent_rms_s0,phase2/results/predictions/full/independent_rms/resnet/seed_202/bandpass_n20004_cRA_LA_LL_independent_rms_s0.npz,75803,5fec73d23c8018f09f9fc6d920b1cee8380678c81288465ffd58afbe64498195
resnet,independent_rms,202,bandpass_n20004_cRA_LA_LL_electrode_s20,phase2/results/predictions/full/independent_rms/resnet/seed_202/bandpass_n20004_cRA_LA_LL_electrode_s20.npz,76435,179e4060df294d4e335cc4e2bbd5832f2f70f6c5920547879ef6522d633a6b38
resnet,independent_rms,202,bandpass_n20004_cRA_LA_LL_electrode_s15,phase2/results/predictions/full/independent_rms/resnet/seed_202/bandpass_n20004_cRA_LA_LL_electrode_s15.npz,76385,5d38c07c96ded0674636880ed7a9d35c2759cc07edb5e9f82327487bde55ad05
resnet,independent_rms,202,bandpass_n20004_cRA_LA_LL_electrode_s10,phase2/results/predictions/full/independent_rms/resnet/seed_202/bandpass_n20004_cRA_LA_LL_electrode_s10.npz,76338,d7db2f726b22ce83880e8d996b9e3a223f97ce2e033ec51432ca1f74c709897b
resnet,independent_rms,202,bandpass_n20004_cRA_LA_LL_electrode_s5,phase2/results/predictions/full/independent_rms/resnet/seed_202/bandpass_n20004_cRA_LA_LL_electrode_s5.npz,76083,332a481496d4f0ee287507cceb7854b1a91ab2cb3d8f98cf2d4cd40cd28c9e5b
resnet,independent_rms,202,bandpass_n20004_cRA_LA_LL_electrode_s0,phase2/results/predictions/full/independent_rms/resnet/seed_202/bandpass_n20004_cRA_LA_LL_electrode_s0.npz,75508,946d32f7a01bba085a6b0d42c5fb2b5c51ed3392277776dc88f322bf5a015c09
resnet,independent_rms,202,bandpass_n20004_cRA_LA_LL_covariance_s20,phase2/results/predictions/full/independent_rms/resnet/seed_202/bandpass_n20004_cRA_LA_LL_covariance_s20.npz,76443,799b655085456f97d1ae221ed8e8891318b6e0920cefe7c2fd8a4b10e932cb37
resnet,independent_rms,202,bandpass_n20004_cRA_LA_LL_covariance_s15,phase2/results/predictions/full/independent_rms/resnet/seed_202/bandpass_n20004_cRA_LA_LL_covariance_s15.npz,76382,8527e2a7d89c36feaed85505561a24c08b4f6442ee0f83afb7f8b343d64d686f
resnet,independent_rms,202,bandpass_n20004_cRA_LA_LL_covariance_s10,phase2/results/predictions/full/independent_rms/resnet/seed_202/bandpass_n20004_cRA_LA_LL_covariance_s10.npz,76318,cee0ff45dd7deabc2c78fb67aef1ee497cf00fc1c5d590fc815eb8472c23198f
resnet,independent_rms,202,bandpass_n20004_cRA_LA_LL_covariance_s5,phase2/results/predictions/full/independent_rms/resnet/seed_202/bandpass_n20004_cRA_LA_LL_covariance_s5.npz,76090,5159ae723202b99b7855028db7cdf410698b5275668b0cd91b4e57eeaee7a782
resnet,independent_rms,202,bandpass_n20004_cRA_LA_LL_covariance_s0,phase2/results/predictions/full/independent_rms/resnet/seed_202/bandpass_n20004_cRA_LA_LL_covariance_s0.npz,75543,741d68c319def4ca5c251e87e761c525933c0dd5dab9b8462b8ac73c7259de52
resnet,independent_rms,202,bandpass_n20004_cV1_independent_rms_s20,phase2/results/predictions/full/independent_rms/resnet/seed_202/bandpass_n20004_cV1_independent_rms_s20.npz,76465,cf205c4993df741295e7b73b4626f134eeacf8ca2abde2d8ca973dd618cf591b
resnet,independent_rms,202,bandpass_n20004_cV1_independent_rms_s15,phase2/results/predictions/full/independent_rms/resnet/seed_202/bandpass_n20004_cV1_independent_rms_s15.npz,76437,935de63286c58caa314e8b56d3655f7204cf4f02c55989530b1b27b6a5804410
resnet,independent_rms,202,bandpass_n20004_cV1_independent_rms_s10,phase2/results/predictions/full/independent_rms/resnet/seed_202/bandpass_n20004_cV1_independent_rms_s10.npz,76394,df4d87782c0aa892ff222bf3befded8f09203ffd28c465491fbe1cc70ce695b6
resnet,independent_rms,202,bandpass_n20004_cV1_independent_rms_s5,phase2/results/predictions/full/independent_rms/resnet/seed_202/bandpass_n20004_cV1_independent_rms_s5.npz,76183,ff13c99177f2c93e64a9db923996080ff61eeda1aa02a53e785c9a41e307313a
resnet,independent_rms,202,bandpass_n20004_cV1_independent_rms_s0,phase2/results/predictions/full/independent_rms/resnet/seed_202/bandpass_n20004_cV1_independent_rms_s0.npz,75533,8b1ecc27d0bfe345a72d838fbfb6c8e51a85469e120500431c1f153af8ec84b8
resnet,independent_rms,202,bandpass_n20004_cV1_electrode_s20,phase2/results/predictions/full/independent_rms/resnet/seed_202/bandpass_n20004_cV1_electrode_s20.npz,76425,136d397a303d1c64ef20eb6b188f0c5cdc5868b02e2a15125fbd951c0dade8c3
resnet,independent_rms,202,bandpass_n20004_cV1_electrode_s15,phase2/results/predictions/full/independent_rms/resnet/seed_202/bandpass_n20004_cV1_electrode_s15.npz,76419,d5c44a045af500aab596e263844051122d585270a6a2f8be7c46dd77d7fd8050
resnet,independent_rms,202,bandpass_n20004_cV1_electrode_s10,phase2/results/predictions/full/independent_rms/resnet/seed_202/bandpass_n20004_cV1_electrode_s10.npz,76393,50ee7182224eab38b64da3393a5dc240379f47fb7ed37af541bc95a080ca8fd7
resnet,independent_rms,202,bandpass_n20004_cV1_electrode_s5,phase2/results/predictions/full/independent_rms/resnet/seed_202/bandpass_n20004_cV1_electrode_s5.npz,76179,1fdde5b2190c2e260e411618be21202e8a5aca4529b79984fcb3d5a7c74905da
resnet,independent_rms,202,bandpass_n20004_cV1_electrode_s0,phase2/results/predictions/full/independent_rms/resnet/seed_202/bandpass_n20004_cV1_electrode_s0.npz,75514,ba5a42232640ac97a495f9d64ddc17515b2c6efc42ba43b51fb63538279decb6
resnet,independent_rms,202,bandpass_n20004_cV1_covariance_s20,phase2/results/predictions/full/independent_rms/resnet/seed_202/bandpass_n20004_cV1_covariance_s20.npz,76441,f583e73b1206267ad5bc6f79f101b2d73955fff2858da2fcd3f143acf4ae3a31
resnet,independent_rms,202,bandpass_n20004_cV1_covariance_s15,phase2/results/predictions/full/independent_rms/resnet/seed_202/bandpass_n20004_cV1_covariance_s15.npz,76411,f78b004c0b95f3f21606122225dccd060c81b0a8da467dc067dd0c51bf4d07ca
resnet,independent_rms,202,bandpass_n20004_cV1_covariance_s10,phase2/results/predictions/full/independent_rms/resnet/seed_202/bandpass_n20004_cV1_covariance_s10.npz,76385,0b8405e479210a6290687956feb27e13ac89e45ca1f908b2b2c5ee0988f3fa8e
resnet,independent_rms,202,bandpass_n20004_cV1_covariance_s5,phase2/results/predictions/full/independent_rms/resnet/seed_202/bandpass_n20004_cV1_covariance_s5.npz,76200,d004a08a9cc12eec6125ff9a8eda94ae5b4b0b2831a96cce82260432afd43719
resnet,independent_rms,202,bandpass_n20004_cV1_covariance_s0,phase2/results/predictions/full/independent_rms/resnet/seed_202/bandpass_n20004_cV1_covariance_s0.npz,75520,fc954059dfc7ba719d68362d536e3fc4f4e0c244e070f37153ea76479303adf5
resnet,independent_rms,202,bandpass_n20004_cV2_independent_rms_s20,phase2/results/predictions/full/independent_rms/resnet/seed_202/bandpass_n20004_cV2_independent_rms_s20.npz,76462,1ddd49b19c6877276f40a20ad174dca651e7ab625e483877b5c81145c30d4e5f
resnet,independent_rms,202,bandpass_n20004_cV2_independent_rms_s15,phase2/results/predictions/full/independent_rms/resnet/seed_202/bandpass_n20004_cV2_independent_rms_s15.npz,76465,0aa12ec312b8cbdcc9d43728466f0348bf96f68caa3bd83a9d239260ceaab158
resnet,independent_rms,202,bandpass_n20004_cV2_independent_rms_s10,phase2/results/predictions/full/independent_rms/resnet/seed_202/bandpass_n20004_cV2_independent_rms_s10.npz,76409,16c32b89de083421f609f35b09bfa09e98677e2dade4b973f3c51c61038373c1
resnet,independent_rms,202,bandpass_n20004_cV2_independent_rms_s5,phase2/results/predictions/full/independent_rms/resnet/seed_202/bandpass_n20004_cV2_independent_rms_s5.npz,76295,e3f5b69c228f09bb933f210bc24aa65e7cb5bbd884f7ebccf9f91b78e4a88954
resnet,independent_rms,202,bandpass_n20004_cV2_independent_rms_s0,phase2/results/predictions/full/independent_rms/resnet/seed_202/bandpass_n20004_cV2_independent_rms_s0.npz,75961,9297fa563df189e3669f13003a4e2a56947d41e690d0f510e0a6b02069ce75fa
resnet,independent_rms,202,bandpass_n20004_cV2_electrode_s20,phase2/results/predictions/full/independent_rms/resnet/seed_202/bandpass_n20004_cV2_electrode_s20.npz,76443,90753d62d23f2add01170448122d2cc18839c4e849611092489f9ef822d7e7b5
resnet,independent_rms,202,bandpass_n20004_cV2_electrode_s15,phase2/results/predictions/full/independent_rms/resnet/seed_202/bandpass_n20004_cV2_electrode_s15.npz,76432,c3a4121ab722513a26a989e4cbc44d39e971fc7f192de35b5bd1a9a4d40c9c1a
resnet,independent_rms,202,bandpass_n20004_cV2_electrode_s10,phase2/results/predictions/full/independent_rms/resnet/seed_202/bandpass_n20004_cV2_electrode_s10.npz,76406,c3186162f14798ece937d2b9791ccf35b494c46bdcc018c18203d9991e543906
resnet,independent_rms,202,bandpass_n20004_cV2_electrode_s5,phase2/results/predictions/full/independent_rms/resnet/seed_202/bandpass_n20004_cV2_electrode_s5.npz,76286,0af814252c191972486cdc4b89d6c6116b1c9e8c20963e00d6151b34bd79a696
resnet,independent_rms,202,bandpass_n20004_cV2_electrode_s0,phase2/results/predictions/full/independent_rms/resnet/seed_202/bandpass_n20004_cV2_electrode_s0.npz,75950,08e063594f37c3ecf48881eb3aeaa1ad20616dae7af3dfbb046912b9f4fb55a7
resnet,independent_rms,202,bandpass_n20004_cV2_covariance_s20,phase2/results/predictions/full/independent_rms/resnet/seed_202/bandpass_n20004_cV2_covariance_s20.npz,76446,0164fb5e018e1fc33b81f3c3435331ee2198f74f57d12a07ec35c78b8051e8e9
resnet,independent_rms,202,bandpass_n20004_cV2_covariance_s15,phase2/results/predictions/full/independent_rms/resnet/seed_202/bandpass_n20004_cV2_covariance_s15.npz,76447,d06f6bd698b541ab9b2bf7190ee415ef8a70c70a938eec086ad48be8e52f176b
resnet,independent_rms,202,bandpass_n20004_cV2_covariance_s10,phase2/results/predictions/full/independent_rms/resnet/seed_202/bandpass_n20004_cV2_covariance_s10.npz,76417,ad196b9ac6427b1c816aadf6f54e10bbf613f4987b73778cd96371d57d7c41fa
resnet,independent_rms,202,bandpass_n20004_cV2_covariance_s5,phase2/results/predictions/full/independent_rms/resnet/seed_202/bandpass_n20004_cV2_covariance_s5.npz,76280,65cd371aa4af43f126279593772e76c9956e6247c5a95d1e46e58bacf907526f
resnet,independent_rms,202,bandpass_n20004_cV2_covariance_s0,phase2/results/predictions/full/independent_rms/resnet/seed_202/bandpass_n20004_cV2_covariance_s0.npz,75913,49af43658b16d950813c60cb3d35bab6cf2ca1f3d4c0802db2ec7ba3d8f729a4
resnet,independent_rms,202,bandpass_n20004_cV3_independent_rms_s20,phase2/results/predictions/full/independent_rms/resnet/seed_202/bandpass_n20004_cV3_independent_rms_s20.npz,76434,6c7ea60f6121bca94c8c6a53573a42fdba23d31f2814450c825683897b1e7c75
resnet,independent_rms,202,bandpass_n20004_cV3_independent_rms_s15,phase2/results/predictions/full/independent_rms/resnet/seed_202/bandpass_n20004_cV3_independent_rms_s15.npz,76456,1ee114b29661c22e2e3b2cdb5af54205f0f240d8931d632f77d85616d1993fa6
resnet,independent_rms,202,bandpass_n20004_cV3_independent_rms_s10,phase2/results/predictions/full/independent_rms/resnet/seed_202/bandpass_n20004_cV3_independent_rms_s10.npz,76439,be951a2985ae89b16de2334dd98be6a3019a1f3de9ad26f18f2c19c9d1eab0c3
resnet,independent_rms,202,bandpass_n20004_cV3_independent_rms_s5,phase2/results/predictions/full/independent_rms/resnet/seed_202/bandpass_n20004_cV3_independent_rms_s5.npz,76377,872ae7454c5dca072cd50a6b53cff410ec37f201e780f35a9053627a7dfe1b55
resnet,independent_rms,202,bandpass_n20004_cV3_independent_rms_s0,phase2/results/predictions/full/independent_rms/resnet/seed_202/bandpass_n20004_cV3_independent_rms_s0.npz,76065,28f6aff13fafc80f4e31c34ba9737ae757390efa1fd834f8d51cbb0bbfbf74ba
resnet,independent_rms,202,bandpass_n20004_cV3_electrode_s20,phase2/results/predictions/full/independent_rms/resnet/seed_202/bandpass_n20004_cV3_electrode_s20.npz,76458,b21855b2e7e7794a0313534f3e78003ad0f87c6f7dfdf13b644e635a754dee80
resnet,independent_rms,202,bandpass_n20004_cV3_electrode_s15,phase2/results/predictions/full/independent_rms/resnet/seed_202/bandpass_n20004_cV3_electrode_s15.npz,76441,d60e59e6c25db9050bdb2371dbece5dcab1280100a9aa12fc0eb43b78e72615c
resnet,independent_rms,202,bandpass_n20004_cV3_electrode_s10,phase2/results/predictions/full/independent_rms/resnet/seed_202/bandpass_n20004_cV3_electrode_s10.npz,76410,e4ed778e1128fe25cfea2804ec1b345fcb84593d505be7b1c1b047f2e2b9ae8d
resnet,independent_rms,202,bandpass_n20004_cV3_electrode_s5,phase2/results/predictions/full/independent_rms/resnet/seed_202/bandpass_n20004_cV3_electrode_s5.npz,76334,3bf41e93e3972e5c19064ae4e0a414a0228d5c34d0f018888392749c016d0db6
resnet,independent_rms,202,bandpass_n20004_cV3_electrode_s0,phase2/results/predictions/full/independent_rms/resnet/seed_202/bandpass_n20004_cV3_electrode_s0.npz,76092,b0b111a30847285f9eb14291c55368b66acfcb1881711d6963f2e178d8876aa4
resnet,independent_rms,202,bandpass_n20004_cV3_covariance_s20,phase2/results/predictions/full/independent_rms/resnet/seed_202/bandpass_n20004_cV3_covariance_s20.npz,76460,12694a94efe78f69198576a4f19aac9a7996a17db5fb474c37616a6651a6e3b2
resnet,independent_rms,202,bandpass_n20004_cV3_covariance_s15,phase2/results/predictions/full/independent_rms/resnet/seed_202/bandpass_n20004_cV3_covariance_s15.npz,76462,0a8cb621623e1afc250a97c863a576db47416e5b83a72ef53ef5058b25d6865e
resnet,independent_rms,202,bandpass_n20004_cV3_covariance_s10,phase2/results/predictions/full/independent_rms/resnet/seed_202/bandpass_n20004_cV3_covariance_s10.npz,76419,32307f64963547ad30c249881641656355e5f7a92befc5c14632f854104428c7
resnet,independent_rms,202,bandpass_n20004_cV3_covariance_s5,phase2/results/predictions/full/independent_rms/resnet/seed_202/bandpass_n20004_cV3_covariance_s5.npz,76358,893ec888697a1d6814004dec9bd621013f708d62c4f39c3d052e1d2464efd979
resnet,independent_rms,202,bandpass_n20004_cV3_covariance_s0,phase2/results/predictions/full/independent_rms/resnet/seed_202/bandpass_n20004_cV3_covariance_s0.npz,76056,58a4eaad43c41cc4e2ce4c10f48441d20d2bcb7b4296c11a095d6da8a9bee288
resnet,independent_rms,202,bandpass_n20004_cV4_independent_rms_s20,phase2/results/predictions/full/independent_rms/resnet/seed_202/bandpass_n20004_cV4_independent_rms_s20.npz,76463,8a3d1529b50903cfb354232c635a4464c296c6721e9ee3848b32e05f8f152166
resnet,independent_rms,202,bandpass_n20004_cV4_independent_rms_s15,phase2/results/predictions/full/independent_rms/resnet/seed_202/bandpass_n20004_cV4_independent_rms_s15.npz,76443,2ec06f8aa7d50e884ea4592f2a355f84586b95195b9604758a5498467e554c38
resnet,independent_rms,202,bandpass_n20004_cV4_independent_rms_s10,phase2/results/predictions/full/independent_rms/resnet/seed_202/bandpass_n20004_cV4_independent_rms_s10.npz,76433,2c42e43576d24d0a3cb3ea1524f7934b8ef15f9b3ef94d4872bc2a21667d2cbf
resnet,independent_rms,202,bandpass_n20004_cV4_independent_rms_s5,phase2/results/predictions/full/independent_rms/resnet/seed_202/bandpass_n20004_cV4_independent_rms_s5.npz,76299,9e17a1b15c5e8362c46b851375da9e02dc8ffa73576b21256d7b55fe1fb19055
resnet,independent_rms,202,bandpass_n20004_cV4_independent_rms_s0,phase2/results/predictions/full/independent_rms/resnet/seed_202/bandpass_n20004_cV4_independent_rms_s0.npz,75916,5edfbb21cbc923939041b8c3a5588dee414a776b7eea969b984c6e44d6051b37
resnet,independent_rms,202,bandpass_n20004_cV4_electrode_s20,phase2/results/predictions/full/independent_rms/resnet/seed_202/bandpass_n20004_cV4_electrode_s20.npz,76453,7180f5afa5ccbfe7806f9303c8f7e4d8845871fd63127a1326fad2b2dae4f8a8
resnet,independent_rms,202,bandpass_n20004_cV4_electrode_s15,phase2/results/predictions/full/independent_rms/resnet/seed_202/bandpass_n20004_cV4_electrode_s15.npz,76445,b09b84ccf4efc56d0425cd0ed40a4f2c044288bfbbbc409eb3bf576d8f0f9837
resnet,independent_rms,202,bandpass_n20004_cV4_electrode_s10,phase2/results/predictions/full/independent_rms/resnet/seed_202/bandpass_n20004_cV4_electrode_s10.npz,76410,95c85481992518f3a0895e6e29e1dbb237eb56e70d61d6f8fd5be908b3516c9b
resnet,independent_rms,202,bandpass_n20004_cV4_electrode_s5,phase2/results/predictions/full/independent_rms/resnet/seed_202/bandpass_n20004_cV4_electrode_s5.npz,76265,adec39b7ce35917942cd6c8494db7056dca3921ed6ca7f9b88f702c9a92e004f
resnet,independent_rms,202,bandpass_n20004_cV4_electrode_s0,phase2/results/predictions/full/independent_rms/resnet/seed_202/bandpass_n20004_cV4_electrode_s0.npz,75923,7a09ac1e2ef725665c4a222158dded58985a80030c3badbb364607ed1722e3b3
resnet,independent_rms,202,bandpass_n20004_cV4_covariance_s20,phase2/results/predictions/full/independent_rms/resnet/seed_202/bandpass_n20004_cV4_covariance_s20.npz,76458,ff34b9a7dae1bd222f1c4e0be7761ec1c0dd36d93e8bbe24a10595c5ccf68871
resnet,independent_rms,202,bandpass_n20004_cV4_covariance_s15,phase2/results/predictions/full/independent_rms/resnet/seed_202/bandpass_n20004_cV4_covariance_s15.npz,76462,f464bf259a944a8a2d6c786e518aab487ffdadf17c73447f088884a9eb163756
resnet,independent_rms,202,bandpass_n20004_cV4_covariance_s10,phase2/results/predictions/full/independent_rms/resnet/seed_202/bandpass_n20004_cV4_covariance_s10.npz,76420,6268ab55d33e6824b09b40d318740abbe7aee694ed1a180826923b18498e45ba
resnet,independent_rms,202,bandpass_n20004_cV4_covariance_s5,phase2/results/predictions/full/independent_rms/resnet/seed_202/bandpass_n20004_cV4_covariance_s5.npz,76269,4d89284d37cb9efa8140d636b0daf30455d3dbfa47a9b0ce390f167094304fca
resnet,independent_rms,202,bandpass_n20004_cV4_covariance_s0,phase2/results/predictions/full/independent_rms/resnet/seed_202/bandpass_n20004_cV4_covariance_s0.npz,75921,bdcabac6a85d07352c1bad6576f3b8a0ae8e8091a98d120a000a32395cdb18d0
resnet,independent_rms,202,bandpass_n20004_cV5_independent_rms_s20,phase2/results/predictions/full/independent_rms/resnet/seed_202/bandpass_n20004_cV5_independent_rms_s20.npz,76475,5adb4fdcdbb9e480a8bfa7fb5081793a0a2d703c602ee93d313da9009106cadd
resnet,independent_rms,202,bandpass_n20004_cV5_independent_rms_s15,phase2/results/predictions/full/independent_rms/resnet/seed_202/bandpass_n20004_cV5_independent_rms_s15.npz,76429,5f15eff7cd43f92afd32d1957fd5ca909e717848b282168c339b72ba9cc034dc
resnet,independent_rms,202,bandpass_n20004_cV5_independent_rms_s10,phase2/results/predictions/full/independent_rms/resnet/seed_202/bandpass_n20004_cV5_independent_rms_s10.npz,76378,0b1548a85e50b0c4966e9770f7716ef278e57b9d636e4ecaf2af2b2a67ebfa5a
resnet,independent_rms,202,bandpass_n20004_cV5_independent_rms_s5,phase2/results/predictions/full/independent_rms/resnet/seed_202/bandpass_n20004_cV5_independent_rms_s5.npz,76260,e313e7755cc2ccc670b60aa0ee81ba63448a0727c2af0b7e742814a3bbabd0fd
resnet,independent_rms,202,bandpass_n20004_cV5_independent_rms_s0,phase2/results/predictions/full/independent_rms/resnet/seed_202/bandpass_n20004_cV5_independent_rms_s0.npz,75817,f30cd94b7d0b7e01dc7ed3eda0cb6ca1d5396cdd8294fa7a9ab003fb35791c7c
resnet,independent_rms,202,bandpass_n20004_cV5_electrode_s20,phase2/results/predictions/full/independent_rms/resnet/seed_202/bandpass_n20004_cV5_electrode_s20.npz,76439,44fdeddf8a5ea250d8678b33e0515f5f5b53d20029b5b462c301f14d30244f4a
resnet,independent_rms,202,bandpass_n20004_cV5_electrode_s15,phase2/results/predictions/full/independent_rms/resnet/seed_202/bandpass_n20004_cV5_electrode_s15.npz,76448,cecd55e79d6af9f57d10786dd19679b2ef9fe73bac02b9c75231f082eca8cd17
resnet,independent_rms,202,bandpass_n20004_cV5_electrode_s10,phase2/results/predictions/full/independent_rms/resnet/seed_202/bandpass_n20004_cV5_electrode_s10.npz,76368,3ca8ebbbbb06596b060a43213c7e19a3137d3b9f303bcc64310e37167e5ccb0b
resnet,independent_rms,202,bandpass_n20004_cV5_electrode_s5,phase2/results/predictions/full/independent_rms/resnet/seed_202/bandpass_n20004_cV5_electrode_s5.npz,76227,8059e2292c4074cde8cf17c24401ebed785af1f03023e9454480bc138217bef3
resnet,independent_rms,202,bandpass_n20004_cV5_electrode_s0,phase2/results/predictions/full/independent_rms/resnet/seed_202/bandpass_n20004_cV5_electrode_s0.npz,75767,8c84541bfc6a60f3c293b669b72afa03a92b14e5cc13ddeb546efeb05da25e4e
resnet,independent_rms,202,bandpass_n20004_cV5_covariance_s20,phase2/results/predictions/full/independent_rms/resnet/seed_202/bandpass_n20004_cV5_covariance_s20.npz,76417,77f2c52a9678f0b047c5b6c353166909a8dc4f3320d5aa6e49272e1174fc3459
resnet,independent_rms,202,bandpass_n20004_cV5_covariance_s15,phase2/results/predictions/full/independent_rms/resnet/seed_202/bandpass_n20004_cV5_covariance_s15.npz,76386,f0450cf81c5f74c399a9b85512b18b460ae75e5e772ea415e4e9103b7e66e04f
resnet,independent_rms,202,bandpass_n20004_cV5_covariance_s10,phase2/results/predictions/full/independent_rms/resnet/seed_202/bandpass_n20004_cV5_covariance_s10.npz,76390,172e6979b2d98d11359ebc034cdd2e81e7ce2fa4e27f259b08520449b5e4608a
resnet,independent_rms,202,bandpass_n20004_cV5_covariance_s5,phase2/results/predictions/full/independent_rms/resnet/seed_202/bandpass_n20004_cV5_covariance_s5.npz,76209,25835807baa99750ee10421704fb25fde909a43c039cd7b08e7f4c70f9bc97a9
resnet,independent_rms,202,bandpass_n20004_cV5_covariance_s0,phase2/results/predictions/full/independent_rms/resnet/seed_202/bandpass_n20004_cV5_covariance_s0.npz,75790,298fd33c7cf0043af5ca41a0687b734cdc2bb3c0bc716e85c4d40c735617faf5
resnet,independent_rms,202,bandpass_n20004_cV6_independent_rms_s20,phase2/results/predictions/full/independent_rms/resnet/seed_202/bandpass_n20004_cV6_independent_rms_s20.npz,76461,f0ddbb723a2add56cccf1e6494fe144a93b2205e1c344480afb9d405cfb787a8
resnet,independent_rms,202,bandpass_n20004_cV6_independent_rms_s15,phase2/results/predictions/full/independent_rms/resnet/seed_202/bandpass_n20004_cV6_independent_rms_s15.npz,76436,3ccc4255f1c5e7afa840d74a15e96ed12a317eb12a030b1f9ebf98d0d9eb9c30
resnet,independent_rms,202,bandpass_n20004_cV6_independent_rms_s10,phase2/results/predictions/full/independent_rms/resnet/seed_202/bandpass_n20004_cV6_independent_rms_s10.npz,76387,f1deb4b757e35630ba74b0f512cf072cd942eb9bc2597adb6ab2705a8b209521
resnet,independent_rms,202,bandpass_n20004_cV6_independent_rms_s5,phase2/results/predictions/full/independent_rms/resnet/seed_202/bandpass_n20004_cV6_independent_rms_s5.npz,76247,5fa3d13cd0301c36cf7ecfa9ff1a89407cf495d84b12de1bd58db0c3d4154754
resnet,independent_rms,202,bandpass_n20004_cV6_independent_rms_s0,phase2/results/predictions/full/independent_rms/resnet/seed_202/bandpass_n20004_cV6_independent_rms_s0.npz,75774,f21dc9b971d963fbfd2d1cf57894b1b8a6814ac38a948afc189aff690ea81c0b
resnet,independent_rms,202,bandpass_n20004_cV6_electrode_s20,phase2/results/predictions/full/independent_rms/resnet/seed_202/bandpass_n20004_cV6_electrode_s20.npz,76405,32cb36c91893c5366b4b13cf1e8bc641ca9ce26b73efe261427a89f20f804fc8
resnet,independent_rms,202,bandpass_n20004_cV6_electrode_s15,phase2/results/predictions/full/independent_rms/resnet/seed_202/bandpass_n20004_cV6_electrode_s15.npz,76406,a89e10cc3ce172cf9fbaf4275a9a0638c5faa09aec851d93a32f92433e48956e
resnet,independent_rms,202,bandpass_n20004_cV6_electrode_s10,phase2/results/predictions/full/independent_rms/resnet/seed_202/bandpass_n20004_cV6_electrode_s10.npz,76381,f1fa4ebe539be3eb5b577abf32f8d3fa66d03b2f47d21022e446646fca74480e
resnet,independent_rms,202,bandpass_n20004_cV6_electrode_s5,phase2/results/predictions/full/independent_rms/resnet/seed_202/bandpass_n20004_cV6_electrode_s5.npz,76207,54fc4a986e934e428d1b5df4b2d46d6cc8c9c08b797b97881f83677df6f93ecc
resnet,independent_rms,202,bandpass_n20004_cV6_electrode_s0,phase2/results/predictions/full/independent_rms/resnet/seed_202/bandpass_n20004_cV6_electrode_s0.npz,75743,f2bf62f0dddb939a2e7a7cb86b4ea0506edbfa55e06e3d95b9688a36f2b68ede
resnet,independent_rms,202,bandpass_n20004_cV6_covariance_s20,phase2/results/predictions/full/independent_rms/resnet/seed_202/bandpass_n20004_cV6_covariance_s20.npz,76453,0d395a5f093d83b7ef27b234c596bf8d6113a45e9c18f2778e3def59b3ff41e7
resnet,independent_rms,202,bandpass_n20004_cV6_covariance_s15,phase2/results/predictions/full/independent_rms/resnet/seed_202/bandpass_n20004_cV6_covariance_s15.npz,76448,d36b0213b8218e74e55213e6c2cca0a4c6e1b1e72bde1e0812d4cdae52ae2cf5
resnet,independent_rms,202,bandpass_n20004_cV6_covariance_s10,phase2/results/predictions/full/independent_rms/resnet/seed_202/bandpass_n20004_cV6_covariance_s10.npz,76366,d9ce81ea61004ed4cf65630d334b178001485a7d9bfe6b19c098863405bb3098
resnet,independent_rms,202,bandpass_n20004_cV6_covariance_s5,phase2/results/predictions/full/independent_rms/resnet/seed_202/bandpass_n20004_cV6_covariance_s5.npz,76214,67faba16f147f0431bd93fd7982c4185b77a07fd615715d505a1e181344488da
resnet,independent_rms,202,bandpass_n20004_cV6_covariance_s0,phase2/results/predictions/full/independent_rms/resnet/seed_202/bandpass_n20004_cV6_covariance_s0.npz,75748,cfec565b8380cbb6b667be6242bb3ad7cbedba08fb2a802c8d8df22e8918869b
resnet,independent_rms,202,bandpass_n20004_cRA_LA_independent_rms_s20,phase2/results/predictions/full/independent_rms/resnet/seed_202/bandpass_n20004_cRA_LA_independent_rms_s20.npz,76454,d7244a0024d4ec0c9dcb4a7f96f6bc4723255810054cddeac3f13aadde827699
resnet,independent_rms,202,bandpass_n20004_cRA_LA_independent_rms_s15,phase2/results/predictions/full/independent_rms/resnet/seed_202/bandpass_n20004_cRA_LA_independent_rms_s15.npz,76470,6f049f57cf81f283ed17c3809080309b7c186f7b720acf87db1a8ff5f70956a5
resnet,independent_rms,202,bandpass_n20004_cRA_LA_independent_rms_s10,phase2/results/predictions/full/independent_rms/resnet/seed_202/bandpass_n20004_cRA_LA_independent_rms_s10.npz,76400,f25db2c3e6b4eb9a49c97a59b33fe39115b49cfd5b64092009abbd1dfb2829bc
resnet,independent_rms,202,bandpass_n20004_cRA_LA_independent_rms_s5,phase2/results/predictions/full/independent_rms/resnet/seed_202/bandpass_n20004_cRA_LA_independent_rms_s5.npz,76219,80201dd0cad42680ca7d7230f3ccd3f24dedb0b356477269531385041b0b492e
resnet,independent_rms,202,bandpass_n20004_cRA_LA_independent_rms_s0,phase2/results/predictions/full/independent_rms/resnet/seed_202/bandpass_n20004_cRA_LA_independent_rms_s0.npz,75787,33db31ca81cd914847780d256f854491d3a273571a50760e51536b360323e9d6
resnet,independent_rms,202,bandpass_n20004_cRA_LA_electrode_s20,phase2/results/predictions/full/independent_rms/resnet/seed_202/bandpass_n20004_cRA_LA_electrode_s20.npz,76455,bc21dceb361770f341f341d76e4aa0e62014ec454f767259f11bf01cb837e471
resnet,independent_rms,202,bandpass_n20004_cRA_LA_electrode_s15,phase2/results/predictions/full/independent_rms/resnet/seed_202/bandpass_n20004_cRA_LA_electrode_s15.npz,76416,869716a6a55b5f0e39f8964d5e7756e54bf69e31c084cca1ba460987117e44a5
resnet,independent_rms,202,bandpass_n20004_cRA_LA_electrode_s10,phase2/results/predictions/full/independent_rms/resnet/seed_202/bandpass_n20004_cRA_LA_electrode_s10.npz,76307,53d9f188ae4cb6bce635df9488bd26a7c53e839e260b158a617a3034a1bc5d8f
resnet,independent_rms,202,bandpass_n20004_cRA_LA_electrode_s5,phase2/results/predictions/full/independent_rms/resnet/seed_202/bandpass_n20004_cRA_LA_electrode_s5.npz,76090,a4ca3d1a0bd1eb356575e680a338134bd2883ea64b7562c9459a3915c9e87673
resnet,independent_rms,202,bandpass_n20004_cRA_LA_electrode_s0,phase2/results/predictions/full/independent_rms/resnet/seed_202/bandpass_n20004_cRA_LA_electrode_s0.npz,75585,f8f80ea532dcb80bb62cfb342ec88f24f2c33050acfbe1d73d9af08c63a14218
resnet,independent_rms,202,bandpass_n20004_cRA_LA_covariance_s20,phase2/results/predictions/full/independent_rms/resnet/seed_202/bandpass_n20004_cRA_LA_covariance_s20.npz,76441,1514ef9dda8991a3dfb66cd636a68777ed9ed89df522796b6b754368e2efd63d
resnet,independent_rms,202,bandpass_n20004_cRA_LA_covariance_s15,phase2/results/predictions/full/independent_rms/resnet/seed_202/bandpass_n20004_cRA_LA_covariance_s15.npz,76409,4b5d2f6694b0c9bc7d10a68128cb1e7f0fae78b9394cfd6bdb7fc378a4440e6c
resnet,independent_rms,202,bandpass_n20004_cRA_LA_covariance_s10,phase2/results/predictions/full/independent_rms/resnet/seed_202/bandpass_n20004_cRA_LA_covariance_s10.npz,76298,87ee8f5122ac4e707792c9dae101b4246f016ea793722d36e635982e9a56c005
resnet,independent_rms,202,bandpass_n20004_cRA_LA_covariance_s5,phase2/results/predictions/full/independent_rms/resnet/seed_202/bandpass_n20004_cRA_LA_covariance_s5.npz,76070,f8e1271771989e6cc4483b91115dc4eb02d9f54231d3a5011fe783d01b99c86f
resnet,independent_rms,202,bandpass_n20004_cRA_LA_covariance_s0,phase2/results/predictions/full/independent_rms/resnet/seed_202/bandpass_n20004_cRA_LA_covariance_s0.npz,75587,c88000d1e7e0042396d741a6941ff6a6f62e65c1fd9ac21d525e143614113948
resnet,independent_rms,202,bandpass_n20004_cLA_LL_independent_rms_s20,phase2/results/predictions/full/independent_rms/resnet/seed_202/bandpass_n20004_cLA_LL_independent_rms_s20.npz,76448,9940f3843716959de9fd2776550a9e771e9cb94b4e5231cac12a557187ddfd3e
resnet,independent_rms,202,bandpass_n20004_cLA_LL_independent_rms_s15,phase2/results/predictions/full/independent_rms/resnet/seed_202/bandpass_n20004_cLA_LL_independent_rms_s15.npz,76468,54d0647289ea1a81d9010852532b22c4b950517f51b57e8535ab828c17f98bbb
resnet,independent_rms,202,bandpass_n20004_cLA_LL_independent_rms_s10,phase2/results/predictions/full/independent_rms/resnet/seed_202/bandpass_n20004_cLA_LL_independent_rms_s10.npz,76424,ab6d294f4f506c88e6b9eea749b0749c70f177fe6b7fbe4de6110fbf6d3a85bf
resnet,independent_rms,202,bandpass_n20004_cLA_LL_independent_rms_s5,phase2/results/predictions/full/independent_rms/resnet/seed_202/bandpass_n20004_cLA_LL_independent_rms_s5.npz,76214,7b967628a935b7ee0b42ad5e61e2029dc56dca0acc87c0ef62de36fb69e40a57
resnet,independent_rms,202,bandpass_n20004_cLA_LL_independent_rms_s0,phase2/results/predictions/full/independent_rms/resnet/seed_202/bandpass_n20004_cLA_LL_independent_rms_s0.npz,75789,26f7d07ee30a2af6ff3bc165c807cf4a922759c7b5a832227639342c80bedb98
resnet,independent_rms,202,bandpass_n20004_cLA_LL_electrode_s20,phase2/results/predictions/full/independent_rms/resnet/seed_202/bandpass_n20004_cLA_LL_electrode_s20.npz,76426,619899f10177bc655ae5a89e71c3c689176eb0dff4786369ac0792327a55ca44
resnet,independent_rms,202,bandpass_n20004_cLA_LL_electrode_s15,phase2/results/predictions/full/independent_rms/resnet/seed_202/bandpass_n20004_cLA_LL_electrode_s15.npz,76440,a505018ee96f70a01ac43805cbcc145035f9bb1bafac45c8906f439a640198b8
resnet,independent_rms,202,bandpass_n20004_cLA_LL_electrode_s10,phase2/results/predictions/full/independent_rms/resnet/seed_202/bandpass_n20004_cLA_LL_electrode_s10.npz,76320,fc549b82fd63890722981421816ee77a676247d5791d231803d37d69d6a53cf2
resnet,independent_rms,202,bandpass_n20004_cLA_LL_electrode_s5,phase2/results/predictions/full/independent_rms/resnet/seed_202/bandpass_n20004_cLA_LL_electrode_s5.npz,76084,28f9101a94fe3a1335b2955c07e01edf6ac1ad2a92c942519a5f127de789b1c4
resnet,independent_rms,202,bandpass_n20004_cLA_LL_electrode_s0,phase2/results/predictions/full/independent_rms/resnet/seed_202/bandpass_n20004_cLA_LL_electrode_s0.npz,75499,43db12c8cc646263171b087ac1e04ab4ad3510dc99baa69e0216114e22c21fe1
resnet,independent_rms,202,bandpass_n20004_cLA_LL_covariance_s20,phase2/results/predictions/full/independent_rms/resnet/seed_202/bandpass_n20004_cLA_LL_covariance_s20.npz,76481,fa2d62a08d770e3ebc5c0ecc4caaca9f079d1c7156b868296770cf4fa380d1da
resnet,independent_rms,202,bandpass_n20004_cLA_LL_covariance_s15,phase2/results/predictions/full/independent_rms/resnet/seed_202/bandpass_n20004_cLA_LL_covariance_s15.npz,76402,a1c67eda9ca99e2e9320f3d2d25b76789315c84d381edd3569034a43d86c39dc
resnet,independent_rms,202,bandpass_n20004_cLA_LL_covariance_s10,phase2/results/predictions/full/independent_rms/resnet/seed_202/bandpass_n20004_cLA_LL_covariance_s10.npz,76368,e3785f443b81b4b8e5d15ab35163d73db7c13d1b4910d67358286619a94f8d01
resnet,independent_rms,202,bandpass_n20004_cLA_LL_covariance_s5,phase2/results/predictions/full/independent_rms/resnet/seed_202/bandpass_n20004_cLA_LL_covariance_s5.npz,76082,257e1606e7668971681f740b7d6472cad2bcb33f2b20031b5b611a7b916ced1c
resnet,independent_rms,202,bandpass_n20004_cLA_LL_covariance_s0,phase2/results/predictions/full/independent_rms/resnet/seed_202/bandpass_n20004_cLA_LL_covariance_s0.npz,75481,35920821b0e5c486da29b003dea9024634755e40a2a4ff3331736ab0bbd3d3fd
resnet,independent_rms,202,bandpass_n20004_cRA_LL_independent_rms_s20,phase2/results/predictions/full/independent_rms/resnet/seed_202/bandpass_n20004_cRA_LL_independent_rms_s20.npz,76466,1978d658a14fe930c3d4fe9157e2c3a128c7d3d70f7fb6883a536b2e583e7c2a
resnet,independent_rms,202,bandpass_n20004_cRA_LL_independent_rms_s15,phase2/results/predictions/full/independent_rms/resnet/seed_202/bandpass_n20004_cRA_LL_independent_rms_s15.npz,76429,d52bd49d24df19ebf3d0f4cb49985fb88fd88a91fd7d5050a005fc5f13170c4e
resnet,independent_rms,202,bandpass_n20004_cRA_LL_independent_rms_s10,phase2/results/predictions/full/independent_rms/resnet/seed_202/bandpass_n20004_cRA_LL_independent_rms_s10.npz,76396,55cc19b096f07be4b9163e943209f9e2b306d7641b1856c7b29fb2a443f65870
resnet,independent_rms,202,bandpass_n20004_cRA_LL_independent_rms_s5,phase2/results/predictions/full/independent_rms/resnet/seed_202/bandpass_n20004_cRA_LL_independent_rms_s5.npz,76242,732596c97e516f4a73f3d9296603fbdc10d62c97b19754b0b4e41740e0293a3f
resnet,independent_rms,202,bandpass_n20004_cRA_LL_independent_rms_s0,phase2/results/predictions/full/independent_rms/resnet/seed_202/bandpass_n20004_cRA_LL_independent_rms_s0.npz,75828,77fa281c2680c8c2bf75cb9f1b18f27b7f57aaa846084f79044a7dbc521b6211
resnet,independent_rms,202,bandpass_n20004_cRA_LL_electrode_s20,phase2/results/predictions/full/independent_rms/resnet/seed_202/bandpass_n20004_cRA_LL_electrode_s20.npz,76434,0f99ebf006f67473ee37be37a123992ebad53068891f92441e684cf8adbb3deb
resnet,independent_rms,202,bandpass_n20004_cRA_LL_electrode_s15,phase2/results/predictions/full/independent_rms/resnet/seed_202/bandpass_n20004_cRA_LL_electrode_s15.npz,76411,aabc289343981b78174a42a82f66ee3ffcee383fa925a1adc90a65c2444e0697
resnet,independent_rms,202,bandpass_n20004_cRA_LL_electrode_s10,phase2/results/predictions/full/independent_rms/resnet/seed_202/bandpass_n20004_cRA_LL_electrode_s10.npz,76320,e9e224984d544bedb5ded522f1a03759410022f9d8d197320245fb76aa6310dc
resnet,independent_rms,202,bandpass_n20004_cRA_LL_electrode_s5,phase2/results/predictions/full/independent_rms/resnet/seed_202/bandpass_n20004_cRA_LL_electrode_s5.npz,76080,c99556dc4e85446e2545650e59e622a26f13c05c55624c18943c59d934eaa69c
resnet,independent_rms,202,bandpass_n20004_cRA_LL_electrode_s0,phase2/results/predictions/full/independent_rms/resnet/seed_202/bandpass_n20004_cRA_LL_electrode_s0.npz,75496,db19f5b19da9701e19215a3b193f3abc9c300bbb2f496d5e13a429540ea72d3b
resnet,independent_rms,202,bandpass_n20004_cRA_LL_covariance_s20,phase2/results/predictions/full/independent_rms/resnet/seed_202/bandpass_n20004_cRA_LL_covariance_s20.npz,76439,1fcd2cbcf8aeabb3ccc806a6fc498ed4adf24cb8ecb56c799cb71e7fcad5be35
resnet,independent_rms,202,bandpass_n20004_cRA_LL_covariance_s15,phase2/results/predictions/full/independent_rms/resnet/seed_202/bandpass_n20004_cRA_LL_covariance_s15.npz,76426,00712c84ef1d0b0ef0a4930687a7f19539f6e2cfd413a5cfdc81760c1dff651c
resnet,independent_rms,202,bandpass_n20004_cRA_LL_covariance_s10,phase2/results/predictions/full/independent_rms/resnet/seed_202/bandpass_n20004_cRA_LL_covariance_s10.npz,76308,3e709b31e392658bc7ff5d6baeca68214acb7a3c55675d8134bcd7a89d3cb6e1
resnet,independent_rms,202,bandpass_n20004_cRA_LL_covariance_s5,phase2/results/predictions/full/independent_rms/resnet/seed_202/bandpass_n20004_cRA_LL_covariance_s5.npz,76090,faec606ff05c868a8d6f32a13a101fbd95a6cf8584866fa438d45a832b9f9cb4
resnet,independent_rms,202,bandpass_n20004_cRA_LL_covariance_s0,phase2/results/predictions/full/independent_rms/resnet/seed_202/bandpass_n20004_cRA_LL_covariance_s0.npz,75527,f6ab4fe511a99322f103eeae1902ccec7dd296cbc270fe8ae5d0b10cf2ce2545
resnet,independent_rms,202,bandpass_n20004_cRA_independent_rms_s20,phase2/results/predictions/full/independent_rms/resnet/seed_202/bandpass_n20004_cRA_independent_rms_s20.npz,76450,18b4f2ffc5792dfc039d81b5bf65b6149b9fb17f3b26fed7322f7039bcef9560
resnet,independent_rms,202,bandpass_n20004_cRA_independent_rms_s15,phase2/results/predictions/full/independent_rms/resnet/seed_202/bandpass_n20004_cRA_independent_rms_s15.npz,76424,30fe3738914396a2da4d4ab784f7825fe06c64a4923c01e64b4b9a39d138ea0c
resnet,independent_rms,202,bandpass_n20004_cRA_independent_rms_s10,phase2/results/predictions/full/independent_rms/resnet/seed_202/bandpass_n20004_cRA_independent_rms_s10.npz,76374,24bbe3a8d88c999d23a435be21ee80137865fd68394060b08f101f28a637d743
resnet,independent_rms,202,bandpass_n20004_cRA_independent_rms_s5,phase2/results/predictions/full/independent_rms/resnet/seed_202/bandpass_n20004_cRA_independent_rms_s5.npz,76238,61dd5079b277bb7a4c6fed08fbe276468b833f5fe5716b7e03d60723756778ae
resnet,independent_rms,202,bandpass_n20004_cRA_independent_rms_s0,phase2/results/predictions/full/independent_rms/resnet/seed_202/bandpass_n20004_cRA_independent_rms_s0.npz,75767,e51baec3953446e581a409b692279afecec74feb590ba90964bfba3c31d20159
resnet,independent_rms,202,bandpass_n20004_cRA_electrode_s20,phase2/results/predictions/full/independent_rms/resnet/seed_202/bandpass_n20004_cRA_electrode_s20.npz,76445,c842195f9dda43d90e365542038e15e8e5ac06532e3d8d582c6f6eaf868311f3
resnet,independent_rms,202,bandpass_n20004_cRA_electrode_s15,phase2/results/predictions/full/independent_rms/resnet/seed_202/bandpass_n20004_cRA_electrode_s15.npz,76409,de08d8e7ac59d31ea1822ee06f1de29a946dffb43c52ec0b03dccd24348e6365
resnet,independent_rms,202,bandpass_n20004_cRA_electrode_s10,phase2/results/predictions/full/independent_rms/resnet/seed_202/bandpass_n20004_cRA_electrode_s10.npz,76281,6d09b9ca14b7ecc5ae1c1fbc10c22f9dff6ea4816ed795534724eb51323f2da2
resnet,independent_rms,202,bandpass_n20004_cRA_electrode_s5,phase2/results/predictions/full/independent_rms/resnet/seed_202/bandpass_n20004_cRA_electrode_s5.npz,76039,75ae27019c0f810e9aa7c02b9cc9f23a2e37baac90fd9ad1a4d54c6cc5f0b233
resnet,independent_rms,202,bandpass_n20004_cRA_electrode_s0,phase2/results/predictions/full/independent_rms/resnet/seed_202/bandpass_n20004_cRA_electrode_s0.npz,75666,f11ad5c8a82313262abfbf7bf799f7eaf33364f5ee381fea35d53e89858957f1
resnet,independent_rms,202,bandpass_n20004_cRA_covariance_s20,phase2/results/predictions/full/independent_rms/resnet/seed_202/bandpass_n20004_cRA_covariance_s20.npz,76420,d1ffc0144be7a3fe74ee02c10a5fc1d9daa07edb30f93cdfd8ca20dde6938dba
resnet,independent_rms,202,bandpass_n20004_cRA_covariance_s15,phase2/results/predictions/full/independent_rms/resnet/seed_202/bandpass_n20004_cRA_covariance_s15.npz,76394,99b3cd68729cfc47913bb7a740bc1636ed088995f094bddd55e623a0f540afaf
resnet,independent_rms,202,bandpass_n20004_cRA_covariance_s10,phase2/results/predictions/full/independent_rms/resnet/seed_202/bandpass_n20004_cRA_covariance_s10.npz,76287,a3d091334a81fd5d328e27a74ea8f48198763660ffef561cf57ade630de789cc
resnet,independent_rms,202,bandpass_n20004_cRA_covariance_s5,phase2/results/predictions/full/independent_rms/resnet/seed_202/bandpass_n20004_cRA_covariance_s5.npz,76057,7d812435bd28259709671ea688798871c713b85b38a4c18065d80476a984e046
resnet,independent_rms,202,bandpass_n20004_cRA_covariance_s0,phase2/results/predictions/full/independent_rms/resnet/seed_202/bandpass_n20004_cRA_covariance_s0.npz,75665,7d2eff5b891bbb885abb98ad5712bddb3684d2275cd0f6680d21893b6c85760c
resnet,independent_rms,202,bandpass_n20004_cLA_independent_rms_s20,phase2/results/predictions/full/independent_rms/resnet/seed_202/bandpass_n20004_cLA_independent_rms_s20.npz,76444,fa1bfad09f4a8afa89ffed0d923a17e01160d9734957f8f1ca172f6c4797d779
resnet,independent_rms,202,bandpass_n20004_cLA_independent_rms_s15,phase2/results/predictions/full/independent_rms/resnet/seed_202/bandpass_n20004_cLA_independent_rms_s15.npz,76461,c4b9a30371dd204a9aadd2a29774b3b53edc24d797c8582b8ad84ad714ead983
resnet,independent_rms,202,bandpass_n20004_cLA_independent_rms_s10,phase2/results/predictions/full/independent_rms/resnet/seed_202/bandpass_n20004_cLA_independent_rms_s10.npz,76374,2b31b9bc054f8a629ef6f52c2cd909ce753aea383b9dfdd6e385df4ee45b6b00
resnet,independent_rms,202,bandpass_n20004_cLA_independent_rms_s5,phase2/results/predictions/full/independent_rms/resnet/seed_202/bandpass_n20004_cLA_independent_rms_s5.npz,76205,04f142411354b64c84d100dd17f0a5ef25094be6505cbb9e835252641476873f
resnet,independent_rms,202,bandpass_n20004_cLA_independent_rms_s0,phase2/results/predictions/full/independent_rms/resnet/seed_202/bandpass_n20004_cLA_independent_rms_s0.npz,75758,40fce2aad9a88725d2d4f38616ca3d71dc45420eaf58503ba943fc479bfff3ea
resnet,independent_rms,202,bandpass_n20004_cLA_electrode_s20,phase2/results/predictions/full/independent_rms/resnet/seed_202/bandpass_n20004_cLA_electrode_s20.npz,76454,14b11eb7c34f5e360373bdbdb4d33985f36aa73dc871cb414d97dad454dec7df
resnet,independent_rms,202,bandpass_n20004_cLA_electrode_s15,phase2/results/predictions/full/independent_rms/resnet/seed_202/bandpass_n20004_cLA_electrode_s15.npz,76387,af568b6ca72413e58b5c3db10f112255d3c22e4215d9b66af5b38582fa3fd835
resnet,independent_rms,202,bandpass_n20004_cLA_electrode_s10,phase2/results/predictions/full/independent_rms/resnet/seed_202/bandpass_n20004_cLA_electrode_s10.npz,76339,61149c3a3e52e631e483be789652a5216398003ba70ef0d1ffae3b643d3090b7
resnet,independent_rms,202,bandpass_n20004_cLA_electrode_s5,phase2/results/predictions/full/independent_rms/resnet/seed_202/bandpass_n20004_cLA_electrode_s5.npz,76053,6c85d3b3f4f6dc16dc75f6be628c0359e1fe96cb9339631027b03465747b8c6a
resnet,independent_rms,202,bandpass_n20004_cLA_electrode_s0,phase2/results/predictions/full/independent_rms/resnet/seed_202/bandpass_n20004_cLA_electrode_s0.npz,75454,07c225db45cee4345cdd8a38271a5cf8004949f37171a2a63342d5511cc2dfcb
resnet,independent_rms,202,bandpass_n20004_cLA_covariance_s20,phase2/results/predictions/full/independent_rms/resnet/seed_202/bandpass_n20004_cLA_covariance_s20.npz,76462,3888d977eb2c1062848d2699fba100d474e7869ee64716098fd2f37acbdafc83
resnet,independent_rms,202,bandpass_n20004_cLA_covariance_s15,phase2/results/predictions/full/independent_rms/resnet/seed_202/bandpass_n20004_cLA_covariance_s15.npz,76462,ac2b2baecf3990347c62c6111b1205309be6f3fe86ada22f1825f1dd9d80fdc8
resnet,independent_rms,202,bandpass_n20004_cLA_covariance_s10,phase2/results/predictions/full/independent_rms/resnet/seed_202/bandpass_n20004_cLA_covariance_s10.npz,76310,4cea35a537ea39d6f048160855a64ea3374d9bc2a739d6263de51a50be9fa675
resnet,independent_rms,202,bandpass_n20004_cLA_covariance_s5,phase2/results/predictions/full/independent_rms/resnet/seed_202/bandpass_n20004_cLA_covariance_s5.npz,76081,9cd1338bee9a6ad27ee2fb7d2290f27e75861db9f19948f4fc5fff8191ce5e98
resnet,independent_rms,202,bandpass_n20004_cLA_covariance_s0,phase2/results/predictions/full/independent_rms/resnet/seed_202/bandpass_n20004_cLA_covariance_s0.npz,75525,549a51624640e840ad56dcb8961bb83953a574b6a0b57d4efe7c50bc0d255fde
resnet,independent_rms,202,bandpass_n20004_cLL_independent_rms_s20,phase2/results/predictions/full/independent_rms/resnet/seed_202/bandpass_n20004_cLL_independent_rms_s20.npz,76476,70d73ee1f2357aaebe6ee1e3b5c56e91489ecb94b11cc8d179293c35bd89d122
resnet,independent_rms,202,bandpass_n20004_cLL_independent_rms_s15,phase2/results/predictions/full/independent_rms/resnet/seed_202/bandpass_n20004_cLL_independent_rms_s15.npz,76444,44424e0f64290510ffca536d5a42d14fbf66a6996a0cb2c33fd715833a7bec33
resnet,independent_rms,202,bandpass_n20004_cLL_independent_rms_s10,phase2/results/predictions/full/independent_rms/resnet/seed_202/bandpass_n20004_cLL_independent_rms_s10.npz,76442,e2c7002df19a971db7af1dc8742d4e050e36c01f3d44e62636a3b3d7809694e5
resnet,independent_rms,202,bandpass_n20004_cLL_independent_rms_s5,phase2/results/predictions/full/independent_rms/resnet/seed_202/bandpass_n20004_cLL_independent_rms_s5.npz,76225,46fcc2b5fb8eefef21c138492ec10a63dbbc73545c3937be5459fc1d15a3eb37
resnet,independent_rms,202,bandpass_n20004_cLL_independent_rms_s0,phase2/results/predictions/full/independent_rms/resnet/seed_202/bandpass_n20004_cLL_independent_rms_s0.npz,75799,df8c813b8a9bbd039f19f58fcb88a85a1649b12130c1f27b2f59e3776988fb4e
resnet,independent_rms,202,bandpass_n20004_cLL_electrode_s20,phase2/results/predictions/full/independent_rms/resnet/seed_202/bandpass_n20004_cLL_electrode_s20.npz,76432,7f8e4a875c5a5ac1dcf0ff35fefc62ca0ccd152eb5e3a862fe6435cc8a864c82
resnet,independent_rms,202,bandpass_n20004_cLL_electrode_s15,phase2/results/predictions/full/independent_rms/resnet/seed_202/bandpass_n20004_cLL_electrode_s15.npz,76394,dcf110060b48040084ac96780b1a7bed3acb1324c7efb2c31c70493fcf296225
resnet,independent_rms,202,bandpass_n20004_cLL_electrode_s10,phase2/results/predictions/full/independent_rms/resnet/seed_202/bandpass_n20004_cLL_electrode_s10.npz,76299,7dc81ac7a02cfc7bb0009f78ec1dd7db927a8ba586811a75bc7b477362ae38af
resnet,independent_rms,202,bandpass_n20004_cLL_electrode_s5,phase2/results/predictions/full/independent_rms/resnet/seed_202/bandpass_n20004_cLL_electrode_s5.npz,76087,6e10e732309cfef4fb1642f24de8985c66d8e0b80a47d1aa0161bd8f0a1d7b1a
resnet,independent_rms,202,bandpass_n20004_cLL_electrode_s0,phase2/results/predictions/full/independent_rms/resnet/seed_202/bandpass_n20004_cLL_electrode_s0.npz,75489,e5ac9caf6b17215fef1be6922126f8d4c1884ab4a3dfab58160cdda6faae07bb
resnet,independent_rms,202,bandpass_n20004_cLL_covariance_s20,phase2/results/predictions/full/independent_rms/resnet/seed_202/bandpass_n20004_cLL_covariance_s20.npz,76435,683b15fd08c89286a0934e3be0680c87895411154dde3417ecd3f2372bc9b2ea
resnet,independent_rms,202,bandpass_n20004_cLL_covariance_s15,phase2/results/predictions/full/independent_rms/resnet/seed_202/bandpass_n20004_cLL_covariance_s15.npz,76405,c37244170fb5c1ab929aec05f78888b136777c89c0bbaa9576d63d1b1e80c7c2
resnet,independent_rms,202,bandpass_n20004_cLL_covariance_s10,phase2/results/predictions/full/independent_rms/resnet/seed_202/bandpass_n20004_cLL_covariance_s10.npz,76281,b4e86c28d00dfa7deeb82a910d0c43dd109beeff0a14add63711201e330b0d05
resnet,independent_rms,202,bandpass_n20004_cLL_covariance_s5,phase2/results/predictions/full/independent_rms/resnet/seed_202/bandpass_n20004_cLL_covariance_s5.npz,76050,c401a1e3217239a6f54a0fe07e8c2b9cee5ce89e0c48db0fa3040e6e58110fd1
resnet,independent_rms,202,bandpass_n20004_cLL_covariance_s0,phase2/results/predictions/full/independent_rms/resnet/seed_202/bandpass_n20004_cLL_covariance_s0.npz,75478,b0313d9c381e097c9bd2609acfa3938be3e5612ad7e1313a2fabfa50851e4fe5
resnet,independent_rms,202,bandpass_n20004_cRA_V1_independent_rms_s20,phase2/results/predictions/full/independent_rms/resnet/seed_202/bandpass_n20004_cRA_V1_independent_rms_s20.npz,76492,f64d4cdae27dc5903936e9db08f3af6e9f8235458ebead7abdd272af87b4987c
resnet,independent_rms,202,bandpass_n20004_cRA_V1_independent_rms_s15,phase2/results/predictions/full/independent_rms/resnet/seed_202/bandpass_n20004_cRA_V1_independent_rms_s15.npz,76427,6b9b3184ec8832adf50dbccabce20ea00096d17ecf20c002185dce02375cbe30
resnet,independent_rms,202,bandpass_n20004_cRA_V1_independent_rms_s10,phase2/results/predictions/full/independent_rms/resnet/seed_202/bandpass_n20004_cRA_V1_independent_rms_s10.npz,76412,846864ce1ee0d2149a78983e9b9dbbd16034b42bdac4053b1a5b4c4360956506
resnet,independent_rms,202,bandpass_n20004_cRA_V1_independent_rms_s5,phase2/results/predictions/full/independent_rms/resnet/seed_202/bandpass_n20004_cRA_V1_independent_rms_s5.npz,76221,9a21a4942e0b643fab17cbbc3619a20e91375a5b8e796dd52c8c1e5ada16a5d2
resnet,independent_rms,202,bandpass_n20004_cRA_V1_independent_rms_s0,phase2/results/predictions/full/independent_rms/resnet/seed_202/bandpass_n20004_cRA_V1_independent_rms_s0.npz,75746,2e958948fb74d714176374377d260c5fd2770a5103438404c0b1de8198add424
resnet,independent_rms,202,bandpass_n20004_cRA_V1_electrode_s20,phase2/results/predictions/full/independent_rms/resnet/seed_202/bandpass_n20004_cRA_V1_electrode_s20.npz,76417,471441c402c29063a9d85e721e2b28feb95141b337814711d60dcc638199bc88
resnet,independent_rms,202,bandpass_n20004_cRA_V1_electrode_s15,phase2/results/predictions/full/independent_rms/resnet/seed_202/bandpass_n20004_cRA_V1_electrode_s15.npz,76412,03be9f27ccb4fc05d2ca790ae1ad532b8ad473579939c268d55c3f6fb744a632
resnet,independent_rms,202,bandpass_n20004_cRA_V1_electrode_s10,phase2/results/predictions/full/independent_rms/resnet/seed_202/bandpass_n20004_cRA_V1_electrode_s10.npz,76333,280f40542422da40f268271f5b7f61192c11a59ff22695141fc424e2a1e10bdc
resnet,independent_rms,202,bandpass_n20004_cRA_V1_electrode_s5,phase2/results/predictions/full/independent_rms/resnet/seed_202/bandpass_n20004_cRA_V1_electrode_s5.npz,76103,41212d51ab47c5c692534663e358273bc66265facaca7c3b3e454087f58dda37
resnet,independent_rms,202,bandpass_n20004_cRA_V1_electrode_s0,phase2/results/predictions/full/independent_rms/resnet/seed_202/bandpass_n20004_cRA_V1_electrode_s0.npz,75695,8542dfd0e329edafcb8f3a7a3b8ff36681465aaf9e8199326e886c5a1d047026
resnet,independent_rms,202,bandpass_n20004_cRA_V1_covariance_s20,phase2/results/predictions/full/independent_rms/resnet/seed_202/bandpass_n20004_cRA_V1_covariance_s20.npz,76431,bf9b8da468cb6f68abaf54d786d335d91772013c9ce432667fed79e8a4f1cf28
resnet,independent_rms,202,bandpass_n20004_cRA_V1_covariance_s15,phase2/results/predictions/full/independent_rms/resnet/seed_202/bandpass_n20004_cRA_V1_covariance_s15.npz,76419,eb61c908855a0f31afb7d02a7871a1fcd50c6fcea900354333ac11c400ca98a4
resnet,independent_rms,202,bandpass_n20004_cRA_V1_covariance_s10,phase2/results/predictions/full/independent_rms/resnet/seed_202/bandpass_n20004_cRA_V1_covariance_s10.npz,76323,979824edf9855e0945b3e75ee5fb3ad73a9301b1b272bf1dd2dc38a0920fe300
resnet,independent_rms,202,bandpass_n20004_cRA_V1_covariance_s5,phase2/results/predictions/full/independent_rms/resnet/seed_202/bandpass_n20004_cRA_V1_covariance_s5.npz,76109,a3686dc421e54a4e6a7a08bb660571bd11ed1cf47d9a4eff3f33a92ee0a03a6e
resnet,independent_rms,202,bandpass_n20004_cRA_V1_covariance_s0,phase2/results/predictions/full/independent_rms/resnet/seed_202/bandpass_n20004_cRA_V1_covariance_s0.npz,75683,53614703ed61d2027b26afd0ca4cb8d161b69327acd3e3dc2def7e11ee04a93c
resnet,independent_rms,202,bandpass_n20004_cLA_V6_independent_rms_s20,phase2/results/predictions/full/independent_rms/resnet/seed_202/bandpass_n20004_cLA_V6_independent_rms_s20.npz,76480,3ae298ab3fd827d058c99a6e52a9fe2da3d71611a38d98f3187c0b1de2308a25
resnet,independent_rms,202,bandpass_n20004_cLA_V6_independent_rms_s15,phase2/results/predictions/full/independent_rms/resnet/seed_202/bandpass_n20004_cLA_V6_independent_rms_s15.npz,76466,b9e8613c6401658ab3237b63a09fcdb5450ea5bff16ded3c786592885a0c0bb4
resnet,independent_rms,202,bandpass_n20004_cLA_V6_independent_rms_s10,phase2/results/predictions/full/independent_rms/resnet/seed_202/bandpass_n20004_cLA_V6_independent_rms_s10.npz,76401,137454a6505ebbb5c231525903412b3e35b4b40556941e2db71ceaf61119bdb9
resnet,independent_rms,202,bandpass_n20004_cLA_V6_independent_rms_s5,phase2/results/predictions/full/independent_rms/resnet/seed_202/bandpass_n20004_cLA_V6_independent_rms_s5.npz,76228,8b9d89c035ab60fc4e1c56ad85929d330687284016f4b640284185156faab89d
resnet,independent_rms,202,bandpass_n20004_cLA_V6_independent_rms_s0,phase2/results/predictions/full/independent_rms/resnet/seed_202/bandpass_n20004_cLA_V6_independent_rms_s0.npz,75799,9c5de7e29af01c996289f12d0450944dd60a231f775a06e1fd1f9b3a0480a174
resnet,independent_rms,202,bandpass_n20004_cLA_V6_electrode_s20,phase2/results/predictions/full/independent_rms/resnet/seed_202/bandpass_n20004_cLA_V6_electrode_s20.npz,76456,95e09d27e7631053b4cec369dbf9b160ad3de0579a031bc710e895c6517232cc
resnet,independent_rms,202,bandpass_n20004_cLA_V6_electrode_s15,phase2/results/predictions/full/independent_rms/resnet/seed_202/bandpass_n20004_cLA_V6_electrode_s15.npz,76432,10c6544ebc72381909a51dea6a0852e318dee1b80063b147e76fc5cdb9f0fbd1
resnet,independent_rms,202,bandpass_n20004_cLA_V6_electrode_s10,phase2/results/predictions/full/independent_rms/resnet/seed_202/bandpass_n20004_cLA_V6_electrode_s10.npz,76356,1c96618f20c2b4647bd159056efcd00a4a5fadeb4510f7ffe7c28df76f776fcb
resnet,independent_rms,202,bandpass_n20004_cLA_V6_electrode_s5,phase2/results/predictions/full/independent_rms/resnet/seed_202/bandpass_n20004_cLA_V6_electrode_s5.npz,76119,231c1f1255a6a8a62a17be11eb00161bab31122185bffb1713180e208eb668f7
resnet,independent_rms,202,bandpass_n20004_cLA_V6_electrode_s0,phase2/results/predictions/full/independent_rms/resnet/seed_202/bandpass_n20004_cLA_V6_electrode_s0.npz,75530,f2ddca4adfdf913f3c0d86604b9f190c1017aac27844cf4614b866b1d03f4c01
resnet,independent_rms,202,bandpass_n20004_cLA_V6_covariance_s20,phase2/results/predictions/full/independent_rms/resnet/seed_202/bandpass_n20004_cLA_V6_covariance_s20.npz,76452,7ac18ceb2789bd776d7d4eb61082d0561b6f4c0125dd06686875cca9716bdc21
resnet,independent_rms,202,bandpass_n20004_cLA_V6_covariance_s15,phase2/results/predictions/full/independent_rms/resnet/seed_202/bandpass_n20004_cLA_V6_covariance_s15.npz,76424,b07169908a41cfa619598775b4a65e244be6e4d697be154a6ef6b760864b5368
resnet,independent_rms,202,bandpass_n20004_cLA_V6_covariance_s10,phase2/results/predictions/full/independent_rms/resnet/seed_202/bandpass_n20004_cLA_V6_covariance_s10.npz,76353,b2cb273d72b5b552f7f69a65d3441bcab8424a4d881021ef752de02831df809f
resnet,independent_rms,202,bandpass_n20004_cLA_V6_covariance_s5,phase2/results/predictions/full/independent_rms/resnet/seed_202/bandpass_n20004_cLA_V6_covariance_s5.npz,76145,c8d053d9134b3f7e78e022b2934f63927b3543d4a1815f11db5b8b7859e4fd07
resnet,independent_rms,202,bandpass_n20004_cLA_V6_covariance_s0,phase2/results/predictions/full/independent_rms/resnet/seed_202/bandpass_n20004_cLA_V6_covariance_s0.npz,75532,2267b45524c65ce3a449775fc8d0b4cd3c5376581aa099f99b5eca9419e2bc1f
resnet,independent_rms,202,bandpass_n20004_cLL_V4_independent_rms_s20,phase2/results/predictions/full/independent_rms/resnet/seed_202/bandpass_n20004_cLL_V4_independent_rms_s20.npz,76469,de39fe78433886847142fbcc018b85fc6108b1543a80185c17956f958a40eb1a
resnet,independent_rms,202,bandpass_n20004_cLL_V4_independent_rms_s15,phase2/results/predictions/full/independent_rms/resnet/seed_202/bandpass_n20004_cLL_V4_independent_rms_s15.npz,76484,c647a8e297205e9376fb0a66369d29a2692444fea273c9cb9a45fb581af3bd62
resnet,independent_rms,202,bandpass_n20004_cLL_V4_independent_rms_s10,phase2/results/predictions/full/independent_rms/resnet/seed_202/bandpass_n20004_cLL_V4_independent_rms_s10.npz,76400,6567eac86326ce32a193508102552ced88eb1dde22ade5d293e9b6e585a395de
resnet,independent_rms,202,bandpass_n20004_cLL_V4_independent_rms_s5,phase2/results/predictions/full/independent_rms/resnet/seed_202/bandpass_n20004_cLL_V4_independent_rms_s5.npz,76252,8ab3bd1d0e42b7b1c676a67c2e0cdd9f0deb9544ac0afde95d0f1d4b37baf2f9
resnet,independent_rms,202,bandpass_n20004_cLL_V4_independent_rms_s0,phase2/results/predictions/full/independent_rms/resnet/seed_202/bandpass_n20004_cLL_V4_independent_rms_s0.npz,75890,ce78fdf75ecf1f1aca2a2c62d79f1cde18b1f0d062ff6a141720c2e13582fbe8
resnet,independent_rms,202,bandpass_n20004_cLL_V4_electrode_s20,phase2/results/predictions/full/independent_rms/resnet/seed_202/bandpass_n20004_cLL_V4_electrode_s20.npz,76472,661bb45da5db4a117b733f394b635ce7809abb5b8465704d2697ebc042d69ec5
resnet,independent_rms,202,bandpass_n20004_cLL_V4_electrode_s15,phase2/results/predictions/full/independent_rms/resnet/seed_202/bandpass_n20004_cLL_V4_electrode_s15.npz,76414,b6c62308c311fc36002d4172a2d28304cd1c61b80289f2c3be78962fe0741302
resnet,independent_rms,202,bandpass_n20004_cLL_V4_electrode_s10,phase2/results/predictions/full/independent_rms/resnet/seed_202/bandpass_n20004_cLL_V4_electrode_s10.npz,76327,8b5c4e37f7ac284edc0e0840aa3ebf8922a4ff408019b93b70ebfb4c68c9f56e
resnet,independent_rms,202,bandpass_n20004_cLL_V4_electrode_s5,phase2/results/predictions/full/independent_rms/resnet/seed_202/bandpass_n20004_cLL_V4_electrode_s5.npz,76149,25baac12d799373bf2f74057e359e6c91454e8fe4b255cddbf743fc78bb6e8c1
resnet,independent_rms,202,bandpass_n20004_cLL_V4_electrode_s0,phase2/results/predictions/full/independent_rms/resnet/seed_202/bandpass_n20004_cLL_V4_electrode_s0.npz,75546,26eab0d40d6e97607df03abbf1c13e6103543f33f0e685cf1cf01fe6f51f07c8
resnet,independent_rms,202,bandpass_n20004_cLL_V4_covariance_s20,phase2/results/predictions/full/independent_rms/resnet/seed_202/bandpass_n20004_cLL_V4_covariance_s20.npz,76451,3d77a2e941653a29faa9602c8e2dcc1d956ca62d5c6af22865b812d93dbf47ea
resnet,independent_rms,202,bandpass_n20004_cLL_V4_covariance_s15,phase2/results/predictions/full/independent_rms/resnet/seed_202/bandpass_n20004_cLL_V4_covariance_s15.npz,76410,ff28dfa67e5a6d2a462b736b201b9d402ce36dad8af8dfda4967145b8a64009d
resnet,independent_rms,202,bandpass_n20004_cLL_V4_covariance_s10,phase2/results/predictions/full/independent_rms/resnet/seed_202/bandpass_n20004_cLL_V4_covariance_s10.npz,76338,24b2fb98ccd170c43e02919de5dc688c86f2e81d369eeb1fe678e0e985456a73
resnet,independent_rms,202,bandpass_n20004_cLL_V4_covariance_s5,phase2/results/predictions/full/independent_rms/resnet/seed_202/bandpass_n20004_cLL_V4_covariance_s5.npz,76106,9b5542aa64e2265670fcfe39ce38034959398ac0df77a7efd88a6db56a055fc7
resnet,independent_rms,202,bandpass_n20004_cLL_V4_covariance_s0,phase2/results/predictions/full/independent_rms/resnet/seed_202/bandpass_n20004_cLL_V4_covariance_s0.npz,75505,3b707bac4c446f2c9d298e23dc585a25f486d7192fd6d344b28ffc1aa69c5c25
resnet,independent_rms,202,bandpass_n20004_cRA_LA_V1_V6_independent_rms_s20,phase2/results/predictions/full/independent_rms/resnet/seed_202/bandpass_n20004_cRA_LA_V1_V6_independent_rms_s20.npz,76491,857ad41316555175aaf798f8ce486a8193cbe8cf4e99cc79d224e1882362e740
resnet,independent_rms,202,bandpass_n20004_cRA_LA_V1_V6_independent_rms_s15,phase2/results/predictions/full/independent_rms/resnet/seed_202/bandpass_n20004_cRA_LA_V1_V6_independent_rms_s15.npz,76454,aab13831eaf7a883bd178cf609a2816c8f97e57c27e71a4a7a64d07808d68d20
resnet,independent_rms,202,bandpass_n20004_cRA_LA_V1_V6_independent_rms_s10,phase2/results/predictions/full/independent_rms/resnet/seed_202/bandpass_n20004_cRA_LA_V1_V6_independent_rms_s10.npz,76451,bf231a5a45355e7777cf416e25e25466913b3ab979aa2f86da8de86a759ef501
resnet,independent_rms,202,bandpass_n20004_cRA_LA_V1_V6_independent_rms_s5,phase2/results/predictions/full/independent_rms/resnet/seed_202/bandpass_n20004_cRA_LA_V1_V6_independent_rms_s5.npz,76252,88835a3cb051a84d697088f2c48d0a2a1ffb6d6ed1a1a228e5d785de876ae970
resnet,independent_rms,202,bandpass_n20004_cRA_LA_V1_V6_independent_rms_s0,phase2/results/predictions/full/independent_rms/resnet/seed_202/bandpass_n20004_cRA_LA_V1_V6_independent_rms_s0.npz,75786,6894a40765dc6d458f945037761caf9466706fd472d1892890a5e5ddfd15dc40
resnet,independent_rms,202,bandpass_n20004_cRA_LA_V1_V6_electrode_s20,phase2/results/predictions/full/independent_rms/resnet/seed_202/bandpass_n20004_cRA_LA_V1_V6_electrode_s20.npz,76464,67a4283b7c5e58711fe9da5a220c6124e0b28a22bdacbdd39ca7a8de04f4a586
resnet,independent_rms,202,bandpass_n20004_cRA_LA_V1_V6_electrode_s15,phase2/results/predictions/full/independent_rms/resnet/seed_202/bandpass_n20004_cRA_LA_V1_V6_electrode_s15.npz,76451,0669deb03ab6d33dc72da3cfeec621b301d4a140acac62da722b9b5b449a8e44
resnet,independent_rms,202,bandpass_n20004_cRA_LA_V1_V6_electrode_s10,phase2/results/predictions/full/independent_rms/resnet/seed_202/bandpass_n20004_cRA_LA_V1_V6_electrode_s10.npz,76337,d36055d5e1e776621a1607b3ace4996eed0007cc5737a9d5b1ea33a43f237681
resnet,independent_rms,202,bandpass_n20004_cRA_LA_V1_V6_electrode_s5,phase2/results/predictions/full/independent_rms/resnet/seed_202/bandpass_n20004_cRA_LA_V1_V6_electrode_s5.npz,76105,507a408006d0f038b27e857432714fe70e46065618dc4c3c9e659b66b0510cc2
resnet,independent_rms,202,bandpass_n20004_cRA_LA_V1_V6_electrode_s0,phase2/results/predictions/full/independent_rms/resnet/seed_202/bandpass_n20004_cRA_LA_V1_V6_electrode_s0.npz,75583,daf950edbdd0977409496f4ebb360b272644e8be2c136cc1e9bc29846fd92dc7
resnet,independent_rms,202,bandpass_n20004_cRA_LA_V1_V6_covariance_s20,phase2/results/predictions/full/independent_rms/resnet/seed_202/bandpass_n20004_cRA_LA_V1_V6_covariance_s20.npz,76475,0304035a4ec2301d77324f3a52c6dafa094a4c6e43c543261831e70991e03862
resnet,independent_rms,202,bandpass_n20004_cRA_LA_V1_V6_covariance_s15,phase2/results/predictions/full/independent_rms/resnet/seed_202/bandpass_n20004_cRA_LA_V1_V6_covariance_s15.npz,76422,c723c8fdc6f9d28efbb66c4b1f772f3920ff392ef8000a36931fc8fd8218febd
resnet,independent_rms,202,bandpass_n20004_cRA_LA_V1_V6_covariance_s10,phase2/results/predictions/full/independent_rms/resnet/seed_202/bandpass_n20004_cRA_LA_V1_V6_covariance_s10.npz,76376,dd5852eab62ca94914ecbec977779441d8349b3b25400ac41fb5de6f0d90fdec
resnet,independent_rms,202,bandpass_n20004_cRA_LA_V1_V6_covariance_s5,phase2/results/predictions/full/independent_rms/resnet/seed_202/bandpass_n20004_cRA_LA_V1_V6_covariance_s5.npz,76125,eabdd705a83a1cfc9b5ee41d5bf5dc557cddaaa574840508f900a9b410a5c874
resnet,independent_rms,202,bandpass_n20004_cRA_LA_V1_V6_covariance_s0,phase2/results/predictions/full/independent_rms/resnet/seed_202/bandpass_n20004_cRA_LA_V1_V6_covariance_s0.npz,75618,0f960cba8f2c3bb06ca31b3084ca0b060d214dde540fe63df6d7f82af06eb08d
resnet,independent_rms,202,bandpass_n20004_cRA_V2_V5_independent_rms_s20,phase2/results/predictions/full/independent_rms/resnet/seed_202/bandpass_n20004_cRA_V2_V5_independent_rms_s20.npz,76509,01178fb79fa5ee2057216d88885e9f430348c5d848b911d43a59b8cc21139d85
resnet,independent_rms,202,bandpass_n20004_cRA_V2_V5_independent_rms_s15,phase2/results/predictions/full/independent_rms/resnet/seed_202/bandpass_n20004_cRA_V2_V5_independent_rms_s15.npz,76473,b22253d6dfc0cb72d32268cde31873925bb5ed886f863b0bc5ac5d81bc222ec8
resnet,independent_rms,202,bandpass_n20004_cRA_V2_V5_independent_rms_s10,phase2/results/predictions/full/independent_rms/resnet/seed_202/bandpass_n20004_cRA_V2_V5_independent_rms_s10.npz,76416,da2bce1caf37cdfb3c00d0c39ee67789f0d3172012b01c88907883d009e68631
resnet,independent_rms,202,bandpass_n20004_cRA_V2_V5_independent_rms_s5,phase2/results/predictions/full/independent_rms/resnet/seed_202/bandpass_n20004_cRA_V2_V5_independent_rms_s5.npz,76264,65e69560625c90d71271ecb58176e39faebcf7f5f49aaa1961faa5515c1f4173
resnet,independent_rms,202,bandpass_n20004_cRA_V2_V5_independent_rms_s0,phase2/results/predictions/full/independent_rms/resnet/seed_202/bandpass_n20004_cRA_V2_V5_independent_rms_s0.npz,75848,b5f96357b9f1a3c944d1a19b6adb088a5f128ce78968994b9e0f0dcba3791b30
resnet,independent_rms,202,bandpass_n20004_cRA_V2_V5_electrode_s20,phase2/results/predictions/full/independent_rms/resnet/seed_202/bandpass_n20004_cRA_V2_V5_electrode_s20.npz,76439,80792e7b9d83916471ca4e66e91b2f24a855967037931de085048644c873cfed
resnet,independent_rms,202,bandpass_n20004_cRA_V2_V5_electrode_s15,phase2/results/predictions/full/independent_rms/resnet/seed_202/bandpass_n20004_cRA_V2_V5_electrode_s15.npz,76414,d1ebaf506c41b1f0cff58b6d20ec8cd405e522c1a4036e1c90c4326251a6ab03
resnet,independent_rms,202,bandpass_n20004_cRA_V2_V5_electrode_s10,phase2/results/predictions/full/independent_rms/resnet/seed_202/bandpass_n20004_cRA_V2_V5_electrode_s10.npz,76367,eeecfc31a0f7e9e477fe6501e5322072853b8cadea903b61f8c5d7944d76478d
resnet,independent_rms,202,bandpass_n20004_cRA_V2_V5_electrode_s5,phase2/results/predictions/full/independent_rms/resnet/seed_202/bandpass_n20004_cRA_V2_V5_electrode_s5.npz,76117,9d8ac5ff18848e2e202598405e6ba245bc56e30c0e7a44eebef64252a4b9d33f
resnet,independent_rms,202,bandpass_n20004_cRA_V2_V5_electrode_s0,phase2/results/predictions/full/independent_rms/resnet/seed_202/bandpass_n20004_cRA_V2_V5_electrode_s0.npz,75746,ba9d1b419d416fcfbf0a2011b2320e7d06c7fe647ccc561c7b2a121902d6e6be
resnet,independent_rms,202,bandpass_n20004_cRA_V2_V5_covariance_s20,phase2/results/predictions/full/independent_rms/resnet/seed_202/bandpass_n20004_cRA_V2_V5_covariance_s20.npz,76432,da860cedfc4fc958e442f48986406d8c1888e837555637d88568529349dcebd3
resnet,independent_rms,202,bandpass_n20004_cRA_V2_V5_covariance_s15,phase2/results/predictions/full/independent_rms/resnet/seed_202/bandpass_n20004_cRA_V2_V5_covariance_s15.npz,76405,049459b8e33522d85bfdb985dc760ff09ece467addb3609a2bf4ca9bda571e31
resnet,independent_rms,202,bandpass_n20004_cRA_V2_V5_covariance_s10,phase2/results/predictions/full/independent_rms/resnet/seed_202/bandpass_n20004_cRA_V2_V5_covariance_s10.npz,76334,a0ee728f6ea4ab2d92b62ceee98ea46d63e3aece2f9daa8780f0b7434df7122d
resnet,independent_rms,202,bandpass_n20004_cRA_V2_V5_covariance_s5,phase2/results/predictions/full/independent_rms/resnet/seed_202/bandpass_n20004_cRA_V2_V5_covariance_s5.npz,76116,896f126c96c96af02b3658ad1d73dcd3bea37e1a7f808b0c1fe648e6819527d8
resnet,independent_rms,202,bandpass_n20004_cRA_V2_V5_covariance_s0,phase2/results/predictions/full/independent_rms/resnet/seed_202/bandpass_n20004_cRA_V2_V5_covariance_s0.npz,75783,faef46cd2146deb639fc652c2fe95040f5aad4e05c308d4260d17db80b34c858
resnet,independent_rms,202,bandpass_n20004_cLA_V3_V6_independent_rms_s20,phase2/results/predictions/full/independent_rms/resnet/seed_202/bandpass_n20004_cLA_V3_V6_independent_rms_s20.npz,76455,b345a9f316954a0e750e5fb46c5c35373c8b0e1dd7386eb08a75115390d750a6
resnet,independent_rms,202,bandpass_n20004_cLA_V3_V6_independent_rms_s15,phase2/results/predictions/full/independent_rms/resnet/seed_202/bandpass_n20004_cLA_V3_V6_independent_rms_s15.npz,76448,8fddc4578bbdf52f2dacd8714e212afa95e1193f189335b1025c5be3dac8f708
resnet,independent_rms,202,bandpass_n20004_cLA_V3_V6_independent_rms_s10,phase2/results/predictions/full/independent_rms/resnet/seed_202/bandpass_n20004_cLA_V3_V6_independent_rms_s10.npz,76432,8803fe8d162e84c902eba549e2acb52f7ff4bb0f36326458f1274d8eaa271de8
resnet,independent_rms,202,bandpass_n20004_cLA_V3_V6_independent_rms_s5,phase2/results/predictions/full/independent_rms/resnet/seed_202/bandpass_n20004_cLA_V3_V6_independent_rms_s5.npz,76254,763246af358846a960e3d6e02f883d872998abe06210b4fb98e667c182f3823a
resnet,independent_rms,202,bandpass_n20004_cLA_V3_V6_independent_rms_s0,phase2/results/predictions/full/independent_rms/resnet/seed_202/bandpass_n20004_cLA_V3_V6_independent_rms_s0.npz,75875,010e9f4eb2025ea1e6614adc5f3315cb3bfd110c836bf768f6ba17b1dcdb5de9
resnet,independent_rms,202,bandpass_n20004_cLA_V3_V6_electrode_s20,phase2/results/predictions/full/independent_rms/resnet/seed_202/bandpass_n20004_cLA_V3_V6_electrode_s20.npz,76454,b268b7c9838c5114a8ebad0c6ac4942b35b1d62b223e2cd31dcd10e73bcce645
resnet,independent_rms,202,bandpass_n20004_cLA_V3_V6_electrode_s15,phase2/results/predictions/full/independent_rms/resnet/seed_202/bandpass_n20004_cLA_V3_V6_electrode_s15.npz,76410,1720e8d90ad282b207348200e8e4401d0505c64a27b8b70998cc65595d55187e
resnet,independent_rms,202,bandpass_n20004_cLA_V3_V6_electrode_s10,phase2/results/predictions/full/independent_rms/resnet/seed_202/bandpass_n20004_cLA_V3_V6_electrode_s10.npz,76364,a2ab9e4acd485731626e831033e2d9251495b4e949149b88bab5abebdfcdcb5f
resnet,independent_rms,202,bandpass_n20004_cLA_V3_V6_electrode_s5,phase2/results/predictions/full/independent_rms/resnet/seed_202/bandpass_n20004_cLA_V3_V6_electrode_s5.npz,76165,74f315c70b9554f2d09236f218c92d032eba3f5ca6350bbfc23f2d73c4a26758
resnet,independent_rms,202,bandpass_n20004_cLA_V3_V6_electrode_s0,phase2/results/predictions/full/independent_rms/resnet/seed_202/bandpass_n20004_cLA_V3_V6_electrode_s0.npz,75607,db054b2ca322823e58f187af92e3daf127220970b8e3b56dfbba2dd62473c118
resnet,independent_rms,202,bandpass_n20004_cLA_V3_V6_covariance_s20,phase2/results/predictions/full/independent_rms/resnet/seed_202/bandpass_n20004_cLA_V3_V6_covariance_s20.npz,76449,ee4fc082e6433035079b7c84b3cf77ef9f2d4856921e10912a85e5dfea575716
resnet,independent_rms,202,bandpass_n20004_cLA_V3_V6_covariance_s15,phase2/results/predictions/full/independent_rms/resnet/seed_202/bandpass_n20004_cLA_V3_V6_covariance_s15.npz,76443,bcd7407db9bd88749fd561d35177172998045273fc9d1fd75be67a74ffee6da2
resnet,independent_rms,202,bandpass_n20004_cLA_V3_V6_covariance_s10,phase2/results/predictions/full/independent_rms/resnet/seed_202/bandpass_n20004_cLA_V3_V6_covariance_s10.npz,76417,2d781cdabc5c7be3602d5222d49f5418b05bb18f3617af4aa8fc717c9979a4e2
resnet,independent_rms,202,bandpass_n20004_cLA_V3_V6_covariance_s5,phase2/results/predictions/full/independent_rms/resnet/seed_202/bandpass_n20004_cLA_V3_V6_covariance_s5.npz,76120,3375e3b092b8ee77795f6493f61a393db08a06eaaa8f75735954b3f328f46592
resnet,independent_rms,202,bandpass_n20004_cLA_V3_V6_covariance_s0,phase2/results/predictions/full/independent_rms/resnet/seed_202/bandpass_n20004_cLA_V3_V6_covariance_s0.npz,75611,6fcff899b1059c1d85064565c7fa85c170165a43935c02aedb009c06bd9eba9a
resnet,independent_rms,202,bandpass_n20004_cLL_V1_V4_independent_rms_s20,phase2/results/predictions/full/independent_rms/resnet/seed_202/bandpass_n20004_cLL_V1_V4_independent_rms_s20.npz,76459,c8d43b3c093175d1abe527280fb28d0dcadde4b8b4dbd398dbe37c728e895f0c
resnet,independent_rms,202,bandpass_n20004_cLL_V1_V4_independent_rms_s15,phase2/results/predictions/full/independent_rms/resnet/seed_202/bandpass_n20004_cLL_V1_V4_independent_rms_s15.npz,76464,9a77aa858a1b8a59a3dd7fedc7772a20ba872535d9726bb63cce3e9307a7c26c
resnet,independent_rms,202,bandpass_n20004_cLL_V1_V4_independent_rms_s10,phase2/results/predictions/full/independent_rms/resnet/seed_202/bandpass_n20004_cLL_V1_V4_independent_rms_s10.npz,76419,22c81ca17922cc0839f8467fc4c861f0adebd68d9002a4ce2062882851d4dd67
resnet,independent_rms,202,bandpass_n20004_cLL_V1_V4_independent_rms_s5,phase2/results/predictions/full/independent_rms/resnet/seed_202/bandpass_n20004_cLL_V1_V4_independent_rms_s5.npz,76246,e2ba07733a3edfa496952a72c2c3444df2654adad5bf3dbdfa6d506b6166374d
resnet,independent_rms,202,bandpass_n20004_cLL_V1_V4_independent_rms_s0,phase2/results/predictions/full/independent_rms/resnet/seed_202/bandpass_n20004_cLL_V1_V4_independent_rms_s0.npz,75794,94668c8bb130c2597464a2da7f18878c6963d6dee54245539c4db570998578af
resnet,independent_rms,202,bandpass_n20004_cLL_V1_V4_electrode_s20,phase2/results/predictions/full/independent_rms/resnet/seed_202/bandpass_n20004_cLL_V1_V4_electrode_s20.npz,76449,1105c5d34f2c80526b9f7529b8da16eaffae1f730d28079c04740a69d3f061db
resnet,independent_rms,202,bandpass_n20004_cLL_V1_V4_electrode_s15,phase2/results/predictions/full/independent_rms/resnet/seed_202/bandpass_n20004_cLL_V1_V4_electrode_s15.npz,76444,4dedc3ce1fa2d1ee01d0e81cc042eb3f1cc4f6b547f2d5a046360e2358c49fb5
resnet,independent_rms,202,bandpass_n20004_cLL_V1_V4_electrode_s10,phase2/results/predictions/full/independent_rms/resnet/seed_202/bandpass_n20004_cLL_V1_V4_electrode_s10.npz,76367,e4986d2b2b0fd9e4ee3b683fcc46e56372e3cbb4a5933fee09a51107bf5fb036
resnet,independent_rms,202,bandpass_n20004_cLL_V1_V4_electrode_s5,phase2/results/predictions/full/independent_rms/resnet/seed_202/bandpass_n20004_cLL_V1_V4_electrode_s5.npz,76161,81b84ed99170f9f407ed4e0e8e91be345d4ddeea56ba096f92be3ae0f472a0c1
resnet,independent_rms,202,bandpass_n20004_cLL_V1_V4_electrode_s0,phase2/results/predictions/full/independent_rms/resnet/seed_202/bandpass_n20004_cLL_V1_V4_electrode_s0.npz,75522,b72154754c7efcb4070819e21c4e847028a44515063267d2f0267b180abc3d76
resnet,independent_rms,202,bandpass_n20004_cLL_V1_V4_covariance_s20,phase2/results/predictions/full/independent_rms/resnet/seed_202/bandpass_n20004_cLL_V1_V4_covariance_s20.npz,76472,c140811bb04fbe5f9df4a89814eeea2901064f877c26d45b8ff33849870f734b
resnet,independent_rms,202,bandpass_n20004_cLL_V1_V4_covariance_s15,phase2/results/predictions/full/independent_rms/resnet/seed_202/bandpass_n20004_cLL_V1_V4_covariance_s15.npz,76443,63e661d93082fa2b90dd6fc6d044da4780a6892d64c466a5e1d99d95608180d3
resnet,independent_rms,202,bandpass_n20004_cLL_V1_V4_covariance_s10,phase2/results/predictions/full/independent_rms/resnet/seed_202/bandpass_n20004_cLL_V1_V4_covariance_s10.npz,76357,fb463fd21bff3d2869010081d530ab57571caaf3a45fd2919e3642ed00bd051c
resnet,independent_rms,202,bandpass_n20004_cLL_V1_V4_covariance_s5,phase2/results/predictions/full/independent_rms/resnet/seed_202/bandpass_n20004_cLL_V1_V4_covariance_s5.npz,76136,f72783fed4c47aea4b0e76469d1863ceee1a3c6c4e7cbbfcefef4665bf416868
resnet,independent_rms,202,bandpass_n20004_cLL_V1_V4_covariance_s0,phase2/results/predictions/full/independent_rms/resnet/seed_202/bandpass_n20004_cLL_V1_V4_covariance_s0.npz,75517,f17c3e7b6362a07872a894ef5b229d8f9039b746d339bb6aecb6970332c9d15c
resnet,independent_rms,202,bandpass_n20004_call_independent_rms_s20,phase2/results/predictions/full/independent_rms/resnet/seed_202/bandpass_n20004_call_independent_rms_s20.npz,76443,d282747bff4a1aa7929f65b6e317937ca97736e94d1408cf32601cdc4206d0f8
resnet,independent_rms,202,bandpass_n20004_call_independent_rms_s15,phase2/results/predictions/full/independent_rms/resnet/seed_202/bandpass_n20004_call_independent_rms_s15.npz,76411,3b98dd3d11637d4b3c3cf76bb016e15fba806a8ef4a70468de21140ad245d16e
resnet,independent_rms,202,bandpass_n20004_call_independent_rms_s10,phase2/results/predictions/full/independent_rms/resnet/seed_202/bandpass_n20004_call_independent_rms_s10.npz,76404,9e7fe298ac73b54776a3be7336e9774063bc69f42aef6472f0ad4392af78c774
resnet,independent_rms,202,bandpass_n20004_call_independent_rms_s5,phase2/results/predictions/full/independent_rms/resnet/seed_202/bandpass_n20004_call_independent_rms_s5.npz,76218,14e8202ce015b093d7921c32ee4f62e9e53dd7486303b3f23c6df3afe543e146
resnet,independent_rms,202,bandpass_n20004_call_independent_rms_s0,phase2/results/predictions/full/independent_rms/resnet/seed_202/bandpass_n20004_call_independent_rms_s0.npz,75840,d376355352b51e6d19c3624a1a83f0e90c57a076f6b69ef8519436083e14ffd1
resnet,independent_rms,202,bandpass_n20004_call_electrode_s20,phase2/results/predictions/full/independent_rms/resnet/seed_202/bandpass_n20004_call_electrode_s20.npz,76404,fce102bd3089feca5b5995a7738fb3b2626d0b05890c4f0c9bcd6ceac6f6843e
resnet,independent_rms,202,bandpass_n20004_call_electrode_s15,phase2/results/predictions/full/independent_rms/resnet/seed_202/bandpass_n20004_call_electrode_s15.npz,76421,04cf7efc5bb086f14c0e407bbcbcb122ff39bf79ecf950f487b716628c8173b1
resnet,independent_rms,202,bandpass_n20004_call_electrode_s10,phase2/results/predictions/full/independent_rms/resnet/seed_202/bandpass_n20004_call_electrode_s10.npz,76319,ad838deb69233ad71f71de828f0c5b8f0ce613d674e04df6efe6520e2f2748e8
resnet,independent_rms,202,bandpass_n20004_call_electrode_s5,phase2/results/predictions/full/independent_rms/resnet/seed_202/bandpass_n20004_call_electrode_s5.npz,76129,37b61330aabfb0decc3f4b7e443982d95a29107cb9c98a07391490b6f945b665
resnet,independent_rms,202,bandpass_n20004_call_electrode_s0,phase2/results/predictions/full/independent_rms/resnet/seed_202/bandpass_n20004_call_electrode_s0.npz,75579,56f5ef54fe2ef064a04602a1d51fd52bfc5d46b17ee83031bdff11b1071da3dc
resnet,independent_rms,202,bandpass_n20004_call_covariance_s20,phase2/results/predictions/full/independent_rms/resnet/seed_202/bandpass_n20004_call_covariance_s20.npz,76435,bc6843997600b6ca5ef83fe46d3a32a89f16e4237a866dd36a6fd7a52d78bb80
resnet,independent_rms,202,bandpass_n20004_call_covariance_s15,phase2/results/predictions/full/independent_rms/resnet/seed_202/bandpass_n20004_call_covariance_s15.npz,76401,3db4e3daf63797af113cf7bc9cd2551ff05c7ab526e71893861b063a07bb442b
resnet,independent_rms,202,bandpass_n20004_call_covariance_s10,phase2/results/predictions/full/independent_rms/resnet/seed_202/bandpass_n20004_call_covariance_s10.npz,76365,b0dfa2cdef227470c67863da90e5e803db410a66d750947e5742ddb72e3791c0
resnet,independent_rms,202,bandpass_n20004_call_covariance_s5,phase2/results/predictions/full/independent_rms/resnet/seed_202/bandpass_n20004_call_covariance_s5.npz,76142,90a03962f1e0eb2899ac31417d208b5b4ff66b4126c241d19f55f7d942acc391
resnet,independent_rms,202,bandpass_n20004_call_covariance_s0,phase2/results/predictions/full/independent_rms/resnet/seed_202/bandpass_n20004_call_covariance_s0.npz,75567,a7998bb9b47c2fe58fd743a0bb6ccbc3e14ae8ddc6a794d0fb70e6c83538f113
resnet,independent_rms,202,bandpass_n20005_cRA_LA_LL_independent_rms_s20,phase2/results/predictions/full/independent_rms/resnet/seed_202/bandpass_n20005_cRA_LA_LL_independent_rms_s20.npz,76471,d625b4e37132fb14d9c14de87ad7a961524a185298eeb99c0c978f774447fd27
resnet,independent_rms,202,bandpass_n20005_cRA_LA_LL_independent_rms_s15,phase2/results/predictions/full/independent_rms/resnet/seed_202/bandpass_n20005_cRA_LA_LL_independent_rms_s15.npz,76448,61c4eda32dc2f9c78aebc29a87d3966adbbb862202ba2e5991559e1cf36c0011
resnet,independent_rms,202,bandpass_n20005_cRA_LA_LL_independent_rms_s10,phase2/results/predictions/full/independent_rms/resnet/seed_202/bandpass_n20005_cRA_LA_LL_independent_rms_s10.npz,76411,45805d68c98b72b5160daf0f5114e65fff888cc12ebb7b3ee647c7994eb89f03
resnet,independent_rms,202,bandpass_n20005_cRA_LA_LL_independent_rms_s5,phase2/results/predictions/full/independent_rms/resnet/seed_202/bandpass_n20005_cRA_LA_LL_independent_rms_s5.npz,76240,a292812a8b0cd545fe2596fb2e8b49c7d377f457f4edf7407c297a2e3ff66e0f
resnet,independent_rms,202,bandpass_n20005_cRA_LA_LL_independent_rms_s0,phase2/results/predictions/full/independent_rms/resnet/seed_202/bandpass_n20005_cRA_LA_LL_independent_rms_s0.npz,75791,895a142c8e17377c26516068a88857e82237827f264ee6f515f034fd66587669
resnet,independent_rms,202,bandpass_n20005_cRA_LA_LL_electrode_s20,phase2/results/predictions/full/independent_rms/resnet/seed_202/bandpass_n20005_cRA_LA_LL_electrode_s20.npz,76469,54715b423621dc607b293ed09947e89d0e2bbafdd8fb69b1e253bb99fd4bc302
resnet,independent_rms,202,bandpass_n20005_cRA_LA_LL_electrode_s15,phase2/results/predictions/full/independent_rms/resnet/seed_202/bandpass_n20005_cRA_LA_LL_electrode_s15.npz,76393,edb5962b3ec61fbba4f8df33257330264cf0d6a4922776ffa8451ceac977b857
resnet,independent_rms,202,bandpass_n20005_cRA_LA_LL_electrode_s10,phase2/results/predictions/full/independent_rms/resnet/seed_202/bandpass_n20005_cRA_LA_LL_electrode_s10.npz,76308,26abccad05b78219be3fd6e1dee6aad37ee8a452a121c2fd4a3c77533c132e1e
resnet,independent_rms,202,bandpass_n20005_cRA_LA_LL_electrode_s5,phase2/results/predictions/full/independent_rms/resnet/seed_202/bandpass_n20005_cRA_LA_LL_electrode_s5.npz,76111,06e41ee941e083f8a546748104f256de92918d5ac78a454d2abe6fb613f16292
resnet,independent_rms,202,bandpass_n20005_cRA_LA_LL_electrode_s0,phase2/results/predictions/full/independent_rms/resnet/seed_202/bandpass_n20005_cRA_LA_LL_electrode_s0.npz,75510,e204eff5fafccba1ac2a8b9cacd4a35f016c9f0c0f057568ca5e158836d7b318
resnet,independent_rms,202,bandpass_n20005_cRA_LA_LL_covariance_s20,phase2/results/predictions/full/independent_rms/resnet/seed_202/bandpass_n20005_cRA_LA_LL_covariance_s20.npz,76427,af9f0fb5745a6869b0e4865f9637aea58a548ec96f711ca5d0b1c296eb4dc539
resnet,independent_rms,202,bandpass_n20005_cRA_LA_LL_covariance_s15,phase2/results/predictions/full/independent_rms/resnet/seed_202/bandpass_n20005_cRA_LA_LL_covariance_s15.npz,76441,37559056719c19701de877813988e5a8d00b979b2ea3feb3e93e2d7b04f2304b
resnet,independent_rms,202,bandpass_n20005_cRA_LA_LL_covariance_s10,phase2/results/predictions/full/independent_rms/resnet/seed_202/bandpass_n20005_cRA_LA_LL_covariance_s10.npz,76361,a5553374df39067746494acaea0dbe5ef3c13e4332da365bc485c7a8a4e41547
resnet,independent_rms,202,bandpass_n20005_cRA_LA_LL_covariance_s5,phase2/results/predictions/full/independent_rms/resnet/seed_202/bandpass_n20005_cRA_LA_LL_covariance_s5.npz,76085,2367ae4b067cf63c4ef81766fe810092490c2be7223b293c6f8b5bd740c49c34
resnet,independent_rms,202,bandpass_n20005_cRA_LA_LL_covariance_s0,phase2/results/predictions/full/independent_rms/resnet/seed_202/bandpass_n20005_cRA_LA_LL_covariance_s0.npz,75541,c6ecf10fb282c9eec1b89cccc3c8288d6f6c5c85937821704e296c3c981f529b
resnet,independent_rms,202,bandpass_n20005_cV1_independent_rms_s20,phase2/results/predictions/full/independent_rms/resnet/seed_202/bandpass_n20005_cV1_independent_rms_s20.npz,76451,ffbae6bb62f202a4f513f581195cd19339597a44718c1036706c74979bc2dd03
resnet,independent_rms,202,bandpass_n20005_cV1_independent_rms_s15,phase2/results/predictions/full/independent_rms/resnet/seed_202/bandpass_n20005_cV1_independent_rms_s15.npz,76422,f1b4bca061453f9c3aa8b6224e3cef1a0e3b34ade437acf714e1894bb7c77061
resnet,independent_rms,202,bandpass_n20005_cV1_independent_rms_s10,phase2/results/predictions/full/independent_rms/resnet/seed_202/bandpass_n20005_cV1_independent_rms_s10.npz,76385,f47fd79421f554d258169167542e09d139063f3778a41cafa0a689f6440ac59d
resnet,independent_rms,202,bandpass_n20005_cV1_independent_rms_s5,phase2/results/predictions/full/independent_rms/resnet/seed_202/bandpass_n20005_cV1_independent_rms_s5.npz,76183,6ec33f77acb0ebf5d3e247d7d9853eb08275e6601707268041ccaf13786d65b6
resnet,independent_rms,202,bandpass_n20005_cV1_independent_rms_s0,phase2/results/predictions/full/independent_rms/resnet/seed_202/bandpass_n20005_cV1_independent_rms_s0.npz,75562,866ec12aa73077c4eed298e0871f63e982ffdd705afe7fb507429fc0f73df743
resnet,independent_rms,202,bandpass_n20005_cV1_electrode_s20,phase2/results/predictions/full/independent_rms/resnet/seed_202/bandpass_n20005_cV1_electrode_s20.npz,76429,a62201967851c7a1d64907176e3abddd5c237479f7a55843413dcbb50204158b
resnet,independent_rms,202,bandpass_n20005_cV1_electrode_s15,phase2/results/predictions/full/independent_rms/resnet/seed_202/bandpass_n20005_cV1_electrode_s15.npz,76442,aba6984137c2f713cdb61de6792ef015d292a511e5305027faa635f4cf024c78
resnet,independent_rms,202,bandpass_n20005_cV1_electrode_s10,phase2/results/predictions/full/independent_rms/resnet/seed_202/bandpass_n20005_cV1_electrode_s10.npz,76371,8d57587ac5d366a6e35cf8e529be43db3d147711a1e414ef8c8b8ef13ec19c31
resnet,independent_rms,202,bandpass_n20005_cV1_electrode_s5,phase2/results/predictions/full/independent_rms/resnet/seed_202/bandpass_n20005_cV1_electrode_s5.npz,76166,7be5c7d9624f130604472a55bc71672bdbb08ce06619a3e8b68e3cec6b50377f
resnet,independent_rms,202,bandpass_n20005_cV1_electrode_s0,phase2/results/predictions/full/independent_rms/resnet/seed_202/bandpass_n20005_cV1_electrode_s0.npz,75535,75d5cbd93b4bcf147abb6ab7c07f006e3316ed4eef6fd2aa8315b80414919277
resnet,independent_rms,202,bandpass_n20005_cV1_covariance_s20,phase2/results/predictions/full/independent_rms/resnet/seed_202/bandpass_n20005_cV1_covariance_s20.npz,76403,f9505fafaebed31bdfb1795783a30d8034754e6479d8ee384be10c15a9fa90ad
resnet,independent_rms,202,bandpass_n20005_cV1_covariance_s15,phase2/results/predictions/full/independent_rms/resnet/seed_202/bandpass_n20005_cV1_covariance_s15.npz,76402,397e0e2aeba5b6222a24c04afc68fd25d7811a9752293bfdb20183f3a6437380
resnet,independent_rms,202,bandpass_n20005_cV1_covariance_s10,phase2/results/predictions/full/independent_rms/resnet/seed_202/bandpass_n20005_cV1_covariance_s10.npz,76390,48144676d288e12d0a77db1c5b912fd595f69333f574efb44f7ae3541da41e2c
resnet,independent_rms,202,bandpass_n20005_cV1_covariance_s5,phase2/results/predictions/full/independent_rms/resnet/seed_202/bandpass_n20005_cV1_covariance_s5.npz,76172,00900ccdf62bf0d68420a83745d22003e30f11a44465600121b9ea0dde9fe353
resnet,independent_rms,202,bandpass_n20005_cV1_covariance_s0,phase2/results/predictions/full/independent_rms/resnet/seed_202/bandpass_n20005_cV1_covariance_s0.npz,75528,515debbd1f087b221c4e58066f256b19fa97eb4b1682dcdf5fb050905c941820
resnet,independent_rms,202,bandpass_n20005_cV2_independent_rms_s20,phase2/results/predictions/full/independent_rms/resnet/seed_202/bandpass_n20005_cV2_independent_rms_s20.npz,76465,bd76e5d1061eb2a38bec651ffd5d0fb220240b2ad9007aae4da08adc596d43ea
resnet,independent_rms,202,bandpass_n20005_cV2_independent_rms_s15,phase2/results/predictions/full/independent_rms/resnet/seed_202/bandpass_n20005_cV2_independent_rms_s15.npz,76480,db448c7a00f76ec70a501483df231c8a1e037f4d8e87331dbcfe6818862532e1
resnet,independent_rms,202,bandpass_n20005_cV2_independent_rms_s10,phase2/results/predictions/full/independent_rms/resnet/seed_202/bandpass_n20005_cV2_independent_rms_s10.npz,76441,20da7a6c3c8e45bc281ed4cb1d8dd099f1ddb55038b6fa7618c7e3ea236abcd7
resnet,independent_rms,202,bandpass_n20005_cV2_independent_rms_s5,phase2/results/predictions/full/independent_rms/resnet/seed_202/bandpass_n20005_cV2_independent_rms_s5.npz,76305,0d32b74bf9ffc57e94d31923536378a056bc89b8717c4b862778c7f4fc0a8c99
resnet,independent_rms,202,bandpass_n20005_cV2_independent_rms_s0,phase2/results/predictions/full/independent_rms/resnet/seed_202/bandpass_n20005_cV2_independent_rms_s0.npz,75924,1892dff7bc781ec76a83b01e5a080f2ff26902f491ad776d1778eafedd69fb00
resnet,independent_rms,202,bandpass_n20005_cV2_electrode_s20,phase2/results/predictions/full/independent_rms/resnet/seed_202/bandpass_n20005_cV2_electrode_s20.npz,76430,d191b9e39c5fc12ad33157187760ec048698b609eece3f903f81c98e9cfaacde
resnet,independent_rms,202,bandpass_n20005_cV2_electrode_s15,phase2/results/predictions/full/independent_rms/resnet/seed_202/bandpass_n20005_cV2_electrode_s15.npz,76451,165d0d181344f4733df14409ad298dc2595ae4efe9b888e717347f8ce6e23bd6
resnet,independent_rms,202,bandpass_n20005_cV2_electrode_s10,phase2/results/predictions/full/independent_rms/resnet/seed_202/bandpass_n20005_cV2_electrode_s10.npz,76380,6a1fd45e87f38a9d64d89dc2dbca11600923c3904bdcf7532bfddb48cc2213b9
resnet,independent_rms,202,bandpass_n20005_cV2_electrode_s5,phase2/results/predictions/full/independent_rms/resnet/seed_202/bandpass_n20005_cV2_electrode_s5.npz,76303,6836700d4566a3fe1eb2a6b988bf8c5915bf310d3d8e6711caf1058067a4b453
resnet,independent_rms,202,bandpass_n20005_cV2_electrode_s0,phase2/results/predictions/full/independent_rms/resnet/seed_202/bandpass_n20005_cV2_electrode_s0.npz,75951,d3b700ce2bd0dd3be1f6ef116476e401ec792aaecf07e54fcefbad5a912ec1a9
resnet,independent_rms,202,bandpass_n20005_cV2_covariance_s20,phase2/results/predictions/full/independent_rms/resnet/seed_202/bandpass_n20005_cV2_covariance_s20.npz,76461,753ce25318ee8fdd24c082e351f76213190ecca85a198df22e0464dfd7a2c6c0
resnet,independent_rms,202,bandpass_n20005_cV2_covariance_s15,phase2/results/predictions/full/independent_rms/resnet/seed_202/bandpass_n20005_cV2_covariance_s15.npz,76457,c388810560379f51f77ab6180234f20b654a29a2cf52f662b3ce139bcdd2ffe0
resnet,independent_rms,202,bandpass_n20005_cV2_covariance_s10,phase2/results/predictions/full/independent_rms/resnet/seed_202/bandpass_n20005_cV2_covariance_s10.npz,76436,1618b91425604b412ff70796e50a24dc092c49518b0f502748aab46c541da286
resnet,independent_rms,202,bandpass_n20005_cV2_covariance_s5,phase2/results/predictions/full/independent_rms/resnet/seed_202/bandpass_n20005_cV2_covariance_s5.npz,76288,4901d6a75ad4ba647c5718cba08c0901384a5048d16b23ee3f06d68a152101d2
resnet,independent_rms,202,bandpass_n20005_cV2_covariance_s0,phase2/results/predictions/full/independent_rms/resnet/seed_202/bandpass_n20005_cV2_covariance_s0.npz,75953,9fde734c1582a7754ab95348c1597ef2fedda74b97e655a84498ade4036f9286
resnet,independent_rms,202,bandpass_n20005_cV3_independent_rms_s20,phase2/results/predictions/full/independent_rms/resnet/seed_202/bandpass_n20005_cV3_independent_rms_s20.npz,76434,860bccbaffc204783ae154fdcb4c99115b7b63fae0c36e34faba1808f38342a8
resnet,independent_rms,202,bandpass_n20005_cV3_independent_rms_s15,phase2/results/predictions/full/independent_rms/resnet/seed_202/bandpass_n20005_cV3_independent_rms_s15.npz,76486,cc5ede36c8b34a29416bc7c2a04ac42054c9eb21eaeede594576bba9deed3752
resnet,independent_rms,202,bandpass_n20005_cV3_independent_rms_s10,phase2/results/predictions/full/independent_rms/resnet/seed_202/bandpass_n20005_cV3_independent_rms_s10.npz,76456,62d933b19da5ae5aa785b3152dc883e33264235491f40147536095acf05910b7
resnet,independent_rms,202,bandpass_n20005_cV3_independent_rms_s5,phase2/results/predictions/full/independent_rms/resnet/seed_202/bandpass_n20005_cV3_independent_rms_s5.npz,76368,525c3a484149e4af2895f92ecf6f2be88bf9cb1b73df3e12c4348bbb8cd61526
resnet,independent_rms,202,bandpass_n20005_cV3_independent_rms_s0,phase2/results/predictions/full/independent_rms/resnet/seed_202/bandpass_n20005_cV3_independent_rms_s0.npz,76071,ec739c4adf6a1b3609bfbcdd970f209ce3103e47a0b248f3ea8a648d603bef9e
resnet,independent_rms,202,bandpass_n20005_cV3_electrode_s20,phase2/results/predictions/full/independent_rms/resnet/seed_202/bandpass_n20005_cV3_electrode_s20.npz,76453,1ac7e10839508d1b263ce2ba5eb27e66857260224443335d572f58308c5e6e0c
resnet,independent_rms,202,bandpass_n20005_cV3_electrode_s15,phase2/results/predictions/full/independent_rms/resnet/seed_202/bandpass_n20005_cV3_electrode_s15.npz,76422,c1794ae5d5574b6b45142ce42f2b087afbe0d5243a37d69a96533ad3cfa82449
resnet,independent_rms,202,bandpass_n20005_cV3_electrode_s10,phase2/results/predictions/full/independent_rms/resnet/seed_202/bandpass_n20005_cV3_electrode_s10.npz,76421,01b518bd5c8436291f590bfa9b81ce639cf43437f312d8cefeef25909935b360
resnet,independent_rms,202,bandpass_n20005_cV3_electrode_s5,phase2/results/predictions/full/independent_rms/resnet/seed_202/bandpass_n20005_cV3_electrode_s5.npz,76381,0321a314b61d60614599275fb53c22ae4ff88100ff135ccf70cacfd262bfc389
resnet,independent_rms,202,bandpass_n20005_cV3_electrode_s0,phase2/results/predictions/full/independent_rms/resnet/seed_202/bandpass_n20005_cV3_electrode_s0.npz,76087,8b3001728d6fdb7133bf99b63ccc27d93d5bf40d1675584a2ae0f17006757cb2
resnet,independent_rms,202,bandpass_n20005_cV3_covariance_s20,phase2/results/predictions/full/independent_rms/resnet/seed_202/bandpass_n20005_cV3_covariance_s20.npz,76465,c933817fab6dd9dd63bc98c303b9036ae333739c3a6793fae6563bb4fe829878
resnet,independent_rms,202,bandpass_n20005_cV3_covariance_s15,phase2/results/predictions/full/independent_rms/resnet/seed_202/bandpass_n20005_cV3_covariance_s15.npz,76441,3a3142731f9d39eb72012de522c03478b49dc5ce2395f635ef55c185c829d5ee
resnet,independent_rms,202,bandpass_n20005_cV3_covariance_s10,phase2/results/predictions/full/independent_rms/resnet/seed_202/bandpass_n20005_cV3_covariance_s10.npz,76426,3717bde0330ac62b6991a06eeeb8d93224cfe0d305b0de129768ff87edee49ab
resnet,independent_rms,202,bandpass_n20005_cV3_covariance_s5,phase2/results/predictions/full/independent_rms/resnet/seed_202/bandpass_n20005_cV3_covariance_s5.npz,76359,52bb6abddbd3de117dc9df628926d9c8f207b44f14f5ecb11b2506b0eecb7375
resnet,independent_rms,202,bandpass_n20005_cV3_covariance_s0,phase2/results/predictions/full/independent_rms/resnet/seed_202/bandpass_n20005_cV3_covariance_s0.npz,76051,d84a742169ce3f7cb8d58f678b33f05b57e36442d298842f179159fa9913e14f
resnet,independent_rms,202,bandpass_n20005_cV4_independent_rms_s20,phase2/results/predictions/full/independent_rms/resnet/seed_202/bandpass_n20005_cV4_independent_rms_s20.npz,76485,f9cffdd8a92c7c9bd1a6e7b97307b27d7d0118b5c3c475923da77c5a571e15ed
resnet,independent_rms,202,bandpass_n20005_cV4_independent_rms_s15,phase2/results/predictions/full/independent_rms/resnet/seed_202/bandpass_n20005_cV4_independent_rms_s15.npz,76468,7188c39966271204e8b989769a66617eb348063e23635425c4a48e2a3893bd1c
resnet,independent_rms,202,bandpass_n20005_cV4_independent_rms_s10,phase2/results/predictions/full/independent_rms/resnet/seed_202/bandpass_n20005_cV4_independent_rms_s10.npz,76453,b8e55a828b06cfe280c20f3a52f1ea1eb4b612f80e4d751f7f1135bd575d9f04
resnet,independent_rms,202,bandpass_n20005_cV4_independent_rms_s5,phase2/results/predictions/full/independent_rms/resnet/seed_202/bandpass_n20005_cV4_independent_rms_s5.npz,76341,6bb8efc0c3c4e071e2fe3573a71a022a9afae3ab746ed7a14a3184e353c94723
resnet,independent_rms,202,bandpass_n20005_cV4_independent_rms_s0,phase2/results/predictions/full/independent_rms/resnet/seed_202/bandpass_n20005_cV4_independent_rms_s0.npz,75939,5689084a644f7ea8e005e61a982a6f677288f21ded23222ad0b0ce2a82a8ed35
resnet,independent_rms,202,bandpass_n20005_cV4_electrode_s20,phase2/results/predictions/full/independent_rms/resnet/seed_202/bandpass_n20005_cV4_electrode_s20.npz,76450,51bd70844d92b57b4a820ff8d6ee88fabbf8e5924a83c6425fe142e018acc5f2
resnet,independent_rms,202,bandpass_n20005_cV4_electrode_s15,phase2/results/predictions/full/independent_rms/resnet/seed_202/bandpass_n20005_cV4_electrode_s15.npz,76455,370b0c91726e7d23d0552265e4422c539a310ca542a1228a5fb86e4a5df79de1
resnet,independent_rms,202,bandpass_n20005_cV4_electrode_s10,phase2/results/predictions/full/independent_rms/resnet/seed_202/bandpass_n20005_cV4_electrode_s10.npz,76396,1fa44bca5d02c16e5b7ff58549a3688ac061d17b34bcc1c5a32dbc636415bb04
resnet,independent_rms,202,bandpass_n20005_cV4_electrode_s5,phase2/results/predictions/full/independent_rms/resnet/seed_202/bandpass_n20005_cV4_electrode_s5.npz,76281,34e1e0859b83ab813d2b7295176c4ebf62345a9abc8ed0c3887adfcdd7d5eb7c
resnet,independent_rms,202,bandpass_n20005_cV4_electrode_s0,phase2/results/predictions/full/independent_rms/resnet/seed_202/bandpass_n20005_cV4_electrode_s0.npz,75936,ccf9fd6483e749cc21465a5a9b07d56dc168689592643d501688972ca034c3b9
resnet,independent_rms,202,bandpass_n20005_cV4_covariance_s20,phase2/results/predictions/full/independent_rms/resnet/seed_202/bandpass_n20005_cV4_covariance_s20.npz,76443,1b8f0498d07b82a2504b66af12cc12c9d31003f8ab86c42d5353bc827c8fabe9
resnet,independent_rms,202,bandpass_n20005_cV4_covariance_s15,phase2/results/predictions/full/independent_rms/resnet/seed_202/bandpass_n20005_cV4_covariance_s15.npz,76467,1365cc70cd730e269c06b37056de2cce9e382c5b455d521641f53f735a4aeefe
resnet,independent_rms,202,bandpass_n20005_cV4_covariance_s10,phase2/results/predictions/full/independent_rms/resnet/seed_202/bandpass_n20005_cV4_covariance_s10.npz,76406,37240ed1488be620644345c4ac3f1c18112754d412bfe1f0244c2a2cb4a56950
resnet,independent_rms,202,bandpass_n20005_cV4_covariance_s5,phase2/results/predictions/full/independent_rms/resnet/seed_202/bandpass_n20005_cV4_covariance_s5.npz,76299,266be14e0ec34a834ac666bb2b91910376bca525e47835813e917646c6bf13f0
resnet,independent_rms,202,bandpass_n20005_cV4_covariance_s0,phase2/results/predictions/full/independent_rms/resnet/seed_202/bandpass_n20005_cV4_covariance_s0.npz,75931,642e4a4bb6ed51b39c63c004b31bdea8c2cdf25ca1a0cf20374f7539d11d9bd6
resnet,independent_rms,202,bandpass_n20005_cV5_independent_rms_s20,phase2/results/predictions/full/independent_rms/resnet/seed_202/bandpass_n20005_cV5_independent_rms_s20.npz,76454,ed1aaca96cd12fd262e31261b8bdd278fed81509f86b3196c7e83edfffcd8e6a
resnet,independent_rms,202,bandpass_n20005_cV5_independent_rms_s15,phase2/results/predictions/full/independent_rms/resnet/seed_202/bandpass_n20005_cV5_independent_rms_s15.npz,76425,b52bd116d21f41b7a243477e22ab9bdf49ebe45c9077c4ac3724af8214ace654
resnet,independent_rms,202,bandpass_n20005_cV5_independent_rms_s10,phase2/results/predictions/full/independent_rms/resnet/seed_202/bandpass_n20005_cV5_independent_rms_s10.npz,76392,7a9c42da227a5ae7ad14a9b9986e6c1919246334eed15477bcb02e8c8af462fb
resnet,independent_rms,202,bandpass_n20005_cV5_independent_rms_s5,phase2/results/predictions/full/independent_rms/resnet/seed_202/bandpass_n20005_cV5_independent_rms_s5.npz,76236,e288439b3b893e332f69249df144bf1e815f626a38c5b046d1cc916042ad32b2
resnet,independent_rms,202,bandpass_n20005_cV5_independent_rms_s0,phase2/results/predictions/full/independent_rms/resnet/seed_202/bandpass_n20005_cV5_independent_rms_s0.npz,75796,f473c1893724ce8b63775c9321f115d6cfdca83e4bb548ee29935391dea9235b
resnet,independent_rms,202,bandpass_n20005_cV5_electrode_s20,phase2/results/predictions/full/independent_rms/resnet/seed_202/bandpass_n20005_cV5_electrode_s20.npz,76465,0726b5dc81a38775d1e63ae43d1f465d5f4fde20c54b4f303293c7c5356b3a5e
resnet,independent_rms,202,bandpass_n20005_cV5_electrode_s15,phase2/results/predictions/full/independent_rms/resnet/seed_202/bandpass_n20005_cV5_electrode_s15.npz,76412,4a25823a54d1e5c85db4a413e1f085d60844f3c7779983d817ee70f6f95f9d1a
resnet,independent_rms,202,bandpass_n20005_cV5_electrode_s10,phase2/results/predictions/full/independent_rms/resnet/seed_202/bandpass_n20005_cV5_electrode_s10.npz,76350,dda32c995b2e9b9c8eb4bd25badcc4a19c33b03feacc4a7011a19d4ae3e2c976
resnet,independent_rms,202,bandpass_n20005_cV5_electrode_s5,phase2/results/predictions/full/independent_rms/resnet/seed_202/bandpass_n20005_cV5_electrode_s5.npz,76215,fc475be2afaf63569803808596fa28b86da2cbb5c779fb1e0093a95629a7e1a4
resnet,independent_rms,202,bandpass_n20005_cV5_electrode_s0,phase2/results/predictions/full/independent_rms/resnet/seed_202/bandpass_n20005_cV5_electrode_s0.npz,75803,37483095a3130066047974d75160006f8309b1b0b1d7b72903c9870de6c512f8
resnet,independent_rms,202,bandpass_n20005_cV5_covariance_s20,phase2/results/predictions/full/independent_rms/resnet/seed_202/bandpass_n20005_cV5_covariance_s20.npz,76435,c4309fa635add2f3be7f7ee23f83fd7163c2a404bf00d9c5c83ebf6b5f249ea2
resnet,independent_rms,202,bandpass_n20005_cV5_covariance_s15,phase2/results/predictions/full/independent_rms/resnet/seed_202/bandpass_n20005_cV5_covariance_s15.npz,76415,b517b58820a0acca8181bdfb2a9d22b700b2afb2ff13b0b18e2237fd913919eb
resnet,independent_rms,202,bandpass_n20005_cV5_covariance_s10,phase2/results/predictions/full/independent_rms/resnet/seed_202/bandpass_n20005_cV5_covariance_s10.npz,76368,46874694ad2a9fb1bbe9032a6bddb9e56fad4bab53c5f25604b6a89a4e5df3f5
resnet,independent_rms,202,bandpass_n20005_cV5_covariance_s5,phase2/results/predictions/full/independent_rms/resnet/seed_202/bandpass_n20005_cV5_covariance_s5.npz,76239,6bd8d45acfa2abdbcfeda71bb2c4d10323749482b4042d9ba0dcaa28f8fccfa3
resnet,independent_rms,202,bandpass_n20005_cV5_covariance_s0,phase2/results/predictions/full/independent_rms/resnet/seed_202/bandpass_n20005_cV5_covariance_s0.npz,75804,7acdb58fc0b407b8a88d22937a256d4d4cf445e6c74d28edbe1911fff207f110
resnet,independent_rms,202,bandpass_n20005_cV6_independent_rms_s20,phase2/results/predictions/full/independent_rms/resnet/seed_202/bandpass_n20005_cV6_independent_rms_s20.npz,76455,f437452f8b5844b925eca15c19484d4200567b8393bd4956da62f8fe4f98eb79
resnet,independent_rms,202,bandpass_n20005_cV6_independent_rms_s15,phase2/results/predictions/full/independent_rms/resnet/seed_202/bandpass_n20005_cV6_independent_rms_s15.npz,76461,ab3a226fe604a8ff3fb4a38d1030c2f4bacfcfcc26a4ab79c4ace15c94f90c3b
resnet,independent_rms,202,bandpass_n20005_cV6_independent_rms_s10,phase2/results/predictions/full/independent_rms/resnet/seed_202/bandpass_n20005_cV6_independent_rms_s10.npz,76377,141a897d09d924077b0e2b40026ca04343b0e1f587642cc078a2ce3f530b3269
resnet,independent_rms,202,bandpass_n20005_cV6_independent_rms_s5,phase2/results/predictions/full/independent_rms/resnet/seed_202/bandpass_n20005_cV6_independent_rms_s5.npz,76232,90825e861953862b8b524384664f00b304093686165e8bf523b978a6dafc0f3f
resnet,independent_rms,202,bandpass_n20005_cV6_independent_rms_s0,phase2/results/predictions/full/independent_rms/resnet/seed_202/bandpass_n20005_cV6_independent_rms_s0.npz,75771,b845306b0a305e8c367ba287859d59028cdfe63844f421d2a7054f3790750cdb
resnet,independent_rms,202,bandpass_n20005_cV6_electrode_s20,phase2/results/predictions/full/independent_rms/resnet/seed_202/bandpass_n20005_cV6_electrode_s20.npz,76431,dbc14b27aec0a38f9d6ab970a19469398bccbf6f88cf649fb3d3ad9db10608f1
resnet,independent_rms,202,bandpass_n20005_cV6_electrode_s15,phase2/results/predictions/full/independent_rms/resnet/seed_202/bandpass_n20005_cV6_electrode_s15.npz,76425,7cdedd27f8ada28db9861e1f4aaaf5873e3ce3ed8313959a2fc76039c8d7c87b
resnet,independent_rms,202,bandpass_n20005_cV6_electrode_s10,phase2/results/predictions/full/independent_rms/resnet/seed_202/bandpass_n20005_cV6_electrode_s10.npz,76368,aa0dfe9f85ba82d4e1b794a26a43b6036be9dd47267b357426e930a1dca62801
resnet,independent_rms,202,bandpass_n20005_cV6_electrode_s5,phase2/results/predictions/full/independent_rms/resnet/seed_202/bandpass_n20005_cV6_electrode_s5.npz,76211,73fe35144fb53db072b3a1ffa35c5d250f1666b0c2a5b16bd89cfd0dc469cafa
resnet,independent_rms,202,bandpass_n20005_cV6_electrode_s0,phase2/results/predictions/full/independent_rms/resnet/seed_202/bandpass_n20005_cV6_electrode_s0.npz,75749,d9fcf25b76bdbd54cde8cbd742ba208d125e53dd42d31f05b2c537ca75ede517
resnet,independent_rms,202,bandpass_n20005_cV6_covariance_s20,phase2/results/predictions/full/independent_rms/resnet/seed_202/bandpass_n20005_cV6_covariance_s20.npz,76406,8f3e2591769b044dbee72f6b721263b1b015207f63d52627f183d10bb15cf561
resnet,independent_rms,202,bandpass_n20005_cV6_covariance_s15,phase2/results/predictions/full/independent_rms/resnet/seed_202/bandpass_n20005_cV6_covariance_s15.npz,76419,7bf9e4a6802c274aa00796e76e682df977ccc1d88f7b7f506e068567ff43b7dc
resnet,independent_rms,202,bandpass_n20005_cV6_covariance_s10,phase2/results/predictions/full/independent_rms/resnet/seed_202/bandpass_n20005_cV6_covariance_s10.npz,76354,3976b2d1c4724c480ef058b5b835a6bccccf9e90666a7ddb1ff5c0ff7048f3b4
resnet,independent_rms,202,bandpass_n20005_cV6_covariance_s5,phase2/results/predictions/full/independent_rms/resnet/seed_202/bandpass_n20005_cV6_covariance_s5.npz,76231,193582519421a9b64fafa54cb8835c52aca3ddce7e7f872d68a9d82aaf273b76
resnet,independent_rms,202,bandpass_n20005_cV6_covariance_s0,phase2/results/predictions/full/independent_rms/resnet/seed_202/bandpass_n20005_cV6_covariance_s0.npz,75751,a75ee6a50c02e16691b81fdfcf8d88acff1a0721b2c4b9cb93e4af9166eb72d6
resnet,independent_rms,202,bandpass_n20005_cRA_LA_independent_rms_s20,phase2/results/predictions/full/independent_rms/resnet/seed_202/bandpass_n20005_cRA_LA_independent_rms_s20.npz,76448,74a881f285691c1d3bd7a06e042b039188c6ab35875e7fd059977c3eaa2df1ac
resnet,independent_rms,202,bandpass_n20005_cRA_LA_independent_rms_s15,phase2/results/predictions/full/independent_rms/resnet/seed_202/bandpass_n20005_cRA_LA_independent_rms_s15.npz,76479,5756361697c55f6e3ea61a0ab73f38e941fa19311752da65be1d3a86ea9eb4fd
resnet,independent_rms,202,bandpass_n20005_cRA_LA_independent_rms_s10,phase2/results/predictions/full/independent_rms/resnet/seed_202/bandpass_n20005_cRA_LA_independent_rms_s10.npz,76387,420d8b46cb9d73b3c49d0650853a430c46dd401ac0dd4c6ebea2ff472d1665d7
resnet,independent_rms,202,bandpass_n20005_cRA_LA_independent_rms_s5,phase2/results/predictions/full/independent_rms/resnet/seed_202/bandpass_n20005_cRA_LA_independent_rms_s5.npz,76218,9173e4b4939f138158b214e946caa6fe999b169e2443921f9aaedbd47c0a64aa
resnet,independent_rms,202,bandpass_n20005_cRA_LA_independent_rms_s0,phase2/results/predictions/full/independent_rms/resnet/seed_202/bandpass_n20005_cRA_LA_independent_rms_s0.npz,75742,bbd753aa68c65c3d1161a6891aca4e3d0f5143704cd9f20e0e03b3d689437168
resnet,independent_rms,202,bandpass_n20005_cRA_LA_electrode_s20,phase2/results/predictions/full/independent_rms/resnet/seed_202/bandpass_n20005_cRA_LA_electrode_s20.npz,76448,966edf3c48a6003302caf871bb2407c05d0129157c0f5c12bc3ee5aafc7aa375
resnet,independent_rms,202,bandpass_n20005_cRA_LA_electrode_s15,phase2/results/predictions/full/independent_rms/resnet/seed_202/bandpass_n20005_cRA_LA_electrode_s15.npz,76422,aff9671d7519ef7e530d9a001d67b54c9523f3d75b15d5c3ad464e8fb0347a3d
resnet,independent_rms,202,bandpass_n20005_cRA_LA_electrode_s10,phase2/results/predictions/full/independent_rms/resnet/seed_202/bandpass_n20005_cRA_LA_electrode_s10.npz,76308,03a018306ee2c39c414738ee1b2a781a8f96bf287c7397d10aec2c707bd82862
resnet,independent_rms,202,bandpass_n20005_cRA_LA_electrode_s5,phase2/results/predictions/full/independent_rms/resnet/seed_202/bandpass_n20005_cRA_LA_electrode_s5.npz,76070,4e3ba4b95b60f43e10010a226be7f6395c62691eddbd61b82f004ea6c48b3342
resnet,independent_rms,202,bandpass_n20005_cRA_LA_electrode_s0,phase2/results/predictions/full/independent_rms/resnet/seed_202/bandpass_n20005_cRA_LA_electrode_s0.npz,75559,68789e4c9d073f3c3a4088598777e8da9efe96e14e448622a4572ff705c53926
resnet,independent_rms,202,bandpass_n20005_cRA_LA_covariance_s20,phase2/results/predictions/full/independent_rms/resnet/seed_202/bandpass_n20005_cRA_LA_covariance_s20.npz,76454,9f7e324492fe9c520dde952fceec4a3fe15a6c0d6b11fd68646ca3dcff2d2881
resnet,independent_rms,202,bandpass_n20005_cRA_LA_covariance_s15,phase2/results/predictions/full/independent_rms/resnet/seed_202/bandpass_n20005_cRA_LA_covariance_s15.npz,76429,652a4474aa8be67cc14d617e727034f047bec6125fb586db73bea0b8d3777368
resnet,independent_rms,202,bandpass_n20005_cRA_LA_covariance_s10,phase2/results/predictions/full/independent_rms/resnet/seed_202/bandpass_n20005_cRA_LA_covariance_s10.npz,76295,97808cecce36a62141f3f00c308a5dafdcdcf87a23f3d4eb4e3840ec65e2cbdf
resnet,independent_rms,202,bandpass_n20005_cRA_LA_covariance_s5,phase2/results/predictions/full/independent_rms/resnet/seed_202/bandpass_n20005_cRA_LA_covariance_s5.npz,76063,53432a33585410247e07f8dd2ce2bc89b03a614bddbd1685024f0a515de1745a
resnet,independent_rms,202,bandpass_n20005_cRA_LA_covariance_s0,phase2/results/predictions/full/independent_rms/resnet/seed_202/bandpass_n20005_cRA_LA_covariance_s0.npz,75584,4c6fff7b76260da923f648fbeb1890dbcb86dd910a0fd0b1d633d2b0d1cdb72c
resnet,independent_rms,202,bandpass_n20005_cLA_LL_independent_rms_s20,phase2/results/predictions/full/independent_rms/resnet/seed_202/bandpass_n20005_cLA_LL_independent_rms_s20.npz,76448,f4a694d62fdba02cef3e94f33a72f67d1b01b8ab3a888e47da4d4c2d768e582d
resnet,independent_rms,202,bandpass_n20005_cLA_LL_independent_rms_s15,phase2/results/predictions/full/independent_rms/resnet/seed_202/bandpass_n20005_cLA_LL_independent_rms_s15.npz,76424,c9b05826cb865d111ef75ec7568ae1861de9e44c30b68365149a3f12bc4848e4
resnet,independent_rms,202,bandpass_n20005_cLA_LL_independent_rms_s10,phase2/results/predictions/full/independent_rms/resnet/seed_202/bandpass_n20005_cLA_LL_independent_rms_s10.npz,76435,2b8b1e553ddccc7e810406a970ff59b498a576bb6a82ea0d247d9260c693e77c
resnet,independent_rms,202,bandpass_n20005_cLA_LL_independent_rms_s5,phase2/results/predictions/full/independent_rms/resnet/seed_202/bandpass_n20005_cLA_LL_independent_rms_s5.npz,76246,3c0b40a8a66976ae0e69ca15075cd3f44b99a228a1a62f68db21639aa3840281
resnet,independent_rms,202,bandpass_n20005_cLA_LL_independent_rms_s0,phase2/results/predictions/full/independent_rms/resnet/seed_202/bandpass_n20005_cLA_LL_independent_rms_s0.npz,75820,3485a3d915bbe09ae9bc484ab639fc496c7f422f005395eb2d07a3fdbeeb14a6
resnet,independent_rms,202,bandpass_n20005_cLA_LL_electrode_s20,phase2/results/predictions/full/independent_rms/resnet/seed_202/bandpass_n20005_cLA_LL_electrode_s20.npz,76455,0f767be2ddb0bb65a3282fad07fab49fef0dafef9a94a3ae19cf4a6b997071cc
resnet,independent_rms,202,bandpass_n20005_cLA_LL_electrode_s15,phase2/results/predictions/full/independent_rms/resnet/seed_202/bandpass_n20005_cLA_LL_electrode_s15.npz,76399,f0a7286d787bf3cb272a8e90f49c6ff765b2794f4eb134bb8818b13a93b8ddb8
resnet,independent_rms,202,bandpass_n20005_cLA_LL_electrode_s10,phase2/results/predictions/full/independent_rms/resnet/seed_202/bandpass_n20005_cLA_LL_electrode_s10.npz,76310,e21e748f778e4b47d6bdaf1aa0550dad488d8d369ffdc7daeaaa62b23fbf0103
resnet,independent_rms,202,bandpass_n20005_cLA_LL_electrode_s5,phase2/results/predictions/full/independent_rms/resnet/seed_202/bandpass_n20005_cLA_LL_electrode_s5.npz,76076,b2ee330b4416b37f36e4d574f61900763710c281c37e0608c66911f4f93db8a9
resnet,independent_rms,202,bandpass_n20005_cLA_LL_electrode_s0,phase2/results/predictions/full/independent_rms/resnet/seed_202/bandpass_n20005_cLA_LL_electrode_s0.npz,75513,7995836cf2e0f8ea0f929475640e86dee6822062f3f869e5107aa0b81b8cfec0
resnet,independent_rms,202,bandpass_n20005_cLA_LL_covariance_s20,phase2/results/predictions/full/independent_rms/resnet/seed_202/bandpass_n20005_cLA_LL_covariance_s20.npz,76434,328a814c90da4952c1b1927b6248d88a4a7e85c2cfcf3f6f7d32d98603676fc3
resnet,independent_rms,202,bandpass_n20005_cLA_LL_covariance_s15,phase2/results/predictions/full/independent_rms/resnet/seed_202/bandpass_n20005_cLA_LL_covariance_s15.npz,76438,c97e59900d5cc7ac65bea91bea34ee8ea720071e40a06cae3ece013e39ac0a27
resnet,independent_rms,202,bandpass_n20005_cLA_LL_covariance_s10,phase2/results/predictions/full/independent_rms/resnet/seed_202/bandpass_n20005_cLA_LL_covariance_s10.npz,76334,58df41e2a44bc135b2bdae650f3129e3df775d5f8b1258d333c7042697c7bb74
resnet,independent_rms,202,bandpass_n20005_cLA_LL_covariance_s5,phase2/results/predictions/full/independent_rms/resnet/seed_202/bandpass_n20005_cLA_LL_covariance_s5.npz,76110,acfaf60a70128aa3f095f6f0ce7c04c48ce891a2b926977e48f7ecbef71776a4
resnet,independent_rms,202,bandpass_n20005_cLA_LL_covariance_s0,phase2/results/predictions/full/independent_rms/resnet/seed_202/bandpass_n20005_cLA_LL_covariance_s0.npz,75468,451ec5b6816128605cfb98df5e097d800ddbd903595a151cf74397cfd3c75e20
resnet,independent_rms,202,bandpass_n20005_cRA_LL_independent_rms_s20,phase2/results/predictions/full/independent_rms/resnet/seed_202/bandpass_n20005_cRA_LL_independent_rms_s20.npz,76467,5c4f2fa19e9eae9e08b4c0323a8c52941862a2416af5dcef76f4115dcbbd5ed3
resnet,independent_rms,202,bandpass_n20005_cRA_LL_independent_rms_s15,phase2/results/predictions/full/independent_rms/resnet/seed_202/bandpass_n20005_cRA_LL_independent_rms_s15.npz,76432,d1535307181dd33ad55d4d41a6e9683b6e996a922bc6b23120d6e84eefc5c220
resnet,independent_rms,202,bandpass_n20005_cRA_LL_independent_rms_s10,phase2/results/predictions/full/independent_rms/resnet/seed_202/bandpass_n20005_cRA_LL_independent_rms_s10.npz,76385,a457120dad71d68d94e04a67eb4914b52ff55e314f1dae3fa89775c1e5ccbb15
resnet,independent_rms,202,bandpass_n20005_cRA_LL_independent_rms_s5,phase2/results/predictions/full/independent_rms/resnet/seed_202/bandpass_n20005_cRA_LL_independent_rms_s5.npz,76221,573031aea5ec39f14669b163f631ca361baa287cffbe436dd7cdabc2f3358f14
resnet,independent_rms,202,bandpass_n20005_cRA_LL_independent_rms_s0,phase2/results/predictions/full/independent_rms/resnet/seed_202/bandpass_n20005_cRA_LL_independent_rms_s0.npz,75784,1a54e2162190e80901525c3ca6dd70e590ca199c3b551e179e2bdb49e732e5c9
resnet,independent_rms,202,bandpass_n20005_cRA_LL_electrode_s20,phase2/results/predictions/full/independent_rms/resnet/seed_202/bandpass_n20005_cRA_LL_electrode_s20.npz,76458,2057c76794edfa6b450465f1a7dc1480f8fdb15dc42f5c38b61182fad2e66505
resnet,independent_rms,202,bandpass_n20005_cRA_LL_electrode_s15,phase2/results/predictions/full/independent_rms/resnet/seed_202/bandpass_n20005_cRA_LL_electrode_s15.npz,76416,de68aa9185d8c6fc5b75d2fda317c8d42d9df6e9697a83e8dfb590e0633824df
resnet,independent_rms,202,bandpass_n20005_cRA_LL_electrode_s10,phase2/results/predictions/full/independent_rms/resnet/seed_202/bandpass_n20005_cRA_LL_electrode_s10.npz,76298,c85ae431c25543f93472620fde96c3ccc34117f0f46a6a456a3a3a5af6d161cb
resnet,independent_rms,202,bandpass_n20005_cRA_LL_electrode_s5,phase2/results/predictions/full/independent_rms/resnet/seed_202/bandpass_n20005_cRA_LL_electrode_s5.npz,76103,273556c16ccfb7db254f45c9a1ccce0a9a2c8d2422b6042b4c84848557e8e7fa
resnet,independent_rms,202,bandpass_n20005_cRA_LL_electrode_s0,phase2/results/predictions/full/independent_rms/resnet/seed_202/bandpass_n20005_cRA_LL_electrode_s0.npz,75503,8b135456cc23ba8e2f90f018ebaf0c603da9c2a4dfbd4dea0f1f7bd4180bcf08
resnet,independent_rms,202,bandpass_n20005_cRA_LL_covariance_s20,phase2/results/predictions/full/independent_rms/resnet/seed_202/bandpass_n20005_cRA_LL_covariance_s20.npz,76444,8f8f2a3527d70f4b2b2827aec759a7606a437f858b69ac2779de5485d457df46
resnet,independent_rms,202,bandpass_n20005_cRA_LL_covariance_s15,phase2/results/predictions/full/independent_rms/resnet/seed_202/bandpass_n20005_cRA_LL_covariance_s15.npz,76408,265b2df2532493152b11d9fb8d165bdbe1f61e8f8dcd5c512cb92b6f66a5c5af
resnet,independent_rms,202,bandpass_n20005_cRA_LL_covariance_s10,phase2/results/predictions/full/independent_rms/resnet/seed_202/bandpass_n20005_cRA_LL_covariance_s10.npz,76306,43d509bbfc880a4470fdd59e9444898ea5bf82f6c2dc51449c7976c0cc9db8a3
resnet,independent_rms,202,bandpass_n20005_cRA_LL_covariance_s5,phase2/results/predictions/full/independent_rms/resnet/seed_202/bandpass_n20005_cRA_LL_covariance_s5.npz,76049,66a2f6f412905afb3fe720d27329e4c371e61a0c17f9caf2cbe534d7e8d4a02c
resnet,independent_rms,202,bandpass_n20005_cRA_LL_covariance_s0,phase2/results/predictions/full/independent_rms/resnet/seed_202/bandpass_n20005_cRA_LL_covariance_s0.npz,75535,e877c27e5ca9846393aab204ef55f83582f77257ee37b018981a23a5b21ef8ff
resnet,independent_rms,202,bandpass_n20005_cRA_independent_rms_s20,phase2/results/predictions/full/independent_rms/resnet/seed_202/bandpass_n20005_cRA_independent_rms_s20.npz,76475,2f9c1ea7fa46051d893c589ab9273a7d4b6634b2cdc65017c2cd0e79911c5d95
resnet,independent_rms,202,bandpass_n20005_cRA_independent_rms_s15,phase2/results/predictions/full/independent_rms/resnet/seed_202/bandpass_n20005_cRA_independent_rms_s15.npz,76466,275ace4dffd6b3c7b67f9dfc4b8680fdb588a61824a4838e1553739739061c8f
resnet,independent_rms,202,bandpass_n20005_cRA_independent_rms_s10,phase2/results/predictions/full/independent_rms/resnet/seed_202/bandpass_n20005_cRA_independent_rms_s10.npz,76414,ada90210e8a7fde6eaa36e9365c7c7fde83f186a87cf08c298dfd55ef55face3
resnet,independent_rms,202,bandpass_n20005_cRA_independent_rms_s5,phase2/results/predictions/full/independent_rms/resnet/seed_202/bandpass_n20005_cRA_independent_rms_s5.npz,76223,7a1ef6959da08bdd4c9e6ca0b1b942d00d8a684d1fdd6ccea1d69d83d2271305
resnet,independent_rms,202,bandpass_n20005_cRA_independent_rms_s0,phase2/results/predictions/full/independent_rms/resnet/seed_202/bandpass_n20005_cRA_independent_rms_s0.npz,75790,9ed7a0824b5ea1dbcbd55b51761583f1811252dec37894874a26ac51b04077fd
resnet,independent_rms,202,bandpass_n20005_cRA_electrode_s20,phase2/results/predictions/full/independent_rms/resnet/seed_202/bandpass_n20005_cRA_electrode_s20.npz,76410,91189a6c9e7f7deca7011aaf4c5944d8fe63104d304de71870547a600d1bf271
resnet,independent_rms,202,bandpass_n20005_cRA_electrode_s15,phase2/results/predictions/full/independent_rms/resnet/seed_202/bandpass_n20005_cRA_electrode_s15.npz,76374,7bd30cc2be18de9c6941eb334f568a2c28ff8e65a73a0ab61d41c157fa08dba7
resnet,independent_rms,202,bandpass_n20005_cRA_electrode_s10,phase2/results/predictions/full/independent_rms/resnet/seed_202/bandpass_n20005_cRA_electrode_s10.npz,76274,9b509cd71538616c06d55aa03c235c2f86aa3e771d0199518d6eeb9f5a7d924e
resnet,independent_rms,202,bandpass_n20005_cRA_electrode_s5,phase2/results/predictions/full/independent_rms/resnet/seed_202/bandpass_n20005_cRA_electrode_s5.npz,76059,9cbd58c438005068371afe0017320ea0e109572e0032d47318030c5eb18e3898
resnet,independent_rms,202,bandpass_n20005_cRA_electrode_s0,phase2/results/predictions/full/independent_rms/resnet/seed_202/bandpass_n20005_cRA_electrode_s0.npz,75716,91d3405e34fa425356fff53da24f10e4c63f1dee5c618688e2c6b92be20ed568
resnet,independent_rms,202,bandpass_n20005_cRA_covariance_s20,phase2/results/predictions/full/independent_rms/resnet/seed_202/bandpass_n20005_cRA_covariance_s20.npz,76462,c30754fbd1320cf8186c312c360bd2939d68c1b5e7d3fbeedd88600c0ff0908c
resnet,independent_rms,202,bandpass_n20005_cRA_covariance_s15,phase2/results/predictions/full/independent_rms/resnet/seed_202/bandpass_n20005_cRA_covariance_s15.npz,76391,026cc444e9d19b4c962e7faa05809153cee345060eb9ae8fcd649d176e6d021d
resnet,independent_rms,202,bandpass_n20005_cRA_covariance_s10,phase2/results/predictions/full/independent_rms/resnet/seed_202/bandpass_n20005_cRA_covariance_s10.npz,76301,c5809976d652335ab2287602a0835ada8ac6a1a89b90e590a100011156ba3743
resnet,independent_rms,202,bandpass_n20005_cRA_covariance_s5,phase2/results/predictions/full/independent_rms/resnet/seed_202/bandpass_n20005_cRA_covariance_s5.npz,76062,0719c32f332a394d2dd268cf44a91c3ebc655cf59c2589fe875d81e34b03b3dd
resnet,independent_rms,202,bandpass_n20005_cRA_covariance_s0,phase2/results/predictions/full/independent_rms/resnet/seed_202/bandpass_n20005_cRA_covariance_s0.npz,75704,691232625ef24fffa5df123b49c295e350268335029778c075d15dc8b5ae117c
resnet,independent_rms,202,bandpass_n20005_cLA_independent_rms_s20,phase2/results/predictions/full/independent_rms/resnet/seed_202/bandpass_n20005_cLA_independent_rms_s20.npz,76489,89863e8e0f1296100f6fed8d892bed6dd58e6fd217b87d0b62a05187299cee70
resnet,independent_rms,202,bandpass_n20005_cLA_independent_rms_s15,phase2/results/predictions/full/independent_rms/resnet/seed_202/bandpass_n20005_cLA_independent_rms_s15.npz,76442,3397704c185ff83e3ba1840ee69e2022e4ff131ed4ae2e1ef3b37f19d1e7497b
resnet,independent_rms,202,bandpass_n20005_cLA_independent_rms_s10,phase2/results/predictions/full/independent_rms/resnet/seed_202/bandpass_n20005_cLA_independent_rms_s10.npz,76378,bf4c3adc1b40c6a1669fa0da70313827c1d1a2a7e5b080ff14c4f3bc310603ff
resnet,independent_rms,202,bandpass_n20005_cLA_independent_rms_s5,phase2/results/predictions/full/independent_rms/resnet/seed_202/bandpass_n20005_cLA_independent_rms_s5.npz,76215,3983ca353049780988feee5bffb2b9430d92a197028095c8f84e12054f59e399
resnet,independent_rms,202,bandpass_n20005_cLA_independent_rms_s0,phase2/results/predictions/full/independent_rms/resnet/seed_202/bandpass_n20005_cLA_independent_rms_s0.npz,75769,7c2d63d7d01f2a39310e72bba1790131668c0696c3973ebe242e4d49b84a4db9
resnet,independent_rms,202,bandpass_n20005_cLA_electrode_s20,phase2/results/predictions/full/independent_rms/resnet/seed_202/bandpass_n20005_cLA_electrode_s20.npz,76434,0b67272ee79e5b11654460946825259430ee5ef39736063ce0da61dc88dffe8e
resnet,independent_rms,202,bandpass_n20005_cLA_electrode_s15,phase2/results/predictions/full/independent_rms/resnet/seed_202/bandpass_n20005_cLA_electrode_s15.npz,76423,b9bf643c28105108fa12c1979e85c0a7ba80c6e6ad7366d83c43a78405721032
resnet,independent_rms,202,bandpass_n20005_cLA_electrode_s10,phase2/results/predictions/full/independent_rms/resnet/seed_202/bandpass_n20005_cLA_electrode_s10.npz,76329,773d03103f0470a133e1271ce7426ddb698947ec283401a338b0075d93b82ad6
resnet,independent_rms,202,bandpass_n20005_cLA_electrode_s5,phase2/results/predictions/full/independent_rms/resnet/seed_202/bandpass_n20005_cLA_electrode_s5.npz,76072,515fc21c3f85cabadd9d708c542a393faed8710748acb37938818bbba266c57f
resnet,independent_rms,202,bandpass_n20005_cLA_electrode_s0,phase2/results/predictions/full/independent_rms/resnet/seed_202/bandpass_n20005_cLA_electrode_s0.npz,75476,fb31ef3a933e6a9f3405c3ebfb7397f5fbfbe0486e6f02f44679c4efaef4a10f
resnet,independent_rms,202,bandpass_n20005_cLA_covariance_s20,phase2/results/predictions/full/independent_rms/resnet/seed_202/bandpass_n20005_cLA_covariance_s20.npz,76406,e6f3b38edc5de5ef0b17a8f5bc497bb7348cf84c517100c257cd9a933aee1b8e
resnet,independent_rms,202,bandpass_n20005_cLA_covariance_s15,phase2/results/predictions/full/independent_rms/resnet/seed_202/bandpass_n20005_cLA_covariance_s15.npz,76413,65a9ceb0c33dfbb60bebf9ac70a5eb1796dc5e192ab548e4c1c9424d807e1a39
resnet,independent_rms,202,bandpass_n20005_cLA_covariance_s10,phase2/results/predictions/full/independent_rms/resnet/seed_202/bandpass_n20005_cLA_covariance_s10.npz,76351,7b20deba4856330eb4e901ac5e6d4aeb49fe6939ba8a7ee3033d4c0b5ea91136
resnet,independent_rms,202,bandpass_n20005_cLA_covariance_s5,phase2/results/predictions/full/independent_rms/resnet/seed_202/bandpass_n20005_cLA_covariance_s5.npz,76057,803121877d7e9ff9608e454b897dcbbfc4468107cb7792cf3e6c27357ad21d0e
resnet,independent_rms,202,bandpass_n20005_cLA_covariance_s0,phase2/results/predictions/full/independent_rms/resnet/seed_202/bandpass_n20005_cLA_covariance_s0.npz,75493,187f12a3b5f385f0896cbb9fceeb909ca359f180c504d412f51a1e83b595c187
resnet,independent_rms,202,bandpass_n20005_cLL_independent_rms_s20,phase2/results/predictions/full/independent_rms/resnet/seed_202/bandpass_n20005_cLL_independent_rms_s20.npz,76486,57a45ac173d6c0551999840b9d3a40ce4be88b1e08e204b6e1b0b85f8154d278
resnet,independent_rms,202,bandpass_n20005_cLL_independent_rms_s15,phase2/results/predictions/full/independent_rms/resnet/seed_202/bandpass_n20005_cLL_independent_rms_s15.npz,76452,f96dbf5a8169b8061f942706a1ef9773a0117d134e2033b954c3a613d36de6e5
resnet,independent_rms,202,bandpass_n20005_cLL_independent_rms_s10,phase2/results/predictions/full/independent_rms/resnet/seed_202/bandpass_n20005_cLL_independent_rms_s10.npz,76372,ec03edbf9eb648db45ea79aee78caa57d6b51a64ab8e2c8c7868d74f8a275738
resnet,independent_rms,202,bandpass_n20005_cLL_independent_rms_s5,phase2/results/predictions/full/independent_rms/resnet/seed_202/bandpass_n20005_cLL_independent_rms_s5.npz,76228,249adfb8d126be669ba15a22bdbcab8f913a52ced70a2e09ef7781e74f32c4ae
resnet,independent_rms,202,bandpass_n20005_cLL_independent_rms_s0,phase2/results/predictions/full/independent_rms/resnet/seed_202/bandpass_n20005_cLL_independent_rms_s0.npz,75818,53814f710f7338586db031d242092d40cce5f5c979bfad764cb5a722135163a4
resnet,independent_rms,202,bandpass_n20005_cLL_electrode_s20,phase2/results/predictions/full/independent_rms/resnet/seed_202/bandpass_n20005_cLL_electrode_s20.npz,76471,ac6be7bf4696f8aa74f0da49d3d4f7c8aa15f7905bfc010e70d240143cacc48c
resnet,independent_rms,202,bandpass_n20005_cLL_electrode_s15,phase2/results/predictions/full/independent_rms/resnet/seed_202/bandpass_n20005_cLL_electrode_s15.npz,76399,1fd26c16552d1c70aec69f7101558c34fbd4663e339b81a382d248c1be92c281
resnet,independent_rms,202,bandpass_n20005_cLL_electrode_s10,phase2/results/predictions/full/independent_rms/resnet/seed_202/bandpass_n20005_cLL_electrode_s10.npz,76319,a35dd54557ede12da31526c2fe20c75b1e721c67adf725a8faf87333bda3245c
resnet,independent_rms,202,bandpass_n20005_cLL_electrode_s5,phase2/results/predictions/full/independent_rms/resnet/seed_202/bandpass_n20005_cLL_electrode_s5.npz,76037,701c901f48540ce17e0950bc5737c603bb98fe55c595b5eca72da0d189cb926f
resnet,independent_rms,202,bandpass_n20005_cLL_electrode_s0,phase2/results/predictions/full/independent_rms/resnet/seed_202/bandpass_n20005_cLL_electrode_s0.npz,75485,d427b6919b98bd56b30b8368655067430ae486b26ad7109106c0ec5fc2aa5085
resnet,independent_rms,202,bandpass_n20005_cLL_covariance_s20,phase2/results/predictions/full/independent_rms/resnet/seed_202/bandpass_n20005_cLL_covariance_s20.npz,76434,cae802d3b4d2386adf4115bdb82b5938b2ba476e5bd050640c7d95c36078f6a2
resnet,independent_rms,202,bandpass_n20005_cLL_covariance_s15,phase2/results/predictions/full/independent_rms/resnet/seed_202/bandpass_n20005_cLL_covariance_s15.npz,76387,817d41ed5462c8d2b34559c8b27b3cf3d1fac00f1e085081e6f1a77d97d9efef
resnet,independent_rms,202,bandpass_n20005_cLL_covariance_s10,phase2/results/predictions/full/independent_rms/resnet/seed_202/bandpass_n20005_cLL_covariance_s10.npz,76328,bc9cfc9e51a4535a26dfa83b3795738a2ed46c816100db34f80ec515a62a736a
resnet,independent_rms,202,bandpass_n20005_cLL_covariance_s5,phase2/results/predictions/full/independent_rms/resnet/seed_202/bandpass_n20005_cLL_covariance_s5.npz,76063,be4067856ac5c7e401d97962aceab7fc3c323d0973ca9ec6a9f2068ccc7fc620
resnet,independent_rms,202,bandpass_n20005_cLL_covariance_s0,phase2/results/predictions/full/independent_rms/resnet/seed_202/bandpass_n20005_cLL_covariance_s0.npz,75484,d956273793645f4c7845e683a6e1cd16f557b0398398ceea8ec14eefde2ec11c
resnet,independent_rms,202,bandpass_n20005_cRA_V1_independent_rms_s20,phase2/results/predictions/full/independent_rms/resnet/seed_202/bandpass_n20005_cRA_V1_independent_rms_s20.npz,76495,859e7aa1e1e94ac93e0feb604584faf0f672734b830733fe078432f95ac39e85
resnet,independent_rms,202,bandpass_n20005_cRA_V1_independent_rms_s15,phase2/results/predictions/full/independent_rms/resnet/seed_202/bandpass_n20005_cRA_V1_independent_rms_s15.npz,76465,88c7e539a8467e3c7eaf9cc394737eb899d5a4a2daeb3e25f7bfb1cf0828b1c5
resnet,independent_rms,202,bandpass_n20005_cRA_V1_independent_rms_s10,phase2/results/predictions/full/independent_rms/resnet/seed_202/bandpass_n20005_cRA_V1_independent_rms_s10.npz,76392,7e917215627e6b603852a34218338ccf8a49a21425067478773b78faa1bec5f2
resnet,independent_rms,202,bandpass_n20005_cRA_V1_independent_rms_s5,phase2/results/predictions/full/independent_rms/resnet/seed_202/bandpass_n20005_cRA_V1_independent_rms_s5.npz,76236,c74a4bf549d48a1d4f59407f5ca2d8c4c0bde8599d5c62c1baf2a225baecfcd6
resnet,independent_rms,202,bandpass_n20005_cRA_V1_independent_rms_s0,phase2/results/predictions/full/independent_rms/resnet/seed_202/bandpass_n20005_cRA_V1_independent_rms_s0.npz,75726,88472b9550b24cae4f5e789257b3e4d28f8ddf9548a5ae97c3c0ef0f3d26efce
resnet,independent_rms,202,bandpass_n20005_cRA_V1_electrode_s20,phase2/results/predictions/full/independent_rms/resnet/seed_202/bandpass_n20005_cRA_V1_electrode_s20.npz,76440,6c22ae78bf3fd3aedb7da4952794b0021822112b022211c82f4575eb56857201
resnet,independent_rms,202,bandpass_n20005_cRA_V1_electrode_s15,phase2/results/predictions/full/independent_rms/resnet/seed_202/bandpass_n20005_cRA_V1_electrode_s15.npz,76412,37acc9d43b43e767ddefa16af6ae74c4136604a29d28c3bed2a894b638d0e56c
resnet,independent_rms,202,bandpass_n20005_cRA_V1_electrode_s10,phase2/results/predictions/full/independent_rms/resnet/seed_202/bandpass_n20005_cRA_V1_electrode_s10.npz,76331,cdfe148770ec412da80e912cd84eb7821ea9839ffb0f8d828b4ad2e15e9e8c5b
resnet,independent_rms,202,bandpass_n20005_cRA_V1_electrode_s5,phase2/results/predictions/full/independent_rms/resnet/seed_202/bandpass_n20005_cRA_V1_electrode_s5.npz,76088,8e546b8f42bb7a4489c57920c64fb965fb9558d7e2e4f9e29d58c3e843ffb450
resnet,independent_rms,202,bandpass_n20005_cRA_V1_electrode_s0,phase2/results/predictions/full/independent_rms/resnet/seed_202/bandpass_n20005_cRA_V1_electrode_s0.npz,75724,ff6b70b062ea6b92f77b4300aabbf92a7c12df28754762541da5827e5965ab22
resnet,independent_rms,202,bandpass_n20005_cRA_V1_covariance_s20,phase2/results/predictions/full/independent_rms/resnet/seed_202/bandpass_n20005_cRA_V1_covariance_s20.npz,76449,625fcdea42c1c884c875d3f6edb1ce69c87b1ff37bee225514db27c8adeaf48b
resnet,independent_rms,202,bandpass_n20005_cRA_V1_covariance_s15,phase2/results/predictions/full/independent_rms/resnet/seed_202/bandpass_n20005_cRA_V1_covariance_s15.npz,76425,70bd3f2a1b7f0d32b47ca50b88664980527d6cff08cbe752b29ef66787e00f36
resnet,independent_rms,202,bandpass_n20005_cRA_V1_covariance_s10,phase2/results/predictions/full/independent_rms/resnet/seed_202/bandpass_n20005_cRA_V1_covariance_s10.npz,76322,8a4a489f77b21fe424cae140978f2d32d29ffb22625c92d5e9e3b54546077220
resnet,independent_rms,202,bandpass_n20005_cRA_V1_covariance_s5,phase2/results/predictions/full/independent_rms/resnet/seed_202/bandpass_n20005_cRA_V1_covariance_s5.npz,76092,3fb18e7010e1a457b5bf3c869b9ca738b687c891c9fe8b566c687e6d6fece770
resnet,independent_rms,202,bandpass_n20005_cRA_V1_covariance_s0,phase2/results/predictions/full/independent_rms/resnet/seed_202/bandpass_n20005_cRA_V1_covariance_s0.npz,75659,fb6eceb0d55a702e6ca6c09b8c22367c7aaedef922e622cda8d0536e09c59dff
resnet,independent_rms,202,bandpass_n20005_cLA_V6_independent_rms_s20,phase2/results/predictions/full/independent_rms/resnet/seed_202/bandpass_n20005_cLA_V6_independent_rms_s20.npz,76483,c51d875b218e17689f6a0bb90dfa08655f46105f0283106e68fb4092cac93bb1
resnet,independent_rms,202,bandpass_n20005_cLA_V6_independent_rms_s15,phase2/results/predictions/full/independent_rms/resnet/seed_202/bandpass_n20005_cLA_V6_independent_rms_s15.npz,76466,d1114186ede32f9c724de3acad3577b85792baa980847abe6f2139bbbfce6d9f
resnet,independent_rms,202,bandpass_n20005_cLA_V6_independent_rms_s10,phase2/results/predictions/full/independent_rms/resnet/seed_202/bandpass_n20005_cLA_V6_independent_rms_s10.npz,76411,d67c932f7e37ffae7e4fc5df6439e5427134818faf2364dabf454cd6d482c052
resnet,independent_rms,202,bandpass_n20005_cLA_V6_independent_rms_s5,phase2/results/predictions/full/independent_rms/resnet/seed_202/bandpass_n20005_cLA_V6_independent_rms_s5.npz,76247,19d68c03f415cfe7d7660d8f27fea971c4c6e5b7350cc62e5220181d2a5d2e1b
resnet,independent_rms,202,bandpass_n20005_cLA_V6_independent_rms_s0,phase2/results/predictions/full/independent_rms/resnet/seed_202/bandpass_n20005_cLA_V6_independent_rms_s0.npz,75778,37c3aed2ad1289340993faa03377677481af86300ae9de0a10a3199b3edaac71
resnet,independent_rms,202,bandpass_n20005_cLA_V6_electrode_s20,phase2/results/predictions/full/independent_rms/resnet/seed_202/bandpass_n20005_cLA_V6_electrode_s20.npz,76486,45ee45359d14693ae88cad2fe605210cc5516295add6abe9a98a5d71b2573df9
resnet,independent_rms,202,bandpass_n20005_cLA_V6_electrode_s15,phase2/results/predictions/full/independent_rms/resnet/seed_202/bandpass_n20005_cLA_V6_electrode_s15.npz,76441,8adeb8ce6eb2a01991807b5fe12a8afc774f89937f7a77c5a60165e43919eb83
resnet,independent_rms,202,bandpass_n20005_cLA_V6_electrode_s10,phase2/results/predictions/full/independent_rms/resnet/seed_202/bandpass_n20005_cLA_V6_electrode_s10.npz,76357,6c12f2de049771d398e10f309de85fb685e7d9cb6ae103641ffe509c1054fb28
resnet,independent_rms,202,bandpass_n20005_cLA_V6_electrode_s5,phase2/results/predictions/full/independent_rms/resnet/seed_202/bandpass_n20005_cLA_V6_electrode_s5.npz,76127,86eb2fcc316a0c7435e7ef27afc2a1ea9607127a68e90a6ee93fa6e82b1cf0ac
resnet,independent_rms,202,bandpass_n20005_cLA_V6_electrode_s0,phase2/results/predictions/full/independent_rms/resnet/seed_202/bandpass_n20005_cLA_V6_electrode_s0.npz,75540,dbbbb454c0a4d5d614fedf7fbf7297e533fbe3533e319911dc22fdaeea9416b7
resnet,independent_rms,202,bandpass_n20005_cLA_V6_covariance_s20,phase2/results/predictions/full/independent_rms/resnet/seed_202/bandpass_n20005_cLA_V6_covariance_s20.npz,76484,d10afb1c6287332b8fdc50d82385c3233a6442db07c5f6af1ae5c3cf8517fb13
resnet,independent_rms,202,bandpass_n20005_cLA_V6_covariance_s15,phase2/results/predictions/full/independent_rms/resnet/seed_202/bandpass_n20005_cLA_V6_covariance_s15.npz,76461,83031b41fb0a9b16db3db9aed243a6fcab1e8ee56a89de9cc52db8ec6f6f13b4
resnet,independent_rms,202,bandpass_n20005_cLA_V6_covariance_s10,phase2/results/predictions/full/independent_rms/resnet/seed_202/bandpass_n20005_cLA_V6_covariance_s10.npz,76378,c3c25c9a741df11358a79c6079cc4366231bbccd6a414c77b4d7af497d329faf
resnet,independent_rms,202,bandpass_n20005_cLA_V6_covariance_s5,phase2/results/predictions/full/independent_rms/resnet/seed_202/bandpass_n20005_cLA_V6_covariance_s5.npz,76126,fbcbffd9002d03dc5e35fdde0d193bfa85cd3afe31921828c283b79aa34472c0
resnet,independent_rms,202,bandpass_n20005_cLA_V6_covariance_s0,phase2/results/predictions/full/independent_rms/resnet/seed_202/bandpass_n20005_cLA_V6_covariance_s0.npz,75557,32807884d6bc86a833efae7a73dd5c9611dbdc1fb53dba18601900c881c5ca82
resnet,independent_rms,202,bandpass_n20005_cLL_V4_independent_rms_s20,phase2/results/predictions/full/independent_rms/resnet/seed_202/bandpass_n20005_cLL_V4_independent_rms_s20.npz,76443,a4cdf4a9bc310a98fabd23369b5772a2554043448595ef694f8dea08f534d318
resnet,independent_rms,202,bandpass_n20005_cLL_V4_independent_rms_s15,phase2/results/predictions/full/independent_rms/resnet/seed_202/bandpass_n20005_cLL_V4_independent_rms_s15.npz,76429,c570f88908895883578ad2d04ed94a55de6a1d4446635b1b347a38c76e0db7a9
resnet,independent_rms,202,bandpass_n20005_cLL_V4_independent_rms_s10,phase2/results/predictions/full/independent_rms/resnet/seed_202/bandpass_n20005_cLL_V4_independent_rms_s10.npz,76395,7d89a5a8c99a2f58311afb5a3b7d7fd2a68d4dce2f8ff428fb45c71fbb85cd77
resnet,independent_rms,202,bandpass_n20005_cLL_V4_independent_rms_s5,phase2/results/predictions/full/independent_rms/resnet/seed_202/bandpass_n20005_cLL_V4_independent_rms_s5.npz,76260,35ad8bb4418229c6782e980b66fdf24df4fff6ce6ce5f827569df0dbf9b5c3bd
resnet,independent_rms,202,bandpass_n20005_cLL_V4_independent_rms_s0,phase2/results/predictions/full/independent_rms/resnet/seed_202/bandpass_n20005_cLL_V4_independent_rms_s0.npz,75843,425374f1399b4be0923bc5a80e1602337dcbb8f96cefd972f0ad581f1c36f6b9
resnet,independent_rms,202,bandpass_n20005_cLL_V4_electrode_s20,phase2/results/predictions/full/independent_rms/resnet/seed_202/bandpass_n20005_cLL_V4_electrode_s20.npz,76458,04fa92d01dee73b467f2188148522a75531bc2d9bee6df05e6f07cb1e2c1819e
resnet,independent_rms,202,bandpass_n20005_cLL_V4_electrode_s15,phase2/results/predictions/full/independent_rms/resnet/seed_202/bandpass_n20005_cLL_V4_electrode_s15.npz,76435,016dafedd4261d234a388bd91f4298f397d8cd4be2132837b4fa7ef8468fe16b
resnet,independent_rms,202,bandpass_n20005_cLL_V4_electrode_s10,phase2/results/predictions/full/independent_rms/resnet/seed_202/bandpass_n20005_cLL_V4_electrode_s10.npz,76312,72bb8a2bbe969829c3662ad2da3b96e3e8c60c3d72b1503560734971e3a65600
resnet,independent_rms,202,bandpass_n20005_cLL_V4_electrode_s5,phase2/results/predictions/full/independent_rms/resnet/seed_202/bandpass_n20005_cLL_V4_electrode_s5.npz,76135,ba04d5289a8184210183d091017241873c01d1f48e0503364689a7b1272cbba8
resnet,independent_rms,202,bandpass_n20005_cLL_V4_electrode_s0,phase2/results/predictions/full/independent_rms/resnet/seed_202/bandpass_n20005_cLL_V4_electrode_s0.npz,75559,26be04f3d5530aa15ccee0561c499a587a38fe6bad0fe001eb18a2333bf7083e
resnet,independent_rms,202,bandpass_n20005_cLL_V4_covariance_s20,phase2/results/predictions/full/independent_rms/resnet/seed_202/bandpass_n20005_cLL_V4_covariance_s20.npz,76426,b2978889fe54e30dc03c5131cc8ec113498bcdcdaaa54ce8795d74d6c43546fd
resnet,independent_rms,202,bandpass_n20005_cLL_V4_covariance_s15,phase2/results/predictions/full/independent_rms/resnet/seed_202/bandpass_n20005_cLL_V4_covariance_s15.npz,76447,74115c67a1e061d9eac93bca70eee375a9ea07953702b9fde6a6062360719521
resnet,independent_rms,202,bandpass_n20005_cLL_V4_covariance_s10,phase2/results/predictions/full/independent_rms/resnet/seed_202/bandpass_n20005_cLL_V4_covariance_s10.npz,76369,f9053b9f1017bfd859148badcd823840a2c8a4580b996cd3357a01cfd26e05f7
resnet,independent_rms,202,bandpass_n20005_cLL_V4_covariance_s5,phase2/results/predictions/full/independent_rms/resnet/seed_202/bandpass_n20005_cLL_V4_covariance_s5.npz,76113,f144f1039e005dec1231e9abe8c4aa8ad808e6de9213a0912f73d47bedd434f4
resnet,independent_rms,202,bandpass_n20005_cLL_V4_covariance_s0,phase2/results/predictions/full/independent_rms/resnet/seed_202/bandpass_n20005_cLL_V4_covariance_s0.npz,75585,caf5ad88c7589231a643e194393837cd8ab6694453e2a29ea36d6c66db619bd3
resnet,independent_rms,202,bandpass_n20005_cRA_LA_V1_V6_independent_rms_s20,phase2/results/predictions/full/independent_rms/resnet/seed_202/bandpass_n20005_cRA_LA_V1_V6_independent_rms_s20.npz,76482,38e37863f38c2c92cc610def5e47bd2fdb284d6f5c6190d6b62978a3165297ff
resnet,independent_rms,202,bandpass_n20005_cRA_LA_V1_V6_independent_rms_s15,phase2/results/predictions/full/independent_rms/resnet/seed_202/bandpass_n20005_cRA_LA_V1_V6_independent_rms_s15.npz,76448,23b6325a53e72ab65a3261e61a7a1f62e3c77bfb4633abb8b8ab9e8bf607f423
resnet,independent_rms,202,bandpass_n20005_cRA_LA_V1_V6_independent_rms_s10,phase2/results/predictions/full/independent_rms/resnet/seed_202/bandpass_n20005_cRA_LA_V1_V6_independent_rms_s10.npz,76444,906fdc25b88dc46c7e4f791ea0027f9714769a299130701fb5d68daceece7ef7
resnet,independent_rms,202,bandpass_n20005_cRA_LA_V1_V6_independent_rms_s5,phase2/results/predictions/full/independent_rms/resnet/seed_202/bandpass_n20005_cRA_LA_V1_V6_independent_rms_s5.npz,76247,be5dd4a1cb704e83eb5c67078d1c739ec41a69b2a132d66fe6169ab7d16991bf
resnet,independent_rms,202,bandpass_n20005_cRA_LA_V1_V6_independent_rms_s0,phase2/results/predictions/full/independent_rms/resnet/seed_202/bandpass_n20005_cRA_LA_V1_V6_independent_rms_s0.npz,75784,637dc5d88340fae272981fe0d7443f58d4814b3908d8181b0dffa3b0f5f09fcb
resnet,independent_rms,202,bandpass_n20005_cRA_LA_V1_V6_electrode_s20,phase2/results/predictions/full/independent_rms/resnet/seed_202/bandpass_n20005_cRA_LA_V1_V6_electrode_s20.npz,76492,b16c1af49537203a3c07a792e0feeee64f76094730df340cb1d1f6bddae9135a
resnet,independent_rms,202,bandpass_n20005_cRA_LA_V1_V6_electrode_s15,phase2/results/predictions/full/independent_rms/resnet/seed_202/bandpass_n20005_cRA_LA_V1_V6_electrode_s15.npz,76439,3f0225c41ffd655fdb8b819e5d3a28cd1b6669abda94f31a74e0800c2edfa522
resnet,independent_rms,202,bandpass_n20005_cRA_LA_V1_V6_electrode_s10,phase2/results/predictions/full/independent_rms/resnet/seed_202/bandpass_n20005_cRA_LA_V1_V6_electrode_s10.npz,76370,98f5dc4fa2d84c81bc4197b05dd107b4ff32e523ecb9a296623c92dadcfe77da
resnet,independent_rms,202,bandpass_n20005_cRA_LA_V1_V6_electrode_s5,phase2/results/predictions/full/independent_rms/resnet/seed_202/bandpass_n20005_cRA_LA_V1_V6_electrode_s5.npz,76122,c837abd5cc28c0f17a39b72b5ee974e67732e7ccb05f7f63f37371b0ff7b9056
resnet,independent_rms,202,bandpass_n20005_cRA_LA_V1_V6_electrode_s0,phase2/results/predictions/full/independent_rms/resnet/seed_202/bandpass_n20005_cRA_LA_V1_V6_electrode_s0.npz,75589,eb752271afd6e5f98a4614906e8a6de131f38dec04a85d5ad4f1cdb9efea2362
resnet,independent_rms,202,bandpass_n20005_cRA_LA_V1_V6_covariance_s20,phase2/results/predictions/full/independent_rms/resnet/seed_202/bandpass_n20005_cRA_LA_V1_V6_covariance_s20.npz,76482,8c99aef24a2ec063e6f1c42629abe0293625a4832b9e5cfcc12bd0a67fc39ff0
resnet,independent_rms,202,bandpass_n20005_cRA_LA_V1_V6_covariance_s15,phase2/results/predictions/full/independent_rms/resnet/seed_202/bandpass_n20005_cRA_LA_V1_V6_covariance_s15.npz,76443,842fc2d1ce50e23b4c816d472568ad8c53a6f8bb5ee5cc5628a935c83b102dcf
resnet,independent_rms,202,bandpass_n20005_cRA_LA_V1_V6_covariance_s10,phase2/results/predictions/full/independent_rms/resnet/seed_202/bandpass_n20005_cRA_LA_V1_V6_covariance_s10.npz,76356,2de1af232ace6b1a76869928f53cee13d7ce1e2bfc2bcfd1ebb3112839d6a09b
resnet,independent_rms,202,bandpass_n20005_cRA_LA_V1_V6_covariance_s5,phase2/results/predictions/full/independent_rms/resnet/seed_202/bandpass_n20005_cRA_LA_V1_V6_covariance_s5.npz,76108,fda1f1a19ee2c15542a8afc1ac1473182d7f1871521e81e3d6be63e67d20c979
resnet,independent_rms,202,bandpass_n20005_cRA_LA_V1_V6_covariance_s0,phase2/results/predictions/full/independent_rms/resnet/seed_202/bandpass_n20005_cRA_LA_V1_V6_covariance_s0.npz,75619,a3239e5433cb6d25bc342913b143003f60652be176d5a2ac784e1d5432d46615
resnet,independent_rms,202,bandpass_n20005_cRA_V2_V5_independent_rms_s20,phase2/results/predictions/full/independent_rms/resnet/seed_202/bandpass_n20005_cRA_V2_V5_independent_rms_s20.npz,76481,da7f047d6b090cbe150ed0372f6c92444f72367882bdce30044030e7e58f692e
resnet,independent_rms,202,bandpass_n20005_cRA_V2_V5_independent_rms_s15,phase2/results/predictions/full/independent_rms/resnet/seed_202/bandpass_n20005_cRA_V2_V5_independent_rms_s15.npz,76463,bc6c6e385bec7bb887463ab9b1447b36b97044cbd0dd54930a43d041f8a76588
resnet,independent_rms,202,bandpass_n20005_cRA_V2_V5_independent_rms_s10,phase2/results/predictions/full/independent_rms/resnet/seed_202/bandpass_n20005_cRA_V2_V5_independent_rms_s10.npz,76400,698eff17300ab0ab4aff40d8acf77bcd536155d65b227514398209235a154cd5
resnet,independent_rms,202,bandpass_n20005_cRA_V2_V5_independent_rms_s5,phase2/results/predictions/full/independent_rms/resnet/seed_202/bandpass_n20005_cRA_V2_V5_independent_rms_s5.npz,76244,5b4074bca2775d207386adf2c0b9a00792fc41a6e56f14fa4b5824692a2da747
resnet,independent_rms,202,bandpass_n20005_cRA_V2_V5_independent_rms_s0,phase2/results/predictions/full/independent_rms/resnet/seed_202/bandpass_n20005_cRA_V2_V5_independent_rms_s0.npz,75852,412ebaba91e121054ed78b3ee99b33514f71bbe9e9538aa97b763f552f9f068a
resnet,independent_rms,202,bandpass_n20005_cRA_V2_V5_electrode_s20,phase2/results/predictions/full/independent_rms/resnet/seed_202/bandpass_n20005_cRA_V2_V5_electrode_s20.npz,76451,702760c05b2c74403fc5499cf9d3967265015a1218ddb1f0376ff057e86ed45d
resnet,independent_rms,202,bandpass_n20005_cRA_V2_V5_electrode_s15,phase2/results/predictions/full/independent_rms/resnet/seed_202/bandpass_n20005_cRA_V2_V5_electrode_s15.npz,76414,2830aeb32069c41414da02e1ce43e375e04c55b4b4cb6650253fca819a7b3290
resnet,independent_rms,202,bandpass_n20005_cRA_V2_V5_electrode_s10,phase2/results/predictions/full/independent_rms/resnet/seed_202/bandpass_n20005_cRA_V2_V5_electrode_s10.npz,76316,b6eb699de46b3ac34ccfb1bebcd8ec7a7c21f5dd4e22df1b1310d8749cf666ad
resnet,independent_rms,202,bandpass_n20005_cRA_V2_V5_electrode_s5,phase2/results/predictions/full/independent_rms/resnet/seed_202/bandpass_n20005_cRA_V2_V5_electrode_s5.npz,76154,55f66566a1babcea60fe31ae86c48777ecd11bd4fca5023fb48355506962cafc
resnet,independent_rms,202,bandpass_n20005_cRA_V2_V5_electrode_s0,phase2/results/predictions/full/independent_rms/resnet/seed_202/bandpass_n20005_cRA_V2_V5_electrode_s0.npz,75781,3a82e39ef55dcf1b7f7bc1710b275fbf6fb2eca43f96e0f76135a4fcb6d5b83b
resnet,independent_rms,202,bandpass_n20005_cRA_V2_V5_covariance_s20,phase2/results/predictions/full/independent_rms/resnet/seed_202/bandpass_n20005_cRA_V2_V5_covariance_s20.npz,76481,c285d3cdfb54f4265494089c7c591130614c84214137dbc6376f17bbe41fbfb2
resnet,independent_rms,202,bandpass_n20005_cRA_V2_V5_covariance_s15,phase2/results/predictions/full/independent_rms/resnet/seed_202/bandpass_n20005_cRA_V2_V5_covariance_s15.npz,76426,8f19ac7cdf5268b5fc40bac85b911db38ab746a0bfb40ca9e070725151f031ed
resnet,independent_rms,202,bandpass_n20005_cRA_V2_V5_covariance_s10,phase2/results/predictions/full/independent_rms/resnet/seed_202/bandpass_n20005_cRA_V2_V5_covariance_s10.npz,76354,f1a38af35fbe535d3f3e7d52cd98807cee95d3c71937056073612f0c14f6e362
resnet,independent_rms,202,bandpass_n20005_cRA_V2_V5_covariance_s5,phase2/results/predictions/full/independent_rms/resnet/seed_202/bandpass_n20005_cRA_V2_V5_covariance_s5.npz,76089,0b0525838043509ca8b18d8eeacbb914f27aa6018c861c6badebaf2a7ab3197b
resnet,independent_rms,202,bandpass_n20005_cRA_V2_V5_covariance_s0,phase2/results/predictions/full/independent_rms/resnet/seed_202/bandpass_n20005_cRA_V2_V5_covariance_s0.npz,75744,ea52d2c77d46e306474e83b85e330b6bd1edc76ef20fcbb66f431292e3deb74c
resnet,independent_rms,202,bandpass_n20005_cLA_V3_V6_independent_rms_s20,phase2/results/predictions/full/independent_rms/resnet/seed_202/bandpass_n20005_cLA_V3_V6_independent_rms_s20.npz,76476,df3290be5fdd538e5c329a727dfab80e276f74135da8cd358ba51c2f661fb139
resnet,independent_rms,202,bandpass_n20005_cLA_V3_V6_independent_rms_s15,phase2/results/predictions/full/independent_rms/resnet/seed_202/bandpass_n20005_cLA_V3_V6_independent_rms_s15.npz,76436,1218418e4e4db9ab04ef5684f820c52a958bffde57e0d8e66cc805cdd86d9596
resnet,independent_rms,202,bandpass_n20005_cLA_V3_V6_independent_rms_s10,phase2/results/predictions/full/independent_rms/resnet/seed_202/bandpass_n20005_cLA_V3_V6_independent_rms_s10.npz,76392,60af5af5ef2a599b5b42501c2515f548e45617f54242f99d411ce5187a2fd5ba
resnet,independent_rms,202,bandpass_n20005_cLA_V3_V6_independent_rms_s5,phase2/results/predictions/full/independent_rms/resnet/seed_202/bandpass_n20005_cLA_V3_V6_independent_rms_s5.npz,76279,b94457464e0ad7c10bbe6367e5686a53212742be0a453cf9bf31b48f50361908
resnet,independent_rms,202,bandpass_n20005_cLA_V3_V6_independent_rms_s0,phase2/results/predictions/full/independent_rms/resnet/seed_202/bandpass_n20005_cLA_V3_V6_independent_rms_s0.npz,75852,6f795eae705196ca0cdf04078fc2122b042cfdee0174246f89cfaccd47ce8fba
resnet,independent_rms,202,bandpass_n20005_cLA_V3_V6_electrode_s20,phase2/results/predictions/full/independent_rms/resnet/seed_202/bandpass_n20005_cLA_V3_V6_electrode_s20.npz,76484,57fdd47749e0202da42f0b428c83ebfe3dc455767ff7b5621d814f9514675dc0
resnet,independent_rms,202,bandpass_n20005_cLA_V3_V6_electrode_s15,phase2/results/predictions/full/independent_rms/resnet/seed_202/bandpass_n20005_cLA_V3_V6_electrode_s15.npz,76438,20dfc31ecd8743b42146d870eeb193889a2fedd82ba04a3fb64c65910a97f8c9
resnet,independent_rms,202,bandpass_n20005_cLA_V3_V6_electrode_s10,phase2/results/predictions/full/independent_rms/resnet/seed_202/bandpass_n20005_cLA_V3_V6_electrode_s10.npz,76354,a2d6b35894e6498629165c04e5b9b876a0bc569d2c6d9fc7f3e11069211a2c78
resnet,independent_rms,202,bandpass_n20005_cLA_V3_V6_electrode_s5,phase2/results/predictions/full/independent_rms/resnet/seed_202/bandpass_n20005_cLA_V3_V6_electrode_s5.npz,76151,6115966bef85028d116100d7bb53252ce95e79f2e663d4ca3ff378e56c0de109
resnet,independent_rms,202,bandpass_n20005_cLA_V3_V6_electrode_s0,phase2/results/predictions/full/independent_rms/resnet/seed_202/bandpass_n20005_cLA_V3_V6_electrode_s0.npz,75589,8f8c1ddd9236df1ed9e9f44f7fdc50df5314a3d55d8c7ccd6270b71a77dbcc79
resnet,independent_rms,202,bandpass_n20005_cLA_V3_V6_covariance_s20,phase2/results/predictions/full/independent_rms/resnet/seed_202/bandpass_n20005_cLA_V3_V6_covariance_s20.npz,76476,1120a75e6758ec7bf45d427ce4a85ddcfa24698655aa9cc08af2c30b34c65ac7
resnet,independent_rms,202,bandpass_n20005_cLA_V3_V6_covariance_s15,phase2/results/predictions/full/independent_rms/resnet/seed_202/bandpass_n20005_cLA_V3_V6_covariance_s15.npz,76423,75a2e48adc8861620834e0ad414e204f69d6a106fcdf97aaa9a8210efb848ccf
resnet,independent_rms,202,bandpass_n20005_cLA_V3_V6_covariance_s10,phase2/results/predictions/full/independent_rms/resnet/seed_202/bandpass_n20005_cLA_V3_V6_covariance_s10.npz,76368,fe8ad3c19ca4771e9e6d4941b3cee0af4a7d692b612ad70b49ca6cdc5a447066
resnet,independent_rms,202,bandpass_n20005_cLA_V3_V6_covariance_s5,phase2/results/predictions/full/independent_rms/resnet/seed_202/bandpass_n20005_cLA_V3_V6_covariance_s5.npz,76164,c6ab766a451c7d0fa462b81d6c331788b0fdbb4930c7866094e217bba6f34db6
resnet,independent_rms,202,bandpass_n20005_cLA_V3_V6_covariance_s0,phase2/results/predictions/full/independent_rms/resnet/seed_202/bandpass_n20005_cLA_V3_V6_covariance_s0.npz,75655,f0fe440262c15947d53acd137ee2873d8e0c657a332058d25cb54f38cbe8d09a
resnet,independent_rms,202,bandpass_n20005_cLL_V1_V4_independent_rms_s20,phase2/results/predictions/full/independent_rms/resnet/seed_202/bandpass_n20005_cLL_V1_V4_independent_rms_s20.npz,76446,b5987cf007af4491916b5f8bc4334baf657828a939bd261b82eed38d0cd18c9d
resnet,independent_rms,202,bandpass_n20005_cLL_V1_V4_independent_rms_s15,phase2/results/predictions/full/independent_rms/resnet/seed_202/bandpass_n20005_cLL_V1_V4_independent_rms_s15.npz,76453,ff4317b43c4d4a7b1b9eae35c43549067f20cdf15f6f9daab3ac1f816c185330
resnet,independent_rms,202,bandpass_n20005_cLL_V1_V4_independent_rms_s10,phase2/results/predictions/full/independent_rms/resnet/seed_202/bandpass_n20005_cLL_V1_V4_independent_rms_s10.npz,76416,c3ecd07ab59de5f1f855bc594f9b08a579c74f266f16e14ada404a2ce5900d7b
resnet,independent_rms,202,bandpass_n20005_cLL_V1_V4_independent_rms_s5,phase2/results/predictions/full/independent_rms/resnet/seed_202/bandpass_n20005_cLL_V1_V4_independent_rms_s5.npz,76259,89702ac9b909b069a5542920ec615d61666a80758a56e3211f906e70a45952a0
resnet,independent_rms,202,bandpass_n20005_cLL_V1_V4_independent_rms_s0,phase2/results/predictions/full/independent_rms/resnet/seed_202/bandpass_n20005_cLL_V1_V4_independent_rms_s0.npz,75811,713c10b361253606da3a131b3bd44ad119c506b529bdf89c86af9c22839597c5
resnet,independent_rms,202,bandpass_n20005_cLL_V1_V4_electrode_s20,phase2/results/predictions/full/independent_rms/resnet/seed_202/bandpass_n20005_cLL_V1_V4_electrode_s20.npz,76439,041d298e99281922ddb9b50fe91351227109d3ac32a85dd9350bcbe9050781d4
resnet,independent_rms,202,bandpass_n20005_cLL_V1_V4_electrode_s15,phase2/results/predictions/full/independent_rms/resnet/seed_202/bandpass_n20005_cLL_V1_V4_electrode_s15.npz,76439,24956878494cb5251e573ef4e78b585fcb9f27a248db180e6d4665e50114f0af
resnet,independent_rms,202,bandpass_n20005_cLL_V1_V4_electrode_s10,phase2/results/predictions/full/independent_rms/resnet/seed_202/bandpass_n20005_cLL_V1_V4_electrode_s10.npz,76328,cc83cb45fcfec140eab34770c4df3340a9265efabec6ec9507c125ba4f1fe17e
resnet,independent_rms,202,bandpass_n20005_cLL_V1_V4_electrode_s5,phase2/results/predictions/full/independent_rms/resnet/seed_202/bandpass_n20005_cLL_V1_V4_electrode_s5.npz,76161,5fd23917d38368bc0efbc0c96ab4d245dd2e108a1296b7ed68d611290a051c02
resnet,independent_rms,202,bandpass_n20005_cLL_V1_V4_electrode_s0,phase2/results/predictions/full/independent_rms/resnet/seed_202/bandpass_n20005_cLL_V1_V4_electrode_s0.npz,75527,f06938beab6957c846396b861dde81c3a8d259b6cb47a5d043cec47fdf9b2719
resnet,independent_rms,202,bandpass_n20005_cLL_V1_V4_covariance_s20,phase2/results/predictions/full/independent_rms/resnet/seed_202/bandpass_n20005_cLL_V1_V4_covariance_s20.npz,76487,d86e2e91bb3b88f1e8a88887b246c7d19f04fa5cbc57d1c3beb1aa92538a7d3b
resnet,independent_rms,202,bandpass_n20005_cLL_V1_V4_covariance_s15,phase2/results/predictions/full/independent_rms/resnet/seed_202/bandpass_n20005_cLL_V1_V4_covariance_s15.npz,76443,2b9d0f133a229e5831b94782fe72c750f393a432048bd6edb8fa490ace242940
resnet,independent_rms,202,bandpass_n20005_cLL_V1_V4_covariance_s10,phase2/results/predictions/full/independent_rms/resnet/seed_202/bandpass_n20005_cLL_V1_V4_covariance_s10.npz,76371,891e5e3aaac041de8f688a7742f4b3c436ca846de49fac1f2da3043b7ca4e8f4
resnet,independent_rms,202,bandpass_n20005_cLL_V1_V4_covariance_s5,phase2/results/predictions/full/independent_rms/resnet/seed_202/bandpass_n20005_cLL_V1_V4_covariance_s5.npz,76115,c18c845fbc5b29699c7ddb2410036a5443626bd6458dd406281a41ce243ef5ea
resnet,independent_rms,202,bandpass_n20005_cLL_V1_V4_covariance_s0,phase2/results/predictions/full/independent_rms/resnet/seed_202/bandpass_n20005_cLL_V1_V4_covariance_s0.npz,75555,31d1e663d5fd99eb7a296d69bf702c9710041b1d3e96d058496e06dc7d7bc6fe
resnet,independent_rms,202,bandpass_n20005_call_independent_rms_s20,phase2/results/predictions/full/independent_rms/resnet/seed_202/bandpass_n20005_call_independent_rms_s20.npz,76445,dabfda799cae83ad758f5e03d3ee1536d0cb25aa6c657e10a6f010d257252582
resnet,independent_rms,202,bandpass_n20005_call_independent_rms_s15,phase2/results/predictions/full/independent_rms/resnet/seed_202/bandpass_n20005_call_independent_rms_s15.npz,76440,11eed8ffb25e04dd3de2d0530c58bfa50550418d42763dffe88c347ca270a0d1
resnet,independent_rms,202,bandpass_n20005_call_independent_rms_s10,phase2/results/predictions/full/independent_rms/resnet/seed_202/bandpass_n20005_call_independent_rms_s10.npz,76402,e09d1e4a1f3329bca010cfd46d9cbd98e3e3b852a169ce499575777ed64c02ab
resnet,independent_rms,202,bandpass_n20005_call_independent_rms_s5,phase2/results/predictions/full/independent_rms/resnet/seed_202/bandpass_n20005_call_independent_rms_s5.npz,76248,be668603a5618872b8e48a39f6aaf3628c8038a92e910037cdc99d5dd993977e
resnet,independent_rms,202,bandpass_n20005_call_independent_rms_s0,phase2/results/predictions/full/independent_rms/resnet/seed_202/bandpass_n20005_call_independent_rms_s0.npz,75819,981a40fc25843167da4a991fe4c9717716bb51a0d03827b260d068776c35439f
resnet,independent_rms,202,bandpass_n20005_call_electrode_s20,phase2/results/predictions/full/independent_rms/resnet/seed_202/bandpass_n20005_call_electrode_s20.npz,76426,69467d1454a16832a73d6f0615b951c8b6d9cb4a628fba0799cad7d4acdcca0a
resnet,independent_rms,202,bandpass_n20005_call_electrode_s15,phase2/results/predictions/full/independent_rms/resnet/seed_202/bandpass_n20005_call_electrode_s15.npz,76381,fd6ab482ddf13c382a358791c9fd9f93e09bf9a3e8a941bbe795cf1502f3f1da
resnet,independent_rms,202,bandpass_n20005_call_electrode_s10,phase2/results/predictions/full/independent_rms/resnet/seed_202/bandpass_n20005_call_electrode_s10.npz,76317,59081c27a3e5140bebb274390b5053eb6f1969ad82b9a5e46f9a628bdc532e49
resnet,independent_rms,202,bandpass_n20005_call_electrode_s5,phase2/results/predictions/full/independent_rms/resnet/seed_202/bandpass_n20005_call_electrode_s5.npz,76137,f2303c7ce894eb8d388c61e7fbd50cbccf600336e445eed51e105c0a5fafd0a4
resnet,independent_rms,202,bandpass_n20005_call_electrode_s0,phase2/results/predictions/full/independent_rms/resnet/seed_202/bandpass_n20005_call_electrode_s0.npz,75602,fb60b4449ca9af1eef67603b744d5048d6f95b8ff474c60f4a5c0d588a9887c9
resnet,independent_rms,202,bandpass_n20005_call_covariance_s20,phase2/results/predictions/full/independent_rms/resnet/seed_202/bandpass_n20005_call_covariance_s20.npz,76455,03389891821fa766f2cc5266a16c7f5fb17dcb582220267e4e428ecc9c6d4822
resnet,independent_rms,202,bandpass_n20005_call_covariance_s15,phase2/results/predictions/full/independent_rms/resnet/seed_202/bandpass_n20005_call_covariance_s15.npz,76437,c5f57e8d73156552f1069bac3f5b0035dd75b3642b1405034c25497eb131b1b6
resnet,independent_rms,202,bandpass_n20005_call_covariance_s10,phase2/results/predictions/full/independent_rms/resnet/seed_202/bandpass_n20005_call_covariance_s10.npz,76340,11826b0ce1086bb2c87745149a183f7388ad4ddeb09f36fda10a42f2406c68a8
resnet,independent_rms,202,bandpass_n20005_call_covariance_s5,phase2/results/predictions/full/independent_rms/resnet/seed_202/bandpass_n20005_call_covariance_s5.npz,76140,86dc60ceb1bdd13031418350a4f169a7e8440585799fc9909f2cdaddb685bb27
resnet,independent_rms,202,bandpass_n20005_call_covariance_s0,phase2/results/predictions/full/independent_rms/resnet/seed_202/bandpass_n20005_call_covariance_s0.npz,75568,8f70292fed6bfec6ac36d5be2034a9b864c3b584216b27b0861fcb112087c9e9
resnet,independent_rms,202,bw_n20001_call_independent_rms_s20,phase2/results/predictions/full/independent_rms/resnet/seed_202/bw_n20001_call_independent_rms_s20.npz,76456,10e7e9cdaec8e0fd8c8c475a9c828b14843ee145689a79aa9497d597ac8f3a89
resnet,independent_rms,202,bw_n20001_call_independent_rms_s10,phase2/results/predictions/full/independent_rms/resnet/seed_202/bw_n20001_call_independent_rms_s10.npz,76440,e5f15832465d90e2843f825b13dc913590cc967c0b330ddbbf4a09370ea249a4
resnet,independent_rms,202,bw_n20001_call_independent_rms_s0,phase2/results/predictions/full/independent_rms/resnet/seed_202/bw_n20001_call_independent_rms_s0.npz,76168,c14336aed2151145bb2efd2041b86a9266e17b9e1e21a5c0bb1739b51dc5934c
resnet,independent_rms,202,bw_n20001_call_electrode_s20,phase2/results/predictions/full/independent_rms/resnet/seed_202/bw_n20001_call_electrode_s20.npz,76444,aed76ed6a7db963198e605d80f29abbed47716a7ae8cb6d94dfae1a0d956179b
resnet,independent_rms,202,bw_n20001_call_electrode_s10,phase2/results/predictions/full/independent_rms/resnet/seed_202/bw_n20001_call_electrode_s10.npz,76404,c5910ce4966fe2048f1fe93750afbe35fb8660e338f4b0344930c752991c34fd
resnet,independent_rms,202,bw_n20001_call_electrode_s0,phase2/results/predictions/full/independent_rms/resnet/seed_202/bw_n20001_call_electrode_s0.npz,76128,dae76055c233d72948951abdfa56e8d82ed7900eb1d14b526389070f14423f8d
resnet,independent_rms,202,bw_n20001_call_covariance_s20,phase2/results/predictions/full/independent_rms/resnet/seed_202/bw_n20001_call_covariance_s20.npz,76428,8fb8b977f1a671d0aca783be8734a7cca4a0826ba622adf7fcd45d359d72f42c
resnet,independent_rms,202,bw_n20001_call_covariance_s10,phase2/results/predictions/full/independent_rms/resnet/seed_202/bw_n20001_call_covariance_s10.npz,76421,369a39683a00d39a643176abbee90923b18c436853ba6d988c102aa64c38ea7f
resnet,independent_rms,202,bw_n20001_call_covariance_s0,phase2/results/predictions/full/independent_rms/resnet/seed_202/bw_n20001_call_covariance_s0.npz,76130,1e324c4eb97ee8925f50da80f70c0bc638a581d427a96c0d4180c2c5b8a69d0e
resnet,independent_rms,202,bw_n20002_call_independent_rms_s20,phase2/results/predictions/full/independent_rms/resnet/seed_202/bw_n20002_call_independent_rms_s20.npz,76431,2af2a3ad9984ab4fabfeb083022d041950f2c58ac1ae28b7e93718dee77b2752
resnet,independent_rms,202,bw_n20002_call_independent_rms_s10,phase2/results/predictions/full/independent_rms/resnet/seed_202/bw_n20002_call_independent_rms_s10.npz,76419,2ce228f720cb6e8424c809b8c553eb50b8f99f7efea31b57a2070384a155423c
resnet,independent_rms,202,bw_n20002_call_independent_rms_s0,phase2/results/predictions/full/independent_rms/resnet/seed_202/bw_n20002_call_independent_rms_s0.npz,76176,2133b114576934a0b1b35410f59d2fcbed5db1b872e5f7da009720fa21d6496e
resnet,independent_rms,202,bw_n20002_call_electrode_s20,phase2/results/predictions/full/independent_rms/resnet/seed_202/bw_n20002_call_electrode_s20.npz,76428,6b567bcc0dd930d67339cda133fdd1d4c06dc4f2c6655c984300068ce2e1643d
resnet,independent_rms,202,bw_n20002_call_electrode_s10,phase2/results/predictions/full/independent_rms/resnet/seed_202/bw_n20002_call_electrode_s10.npz,76418,8a3daf8d428dcf4c6b66b3bd1767b3d3cf6a6bd5fe42f904b859c160aef0bbb6
resnet,independent_rms,202,bw_n20002_call_electrode_s0,phase2/results/predictions/full/independent_rms/resnet/seed_202/bw_n20002_call_electrode_s0.npz,76163,dd3c078789e540ffc974149e1017749cad3e44ac05db2f76fc8aba495cab58bc
resnet,independent_rms,202,bw_n20002_call_covariance_s20,phase2/results/predictions/full/independent_rms/resnet/seed_202/bw_n20002_call_covariance_s20.npz,76428,901a8c01cabff5f72815f56e1e0817c005ad34891e2be63566df64cbe3a6ae33
resnet,independent_rms,202,bw_n20002_call_covariance_s10,phase2/results/predictions/full/independent_rms/resnet/seed_202/bw_n20002_call_covariance_s10.npz,76399,4ff6c1f4a8177228608674d0fc5172f988c669451dea44f74060c43478966251
resnet,independent_rms,202,bw_n20002_call_covariance_s0,phase2/results/predictions/full/independent_rms/resnet/seed_202/bw_n20002_call_covariance_s0.npz,76150,d0564166469c0c488e7d4ff6d1b2e749148e909dbee519412a563ad4bf0248e6
resnet,independent_rms,202,bw_n20003_call_independent_rms_s20,phase2/results/predictions/full/independent_rms/resnet/seed_202/bw_n20003_call_independent_rms_s20.npz,76449,f7a2b53b3c206e8679c005dd5e806dff7fef1bd87e4d1707122f06b44c0dca11
resnet,independent_rms,202,bw_n20003_call_independent_rms_s10,phase2/results/predictions/full/independent_rms/resnet/seed_202/bw_n20003_call_independent_rms_s10.npz,76434,2e15b927088b07029cf11e98770fc4adce4d4c03664f6bbabdd67c9874434998
resnet,independent_rms,202,bw_n20003_call_independent_rms_s0,phase2/results/predictions/full/independent_rms/resnet/seed_202/bw_n20003_call_independent_rms_s0.npz,76186,2d4b6f4cd5c45b3ace9ef4425c296ef439b2a020ac53d61a754de207df36b53d
resnet,independent_rms,202,bw_n20003_call_electrode_s20,phase2/results/predictions/full/independent_rms/resnet/seed_202/bw_n20003_call_electrode_s20.npz,76444,84cb47fd29b2a54eea22ff4ffb60a1a92ad5d02e57ec535cabddd3c1352ab9d2
resnet,independent_rms,202,bw_n20003_call_electrode_s10,phase2/results/predictions/full/independent_rms/resnet/seed_202/bw_n20003_call_electrode_s10.npz,76394,6964cc6e4cf106eb494e56c68482b7d85c48bd26f2875481d32bbaa58d694c74
resnet,independent_rms,202,bw_n20003_call_electrode_s0,phase2/results/predictions/full/independent_rms/resnet/seed_202/bw_n20003_call_electrode_s0.npz,76160,367132341525c51e3c8bce619f6f668fb8900b036eab781c79d598d597f39e96
resnet,independent_rms,202,bw_n20003_call_covariance_s20,phase2/results/predictions/full/independent_rms/resnet/seed_202/bw_n20003_call_covariance_s20.npz,76422,811cb6ec7e7dcd5674a26a51de700470b644a041f4596f2f100137c4cc92c8d8
resnet,independent_rms,202,bw_n20003_call_covariance_s10,phase2/results/predictions/full/independent_rms/resnet/seed_202/bw_n20003_call_covariance_s10.npz,76404,99626772cf00406333dd14df199901191be3b5666c01921dbeeb97673753b7b9
resnet,independent_rms,202,bw_n20003_call_covariance_s0,phase2/results/predictions/full/independent_rms/resnet/seed_202/bw_n20003_call_covariance_s0.npz,76166,738e283c8c20d1d12df687125e79fc2179e470e33a93888d9db7d8969ec39144
resnet,independent_rms,202,bw_n20004_call_independent_rms_s20,phase2/results/predictions/full/independent_rms/resnet/seed_202/bw_n20004_call_independent_rms_s20.npz,76444,081390949cebf59cea9008ec16d1cb9d60019ff9bf12e35115fcb0bb16f979c7
resnet,independent_rms,202,bw_n20004_call_independent_rms_s10,phase2/results/predictions/full/independent_rms/resnet/seed_202/bw_n20004_call_independent_rms_s10.npz,76419,6dc00c30ce4d4aed48ed2cb9d55b70f368d24829720e1a030b555cde6556cdec
resnet,independent_rms,202,bw_n20004_call_independent_rms_s0,phase2/results/predictions/full/independent_rms/resnet/seed_202/bw_n20004_call_independent_rms_s0.npz,76190,ec66c844914d88ff81852ad52e8b714699fa5567e316a01902567e7f13c784be
resnet,independent_rms,202,bw_n20004_call_electrode_s20,phase2/results/predictions/full/independent_rms/resnet/seed_202/bw_n20004_call_electrode_s20.npz,76419,40340e29137091f66ae373df054a226c11e9deace7ec59b41ce5d8460ef2c476
resnet,independent_rms,202,bw_n20004_call_electrode_s10,phase2/results/predictions/full/independent_rms/resnet/seed_202/bw_n20004_call_electrode_s10.npz,76463,19881b7a2058749a21c2844c0dbc32a0630af3dab7be12b45b29009293928749
resnet,independent_rms,202,bw_n20004_call_electrode_s0,phase2/results/predictions/full/independent_rms/resnet/seed_202/bw_n20004_call_electrode_s0.npz,76131,dbb9c7160555e60ce423457a1eb5db9cedbacb56bbcf8a9aef03e5351b9479bd
resnet,independent_rms,202,bw_n20004_call_covariance_s20,phase2/results/predictions/full/independent_rms/resnet/seed_202/bw_n20004_call_covariance_s20.npz,76432,9af189b1a1bc7674d822d8b11d122fee2e3e2334c1644b32bf91d609956e0c4d
resnet,independent_rms,202,bw_n20004_call_covariance_s10,phase2/results/predictions/full/independent_rms/resnet/seed_202/bw_n20004_call_covariance_s10.npz,76436,698c9724d05aa749d0e94b9cf31601ebb6bbeb47891de2fc9ddb16fab74c717e
resnet,independent_rms,202,bw_n20004_call_covariance_s0,phase2/results/predictions/full/independent_rms/resnet/seed_202/bw_n20004_call_covariance_s0.npz,76132,7b8e99df383f1ed1f5cdb6a17fa3c8b5d6639ab9a160b9984afb5dbefbad1547
resnet,independent_rms,202,bw_n20005_call_independent_rms_s20,phase2/results/predictions/full/independent_rms/resnet/seed_202/bw_n20005_call_independent_rms_s20.npz,76412,7e1866327ebd797e791a39634d888285d0cdaea4887af75bd501ad8a30113020
resnet,independent_rms,202,bw_n20005_call_independent_rms_s10,phase2/results/predictions/full/independent_rms/resnet/seed_202/bw_n20005_call_independent_rms_s10.npz,76452,a68c43933daeb31922745b22dfcc2c3cff37031065c6f23b54a4cac9fcf22118
resnet,independent_rms,202,bw_n20005_call_independent_rms_s0,phase2/results/predictions/full/independent_rms/resnet/seed_202/bw_n20005_call_independent_rms_s0.npz,76180,7d32d5c6b9835f7798db6394ad5300010536ad3829b7e2854b802b9aa8ed5af6
resnet,independent_rms,202,bw_n20005_call_electrode_s20,phase2/results/predictions/full/independent_rms/resnet/seed_202/bw_n20005_call_electrode_s20.npz,76404,7b8d1f1b1399feb2676c84f581edaa7f2bfcdfe4480c2d10284a3a7436d3b86b
resnet,independent_rms,202,bw_n20005_call_electrode_s10,phase2/results/predictions/full/independent_rms/resnet/seed_202/bw_n20005_call_electrode_s10.npz,76380,af8071a8d3124268e512bcc5de86eab52df949a9eb2b9585c66fa8f93a49b165
resnet,independent_rms,202,bw_n20005_call_electrode_s0,phase2/results/predictions/full/independent_rms/resnet/seed_202/bw_n20005_call_electrode_s0.npz,76170,9472ed504f3636e96926587f54f739a2473ac3094c77050d5353e4378d737243
resnet,independent_rms,202,bw_n20005_call_covariance_s20,phase2/results/predictions/full/independent_rms/resnet/seed_202/bw_n20005_call_covariance_s20.npz,76422,12cc6b2082d41b0ff3bb7c629a5d30b7c11c1458b82402f2769718180b3d4d4d
resnet,independent_rms,202,bw_n20005_call_covariance_s10,phase2/results/predictions/full/independent_rms/resnet/seed_202/bw_n20005_call_covariance_s10.npz,76428,06ec644a2acba74e5c89a98ea2a234dcbb504f56f77a48bac91d6452833fc09a
resnet,independent_rms,202,bw_n20005_call_covariance_s0,phase2/results/predictions/full/independent_rms/resnet/seed_202/bw_n20005_call_covariance_s0.npz,76152,8e997bb66f731688cb51f3f42d2d3a378384fce2ff915f1f2d299df5883de2ac
resnet,independent_rms,202,ma_n20001_call_independent_rms_s20,phase2/results/predictions/full/independent_rms/resnet/seed_202/ma_n20001_call_independent_rms_s20.npz,76455,fd62ba1d2b6544a2d3dc7302ab1d376012ac03ab7131f7ce149ed060d5f144a7
resnet,independent_rms,202,ma_n20001_call_independent_rms_s10,phase2/results/predictions/full/independent_rms/resnet/seed_202/ma_n20001_call_independent_rms_s10.npz,76426,191d2872441768dc873d7ea133386eda35323df01a29ab84000fa8c18a2e1a93
resnet,independent_rms,202,ma_n20001_call_independent_rms_s0,phase2/results/predictions/full/independent_rms/resnet/seed_202/ma_n20001_call_independent_rms_s0.npz,76065,3686b5315eca57318606af73b85842110df3917af81f9d8583bd3c564dd54990
resnet,independent_rms,202,ma_n20001_call_electrode_s20,phase2/results/predictions/full/independent_rms/resnet/seed_202/ma_n20001_call_electrode_s20.npz,76412,7aa3236c587728d1280708bc357e1400c84052961f81d228948bf26ed439aa3d
resnet,independent_rms,202,ma_n20001_call_electrode_s10,phase2/results/predictions/full/independent_rms/resnet/seed_202/ma_n20001_call_electrode_s10.npz,76430,d3b10701b4e365bf2bb483ae2be75a17a34678fc41f836b6176b7a27127d0c1c
resnet,independent_rms,202,ma_n20001_call_electrode_s0,phase2/results/predictions/full/independent_rms/resnet/seed_202/ma_n20001_call_electrode_s0.npz,76048,b00cedaf128fd5f6eea1d62af8f21f2964d853f37d36465e36597e467db96b2d
resnet,independent_rms,202,ma_n20001_call_covariance_s20,phase2/results/predictions/full/independent_rms/resnet/seed_202/ma_n20001_call_covariance_s20.npz,76432,9c319fd3dc5497f05f51a1a24ca81682cd0cd883f19b122f48deee1c7c9aba2e
resnet,independent_rms,202,ma_n20001_call_covariance_s10,phase2/results/predictions/full/independent_rms/resnet/seed_202/ma_n20001_call_covariance_s10.npz,76399,118e65de8243e3c6e3a79c4a57a781aa9478e119bc52562d4f2b47014515188b
resnet,independent_rms,202,ma_n20001_call_covariance_s0,phase2/results/predictions/full/independent_rms/resnet/seed_202/ma_n20001_call_covariance_s0.npz,76065,5fb6e1221f823bb1849e2f2cf84a5a00dc556bf28e6ac5de9718d1ce23780fa6
resnet,independent_rms,202,ma_n20002_call_independent_rms_s20,phase2/results/predictions/full/independent_rms/resnet/seed_202/ma_n20002_call_independent_rms_s20.npz,76458,52f502e40b697929733188551f09f4bb072c5ded22f07bba299f752f9b87bd18
resnet,independent_rms,202,ma_n20002_call_independent_rms_s10,phase2/results/predictions/full/independent_rms/resnet/seed_202/ma_n20002_call_independent_rms_s10.npz,76425,77eb5c0c222429d8825f0f4224e906434ac005d33328fdb537ed626744af2d12
resnet,independent_rms,202,ma_n20002_call_independent_rms_s0,phase2/results/predictions/full/independent_rms/resnet/seed_202/ma_n20002_call_independent_rms_s0.npz,76069,a479b5d82923b67afbb6a20ca47f94a53aebf343ece335eb0eb43cb42fc21f35
resnet,independent_rms,202,ma_n20002_call_electrode_s20,phase2/results/predictions/full/independent_rms/resnet/seed_202/ma_n20002_call_electrode_s20.npz,76410,1f63741ba7ba41fab3ba085aab10f88556f0cfc1e6044f6a48589599154d3972
resnet,independent_rms,202,ma_n20002_call_electrode_s10,phase2/results/predictions/full/independent_rms/resnet/seed_202/ma_n20002_call_electrode_s10.npz,76382,4856b44d8c98bb397b74b73b0ac34d7026bc58d020c3af3d13682fc81112e0a2
resnet,independent_rms,202,ma_n20002_call_electrode_s0,phase2/results/predictions/full/independent_rms/resnet/seed_202/ma_n20002_call_electrode_s0.npz,76035,ce533939fc499e350996024f48f10d9d7c63d775c79e14a13c642d9f24e5197c
resnet,independent_rms,202,ma_n20002_call_covariance_s20,phase2/results/predictions/full/independent_rms/resnet/seed_202/ma_n20002_call_covariance_s20.npz,76433,271d957b4c095da53c925eef16b282a823a881f136629c102fe83c0624994999
resnet,independent_rms,202,ma_n20002_call_covariance_s10,phase2/results/predictions/full/independent_rms/resnet/seed_202/ma_n20002_call_covariance_s10.npz,76408,40f2a44f6bb6b6b21f4e034d15f0c8d8b0024b21acc48f666339585fe9c51eb0
resnet,independent_rms,202,ma_n20002_call_covariance_s0,phase2/results/predictions/full/independent_rms/resnet/seed_202/ma_n20002_call_covariance_s0.npz,76052,ccfda8b1cb647d25b30479bd2d142bbc973a762da6235554909d3e50d2f61a84
resnet,independent_rms,202,ma_n20003_call_independent_rms_s20,phase2/results/predictions/full/independent_rms/resnet/seed_202/ma_n20003_call_independent_rms_s20.npz,76445,fda0b6430e9f4b190652faab7b5dc64cfada6f25824ecf78f41d3a42d47a1a51
resnet,independent_rms,202,ma_n20003_call_independent_rms_s10,phase2/results/predictions/full/independent_rms/resnet/seed_202/ma_n20003_call_independent_rms_s10.npz,76409,2d03fe115f508cf6ebd6de6908a93272d19b76db49f8c1c81f98890de88c9265
resnet,independent_rms,202,ma_n20003_call_independent_rms_s0,phase2/results/predictions/full/independent_rms/resnet/seed_202/ma_n20003_call_independent_rms_s0.npz,76070,86fe6b971b93ff42162e9b2fad9fc66d8f5e66f249574c4ad9fb95eb7ac95487
resnet,independent_rms,202,ma_n20003_call_electrode_s20,phase2/results/predictions/full/independent_rms/resnet/seed_202/ma_n20003_call_electrode_s20.npz,76441,e8647aab2795bd856b51823c622c5a550e14586625b14fb601b61cacd1fc7ce8
resnet,independent_rms,202,ma_n20003_call_electrode_s10,phase2/results/predictions/full/independent_rms/resnet/seed_202/ma_n20003_call_electrode_s10.npz,76369,cf44f88c0592578d89a91ff72faf1ba2fe023deb8cb521696a453efabad6e8dc
resnet,independent_rms,202,ma_n20003_call_electrode_s0,phase2/results/predictions/full/independent_rms/resnet/seed_202/ma_n20003_call_electrode_s0.npz,76059,184409641176626f8c4ccf1febfca353a49285e9ee52280cf841995381681959
resnet,independent_rms,202,ma_n20003_call_covariance_s20,phase2/results/predictions/full/independent_rms/resnet/seed_202/ma_n20003_call_covariance_s20.npz,76414,459796e3ae9884bbb41da555fc4bfc0e9eda910797be4917bcb57ff4b039ef94
resnet,independent_rms,202,ma_n20003_call_covariance_s10,phase2/results/predictions/full/independent_rms/resnet/seed_202/ma_n20003_call_covariance_s10.npz,76402,f8caf8de7a0ecd2ab5dff3b7756a15d30d0555ef92ec8aec43c6dc7efd643ecb
resnet,independent_rms,202,ma_n20003_call_covariance_s0,phase2/results/predictions/full/independent_rms/resnet/seed_202/ma_n20003_call_covariance_s0.npz,76064,eb2cb7254a064e2c4ec1d5bf5ad05ce17b821b0ad49072dac07ed7f15c104cdc
resnet,independent_rms,202,ma_n20004_call_independent_rms_s20,phase2/results/predictions/full/independent_rms/resnet/seed_202/ma_n20004_call_independent_rms_s20.npz,76459,61f3855b4bd797f9ac023a4192ceb7f57ecb2d82da199c049dc165ebc96f25f1
resnet,independent_rms,202,ma_n20004_call_independent_rms_s10,phase2/results/predictions/full/independent_rms/resnet/seed_202/ma_n20004_call_independent_rms_s10.npz,76421,53d92c562532848f25a87d8f963eaafa74d81554fa37e860146a5a21795372eb
resnet,independent_rms,202,ma_n20004_call_independent_rms_s0,phase2/results/predictions/full/independent_rms/resnet/seed_202/ma_n20004_call_independent_rms_s0.npz,76093,ba37d7648be30dc7c99b7464c4c0484ea388a47147ff808e749a226b5fd988b0
resnet,independent_rms,202,ma_n20004_call_electrode_s20,phase2/results/predictions/full/independent_rms/resnet/seed_202/ma_n20004_call_electrode_s20.npz,76428,6e6874e7420b78e17f92313ed2b6e6b758e695a7b36f9a7606598e8aed03bfbc
resnet,independent_rms,202,ma_n20004_call_electrode_s10,phase2/results/predictions/full/independent_rms/resnet/seed_202/ma_n20004_call_electrode_s10.npz,76403,7fec06ce82adbd5e015ba2187c8e4658bf010f68b3ba451f4ebcf6fa54e0c1f2
resnet,independent_rms,202,ma_n20004_call_electrode_s0,phase2/results/predictions/full/independent_rms/resnet/seed_202/ma_n20004_call_electrode_s0.npz,76028,fb7599715f23131c32d798159fd25d8100836095ee9c7b982f4629d46c2a8086
resnet,independent_rms,202,ma_n20004_call_covariance_s20,phase2/results/predictions/full/independent_rms/resnet/seed_202/ma_n20004_call_covariance_s20.npz,76423,69fb37520f3e8f8cf7272cac72ac0c5d8cb01b93727bc8558c3be86610c909f5
resnet,independent_rms,202,ma_n20004_call_covariance_s10,phase2/results/predictions/full/independent_rms/resnet/seed_202/ma_n20004_call_covariance_s10.npz,76419,3889f51f65b99f3c9adc0864aa7bbb971557db4f27a551811f1b3ad3cc18bd60
resnet,independent_rms,202,ma_n20004_call_covariance_s0,phase2/results/predictions/full/independent_rms/resnet/seed_202/ma_n20004_call_covariance_s0.npz,76069,09aa9e9b6dfdfe88c5db427a93a45dcd70b32d5a58bc6da6df41fcb71f8efd58
resnet,independent_rms,202,ma_n20005_call_independent_rms_s20,phase2/results/predictions/full/independent_rms/resnet/seed_202/ma_n20005_call_independent_rms_s20.npz,76406,f6c07cee90d698014f7a8eaf53d2d58acc76b4c9ea922f87526927af13962e85
resnet,independent_rms,202,ma_n20005_call_independent_rms_s10,phase2/results/predictions/full/independent_rms/resnet/seed_202/ma_n20005_call_independent_rms_s10.npz,76433,1f3c7e067cb038264ba3a626c56523789cac97986f4cf74584ac037f343b5fb9
resnet,independent_rms,202,ma_n20005_call_independent_rms_s0,phase2/results/predictions/full/independent_rms/resnet/seed_202/ma_n20005_call_independent_rms_s0.npz,76064,f114c3484a3f0ed83f6e4483b17ce6c8bdfd2b67d07a2bda26313837a042b745
resnet,independent_rms,202,ma_n20005_call_electrode_s20,phase2/results/predictions/full/independent_rms/resnet/seed_202/ma_n20005_call_electrode_s20.npz,76443,add54629818cbd8965b709abcecdf81dc2905f732987907def610d522e1a59b5
resnet,independent_rms,202,ma_n20005_call_electrode_s10,phase2/results/predictions/full/independent_rms/resnet/seed_202/ma_n20005_call_electrode_s10.npz,76366,9d0ab51ced71201ef4b58cc9616bc71843551e876b95746d878a7c23db4c3d24
resnet,independent_rms,202,ma_n20005_call_electrode_s0,phase2/results/predictions/full/independent_rms/resnet/seed_202/ma_n20005_call_electrode_s0.npz,76028,1add03876f0e4cf211027cd7d07f50bdf6b4391a24dbe0193d2f8cc700df4fcd
resnet,independent_rms,202,ma_n20005_call_covariance_s20,phase2/results/predictions/full/independent_rms/resnet/seed_202/ma_n20005_call_covariance_s20.npz,76463,bab62971dcac03482c933096d03b55d6d3c99c9209fd71ee48115735cecd1c06
resnet,independent_rms,202,ma_n20005_call_covariance_s10,phase2/results/predictions/full/independent_rms/resnet/seed_202/ma_n20005_call_covariance_s10.npz,76417,75a35971a9e252bf1c9249fb66f7e79cbfd29b282b6210786ace1b373c807217
resnet,independent_rms,202,ma_n20005_call_covariance_s0,phase2/results/predictions/full/independent_rms/resnet/seed_202/ma_n20005_call_covariance_s0.npz,76079,2764dedef021d5e03b8fd90b6ecf0b702fb4c5592c3c3694873b93698b09c37b
resnet,independent_rms,202,em_n20001_call_independent_rms_s20,phase2/results/predictions/full/independent_rms/resnet/seed_202/em_n20001_call_independent_rms_s20.npz,76423,df77e0fc1840872f5adde6a672aff9adf18c2c277c11e9720a6683438eac24d1
resnet,independent_rms,202,em_n20001_call_independent_rms_s10,phase2/results/predictions/full/independent_rms/resnet/seed_202/em_n20001_call_independent_rms_s10.npz,76389,2cab22d57b4f2c5d4f9abe14bb435d59609b5fd77d7482e250f112b6fb376dca
resnet,independent_rms,202,em_n20001_call_independent_rms_s0,phase2/results/predictions/full/independent_rms/resnet/seed_202/em_n20001_call_independent_rms_s0.npz,75941,2c73d33cd65e932a44ae64af66922db1014f612458aa7ab915c50091375a2e54
resnet,independent_rms,202,em_n20001_call_electrode_s20,phase2/results/predictions/full/independent_rms/resnet/seed_202/em_n20001_call_electrode_s20.npz,76400,68dbb9fb49590260bc5e77a15e7e77c20aa49743913cb76923214f97f8579319
resnet,independent_rms,202,em_n20001_call_electrode_s10,phase2/results/predictions/full/independent_rms/resnet/seed_202/em_n20001_call_electrode_s10.npz,76311,ebb40e1febbc8696b50c508e0a1e9c68eb0811c7b102b9394076681e157c3966
resnet,independent_rms,202,em_n20001_call_electrode_s0,phase2/results/predictions/full/independent_rms/resnet/seed_202/em_n20001_call_electrode_s0.npz,75723,ff9c2bbb035fa9ad9426e95b20d96925153fc8d8a5a4466c0d9bbfec48aaf605
resnet,independent_rms,202,em_n20001_call_covariance_s20,phase2/results/predictions/full/independent_rms/resnet/seed_202/em_n20001_call_covariance_s20.npz,76402,b05cbac6566e2cc74ec58784f5058621e60ca1003395ae009540ba35388eb07d
resnet,independent_rms,202,em_n20001_call_covariance_s10,phase2/results/predictions/full/independent_rms/resnet/seed_202/em_n20001_call_covariance_s10.npz,76306,80c41b12982713603cf0e3d612365ce4e34edd31a86e6512e2c6a0b0877698ba
resnet,independent_rms,202,em_n20001_call_covariance_s0,phase2/results/predictions/full/independent_rms/resnet/seed_202/em_n20001_call_covariance_s0.npz,75749,896aba3ff84b497a29fb275e2aea06a2098cfd9eed1198749bf113095df23dc8
resnet,independent_rms,202,em_n20002_call_independent_rms_s20,phase2/results/predictions/full/independent_rms/resnet/seed_202/em_n20002_call_independent_rms_s20.npz,76443,dcc47c673aa8927f5b36abb4e72a6937a30ca7c7f07e35a2e3b95a0bd3d6514b
resnet,independent_rms,202,em_n20002_call_independent_rms_s10,phase2/results/predictions/full/independent_rms/resnet/seed_202/em_n20002_call_independent_rms_s10.npz,76387,ace651c7645b2317e9d92b358f4e83ea1722e339089d850b0d2d0befdc146173
resnet,independent_rms,202,em_n20002_call_independent_rms_s0,phase2/results/predictions/full/independent_rms/resnet/seed_202/em_n20002_call_independent_rms_s0.npz,75948,841ad8e3495598538bc74dfb2533c8d9057dc8e31b986b8b9461999fec606de7
resnet,independent_rms,202,em_n20002_call_electrode_s20,phase2/results/predictions/full/independent_rms/resnet/seed_202/em_n20002_call_electrode_s20.npz,76379,b97aa88a5a46660da98ef773287c0d9001f89ce87f854f7f6df3397983ccf7cf
resnet,independent_rms,202,em_n20002_call_electrode_s10,phase2/results/predictions/full/independent_rms/resnet/seed_202/em_n20002_call_electrode_s10.npz,76305,b95eae035fdb7b13a0d1c1ddb962534bda886975eccfb0aa015d285675e2853c
resnet,independent_rms,202,em_n20002_call_electrode_s0,phase2/results/predictions/full/independent_rms/resnet/seed_202/em_n20002_call_electrode_s0.npz,75748,8204aa746037d57a3ec671a53ec5d4d29f98d47b0cd1a00e6e48d32710c7aad3
resnet,independent_rms,202,em_n20002_call_covariance_s20,phase2/results/predictions/full/independent_rms/resnet/seed_202/em_n20002_call_covariance_s20.npz,76384,57ecb83c8e3653cd2e701de951e39571fbba9e0453030a964a34daa7482c3c52
resnet,independent_rms,202,em_n20002_call_covariance_s10,phase2/results/predictions/full/independent_rms/resnet/seed_202/em_n20002_call_covariance_s10.npz,76283,779e0957976f2e6f6eda58aeb9010b9c83899cb891fb215e23fc8866ab61d219
resnet,independent_rms,202,em_n20002_call_covariance_s0,phase2/results/predictions/full/independent_rms/resnet/seed_202/em_n20002_call_covariance_s0.npz,75740,a0bae361ee4ac335838b102fe4702ea22ef043a36e5b8e836e468c731f6da8d1
resnet,independent_rms,202,em_n20003_call_independent_rms_s20,phase2/results/predictions/full/independent_rms/resnet/seed_202/em_n20003_call_independent_rms_s20.npz,76403,808d8e7f91c73a24d4e26bf535da7c63a64c6a0e6bf1adca3d6893ccfa28aa3c
resnet,independent_rms,202,em_n20003_call_independent_rms_s10,phase2/results/predictions/full/independent_rms/resnet/seed_202/em_n20003_call_independent_rms_s10.npz,76343,c13cea3ba8f7f48c994bc792150d08ad4922b5ecec945cdb6bee94e78037626f
resnet,independent_rms,202,em_n20003_call_independent_rms_s0,phase2/results/predictions/full/independent_rms/resnet/seed_202/em_n20003_call_independent_rms_s0.npz,75947,ee39702200bcd16d589e7386c96fa37c3a804f69285ec4044b7f44de9f9e75db
resnet,independent_rms,202,em_n20003_call_electrode_s20,phase2/results/predictions/full/independent_rms/resnet/seed_202/em_n20003_call_electrode_s20.npz,76429,861208ce728d74ab21012b563db506cc6f713b49bd6104c6f3e838b3f4f9efda
resnet,independent_rms,202,em_n20003_call_electrode_s10,phase2/results/predictions/full/independent_rms/resnet/seed_202/em_n20003_call_electrode_s10.npz,76275,595a3e637f1b598e915064e889d850d755cf0eafa1ae642339c109c8b69c61dc
resnet,independent_rms,202,em_n20003_call_electrode_s0,phase2/results/predictions/full/independent_rms/resnet/seed_202/em_n20003_call_electrode_s0.npz,75714,94bb5cc70675c74a20a8191b1bf688980e89b4bba17639e2ad36f585d3881714
resnet,independent_rms,202,em_n20003_call_covariance_s20,phase2/results/predictions/full/independent_rms/resnet/seed_202/em_n20003_call_covariance_s20.npz,76402,60d20855fbfaf2dcc10ac8e3519252e7ba42c7683439ae30c4fdbf9c012d0b4a
resnet,independent_rms,202,em_n20003_call_covariance_s10,phase2/results/predictions/full/independent_rms/resnet/seed_202/em_n20003_call_covariance_s10.npz,76301,95fee676364e8d3daaab46535cc529b79d3223372583d2dc30dee552b05e6668
resnet,independent_rms,202,em_n20003_call_covariance_s0,phase2/results/predictions/full/independent_rms/resnet/seed_202/em_n20003_call_covariance_s0.npz,75731,bb8f494f9b6f36d74842542e888ecedabba85ef6d8bbad353df4a2602aac6b31
resnet,independent_rms,202,em_n20004_call_independent_rms_s20,phase2/results/predictions/full/independent_rms/resnet/seed_202/em_n20004_call_independent_rms_s20.npz,76475,65484dcbf3cb9b037f5da8b82e6ab27044a1ba60dc9ba8253518b95219e4330a
resnet,independent_rms,202,em_n20004_call_independent_rms_s10,phase2/results/predictions/full/independent_rms/resnet/seed_202/em_n20004_call_independent_rms_s10.npz,76373,469331c2011c54497deb437b3c7e06fda14c1966fda32ee1db6419e4723d6ea0
resnet,independent_rms,202,em_n20004_call_independent_rms_s0,phase2/results/predictions/full/independent_rms/resnet/seed_202/em_n20004_call_independent_rms_s0.npz,75922,31d0facf7fba05912fd88fee62c606a38d6affa025a39300e7cf0938127a5cac
resnet,independent_rms,202,em_n20004_call_electrode_s20,phase2/results/predictions/full/independent_rms/resnet/seed_202/em_n20004_call_electrode_s20.npz,76401,74db85a0339f200d07fd3eb91a6f5a5151b15a5e00491c8771889de632d15e9a
resnet,independent_rms,202,em_n20004_call_electrode_s10,phase2/results/predictions/full/independent_rms/resnet/seed_202/em_n20004_call_electrode_s10.npz,76273,a78c139dc0711f02911e7fb6f6bf3609d39f380ad1f8608bd1799e90abbfc500
resnet,independent_rms,202,em_n20004_call_electrode_s0,phase2/results/predictions/full/independent_rms/resnet/seed_202/em_n20004_call_electrode_s0.npz,75714,ae948ac45f8a944f553b0163af60fafb9eb78af599ed88b20139a5c6ac5f788b
resnet,independent_rms,202,em_n20004_call_covariance_s20,phase2/results/predictions/full/independent_rms/resnet/seed_202/em_n20004_call_covariance_s20.npz,76418,0daaed00eb0a630cba607f09aa0ed3ebde4e6882c911d5b44309ce26abeb276e
resnet,independent_rms,202,em_n20004_call_covariance_s10,phase2/results/predictions/full/independent_rms/resnet/seed_202/em_n20004_call_covariance_s10.npz,76337,7257d7d33ea91ff7dc0173cbadace7eb898e1868cee370a81aabfa7be9ee28b9
resnet,independent_rms,202,em_n20004_call_covariance_s0,phase2/results/predictions/full/independent_rms/resnet/seed_202/em_n20004_call_covariance_s0.npz,75751,f3ad26e7809f374d2e03c89561ae8467987c602497944a6a32b935318d80e54f
resnet,independent_rms,202,em_n20005_call_independent_rms_s20,phase2/results/predictions/full/independent_rms/resnet/seed_202/em_n20005_call_independent_rms_s20.npz,76434,7889092c2b730a680ac77cf1de1a839f85a4138fc3fd0b3c30b9bcb6a28419d2
resnet,independent_rms,202,em_n20005_call_independent_rms_s10,phase2/results/predictions/full/independent_rms/resnet/seed_202/em_n20005_call_independent_rms_s10.npz,76370,e8a59913fe7b5e77bc6f70360e78a50737de001d4b6adb417bc5f3d3ed18fc95
resnet,independent_rms,202,em_n20005_call_independent_rms_s0,phase2/results/predictions/full/independent_rms/resnet/seed_202/em_n20005_call_independent_rms_s0.npz,75953,bc9735a328b780c7aaabcc2da8b050be3f0268420e71fe778112336b205d776e
resnet,independent_rms,202,em_n20005_call_electrode_s20,phase2/results/predictions/full/independent_rms/resnet/seed_202/em_n20005_call_electrode_s20.npz,76422,cb3ebf854cfdbf4e87a6b49b0e32a06b78b0ee50b3c04e7f1560bb788cd7c939
resnet,independent_rms,202,em_n20005_call_electrode_s10,phase2/results/predictions/full/independent_rms/resnet/seed_202/em_n20005_call_electrode_s10.npz,76303,99738a71d01db05df83f5e8446d36875ba2c53367777779ae768705bf500b4a8
resnet,independent_rms,202,em_n20005_call_electrode_s0,phase2/results/predictions/full/independent_rms/resnet/seed_202/em_n20005_call_electrode_s0.npz,75691,488b05dbeab6d1c5a2eef7be0882a5b63d096115d7cbaebea2ae1cbf103015d6
resnet,independent_rms,202,em_n20005_call_covariance_s20,phase2/results/predictions/full/independent_rms/resnet/seed_202/em_n20005_call_covariance_s20.npz,76413,3d7274ce5b131ed2366d5a272698bb504934afceb8d05fc350144b3ac1dd5696
resnet,independent_rms,202,em_n20005_call_covariance_s10,phase2/results/predictions/full/independent_rms/resnet/seed_202/em_n20005_call_covariance_s10.npz,76316,c5e4be9262fe2b34b44ad1164e78a237787b070396cddf1c53c6b3d9f1233084
resnet,independent_rms,202,em_n20005_call_covariance_s0,phase2/results/predictions/full/independent_rms/resnet/seed_202/em_n20005_call_covariance_s0.npz,75760,cc68f0afb25da17455841acc0c616b649fe8e163947ab564f603f10c331cff25
resnet,electrode,202,clean,phase2/results/predictions/full/electrode/resnet/seed_202/clean.npz,76492,152b5cc14dad2d8eac839feedc4532dee584ce544d95d562f5bc1e842f21ad22
resnet,electrode,202,bandpass_n20001_cRA_LA_LL_independent_rms_s20,phase2/results/predictions/full/electrode/resnet/seed_202/bandpass_n20001_cRA_LA_LL_independent_rms_s20.npz,76562,18058be397ea826d14860fdfc0dc07ff30baadab0cd782b8561817ada97fc86e
resnet,electrode,202,bandpass_n20001_cRA_LA_LL_independent_rms_s15,phase2/results/predictions/full/electrode/resnet/seed_202/bandpass_n20001_cRA_LA_LL_independent_rms_s15.npz,76571,b9deaf2ecfa0eef9abd73de06512e422ce7fa3708716568289681826ada7da55
resnet,electrode,202,bandpass_n20001_cRA_LA_LL_independent_rms_s10,phase2/results/predictions/full/electrode/resnet/seed_202/bandpass_n20001_cRA_LA_LL_independent_rms_s10.npz,76543,3b2e46b430a2d71ae048c9ff69fbbe5c3c931e42cf54f82a204bee710f99e195
resnet,electrode,202,bandpass_n20001_cRA_LA_LL_independent_rms_s5,phase2/results/predictions/full/electrode/resnet/seed_202/bandpass_n20001_cRA_LA_LL_independent_rms_s5.npz,76395,76660abb8df30f6690df585b49fee33b59052caf0b5ed96d6e5124a89755f4cd
resnet,electrode,202,bandpass_n20001_cRA_LA_LL_independent_rms_s0,phase2/results/predictions/full/electrode/resnet/seed_202/bandpass_n20001_cRA_LA_LL_independent_rms_s0.npz,76069,fc781e60d4d7f5a98d33fea5ba45cead896c06f8508fcfb16ad63f1aadb6c94c
resnet,electrode,202,bandpass_n20001_cRA_LA_LL_electrode_s20,phase2/results/predictions/full/electrode/resnet/seed_202/bandpass_n20001_cRA_LA_LL_electrode_s20.npz,76565,c3b4bff5278cf90a46c5fd61c98f924288cb03435104985cbc3a6969507d4e3b
resnet,electrode,202,bandpass_n20001_cRA_LA_LL_electrode_s15,phase2/results/predictions/full/electrode/resnet/seed_202/bandpass_n20001_cRA_LA_LL_electrode_s15.npz,76541,c6e9d496a0d9b3cd8168255f9adebfd412aca5c3774477bd2f3c91e972c49686
resnet,electrode,202,bandpass_n20001_cRA_LA_LL_electrode_s10,phase2/results/predictions/full/electrode/resnet/seed_202/bandpass_n20001_cRA_LA_LL_electrode_s10.npz,76463,6844eb53e6e83acb25718d2897c7e01063c928d4d32d4bb76d0bcb4fecef0e52
resnet,electrode,202,bandpass_n20001_cRA_LA_LL_electrode_s5,phase2/results/predictions/full/electrode/resnet/seed_202/bandpass_n20001_cRA_LA_LL_electrode_s5.npz,76237,4270d192b1143945be0d627f103635af8af5c2f61e1cd94f041b151cfe8b3327
resnet,electrode,202,bandpass_n20001_cRA_LA_LL_electrode_s0,phase2/results/predictions/full/electrode/resnet/seed_202/bandpass_n20001_cRA_LA_LL_electrode_s0.npz,75834,ca60ab09eb370de5f728de8936642d98a2eafee8249827995adf903ae4ca73e5
resnet,electrode,202,bandpass_n20001_cRA_LA_LL_covariance_s20,phase2/results/predictions/full/electrode/resnet/seed_202/bandpass_n20001_cRA_LA_LL_covariance_s20.npz,76589,8811b41af2fec8f24d595f238ac631b9f99ffc55b4542553c524fbfd90260303
resnet,electrode,202,bandpass_n20001_cRA_LA_LL_covariance_s15,phase2/results/predictions/full/electrode/resnet/seed_202/bandpass_n20001_cRA_LA_LL_covariance_s15.npz,76537,09f134bf79425b9d275e3fc8258f7e5de68d10241323d027b943b0a9d960f054
resnet,electrode,202,bandpass_n20001_cRA_LA_LL_covariance_s10,phase2/results/predictions/full/electrode/resnet/seed_202/bandpass_n20001_cRA_LA_LL_covariance_s10.npz,76466,cb3ebd98d0a5009b377aa9f66eae2550cfa2bb73d9d353876b94b2af68ce5257
resnet,electrode,202,bandpass_n20001_cRA_LA_LL_covariance_s5,phase2/results/predictions/full/electrode/resnet/seed_202/bandpass_n20001_cRA_LA_LL_covariance_s5.npz,76278,edee64cf170b0611d901af79027ca32b9c6ab13cc3e5b5491d63aadbe13d9334
resnet,electrode,202,bandpass_n20001_cRA_LA_LL_covariance_s0,phase2/results/predictions/full/electrode/resnet/seed_202/bandpass_n20001_cRA_LA_LL_covariance_s0.npz,75867,74630fd117f018e7610b17bb22be5a72d5ac81da0789d34e20eef0148e33f06b
resnet,electrode,202,bandpass_n20001_cV1_independent_rms_s20,phase2/results/predictions/full/electrode/resnet/seed_202/bandpass_n20001_cV1_independent_rms_s20.npz,76583,705c5a8aef668f12ac9ffa73436ac64b80dc20b2b5f3d3530b0da493bdd35621
resnet,electrode,202,bandpass_n20001_cV1_independent_rms_s15,phase2/results/predictions/full/electrode/resnet/seed_202/bandpass_n20001_cV1_independent_rms_s15.npz,76583,dd170c5b37294cbf5df1bd8028a8f353761cf456598fadb3765344f1c4e47a72
resnet,electrode,202,bandpass_n20001_cV1_independent_rms_s10,phase2/results/predictions/full/electrode/resnet/seed_202/bandpass_n20001_cV1_independent_rms_s10.npz,76542,ac0a8d82a57876427afc2aa07aa1c5eff179adf722c89833a00a5e7f724332eb
resnet,electrode,202,bandpass_n20001_cV1_independent_rms_s5,phase2/results/predictions/full/electrode/resnet/seed_202/bandpass_n20001_cV1_independent_rms_s5.npz,76308,b7c92618d23b60f43853fac833830ff8d8b4870aa6dd864a782f2af649877cfb
resnet,electrode,202,bandpass_n20001_cV1_independent_rms_s0,phase2/results/predictions/full/electrode/resnet/seed_202/bandpass_n20001_cV1_independent_rms_s0.npz,75842,bf102e88935ace72b77144a08b0e269785ff85c86aea23b8b6e6b316101854b1
resnet,electrode,202,bandpass_n20001_cV1_electrode_s20,phase2/results/predictions/full/electrode/resnet/seed_202/bandpass_n20001_cV1_electrode_s20.npz,76562,fa8843c58cb2fb7fdfc73173990484a2ba73d4dea8cac9a2692cf91bb2c3b4c1
resnet,electrode,202,bandpass_n20001_cV1_electrode_s15,phase2/results/predictions/full/electrode/resnet/seed_202/bandpass_n20001_cV1_electrode_s15.npz,76541,c7575c817c4c8c457f6f7483c6c9876cc2acd4ae8a0539e19234fa3652fe4793
resnet,electrode,202,bandpass_n20001_cV1_electrode_s10,phase2/results/predictions/full/electrode/resnet/seed_202/bandpass_n20001_cV1_electrode_s10.npz,76531,a35f1c010a453625afb7814b3b98b5135ed4f914b83005460ae5e26f332e8d0a
resnet,electrode,202,bandpass_n20001_cV1_electrode_s5,phase2/results/predictions/full/electrode/resnet/seed_202/bandpass_n20001_cV1_electrode_s5.npz,76323,c75b96efb008d3c082b2019703529fab30a840a694c417cbcf0d330acb617a4c
resnet,electrode,202,bandpass_n20001_cV1_electrode_s0,phase2/results/predictions/full/electrode/resnet/seed_202/bandpass_n20001_cV1_electrode_s0.npz,75889,704e067379b52c3cd4a6a47dd60d9ccacda1606421dc2bd25c8250a878b4b2cb
resnet,electrode,202,bandpass_n20001_cV1_covariance_s20,phase2/results/predictions/full/electrode/resnet/seed_202/bandpass_n20001_cV1_covariance_s20.npz,76565,e380f43b411fa1835a343bba2096b00251bbcf22116d3debbf916eba844d8d5f
resnet,electrode,202,bandpass_n20001_cV1_covariance_s15,phase2/results/predictions/full/electrode/resnet/seed_202/bandpass_n20001_cV1_covariance_s15.npz,76571,c66cd89538a62892a5f5fee225baafa5d17192c63d9128114ff9342fcbadacaa
resnet,electrode,202,bandpass_n20001_cV1_covariance_s10,phase2/results/predictions/full/electrode/resnet/seed_202/bandpass_n20001_cV1_covariance_s10.npz,76535,9b52881c336975c177e75fd2c9e6b2c820bb01d299f906b029864e482c2c7ccf
resnet,electrode,202,bandpass_n20001_cV1_covariance_s5,phase2/results/predictions/full/electrode/resnet/seed_202/bandpass_n20001_cV1_covariance_s5.npz,76336,534bffd54d246c635ca3588bc7128c2fa98e30d24c645b285fea504e1bca7452
resnet,electrode,202,bandpass_n20001_cV1_covariance_s0,phase2/results/predictions/full/electrode/resnet/seed_202/bandpass_n20001_cV1_covariance_s0.npz,75897,a976367be3aa942a4e47685d4b206d32e7782cbe7c206697aa88e886ba043a1e
resnet,electrode,202,bandpass_n20001_cV2_independent_rms_s20,phase2/results/predictions/full/electrode/resnet/seed_202/bandpass_n20001_cV2_independent_rms_s20.npz,76578,c1b1ab00ee5376fa0db03f438eba8e7d2744add03b25d129d60a4ed866e2622c
resnet,electrode,202,bandpass_n20001_cV2_independent_rms_s15,phase2/results/predictions/full/electrode/resnet/seed_202/bandpass_n20001_cV2_independent_rms_s15.npz,76571,f5597a95885b40a099b20f3287740966ffd83924fe59ac6b9fd44c207c290dbb
resnet,electrode,202,bandpass_n20001_cV2_independent_rms_s10,phase2/results/predictions/full/electrode/resnet/seed_202/bandpass_n20001_cV2_independent_rms_s10.npz,76554,2f3844dc0617dbfa7ad7197fa9090aab93f015abba161dd8465fc512925dff5d
resnet,electrode,202,bandpass_n20001_cV2_independent_rms_s5,phase2/results/predictions/full/electrode/resnet/seed_202/bandpass_n20001_cV2_independent_rms_s5.npz,76429,fc5becf0f5b74a556a49c535e825eaf4a8f19bffca53f466eb6115832a817679
resnet,electrode,202,bandpass_n20001_cV2_independent_rms_s0,phase2/results/predictions/full/electrode/resnet/seed_202/bandpass_n20001_cV2_independent_rms_s0.npz,76159,aff507e2bde26cd033668f93f3806c415c49e12dc863e5715a857a36582feded
resnet,electrode,202,bandpass_n20001_cV2_electrode_s20,phase2/results/predictions/full/electrode/resnet/seed_202/bandpass_n20001_cV2_electrode_s20.npz,76576,8a1854b7d25588feac8fb2af3cd09ba391fd52d61cbf78111d223d3851e3fa3d
resnet,electrode,202,bandpass_n20001_cV2_electrode_s15,phase2/results/predictions/full/electrode/resnet/seed_202/bandpass_n20001_cV2_electrode_s15.npz,76557,0901eefc0b8864b477f532b63a0074ba05393e83af9b13572be2e0099c1bdd93
resnet,electrode,202,bandpass_n20001_cV2_electrode_s10,phase2/results/predictions/full/electrode/resnet/seed_202/bandpass_n20001_cV2_electrode_s10.npz,76518,4370f4fa27fa4c18b86b9f617e82e74dc68b77784bdfcd8e6e5c1981c613d200
resnet,electrode,202,bandpass_n20001_cV2_electrode_s5,phase2/results/predictions/full/electrode/resnet/seed_202/bandpass_n20001_cV2_electrode_s5.npz,76426,abc548c29be1ff6f87d6e2e61f61a930bed92df87cad155888e5572126a99c0d
resnet,electrode,202,bandpass_n20001_cV2_electrode_s0,phase2/results/predictions/full/electrode/resnet/seed_202/bandpass_n20001_cV2_electrode_s0.npz,76166,ac28dcd7aa75833e414f52f592165108102d72fe183859842e3a5c5778c1a70c
resnet,electrode,202,bandpass_n20001_cV2_covariance_s20,phase2/results/predictions/full/electrode/resnet/seed_202/bandpass_n20001_cV2_covariance_s20.npz,76564,ecd5c9cab9ddec03093f2489d5765a30f4cd925666745372747aa33bca2db76f
resnet,electrode,202,bandpass_n20001_cV2_covariance_s15,phase2/results/predictions/full/electrode/resnet/seed_202/bandpass_n20001_cV2_covariance_s15.npz,76533,4051c9233b28657e4a637008ad3d96baa7137f73b4858d40abf54b5c7d82b3da
resnet,electrode,202,bandpass_n20001_cV2_covariance_s10,phase2/results/predictions/full/electrode/resnet/seed_202/bandpass_n20001_cV2_covariance_s10.npz,76547,0e5f7b05441f182d9cba3c2f68de539f128bd7790ba9a165505a2f73891fbf55
resnet,electrode,202,bandpass_n20001_cV2_covariance_s5,phase2/results/predictions/full/electrode/resnet/seed_202/bandpass_n20001_cV2_covariance_s5.npz,76427,d904a23eeff9c474878093cc8f899ba06308eb4a1c4d1812dede4f6e8df4f8f8
resnet,electrode,202,bandpass_n20001_cV2_covariance_s0,phase2/results/predictions/full/electrode/resnet/seed_202/bandpass_n20001_cV2_covariance_s0.npz,76156,ca08453a08cb05e3d9c84e487c72bf75bf15f83ae46f94aa46094058bd851dea
resnet,electrode,202,bandpass_n20001_cV3_independent_rms_s20,phase2/results/predictions/full/electrode/resnet/seed_202/bandpass_n20001_cV3_independent_rms_s20.npz,76571,aadae048981fc9c3cf10d804aec36779c4b6893b4ed8de432b077fd13c4e2c4b
resnet,electrode,202,bandpass_n20001_cV3_independent_rms_s15,phase2/results/predictions/full/electrode/resnet/seed_202/bandpass_n20001_cV3_independent_rms_s15.npz,76566,152885b3fc247f9186b257f1196b1a95da8e73a2db11dfc47a208e1e4eabeb24
resnet,electrode,202,bandpass_n20001_cV3_independent_rms_s10,phase2/results/predictions/full/electrode/resnet/seed_202/bandpass_n20001_cV3_independent_rms_s10.npz,76552,cdd769ddff23fe7e53cc1ffc4dd0d4fd7805f5cbada08bb42712e0eec12dd58a
resnet,electrode,202,bandpass_n20001_cV3_independent_rms_s5,phase2/results/predictions/full/electrode/resnet/seed_202/bandpass_n20001_cV3_independent_rms_s5.npz,76484,e3c47d8219420a22e490bf9096ee017a6457e6b3452ae14f2d7ff772662551ba
resnet,electrode,202,bandpass_n20001_cV3_independent_rms_s0,phase2/results/predictions/full/electrode/resnet/seed_202/bandpass_n20001_cV3_independent_rms_s0.npz,76254,e2220e0faacdcbd6d2bbdea3cb072b4c2ad29c0be2439b8dc87d5401601bc33b
resnet,electrode,202,bandpass_n20001_cV3_electrode_s20,phase2/results/predictions/full/electrode/resnet/seed_202/bandpass_n20001_cV3_electrode_s20.npz,76542,74c7a44ecf392163d4b9074f3e843bd0fc7e7a986c724d3c8dbd3b90836535b5
resnet,electrode,202,bandpass_n20001_cV3_electrode_s15,phase2/results/predictions/full/electrode/resnet/seed_202/bandpass_n20001_cV3_electrode_s15.npz,76568,fe22a05d6275e717db6d9335e65b07281506e0056e08d33bd5e2580dac3ddc56
resnet,electrode,202,bandpass_n20001_cV3_electrode_s10,phase2/results/predictions/full/electrode/resnet/seed_202/bandpass_n20001_cV3_electrode_s10.npz,76556,fb2b52056e1edab4345661ca76bae2ebbf72b8033c04019eea0f0c3854908638
resnet,electrode,202,bandpass_n20001_cV3_electrode_s5,phase2/results/predictions/full/electrode/resnet/seed_202/bandpass_n20001_cV3_electrode_s5.npz,76462,60dac59997813b1c3e779877a9d017cab1e1333c617a9978bb8a752f87186062
resnet,electrode,202,bandpass_n20001_cV3_electrode_s0,phase2/results/predictions/full/electrode/resnet/seed_202/bandpass_n20001_cV3_electrode_s0.npz,76227,a3fd96298defd4feec286a037f72e32996e7d1f019389fa39a9918cd0ea67570
resnet,electrode,202,bandpass_n20001_cV3_covariance_s20,phase2/results/predictions/full/electrode/resnet/seed_202/bandpass_n20001_cV3_covariance_s20.npz,76593,b79180e738a4c9b124849a53008bd62fa9e570a2fa47792e6efb4f60a9e195f0
resnet,electrode,202,bandpass_n20001_cV3_covariance_s15,phase2/results/predictions/full/electrode/resnet/seed_202/bandpass_n20001_cV3_covariance_s15.npz,76580,0c382f30726799012e9cfc91505269fd04f11c88a3a1da1f85dba3e2a0de627b
resnet,electrode,202,bandpass_n20001_cV3_covariance_s10,phase2/results/predictions/full/electrode/resnet/seed_202/bandpass_n20001_cV3_covariance_s10.npz,76541,acbf446cbba72a1882ed295fdb4d2ead77197c101271fe318e419f1c90a72592
resnet,electrode,202,bandpass_n20001_cV3_covariance_s5,phase2/results/predictions/full/electrode/resnet/seed_202/bandpass_n20001_cV3_covariance_s5.npz,76507,e95ddbd830ff6d9164d7ac6a8b7d95e15b42af09dc3d8df53386edffeed790f5
resnet,electrode,202,bandpass_n20001_cV3_covariance_s0,phase2/results/predictions/full/electrode/resnet/seed_202/bandpass_n20001_cV3_covariance_s0.npz,76236,be0cecf53b142e3ba845934c78eca0043c1c952a43ddffafe08853a0b92a648a
resnet,electrode,202,bandpass_n20001_cV4_independent_rms_s20,phase2/results/predictions/full/electrode/resnet/seed_202/bandpass_n20001_cV4_independent_rms_s20.npz,76577,48d381e75eee76d14303881a3d5ad863021e35897b82fc5a9e2f36a62a844eed
resnet,electrode,202,bandpass_n20001_cV4_independent_rms_s15,phase2/results/predictions/full/electrode/resnet/seed_202/bandpass_n20001_cV4_independent_rms_s15.npz,76571,58f23884f6813af20c590853002cb0602037181352a2b76331c383c0d03dd1e7
resnet,electrode,202,bandpass_n20001_cV4_independent_rms_s10,phase2/results/predictions/full/electrode/resnet/seed_202/bandpass_n20001_cV4_independent_rms_s10.npz,76549,6b865170b95aca225cd189d14bf066d3e29e9ab40b53502215c95737197e365a
resnet,electrode,202,bandpass_n20001_cV4_independent_rms_s5,phase2/results/predictions/full/electrode/resnet/seed_202/bandpass_n20001_cV4_independent_rms_s5.npz,76440,56c8c9d5094f4c7eb818b08b0b2b26c56d926aa135f6010a8d1227ed4a8006fc
resnet,electrode,202,bandpass_n20001_cV4_independent_rms_s0,phase2/results/predictions/full/electrode/resnet/seed_202/bandpass_n20001_cV4_independent_rms_s0.npz,76123,563105fbd22b3e3391edbdb8c9a52e4615b5b6ea300050e3fef90258ace74f92
resnet,electrode,202,bandpass_n20001_cV4_electrode_s20,phase2/results/predictions/full/electrode/resnet/seed_202/bandpass_n20001_cV4_electrode_s20.npz,76572,30ddbe46805a7ef36570c2c7e00d7a31fa5b7f9a7b175d4b1955797708604f27
resnet,electrode,202,bandpass_n20001_cV4_electrode_s15,phase2/results/predictions/full/electrode/resnet/seed_202/bandpass_n20001_cV4_electrode_s15.npz,76548,93c85afa507c01fa469bcb3708439996294b58050b0a14430c6771419f80dd7d
resnet,electrode,202,bandpass_n20001_cV4_electrode_s10,phase2/results/predictions/full/electrode/resnet/seed_202/bandpass_n20001_cV4_electrode_s10.npz,76535,e0444c8168610427c69f0067f6a5a920a0cf91cce61bf701d86d3fffe877700e
resnet,electrode,202,bandpass_n20001_cV4_electrode_s5,phase2/results/predictions/full/electrode/resnet/seed_202/bandpass_n20001_cV4_electrode_s5.npz,76421,26dc8ff1197be933879a37fb9e41f271885c8a3a1da6ceaf78af62e364d8219f
resnet,electrode,202,bandpass_n20001_cV4_electrode_s0,phase2/results/predictions/full/electrode/resnet/seed_202/bandpass_n20001_cV4_electrode_s0.npz,76128,151a9f2b54b9fff1235e06c73793355e7f6c6e3ec740b048da1d6c30dd3964d9
resnet,electrode,202,bandpass_n20001_cV4_covariance_s20,phase2/results/predictions/full/electrode/resnet/seed_202/bandpass_n20001_cV4_covariance_s20.npz,76561,dd071cb3ee47e1dcda3e78170333412aae0eb257df6c23b536c3a048ac3135ae
resnet,electrode,202,bandpass_n20001_cV4_covariance_s15,phase2/results/predictions/full/electrode/resnet/seed_202/bandpass_n20001_cV4_covariance_s15.npz,76532,9ff816b66b15c76824d4ac6a8ef4f4ed7f20320741a3a837e4bab267c70ff489
resnet,electrode,202,bandpass_n20001_cV4_covariance_s10,phase2/results/predictions/full/electrode/resnet/seed_202/bandpass_n20001_cV4_covariance_s10.npz,76542,817b1eac5ed80d58e4fe94daca719845cb590cde6837dd81dca78f6aa3cd21d2
resnet,electrode,202,bandpass_n20001_cV4_covariance_s5,phase2/results/predictions/full/electrode/resnet/seed_202/bandpass_n20001_cV4_covariance_s5.npz,76412,04b5a75be1a1235557c9b327f022344c73e3a1bef528f4a1ff98e7223a748ed3
resnet,electrode,202,bandpass_n20001_cV4_covariance_s0,phase2/results/predictions/full/electrode/resnet/seed_202/bandpass_n20001_cV4_covariance_s0.npz,76107,01fe66c69388b2cb15aa984476ffb18c746c06e8d4b87f9f65058f7e573aa492
resnet,electrode,202,bandpass_n20001_cV5_independent_rms_s20,phase2/results/predictions/full/electrode/resnet/seed_202/bandpass_n20001_cV5_independent_rms_s20.npz,76558,b335d25c1c9d3b362d480519b50fb1a899432bc6b9eaf1286f4558ae10cd6a55
resnet,electrode,202,bandpass_n20001_cV5_independent_rms_s15,phase2/results/predictions/full/electrode/resnet/seed_202/bandpass_n20001_cV5_independent_rms_s15.npz,76563,1dfa97e9af21039176f84fd0d170846b6d8a2ca0eb5f6cc753bea02091d43a70
resnet,electrode,202,bandpass_n20001_cV5_independent_rms_s10,phase2/results/predictions/full/electrode/resnet/seed_202/bandpass_n20001_cV5_independent_rms_s10.npz,76518,3ca9c75da3286b6cca58a301e6bec839bbeed5d277b769c6c91d43f73a747295
resnet,electrode,202,bandpass_n20001_cV5_independent_rms_s5,phase2/results/predictions/full/electrode/resnet/seed_202/bandpass_n20001_cV5_independent_rms_s5.npz,76429,f9b8214c1524e089c2da7a72e9faae08723fb98d7a29942ebf50115295c28c9b
resnet,electrode,202,bandpass_n20001_cV5_independent_rms_s0,phase2/results/predictions/full/electrode/resnet/seed_202/bandpass_n20001_cV5_independent_rms_s0.npz,76032,5505ac58d37b775933182d2a58e4416a9ea1003d314d56502347769e3bdb622d
resnet,electrode,202,bandpass_n20001_cV5_electrode_s20,phase2/results/predictions/full/electrode/resnet/seed_202/bandpass_n20001_cV5_electrode_s20.npz,76551,d004cf0545c9e51c46da6b8e81fe803791c2720d697a731947e24087f17317bb
resnet,electrode,202,bandpass_n20001_cV5_electrode_s15,phase2/results/predictions/full/electrode/resnet/seed_202/bandpass_n20001_cV5_electrode_s15.npz,76545,61a49968f2c93c21254bd8726521e18644c3cd58ab0e457b25cac266d8da5e7e
resnet,electrode,202,bandpass_n20001_cV5_electrode_s10,phase2/results/predictions/full/electrode/resnet/seed_202/bandpass_n20001_cV5_electrode_s10.npz,76511,119a8b7c848d158a66b544c6fd0ccf79adc5aeac4093bae6c6ebd4f6ef8fc024
resnet,electrode,202,bandpass_n20001_cV5_electrode_s5,phase2/results/predictions/full/electrode/resnet/seed_202/bandpass_n20001_cV5_electrode_s5.npz,76380,52b018d222d15dc7b6964c28a97fc1e21bab42079f79ee69407c03f0e8e6d1c9
resnet,electrode,202,bandpass_n20001_cV5_electrode_s0,phase2/results/predictions/full/electrode/resnet/seed_202/bandpass_n20001_cV5_electrode_s0.npz,76045,248e6f1eae15bb5f3f52c3875af33e2e624ad95188e8f40d2748dea19841de74
resnet,electrode,202,bandpass_n20001_cV5_covariance_s20,phase2/results/predictions/full/electrode/resnet/seed_202/bandpass_n20001_cV5_covariance_s20.npz,76593,706b2595a606d2ccbdd830c103899d7b22d0a1dd5fa7f629c0b79e7eb71cb143
resnet,electrode,202,bandpass_n20001_cV5_covariance_s15,phase2/results/predictions/full/electrode/resnet/seed_202/bandpass_n20001_cV5_covariance_s15.npz,76571,fee2cefba52f351d95c701f3b2ea32ce0144b203018ffd96733e02a11cbb92ce
resnet,electrode,202,bandpass_n20001_cV5_covariance_s10,phase2/results/predictions/full/electrode/resnet/seed_202/bandpass_n20001_cV5_covariance_s10.npz,76485,4a4da5494af90c2a6cef7ff9794e3cf9040bb26a600a00c5723ce55f2b003e10
resnet,electrode,202,bandpass_n20001_cV5_covariance_s5,phase2/results/predictions/full/electrode/resnet/seed_202/bandpass_n20001_cV5_covariance_s5.npz,76424,70baabb05c9759c56881f3a65e2252e43ae0c747860c9067a94b740078e89b6a
resnet,electrode,202,bandpass_n20001_cV5_covariance_s0,phase2/results/predictions/full/electrode/resnet/seed_202/bandpass_n20001_cV5_covariance_s0.npz,75997,9221493c5dc0d4de64e1edb91a86d69b40832327c8bf2b11d1ee9ad3c8b5e08c
resnet,electrode,202,bandpass_n20001_cV6_independent_rms_s20,phase2/results/predictions/full/electrode/resnet/seed_202/bandpass_n20001_cV6_independent_rms_s20.npz,76554,d2621a6df82a1893b0338e3e55a25f35a00beccc4abde7d09136986f8484e85a
resnet,electrode,202,bandpass_n20001_cV6_independent_rms_s15,phase2/results/predictions/full/electrode/resnet/seed_202/bandpass_n20001_cV6_independent_rms_s15.npz,76584,784543504506b24e6ec6e892ec9d9f8b2cc785099bd80c9aa776a5e5e07a3e9d
resnet,electrode,202,bandpass_n20001_cV6_independent_rms_s10,phase2/results/predictions/full/electrode/resnet/seed_202/bandpass_n20001_cV6_independent_rms_s10.npz,76536,549eb2f59b82a8fd23c77749724fdf7e3e4a89088ca44005fb70232c6730b71c
resnet,electrode,202,bandpass_n20001_cV6_independent_rms_s5,phase2/results/predictions/full/electrode/resnet/seed_202/bandpass_n20001_cV6_independent_rms_s5.npz,76448,3c2df748db3073899947aab85c997811ea6a0c0891aaf81a07d3c76c2bc58552
resnet,electrode,202,bandpass_n20001_cV6_independent_rms_s0,phase2/results/predictions/full/electrode/resnet/seed_202/bandpass_n20001_cV6_independent_rms_s0.npz,76148,ea579fc33dff9231b96e62784237632d572d5d7779ce12836613487645b8cb34
resnet,electrode,202,bandpass_n20001_cV6_electrode_s20,phase2/results/predictions/full/electrode/resnet/seed_202/bandpass_n20001_cV6_electrode_s20.npz,76557,3d05cfe7deb155f8db741183b0d1bb3ffbb7b286ed1d67372c8ce4fe7b0320cd
resnet,electrode,202,bandpass_n20001_cV6_electrode_s15,phase2/results/predictions/full/electrode/resnet/seed_202/bandpass_n20001_cV6_electrode_s15.npz,76546,9637c35f2e8ea0246ae559c94227496985f89d3fd437cd65d3b858e84a8d455f
resnet,electrode,202,bandpass_n20001_cV6_electrode_s10,phase2/results/predictions/full/electrode/resnet/seed_202/bandpass_n20001_cV6_electrode_s10.npz,76571,9fb65a1e9af5cd5f4419ef69e9df3037d173d234b2e40046a9632d12a098b6da
resnet,electrode,202,bandpass_n20001_cV6_electrode_s5,phase2/results/predictions/full/electrode/resnet/seed_202/bandpass_n20001_cV6_electrode_s5.npz,76418,af3979334d42604c2631873f697ed0afe0af48dc132ebfc2c8c7ec0b94a2ca38
resnet,electrode,202,bandpass_n20001_cV6_electrode_s0,phase2/results/predictions/full/electrode/resnet/seed_202/bandpass_n20001_cV6_electrode_s0.npz,76074,8ec1c998a98fb7e4f3e1d96c3de0cfbcf15b10dd16d1998cd9f42b7e0c20c1b0
resnet,electrode,202,bandpass_n20001_cV6_covariance_s20,phase2/results/predictions/full/electrode/resnet/seed_202/bandpass_n20001_cV6_covariance_s20.npz,76542,b5dbc061c2f7de1ee687821aa6ac2106588a4737842e4b121b194f22b1c11c53
resnet,electrode,202,bandpass_n20001_cV6_covariance_s15,phase2/results/predictions/full/electrode/resnet/seed_202/bandpass_n20001_cV6_covariance_s15.npz,76563,62fc702e481eed3a8c49d68259645ec84664fe4bc582ef4f3f5f364837cb1d91
resnet,electrode,202,bandpass_n20001_cV6_covariance_s10,phase2/results/predictions/full/electrode/resnet/seed_202/bandpass_n20001_cV6_covariance_s10.npz,76513,74ea97063d2039eb2309eb54e66255de6ad9c192c23a6998429dfed0aeb9b434
resnet,electrode,202,bandpass_n20001_cV6_covariance_s5,phase2/results/predictions/full/electrode/resnet/seed_202/bandpass_n20001_cV6_covariance_s5.npz,76419,23f94ee54404d5e93eca611b753d883bb702f0f86dba723d5c69d7796406465e
resnet,electrode,202,bandpass_n20001_cV6_covariance_s0,phase2/results/predictions/full/electrode/resnet/seed_202/bandpass_n20001_cV6_covariance_s0.npz,76088,2685e77404ba3e1e0b21527b4b8a09ed567885679a66394736f2468a296c978a
resnet,electrode,202,bandpass_n20001_cRA_LA_independent_rms_s20,phase2/results/predictions/full/electrode/resnet/seed_202/bandpass_n20001_cRA_LA_independent_rms_s20.npz,76551,10b46b7b1d8efa0aa6658713909c1f50e96701c271a72775888e86ce8a37eb1e
resnet,electrode,202,bandpass_n20001_cRA_LA_independent_rms_s15,phase2/results/predictions/full/electrode/resnet/seed_202/bandpass_n20001_cRA_LA_independent_rms_s15.npz,76590,9331bd4bf66af329ca7d665de3d8c22954a0b85c861163c2d580c5dcd61f78a7
resnet,electrode,202,bandpass_n20001_cRA_LA_independent_rms_s10,phase2/results/predictions/full/electrode/resnet/seed_202/bandpass_n20001_cRA_LA_independent_rms_s10.npz,76562,939e8aaf8a935ac84df5156ad29aac41fd37f78caebe5cc09b2e0b16b121ab8d
resnet,electrode,202,bandpass_n20001_cRA_LA_independent_rms_s5,phase2/results/predictions/full/electrode/resnet/seed_202/bandpass_n20001_cRA_LA_independent_rms_s5.npz,76425,b440562431cd29a6b7d061ee8b4d651548b750b1b57df62c97b22f79e2b4edcd
resnet,electrode,202,bandpass_n20001_cRA_LA_independent_rms_s0,phase2/results/predictions/full/electrode/resnet/seed_202/bandpass_n20001_cRA_LA_independent_rms_s0.npz,76037,ade7b0215ef9db2fcb5aa1ad2b9b058294042e76ad1ce222f83484752949768b
resnet,electrode,202,bandpass_n20001_cRA_LA_electrode_s20,phase2/results/predictions/full/electrode/resnet/seed_202/bandpass_n20001_cRA_LA_electrode_s20.npz,76563,353051bf8eee92ceb9275be1ce3ef969d809b2baa9f061f727e02fa91f55393d
resnet,electrode,202,bandpass_n20001_cRA_LA_electrode_s15,phase2/results/predictions/full/electrode/resnet/seed_202/bandpass_n20001_cRA_LA_electrode_s15.npz,76540,d649b2f4610ac296e615e39debbcbe41e18d7ee1fa9c235a8edf132861565046
resnet,electrode,202,bandpass_n20001_cRA_LA_electrode_s10,phase2/results/predictions/full/electrode/resnet/seed_202/bandpass_n20001_cRA_LA_electrode_s10.npz,76497,07176dcff09f0869efbf8866efe575ef7e3a791e877648805b52c43a3814e13d
resnet,electrode,202,bandpass_n20001_cRA_LA_electrode_s5,phase2/results/predictions/full/electrode/resnet/seed_202/bandpass_n20001_cRA_LA_electrode_s5.npz,76302,60720bca18f20e91d5d7672f59698e791c8e1c81364692f030fe6282a2f5e7e9
resnet,electrode,202,bandpass_n20001_cRA_LA_electrode_s0,phase2/results/predictions/full/electrode/resnet/seed_202/bandpass_n20001_cRA_LA_electrode_s0.npz,75840,6dd7219e8d86ebfd072b9e0916ba431aefb8f8e360e3a7332e5860500d84b9b3
resnet,electrode,202,bandpass_n20001_cRA_LA_covariance_s20,phase2/results/predictions/full/electrode/resnet/seed_202/bandpass_n20001_cRA_LA_covariance_s20.npz,76542,5f9206405f2c093f7cf681346a06b980c2fa89caae643707bf9983e1ca3ef343
resnet,electrode,202,bandpass_n20001_cRA_LA_covariance_s15,phase2/results/predictions/full/electrode/resnet/seed_202/bandpass_n20001_cRA_LA_covariance_s15.npz,76546,13cd05bb2343f31ebbce73154c5b130be35d3aff5ca3df5672fba44a16739f11
resnet,electrode,202,bandpass_n20001_cRA_LA_covariance_s10,phase2/results/predictions/full/electrode/resnet/seed_202/bandpass_n20001_cRA_LA_covariance_s10.npz,76471,8b3d0910eb93a7587bca12720a3c1a5ccc5a76a9e21820857a0d0dd4e362a165
resnet,electrode,202,bandpass_n20001_cRA_LA_covariance_s5,phase2/results/predictions/full/electrode/resnet/seed_202/bandpass_n20001_cRA_LA_covariance_s5.npz,76259,027d2d3cc9fa05bdaf0c90af9d77c3b9ce437566f6c04fd6dab908ef98399306
resnet,electrode,202,bandpass_n20001_cRA_LA_covariance_s0,phase2/results/predictions/full/electrode/resnet/seed_202/bandpass_n20001_cRA_LA_covariance_s0.npz,75840,56dc2afd25678ee34b5728332bb04075b2d068db61ed3345f4023c716335853b
resnet,electrode,202,bandpass_n20001_cLA_LL_independent_rms_s20,phase2/results/predictions/full/electrode/resnet/seed_202/bandpass_n20001_cLA_LL_independent_rms_s20.npz,76560,8a5d009787b75678b89a9e5feec712ba12718ad6f84dcd286d68559b8a501fb3
resnet,electrode,202,bandpass_n20001_cLA_LL_independent_rms_s15,phase2/results/predictions/full/electrode/resnet/seed_202/bandpass_n20001_cLA_LL_independent_rms_s15.npz,76601,5cfc1f1662165efc7bd29089dc2293f12a1b31eb3fe6340b1a27ddfff1e4b79a
resnet,electrode,202,bandpass_n20001_cLA_LL_independent_rms_s10,phase2/results/predictions/full/electrode/resnet/seed_202/bandpass_n20001_cLA_LL_independent_rms_s10.npz,76508,3b9432d154ae076b69f51612723b4750632d1a194f0ece15449413328d69ea54
resnet,electrode,202,bandpass_n20001_cLA_LL_independent_rms_s5,phase2/results/predictions/full/electrode/resnet/seed_202/bandpass_n20001_cLA_LL_independent_rms_s5.npz,76402,1c47ad681c1e926969250dcd7c83bdc76220e1731fb9d5d967a48ec42316bcda
resnet,electrode,202,bandpass_n20001_cLA_LL_independent_rms_s0,phase2/results/predictions/full/electrode/resnet/seed_202/bandpass_n20001_cLA_LL_independent_rms_s0.npz,76076,a12ad80090a2caec7c5027e0fe67924e63358cd8d3c2218c3f2924fd33ab9d88
resnet,electrode,202,bandpass_n20001_cLA_LL_electrode_s20,phase2/results/predictions/full/electrode/resnet/seed_202/bandpass_n20001_cLA_LL_electrode_s20.npz,76544,7e40f1bacbf5dd58bd0ee359245fd0c4289e9d554aea9c9d572f0f6a65e4cd22
resnet,electrode,202,bandpass_n20001_cLA_LL_electrode_s15,phase2/results/predictions/full/electrode/resnet/seed_202/bandpass_n20001_cLA_LL_electrode_s15.npz,76539,baf1e82c9b87d87fde5ad3b07d10fd621db5ecc93f916829f8b1a203d0ec404f
resnet,electrode,202,bandpass_n20001_cLA_LL_electrode_s10,phase2/results/predictions/full/electrode/resnet/seed_202/bandpass_n20001_cLA_LL_electrode_s10.npz,76470,a557cb47d7df100ae4ea9f20fefb13c8eaadc8296ec26bb90190523e5b25d54f
resnet,electrode,202,bandpass_n20001_cLA_LL_electrode_s5,phase2/results/predictions/full/electrode/resnet/seed_202/bandpass_n20001_cLA_LL_electrode_s5.npz,76266,5a3c86634351a93db605d8110b5cbccc8dd34ed132e5d0b57b2740eecc21c640
resnet,electrode,202,bandpass_n20001_cLA_LL_electrode_s0,phase2/results/predictions/full/electrode/resnet/seed_202/bandpass_n20001_cLA_LL_electrode_s0.npz,75862,071b4b24eddf7a0d03388a60c02ae0bcc6dfed7c6e78428027bf3927e0be8bb3
resnet,electrode,202,bandpass_n20001_cLA_LL_covariance_s20,phase2/results/predictions/full/electrode/resnet/seed_202/bandpass_n20001_cLA_LL_covariance_s20.npz,76536,0a8af68c6a00d9c5c599eab6401fbb1a5c8e3ac5d682fc82df852b0cb289eed6
resnet,electrode,202,bandpass_n20001_cLA_LL_covariance_s15,phase2/results/predictions/full/electrode/resnet/seed_202/bandpass_n20001_cLA_LL_covariance_s15.npz,76537,7107ea577926cff8a8407292851ad077f4e0df9a7994d834ca210dddca19e40e
resnet,electrode,202,bandpass_n20001_cLA_LL_covariance_s10,phase2/results/predictions/full/electrode/resnet/seed_202/bandpass_n20001_cLA_LL_covariance_s10.npz,76494,b539fa0c0fb7b93c4326f5c88366eecf033baed536fac91edab129a1d716386d
resnet,electrode,202,bandpass_n20001_cLA_LL_covariance_s5,phase2/results/predictions/full/electrode/resnet/seed_202/bandpass_n20001_cLA_LL_covariance_s5.npz,76294,5805dc3d775ce79aff3ba18747317c54361804e7938684a499d8228a1ad478f8
resnet,electrode,202,bandpass_n20001_cLA_LL_covariance_s0,phase2/results/predictions/full/electrode/resnet/seed_202/bandpass_n20001_cLA_LL_covariance_s0.npz,75850,18bfeb08abca95105bf989c5b945906a5bdedd986b15590542bb93ec184a2a1e
resnet,electrode,202,bandpass_n20001_cRA_LL_independent_rms_s20,phase2/results/predictions/full/electrode/resnet/seed_202/bandpass_n20001_cRA_LL_independent_rms_s20.npz,76574,9a3e7f2263118b15f467171e8ffdd2a3c87d86ee28320e64680b8f885854160e
resnet,electrode,202,bandpass_n20001_cRA_LL_independent_rms_s15,phase2/results/predictions/full/electrode/resnet/seed_202/bandpass_n20001_cRA_LL_independent_rms_s15.npz,76574,f33005ba8f872999d91858dd364e52794b9e7df86d1a38f6176e60382e54e084
resnet,electrode,202,bandpass_n20001_cRA_LL_independent_rms_s10,phase2/results/predictions/full/electrode/resnet/seed_202/bandpass_n20001_cRA_LL_independent_rms_s10.npz,76570,f405c46784ef67ccf734fbfd897a75fd639f30024513517d374889d313c12393
resnet,electrode,202,bandpass_n20001_cRA_LL_independent_rms_s5,phase2/results/predictions/full/electrode/resnet/seed_202/bandpass_n20001_cRA_LL_independent_rms_s5.npz,76440,df0a45c476e7fb1adc747c85be6e2b63259fceced9c80340961f852ad3b306c1
resnet,electrode,202,bandpass_n20001_cRA_LL_independent_rms_s0,phase2/results/predictions/full/electrode/resnet/seed_202/bandpass_n20001_cRA_LL_independent_rms_s0.npz,76083,07e4da8d84ee5cf18e59c2f9e347994d6df3e848b723d963e6a785b3a1688b5c
resnet,electrode,202,bandpass_n20001_cRA_LL_electrode_s20,phase2/results/predictions/full/electrode/resnet/seed_202/bandpass_n20001_cRA_LL_electrode_s20.npz,76543,3ba472a54459bf919c5ea7b70ec0d64556d372850edd0fe9e5fbc45f1893586b
resnet,electrode,202,bandpass_n20001_cRA_LL_electrode_s15,phase2/results/predictions/full/electrode/resnet/seed_202/bandpass_n20001_cRA_LL_electrode_s15.npz,76508,d2452b472c530ac291990ea8ee48202034274cc0befe05585a79ac3cf3f08616
resnet,electrode,202,bandpass_n20001_cRA_LL_electrode_s10,phase2/results/predictions/full/electrode/resnet/seed_202/bandpass_n20001_cRA_LL_electrode_s10.npz,76453,620c05225032e088c3f345f7532ad8ec1ad682dc20960c75c21fea04e6b73f98
resnet,electrode,202,bandpass_n20001_cRA_LL_electrode_s5,phase2/results/predictions/full/electrode/resnet/seed_202/bandpass_n20001_cRA_LL_electrode_s5.npz,76251,a9eb0ab5887b664697ccca13b6b84d6c7bf3a597630a73650118cebfb6b8a69a
resnet,electrode,202,bandpass_n20001_cRA_LL_electrode_s0,phase2/results/predictions/full/electrode/resnet/seed_202/bandpass_n20001_cRA_LL_electrode_s0.npz,75852,f70460464370b15ec90d7323ea23d1b148418463da9b6eec4c32e87443782b0d
resnet,electrode,202,bandpass_n20001_cRA_LL_covariance_s20,phase2/results/predictions/full/electrode/resnet/seed_202/bandpass_n20001_cRA_LL_covariance_s20.npz,76555,e90fe3912f8d8b38a8ccb0cf740260f8f2399206b1325d2fae950885e9a404d3
resnet,electrode,202,bandpass_n20001_cRA_LL_covariance_s15,phase2/results/predictions/full/electrode/resnet/seed_202/bandpass_n20001_cRA_LL_covariance_s15.npz,76545,47d4063300ea4fb7a921fdbc0ce9f3236e273f23b0a9a98064ec345dc4f79caf
resnet,electrode,202,bandpass_n20001_cRA_LL_covariance_s10,phase2/results/predictions/full/electrode/resnet/seed_202/bandpass_n20001_cRA_LL_covariance_s10.npz,76455,7f53b92046e155f81ec3a95e192cc0b3862acd5532728020e32d2b223a3e95c9
resnet,electrode,202,bandpass_n20001_cRA_LL_covariance_s5,phase2/results/predictions/full/electrode/resnet/seed_202/bandpass_n20001_cRA_LL_covariance_s5.npz,76243,f438db7f757046e2f08caac20bbb02028ebb39750766b5e2cedcf1927c72d5e6
resnet,electrode,202,bandpass_n20001_cRA_LL_covariance_s0,phase2/results/predictions/full/electrode/resnet/seed_202/bandpass_n20001_cRA_LL_covariance_s0.npz,75897,474c6b53b55aeac639702d3a734142b12f5e5906e99b1aa682859f2ebda34699
resnet,electrode,202,bandpass_n20001_cRA_independent_rms_s20,phase2/results/predictions/full/electrode/resnet/seed_202/bandpass_n20001_cRA_independent_rms_s20.npz,76563,56507a766b3bd5c90a03f5ecbb9cb32c7e9951776d0dfdf87a24c9347c825309
resnet,electrode,202,bandpass_n20001_cRA_independent_rms_s15,phase2/results/predictions/full/electrode/resnet/seed_202/bandpass_n20001_cRA_independent_rms_s15.npz,76570,18c9242a0046b7aecf3b8cbf742a4c8dae3afe19f7300c659b111574415b6e99
resnet,electrode,202,bandpass_n20001_cRA_independent_rms_s10,phase2/results/predictions/full/electrode/resnet/seed_202/bandpass_n20001_cRA_independent_rms_s10.npz,76569,80f4463e1cd95255905cdbfc1edfaafe24a67a65c2a1b1b761b5bbd39bea59f7
resnet,electrode,202,bandpass_n20001_cRA_independent_rms_s5,phase2/results/predictions/full/electrode/resnet/seed_202/bandpass_n20001_cRA_independent_rms_s5.npz,76442,0fd92bfc7b6c46e2a294778924b2868bb5a819cd5414918a3b2a59c6091c9afe
resnet,electrode,202,bandpass_n20001_cRA_independent_rms_s0,phase2/results/predictions/full/electrode/resnet/seed_202/bandpass_n20001_cRA_independent_rms_s0.npz,76066,53d6ea92e645a8e0351028bdacd49e26dc147bcd22033f93b952e8991f9a196a
resnet,electrode,202,bandpass_n20001_cRA_electrode_s20,phase2/results/predictions/full/electrode/resnet/seed_202/bandpass_n20001_cRA_electrode_s20.npz,76544,2be61c23edc435fcc07cc1c312ca87af7db5eb1b99deab98c788e345d982b4bd
resnet,electrode,202,bandpass_n20001_cRA_electrode_s15,phase2/results/predictions/full/electrode/resnet/seed_202/bandpass_n20001_cRA_electrode_s15.npz,76507,31409c33e633ca3be6ff13c9cc0f96098ec65d7817d776ed44d051d26b3bc0e7
resnet,electrode,202,bandpass_n20001_cRA_electrode_s10,phase2/results/predictions/full/electrode/resnet/seed_202/bandpass_n20001_cRA_electrode_s10.npz,76457,839f31e4171fdb65f53eaf5fa53c4dc04756e473bfaa89ee474d112d3adf40f9
resnet,electrode,202,bandpass_n20001_cRA_electrode_s5,phase2/results/predictions/full/electrode/resnet/seed_202/bandpass_n20001_cRA_electrode_s5.npz,76285,a882877fe63e906fc92cbe877ee2e46ab72e77f7f8eb63b8b6e80cf80322000b
resnet,electrode,202,bandpass_n20001_cRA_electrode_s0,phase2/results/predictions/full/electrode/resnet/seed_202/bandpass_n20001_cRA_electrode_s0.npz,75941,ffeb87df0f82a77d9e0ccaf14b12bc6dddf9a2c84f036e94c9739c0f3b0ec1ef
resnet,electrode,202,bandpass_n20001_cRA_covariance_s20,phase2/results/predictions/full/electrode/resnet/seed_202/bandpass_n20001_cRA_covariance_s20.npz,76571,b5ea8c50babb1c47fc8e8110af9ec7aeb70024cb154018e90866e18b615664ff
resnet,electrode,202,bandpass_n20001_cRA_covariance_s15,phase2/results/predictions/full/electrode/resnet/seed_202/bandpass_n20001_cRA_covariance_s15.npz,76533,5a863f0cd018f664f6deecd23a235582e5af08e8e6c6bca635d0c0f859818705
resnet,electrode,202,bandpass_n20001_cRA_covariance_s10,phase2/results/predictions/full/electrode/resnet/seed_202/bandpass_n20001_cRA_covariance_s10.npz,76442,99cc3ecf6fa84919272825635a2c58db3223bbce74912f785ee0d2a6f6825dc3
resnet,electrode,202,bandpass_n20001_cRA_covariance_s5,phase2/results/predictions/full/electrode/resnet/seed_202/bandpass_n20001_cRA_covariance_s5.npz,76256,2bb2c1292eb3ccae975bca22687318f5ca16783654a731245fd07762542aa7be
resnet,electrode,202,bandpass_n20001_cRA_covariance_s0,phase2/results/predictions/full/electrode/resnet/seed_202/bandpass_n20001_cRA_covariance_s0.npz,75964,2d732b555c0cd487276742dda751aad4632053c335ddd067a5b7e258ec9c5000
resnet,electrode,202,bandpass_n20001_cLA_independent_rms_s20,phase2/results/predictions/full/electrode/resnet/seed_202/bandpass_n20001_cLA_independent_rms_s20.npz,76554,6df3d6806f8d6592d0afdd7d599e2474287ba7968e74c8a6bd25e0c6a8ad9507
resnet,electrode,202,bandpass_n20001_cLA_independent_rms_s15,phase2/results/predictions/full/electrode/resnet/seed_202/bandpass_n20001_cLA_independent_rms_s15.npz,76548,514cffe9d45ed26bf95f709cc4cbdaeb049d8b6ae1fde2ace190e63a9df6b5d4
resnet,electrode,202,bandpass_n20001_cLA_independent_rms_s10,phase2/results/predictions/full/electrode/resnet/seed_202/bandpass_n20001_cLA_independent_rms_s10.npz,76540,4c2b3ec9d3850d744b0b1fbadc818cc1e5497fc336b3efee3ec86198ee9c8d31
resnet,electrode,202,bandpass_n20001_cLA_independent_rms_s5,phase2/results/predictions/full/electrode/resnet/seed_202/bandpass_n20001_cLA_independent_rms_s5.npz,76421,5bb05b9009337b6d3ce8c5ea1b472a1559b2766c3fcdb3b221dca5ef00a759d7
resnet,electrode,202,bandpass_n20001_cLA_independent_rms_s0,phase2/results/predictions/full/electrode/resnet/seed_202/bandpass_n20001_cLA_independent_rms_s0.npz,76085,fd3f468563427671695b784a7a7be553ff71f29efd3c81a8345deff91beb3767
resnet,electrode,202,bandpass_n20001_cLA_electrode_s20,phase2/results/predictions/full/electrode/resnet/seed_202/bandpass_n20001_cLA_electrode_s20.npz,76544,3befaee3d873767a9c8fb157f5d8a7b8729ba657982d81f266442f37e24cec40
resnet,electrode,202,bandpass_n20001_cLA_electrode_s15,phase2/results/predictions/full/electrode/resnet/seed_202/bandpass_n20001_cLA_electrode_s15.npz,76533,33dfd78f14d4444ae7c8146cc46245e32d8ece29c2be49590088fb9e85e856a7
resnet,electrode,202,bandpass_n20001_cLA_electrode_s10,phase2/results/predictions/full/electrode/resnet/seed_202/bandpass_n20001_cLA_electrode_s10.npz,76452,ac2f09c6485dd7fcc87ca8a709b5b16f45d1344061724fcddd98d2b121439de9
resnet,electrode,202,bandpass_n20001_cLA_electrode_s5,phase2/results/predictions/full/electrode/resnet/seed_202/bandpass_n20001_cLA_electrode_s5.npz,76257,01c4117e90dc9c50a1187c0aa99e35cda68d402935873278774498b808fb5899
resnet,electrode,202,bandpass_n20001_cLA_electrode_s0,phase2/results/predictions/full/electrode/resnet/seed_202/bandpass_n20001_cLA_electrode_s0.npz,75832,0e509e690eda0cd714046947da46c7c0dedb00fde82e2038e8bb3b3591f57ec8
resnet,electrode,202,bandpass_n20001_cLA_covariance_s20,phase2/results/predictions/full/electrode/resnet/seed_202/bandpass_n20001_cLA_covariance_s20.npz,76550,5015a3873c51534d94ca4d3c9312e7dcbab225ce106b1a66f1a6c5e727365873
resnet,electrode,202,bandpass_n20001_cLA_covariance_s15,phase2/results/predictions/full/electrode/resnet/seed_202/bandpass_n20001_cLA_covariance_s15.npz,76518,719b73fac0686d74969d5135e3926cc1c464e85c0dc75e6d3b51f74e60b8a075
resnet,electrode,202,bandpass_n20001_cLA_covariance_s10,phase2/results/predictions/full/electrode/resnet/seed_202/bandpass_n20001_cLA_covariance_s10.npz,76466,5bc637028025f228549c50c71e6e24899177deb9ea28db69ee8863efb08d0c82
resnet,electrode,202,bandpass_n20001_cLA_covariance_s5,phase2/results/predictions/full/electrode/resnet/seed_202/bandpass_n20001_cLA_covariance_s5.npz,76262,801f4392c1fa4eb3dca153e34b9a19bceeb5370845a610e549dfadf0ba2cc90a
resnet,electrode,202,bandpass_n20001_cLA_covariance_s0,phase2/results/predictions/full/electrode/resnet/seed_202/bandpass_n20001_cLA_covariance_s0.npz,75833,bc9903bcaae7119ca8caf3b171106ece49b0345f1dfa53c0dcaa58724147ac25
resnet,electrode,202,bandpass_n20001_cLL_independent_rms_s20,phase2/results/predictions/full/electrode/resnet/seed_202/bandpass_n20001_cLL_independent_rms_s20.npz,76566,cf045480aa0c6846126a68e46d2fee0bffe911bc8b822e00da161bba3c86fb18
resnet,electrode,202,bandpass_n20001_cLL_independent_rms_s15,phase2/results/predictions/full/electrode/resnet/seed_202/bandpass_n20001_cLL_independent_rms_s15.npz,76564,462e158333df6eacbc7b9f2ac9d18e8a936994cb6f1bf98b6672e06e67f552cf
resnet,electrode,202,bandpass_n20001_cLL_independent_rms_s10,phase2/results/predictions/full/electrode/resnet/seed_202/bandpass_n20001_cLL_independent_rms_s10.npz,76543,a27bb5d74824033366aabb0e800664e9b3abdcdc26502be3fc756b9d856e01c5
resnet,electrode,202,bandpass_n20001_cLL_independent_rms_s5,phase2/results/predictions/full/electrode/resnet/seed_202/bandpass_n20001_cLL_independent_rms_s5.npz,76424,7774f48ff974a7477873e622e3271b908699101463f70569b5df6ba9dc53bf98
resnet,electrode,202,bandpass_n20001_cLL_independent_rms_s0,phase2/results/predictions/full/electrode/resnet/seed_202/bandpass_n20001_cLL_independent_rms_s0.npz,76082,32e66499ae107f7db1e5a1abb1cc40f0e22401aef49ea539f18d8665be590da6
resnet,electrode,202,bandpass_n20001_cLL_electrode_s20,phase2/results/predictions/full/electrode/resnet/seed_202/bandpass_n20001_cLL_electrode_s20.npz,76555,e47a312d6e79999514cd2b2ac9f13b00a3e9ca85fa1e4bf3a744c79f8074dcf7
resnet,electrode,202,bandpass_n20001_cLL_electrode_s15,phase2/results/predictions/full/electrode/resnet/seed_202/bandpass_n20001_cLL_electrode_s15.npz,76531,0a07300e0f25385f014e8f0f07486a9a70c12f3ddfab31f4baf334a7ebbcfdc8
resnet,electrode,202,bandpass_n20001_cLL_electrode_s10,phase2/results/predictions/full/electrode/resnet/seed_202/bandpass_n20001_cLL_electrode_s10.npz,76490,fc27fdd4211c83573603fd43aeaca4c3d4ab0a5f03477f1675ddfdafe1f643e2
resnet,electrode,202,bandpass_n20001_cLL_electrode_s5,phase2/results/predictions/full/electrode/resnet/seed_202/bandpass_n20001_cLL_electrode_s5.npz,76256,7c71e5133cd7452f81c6500bf308b88efa36d1600a418d359a80bbaabb5eb6d4
resnet,electrode,202,bandpass_n20001_cLL_electrode_s0,phase2/results/predictions/full/electrode/resnet/seed_202/bandpass_n20001_cLL_electrode_s0.npz,75801,a66eeff6b5669155dccf7eaaca7c5362b72a3ab75e6eda01081a4191e5434a83
resnet,electrode,202,bandpass_n20001_cLL_covariance_s20,phase2/results/predictions/full/electrode/resnet/seed_202/bandpass_n20001_cLL_covariance_s20.npz,76543,81baca867b1bf3576c04d2b785904f5e8a3388476a3eabd16d1fb19d25de8483
resnet,electrode,202,bandpass_n20001_cLL_covariance_s15,phase2/results/predictions/full/electrode/resnet/seed_202/bandpass_n20001_cLL_covariance_s15.npz,76546,cb7606f35d8d5c871677206b7cc128189e4fe41ff7ab4d192ca3e354b023a8ac
resnet,electrode,202,bandpass_n20001_cLL_covariance_s10,phase2/results/predictions/full/electrode/resnet/seed_202/bandpass_n20001_cLL_covariance_s10.npz,76429,4615123ecd5e1464d3ae7959f2ede57ffde4a53effbf758bb78ec64e694e8c02
resnet,electrode,202,bandpass_n20001_cLL_covariance_s5,phase2/results/predictions/full/electrode/resnet/seed_202/bandpass_n20001_cLL_covariance_s5.npz,76261,315df81fd9998fbd8042fb8b2ed78e6b22f2924b7fd1c5d40c80d31920ae9aee
resnet,electrode,202,bandpass_n20001_cLL_covariance_s0,phase2/results/predictions/full/electrode/resnet/seed_202/bandpass_n20001_cLL_covariance_s0.npz,75862,f3159f5a2528c3828bd387c28038504856b0b77d5332b215550640863330bd5a
resnet,electrode,202,bandpass_n20001_cRA_V1_independent_rms_s20,phase2/results/predictions/full/electrode/resnet/seed_202/bandpass_n20001_cRA_V1_independent_rms_s20.npz,76609,1a5782d25c6e6ebabf00b8f5c06557016f2f38e9e1fb37daf8ef6828c5c198a6
resnet,electrode,202,bandpass_n20001_cRA_V1_independent_rms_s15,phase2/results/predictions/full/electrode/resnet/seed_202/bandpass_n20001_cRA_V1_independent_rms_s15.npz,76575,f9e0af169ddcaac10fded2d46a335ea2ee61ca811de6080c435d9dd9465839a0
resnet,electrode,202,bandpass_n20001_cRA_V1_independent_rms_s10,phase2/results/predictions/full/electrode/resnet/seed_202/bandpass_n20001_cRA_V1_independent_rms_s10.npz,76553,da48120d11b1085736e051b2ec3644c0d44a3c901e26546f81bd9987f3d593d0
resnet,electrode,202,bandpass_n20001_cRA_V1_independent_rms_s5,phase2/results/predictions/full/electrode/resnet/seed_202/bandpass_n20001_cRA_V1_independent_rms_s5.npz,76428,dbd7becc293522edafc00dc40c75c6ba537cd896dbdfb09298ed8c92e0e6a818
resnet,electrode,202,bandpass_n20001_cRA_V1_independent_rms_s0,phase2/results/predictions/full/electrode/resnet/seed_202/bandpass_n20001_cRA_V1_independent_rms_s0.npz,75997,7e7b7029b0672403c366017774587efbb213f1783479f86ffb7e05ca5f764bff
resnet,electrode,202,bandpass_n20001_cRA_V1_electrode_s20,phase2/results/predictions/full/electrode/resnet/seed_202/bandpass_n20001_cRA_V1_electrode_s20.npz,76548,9782c7e215266c1f7f4d25b52898e120c1abf95ad8d659cc7ac9bdf7ee59eb42
resnet,electrode,202,bandpass_n20001_cRA_V1_electrode_s15,phase2/results/predictions/full/electrode/resnet/seed_202/bandpass_n20001_cRA_V1_electrode_s15.npz,76531,a8ac67c0c51d2b9359f839e23fe680fbb257ac825d436a5c62904876712c55ae
resnet,electrode,202,bandpass_n20001_cRA_V1_electrode_s10,phase2/results/predictions/full/electrode/resnet/seed_202/bandpass_n20001_cRA_V1_electrode_s10.npz,76490,4b475df0eecdd41bda937352d2ef9da1f6d719db3193e943a1cb8c0799e80e11
resnet,electrode,202,bandpass_n20001_cRA_V1_electrode_s5,phase2/results/predictions/full/electrode/resnet/seed_202/bandpass_n20001_cRA_V1_electrode_s5.npz,76298,88389a59a82ebb836994eb9ff2e27f636f1587d70a27994c2f7b3b455cd57482
resnet,electrode,202,bandpass_n20001_cRA_V1_electrode_s0,phase2/results/predictions/full/electrode/resnet/seed_202/bandpass_n20001_cRA_V1_electrode_s0.npz,75929,1f7cd732e1a51a820b4284c5a40160e991c16dec9fc4d9e59b7b4b060c6fd443
resnet,electrode,202,bandpass_n20001_cRA_V1_covariance_s20,phase2/results/predictions/full/electrode/resnet/seed_202/bandpass_n20001_cRA_V1_covariance_s20.npz,76539,fc2fdc3d0e161859aa4076af4f3713cfc430c265f7f8cb93c1b9fb4c1cd539e0
resnet,electrode,202,bandpass_n20001_cRA_V1_covariance_s15,phase2/results/predictions/full/electrode/resnet/seed_202/bandpass_n20001_cRA_V1_covariance_s15.npz,76547,7f79a71be1efcd861d744af654d704707b462039fc50c759a1a4a0c8fb2a4321
resnet,electrode,202,bandpass_n20001_cRA_V1_covariance_s10,phase2/results/predictions/full/electrode/resnet/seed_202/bandpass_n20001_cRA_V1_covariance_s10.npz,76447,d3370b7b83ec955ced9c7d5b38cefe7a30829b0340bd1a7a2bf11ec2bbc761f3
resnet,electrode,202,bandpass_n20001_cRA_V1_covariance_s5,phase2/results/predictions/full/electrode/resnet/seed_202/bandpass_n20001_cRA_V1_covariance_s5.npz,76291,f7b26126611913f96617760cbc226d66a5ac9d8b184d7f842c31731f4d44bd10
resnet,electrode,202,bandpass_n20001_cRA_V1_covariance_s0,phase2/results/predictions/full/electrode/resnet/seed_202/bandpass_n20001_cRA_V1_covariance_s0.npz,75953,3089b7d48b8682a40fce2cc9d1d61e7459e71bc2ec8974eb4f5c205dda7b7ccd
resnet,electrode,202,bandpass_n20001_cLA_V6_independent_rms_s20,phase2/results/predictions/full/electrode/resnet/seed_202/bandpass_n20001_cLA_V6_independent_rms_s20.npz,76592,d7070b22f625c018e29f1c4f21e5648e19dc937e85e94f4a4662c0b44ed1522d
resnet,electrode,202,bandpass_n20001_cLA_V6_independent_rms_s15,phase2/results/predictions/full/electrode/resnet/seed_202/bandpass_n20001_cLA_V6_independent_rms_s15.npz,76597,00794e1893a42eed73fd51dcfc30c1a00e46ab9812d567f7661895397dcdb7a1
resnet,electrode,202,bandpass_n20001_cLA_V6_independent_rms_s10,phase2/results/predictions/full/electrode/resnet/seed_202/bandpass_n20001_cLA_V6_independent_rms_s10.npz,76561,b7b04597c426159e04ec12593be56c1b559478c84ac887a0dd6775295e4e4fad
resnet,electrode,202,bandpass_n20001_cLA_V6_independent_rms_s5,phase2/results/predictions/full/electrode/resnet/seed_202/bandpass_n20001_cLA_V6_independent_rms_s5.npz,76465,fa433fcfdbc1b3a317f1353cb88d3fa21257571a4ea4fcdbdc7160df11119814
resnet,electrode,202,bandpass_n20001_cLA_V6_independent_rms_s0,phase2/results/predictions/full/electrode/resnet/seed_202/bandpass_n20001_cLA_V6_independent_rms_s0.npz,76085,74a2bc4fb10b06c9fb4d0c345830857df0288c14f93890238c0d53ec8e27c846
resnet,electrode,202,bandpass_n20001_cLA_V6_electrode_s20,phase2/results/predictions/full/electrode/resnet/seed_202/bandpass_n20001_cLA_V6_electrode_s20.npz,76583,b8efe07b3faeb5f1274fc5353802a59ec529368a5dfec48673b6f9240a3bf237
resnet,electrode,202,bandpass_n20001_cLA_V6_electrode_s15,phase2/results/predictions/full/electrode/resnet/seed_202/bandpass_n20001_cLA_V6_electrode_s15.npz,76575,bcf0a48faaed168e65040c06dcf5e512742c1d386f9ed1bde2540c1b04d4d665
resnet,electrode,202,bandpass_n20001_cLA_V6_electrode_s10,phase2/results/predictions/full/electrode/resnet/seed_202/bandpass_n20001_cLA_V6_electrode_s10.npz,76491,d72b4cd92883c4334c091e9310daf2fe37ed1aa969d3420961922cbd26dbd8aa
resnet,electrode,202,bandpass_n20001_cLA_V6_electrode_s5,phase2/results/predictions/full/electrode/resnet/seed_202/bandpass_n20001_cLA_V6_electrode_s5.npz,76276,0fe45b6dd2b4bb3f45ef274f78aaa0c321a97e8df9d15522abfaa182e6d5d955
resnet,electrode,202,bandpass_n20001_cLA_V6_electrode_s0,phase2/results/predictions/full/electrode/resnet/seed_202/bandpass_n20001_cLA_V6_electrode_s0.npz,75880,75650e88d1d2fc223868e96930d19f675f67e8e27278284b68fa4f191345eeb4
resnet,electrode,202,bandpass_n20001_cLA_V6_covariance_s20,phase2/results/predictions/full/electrode/resnet/seed_202/bandpass_n20001_cLA_V6_covariance_s20.npz,76540,64a0ff98a7c59c5b2c4929c88369a93827e619fcf69d25e47ab5e9863ea1ca0d
resnet,electrode,202,bandpass_n20001_cLA_V6_covariance_s15,phase2/results/predictions/full/electrode/resnet/seed_202/bandpass_n20001_cLA_V6_covariance_s15.npz,76583,e9882cf1368ddfff097c9d4a21a891d278e1b684ee7996667eb8e95d68918d3e
resnet,electrode,202,bandpass_n20001_cLA_V6_covariance_s10,phase2/results/predictions/full/electrode/resnet/seed_202/bandpass_n20001_cLA_V6_covariance_s10.npz,76508,85d4037cd76fa6effefb8c8fdb56e591ff1f75a032b9e9d2de56139225b889c6
resnet,electrode,202,bandpass_n20001_cLA_V6_covariance_s5,phase2/results/predictions/full/electrode/resnet/seed_202/bandpass_n20001_cLA_V6_covariance_s5.npz,76305,c02f1bd1179ef3bd1446d6c7d6e88c54d543aa86b6d98c85fd43c6ed3fc9f679
resnet,electrode,202,bandpass_n20001_cLA_V6_covariance_s0,phase2/results/predictions/full/electrode/resnet/seed_202/bandpass_n20001_cLA_V6_covariance_s0.npz,75890,9a00c1755385bf11b574759c137978940f10088ab8eb517a4f133f333c13c509
resnet,electrode,202,bandpass_n20001_cLL_V4_independent_rms_s20,phase2/results/predictions/full/electrode/resnet/seed_202/bandpass_n20001_cLL_V4_independent_rms_s20.npz,76570,31a6c34b7fb940d168ff8ece5f1de8300bd52fab32f8168aa9c33e90b54f16c1
resnet,electrode,202,bandpass_n20001_cLL_V4_independent_rms_s15,phase2/results/predictions/full/electrode/resnet/seed_202/bandpass_n20001_cLL_V4_independent_rms_s15.npz,76549,3a381a640b60e05028723b1a8697cfb55de748347319614b2734f78be7acf878
resnet,electrode,202,bandpass_n20001_cLL_V4_independent_rms_s10,phase2/results/predictions/full/electrode/resnet/seed_202/bandpass_n20001_cLL_V4_independent_rms_s10.npz,76528,03509b0d95a4264a684c18633ef291935ec726a4bebaa5feafdf3a94f6b32320
resnet,electrode,202,bandpass_n20001_cLL_V4_independent_rms_s5,phase2/results/predictions/full/electrode/resnet/seed_202/bandpass_n20001_cLL_V4_independent_rms_s5.npz,76465,1927a76bced6dce02bbddc6ea59b9305b4e458335c055e5068cb525f264aefef
resnet,electrode,202,bandpass_n20001_cLL_V4_independent_rms_s0,phase2/results/predictions/full/electrode/resnet/seed_202/bandpass_n20001_cLL_V4_independent_rms_s0.npz,76141,71daf0a53a9bd7e6a8c41b6b39890c3a540b6e66244746b3ad638d410addb6ec
resnet,electrode,202,bandpass_n20001_cLL_V4_electrode_s20,phase2/results/predictions/full/electrode/resnet/seed_202/bandpass_n20001_cLL_V4_electrode_s20.npz,76543,8e82a9065f608e0e68325ceea3b36f9877af2cb3e059e3042cb5c570c31c3d7f
resnet,electrode,202,bandpass_n20001_cLL_V4_electrode_s15,phase2/results/predictions/full/electrode/resnet/seed_202/bandpass_n20001_cLL_V4_electrode_s15.npz,76533,7c3f7752b12e6918e2eb2968c14b082855b68549cb3b5eb08fbeeeef880efb34
resnet,electrode,202,bandpass_n20001_cLL_V4_electrode_s10,phase2/results/predictions/full/electrode/resnet/seed_202/bandpass_n20001_cLL_V4_electrode_s10.npz,76493,1651f9436fc592b92a07db861c9574c5223cf4023a59bc14d87ebfdc0a327e8b
resnet,electrode,202,bandpass_n20001_cLL_V4_electrode_s5,phase2/results/predictions/full/electrode/resnet/seed_202/bandpass_n20001_cLL_V4_electrode_s5.npz,76272,12ccddf72daf599cbc8749b595e2ea6fb112abe432baaf3f969778737e67fd7b
resnet,electrode,202,bandpass_n20001_cLL_V4_electrode_s0,phase2/results/predictions/full/electrode/resnet/seed_202/bandpass_n20001_cLL_V4_electrode_s0.npz,75862,859ba8d1692a19d095b2e6ab07159bc0df659410759cf254c8b761eb9608b513
resnet,electrode,202,bandpass_n20001_cLL_V4_covariance_s20,phase2/results/predictions/full/electrode/resnet/seed_202/bandpass_n20001_cLL_V4_covariance_s20.npz,76582,d00d3723e77c1c55c63ad708e16009f4ee0c4709baeaa4396a3d7e02ce3a8a01
resnet,electrode,202,bandpass_n20001_cLL_V4_covariance_s15,phase2/results/predictions/full/electrode/resnet/seed_202/bandpass_n20001_cLL_V4_covariance_s15.npz,76550,dbfb8111f7f60c499c80ed49328caf4af05400c71996e96d19a226a77f8ab52d
resnet,electrode,202,bandpass_n20001_cLL_V4_covariance_s10,phase2/results/predictions/full/electrode/resnet/seed_202/bandpass_n20001_cLL_V4_covariance_s10.npz,76503,02d34bc97e3e30966cba198479d981d9d1db0d57c889fd8eb0882f635a9f7347
resnet,electrode,202,bandpass_n20001_cLL_V4_covariance_s5,phase2/results/predictions/full/electrode/resnet/seed_202/bandpass_n20001_cLL_V4_covariance_s5.npz,76298,dcd70342e2151482f6acd8a69d8caa1db55929ce7568985796d3c94e2407672c
resnet,electrode,202,bandpass_n20001_cLL_V4_covariance_s0,phase2/results/predictions/full/electrode/resnet/seed_202/bandpass_n20001_cLL_V4_covariance_s0.npz,75876,72f93cf47e5d9c352172fd11a823742b788632271fef8b0361fb0a226c6cd9b4
resnet,electrode,202,bandpass_n20001_cRA_LA_V1_V6_independent_rms_s20,phase2/results/predictions/full/electrode/resnet/seed_202/bandpass_n20001_cRA_LA_V1_V6_independent_rms_s20.npz,76604,c8541c8210bb55095b071f446c9b6b978fa1916dd6dff85f9ac91233a955ec7f
resnet,electrode,202,bandpass_n20001_cRA_LA_V1_V6_independent_rms_s15,phase2/results/predictions/full/electrode/resnet/seed_202/bandpass_n20001_cRA_LA_V1_V6_independent_rms_s15.npz,76613,fc2b2e49bd07ee335ae41d22c638e7766d4703850ec81a38571bd7474620dc0d
resnet,electrode,202,bandpass_n20001_cRA_LA_V1_V6_independent_rms_s10,phase2/results/predictions/full/electrode/resnet/seed_202/bandpass_n20001_cRA_LA_V1_V6_independent_rms_s10.npz,76556,dce489eca778a99822122da71018137ca0f40acb0b16e7b5edb51187b1e6c67b
resnet,electrode,202,bandpass_n20001_cRA_LA_V1_V6_independent_rms_s5,phase2/results/predictions/full/electrode/resnet/seed_202/bandpass_n20001_cRA_LA_V1_V6_independent_rms_s5.npz,76437,198002cbe257a580790af3dcedc8f65f5e27777644a27ba08d9e1c0a42d67965
resnet,electrode,202,bandpass_n20001_cRA_LA_V1_V6_independent_rms_s0,phase2/results/predictions/full/electrode/resnet/seed_202/bandpass_n20001_cRA_LA_V1_V6_independent_rms_s0.npz,76081,b21a1c38bf4c4200570d06ba31a8b62854da294ed7351a13d8c3097a54b10cf4
resnet,electrode,202,bandpass_n20001_cRA_LA_V1_V6_electrode_s20,phase2/results/predictions/full/electrode/resnet/seed_202/bandpass_n20001_cRA_LA_V1_V6_electrode_s20.npz,76564,0099cda6d967293697ecf5ebf74511863e04333c34a00068393ab37df7e5ee9d
resnet,electrode,202,bandpass_n20001_cRA_LA_V1_V6_electrode_s15,phase2/results/predictions/full/electrode/resnet/seed_202/bandpass_n20001_cRA_LA_V1_V6_electrode_s15.npz,76560,51c698ba325b7d415b59a3ea45819199aac4e3bdefc5739ceda4f69c462906b6
resnet,electrode,202,bandpass_n20001_cRA_LA_V1_V6_electrode_s10,phase2/results/predictions/full/electrode/resnet/seed_202/bandpass_n20001_cRA_LA_V1_V6_electrode_s10.npz,76503,d09a4126da7a8dddede4df3a2f5b99a58ceeb60f83bd17717728d9f3f7f103b2
resnet,electrode,202,bandpass_n20001_cRA_LA_V1_V6_electrode_s5,phase2/results/predictions/full/electrode/resnet/seed_202/bandpass_n20001_cRA_LA_V1_V6_electrode_s5.npz,76294,d634fe420e4adad5a444aaaed5f0752d1d72c8da5298256d18b65847a112fde2
resnet,electrode,202,bandpass_n20001_cRA_LA_V1_V6_electrode_s0,phase2/results/predictions/full/electrode/resnet/seed_202/bandpass_n20001_cRA_LA_V1_V6_electrode_s0.npz,75910,e88cc0fd53de572ae42f3e875b3ba7348cdc5ce312b479772df1ba37be60d4fc
resnet,electrode,202,bandpass_n20001_cRA_LA_V1_V6_covariance_s20,phase2/results/predictions/full/electrode/resnet/seed_202/bandpass_n20001_cRA_LA_V1_V6_covariance_s20.npz,76575,9d9aa9bd6c15002505ab862e9f4be5116b89436ae24f4f7914aba03b481d80d6
resnet,electrode,202,bandpass_n20001_cRA_LA_V1_V6_covariance_s15,phase2/results/predictions/full/electrode/resnet/seed_202/bandpass_n20001_cRA_LA_V1_V6_covariance_s15.npz,76589,05d5aa2918b5e3573b030630fc44a4bb6708c2c6faa0663075dd44f8fd85a766
resnet,electrode,202,bandpass_n20001_cRA_LA_V1_V6_covariance_s10,phase2/results/predictions/full/electrode/resnet/seed_202/bandpass_n20001_cRA_LA_V1_V6_covariance_s10.npz,76523,a097f2b3a9f28fb4c2931cbfdfb21f17d5028f93966e0b8e269ed2a7b0240413
resnet,electrode,202,bandpass_n20001_cRA_LA_V1_V6_covariance_s5,phase2/results/predictions/full/electrode/resnet/seed_202/bandpass_n20001_cRA_LA_V1_V6_covariance_s5.npz,76310,f05811efba4fc2eb6e74462f933711fcea01fe484202b3eb5a21772ca3ee572f
resnet,electrode,202,bandpass_n20001_cRA_LA_V1_V6_covariance_s0,phase2/results/predictions/full/electrode/resnet/seed_202/bandpass_n20001_cRA_LA_V1_V6_covariance_s0.npz,75894,17c23da12520bb16da6a642a9ffbcd8864192e9a9ccddd78f8be6768f8e89aef
resnet,electrode,202,bandpass_n20001_cRA_V2_V5_independent_rms_s20,phase2/results/predictions/full/electrode/resnet/seed_202/bandpass_n20001_cRA_V2_V5_independent_rms_s20.npz,76564,4bcbdebe1dda9c16f56c565f8253b9b577de11e2819d26a2ea12ea715133448a
resnet,electrode,202,bandpass_n20001_cRA_V2_V5_independent_rms_s15,phase2/results/predictions/full/electrode/resnet/seed_202/bandpass_n20001_cRA_V2_V5_independent_rms_s15.npz,76594,f8409c01b7bcc84e4f163dd6611efaf3cd40a2e7b0c5c687116d62fe643f4f24
resnet,electrode,202,bandpass_n20001_cRA_V2_V5_independent_rms_s10,phase2/results/predictions/full/electrode/resnet/seed_202/bandpass_n20001_cRA_V2_V5_independent_rms_s10.npz,76558,aa1f2e77724362ebc721a825a4a09538dc90f62e2d5301a04b1ca1a7317bd85f
resnet,electrode,202,bandpass_n20001_cRA_V2_V5_independent_rms_s5,phase2/results/predictions/full/electrode/resnet/seed_202/bandpass_n20001_cRA_V2_V5_independent_rms_s5.npz,76437,f2aed5fa87cab6335e33191e87e4ba60e518ab37e024124d77c64fd5c7949510
resnet,electrode,202,bandpass_n20001_cRA_V2_V5_independent_rms_s0,phase2/results/predictions/full/electrode/resnet/seed_202/bandpass_n20001_cRA_V2_V5_independent_rms_s0.npz,76095,a17dfe98b1c167281c564113dcf344153b3db31885c69283380bc210ac4b1c2f
resnet,electrode,202,bandpass_n20001_cRA_V2_V5_electrode_s20,phase2/results/predictions/full/electrode/resnet/seed_202/bandpass_n20001_cRA_V2_V5_electrode_s20.npz,76580,b0b664f3dcaf5239fcdf45b2aa9bed3899fd174631cb56d72ff421938371156d
resnet,electrode,202,bandpass_n20001_cRA_V2_V5_electrode_s15,phase2/results/predictions/full/electrode/resnet/seed_202/bandpass_n20001_cRA_V2_V5_electrode_s15.npz,76574,7cd3c02ca6371fd8ad1812d773f9aca85c790af046133e86fd04e834a9cee89f
resnet,electrode,202,bandpass_n20001_cRA_V2_V5_electrode_s10,phase2/results/predictions/full/electrode/resnet/seed_202/bandpass_n20001_cRA_V2_V5_electrode_s10.npz,76513,df1703322ec007b2462d0b91ce64d17b320b9f02c44915953a99c06fff6acbad
resnet,electrode,202,bandpass_n20001_cRA_V2_V5_electrode_s5,phase2/results/predictions/full/electrode/resnet/seed_202/bandpass_n20001_cRA_V2_V5_electrode_s5.npz,76342,d2a7ae1511de50c505e1fddec9430910c31f170cc751803916cf949ee4fb66cd
resnet,electrode,202,bandpass_n20001_cRA_V2_V5_electrode_s0,phase2/results/predictions/full/electrode/resnet/seed_202/bandpass_n20001_cRA_V2_V5_electrode_s0.npz,75998,51dfbde0ae4a0c9da328d23da287676885df64e7c177e4b27e08ebac0ac381fb
resnet,electrode,202,bandpass_n20001_cRA_V2_V5_covariance_s20,phase2/results/predictions/full/electrode/resnet/seed_202/bandpass_n20001_cRA_V2_V5_covariance_s20.npz,76589,cc77271866f7dc4836c2cca1d30a38d6ef32b79283e4207787b70ff5eda62cba
resnet,electrode,202,bandpass_n20001_cRA_V2_V5_covariance_s15,phase2/results/predictions/full/electrode/resnet/seed_202/bandpass_n20001_cRA_V2_V5_covariance_s15.npz,76564,abf86c403ba47f8d23b8b668cd8ee1bb38b570be32cc98d65a73c371fc4d6249
resnet,electrode,202,bandpass_n20001_cRA_V2_V5_covariance_s10,phase2/results/predictions/full/electrode/resnet/seed_202/bandpass_n20001_cRA_V2_V5_covariance_s10.npz,76486,fb46b6762d82b5f8f849d8b51b8fe7dae549b4fd530768a4894925bf31c2cddb
resnet,electrode,202,bandpass_n20001_cRA_V2_V5_covariance_s5,phase2/results/predictions/full/electrode/resnet/seed_202/bandpass_n20001_cRA_V2_V5_covariance_s5.npz,76351,34ccf873ec8186172f04151fb6b4221a947e4794e9dc3cf26d010cba0250bdd1
resnet,electrode,202,bandpass_n20001_cRA_V2_V5_covariance_s0,phase2/results/predictions/full/electrode/resnet/seed_202/bandpass_n20001_cRA_V2_V5_covariance_s0.npz,76023,9d22b6b11e74091c97653e513b6377796019e663423c28799c5e05999447298a
resnet,electrode,202,bandpass_n20001_cLA_V3_V6_independent_rms_s20,phase2/results/predictions/full/electrode/resnet/seed_202/bandpass_n20001_cLA_V3_V6_independent_rms_s20.npz,76604,e787019ea26f9a904ab1657a201fd60187ea5f8be2d5a2028d570d869b1683aa
resnet,electrode,202,bandpass_n20001_cLA_V3_V6_independent_rms_s15,phase2/results/predictions/full/electrode/resnet/seed_202/bandpass_n20001_cLA_V3_V6_independent_rms_s15.npz,76568,dc268d7bf241f6034ae3076d67a9cec2b604f26154d15f3f19884304b6ffac6d
resnet,electrode,202,bandpass_n20001_cLA_V3_V6_independent_rms_s10,phase2/results/predictions/full/electrode/resnet/seed_202/bandpass_n20001_cLA_V3_V6_independent_rms_s10.npz,76579,cadcac5b53a0108b5c0a49299e797a09494e28ab30cd4697d9b37b2f3c4c012a
resnet,electrode,202,bandpass_n20001_cLA_V3_V6_independent_rms_s5,phase2/results/predictions/full/electrode/resnet/seed_202/bandpass_n20001_cLA_V3_V6_independent_rms_s5.npz,76427,586da669a9929411756ecde2ad6cccda7b8305eb60f0accf242d6c5e81ff3ce4
resnet,electrode,202,bandpass_n20001_cLA_V3_V6_independent_rms_s0,phase2/results/predictions/full/electrode/resnet/seed_202/bandpass_n20001_cLA_V3_V6_independent_rms_s0.npz,76102,8f755f842a3110947dfad81255a334e5393d62485cd8190ee70b08209084a6d0
resnet,electrode,202,bandpass_n20001_cLA_V3_V6_electrode_s20,phase2/results/predictions/full/electrode/resnet/seed_202/bandpass_n20001_cLA_V3_V6_electrode_s20.npz,76576,3a025fea83ae8b4a3e7c20ea8ff9895d7fd0a44a94de46be482516fa0f37a244
resnet,electrode,202,bandpass_n20001_cLA_V3_V6_electrode_s15,phase2/results/predictions/full/electrode/resnet/seed_202/bandpass_n20001_cLA_V3_V6_electrode_s15.npz,76588,28222255e354a7ce5cd4386307bea9d1cb6f69653a4cfd5c7fbffc13e17227b5
resnet,electrode,202,bandpass_n20001_cLA_V3_V6_electrode_s10,phase2/results/predictions/full/electrode/resnet/seed_202/bandpass_n20001_cLA_V3_V6_electrode_s10.npz,76518,2e2201dbf13db94b27218d87b91a5778ec7796fff34fe59f96c08b39c6f1bc15
resnet,electrode,202,bandpass_n20001_cLA_V3_V6_electrode_s5,phase2/results/predictions/full/electrode/resnet/seed_202/bandpass_n20001_cLA_V3_V6_electrode_s5.npz,76367,d6db794597e78fb859de62eb72f89d9f115454b5c304757acc9af11066374f2f
resnet,electrode,202,bandpass_n20001_cLA_V3_V6_electrode_s0,phase2/results/predictions/full/electrode/resnet/seed_202/bandpass_n20001_cLA_V3_V6_electrode_s0.npz,75958,080faa38f739e3fbf3915e91d6f6155f29c7c8b65fd8a7fcb25d85a25606ba0e
resnet,electrode,202,bandpass_n20001_cLA_V3_V6_covariance_s20,phase2/results/predictions/full/electrode/resnet/seed_202/bandpass_n20001_cLA_V3_V6_covariance_s20.npz,76591,75f559b3383d6c99a583e59ba8baed4eeeb31fa47160435c8cbc3439655a46ee
resnet,electrode,202,bandpass_n20001_cLA_V3_V6_covariance_s15,phase2/results/predictions/full/electrode/resnet/seed_202/bandpass_n20001_cLA_V3_V6_covariance_s15.npz,76582,c4865db2847817819e444cb43e2b4d4c5b228cb6a79ca112336af57a5fc2d335
resnet,electrode,202,bandpass_n20001_cLA_V3_V6_covariance_s10,phase2/results/predictions/full/electrode/resnet/seed_202/bandpass_n20001_cLA_V3_V6_covariance_s10.npz,76492,ba325cc22d628778a291eea4e78ea214edcba63c9872d75aab8e9f4b0522681e
resnet,electrode,202,bandpass_n20001_cLA_V3_V6_covariance_s5,phase2/results/predictions/full/electrode/resnet/seed_202/bandpass_n20001_cLA_V3_V6_covariance_s5.npz,76364,25b1979563223365c6d22733b6773af0f146c7e8cbc940886bcd30fd1946a90f
resnet,electrode,202,bandpass_n20001_cLA_V3_V6_covariance_s0,phase2/results/predictions/full/electrode/resnet/seed_202/bandpass_n20001_cLA_V3_V6_covariance_s0.npz,75955,f16878e99028c0827c349cdf45b2a46ed97a94ee81de238cbf978a9669d6d870
resnet,electrode,202,bandpass_n20001_cLL_V1_V4_independent_rms_s20,phase2/results/predictions/full/electrode/resnet/seed_202/bandpass_n20001_cLL_V1_V4_independent_rms_s20.npz,76578,b9dced92affa2ccc844b763012ad9c0a4c87c4b0b88b762a3485938be47728ca
resnet,electrode,202,bandpass_n20001_cLL_V1_V4_independent_rms_s15,phase2/results/predictions/full/electrode/resnet/seed_202/bandpass_n20001_cLL_V1_V4_independent_rms_s15.npz,76580,557595b20469afffc29a73a93f101e1daaab67c170e0b7ca52898c0b414487d2
resnet,electrode,202,bandpass_n20001_cLL_V1_V4_independent_rms_s10,phase2/results/predictions/full/electrode/resnet/seed_202/bandpass_n20001_cLL_V1_V4_independent_rms_s10.npz,76591,02d7117b30196327022b5eb539266b254f62e5e0b15c00e1a88e2750fb477115
resnet,electrode,202,bandpass_n20001_cLL_V1_V4_independent_rms_s5,phase2/results/predictions/full/electrode/resnet/seed_202/bandpass_n20001_cLL_V1_V4_independent_rms_s5.npz,76435,ed57b3bb20565247d7a88edd533f0d29d19858f507f7b9180a05cf728a500d64
resnet,electrode,202,bandpass_n20001_cLL_V1_V4_independent_rms_s0,phase2/results/predictions/full/electrode/resnet/seed_202/bandpass_n20001_cLL_V1_V4_independent_rms_s0.npz,76067,3a00ad3c7df9c46336d805beff728d95599824e67a34dddeeda7b44088567ef6
resnet,electrode,202,bandpass_n20001_cLL_V1_V4_electrode_s20,phase2/results/predictions/full/electrode/resnet/seed_202/bandpass_n20001_cLL_V1_V4_electrode_s20.npz,76555,4e1a632bfcd235718f8e6ed10aea4c1c5d8cf8e9dee9ac503e7386c60902579c
resnet,electrode,202,bandpass_n20001_cLL_V1_V4_electrode_s15,phase2/results/predictions/full/electrode/resnet/seed_202/bandpass_n20001_cLL_V1_V4_electrode_s15.npz,76566,8e92dd990df2a273acd5fd8059f7243799eb0443d9c429b54d07072c5d97d27f
resnet,electrode,202,bandpass_n20001_cLL_V1_V4_electrode_s10,phase2/results/predictions/full/electrode/resnet/seed_202/bandpass_n20001_cLL_V1_V4_electrode_s10.npz,76460,07445a8c33a0ad973bace0075821432b8fb6faab3f24116c6aeef97cf82ffa49
resnet,electrode,202,bandpass_n20001_cLL_V1_V4_electrode_s5,phase2/results/predictions/full/electrode/resnet/seed_202/bandpass_n20001_cLL_V1_V4_electrode_s5.npz,76323,dee163b5b770892c09915eb8d50056899e9b19a1bb8261a28ce61e93c5f12867
resnet,electrode,202,bandpass_n20001_cLL_V1_V4_electrode_s0,phase2/results/predictions/full/electrode/resnet/seed_202/bandpass_n20001_cLL_V1_V4_electrode_s0.npz,75888,18cc49e394ecc6856f313b4d9790034165a6f30c7ff022ec1315fb42f408314f
resnet,electrode,202,bandpass_n20001_cLL_V1_V4_covariance_s20,phase2/results/predictions/full/electrode/resnet/seed_202/bandpass_n20001_cLL_V1_V4_covariance_s20.npz,76570,73e596704b021964523c266732c39f0bfcc24b9d3245a2b645b8882f554117db
resnet,electrode,202,bandpass_n20001_cLL_V1_V4_covariance_s15,phase2/results/predictions/full/electrode/resnet/seed_202/bandpass_n20001_cLL_V1_V4_covariance_s15.npz,76567,d61813f9b5d6a4fd271885cacdf21c0e1d80fc4f24471d0dd58a05c882a9e6f8
resnet,electrode,202,bandpass_n20001_cLL_V1_V4_covariance_s10,phase2/results/predictions/full/electrode/resnet/seed_202/bandpass_n20001_cLL_V1_V4_covariance_s10.npz,76490,e7b0e75e449968013195a3d406f9440015d031a737df9aa98a9b04518cda7d5d
resnet,electrode,202,bandpass_n20001_cLL_V1_V4_covariance_s5,phase2/results/predictions/full/electrode/resnet/seed_202/bandpass_n20001_cLL_V1_V4_covariance_s5.npz,76300,5b7cf0b0db5c11965e631558f601144ed3367853ad582187ed275237912fc903
resnet,electrode,202,bandpass_n20001_cLL_V1_V4_covariance_s0,phase2/results/predictions/full/electrode/resnet/seed_202/bandpass_n20001_cLL_V1_V4_covariance_s0.npz,75901,a416e1674f2217c74886c97cf14f6967fa4e39c081b651159dc265dbac166aa2
resnet,electrode,202,bandpass_n20001_call_independent_rms_s20,phase2/results/predictions/full/electrode/resnet/seed_202/bandpass_n20001_call_independent_rms_s20.npz,76550,3e1ea1bc706e520d2ed7fc5d5d26fac9d4486d96072fa0625767ba2d220073b5
resnet,electrode,202,bandpass_n20001_call_independent_rms_s15,phase2/results/predictions/full/electrode/resnet/seed_202/bandpass_n20001_call_independent_rms_s15.npz,76589,f2242d59ec4fc643d89b6419f85e9ceb6840d0249310e3a0ceffffbcc5e1ceb1
resnet,electrode,202,bandpass_n20001_call_independent_rms_s10,phase2/results/predictions/full/electrode/resnet/seed_202/bandpass_n20001_call_independent_rms_s10.npz,76563,a1e35cd61c09ea713e0bd4f92d237543803787a1935cb21bdbf3c308224a81fc
resnet,electrode,202,bandpass_n20001_call_independent_rms_s5,phase2/results/predictions/full/electrode/resnet/seed_202/bandpass_n20001_call_independent_rms_s5.npz,76404,e89d930a85306ea53bad113eeae6d0d3b1e2af79a568c99803e6d3a6b390b8f1
resnet,electrode,202,bandpass_n20001_call_independent_rms_s0,phase2/results/predictions/full/electrode/resnet/seed_202/bandpass_n20001_call_independent_rms_s0.npz,76071,5cfacdc1cb529acf694b766c7b2eb87098aaea8ecab5bce55bedad3fa4d6680d
resnet,electrode,202,bandpass_n20001_call_electrode_s20,phase2/results/predictions/full/electrode/resnet/seed_202/bandpass_n20001_call_electrode_s20.npz,76518,b5870a7b2eb201236bb6855a838485020de4b7add0caa2f7ed80979ea4ca4ca7
resnet,electrode,202,bandpass_n20001_call_electrode_s15,phase2/results/predictions/full/electrode/resnet/seed_202/bandpass_n20001_call_electrode_s15.npz,76527,e0e3df3340adac4163c61176c5c2fcf396f573c1616d0e1ac87b94eb1c44533b
resnet,electrode,202,bandpass_n20001_call_electrode_s10,phase2/results/predictions/full/electrode/resnet/seed_202/bandpass_n20001_call_electrode_s10.npz,76501,5ed6a34c4bcb5c4ddd5f95cc33a7a128844fe7616a6647a7e9e5dc6408370978
resnet,electrode,202,bandpass_n20001_call_electrode_s5,phase2/results/predictions/full/electrode/resnet/seed_202/bandpass_n20001_call_electrode_s5.npz,76289,62f298460bb98e210c9ab57e26e1d0846fb3c131c051556397a358ad844a41db
resnet,electrode,202,bandpass_n20001_call_electrode_s0,phase2/results/predictions/full/electrode/resnet/seed_202/bandpass_n20001_call_electrode_s0.npz,75906,2b87329ef57fc84b885e566184742de1f95885b1cd618630aa4e6573dd06e48e
resnet,electrode,202,bandpass_n20001_call_covariance_s20,phase2/results/predictions/full/electrode/resnet/seed_202/bandpass_n20001_call_covariance_s20.npz,76540,768f6b3d64872fe6c6d9095e56ef439fe81277d588861b204760bdce6c26e0f1
resnet,electrode,202,bandpass_n20001_call_covariance_s15,phase2/results/predictions/full/electrode/resnet/seed_202/bandpass_n20001_call_covariance_s15.npz,76558,9885ad294ea86a3142bda72af01207038ae60ae954f0d134303fe773a0601e0c
resnet,electrode,202,bandpass_n20001_call_covariance_s10,phase2/results/predictions/full/electrode/resnet/seed_202/bandpass_n20001_call_covariance_s10.npz,76466,ba1a8d863acef1019202cf917b5bd8c528f8aebec30130d298c3b891e46f6166
resnet,electrode,202,bandpass_n20001_call_covariance_s5,phase2/results/predictions/full/electrode/resnet/seed_202/bandpass_n20001_call_covariance_s5.npz,76328,5e68a35ce1e792906682159cd7d5fb6eca9402af73989bd73f2436de0c713fde
resnet,electrode,202,bandpass_n20001_call_covariance_s0,phase2/results/predictions/full/electrode/resnet/seed_202/bandpass_n20001_call_covariance_s0.npz,75919,63584dd330f17766b31d2ed290c576f3e36c4e82dc1b17e971c10dc454a33cfd
resnet,electrode,202,bandpass_n20002_cRA_LA_LL_independent_rms_s20,phase2/results/predictions/full/electrode/resnet/seed_202/bandpass_n20002_cRA_LA_LL_independent_rms_s20.npz,76587,942baa6765afa6ed75fcddb867757a393c890da4dfb826e8403f408801b5c0f4
resnet,electrode,202,bandpass_n20002_cRA_LA_LL_independent_rms_s15,phase2/results/predictions/full/electrode/resnet/seed_202/bandpass_n20002_cRA_LA_LL_independent_rms_s15.npz,76606,2a3a9aec52fe769a3cfd6506aa3dd2b9e93093ec2c23f382ba17a66c28d9a101
resnet,electrode,202,bandpass_n20002_cRA_LA_LL_independent_rms_s10,phase2/results/predictions/full/electrode/resnet/seed_202/bandpass_n20002_cRA_LA_LL_independent_rms_s10.npz,76578,9df87af424b00a7fc4824a060c9e5d0bdc317548eb4247df271aefd82fcd9c51
resnet,electrode,202,bandpass_n20002_cRA_LA_LL_independent_rms_s5,phase2/results/predictions/full/electrode/resnet/seed_202/bandpass_n20002_cRA_LA_LL_independent_rms_s5.npz,76385,2abd274a29868e01b6c3c4ca26f69c1d73bc54d6a606fd4fb2629b91e5911937
resnet,electrode,202,bandpass_n20002_cRA_LA_LL_independent_rms_s0,phase2/results/predictions/full/electrode/resnet/seed_202/bandpass_n20002_cRA_LA_LL_independent_rms_s0.npz,76072,dc591f45fdbbbe9c0be9ed47d37c305125300959b65348e60830271232c6d9cf
resnet,electrode,202,bandpass_n20002_cRA_LA_LL_electrode_s20,phase2/results/predictions/full/electrode/resnet/seed_202/bandpass_n20002_cRA_LA_LL_electrode_s20.npz,76567,dfe1f6639f313aa285116e811b2b9d0a60f6c743c682a214cda4c5e6c04199a3
resnet,electrode,202,bandpass_n20002_cRA_LA_LL_electrode_s15,phase2/results/predictions/full/electrode/resnet/seed_202/bandpass_n20002_cRA_LA_LL_electrode_s15.npz,76571,5e542f49aafa9ea874936767da5fcb70d415d6a5ab68f4004b4074cb7da55783
resnet,electrode,202,bandpass_n20002_cRA_LA_LL_electrode_s10,phase2/results/predictions/full/electrode/resnet/seed_202/bandpass_n20002_cRA_LA_LL_electrode_s10.npz,76419,34eb17fd5f4e27b73152e7e41660a473f4c20a1f350131c59aa8cd5275d8a797
resnet,electrode,202,bandpass_n20002_cRA_LA_LL_electrode_s5,phase2/results/predictions/full/electrode/resnet/seed_202/bandpass_n20002_cRA_LA_LL_electrode_s5.npz,76274,0806034ac29c94b8f9732b73e31dc4dbfdebfc5b30cbaea08a8c03fd40f79818
resnet,electrode,202,bandpass_n20002_cRA_LA_LL_electrode_s0,phase2/results/predictions/full/electrode/resnet/seed_202/bandpass_n20002_cRA_LA_LL_electrode_s0.npz,75840,c45661c8df93af93502e8dc907e487de10aca54c43bd0389b12c5d68f67d8c7b
resnet,electrode,202,bandpass_n20002_cRA_LA_LL_covariance_s20,phase2/results/predictions/full/electrode/resnet/seed_202/bandpass_n20002_cRA_LA_LL_covariance_s20.npz,76553,0edbf768ac96dcc54625ce0276dda7163542a1285a159d5a75aca810f143eda9
resnet,electrode,202,bandpass_n20002_cRA_LA_LL_covariance_s15,phase2/results/predictions/full/electrode/resnet/seed_202/bandpass_n20002_cRA_LA_LL_covariance_s15.npz,76537,d75084953fefc51f45175f6e94f1d0fc2eda6e2938e7a5bb7c738d17018dde30
resnet,electrode,202,bandpass_n20002_cRA_LA_LL_covariance_s10,phase2/results/predictions/full/electrode/resnet/seed_202/bandpass_n20002_cRA_LA_LL_covariance_s10.npz,76474,a6e7e3c4a3b853e997f881a896f8c7b8f6bc5258f608d2df8903d80a83ee2d79
resnet,electrode,202,bandpass_n20002_cRA_LA_LL_covariance_s5,phase2/results/predictions/full/electrode/resnet/seed_202/bandpass_n20002_cRA_LA_LL_covariance_s5.npz,76255,adf1cd643590d3670ba2f38812bb2f5949b5af9ec00d6b5faf8b2b2f064f924b
resnet,electrode,202,bandpass_n20002_cRA_LA_LL_covariance_s0,phase2/results/predictions/full/electrode/resnet/seed_202/bandpass_n20002_cRA_LA_LL_covariance_s0.npz,75832,bd8d1ba129d79924eff228f3d4435b3926930cc8f8f0ac714f867d8a7c73bb36
resnet,electrode,202,bandpass_n20002_cV1_independent_rms_s20,phase2/results/predictions/full/electrode/resnet/seed_202/bandpass_n20002_cV1_independent_rms_s20.npz,76596,b5a193881533e450f29cdeb15d580604fcd08f975ca9510c4fe1d78b3d91f38a
resnet,electrode,202,bandpass_n20002_cV1_independent_rms_s15,phase2/results/predictions/full/electrode/resnet/seed_202/bandpass_n20002_cV1_independent_rms_s15.npz,76605,c3e74bc4784284cb0b01cab6ef72d35ca7f15a5f8d6204fae91f086984f2d456
resnet,electrode,202,bandpass_n20002_cV1_independent_rms_s10,phase2/results/predictions/full/electrode/resnet/seed_202/bandpass_n20002_cV1_independent_rms_s10.npz,76501,49ff511cd758f82dbaa277ce52f1cb0f55c08e3d0911608606d30325e96960c8
resnet,electrode,202,bandpass_n20002_cV1_independent_rms_s5,phase2/results/predictions/full/electrode/resnet/seed_202/bandpass_n20002_cV1_independent_rms_s5.npz,76313,f24cefd8d9b8245aeced6b5d9fd903d197f521f4316decb7597f0c812a83b094
resnet,electrode,202,bandpass_n20002_cV1_independent_rms_s0,phase2/results/predictions/full/electrode/resnet/seed_202/bandpass_n20002_cV1_independent_rms_s0.npz,75874,47fdde549bac96a059972e6af98ac9f6a327058bbf4536349e719b0d5f8ce8e1
resnet,electrode,202,bandpass_n20002_cV1_electrode_s20,phase2/results/predictions/full/electrode/resnet/seed_202/bandpass_n20002_cV1_electrode_s20.npz,76541,7c8bdaacab6c99983658541786e8fa8e636ebb67aecf7e1d090eb6a29eabd3fc
resnet,electrode,202,bandpass_n20002_cV1_electrode_s15,phase2/results/predictions/full/electrode/resnet/seed_202/bandpass_n20002_cV1_electrode_s15.npz,76545,0e7b309dc03a478f5441a04a9acfba5ceaa618483e483f6bd24b5aa3b5460da5
resnet,electrode,202,bandpass_n20002_cV1_electrode_s10,phase2/results/predictions/full/electrode/resnet/seed_202/bandpass_n20002_cV1_electrode_s10.npz,76530,adee7d5dc52f643051ded017457e39d106daf5702c0aac27f8b0b4586dd4769f
resnet,electrode,202,bandpass_n20002_cV1_electrode_s5,phase2/results/predictions/full/electrode/resnet/seed_202/bandpass_n20002_cV1_electrode_s5.npz,76297,b886547125656020ae877d8b467003f444fa89e168d4621833083fecc45d7ac7
resnet,electrode,202,bandpass_n20002_cV1_electrode_s0,phase2/results/predictions/full/electrode/resnet/seed_202/bandpass_n20002_cV1_electrode_s0.npz,75877,3fa21b69776c44f82d6436585a7187e18526c97e412738b85607956e257e74cf
resnet,electrode,202,bandpass_n20002_cV1_covariance_s20,phase2/results/predictions/full/electrode/resnet/seed_202/bandpass_n20002_cV1_covariance_s20.npz,76556,b0893f47eabbeb87c95e1ac15f71a411a2865bc6ec52bb8ee8635eb2f02fd14d
resnet,electrode,202,bandpass_n20002_cV1_covariance_s15,phase2/results/predictions/full/electrode/resnet/seed_202/bandpass_n20002_cV1_covariance_s15.npz,76554,0fe7151113bec7414e6b1ef971fa845eb9de04a7687e59d56df7fa8a4c06ad19
resnet,electrode,202,bandpass_n20002_cV1_covariance_s10,phase2/results/predictions/full/electrode/resnet/seed_202/bandpass_n20002_cV1_covariance_s10.npz,76510,009eea6faaf70544398c3e76c85098672fe2857eed4341457cbd7049bc977093
resnet,electrode,202,bandpass_n20002_cV1_covariance_s5,phase2/results/predictions/full/electrode/resnet/seed_202/bandpass_n20002_cV1_covariance_s5.npz,76309,9126d9780935a5f7b14b893043bd757d78dabe9a5aca0b4a4196141e19ca4e23
resnet,electrode,202,bandpass_n20002_cV1_covariance_s0,phase2/results/predictions/full/electrode/resnet/seed_202/bandpass_n20002_cV1_covariance_s0.npz,75878,a186e6a450e0b4dc8f1539ddaeb6e17500d9e89507d8f68bc4ba99bd9b020e33
resnet,electrode,202,bandpass_n20002_cV2_independent_rms_s20,phase2/results/predictions/full/electrode/resnet/seed_202/bandpass_n20002_cV2_independent_rms_s20.npz,76540,7d10e8750bcd8f44ffcad477836afdc409f27de195505a574cd3eb9160e59429
resnet,electrode,202,bandpass_n20002_cV2_independent_rms_s15,phase2/results/predictions/full/electrode/resnet/seed_202/bandpass_n20002_cV2_independent_rms_s15.npz,76567,9ca9ef55485b76ccc4b8d3a9556293a9503c17a50a24f410e4587e916c7ccefc
resnet,electrode,202,bandpass_n20002_cV2_independent_rms_s10,phase2/results/predictions/full/electrode/resnet/seed_202/bandpass_n20002_cV2_independent_rms_s10.npz,76533,9ecd05e65166216fefbbddca69925678b2fce54f59b7bcaf9277ccefc4970d29
resnet,electrode,202,bandpass_n20002_cV2_independent_rms_s5,phase2/results/predictions/full/electrode/resnet/seed_202/bandpass_n20002_cV2_independent_rms_s5.npz,76441,633454ba94973c68126b7228d811fe26ca6af3e752408cfbdb6522a0d5d930f8
resnet,electrode,202,bandpass_n20002_cV2_independent_rms_s0,phase2/results/predictions/full/electrode/resnet/seed_202/bandpass_n20002_cV2_independent_rms_s0.npz,76173,fb22e1d09441c017bf5922e7e8dce1adf35009e529cd6b1696622d883c3aa295
resnet,electrode,202,bandpass_n20002_cV2_electrode_s20,phase2/results/predictions/full/electrode/resnet/seed_202/bandpass_n20002_cV2_electrode_s20.npz,76530,1892e89569e78351639501470f3be2998c99189242d7002caf5a07193b8f1c55
resnet,electrode,202,bandpass_n20002_cV2_electrode_s15,phase2/results/predictions/full/electrode/resnet/seed_202/bandpass_n20002_cV2_electrode_s15.npz,76538,fc8caf1a27339a7da55836ad5e86d16ff2a6287b09d3911be6c6d3311aa87380
resnet,electrode,202,bandpass_n20002_cV2_electrode_s10,phase2/results/predictions/full/electrode/resnet/seed_202/bandpass_n20002_cV2_electrode_s10.npz,76532,943f272c722d7f3db76cf449561d90d0c3b655d80405ed9be1b4de056306eb57
resnet,electrode,202,bandpass_n20002_cV2_electrode_s5,phase2/results/predictions/full/electrode/resnet/seed_202/bandpass_n20002_cV2_electrode_s5.npz,76451,aa6220e24db2a277f41b91e5f20c4ed763b1c6464843b455a6827b5cf095893f
resnet,electrode,202,bandpass_n20002_cV2_electrode_s0,phase2/results/predictions/full/electrode/resnet/seed_202/bandpass_n20002_cV2_electrode_s0.npz,76160,d50e10cb61b9c89b7e242f57a286bb416d13c5cd7680d51f44256090e35fa98d
resnet,electrode,202,bandpass_n20002_cV2_covariance_s20,phase2/results/predictions/full/electrode/resnet/seed_202/bandpass_n20002_cV2_covariance_s20.npz,76563,c4a6416b04711723be58b793cdfce5d88cf4dd7e33f4f43b734ff601a6856976
resnet,electrode,202,bandpass_n20002_cV2_covariance_s15,phase2/results/predictions/full/electrode/resnet/seed_202/bandpass_n20002_cV2_covariance_s15.npz,76587,17b5fb16c960edff8af92e924d2e1d4898f283e15c24e88d4889d6d4ac4e03d5
resnet,electrode,202,bandpass_n20002_cV2_covariance_s10,phase2/results/predictions/full/electrode/resnet/seed_202/bandpass_n20002_cV2_covariance_s10.npz,76550,264cad08cebce7f600d657063b73d7d20dd8c4af1a264da6b2647aa1df62f3a6
resnet,electrode,202,bandpass_n20002_cV2_covariance_s5,phase2/results/predictions/full/electrode/resnet/seed_202/bandpass_n20002_cV2_covariance_s5.npz,76447,0b64f37d346e49d069e01e96db73d4d9e7e3c6ad88523b94f69e2a7450333ae8
resnet,electrode,202,bandpass_n20002_cV2_covariance_s0,phase2/results/predictions/full/electrode/resnet/seed_202/bandpass_n20002_cV2_covariance_s0.npz,76127,d1e908caacb74c6a5cb03e04ead1586f3947d2944c44df35519bdbd14783aab0
resnet,electrode,202,bandpass_n20002_cV3_independent_rms_s20,phase2/results/predictions/full/electrode/resnet/seed_202/bandpass_n20002_cV3_independent_rms_s20.npz,76560,183e6063a3dab9efc0793a230f1bbb59d04775f0e6e07455a00493600f2d796f
resnet,electrode,202,bandpass_n20002_cV3_independent_rms_s15,phase2/results/predictions/full/electrode/resnet/seed_202/bandpass_n20002_cV3_independent_rms_s15.npz,76609,717074ae707c0326a2b9b63076b8faf4e3bf5f0bcf35ac8366bdddc59adfdd88
resnet,electrode,202,bandpass_n20002_cV3_independent_rms_s10,phase2/results/predictions/full/electrode/resnet/seed_202/bandpass_n20002_cV3_independent_rms_s10.npz,76543,4db1b90833fc98e1ed6b1fbb5c754dbc3e296371def4edbbd697f4b4153e8c3d
resnet,electrode,202,bandpass_n20002_cV3_independent_rms_s5,phase2/results/predictions/full/electrode/resnet/seed_202/bandpass_n20002_cV3_independent_rms_s5.npz,76489,86f650eae7f1f973343ec6f1c28d398c62b4cafaadcd3374b5ed30a8e0f9a1e3
resnet,electrode,202,bandpass_n20002_cV3_independent_rms_s0,phase2/results/predictions/full/electrode/resnet/seed_202/bandpass_n20002_cV3_independent_rms_s0.npz,76280,f326495282114f5e4b7a558e57917e2e74c59373b2d626eecd0d4f5f7d5719b1
resnet,electrode,202,bandpass_n20002_cV3_electrode_s20,phase2/results/predictions/full/electrode/resnet/seed_202/bandpass_n20002_cV3_electrode_s20.npz,76522,0aff47545fe2bbe7a74d4630b8737b500ce5b038571420563270ff45646899bd
resnet,electrode,202,bandpass_n20002_cV3_electrode_s15,phase2/results/predictions/full/electrode/resnet/seed_202/bandpass_n20002_cV3_electrode_s15.npz,76579,b125cee64b4a77afc21a09d583d2f3e6e9d889022cd05fda7f02ce9c6ca0a3ef
resnet,electrode,202,bandpass_n20002_cV3_electrode_s10,phase2/results/predictions/full/electrode/resnet/seed_202/bandpass_n20002_cV3_electrode_s10.npz,76539,9a864726f140c4cf27da46cec37867536f5866fdbdcb48cfd8e3c9314aef0922
resnet,electrode,202,bandpass_n20002_cV3_electrode_s5,phase2/results/predictions/full/electrode/resnet/seed_202/bandpass_n20002_cV3_electrode_s5.npz,76426,0eb9da41892ebc29257483df0249dfcda243ef2a29f6b23b98ef1e0c28dec86e
resnet,electrode,202,bandpass_n20002_cV3_electrode_s0,phase2/results/predictions/full/electrode/resnet/seed_202/bandpass_n20002_cV3_electrode_s0.npz,76241,a626cd744c375194df49ed4ec965fd68774c9e9a4d6bb597cb06b25e593d3b98
resnet,electrode,202,bandpass_n20002_cV3_covariance_s20,phase2/results/predictions/full/electrode/resnet/seed_202/bandpass_n20002_cV3_covariance_s20.npz,76559,21184b64e53656f93d3b1521538fa743c6f98b6852f8dcc986bbc9967871e7a5
resnet,electrode,202,bandpass_n20002_cV3_covariance_s15,phase2/results/predictions/full/electrode/resnet/seed_202/bandpass_n20002_cV3_covariance_s15.npz,76540,a6e690be98d6e11c6dc3e5dda12df992eb2683f17af6ed6d297b34470f649dd1
resnet,electrode,202,bandpass_n20002_cV3_covariance_s10,phase2/results/predictions/full/electrode/resnet/seed_202/bandpass_n20002_cV3_covariance_s10.npz,76526,31c5fc124b3f5e3c72187c9efe9a014a30dc888b4b840f91306cd8a20d7bd312
resnet,electrode,202,bandpass_n20002_cV3_covariance_s5,phase2/results/predictions/full/electrode/resnet/seed_202/bandpass_n20002_cV3_covariance_s5.npz,76478,ec2b7a5ac972d878511e55ab5f67cf54ce863269832ce748fbe2b26dfab381be
resnet,electrode,202,bandpass_n20002_cV3_covariance_s0,phase2/results/predictions/full/electrode/resnet/seed_202/bandpass_n20002_cV3_covariance_s0.npz,76254,5339da408134de39c02618b1b461f4d216c544a875ebd652b37e75ac5d862797
resnet,electrode,202,bandpass_n20002_cV4_independent_rms_s20,phase2/results/predictions/full/electrode/resnet/seed_202/bandpass_n20002_cV4_independent_rms_s20.npz,76569,c4f00b7c966942959d20911cae16e12985fe4913eab75f0a41d4631945cbd5a7
resnet,electrode,202,bandpass_n20002_cV4_independent_rms_s15,phase2/results/predictions/full/electrode/resnet/seed_202/bandpass_n20002_cV4_independent_rms_s15.npz,76590,002ed918b97055c7a7d14f65a6c84979dfc5c233b924bddfe024bd87eb4ad1a7
resnet,electrode,202,bandpass_n20002_cV4_independent_rms_s10,phase2/results/predictions/full/electrode/resnet/seed_202/bandpass_n20002_cV4_independent_rms_s10.npz,76563,8877c56f62f2dae098cdda56d2cc5542c7e2c91e5671411302f282d475425d20
resnet,electrode,202,bandpass_n20002_cV4_independent_rms_s5,phase2/results/predictions/full/electrode/resnet/seed_202/bandpass_n20002_cV4_independent_rms_s5.npz,76456,cd06e699af1dab9dfd81092809c9fd81763c0165447ccc051a2dd3e1020a9121
resnet,electrode,202,bandpass_n20002_cV4_independent_rms_s0,phase2/results/predictions/full/electrode/resnet/seed_202/bandpass_n20002_cV4_independent_rms_s0.npz,76146,aa2a860e06c6daa39f448cec073baf880ce0da9344d673f7648027afff61b99f
resnet,electrode,202,bandpass_n20002_cV4_electrode_s20,phase2/results/predictions/full/electrode/resnet/seed_202/bandpass_n20002_cV4_electrode_s20.npz,76572,3a1cd5c91c3715c27320f105c54463a5f05ab2c7a51000f5fbc865678c205663
resnet,electrode,202,bandpass_n20002_cV4_electrode_s15,phase2/results/predictions/full/electrode/resnet/seed_202/bandpass_n20002_cV4_electrode_s15.npz,76551,f4eaf1b71d33855e16d8078d679d4d3483c34fba363384878c996975842e6317
resnet,electrode,202,bandpass_n20002_cV4_electrode_s10,phase2/results/predictions/full/electrode/resnet/seed_202/bandpass_n20002_cV4_electrode_s10.npz,76541,0912d7962baa76a01006a42cea3029b2f2fab91e91a0dabc46f2c7d365617a42
resnet,electrode,202,bandpass_n20002_cV4_electrode_s5,phase2/results/predictions/full/electrode/resnet/seed_202/bandpass_n20002_cV4_electrode_s5.npz,76413,fe702aa0a945862279e31a014485824df737b8f999a0d0a35e3dc12bc24ec96e
resnet,electrode,202,bandpass_n20002_cV4_electrode_s0,phase2/results/predictions/full/electrode/resnet/seed_202/bandpass_n20002_cV4_electrode_s0.npz,76123,3089978671ec66792957a47783a33f01e7e3f5ad0d6ffeec6dd5f0caa1f89cae
resnet,electrode,202,bandpass_n20002_cV4_covariance_s20,phase2/results/predictions/full/electrode/resnet/seed_202/bandpass_n20002_cV4_covariance_s20.npz,76565,2e884aa0488b2e51e7fb89d3aef53df29b4a1333c06e62e3dad93658117e1efb
resnet,electrode,202,bandpass_n20002_cV4_covariance_s15,phase2/results/predictions/full/electrode/resnet/seed_202/bandpass_n20002_cV4_covariance_s15.npz,76559,3a8db04170e3c4a55fb52b347b3c2ac3f4eaf4143c945c276df3daaa63989e22
resnet,electrode,202,bandpass_n20002_cV4_covariance_s10,phase2/results/predictions/full/electrode/resnet/seed_202/bandpass_n20002_cV4_covariance_s10.npz,76551,93712ca1cdce0412f6c1def9a092697f6114f5f4c53629c81b688c43abefc8e6
resnet,electrode,202,bandpass_n20002_cV4_covariance_s5,phase2/results/predictions/full/electrode/resnet/seed_202/bandpass_n20002_cV4_covariance_s5.npz,76444,3bb3c599f105350a9388699f9893dbd427fc47f64ed03316386699a21ac95d48
resnet,electrode,202,bandpass_n20002_cV4_covariance_s0,phase2/results/predictions/full/electrode/resnet/seed_202/bandpass_n20002_cV4_covariance_s0.npz,76152,d14702fff8efc1a17d7cc94138d67c1c92fe64f4e4eea007a215a0f36ef3fd6a
resnet,electrode,202,bandpass_n20002_cV5_independent_rms_s20,phase2/results/predictions/full/electrode/resnet/seed_202/bandpass_n20002_cV5_independent_rms_s20.npz,76529,fb8b81bafb7064e2fd8860bbee1d2b51e1c84b04254f78f926894381e97d9955
resnet,electrode,202,bandpass_n20002_cV5_independent_rms_s15,phase2/results/predictions/full/electrode/resnet/seed_202/bandpass_n20002_cV5_independent_rms_s15.npz,76523,256d9c4ad335f130dfd7b9f3a32fa6b7cb4307bc67fd7ae468a1bd4e315ea244
resnet,electrode,202,bandpass_n20002_cV5_independent_rms_s10,phase2/results/predictions/full/electrode/resnet/seed_202/bandpass_n20002_cV5_independent_rms_s10.npz,76535,49b64badefc28e9a41c7ebf8b002d84aa60379647ab253fbf5decf062c0eed42
resnet,electrode,202,bandpass_n20002_cV5_independent_rms_s5,phase2/results/predictions/full/electrode/resnet/seed_202/bandpass_n20002_cV5_independent_rms_s5.npz,76398,dbc943f212f27b49b8cc3f0ffa0c7b12affb67990e56e6eed4719b9c85d3574b
resnet,electrode,202,bandpass_n20002_cV5_independent_rms_s0,phase2/results/predictions/full/electrode/resnet/seed_202/bandpass_n20002_cV5_independent_rms_s0.npz,76069,15bfc577ace4a140cba34c7941c0f6f5254b69dd094f440a3da6407aa91afb7a
resnet,electrode,202,bandpass_n20002_cV5_electrode_s20,phase2/results/predictions/full/electrode/resnet/seed_202/bandpass_n20002_cV5_electrode_s20.npz,76549,acf675182c57a2631867acf9e67f4e9a57a3851eefce946b9c1675688c284b09
resnet,electrode,202,bandpass_n20002_cV5_electrode_s15,phase2/results/predictions/full/electrode/resnet/seed_202/bandpass_n20002_cV5_electrode_s15.npz,76569,dbab62213444c887d985ea9d6ba38ca8b8470f6f8f19a599ee26f4a178ebb399
resnet,electrode,202,bandpass_n20002_cV5_electrode_s10,phase2/results/predictions/full/electrode/resnet/seed_202/bandpass_n20002_cV5_electrode_s10.npz,76509,a60e409b82f0192b450aafd458ab7cbb64a48516ae04825feb70faeb2cad80d9
resnet,electrode,202,bandpass_n20002_cV5_electrode_s5,phase2/results/predictions/full/electrode/resnet/seed_202/bandpass_n20002_cV5_electrode_s5.npz,76405,74c184391667b0dfc58bdf4afe072cd3ed007b4860f94eac6955271fa08d51c1
resnet,electrode,202,bandpass_n20002_cV5_electrode_s0,phase2/results/predictions/full/electrode/resnet/seed_202/bandpass_n20002_cV5_electrode_s0.npz,76014,145feea9aa54d1c8fbc2c53450c6e5f4420e4df180af33e2db3d5053f21b343e
resnet,electrode,202,bandpass_n20002_cV5_covariance_s20,phase2/results/predictions/full/electrode/resnet/seed_202/bandpass_n20002_cV5_covariance_s20.npz,76550,ff4c4126affb1f5658ce85332fe92161a3adbf8a503defc5e3bf16795494e677
resnet,electrode,202,bandpass_n20002_cV5_covariance_s15,phase2/results/predictions/full/electrode/resnet/seed_202/bandpass_n20002_cV5_covariance_s15.npz,76566,73cce034f8b958a07bfe09addb59260dca640c2f2a5bf8e0bb609ed9b30adbab
resnet,electrode,202,bandpass_n20002_cV5_covariance_s10,phase2/results/predictions/full/electrode/resnet/seed_202/bandpass_n20002_cV5_covariance_s10.npz,76512,141b3726ee8c62863f09097dbc890ff047a2402eb23f28b4fcd022d63c1ba16e
resnet,electrode,202,bandpass_n20002_cV5_covariance_s5,phase2/results/predictions/full/electrode/resnet/seed_202/bandpass_n20002_cV5_covariance_s5.npz,76385,208a3fd605cbed28d2074120dee3efb6f9298bb35e97087d5d485f3f120eece1
resnet,electrode,202,bandpass_n20002_cV5_covariance_s0,phase2/results/predictions/full/electrode/resnet/seed_202/bandpass_n20002_cV5_covariance_s0.npz,76034,c8e0cd16a3dc0cf57fa2fff180a360e5ae4dafe0ec96393f2052c37459368b37
resnet,electrode,202,bandpass_n20002_cV6_independent_rms_s20,phase2/results/predictions/full/electrode/resnet/seed_202/bandpass_n20002_cV6_independent_rms_s20.npz,76555,1356fd1c1dc3416da1e564e01fbd4011a3caa927e39957ee37f5acfd4ee73096
resnet,electrode,202,bandpass_n20002_cV6_independent_rms_s15,phase2/results/predictions/full/electrode/resnet/seed_202/bandpass_n20002_cV6_independent_rms_s15.npz,76534,ee12176cebb2d3767e74d1315ebee57d4dbfa18166aacf409deab4833bd1bd9c
resnet,electrode,202,bandpass_n20002_cV6_independent_rms_s10,phase2/results/predictions/full/electrode/resnet/seed_202/bandpass_n20002_cV6_independent_rms_s10.npz,76562,2169457ac73eb1791b804c915f5de5e1af3c0fda724a1094d76d06eb6baead42
resnet,electrode,202,bandpass_n20002_cV6_independent_rms_s5,phase2/results/predictions/full/electrode/resnet/seed_202/bandpass_n20002_cV6_independent_rms_s5.npz,76451,e0dec35f586c0ff2ffed9418c0e302a4cda14575570e0421fed8cdd058e903c5
resnet,electrode,202,bandpass_n20002_cV6_independent_rms_s0,phase2/results/predictions/full/electrode/resnet/seed_202/bandpass_n20002_cV6_independent_rms_s0.npz,76114,49d605922eab83463f917f4aba36a7071018db6d37b0761ac9695632e8570995
resnet,electrode,202,bandpass_n20002_cV6_electrode_s20,phase2/results/predictions/full/electrode/resnet/seed_202/bandpass_n20002_cV6_electrode_s20.npz,76582,186fdd1f2a23710833406a9a3ca0cf68738098d57e32ce75e0901cbde27afb68
resnet,electrode,202,bandpass_n20002_cV6_electrode_s15,phase2/results/predictions/full/electrode/resnet/seed_202/bandpass_n20002_cV6_electrode_s15.npz,76538,15c1acea8f0a393710a99fd7dfdc2216fa9e5ef7bac344c9ff734d704b92c81b
resnet,electrode,202,bandpass_n20002_cV6_electrode_s10,phase2/results/predictions/full/electrode/resnet/seed_202/bandpass_n20002_cV6_electrode_s10.npz,76516,84b13907322c2979cd2cfc7fe4853f14e2c2334ae6eb9192d4efd931add4a7c8
resnet,electrode,202,bandpass_n20002_cV6_electrode_s5,phase2/results/predictions/full/electrode/resnet/seed_202/bandpass_n20002_cV6_electrode_s5.npz,76445,66686359433b290143f93030c9248d57274c971bc91d563800e59a6a8ffef2c3
resnet,electrode,202,bandpass_n20002_cV6_electrode_s0,phase2/results/predictions/full/electrode/resnet/seed_202/bandpass_n20002_cV6_electrode_s0.npz,76099,95a94f6a8e38194eef1112048d65c943f33778ca43c6508498931297b58175d2
resnet,electrode,202,bandpass_n20002_cV6_covariance_s20,phase2/results/predictions/full/electrode/resnet/seed_202/bandpass_n20002_cV6_covariance_s20.npz,76531,1dd336ba2f9a8391d0295c3d48f2eecda88c50233513a078ec44a0e6501813e3
resnet,electrode,202,bandpass_n20002_cV6_covariance_s15,phase2/results/predictions/full/electrode/resnet/seed_202/bandpass_n20002_cV6_covariance_s15.npz,76527,beec9546b59801e8c3a513929b2efd5971fa862476103f9d2f96834279c40124
resnet,electrode,202,bandpass_n20002_cV6_covariance_s10,phase2/results/predictions/full/electrode/resnet/seed_202/bandpass_n20002_cV6_covariance_s10.npz,76544,0c45c5b7976567d0746b61cadda514aa6187ecfdae3463546ea82dce89d19f68
resnet,electrode,202,bandpass_n20002_cV6_covariance_s5,phase2/results/predictions/full/electrode/resnet/seed_202/bandpass_n20002_cV6_covariance_s5.npz,76426,e166c5d633b6a9c033dbcaa169379855ec0ee3872d51870b95429dbed6fef460
resnet,electrode,202,bandpass_n20002_cV6_covariance_s0,phase2/results/predictions/full/electrode/resnet/seed_202/bandpass_n20002_cV6_covariance_s0.npz,76100,519aff2a3c4b88a192c736fb937785c03e79f7f6a71eba83ca80de77da8bcc80
resnet,electrode,202,bandpass_n20002_cRA_LA_independent_rms_s20,phase2/results/predictions/full/electrode/resnet/seed_202/bandpass_n20002_cRA_LA_independent_rms_s20.npz,76604,0569b0de5e146d5dacc96c2bacaa0594ca80ea56a13f80fc059df68e97c1506c
resnet,electrode,202,bandpass_n20002_cRA_LA_independent_rms_s15,phase2/results/predictions/full/electrode/resnet/seed_202/bandpass_n20002_cRA_LA_independent_rms_s15.npz,76547,4beffb3e4c95ea291590d9ec193120481e4125ab7db4719eb649b4cc0741db49
resnet,electrode,202,bandpass_n20002_cRA_LA_independent_rms_s10,phase2/results/predictions/full/electrode/resnet/seed_202/bandpass_n20002_cRA_LA_independent_rms_s10.npz,76535,f7650af4f33c4ab2dceeebdd4bc1972f09d68b7cc5a05513283b4933532c3056
resnet,electrode,202,bandpass_n20002_cRA_LA_independent_rms_s5,phase2/results/predictions/full/electrode/resnet/seed_202/bandpass_n20002_cRA_LA_independent_rms_s5.npz,76410,6f57a747c5e87fbddf3dae1dca3035b2ba4f9b29d31f1e921bb37d628a6ee68a
resnet,electrode,202,bandpass_n20002_cRA_LA_independent_rms_s0,phase2/results/predictions/full/electrode/resnet/seed_202/bandpass_n20002_cRA_LA_independent_rms_s0.npz,76084,93aade0803a3ef0871b9dc1e126c4ab1f6688e16a611c1c17dad62a4e86b35a4
resnet,electrode,202,bandpass_n20002_cRA_LA_electrode_s20,phase2/results/predictions/full/electrode/resnet/seed_202/bandpass_n20002_cRA_LA_electrode_s20.npz,76543,ec2e531a86a986dcb94d6ebd12e8f123a05509cd069fc06167667afcb510f12e
resnet,electrode,202,bandpass_n20002_cRA_LA_electrode_s15,phase2/results/predictions/full/electrode/resnet/seed_202/bandpass_n20002_cRA_LA_electrode_s15.npz,76549,828957866e10effe09e59e583d11296de70ec87b76a5c02e7897a1ebc172d7c3
resnet,electrode,202,bandpass_n20002_cRA_LA_electrode_s10,phase2/results/predictions/full/electrode/resnet/seed_202/bandpass_n20002_cRA_LA_electrode_s10.npz,76468,dc662aca3a0397dd8a7fac93592fa1787e8fd97e96c61f0c6bcd8ecb812cffd9
resnet,electrode,202,bandpass_n20002_cRA_LA_electrode_s5,phase2/results/predictions/full/electrode/resnet/seed_202/bandpass_n20002_cRA_LA_electrode_s5.npz,76282,f36e54afaae874076af7a36634b51cfdb7862dd8438e52ca5761174f8bffd8f4
resnet,electrode,202,bandpass_n20002_cRA_LA_electrode_s0,phase2/results/predictions/full/electrode/resnet/seed_202/bandpass_n20002_cRA_LA_electrode_s0.npz,75862,129cdfeba561646f91b74d8fc1f255ba12f5bea64be05cd022b4e6c36a855d0d
resnet,electrode,202,bandpass_n20002_cRA_LA_covariance_s20,phase2/results/predictions/full/electrode/resnet/seed_202/bandpass_n20002_cRA_LA_covariance_s20.npz,76551,f249fdca3ff0b031c73f728b6cd4d43731d5b32de0ec4a3691e5fa642117bcfb
resnet,electrode,202,bandpass_n20002_cRA_LA_covariance_s15,phase2/results/predictions/full/electrode/resnet/seed_202/bandpass_n20002_cRA_LA_covariance_s15.npz,76573,ff6b571e66083de3424dcd8891c09e085f54b687914a8df3f4900f332d883112
resnet,electrode,202,bandpass_n20002_cRA_LA_covariance_s10,phase2/results/predictions/full/electrode/resnet/seed_202/bandpass_n20002_cRA_LA_covariance_s10.npz,76450,d1d2b570643a8a44f7b81bc784bbe85adf17e0241a2bbe69b3e2ac58b238c8cf
resnet,electrode,202,bandpass_n20002_cRA_LA_covariance_s5,phase2/results/predictions/full/electrode/resnet/seed_202/bandpass_n20002_cRA_LA_covariance_s5.npz,76266,41dd6bb74009dde8bcaac9e194ca388b87570ee532c6fc636196536ad5a28220
resnet,electrode,202,bandpass_n20002_cRA_LA_covariance_s0,phase2/results/predictions/full/electrode/resnet/seed_202/bandpass_n20002_cRA_LA_covariance_s0.npz,75833,7b08f2172b1b3aa355acd38d1c3cabfbbf8dfaa5364c5145965f1a2c07cbce1c
resnet,electrode,202,bandpass_n20002_cLA_LL_independent_rms_s20,phase2/results/predictions/full/electrode/resnet/seed_202/bandpass_n20002_cLA_LL_independent_rms_s20.npz,76553,5a5fd8e11a51cad20db1675190226d1a57fd51e9946f6955b84e76f094354381
resnet,electrode,202,bandpass_n20002_cLA_LL_independent_rms_s15,phase2/results/predictions/full/electrode/resnet/seed_202/bandpass_n20002_cLA_LL_independent_rms_s15.npz,76600,84fd9bc340d92606657647ba77f7175c79cb69f1d19ca0388c7d16fb3573d69f
resnet,electrode,202,bandpass_n20002_cLA_LL_independent_rms_s10,phase2/results/predictions/full/electrode/resnet/seed_202/bandpass_n20002_cLA_LL_independent_rms_s10.npz,76539,9364f5c30bcfa0b73ec177e6a26f404103891095dec3fd0f44a21a45417cca75
resnet,electrode,202,bandpass_n20002_cLA_LL_independent_rms_s5,phase2/results/predictions/full/electrode/resnet/seed_202/bandpass_n20002_cLA_LL_independent_rms_s5.npz,76419,37123f718b2d16ff80e29ed0cc5c7ed41faea9c02b10fc885ed1c97ed94cfda7
resnet,electrode,202,bandpass_n20002_cLA_LL_independent_rms_s0,phase2/results/predictions/full/electrode/resnet/seed_202/bandpass_n20002_cLA_LL_independent_rms_s0.npz,76068,494db61cb27a215e1bbd6fd2083bb1afa2622f38d785374a393de1f35ba164fd
resnet,electrode,202,bandpass_n20002_cLA_LL_electrode_s20,phase2/results/predictions/full/electrode/resnet/seed_202/bandpass_n20002_cLA_LL_electrode_s20.npz,76568,2a274cb06e116e4856c8e4b187e07645c920f2dbd86a674f5dd46a67a104a69f
resnet,electrode,202,bandpass_n20002_cLA_LL_electrode_s15,phase2/results/predictions/full/electrode/resnet/seed_202/bandpass_n20002_cLA_LL_electrode_s15.npz,76538,ec061b6b6bebc8a582d3d61cc237e3cad70aaf2b8fa6b6b748952e9cd8551a8a
resnet,electrode,202,bandpass_n20002_cLA_LL_electrode_s10,phase2/results/predictions/full/electrode/resnet/seed_202/bandpass_n20002_cLA_LL_electrode_s10.npz,76490,0ffdf72683e99bd467142427fc795ac3c4f54ac80244eda124afd6301d5d775a
resnet,electrode,202,bandpass_n20002_cLA_LL_electrode_s5,phase2/results/predictions/full/electrode/resnet/seed_202/bandpass_n20002_cLA_LL_electrode_s5.npz,76265,eaae35f00bd6bde6453f6670aad122ee05ea845b6879a82e19cf21be479e51a1
resnet,electrode,202,bandpass_n20002_cLA_LL_electrode_s0,phase2/results/predictions/full/electrode/resnet/seed_202/bandpass_n20002_cLA_LL_electrode_s0.npz,75842,a27907c6eaf6db0dfd896355448ef82b9f9f7f9c695445b17c29b7c49398ced6
resnet,electrode,202,bandpass_n20002_cLA_LL_covariance_s20,phase2/results/predictions/full/electrode/resnet/seed_202/bandpass_n20002_cLA_LL_covariance_s20.npz,76569,84dcc6131f10c2fedd4e566a4c959e7742b64261cbf09587309a5048a6efce43
resnet,electrode,202,bandpass_n20002_cLA_LL_covariance_s15,phase2/results/predictions/full/electrode/resnet/seed_202/bandpass_n20002_cLA_LL_covariance_s15.npz,76521,1d439c53008b0e69c263049d250e335fb13abf7a4951e08ba24e13ecf02392d4
resnet,electrode,202,bandpass_n20002_cLA_LL_covariance_s10,phase2/results/predictions/full/electrode/resnet/seed_202/bandpass_n20002_cLA_LL_covariance_s10.npz,76440,ab68f25605b073d98d51619d4462835bf3cd5a2b58497e4791570efabc78e283
resnet,electrode,202,bandpass_n20002_cLA_LL_covariance_s5,phase2/results/predictions/full/electrode/resnet/seed_202/bandpass_n20002_cLA_LL_covariance_s5.npz,76272,c66de335cb0a1bedcdaa6263107ff0cd33fa4faf4520dd1a1ab894f0d39c6e92
resnet,electrode,202,bandpass_n20002_cLA_LL_covariance_s0,phase2/results/predictions/full/electrode/resnet/seed_202/bandpass_n20002_cLA_LL_covariance_s0.npz,75833,4d74f20619a26a94e8b46df529d4a21f57e6847c6d8872cb20d04d7436c86882
resnet,electrode,202,bandpass_n20002_cRA_LL_independent_rms_s20,phase2/results/predictions/full/electrode/resnet/seed_202/bandpass_n20002_cRA_LL_independent_rms_s20.npz,76569,7f059dda7f7d74b2e3290d7ba9740426134ca8619c4b5345baf14f361a141950
resnet,electrode,202,bandpass_n20002_cRA_LL_independent_rms_s15,phase2/results/predictions/full/electrode/resnet/seed_202/bandpass_n20002_cRA_LL_independent_rms_s15.npz,76584,788e87db1480367fdedd48a6ade2595f9e54e238d09b35aebae3b6087aea5832
resnet,electrode,202,bandpass_n20002_cRA_LL_independent_rms_s10,phase2/results/predictions/full/electrode/resnet/seed_202/bandpass_n20002_cRA_LL_independent_rms_s10.npz,76524,2fe3566633952247099b060181fab8662038eef13c4eb4a656959d576e1e5e3f
resnet,electrode,202,bandpass_n20002_cRA_LL_independent_rms_s5,phase2/results/predictions/full/electrode/resnet/seed_202/bandpass_n20002_cRA_LL_independent_rms_s5.npz,76391,405458b700a85ef07986ffb9aec5641ff838083fc50a75cb83378e9edaa39aba
resnet,electrode,202,bandpass_n20002_cRA_LL_independent_rms_s0,phase2/results/predictions/full/electrode/resnet/seed_202/bandpass_n20002_cRA_LL_independent_rms_s0.npz,76100,836b28f193164e5456623687509437b11d7289bdd4dcf97d745c161095ea887a
resnet,electrode,202,bandpass_n20002_cRA_LL_electrode_s20,phase2/results/predictions/full/electrode/resnet/seed_202/bandpass_n20002_cRA_LL_electrode_s20.npz,76555,8789ca12860da310f9d8dd135113500c3f6c1f5ab7e71b65877a24423103c72b
resnet,electrode,202,bandpass_n20002_cRA_LL_electrode_s15,phase2/results/predictions/full/electrode/resnet/seed_202/bandpass_n20002_cRA_LL_electrode_s15.npz,76531,8c68b5637f3727abfc4bbcff2334a8d702ff369b61a634085d95f20e00f9dbd4
resnet,electrode,202,bandpass_n20002_cRA_LL_electrode_s10,phase2/results/predictions/full/electrode/resnet/seed_202/bandpass_n20002_cRA_LL_electrode_s10.npz,76406,26bf22909c2765d6fc7fb6b4ad7ef4ecb0b8d34f00f7066ddb731f6c3f581792
resnet,electrode,202,bandpass_n20002_cRA_LL_electrode_s5,phase2/results/predictions/full/electrode/resnet/seed_202/bandpass_n20002_cRA_LL_electrode_s5.npz,76272,107c65358e47e1edc8dd1b6f2afa8ea8880891326633ab04a631dc9103b6046d
resnet,electrode,202,bandpass_n20002_cRA_LL_electrode_s0,phase2/results/predictions/full/electrode/resnet/seed_202/bandpass_n20002_cRA_LL_electrode_s0.npz,75836,927ee74dc481bef220e79e1c91e719bbee4cb89ddd0175ffc5bab7f6f3a17051
resnet,electrode,202,bandpass_n20002_cRA_LL_covariance_s20,phase2/results/predictions/full/electrode/resnet/seed_202/bandpass_n20002_cRA_LL_covariance_s20.npz,76567,5976269a8aa8035aa1aaf986e842379ce81644c5c241c41565389012461b998e
resnet,electrode,202,bandpass_n20002_cRA_LL_covariance_s15,phase2/results/predictions/full/electrode/resnet/seed_202/bandpass_n20002_cRA_LL_covariance_s15.npz,76514,ed375962d4e61d8ad6c7f1e85402bb4e30b828e40494d7dea76cd89ea26251fa
resnet,electrode,202,bandpass_n20002_cRA_LL_covariance_s10,phase2/results/predictions/full/electrode/resnet/seed_202/bandpass_n20002_cRA_LL_covariance_s10.npz,76442,29214e9c838c5495cc94f383efe8a544d1da3a21bcbcd6291552926261658d47
resnet,electrode,202,bandpass_n20002_cRA_LL_covariance_s5,phase2/results/predictions/full/electrode/resnet/seed_202/bandpass_n20002_cRA_LL_covariance_s5.npz,76228,ad362189da44f1222191721e812cd692c8634b64bce20bbad16550556cbf38c0
resnet,electrode,202,bandpass_n20002_cRA_LL_covariance_s0,phase2/results/predictions/full/electrode/resnet/seed_202/bandpass_n20002_cRA_LL_covariance_s0.npz,75855,4aa43d76be65915a1ed7a723c45df36a12846d13e100f2dfad50eda9253ae818
resnet,electrode,202,bandpass_n20002_cRA_independent_rms_s20,phase2/results/predictions/full/electrode/resnet/seed_202/bandpass_n20002_cRA_independent_rms_s20.npz,76544,dc5526f637c5abfd6264182a6ebdf25bee894895d4352f6860c1a7ed09f8da84
resnet,electrode,202,bandpass_n20002_cRA_independent_rms_s15,phase2/results/predictions/full/electrode/resnet/seed_202/bandpass_n20002_cRA_independent_rms_s15.npz,76580,f6d254c4683a58d0359fb06193626a10fa2b0a9f49fdd568b8b3cdcb21e9dc11
resnet,electrode,202,bandpass_n20002_cRA_independent_rms_s10,phase2/results/predictions/full/electrode/resnet/seed_202/bandpass_n20002_cRA_independent_rms_s10.npz,76532,b98ced3842e316fc3275bc8ce29bf26d095f1878271db1ca5343778550d3ef1f
resnet,electrode,202,bandpass_n20002_cRA_independent_rms_s5,phase2/results/predictions/full/electrode/resnet/seed_202/bandpass_n20002_cRA_independent_rms_s5.npz,76389,cf0902dbe62b25bbfd6145a0d266ed6a090ed1a26defc879acf107ddf40c6d70
resnet,electrode,202,bandpass_n20002_cRA_independent_rms_s0,phase2/results/predictions/full/electrode/resnet/seed_202/bandpass_n20002_cRA_independent_rms_s0.npz,76064,0f93d5ab5ea2e57a95f013fdb3ba61c3be86997788778c429e84b3f0c11d371e
resnet,electrode,202,bandpass_n20002_cRA_electrode_s20,phase2/results/predictions/full/electrode/resnet/seed_202/bandpass_n20002_cRA_electrode_s20.npz,76580,3d6d6c806cbc643c504b72bf8d7d8fddad817ffc756161c13cece9224452d69f
resnet,electrode,202,bandpass_n20002_cRA_electrode_s15,phase2/results/predictions/full/electrode/resnet/seed_202/bandpass_n20002_cRA_electrode_s15.npz,76557,ccbc19db18e71f9eb36a5f52633177eac0d29220cf3b9cc17338f1642959529a
resnet,electrode,202,bandpass_n20002_cRA_electrode_s10,phase2/results/predictions/full/electrode/resnet/seed_202/bandpass_n20002_cRA_electrode_s10.npz,76400,881469bdd8dd04461a7fed064e2319684c8a9a661938bc9bbaf7079dd274955a
resnet,electrode,202,bandpass_n20002_cRA_electrode_s5,phase2/results/predictions/full/electrode/resnet/seed_202/bandpass_n20002_cRA_electrode_s5.npz,76265,daaa863a494224decbae7c5a1a3cd92026869df9f436856b09882b0303e31a89
resnet,electrode,202,bandpass_n20002_cRA_electrode_s0,phase2/results/predictions/full/electrode/resnet/seed_202/bandpass_n20002_cRA_electrode_s0.npz,75940,b2f8255fedb035c475cb8f5e6bd1b14be8ab5bfd09353af7f9b16a498aabad69
resnet,electrode,202,bandpass_n20002_cRA_covariance_s20,phase2/results/predictions/full/electrode/resnet/seed_202/bandpass_n20002_cRA_covariance_s20.npz,76545,03fee222ffb6485c48e98ad364d234594d368805e3c8a6c2ac6e53f29c552f66
resnet,electrode,202,bandpass_n20002_cRA_covariance_s15,phase2/results/predictions/full/electrode/resnet/seed_202/bandpass_n20002_cRA_covariance_s15.npz,76542,0a9f0fda62abbd9728e118bb2e90d62d7198fb4d2bbdb0f0f0399182a45c96cc
resnet,electrode,202,bandpass_n20002_cRA_covariance_s10,phase2/results/predictions/full/electrode/resnet/seed_202/bandpass_n20002_cRA_covariance_s10.npz,76459,19850fbe56a5cfa397163f16fedc5d61d62ef44f2ee6d909d62cf7314cdbc319
resnet,electrode,202,bandpass_n20002_cRA_covariance_s5,phase2/results/predictions/full/electrode/resnet/seed_202/bandpass_n20002_cRA_covariance_s5.npz,76295,0312311abd221bb7456b52c74112db462716365a7b5173c1028b69f1c121386a
resnet,electrode,202,bandpass_n20002_cRA_covariance_s0,phase2/results/predictions/full/electrode/resnet/seed_202/bandpass_n20002_cRA_covariance_s0.npz,75944,8acee29e0a644cc2c2ad24d25f0a67595267c217c0eaa23e7b510e66e264e3da
resnet,electrode,202,bandpass_n20002_cLA_independent_rms_s20,phase2/results/predictions/full/electrode/resnet/seed_202/bandpass_n20002_cLA_independent_rms_s20.npz,76546,e5bb129ea97995c2a2ccda5532f433f6b1e6697f30a9cd9dd7c3a8e571cdb6ae
resnet,electrode,202,bandpass_n20002_cLA_independent_rms_s15,phase2/results/predictions/full/electrode/resnet/seed_202/bandpass_n20002_cLA_independent_rms_s15.npz,76582,5cfea842b684366a1c1662a61611eb8c9f052dd47ce1442557cddedd0baecd0d
resnet,electrode,202,bandpass_n20002_cLA_independent_rms_s10,phase2/results/predictions/full/electrode/resnet/seed_202/bandpass_n20002_cLA_independent_rms_s10.npz,76538,3efdfabb424c4bc04172ba21708684052d9e631bcdf84c1d39800aa349f1185c
resnet,electrode,202,bandpass_n20002_cLA_independent_rms_s5,phase2/results/predictions/full/electrode/resnet/seed_202/bandpass_n20002_cLA_independent_rms_s5.npz,76416,2034fbd4fb4acfc3cb7c23ce2ef6d124fbc26d037799eb4d740e547bc0284c1e
resnet,electrode,202,bandpass_n20002_cLA_independent_rms_s0,phase2/results/predictions/full/electrode/resnet/seed_202/bandpass_n20002_cLA_independent_rms_s0.npz,76020,375473a14a9c20664b892fde8df9020af8fd5fd77bc28b95b6795765923ddee9
resnet,electrode,202,bandpass_n20002_cLA_electrode_s20,phase2/results/predictions/full/electrode/resnet/seed_202/bandpass_n20002_cLA_electrode_s20.npz,76553,cb72ef100edda421b1bfaf160872ffefae16d5e3ce248c98835b0692acfb97b9
resnet,electrode,202,bandpass_n20002_cLA_electrode_s15,phase2/results/predictions/full/electrode/resnet/seed_202/bandpass_n20002_cLA_electrode_s15.npz,76532,7e9809e39de8f0948011b2a9e9db773d64dffd39aca6cfe5cdd0af8092627d87
resnet,electrode,202,bandpass_n20002_cLA_electrode_s10,phase2/results/predictions/full/electrode/resnet/seed_202/bandpass_n20002_cLA_electrode_s10.npz,76467,5db0514ec74e84f64b57d70b83109173e6decaebe89a12df8d0ad943c619bcaa
resnet,electrode,202,bandpass_n20002_cLA_electrode_s5,phase2/results/predictions/full/electrode/resnet/seed_202/bandpass_n20002_cLA_electrode_s5.npz,76289,07a0bcf1089d3fcb69f37f8a2f4867585c1c5ef5a8cb10ccc139784213ccd59c
resnet,electrode,202,bandpass_n20002_cLA_electrode_s0,phase2/results/predictions/full/electrode/resnet/seed_202/bandpass_n20002_cLA_electrode_s0.npz,75843,43af68541df64210ece1a82095963a657e64c3b5976034fc9120bfe6efe9abb3
resnet,electrode,202,bandpass_n20002_cLA_covariance_s20,phase2/results/predictions/full/electrode/resnet/seed_202/bandpass_n20002_cLA_covariance_s20.npz,76583,8892ca551ffc43b7c8332ada8c42d03738868690ed4bb0b727c34ffb85c3d6d3
resnet,electrode,202,bandpass_n20002_cLA_covariance_s15,phase2/results/predictions/full/electrode/resnet/seed_202/bandpass_n20002_cLA_covariance_s15.npz,76537,75459ee8dffb26d1f54249b3ceaa88a865b2372c429d83778942c5cb28ce8fb9
resnet,electrode,202,bandpass_n20002_cLA_covariance_s10,phase2/results/predictions/full/electrode/resnet/seed_202/bandpass_n20002_cLA_covariance_s10.npz,76438,f4022274530b8687821d5b0ec5e032bede26898e61fec963ac3155e838824c75
resnet,electrode,202,bandpass_n20002_cLA_covariance_s5,phase2/results/predictions/full/electrode/resnet/seed_202/bandpass_n20002_cLA_covariance_s5.npz,76244,21bd89e6a0ce5c22a93b940fda3fe3d18f294c4f40fccc9fb51ef1ec1c145f69
resnet,electrode,202,bandpass_n20002_cLA_covariance_s0,phase2/results/predictions/full/electrode/resnet/seed_202/bandpass_n20002_cLA_covariance_s0.npz,75823,072727e6887d9afa9c3b76266bcd606e6c803ac3bb768748c747ea1548d5f637
resnet,electrode,202,bandpass_n20002_cLL_independent_rms_s20,phase2/results/predictions/full/electrode/resnet/seed_202/bandpass_n20002_cLL_independent_rms_s20.npz,76570,9e90fce92019ff357e443f06e1c1b5b1ee9e7a68e97e23a1729318d30cc7af74
resnet,electrode,202,bandpass_n20002_cLL_independent_rms_s15,phase2/results/predictions/full/electrode/resnet/seed_202/bandpass_n20002_cLL_independent_rms_s15.npz,76568,db1c2c286e5150d1fdbc6e24b886d0fd9030a76af925216fe339524daf48447c
resnet,electrode,202,bandpass_n20002_cLL_independent_rms_s10,phase2/results/predictions/full/electrode/resnet/seed_202/bandpass_n20002_cLL_independent_rms_s10.npz,76555,1d7163e3b7823912651191ff66f3102fcad8d280fddfd0be1a69800e720f9bc4
resnet,electrode,202,bandpass_n20002_cLL_independent_rms_s5,phase2/results/predictions/full/electrode/resnet/seed_202/bandpass_n20002_cLL_independent_rms_s5.npz,76407,b9fb133d7a6070544e9de335099facc374e3f96021c8addfcee57b7d8d69feda
resnet,electrode,202,bandpass_n20002_cLL_independent_rms_s0,phase2/results/predictions/full/electrode/resnet/seed_202/bandpass_n20002_cLL_independent_rms_s0.npz,76049,6c796a753e845dc68df3e7fb45ad6922c66f10ea66e59838498dbf6e25735a03
resnet,electrode,202,bandpass_n20002_cLL_electrode_s20,phase2/results/predictions/full/electrode/resnet/seed_202/bandpass_n20002_cLL_electrode_s20.npz,76569,91713fa39d47dd8a216c187f35abaf6c236baad312d2553e6ffed068f954e421
resnet,electrode,202,bandpass_n20002_cLL_electrode_s15,phase2/results/predictions/full/electrode/resnet/seed_202/bandpass_n20002_cLL_electrode_s15.npz,76521,85d77548331b209d2c08e517621951bf577c7cd9507db3be077f0d82aab9e025
resnet,electrode,202,bandpass_n20002_cLL_electrode_s10,phase2/results/predictions/full/electrode/resnet/seed_202/bandpass_n20002_cLL_electrode_s10.npz,76459,701e9f2d950204c4bba2c9940c37fa9b446f876e54c65eeb6afce27c10635095
resnet,electrode,202,bandpass_n20002_cLL_electrode_s5,phase2/results/predictions/full/electrode/resnet/seed_202/bandpass_n20002_cLL_electrode_s5.npz,76246,eddf48a7b7d274d70022f4732c0e1a8e5dc6ec469dc28d9da94efe22f0254b21
resnet,electrode,202,bandpass_n20002_cLL_electrode_s0,phase2/results/predictions/full/electrode/resnet/seed_202/bandpass_n20002_cLL_electrode_s0.npz,75841,4b18b5141a80c549fcd040903d499bb87ee4f45c6e60b25d59e49be9cbf88f8b
resnet,electrode,202,bandpass_n20002_cLL_covariance_s20,phase2/results/predictions/full/electrode/resnet/seed_202/bandpass_n20002_cLL_covariance_s20.npz,76533,69a07fcd78050e163fdc26e1e62697c696abe1c6e0104058412569f17a2a950c
resnet,electrode,202,bandpass_n20002_cLL_covariance_s15,phase2/results/predictions/full/electrode/resnet/seed_202/bandpass_n20002_cLL_covariance_s15.npz,76537,b9275d1f3a11d76420c2261496e666422bf06e0c97cba41e033027c3298c0198
resnet,electrode,202,bandpass_n20002_cLL_covariance_s10,phase2/results/predictions/full/electrode/resnet/seed_202/bandpass_n20002_cLL_covariance_s10.npz,76411,8690ff5df88d63af7ed6a3a97247738f609d365e6da4a870de34392d62f173c2
resnet,electrode,202,bandpass_n20002_cLL_covariance_s5,phase2/results/predictions/full/electrode/resnet/seed_202/bandpass_n20002_cLL_covariance_s5.npz,76233,6e1b896bdce2fed8ec616f5ccf767f5a9170e7280679728c5781af7bac79faca
resnet,electrode,202,bandpass_n20002_cLL_covariance_s0,phase2/results/predictions/full/electrode/resnet/seed_202/bandpass_n20002_cLL_covariance_s0.npz,75827,cdb03a341054db41e9d95240838f4e889adde116d6775f01ca1aca40c2e37c6a
resnet,electrode,202,bandpass_n20002_cRA_V1_independent_rms_s20,phase2/results/predictions/full/electrode/resnet/seed_202/bandpass_n20002_cRA_V1_independent_rms_s20.npz,76615,38ba42b12edc67a9612c749a0861ef39bb67ebca4a881f2ac18f72d62b974e7f
resnet,electrode,202,bandpass_n20002_cRA_V1_independent_rms_s15,phase2/results/predictions/full/electrode/resnet/seed_202/bandpass_n20002_cRA_V1_independent_rms_s15.npz,76563,fdfc1739a487f1511f15715435464c2ae919f2a96447a9c3d66a1ccc64ff75d7
resnet,electrode,202,bandpass_n20002_cRA_V1_independent_rms_s10,phase2/results/predictions/full/electrode/resnet/seed_202/bandpass_n20002_cRA_V1_independent_rms_s10.npz,76559,dda29f2bfead6eb64715e0718a033e012cae44e5d2b934eb3b26ef3934948882
resnet,electrode,202,bandpass_n20002_cRA_V1_independent_rms_s5,phase2/results/predictions/full/electrode/resnet/seed_202/bandpass_n20002_cRA_V1_independent_rms_s5.npz,76422,80fce4b93ebe257c9c6e3ca0514aef6c581b4695aec9b0aa70621b7e4bfedf7a
resnet,electrode,202,bandpass_n20002_cRA_V1_independent_rms_s0,phase2/results/predictions/full/electrode/resnet/seed_202/bandpass_n20002_cRA_V1_independent_rms_s0.npz,76049,67e3f430f7121edb801887d17bf7b96c0d8688bedb9c30290399b86bcc4c0d7e
resnet,electrode,202,bandpass_n20002_cRA_V1_electrode_s20,phase2/results/predictions/full/electrode/resnet/seed_202/bandpass_n20002_cRA_V1_electrode_s20.npz,76582,e16b7012f6a6f858859f8f1e56a1f1528b5ba952083ed9b6ddff363c312a5377
resnet,electrode,202,bandpass_n20002_cRA_V1_electrode_s15,phase2/results/predictions/full/electrode/resnet/seed_202/bandpass_n20002_cRA_V1_electrode_s15.npz,76508,a4aaba25c5a82d90a509b85757c6d8e62a955812c20a71b001a09d17cb6ff023
resnet,electrode,202,bandpass_n20002_cRA_V1_electrode_s10,phase2/results/predictions/full/electrode/resnet/seed_202/bandpass_n20002_cRA_V1_electrode_s10.npz,76444,d2a544e8cfd6654914bd5b44f986fa1ff4700458711330c8d0349e3c5077da7b
resnet,electrode,202,bandpass_n20002_cRA_V1_electrode_s5,phase2/results/predictions/full/electrode/resnet/seed_202/bandpass_n20002_cRA_V1_electrode_s5.npz,76308,0cfabfcab6b502b47aca510ee3c1f01aa0e8e7e49f5a2f14b13fdf6be47bbe70
resnet,electrode,202,bandpass_n20002_cRA_V1_electrode_s0,phase2/results/predictions/full/electrode/resnet/seed_202/bandpass_n20002_cRA_V1_electrode_s0.npz,75962,83ba475d6bd7c18707933a2cab25ebc9f657f11d6fc87e0f3bc57ae377371775
resnet,electrode,202,bandpass_n20002_cRA_V1_covariance_s20,phase2/results/predictions/full/electrode/resnet/seed_202/bandpass_n20002_cRA_V1_covariance_s20.npz,76571,8c0b8e9059b1f33f86261fd6b079fbf838af8df8b6f87262ec37321f6b9f1fe5
resnet,electrode,202,bandpass_n20002_cRA_V1_covariance_s15,phase2/results/predictions/full/electrode/resnet/seed_202/bandpass_n20002_cRA_V1_covariance_s15.npz,76556,34414a3d171ae20aa6b1a6e7081fbced4be09c8836d12b60437446de0d178706
resnet,electrode,202,bandpass_n20002_cRA_V1_covariance_s10,phase2/results/predictions/full/electrode/resnet/seed_202/bandpass_n20002_cRA_V1_covariance_s10.npz,76451,b2142c23d084970e8a9d051f04259dcc8dc1e057a94eaf18dc19fdfc01eff75d
resnet,electrode,202,bandpass_n20002_cRA_V1_covariance_s5,phase2/results/predictions/full/electrode/resnet/seed_202/bandpass_n20002_cRA_V1_covariance_s5.npz,76298,65acae67db2be7d5de72ab73db57d8e4ab838485d5aa4f62436b9166aafe745f
resnet,electrode,202,bandpass_n20002_cRA_V1_covariance_s0,phase2/results/predictions/full/electrode/resnet/seed_202/bandpass_n20002_cRA_V1_covariance_s0.npz,75928,0b9b36ef1be85a667bf3de817105301a7964abd7dabd8243a4b2867061b2b1d3
resnet,electrode,202,bandpass_n20002_cLA_V6_independent_rms_s20,phase2/results/predictions/full/electrode/resnet/seed_202/bandpass_n20002_cLA_V6_independent_rms_s20.npz,76566,b9d8a9024f917ff06915cea25e85c7eea630d150c51fe009ce442ac243ecb131
resnet,electrode,202,bandpass_n20002_cLA_V6_independent_rms_s15,phase2/results/predictions/full/electrode/resnet/seed_202/bandpass_n20002_cLA_V6_independent_rms_s15.npz,76563,67f4f555adac78c7baef02baa8a8c364235f9c962616603c83387dc404f69a1f
resnet,electrode,202,bandpass_n20002_cLA_V6_independent_rms_s10,phase2/results/predictions/full/electrode/resnet/seed_202/bandpass_n20002_cLA_V6_independent_rms_s10.npz,76575,54958e6648b984784b9010e221e02ea3483d6fe8817278f1f964eb183f2bdfb4
resnet,electrode,202,bandpass_n20002_cLA_V6_independent_rms_s5,phase2/results/predictions/full/electrode/resnet/seed_202/bandpass_n20002_cLA_V6_independent_rms_s5.npz,76472,85ee897fccc8bb7a333895171ce636a90948dc4a3f4d4ed21dcc6024e883bf23
resnet,electrode,202,bandpass_n20002_cLA_V6_independent_rms_s0,phase2/results/predictions/full/electrode/resnet/seed_202/bandpass_n20002_cLA_V6_independent_rms_s0.npz,76122,f87826e520a09562b8fcc01f2464e3b14a1bff8186f86ba2647ce522d0d5a74f
resnet,electrode,202,bandpass_n20002_cLA_V6_electrode_s20,phase2/results/predictions/full/electrode/resnet/seed_202/bandpass_n20002_cLA_V6_electrode_s20.npz,76572,58efc532f7e9e46814b97c0c20048d57be754c7f9d0e70147f50222597ca53e7
resnet,electrode,202,bandpass_n20002_cLA_V6_electrode_s15,phase2/results/predictions/full/electrode/resnet/seed_202/bandpass_n20002_cLA_V6_electrode_s15.npz,76553,dfe2771c37634659e51df1e99db71a6651183d4e3b9057d1f359e775ec90ecd7
resnet,electrode,202,bandpass_n20002_cLA_V6_electrode_s10,phase2/results/predictions/full/electrode/resnet/seed_202/bandpass_n20002_cLA_V6_electrode_s10.npz,76463,71f78df4df18bdad1b3b955f3ae4274c6c9baf23865f836226583ab2e85fa6d6
resnet,electrode,202,bandpass_n20002_cLA_V6_electrode_s5,phase2/results/predictions/full/electrode/resnet/seed_202/bandpass_n20002_cLA_V6_electrode_s5.npz,76313,6805ab05be2a974a6b8f4e0d569d3301e89998b5150a0a97165ed95c0676da92
resnet,electrode,202,bandpass_n20002_cLA_V6_electrode_s0,phase2/results/predictions/full/electrode/resnet/seed_202/bandpass_n20002_cLA_V6_electrode_s0.npz,75893,aca431b773e7ab4f424b3ecc887b5a5e27cd65913fcad208e2df0d6b715c5e1f
resnet,electrode,202,bandpass_n20002_cLA_V6_covariance_s20,phase2/results/predictions/full/electrode/resnet/seed_202/bandpass_n20002_cLA_V6_covariance_s20.npz,76570,a5fdb9fb228bad8bc99d1ebb8cc95f0acc9b998b15863ec0fe047a160f75c7ed
resnet,electrode,202,bandpass_n20002_cLA_V6_covariance_s15,phase2/results/predictions/full/electrode/resnet/seed_202/bandpass_n20002_cLA_V6_covariance_s15.npz,76534,7c0b5f6e607b3cd584a2d251c457ab00e0740c8bf3068ed2207ae360c325656f
resnet,electrode,202,bandpass_n20002_cLA_V6_covariance_s10,phase2/results/predictions/full/electrode/resnet/seed_202/bandpass_n20002_cLA_V6_covariance_s10.npz,76492,28a24b6a0160321b08a5800381508595d1642508898eafccf5da273096175826
resnet,electrode,202,bandpass_n20002_cLA_V6_covariance_s5,phase2/results/predictions/full/electrode/resnet/seed_202/bandpass_n20002_cLA_V6_covariance_s5.npz,76316,7db3ecf95882eac0e0e42be0ca567594165cd93372b7935efb27435ab897c51e
resnet,electrode,202,bandpass_n20002_cLA_V6_covariance_s0,phase2/results/predictions/full/electrode/resnet/seed_202/bandpass_n20002_cLA_V6_covariance_s0.npz,75902,4df56fdc467a6ffcc87eef91b92463b55562da2a672f37b5d4bc48b680afa21c
resnet,electrode,202,bandpass_n20002_cLL_V4_independent_rms_s20,phase2/results/predictions/full/electrode/resnet/seed_202/bandpass_n20002_cLL_V4_independent_rms_s20.npz,76577,47a51e38e7a79700fe17a7768d5c78f0d63ce17db5394133cd669c4cbdfb195d
resnet,electrode,202,bandpass_n20002_cLL_V4_independent_rms_s15,phase2/results/predictions/full/electrode/resnet/seed_202/bandpass_n20002_cLL_V4_independent_rms_s15.npz,76568,956dbde2c4abccc0ddda9939c7edfd7a25c65899432801db9ccfaa12bb9eb31a
resnet,electrode,202,bandpass_n20002_cLL_V4_independent_rms_s10,phase2/results/predictions/full/electrode/resnet/seed_202/bandpass_n20002_cLL_V4_independent_rms_s10.npz,76581,798f1f8f5c2b18f6b192992ff67a96a12f185ccdf8a98c87787217e13d567d61
resnet,electrode,202,bandpass_n20002_cLL_V4_independent_rms_s5,phase2/results/predictions/full/electrode/resnet/seed_202/bandpass_n20002_cLL_V4_independent_rms_s5.npz,76465,31ae96abe813e239e3d78d155774e4364c4d6866deb5cdf0507be50e448fb727
resnet,electrode,202,bandpass_n20002_cLL_V4_independent_rms_s0,phase2/results/predictions/full/electrode/resnet/seed_202/bandpass_n20002_cLL_V4_independent_rms_s0.npz,76116,3d9f4eff42e9017300b4ef0e38777b5fb90b27c1d8133b8462867b36c98bf331
resnet,electrode,202,bandpass_n20002_cLL_V4_electrode_s20,phase2/results/predictions/full/electrode/resnet/seed_202/bandpass_n20002_cLL_V4_electrode_s20.npz,76568,9ffa68780fd2a52b74529102287f0bc4690e75877c884e00de290a8df352d196
resnet,electrode,202,bandpass_n20002_cLL_V4_electrode_s15,phase2/results/predictions/full/electrode/resnet/seed_202/bandpass_n20002_cLL_V4_electrode_s15.npz,76547,2ba8601430eaa5fffdd29f39295bf975c62582ebef986111b8ab2a9b9e2306b6
resnet,electrode,202,bandpass_n20002_cLL_V4_electrode_s10,phase2/results/predictions/full/electrode/resnet/seed_202/bandpass_n20002_cLL_V4_electrode_s10.npz,76507,df0fa0043ad2846fecbcdbbd0f9b27de97330658770dccb114b21a3dda48899f
resnet,electrode,202,bandpass_n20002_cLL_V4_electrode_s5,phase2/results/predictions/full/electrode/resnet/seed_202/bandpass_n20002_cLL_V4_electrode_s5.npz,76268,06864e3c8aa5dd8a10d3dedd6e4d2b9d4b2c957a84b093e681e4694bbb869a00
resnet,electrode,202,bandpass_n20002_cLL_V4_electrode_s0,phase2/results/predictions/full/electrode/resnet/seed_202/bandpass_n20002_cLL_V4_electrode_s0.npz,75880,13bbe4981603022691ff3a2560dd30043fa2158aedd393a4f4048e0c19230769
resnet,electrode,202,bandpass_n20002_cLL_V4_covariance_s20,phase2/results/predictions/full/electrode/resnet/seed_202/bandpass_n20002_cLL_V4_covariance_s20.npz,76564,2208a6c04a1b64d51e8672a032100a50dffad492569f9f0e8e22cd8ee7e78bd5
resnet,electrode,202,bandpass_n20002_cLL_V4_covariance_s15,phase2/results/predictions/full/electrode/resnet/seed_202/bandpass_n20002_cLL_V4_covariance_s15.npz,76521,216d64c7705b61c76a36d9fe649eb2e86f2f415396f96bd58da507939f354aae
resnet,electrode,202,bandpass_n20002_cLL_V4_covariance_s10,phase2/results/predictions/full/electrode/resnet/seed_202/bandpass_n20002_cLL_V4_covariance_s10.npz,76508,9c5f18e584f12e69f767ccfd5571e62ec7cb7517cd683390cf1c90f7b2e306c5
resnet,electrode,202,bandpass_n20002_cLL_V4_covariance_s5,phase2/results/predictions/full/electrode/resnet/seed_202/bandpass_n20002_cLL_V4_covariance_s5.npz,76272,6dc8f2116a1a201df4e1c3e1ee16d69a0f42c6d594eef6f89d7e3a2d3c881d75
resnet,electrode,202,bandpass_n20002_cLL_V4_covariance_s0,phase2/results/predictions/full/electrode/resnet/seed_202/bandpass_n20002_cLL_V4_covariance_s0.npz,75882,b37ae69ee364206e3d9d99f5c81d61fdacc48526397b2c8a058a386f28b33baa
resnet,electrode,202,bandpass_n20002_cRA_LA_V1_V6_independent_rms_s20,phase2/results/predictions/full/electrode/resnet/seed_202/bandpass_n20002_cRA_LA_V1_V6_independent_rms_s20.npz,76604,77362b711e56344cd692d5272265e0738aeeebc7a1dd58f614da63f2d6510bbd
resnet,electrode,202,bandpass_n20002_cRA_LA_V1_V6_independent_rms_s15,phase2/results/predictions/full/electrode/resnet/seed_202/bandpass_n20002_cRA_LA_V1_V6_independent_rms_s15.npz,76592,a8b7865bead8b1f7ff88f2b146c6841d532dccfa54b51702014436b3c2e9bc4c
resnet,electrode,202,bandpass_n20002_cRA_LA_V1_V6_independent_rms_s10,phase2/results/predictions/full/electrode/resnet/seed_202/bandpass_n20002_cRA_LA_V1_V6_independent_rms_s10.npz,76586,7e974b72dd9ddf050a335c90fceee260ffcb9bad8f25dbe0286c54806fb1bbfb
resnet,electrode,202,bandpass_n20002_cRA_LA_V1_V6_independent_rms_s5,phase2/results/predictions/full/electrode/resnet/seed_202/bandpass_n20002_cRA_LA_V1_V6_independent_rms_s5.npz,76419,c1a25921e43720a2b5838fa252f0ebb98f266c856be91dad54c9a32394351876
resnet,electrode,202,bandpass_n20002_cRA_LA_V1_V6_independent_rms_s0,phase2/results/predictions/full/electrode/resnet/seed_202/bandpass_n20002_cRA_LA_V1_V6_independent_rms_s0.npz,76063,9e6f6100c6681b2fed42ce1c4111d0af0de0b5dc9d3b207f2feaa354673e6384
resnet,electrode,202,bandpass_n20002_cRA_LA_V1_V6_electrode_s20,phase2/results/predictions/full/electrode/resnet/seed_202/bandpass_n20002_cRA_LA_V1_V6_electrode_s20.npz,76569,e6d23d46315db1c33f572f0e16738db342079a96db42822ab18f4b8a7945967b
resnet,electrode,202,bandpass_n20002_cRA_LA_V1_V6_electrode_s15,phase2/results/predictions/full/electrode/resnet/seed_202/bandpass_n20002_cRA_LA_V1_V6_electrode_s15.npz,76585,cd0f3f22b31a72cceb1becd0dc729cd8d00d5487981265bbcaa833f3e88555d0
resnet,electrode,202,bandpass_n20002_cRA_LA_V1_V6_electrode_s10,phase2/results/predictions/full/electrode/resnet/seed_202/bandpass_n20002_cRA_LA_V1_V6_electrode_s10.npz,76501,62296de8f028e7f6f89395a24598842356042b106c79e8dc48dc12c60c0b3845
resnet,electrode,202,bandpass_n20002_cRA_LA_V1_V6_electrode_s5,phase2/results/predictions/full/electrode/resnet/seed_202/bandpass_n20002_cRA_LA_V1_V6_electrode_s5.npz,76310,2bda051c7391c98637281d761840377d07b8f387b1c67c891fd66472bdaab098
resnet,electrode,202,bandpass_n20002_cRA_LA_V1_V6_electrode_s0,phase2/results/predictions/full/electrode/resnet/seed_202/bandpass_n20002_cRA_LA_V1_V6_electrode_s0.npz,75919,c22db90876b74799f522ad229b5cd29229bcd08c716783787f514edc72618401
resnet,electrode,202,bandpass_n20002_cRA_LA_V1_V6_covariance_s20,phase2/results/predictions/full/electrode/resnet/seed_202/bandpass_n20002_cRA_LA_V1_V6_covariance_s20.npz,76558,ad9b2c7a1cc0b054198de140505988f7e1a49f00ef0653031ec5bfcbc8a78375
resnet,electrode,202,bandpass_n20002_cRA_LA_V1_V6_covariance_s15,phase2/results/predictions/full/electrode/resnet/seed_202/bandpass_n20002_cRA_LA_V1_V6_covariance_s15.npz,76569,b111f3fc618b3dc7e784e41ad64bdea6e18ab27965932375474b9f8f3585fdd5
resnet,electrode,202,bandpass_n20002_cRA_LA_V1_V6_covariance_s10,phase2/results/predictions/full/electrode/resnet/seed_202/bandpass_n20002_cRA_LA_V1_V6_covariance_s10.npz,76517,8e7c2605442521d4965996593cb789523132eb5429b8064a6559d5be3041afcd
resnet,electrode,202,bandpass_n20002_cRA_LA_V1_V6_covariance_s5,phase2/results/predictions/full/electrode/resnet/seed_202/bandpass_n20002_cRA_LA_V1_V6_covariance_s5.npz,76296,8e7882b2a9a9d5c61867b0ad9e132f5d6982b27ff7b06210df39008df1439432
resnet,electrode,202,bandpass_n20002_cRA_LA_V1_V6_covariance_s0,phase2/results/predictions/full/electrode/resnet/seed_202/bandpass_n20002_cRA_LA_V1_V6_covariance_s0.npz,75888,83d55042023691b11087a09d1168d994c78a5a937c0317fd796dd86805507434
resnet,electrode,202,bandpass_n20002_cRA_V2_V5_independent_rms_s20,phase2/results/predictions/full/electrode/resnet/seed_202/bandpass_n20002_cRA_V2_V5_independent_rms_s20.npz,76610,26e44ee80efc9773bf027bbc9a305c11b32bc5657af30ccaed88fa8eaae2b001
resnet,electrode,202,bandpass_n20002_cRA_V2_V5_independent_rms_s15,phase2/results/predictions/full/electrode/resnet/seed_202/bandpass_n20002_cRA_V2_V5_independent_rms_s15.npz,76568,f6eae587825b2e732656c90ff8bc7c0c2159a4b4247d1522e9facd50d244a7b4
resnet,electrode,202,bandpass_n20002_cRA_V2_V5_independent_rms_s10,phase2/results/predictions/full/electrode/resnet/seed_202/bandpass_n20002_cRA_V2_V5_independent_rms_s10.npz,76558,d912d8ab63e382f06ee42f8d27f07085733cd1091e84a2e9b41f3deb1163f734
resnet,electrode,202,bandpass_n20002_cRA_V2_V5_independent_rms_s5,phase2/results/predictions/full/electrode/resnet/seed_202/bandpass_n20002_cRA_V2_V5_independent_rms_s5.npz,76439,7e41ed353c67f2e1f2700c1fa455391a5620699493a7a2534050a87d86473eff
resnet,electrode,202,bandpass_n20002_cRA_V2_V5_independent_rms_s0,phase2/results/predictions/full/electrode/resnet/seed_202/bandpass_n20002_cRA_V2_V5_independent_rms_s0.npz,76112,1920d465bd24c600cae407b3d369ad4751bb7a23b0c722f773b6d3cab7f8c714
resnet,electrode,202,bandpass_n20002_cRA_V2_V5_electrode_s20,phase2/results/predictions/full/electrode/resnet/seed_202/bandpass_n20002_cRA_V2_V5_electrode_s20.npz,76563,fff0f8da36a6657fe971a87e28a51ceb21db1992e897579257536af8e67fd0ac
resnet,electrode,202,bandpass_n20002_cRA_V2_V5_electrode_s15,phase2/results/predictions/full/electrode/resnet/seed_202/bandpass_n20002_cRA_V2_V5_electrode_s15.npz,76563,c6cab2aa9a5bd8f8b6e76095a7afb2c892908e96d37988da08e237b0e7d05e72
resnet,electrode,202,bandpass_n20002_cRA_V2_V5_electrode_s10,phase2/results/predictions/full/electrode/resnet/seed_202/bandpass_n20002_cRA_V2_V5_electrode_s10.npz,76475,ec843d2c26216169333ef0971bb86ca345d19f57638d7e1b65051413867b092f
resnet,electrode,202,bandpass_n20002_cRA_V2_V5_electrode_s5,phase2/results/predictions/full/electrode/resnet/seed_202/bandpass_n20002_cRA_V2_V5_electrode_s5.npz,76324,440a48a876e49af1fca15bbb50ceb8c4c124857cd7b0ad73a429e17cd1b56a86
resnet,electrode,202,bandpass_n20002_cRA_V2_V5_electrode_s0,phase2/results/predictions/full/electrode/resnet/seed_202/bandpass_n20002_cRA_V2_V5_electrode_s0.npz,75993,27f866dde365a18d3610875db8ab5f163ecd1488573a08ada1ec7a7913fa923d
resnet,electrode,202,bandpass_n20002_cRA_V2_V5_covariance_s20,phase2/results/predictions/full/electrode/resnet/seed_202/bandpass_n20002_cRA_V2_V5_covariance_s20.npz,76569,f44196ac295b9281176a9486ecd673f30e286578149acf85835a36a0905b3097
resnet,electrode,202,bandpass_n20002_cRA_V2_V5_covariance_s15,phase2/results/predictions/full/electrode/resnet/seed_202/bandpass_n20002_cRA_V2_V5_covariance_s15.npz,76540,d5010a7f317adc959984a78ecc22705850b3b09817017bd8f012288a9ab7a0ac
resnet,electrode,202,bandpass_n20002_cRA_V2_V5_covariance_s10,phase2/results/predictions/full/electrode/resnet/seed_202/bandpass_n20002_cRA_V2_V5_covariance_s10.npz,76494,4a97b5c72a34d12c1f222dd801c11ee7237b3679c7bfdbf114a075d3a5c82d31
resnet,electrode,202,bandpass_n20002_cRA_V2_V5_covariance_s5,phase2/results/predictions/full/electrode/resnet/seed_202/bandpass_n20002_cRA_V2_V5_covariance_s5.npz,76339,4d8ea542fafd10667f8d534e6317d14a2a051514a19c53c5af26ac6cec31f876
resnet,electrode,202,bandpass_n20002_cRA_V2_V5_covariance_s0,phase2/results/predictions/full/electrode/resnet/seed_202/bandpass_n20002_cRA_V2_V5_covariance_s0.npz,75983,dde64fa54c8a62cde54c9e9f66e801dba6d32b0185cb5599c692739a98c22fd7
resnet,electrode,202,bandpass_n20002_cLA_V3_V6_independent_rms_s20,phase2/results/predictions/full/electrode/resnet/seed_202/bandpass_n20002_cLA_V3_V6_independent_rms_s20.npz,76577,edbccb13a686b8c613099f35da6acf64503252cd4496ec66457350d02ac571a4
resnet,electrode,202,bandpass_n20002_cLA_V3_V6_independent_rms_s15,phase2/results/predictions/full/electrode/resnet/seed_202/bandpass_n20002_cLA_V3_V6_independent_rms_s15.npz,76562,2b2f6055f101c35dcd6be2b403cb19d6171436d3347bc2976b53d1125118da6e
resnet,electrode,202,bandpass_n20002_cLA_V3_V6_independent_rms_s10,phase2/results/predictions/full/electrode/resnet/seed_202/bandpass_n20002_cLA_V3_V6_independent_rms_s10.npz,76566,2936d7cbc86b74823e75d62c3932b8756a0177d0a899d2822256b3e9fa626def
resnet,electrode,202,bandpass_n20002_cLA_V3_V6_independent_rms_s5,phase2/results/predictions/full/electrode/resnet/seed_202/bandpass_n20002_cLA_V3_V6_independent_rms_s5.npz,76463,2fb6a058a253b1dfd674206bb3b058484dcc11f52b786e59df530d74f40a4696
resnet,electrode,202,bandpass_n20002_cLA_V3_V6_independent_rms_s0,phase2/results/predictions/full/electrode/resnet/seed_202/bandpass_n20002_cLA_V3_V6_independent_rms_s0.npz,76124,1965d488d41586ce26b4b50c7fc55040bea1bfe460f4565a721013970c9b6686
resnet,electrode,202,bandpass_n20002_cLA_V3_V6_electrode_s20,phase2/results/predictions/full/electrode/resnet/seed_202/bandpass_n20002_cLA_V3_V6_electrode_s20.npz,76596,e096d70c0433ca7f92e9d5ea6c3fe6328ff088edec93a6336ecaa1653d231bfa
resnet,electrode,202,bandpass_n20002_cLA_V3_V6_electrode_s15,phase2/results/predictions/full/electrode/resnet/seed_202/bandpass_n20002_cLA_V3_V6_electrode_s15.npz,76564,680feac00564816657154bdcd12805f5bfab98324b61f52341bf86da067c0d40
resnet,electrode,202,bandpass_n20002_cLA_V3_V6_electrode_s10,phase2/results/predictions/full/electrode/resnet/seed_202/bandpass_n20002_cLA_V3_V6_electrode_s10.npz,76521,cd62f024dfa960df79a94db7fe04724e459f851e0bb26bd4bd75fbd940b992a6
resnet,electrode,202,bandpass_n20002_cLA_V3_V6_electrode_s5,phase2/results/predictions/full/electrode/resnet/seed_202/bandpass_n20002_cLA_V3_V6_electrode_s5.npz,76353,519070e753236185706d1ba7b66c507c9472ccde7a95922f38133f0e5dae409a
resnet,electrode,202,bandpass_n20002_cLA_V3_V6_electrode_s0,phase2/results/predictions/full/electrode/resnet/seed_202/bandpass_n20002_cLA_V3_V6_electrode_s0.npz,75966,63b9d5f187bd6a4cdc290b4690b58f0cd40e91ec0c0871305bd660bec17701b8
resnet,electrode,202,bandpass_n20002_cLA_V3_V6_covariance_s20,phase2/results/predictions/full/electrode/resnet/seed_202/bandpass_n20002_cLA_V3_V6_covariance_s20.npz,76552,2ab9257a0bfc078dc016f8ac3872016df955cf8128fc63bc9575d3fc11b93c68
resnet,electrode,202,bandpass_n20002_cLA_V3_V6_covariance_s15,phase2/results/predictions/full/electrode/resnet/seed_202/bandpass_n20002_cLA_V3_V6_covariance_s15.npz,76552,ee6e9816d692c0bcfa258bf121518c8d0cf8000a174be6bdec307f4b848c6beb
resnet,electrode,202,bandpass_n20002_cLA_V3_V6_covariance_s10,phase2/results/predictions/full/electrode/resnet/seed_202/bandpass_n20002_cLA_V3_V6_covariance_s10.npz,76525,fa519a41a1c73b44de4e946997b5bffde45b76f346ed3566100743627c936670
resnet,electrode,202,bandpass_n20002_cLA_V3_V6_covariance_s5,phase2/results/predictions/full/electrode/resnet/seed_202/bandpass_n20002_cLA_V3_V6_covariance_s5.npz,76360,f66fa33fb9f52f77aee3ee7a93b374a8986e320be6cdfcf01eb4c10add37f07f
resnet,electrode,202,bandpass_n20002_cLA_V3_V6_covariance_s0,phase2/results/predictions/full/electrode/resnet/seed_202/bandpass_n20002_cLA_V3_V6_covariance_s0.npz,75924,ef2ca81c9eee63ef924af86788853de35f709bc23c461efb791c396226b6d006
resnet,electrode,202,bandpass_n20002_cLL_V1_V4_independent_rms_s20,phase2/results/predictions/full/electrode/resnet/seed_202/bandpass_n20002_cLL_V1_V4_independent_rms_s20.npz,76580,18b23242e0d51a3618593a841889994e7bd9c23640f018e416a4f91eec3670ad
resnet,electrode,202,bandpass_n20002_cLL_V1_V4_independent_rms_s15,phase2/results/predictions/full/electrode/resnet/seed_202/bandpass_n20002_cLL_V1_V4_independent_rms_s15.npz,76588,1f5d52aabfae88bdd9d2d38cadb01e598fc8d375c41ec8421329e5ede3f3aaab
resnet,electrode,202,bandpass_n20002_cLL_V1_V4_independent_rms_s10,phase2/results/predictions/full/electrode/resnet/seed_202/bandpass_n20002_cLL_V1_V4_independent_rms_s10.npz,76574,f8b05f6b3b58c19d279610e9646c88e22d90dfaa21dcc9c1d335219d24e067bb
resnet,electrode,202,bandpass_n20002_cLL_V1_V4_independent_rms_s5,phase2/results/predictions/full/electrode/resnet/seed_202/bandpass_n20002_cLL_V1_V4_independent_rms_s5.npz,76409,d7c8bd30fb213fb1cff4b2d16d9f142fac6bf6608aeb7610e3f4e39ae2d0b18c
resnet,electrode,202,bandpass_n20002_cLL_V1_V4_independent_rms_s0,phase2/results/predictions/full/electrode/resnet/seed_202/bandpass_n20002_cLL_V1_V4_independent_rms_s0.npz,76091,ca4727886fe381acf9cd5888dcccab93fff6298d9a2ff3e3ffcbe115a5461a65
resnet,electrode,202,bandpass_n20002_cLL_V1_V4_electrode_s20,phase2/results/predictions/full/electrode/resnet/seed_202/bandpass_n20002_cLL_V1_V4_electrode_s20.npz,76582,6c8135742764b6aa6cc55e731fb9ed4db7b6480b9d890d1bafe10a573e848f56
resnet,electrode,202,bandpass_n20002_cLL_V1_V4_electrode_s15,phase2/results/predictions/full/electrode/resnet/seed_202/bandpass_n20002_cLL_V1_V4_electrode_s15.npz,76546,aaccd8c9765dcd113399d8181c51e4affd483a39a78bde28fa10d275e924bf86
resnet,electrode,202,bandpass_n20002_cLL_V1_V4_electrode_s10,phase2/results/predictions/full/electrode/resnet/seed_202/bandpass_n20002_cLL_V1_V4_electrode_s10.npz,76491,2e0b0c221a6713ae557ac10b01eb9d9884dc12b7fdb4074e16bdc01a627e8889
resnet,electrode,202,bandpass_n20002_cLL_V1_V4_electrode_s5,phase2/results/predictions/full/electrode/resnet/seed_202/bandpass_n20002_cLL_V1_V4_electrode_s5.npz,76268,188a8a6a4e4848e337df655f1df8a3f18264a4dd5a7f3bb84437ca77d2cd2bd1
resnet,electrode,202,bandpass_n20002_cLL_V1_V4_electrode_s0,phase2/results/predictions/full/electrode/resnet/seed_202/bandpass_n20002_cLL_V1_V4_electrode_s0.npz,75870,74e3be104f79c47ec46f47191fc4e9bba17d07dde00ef6b99adf97bce17574a0
resnet,electrode,202,bandpass_n20002_cLL_V1_V4_covariance_s20,phase2/results/predictions/full/electrode/resnet/seed_202/bandpass_n20002_cLL_V1_V4_covariance_s20.npz,76555,8b182735eb994d96be6bb6f22db55460ce89ba85256141c18ca4685042bc586e
resnet,electrode,202,bandpass_n20002_cLL_V1_V4_covariance_s15,phase2/results/predictions/full/electrode/resnet/seed_202/bandpass_n20002_cLL_V1_V4_covariance_s15.npz,76569,58a7019d4d9a26ac5a3a0df0734203a6819197aceaeb2cdf25f636b2747abb07
resnet,electrode,202,bandpass_n20002_cLL_V1_V4_covariance_s10,phase2/results/predictions/full/electrode/resnet/seed_202/bandpass_n20002_cLL_V1_V4_covariance_s10.npz,76526,4098c080796578f19f532e0a4485572b34aee151b622f96d4eb50479d8ae6b5a
resnet,electrode,202,bandpass_n20002_cLL_V1_V4_covariance_s5,phase2/results/predictions/full/electrode/resnet/seed_202/bandpass_n20002_cLL_V1_V4_covariance_s5.npz,76295,8225ffe25e18118100496c5214140b5ef16705a10f4cfa2a6c1e0bd16b29a18a
resnet,electrode,202,bandpass_n20002_cLL_V1_V4_covariance_s0,phase2/results/predictions/full/electrode/resnet/seed_202/bandpass_n20002_cLL_V1_V4_covariance_s0.npz,75857,cce4bfa28394749d1d387931dd87599a875d99793df5255e4ce66d59a6e5f4f1
resnet,electrode,202,bandpass_n20002_call_independent_rms_s20,phase2/results/predictions/full/electrode/resnet/seed_202/bandpass_n20002_call_independent_rms_s20.npz,76586,d26ff745e76bfca2a10a79d8c7716d4d333c24503065803b7768dd4c51e8abd1
resnet,electrode,202,bandpass_n20002_call_independent_rms_s15,phase2/results/predictions/full/electrode/resnet/seed_202/bandpass_n20002_call_independent_rms_s15.npz,76569,8b2899e0336ba4313d1d21490203df2c9bc8b42387c175b55e014386e36df5a8
resnet,electrode,202,bandpass_n20002_call_independent_rms_s10,phase2/results/predictions/full/electrode/resnet/seed_202/bandpass_n20002_call_independent_rms_s10.npz,76560,5047fbe00ff5c3cd4806feaa06b77f53f07d91af026560344cebb97f4c482a0e
resnet,electrode,202,bandpass_n20002_call_independent_rms_s5,phase2/results/predictions/full/electrode/resnet/seed_202/bandpass_n20002_call_independent_rms_s5.npz,76433,7ef91405f788fedc518d783e741e795c7c3c7c51775040e91c066010b48305bf
resnet,electrode,202,bandpass_n20002_call_independent_rms_s0,phase2/results/predictions/full/electrode/resnet/seed_202/bandpass_n20002_call_independent_rms_s0.npz,76083,043ff836223fa765779d5e7f52a35e4c9f62d75b327e89f1788e50a2ab53e0ad
resnet,electrode,202,bandpass_n20002_call_electrode_s20,phase2/results/predictions/full/electrode/resnet/seed_202/bandpass_n20002_call_electrode_s20.npz,76534,ad4c9dff41b814ff39a8e7eb8a5ea2d58d546b23079f2f3286c47bf3af4082a0
resnet,electrode,202,bandpass_n20002_call_electrode_s15,phase2/results/predictions/full/electrode/resnet/seed_202/bandpass_n20002_call_electrode_s15.npz,76539,2df5f57af89067fe9fbde95d16b1161f2700e39f71fecad186f5771070a56977
resnet,electrode,202,bandpass_n20002_call_electrode_s10,phase2/results/predictions/full/electrode/resnet/seed_202/bandpass_n20002_call_electrode_s10.npz,76490,b2832cb789ec16cc49b8c0d4cb19170b79358f54778bc31f9872ccb173078bc3
resnet,electrode,202,bandpass_n20002_call_electrode_s5,phase2/results/predictions/full/electrode/resnet/seed_202/bandpass_n20002_call_electrode_s5.npz,76316,3255e6d9ded2a70d8de1d79e8c555f729507be975892467649d8905e5a0723a9
resnet,electrode,202,bandpass_n20002_call_electrode_s0,phase2/results/predictions/full/electrode/resnet/seed_202/bandpass_n20002_call_electrode_s0.npz,75873,0af4a5469cd10efc143f6ed7f883a9ec8aacb8b386300aeebf5e5d0858f97eec
resnet,electrode,202,bandpass_n20002_call_covariance_s20,phase2/results/predictions/full/electrode/resnet/seed_202/bandpass_n20002_call_covariance_s20.npz,76571,a463f385bb3e41bcf62efbabf3b7ba5866b71078b2c00158c1eda0d0839ab80e
resnet,electrode,202,bandpass_n20002_call_covariance_s15,phase2/results/predictions/full/electrode/resnet/seed_202/bandpass_n20002_call_covariance_s15.npz,76522,ed847a863bd4aba38c10e31a692b5651836e7492e0dc97446e2bfc4099dfcbf3
resnet,electrode,202,bandpass_n20002_call_covariance_s10,phase2/results/predictions/full/electrode/resnet/seed_202/bandpass_n20002_call_covariance_s10.npz,76479,594b279909748f799e817a7c6c8b77921531db5f19cff625e1db72bab54a60f7
resnet,electrode,202,bandpass_n20002_call_covariance_s5,phase2/results/predictions/full/electrode/resnet/seed_202/bandpass_n20002_call_covariance_s5.npz,76289,772eb6c5952a047d5d90fe508694b96d1d2aea3425f2501bd244b8ff9a1bcef5
resnet,electrode,202,bandpass_n20002_call_covariance_s0,phase2/results/predictions/full/electrode/resnet/seed_202/bandpass_n20002_call_covariance_s0.npz,75895,7f3b26ebfd80ba50cac11bf9111da2b48f1450d512b5310bc212fb306baf4c2d
resnet,electrode,202,bandpass_n20003_cRA_LA_LL_independent_rms_s20,phase2/results/predictions/full/electrode/resnet/seed_202/bandpass_n20003_cRA_LA_LL_independent_rms_s20.npz,76591,65577feb1253f27d5fe273ed922ea07b92e4d14e87a18bd960904e175a068ba4
resnet,electrode,202,bandpass_n20003_cRA_LA_LL_independent_rms_s15,phase2/results/predictions/full/electrode/resnet/seed_202/bandpass_n20003_cRA_LA_LL_independent_rms_s15.npz,76578,2d9d8030d77a349ccfeaee06c9e6186ff3ac6afc490c8f3dc31f4988b51995a0
resnet,electrode,202,bandpass_n20003_cRA_LA_LL_independent_rms_s10,phase2/results/predictions/full/electrode/resnet/seed_202/bandpass_n20003_cRA_LA_LL_independent_rms_s10.npz,76542,7fdd3064dfb5acf6d3b915aa948acdf0db1dc833cf45c129f5c7ef99bf8600d3
resnet,electrode,202,bandpass_n20003_cRA_LA_LL_independent_rms_s5,phase2/results/predictions/full/electrode/resnet/seed_202/bandpass_n20003_cRA_LA_LL_independent_rms_s5.npz,76431,d95e6d77229ce588333db4c21316b6e7d3ae734f958e5272747e4893e9f3c1db
resnet,electrode,202,bandpass_n20003_cRA_LA_LL_independent_rms_s0,phase2/results/predictions/full/electrode/resnet/seed_202/bandpass_n20003_cRA_LA_LL_independent_rms_s0.npz,76111,293e5ab0bcdb3b348cdbb82030c4cff0d8ae0c41e1687b58300ef0855e5f17d0
resnet,electrode,202,bandpass_n20003_cRA_LA_LL_electrode_s20,phase2/results/predictions/full/electrode/resnet/seed_202/bandpass_n20003_cRA_LA_LL_electrode_s20.npz,76553,d00878b30cc3e8e5fd37f157a97d8f0da3ba87e74abe89dae7796a0ab6fcd5c7
resnet,electrode,202,bandpass_n20003_cRA_LA_LL_electrode_s15,phase2/results/predictions/full/electrode/resnet/seed_202/bandpass_n20003_cRA_LA_LL_electrode_s15.npz,76536,18ecc07a35005390806a1bb8effe5b6123c02701e7360f671ed187673830c33a
resnet,electrode,202,bandpass_n20003_cRA_LA_LL_electrode_s10,phase2/results/predictions/full/electrode/resnet/seed_202/bandpass_n20003_cRA_LA_LL_electrode_s10.npz,76459,78d60994af660604e306b60996f1902f21d76586a553ce623534ff2b04b077a6
resnet,electrode,202,bandpass_n20003_cRA_LA_LL_electrode_s5,phase2/results/predictions/full/electrode/resnet/seed_202/bandpass_n20003_cRA_LA_LL_electrode_s5.npz,76264,8503e2d1b82edfbc08714efbf034ea392ace0179b426ece8c0fce585ce2e7aba
resnet,electrode,202,bandpass_n20003_cRA_LA_LL_electrode_s0,phase2/results/predictions/full/electrode/resnet/seed_202/bandpass_n20003_cRA_LA_LL_electrode_s0.npz,75842,17462c28e28a54f14f31b3c7b18815f5eac19302ee41f1737070cfe7d913bbed
resnet,electrode,202,bandpass_n20003_cRA_LA_LL_covariance_s20,phase2/results/predictions/full/electrode/resnet/seed_202/bandpass_n20003_cRA_LA_LL_covariance_s20.npz,76582,d5967f414d926c4a0ac09ce2b02a40eee53a35b0e53dd3a22fee26125748bc21
resnet,electrode,202,bandpass_n20003_cRA_LA_LL_covariance_s15,phase2/results/predictions/full/electrode/resnet/seed_202/bandpass_n20003_cRA_LA_LL_covariance_s15.npz,76551,f01f37f088925d9e6dd8eed39ef28b959768fdb37e7316a79bba134dbaa20850
resnet,electrode,202,bandpass_n20003_cRA_LA_LL_covariance_s10,phase2/results/predictions/full/electrode/resnet/seed_202/bandpass_n20003_cRA_LA_LL_covariance_s10.npz,76491,476a49de65b921377f629a3243b7316f9a3a57bdcedf70f9ba6a89a93992a084
resnet,electrode,202,bandpass_n20003_cRA_LA_LL_covariance_s5,phase2/results/predictions/full/electrode/resnet/seed_202/bandpass_n20003_cRA_LA_LL_covariance_s5.npz,76273,5218ea56cb95f9c753ee4339d3e8b2705741999a78dc5e0aac136f624b435bfb
resnet,electrode,202,bandpass_n20003_cRA_LA_LL_covariance_s0,phase2/results/predictions/full/electrode/resnet/seed_202/bandpass_n20003_cRA_LA_LL_covariance_s0.npz,75840,098180e2bc23055e860e23e6751ff2476dab8841812f2719769cf5c6743c92d6
resnet,electrode,202,bandpass_n20003_cV1_independent_rms_s20,phase2/results/predictions/full/electrode/resnet/seed_202/bandpass_n20003_cV1_independent_rms_s20.npz,76560,31bc9cfe1c5b9a0fd2643f0260a69fd1bf54b5f33ed715e4ae4e68006539a2b9
resnet,electrode,202,bandpass_n20003_cV1_independent_rms_s15,phase2/results/predictions/full/electrode/resnet/seed_202/bandpass_n20003_cV1_independent_rms_s15.npz,76574,0f511df1fa4a49e1397903582ded4061847a83723c04d87b3614de1593fb2823
resnet,electrode,202,bandpass_n20003_cV1_independent_rms_s10,phase2/results/predictions/full/electrode/resnet/seed_202/bandpass_n20003_cV1_independent_rms_s10.npz,76511,c083978180fdf977c7a01411815584a33a1ca06606f52a01447f2930cb6ba5d1
resnet,electrode,202,bandpass_n20003_cV1_independent_rms_s5,phase2/results/predictions/full/electrode/resnet/seed_202/bandpass_n20003_cV1_independent_rms_s5.npz,76301,a1d28070af216967fcd271af9926167d39f0928b6e164f17e62ab5be3a7ef7b3
resnet,electrode,202,bandpass_n20003_cV1_independent_rms_s0,phase2/results/predictions/full/electrode/resnet/seed_202/bandpass_n20003_cV1_independent_rms_s0.npz,75905,40cb014fb077c2523f8a687bfd3feb6940281d5de6e57c7a825b048c90458eee
resnet,electrode,202,bandpass_n20003_cV1_electrode_s20,phase2/results/predictions/full/electrode/resnet/seed_202/bandpass_n20003_cV1_electrode_s20.npz,76577,41f23a47ae78b2b21d958bda657c75870fbeaa4e5b0a5fb7cbb257af86696479
resnet,electrode,202,bandpass_n20003_cV1_electrode_s15,phase2/results/predictions/full/electrode/resnet/seed_202/bandpass_n20003_cV1_electrode_s15.npz,76561,2f8b2a67a8f8373d89dd6c30f324541dc9e7386d26506371a2c0145e3fce70cc
resnet,electrode,202,bandpass_n20003_cV1_electrode_s10,phase2/results/predictions/full/electrode/resnet/seed_202/bandpass_n20003_cV1_electrode_s10.npz,76504,6f595997c34d710a37194048e7574868163736318c95a1dac46d0fc09d7836d3
resnet,electrode,202,bandpass_n20003_cV1_electrode_s5,phase2/results/predictions/full/electrode/resnet/seed_202/bandpass_n20003_cV1_electrode_s5.npz,76337,5fb4f7ef1de3300abfbf19ed960d0c6798b68ecc07440b13ab5c6e8935aeabae
resnet,electrode,202,bandpass_n20003_cV1_electrode_s0,phase2/results/predictions/full/electrode/resnet/seed_202/bandpass_n20003_cV1_electrode_s0.npz,75895,d27ae917daebcfbe9d71c6f02e3367ff36ff92d1a91570116e8a717c8c878e19
resnet,electrode,202,bandpass_n20003_cV1_covariance_s20,phase2/results/predictions/full/electrode/resnet/seed_202/bandpass_n20003_cV1_covariance_s20.npz,76560,5e3b0db8c5daa2d362f43fdc15eec91619f18796d8af81a63064bdce29e2d2a1
resnet,electrode,202,bandpass_n20003_cV1_covariance_s15,phase2/results/predictions/full/electrode/resnet/seed_202/bandpass_n20003_cV1_covariance_s15.npz,76542,d196ecd55389103399b4177c8fb93382f4ebc68da36f8213afe1b01f25569a3e
resnet,electrode,202,bandpass_n20003_cV1_covariance_s10,phase2/results/predictions/full/electrode/resnet/seed_202/bandpass_n20003_cV1_covariance_s10.npz,76514,34c991a7afe8bf9fabd8e1995e3b2bd5703a08af50fa54ea2eca2c9b2bcfec49
resnet,electrode,202,bandpass_n20003_cV1_covariance_s5,phase2/results/predictions/full/electrode/resnet/seed_202/bandpass_n20003_cV1_covariance_s5.npz,76304,23e3ed8aac0c121251a474fd50a5e016c60f36950722eb73e28cebd62a000ccf
resnet,electrode,202,bandpass_n20003_cV1_covariance_s0,phase2/results/predictions/full/electrode/resnet/seed_202/bandpass_n20003_cV1_covariance_s0.npz,75883,60ef290123f3a971221ac67c712ec728479122150a80fd8659bf037a2f701839
resnet,electrode,202,bandpass_n20003_cV2_independent_rms_s20,phase2/results/predictions/full/electrode/resnet/seed_202/bandpass_n20003_cV2_independent_rms_s20.npz,76593,6d49033a648b712fe9c5a0bc64ae71a89f7247be30fe25e49fa46dfed0f593ee
resnet,electrode,202,bandpass_n20003_cV2_independent_rms_s15,phase2/results/predictions/full/electrode/resnet/seed_202/bandpass_n20003_cV2_independent_rms_s15.npz,76553,f9ebffd8627bd054854ef3a8f633341e4ff26c71656dc2bbd391fbb6982d91cd
resnet,electrode,202,bandpass_n20003_cV2_independent_rms_s10,phase2/results/predictions/full/electrode/resnet/seed_202/bandpass_n20003_cV2_independent_rms_s10.npz,76555,e774885ce9fd04988949238d1752f3bd0309c0e52dade83d4d096bb04a3ef5e8
resnet,electrode,202,bandpass_n20003_cV2_independent_rms_s5,phase2/results/predictions/full/electrode/resnet/seed_202/bandpass_n20003_cV2_independent_rms_s5.npz,76461,ea195ea09c6a60b0dde14b484412eab1e5ee731b80e0a84c441fd0f8dc26550f
resnet,electrode,202,bandpass_n20003_cV2_independent_rms_s0,phase2/results/predictions/full/electrode/resnet/seed_202/bandpass_n20003_cV2_independent_rms_s0.npz,76170,fcf98a7f244390d51ec7fc785015674fbb1612befaeb3e700f2e4af7fff1a7b9
resnet,electrode,202,bandpass_n20003_cV2_electrode_s20,phase2/results/predictions/full/electrode/resnet/seed_202/bandpass_n20003_cV2_electrode_s20.npz,76584,d77f8549293bfc9046a4750a7f033cf8ca2c8d45cfedda954b5964d3cfc10923
resnet,electrode,202,bandpass_n20003_cV2_electrode_s15,phase2/results/predictions/full/electrode/resnet/seed_202/bandpass_n20003_cV2_electrode_s15.npz,76567,eefd6066b9a6387eedb090849b6eced9c25f342b9ec196e303f30d6551424909
resnet,electrode,202,bandpass_n20003_cV2_electrode_s10,phase2/results/predictions/full/electrode/resnet/seed_202/bandpass_n20003_cV2_electrode_s10.npz,76565,e262a35a047fdbefe0c8c84d7b246368d554097923ad0cacde6ccccec28589f3
resnet,electrode,202,bandpass_n20003_cV2_electrode_s5,phase2/results/predictions/full/electrode/resnet/seed_202/bandpass_n20003_cV2_electrode_s5.npz,76477,a5ad50bfa8896a1acb975227af728b0e304b8a6a6216a754b6850431811e6d92
resnet,electrode,202,bandpass_n20003_cV2_electrode_s0,phase2/results/predictions/full/electrode/resnet/seed_202/bandpass_n20003_cV2_electrode_s0.npz,76168,46d33ba5e7c604abe9e4864a24c1ad23b28e82dabb5da4e1764b1cb136309b08
resnet,electrode,202,bandpass_n20003_cV2_covariance_s20,phase2/results/predictions/full/electrode/resnet/seed_202/bandpass_n20003_cV2_covariance_s20.npz,76594,ca0ab2b2ab9b8db3c159d8255a4d03013f1b2a8ea791170fda4c5db6618996e1
resnet,electrode,202,bandpass_n20003_cV2_covariance_s15,phase2/results/predictions/full/electrode/resnet/seed_202/bandpass_n20003_cV2_covariance_s15.npz,76548,62c53a3eaaf71dc018d0090660d3f8d3c7475ffda2d26be32d2545974b35cfbe
resnet,electrode,202,bandpass_n20003_cV2_covariance_s10,phase2/results/predictions/full/electrode/resnet/seed_202/bandpass_n20003_cV2_covariance_s10.npz,76532,657536f9c81e7bc676997582f2c2c55af4d17c246cfba54a603212b4d8988a72
resnet,electrode,202,bandpass_n20003_cV2_covariance_s5,phase2/results/predictions/full/electrode/resnet/seed_202/bandpass_n20003_cV2_covariance_s5.npz,76420,83c7142983581c421d0f9fb07ee51200c05b0637d4e2234273ce062f15937f7e
resnet,electrode,202,bandpass_n20003_cV2_covariance_s0,phase2/results/predictions/full/electrode/resnet/seed_202/bandpass_n20003_cV2_covariance_s0.npz,76165,2ac859201d4905290ef67f54f58d0febf63c80e36cc4d06293bdd15642c2eced
resnet,electrode,202,bandpass_n20003_cV3_independent_rms_s20,phase2/results/predictions/full/electrode/resnet/seed_202/bandpass_n20003_cV3_independent_rms_s20.npz,76572,0b397279f3d7bd2d9a8473d2a4b38e69cd6e6185a33c5dadd3270f42e8c59b3e
resnet,electrode,202,bandpass_n20003_cV3_independent_rms_s15,phase2/results/predictions/full/electrode/resnet/seed_202/bandpass_n20003_cV3_independent_rms_s15.npz,76549,5564d83395a72a06e81ba74999ca3a6666013569f6be2b44c94039a9103de299
resnet,electrode,202,bandpass_n20003_cV3_independent_rms_s10,phase2/results/predictions/full/electrode/resnet/seed_202/bandpass_n20003_cV3_independent_rms_s10.npz,76542,9deba71b09a87a75f03cf32395ecde5266f759456e29f576039c16e1ab8cc110
resnet,electrode,202,bandpass_n20003_cV3_independent_rms_s5,phase2/results/predictions/full/electrode/resnet/seed_202/bandpass_n20003_cV3_independent_rms_s5.npz,76476,afc57f2669478b62848fa993ecc8f20a7576bda3cad3f454eeffb846d7063c25
resnet,electrode,202,bandpass_n20003_cV3_independent_rms_s0,phase2/results/predictions/full/electrode/resnet/seed_202/bandpass_n20003_cV3_independent_rms_s0.npz,76264,9da6b095224db9a0ef7f9019269e6d77e10dd9531cf281d9d565afc83db27b6b
resnet,electrode,202,bandpass_n20003_cV3_electrode_s20,phase2/results/predictions/full/electrode/resnet/seed_202/bandpass_n20003_cV3_electrode_s20.npz,76530,f98d5f6a53445698e22894c5daaed88dedf72aec252c09bbbec21310bfedadb3
resnet,electrode,202,bandpass_n20003_cV3_electrode_s15,phase2/results/predictions/full/electrode/resnet/seed_202/bandpass_n20003_cV3_electrode_s15.npz,76544,646e3d338fb98caafaf9c1f02d066400a16ad3ca186b4739737d1f86e09775b5
resnet,electrode,202,bandpass_n20003_cV3_electrode_s10,phase2/results/predictions/full/electrode/resnet/seed_202/bandpass_n20003_cV3_electrode_s10.npz,76543,daaa925fe9bdd22e5ea5518e8e61f5766d3bfa4f3dd1932f284b50af2cc8d4dd
resnet,electrode,202,bandpass_n20003_cV3_electrode_s5,phase2/results/predictions/full/electrode/resnet/seed_202/bandpass_n20003_cV3_electrode_s5.npz,76481,adbc92ce00e73274619f0a4e01904633f89a02ab5ecc279edf392024f153b6c9
resnet,electrode,202,bandpass_n20003_cV3_electrode_s0,phase2/results/predictions/full/electrode/resnet/seed_202/bandpass_n20003_cV3_electrode_s0.npz,76241,5c682be39fc596c7f31fd9f1567c35f7e4c12ee8c96f7f5eb518cf78bfe26597
resnet,electrode,202,bandpass_n20003_cV3_covariance_s20,phase2/results/predictions/full/electrode/resnet/seed_202/bandpass_n20003_cV3_covariance_s20.npz,76590,ec7b1c7b9c7867cfd71366445ea7dab4f0288fe8a1053b3b29a318f5222c02d8
resnet,electrode,202,bandpass_n20003_cV3_covariance_s15,phase2/results/predictions/full/electrode/resnet/seed_202/bandpass_n20003_cV3_covariance_s15.npz,76536,15dbae3379d0dfea9bfb4b24db318fa7e49dd0d57b24bc4a412db65dddbe5d36
resnet,electrode,202,bandpass_n20003_cV3_covariance_s10,phase2/results/predictions/full/electrode/resnet/seed_202/bandpass_n20003_cV3_covariance_s10.npz,76555,e213e41ece393c2a4addc86c6a42b431f0042b0de28029b994b9e1180a564801
resnet,electrode,202,bandpass_n20003_cV3_covariance_s5,phase2/results/predictions/full/electrode/resnet/seed_202/bandpass_n20003_cV3_covariance_s5.npz,76463,254a6486c450dd4f1cbcdd85f9dde403e3ef1319192d403b24007216ca36b8a1
resnet,electrode,202,bandpass_n20003_cV3_covariance_s0,phase2/results/predictions/full/electrode/resnet/seed_202/bandpass_n20003_cV3_covariance_s0.npz,76260,63b2d2a38a635ac75c725306a5998069c6e4d8f67a7ef2d2bf6416438ef764a9
resnet,electrode,202,bandpass_n20003_cV4_independent_rms_s20,phase2/results/predictions/full/electrode/resnet/seed_202/bandpass_n20003_cV4_independent_rms_s20.npz,76555,748d93c1ae1448bbb0fc00a498c51ba0d2a289f2cb56ab026a6d5113a9cf58c9
resnet,electrode,202,bandpass_n20003_cV4_independent_rms_s15,phase2/results/predictions/full/electrode/resnet/seed_202/bandpass_n20003_cV4_independent_rms_s15.npz,76573,39e9a2d7e98cfe82f615e765526da59ef5cdf32815c61e67c539ff6fd20b7771
resnet,electrode,202,bandpass_n20003_cV4_independent_rms_s10,phase2/results/predictions/full/electrode/resnet/seed_202/bandpass_n20003_cV4_independent_rms_s10.npz,76536,5a00d092f622df236d812411737137cf88215de363629b4bbf48d9abb67eef19
resnet,electrode,202,bandpass_n20003_cV4_independent_rms_s5,phase2/results/predictions/full/electrode/resnet/seed_202/bandpass_n20003_cV4_independent_rms_s5.npz,76446,563f20af3c748fb21d28507b3fc7927bf4b9a242f128c32fa56811c3f13c287d
resnet,electrode,202,bandpass_n20003_cV4_independent_rms_s0,phase2/results/predictions/full/electrode/resnet/seed_202/bandpass_n20003_cV4_independent_rms_s0.npz,76171,3ec969c4ae9f67b1415bb82cf3c91112f114538cc8e55164abf21a5faf369225
resnet,electrode,202,bandpass_n20003_cV4_electrode_s20,phase2/results/predictions/full/electrode/resnet/seed_202/bandpass_n20003_cV4_electrode_s20.npz,76551,c0c4a116232a868953bb360f4e6269c59ae7c0eeb45147bfcc2d57ec8bcd1e33
resnet,electrode,202,bandpass_n20003_cV4_electrode_s15,phase2/results/predictions/full/electrode/resnet/seed_202/bandpass_n20003_cV4_electrode_s15.npz,76544,a83de52f23614a5bf48122a3489df80c2dfcccf42c9df026a0991b359a111950
resnet,electrode,202,bandpass_n20003_cV4_electrode_s10,phase2/results/predictions/full/electrode/resnet/seed_202/bandpass_n20003_cV4_electrode_s10.npz,76523,4988e14058f1ebe151d51a4ec8c44f4c975c802d9bf98c96ff53714215fe8b95
resnet,electrode,202,bandpass_n20003_cV4_electrode_s5,phase2/results/predictions/full/electrode/resnet/seed_202/bandpass_n20003_cV4_electrode_s5.npz,76452,0219cf81f7066a14f2c253490f7a5227d8330d8776526e5e84ecf42a99e6b973
resnet,electrode,202,bandpass_n20003_cV4_electrode_s0,phase2/results/predictions/full/electrode/resnet/seed_202/bandpass_n20003_cV4_electrode_s0.npz,76139,bd58fb22809222df870225d5119eea03ed5a5b7763f97fa16b9fff462cf5c539
resnet,electrode,202,bandpass_n20003_cV4_covariance_s20,phase2/results/predictions/full/electrode/resnet/seed_202/bandpass_n20003_cV4_covariance_s20.npz,76566,e4f792b418321ddfbf0b870fceccc8b9235296541e9e7201e0c90825e46a2504
resnet,electrode,202,bandpass_n20003_cV4_covariance_s15,phase2/results/predictions/full/electrode/resnet/seed_202/bandpass_n20003_cV4_covariance_s15.npz,76561,6e59a3eff7c884b44a651fd678b500172a52da40040f1348c47e12225dacc7ca
resnet,electrode,202,bandpass_n20003_cV4_covariance_s10,phase2/results/predictions/full/electrode/resnet/seed_202/bandpass_n20003_cV4_covariance_s10.npz,76550,cdd9698d3ff2f388c2f8a1c74dc4cef24f1c2049ceecee9c1845cfc721d61e05
resnet,electrode,202,bandpass_n20003_cV4_covariance_s5,phase2/results/predictions/full/electrode/resnet/seed_202/bandpass_n20003_cV4_covariance_s5.npz,76449,bd42b33d541d1e36e07918b3a1cdc49e807b2f248cfd48850a8d50c1e2380351
resnet,electrode,202,bandpass_n20003_cV4_covariance_s0,phase2/results/predictions/full/electrode/resnet/seed_202/bandpass_n20003_cV4_covariance_s0.npz,76131,69395b50ee73b1e73db367d2c957eeec9f57518b946879ad8bd79b83fed4b78b
resnet,electrode,202,bandpass_n20003_cV5_independent_rms_s20,phase2/results/predictions/full/electrode/resnet/seed_202/bandpass_n20003_cV5_independent_rms_s20.npz,76560,13b4dd3b4caa5561141aa56ea1436ac899ab9851a1d1101615bcaf76da61dd6b
resnet,electrode,202,bandpass_n20003_cV5_independent_rms_s15,phase2/results/predictions/full/electrode/resnet/seed_202/bandpass_n20003_cV5_independent_rms_s15.npz,76552,0c535c0eb2e827703fff5ac6212f5d95226982301d64e8e786e5771dedc035c6
resnet,electrode,202,bandpass_n20003_cV5_independent_rms_s10,phase2/results/predictions/full/electrode/resnet/seed_202/bandpass_n20003_cV5_independent_rms_s10.npz,76513,b6e9cbfab574a47b4a1c927778813eb5a06959d576b25cd1de2f2ff59bfcdc39
resnet,electrode,202,bandpass_n20003_cV5_independent_rms_s5,phase2/results/predictions/full/electrode/resnet/seed_202/bandpass_n20003_cV5_independent_rms_s5.npz,76411,d8b5a8a33ba2782a3f1f1df4763e160ca793ebee394c61afb90e0ef9237ed4cf
resnet,electrode,202,bandpass_n20003_cV5_independent_rms_s0,phase2/results/predictions/full/electrode/resnet/seed_202/bandpass_n20003_cV5_independent_rms_s0.npz,76031,66e6c9bd48900b97e6b361a043573ccb6308b692af5d244a45effeb522b8c276
resnet,electrode,202,bandpass_n20003_cV5_electrode_s20,phase2/results/predictions/full/electrode/resnet/seed_202/bandpass_n20003_cV5_electrode_s20.npz,76492,bc75b70b10d539ffff982dd0f0c9a4d9bd94929df2d57d8d1aa46f417f799e42
resnet,electrode,202,bandpass_n20003_cV5_electrode_s15,phase2/results/predictions/full/electrode/resnet/seed_202/bandpass_n20003_cV5_electrode_s15.npz,76558,595e9834c9d666c2a261e6125765b6303375132df50e909724f8d84bbfdc2c18
resnet,electrode,202,bandpass_n20003_cV5_electrode_s10,phase2/results/predictions/full/electrode/resnet/seed_202/bandpass_n20003_cV5_electrode_s10.npz,76528,e155632971e09d9169ab940cd56970735d11406d623c0ac08a24bab597f68965
resnet,electrode,202,bandpass_n20003_cV5_electrode_s5,phase2/results/predictions/full/electrode/resnet/seed_202/bandpass_n20003_cV5_electrode_s5.npz,76363,97f3b4f090090268cd92022361269e3fa9dc640a93cb4f518073844dda58c257
resnet,electrode,202,bandpass_n20003_cV5_electrode_s0,phase2/results/predictions/full/electrode/resnet/seed_202/bandpass_n20003_cV5_electrode_s0.npz,76023,86b2930cdb6ac44ae4532957d7b36d41faefd4c2cbae0faaba8f447925d9817b
resnet,electrode,202,bandpass_n20003_cV5_covariance_s20,phase2/results/predictions/full/electrode/resnet/seed_202/bandpass_n20003_cV5_covariance_s20.npz,76541,0966dfac11a8c85070118fd43ae97464eb9b18a1a4703c92ae256b337fac6b4c
resnet,electrode,202,bandpass_n20003_cV5_covariance_s15,phase2/results/predictions/full/electrode/resnet/seed_202/bandpass_n20003_cV5_covariance_s15.npz,76553,a9f78cea97484d7ace7620a05a9fd6a8e42b6a68bc76a315b09623ea232fcf53
resnet,electrode,202,bandpass_n20003_cV5_covariance_s10,phase2/results/predictions/full/electrode/resnet/seed_202/bandpass_n20003_cV5_covariance_s10.npz,76512,4aa7ee6bb162b985e9af2d53da2387796471bf74fdd83246b2244f64aa9d657e
resnet,electrode,202,bandpass_n20003_cV5_covariance_s5,phase2/results/predictions/full/electrode/resnet/seed_202/bandpass_n20003_cV5_covariance_s5.npz,76397,96f7a519584846ec2045589bee801790e88cff5e4a1f281233a80efad94f852a
resnet,electrode,202,bandpass_n20003_cV5_covariance_s0,phase2/results/predictions/full/electrode/resnet/seed_202/bandpass_n20003_cV5_covariance_s0.npz,76004,04e7cabb0e59d3575663a07e5d4cc8940b75724eef6451b11ec981e581c52b86
resnet,electrode,202,bandpass_n20003_cV6_independent_rms_s20,phase2/results/predictions/full/electrode/resnet/seed_202/bandpass_n20003_cV6_independent_rms_s20.npz,76579,d5e9415668bf277d84e886d1f36e852a1e36b9600d18e9e4d976646ab92deece
resnet,electrode,202,bandpass_n20003_cV6_independent_rms_s15,phase2/results/predictions/full/electrode/resnet/seed_202/bandpass_n20003_cV6_independent_rms_s15.npz,76608,6f9209ae347b33e5cfa68a21424718a8e91ba37968e03fb8916e132fa9ac2384
resnet,electrode,202,bandpass_n20003_cV6_independent_rms_s10,phase2/results/predictions/full/electrode/resnet/seed_202/bandpass_n20003_cV6_independent_rms_s10.npz,76513,c531e33a0ef11ee4855e2460c055c88ef82875592deadb1b7399efecaace2705
resnet,electrode,202,bandpass_n20003_cV6_independent_rms_s5,phase2/results/predictions/full/electrode/resnet/seed_202/bandpass_n20003_cV6_independent_rms_s5.npz,76438,9ed1b64a8ee534ba5a9c69f1e711b6fd9905382a844a626cba9b8a08c41befc9
resnet,electrode,202,bandpass_n20003_cV6_independent_rms_s0,phase2/results/predictions/full/electrode/resnet/seed_202/bandpass_n20003_cV6_independent_rms_s0.npz,76122,c2e9d0b2ac24acd5bc099b0ad4fe68c3eb4ca23834db7e27ed8465421dc59951
resnet,electrode,202,bandpass_n20003_cV6_electrode_s20,phase2/results/predictions/full/electrode/resnet/seed_202/bandpass_n20003_cV6_electrode_s20.npz,76544,d376f3abed4def9c3c5b443531aa0f0f626e833f7e32078ae1245ac389c353e4
resnet,electrode,202,bandpass_n20003_cV6_electrode_s15,phase2/results/predictions/full/electrode/resnet/seed_202/bandpass_n20003_cV6_electrode_s15.npz,76569,c58e3931595b426fd93ade96fa7ab768ad71824df6876db427a8ec1672a1a37e
resnet,electrode,202,bandpass_n20003_cV6_electrode_s10,phase2/results/predictions/full/electrode/resnet/seed_202/bandpass_n20003_cV6_electrode_s10.npz,76542,c8e4a4d1934ab27db096bb090bd5f2d99341792bb72e0ee818c5d523cfa72d85
resnet,electrode,202,bandpass_n20003_cV6_electrode_s5,phase2/results/predictions/full/electrode/resnet/seed_202/bandpass_n20003_cV6_electrode_s5.npz,76415,96ba4578f49da89c27d03290a75e5912ad741e2a083b495afdd45e21fee004fc
resnet,electrode,202,bandpass_n20003_cV6_electrode_s0,phase2/results/predictions/full/electrode/resnet/seed_202/bandpass_n20003_cV6_electrode_s0.npz,76104,c2e607db005a3aa41958cc7df19ae408b1986c9721f2f51058a940fcd20d5f3a
resnet,electrode,202,bandpass_n20003_cV6_covariance_s20,phase2/results/predictions/full/electrode/resnet/seed_202/bandpass_n20003_cV6_covariance_s20.npz,76532,d2235e5cf4e8055e53ea4875c08731b0e0ffb4f2067a20c7c82844c7ebfee07b
resnet,electrode,202,bandpass_n20003_cV6_covariance_s15,phase2/results/predictions/full/electrode/resnet/seed_202/bandpass_n20003_cV6_covariance_s15.npz,76577,5c831bbde722abba297bf9408709f1e641674b608a7853f855ea8bdddab19a47
resnet,electrode,202,bandpass_n20003_cV6_covariance_s10,phase2/results/predictions/full/electrode/resnet/seed_202/bandpass_n20003_cV6_covariance_s10.npz,76550,a19460faf927ce30adb3f681a25445e49e819a6da531df52dc27580a8b2e4bc9
resnet,electrode,202,bandpass_n20003_cV6_covariance_s5,phase2/results/predictions/full/electrode/resnet/seed_202/bandpass_n20003_cV6_covariance_s5.npz,76441,e217da49ea4691366e7fe18008580a480a0380e1109313afbefbab627d8ff541
resnet,electrode,202,bandpass_n20003_cV6_covariance_s0,phase2/results/predictions/full/electrode/resnet/seed_202/bandpass_n20003_cV6_covariance_s0.npz,76103,b2e024ff2588f0ffb71a5cf0247a9b2f4acf5f1a46ae12e3607c13f5ae23982a
resnet,electrode,202,bandpass_n20003_cRA_LA_independent_rms_s20,phase2/results/predictions/full/electrode/resnet/seed_202/bandpass_n20003_cRA_LA_independent_rms_s20.npz,76593,bc67e79964380c59f6f27316e9a4bfec5e017f11fed048f738fd609a7e438594
resnet,electrode,202,bandpass_n20003_cRA_LA_independent_rms_s15,phase2/results/predictions/full/electrode/resnet/seed_202/bandpass_n20003_cRA_LA_independent_rms_s15.npz,76566,8d0c602f7b6f7b4a616af78df0c15b5c883c7f9388b40f9da62f6950952ac78e
resnet,electrode,202,bandpass_n20003_cRA_LA_independent_rms_s10,phase2/results/predictions/full/electrode/resnet/seed_202/bandpass_n20003_cRA_LA_independent_rms_s10.npz,76536,16eab976a0da4bdbca2c8daa820a1e96e23918fcaad0ed597ba0b64b06c94123
resnet,electrode,202,bandpass_n20003_cRA_LA_independent_rms_s5,phase2/results/predictions/full/electrode/resnet/seed_202/bandpass_n20003_cRA_LA_independent_rms_s5.npz,76401,72d43462068ec01439d57e6232b3665ed08eeeeed59800e18c8b1674f8569afc
resnet,electrode,202,bandpass_n20003_cRA_LA_independent_rms_s0,phase2/results/predictions/full/electrode/resnet/seed_202/bandpass_n20003_cRA_LA_independent_rms_s0.npz,76066,45b589e0c1160d839924a8032494b054d87d871a16ab8f22fd13c4f93140342c
resnet,electrode,202,bandpass_n20003_cRA_LA_electrode_s20,phase2/results/predictions/full/electrode/resnet/seed_202/bandpass_n20003_cRA_LA_electrode_s20.npz,76568,e4acf360a2bcad05b0c8c8a1bef7b257db2ea44280e85a525dd02d8e0679269a
resnet,electrode,202,bandpass_n20003_cRA_LA_electrode_s15,phase2/results/predictions/full/electrode/resnet/seed_202/bandpass_n20003_cRA_LA_electrode_s15.npz,76570,b6ba458d44a4ea690bd3ab61b297436d52cd5c8bcf35d61fb538c3d05ca6e4ba
resnet,electrode,202,bandpass_n20003_cRA_LA_electrode_s10,phase2/results/predictions/full/electrode/resnet/seed_202/bandpass_n20003_cRA_LA_electrode_s10.npz,76492,10076ec4a72aeb0f53db265eb97bcc67400f2f4ba7c73ace8a8193646ff31239
resnet,electrode,202,bandpass_n20003_cRA_LA_electrode_s5,phase2/results/predictions/full/electrode/resnet/seed_202/bandpass_n20003_cRA_LA_electrode_s5.npz,76262,9829fcc4d83f6d22651bfeffc75036c658009a135bb8f64a8d99800ffa719d48
resnet,electrode,202,bandpass_n20003_cRA_LA_electrode_s0,phase2/results/predictions/full/electrode/resnet/seed_202/bandpass_n20003_cRA_LA_electrode_s0.npz,75875,b57e3edd4e04c5b08284b311e096bc84e53a4e61230d4807f458247dccdf4da8
resnet,electrode,202,bandpass_n20003_cRA_LA_covariance_s20,phase2/results/predictions/full/electrode/resnet/seed_202/bandpass_n20003_cRA_LA_covariance_s20.npz,76543,62584b0fd5603218f352c729b3670a9e799cca210094ebe01f6a835d5ca9c00d
resnet,electrode,202,bandpass_n20003_cRA_LA_covariance_s15,phase2/results/predictions/full/electrode/resnet/seed_202/bandpass_n20003_cRA_LA_covariance_s15.npz,76543,66488450f19651a37a3ef7c64003fa27fc8faa1109ed68de3f314e0058ff4c8d
resnet,electrode,202,bandpass_n20003_cRA_LA_covariance_s10,phase2/results/predictions/full/electrode/resnet/seed_202/bandpass_n20003_cRA_LA_covariance_s10.npz,76427,239ecf26b3fee9fc0c4df80fbb7b023878aa00a2c1fcafb3db0ab06f84cc4fe8
resnet,electrode,202,bandpass_n20003_cRA_LA_covariance_s5,phase2/results/predictions/full/electrode/resnet/seed_202/bandpass_n20003_cRA_LA_covariance_s5.npz,76314,8ff522779712c9ba9f54d3279b0327c12b49e998cb255b2ab6f37098565bdec0
resnet,electrode,202,bandpass_n20003_cRA_LA_covariance_s0,phase2/results/predictions/full/electrode/resnet/seed_202/bandpass_n20003_cRA_LA_covariance_s0.npz,75851,f9b7dae2d393a75f2625f0cbeb3ed18fc436a4758d71b95d8a99ab570b9d261d
resnet,electrode,202,bandpass_n20003_cLA_LL_independent_rms_s20,phase2/results/predictions/full/electrode/resnet/seed_202/bandpass_n20003_cLA_LL_independent_rms_s20.npz,76578,f99effb7151e46819168fe49dfab1bf7611f5947f80f84450fa9a24c1e48b4fd
resnet,electrode,202,bandpass_n20003_cLA_LL_independent_rms_s15,phase2/results/predictions/full/electrode/resnet/seed_202/bandpass_n20003_cLA_LL_independent_rms_s15.npz,76547,1dcbec7767b1cf9aa5a95922b6426c630c98b168e5cb726e93d6689eb0df1df7
resnet,electrode,202,bandpass_n20003_cLA_LL_independent_rms_s10,phase2/results/predictions/full/electrode/resnet/seed_202/bandpass_n20003_cLA_LL_independent_rms_s10.npz,76553,ed8f016a1d005c246613bc3da4f54136818e600c59769b212405fe79ba35d92f
resnet,electrode,202,bandpass_n20003_cLA_LL_independent_rms_s5,phase2/results/predictions/full/electrode/resnet/seed_202/bandpass_n20003_cLA_LL_independent_rms_s5.npz,76392,d1bab2a44ea4b904ba0b121ab9be7d127b531d0158a229495ef66f3102002cd8
resnet,electrode,202,bandpass_n20003_cLA_LL_independent_rms_s0,phase2/results/predictions/full/electrode/resnet/seed_202/bandpass_n20003_cLA_LL_independent_rms_s0.npz,76112,c13974c306501b9ce037ee30b43d3114f22654e4043315074a1cac105fe1a5bb
resnet,electrode,202,bandpass_n20003_cLA_LL_electrode_s20,phase2/results/predictions/full/electrode/resnet/seed_202/bandpass_n20003_cLA_LL_electrode_s20.npz,76542,ad74d9b58af9ee129489707e154c10f11e91f324f9f57e2320bc30884f0190e0
resnet,electrode,202,bandpass_n20003_cLA_LL_electrode_s15,phase2/results/predictions/full/electrode/resnet/seed_202/bandpass_n20003_cLA_LL_electrode_s15.npz,76527,bb0874bdfc26f9bb8170b628a0f22cd1c61492243261f4e3578c633d5e0c97be
resnet,electrode,202,bandpass_n20003_cLA_LL_electrode_s10,phase2/results/predictions/full/electrode/resnet/seed_202/bandpass_n20003_cLA_LL_electrode_s10.npz,76520,55c9d158f96f7201142633f68e2511f0bfd748635f4c38c1f2a25a127f91d062
resnet,electrode,202,bandpass_n20003_cLA_LL_electrode_s5,phase2/results/predictions/full/electrode/resnet/seed_202/bandpass_n20003_cLA_LL_electrode_s5.npz,76272,dc8ee35d6c4694a3161ce3ebeb885e61be41369013bc12604f2bb03704b172c5
resnet,electrode,202,bandpass_n20003_cLA_LL_electrode_s0,phase2/results/predictions/full/electrode/resnet/seed_202/bandpass_n20003_cLA_LL_electrode_s0.npz,75838,2d84e767ca7527ad52fd1c8c4e68200a79f8a8aeebacbd69c3bee6afcda4d66e
resnet,electrode,202,bandpass_n20003_cLA_LL_covariance_s20,phase2/results/predictions/full/electrode/resnet/seed_202/bandpass_n20003_cLA_LL_covariance_s20.npz,76595,afa7b6482f70398286944986ca0c0007199fc54a7b6fcd26f2162aab237b5333
resnet,electrode,202,bandpass_n20003_cLA_LL_covariance_s15,phase2/results/predictions/full/electrode/resnet/seed_202/bandpass_n20003_cLA_LL_covariance_s15.npz,76527,00540bbfbfe47446466eb93a3701cf44c14088570a757a2516c9fe2b874a00f8
resnet,electrode,202,bandpass_n20003_cLA_LL_covariance_s10,phase2/results/predictions/full/electrode/resnet/seed_202/bandpass_n20003_cLA_LL_covariance_s10.npz,76489,4dfc1be12089554c78288bcee22a2f9818b7dd9b3baa2479a99c11f85567689f
resnet,electrode,202,bandpass_n20003_cLA_LL_covariance_s5,phase2/results/predictions/full/electrode/resnet/seed_202/bandpass_n20003_cLA_LL_covariance_s5.npz,76303,4f0104dd2d1377f25c82c53309953eed1c6f96b637c944c05315f95be8b5eabc
resnet,electrode,202,bandpass_n20003_cLA_LL_covariance_s0,phase2/results/predictions/full/electrode/resnet/seed_202/bandpass_n20003_cLA_LL_covariance_s0.npz,75851,742a7f4655b90f993850f9a3f90ae9ac9a8f85203991ad0006288a266e3692a9
resnet,electrode,202,bandpass_n20003_cRA_LL_independent_rms_s20,phase2/results/predictions/full/electrode/resnet/seed_202/bandpass_n20003_cRA_LL_independent_rms_s20.npz,76566,77ab18d0766cda640792cc60e970625d0f7785f8ac5ea6a534c236407367782a
resnet,electrode,202,bandpass_n20003_cRA_LL_independent_rms_s15,phase2/results/predictions/full/electrode/resnet/seed_202/bandpass_n20003_cRA_LL_independent_rms_s15.npz,76573,3b65afc81cfaf267b47e94f3c65daf98217d1a547fe7f5659d5ea23357d1c664
resnet,electrode,202,bandpass_n20003_cRA_LL_independent_rms_s10,phase2/results/predictions/full/electrode/resnet/seed_202/bandpass_n20003_cRA_LL_independent_rms_s10.npz,76525,720d84ab30f928ac9a69de2b4e0fa08fdbf22536346037cbe1a3913ff0da4055
resnet,electrode,202,bandpass_n20003_cRA_LL_independent_rms_s5,phase2/results/predictions/full/electrode/resnet/seed_202/bandpass_n20003_cRA_LL_independent_rms_s5.npz,76468,854ae4d732e2cd32b3f3bfeb2ce92fe13425952d0ba64d11efdb0b4d0c940e62
resnet,electrode,202,bandpass_n20003_cRA_LL_independent_rms_s0,phase2/results/predictions/full/electrode/resnet/seed_202/bandpass_n20003_cRA_LL_independent_rms_s0.npz,76100,c37f0ed91217cc16e23a3b14c9f22799e66dd4162e5a0449fed4f0d17dcace8f
resnet,electrode,202,bandpass_n20003_cRA_LL_electrode_s20,phase2/results/predictions/full/electrode/resnet/seed_202/bandpass_n20003_cRA_LL_electrode_s20.npz,76538,8c31ac13a40c82c49c288b72e081b6ba7953fed0b0773ec55ececc4f3a38fd74
resnet,electrode,202,bandpass_n20003_cRA_LL_electrode_s15,phase2/results/predictions/full/electrode/resnet/seed_202/bandpass_n20003_cRA_LL_electrode_s15.npz,76518,0bde83e0067bc57001286b4a57c755f83432e9895a733c2bb4517e492eadb7c9
resnet,electrode,202,bandpass_n20003_cRA_LL_electrode_s10,phase2/results/predictions/full/electrode/resnet/seed_202/bandpass_n20003_cRA_LL_electrode_s10.npz,76462,01dd009e62660aad9fea1a6510c8ea86ac81a2dedeaec8dde2f9ab098893b48d
resnet,electrode,202,bandpass_n20003_cRA_LL_electrode_s5,phase2/results/predictions/full/electrode/resnet/seed_202/bandpass_n20003_cRA_LL_electrode_s5.npz,76261,a1dd93fccacb253fae23414cf340766e05d016b228f447f8850e5a8476220114
resnet,electrode,202,bandpass_n20003_cRA_LL_electrode_s0,phase2/results/predictions/full/electrode/resnet/seed_202/bandpass_n20003_cRA_LL_electrode_s0.npz,75865,cdd8682134853ac5cde3e9ef1a2dc0055d18a30e6604d93d2344470aea5356c2
resnet,electrode,202,bandpass_n20003_cRA_LL_covariance_s20,phase2/results/predictions/full/electrode/resnet/seed_202/bandpass_n20003_cRA_LL_covariance_s20.npz,76558,10f7d6096a85eabd7501837ef961e1b896074d5e7817f5fb0ae0d0748ae2c954
resnet,electrode,202,bandpass_n20003_cRA_LL_covariance_s15,phase2/results/predictions/full/electrode/resnet/seed_202/bandpass_n20003_cRA_LL_covariance_s15.npz,76509,456313f6fa7c47b4694968ebb87218bb8d7b38eae556094f58c451b7633568da
resnet,electrode,202,bandpass_n20003_cRA_LL_covariance_s10,phase2/results/predictions/full/electrode/resnet/seed_202/bandpass_n20003_cRA_LL_covariance_s10.npz,76443,dc1c7ca13621ddf5b3b93e74f39b5e7683a875b2d8623c4fe4e7ab36ff0f83f1
resnet,electrode,202,bandpass_n20003_cRA_LL_covariance_s5,phase2/results/predictions/full/electrode/resnet/seed_202/bandpass_n20003_cRA_LL_covariance_s5.npz,76234,08f289bba9b51480ec8cf6e2c6b01f932f251f401198dec5ec32e0420b58af9f
resnet,electrode,202,bandpass_n20003_cRA_LL_covariance_s0,phase2/results/predictions/full/electrode/resnet/seed_202/bandpass_n20003_cRA_LL_covariance_s0.npz,75834,9e13fcdb1ab78e828746e13f11ee01fe6abe2fa83bd65738e040acbcd4a3a77d
resnet,electrode,202,bandpass_n20003_cRA_independent_rms_s20,phase2/results/predictions/full/electrode/resnet/seed_202/bandpass_n20003_cRA_independent_rms_s20.npz,76578,e9f70a743e32abadde49d393fb2ac0cf9ca2c674a97719d4e1614ee21a4b9eab
resnet,electrode,202,bandpass_n20003_cRA_independent_rms_s15,phase2/results/predictions/full/electrode/resnet/seed_202/bandpass_n20003_cRA_independent_rms_s15.npz,76570,8f79cce458527752daf628cb8ec2b6a1f864d358b83a1b36dfb71c3e5e3c9590
resnet,electrode,202,bandpass_n20003_cRA_independent_rms_s10,phase2/results/predictions/full/electrode/resnet/seed_202/bandpass_n20003_cRA_independent_rms_s10.npz,76537,65ac0f2bb5b9c65c5db75b37cfe70be661765f9e65fe6edc8baaa352fcc5d6a0
resnet,electrode,202,bandpass_n20003_cRA_independent_rms_s5,phase2/results/predictions/full/electrode/resnet/seed_202/bandpass_n20003_cRA_independent_rms_s5.npz,76428,5f41b1ffff32f4287d6098d20f14bf3d5c15c29ec1ac2854acc89a5965788e81
resnet,electrode,202,bandpass_n20003_cRA_independent_rms_s0,phase2/results/predictions/full/electrode/resnet/seed_202/bandpass_n20003_cRA_independent_rms_s0.npz,76067,a7d75a7c7296f3cbfbb7bbda7e0715b7d9a4e13837953b04d3cb5ae3b2db75df
resnet,electrode,202,bandpass_n20003_cRA_electrode_s20,phase2/results/predictions/full/electrode/resnet/seed_202/bandpass_n20003_cRA_electrode_s20.npz,76539,a8024924eb076acf70fb6db3d6fad5b7899250a2abcafae82744f67aebfc71a7
resnet,electrode,202,bandpass_n20003_cRA_electrode_s15,phase2/results/predictions/full/electrode/resnet/seed_202/bandpass_n20003_cRA_electrode_s15.npz,76544,89933bd33e99a24d78a84104c01e17014176c26c162e05c8694dd5216624d206
resnet,electrode,202,bandpass_n20003_cRA_electrode_s10,phase2/results/predictions/full/electrode/resnet/seed_202/bandpass_n20003_cRA_electrode_s10.npz,76455,d003d4d2fb4655aa170bf0e0314a3225ba37a7ee60f79e16a0c5a807083c5881
resnet,electrode,202,bandpass_n20003_cRA_electrode_s5,phase2/results/predictions/full/electrode/resnet/seed_202/bandpass_n20003_cRA_electrode_s5.npz,76273,ae89ae076fe10329e7e47f7b2db74094cfb9446621c0d8e1c77baf0d6e7b2ec5
resnet,electrode,202,bandpass_n20003_cRA_electrode_s0,phase2/results/predictions/full/electrode/resnet/seed_202/bandpass_n20003_cRA_electrode_s0.npz,75963,b37886669c93fdb7a0e8d887b8c4bd1e5a09c2ca3dc51fca689740e784ea37f3
resnet,electrode,202,bandpass_n20003_cRA_covariance_s20,phase2/results/predictions/full/electrode/resnet/seed_202/bandpass_n20003_cRA_covariance_s20.npz,76558,80d383473f146d6ffeeb81aed60763e878db0358e8d9879cacf6c95735c6e6ee
resnet,electrode,202,bandpass_n20003_cRA_covariance_s15,phase2/results/predictions/full/electrode/resnet/seed_202/bandpass_n20003_cRA_covariance_s15.npz,76519,4177730ccc1e0121ef3dbb39b29ecb0b8c0f6008fa7c447b9fb5d69798f0d14c
resnet,electrode,202,bandpass_n20003_cRA_covariance_s10,phase2/results/predictions/full/electrode/resnet/seed_202/bandpass_n20003_cRA_covariance_s10.npz,76440,7f0e6972bf57fdbc42a006d646912f2d7615a85e837addc520e289ab07afe81b
resnet,electrode,202,bandpass_n20003_cRA_covariance_s5,phase2/results/predictions/full/electrode/resnet/seed_202/bandpass_n20003_cRA_covariance_s5.npz,76300,e364b87cdcfcd1f893d75542ae45e423d39c2daf355975d626bc425420fe9db7
resnet,electrode,202,bandpass_n20003_cRA_covariance_s0,phase2/results/predictions/full/electrode/resnet/seed_202/bandpass_n20003_cRA_covariance_s0.npz,75956,cc3ecf4cadb38926e90291fa9703ae124326936679cd2907baec36fef861ba02
resnet,electrode,202,bandpass_n20003_cLA_independent_rms_s20,phase2/results/predictions/full/electrode/resnet/seed_202/bandpass_n20003_cLA_independent_rms_s20.npz,76591,db04357bb4206e885580d71f9e876787efa9860d38b64681e2a0dbc0d93a5d7d
resnet,electrode,202,bandpass_n20003_cLA_independent_rms_s15,phase2/results/predictions/full/electrode/resnet/seed_202/bandpass_n20003_cLA_independent_rms_s15.npz,76588,70858b24b8bb4cc42851e713ae56574aab0c7b053bffdddba01f963f7abfd7a8
resnet,electrode,202,bandpass_n20003_cLA_independent_rms_s10,phase2/results/predictions/full/electrode/resnet/seed_202/bandpass_n20003_cLA_independent_rms_s10.npz,76514,3872349d7bc79005376696bc887870ba596961a5524f6a14413f369bd188f561
resnet,electrode,202,bandpass_n20003_cLA_independent_rms_s5,phase2/results/predictions/full/electrode/resnet/seed_202/bandpass_n20003_cLA_independent_rms_s5.npz,76428,29e2ebb24cc8a7673e6c141f3e845ef21fd56e4e898e6947fe82eccdd905bbb3
resnet,electrode,202,bandpass_n20003_cLA_independent_rms_s0,phase2/results/predictions/full/electrode/resnet/seed_202/bandpass_n20003_cLA_independent_rms_s0.npz,76072,f46070f3b86a8761b8f9300122775bb3fbf243e5464b8b4ad30db60546f4f974
resnet,electrode,202,bandpass_n20003_cLA_electrode_s20,phase2/results/predictions/full/electrode/resnet/seed_202/bandpass_n20003_cLA_electrode_s20.npz,76537,92e9c2a776cc02b7007619e7fa94d1e8d0cd266fd0a3d1ef7e2a24170a8cdc1b
resnet,electrode,202,bandpass_n20003_cLA_electrode_s15,phase2/results/predictions/full/electrode/resnet/seed_202/bandpass_n20003_cLA_electrode_s15.npz,76561,bceda9ec77484a22fcb60c4396279784f1a8355791bb0a673f1a80a2d4e36bc7
resnet,electrode,202,bandpass_n20003_cLA_electrode_s10,phase2/results/predictions/full/electrode/resnet/seed_202/bandpass_n20003_cLA_electrode_s10.npz,76513,0693a091c450705db26125d949569f875f8784dd3b0219b7aa223739499de6be
resnet,electrode,202,bandpass_n20003_cLA_electrode_s5,phase2/results/predictions/full/electrode/resnet/seed_202/bandpass_n20003_cLA_electrode_s5.npz,76263,903a92a74564fa786f95027212dbef094166d9c6e183299126cc19f1202ddfb5
resnet,electrode,202,bandpass_n20003_cLA_electrode_s0,phase2/results/predictions/full/electrode/resnet/seed_202/bandpass_n20003_cLA_electrode_s0.npz,75856,43f374bbc4ca0dd5190b629be704e9ae08f159b698c440cdf4a8f2b08c26d7a8
resnet,electrode,202,bandpass_n20003_cLA_covariance_s20,phase2/results/predictions/full/electrode/resnet/seed_202/bandpass_n20003_cLA_covariance_s20.npz,76539,ad5757e433e6fadcce0567280bdab1fe46e50601778a0d7061cf6bc1ab6b45ba
resnet,electrode,202,bandpass_n20003_cLA_covariance_s15,phase2/results/predictions/full/electrode/resnet/seed_202/bandpass_n20003_cLA_covariance_s15.npz,76516,5be4f76b8724cd088085b6c9d70dd3d9da7d3bf05bef904ddab09a338d0ce292
resnet,electrode,202,bandpass_n20003_cLA_covariance_s10,phase2/results/predictions/full/electrode/resnet/seed_202/bandpass_n20003_cLA_covariance_s10.npz,76487,9ba80b3ce84ddc73ca852c6ced991b400120c0a1c7c443389b895631bd028bab
resnet,electrode,202,bandpass_n20003_cLA_covariance_s5,phase2/results/predictions/full/electrode/resnet/seed_202/bandpass_n20003_cLA_covariance_s5.npz,76301,769d260e4954a5f0c561728a521e3615d122cde0f4c308f8c7b792ab1b329f7e
resnet,electrode,202,bandpass_n20003_cLA_covariance_s0,phase2/results/predictions/full/electrode/resnet/seed_202/bandpass_n20003_cLA_covariance_s0.npz,75882,41ef57e904c4d50e5674cd4d5fcdd0a7361bcfed9d4315d66bbda6578a6de13a
resnet,electrode,202,bandpass_n20003_cLL_independent_rms_s20,phase2/results/predictions/full/electrode/resnet/seed_202/bandpass_n20003_cLL_independent_rms_s20.npz,76586,8a17bd731396abad592e0a68eea4f1031a986081987a6d8d2bc79815551af08d
resnet,electrode,202,bandpass_n20003_cLL_independent_rms_s15,phase2/results/predictions/full/electrode/resnet/seed_202/bandpass_n20003_cLL_independent_rms_s15.npz,76551,02fba14913cee37f9d980c9a0c78ed26073a51c4fb44f519e4e5726e8015a583
resnet,electrode,202,bandpass_n20003_cLL_independent_rms_s10,phase2/results/predictions/full/electrode/resnet/seed_202/bandpass_n20003_cLL_independent_rms_s10.npz,76547,d6ca2eb74c9db2683d762d916e0bd30c09ee245f775d411e324713dcb96e6d65
resnet,electrode,202,bandpass_n20003_cLL_independent_rms_s5,phase2/results/predictions/full/electrode/resnet/seed_202/bandpass_n20003_cLL_independent_rms_s5.npz,76421,2172a0407fa905fc065156397dbe70bf3b60cb5f30d76ae1824029a7dedb2cd1
resnet,electrode,202,bandpass_n20003_cLL_independent_rms_s0,phase2/results/predictions/full/electrode/resnet/seed_202/bandpass_n20003_cLL_independent_rms_s0.npz,76061,de3a33dcc234fd67d8238a8c2b2bd21c1617bf5452c193fa2d533ddfbf680bc1
resnet,electrode,202,bandpass_n20003_cLL_electrode_s20,phase2/results/predictions/full/electrode/resnet/seed_202/bandpass_n20003_cLL_electrode_s20.npz,76553,1a37173aa82a3081b309c011e3857489d5f84a40ab7d6d3721bc7f86c5ce3838
resnet,electrode,202,bandpass_n20003_cLL_electrode_s15,phase2/results/predictions/full/electrode/resnet/seed_202/bandpass_n20003_cLL_electrode_s15.npz,76510,894d9131c93c11335f66b5d125babe93c0f39b21dddee5727ed1ea4967797b75
resnet,electrode,202,bandpass_n20003_cLL_electrode_s10,phase2/results/predictions/full/electrode/resnet/seed_202/bandpass_n20003_cLL_electrode_s10.npz,76413,a8c4f19782940795046f42aa13d68a4126a76efe5d8af2db62f18bd6ec7e4aed
resnet,electrode,202,bandpass_n20003_cLL_electrode_s5,phase2/results/predictions/full/electrode/resnet/seed_202/bandpass_n20003_cLL_electrode_s5.npz,76238,31a1f577b161beb8924dbca1ce1798f7719f5e76b6ac3a3dc3147f591dc651ff
resnet,electrode,202,bandpass_n20003_cLL_electrode_s0,phase2/results/predictions/full/electrode/resnet/seed_202/bandpass_n20003_cLL_electrode_s0.npz,75817,ea5a1337edf4817b3a478258261e142480b96e10d2923ea90ebe6ee510af5af4
resnet,electrode,202,bandpass_n20003_cLL_covariance_s20,phase2/results/predictions/full/electrode/resnet/seed_202/bandpass_n20003_cLL_covariance_s20.npz,76538,734d2b9461042d8f6d6931d544121464a0af24930cb4760516aac1b9bfce9a84
resnet,electrode,202,bandpass_n20003_cLL_covariance_s15,phase2/results/predictions/full/electrode/resnet/seed_202/bandpass_n20003_cLL_covariance_s15.npz,76535,5dcff8d64360dae8f655ff48babdee7ee195d7edb13971466a3a379704956ac6
resnet,electrode,202,bandpass_n20003_cLL_covariance_s10,phase2/results/predictions/full/electrode/resnet/seed_202/bandpass_n20003_cLL_covariance_s10.npz,76477,ee5d561da3d9328e6c411842f8215ea6bdc01f67e4259d9ef8a23b59044e9455
resnet,electrode,202,bandpass_n20003_cLL_covariance_s5,phase2/results/predictions/full/electrode/resnet/seed_202/bandpass_n20003_cLL_covariance_s5.npz,76242,1ec13202688cdbc83b534fcbebd9cd66619ec1e21b0e2be222e55b18b18bf099
resnet,electrode,202,bandpass_n20003_cLL_covariance_s0,phase2/results/predictions/full/electrode/resnet/seed_202/bandpass_n20003_cLL_covariance_s0.npz,75843,3a96deb0e2877f9a9a8404caf9e1d5f4247c3f8e7e7f8db513ed235439478fea
resnet,electrode,202,bandpass_n20003_cRA_V1_independent_rms_s20,phase2/results/predictions/full/electrode/resnet/seed_202/bandpass_n20003_cRA_V1_independent_rms_s20.npz,76581,ca5850db0af76cf21e813a2098624a1f77ba2bb18f2400c5b28216fa35624b54
resnet,electrode,202,bandpass_n20003_cRA_V1_independent_rms_s15,phase2/results/predictions/full/electrode/resnet/seed_202/bandpass_n20003_cRA_V1_independent_rms_s15.npz,76596,0f5e3985a4430bf33319f432a0f51830661e3bbecd63ad08ac53c508c04340c7
resnet,electrode,202,bandpass_n20003_cRA_V1_independent_rms_s10,phase2/results/predictions/full/electrode/resnet/seed_202/bandpass_n20003_cRA_V1_independent_rms_s10.npz,76577,faa68275cf07a8aef4e55766fe4a4ae34a09069284ec78b69d4cdd1be6679fdc
resnet,electrode,202,bandpass_n20003_cRA_V1_independent_rms_s5,phase2/results/predictions/full/electrode/resnet/seed_202/bandpass_n20003_cRA_V1_independent_rms_s5.npz,76410,90455dd11c33bc713cfc1bef71d96f6ba2c65a7819d1ed8131a6b2cf62147efd
resnet,electrode,202,bandpass_n20003_cRA_V1_independent_rms_s0,phase2/results/predictions/full/electrode/resnet/seed_202/bandpass_n20003_cRA_V1_independent_rms_s0.npz,76056,4504fbc3096b499f9bdbd8286a828ab6385300fb7c583a15ac94b95f29c355a1
resnet,electrode,202,bandpass_n20003_cRA_V1_electrode_s20,phase2/results/predictions/full/electrode/resnet/seed_202/bandpass_n20003_cRA_V1_electrode_s20.npz,76588,0b6ef3489dfef2385fc5affb3aef9268b3abab5c19d48c334358e3128a403a16
resnet,electrode,202,bandpass_n20003_cRA_V1_electrode_s15,phase2/results/predictions/full/electrode/resnet/seed_202/bandpass_n20003_cRA_V1_electrode_s15.npz,76562,8833e50d79de596eb741617217f2132339e8bad5590230f23353c7bc8b5941cc
resnet,electrode,202,bandpass_n20003_cRA_V1_electrode_s10,phase2/results/predictions/full/electrode/resnet/seed_202/bandpass_n20003_cRA_V1_electrode_s10.npz,76469,d80293ebc7269c5fda90ccfa0daf248492d36f037a8900a21309d6ad413a57a3
resnet,electrode,202,bandpass_n20003_cRA_V1_electrode_s5,phase2/results/predictions/full/electrode/resnet/seed_202/bandpass_n20003_cRA_V1_electrode_s5.npz,76311,2e832b67be8ae9bc86a31398c291aca60d736bc2de5edb5c5d4355731698e06d
resnet,electrode,202,bandpass_n20003_cRA_V1_electrode_s0,phase2/results/predictions/full/electrode/resnet/seed_202/bandpass_n20003_cRA_V1_electrode_s0.npz,75931,09915b7a81c065c374f02cbfa5c6804e31d3d4f3ade597ee31c4801aa6c4b8d9
resnet,electrode,202,bandpass_n20003_cRA_V1_covariance_s20,phase2/results/predictions/full/electrode/resnet/seed_202/bandpass_n20003_cRA_V1_covariance_s20.npz,76569,46b667cef8a1e5821d3ce8deea7ae0c63f271539b3290867ea4196b4f2cf4ec2
resnet,electrode,202,bandpass_n20003_cRA_V1_covariance_s15,phase2/results/predictions/full/electrode/resnet/seed_202/bandpass_n20003_cRA_V1_covariance_s15.npz,76548,8247d15ea7ee1d9e41dd03383201db77c137f9b4d6e308b3029fb4a44e3862c8
resnet,electrode,202,bandpass_n20003_cRA_V1_covariance_s10,phase2/results/predictions/full/electrode/resnet/seed_202/bandpass_n20003_cRA_V1_covariance_s10.npz,76455,33f18c3c9ee479773ae3a5b7443536f0bd5b50637f9dd5a1b763f8a857bf69d3
resnet,electrode,202,bandpass_n20003_cRA_V1_covariance_s5,phase2/results/predictions/full/electrode/resnet/seed_202/bandpass_n20003_cRA_V1_covariance_s5.npz,76312,f142a4a48d15f15baa2d0b2df6231c5965f7d57de8281a6e6e52a09da70384a8
resnet,electrode,202,bandpass_n20003_cRA_V1_covariance_s0,phase2/results/predictions/full/electrode/resnet/seed_202/bandpass_n20003_cRA_V1_covariance_s0.npz,75939,d309c7aa3aca847966cc2fe85b04178e8aeae1c8a7b52f9a44e6693dbb6c2997
resnet,electrode,202,bandpass_n20003_cLA_V6_independent_rms_s20,phase2/results/predictions/full/electrode/resnet/seed_202/bandpass_n20003_cLA_V6_independent_rms_s20.npz,76597,7e5ed1360145a5ad8020b5ecb15eaabe8c3996c329af5f593960175000e7a428
resnet,electrode,202,bandpass_n20003_cLA_V6_independent_rms_s15,phase2/results/predictions/full/electrode/resnet/seed_202/bandpass_n20003_cLA_V6_independent_rms_s15.npz,76592,00abfc45c39edf2ef006beac118ad10f143db8926c7a0d8a3b86e86bf9e580a0
resnet,electrode,202,bandpass_n20003_cLA_V6_independent_rms_s10,phase2/results/predictions/full/electrode/resnet/seed_202/bandpass_n20003_cLA_V6_independent_rms_s10.npz,76546,6775ec635783ef41e405440c2a512cc2450111c505a68a9158c9d751c349faad
resnet,electrode,202,bandpass_n20003_cLA_V6_independent_rms_s5,phase2/results/predictions/full/electrode/resnet/seed_202/bandpass_n20003_cLA_V6_independent_rms_s5.npz,76435,e6861f62cdf854006fd96f0c71382d65e6c90a26a561b92f87d7ff5f44e4fc94
resnet,electrode,202,bandpass_n20003_cLA_V6_independent_rms_s0,phase2/results/predictions/full/electrode/resnet/seed_202/bandpass_n20003_cLA_V6_independent_rms_s0.npz,76091,766655043728c5c38299af2b748ff0526135aff700aeb73952c07883e80bb19b
resnet,electrode,202,bandpass_n20003_cLA_V6_electrode_s20,phase2/results/predictions/full/electrode/resnet/seed_202/bandpass_n20003_cLA_V6_electrode_s20.npz,76583,9de3f26caf0b97ebd56e557ab57dabb67baea1105c6317f8a254b9c4cb4c3dea
resnet,electrode,202,bandpass_n20003_cLA_V6_electrode_s15,phase2/results/predictions/full/electrode/resnet/seed_202/bandpass_n20003_cLA_V6_electrode_s15.npz,76565,acd2ec348182f28a50b8553a851b1cb2c4fb9f7fab9b7102fa89bc1b476fe7a9
resnet,electrode,202,bandpass_n20003_cLA_V6_electrode_s10,phase2/results/predictions/full/electrode/resnet/seed_202/bandpass_n20003_cLA_V6_electrode_s10.npz,76541,121b3b9ff532e14e3c4b263627a7c217e894888e35522be81b42314b6bf32dec
resnet,electrode,202,bandpass_n20003_cLA_V6_electrode_s5,phase2/results/predictions/full/electrode/resnet/seed_202/bandpass_n20003_cLA_V6_electrode_s5.npz,76326,8b0ac7315bbb5020b04458dae3f62423105d1c2235bab4cb8b25c008b3117f8e
resnet,electrode,202,bandpass_n20003_cLA_V6_electrode_s0,phase2/results/predictions/full/electrode/resnet/seed_202/bandpass_n20003_cLA_V6_electrode_s0.npz,75887,95960b0cfe5307b0c95e280ff60a77a09ec17560e632a39abb8ff65be72e836f
resnet,electrode,202,bandpass_n20003_cLA_V6_covariance_s20,phase2/results/predictions/full/electrode/resnet/seed_202/bandpass_n20003_cLA_V6_covariance_s20.npz,76558,96af9a86820268abf27975ab828cec1d79da56f181245b59fd5e73255f903a52
resnet,electrode,202,bandpass_n20003_cLA_V6_covariance_s15,phase2/results/predictions/full/electrode/resnet/seed_202/bandpass_n20003_cLA_V6_covariance_s15.npz,76577,a7f35be5a85ede350a0243e0e303274beeb1f64435d5fc6bb5ae87eea0a64469
resnet,electrode,202,bandpass_n20003_cLA_V6_covariance_s10,phase2/results/predictions/full/electrode/resnet/seed_202/bandpass_n20003_cLA_V6_covariance_s10.npz,76506,d8ccc05a7d03c23be6c1b8040776f086930ac48b35318f9349bb071ff18cfaf5
resnet,electrode,202,bandpass_n20003_cLA_V6_covariance_s5,phase2/results/predictions/full/electrode/resnet/seed_202/bandpass_n20003_cLA_V6_covariance_s5.npz,76309,d401a9846edda9dde487d49629f359bb86f10acd32de933e07ba9f1f7ef86479
resnet,electrode,202,bandpass_n20003_cLA_V6_covariance_s0,phase2/results/predictions/full/electrode/resnet/seed_202/bandpass_n20003_cLA_V6_covariance_s0.npz,75860,58c7865f022f98d1582f33c2e490b4321e222b3b762a7d75409483074a835db5
resnet,electrode,202,bandpass_n20003_cLL_V4_independent_rms_s20,phase2/results/predictions/full/electrode/resnet/seed_202/bandpass_n20003_cLL_V4_independent_rms_s20.npz,76566,78c6514c7cad88ef4c20b2ccb94218df6e60146d14b60521343712d20c2b6cc5
resnet,electrode,202,bandpass_n20003_cLL_V4_independent_rms_s15,phase2/results/predictions/full/electrode/resnet/seed_202/bandpass_n20003_cLL_V4_independent_rms_s15.npz,76636,7dc945ae22f0e504c31ee78e1205250195b51098756396a685efdb850d3304ae
resnet,electrode,202,bandpass_n20003_cLL_V4_independent_rms_s10,phase2/results/predictions/full/electrode/resnet/seed_202/bandpass_n20003_cLL_V4_independent_rms_s10.npz,76524,03e9f5fac07807db00eec3fd5719ae51662a40c3dc77d0cdd7e1ab832c359add
resnet,electrode,202,bandpass_n20003_cLL_V4_independent_rms_s5,phase2/results/predictions/full/electrode/resnet/seed_202/bandpass_n20003_cLL_V4_independent_rms_s5.npz,76435,e0827454c9ab40f791be81f7dd1bf85c96ca53bdde2299f84bbc5d6eda141da8
resnet,electrode,202,bandpass_n20003_cLL_V4_independent_rms_s0,phase2/results/predictions/full/electrode/resnet/seed_202/bandpass_n20003_cLL_V4_independent_rms_s0.npz,76096,79424e1ac21258aa28f1fb972ec2bee9b5045174eb37535652471a7f7067b4bd
resnet,electrode,202,bandpass_n20003_cLL_V4_electrode_s20,phase2/results/predictions/full/electrode/resnet/seed_202/bandpass_n20003_cLL_V4_electrode_s20.npz,76579,12924e5bfc991f7bc274c9e27285e90aa641aaf5d604f501f0823b4ad31df53b
resnet,electrode,202,bandpass_n20003_cLL_V4_electrode_s15,phase2/results/predictions/full/electrode/resnet/seed_202/bandpass_n20003_cLL_V4_electrode_s15.npz,76541,3e326704188d8873fdd9eba09abcf1adf6e87d40795bf1b8c11d0357d909505c
resnet,electrode,202,bandpass_n20003_cLL_V4_electrode_s10,phase2/results/predictions/full/electrode/resnet/seed_202/bandpass_n20003_cLL_V4_electrode_s10.npz,76471,38b2d739f5159cfd70aa8d2c7f325d263ffa5780e4bedcabe67fce3dc5787d1f
resnet,electrode,202,bandpass_n20003_cLL_V4_electrode_s5,phase2/results/predictions/full/electrode/resnet/seed_202/bandpass_n20003_cLL_V4_electrode_s5.npz,76287,d8172ff14294fae4b71d3c80a179cb63e9836d618dd50e43783a8d453768cdc7
resnet,electrode,202,bandpass_n20003_cLL_V4_electrode_s0,phase2/results/predictions/full/electrode/resnet/seed_202/bandpass_n20003_cLL_V4_electrode_s0.npz,75861,7412ad54cbd94d53ad6546ac0274d0a72bb06ed9ac2351e5fc94f48a6b8ab6bb
resnet,electrode,202,bandpass_n20003_cLL_V4_covariance_s20,phase2/results/predictions/full/electrode/resnet/seed_202/bandpass_n20003_cLL_V4_covariance_s20.npz,76540,402a71385ed26d5d6e005db1d9b91844348451e7a78b07cc9a0d03679c16c17a
resnet,electrode,202,bandpass_n20003_cLL_V4_covariance_s15,phase2/results/predictions/full/electrode/resnet/seed_202/bandpass_n20003_cLL_V4_covariance_s15.npz,76560,5e55c9a10b2202d18b1e025c50bd4899915bc71847d105e6abed1f560e0698b8
resnet,electrode,202,bandpass_n20003_cLL_V4_covariance_s10,phase2/results/predictions/full/electrode/resnet/seed_202/bandpass_n20003_cLL_V4_covariance_s10.npz,76473,5e1c8035015bae44b84de0801c8f12b36ee91161a0b76f52b221d6d755e86e5b
resnet,electrode,202,bandpass_n20003_cLL_V4_covariance_s5,phase2/results/predictions/full/electrode/resnet/seed_202/bandpass_n20003_cLL_V4_covariance_s5.npz,76271,07c9bac58bef858a026b898ab5884216c04ef2323313d3a9712d4ddb229bc534
resnet,electrode,202,bandpass_n20003_cLL_V4_covariance_s0,phase2/results/predictions/full/electrode/resnet/seed_202/bandpass_n20003_cLL_V4_covariance_s0.npz,75879,5a102f4c653b7b5ea1668230517f4115f3521cd468dc80a3fe926a6198291b05
resnet,electrode,202,bandpass_n20003_cRA_LA_V1_V6_independent_rms_s20,phase2/results/predictions/full/electrode/resnet/seed_202/bandpass_n20003_cRA_LA_V1_V6_independent_rms_s20.npz,76589,9bcb64fc1607e4641968f47aaecb2c2c6dd85f421aef791a174a73487cb4165a
resnet,electrode,202,bandpass_n20003_cRA_LA_V1_V6_independent_rms_s15,phase2/results/predictions/full/electrode/resnet/seed_202/bandpass_n20003_cRA_LA_V1_V6_independent_rms_s15.npz,76611,86778b1abe905c6f1ce0849882749122a53e8259ffa9961bb99b1191b50578e8
resnet,electrode,202,bandpass_n20003_cRA_LA_V1_V6_independent_rms_s10,phase2/results/predictions/full/electrode/resnet/seed_202/bandpass_n20003_cRA_LA_V1_V6_independent_rms_s10.npz,76593,a09eeb8ceee6206c87a14a0e9977f5510d5f60a4d7f7749a4c6d7aa5c7134548
resnet,electrode,202,bandpass_n20003_cRA_LA_V1_V6_independent_rms_s5,phase2/results/predictions/full/electrode/resnet/seed_202/bandpass_n20003_cRA_LA_V1_V6_independent_rms_s5.npz,76436,e8e428ef34fbc2572d8249ae3f8e37574dfc9a7f620890926a506b2bb8dedae3
resnet,electrode,202,bandpass_n20003_cRA_LA_V1_V6_independent_rms_s0,phase2/results/predictions/full/electrode/resnet/seed_202/bandpass_n20003_cRA_LA_V1_V6_independent_rms_s0.npz,76057,f00d3b3956f9edce8ee8f309a67c56bfae49ed220ef677c4a45683163c63c270
resnet,electrode,202,bandpass_n20003_cRA_LA_V1_V6_electrode_s20,phase2/results/predictions/full/electrode/resnet/seed_202/bandpass_n20003_cRA_LA_V1_V6_electrode_s20.npz,76591,1efced47e9543ee01ccb9916ca995d4e9c3f47422c69d7afbc257129fc27e0fd
resnet,electrode,202,bandpass_n20003_cRA_LA_V1_V6_electrode_s15,phase2/results/predictions/full/electrode/resnet/seed_202/bandpass_n20003_cRA_LA_V1_V6_electrode_s15.npz,76573,5aa75a41eda1476b921b0a638094dc8e5390610e986d2e9a3cf68aea1c141579
resnet,electrode,202,bandpass_n20003_cRA_LA_V1_V6_electrode_s10,phase2/results/predictions/full/electrode/resnet/seed_202/bandpass_n20003_cRA_LA_V1_V6_electrode_s10.npz,76513,f9c4dc79b3e4d1926ada6256e1198c4e880d083306db202617089e24c7f75ef1
resnet,electrode,202,bandpass_n20003_cRA_LA_V1_V6_electrode_s5,phase2/results/predictions/full/electrode/resnet/seed_202/bandpass_n20003_cRA_LA_V1_V6_electrode_s5.npz,76290,93a27dd728338a1c5518ad87be6990280215f8c0f64ee7ae3100de0ca95dccc4
resnet,electrode,202,bandpass_n20003_cRA_LA_V1_V6_electrode_s0,phase2/results/predictions/full/electrode/resnet/seed_202/bandpass_n20003_cRA_LA_V1_V6_electrode_s0.npz,75878,5f8dc4997f9c881bec3141881213da2b9350a245c05652565b6edb31c8dfd9ef
resnet,electrode,202,bandpass_n20003_cRA_LA_V1_V6_covariance_s20,phase2/results/predictions/full/electrode/resnet/seed_202/bandpass_n20003_cRA_LA_V1_V6_covariance_s20.npz,76609,cb9e209922fd36c9c7c3f7ea12d67bdc2ac948c07c5b5c3d988c60f03d7e8d73
resnet,electrode,202,bandpass_n20003_cRA_LA_V1_V6_covariance_s15,phase2/results/predictions/full/electrode/resnet/seed_202/bandpass_n20003_cRA_LA_V1_V6_covariance_s15.npz,76578,0f4009eee0236e96bef8e3cf540f6fd3b9559356d73351012c1da13287cf3289
resnet,electrode,202,bandpass_n20003_cRA_LA_V1_V6_covariance_s10,phase2/results/predictions/full/electrode/resnet/seed_202/bandpass_n20003_cRA_LA_V1_V6_covariance_s10.npz,76513,3641d779c9311252dadd6fb1160d3d435b6d6d6f005e3b8a2d1cbf752b5ca4b2
resnet,electrode,202,bandpass_n20003_cRA_LA_V1_V6_covariance_s5,phase2/results/predictions/full/electrode/resnet/seed_202/bandpass_n20003_cRA_LA_V1_V6_covariance_s5.npz,76258,9897594afe311efee7661de451a83d6db92c55a5a061ba245564f93e55968f1d
resnet,electrode,202,bandpass_n20003_cRA_LA_V1_V6_covariance_s0,phase2/results/predictions/full/electrode/resnet/seed_202/bandpass_n20003_cRA_LA_V1_V6_covariance_s0.npz,75904,350169b4f9c760c2f54bc552ec8c0c0c64b6542b921e9cd6a981780745893398
resnet,electrode,202,bandpass_n20003_cRA_V2_V5_independent_rms_s20,phase2/results/predictions/full/electrode/resnet/seed_202/bandpass_n20003_cRA_V2_V5_independent_rms_s20.npz,76616,1b08948ca72ab5f064cf06dded15f22ad2b8686be1cec4c6ac460cc3f3502e8e
resnet,electrode,202,bandpass_n20003_cRA_V2_V5_independent_rms_s15,phase2/results/predictions/full/electrode/resnet/seed_202/bandpass_n20003_cRA_V2_V5_independent_rms_s15.npz,76587,63e4c741598422cafecaa2ece532464c8a351fefabebcc2f70acb617f5c929bd
resnet,electrode,202,bandpass_n20003_cRA_V2_V5_independent_rms_s10,phase2/results/predictions/full/electrode/resnet/seed_202/bandpass_n20003_cRA_V2_V5_independent_rms_s10.npz,76570,c23bc5c27b0db92f601ae0bd5aba32dfeb8cd9de818cd3049fb3e2fe0cd9e56e
resnet,electrode,202,bandpass_n20003_cRA_V2_V5_independent_rms_s5,phase2/results/predictions/full/electrode/resnet/seed_202/bandpass_n20003_cRA_V2_V5_independent_rms_s5.npz,76475,db327bb80a40cc388f90a59e8c83cfa2d9da15fc85a40048d17a9ddae5cebce0
resnet,electrode,202,bandpass_n20003_cRA_V2_V5_independent_rms_s0,phase2/results/predictions/full/electrode/resnet/seed_202/bandpass_n20003_cRA_V2_V5_independent_rms_s0.npz,76097,9312b3a9d2a9aa6778e7296d588fe8ee917d67fcd39995f1b594eb75dbf1f410
resnet,electrode,202,bandpass_n20003_cRA_V2_V5_electrode_s20,phase2/results/predictions/full/electrode/resnet/seed_202/bandpass_n20003_cRA_V2_V5_electrode_s20.npz,76591,5e74c18af3def82a9d26285b1c697f5361da7c1f749dba08c8ef891d06d7312a
resnet,electrode,202,bandpass_n20003_cRA_V2_V5_electrode_s15,phase2/results/predictions/full/electrode/resnet/seed_202/bandpass_n20003_cRA_V2_V5_electrode_s15.npz,76589,d33edc5db5b06c2b7bc269c1749cf00d73c7ab6626393814441b9807d34993c9
resnet,electrode,202,bandpass_n20003_cRA_V2_V5_electrode_s10,phase2/results/predictions/full/electrode/resnet/seed_202/bandpass_n20003_cRA_V2_V5_electrode_s10.npz,76481,5d892024d064820ddc05800440bb605e4991bb43ef37d85b59abea8b0f56b648
resnet,electrode,202,bandpass_n20003_cRA_V2_V5_electrode_s5,phase2/results/predictions/full/electrode/resnet/seed_202/bandpass_n20003_cRA_V2_V5_electrode_s5.npz,76323,90b1afddd5065b5164dbb9dab6e4c98343da2f2fcf931c1143618f0687703b1d
resnet,electrode,202,bandpass_n20003_cRA_V2_V5_electrode_s0,phase2/results/predictions/full/electrode/resnet/seed_202/bandpass_n20003_cRA_V2_V5_electrode_s0.npz,76024,2a9c0490a5a4c436fed6919ede6948b897ef6c85399913849465342915724e37
resnet,electrode,202,bandpass_n20003_cRA_V2_V5_covariance_s20,phase2/results/predictions/full/electrode/resnet/seed_202/bandpass_n20003_cRA_V2_V5_covariance_s20.npz,76576,cde8244fd2de3089ecc5f343d80e4cf5df254426b9064aea94fbca754203bd54
resnet,electrode,202,bandpass_n20003_cRA_V2_V5_covariance_s15,phase2/results/predictions/full/electrode/resnet/seed_202/bandpass_n20003_cRA_V2_V5_covariance_s15.npz,76544,3ce562a7a7ca644b99b8e56d9b225e5f62b390456aa3fc400bc52cf42e89b995
resnet,electrode,202,bandpass_n20003_cRA_V2_V5_covariance_s10,phase2/results/predictions/full/electrode/resnet/seed_202/bandpass_n20003_cRA_V2_V5_covariance_s10.npz,76458,7bda953dfef2dbb78de9662ce493aabc2aee79d7e00352e807620a863d1d4ce9
resnet,electrode,202,bandpass_n20003_cRA_V2_V5_covariance_s5,phase2/results/predictions/full/electrode/resnet/seed_202/bandpass_n20003_cRA_V2_V5_covariance_s5.npz,76362,1643462639e2ea056e519b1d838ecf7f65d19f87436856492163880f9808b633
resnet,electrode,202,bandpass_n20003_cRA_V2_V5_covariance_s0,phase2/results/predictions/full/electrode/resnet/seed_202/bandpass_n20003_cRA_V2_V5_covariance_s0.npz,75985,876a1ff84bb4bb361193eae8c54e1b24addba2cc7212cc70711978e8d0f62e2d
resnet,electrode,202,bandpass_n20003_cLA_V3_V6_independent_rms_s20,phase2/results/predictions/full/electrode/resnet/seed_202/bandpass_n20003_cLA_V3_V6_independent_rms_s20.npz,76601,768571d8d512cbb5a03791c322b21f07dc0d6c08878f4c4e54f93001cf87f07d
resnet,electrode,202,bandpass_n20003_cLA_V3_V6_independent_rms_s15,phase2/results/predictions/full/electrode/resnet/seed_202/bandpass_n20003_cLA_V3_V6_independent_rms_s15.npz,76608,d4f9c604eaa53be2a4d6532b993ff41679872ea0b34e0629409e2138b0993713
resnet,electrode,202,bandpass_n20003_cLA_V3_V6_independent_rms_s10,phase2/results/predictions/full/electrode/resnet/seed_202/bandpass_n20003_cLA_V3_V6_independent_rms_s10.npz,76532,09686ecfc420277d4a27621a0ae14b2e0a401daf4e37e3206abbfc04330cda9a
resnet,electrode,202,bandpass_n20003_cLA_V3_V6_independent_rms_s5,phase2/results/predictions/full/electrode/resnet/seed_202/bandpass_n20003_cLA_V3_V6_independent_rms_s5.npz,76437,3ea5e51821524baf56762dad7520a945f8e3a59def06efe337ad2c4b026c4e3d
resnet,electrode,202,bandpass_n20003_cLA_V3_V6_independent_rms_s0,phase2/results/predictions/full/electrode/resnet/seed_202/bandpass_n20003_cLA_V3_V6_independent_rms_s0.npz,76122,c1aa9114d97e6064c95c17d3427a9342007cc345b74b179f8293cfab163f5419
resnet,electrode,202,bandpass_n20003_cLA_V3_V6_electrode_s20,phase2/results/predictions/full/electrode/resnet/seed_202/bandpass_n20003_cLA_V3_V6_electrode_s20.npz,76545,eee33f7a21ae7ef76b55b661603bf60cc252448b7db5a9b0988d64a7ac66a7e2
resnet,electrode,202,bandpass_n20003_cLA_V3_V6_electrode_s15,phase2/results/predictions/full/electrode/resnet/seed_202/bandpass_n20003_cLA_V3_V6_electrode_s15.npz,76585,49946cef4f86ed8254be83cf48194bb9700e22f806c4e3d2b3e437d34b40e698
resnet,electrode,202,bandpass_n20003_cLA_V3_V6_electrode_s10,phase2/results/predictions/full/electrode/resnet/seed_202/bandpass_n20003_cLA_V3_V6_electrode_s10.npz,76517,818c813416418cfb7956e67da71e85ea8f1366f6d1450ce69a11b65be3994445
resnet,electrode,202,bandpass_n20003_cLA_V3_V6_electrode_s5,phase2/results/predictions/full/electrode/resnet/seed_202/bandpass_n20003_cLA_V3_V6_electrode_s5.npz,76323,78e023657f58b28a84f32fbaaa4d66ad93a8060353138deaa8760b249f8239c3
resnet,electrode,202,bandpass_n20003_cLA_V3_V6_electrode_s0,phase2/results/predictions/full/electrode/resnet/seed_202/bandpass_n20003_cLA_V3_V6_electrode_s0.npz,75953,3583f17daf273e03170935a9ca00f314707ec79dde03b63342313a544b962d83
resnet,electrode,202,bandpass_n20003_cLA_V3_V6_covariance_s20,phase2/results/predictions/full/electrode/resnet/seed_202/bandpass_n20003_cLA_V3_V6_covariance_s20.npz,76588,ee5354faddab839d3086c25886163bed3465c8a68d61cf1c563bc52f7c8bd559
resnet,electrode,202,bandpass_n20003_cLA_V3_V6_covariance_s15,phase2/results/predictions/full/electrode/resnet/seed_202/bandpass_n20003_cLA_V3_V6_covariance_s15.npz,76565,4616ad17873c449a083edc6bd499885b1892664eebf837cc6eefac3e91b741aa
resnet,electrode,202,bandpass_n20003_cLA_V3_V6_covariance_s10,phase2/results/predictions/full/electrode/resnet/seed_202/bandpass_n20003_cLA_V3_V6_covariance_s10.npz,76530,8fe830121f4e6385089d85ee5bd91993f8e15d470dc1d10eb9301f9f771e78ad
resnet,electrode,202,bandpass_n20003_cLA_V3_V6_covariance_s5,phase2/results/predictions/full/electrode/resnet/seed_202/bandpass_n20003_cLA_V3_V6_covariance_s5.npz,76343,c5566dd6ff946fc185476d25c2e71feaad78800a9b02c07bb087f709c6f2e607
resnet,electrode,202,bandpass_n20003_cLA_V3_V6_covariance_s0,phase2/results/predictions/full/electrode/resnet/seed_202/bandpass_n20003_cLA_V3_V6_covariance_s0.npz,75939,424b038f2e7ee4b1e9e6be8d3a3106bbc983fa08664818371dab39293995fc3d
resnet,electrode,202,bandpass_n20003_cLL_V1_V4_independent_rms_s20,phase2/results/predictions/full/electrode/resnet/seed_202/bandpass_n20003_cLL_V1_V4_independent_rms_s20.npz,76606,78183b87376ab74b016853ee7f60199f5706cb2d80ccae7e8a84e2b47e2174b8
resnet,electrode,202,bandpass_n20003_cLL_V1_V4_independent_rms_s15,phase2/results/predictions/full/electrode/resnet/seed_202/bandpass_n20003_cLL_V1_V4_independent_rms_s15.npz,76611,fe76cba8acc5551e751d4ddb58f288c2bb2bbd717578cdc39dd569c6137b24a3
resnet,electrode,202,bandpass_n20003_cLL_V1_V4_independent_rms_s10,phase2/results/predictions/full/electrode/resnet/seed_202/bandpass_n20003_cLL_V1_V4_independent_rms_s10.npz,76532,f77522276763572ec664046dcc57effab92c7edaf5aa03f13f5e6490cb0e4599
resnet,electrode,202,bandpass_n20003_cLL_V1_V4_independent_rms_s5,phase2/results/predictions/full/electrode/resnet/seed_202/bandpass_n20003_cLL_V1_V4_independent_rms_s5.npz,76425,79756b427533615ef04a4bdb38d674b9d3b7f7102a660e679328205a14a183c4
resnet,electrode,202,bandpass_n20003_cLL_V1_V4_independent_rms_s0,phase2/results/predictions/full/electrode/resnet/seed_202/bandpass_n20003_cLL_V1_V4_independent_rms_s0.npz,76065,fd4ccd43f751674bab026abe2ab2e7ef671800acb5469634add42338871e518e
resnet,electrode,202,bandpass_n20003_cLL_V1_V4_electrode_s20,phase2/results/predictions/full/electrode/resnet/seed_202/bandpass_n20003_cLL_V1_V4_electrode_s20.npz,76553,fb2f667dac07a735b2d111b28cf7d47b142b45cc97b7e247bcaaa064d2f0034a
resnet,electrode,202,bandpass_n20003_cLL_V1_V4_electrode_s15,phase2/results/predictions/full/electrode/resnet/seed_202/bandpass_n20003_cLL_V1_V4_electrode_s15.npz,76531,33c55b99231626886ccabc9ae047147976b61ab705579e9f1d12a294c5741e76
resnet,electrode,202,bandpass_n20003_cLL_V1_V4_electrode_s10,phase2/results/predictions/full/electrode/resnet/seed_202/bandpass_n20003_cLL_V1_V4_electrode_s10.npz,76511,cd7afc0ee77435c47639fba9176eb90be797bd3622eea9c042c15f11977db6fb
resnet,electrode,202,bandpass_n20003_cLL_V1_V4_electrode_s5,phase2/results/predictions/full/electrode/resnet/seed_202/bandpass_n20003_cLL_V1_V4_electrode_s5.npz,76290,791b9329f7473de19c325696c1144411dee2103185078a3c93589e61013d0a3d
resnet,electrode,202,bandpass_n20003_cLL_V1_V4_electrode_s0,phase2/results/predictions/full/electrode/resnet/seed_202/bandpass_n20003_cLL_V1_V4_electrode_s0.npz,75857,0f2acbb3ccb7c0d40e43f0f3a1bdbc68d93f1d497f494880e6d0442d4d19fff3
resnet,electrode,202,bandpass_n20003_cLL_V1_V4_covariance_s20,phase2/results/predictions/full/electrode/resnet/seed_202/bandpass_n20003_cLL_V1_V4_covariance_s20.npz,76598,93ae446fb98f8c9892ffca9a510a9d5dd7c65ed53e7e8bc511c464083522180c
resnet,electrode,202,bandpass_n20003_cLL_V1_V4_covariance_s15,phase2/results/predictions/full/electrode/resnet/seed_202/bandpass_n20003_cLL_V1_V4_covariance_s15.npz,76548,266e73e06588faf07c9baa733710e58c813f5097e8c0ab585e19c30221a1f2f3
resnet,electrode,202,bandpass_n20003_cLL_V1_V4_covariance_s10,phase2/results/predictions/full/electrode/resnet/seed_202/bandpass_n20003_cLL_V1_V4_covariance_s10.npz,76490,66428cea17ea233dc36d282292e921ba20cb7f379d3605ab1758855228d6452f
resnet,electrode,202,bandpass_n20003_cLL_V1_V4_covariance_s5,phase2/results/predictions/full/electrode/resnet/seed_202/bandpass_n20003_cLL_V1_V4_covariance_s5.npz,76304,7e6647ce8680cb7da32b322d5fb96489aa2afcaff302a48b243dd2756c763fd1
resnet,electrode,202,bandpass_n20003_cLL_V1_V4_covariance_s0,phase2/results/predictions/full/electrode/resnet/seed_202/bandpass_n20003_cLL_V1_V4_covariance_s0.npz,75861,0e60eefe70752a5203d46c9662804100a589f2dc8dbd842d4a97c6bba484b4ad
resnet,electrode,202,bandpass_n20003_call_independent_rms_s20,phase2/results/predictions/full/electrode/resnet/seed_202/bandpass_n20003_call_independent_rms_s20.npz,76581,9a9e4be63a313239a552138b6504f6e7178af8a40c2379060195ced859c5f967
resnet,electrode,202,bandpass_n20003_call_independent_rms_s15,phase2/results/predictions/full/electrode/resnet/seed_202/bandpass_n20003_call_independent_rms_s15.npz,76562,7bed226c1a7d532711843759e5073b8c3ea1ff1a874f8f7fe22ecd39eda05927
resnet,electrode,202,bandpass_n20003_call_independent_rms_s10,phase2/results/predictions/full/electrode/resnet/seed_202/bandpass_n20003_call_independent_rms_s10.npz,76522,2416739f3d546e7ef121e9b351e2df4cbf4899cf0a80a1077236cc09021bc12a
resnet,electrode,202,bandpass_n20003_call_independent_rms_s5,phase2/results/predictions/full/electrode/resnet/seed_202/bandpass_n20003_call_independent_rms_s5.npz,76426,79ad26e87b5babfd6efecd14221bc1be0833b8afa3ea5aff095b5978228ff636
resnet,electrode,202,bandpass_n20003_call_independent_rms_s0,phase2/results/predictions/full/electrode/resnet/seed_202/bandpass_n20003_call_independent_rms_s0.npz,76095,248aef2b7dc96303db06feaaf22cf5ca2c06a4fd3e401477ac26e5e49eab6322
resnet,electrode,202,bandpass_n20003_call_electrode_s20,phase2/results/predictions/full/electrode/resnet/seed_202/bandpass_n20003_call_electrode_s20.npz,76551,db9bd309546ecc695dd78a0f5b1d0982acffeb32b59780e4408268e83e0fb7aa
resnet,electrode,202,bandpass_n20003_call_electrode_s15,phase2/results/predictions/full/electrode/resnet/seed_202/bandpass_n20003_call_electrode_s15.npz,76522,12f4c3d9f4dd5c755cbba85a42d39d966fbf49d57151508eedca77fc814107e1
resnet,electrode,202,bandpass_n20003_call_electrode_s10,phase2/results/predictions/full/electrode/resnet/seed_202/bandpass_n20003_call_electrode_s10.npz,76461,c44422c1746bbe3b48dcbb562c1e9884e9c5e1f1d8cfb044257c4cda32ed9d6e
resnet,electrode,202,bandpass_n20003_call_electrode_s5,phase2/results/predictions/full/electrode/resnet/seed_202/bandpass_n20003_call_electrode_s5.npz,76309,b2789db95bc4951c2f0c60516ee14669d6e1c1df346be6f7a83bc255a80063a2
resnet,electrode,202,bandpass_n20003_call_electrode_s0,phase2/results/predictions/full/electrode/resnet/seed_202/bandpass_n20003_call_electrode_s0.npz,75906,75cb360ee08dafccc511557453b96e98894e914d8b91965cfa776c9ad7eb687f
resnet,electrode,202,bandpass_n20003_call_covariance_s20,phase2/results/predictions/full/electrode/resnet/seed_202/bandpass_n20003_call_covariance_s20.npz,76576,25860d698a98f2fcb61215dfefe8eb811c54907ea4a9d12cec82b5d0a6b6f1b0
resnet,electrode,202,bandpass_n20003_call_covariance_s15,phase2/results/predictions/full/electrode/resnet/seed_202/bandpass_n20003_call_covariance_s15.npz,76546,3fa629ba0b4f818837d3da04a0c9fe72a81a74cd766825b2c38f3a3429666817
resnet,electrode,202,bandpass_n20003_call_covariance_s10,phase2/results/predictions/full/electrode/resnet/seed_202/bandpass_n20003_call_covariance_s10.npz,76453,0d5943b86c9c69564bfbd44adddd41eda88068adcff09a7af38b7496a24ae2ed
resnet,electrode,202,bandpass_n20003_call_covariance_s5,phase2/results/predictions/full/electrode/resnet/seed_202/bandpass_n20003_call_covariance_s5.npz,76314,14bf197c2fec11d11de63dd1caf6917734b6ce75afe7c5e37bb95ea99f135352
resnet,electrode,202,bandpass_n20003_call_covariance_s0,phase2/results/predictions/full/electrode/resnet/seed_202/bandpass_n20003_call_covariance_s0.npz,75930,463c82a4e99547a1919e9f640dc88c0c58e25a66d303a1c8b5e16a2d12420815
resnet,electrode,202,bandpass_n20004_cRA_LA_LL_independent_rms_s20,phase2/results/predictions/full/electrode/resnet/seed_202/bandpass_n20004_cRA_LA_LL_independent_rms_s20.npz,76559,4dc38730718a90dc37ea861baa9191fed329ef2844a2e3adfd232f9e4784a202
resnet,electrode,202,bandpass_n20004_cRA_LA_LL_independent_rms_s15,phase2/results/predictions/full/electrode/resnet/seed_202/bandpass_n20004_cRA_LA_LL_independent_rms_s15.npz,76592,0993acdcbef2eb1c7f099b308a3239f73d3387f892daf5e8e54ff125a85bdeea
resnet,electrode,202,bandpass_n20004_cRA_LA_LL_independent_rms_s10,phase2/results/predictions/full/electrode/resnet/seed_202/bandpass_n20004_cRA_LA_LL_independent_rms_s10.npz,76549,5afd5b66bcdf2e9fa0e3515d97b2ccfe3c7c1c0edbcb3b47b20ebc7bd07d1a15
resnet,electrode,202,bandpass_n20004_cRA_LA_LL_independent_rms_s5,phase2/results/predictions/full/electrode/resnet/seed_202/bandpass_n20004_cRA_LA_LL_independent_rms_s5.npz,76425,3c30cc97679fe2c31f912f9705f7d1ff2dcdd5db0599f11516793fe11bbbd181
resnet,electrode,202,bandpass_n20004_cRA_LA_LL_independent_rms_s0,phase2/results/predictions/full/electrode/resnet/seed_202/bandpass_n20004_cRA_LA_LL_independent_rms_s0.npz,76099,b7bf8494278cc89f9363f29718658e1093655a1357008d284f84e2b0325157db
resnet,electrode,202,bandpass_n20004_cRA_LA_LL_electrode_s20,phase2/results/predictions/full/electrode/resnet/seed_202/bandpass_n20004_cRA_LA_LL_electrode_s20.npz,76557,bfd495eb9aa8eeb47b4a154a973e08e316918fcacdf506eaa5e9c0a11c145cda
resnet,electrode,202,bandpass_n20004_cRA_LA_LL_electrode_s15,phase2/results/predictions/full/electrode/resnet/seed_202/bandpass_n20004_cRA_LA_LL_electrode_s15.npz,76539,cd0fce0aacf5678afa3142cafef815250f725042e4a1b94f13d660e36e886bb1
resnet,electrode,202,bandpass_n20004_cRA_LA_LL_electrode_s10,phase2/results/predictions/full/electrode/resnet/seed_202/bandpass_n20004_cRA_LA_LL_electrode_s10.npz,76465,0d56a98226d4763413b53076dc87c68680234816488f3b9ee471af9ebceb0822
resnet,electrode,202,bandpass_n20004_cRA_LA_LL_electrode_s5,phase2/results/predictions/full/electrode/resnet/seed_202/bandpass_n20004_cRA_LA_LL_electrode_s5.npz,76271,bd7f1f23a448f519c9f471a8027ae8dfa78e512b437919b12dbbc0190f23e041
resnet,electrode,202,bandpass_n20004_cRA_LA_LL_electrode_s0,phase2/results/predictions/full/electrode/resnet/seed_202/bandpass_n20004_cRA_LA_LL_electrode_s0.npz,75842,ba3c929fac59ce202546ed27e5f780ec382960dbaaa556a10d4ecac90330e3f8
resnet,electrode,202,bandpass_n20004_cRA_LA_LL_covariance_s20,phase2/results/predictions/full/electrode/resnet/seed_202/bandpass_n20004_cRA_LA_LL_covariance_s20.npz,76578,d010815aa0caf54edc32a5457314946cb625ebc146249bb434c216d4963d7d85
resnet,electrode,202,bandpass_n20004_cRA_LA_LL_covariance_s15,phase2/results/predictions/full/electrode/resnet/seed_202/bandpass_n20004_cRA_LA_LL_covariance_s15.npz,76531,61e26622d63537a1511c6dc3132820814eba806cb5cb5d4cfe84588bab9b29b7
resnet,electrode,202,bandpass_n20004_cRA_LA_LL_covariance_s10,phase2/results/predictions/full/electrode/resnet/seed_202/bandpass_n20004_cRA_LA_LL_covariance_s10.npz,76483,e2cf9fff2aa66b9c054798d20a41555640a0eef7acd6a818e32bfaaacf1ce51a
resnet,electrode,202,bandpass_n20004_cRA_LA_LL_covariance_s5,phase2/results/predictions/full/electrode/resnet/seed_202/bandpass_n20004_cRA_LA_LL_covariance_s5.npz,76265,1cffbbd86f43c35e5f9c9b8f4a81973e6760b0290baa24b2707a22a9365db403
resnet,electrode,202,bandpass_n20004_cRA_LA_LL_covariance_s0,phase2/results/predictions/full/electrode/resnet/seed_202/bandpass_n20004_cRA_LA_LL_covariance_s0.npz,75848,d63312190d0ec05fe7b97d66bc814e5f2e49b3a1d5fb8f462827106c7bb9b01c
resnet,electrode,202,bandpass_n20004_cV1_independent_rms_s20,phase2/results/predictions/full/electrode/resnet/seed_202/bandpass_n20004_cV1_independent_rms_s20.npz,76569,8194c87f989718fa1a3cda346ed7ffc8da52cb9b4c8099e2275aa16fbd405b6f
resnet,electrode,202,bandpass_n20004_cV1_independent_rms_s15,phase2/results/predictions/full/electrode/resnet/seed_202/bandpass_n20004_cV1_independent_rms_s15.npz,76605,fed10bff4c30e01843d290d28878ff51ac956e36691e2233ce3da481c6199e76
resnet,electrode,202,bandpass_n20004_cV1_independent_rms_s10,phase2/results/predictions/full/electrode/resnet/seed_202/bandpass_n20004_cV1_independent_rms_s10.npz,76524,c8addc1c936bbf6dc76033aa77ce4c2d22e9280ecda2c4d643038a6bf48a5523
resnet,electrode,202,bandpass_n20004_cV1_independent_rms_s5,phase2/results/predictions/full/electrode/resnet/seed_202/bandpass_n20004_cV1_independent_rms_s5.npz,76312,ca5495e156423fec4b238902d4d5daab688890b7ed9e51c3e38bd9db5a5eb7a0
resnet,electrode,202,bandpass_n20004_cV1_independent_rms_s0,phase2/results/predictions/full/electrode/resnet/seed_202/bandpass_n20004_cV1_independent_rms_s0.npz,75904,65ed567d85079182412c48eb53568a8764df096dd108a61cc7e8a22cf551c33f
resnet,electrode,202,bandpass_n20004_cV1_electrode_s20,phase2/results/predictions/full/electrode/resnet/seed_202/bandpass_n20004_cV1_electrode_s20.npz,76552,0291d52459148ee6b6145876a32a65300c066716b19bb4d987ae98614f52fcfd
resnet,electrode,202,bandpass_n20004_cV1_electrode_s15,phase2/results/predictions/full/electrode/resnet/seed_202/bandpass_n20004_cV1_electrode_s15.npz,76551,ceae90aff16d637c5434a2b1f144425750d0e55ddc0236dbb86fb9e545913c50
resnet,electrode,202,bandpass_n20004_cV1_electrode_s10,phase2/results/predictions/full/electrode/resnet/seed_202/bandpass_n20004_cV1_electrode_s10.npz,76482,e7cac8a52148a67b51b2ae57178fb756c4a6c39287215372387ea524d3746802
resnet,electrode,202,bandpass_n20004_cV1_electrode_s5,phase2/results/predictions/full/electrode/resnet/seed_202/bandpass_n20004_cV1_electrode_s5.npz,76332,06b2aff5f8e81c24f224a9c756352de79f811cc5f4ce4b1901dec336f4b66e3f
resnet,electrode,202,bandpass_n20004_cV1_electrode_s0,phase2/results/predictions/full/electrode/resnet/seed_202/bandpass_n20004_cV1_electrode_s0.npz,75872,3e6d3d007569974c9d6188d0e61119ae528770dd4de0ab927f05eb96546823d0
resnet,electrode,202,bandpass_n20004_cV1_covariance_s20,phase2/results/predictions/full/electrode/resnet/seed_202/bandpass_n20004_cV1_covariance_s20.npz,76587,8e4559fdbe21e3b82ad16e80c8589db1fdc6a7cb5c2a6eb6b7853eff063ca6b7
resnet,electrode,202,bandpass_n20004_cV1_covariance_s15,phase2/results/predictions/full/electrode/resnet/seed_202/bandpass_n20004_cV1_covariance_s15.npz,76575,fc141195b63658c3a79ccd2713f0bcfe4436ab23f53fe23b657fbf83714d4340
resnet,electrode,202,bandpass_n20004_cV1_covariance_s10,phase2/results/predictions/full/electrode/resnet/seed_202/bandpass_n20004_cV1_covariance_s10.npz,76506,64fedfa9d6c95314bb1e8c2145e0b813c577724f5be7e18130ca77dea77fad0a
resnet,electrode,202,bandpass_n20004_cV1_covariance_s5,phase2/results/predictions/full/electrode/resnet/seed_202/bandpass_n20004_cV1_covariance_s5.npz,76331,3d7b0168cb66a83c2a265440e5f6b6ba242023c76620ffebd14162d9dc8a3aab
resnet,electrode,202,bandpass_n20004_cV1_covariance_s0,phase2/results/predictions/full/electrode/resnet/seed_202/bandpass_n20004_cV1_covariance_s0.npz,75884,3161d605a47cb2792385ebbedc1694d7087c24a29f7ace7d040d1adb9cf245e4
resnet,electrode,202,bandpass_n20004_cV2_independent_rms_s20,phase2/results/predictions/full/electrode/resnet/seed_202/bandpass_n20004_cV2_independent_rms_s20.npz,76542,a4ed80bde35e3169f12c3059962f4a2b3f13b2c2a95ebaf799716a0bb1ceea2a
resnet,electrode,202,bandpass_n20004_cV2_independent_rms_s15,phase2/results/predictions/full/electrode/resnet/seed_202/bandpass_n20004_cV2_independent_rms_s15.npz,76563,24b76936916f90e50a38b26942a1ce5437acddfdda2c834fa9c59076b8255179
resnet,electrode,202,bandpass_n20004_cV2_independent_rms_s10,phase2/results/predictions/full/electrode/resnet/seed_202/bandpass_n20004_cV2_independent_rms_s10.npz,76564,6d892c2040a674b0d95cabd97276beb4928d286353f4d433945c1bb7ce8a64cc
resnet,electrode,202,bandpass_n20004_cV2_independent_rms_s5,phase2/results/predictions/full/electrode/resnet/seed_202/bandpass_n20004_cV2_independent_rms_s5.npz,76468,6c6d48b9a57ace634b3a6fc2fdc0ba493189b7cc83495f46ea6bf17bf350723a
resnet,electrode,202,bandpass_n20004_cV2_independent_rms_s0,phase2/results/predictions/full/electrode/resnet/seed_202/bandpass_n20004_cV2_independent_rms_s0.npz,76165,5b9eecba9426039e5fbb8768306141c7ead0055648b2280255fe309c570cfd86
resnet,electrode,202,bandpass_n20004_cV2_electrode_s20,phase2/results/predictions/full/electrode/resnet/seed_202/bandpass_n20004_cV2_electrode_s20.npz,76573,3dabaaeb6fbeaf50fec1e93b0e066d5741d3929ac818514d5213b31629e87a24
resnet,electrode,202,bandpass_n20004_cV2_electrode_s15,phase2/results/predictions/full/electrode/resnet/seed_202/bandpass_n20004_cV2_electrode_s15.npz,76601,7d48ff9682223d4d734f7c834cc3994f9991f215e3f1e8d261d855e4cd6bd988
resnet,electrode,202,bandpass_n20004_cV2_electrode_s10,phase2/results/predictions/full/electrode/resnet/seed_202/bandpass_n20004_cV2_electrode_s10.npz,76544,00c6d1789749b5f5fb1c2a0656287b8d69ba54decd0de4686486572db6995dfb
resnet,electrode,202,bandpass_n20004_cV2_electrode_s5,phase2/results/predictions/full/electrode/resnet/seed_202/bandpass_n20004_cV2_electrode_s5.npz,76436,455510de3a0a0353a5210628e4c06cbe4c45bec780cb9bcb42bde12305cd7c66
resnet,electrode,202,bandpass_n20004_cV2_electrode_s0,phase2/results/predictions/full/electrode/resnet/seed_202/bandpass_n20004_cV2_electrode_s0.npz,76122,d2ae99857e06203b7b7bed355fe7c9aee3c57892f7f84ef710d0ed1647c187f8
resnet,electrode,202,bandpass_n20004_cV2_covariance_s20,phase2/results/predictions/full/electrode/resnet/seed_202/bandpass_n20004_cV2_covariance_s20.npz,76560,d1c25b62990a6ea00e3fd93019085fcdf38c8a170a0f655a4f27b178a335f096
resnet,electrode,202,bandpass_n20004_cV2_covariance_s15,phase2/results/predictions/full/electrode/resnet/seed_202/bandpass_n20004_cV2_covariance_s15.npz,76596,935e1944f1160a2b826bce13789d32de7362ce9f547722c8a902e96bd582d2ee
resnet,electrode,202,bandpass_n20004_cV2_covariance_s10,phase2/results/predictions/full/electrode/resnet/seed_202/bandpass_n20004_cV2_covariance_s10.npz,76524,947c523091a04599e6a62dc4caa52fdb97806765b395047a9f9de0d9efd2bd17
resnet,electrode,202,bandpass_n20004_cV2_covariance_s5,phase2/results/predictions/full/electrode/resnet/seed_202/bandpass_n20004_cV2_covariance_s5.npz,76427,fd9c379b1d45ba33f3ae5da608356b510f39f2b0feaddff7b8c071a4fedaf13f
resnet,electrode,202,bandpass_n20004_cV2_covariance_s0,phase2/results/predictions/full/electrode/resnet/seed_202/bandpass_n20004_cV2_covariance_s0.npz,76172,bfc2baeb8fe3e7c76fd2ff24477c1143b6f294bf8db7ab73243798aa6adebde7
resnet,electrode,202,bandpass_n20004_cV3_independent_rms_s20,phase2/results/predictions/full/electrode/resnet/seed_202/bandpass_n20004_cV3_independent_rms_s20.npz,76531,92b0712fe5f7e355019ce1fcd5733f5ab44880f3d635a08ca0cc07aee26669d2
resnet,electrode,202,bandpass_n20004_cV3_independent_rms_s15,phase2/results/predictions/full/electrode/resnet/seed_202/bandpass_n20004_cV3_independent_rms_s15.npz,76566,23d9c711ad0bc91074797f0c1b5abfd5f959fbfe433baf50e65198b3b6be20fc
resnet,electrode,202,bandpass_n20004_cV3_independent_rms_s10,phase2/results/predictions/full/electrode/resnet/seed_202/bandpass_n20004_cV3_independent_rms_s10.npz,76535,54488064a58308cc69afa3180655d1c323ef79412fec5c821fd3f79538042a7a
resnet,electrode,202,bandpass_n20004_cV3_independent_rms_s5,phase2/results/predictions/full/electrode/resnet/seed_202/bandpass_n20004_cV3_independent_rms_s5.npz,76475,aa6e46157a8e7ce6454ef1a11d9758f59aaae622da0fb2e7e092952aae09175a
resnet,electrode,202,bandpass_n20004_cV3_independent_rms_s0,phase2/results/predictions/full/electrode/resnet/seed_202/bandpass_n20004_cV3_independent_rms_s0.npz,76278,182d000ce9e52218089d54b1ceaa7e088656bd19e08dcada394105e62e99f76c
resnet,electrode,202,bandpass_n20004_cV3_electrode_s20,phase2/results/predictions/full/electrode/resnet/seed_202/bandpass_n20004_cV3_electrode_s20.npz,76523,aced795a26da72cbbdb7788c6dfbeb705250b9f95fc86a7d1883053efcb29663
resnet,electrode,202,bandpass_n20004_cV3_electrode_s15,phase2/results/predictions/full/electrode/resnet/seed_202/bandpass_n20004_cV3_electrode_s15.npz,76550,12f8cf09fbfd29b460bed8e39f2a787fbcbc70e4b0b17cafdd3c40ae30a9bdd4
resnet,electrode,202,bandpass_n20004_cV3_electrode_s10,phase2/results/predictions/full/electrode/resnet/seed_202/bandpass_n20004_cV3_electrode_s10.npz,76560,fdc6e9c7bca966c61306c7b2a8c64a3b7d0a620db5765cd341bb5fac1018fe65
resnet,electrode,202,bandpass_n20004_cV3_electrode_s5,phase2/results/predictions/full/electrode/resnet/seed_202/bandpass_n20004_cV3_electrode_s5.npz,76449,02e6f36cb7c8bed1602bc18d47fdf6233302ad394782c49e0e95ed6e24d99c91
resnet,electrode,202,bandpass_n20004_cV3_electrode_s0,phase2/results/predictions/full/electrode/resnet/seed_202/bandpass_n20004_cV3_electrode_s0.npz,76288,ad6df6b4b3160e58519cc97512afb3e571b2a37cc83d865f7b0da4b69b3f734d
resnet,electrode,202,bandpass_n20004_cV3_covariance_s20,phase2/results/predictions/full/electrode/resnet/seed_202/bandpass_n20004_cV3_covariance_s20.npz,76555,306b4a0dd85ad60232ff41ffcdd3a7099465e8ad15939b802b8d54bd6abc454f
resnet,electrode,202,bandpass_n20004_cV3_covariance_s15,phase2/results/predictions/full/electrode/resnet/seed_202/bandpass_n20004_cV3_covariance_s15.npz,76551,398f1b14a7725a0264c713201a1972dd50fa1bb76f1de29fafb8017fda65609b
resnet,electrode,202,bandpass_n20004_cV3_covariance_s10,phase2/results/predictions/full/electrode/resnet/seed_202/bandpass_n20004_cV3_covariance_s10.npz,76543,59d6ca31be6264cf057db04ef645d28e6963b1513429b0e319c9baf0113f8dd0
resnet,electrode,202,bandpass_n20004_cV3_covariance_s5,phase2/results/predictions/full/electrode/resnet/seed_202/bandpass_n20004_cV3_covariance_s5.npz,76480,cb4710f3ea5d70266085e85db9f81383213645c8d891458ca3be5fa42b407a8b
resnet,electrode,202,bandpass_n20004_cV3_covariance_s0,phase2/results/predictions/full/electrode/resnet/seed_202/bandpass_n20004_cV3_covariance_s0.npz,76239,da09e92a253adce1b89bfb0500b2358a07702b48821d8e2e6e27676aa2535695
resnet,electrode,202,bandpass_n20004_cV4_independent_rms_s20,phase2/results/predictions/full/electrode/resnet/seed_202/bandpass_n20004_cV4_independent_rms_s20.npz,76574,f303a3f236398403e0f2f480aef42afe09a43a206ac6467f8a00f88d3c1c324b
resnet,electrode,202,bandpass_n20004_cV4_independent_rms_s15,phase2/results/predictions/full/electrode/resnet/seed_202/bandpass_n20004_cV4_independent_rms_s15.npz,76588,92a26bf6a4cd6a1d7906c44bf574c52eb46a6415a440a8758c5384661b7cf9f4
resnet,electrode,202,bandpass_n20004_cV4_independent_rms_s10,phase2/results/predictions/full/electrode/resnet/seed_202/bandpass_n20004_cV4_independent_rms_s10.npz,76492,027068d32092e933e8686dd492e64ba1f70db2675e77b8f201b477abfddefeed
resnet,electrode,202,bandpass_n20004_cV4_independent_rms_s5,phase2/results/predictions/full/electrode/resnet/seed_202/bandpass_n20004_cV4_independent_rms_s5.npz,76462,2000ecee3c8d461bd6982ba4f5f6b92ad0de01fb15f0210c08f8517699e12141
resnet,electrode,202,bandpass_n20004_cV4_independent_rms_s0,phase2/results/predictions/full/electrode/resnet/seed_202/bandpass_n20004_cV4_independent_rms_s0.npz,76126,9452e40694120e458d44bfb6a26ce990952d3c837bc7ecb51a273af8554bffe2
resnet,electrode,202,bandpass_n20004_cV4_electrode_s20,phase2/results/predictions/full/electrode/resnet/seed_202/bandpass_n20004_cV4_electrode_s20.npz,76536,4b5883c59e7c31dd55619ce98cbc7b03aa1048333ea3f65d0d1b64d0d2278293
resnet,electrode,202,bandpass_n20004_cV4_electrode_s15,phase2/results/predictions/full/electrode/resnet/seed_202/bandpass_n20004_cV4_electrode_s15.npz,76521,2b67fe5d674fc5aa6d0fdca51eccca6721d111f14cb5a03581ae76e5381cbcf1
resnet,electrode,202,bandpass_n20004_cV4_electrode_s10,phase2/results/predictions/full/electrode/resnet/seed_202/bandpass_n20004_cV4_electrode_s10.npz,76513,c45ea49bc26c55e0c7d7d5a4267973c7abbfbf82e8ba542295f07ec273327b40
resnet,electrode,202,bandpass_n20004_cV4_electrode_s5,phase2/results/predictions/full/electrode/resnet/seed_202/bandpass_n20004_cV4_electrode_s5.npz,76443,9c7156d1e802196d08d6f6011d1b7249063e0254c52edc015319a98c16fe8c20
resnet,electrode,202,bandpass_n20004_cV4_electrode_s0,phase2/results/predictions/full/electrode/resnet/seed_202/bandpass_n20004_cV4_electrode_s0.npz,76111,f5682e329d7369d569042d58a5f3bf7b1bccad7894fee8b9e421ec0ed3136837
resnet,electrode,202,bandpass_n20004_cV4_covariance_s20,phase2/results/predictions/full/electrode/resnet/seed_202/bandpass_n20004_cV4_covariance_s20.npz,76528,77dbb4eb47147fdfdd796e76651b293413d163bafa7546469653348060e0d648
resnet,electrode,202,bandpass_n20004_cV4_covariance_s15,phase2/results/predictions/full/electrode/resnet/seed_202/bandpass_n20004_cV4_covariance_s15.npz,76548,8b648d3eaf73a9d90038e60c4b3fa939d8f50fe477c9b56411f99ae90c8605c1
resnet,electrode,202,bandpass_n20004_cV4_covariance_s10,phase2/results/predictions/full/electrode/resnet/seed_202/bandpass_n20004_cV4_covariance_s10.npz,76474,fe37c051178924420caa443ba71edc449994aa2001cdb579ca7bf4154be40889
resnet,electrode,202,bandpass_n20004_cV4_covariance_s5,phase2/results/predictions/full/electrode/resnet/seed_202/bandpass_n20004_cV4_covariance_s5.npz,76420,38c600b4f3c6543c02f0fef4270a0267be6010fe65bf9a3c89d34a46222234c7
resnet,electrode,202,bandpass_n20004_cV4_covariance_s0,phase2/results/predictions/full/electrode/resnet/seed_202/bandpass_n20004_cV4_covariance_s0.npz,76156,f2494cc9f17e0d7be248036ae473da6318e1f04d2bb7c427a05f7407634ef8df
resnet,electrode,202,bandpass_n20004_cV5_independent_rms_s20,phase2/results/predictions/full/electrode/resnet/seed_202/bandpass_n20004_cV5_independent_rms_s20.npz,76570,6602468838b24167ee5c4b8b5dbb9f3cca541d762c0cff1ff641111241109aaf
resnet,electrode,202,bandpass_n20004_cV5_independent_rms_s15,phase2/results/predictions/full/electrode/resnet/seed_202/bandpass_n20004_cV5_independent_rms_s15.npz,76565,d5d8224662d37fd8bb813acdf58f9336eb6652e3906af6eb085c427418d1692e
resnet,electrode,202,bandpass_n20004_cV5_independent_rms_s10,phase2/results/predictions/full/electrode/resnet/seed_202/bandpass_n20004_cV5_independent_rms_s10.npz,76537,35eb7d1173b3f479799a4db8f3335e2b6ef02dde174b71ba12d2776f6fe4e36b
resnet,electrode,202,bandpass_n20004_cV5_independent_rms_s5,phase2/results/predictions/full/electrode/resnet/seed_202/bandpass_n20004_cV5_independent_rms_s5.npz,76396,60e529bd892a99693f508f2a162b76c0b0898deb77b3ab7d0502ba4924fbcef0
resnet,electrode,202,bandpass_n20004_cV5_independent_rms_s0,phase2/results/predictions/full/electrode/resnet/seed_202/bandpass_n20004_cV5_independent_rms_s0.npz,76070,97685030f4bd99dda46f250119722af78fc60fab13fb9f87b3ab89e0ddc3594b
resnet,electrode,202,bandpass_n20004_cV5_electrode_s20,phase2/results/predictions/full/electrode/resnet/seed_202/bandpass_n20004_cV5_electrode_s20.npz,76548,072d5bb751a8dfee13363bb3b065ad8b59c89cf8d45bb3f28296ac830543cb72
resnet,electrode,202,bandpass_n20004_cV5_electrode_s15,phase2/results/predictions/full/electrode/resnet/seed_202/bandpass_n20004_cV5_electrode_s15.npz,76529,d12a7634eac391992dc16243eb3aed75d3320699aa6d703941fcc4d7d1427ce4
resnet,electrode,202,bandpass_n20004_cV5_electrode_s10,phase2/results/predictions/full/electrode/resnet/seed_202/bandpass_n20004_cV5_electrode_s10.npz,76522,082a08826b1d9049d57d63af49d6ab652365ae1f014d472ba4c08d5f4d0b2db1
resnet,electrode,202,bandpass_n20004_cV5_electrode_s5,phase2/results/predictions/full/electrode/resnet/seed_202/bandpass_n20004_cV5_electrode_s5.npz,76373,089e626771e5e6df03fc29f3a1a2e5fb92fa3eb1cc9345cda89caf5bcf42de43
resnet,electrode,202,bandpass_n20004_cV5_electrode_s0,phase2/results/predictions/full/electrode/resnet/seed_202/bandpass_n20004_cV5_electrode_s0.npz,76028,152e8d3a6d1a8b33d48fa690b0e200c50cff5109b435ef1ec1f56db9435f628a
resnet,electrode,202,bandpass_n20004_cV5_covariance_s20,phase2/results/predictions/full/electrode/resnet/seed_202/bandpass_n20004_cV5_covariance_s20.npz,76549,7f39ae8b90739dbe35e23041ea4ace7819082fa2228461191cc401f6a8051790
resnet,electrode,202,bandpass_n20004_cV5_covariance_s15,phase2/results/predictions/full/electrode/resnet/seed_202/bandpass_n20004_cV5_covariance_s15.npz,76528,6aa441faa53f9a36dd554184b93bba25b69961fc7f458c46cb247461bb2642c7
resnet,electrode,202,bandpass_n20004_cV5_covariance_s10,phase2/results/predictions/full/electrode/resnet/seed_202/bandpass_n20004_cV5_covariance_s10.npz,76504,7301bd5648997c64bcf3fdce70aa6258ac867cb571355cf5e90e3a63fd54a971
resnet,electrode,202,bandpass_n20004_cV5_covariance_s5,phase2/results/predictions/full/electrode/resnet/seed_202/bandpass_n20004_cV5_covariance_s5.npz,76409,8f95fc427760aee9d49780a8d89bfa87bd3d377b2fd5ecabf307fa40b741ec8d
resnet,electrode,202,bandpass_n20004_cV5_covariance_s0,phase2/results/predictions/full/electrode/resnet/seed_202/bandpass_n20004_cV5_covariance_s0.npz,76032,aebd9d659aa4a6e7ab778f0c57ab3e470f3470bb1ac98294a823353c56fc89f8
resnet,electrode,202,bandpass_n20004_cV6_independent_rms_s20,phase2/results/predictions/full/electrode/resnet/seed_202/bandpass_n20004_cV6_independent_rms_s20.npz,76571,8caf36dba5af90b0ef405df238982130dde9fe2bfdd4ae515e2be2e9e76d48e5
resnet,electrode,202,bandpass_n20004_cV6_independent_rms_s15,phase2/results/predictions/full/electrode/resnet/seed_202/bandpass_n20004_cV6_independent_rms_s15.npz,76560,47b3ce0971e914d3b64fabcd4a11fbd0bfbf6031ac999e28830076374ee50212
resnet,electrode,202,bandpass_n20004_cV6_independent_rms_s10,phase2/results/predictions/full/electrode/resnet/seed_202/bandpass_n20004_cV6_independent_rms_s10.npz,76555,7ab7ad744cde4beea08b8929087ea4d0c5b3985264ef9e6905eb1f9cdf09dcd8
resnet,electrode,202,bandpass_n20004_cV6_independent_rms_s5,phase2/results/predictions/full/electrode/resnet/seed_202/bandpass_n20004_cV6_independent_rms_s5.npz,76493,8054dcc2c4ea1bffc2f7fb201d2dbbb0bb6bbf03c21b371170b58dc618ef859c
resnet,electrode,202,bandpass_n20004_cV6_independent_rms_s0,phase2/results/predictions/full/electrode/resnet/seed_202/bandpass_n20004_cV6_independent_rms_s0.npz,76121,5c5e0923669f166d56c6d39c82a5dabe7476c918508676c5a7e876887a98605b
resnet,electrode,202,bandpass_n20004_cV6_electrode_s20,phase2/results/predictions/full/electrode/resnet/seed_202/bandpass_n20004_cV6_electrode_s20.npz,76531,cdd4a463238163ceb7eb198e67e28e0cfbd0f81777a80022032d912554ab647c
resnet,electrode,202,bandpass_n20004_cV6_electrode_s15,phase2/results/predictions/full/electrode/resnet/seed_202/bandpass_n20004_cV6_electrode_s15.npz,76547,70a90cb60b7602dffb4e8fe501231bfcd2149500f23f910df69d301de48c40d1
resnet,electrode,202,bandpass_n20004_cV6_electrode_s10,phase2/results/predictions/full/electrode/resnet/seed_202/bandpass_n20004_cV6_electrode_s10.npz,76508,564aa4edd7f5e34da0e5064479f75305371d9650f665ab1344f727eb89cfd8a8
resnet,electrode,202,bandpass_n20004_cV6_electrode_s5,phase2/results/predictions/full/electrode/resnet/seed_202/bandpass_n20004_cV6_electrode_s5.npz,76406,06fd2403cd249fb122507453752b1e0001c5c5b8962e46cdb4d9cbe478c66861
resnet,electrode,202,bandpass_n20004_cV6_electrode_s0,phase2/results/predictions/full/electrode/resnet/seed_202/bandpass_n20004_cV6_electrode_s0.npz,76111,66fb8bfa056e49856a59949cf5a37f9614837c5123394aeb1e91560638c2f3ce
resnet,electrode,202,bandpass_n20004_cV6_covariance_s20,phase2/results/predictions/full/electrode/resnet/seed_202/bandpass_n20004_cV6_covariance_s20.npz,76542,f05f384bb39678225813cb105bffd18d087f3f06e281c32249df9a2fb114d966
resnet,electrode,202,bandpass_n20004_cV6_covariance_s15,phase2/results/predictions/full/electrode/resnet/seed_202/bandpass_n20004_cV6_covariance_s15.npz,76520,e9f5096c07243e0f3c2ce358aed3acfc641cdfbf72c64afaad11314432d6ecc6
resnet,electrode,202,bandpass_n20004_cV6_covariance_s10,phase2/results/predictions/full/electrode/resnet/seed_202/bandpass_n20004_cV6_covariance_s10.npz,76530,82166db65b53a80e403a2b5400bbc40837d44e91118b6a70e202855934e7f58a
resnet,electrode,202,bandpass_n20004_cV6_covariance_s5,phase2/results/predictions/full/electrode/resnet/seed_202/bandpass_n20004_cV6_covariance_s5.npz,76454,834d3cc2176ed6cb71d2373d79c67e8bcca0bbb3c989e8fa4d1c248fc4ba1c06
resnet,electrode,202,bandpass_n20004_cV6_covariance_s0,phase2/results/predictions/full/electrode/resnet/seed_202/bandpass_n20004_cV6_covariance_s0.npz,76078,c02f10341cacff32a1f3d3c81b072b209fb4bfc72c6245c240e1d0c613f386b7
resnet,electrode,202,bandpass_n20004_cRA_LA_independent_rms_s20,phase2/results/predictions/full/electrode/resnet/seed_202/bandpass_n20004_cRA_LA_independent_rms_s20.npz,76572,8ab0460f81ca37264ee909ef90523ce505f41a4364285f699e0a761b6e1c896a
resnet,electrode,202,bandpass_n20004_cRA_LA_independent_rms_s15,phase2/results/predictions/full/electrode/resnet/seed_202/bandpass_n20004_cRA_LA_independent_rms_s15.npz,76558,bdd22bae392a3904ee4d60a0c42a4c5221b8bc2967644f7e9c1b2d796a771176
resnet,electrode,202,bandpass_n20004_cRA_LA_independent_rms_s10,phase2/results/predictions/full/electrode/resnet/seed_202/bandpass_n20004_cRA_LA_independent_rms_s10.npz,76548,f28fffcaadd4c98397bc1d3485fc7dd841a34215cbb68dc38ba79b8f90dca919
resnet,electrode,202,bandpass_n20004_cRA_LA_independent_rms_s5,phase2/results/predictions/full/electrode/resnet/seed_202/bandpass_n20004_cRA_LA_independent_rms_s5.npz,76429,cdc9d98f7ba9b92e016a98d5df2911c417145ae4d06ab377f15513ac85e7ce00
resnet,electrode,202,bandpass_n20004_cRA_LA_independent_rms_s0,phase2/results/predictions/full/electrode/resnet/seed_202/bandpass_n20004_cRA_LA_independent_rms_s0.npz,76053,135d5680b6ecd878311bbdd7a126f6fad45aecb893a11d57c3f0d4f4532e109a
resnet,electrode,202,bandpass_n20004_cRA_LA_electrode_s20,phase2/results/predictions/full/electrode/resnet/seed_202/bandpass_n20004_cRA_LA_electrode_s20.npz,76538,06da7a784ed80455e9ba5656935e720691c51f6293a612139f580bfd0d77a74f
resnet,electrode,202,bandpass_n20004_cRA_LA_electrode_s15,phase2/results/predictions/full/electrode/resnet/seed_202/bandpass_n20004_cRA_LA_electrode_s15.npz,76554,c02c0f1c2835d41a1c60ab079467ff4274cf5bebdeef753dddc1c55bedd84303
resnet,electrode,202,bandpass_n20004_cRA_LA_electrode_s10,phase2/results/predictions/full/electrode/resnet/seed_202/bandpass_n20004_cRA_LA_electrode_s10.npz,76441,4d17b3caf5c8e24638bd5db171631599dc3b26230e9130d20adcafe7774f2b4f
resnet,electrode,202,bandpass_n20004_cRA_LA_electrode_s5,phase2/results/predictions/full/electrode/resnet/seed_202/bandpass_n20004_cRA_LA_electrode_s5.npz,76284,209aa512825688573fcdad935b8d9c85bb41976b05a85571c014fbc4d777777d
resnet,electrode,202,bandpass_n20004_cRA_LA_electrode_s0,phase2/results/predictions/full/electrode/resnet/seed_202/bandpass_n20004_cRA_LA_electrode_s0.npz,75849,f835921bc844518ee195c9206f3a6a0eb6db00a8e4b3f0c4b031fb9ec16b0fcb
resnet,electrode,202,bandpass_n20004_cRA_LA_covariance_s20,phase2/results/predictions/full/electrode/resnet/seed_202/bandpass_n20004_cRA_LA_covariance_s20.npz,76589,ecf99f04b6363adff019224bf3d7c5beb3b1f5a59bd08f5b29146416ab9fa6de
resnet,electrode,202,bandpass_n20004_cRA_LA_covariance_s15,phase2/results/predictions/full/electrode/resnet/seed_202/bandpass_n20004_cRA_LA_covariance_s15.npz,76560,a06998d277877683034e20ac2d97d790364ea7601eaf03a27abfe8fcd81881d5
resnet,electrode,202,bandpass_n20004_cRA_LA_covariance_s10,phase2/results/predictions/full/electrode/resnet/seed_202/bandpass_n20004_cRA_LA_covariance_s10.npz,76474,a0c74235add074797a940dd8d36da91038da32aa8bf6ad12bf05f2a6a1a63c0e
resnet,electrode,202,bandpass_n20004_cRA_LA_covariance_s5,phase2/results/predictions/full/electrode/resnet/seed_202/bandpass_n20004_cRA_LA_covariance_s5.npz,76253,85dcb6acdb8464d6442f24a8f6c162fb9d95332aa699dc561fba572d183935a8
resnet,electrode,202,bandpass_n20004_cRA_LA_covariance_s0,phase2/results/predictions/full/electrode/resnet/seed_202/bandpass_n20004_cRA_LA_covariance_s0.npz,75862,757e7ea2d45ff5b4fa99ef90f7ce702c2c2de6787c2cc4887eb37d341acf568a
resnet,electrode,202,bandpass_n20004_cLA_LL_independent_rms_s20,phase2/results/predictions/full/electrode/resnet/seed_202/bandpass_n20004_cLA_LL_independent_rms_s20.npz,76576,867ced13e68180fbcdc7f196ad8d7851e02b71976c8459703f63476aa9773698
resnet,electrode,202,bandpass_n20004_cLA_LL_independent_rms_s15,phase2/results/predictions/full/electrode/resnet/seed_202/bandpass_n20004_cLA_LL_independent_rms_s15.npz,76582,3be5d7d7ba099ec9e1cc2c394f13f55010700884f1609d8b6cd811de3d44c37e
resnet,electrode,202,bandpass_n20004_cLA_LL_independent_rms_s10,phase2/results/predictions/full/electrode/resnet/seed_202/bandpass_n20004_cLA_LL_independent_rms_s10.npz,76522,4261717dab739ba1691c3319234cb4d26742ce000970b7d24ea73528008d3056
resnet,electrode,202,bandpass_n20004_cLA_LL_independent_rms_s5,phase2/results/predictions/full/electrode/resnet/seed_202/bandpass_n20004_cLA_LL_independent_rms_s5.npz,76421,0dc2364c29a253a09cdd7913d37456cdab4e36ee5190c8f05dc4a1f8ed7db569
resnet,electrode,202,bandpass_n20004_cLA_LL_independent_rms_s0,phase2/results/predictions/full/electrode/resnet/seed_202/bandpass_n20004_cLA_LL_independent_rms_s0.npz,76079,d35feac31a6150e79aaa96bdb1b596697e4b76aa51c4dae5902fc4dde87dcff0
resnet,electrode,202,bandpass_n20004_cLA_LL_electrode_s20,phase2/results/predictions/full/electrode/resnet/seed_202/bandpass_n20004_cLA_LL_electrode_s20.npz,76565,b723e3a9d4a2e2df3a1d251ef92d7bf706c1dfa907dca37a822cb16967fbcdcf
resnet,electrode,202,bandpass_n20004_cLA_LL_electrode_s15,phase2/results/predictions/full/electrode/resnet/seed_202/bandpass_n20004_cLA_LL_electrode_s15.npz,76547,f57f8d3aad2df98c97c5bb387563d865c3b12a0ce0b5449ab7705be566b98b52
resnet,electrode,202,bandpass_n20004_cLA_LL_electrode_s10,phase2/results/predictions/full/electrode/resnet/seed_202/bandpass_n20004_cLA_LL_electrode_s10.npz,76463,bdddf5c512611cab122346d0e9af3d97c5a9abb8e591f7d3db9b59ce75d83af3
resnet,electrode,202,bandpass_n20004_cLA_LL_electrode_s5,phase2/results/predictions/full/electrode/resnet/seed_202/bandpass_n20004_cLA_LL_electrode_s5.npz,76269,3310e1b4ad69583dc736c052f266e52900f9e57cc4f23534ffafeea50618c7c6
resnet,electrode,202,bandpass_n20004_cLA_LL_electrode_s0,phase2/results/predictions/full/electrode/resnet/seed_202/bandpass_n20004_cLA_LL_electrode_s0.npz,75825,77a38d5e6d7f9f0c3c19ac3bec0a3a70792f37d943a8928ab8b2b083936d07f1
resnet,electrode,202,bandpass_n20004_cLA_LL_covariance_s20,phase2/results/predictions/full/electrode/resnet/seed_202/bandpass_n20004_cLA_LL_covariance_s20.npz,76550,583a7f0ad5f6f0b58eaa0738753845d08db729f8a52a3ea9820ec5d266040fd0
resnet,electrode,202,bandpass_n20004_cLA_LL_covariance_s15,phase2/results/predictions/full/electrode/resnet/seed_202/bandpass_n20004_cLA_LL_covariance_s15.npz,76538,ed23db61ab760ce6ab88428616a633840e59305a83cc73c2bc7e76498398d1de
resnet,electrode,202,bandpass_n20004_cLA_LL_covariance_s10,phase2/results/predictions/full/electrode/resnet/seed_202/bandpass_n20004_cLA_LL_covariance_s10.npz,76481,6ac2a7e820cfcd70838d095a8552594bb211d6590c6f85383d9a1e6020375e2d
resnet,electrode,202,bandpass_n20004_cLA_LL_covariance_s5,phase2/results/predictions/full/electrode/resnet/seed_202/bandpass_n20004_cLA_LL_covariance_s5.npz,76271,b90dc6065af39397ee72654e478344d9404c38fca860bdde84a4b894a04df88c
resnet,electrode,202,bandpass_n20004_cLA_LL_covariance_s0,phase2/results/predictions/full/electrode/resnet/seed_202/bandpass_n20004_cLA_LL_covariance_s0.npz,75823,237e6cfa6a78c21f454936b3daf8079c9bf1f95bc061d2de1493ebf91b98946b
resnet,electrode,202,bandpass_n20004_cRA_LL_independent_rms_s20,phase2/results/predictions/full/electrode/resnet/seed_202/bandpass_n20004_cRA_LL_independent_rms_s20.npz,76585,299161315a433e7dcc87e01515f580d233489c5b52c7f9dc0a6fa270ecf909db
resnet,electrode,202,bandpass_n20004_cRA_LL_independent_rms_s15,phase2/results/predictions/full/electrode/resnet/seed_202/bandpass_n20004_cRA_LL_independent_rms_s15.npz,76593,9f1f789be2d9aaf0c3c5026a871a8a2f57a7a9b20369121b00af16bb294d17f0
resnet,electrode,202,bandpass_n20004_cRA_LL_independent_rms_s10,phase2/results/predictions/full/electrode/resnet/seed_202/bandpass_n20004_cRA_LL_independent_rms_s10.npz,76538,2820819ecf90ba967e923c6d0eb7e512dce3b29ac8256bcbe98ca73774a57e69
resnet,electrode,202,bandpass_n20004_cRA_LL_independent_rms_s5,phase2/results/predictions/full/electrode/resnet/seed_202/bandpass_n20004_cRA_LL_independent_rms_s5.npz,76418,41ad80d857ee12348266682eb156a0403c419539082cc0eef6c88918e3cc4665
resnet,electrode,202,bandpass_n20004_cRA_LL_independent_rms_s0,phase2/results/predictions/full/electrode/resnet/seed_202/bandpass_n20004_cRA_LL_independent_rms_s0.npz,76050,62e0351257d26ee731e54eecba86009d3ffad7987280fdae46ca30681a42559e
resnet,electrode,202,bandpass_n20004_cRA_LL_electrode_s20,phase2/results/predictions/full/electrode/resnet/seed_202/bandpass_n20004_cRA_LL_electrode_s20.npz,76556,a10b44c7e863ffdba46400a56f52c3e1e08a6922d18e7bf2fb80a60f8c1d136d
resnet,electrode,202,bandpass_n20004_cRA_LL_electrode_s15,phase2/results/predictions/full/electrode/resnet/seed_202/bandpass_n20004_cRA_LL_electrode_s15.npz,76500,a0ada5fa0f985b927cef9ed325456ffb6660401fdd24f47065cfd035f2062653
resnet,electrode,202,bandpass_n20004_cRA_LL_electrode_s10,phase2/results/predictions/full/electrode/resnet/seed_202/bandpass_n20004_cRA_LL_electrode_s10.npz,76444,fd4a55db1b20009cf7b9df6e8fd60f638d0179924ab0f1d6eef1f24fb7808f5c
resnet,electrode,202,bandpass_n20004_cRA_LL_electrode_s5,phase2/results/predictions/full/electrode/resnet/seed_202/bandpass_n20004_cRA_LL_electrode_s5.npz,76291,17167e93d932d0eaea36ccded0427438e63c2f48fd3c3175073e7b0a1782c273
resnet,electrode,202,bandpass_n20004_cRA_LL_electrode_s0,phase2/results/predictions/full/electrode/resnet/seed_202/bandpass_n20004_cRA_LL_electrode_s0.npz,75853,48703e057a041665d5b3507fed007687965bedc2d7b4699768b40e5e2a47f720
resnet,electrode,202,bandpass_n20004_cRA_LL_covariance_s20,phase2/results/predictions/full/electrode/resnet/seed_202/bandpass_n20004_cRA_LL_covariance_s20.npz,76552,e85c80b00a84a5c6c105e2a344ef511da959dd18557a3f63f354eaf6eb2c0086
resnet,electrode,202,bandpass_n20004_cRA_LL_covariance_s15,phase2/results/predictions/full/electrode/resnet/seed_202/bandpass_n20004_cRA_LL_covariance_s15.npz,76531,3878c5dff6c9296a66011c64a6697aea77b790523bf56923ae1442e79bdb892c
resnet,electrode,202,bandpass_n20004_cRA_LL_covariance_s10,phase2/results/predictions/full/electrode/resnet/seed_202/bandpass_n20004_cRA_LL_covariance_s10.npz,76470,77ef38a3aae267cec9ad166ef852646b102ed9ec16058caa3486cd2fc77bcb05
resnet,electrode,202,bandpass_n20004_cRA_LL_covariance_s5,phase2/results/predictions/full/electrode/resnet/seed_202/bandpass_n20004_cRA_LL_covariance_s5.npz,76257,c4724d0a0a87dfc343c69abb6b1ab6ab3c8a30c77cc99d40dc9328d46f06eceb
resnet,electrode,202,bandpass_n20004_cRA_LL_covariance_s0,phase2/results/predictions/full/electrode/resnet/seed_202/bandpass_n20004_cRA_LL_covariance_s0.npz,75842,7457a3741942cf21cff6a31153910816cf121a513415e9077a07e270166b2331
resnet,electrode,202,bandpass_n20004_cRA_independent_rms_s20,phase2/results/predictions/full/electrode/resnet/seed_202/bandpass_n20004_cRA_independent_rms_s20.npz,76583,2f0cda13b7ab9c1ddaffd2dca3a242c45e214c84547a9477e8eceac6af7c04ed
resnet,electrode,202,bandpass_n20004_cRA_independent_rms_s15,phase2/results/predictions/full/electrode/resnet/seed_202/bandpass_n20004_cRA_independent_rms_s15.npz,76578,d59ebe5c9ea2c923c6733ed64b4997578a0e0b642e16d8554dfabbd7d960cc4e
resnet,electrode,202,bandpass_n20004_cRA_independent_rms_s10,phase2/results/predictions/full/electrode/resnet/seed_202/bandpass_n20004_cRA_independent_rms_s10.npz,76547,195f074e2d6019222de7a84168d444837536922ddb366c9ea8418a4f42feb535
resnet,electrode,202,bandpass_n20004_cRA_independent_rms_s5,phase2/results/predictions/full/electrode/resnet/seed_202/bandpass_n20004_cRA_independent_rms_s5.npz,76399,12f05c83ef9c56eb0ae88cf86ed3bdd37532acb38d03a0d72eeeb48c31eed333
resnet,electrode,202,bandpass_n20004_cRA_independent_rms_s0,phase2/results/predictions/full/electrode/resnet/seed_202/bandpass_n20004_cRA_independent_rms_s0.npz,76044,4e8a7ac56fd624eee6c1d4c5ed5c70949c754ca0dbc55ae7d0a4404b451015d3
resnet,electrode,202,bandpass_n20004_cRA_electrode_s20,phase2/results/predictions/full/electrode/resnet/seed_202/bandpass_n20004_cRA_electrode_s20.npz,76558,15059294b439f4a16eff7241ca28eef0073cb9c41b328004b4f4ad09665425dc
resnet,electrode,202,bandpass_n20004_cRA_electrode_s15,phase2/results/predictions/full/electrode/resnet/seed_202/bandpass_n20004_cRA_electrode_s15.npz,76558,2a0ad104622bbe4c20f3c4da543fa02909fde1360fcd3d8fcece4484c3c8fff1
resnet,electrode,202,bandpass_n20004_cRA_electrode_s10,phase2/results/predictions/full/electrode/resnet/seed_202/bandpass_n20004_cRA_electrode_s10.npz,76468,3569b5781d806fd919ccdcb8ea3b973b23e36e487c32095817024f18d68f5b85
resnet,electrode,202,bandpass_n20004_cRA_electrode_s5,phase2/results/predictions/full/electrode/resnet/seed_202/bandpass_n20004_cRA_electrode_s5.npz,76248,5fb00299182a98f3a134304452d242b4ef7aa0d62e24c7e356f5086585f7a1b8
resnet,electrode,202,bandpass_n20004_cRA_electrode_s0,phase2/results/predictions/full/electrode/resnet/seed_202/bandpass_n20004_cRA_electrode_s0.npz,75981,821dd1fe58ed634451c11522912b08511902e408c5a73374d8569d96124a66d7
resnet,electrode,202,bandpass_n20004_cRA_covariance_s20,phase2/results/predictions/full/electrode/resnet/seed_202/bandpass_n20004_cRA_covariance_s20.npz,76556,ce64f8fcbbafd73a22bf3534520ecdc1aa4b6ba752e72e896a13db7627e96799
resnet,electrode,202,bandpass_n20004_cRA_covariance_s15,phase2/results/predictions/full/electrode/resnet/seed_202/bandpass_n20004_cRA_covariance_s15.npz,76525,f6f43b9064178f5cf23c41c7d3910a01ded5b6e9c563da263f2eeae65f0b9983
resnet,electrode,202,bandpass_n20004_cRA_covariance_s10,phase2/results/predictions/full/electrode/resnet/seed_202/bandpass_n20004_cRA_covariance_s10.npz,76448,c9f3866931683e9630ee4f4ed92ede639ee8bc87cfa128cb77b885ffae7957bd
resnet,electrode,202,bandpass_n20004_cRA_covariance_s5,phase2/results/predictions/full/electrode/resnet/seed_202/bandpass_n20004_cRA_covariance_s5.npz,76313,c73ddb2a939d3a0cc57578221783de377ae7880eb294eb2466a632a4a8ffbfa2
resnet,electrode,202,bandpass_n20004_cRA_covariance_s0,phase2/results/predictions/full/electrode/resnet/seed_202/bandpass_n20004_cRA_covariance_s0.npz,75960,b54c0985eefbf6a0bd015afb021654a43736900fb383f9b1ddacf2db12fea0b0
resnet,electrode,202,bandpass_n20004_cLA_independent_rms_s20,phase2/results/predictions/full/electrode/resnet/seed_202/bandpass_n20004_cLA_independent_rms_s20.npz,76543,3d1dea9935fed9cbfc94b0d76c28464e6d0372ff78424cdd016788e9afc78023
resnet,electrode,202,bandpass_n20004_cLA_independent_rms_s15,phase2/results/predictions/full/electrode/resnet/seed_202/bandpass_n20004_cLA_independent_rms_s15.npz,76577,fd71f5cac69464245fcfd4c798b24892c5461e1374c434350a8672b352c669d1
resnet,electrode,202,bandpass_n20004_cLA_independent_rms_s10,phase2/results/predictions/full/electrode/resnet/seed_202/bandpass_n20004_cLA_independent_rms_s10.npz,76552,d13ede9f549868473179f39eaec164284e68df2cd07cd3c45132b3936a48a764
resnet,electrode,202,bandpass_n20004_cLA_independent_rms_s5,phase2/results/predictions/full/electrode/resnet/seed_202/bandpass_n20004_cLA_independent_rms_s5.npz,76416,e5ae4b42424aeb3e6612e801647461a288a9dacf7a8ab30a8cb66a76a3f6452c
resnet,electrode,202,bandpass_n20004_cLA_independent_rms_s0,phase2/results/predictions/full/electrode/resnet/seed_202/bandpass_n20004_cLA_independent_rms_s0.npz,76027,3501e7d5d5fc96febfe82c6bd569f99611ce9f8ec1422a07807f67af4859aa09
resnet,electrode,202,bandpass_n20004_cLA_electrode_s20,phase2/results/predictions/full/electrode/resnet/seed_202/bandpass_n20004_cLA_electrode_s20.npz,76555,95040aa32cde284e20af27b0e8940a600c98f68502f97f34fefe50637f87a367
resnet,electrode,202,bandpass_n20004_cLA_electrode_s15,phase2/results/predictions/full/electrode/resnet/seed_202/bandpass_n20004_cLA_electrode_s15.npz,76539,3b4d323ba45954b08f47cd5827e9fb7565e9ed0ac303622eb014bd7a446bd707
resnet,electrode,202,bandpass_n20004_cLA_electrode_s10,phase2/results/predictions/full/electrode/resnet/seed_202/bandpass_n20004_cLA_electrode_s10.npz,76475,5699631641c1dc4f4a1e66ec9c80b7442eb444e21873f9b0ff0616f2ac0e52d0
resnet,electrode,202,bandpass_n20004_cLA_electrode_s5,phase2/results/predictions/full/electrode/resnet/seed_202/bandpass_n20004_cLA_electrode_s5.npz,76260,b27171452936c72e73cde3af4312dba6f45d23f6997ed1729497012f1539695a
resnet,electrode,202,bandpass_n20004_cLA_electrode_s0,phase2/results/predictions/full/electrode/resnet/seed_202/bandpass_n20004_cLA_electrode_s0.npz,75819,456facdb24b7cf5052a368ca42dd7641729755899a9834ce2ef352bd1e650b2e
resnet,electrode,202,bandpass_n20004_cLA_covariance_s20,phase2/results/predictions/full/electrode/resnet/seed_202/bandpass_n20004_cLA_covariance_s20.npz,76560,3d180ed72781d3348cee57e5c9747214acb668191625af25a4cc782d3345f4da
resnet,electrode,202,bandpass_n20004_cLA_covariance_s15,phase2/results/predictions/full/electrode/resnet/seed_202/bandpass_n20004_cLA_covariance_s15.npz,76549,14a416cb79e1487c81f6d27642671295496cc549cd0308d0baeded3cdc31bdce
resnet,electrode,202,bandpass_n20004_cLA_covariance_s10,phase2/results/predictions/full/electrode/resnet/seed_202/bandpass_n20004_cLA_covariance_s10.npz,76490,456f2fd52864e20ae7a88fe55ca104be910e3415b69d12b6ca867d09dbc7e7b3
resnet,electrode,202,bandpass_n20004_cLA_covariance_s5,phase2/results/predictions/full/electrode/resnet/seed_202/bandpass_n20004_cLA_covariance_s5.npz,76257,b6de285487a505f2f02e5a15733f6fc06e61ca7f4c205a52ea29fd6ab6565f11
resnet,electrode,202,bandpass_n20004_cLA_covariance_s0,phase2/results/predictions/full/electrode/resnet/seed_202/bandpass_n20004_cLA_covariance_s0.npz,75823,fb30ce5a20b59ce3cd74865958b637ae10058c880b6a9040dd7c76e5787e92d6
resnet,electrode,202,bandpass_n20004_cLL_independent_rms_s20,phase2/results/predictions/full/electrode/resnet/seed_202/bandpass_n20004_cLL_independent_rms_s20.npz,76554,2a22e7d2b4293b3925db68b034a07780df39f7031317dc5cece75ade3f006cde
resnet,electrode,202,bandpass_n20004_cLL_independent_rms_s15,phase2/results/predictions/full/electrode/resnet/seed_202/bandpass_n20004_cLL_independent_rms_s15.npz,76581,c29aed063f9b3001d0413d1b4e06cc8ca774efc5c7da90c37f9755e074893c1a
resnet,electrode,202,bandpass_n20004_cLL_independent_rms_s10,phase2/results/predictions/full/electrode/resnet/seed_202/bandpass_n20004_cLL_independent_rms_s10.npz,76510,e541480c75c035604f5a59815a62c707cd592a42bee7b2fbac10fbd7a2813a04
resnet,electrode,202,bandpass_n20004_cLL_independent_rms_s5,phase2/results/predictions/full/electrode/resnet/seed_202/bandpass_n20004_cLL_independent_rms_s5.npz,76395,560e6bd22ebf667ec2b36c2462637f3e3c8844e7541fb8ffd2ec7fb9541b6509
resnet,electrode,202,bandpass_n20004_cLL_independent_rms_s0,phase2/results/predictions/full/electrode/resnet/seed_202/bandpass_n20004_cLL_independent_rms_s0.npz,76066,84e8a36c782972949cc97e53b40ae64dab79ab47431d33d52a1d76dad1975580
resnet,electrode,202,bandpass_n20004_cLL_electrode_s20,phase2/results/predictions/full/electrode/resnet/seed_202/bandpass_n20004_cLL_electrode_s20.npz,76603,3e03d624ec9cd6b30ad36562dd0615b232e8797a460f2d4b167406687b8d7334
resnet,electrode,202,bandpass_n20004_cLL_electrode_s15,phase2/results/predictions/full/electrode/resnet/seed_202/bandpass_n20004_cLL_electrode_s15.npz,76511,b914bff3ab6adb415acd29b10436ed3878ee22771826449e832b1cd1810c2c33
resnet,electrode,202,bandpass_n20004_cLL_electrode_s10,phase2/results/predictions/full/electrode/resnet/seed_202/bandpass_n20004_cLL_electrode_s10.npz,76460,4fc8ea774bd46ccbf4ecca166ef9151325d8781552f3aa3dfafe59f18fd4f4b1
resnet,electrode,202,bandpass_n20004_cLL_electrode_s5,phase2/results/predictions/full/electrode/resnet/seed_202/bandpass_n20004_cLL_electrode_s5.npz,76228,5d2a289301149d303e5c213e727131f1a443d71c6eee28ae016aed91848f784b
resnet,electrode,202,bandpass_n20004_cLL_electrode_s0,phase2/results/predictions/full/electrode/resnet/seed_202/bandpass_n20004_cLL_electrode_s0.npz,75821,5981bd177acaaaec16e0a64e1aa9ca42cb864965098b1e225535bd7e197c9038
resnet,electrode,202,bandpass_n20004_cLL_covariance_s20,phase2/results/predictions/full/electrode/resnet/seed_202/bandpass_n20004_cLL_covariance_s20.npz,76563,7d009ed64678b101d30c9225961429ea1ace1cef729cec39a422d6c31b4b4953
resnet,electrode,202,bandpass_n20004_cLL_covariance_s15,phase2/results/predictions/full/electrode/resnet/seed_202/bandpass_n20004_cLL_covariance_s15.npz,76558,231454bfd727efedf49401d15acb273f67ea0ebdc82f8edf636f1732ffd01ebe
resnet,electrode,202,bandpass_n20004_cLL_covariance_s10,phase2/results/predictions/full/electrode/resnet/seed_202/bandpass_n20004_cLL_covariance_s10.npz,76461,4c9dd4955f027307dd88eda3fc4a3441aa89818524da291c78a162bbf8787afb
resnet,electrode,202,bandpass_n20004_cLL_covariance_s5,phase2/results/predictions/full/electrode/resnet/seed_202/bandpass_n20004_cLL_covariance_s5.npz,76246,1d46f63ec148c7d9f121670427d5d953e2bbbb7881941f0a4f9e9f961323ea78
resnet,electrode,202,bandpass_n20004_cLL_covariance_s0,phase2/results/predictions/full/electrode/resnet/seed_202/bandpass_n20004_cLL_covariance_s0.npz,75852,513d29cd8cd4a52eb4b0fabdfb6f3320d93edbcd0bd356c60b859c2e589c3bf9
resnet,electrode,202,bandpass_n20004_cRA_V1_independent_rms_s20,phase2/results/predictions/full/electrode/resnet/seed_202/bandpass_n20004_cRA_V1_independent_rms_s20.npz,76589,6452584bd01439c7af4de137518fff506b8c382125a47d567b517d455d393333
resnet,electrode,202,bandpass_n20004_cRA_V1_independent_rms_s15,phase2/results/predictions/full/electrode/resnet/seed_202/bandpass_n20004_cRA_V1_independent_rms_s15.npz,76580,06eef4eb1e9923b53341f3262d957cddedae2fcacbef14082bba62933d252b1a
resnet,electrode,202,bandpass_n20004_cRA_V1_independent_rms_s10,phase2/results/predictions/full/electrode/resnet/seed_202/bandpass_n20004_cRA_V1_independent_rms_s10.npz,76558,fc498889700ec270ccced8f2d1531f2dc894e14c64f53200acc652ae2a5d559c
resnet,electrode,202,bandpass_n20004_cRA_V1_independent_rms_s5,phase2/results/predictions/full/electrode/resnet/seed_202/bandpass_n20004_cRA_V1_independent_rms_s5.npz,76388,00c446b552bda362d8ccd70c3092b0cdecf01d6b4b83816bb9a0ba6ac8fe4607
resnet,electrode,202,bandpass_n20004_cRA_V1_independent_rms_s0,phase2/results/predictions/full/electrode/resnet/seed_202/bandpass_n20004_cRA_V1_independent_rms_s0.npz,76004,ecff8c2a4b529509c46f11992412318338050ba19805dfb55934af142b97014d
resnet,electrode,202,bandpass_n20004_cRA_V1_electrode_s20,phase2/results/predictions/full/electrode/resnet/seed_202/bandpass_n20004_cRA_V1_electrode_s20.npz,76562,518dbe6464bc9e8c7ed90e94ad5d823146c8f3d30f2b83672f8872694048927b
resnet,electrode,202,bandpass_n20004_cRA_V1_electrode_s15,phase2/results/predictions/full/electrode/resnet/seed_202/bandpass_n20004_cRA_V1_electrode_s15.npz,76538,13a713952ce7912cc9839ec036269feb6f1b98a24dca13be8dc7f7b4c111b993
resnet,electrode,202,bandpass_n20004_cRA_V1_electrode_s10,phase2/results/predictions/full/electrode/resnet/seed_202/bandpass_n20004_cRA_V1_electrode_s10.npz,76484,03855708c774bdbbeb50d444d261c28a40a35f8997993bf9c2cf4b64b766b73d
resnet,electrode,202,bandpass_n20004_cRA_V1_electrode_s5,phase2/results/predictions/full/electrode/resnet/seed_202/bandpass_n20004_cRA_V1_electrode_s5.npz,76292,e90599f4239ad1b7abd75d69696c872f0b7e76629eabdd1e57bef29138ff34d1
resnet,electrode,202,bandpass_n20004_cRA_V1_electrode_s0,phase2/results/predictions/full/electrode/resnet/seed_202/bandpass_n20004_cRA_V1_electrode_s0.npz,75975,3db93ae3b2077c657b787e14a1de610dc68f410bd347005186a77fb1db60a7ee
resnet,electrode,202,bandpass_n20004_cRA_V1_covariance_s20,phase2/results/predictions/full/electrode/resnet/seed_202/bandpass_n20004_cRA_V1_covariance_s20.npz,76571,7494e20573365b1114253936bdbf3e326e64a8ad338a5a410c97a07aec562b5c
resnet,electrode,202,bandpass_n20004_cRA_V1_covariance_s15,phase2/results/predictions/full/electrode/resnet/seed_202/bandpass_n20004_cRA_V1_covariance_s15.npz,76533,95d054710379f6042ecf1c383c69d53634bae70ee308b303b0c546aa3c0f48fd
resnet,electrode,202,bandpass_n20004_cRA_V1_covariance_s10,phase2/results/predictions/full/electrode/resnet/seed_202/bandpass_n20004_cRA_V1_covariance_s10.npz,76484,1b69015c164065cf36a51202d5b097b0966e0609e60d717e5d45d80c5fa3c86c
resnet,electrode,202,bandpass_n20004_cRA_V1_covariance_s5,phase2/results/predictions/full/electrode/resnet/seed_202/bandpass_n20004_cRA_V1_covariance_s5.npz,76271,9a0c600b00d295ddb5b2665eeca3ad1a0dd29a98c99ae3b9c394472112764e56
resnet,electrode,202,bandpass_n20004_cRA_V1_covariance_s0,phase2/results/predictions/full/electrode/resnet/seed_202/bandpass_n20004_cRA_V1_covariance_s0.npz,75947,0df005dff714c2cb822248ab1aa5688294ebec7a2b395864b2ed7bb5988ff767
resnet,electrode,202,bandpass_n20004_cLA_V6_independent_rms_s20,phase2/results/predictions/full/electrode/resnet/seed_202/bandpass_n20004_cLA_V6_independent_rms_s20.npz,76552,6dec0bb2ba7be8efffe5c0f3cae9388992d4fdac7e6a9c708404b600a482ea1e
resnet,electrode,202,bandpass_n20004_cLA_V6_independent_rms_s15,phase2/results/predictions/full/electrode/resnet/seed_202/bandpass_n20004_cLA_V6_independent_rms_s15.npz,76591,b1fd292f676ea8bfb077501d62769d6e8e47250b858a72d88ee1904b407b8e26
resnet,electrode,202,bandpass_n20004_cLA_V6_independent_rms_s10,phase2/results/predictions/full/electrode/resnet/seed_202/bandpass_n20004_cLA_V6_independent_rms_s10.npz,76550,407bc2364ca8c57116b842006b25815deef527aaa51b600c90930183860d3d25
resnet,electrode,202,bandpass_n20004_cLA_V6_independent_rms_s5,phase2/results/predictions/full/electrode/resnet/seed_202/bandpass_n20004_cLA_V6_independent_rms_s5.npz,76456,1597f65b9ef6d5b9eaf432118031ff1612735dd4eff56ec53ec1a5ec8b915fc6
resnet,electrode,202,bandpass_n20004_cLA_V6_independent_rms_s0,phase2/results/predictions/full/electrode/resnet/seed_202/bandpass_n20004_cLA_V6_independent_rms_s0.npz,76049,d487cc22534997e4e7338ad9d5e6b87e5906b207e88f8062c11d01cc21c97866
resnet,electrode,202,bandpass_n20004_cLA_V6_electrode_s20,phase2/results/predictions/full/electrode/resnet/seed_202/bandpass_n20004_cLA_V6_electrode_s20.npz,76530,c0cf12fdb024bbe719bd4cf4e270564eaae85c2a28973e3647204dea7a2d8333
resnet,electrode,202,bandpass_n20004_cLA_V6_electrode_s15,phase2/results/predictions/full/electrode/resnet/seed_202/bandpass_n20004_cLA_V6_electrode_s15.npz,76540,24a2b70e7e801857c652979da1e9ce080355734bb6365f19b4622a3d49be963a
resnet,electrode,202,bandpass_n20004_cLA_V6_electrode_s10,phase2/results/predictions/full/electrode/resnet/seed_202/bandpass_n20004_cLA_V6_electrode_s10.npz,76491,1eda7abde4ddfb65ffcc623a87a2149d12253074a4433769e2e0f6669ed2b430
resnet,electrode,202,bandpass_n20004_cLA_V6_electrode_s5,phase2/results/predictions/full/electrode/resnet/seed_202/bandpass_n20004_cLA_V6_electrode_s5.npz,76294,a4291d66f393071819d1ac7cf2512fa0fc6df0b0fa87f784369f71879310b262
resnet,electrode,202,bandpass_n20004_cLA_V6_electrode_s0,phase2/results/predictions/full/electrode/resnet/seed_202/bandpass_n20004_cLA_V6_electrode_s0.npz,75883,1c934f51978e12a21cd93622d5812509c0c05ea98ed3e0f6ebce57ada218a168
resnet,electrode,202,bandpass_n20004_cLA_V6_covariance_s20,phase2/results/predictions/full/electrode/resnet/seed_202/bandpass_n20004_cLA_V6_covariance_s20.npz,76600,1dc5a5695e64eebde17f9832317ee302f92d60659c89884d6927474b507e176d
resnet,electrode,202,bandpass_n20004_cLA_V6_covariance_s15,phase2/results/predictions/full/electrode/resnet/seed_202/bandpass_n20004_cLA_V6_covariance_s15.npz,76560,1555101e2283a0ccf97977e68c6902fdf1170ecf315c64bbb733a6a0a12f1cda
resnet,electrode,202,bandpass_n20004_cLA_V6_covariance_s10,phase2/results/predictions/full/electrode/resnet/seed_202/bandpass_n20004_cLA_V6_covariance_s10.npz,76466,fe94f29d894432136aa2010c6f80ee2da0003fd320922291bdf2f32a0eba1028
resnet,electrode,202,bandpass_n20004_cLA_V6_covariance_s5,phase2/results/predictions/full/electrode/resnet/seed_202/bandpass_n20004_cLA_V6_covariance_s5.npz,76308,93fcc63e85872a628fb7413b8c8e217dc0509b97b60349b56fa841dc3fe69b48
resnet,electrode,202,bandpass_n20004_cLA_V6_covariance_s0,phase2/results/predictions/full/electrode/resnet/seed_202/bandpass_n20004_cLA_V6_covariance_s0.npz,75866,be0f2c1d6adebb2bf04bf76402cd5ab821c2b66819cca0f3e8f64d50151dad22
resnet,electrode,202,bandpass_n20004_cLL_V4_independent_rms_s20,phase2/results/predictions/full/electrode/resnet/seed_202/bandpass_n20004_cLL_V4_independent_rms_s20.npz,76565,134c7e4dff19239cac8f4db58290f23cb53f978a1bcb884b6d3fe8ce4ebed421
resnet,electrode,202,bandpass_n20004_cLL_V4_independent_rms_s15,phase2/results/predictions/full/electrode/resnet/seed_202/bandpass_n20004_cLL_V4_independent_rms_s15.npz,76592,c0e4108fde299e7a0b0b47f43f70c22ba836cb61fd8b560bacfc3e317787f6c7
resnet,electrode,202,bandpass_n20004_cLL_V4_independent_rms_s10,phase2/results/predictions/full/electrode/resnet/seed_202/bandpass_n20004_cLL_V4_independent_rms_s10.npz,76544,dbecaf264ec0ab52cf8d76fb24378551e7df277f222e4b33444ab0b663d70a07
resnet,electrode,202,bandpass_n20004_cLL_V4_independent_rms_s5,phase2/results/predictions/full/electrode/resnet/seed_202/bandpass_n20004_cLL_V4_independent_rms_s5.npz,76451,12bb3c98b59664094cdf94e2b67dda9a569eea85cd2832dd9e6f02cd3283ae68
resnet,electrode,202,bandpass_n20004_cLL_V4_independent_rms_s0,phase2/results/predictions/full/electrode/resnet/seed_202/bandpass_n20004_cLL_V4_independent_rms_s0.npz,76137,b1e1c61e8d6f5ac1b04acbd88340adf514be12c99b65b3715c53d853d0f70b10
resnet,electrode,202,bandpass_n20004_cLL_V4_electrode_s20,phase2/results/predictions/full/electrode/resnet/seed_202/bandpass_n20004_cLL_V4_electrode_s20.npz,76588,abc33c78514f09573833acf630562a346fa92b651912f7a23b6714dd63f0acd1
resnet,electrode,202,bandpass_n20004_cLL_V4_electrode_s15,phase2/results/predictions/full/electrode/resnet/seed_202/bandpass_n20004_cLL_V4_electrode_s15.npz,76552,d9d603a0de3a1b2dc09cc39ffa1ff9796c84dd4fb681370fc5e5ff49f301529c
resnet,electrode,202,bandpass_n20004_cLL_V4_electrode_s10,phase2/results/predictions/full/electrode/resnet/seed_202/bandpass_n20004_cLL_V4_electrode_s10.npz,76487,62a3ce4177d298b5e5aebcf177ad20c91603346724185d44614c3e096a648d71
resnet,electrode,202,bandpass_n20004_cLL_V4_electrode_s5,phase2/results/predictions/full/electrode/resnet/seed_202/bandpass_n20004_cLL_V4_electrode_s5.npz,76294,3abc7833d2a21b6acc17a2fadd88e82ff24a77ae192cf10af09cfe5d078b8c4e
resnet,electrode,202,bandpass_n20004_cLL_V4_electrode_s0,phase2/results/predictions/full/electrode/resnet/seed_202/bandpass_n20004_cLL_V4_electrode_s0.npz,75898,9c340af6ad3eea32130356c8c0ddc9a797777c582f28c403300376114d4da987
resnet,electrode,202,bandpass_n20004_cLL_V4_covariance_s20,phase2/results/predictions/full/electrode/resnet/seed_202/bandpass_n20004_cLL_V4_covariance_s20.npz,76548,db89c45b9cc8233d7b9325933a2b73f29de067de6c46147449a535f3a83cffa4
resnet,electrode,202,bandpass_n20004_cLL_V4_covariance_s15,phase2/results/predictions/full/electrode/resnet/seed_202/bandpass_n20004_cLL_V4_covariance_s15.npz,76516,00e438b004e1e40a6d115180de9821095d97cf2730d62c166c63cbb645e79868
resnet,electrode,202,bandpass_n20004_cLL_V4_covariance_s10,phase2/results/predictions/full/electrode/resnet/seed_202/bandpass_n20004_cLL_V4_covariance_s10.npz,76453,7dd4d9240b2800ac8e23109edc7bc9e892ac86c184706ae43d1195ed30d0731b
resnet,electrode,202,bandpass_n20004_cLL_V4_covariance_s5,phase2/results/predictions/full/electrode/resnet/seed_202/bandpass_n20004_cLL_V4_covariance_s5.npz,76290,f41633d205fc8a731e48609f10a638c5c0883e2d980df0b78ef9863f3ac0a91d
resnet,electrode,202,bandpass_n20004_cLL_V4_covariance_s0,phase2/results/predictions/full/electrode/resnet/seed_202/bandpass_n20004_cLL_V4_covariance_s0.npz,75884,f027da10a9faebb86477428c935a22ea2470870f108e3bd8f2192c8970c46450
resnet,electrode,202,bandpass_n20004_cRA_LA_V1_V6_independent_rms_s20,phase2/results/predictions/full/electrode/resnet/seed_202/bandpass_n20004_cRA_LA_V1_V6_independent_rms_s20.npz,76575,2616f8a4ef4f34e0714c56b106e93c95d599383d4b681239f3242ec2fa9f13be
resnet,electrode,202,bandpass_n20004_cRA_LA_V1_V6_independent_rms_s15,phase2/results/predictions/full/electrode/resnet/seed_202/bandpass_n20004_cRA_LA_V1_V6_independent_rms_s15.npz,76583,d5e93e8af6490ea0382b44231a2e3037b4301fa334eefa865ed1215230ed2f87
resnet,electrode,202,bandpass_n20004_cRA_LA_V1_V6_independent_rms_s10,phase2/results/predictions/full/electrode/resnet/seed_202/bandpass_n20004_cRA_LA_V1_V6_independent_rms_s10.npz,76571,317c96ecb3a342ef921b3f264ea858e3424434124db5761d4674aced64247498
resnet,electrode,202,bandpass_n20004_cRA_LA_V1_V6_independent_rms_s5,phase2/results/predictions/full/electrode/resnet/seed_202/bandpass_n20004_cRA_LA_V1_V6_independent_rms_s5.npz,76437,6e470368c93443d559f70b001c3bf8eb8598972420f6085ee2473a8f34e393ec
resnet,electrode,202,bandpass_n20004_cRA_LA_V1_V6_independent_rms_s0,phase2/results/predictions/full/electrode/resnet/seed_202/bandpass_n20004_cRA_LA_V1_V6_independent_rms_s0.npz,76063,c6638f3650deab460ae56699cb983224a8f3acfd3aaefd71af4bbb17475f048f
resnet,electrode,202,bandpass_n20004_cRA_LA_V1_V6_electrode_s20,phase2/results/predictions/full/electrode/resnet/seed_202/bandpass_n20004_cRA_LA_V1_V6_electrode_s20.npz,76589,5c87742cee9c79a7847a2533f46b94485bf089fe41c416139534d4a78f8a427e
resnet,electrode,202,bandpass_n20004_cRA_LA_V1_V6_electrode_s15,phase2/results/predictions/full/electrode/resnet/seed_202/bandpass_n20004_cRA_LA_V1_V6_electrode_s15.npz,76546,54585dc860b3e490eda8a6716f7d10d6a9d6addd966d14f716678b41c4ff62ed
resnet,electrode,202,bandpass_n20004_cRA_LA_V1_V6_electrode_s10,phase2/results/predictions/full/electrode/resnet/seed_202/bandpass_n20004_cRA_LA_V1_V6_electrode_s10.npz,76473,5b22b57b1cf252dbcffcac743f2b5d09eff854d937652bd5250c1167fda6eeb8
resnet,electrode,202,bandpass_n20004_cRA_LA_V1_V6_electrode_s5,phase2/results/predictions/full/electrode/resnet/seed_202/bandpass_n20004_cRA_LA_V1_V6_electrode_s5.npz,76367,40f43ee472a12a01c84c4d9ea548311d57fda8444e29b6de525880a87b1879e7
resnet,electrode,202,bandpass_n20004_cRA_LA_V1_V6_electrode_s0,phase2/results/predictions/full/electrode/resnet/seed_202/bandpass_n20004_cRA_LA_V1_V6_electrode_s0.npz,75911,5056bb6d6d62a1511668216a5a139fa61db57fdf93ce6e93319d59785b80ae57
resnet,electrode,202,bandpass_n20004_cRA_LA_V1_V6_covariance_s20,phase2/results/predictions/full/electrode/resnet/seed_202/bandpass_n20004_cRA_LA_V1_V6_covariance_s20.npz,76581,18f55ff9a5ed98a411efbb690fa460998725f9a8800e0fdcfe2d7bbd394eac3c
resnet,electrode,202,bandpass_n20004_cRA_LA_V1_V6_covariance_s15,phase2/results/predictions/full/electrode/resnet/seed_202/bandpass_n20004_cRA_LA_V1_V6_covariance_s15.npz,76575,3c01768717ed10724c4f5dfb05ca617b9d25cea3d2442a6b325cd9df33f29c52
resnet,electrode,202,bandpass_n20004_cRA_LA_V1_V6_covariance_s10,phase2/results/predictions/full/electrode/resnet/seed_202/bandpass_n20004_cRA_LA_V1_V6_covariance_s10.npz,76515,b4a64574116e52c29129b5a176bb19984cdbfad4980aedbbed2fb1f6df967fd5
resnet,electrode,202,bandpass_n20004_cRA_LA_V1_V6_covariance_s5,phase2/results/predictions/full/electrode/resnet/seed_202/bandpass_n20004_cRA_LA_V1_V6_covariance_s5.npz,76320,a73388285b25ed5eef31ff5e00e599136686f120361dda7afd9321ccf195df4c
resnet,electrode,202,bandpass_n20004_cRA_LA_V1_V6_covariance_s0,phase2/results/predictions/full/electrode/resnet/seed_202/bandpass_n20004_cRA_LA_V1_V6_covariance_s0.npz,75917,459738fbb46c5f1e541fc4cde06c48b24ad1d9904eefca6aa71b290969bf0f48
resnet,electrode,202,bandpass_n20004_cRA_V2_V5_independent_rms_s20,phase2/results/predictions/full/electrode/resnet/seed_202/bandpass_n20004_cRA_V2_V5_independent_rms_s20.npz,76606,5834f5b72005c73ed8c9b13ecc6309d843d2d1baf75898d2a1179d560988cf9b
resnet,electrode,202,bandpass_n20004_cRA_V2_V5_independent_rms_s15,phase2/results/predictions/full/electrode/resnet/seed_202/bandpass_n20004_cRA_V2_V5_independent_rms_s15.npz,76607,1e14f4db570eef050d15b44d3a47c9605a9b9b50d3a1791114aa0d4c7a32461b
resnet,electrode,202,bandpass_n20004_cRA_V2_V5_independent_rms_s10,phase2/results/predictions/full/electrode/resnet/seed_202/bandpass_n20004_cRA_V2_V5_independent_rms_s10.npz,76566,bc0fa8acfbea762ab058dccc06f0f1a28a3112257b06e8ccc649d5fccf371790
resnet,electrode,202,bandpass_n20004_cRA_V2_V5_independent_rms_s5,phase2/results/predictions/full/electrode/resnet/seed_202/bandpass_n20004_cRA_V2_V5_independent_rms_s5.npz,76415,e5b12dac5e4039c5732452619bae5236d3f3118499f09314fd08fb81efdad93d
resnet,electrode,202,bandpass_n20004_cRA_V2_V5_independent_rms_s0,phase2/results/predictions/full/electrode/resnet/seed_202/bandpass_n20004_cRA_V2_V5_independent_rms_s0.npz,76082,9ae82d4fd6ec950956bc1f07547e77f478b2bdfbb5c1fc50950b2db82cf30834
resnet,electrode,202,bandpass_n20004_cRA_V2_V5_electrode_s20,phase2/results/predictions/full/electrode/resnet/seed_202/bandpass_n20004_cRA_V2_V5_electrode_s20.npz,76572,72637ab9ac12d36e2db5e43fe4c1a59931493186d6950f764c5994a9faa95303
resnet,electrode,202,bandpass_n20004_cRA_V2_V5_electrode_s15,phase2/results/predictions/full/electrode/resnet/seed_202/bandpass_n20004_cRA_V2_V5_electrode_s15.npz,76566,13c1ed03cd2fe609b78c751c8ff6f87c026b9dcbf8f2d1184f4edba75102e7bb
resnet,electrode,202,bandpass_n20004_cRA_V2_V5_electrode_s10,phase2/results/predictions/full/electrode/resnet/seed_202/bandpass_n20004_cRA_V2_V5_electrode_s10.npz,76495,88c257b7cc8a76c3bffc35639b3758e795893f2673f1c4cf0791be6b07e8fe90
resnet,electrode,202,bandpass_n20004_cRA_V2_V5_electrode_s5,phase2/results/predictions/full/electrode/resnet/seed_202/bandpass_n20004_cRA_V2_V5_electrode_s5.npz,76316,89743ff603bee7ae71b4fddcbdeea0314b037af1cd83d599a0dbfa53530813d4
resnet,electrode,202,bandpass_n20004_cRA_V2_V5_electrode_s0,phase2/results/predictions/full/electrode/resnet/seed_202/bandpass_n20004_cRA_V2_V5_electrode_s0.npz,75993,bbb5744fe52278d15420316bf4fbdfb94b3f797ed5f35ab0da85200dee79826e
resnet,electrode,202,bandpass_n20004_cRA_V2_V5_covariance_s20,phase2/results/predictions/full/electrode/resnet/seed_202/bandpass_n20004_cRA_V2_V5_covariance_s20.npz,76567,cf5cbf3b588b5ad3c4f0a57c52eccb95560206202f1abd5011cc319a62d8afa4
resnet,electrode,202,bandpass_n20004_cRA_V2_V5_covariance_s15,phase2/results/predictions/full/electrode/resnet/seed_202/bandpass_n20004_cRA_V2_V5_covariance_s15.npz,76568,a942945db6de983613727fa743c6172fa8869d19589cc8998764d93d760e767a
resnet,electrode,202,bandpass_n20004_cRA_V2_V5_covariance_s10,phase2/results/predictions/full/electrode/resnet/seed_202/bandpass_n20004_cRA_V2_V5_covariance_s10.npz,76489,b42ef896e5e1075b3b6c9dd1b6a70ff687179a7e3d445f4448c8cadefd1dfa2b
resnet,electrode,202,bandpass_n20004_cRA_V2_V5_covariance_s5,phase2/results/predictions/full/electrode/resnet/seed_202/bandpass_n20004_cRA_V2_V5_covariance_s5.npz,76324,9531de741747b2f62bd06c4a3c31fc0e768f686f2d9195712cc1cd7249a14d7d
resnet,electrode,202,bandpass_n20004_cRA_V2_V5_covariance_s0,phase2/results/predictions/full/electrode/resnet/seed_202/bandpass_n20004_cRA_V2_V5_covariance_s0.npz,76016,97b11b41b2b63dd83fa30f1b455c4f8654d08c9fc8a8e8728a985e0525798293
resnet,electrode,202,bandpass_n20004_cLA_V3_V6_independent_rms_s20,phase2/results/predictions/full/electrode/resnet/seed_202/bandpass_n20004_cLA_V3_V6_independent_rms_s20.npz,76551,da2b928a8f704553dfd82f80440e05407798b04056ac2d0b119baa1f30766f0a
resnet,electrode,202,bandpass_n20004_cLA_V3_V6_independent_rms_s15,phase2/results/predictions/full/electrode/resnet/seed_202/bandpass_n20004_cLA_V3_V6_independent_rms_s15.npz,76603,f7881e8065f49504643d72b7e083acc890730d1d8db9e4d4ba345d9edd389686
resnet,electrode,202,bandpass_n20004_cLA_V3_V6_independent_rms_s10,phase2/results/predictions/full/electrode/resnet/seed_202/bandpass_n20004_cLA_V3_V6_independent_rms_s10.npz,76541,3baa3f06c71302c2bb39ef12fdede10ac25c7a1ed327ae6edc088668ca3418cc
resnet,electrode,202,bandpass_n20004_cLA_V3_V6_independent_rms_s5,phase2/results/predictions/full/electrode/resnet/seed_202/bandpass_n20004_cLA_V3_V6_independent_rms_s5.npz,76455,3f2cf45160ce6bb396d926cd7a597807acf465b818ffd01215d907683afa88eb
resnet,electrode,202,bandpass_n20004_cLA_V3_V6_independent_rms_s0,phase2/results/predictions/full/electrode/resnet/seed_202/bandpass_n20004_cLA_V3_V6_independent_rms_s0.npz,76130,8c24a531efaf65d1e2a36beaeff74ddf79b3193740e3e05d1f1040bd1945b8a9
resnet,electrode,202,bandpass_n20004_cLA_V3_V6_electrode_s20,phase2/results/predictions/full/electrode/resnet/seed_202/bandpass_n20004_cLA_V3_V6_electrode_s20.npz,76567,5ab29cda87f0d347cf2cb9a92e6b994896396b65b9c75ae9aadaa2020a2a9fd2
resnet,electrode,202,bandpass_n20004_cLA_V3_V6_electrode_s15,phase2/results/predictions/full/electrode/resnet/seed_202/bandpass_n20004_cLA_V3_V6_electrode_s15.npz,76573,1885190d5b9086b396a47498f3cd4bc21a42fe35abe1592d934be2d42713983f
resnet,electrode,202,bandpass_n20004_cLA_V3_V6_electrode_s10,phase2/results/predictions/full/electrode/resnet/seed_202/bandpass_n20004_cLA_V3_V6_electrode_s10.npz,76528,cdf770402d8abc41d049e8691fa0ad9a60f70f3e145d29f1a28dba3acf0fe89c
resnet,electrode,202,bandpass_n20004_cLA_V3_V6_electrode_s5,phase2/results/predictions/full/electrode/resnet/seed_202/bandpass_n20004_cLA_V3_V6_electrode_s5.npz,76346,7191ef41920dbeec3fb14f7ed3dba58bd8ee9590ea3d12e1a65a3ec7615f8c8c
resnet,electrode,202,bandpass_n20004_cLA_V3_V6_electrode_s0,phase2/results/predictions/full/electrode/resnet/seed_202/bandpass_n20004_cLA_V3_V6_electrode_s0.npz,75968,66ccda5b1e6f991af10a5ce8409e2f51d141b35f1ddb093f9bb88e6a096901ac
resnet,electrode,202,bandpass_n20004_cLA_V3_V6_covariance_s20,phase2/results/predictions/full/electrode/resnet/seed_202/bandpass_n20004_cLA_V3_V6_covariance_s20.npz,76565,6dba77e96f11e08ee82518bece7517cbcacd9a622cdc744a92822a9a64147e04
resnet,electrode,202,bandpass_n20004_cLA_V3_V6_covariance_s15,phase2/results/predictions/full/electrode/resnet/seed_202/bandpass_n20004_cLA_V3_V6_covariance_s15.npz,76545,2c65fadfa5550ce62e221ada5d23f1b5710903ff018ede8ba8e19a7f4d93f6aa
resnet,electrode,202,bandpass_n20004_cLA_V3_V6_covariance_s10,phase2/results/predictions/full/electrode/resnet/seed_202/bandpass_n20004_cLA_V3_V6_covariance_s10.npz,76517,04a0ce67baa704b8b566b3d9e82686f4a7c762bffab308d63c135309549634df
resnet,electrode,202,bandpass_n20004_cLA_V3_V6_covariance_s5,phase2/results/predictions/full/electrode/resnet/seed_202/bandpass_n20004_cLA_V3_V6_covariance_s5.npz,76341,b01706da6b504a7c6a2f475190ac180355e54a2dcd25e7dbdd9aa51a726546a0
resnet,electrode,202,bandpass_n20004_cLA_V3_V6_covariance_s0,phase2/results/predictions/full/electrode/resnet/seed_202/bandpass_n20004_cLA_V3_V6_covariance_s0.npz,75953,ee765d0c83511390d370c49474e7cd6434561dd9f99c132218ec1b123df80be2
resnet,electrode,202,bandpass_n20004_cLL_V1_V4_independent_rms_s20,phase2/results/predictions/full/electrode/resnet/seed_202/bandpass_n20004_cLL_V1_V4_independent_rms_s20.npz,76598,693a58fb9bbed2ae53d9c00a75426bd7c8667cc7434ce7d4993159565224bd93
resnet,electrode,202,bandpass_n20004_cLL_V1_V4_independent_rms_s15,phase2/results/predictions/full/electrode/resnet/seed_202/bandpass_n20004_cLL_V1_V4_independent_rms_s15.npz,76590,82f23d8198aa740bf609588be812d70138d66753fb40474d4492e943d8772ad6
resnet,electrode,202,bandpass_n20004_cLL_V1_V4_independent_rms_s10,phase2/results/predictions/full/electrode/resnet/seed_202/bandpass_n20004_cLL_V1_V4_independent_rms_s10.npz,76536,7ab568661ee30811470fb254e43c0f5455adafebb32ae3b264a6156efa9d50d1
resnet,electrode,202,bandpass_n20004_cLL_V1_V4_independent_rms_s5,phase2/results/predictions/full/electrode/resnet/seed_202/bandpass_n20004_cLL_V1_V4_independent_rms_s5.npz,76420,0f9c70b38aabd67299f9aaad443e2291c28b9adbb6e49f7b7e735fce948a30ea
resnet,electrode,202,bandpass_n20004_cLL_V1_V4_independent_rms_s0,phase2/results/predictions/full/electrode/resnet/seed_202/bandpass_n20004_cLL_V1_V4_independent_rms_s0.npz,76022,91ddf0f61782d8341008b746a2bb0f15068513368f64ccfd45675a19a4ca9691
resnet,electrode,202,bandpass_n20004_cLL_V1_V4_electrode_s20,phase2/results/predictions/full/electrode/resnet/seed_202/bandpass_n20004_cLL_V1_V4_electrode_s20.npz,76546,b006bb4403c673fe630fba5bd2a79282cc2b119fb038c159979f212c79bb8174
resnet,electrode,202,bandpass_n20004_cLL_V1_V4_electrode_s15,phase2/results/predictions/full/electrode/resnet/seed_202/bandpass_n20004_cLL_V1_V4_electrode_s15.npz,76572,f9a7ed25ad2c9f2de8ce7b9d8a719b4d925632379e217bced0b08b7178c118a6
resnet,electrode,202,bandpass_n20004_cLL_V1_V4_electrode_s10,phase2/results/predictions/full/electrode/resnet/seed_202/bandpass_n20004_cLL_V1_V4_electrode_s10.npz,76471,e149924d4d705f5a34054d11d0cb4056eca3d59d18e52c7702f5cd403f3c9426
resnet,electrode,202,bandpass_n20004_cLL_V1_V4_electrode_s5,phase2/results/predictions/full/electrode/resnet/seed_202/bandpass_n20004_cLL_V1_V4_electrode_s5.npz,76313,5d1205cf46e109b38dd98bb5cebbf10fd31b4f767f9d3e981298d8ef21a97cd9
resnet,electrode,202,bandpass_n20004_cLL_V1_V4_electrode_s0,phase2/results/predictions/full/electrode/resnet/seed_202/bandpass_n20004_cLL_V1_V4_electrode_s0.npz,75860,4238cde598e5c5247ed0cc906e900fddd8cc9e089862ace33a8c80f331d9adad
resnet,electrode,202,bandpass_n20004_cLL_V1_V4_covariance_s20,phase2/results/predictions/full/electrode/resnet/seed_202/bandpass_n20004_cLL_V1_V4_covariance_s20.npz,76567,11a233a3ecd103c1ff62f3b4b9d92093c6fd9a5c66150a55cec5c7bb38f41d18
resnet,electrode,202,bandpass_n20004_cLL_V1_V4_covariance_s15,phase2/results/predictions/full/electrode/resnet/seed_202/bandpass_n20004_cLL_V1_V4_covariance_s15.npz,76561,3518007e1132d57ff8fe4043d0ac12caec6adf9f675846945e0d4f00458c4d1a
resnet,electrode,202,bandpass_n20004_cLL_V1_V4_covariance_s10,phase2/results/predictions/full/electrode/resnet/seed_202/bandpass_n20004_cLL_V1_V4_covariance_s10.npz,76476,f5a242315199672be8c5e006133a4d4db574a767a7ff0aff0ed84debc7770a0e
resnet,electrode,202,bandpass_n20004_cLL_V1_V4_covariance_s5,phase2/results/predictions/full/electrode/resnet/seed_202/bandpass_n20004_cLL_V1_V4_covariance_s5.npz,76305,4f7b4f75397a55705fb9078608a2625b42b473980ef7d119d60c4682ca53e5f4
resnet,electrode,202,bandpass_n20004_cLL_V1_V4_covariance_s0,phase2/results/predictions/full/electrode/resnet/seed_202/bandpass_n20004_cLL_V1_V4_covariance_s0.npz,75909,91bde5f847f5cd0ed5f024e47e6cf80d8e43e3fedcdb1c6e37136128008ce74b
resnet,electrode,202,bandpass_n20004_call_independent_rms_s20,phase2/results/predictions/full/electrode/resnet/seed_202/bandpass_n20004_call_independent_rms_s20.npz,76560,912713330be51e6a3d65b87ccf0557b09f7b4c0661bb80d96f9309a7560337ce
resnet,electrode,202,bandpass_n20004_call_independent_rms_s15,phase2/results/predictions/full/electrode/resnet/seed_202/bandpass_n20004_call_independent_rms_s15.npz,76579,d5e9d051ac0d9af249a04cc2aaf0f164b09c066151cfe56b22f379f92a30dd9b
resnet,electrode,202,bandpass_n20004_call_independent_rms_s10,phase2/results/predictions/full/electrode/resnet/seed_202/bandpass_n20004_call_independent_rms_s10.npz,76538,b1fa2429b30db9ab7c21006ab26c894396345fdb05fd3a65785cc5e188790ecb
resnet,electrode,202,bandpass_n20004_call_independent_rms_s5,phase2/results/predictions/full/electrode/resnet/seed_202/bandpass_n20004_call_independent_rms_s5.npz,76419,79b1168fcea21cbfaafe82680cc9c585365bbe2951b77b6b4be9c6d87ec1e2b6
resnet,electrode,202,bandpass_n20004_call_independent_rms_s0,phase2/results/predictions/full/electrode/resnet/seed_202/bandpass_n20004_call_independent_rms_s0.npz,76079,d99464bd4a3d05f2e39fa0b3d98ba7f4e84de3fc7bae673fed8a697d2b7c968b
resnet,electrode,202,bandpass_n20004_call_electrode_s20,phase2/results/predictions/full/electrode/resnet/seed_202/bandpass_n20004_call_electrode_s20.npz,76527,b346a5f52e00a93e0fb9d961f64ba5c729c894119718423774059e43aa319337
resnet,electrode,202,bandpass_n20004_call_electrode_s15,phase2/results/predictions/full/electrode/resnet/seed_202/bandpass_n20004_call_electrode_s15.npz,76511,8db965b50411a660e1967b4f5470c2f8c55c2202c65db21b4c5683040385d088
resnet,electrode,202,bandpass_n20004_call_electrode_s10,phase2/results/predictions/full/electrode/resnet/seed_202/bandpass_n20004_call_electrode_s10.npz,76480,a7ff79b8bbc11951045507b766e841f06007777d21241998e4ed41241e5980f4
resnet,electrode,202,bandpass_n20004_call_electrode_s5,phase2/results/predictions/full/electrode/resnet/seed_202/bandpass_n20004_call_electrode_s5.npz,76263,b2ba3901dcb7ab24f586a58a4f9f6eac5da9ce21decfdf8bc6a9a09762ea7677
resnet,electrode,202,bandpass_n20004_call_electrode_s0,phase2/results/predictions/full/electrode/resnet/seed_202/bandpass_n20004_call_electrode_s0.npz,75901,8acf54c6ef28be41f5bf9c45bf05b1669d37d11b4649ecf985ddec64c36c4d2e
resnet,electrode,202,bandpass_n20004_call_covariance_s20,phase2/results/predictions/full/electrode/resnet/seed_202/bandpass_n20004_call_covariance_s20.npz,76542,d3806fb4d6e0a07659ed4389a21b566ddbf76456d433c9117d9a164cb85ac80f
resnet,electrode,202,bandpass_n20004_call_covariance_s15,phase2/results/predictions/full/electrode/resnet/seed_202/bandpass_n20004_call_covariance_s15.npz,76518,61a0395199e0eab8a070414f6516514c59c5e6144e6225a53640951875d0b9a7
resnet,electrode,202,bandpass_n20004_call_covariance_s10,phase2/results/predictions/full/electrode/resnet/seed_202/bandpass_n20004_call_covariance_s10.npz,76471,c18a3fbc7b7542fd9c9ea0d5fa18d7fa688e3cd9907014d6ea444d5deed4e243
resnet,electrode,202,bandpass_n20004_call_covariance_s5,phase2/results/predictions/full/electrode/resnet/seed_202/bandpass_n20004_call_covariance_s5.npz,76295,c8d235c407fe867c564e486412b1cb2c2de0d0c5ef79189794bddb07ab94ff60
resnet,electrode,202,bandpass_n20004_call_covariance_s0,phase2/results/predictions/full/electrode/resnet/seed_202/bandpass_n20004_call_covariance_s0.npz,75901,64f46a7b6c0fe58d2c31ca6d4889519e93872bf3436f70e59c72e74f13f2c9ae
resnet,electrode,202,bandpass_n20005_cRA_LA_LL_independent_rms_s20,phase2/results/predictions/full/electrode/resnet/seed_202/bandpass_n20005_cRA_LA_LL_independent_rms_s20.npz,76559,6aeddc22b4bb3b37f86f10b090bd0d52df0468a0e3dce776b7ca2753d8efd98c
resnet,electrode,202,bandpass_n20005_cRA_LA_LL_independent_rms_s15,phase2/results/predictions/full/electrode/resnet/seed_202/bandpass_n20005_cRA_LA_LL_independent_rms_s15.npz,76589,47e31304e7aca54712899148900f8609d31aef3bed9cb9b781480520edf631ce
resnet,electrode,202,bandpass_n20005_cRA_LA_LL_independent_rms_s10,phase2/results/predictions/full/electrode/resnet/seed_202/bandpass_n20005_cRA_LA_LL_independent_rms_s10.npz,76530,3cea2aec1e494d9b15a799f47bb5c331682be786338e8703c72e07e588971ed4
resnet,electrode,202,bandpass_n20005_cRA_LA_LL_independent_rms_s5,phase2/results/predictions/full/electrode/resnet/seed_202/bandpass_n20005_cRA_LA_LL_independent_rms_s5.npz,76412,7091d635cf1cd6ce963fbe0577662c5f9bddc1c773f09e8b027368baa06f9612
resnet,electrode,202,bandpass_n20005_cRA_LA_LL_independent_rms_s0,phase2/results/predictions/full/electrode/resnet/seed_202/bandpass_n20005_cRA_LA_LL_independent_rms_s0.npz,76081,f239c6c4c219aaebdc1ccba2b90a86de0074157dcdc5dd07b0f8db405f44de5f
resnet,electrode,202,bandpass_n20005_cRA_LA_LL_electrode_s20,phase2/results/predictions/full/electrode/resnet/seed_202/bandpass_n20005_cRA_LA_LL_electrode_s20.npz,76555,947249ebe3badc8fa210d14297cb79ace41990e735bc714e062bd8803c7d5f56
resnet,electrode,202,bandpass_n20005_cRA_LA_LL_electrode_s15,phase2/results/predictions/full/electrode/resnet/seed_202/bandpass_n20005_cRA_LA_LL_electrode_s15.npz,76507,ac65f9924c34b6041ac4283001ae2e3942eb4b52634fcb1d02f255c04612f829
resnet,electrode,202,bandpass_n20005_cRA_LA_LL_electrode_s10,phase2/results/predictions/full/electrode/resnet/seed_202/bandpass_n20005_cRA_LA_LL_electrode_s10.npz,76451,99713a5c8bbb99018e7cf5860d7099faf07d5557096e7382e494ac7b5d48ec58
resnet,electrode,202,bandpass_n20005_cRA_LA_LL_electrode_s5,phase2/results/predictions/full/electrode/resnet/seed_202/bandpass_n20005_cRA_LA_LL_electrode_s5.npz,76291,1e75f18428a2f761fbf10b151e9363d35f8ef63ae0fdf1ba34d4534b7382aa7e
resnet,electrode,202,bandpass_n20005_cRA_LA_LL_electrode_s0,phase2/results/predictions/full/electrode/resnet/seed_202/bandpass_n20005_cRA_LA_LL_electrode_s0.npz,75856,268d7022e116454f44c3c2d0cd01dcd2aba1e860701c6991fd81acd276a92382
resnet,electrode,202,bandpass_n20005_cRA_LA_LL_covariance_s20,phase2/results/predictions/full/electrode/resnet/seed_202/bandpass_n20005_cRA_LA_LL_covariance_s20.npz,76578,9c9ecf700a41f32192396595ad7cdefaafd05615fa5d827ab60864a55e804963
resnet,electrode,202,bandpass_n20005_cRA_LA_LL_covariance_s15,phase2/results/predictions/full/electrode/resnet/seed_202/bandpass_n20005_cRA_LA_LL_covariance_s15.npz,76566,da5b05e96286af0b3e748a28625aa97fceac5a54337ba966df76ce1cda9315d1
resnet,electrode,202,bandpass_n20005_cRA_LA_LL_covariance_s10,phase2/results/predictions/full/electrode/resnet/seed_202/bandpass_n20005_cRA_LA_LL_covariance_s10.npz,76463,654ce133183c876e6e00095c03c3c9b431c4c4d65b11121de585000db4cbd90f
resnet,electrode,202,bandpass_n20005_cRA_LA_LL_covariance_s5,phase2/results/predictions/full/electrode/resnet/seed_202/bandpass_n20005_cRA_LA_LL_covariance_s5.npz,76269,ef37449e00c7451f315b477def33e22c0278f206570d0f2862790c6d480b72d9
resnet,electrode,202,bandpass_n20005_cRA_LA_LL_covariance_s0,phase2/results/predictions/full/electrode/resnet/seed_202/bandpass_n20005_cRA_LA_LL_covariance_s0.npz,75857,3ee6d3d4767914ed6e522551217eead6bc747fd51f6f7d5c4472defa6b8ea161
resnet,electrode,202,bandpass_n20005_cV1_independent_rms_s20,phase2/results/predictions/full/electrode/resnet/seed_202/bandpass_n20005_cV1_independent_rms_s20.npz,76559,350c9ea04c0e8d66ed8b013cdf40cde1fb6684b9ce7f5f7013a8656957834d5e
resnet,electrode,202,bandpass_n20005_cV1_independent_rms_s15,phase2/results/predictions/full/electrode/resnet/seed_202/bandpass_n20005_cV1_independent_rms_s15.npz,76554,4abee9f6d7e9bd207dd89b26e67d07d8a584e8ce4f57bb8f547406df79687c9e
resnet,electrode,202,bandpass_n20005_cV1_independent_rms_s10,phase2/results/predictions/full/electrode/resnet/seed_202/bandpass_n20005_cV1_independent_rms_s10.npz,76523,84f6980ac83878c292e2befd335dfcb701dd16f8759d39dbde22593caee9701e
resnet,electrode,202,bandpass_n20005_cV1_independent_rms_s5,phase2/results/predictions/full/electrode/resnet/seed_202/bandpass_n20005_cV1_independent_rms_s5.npz,76328,1eb4eaaa69dc9b32cea7ee895991937a308c24c1434395ce1503a7da1e45c1be
resnet,electrode,202,bandpass_n20005_cV1_independent_rms_s0,phase2/results/predictions/full/electrode/resnet/seed_202/bandpass_n20005_cV1_independent_rms_s0.npz,75850,788873552113dcbf3f61b76c42809a29ecc8e15525f362e3fafdd0abfd201127
resnet,electrode,202,bandpass_n20005_cV1_electrode_s20,phase2/results/predictions/full/electrode/resnet/seed_202/bandpass_n20005_cV1_electrode_s20.npz,76582,3dd2dcbb0ba549dfbf7941077b8baf7a760ddc4927ff0fccdadd4ae24e64d7f0
resnet,electrode,202,bandpass_n20005_cV1_electrode_s15,phase2/results/predictions/full/electrode/resnet/seed_202/bandpass_n20005_cV1_electrode_s15.npz,76535,ada5800faec3361bbe42b15f72fa49081c5306e522d31e1e5cb069a744ffa986
resnet,electrode,202,bandpass_n20005_cV1_electrode_s10,phase2/results/predictions/full/electrode/resnet/seed_202/bandpass_n20005_cV1_electrode_s10.npz,76528,a5dc71311fb86dc96c9223dfd6a233fb29f8bb17699d65e5ff8cdbb1892ec775
resnet,electrode,202,bandpass_n20005_cV1_electrode_s5,phase2/results/predictions/full/electrode/resnet/seed_202/bandpass_n20005_cV1_electrode_s5.npz,76309,4d2cd63743298cc1e22eccf4493be087a049acac82fa389fca74db18ac71018a
resnet,electrode,202,bandpass_n20005_cV1_electrode_s0,phase2/results/predictions/full/electrode/resnet/seed_202/bandpass_n20005_cV1_electrode_s0.npz,75892,9571c6f9b67433667a00405969a760d7c18242c6b7c9de8789815b625737965f
resnet,electrode,202,bandpass_n20005_cV1_covariance_s20,phase2/results/predictions/full/electrode/resnet/seed_202/bandpass_n20005_cV1_covariance_s20.npz,76555,ba51f66ff6345f0dca230ff9b07973bc9b652f29a09d6ec35bfdab8daada655f
resnet,electrode,202,bandpass_n20005_cV1_covariance_s15,phase2/results/predictions/full/electrode/resnet/seed_202/bandpass_n20005_cV1_covariance_s15.npz,76573,600f31588800a776f413f59f82db25e6adc53e9e4c8c5a3d5ee80869c3f38ef5
resnet,electrode,202,bandpass_n20005_cV1_covariance_s10,phase2/results/predictions/full/electrode/resnet/seed_202/bandpass_n20005_cV1_covariance_s10.npz,76496,84cbee03a42ce914b8d97df781badaab21b9416aadab493fcf3dc3f7c7741f02
resnet,electrode,202,bandpass_n20005_cV1_covariance_s5,phase2/results/predictions/full/electrode/resnet/seed_202/bandpass_n20005_cV1_covariance_s5.npz,76289,46f85debc0903ead716d0e8fdb54b00312e35309d4eb01161480b7fdb125172f
resnet,electrode,202,bandpass_n20005_cV1_covariance_s0,phase2/results/predictions/full/electrode/resnet/seed_202/bandpass_n20005_cV1_covariance_s0.npz,75863,7170fb37ad6035b2549eec47b3a0c16808ec8785b6ea39e63e5025c0f826922c
resnet,electrode,202,bandpass_n20005_cV2_independent_rms_s20,phase2/results/predictions/full/electrode/resnet/seed_202/bandpass_n20005_cV2_independent_rms_s20.npz,76572,68d12e5354c8f291f2419d23fdba3ba1bb0a273de76d418ab907a25a4adf3bd6
resnet,electrode,202,bandpass_n20005_cV2_independent_rms_s15,phase2/results/predictions/full/electrode/resnet/seed_202/bandpass_n20005_cV2_independent_rms_s15.npz,76596,5ad99aeb5ea0052778f7a857f5963c9a75b71743ba4049ef9f59c0bbf5283d49
resnet,electrode,202,bandpass_n20005_cV2_independent_rms_s10,phase2/results/predictions/full/electrode/resnet/seed_202/bandpass_n20005_cV2_independent_rms_s10.npz,76537,0c0fd2d75e864b3e68c0e5335367258c8c3b672d6e56563e9923806cc2a04c55
resnet,electrode,202,bandpass_n20005_cV2_independent_rms_s5,phase2/results/predictions/full/electrode/resnet/seed_202/bandpass_n20005_cV2_independent_rms_s5.npz,76456,08f20313cf82e83c669f94b1d64c1c9ba84cb46b87ef2749a34bb3c80d3ce641
resnet,electrode,202,bandpass_n20005_cV2_independent_rms_s0,phase2/results/predictions/full/electrode/resnet/seed_202/bandpass_n20005_cV2_independent_rms_s0.npz,76175,68fb0089069d09a1f64688032780d701d5a512ea7f5a5b248fa5d39fe0d59afe
resnet,electrode,202,bandpass_n20005_cV2_electrode_s20,phase2/results/predictions/full/electrode/resnet/seed_202/bandpass_n20005_cV2_electrode_s20.npz,76564,453c5d0988bd16be6e118cdee9e8aa71874c90770de9933f384e515216d8836d
resnet,electrode,202,bandpass_n20005_cV2_electrode_s15,phase2/results/predictions/full/electrode/resnet/seed_202/bandpass_n20005_cV2_electrode_s15.npz,76543,3db53132f8130452ffdd557f03b2d6d2555ea517212340e3569b86c102fb964d
resnet,electrode,202,bandpass_n20005_cV2_electrode_s10,phase2/results/predictions/full/electrode/resnet/seed_202/bandpass_n20005_cV2_electrode_s10.npz,76533,8c8a4927e756a6c1a353db684b25ab70d0935943cb22dcba687087f0bf6f7f69
resnet,electrode,202,bandpass_n20005_cV2_electrode_s5,phase2/results/predictions/full/electrode/resnet/seed_202/bandpass_n20005_cV2_electrode_s5.npz,76457,030e08b903f9d64eb71358f5740d181f309d436fae9783f10ce0bcaba9a4483c
resnet,electrode,202,bandpass_n20005_cV2_electrode_s0,phase2/results/predictions/full/electrode/resnet/seed_202/bandpass_n20005_cV2_electrode_s0.npz,76182,2a5c714063693ef2005e76020ddbc6c6dd569513390a0777787bc16225899f0d
resnet,electrode,202,bandpass_n20005_cV2_covariance_s20,phase2/results/predictions/full/electrode/resnet/seed_202/bandpass_n20005_cV2_covariance_s20.npz,76570,8a298f2b4f942daadb949dfacb4303efeccbfec9ada9aaad678a620904a2e2de
resnet,electrode,202,bandpass_n20005_cV2_covariance_s15,phase2/results/predictions/full/electrode/resnet/seed_202/bandpass_n20005_cV2_covariance_s15.npz,76545,385c973759686a450b1510575cc1ae62402f41cc3161ad712f8e65abc42e7de7
resnet,electrode,202,bandpass_n20005_cV2_covariance_s10,phase2/results/predictions/full/electrode/resnet/seed_202/bandpass_n20005_cV2_covariance_s10.npz,76542,f20e69475d482dc39139d14a39c3d91663aea3ceb93121cb2e104049cc89085b
resnet,electrode,202,bandpass_n20005_cV2_covariance_s5,phase2/results/predictions/full/electrode/resnet/seed_202/bandpass_n20005_cV2_covariance_s5.npz,76426,0ce8f3f5281f9ea902207251ce5333fe87b84b71958798b33cbcfb04dea60687
resnet,electrode,202,bandpass_n20005_cV2_covariance_s0,phase2/results/predictions/full/electrode/resnet/seed_202/bandpass_n20005_cV2_covariance_s0.npz,76168,4991bad8d067d6a81ba03d47f7997a29f64afb53b09dce41c935f10241f9093b
resnet,electrode,202,bandpass_n20005_cV3_independent_rms_s20,phase2/results/predictions/full/electrode/resnet/seed_202/bandpass_n20005_cV3_independent_rms_s20.npz,76587,7fa18598b98faa0c1a9526215c56b976bf2a1caa8b2ff140f0dbadd55e10cd99
resnet,electrode,202,bandpass_n20005_cV3_independent_rms_s15,phase2/results/predictions/full/electrode/resnet/seed_202/bandpass_n20005_cV3_independent_rms_s15.npz,76573,567a2f3673b77913d56fc09cd3e6dc971711e560158017f03d92f498210e6593
resnet,electrode,202,bandpass_n20005_cV3_independent_rms_s10,phase2/results/predictions/full/electrode/resnet/seed_202/bandpass_n20005_cV3_independent_rms_s10.npz,76553,7528a957a9668b1175194f391e315ee773b63e70114923074a78718a28a8c3ff
resnet,electrode,202,bandpass_n20005_cV3_independent_rms_s5,phase2/results/predictions/full/electrode/resnet/seed_202/bandpass_n20005_cV3_independent_rms_s5.npz,76503,16725312e73c00fbdb831f3be331401f5c5242026dec3d694727d8cc9a00c7b7
resnet,electrode,202,bandpass_n20005_cV3_independent_rms_s0,phase2/results/predictions/full/electrode/resnet/seed_202/bandpass_n20005_cV3_independent_rms_s0.npz,76260,f84334eba6227fd1ea15797eaf0ceaf9d267ae3332589e8d7d1e86c5f1bbf316
resnet,electrode,202,bandpass_n20005_cV3_electrode_s20,phase2/results/predictions/full/electrode/resnet/seed_202/bandpass_n20005_cV3_electrode_s20.npz,76545,3a489842ab3356053942614f2931352448c8a887a3e6b930d1a2f18537682019
resnet,electrode,202,bandpass_n20005_cV3_electrode_s15,phase2/results/predictions/full/electrode/resnet/seed_202/bandpass_n20005_cV3_electrode_s15.npz,76568,23d497dd7dec5375e472a5aab0fb403343d636818d94867120469384c5bb7961
resnet,electrode,202,bandpass_n20005_cV3_electrode_s10,phase2/results/predictions/full/electrode/resnet/seed_202/bandpass_n20005_cV3_electrode_s10.npz,76562,369238d9dc57f148ef4d8064f0d94bd28d79b0fb644c3cbc11dba3ad2920cb06
resnet,electrode,202,bandpass_n20005_cV3_electrode_s5,phase2/results/predictions/full/electrode/resnet/seed_202/bandpass_n20005_cV3_electrode_s5.npz,76425,546531a0d801f0de6bf184bd0b410ab6554e041a6d497824e6319c66f62343e2
resnet,electrode,202,bandpass_n20005_cV3_electrode_s0,phase2/results/predictions/full/electrode/resnet/seed_202/bandpass_n20005_cV3_electrode_s0.npz,76287,d7b1a071ad7b5f855d2f2c3821d4293c6af1c5d91493d7fb93dea2a50f4f6a8f
resnet,electrode,202,bandpass_n20005_cV3_covariance_s20,phase2/results/predictions/full/electrode/resnet/seed_202/bandpass_n20005_cV3_covariance_s20.npz,76527,b7b84c9f76682072109531ff0085d6b2bdfe80e321cee3fb0569dfc29e3cdadb
resnet,electrode,202,bandpass_n20005_cV3_covariance_s15,phase2/results/predictions/full/electrode/resnet/seed_202/bandpass_n20005_cV3_covariance_s15.npz,76538,bddc030be6b4bd2ae284a8cead13b422e0f6dc92db19a1f0ab4ef9cbb1f47120
resnet,electrode,202,bandpass_n20005_cV3_covariance_s10,phase2/results/predictions/full/electrode/resnet/seed_202/bandpass_n20005_cV3_covariance_s10.npz,76521,3e7ab5837abd0c18d34087a2528c633d1395033f9cdcb8c9286f222685c4dbdd
resnet,electrode,202,bandpass_n20005_cV3_covariance_s5,phase2/results/predictions/full/electrode/resnet/seed_202/bandpass_n20005_cV3_covariance_s5.npz,76462,1fa8b9ef426c5611345de41f6bbacd8f8aff9427e1ab6caf63071f71ba489f92
resnet,electrode,202,bandpass_n20005_cV3_covariance_s0,phase2/results/predictions/full/electrode/resnet/seed_202/bandpass_n20005_cV3_covariance_s0.npz,76264,412d85380e85c79adea6b3107266e1064405379a6eba060fdf295a62676f2ab1
resnet,electrode,202,bandpass_n20005_cV4_independent_rms_s20,phase2/results/predictions/full/electrode/resnet/seed_202/bandpass_n20005_cV4_independent_rms_s20.npz,76566,6e9c457a237ac57cd4d8fc835cde280892d0ea8a04b31610c7b63209b370988d
resnet,electrode,202,bandpass_n20005_cV4_independent_rms_s15,phase2/results/predictions/full/electrode/resnet/seed_202/bandpass_n20005_cV4_independent_rms_s15.npz,76566,8d732600dd749871c2376226417d10c8ce829626432620341b4198a47526cbc4
resnet,electrode,202,bandpass_n20005_cV4_independent_rms_s10,phase2/results/predictions/full/electrode/resnet/seed_202/bandpass_n20005_cV4_independent_rms_s10.npz,76532,ec765684bb3f25d13dd9774abf6c3ea9812d93a79331c478810285a90001b7bf
resnet,electrode,202,bandpass_n20005_cV4_independent_rms_s5,phase2/results/predictions/full/electrode/resnet/seed_202/bandpass_n20005_cV4_independent_rms_s5.npz,76420,a5b0ff6f9acb7bc7c36b631af280775ae3b6f7bf2a194ff4f0ece6241a3bb545
resnet,electrode,202,bandpass_n20005_cV4_independent_rms_s0,phase2/results/predictions/full/electrode/resnet/seed_202/bandpass_n20005_cV4_independent_rms_s0.npz,76117,b66d6a22714987198877d4be9640143d185b690f8d6f2017757cc6e3b6dbf74c
resnet,electrode,202,bandpass_n20005_cV4_electrode_s20,phase2/results/predictions/full/electrode/resnet/seed_202/bandpass_n20005_cV4_electrode_s20.npz,76552,ef863d74cc29cbdddfad72d3723f0e6bc9ce39a80ef17788c2024785044c464c
resnet,electrode,202,bandpass_n20005_cV4_electrode_s15,phase2/results/predictions/full/electrode/resnet/seed_202/bandpass_n20005_cV4_electrode_s15.npz,76551,7302708fb22e59b40b34b215572f7e9cb8f6ed03b7c8820f7b25ce9ab979bf9c
resnet,electrode,202,bandpass_n20005_cV4_electrode_s10,phase2/results/predictions/full/electrode/resnet/seed_202/bandpass_n20005_cV4_electrode_s10.npz,76510,82fb675824f56f8b6238b72343944257415bccaf0d2f8c2635e3050949c0b1bc
resnet,electrode,202,bandpass_n20005_cV4_electrode_s5,phase2/results/predictions/full/electrode/resnet/seed_202/bandpass_n20005_cV4_electrode_s5.npz,76446,e5117cf55aaaaaae45bb02d10f0754435f5d4ed9ce869c6a87d64e3a7661e5ff
resnet,electrode,202,bandpass_n20005_cV4_electrode_s0,phase2/results/predictions/full/electrode/resnet/seed_202/bandpass_n20005_cV4_electrode_s0.npz,76115,670a3648b92bfb72875b1e217d9ec654344a418629af001859158f5e03dec72b
resnet,electrode,202,bandpass_n20005_cV4_covariance_s20,phase2/results/predictions/full/electrode/resnet/seed_202/bandpass_n20005_cV4_covariance_s20.npz,76557,fd4b2e51f8d20e5f19e50cc28c362bca060707718d300034bba6f55bc32eef13
resnet,electrode,202,bandpass_n20005_cV4_covariance_s15,phase2/results/predictions/full/electrode/resnet/seed_202/bandpass_n20005_cV4_covariance_s15.npz,76560,515a8fa07133abd175d68dd8ff35cb70cb120ccb86a3f9a1947a483dfeb06dcb
resnet,electrode,202,bandpass_n20005_cV4_covariance_s10,phase2/results/predictions/full/electrode/resnet/seed_202/bandpass_n20005_cV4_covariance_s10.npz,76547,bd02e4d622d60466b04da38db5656d8eba5c5e2e48ad8c2f762acf5e579c8740
resnet,electrode,202,bandpass_n20005_cV4_covariance_s5,phase2/results/predictions/full/electrode/resnet/seed_202/bandpass_n20005_cV4_covariance_s5.npz,76444,73ee1f94eaded07c91f250598dcfabe9b692acafcf639f656baa6079c09080df
resnet,electrode,202,bandpass_n20005_cV4_covariance_s0,phase2/results/predictions/full/electrode/resnet/seed_202/bandpass_n20005_cV4_covariance_s0.npz,76116,4fd548f298fa737c9021ac3e8651c213bdb54a903bd5b7a6ceca8f30a81a306c
resnet,electrode,202,bandpass_n20005_cV5_independent_rms_s20,phase2/results/predictions/full/electrode/resnet/seed_202/bandpass_n20005_cV5_independent_rms_s20.npz,76562,af4dc1f7f32762d1742f660197cf473dc6378eea53f12493012043536b13164a
resnet,electrode,202,bandpass_n20005_cV5_independent_rms_s15,phase2/results/predictions/full/electrode/resnet/seed_202/bandpass_n20005_cV5_independent_rms_s15.npz,76545,29e54272636ad6c8ed9abbb9f8a6df641575b7de1caa32b3bd1766e38ce65908
resnet,electrode,202,bandpass_n20005_cV5_independent_rms_s10,phase2/results/predictions/full/electrode/resnet/seed_202/bandpass_n20005_cV5_independent_rms_s10.npz,76509,526bf94d962945becfff1935b7c2025e5c22b5d5c6fef6f75efb96ab1634abf3
resnet,electrode,202,bandpass_n20005_cV5_independent_rms_s5,phase2/results/predictions/full/electrode/resnet/seed_202/bandpass_n20005_cV5_independent_rms_s5.npz,76400,aa022fa3088c05a8489ef8ae5ed125f5a37b8f2e6cdda8fb4c69c878eeec78cd
resnet,electrode,202,bandpass_n20005_cV5_independent_rms_s0,phase2/results/predictions/full/electrode/resnet/seed_202/bandpass_n20005_cV5_independent_rms_s0.npz,76083,c3a919c9e3b090f9da060910be4133cfc260325f0e642c9d04fb512c43a1f7c1
resnet,electrode,202,bandpass_n20005_cV5_electrode_s20,phase2/results/predictions/full/electrode/resnet/seed_202/bandpass_n20005_cV5_electrode_s20.npz,76545,92a363f6432e03e7ba8d95a84c13224ef6a2c2b70141d232c6e4a97e3af69eca
resnet,electrode,202,bandpass_n20005_cV5_electrode_s15,phase2/results/predictions/full/electrode/resnet/seed_202/bandpass_n20005_cV5_electrode_s15.npz,76534,8cff0dd4116957ceca292ed47f6cfdee8546ad524a6439dbb1dfb4260424814c
resnet,electrode,202,bandpass_n20005_cV5_electrode_s10,phase2/results/predictions/full/electrode/resnet/seed_202/bandpass_n20005_cV5_electrode_s10.npz,76513,4450261e5cf98e00af184215e906d476e0e074a40c4a4f6a1a4ad620a58fa200
resnet,electrode,202,bandpass_n20005_cV5_electrode_s5,phase2/results/predictions/full/electrode/resnet/seed_202/bandpass_n20005_cV5_electrode_s5.npz,76367,ef9dfcbba37e2fd861665df8744d0fc297c8d62740b265f65ca087d4d7224ea3
resnet,electrode,202,bandpass_n20005_cV5_electrode_s0,phase2/results/predictions/full/electrode/resnet/seed_202/bandpass_n20005_cV5_electrode_s0.npz,76032,34670906553a71bff06250b8b2f4cc8a112cc256bb3ac8bf5e5b31dc2e38a30b
resnet,electrode,202,bandpass_n20005_cV5_covariance_s20,phase2/results/predictions/full/electrode/resnet/seed_202/bandpass_n20005_cV5_covariance_s20.npz,76542,2f337869458096dbdc873e3319c3e238ef152e36f7d54677b7b936e39818af37
resnet,electrode,202,bandpass_n20005_cV5_covariance_s15,phase2/results/predictions/full/electrode/resnet/seed_202/bandpass_n20005_cV5_covariance_s15.npz,76518,f6c49384dff58e76b9324c464fe3f9165dee3bec52f926177a05ac514d77b867
resnet,electrode,202,bandpass_n20005_cV5_covariance_s10,phase2/results/predictions/full/electrode/resnet/seed_202/bandpass_n20005_cV5_covariance_s10.npz,76525,7546946786c6a505d6712cfb8e016da15d582ac615a4c9d9c6cc4f696e3e0387
resnet,electrode,202,bandpass_n20005_cV5_covariance_s5,phase2/results/predictions/full/electrode/resnet/seed_202/bandpass_n20005_cV5_covariance_s5.npz,76367,5a5094befc8f43e941090ebc6f56a1744385b942f3f2a327c3a7d387af522cfe
resnet,electrode,202,bandpass_n20005_cV5_covariance_s0,phase2/results/predictions/full/electrode/resnet/seed_202/bandpass_n20005_cV5_covariance_s0.npz,76026,fab1455d1f45dcf9d44fa273dab7811c7a37040c8ad4af99075b090d30740e88
resnet,electrode,202,bandpass_n20005_cV6_independent_rms_s20,phase2/results/predictions/full/electrode/resnet/seed_202/bandpass_n20005_cV6_independent_rms_s20.npz,76599,5b90215391edadfb4a7cf3ecdf0c45dcf1cc4ef6011567b0ec1b82e368479761
resnet,electrode,202,bandpass_n20005_cV6_independent_rms_s15,phase2/results/predictions/full/electrode/resnet/seed_202/bandpass_n20005_cV6_independent_rms_s15.npz,76596,37f66947e4158c3fdb78ead4b5a70d378eaf06e02a53523c9fd7e4e91f1281cf
resnet,electrode,202,bandpass_n20005_cV6_independent_rms_s10,phase2/results/predictions/full/electrode/resnet/seed_202/bandpass_n20005_cV6_independent_rms_s10.npz,76539,7e3fee4acbb63afb2ef24d1ca00d5ec859e8f960f5fe992e7560262f5ef7453c
resnet,electrode,202,bandpass_n20005_cV6_independent_rms_s5,phase2/results/predictions/full/electrode/resnet/seed_202/bandpass_n20005_cV6_independent_rms_s5.npz,76442,9b1cac9f35b4605e7e8867953e1ab55e29726b117809413cab8ea5483c2204fc
resnet,electrode,202,bandpass_n20005_cV6_independent_rms_s0,phase2/results/predictions/full/electrode/resnet/seed_202/bandpass_n20005_cV6_independent_rms_s0.npz,76133,3a9898a16e0debc9079ab237cde0191e6c529991ecf9c68d67cb6b4039737db1
resnet,electrode,202,bandpass_n20005_cV6_electrode_s20,phase2/results/predictions/full/electrode/resnet/seed_202/bandpass_n20005_cV6_electrode_s20.npz,76544,d2fbcd3723195bd3cba6051cc3f7cd423cba3c8f0e3cf81317d12789f50e9ae7
resnet,electrode,202,bandpass_n20005_cV6_electrode_s15,phase2/results/predictions/full/electrode/resnet/seed_202/bandpass_n20005_cV6_electrode_s15.npz,76568,06ff9c41ae768bd0b8a3858c98a79bcfbf4de2609715af905cdf62875ad6642f
resnet,electrode,202,bandpass_n20005_cV6_electrode_s10,phase2/results/predictions/full/electrode/resnet/seed_202/bandpass_n20005_cV6_electrode_s10.npz,76552,8333e0bdfb2b94b923f1f35fb8c537909a023e58ccb5aab19e529110b18b03cc
resnet,electrode,202,bandpass_n20005_cV6_electrode_s5,phase2/results/predictions/full/electrode/resnet/seed_202/bandpass_n20005_cV6_electrode_s5.npz,76434,2b8dd1a0dfa88caf926170ee0c9d604b2ad6ec20256667b532b3dabe92e34362
resnet,electrode,202,bandpass_n20005_cV6_electrode_s0,phase2/results/predictions/full/electrode/resnet/seed_202/bandpass_n20005_cV6_electrode_s0.npz,76114,22363c44ca3e5c6551f11607acaeedfbbad10a1e8c26e323ba352cd1d43a3b4d
resnet,electrode,202,bandpass_n20005_cV6_covariance_s20,phase2/results/predictions/full/electrode/resnet/seed_202/bandpass_n20005_cV6_covariance_s20.npz,76555,477a586015e9115d43cafaf8296e90c0f3645eecb76d1dd37d95f115fbe0ae6f
resnet,electrode,202,bandpass_n20005_cV6_covariance_s15,phase2/results/predictions/full/electrode/resnet/seed_202/bandpass_n20005_cV6_covariance_s15.npz,76558,369fd5f984df2101d297399adc46af10257e1e87ee67fb0861b2b4fa8049f4ed
resnet,electrode,202,bandpass_n20005_cV6_covariance_s10,phase2/results/predictions/full/electrode/resnet/seed_202/bandpass_n20005_cV6_covariance_s10.npz,76531,2f36ddf2a72c43dfb18a2303bd01b37c71b86d89b3b8849251b19814263af05a
resnet,electrode,202,bandpass_n20005_cV6_covariance_s5,phase2/results/predictions/full/electrode/resnet/seed_202/bandpass_n20005_cV6_covariance_s5.npz,76413,7392feb6b58c2c20e9a149a5901f2f9661ca152cc2aa3125103e95182531254c
resnet,electrode,202,bandpass_n20005_cV6_covariance_s0,phase2/results/predictions/full/electrode/resnet/seed_202/bandpass_n20005_cV6_covariance_s0.npz,76074,df2e0c116c565e9d290e3b689d94929e292f47ff2028c98d6e3872add93e8978
resnet,electrode,202,bandpass_n20005_cRA_LA_independent_rms_s20,phase2/results/predictions/full/electrode/resnet/seed_202/bandpass_n20005_cRA_LA_independent_rms_s20.npz,76589,d644fd503ecfefd082833184f6161f6ddd00bd3a4ebda22d57e6c6cd21261683
resnet,electrode,202,bandpass_n20005_cRA_LA_independent_rms_s15,phase2/results/predictions/full/electrode/resnet/seed_202/bandpass_n20005_cRA_LA_independent_rms_s15.npz,76550,2d48cd6d740c288ed12419b9545cc0bdbaf205cb2f2b93149f746d5f8a39df4f
resnet,electrode,202,bandpass_n20005_cRA_LA_independent_rms_s10,phase2/results/predictions/full/electrode/resnet/seed_202/bandpass_n20005_cRA_LA_independent_rms_s10.npz,76549,cc676277d7661d4bd9926714d7546bfc3bfcc418d2575521d17b0659d9e3e86a
resnet,electrode,202,bandpass_n20005_cRA_LA_independent_rms_s5,phase2/results/predictions/full/electrode/resnet/seed_202/bandpass_n20005_cRA_LA_independent_rms_s5.npz,76428,12dba2cc5df2fc3654ae2cb157411444eb265472520be796ca925935bb2f8c97
resnet,electrode,202,bandpass_n20005_cRA_LA_independent_rms_s0,phase2/results/predictions/full/electrode/resnet/seed_202/bandpass_n20005_cRA_LA_independent_rms_s0.npz,76066,0dd8d3c3daf70440b741d959e282f0f162282984fbad59057ae44b60051ee158
resnet,electrode,202,bandpass_n20005_cRA_LA_electrode_s20,phase2/results/predictions/full/electrode/resnet/seed_202/bandpass_n20005_cRA_LA_electrode_s20.npz,76551,2dd3b1f2a172aa126b13d5d38c0394d9b310ac176e8aa49339608f7406a3883a
resnet,electrode,202,bandpass_n20005_cRA_LA_electrode_s15,phase2/results/predictions/full/electrode/resnet/seed_202/bandpass_n20005_cRA_LA_electrode_s15.npz,76500,2b14b1781ace645ba380327438b602a77df0548ab95c79b45c2a4de2101dbf27
resnet,electrode,202,bandpass_n20005_cRA_LA_electrode_s10,phase2/results/predictions/full/electrode/resnet/seed_202/bandpass_n20005_cRA_LA_electrode_s10.npz,76430,b9499653b497a00b6a0a60a2900c2ce3c380f895e291a03120d109e5cd10c880
resnet,electrode,202,bandpass_n20005_cRA_LA_electrode_s5,phase2/results/predictions/full/electrode/resnet/seed_202/bandpass_n20005_cRA_LA_electrode_s5.npz,76274,b62499e01bb9748c9da4de82fded66a4fc46e4042a503c714e7d69428b70d482
resnet,electrode,202,bandpass_n20005_cRA_LA_electrode_s0,phase2/results/predictions/full/electrode/resnet/seed_202/bandpass_n20005_cRA_LA_electrode_s0.npz,75846,bb6304e32410ebf206906cb4b4d951f43bbdb63ad46ddb5646d4745ed76e0043
resnet,electrode,202,bandpass_n20005_cRA_LA_covariance_s20,phase2/results/predictions/full/electrode/resnet/seed_202/bandpass_n20005_cRA_LA_covariance_s20.npz,76573,0eb66620e9dc8805d14ba1759a82efd9e13a60fa0e320ce29c59cb782c0c3147
resnet,electrode,202,bandpass_n20005_cRA_LA_covariance_s15,phase2/results/predictions/full/electrode/resnet/seed_202/bandpass_n20005_cRA_LA_covariance_s15.npz,76551,7b539e493862ff19898b7d4803a1df21c6e1a74944a0d0b622716e6e2e6a8f5b
resnet,electrode,202,bandpass_n20005_cRA_LA_covariance_s10,phase2/results/predictions/full/electrode/resnet/seed_202/bandpass_n20005_cRA_LA_covariance_s10.npz,76464,482ed5c593856cb2aee4d89064a8b4d0c8e4e1818bd7b622d7a1b7baa6f39a69
resnet,electrode,202,bandpass_n20005_cRA_LA_covariance_s5,phase2/results/predictions/full/electrode/resnet/seed_202/bandpass_n20005_cRA_LA_covariance_s5.npz,76244,be982c9d9c9e326ba803d3f40c7cd2b9ab31930c561f8392f36febf3c9c674de
resnet,electrode,202,bandpass_n20005_cRA_LA_covariance_s0,phase2/results/predictions/full/electrode/resnet/seed_202/bandpass_n20005_cRA_LA_covariance_s0.npz,75847,6bcd5a82322f4acfc801951a0af5983ece2b84829564c3c0748486b5c8d0892e
resnet,electrode,202,bandpass_n20005_cLA_LL_independent_rms_s20,phase2/results/predictions/full/electrode/resnet/seed_202/bandpass_n20005_cLA_LL_independent_rms_s20.npz,76571,ecc34d98cea79f5f47b41a97e103b1620abd9e6f0ebcd10cd4b576fb27acc97f
resnet,electrode,202,bandpass_n20005_cLA_LL_independent_rms_s15,phase2/results/predictions/full/electrode/resnet/seed_202/bandpass_n20005_cLA_LL_independent_rms_s15.npz,76573,ad0a9736101b9f6d3833e4f498fc8ac4318367e58e2d2281ee7327b7657d2ff1
resnet,electrode,202,bandpass_n20005_cLA_LL_independent_rms_s10,phase2/results/predictions/full/electrode/resnet/seed_202/bandpass_n20005_cLA_LL_independent_rms_s10.npz,76544,8a0ff06b6123a894e5745784b3985421eee968a74d12228e1f5814877af429b8
resnet,electrode,202,bandpass_n20005_cLA_LL_independent_rms_s5,phase2/results/predictions/full/electrode/resnet/seed_202/bandpass_n20005_cLA_LL_independent_rms_s5.npz,76410,9cad6117a6dd99aff4e9b1de72157f9f411a9631c0c3b7c4476a6b1455b9fa6a
resnet,electrode,202,bandpass_n20005_cLA_LL_independent_rms_s0,phase2/results/predictions/full/electrode/resnet/seed_202/bandpass_n20005_cLA_LL_independent_rms_s0.npz,76058,f5ee4e5f60978c994f8666f96f2511f64163dd26800fd0ca44a98a27e50ab853
resnet,electrode,202,bandpass_n20005_cLA_LL_electrode_s20,phase2/results/predictions/full/electrode/resnet/seed_202/bandpass_n20005_cLA_LL_electrode_s20.npz,76557,139539f389a7e9ecd7ad1f57aa0098441943882ffa5c6e9592b8117acdf6f093
resnet,electrode,202,bandpass_n20005_cLA_LL_electrode_s15,phase2/results/predictions/full/electrode/resnet/seed_202/bandpass_n20005_cLA_LL_electrode_s15.npz,76517,a70966e07a723006b412cf02b4da61a3970d8249c08d5f08f99fe794203b0f92
resnet,electrode,202,bandpass_n20005_cLA_LL_electrode_s10,phase2/results/predictions/full/electrode/resnet/seed_202/bandpass_n20005_cLA_LL_electrode_s10.npz,76488,400fc70dee66a4bb5e42456890ca385f2c44d065e2f733617e917e2ec789377d
resnet,electrode,202,bandpass_n20005_cLA_LL_electrode_s5,phase2/results/predictions/full/electrode/resnet/seed_202/bandpass_n20005_cLA_LL_electrode_s5.npz,76268,99084d4833bfae7498a48e5c97058868f926a603cf7517fb0b6df49de8f8bc6e
resnet,electrode,202,bandpass_n20005_cLA_LL_electrode_s0,phase2/results/predictions/full/electrode/resnet/seed_202/bandpass_n20005_cLA_LL_electrode_s0.npz,75797,03794fe917ed2b2d176ba04c9bc8d97aaffd4974e6415022b350a8edb9abd10f
resnet,electrode,202,bandpass_n20005_cLA_LL_covariance_s20,phase2/results/predictions/full/electrode/resnet/seed_202/bandpass_n20005_cLA_LL_covariance_s20.npz,76557,56d03ec7bf008e216d8275db3962f62f224d6b613edcfd92e8d078fb8ae27a96
resnet,electrode,202,bandpass_n20005_cLA_LL_covariance_s15,phase2/results/predictions/full/electrode/resnet/seed_202/bandpass_n20005_cLA_LL_covariance_s15.npz,76517,f73cd51f8e282259d82f574940c7988a6b7ad801848b22fe6960b459d5f9c2ac
resnet,electrode,202,bandpass_n20005_cLA_LL_covariance_s10,phase2/results/predictions/full/electrode/resnet/seed_202/bandpass_n20005_cLA_LL_covariance_s10.npz,76473,bde08aa0e480ed4967779a8b1016f160cbda12b51b53173f27c023e7dfc90b21
resnet,electrode,202,bandpass_n20005_cLA_LL_covariance_s5,phase2/results/predictions/full/electrode/resnet/seed_202/bandpass_n20005_cLA_LL_covariance_s5.npz,76260,9457818fe22f2e3d483157093961a6c0460a23da4545ce993852e02e7669220d
resnet,electrode,202,bandpass_n20005_cLA_LL_covariance_s0,phase2/results/predictions/full/electrode/resnet/seed_202/bandpass_n20005_cLA_LL_covariance_s0.npz,75851,3b85bb6462b30d1857cec70ed40fbe8cc1b6a558bb2523e37304a40fdcf89352
resnet,electrode,202,bandpass_n20005_cRA_LL_independent_rms_s20,phase2/results/predictions/full/electrode/resnet/seed_202/bandpass_n20005_cRA_LL_independent_rms_s20.npz,76547,244770b93405567f2a69b9cd5e2952af97b97e45fde56c1fda2397a7faf819d3
resnet,electrode,202,bandpass_n20005_cRA_LL_independent_rms_s15,phase2/results/predictions/full/electrode/resnet/seed_202/bandpass_n20005_cRA_LL_independent_rms_s15.npz,76581,6b0535e7e832f3620ff24db938a58db04210511900bd8550308082beea458f68
resnet,electrode,202,bandpass_n20005_cRA_LL_independent_rms_s10,phase2/results/predictions/full/electrode/resnet/seed_202/bandpass_n20005_cRA_LL_independent_rms_s10.npz,76522,6c1afd59ad8c0b1dccc30274ef33b7aeb114faec836c2fbf2855c9ccaa75024c
resnet,electrode,202,bandpass_n20005_cRA_LL_independent_rms_s5,phase2/results/predictions/full/electrode/resnet/seed_202/bandpass_n20005_cRA_LL_independent_rms_s5.npz,76424,5357532a91a1957078ab7fc4e4975d67c22752b6b4ccb34cd43a53626dd1ceab
resnet,electrode,202,bandpass_n20005_cRA_LL_independent_rms_s0,phase2/results/predictions/full/electrode/resnet/seed_202/bandpass_n20005_cRA_LL_independent_rms_s0.npz,76072,068fe7fd516da754fabc278d37441fc1f178ebeb9c43ec75b8b96d3d041a2347
resnet,electrode,202,bandpass_n20005_cRA_LL_electrode_s20,phase2/results/predictions/full/electrode/resnet/seed_202/bandpass_n20005_cRA_LL_electrode_s20.npz,76553,06cea8d3cf30f7e52437090a03a7f0782ace9a577f51f622bf18fed62df18eeb
resnet,electrode,202,bandpass_n20005_cRA_LL_electrode_s15,phase2/results/predictions/full/electrode/resnet/seed_202/bandpass_n20005_cRA_LL_electrode_s15.npz,76541,f3b6c4f0d402e6e3eb49faa4c73e9a6cf8cf3cf91f2feb2f436da1dee1f31c98
resnet,electrode,202,bandpass_n20005_cRA_LL_electrode_s10,phase2/results/predictions/full/electrode/resnet/seed_202/bandpass_n20005_cRA_LL_electrode_s10.npz,76438,934f44dfef91a05ccda31fb59bc23af37960e73c6e8b6876ab630c489b005f3e
resnet,electrode,202,bandpass_n20005_cRA_LL_electrode_s5,phase2/results/predictions/full/electrode/resnet/seed_202/bandpass_n20005_cRA_LL_electrode_s5.npz,76289,f01631c8d549539588cd1857070e49eba66aee98b7df9f65c628e123fdee7ffe
resnet,electrode,202,bandpass_n20005_cRA_LL_electrode_s0,phase2/results/predictions/full/electrode/resnet/seed_202/bandpass_n20005_cRA_LL_electrode_s0.npz,75866,1e3b31203d757c1ec401e45aba8787025b9e2484831283dbe29babfe190ef0b5
resnet,electrode,202,bandpass_n20005_cRA_LL_covariance_s20,phase2/results/predictions/full/electrode/resnet/seed_202/bandpass_n20005_cRA_LL_covariance_s20.npz,76566,0777e0eacf17731f8a9fa42e60bf411f11c05c7f89d7333f0335d6c3ff1e0566
resnet,electrode,202,bandpass_n20005_cRA_LL_covariance_s15,phase2/results/predictions/full/electrode/resnet/seed_202/bandpass_n20005_cRA_LL_covariance_s15.npz,76514,18c23737b88331802f26a1ad2a9f026450245e1620f7923774a3f1f212035b15
resnet,electrode,202,bandpass_n20005_cRA_LL_covariance_s10,phase2/results/predictions/full/electrode/resnet/seed_202/bandpass_n20005_cRA_LL_covariance_s10.npz,76466,0682d26ea47853c9a1e72d497a65f52ee3e4ab05eec4e49cef796456300a318a
resnet,electrode,202,bandpass_n20005_cRA_LL_covariance_s5,phase2/results/predictions/full/electrode/resnet/seed_202/bandpass_n20005_cRA_LL_covariance_s5.npz,76266,d0b3acd53371df5f6e13f1617c91d9bddeebeafa36ecced94022e25ab6838d03
resnet,electrode,202,bandpass_n20005_cRA_LL_covariance_s0,phase2/results/predictions/full/electrode/resnet/seed_202/bandpass_n20005_cRA_LL_covariance_s0.npz,75824,985f94c86ffc85cf5c22d474368dfebb49376d3d4cfe8963eafd39eeb3fabb7f
resnet,electrode,202,bandpass_n20005_cRA_independent_rms_s20,phase2/results/predictions/full/electrode/resnet/seed_202/bandpass_n20005_cRA_independent_rms_s20.npz,76553,2a40897a12c2ff17741fca0e28905a5f31a213b82082e5543d7ada7c857d2b75
resnet,electrode,202,bandpass_n20005_cRA_independent_rms_s15,phase2/results/predictions/full/electrode/resnet/seed_202/bandpass_n20005_cRA_independent_rms_s15.npz,76545,47d227e15fa88c5227c50711cdec08f865cf5ec50bcf365f15bcfd1e8dcf73e3
resnet,electrode,202,bandpass_n20005_cRA_independent_rms_s10,phase2/results/predictions/full/electrode/resnet/seed_202/bandpass_n20005_cRA_independent_rms_s10.npz,76552,94ed2c97aa5e671d9fa4bbe283f2aac2931b6d59a82dfe0f9fc12363722086a7
resnet,electrode,202,bandpass_n20005_cRA_independent_rms_s5,phase2/results/predictions/full/electrode/resnet/seed_202/bandpass_n20005_cRA_independent_rms_s5.npz,76383,1318f4f2e8f9387b363c5f2d621dc2d501a58da3000dbd6d1b7a98ab16cf5ee4
resnet,electrode,202,bandpass_n20005_cRA_independent_rms_s0,phase2/results/predictions/full/electrode/resnet/seed_202/bandpass_n20005_cRA_independent_rms_s0.npz,76070,5a7f85be374da105a7687c3402f19dbc2ca45ea23d63f3208bd54774f8ca782e
resnet,electrode,202,bandpass_n20005_cRA_electrode_s20,phase2/results/predictions/full/electrode/resnet/seed_202/bandpass_n20005_cRA_electrode_s20.npz,76554,76b85dfd4a5fdffdb2ee6b0b4c857bcc5d42c42630ec1e2f1bb9921d62ae6382
resnet,electrode,202,bandpass_n20005_cRA_electrode_s15,phase2/results/predictions/full/electrode/resnet/seed_202/bandpass_n20005_cRA_electrode_s15.npz,76494,a65cc4c07f972e7bd491053859d388a6f618a5c19e66a356e795902125da1f53
resnet,electrode,202,bandpass_n20005_cRA_electrode_s10,phase2/results/predictions/full/electrode/resnet/seed_202/bandpass_n20005_cRA_electrode_s10.npz,76413,2f81286bebb88992af9bfd50e66af8ec9485904f9bc826a578a11622c7233a12
resnet,electrode,202,bandpass_n20005_cRA_electrode_s5,phase2/results/predictions/full/electrode/resnet/seed_202/bandpass_n20005_cRA_electrode_s5.npz,76272,2e5fe54b56b802878d3ca76667ecd5da088b4d3f89132656b89bb8616710324c
resnet,electrode,202,bandpass_n20005_cRA_electrode_s0,phase2/results/predictions/full/electrode/resnet/seed_202/bandpass_n20005_cRA_electrode_s0.npz,75933,f4520e18f41775d94f2dd5443d335ab668caa3cca0c28fb347269aa44ca1eaaa
resnet,electrode,202,bandpass_n20005_cRA_covariance_s20,phase2/results/predictions/full/electrode/resnet/seed_202/bandpass_n20005_cRA_covariance_s20.npz,76544,a3433a05577a91844f670a044040008b20d220c3c1d40ead1426119781920810
resnet,electrode,202,bandpass_n20005_cRA_covariance_s15,phase2/results/predictions/full/electrode/resnet/seed_202/bandpass_n20005_cRA_covariance_s15.npz,76528,081a9b17a0b7ae9dcda3e3e3c786d7fa63faefb0372add35bb90340eeadb13b3
resnet,electrode,202,bandpass_n20005_cRA_covariance_s10,phase2/results/predictions/full/electrode/resnet/seed_202/bandpass_n20005_cRA_covariance_s10.npz,76470,d2d08023a1aa890767e81df36adebedd9c791b13441b459e79b3723c2d3041d2
resnet,electrode,202,bandpass_n20005_cRA_covariance_s5,phase2/results/predictions/full/electrode/resnet/seed_202/bandpass_n20005_cRA_covariance_s5.npz,76283,ee784521cc642c50c1cfd7368a90597d6515564e2e773224b5c6138fa38b4d22
resnet,electrode,202,bandpass_n20005_cRA_covariance_s0,phase2/results/predictions/full/electrode/resnet/seed_202/bandpass_n20005_cRA_covariance_s0.npz,75969,aeb2e8898d9204004b947c12b4d263b02a55a5417862b32e4396cf0705853f69
resnet,electrode,202,bandpass_n20005_cLA_independent_rms_s20,phase2/results/predictions/full/electrode/resnet/seed_202/bandpass_n20005_cLA_independent_rms_s20.npz,76569,92eb3ef34e2ad7cf86c9f85673e45609dee992fc867d00879340e95c98f423e1
resnet,electrode,202,bandpass_n20005_cLA_independent_rms_s15,phase2/results/predictions/full/electrode/resnet/seed_202/bandpass_n20005_cLA_independent_rms_s15.npz,76593,49177d4b0461749d4feba017871bef0563b502f6ee436e51e524ec8467324335
resnet,electrode,202,bandpass_n20005_cLA_independent_rms_s10,phase2/results/predictions/full/electrode/resnet/seed_202/bandpass_n20005_cLA_independent_rms_s10.npz,76546,ac28665279a19254797ecfb4f227963660608a70476e08a34f2917552be9fd18
resnet,electrode,202,bandpass_n20005_cLA_independent_rms_s5,phase2/results/predictions/full/electrode/resnet/seed_202/bandpass_n20005_cLA_independent_rms_s5.npz,76414,273365fb9035ceb99422b955eb2581ce5247d3217869bd61e9a149ad1894ca7b
resnet,electrode,202,bandpass_n20005_cLA_independent_rms_s0,phase2/results/predictions/full/electrode/resnet/seed_202/bandpass_n20005_cLA_independent_rms_s0.npz,76049,6deffcba89696c11d9e6a8b3a7ebf57961d8c324e160537760261cb2aa2bfe97
resnet,electrode,202,bandpass_n20005_cLA_electrode_s20,phase2/results/predictions/full/electrode/resnet/seed_202/bandpass_n20005_cLA_electrode_s20.npz,76536,3c40d5790c3883996833a2772b2b8dc0777f894bd82079235b3180dfae324031
resnet,electrode,202,bandpass_n20005_cLA_electrode_s15,phase2/results/predictions/full/electrode/resnet/seed_202/bandpass_n20005_cLA_electrode_s15.npz,76549,406519e5ec3b610dda7c3ba46362f7077d6f1597fb6d09115b5c1fcb267aa594
resnet,electrode,202,bandpass_n20005_cLA_electrode_s10,phase2/results/predictions/full/electrode/resnet/seed_202/bandpass_n20005_cLA_electrode_s10.npz,76447,fb10e1afd560df7815c0793906ce98d5a52b7567b4445b0f0dbc8c47684e0ae7
resnet,electrode,202,bandpass_n20005_cLA_electrode_s5,phase2/results/predictions/full/electrode/resnet/seed_202/bandpass_n20005_cLA_electrode_s5.npz,76251,883386dc761a3dd9b00929ce71acea204e8346f400074e1c2dad06c28a18f08c
resnet,electrode,202,bandpass_n20005_cLA_electrode_s0,phase2/results/predictions/full/electrode/resnet/seed_202/bandpass_n20005_cLA_electrode_s0.npz,75857,55a13c6c0c2d56c1e9b76f08a437b511fdb0b6657f8161ee59ba926f722e2a85
resnet,electrode,202,bandpass_n20005_cLA_covariance_s20,phase2/results/predictions/full/electrode/resnet/seed_202/bandpass_n20005_cLA_covariance_s20.npz,76551,dcf073dcc912c674a6a55a91f04731a4c0e8f330309a78d9799840cc8edb6d21
resnet,electrode,202,bandpass_n20005_cLA_covariance_s15,phase2/results/predictions/full/electrode/resnet/seed_202/bandpass_n20005_cLA_covariance_s15.npz,76524,2e0c9e8f58c1e71d01a6e97696565cf04fc2b58e428d33a1b037393e56761793
resnet,electrode,202,bandpass_n20005_cLA_covariance_s10,phase2/results/predictions/full/electrode/resnet/seed_202/bandpass_n20005_cLA_covariance_s10.npz,76464,1828e9a5c481a29c3ef4535dc6d4b887f2912ebf13042645f37c441629384e45
resnet,electrode,202,bandpass_n20005_cLA_covariance_s5,phase2/results/predictions/full/electrode/resnet/seed_202/bandpass_n20005_cLA_covariance_s5.npz,76223,f1e4341c93ad702a4da541be0da9f3beb8f32a2b6070514b6caff08b399d90ec
resnet,electrode,202,bandpass_n20005_cLA_covariance_s0,phase2/results/predictions/full/electrode/resnet/seed_202/bandpass_n20005_cLA_covariance_s0.npz,75859,701ccb111a26b095cb18c407e2535a17a590476303b44c9c642178b71389db8f
resnet,electrode,202,bandpass_n20005_cLL_independent_rms_s20,phase2/results/predictions/full/electrode/resnet/seed_202/bandpass_n20005_cLL_independent_rms_s20.npz,76574,27e0a2c309aee01cc078a42e4ec214ab9b25f9244d1729e96fb2ad5ec9e82c73
resnet,electrode,202,bandpass_n20005_cLL_independent_rms_s15,phase2/results/predictions/full/electrode/resnet/seed_202/bandpass_n20005_cLL_independent_rms_s15.npz,76586,e53ecbc39dc20044e3744066c5b475d56022db482b9f971c23da6c8d86c4dab5
resnet,electrode,202,bandpass_n20005_cLL_independent_rms_s10,phase2/results/predictions/full/electrode/resnet/seed_202/bandpass_n20005_cLL_independent_rms_s10.npz,76530,908a3bc1e6ec5fd74a4eb95833349a50247d43b19f648a7014d135edd17c4504
resnet,electrode,202,bandpass_n20005_cLL_independent_rms_s5,phase2/results/predictions/full/electrode/resnet/seed_202/bandpass_n20005_cLL_independent_rms_s5.npz,76437,bb9c6c833b777f3ddb88d3114cd30c54379014a0349508da849285b9e070a315
resnet,electrode,202,bandpass_n20005_cLL_independent_rms_s0,phase2/results/predictions/full/electrode/resnet/seed_202/bandpass_n20005_cLL_independent_rms_s0.npz,76073,eac2c5717bcf4314aea50a415d4b51f2199ee43eaa066db7f8432c8879d6adca
resnet,electrode,202,bandpass_n20005_cLL_electrode_s20,phase2/results/predictions/full/electrode/resnet/seed_202/bandpass_n20005_cLL_electrode_s20.npz,76576,99a48a825a6baeed059c9256e25b54b3475f77ba8679b298751e1380d42b4053
resnet,electrode,202,bandpass_n20005_cLL_electrode_s15,phase2/results/predictions/full/electrode/resnet/seed_202/bandpass_n20005_cLL_electrode_s15.npz,76520,d2afb9c685333111ec79197fca66b6ad5bd8809f587be1451d6d4d9531fbbda5
resnet,electrode,202,bandpass_n20005_cLL_electrode_s10,phase2/results/predictions/full/electrode/resnet/seed_202/bandpass_n20005_cLL_electrode_s10.npz,76444,35ecc29a63213d5adf4a7a5a61da1b3bd73dfa507f8528166a8879ee575fa9b1
resnet,electrode,202,bandpass_n20005_cLL_electrode_s5,phase2/results/predictions/full/electrode/resnet/seed_202/bandpass_n20005_cLL_electrode_s5.npz,76183,c88f9cff63b074ec6dd0bc36bf37f9a1c19a544616f0eced8441e4ab6d3508a6
resnet,electrode,202,bandpass_n20005_cLL_electrode_s0,phase2/results/predictions/full/electrode/resnet/seed_202/bandpass_n20005_cLL_electrode_s0.npz,75834,ee67ade047f9c29b5a49c7d861c00430241e9e708a07e971b6fd81ca2f11cc85
resnet,electrode,202,bandpass_n20005_cLL_covariance_s20,phase2/results/predictions/full/electrode/resnet/seed_202/bandpass_n20005_cLL_covariance_s20.npz,76567,e22bfc104e9e97d78268d91d52bf0994dc781d9e8017abfda0f737621546c05b
resnet,electrode,202,bandpass_n20005_cLL_covariance_s15,phase2/results/predictions/full/electrode/resnet/seed_202/bandpass_n20005_cLL_covariance_s15.npz,76525,0502bfeaf7a71e40f860b070f905863bb9b47feeae9fb7680e19e70f68c91b27
resnet,electrode,202,bandpass_n20005_cLL_covariance_s10,phase2/results/predictions/full/electrode/resnet/seed_202/bandpass_n20005_cLL_covariance_s10.npz,76423,33fb9943647c77cd8e62ccd5ae78e7e068b8ad7ca77b17e65394f33b1bb8168c
resnet,electrode,202,bandpass_n20005_cLL_covariance_s5,phase2/results/predictions/full/electrode/resnet/seed_202/bandpass_n20005_cLL_covariance_s5.npz,76218,1236346cfb8eef33fc8e559be66156ab3c8ed8df232481cd8c1930ac791f2866
resnet,electrode,202,bandpass_n20005_cLL_covariance_s0,phase2/results/predictions/full/electrode/resnet/seed_202/bandpass_n20005_cLL_covariance_s0.npz,75821,69b1f7f4d09c8d22d66cb648fe9cdec2fa6ef74bb5f30c4102a177e7ccd3216c
resnet,electrode,202,bandpass_n20005_cRA_V1_independent_rms_s20,phase2/results/predictions/full/electrode/resnet/seed_202/bandpass_n20005_cRA_V1_independent_rms_s20.npz,76548,82de8c36e0aeefc2017e131dd12c379d02e52b34752699e9f678d8517aca240e
resnet,electrode,202,bandpass_n20005_cRA_V1_independent_rms_s15,phase2/results/predictions/full/electrode/resnet/seed_202/bandpass_n20005_cRA_V1_independent_rms_s15.npz,76568,b3e8b5cc8abee2a3a1f48341e37a79e5bd2e934189d38a6bfe4191986f87b689
resnet,electrode,202,bandpass_n20005_cRA_V1_independent_rms_s10,phase2/results/predictions/full/electrode/resnet/seed_202/bandpass_n20005_cRA_V1_independent_rms_s10.npz,76514,8c1e1f592f986f60f9a56f71c25844fbb0a35b94931ca2c9887565fee969b83e
resnet,electrode,202,bandpass_n20005_cRA_V1_independent_rms_s5,phase2/results/predictions/full/electrode/resnet/seed_202/bandpass_n20005_cRA_V1_independent_rms_s5.npz,76382,25cc4050448e9fcaf02458849df450f2fe282a93b48adc239b18a08e6d76ac3d
resnet,electrode,202,bandpass_n20005_cRA_V1_independent_rms_s0,phase2/results/predictions/full/electrode/resnet/seed_202/bandpass_n20005_cRA_V1_independent_rms_s0.npz,76012,0ac7af0e5d89e6b39e3dc71a25e018be44796e320f9b61a258dc2f05fcbd7e6b
resnet,electrode,202,bandpass_n20005_cRA_V1_electrode_s20,phase2/results/predictions/full/electrode/resnet/seed_202/bandpass_n20005_cRA_V1_electrode_s20.npz,76578,baf9821124b6b24d7efa7b1ef088c679d88617b8555906beaf6782e79ddc7081
resnet,electrode,202,bandpass_n20005_cRA_V1_electrode_s15,phase2/results/predictions/full/electrode/resnet/seed_202/bandpass_n20005_cRA_V1_electrode_s15.npz,76515,a6d7dfe11066fd0c73607581f2f7653500082f361bd50fe80f41d520d787a190
resnet,electrode,202,bandpass_n20005_cRA_V1_electrode_s10,phase2/results/predictions/full/electrode/resnet/seed_202/bandpass_n20005_cRA_V1_electrode_s10.npz,76465,6fee080d5da1c5ee25067190bfb94080c40bff85ce2fc625401d9ea74fcf11bc
resnet,electrode,202,bandpass_n20005_cRA_V1_electrode_s5,phase2/results/predictions/full/electrode/resnet/seed_202/bandpass_n20005_cRA_V1_electrode_s5.npz,76261,be605de1360912cc838cb1ac224fb713568d7f7a059fbe14413c98df7a16ddf8
resnet,electrode,202,bandpass_n20005_cRA_V1_electrode_s0,phase2/results/predictions/full/electrode/resnet/seed_202/bandpass_n20005_cRA_V1_electrode_s0.npz,75931,1ab575d1707b2589d86ef767c3eb70009482d63063711b7285a87c2702c62bae
resnet,electrode,202,bandpass_n20005_cRA_V1_covariance_s20,phase2/results/predictions/full/electrode/resnet/seed_202/bandpass_n20005_cRA_V1_covariance_s20.npz,76558,d3af10f43b844664b4b3dd469f9114fc60649a43786912b1c5b8f3353cd21e13
resnet,electrode,202,bandpass_n20005_cRA_V1_covariance_s15,phase2/results/predictions/full/electrode/resnet/seed_202/bandpass_n20005_cRA_V1_covariance_s15.npz,76515,c21a2f6a4d337de0238daef459b3cd5ffba6d9d910ff75ea46a55d782f3545ce
resnet,electrode,202,bandpass_n20005_cRA_V1_covariance_s10,phase2/results/predictions/full/electrode/resnet/seed_202/bandpass_n20005_cRA_V1_covariance_s10.npz,76482,a51aeda830550db09bb497fc52eac288119a12a11f18337d0f4921c4d2cab88a
resnet,electrode,202,bandpass_n20005_cRA_V1_covariance_s5,phase2/results/predictions/full/electrode/resnet/seed_202/bandpass_n20005_cRA_V1_covariance_s5.npz,76304,946dbe61368519761fab1e5c4f13cf6cf8c13b37dbd58aa3c81140055ca65c08
resnet,electrode,202,bandpass_n20005_cRA_V1_covariance_s0,phase2/results/predictions/full/electrode/resnet/seed_202/bandpass_n20005_cRA_V1_covariance_s0.npz,75939,371c77d047be7ed105703048964836612e269895617e63d7f2631b1027b99f22
resnet,electrode,202,bandpass_n20005_cLA_V6_independent_rms_s20,phase2/results/predictions/full/electrode/resnet/seed_202/bandpass_n20005_cLA_V6_independent_rms_s20.npz,76597,105ba781b412f60bb6e456a2da4687d6f07991fc3a12e87ce81a3cf6b99f7c4b
resnet,electrode,202,bandpass_n20005_cLA_V6_independent_rms_s15,phase2/results/predictions/full/electrode/resnet/seed_202/bandpass_n20005_cLA_V6_independent_rms_s15.npz,76597,becb47f871b657ba5c3e8e99246a4f785c9769f805e440b3507fc20e92fd9f6f
resnet,electrode,202,bandpass_n20005_cLA_V6_independent_rms_s10,phase2/results/predictions/full/electrode/resnet/seed_202/bandpass_n20005_cLA_V6_independent_rms_s10.npz,76551,f6929852a32f464bca3794e2b260e5e9ca588837860666bc476a5f0793cf3f4d
resnet,electrode,202,bandpass_n20005_cLA_V6_independent_rms_s5,phase2/results/predictions/full/electrode/resnet/seed_202/bandpass_n20005_cLA_V6_independent_rms_s5.npz,76441,c5cb9f10a3d64d408ef9157902a1779b77d79b4d09914275077a20393297f613
resnet,electrode,202,bandpass_n20005_cLA_V6_independent_rms_s0,phase2/results/predictions/full/electrode/resnet/seed_202/bandpass_n20005_cLA_V6_independent_rms_s0.npz,76086,b571f4573edced009d7e8f68040af89500460ebabd2108d8f8e84506813a4978
resnet,electrode,202,bandpass_n20005_cLA_V6_electrode_s20,phase2/results/predictions/full/electrode/resnet/seed_202/bandpass_n20005_cLA_V6_electrode_s20.npz,76564,ae10914d477f16e899b7e417218e5205e45c3f6e1700deda96ab3302bd6ee786
resnet,electrode,202,bandpass_n20005_cLA_V6_electrode_s15,phase2/results/predictions/full/electrode/resnet/seed_202/bandpass_n20005_cLA_V6_electrode_s15.npz,76605,e336c4dec1b7d8e3fc9bd9032b00c3815c6956d3042b52de5fe84659ad8dd26d
resnet,electrode,202,bandpass_n20005_cLA_V6_electrode_s10,phase2/results/predictions/full/electrode/resnet/seed_202/bandpass_n20005_cLA_V6_electrode_s10.npz,76497,ccc883d3204bf9cb16a54312ca7efbfd5018d64b579e37b41221ee53ce78c6b5
resnet,electrode,202,bandpass_n20005_cLA_V6_electrode_s5,phase2/results/predictions/full/electrode/resnet/seed_202/bandpass_n20005_cLA_V6_electrode_s5.npz,76282,f01d2b7a1233bfcf4b94a589df79cf7948a5245459bb3ca0ccb2a81d732cb6a4
resnet,electrode,202,bandpass_n20005_cLA_V6_electrode_s0,phase2/results/predictions/full/electrode/resnet/seed_202/bandpass_n20005_cLA_V6_electrode_s0.npz,75881,f7525b7ee7d8f93ef97ef14e58189e05ec48d814f7b06dd6d6281789a2aa4bf2
resnet,electrode,202,bandpass_n20005_cLA_V6_covariance_s20,phase2/results/predictions/full/electrode/resnet/seed_202/bandpass_n20005_cLA_V6_covariance_s20.npz,76548,192e8ba3f0edfd7de1671c77893fc1c0ce9809efc3bb47c5a318c1199091b434
resnet,electrode,202,bandpass_n20005_cLA_V6_covariance_s15,phase2/results/predictions/full/electrode/resnet/seed_202/bandpass_n20005_cLA_V6_covariance_s15.npz,76578,eb6de8960ba055e70f341b0ced7c6505029205c10564a224b14e2f2417ff6d08
resnet,electrode,202,bandpass_n20005_cLA_V6_covariance_s10,phase2/results/predictions/full/electrode/resnet/seed_202/bandpass_n20005_cLA_V6_covariance_s10.npz,76502,de66e52e4cf10ee33f0d8eaf8d547a13c53ae919e247f8072fe43cca53b83a6b
resnet,electrode,202,bandpass_n20005_cLA_V6_covariance_s5,phase2/results/predictions/full/electrode/resnet/seed_202/bandpass_n20005_cLA_V6_covariance_s5.npz,76315,b1b3441f83f0cbf63d35332864499c7c20a295e7ee456527152a3410c648fa96
resnet,electrode,202,bandpass_n20005_cLA_V6_covariance_s0,phase2/results/predictions/full/electrode/resnet/seed_202/bandpass_n20005_cLA_V6_covariance_s0.npz,75888,912e17134bf7055d719209013b9a54a1eb6e2f87ac07f9e603b2dc679a26403c
resnet,electrode,202,bandpass_n20005_cLL_V4_independent_rms_s20,phase2/results/predictions/full/electrode/resnet/seed_202/bandpass_n20005_cLL_V4_independent_rms_s20.npz,76566,e4d035e9276a99d09b1abd3c6244c82fbd2966985286f926a53ecf017ac6b67f
resnet,electrode,202,bandpass_n20005_cLL_V4_independent_rms_s15,phase2/results/predictions/full/electrode/resnet/seed_202/bandpass_n20005_cLL_V4_independent_rms_s15.npz,76578,60ac73c5b2c48a32e2d0ab751308df0b52cab565cbe775e34be4a9011bb8ac94
resnet,electrode,202,bandpass_n20005_cLL_V4_independent_rms_s10,phase2/results/predictions/full/electrode/resnet/seed_202/bandpass_n20005_cLL_V4_independent_rms_s10.npz,76571,d28892b33fb32d0c70106a3d1bc5f67ae4647d4c44f049c734c94c5271ccf5d0
resnet,electrode,202,bandpass_n20005_cLL_V4_independent_rms_s5,phase2/results/predictions/full/electrode/resnet/seed_202/bandpass_n20005_cLL_V4_independent_rms_s5.npz,76419,a291fbeaf0a17c2bdd0c47f88acb9de990256c556f2ec5f444a2f2a375f4769d
resnet,electrode,202,bandpass_n20005_cLL_V4_independent_rms_s0,phase2/results/predictions/full/electrode/resnet/seed_202/bandpass_n20005_cLL_V4_independent_rms_s0.npz,76091,5870e7a5a52ae9e0cb0a464f778fad3958dd84067baed4ba076877e22e2a27d3
resnet,electrode,202,bandpass_n20005_cLL_V4_electrode_s20,phase2/results/predictions/full/electrode/resnet/seed_202/bandpass_n20005_cLL_V4_electrode_s20.npz,76544,d27e13f1934ae5f230165cb895cc16cf810acf6db604a48840fcfe2b41e7df85
resnet,electrode,202,bandpass_n20005_cLL_V4_electrode_s15,phase2/results/predictions/full/electrode/resnet/seed_202/bandpass_n20005_cLL_V4_electrode_s15.npz,76550,0f0320d8303e994e954299715598fef6a939c59874a28473fb8c37aaaab79228
resnet,electrode,202,bandpass_n20005_cLL_V4_electrode_s10,phase2/results/predictions/full/electrode/resnet/seed_202/bandpass_n20005_cLL_V4_electrode_s10.npz,76486,2843c561422dca303496b34ff2c5015991c6633d42a90c36db0cce34dadba7e3
resnet,electrode,202,bandpass_n20005_cLL_V4_electrode_s5,phase2/results/predictions/full/electrode/resnet/seed_202/bandpass_n20005_cLL_V4_electrode_s5.npz,76277,dfd1618157baa0574f7553dc9cac70a1e2ad5dc9ccb8abfa86df7b91901347d6
resnet,electrode,202,bandpass_n20005_cLL_V4_electrode_s0,phase2/results/predictions/full/electrode/resnet/seed_202/bandpass_n20005_cLL_V4_electrode_s0.npz,75852,785d67115a0d831e5eb9a0f10d358d45d48efe7bbd72f236bfb4c0e63f3f6c7b
resnet,electrode,202,bandpass_n20005_cLL_V4_covariance_s20,phase2/results/predictions/full/electrode/resnet/seed_202/bandpass_n20005_cLL_V4_covariance_s20.npz,76532,eb83ecd2acd46fd85997dad15b8e4cb2943582bc37acf488a7b3f49ac50b9317
resnet,electrode,202,bandpass_n20005_cLL_V4_covariance_s15,phase2/results/predictions/full/electrode/resnet/seed_202/bandpass_n20005_cLL_V4_covariance_s15.npz,76552,4fd46a9c4a19ddc23c4bd31d48692e03d65eac1735e102ddd4361ac6e7a818b2
resnet,electrode,202,bandpass_n20005_cLL_V4_covariance_s10,phase2/results/predictions/full/electrode/resnet/seed_202/bandpass_n20005_cLL_V4_covariance_s10.npz,76460,2bfc36bce62c6d09d60337037f83e26be123df22b394809759561cb5ee953455
resnet,electrode,202,bandpass_n20005_cLL_V4_covariance_s5,phase2/results/predictions/full/electrode/resnet/seed_202/bandpass_n20005_cLL_V4_covariance_s5.npz,76281,210c787d57ad370c22046fd92652acc44dc5c981a3c7b2b7b130e6728b5087a8
resnet,electrode,202,bandpass_n20005_cLL_V4_covariance_s0,phase2/results/predictions/full/electrode/resnet/seed_202/bandpass_n20005_cLL_V4_covariance_s0.npz,75848,7d51c4eabf6a67f1ffcc261b0b5f7d55844528380ca7db5ba0655aac1a6a32ed
resnet,electrode,202,bandpass_n20005_cRA_LA_V1_V6_independent_rms_s20,phase2/results/predictions/full/electrode/resnet/seed_202/bandpass_n20005_cRA_LA_V1_V6_independent_rms_s20.npz,76590,c82f4dd0750df318449c5027f96b4bd9fb2113b4897eea87b6a156e30914e8df
resnet,electrode,202,bandpass_n20005_cRA_LA_V1_V6_independent_rms_s15,phase2/results/predictions/full/electrode/resnet/seed_202/bandpass_n20005_cRA_LA_V1_V6_independent_rms_s15.npz,76574,d79c7430a775eea55dd9a7aa4ffe7a19228372c3e246cdfbb3c0b5865514e8a3
resnet,electrode,202,bandpass_n20005_cRA_LA_V1_V6_independent_rms_s10,phase2/results/predictions/full/electrode/resnet/seed_202/bandpass_n20005_cRA_LA_V1_V6_independent_rms_s10.npz,76576,bb50e0fe4171b2490c1a3b7cc40495edf6f86c64a87f3174c4749ed60d302fff
resnet,electrode,202,bandpass_n20005_cRA_LA_V1_V6_independent_rms_s5,phase2/results/predictions/full/electrode/resnet/seed_202/bandpass_n20005_cRA_LA_V1_V6_independent_rms_s5.npz,76453,1d1c6007680ee945bef8635e6bf9505eaeb8b4ff42d955ff60325f4e98b4b3cf
resnet,electrode,202,bandpass_n20005_cRA_LA_V1_V6_independent_rms_s0,phase2/results/predictions/full/electrode/resnet/seed_202/bandpass_n20005_cRA_LA_V1_V6_independent_rms_s0.npz,76074,20798a9522ff65ddb39195cdcb65778d6a866a174e36f2cd0e967a05f9415bce
resnet,electrode,202,bandpass_n20005_cRA_LA_V1_V6_electrode_s20,phase2/results/predictions/full/electrode/resnet/seed_202/bandpass_n20005_cRA_LA_V1_V6_electrode_s20.npz,76558,1ebeafe976f39ed33b67b3fd12c9bd7f2b45a8ee6bb3d61384716576da62ee40
resnet,electrode,202,bandpass_n20005_cRA_LA_V1_V6_electrode_s15,phase2/results/predictions/full/electrode/resnet/seed_202/bandpass_n20005_cRA_LA_V1_V6_electrode_s15.npz,76590,ab2595b4ad192de347e0d6e608601df2b0f50d08e92e8a53715775d20e072d07
resnet,electrode,202,bandpass_n20005_cRA_LA_V1_V6_electrode_s10,phase2/results/predictions/full/electrode/resnet/seed_202/bandpass_n20005_cRA_LA_V1_V6_electrode_s10.npz,76512,0995726ea543036b2e5ab520fcc5dd3ad5792c7b75df5ee149535f3bf44a8033
resnet,electrode,202,bandpass_n20005_cRA_LA_V1_V6_electrode_s5,phase2/results/predictions/full/electrode/resnet/seed_202/bandpass_n20005_cRA_LA_V1_V6_electrode_s5.npz,76307,95bcd543ef0e3464425bfb0c5b17785b034ecc250559a1a995e3c52ee5b4d800
resnet,electrode,202,bandpass_n20005_cRA_LA_V1_V6_electrode_s0,phase2/results/predictions/full/electrode/resnet/seed_202/bandpass_n20005_cRA_LA_V1_V6_electrode_s0.npz,75903,32b814ae9a63d741b1e7563b9a03cf54eb3f45d1264729f33f272f723884308f
resnet,electrode,202,bandpass_n20005_cRA_LA_V1_V6_covariance_s20,phase2/results/predictions/full/electrode/resnet/seed_202/bandpass_n20005_cRA_LA_V1_V6_covariance_s20.npz,76556,aca147a89b6e08494ef3d384efb03fdb7f6780e3b122d100598633a213e47f3c
resnet,electrode,202,bandpass_n20005_cRA_LA_V1_V6_covariance_s15,phase2/results/predictions/full/electrode/resnet/seed_202/bandpass_n20005_cRA_LA_V1_V6_covariance_s15.npz,76544,688c87d2d7761f5703ca4206f5d130dcee4936e3c6a1294c2f3b4449d2badb03
resnet,electrode,202,bandpass_n20005_cRA_LA_V1_V6_covariance_s10,phase2/results/predictions/full/electrode/resnet/seed_202/bandpass_n20005_cRA_LA_V1_V6_covariance_s10.npz,76517,315aa3a9c254aea652d4638f018a4118c85e156cf20c8a672b3185c445c311b5
resnet,electrode,202,bandpass_n20005_cRA_LA_V1_V6_covariance_s5,phase2/results/predictions/full/electrode/resnet/seed_202/bandpass_n20005_cRA_LA_V1_V6_covariance_s5.npz,76303,32a40387cb1ee71e9c7733404e9825eafdccf8476b7c20c47097793e8ecd4a9b
resnet,electrode,202,bandpass_n20005_cRA_LA_V1_V6_covariance_s0,phase2/results/predictions/full/electrode/resnet/seed_202/bandpass_n20005_cRA_LA_V1_V6_covariance_s0.npz,75896,54d53d6c11735bff4c4af76bc111c6e2ce3ad4e85d50f2a71ef180175d05bcad
resnet,electrode,202,bandpass_n20005_cRA_V2_V5_independent_rms_s20,phase2/results/predictions/full/electrode/resnet/seed_202/bandpass_n20005_cRA_V2_V5_independent_rms_s20.npz,76595,de780a7d1a54953ab92daf886aa29f37ae577927182b2b1c8abd84993780f58d
resnet,electrode,202,bandpass_n20005_cRA_V2_V5_independent_rms_s15,phase2/results/predictions/full/electrode/resnet/seed_202/bandpass_n20005_cRA_V2_V5_independent_rms_s15.npz,76594,945189134665b9f36d098111336bf9ea4359a2477bd58ed5b2fe79a85986929b
resnet,electrode,202,bandpass_n20005_cRA_V2_V5_independent_rms_s10,phase2/results/predictions/full/electrode/resnet/seed_202/bandpass_n20005_cRA_V2_V5_independent_rms_s10.npz,76550,2e07e257f29bcddb24719cc52545943c45ea8bed5db16a959df781eb7acdb4e7
resnet,electrode,202,bandpass_n20005_cRA_V2_V5_independent_rms_s5,phase2/results/predictions/full/electrode/resnet/seed_202/bandpass_n20005_cRA_V2_V5_independent_rms_s5.npz,76445,8f3bd0b1a87f391a86bd9ee750c2ccb696036bfaaa8d99de9c0bcfa72f7b3bfd
resnet,electrode,202,bandpass_n20005_cRA_V2_V5_independent_rms_s0,phase2/results/predictions/full/electrode/resnet/seed_202/bandpass_n20005_cRA_V2_V5_independent_rms_s0.npz,76110,397722309c9d00a6e8a34db7166dc0b57c74b9bb27bb358bdb30ef9b718d2e99
resnet,electrode,202,bandpass_n20005_cRA_V2_V5_electrode_s20,phase2/results/predictions/full/electrode/resnet/seed_202/bandpass_n20005_cRA_V2_V5_electrode_s20.npz,76575,25c79e268cb8f76d8627dbdb739e62bf3f09c9b15d069edf39e82017b6d7fe75
resnet,electrode,202,bandpass_n20005_cRA_V2_V5_electrode_s15,phase2/results/predictions/full/electrode/resnet/seed_202/bandpass_n20005_cRA_V2_V5_electrode_s15.npz,76584,7a5c7813eef61873e8f402adf25bdbac03bfc1a5542f05e2f77b780cbabd87df
resnet,electrode,202,bandpass_n20005_cRA_V2_V5_electrode_s10,phase2/results/predictions/full/electrode/resnet/seed_202/bandpass_n20005_cRA_V2_V5_electrode_s10.npz,76484,591d4aaf3a303f960ec624ec04715175effd417b0696a81cf57ead6a3e563a50
resnet,electrode,202,bandpass_n20005_cRA_V2_V5_electrode_s5,phase2/results/predictions/full/electrode/resnet/seed_202/bandpass_n20005_cRA_V2_V5_electrode_s5.npz,76305,d1b190ea480c914ac1e8b4500dc57ecbbf9552cc47e68595f411634b61479ac1
resnet,electrode,202,bandpass_n20005_cRA_V2_V5_electrode_s0,phase2/results/predictions/full/electrode/resnet/seed_202/bandpass_n20005_cRA_V2_V5_electrode_s0.npz,75999,73f3cd06781f5ee772b9544dcc74c7bc0ee73b925cf1af8496e43fb27679b95f
resnet,electrode,202,bandpass_n20005_cRA_V2_V5_covariance_s20,phase2/results/predictions/full/electrode/resnet/seed_202/bandpass_n20005_cRA_V2_V5_covariance_s20.npz,76596,8c28579a94eeb03a357c08cdb3f206c304d7c287554e65427a4d87b83445b7a4
resnet,electrode,202,bandpass_n20005_cRA_V2_V5_covariance_s15,phase2/results/predictions/full/electrode/resnet/seed_202/bandpass_n20005_cRA_V2_V5_covariance_s15.npz,76580,cb2c81391ca17529b30cf4b9715da370850b4165286560dc31532cc2e9dae9f9
resnet,electrode,202,bandpass_n20005_cRA_V2_V5_covariance_s10,phase2/results/predictions/full/electrode/resnet/seed_202/bandpass_n20005_cRA_V2_V5_covariance_s10.npz,76495,8cc0c0aedf1cfc9c81158646443faefad0c41bf7ab2b2d4f56fecc9f50d2d409
resnet,electrode,202,bandpass_n20005_cRA_V2_V5_covariance_s5,phase2/results/predictions/full/electrode/resnet/seed_202/bandpass_n20005_cRA_V2_V5_covariance_s5.npz,76310,c0f3250c98bce6e86af6a7fa51bf42b808538f1984d9c0dd345c555931daae45
resnet,electrode,202,bandpass_n20005_cRA_V2_V5_covariance_s0,phase2/results/predictions/full/electrode/resnet/seed_202/bandpass_n20005_cRA_V2_V5_covariance_s0.npz,76024,915a6d5f330171b4adb9a58992c0db3430fc5e9cf387fc5ea668b9be8ef1f6df
resnet,electrode,202,bandpass_n20005_cLA_V3_V6_independent_rms_s20,phase2/results/predictions/full/electrode/resnet/seed_202/bandpass_n20005_cLA_V3_V6_independent_rms_s20.npz,76596,f57fcde5524568cf34dbe70d2a4ee3ba968ba61604a669ae5e12ee3733dde70f
resnet,electrode,202,bandpass_n20005_cLA_V3_V6_independent_rms_s15,phase2/results/predictions/full/electrode/resnet/seed_202/bandpass_n20005_cLA_V3_V6_independent_rms_s15.npz,76617,ef17e44d120f89833a5d25370e24abf9eccf163baca3243be302eb576794d50a
resnet,electrode,202,bandpass_n20005_cLA_V3_V6_independent_rms_s10,phase2/results/predictions/full/electrode/resnet/seed_202/bandpass_n20005_cLA_V3_V6_independent_rms_s10.npz,76537,f7b17ce13fac87e945228739c6d179794035bf70ea88ce71cdaf2fec226aab42
resnet,electrode,202,bandpass_n20005_cLA_V3_V6_independent_rms_s5,phase2/results/predictions/full/electrode/resnet/seed_202/bandpass_n20005_cLA_V3_V6_independent_rms_s5.npz,76483,32eda75a4f2dc0b1884dde09751403c2d0c7f29f9493f492435a1ac0ec1c8deb
resnet,electrode,202,bandpass_n20005_cLA_V3_V6_independent_rms_s0,phase2/results/predictions/full/electrode/resnet/seed_202/bandpass_n20005_cLA_V3_V6_independent_rms_s0.npz,76119,ea03d61521d1d70f0facd3e1b46562de800c6e179a888a894d08e8bda1c1a525
resnet,electrode,202,bandpass_n20005_cLA_V3_V6_electrode_s20,phase2/results/predictions/full/electrode/resnet/seed_202/bandpass_n20005_cLA_V3_V6_electrode_s20.npz,76560,a0156e0d7add9165d61ce30374cd37e780a6f512fe3559f3105e0a7c5146464b
resnet,electrode,202,bandpass_n20005_cLA_V3_V6_electrode_s15,phase2/results/predictions/full/electrode/resnet/seed_202/bandpass_n20005_cLA_V3_V6_electrode_s15.npz,76538,bc04d5433d5033190cd6d60a387ca030395c73c8db8286b1e428c4b0fbd973d6
resnet,electrode,202,bandpass_n20005_cLA_V3_V6_electrode_s10,phase2/results/predictions/full/electrode/resnet/seed_202/bandpass_n20005_cLA_V3_V6_electrode_s10.npz,76482,73d6ebab6bf218f2363822e0a5b04821f17e646d32e8a3b7f2db9c52a0e4020a
resnet,electrode,202,bandpass_n20005_cLA_V3_V6_electrode_s5,phase2/results/predictions/full/electrode/resnet/seed_202/bandpass_n20005_cLA_V3_V6_electrode_s5.npz,76313,87247ec4826ed75c31861e58fe56ec354fdf00dd3bc46965ebb3810e00fec066
resnet,electrode,202,bandpass_n20005_cLA_V3_V6_electrode_s0,phase2/results/predictions/full/electrode/resnet/seed_202/bandpass_n20005_cLA_V3_V6_electrode_s0.npz,75935,0ab4a5faab8b0b68b0ede15983ce7779e8eed7747791e900da4b5fc93b254a6c
resnet,electrode,202,bandpass_n20005_cLA_V3_V6_covariance_s20,phase2/results/predictions/full/electrode/resnet/seed_202/bandpass_n20005_cLA_V3_V6_covariance_s20.npz,76549,44e5e5000fe0c3fe6ed1f6d9e64af72efa839bfc9f664b56adc29d86b344554c
resnet,electrode,202,bandpass_n20005_cLA_V3_V6_covariance_s15,phase2/results/predictions/full/electrode/resnet/seed_202/bandpass_n20005_cLA_V3_V6_covariance_s15.npz,76554,252022d7409db2a5b0b63f07aa2f51743a0fcfa90117f0d10d55257be8988795
resnet,electrode,202,bandpass_n20005_cLA_V3_V6_covariance_s10,phase2/results/predictions/full/electrode/resnet/seed_202/bandpass_n20005_cLA_V3_V6_covariance_s10.npz,76517,9103ba50ed46d65a5577b46b730f53b47a3e6702084494b1c15ca85358fda359
resnet,electrode,202,bandpass_n20005_cLA_V3_V6_covariance_s5,phase2/results/predictions/full/electrode/resnet/seed_202/bandpass_n20005_cLA_V3_V6_covariance_s5.npz,76334,27a5697a615064a96cba5b4afe05ad6ffd9101470937e169b31685b49c109dd7
resnet,electrode,202,bandpass_n20005_cLA_V3_V6_covariance_s0,phase2/results/predictions/full/electrode/resnet/seed_202/bandpass_n20005_cLA_V3_V6_covariance_s0.npz,75955,98f020d14533020479fddc02657e7a55892222e4b4545be22d9b75f0637454a8
resnet,electrode,202,bandpass_n20005_cLL_V1_V4_independent_rms_s20,phase2/results/predictions/full/electrode/resnet/seed_202/bandpass_n20005_cLL_V1_V4_independent_rms_s20.npz,76548,3a795512445452b5a1d2e569f7d4d0e82e7c46c305b86a6c9cca10bac8037bbd
resnet,electrode,202,bandpass_n20005_cLL_V1_V4_independent_rms_s15,phase2/results/predictions/full/electrode/resnet/seed_202/bandpass_n20005_cLL_V1_V4_independent_rms_s15.npz,76614,5d77a3918257bb624b28095d0d5bc64c681bd39e8b2b5d6786b2c680ce1a8c67
resnet,electrode,202,bandpass_n20005_cLL_V1_V4_independent_rms_s10,phase2/results/predictions/full/electrode/resnet/seed_202/bandpass_n20005_cLL_V1_V4_independent_rms_s10.npz,76539,7bd5a16e219a63b8f2d27d8da1ba1c9f3c3f4606550d0a3127e74c0d7ba9f0a5
resnet,electrode,202,bandpass_n20005_cLL_V1_V4_independent_rms_s5,phase2/results/predictions/full/electrode/resnet/seed_202/bandpass_n20005_cLL_V1_V4_independent_rms_s5.npz,76434,669a9c40524cca1dce9f1174ab9c09efbbfae959a6c97df013694f5697356e50
resnet,electrode,202,bandpass_n20005_cLL_V1_V4_independent_rms_s0,phase2/results/predictions/full/electrode/resnet/seed_202/bandpass_n20005_cLL_V1_V4_independent_rms_s0.npz,76072,79698ab4dff62801bed576bd26eceb6026af70aa3ef43bf0c2cb01e3bdc1acf2
resnet,electrode,202,bandpass_n20005_cLL_V1_V4_electrode_s20,phase2/results/predictions/full/electrode/resnet/seed_202/bandpass_n20005_cLL_V1_V4_electrode_s20.npz,76558,2e3fe19f21e646372e96707ca6da38ce8eae5a74deb1119b64f51e6970d4e0fd
resnet,electrode,202,bandpass_n20005_cLL_V1_V4_electrode_s15,phase2/results/predictions/full/electrode/resnet/seed_202/bandpass_n20005_cLL_V1_V4_electrode_s15.npz,76580,c58f0820c5884bea3bd09805c1cbcfb2400a5905f1771199ac3fd8cb05115617
resnet,electrode,202,bandpass_n20005_cLL_V1_V4_electrode_s10,phase2/results/predictions/full/electrode/resnet/seed_202/bandpass_n20005_cLL_V1_V4_electrode_s10.npz,76507,1bb464b039abcd485303f4a627f7edde812cdb98a67b71b27b52454b58afbcb6
resnet,electrode,202,bandpass_n20005_cLL_V1_V4_electrode_s5,phase2/results/predictions/full/electrode/resnet/seed_202/bandpass_n20005_cLL_V1_V4_electrode_s5.npz,76306,6d434a44534b6854a72e576883a527fa53960b53c3a5be65247b0aed048f6e05
resnet,electrode,202,bandpass_n20005_cLL_V1_V4_electrode_s0,phase2/results/predictions/full/electrode/resnet/seed_202/bandpass_n20005_cLL_V1_V4_electrode_s0.npz,75876,3ddfcabe2903770493d32d9dc79af7bffa45d4a8217fcdefbee2de8b9ca12612
resnet,electrode,202,bandpass_n20005_cLL_V1_V4_covariance_s20,phase2/results/predictions/full/electrode/resnet/seed_202/bandpass_n20005_cLL_V1_V4_covariance_s20.npz,76566,ed8c60ccd6bb866fa2b632c42208a612adca29749255a05e418ba8424252f83a
resnet,electrode,202,bandpass_n20005_cLL_V1_V4_covariance_s15,phase2/results/predictions/full/electrode/resnet/seed_202/bandpass_n20005_cLL_V1_V4_covariance_s15.npz,76558,6c5c2584a3726211c0926af25de6bc2622f9627c13fb1ddcf069ee3d187b0d12
resnet,electrode,202,bandpass_n20005_cLL_V1_V4_covariance_s10,phase2/results/predictions/full/electrode/resnet/seed_202/bandpass_n20005_cLL_V1_V4_covariance_s10.npz,76492,42e1f532405d21509877b00ebe771c00f9f17b5c3ad4126eaa7d493ecba9f52f
resnet,electrode,202,bandpass_n20005_cLL_V1_V4_covariance_s5,phase2/results/predictions/full/electrode/resnet/seed_202/bandpass_n20005_cLL_V1_V4_covariance_s5.npz,76318,11cb338e5292e56b4e49a6ef5cd80a8e5963f721cc643b3f44fd5a57639e2df7
resnet,electrode,202,bandpass_n20005_cLL_V1_V4_covariance_s0,phase2/results/predictions/full/electrode/resnet/seed_202/bandpass_n20005_cLL_V1_V4_covariance_s0.npz,75868,6254f41024c2a6ba610c39338fc2626abc42220261aca08f695c94dbfe895d11
resnet,electrode,202,bandpass_n20005_call_independent_rms_s20,phase2/results/predictions/full/electrode/resnet/seed_202/bandpass_n20005_call_independent_rms_s20.npz,76537,3351c016c271efbbb4f4fc92e0caf37a53a6cd8cbf11710463e52c0ee77a0347
resnet,electrode,202,bandpass_n20005_call_independent_rms_s15,phase2/results/predictions/full/electrode/resnet/seed_202/bandpass_n20005_call_independent_rms_s15.npz,76542,2a813857fdf648f764212bb2aa493c0209087c08bca9f89acf21f903837c1c8f
resnet,electrode,202,bandpass_n20005_call_independent_rms_s10,phase2/results/predictions/full/electrode/resnet/seed_202/bandpass_n20005_call_independent_rms_s10.npz,76525,bd0d9917c9ab9446ab1485220d49501fed7a756ed1842f8d26703334ad06ab3b
resnet,electrode,202,bandpass_n20005_call_independent_rms_s5,phase2/results/predictions/full/electrode/resnet/seed_202/bandpass_n20005_call_independent_rms_s5.npz,76395,fe824760b39e2d083877326745c8b0d3bbb44f4c5ed05cc87a67b529df63f9cf
resnet,electrode,202,bandpass_n20005_call_independent_rms_s0,phase2/results/predictions/full/electrode/resnet/seed_202/bandpass_n20005_call_independent_rms_s0.npz,76048,2f9ccdf1dc09c1293a070f5ba4900ff0cb33132664ff44d8302127d203165a75
resnet,electrode,202,bandpass_n20005_call_electrode_s20,phase2/results/predictions/full/electrode/resnet/seed_202/bandpass_n20005_call_electrode_s20.npz,76522,1c40ba6bbdd0a5a97440daf2b69521c6b879d33d19cc169df119572a59b2c675
resnet,electrode,202,bandpass_n20005_call_electrode_s15,phase2/results/predictions/full/electrode/resnet/seed_202/bandpass_n20005_call_electrode_s15.npz,76512,f498ca3f9e0341659dfe02dce49ce63cabdd82197fda0c7e655ca7e614b30ed2
resnet,electrode,202,bandpass_n20005_call_electrode_s10,phase2/results/predictions/full/electrode/resnet/seed_202/bandpass_n20005_call_electrode_s10.npz,76502,3390c2fd0cc1851267dd689b3c0eeb0c993a32172b898c047405ce5fb86d9caa
resnet,electrode,202,bandpass_n20005_call_electrode_s5,phase2/results/predictions/full/electrode/resnet/seed_202/bandpass_n20005_call_electrode_s5.npz,76264,e2f64b597f31dc3d7d546377c70d2247ddccbc9b79a05273d376096d7e7f7d8a
resnet,electrode,202,bandpass_n20005_call_electrode_s0,phase2/results/predictions/full/electrode/resnet/seed_202/bandpass_n20005_call_electrode_s0.npz,75902,35befaa304c152cd73eac082fc2c21f4c830d352c2566de4226a49c7eddb22c6
resnet,electrode,202,bandpass_n20005_call_covariance_s20,phase2/results/predictions/full/electrode/resnet/seed_202/bandpass_n20005_call_covariance_s20.npz,76535,f134d4018bec4a50d1a536db186479acf6dbf1f2f16f6fde2f4136314255320f
resnet,electrode,202,bandpass_n20005_call_covariance_s15,phase2/results/predictions/full/electrode/resnet/seed_202/bandpass_n20005_call_covariance_s15.npz,76534,8cd768015b2b6fe48006fd46690ec48a2a0ec7bc63f008ed95a7e43b923c815b
resnet,electrode,202,bandpass_n20005_call_covariance_s10,phase2/results/predictions/full/electrode/resnet/seed_202/bandpass_n20005_call_covariance_s10.npz,76478,b8e84932c9c4641744661a8afa591c1e45d82417da11cb92a3a90abef1609688
resnet,electrode,202,bandpass_n20005_call_covariance_s5,phase2/results/predictions/full/electrode/resnet/seed_202/bandpass_n20005_call_covariance_s5.npz,76278,7b6039c03d91e7ef9595f6a4c538f347a4f2bf78e2f29eb574af05fd6b5b3a8a
resnet,electrode,202,bandpass_n20005_call_covariance_s0,phase2/results/predictions/full/electrode/resnet/seed_202/bandpass_n20005_call_covariance_s0.npz,75917,a0107b64e71f431c1bcc969f6f08cb9c29102a579f6ca22b9edab88ed5dcffc9
resnet,electrode,202,bw_n20001_call_independent_rms_s20,phase2/results/predictions/full/electrode/resnet/seed_202/bw_n20001_call_independent_rms_s20.npz,76548,838fea8e855ddec83d3cbcb72bb34f5f174048cfcd082afc7aceef2a9f821205
resnet,electrode,202,bw_n20001_call_independent_rms_s10,phase2/results/predictions/full/electrode/resnet/seed_202/bw_n20001_call_independent_rms_s10.npz,76516,7ba3a4e917395a4656c6ac2f9529b7d93c0d894325eec18212f1d71f66fb4756
resnet,electrode,202,bw_n20001_call_independent_rms_s0,phase2/results/predictions/full/electrode/resnet/seed_202/bw_n20001_call_independent_rms_s0.npz,76301,9b34594d2da9814881ec1e9f30597c046992bae350deab2fca6923e5ff482918
resnet,electrode,202,bw_n20001_call_electrode_s20,phase2/results/predictions/full/electrode/resnet/seed_202/bw_n20001_call_electrode_s20.npz,76555,0236d8c37329ddd4db784f7e6fce2905e85d6b0906a5175060254c4abdbb07a0
resnet,electrode,202,bw_n20001_call_electrode_s10,phase2/results/predictions/full/electrode/resnet/seed_202/bw_n20001_call_electrode_s10.npz,76504,c7f75d0742f727c8031886c7d5b7bfb636c98ca36d5eceec64297cce41f86bd0
resnet,electrode,202,bw_n20001_call_electrode_s0,phase2/results/predictions/full/electrode/resnet/seed_202/bw_n20001_call_electrode_s0.npz,76294,7625ed2b100e79ba612e51ad2b6309efc4fb486d2fb14ecce96e09a9fe22093b
resnet,electrode,202,bw_n20001_call_covariance_s20,phase2/results/predictions/full/electrode/resnet/seed_202/bw_n20001_call_covariance_s20.npz,76521,8a7f7fbfeabad1e33953139f63974887e502f68bd067a150ea6fb2b69fe97fd4
resnet,electrode,202,bw_n20001_call_covariance_s10,phase2/results/predictions/full/electrode/resnet/seed_202/bw_n20001_call_covariance_s10.npz,76470,db4716a146ceeabcfd9461c644aa949fb315f2d047f52a653c6fa33683a8a8b8
resnet,electrode,202,bw_n20001_call_covariance_s0,phase2/results/predictions/full/electrode/resnet/seed_202/bw_n20001_call_covariance_s0.npz,76282,5c842c5262eaece6749fd63cbe817067b37aa76b536b669c40a09755712c8975
resnet,electrode,202,bw_n20002_call_independent_rms_s20,phase2/results/predictions/full/electrode/resnet/seed_202/bw_n20002_call_independent_rms_s20.npz,76545,f27cb84f37997039170b2af60c3c36f7295d27e98021e4014cb23e9c1d404f59
resnet,electrode,202,bw_n20002_call_independent_rms_s10,phase2/results/predictions/full/electrode/resnet/seed_202/bw_n20002_call_independent_rms_s10.npz,76528,ab0e48d0c2e6a76432dcde0866974b7574504c4a8083c050c0674df5db1b092d
resnet,electrode,202,bw_n20002_call_independent_rms_s0,phase2/results/predictions/full/electrode/resnet/seed_202/bw_n20002_call_independent_rms_s0.npz,76324,f1cd29422ad8d0f5ecca536367343d41e03e4eccc908128adf5380c22ccba913
resnet,electrode,202,bw_n20002_call_electrode_s20,phase2/results/predictions/full/electrode/resnet/seed_202/bw_n20002_call_electrode_s20.npz,76546,d53ef973b84ac3777141a9dc5eafe69a9f699f8a67c968d9668a6dfa1e08746a
resnet,electrode,202,bw_n20002_call_electrode_s10,phase2/results/predictions/full/electrode/resnet/seed_202/bw_n20002_call_electrode_s10.npz,76521,c9a333957a63480e77210e670aea429a411ba0796302d6551b2c626a8b69a35a
resnet,electrode,202,bw_n20002_call_electrode_s0,phase2/results/predictions/full/electrode/resnet/seed_202/bw_n20002_call_electrode_s0.npz,76267,b52df1af1fd066f80793cce2e63b1f5553f44ac77332121f78618eb07ed97f2c
resnet,electrode,202,bw_n20002_call_covariance_s20,phase2/results/predictions/full/electrode/resnet/seed_202/bw_n20002_call_covariance_s20.npz,76519,72e5a60bfa6586730a7bce17e042059672cabd1fdccdd84a4497e8890e0652ae
resnet,electrode,202,bw_n20002_call_covariance_s10,phase2/results/predictions/full/electrode/resnet/seed_202/bw_n20002_call_covariance_s10.npz,76463,052cec61aff34ab28df3b24ddfecde4566528486dc6a7f3ea1ca27c327fc20ea
resnet,electrode,202,bw_n20002_call_covariance_s0,phase2/results/predictions/full/electrode/resnet/seed_202/bw_n20002_call_covariance_s0.npz,76301,cb393c2a9f7fe2d84bd3d875afb5f71f3e50e36d58c7f03703757f879832624e
resnet,electrode,202,bw_n20003_call_independent_rms_s20,phase2/results/predictions/full/electrode/resnet/seed_202/bw_n20003_call_independent_rms_s20.npz,76533,3e5a2f32fa39f4aedd3b7633897f8713b3573858586ca0723815cba8abfa04f9
resnet,electrode,202,bw_n20003_call_independent_rms_s10,phase2/results/predictions/full/electrode/resnet/seed_202/bw_n20003_call_independent_rms_s10.npz,76529,e3fb7251f5fa0a23b6818fdc889cb996a9dbabfe21b4bd6f3ec6f83ad3a9e47d
resnet,electrode,202,bw_n20003_call_independent_rms_s0,phase2/results/predictions/full/electrode/resnet/seed_202/bw_n20003_call_independent_rms_s0.npz,76348,9ae1550ca1f1e1c3ce23a8b2704bb21125fde0e6523c90c4821b7836a3767b4a
resnet,electrode,202,bw_n20003_call_electrode_s20,phase2/results/predictions/full/electrode/resnet/seed_202/bw_n20003_call_electrode_s20.npz,76535,9aa45114c42e2d8cfbb63c511d43340d691fd47f50b13bfcbd1fa4563280854c
resnet,electrode,202,bw_n20003_call_electrode_s10,phase2/results/predictions/full/electrode/resnet/seed_202/bw_n20003_call_electrode_s10.npz,76516,d8e8307db64c53b849861ad6eb73f8f5e3d5a4403ca5ee64c22aa33bb98b5105
resnet,electrode,202,bw_n20003_call_electrode_s0,phase2/results/predictions/full/electrode/resnet/seed_202/bw_n20003_call_electrode_s0.npz,76303,ef7593d6aa953ea5ef97b6ecab8e096d3e41ceae3db476b1f3ee87415d482cfd
resnet,electrode,202,bw_n20003_call_covariance_s20,phase2/results/predictions/full/electrode/resnet/seed_202/bw_n20003_call_covariance_s20.npz,76531,be0029c9323294cbd57eabd38f5e44e8325c02bc3dd603b30271b83feead146d
resnet,electrode,202,bw_n20003_call_covariance_s10,phase2/results/predictions/full/electrode/resnet/seed_202/bw_n20003_call_covariance_s10.npz,76489,0ddb621baaa59210457e19591be1ffc4913b415c688922194e691c8564303dbb
resnet,electrode,202,bw_n20003_call_covariance_s0,phase2/results/predictions/full/electrode/resnet/seed_202/bw_n20003_call_covariance_s0.npz,76302,fa2038dcc54fdb14a1ba3abc8bde36512a72b67f617a92c5e94391402425e1b2
resnet,electrode,202,bw_n20004_call_independent_rms_s20,phase2/results/predictions/full/electrode/resnet/seed_202/bw_n20004_call_independent_rms_s20.npz,76552,1cd0e78785dc177dacc1af419f9db168ba15bf52cc40267d40580c83343e2225
resnet,electrode,202,bw_n20004_call_independent_rms_s10,phase2/results/predictions/full/electrode/resnet/seed_202/bw_n20004_call_independent_rms_s10.npz,76525,40ede66bfcae5b80f7bbef35a5c764dceaaf06828948cfcd6dcfbb2f17559507
resnet,electrode,202,bw_n20004_call_independent_rms_s0,phase2/results/predictions/full/electrode/resnet/seed_202/bw_n20004_call_independent_rms_s0.npz,76310,5b3e372054e0de7b53d39fb74ecb3c05b576e383e19a146d91b676d4f975114a
resnet,electrode,202,bw_n20004_call_electrode_s20,phase2/results/predictions/full/electrode/resnet/seed_202/bw_n20004_call_electrode_s20.npz,76517,a5f6815a909d538a6bb9f73a32e8dc8da887ba11dd3e89d38d067ae6897bc64b
resnet,electrode,202,bw_n20004_call_electrode_s10,phase2/results/predictions/full/electrode/resnet/seed_202/bw_n20004_call_electrode_s10.npz,76478,93bef940888001a7a46b3d127393cc093d2cbdc3136292997644a1f05dba6dfa
resnet,electrode,202,bw_n20004_call_electrode_s0,phase2/results/predictions/full/electrode/resnet/seed_202/bw_n20004_call_electrode_s0.npz,76266,17019f26c778e27f0bf95af626ae7c7e244b0e11d0723249a02fd47209bc74a3
resnet,electrode,202,bw_n20004_call_covariance_s20,phase2/results/predictions/full/electrode/resnet/seed_202/bw_n20004_call_covariance_s20.npz,76548,e579104a3f336d96ff8ecbfa00dfb73f65668859051918d42802bda0208ae11f
resnet,electrode,202,bw_n20004_call_covariance_s10,phase2/results/predictions/full/electrode/resnet/seed_202/bw_n20004_call_covariance_s10.npz,76523,96c4576c76760cc9a61ec66c4f46ea29942faaee5f3edcc81ec2abdefe7edb69
resnet,electrode,202,bw_n20004_call_covariance_s0,phase2/results/predictions/full/electrode/resnet/seed_202/bw_n20004_call_covariance_s0.npz,76291,49f42923e00920388ed7132dd690996f920d1879158cffe6ac60a011daeb41c2
resnet,electrode,202,bw_n20005_call_independent_rms_s20,phase2/results/predictions/full/electrode/resnet/seed_202/bw_n20005_call_independent_rms_s20.npz,76544,99e0085437b6cdc13badb9b527c962bd362db319297cdb1878a02b7548d6005e
resnet,electrode,202,bw_n20005_call_independent_rms_s10,phase2/results/predictions/full/electrode/resnet/seed_202/bw_n20005_call_independent_rms_s10.npz,76530,67b86064cdbcbd8d0eefd289270e73d5ec1e1c7279eca1b32d555c98cb4d0975
resnet,electrode,202,bw_n20005_call_independent_rms_s0,phase2/results/predictions/full/electrode/resnet/seed_202/bw_n20005_call_independent_rms_s0.npz,76303,b72b25bdf137c2ddd38da6c078ce1a0efd399a69fba760f2f0bb1eef85cfdf53
resnet,electrode,202,bw_n20005_call_electrode_s20,phase2/results/predictions/full/electrode/resnet/seed_202/bw_n20005_call_electrode_s20.npz,76496,a6291a53ba284173b72064a6a8594cd38759f632cde36e633cffd42dea005e27
resnet,electrode,202,bw_n20005_call_electrode_s10,phase2/results/predictions/full/electrode/resnet/seed_202/bw_n20005_call_electrode_s10.npz,76494,804e6eacae1a6226418618375a98bfd88912463e21b51e3bbee2c478af81567d
resnet,electrode,202,bw_n20005_call_electrode_s0,phase2/results/predictions/full/electrode/resnet/seed_202/bw_n20005_call_electrode_s0.npz,76292,4e93e59b189b6d0eccaada8ff470658ff6202d04d515774c429809c523e23c46
resnet,electrode,202,bw_n20005_call_covariance_s20,phase2/results/predictions/full/electrode/resnet/seed_202/bw_n20005_call_covariance_s20.npz,76548,1feae19f3783b70d0d696a3eb064b16321f73a81b6da1cb02e2838fe29d6dedd
resnet,electrode,202,bw_n20005_call_covariance_s10,phase2/results/predictions/full/electrode/resnet/seed_202/bw_n20005_call_covariance_s10.npz,76546,c4dfb5ec3325dc1cf810b9095682a59eceebf942fbe65dd40f6c38bfc28b94a1
resnet,electrode,202,bw_n20005_call_covariance_s0,phase2/results/predictions/full/electrode/resnet/seed_202/bw_n20005_call_covariance_s0.npz,76297,c45ed0e3fc6bfb222ee2894b5b9b12dc05f63949c879aabadec50da1205490ec
resnet,electrode,202,ma_n20001_call_independent_rms_s20,phase2/results/predictions/full/electrode/resnet/seed_202/ma_n20001_call_independent_rms_s20.npz,76542,a44bb19d8e99c8fd3d6f0042307ca6b04ee7cfd5be6d3dc575f38269f4c22a93
resnet,electrode,202,ma_n20001_call_independent_rms_s10,phase2/results/predictions/full/electrode/resnet/seed_202/ma_n20001_call_independent_rms_s10.npz,76550,369c18abf207a794217784a6d873fa3414a6dcd7a72fdce65bfd826e7f89ea0c
resnet,electrode,202,ma_n20001_call_independent_rms_s0,phase2/results/predictions/full/electrode/resnet/seed_202/ma_n20001_call_independent_rms_s0.npz,76273,edb47d99abb5f41bb27342ee6cd7c8aa59cd4cdba869264a519f44e512d2af79
resnet,electrode,202,ma_n20001_call_electrode_s20,phase2/results/predictions/full/electrode/resnet/seed_202/ma_n20001_call_electrode_s20.npz,76512,4589857b502ce77c19692f89b1b4ef9bded0094ddf537d9e8f0cb7ed3aef657c
resnet,electrode,202,ma_n20001_call_electrode_s10,phase2/results/predictions/full/electrode/resnet/seed_202/ma_n20001_call_electrode_s10.npz,76509,fad6a292b69319de6f45975c547298ea8a661dd1661a878b1a7811ce11c02c3b
resnet,electrode,202,ma_n20001_call_electrode_s0,phase2/results/predictions/full/electrode/resnet/seed_202/ma_n20001_call_electrode_s0.npz,76216,ab28ae785e44a925b16bb0c84731bb989dbeb1a95fd49fbaf178c526bf9761e0
resnet,electrode,202,ma_n20001_call_covariance_s20,phase2/results/predictions/full/electrode/resnet/seed_202/ma_n20001_call_covariance_s20.npz,76516,acf892476c8c6d18105713d041283b93c92544abd515b9427064f2927b0ecd68
resnet,electrode,202,ma_n20001_call_covariance_s10,phase2/results/predictions/full/electrode/resnet/seed_202/ma_n20001_call_covariance_s10.npz,76487,dd8823a577e3df513296247888ade7debd8f4c2ba00eb6057a674fbe8ebaceb8
resnet,electrode,202,ma_n20001_call_covariance_s0,phase2/results/predictions/full/electrode/resnet/seed_202/ma_n20001_call_covariance_s0.npz,76214,1fc93a8868a64491227084c71c6f188c551149ac1a7e3f998a048339d219a5ee
resnet,electrode,202,ma_n20002_call_independent_rms_s20,phase2/results/predictions/full/electrode/resnet/seed_202/ma_n20002_call_independent_rms_s20.npz,76557,3cbdf1dbf9749cf5bdcf62226be3e4125c95cf5d6c8fee7c90eeb3e5e577f6a4
resnet,electrode,202,ma_n20002_call_independent_rms_s10,phase2/results/predictions/full/electrode/resnet/seed_202/ma_n20002_call_independent_rms_s10.npz,76537,17cad7bbabc6b33b35abf916f256d71f247271f37c389548f6877d6c7facf550
resnet,electrode,202,ma_n20002_call_independent_rms_s0,phase2/results/predictions/full/electrode/resnet/seed_202/ma_n20002_call_independent_rms_s0.npz,76254,f8eebb9fbb555959e162211867d97acd78a903c18a9e51af95ec1aea03e394a9
resnet,electrode,202,ma_n20002_call_electrode_s20,phase2/results/predictions/full/electrode/resnet/seed_202/ma_n20002_call_electrode_s20.npz,76500,0b34473428cf6bca11b62f680106f1dff60e1f9756042efc06981b6629be821e
resnet,electrode,202,ma_n20002_call_electrode_s10,phase2/results/predictions/full/electrode/resnet/seed_202/ma_n20002_call_electrode_s10.npz,76502,a30d4641995e5c11f7b44a8e8c28ee0409f9c1f1502378a7fbdee70ac26b46c1
resnet,electrode,202,ma_n20002_call_electrode_s0,phase2/results/predictions/full/electrode/resnet/seed_202/ma_n20002_call_electrode_s0.npz,76235,27f8f2c6636f3a7d019a9eef35c6ee7ca51499c4426d0738db0b7714ae4a275d
resnet,electrode,202,ma_n20002_call_covariance_s20,phase2/results/predictions/full/electrode/resnet/seed_202/ma_n20002_call_covariance_s20.npz,76532,468c3574804879a792751167deedfb7bd2d49d56961ce2a2952c2b69f123b823
resnet,electrode,202,ma_n20002_call_covariance_s10,phase2/results/predictions/full/electrode/resnet/seed_202/ma_n20002_call_covariance_s10.npz,76547,0730b5b99c0df23b04da6f4aacd5ad3da42e7366439b0ee5d3e5834595cc67b9
resnet,electrode,202,ma_n20002_call_covariance_s0,phase2/results/predictions/full/electrode/resnet/seed_202/ma_n20002_call_covariance_s0.npz,76228,8f481b471f73cd229be921c8f2f68ad4a7f06c220657e2727a55c36ce89e530a
resnet,electrode,202,ma_n20003_call_independent_rms_s20,phase2/results/predictions/full/electrode/resnet/seed_202/ma_n20003_call_independent_rms_s20.npz,76529,a20f63f808759ade884dad8fd66dad00123fe8e5e40cf6f64c5405a4ae0cab3a
resnet,electrode,202,ma_n20003_call_independent_rms_s10,phase2/results/predictions/full/electrode/resnet/seed_202/ma_n20003_call_independent_rms_s10.npz,76524,42abd982054bff02907c1c7d8ea08fd883da63ff3f60a6c9d49931bd2bcd7576
resnet,electrode,202,ma_n20003_call_independent_rms_s0,phase2/results/predictions/full/electrode/resnet/seed_202/ma_n20003_call_independent_rms_s0.npz,76278,ab97f4df4eeb09a68bd451c5a715430bbda6c0fa818ad041890a49955290dbc9
resnet,electrode,202,ma_n20003_call_electrode_s20,phase2/results/predictions/full/electrode/resnet/seed_202/ma_n20003_call_electrode_s20.npz,76538,10bdce913dbb74cc59cf01d4eee425beb4a6042212249ae98f82eff4da0bfe38
resnet,electrode,202,ma_n20003_call_electrode_s10,phase2/results/predictions/full/electrode/resnet/seed_202/ma_n20003_call_electrode_s10.npz,76488,9328e20deb531cf779a6e403c5ecd8f62895a9afc891255ddebbce072d87cdf9
resnet,electrode,202,ma_n20003_call_electrode_s0,phase2/results/predictions/full/electrode/resnet/seed_202/ma_n20003_call_electrode_s0.npz,76236,b1e9bd9a5f1e4daa0b012081d2d9087c0fa65f3669665a3acef6a8a621dd9e64
resnet,electrode,202,ma_n20003_call_covariance_s20,phase2/results/predictions/full/electrode/resnet/seed_202/ma_n20003_call_covariance_s20.npz,76512,050b5d406f4aacfa253bf41a5cfb328286024ea516b38637c89dabdb8746a7f1
resnet,electrode,202,ma_n20003_call_covariance_s10,phase2/results/predictions/full/electrode/resnet/seed_202/ma_n20003_call_covariance_s10.npz,76500,28e6314e0f161830571e94770701446900351c82a9082449074bc5a346c68300
resnet,electrode,202,ma_n20003_call_covariance_s0,phase2/results/predictions/full/electrode/resnet/seed_202/ma_n20003_call_covariance_s0.npz,76185,bd0a2d1291eed67e44f7de4401c131540fd820d673512fe4ed21dbc71291526d
resnet,electrode,202,ma_n20004_call_independent_rms_s20,phase2/results/predictions/full/electrode/resnet/seed_202/ma_n20004_call_independent_rms_s20.npz,76518,9e448c64d71cb51e2be2f1e5a62b55f9fd5787c504ef9f685083b2dd88f106ad
resnet,electrode,202,ma_n20004_call_independent_rms_s10,phase2/results/predictions/full/electrode/resnet/seed_202/ma_n20004_call_independent_rms_s10.npz,76524,ccee0b9cf66133665cd8df095d3f7b252852a8209fe520b32714648add05416c
resnet,electrode,202,ma_n20004_call_independent_rms_s0,phase2/results/predictions/full/electrode/resnet/seed_202/ma_n20004_call_independent_rms_s0.npz,76273,e79f465b84cc94bcb5ac87f21e16bcae4ee1fb703f861c242b3798096c5dfb7a
resnet,electrode,202,ma_n20004_call_electrode_s20,phase2/results/predictions/full/electrode/resnet/seed_202/ma_n20004_call_electrode_s20.npz,76515,d3a5e4ff39c7f5ba1ecda4953501e76a6a7d607eedd659e41d06a44129f764e1
resnet,electrode,202,ma_n20004_call_electrode_s10,phase2/results/predictions/full/electrode/resnet/seed_202/ma_n20004_call_electrode_s10.npz,76512,c955892f49524dea1bd54636c065a0586b6499647e9f2a89aa0efcd18f2b6a26
resnet,electrode,202,ma_n20004_call_electrode_s0,phase2/results/predictions/full/electrode/resnet/seed_202/ma_n20004_call_electrode_s0.npz,76219,43dcc5ad408ca3e6387b1eee49e801f321deccb12c4aa647a26633219d467b0f
resnet,electrode,202,ma_n20004_call_covariance_s20,phase2/results/predictions/full/electrode/resnet/seed_202/ma_n20004_call_covariance_s20.npz,76548,6731ec91ba702f36ca54920c072b51091214043bf0132529c2cb9389d9c939ae
resnet,electrode,202,ma_n20004_call_covariance_s10,phase2/results/predictions/full/electrode/resnet/seed_202/ma_n20004_call_covariance_s10.npz,76497,6e8942be29ac76bba2ddef3bcb0793534d109b17ec34e31638f476cc67ca28fe
resnet,electrode,202,ma_n20004_call_covariance_s0,phase2/results/predictions/full/electrode/resnet/seed_202/ma_n20004_call_covariance_s0.npz,76221,9563905cb881861c24cd3ac5a43a12f41ab677e790e0accaa412755a123e4c37
resnet,electrode,202,ma_n20005_call_independent_rms_s20,phase2/results/predictions/full/electrode/resnet/seed_202/ma_n20005_call_independent_rms_s20.npz,76542,40a5f1d9a7b1075848d04cf335acdbd40d66e6dd8ce355bd56e6742ca8657951
resnet,electrode,202,ma_n20005_call_independent_rms_s10,phase2/results/predictions/full/electrode/resnet/seed_202/ma_n20005_call_independent_rms_s10.npz,76532,d676f471b4e4f1b1a1884cd59dab85333dcdc5f6fe60a260dc67501672597f04
resnet,electrode,202,ma_n20005_call_independent_rms_s0,phase2/results/predictions/full/electrode/resnet/seed_202/ma_n20005_call_independent_rms_s0.npz,76277,30b9ceb2df1dc4d54815ca403a4809b9805dd7855534cc2fd9925121e2f1c6fc
resnet,electrode,202,ma_n20005_call_electrode_s20,phase2/results/predictions/full/electrode/resnet/seed_202/ma_n20005_call_electrode_s20.npz,76503,b0af8c78a8efd75d59dc62036c06b9fb039b0dcdb99da3dcbe83de012d3999b8
resnet,electrode,202,ma_n20005_call_electrode_s10,phase2/results/predictions/full/electrode/resnet/seed_202/ma_n20005_call_electrode_s10.npz,76457,be6eed5758f38d4472a97d7bea90103431273145e3f5580fcb9c2b731bb4bc21
resnet,electrode,202,ma_n20005_call_electrode_s0,phase2/results/predictions/full/electrode/resnet/seed_202/ma_n20005_call_electrode_s0.npz,76224,3fca15badceaf8e1d1d1e12cfc024cefe2f4bf0daca43d87937b1f554f0d625f
resnet,electrode,202,ma_n20005_call_covariance_s20,phase2/results/predictions/full/electrode/resnet/seed_202/ma_n20005_call_covariance_s20.npz,76535,66f140924f250c40e45fef3c1fcd9f6969b5609a6b67c94e523320b109d7188b
resnet,electrode,202,ma_n20005_call_covariance_s10,phase2/results/predictions/full/electrode/resnet/seed_202/ma_n20005_call_covariance_s10.npz,76490,465d744fa58ad0708b1a7ae262bea1ec7f1c193f10339fbd24a18c158888950b
resnet,electrode,202,ma_n20005_call_covariance_s0,phase2/results/predictions/full/electrode/resnet/seed_202/ma_n20005_call_covariance_s0.npz,76226,3624a557c57ef16ce677806f57ffb38cdaf84a027d8e0597cf9428f35a635444
resnet,electrode,202,em_n20001_call_independent_rms_s20,phase2/results/predictions/full/electrode/resnet/seed_202/em_n20001_call_independent_rms_s20.npz,76552,7c0371083a2b3271a84adfd05d27efb50a47648b6a4d7e50e1bcb606ed3cb2ec
resnet,electrode,202,em_n20001_call_independent_rms_s10,phase2/results/predictions/full/electrode/resnet/seed_202/em_n20001_call_independent_rms_s10.npz,76467,093d39df1d51a2ed7f340acc9fbbd9adbc65904021dbb85d4ecd4a3c0dbdc05e
resnet,electrode,202,em_n20001_call_independent_rms_s0,phase2/results/predictions/full/electrode/resnet/seed_202/em_n20001_call_independent_rms_s0.npz,76064,ed0ed13f03e544b456c6a0b66b9480fd6461d76eb82970aa4c495d319e6fe197
resnet,electrode,202,em_n20001_call_electrode_s20,phase2/results/predictions/full/electrode/resnet/seed_202/em_n20001_call_electrode_s20.npz,76511,e05dfac7b81a563cae31c076dfe62ef25007cd441340e2451a9fc9da6f1632bc
resnet,electrode,202,em_n20001_call_electrode_s10,phase2/results/predictions/full/electrode/resnet/seed_202/em_n20001_call_electrode_s10.npz,76397,2878e0010dc16cfdc579dfb0b1c9266555b4fde5ca91f463858da64c1d5cd771
resnet,electrode,202,em_n20001_call_electrode_s0,phase2/results/predictions/full/electrode/resnet/seed_202/em_n20001_call_electrode_s0.npz,75894,75cfbfbf770c17cee088bfb1c446d46e435bc17a8e30583a33472bbbbd1b81ed
resnet,electrode,202,em_n20001_call_covariance_s20,phase2/results/predictions/full/electrode/resnet/seed_202/em_n20001_call_covariance_s20.npz,76511,529a1be35b7d6748bae35043105e32753a45d30a446af93fb44d88040b1cab4c
resnet,electrode,202,em_n20001_call_covariance_s10,phase2/results/predictions/full/electrode/resnet/seed_202/em_n20001_call_covariance_s10.npz,76389,930133eff898066a5f2207735cb8acbc04f4e883729ba91b4e0fc83a6bc71d1e
resnet,electrode,202,em_n20001_call_covariance_s0,phase2/results/predictions/full/electrode/resnet/seed_202/em_n20001_call_covariance_s0.npz,75971,b0e4c1a536959b40e5c0bc1dde19f6cd0f47e7a07d75fbbe03a6da19d9dae444
resnet,electrode,202,em_n20002_call_independent_rms_s20,phase2/results/predictions/full/electrode/resnet/seed_202/em_n20002_call_independent_rms_s20.npz,76519,389890abb31e15397848f2205b7bd56deec284866789e96c1b16c0bb8dfabfba
resnet,electrode,202,em_n20002_call_independent_rms_s10,phase2/results/predictions/full/electrode/resnet/seed_202/em_n20002_call_independent_rms_s10.npz,76493,b29979748586d93ff3712c47e4d3f041b0176aa8ad71099579a4ec8b3e337cc9
resnet,electrode,202,em_n20002_call_independent_rms_s0,phase2/results/predictions/full/electrode/resnet/seed_202/em_n20002_call_independent_rms_s0.npz,76092,98ca9f0e84e7306a1238b7398489d4bde0eb44f425c2b16c2868a0c6d564c8a0
resnet,electrode,202,em_n20002_call_electrode_s20,phase2/results/predictions/full/electrode/resnet/seed_202/em_n20002_call_electrode_s20.npz,76512,ba68c4fa353a38bdd2ce2d57b4bb1b9990daeb5f6318b3da3608185cf3fde404
resnet,electrode,202,em_n20002_call_electrode_s10,phase2/results/predictions/full/electrode/resnet/seed_202/em_n20002_call_electrode_s10.npz,76417,9976f30b86100936dbed1ec2d4cd8eb4adf723a72d9af51b9fa3c384a7216c10
resnet,electrode,202,em_n20002_call_electrode_s0,phase2/results/predictions/full/electrode/resnet/seed_202/em_n20002_call_electrode_s0.npz,75924,6fb6bd27066b0487e48db87e0396f6c8252aa48ae00e77fd11afec649892e702
resnet,electrode,202,em_n20002_call_covariance_s20,phase2/results/predictions/full/electrode/resnet/seed_202/em_n20002_call_covariance_s20.npz,76543,5f9de2e2c28353f72842f6e7a23efeffaa5c39e228c2ca8a9fd38c919ac18a56
resnet,electrode,202,em_n20002_call_covariance_s10,phase2/results/predictions/full/electrode/resnet/seed_202/em_n20002_call_covariance_s10.npz,76348,09262f5ff9101b8e61edad383aadc9aa8a8869819095228056f871bf26c9a551
resnet,electrode,202,em_n20002_call_covariance_s0,phase2/results/predictions/full/electrode/resnet/seed_202/em_n20002_call_covariance_s0.npz,75955,a0ad9784d5463963833950d4be40bee8ae16b411f1819e4f40709fb155975a13
resnet,electrode,202,em_n20003_call_independent_rms_s20,phase2/results/predictions/full/electrode/resnet/seed_202/em_n20003_call_independent_rms_s20.npz,76542,5ffe45888dc33e835ee2419137800c2981b9d71ea7e7027dc4d31b9432bdd6ba
resnet,electrode,202,em_n20003_call_independent_rms_s10,phase2/results/predictions/full/electrode/resnet/seed_202/em_n20003_call_independent_rms_s10.npz,76458,0e32e6bc89a761ecd64399edf3ff193509a4157a79f214170de5450544e3d6ee
resnet,electrode,202,em_n20003_call_independent_rms_s0,phase2/results/predictions/full/electrode/resnet/seed_202/em_n20003_call_independent_rms_s0.npz,76085,0b11e50eb52094a57a0a7970b20afe4a6ea30906b6c2fa85029d3a1d9ee4606d
resnet,electrode,202,em_n20003_call_electrode_s20,phase2/results/predictions/full/electrode/resnet/seed_202/em_n20003_call_electrode_s20.npz,76531,681045e92dc58a1779558bcbfa63dc96f1888c1ad1232c235b7d659f3a6c6fa5
resnet,electrode,202,em_n20003_call_electrode_s10,phase2/results/predictions/full/electrode/resnet/seed_202/em_n20003_call_electrode_s10.npz,76410,b031b746689f96aa32024e8e234a084308665a21da1abae0b46e5d5d57c8b17d
resnet,electrode,202,em_n20003_call_electrode_s0,phase2/results/predictions/full/electrode/resnet/seed_202/em_n20003_call_electrode_s0.npz,75924,9a2a5c9678c27c2313de086253af9861aab308d35fc781cf7681e6a678fedfa1
resnet,electrode,202,em_n20003_call_covariance_s20,phase2/results/predictions/full/electrode/resnet/seed_202/em_n20003_call_covariance_s20.npz,76518,985800934b7568bcb4fd1563c841b262733fd568eb4c80e9a3c3aabc291dd24f
resnet,electrode,202,em_n20003_call_covariance_s10,phase2/results/predictions/full/electrode/resnet/seed_202/em_n20003_call_covariance_s10.npz,76421,ecbc2c0a05203e734d012a089b92eae0ce650d8d8e766dc54dcf85446cc1315c
resnet,electrode,202,em_n20003_call_covariance_s0,phase2/results/predictions/full/electrode/resnet/seed_202/em_n20003_call_covariance_s0.npz,75936,87b9a3b19a9e2e4b07e071f86db71645235d80346b2d1b314cbef559e17d8970
resnet,electrode,202,em_n20004_call_independent_rms_s20,phase2/results/predictions/full/electrode/resnet/seed_202/em_n20004_call_independent_rms_s20.npz,76554,2bdafef1d9ccd1a7fb3f9aa7b261e5aaed569a522b9ee329bda1f93e5ab2b984
resnet,electrode,202,em_n20004_call_independent_rms_s10,phase2/results/predictions/full/electrode/resnet/seed_202/em_n20004_call_independent_rms_s10.npz,76455,a467a84a83b7ce24de9c51a01d59ca3226ff19d73b2c1791af55206b9b3c1938
resnet,electrode,202,em_n20004_call_independent_rms_s0,phase2/results/predictions/full/electrode/resnet/seed_202/em_n20004_call_independent_rms_s0.npz,76066,af36072efa0cd09f6641a89ce02c3a5ecef928fc0617fdbf52ccaf712d1ed280
resnet,electrode,202,em_n20004_call_electrode_s20,phase2/results/predictions/full/electrode/resnet/seed_202/em_n20004_call_electrode_s20.npz,76542,8481579cd6ed788a98b25eac66747fb65fe32ae177a4a8bd072293de5e5faabe
resnet,electrode,202,em_n20004_call_electrode_s10,phase2/results/predictions/full/electrode/resnet/seed_202/em_n20004_call_electrode_s10.npz,76410,d2a3e601e2ba877ec09a6dbcf6f44212354bb22d78f100de69521dc3ca23dd79
resnet,electrode,202,em_n20004_call_electrode_s0,phase2/results/predictions/full/electrode/resnet/seed_202/em_n20004_call_electrode_s0.npz,75923,c835a38fce529742cc7d79987abc63132151af5190fbaf10561ac1d4bc65ddc5
resnet,electrode,202,em_n20004_call_covariance_s20,phase2/results/predictions/full/electrode/resnet/seed_202/em_n20004_call_covariance_s20.npz,76515,a95e1d29773dbde31fec51df0094e0dd75d48fbde0de7c5004d6b19ddaf064a3
resnet,electrode,202,em_n20004_call_covariance_s10,phase2/results/predictions/full/electrode/resnet/seed_202/em_n20004_call_covariance_s10.npz,76361,5bbb0f3b375de81e110abec87388322e2fd4b72b08e7c9aede447d8e744be2dd
resnet,electrode,202,em_n20004_call_covariance_s0,phase2/results/predictions/full/electrode/resnet/seed_202/em_n20004_call_covariance_s0.npz,75956,20973e4ec2012b6da564d63cb8c503486f611d5781441e864b5ef976ca402506
resnet,electrode,202,em_n20005_call_independent_rms_s20,phase2/results/predictions/full/electrode/resnet/seed_202/em_n20005_call_independent_rms_s20.npz,76537,d87f149537a3c1674b13daf1a38057bc8548323ce629120fc918d3727d94052c
resnet,electrode,202,em_n20005_call_independent_rms_s10,phase2/results/predictions/full/electrode/resnet/seed_202/em_n20005_call_independent_rms_s10.npz,76477,73962179a03186356d644d5cd46159130811b5b4c6f8b629d8432fee621a635a
resnet,electrode,202,em_n20005_call_independent_rms_s0,phase2/results/predictions/full/electrode/resnet/seed_202/em_n20005_call_independent_rms_s0.npz,76079,224603e27dc82cf081aab41c0f72117dbdc4e218779336445ceaa24252fd3c6c
resnet,electrode,202,em_n20005_call_electrode_s20,phase2/results/predictions/full/electrode/resnet/seed_202/em_n20005_call_electrode_s20.npz,76515,3799424cadc2eeb1bbdb052aa6cd2eaf3bfd966e9b9ec6cd53ce181dad02cf45
resnet,electrode,202,em_n20005_call_electrode_s10,phase2/results/predictions/full/electrode/resnet/seed_202/em_n20005_call_electrode_s10.npz,76378,5b435c85b3a98d856d4571113c2ec56a707b7e5e41ec8280e422dc05d84b4cd0
resnet,electrode,202,em_n20005_call_electrode_s0,phase2/results/predictions/full/electrode/resnet/seed_202/em_n20005_call_electrode_s0.npz,75923,bf73c8ae12f58518fef11415aac75a22b90751bf6a8e90e4460676eea51c6ac1
resnet,electrode,202,em_n20005_call_covariance_s20,phase2/results/predictions/full/electrode/resnet/seed_202/em_n20005_call_covariance_s20.npz,76521,767661738d0ed330e39184b531ff94ae05fcbab91930a31d9bdbbba541444866
resnet,electrode,202,em_n20005_call_covariance_s10,phase2/results/predictions/full/electrode/resnet/seed_202/em_n20005_call_covariance_s10.npz,76414,62581aa8daa71975de63197db503ad969d578635cfb24f581863bca8ee482052
resnet,electrode,202,em_n20005_call_covariance_s0,phase2/results/predictions/full/electrode/resnet/seed_202/em_n20005_call_covariance_s0.npz,75945,f636d1e5cea7726892ebb62ebe470cc5d4d40197a30bcb58aa9d06d597196547
resnet,mixed,202,clean,phase2/results/predictions/full/mixed/resnet/seed_202/clean.npz,76383,e226b9e45f3306168c69077d8fcd092b86be22ff814967088ba08b044347c4ee
resnet,mixed,202,bandpass_n20001_cRA_LA_LL_independent_rms_s20,phase2/results/predictions/full/mixed/resnet/seed_202/bandpass_n20001_cRA_LA_LL_independent_rms_s20.npz,76479,ae2cb5ce97a1f796b2ce169b47013b9c2edca112074ad8e15bb9aa6ba0283413
resnet,mixed,202,bandpass_n20001_cRA_LA_LL_independent_rms_s15,phase2/results/predictions/full/mixed/resnet/seed_202/bandpass_n20001_cRA_LA_LL_independent_rms_s15.npz,76458,a93341ec4a1790917e5016ae4e3e689e0b218119d3aa7d81ac9713a1cf5f4342
resnet,mixed,202,bandpass_n20001_cRA_LA_LL_independent_rms_s10,phase2/results/predictions/full/mixed/resnet/seed_202/bandpass_n20001_cRA_LA_LL_independent_rms_s10.npz,76454,005445a316b2fb9beb22990a53c5c503d8c469a7f5e190f6f4a753cae5d28dac
resnet,mixed,202,bandpass_n20001_cRA_LA_LL_independent_rms_s5,phase2/results/predictions/full/mixed/resnet/seed_202/bandpass_n20001_cRA_LA_LL_independent_rms_s5.npz,76315,17ae7c9e677c86790d21bea8759e43b4ec7633f122f86cfbc634f4d06ac80343
resnet,mixed,202,bandpass_n20001_cRA_LA_LL_independent_rms_s0,phase2/results/predictions/full/mixed/resnet/seed_202/bandpass_n20001_cRA_LA_LL_independent_rms_s0.npz,75972,e3be9df91fcc0a6741485799b0d5b142b28bc54494fd640e3fc9d70b13a27045
resnet,mixed,202,bandpass_n20001_cRA_LA_LL_electrode_s20,phase2/results/predictions/full/mixed/resnet/seed_202/bandpass_n20001_cRA_LA_LL_electrode_s20.npz,76430,d7ad4ae2204dcc493ef494cfda265ef324cda1db09f837651cf9d8f46db60673
resnet,mixed,202,bandpass_n20001_cRA_LA_LL_electrode_s15,phase2/results/predictions/full/mixed/resnet/seed_202/bandpass_n20001_cRA_LA_LL_electrode_s15.npz,76441,a9ac7e6bd412f324bcdcd70056b3e65574b23672fc92b7de1a0d56f0203e2026
resnet,mixed,202,bandpass_n20001_cRA_LA_LL_electrode_s10,phase2/results/predictions/full/mixed/resnet/seed_202/bandpass_n20001_cRA_LA_LL_electrode_s10.npz,76343,9b1b644cb80a66baa24ff88f942a1c36473ddd12fcb398ae811e9fa8bf917619
resnet,mixed,202,bandpass_n20001_cRA_LA_LL_electrode_s5,phase2/results/predictions/full/mixed/resnet/seed_202/bandpass_n20001_cRA_LA_LL_electrode_s5.npz,76144,86fba2b541d0433ddbc089fd6f7facc88d734156d499dc83889bb7ce93bba776
resnet,mixed,202,bandpass_n20001_cRA_LA_LL_electrode_s0,phase2/results/predictions/full/mixed/resnet/seed_202/bandpass_n20001_cRA_LA_LL_electrode_s0.npz,75741,caae6d088d6e94d4aa0835d09a191bf5fa125aaf7043a93ed573c1a6feba081e
resnet,mixed,202,bandpass_n20001_cRA_LA_LL_covariance_s20,phase2/results/predictions/full/mixed/resnet/seed_202/bandpass_n20001_cRA_LA_LL_covariance_s20.npz,76441,c16597de8a4d3f410e22dc453194ded14ee9d7d293c456d535ffc7fe9b133600
resnet,mixed,202,bandpass_n20001_cRA_LA_LL_covariance_s15,phase2/results/predictions/full/mixed/resnet/seed_202/bandpass_n20001_cRA_LA_LL_covariance_s15.npz,76399,f3391241582161291b75d03362acb0df30bbcc1fa05eef2aa42d60c1d2f22fee
resnet,mixed,202,bandpass_n20001_cRA_LA_LL_covariance_s10,phase2/results/predictions/full/mixed/resnet/seed_202/bandpass_n20001_cRA_LA_LL_covariance_s10.npz,76317,b22f65c79098a607371ff56b627609b2e85f10b7594a0bcc66e92e41dd2bcd40
resnet,mixed,202,bandpass_n20001_cRA_LA_LL_covariance_s5,phase2/results/predictions/full/mixed/resnet/seed_202/bandpass_n20001_cRA_LA_LL_covariance_s5.npz,76130,33fb8900368365cb78f5f84341aff6c3903622076d8156c3312362dfc05b070d
resnet,mixed,202,bandpass_n20001_cRA_LA_LL_covariance_s0,phase2/results/predictions/full/mixed/resnet/seed_202/bandpass_n20001_cRA_LA_LL_covariance_s0.npz,75774,3ae62f9917302dd753dd4f180d10fc6e34d0974228a4a51a08ea798476356a90
resnet,mixed,202,bandpass_n20001_cV1_independent_rms_s20,phase2/results/predictions/full/mixed/resnet/seed_202/bandpass_n20001_cV1_independent_rms_s20.npz,76452,3c8268e564bb597ce74b987f43f61b17000b93931a08961d958fabe3dd031272
resnet,mixed,202,bandpass_n20001_cV1_independent_rms_s15,phase2/results/predictions/full/mixed/resnet/seed_202/bandpass_n20001_cV1_independent_rms_s15.npz,76456,c21edb1a85a369c90bc02148153f40c850681c03436b1e6c9a116e395a6fc955
resnet,mixed,202,bandpass_n20001_cV1_independent_rms_s10,phase2/results/predictions/full/mixed/resnet/seed_202/bandpass_n20001_cV1_independent_rms_s10.npz,76404,f980ce71f835be04ed50adba0c5a899d3dec337f61eb4d66aa7621096e9ba034
resnet,mixed,202,bandpass_n20001_cV1_independent_rms_s5,phase2/results/predictions/full/mixed/resnet/seed_202/bandpass_n20001_cV1_independent_rms_s5.npz,76260,297731750bccc25c2683ab25b4269cbf8c927eacc37cc069b73d7e754cb0b6bc
resnet,mixed,202,bandpass_n20001_cV1_independent_rms_s0,phase2/results/predictions/full/mixed/resnet/seed_202/bandpass_n20001_cV1_independent_rms_s0.npz,75785,a79ca64841ef8323ac45de045318c2936d2ca6fc88c3311639ab3f9da1fe0391
resnet,mixed,202,bandpass_n20001_cV1_electrode_s20,phase2/results/predictions/full/mixed/resnet/seed_202/bandpass_n20001_cV1_electrode_s20.npz,76442,9eb1eb8995dc677ecc373d081b1c35438a50ff5f9ebceec772f47652225a552f
resnet,mixed,202,bandpass_n20001_cV1_electrode_s15,phase2/results/predictions/full/mixed/resnet/seed_202/bandpass_n20001_cV1_electrode_s15.npz,76442,a35b070e479beccc55418bc680e1ab3da3edab81d61bc821db571b248b6cd009
resnet,mixed,202,bandpass_n20001_cV1_electrode_s10,phase2/results/predictions/full/mixed/resnet/seed_202/bandpass_n20001_cV1_electrode_s10.npz,76392,8470e061425c3c0a181405d9e372aefd17369e2b2d84efbc5d56f5efa4de0265
resnet,mixed,202,bandpass_n20001_cV1_electrode_s5,phase2/results/predictions/full/mixed/resnet/seed_202/bandpass_n20001_cV1_electrode_s5.npz,76208,8f662be5ef3b8bfb3b7635ca8028bc8f58c43cdab8385a6b40958a4133c25046
resnet,mixed,202,bandpass_n20001_cV1_electrode_s0,phase2/results/predictions/full/mixed/resnet/seed_202/bandpass_n20001_cV1_electrode_s0.npz,75771,a7f35c8365cf81ea8576daaa73ca3a602f1745eb78b41e6e8e168f02c35300fe
resnet,mixed,202,bandpass_n20001_cV1_covariance_s20,phase2/results/predictions/full/mixed/resnet/seed_202/bandpass_n20001_cV1_covariance_s20.npz,76448,fb2b23df95934a80152b0ca9430abe884d4fa8dd04a1aa44142017aadce815d1
resnet,mixed,202,bandpass_n20001_cV1_covariance_s15,phase2/results/predictions/full/mixed/resnet/seed_202/bandpass_n20001_cV1_covariance_s15.npz,76428,051de276ee1a8417e285f362cd9c6a5c3aa0983b518b698115f7648599435109
resnet,mixed,202,bandpass_n20001_cV1_covariance_s10,phase2/results/predictions/full/mixed/resnet/seed_202/bandpass_n20001_cV1_covariance_s10.npz,76370,dd9e8e08f23f878587076b9da90aa267b64adf94652e1b31dcaa31c238ef96ca
resnet,mixed,202,bandpass_n20001_cV1_covariance_s5,phase2/results/predictions/full/mixed/resnet/seed_202/bandpass_n20001_cV1_covariance_s5.npz,76227,5c5ac6f601ebb1005bd0aa7d2eaba227c6e8c10fd145cb66974bdbecb71d7a45
resnet,mixed,202,bandpass_n20001_cV1_covariance_s0,phase2/results/predictions/full/mixed/resnet/seed_202/bandpass_n20001_cV1_covariance_s0.npz,75803,404980f4093bd8395cd1ccacf4bd0bc236684c13747ce4888ab8ec03d5290203
resnet,mixed,202,bandpass_n20001_cV2_independent_rms_s20,phase2/results/predictions/full/mixed/resnet/seed_202/bandpass_n20001_cV2_independent_rms_s20.npz,76464,c3261b619fa5868b48521059bb290baef93529ebbaf0c92e474702a52e52d554
resnet,mixed,202,bandpass_n20001_cV2_independent_rms_s15,phase2/results/predictions/full/mixed/resnet/seed_202/bandpass_n20001_cV2_independent_rms_s15.npz,76468,3525af618f8cf8f99ae7bfeabd58b20900b4b86c9ad07fc730ce8a1d675e8dc9
resnet,mixed,202,bandpass_n20001_cV2_independent_rms_s10,phase2/results/predictions/full/mixed/resnet/seed_202/bandpass_n20001_cV2_independent_rms_s10.npz,76422,eefe18c02307b1f7bbee04cb429ced360ef276c6283ef706c03ebd3f9b8e668a
resnet,mixed,202,bandpass_n20001_cV2_independent_rms_s5,phase2/results/predictions/full/mixed/resnet/seed_202/bandpass_n20001_cV2_independent_rms_s5.npz,76319,5a5c4f87b9ecff58a0e074552dd30fb4a835e99387632bd2e25f35d142da8077
resnet,mixed,202,bandpass_n20001_cV2_independent_rms_s0,phase2/results/predictions/full/mixed/resnet/seed_202/bandpass_n20001_cV2_independent_rms_s0.npz,76041,b98c6bda4fbafbf9a91262e283c355b961cefc5e791699b39fc4d4b4b6a7e50b
resnet,mixed,202,bandpass_n20001_cV2_electrode_s20,phase2/results/predictions/full/mixed/resnet/seed_202/bandpass_n20001_cV2_electrode_s20.npz,76430,e8d98bc1678cbc87c8ab80e8dc97e662742796a3ec4079735cbaf0922e9f1d22
resnet,mixed,202,bandpass_n20001_cV2_electrode_s15,phase2/results/predictions/full/mixed/resnet/seed_202/bandpass_n20001_cV2_electrode_s15.npz,76459,ada990e3caf5f673308846bef75cacda106917dfd95c39c5ad37eb61a5098e67
resnet,mixed,202,bandpass_n20001_cV2_electrode_s10,phase2/results/predictions/full/mixed/resnet/seed_202/bandpass_n20001_cV2_electrode_s10.npz,76409,dfa5843593886be720afc1424ca9e46d2d31ba942b175c89179a6250b705ef88
resnet,mixed,202,bandpass_n20001_cV2_electrode_s5,phase2/results/predictions/full/mixed/resnet/seed_202/bandpass_n20001_cV2_electrode_s5.npz,76331,2ee6e4d0dfd4f80da70f24b1c5b6e3d927a79d571d2b9d1623c23a9e04e11339
resnet,mixed,202,bandpass_n20001_cV2_electrode_s0,phase2/results/predictions/full/mixed/resnet/seed_202/bandpass_n20001_cV2_electrode_s0.npz,76043,d4dcc9cc8a380dc15bf332fab61741518aec755725de3ce0f2266d2b1b2e93ea
resnet,mixed,202,bandpass_n20001_cV2_covariance_s20,phase2/results/predictions/full/mixed/resnet/seed_202/bandpass_n20001_cV2_covariance_s20.npz,76408,192a8a4dd3c0376d5b93bdaa4c95e59ff0ae00c04c7d28e9464b117efd84eea4
resnet,mixed,202,bandpass_n20001_cV2_covariance_s15,phase2/results/predictions/full/mixed/resnet/seed_202/bandpass_n20001_cV2_covariance_s15.npz,76433,3ed23a9d4aafa20050a1685c8e01b7f185e9c890dd0198ccd0ca56865ddb0e32
resnet,mixed,202,bandpass_n20001_cV2_covariance_s10,phase2/results/predictions/full/mixed/resnet/seed_202/bandpass_n20001_cV2_covariance_s10.npz,76424,b3874134b3444986a0136e5faee8bde532cde9541826f119a79708e46cc60947
resnet,mixed,202,bandpass_n20001_cV2_covariance_s5,phase2/results/predictions/full/mixed/resnet/seed_202/bandpass_n20001_cV2_covariance_s5.npz,76297,b12996ffcce88209c208dd4364feb84aa706ec9241b194625fff69e49a36f55d
resnet,mixed,202,bandpass_n20001_cV2_covariance_s0,phase2/results/predictions/full/mixed/resnet/seed_202/bandpass_n20001_cV2_covariance_s0.npz,76058,de62f7d7014f3694f0754bf459a860bf29c1bcef468eb8a060b473b9c5661e10
resnet,mixed,202,bandpass_n20001_cV3_independent_rms_s20,phase2/results/predictions/full/mixed/resnet/seed_202/bandpass_n20001_cV3_independent_rms_s20.npz,76473,f3b682faa91ab4a5f514a444e117f45007a0919f117f9575d26077166ba8bbd9
resnet,mixed,202,bandpass_n20001_cV3_independent_rms_s15,phase2/results/predictions/full/mixed/resnet/seed_202/bandpass_n20001_cV3_independent_rms_s15.npz,76437,269d66d3f84fe4a4ca828f45ccc5c73a8bdc4cfbd8703bb3b3ce552e320670bd
resnet,mixed,202,bandpass_n20001_cV3_independent_rms_s10,phase2/results/predictions/full/mixed/resnet/seed_202/bandpass_n20001_cV3_independent_rms_s10.npz,76459,2774f744d766618505179090db76aa99f57f3f00e4247b398071ff1fabd67189
resnet,mixed,202,bandpass_n20001_cV3_independent_rms_s5,phase2/results/predictions/full/mixed/resnet/seed_202/bandpass_n20001_cV3_independent_rms_s5.npz,76396,6ca15d40f5d9716f0c9cc5a92f15b708308a14e5e5b6090383e1173e173c3cad
resnet,mixed,202,bandpass_n20001_cV3_independent_rms_s0,phase2/results/predictions/full/mixed/resnet/seed_202/bandpass_n20001_cV3_independent_rms_s0.npz,76225,f77f3605dfddee22db46b44e9ad5cd144d557899992becd45073beb10d60e985
resnet,mixed,202,bandpass_n20001_cV3_electrode_s20,phase2/results/predictions/full/mixed/resnet/seed_202/bandpass_n20001_cV3_electrode_s20.npz,76462,a4282504dbca15235dc308a9343b4c49c72f04ac1f96acd4a494e5ba476b42c0
resnet,mixed,202,bandpass_n20001_cV3_electrode_s15,phase2/results/predictions/full/mixed/resnet/seed_202/bandpass_n20001_cV3_electrode_s15.npz,76433,d7d1bba5cd480fc073456a4e04ac272ac309663b53132700455ee3a9a82445ad
resnet,mixed,202,bandpass_n20001_cV3_electrode_s10,phase2/results/predictions/full/mixed/resnet/seed_202/bandpass_n20001_cV3_electrode_s10.npz,76420,9521f48ac72fd70624bf30bb68121702b61ab08252f901899cb9b896729a25a0
resnet,mixed,202,bandpass_n20001_cV3_electrode_s5,phase2/results/predictions/full/mixed/resnet/seed_202/bandpass_n20001_cV3_electrode_s5.npz,76424,939e1677400c6287e8f12bd48dde2bf455acb145340e04745fb75c50bdd18389
resnet,mixed,202,bandpass_n20001_cV3_electrode_s0,phase2/results/predictions/full/mixed/resnet/seed_202/bandpass_n20001_cV3_electrode_s0.npz,76215,e0b63342e8bbe1f0a0ca6bde71291c9256a4a53961d937bf407cc1cddee4bb7f
resnet,mixed,202,bandpass_n20001_cV3_covariance_s20,phase2/results/predictions/full/mixed/resnet/seed_202/bandpass_n20001_cV3_covariance_s20.npz,76410,1c631028ba9f5ee15a0dca65c28103690f4ad1e248ebb09092b1121f253362c8
resnet,mixed,202,bandpass_n20001_cV3_covariance_s15,phase2/results/predictions/full/mixed/resnet/seed_202/bandpass_n20001_cV3_covariance_s15.npz,76418,79ee8ec2991678be454cf37f611edc8fc7a5ff8bb18f0fc0a325e0a786d10ac8
resnet,mixed,202,bandpass_n20001_cV3_covariance_s10,phase2/results/predictions/full/mixed/resnet/seed_202/bandpass_n20001_cV3_covariance_s10.npz,76430,bb79b90f221e7a13b96275cf4f73c06e8f96ed0070e5c6a950c56090df7ae9c9
resnet,mixed,202,bandpass_n20001_cV3_covariance_s5,phase2/results/predictions/full/mixed/resnet/seed_202/bandpass_n20001_cV3_covariance_s5.npz,76360,488648d4b4cbc6aac9f713c2e596d2b5f00a1e4a926120d78d21e4f8e959ee21
resnet,mixed,202,bandpass_n20001_cV3_covariance_s0,phase2/results/predictions/full/mixed/resnet/seed_202/bandpass_n20001_cV3_covariance_s0.npz,76200,5fa9aa644fca01d0c6def002030bad5a1026b3e6ff2f6fa17721f1a5a68d9b09
resnet,mixed,202,bandpass_n20001_cV4_independent_rms_s20,phase2/results/predictions/full/mixed/resnet/seed_202/bandpass_n20001_cV4_independent_rms_s20.npz,76457,9d4f84ebe2af8cb8615569f11e7aa58e32f92c7dd4e231d80f6ced8579bd5ead
resnet,mixed,202,bandpass_n20001_cV4_independent_rms_s15,phase2/results/predictions/full/mixed/resnet/seed_202/bandpass_n20001_cV4_independent_rms_s15.npz,76487,b0522074ee1b2a005627cb1006936f08a4846ef8a125ac5957429efa6cebeb3c
resnet,mixed,202,bandpass_n20001_cV4_independent_rms_s10,phase2/results/predictions/full/mixed/resnet/seed_202/bandpass_n20001_cV4_independent_rms_s10.npz,76435,e3b90759c861479ed06253e510b2061775df389bb7d665e9076d7a0e7b300ae1
resnet,mixed,202,bandpass_n20001_cV4_independent_rms_s5,phase2/results/predictions/full/mixed/resnet/seed_202/bandpass_n20001_cV4_independent_rms_s5.npz,76328,323f27ac89acb66a6fe2cb7b31e5d675603384d3b7d0a04d56a1848236f69a87
resnet,mixed,202,bandpass_n20001_cV4_independent_rms_s0,phase2/results/predictions/full/mixed/resnet/seed_202/bandpass_n20001_cV4_independent_rms_s0.npz,76028,c717372ec814d3d11ca686d7b2efaa066562dcf1087def06525df40e99a24e8b
resnet,mixed,202,bandpass_n20001_cV4_electrode_s20,phase2/results/predictions/full/mixed/resnet/seed_202/bandpass_n20001_cV4_electrode_s20.npz,76419,089af9dfe79decd898b26986ebdf808aba7b531085eafabca7909a83ab5f2970
resnet,mixed,202,bandpass_n20001_cV4_electrode_s15,phase2/results/predictions/full/mixed/resnet/seed_202/bandpass_n20001_cV4_electrode_s15.npz,76428,5b63597f7741a9694b615eb53a8107e95b8d07fb697b6dbba8bdcb2eb3dbfff9
resnet,mixed,202,bandpass_n20001_cV4_electrode_s10,phase2/results/predictions/full/mixed/resnet/seed_202/bandpass_n20001_cV4_electrode_s10.npz,76402,9510d668463956b74683ddc3623c2dbf8c6e5c0346e9068f723f1fd9095b4229
resnet,mixed,202,bandpass_n20001_cV4_electrode_s5,phase2/results/predictions/full/mixed/resnet/seed_202/bandpass_n20001_cV4_electrode_s5.npz,76327,6cb52b85f47ed7246c74d02d1052e6db58d518fe4ec4886bf160f3645222d03c
resnet,mixed,202,bandpass_n20001_cV4_electrode_s0,phase2/results/predictions/full/mixed/resnet/seed_202/bandpass_n20001_cV4_electrode_s0.npz,76016,17e02bf18bc27e0580fdcf2896d671a1d6299bfc6df66f21432041c1f8aabb39
resnet,mixed,202,bandpass_n20001_cV4_covariance_s20,phase2/results/predictions/full/mixed/resnet/seed_202/bandpass_n20001_cV4_covariance_s20.npz,76443,756b6bed6f4681416eefbfa5de19489a214ea520babcce3c5cc7b45114cfb6fe
resnet,mixed,202,bandpass_n20001_cV4_covariance_s15,phase2/results/predictions/full/mixed/resnet/seed_202/bandpass_n20001_cV4_covariance_s15.npz,76391,772d887c095bcf3452788a701f546bc4b613f3615510c2f4dd707895a8ae585b
resnet,mixed,202,bandpass_n20001_cV4_covariance_s10,phase2/results/predictions/full/mixed/resnet/seed_202/bandpass_n20001_cV4_covariance_s10.npz,76441,4fac109db93743bfba4894e068a52f06edcca0ba1ccb6dd82af26af910539bcb
resnet,mixed,202,bandpass_n20001_cV4_covariance_s5,phase2/results/predictions/full/mixed/resnet/seed_202/bandpass_n20001_cV4_covariance_s5.npz,76318,cdb25669c88756ec6ba2da1268d3e9130a8a03c97a810e6b340d4cdf9676564e
resnet,mixed,202,bandpass_n20001_cV4_covariance_s0,phase2/results/predictions/full/mixed/resnet/seed_202/bandpass_n20001_cV4_covariance_s0.npz,76004,425f72b03f86c99131e814e979d94bcddfa3f9c85a2f749e9890d48e5e251e86
resnet,mixed,202,bandpass_n20001_cV5_independent_rms_s20,phase2/results/predictions/full/mixed/resnet/seed_202/bandpass_n20001_cV5_independent_rms_s20.npz,76449,28d316a6b6de4bc5e19014651e6a8fdaec4ecb5a7d7a8a247249418f44c06dac
resnet,mixed,202,bandpass_n20001_cV5_independent_rms_s15,phase2/results/predictions/full/mixed/resnet/seed_202/bandpass_n20001_cV5_independent_rms_s15.npz,76430,0feee603e31ddc57d06accbe20cd62029fa9565deb3e7808d071220fce47c84a
resnet,mixed,202,bandpass_n20001_cV5_independent_rms_s10,phase2/results/predictions/full/mixed/resnet/seed_202/bandpass_n20001_cV5_independent_rms_s10.npz,76418,c79f29bd5821004c37ae07b2d8050fc348e8e84385bec348299e518e7e133f96
resnet,mixed,202,bandpass_n20001_cV5_independent_rms_s5,phase2/results/predictions/full/mixed/resnet/seed_202/bandpass_n20001_cV5_independent_rms_s5.npz,76287,51eb84a65f865e868733c8f79eb9a1ed1ece8dec3cc9ade1c295ea0aae068689
resnet,mixed,202,bandpass_n20001_cV5_independent_rms_s0,phase2/results/predictions/full/mixed/resnet/seed_202/bandpass_n20001_cV5_independent_rms_s0.npz,76041,6de8ef0757d696ca78aaf6779c772c841480c2b62e5d3e6129a17b24768322bc
resnet,mixed,202,bandpass_n20001_cV5_electrode_s20,phase2/results/predictions/full/mixed/resnet/seed_202/bandpass_n20001_cV5_electrode_s20.npz,76433,423697de720d93d828f3f6532cb91fe8896f4c81b006a76dd93de7cfadd5ff3f
resnet,mixed,202,bandpass_n20001_cV5_electrode_s15,phase2/results/predictions/full/mixed/resnet/seed_202/bandpass_n20001_cV5_electrode_s15.npz,76428,15a9c638495eebdd50357864cc93adc37d5c6dca0832f894a757545c138becad
resnet,mixed,202,bandpass_n20001_cV5_electrode_s10,phase2/results/predictions/full/mixed/resnet/seed_202/bandpass_n20001_cV5_electrode_s10.npz,76406,e582dbf2cf86331d2cfba31f47dbe76758975b34d285dd41daf6128e9618bbe2
resnet,mixed,202,bandpass_n20001_cV5_electrode_s5,phase2/results/predictions/full/mixed/resnet/seed_202/bandpass_n20001_cV5_electrode_s5.npz,76306,5ac1a96712a70892967734feb4aa075e3fc3a994916ec5d6fd4f447ec3ee4ed8
resnet,mixed,202,bandpass_n20001_cV5_electrode_s0,phase2/results/predictions/full/mixed/resnet/seed_202/bandpass_n20001_cV5_electrode_s0.npz,76007,e7b845839b1d339891e05a94d3086b01793d9f2cab1f8189faa969b726962e82
resnet,mixed,202,bandpass_n20001_cV5_covariance_s20,phase2/results/predictions/full/mixed/resnet/seed_202/bandpass_n20001_cV5_covariance_s20.npz,76453,41c1f7d44cc53ea536af572a520301916f9e5bc1dd2fb362a2be19674b13e1b3
resnet,mixed,202,bandpass_n20001_cV5_covariance_s15,phase2/results/predictions/full/mixed/resnet/seed_202/bandpass_n20001_cV5_covariance_s15.npz,76445,5154d6a0c10dafb123cd070eb40de9ff7ed24ed45365d03af19c79ec2f9f3138
resnet,mixed,202,bandpass_n20001_cV5_covariance_s10,phase2/results/predictions/full/mixed/resnet/seed_202/bandpass_n20001_cV5_covariance_s10.npz,76384,6b6ca761a16dc008dc96a4d6733772f3d948231f02d0d9b65d8804ed7f2e4482
resnet,mixed,202,bandpass_n20001_cV5_covariance_s5,phase2/results/predictions/full/mixed/resnet/seed_202/bandpass_n20001_cV5_covariance_s5.npz,76290,af9f35988e8d738af5c25b1f780c0b3374ca6292d00981eb950479a2023419d1
resnet,mixed,202,bandpass_n20001_cV5_covariance_s0,phase2/results/predictions/full/mixed/resnet/seed_202/bandpass_n20001_cV5_covariance_s0.npz,76011,995991ea485332bd3f4e2c960dd82e485859c723e58ecb9eedf90eb7cfef0b8b
resnet,mixed,202,bandpass_n20001_cV6_independent_rms_s20,phase2/results/predictions/full/mixed/resnet/seed_202/bandpass_n20001_cV6_independent_rms_s20.npz,76435,16e5d6a760a50a2d03a9c25a05c495b9e80bd078253f04677f1029533fd46aa5
resnet,mixed,202,bandpass_n20001_cV6_independent_rms_s15,phase2/results/predictions/full/mixed/resnet/seed_202/bandpass_n20001_cV6_independent_rms_s15.npz,76435,da8bf40425aa26b1f451cd2a9085721f00e455ac3bcab6360b6b491bb7072dfa
resnet,mixed,202,bandpass_n20001_cV6_independent_rms_s10,phase2/results/predictions/full/mixed/resnet/seed_202/bandpass_n20001_cV6_independent_rms_s10.npz,76404,d863d6918310b16f8ac80fe84af287add380470e05d955b5167dd9edbd14b5f1
resnet,mixed,202,bandpass_n20001_cV6_independent_rms_s5,phase2/results/predictions/full/mixed/resnet/seed_202/bandpass_n20001_cV6_independent_rms_s5.npz,76288,524b5d540227efc1af0eaf917eba3faaa1b9a922a536d52e7e58ddfa630a38b6
resnet,mixed,202,bandpass_n20001_cV6_independent_rms_s0,phase2/results/predictions/full/mixed/resnet/seed_202/bandpass_n20001_cV6_independent_rms_s0.npz,75954,3ed16fded4efabe33031cc876383d09a135bf1d85a48c738d5c2a7c8341199c9
resnet,mixed,202,bandpass_n20001_cV6_electrode_s20,phase2/results/predictions/full/mixed/resnet/seed_202/bandpass_n20001_cV6_electrode_s20.npz,76420,da97b7083a372a36c3e0c313f6f233e2bc073a0fc504f73e031c0f7e63259982
resnet,mixed,202,bandpass_n20001_cV6_electrode_s15,phase2/results/predictions/full/mixed/resnet/seed_202/bandpass_n20001_cV6_electrode_s15.npz,76437,699bda7ed75daf0e2dad539a6be8c22700bee54c155002d8b63f564f9b38450c
resnet,mixed,202,bandpass_n20001_cV6_electrode_s10,phase2/results/predictions/full/mixed/resnet/seed_202/bandpass_n20001_cV6_electrode_s10.npz,76413,6bfbf98315b8b5e11929b13054d7558122fd8f67cc6c5c2cc074c69a86e6a660
resnet,mixed,202,bandpass_n20001_cV6_electrode_s5,phase2/results/predictions/full/mixed/resnet/seed_202/bandpass_n20001_cV6_electrode_s5.npz,76263,a040d95da7828ab365e70addb6490f5f0074d12d4db4edb58599c252d3ef8f1e
resnet,mixed,202,bandpass_n20001_cV6_electrode_s0,phase2/results/predictions/full/mixed/resnet/seed_202/bandpass_n20001_cV6_electrode_s0.npz,75939,2d4078364b9408aeb5f1202d89b81e0162618dc1d1523271bfd3d6aea1abd1f3
resnet,mixed,202,bandpass_n20001_cV6_covariance_s20,phase2/results/predictions/full/mixed/resnet/seed_202/bandpass_n20001_cV6_covariance_s20.npz,76442,3138b7042022201faeed0f91d1d9e102705c7d2893be12e28ab3ed9486f4e9c5
resnet,mixed,202,bandpass_n20001_cV6_covariance_s15,phase2/results/predictions/full/mixed/resnet/seed_202/bandpass_n20001_cV6_covariance_s15.npz,76428,2b6be5248c8dbef0eb85ba9767d953e5224feccd1c86c59e61a711aaecc00f1b
resnet,mixed,202,bandpass_n20001_cV6_covariance_s10,phase2/results/predictions/full/mixed/resnet/seed_202/bandpass_n20001_cV6_covariance_s10.npz,76382,d4ee2d9afd81e52df3dcdc4a01b18eb235fc1e9da3c164517242328ffdcb0aa4
resnet,mixed,202,bandpass_n20001_cV6_covariance_s5,phase2/results/predictions/full/mixed/resnet/seed_202/bandpass_n20001_cV6_covariance_s5.npz,76244,b45736b33f15f2f29f1edcf75575ee21ff375d12ca8838541d36cf2847770949
resnet,mixed,202,bandpass_n20001_cV6_covariance_s0,phase2/results/predictions/full/mixed/resnet/seed_202/bandpass_n20001_cV6_covariance_s0.npz,75955,ac86e8dbf5b4b33b5249b544e03151395ceba0ccceb45be83031e3e6a2caeec7
resnet,mixed,202,bandpass_n20001_cRA_LA_independent_rms_s20,phase2/results/predictions/full/mixed/resnet/seed_202/bandpass_n20001_cRA_LA_independent_rms_s20.npz,76454,fb2cc1976e430e18a243570898d9365de48039dc1417dd4c801de2bdf7959034
resnet,mixed,202,bandpass_n20001_cRA_LA_independent_rms_s15,phase2/results/predictions/full/mixed/resnet/seed_202/bandpass_n20001_cRA_LA_independent_rms_s15.npz,76464,5d483787d417204894e472cb58f0b79c6909e93df5248973820c2ddee27c6acc
resnet,mixed,202,bandpass_n20001_cRA_LA_independent_rms_s10,phase2/results/predictions/full/mixed/resnet/seed_202/bandpass_n20001_cRA_LA_independent_rms_s10.npz,76417,fda7f6c22e4e63fd6b59cc012a2d1eb07abb148460b9aab2d1e5fa36d5ac39db
resnet,mixed,202,bandpass_n20001_cRA_LA_independent_rms_s5,phase2/results/predictions/full/mixed/resnet/seed_202/bandpass_n20001_cRA_LA_independent_rms_s5.npz,76312,d8c2bc42dc0471b3b591f4a27d37d83520583518af17a0f754d9df1b3853835a
resnet,mixed,202,bandpass_n20001_cRA_LA_independent_rms_s0,phase2/results/predictions/full/mixed/resnet/seed_202/bandpass_n20001_cRA_LA_independent_rms_s0.npz,75997,c98841e6548b411ab5ddfdfb4ec76b70585c25f1e832134e55c030a839c9cf1f
resnet,mixed,202,bandpass_n20001_cRA_LA_electrode_s20,phase2/results/predictions/full/mixed/resnet/seed_202/bandpass_n20001_cRA_LA_electrode_s20.npz,76459,46f48b4391aa30d28f21eca6cb8ec2b28f8761d1fe16790a26beb481584fb299
resnet,mixed,202,bandpass_n20001_cRA_LA_electrode_s15,phase2/results/predictions/full/mixed/resnet/seed_202/bandpass_n20001_cRA_LA_electrode_s15.npz,76411,66c2ed69bb1f109a53a9a48b55e007d30e13ca5fcdd619fe874639b49f49fb9e
resnet,mixed,202,bandpass_n20001_cRA_LA_electrode_s10,phase2/results/predictions/full/mixed/resnet/seed_202/bandpass_n20001_cRA_LA_electrode_s10.npz,76361,45c5b08acdc807f700d5acfa188d5bd95f1ed377f9e35869930413b7da6f239d
resnet,mixed,202,bandpass_n20001_cRA_LA_electrode_s5,phase2/results/predictions/full/mixed/resnet/seed_202/bandpass_n20001_cRA_LA_electrode_s5.npz,76140,a376ace7a2c7368816b87f98645238a68bccc25709f047db2a3fd5cc2aa6fdea
resnet,mixed,202,bandpass_n20001_cRA_LA_electrode_s0,phase2/results/predictions/full/mixed/resnet/seed_202/bandpass_n20001_cRA_LA_electrode_s0.npz,75848,a29d470f76dfb9ea656a34b03944253942ce2f62abf02079cbc9cdf1e59e4863
resnet,mixed,202,bandpass_n20001_cRA_LA_covariance_s20,phase2/results/predictions/full/mixed/resnet/seed_202/bandpass_n20001_cRA_LA_covariance_s20.npz,76438,041486fdfd12298ffdff37df9f521280c033dda2a1d7e6a433a682bd7ac83a95
resnet,mixed,202,bandpass_n20001_cRA_LA_covariance_s15,phase2/results/predictions/full/mixed/resnet/seed_202/bandpass_n20001_cRA_LA_covariance_s15.npz,76432,7695b6b526cad1a3c20e80552bced693fafd30d916185f902fe79b1fbf9af71d
resnet,mixed,202,bandpass_n20001_cRA_LA_covariance_s10,phase2/results/predictions/full/mixed/resnet/seed_202/bandpass_n20001_cRA_LA_covariance_s10.npz,76334,39124d1e9d4758d931b291d2521b417e2f197e80cd402d01ba587f320c66dedc
resnet,mixed,202,bandpass_n20001_cRA_LA_covariance_s5,phase2/results/predictions/full/mixed/resnet/seed_202/bandpass_n20001_cRA_LA_covariance_s5.npz,76144,a0e66e91529c3cb3a401cc3b3ed534db01019ba4f7a8853bf2a934b6c57650df
resnet,mixed,202,bandpass_n20001_cRA_LA_covariance_s0,phase2/results/predictions/full/mixed/resnet/seed_202/bandpass_n20001_cRA_LA_covariance_s0.npz,75778,4ffe43faff2f533aa9a963ba35f16b51b31585179579f4fd352495575d061aac
resnet,mixed,202,bandpass_n20001_cLA_LL_independent_rms_s20,phase2/results/predictions/full/mixed/resnet/seed_202/bandpass_n20001_cLA_LL_independent_rms_s20.npz,76453,d35ac56e4d9e4820c26cb1ea793438140c39df6b4cd37d1622b27decc96e6dce
resnet,mixed,202,bandpass_n20001_cLA_LL_independent_rms_s15,phase2/results/predictions/full/mixed/resnet/seed_202/bandpass_n20001_cLA_LL_independent_rms_s15.npz,76424,eafeebc520e2c977d6cb4d079af747d9a567116cd76f166cfb4ab33b88aa611d
resnet,mixed,202,bandpass_n20001_cLA_LL_independent_rms_s10,phase2/results/predictions/full/mixed/resnet/seed_202/bandpass_n20001_cLA_LL_independent_rms_s10.npz,76405,1aebd8e4125c179a4239b6456f2a7a7f8fb21a04f9df01ac70f1672d20a2e88f
resnet,mixed,202,bandpass_n20001_cLA_LL_independent_rms_s5,phase2/results/predictions/full/mixed/resnet/seed_202/bandpass_n20001_cLA_LL_independent_rms_s5.npz,76320,42c449f571c891ef6e54c4c74f5735783c689edb3cb25f9ce5ee18dfc4482e9e
resnet,mixed,202,bandpass_n20001_cLA_LL_independent_rms_s0,phase2/results/predictions/full/mixed/resnet/seed_202/bandpass_n20001_cLA_LL_independent_rms_s0.npz,75983,58d696860e080f83cca909b9b7b6130ddcaeea6ae65517f69e5b9a299d07caf5
resnet,mixed,202,bandpass_n20001_cLA_LL_electrode_s20,phase2/results/predictions/full/mixed/resnet/seed_202/bandpass_n20001_cLA_LL_electrode_s20.npz,76427,cfaff5da8ab89343c84a909e9edf7ea838ac4cda12eea3f482a7ef2ae7e257f4
resnet,mixed,202,bandpass_n20001_cLA_LL_electrode_s15,phase2/results/predictions/full/mixed/resnet/seed_202/bandpass_n20001_cLA_LL_electrode_s15.npz,76416,b70f196ed1b9b7bf272bcc7f5ca175a7f0f5f3b6a8dc4efd089708804ade01d4
resnet,mixed,202,bandpass_n20001_cLA_LL_electrode_s10,phase2/results/predictions/full/mixed/resnet/seed_202/bandpass_n20001_cLA_LL_electrode_s10.npz,76311,6973bd79850a967f1b6f06330727c383619d33f80f8aa78005f2dabae2cca720
resnet,mixed,202,bandpass_n20001_cLA_LL_electrode_s5,phase2/results/predictions/full/mixed/resnet/seed_202/bandpass_n20001_cLA_LL_electrode_s5.npz,76128,cfe35c7db580e882127736358b618040b2e600c2fd17ece7ac6772838f33a69b
resnet,mixed,202,bandpass_n20001_cLA_LL_electrode_s0,phase2/results/predictions/full/mixed/resnet/seed_202/bandpass_n20001_cLA_LL_electrode_s0.npz,75657,abeb85d5f4f1b5f0906cb8cc61a7a02e4a88214c6f5d27c3f23ec61a536bb5ae
resnet,mixed,202,bandpass_n20001_cLA_LL_covariance_s20,phase2/results/predictions/full/mixed/resnet/seed_202/bandpass_n20001_cLA_LL_covariance_s20.npz,76432,a29e9662163cb65a547c2af36f9d588298f3c05912df728c01608fe600874c12
resnet,mixed,202,bandpass_n20001_cLA_LL_covariance_s15,phase2/results/predictions/full/mixed/resnet/seed_202/bandpass_n20001_cLA_LL_covariance_s15.npz,76393,f0201bd07ebd6021df586d80d13b70f2c49a5a7dd1c993fdb9f1dc0d603c73c7
resnet,mixed,202,bandpass_n20001_cLA_LL_covariance_s10,phase2/results/predictions/full/mixed/resnet/seed_202/bandpass_n20001_cLA_LL_covariance_s10.npz,76325,90a73eeb19437668ba5a66c21d8b4a0e9dbd463ccdc31a075e8221d11fd5f030
resnet,mixed,202,bandpass_n20001_cLA_LL_covariance_s5,phase2/results/predictions/full/mixed/resnet/seed_202/bandpass_n20001_cLA_LL_covariance_s5.npz,76166,e05b8673bb22cf81cfb23ca7f0dd57288eac3f06c76da2d6323909f528b485e1
resnet,mixed,202,bandpass_n20001_cLA_LL_covariance_s0,phase2/results/predictions/full/mixed/resnet/seed_202/bandpass_n20001_cLA_LL_covariance_s0.npz,75656,af0781ecf579e1ec92309d6da6d7f573a1d7acda05816b33e9bef134b90dcd21
resnet,mixed,202,bandpass_n20001_cRA_LL_independent_rms_s20,phase2/results/predictions/full/mixed/resnet/seed_202/bandpass_n20001_cRA_LL_independent_rms_s20.npz,76447,4b1772d48dd32fd1e9745142232fae4cf9911181ae44c03ab21258fcc41648a6
resnet,mixed,202,bandpass_n20001_cRA_LL_independent_rms_s15,phase2/results/predictions/full/mixed/resnet/seed_202/bandpass_n20001_cRA_LL_independent_rms_s15.npz,76450,0a1a088285572df9ef1cd68b37b2aff4e149e187f7e524ba87d3d0b23935fca5
resnet,mixed,202,bandpass_n20001_cRA_LL_independent_rms_s10,phase2/results/predictions/full/mixed/resnet/seed_202/bandpass_n20001_cRA_LL_independent_rms_s10.npz,76388,8c001bdbbb685d4cd06a2539788864e9d7f3335bcc1dac1c7c4a4a5dff1953c5
resnet,mixed,202,bandpass_n20001_cRA_LL_independent_rms_s5,phase2/results/predictions/full/mixed/resnet/seed_202/bandpass_n20001_cRA_LL_independent_rms_s5.npz,76307,2abd451adbab7ee76338548e48a0044e3db811bd07e7932bf728a4e7b8a51050
resnet,mixed,202,bandpass_n20001_cRA_LL_independent_rms_s0,phase2/results/predictions/full/mixed/resnet/seed_202/bandpass_n20001_cRA_LL_independent_rms_s0.npz,76021,71a272f6021e02c4eca787e5542ce47178a454adfbcb17a7949897f70a899f8b
resnet,mixed,202,bandpass_n20001_cRA_LL_electrode_s20,phase2/results/predictions/full/mixed/resnet/seed_202/bandpass_n20001_cRA_LL_electrode_s20.npz,76450,b64f38572d1a9901756cf7f8163becf686b516a7c84647e02768b83bf0be4887
resnet,mixed,202,bandpass_n20001_cRA_LL_electrode_s15,phase2/results/predictions/full/mixed/resnet/seed_202/bandpass_n20001_cRA_LL_electrode_s15.npz,76398,dc70ec292313ea875221559d6ded499c0f0be2fabe47223a73b53996cc93b2d2
resnet,mixed,202,bandpass_n20001_cRA_LL_electrode_s10,phase2/results/predictions/full/mixed/resnet/seed_202/bandpass_n20001_cRA_LL_electrode_s10.npz,76281,7c16cf67215125b16795f8e421332d78bc134986d89c0f5236ed117fd53a6f1b
resnet,mixed,202,bandpass_n20001_cRA_LL_electrode_s5,phase2/results/predictions/full/mixed/resnet/seed_202/bandpass_n20001_cRA_LL_electrode_s5.npz,76068,0911499e098d087ad15e25ff137a24ed01a44915ffae76aee8c8d723c94ff8f6
resnet,mixed,202,bandpass_n20001_cRA_LL_electrode_s0,phase2/results/predictions/full/mixed/resnet/seed_202/bandpass_n20001_cRA_LL_electrode_s0.npz,75717,3b1cb2002a7f516c879dcaac59495cf1586adc7872970ed2123d157b8e8b1c7a
resnet,mixed,202,bandpass_n20001_cRA_LL_covariance_s20,phase2/results/predictions/full/mixed/resnet/seed_202/bandpass_n20001_cRA_LL_covariance_s20.npz,76470,fad020bbb77db70d80a4decf36b4022d879dc527f55d071b029ba1eb4aefef49
resnet,mixed,202,bandpass_n20001_cRA_LL_covariance_s15,phase2/results/predictions/full/mixed/resnet/seed_202/bandpass_n20001_cRA_LL_covariance_s15.npz,76406,cf0bb4f1f963ea4d8667d7b41955530013b31e01d7851e0d6fe27531b0923863
resnet,mixed,202,bandpass_n20001_cRA_LL_covariance_s10,phase2/results/predictions/full/mixed/resnet/seed_202/bandpass_n20001_cRA_LL_covariance_s10.npz,76292,97a7225d5b0ee3569653398315b19d1403375224abddaefc06f1e443b6d1ff92
resnet,mixed,202,bandpass_n20001_cRA_LL_covariance_s5,phase2/results/predictions/full/mixed/resnet/seed_202/bandpass_n20001_cRA_LL_covariance_s5.npz,76120,a060aa71b63116e5cf20e875e9b6f74b90506b83932f32d2d543cea1c99e4e7c
resnet,mixed,202,bandpass_n20001_cRA_LL_covariance_s0,phase2/results/predictions/full/mixed/resnet/seed_202/bandpass_n20001_cRA_LL_covariance_s0.npz,75745,5e1c1b2ed47a00c2361615e0855300d5dddd5421752aa628935bb5f85a510050
resnet,mixed,202,bandpass_n20001_cRA_independent_rms_s20,phase2/results/predictions/full/mixed/resnet/seed_202/bandpass_n20001_cRA_independent_rms_s20.npz,76464,5eeb481ebd5d930e74f93974f8646c20bc6c56d1c150bed1bfec3efd33989c37
resnet,mixed,202,bandpass_n20001_cRA_independent_rms_s15,phase2/results/predictions/full/mixed/resnet/seed_202/bandpass_n20001_cRA_independent_rms_s15.npz,76428,757736af03f4f7ab23295539bba26475237e51e1372c63cd4d9c8e55ab24c178
resnet,mixed,202,bandpass_n20001_cRA_independent_rms_s10,phase2/results/predictions/full/mixed/resnet/seed_202/bandpass_n20001_cRA_independent_rms_s10.npz,76409,a78e0e3ee038051da767b39acc53d058879832f55f88c6c4489548bd0fbb5dbd
resnet,mixed,202,bandpass_n20001_cRA_independent_rms_s5,phase2/results/predictions/full/mixed/resnet/seed_202/bandpass_n20001_cRA_independent_rms_s5.npz,76288,a8a0bebe2d09bccad34b4331c437d7a81fe5cf895c6fabffb4fc51f61e8af451
resnet,mixed,202,bandpass_n20001_cRA_independent_rms_s0,phase2/results/predictions/full/mixed/resnet/seed_202/bandpass_n20001_cRA_independent_rms_s0.npz,76003,e13c00def58c7c1d16b0d5f5ac7190b477170d8817e5c705dcd5fbd7ba4e2977
resnet,mixed,202,bandpass_n20001_cRA_electrode_s20,phase2/results/predictions/full/mixed/resnet/seed_202/bandpass_n20001_cRA_electrode_s20.npz,76442,2e00578b1371dac69263cb35661bf1d2ffaffe4c3d2d4c7e3adb088a32a6231d
resnet,mixed,202,bandpass_n20001_cRA_electrode_s15,phase2/results/predictions/full/mixed/resnet/seed_202/bandpass_n20001_cRA_electrode_s15.npz,76382,be99e7f1c638145c57111d76eef098e022ee05830bd7d926c31b37e916f9c6ae
resnet,mixed,202,bandpass_n20001_cRA_electrode_s10,phase2/results/predictions/full/mixed/resnet/seed_202/bandpass_n20001_cRA_electrode_s10.npz,76339,56409b76e207418b80bc58ad370ea532c378a17edd2889eeb8ff73512b3fbb10
resnet,mixed,202,bandpass_n20001_cRA_electrode_s5,phase2/results/predictions/full/mixed/resnet/seed_202/bandpass_n20001_cRA_electrode_s5.npz,76146,a5e548a3d8af14dcfc82c59ad5466678c9183f624ca7113db33573ac8a6cb875
resnet,mixed,202,bandpass_n20001_cRA_electrode_s0,phase2/results/predictions/full/mixed/resnet/seed_202/bandpass_n20001_cRA_electrode_s0.npz,75919,b00071d53c436d9e864d49cb055e98b16ac2580855510ce79a0c85f56b17c839
resnet,mixed,202,bandpass_n20001_cRA_covariance_s20,phase2/results/predictions/full/mixed/resnet/seed_202/bandpass_n20001_cRA_covariance_s20.npz,76423,f7c44d2bcf999caeab4e76676475de9a388682fdb8d514e7f450a19183b9e31b
resnet,mixed,202,bandpass_n20001_cRA_covariance_s15,phase2/results/predictions/full/mixed/resnet/seed_202/bandpass_n20001_cRA_covariance_s15.npz,76406,248392fe70d2e232e7768a45ecf1a6d2e9d997dee21eab05513e51f835140b06
resnet,mixed,202,bandpass_n20001_cRA_covariance_s10,phase2/results/predictions/full/mixed/resnet/seed_202/bandpass_n20001_cRA_covariance_s10.npz,76317,53385591e791e54b1aba2c425cf4c99feb5a2023b2dd84ab5c78e834ebf68922
resnet,mixed,202,bandpass_n20001_cRA_covariance_s5,phase2/results/predictions/full/mixed/resnet/seed_202/bandpass_n20001_cRA_covariance_s5.npz,76168,e40dee3cdbb535142fb89e0602402cc8bfcf5ab28d2dbe84428ec60869232653
resnet,mixed,202,bandpass_n20001_cRA_covariance_s0,phase2/results/predictions/full/mixed/resnet/seed_202/bandpass_n20001_cRA_covariance_s0.npz,75922,56dfba2e28eaf0d726238662ca08801bb96a71ee750c7280bdbce5c4bd2bce1f
resnet,mixed,202,bandpass_n20001_cLA_independent_rms_s20,phase2/results/predictions/full/mixed/resnet/seed_202/bandpass_n20001_cLA_independent_rms_s20.npz,76447,2552eec37e937aaa834823e136f882e5df21c0d3d838e2dd6d243fd535326b7e
resnet,mixed,202,bandpass_n20001_cLA_independent_rms_s15,phase2/results/predictions/full/mixed/resnet/seed_202/bandpass_n20001_cLA_independent_rms_s15.npz,76457,4ddf7c4759793609b0bef7e8c1446bb7b6ec9ee50b18f3374d7a4050043e32d2
resnet,mixed,202,bandpass_n20001_cLA_independent_rms_s10,phase2/results/predictions/full/mixed/resnet/seed_202/bandpass_n20001_cLA_independent_rms_s10.npz,76417,08d2c39d3d15ff091c6d2eb05f119a7ca7ce77f43eb0e0e4fca10faec7b6c252
resnet,mixed,202,bandpass_n20001_cLA_independent_rms_s5,phase2/results/predictions/full/mixed/resnet/seed_202/bandpass_n20001_cLA_independent_rms_s5.npz,76259,6db47dd6ad3b7ab6c8b5eddd44ed316a5c0f00cf72fe4f3b1ad90a3452112729
resnet,mixed,202,bandpass_n20001_cLA_independent_rms_s0,phase2/results/predictions/full/mixed/resnet/seed_202/bandpass_n20001_cLA_independent_rms_s0.npz,75966,24858582e1f33c655d82304f71262d8fc503b5e0c3c1da756ecfea2392bf4fe5
resnet,mixed,202,bandpass_n20001_cLA_electrode_s20,phase2/results/predictions/full/mixed/resnet/seed_202/bandpass_n20001_cLA_electrode_s20.npz,76460,74d0773f259a812295ce4a40ea5871d8dae438de16cfdfafc130938c47897a50
resnet,mixed,202,bandpass_n20001_cLA_electrode_s15,phase2/results/predictions/full/mixed/resnet/seed_202/bandpass_n20001_cLA_electrode_s15.npz,76427,f7e443c80d7a4140a08046b009357df865cf2810c1e848e617b5a2c2d624bcf0
resnet,mixed,202,bandpass_n20001_cLA_electrode_s10,phase2/results/predictions/full/mixed/resnet/seed_202/bandpass_n20001_cLA_electrode_s10.npz,76348,a4f6b7a1992164cf247f666c682f9b5c69633a7261c732c4e0089202cf9327e2
resnet,mixed,202,bandpass_n20001_cLA_electrode_s5,phase2/results/predictions/full/mixed/resnet/seed_202/bandpass_n20001_cLA_electrode_s5.npz,76165,3a8266bf60573d0584640c8ea3a958be70c698fb212cd9bb9286e2b22d7c129b
resnet,mixed,202,bandpass_n20001_cLA_electrode_s0,phase2/results/predictions/full/mixed/resnet/seed_202/bandpass_n20001_cLA_electrode_s0.npz,75690,9f807952c83404111583080ea6322427ee7df364ef5547faa4a59714c071cf55
resnet,mixed,202,bandpass_n20001_cLA_covariance_s20,phase2/results/predictions/full/mixed/resnet/seed_202/bandpass_n20001_cLA_covariance_s20.npz,76431,03214e5d5d5a8c9e275c26acc55094acd975485f2c5f81d4858ea880344f83c5
resnet,mixed,202,bandpass_n20001_cLA_covariance_s15,phase2/results/predictions/full/mixed/resnet/seed_202/bandpass_n20001_cLA_covariance_s15.npz,76435,5ae86277241be916e332975c4629dfc9d25198e98764aa9515237bd7705722d9
resnet,mixed,202,bandpass_n20001_cLA_covariance_s10,phase2/results/predictions/full/mixed/resnet/seed_202/bandpass_n20001_cLA_covariance_s10.npz,76368,965bd0f534d321bc6b8e16a9287c8287efc20d6a341bba2b70fa55ec24bf2c47
resnet,mixed,202,bandpass_n20001_cLA_covariance_s5,phase2/results/predictions/full/mixed/resnet/seed_202/bandpass_n20001_cLA_covariance_s5.npz,76174,4836cae9426206a8b56d97e54345f7dedf057dca152c4d3c94dc5d5d8918d17d
resnet,mixed,202,bandpass_n20001_cLA_covariance_s0,phase2/results/predictions/full/mixed/resnet/seed_202/bandpass_n20001_cLA_covariance_s0.npz,75709,bcced7cfaf528acd284fa2af6c60fc2133db6b9378a5e70ab51b0e27dba228cc
resnet,mixed,202,bandpass_n20001_cLL_independent_rms_s20,phase2/results/predictions/full/mixed/resnet/seed_202/bandpass_n20001_cLL_independent_rms_s20.npz,76432,34709235f6065f6e542b2218209f8d258d869e27ce48cf6a7da91eb21e6f273f
resnet,mixed,202,bandpass_n20001_cLL_independent_rms_s15,phase2/results/predictions/full/mixed/resnet/seed_202/bandpass_n20001_cLL_independent_rms_s15.npz,76443,fcf7bf62c9e440b1a83f57558e1204dc720c6d5fe02727700b7e69ba4581ab32
resnet,mixed,202,bandpass_n20001_cLL_independent_rms_s10,phase2/results/predictions/full/mixed/resnet/seed_202/bandpass_n20001_cLL_independent_rms_s10.npz,76395,cb9b7b92f27c7d99c74835f3d8952531c2a94623d4f6d4381ccb95c9a73108cf
resnet,mixed,202,bandpass_n20001_cLL_independent_rms_s5,phase2/results/predictions/full/mixed/resnet/seed_202/bandpass_n20001_cLL_independent_rms_s5.npz,76272,c8190617ad6f39ac4fd529797629a5de36c0f3ab50ee5a4dffdd9271c8ec28b7
resnet,mixed,202,bandpass_n20001_cLL_independent_rms_s0,phase2/results/predictions/full/mixed/resnet/seed_202/bandpass_n20001_cLL_independent_rms_s0.npz,75960,d5482a98587e1cedac5fa8360bc53694d5a2c53dd2d00c06903d4e90c7c62cc6
resnet,mixed,202,bandpass_n20001_cLL_electrode_s20,phase2/results/predictions/full/mixed/resnet/seed_202/bandpass_n20001_cLL_electrode_s20.npz,76448,dc99bb3bc1668219684145df2efa0f9c6a3800d3ca3e920954825201509ab281
resnet,mixed,202,bandpass_n20001_cLL_electrode_s15,phase2/results/predictions/full/mixed/resnet/seed_202/bandpass_n20001_cLL_electrode_s15.npz,76389,3f39bad91977b73e16519db26746509181f538c4effbd65fefcba1bf55c8293f
resnet,mixed,202,bandpass_n20001_cLL_electrode_s10,phase2/results/predictions/full/mixed/resnet/seed_202/bandpass_n20001_cLL_electrode_s10.npz,76321,6c232b1ef53681da240c6b859f399e3c535212dd9a747319db297e1da126d1fa
resnet,mixed,202,bandpass_n20001_cLL_electrode_s5,phase2/results/predictions/full/mixed/resnet/seed_202/bandpass_n20001_cLL_electrode_s5.npz,76086,ea1b4268ed38da529891a336085befd135a4111917bedf9f94c381d759581306
resnet,mixed,202,bandpass_n20001_cLL_electrode_s0,phase2/results/predictions/full/mixed/resnet/seed_202/bandpass_n20001_cLL_electrode_s0.npz,75605,20f549792ad5406899fe4ad3f7cf63a4691abc1895ecfcfb9e626a3a5cfbcf1c
resnet,mixed,202,bandpass_n20001_cLL_covariance_s20,phase2/results/predictions/full/mixed/resnet/seed_202/bandpass_n20001_cLL_covariance_s20.npz,76428,b5fb6c6032420081c9ea2f84e220f3a383de60b690ae855b09c910b8fa55d847
resnet,mixed,202,bandpass_n20001_cLL_covariance_s15,phase2/results/predictions/full/mixed/resnet/seed_202/bandpass_n20001_cLL_covariance_s15.npz,76376,de5f7121e403e11b6ad5b6c2046cfa94d43d3bd95639d9da6130c25c3f2f929d
resnet,mixed,202,bandpass_n20001_cLL_covariance_s10,phase2/results/predictions/full/mixed/resnet/seed_202/bandpass_n20001_cLL_covariance_s10.npz,76321,f481b1ea723df8d8f15882ab2a51938009d553620080d2d1d5e6e70bd97ff212
resnet,mixed,202,bandpass_n20001_cLL_covariance_s5,phase2/results/predictions/full/mixed/resnet/seed_202/bandpass_n20001_cLL_covariance_s5.npz,76085,5abb95a02c8dd6c510010d27e2fd1df5ba0f8c7b37233fbb5c0b98b409b84782
resnet,mixed,202,bandpass_n20001_cLL_covariance_s0,phase2/results/predictions/full/mixed/resnet/seed_202/bandpass_n20001_cLL_covariance_s0.npz,75589,fbb720eeb456b7a9d556536c220bd261adfc3c3c1ecf4ef79d2679ee27ad1602
resnet,mixed,202,bandpass_n20001_cRA_V1_independent_rms_s20,phase2/results/predictions/full/mixed/resnet/seed_202/bandpass_n20001_cRA_V1_independent_rms_s20.npz,76457,4546a589d3914e45115ebee14e1f19ca70346ca10cfdd07134b4ab0de4d6af92
resnet,mixed,202,bandpass_n20001_cRA_V1_independent_rms_s15,phase2/results/predictions/full/mixed/resnet/seed_202/bandpass_n20001_cRA_V1_independent_rms_s15.npz,76452,9daa614b12167d479003b03738df69edafdb6794f5ea9d33e2899dccd65f6345
resnet,mixed,202,bandpass_n20001_cRA_V1_independent_rms_s10,phase2/results/predictions/full/mixed/resnet/seed_202/bandpass_n20001_cRA_V1_independent_rms_s10.npz,76417,21ef9089ae97b2caf17cd1c3544bfcce007c8e66480bc258a969d48f5ba40ee9
resnet,mixed,202,bandpass_n20001_cRA_V1_independent_rms_s5,phase2/results/predictions/full/mixed/resnet/seed_202/bandpass_n20001_cRA_V1_independent_rms_s5.npz,76301,8faef56916bd5d19a932468984397711f3161aff74813579b8275b6fa32f6741
resnet,mixed,202,bandpass_n20001_cRA_V1_independent_rms_s0,phase2/results/predictions/full/mixed/resnet/seed_202/bandpass_n20001_cRA_V1_independent_rms_s0.npz,75995,1dc674a9c9c4b28d93b0993a347fadf34226ecc41fee9b08dda589da8e3bac16
resnet,mixed,202,bandpass_n20001_cRA_V1_electrode_s20,phase2/results/predictions/full/mixed/resnet/seed_202/bandpass_n20001_cRA_V1_electrode_s20.npz,76443,d9a52ae1573ce35cdde26f85abc96c2a083e880e7a9f1667336b0b1b01c2fd78
resnet,mixed,202,bandpass_n20001_cRA_V1_electrode_s15,phase2/results/predictions/full/mixed/resnet/seed_202/bandpass_n20001_cRA_V1_electrode_s15.npz,76400,77623538b82dcc10af89a3dc9f364b1b4dd33b1d99ee331ab4ffde35f152fa62
resnet,mixed,202,bandpass_n20001_cRA_V1_electrode_s10,phase2/results/predictions/full/mixed/resnet/seed_202/bandpass_n20001_cRA_V1_electrode_s10.npz,76356,bab10709bfd54b90ac0b1f485ef5ef26aa621a7be380344246362768b3b90a5e
resnet,mixed,202,bandpass_n20001_cRA_V1_electrode_s5,phase2/results/predictions/full/mixed/resnet/seed_202/bandpass_n20001_cRA_V1_electrode_s5.npz,76189,0a56301bf8c66ff774dac326c4665a19193eb1cda96404f7cc638f5b46603932
resnet,mixed,202,bandpass_n20001_cRA_V1_electrode_s0,phase2/results/predictions/full/mixed/resnet/seed_202/bandpass_n20001_cRA_V1_electrode_s0.npz,75908,69e201288930c424aae408088640075be12834d94668128b08d34dd5f5392819
resnet,mixed,202,bandpass_n20001_cRA_V1_covariance_s20,phase2/results/predictions/full/mixed/resnet/seed_202/bandpass_n20001_cRA_V1_covariance_s20.npz,76439,2a29768f0c7cd627ba267b834338733f0c1eab573b6937ec9e521c1800e56cf7
resnet,mixed,202,bandpass_n20001_cRA_V1_covariance_s15,phase2/results/predictions/full/mixed/resnet/seed_202/bandpass_n20001_cRA_V1_covariance_s15.npz,76425,f38baa1558864aa4c297fce629804be07cf3a40e34b56f7ce12fdddc9b4b9c3d
resnet,mixed,202,bandpass_n20001_cRA_V1_covariance_s10,phase2/results/predictions/full/mixed/resnet/seed_202/bandpass_n20001_cRA_V1_covariance_s10.npz,76366,4f577cf25d35821dc6cec0124b602a2b72ce52a6410cff422a6a5dd464ab34f1
resnet,mixed,202,bandpass_n20001_cRA_V1_covariance_s5,phase2/results/predictions/full/mixed/resnet/seed_202/bandpass_n20001_cRA_V1_covariance_s5.npz,76197,1d1bcd6608e3c2dd27598396b569e4832e151d57a3c13ef43f99a42effefb8ea
resnet,mixed,202,bandpass_n20001_cRA_V1_covariance_s0,phase2/results/predictions/full/mixed/resnet/seed_202/bandpass_n20001_cRA_V1_covariance_s0.npz,75916,9db124ddbdb6d8844e6532d980df3b929ccb78570a33b0e3abde49ee787c6a03
resnet,mixed,202,bandpass_n20001_cLA_V6_independent_rms_s20,phase2/results/predictions/full/mixed/resnet/seed_202/bandpass_n20001_cLA_V6_independent_rms_s20.npz,76453,c2b97e59e853ceeb00ecdda899e2bd011ac96b9eb0368f4501badc08266beb69
resnet,mixed,202,bandpass_n20001_cLA_V6_independent_rms_s15,phase2/results/predictions/full/mixed/resnet/seed_202/bandpass_n20001_cLA_V6_independent_rms_s15.npz,76462,02dc89c69103df68412727987d1095916b7c9e50fdc086c387581a337f1d69fe
resnet,mixed,202,bandpass_n20001_cLA_V6_independent_rms_s10,phase2/results/predictions/full/mixed/resnet/seed_202/bandpass_n20001_cLA_V6_independent_rms_s10.npz,76436,5abd53fd3ef6dc4fa948858eaed639815f991f696e790d71f6242d333989fc8e
resnet,mixed,202,bandpass_n20001_cLA_V6_independent_rms_s5,phase2/results/predictions/full/mixed/resnet/seed_202/bandpass_n20001_cLA_V6_independent_rms_s5.npz,76289,36f3413bc019471cb14bea9fae474f2abe17a5102601d3e2a1078a454043b78d
resnet,mixed,202,bandpass_n20001_cLA_V6_independent_rms_s0,phase2/results/predictions/full/mixed/resnet/seed_202/bandpass_n20001_cLA_V6_independent_rms_s0.npz,75977,81df36e05ab67344333896e93ba3ad21a1d77d433b7ae3079c2d8cf37adedd42
resnet,mixed,202,bandpass_n20001_cLA_V6_electrode_s20,phase2/results/predictions/full/mixed/resnet/seed_202/bandpass_n20001_cLA_V6_electrode_s20.npz,76454,1475b42ef3283257ee8efc09ae447accc3444d9fd12ade67bd4e2bdbcd4edd5e
resnet,mixed,202,bandpass_n20001_cLA_V6_electrode_s15,phase2/results/predictions/full/mixed/resnet/seed_202/bandpass_n20001_cLA_V6_electrode_s15.npz,76430,4321ba438776160c32129006d9c6aa1e57b3bc6d466004d59eb09a971e0419a6
resnet,mixed,202,bandpass_n20001_cLA_V6_electrode_s10,phase2/results/predictions/full/mixed/resnet/seed_202/bandpass_n20001_cLA_V6_electrode_s10.npz,76385,6117bb6d8df6456291ac4d43490571c57ea03e2103d3b4b1ae6f74541f2d331e
resnet,mixed,202,bandpass_n20001_cLA_V6_electrode_s5,phase2/results/predictions/full/mixed/resnet/seed_202/bandpass_n20001_cLA_V6_electrode_s5.npz,76184,9af5638100f1e8e092440a2ed07ccdf3f68edfd0fdef955c292cbc06ca0d906b
resnet,mixed,202,bandpass_n20001_cLA_V6_electrode_s0,phase2/results/predictions/full/mixed/resnet/seed_202/bandpass_n20001_cLA_V6_electrode_s0.npz,75790,a5c1a7d6b5d6b233389e19c134c64027f610cff84497d82b771a5a0b63141d83
resnet,mixed,202,bandpass_n20001_cLA_V6_covariance_s20,phase2/results/predictions/full/mixed/resnet/seed_202/bandpass_n20001_cLA_V6_covariance_s20.npz,76463,28da71cce97188c6a9fcafb6c329b1e846594aa3a3f069cbd695814555feca9b
resnet,mixed,202,bandpass_n20001_cLA_V6_covariance_s15,phase2/results/predictions/full/mixed/resnet/seed_202/bandpass_n20001_cLA_V6_covariance_s15.npz,76398,e6c8d8967b114489f9649822584e610b9714ad62a1d02b88a694da0aacfb7582
resnet,mixed,202,bandpass_n20001_cLA_V6_covariance_s10,phase2/results/predictions/full/mixed/resnet/seed_202/bandpass_n20001_cLA_V6_covariance_s10.npz,76416,d442c030e98e0421c8ec53a60ce4fa4a94873cd8ddebacbd694875ea7103b51b
resnet,mixed,202,bandpass_n20001_cLA_V6_covariance_s5,phase2/results/predictions/full/mixed/resnet/seed_202/bandpass_n20001_cLA_V6_covariance_s5.npz,76234,cfa3110fcf40e3e1760800feea08472af0e999616ec819ba9de2f1bf36418380
resnet,mixed,202,bandpass_n20001_cLA_V6_covariance_s0,phase2/results/predictions/full/mixed/resnet/seed_202/bandpass_n20001_cLA_V6_covariance_s0.npz,75752,4c6161da964a3a4785bd7a52e3c5d0cbdfcc00cf8fda8d8e460040528b2ae917
resnet,mixed,202,bandpass_n20001_cLL_V4_independent_rms_s20,phase2/results/predictions/full/mixed/resnet/seed_202/bandpass_n20001_cLL_V4_independent_rms_s20.npz,76465,63f80573d1206abe133b598f02e6acda2321489c4325f68b33f08e3c1284010f
resnet,mixed,202,bandpass_n20001_cLL_V4_independent_rms_s15,phase2/results/predictions/full/mixed/resnet/seed_202/bandpass_n20001_cLL_V4_independent_rms_s15.npz,76445,3a8979526df0f939e2627206b1b1a15b320958968f08173f4542692cd9a237bc
resnet,mixed,202,bandpass_n20001_cLL_V4_independent_rms_s10,phase2/results/predictions/full/mixed/resnet/seed_202/bandpass_n20001_cLL_V4_independent_rms_s10.npz,76423,639d9fa17552532af9dcdc7fd0d0ced4a8a00a2ddb71232b15d2d01caa13060c
resnet,mixed,202,bandpass_n20001_cLL_V4_independent_rms_s5,phase2/results/predictions/full/mixed/resnet/seed_202/bandpass_n20001_cLL_V4_independent_rms_s5.npz,76309,617f596e7101d5a0fbac6e20e7c26e603e23679e37aa99a25b2dec528a2900ff
resnet,mixed,202,bandpass_n20001_cLL_V4_independent_rms_s0,phase2/results/predictions/full/mixed/resnet/seed_202/bandpass_n20001_cLL_V4_independent_rms_s0.npz,76002,314451d27e281fc9ee1b2c1dbd239370c4920bd16ad1dd733729bad4e1c0be89
resnet,mixed,202,bandpass_n20001_cLL_V4_electrode_s20,phase2/results/predictions/full/mixed/resnet/seed_202/bandpass_n20001_cLL_V4_electrode_s20.npz,76446,db12ddfcec4d34fba35ac17fe07b4d203353f73ee1309d51e7b4f00e6b928649
resnet,mixed,202,bandpass_n20001_cLL_V4_electrode_s15,phase2/results/predictions/full/mixed/resnet/seed_202/bandpass_n20001_cLL_V4_electrode_s15.npz,76424,dfa390db65074d15f16422d7d37354fbea75780008bd010ab8dbaff578fcac31
resnet,mixed,202,bandpass_n20001_cLL_V4_electrode_s10,phase2/results/predictions/full/mixed/resnet/seed_202/bandpass_n20001_cLL_V4_electrode_s10.npz,76362,6a9f5f8379446f3e6892bb5f037491c71bcb92db5da9425bf5f83f4404970deb
resnet,mixed,202,bandpass_n20001_cLL_V4_electrode_s5,phase2/results/predictions/full/mixed/resnet/seed_202/bandpass_n20001_cLL_V4_electrode_s5.npz,76123,6466d8e3465c4e64d953e22e2a9c89d0251710603647c2aa22cd1a13c859f167
resnet,mixed,202,bandpass_n20001_cLL_V4_electrode_s0,phase2/results/predictions/full/mixed/resnet/seed_202/bandpass_n20001_cLL_V4_electrode_s0.npz,75673,1716ecdddcbbfca1cd12927271e3fb943d84924a6d491fbe05fc8f2b79996766
resnet,mixed,202,bandpass_n20001_cLL_V4_covariance_s20,phase2/results/predictions/full/mixed/resnet/seed_202/bandpass_n20001_cLL_V4_covariance_s20.npz,76477,7cd967879dd828333f0dbd5982d6966dbe0e8f194e497e011cd28d011ab8af6f
resnet,mixed,202,bandpass_n20001_cLL_V4_covariance_s15,phase2/results/predictions/full/mixed/resnet/seed_202/bandpass_n20001_cLL_V4_covariance_s15.npz,76404,c58f95417d861fae5f9917f3198f4963bdba35e9fbae6b172e80c383054464d3
resnet,mixed,202,bandpass_n20001_cLL_V4_covariance_s10,phase2/results/predictions/full/mixed/resnet/seed_202/bandpass_n20001_cLL_V4_covariance_s10.npz,76352,e652c67682113495522984b8221c6de5ba1b2e9ef255e0c22263ba68dc46c0c7
resnet,mixed,202,bandpass_n20001_cLL_V4_covariance_s5,phase2/results/predictions/full/mixed/resnet/seed_202/bandpass_n20001_cLL_V4_covariance_s5.npz,76115,f2c1c0f75e9bd32f2df5e0645987bbdf6e939113d7c84284ef604a811029878d
resnet,mixed,202,bandpass_n20001_cLL_V4_covariance_s0,phase2/results/predictions/full/mixed/resnet/seed_202/bandpass_n20001_cLL_V4_covariance_s0.npz,75691,59962c0e698392e496b26a806211b781048a5bb2b62bb8ae2331ea74989c8b87
resnet,mixed,202,bandpass_n20001_cRA_LA_V1_V6_independent_rms_s20,phase2/results/predictions/full/mixed/resnet/seed_202/bandpass_n20001_cRA_LA_V1_V6_independent_rms_s20.npz,76454,2127554cac17d34e0e5e4e52db678e851a7c1db9b5704a2a365cd8c302d1b51c
resnet,mixed,202,bandpass_n20001_cRA_LA_V1_V6_independent_rms_s15,phase2/results/predictions/full/mixed/resnet/seed_202/bandpass_n20001_cRA_LA_V1_V6_independent_rms_s15.npz,76447,8243212ac6272f6ed1caffcac42bfa08008ca85f3449627d2880b950f2d09acf
resnet,mixed,202,bandpass_n20001_cRA_LA_V1_V6_independent_rms_s10,phase2/results/predictions/full/mixed/resnet/seed_202/bandpass_n20001_cRA_LA_V1_V6_independent_rms_s10.npz,76450,0fc0e6e6533036b29fe5cbfa63530bef7eb333506f2daf95447f03c858cd575a
resnet,mixed,202,bandpass_n20001_cRA_LA_V1_V6_independent_rms_s5,phase2/results/predictions/full/mixed/resnet/seed_202/bandpass_n20001_cRA_LA_V1_V6_independent_rms_s5.npz,76328,1f8281ed45f5fc8ecc3f9a5d525e1ac85098e3ccd91b6989c9e7f7acf573a683
resnet,mixed,202,bandpass_n20001_cRA_LA_V1_V6_independent_rms_s0,phase2/results/predictions/full/mixed/resnet/seed_202/bandpass_n20001_cRA_LA_V1_V6_independent_rms_s0.npz,75993,6b6c285bb216558628b9888b8aa2a9f7882d5efc60fe2f55a653b662b698371e
resnet,mixed,202,bandpass_n20001_cRA_LA_V1_V6_electrode_s20,phase2/results/predictions/full/mixed/resnet/seed_202/bandpass_n20001_cRA_LA_V1_V6_electrode_s20.npz,76462,fe3f9e93a23fe76e72a4c6ec4036a07c8c4647dac281699b92fd7430b822ee96
resnet,mixed,202,bandpass_n20001_cRA_LA_V1_V6_electrode_s15,phase2/results/predictions/full/mixed/resnet/seed_202/bandpass_n20001_cRA_LA_V1_V6_electrode_s15.npz,76412,68af6bdf569c72e42b449d9177d4d430aa6d0d7d3f64403e8cc4da570252f8b8
resnet,mixed,202,bandpass_n20001_cRA_LA_V1_V6_electrode_s10,phase2/results/predictions/full/mixed/resnet/seed_202/bandpass_n20001_cRA_LA_V1_V6_electrode_s10.npz,76391,bfdee16d9ba391ee0c7c1995d703ecff3453f9560ff7bb267bbf055c71a95478
resnet,mixed,202,bandpass_n20001_cRA_LA_V1_V6_electrode_s5,phase2/results/predictions/full/mixed/resnet/seed_202/bandpass_n20001_cRA_LA_V1_V6_electrode_s5.npz,76215,fb74c04671d38a633a72b70f3c847a3160cf5c300a21b8f4373ec35d0637b96a
resnet,mixed,202,bandpass_n20001_cRA_LA_V1_V6_electrode_s0,phase2/results/predictions/full/mixed/resnet/seed_202/bandpass_n20001_cRA_LA_V1_V6_electrode_s0.npz,75869,eeff86469dd06e52b7968be4e00b96d0bc5612b280060c18b092bcacde487b93
resnet,mixed,202,bandpass_n20001_cRA_LA_V1_V6_covariance_s20,phase2/results/predictions/full/mixed/resnet/seed_202/bandpass_n20001_cRA_LA_V1_V6_covariance_s20.npz,76444,33eaed829498972f4c5e0ef0b07019415ebeba3220b5bd51b757fe11b432ec9c
resnet,mixed,202,bandpass_n20001_cRA_LA_V1_V6_covariance_s15,phase2/results/predictions/full/mixed/resnet/seed_202/bandpass_n20001_cRA_LA_V1_V6_covariance_s15.npz,76433,f472a73d442ab427a7f709e4977a740365582259fefd20453d330958944efed1
resnet,mixed,202,bandpass_n20001_cRA_LA_V1_V6_covariance_s10,phase2/results/predictions/full/mixed/resnet/seed_202/bandpass_n20001_cRA_LA_V1_V6_covariance_s10.npz,76364,c7d42550806082c8a6ca4cacacda246ba558d7f181551b02c0d638ed57c27d0c
resnet,mixed,202,bandpass_n20001_cRA_LA_V1_V6_covariance_s5,phase2/results/predictions/full/mixed/resnet/seed_202/bandpass_n20001_cRA_LA_V1_V6_covariance_s5.npz,76173,cf7800e7300e3e3b4cad778e9e54d6553c0632716158de1697b5fb8ae74d4d9f
resnet,mixed,202,bandpass_n20001_cRA_LA_V1_V6_covariance_s0,phase2/results/predictions/full/mixed/resnet/seed_202/bandpass_n20001_cRA_LA_V1_V6_covariance_s0.npz,75846,d40631fa3f116694b22039b341f571176da19b5c38f712bb19ff6ec2e0fb9131
resnet,mixed,202,bandpass_n20001_cRA_V2_V5_independent_rms_s20,phase2/results/predictions/full/mixed/resnet/seed_202/bandpass_n20001_cRA_V2_V5_independent_rms_s20.npz,76464,b8d73e554b7777bd2e5a101a660ea96231896665836dae6fcbd99de62bff133e
resnet,mixed,202,bandpass_n20001_cRA_V2_V5_independent_rms_s15,phase2/results/predictions/full/mixed/resnet/seed_202/bandpass_n20001_cRA_V2_V5_independent_rms_s15.npz,76461,1815d261779236174bce57622a5995c657b085ea2cae0785695a7cca77a173ac
resnet,mixed,202,bandpass_n20001_cRA_V2_V5_independent_rms_s10,phase2/results/predictions/full/mixed/resnet/seed_202/bandpass_n20001_cRA_V2_V5_independent_rms_s10.npz,76406,a39a7417efadff4b651a0738a0364313047ab76b9917f5c342ba37d54dd65fc9
resnet,mixed,202,bandpass_n20001_cRA_V2_V5_independent_rms_s5,phase2/results/predictions/full/mixed/resnet/seed_202/bandpass_n20001_cRA_V2_V5_independent_rms_s5.npz,76288,7a54914866b37ef930260f85e0c4fac9d09ba6f31a8444627011325f98645033
resnet,mixed,202,bandpass_n20001_cRA_V2_V5_independent_rms_s0,phase2/results/predictions/full/mixed/resnet/seed_202/bandpass_n20001_cRA_V2_V5_independent_rms_s0.npz,75993,e3c7ff7b79704551f75cb0a41723c8c23fefd270646173107f8822ddf1d267af
resnet,mixed,202,bandpass_n20001_cRA_V2_V5_electrode_s20,phase2/results/predictions/full/mixed/resnet/seed_202/bandpass_n20001_cRA_V2_V5_electrode_s20.npz,76457,e8794d18c7b49020d92f46b262bca414e5af417a49b0a9dbecbb0532f8ef4f8c
resnet,mixed,202,bandpass_n20001_cRA_V2_V5_electrode_s15,phase2/results/predictions/full/mixed/resnet/seed_202/bandpass_n20001_cRA_V2_V5_electrode_s15.npz,76420,df040a19e0ddb2fbffad64550ab3c8b165f1a56879bdcc9cd3b342e49a13dafd
resnet,mixed,202,bandpass_n20001_cRA_V2_V5_electrode_s10,phase2/results/predictions/full/mixed/resnet/seed_202/bandpass_n20001_cRA_V2_V5_electrode_s10.npz,76352,1f5a927831292aa0c13b9aa01ac6df437081dcbf48cc87a889652451da2faa08
resnet,mixed,202,bandpass_n20001_cRA_V2_V5_electrode_s5,phase2/results/predictions/full/mixed/resnet/seed_202/bandpass_n20001_cRA_V2_V5_electrode_s5.npz,76207,07e40d3c3352ddb68904942a4059c93e7f8d48b92eca2e24969ee01bdb16662d
resnet,mixed,202,bandpass_n20001_cRA_V2_V5_electrode_s0,phase2/results/predictions/full/mixed/resnet/seed_202/bandpass_n20001_cRA_V2_V5_electrode_s0.npz,75947,e9c02a81536d369a8d053848b55514f081f34a78d97525b59ba967f1c04cb7f4
resnet,mixed,202,bandpass_n20001_cRA_V2_V5_covariance_s20,phase2/results/predictions/full/mixed/resnet/seed_202/bandpass_n20001_cRA_V2_V5_covariance_s20.npz,76472,9a84a0603eb953773d523f1770169dbca19cdfe5059883198177377caaea54cf
resnet,mixed,202,bandpass_n20001_cRA_V2_V5_covariance_s15,phase2/results/predictions/full/mixed/resnet/seed_202/bandpass_n20001_cRA_V2_V5_covariance_s15.npz,76422,376ddf2128c77aee52fd79a52f538587dd32f6b15b3bf246dbbe9352a0948fef
resnet,mixed,202,bandpass_n20001_cRA_V2_V5_covariance_s10,phase2/results/predictions/full/mixed/resnet/seed_202/bandpass_n20001_cRA_V2_V5_covariance_s10.npz,76373,f7466a313cf2b0264085e201c57f61ca3fa80e65822b3fcff6ed4e4285a8bafe
resnet,mixed,202,bandpass_n20001_cRA_V2_V5_covariance_s5,phase2/results/predictions/full/mixed/resnet/seed_202/bandpass_n20001_cRA_V2_V5_covariance_s5.npz,76166,9827f9fbbc0405f0f1b58441e91044ed8195b9608e325dfcf85259527beb06dd
resnet,mixed,202,bandpass_n20001_cRA_V2_V5_covariance_s0,phase2/results/predictions/full/mixed/resnet/seed_202/bandpass_n20001_cRA_V2_V5_covariance_s0.npz,75940,0d230df13a3898de148822be58a5d422d03d8e35d4557168d5204de3d434f16d
resnet,mixed,202,bandpass_n20001_cLA_V3_V6_independent_rms_s20,phase2/results/predictions/full/mixed/resnet/seed_202/bandpass_n20001_cLA_V3_V6_independent_rms_s20.npz,76516,232a290b72fda5633c062ab58341e39bdc44b4630baeac185344474eb7ebd0d8
resnet,mixed,202,bandpass_n20001_cLA_V3_V6_independent_rms_s15,phase2/results/predictions/full/mixed/resnet/seed_202/bandpass_n20001_cLA_V3_V6_independent_rms_s15.npz,76460,d312c384c1bccb7e9e16ea5b9114b6c731f51ce2d0d639e0fcdc842422d1c2a1
resnet,mixed,202,bandpass_n20001_cLA_V3_V6_independent_rms_s10,phase2/results/predictions/full/mixed/resnet/seed_202/bandpass_n20001_cLA_V3_V6_independent_rms_s10.npz,76451,9a3934d61ebd895df9954073354787a714893bfa753d7e4288cf262683c2bd54
resnet,mixed,202,bandpass_n20001_cLA_V3_V6_independent_rms_s5,phase2/results/predictions/full/mixed/resnet/seed_202/bandpass_n20001_cLA_V3_V6_independent_rms_s5.npz,76315,0266fd6b51cd6e6e035c5b6adf11360cd5556e0fd8373d3a2137ba9709bd6b85
resnet,mixed,202,bandpass_n20001_cLA_V3_V6_independent_rms_s0,phase2/results/predictions/full/mixed/resnet/seed_202/bandpass_n20001_cLA_V3_V6_independent_rms_s0.npz,76029,423a5f739ef754057ab9cca8932146ad6ccc0b627a142c5cd2e7bed97c34c364
resnet,mixed,202,bandpass_n20001_cLA_V3_V6_electrode_s20,phase2/results/predictions/full/mixed/resnet/seed_202/bandpass_n20001_cLA_V3_V6_electrode_s20.npz,76455,62648d477be4ede17b20c32eb168565addfabaf8c989e0565336911ede39e4f0
resnet,mixed,202,bandpass_n20001_cLA_V3_V6_electrode_s15,phase2/results/predictions/full/mixed/resnet/seed_202/bandpass_n20001_cLA_V3_V6_electrode_s15.npz,76469,e776b38d0f56b022cf885d713e714eee5729af599ba8ba9538d068a4feb542ca
resnet,mixed,202,bandpass_n20001_cLA_V3_V6_electrode_s10,phase2/results/predictions/full/mixed/resnet/seed_202/bandpass_n20001_cLA_V3_V6_electrode_s10.npz,76384,84fab8fcf5f6f95cf548e26fa397ead9cf8eccc792aeaf8b7b2e9405c37e6bbf
resnet,mixed,202,bandpass_n20001_cLA_V3_V6_electrode_s5,phase2/results/predictions/full/mixed/resnet/seed_202/bandpass_n20001_cLA_V3_V6_electrode_s5.npz,76223,14cb4f708a66a39dbd816ff76219a4ba7945f2980822ac235695d425a260b08f
resnet,mixed,202,bandpass_n20001_cLA_V3_V6_electrode_s0,phase2/results/predictions/full/mixed/resnet/seed_202/bandpass_n20001_cLA_V3_V6_electrode_s0.npz,75815,873cc5247522737c3afa056c99401f0517577b6a4a4be03c35ad803965faab62
resnet,mixed,202,bandpass_n20001_cLA_V3_V6_covariance_s20,phase2/results/predictions/full/mixed/resnet/seed_202/bandpass_n20001_cLA_V3_V6_covariance_s20.npz,76439,17739f41048ae31819bdea1e37e8029c37c2bfc48d37cb011a8a1c37afc1e5f3
resnet,mixed,202,bandpass_n20001_cLA_V3_V6_covariance_s15,phase2/results/predictions/full/mixed/resnet/seed_202/bandpass_n20001_cLA_V3_V6_covariance_s15.npz,76442,236d6805d3d519eef20ef0e53374a8c2dad984cd45dce15cabf3b9bc12b52857
resnet,mixed,202,bandpass_n20001_cLA_V3_V6_covariance_s10,phase2/results/predictions/full/mixed/resnet/seed_202/bandpass_n20001_cLA_V3_V6_covariance_s10.npz,76426,9f7892b6dbc8dafc029eec2e28d69d5c4446d90a8f719bbc024852380ce385f2
resnet,mixed,202,bandpass_n20001_cLA_V3_V6_covariance_s5,phase2/results/predictions/full/mixed/resnet/seed_202/bandpass_n20001_cLA_V3_V6_covariance_s5.npz,76257,352151e5b51fc3abcb81c725eacd915a89303cbe9ee3c641393269f4ea3701d1
resnet,mixed,202,bandpass_n20001_cLA_V3_V6_covariance_s0,phase2/results/predictions/full/mixed/resnet/seed_202/bandpass_n20001_cLA_V3_V6_covariance_s0.npz,75875,e0c4e6a4dd69d6c3cc335111fbec6f01c1e175e6d0155ae0458565e571929e68
resnet,mixed,202,bandpass_n20001_cLL_V1_V4_independent_rms_s20,phase2/results/predictions/full/mixed/resnet/seed_202/bandpass_n20001_cLL_V1_V4_independent_rms_s20.npz,76466,0cdfa869ff745316a4ce685807f3d77de30e3374566c2e1589adafdc3ac2a260
resnet,mixed,202,bandpass_n20001_cLL_V1_V4_independent_rms_s15,phase2/results/predictions/full/mixed/resnet/seed_202/bandpass_n20001_cLL_V1_V4_independent_rms_s15.npz,76459,d4cafeef9d9308431a871d236e4078766dc1ea45052f7df4082d8dc3cc49c0a2
resnet,mixed,202,bandpass_n20001_cLL_V1_V4_independent_rms_s10,phase2/results/predictions/full/mixed/resnet/seed_202/bandpass_n20001_cLL_V1_V4_independent_rms_s10.npz,76418,2a31b7fa3de65b666a22103c41b1f06fa8708cc12b9e776093329b7e7981255f
resnet,mixed,202,bandpass_n20001_cLL_V1_V4_independent_rms_s5,phase2/results/predictions/full/mixed/resnet/seed_202/bandpass_n20001_cLL_V1_V4_independent_rms_s5.npz,76281,e35db6f89ede4e81a2a5df076934a2368f919516a249471b924d6f0f8c10d6f4
resnet,mixed,202,bandpass_n20001_cLL_V1_V4_independent_rms_s0,phase2/results/predictions/full/mixed/resnet/seed_202/bandpass_n20001_cLL_V1_V4_independent_rms_s0.npz,76003,5ce0da91b4f44bdf2bd95b127f77e85e455a875103053b507eaab9fbb2fbe9e8
resnet,mixed,202,bandpass_n20001_cLL_V1_V4_electrode_s20,phase2/results/predictions/full/mixed/resnet/seed_202/bandpass_n20001_cLL_V1_V4_electrode_s20.npz,76457,de26e638be1103fc7edc90604b82bce14274d7f7b67c10e7be2a8d0b4f8a1f2e
resnet,mixed,202,bandpass_n20001_cLL_V1_V4_electrode_s15,phase2/results/predictions/full/mixed/resnet/seed_202/bandpass_n20001_cLL_V1_V4_electrode_s15.npz,76428,51932e9752e52a7aa61215f0870d90d5b26c787cb676196c461c427e2b36d69f
resnet,mixed,202,bandpass_n20001_cLL_V1_V4_electrode_s10,phase2/results/predictions/full/mixed/resnet/seed_202/bandpass_n20001_cLL_V1_V4_electrode_s10.npz,76372,6aae5bf06a88cb5b2921175e2064cf5a83652112e35e0c96a9dc1dc05e1ca3f7
resnet,mixed,202,bandpass_n20001_cLL_V1_V4_electrode_s5,phase2/results/predictions/full/mixed/resnet/seed_202/bandpass_n20001_cLL_V1_V4_electrode_s5.npz,76160,fdc4613c10202441fdccbb2e42a04692f3f5a800d8ed0f826c68eaab499c9c5d
resnet,mixed,202,bandpass_n20001_cLL_V1_V4_electrode_s0,phase2/results/predictions/full/mixed/resnet/seed_202/bandpass_n20001_cLL_V1_V4_electrode_s0.npz,75693,d71557290ba8d89347ab18c294ce996cbe88392c0b680bd415dcd329dabd5bec
resnet,mixed,202,bandpass_n20001_cLL_V1_V4_covariance_s20,phase2/results/predictions/full/mixed/resnet/seed_202/bandpass_n20001_cLL_V1_V4_covariance_s20.npz,76442,854cefff341beddc7d4f8905a7c37820e0497372f0065492c21961180b2b557d
resnet,mixed,202,bandpass_n20001_cLL_V1_V4_covariance_s15,phase2/results/predictions/full/mixed/resnet/seed_202/bandpass_n20001_cLL_V1_V4_covariance_s15.npz,76441,cd7b3ac3c9cf2f5e7469a5917be510ef2fb9c2e408b4325daf548f7a2e2d1ea1
resnet,mixed,202,bandpass_n20001_cLL_V1_V4_covariance_s10,phase2/results/predictions/full/mixed/resnet/seed_202/bandpass_n20001_cLL_V1_V4_covariance_s10.npz,76366,1d7971be8bbcd38c0cfaa4a9149fd63a67037e4913828536b188425b3ca1697e
resnet,mixed,202,bandpass_n20001_cLL_V1_V4_covariance_s5,phase2/results/predictions/full/mixed/resnet/seed_202/bandpass_n20001_cLL_V1_V4_covariance_s5.npz,76132,467731ead3ee724800114ccb4a3416f942a1e2a8f849d7c9a2d9e1797c518976
resnet,mixed,202,bandpass_n20001_cLL_V1_V4_covariance_s0,phase2/results/predictions/full/mixed/resnet/seed_202/bandpass_n20001_cLL_V1_V4_covariance_s0.npz,75744,5fcab7a5805c4eee7f9d1682c8ac69f788bb6ffbabb23d61dd2fd3c75d4ea75b
resnet,mixed,202,bandpass_n20001_call_independent_rms_s20,phase2/results/predictions/full/mixed/resnet/seed_202/bandpass_n20001_call_independent_rms_s20.npz,76466,bddc0e12dce66c6eb98b7720c3b081653c6716288a47604416b156b5f62aed2b
resnet,mixed,202,bandpass_n20001_call_independent_rms_s15,phase2/results/predictions/full/mixed/resnet/seed_202/bandpass_n20001_call_independent_rms_s15.npz,76438,2879238eb31217aafd8e61a7661ce2b81e2bb14eb457d7981010375e6dc815cc
resnet,mixed,202,bandpass_n20001_call_independent_rms_s10,phase2/results/predictions/full/mixed/resnet/seed_202/bandpass_n20001_call_independent_rms_s10.npz,76415,94826034b34c33bdae395c700417e04356a1ca32e27c6f4e67fc0b3a94810556
resnet,mixed,202,bandpass_n20001_call_independent_rms_s5,phase2/results/predictions/full/mixed/resnet/seed_202/bandpass_n20001_call_independent_rms_s5.npz,76280,f4c58a61974b11c73a1a191edd2f2422d9f0c76265156caa155a8d1ab9e8f7ba
resnet,mixed,202,bandpass_n20001_call_independent_rms_s0,phase2/results/predictions/full/mixed/resnet/seed_202/bandpass_n20001_call_independent_rms_s0.npz,75976,596da14ddce2e8b63afd8b38043da2b40fcb20109e25e4ef1abf40aedb170e77
resnet,mixed,202,bandpass_n20001_call_electrode_s20,phase2/results/predictions/full/mixed/resnet/seed_202/bandpass_n20001_call_electrode_s20.npz,76430,f147a876e02b677248fcfd1c3f161059f4370097feeb2a52df500f198494897e
resnet,mixed,202,bandpass_n20001_call_electrode_s15,phase2/results/predictions/full/mixed/resnet/seed_202/bandpass_n20001_call_electrode_s15.npz,76416,0327f6f2fde8c24ef538f199db4811d0d6a816af332378af2b0605a7bb21b21b
resnet,mixed,202,bandpass_n20001_call_electrode_s10,phase2/results/predictions/full/mixed/resnet/seed_202/bandpass_n20001_call_electrode_s10.npz,76345,45ba6c96b3159627b26dc3d3d09da5136645d50ad0e92ff0237bd5008c9b12a0
resnet,mixed,202,bandpass_n20001_call_electrode_s5,phase2/results/predictions/full/mixed/resnet/seed_202/bandpass_n20001_call_electrode_s5.npz,76179,a36066df26217bf3acc06073b13171441fa717ce15c94e0e1edc781865b9beef
resnet,mixed,202,bandpass_n20001_call_electrode_s0,phase2/results/predictions/full/mixed/resnet/seed_202/bandpass_n20001_call_electrode_s0.npz,75781,aa7e3542d4dfa3135ca492b55553e091bf7016df2e29399e3f8242ce1d8dca96
resnet,mixed,202,bandpass_n20001_call_covariance_s20,phase2/results/predictions/full/mixed/resnet/seed_202/bandpass_n20001_call_covariance_s20.npz,76423,f049cf385340adb1c60c3e0bed3947300208e1b0b2f3457e20a671f9f7cf19ba
resnet,mixed,202,bandpass_n20001_call_covariance_s15,phase2/results/predictions/full/mixed/resnet/seed_202/bandpass_n20001_call_covariance_s15.npz,76400,ec49e7da5644063dc0ff22b90ebfca5ca3b9b75fe3dea55f92a21ceea9dc5d5f
resnet,mixed,202,bandpass_n20001_call_covariance_s10,phase2/results/predictions/full/mixed/resnet/seed_202/bandpass_n20001_call_covariance_s10.npz,76356,97fa6c9f5b5ba1304073008b1b0a54f665d9504d6366dc938dbafb05692c8552
resnet,mixed,202,bandpass_n20001_call_covariance_s5,phase2/results/predictions/full/mixed/resnet/seed_202/bandpass_n20001_call_covariance_s5.npz,76211,2d528d50fa9b07fcbd667f519d6c2139765110840e73cdeaf5ec3600bef95580
resnet,mixed,202,bandpass_n20001_call_covariance_s0,phase2/results/predictions/full/mixed/resnet/seed_202/bandpass_n20001_call_covariance_s0.npz,75830,53fcd9929a72439813e3436e4606eca0e8e4adf5d5b11715bb65d16def51d9d0
resnet,mixed,202,bandpass_n20002_cRA_LA_LL_independent_rms_s20,phase2/results/predictions/full/mixed/resnet/seed_202/bandpass_n20002_cRA_LA_LL_independent_rms_s20.npz,76479,d86c5657ec653c8f4885bd15f84303622f1d8e7dcf2c785db92210259f708eb9
resnet,mixed,202,bandpass_n20002_cRA_LA_LL_independent_rms_s15,phase2/results/predictions/full/mixed/resnet/seed_202/bandpass_n20002_cRA_LA_LL_independent_rms_s15.npz,76455,e2b5bf2986d556c1695c2b3e987c02765d8fb8d029d696e4e7bd86044f3ceeb3
resnet,mixed,202,bandpass_n20002_cRA_LA_LL_independent_rms_s10,phase2/results/predictions/full/mixed/resnet/seed_202/bandpass_n20002_cRA_LA_LL_independent_rms_s10.npz,76408,c6dafbe6e8974cdefb1cb384237f2b54cdad2ac1b7027f7e035807f6ea3be780
resnet,mixed,202,bandpass_n20002_cRA_LA_LL_independent_rms_s5,phase2/results/predictions/full/mixed/resnet/seed_202/bandpass_n20002_cRA_LA_LL_independent_rms_s5.npz,76297,5d9ec9cc93e7f8edacf9832cbd1f077e14d82df23d95f2daf0b87277d25c6373
resnet,mixed,202,bandpass_n20002_cRA_LA_LL_independent_rms_s0,phase2/results/predictions/full/mixed/resnet/seed_202/bandpass_n20002_cRA_LA_LL_independent_rms_s0.npz,75995,ca1090cee5370ba11b57258c0b3c710b0be0f6e52c7e3aefea0c53ae2cda6a74
resnet,mixed,202,bandpass_n20002_cRA_LA_LL_electrode_s20,phase2/results/predictions/full/mixed/resnet/seed_202/bandpass_n20002_cRA_LA_LL_electrode_s20.npz,76435,6b40575ccc9b51d0ce0e63ca40b405bbb95f62fe1dfe0d4e6dd24745012b2ae6
resnet,mixed,202,bandpass_n20002_cRA_LA_LL_electrode_s15,phase2/results/predictions/full/mixed/resnet/seed_202/bandpass_n20002_cRA_LA_LL_electrode_s15.npz,76419,9b8c850df7358ea8f5d417d5daa602cf333dde700a19a40981f8bd06e52e793e
resnet,mixed,202,bandpass_n20002_cRA_LA_LL_electrode_s10,phase2/results/predictions/full/mixed/resnet/seed_202/bandpass_n20002_cRA_LA_LL_electrode_s10.npz,76330,1a2291b02e2e3860e94ec8beb0b27533436b9e3b7f78a452412f24aea155f45e
resnet,mixed,202,bandpass_n20002_cRA_LA_LL_electrode_s5,phase2/results/predictions/full/mixed/resnet/seed_202/bandpass_n20002_cRA_LA_LL_electrode_s5.npz,76174,f4c30bcbb4f8b4de86b9207871c5e9324664c1e44e8f33778a72efd0ff92da15
resnet,mixed,202,bandpass_n20002_cRA_LA_LL_electrode_s0,phase2/results/predictions/full/mixed/resnet/seed_202/bandpass_n20002_cRA_LA_LL_electrode_s0.npz,75764,5248c3c0ef317ad95b74a0273e9d13ae3ed0ee37b9cc20ecbe9a578933465302
resnet,mixed,202,bandpass_n20002_cRA_LA_LL_covariance_s20,phase2/results/predictions/full/mixed/resnet/seed_202/bandpass_n20002_cRA_LA_LL_covariance_s20.npz,76441,2ac27ff31fd6d8bdffdc367814f7353e3d23e6d97691c5c50fd8f906f5c51a3d
resnet,mixed,202,bandpass_n20002_cRA_LA_LL_covariance_s15,phase2/results/predictions/full/mixed/resnet/seed_202/bandpass_n20002_cRA_LA_LL_covariance_s15.npz,76426,2ce376c83655e8badc643bc3ab644d902b6bf2a592b3197e643ea3c21f8f3b41
resnet,mixed,202,bandpass_n20002_cRA_LA_LL_covariance_s10,phase2/results/predictions/full/mixed/resnet/seed_202/bandpass_n20002_cRA_LA_LL_covariance_s10.npz,76336,a7aab58f15f53ca917c68800e46d16ebdc46e2bba38820b118c051c2419f83c1
resnet,mixed,202,bandpass_n20002_cRA_LA_LL_covariance_s5,phase2/results/predictions/full/mixed/resnet/seed_202/bandpass_n20002_cRA_LA_LL_covariance_s5.npz,76136,a906339efce8493bef7da6e6514f9fc836fbb96165623bf0d45443e827abe692
resnet,mixed,202,bandpass_n20002_cRA_LA_LL_covariance_s0,phase2/results/predictions/full/mixed/resnet/seed_202/bandpass_n20002_cRA_LA_LL_covariance_s0.npz,75726,69d366ac46400e06cb57c79e08ee61858d59011b5e556ac7d6097f033e89b263
resnet,mixed,202,bandpass_n20002_cV1_independent_rms_s20,phase2/results/predictions/full/mixed/resnet/seed_202/bandpass_n20002_cV1_independent_rms_s20.npz,76431,c13708b204865e3734d8fd86e517d37529e52898ce723720296a295874216b88
resnet,mixed,202,bandpass_n20002_cV1_independent_rms_s15,phase2/results/predictions/full/mixed/resnet/seed_202/bandpass_n20002_cV1_independent_rms_s15.npz,76414,8ca2417fa348ba757ebe3e88fb1eacc56f17981ab320ccb8b1ba0d93ee746de5
resnet,mixed,202,bandpass_n20002_cV1_independent_rms_s10,phase2/results/predictions/full/mixed/resnet/seed_202/bandpass_n20002_cV1_independent_rms_s10.npz,76371,7fc6c030713d7f4e5f8c005008eebbb597d9d5e4f574fc5d943199bda4e23f5d
resnet,mixed,202,bandpass_n20002_cV1_independent_rms_s5,phase2/results/predictions/full/mixed/resnet/seed_202/bandpass_n20002_cV1_independent_rms_s5.npz,76249,11f17aec68c6d1ca752eb91ebd2aeed78418801fc226c0260d68f50caf67977a
resnet,mixed,202,bandpass_n20002_cV1_independent_rms_s0,phase2/results/predictions/full/mixed/resnet/seed_202/bandpass_n20002_cV1_independent_rms_s0.npz,75823,2b802fb9b40142549ad190ba48ccc966b678987b34a557309e93dad3dd120458
resnet,mixed,202,bandpass_n20002_cV1_electrode_s20,phase2/results/predictions/full/mixed/resnet/seed_202/bandpass_n20002_cV1_electrode_s20.npz,76443,122852b19681556214ffbefea6d9a3a4753fd2d35597a1be3ee12b52f47ebf9a
resnet,mixed,202,bandpass_n20002_cV1_electrode_s15,phase2/results/predictions/full/mixed/resnet/seed_202/bandpass_n20002_cV1_electrode_s15.npz,76433,e432bbe3542f461b03af66562e3adcf887ab6bd543976773cd0b86541b35b25f
resnet,mixed,202,bandpass_n20002_cV1_electrode_s10,phase2/results/predictions/full/mixed/resnet/seed_202/bandpass_n20002_cV1_electrode_s10.npz,76376,6df2f9778ec350d2786e0d482582093af57a5ed4f55a7de8b5fc30eba04f7ece
resnet,mixed,202,bandpass_n20002_cV1_electrode_s5,phase2/results/predictions/full/mixed/resnet/seed_202/bandpass_n20002_cV1_electrode_s5.npz,76212,876a30e22b678d8e00f7305207d822179c5e2f32ad9f0182a00efa3d34c8cd69
resnet,mixed,202,bandpass_n20002_cV1_electrode_s0,phase2/results/predictions/full/mixed/resnet/seed_202/bandpass_n20002_cV1_electrode_s0.npz,75796,176dfa3e777fdfd903a9c1afc3d59f845eabf97268f39da17c608386856d0525
resnet,mixed,202,bandpass_n20002_cV1_covariance_s20,phase2/results/predictions/full/mixed/resnet/seed_202/bandpass_n20002_cV1_covariance_s20.npz,76458,030fb05a598848a5a3a82a437ada0af282f84087908eafda8976a24f611ce54c
resnet,mixed,202,bandpass_n20002_cV1_covariance_s15,phase2/results/predictions/full/mixed/resnet/seed_202/bandpass_n20002_cV1_covariance_s15.npz,76429,6693716377cf7d3018dcf3ca74642dc4a7023ee079667b9daa9b8047df63f0f3
resnet,mixed,202,bandpass_n20002_cV1_covariance_s10,phase2/results/predictions/full/mixed/resnet/seed_202/bandpass_n20002_cV1_covariance_s10.npz,76402,72b1bd8d1e92d440eabf73c1953d50e49b0ef732b5255180ad4dae084abf4595
resnet,mixed,202,bandpass_n20002_cV1_covariance_s5,phase2/results/predictions/full/mixed/resnet/seed_202/bandpass_n20002_cV1_covariance_s5.npz,76218,acc08e0e8a046350e91a73376681d61802332425cd466a11c10016a457bbdb60
resnet,mixed,202,bandpass_n20002_cV1_covariance_s0,phase2/results/predictions/full/mixed/resnet/seed_202/bandpass_n20002_cV1_covariance_s0.npz,75765,ab7594f41181925bddae98640475b2254318e85e11599f604698cbd0cd27cbc4
resnet,mixed,202,bandpass_n20002_cV2_independent_rms_s20,phase2/results/predictions/full/mixed/resnet/seed_202/bandpass_n20002_cV2_independent_rms_s20.npz,76423,deaf7be54f028c85823185c0f02bba80dc494c822a1b716a9f87f91f1c8ce41c
resnet,mixed,202,bandpass_n20002_cV2_independent_rms_s15,phase2/results/predictions/full/mixed/resnet/seed_202/bandpass_n20002_cV2_independent_rms_s15.npz,76456,393e7f190c813a46e004c3ffe43ab6279de5fa15d7115bfd8a159629cb52ced6
resnet,mixed,202,bandpass_n20002_cV2_independent_rms_s10,phase2/results/predictions/full/mixed/resnet/seed_202/bandpass_n20002_cV2_independent_rms_s10.npz,76444,aa21dd90dd8e5c9af70d6b9477e61ffec8cfe957a44b692508800bcea10ae326
resnet,mixed,202,bandpass_n20002_cV2_independent_rms_s5,phase2/results/predictions/full/mixed/resnet/seed_202/bandpass_n20002_cV2_independent_rms_s5.npz,76323,3353a5e82ebeca364a2a378fcb098cc927435ac0ef61b08a1a802035aad37f56
resnet,mixed,202,bandpass_n20002_cV2_independent_rms_s0,phase2/results/predictions/full/mixed/resnet/seed_202/bandpass_n20002_cV2_independent_rms_s0.npz,76021,679a8a127fbf7ea03f7aa734293c01103169fcfc2564e537626ace3eaa5c30c1
resnet,mixed,202,bandpass_n20002_cV2_electrode_s20,phase2/results/predictions/full/mixed/resnet/seed_202/bandpass_n20002_cV2_electrode_s20.npz,76447,0d85c4fcd15411c0c23bd46e5730de971eb313c2992ea8c68cb8825f49be6b0f
resnet,mixed,202,bandpass_n20002_cV2_electrode_s15,phase2/results/predictions/full/mixed/resnet/seed_202/bandpass_n20002_cV2_electrode_s15.npz,76423,3059f892c095a74c0014b52e44becc5136a3c5193b159f390028d8e9bd08bb16
resnet,mixed,202,bandpass_n20002_cV2_electrode_s10,phase2/results/predictions/full/mixed/resnet/seed_202/bandpass_n20002_cV2_electrode_s10.npz,76411,55dde5e4e18243b4deda094ec08564114ef2304451eac3a3ed129aa5b3b6a03f
resnet,mixed,202,bandpass_n20002_cV2_electrode_s5,phase2/results/predictions/full/mixed/resnet/seed_202/bandpass_n20002_cV2_electrode_s5.npz,76274,e7bb595262192609687eea427414b005f038ad2b58a1c2b280e89661f1badc5c
resnet,mixed,202,bandpass_n20002_cV2_electrode_s0,phase2/results/predictions/full/mixed/resnet/seed_202/bandpass_n20002_cV2_electrode_s0.npz,76038,54da0e80375b6fc892f050049aea4c31f54e0a2b889e14aebf07462e42fdcfe1
resnet,mixed,202,bandpass_n20002_cV2_covariance_s20,phase2/results/predictions/full/mixed/resnet/seed_202/bandpass_n20002_cV2_covariance_s20.npz,76435,69f058594c8e21f47d5b81798dadb4aaf467f6922b59de58acf354b008a4e65f
resnet,mixed,202,bandpass_n20002_cV2_covariance_s15,phase2/results/predictions/full/mixed/resnet/seed_202/bandpass_n20002_cV2_covariance_s15.npz,76453,0014a59f4e0283a9ab8153ba57da65f83b7926cdcdc435316f2bc2545c4d1f31
resnet,mixed,202,bandpass_n20002_cV2_covariance_s10,phase2/results/predictions/full/mixed/resnet/seed_202/bandpass_n20002_cV2_covariance_s10.npz,76403,fc9db285571fe8fa6072f70e2e34c584d136c538c92352451353b5cc5d6a31e9
resnet,mixed,202,bandpass_n20002_cV2_covariance_s5,phase2/results/predictions/full/mixed/resnet/seed_202/bandpass_n20002_cV2_covariance_s5.npz,76314,720a1553ffa789585d9506f329636155c737f2a85ae98ac7651e8de742b7e25c
resnet,mixed,202,bandpass_n20002_cV2_covariance_s0,phase2/results/predictions/full/mixed/resnet/seed_202/bandpass_n20002_cV2_covariance_s0.npz,76029,09a4f40d348e305e59ef5ee0ce7a4fa1199659b3421bb5e342a5687ec6275c8b
resnet,mixed,202,bandpass_n20002_cV3_independent_rms_s20,phase2/results/predictions/full/mixed/resnet/seed_202/bandpass_n20002_cV3_independent_rms_s20.npz,76462,66dbd11a8c6457446ba061698313bd04d10e15c06fafb648351b5c7607111963
resnet,mixed,202,bandpass_n20002_cV3_independent_rms_s15,phase2/results/predictions/full/mixed/resnet/seed_202/bandpass_n20002_cV3_independent_rms_s15.npz,76465,5c232ca535f09d383bc33b2dbad711377c77e3096ab8913288981be8b73d5382
resnet,mixed,202,bandpass_n20002_cV3_independent_rms_s10,phase2/results/predictions/full/mixed/resnet/seed_202/bandpass_n20002_cV3_independent_rms_s10.npz,76445,d458339fb8533fdf3661efb703612853d5114990f6d178ad07dbf93ec6d489ff
resnet,mixed,202,bandpass_n20002_cV3_independent_rms_s5,phase2/results/predictions/full/mixed/resnet/seed_202/bandpass_n20002_cV3_independent_rms_s5.npz,76391,2f490de200a8dbd0670d076ad951dbb858bbe9d0da4630efe0031d83f29ab6a7
resnet,mixed,202,bandpass_n20002_cV3_independent_rms_s0,phase2/results/predictions/full/mixed/resnet/seed_202/bandpass_n20002_cV3_independent_rms_s0.npz,76234,3496a033e1b7e5f34a4e5f7e1fb2f55fe4d334aa74aadc62a6ffe9584cf04e22
resnet,mixed,202,bandpass_n20002_cV3_electrode_s20,phase2/results/predictions/full/mixed/resnet/seed_202/bandpass_n20002_cV3_electrode_s20.npz,76409,bf583bf698303517e75dfa7716d1be2a0a4487335fbb5f56791e94980ee6dc87
resnet,mixed,202,bandpass_n20002_cV3_electrode_s15,phase2/results/predictions/full/mixed/resnet/seed_202/bandpass_n20002_cV3_electrode_s15.npz,76454,79a918ea6d1e997336bb62ac749086085c6ebe35310d60a7fe3285aedc44e353
resnet,mixed,202,bandpass_n20002_cV3_electrode_s10,phase2/results/predictions/full/mixed/resnet/seed_202/bandpass_n20002_cV3_electrode_s10.npz,76448,d3b94e8f6af270e73ae94c2a1dc0d8df9ced7a77cb2d4c468330057903dcf0f4
resnet,mixed,202,bandpass_n20002_cV3_electrode_s5,phase2/results/predictions/full/mixed/resnet/seed_202/bandpass_n20002_cV3_electrode_s5.npz,76426,0725c54aaaa5d077bce9a6b7e7311dde0c56e61871f6bff8376c09921df726f9
resnet,mixed,202,bandpass_n20002_cV3_electrode_s0,phase2/results/predictions/full/mixed/resnet/seed_202/bandpass_n20002_cV3_electrode_s0.npz,76194,2ded99785139cbb8da0ec2519511c02601feace24c3358431614382402ceb0e5
resnet,mixed,202,bandpass_n20002_cV3_covariance_s20,phase2/results/predictions/full/mixed/resnet/seed_202/bandpass_n20002_cV3_covariance_s20.npz,76430,e2b73415b9e858fc52e49f6bc8f21dd17e942ea946749a9d48498fca8f7e9022
resnet,mixed,202,bandpass_n20002_cV3_covariance_s15,phase2/results/predictions/full/mixed/resnet/seed_202/bandpass_n20002_cV3_covariance_s15.npz,76483,a8459623032f23574bedd2f7d1a341ea53056986543393484b0f80cc811918ee
resnet,mixed,202,bandpass_n20002_cV3_covariance_s10,phase2/results/predictions/full/mixed/resnet/seed_202/bandpass_n20002_cV3_covariance_s10.npz,76472,b53dfe6c4f729efec6b13654935378aa821e54e5d4bc6bacca8d01f12d6b1f40
resnet,mixed,202,bandpass_n20002_cV3_covariance_s5,phase2/results/predictions/full/mixed/resnet/seed_202/bandpass_n20002_cV3_covariance_s5.npz,76395,414d5a5a21eb121a93400208c793a55bf8773f02e75a63bf52bb53e5f62ad759
resnet,mixed,202,bandpass_n20002_cV3_covariance_s0,phase2/results/predictions/full/mixed/resnet/seed_202/bandpass_n20002_cV3_covariance_s0.npz,76223,78ac65b9a7dfa678507e7dee0047a4587a0045e61735f9d82d0ef5ec165a223f
resnet,mixed,202,bandpass_n20002_cV4_independent_rms_s20,phase2/results/predictions/full/mixed/resnet/seed_202/bandpass_n20002_cV4_independent_rms_s20.npz,76438,4b7a995ac93218a180034c847b2c14ac0482f1d74306b3d586e939a646b7d779
resnet,mixed,202,bandpass_n20002_cV4_independent_rms_s15,phase2/results/predictions/full/mixed/resnet/seed_202/bandpass_n20002_cV4_independent_rms_s15.npz,76430,feaf5cf65db05f27fb349aef429f9664d5eeeaa36139b5dfb2dd8cdb093dc137
resnet,mixed,202,bandpass_n20002_cV4_independent_rms_s10,phase2/results/predictions/full/mixed/resnet/seed_202/bandpass_n20002_cV4_independent_rms_s10.npz,76419,59a54d55b4100e16209c704de6a3be5ee7b5902785cf118d6587bd538071f241
resnet,mixed,202,bandpass_n20002_cV4_independent_rms_s5,phase2/results/predictions/full/mixed/resnet/seed_202/bandpass_n20002_cV4_independent_rms_s5.npz,76362,88a1679b688a572b6d40c691f81011c0e38695a810b26ec44cf59dad340aea8a
resnet,mixed,202,bandpass_n20002_cV4_independent_rms_s0,phase2/results/predictions/full/mixed/resnet/seed_202/bandpass_n20002_cV4_independent_rms_s0.npz,76049,4bf155ad58b9050111f0bb2e67c43286a9938b0e40f7d695f3b650c6b13d9c42
resnet,mixed,202,bandpass_n20002_cV4_electrode_s20,phase2/results/predictions/full/mixed/resnet/seed_202/bandpass_n20002_cV4_electrode_s20.npz,76464,866e55503724e485d97297fec3f9a550b8096b5d7b0dddd66edb20bb5a727c45
resnet,mixed,202,bandpass_n20002_cV4_electrode_s15,phase2/results/predictions/full/mixed/resnet/seed_202/bandpass_n20002_cV4_electrode_s15.npz,76437,b1cd99237f622c7aa7bcec3b29f7326a0bd22bc3ff271d69782764b4d5ff6a23
resnet,mixed,202,bandpass_n20002_cV4_electrode_s10,phase2/results/predictions/full/mixed/resnet/seed_202/bandpass_n20002_cV4_electrode_s10.npz,76420,0b830ac2836ffeaf333d7564b6efac5a5263e38a93b8dacbeaeb12419ab411d9
resnet,mixed,202,bandpass_n20002_cV4_electrode_s5,phase2/results/predictions/full/mixed/resnet/seed_202/bandpass_n20002_cV4_electrode_s5.npz,76296,bcc7c4b6f0486e5d4f47a6d1f84c70908d8c3d60f0b020ed95c2bc103ebc2d3c
resnet,mixed,202,bandpass_n20002_cV4_electrode_s0,phase2/results/predictions/full/mixed/resnet/seed_202/bandpass_n20002_cV4_electrode_s0.npz,75988,c943e36d852c84d98736c5f94a80a4eb5b58c21aa0d07e521e6f3986059ea6b0
resnet,mixed,202,bandpass_n20002_cV4_covariance_s20,phase2/results/predictions/full/mixed/resnet/seed_202/bandpass_n20002_cV4_covariance_s20.npz,76446,c413eedfb77ddbd95c5cd26d2768a562aee5a937f76ec6f4a2ccd0aea0557f1a
resnet,mixed,202,bandpass_n20002_cV4_covariance_s15,phase2/results/predictions/full/mixed/resnet/seed_202/bandpass_n20002_cV4_covariance_s15.npz,76455,9724546e9b42df9071115fafcd404d01a7cea18d08c8fa12b8d1de84a01f7e15
resnet,mixed,202,bandpass_n20002_cV4_covariance_s10,phase2/results/predictions/full/mixed/resnet/seed_202/bandpass_n20002_cV4_covariance_s10.npz,76429,774bb26bfa4b42cd49c6761ade44363c0a3ee20309994af5b537d3a72326e5f6
resnet,mixed,202,bandpass_n20002_cV4_covariance_s5,phase2/results/predictions/full/mixed/resnet/seed_202/bandpass_n20002_cV4_covariance_s5.npz,76342,d11f048a86faaf4b3ac6ad9d22603736d5f1dd8a52e44cfdf5c146a9f0312bb3
resnet,mixed,202,bandpass_n20002_cV4_covariance_s0,phase2/results/predictions/full/mixed/resnet/seed_202/bandpass_n20002_cV4_covariance_s0.npz,76046,1e5850491668f15ee8482fc9b80b1375c9def76fb571c15977a882fcae449c6f
resnet,mixed,202,bandpass_n20002_cV5_independent_rms_s20,phase2/results/predictions/full/mixed/resnet/seed_202/bandpass_n20002_cV5_independent_rms_s20.npz,76478,0a0a42a5f61008ddf747d8b7e9e590c1571d6f503d6c9f8d89e3e719972d1752
resnet,mixed,202,bandpass_n20002_cV5_independent_rms_s15,phase2/results/predictions/full/mixed/resnet/seed_202/bandpass_n20002_cV5_independent_rms_s15.npz,76465,ebe574ba5d48f9897e251a0eeb29e142b9003686e634d9316942c6fbc060eee9
resnet,mixed,202,bandpass_n20002_cV5_independent_rms_s10,phase2/results/predictions/full/mixed/resnet/seed_202/bandpass_n20002_cV5_independent_rms_s10.npz,76399,c2be738ff29045e28a1c769cd1fab99a99d698c6fed16e36c8b1dc9ac0e572f7
resnet,mixed,202,bandpass_n20002_cV5_independent_rms_s5,phase2/results/predictions/full/mixed/resnet/seed_202/bandpass_n20002_cV5_independent_rms_s5.npz,76294,b0584366e6d671c58c1c49f23e63d41c4ee20d16b35ea9598b145e56f73cd64d
resnet,mixed,202,bandpass_n20002_cV5_independent_rms_s0,phase2/results/predictions/full/mixed/resnet/seed_202/bandpass_n20002_cV5_independent_rms_s0.npz,76023,ebb63fd8ef924f0f8c7a0ac89c7a8f8f0bd3e9f2852255dd441b39d3c59d2add
resnet,mixed,202,bandpass_n20002_cV5_electrode_s20,phase2/results/predictions/full/mixed/resnet/seed_202/bandpass_n20002_cV5_electrode_s20.npz,76431,da921840da6674134ae5f5ed2100ed9253453913afdf1f2967c9d80cc939c4dd
resnet,mixed,202,bandpass_n20002_cV5_electrode_s15,phase2/results/predictions/full/mixed/resnet/seed_202/bandpass_n20002_cV5_electrode_s15.npz,76463,029fbcdf6a7d9b479762902ffa6a17e8416afdbafb19d2b92e179472b1683196
resnet,mixed,202,bandpass_n20002_cV5_electrode_s10,phase2/results/predictions/full/mixed/resnet/seed_202/bandpass_n20002_cV5_electrode_s10.npz,76406,a1d81dfe8b03e8007dd2a48e451845a1b7b95450780ba0756e29bab074e979ce
resnet,mixed,202,bandpass_n20002_cV5_electrode_s5,phase2/results/predictions/full/mixed/resnet/seed_202/bandpass_n20002_cV5_electrode_s5.npz,76278,d33d6038e37cec84ee12129eab634f29013aff9186b5b31592e0be9db48f89e3
resnet,mixed,202,bandpass_n20002_cV5_electrode_s0,phase2/results/predictions/full/mixed/resnet/seed_202/bandpass_n20002_cV5_electrode_s0.npz,75978,40eaff2e5fd5edfe8bd6ed99cb6c12ae8a1636de23a4161a97190664cd2eb108
resnet,mixed,202,bandpass_n20002_cV5_covariance_s20,phase2/results/predictions/full/mixed/resnet/seed_202/bandpass_n20002_cV5_covariance_s20.npz,76463,5127315ae52e013983089eac43bd49bdccdc46cb11af0a5a93882337d887c88e
resnet,mixed,202,bandpass_n20002_cV5_covariance_s15,phase2/results/predictions/full/mixed/resnet/seed_202/bandpass_n20002_cV5_covariance_s15.npz,76441,e5f056d8d49f07a573160e7b477f35bdda2161c04949dd7c98910dd5c0654f88
resnet,mixed,202,bandpass_n20002_cV5_covariance_s10,phase2/results/predictions/full/mixed/resnet/seed_202/bandpass_n20002_cV5_covariance_s10.npz,76392,68601ee5badeef2165c8d89af5ec836d4b72d3303346a55409b271a635a1386f
resnet,mixed,202,bandpass_n20002_cV5_covariance_s5,phase2/results/predictions/full/mixed/resnet/seed_202/bandpass_n20002_cV5_covariance_s5.npz,76307,90775a94b0254e94905852aa820d412c6db2be2a9ada95e2fd891e1c8c361b5b
resnet,mixed,202,bandpass_n20002_cV5_covariance_s0,phase2/results/predictions/full/mixed/resnet/seed_202/bandpass_n20002_cV5_covariance_s0.npz,76018,488f64350e2a919d572a5857b4e0572bf0caa4ce228bbd779a7bf0e797e8e394
resnet,mixed,202,bandpass_n20002_cV6_independent_rms_s20,phase2/results/predictions/full/mixed/resnet/seed_202/bandpass_n20002_cV6_independent_rms_s20.npz,76426,ff8d7557df050239faaf978ee9a9e5df1fd6720fe52eb45a0b54afbf50ec4ee6
resnet,mixed,202,bandpass_n20002_cV6_independent_rms_s15,phase2/results/predictions/full/mixed/resnet/seed_202/bandpass_n20002_cV6_independent_rms_s15.npz,76402,d8d1be10341f841f669c19cef0f64b7e9761b7d23bf7ad95fd8d9273e951a7d1
resnet,mixed,202,bandpass_n20002_cV6_independent_rms_s10,phase2/results/predictions/full/mixed/resnet/seed_202/bandpass_n20002_cV6_independent_rms_s10.npz,76364,1ebb4cb18a5a91c10983b9ba10556d9092c17d8461b5f61ce23528f0e72e9590
resnet,mixed,202,bandpass_n20002_cV6_independent_rms_s5,phase2/results/predictions/full/mixed/resnet/seed_202/bandpass_n20002_cV6_independent_rms_s5.npz,76262,4246222520458ffaab73f2dbc34a6454f16e5589bdf55cc9cf5a19bd2bcad510
resnet,mixed,202,bandpass_n20002_cV6_independent_rms_s0,phase2/results/predictions/full/mixed/resnet/seed_202/bandpass_n20002_cV6_independent_rms_s0.npz,75917,86304b0a40f5fe9bf491413df2efa91b82c974eb77ce5e838c114fa9f5a8cc25
resnet,mixed,202,bandpass_n20002_cV6_electrode_s20,phase2/results/predictions/full/mixed/resnet/seed_202/bandpass_n20002_cV6_electrode_s20.npz,76458,4d28ae0bcbca6c6dc5fc016c8a63e858956f0f2c1085220dd1742ef595a0d749
resnet,mixed,202,bandpass_n20002_cV6_electrode_s15,phase2/results/predictions/full/mixed/resnet/seed_202/bandpass_n20002_cV6_electrode_s15.npz,76422,728c941fcac550c3e4015d56b0999e135ed07e75d273cbe20d4c323754513e70
resnet,mixed,202,bandpass_n20002_cV6_electrode_s10,phase2/results/predictions/full/mixed/resnet/seed_202/bandpass_n20002_cV6_electrode_s10.npz,76360,18142e93e6ab27abff772e1434e1d34d9fb3ce76dc449547e5540c3b9fc69155
resnet,mixed,202,bandpass_n20002_cV6_electrode_s5,phase2/results/predictions/full/mixed/resnet/seed_202/bandpass_n20002_cV6_electrode_s5.npz,76246,ce60cf1acd5dddb94bdebb2ea4e332ff27fc64262df597f13d928064c5b2da98
resnet,mixed,202,bandpass_n20002_cV6_electrode_s0,phase2/results/predictions/full/mixed/resnet/seed_202/bandpass_n20002_cV6_electrode_s0.npz,75940,94930e7d62bb2c18bdd8e45e603182469dd4c9132c615e72fcd7e6be6c450653
resnet,mixed,202,bandpass_n20002_cV6_covariance_s20,phase2/results/predictions/full/mixed/resnet/seed_202/bandpass_n20002_cV6_covariance_s20.npz,76431,6611253882d2fb2b2b013a94946bba35fc760643ea8bf9c865d47f0f03f00c1e
resnet,mixed,202,bandpass_n20002_cV6_covariance_s15,phase2/results/predictions/full/mixed/resnet/seed_202/bandpass_n20002_cV6_covariance_s15.npz,76440,8edca7cd6f5df3b10ee6e43648193c9ad68e689fcfedb115bade1a8e826ca227
resnet,mixed,202,bandpass_n20002_cV6_covariance_s10,phase2/results/predictions/full/mixed/resnet/seed_202/bandpass_n20002_cV6_covariance_s10.npz,76407,b2a88a79b5ed85926e6eff64d4b3822dc6af2f275f4632894bf4a8dbe8210a09
resnet,mixed,202,bandpass_n20002_cV6_covariance_s5,phase2/results/predictions/full/mixed/resnet/seed_202/bandpass_n20002_cV6_covariance_s5.npz,76262,10eabdc56030e05b7625dae7099323974627e67401c43de378adc65a225c875c
resnet,mixed,202,bandpass_n20002_cV6_covariance_s0,phase2/results/predictions/full/mixed/resnet/seed_202/bandpass_n20002_cV6_covariance_s0.npz,75946,aa6fb9b0993dcfe39e12ab39364eba1721b23348d2cd083692d1a8da47ba6870
resnet,mixed,202,bandpass_n20002_cRA_LA_independent_rms_s20,phase2/results/predictions/full/mixed/resnet/seed_202/bandpass_n20002_cRA_LA_independent_rms_s20.npz,76456,e6f16fe0be3cc3ea3f019a45457b0cc507016d0a1dc77c4c10a1fe657bf73df7
resnet,mixed,202,bandpass_n20002_cRA_LA_independent_rms_s15,phase2/results/predictions/full/mixed/resnet/seed_202/bandpass_n20002_cRA_LA_independent_rms_s15.npz,76424,6f545e309e747a675ef7fd540e3380772a5dd02d37395fba7fea09fce3323de3
resnet,mixed,202,bandpass_n20002_cRA_LA_independent_rms_s10,phase2/results/predictions/full/mixed/resnet/seed_202/bandpass_n20002_cRA_LA_independent_rms_s10.npz,76415,ca8944ac18f55bf856fdd012ec80162ea2b04c2dd477288eee679a2140e323ee
resnet,mixed,202,bandpass_n20002_cRA_LA_independent_rms_s5,phase2/results/predictions/full/mixed/resnet/seed_202/bandpass_n20002_cRA_LA_independent_rms_s5.npz,76324,d9163f091a810878ba0b5e427dadfaeafed500bb2af1f2d40492f36a0f87659d
resnet,mixed,202,bandpass_n20002_cRA_LA_independent_rms_s0,phase2/results/predictions/full/mixed/resnet/seed_202/bandpass_n20002_cRA_LA_independent_rms_s0.npz,75983,665b525a294bc0b4e8c042ae63352c3877aa9dd59d0e81afe0c50c0495059c6e
resnet,mixed,202,bandpass_n20002_cRA_LA_electrode_s20,phase2/results/predictions/full/mixed/resnet/seed_202/bandpass_n20002_cRA_LA_electrode_s20.npz,76423,7be76ca9bf45eda2bcfd51d68e975feea7050c2bd635bc03920ff8d354391243
resnet,mixed,202,bandpass_n20002_cRA_LA_electrode_s15,phase2/results/predictions/full/mixed/resnet/seed_202/bandpass_n20002_cRA_LA_electrode_s15.npz,76413,82e9c62f2fc096bce688c82080400dcc24536907f2a122f226e25c1fd7691959
resnet,mixed,202,bandpass_n20002_cRA_LA_electrode_s10,phase2/results/predictions/full/mixed/resnet/seed_202/bandpass_n20002_cRA_LA_electrode_s10.npz,76295,e8364b1bfeed29859c5a468e6d1fd9204bcef0c1ecf68f733ba0eda2902b1488
resnet,mixed,202,bandpass_n20002_cRA_LA_electrode_s5,phase2/results/predictions/full/mixed/resnet/seed_202/bandpass_n20002_cRA_LA_electrode_s5.npz,76208,1cf76e61503ad1911d3ff315036d458b2ef65499f06473eb1c155258b73b495a
resnet,mixed,202,bandpass_n20002_cRA_LA_electrode_s0,phase2/results/predictions/full/mixed/resnet/seed_202/bandpass_n20002_cRA_LA_electrode_s0.npz,75817,49865ba64d08172d3de727844846d7fdaf9f18b65447d092aaf12046bc8e8159
resnet,mixed,202,bandpass_n20002_cRA_LA_covariance_s20,phase2/results/predictions/full/mixed/resnet/seed_202/bandpass_n20002_cRA_LA_covariance_s20.npz,76435,5eee41842013bbdedae95617f3ba1af2fda8c2952492c2d04dab48894689ca50
resnet,mixed,202,bandpass_n20002_cRA_LA_covariance_s15,phase2/results/predictions/full/mixed/resnet/seed_202/bandpass_n20002_cRA_LA_covariance_s15.npz,76415,93a2875fc6c4d6af3c04cc632d9e2bec7a15fa59ff3adf20c9ef06e279b93bfc
resnet,mixed,202,bandpass_n20002_cRA_LA_covariance_s10,phase2/results/predictions/full/mixed/resnet/seed_202/bandpass_n20002_cRA_LA_covariance_s10.npz,76376,dd0b7ce4858260b128a11f8dc2fe3f0ccf890e52eb0c56077ee866b24105be4d
resnet,mixed,202,bandpass_n20002_cRA_LA_covariance_s5,phase2/results/predictions/full/mixed/resnet/seed_202/bandpass_n20002_cRA_LA_covariance_s5.npz,76151,96d7321f081ba02131711da0f1e4755d22890e35a1b39d75487bddc231b7c099
resnet,mixed,202,bandpass_n20002_cRA_LA_covariance_s0,phase2/results/predictions/full/mixed/resnet/seed_202/bandpass_n20002_cRA_LA_covariance_s0.npz,75814,a404f5619fa04ec16f8b43fea2fe816e6705cdf1278dc869884666e380ef2032
resnet,mixed,202,bandpass_n20002_cLA_LL_independent_rms_s20,phase2/results/predictions/full/mixed/resnet/seed_202/bandpass_n20002_cLA_LL_independent_rms_s20.npz,76472,d93f991f6179e4b1be6b0dd8b6c70267a968509ee853d3bb7603b8a28e4f4e5b
resnet,mixed,202,bandpass_n20002_cLA_LL_independent_rms_s15,phase2/results/predictions/full/mixed/resnet/seed_202/bandpass_n20002_cLA_LL_independent_rms_s15.npz,76462,82930d2284bf6433deb37e93c8ccb5fe677072b548a4034ed36299adc22424a0
resnet,mixed,202,bandpass_n20002_cLA_LL_independent_rms_s10,phase2/results/predictions/full/mixed/resnet/seed_202/bandpass_n20002_cLA_LL_independent_rms_s10.npz,76427,b8dc23cd5094e3b07ce22d2c0f74c1465ca6100d553456066f08470e00d70eb5
resnet,mixed,202,bandpass_n20002_cLA_LL_independent_rms_s5,phase2/results/predictions/full/mixed/resnet/seed_202/bandpass_n20002_cLA_LL_independent_rms_s5.npz,76322,39c20af539bb7db337b25c956e48a7efc9c1904975c35ecc9b96dbb9eb382f15
resnet,mixed,202,bandpass_n20002_cLA_LL_independent_rms_s0,phase2/results/predictions/full/mixed/resnet/seed_202/bandpass_n20002_cLA_LL_independent_rms_s0.npz,75980,8227c40320d39a1cf655443921c51e6746e0554e9570ad188e414945b3a461a4
resnet,mixed,202,bandpass_n20002_cLA_LL_electrode_s20,phase2/results/predictions/full/mixed/resnet/seed_202/bandpass_n20002_cLA_LL_electrode_s20.npz,76436,a8eb125526da51cbe60cbcf7fb7678a736e7ef07010352a63863ce34009de721
resnet,mixed,202,bandpass_n20002_cLA_LL_electrode_s15,phase2/results/predictions/full/mixed/resnet/seed_202/bandpass_n20002_cLA_LL_electrode_s15.npz,76417,6e9169a5a98dede4b69dccfc2a677f799d353114d52f6ee8c2e25fd9068f7069
resnet,mixed,202,bandpass_n20002_cLA_LL_electrode_s10,phase2/results/predictions/full/mixed/resnet/seed_202/bandpass_n20002_cLA_LL_electrode_s10.npz,76324,f906fbf11bc2d21c4e9011d0b825cf1cecd121ca227b22ef3e1701d1f4506e80
resnet,mixed,202,bandpass_n20002_cLA_LL_electrode_s5,phase2/results/predictions/full/mixed/resnet/seed_202/bandpass_n20002_cLA_LL_electrode_s5.npz,76152,baf0ac7369d3edd1eca0f7ad37ee918ba41e3bf5b586a5771c0261529c047cdc
resnet,mixed,202,bandpass_n20002_cLA_LL_electrode_s0,phase2/results/predictions/full/mixed/resnet/seed_202/bandpass_n20002_cLA_LL_electrode_s0.npz,75660,cbc2c1ac8617601a3f2adeb60c6e04b7666ced9371c8c694fa5ee537a4c6f898
resnet,mixed,202,bandpass_n20002_cLA_LL_covariance_s20,phase2/results/predictions/full/mixed/resnet/seed_202/bandpass_n20002_cLA_LL_covariance_s20.npz,76437,c21d67f9165a3cbcb21e190dc60dd2914fb1e7a3659272843f4b6f77dae1fa8c
resnet,mixed,202,bandpass_n20002_cLA_LL_covariance_s15,phase2/results/predictions/full/mixed/resnet/seed_202/bandpass_n20002_cLA_LL_covariance_s15.npz,76427,d206f2e5f8165805b2cfce4825a9d6ad7e120b65ea7d9a73a2af6667cadb4160
resnet,mixed,202,bandpass_n20002_cLA_LL_covariance_s10,phase2/results/predictions/full/mixed/resnet/seed_202/bandpass_n20002_cLA_LL_covariance_s10.npz,76347,a075078160841791a6b474d6f60725485468c72fcb3edf9d87c8e7b021e74c4a
resnet,mixed,202,bandpass_n20002_cLA_LL_covariance_s5,phase2/results/predictions/full/mixed/resnet/seed_202/bandpass_n20002_cLA_LL_covariance_s5.npz,76141,f65804d1652285069980a1e0907a1e27477ff314df3ceee15c72a84186d178ec
resnet,mixed,202,bandpass_n20002_cLA_LL_covariance_s0,phase2/results/predictions/full/mixed/resnet/seed_202/bandpass_n20002_cLA_LL_covariance_s0.npz,75667,5b2516dc8f4d988d2e356d9ffcca8e845af970004ef1ff4a6c57672a97be3b49
resnet,mixed,202,bandpass_n20002_cRA_LL_independent_rms_s20,phase2/results/predictions/full/mixed/resnet/seed_202/bandpass_n20002_cRA_LL_independent_rms_s20.npz,76431,adb3d13009076f36c1f8f646603028051e26fea0ca69204b58b2c9c6ba40909c
resnet,mixed,202,bandpass_n20002_cRA_LL_independent_rms_s15,phase2/results/predictions/full/mixed/resnet/seed_202/bandpass_n20002_cRA_LL_independent_rms_s15.npz,76458,6fb1bb2c204360e8da60c4985255a5b14867f4ef950c76fb28a6d4eef34d0517
resnet,mixed,202,bandpass_n20002_cRA_LL_independent_rms_s10,phase2/results/predictions/full/mixed/resnet/seed_202/bandpass_n20002_cRA_LL_independent_rms_s10.npz,76399,bf26f042bc1e0d636bc473ac55b3cf2cd3e8f4d55c0a19c5bd9366696b2629f6
resnet,mixed,202,bandpass_n20002_cRA_LL_independent_rms_s5,phase2/results/predictions/full/mixed/resnet/seed_202/bandpass_n20002_cRA_LL_independent_rms_s5.npz,76299,abcd89c1fb6481a9207f468fe6d7053cffb6f3ca3b16b9b328791f398ca88c9e
resnet,mixed,202,bandpass_n20002_cRA_LL_independent_rms_s0,phase2/results/predictions/full/mixed/resnet/seed_202/bandpass_n20002_cRA_LL_independent_rms_s0.npz,75987,fc4ddcc41fa058884f437eacee1a1ee29d17773f1a8012587d713afb0c63053a
resnet,mixed,202,bandpass_n20002_cRA_LL_electrode_s20,phase2/results/predictions/full/mixed/resnet/seed_202/bandpass_n20002_cRA_LL_electrode_s20.npz,76445,46b87d72af331081adef4a533e3d41be055ca0ced3d2e85e833ea2b95d161009
resnet,mixed,202,bandpass_n20002_cRA_LL_electrode_s15,phase2/results/predictions/full/mixed/resnet/seed_202/bandpass_n20002_cRA_LL_electrode_s15.npz,76417,6bbaf52d2263028e07b7c89582f3fa6657df292dd06e5b9f9416282f99186408
resnet,mixed,202,bandpass_n20002_cRA_LL_electrode_s10,phase2/results/predictions/full/mixed/resnet/seed_202/bandpass_n20002_cRA_LL_electrode_s10.npz,76325,d96ab57d8ab6242090efb71731b521e9efa4535e0dbba57cdb253af37fe98688
resnet,mixed,202,bandpass_n20002_cRA_LL_electrode_s5,phase2/results/predictions/full/mixed/resnet/seed_202/bandpass_n20002_cRA_LL_electrode_s5.npz,76102,72ae73619840479ffc4288f346aff76f5ad4eef929048bf70cd06b98c95053d0
resnet,mixed,202,bandpass_n20002_cRA_LL_electrode_s0,phase2/results/predictions/full/mixed/resnet/seed_202/bandpass_n20002_cRA_LL_electrode_s0.npz,75725,7f25aa23f06926b4e24f09a7298d37031d4f66d499c2c15f88a27beb6e5ea6ea
resnet,mixed,202,bandpass_n20002_cRA_LL_covariance_s20,phase2/results/predictions/full/mixed/resnet/seed_202/bandpass_n20002_cRA_LL_covariance_s20.npz,76453,e10d591b2fd4e625898506454e5741d9436c3a66fb62d89f376cd0a13f3b1950
resnet,mixed,202,bandpass_n20002_cRA_LL_covariance_s15,phase2/results/predictions/full/mixed/resnet/seed_202/bandpass_n20002_cRA_LL_covariance_s15.npz,76406,5b45dab2ac293a8c0aaac241ed2a91a9b45190503612cb44be2dbf8cf03a2abd
resnet,mixed,202,bandpass_n20002_cRA_LL_covariance_s10,phase2/results/predictions/full/mixed/resnet/seed_202/bandpass_n20002_cRA_LL_covariance_s10.npz,76318,a4d47283997b67e7f6b6f1a185199e1c9b7b16be0f60bca9ffef0dfe699c0ad2
resnet,mixed,202,bandpass_n20002_cRA_LL_covariance_s5,phase2/results/predictions/full/mixed/resnet/seed_202/bandpass_n20002_cRA_LL_covariance_s5.npz,76098,421a64f73ccbb8f5b4dc3821e76340001dc0c8bc774807aca583c93edd004837
resnet,mixed,202,bandpass_n20002_cRA_LL_covariance_s0,phase2/results/predictions/full/mixed/resnet/seed_202/bandpass_n20002_cRA_LL_covariance_s0.npz,75742,3fb95f23fe2c3299012d49a8f45c4d850e4024d073ee58643703dfa2989b212a
resnet,mixed,202,bandpass_n20002_cRA_independent_rms_s20,phase2/results/predictions/full/mixed/resnet/seed_202/bandpass_n20002_cRA_independent_rms_s20.npz,76464,35f7cebcbefd23cb8a2d134ae816efeac851903019111405972b6e6cc4994049
resnet,mixed,202,bandpass_n20002_cRA_independent_rms_s15,phase2/results/predictions/full/mixed/resnet/seed_202/bandpass_n20002_cRA_independent_rms_s15.npz,76449,2527950790edba3c11c522a2eddad3b13de8bd2fbfc3a4d1b90aa042ed6cd34e
resnet,mixed,202,bandpass_n20002_cRA_independent_rms_s10,phase2/results/predictions/full/mixed/resnet/seed_202/bandpass_n20002_cRA_independent_rms_s10.npz,76406,24eaef080342096b21f67bca365aa37d8b398a4e5ac11b531ced4dce7832e1af
resnet,mixed,202,bandpass_n20002_cRA_independent_rms_s5,phase2/results/predictions/full/mixed/resnet/seed_202/bandpass_n20002_cRA_independent_rms_s5.npz,76282,53758b68028c2e22841b4e3ba5df3e582a3b4d370d8f1d7a6dc2189904686f28
resnet,mixed,202,bandpass_n20002_cRA_independent_rms_s0,phase2/results/predictions/full/mixed/resnet/seed_202/bandpass_n20002_cRA_independent_rms_s0.npz,75967,1fac0ce0aabe63fb6145f239493ff3d56b63d5c44de9e637715536030097417e
resnet,mixed,202,bandpass_n20002_cRA_electrode_s20,phase2/results/predictions/full/mixed/resnet/seed_202/bandpass_n20002_cRA_electrode_s20.npz,76443,68d1b6830eff2e2772095651b2feff2f59c61b3bfd6896530debb8adee5d11c4
resnet,mixed,202,bandpass_n20002_cRA_electrode_s15,phase2/results/predictions/full/mixed/resnet/seed_202/bandpass_n20002_cRA_electrode_s15.npz,76417,01b72ddd4891148836865eade1ac1c7ce413304a9e9f473c0dbdedf861d16872
resnet,mixed,202,bandpass_n20002_cRA_electrode_s10,phase2/results/predictions/full/mixed/resnet/seed_202/bandpass_n20002_cRA_electrode_s10.npz,76318,89b47dc2d4f04f15ca5f038075761e78db1526f8df90bba65cef4f0993f7b77a
resnet,mixed,202,bandpass_n20002_cRA_electrode_s5,phase2/results/predictions/full/mixed/resnet/seed_202/bandpass_n20002_cRA_electrode_s5.npz,76131,9c642506d1bb6c9e1066a528f4c789ac7ce15e6cde4f85cbcfd258001ad39a83
resnet,mixed,202,bandpass_n20002_cRA_electrode_s0,phase2/results/predictions/full/mixed/resnet/seed_202/bandpass_n20002_cRA_electrode_s0.npz,75923,9d60582597d03d5f7f930b6913f8f8a0b7db771cef188702353e166da3445c91
resnet,mixed,202,bandpass_n20002_cRA_covariance_s20,phase2/results/predictions/full/mixed/resnet/seed_202/bandpass_n20002_cRA_covariance_s20.npz,76437,d74c13c67e39e73ea49ed3216f4696a7e2654dc30ca654386aac99136ee748c2
resnet,mixed,202,bandpass_n20002_cRA_covariance_s15,phase2/results/predictions/full/mixed/resnet/seed_202/bandpass_n20002_cRA_covariance_s15.npz,76434,1a86f055e2bd0e91ddbf45bb0faac5545743f4d8916a16400545ea63ba8f18b7
resnet,mixed,202,bandpass_n20002_cRA_covariance_s10,phase2/results/predictions/full/mixed/resnet/seed_202/bandpass_n20002_cRA_covariance_s10.npz,76328,2a130d55601d9ea290326496e6ff0543eb025cd0f5fe724cb538f66d2a8feac6
resnet,mixed,202,bandpass_n20002_cRA_covariance_s5,phase2/results/predictions/full/mixed/resnet/seed_202/bandpass_n20002_cRA_covariance_s5.npz,76147,faf295914fb70697b1c03eddf937f989bf24ca9ceed7fdeb9c56aa82ee12091e
resnet,mixed,202,bandpass_n20002_cRA_covariance_s0,phase2/results/predictions/full/mixed/resnet/seed_202/bandpass_n20002_cRA_covariance_s0.npz,75955,bca9acb215b504a06a314f85b4aeb3c4c576976bc1968546efd31e96bb31cf2d
resnet,mixed,202,bandpass_n20002_cLA_independent_rms_s20,phase2/results/predictions/full/mixed/resnet/seed_202/bandpass_n20002_cLA_independent_rms_s20.npz,76475,863817e5a63042315b29bdee3a6276af71c2f2ee58a89b41e3485450a768c990
resnet,mixed,202,bandpass_n20002_cLA_independent_rms_s15,phase2/results/predictions/full/mixed/resnet/seed_202/bandpass_n20002_cLA_independent_rms_s15.npz,76465,c54fd14d4e6d3266a250f4b37af565358efcac8136dbc3a64ad075ba5c1810c0
resnet,mixed,202,bandpass_n20002_cLA_independent_rms_s10,phase2/results/predictions/full/mixed/resnet/seed_202/bandpass_n20002_cLA_independent_rms_s10.npz,76424,208480360e41e330dd9ee8e792c3976145b514ed4479ede516e2e7561e26e544
resnet,mixed,202,bandpass_n20002_cLA_independent_rms_s5,phase2/results/predictions/full/mixed/resnet/seed_202/bandpass_n20002_cLA_independent_rms_s5.npz,76252,ea353e2028dc81861e87b14925297b834b4d85efc67bd7479e2c5eff52ddf587
resnet,mixed,202,bandpass_n20002_cLA_independent_rms_s0,phase2/results/predictions/full/mixed/resnet/seed_202/bandpass_n20002_cLA_independent_rms_s0.npz,75944,115f77b502662d2a0d494845f1febc9c6a46201050add3c99ba3119228234ea7
resnet,mixed,202,bandpass_n20002_cLA_electrode_s20,phase2/results/predictions/full/mixed/resnet/seed_202/bandpass_n20002_cLA_electrode_s20.npz,76435,72925fe17be7fde490e4315578776c5a753c2647a4f0c12025c453d298ed8086
resnet,mixed,202,bandpass_n20002_cLA_electrode_s15,phase2/results/predictions/full/mixed/resnet/seed_202/bandpass_n20002_cLA_electrode_s15.npz,76452,397d565092c6df0f7ba2a2aec09a98c324d69c8d54c5e6d56fca7a3e7363ac70
resnet,mixed,202,bandpass_n20002_cLA_electrode_s10,phase2/results/predictions/full/mixed/resnet/seed_202/bandpass_n20002_cLA_electrode_s10.npz,76369,2d583316aa3495051a4870a26e9d8b201e7ad196e8f814f79ebb97f807c20a5f
resnet,mixed,202,bandpass_n20002_cLA_electrode_s5,phase2/results/predictions/full/mixed/resnet/seed_202/bandpass_n20002_cLA_electrode_s5.npz,76147,63c53ce6f357a91a2841c6ad04350f78525b1e5c5e4cb4459b410bb0c1531faf
resnet,mixed,202,bandpass_n20002_cLA_electrode_s0,phase2/results/predictions/full/mixed/resnet/seed_202/bandpass_n20002_cLA_electrode_s0.npz,75686,84b455032521e9365956573e1bf03e91ea331f227f3b2e5bb659026045df1716
resnet,mixed,202,bandpass_n20002_cLA_covariance_s20,phase2/results/predictions/full/mixed/resnet/seed_202/bandpass_n20002_cLA_covariance_s20.npz,76447,e94cad4d2a89031efde803e4f5ce9e3b90aa34dc2fc4fd17b248de9c261f6321
resnet,mixed,202,bandpass_n20002_cLA_covariance_s15,phase2/results/predictions/full/mixed/resnet/seed_202/bandpass_n20002_cLA_covariance_s15.npz,76424,d550cfdaf8b3cca1026893b47b45c5c4bc789550324a0978c56be0739ed967be
resnet,mixed,202,bandpass_n20002_cLA_covariance_s10,phase2/results/predictions/full/mixed/resnet/seed_202/bandpass_n20002_cLA_covariance_s10.npz,76347,f55a62bbf86e1350abdff06ee32c1456728366b47a953097cc66dacdb5b16ef1
resnet,mixed,202,bandpass_n20002_cLA_covariance_s5,phase2/results/predictions/full/mixed/resnet/seed_202/bandpass_n20002_cLA_covariance_s5.npz,76152,03e1e7cd532b3a2643ff089aa1c0c9b502b4495f07addbc230da729d58b54928
resnet,mixed,202,bandpass_n20002_cLA_covariance_s0,phase2/results/predictions/full/mixed/resnet/seed_202/bandpass_n20002_cLA_covariance_s0.npz,75678,fa7a02cff10f5068989740d8a926322ac6f172f440e5a71971334f5087744b29
resnet,mixed,202,bandpass_n20002_cLL_independent_rms_s20,phase2/results/predictions/full/mixed/resnet/seed_202/bandpass_n20002_cLL_independent_rms_s20.npz,76445,bd0e0e5a768815d5d4583b9632a016b9a558cd66ab123210171f7275014f33c5
resnet,mixed,202,bandpass_n20002_cLL_independent_rms_s15,phase2/results/predictions/full/mixed/resnet/seed_202/bandpass_n20002_cLL_independent_rms_s15.npz,76467,77f43d4a287d9f9611485370e8ca1dac41b89a36c119fb8a5ecdca9fff66277e
resnet,mixed,202,bandpass_n20002_cLL_independent_rms_s10,phase2/results/predictions/full/mixed/resnet/seed_202/bandpass_n20002_cLL_independent_rms_s10.npz,76391,52257624b5127421b34d046e63e531303c1bbe0b67c88c98c1ffd85e630b2aae
resnet,mixed,202,bandpass_n20002_cLL_independent_rms_s5,phase2/results/predictions/full/mixed/resnet/seed_202/bandpass_n20002_cLL_independent_rms_s5.npz,76270,b369a37fcbd4c5ca254eae2308b7f243df504261d83a47829569152382bb8c1f
resnet,mixed,202,bandpass_n20002_cLL_independent_rms_s0,phase2/results/predictions/full/mixed/resnet/seed_202/bandpass_n20002_cLL_independent_rms_s0.npz,75993,f7ff75dd5be6a8931e61543f7d813a0470ae28fb4f2aafe1c5b7074ee0098788
resnet,mixed,202,bandpass_n20002_cLL_electrode_s20,phase2/results/predictions/full/mixed/resnet/seed_202/bandpass_n20002_cLL_electrode_s20.npz,76391,af075825787bcca12eed8965252a12d27919a774a661dae9f0a8d661a42c8384
resnet,mixed,202,bandpass_n20002_cLL_electrode_s15,phase2/results/predictions/full/mixed/resnet/seed_202/bandpass_n20002_cLL_electrode_s15.npz,76392,c24ede6f05944c16b9a4017d811ecd38056dabbb239730d563439fc0153fbe2e
resnet,mixed,202,bandpass_n20002_cLL_electrode_s10,phase2/results/predictions/full/mixed/resnet/seed_202/bandpass_n20002_cLL_electrode_s10.npz,76287,5bd26c1972bcb23fe79a2398916a2f48515a72b470cf5ebaa29786b0555c0f04
resnet,mixed,202,bandpass_n20002_cLL_electrode_s5,phase2/results/predictions/full/mixed/resnet/seed_202/bandpass_n20002_cLL_electrode_s5.npz,76035,2107319cbcfc1515e09d2103e305904dbf34184333e40cce249d119494e2ebe3
resnet,mixed,202,bandpass_n20002_cLL_electrode_s0,phase2/results/predictions/full/mixed/resnet/seed_202/bandpass_n20002_cLL_electrode_s0.npz,75596,547da1fe85194a8e3c4f847d5be1b918610ce040a0b5068130c67446c384f82b
resnet,mixed,202,bandpass_n20002_cLL_covariance_s20,phase2/results/predictions/full/mixed/resnet/seed_202/bandpass_n20002_cLL_covariance_s20.npz,76446,8c159108eaf2ce580310d6ae3b76a7c3095cc7b3aedbdc160f3912eb0b720d0e
resnet,mixed,202,bandpass_n20002_cLL_covariance_s15,phase2/results/predictions/full/mixed/resnet/seed_202/bandpass_n20002_cLL_covariance_s15.npz,76377,6395a1ade38f50249ed64c63e78dca73505e57bc66b6f027e4cb282f9a184ad2
resnet,mixed,202,bandpass_n20002_cLL_covariance_s10,phase2/results/predictions/full/mixed/resnet/seed_202/bandpass_n20002_cLL_covariance_s10.npz,76281,ab546f7a65dfada9680ce015bc8cbef1b59094ffe1f2e17888b7e1bac0ec7915
resnet,mixed,202,bandpass_n20002_cLL_covariance_s5,phase2/results/predictions/full/mixed/resnet/seed_202/bandpass_n20002_cLL_covariance_s5.npz,76079,52e50b6abae9f3801d1f9da24d15978db8b5d7a279ee2cb7392b367fad7ba132
resnet,mixed,202,bandpass_n20002_cLL_covariance_s0,phase2/results/predictions/full/mixed/resnet/seed_202/bandpass_n20002_cLL_covariance_s0.npz,75600,abcec1d123d016e38ba200661881ef4919c4bfbed32e6bbee2d6dbd2f3e49236
resnet,mixed,202,bandpass_n20002_cRA_V1_independent_rms_s20,phase2/results/predictions/full/mixed/resnet/seed_202/bandpass_n20002_cRA_V1_independent_rms_s20.npz,76471,e80a07bb3536d903806e1dc785f0e047344e0a7f77037c5c8ca67660643e58d6
resnet,mixed,202,bandpass_n20002_cRA_V1_independent_rms_s15,phase2/results/predictions/full/mixed/resnet/seed_202/bandpass_n20002_cRA_V1_independent_rms_s15.npz,76442,2143c32612edd71695d7c76f98dd92c19f5d4a1ac1d2d2cdc56c6a4a3b5ccc0a
resnet,mixed,202,bandpass_n20002_cRA_V1_independent_rms_s10,phase2/results/predictions/full/mixed/resnet/seed_202/bandpass_n20002_cRA_V1_independent_rms_s10.npz,76454,8632a1eb7ba0c8d2eb47958fc6b4fd6331663ea49efd9940034255b1e90c0e30
resnet,mixed,202,bandpass_n20002_cRA_V1_independent_rms_s5,phase2/results/predictions/full/mixed/resnet/seed_202/bandpass_n20002_cRA_V1_independent_rms_s5.npz,76317,aa18e482cf622be272fd06c526c4fda9a4b1c848759364e1d6bad7f504e21d39
resnet,mixed,202,bandpass_n20002_cRA_V1_independent_rms_s0,phase2/results/predictions/full/mixed/resnet/seed_202/bandpass_n20002_cRA_V1_independent_rms_s0.npz,75977,22eb0f4f6c390a6202ae2d641340606b283f50d6650cc220dd40d33d933b56e3
resnet,mixed,202,bandpass_n20002_cRA_V1_electrode_s20,phase2/results/predictions/full/mixed/resnet/seed_202/bandpass_n20002_cRA_V1_electrode_s20.npz,76432,f00cdd2eac3568607a0d2781ce13c43fb333aae82ccb134025aea1f867a3482e
resnet,mixed,202,bandpass_n20002_cRA_V1_electrode_s15,phase2/results/predictions/full/mixed/resnet/seed_202/bandpass_n20002_cRA_V1_electrode_s15.npz,76411,014a45dc3b175bec30d42c7bd3b8a5adc332524a822cb665653c30163f54bab9
resnet,mixed,202,bandpass_n20002_cRA_V1_electrode_s10,phase2/results/predictions/full/mixed/resnet/seed_202/bandpass_n20002_cRA_V1_electrode_s10.npz,76338,e6f8ba8dc0ed99e25cb2bd179a39493ad829fad50cac32fabdd82fe9ec743cec
resnet,mixed,202,bandpass_n20002_cRA_V1_electrode_s5,phase2/results/predictions/full/mixed/resnet/seed_202/bandpass_n20002_cRA_V1_electrode_s5.npz,76183,f59df354fdb3152af2e884309b4ad2b38b975fb1d3e382ad0358bde886a42ca9
resnet,mixed,202,bandpass_n20002_cRA_V1_electrode_s0,phase2/results/predictions/full/mixed/resnet/seed_202/bandpass_n20002_cRA_V1_electrode_s0.npz,75905,52906dba0f30f3ded4a6d86e49e805feaf7d053ab9dd61fd9f6207bd1367a692
resnet,mixed,202,bandpass_n20002_cRA_V1_covariance_s20,phase2/results/predictions/full/mixed/resnet/seed_202/bandpass_n20002_cRA_V1_covariance_s20.npz,76405,1431b0039e073b230871ba4e4f8beb9a4362a2845580854d8fb9caae372fe45c
resnet,mixed,202,bandpass_n20002_cRA_V1_covariance_s15,phase2/results/predictions/full/mixed/resnet/seed_202/bandpass_n20002_cRA_V1_covariance_s15.npz,76443,4cd284b1de1875274de1b38cc4cb9e0225249e01c9f7276bbd4082ef69b0116d
resnet,mixed,202,bandpass_n20002_cRA_V1_covariance_s10,phase2/results/predictions/full/mixed/resnet/seed_202/bandpass_n20002_cRA_V1_covariance_s10.npz,76345,c5d02388e0744efed2b371440104ccc536c74d54fab6f08a12059120dcb36085
resnet,mixed,202,bandpass_n20002_cRA_V1_covariance_s5,phase2/results/predictions/full/mixed/resnet/seed_202/bandpass_n20002_cRA_V1_covariance_s5.npz,76161,ff347161392384a1e10bd3a8eeca0efbe18ca5a23d1e6ef53d5b74d79e2ab16a
resnet,mixed,202,bandpass_n20002_cRA_V1_covariance_s0,phase2/results/predictions/full/mixed/resnet/seed_202/bandpass_n20002_cRA_V1_covariance_s0.npz,75928,caaf861350b15c928acf42d772cde968277577f8c070c31bf89abacff8741916
resnet,mixed,202,bandpass_n20002_cLA_V6_independent_rms_s20,phase2/results/predictions/full/mixed/resnet/seed_202/bandpass_n20002_cLA_V6_independent_rms_s20.npz,76459,6feb1442be4ae96f9e757dd155f634cf0849103271bfbbc7c9d817c82ace1757
resnet,mixed,202,bandpass_n20002_cLA_V6_independent_rms_s15,phase2/results/predictions/full/mixed/resnet/seed_202/bandpass_n20002_cLA_V6_independent_rms_s15.npz,76472,c7d9fcb12dfe915c0a0a87567c41659420a64b3052305b07ee2e0cc9d0c22c65
resnet,mixed,202,bandpass_n20002_cLA_V6_independent_rms_s10,phase2/results/predictions/full/mixed/resnet/seed_202/bandpass_n20002_cLA_V6_independent_rms_s10.npz,76421,1daa0c505e67e2db4ba7ec7105b2c70fc1681f01f3f042dff78f7cd4cf93543e
resnet,mixed,202,bandpass_n20002_cLA_V6_independent_rms_s5,phase2/results/predictions/full/mixed/resnet/seed_202/bandpass_n20002_cLA_V6_independent_rms_s5.npz,76303,373d3c5ef9bf69fec04088acf13e4209b7c2c88cb97ad18b45fa34398151d2e5
resnet,mixed,202,bandpass_n20002_cLA_V6_independent_rms_s0,phase2/results/predictions/full/mixed/resnet/seed_202/bandpass_n20002_cLA_V6_independent_rms_s0.npz,75986,6e261fe48040be0682e7b0d27b2fd2eaed38a318ef4242c63959d91199cc6c24
resnet,mixed,202,bandpass_n20002_cLA_V6_electrode_s20,phase2/results/predictions/full/mixed/resnet/seed_202/bandpass_n20002_cLA_V6_electrode_s20.npz,76454,30b9ec3aaf40308c3acfa7352ae92474316db1e5d6e880cc10994d34eecb5064
resnet,mixed,202,bandpass_n20002_cLA_V6_electrode_s15,phase2/results/predictions/full/mixed/resnet/seed_202/bandpass_n20002_cLA_V6_electrode_s15.npz,76428,692be6c4d3f6c49687558c9eb17334d788c8117d0cb0f8882abb04ae3d0f45f9
resnet,mixed,202,bandpass_n20002_cLA_V6_electrode_s10,phase2/results/predictions/full/mixed/resnet/seed_202/bandpass_n20002_cLA_V6_electrode_s10.npz,76367,4a87bb64bda204f59c3081856bed016dcab66291908a384edd7c650c58f6a9f7
resnet,mixed,202,bandpass_n20002_cLA_V6_electrode_s5,phase2/results/predictions/full/mixed/resnet/seed_202/bandpass_n20002_cLA_V6_electrode_s5.npz,76242,bd69cc18302841d48ff8fe477ed676edfb022bd74a60ddb186960f8de0140689
resnet,mixed,202,bandpass_n20002_cLA_V6_electrode_s0,phase2/results/predictions/full/mixed/resnet/seed_202/bandpass_n20002_cLA_V6_electrode_s0.npz,75776,1a7855163cea746077ed9df84131df41a75ded96995ce61d20407268519903d5
resnet,mixed,202,bandpass_n20002_cLA_V6_covariance_s20,phase2/results/predictions/full/mixed/resnet/seed_202/bandpass_n20002_cLA_V6_covariance_s20.npz,76474,b21d2636485588000373e4bcd506a9dbf91367ea303a48d2b3dfc62ed3e91908
resnet,mixed,202,bandpass_n20002_cLA_V6_covariance_s15,phase2/results/predictions/full/mixed/resnet/seed_202/bandpass_n20002_cLA_V6_covariance_s15.npz,76401,16c4f889e2dbc4a3143439dfffbfea0e6522120f504006bd60d9a2089e6fdd1c
resnet,mixed,202,bandpass_n20002_cLA_V6_covariance_s10,phase2/results/predictions/full/mixed/resnet/seed_202/bandpass_n20002_cLA_V6_covariance_s10.npz,76363,b32bace2b81f8c5238a5fbf4594f797549997af662c7a5fb1e10df99686e1afb
resnet,mixed,202,bandpass_n20002_cLA_V6_covariance_s5,phase2/results/predictions/full/mixed/resnet/seed_202/bandpass_n20002_cLA_V6_covariance_s5.npz,76213,8fa49220fd62ce60603cc94e0b2840a1b95d6b2a874c6e409ff90c0f430bad89
resnet,mixed,202,bandpass_n20002_cLA_V6_covariance_s0,phase2/results/predictions/full/mixed/resnet/seed_202/bandpass_n20002_cLA_V6_covariance_s0.npz,75744,b0413a99797d24ad1a2cbc1c9be9d29edefccd5b8f56fa6175f436f4896e3e87
resnet,mixed,202,bandpass_n20002_cLL_V4_independent_rms_s20,phase2/results/predictions/full/mixed/resnet/seed_202/bandpass_n20002_cLL_V4_independent_rms_s20.npz,76493,c8961c5ad38b52ebbb87e83fb951618cfa32f335c0bd3e60184a2726495245d2
resnet,mixed,202,bandpass_n20002_cLL_V4_independent_rms_s15,phase2/results/predictions/full/mixed/resnet/seed_202/bandpass_n20002_cLL_V4_independent_rms_s15.npz,76478,1a8c73c5e5dc481545f57f9452ebc5faeb1481d4309a606fa8c648314325d67b
resnet,mixed,202,bandpass_n20002_cLL_V4_independent_rms_s10,phase2/results/predictions/full/mixed/resnet/seed_202/bandpass_n20002_cLL_V4_independent_rms_s10.npz,76446,594332a9d863af24d5faea1a9f84ad897d1cf42e209b80dfd0306053f42fadec
resnet,mixed,202,bandpass_n20002_cLL_V4_independent_rms_s5,phase2/results/predictions/full/mixed/resnet/seed_202/bandpass_n20002_cLL_V4_independent_rms_s5.npz,76321,34f274a4b1d94ad329d0f7b56cb5532c316275ff9eae2e91747fac8caf303beb
resnet,mixed,202,bandpass_n20002_cLL_V4_independent_rms_s0,phase2/results/predictions/full/mixed/resnet/seed_202/bandpass_n20002_cLL_V4_independent_rms_s0.npz,76026,c9559693b2a6df6e6ee428d3abd336582838fd61b9ffa0bcc42a9ff750695ef1
resnet,mixed,202,bandpass_n20002_cLL_V4_electrode_s20,phase2/results/predictions/full/mixed/resnet/seed_202/bandpass_n20002_cLL_V4_electrode_s20.npz,76441,4b279159bbe166f8ab271044497688bf75870e3d3106ed9ef19fbf0f041ca070
resnet,mixed,202,bandpass_n20002_cLL_V4_electrode_s15,phase2/results/predictions/full/mixed/resnet/seed_202/bandpass_n20002_cLL_V4_electrode_s15.npz,76429,0c7d3118991daee1af61b12ab4e6e6a4a5c20192423ec85574d4e6c509466b8f
resnet,mixed,202,bandpass_n20002_cLL_V4_electrode_s10,phase2/results/predictions/full/mixed/resnet/seed_202/bandpass_n20002_cLL_V4_electrode_s10.npz,76325,9d1390c43b5e37c79afa71a4fd59f494dc0bc3ea1a64821aa6a3a5e48af87b06
resnet,mixed,202,bandpass_n20002_cLL_V4_electrode_s5,phase2/results/predictions/full/mixed/resnet/seed_202/bandpass_n20002_cLL_V4_electrode_s5.npz,76165,8795f32582fd8642b0a22b8bd926cc14c48e9879fa49c61d61d4212927de7ddb
resnet,mixed,202,bandpass_n20002_cLL_V4_electrode_s0,phase2/results/predictions/full/mixed/resnet/seed_202/bandpass_n20002_cLL_V4_electrode_s0.npz,75686,274165a4def579d05100fcfaa98f51964a704cc514d48a6329de034aadb340ce
resnet,mixed,202,bandpass_n20002_cLL_V4_covariance_s20,phase2/results/predictions/full/mixed/resnet/seed_202/bandpass_n20002_cLL_V4_covariance_s20.npz,76465,b9a665cdd9597313839cf11ea7765fcf50a5eda61ed642138a984f547e2e58ec
resnet,mixed,202,bandpass_n20002_cLL_V4_covariance_s15,phase2/results/predictions/full/mixed/resnet/seed_202/bandpass_n20002_cLL_V4_covariance_s15.npz,76427,6b47454602c7c12dfee8c85a3f31e13697b34f6812b6ca263cd424a71aee6707
resnet,mixed,202,bandpass_n20002_cLL_V4_covariance_s10,phase2/results/predictions/full/mixed/resnet/seed_202/bandpass_n20002_cLL_V4_covariance_s10.npz,76338,bb6b61512b0b13655af4e4b5df138f3796990562ef9a8e460418159711bdbd9a
resnet,mixed,202,bandpass_n20002_cLL_V4_covariance_s5,phase2/results/predictions/full/mixed/resnet/seed_202/bandpass_n20002_cLL_V4_covariance_s5.npz,76133,ae38e0621d042dfb3cc3c9b6ed10fdaada9b9134ceee0805bb76b4c76518355f
resnet,mixed,202,bandpass_n20002_cLL_V4_covariance_s0,phase2/results/predictions/full/mixed/resnet/seed_202/bandpass_n20002_cLL_V4_covariance_s0.npz,75704,4de70ee4e955fe9810ddb947d336c46ee980abc5d941c8a2759553df318931bc
resnet,mixed,202,bandpass_n20002_cRA_LA_V1_V6_independent_rms_s20,phase2/results/predictions/full/mixed/resnet/seed_202/bandpass_n20002_cRA_LA_V1_V6_independent_rms_s20.npz,76455,b56124df86d8aa95cf5dce5b783384291966ad12a793cda43a61e328e6d5fda2
resnet,mixed,202,bandpass_n20002_cRA_LA_V1_V6_independent_rms_s15,phase2/results/predictions/full/mixed/resnet/seed_202/bandpass_n20002_cRA_LA_V1_V6_independent_rms_s15.npz,76492,5dcb1b2b94f2f46519e9b47042fa1ae66b577784a906fbbfc902faa335fcbbc9
resnet,mixed,202,bandpass_n20002_cRA_LA_V1_V6_independent_rms_s10,phase2/results/predictions/full/mixed/resnet/seed_202/bandpass_n20002_cRA_LA_V1_V6_independent_rms_s10.npz,76414,8e9f59679b1c0a2a02f3e5a3ba1177e8fd0cb2c5b027bc411be6b28cebb08b23
resnet,mixed,202,bandpass_n20002_cRA_LA_V1_V6_independent_rms_s5,phase2/results/predictions/full/mixed/resnet/seed_202/bandpass_n20002_cRA_LA_V1_V6_independent_rms_s5.npz,76308,caea798a78cbc275cc1d8449e6eac96c57d86d9a48743466714ad9ba01ceb822
resnet,mixed,202,bandpass_n20002_cRA_LA_V1_V6_independent_rms_s0,phase2/results/predictions/full/mixed/resnet/seed_202/bandpass_n20002_cRA_LA_V1_V6_independent_rms_s0.npz,75960,2bd259aab2a96f7cf6e95dbafbb5a2f5012ff70b7ebdf174210c4d1dd4b6baa3
resnet,mixed,202,bandpass_n20002_cRA_LA_V1_V6_electrode_s20,phase2/results/predictions/full/mixed/resnet/seed_202/bandpass_n20002_cRA_LA_V1_V6_electrode_s20.npz,76465,9e263c0d203fd45d52648a38379ca5a69d316f0656d90a752436ddf5ae89a788
resnet,mixed,202,bandpass_n20002_cRA_LA_V1_V6_electrode_s15,phase2/results/predictions/full/mixed/resnet/seed_202/bandpass_n20002_cRA_LA_V1_V6_electrode_s15.npz,76446,ed024b8e33f29403e3a1fc1506702195a1c753d1a62cf4c71db59fc5ea584661
resnet,mixed,202,bandpass_n20002_cRA_LA_V1_V6_electrode_s10,phase2/results/predictions/full/mixed/resnet/seed_202/bandpass_n20002_cRA_LA_V1_V6_electrode_s10.npz,76362,958dbebe8b28447aaf9451c18b196f0c62010a861163c9b36a73f3c8afd56863
resnet,mixed,202,bandpass_n20002_cRA_LA_V1_V6_electrode_s5,phase2/results/predictions/full/mixed/resnet/seed_202/bandpass_n20002_cRA_LA_V1_V6_electrode_s5.npz,76212,a57a5f67903ac1e73ed5f5e33e40be0f8334ecce30fadc1660a9b164084a4616
resnet,mixed,202,bandpass_n20002_cRA_LA_V1_V6_electrode_s0,phase2/results/predictions/full/mixed/resnet/seed_202/bandpass_n20002_cRA_LA_V1_V6_electrode_s0.npz,75854,977290e1f80b4b691d8eb1a4d721c4b7c0a2d78dcd1c409ecaca2fca0ef408ae
resnet,mixed,202,bandpass_n20002_cRA_LA_V1_V6_covariance_s20,phase2/results/predictions/full/mixed/resnet/seed_202/bandpass_n20002_cRA_LA_V1_V6_covariance_s20.npz,76466,65a36a442ee865a2138df51de1c1aaaffd3c53735bf6c69b4f72512e2f77a35e
resnet,mixed,202,bandpass_n20002_cRA_LA_V1_V6_covariance_s15,phase2/results/predictions/full/mixed/resnet/seed_202/bandpass_n20002_cRA_LA_V1_V6_covariance_s15.npz,76466,1a9a207875a2855b59f5837c8d5e19968c767410e862e9d1904ee931c4da3453
resnet,mixed,202,bandpass_n20002_cRA_LA_V1_V6_covariance_s10,phase2/results/predictions/full/mixed/resnet/seed_202/bandpass_n20002_cRA_LA_V1_V6_covariance_s10.npz,76391,0ac786c2aa51aa5f8e5f42acf11da90b910a0e2993df11adc3d2ad535017ff50
resnet,mixed,202,bandpass_n20002_cRA_LA_V1_V6_covariance_s5,phase2/results/predictions/full/mixed/resnet/seed_202/bandpass_n20002_cRA_LA_V1_V6_covariance_s5.npz,76189,dcbc50ff32f836bfd040518f8a538fe2bccfe02ec75b5833b8d0f9684079d9b9
resnet,mixed,202,bandpass_n20002_cRA_LA_V1_V6_covariance_s0,phase2/results/predictions/full/mixed/resnet/seed_202/bandpass_n20002_cRA_LA_V1_V6_covariance_s0.npz,75818,6ce0ca9ad848edce579b3afb73c0c4b198fb8b2f69055f834d06c5e9bc01b6ce
resnet,mixed,202,bandpass_n20002_cRA_V2_V5_independent_rms_s20,phase2/results/predictions/full/mixed/resnet/seed_202/bandpass_n20002_cRA_V2_V5_independent_rms_s20.npz,76489,4ba3d152a688bd6f284cf1e639be26afe89d424c642901cfd544accc384ed12f
resnet,mixed,202,bandpass_n20002_cRA_V2_V5_independent_rms_s15,phase2/results/predictions/full/mixed/resnet/seed_202/bandpass_n20002_cRA_V2_V5_independent_rms_s15.npz,76456,a357a05d68c45a5c360b56952c7d800b5f5adf560a7f823ae51b0c375418401d
resnet,mixed,202,bandpass_n20002_cRA_V2_V5_independent_rms_s10,phase2/results/predictions/full/mixed/resnet/seed_202/bandpass_n20002_cRA_V2_V5_independent_rms_s10.npz,76430,b64d3d216f9eb6b81f5951969abf59f9aeb8dbe08e157023b52abaec96105a51
resnet,mixed,202,bandpass_n20002_cRA_V2_V5_independent_rms_s5,phase2/results/predictions/full/mixed/resnet/seed_202/bandpass_n20002_cRA_V2_V5_independent_rms_s5.npz,76307,cc4bba4f0154ebc40bc85a38fe52dcdf133eecdda30093e66483791672d6510d
resnet,mixed,202,bandpass_n20002_cRA_V2_V5_independent_rms_s0,phase2/results/predictions/full/mixed/resnet/seed_202/bandpass_n20002_cRA_V2_V5_independent_rms_s0.npz,76003,f0573f4ad78028b744a3bb9d4dd676bb55d283ba3a86e2f9b43b0d99e7491666
resnet,mixed,202,bandpass_n20002_cRA_V2_V5_electrode_s20,phase2/results/predictions/full/mixed/resnet/seed_202/bandpass_n20002_cRA_V2_V5_electrode_s20.npz,76422,85eaecc3d5dff71d236b55543332c6ed353df0c2cab34a8bc2fcb55a8ba7e8a8
resnet,mixed,202,bandpass_n20002_cRA_V2_V5_electrode_s15,phase2/results/predictions/full/mixed/resnet/seed_202/bandpass_n20002_cRA_V2_V5_electrode_s15.npz,76413,c30534b38947289d71051ea251640cb18a7ebd8f07d15283892a7dddcf8e5bf8
resnet,mixed,202,bandpass_n20002_cRA_V2_V5_electrode_s10,phase2/results/predictions/full/mixed/resnet/seed_202/bandpass_n20002_cRA_V2_V5_electrode_s10.npz,76374,57b1205ff719d03db4508449d9effa8a87f7b9b3baf1ad3f01e8699b0e698690
resnet,mixed,202,bandpass_n20002_cRA_V2_V5_electrode_s5,phase2/results/predictions/full/mixed/resnet/seed_202/bandpass_n20002_cRA_V2_V5_electrode_s5.npz,76200,82627f2be4747ab1a169f2739abb8b449298a92bdace524985cf78552a12fa8b
resnet,mixed,202,bandpass_n20002_cRA_V2_V5_electrode_s0,phase2/results/predictions/full/mixed/resnet/seed_202/bandpass_n20002_cRA_V2_V5_electrode_s0.npz,75967,134d71e646d273bb1e6ee80fa473cc88dffb8c72718808d3b443ee8c32fb6639
resnet,mixed,202,bandpass_n20002_cRA_V2_V5_covariance_s20,phase2/results/predictions/full/mixed/resnet/seed_202/bandpass_n20002_cRA_V2_V5_covariance_s20.npz,76449,0b9bd99d63603589587eee44667d377eafa73294b36d756ea05608eeb182da59
resnet,mixed,202,bandpass_n20002_cRA_V2_V5_covariance_s15,phase2/results/predictions/full/mixed/resnet/seed_202/bandpass_n20002_cRA_V2_V5_covariance_s15.npz,76454,59ec303b2f699dff7ae2a10cd0523f200cbf73d0b89415fc97f03ecf6ea3b077
resnet,mixed,202,bandpass_n20002_cRA_V2_V5_covariance_s10,phase2/results/predictions/full/mixed/resnet/seed_202/bandpass_n20002_cRA_V2_V5_covariance_s10.npz,76383,8fec194688e95ccebf04ddb3d6eff55bf04ec26b5e9b0aa8e2cb76034f109746
resnet,mixed,202,bandpass_n20002_cRA_V2_V5_covariance_s5,phase2/results/predictions/full/mixed/resnet/seed_202/bandpass_n20002_cRA_V2_V5_covariance_s5.npz,76185,8d4a6bf5945ebd36347a6c6edeb06a4ac940cd96ac126db108bedde7f77f2185
resnet,mixed,202,bandpass_n20002_cRA_V2_V5_covariance_s0,phase2/results/predictions/full/mixed/resnet/seed_202/bandpass_n20002_cRA_V2_V5_covariance_s0.npz,75957,ae1c17d777c8f148861a08d76e1161d30c17dc9b0a4e46e63e093bc7d4419032
resnet,mixed,202,bandpass_n20002_cLA_V3_V6_independent_rms_s20,phase2/results/predictions/full/mixed/resnet/seed_202/bandpass_n20002_cLA_V3_V6_independent_rms_s20.npz,76462,a1604d4f221d17b3c678f8a5a23e8149304faed0126546bb7186b5660570717d
resnet,mixed,202,bandpass_n20002_cLA_V3_V6_independent_rms_s15,phase2/results/predictions/full/mixed/resnet/seed_202/bandpass_n20002_cLA_V3_V6_independent_rms_s15.npz,76458,69eac4cf9e5540b24915b906d12f6f1b3838a2ec38100daff0fda204e40e5f91
resnet,mixed,202,bandpass_n20002_cLA_V3_V6_independent_rms_s10,phase2/results/predictions/full/mixed/resnet/seed_202/bandpass_n20002_cLA_V3_V6_independent_rms_s10.npz,76438,04459b6c9ba1dcef0c5867b30d3ffd086ee0d38af4c5bcf8459507fb2010e3d5
resnet,mixed,202,bandpass_n20002_cLA_V3_V6_independent_rms_s5,phase2/results/predictions/full/mixed/resnet/seed_202/bandpass_n20002_cLA_V3_V6_independent_rms_s5.npz,76325,fcfeea03a2725b0c53c67e1611dc773742ec57bca6e218c030a6ea95e7863494
resnet,mixed,202,bandpass_n20002_cLA_V3_V6_independent_rms_s0,phase2/results/predictions/full/mixed/resnet/seed_202/bandpass_n20002_cLA_V3_V6_independent_rms_s0.npz,75985,7703ec7ccd5cbd83840e1a52cdf8ef18d8bbd000518da0c4bc7d47922a9d7807
resnet,mixed,202,bandpass_n20002_cLA_V3_V6_electrode_s20,phase2/results/predictions/full/mixed/resnet/seed_202/bandpass_n20002_cLA_V3_V6_electrode_s20.npz,76452,7297c3090ce747c076179d5503458c8ae02357d95709e443f37ee47e78710253
resnet,mixed,202,bandpass_n20002_cLA_V3_V6_electrode_s15,phase2/results/predictions/full/mixed/resnet/seed_202/bandpass_n20002_cLA_V3_V6_electrode_s15.npz,76450,69cec9f98f26ae9499b8760e03062285ba13d49336c16a95acc1301870258514
resnet,mixed,202,bandpass_n20002_cLA_V3_V6_electrode_s10,phase2/results/predictions/full/mixed/resnet/seed_202/bandpass_n20002_cLA_V3_V6_electrode_s10.npz,76382,adc08dd875a722e949ae8e3888f9c5439fb21ae6590992f62c66187e85366725
resnet,mixed,202,bandpass_n20002_cLA_V3_V6_electrode_s5,phase2/results/predictions/full/mixed/resnet/seed_202/bandpass_n20002_cLA_V3_V6_electrode_s5.npz,76226,6f258b33a4401e5624d013a375724e00ab1d02c615faf0e60ca62aba65acc4b6
resnet,mixed,202,bandpass_n20002_cLA_V3_V6_electrode_s0,phase2/results/predictions/full/mixed/resnet/seed_202/bandpass_n20002_cLA_V3_V6_electrode_s0.npz,75842,42cd78b1bd9dc843322233f11a74440d672254cffe03b370b32f879f11900324
resnet,mixed,202,bandpass_n20002_cLA_V3_V6_covariance_s20,phase2/results/predictions/full/mixed/resnet/seed_202/bandpass_n20002_cLA_V3_V6_covariance_s20.npz,76468,6b4e3e763e1a76c136c0dd3214526e67c39322e4d73f204e5c6421c2d247d31d
resnet,mixed,202,bandpass_n20002_cLA_V3_V6_covariance_s15,phase2/results/predictions/full/mixed/resnet/seed_202/bandpass_n20002_cLA_V3_V6_covariance_s15.npz,76434,9d72782a36884fbea1f7b9866ea4f6714c016dc09d481594e85f775c30b32b7c
resnet,mixed,202,bandpass_n20002_cLA_V3_V6_covariance_s10,phase2/results/predictions/full/mixed/resnet/seed_202/bandpass_n20002_cLA_V3_V6_covariance_s10.npz,76391,98d1079487df03cf78b73f56ffebed3968a8675cf7c66764b81713ce2e18b2c7
resnet,mixed,202,bandpass_n20002_cLA_V3_V6_covariance_s5,phase2/results/predictions/full/mixed/resnet/seed_202/bandpass_n20002_cLA_V3_V6_covariance_s5.npz,76229,bcb73d9717b185cafc5df6714a1c5f84b235c2c3870c75fccf456e6d847793cd
resnet,mixed,202,bandpass_n20002_cLA_V3_V6_covariance_s0,phase2/results/predictions/full/mixed/resnet/seed_202/bandpass_n20002_cLA_V3_V6_covariance_s0.npz,75896,ca667a8776e6f195b715bf4fb3d0cd137545b2a7496584eb54a9ed736b774c82
resnet,mixed,202,bandpass_n20002_cLL_V1_V4_independent_rms_s20,phase2/results/predictions/full/mixed/resnet/seed_202/bandpass_n20002_cLL_V1_V4_independent_rms_s20.npz,76494,91e164678ce897164ba9a04010e5babefe1777e7deaa7ce05d1db55d36ae1c1b
resnet,mixed,202,bandpass_n20002_cLL_V1_V4_independent_rms_s15,phase2/results/predictions/full/mixed/resnet/seed_202/bandpass_n20002_cLL_V1_V4_independent_rms_s15.npz,76482,e0b44da46eeec7c853b75781fec4768df75894e8ec7e62d37655fb4bb9db9964
resnet,mixed,202,bandpass_n20002_cLL_V1_V4_independent_rms_s10,phase2/results/predictions/full/mixed/resnet/seed_202/bandpass_n20002_cLL_V1_V4_independent_rms_s10.npz,76445,cec14c6d314d6e5609b40005de1fe2a343f57bcf38e0b7c77262b868306f8dde
resnet,mixed,202,bandpass_n20002_cLL_V1_V4_independent_rms_s5,phase2/results/predictions/full/mixed/resnet/seed_202/bandpass_n20002_cLL_V1_V4_independent_rms_s5.npz,76320,144e8f6db0e32397d5aec89a05979c9a63b8a5aae121f8085752dafeea230ace
resnet,mixed,202,bandpass_n20002_cLL_V1_V4_independent_rms_s0,phase2/results/predictions/full/mixed/resnet/seed_202/bandpass_n20002_cLL_V1_V4_independent_rms_s0.npz,76012,80a039a6d8e552c73e18b40e26e87f93cf37d4a3356e55fa28274b46697c25a3
resnet,mixed,202,bandpass_n20002_cLL_V1_V4_electrode_s20,phase2/results/predictions/full/mixed/resnet/seed_202/bandpass_n20002_cLL_V1_V4_electrode_s20.npz,76423,ce9f5cb47127fe07e82729559c3849d0c04a30e0f6e254a34dfb8d5278e6cc39
resnet,mixed,202,bandpass_n20002_cLL_V1_V4_electrode_s15,phase2/results/predictions/full/mixed/resnet/seed_202/bandpass_n20002_cLL_V1_V4_electrode_s15.npz,76387,e85f43edab39d8c0d32877fdd3b3d9e82eb8de1f15576fb29a90afa0824b1209
resnet,mixed,202,bandpass_n20002_cLL_V1_V4_electrode_s10,phase2/results/predictions/full/mixed/resnet/seed_202/bandpass_n20002_cLL_V1_V4_electrode_s10.npz,76350,68a7c0c82c8dcc575c7ed24bc7a3d65f5e95d50425b98ae28665eba9fea11e29
resnet,mixed,202,bandpass_n20002_cLL_V1_V4_electrode_s5,phase2/results/predictions/full/mixed/resnet/seed_202/bandpass_n20002_cLL_V1_V4_electrode_s5.npz,76170,b618b3137e78abfed2a399a1e0f88bf0902282a3672dc2f8262bc27931761025
resnet,mixed,202,bandpass_n20002_cLL_V1_V4_electrode_s0,phase2/results/predictions/full/mixed/resnet/seed_202/bandpass_n20002_cLL_V1_V4_electrode_s0.npz,75707,472939e7c35e4c9a41344a9c093788e5cca0956c5de3be409d3d9b0371ff530e
resnet,mixed,202,bandpass_n20002_cLL_V1_V4_covariance_s20,phase2/results/predictions/full/mixed/resnet/seed_202/bandpass_n20002_cLL_V1_V4_covariance_s20.npz,76444,465fabd277796ef52d77d7d6c6f48e775d5dfbb528f67468814cc51f7c93ee79
resnet,mixed,202,bandpass_n20002_cLL_V1_V4_covariance_s15,phase2/results/predictions/full/mixed/resnet/seed_202/bandpass_n20002_cLL_V1_V4_covariance_s15.npz,76437,72e0829db7745a1b5af32037f46067e6f63b69819cf8c4a37bbde55481a97c95
resnet,mixed,202,bandpass_n20002_cLL_V1_V4_covariance_s10,phase2/results/predictions/full/mixed/resnet/seed_202/bandpass_n20002_cLL_V1_V4_covariance_s10.npz,76339,8495442b1c077d349b8b7cd02d0a181e5fc142779a6c394a6cde5947f9210871
resnet,mixed,202,bandpass_n20002_cLL_V1_V4_covariance_s5,phase2/results/predictions/full/mixed/resnet/seed_202/bandpass_n20002_cLL_V1_V4_covariance_s5.npz,76160,eb5205276e44f7e2d0e7259535bd09d3c1e6f161dafaf8d453fb8f71ff827136
resnet,mixed,202,bandpass_n20002_cLL_V1_V4_covariance_s0,phase2/results/predictions/full/mixed/resnet/seed_202/bandpass_n20002_cLL_V1_V4_covariance_s0.npz,75720,43f4b398eb8ab5524b4704dfb15e91935c798c03879ac6c88dd5cbb8b423905f
resnet,mixed,202,bandpass_n20002_call_independent_rms_s20,phase2/results/predictions/full/mixed/resnet/seed_202/bandpass_n20002_call_independent_rms_s20.npz,76466,638d7696cb664e9c1d49a0e331369338866376d1c16256670ee3080c95c14a04
resnet,mixed,202,bandpass_n20002_call_independent_rms_s15,phase2/results/predictions/full/mixed/resnet/seed_202/bandpass_n20002_call_independent_rms_s15.npz,76454,cbdd5f7abb9940992980af97e462fdbf685b02890b943c867895596f35b56be2
resnet,mixed,202,bandpass_n20002_call_independent_rms_s10,phase2/results/predictions/full/mixed/resnet/seed_202/bandpass_n20002_call_independent_rms_s10.npz,76385,58fd81c1517b6ed9623899edfa20d46ef3d47af06d9d4f349fed2de9d66dab22
resnet,mixed,202,bandpass_n20002_call_independent_rms_s5,phase2/results/predictions/full/mixed/resnet/seed_202/bandpass_n20002_call_independent_rms_s5.npz,76298,d67df13608a7b6b73b18a01b40ed85844f9b9e4ee960b415d75a1185387d923d
resnet,mixed,202,bandpass_n20002_call_independent_rms_s0,phase2/results/predictions/full/mixed/resnet/seed_202/bandpass_n20002_call_independent_rms_s0.npz,75982,f70ec327e3156e5da2f9f977f4329d0fd3f0ea1772a327e1bec832246e7f27b2
resnet,mixed,202,bandpass_n20002_call_electrode_s20,phase2/results/predictions/full/mixed/resnet/seed_202/bandpass_n20002_call_electrode_s20.npz,76429,48f1016e46041bd958ba8184bbb229d1ce36c6c6bcae8c915be702a507fbd5d3
resnet,mixed,202,bandpass_n20002_call_electrode_s15,phase2/results/predictions/full/mixed/resnet/seed_202/bandpass_n20002_call_electrode_s15.npz,76391,7b0b3d2ddec793dc0b7f13b2d8c60d50dcfb374f39c7260f685636770fa344da
resnet,mixed,202,bandpass_n20002_call_electrode_s10,phase2/results/predictions/full/mixed/resnet/seed_202/bandpass_n20002_call_electrode_s10.npz,76334,2ce6f17959855e0d9b4486da982c122d704a264d1534b84e7349094ae846ddac
resnet,mixed,202,bandpass_n20002_call_electrode_s5,phase2/results/predictions/full/mixed/resnet/seed_202/bandpass_n20002_call_electrode_s5.npz,76167,38b20892b1b779fe92e834f9807a3869380d1efe928b1b55b0bc68eb73ff34d2
resnet,mixed,202,bandpass_n20002_call_electrode_s0,phase2/results/predictions/full/mixed/resnet/seed_202/bandpass_n20002_call_electrode_s0.npz,75806,0ce0064d013284f2a3179e96bdf277e0a7bba9bed273db1dd5268cd5c40c8c47
resnet,mixed,202,bandpass_n20002_call_covariance_s20,phase2/results/predictions/full/mixed/resnet/seed_202/bandpass_n20002_call_covariance_s20.npz,76438,fd7f51c94fcde463b40cf7b9b3bf6041c53f3084a7ca16ef81e4b1eca240f504
resnet,mixed,202,bandpass_n20002_call_covariance_s15,phase2/results/predictions/full/mixed/resnet/seed_202/bandpass_n20002_call_covariance_s15.npz,76400,28f4b7c9dfac55523f702a3f06897f053cbc7ed73edd52a28348d96d9ef950e9
resnet,mixed,202,bandpass_n20002_call_covariance_s10,phase2/results/predictions/full/mixed/resnet/seed_202/bandpass_n20002_call_covariance_s10.npz,76325,ff2c183e3386a84f6feeb42c06a64e37d93171a2cda7a34fe35ab804e7244804
resnet,mixed,202,bandpass_n20002_call_covariance_s5,phase2/results/predictions/full/mixed/resnet/seed_202/bandpass_n20002_call_covariance_s5.npz,76177,88cc86a54b89b422b35cc7ac16e1a16e2cb67e3b8cfa97485cafc8fd0aef5e67
resnet,mixed,202,bandpass_n20002_call_covariance_s0,phase2/results/predictions/full/mixed/resnet/seed_202/bandpass_n20002_call_covariance_s0.npz,75787,c8635f6a8e4a00d0a9715f5f29c7759592e1c8cdf6f8055c0a1be7d973701a16
resnet,mixed,202,bandpass_n20003_cRA_LA_LL_independent_rms_s20,phase2/results/predictions/full/mixed/resnet/seed_202/bandpass_n20003_cRA_LA_LL_independent_rms_s20.npz,76440,58a757fb612d8e1880d885d78d9bf72df53f8765b9611bf94c23434a8e15e564
resnet,mixed,202,bandpass_n20003_cRA_LA_LL_independent_rms_s15,phase2/results/predictions/full/mixed/resnet/seed_202/bandpass_n20003_cRA_LA_LL_independent_rms_s15.npz,76463,aca52efd61bbfb1ec6d2d283b03a3312fc748f12b5394168e4fec244f1cbd72e
resnet,mixed,202,bandpass_n20003_cRA_LA_LL_independent_rms_s10,phase2/results/predictions/full/mixed/resnet/seed_202/bandpass_n20003_cRA_LA_LL_independent_rms_s10.npz,76433,9e83d183c5b1a2cdad53e1c9fe76108115f24c9011897ca0e7586c9c455550af
resnet,mixed,202,bandpass_n20003_cRA_LA_LL_independent_rms_s5,phase2/results/predictions/full/mixed/resnet/seed_202/bandpass_n20003_cRA_LA_LL_independent_rms_s5.npz,76279,e54582980f0cd2da59835e8ffec7c1473fd7d89eced9453ad9ff273f32114471
resnet,mixed,202,bandpass_n20003_cRA_LA_LL_independent_rms_s0,phase2/results/predictions/full/mixed/resnet/seed_202/bandpass_n20003_cRA_LA_LL_independent_rms_s0.npz,75999,276a6d9f4990b52abe19e62d466663f7efb891d49283e52f8d32df7f71189c5d
resnet,mixed,202,bandpass_n20003_cRA_LA_LL_electrode_s20,phase2/results/predictions/full/mixed/resnet/seed_202/bandpass_n20003_cRA_LA_LL_electrode_s20.npz,76445,59b229f992b45b849636ea10bd4e1fb364e5eddc7c54d8340f801d29eef20032
resnet,mixed,202,bandpass_n20003_cRA_LA_LL_electrode_s15,phase2/results/predictions/full/mixed/resnet/seed_202/bandpass_n20003_cRA_LA_LL_electrode_s15.npz,76426,cd7148134c3d6f23dc63ed97ead85f9e5022725abaf91bc73273116f039dbd93
resnet,mixed,202,bandpass_n20003_cRA_LA_LL_electrode_s10,phase2/results/predictions/full/mixed/resnet/seed_202/bandpass_n20003_cRA_LA_LL_electrode_s10.npz,76358,07f30a60fe3ecd317c69085579d447201fcbb5f3357ae352696013442de75cf5
resnet,mixed,202,bandpass_n20003_cRA_LA_LL_electrode_s5,phase2/results/predictions/full/mixed/resnet/seed_202/bandpass_n20003_cRA_LA_LL_electrode_s5.npz,76169,a2ce96c89777490663b8c27f9537a5f9a34b17f7b781784123e52bf8d961ecdb
resnet,mixed,202,bandpass_n20003_cRA_LA_LL_electrode_s0,phase2/results/predictions/full/mixed/resnet/seed_202/bandpass_n20003_cRA_LA_LL_electrode_s0.npz,75768,d1ad27020cdeda319af21cba0f1d541d0c7f06941a151215be16e7724528fe6e
resnet,mixed,202,bandpass_n20003_cRA_LA_LL_covariance_s20,phase2/results/predictions/full/mixed/resnet/seed_202/bandpass_n20003_cRA_LA_LL_covariance_s20.npz,76464,90fcf87b46380cc837a889989fa57760f040ebee5838e21bc87b0d4a8dbbd584
resnet,mixed,202,bandpass_n20003_cRA_LA_LL_covariance_s15,phase2/results/predictions/full/mixed/resnet/seed_202/bandpass_n20003_cRA_LA_LL_covariance_s15.npz,76421,0bdc93cc0bf989c186a7064bd6fc529f9219df950384f8ece99e2c9406198685
resnet,mixed,202,bandpass_n20003_cRA_LA_LL_covariance_s10,phase2/results/predictions/full/mixed/resnet/seed_202/bandpass_n20003_cRA_LA_LL_covariance_s10.npz,76341,3f7c6f811c8a6374a8d5bd0c8ea9e17b490f6e2a97797064f605ad61acb3a53b
resnet,mixed,202,bandpass_n20003_cRA_LA_LL_covariance_s5,phase2/results/predictions/full/mixed/resnet/seed_202/bandpass_n20003_cRA_LA_LL_covariance_s5.npz,76177,86828858404558f6637f076c7e153af8066e2da293e9749115febbc14a8cd897
resnet,mixed,202,bandpass_n20003_cRA_LA_LL_covariance_s0,phase2/results/predictions/full/mixed/resnet/seed_202/bandpass_n20003_cRA_LA_LL_covariance_s0.npz,75755,a280f447241b7cc9ac731b8c3931ba5fd964611def9e90733937ef835b6dbea3
resnet,mixed,202,bandpass_n20003_cV1_independent_rms_s20,phase2/results/predictions/full/mixed/resnet/seed_202/bandpass_n20003_cV1_independent_rms_s20.npz,76456,fc213b94651f46c68ee66e4c42a7370215c11ab332b12ea5cad80946caca870f
resnet,mixed,202,bandpass_n20003_cV1_independent_rms_s15,phase2/results/predictions/full/mixed/resnet/seed_202/bandpass_n20003_cV1_independent_rms_s15.npz,76439,3f9adc900c4ff4fc598c89de78b9c7912f680c1726b493f382dce23925aa674c
resnet,mixed,202,bandpass_n20003_cV1_independent_rms_s10,phase2/results/predictions/full/mixed/resnet/seed_202/bandpass_n20003_cV1_independent_rms_s10.npz,76396,1c1b4d7d117b990874c6ebc01623a67bfffb85342e6440f67dbc617b19d646cf
resnet,mixed,202,bandpass_n20003_cV1_independent_rms_s5,phase2/results/predictions/full/mixed/resnet/seed_202/bandpass_n20003_cV1_independent_rms_s5.npz,76239,a6424f38b15414d6d05db693eaccbabff40bb6c7d0a69c1363855370b253d5ac
resnet,mixed,202,bandpass_n20003_cV1_independent_rms_s0,phase2/results/predictions/full/mixed/resnet/seed_202/bandpass_n20003_cV1_independent_rms_s0.npz,75802,46bea0f3397f018d3eca2a936cba9611ba37cf10cf03f3cfa941684f6ab09a4f
resnet,mixed,202,bandpass_n20003_cV1_electrode_s20,phase2/results/predictions/full/mixed/resnet/seed_202/bandpass_n20003_cV1_electrode_s20.npz,76451,801ab9922f0c71d7ff98466d0fc0db393f0b9ea26b9abab8f87b40125f051d12
resnet,mixed,202,bandpass_n20003_cV1_electrode_s15,phase2/results/predictions/full/mixed/resnet/seed_202/bandpass_n20003_cV1_electrode_s15.npz,76414,58628e41198d7e879d3a00bff0e490857bc2216d0deef63a41c6fbe6962d80fa
resnet,mixed,202,bandpass_n20003_cV1_electrode_s10,phase2/results/predictions/full/mixed/resnet/seed_202/bandpass_n20003_cV1_electrode_s10.npz,76390,26ec20fc555de4f4f60beda56b6e5bcfe3af225f144d94bb454c17f6136de41b
resnet,mixed,202,bandpass_n20003_cV1_electrode_s5,phase2/results/predictions/full/mixed/resnet/seed_202/bandpass_n20003_cV1_electrode_s5.npz,76182,3c2d5fc33651ec1b2aaa71fb9414a9f84f1d43f5def8ea953259b6296fed8a82
resnet,mixed,202,bandpass_n20003_cV1_electrode_s0,phase2/results/predictions/full/mixed/resnet/seed_202/bandpass_n20003_cV1_electrode_s0.npz,75801,edead9b34339693a27e97e895618e66945292ce3aa6ccd671289fd4415b939de
resnet,mixed,202,bandpass_n20003_cV1_covariance_s20,phase2/results/predictions/full/mixed/resnet/seed_202/bandpass_n20003_cV1_covariance_s20.npz,76447,5be8d6f4063b41d99aa7524c9704fb679e1b2851d2f2fa252b402902fefe7f5f
resnet,mixed,202,bandpass_n20003_cV1_covariance_s15,phase2/results/predictions/full/mixed/resnet/seed_202/bandpass_n20003_cV1_covariance_s15.npz,76455,f98405c2eec71e75779951e9dd87962acf91baa1a431000677ae2841e689e301
resnet,mixed,202,bandpass_n20003_cV1_covariance_s10,phase2/results/predictions/full/mixed/resnet/seed_202/bandpass_n20003_cV1_covariance_s10.npz,76401,8935fb3dd0057291c86fc26370a6355ccfe409beabf84ee4d5a15e802070ff98
resnet,mixed,202,bandpass_n20003_cV1_covariance_s5,phase2/results/predictions/full/mixed/resnet/seed_202/bandpass_n20003_cV1_covariance_s5.npz,76219,3a906110cfa9e56c68bec133ee7feb234423d5b70a8b5a4ec6a9b61340ae9df1
resnet,mixed,202,bandpass_n20003_cV1_covariance_s0,phase2/results/predictions/full/mixed/resnet/seed_202/bandpass_n20003_cV1_covariance_s0.npz,75776,53ff253a7bc50f0c63f63143aa2d4279a87aa7acc9abba4770a488a919994112
resnet,mixed,202,bandpass_n20003_cV2_independent_rms_s20,phase2/results/predictions/full/mixed/resnet/seed_202/bandpass_n20003_cV2_independent_rms_s20.npz,76464,7d29f5ef1a32a6c9f4a637a1a37f68f0a8e7eb4918cf339a385426e9bf571352
resnet,mixed,202,bandpass_n20003_cV2_independent_rms_s15,phase2/results/predictions/full/mixed/resnet/seed_202/bandpass_n20003_cV2_independent_rms_s15.npz,76431,abba73fee523adb27c26b0d74cddbef49e4498148c7d0b387a6a1058e781f714
resnet,mixed,202,bandpass_n20003_cV2_independent_rms_s10,phase2/results/predictions/full/mixed/resnet/seed_202/bandpass_n20003_cV2_independent_rms_s10.npz,76403,ec7d142f9f10c80490719ff9e2d7674352361e61bf2062f07434a3af65261a68
resnet,mixed,202,bandpass_n20003_cV2_independent_rms_s5,phase2/results/predictions/full/mixed/resnet/seed_202/bandpass_n20003_cV2_independent_rms_s5.npz,76345,87e2de25576982ccbb0f2532a327857641ae7d165828e67bb6e07a35e4925082
resnet,mixed,202,bandpass_n20003_cV2_independent_rms_s0,phase2/results/predictions/full/mixed/resnet/seed_202/bandpass_n20003_cV2_independent_rms_s0.npz,76024,7403206056ed6911599ca61662bbbbefc1f7cd7ae8d8cf2c7a8b2a48b171f3b5
resnet,mixed,202,bandpass_n20003_cV2_electrode_s20,phase2/results/predictions/full/mixed/resnet/seed_202/bandpass_n20003_cV2_electrode_s20.npz,76475,a175701b336b8186e474264bcf999253acdcd432542ce7082cd21e45113631f8
resnet,mixed,202,bandpass_n20003_cV2_electrode_s15,phase2/results/predictions/full/mixed/resnet/seed_202/bandpass_n20003_cV2_electrode_s15.npz,76443,0183fb75582b45087b551098c4cd9ee7c77245b7ebb0fa9e03eda002009c597c
resnet,mixed,202,bandpass_n20003_cV2_electrode_s10,phase2/results/predictions/full/mixed/resnet/seed_202/bandpass_n20003_cV2_electrode_s10.npz,76374,9f5810e46b2689c74a8cce83750770da9f464854df471711b2bf499d39e37811
resnet,mixed,202,bandpass_n20003_cV2_electrode_s5,phase2/results/predictions/full/mixed/resnet/seed_202/bandpass_n20003_cV2_electrode_s5.npz,76325,64c24b6a0eb8d6a8f1f6bb652c6611a92e90b356415c3b5454850f1f6ecd0adb
resnet,mixed,202,bandpass_n20003_cV2_electrode_s0,phase2/results/predictions/full/mixed/resnet/seed_202/bandpass_n20003_cV2_electrode_s0.npz,76059,79469a276cc9da755d72d91a0f8cb5880593732e1b3fb3b52f125a523311260f
resnet,mixed,202,bandpass_n20003_cV2_covariance_s20,phase2/results/predictions/full/mixed/resnet/seed_202/bandpass_n20003_cV2_covariance_s20.npz,76433,ef8fac7f7a5eb0f2ad3fe447a029ba70ed6540ec1e6d4f76f7829d1d19f71082
resnet,mixed,202,bandpass_n20003_cV2_covariance_s15,phase2/results/predictions/full/mixed/resnet/seed_202/bandpass_n20003_cV2_covariance_s15.npz,76449,fc0b733d4fd01e53c11084fb09ec1f13043558b4c46a10d6b61f08b03c14dd9f
resnet,mixed,202,bandpass_n20003_cV2_covariance_s10,phase2/results/predictions/full/mixed/resnet/seed_202/bandpass_n20003_cV2_covariance_s10.npz,76421,ea190f1d4db750806ecade4ac76900a93e4632a7539cc2b98f6b06cda4cc2354
resnet,mixed,202,bandpass_n20003_cV2_covariance_s5,phase2/results/predictions/full/mixed/resnet/seed_202/bandpass_n20003_cV2_covariance_s5.npz,76317,9d60082379c2272826280d8843943455421a0bc3703ddfc3c8ebfc223f7e91b2
resnet,mixed,202,bandpass_n20003_cV2_covariance_s0,phase2/results/predictions/full/mixed/resnet/seed_202/bandpass_n20003_cV2_covariance_s0.npz,76069,105563494e22dceb75f2fbfeec00606e42af3b0ce05a93acdd05b638a053dfb7
resnet,mixed,202,bandpass_n20003_cV3_independent_rms_s20,phase2/results/predictions/full/mixed/resnet/seed_202/bandpass_n20003_cV3_independent_rms_s20.npz,76456,f8a3257aaa1d6e62eda4d7282bfce83e8c8908fd3e972e88f256179bc112d6c1
resnet,mixed,202,bandpass_n20003_cV3_independent_rms_s15,phase2/results/predictions/full/mixed/resnet/seed_202/bandpass_n20003_cV3_independent_rms_s15.npz,76437,dd93102e327dada66264a97f106e70c9d0654093c3d3418fe449841c9e77f0ed
resnet,mixed,202,bandpass_n20003_cV3_independent_rms_s10,phase2/results/predictions/full/mixed/resnet/seed_202/bandpass_n20003_cV3_independent_rms_s10.npz,76476,eac62d54f4a01c6960b8e1a5a45b9641bdfa63538cce5ff9fbf0c6d93ca27b7b
resnet,mixed,202,bandpass_n20003_cV3_independent_rms_s5,phase2/results/predictions/full/mixed/resnet/seed_202/bandpass_n20003_cV3_independent_rms_s5.npz,76396,7ef45a8177a3b7844542e40803d70ec5b1336630c69cffc18b519778dc6efc88
resnet,mixed,202,bandpass_n20003_cV3_independent_rms_s0,phase2/results/predictions/full/mixed/resnet/seed_202/bandpass_n20003_cV3_independent_rms_s0.npz,76221,3413989cfbe82dfb44f18d6a33e0935b2d11ef63bec4e74445317fd82d16292b
resnet,mixed,202,bandpass_n20003_cV3_electrode_s20,phase2/results/predictions/full/mixed/resnet/seed_202/bandpass_n20003_cV3_electrode_s20.npz,76428,e2a11fee6a3f051649104b41bca5accc04a27d04d9606883d0b92a5ce7b4575f
resnet,mixed,202,bandpass_n20003_cV3_electrode_s15,phase2/results/predictions/full/mixed/resnet/seed_202/bandpass_n20003_cV3_electrode_s15.npz,76433,5389cbd0f6d031401b442bf602eb083c62683e9d7347602fa5d2f726932eedf7
resnet,mixed,202,bandpass_n20003_cV3_electrode_s10,phase2/results/predictions/full/mixed/resnet/seed_202/bandpass_n20003_cV3_electrode_s10.npz,76442,34e7abb2121f97aae39afd258d635866dab0073b45845cb45645352b1c6277fb
resnet,mixed,202,bandpass_n20003_cV3_electrode_s5,phase2/results/predictions/full/mixed/resnet/seed_202/bandpass_n20003_cV3_electrode_s5.npz,76384,82f70c9c51621ed07b4b25e21824874b4dfe5cdd52e878c77089c6ad08f6d23b
resnet,mixed,202,bandpass_n20003_cV3_electrode_s0,phase2/results/predictions/full/mixed/resnet/seed_202/bandpass_n20003_cV3_electrode_s0.npz,76238,d3c45eb946d4676c55e6cf0960c33931a0d5a73a844704a5ebb5c4f9213f928c
resnet,mixed,202,bandpass_n20003_cV3_covariance_s20,phase2/results/predictions/full/mixed/resnet/seed_202/bandpass_n20003_cV3_covariance_s20.npz,76476,340b62bdf6739efd46b75043f69fb83e113bd66c4e1dd6ebd6ca2a4ba66c44d6
resnet,mixed,202,bandpass_n20003_cV3_covariance_s15,phase2/results/predictions/full/mixed/resnet/seed_202/bandpass_n20003_cV3_covariance_s15.npz,76421,c4ec47ce6cf44df1ab24e54ad478710c35ba9a2a09c514e18ebbae7bdf378896
resnet,mixed,202,bandpass_n20003_cV3_covariance_s10,phase2/results/predictions/full/mixed/resnet/seed_202/bandpass_n20003_cV3_covariance_s10.npz,76431,2ab3d7cfa1faf015cf444d1d02b3b921be47290b8ab6e3e373f262e3b8eb66cd
resnet,mixed,202,bandpass_n20003_cV3_covariance_s5,phase2/results/predictions/full/mixed/resnet/seed_202/bandpass_n20003_cV3_covariance_s5.npz,76391,d04ca9b2503818e29b6d8cda9db0ce9f742f7c948c6aa26a76eb497a2c6127f4
resnet,mixed,202,bandpass_n20003_cV3_covariance_s0,phase2/results/predictions/full/mixed/resnet/seed_202/bandpass_n20003_cV3_covariance_s0.npz,76193,74807b8e1a968fb27575c6d6afd13d0d462426885b53edd52defb5cdc10f4bde
resnet,mixed,202,bandpass_n20003_cV4_independent_rms_s20,phase2/results/predictions/full/mixed/resnet/seed_202/bandpass_n20003_cV4_independent_rms_s20.npz,76423,32c16ca04374f8bf246f8bdb5bab99afddcfe3570540ba25a0190249fd357b29
resnet,mixed,202,bandpass_n20003_cV4_independent_rms_s15,phase2/results/predictions/full/mixed/resnet/seed_202/bandpass_n20003_cV4_independent_rms_s15.npz,76461,f185d3a2819ce7208852c2a3575725b9869410c91d0a3f9efaa1888142be87e5
resnet,mixed,202,bandpass_n20003_cV4_independent_rms_s10,phase2/results/predictions/full/mixed/resnet/seed_202/bandpass_n20003_cV4_independent_rms_s10.npz,76437,39ee3a01b3d81ccba953fc7d96fe9afaf02285bdd9f3539d9a7d2033634ae735
resnet,mixed,202,bandpass_n20003_cV4_independent_rms_s5,phase2/results/predictions/full/mixed/resnet/seed_202/bandpass_n20003_cV4_independent_rms_s5.npz,76346,a30c01a0eb21f548c235a8180b5cfeb1ff6f5ed8f656759ffbc22b7bf13c4049
resnet,mixed,202,bandpass_n20003_cV4_independent_rms_s0,phase2/results/predictions/full/mixed/resnet/seed_202/bandpass_n20003_cV4_independent_rms_s0.npz,76036,82764cdef51110bf56b939522fdbf6898eee46973a13e4a2d118f5c57a82f745
resnet,mixed,202,bandpass_n20003_cV4_electrode_s20,phase2/results/predictions/full/mixed/resnet/seed_202/bandpass_n20003_cV4_electrode_s20.npz,76463,672d9650e5270a35609e42c612039725e40eff07445c3d56143abb619977cea3
resnet,mixed,202,bandpass_n20003_cV4_electrode_s15,phase2/results/predictions/full/mixed/resnet/seed_202/bandpass_n20003_cV4_electrode_s15.npz,76405,bd633b505892a6322583948a02e46b161540480d8dac504a2899e1dcada6a169
resnet,mixed,202,bandpass_n20003_cV4_electrode_s10,phase2/results/predictions/full/mixed/resnet/seed_202/bandpass_n20003_cV4_electrode_s10.npz,76417,99e69db3e77379a118efd878e6b124ec1ca2ffd1521ab49db084380957c8e4ad
resnet,mixed,202,bandpass_n20003_cV4_electrode_s5,phase2/results/predictions/full/mixed/resnet/seed_202/bandpass_n20003_cV4_electrode_s5.npz,76324,d2210d42a4eaa5fda32896d63c0f56c2d86e76d3d39cd4ad2a10c636a2e7c9c8
resnet,mixed,202,bandpass_n20003_cV4_electrode_s0,phase2/results/predictions/full/mixed/resnet/seed_202/bandpass_n20003_cV4_electrode_s0.npz,76023,92dce6a2c60370f65e889405448cd51e30e0a09b02c915669f4979defc5bc982
resnet,mixed,202,bandpass_n20003_cV4_covariance_s20,phase2/results/predictions/full/mixed/resnet/seed_202/bandpass_n20003_cV4_covariance_s20.npz,76476,07fa37bd2293f53012cdc13bbc73eead3df3531090162a68f5eddbb4e4e6e934
resnet,mixed,202,bandpass_n20003_cV4_covariance_s15,phase2/results/predictions/full/mixed/resnet/seed_202/bandpass_n20003_cV4_covariance_s15.npz,76476,f422e43998b07bedf33257f78728c7220e736a14fc82b61669f1239630cc319c
resnet,mixed,202,bandpass_n20003_cV4_covariance_s10,phase2/results/predictions/full/mixed/resnet/seed_202/bandpass_n20003_cV4_covariance_s10.npz,76396,a383edfc0e0fcf655346478f74c91d4e3701124d960eb77460fb1f363737c2f6
resnet,mixed,202,bandpass_n20003_cV4_covariance_s5,phase2/results/predictions/full/mixed/resnet/seed_202/bandpass_n20003_cV4_covariance_s5.npz,76322,112cbd2a9a52b9ccce8b2b838fe18d93cae3c4df6aa864d99037b0c170fd9e7b
resnet,mixed,202,bandpass_n20003_cV4_covariance_s0,phase2/results/predictions/full/mixed/resnet/seed_202/bandpass_n20003_cV4_covariance_s0.npz,76061,a2d32b5ca8f297036590597a72734715bb4f4c4c4f1b982af93d311a9e4c9779
resnet,mixed,202,bandpass_n20003_cV5_independent_rms_s20,phase2/results/predictions/full/mixed/resnet/seed_202/bandpass_n20003_cV5_independent_rms_s20.npz,76452,fdbc47af4bc2d2183f34dfce7a1f9bf6fb39582665be489457c91e1ed3325f5a
resnet,mixed,202,bandpass_n20003_cV5_independent_rms_s15,phase2/results/predictions/full/mixed/resnet/seed_202/bandpass_n20003_cV5_independent_rms_s15.npz,76446,3d1f9ab0a722a1c84acc61dfe9ba4eec256161c03abc0986ae20f20e6ee470fd
resnet,mixed,202,bandpass_n20003_cV5_independent_rms_s10,phase2/results/predictions/full/mixed/resnet/seed_202/bandpass_n20003_cV5_independent_rms_s10.npz,76433,497119107fc866bb1c16a99cf8abfee4ae72bb59b38d175b10bbe96528eeeaf7
resnet,mixed,202,bandpass_n20003_cV5_independent_rms_s5,phase2/results/predictions/full/mixed/resnet/seed_202/bandpass_n20003_cV5_independent_rms_s5.npz,76284,282da5f2f74d01ff251ae4aee6001da8314a11c75c6bab6fbe884a4da60d7f15
resnet,mixed,202,bandpass_n20003_cV5_independent_rms_s0,phase2/results/predictions/full/mixed/resnet/seed_202/bandpass_n20003_cV5_independent_rms_s0.npz,76041,fa80a3f600d68d8ce58d0d0c95dcb87267f8fa0d1f0eaa8aefc5838829bba6e7
resnet,mixed,202,bandpass_n20003_cV5_electrode_s20,phase2/results/predictions/full/mixed/resnet/seed_202/bandpass_n20003_cV5_electrode_s20.npz,76414,eba7effc99919dacd3fba6ebe3918ac6719487ce57c2ae71b28ea19ef961acf5
resnet,mixed,202,bandpass_n20003_cV5_electrode_s15,phase2/results/predictions/full/mixed/resnet/seed_202/bandpass_n20003_cV5_electrode_s15.npz,76417,29a8713bed34e696ac754cd8d708a81b1bfdb5d63b2ada066d1ee8b0b482b8c5
resnet,mixed,202,bandpass_n20003_cV5_electrode_s10,phase2/results/predictions/full/mixed/resnet/seed_202/bandpass_n20003_cV5_electrode_s10.npz,76425,eca0413f7b45f569e8d0674e111dbdb6023d39ff1b5705ebad8f58d2a05717af
resnet,mixed,202,bandpass_n20003_cV5_electrode_s5,phase2/results/predictions/full/mixed/resnet/seed_202/bandpass_n20003_cV5_electrode_s5.npz,76277,22a7a6fc1ac7334dfbf3cec4ed38624e41ab200ef6c64b57494f5683cf615cd6
resnet,mixed,202,bandpass_n20003_cV5_electrode_s0,phase2/results/predictions/full/mixed/resnet/seed_202/bandpass_n20003_cV5_electrode_s0.npz,76010,e878b4f8f4adae2e5c5b8a15843db613c9b23158e9ec35d4a9767bc16adcb7fe
resnet,mixed,202,bandpass_n20003_cV5_covariance_s20,phase2/results/predictions/full/mixed/resnet/seed_202/bandpass_n20003_cV5_covariance_s20.npz,76421,3f7ce2c52d515da3c0970fc89d43728017fe0203b6f1a2858262be76cbf3f513
resnet,mixed,202,bandpass_n20003_cV5_covariance_s15,phase2/results/predictions/full/mixed/resnet/seed_202/bandpass_n20003_cV5_covariance_s15.npz,76403,e00bc9a5b72353b4c9d44a2aa27e8e21e8879aae8f4cd108856504952d9445cf
resnet,mixed,202,bandpass_n20003_cV5_covariance_s10,phase2/results/predictions/full/mixed/resnet/seed_202/bandpass_n20003_cV5_covariance_s10.npz,76441,2dafc60294e14d45914b4fd3dc04a8c38f348c87f6a7da420ad080db83631cc1
resnet,mixed,202,bandpass_n20003_cV5_covariance_s5,phase2/results/predictions/full/mixed/resnet/seed_202/bandpass_n20003_cV5_covariance_s5.npz,76268,636243007c5ed2d1425e4f291cdd414617b6c181fb7760d229dc9c9d608d9c48
resnet,mixed,202,bandpass_n20003_cV5_covariance_s0,phase2/results/predictions/full/mixed/resnet/seed_202/bandpass_n20003_cV5_covariance_s0.npz,76030,4da04b4392a414731b9466056f4cb1f8f4249a16cb139b254c075137698ade46
resnet,mixed,202,bandpass_n20003_cV6_independent_rms_s20,phase2/results/predictions/full/mixed/resnet/seed_202/bandpass_n20003_cV6_independent_rms_s20.npz,76439,f42c983970a8b7ca0743742fa9e387fe681d95e31b9ec151b77f287cecb70aea
resnet,mixed,202,bandpass_n20003_cV6_independent_rms_s15,phase2/results/predictions/full/mixed/resnet/seed_202/bandpass_n20003_cV6_independent_rms_s15.npz,76444,9c93585ff708e19495fcd8493be3d7fa2d7a0fc394707b91ac53ed88f1932bbf
resnet,mixed,202,bandpass_n20003_cV6_independent_rms_s10,phase2/results/predictions/full/mixed/resnet/seed_202/bandpass_n20003_cV6_independent_rms_s10.npz,76394,cf3e58a77a61297442df35576d3daae74576a2ff5e4d141d7f375c77445272c8
resnet,mixed,202,bandpass_n20003_cV6_independent_rms_s5,phase2/results/predictions/full/mixed/resnet/seed_202/bandpass_n20003_cV6_independent_rms_s5.npz,76255,fcb59949c8f6cdff4c493e739ae5a40ff8e780689ebf9586a367c8c66a831fae
resnet,mixed,202,bandpass_n20003_cV6_independent_rms_s0,phase2/results/predictions/full/mixed/resnet/seed_202/bandpass_n20003_cV6_independent_rms_s0.npz,75974,0f53acff4eb339dff0281ca5aba27973fe1a6c6d7fa7a53e31c6cc5dbf49f5cf
resnet,mixed,202,bandpass_n20003_cV6_electrode_s20,phase2/results/predictions/full/mixed/resnet/seed_202/bandpass_n20003_cV6_electrode_s20.npz,76465,117306be3268a68507f92cb287454a3e96bde481db1acf0f5e1ff27ba8941930
resnet,mixed,202,bandpass_n20003_cV6_electrode_s15,phase2/results/predictions/full/mixed/resnet/seed_202/bandpass_n20003_cV6_electrode_s15.npz,76450,f3d4865100eed9b923310d1fea64998a1adbbeeec7aa542ac3453eed63d2b7f0
resnet,mixed,202,bandpass_n20003_cV6_electrode_s10,phase2/results/predictions/full/mixed/resnet/seed_202/bandpass_n20003_cV6_electrode_s10.npz,76392,ce389d599a846877b907e42d1beeeb72ce07ed8bef64bdb81aaff15b93632634
resnet,mixed,202,bandpass_n20003_cV6_electrode_s5,phase2/results/predictions/full/mixed/resnet/seed_202/bandpass_n20003_cV6_electrode_s5.npz,76239,ce6eeb5f00cc5278f3780774b127e85272a602374aab8a891c8c85b47d19575c
resnet,mixed,202,bandpass_n20003_cV6_electrode_s0,phase2/results/predictions/full/mixed/resnet/seed_202/bandpass_n20003_cV6_electrode_s0.npz,75956,31157bb39a56920c5abcd609334b0c9569948bfd36ee85be64775c5609018c33
resnet,mixed,202,bandpass_n20003_cV6_covariance_s20,phase2/results/predictions/full/mixed/resnet/seed_202/bandpass_n20003_cV6_covariance_s20.npz,76467,be52a58731fb426bf3e0b5db97927975f09acac278f783caf2c29e6ac289d622
resnet,mixed,202,bandpass_n20003_cV6_covariance_s15,phase2/results/predictions/full/mixed/resnet/seed_202/bandpass_n20003_cV6_covariance_s15.npz,76429,04471bff25063206cad91240d774c5e5f3a928cc67c621c29bec9e8255065c0f
resnet,mixed,202,bandpass_n20003_cV6_covariance_s10,phase2/results/predictions/full/mixed/resnet/seed_202/bandpass_n20003_cV6_covariance_s10.npz,76406,37935b11e236a972f83c771f9ea88b1b1d59a0a5d008c8522a90ef21c7b51943
resnet,mixed,202,bandpass_n20003_cV6_covariance_s5,phase2/results/predictions/full/mixed/resnet/seed_202/bandpass_n20003_cV6_covariance_s5.npz,76268,0b3b33f7006d00cd22a2ebaf1ea24ceb6b590a438523ec6e597d9a9547651199
resnet,mixed,202,bandpass_n20003_cV6_covariance_s0,phase2/results/predictions/full/mixed/resnet/seed_202/bandpass_n20003_cV6_covariance_s0.npz,75939,24312fb759e0e20012b5458e82519876f0bac8af9cca42cb0286f6ef09941765
resnet,mixed,202,bandpass_n20003_cRA_LA_independent_rms_s20,phase2/results/predictions/full/mixed/resnet/seed_202/bandpass_n20003_cRA_LA_independent_rms_s20.npz,76471,aff9ac084cf1e0ddbc4864e0504cd46ac45a725e9c46b4f1a58fb3bee261b981
resnet,mixed,202,bandpass_n20003_cRA_LA_independent_rms_s15,phase2/results/predictions/full/mixed/resnet/seed_202/bandpass_n20003_cRA_LA_independent_rms_s15.npz,76452,11c60d55b517b599c4e314d97b76e9699eca94b079bca21bb46aa9dbd049699e
resnet,mixed,202,bandpass_n20003_cRA_LA_independent_rms_s10,phase2/results/predictions/full/mixed/resnet/seed_202/bandpass_n20003_cRA_LA_independent_rms_s10.npz,76429,5f6b3b45aaa1fc29bd0432d14a6df3f42ffccf1411de8ac3c957fc6652367fab
resnet,mixed,202,bandpass_n20003_cRA_LA_independent_rms_s5,phase2/results/predictions/full/mixed/resnet/seed_202/bandpass_n20003_cRA_LA_independent_rms_s5.npz,76305,f616f582a5f0a42d8c95dcad4e64313b4519067c2c3c87eb680b1c8a8f768910
resnet,mixed,202,bandpass_n20003_cRA_LA_independent_rms_s0,phase2/results/predictions/full/mixed/resnet/seed_202/bandpass_n20003_cRA_LA_independent_rms_s0.npz,75976,931c8672ef9908833b858960a121a94ec4d23b94b77b4a61097a859a9f420619
resnet,mixed,202,bandpass_n20003_cRA_LA_electrode_s20,phase2/results/predictions/full/mixed/resnet/seed_202/bandpass_n20003_cRA_LA_electrode_s20.npz,76429,6370b082dfc73782bbb866ead9814b0f7615c912cffe9e8a0fc3b64a9efaa4b2
resnet,mixed,202,bandpass_n20003_cRA_LA_electrode_s15,phase2/results/predictions/full/mixed/resnet/seed_202/bandpass_n20003_cRA_LA_electrode_s15.npz,76421,90b5ebf36d42a61522e35566dcf44ba8c8bd6aaf0c1e6825b578ee7d2512b4b9
resnet,mixed,202,bandpass_n20003_cRA_LA_electrode_s10,phase2/results/predictions/full/mixed/resnet/seed_202/bandpass_n20003_cRA_LA_electrode_s10.npz,76372,97c3ad70c43803b628d50d30b35f8728ee83ed29e342a6fee42e1972df7625e5
resnet,mixed,202,bandpass_n20003_cRA_LA_electrode_s5,phase2/results/predictions/full/mixed/resnet/seed_202/bandpass_n20003_cRA_LA_electrode_s5.npz,76134,f6bb8301f2d1e6dcb3b560bb035623092bb0133d81c64f4d08e83c49ee32327a
resnet,mixed,202,bandpass_n20003_cRA_LA_electrode_s0,phase2/results/predictions/full/mixed/resnet/seed_202/bandpass_n20003_cRA_LA_electrode_s0.npz,75822,d05159e4c9c3f3d99f618e317ad25a4db8d037dd3d226bc6988ba407046625a5
resnet,mixed,202,bandpass_n20003_cRA_LA_covariance_s20,phase2/results/predictions/full/mixed/resnet/seed_202/bandpass_n20003_cRA_LA_covariance_s20.npz,76445,cdd7acec2226fe6cb77b3d61e81223a5105a3ee306abb51bf3fe3a6074f0da29
resnet,mixed,202,bandpass_n20003_cRA_LA_covariance_s15,phase2/results/predictions/full/mixed/resnet/seed_202/bandpass_n20003_cRA_LA_covariance_s15.npz,76419,09ec84916acc2d7728b931f36e9b71b01e42745cd6431c5a6446142940a75658
resnet,mixed,202,bandpass_n20003_cRA_LA_covariance_s10,phase2/results/predictions/full/mixed/resnet/seed_202/bandpass_n20003_cRA_LA_covariance_s10.npz,76326,3e9cf8999e544d15c02c0e3231ad2f5dcc31d3c9e7fc976b112b92070aa2335e
resnet,mixed,202,bandpass_n20003_cRA_LA_covariance_s5,phase2/results/predictions/full/mixed/resnet/seed_202/bandpass_n20003_cRA_LA_covariance_s5.npz,76189,72443a8cc334d0247341495a948e49e20375a4b58ac36a8930bb57f09b1143df
resnet,mixed,202,bandpass_n20003_cRA_LA_covariance_s0,phase2/results/predictions/full/mixed/resnet/seed_202/bandpass_n20003_cRA_LA_covariance_s0.npz,75825,046a4a09bd51d1beb4256bbfd26f574521ab89b728f7b78a323cc3db01277880
resnet,mixed,202,bandpass_n20003_cLA_LL_independent_rms_s20,phase2/results/predictions/full/mixed/resnet/seed_202/bandpass_n20003_cLA_LL_independent_rms_s20.npz,76469,d49ac9704a144b418ac5521959edf9b97b095736acbf3676627a5d1932d34697
resnet,mixed,202,bandpass_n20003_cLA_LL_independent_rms_s15,phase2/results/predictions/full/mixed/resnet/seed_202/bandpass_n20003_cLA_LL_independent_rms_s15.npz,76458,ab45c42bc35a2d339e2d4ac0db02d0940c003e0f4f3b3ab6e9ad99003f3aa6cc
resnet,mixed,202,bandpass_n20003_cLA_LL_independent_rms_s10,phase2/results/predictions/full/mixed/resnet/seed_202/bandpass_n20003_cLA_LL_independent_rms_s10.npz,76398,a3f9aefabcfcbe5fcb364a39f8d8aff33d038019bf4ece3578cc100b3267780b
resnet,mixed,202,bandpass_n20003_cLA_LL_independent_rms_s5,phase2/results/predictions/full/mixed/resnet/seed_202/bandpass_n20003_cLA_LL_independent_rms_s5.npz,76313,043ca02c76d7f08642258726cd236ec8f126e7128f3cf81a2c5417260a05e380
resnet,mixed,202,bandpass_n20003_cLA_LL_independent_rms_s0,phase2/results/predictions/full/mixed/resnet/seed_202/bandpass_n20003_cLA_LL_independent_rms_s0.npz,75997,5fd73ed3a58453c077e3f0adc6dcf6fc9b31ed9f6e2dc56f5b86337a8b6e4ade
resnet,mixed,202,bandpass_n20003_cLA_LL_electrode_s20,phase2/results/predictions/full/mixed/resnet/seed_202/bandpass_n20003_cLA_LL_electrode_s20.npz,76433,ea4ab9ddff1425bde70575ce4b70785fa3123f3f553fd9e7b5a92c08a518b58e
resnet,mixed,202,bandpass_n20003_cLA_LL_electrode_s15,phase2/results/predictions/full/mixed/resnet/seed_202/bandpass_n20003_cLA_LL_electrode_s15.npz,76409,ef66bfdc35d99da24d42b28cfe71abd2e48a8a02ed2437d02da1db89b2b04b53
resnet,mixed,202,bandpass_n20003_cLA_LL_electrode_s10,phase2/results/predictions/full/mixed/resnet/seed_202/bandpass_n20003_cLA_LL_electrode_s10.npz,76325,78191d4945224b8c59b06ee1b57cf6f1a04807a17bbea1eef50e6a936728e507
resnet,mixed,202,bandpass_n20003_cLA_LL_electrode_s5,phase2/results/predictions/full/mixed/resnet/seed_202/bandpass_n20003_cLA_LL_electrode_s5.npz,76149,18ab4d5a5b6e5f7f2b5fdf3385a3838de4c966c184e60a088ea7b04672498e55
resnet,mixed,202,bandpass_n20003_cLA_LL_electrode_s0,phase2/results/predictions/full/mixed/resnet/seed_202/bandpass_n20003_cLA_LL_electrode_s0.npz,75685,028937cbe8d1c5c9c394101d99e1d80e615e569b1c4d09598a6de4bc5633edaa
resnet,mixed,202,bandpass_n20003_cLA_LL_covariance_s20,phase2/results/predictions/full/mixed/resnet/seed_202/bandpass_n20003_cLA_LL_covariance_s20.npz,76487,d0a5a10b7a8c3a496f0e2ed96cdca51d1ed591f96b173c4fc13029b4f9d4391f
resnet,mixed,202,bandpass_n20003_cLA_LL_covariance_s15,phase2/results/predictions/full/mixed/resnet/seed_202/bandpass_n20003_cLA_LL_covariance_s15.npz,76410,e8f555c4603de1a8a7ebf6de1eca349f39e19926835f7499b16774e4d2d379c6
resnet,mixed,202,bandpass_n20003_cLA_LL_covariance_s10,phase2/results/predictions/full/mixed/resnet/seed_202/bandpass_n20003_cLA_LL_covariance_s10.npz,76300,c172fa93ddf096bbd4b112ffb57701ea600497b8611a7e347f56e248fe6ee809
resnet,mixed,202,bandpass_n20003_cLA_LL_covariance_s5,phase2/results/predictions/full/mixed/resnet/seed_202/bandpass_n20003_cLA_LL_covariance_s5.npz,76119,3983c1292b7d6768ab6adf81a75d07c99c0cabdb06794e10b82938df67b0cd31
resnet,mixed,202,bandpass_n20003_cLA_LL_covariance_s0,phase2/results/predictions/full/mixed/resnet/seed_202/bandpass_n20003_cLA_LL_covariance_s0.npz,75684,59469e49a8812753c195119c6e0465d3328df26a5618d9bfe1f9724c88716125
resnet,mixed,202,bandpass_n20003_cRA_LL_independent_rms_s20,phase2/results/predictions/full/mixed/resnet/seed_202/bandpass_n20003_cRA_LL_independent_rms_s20.npz,76472,26620d02f223f079a3ae9d13ec8c93b9d9001258bf75143adbc470d5dd325ffb
resnet,mixed,202,bandpass_n20003_cRA_LL_independent_rms_s15,phase2/results/predictions/full/mixed/resnet/seed_202/bandpass_n20003_cRA_LL_independent_rms_s15.npz,76485,a2b4533e85cee473f1797e223cc433aba08602d74f713323e228d760a581c478
resnet,mixed,202,bandpass_n20003_cRA_LL_independent_rms_s10,phase2/results/predictions/full/mixed/resnet/seed_202/bandpass_n20003_cRA_LL_independent_rms_s10.npz,76416,32c3fd2bc75b68a5d7690f303bb94e7c7fac361bffb577a2303d560ba7341081
resnet,mixed,202,bandpass_n20003_cRA_LL_independent_rms_s5,phase2/results/predictions/full/mixed/resnet/seed_202/bandpass_n20003_cRA_LL_independent_rms_s5.npz,76293,b619211e8e98984c67cc9c731621a05369c32fda7f24ee81ea5db0f1714767e0
resnet,mixed,202,bandpass_n20003_cRA_LL_independent_rms_s0,phase2/results/predictions/full/mixed/resnet/seed_202/bandpass_n20003_cRA_LL_independent_rms_s0.npz,75995,81a8cc53c521ff0603a00373a753aa94c024796ec9f6df530cc04ea4b930e303
resnet,mixed,202,bandpass_n20003_cRA_LL_electrode_s20,phase2/results/predictions/full/mixed/resnet/seed_202/bandpass_n20003_cRA_LL_electrode_s20.npz,76435,cb5ddb64841a556eebe7570df655f5c55e25398fb3b6ab53edae5c743c94432b
resnet,mixed,202,bandpass_n20003_cRA_LL_electrode_s15,phase2/results/predictions/full/mixed/resnet/seed_202/bandpass_n20003_cRA_LL_electrode_s15.npz,76430,508a599b064f847cacb63315e0ebb3a6bdf71141fdb145e3c8ecd9503238bdfe
resnet,mixed,202,bandpass_n20003_cRA_LL_electrode_s10,phase2/results/predictions/full/mixed/resnet/seed_202/bandpass_n20003_cRA_LL_electrode_s10.npz,76302,8a7a8ddfa119dc8e531326d78218a5a935ded5fa6f7d5e3488c02e639ad25622
resnet,mixed,202,bandpass_n20003_cRA_LL_electrode_s5,phase2/results/predictions/full/mixed/resnet/seed_202/bandpass_n20003_cRA_LL_electrode_s5.npz,76111,1d4c05ca743cad4e766f41a9b8258e7592fff8438f091c79fcc7470f3a8e3ec2
resnet,mixed,202,bandpass_n20003_cRA_LL_electrode_s0,phase2/results/predictions/full/mixed/resnet/seed_202/bandpass_n20003_cRA_LL_electrode_s0.npz,75717,52d6818afe8da4643ae72e9fe98af6f9638e3cdca55a22b7f922272b60066cab
resnet,mixed,202,bandpass_n20003_cRA_LL_covariance_s20,phase2/results/predictions/full/mixed/resnet/seed_202/bandpass_n20003_cRA_LL_covariance_s20.npz,76426,c0d8a6cf3c97b5a8bf6ca3938a1fb682fe74ed7ca7967286f9b459838497debc
resnet,mixed,202,bandpass_n20003_cRA_LL_covariance_s15,phase2/results/predictions/full/mixed/resnet/seed_202/bandpass_n20003_cRA_LL_covariance_s15.npz,76417,55bef8c27f347abc901749665ee9b93394ea87a137c3c515e0e261942c746bd7
resnet,mixed,202,bandpass_n20003_cRA_LL_covariance_s10,phase2/results/predictions/full/mixed/resnet/seed_202/bandpass_n20003_cRA_LL_covariance_s10.npz,76330,7f4ba3bcad83b107c8b40984cdafeed9455b196c6a74b2a90c5f94aedbfb6b9a
resnet,mixed,202,bandpass_n20003_cRA_LL_covariance_s5,phase2/results/predictions/full/mixed/resnet/seed_202/bandpass_n20003_cRA_LL_covariance_s5.npz,76094,f1be1b4973ddbbdda75a7f81f15b7a72df015044c7b014b62faa6f28fef70902
resnet,mixed,202,bandpass_n20003_cRA_LL_covariance_s0,phase2/results/predictions/full/mixed/resnet/seed_202/bandpass_n20003_cRA_LL_covariance_s0.npz,75732,918b2317bd653d9c4718b277e468fcdf2e7dfc22f69d60f31c556b0b9bf0df73
resnet,mixed,202,bandpass_n20003_cRA_independent_rms_s20,phase2/results/predictions/full/mixed/resnet/seed_202/bandpass_n20003_cRA_independent_rms_s20.npz,76463,22c75104d9c18023edfe2b306c64422460a187d0ff5af9a897905a646e9126e1
resnet,mixed,202,bandpass_n20003_cRA_independent_rms_s15,phase2/results/predictions/full/mixed/resnet/seed_202/bandpass_n20003_cRA_independent_rms_s15.npz,76453,3b23ec5d915ac735f98e5fcd1d3059f64aec366c730e830e2dd0ec364af87ade
resnet,mixed,202,bandpass_n20003_cRA_independent_rms_s10,phase2/results/predictions/full/mixed/resnet/seed_202/bandpass_n20003_cRA_independent_rms_s10.npz,76429,5cfdf425eaf346d27920e97cc908465b982d1c392f07f7620f0c4cd5910bf5c0
resnet,mixed,202,bandpass_n20003_cRA_independent_rms_s5,phase2/results/predictions/full/mixed/resnet/seed_202/bandpass_n20003_cRA_independent_rms_s5.npz,76262,3d857eeacaeaa8eeaceb9691aaa71ce56a3b73ca757ceed14f993a9bde27df9a
resnet,mixed,202,bandpass_n20003_cRA_independent_rms_s0,phase2/results/predictions/full/mixed/resnet/seed_202/bandpass_n20003_cRA_independent_rms_s0.npz,76005,9f2cca50bc0cbb0b6b6e7778ae677a171659b4eedaded09d3915cc91991929ad
resnet,mixed,202,bandpass_n20003_cRA_electrode_s20,phase2/results/predictions/full/mixed/resnet/seed_202/bandpass_n20003_cRA_electrode_s20.npz,76448,0b54e27150ec90988751503ce8657393c678ba18e976c21b05fd45d00c3fd26b
resnet,mixed,202,bandpass_n20003_cRA_electrode_s15,phase2/results/predictions/full/mixed/resnet/seed_202/bandpass_n20003_cRA_electrode_s15.npz,76428,c4cf08844bb3994e22ecf04e6d0b43091e22cc938feffd2e332481b29fc1b82f
resnet,mixed,202,bandpass_n20003_cRA_electrode_s10,phase2/results/predictions/full/mixed/resnet/seed_202/bandpass_n20003_cRA_electrode_s10.npz,76316,0e1d85ea9a5a89190767fb948a242c66888f1f836c1b6f157bd13e486f339360
resnet,mixed,202,bandpass_n20003_cRA_electrode_s5,phase2/results/predictions/full/mixed/resnet/seed_202/bandpass_n20003_cRA_electrode_s5.npz,76170,46f29e56e5a26ab2f398f67eb990f4e4f41177909e192210b055338e1502a120
resnet,mixed,202,bandpass_n20003_cRA_electrode_s0,phase2/results/predictions/full/mixed/resnet/seed_202/bandpass_n20003_cRA_electrode_s0.npz,75926,a5ffb0bcf1045235c9850fcf76823ade4d63b6144e05b38dcd2340234dd67b0e
resnet,mixed,202,bandpass_n20003_cRA_covariance_s20,phase2/results/predictions/full/mixed/resnet/seed_202/bandpass_n20003_cRA_covariance_s20.npz,76402,4c7f7b3798bfb5c8e9027c22f6ba5e21eb5f1b050474b4d4ab408658a7546f26
resnet,mixed,202,bandpass_n20003_cRA_covariance_s15,phase2/results/predictions/full/mixed/resnet/seed_202/bandpass_n20003_cRA_covariance_s15.npz,76406,e68c043ef6b970b1787a7242ceb717a56569d2755d7474c3f06a605b6a1990fb
resnet,mixed,202,bandpass_n20003_cRA_covariance_s10,phase2/results/predictions/full/mixed/resnet/seed_202/bandpass_n20003_cRA_covariance_s10.npz,76295,1c4b18b8b292a55b3291ab0a189ce575c93cc9c67e5bb98c4765d0ae6d2d8874
resnet,mixed,202,bandpass_n20003_cRA_covariance_s5,phase2/results/predictions/full/mixed/resnet/seed_202/bandpass_n20003_cRA_covariance_s5.npz,76143,7c046f8f27bfd756bccc5c30170c65340c251cde732f4f4087547d9e9312bd13
resnet,mixed,202,bandpass_n20003_cRA_covariance_s0,phase2/results/predictions/full/mixed/resnet/seed_202/bandpass_n20003_cRA_covariance_s0.npz,75920,980c3cd8bf9ec5018061b5e082f09b14a5f695969c4fe684418d03904082d709
resnet,mixed,202,bandpass_n20003_cLA_independent_rms_s20,phase2/results/predictions/full/mixed/resnet/seed_202/bandpass_n20003_cLA_independent_rms_s20.npz,76453,a122b64ca1184317a473a1c41bb5b1313e5d9841eda8b392619beb2438798c6b
resnet,mixed,202,bandpass_n20003_cLA_independent_rms_s15,phase2/results/predictions/full/mixed/resnet/seed_202/bandpass_n20003_cLA_independent_rms_s15.npz,76466,35377168bb6f1184fb76aca6eef6e02dee0b964b6f654a6965766bd2b8826327
resnet,mixed,202,bandpass_n20003_cLA_independent_rms_s10,phase2/results/predictions/full/mixed/resnet/seed_202/bandpass_n20003_cLA_independent_rms_s10.npz,76398,af854e00d31b3190ca8de04b12dcd246ef704fbd00271f498db5c581d9d6d7b4
resnet,mixed,202,bandpass_n20003_cLA_independent_rms_s5,phase2/results/predictions/full/mixed/resnet/seed_202/bandpass_n20003_cLA_independent_rms_s5.npz,76250,af8c8cdedf7259c99d75f6f694d54b40630bfeb24354989c4bcb66b83aa6cc86
resnet,mixed,202,bandpass_n20003_cLA_independent_rms_s0,phase2/results/predictions/full/mixed/resnet/seed_202/bandpass_n20003_cLA_independent_rms_s0.npz,75973,7ff36b7eefeeefffc6aeeecc646f390a7382674626ced8b783615d6f7b36898e
resnet,mixed,202,bandpass_n20003_cLA_electrode_s20,phase2/results/predictions/full/mixed/resnet/seed_202/bandpass_n20003_cLA_electrode_s20.npz,76464,dd19b05923369ac60646b6876811922825d43bc496d200088b63616cf74df41e
resnet,mixed,202,bandpass_n20003_cLA_electrode_s15,phase2/results/predictions/full/mixed/resnet/seed_202/bandpass_n20003_cLA_electrode_s15.npz,76433,401e202eba6939a11ee80cc83277f8992a3f694f083ed5fcb2958a4b51360bc2
resnet,mixed,202,bandpass_n20003_cLA_electrode_s10,phase2/results/predictions/full/mixed/resnet/seed_202/bandpass_n20003_cLA_electrode_s10.npz,76378,22a7f8c31591bcad844182c1ed79c1171b9e60fae4597ccea130e899e3467079
resnet,mixed,202,bandpass_n20003_cLA_electrode_s5,phase2/results/predictions/full/mixed/resnet/seed_202/bandpass_n20003_cLA_electrode_s5.npz,76168,e23f4793cfcad90a1ff91d0849750b56d8caa09aae78a527476d83c123dc8ff6
resnet,mixed,202,bandpass_n20003_cLA_electrode_s0,phase2/results/predictions/full/mixed/resnet/seed_202/bandpass_n20003_cLA_electrode_s0.npz,75694,c8ae7b92f0eae36cb91f6472f466a60d86bac5d85edbf085388139cad38baa80
resnet,mixed,202,bandpass_n20003_cLA_covariance_s20,phase2/results/predictions/full/mixed/resnet/seed_202/bandpass_n20003_cLA_covariance_s20.npz,76445,65662654ecdec0f60fb3b068137354798cf255dc8f2123aa68574af65b7e982b
resnet,mixed,202,bandpass_n20003_cLA_covariance_s15,phase2/results/predictions/full/mixed/resnet/seed_202/bandpass_n20003_cLA_covariance_s15.npz,76425,0434486718a4187e75388e42aee70e6d4f96aeb4a24eb8ed701f2a6ee47fbb79
resnet,mixed,202,bandpass_n20003_cLA_covariance_s10,phase2/results/predictions/full/mixed/resnet/seed_202/bandpass_n20003_cLA_covariance_s10.npz,76338,3ccd021cae6011dbe75c3075e8cd4ca29539f026bad03cc2afc65185fbace7e0
resnet,mixed,202,bandpass_n20003_cLA_covariance_s5,phase2/results/predictions/full/mixed/resnet/seed_202/bandpass_n20003_cLA_covariance_s5.npz,76157,46fa9c9d3b1aa54fcb28455764dde9918b395fa69ca0c9c3831be96f30ca0bce
resnet,mixed,202,bandpass_n20003_cLA_covariance_s0,phase2/results/predictions/full/mixed/resnet/seed_202/bandpass_n20003_cLA_covariance_s0.npz,75711,eccf7d50f079e7462283c6406dfcbbe2bbefad6deef5317ecfce05af9e676d35
resnet,mixed,202,bandpass_n20003_cLL_independent_rms_s20,phase2/results/predictions/full/mixed/resnet/seed_202/bandpass_n20003_cLL_independent_rms_s20.npz,76442,e5066dfa98c3cb1674fdeae46cd3a3300ae24739dbbeedeeba03e8af21dbf8ed
resnet,mixed,202,bandpass_n20003_cLL_independent_rms_s15,phase2/results/predictions/full/mixed/resnet/seed_202/bandpass_n20003_cLL_independent_rms_s15.npz,76456,0bd16a1cc02d8f492dd1ec9628191ab8fe210601fcfebbdd6e5b2c67e7fd6b20
resnet,mixed,202,bandpass_n20003_cLL_independent_rms_s10,phase2/results/predictions/full/mixed/resnet/seed_202/bandpass_n20003_cLL_independent_rms_s10.npz,76406,86b39c91a5033c22929c5ebbc24aa8ac5eb10b73512f11e843639aa4bd4ff7bb
resnet,mixed,202,bandpass_n20003_cLL_independent_rms_s5,phase2/results/predictions/full/mixed/resnet/seed_202/bandpass_n20003_cLL_independent_rms_s5.npz,76254,1d24d639c950f5388a47f54e28389cc0e86af7700583f7388fd8783c4fc388bb
resnet,mixed,202,bandpass_n20003_cLL_independent_rms_s0,phase2/results/predictions/full/mixed/resnet/seed_202/bandpass_n20003_cLL_independent_rms_s0.npz,75967,1cc977d5910773149b145a37cace988a92b6fd520913fde0c311256282956693
resnet,mixed,202,bandpass_n20003_cLL_electrode_s20,phase2/results/predictions/full/mixed/resnet/seed_202/bandpass_n20003_cLL_electrode_s20.npz,76430,6ee13869cb879aaf7f174eb4a86dcac21278215e6ba0084f942bfbe77e3df22d
resnet,mixed,202,bandpass_n20003_cLL_electrode_s15,phase2/results/predictions/full/mixed/resnet/seed_202/bandpass_n20003_cLL_electrode_s15.npz,76419,713f675dd25d84f53c95adf3db029a6f32b3cb8cb3438abde034a21f9e17853a
resnet,mixed,202,bandpass_n20003_cLL_electrode_s10,phase2/results/predictions/full/mixed/resnet/seed_202/bandpass_n20003_cLL_electrode_s10.npz,76302,6780bd18661cb973a7b21605c61d606017bf723e70312f1fb40f0b28ada86418
resnet,mixed,202,bandpass_n20003_cLL_electrode_s5,phase2/results/predictions/full/mixed/resnet/seed_202/bandpass_n20003_cLL_electrode_s5.npz,76057,4a7efac2c970fa44fa5f9b3e0aeacf394699520160458840650d0b50cf7ed7d6
resnet,mixed,202,bandpass_n20003_cLL_electrode_s0,phase2/results/predictions/full/mixed/resnet/seed_202/bandpass_n20003_cLL_electrode_s0.npz,75598,eb30d076cf33cc0879e66d546a8ac669d55569f31f830b8f9d861ffd79c7066a
resnet,mixed,202,bandpass_n20003_cLL_covariance_s20,phase2/results/predictions/full/mixed/resnet/seed_202/bandpass_n20003_cLL_covariance_s20.npz,76440,84c6c65afc85e02b775b102ed6ee8b560c07742c1081de5ced6c1642cf376280
resnet,mixed,202,bandpass_n20003_cLL_covariance_s15,phase2/results/predictions/full/mixed/resnet/seed_202/bandpass_n20003_cLL_covariance_s15.npz,76421,d3473cc5230ffc9f136730f31585e42bfadce21391020b1784903d9388f8c0e2
resnet,mixed,202,bandpass_n20003_cLL_covariance_s10,phase2/results/predictions/full/mixed/resnet/seed_202/bandpass_n20003_cLL_covariance_s10.npz,76289,6c6e94df4a41aac8a7968a030ef28e6aad1ced7d67b842669758602a75828653
resnet,mixed,202,bandpass_n20003_cLL_covariance_s5,phase2/results/predictions/full/mixed/resnet/seed_202/bandpass_n20003_cLL_covariance_s5.npz,76074,27f98693f9a0fe65228fe9e64073fcc769b06758e88addd76d4d626599814650
resnet,mixed,202,bandpass_n20003_cLL_covariance_s0,phase2/results/predictions/full/mixed/resnet/seed_202/bandpass_n20003_cLL_covariance_s0.npz,75592,482ed724da3d187aee89dc0482d98d744c3ecb37461909aa938d888a32be0b63
resnet,mixed,202,bandpass_n20003_cRA_V1_independent_rms_s20,phase2/results/predictions/full/mixed/resnet/seed_202/bandpass_n20003_cRA_V1_independent_rms_s20.npz,76497,28878fd0cfac5ccdd111a11fef62ceec1a09be797351597245ffaec311dd12b5
resnet,mixed,202,bandpass_n20003_cRA_V1_independent_rms_s15,phase2/results/predictions/full/mixed/resnet/seed_202/bandpass_n20003_cRA_V1_independent_rms_s15.npz,76425,9abf0ba805d41393a4c9d7b30da3d068dfe314553017b77231eb99ae5254791a
resnet,mixed,202,bandpass_n20003_cRA_V1_independent_rms_s10,phase2/results/predictions/full/mixed/resnet/seed_202/bandpass_n20003_cRA_V1_independent_rms_s10.npz,76413,dd3247665f89293c8162791c425291995db16c87b0babbf23c1f1e6b93ca9510
resnet,mixed,202,bandpass_n20003_cRA_V1_independent_rms_s5,phase2/results/predictions/full/mixed/resnet/seed_202/bandpass_n20003_cRA_V1_independent_rms_s5.npz,76293,75b9f0a9dd0bd9ddb54707c058f9125fb37f01505c5bb9c382cffb9a62f3f07d
resnet,mixed,202,bandpass_n20003_cRA_V1_independent_rms_s0,phase2/results/predictions/full/mixed/resnet/seed_202/bandpass_n20003_cRA_V1_independent_rms_s0.npz,75977,12b635b87ee54a807da6253c2a1d7717fdce6325f164934966b76768e6146b85
resnet,mixed,202,bandpass_n20003_cRA_V1_electrode_s20,phase2/results/predictions/full/mixed/resnet/seed_202/bandpass_n20003_cRA_V1_electrode_s20.npz,76447,c55a19fa58c631a18e74f65a03264f2a394e15847c3e35b22bfb715539bbc768
resnet,mixed,202,bandpass_n20003_cRA_V1_electrode_s15,phase2/results/predictions/full/mixed/resnet/seed_202/bandpass_n20003_cRA_V1_electrode_s15.npz,76452,e17f6d86be70f2cc1d235f2d8ff245230822d08e19015a261c9046866b1d122b
resnet,mixed,202,bandpass_n20003_cRA_V1_electrode_s10,phase2/results/predictions/full/mixed/resnet/seed_202/bandpass_n20003_cRA_V1_electrode_s10.npz,76335,417dd1461795847126c4bfab0cce316112b2aa46fd8936898dd60ecec43ae6bc
resnet,mixed,202,bandpass_n20003_cRA_V1_electrode_s5,phase2/results/predictions/full/mixed/resnet/seed_202/bandpass_n20003_cRA_V1_electrode_s5.npz,76194,8ab074aa6595509fcb0486cc36b8b9f462d0a85ff7e9e7952806e395e86740bf
resnet,mixed,202,bandpass_n20003_cRA_V1_electrode_s0,phase2/results/predictions/full/mixed/resnet/seed_202/bandpass_n20003_cRA_V1_electrode_s0.npz,75909,20ec165772a00a55c293ad603c9a0907eee0cbf31a5ff18c1b08890831076399
resnet,mixed,202,bandpass_n20003_cRA_V1_covariance_s20,phase2/results/predictions/full/mixed/resnet/seed_202/bandpass_n20003_cRA_V1_covariance_s20.npz,76454,4e393edabb44dc4e954098e6302f37515e1f0e080736de34cc47b61be107965b
resnet,mixed,202,bandpass_n20003_cRA_V1_covariance_s15,phase2/results/predictions/full/mixed/resnet/seed_202/bandpass_n20003_cRA_V1_covariance_s15.npz,76438,6077f44c43c9f7d43292ffe81a4d599d8eddb7eac0bd6e4b257ee09d30f2ed0c
resnet,mixed,202,bandpass_n20003_cRA_V1_covariance_s10,phase2/results/predictions/full/mixed/resnet/seed_202/bandpass_n20003_cRA_V1_covariance_s10.npz,76365,bfdc9432a78563a5b76783cb49cc307e670e9d16af80c651f932d1b4d868ed7e
resnet,mixed,202,bandpass_n20003_cRA_V1_covariance_s5,phase2/results/predictions/full/mixed/resnet/seed_202/bandpass_n20003_cRA_V1_covariance_s5.npz,76192,fd138e2a8e0a94661e4adc94d126e86ce739588969e125c449b346d5c39773bc
resnet,mixed,202,bandpass_n20003_cRA_V1_covariance_s0,phase2/results/predictions/full/mixed/resnet/seed_202/bandpass_n20003_cRA_V1_covariance_s0.npz,75924,057ea4ead4c965600347ac22e1def736edf0a0774bea2ed5341feffa695297a1
resnet,mixed,202,bandpass_n20003_cLA_V6_independent_rms_s20,phase2/results/predictions/full/mixed/resnet/seed_202/bandpass_n20003_cLA_V6_independent_rms_s20.npz,76480,330a37b38de8a7aeb3a657f94d443fa48e174bd8fb7c8aca21f93cfa315f01c7
resnet,mixed,202,bandpass_n20003_cLA_V6_independent_rms_s15,phase2/results/predictions/full/mixed/resnet/seed_202/bandpass_n20003_cLA_V6_independent_rms_s15.npz,76466,7673e3b79950416b774f8d529794046b0c9bdbee52c1f8f6d813b4d56e01823c
resnet,mixed,202,bandpass_n20003_cLA_V6_independent_rms_s10,phase2/results/predictions/full/mixed/resnet/seed_202/bandpass_n20003_cLA_V6_independent_rms_s10.npz,76432,3e7e919b416f5dde7e6c6f2471e6c489deaa09d4378a4ac4b742b8812e9d212e
resnet,mixed,202,bandpass_n20003_cLA_V6_independent_rms_s5,phase2/results/predictions/full/mixed/resnet/seed_202/bandpass_n20003_cLA_V6_independent_rms_s5.npz,76299,9809b1565017e6ab16df9236e40f4fc28a693020b6eea5b50192bb3baf317ddb
resnet,mixed,202,bandpass_n20003_cLA_V6_independent_rms_s0,phase2/results/predictions/full/mixed/resnet/seed_202/bandpass_n20003_cLA_V6_independent_rms_s0.npz,75958,da28ea00a6182f3bfb0c80d6533eb4af3883ae04cf9cee96f8ea2677af12686f
resnet,mixed,202,bandpass_n20003_cLA_V6_electrode_s20,phase2/results/predictions/full/mixed/resnet/seed_202/bandpass_n20003_cLA_V6_electrode_s20.npz,76450,c32d33f4ff69181ac68641461ead8c115c49a4d957dbde57a85bbbb3196aeaed
resnet,mixed,202,bandpass_n20003_cLA_V6_electrode_s15,phase2/results/predictions/full/mixed/resnet/seed_202/bandpass_n20003_cLA_V6_electrode_s15.npz,76436,322569b587501a65b01e577b82a1d682405cd3988473e1dcbfd294ae583bd9ce
resnet,mixed,202,bandpass_n20003_cLA_V6_electrode_s10,phase2/results/predictions/full/mixed/resnet/seed_202/bandpass_n20003_cLA_V6_electrode_s10.npz,76382,b89719f397a1ec0f34e64a6f657aa1ddcb71bc734905176ff726d7994561c88c
resnet,mixed,202,bandpass_n20003_cLA_V6_electrode_s5,phase2/results/predictions/full/mixed/resnet/seed_202/bandpass_n20003_cLA_V6_electrode_s5.npz,76192,54ca34751b7e068abab785c811849854be8265df0c99fecb7b47e7b5096518bd
resnet,mixed,202,bandpass_n20003_cLA_V6_electrode_s0,phase2/results/predictions/full/mixed/resnet/seed_202/bandpass_n20003_cLA_V6_electrode_s0.npz,75772,3744615afb7affa98bd474154629109d2f07b155c727c4b39125a5905885f6fd
resnet,mixed,202,bandpass_n20003_cLA_V6_covariance_s20,phase2/results/predictions/full/mixed/resnet/seed_202/bandpass_n20003_cLA_V6_covariance_s20.npz,76460,d2844b8fbb8ade2ab57bce3a42ece8be0fdcc66a3c7a6d2f2cb37b1729de6879
resnet,mixed,202,bandpass_n20003_cLA_V6_covariance_s15,phase2/results/predictions/full/mixed/resnet/seed_202/bandpass_n20003_cLA_V6_covariance_s15.npz,76418,dba50e1c91290b22b780a76c6912a5db9df0e0892a5fedd1c333dc1aa1cdae26
resnet,mixed,202,bandpass_n20003_cLA_V6_covariance_s10,phase2/results/predictions/full/mixed/resnet/seed_202/bandpass_n20003_cLA_V6_covariance_s10.npz,76377,effbf0c35f732702e87c9df809c9dc11259c91cf75fe176c731f4187b0611346
resnet,mixed,202,bandpass_n20003_cLA_V6_covariance_s5,phase2/results/predictions/full/mixed/resnet/seed_202/bandpass_n20003_cLA_V6_covariance_s5.npz,76228,575bdc54ff6d4478b844a064cd1a51cf9db285d9953cf634d8bef6a90ecb1d7a
resnet,mixed,202,bandpass_n20003_cLA_V6_covariance_s0,phase2/results/predictions/full/mixed/resnet/seed_202/bandpass_n20003_cLA_V6_covariance_s0.npz,75768,bb12ec0e8022e866dc5ea106b0c4129891ce2c912d3f4097673f8a5d6ae504df
resnet,mixed,202,bandpass_n20003_cLL_V4_independent_rms_s20,phase2/results/predictions/full/mixed/resnet/seed_202/bandpass_n20003_cLL_V4_independent_rms_s20.npz,76488,9f3158a898eb0efe1feec83e8f368e381d47e7cadeac6cf44b22b2ce9ee0fc33
resnet,mixed,202,bandpass_n20003_cLL_V4_independent_rms_s15,phase2/results/predictions/full/mixed/resnet/seed_202/bandpass_n20003_cLL_V4_independent_rms_s15.npz,76454,cf7f1938987dde9bee3e120b48a8be957cae02e510483c7f7694e7b503e925e5
resnet,mixed,202,bandpass_n20003_cLL_V4_independent_rms_s10,phase2/results/predictions/full/mixed/resnet/seed_202/bandpass_n20003_cLL_V4_independent_rms_s10.npz,76428,f87f2d67f5fca4c2d69854d78cd4e65180e5b19a8c0f4c0c9c1a2e05a1eee919
resnet,mixed,202,bandpass_n20003_cLL_V4_independent_rms_s5,phase2/results/predictions/full/mixed/resnet/seed_202/bandpass_n20003_cLL_V4_independent_rms_s5.npz,76335,a67101d546c766fe48635c917a8d7304c8230d2bdec4773673e74fd0ef25818a
resnet,mixed,202,bandpass_n20003_cLL_V4_independent_rms_s0,phase2/results/predictions/full/mixed/resnet/seed_202/bandpass_n20003_cLL_V4_independent_rms_s0.npz,76012,01c406b22ad2cf9336e859449c491d4429c1300974373130d8e100e811cd2d0a
resnet,mixed,202,bandpass_n20003_cLL_V4_electrode_s20,phase2/results/predictions/full/mixed/resnet/seed_202/bandpass_n20003_cLL_V4_electrode_s20.npz,76434,aded43d260d43f7cbd549992e9a47c89427257e951ca6ae7e4fc5b0aea558f47
resnet,mixed,202,bandpass_n20003_cLL_V4_electrode_s15,phase2/results/predictions/full/mixed/resnet/seed_202/bandpass_n20003_cLL_V4_electrode_s15.npz,76443,57c260522ad87a8c169d437bc353a6065328ba2b574e9a7dc0509cde528759f6
resnet,mixed,202,bandpass_n20003_cLL_V4_electrode_s10,phase2/results/predictions/full/mixed/resnet/seed_202/bandpass_n20003_cLL_V4_electrode_s10.npz,76340,b8b8ffd9cc55052b43d60520c13e9e751478a39d197d4240de8306d2de4af185
resnet,mixed,202,bandpass_n20003_cLL_V4_electrode_s5,phase2/results/predictions/full/mixed/resnet/seed_202/bandpass_n20003_cLL_V4_electrode_s5.npz,76115,aacf5385f316e71faf977ad45f51957778347b2f6759d678cdba10489d36e665
resnet,mixed,202,bandpass_n20003_cLL_V4_electrode_s0,phase2/results/predictions/full/mixed/resnet/seed_202/bandpass_n20003_cLL_V4_electrode_s0.npz,75690,1a1d885547c57779376a39977546c35328f739e599f6bac268aa4d6d86b74dd0
resnet,mixed,202,bandpass_n20003_cLL_V4_covariance_s20,phase2/results/predictions/full/mixed/resnet/seed_202/bandpass_n20003_cLL_V4_covariance_s20.npz,76441,a716a58199c76c5cce41d35b68427ae61473eb025eb31841d9ba1251321ced76
resnet,mixed,202,bandpass_n20003_cLL_V4_covariance_s15,phase2/results/predictions/full/mixed/resnet/seed_202/bandpass_n20003_cLL_V4_covariance_s15.npz,76444,56b91440a68ce9d5dfeb2edf613c0c3021809962393abc923203c3d1e13ef8a2
resnet,mixed,202,bandpass_n20003_cLL_V4_covariance_s10,phase2/results/predictions/full/mixed/resnet/seed_202/bandpass_n20003_cLL_V4_covariance_s10.npz,76339,46527d84ef484ffa1ff0c64d32047c7b94c3c80f8e2a03323d2c2461b1e0b49d
resnet,mixed,202,bandpass_n20003_cLL_V4_covariance_s5,phase2/results/predictions/full/mixed/resnet/seed_202/bandpass_n20003_cLL_V4_covariance_s5.npz,76141,6811ef5db909f2df77a6e7e7807bf6a0115f9232330a40ebbe63242d4cb9fd10
resnet,mixed,202,bandpass_n20003_cLL_V4_covariance_s0,phase2/results/predictions/full/mixed/resnet/seed_202/bandpass_n20003_cLL_V4_covariance_s0.npz,75748,2b74556cd1c9f53e6cfc4657525a3a68d2f1078c4065b3d2f984a131aaaf6a4f
resnet,mixed,202,bandpass_n20003_cRA_LA_V1_V6_independent_rms_s20,phase2/results/predictions/full/mixed/resnet/seed_202/bandpass_n20003_cRA_LA_V1_V6_independent_rms_s20.npz,76481,685839b9000b850f45bf24cd6048503e83b34a1c8fa0d5e84dc8d52d925d700c
resnet,mixed,202,bandpass_n20003_cRA_LA_V1_V6_independent_rms_s15,phase2/results/predictions/full/mixed/resnet/seed_202/bandpass_n20003_cRA_LA_V1_V6_independent_rms_s15.npz,76456,b9ec183e5787068d2a7b36684642357c97d22abbcfefd18229023b4b1dd0131e
resnet,mixed,202,bandpass_n20003_cRA_LA_V1_V6_independent_rms_s10,phase2/results/predictions/full/mixed/resnet/seed_202/bandpass_n20003_cRA_LA_V1_V6_independent_rms_s10.npz,76430,98caa7e676a15fc602e3a55178d83b25dc3153c161e6bcda254c0b3075d01196
resnet,mixed,202,bandpass_n20003_cRA_LA_V1_V6_independent_rms_s5,phase2/results/predictions/full/mixed/resnet/seed_202/bandpass_n20003_cRA_LA_V1_V6_independent_rms_s5.npz,76328,1ab84d16cc6c3766691a549d1468582124f681c3e14ccca6a454137e5afcdfd1
resnet,mixed,202,bandpass_n20003_cRA_LA_V1_V6_independent_rms_s0,phase2/results/predictions/full/mixed/resnet/seed_202/bandpass_n20003_cRA_LA_V1_V6_independent_rms_s0.npz,75985,4dab8f6dbc5e6c744ffb47b28b130349f57c9e7c85b617d5f4554ef28aed27d0
resnet,mixed,202,bandpass_n20003_cRA_LA_V1_V6_electrode_s20,phase2/results/predictions/full/mixed/resnet/seed_202/bandpass_n20003_cRA_LA_V1_V6_electrode_s20.npz,76477,8b7956867a21d4b943f74016a1093519aff469d8d4dce783c65747a5ed0221ad
resnet,mixed,202,bandpass_n20003_cRA_LA_V1_V6_electrode_s15,phase2/results/predictions/full/mixed/resnet/seed_202/bandpass_n20003_cRA_LA_V1_V6_electrode_s15.npz,76444,8a27a3fd333575af55ab89d02250d208df9b5412a468bde8ee751c83ada84f45
resnet,mixed,202,bandpass_n20003_cRA_LA_V1_V6_electrode_s10,phase2/results/predictions/full/mixed/resnet/seed_202/bandpass_n20003_cRA_LA_V1_V6_electrode_s10.npz,76335,81d1311d85898cc87e30fa5ec998d2785f0f9ffdf80fbf4cffd7fb8a2051bd71
resnet,mixed,202,bandpass_n20003_cRA_LA_V1_V6_electrode_s5,phase2/results/predictions/full/mixed/resnet/seed_202/bandpass_n20003_cRA_LA_V1_V6_electrode_s5.npz,76210,5420aec799f42c77da32523e90c33518a348df3638f1834a2c28250ff0cc73e0
resnet,mixed,202,bandpass_n20003_cRA_LA_V1_V6_electrode_s0,phase2/results/predictions/full/mixed/resnet/seed_202/bandpass_n20003_cRA_LA_V1_V6_electrode_s0.npz,75846,e50fba83134b5595e86748ffa5453346122ce5a2caea01a847373779477fd16a
resnet,mixed,202,bandpass_n20003_cRA_LA_V1_V6_covariance_s20,phase2/results/predictions/full/mixed/resnet/seed_202/bandpass_n20003_cRA_LA_V1_V6_covariance_s20.npz,76447,dac3637372294f432607291246e7ddd3ccfa8e1996a6af67e1cbafee8da9d023
resnet,mixed,202,bandpass_n20003_cRA_LA_V1_V6_covariance_s15,phase2/results/predictions/full/mixed/resnet/seed_202/bandpass_n20003_cRA_LA_V1_V6_covariance_s15.npz,76448,a62705e70ed61c20e93c81f5ded0723ab2b7b265a776df97c30023cf2737a285
resnet,mixed,202,bandpass_n20003_cRA_LA_V1_V6_covariance_s10,phase2/results/predictions/full/mixed/resnet/seed_202/bandpass_n20003_cRA_LA_V1_V6_covariance_s10.npz,76370,f29eaa844c2337696e93bd7deeca12406a9d5ba74e75c646073b15b087799f88
resnet,mixed,202,bandpass_n20003_cRA_LA_V1_V6_covariance_s5,phase2/results/predictions/full/mixed/resnet/seed_202/bandpass_n20003_cRA_LA_V1_V6_covariance_s5.npz,76226,5ac6c73a8b0cf4c008d0a7a256c6289f6436c8d6b690b83cfdaec031a2d42b15
resnet,mixed,202,bandpass_n20003_cRA_LA_V1_V6_covariance_s0,phase2/results/predictions/full/mixed/resnet/seed_202/bandpass_n20003_cRA_LA_V1_V6_covariance_s0.npz,75843,498e923711dfe247ce6c7c0af031442627d48f60247454862a6ed4926d91101e
resnet,mixed,202,bandpass_n20003_cRA_V2_V5_independent_rms_s20,phase2/results/predictions/full/mixed/resnet/seed_202/bandpass_n20003_cRA_V2_V5_independent_rms_s20.npz,76493,d94d7e4832fa4fec3b6963f8f61bb71d50491c8230cd8087bc3a535d2139ac0e
resnet,mixed,202,bandpass_n20003_cRA_V2_V5_independent_rms_s15,phase2/results/predictions/full/mixed/resnet/seed_202/bandpass_n20003_cRA_V2_V5_independent_rms_s15.npz,76456,9c8dbe626e2ebfc512fe014a65d7537ddcc42d9b7072cad0418b32d5a802e603
resnet,mixed,202,bandpass_n20003_cRA_V2_V5_independent_rms_s10,phase2/results/predictions/full/mixed/resnet/seed_202/bandpass_n20003_cRA_V2_V5_independent_rms_s10.npz,76384,d58b62575b57e0e076cc959193cdf1e87df960185b13b18cfa71d466c963aadb
resnet,mixed,202,bandpass_n20003_cRA_V2_V5_independent_rms_s5,phase2/results/predictions/full/mixed/resnet/seed_202/bandpass_n20003_cRA_V2_V5_independent_rms_s5.npz,76307,ed0af45153a23cc5976c9fa28c94059a2733d9ea40ae626a370aaa523c67280d
resnet,mixed,202,bandpass_n20003_cRA_V2_V5_independent_rms_s0,phase2/results/predictions/full/mixed/resnet/seed_202/bandpass_n20003_cRA_V2_V5_independent_rms_s0.npz,76041,6cc61dd98d3527c8f5ea332cbef7cf312ddb04fa281a11013841fb39f05332b6
resnet,mixed,202,bandpass_n20003_cRA_V2_V5_electrode_s20,phase2/results/predictions/full/mixed/resnet/seed_202/bandpass_n20003_cRA_V2_V5_electrode_s20.npz,76470,75a6ad93b15628aba3ef801cae4ebb128da0bf1479847f94491b5b08910c4f8e
resnet,mixed,202,bandpass_n20003_cRA_V2_V5_electrode_s15,phase2/results/predictions/full/mixed/resnet/seed_202/bandpass_n20003_cRA_V2_V5_electrode_s15.npz,76434,5f0a039169d8500c0484bb90096227b5c64c0f2f06128b7637c24ba682f1173c
resnet,mixed,202,bandpass_n20003_cRA_V2_V5_electrode_s10,phase2/results/predictions/full/mixed/resnet/seed_202/bandpass_n20003_cRA_V2_V5_electrode_s10.npz,76368,1e449eff9cfbc705da582477c4e8985f2c588678b16117c10de78507c485ea6d
resnet,mixed,202,bandpass_n20003_cRA_V2_V5_electrode_s5,phase2/results/predictions/full/mixed/resnet/seed_202/bandpass_n20003_cRA_V2_V5_electrode_s5.npz,76178,68d3edc125a814d96af9470f031a6c1972ed26af27ba4374db23695cf6095b0c
resnet,mixed,202,bandpass_n20003_cRA_V2_V5_electrode_s0,phase2/results/predictions/full/mixed/resnet/seed_202/bandpass_n20003_cRA_V2_V5_electrode_s0.npz,75919,288f9cf284b6e727afd5430d643afd817ea124d49e4530cc6eca08f51fe46c35
resnet,mixed,202,bandpass_n20003_cRA_V2_V5_covariance_s20,phase2/results/predictions/full/mixed/resnet/seed_202/bandpass_n20003_cRA_V2_V5_covariance_s20.npz,76450,ed5c150697ad1c202909e8df4524cf0fa9b323c206713df52928e3c6f90d8243
resnet,mixed,202,bandpass_n20003_cRA_V2_V5_covariance_s15,phase2/results/predictions/full/mixed/resnet/seed_202/bandpass_n20003_cRA_V2_V5_covariance_s15.npz,76442,c4960efe9f971e3bfa5a71f4b8f5e16c2656904a13520111e38e285a528a17b4
resnet,mixed,202,bandpass_n20003_cRA_V2_V5_covariance_s10,phase2/results/predictions/full/mixed/resnet/seed_202/bandpass_n20003_cRA_V2_V5_covariance_s10.npz,76379,83a72380c3d88b7ba70a670d218e45018053b806f74302470042853976ebee78
resnet,mixed,202,bandpass_n20003_cRA_V2_V5_covariance_s5,phase2/results/predictions/full/mixed/resnet/seed_202/bandpass_n20003_cRA_V2_V5_covariance_s5.npz,76219,fa0845f9d1fb747d9ea1b54cbb56a1ca2cbf1bd91affac999e414c764a8064d5
resnet,mixed,202,bandpass_n20003_cRA_V2_V5_covariance_s0,phase2/results/predictions/full/mixed/resnet/seed_202/bandpass_n20003_cRA_V2_V5_covariance_s0.npz,75964,d9d1d3b2c32a211ee9efc9c511da6d6c6dafe91ded4aa3283b8f778e900b9a76
resnet,mixed,202,bandpass_n20003_cLA_V3_V6_independent_rms_s20,phase2/results/predictions/full/mixed/resnet/seed_202/bandpass_n20003_cLA_V3_V6_independent_rms_s20.npz,76469,0aed87d6b7a3ddbf46339cab0a959c38bbd494b1abc9e3bfed2053b5365ecc71
resnet,mixed,202,bandpass_n20003_cLA_V3_V6_independent_rms_s15,phase2/results/predictions/full/mixed/resnet/seed_202/bandpass_n20003_cLA_V3_V6_independent_rms_s15.npz,76462,885a4712056167d3dddfa3579777aa6ed73786c5645496af43b28fd115e1b1d0
resnet,mixed,202,bandpass_n20003_cLA_V3_V6_independent_rms_s10,phase2/results/predictions/full/mixed/resnet/seed_202/bandpass_n20003_cLA_V3_V6_independent_rms_s10.npz,76441,421a9cbc59eb475dd6c0f04e602d6217ca317933ef43377beb7286689d0a62ee
resnet,mixed,202,bandpass_n20003_cLA_V3_V6_independent_rms_s5,phase2/results/predictions/full/mixed/resnet/seed_202/bandpass_n20003_cLA_V3_V6_independent_rms_s5.npz,76339,0da1394d4f026c88d42b17e454d31d5b5218c81fd6c08bc4687ae758dbd4c7b5
resnet,mixed,202,bandpass_n20003_cLA_V3_V6_independent_rms_s0,phase2/results/predictions/full/mixed/resnet/seed_202/bandpass_n20003_cLA_V3_V6_independent_rms_s0.npz,75992,5ca5858aabb619e195e42e74ca242b871bb415f9c76b14fc2998d0ec06558e1f
resnet,mixed,202,bandpass_n20003_cLA_V3_V6_electrode_s20,phase2/results/predictions/full/mixed/resnet/seed_202/bandpass_n20003_cLA_V3_V6_electrode_s20.npz,76472,fc44070fb18323c5fc1f430bf617ce8c7706b2e7c1b1586bc93fe6af804d9b35
resnet,mixed,202,bandpass_n20003_cLA_V3_V6_electrode_s15,phase2/results/predictions/full/mixed/resnet/seed_202/bandpass_n20003_cLA_V3_V6_electrode_s15.npz,76455,ebe51c487f0cb88e486358f6f349fa6102511e089b8fb024e1e127822d9ee7f9
resnet,mixed,202,bandpass_n20003_cLA_V3_V6_electrode_s10,phase2/results/predictions/full/mixed/resnet/seed_202/bandpass_n20003_cLA_V3_V6_electrode_s10.npz,76367,4d17459da26d2feef35dca21358198d862490234296db0716120569241d2aace
resnet,mixed,202,bandpass_n20003_cLA_V3_V6_electrode_s5,phase2/results/predictions/full/mixed/resnet/seed_202/bandpass_n20003_cLA_V3_V6_electrode_s5.npz,76267,7dd3a786b37c35e24c8aececa51c2035eae47dc646164b85cc11886267980956
resnet,mixed,202,bandpass_n20003_cLA_V3_V6_electrode_s0,phase2/results/predictions/full/mixed/resnet/seed_202/bandpass_n20003_cLA_V3_V6_electrode_s0.npz,75882,d2bc78c4a7f9954f9d69b8e29903a0e6ea2b4d60b27865aabe3f99579121497b
resnet,mixed,202,bandpass_n20003_cLA_V3_V6_covariance_s20,phase2/results/predictions/full/mixed/resnet/seed_202/bandpass_n20003_cLA_V3_V6_covariance_s20.npz,76487,e9b046a353129baa9caea64737bf8e7a4983287706c144a502426175422be622
resnet,mixed,202,bandpass_n20003_cLA_V3_V6_covariance_s15,phase2/results/predictions/full/mixed/resnet/seed_202/bandpass_n20003_cLA_V3_V6_covariance_s15.npz,76458,171a07d9f088ca5f582171237fd1fea99bee90b35c88b2abcd0f21e81f7b8143
resnet,mixed,202,bandpass_n20003_cLA_V3_V6_covariance_s10,phase2/results/predictions/full/mixed/resnet/seed_202/bandpass_n20003_cLA_V3_V6_covariance_s10.npz,76371,3baf6362c624b24d87a14f1154a63646eb1d54256db177da59b30ee96fc5370d
resnet,mixed,202,bandpass_n20003_cLA_V3_V6_covariance_s5,phase2/results/predictions/full/mixed/resnet/seed_202/bandpass_n20003_cLA_V3_V6_covariance_s5.npz,76251,591c316b039fd834bd49f309f858c3df9851ec4bd9650d33a31c9a69c047899c
resnet,mixed,202,bandpass_n20003_cLA_V3_V6_covariance_s0,phase2/results/predictions/full/mixed/resnet/seed_202/bandpass_n20003_cLA_V3_V6_covariance_s0.npz,75818,6543da56bd9adb5b8865e68e0c8d966dedcd3426582055f31699fa4a0cb53e5d
resnet,mixed,202,bandpass_n20003_cLL_V1_V4_independent_rms_s20,phase2/results/predictions/full/mixed/resnet/seed_202/bandpass_n20003_cLL_V1_V4_independent_rms_s20.npz,76476,2dc3ba2942aad445b23586977f32bf988101074745d6effd71fc2bfbbc2387cd
resnet,mixed,202,bandpass_n20003_cLL_V1_V4_independent_rms_s15,phase2/results/predictions/full/mixed/resnet/seed_202/bandpass_n20003_cLL_V1_V4_independent_rms_s15.npz,76442,d625debab24b2c96bcf296c85d3d3e59951c02dfb2a77d85fecf6d4960d936fe
resnet,mixed,202,bandpass_n20003_cLL_V1_V4_independent_rms_s10,phase2/results/predictions/full/mixed/resnet/seed_202/bandpass_n20003_cLL_V1_V4_independent_rms_s10.npz,76419,96b6e8008b908d50b9c37b8f666126c971d01cc6b0d961a0955ab08d615ed2a7
resnet,mixed,202,bandpass_n20003_cLL_V1_V4_independent_rms_s5,phase2/results/predictions/full/mixed/resnet/seed_202/bandpass_n20003_cLL_V1_V4_independent_rms_s5.npz,76321,a574e0f7035c1893974e9fad4cc2bb65b1a053e6ff7447d8a811014e9af7f267
resnet,mixed,202,bandpass_n20003_cLL_V1_V4_independent_rms_s0,phase2/results/predictions/full/mixed/resnet/seed_202/bandpass_n20003_cLL_V1_V4_independent_rms_s0.npz,76023,048e517181b4234cf085946317e75ef6c7331af77edfb0a2b19e6f5c35a9c087
resnet,mixed,202,bandpass_n20003_cLL_V1_V4_electrode_s20,phase2/results/predictions/full/mixed/resnet/seed_202/bandpass_n20003_cLL_V1_V4_electrode_s20.npz,76447,5043eb240ec899a4741b2b726e4c10df6e893688e986b6087412d72861082f78
resnet,mixed,202,bandpass_n20003_cLL_V1_V4_electrode_s15,phase2/results/predictions/full/mixed/resnet/seed_202/bandpass_n20003_cLL_V1_V4_electrode_s15.npz,76460,7a062dc12d343c5eac6121882f2780575166a412365d2177aeb91481ebb572c3
resnet,mixed,202,bandpass_n20003_cLL_V1_V4_electrode_s10,phase2/results/predictions/full/mixed/resnet/seed_202/bandpass_n20003_cLL_V1_V4_electrode_s10.npz,76357,959e0498159bfa9a38855593968c4c63a117c514e6e10cf62a3e7615d0319853
resnet,mixed,202,bandpass_n20003_cLL_V1_V4_electrode_s5,phase2/results/predictions/full/mixed/resnet/seed_202/bandpass_n20003_cLL_V1_V4_electrode_s5.npz,76164,f3419b83379500555dbe0b4fe65b3956d6b0c6e8d5eb27342178f433741d8d75
resnet,mixed,202,bandpass_n20003_cLL_V1_V4_electrode_s0,phase2/results/predictions/full/mixed/resnet/seed_202/bandpass_n20003_cLL_V1_V4_electrode_s0.npz,75755,8e3e599ad1d16d3583e1c4f81906293c58ba9ffbd926d08ecb93d77d74ef92c5
resnet,mixed,202,bandpass_n20003_cLL_V1_V4_covariance_s20,phase2/results/predictions/full/mixed/resnet/seed_202/bandpass_n20003_cLL_V1_V4_covariance_s20.npz,76455,31e6875bd23eb928f1dd1cc5b80defb0f348c28e4a83c844260133a4458d63e4
resnet,mixed,202,bandpass_n20003_cLL_V1_V4_covariance_s15,phase2/results/predictions/full/mixed/resnet/seed_202/bandpass_n20003_cLL_V1_V4_covariance_s15.npz,76408,a23f7e73c24071bb65730a0d2b5f244e56cd8cb9fb66d095af11b107c34e1c5c
resnet,mixed,202,bandpass_n20003_cLL_V1_V4_covariance_s10,phase2/results/predictions/full/mixed/resnet/seed_202/bandpass_n20003_cLL_V1_V4_covariance_s10.npz,76362,1f97b5e7fe6f196614ce274daed99b2e715a234b2b796f878bb2814d0a66765c
resnet,mixed,202,bandpass_n20003_cLL_V1_V4_covariance_s5,phase2/results/predictions/full/mixed/resnet/seed_202/bandpass_n20003_cLL_V1_V4_covariance_s5.npz,76181,785e9a916b95183785a3e3558001f86c4a4b5ae3a425c897c79ee30cf2d8ad2f
resnet,mixed,202,bandpass_n20003_cLL_V1_V4_covariance_s0,phase2/results/predictions/full/mixed/resnet/seed_202/bandpass_n20003_cLL_V1_V4_covariance_s0.npz,75722,2027e4fd914bc8f894ce61af75753d899913aa47eb4befd3979a808be97c57d9
resnet,mixed,202,bandpass_n20003_call_independent_rms_s20,phase2/results/predictions/full/mixed/resnet/seed_202/bandpass_n20003_call_independent_rms_s20.npz,76421,9cf39bfa3d02bbd9bc105b2d5f659da0f82018b1c10098bd6f0b572d08b4536a
resnet,mixed,202,bandpass_n20003_call_independent_rms_s15,phase2/results/predictions/full/mixed/resnet/seed_202/bandpass_n20003_call_independent_rms_s15.npz,76462,fe0d71d17f6ae44fe3364fc07faa12a14ac5956907737306b732f230aaca9ff1
resnet,mixed,202,bandpass_n20003_call_independent_rms_s10,phase2/results/predictions/full/mixed/resnet/seed_202/bandpass_n20003_call_independent_rms_s10.npz,76395,1b4c91c00f3135381edd4787af0c3367ae4cf53d00557625913ca86baa5ce4e1
resnet,mixed,202,bandpass_n20003_call_independent_rms_s5,phase2/results/predictions/full/mixed/resnet/seed_202/bandpass_n20003_call_independent_rms_s5.npz,76291,3cfb286030cab4b080fcf19c98fd488496f8fd964476a3a376fc355b8aad61cb
resnet,mixed,202,bandpass_n20003_call_independent_rms_s0,phase2/results/predictions/full/mixed/resnet/seed_202/bandpass_n20003_call_independent_rms_s0.npz,76006,dea5f9df546bc79d4dd02ce51a26973f608c0aa483fa091e974752245542eb50
resnet,mixed,202,bandpass_n20003_call_electrode_s20,phase2/results/predictions/full/mixed/resnet/seed_202/bandpass_n20003_call_electrode_s20.npz,76418,01529e285d125f4e741b579e58c6afb7152ccbe3ffe1fd44b85009bb242ce772
resnet,mixed,202,bandpass_n20003_call_electrode_s15,phase2/results/predictions/full/mixed/resnet/seed_202/bandpass_n20003_call_electrode_s15.npz,76415,3ef933cc9e3f362da04028b28e8ff242354bfd1669f20917ff79c9d09a67d6b0
resnet,mixed,202,bandpass_n20003_call_electrode_s10,phase2/results/predictions/full/mixed/resnet/seed_202/bandpass_n20003_call_electrode_s10.npz,76341,21503b70f50209338c6bd60067cef98653c90bbaa873008255286ae6216f58f1
resnet,mixed,202,bandpass_n20003_call_electrode_s5,phase2/results/predictions/full/mixed/resnet/seed_202/bandpass_n20003_call_electrode_s5.npz,76188,aef97ef5508cccba0baf8ed92859842df202158920b7f6ad8fa22f41ad4ebd0c
resnet,mixed,202,bandpass_n20003_call_electrode_s0,phase2/results/predictions/full/mixed/resnet/seed_202/bandpass_n20003_call_electrode_s0.npz,75796,1c8ffcbacb2bed920e6c8531cae9051fd6b14f67fca9ffb4769f50e97098778c
resnet,mixed,202,bandpass_n20003_call_covariance_s20,phase2/results/predictions/full/mixed/resnet/seed_202/bandpass_n20003_call_covariance_s20.npz,76414,5ffb79ce758919f2670348c1d09a300894f6d3f623eef82abd979b499389672a
resnet,mixed,202,bandpass_n20003_call_covariance_s15,phase2/results/predictions/full/mixed/resnet/seed_202/bandpass_n20003_call_covariance_s15.npz,76406,d95696db1e9d98d1f3caa118593425458c2f3a7a8485b9167ab4b9aaebf15105
resnet,mixed,202,bandpass_n20003_call_covariance_s10,phase2/results/predictions/full/mixed/resnet/seed_202/bandpass_n20003_call_covariance_s10.npz,76337,f20b5bf4fdf6621b7fceff93578ed64ee81903eb231a2b3fc35dd34523f896f1
resnet,mixed,202,bandpass_n20003_call_covariance_s5,phase2/results/predictions/full/mixed/resnet/seed_202/bandpass_n20003_call_covariance_s5.npz,76178,5f0cadbeef4c3b1a2d612dc7a1d0782971a2fca8196901806890fdb9f31b625f
resnet,mixed,202,bandpass_n20003_call_covariance_s0,phase2/results/predictions/full/mixed/resnet/seed_202/bandpass_n20003_call_covariance_s0.npz,75809,55b51eaf5f9fd970b10ffbbea01892de1032a3f2685db53d8cd93f3a66cbe451
resnet,mixed,202,bandpass_n20004_cRA_LA_LL_independent_rms_s20,phase2/results/predictions/full/mixed/resnet/seed_202/bandpass_n20004_cRA_LA_LL_independent_rms_s20.npz,76469,88e3d74a42477b6c76ffa7b0f420834b54743465db685a8084830467be558dcf
resnet,mixed,202,bandpass_n20004_cRA_LA_LL_independent_rms_s15,phase2/results/predictions/full/mixed/resnet/seed_202/bandpass_n20004_cRA_LA_LL_independent_rms_s15.npz,76439,271c771c55df58b095c0b3af4da426956e87d5dd42e799b0da1aa1f2f7fd1f02
resnet,mixed,202,bandpass_n20004_cRA_LA_LL_independent_rms_s10,phase2/results/predictions/full/mixed/resnet/seed_202/bandpass_n20004_cRA_LA_LL_independent_rms_s10.npz,76445,8ec2ec489b84ffd2eeeb8c8ebe7fbbaa04684e73759973bd996390acbe534bcf
resnet,mixed,202,bandpass_n20004_cRA_LA_LL_independent_rms_s5,phase2/results/predictions/full/mixed/resnet/seed_202/bandpass_n20004_cRA_LA_LL_independent_rms_s5.npz,76345,5c0919a9d7ea4c4495c468aa471cb7f3fd1925664af5ce3f488c1e277723553b
resnet,mixed,202,bandpass_n20004_cRA_LA_LL_independent_rms_s0,phase2/results/predictions/full/mixed/resnet/seed_202/bandpass_n20004_cRA_LA_LL_independent_rms_s0.npz,75982,582826869be7c989cab9625d8038ebf1264d89592cd76121c5dcf22326d97c2c
resnet,mixed,202,bandpass_n20004_cRA_LA_LL_electrode_s20,phase2/results/predictions/full/mixed/resnet/seed_202/bandpass_n20004_cRA_LA_LL_electrode_s20.npz,76412,344b186e60cf62335c7db1508a070fb5d570ef8d35db56981f4ac226c6b68684
resnet,mixed,202,bandpass_n20004_cRA_LA_LL_electrode_s15,phase2/results/predictions/full/mixed/resnet/seed_202/bandpass_n20004_cRA_LA_LL_electrode_s15.npz,76388,931c22abdc53134a34dbaff2f8183fc40adff0fc30f0e3aec588d92ecf2dc099
resnet,mixed,202,bandpass_n20004_cRA_LA_LL_electrode_s10,phase2/results/predictions/full/mixed/resnet/seed_202/bandpass_n20004_cRA_LA_LL_electrode_s10.npz,76348,aca8c89dbee36a10cfa0386422d501ef6153c2c80be196d24d21469be1c1c81d
resnet,mixed,202,bandpass_n20004_cRA_LA_LL_electrode_s5,phase2/results/predictions/full/mixed/resnet/seed_202/bandpass_n20004_cRA_LA_LL_electrode_s5.npz,76136,01078146705d80f817085a024f5fe1c67536f61137357dc94495751b903a2e9c
resnet,mixed,202,bandpass_n20004_cRA_LA_LL_electrode_s0,phase2/results/predictions/full/mixed/resnet/seed_202/bandpass_n20004_cRA_LA_LL_electrode_s0.npz,75705,1becffc6e7fdd722a13304f12a9bf46a9bc8495e0926cb520ee2f6cabfb0f9d0
resnet,mixed,202,bandpass_n20004_cRA_LA_LL_covariance_s20,phase2/results/predictions/full/mixed/resnet/seed_202/bandpass_n20004_cRA_LA_LL_covariance_s20.npz,76441,9c6ba0a0f5635341a8d250669855637aac672dfc2d9ccc02fcfc2f19b824ee57
resnet,mixed,202,bandpass_n20004_cRA_LA_LL_covariance_s15,phase2/results/predictions/full/mixed/resnet/seed_202/bandpass_n20004_cRA_LA_LL_covariance_s15.npz,76395,a0a086ac77209e70b03eaed3c701570d847f17e96d0c5379d8abd33f39c5ad38
resnet,mixed,202,bandpass_n20004_cRA_LA_LL_covariance_s10,phase2/results/predictions/full/mixed/resnet/seed_202/bandpass_n20004_cRA_LA_LL_covariance_s10.npz,76347,ca41553e433860487abdbe622a620742ceb5ec7f1f9cad0df09418902f1b82f9
resnet,mixed,202,bandpass_n20004_cRA_LA_LL_covariance_s5,phase2/results/predictions/full/mixed/resnet/seed_202/bandpass_n20004_cRA_LA_LL_covariance_s5.npz,76168,ca33456e772eacfccca99568d257723c3afe95b0c5515d3b44660a376661fbd7
resnet,mixed,202,bandpass_n20004_cRA_LA_LL_covariance_s0,phase2/results/predictions/full/mixed/resnet/seed_202/bandpass_n20004_cRA_LA_LL_covariance_s0.npz,75733,758d9f8406667717a8480718a85f1d2d1597a884354ca53ac1add285d836b9b5
resnet,mixed,202,bandpass_n20004_cV1_independent_rms_s20,phase2/results/predictions/full/mixed/resnet/seed_202/bandpass_n20004_cV1_independent_rms_s20.npz,76455,aad00e0b734e4b25fdfc725352e2da2eea603561b7b64cba7efb6665180536f2
resnet,mixed,202,bandpass_n20004_cV1_independent_rms_s15,phase2/results/predictions/full/mixed/resnet/seed_202/bandpass_n20004_cV1_independent_rms_s15.npz,76424,108c88a83acb64c9af3b70c9f6a560aa578d8558fb15b9b7ae30c6aae0f55c84
resnet,mixed,202,bandpass_n20004_cV1_independent_rms_s10,phase2/results/predictions/full/mixed/resnet/seed_202/bandpass_n20004_cV1_independent_rms_s10.npz,76419,6a2e7bf99d22c67e088f36aae54d7d8391b0d47a7407a2eb9d1a44ca35dfec75
resnet,mixed,202,bandpass_n20004_cV1_independent_rms_s5,phase2/results/predictions/full/mixed/resnet/seed_202/bandpass_n20004_cV1_independent_rms_s5.npz,76222,5d036960101d2973ea6ac5b1a1f3a4e2ffd088e3f1d247dfda2398a5a08156f8
resnet,mixed,202,bandpass_n20004_cV1_independent_rms_s0,phase2/results/predictions/full/mixed/resnet/seed_202/bandpass_n20004_cV1_independent_rms_s0.npz,75783,521ce48da1671d301a4a484ad9f3616c44d2d13022db47d1dfab003463f07993
resnet,mixed,202,bandpass_n20004_cV1_electrode_s20,phase2/results/predictions/full/mixed/resnet/seed_202/bandpass_n20004_cV1_electrode_s20.npz,76444,ea4c3d5444a2e36cf32b233c9ec87b8d3d9f50deb31c75b56bd43e2ac3ac7c77
resnet,mixed,202,bandpass_n20004_cV1_electrode_s15,phase2/results/predictions/full/mixed/resnet/seed_202/bandpass_n20004_cV1_electrode_s15.npz,76416,901735c1a09eef8be86c26416a372f1c19c109ff2aade1b5c373b70fb464a380
resnet,mixed,202,bandpass_n20004_cV1_electrode_s10,phase2/results/predictions/full/mixed/resnet/seed_202/bandpass_n20004_cV1_electrode_s10.npz,76398,5f3b04b8817146273639033055d3a853b76d8720f46edc6048d8814eb0a34e4f
resnet,mixed,202,bandpass_n20004_cV1_electrode_s5,phase2/results/predictions/full/mixed/resnet/seed_202/bandpass_n20004_cV1_electrode_s5.npz,76207,208b3dcc23733375b11c57731dde343ff36f50bd5b1525f8b22bbeb26dfb6433
resnet,mixed,202,bandpass_n20004_cV1_electrode_s0,phase2/results/predictions/full/mixed/resnet/seed_202/bandpass_n20004_cV1_electrode_s0.npz,75775,4b98c3578922d81f3a1a1f85453e94e1cab860a52fd5f3d18ea48aeb2688caf8
resnet,mixed,202,bandpass_n20004_cV1_covariance_s20,phase2/results/predictions/full/mixed/resnet/seed_202/bandpass_n20004_cV1_covariance_s20.npz,76432,82b86d62836d1e583083d7446d0ac699bc8e60e7d9c9d82091c154bd10d647b2
resnet,mixed,202,bandpass_n20004_cV1_covariance_s15,phase2/results/predictions/full/mixed/resnet/seed_202/bandpass_n20004_cV1_covariance_s15.npz,76401,704428ce6cc4d2bea29e238e41f0b8365c7a0a867c7b7392a0f3b5485f80679a
resnet,mixed,202,bandpass_n20004_cV1_covariance_s10,phase2/results/predictions/full/mixed/resnet/seed_202/bandpass_n20004_cV1_covariance_s10.npz,76403,6d4ace084fefac37bd08d9e33f86317f3ceb4f3db0aa6c705c8549f9a86c611f
resnet,mixed,202,bandpass_n20004_cV1_covariance_s5,phase2/results/predictions/full/mixed/resnet/seed_202/bandpass_n20004_cV1_covariance_s5.npz,76232,810ee6350fa6e47c2c304514f372c4c3933599e391e8906522cec51a6b558f25
resnet,mixed,202,bandpass_n20004_cV1_covariance_s0,phase2/results/predictions/full/mixed/resnet/seed_202/bandpass_n20004_cV1_covariance_s0.npz,75793,2324ee36682cded197414180f5e989142a043f6676635941944ee23117d7d16f
resnet,mixed,202,bandpass_n20004_cV2_independent_rms_s20,phase2/results/predictions/full/mixed/resnet/seed_202/bandpass_n20004_cV2_independent_rms_s20.npz,76439,549ab08ff9a11bdc24903d37c67bafb44857375037bf024b15b6e0677f4a6e0b
resnet,mixed,202,bandpass_n20004_cV2_independent_rms_s15,phase2/results/predictions/full/mixed/resnet/seed_202/bandpass_n20004_cV2_independent_rms_s15.npz,76439,a5167d6c22b0950aef4c4a29d12fa9144d8f09c6d1199d8a75f278d1a0ee8b3a
resnet,mixed,202,bandpass_n20004_cV2_independent_rms_s10,phase2/results/predictions/full/mixed/resnet/seed_202/bandpass_n20004_cV2_independent_rms_s10.npz,76401,42aec7f9d78b2d22ce2fb9f73ea86368497991c235d0825e62923caf54463045
resnet,mixed,202,bandpass_n20004_cV2_independent_rms_s5,phase2/results/predictions/full/mixed/resnet/seed_202/bandpass_n20004_cV2_independent_rms_s5.npz,76377,1d85cb6c571360f29c256d269719b62b76ef19632d8feabf193cb6b34659a331
resnet,mixed,202,bandpass_n20004_cV2_independent_rms_s0,phase2/results/predictions/full/mixed/resnet/seed_202/bandpass_n20004_cV2_independent_rms_s0.npz,76054,6c314e1d0790b95f911ee9168048f6115b5d01e17191dae038943ed0dd9a00cd
resnet,mixed,202,bandpass_n20004_cV2_electrode_s20,phase2/results/predictions/full/mixed/resnet/seed_202/bandpass_n20004_cV2_electrode_s20.npz,76459,baa1cfc04d860acd899cea8d9d5bde41202940c46b02e3d25208c44301dbe540
resnet,mixed,202,bandpass_n20004_cV2_electrode_s15,phase2/results/predictions/full/mixed/resnet/seed_202/bandpass_n20004_cV2_electrode_s15.npz,76425,6009e54e2dc74342786c63394ede74e59dd2d4446bddfd576ee2d18f56b61f6f
resnet,mixed,202,bandpass_n20004_cV2_electrode_s10,phase2/results/predictions/full/mixed/resnet/seed_202/bandpass_n20004_cV2_electrode_s10.npz,76424,10f5a3038d0063f45abb70e08d7574c248d07659cc092db060b2b8a0754339e7
resnet,mixed,202,bandpass_n20004_cV2_electrode_s5,phase2/results/predictions/full/mixed/resnet/seed_202/bandpass_n20004_cV2_electrode_s5.npz,76295,ba10b6aad97dd16602cdaf946d6d3f433216a30ea7e94320bd9fd93684ba6c7a
resnet,mixed,202,bandpass_n20004_cV2_electrode_s0,phase2/results/predictions/full/mixed/resnet/seed_202/bandpass_n20004_cV2_electrode_s0.npz,76032,6eac74bf987993edb97b600eb5bc607691abd8e763f2589887e17e9356d23daf
resnet,mixed,202,bandpass_n20004_cV2_covariance_s20,phase2/results/predictions/full/mixed/resnet/seed_202/bandpass_n20004_cV2_covariance_s20.npz,76500,81b766e886df5312aa4e6f5c018922b5f0ac70520eb1aa73caae4a714d01bb6d
resnet,mixed,202,bandpass_n20004_cV2_covariance_s15,phase2/results/predictions/full/mixed/resnet/seed_202/bandpass_n20004_cV2_covariance_s15.npz,76416,749aada08c62c94e2ba198b0b3cc8a0b015ca2aad25802ebaef6e0b6cd637dfd
resnet,mixed,202,bandpass_n20004_cV2_covariance_s10,phase2/results/predictions/full/mixed/resnet/seed_202/bandpass_n20004_cV2_covariance_s10.npz,76407,e8049a0d28c3855f2175dc58f6247be1be1f754f216302cf2f6b308e20a0ad0d
resnet,mixed,202,bandpass_n20004_cV2_covariance_s5,phase2/results/predictions/full/mixed/resnet/seed_202/bandpass_n20004_cV2_covariance_s5.npz,76327,332e5ad0ae311f2d1d7b9090d5773a0b1958c5ea2e8bc27f8ead30c002672bd6
resnet,mixed,202,bandpass_n20004_cV2_covariance_s0,phase2/results/predictions/full/mixed/resnet/seed_202/bandpass_n20004_cV2_covariance_s0.npz,76025,51c3520101c046f7a0a73daf1b5f2cf2898588e2bcb85be48611bdc39d202f8e
resnet,mixed,202,bandpass_n20004_cV3_independent_rms_s20,phase2/results/predictions/full/mixed/resnet/seed_202/bandpass_n20004_cV3_independent_rms_s20.npz,76482,b719abea6f88015caf502ffee24fdcbc587c752a7f6425868a8b21334a8f46bf
resnet,mixed,202,bandpass_n20004_cV3_independent_rms_s15,phase2/results/predictions/full/mixed/resnet/seed_202/bandpass_n20004_cV3_independent_rms_s15.npz,76448,0fb2c658c84d073911c9eb0ce4d7f4322a73b99a4f985002e1f098d506917574
resnet,mixed,202,bandpass_n20004_cV3_independent_rms_s10,phase2/results/predictions/full/mixed/resnet/seed_202/bandpass_n20004_cV3_independent_rms_s10.npz,76425,521e7ecfcd5561c968d247c2cf8b5733e91eab311b637723fe7251ce19274df3
resnet,mixed,202,bandpass_n20004_cV3_independent_rms_s5,phase2/results/predictions/full/mixed/resnet/seed_202/bandpass_n20004_cV3_independent_rms_s5.npz,76413,8d82dc356b1db28aeae18c23689cd75f85e3f638c0e3c5a15659da9339dd6be6
resnet,mixed,202,bandpass_n20004_cV3_independent_rms_s0,phase2/results/predictions/full/mixed/resnet/seed_202/bandpass_n20004_cV3_independent_rms_s0.npz,76218,3825e9ca6ace259cfcf10afb5898f0e3988ad5b1cf179aaff1701628ec00a3f6
resnet,mixed,202,bandpass_n20004_cV3_electrode_s20,phase2/results/predictions/full/mixed/resnet/seed_202/bandpass_n20004_cV3_electrode_s20.npz,76455,ff717c09677a03ac3b9f58bf9aefbddbcfd55d2bfbec75c561ab21077c2843e0
resnet,mixed,202,bandpass_n20004_cV3_electrode_s15,phase2/results/predictions/full/mixed/resnet/seed_202/bandpass_n20004_cV3_electrode_s15.npz,76466,8ee09bc617e602efab2a602b6b5814f4f361929c7d56fd4bda80c60bc351be5a
resnet,mixed,202,bandpass_n20004_cV3_electrode_s10,phase2/results/predictions/full/mixed/resnet/seed_202/bandpass_n20004_cV3_electrode_s10.npz,76450,982c2c95fa32c08af3cd276523a3e65d483419e1c4fd68e7890a292a0aafa50e
resnet,mixed,202,bandpass_n20004_cV3_electrode_s5,phase2/results/predictions/full/mixed/resnet/seed_202/bandpass_n20004_cV3_electrode_s5.npz,76437,73d17e538d882ec6f052d98f466157e27ca2d7439e719990279d9caa8d119a62
resnet,mixed,202,bandpass_n20004_cV3_electrode_s0,phase2/results/predictions/full/mixed/resnet/seed_202/bandpass_n20004_cV3_electrode_s0.npz,76240,042754366f69a58a314fbce113ecec73ca3632b72016a65c92b43cbbdd672164
resnet,mixed,202,bandpass_n20004_cV3_covariance_s20,phase2/results/predictions/full/mixed/resnet/seed_202/bandpass_n20004_cV3_covariance_s20.npz,76468,373ac29b042532fedf82f0cccefff058d1304649b0b8fbf069909ad902f022c2
resnet,mixed,202,bandpass_n20004_cV3_covariance_s15,phase2/results/predictions/full/mixed/resnet/seed_202/bandpass_n20004_cV3_covariance_s15.npz,76448,152335a3c293ff06cf13f8ff5a5da7821ad98876d47fc11d9add3b93d05db2d9
resnet,mixed,202,bandpass_n20004_cV3_covariance_s10,phase2/results/predictions/full/mixed/resnet/seed_202/bandpass_n20004_cV3_covariance_s10.npz,76498,d2e27fdcd548d7b4767c29960a7b32b8194f3d3981a3b4f02d77a3b37db1b220
resnet,mixed,202,bandpass_n20004_cV3_covariance_s5,phase2/results/predictions/full/mixed/resnet/seed_202/bandpass_n20004_cV3_covariance_s5.npz,76410,2c9c75b64a7a9bec12bda414952dd051b29516a0cbe02664d6a2726aa2a86000
resnet,mixed,202,bandpass_n20004_cV3_covariance_s0,phase2/results/predictions/full/mixed/resnet/seed_202/bandpass_n20004_cV3_covariance_s0.npz,76209,8aae404cd1edbd9f298856c1874eb6da329ccbd45f5ff096caf04845860d121b
resnet,mixed,202,bandpass_n20004_cV4_independent_rms_s20,phase2/results/predictions/full/mixed/resnet/seed_202/bandpass_n20004_cV4_independent_rms_s20.npz,76450,84e282ff0e736067a4da802ceb0d2863f4f784c59de2300e5d470c81c81c1024
resnet,mixed,202,bandpass_n20004_cV4_independent_rms_s15,phase2/results/predictions/full/mixed/resnet/seed_202/bandpass_n20004_cV4_independent_rms_s15.npz,76450,54a59a4aa058349524805542508de440daa126ee294973a3ec7d6548d654c8d4
resnet,mixed,202,bandpass_n20004_cV4_independent_rms_s10,phase2/results/predictions/full/mixed/resnet/seed_202/bandpass_n20004_cV4_independent_rms_s10.npz,76440,f27ffc88fbb8b5bd7401ae2cac05b9f348d73071ba6e72ddf952bfca825753c9
resnet,mixed,202,bandpass_n20004_cV4_independent_rms_s5,phase2/results/predictions/full/mixed/resnet/seed_202/bandpass_n20004_cV4_independent_rms_s5.npz,76343,562c8a2be859874134e6ea199bc1a067e32c6ce8656d394d26eb4b5dce2aeba1
resnet,mixed,202,bandpass_n20004_cV4_independent_rms_s0,phase2/results/predictions/full/mixed/resnet/seed_202/bandpass_n20004_cV4_independent_rms_s0.npz,76059,e2fd61e87f7ab5bb4b26f22e30b4dd4728f721a329ed01e5ea6448ab06389e6e
resnet,mixed,202,bandpass_n20004_cV4_electrode_s20,phase2/results/predictions/full/mixed/resnet/seed_202/bandpass_n20004_cV4_electrode_s20.npz,76466,7545eedf1172ae637a11de3ea5b83881d33eb9e56ca504a637e9238b19c3c039
resnet,mixed,202,bandpass_n20004_cV4_electrode_s15,phase2/results/predictions/full/mixed/resnet/seed_202/bandpass_n20004_cV4_electrode_s15.npz,76413,096748c02ede0a1d631a8e44c1ef2a81092c58deb48b5977fb2720dbb5b439a4
resnet,mixed,202,bandpass_n20004_cV4_electrode_s10,phase2/results/predictions/full/mixed/resnet/seed_202/bandpass_n20004_cV4_electrode_s10.npz,76418,7981d6cfa1dcc41935b4a6b83fc8d1822fe106b3835e477965f7bd65ca0dfdbe
resnet,mixed,202,bandpass_n20004_cV4_electrode_s5,phase2/results/predictions/full/mixed/resnet/seed_202/bandpass_n20004_cV4_electrode_s5.npz,76334,58d6d11821741408d6a5d090867000db6fa9e14e515d9b2eb8997094e72ba28f
resnet,mixed,202,bandpass_n20004_cV4_electrode_s0,phase2/results/predictions/full/mixed/resnet/seed_202/bandpass_n20004_cV4_electrode_s0.npz,76034,1b46d3b69ad942c72fb0e8be084f286395b64a5142d60cfd4888f818b7648f7e
resnet,mixed,202,bandpass_n20004_cV4_covariance_s20,phase2/results/predictions/full/mixed/resnet/seed_202/bandpass_n20004_cV4_covariance_s20.npz,76427,10833d003b73963102904cf9f1b707bc7a0dce617126920ac16f1445dcade10d
resnet,mixed,202,bandpass_n20004_cV4_covariance_s15,phase2/results/predictions/full/mixed/resnet/seed_202/bandpass_n20004_cV4_covariance_s15.npz,76420,1d4090fbd9d2d0e092052f89e6e7d94480497172c1a882c304bebd8e0c9d6f77
resnet,mixed,202,bandpass_n20004_cV4_covariance_s10,phase2/results/predictions/full/mixed/resnet/seed_202/bandpass_n20004_cV4_covariance_s10.npz,76427,9a3591d618c81479611e53ebc4f66108959501f352278a98c6cb2772aab707ca
resnet,mixed,202,bandpass_n20004_cV4_covariance_s5,phase2/results/predictions/full/mixed/resnet/seed_202/bandpass_n20004_cV4_covariance_s5.npz,76310,6327cb03f3ea0da0ad45d0d41fa8a601593b8eedcadd54fd8147e571824fe2d2
resnet,mixed,202,bandpass_n20004_cV4_covariance_s0,phase2/results/predictions/full/mixed/resnet/seed_202/bandpass_n20004_cV4_covariance_s0.npz,76050,d0985dc19cf6af55a73dbf21ae48b67ab4bfd278a0519e09169ed060ba9b9e3a
resnet,mixed,202,bandpass_n20004_cV5_independent_rms_s20,phase2/results/predictions/full/mixed/resnet/seed_202/bandpass_n20004_cV5_independent_rms_s20.npz,76475,9d5d0f5600473cd83beb96724c132bfd2111f459c8831bed160cf724ce3aec7e
resnet,mixed,202,bandpass_n20004_cV5_independent_rms_s15,phase2/results/predictions/full/mixed/resnet/seed_202/bandpass_n20004_cV5_independent_rms_s15.npz,76418,57e3f8716b2961b40b9ddf7e102e8ef83a33afd7280377fd495f2e63a1a08b47
resnet,mixed,202,bandpass_n20004_cV5_independent_rms_s10,phase2/results/predictions/full/mixed/resnet/seed_202/bandpass_n20004_cV5_independent_rms_s10.npz,76411,f74afd3a76d11c8b411ec338696d8fdb271cf657de0202c0073d547cfa9a16bf
resnet,mixed,202,bandpass_n20004_cV5_independent_rms_s5,phase2/results/predictions/full/mixed/resnet/seed_202/bandpass_n20004_cV5_independent_rms_s5.npz,76297,86e0bbe0f8aa1113b153f6a419c4a79cc6b25101d698bffdd998b5735ef31393
resnet,mixed,202,bandpass_n20004_cV5_independent_rms_s0,phase2/results/predictions/full/mixed/resnet/seed_202/bandpass_n20004_cV5_independent_rms_s0.npz,76017,5e918797ed3ee7e50c20b85b65b95dad7e6dfe062d66a0fcf30be930867bb28e
resnet,mixed,202,bandpass_n20004_cV5_electrode_s20,phase2/results/predictions/full/mixed/resnet/seed_202/bandpass_n20004_cV5_electrode_s20.npz,76456,1302cf3238ed9d64d7a781b547d4de6d6474521861e66e7a2fc4fd437781e841
resnet,mixed,202,bandpass_n20004_cV5_electrode_s15,phase2/results/predictions/full/mixed/resnet/seed_202/bandpass_n20004_cV5_electrode_s15.npz,76436,09108bdb29a1c3113bc770320eeed3eff759688483d192f4061234ad0191642c
resnet,mixed,202,bandpass_n20004_cV5_electrode_s10,phase2/results/predictions/full/mixed/resnet/seed_202/bandpass_n20004_cV5_electrode_s10.npz,76407,c489db12d0c9c80914a15205c06b91730153802000b4c4ba463d21258c606e77
resnet,mixed,202,bandpass_n20004_cV5_electrode_s5,phase2/results/predictions/full/mixed/resnet/seed_202/bandpass_n20004_cV5_electrode_s5.npz,76314,2843f191aa1f3569a3958e8379bee993ae14ad09dff3364dd783737a480a9174
resnet,mixed,202,bandpass_n20004_cV5_electrode_s0,phase2/results/predictions/full/mixed/resnet/seed_202/bandpass_n20004_cV5_electrode_s0.npz,75972,2db57a30ac2cc52ec060a6e077623f5839f4adfd8f945fa302064b48a43b4e2a
resnet,mixed,202,bandpass_n20004_cV5_covariance_s20,phase2/results/predictions/full/mixed/resnet/seed_202/bandpass_n20004_cV5_covariance_s20.npz,76419,259481496dcc059015ffcae32b730d361e3908cbd0f27555454da3f597372036
resnet,mixed,202,bandpass_n20004_cV5_covariance_s15,phase2/results/predictions/full/mixed/resnet/seed_202/bandpass_n20004_cV5_covariance_s15.npz,76429,5594b4b040b2736295f857b36f3e64b2a367d5dc2453a982c7d501453bf410ea
resnet,mixed,202,bandpass_n20004_cV5_covariance_s10,phase2/results/predictions/full/mixed/resnet/seed_202/bandpass_n20004_cV5_covariance_s10.npz,76409,3fc8113d2296239aa72ef6cfa0d77ee02dbf230aac17cfe2d3f7ad053360594f
resnet,mixed,202,bandpass_n20004_cV5_covariance_s5,phase2/results/predictions/full/mixed/resnet/seed_202/bandpass_n20004_cV5_covariance_s5.npz,76258,f6725f62e830269a3959728ef49cc1182994ba0c24e112d961b99d7219dbe59d
resnet,mixed,202,bandpass_n20004_cV5_covariance_s0,phase2/results/predictions/full/mixed/resnet/seed_202/bandpass_n20004_cV5_covariance_s0.npz,76021,9a4ce08806725d1f41b74c7ab2e37253b7103ff33bec80f2d971715f380c1d8c
resnet,mixed,202,bandpass_n20004_cV6_independent_rms_s20,phase2/results/predictions/full/mixed/resnet/seed_202/bandpass_n20004_cV6_independent_rms_s20.npz,76437,91a3d94fc0dc0e5e48eab3b84b31b21474c088af901ab81b9d3bb8fb3e31cd8e
resnet,mixed,202,bandpass_n20004_cV6_independent_rms_s15,phase2/results/predictions/full/mixed/resnet/seed_202/bandpass_n20004_cV6_independent_rms_s15.npz,76432,bdfe276c877a3b071db70e03e1443764b530a533b57aba84f0eadb4a263eee0a
resnet,mixed,202,bandpass_n20004_cV6_independent_rms_s10,phase2/results/predictions/full/mixed/resnet/seed_202/bandpass_n20004_cV6_independent_rms_s10.npz,76410,0d701ebb0f23df44c9e3eb858bcf5a4b811a89cbd1282291a1eeea283bd5bfcb
resnet,mixed,202,bandpass_n20004_cV6_independent_rms_s5,phase2/results/predictions/full/mixed/resnet/seed_202/bandpass_n20004_cV6_independent_rms_s5.npz,76273,f57016234fbc67fbbc11a9bfccfcda6812de0ddbd8ae496706c09b42eb38ee2b
resnet,mixed,202,bandpass_n20004_cV6_independent_rms_s0,phase2/results/predictions/full/mixed/resnet/seed_202/bandpass_n20004_cV6_independent_rms_s0.npz,75964,df2d4e1a78f5896dd8f6670eb2c1cb6eaca976c68967eea38b2698b1e8e901a8
resnet,mixed,202,bandpass_n20004_cV6_electrode_s20,phase2/results/predictions/full/mixed/resnet/seed_202/bandpass_n20004_cV6_electrode_s20.npz,76413,226e8a2fa755715f9d9e5114cec9b3279b61dacaa31031802f01080fc4e1189f
resnet,mixed,202,bandpass_n20004_cV6_electrode_s15,phase2/results/predictions/full/mixed/resnet/seed_202/bandpass_n20004_cV6_electrode_s15.npz,76441,ef09cf598d203ddd26530d488a231a0eb89bc2dbda2ced7d773ce808390ca728
resnet,mixed,202,bandpass_n20004_cV6_electrode_s10,phase2/results/predictions/full/mixed/resnet/seed_202/bandpass_n20004_cV6_electrode_s10.npz,76360,b5588e2b30bcc83c33fc444ed4967cb7b554192260dbf691f88b14585a428a3d
resnet,mixed,202,bandpass_n20004_cV6_electrode_s5,phase2/results/predictions/full/mixed/resnet/seed_202/bandpass_n20004_cV6_electrode_s5.npz,76238,496fcf35f39fc1bfe232308897be8b9ea09e8a0c4ecc3c11d3ee231a476e3d29
resnet,mixed,202,bandpass_n20004_cV6_electrode_s0,phase2/results/predictions/full/mixed/resnet/seed_202/bandpass_n20004_cV6_electrode_s0.npz,75934,cdb7326fe443ee1f2683c3cba4679608c29d4146c64b678d022681af76ebebdc
resnet,mixed,202,bandpass_n20004_cV6_covariance_s20,phase2/results/predictions/full/mixed/resnet/seed_202/bandpass_n20004_cV6_covariance_s20.npz,76430,ea9a9e3a65abd635cabba4976a1f79e449e15e4b985637121df38abc308813eb
resnet,mixed,202,bandpass_n20004_cV6_covariance_s15,phase2/results/predictions/full/mixed/resnet/seed_202/bandpass_n20004_cV6_covariance_s15.npz,76401,ca1c525662b802485356a8b32944ca43e7463d42da01c0bf6173a3bc8eb93ef7
resnet,mixed,202,bandpass_n20004_cV6_covariance_s10,phase2/results/predictions/full/mixed/resnet/seed_202/bandpass_n20004_cV6_covariance_s10.npz,76376,0b6d722329b57a6cb8ae9431f2d4424c6a4ae807d3b1b0a9fbd2069f3f421491
resnet,mixed,202,bandpass_n20004_cV6_covariance_s5,phase2/results/predictions/full/mixed/resnet/seed_202/bandpass_n20004_cV6_covariance_s5.npz,76247,d858ecacd676abcb8f4ad8f7281945396e5e40505b118ae8ab1f59cee6143aff
resnet,mixed,202,bandpass_n20004_cV6_covariance_s0,phase2/results/predictions/full/mixed/resnet/seed_202/bandpass_n20004_cV6_covariance_s0.npz,75922,4d9e7cbb51f66fd36df472053e0f01b20974947c8043dc83b45dfbe68d3e2e6b
resnet,mixed,202,bandpass_n20004_cRA_LA_independent_rms_s20,phase2/results/predictions/full/mixed/resnet/seed_202/bandpass_n20004_cRA_LA_independent_rms_s20.npz,76470,284a7fee8edae4ca892c82868e45dd0b5ad9e10fc3a1ae21226e78301fba3cbb
resnet,mixed,202,bandpass_n20004_cRA_LA_independent_rms_s15,phase2/results/predictions/full/mixed/resnet/seed_202/bandpass_n20004_cRA_LA_independent_rms_s15.npz,76454,3b145153fa99b4b920d6444c54458bd340080b8578d156fdbb28bec5202d6400
resnet,mixed,202,bandpass_n20004_cRA_LA_independent_rms_s10,phase2/results/predictions/full/mixed/resnet/seed_202/bandpass_n20004_cRA_LA_independent_rms_s10.npz,76388,f54dd155b10def445d9e5aa0f9fdb9f0cc663d25fddac72d5393fa7a9f0c3933
resnet,mixed,202,bandpass_n20004_cRA_LA_independent_rms_s5,phase2/results/predictions/full/mixed/resnet/seed_202/bandpass_n20004_cRA_LA_independent_rms_s5.npz,76283,03f98731bf61bdd8769a36254e7ca978b22666d1c890d9e3c133edaa2b218856
resnet,mixed,202,bandpass_n20004_cRA_LA_independent_rms_s0,phase2/results/predictions/full/mixed/resnet/seed_202/bandpass_n20004_cRA_LA_independent_rms_s0.npz,75957,d83b4032a14c3eda3128e00d6e282c54db2523bad12dc9558d89476c3a127d6d
resnet,mixed,202,bandpass_n20004_cRA_LA_electrode_s20,phase2/results/predictions/full/mixed/resnet/seed_202/bandpass_n20004_cRA_LA_electrode_s20.npz,76423,4279784457fd13fe0defa1615d791531ec9d89c3195d07b2c2c2c78fbf2ae41d
resnet,mixed,202,bandpass_n20004_cRA_LA_electrode_s15,phase2/results/predictions/full/mixed/resnet/seed_202/bandpass_n20004_cRA_LA_electrode_s15.npz,76451,5e0b203c54d1399255bd72d3b0e7b0bc7549527afbd8365a3e3f85b88f60b71c
resnet,mixed,202,bandpass_n20004_cRA_LA_electrode_s10,phase2/results/predictions/full/mixed/resnet/seed_202/bandpass_n20004_cRA_LA_electrode_s10.npz,76331,7c85fc8c71ba3ceb0f8d45ea826140dde407aed683fb75f88c9660ed01e22306
resnet,mixed,202,bandpass_n20004_cRA_LA_electrode_s5,phase2/results/predictions/full/mixed/resnet/seed_202/bandpass_n20004_cRA_LA_electrode_s5.npz,76149,4162546017eef8c87611b61cb9192fba796ef0b1dbc7800c1f4c2a02ee102c41
resnet,mixed,202,bandpass_n20004_cRA_LA_electrode_s0,phase2/results/predictions/full/mixed/resnet/seed_202/bandpass_n20004_cRA_LA_electrode_s0.npz,75780,10b533a84ae60180e2faaf36241512c0b391840d247b21cb681774d95f84fe7f
resnet,mixed,202,bandpass_n20004_cRA_LA_covariance_s20,phase2/results/predictions/full/mixed/resnet/seed_202/bandpass_n20004_cRA_LA_covariance_s20.npz,76443,b19ebba9bb5f041b9158d377e79f24eec9a08aa76cf34a57d9a64e62cbb8be99
resnet,mixed,202,bandpass_n20004_cRA_LA_covariance_s15,phase2/results/predictions/full/mixed/resnet/seed_202/bandpass_n20004_cRA_LA_covariance_s15.npz,76420,f76b375a7c0dfe46756c90ea21968a65ad04d51bef8e59987212f691333f7919
resnet,mixed,202,bandpass_n20004_cRA_LA_covariance_s10,phase2/results/predictions/full/mixed/resnet/seed_202/bandpass_n20004_cRA_LA_covariance_s10.npz,76365,739a17467f4d9478f71b8cc513aae390a153339c3cee06a62a4343343106857b
resnet,mixed,202,bandpass_n20004_cRA_LA_covariance_s5,phase2/results/predictions/full/mixed/resnet/seed_202/bandpass_n20004_cRA_LA_covariance_s5.npz,76141,6081cc0f53948c3baaa1ac5dc75e4b00c001d268114c3136d0424b33800cfdfe
resnet,mixed,202,bandpass_n20004_cRA_LA_covariance_s0,phase2/results/predictions/full/mixed/resnet/seed_202/bandpass_n20004_cRA_LA_covariance_s0.npz,75828,50ed88a040b4a89d8d7e8be69997dc22289c090cfd6cb4f6576d3eaa0b6f1739
resnet,mixed,202,bandpass_n20004_cLA_LL_independent_rms_s20,phase2/results/predictions/full/mixed/resnet/seed_202/bandpass_n20004_cLA_LL_independent_rms_s20.npz,76454,746f50f3cd0484fb07037ac7b78aa739ca382067388711082af38658ed99927a
resnet,mixed,202,bandpass_n20004_cLA_LL_independent_rms_s15,phase2/results/predictions/full/mixed/resnet/seed_202/bandpass_n20004_cLA_LL_independent_rms_s15.npz,76447,0e4bceffbb049e8f4e9a1d6186accd533cb3d922a96271f0c4b6f45a5190fa68
resnet,mixed,202,bandpass_n20004_cLA_LL_independent_rms_s10,phase2/results/predictions/full/mixed/resnet/seed_202/bandpass_n20004_cLA_LL_independent_rms_s10.npz,76396,3fdbdb8880449808d121991f7b562a9d1763186a6c5b5eea7342f971d85f1381
resnet,mixed,202,bandpass_n20004_cLA_LL_independent_rms_s5,phase2/results/predictions/full/mixed/resnet/seed_202/bandpass_n20004_cLA_LL_independent_rms_s5.npz,76263,4d2c5a593a343d89188c56f495baed00b3440a96953f0ec853c5dc6183f83bfc
resnet,mixed,202,bandpass_n20004_cLA_LL_independent_rms_s0,phase2/results/predictions/full/mixed/resnet/seed_202/bandpass_n20004_cLA_LL_independent_rms_s0.npz,75999,192adb593c4ad44eb72a7092adc372eea87728923e1a0a9ae7805b937d36ebbc
resnet,mixed,202,bandpass_n20004_cLA_LL_electrode_s20,phase2/results/predictions/full/mixed/resnet/seed_202/bandpass_n20004_cLA_LL_electrode_s20.npz,76424,98ec3d53652cfc2c787114f56720aa7ee69f445e1d79d2eea29e65c28c7cee26
resnet,mixed,202,bandpass_n20004_cLA_LL_electrode_s15,phase2/results/predictions/full/mixed/resnet/seed_202/bandpass_n20004_cLA_LL_electrode_s15.npz,76376,57914edd314b8c27b8cb042c581ab53be9232ded93309d7ce51bc9f50a6937f7
resnet,mixed,202,bandpass_n20004_cLA_LL_electrode_s10,phase2/results/predictions/full/mixed/resnet/seed_202/bandpass_n20004_cLA_LL_electrode_s10.npz,76335,1f36cb4e0b061a74bda52663577ef452210527c8656d549c7af6935903af5eee
resnet,mixed,202,bandpass_n20004_cLA_LL_electrode_s5,phase2/results/predictions/full/mixed/resnet/seed_202/bandpass_n20004_cLA_LL_electrode_s5.npz,76149,3629aa32b2d2040b2e45c64fce1b5b2066d6a5bcd267af5d63ab057a2843bee6
resnet,mixed,202,bandpass_n20004_cLA_LL_electrode_s0,phase2/results/predictions/full/mixed/resnet/seed_202/bandpass_n20004_cLA_LL_electrode_s0.npz,75629,e9815235959231eeb39f8fb4424e6a5eed234fc610f6f68a9789cf51ff308034
resnet,mixed,202,bandpass_n20004_cLA_LL_covariance_s20,phase2/results/predictions/full/mixed/resnet/seed_202/bandpass_n20004_cLA_LL_covariance_s20.npz,76455,3b60aeab43e58f91fad912d14e5f4e22448e189fa0168f2b7f6430e2b1a0dd3f
resnet,mixed,202,bandpass_n20004_cLA_LL_covariance_s15,phase2/results/predictions/full/mixed/resnet/seed_202/bandpass_n20004_cLA_LL_covariance_s15.npz,76423,387d17a460ce3f237d6f2ea0567f952476956b80b6d9a2ea0770d50c821614e9
resnet,mixed,202,bandpass_n20004_cLA_LL_covariance_s10,phase2/results/predictions/full/mixed/resnet/seed_202/bandpass_n20004_cLA_LL_covariance_s10.npz,76353,59b2563824a70af89e286f6d0b80546e0cfc4229adb805406cac5dbab89f4e82
resnet,mixed,202,bandpass_n20004_cLA_LL_covariance_s5,phase2/results/predictions/full/mixed/resnet/seed_202/bandpass_n20004_cLA_LL_covariance_s5.npz,76140,f45e7412f54b2f2a133f16e844b0bc3f307f2dd7bda092a6890d1ac497b54855
resnet,mixed,202,bandpass_n20004_cLA_LL_covariance_s0,phase2/results/predictions/full/mixed/resnet/seed_202/bandpass_n20004_cLA_LL_covariance_s0.npz,75653,e75c4bad1f22c6dad9ddd556ee6a749713564aaec311a81aff0003c310cd57d2
resnet,mixed,202,bandpass_n20004_cRA_LL_independent_rms_s20,phase2/results/predictions/full/mixed/resnet/seed_202/bandpass_n20004_cRA_LL_independent_rms_s20.npz,76448,df166db183c59c32be5c41f1ae7ead3d3a2296a86cb7f3ad68164b5994803afb
resnet,mixed,202,bandpass_n20004_cRA_LL_independent_rms_s15,phase2/results/predictions/full/mixed/resnet/seed_202/bandpass_n20004_cRA_LL_independent_rms_s15.npz,76434,2e0addf6421758292fc12bd59a0c1e5ea69ea4dba4c83ce490d4da13b2b08c41
resnet,mixed,202,bandpass_n20004_cRA_LL_independent_rms_s10,phase2/results/predictions/full/mixed/resnet/seed_202/bandpass_n20004_cRA_LL_independent_rms_s10.npz,76418,2afe0ce6a76c8ebc86f29e6af823562819888d8c5d433f5f7c302bdabd472743
resnet,mixed,202,bandpass_n20004_cRA_LL_independent_rms_s5,phase2/results/predictions/full/mixed/resnet/seed_202/bandpass_n20004_cRA_LL_independent_rms_s5.npz,76253,1935750356aeded38b8ffaa91a5b2bf85dbfbb0751085a12fc188a3893bd811e
resnet,mixed,202,bandpass_n20004_cRA_LL_independent_rms_s0,phase2/results/predictions/full/mixed/resnet/seed_202/bandpass_n20004_cRA_LL_independent_rms_s0.npz,75988,35ae06d5438b41de3f4cfcf38981c9ef7cd7226433ea6442ac98ebd2133fc6ea
resnet,mixed,202,bandpass_n20004_cRA_LL_electrode_s20,phase2/results/predictions/full/mixed/resnet/seed_202/bandpass_n20004_cRA_LL_electrode_s20.npz,76451,c78a373425684053f5c745110a3056c1353eb7899641995d1d192cf2df6c0eb9
resnet,mixed,202,bandpass_n20004_cRA_LL_electrode_s15,phase2/results/predictions/full/mixed/resnet/seed_202/bandpass_n20004_cRA_LL_electrode_s15.npz,76396,2d6e54c1e6e33cf5baf431a704199cd810b8f1d0483005ee774c7c72345d21f4
resnet,mixed,202,bandpass_n20004_cRA_LL_electrode_s10,phase2/results/predictions/full/mixed/resnet/seed_202/bandpass_n20004_cRA_LL_electrode_s10.npz,76324,7239e8814dcc4cbaf3a3def5fc914ce0d07eabcdd6c21bc13a72eaf30be9744a
resnet,mixed,202,bandpass_n20004_cRA_LL_electrode_s5,phase2/results/predictions/full/mixed/resnet/seed_202/bandpass_n20004_cRA_LL_electrode_s5.npz,76112,e29793ecb21d12f0b148c9ee2f33d7e5db72a5b44b62b62520a1a646cb71731b
resnet,mixed,202,bandpass_n20004_cRA_LL_electrode_s0,phase2/results/predictions/full/mixed/resnet/seed_202/bandpass_n20004_cRA_LL_electrode_s0.npz,75762,3ac8e96d396bd2f74d7a68d240b2a62ae419d581fdc222c6b2048261a73b0a45
resnet,mixed,202,bandpass_n20004_cRA_LL_covariance_s20,phase2/results/predictions/full/mixed/resnet/seed_202/bandpass_n20004_cRA_LL_covariance_s20.npz,76443,0c1655a08f9b067bbf3bfb85e1253e1b4eb3deaf418412419c4be9936457ec26
resnet,mixed,202,bandpass_n20004_cRA_LL_covariance_s15,phase2/results/predictions/full/mixed/resnet/seed_202/bandpass_n20004_cRA_LL_covariance_s15.npz,76430,e3efc897792dfeaa8ef65179b261bcd11b09de75f96821d8ca4d97abeb3a13ef
resnet,mixed,202,bandpass_n20004_cRA_LL_covariance_s10,phase2/results/predictions/full/mixed/resnet/seed_202/bandpass_n20004_cRA_LL_covariance_s10.npz,76318,4cf06f551e15b18e7e61245b08c2c7faeec1e2ca417bbdc3022a1cb44b8bff21
resnet,mixed,202,bandpass_n20004_cRA_LL_covariance_s5,phase2/results/predictions/full/mixed/resnet/seed_202/bandpass_n20004_cRA_LL_covariance_s5.npz,76132,da207edd06070304492d80c4174928bb8ece934996f08b4210f93eb999141b23
resnet,mixed,202,bandpass_n20004_cRA_LL_covariance_s0,phase2/results/predictions/full/mixed/resnet/seed_202/bandpass_n20004_cRA_LL_covariance_s0.npz,75725,d3c7261cdccd279da83aad8eecb7f184d81d9c22f5b85325283a11b57b0c3b05
resnet,mixed,202,bandpass_n20004_cRA_independent_rms_s20,phase2/results/predictions/full/mixed/resnet/seed_202/bandpass_n20004_cRA_independent_rms_s20.npz,76444,a08ec89c91c0f368baecb7064d834f09db794bb6a88b9a20a2f36163c5cc5799
resnet,mixed,202,bandpass_n20004_cRA_independent_rms_s15,phase2/results/predictions/full/mixed/resnet/seed_202/bandpass_n20004_cRA_independent_rms_s15.npz,76432,363a856deb5323a892f2810d627d2c782bc3ed9eb3c43527090c5fda3825b2a7
resnet,mixed,202,bandpass_n20004_cRA_independent_rms_s10,phase2/results/predictions/full/mixed/resnet/seed_202/bandpass_n20004_cRA_independent_rms_s10.npz,76418,4258121f10b0b7813bd174ecf285694437b5890f7491a55853e76149ef43cebe
resnet,mixed,202,bandpass_n20004_cRA_independent_rms_s5,phase2/results/predictions/full/mixed/resnet/seed_202/bandpass_n20004_cRA_independent_rms_s5.npz,76302,38e15cfa7c097edf05daa7a61dacdebed135e811cabd5b1cf358c1b59361391d
resnet,mixed,202,bandpass_n20004_cRA_independent_rms_s0,phase2/results/predictions/full/mixed/resnet/seed_202/bandpass_n20004_cRA_independent_rms_s0.npz,75981,9b2a9219afc24ecfed162d6526513c8304405d4289daba766a5a4231bc722f62
resnet,mixed,202,bandpass_n20004_cRA_electrode_s20,phase2/results/predictions/full/mixed/resnet/seed_202/bandpass_n20004_cRA_electrode_s20.npz,76428,49b344a3a9cba702e782143f890e1f98d22056c3d0784376c6a7f30618ad18d8
resnet,mixed,202,bandpass_n20004_cRA_electrode_s15,phase2/results/predictions/full/mixed/resnet/seed_202/bandpass_n20004_cRA_electrode_s15.npz,76412,a53f6209fa747cb81de841ddd04b33929bb18fb88a9801e3c8c830c4eaf28712
resnet,mixed,202,bandpass_n20004_cRA_electrode_s10,phase2/results/predictions/full/mixed/resnet/seed_202/bandpass_n20004_cRA_electrode_s10.npz,76309,6ba15f4b1835858ff3f53c3b5bd3dc5e8cd043c882a6749a416fd671c1d8fd19
resnet,mixed,202,bandpass_n20004_cRA_electrode_s5,phase2/results/predictions/full/mixed/resnet/seed_202/bandpass_n20004_cRA_electrode_s5.npz,76170,ee2548fa0883b06661a56fb4f27befbd4550401a01482b6cfa8d01d09f6875f7
resnet,mixed,202,bandpass_n20004_cRA_electrode_s0,phase2/results/predictions/full/mixed/resnet/seed_202/bandpass_n20004_cRA_electrode_s0.npz,75908,02f13871dcb57ce834dce0028918fc687c216cc2cecf2811b202512d92cd593e
resnet,mixed,202,bandpass_n20004_cRA_covariance_s20,phase2/results/predictions/full/mixed/resnet/seed_202/bandpass_n20004_cRA_covariance_s20.npz,76431,67011328da6825e5b289b5f1016f1a6d160a3c30b15bc765a750cd71127e9bcc
resnet,mixed,202,bandpass_n20004_cRA_covariance_s15,phase2/results/predictions/full/mixed/resnet/seed_202/bandpass_n20004_cRA_covariance_s15.npz,76431,803470d8be6c07a4f6ba969bed0e889eddd3975f95e7bfe48a7051ec0b3f4d37
resnet,mixed,202,bandpass_n20004_cRA_covariance_s10,phase2/results/predictions/full/mixed/resnet/seed_202/bandpass_n20004_cRA_covariance_s10.npz,76321,ff6ed7bf01d62ee7bc51d3ba3c7e35509f184af4ce5149accf33aeea994c8313
resnet,mixed,202,bandpass_n20004_cRA_covariance_s5,phase2/results/predictions/full/mixed/resnet/seed_202/bandpass_n20004_cRA_covariance_s5.npz,76126,114549b1e2456a95e172e6dd6c2bfcf0cd648d4dcdd0926880d2c33e0b22fbbe
resnet,mixed,202,bandpass_n20004_cRA_covariance_s0,phase2/results/predictions/full/mixed/resnet/seed_202/bandpass_n20004_cRA_covariance_s0.npz,75924,f8203adb7573b71f7472732486d74b0599a905974388dc380611e7ec60f1cfdf
resnet,mixed,202,bandpass_n20004_cLA_independent_rms_s20,phase2/results/predictions/full/mixed/resnet/seed_202/bandpass_n20004_cLA_independent_rms_s20.npz,76431,3a312059ecaa369f1fa7656d6fb5221ae6921f0feba2fb82d6c274a81666b37e
resnet,mixed,202,bandpass_n20004_cLA_independent_rms_s15,phase2/results/predictions/full/mixed/resnet/seed_202/bandpass_n20004_cLA_independent_rms_s15.npz,76443,81b0867d4f36a543a51d1945f5ad47b22df7ad7c57ce2134290de985e57f26b7
resnet,mixed,202,bandpass_n20004_cLA_independent_rms_s10,phase2/results/predictions/full/mixed/resnet/seed_202/bandpass_n20004_cLA_independent_rms_s10.npz,76391,0914892bf4988bbc3dd0a4d1aeea880b457a4ccd14f507a0dc4b24436a68d9be
resnet,mixed,202,bandpass_n20004_cLA_independent_rms_s5,phase2/results/predictions/full/mixed/resnet/seed_202/bandpass_n20004_cLA_independent_rms_s5.npz,76297,44b976ddba3932ebe0ae2c7da54fc973d2c2c9a5600c6de54adb0dc6a6b8889f
resnet,mixed,202,bandpass_n20004_cLA_independent_rms_s0,phase2/results/predictions/full/mixed/resnet/seed_202/bandpass_n20004_cLA_independent_rms_s0.npz,75996,f3f3ba05d31a53cb17b4b2d6ca3a5675adba71077a0e3ece9a11bd52aefd098d
resnet,mixed,202,bandpass_n20004_cLA_electrode_s20,phase2/results/predictions/full/mixed/resnet/seed_202/bandpass_n20004_cLA_electrode_s20.npz,76406,2a466eb3eaa8366df16d010cb691a710c1866e599f97e20dca7fd05d2fc38e65
resnet,mixed,202,bandpass_n20004_cLA_electrode_s15,phase2/results/predictions/full/mixed/resnet/seed_202/bandpass_n20004_cLA_electrode_s15.npz,76396,1835123b6c452468376a56b4ea38f09f6c8bb0c439b63655430324acd59c7823
resnet,mixed,202,bandpass_n20004_cLA_electrode_s10,phase2/results/predictions/full/mixed/resnet/seed_202/bandpass_n20004_cLA_electrode_s10.npz,76345,7ff5b99ca11866e03779fee64690ba6488b735d3e32c28b1734ff74ae0320406
resnet,mixed,202,bandpass_n20004_cLA_electrode_s5,phase2/results/predictions/full/mixed/resnet/seed_202/bandpass_n20004_cLA_electrode_s5.npz,76131,fd96aafc4aa4ca3346ff007ce725b1fbe34fc66698b0249dd37f42271dd28adc
resnet,mixed,202,bandpass_n20004_cLA_electrode_s0,phase2/results/predictions/full/mixed/resnet/seed_202/bandpass_n20004_cLA_electrode_s0.npz,75665,2c660bbdb104e18c9578c329f856a4543c5b16d6d1d4d0a5362d6a30fe66afab
resnet,mixed,202,bandpass_n20004_cLA_covariance_s20,phase2/results/predictions/full/mixed/resnet/seed_202/bandpass_n20004_cLA_covariance_s20.npz,76443,8345fb4bc0106c254e2c84fd5281b777a8142785d552e01353ccfb53733b9342
resnet,mixed,202,bandpass_n20004_cLA_covariance_s15,phase2/results/predictions/full/mixed/resnet/seed_202/bandpass_n20004_cLA_covariance_s15.npz,76418,13a1222f88f19d95a2f3a941687f5ef9356882ff473ddd3de22b3171104761aa
resnet,mixed,202,bandpass_n20004_cLA_covariance_s10,phase2/results/predictions/full/mixed/resnet/seed_202/bandpass_n20004_cLA_covariance_s10.npz,76365,b62a94acadc8eb713a6abe176a566ad392cd430cf0347c834964097a309dc6c6
resnet,mixed,202,bandpass_n20004_cLA_covariance_s5,phase2/results/predictions/full/mixed/resnet/seed_202/bandpass_n20004_cLA_covariance_s5.npz,76128,2d283468270f60135e5bb646b87d4d7b7da46744e2eb6c4efc87139c4845ffcb
resnet,mixed,202,bandpass_n20004_cLA_covariance_s0,phase2/results/predictions/full/mixed/resnet/seed_202/bandpass_n20004_cLA_covariance_s0.npz,75710,4c3e50bf56915d047d9428594f3462307d7b2e3e26adce39b2f50d9f1c6bc071
resnet,mixed,202,bandpass_n20004_cLL_independent_rms_s20,phase2/results/predictions/full/mixed/resnet/seed_202/bandpass_n20004_cLL_independent_rms_s20.npz,76449,eb577c75093f6a14cb11cd4c3b15429b1b3072fad44369f2c0b047b6e169eaf6
resnet,mixed,202,bandpass_n20004_cLL_independent_rms_s15,phase2/results/predictions/full/mixed/resnet/seed_202/bandpass_n20004_cLL_independent_rms_s15.npz,76436,207b8cb1050a4907d1952f431cabcc23765044c59e4262168f8da16d062598ae
resnet,mixed,202,bandpass_n20004_cLL_independent_rms_s10,phase2/results/predictions/full/mixed/resnet/seed_202/bandpass_n20004_cLL_independent_rms_s10.npz,76410,5c5e8b82407b86a8e21217ca23229a80d47365c9fc71df935131b49dd4a7f215
resnet,mixed,202,bandpass_n20004_cLL_independent_rms_s5,phase2/results/predictions/full/mixed/resnet/seed_202/bandpass_n20004_cLL_independent_rms_s5.npz,76271,c4c2ce2c07628e56cbf9a0b5a3d57b0df7b7ec472f39ca91d6edd9c31bb611f2
resnet,mixed,202,bandpass_n20004_cLL_independent_rms_s0,phase2/results/predictions/full/mixed/resnet/seed_202/bandpass_n20004_cLL_independent_rms_s0.npz,75987,5bd16a6854b936731ff05744118f83cd34b38037631e891d76c443a5d07c8eb9
resnet,mixed,202,bandpass_n20004_cLL_electrode_s20,phase2/results/predictions/full/mixed/resnet/seed_202/bandpass_n20004_cLL_electrode_s20.npz,76425,f05569f9e8a584629b3f08e5827efffac09861a7c1e4e1f904de47aff18e91c2
resnet,mixed,202,bandpass_n20004_cLL_electrode_s15,phase2/results/predictions/full/mixed/resnet/seed_202/bandpass_n20004_cLL_electrode_s15.npz,76404,ec337575e721a91859c7dd532a8fb58795d2d304088dd265b5f2330e3ba0b43b
resnet,mixed,202,bandpass_n20004_cLL_electrode_s10,phase2/results/predictions/full/mixed/resnet/seed_202/bandpass_n20004_cLL_electrode_s10.npz,76309,e4e9434bd3da7fedc3d86e011016794b544c25269f33140aeef3964769e8eb73
resnet,mixed,202,bandpass_n20004_cLL_electrode_s5,phase2/results/predictions/full/mixed/resnet/seed_202/bandpass_n20004_cLL_electrode_s5.npz,76087,802efdf00146073d1585fb85289174372455421fe9e5cf6b469d9e3999eed421
resnet,mixed,202,bandpass_n20004_cLL_electrode_s0,phase2/results/predictions/full/mixed/resnet/seed_202/bandpass_n20004_cLL_electrode_s0.npz,75586,62c5925a8ecec7a084f18a25af6fdb0c24347158074b727085b4de320fe37df6
resnet,mixed,202,bandpass_n20004_cLL_covariance_s20,phase2/results/predictions/full/mixed/resnet/seed_202/bandpass_n20004_cLL_covariance_s20.npz,76428,c1de69aab787663f1764d95aa34cabb4174118cbae0db77d76a0c4db4912d85d
resnet,mixed,202,bandpass_n20004_cLL_covariance_s15,phase2/results/predictions/full/mixed/resnet/seed_202/bandpass_n20004_cLL_covariance_s15.npz,76371,57b804129b3f9f660f872811611edd0271291bf882f1c572cad18197477422f3
resnet,mixed,202,bandpass_n20004_cLL_covariance_s10,phase2/results/predictions/full/mixed/resnet/seed_202/bandpass_n20004_cLL_covariance_s10.npz,76295,c661d66e56bd6f4ac339da6cc4146d91daa13ce8434e610284d71a25b9d5bc07
resnet,mixed,202,bandpass_n20004_cLL_covariance_s5,phase2/results/predictions/full/mixed/resnet/seed_202/bandpass_n20004_cLL_covariance_s5.npz,76048,3cc189d5d996a77d0964f19d822be674379087e966befde2e033c905c4ce8129
resnet,mixed,202,bandpass_n20004_cLL_covariance_s0,phase2/results/predictions/full/mixed/resnet/seed_202/bandpass_n20004_cLL_covariance_s0.npz,75584,df03c77bae0e12d113bd6939d805b5a73fe8dc31b00500854e63e3c0c3ea9eed
resnet,mixed,202,bandpass_n20004_cRA_V1_independent_rms_s20,phase2/results/predictions/full/mixed/resnet/seed_202/bandpass_n20004_cRA_V1_independent_rms_s20.npz,76464,8d263f4eff5fc1dbb58b8d51571750585126446daad94094201e68a051648892
resnet,mixed,202,bandpass_n20004_cRA_V1_independent_rms_s15,phase2/results/predictions/full/mixed/resnet/seed_202/bandpass_n20004_cRA_V1_independent_rms_s15.npz,76432,165b5a11cff45de8044c5a92f1a007b0949ee112e454b49db00d7af7e7d9a8c7
resnet,mixed,202,bandpass_n20004_cRA_V1_independent_rms_s10,phase2/results/predictions/full/mixed/resnet/seed_202/bandpass_n20004_cRA_V1_independent_rms_s10.npz,76383,63c5d3abf7d97b1e9af7baefe26970e4564206bd08f8eab565407ee9342c40ed
resnet,mixed,202,bandpass_n20004_cRA_V1_independent_rms_s5,phase2/results/predictions/full/mixed/resnet/seed_202/bandpass_n20004_cRA_V1_independent_rms_s5.npz,76286,a92d85a24369b6399d8fa7cd242781e3f325fdff703ec786f0ab5256012c115a
resnet,mixed,202,bandpass_n20004_cRA_V1_independent_rms_s0,phase2/results/predictions/full/mixed/resnet/seed_202/bandpass_n20004_cRA_V1_independent_rms_s0.npz,75946,2077d04c180acdcebfd74325381d3d153d77c881ae569af89ac26d104d40cd71
resnet,mixed,202,bandpass_n20004_cRA_V1_electrode_s20,phase2/results/predictions/full/mixed/resnet/seed_202/bandpass_n20004_cRA_V1_electrode_s20.npz,76428,3900a3d3eecd623d95396e3cc13cbc726de8204c4ab70f975e4e2d044b0205f5
resnet,mixed,202,bandpass_n20004_cRA_V1_electrode_s15,phase2/results/predictions/full/mixed/resnet/seed_202/bandpass_n20004_cRA_V1_electrode_s15.npz,76432,a3ac3c248309eab6a5020e412c5ffe770e62a12728372d56f9731db63457d197
resnet,mixed,202,bandpass_n20004_cRA_V1_electrode_s10,phase2/results/predictions/full/mixed/resnet/seed_202/bandpass_n20004_cRA_V1_electrode_s10.npz,76328,dda16363a86d22523fd9b7e9054c405ad2c675a9bff7416a045984c06165c874
resnet,mixed,202,bandpass_n20004_cRA_V1_electrode_s5,phase2/results/predictions/full/mixed/resnet/seed_202/bandpass_n20004_cRA_V1_electrode_s5.npz,76173,5d9044f137ddbd4c3c793b337c6519bc96c6fe0bd10d7843326d6bd5110e93e2
resnet,mixed,202,bandpass_n20004_cRA_V1_electrode_s0,phase2/results/predictions/full/mixed/resnet/seed_202/bandpass_n20004_cRA_V1_electrode_s0.npz,75900,b4463ac0d6e1b3502bba3aede925da1f16d1ad42332db6c802e8f5e97f044399
resnet,mixed,202,bandpass_n20004_cRA_V1_covariance_s20,phase2/results/predictions/full/mixed/resnet/seed_202/bandpass_n20004_cRA_V1_covariance_s20.npz,76473,f8416769a7df0e86fc0cdc4b80407243b2b6664a2e96f9a6dede492d6d83899c
resnet,mixed,202,bandpass_n20004_cRA_V1_covariance_s15,phase2/results/predictions/full/mixed/resnet/seed_202/bandpass_n20004_cRA_V1_covariance_s15.npz,76397,dc3c77e0134392f30c6b21c785f76adebfa73b28c8daf01ff82291d5eaa680eb
resnet,mixed,202,bandpass_n20004_cRA_V1_covariance_s10,phase2/results/predictions/full/mixed/resnet/seed_202/bandpass_n20004_cRA_V1_covariance_s10.npz,76340,225d76e5cbcc0fe978ef2aa92c573c930af98ed8ceaab2c85e8a257216682aa0
resnet,mixed,202,bandpass_n20004_cRA_V1_covariance_s5,phase2/results/predictions/full/mixed/resnet/seed_202/bandpass_n20004_cRA_V1_covariance_s5.npz,76195,930ae645e4f0cfb9fdff4887ae9d632e1680facbfe01b81b8449db06a9fc70b1
resnet,mixed,202,bandpass_n20004_cRA_V1_covariance_s0,phase2/results/predictions/full/mixed/resnet/seed_202/bandpass_n20004_cRA_V1_covariance_s0.npz,75919,2839cdfc9839b79a417353bed6bddec6ca9d84aa99914d161c3b5c27fe6786ce
resnet,mixed,202,bandpass_n20004_cLA_V6_independent_rms_s20,phase2/results/predictions/full/mixed/resnet/seed_202/bandpass_n20004_cLA_V6_independent_rms_s20.npz,76472,891f9e8f32ecb7a4b86907a3cdaf5bd126823bd7ed23d681bea605885077ea9f
resnet,mixed,202,bandpass_n20004_cLA_V6_independent_rms_s15,phase2/results/predictions/full/mixed/resnet/seed_202/bandpass_n20004_cLA_V6_independent_rms_s15.npz,76434,9b92644051908dfee76820e8180bcd27496f72cbb2eb9d5870c33cea03e7bdce
resnet,mixed,202,bandpass_n20004_cLA_V6_independent_rms_s10,phase2/results/predictions/full/mixed/resnet/seed_202/bandpass_n20004_cLA_V6_independent_rms_s10.npz,76390,c36c1a88d7d56a974906053fd467ecb68ecef2f3f5a422095db93324634f639b
resnet,mixed,202,bandpass_n20004_cLA_V6_independent_rms_s5,phase2/results/predictions/full/mixed/resnet/seed_202/bandpass_n20004_cLA_V6_independent_rms_s5.npz,76306,9ca21106acb93c7545b040da8b58b69800c180d205dc75292528ac98f439b1d0
resnet,mixed,202,bandpass_n20004_cLA_V6_independent_rms_s0,phase2/results/predictions/full/mixed/resnet/seed_202/bandpass_n20004_cLA_V6_independent_rms_s0.npz,75976,b7c5a96fc0d94c06621391e66bdfb84567a49f5b2b3ecd16da976132974449e3
resnet,mixed,202,bandpass_n20004_cLA_V6_electrode_s20,phase2/results/predictions/full/mixed/resnet/seed_202/bandpass_n20004_cLA_V6_electrode_s20.npz,76446,2b69266091be91b14df6abfc4a3c14fbda266be5d320b426a9dfd0399c6e0fdc
resnet,mixed,202,bandpass_n20004_cLA_V6_electrode_s15,phase2/results/predictions/full/mixed/resnet/seed_202/bandpass_n20004_cLA_V6_electrode_s15.npz,76402,60cd81230e38e8ac8953ffb12f462faf41d7c51d2f1a9e23a5ed18148e832376
resnet,mixed,202,bandpass_n20004_cLA_V6_electrode_s10,phase2/results/predictions/full/mixed/resnet/seed_202/bandpass_n20004_cLA_V6_electrode_s10.npz,76346,9b3c388bf8aa7b95b2360efee0f7de9a96d1a0cabe29bbab84b7d79478a6d3aa
resnet,mixed,202,bandpass_n20004_cLA_V6_electrode_s5,phase2/results/predictions/full/mixed/resnet/seed_202/bandpass_n20004_cLA_V6_electrode_s5.npz,76206,d4cb1837409f2d7023594d61f73232d88a17786b5d01c993258cbf549d15152b
resnet,mixed,202,bandpass_n20004_cLA_V6_electrode_s0,phase2/results/predictions/full/mixed/resnet/seed_202/bandpass_n20004_cLA_V6_electrode_s0.npz,75754,b7e0de8ab493f70413184d5ba70ad558a33812591d9222e5ea6e5aa9418731c3
resnet,mixed,202,bandpass_n20004_cLA_V6_covariance_s20,phase2/results/predictions/full/mixed/resnet/seed_202/bandpass_n20004_cLA_V6_covariance_s20.npz,76447,2c3166535e6520fa22d0b69b5ee0be89ed89c1fc784de066d42c80cc4c41255d
resnet,mixed,202,bandpass_n20004_cLA_V6_covariance_s15,phase2/results/predictions/full/mixed/resnet/seed_202/bandpass_n20004_cLA_V6_covariance_s15.npz,76417,b79d787cbcbace1b35ff0cee5b34de108a75f70fcdf03f02a6b106c4f3de023a
resnet,mixed,202,bandpass_n20004_cLA_V6_covariance_s10,phase2/results/predictions/full/mixed/resnet/seed_202/bandpass_n20004_cLA_V6_covariance_s10.npz,76388,9986f3828be52d0a87fcbc2f6a327d56e06f151867932b5bbf8eb549108cfb04
resnet,mixed,202,bandpass_n20004_cLA_V6_covariance_s5,phase2/results/predictions/full/mixed/resnet/seed_202/bandpass_n20004_cLA_V6_covariance_s5.npz,76184,8e454ca4caecc49116dba8f5759f945ad81cb4b8448da2ddd753d78a7fd70679
resnet,mixed,202,bandpass_n20004_cLA_V6_covariance_s0,phase2/results/predictions/full/mixed/resnet/seed_202/bandpass_n20004_cLA_V6_covariance_s0.npz,75762,8b10bf6b99243807454b76e3e82b3e6450ca49859e9e0995bf63fa2d410e5c99
resnet,mixed,202,bandpass_n20004_cLL_V4_independent_rms_s20,phase2/results/predictions/full/mixed/resnet/seed_202/bandpass_n20004_cLL_V4_independent_rms_s20.npz,76474,fdab821b27c6ce022b9065c64eda13c1c066be44c43f19d7072148c015d1f463
resnet,mixed,202,bandpass_n20004_cLL_V4_independent_rms_s15,phase2/results/predictions/full/mixed/resnet/seed_202/bandpass_n20004_cLL_V4_independent_rms_s15.npz,76474,ba7bbb307ab51eb90679f90ef77df8bcf54e4e798d9d5c7ebdb4d3ad6e371b02
resnet,mixed,202,bandpass_n20004_cLL_V4_independent_rms_s10,phase2/results/predictions/full/mixed/resnet/seed_202/bandpass_n20004_cLL_V4_independent_rms_s10.npz,76429,f7d269d65eb17fb33bf47f369820ab9365bb6c41285fd2f9ad26bde2ce2e941c
resnet,mixed,202,bandpass_n20004_cLL_V4_independent_rms_s5,phase2/results/predictions/full/mixed/resnet/seed_202/bandpass_n20004_cLL_V4_independent_rms_s5.npz,76314,c694c9d0a26613b10220c02ea077478565b8dd17486037f61deee5677c4b3a2d
resnet,mixed,202,bandpass_n20004_cLL_V4_independent_rms_s0,phase2/results/predictions/full/mixed/resnet/seed_202/bandpass_n20004_cLL_V4_independent_rms_s0.npz,76040,acdfd32938fc9a105ac47ecdb0ad785911073efdaab7d9a159028c4c6c0aaae6
resnet,mixed,202,bandpass_n20004_cLL_V4_electrode_s20,phase2/results/predictions/full/mixed/resnet/seed_202/bandpass_n20004_cLL_V4_electrode_s20.npz,76410,ca5441d3ce0426e4da0b9a27972868cccdd3c3496395c04124111b30afe21747
resnet,mixed,202,bandpass_n20004_cLL_V4_electrode_s15,phase2/results/predictions/full/mixed/resnet/seed_202/bandpass_n20004_cLL_V4_electrode_s15.npz,76416,38b4b84d3379e2121ec5fe25c35d0d9ab8e9c2e49988051d38875fa4103f735e
resnet,mixed,202,bandpass_n20004_cLL_V4_electrode_s10,phase2/results/predictions/full/mixed/resnet/seed_202/bandpass_n20004_cLL_V4_electrode_s10.npz,76326,9206d59e85d6962342f81f6a7926c288dc268b675e5992ca14c400b65eae79fd
resnet,mixed,202,bandpass_n20004_cLL_V4_electrode_s5,phase2/results/predictions/full/mixed/resnet/seed_202/bandpass_n20004_cLL_V4_electrode_s5.npz,76126,992dabe29b62736a3d7027e14d3db5d48fb999b2741ddceda7499c9a239260c5
resnet,mixed,202,bandpass_n20004_cLL_V4_electrode_s0,phase2/results/predictions/full/mixed/resnet/seed_202/bandpass_n20004_cLL_V4_electrode_s0.npz,75686,440d6a9a60578cebfd06235ce53914a9eb5eea7addc25c40f60479f9e5215351
resnet,mixed,202,bandpass_n20004_cLL_V4_covariance_s20,phase2/results/predictions/full/mixed/resnet/seed_202/bandpass_n20004_cLL_V4_covariance_s20.npz,76412,b889ef925fadb368ada39c377fb531d2bd66c061eea6b34cb66267220274ba0b
resnet,mixed,202,bandpass_n20004_cLL_V4_covariance_s15,phase2/results/predictions/full/mixed/resnet/seed_202/bandpass_n20004_cLL_V4_covariance_s15.npz,76413,8b69f356e65a92302ff3b119c966e31ac88418a30825c85ce45b9bc72c1f634e
resnet,mixed,202,bandpass_n20004_cLL_V4_covariance_s10,phase2/results/predictions/full/mixed/resnet/seed_202/bandpass_n20004_cLL_V4_covariance_s10.npz,76336,a20210a3af2f8c3656291f59bbd685446dec7e16e431c2e714ef626b4c471d02
resnet,mixed,202,bandpass_n20004_cLL_V4_covariance_s5,phase2/results/predictions/full/mixed/resnet/seed_202/bandpass_n20004_cLL_V4_covariance_s5.npz,76146,6166ca54c0be2840f4df56c541a444c05446699ad4365f970ebeae6e0e4e5cbf
resnet,mixed,202,bandpass_n20004_cLL_V4_covariance_s0,phase2/results/predictions/full/mixed/resnet/seed_202/bandpass_n20004_cLL_V4_covariance_s0.npz,75726,5b0bcb1ca0bd93d19db25247113de458f678a9588f4f97899103d5f9a966c2f1
resnet,mixed,202,bandpass_n20004_cRA_LA_V1_V6_independent_rms_s20,phase2/results/predictions/full/mixed/resnet/seed_202/bandpass_n20004_cRA_LA_V1_V6_independent_rms_s20.npz,76461,48b1840d7bd9cf31511df6fc166fa6d08921144be913c88f8d295256e6a135b8
resnet,mixed,202,bandpass_n20004_cRA_LA_V1_V6_independent_rms_s15,phase2/results/predictions/full/mixed/resnet/seed_202/bandpass_n20004_cRA_LA_V1_V6_independent_rms_s15.npz,76481,2957286c2e44f2c0de8332ad2a941b1b0468ed8c0d29dbc3532001d03f1e6f12
resnet,mixed,202,bandpass_n20004_cRA_LA_V1_V6_independent_rms_s10,phase2/results/predictions/full/mixed/resnet/seed_202/bandpass_n20004_cRA_LA_V1_V6_independent_rms_s10.npz,76421,fa515f3c7d50f6f51467cc4bec0db65fe9723778e30085dbc8be5a5290f2d302
resnet,mixed,202,bandpass_n20004_cRA_LA_V1_V6_independent_rms_s5,phase2/results/predictions/full/mixed/resnet/seed_202/bandpass_n20004_cRA_LA_V1_V6_independent_rms_s5.npz,76312,988defb6ef96c38691a8e57c0c83a3fa062797cfaf219a56b26a3b93df3ef0b0
resnet,mixed,202,bandpass_n20004_cRA_LA_V1_V6_independent_rms_s0,phase2/results/predictions/full/mixed/resnet/seed_202/bandpass_n20004_cRA_LA_V1_V6_independent_rms_s0.npz,75948,59b7ae11bcb8d45d02bc2f273c0e25ca0dc5a24d9d5841dbea07eddbdd9b578f
resnet,mixed,202,bandpass_n20004_cRA_LA_V1_V6_electrode_s20,phase2/results/predictions/full/mixed/resnet/seed_202/bandpass_n20004_cRA_LA_V1_V6_electrode_s20.npz,76493,dbdb7f5cafe9604c48b3c05da813912defd818f6b28e8aed11446d60e8216a90
resnet,mixed,202,bandpass_n20004_cRA_LA_V1_V6_electrode_s15,phase2/results/predictions/full/mixed/resnet/seed_202/bandpass_n20004_cRA_LA_V1_V6_electrode_s15.npz,76445,68fdb64e4b7f7082441079dbf8c9d9e07c049557bbf2a7705df8d6180c4da03a
resnet,mixed,202,bandpass_n20004_cRA_LA_V1_V6_electrode_s10,phase2/results/predictions/full/mixed/resnet/seed_202/bandpass_n20004_cRA_LA_V1_V6_electrode_s10.npz,76393,7bfdea926f48b0f502c62e128520ae11438d832bd8474fc0b95689e3f94c5545
resnet,mixed,202,bandpass_n20004_cRA_LA_V1_V6_electrode_s5,phase2/results/predictions/full/mixed/resnet/seed_202/bandpass_n20004_cRA_LA_V1_V6_electrode_s5.npz,76224,1f78ece43a35c9d49c19234d744ff01c1fd1ca4d37608e897c537f6f563f2146
resnet,mixed,202,bandpass_n20004_cRA_LA_V1_V6_electrode_s0,phase2/results/predictions/full/mixed/resnet/seed_202/bandpass_n20004_cRA_LA_V1_V6_electrode_s0.npz,75846,eb5828a32aaf6c7154abcf1aa107c195f54f6c3113d4d4afa41e54710ecf6933
resnet,mixed,202,bandpass_n20004_cRA_LA_V1_V6_covariance_s20,phase2/results/predictions/full/mixed/resnet/seed_202/bandpass_n20004_cRA_LA_V1_V6_covariance_s20.npz,76473,ca0cf8c5611d31bb7ff74b971628c84e7143a8c1a2ee5bced7d568e68c3cfa17
resnet,mixed,202,bandpass_n20004_cRA_LA_V1_V6_covariance_s15,phase2/results/predictions/full/mixed/resnet/seed_202/bandpass_n20004_cRA_LA_V1_V6_covariance_s15.npz,76438,c4e48dad774948dfd43936af206ad11f7fbefe557ef0ac51ffcd514433467ba0
resnet,mixed,202,bandpass_n20004_cRA_LA_V1_V6_covariance_s10,phase2/results/predictions/full/mixed/resnet/seed_202/bandpass_n20004_cRA_LA_V1_V6_covariance_s10.npz,76352,25322ae2ad6a90d73dcc66969782edad5ed18c4a1999a7a46a09b0b24a95a818
resnet,mixed,202,bandpass_n20004_cRA_LA_V1_V6_covariance_s5,phase2/results/predictions/full/mixed/resnet/seed_202/bandpass_n20004_cRA_LA_V1_V6_covariance_s5.npz,76208,309f949178c5edbada0026dee3ea3f76017b766031fc9f3c01f9bf148bf14dcc
resnet,mixed,202,bandpass_n20004_cRA_LA_V1_V6_covariance_s0,phase2/results/predictions/full/mixed/resnet/seed_202/bandpass_n20004_cRA_LA_V1_V6_covariance_s0.npz,75876,7ac4d72f48686a460c050b77fb9673b8fbf7027b76e723ad84f23f0de4494cbd
resnet,mixed,202,bandpass_n20004_cRA_V2_V5_independent_rms_s20,phase2/results/predictions/full/mixed/resnet/seed_202/bandpass_n20004_cRA_V2_V5_independent_rms_s20.npz,76480,cb2b8190a06a0f90f2e6f202fbc364acf12169569d670a7c659222c245b27b1a
resnet,mixed,202,bandpass_n20004_cRA_V2_V5_independent_rms_s15,phase2/results/predictions/full/mixed/resnet/seed_202/bandpass_n20004_cRA_V2_V5_independent_rms_s15.npz,76458,7fd8f068cebf9826f4a9394f0031dfe2b278ebc53011531f270ae875ba7fdfc9
resnet,mixed,202,bandpass_n20004_cRA_V2_V5_independent_rms_s10,phase2/results/predictions/full/mixed/resnet/seed_202/bandpass_n20004_cRA_V2_V5_independent_rms_s10.npz,76404,2ea90bb9cd1406f610621722ebeb67461e2d7890f7343ee6bdc1337ddbd9774c
resnet,mixed,202,bandpass_n20004_cRA_V2_V5_independent_rms_s5,phase2/results/predictions/full/mixed/resnet/seed_202/bandpass_n20004_cRA_V2_V5_independent_rms_s5.npz,76302,f60c1f130ac6f85866b8fda0225d81e67ed562f6e3a9bd08902317279bc1aae8
resnet,mixed,202,bandpass_n20004_cRA_V2_V5_independent_rms_s0,phase2/results/predictions/full/mixed/resnet/seed_202/bandpass_n20004_cRA_V2_V5_independent_rms_s0.npz,76015,885bac0f1eac2540f3217e9dd19560b61f80260347dc585578ce1dd55be83d0e
resnet,mixed,202,bandpass_n20004_cRA_V2_V5_electrode_s20,phase2/results/predictions/full/mixed/resnet/seed_202/bandpass_n20004_cRA_V2_V5_electrode_s20.npz,76475,1da8e3ce1b8dec2f753ea698ac83ec316166adb94ea9ed2acf0f79b4c694515d
resnet,mixed,202,bandpass_n20004_cRA_V2_V5_electrode_s15,phase2/results/predictions/full/mixed/resnet/seed_202/bandpass_n20004_cRA_V2_V5_electrode_s15.npz,76430,5b76bbb4bb0491d51cd7c0904d2a3ceba00641e09bcdbbd9a2787f6d1c3bc5d6
resnet,mixed,202,bandpass_n20004_cRA_V2_V5_electrode_s10,phase2/results/predictions/full/mixed/resnet/seed_202/bandpass_n20004_cRA_V2_V5_electrode_s10.npz,76392,fe3842185dbdcbf8925b0168f270aa9df5355bcee420a5838d4e39c9df223447
resnet,mixed,202,bandpass_n20004_cRA_V2_V5_electrode_s5,phase2/results/predictions/full/mixed/resnet/seed_202/bandpass_n20004_cRA_V2_V5_electrode_s5.npz,76225,d792e12d16936a8a3f65a80f5998e610259795b63b1b223b6c1bb552fcf3ab03
resnet,mixed,202,bandpass_n20004_cRA_V2_V5_electrode_s0,phase2/results/predictions/full/mixed/resnet/seed_202/bandpass_n20004_cRA_V2_V5_electrode_s0.npz,75956,0609e48a8b10009cb6f6f059766d8193df06430d3b8883ac32d3c9391efa1898
resnet,mixed,202,bandpass_n20004_cRA_V2_V5_covariance_s20,phase2/results/predictions/full/mixed/resnet/seed_202/bandpass_n20004_cRA_V2_V5_covariance_s20.npz,76442,50a1ee99373eebe37b97827e0dc0e22d4681a921f1580ca90537ecb272a0949c
resnet,mixed,202,bandpass_n20004_cRA_V2_V5_covariance_s15,phase2/results/predictions/full/mixed/resnet/seed_202/bandpass_n20004_cRA_V2_V5_covariance_s15.npz,76438,f4625ef6f6df400526080c46f78ad24d41463a137e3c38733fd87e5da685cac5
resnet,mixed,202,bandpass_n20004_cRA_V2_V5_covariance_s10,phase2/results/predictions/full/mixed/resnet/seed_202/bandpass_n20004_cRA_V2_V5_covariance_s10.npz,76371,902e7c9a975a5ced6ff24e0d4d91e4900682842b3e356483616ad54a13418608
resnet,mixed,202,bandpass_n20004_cRA_V2_V5_covariance_s5,phase2/results/predictions/full/mixed/resnet/seed_202/bandpass_n20004_cRA_V2_V5_covariance_s5.npz,76174,d2c8464d3a8748eb51c5ca524e4e96c77d20490f7f800c490b5c4e5b181acec3
resnet,mixed,202,bandpass_n20004_cRA_V2_V5_covariance_s0,phase2/results/predictions/full/mixed/resnet/seed_202/bandpass_n20004_cRA_V2_V5_covariance_s0.npz,75920,748b27793f4345c3f0088ae59eed4c6768515250e6e811c4d6ce48d569696cfd
resnet,mixed,202,bandpass_n20004_cLA_V3_V6_independent_rms_s20,phase2/results/predictions/full/mixed/resnet/seed_202/bandpass_n20004_cLA_V3_V6_independent_rms_s20.npz,76491,d83769cce99a8735afa9262046e0bd4c7055717680e659133978920a8bf6f83f
resnet,mixed,202,bandpass_n20004_cLA_V3_V6_independent_rms_s15,phase2/results/predictions/full/mixed/resnet/seed_202/bandpass_n20004_cLA_V3_V6_independent_rms_s15.npz,76448,31fe48c3f5c1bd9072c570c9fd1bd9ae75e3b6753c6ba14d385b14ec1fc9142d
resnet,mixed,202,bandpass_n20004_cLA_V3_V6_independent_rms_s10,phase2/results/predictions/full/mixed/resnet/seed_202/bandpass_n20004_cLA_V3_V6_independent_rms_s10.npz,76445,6f448d85a434f5273dd9a69cbe27775c31211f88aaf618bc883f17460e860f11
resnet,mixed,202,bandpass_n20004_cLA_V3_V6_independent_rms_s5,phase2/results/predictions/full/mixed/resnet/seed_202/bandpass_n20004_cLA_V3_V6_independent_rms_s5.npz,76312,0227c2b6a64e386e10b793245199e2149db43de66072a4bf43ce7aab0f4e0509
resnet,mixed,202,bandpass_n20004_cLA_V3_V6_independent_rms_s0,phase2/results/predictions/full/mixed/resnet/seed_202/bandpass_n20004_cLA_V3_V6_independent_rms_s0.npz,76030,5627c18cf5169fcf7b808166c8f5ca2c61c74eb7059fcc3b27aac0a8c8d6f39d
resnet,mixed,202,bandpass_n20004_cLA_V3_V6_electrode_s20,phase2/results/predictions/full/mixed/resnet/seed_202/bandpass_n20004_cLA_V3_V6_electrode_s20.npz,76457,2506846fd95d84b13e9c197edd166cd810e2049df22a9ac11d8cddd34e916b9a
resnet,mixed,202,bandpass_n20004_cLA_V3_V6_electrode_s15,phase2/results/predictions/full/mixed/resnet/seed_202/bandpass_n20004_cLA_V3_V6_electrode_s15.npz,76474,c35d48087d7494b49f136aa8ccbf8ceb6d28ddbcf0a7537430eba4d3e8e71465
resnet,mixed,202,bandpass_n20004_cLA_V3_V6_electrode_s10,phase2/results/predictions/full/mixed/resnet/seed_202/bandpass_n20004_cLA_V3_V6_electrode_s10.npz,76371,1b99ed513594b2e755ec43e06ef9b1186546eeac4668b120b3892f397b061d35
resnet,mixed,202,bandpass_n20004_cLA_V3_V6_electrode_s5,phase2/results/predictions/full/mixed/resnet/seed_202/bandpass_n20004_cLA_V3_V6_electrode_s5.npz,76245,2e9ae48c2abbe013073f9222cee7d33e3f5f2cdc6937cbaa8a40d8517774ea85
resnet,mixed,202,bandpass_n20004_cLA_V3_V6_electrode_s0,phase2/results/predictions/full/mixed/resnet/seed_202/bandpass_n20004_cLA_V3_V6_electrode_s0.npz,75870,c56b71d1642cbf7f2b7940574571c8412d543a3ec862f86154b307e91ad78e8c
resnet,mixed,202,bandpass_n20004_cLA_V3_V6_covariance_s20,phase2/results/predictions/full/mixed/resnet/seed_202/bandpass_n20004_cLA_V3_V6_covariance_s20.npz,76449,7b0c93a5ad433385080cdae89dd9828da6e90467f0225731cfbbd67fa61eee56
resnet,mixed,202,bandpass_n20004_cLA_V3_V6_covariance_s15,phase2/results/predictions/full/mixed/resnet/seed_202/bandpass_n20004_cLA_V3_V6_covariance_s15.npz,76444,f87f7c4443cdf98bb92a804fb2f763ec56faaa341809b3fddd2ed5bca226e70c
resnet,mixed,202,bandpass_n20004_cLA_V3_V6_covariance_s10,phase2/results/predictions/full/mixed/resnet/seed_202/bandpass_n20004_cLA_V3_V6_covariance_s10.npz,76417,ddfae4c24291af160182dc69bf78d546c78019cb266402f370bfc9674ea25546
resnet,mixed,202,bandpass_n20004_cLA_V3_V6_covariance_s5,phase2/results/predictions/full/mixed/resnet/seed_202/bandpass_n20004_cLA_V3_V6_covariance_s5.npz,76220,7e1cf95cdadccd377ba1be6d04d69b7bcd14f7c95cbc71866ee1c57dee2c8717
resnet,mixed,202,bandpass_n20004_cLA_V3_V6_covariance_s0,phase2/results/predictions/full/mixed/resnet/seed_202/bandpass_n20004_cLA_V3_V6_covariance_s0.npz,75848,fb136e96cd29749a010e4718584d4f5bc75938551d65c192f167946e55c17ac0
resnet,mixed,202,bandpass_n20004_cLL_V1_V4_independent_rms_s20,phase2/results/predictions/full/mixed/resnet/seed_202/bandpass_n20004_cLL_V1_V4_independent_rms_s20.npz,76445,77d3477dbc7128211e2ddc4a0594d37ae6c9c3d84de0ea442717b9511a0b49c8
resnet,mixed,202,bandpass_n20004_cLL_V1_V4_independent_rms_s15,phase2/results/predictions/full/mixed/resnet/seed_202/bandpass_n20004_cLL_V1_V4_independent_rms_s15.npz,76445,23682ee877ae975a4dee6775b4b3048981e3505e170aaf7896e693a883ca469b
resnet,mixed,202,bandpass_n20004_cLL_V1_V4_independent_rms_s10,phase2/results/predictions/full/mixed/resnet/seed_202/bandpass_n20004_cLL_V1_V4_independent_rms_s10.npz,76399,7cfb5f4e26e3fc464a1edfca83e238c7fcd62940ac08ca5ca8f937f915ab757b
resnet,mixed,202,bandpass_n20004_cLL_V1_V4_independent_rms_s5,phase2/results/predictions/full/mixed/resnet/seed_202/bandpass_n20004_cLL_V1_V4_independent_rms_s5.npz,76323,1b6ed4e5e7839379ef9215b567723c23d6a89ed2901fb3295dd1e3523ea8e4d9
resnet,mixed,202,bandpass_n20004_cLL_V1_V4_independent_rms_s0,phase2/results/predictions/full/mixed/resnet/seed_202/bandpass_n20004_cLL_V1_V4_independent_rms_s0.npz,75970,2465d43826722b3f3a5016394fa708d99b2f232ab05f7502b8581673a7fe5f5a
resnet,mixed,202,bandpass_n20004_cLL_V1_V4_electrode_s20,phase2/results/predictions/full/mixed/resnet/seed_202/bandpass_n20004_cLL_V1_V4_electrode_s20.npz,76466,1cd9bc6d2dd1e20c1c3c0d43d34fecc9114f639352d59ad0a2591dbb9ad7a408
resnet,mixed,202,bandpass_n20004_cLL_V1_V4_electrode_s15,phase2/results/predictions/full/mixed/resnet/seed_202/bandpass_n20004_cLL_V1_V4_electrode_s15.npz,76452,f15a063d0960f9a3223106afadd3d20c415d7e99116f943b3ae7a26ed7287b0b
resnet,mixed,202,bandpass_n20004_cLL_V1_V4_electrode_s10,phase2/results/predictions/full/mixed/resnet/seed_202/bandpass_n20004_cLL_V1_V4_electrode_s10.npz,76367,c1b71d2d711adbb9fbcffddc8d29bb7feab0d99d92aa91615cc7bd3b4e0919cd
resnet,mixed,202,bandpass_n20004_cLL_V1_V4_electrode_s5,phase2/results/predictions/full/mixed/resnet/seed_202/bandpass_n20004_cLL_V1_V4_electrode_s5.npz,76156,67e2b9124b5d07ce953d5059c0584a0de7d30ec2d46f2ee7235e1cf24f82c294
resnet,mixed,202,bandpass_n20004_cLL_V1_V4_electrode_s0,phase2/results/predictions/full/mixed/resnet/seed_202/bandpass_n20004_cLL_V1_V4_electrode_s0.npz,75738,6406ba8557d35b9aef44ee3335506bf72c799ed96d8a51efa8d29cb98f88838c
resnet,mixed,202,bandpass_n20004_cLL_V1_V4_covariance_s20,phase2/results/predictions/full/mixed/resnet/seed_202/bandpass_n20004_cLL_V1_V4_covariance_s20.npz,76453,d5bc6b36ec9415711035964cf92fb15703f743197e28fd6b7a77eb9f9a36ba02
resnet,mixed,202,bandpass_n20004_cLL_V1_V4_covariance_s15,phase2/results/predictions/full/mixed/resnet/seed_202/bandpass_n20004_cLL_V1_V4_covariance_s15.npz,76413,d169ae8df3bb1a5d802caa33c514edb1505381a51f625dc289c8aa6a4c8e9319
resnet,mixed,202,bandpass_n20004_cLL_V1_V4_covariance_s10,phase2/results/predictions/full/mixed/resnet/seed_202/bandpass_n20004_cLL_V1_V4_covariance_s10.npz,76386,bf37f68205b4a4bebc3c9b911910a171df08a86e3b618dfa6426e643c37eeedb
resnet,mixed,202,bandpass_n20004_cLL_V1_V4_covariance_s5,phase2/results/predictions/full/mixed/resnet/seed_202/bandpass_n20004_cLL_V1_V4_covariance_s5.npz,76176,08c7c3e0905d11cb89b404f9066106bf7a87f7eb9b9935d721f600bed69f331e
resnet,mixed,202,bandpass_n20004_cLL_V1_V4_covariance_s0,phase2/results/predictions/full/mixed/resnet/seed_202/bandpass_n20004_cLL_V1_V4_covariance_s0.npz,75716,1e52758b58449996adad94f83fa8f86fe67082ede103fd6d8c98bb55df9f9c9b
resnet,mixed,202,bandpass_n20004_call_independent_rms_s20,phase2/results/predictions/full/mixed/resnet/seed_202/bandpass_n20004_call_independent_rms_s20.npz,76441,d2f73c2e128a86a45e1a6c21cc7525261d096a8a624ffcdc842f9bce28b33453
resnet,mixed,202,bandpass_n20004_call_independent_rms_s15,phase2/results/predictions/full/mixed/resnet/seed_202/bandpass_n20004_call_independent_rms_s15.npz,76433,98d1226668265081ab94177a2e8253388811231bf8208e340d06b6cd33ab0c34
resnet,mixed,202,bandpass_n20004_call_independent_rms_s10,phase2/results/predictions/full/mixed/resnet/seed_202/bandpass_n20004_call_independent_rms_s10.npz,76401,5cf8090fec45efb714b2c39a2bc752ceb1b6578b6df64070bc5b0d18b8c4f3f6
resnet,mixed,202,bandpass_n20004_call_independent_rms_s5,phase2/results/predictions/full/mixed/resnet/seed_202/bandpass_n20004_call_independent_rms_s5.npz,76294,c573581cc04edceea5d95213dc8692e5510b32bced5458627449a3b3591872b6
resnet,mixed,202,bandpass_n20004_call_independent_rms_s0,phase2/results/predictions/full/mixed/resnet/seed_202/bandpass_n20004_call_independent_rms_s0.npz,75956,100b0b6cde2c2612677d445ada219c87cc20dd40a31c7fddbb6ef8cf142a9599
resnet,mixed,202,bandpass_n20004_call_electrode_s20,phase2/results/predictions/full/mixed/resnet/seed_202/bandpass_n20004_call_electrode_s20.npz,76420,4a26f38b3ad85995a13d5e0d41675a6c9661aee21d5ec1f5d89136e45274bfc8
resnet,mixed,202,bandpass_n20004_call_electrode_s15,phase2/results/predictions/full/mixed/resnet/seed_202/bandpass_n20004_call_electrode_s15.npz,76427,d8d6cf9ab0ba8de10e792aa58e1ac86434387539ed4921ce469a1f44f8a13a54
resnet,mixed,202,bandpass_n20004_call_electrode_s10,phase2/results/predictions/full/mixed/resnet/seed_202/bandpass_n20004_call_electrode_s10.npz,76326,f0f96cddb1093da6d70ce92d00aca495775a60275f47a004ff6d593d60c4dc1f
resnet,mixed,202,bandpass_n20004_call_electrode_s5,phase2/results/predictions/full/mixed/resnet/seed_202/bandpass_n20004_call_electrode_s5.npz,76177,505a1da442b38854308a8981bd1dc1a86931775103b4918612cc2ad1c4c42acc
resnet,mixed,202,bandpass_n20004_call_electrode_s0,phase2/results/predictions/full/mixed/resnet/seed_202/bandpass_n20004_call_electrode_s0.npz,75808,2f9cf675694ccaa5181fd69462779b235c6bb61eb9b5481d41bddca463869ed6
resnet,mixed,202,bandpass_n20004_call_covariance_s20,phase2/results/predictions/full/mixed/resnet/seed_202/bandpass_n20004_call_covariance_s20.npz,76424,73e9cb1f5b1d7af1a7dbcf3ad9f5fff56f0ce22b6acb6378e8d8e9ff351b9c2e
resnet,mixed,202,bandpass_n20004_call_covariance_s15,phase2/results/predictions/full/mixed/resnet/seed_202/bandpass_n20004_call_covariance_s15.npz,76432,0f20c0f068dbf4c92ff6ddf48df2f6ec1fb5751ff7945b2cb7fa2af56e28303f
resnet,mixed,202,bandpass_n20004_call_covariance_s10,phase2/results/predictions/full/mixed/resnet/seed_202/bandpass_n20004_call_covariance_s10.npz,76370,da20dd9b6d7a37d36af0d4c7af1edcf0f14208528ad9206aed7507116a7c0f2f
resnet,mixed,202,bandpass_n20004_call_covariance_s5,phase2/results/predictions/full/mixed/resnet/seed_202/bandpass_n20004_call_covariance_s5.npz,76175,4832dea4dbf915cd87e45895577cd17c7dbdcc1b2ca4a37663fc76e9a81e75b0
resnet,mixed,202,bandpass_n20004_call_covariance_s0,phase2/results/predictions/full/mixed/resnet/seed_202/bandpass_n20004_call_covariance_s0.npz,75802,f9d5449f827f287b162e07b1299f515826fe183dfad7a5ccf91893f1c8105a02
resnet,mixed,202,bandpass_n20005_cRA_LA_LL_independent_rms_s20,phase2/results/predictions/full/mixed/resnet/seed_202/bandpass_n20005_cRA_LA_LL_independent_rms_s20.npz,76465,20196ea1c1cc3921f461ee9a9f2f5fa94db03a77c33b38e1c5d5491980d20664
resnet,mixed,202,bandpass_n20005_cRA_LA_LL_independent_rms_s15,phase2/results/predictions/full/mixed/resnet/seed_202/bandpass_n20005_cRA_LA_LL_independent_rms_s15.npz,76465,f1f9a11fde425fa175582da972bd8e1694668b38f18925a2ee204e36546e294f
resnet,mixed,202,bandpass_n20005_cRA_LA_LL_independent_rms_s10,phase2/results/predictions/full/mixed/resnet/seed_202/bandpass_n20005_cRA_LA_LL_independent_rms_s10.npz,76413,209b04ef382d5425de297382bd7bab286853bb086310d6517c190268a6e67251
resnet,mixed,202,bandpass_n20005_cRA_LA_LL_independent_rms_s5,phase2/results/predictions/full/mixed/resnet/seed_202/bandpass_n20005_cRA_LA_LL_independent_rms_s5.npz,76271,e001b54faaf839008e35ccd8dd7be62c1c19abfd765dff80b4f030c407bc540c
resnet,mixed,202,bandpass_n20005_cRA_LA_LL_independent_rms_s0,phase2/results/predictions/full/mixed/resnet/seed_202/bandpass_n20005_cRA_LA_LL_independent_rms_s0.npz,75977,3320a962f1daf948a1a60c228881e837de376e9e6bd869bb742122018e392636
resnet,mixed,202,bandpass_n20005_cRA_LA_LL_electrode_s20,phase2/results/predictions/full/mixed/resnet/seed_202/bandpass_n20005_cRA_LA_LL_electrode_s20.npz,76450,43881f1464c53d662e22ba1f21e3ee92ee8c3fdc02ee9fe768497ad5022d6544
resnet,mixed,202,bandpass_n20005_cRA_LA_LL_electrode_s15,phase2/results/predictions/full/mixed/resnet/seed_202/bandpass_n20005_cRA_LA_LL_electrode_s15.npz,76410,dd0ae51b898dd470ebfcc2ecc0b3b04373f14efb5b59fb6c525d0ed5beeca876
resnet,mixed,202,bandpass_n20005_cRA_LA_LL_electrode_s10,phase2/results/predictions/full/mixed/resnet/seed_202/bandpass_n20005_cRA_LA_LL_electrode_s10.npz,76356,81849c49e9c4d9e0a878fa6dbcdb782180f4cc9bdcc0eaeb371ecdc9a1620add
resnet,mixed,202,bandpass_n20005_cRA_LA_LL_electrode_s5,phase2/results/predictions/full/mixed/resnet/seed_202/bandpass_n20005_cRA_LA_LL_electrode_s5.npz,76147,33e41552af9e187954833c56ad35202b44952e2dccfbea7350db398e97f2e385
resnet,mixed,202,bandpass_n20005_cRA_LA_LL_electrode_s0,phase2/results/predictions/full/mixed/resnet/seed_202/bandpass_n20005_cRA_LA_LL_electrode_s0.npz,75738,1c2cb38245083ac925e3b9a1639d8b0d3c208d0f3ec9848b287dfb5723506670
resnet,mixed,202,bandpass_n20005_cRA_LA_LL_covariance_s20,phase2/results/predictions/full/mixed/resnet/seed_202/bandpass_n20005_cRA_LA_LL_covariance_s20.npz,76435,e68f3114d11fc06bb2fcefb190641e5fb4909acfea0a2975fa604e59e23386c1
resnet,mixed,202,bandpass_n20005_cRA_LA_LL_covariance_s15,phase2/results/predictions/full/mixed/resnet/seed_202/bandpass_n20005_cRA_LA_LL_covariance_s15.npz,76404,088ac52d051f8dc55a214b3ecc2215fd7e6e83b6606862b07d299bb7397557e6
resnet,mixed,202,bandpass_n20005_cRA_LA_LL_covariance_s10,phase2/results/predictions/full/mixed/resnet/seed_202/bandpass_n20005_cRA_LA_LL_covariance_s10.npz,76342,3e21af94e07bc9041c0d94d7dc2af1ae5558bae97c11bef5d1503c89dfb3d188
resnet,mixed,202,bandpass_n20005_cRA_LA_LL_covariance_s5,phase2/results/predictions/full/mixed/resnet/seed_202/bandpass_n20005_cRA_LA_LL_covariance_s5.npz,76183,010907fc29566b6959d3d885f952f7ee2d629f7a128214ae58865d9b7818b2c0
resnet,mixed,202,bandpass_n20005_cRA_LA_LL_covariance_s0,phase2/results/predictions/full/mixed/resnet/seed_202/bandpass_n20005_cRA_LA_LL_covariance_s0.npz,75752,4556379794da1eb71d30e117c656b966f7a8fe80b382adaacd5ab3dbf677754b
resnet,mixed,202,bandpass_n20005_cV1_independent_rms_s20,phase2/results/predictions/full/mixed/resnet/seed_202/bandpass_n20005_cV1_independent_rms_s20.npz,76436,f6d742a3712866ad2ae8faef3310f331913b427d91c928badc7ac404117b4ccc
resnet,mixed,202,bandpass_n20005_cV1_independent_rms_s15,phase2/results/predictions/full/mixed/resnet/seed_202/bandpass_n20005_cV1_independent_rms_s15.npz,76457,6cb9d9b667daa5bc4b0845625c8356b6dce58f357513be539949a54d82ba87c3
resnet,mixed,202,bandpass_n20005_cV1_independent_rms_s10,phase2/results/predictions/full/mixed/resnet/seed_202/bandpass_n20005_cV1_independent_rms_s10.npz,76407,2278bd2676199522ad54565df2b87134c4e000e205645feac2b9b377f29062ec
resnet,mixed,202,bandpass_n20005_cV1_independent_rms_s5,phase2/results/predictions/full/mixed/resnet/seed_202/bandpass_n20005_cV1_independent_rms_s5.npz,76229,a51e29dea4c1252cdb8ada6881847fc3f202196b1fcb481e370ee4c3fcaee0f3
resnet,mixed,202,bandpass_n20005_cV1_independent_rms_s0,phase2/results/predictions/full/mixed/resnet/seed_202/bandpass_n20005_cV1_independent_rms_s0.npz,75808,c226d3fe0e949dfa822257e4df0aeea0f532191d31b46b39bb75511a9f543192
resnet,mixed,202,bandpass_n20005_cV1_electrode_s20,phase2/results/predictions/full/mixed/resnet/seed_202/bandpass_n20005_cV1_electrode_s20.npz,76428,149ad88850b6a38f83118459bf439d4e4b364b3fb5bce9a630dbee168ce51ef7
resnet,mixed,202,bandpass_n20005_cV1_electrode_s15,phase2/results/predictions/full/mixed/resnet/seed_202/bandpass_n20005_cV1_electrode_s15.npz,76467,4ef929a568ff73fa749a888626a7ee7f930c148263c52637de12d52bb859a457
resnet,mixed,202,bandpass_n20005_cV1_electrode_s10,phase2/results/predictions/full/mixed/resnet/seed_202/bandpass_n20005_cV1_electrode_s10.npz,76364,6794258f4b6dd56b28a64194717086c0e0dd0a1aadd5f23df150b99ec96c348c
resnet,mixed,202,bandpass_n20005_cV1_electrode_s5,phase2/results/predictions/full/mixed/resnet/seed_202/bandpass_n20005_cV1_electrode_s5.npz,76216,12152e59187c42f7720dd142c370f41523a6d4eb544dc8d8c2cf8f21735fb209
resnet,mixed,202,bandpass_n20005_cV1_electrode_s0,phase2/results/predictions/full/mixed/resnet/seed_202/bandpass_n20005_cV1_electrode_s0.npz,75812,b1154ec1299424e55eead88298257cc0656efcddfbf425baf04b19f36bcc73e1
resnet,mixed,202,bandpass_n20005_cV1_covariance_s20,phase2/results/predictions/full/mixed/resnet/seed_202/bandpass_n20005_cV1_covariance_s20.npz,76449,44f48f3a65d0e1bea6458f82cd8353f57de4cb62c88cbd6458538dbba4b875e7
resnet,mixed,202,bandpass_n20005_cV1_covariance_s15,phase2/results/predictions/full/mixed/resnet/seed_202/bandpass_n20005_cV1_covariance_s15.npz,76435,1613d567261f84910a3c072befb3dacfcbd667966c11935fdb15d8fc1c12cdd6
resnet,mixed,202,bandpass_n20005_cV1_covariance_s10,phase2/results/predictions/full/mixed/resnet/seed_202/bandpass_n20005_cV1_covariance_s10.npz,76382,ce6dd1890b2674fafbd49d14c05762f29d4642115a587d96f3a8ff6979358fbf
resnet,mixed,202,bandpass_n20005_cV1_covariance_s5,phase2/results/predictions/full/mixed/resnet/seed_202/bandpass_n20005_cV1_covariance_s5.npz,76183,eb60ad2bdd163f18b69e0075fb7bcecdffcb9a99e494648b29445afbab3b2022
resnet,mixed,202,bandpass_n20005_cV1_covariance_s0,phase2/results/predictions/full/mixed/resnet/seed_202/bandpass_n20005_cV1_covariance_s0.npz,75794,d11721e989042a89f938c7ef28672eba133dd63b08dca9424c993d10fd7e9f15
resnet,mixed,202,bandpass_n20005_cV2_independent_rms_s20,phase2/results/predictions/full/mixed/resnet/seed_202/bandpass_n20005_cV2_independent_rms_s20.npz,76474,7a7b4b3f5ae1309b845672ea8f5ed5518392f5e2c5c29dcb246b48721ae89549
resnet,mixed,202,bandpass_n20005_cV2_independent_rms_s15,phase2/results/predictions/full/mixed/resnet/seed_202/bandpass_n20005_cV2_independent_rms_s15.npz,76448,d22a10b0f2a8313fd2c9905d3f97e746c7e0439672acdb648f07bcb344f58870
resnet,mixed,202,bandpass_n20005_cV2_independent_rms_s10,phase2/results/predictions/full/mixed/resnet/seed_202/bandpass_n20005_cV2_independent_rms_s10.npz,76423,b8d289249f93b0c25b9f05345f29b41c571738eba442c6e144d42149b83d1460
resnet,mixed,202,bandpass_n20005_cV2_independent_rms_s5,phase2/results/predictions/full/mixed/resnet/seed_202/bandpass_n20005_cV2_independent_rms_s5.npz,76326,4e71a31be3bb90e7b13aa211078bd8b394a811aa389049642c4afd6dd6200918
resnet,mixed,202,bandpass_n20005_cV2_independent_rms_s0,phase2/results/predictions/full/mixed/resnet/seed_202/bandpass_n20005_cV2_independent_rms_s0.npz,76071,af9467c9f4016419b764673594b004d4a938247fda4caffcf243527fc81ed90c
resnet,mixed,202,bandpass_n20005_cV2_electrode_s20,phase2/results/predictions/full/mixed/resnet/seed_202/bandpass_n20005_cV2_electrode_s20.npz,76453,30002bfa10a57359ef3e6d9a4d2a080aa0f8463efc5598b9ba9399e59a6b808c
resnet,mixed,202,bandpass_n20005_cV2_electrode_s15,phase2/results/predictions/full/mixed/resnet/seed_202/bandpass_n20005_cV2_electrode_s15.npz,76423,11e6696596fce765219a03aedf5c815484e8e759e7fbf07dd377ff1a2ac60acf
resnet,mixed,202,bandpass_n20005_cV2_electrode_s10,phase2/results/predictions/full/mixed/resnet/seed_202/bandpass_n20005_cV2_electrode_s10.npz,76392,b7c6ac4ff9307b3acaaa07417685396b60970c919feb5f789edb9d98450efbc8
resnet,mixed,202,bandpass_n20005_cV2_electrode_s5,phase2/results/predictions/full/mixed/resnet/seed_202/bandpass_n20005_cV2_electrode_s5.npz,76304,213d3549f5a49948472c5acf1615c9952880e177d658adf77a937f51e1711a2d
resnet,mixed,202,bandpass_n20005_cV2_electrode_s0,phase2/results/predictions/full/mixed/resnet/seed_202/bandpass_n20005_cV2_electrode_s0.npz,76030,f533d35dd495f2a780a85c95bf4c6cabcc635cb4eca0abf2adff6d6c773caa22
resnet,mixed,202,bandpass_n20005_cV2_covariance_s20,phase2/results/predictions/full/mixed/resnet/seed_202/bandpass_n20005_cV2_covariance_s20.npz,76432,6d0e08e06ba95ffcef0e4d6fac47aeefc305489345d7d46f3183959ea07d9778
resnet,mixed,202,bandpass_n20005_cV2_covariance_s15,phase2/results/predictions/full/mixed/resnet/seed_202/bandpass_n20005_cV2_covariance_s15.npz,76427,d7bc04dabba5be10f26dbee7d9cde5072a7fe2cb6bce1cd4239004bcc5bd2a5a
resnet,mixed,202,bandpass_n20005_cV2_covariance_s10,phase2/results/predictions/full/mixed/resnet/seed_202/bandpass_n20005_cV2_covariance_s10.npz,76437,455eba41309941f99e1f77ff81f4b1eeb7187f470205e631f90d353ad001b13d
resnet,mixed,202,bandpass_n20005_cV2_covariance_s5,phase2/results/predictions/full/mixed/resnet/seed_202/bandpass_n20005_cV2_covariance_s5.npz,76318,5352e56557a0bff555d4938e6a01e2f74171256a97df6fcb172363deb60859b3
resnet,mixed,202,bandpass_n20005_cV2_covariance_s0,phase2/results/predictions/full/mixed/resnet/seed_202/bandpass_n20005_cV2_covariance_s0.npz,76029,fd4e1a36af3beab7f0384649db31e20d34bdc966397551dddf2510b3c3f1e5cf
resnet,mixed,202,bandpass_n20005_cV3_independent_rms_s20,phase2/results/predictions/full/mixed/resnet/seed_202/bandpass_n20005_cV3_independent_rms_s20.npz,76454,b06bb08d4411e50d4b7193fc1d5728c1ee72ca0ca7733d7f094dab04435e4a93
resnet,mixed,202,bandpass_n20005_cV3_independent_rms_s15,phase2/results/predictions/full/mixed/resnet/seed_202/bandpass_n20005_cV3_independent_rms_s15.npz,76487,f63c703590f204b8606bf8f9ae288c76d4cd4377d2b313430bc48acd98e4f7dd
resnet,mixed,202,bandpass_n20005_cV3_independent_rms_s10,phase2/results/predictions/full/mixed/resnet/seed_202/bandpass_n20005_cV3_independent_rms_s10.npz,76463,cea4bb928a98882d8cc08b0679b6268737c34edbff272fd12aa83f977587e944
resnet,mixed,202,bandpass_n20005_cV3_independent_rms_s5,phase2/results/predictions/full/mixed/resnet/seed_202/bandpass_n20005_cV3_independent_rms_s5.npz,76439,5af6d4e15d653425e9191b8c0a6cd01c61a0ce5439a8ce8464c42ca8ca7289fc
resnet,mixed,202,bandpass_n20005_cV3_independent_rms_s0,phase2/results/predictions/full/mixed/resnet/seed_202/bandpass_n20005_cV3_independent_rms_s0.npz,76231,5890b536638cc48caf336492b18048859597d8e57d33911de9088721ad2615a5
resnet,mixed,202,bandpass_n20005_cV3_electrode_s20,phase2/results/predictions/full/mixed/resnet/seed_202/bandpass_n20005_cV3_electrode_s20.npz,76434,e6d890b2dd99400cc22e668b02e415feeb3778a245392502bab500499a289a88
resnet,mixed,202,bandpass_n20005_cV3_electrode_s15,phase2/results/predictions/full/mixed/resnet/seed_202/bandpass_n20005_cV3_electrode_s15.npz,76458,abc119eaf235857783357bbe40d990e368f2b983ae39f6cf1854b5b158bb464a
resnet,mixed,202,bandpass_n20005_cV3_electrode_s10,phase2/results/predictions/full/mixed/resnet/seed_202/bandpass_n20005_cV3_electrode_s10.npz,76447,7683517867b1fbe4f87e1b556328fca15428bfa55423747f4142fcfa69bdc0c5
resnet,mixed,202,bandpass_n20005_cV3_electrode_s5,phase2/results/predictions/full/mixed/resnet/seed_202/bandpass_n20005_cV3_electrode_s5.npz,76416,de4d47e03e1dbf69b8bf008eacc507a7df44a1c700d284136d08ed3679d79862
resnet,mixed,202,bandpass_n20005_cV3_electrode_s0,phase2/results/predictions/full/mixed/resnet/seed_202/bandpass_n20005_cV3_electrode_s0.npz,76227,d82dc88ea89a91e5ee83f3b89fe0c62aad94d86f8050d3ad58981538e3ec602b
resnet,mixed,202,bandpass_n20005_cV3_covariance_s20,phase2/results/predictions/full/mixed/resnet/seed_202/bandpass_n20005_cV3_covariance_s20.npz,76447,3ebec12095d9faa420623825207d38a4f3179d2990609bb805d74d19f4dbcf5b
resnet,mixed,202,bandpass_n20005_cV3_covariance_s15,phase2/results/predictions/full/mixed/resnet/seed_202/bandpass_n20005_cV3_covariance_s15.npz,76466,38107db6e9f32bab88a77375bbff064df1e76b9b30f6e7b9681d165708b1753b
resnet,mixed,202,bandpass_n20005_cV3_covariance_s10,phase2/results/predictions/full/mixed/resnet/seed_202/bandpass_n20005_cV3_covariance_s10.npz,76440,676c94bb28c408194e57a52b754bdb8634f20414b9932db03c28bdb8f4084052
resnet,mixed,202,bandpass_n20005_cV3_covariance_s5,phase2/results/predictions/full/mixed/resnet/seed_202/bandpass_n20005_cV3_covariance_s5.npz,76420,902cf4e2175cf0ed751aeeb997c38106f42b98b5440fa7042e85023b93360476
resnet,mixed,202,bandpass_n20005_cV3_covariance_s0,phase2/results/predictions/full/mixed/resnet/seed_202/bandpass_n20005_cV3_covariance_s0.npz,76225,378777f79fc20ecd7f9081c84041e8e03d542e8e3b8d08ae51f408e6cfbf0f44
resnet,mixed,202,bandpass_n20005_cV4_independent_rms_s20,phase2/results/predictions/full/mixed/resnet/seed_202/bandpass_n20005_cV4_independent_rms_s20.npz,76444,f0c80892192a424908ea16187fef085f67c5288babe1a82c556e7de364651771
resnet,mixed,202,bandpass_n20005_cV4_independent_rms_s15,phase2/results/predictions/full/mixed/resnet/seed_202/bandpass_n20005_cV4_independent_rms_s15.npz,76457,c050aba69a37cfb655de9c2450b14361f29ca1c36017d5385ccf27c227aad12d
resnet,mixed,202,bandpass_n20005_cV4_independent_rms_s10,phase2/results/predictions/full/mixed/resnet/seed_202/bandpass_n20005_cV4_independent_rms_s10.npz,76432,7082731022915580e364ea9d0c33d32ef0365118eb8a34ec17911aa7ab1235e0
resnet,mixed,202,bandpass_n20005_cV4_independent_rms_s5,phase2/results/predictions/full/mixed/resnet/seed_202/bandpass_n20005_cV4_independent_rms_s5.npz,76331,591e929aaa1f59e017e84d1928151ea38970e16848a25c32c4e0f15b5f8cc7fc
resnet,mixed,202,bandpass_n20005_cV4_independent_rms_s0,phase2/results/predictions/full/mixed/resnet/seed_202/bandpass_n20005_cV4_independent_rms_s0.npz,76050,586f2bc3136ffec38629a63846aa021782091de93e2ae4ce8c659bcf74818abb
resnet,mixed,202,bandpass_n20005_cV4_electrode_s20,phase2/results/predictions/full/mixed/resnet/seed_202/bandpass_n20005_cV4_electrode_s20.npz,76446,f073b70de7de5802cd95755d3901048e09d2786dcb6e9d5938e17b0cdca8aaa2
resnet,mixed,202,bandpass_n20005_cV4_electrode_s15,phase2/results/predictions/full/mixed/resnet/seed_202/bandpass_n20005_cV4_electrode_s15.npz,76453,978a1b5b991a086b0881f64d342aba4bc409a42b4c7e1cd1f0c9bdf4ad6f57d0
resnet,mixed,202,bandpass_n20005_cV4_electrode_s10,phase2/results/predictions/full/mixed/resnet/seed_202/bandpass_n20005_cV4_electrode_s10.npz,76404,7b98a00460b7665d4f4069bad84a317c694d77b14d67d4eb828ed0b2e25fb976
resnet,mixed,202,bandpass_n20005_cV4_electrode_s5,phase2/results/predictions/full/mixed/resnet/seed_202/bandpass_n20005_cV4_electrode_s5.npz,76318,e29eb921a337be8ebcb8c51a60fce97ed622e666e0f3ddeed4f2381f6c02f4af
resnet,mixed,202,bandpass_n20005_cV4_electrode_s0,phase2/results/predictions/full/mixed/resnet/seed_202/bandpass_n20005_cV4_electrode_s0.npz,76021,b3a3f9485272355909fdd2ed0d5a593a06319d6a4118e029e06452d1e749de74
resnet,mixed,202,bandpass_n20005_cV4_covariance_s20,phase2/results/predictions/full/mixed/resnet/seed_202/bandpass_n20005_cV4_covariance_s20.npz,76409,154299327b17b6135fdba3456dad3b0bf661475f471051f63db5c93b165f34fa
resnet,mixed,202,bandpass_n20005_cV4_covariance_s15,phase2/results/predictions/full/mixed/resnet/seed_202/bandpass_n20005_cV4_covariance_s15.npz,76417,668e00054fe2309de154db0b46c18039d82f252f7078711193eb98ff0654845a
resnet,mixed,202,bandpass_n20005_cV4_covariance_s10,phase2/results/predictions/full/mixed/resnet/seed_202/bandpass_n20005_cV4_covariance_s10.npz,76410,5b235bb9cb7b948f98fe507a23ea9cabef07c26c69897cd0ed42af62a1af2442
resnet,mixed,202,bandpass_n20005_cV4_covariance_s5,phase2/results/predictions/full/mixed/resnet/seed_202/bandpass_n20005_cV4_covariance_s5.npz,76337,243ea5dd50b780bd36ace052a0d405f5351a0c9d76fc27e1e828ae75edacaf21
resnet,mixed,202,bandpass_n20005_cV4_covariance_s0,phase2/results/predictions/full/mixed/resnet/seed_202/bandpass_n20005_cV4_covariance_s0.npz,76020,5e785de8ff54b5c53219b18242ea3b5ff2a33da24ae217f45e762ba636d3b926
resnet,mixed,202,bandpass_n20005_cV5_independent_rms_s20,phase2/results/predictions/full/mixed/resnet/seed_202/bandpass_n20005_cV5_independent_rms_s20.npz,76438,e09caedd3f17df1328c63efb3f8a3c36bdebb4e117339ca0a56e95b738b1afed
resnet,mixed,202,bandpass_n20005_cV5_independent_rms_s15,phase2/results/predictions/full/mixed/resnet/seed_202/bandpass_n20005_cV5_independent_rms_s15.npz,76464,09cc75147a945dc348066d89553fb3aad0f54acde3dc1b29064c0b78fc14d4eb
resnet,mixed,202,bandpass_n20005_cV5_independent_rms_s10,phase2/results/predictions/full/mixed/resnet/seed_202/bandpass_n20005_cV5_independent_rms_s10.npz,76413,2c4d05f2562fc4105702979d9298a28cea8b085c12eceea01e799b113aca26de
resnet,mixed,202,bandpass_n20005_cV5_independent_rms_s5,phase2/results/predictions/full/mixed/resnet/seed_202/bandpass_n20005_cV5_independent_rms_s5.npz,76344,fc2d6033f3742dc95265d8fe2830fb5f24c72a3de49e672be1ce4c1842977c6c
resnet,mixed,202,bandpass_n20005_cV5_independent_rms_s0,phase2/results/predictions/full/mixed/resnet/seed_202/bandpass_n20005_cV5_independent_rms_s0.npz,76023,0d5ca36666aca36f9198c229d1fff3b1991dfb138daf9b554fff5c0342f340f1
resnet,mixed,202,bandpass_n20005_cV5_electrode_s20,phase2/results/predictions/full/mixed/resnet/seed_202/bandpass_n20005_cV5_electrode_s20.npz,76419,80e7b1133501994b58f035d565e11dd1d3d0315d210fb70148ccfbf83f4449fc
resnet,mixed,202,bandpass_n20005_cV5_electrode_s15,phase2/results/predictions/full/mixed/resnet/seed_202/bandpass_n20005_cV5_electrode_s15.npz,76425,82476e567c72d1a49440347efe27ea1c4a9bea25101b922ecd9b6c6190dbb194
resnet,mixed,202,bandpass_n20005_cV5_electrode_s10,phase2/results/predictions/full/mixed/resnet/seed_202/bandpass_n20005_cV5_electrode_s10.npz,76402,c390710a8d2bcad8ac90923f6b88f1e3efec47d1494a02d7f1e91aa60cd51ced
resnet,mixed,202,bandpass_n20005_cV5_electrode_s5,phase2/results/predictions/full/mixed/resnet/seed_202/bandpass_n20005_cV5_electrode_s5.npz,76296,00b29820d4d50f03edc45d53855427122bf81ad77c2ae6f3c1b1d46ad8cbdef1
resnet,mixed,202,bandpass_n20005_cV5_electrode_s0,phase2/results/predictions/full/mixed/resnet/seed_202/bandpass_n20005_cV5_electrode_s0.npz,76002,26a876df14cbaa6ae9b5ce51ddba45a9acdd65e94154eb8e8961b037ffa37192
resnet,mixed,202,bandpass_n20005_cV5_covariance_s20,phase2/results/predictions/full/mixed/resnet/seed_202/bandpass_n20005_cV5_covariance_s20.npz,76450,3d2be9a458046e5a426200c3a592eb3fb36eb2256d95172d43a670e01130b47e
resnet,mixed,202,bandpass_n20005_cV5_covariance_s15,phase2/results/predictions/full/mixed/resnet/seed_202/bandpass_n20005_cV5_covariance_s15.npz,76425,cccce5ade0b5145f89f8553ba65210708134b624abab8543ecc96278663a39ad
resnet,mixed,202,bandpass_n20005_cV5_covariance_s10,phase2/results/predictions/full/mixed/resnet/seed_202/bandpass_n20005_cV5_covariance_s10.npz,76376,d34c83e5f7b259f5fd8170afc4884598b016a6f76939ae8cfd0bdd72827fe1e8
resnet,mixed,202,bandpass_n20005_cV5_covariance_s5,phase2/results/predictions/full/mixed/resnet/seed_202/bandpass_n20005_cV5_covariance_s5.npz,76293,c8a117fed8f58ec6cf2006c1413ef0308ca678222541e49dc22673c3430da38d
resnet,mixed,202,bandpass_n20005_cV5_covariance_s0,phase2/results/predictions/full/mixed/resnet/seed_202/bandpass_n20005_cV5_covariance_s0.npz,76027,5ad8657f89391509b763aa5a20c4466df06e56e039a68e950aeb47e20aab93ef
resnet,mixed,202,bandpass_n20005_cV6_independent_rms_s20,phase2/results/predictions/full/mixed/resnet/seed_202/bandpass_n20005_cV6_independent_rms_s20.npz,76468,3fefbe1e9fc9f37adf3ec034f493494ae724b77184ffde8f0c2b31a3c9cd40f8
resnet,mixed,202,bandpass_n20005_cV6_independent_rms_s15,phase2/results/predictions/full/mixed/resnet/seed_202/bandpass_n20005_cV6_independent_rms_s15.npz,76431,447a07b10ec54fe442b1e7e2f25c52536389db702b34aba6ecaff6e9b759aa92
resnet,mixed,202,bandpass_n20005_cV6_independent_rms_s10,phase2/results/predictions/full/mixed/resnet/seed_202/bandpass_n20005_cV6_independent_rms_s10.npz,76390,24e004eff1f793f4f7d760ada13b0ba9086d9934eeb90764e20828c1c352892e
resnet,mixed,202,bandpass_n20005_cV6_independent_rms_s5,phase2/results/predictions/full/mixed/resnet/seed_202/bandpass_n20005_cV6_independent_rms_s5.npz,76243,7477952ceff7fd951ac08273aa46d77c53be0c9927c14dbae7fe77f4e8a87e04
resnet,mixed,202,bandpass_n20005_cV6_independent_rms_s0,phase2/results/predictions/full/mixed/resnet/seed_202/bandpass_n20005_cV6_independent_rms_s0.npz,75945,c9cf15b343ef2fff9b12fc924d866db61ae1b82314f3c86c1e9df6644335b1ff
resnet,mixed,202,bandpass_n20005_cV6_electrode_s20,phase2/results/predictions/full/mixed/resnet/seed_202/bandpass_n20005_cV6_electrode_s20.npz,76431,faf2fb1d0e5288817a3e7e6713ef547c6bc0bd5e036648fc2e96deb910688fbc
resnet,mixed,202,bandpass_n20005_cV6_electrode_s15,phase2/results/predictions/full/mixed/resnet/seed_202/bandpass_n20005_cV6_electrode_s15.npz,76416,110344569b130ada78b52456213a04680dd9f75bc4d77a6c1a0aafc23b4d9fad
resnet,mixed,202,bandpass_n20005_cV6_electrode_s10,phase2/results/predictions/full/mixed/resnet/seed_202/bandpass_n20005_cV6_electrode_s10.npz,76386,2c011f43a22f49c205cf4bca5924b436a717c5511c003c6bb1d4ac5ef9a2793e
resnet,mixed,202,bandpass_n20005_cV6_electrode_s5,phase2/results/predictions/full/mixed/resnet/seed_202/bandpass_n20005_cV6_electrode_s5.npz,76275,e11823ba5744dcbc4f1832203f6452726b12c74e41bafffc7ef6f186f408badb
resnet,mixed,202,bandpass_n20005_cV6_electrode_s0,phase2/results/predictions/full/mixed/resnet/seed_202/bandpass_n20005_cV6_electrode_s0.npz,75941,adbe761f4020b3f1df99b913b53ba9d94e844685b363b7baa04b590049aa05d5
resnet,mixed,202,bandpass_n20005_cV6_covariance_s20,phase2/results/predictions/full/mixed/resnet/seed_202/bandpass_n20005_cV6_covariance_s20.npz,76463,819a3f1fcc09b1f42ba306397c8b78c168d6462dca1f0dcabca2b34f32b94fbe
resnet,mixed,202,bandpass_n20005_cV6_covariance_s15,phase2/results/predictions/full/mixed/resnet/seed_202/bandpass_n20005_cV6_covariance_s15.npz,76437,90582bd62496ed1634bd8fc591a4a8fb827961a9d72f7fa4218ec949823b7c1b
resnet,mixed,202,bandpass_n20005_cV6_covariance_s10,phase2/results/predictions/full/mixed/resnet/seed_202/bandpass_n20005_cV6_covariance_s10.npz,76389,5972d5ca46906e74a597b6e5e70dacddb4e730e10804fc3ef616fcdaee933ecf
resnet,mixed,202,bandpass_n20005_cV6_covariance_s5,phase2/results/predictions/full/mixed/resnet/seed_202/bandpass_n20005_cV6_covariance_s5.npz,76297,238e3447456dd3eb34ea277e00de907a5ac8497d6a4e9e2d276a79002137bb34
resnet,mixed,202,bandpass_n20005_cV6_covariance_s0,phase2/results/predictions/full/mixed/resnet/seed_202/bandpass_n20005_cV6_covariance_s0.npz,75949,debaf9c00792b4511f155e1c220a0c32e2ec8e9e2271c3cde59c2a7f1d62c482
resnet,mixed,202,bandpass_n20005_cRA_LA_independent_rms_s20,phase2/results/predictions/full/mixed/resnet/seed_202/bandpass_n20005_cRA_LA_independent_rms_s20.npz,76484,97c3fde6a142df300bc2e625f537e1a2633465a3421b50b15cdda212ac6476da
resnet,mixed,202,bandpass_n20005_cRA_LA_independent_rms_s15,phase2/results/predictions/full/mixed/resnet/seed_202/bandpass_n20005_cRA_LA_independent_rms_s15.npz,76442,a2caaae4f71f94e72ed3370ba5bd9f443503635195324c0ed1d96dc8adae7f9d
resnet,mixed,202,bandpass_n20005_cRA_LA_independent_rms_s10,phase2/results/predictions/full/mixed/resnet/seed_202/bandpass_n20005_cRA_LA_independent_rms_s10.npz,76402,c4e961ce7fa24ac58f1e330272a22ae137b54c1079bb456ec331b795d53934e2
resnet,mixed,202,bandpass_n20005_cRA_LA_independent_rms_s5,phase2/results/predictions/full/mixed/resnet/seed_202/bandpass_n20005_cRA_LA_independent_rms_s5.npz,76277,39eb6bc4b81b246c96fef5b57a7e5ee248dfb969573bad7ce0071bf12cc4caa7
resnet,mixed,202,bandpass_n20005_cRA_LA_independent_rms_s0,phase2/results/predictions/full/mixed/resnet/seed_202/bandpass_n20005_cRA_LA_independent_rms_s0.npz,75955,186ed3eadb4aa9033755424b2e015e4510081f7ccd26d924b0778600258fd959
resnet,mixed,202,bandpass_n20005_cRA_LA_electrode_s20,phase2/results/predictions/full/mixed/resnet/seed_202/bandpass_n20005_cRA_LA_electrode_s20.npz,76446,089fd9addbdbf518519f7ee59bee4e315fa0e21538a358287cd2e88aea074e9e
resnet,mixed,202,bandpass_n20005_cRA_LA_electrode_s15,phase2/results/predictions/full/mixed/resnet/seed_202/bandpass_n20005_cRA_LA_electrode_s15.npz,76424,fa4e97f66169297e111928a2b361ca1436f606be3fc0d2eb212e028c8e0e3170
resnet,mixed,202,bandpass_n20005_cRA_LA_electrode_s10,phase2/results/predictions/full/mixed/resnet/seed_202/bandpass_n20005_cRA_LA_electrode_s10.npz,76340,cf17f2e2d2c266b529204d5bc68e3de45327c3581df8dc1aef8b74a8a4d887e9
resnet,mixed,202,bandpass_n20005_cRA_LA_electrode_s5,phase2/results/predictions/full/mixed/resnet/seed_202/bandpass_n20005_cRA_LA_electrode_s5.npz,76134,89f7b44929c46990073f5a985aede660e3a41e7e7c09bbbecd8a7af50174c034
resnet,mixed,202,bandpass_n20005_cRA_LA_electrode_s0,phase2/results/predictions/full/mixed/resnet/seed_202/bandpass_n20005_cRA_LA_electrode_s0.npz,75785,920ea2547e6045abd385f3144041d63c8b381a781d431ad1c8d5f0e2384d218f
resnet,mixed,202,bandpass_n20005_cRA_LA_covariance_s20,phase2/results/predictions/full/mixed/resnet/seed_202/bandpass_n20005_cRA_LA_covariance_s20.npz,76463,5ca73674abd8e2ce93e232cadf9776e8b6eb002eb00716eb807a2b160abcb1ab
resnet,mixed,202,bandpass_n20005_cRA_LA_covariance_s15,phase2/results/predictions/full/mixed/resnet/seed_202/bandpass_n20005_cRA_LA_covariance_s15.npz,76423,7fb017586c62c13810cf5d7ed75b1966f9c793104fe398d64bf9cfbaf66f96cb
resnet,mixed,202,bandpass_n20005_cRA_LA_covariance_s10,phase2/results/predictions/full/mixed/resnet/seed_202/bandpass_n20005_cRA_LA_covariance_s10.npz,76345,73c1c5fed3f470b1fc5efa4a59147af2a1c5c582d8613d802446877e845b143e
resnet,mixed,202,bandpass_n20005_cRA_LA_covariance_s5,phase2/results/predictions/full/mixed/resnet/seed_202/bandpass_n20005_cRA_LA_covariance_s5.npz,76143,ee48d4a8e5bcc78da8f26e2dd245451a7e5d2bae5c3a27c962ffc0ee4a39ff39
resnet,mixed,202,bandpass_n20005_cRA_LA_covariance_s0,phase2/results/predictions/full/mixed/resnet/seed_202/bandpass_n20005_cRA_LA_covariance_s0.npz,75841,3bd4494d2fe883767068fbdd8ff72d6ec48b93f6bf4af8956c10f520b1d218ea
resnet,mixed,202,bandpass_n20005_cLA_LL_independent_rms_s20,phase2/results/predictions/full/mixed/resnet/seed_202/bandpass_n20005_cLA_LL_independent_rms_s20.npz,76453,21cf44d4cc8eb37f06dc67e3dada433f87c27bbda3ba76b47baee63c64a65609
resnet,mixed,202,bandpass_n20005_cLA_LL_independent_rms_s15,phase2/results/predictions/full/mixed/resnet/seed_202/bandpass_n20005_cLA_LL_independent_rms_s15.npz,76428,e054411cc099da714dcea82907feb8d14748001e625ecba24bec6fc36738862c
resnet,mixed,202,bandpass_n20005_cLA_LL_independent_rms_s10,phase2/results/predictions/full/mixed/resnet/seed_202/bandpass_n20005_cLA_LL_independent_rms_s10.npz,76403,f7505e94c89806609b93243e6dc11df79d119ed5113fc8e91f2ae389f53f8e12
resnet,mixed,202,bandpass_n20005_cLA_LL_independent_rms_s5,phase2/results/predictions/full/mixed/resnet/seed_202/bandpass_n20005_cLA_LL_independent_rms_s5.npz,76266,d7ba71fba4da3dbdda7b206093ce8b92401838162f1d1d4bf6f30e0c3d0c2879
resnet,mixed,202,bandpass_n20005_cLA_LL_independent_rms_s0,phase2/results/predictions/full/mixed/resnet/seed_202/bandpass_n20005_cLA_LL_independent_rms_s0.npz,75956,e51aa850373f96f03659805b6be529b51050ba2c920b8faa80480832679f5e62
resnet,mixed,202,bandpass_n20005_cLA_LL_electrode_s20,phase2/results/predictions/full/mixed/resnet/seed_202/bandpass_n20005_cLA_LL_electrode_s20.npz,76432,6105be5f41d7239355d4ac22b92b0b1e6c71e0afb0bccf7b5dcee3bd8e5f46a5
resnet,mixed,202,bandpass_n20005_cLA_LL_electrode_s15,phase2/results/predictions/full/mixed/resnet/seed_202/bandpass_n20005_cLA_LL_electrode_s15.npz,76413,1905935e93c95525a06b77aa10e587a369478adbf98eed6706c11bbad68483a3
resnet,mixed,202,bandpass_n20005_cLA_LL_electrode_s10,phase2/results/predictions/full/mixed/resnet/seed_202/bandpass_n20005_cLA_LL_electrode_s10.npz,76351,588181c568d4c0eeba0bcd46d7c72ee3e233cd1c1ba635563cc72c295295c9b2
resnet,mixed,202,bandpass_n20005_cLA_LL_electrode_s5,phase2/results/predictions/full/mixed/resnet/seed_202/bandpass_n20005_cLA_LL_electrode_s5.npz,76114,a11aaf98adb0052fe66903d562cd418b2ce7add6472812b38772252b886c8fbc
resnet,mixed,202,bandpass_n20005_cLA_LL_electrode_s0,phase2/results/predictions/full/mixed/resnet/seed_202/bandpass_n20005_cLA_LL_electrode_s0.npz,75654,579d524ec12ad583aea33cfbf58e48a489b82581a598a5424fdec3121f8d6fe7
resnet,mixed,202,bandpass_n20005_cLA_LL_covariance_s20,phase2/results/predictions/full/mixed/resnet/seed_202/bandpass_n20005_cLA_LL_covariance_s20.npz,76443,f7c4bfce1f0ab708aecb41807d7fb7624cdecffdc3dc53421760b3ffcdba21ae
resnet,mixed,202,bandpass_n20005_cLA_LL_covariance_s15,phase2/results/predictions/full/mixed/resnet/seed_202/bandpass_n20005_cLA_LL_covariance_s15.npz,76415,4dfe0526b434eaa020ee71b0793a559983ebe7928b103b3c5fb1f9a9d898b1e4
resnet,mixed,202,bandpass_n20005_cLA_LL_covariance_s10,phase2/results/predictions/full/mixed/resnet/seed_202/bandpass_n20005_cLA_LL_covariance_s10.npz,76362,d851530a703d47e7033d781b1ce2b8fdfb6d08aad8490f8a2ab5aba62e3cf7f5
resnet,mixed,202,bandpass_n20005_cLA_LL_covariance_s5,phase2/results/predictions/full/mixed/resnet/seed_202/bandpass_n20005_cLA_LL_covariance_s5.npz,76184,14500798535667dd645441a3552ffac0d5c06c0bd7193c0a4e6294f15e2ab167
resnet,mixed,202,bandpass_n20005_cLA_LL_covariance_s0,phase2/results/predictions/full/mixed/resnet/seed_202/bandpass_n20005_cLA_LL_covariance_s0.npz,75681,ddf3e8573f55f7bd452f444e561ceb8a00ff3e98be9dfe1b3c3d2e591a9eafaa
resnet,mixed,202,bandpass_n20005_cRA_LL_independent_rms_s20,phase2/results/predictions/full/mixed/resnet/seed_202/bandpass_n20005_cRA_LL_independent_rms_s20.npz,76458,5a60ac3543eeba5f911d5e8019ac8fbfa342c63210bb007649ce6d383a828536
resnet,mixed,202,bandpass_n20005_cRA_LL_independent_rms_s15,phase2/results/predictions/full/mixed/resnet/seed_202/bandpass_n20005_cRA_LL_independent_rms_s15.npz,76440,3c4a3a50acf9763b6dc3fbab614a36f802b85abcc94fcc0d895794791e553283
resnet,mixed,202,bandpass_n20005_cRA_LL_independent_rms_s10,phase2/results/predictions/full/mixed/resnet/seed_202/bandpass_n20005_cRA_LL_independent_rms_s10.npz,76406,5782b6cd89c5c95712dd60e6790fe7e35d3076eea839425dbc48bd15885bbe2c
resnet,mixed,202,bandpass_n20005_cRA_LL_independent_rms_s5,phase2/results/predictions/full/mixed/resnet/seed_202/bandpass_n20005_cRA_LL_independent_rms_s5.npz,76295,dede960e642951ce340624705c182d8ca8bb2630f477b88306308b4cf9b8cdd7
resnet,mixed,202,bandpass_n20005_cRA_LL_independent_rms_s0,phase2/results/predictions/full/mixed/resnet/seed_202/bandpass_n20005_cRA_LL_independent_rms_s0.npz,75996,b3ae7ea967c7d0ad67b9f9966bcfc176f21e0c7a378c049e900622ff16f8a8e3
resnet,mixed,202,bandpass_n20005_cRA_LL_electrode_s20,phase2/results/predictions/full/mixed/resnet/seed_202/bandpass_n20005_cRA_LL_electrode_s20.npz,76428,d636da3a62626ad8c37ef4f1dbf4a0972626d06300642cca398bc4e4f68dc17a
resnet,mixed,202,bandpass_n20005_cRA_LL_electrode_s15,phase2/results/predictions/full/mixed/resnet/seed_202/bandpass_n20005_cRA_LL_electrode_s15.npz,76420,1bebd01e070eebbb0100fd6038626e1a1d520f3591a9552211d97bc909af36dc
resnet,mixed,202,bandpass_n20005_cRA_LL_electrode_s10,phase2/results/predictions/full/mixed/resnet/seed_202/bandpass_n20005_cRA_LL_electrode_s10.npz,76315,e1f47c48951cf0940694ae1f7107ab2ece85427cfba4ae83fbfee831dad3cd66
resnet,mixed,202,bandpass_n20005_cRA_LL_electrode_s5,phase2/results/predictions/full/mixed/resnet/seed_202/bandpass_n20005_cRA_LL_electrode_s5.npz,76129,8cd613742f3eff7d88b85f508fbd5b89f48941655e7419f2e46a1120128cf66a
resnet,mixed,202,bandpass_n20005_cRA_LL_electrode_s0,phase2/results/predictions/full/mixed/resnet/seed_202/bandpass_n20005_cRA_LL_electrode_s0.npz,75716,603e8eb74fb3595d8cb37b4dd2162acd0db57cc55eb2f7323c80e7600b1dbfc7
resnet,mixed,202,bandpass_n20005_cRA_LL_covariance_s20,phase2/results/predictions/full/mixed/resnet/seed_202/bandpass_n20005_cRA_LL_covariance_s20.npz,76423,19535e8e9d7abca4110f485a083635db58604235ca00fdeda7c0f22e8354378a
resnet,mixed,202,bandpass_n20005_cRA_LL_covariance_s15,phase2/results/predictions/full/mixed/resnet/seed_202/bandpass_n20005_cRA_LL_covariance_s15.npz,76375,bf3505a6bb9a37f3ee9ff886c0772a588864d3108dca4d4d9c9d446647e184c5
resnet,mixed,202,bandpass_n20005_cRA_LL_covariance_s10,phase2/results/predictions/full/mixed/resnet/seed_202/bandpass_n20005_cRA_LL_covariance_s10.npz,76310,1772ab72457fa0399fa13862c643d8c8a83e0fa6f4c5e36bf92240d51bf5161a
resnet,mixed,202,bandpass_n20005_cRA_LL_covariance_s5,phase2/results/predictions/full/mixed/resnet/seed_202/bandpass_n20005_cRA_LL_covariance_s5.npz,76118,cd6070b5430dce51a8a195e078f7f7ba7312cbb5fff918e789adc9649821ad8d
resnet,mixed,202,bandpass_n20005_cRA_LL_covariance_s0,phase2/results/predictions/full/mixed/resnet/seed_202/bandpass_n20005_cRA_LL_covariance_s0.npz,75743,65fa561a864a324b31d502b97dabcdc4e1b16146c0c3bd5126410b6855289b28
resnet,mixed,202,bandpass_n20005_cRA_independent_rms_s20,phase2/results/predictions/full/mixed/resnet/seed_202/bandpass_n20005_cRA_independent_rms_s20.npz,76455,13153a1e5cc0233939a49adb26190403866c0482e5784c079bc35e548241124b
resnet,mixed,202,bandpass_n20005_cRA_independent_rms_s15,phase2/results/predictions/full/mixed/resnet/seed_202/bandpass_n20005_cRA_independent_rms_s15.npz,76472,8d2bc6fdb707c2f7129652b997525831c9a32aab467f271a28985869728555db
resnet,mixed,202,bandpass_n20005_cRA_independent_rms_s10,phase2/results/predictions/full/mixed/resnet/seed_202/bandpass_n20005_cRA_independent_rms_s10.npz,76388,33f6d8ea998989bb27b317147c5db70df6ce48cffee2bab1f9baa0c483f661e8
resnet,mixed,202,bandpass_n20005_cRA_independent_rms_s5,phase2/results/predictions/full/mixed/resnet/seed_202/bandpass_n20005_cRA_independent_rms_s5.npz,76261,2888252729dfbfd9b8bfe530fff2cbe4a59b2a3b8f428f84602adf380c5394ae
resnet,mixed,202,bandpass_n20005_cRA_independent_rms_s0,phase2/results/predictions/full/mixed/resnet/seed_202/bandpass_n20005_cRA_independent_rms_s0.npz,76001,755fbae2ddaf6860bf2beb6702c0c9e54954d83456b0be6eee8bd199fbc46c7d
resnet,mixed,202,bandpass_n20005_cRA_electrode_s20,phase2/results/predictions/full/mixed/resnet/seed_202/bandpass_n20005_cRA_electrode_s20.npz,76435,7c7b572ed8c6b41d47426e49ec5db9180f739efaee8715127865e9bc1405e6c4
resnet,mixed,202,bandpass_n20005_cRA_electrode_s15,phase2/results/predictions/full/mixed/resnet/seed_202/bandpass_n20005_cRA_electrode_s15.npz,76410,c8ef253ce6c4b72317f9ec84504df7bf280a05c4028f7b3e9e99b813908934de
resnet,mixed,202,bandpass_n20005_cRA_electrode_s10,phase2/results/predictions/full/mixed/resnet/seed_202/bandpass_n20005_cRA_electrode_s10.npz,76298,8a8671cdff381ee44d4c5d7aff4f7b2d534f3d5acc651d5286b9f03111928c55
resnet,mixed,202,bandpass_n20005_cRA_electrode_s5,phase2/results/predictions/full/mixed/resnet/seed_202/bandpass_n20005_cRA_electrode_s5.npz,76162,49db9a0afb41c47f86ef1ef60c33221d5890a314f9d9b2bef73922fe25ddd59c
resnet,mixed,202,bandpass_n20005_cRA_electrode_s0,phase2/results/predictions/full/mixed/resnet/seed_202/bandpass_n20005_cRA_electrode_s0.npz,75915,7e6c9b6dffe6446e49c6cc28bf408db5afe240283838a020bd332dc30b86351e
resnet,mixed,202,bandpass_n20005_cRA_covariance_s20,phase2/results/predictions/full/mixed/resnet/seed_202/bandpass_n20005_cRA_covariance_s20.npz,76400,29f15ec7bee36ca3305ff5c876e610adfe4ac2f5a5bad346086797fb5de0ca74
resnet,mixed,202,bandpass_n20005_cRA_covariance_s15,phase2/results/predictions/full/mixed/resnet/seed_202/bandpass_n20005_cRA_covariance_s15.npz,76387,057da1409d2d8232b05c83693ba33d70185ac29e5e15424901823a6aeb8a9760
resnet,mixed,202,bandpass_n20005_cRA_covariance_s10,phase2/results/predictions/full/mixed/resnet/seed_202/bandpass_n20005_cRA_covariance_s10.npz,76321,97626a03547be84ce89b6736b559ad4d69d15df77a27c83028e71e1cf1224c0b
resnet,mixed,202,bandpass_n20005_cRA_covariance_s5,phase2/results/predictions/full/mixed/resnet/seed_202/bandpass_n20005_cRA_covariance_s5.npz,76143,78e9e498b687183eee32ca2d7d329e9554dadf2800ae07da48ce2b77f9243578
resnet,mixed,202,bandpass_n20005_cRA_covariance_s0,phase2/results/predictions/full/mixed/resnet/seed_202/bandpass_n20005_cRA_covariance_s0.npz,75918,b8fc831c62df867a1ee65e3e2d309c3cfb9e8ca45b5f1fcac94794a4978138fd
resnet,mixed,202,bandpass_n20005_cLA_independent_rms_s20,phase2/results/predictions/full/mixed/resnet/seed_202/bandpass_n20005_cLA_independent_rms_s20.npz,76464,0289b5e5a6203171c8ce7abfded726b0e2758fd32d727545d42de95635da84a1
resnet,mixed,202,bandpass_n20005_cLA_independent_rms_s15,phase2/results/predictions/full/mixed/resnet/seed_202/bandpass_n20005_cLA_independent_rms_s15.npz,76481,4dd21b3190410c05ddbc9266d7bef4e526f7db3d90e2ef733a4c5cf8a62355eb
resnet,mixed,202,bandpass_n20005_cLA_independent_rms_s10,phase2/results/predictions/full/mixed/resnet/seed_202/bandpass_n20005_cLA_independent_rms_s10.npz,76404,0fa92b8fbea6029c44870263f6ca39efe4baa623a5b2380abc279df69b3300c1
resnet,mixed,202,bandpass_n20005_cLA_independent_rms_s5,phase2/results/predictions/full/mixed/resnet/seed_202/bandpass_n20005_cLA_independent_rms_s5.npz,76275,08859e4039b4140b6e4174a65e554a530d124aae45600fda1540b323a18f7e80
resnet,mixed,202,bandpass_n20005_cLA_independent_rms_s0,phase2/results/predictions/full/mixed/resnet/seed_202/bandpass_n20005_cLA_independent_rms_s0.npz,75982,203fb221b29ca5206a3e18e81a38d0efcc7763f52369171a41835772120d4845
resnet,mixed,202,bandpass_n20005_cLA_electrode_s20,phase2/results/predictions/full/mixed/resnet/seed_202/bandpass_n20005_cLA_electrode_s20.npz,76466,a5da3dc750719701bdcb577b12e4da7a73fb54e5da129f2f98ce72a6e652d3a8
resnet,mixed,202,bandpass_n20005_cLA_electrode_s15,phase2/results/predictions/full/mixed/resnet/seed_202/bandpass_n20005_cLA_electrode_s15.npz,76445,fd0ce9bd18d54af6765e179807d61ae5ca0d716e9b787773ed9bb75bdbf3efe4
resnet,mixed,202,bandpass_n20005_cLA_electrode_s10,phase2/results/predictions/full/mixed/resnet/seed_202/bandpass_n20005_cLA_electrode_s10.npz,76331,35a27b3b28442fb1a3884bc25f14451dec26dab922a55b03bf9ed591c4c6e893
resnet,mixed,202,bandpass_n20005_cLA_electrode_s5,phase2/results/predictions/full/mixed/resnet/seed_202/bandpass_n20005_cLA_electrode_s5.npz,76171,cb7583dbe7ea1559d0e015373023b9f5175c5e86fd3e6c08503cf9088609a652
resnet,mixed,202,bandpass_n20005_cLA_electrode_s0,phase2/results/predictions/full/mixed/resnet/seed_202/bandpass_n20005_cLA_electrode_s0.npz,75683,df7cba6685543000369d032304620a809d84169602fe90d5424ad8100509f4de
resnet,mixed,202,bandpass_n20005_cLA_covariance_s20,phase2/results/predictions/full/mixed/resnet/seed_202/bandpass_n20005_cLA_covariance_s20.npz,76441,5d590bf6544308005b029bff26a044865f7111f430b07a0f6e51f452537b0ded
resnet,mixed,202,bandpass_n20005_cLA_covariance_s15,phase2/results/predictions/full/mixed/resnet/seed_202/bandpass_n20005_cLA_covariance_s15.npz,76418,981c9406f6f681720edf7542b5eb439176c0f981918b11f9757c52565641851d
resnet,mixed,202,bandpass_n20005_cLA_covariance_s10,phase2/results/predictions/full/mixed/resnet/seed_202/bandpass_n20005_cLA_covariance_s10.npz,76364,031cb8c0ae19897862b0e51042aaeb78b8b5a976ef954414f615ed570ffd2fc4
resnet,mixed,202,bandpass_n20005_cLA_covariance_s5,phase2/results/predictions/full/mixed/resnet/seed_202/bandpass_n20005_cLA_covariance_s5.npz,76158,44fd375e0de006dadcb53b2ab8a9217deaf989a557f4e5442825ca061c042755
resnet,mixed,202,bandpass_n20005_cLA_covariance_s0,phase2/results/predictions/full/mixed/resnet/seed_202/bandpass_n20005_cLA_covariance_s0.npz,75716,9269a4786632c9e1ba4455bb28279a123739935d3c884c6c129bf886976b1f8a
resnet,mixed,202,bandpass_n20005_cLL_independent_rms_s20,phase2/results/predictions/full/mixed/resnet/seed_202/bandpass_n20005_cLL_independent_rms_s20.npz,76464,11bcb693794c0674f9bcb8c546d179df80717782d625f7674f96508c4bb5b512
resnet,mixed,202,bandpass_n20005_cLL_independent_rms_s15,phase2/results/predictions/full/mixed/resnet/seed_202/bandpass_n20005_cLL_independent_rms_s15.npz,76431,ffb36bd575c581c8fb984b8850ce7795b40cdfa9cd11ce6a714ce1f12e3028e9
resnet,mixed,202,bandpass_n20005_cLL_independent_rms_s10,phase2/results/predictions/full/mixed/resnet/seed_202/bandpass_n20005_cLL_independent_rms_s10.npz,76400,9833df3c6d7b2ac895e6d36f435df240a6d0439df29354c7928822ec62f35d5a
resnet,mixed,202,bandpass_n20005_cLL_independent_rms_s5,phase2/results/predictions/full/mixed/resnet/seed_202/bandpass_n20005_cLL_independent_rms_s5.npz,76252,718b3ff1c764d5b7b0df3613287d7e9c91a5c468229b9aa5321f23dc66bfd6b3
resnet,mixed,202,bandpass_n20005_cLL_independent_rms_s0,phase2/results/predictions/full/mixed/resnet/seed_202/bandpass_n20005_cLL_independent_rms_s0.npz,75981,1400d1b076ae648a55bbde86d65e7706225d28b25024a4fc8d0bed58327b23c1
resnet,mixed,202,bandpass_n20005_cLL_electrode_s20,phase2/results/predictions/full/mixed/resnet/seed_202/bandpass_n20005_cLL_electrode_s20.npz,76432,9aed9d1723c8b69a8f1494f93516905c09fa8bfa2df6ddd0701382e15827be2c
resnet,mixed,202,bandpass_n20005_cLL_electrode_s15,phase2/results/predictions/full/mixed/resnet/seed_202/bandpass_n20005_cLL_electrode_s15.npz,76434,4fe64404f33e47bd432e25e1fa6ed4b46641a4a090d1e0f360f7197e15081dd0
resnet,mixed,202,bandpass_n20005_cLL_electrode_s10,phase2/results/predictions/full/mixed/resnet/seed_202/bandpass_n20005_cLL_electrode_s10.npz,76287,2d2300a45a528508691d77ee03b2923d5ef5208ea95f15a1a25242ee849be3fd
resnet,mixed,202,bandpass_n20005_cLL_electrode_s5,phase2/results/predictions/full/mixed/resnet/seed_202/bandpass_n20005_cLL_electrode_s5.npz,76068,74c82d59224b5ce739b17814bcf8b0555ce71f4d5db128391db55bc9670e0054
resnet,mixed,202,bandpass_n20005_cLL_electrode_s0,phase2/results/predictions/full/mixed/resnet/seed_202/bandpass_n20005_cLL_electrode_s0.npz,75615,8fd8154603adb54e9a594e9b0624807afb9b92dddccb5dc5a6000ea3b8bbd8c3
resnet,mixed,202,bandpass_n20005_cLL_covariance_s20,phase2/results/predictions/full/mixed/resnet/seed_202/bandpass_n20005_cLL_covariance_s20.npz,76401,2e99656ed5d19d4234a82c1a47be2e59256ab389974cbf72035c2ff347f7e5cc
resnet,mixed,202,bandpass_n20005_cLL_covariance_s15,phase2/results/predictions/full/mixed/resnet/seed_202/bandpass_n20005_cLL_covariance_s15.npz,76419,1fc11b50845fcb778b15833040325a3045ed8bfe4bf0100eff71290eece875cd
resnet,mixed,202,bandpass_n20005_cLL_covariance_s10,phase2/results/predictions/full/mixed/resnet/seed_202/bandpass_n20005_cLL_covariance_s10.npz,76298,7c35ac0852c62e570f01acdaeeb27fee7c728fb8d94c401cab92a88cce1cd599
resnet,mixed,202,bandpass_n20005_cLL_covariance_s5,phase2/results/predictions/full/mixed/resnet/seed_202/bandpass_n20005_cLL_covariance_s5.npz,76076,6ba863af1436b89d421f04a8fd24cbb8c2c5fb248590538c9431de494b2368e7
resnet,mixed,202,bandpass_n20005_cLL_covariance_s0,phase2/results/predictions/full/mixed/resnet/seed_202/bandpass_n20005_cLL_covariance_s0.npz,75582,469da7e4052b07d4af12b84aa1f0df4817ead3303d3a5f2fda659e4aa514b317
resnet,mixed,202,bandpass_n20005_cRA_V1_independent_rms_s20,phase2/results/predictions/full/mixed/resnet/seed_202/bandpass_n20005_cRA_V1_independent_rms_s20.npz,76470,7045ce550f284747a1555a5b1937644bb53ed246dfccf706300d8236913e1c2f
resnet,mixed,202,bandpass_n20005_cRA_V1_independent_rms_s15,phase2/results/predictions/full/mixed/resnet/seed_202/bandpass_n20005_cRA_V1_independent_rms_s15.npz,76462,093b4de84eb4fec3153ea33642ad9c33b71ec2197d74e5633ed47084ec47c75c
resnet,mixed,202,bandpass_n20005_cRA_V1_independent_rms_s10,phase2/results/predictions/full/mixed/resnet/seed_202/bandpass_n20005_cRA_V1_independent_rms_s10.npz,76392,534d965c5eebd244033631822b7beb22cd60dca4b8ed836df1c111d3479f6649
resnet,mixed,202,bandpass_n20005_cRA_V1_independent_rms_s5,phase2/results/predictions/full/mixed/resnet/seed_202/bandpass_n20005_cRA_V1_independent_rms_s5.npz,76302,c1769b4f6e27f6f6d3076d04da2918e20a1589f5db356727e8fca58cca5d99c4
resnet,mixed,202,bandpass_n20005_cRA_V1_independent_rms_s0,phase2/results/predictions/full/mixed/resnet/seed_202/bandpass_n20005_cRA_V1_independent_rms_s0.npz,75934,44e935ea1eb47cc27e71c1d64d55a216a457caf76fc781c0f55c006ef73117f9
resnet,mixed,202,bandpass_n20005_cRA_V1_electrode_s20,phase2/results/predictions/full/mixed/resnet/seed_202/bandpass_n20005_cRA_V1_electrode_s20.npz,76426,7a8b5c87f55de6bdaad492b37da91cfcfcc9623f7157cc9cd10be15891560270
resnet,mixed,202,bandpass_n20005_cRA_V1_electrode_s15,phase2/results/predictions/full/mixed/resnet/seed_202/bandpass_n20005_cRA_V1_electrode_s15.npz,76413,acbf7812069cd14e48c8ab7b1072c0bf10f319fdcb504507da9fe7d293759d09
resnet,mixed,202,bandpass_n20005_cRA_V1_electrode_s10,phase2/results/predictions/full/mixed/resnet/seed_202/bandpass_n20005_cRA_V1_electrode_s10.npz,76298,cc9207f108cd6b1713c882ad6d7280a90f3ab91ce459c264966a5cf79e9f409c
resnet,mixed,202,bandpass_n20005_cRA_V1_electrode_s5,phase2/results/predictions/full/mixed/resnet/seed_202/bandpass_n20005_cRA_V1_electrode_s5.npz,76167,e6db57d0aa4102c0b2ef78e44f15105954edc40fba7c88391c48690367954919
resnet,mixed,202,bandpass_n20005_cRA_V1_electrode_s0,phase2/results/predictions/full/mixed/resnet/seed_202/bandpass_n20005_cRA_V1_electrode_s0.npz,75879,02c79fee3df644d7df71d53601e80cea708dcc69b128dd6c6b32cb36c1e37b99
resnet,mixed,202,bandpass_n20005_cRA_V1_covariance_s20,phase2/results/predictions/full/mixed/resnet/seed_202/bandpass_n20005_cRA_V1_covariance_s20.npz,76436,27f77965b0596bec923f8f26b3da3c92c7ee37a5b51adc97451c99c1822f51f8
resnet,mixed,202,bandpass_n20005_cRA_V1_covariance_s15,phase2/results/predictions/full/mixed/resnet/seed_202/bandpass_n20005_cRA_V1_covariance_s15.npz,76423,bfdf84069f1c5b733bd40c1fdda0a40b1f912c4ce19d4e554e5beca6f937d1e9
resnet,mixed,202,bandpass_n20005_cRA_V1_covariance_s10,phase2/results/predictions/full/mixed/resnet/seed_202/bandpass_n20005_cRA_V1_covariance_s10.npz,76354,43877346fba527a4a9a2eaecc1b299f98a2ded457459591f114411a7fe2d4ace
resnet,mixed,202,bandpass_n20005_cRA_V1_covariance_s5,phase2/results/predictions/full/mixed/resnet/seed_202/bandpass_n20005_cRA_V1_covariance_s5.npz,76194,16a0f04d123a0e085cf6758409416c7a81ad1267521912ae2bb6b56b4494d48e
resnet,mixed,202,bandpass_n20005_cRA_V1_covariance_s0,phase2/results/predictions/full/mixed/resnet/seed_202/bandpass_n20005_cRA_V1_covariance_s0.npz,75911,b7efcaf0cb6abb968705f81f0030cdb7becd928e63b9971d4f5832428d214ceb
resnet,mixed,202,bandpass_n20005_cLA_V6_independent_rms_s20,phase2/results/predictions/full/mixed/resnet/seed_202/bandpass_n20005_cLA_V6_independent_rms_s20.npz,76476,8f50afcd4b42271a4fc75f65e784cb434e0186ddee7415f5dd0291a2bde29098
resnet,mixed,202,bandpass_n20005_cLA_V6_independent_rms_s15,phase2/results/predictions/full/mixed/resnet/seed_202/bandpass_n20005_cLA_V6_independent_rms_s15.npz,76475,1e4fc51b82634c272f3c1f06bb1f7231482043e1edcf1ebeef77bfec140f1178
resnet,mixed,202,bandpass_n20005_cLA_V6_independent_rms_s10,phase2/results/predictions/full/mixed/resnet/seed_202/bandpass_n20005_cLA_V6_independent_rms_s10.npz,76398,cd09aedd43889c1748a8ecdaa972df389268ca7eadb6cf643fa273f3eb56c8e3
resnet,mixed,202,bandpass_n20005_cLA_V6_independent_rms_s5,phase2/results/predictions/full/mixed/resnet/seed_202/bandpass_n20005_cLA_V6_independent_rms_s5.npz,76276,0b8a95585c40edf9e32925d8974b96781fd988ba11b3b36a833896d91b3aaca6
resnet,mixed,202,bandpass_n20005_cLA_V6_independent_rms_s0,phase2/results/predictions/full/mixed/resnet/seed_202/bandpass_n20005_cLA_V6_independent_rms_s0.npz,75962,94fa02ceb99cb85c403ec02d1b5218949a96a95d65ad5af6756163c1ff8f9b4d
resnet,mixed,202,bandpass_n20005_cLA_V6_electrode_s20,phase2/results/predictions/full/mixed/resnet/seed_202/bandpass_n20005_cLA_V6_electrode_s20.npz,76422,729b4e7b756e0ced82d03edf2934fd2c1770695c0ad52a3fb335b23ca1d6559f
resnet,mixed,202,bandpass_n20005_cLA_V6_electrode_s15,phase2/results/predictions/full/mixed/resnet/seed_202/bandpass_n20005_cLA_V6_electrode_s15.npz,76455,7cd0a862fcc7cd1c580fa18421ba82d07d1e777f063546a0697d5f4da08f10fc
resnet,mixed,202,bandpass_n20005_cLA_V6_electrode_s10,phase2/results/predictions/full/mixed/resnet/seed_202/bandpass_n20005_cLA_V6_electrode_s10.npz,76359,f059d48521e6145867d4f64233a4cd386954118fbc29cb0b49d0d629b6a06afc
resnet,mixed,202,bandpass_n20005_cLA_V6_electrode_s5,phase2/results/predictions/full/mixed/resnet/seed_202/bandpass_n20005_cLA_V6_electrode_s5.npz,76158,05a6cf5f8006aac702aea0b6d39eb737e7d722988d0a4cc465633e9142946b20
resnet,mixed,202,bandpass_n20005_cLA_V6_electrode_s0,phase2/results/predictions/full/mixed/resnet/seed_202/bandpass_n20005_cLA_V6_electrode_s0.npz,75792,9066963708a80f247aec599d7d7fcdf13847908970eedf5f61f8df2bfb8ba25f
resnet,mixed,202,bandpass_n20005_cLA_V6_covariance_s20,phase2/results/predictions/full/mixed/resnet/seed_202/bandpass_n20005_cLA_V6_covariance_s20.npz,76492,bee43d593fe17e07c5d7f35ecdb205e08566993d8e0be31c5cc48b5b2ec0f625
resnet,mixed,202,bandpass_n20005_cLA_V6_covariance_s15,phase2/results/predictions/full/mixed/resnet/seed_202/bandpass_n20005_cLA_V6_covariance_s15.npz,76441,13759daaee6bfe9f642b7a0df3070f6830dbee032143de6b8ffecb02f8805ef3
resnet,mixed,202,bandpass_n20005_cLA_V6_covariance_s10,phase2/results/predictions/full/mixed/resnet/seed_202/bandpass_n20005_cLA_V6_covariance_s10.npz,76374,63fc1deaf839109e66580c275057c0b6d21f5b9f11ded7d976e08366c7d09e5b
resnet,mixed,202,bandpass_n20005_cLA_V6_covariance_s5,phase2/results/predictions/full/mixed/resnet/seed_202/bandpass_n20005_cLA_V6_covariance_s5.npz,76226,704b6ece40ba0abbcf37d227250e1448e4af281346e40b572fef8fbb25cb745a
resnet,mixed,202,bandpass_n20005_cLA_V6_covariance_s0,phase2/results/predictions/full/mixed/resnet/seed_202/bandpass_n20005_cLA_V6_covariance_s0.npz,75784,ef532cee274d1a51864953ad3a4935f7318fbc55584d32e33c540bfe5bd841b4
resnet,mixed,202,bandpass_n20005_cLL_V4_independent_rms_s20,phase2/results/predictions/full/mixed/resnet/seed_202/bandpass_n20005_cLL_V4_independent_rms_s20.npz,76478,c6242e638ec5c6fba4a223bf2521023abce0fffef2deaeac3fc3d9348179d0e8
resnet,mixed,202,bandpass_n20005_cLL_V4_independent_rms_s15,phase2/results/predictions/full/mixed/resnet/seed_202/bandpass_n20005_cLL_V4_independent_rms_s15.npz,76461,474db63d9c69f6d110b87a316d34acc89a6bbe99135ce889ddd87bebb645d2b0
resnet,mixed,202,bandpass_n20005_cLL_V4_independent_rms_s10,phase2/results/predictions/full/mixed/resnet/seed_202/bandpass_n20005_cLL_V4_independent_rms_s10.npz,76424,48a8f65c6ef67776d2604217ffd5833b7397bd091d7a9adf192c39721e2b6ea6
resnet,mixed,202,bandpass_n20005_cLL_V4_independent_rms_s5,phase2/results/predictions/full/mixed/resnet/seed_202/bandpass_n20005_cLL_V4_independent_rms_s5.npz,76275,396c0bb427682c52855b5747d4d68f21c3425d57c22871f695de1961030cb10e
resnet,mixed,202,bandpass_n20005_cLL_V4_independent_rms_s0,phase2/results/predictions/full/mixed/resnet/seed_202/bandpass_n20005_cLL_V4_independent_rms_s0.npz,76005,3ff95e24303d7f427ff509797ec5db43247e557488da3f419fb4277355087984
resnet,mixed,202,bandpass_n20005_cLL_V4_electrode_s20,phase2/results/predictions/full/mixed/resnet/seed_202/bandpass_n20005_cLL_V4_electrode_s20.npz,76449,71a80f08ea96dd2b0af4a3936ad117d0b834f2bc467e504c5c6a626a198e579c
resnet,mixed,202,bandpass_n20005_cLL_V4_electrode_s15,phase2/results/predictions/full/mixed/resnet/seed_202/bandpass_n20005_cLL_V4_electrode_s15.npz,76415,c653d8c1495dadba37a26b5b8fb8b76cf922f0a579ef2bb5a998af9638b1c006
resnet,mixed,202,bandpass_n20005_cLL_V4_electrode_s10,phase2/results/predictions/full/mixed/resnet/seed_202/bandpass_n20005_cLL_V4_electrode_s10.npz,76358,7327f699add7bb76174fa8a5fc1b40e75e505fde0a726195f7a1f17579bc0d75
resnet,mixed,202,bandpass_n20005_cLL_V4_electrode_s5,phase2/results/predictions/full/mixed/resnet/seed_202/bandpass_n20005_cLL_V4_electrode_s5.npz,76110,12dfd8189dc117f3055237ee731e868d261b5ae851dd278c33773c205ebe071d
resnet,mixed,202,bandpass_n20005_cLL_V4_electrode_s0,phase2/results/predictions/full/mixed/resnet/seed_202/bandpass_n20005_cLL_V4_electrode_s0.npz,75697,d0fd9f431a427ff09aaeddd0b1057a0d1b87290142d062788e4e419e0bc0b84b
resnet,mixed,202,bandpass_n20005_cLL_V4_covariance_s20,phase2/results/predictions/full/mixed/resnet/seed_202/bandpass_n20005_cLL_V4_covariance_s20.npz,76444,4de411b2ecc5cb20d6ccfb23a7692586f280fdfda3e1d8c41bd3571c0e4f5e04
resnet,mixed,202,bandpass_n20005_cLL_V4_covariance_s15,phase2/results/predictions/full/mixed/resnet/seed_202/bandpass_n20005_cLL_V4_covariance_s15.npz,76420,358b6e443d120584e6e4d71b63e44773f41225fb57db33c568c7001cded65282
resnet,mixed,202,bandpass_n20005_cLL_V4_covariance_s10,phase2/results/predictions/full/mixed/resnet/seed_202/bandpass_n20005_cLL_V4_covariance_s10.npz,76325,df1a37b2675ac55b9b7ec0a5150aba9be842d4ba47919ba46299d6f159939fcb
resnet,mixed,202,bandpass_n20005_cLL_V4_covariance_s5,phase2/results/predictions/full/mixed/resnet/seed_202/bandpass_n20005_cLL_V4_covariance_s5.npz,76134,0073ddbd3277a1fe0d80655b486f56914d99700ce5a958ce43e697252b8610b3
resnet,mixed,202,bandpass_n20005_cLL_V4_covariance_s0,phase2/results/predictions/full/mixed/resnet/seed_202/bandpass_n20005_cLL_V4_covariance_s0.npz,75677,073fb1448e00ec46966f843c546c820c775c4b48461a14310bb9151deab92a8c
resnet,mixed,202,bandpass_n20005_cRA_LA_V1_V6_independent_rms_s20,phase2/results/predictions/full/mixed/resnet/seed_202/bandpass_n20005_cRA_LA_V1_V6_independent_rms_s20.npz,76493,b9e8813d9423b7b2705d1447a101455fbd94c9a2ae829af3a56c666ee3024d73
resnet,mixed,202,bandpass_n20005_cRA_LA_V1_V6_independent_rms_s15,phase2/results/predictions/full/mixed/resnet/seed_202/bandpass_n20005_cRA_LA_V1_V6_independent_rms_s15.npz,76459,baeba6bd8bacbb77f8cf91bd04f423a1b7f167e0a497da1e668687b55225b872
resnet,mixed,202,bandpass_n20005_cRA_LA_V1_V6_independent_rms_s10,phase2/results/predictions/full/mixed/resnet/seed_202/bandpass_n20005_cRA_LA_V1_V6_independent_rms_s10.npz,76432,ff551e11eae169cf53504fd41afa1f14017a351e6beec16cd915169d1e9d532f
resnet,mixed,202,bandpass_n20005_cRA_LA_V1_V6_independent_rms_s5,phase2/results/predictions/full/mixed/resnet/seed_202/bandpass_n20005_cRA_LA_V1_V6_independent_rms_s5.npz,76313,34a796b7fc1766ae0d8764c66ab5c253cded6d890e235a1bdc09f1a17dbad728
resnet,mixed,202,bandpass_n20005_cRA_LA_V1_V6_independent_rms_s0,phase2/results/predictions/full/mixed/resnet/seed_202/bandpass_n20005_cRA_LA_V1_V6_independent_rms_s0.npz,75992,63e8a42fc5f2a5d684baa27c486503105cd991d251360298cae5d2b73d6cdba0
resnet,mixed,202,bandpass_n20005_cRA_LA_V1_V6_electrode_s20,phase2/results/predictions/full/mixed/resnet/seed_202/bandpass_n20005_cRA_LA_V1_V6_electrode_s20.npz,76479,effbb10b96096515295c7a44ac647641626a35907919cd11d25ff88f243c409c
resnet,mixed,202,bandpass_n20005_cRA_LA_V1_V6_electrode_s15,phase2/results/predictions/full/mixed/resnet/seed_202/bandpass_n20005_cRA_LA_V1_V6_electrode_s15.npz,76452,43e5c475a97a809cd4f4229edbd73667dbb74992ad7c1428b02682088b6292a6
resnet,mixed,202,bandpass_n20005_cRA_LA_V1_V6_electrode_s10,phase2/results/predictions/full/mixed/resnet/seed_202/bandpass_n20005_cRA_LA_V1_V6_electrode_s10.npz,76384,f4151b225753682f8d99ae7eaac6887ca2d49c205d665ace6cdf5f690096252d
resnet,mixed,202,bandpass_n20005_cRA_LA_V1_V6_electrode_s5,phase2/results/predictions/full/mixed/resnet/seed_202/bandpass_n20005_cRA_LA_V1_V6_electrode_s5.npz,76208,d2afec795b998942d9ed30c6b39fcc0e9ce075d560c76ac181d09a80a1d698f1
resnet,mixed,202,bandpass_n20005_cRA_LA_V1_V6_electrode_s0,phase2/results/predictions/full/mixed/resnet/seed_202/bandpass_n20005_cRA_LA_V1_V6_electrode_s0.npz,75824,9f477a73d199b846fca3f6da21fa4897bc25051915ce449f2c53b42c1a58d76e
resnet,mixed,202,bandpass_n20005_cRA_LA_V1_V6_covariance_s20,phase2/results/predictions/full/mixed/resnet/seed_202/bandpass_n20005_cRA_LA_V1_V6_covariance_s20.npz,76475,369c490a29967c0f64032eb0b0c4ce5b5df9952b05bb29a50b2d36551add2582
resnet,mixed,202,bandpass_n20005_cRA_LA_V1_V6_covariance_s15,phase2/results/predictions/full/mixed/resnet/seed_202/bandpass_n20005_cRA_LA_V1_V6_covariance_s15.npz,76472,53661978e3543e45743810ced0bce28e6234d1336a4786b18815266be9302775
resnet,mixed,202,bandpass_n20005_cRA_LA_V1_V6_covariance_s10,phase2/results/predictions/full/mixed/resnet/seed_202/bandpass_n20005_cRA_LA_V1_V6_covariance_s10.npz,76357,c91aaac64755967c296d3928b0746b4421ec177c412b7bbbad3c6abc6c7ec5bd
resnet,mixed,202,bandpass_n20005_cRA_LA_V1_V6_covariance_s5,phase2/results/predictions/full/mixed/resnet/seed_202/bandpass_n20005_cRA_LA_V1_V6_covariance_s5.npz,76207,d1958ad6be5dceffd805848ac35a87067fd25b1b35076abef5c8edaf308546a6
resnet,mixed,202,bandpass_n20005_cRA_LA_V1_V6_covariance_s0,phase2/results/predictions/full/mixed/resnet/seed_202/bandpass_n20005_cRA_LA_V1_V6_covariance_s0.npz,75846,e19a4317beb0be9b063fa6ab53ea597ff195c241eb0b40370642811660ed112c
resnet,mixed,202,bandpass_n20005_cRA_V2_V5_independent_rms_s20,phase2/results/predictions/full/mixed/resnet/seed_202/bandpass_n20005_cRA_V2_V5_independent_rms_s20.npz,76470,6e96cbb43bb1d9db870c6ece515c8add71a493c340548b9688bc7fb225278fd2
resnet,mixed,202,bandpass_n20005_cRA_V2_V5_independent_rms_s15,phase2/results/predictions/full/mixed/resnet/seed_202/bandpass_n20005_cRA_V2_V5_independent_rms_s15.npz,76483,0a036dd8ac2c17671256cc4442b6379278b3e640e2638651ca15d5862d2b301d
resnet,mixed,202,bandpass_n20005_cRA_V2_V5_independent_rms_s10,phase2/results/predictions/full/mixed/resnet/seed_202/bandpass_n20005_cRA_V2_V5_independent_rms_s10.npz,76416,f656f003d47ad189c05d87b0ceb3c13f0e32332e64d86d72d6e7337c37a5f52b
resnet,mixed,202,bandpass_n20005_cRA_V2_V5_independent_rms_s5,phase2/results/predictions/full/mixed/resnet/seed_202/bandpass_n20005_cRA_V2_V5_independent_rms_s5.npz,76284,b939983d3634eb472bb8316399c5eb0fa1f7724775ca23b2957e39e18c5a2f36
resnet,mixed,202,bandpass_n20005_cRA_V2_V5_independent_rms_s0,phase2/results/predictions/full/mixed/resnet/seed_202/bandpass_n20005_cRA_V2_V5_independent_rms_s0.npz,76004,a5fb51b4956d9c4dd11c909d4a5388b626a21316c3565671ebea292b8b6f89d8
resnet,mixed,202,bandpass_n20005_cRA_V2_V5_electrode_s20,phase2/results/predictions/full/mixed/resnet/seed_202/bandpass_n20005_cRA_V2_V5_electrode_s20.npz,76439,5e1cc97a54776aabf09d916d2834d866ac4fca67a5244c1df87584da6657ceee
resnet,mixed,202,bandpass_n20005_cRA_V2_V5_electrode_s15,phase2/results/predictions/full/mixed/resnet/seed_202/bandpass_n20005_cRA_V2_V5_electrode_s15.npz,76434,ee9eba268f2f1010612fa8bd7d5b80260a2b4eded32b9505523dc1c96d66046c
resnet,mixed,202,bandpass_n20005_cRA_V2_V5_electrode_s10,phase2/results/predictions/full/mixed/resnet/seed_202/bandpass_n20005_cRA_V2_V5_electrode_s10.npz,76365,5c2938df013d1239b6e4b24ada6752e0c80554f250d0940cbfcc1687eee34bb5
resnet,mixed,202,bandpass_n20005_cRA_V2_V5_electrode_s5,phase2/results/predictions/full/mixed/resnet/seed_202/bandpass_n20005_cRA_V2_V5_electrode_s5.npz,76190,9229804fab7e626ec9cef1083be5d1c957d70b3d39a9e3e19bd99f9d61b37f38
resnet,mixed,202,bandpass_n20005_cRA_V2_V5_electrode_s0,phase2/results/predictions/full/mixed/resnet/seed_202/bandpass_n20005_cRA_V2_V5_electrode_s0.npz,75946,81ba7fd86e162752368276e2061711b6bd28004fb660ae818332d47286ce296f
resnet,mixed,202,bandpass_n20005_cRA_V2_V5_covariance_s20,phase2/results/predictions/full/mixed/resnet/seed_202/bandpass_n20005_cRA_V2_V5_covariance_s20.npz,76450,eef1308aa657a972a9d7af23a0b3ff934edfa4e289aa3a3a56d11faa86367fab
resnet,mixed,202,bandpass_n20005_cRA_V2_V5_covariance_s15,phase2/results/predictions/full/mixed/resnet/seed_202/bandpass_n20005_cRA_V2_V5_covariance_s15.npz,76409,c274062c008fd47188740b608d60d22f4c28dac4493f66f3426a3cec41023f63
resnet,mixed,202,bandpass_n20005_cRA_V2_V5_covariance_s10,phase2/results/predictions/full/mixed/resnet/seed_202/bandpass_n20005_cRA_V2_V5_covariance_s10.npz,76358,c5af1d03ceaf6f55f36f2853c5aa6a5a1f0e8802f72958dca525d30db04f6ed3
resnet,mixed,202,bandpass_n20005_cRA_V2_V5_covariance_s5,phase2/results/predictions/full/mixed/resnet/seed_202/bandpass_n20005_cRA_V2_V5_covariance_s5.npz,76232,b070376c5280740e6a521708371b8f6f952b4d5fa5c633290180d70fa893f727
resnet,mixed,202,bandpass_n20005_cRA_V2_V5_covariance_s0,phase2/results/predictions/full/mixed/resnet/seed_202/bandpass_n20005_cRA_V2_V5_covariance_s0.npz,75960,ef316b71f1bfd31312f62602d2c014129d19385c3499761fabf2ff753636917e
resnet,mixed,202,bandpass_n20005_cLA_V3_V6_independent_rms_s20,phase2/results/predictions/full/mixed/resnet/seed_202/bandpass_n20005_cLA_V3_V6_independent_rms_s20.npz,76492,2240dc70fbd3756aba67e0db61fec18f04450de15285e2cb1efd54a31a9dbd82
resnet,mixed,202,bandpass_n20005_cLA_V3_V6_independent_rms_s15,phase2/results/predictions/full/mixed/resnet/seed_202/bandpass_n20005_cLA_V3_V6_independent_rms_s15.npz,76463,c7ff290aee0887a5c26e863664a5c9e6a47a0507e0412ad90cdf608c52bc03b7
resnet,mixed,202,bandpass_n20005_cLA_V3_V6_independent_rms_s10,phase2/results/predictions/full/mixed/resnet/seed_202/bandpass_n20005_cLA_V3_V6_independent_rms_s10.npz,76447,14dbef68d661d54f6cfd0faf1a413a5769a78b369c488f98a9ec3605bb73f73a
resnet,mixed,202,bandpass_n20005_cLA_V3_V6_independent_rms_s5,phase2/results/predictions/full/mixed/resnet/seed_202/bandpass_n20005_cLA_V3_V6_independent_rms_s5.npz,76313,6ad1093443bee2d643a84ea554fa506b89181b0ea4a3b2ac4fd0edfd0fbf093a
resnet,mixed,202,bandpass_n20005_cLA_V3_V6_independent_rms_s0,phase2/results/predictions/full/mixed/resnet/seed_202/bandpass_n20005_cLA_V3_V6_independent_rms_s0.npz,75985,3c1472aa0ffa9c562a4a73255821196455756f13834ad79c0e6ba8a44b251c11
resnet,mixed,202,bandpass_n20005_cLA_V3_V6_electrode_s20,phase2/results/predictions/full/mixed/resnet/seed_202/bandpass_n20005_cLA_V3_V6_electrode_s20.npz,76426,8cc3e4b0a271bb13169bf0306175bee838b0a2a6e2584725c7a85c4ab10f10d4
resnet,mixed,202,bandpass_n20005_cLA_V3_V6_electrode_s15,phase2/results/predictions/full/mixed/resnet/seed_202/bandpass_n20005_cLA_V3_V6_electrode_s15.npz,76410,6aee996c8afbb79de45007d05e5aa15182253293b55c34b64436a8008030db56
resnet,mixed,202,bandpass_n20005_cLA_V3_V6_electrode_s10,phase2/results/predictions/full/mixed/resnet/seed_202/bandpass_n20005_cLA_V3_V6_electrode_s10.npz,76397,f9698533297d393d4926f04b4021cde2be329fa6aed237612a8742503c95e45f
resnet,mixed,202,bandpass_n20005_cLA_V3_V6_electrode_s5,phase2/results/predictions/full/mixed/resnet/seed_202/bandpass_n20005_cLA_V3_V6_electrode_s5.npz,76221,54957f2ea6009bac3d332b9f9d3b15ff467d7f1ddb987b777a27b61da47e8070
resnet,mixed,202,bandpass_n20005_cLA_V3_V6_electrode_s0,phase2/results/predictions/full/mixed/resnet/seed_202/bandpass_n20005_cLA_V3_V6_electrode_s0.npz,75854,b9b0b9d8381e3eab89bb984defa0eae14cca901155f2cd7fece6cd74e9c512ca
resnet,mixed,202,bandpass_n20005_cLA_V3_V6_covariance_s20,phase2/results/predictions/full/mixed/resnet/seed_202/bandpass_n20005_cLA_V3_V6_covariance_s20.npz,76452,28c1c9308dfbe28dd6ece733398f5b3b8f6c837f2a7d5a4a822679f4330a2cc4
resnet,mixed,202,bandpass_n20005_cLA_V3_V6_covariance_s15,phase2/results/predictions/full/mixed/resnet/seed_202/bandpass_n20005_cLA_V3_V6_covariance_s15.npz,76448,a1ffc8c301b0366160753b005aa9be4d8d453202394488915111c43aa441e526
resnet,mixed,202,bandpass_n20005_cLA_V3_V6_covariance_s10,phase2/results/predictions/full/mixed/resnet/seed_202/bandpass_n20005_cLA_V3_V6_covariance_s10.npz,76386,d22e5663bc399d97dfec9af7bbe0db37f6282eb409172a1303a9cb5bdeabfd0b
resnet,mixed,202,bandpass_n20005_cLA_V3_V6_covariance_s5,phase2/results/predictions/full/mixed/resnet/seed_202/bandpass_n20005_cLA_V3_V6_covariance_s5.npz,76240,a761b965e204f66bfddf95dbaf4d3579688557502960aea680471abbe6d3459f
resnet,mixed,202,bandpass_n20005_cLA_V3_V6_covariance_s0,phase2/results/predictions/full/mixed/resnet/seed_202/bandpass_n20005_cLA_V3_V6_covariance_s0.npz,75850,becf523aa677a49ea910a0e4c075822947517d41c2033e83c7ca694d835c1fa9
resnet,mixed,202,bandpass_n20005_cLL_V1_V4_independent_rms_s20,phase2/results/predictions/full/mixed/resnet/seed_202/bandpass_n20005_cLL_V1_V4_independent_rms_s20.npz,76461,360ead36e9d8b058e427cd6cdae97b1c24d6103450445cd1f14840a34e27c9ed
resnet,mixed,202,bandpass_n20005_cLL_V1_V4_independent_rms_s15,phase2/results/predictions/full/mixed/resnet/seed_202/bandpass_n20005_cLL_V1_V4_independent_rms_s15.npz,76477,36eebb733c64f877c7df6cbb992ae3c440a85b54e3c6304a6b51daf054d8801f
resnet,mixed,202,bandpass_n20005_cLL_V1_V4_independent_rms_s10,phase2/results/predictions/full/mixed/resnet/seed_202/bandpass_n20005_cLL_V1_V4_independent_rms_s10.npz,76443,d396a4fc9b435748edcfb3a8b5c08ce8a53651b27b5646fe6cfc5b8155056780
resnet,mixed,202,bandpass_n20005_cLL_V1_V4_independent_rms_s5,phase2/results/predictions/full/mixed/resnet/seed_202/bandpass_n20005_cLL_V1_V4_independent_rms_s5.npz,76302,dbbe8c299549c959bc27ed764fa76a72e42cd7c2efd9938c75a882be4b521427
resnet,mixed,202,bandpass_n20005_cLL_V1_V4_independent_rms_s0,phase2/results/predictions/full/mixed/resnet/seed_202/bandpass_n20005_cLL_V1_V4_independent_rms_s0.npz,76028,93c84e2599950bf7f8416cc3ea3f93d58004a489c9c7146815079a04a35dff7e
resnet,mixed,202,bandpass_n20005_cLL_V1_V4_electrode_s20,phase2/results/predictions/full/mixed/resnet/seed_202/bandpass_n20005_cLL_V1_V4_electrode_s20.npz,76471,fdb31396851c40e4cb23ecce71457225480dec3133df410aaeede088107673f3
resnet,mixed,202,bandpass_n20005_cLL_V1_V4_electrode_s15,phase2/results/predictions/full/mixed/resnet/seed_202/bandpass_n20005_cLL_V1_V4_electrode_s15.npz,76429,bb2557f2ffc562b597f56b12f5a7d35699ccf89481d8468687392b51828470d6
resnet,mixed,202,bandpass_n20005_cLL_V1_V4_electrode_s10,phase2/results/predictions/full/mixed/resnet/seed_202/bandpass_n20005_cLL_V1_V4_electrode_s10.npz,76362,d6dd65888f369cbca3c9984f1cafcfbc190766eee38cf56bf3486ba5cb837437
resnet,mixed,202,bandpass_n20005_cLL_V1_V4_electrode_s5,phase2/results/predictions/full/mixed/resnet/seed_202/bandpass_n20005_cLL_V1_V4_electrode_s5.npz,76116,9bfa3d13e022e2c65981c18ea92cc82d88fc24a78630c2e2c276722194ae9b46
resnet,mixed,202,bandpass_n20005_cLL_V1_V4_electrode_s0,phase2/results/predictions/full/mixed/resnet/seed_202/bandpass_n20005_cLL_V1_V4_electrode_s0.npz,75699,7510e1356293f963f01a29144f43e306292f47cf08479086ccf992d5a0d30b65
resnet,mixed,202,bandpass_n20005_cLL_V1_V4_covariance_s20,phase2/results/predictions/full/mixed/resnet/seed_202/bandpass_n20005_cLL_V1_V4_covariance_s20.npz,76469,fd07824e7e6218239069c235db125533dd7ec4e7c4382de57fb5af393fb1ce14
resnet,mixed,202,bandpass_n20005_cLL_V1_V4_covariance_s15,phase2/results/predictions/full/mixed/resnet/seed_202/bandpass_n20005_cLL_V1_V4_covariance_s15.npz,76457,cb44291c9a593f9a1a1a990d9573d2e8762c7beebd7d6e0f869c95eead69eb0f
resnet,mixed,202,bandpass_n20005_cLL_V1_V4_covariance_s10,phase2/results/predictions/full/mixed/resnet/seed_202/bandpass_n20005_cLL_V1_V4_covariance_s10.npz,76342,8a815b324d2ee0079f39fdcbd6e383db572959d8344c89a3488d68ec48952e05
resnet,mixed,202,bandpass_n20005_cLL_V1_V4_covariance_s5,phase2/results/predictions/full/mixed/resnet/seed_202/bandpass_n20005_cLL_V1_V4_covariance_s5.npz,76170,36549b70b28ee1477cef57057ce4b74114fce8950ec3009cd5339d2f77dd65ea
resnet,mixed,202,bandpass_n20005_cLL_V1_V4_covariance_s0,phase2/results/predictions/full/mixed/resnet/seed_202/bandpass_n20005_cLL_V1_V4_covariance_s0.npz,75725,6a34228881cadece33c8c55175aca00c4afc5e80d1aa74cf1b32b8d0a8c24767
resnet,mixed,202,bandpass_n20005_call_independent_rms_s20,phase2/results/predictions/full/mixed/resnet/seed_202/bandpass_n20005_call_independent_rms_s20.npz,76465,da031441c044c289070104df2a0b72ca0fe2504a9b470f151a49ce8f9952794a
resnet,mixed,202,bandpass_n20005_call_independent_rms_s15,phase2/results/predictions/full/mixed/resnet/seed_202/bandpass_n20005_call_independent_rms_s15.npz,76427,c038422473be13be7649f64941d02d5a081f29e5f6e65ee9496d76babeff130d
resnet,mixed,202,bandpass_n20005_call_independent_rms_s10,phase2/results/predictions/full/mixed/resnet/seed_202/bandpass_n20005_call_independent_rms_s10.npz,76435,80c5ad24734c78d6543d9326c549d19fc8f36f632843867ef8cdd0658a8e1ac3
resnet,mixed,202,bandpass_n20005_call_independent_rms_s5,phase2/results/predictions/full/mixed/resnet/seed_202/bandpass_n20005_call_independent_rms_s5.npz,76289,d9dbce0bf81d3227cd29f861baf87b5141799af4d33e831e3261e9b65b281ddc
resnet,mixed,202,bandpass_n20005_call_independent_rms_s0,phase2/results/predictions/full/mixed/resnet/seed_202/bandpass_n20005_call_independent_rms_s0.npz,76004,bb3ee73618431ddfe20945fc5e731cacac3f36608f30da5d84c4cd2da4d2c883
resnet,mixed,202,bandpass_n20005_call_electrode_s20,phase2/results/predictions/full/mixed/resnet/seed_202/bandpass_n20005_call_electrode_s20.npz,76437,f2fc0d7029618507b653fd78e42e5629c87e16cc3bd7c75b452b00f27d3e564d
resnet,mixed,202,bandpass_n20005_call_electrode_s15,phase2/results/predictions/full/mixed/resnet/seed_202/bandpass_n20005_call_electrode_s15.npz,76406,5e0817b42cf5e82fd307d4bc6c068306c8e9da72d512b20d6e8f32feb18e6fe9
resnet,mixed,202,bandpass_n20005_call_electrode_s10,phase2/results/predictions/full/mixed/resnet/seed_202/bandpass_n20005_call_electrode_s10.npz,76358,75e5306fd4ab084b23d46659d2d3dc42888f891e545bba95764fa6062714f107
resnet,mixed,202,bandpass_n20005_call_electrode_s5,phase2/results/predictions/full/mixed/resnet/seed_202/bandpass_n20005_call_electrode_s5.npz,76173,521d2d57cc931bf2dfda81e4d66e6bd1073b01cf417df44f2d2fb98480ed75bc
resnet,mixed,202,bandpass_n20005_call_electrode_s0,phase2/results/predictions/full/mixed/resnet/seed_202/bandpass_n20005_call_electrode_s0.npz,75809,58b2237c72f24720daf3dfe3af75c841737c98219263e7145538c5853105a0e3
resnet,mixed,202,bandpass_n20005_call_covariance_s20,phase2/results/predictions/full/mixed/resnet/seed_202/bandpass_n20005_call_covariance_s20.npz,76453,c51a0425f5c72e2ea486bde1f637acf6eb643df6bae8b801c671c9eeebd3c0c5
resnet,mixed,202,bandpass_n20005_call_covariance_s15,phase2/results/predictions/full/mixed/resnet/seed_202/bandpass_n20005_call_covariance_s15.npz,76418,dc86c0314942a44607556bb7057309b41e617bb36c079cb05dc7497d0e34637a
resnet,mixed,202,bandpass_n20005_call_covariance_s10,phase2/results/predictions/full/mixed/resnet/seed_202/bandpass_n20005_call_covariance_s10.npz,76356,b20050709e731cb8b1a2ab8ee58f403e49f5739ccb8aafb0e7ee62217b263af7
resnet,mixed,202,bandpass_n20005_call_covariance_s5,phase2/results/predictions/full/mixed/resnet/seed_202/bandpass_n20005_call_covariance_s5.npz,76168,d3a61e08e4e8fe0421e747ddcaa32d2071f8d2d3028e929531c3e38f4c39945b
resnet,mixed,202,bandpass_n20005_call_covariance_s0,phase2/results/predictions/full/mixed/resnet/seed_202/bandpass_n20005_call_covariance_s0.npz,75825,df7bcad4d6403186c7795ee2d1557e9db0a191a8c3e33b3a519e614f26bc8c52
resnet,mixed,202,bw_n20001_call_independent_rms_s20,phase2/results/predictions/full/mixed/resnet/seed_202/bw_n20001_call_independent_rms_s20.npz,76439,92dafe195add81a0fdff97f068fe4f305cc5664e1e5a82446c4b792812ec81d4
resnet,mixed,202,bw_n20001_call_independent_rms_s10,phase2/results/predictions/full/mixed/resnet/seed_202/bw_n20001_call_independent_rms_s10.npz,76414,d05008d32109a1778c97e5108874e434b4730dd219183d0da545b8cccd3d101b
resnet,mixed,202,bw_n20001_call_independent_rms_s0,phase2/results/predictions/full/mixed/resnet/seed_202/bw_n20001_call_independent_rms_s0.npz,76172,eb235c996741c4876d0ba8ac8b7a71070b2b7663019da0e150b1baa91bc6db23
resnet,mixed,202,bw_n20001_call_electrode_s20,phase2/results/predictions/full/mixed/resnet/seed_202/bw_n20001_call_electrode_s20.npz,76418,324977b6ef840c408effecd5636195a42d22526f4e78b5009955451697c61c91
resnet,mixed,202,bw_n20001_call_electrode_s10,phase2/results/predictions/full/mixed/resnet/seed_202/bw_n20001_call_electrode_s10.npz,76394,fccb0bc7a8b077ef04e51091de8ec5f8f2f1b78e29dd12803d752648421ca8e1
resnet,mixed,202,bw_n20001_call_electrode_s0,phase2/results/predictions/full/mixed/resnet/seed_202/bw_n20001_call_electrode_s0.npz,76088,f83cbb93bc9d0740addf4bcbb874f347fa2619b017c58c974db0bfabc72e71ff
resnet,mixed,202,bw_n20001_call_covariance_s20,phase2/results/predictions/full/mixed/resnet/seed_202/bw_n20001_call_covariance_s20.npz,76445,4d9aa776986f8e78370149dbe10f056696fc81751060c9fbef83131d09d2354a
resnet,mixed,202,bw_n20001_call_covariance_s10,phase2/results/predictions/full/mixed/resnet/seed_202/bw_n20001_call_covariance_s10.npz,76388,3d64b633e10d4c58555f52f42d5aa8bdeae51fe04685938ad971dccd8a90bb42
resnet,mixed,202,bw_n20001_call_covariance_s0,phase2/results/predictions/full/mixed/resnet/seed_202/bw_n20001_call_covariance_s0.npz,76112,c44e43f6353b912bfc6fb54a9a9d4b8dac7d3e23eaef920062c36b000b935102
resnet,mixed,202,bw_n20002_call_independent_rms_s20,phase2/results/predictions/full/mixed/resnet/seed_202/bw_n20002_call_independent_rms_s20.npz,76450,5dde6edcd1a8291382dec3cb4075c13acb3ee970457e4388f05b27c8a7039bd2
resnet,mixed,202,bw_n20002_call_independent_rms_s10,phase2/results/predictions/full/mixed/resnet/seed_202/bw_n20002_call_independent_rms_s10.npz,76384,321590af32d9a67c6ae589f81557e74c6421b94a2190736107a17a684e9a44db
resnet,mixed,202,bw_n20002_call_independent_rms_s0,phase2/results/predictions/full/mixed/resnet/seed_202/bw_n20002_call_independent_rms_s0.npz,76205,63b07120d28c5e75f7625b05cddf9ed9d3cfe0e11c0c29a98e0ac3269c22b54d
resnet,mixed,202,bw_n20002_call_electrode_s20,phase2/results/predictions/full/mixed/resnet/seed_202/bw_n20002_call_electrode_s20.npz,76427,197f4c7a631600767ff68d4614bd6e67c4a18236c789c08e394edf0a232640f8
resnet,mixed,202,bw_n20002_call_electrode_s10,phase2/results/predictions/full/mixed/resnet/seed_202/bw_n20002_call_electrode_s10.npz,76377,82f9e09ace6638ccde3f93b46a0cfe31ea4de77a6822aa6f64ad649eea012bde
resnet,mixed,202,bw_n20002_call_electrode_s0,phase2/results/predictions/full/mixed/resnet/seed_202/bw_n20002_call_electrode_s0.npz,76093,32cc34dfa4ce622dab83370f1da57e2172c12ae48dd07194b87542f3ffbb7020
resnet,mixed,202,bw_n20002_call_covariance_s20,phase2/results/predictions/full/mixed/resnet/seed_202/bw_n20002_call_covariance_s20.npz,76459,1d1859cf52bfec6accdb524bebdd688cb72a8196e9d7b9ab4c564b46189322db
resnet,mixed,202,bw_n20002_call_covariance_s10,phase2/results/predictions/full/mixed/resnet/seed_202/bw_n20002_call_covariance_s10.npz,76386,35209121afc78af58749f0866733c10b5d6187dc7232dcb99ab4a9a3a46306bc
resnet,mixed,202,bw_n20002_call_covariance_s0,phase2/results/predictions/full/mixed/resnet/seed_202/bw_n20002_call_covariance_s0.npz,76100,014e37cb3e479f5218b644d488e006d179679821bf64a50838eb6fc34d767473
resnet,mixed,202,bw_n20003_call_independent_rms_s20,phase2/results/predictions/full/mixed/resnet/seed_202/bw_n20003_call_independent_rms_s20.npz,76438,ece4ca8512f8a6411b848823c67ececb9d31dd640fbe2bfe7a0052bf6078c97e
resnet,mixed,202,bw_n20003_call_independent_rms_s10,phase2/results/predictions/full/mixed/resnet/seed_202/bw_n20003_call_independent_rms_s10.npz,76425,db5f5f703b3c29e3660b0ed4da20a515ae75ccb6687b8b4c46bed5c2baa713ed
resnet,mixed,202,bw_n20003_call_independent_rms_s0,phase2/results/predictions/full/mixed/resnet/seed_202/bw_n20003_call_independent_rms_s0.npz,76153,2c7e494d4d558f92706f8cee0583fe9a1a33e263c40ec2726c319344cfb604c5
resnet,mixed,202,bw_n20003_call_electrode_s20,phase2/results/predictions/full/mixed/resnet/seed_202/bw_n20003_call_electrode_s20.npz,76420,a5cb8dfa57646789434d2f5d77c706d9cb13d94d8b2a3c64f15200f60f352203
resnet,mixed,202,bw_n20003_call_electrode_s10,phase2/results/predictions/full/mixed/resnet/seed_202/bw_n20003_call_electrode_s10.npz,76359,4e3f8b524bb54b533cc27e7f92a9e7cc0fc78b652a8d2d8122ea993d58e67dae
resnet,mixed,202,bw_n20003_call_electrode_s0,phase2/results/predictions/full/mixed/resnet/seed_202/bw_n20003_call_electrode_s0.npz,76107,3e714f16255626694d70deba1180abb945d9b282e97f97f1410f5044fc5bb183
resnet,mixed,202,bw_n20003_call_covariance_s20,phase2/results/predictions/full/mixed/resnet/seed_202/bw_n20003_call_covariance_s20.npz,76417,8f3f20f30b0da0ceb6d666ac9102b00c2b1d6731e18a398ed40282f871de5499
resnet,mixed,202,bw_n20003_call_covariance_s10,phase2/results/predictions/full/mixed/resnet/seed_202/bw_n20003_call_covariance_s10.npz,76422,74a1ab4133acffed731a056a4e74cbf4c1cd1cffb698c6ec8a5d92b33eab5a51
resnet,mixed,202,bw_n20003_call_covariance_s0,phase2/results/predictions/full/mixed/resnet/seed_202/bw_n20003_call_covariance_s0.npz,76105,1815a18b08c70d510d7fe4be8eb71b78b12c66c37372848402af5a3edd87eca7
resnet,mixed,202,bw_n20004_call_independent_rms_s20,phase2/results/predictions/full/mixed/resnet/seed_202/bw_n20004_call_independent_rms_s20.npz,76470,fb8a0f62e92fafea35519311a375f49e2c1d857174534a30c5e4f252a88335ef
resnet,mixed,202,bw_n20004_call_independent_rms_s10,phase2/results/predictions/full/mixed/resnet/seed_202/bw_n20004_call_independent_rms_s10.npz,76439,9da19460165aba7cacf00a63b4896724fc6a5c8ced05c5e25233a8ea9f2ad1df
resnet,mixed,202,bw_n20004_call_independent_rms_s0,phase2/results/predictions/full/mixed/resnet/seed_202/bw_n20004_call_independent_rms_s0.npz,76184,9066d97b830b02662f06aba110a72806032de339160fb5ff9c0008cd285561c2
resnet,mixed,202,bw_n20004_call_electrode_s20,phase2/results/predictions/full/mixed/resnet/seed_202/bw_n20004_call_electrode_s20.npz,76402,27428ee5ef2043c8dd925d4c5f2b7ae2ed70d23225a0d141a169401a494b69eb
resnet,mixed,202,bw_n20004_call_electrode_s10,phase2/results/predictions/full/mixed/resnet/seed_202/bw_n20004_call_electrode_s10.npz,76405,763f3750c4bc6e30beb42cfe98532445f371c171a8fefdb72f9ea85834d4c328
resnet,mixed,202,bw_n20004_call_electrode_s0,phase2/results/predictions/full/mixed/resnet/seed_202/bw_n20004_call_electrode_s0.npz,76090,b0a97989810c33e4977d4e625184e4d39f8b8ef20f10bfbe4c1eff60b5b915d1
resnet,mixed,202,bw_n20004_call_covariance_s20,phase2/results/predictions/full/mixed/resnet/seed_202/bw_n20004_call_covariance_s20.npz,76449,c158e8279b10b37c0f8cb075c9f73a58e0df2b7f4a2034a5a2fabad795ebd4be
resnet,mixed,202,bw_n20004_call_covariance_s10,phase2/results/predictions/full/mixed/resnet/seed_202/bw_n20004_call_covariance_s10.npz,76410,d35459d3a9d2d65291c0cf2a6217a4a41126c3a0e034120625af30a63c792df4
resnet,mixed,202,bw_n20004_call_covariance_s0,phase2/results/predictions/full/mixed/resnet/seed_202/bw_n20004_call_covariance_s0.npz,76114,658fe29c279cf9c7f2b6cc840d31cd36333eeba4e576002e2e3aa067a56ee439
resnet,mixed,202,bw_n20005_call_independent_rms_s20,phase2/results/predictions/full/mixed/resnet/seed_202/bw_n20005_call_independent_rms_s20.npz,76432,bed207224cb7a3ab75ce152529d3a355764222ab7d9578d63de14ea928ec6f43
resnet,mixed,202,bw_n20005_call_independent_rms_s10,phase2/results/predictions/full/mixed/resnet/seed_202/bw_n20005_call_independent_rms_s10.npz,76434,e862b811fab44859eab5c63061a4af443fe5e9e83cecf0502aa312aa91766bba
resnet,mixed,202,bw_n20005_call_independent_rms_s0,phase2/results/predictions/full/mixed/resnet/seed_202/bw_n20005_call_independent_rms_s0.npz,76168,6367bc2c6e11059308b1454709f509f0eebfb2877a88aef60714a11fe6734bca
resnet,mixed,202,bw_n20005_call_electrode_s20,phase2/results/predictions/full/mixed/resnet/seed_202/bw_n20005_call_electrode_s20.npz,76403,61ed37a7d94ef7f1ab964f0e690fcd6594eeabf51df51e0c00f64e64510351ed
resnet,mixed,202,bw_n20005_call_electrode_s10,phase2/results/predictions/full/mixed/resnet/seed_202/bw_n20005_call_electrode_s10.npz,76367,115eaf82b28888f96abd58ea9192c08475ce28b30334adb7bf49216665376a14
resnet,mixed,202,bw_n20005_call_electrode_s0,phase2/results/predictions/full/mixed/resnet/seed_202/bw_n20005_call_electrode_s0.npz,76131,39ae95b450d6f0254884b56ae58106af92c7c8146ed2bd29927c2b9a6fcf9770
resnet,mixed,202,bw_n20005_call_covariance_s20,phase2/results/predictions/full/mixed/resnet/seed_202/bw_n20005_call_covariance_s20.npz,76407,00de4a9e181be0d4d35bb0386bd942426f4bb9bd8b60c300bb12c8b345922331
resnet,mixed,202,bw_n20005_call_covariance_s10,phase2/results/predictions/full/mixed/resnet/seed_202/bw_n20005_call_covariance_s10.npz,76384,cedc7a0f08ab50d976cbf9821c9195c853132d1e86b7902053fa95e8b5cd1d61
resnet,mixed,202,bw_n20005_call_covariance_s0,phase2/results/predictions/full/mixed/resnet/seed_202/bw_n20005_call_covariance_s0.npz,76095,facd4455d950849fbf21f49324493d88c9a0beb5f3ca78d9a3a94e4011432f88
resnet,mixed,202,ma_n20001_call_independent_rms_s20,phase2/results/predictions/full/mixed/resnet/seed_202/ma_n20001_call_independent_rms_s20.npz,76441,6cc14abc382d49baa72c0354c48f10213f32a6630147b8e552a948a85f23d062
resnet,mixed,202,ma_n20001_call_independent_rms_s10,phase2/results/predictions/full/mixed/resnet/seed_202/ma_n20001_call_independent_rms_s10.npz,76402,0c68e86e2bda649a7a1ae0dd251b6cad152e4c9d465eac6d28959c777ad376b0
resnet,mixed,202,ma_n20001_call_independent_rms_s0,phase2/results/predictions/full/mixed/resnet/seed_202/ma_n20001_call_independent_rms_s0.npz,76106,809698637f0075c71486879e21cc5347589f777f61caacbf7c4ed44c596b4469
resnet,mixed,202,ma_n20001_call_electrode_s20,phase2/results/predictions/full/mixed/resnet/seed_202/ma_n20001_call_electrode_s20.npz,76422,11333364e713d1ffc2ecfec1b0f22940140d9eaf706298b461599ec87e43f2db
resnet,mixed,202,ma_n20001_call_electrode_s10,phase2/results/predictions/full/mixed/resnet/seed_202/ma_n20001_call_electrode_s10.npz,76359,c1b647edbf72909df1bdfe5295f2de05253901eb1c1cefe4950ce71d613c4aa3
resnet,mixed,202,ma_n20001_call_electrode_s0,phase2/results/predictions/full/mixed/resnet/seed_202/ma_n20001_call_electrode_s0.npz,76026,68a900812009b32c5bcfd49127a292423e177cd35d85c12961846807a1c78fb3
resnet,mixed,202,ma_n20001_call_covariance_s20,phase2/results/predictions/full/mixed/resnet/seed_202/ma_n20001_call_covariance_s20.npz,76407,546c9e574b578387309775a29351da6a1a0272f48edf51432b5aff205909bcba
resnet,mixed,202,ma_n20001_call_covariance_s10,phase2/results/predictions/full/mixed/resnet/seed_202/ma_n20001_call_covariance_s10.npz,76388,a478291694ce427434c765c0c04137f213947ac79fee33c67e8e511a4cccbc16
resnet,mixed,202,ma_n20001_call_covariance_s0,phase2/results/predictions/full/mixed/resnet/seed_202/ma_n20001_call_covariance_s0.npz,76039,9619b318e8801102f5d1e10423688ddbfa5f5d60f8f85847287c0e7a609c8727
resnet,mixed,202,ma_n20002_call_independent_rms_s20,phase2/results/predictions/full/mixed/resnet/seed_202/ma_n20002_call_independent_rms_s20.npz,76473,5b13552513c1003bc9a86980b1fab60cb0a102a322162f4f88eb3106e1f12fde
resnet,mixed,202,ma_n20002_call_independent_rms_s10,phase2/results/predictions/full/mixed/resnet/seed_202/ma_n20002_call_independent_rms_s10.npz,76399,77577af4fbd67439251eff22cddb6ddc7217c7255a307a90ac75324f5b7b8290
resnet,mixed,202,ma_n20002_call_independent_rms_s0,phase2/results/predictions/full/mixed/resnet/seed_202/ma_n20002_call_independent_rms_s0.npz,76124,34a3be88c2c277be16c5662aa63fbc35880717d59bba9dcc281d27233c4e88f8
resnet,mixed,202,ma_n20002_call_electrode_s20,phase2/results/predictions/full/mixed/resnet/seed_202/ma_n20002_call_electrode_s20.npz,76412,851cfb53b4839cc233f597e7db30ad3f74fd57d8a088826e7a601c63cd831195
resnet,mixed,202,ma_n20002_call_electrode_s10,phase2/results/predictions/full/mixed/resnet/seed_202/ma_n20002_call_electrode_s10.npz,76381,51bb20d32c3e6745d87e02f575e9a5d5b4905804a480721f01e07e03e9414306
resnet,mixed,202,ma_n20002_call_electrode_s0,phase2/results/predictions/full/mixed/resnet/seed_202/ma_n20002_call_electrode_s0.npz,76000,49b9930f3b27ed4e47e175a818247cff19a06f9123de802d7ef4a6ef976f3e06
resnet,mixed,202,ma_n20002_call_covariance_s20,phase2/results/predictions/full/mixed/resnet/seed_202/ma_n20002_call_covariance_s20.npz,76417,a31c0a220855e8baebe230260e372371c1a0fded2dbb8c041830eb5e052e61d0
resnet,mixed,202,ma_n20002_call_covariance_s10,phase2/results/predictions/full/mixed/resnet/seed_202/ma_n20002_call_covariance_s10.npz,76388,13802324018c19ad827835ab254fa8b7f7b9e66c2722f1195e8dc32ddec41377
resnet,mixed,202,ma_n20002_call_covariance_s0,phase2/results/predictions/full/mixed/resnet/seed_202/ma_n20002_call_covariance_s0.npz,76052,860d741c0478c69dc17ee2264a57380740b01b3cff944cb8f9ba964d0175f477
resnet,mixed,202,ma_n20003_call_independent_rms_s20,phase2/results/predictions/full/mixed/resnet/seed_202/ma_n20003_call_independent_rms_s20.npz,76430,06e1b2905d27c670dae495e6de0ad2d408bb18be5ecea7ee808c074cb53d294b
resnet,mixed,202,ma_n20003_call_independent_rms_s10,phase2/results/predictions/full/mixed/resnet/seed_202/ma_n20003_call_independent_rms_s10.npz,76412,ff92c4b0d3deda7a3910bc283814c4d7308f10ff5ed6f8e93031148772d0d14a
resnet,mixed,202,ma_n20003_call_independent_rms_s0,phase2/results/predictions/full/mixed/resnet/seed_202/ma_n20003_call_independent_rms_s0.npz,76114,1fdd915011deb2f0a656268c1ed258174081854d3d04b3e550810c427d066fd6
resnet,mixed,202,ma_n20003_call_electrode_s20,phase2/results/predictions/full/mixed/resnet/seed_202/ma_n20003_call_electrode_s20.npz,76442,3911f0bd32c048c3814486c36239412282753f8316d731db5b3f0619e20d27ae
resnet,mixed,202,ma_n20003_call_electrode_s10,phase2/results/predictions/full/mixed/resnet/seed_202/ma_n20003_call_electrode_s10.npz,76354,fb2c8f13370a7429df8695db35ae8096d5c11143ab3e06a8111bb44e6dcdc315
resnet,mixed,202,ma_n20003_call_electrode_s0,phase2/results/predictions/full/mixed/resnet/seed_202/ma_n20003_call_electrode_s0.npz,76022,7c25d3804b92a94ac8abd26f89f7e0c1e74fb2d18c8915aadc8df44168033d29
resnet,mixed,202,ma_n20003_call_covariance_s20,phase2/results/predictions/full/mixed/resnet/seed_202/ma_n20003_call_covariance_s20.npz,76414,9f48e90ab3b6d0663b6cb7f3e4354b479bba82ac02522c49bd535d7964f159ed
resnet,mixed,202,ma_n20003_call_covariance_s10,phase2/results/predictions/full/mixed/resnet/seed_202/ma_n20003_call_covariance_s10.npz,76376,084a1828851e40fb3a8dcd4b0640bf5fed5168a0a440fec605308f8e4046f88f
resnet,mixed,202,ma_n20003_call_covariance_s0,phase2/results/predictions/full/mixed/resnet/seed_202/ma_n20003_call_covariance_s0.npz,76063,58e2212bcf1c329eeae5c366284f3b0acca99240b09ff1288112aa8143b19145
resnet,mixed,202,ma_n20004_call_independent_rms_s20,phase2/results/predictions/full/mixed/resnet/seed_202/ma_n20004_call_independent_rms_s20.npz,76458,66c31a19495b755529619bf7448a3f49e9a58107dd840a9c885fbb631261959c
resnet,mixed,202,ma_n20004_call_independent_rms_s10,phase2/results/predictions/full/mixed/resnet/seed_202/ma_n20004_call_independent_rms_s10.npz,76419,840bf671aa50674afd1dc3b4833f049ac841a3bd7208d4e8cf4221846ddc73e8
resnet,mixed,202,ma_n20004_call_independent_rms_s0,phase2/results/predictions/full/mixed/resnet/seed_202/ma_n20004_call_independent_rms_s0.npz,76129,980e740e90fa3d9ae3f98d04560bcfc7e18ad081a845ef15a886a2bbc1d57641
resnet,mixed,202,ma_n20004_call_electrode_s20,phase2/results/predictions/full/mixed/resnet/seed_202/ma_n20004_call_electrode_s20.npz,76418,dd6d678445e04f763008c26143b694fbd6f0901e5c9ae649406d9437711741b7
resnet,mixed,202,ma_n20004_call_electrode_s10,phase2/results/predictions/full/mixed/resnet/seed_202/ma_n20004_call_electrode_s10.npz,76405,3911120606312d2832adb243ab2ebecfa85c972968ca1f18e254809bbe70fc79
resnet,mixed,202,ma_n20004_call_electrode_s0,phase2/results/predictions/full/mixed/resnet/seed_202/ma_n20004_call_electrode_s0.npz,76024,8209e56834cd559ae4418e0c3fef16d1f71e45221b95cfabdea71b2ff62f2b90
resnet,mixed,202,ma_n20004_call_covariance_s20,phase2/results/predictions/full/mixed/resnet/seed_202/ma_n20004_call_covariance_s20.npz,76401,fd96edd60f41d8a719c7d3687ed4d4dbe3f14718480045444ff334a17c984baa
resnet,mixed,202,ma_n20004_call_covariance_s10,phase2/results/predictions/full/mixed/resnet/seed_202/ma_n20004_call_covariance_s10.npz,76366,bbacf4e90247849c48ca529962f1cd73b0b68e218ae06c01de246abfe5aa9936
resnet,mixed,202,ma_n20004_call_covariance_s0,phase2/results/predictions/full/mixed/resnet/seed_202/ma_n20004_call_covariance_s0.npz,76031,5d05ce8982d268ea19c9895745293bc24aea7f0bf4e123c91273cd5ba6fe2ab1
resnet,mixed,202,ma_n20005_call_independent_rms_s20,phase2/results/predictions/full/mixed/resnet/seed_202/ma_n20005_call_independent_rms_s20.npz,76449,66f0b732e6a49cee052b2a2e5245ab75b80d2a6496fab244ee2f4bda22cf40d9
resnet,mixed,202,ma_n20005_call_independent_rms_s10,phase2/results/predictions/full/mixed/resnet/seed_202/ma_n20005_call_independent_rms_s10.npz,76429,aed616ba8a1c49229d47ae940411aca209d35df6b7bcdb036dc92a0f3a8c322b
resnet,mixed,202,ma_n20005_call_independent_rms_s0,phase2/results/predictions/full/mixed/resnet/seed_202/ma_n20005_call_independent_rms_s0.npz,76097,854d848137f8423c84bb2ec7f9f9bd3fe6cc43618c8cc2046b44854788e6853c
resnet,mixed,202,ma_n20005_call_electrode_s20,phase2/results/predictions/full/mixed/resnet/seed_202/ma_n20005_call_electrode_s20.npz,76405,89f568cf6da166cece991fb95f022905527a7e1ffcf3341197a96c111e2d738e
resnet,mixed,202,ma_n20005_call_electrode_s10,phase2/results/predictions/full/mixed/resnet/seed_202/ma_n20005_call_electrode_s10.npz,76378,9c3fb8581368ab95f09d784feceea40ba72223ba84999c235ce7f0cd81111f2e
resnet,mixed,202,ma_n20005_call_electrode_s0,phase2/results/predictions/full/mixed/resnet/seed_202/ma_n20005_call_electrode_s0.npz,76032,742590173fd1549643d9bcf8bfe8520bd027a7675690e9c262342af641ce5cf7
resnet,mixed,202,ma_n20005_call_covariance_s20,phase2/results/predictions/full/mixed/resnet/seed_202/ma_n20005_call_covariance_s20.npz,76391,6bed790b17212ac986351be7a2390ddf6b875a659fb6202cbfb8fdedbf92f365
resnet,mixed,202,ma_n20005_call_covariance_s10,phase2/results/predictions/full/mixed/resnet/seed_202/ma_n20005_call_covariance_s10.npz,76400,eed074a6efc881f9862a2f2d2d6c53fbd58443e410dea74830d5ef65635c726a
resnet,mixed,202,ma_n20005_call_covariance_s0,phase2/results/predictions/full/mixed/resnet/seed_202/ma_n20005_call_covariance_s0.npz,76065,b4ec257073578e0daa2a0fe1ef2f5ebddf5ddbe116d91c0dd52e1a470548fd92
resnet,mixed,202,em_n20001_call_independent_rms_s20,phase2/results/predictions/full/mixed/resnet/seed_202/em_n20001_call_independent_rms_s20.npz,76418,b7a27f5390f69878eaee8c036e2f690b87b9febb2611ddbdd54b8cc7ca55ab20
resnet,mixed,202,em_n20001_call_independent_rms_s10,phase2/results/predictions/full/mixed/resnet/seed_202/em_n20001_call_independent_rms_s10.npz,76349,5d934a9de88824ec7a01cc3f577a6910d87489095cb9b7dece9443e146c92a8d
resnet,mixed,202,em_n20001_call_independent_rms_s0,phase2/results/predictions/full/mixed/resnet/seed_202/em_n20001_call_independent_rms_s0.npz,75949,111db0b2b775c536de2e7041a378f96a10c7b7d52c149e6bd141391266f9a6dd
resnet,mixed,202,em_n20001_call_electrode_s20,phase2/results/predictions/full/mixed/resnet/seed_202/em_n20001_call_electrode_s20.npz,76440,483f68d5c886d03395971a43265eee9114e206811a0294dafd487862d45b1563
resnet,mixed,202,em_n20001_call_electrode_s10,phase2/results/predictions/full/mixed/resnet/seed_202/em_n20001_call_electrode_s10.npz,76275,0180bc7f5d2680d94c7f4ef1431d01f7629712db7401f9f44f89be133cace882
resnet,mixed,202,em_n20001_call_electrode_s0,phase2/results/predictions/full/mixed/resnet/seed_202/em_n20001_call_electrode_s0.npz,75719,67977e0c8aa1b5ef58377841e119d4e279533a8b54ef7ad4538d3f5eb8afa4fc
resnet,mixed,202,em_n20001_call_covariance_s20,phase2/results/predictions/full/mixed/resnet/seed_202/em_n20001_call_covariance_s20.npz,76367,6f57494ba0e922d0ba902d2c28f6e668ba647164ec20cd00913d54443344a4c8
resnet,mixed,202,em_n20001_call_covariance_s10,phase2/results/predictions/full/mixed/resnet/seed_202/em_n20001_call_covariance_s10.npz,76302,959aa52d3ee12293d6b691bc9e14b25181906b83361f627e0dadea05311993cd
resnet,mixed,202,em_n20001_call_covariance_s0,phase2/results/predictions/full/mixed/resnet/seed_202/em_n20001_call_covariance_s0.npz,75765,f33d977b9487390bc1cb2fc4cf02b360b038eb6d616f1af0f5b11ea3cc4c5cc2
resnet,mixed,202,em_n20002_call_independent_rms_s20,phase2/results/predictions/full/mixed/resnet/seed_202/em_n20002_call_independent_rms_s20.npz,76424,8ea8221180e5cc4f1b4ba89e0810f2b5b7d2fb042689865ebe3170c2837548ea
resnet,mixed,202,em_n20002_call_independent_rms_s10,phase2/results/predictions/full/mixed/resnet/seed_202/em_n20002_call_independent_rms_s10.npz,76378,72cdb3974cc7143425630288f23a08615f66fccde1ae9f80e9d866ba76a0f71a
resnet,mixed,202,em_n20002_call_independent_rms_s0,phase2/results/predictions/full/mixed/resnet/seed_202/em_n20002_call_independent_rms_s0.npz,75963,09f7065d1f7946f90b729c6c424a3ff8c4ec33f0bae601e4cb5eb05475f5712b
resnet,mixed,202,em_n20002_call_electrode_s20,phase2/results/predictions/full/mixed/resnet/seed_202/em_n20002_call_electrode_s20.npz,76407,2194749212f29a704ac32e53146e243e89b76aeccf05153519997fc4ab802a57
resnet,mixed,202,em_n20002_call_electrode_s10,phase2/results/predictions/full/mixed/resnet/seed_202/em_n20002_call_electrode_s10.npz,76250,4dcd3d8b08c300f92687d9a54712826a047cb380531d7959372b4f3e514c0524
resnet,mixed,202,em_n20002_call_electrode_s0,phase2/results/predictions/full/mixed/resnet/seed_202/em_n20002_call_electrode_s0.npz,75749,2d3b8792fa4a56ef542e5e1392d7aab497a41b5e2a52db7f3418e3122568b47d
resnet,mixed,202,em_n20002_call_covariance_s20,phase2/results/predictions/full/mixed/resnet/seed_202/em_n20002_call_covariance_s20.npz,76427,f2db9f8e02d4a7a418e3ddf65b8c84b9078e74850609032f2d8ad035095c5dca
resnet,mixed,202,em_n20002_call_covariance_s10,phase2/results/predictions/full/mixed/resnet/seed_202/em_n20002_call_covariance_s10.npz,76276,3ef886b00330f114b405456e679334b9d915ce380ac4256390b15887df6bbe4c
resnet,mixed,202,em_n20002_call_covariance_s0,phase2/results/predictions/full/mixed/resnet/seed_202/em_n20002_call_covariance_s0.npz,75774,69955a648fffe7b49efc2d34ed1ba465e2c2b3a34eeab91f9a57745224d1f748
resnet,mixed,202,em_n20003_call_independent_rms_s20,phase2/results/predictions/full/mixed/resnet/seed_202/em_n20003_call_independent_rms_s20.npz,76435,a52d0d88c1a9cf9c550fa530ee2fbd1e218982e39360a29a962dd601bd589dde
resnet,mixed,202,em_n20003_call_independent_rms_s10,phase2/results/predictions/full/mixed/resnet/seed_202/em_n20003_call_independent_rms_s10.npz,76366,0ccb08ee4544efcf885313141d9bbea79e9eb17db0d9df43f3589b7dd1d68545
resnet,mixed,202,em_n20003_call_independent_rms_s0,phase2/results/predictions/full/mixed/resnet/seed_202/em_n20003_call_independent_rms_s0.npz,75973,e33ccf4a6af8bafd60bd99d8109e49255efbe7b38f2a586cb970c37576bf8777
resnet,mixed,202,em_n20003_call_electrode_s20,phase2/results/predictions/full/mixed/resnet/seed_202/em_n20003_call_electrode_s20.npz,76419,edee7c73fce24cf89974b1bdcec92a7d28b61c5603232adcb9bb5660dcc9224c
resnet,mixed,202,em_n20003_call_electrode_s10,phase2/results/predictions/full/mixed/resnet/seed_202/em_n20003_call_electrode_s10.npz,76277,c2c4a695007e589fe8352b58a2bbc22d551f94df4d5cd74ac87e85eab888f129
resnet,mixed,202,em_n20003_call_electrode_s0,phase2/results/predictions/full/mixed/resnet/seed_202/em_n20003_call_electrode_s0.npz,75745,7653a07b6111371e82d3104c5787f5b5b22e837f15a1c66866dda7b3edad1759
resnet,mixed,202,em_n20003_call_covariance_s20,phase2/results/predictions/full/mixed/resnet/seed_202/em_n20003_call_covariance_s20.npz,76378,1e623cd30397f653bf4203996cc1edad9b4180d8c92b3295cd3fba605d039a39
resnet,mixed,202,em_n20003_call_covariance_s10,phase2/results/predictions/full/mixed/resnet/seed_202/em_n20003_call_covariance_s10.npz,76276,d80a51cee7955bf9fdb0c71c5e179a2c3e81e3bd71406b9224b79e22e64ac52e
resnet,mixed,202,em_n20003_call_covariance_s0,phase2/results/predictions/full/mixed/resnet/seed_202/em_n20003_call_covariance_s0.npz,75755,81886c465093be77a119be1786e2b1cf41a2e55ad2d6eb6c83fc0fa6d230e0b4
resnet,mixed,202,em_n20004_call_independent_rms_s20,phase2/results/predictions/full/mixed/resnet/seed_202/em_n20004_call_independent_rms_s20.npz,76409,36dcb994ef34704d8c30ea32dabf1c95eec5a0d8c444a7aa5033d536f537ce41
resnet,mixed,202,em_n20004_call_independent_rms_s10,phase2/results/predictions/full/mixed/resnet/seed_202/em_n20004_call_independent_rms_s10.npz,76377,984b3b57acfda64f363663a07e0f1d4066fee8237296ea87d2e84efcce00a5a9
resnet,mixed,202,em_n20004_call_independent_rms_s0,phase2/results/predictions/full/mixed/resnet/seed_202/em_n20004_call_independent_rms_s0.npz,75945,1235e55b53333d72c6405d9c30a2470df2c0d7e3988c05700c3b31d27f681a10
resnet,mixed,202,em_n20004_call_electrode_s20,phase2/results/predictions/full/mixed/resnet/seed_202/em_n20004_call_electrode_s20.npz,76399,0e757091f3ee7b109e798fe4b6bd674c8b060d382f0e74aa550324ed1f727ffd
resnet,mixed,202,em_n20004_call_electrode_s10,phase2/results/predictions/full/mixed/resnet/seed_202/em_n20004_call_electrode_s10.npz,76290,8a22e7f2a53033301634ab704ee4ae49d07774f95a40430193ddfd6f65f0bd48
resnet,mixed,202,em_n20004_call_electrode_s0,phase2/results/predictions/full/mixed/resnet/seed_202/em_n20004_call_electrode_s0.npz,75753,c987f221657a3f1553634dbef7fafdc1be1ae9aa0439075dad788e65f00ed9b7
resnet,mixed,202,em_n20004_call_covariance_s20,phase2/results/predictions/full/mixed/resnet/seed_202/em_n20004_call_covariance_s20.npz,76400,6a41adcb606574edfe8fa9d4caa24d9fdd3cf4056013b701f56daa85b0e5c577
resnet,mixed,202,em_n20004_call_covariance_s10,phase2/results/predictions/full/mixed/resnet/seed_202/em_n20004_call_covariance_s10.npz,76285,e81fb5e18d70e8e2f3bcd566da26b912993d088d90ca124c90085adc8951c499
resnet,mixed,202,em_n20004_call_covariance_s0,phase2/results/predictions/full/mixed/resnet/seed_202/em_n20004_call_covariance_s0.npz,75767,cb771681fc4350f01032f8f025d5d5fb073f2c33527a38f860a11125cbe40770
resnet,mixed,202,em_n20005_call_independent_rms_s20,phase2/results/predictions/full/mixed/resnet/seed_202/em_n20005_call_independent_rms_s20.npz,76451,59ec0a74bda762f759177bb8ada58472e4b2d54bb97850e10833e1c3268862bd
resnet,mixed,202,em_n20005_call_independent_rms_s10,phase2/results/predictions/full/mixed/resnet/seed_202/em_n20005_call_independent_rms_s10.npz,76375,cdb8d13ff71b82f05253d6dfa7ead8ef9d66a5380b2569c652eeea1604d516e3
resnet,mixed,202,em_n20005_call_independent_rms_s0,phase2/results/predictions/full/mixed/resnet/seed_202/em_n20005_call_independent_rms_s0.npz,75949,9c46a5fdfdc8246fc7ed487aa1697f6a5d98ce696c3917f419a04800e2364dca
resnet,mixed,202,em_n20005_call_electrode_s20,phase2/results/predictions/full/mixed/resnet/seed_202/em_n20005_call_electrode_s20.npz,76436,33e5bcfcc49fedfddd3daecc817e0a715f1949fd8d54c09569712ba7e660583d
resnet,mixed,202,em_n20005_call_electrode_s10,phase2/results/predictions/full/mixed/resnet/seed_202/em_n20005_call_electrode_s10.npz,76316,358ffd3b894610b373f2ec3eb1ed6abfaef4e7afafa9ad550aef6cac6261a6b5
resnet,mixed,202,em_n20005_call_electrode_s0,phase2/results/predictions/full/mixed/resnet/seed_202/em_n20005_call_electrode_s0.npz,75737,55bf209e4227c5cb2b5796a26c1cba9aa8669ef50fb5fe12233cdd4400ab75b3
resnet,mixed,202,em_n20005_call_covariance_s20,phase2/results/predictions/full/mixed/resnet/seed_202/em_n20005_call_covariance_s20.npz,76412,2ac536fceed932202611264f1ae7df5396a2e8ef229f6a9de609110dafbec0d7
resnet,mixed,202,em_n20005_call_covariance_s10,phase2/results/predictions/full/mixed/resnet/seed_202/em_n20005_call_covariance_s10.npz,76280,18e09bebf82fb1870670c198d6c83f671b4394742206d3264d9290e7b1369517
resnet,mixed,202,em_n20005_call_covariance_s0,phase2/results/predictions/full/mixed/resnet/seed_202/em_n20005_call_covariance_s0.npz,75757,060d893532a4d372d4fb884cc4537a75ba606fb4fd40e498098f282405871e3a
tcn,clean_only,17,clean,phase2/results/predictions/full/clean_only/tcn/seed_17/clean.npz,76408,41acacb14cf9e35ded2aabe861f76e9875372bf52397028a5ee0a3ad1c683558
tcn,clean_only,17,bandpass_n20001_cRA_LA_LL_independent_rms_s20,phase2/results/predictions/full/clean_only/tcn/seed_17/bandpass_n20001_cRA_LA_LL_independent_rms_s20.npz,76501,e972f71bcbad242d3decc950c1a8a9cff8bc5fd3e1b58bd71b11af004bc50e42
tcn,clean_only,17,bandpass_n20001_cRA_LA_LL_independent_rms_s15,phase2/results/predictions/full/clean_only/tcn/seed_17/bandpass_n20001_cRA_LA_LL_independent_rms_s15.npz,76452,7cafcb98726f1a6ed3b817bdf99171816b5be82b07c6299a905920f1c70d8311
tcn,clean_only,17,bandpass_n20001_cRA_LA_LL_independent_rms_s10,phase2/results/predictions/full/clean_only/tcn/seed_17/bandpass_n20001_cRA_LA_LL_independent_rms_s10.npz,76360,a927964f408275f28ff900fcde42cddce3cf835942d71ca55dac4fa8d2e9936c
tcn,clean_only,17,bandpass_n20001_cRA_LA_LL_independent_rms_s5,phase2/results/predictions/full/clean_only/tcn/seed_17/bandpass_n20001_cRA_LA_LL_independent_rms_s5.npz,76212,e4d189396e2229d931a574816d576619e8389180fa49c0c09cfc1c69d9be2883
tcn,clean_only,17,bandpass_n20001_cRA_LA_LL_independent_rms_s0,phase2/results/predictions/full/clean_only/tcn/seed_17/bandpass_n20001_cRA_LA_LL_independent_rms_s0.npz,75768,e80d3c16dcbe57dc6b41e2059a197eb995ba4c3b196c1547c33817440a2dac8d
tcn,clean_only,17,bandpass_n20001_cRA_LA_LL_electrode_s20,phase2/results/predictions/full/clean_only/tcn/seed_17/bandpass_n20001_cRA_LA_LL_electrode_s20.npz,76457,7ba13a922aa54cf5ff98d7d2a68ac8d41981a8a97f18418f9e667cb787a4a0fa
tcn,clean_only,17,bandpass_n20001_cRA_LA_LL_electrode_s15,phase2/results/predictions/full/clean_only/tcn/seed_17/bandpass_n20001_cRA_LA_LL_electrode_s15.npz,76428,fcea3085c39f54b53f4407f7282b17ff5f74f14a303d188f05e342ae29130721
tcn,clean_only,17,bandpass_n20001_cRA_LA_LL_electrode_s10,phase2/results/predictions/full/clean_only/tcn/seed_17/bandpass_n20001_cRA_LA_LL_electrode_s10.npz,76319,4cf9649280cb2b9b9f46072b458c0f8f881a71f70cc035edfb0d79d52b6dfe5b
tcn,clean_only,17,bandpass_n20001_cRA_LA_LL_electrode_s5,phase2/results/predictions/full/clean_only/tcn/seed_17/bandpass_n20001_cRA_LA_LL_electrode_s5.npz,76066,02381fa92cce50829561188cd383ac7e6ed263e661cc162549e86096f57bbf8c
tcn,clean_only,17,bandpass_n20001_cRA_LA_LL_electrode_s0,phase2/results/predictions/full/clean_only/tcn/seed_17/bandpass_n20001_cRA_LA_LL_electrode_s0.npz,75623,c71043180c229777f9cc63d6e9e40d37f6a883b117a35290fced3db55c8e007b
tcn,clean_only,17,bandpass_n20001_cRA_LA_LL_covariance_s20,phase2/results/predictions/full/clean_only/tcn/seed_17/bandpass_n20001_cRA_LA_LL_covariance_s20.npz,76464,16fcfc7765d891af9e0f56f2db028a96fbd8a2598d7da57b3fc96b98eb1cc4fd
tcn,clean_only,17,bandpass_n20001_cRA_LA_LL_covariance_s15,phase2/results/predictions/full/clean_only/tcn/seed_17/bandpass_n20001_cRA_LA_LL_covariance_s15.npz,76396,e8ec50d85ef2833672451f635e3db9d3d7a3bf701ce4cdbb362e31bfa051b157
tcn,clean_only,17,bandpass_n20001_cRA_LA_LL_covariance_s10,phase2/results/predictions/full/clean_only/tcn/seed_17/bandpass_n20001_cRA_LA_LL_covariance_s10.npz,76364,849b1feb591b23562075111d5d991a0fcd6eb96158769a72f9c8fa988010080a
tcn,clean_only,17,bandpass_n20001_cRA_LA_LL_covariance_s5,phase2/results/predictions/full/clean_only/tcn/seed_17/bandpass_n20001_cRA_LA_LL_covariance_s5.npz,76090,3eb6af75a429d607b992e4868e5a0e8ea620d1f78b95886fbd3cdda29fec3036
tcn,clean_only,17,bandpass_n20001_cRA_LA_LL_covariance_s0,phase2/results/predictions/full/clean_only/tcn/seed_17/bandpass_n20001_cRA_LA_LL_covariance_s0.npz,75634,3dca465901b77e5b922824d35491fd97b49e9e1096137a11519a7a112c042a82
tcn,clean_only,17,bandpass_n20001_cV1_independent_rms_s20,phase2/results/predictions/full/clean_only/tcn/seed_17/bandpass_n20001_cV1_independent_rms_s20.npz,76478,3e47c7c0462cb21de03dd5ae13e227652eb3d92029355c8fe30b295e48abd1cd
tcn,clean_only,17,bandpass_n20001_cV1_independent_rms_s15,phase2/results/predictions/full/clean_only/tcn/seed_17/bandpass_n20001_cV1_independent_rms_s15.npz,76419,07e1854f508584fb26c67c392fdfd1aa784a7e1eebf03ea61706b16a44cd34f3
tcn,clean_only,17,bandpass_n20001_cV1_independent_rms_s10,phase2/results/predictions/full/clean_only/tcn/seed_17/bandpass_n20001_cV1_independent_rms_s10.npz,76403,6ba6227a78526a08ea25eb51c6e2dec96f0858c614dd37607c5ef759f06ff07b
tcn,clean_only,17,bandpass_n20001_cV1_independent_rms_s5,phase2/results/predictions/full/clean_only/tcn/seed_17/bandpass_n20001_cV1_independent_rms_s5.npz,76218,942c65df4e86be135e618287bacc240970d8de7c5a606a355f6e41601916e6d8
tcn,clean_only,17,bandpass_n20001_cV1_independent_rms_s0,phase2/results/predictions/full/clean_only/tcn/seed_17/bandpass_n20001_cV1_independent_rms_s0.npz,76011,5d95cb34f32753997a3a15abf534aa48646d750ed4382b1bd6fe5699ea5ad819
tcn,clean_only,17,bandpass_n20001_cV1_electrode_s20,phase2/results/predictions/full/clean_only/tcn/seed_17/bandpass_n20001_cV1_electrode_s20.npz,76448,2e29d7addb80d5d7fa87204f54d64b588259d482b6a9407b1686da5d6a676725
tcn,clean_only,17,bandpass_n20001_cV1_electrode_s15,phase2/results/predictions/full/clean_only/tcn/seed_17/bandpass_n20001_cV1_electrode_s15.npz,76453,5aed696f6de9235ad34c347a063c4b0e0549f935f34179ca8c85d3e2308e9881
tcn,clean_only,17,bandpass_n20001_cV1_electrode_s10,phase2/results/predictions/full/clean_only/tcn/seed_17/bandpass_n20001_cV1_electrode_s10.npz,76347,b5760fbf56f09fd59689e1d56910cccd02e0ee5d1c76128d2337ab982a74ac0b
tcn,clean_only,17,bandpass_n20001_cV1_electrode_s5,phase2/results/predictions/full/clean_only/tcn/seed_17/bandpass_n20001_cV1_electrode_s5.npz,76249,0e6b657ed7a6107027f4712c52dc3ef22a51ebdd2ea3ad6ef548365636975527
tcn,clean_only,17,bandpass_n20001_cV1_electrode_s0,phase2/results/predictions/full/clean_only/tcn/seed_17/bandpass_n20001_cV1_electrode_s0.npz,75977,a7214901551254ed2dd8bfc6524c8fd1836b796f429c815bdae3ae7b839d3f51
tcn,clean_only,17,bandpass_n20001_cV1_covariance_s20,phase2/results/predictions/full/clean_only/tcn/seed_17/bandpass_n20001_cV1_covariance_s20.npz,76417,99b2af4d86618a82c79c31acc94bcfe8d011f1079cd87acf0969e4ef746c0fed
tcn,clean_only,17,bandpass_n20001_cV1_covariance_s15,phase2/results/predictions/full/clean_only/tcn/seed_17/bandpass_n20001_cV1_covariance_s15.npz,76412,64f37cd84f71b8130f06f3de007fb392bc4ea52039759eb34498ce0f71dab47b
tcn,clean_only,17,bandpass_n20001_cV1_covariance_s10,phase2/results/predictions/full/clean_only/tcn/seed_17/bandpass_n20001_cV1_covariance_s10.npz,76360,a84e5fac8568e4fb7dc01464a7a72c96e4f3bc8a53b2e8f741431a15d949cef1
tcn,clean_only,17,bandpass_n20001_cV1_covariance_s5,phase2/results/predictions/full/clean_only/tcn/seed_17/bandpass_n20001_cV1_covariance_s5.npz,76256,3ef99e88686fbf1323627f2f073e8133a48a9a8c66a86551972694621223c927
tcn,clean_only,17,bandpass_n20001_cV1_covariance_s0,phase2/results/predictions/full/clean_only/tcn/seed_17/bandpass_n20001_cV1_covariance_s0.npz,75997,b7b6b847e59f1d59dac1c00afd47959705631752eab3bff20ea8c81f22c6dc81
tcn,clean_only,17,bandpass_n20001_cV2_independent_rms_s20,phase2/results/predictions/full/clean_only/tcn/seed_17/bandpass_n20001_cV2_independent_rms_s20.npz,76468,bb9fd3ea08203443fc34a44467b755fe3fc6fb8eab53dbb09b56e39a48672cfa
tcn,clean_only,17,bandpass_n20001_cV2_independent_rms_s15,phase2/results/predictions/full/clean_only/tcn/seed_17/bandpass_n20001_cV2_independent_rms_s15.npz,76438,c4c29dadd62a2e4c89531bfb1c1d5b9bf9b03f80a7fa4e2cb1067104e652f779
tcn,clean_only,17,bandpass_n20001_cV2_independent_rms_s10,phase2/results/predictions/full/clean_only/tcn/seed_17/bandpass_n20001_cV2_independent_rms_s10.npz,76392,955e82d302476652985b68f5e8d945fddb6e18e85f95889fff48e4486c8aa60c
tcn,clean_only,17,bandpass_n20001_cV2_independent_rms_s5,phase2/results/predictions/full/clean_only/tcn/seed_17/bandpass_n20001_cV2_independent_rms_s5.npz,76300,e191b21b5b3570bf8d85c35c9e68f485b1f6ec05b858a2eeec4634525d7ab786
tcn,clean_only,17,bandpass_n20001_cV2_independent_rms_s0,phase2/results/predictions/full/clean_only/tcn/seed_17/bandpass_n20001_cV2_independent_rms_s0.npz,75987,8d0c3581c13659441514c5fc646a66831212f3eab5b18cabf5422fd46781fa45
tcn,clean_only,17,bandpass_n20001_cV2_electrode_s20,phase2/results/predictions/full/clean_only/tcn/seed_17/bandpass_n20001_cV2_electrode_s20.npz,76480,a730a876c8c58d8dc22aa2fe663f3c14e1c4efacbaaa2be1e9d85ec61a62c3cb
tcn,clean_only,17,bandpass_n20001_cV2_electrode_s15,phase2/results/predictions/full/clean_only/tcn/seed_17/bandpass_n20001_cV2_electrode_s15.npz,76456,a1de4213fb30783374947ca11cac8db8581d03c43c32e4bbbc313236644ba28b
tcn,clean_only,17,bandpass_n20001_cV2_electrode_s10,phase2/results/predictions/full/clean_only/tcn/seed_17/bandpass_n20001_cV2_electrode_s10.npz,76374,4061f8d0abab46c4a356060a7226605afdb5c1dec75ef59ec429967f8b1cf5db
tcn,clean_only,17,bandpass_n20001_cV2_electrode_s5,phase2/results/predictions/full/clean_only/tcn/seed_17/bandpass_n20001_cV2_electrode_s5.npz,76257,9cfba4c008c94a7583e56353c75ee052e85f5ead14af8f6ffa33714ed2a9b453
tcn,clean_only,17,bandpass_n20001_cV2_electrode_s0,phase2/results/predictions/full/clean_only/tcn/seed_17/bandpass_n20001_cV2_electrode_s0.npz,75989,59829ed378740f1703019a73a9348c0ea4fd976ba50c213ec4ef44a24cd2cab5
tcn,clean_only,17,bandpass_n20001_cV2_covariance_s20,phase2/results/predictions/full/clean_only/tcn/seed_17/bandpass_n20001_cV2_covariance_s20.npz,76471,511ca13f2f48c66b324385f600511f58249167129391a78d3cdf97e3ad82bf31
tcn,clean_only,17,bandpass_n20001_cV2_covariance_s15,phase2/results/predictions/full/clean_only/tcn/seed_17/bandpass_n20001_cV2_covariance_s15.npz,76435,390cd3801535abdb40c5334481b796cf7c72176480159c7db8ed92a00bae5943
tcn,clean_only,17,bandpass_n20001_cV2_covariance_s10,phase2/results/predictions/full/clean_only/tcn/seed_17/bandpass_n20001_cV2_covariance_s10.npz,76401,a2e7a0e5c8b93611418473a8ffe8eaa64dff84df2c8e2e7792e302907f66e761
tcn,clean_only,17,bandpass_n20001_cV2_covariance_s5,phase2/results/predictions/full/clean_only/tcn/seed_17/bandpass_n20001_cV2_covariance_s5.npz,76250,759591c0b5404c23565fbce4ebc6a1ec2c5903cc8085660e5a08eb3703f8ae1e
tcn,clean_only,17,bandpass_n20001_cV2_covariance_s0,phase2/results/predictions/full/clean_only/tcn/seed_17/bandpass_n20001_cV2_covariance_s0.npz,75967,e5b7096afd383e8eae7598f9477677b976b2d6b66c8377202554ddfa51a70a4d
tcn,clean_only,17,bandpass_n20001_cV3_independent_rms_s20,phase2/results/predictions/full/clean_only/tcn/seed_17/bandpass_n20001_cV3_independent_rms_s20.npz,76455,25b0ab22959c82a2a7fdc57117b13c2e86718c81435d7e276b04501e1a929419
tcn,clean_only,17,bandpass_n20001_cV3_independent_rms_s15,phase2/results/predictions/full/clean_only/tcn/seed_17/bandpass_n20001_cV3_independent_rms_s15.npz,76440,b54b7263650873ebfae88d21513857414d6e1888366428135b15040dbcf501fa
tcn,clean_only,17,bandpass_n20001_cV3_independent_rms_s10,phase2/results/predictions/full/clean_only/tcn/seed_17/bandpass_n20001_cV3_independent_rms_s10.npz,76403,aaea133db8587259bcdf132449862c6b6d8e993b8cd1c9eb36272c36dcc2f094
tcn,clean_only,17,bandpass_n20001_cV3_independent_rms_s5,phase2/results/predictions/full/clean_only/tcn/seed_17/bandpass_n20001_cV3_independent_rms_s5.npz,76256,7e610393fc94ee629e1ebdb32aaaac2886188f2a87bf6b36934c40afd4b50f88
tcn,clean_only,17,bandpass_n20001_cV3_independent_rms_s0,phase2/results/predictions/full/clean_only/tcn/seed_17/bandpass_n20001_cV3_independent_rms_s0.npz,75918,67a158b2e4ab9c34b025875d8be2d5ef322566d66d71034fac247824ff37da6a
tcn,clean_only,17,bandpass_n20001_cV3_electrode_s20,phase2/results/predictions/full/clean_only/tcn/seed_17/bandpass_n20001_cV3_electrode_s20.npz,76439,1d75c6b606bcb6b9954a11e66b5a681a3c784b3dd64480c374dba465c3bded0f
tcn,clean_only,17,bandpass_n20001_cV3_electrode_s15,phase2/results/predictions/full/clean_only/tcn/seed_17/bandpass_n20001_cV3_electrode_s15.npz,76446,3e144083a345d455b5f4f061311748bee45e4e81800d021b96f22513c36ae7c6
tcn,clean_only,17,bandpass_n20001_cV3_electrode_s10,phase2/results/predictions/full/clean_only/tcn/seed_17/bandpass_n20001_cV3_electrode_s10.npz,76368,80ecb1cd65343c36ea4bd35437f007666a89cb7f1a1848ee3ebe411a51bce8b9
tcn,clean_only,17,bandpass_n20001_cV3_electrode_s5,phase2/results/predictions/full/clean_only/tcn/seed_17/bandpass_n20001_cV3_electrode_s5.npz,76259,b9a09af6599ff8d0d8d4ee95400f9d81a94cac391e675d41526abf71de13718b
tcn,clean_only,17,bandpass_n20001_cV3_electrode_s0,phase2/results/predictions/full/clean_only/tcn/seed_17/bandpass_n20001_cV3_electrode_s0.npz,75945,5f0565f9ead2efb5547675ae51fe6df0f0aaa1648ba64fa90fbfd4f6d64bb713
tcn,clean_only,17,bandpass_n20001_cV3_covariance_s20,phase2/results/predictions/full/clean_only/tcn/seed_17/bandpass_n20001_cV3_covariance_s20.npz,76472,ed2478abef51bfe557814df2fda89c5e1bcbaf559e7b56568cc66542f1900443
tcn,clean_only,17,bandpass_n20001_cV3_covariance_s15,phase2/results/predictions/full/clean_only/tcn/seed_17/bandpass_n20001_cV3_covariance_s15.npz,76433,4ffbd4b59adf4cf4c679cb2b96458e02caae9b6225dd900aaa2fa40829ab8594
tcn,clean_only,17,bandpass_n20001_cV3_covariance_s10,phase2/results/predictions/full/clean_only/tcn/seed_17/bandpass_n20001_cV3_covariance_s10.npz,76404,454581abcda68f7738fbe7962ad830a3b37f794a8b9bec4d8fd9250cb0a19175
tcn,clean_only,17,bandpass_n20001_cV3_covariance_s5,phase2/results/predictions/full/clean_only/tcn/seed_17/bandpass_n20001_cV3_covariance_s5.npz,76273,3d1562bb0333373cdd932b96898ba0dfe1d78a84bdac165df39a14875a5b7d8c
tcn,clean_only,17,bandpass_n20001_cV3_covariance_s0,phase2/results/predictions/full/clean_only/tcn/seed_17/bandpass_n20001_cV3_covariance_s0.npz,75913,80940f290456fd36b00ffcf50ce7257da9d6b50ea2491c0481cdf89a14a6c6db
tcn,clean_only,17,bandpass_n20001_cV4_independent_rms_s20,phase2/results/predictions/full/clean_only/tcn/seed_17/bandpass_n20001_cV4_independent_rms_s20.npz,76453,84bbc3f9eda7cf96636510ce9bb59524ea1a3e33f7af76aa7d67be62231f273e
tcn,clean_only,17,bandpass_n20001_cV4_independent_rms_s15,phase2/results/predictions/full/clean_only/tcn/seed_17/bandpass_n20001_cV4_independent_rms_s15.npz,76445,0807c39d15970e80d92c452e3c5e9f4b9fe58d153db619d9b6495b38846a77c2
tcn,clean_only,17,bandpass_n20001_cV4_independent_rms_s10,phase2/results/predictions/full/clean_only/tcn/seed_17/bandpass_n20001_cV4_independent_rms_s10.npz,76453,1bacf2377713226a6f270dbb976e9f78bf404ecbc53488036844b64c9ab7bd6e
tcn,clean_only,17,bandpass_n20001_cV4_independent_rms_s5,phase2/results/predictions/full/clean_only/tcn/seed_17/bandpass_n20001_cV4_independent_rms_s5.npz,76397,8ad83d003bddd7134fda79f73e4404b9c2afc5f0e7307ebc0f38dd1dd90e5d85
tcn,clean_only,17,bandpass_n20001_cV4_independent_rms_s0,phase2/results/predictions/full/clean_only/tcn/seed_17/bandpass_n20001_cV4_independent_rms_s0.npz,76269,ed8685e73e523583f9025a09b69d91dba7a4ac88049239226628c975d31914ac
tcn,clean_only,17,bandpass_n20001_cV4_electrode_s20,phase2/results/predictions/full/clean_only/tcn/seed_17/bandpass_n20001_cV4_electrode_s20.npz,76483,732daeca656dd6cc0aee3cf730b20d35cd5e994b58199b1c359edeef7aabf19c
tcn,clean_only,17,bandpass_n20001_cV4_electrode_s15,phase2/results/predictions/full/clean_only/tcn/seed_17/bandpass_n20001_cV4_electrode_s15.npz,76458,443bdc9c23c0d0e813cc415dfec1ee769fd8854d2fa0fde88f1b5f1d701eab74
tcn,clean_only,17,bandpass_n20001_cV4_electrode_s10,phase2/results/predictions/full/clean_only/tcn/seed_17/bandpass_n20001_cV4_electrode_s10.npz,76433,30a1f6b426fd58c8c8dfca75720c0bf75ede43ce7c7169a768cd8b8dbd331ec6
tcn,clean_only,17,bandpass_n20001_cV4_electrode_s5,phase2/results/predictions/full/clean_only/tcn/seed_17/bandpass_n20001_cV4_electrode_s5.npz,76402,56dbc367281e21b6435f57e8cd9d17a60a75896394cb89243b295c7f32b1c1da
tcn,clean_only,17,bandpass_n20001_cV4_electrode_s0,phase2/results/predictions/full/clean_only/tcn/seed_17/bandpass_n20001_cV4_electrode_s0.npz,76255,9d47a42349e07d5a65aaf3108756bff3516ce02d1e6f60d5c104f51cae34056c
tcn,clean_only,17,bandpass_n20001_cV4_covariance_s20,phase2/results/predictions/full/clean_only/tcn/seed_17/bandpass_n20001_cV4_covariance_s20.npz,76450,d9a3a564df4c7a46ba8964ed1970b810a840c4a99637cba2fbeabf902886af20
tcn,clean_only,17,bandpass_n20001_cV4_covariance_s15,phase2/results/predictions/full/clean_only/tcn/seed_17/bandpass_n20001_cV4_covariance_s15.npz,76459,d290b4fc628af2f28709969cd62b22b8783ea3bdd19cc21c8745aee7b84b400f
tcn,clean_only,17,bandpass_n20001_cV4_covariance_s10,phase2/results/predictions/full/clean_only/tcn/seed_17/bandpass_n20001_cV4_covariance_s10.npz,76418,ef642cd5c4b175ec65f988955b35f87c32228f0d72f6d7e0d7d3a4288a09eeec
tcn,clean_only,17,bandpass_n20001_cV4_covariance_s5,phase2/results/predictions/full/clean_only/tcn/seed_17/bandpass_n20001_cV4_covariance_s5.npz,76399,e13f598bc1bc9e7aff2b7559704191aa3a75c05c5c29160d0ea77469197075d3
tcn,clean_only,17,bandpass_n20001_cV4_covariance_s0,phase2/results/predictions/full/clean_only/tcn/seed_17/bandpass_n20001_cV4_covariance_s0.npz,76276,9cb96cf9c4cb902dbd54872fb8a7555fbd5cb890c36b2177cfa9a3a00b2645aa
tcn,clean_only,17,bandpass_n20001_cV5_independent_rms_s20,phase2/results/predictions/full/clean_only/tcn/seed_17/bandpass_n20001_cV5_independent_rms_s20.npz,76473,2fb759141b01f4a2d54e33a06180ffa20ae5d3398f15ae690e8da952d9cd6ba6
tcn,clean_only,17,bandpass_n20001_cV5_independent_rms_s15,phase2/results/predictions/full/clean_only/tcn/seed_17/bandpass_n20001_cV5_independent_rms_s15.npz,76463,92099f60dce4f25e92fda81fa04cbe7b64faa3a32f7d525f546ef74cddb28faa
tcn,clean_only,17,bandpass_n20001_cV5_independent_rms_s10,phase2/results/predictions/full/clean_only/tcn/seed_17/bandpass_n20001_cV5_independent_rms_s10.npz,76391,eca4827eb000ae719d1bcf4062a89092d89d0119c1e012dc18f8931081018243
tcn,clean_only,17,bandpass_n20001_cV5_independent_rms_s5,phase2/results/predictions/full/clean_only/tcn/seed_17/bandpass_n20001_cV5_independent_rms_s5.npz,76341,486cd107421af77a30a17f39fb3d6b363dda6bafc9e30ad24d48de320d19eb41
tcn,clean_only,17,bandpass_n20001_cV5_independent_rms_s0,phase2/results/predictions/full/clean_only/tcn/seed_17/bandpass_n20001_cV5_independent_rms_s0.npz,76044,2135903c67d6b5b00b398c0d99b51ca1f70fdeab76d8950658d4ca50adb91d8e
tcn,clean_only,17,bandpass_n20001_cV5_electrode_s20,phase2/results/predictions/full/clean_only/tcn/seed_17/bandpass_n20001_cV5_electrode_s20.npz,76464,a60176070a18241f8342158833dcba451ec9ee9750905a1f01e69327c3c84bdf
tcn,clean_only,17,bandpass_n20001_cV5_electrode_s15,phase2/results/predictions/full/clean_only/tcn/seed_17/bandpass_n20001_cV5_electrode_s15.npz,76444,7d86cdb44f647ed3eb91963cbada23e564ba4e241375e77c269ed237fc35688e
tcn,clean_only,17,bandpass_n20001_cV5_electrode_s10,phase2/results/predictions/full/clean_only/tcn/seed_17/bandpass_n20001_cV5_electrode_s10.npz,76375,5714e3287ec4dbd173f7c852be5d5d59e6a40e86319e0b1b539600c98bf029ef
tcn,clean_only,17,bandpass_n20001_cV5_electrode_s5,phase2/results/predictions/full/clean_only/tcn/seed_17/bandpass_n20001_cV5_electrode_s5.npz,76299,9dacd2cd2e1328960a52bb7d5c8043f82d06173f1ee35e1a13a7908c5aa5c518
tcn,clean_only,17,bandpass_n20001_cV5_electrode_s0,phase2/results/predictions/full/clean_only/tcn/seed_17/bandpass_n20001_cV5_electrode_s0.npz,76021,4a312929e38207b74d9140dfb1db5c33423ed9c1ee726e7b782d78fc16ff3ee3
tcn,clean_only,17,bandpass_n20001_cV5_covariance_s20,phase2/results/predictions/full/clean_only/tcn/seed_17/bandpass_n20001_cV5_covariance_s20.npz,76476,bf13ca68a6335b2121b7b2ed9c3838946105c7b21b52825d14951553b0822b02
tcn,clean_only,17,bandpass_n20001_cV5_covariance_s15,phase2/results/predictions/full/clean_only/tcn/seed_17/bandpass_n20001_cV5_covariance_s15.npz,76459,341a5b964b6ebcb65a4c56ea8d83610bec11ae93c50e54b3a2ce9ac1507140fc
tcn,clean_only,17,bandpass_n20001_cV5_covariance_s10,phase2/results/predictions/full/clean_only/tcn/seed_17/bandpass_n20001_cV5_covariance_s10.npz,76386,13ecda610ce3487c0407ca96870a5a1da83ccee6c14b5d275765cace1a590c41
tcn,clean_only,17,bandpass_n20001_cV5_covariance_s5,phase2/results/predictions/full/clean_only/tcn/seed_17/bandpass_n20001_cV5_covariance_s5.npz,76311,fb1f3d050461c3503fd5dbdae065d14a7fa73c58bf779d2b130bf5fc375d765c
tcn,clean_only,17,bandpass_n20001_cV5_covariance_s0,phase2/results/predictions/full/clean_only/tcn/seed_17/bandpass_n20001_cV5_covariance_s0.npz,76008,c13e666ea61e0f4782d875e42abe0b424c8db0d509da013992524739ef8cd029
tcn,clean_only,17,bandpass_n20001_cV6_independent_rms_s20,phase2/results/predictions/full/clean_only/tcn/seed_17/bandpass_n20001_cV6_independent_rms_s20.npz,76469,95d2f71b035d2b5f7cef3fe07ed621694d17c42eb20283568864e7e17ab261fe
tcn,clean_only,17,bandpass_n20001_cV6_independent_rms_s15,phase2/results/predictions/full/clean_only/tcn/seed_17/bandpass_n20001_cV6_independent_rms_s15.npz,76464,a0d31648bf0d4549b04a95769af73c1694edfca000f20dccb44d92c7092adaf7
tcn,clean_only,17,bandpass_n20001_cV6_independent_rms_s10,phase2/results/predictions/full/clean_only/tcn/seed_17/bandpass_n20001_cV6_independent_rms_s10.npz,76378,e92dbf0ffba81b46df95125821adf80a780b1a09a655a6a6eb341ebe2d35ad07
tcn,clean_only,17,bandpass_n20001_cV6_independent_rms_s5,phase2/results/predictions/full/clean_only/tcn/seed_17/bandpass_n20001_cV6_independent_rms_s5.npz,76270,daeeef2a0b182a722401dc1e3e3af7abd342fe1d4f6d4c0702618ce513820090
tcn,clean_only,17,bandpass_n20001_cV6_independent_rms_s0,phase2/results/predictions/full/clean_only/tcn/seed_17/bandpass_n20001_cV6_independent_rms_s0.npz,75916,336957cae9b2909df2c1a53475e9afc23b6ed90300e80f881d778622e95ddf99
tcn,clean_only,17,bandpass_n20001_cV6_electrode_s20,phase2/results/predictions/full/clean_only/tcn/seed_17/bandpass_n20001_cV6_electrode_s20.npz,76440,552705ac5b93e22156f50f6328cb34f9700512d7f1d6e5555fc1b7b7f5c5bf8d
tcn,clean_only,17,bandpass_n20001_cV6_electrode_s15,phase2/results/predictions/full/clean_only/tcn/seed_17/bandpass_n20001_cV6_electrode_s15.npz,76433,5b48c4f119e1abb212c37158630dfe304b43f535de94118360af00eec1263832
tcn,clean_only,17,bandpass_n20001_cV6_electrode_s10,phase2/results/predictions/full/clean_only/tcn/seed_17/bandpass_n20001_cV6_electrode_s10.npz,76380,f79cee974f4a149f45e1a87cd7e1243490bf2a78511f7b95e3486be787e84c79
tcn,clean_only,17,bandpass_n20001_cV6_electrode_s5,phase2/results/predictions/full/clean_only/tcn/seed_17/bandpass_n20001_cV6_electrode_s5.npz,76254,212d16826de2f794ad0db2e3e203d8e798f0107d93f4eaf25dfab907ca948a55
tcn,clean_only,17,bandpass_n20001_cV6_electrode_s0,phase2/results/predictions/full/clean_only/tcn/seed_17/bandpass_n20001_cV6_electrode_s0.npz,75906,3405ff5afb4dadce5ce9873508ee75db3100e4e0fb5e53132685ee836027c53b
tcn,clean_only,17,bandpass_n20001_cV6_covariance_s20,phase2/results/predictions/full/clean_only/tcn/seed_17/bandpass_n20001_cV6_covariance_s20.npz,76472,f3c4104b83f97b51354d6938fd4be7a6084860fdf6bbba95d8fbaf3d72b4b8ae
tcn,clean_only,17,bandpass_n20001_cV6_covariance_s15,phase2/results/predictions/full/clean_only/tcn/seed_17/bandpass_n20001_cV6_covariance_s15.npz,76444,9ea1c7c1e1a885655226e849e6eb6ca5d42109451395dc74c43fd01d0a2e3344
tcn,clean_only,17,bandpass_n20001_cV6_covariance_s10,phase2/results/predictions/full/clean_only/tcn/seed_17/bandpass_n20001_cV6_covariance_s10.npz,76378,e4662869ce1120dc26ff458035056a64b4936ee4b0f36be704964aace6d2f51e
tcn,clean_only,17,bandpass_n20001_cV6_covariance_s5,phase2/results/predictions/full/clean_only/tcn/seed_17/bandpass_n20001_cV6_covariance_s5.npz,76273,88831f18ab7d0724a3a046af117ac25826863f074434337e608136b20afb5f37
tcn,clean_only,17,bandpass_n20001_cV6_covariance_s0,phase2/results/predictions/full/clean_only/tcn/seed_17/bandpass_n20001_cV6_covariance_s0.npz,75928,25a6a63219724bdfb620a0e03ac1f15c493757539428260d05da37f66c25b786
tcn,clean_only,17,bandpass_n20001_cRA_LA_independent_rms_s20,phase2/results/predictions/full/clean_only/tcn/seed_17/bandpass_n20001_cRA_LA_independent_rms_s20.npz,76474,8005dd6916e4af10fb63cbaedd72c63b3b5203f4582c81b29501f95827f739ed
tcn,clean_only,17,bandpass_n20001_cRA_LA_independent_rms_s15,phase2/results/predictions/full/clean_only/tcn/seed_17/bandpass_n20001_cRA_LA_independent_rms_s15.npz,76449,b05bb18a5fd578e92152e68f1ca8d3bf13eb1113b67e392be4796dc16f46d495
tcn,clean_only,17,bandpass_n20001_cRA_LA_independent_rms_s10,phase2/results/predictions/full/clean_only/tcn/seed_17/bandpass_n20001_cRA_LA_independent_rms_s10.npz,76379,5b2811f5db1994685a6204115913bcc49b9c7323dcadb6b9e694ce9bae587ebf
tcn,clean_only,17,bandpass_n20001_cRA_LA_independent_rms_s5,phase2/results/predictions/full/clean_only/tcn/seed_17/bandpass_n20001_cRA_LA_independent_rms_s5.npz,76237,0b124f81e3073a436e03514e21ca7a4a0367fc859be09cb1533e3e8ba10a4e71
tcn,clean_only,17,bandpass_n20001_cRA_LA_independent_rms_s0,phase2/results/predictions/full/clean_only/tcn/seed_17/bandpass_n20001_cRA_LA_independent_rms_s0.npz,75819,4af7085bcf7f1ef867ee65d35075716fb75d6fd9c0f55a8b4b8f6a58e0cef201
tcn,clean_only,17,bandpass_n20001_cRA_LA_electrode_s20,phase2/results/predictions/full/clean_only/tcn/seed_17/bandpass_n20001_cRA_LA_electrode_s20.npz,76416,452a34466b77f5ae444ea8b194a9221f7bc85a25a85b30fcc538a78bd587b1ef
tcn,clean_only,17,bandpass_n20001_cRA_LA_electrode_s15,phase2/results/predictions/full/clean_only/tcn/seed_17/bandpass_n20001_cRA_LA_electrode_s15.npz,76395,c690322c54793cf27022d0eac1e0c9a02004d5776580f69f783c325b50769c6b
tcn,clean_only,17,bandpass_n20001_cRA_LA_electrode_s10,phase2/results/predictions/full/clean_only/tcn/seed_17/bandpass_n20001_cRA_LA_electrode_s10.npz,76295,d2bb11a702ce42fd25f6bbed69f9a625818fad7b574a18a1d811b16ab4947efb
tcn,clean_only,17,bandpass_n20001_cRA_LA_electrode_s5,phase2/results/predictions/full/clean_only/tcn/seed_17/bandpass_n20001_cRA_LA_electrode_s5.npz,76051,c438fa68681104a815bb35401fa6d189db9a0abfc03b96579cdd392eb2106ee0
tcn,clean_only,17,bandpass_n20001_cRA_LA_electrode_s0,phase2/results/predictions/full/clean_only/tcn/seed_17/bandpass_n20001_cRA_LA_electrode_s0.npz,75556,3e5b3aeec66fdfbe1ec460791bf365fd5705752f8eb92e12982f258114b71269
tcn,clean_only,17,bandpass_n20001_cRA_LA_covariance_s20,phase2/results/predictions/full/clean_only/tcn/seed_17/bandpass_n20001_cRA_LA_covariance_s20.npz,76450,6b5fca145368dbc02534d093f110eb70a052224f52cb83da70e3ce18ab4bf3b7
tcn,clean_only,17,bandpass_n20001_cRA_LA_covariance_s15,phase2/results/predictions/full/clean_only/tcn/seed_17/bandpass_n20001_cRA_LA_covariance_s15.npz,76417,11dcdffb0528c1004c71231aa6546d2a2c1fdb8e6623f993fb9601db336ffbd7
tcn,clean_only,17,bandpass_n20001_cRA_LA_covariance_s10,phase2/results/predictions/full/clean_only/tcn/seed_17/bandpass_n20001_cRA_LA_covariance_s10.npz,76321,cd5fdb7f1c8af0361cc600041b89ef47667daabfa946666da0662b4641c56d1c
tcn,clean_only,17,bandpass_n20001_cRA_LA_covariance_s5,phase2/results/predictions/full/clean_only/tcn/seed_17/bandpass_n20001_cRA_LA_covariance_s5.npz,76082,fa0f10645489aedc2e5cfb01f450e3f0b843260b49d7df8c428e401fa969ccd3
tcn,clean_only,17,bandpass_n20001_cRA_LA_covariance_s0,phase2/results/predictions/full/clean_only/tcn/seed_17/bandpass_n20001_cRA_LA_covariance_s0.npz,75540,f8d0994eeb6df74bfd0728e1822a8afce9df5605c8e337f8e6521c64c2dda638
tcn,clean_only,17,bandpass_n20001_cLA_LL_independent_rms_s20,phase2/results/predictions/full/clean_only/tcn/seed_17/bandpass_n20001_cLA_LL_independent_rms_s20.npz,76474,dee696e157614c96a2f392e3e90552ef5650565eefe6cd79ad89cc5eb6da2126
tcn,clean_only,17,bandpass_n20001_cLA_LL_independent_rms_s15,phase2/results/predictions/full/clean_only/tcn/seed_17/bandpass_n20001_cLA_LL_independent_rms_s15.npz,76433,440af857be881dc7bc244d4acd6c28084858f6ffda580a32265c737e18bf6e23
tcn,clean_only,17,bandpass_n20001_cLA_LL_independent_rms_s10,phase2/results/predictions/full/clean_only/tcn/seed_17/bandpass_n20001_cLA_LL_independent_rms_s10.npz,76399,f11b05294890f02f6deb432a27162a4262f93a8c07c1e0a0a40b9573d50b3685
tcn,clean_only,17,bandpass_n20001_cLA_LL_independent_rms_s5,phase2/results/predictions/full/clean_only/tcn/seed_17/bandpass_n20001_cLA_LL_independent_rms_s5.npz,76222,8659878848424a719c0de4866284d617797f69ef92d55126f6cbff3299a4ca51
tcn,clean_only,17,bandpass_n20001_cLA_LL_independent_rms_s0,phase2/results/predictions/full/clean_only/tcn/seed_17/bandpass_n20001_cLA_LL_independent_rms_s0.npz,75817,88dd10fa19971fb8b5e079d853c7f9ad8b442f32e0d370f8d145c0082334ea7e
tcn,clean_only,17,bandpass_n20001_cLA_LL_electrode_s20,phase2/results/predictions/full/clean_only/tcn/seed_17/bandpass_n20001_cLA_LL_electrode_s20.npz,76464,bae27fe133d0bb3e61590ae323e53e862009d332c14d8014b1d44c5653598080
tcn,clean_only,17,bandpass_n20001_cLA_LL_electrode_s15,phase2/results/predictions/full/clean_only/tcn/seed_17/bandpass_n20001_cLA_LL_electrode_s15.npz,76438,4e11f32d64777934c7048b2f8122848006ff21a91fea3a58a53e8da9aa49c7ba
tcn,clean_only,17,bandpass_n20001_cLA_LL_electrode_s10,phase2/results/predictions/full/clean_only/tcn/seed_17/bandpass_n20001_cLA_LL_electrode_s10.npz,76362,6efcf579d24599487ad7eadad96bfcb94ad4db6fd26e409eaaea8e281ac3cccf
tcn,clean_only,17,bandpass_n20001_cLA_LL_electrode_s5,phase2/results/predictions/full/clean_only/tcn/seed_17/bandpass_n20001_cLA_LL_electrode_s5.npz,76083,5d9c48d9dd4f15e0029ccc1fc2624a4f949324de982c2004ce8dc5fe6c0bbea7
tcn,clean_only,17,bandpass_n20001_cLA_LL_electrode_s0,phase2/results/predictions/full/clean_only/tcn/seed_17/bandpass_n20001_cLA_LL_electrode_s0.npz,75714,15f0967aa49348bfad29955a4cb9fc07808d3adae0aa446e33da831064aa51f8
tcn,clean_only,17,bandpass_n20001_cLA_LL_covariance_s20,phase2/results/predictions/full/clean_only/tcn/seed_17/bandpass_n20001_cLA_LL_covariance_s20.npz,76433,acf14f0dad13030f9f69be0a06c5e6a2bea8eaba9482ca6fe8b9125be25c5513
tcn,clean_only,17,bandpass_n20001_cLA_LL_covariance_s15,phase2/results/predictions/full/clean_only/tcn/seed_17/bandpass_n20001_cLA_LL_covariance_s15.npz,76412,8cf560040aad54a414fc025944ad0467d88dba81670052ac0ad923e8314496b7
tcn,clean_only,17,bandpass_n20001_cLA_LL_covariance_s10,phase2/results/predictions/full/clean_only/tcn/seed_17/bandpass_n20001_cLA_LL_covariance_s10.npz,76350,7018b81eb07aa0842c7483465a44a2aca90af136a92df163c5d5a336d1133e68
tcn,clean_only,17,bandpass_n20001_cLA_LL_covariance_s5,phase2/results/predictions/full/clean_only/tcn/seed_17/bandpass_n20001_cLA_LL_covariance_s5.npz,76076,f7649d1bda80ca345826652c26adb68aa18e9a0324e127a4db4e1886ff09f7c8
tcn,clean_only,17,bandpass_n20001_cLA_LL_covariance_s0,phase2/results/predictions/full/clean_only/tcn/seed_17/bandpass_n20001_cLA_LL_covariance_s0.npz,75727,6ed2ce9ccc4608f7f281ad6245f71d51d6ed3105fdddd94a663e265792e454cc
tcn,clean_only,17,bandpass_n20001_cRA_LL_independent_rms_s20,phase2/results/predictions/full/clean_only/tcn/seed_17/bandpass_n20001_cRA_LL_independent_rms_s20.npz,76476,3bb77d9ff097ddb15ea6052c4dca57d5c0740ff1045a2b0456c8dbfa66d9f837
tcn,clean_only,17,bandpass_n20001_cRA_LL_independent_rms_s15,phase2/results/predictions/full/clean_only/tcn/seed_17/bandpass_n20001_cRA_LL_independent_rms_s15.npz,76449,17dcdee3e7e9f2d2a713469ead348a235a2b083761e39f03a2eb74ac886a5faf
tcn,clean_only,17,bandpass_n20001_cRA_LL_independent_rms_s10,phase2/results/predictions/full/clean_only/tcn/seed_17/bandpass_n20001_cRA_LL_independent_rms_s10.npz,76398,67b789efdd186c609aeb1ebe9a499e55d494cbe20edf7a423723d6d827aa977a
tcn,clean_only,17,bandpass_n20001_cRA_LL_independent_rms_s5,phase2/results/predictions/full/clean_only/tcn/seed_17/bandpass_n20001_cRA_LL_independent_rms_s5.npz,76172,01db1fde57535ed571b752e5ee1a8d04bba9a41e001a64014c21647d80dae706
tcn,clean_only,17,bandpass_n20001_cRA_LL_independent_rms_s0,phase2/results/predictions/full/clean_only/tcn/seed_17/bandpass_n20001_cRA_LL_independent_rms_s0.npz,75734,4897afc1de190cb99a2085c5f363517a5e9416239e9ef09243bbb38d91473b08
tcn,clean_only,17,bandpass_n20001_cRA_LL_electrode_s20,phase2/results/predictions/full/clean_only/tcn/seed_17/bandpass_n20001_cRA_LL_electrode_s20.npz,76430,d279e8dd152c8618f42d28c72cbb0cc59320d6b9c1e5a519e169b705d28719cf
tcn,clean_only,17,bandpass_n20001_cRA_LL_electrode_s15,phase2/results/predictions/full/clean_only/tcn/seed_17/bandpass_n20001_cRA_LL_electrode_s15.npz,76405,f4ee74cf824ab3e4ec9be600d84bc6f397bc0e1b8c599ff6c82c50202e7cb3c3
tcn,clean_only,17,bandpass_n20001_cRA_LL_electrode_s10,phase2/results/predictions/full/clean_only/tcn/seed_17/bandpass_n20001_cRA_LL_electrode_s10.npz,76350,ac9674b9780992bd5788c14e7a96270d22eba96c7c6121c0181046db978cb5e5
tcn,clean_only,17,bandpass_n20001_cRA_LL_electrode_s5,phase2/results/predictions/full/clean_only/tcn/seed_17/bandpass_n20001_cRA_LL_electrode_s5.npz,76088,08f3d36df0e62130e2c6f41a748f4889b0266e98eff398fa1899c6ae942b4e86
tcn,clean_only,17,bandpass_n20001_cRA_LL_electrode_s0,phase2/results/predictions/full/clean_only/tcn/seed_17/bandpass_n20001_cRA_LL_electrode_s0.npz,75578,8bd2f88f4d9d4e7bcb55dd8981b34875be0fd6a1e06811c61f076b1dbe756382
tcn,clean_only,17,bandpass_n20001_cRA_LL_covariance_s20,phase2/results/predictions/full/clean_only/tcn/seed_17/bandpass_n20001_cRA_LL_covariance_s20.npz,76470,9a777c95b6ba8c96b4f760a4decf012b3c2888f27a859b9eed37cd36781345ed
tcn,clean_only,17,bandpass_n20001_cRA_LL_covariance_s15,phase2/results/predictions/full/clean_only/tcn/seed_17/bandpass_n20001_cRA_LL_covariance_s15.npz,76384,5afe4ee207d50e1cd94d98d77d1df01df16191880fbe8ff4f807e86cd265f38d
tcn,clean_only,17,bandpass_n20001_cRA_LL_covariance_s10,phase2/results/predictions/full/clean_only/tcn/seed_17/bandpass_n20001_cRA_LL_covariance_s10.npz,76312,97107c9533552139ea6d8222dcf2fa432cacbd637255f383cee907a7dceb9f07
tcn,clean_only,17,bandpass_n20001_cRA_LL_covariance_s5,phase2/results/predictions/full/clean_only/tcn/seed_17/bandpass_n20001_cRA_LL_covariance_s5.npz,76106,4a47a517e0463f409813688e66f4a72be34287bed5eeefa87426811d88fd4c18
tcn,clean_only,17,bandpass_n20001_cRA_LL_covariance_s0,phase2/results/predictions/full/clean_only/tcn/seed_17/bandpass_n20001_cRA_LL_covariance_s0.npz,75566,dc8a1d5c8b0cd8abd8fb9e117d453a71a5dd2c5988246e21e69a14dc810c0b90
tcn,clean_only,17,bandpass_n20001_cRA_independent_rms_s20,phase2/results/predictions/full/clean_only/tcn/seed_17/bandpass_n20001_cRA_independent_rms_s20.npz,76454,943a57b9f4770c3fabcf189eb62f930ace1729ed5a8466762daeb0b171428bd1
tcn,clean_only,17,bandpass_n20001_cRA_independent_rms_s15,phase2/results/predictions/full/clean_only/tcn/seed_17/bandpass_n20001_cRA_independent_rms_s15.npz,76438,a82923e7dac23745009a70cf14252f4b9b203c4e4d0157850f76a158faa05009
tcn,clean_only,17,bandpass_n20001_cRA_independent_rms_s10,phase2/results/predictions/full/clean_only/tcn/seed_17/bandpass_n20001_cRA_independent_rms_s10.npz,76356,f34fa30a758dd7d4d079fb081225656c09f5150176af3f8a8a0fb69f8bea6156
tcn,clean_only,17,bandpass_n20001_cRA_independent_rms_s5,phase2/results/predictions/full/clean_only/tcn/seed_17/bandpass_n20001_cRA_independent_rms_s5.npz,76160,75a21fe240f157b79059cd34ecd6527a1711c2c7b3569294df56a8044b23366f
tcn,clean_only,17,bandpass_n20001_cRA_independent_rms_s0,phase2/results/predictions/full/clean_only/tcn/seed_17/bandpass_n20001_cRA_independent_rms_s0.npz,75727,b9f2a40d707e6d4a42b6c6f9d0a5404565ac0a6c1c49482deb2f61afa1286a2f
tcn,clean_only,17,bandpass_n20001_cRA_electrode_s20,phase2/results/predictions/full/clean_only/tcn/seed_17/bandpass_n20001_cRA_electrode_s20.npz,76415,2357e26a8c327bca541034f8f6622acc09c863212b9bfdc4e12dd49d07d92827
tcn,clean_only,17,bandpass_n20001_cRA_electrode_s15,phase2/results/predictions/full/clean_only/tcn/seed_17/bandpass_n20001_cRA_electrode_s15.npz,76419,34da96783a90d1c4bae67e55b0a58cdaf3f7251120b5ab9a84e134ca5bf0e9c6
tcn,clean_only,17,bandpass_n20001_cRA_electrode_s10,phase2/results/predictions/full/clean_only/tcn/seed_17/bandpass_n20001_cRA_electrode_s10.npz,76283,e65b599746865f2552d81f289cdd0f0dc002449f655fb89bf843de7e236fff84
tcn,clean_only,17,bandpass_n20001_cRA_electrode_s5,phase2/results/predictions/full/clean_only/tcn/seed_17/bandpass_n20001_cRA_electrode_s5.npz,76092,7d5181f1a60c2c051a3109b4c667b377f254eae06262a3669cf2cf831541e49b
tcn,clean_only,17,bandpass_n20001_cRA_electrode_s0,phase2/results/predictions/full/clean_only/tcn/seed_17/bandpass_n20001_cRA_electrode_s0.npz,75617,5ca8ef0fd83a1855cdfc435487cbb4e0a48b7e1dfbd9d620aa0387cf16165c6d
tcn,clean_only,17,bandpass_n20001_cRA_covariance_s20,phase2/results/predictions/full/clean_only/tcn/seed_17/bandpass_n20001_cRA_covariance_s20.npz,76438,4dbad0d3037049abcb4e99c7e7e4b1a3cecdd7f92b1ff4a4484f959b7a72aa51
tcn,clean_only,17,bandpass_n20001_cRA_covariance_s15,phase2/results/predictions/full/clean_only/tcn/seed_17/bandpass_n20001_cRA_covariance_s15.npz,76410,a2c2de9f7881846f339d7b3464f7226d28c57c20b082e5c455c3911ad8e93cc9
tcn,clean_only,17,bandpass_n20001_cRA_covariance_s10,phase2/results/predictions/full/clean_only/tcn/seed_17/bandpass_n20001_cRA_covariance_s10.npz,76282,906ca167cb6ac02151ae2c442b623f0b64ed48789fefb6b0626a83ce0b48f4b3
tcn,clean_only,17,bandpass_n20001_cRA_covariance_s5,phase2/results/predictions/full/clean_only/tcn/seed_17/bandpass_n20001_cRA_covariance_s5.npz,76097,c35962a4ccee87a41c97d452a8a8e6472ddd223256bc422dc5568f36f0a880f1
tcn,clean_only,17,bandpass_n20001_cRA_covariance_s0,phase2/results/predictions/full/clean_only/tcn/seed_17/bandpass_n20001_cRA_covariance_s0.npz,75618,39c3e29d66817331328086b74d6dc2262077ae0afe631bfd6f1869a6b6421a61
tcn,clean_only,17,bandpass_n20001_cLA_independent_rms_s20,phase2/results/predictions/full/clean_only/tcn/seed_17/bandpass_n20001_cLA_independent_rms_s20.npz,76478,69fac1f17658b6388d50e457cddaed2943c72d2db6ada8d1799eff84aa5d4579
tcn,clean_only,17,bandpass_n20001_cLA_independent_rms_s15,phase2/results/predictions/full/clean_only/tcn/seed_17/bandpass_n20001_cLA_independent_rms_s15.npz,76430,4f87fe711c9ac70bdea22ef77eb09227fb710903c0a0052421c769a47c985cb1
tcn,clean_only,17,bandpass_n20001_cLA_independent_rms_s10,phase2/results/predictions/full/clean_only/tcn/seed_17/bandpass_n20001_cLA_independent_rms_s10.npz,76423,49471137ce190de7c82e741d861034aa93a5e32e98897b6252f37a1c9cd0d00b
tcn,clean_only,17,bandpass_n20001_cLA_independent_rms_s5,phase2/results/predictions/full/clean_only/tcn/seed_17/bandpass_n20001_cLA_independent_rms_s5.npz,76247,9ae0762f587b2f384f151add14f622d1b8b0a15073a8222247605a2d9e8ce16f
tcn,clean_only,17,bandpass_n20001_cLA_independent_rms_s0,phase2/results/predictions/full/clean_only/tcn/seed_17/bandpass_n20001_cLA_independent_rms_s0.npz,75932,ef5e86e13c383426c1a07087461bfe014f8df9f7ceeafdfeb76e3894965aff40
tcn,clean_only,17,bandpass_n20001_cLA_electrode_s20,phase2/results/predictions/full/clean_only/tcn/seed_17/bandpass_n20001_cLA_electrode_s20.npz,76400,5b129a6cea91c266ea00aa5ca4d47314f9c04d02f5097f129a2770b90f9573f1
tcn,clean_only,17,bandpass_n20001_cLA_electrode_s15,phase2/results/predictions/full/clean_only/tcn/seed_17/bandpass_n20001_cLA_electrode_s15.npz,76407,fe89367bb0526fcea7b466529b28e076b4d09846293b85be75b50b709d0cd9fc
tcn,clean_only,17,bandpass_n20001_cLA_electrode_s10,phase2/results/predictions/full/clean_only/tcn/seed_17/bandpass_n20001_cLA_electrode_s10.npz,76310,395ff2668d5aa9a78aeeb03fdf85a6da41b8bde04d3fb67d1345c5fbe514517b
tcn,clean_only,17,bandpass_n20001_cLA_electrode_s5,phase2/results/predictions/full/clean_only/tcn/seed_17/bandpass_n20001_cLA_electrode_s5.npz,76070,4b0042b103834ff425319de182fc1ac6f5d23bc963e941064f179d624dac6655
tcn,clean_only,17,bandpass_n20001_cLA_electrode_s0,phase2/results/predictions/full/clean_only/tcn/seed_17/bandpass_n20001_cLA_electrode_s0.npz,75723,427d48bd78ec7dd327c5841e52591a46181c9326cb0f8cb854f399254d5133a2
tcn,clean_only,17,bandpass_n20001_cLA_covariance_s20,phase2/results/predictions/full/clean_only/tcn/seed_17/bandpass_n20001_cLA_covariance_s20.npz,76418,99d33d7235218a1cd908cdfabfd0c288c5ec8911b2928f7077b4217255e29e91
tcn,clean_only,17,bandpass_n20001_cLA_covariance_s15,phase2/results/predictions/full/clean_only/tcn/seed_17/bandpass_n20001_cLA_covariance_s15.npz,76402,1da1abfd1bbfa47088a2aa10987f9bc05c64e1bc00503d4049c5e45ff13de152
tcn,clean_only,17,bandpass_n20001_cLA_covariance_s10,phase2/results/predictions/full/clean_only/tcn/seed_17/bandpass_n20001_cLA_covariance_s10.npz,76322,cc12357b39febd20cb7bf9d8ebdf2339ffdb86278032014879e2c472560eca9a
tcn,clean_only,17,bandpass_n20001_cLA_covariance_s5,phase2/results/predictions/full/clean_only/tcn/seed_17/bandpass_n20001_cLA_covariance_s5.npz,76107,2667226260b99756cef46fe02362ed54a1011f55296047060b9845bf3e539bf5
tcn,clean_only,17,bandpass_n20001_cLA_covariance_s0,phase2/results/predictions/full/clean_only/tcn/seed_17/bandpass_n20001_cLA_covariance_s0.npz,75719,d962a345d070413f9c609ac83da6c37320b7b8c839fe78dc71c19135d4e03d63
tcn,clean_only,17,bandpass_n20001_cLL_independent_rms_s20,phase2/results/predictions/full/clean_only/tcn/seed_17/bandpass_n20001_cLL_independent_rms_s20.npz,76457,07c0eaaa7259a9c9086fafd7d28a6c5b6ab9cf16e949bbce38e28889d5606383
tcn,clean_only,17,bandpass_n20001_cLL_independent_rms_s15,phase2/results/predictions/full/clean_only/tcn/seed_17/bandpass_n20001_cLL_independent_rms_s15.npz,76437,9d485cbe8496317114f973c4a9db4e28efde5f33a041e3627bc616444cbae7b6
tcn,clean_only,17,bandpass_n20001_cLL_independent_rms_s10,phase2/results/predictions/full/clean_only/tcn/seed_17/bandpass_n20001_cLL_independent_rms_s10.npz,76368,92774558f036bcf828b64062b5b56d6d45f711d5ee87cf16aa88641478743c04
tcn,clean_only,17,bandpass_n20001_cLL_independent_rms_s5,phase2/results/predictions/full/clean_only/tcn/seed_17/bandpass_n20001_cLL_independent_rms_s5.npz,76185,f741c19a6d7e39a76587ac2fd1667d66c1e1afc4412fde5d012c1b0136d1a17a
tcn,clean_only,17,bandpass_n20001_cLL_independent_rms_s0,phase2/results/predictions/full/clean_only/tcn/seed_17/bandpass_n20001_cLL_independent_rms_s0.npz,75752,34ad8a60968b9901c6375186348c369e94da6af4428a23bc10e64fe5bac832d1
tcn,clean_only,17,bandpass_n20001_cLL_electrode_s20,phase2/results/predictions/full/clean_only/tcn/seed_17/bandpass_n20001_cLL_electrode_s20.npz,76438,53ef8d63fb91ee93d27901f392a508bbe53000391c8425b2c9f891db032c1385
tcn,clean_only,17,bandpass_n20001_cLL_electrode_s15,phase2/results/predictions/full/clean_only/tcn/seed_17/bandpass_n20001_cLL_electrode_s15.npz,76442,6b9e88e7d6f71439758c73988cbee0f200dfdeb070012b8d5b45c71c3e5d461a
tcn,clean_only,17,bandpass_n20001_cLL_electrode_s10,phase2/results/predictions/full/clean_only/tcn/seed_17/bandpass_n20001_cLL_electrode_s10.npz,76317,6edbb4e013f6095668e5757df1f860454f99b4ffdde7bdb16928b1d02a75d502
tcn,clean_only,17,bandpass_n20001_cLL_electrode_s5,phase2/results/predictions/full/clean_only/tcn/seed_17/bandpass_n20001_cLL_electrode_s5.npz,76082,6cecbac7b1e9c640595b1be9742f994c0b5099d0dccfb67f2adbe7c2f86620ad
tcn,clean_only,17,bandpass_n20001_cLL_electrode_s0,phase2/results/predictions/full/clean_only/tcn/seed_17/bandpass_n20001_cLL_electrode_s0.npz,75747,1015aa47e66b347c2b3f68009868c7c985103d4cd9039403a67cf982caeb93d1
tcn,clean_only,17,bandpass_n20001_cLL_covariance_s20,phase2/results/predictions/full/clean_only/tcn/seed_17/bandpass_n20001_cLL_covariance_s20.npz,76427,4b55f173a60b5217c33ea721ed71dedff626b5bba0dc8419739a615e99e8fffa
tcn,clean_only,17,bandpass_n20001_cLL_covariance_s15,phase2/results/predictions/full/clean_only/tcn/seed_17/bandpass_n20001_cLL_covariance_s15.npz,76431,a6b084483cf88ae300fd46ba759dfaef23570f8ea0f51ff4567af152be55c2ec
tcn,clean_only,17,bandpass_n20001_cLL_covariance_s10,phase2/results/predictions/full/clean_only/tcn/seed_17/bandpass_n20001_cLL_covariance_s10.npz,76354,87eafd579bfbdf7cf8e277c48a9ce6e7ce8ad4c286ca7264305dbbdf59ae72e7
tcn,clean_only,17,bandpass_n20001_cLL_covariance_s5,phase2/results/predictions/full/clean_only/tcn/seed_17/bandpass_n20001_cLL_covariance_s5.npz,76139,4a6d412731ce8b022c369ed651704767f22844a0136d38dcfba1e4b9fb7915a2
tcn,clean_only,17,bandpass_n20001_cLL_covariance_s0,phase2/results/predictions/full/clean_only/tcn/seed_17/bandpass_n20001_cLL_covariance_s0.npz,75731,1204ff01efdd6b5ee89b991f67c91ca8e4b3758293535ef860ae98f5ca249692
tcn,clean_only,17,bandpass_n20001_cRA_V1_independent_rms_s20,phase2/results/predictions/full/clean_only/tcn/seed_17/bandpass_n20001_cRA_V1_independent_rms_s20.npz,76483,e336c43d18b2ef67f895860a8993028ccde3087a481b1ade53dd99cfaa3c6c66
tcn,clean_only,17,bandpass_n20001_cRA_V1_independent_rms_s15,phase2/results/predictions/full/clean_only/tcn/seed_17/bandpass_n20001_cRA_V1_independent_rms_s15.npz,76467,ae18a0b59c9a17e8a967d23278f34a3bce00b5e0513291f6135232853f316509
tcn,clean_only,17,bandpass_n20001_cRA_V1_independent_rms_s10,phase2/results/predictions/full/clean_only/tcn/seed_17/bandpass_n20001_cRA_V1_independent_rms_s10.npz,76370,4cec69df9fdfa3413f8a239da57915d81c24c34b06eebbdd1e64fa5811813411
tcn,clean_only,17,bandpass_n20001_cRA_V1_independent_rms_s5,phase2/results/predictions/full/clean_only/tcn/seed_17/bandpass_n20001_cRA_V1_independent_rms_s5.npz,76208,0b650fc32126becb9a868a18cdc135da87aab09b418c20eba021c312f83888f2
tcn,clean_only,17,bandpass_n20001_cRA_V1_independent_rms_s0,phase2/results/predictions/full/clean_only/tcn/seed_17/bandpass_n20001_cRA_V1_independent_rms_s0.npz,75753,5f71f583ec488844848a74aabbad155dd5af1d91ab3b6feb287ae4fbf90d5a5f
tcn,clean_only,17,bandpass_n20001_cRA_V1_electrode_s20,phase2/results/predictions/full/clean_only/tcn/seed_17/bandpass_n20001_cRA_V1_electrode_s20.npz,76433,fd31785c8fca6fd02e64d37acea3a65a9230510bc780effecfbd9f63f492c149
tcn,clean_only,17,bandpass_n20001_cRA_V1_electrode_s15,phase2/results/predictions/full/clean_only/tcn/seed_17/bandpass_n20001_cRA_V1_electrode_s15.npz,76429,37ce1a33ed25428ec25869c845161928133f7ca26e718a12775beb010227f559
tcn,clean_only,17,bandpass_n20001_cRA_V1_electrode_s10,phase2/results/predictions/full/clean_only/tcn/seed_17/bandpass_n20001_cRA_V1_electrode_s10.npz,76310,374159ee49cf71661c4bd9251a07f9b745c67ae5dbc6ff3d33e8a4b3fafe485d
tcn,clean_only,17,bandpass_n20001_cRA_V1_electrode_s5,phase2/results/predictions/full/clean_only/tcn/seed_17/bandpass_n20001_cRA_V1_electrode_s5.npz,76116,9ea285c672ce46769591cb5661a8da327eee150b5db3966cae6877304bb70fca
tcn,clean_only,17,bandpass_n20001_cRA_V1_electrode_s0,phase2/results/predictions/full/clean_only/tcn/seed_17/bandpass_n20001_cRA_V1_electrode_s0.npz,75652,359796e969d27da4c4ea14bc10201b11018343a1a5307841d402d1ed7409e7af
tcn,clean_only,17,bandpass_n20001_cRA_V1_covariance_s20,phase2/results/predictions/full/clean_only/tcn/seed_17/bandpass_n20001_cRA_V1_covariance_s20.npz,76464,407e77c5bafef641e10228b01e69b6dbdb0c59390cc35360ed5a48915e80600d
tcn,clean_only,17,bandpass_n20001_cRA_V1_covariance_s15,phase2/results/predictions/full/clean_only/tcn/seed_17/bandpass_n20001_cRA_V1_covariance_s15.npz,76422,c0f788e47c259eb0257d7009ac17073882a1924b8a1757510ce5f354ee7d438e
tcn,clean_only,17,bandpass_n20001_cRA_V1_covariance_s10,phase2/results/predictions/full/clean_only/tcn/seed_17/bandpass_n20001_cRA_V1_covariance_s10.npz,76292,d5091ae20bf68c374ff18fec95d490789f8185026d0700a6958bbc3933aeaf3c
tcn,clean_only,17,bandpass_n20001_cRA_V1_covariance_s5,phase2/results/predictions/full/clean_only/tcn/seed_17/bandpass_n20001_cRA_V1_covariance_s5.npz,76141,5c168bd6fc9a833ced1fc75fa6931bf1f6a1a3a4f8f6f77f432a9d849037d465
tcn,clean_only,17,bandpass_n20001_cRA_V1_covariance_s0,phase2/results/predictions/full/clean_only/tcn/seed_17/bandpass_n20001_cRA_V1_covariance_s0.npz,75704,982394b9667b68927962de58433581c4a178bf96e822e97cfd64e4c37596cec1
tcn,clean_only,17,bandpass_n20001_cLA_V6_independent_rms_s20,phase2/results/predictions/full/clean_only/tcn/seed_17/bandpass_n20001_cLA_V6_independent_rms_s20.npz,76476,d434ae77ba173fe62fbe523fb572cbd5a73b23a0d6d67e442fc0dc15c3af7010
tcn,clean_only,17,bandpass_n20001_cLA_V6_independent_rms_s15,phase2/results/predictions/full/clean_only/tcn/seed_17/bandpass_n20001_cLA_V6_independent_rms_s15.npz,76466,27bbfadac01d57c946ba582512dd5ae6abc7a7d174a62f6765247e3fdb823fff
tcn,clean_only,17,bandpass_n20001_cLA_V6_independent_rms_s10,phase2/results/predictions/full/clean_only/tcn/seed_17/bandpass_n20001_cLA_V6_independent_rms_s10.npz,76406,ae57a068c6ddf691a590be30e559cbe5d116fabc27b11736b55130dec3c097a3
tcn,clean_only,17,bandpass_n20001_cLA_V6_independent_rms_s5,phase2/results/predictions/full/clean_only/tcn/seed_17/bandpass_n20001_cLA_V6_independent_rms_s5.npz,76238,3802f300687000ac27bdc65caaace22f980656fd3e4ea2a3cad0ff10cafab6cc
tcn,clean_only,17,bandpass_n20001_cLA_V6_independent_rms_s0,phase2/results/predictions/full/clean_only/tcn/seed_17/bandpass_n20001_cLA_V6_independent_rms_s0.npz,75951,39720a99667c8f153de63dc1c48de6dfffe3d3ba8d68120430c98ad96aa0200f
tcn,clean_only,17,bandpass_n20001_cLA_V6_electrode_s20,phase2/results/predictions/full/clean_only/tcn/seed_17/bandpass_n20001_cLA_V6_electrode_s20.npz,76465,182c3403e1606b4e900faba579c33a25dd6dc67511b944b1dd23872a22d82e8d
tcn,clean_only,17,bandpass_n20001_cLA_V6_electrode_s15,phase2/results/predictions/full/clean_only/tcn/seed_17/bandpass_n20001_cLA_V6_electrode_s15.npz,76417,faa2fc0d6fc24f639c281a00c25b6a6dddac15233a3ee685bfb337167c130eeb
tcn,clean_only,17,bandpass_n20001_cLA_V6_electrode_s10,phase2/results/predictions/full/clean_only/tcn/seed_17/bandpass_n20001_cLA_V6_electrode_s10.npz,76359,bfe028753bc8a689d182322355bacd3f1132fc4013685971ed91bb50f60099ef
tcn,clean_only,17,bandpass_n20001_cLA_V6_electrode_s5,phase2/results/predictions/full/clean_only/tcn/seed_17/bandpass_n20001_cLA_V6_electrode_s5.npz,76144,f515eaf2e198ab376222d2953581131f6954e17cd910f5069b3528c4e9eb09df
tcn,clean_only,17,bandpass_n20001_cLA_V6_electrode_s0,phase2/results/predictions/full/clean_only/tcn/seed_17/bandpass_n20001_cLA_V6_electrode_s0.npz,75711,16055504b6aaefe59198f79cd1a5903e402cbe62f827432777b962ae7111a417
tcn,clean_only,17,bandpass_n20001_cLA_V6_covariance_s20,phase2/results/predictions/full/clean_only/tcn/seed_17/bandpass_n20001_cLA_V6_covariance_s20.npz,76481,94e6b9480f1624e4624aa6c26351ef68a7025d01fbde1e001f12c6acfbe3d521
tcn,clean_only,17,bandpass_n20001_cLA_V6_covariance_s15,phase2/results/predictions/full/clean_only/tcn/seed_17/bandpass_n20001_cLA_V6_covariance_s15.npz,76427,23590c36a06cb138d72a6defb354da3f630fc122e711d4a7712985393a344612
tcn,clean_only,17,bandpass_n20001_cLA_V6_covariance_s10,phase2/results/predictions/full/clean_only/tcn/seed_17/bandpass_n20001_cLA_V6_covariance_s10.npz,76338,ab9e856f81f35691f98c93d1615d3ac6773bed705f8e5dfe6b2e244f9ba16725
tcn,clean_only,17,bandpass_n20001_cLA_V6_covariance_s5,phase2/results/predictions/full/clean_only/tcn/seed_17/bandpass_n20001_cLA_V6_covariance_s5.npz,76137,20f260558493bcc73ca0928567a56dcb4433ff116f150e70d81d75347a546d1d
tcn,clean_only,17,bandpass_n20001_cLA_V6_covariance_s0,phase2/results/predictions/full/clean_only/tcn/seed_17/bandpass_n20001_cLA_V6_covariance_s0.npz,75716,8175e100d042f558dcdef32aafabfd1ef8aa6082e47712d42896813782ef74d3
tcn,clean_only,17,bandpass_n20001_cLL_V4_independent_rms_s20,phase2/results/predictions/full/clean_only/tcn/seed_17/bandpass_n20001_cLL_V4_independent_rms_s20.npz,76455,af36df89f868ad17862aa5cbeb72b85f07883bd5f0dfa3c398a527452d591b93
tcn,clean_only,17,bandpass_n20001_cLL_V4_independent_rms_s15,phase2/results/predictions/full/clean_only/tcn/seed_17/bandpass_n20001_cLL_V4_independent_rms_s15.npz,76428,7a15532fb86d3073850ba3881702dbcd1d82481d5afbc0ec194ebd62ecbfa307
tcn,clean_only,17,bandpass_n20001_cLL_V4_independent_rms_s10,phase2/results/predictions/full/clean_only/tcn/seed_17/bandpass_n20001_cLL_V4_independent_rms_s10.npz,76390,b256128e425d86a0bbc92ff14ca92b1e0bbe0c2e5cbadf12b327021c98b52e73
tcn,clean_only,17,bandpass_n20001_cLL_V4_independent_rms_s5,phase2/results/predictions/full/clean_only/tcn/seed_17/bandpass_n20001_cLL_V4_independent_rms_s5.npz,76215,ad5f536cbfab37bb30485456e7bdd1ad6c7c4982adb56f4eb00f4efa0d5b5b99
tcn,clean_only,17,bandpass_n20001_cLL_V4_independent_rms_s0,phase2/results/predictions/full/clean_only/tcn/seed_17/bandpass_n20001_cLL_V4_independent_rms_s0.npz,75840,e84fcf2f8fe9c1b5cd8ca0fa946289b8a36102f64cf599c7c0a7f61f46e10129
tcn,clean_only,17,bandpass_n20001_cLL_V4_electrode_s20,phase2/results/predictions/full/clean_only/tcn/seed_17/bandpass_n20001_cLL_V4_electrode_s20.npz,76450,4d33526f18557957f0df4cb44a563b5e1f255a772d844f95c806cf1df2ffb227
tcn,clean_only,17,bandpass_n20001_cLL_V4_electrode_s15,phase2/results/predictions/full/clean_only/tcn/seed_17/bandpass_n20001_cLL_V4_electrode_s15.npz,76430,c5f67c9b27e073efacebf07048419475be77e48a0a3b3be3a9a0a7c639698a70
tcn,clean_only,17,bandpass_n20001_cLL_V4_electrode_s10,phase2/results/predictions/full/clean_only/tcn/seed_17/bandpass_n20001_cLL_V4_electrode_s10.npz,76368,1695e9af60fc18ba1f98fd92def176800fc71ad96c44f31284fbc1b6f6dfe3f6
tcn,clean_only,17,bandpass_n20001_cLL_V4_electrode_s5,phase2/results/predictions/full/clean_only/tcn/seed_17/bandpass_n20001_cLL_V4_electrode_s5.npz,76137,022251aab2c1372148e5946c543a80477aa9d36a34aa2103b90f5801982ad3bf
tcn,clean_only,17,bandpass_n20001_cLL_V4_electrode_s0,phase2/results/predictions/full/clean_only/tcn/seed_17/bandpass_n20001_cLL_V4_electrode_s0.npz,75761,130cb2004d398fcc39344fca7bb14bab9ce1c9398fb524f4d726d2da7a039529
tcn,clean_only,17,bandpass_n20001_cLL_V4_covariance_s20,phase2/results/predictions/full/clean_only/tcn/seed_17/bandpass_n20001_cLL_V4_covariance_s20.npz,76434,e9f0a1d8e282d13407b3a3153ab4e6fccdb07a58c323601f2d9c5cd34bfdad61
tcn,clean_only,17,bandpass_n20001_cLL_V4_covariance_s15,phase2/results/predictions/full/clean_only/tcn/seed_17/bandpass_n20001_cLL_V4_covariance_s15.npz,76454,ca7ec83cb1d88b6b72ddd9fe2098446182a0bfa811e20a598ee6578ba9821faf
tcn,clean_only,17,bandpass_n20001_cLL_V4_covariance_s10,phase2/results/predictions/full/clean_only/tcn/seed_17/bandpass_n20001_cLL_V4_covariance_s10.npz,76348,a083688dce7f5b50173a5e6797ed1602ea0a1f8672f68a79c14fb984a8928367
tcn,clean_only,17,bandpass_n20001_cLL_V4_covariance_s5,phase2/results/predictions/full/clean_only/tcn/seed_17/bandpass_n20001_cLL_V4_covariance_s5.npz,76171,be5d17acb1cff2caff9c858f2f544cd960238560990ae5f5c3c03a9264fc871c
tcn,clean_only,17,bandpass_n20001_cLL_V4_covariance_s0,phase2/results/predictions/full/clean_only/tcn/seed_17/bandpass_n20001_cLL_V4_covariance_s0.npz,75799,1bc859a318bba00e63ff4a605f7a89cae331e9e9b5ec3a9a77b1ed0e965aed20
tcn,clean_only,17,bandpass_n20001_cRA_LA_V1_V6_independent_rms_s20,phase2/results/predictions/full/clean_only/tcn/seed_17/bandpass_n20001_cRA_LA_V1_V6_independent_rms_s20.npz,76491,ce203da30949610ba5e3065f1a241acd4f358d13a59ef8d091ee3fbff8041515
tcn,clean_only,17,bandpass_n20001_cRA_LA_V1_V6_independent_rms_s15,phase2/results/predictions/full/clean_only/tcn/seed_17/bandpass_n20001_cRA_LA_V1_V6_independent_rms_s15.npz,76442,5a2cc9e438237d510fcf320e702ca5e25cefe28af22d22733084c65144c4e921
tcn,clean_only,17,bandpass_n20001_cRA_LA_V1_V6_independent_rms_s10,phase2/results/predictions/full/clean_only/tcn/seed_17/bandpass_n20001_cRA_LA_V1_V6_independent_rms_s10.npz,76415,cc5d60ec47ded6e9cdc85588c8b084317f18fc223b8b45d88c2c51bec6bdf768
tcn,clean_only,17,bandpass_n20001_cRA_LA_V1_V6_independent_rms_s5,phase2/results/predictions/full/clean_only/tcn/seed_17/bandpass_n20001_cRA_LA_V1_V6_independent_rms_s5.npz,76228,acd72fd5a37dbd5112da5ee56f9055a1a0392a0d08920002d735e3732896e19a
tcn,clean_only,17,bandpass_n20001_cRA_LA_V1_V6_independent_rms_s0,phase2/results/predictions/full/clean_only/tcn/seed_17/bandpass_n20001_cRA_LA_V1_V6_independent_rms_s0.npz,75871,827b2ec511f9f602cb48f9f660bfea5841fd249bc3693a33218d278272e40ee7
tcn,clean_only,17,bandpass_n20001_cRA_LA_V1_V6_electrode_s20,phase2/results/predictions/full/clean_only/tcn/seed_17/bandpass_n20001_cRA_LA_V1_V6_electrode_s20.npz,76473,7a80338ba41a114ec289b2b49a98a8ab8e97704989060e9cb0c99aa059c508dc
tcn,clean_only,17,bandpass_n20001_cRA_LA_V1_V6_electrode_s15,phase2/results/predictions/full/clean_only/tcn/seed_17/bandpass_n20001_cRA_LA_V1_V6_electrode_s15.npz,76440,e12fc07dbeb886aab01c394893cc6cb74b0036d294259a91bad934972fb02161
tcn,clean_only,17,bandpass_n20001_cRA_LA_V1_V6_electrode_s10,phase2/results/predictions/full/clean_only/tcn/seed_17/bandpass_n20001_cRA_LA_V1_V6_electrode_s10.npz,76323,f413369e5cf68b8628220f3c1b974fdbb14f1c2585a390ba0a64eefffbf7864f
tcn,clean_only,17,bandpass_n20001_cRA_LA_V1_V6_electrode_s5,phase2/results/predictions/full/clean_only/tcn/seed_17/bandpass_n20001_cRA_LA_V1_V6_electrode_s5.npz,76108,8ccc0a8aad5317de36d2a895173ff3ef65d6e5bb49ec2407763e9e0e8058d2bf
tcn,clean_only,17,bandpass_n20001_cRA_LA_V1_V6_electrode_s0,phase2/results/predictions/full/clean_only/tcn/seed_17/bandpass_n20001_cRA_LA_V1_V6_electrode_s0.npz,75641,9fa02743d8701fc90ba8ab38f7cbd2faa8063d19d80aba969288bf73c077cfb8
tcn,clean_only,17,bandpass_n20001_cRA_LA_V1_V6_covariance_s20,phase2/results/predictions/full/clean_only/tcn/seed_17/bandpass_n20001_cRA_LA_V1_V6_covariance_s20.npz,76490,540c1a7b3e350a53718f4944748b4ddf2d79b1a0d3dc69d1be33baea8ed84c25
tcn,clean_only,17,bandpass_n20001_cRA_LA_V1_V6_covariance_s15,phase2/results/predictions/full/clean_only/tcn/seed_17/bandpass_n20001_cRA_LA_V1_V6_covariance_s15.npz,76430,d8972df8c2216807c0e19dfc598fd56a013b2fc98d10e47ad2bfbfe7ea5468b9
tcn,clean_only,17,bandpass_n20001_cRA_LA_V1_V6_covariance_s10,phase2/results/predictions/full/clean_only/tcn/seed_17/bandpass_n20001_cRA_LA_V1_V6_covariance_s10.npz,76361,e7d96e7ed9fa39dd44a80483dd9044aa055cb807ffb0d4b02b31fd95ee875e66
tcn,clean_only,17,bandpass_n20001_cRA_LA_V1_V6_covariance_s5,phase2/results/predictions/full/clean_only/tcn/seed_17/bandpass_n20001_cRA_LA_V1_V6_covariance_s5.npz,76133,1a521eef906e1f906bb1807cd51ae3bdbfb274edb57fc153c2b7613390489747
tcn,clean_only,17,bandpass_n20001_cRA_LA_V1_V6_covariance_s0,phase2/results/predictions/full/clean_only/tcn/seed_17/bandpass_n20001_cRA_LA_V1_V6_covariance_s0.npz,75650,731ecab25d650a348f8dbaf9727129d5c56ce58cb6d0caa6e824451702126dd3
tcn,clean_only,17,bandpass_n20001_cRA_V2_V5_independent_rms_s20,phase2/results/predictions/full/clean_only/tcn/seed_17/bandpass_n20001_cRA_V2_V5_independent_rms_s20.npz,76475,1240847cc5553f8d40bb2ea351dfdf7eceae9a6eac6cd9203f8b9c76abd5e57f
tcn,clean_only,17,bandpass_n20001_cRA_V2_V5_independent_rms_s15,phase2/results/predictions/full/clean_only/tcn/seed_17/bandpass_n20001_cRA_V2_V5_independent_rms_s15.npz,76477,6c6bc99b871dd4820c57d328e431dee4b1b15912269def1c7be96a37271e0dc8
tcn,clean_only,17,bandpass_n20001_cRA_V2_V5_independent_rms_s10,phase2/results/predictions/full/clean_only/tcn/seed_17/bandpass_n20001_cRA_V2_V5_independent_rms_s10.npz,76407,0a5b7964190aba5b5e61f510d8637c24f3cc52c9dc824ce85bfad0f99966b898
tcn,clean_only,17,bandpass_n20001_cRA_V2_V5_independent_rms_s5,phase2/results/predictions/full/clean_only/tcn/seed_17/bandpass_n20001_cRA_V2_V5_independent_rms_s5.npz,76216,bba611150dda28f3ee6fa594b6b52e4bb171c6d8f49ef379ea6db661b95bc64f
tcn,clean_only,17,bandpass_n20001_cRA_V2_V5_independent_rms_s0,phase2/results/predictions/full/clean_only/tcn/seed_17/bandpass_n20001_cRA_V2_V5_independent_rms_s0.npz,75800,d20edf508b60370b9cd0c33ec21ccb3a4a95080c51e4174a9134f7ec0336fe9a
tcn,clean_only,17,bandpass_n20001_cRA_V2_V5_electrode_s20,phase2/results/predictions/full/clean_only/tcn/seed_17/bandpass_n20001_cRA_V2_V5_electrode_s20.npz,76467,03e090d26bc2a1b284a3b9b9532dfb588b4d9adb8ede808626f4ace6266c98b7
tcn,clean_only,17,bandpass_n20001_cRA_V2_V5_electrode_s15,phase2/results/predictions/full/clean_only/tcn/seed_17/bandpass_n20001_cRA_V2_V5_electrode_s15.npz,76458,52ed0b9a840042558b60d6db15972809a98cd995a2d34fff19938babfe39c4f2
tcn,clean_only,17,bandpass_n20001_cRA_V2_V5_electrode_s10,phase2/results/predictions/full/clean_only/tcn/seed_17/bandpass_n20001_cRA_V2_V5_electrode_s10.npz,76356,34ea8a2f3643f5217f299cf1870b154bb7900a3a828a4a252aaff35a0cbdc5f5
tcn,clean_only,17,bandpass_n20001_cRA_V2_V5_electrode_s5,phase2/results/predictions/full/clean_only/tcn/seed_17/bandpass_n20001_cRA_V2_V5_electrode_s5.npz,76162,81023005b1efc64905164e7aaf323becd47d7ddf9269d5430bf40a0b4aa5c1ef
tcn,clean_only,17,bandpass_n20001_cRA_V2_V5_electrode_s0,phase2/results/predictions/full/clean_only/tcn/seed_17/bandpass_n20001_cRA_V2_V5_electrode_s0.npz,75719,3c75f53c3e9620d66853e1cef0f3de612bc9f157ce52d83056b0258db7d86831
tcn,clean_only,17,bandpass_n20001_cRA_V2_V5_covariance_s20,phase2/results/predictions/full/clean_only/tcn/seed_17/bandpass_n20001_cRA_V2_V5_covariance_s20.npz,76483,c525936aaeded10f60058c8ac37cdfee0b7f628d031e0cd3c7daf7d40b12955c
tcn,clean_only,17,bandpass_n20001_cRA_V2_V5_covariance_s15,phase2/results/predictions/full/clean_only/tcn/seed_17/bandpass_n20001_cRA_V2_V5_covariance_s15.npz,76447,f83a64fa9a0ec366dce049a12122da10dad66f6cf7c3efb1d86a2cd74e99340b
tcn,clean_only,17,bandpass_n20001_cRA_V2_V5_covariance_s10,phase2/results/predictions/full/clean_only/tcn/seed_17/bandpass_n20001_cRA_V2_V5_covariance_s10.npz,76337,fdd9dd1834c16fe762dfe9e5bc49d4d87ef94737ce2bfb7ea6189237fe5aa49d
tcn,clean_only,17,bandpass_n20001_cRA_V2_V5_covariance_s5,phase2/results/predictions/full/clean_only/tcn/seed_17/bandpass_n20001_cRA_V2_V5_covariance_s5.npz,76175,45b760460cae88c2cfcbae11f7cdaccc0ef4d09ea8fe63ccf66bc99a1ffbafd9
tcn,clean_only,17,bandpass_n20001_cRA_V2_V5_covariance_s0,phase2/results/predictions/full/clean_only/tcn/seed_17/bandpass_n20001_cRA_V2_V5_covariance_s0.npz,75729,876933a5122c859c35606b02a3139003ee460ad95dc5e55d574d3393337a7979
tcn,clean_only,17,bandpass_n20001_cLA_V3_V6_independent_rms_s20,phase2/results/predictions/full/clean_only/tcn/seed_17/bandpass_n20001_cLA_V3_V6_independent_rms_s20.npz,76464,480d3a36727b9a11d22b56c0c8d5ac48b8dd9bed768c8764a1b3a2362931a422
tcn,clean_only,17,bandpass_n20001_cLA_V3_V6_independent_rms_s15,phase2/results/predictions/full/clean_only/tcn/seed_17/bandpass_n20001_cLA_V3_V6_independent_rms_s15.npz,76447,e8552514cdc70a25701b44dd5f865b02f3e556046ecc5edaf30f3ac3c281788d
tcn,clean_only,17,bandpass_n20001_cLA_V3_V6_independent_rms_s10,phase2/results/predictions/full/clean_only/tcn/seed_17/bandpass_n20001_cLA_V3_V6_independent_rms_s10.npz,76430,668bd354839b8b3fe6ac8f15708853725359bd1484cac759519321523994f6e1
tcn,clean_only,17,bandpass_n20001_cLA_V3_V6_independent_rms_s5,phase2/results/predictions/full/clean_only/tcn/seed_17/bandpass_n20001_cLA_V3_V6_independent_rms_s5.npz,76281,b4903938fdcdcfe646fa0e7033a3c77d448e18b8e83971051bfa18962adb2751
tcn,clean_only,17,bandpass_n20001_cLA_V3_V6_independent_rms_s0,phase2/results/predictions/full/clean_only/tcn/seed_17/bandpass_n20001_cLA_V3_V6_independent_rms_s0.npz,75920,a6986ac20352451b9a993f47ab752f9576819a74342c727373237e80868a97b9
tcn,clean_only,17,bandpass_n20001_cLA_V3_V6_electrode_s20,phase2/results/predictions/full/clean_only/tcn/seed_17/bandpass_n20001_cLA_V3_V6_electrode_s20.npz,76493,61dc9e785296cbddc6aea44284a4fb346363882e0fab528ef72c30607514d91d
tcn,clean_only,17,bandpass_n20001_cLA_V3_V6_electrode_s15,phase2/results/predictions/full/clean_only/tcn/seed_17/bandpass_n20001_cLA_V3_V6_electrode_s15.npz,76450,afa4387fd654cb5a8a2a0f97fba3de039ebf0f5d178c3b5791aff58edc6d1d9b
tcn,clean_only,17,bandpass_n20001_cLA_V3_V6_electrode_s10,phase2/results/predictions/full/clean_only/tcn/seed_17/bandpass_n20001_cLA_V3_V6_electrode_s10.npz,76384,89775fb5894b4bf3f6dc9178f6b26397d8c4c32eaa3c409dc8c7606c4869972f
tcn,clean_only,17,bandpass_n20001_cLA_V3_V6_electrode_s5,phase2/results/predictions/full/clean_only/tcn/seed_17/bandpass_n20001_cLA_V3_V6_electrode_s5.npz,76137,07e7f9f7dcc36ce456d55ffa7c03ea58d3142e19d9d3cab3fb26ab2d1475dad6
tcn,clean_only,17,bandpass_n20001_cLA_V3_V6_electrode_s0,phase2/results/predictions/full/clean_only/tcn/seed_17/bandpass_n20001_cLA_V3_V6_electrode_s0.npz,75741,c7fc10a9f91789a647e0bb94c378d2a0fa0c496c06686787e2b0dc0aff5d6753
tcn,clean_only,17,bandpass_n20001_cLA_V3_V6_covariance_s20,phase2/results/predictions/full/clean_only/tcn/seed_17/bandpass_n20001_cLA_V3_V6_covariance_s20.npz,76470,93fb32ba150e41911f5d22f9d29001b687dd5dbb9d08c891778453037a8e8fa7
tcn,clean_only,17,bandpass_n20001_cLA_V3_V6_covariance_s15,phase2/results/predictions/full/clean_only/tcn/seed_17/bandpass_n20001_cLA_V3_V6_covariance_s15.npz,76434,3d8a91fde23d34587051d8da2ffb42101b792855ed9712a523a530109e629625
tcn,clean_only,17,bandpass_n20001_cLA_V3_V6_covariance_s10,phase2/results/predictions/full/clean_only/tcn/seed_17/bandpass_n20001_cLA_V3_V6_covariance_s10.npz,76384,2b98063583d9116f8743832e06ba5f9c15dc833acc4c91bbdc70acb10b8f1226
tcn,clean_only,17,bandpass_n20001_cLA_V3_V6_covariance_s5,phase2/results/predictions/full/clean_only/tcn/seed_17/bandpass_n20001_cLA_V3_V6_covariance_s5.npz,76173,076240f63853261afe56d844aa02be2618880abf035a5a9436d49e6b341db416
tcn,clean_only,17,bandpass_n20001_cLA_V3_V6_covariance_s0,phase2/results/predictions/full/clean_only/tcn/seed_17/bandpass_n20001_cLA_V3_V6_covariance_s0.npz,75757,13cf202ddea76317b4c5a7ed95502b23d3b6563164d97a69392ba3d873248798
tcn,clean_only,17,bandpass_n20001_cLL_V1_V4_independent_rms_s20,phase2/results/predictions/full/clean_only/tcn/seed_17/bandpass_n20001_cLL_V1_V4_independent_rms_s20.npz,76462,b2214aaa3c33cd181eade0a3f45a60a556049deb072eab2103fc9ac1f71dc161
tcn,clean_only,17,bandpass_n20001_cLL_V1_V4_independent_rms_s15,phase2/results/predictions/full/clean_only/tcn/seed_17/bandpass_n20001_cLL_V1_V4_independent_rms_s15.npz,76438,b4e10c5ff9e4f62784a608fcded8df8ad96878f5dc2f3fc05cb98d85948e0b5f
tcn,clean_only,17,bandpass_n20001_cLL_V1_V4_independent_rms_s10,phase2/results/predictions/full/clean_only/tcn/seed_17/bandpass_n20001_cLL_V1_V4_independent_rms_s10.npz,76401,cee4d9e259033a939e25d046bfe3615f99501681da672a6525c3ad8a8ab53dea
tcn,clean_only,17,bandpass_n20001_cLL_V1_V4_independent_rms_s5,phase2/results/predictions/full/clean_only/tcn/seed_17/bandpass_n20001_cLL_V1_V4_independent_rms_s5.npz,76211,e22ccb2f6468c4de43f48838b0a63c8ba3c60d8c8e4def29bb758930063d956c
tcn,clean_only,17,bandpass_n20001_cLL_V1_V4_independent_rms_s0,phase2/results/predictions/full/clean_only/tcn/seed_17/bandpass_n20001_cLL_V1_V4_independent_rms_s0.npz,75879,e42f33b153c8b2e8dccd4dbb75d93d6175f7d16cc53cf1d87a2ed4eed10341c7
tcn,clean_only,17,bandpass_n20001_cLL_V1_V4_electrode_s20,phase2/results/predictions/full/clean_only/tcn/seed_17/bandpass_n20001_cLL_V1_V4_electrode_s20.npz,76457,a7847723f85755a8784184bc22de0c387364409c8e06e651742090d433869ab8
tcn,clean_only,17,bandpass_n20001_cLL_V1_V4_electrode_s15,phase2/results/predictions/full/clean_only/tcn/seed_17/bandpass_n20001_cLL_V1_V4_electrode_s15.npz,76454,1993b122efe9929ed219707909eba09106996c011e5a99ea4fea393754a50f19
tcn,clean_only,17,bandpass_n20001_cLL_V1_V4_electrode_s10,phase2/results/predictions/full/clean_only/tcn/seed_17/bandpass_n20001_cLL_V1_V4_electrode_s10.npz,76367,cea8ed226a4c8e37d410b10a00d42ee30272ea344d16781f1215c0143f83b178
tcn,clean_only,17,bandpass_n20001_cLL_V1_V4_electrode_s5,phase2/results/predictions/full/clean_only/tcn/seed_17/bandpass_n20001_cLL_V1_V4_electrode_s5.npz,76182,d44196f2d27854f9bae4acfc1f697d74321dc7d957cb162daf3405050a98530f
tcn,clean_only,17,bandpass_n20001_cLL_V1_V4_electrode_s0,phase2/results/predictions/full/clean_only/tcn/seed_17/bandpass_n20001_cLL_V1_V4_electrode_s0.npz,75822,edc4ac9db212d218d0c1797d38b40919e9597baed2109c433d52bc125d22ddad
tcn,clean_only,17,bandpass_n20001_cLL_V1_V4_covariance_s20,phase2/results/predictions/full/clean_only/tcn/seed_17/bandpass_n20001_cLL_V1_V4_covariance_s20.npz,76455,c1f2ae202099a7fc3b61229db7a81b87cc2e3092f488328c3706faab4cc9e40b
tcn,clean_only,17,bandpass_n20001_cLL_V1_V4_covariance_s15,phase2/results/predictions/full/clean_only/tcn/seed_17/bandpass_n20001_cLL_V1_V4_covariance_s15.npz,76441,03c67819a3ffe698ef247e97f34093db46c84963db2eff3be7cf3b07c42be1e0
tcn,clean_only,17,bandpass_n20001_cLL_V1_V4_covariance_s10,phase2/results/predictions/full/clean_only/tcn/seed_17/bandpass_n20001_cLL_V1_V4_covariance_s10.npz,76394,6e8df2d94c132454b3ac01b70d4f8f6db1675a5b2d36ae0eeda3009bf755e6b2
tcn,clean_only,17,bandpass_n20001_cLL_V1_V4_covariance_s5,phase2/results/predictions/full/clean_only/tcn/seed_17/bandpass_n20001_cLL_V1_V4_covariance_s5.npz,76164,1c21887561d2663d117ae5b9ac5091a55be12510e7311a82ea0ed18f8e08f01b
tcn,clean_only,17,bandpass_n20001_cLL_V1_V4_covariance_s0,phase2/results/predictions/full/clean_only/tcn/seed_17/bandpass_n20001_cLL_V1_V4_covariance_s0.npz,75867,be76bb52cc681b3172edfad87c0a865748d6227df8ed8a6cf0e0f7ec9e8afa32
tcn,clean_only,17,bandpass_n20001_call_independent_rms_s20,phase2/results/predictions/full/clean_only/tcn/seed_17/bandpass_n20001_call_independent_rms_s20.npz,76479,1b864ccff1088c5e6f3a881103345976dd3c8b87ce425e07671785da05290b2c
tcn,clean_only,17,bandpass_n20001_call_independent_rms_s15,phase2/results/predictions/full/clean_only/tcn/seed_17/bandpass_n20001_call_independent_rms_s15.npz,76428,6ddd51ea35aac20e44e53227200746a41a1232f16074647517df3cc69a136936
tcn,clean_only,17,bandpass_n20001_call_independent_rms_s10,phase2/results/predictions/full/clean_only/tcn/seed_17/bandpass_n20001_call_independent_rms_s10.npz,76394,fe9d0c3f53bd424d084bab686696582db53a8332a3e8f6d9911a0198c9c7682f
tcn,clean_only,17,bandpass_n20001_call_independent_rms_s5,phase2/results/predictions/full/clean_only/tcn/seed_17/bandpass_n20001_call_independent_rms_s5.npz,76195,3ca0c22b011a487901c06c4b0b2d3af966186bdf71f6f7359cab61b008b3bbd0
tcn,clean_only,17,bandpass_n20001_call_independent_rms_s0,phase2/results/predictions/full/clean_only/tcn/seed_17/bandpass_n20001_call_independent_rms_s0.npz,75819,0e14bcdbf7f8b2fd6621b19f6c4169d71c9045f6abd6a52d2977a272b2c029cb
tcn,clean_only,17,bandpass_n20001_call_electrode_s20,phase2/results/predictions/full/clean_only/tcn/seed_17/bandpass_n20001_call_electrode_s20.npz,76410,0d58f40d40d22b2e3ac30df1d03823ef4c7b213841b55756b80e6a82113bb170
tcn,clean_only,17,bandpass_n20001_call_electrode_s15,phase2/results/predictions/full/clean_only/tcn/seed_17/bandpass_n20001_call_electrode_s15.npz,76392,e7a90e0ce7450780783f0d0b019f87bca64727ead1b73c61568a2d3e4ebaaa8d
tcn,clean_only,17,bandpass_n20001_call_electrode_s10,phase2/results/predictions/full/clean_only/tcn/seed_17/bandpass_n20001_call_electrode_s10.npz,76335,23b644eafe268d91c995c6aa593d097e7b85a3541b725c81d99a58c9a01dd4f6
tcn,clean_only,17,bandpass_n20001_call_electrode_s5,phase2/results/predictions/full/clean_only/tcn/seed_17/bandpass_n20001_call_electrode_s5.npz,76094,f001cc457bc01dc3519cdb8623bd0811f4036f11bdbb80038bbbf806c2151d7f
tcn,clean_only,17,bandpass_n20001_call_electrode_s0,phase2/results/predictions/full/clean_only/tcn/seed_17/bandpass_n20001_call_electrode_s0.npz,75670,330f7d0cdf38a6f849149a5c2964d7af1ff9d3a0160b0e8f0eab2e8759e71606
tcn,clean_only,17,bandpass_n20001_call_covariance_s20,phase2/results/predictions/full/clean_only/tcn/seed_17/bandpass_n20001_call_covariance_s20.npz,76430,e7422b29d6f501abb49cc39340b440bafa0e52b1a81e6fc3ca80f7a1d39ae334
tcn,clean_only,17,bandpass_n20001_call_covariance_s15,phase2/results/predictions/full/clean_only/tcn/seed_17/bandpass_n20001_call_covariance_s15.npz,76400,f18289e11c04537e72e159622c25cffeb2ce010447115b4c1c9eea983e1c04f4
tcn,clean_only,17,bandpass_n20001_call_covariance_s10,phase2/results/predictions/full/clean_only/tcn/seed_17/bandpass_n20001_call_covariance_s10.npz,76355,fd8dcab4ac4f09c3696fb530426c09c8b182c9f988a86921112da52135e71176
tcn,clean_only,17,bandpass_n20001_call_covariance_s5,phase2/results/predictions/full/clean_only/tcn/seed_17/bandpass_n20001_call_covariance_s5.npz,76126,bf4928a52b71c982523eb34c0676a1344e70bacfb61197f7b7bc718c5e4bb796
tcn,clean_only,17,bandpass_n20001_call_covariance_s0,phase2/results/predictions/full/clean_only/tcn/seed_17/bandpass_n20001_call_covariance_s0.npz,75660,773826bea2055b3c2840222fb626a6040ce21ac8aa9533c4dc034a612709ac7a
tcn,clean_only,17,bandpass_n20002_cRA_LA_LL_independent_rms_s20,phase2/results/predictions/full/clean_only/tcn/seed_17/bandpass_n20002_cRA_LA_LL_independent_rms_s20.npz,76500,df0f3d18e8d79e15cfc791e590a62c82b00e8af2a7a282121e7edc0dbbcca5ea
tcn,clean_only,17,bandpass_n20002_cRA_LA_LL_independent_rms_s15,phase2/results/predictions/full/clean_only/tcn/seed_17/bandpass_n20002_cRA_LA_LL_independent_rms_s15.npz,76481,d7ed6a5f8b9a71fb5174571f758c6df051d1d24d72c60928fc0c6906c14ba141
tcn,clean_only,17,bandpass_n20002_cRA_LA_LL_independent_rms_s10,phase2/results/predictions/full/clean_only/tcn/seed_17/bandpass_n20002_cRA_LA_LL_independent_rms_s10.npz,76402,f063fd15e586dbb083b93aae2259f617229c789bcbbcf3f91b30f6f2b68b7c3e
tcn,clean_only,17,bandpass_n20002_cRA_LA_LL_independent_rms_s5,phase2/results/predictions/full/clean_only/tcn/seed_17/bandpass_n20002_cRA_LA_LL_independent_rms_s5.npz,76232,8e73485e529542a9f023cb4f58482486ee89ecaf47333e6d7c284d86729e1c60
tcn,clean_only,17,bandpass_n20002_cRA_LA_LL_independent_rms_s0,phase2/results/predictions/full/clean_only/tcn/seed_17/bandpass_n20002_cRA_LA_LL_independent_rms_s0.npz,75813,d7abab2cd0b0a58ba688837eb6783ae30ac5f8212f432aae91b8fda1b32d758a
tcn,clean_only,17,bandpass_n20002_cRA_LA_LL_electrode_s20,phase2/results/predictions/full/clean_only/tcn/seed_17/bandpass_n20002_cRA_LA_LL_electrode_s20.npz,76423,399415408510884694b76a21349cedf27383e2b48efa75f2a0403945fb9bfe18
tcn,clean_only,17,bandpass_n20002_cRA_LA_LL_electrode_s15,phase2/results/predictions/full/clean_only/tcn/seed_17/bandpass_n20002_cRA_LA_LL_electrode_s15.npz,76432,2f1a99803f2741bbd48f1b6ae48bbf3d7a0a4125f4cc309ac52ac0dbe89568b6
tcn,clean_only,17,bandpass_n20002_cRA_LA_LL_electrode_s10,phase2/results/predictions/full/clean_only/tcn/seed_17/bandpass_n20002_cRA_LA_LL_electrode_s10.npz,76333,1bf644f04ebc3567ca42d222f1f1d05df36bc25e94e84bd3872d8c3f5cbf7f45
tcn,clean_only,17,bandpass_n20002_cRA_LA_LL_electrode_s5,phase2/results/predictions/full/clean_only/tcn/seed_17/bandpass_n20002_cRA_LA_LL_electrode_s5.npz,76082,efac8c09c33cb83a20e42f2fb1a631329acee6752fc0928d9df3161ad39cf24f
tcn,clean_only,17,bandpass_n20002_cRA_LA_LL_electrode_s0,phase2/results/predictions/full/clean_only/tcn/seed_17/bandpass_n20002_cRA_LA_LL_electrode_s0.npz,75616,ad75f1282350ec2fbc99c9ec5010afb0e93fd46e4a264d65602391d0d5496d11
tcn,clean_only,17,bandpass_n20002_cRA_LA_LL_covariance_s20,phase2/results/predictions/full/clean_only/tcn/seed_17/bandpass_n20002_cRA_LA_LL_covariance_s20.npz,76486,0fbc01f1e6a7ebcf617cd717310dece6d73d52b4292ed4c2a26b75edf3409cba
tcn,clean_only,17,bandpass_n20002_cRA_LA_LL_covariance_s15,phase2/results/predictions/full/clean_only/tcn/seed_17/bandpass_n20002_cRA_LA_LL_covariance_s15.npz,76423,6508c9c584263d4f31b120cb49b2926bbf5b5159cd2b5a4817ebe00dc6c75632
tcn,clean_only,17,bandpass_n20002_cRA_LA_LL_covariance_s10,phase2/results/predictions/full/clean_only/tcn/seed_17/bandpass_n20002_cRA_LA_LL_covariance_s10.npz,76339,ad69f248595193c138a4383a59c1b674efc7fefd4403a7817480d66c4e53ffd5
tcn,clean_only,17,bandpass_n20002_cRA_LA_LL_covariance_s5,phase2/results/predictions/full/clean_only/tcn/seed_17/bandpass_n20002_cRA_LA_LL_covariance_s5.npz,76075,f820366bc8f69f411a6394a661ae2aac5d6a1ca497042e07891df5ba2823812a
tcn,clean_only,17,bandpass_n20002_cRA_LA_LL_covariance_s0,phase2/results/predictions/full/clean_only/tcn/seed_17/bandpass_n20002_cRA_LA_LL_covariance_s0.npz,75608,32dd06a333c13e0f870600815150abdd3dc450da1ee97c6f4e9e8f837a34eb17
tcn,clean_only,17,bandpass_n20002_cV1_independent_rms_s20,phase2/results/predictions/full/clean_only/tcn/seed_17/bandpass_n20002_cV1_independent_rms_s20.npz,76453,fc84c167906a6db70de8d2d91070c6e5a4b32e6835acce49845026d589a974c9
tcn,clean_only,17,bandpass_n20002_cV1_independent_rms_s15,phase2/results/predictions/full/clean_only/tcn/seed_17/bandpass_n20002_cV1_independent_rms_s15.npz,76441,1ca770f8165fa5c1e1f3743631e47b56e431588797ae1bc317199134a207a5e2
tcn,clean_only,17,bandpass_n20002_cV1_independent_rms_s10,phase2/results/predictions/full/clean_only/tcn/seed_17/bandpass_n20002_cV1_independent_rms_s10.npz,76423,b54f34fd26865a21d7acdee13efed9515da91d84d86982d22fc17b6c5d33620d
tcn,clean_only,17,bandpass_n20002_cV1_independent_rms_s5,phase2/results/predictions/full/clean_only/tcn/seed_17/bandpass_n20002_cV1_independent_rms_s5.npz,76237,5d9c7b7adc08a287eb7e3b483a307daff07ce0dd9a6c9921613b35fba2fa8eba
tcn,clean_only,17,bandpass_n20002_cV1_independent_rms_s0,phase2/results/predictions/full/clean_only/tcn/seed_17/bandpass_n20002_cV1_independent_rms_s0.npz,76024,74f46b6b90bee5b22ecbfea227072473a58c0703935fa3fe8ef95442dd7eb0c9
tcn,clean_only,17,bandpass_n20002_cV1_electrode_s20,phase2/results/predictions/full/clean_only/tcn/seed_17/bandpass_n20002_cV1_electrode_s20.npz,76447,258d533e451ffeb5938a932384ef430d2bfba4df9b9a9fec8db6e010d4525841
tcn,clean_only,17,bandpass_n20002_cV1_electrode_s15,phase2/results/predictions/full/clean_only/tcn/seed_17/bandpass_n20002_cV1_electrode_s15.npz,76431,7b5958b610fe90db40460feb3ca105c3c268abc929ef0f985d3de45dd906e3a1
tcn,clean_only,17,bandpass_n20002_cV1_electrode_s10,phase2/results/predictions/full/clean_only/tcn/seed_17/bandpass_n20002_cV1_electrode_s10.npz,76395,87d0abdb6270124adb68765d9a6f9fdc8902bd8cf8d53eb318a73e715864645a
tcn,clean_only,17,bandpass_n20002_cV1_electrode_s5,phase2/results/predictions/full/clean_only/tcn/seed_17/bandpass_n20002_cV1_electrode_s5.npz,76229,c80591c369fb6514b22322297d12bab1c1ff1f4eca9bd38fc4e5499df5d2ef21
tcn,clean_only,17,bandpass_n20002_cV1_electrode_s0,phase2/results/predictions/full/clean_only/tcn/seed_17/bandpass_n20002_cV1_electrode_s0.npz,76002,f4257fa8c9785d196a0c04baaa154daefc61ed4f82e6efb14cab0b44fdb04a6f
tcn,clean_only,17,bandpass_n20002_cV1_covariance_s20,phase2/results/predictions/full/clean_only/tcn/seed_17/bandpass_n20002_cV1_covariance_s20.npz,76447,8769b5ba41596078f3a86f68d673e9a0ffbf0721562f271b29d34d4e473950db
tcn,clean_only,17,bandpass_n20002_cV1_covariance_s15,phase2/results/predictions/full/clean_only/tcn/seed_17/bandpass_n20002_cV1_covariance_s15.npz,76394,b78d71add0599eebcffae5f5da7119177908bcaff18651408bc69ef1a9ceadd2
tcn,clean_only,17,bandpass_n20002_cV1_covariance_s10,phase2/results/predictions/full/clean_only/tcn/seed_17/bandpass_n20002_cV1_covariance_s10.npz,76371,69d0ba0866c5eb905e0ceb71979d65eb173e7656b35083fdf8948684064d34e9
tcn,clean_only,17,bandpass_n20002_cV1_covariance_s5,phase2/results/predictions/full/clean_only/tcn/seed_17/bandpass_n20002_cV1_covariance_s5.npz,76253,41daecdf38de8934ba5cf16d1777be5ef185fc02caf359e3d2fa2d671928684e
tcn,clean_only,17,bandpass_n20002_cV1_covariance_s0,phase2/results/predictions/full/clean_only/tcn/seed_17/bandpass_n20002_cV1_covariance_s0.npz,75988,d2f25174a7e0407b7fc5e81b9ac30f7f8cb8d0bd5e2fb6977e03a3221821d98d
tcn,clean_only,17,bandpass_n20002_cV2_independent_rms_s20,phase2/results/predictions/full/clean_only/tcn/seed_17/bandpass_n20002_cV2_independent_rms_s20.npz,76471,d453e1e7497b80e6436dd2e79ed17dcba152fe8d856d8e7646a3015acc9bfbac
tcn,clean_only,17,bandpass_n20002_cV2_independent_rms_s15,phase2/results/predictions/full/clean_only/tcn/seed_17/bandpass_n20002_cV2_independent_rms_s15.npz,76461,97dd3f229c3384b82879bb6f24880ad843e6d6a10fdbf2d672c021e03fe7db9e
tcn,clean_only,17,bandpass_n20002_cV2_independent_rms_s10,phase2/results/predictions/full/clean_only/tcn/seed_17/bandpass_n20002_cV2_independent_rms_s10.npz,76428,ba0207e91a09dcc92c345c25323c5fb58a64db6b452f825fdaeae39be7a3999c
tcn,clean_only,17,bandpass_n20002_cV2_independent_rms_s5,phase2/results/predictions/full/clean_only/tcn/seed_17/bandpass_n20002_cV2_independent_rms_s5.npz,76236,6a072b17e8bffb4641aa96d38fb8f0cc5321ac21502eb114d7ba9c880945fa78
tcn,clean_only,17,bandpass_n20002_cV2_independent_rms_s0,phase2/results/predictions/full/clean_only/tcn/seed_17/bandpass_n20002_cV2_independent_rms_s0.npz,76035,6e18e13f048011cb9ea3cc18a50f344d493b32d24adf609480258b812a6f4dc4
tcn,clean_only,17,bandpass_n20002_cV2_electrode_s20,phase2/results/predictions/full/clean_only/tcn/seed_17/bandpass_n20002_cV2_electrode_s20.npz,76428,db0c8d252f8201c99b9a1be2171a7fd8ecd34f5588a0b4d96b8026c0e114cfd4
tcn,clean_only,17,bandpass_n20002_cV2_electrode_s15,phase2/results/predictions/full/clean_only/tcn/seed_17/bandpass_n20002_cV2_electrode_s15.npz,76426,82af2aec8ef4f923f6539dc9df372688f211d3477561b6f7e0b9d91bc2e9ff3d
tcn,clean_only,17,bandpass_n20002_cV2_electrode_s10,phase2/results/predictions/full/clean_only/tcn/seed_17/bandpass_n20002_cV2_electrode_s10.npz,76410,a516267230d2ba48bd023b30083e1fdcf96a79b7e04066a035ec69e1ca97f275
tcn,clean_only,17,bandpass_n20002_cV2_electrode_s5,phase2/results/predictions/full/clean_only/tcn/seed_17/bandpass_n20002_cV2_electrode_s5.npz,76240,106f6c01f591ee00352cd948a8b86592f4c7785924dd47349f36fa726c4e0c45
tcn,clean_only,17,bandpass_n20002_cV2_electrode_s0,phase2/results/predictions/full/clean_only/tcn/seed_17/bandpass_n20002_cV2_electrode_s0.npz,75996,a6418d61e446eb67f61e93f31b2e6e39145f5f26b16a6f20cee5efbf5e875d0a
tcn,clean_only,17,bandpass_n20002_cV2_covariance_s20,phase2/results/predictions/full/clean_only/tcn/seed_17/bandpass_n20002_cV2_covariance_s20.npz,76445,ac103c5ebe89ace35ce250a0b74823b09b69624a0158a5e4443f91cb89a526ae
tcn,clean_only,17,bandpass_n20002_cV2_covariance_s15,phase2/results/predictions/full/clean_only/tcn/seed_17/bandpass_n20002_cV2_covariance_s15.npz,76462,1ee77cb89b730e50b8cef53310520a844308f0ccb572beac2be71f4b68f2a586
tcn,clean_only,17,bandpass_n20002_cV2_covariance_s10,phase2/results/predictions/full/clean_only/tcn/seed_17/bandpass_n20002_cV2_covariance_s10.npz,76400,7ff935cc5061f2202cea9d0e0920c4967aca464ba0ce207e94437b8d1dbebb0b
tcn,clean_only,17,bandpass_n20002_cV2_covariance_s5,phase2/results/predictions/full/clean_only/tcn/seed_17/bandpass_n20002_cV2_covariance_s5.npz,76230,d3076d04207a3ff579f636b375bf61d7ae4930ee3e2ff753941bc70947900818
tcn,clean_only,17,bandpass_n20002_cV2_covariance_s0,phase2/results/predictions/full/clean_only/tcn/seed_17/bandpass_n20002_cV2_covariance_s0.npz,76005,80728b8c2b44bc6d0467428c31ca4ee824a07e74558b10461f5ed3beaf96e7b9
tcn,clean_only,17,bandpass_n20002_cV3_independent_rms_s20,phase2/results/predictions/full/clean_only/tcn/seed_17/bandpass_n20002_cV3_independent_rms_s20.npz,76480,76634fc6707ec1ef49272e69fc6f4fda6076c7487b51b46d4f9c6e1da34e1465
tcn,clean_only,17,bandpass_n20002_cV3_independent_rms_s15,phase2/results/predictions/full/clean_only/tcn/seed_17/bandpass_n20002_cV3_independent_rms_s15.npz,76431,360cf2c39d1e7189f7983393f16dbe76d18b8541d50565397ddbee0c629dc583
tcn,clean_only,17,bandpass_n20002_cV3_independent_rms_s10,phase2/results/predictions/full/clean_only/tcn/seed_17/bandpass_n20002_cV3_independent_rms_s10.npz,76407,4cdb2ae1a108deeb3b1502c4910dca17b339a2ea3127ef90aa4ce76a7c0e0aea
tcn,clean_only,17,bandpass_n20002_cV3_independent_rms_s5,phase2/results/predictions/full/clean_only/tcn/seed_17/bandpass_n20002_cV3_independent_rms_s5.npz,76271,de0a10627a6cbe7ac7b6051232e9e19e44c9f24e022311c82db3708718ce3e78
tcn,clean_only,17,bandpass_n20002_cV3_independent_rms_s0,phase2/results/predictions/full/clean_only/tcn/seed_17/bandpass_n20002_cV3_independent_rms_s0.npz,75908,ad6fad0d63a153d75fe15f224cd44fc5d969fe9db78bff3de47eab5b5896c1e4
tcn,clean_only,17,bandpass_n20002_cV3_electrode_s20,phase2/results/predictions/full/clean_only/tcn/seed_17/bandpass_n20002_cV3_electrode_s20.npz,76435,445494cd48f86cb6fe2f322cd090f8cfbf25efd3e36bc14a933132b7f9c9727f
tcn,clean_only,17,bandpass_n20002_cV3_electrode_s15,phase2/results/predictions/full/clean_only/tcn/seed_17/bandpass_n20002_cV3_electrode_s15.npz,76432,08045c68608d1a00340a0beee6c9d65cb700bb361e76fbce25779b5c18251f7c
tcn,clean_only,17,bandpass_n20002_cV3_electrode_s10,phase2/results/predictions/full/clean_only/tcn/seed_17/bandpass_n20002_cV3_electrode_s10.npz,76379,5fe4a29e01d9f40bc596971bdfcf2e65a4dc09103c61b8871cc6016ee1e788dc
tcn,clean_only,17,bandpass_n20002_cV3_electrode_s5,phase2/results/predictions/full/clean_only/tcn/seed_17/bandpass_n20002_cV3_electrode_s5.npz,76252,72a2b91565f20cc4f541ee43aaf07a199805c30aadcfb911bd79954c52718309
tcn,clean_only,17,bandpass_n20002_cV3_electrode_s0,phase2/results/predictions/full/clean_only/tcn/seed_17/bandpass_n20002_cV3_electrode_s0.npz,75930,ae36d3284600e5a551113884dd80e1e388af7fad0fe4a014f2f5a3ddcf75e6f7
tcn,clean_only,17,bandpass_n20002_cV3_covariance_s20,phase2/results/predictions/full/clean_only/tcn/seed_17/bandpass_n20002_cV3_covariance_s20.npz,76469,aee03d388afde19b5ea89d5ec2c5ed6d5ba7711ed9b8570203198a187d9adaaa
tcn,clean_only,17,bandpass_n20002_cV3_covariance_s15,phase2/results/predictions/full/clean_only/tcn/seed_17/bandpass_n20002_cV3_covariance_s15.npz,76452,8e111060273d645e14027201ad2ed7972121a8dd706c7f8464006ea214b80aef
tcn,clean_only,17,bandpass_n20002_cV3_covariance_s10,phase2/results/predictions/full/clean_only/tcn/seed_17/bandpass_n20002_cV3_covariance_s10.npz,76385,6f6328728f01a395a8b6d438b797cd9309f0ca2d745092d31e1af0f0db0dee62
tcn,clean_only,17,bandpass_n20002_cV3_covariance_s5,phase2/results/predictions/full/clean_only/tcn/seed_17/bandpass_n20002_cV3_covariance_s5.npz,76278,6dbad5ac6e574aca8069644a09857dce986f1b31d42b5c8072f63fb11b8fe45b
tcn,clean_only,17,bandpass_n20002_cV3_covariance_s0,phase2/results/predictions/full/clean_only/tcn/seed_17/bandpass_n20002_cV3_covariance_s0.npz,75889,b8a22ba9a3919bfe5b7eec331c9575a79ac2652ffe76453059f989e997d825d9
tcn,clean_only,17,bandpass_n20002_cV4_independent_rms_s20,phase2/results/predictions/full/clean_only/tcn/seed_17/bandpass_n20002_cV4_independent_rms_s20.npz,76461,45c848e5ff651ec79d465e6b57eaea8d21f6d8de99802ccefa93930fc8d36067
tcn,clean_only,17,bandpass_n20002_cV4_independent_rms_s15,phase2/results/predictions/full/clean_only/tcn/seed_17/bandpass_n20002_cV4_independent_rms_s15.npz,76474,5ecb04a9ab78beefc2ec3c8bc2f74874f5f60a5a30a733906ffc18c42cc01509
tcn,clean_only,17,bandpass_n20002_cV4_independent_rms_s10,phase2/results/predictions/full/clean_only/tcn/seed_17/bandpass_n20002_cV4_independent_rms_s10.npz,76457,2dac61916a7a55b66b34474d19ea33734cf45128dac1dd9349b987fb59c2b0d7
tcn,clean_only,17,bandpass_n20002_cV4_independent_rms_s5,phase2/results/predictions/full/clean_only/tcn/seed_17/bandpass_n20002_cV4_independent_rms_s5.npz,76381,e424f310b215d49cff31caa6f0545c57f90f904cf1dcb658acf7b04ae66db20a
tcn,clean_only,17,bandpass_n20002_cV4_independent_rms_s0,phase2/results/predictions/full/clean_only/tcn/seed_17/bandpass_n20002_cV4_independent_rms_s0.npz,76330,1abdb50c7e4ec8b331ac7912b0c67d66016d3bd44384704c4fc34ba56389f7ce
tcn,clean_only,17,bandpass_n20002_cV4_electrode_s20,phase2/results/predictions/full/clean_only/tcn/seed_17/bandpass_n20002_cV4_electrode_s20.npz,76440,3f709b85be305ee776a6d22ef2fa41a1da34b38635cddcc1b9412e66f3abfc03
tcn,clean_only,17,bandpass_n20002_cV4_electrode_s15,phase2/results/predictions/full/clean_only/tcn/seed_17/bandpass_n20002_cV4_electrode_s15.npz,76454,98698997942936d1fc20437935b65e30eb3d7c86ba6157b8caeb03617ee39a9c
tcn,clean_only,17,bandpass_n20002_cV4_electrode_s10,phase2/results/predictions/full/clean_only/tcn/seed_17/bandpass_n20002_cV4_electrode_s10.npz,76417,027c3a5883df091b2b915c824680c0b318bc0944adf4f703207eed95078d5a67
tcn,clean_only,17,bandpass_n20002_cV4_electrode_s5,phase2/results/predictions/full/clean_only/tcn/seed_17/bandpass_n20002_cV4_electrode_s5.npz,76386,af24c97c7abe12df98d00101bf55d1450dc67d75a0ffd3912b6e0b5866d331e3
tcn,clean_only,17,bandpass_n20002_cV4_electrode_s0,phase2/results/predictions/full/clean_only/tcn/seed_17/bandpass_n20002_cV4_electrode_s0.npz,76265,82a4f537bf02f8e7cc449c24cef3b7b92d8271871b21f6129c62895480bbfd20
tcn,clean_only,17,bandpass_n20002_cV4_covariance_s20,phase2/results/predictions/full/clean_only/tcn/seed_17/bandpass_n20002_cV4_covariance_s20.npz,76432,7d53cb78d56c30a8922c69e1311a5a30df5d86aa4267a6c5c432268936afba6f
tcn,clean_only,17,bandpass_n20002_cV4_covariance_s15,phase2/results/predictions/full/clean_only/tcn/seed_17/bandpass_n20002_cV4_covariance_s15.npz,76439,34b6757c9f8ed529f4493abf8bbe9c98cd323001cb2f1fe74f8eb653669b9d59
tcn,clean_only,17,bandpass_n20002_cV4_covariance_s10,phase2/results/predictions/full/clean_only/tcn/seed_17/bandpass_n20002_cV4_covariance_s10.npz,76402,97119f58ee5cb27684bd2fd06ce0aa8e222aa4781964d1f4995f13f13c78dea4
tcn,clean_only,17,bandpass_n20002_cV4_covariance_s5,phase2/results/predictions/full/clean_only/tcn/seed_17/bandpass_n20002_cV4_covariance_s5.npz,76368,a0e58e39f62f01641b4335fbcf4d3d2964b2607b657e5e50babf686f58aeaab1
tcn,clean_only,17,bandpass_n20002_cV4_covariance_s0,phase2/results/predictions/full/clean_only/tcn/seed_17/bandpass_n20002_cV4_covariance_s0.npz,76278,7eb763d275455c2844afdaf46bd565c6a6e397790869918493f6ac612c17a606
tcn,clean_only,17,bandpass_n20002_cV5_independent_rms_s20,phase2/results/predictions/full/clean_only/tcn/seed_17/bandpass_n20002_cV5_independent_rms_s20.npz,76444,d5a0132868ded5d67613acdbf0339750163776e7182a3c242a8cfa107f99b06a
tcn,clean_only,17,bandpass_n20002_cV5_independent_rms_s15,phase2/results/predictions/full/clean_only/tcn/seed_17/bandpass_n20002_cV5_independent_rms_s15.npz,76444,60b53f676fd965c853e85526329c50fe0421cdf16308fbf1414d8ae1f970d9c4
tcn,clean_only,17,bandpass_n20002_cV5_independent_rms_s10,phase2/results/predictions/full/clean_only/tcn/seed_17/bandpass_n20002_cV5_independent_rms_s10.npz,76416,be5403fa03aa53c3f2a8ba507572d39508a70e049e2713870eb7cf149a065052
tcn,clean_only,17,bandpass_n20002_cV5_independent_rms_s5,phase2/results/predictions/full/clean_only/tcn/seed_17/bandpass_n20002_cV5_independent_rms_s5.npz,76313,1a78c47720b759697cc52d0b4bcd11b1ab095e37e4ef476b82993289523002bb
tcn,clean_only,17,bandpass_n20002_cV5_independent_rms_s0,phase2/results/predictions/full/clean_only/tcn/seed_17/bandpass_n20002_cV5_independent_rms_s0.npz,76044,c2eb3547f96e5c0ea8146cd22959603ce4f93c22f54f8c2ebc5029db03ee684e
tcn,clean_only,17,bandpass_n20002_cV5_electrode_s20,phase2/results/predictions/full/clean_only/tcn/seed_17/bandpass_n20002_cV5_electrode_s20.npz,76470,3b4034457dee05364574f45d1506548f0e1d437057bdb7c1017c6d7b23cd02a3
tcn,clean_only,17,bandpass_n20002_cV5_electrode_s15,phase2/results/predictions/full/clean_only/tcn/seed_17/bandpass_n20002_cV5_electrode_s15.npz,76447,5a5a9a484857d2c33e9dec0472e7244f80cce6ac03ce2f3d8e2a1474e07321a7
tcn,clean_only,17,bandpass_n20002_cV5_electrode_s10,phase2/results/predictions/full/clean_only/tcn/seed_17/bandpass_n20002_cV5_electrode_s10.npz,76400,8af97fe23caeeb36a15e97be60b882fc4768460bbd0e2da53011d808b5ac5b15
tcn,clean_only,17,bandpass_n20002_cV5_electrode_s5,phase2/results/predictions/full/clean_only/tcn/seed_17/bandpass_n20002_cV5_electrode_s5.npz,76295,ca3bbe485dee6b3ffba8aa7557170af51e076915da3dbc18c1653aeaafe057b6
tcn,clean_only,17,bandpass_n20002_cV5_electrode_s0,phase2/results/predictions/full/clean_only/tcn/seed_17/bandpass_n20002_cV5_electrode_s0.npz,76033,5555016defc206565fc7046fcdb94d064da2370f25fbc82ff73014755585cfdd
tcn,clean_only,17,bandpass_n20002_cV5_covariance_s20,phase2/results/predictions/full/clean_only/tcn/seed_17/bandpass_n20002_cV5_covariance_s20.npz,76452,dd4c4459f0dcea22742e4aa5909473e3282b1d2f4d90c4ecae330b522e45239c
tcn,clean_only,17,bandpass_n20002_cV5_covariance_s15,phase2/results/predictions/full/clean_only/tcn/seed_17/bandpass_n20002_cV5_covariance_s15.npz,76441,8f80cfb05dc7f0488b6aa197738a1e96296596f4c3ddb1b5e45f47507a6023bf
tcn,clean_only,17,bandpass_n20002_cV5_covariance_s10,phase2/results/predictions/full/clean_only/tcn/seed_17/bandpass_n20002_cV5_covariance_s10.npz,76394,c9b86843f0123121530394db77aae3fa567b14674caf90c5bc9f4cad54256caa
tcn,clean_only,17,bandpass_n20002_cV5_covariance_s5,phase2/results/predictions/full/clean_only/tcn/seed_17/bandpass_n20002_cV5_covariance_s5.npz,76313,2b6e2087b763de7767cb8cc47498041d8e3658f552db1659e2a91d4aea8c31f6
tcn,clean_only,17,bandpass_n20002_cV5_covariance_s0,phase2/results/predictions/full/clean_only/tcn/seed_17/bandpass_n20002_cV5_covariance_s0.npz,76046,2ec1efc5ccc34459f838e3729bd85bc4aa35c33a0ee648d8b80d8455dc9f0f7f
tcn,clean_only,17,bandpass_n20002_cV6_independent_rms_s20,phase2/results/predictions/full/clean_only/tcn/seed_17/bandpass_n20002_cV6_independent_rms_s20.npz,76470,e366fbd8e558245c7baea9d72969ed2dd4079a6d0e8f49720629c0817a21c98e
tcn,clean_only,17,bandpass_n20002_cV6_independent_rms_s15,phase2/results/predictions/full/clean_only/tcn/seed_17/bandpass_n20002_cV6_independent_rms_s15.npz,76415,9ce1b8a7d71501e203b912f0acb12bb9f949ce9d805c5ca4f8ed442e3e6c9e86
tcn,clean_only,17,bandpass_n20002_cV6_independent_rms_s10,phase2/results/predictions/full/clean_only/tcn/seed_17/bandpass_n20002_cV6_independent_rms_s10.npz,76385,79857bb93aa3675fd48a04c87065ae587a20e6166e9852b9e13c308ecf51b2d1
tcn,clean_only,17,bandpass_n20002_cV6_independent_rms_s5,phase2/results/predictions/full/clean_only/tcn/seed_17/bandpass_n20002_cV6_independent_rms_s5.npz,76297,42b1c0f4c7956227d2eaaa329a660665992023a18c3a51a0e6ca4101311907d5
tcn,clean_only,17,bandpass_n20002_cV6_independent_rms_s0,phase2/results/predictions/full/clean_only/tcn/seed_17/bandpass_n20002_cV6_independent_rms_s0.npz,75935,de8a72d658697ce34cc88c4e99fc34a0b995ec0dc0b1386efee42eceefd875e6
tcn,clean_only,17,bandpass_n20002_cV6_electrode_s20,phase2/results/predictions/full/clean_only/tcn/seed_17/bandpass_n20002_cV6_electrode_s20.npz,76458,8f760639f54cea5ad14a25ea7099883cdb876539d91bad784886411b7a0a9ef0
tcn,clean_only,17,bandpass_n20002_cV6_electrode_s15,phase2/results/predictions/full/clean_only/tcn/seed_17/bandpass_n20002_cV6_electrode_s15.npz,76477,4d4fb9c6653cf51f4f246ca6f4747e9f62f7491e94618f66f204133882dd0cea
tcn,clean_only,17,bandpass_n20002_cV6_electrode_s10,phase2/results/predictions/full/clean_only/tcn/seed_17/bandpass_n20002_cV6_electrode_s10.npz,76366,7b6ad6e130cdbf0483bbdc3d70d5111789b07236114204e6fa375bb7cb823ba8
tcn,clean_only,17,bandpass_n20002_cV6_electrode_s5,phase2/results/predictions/full/clean_only/tcn/seed_17/bandpass_n20002_cV6_electrode_s5.npz,76259,6f9777d646f721783df65790367016cd1dea67e2d264a87d87783330cf08ddd0
tcn,clean_only,17,bandpass_n20002_cV6_electrode_s0,phase2/results/predictions/full/clean_only/tcn/seed_17/bandpass_n20002_cV6_electrode_s0.npz,75904,9b12a10cfac79a1bfe53dd022e919cf68c22ee118750d4597a6fa0adf429f764
tcn,clean_only,17,bandpass_n20002_cV6_covariance_s20,phase2/results/predictions/full/clean_only/tcn/seed_17/bandpass_n20002_cV6_covariance_s20.npz,76476,5d00b2ea5d070392379201db924ede9ea0318d0a25c6db0f4ffe636a34ced2b5
tcn,clean_only,17,bandpass_n20002_cV6_covariance_s15,phase2/results/predictions/full/clean_only/tcn/seed_17/bandpass_n20002_cV6_covariance_s15.npz,76387,64b1cdb1a48941c639de0f3987f2ded4a62df4ab0af48476763784b0c8a25a16
tcn,clean_only,17,bandpass_n20002_cV6_covariance_s10,phase2/results/predictions/full/clean_only/tcn/seed_17/bandpass_n20002_cV6_covariance_s10.npz,76386,b49342fc1663a56e53adde777d6a5ee02a3650a945b79b35842401c1c000ad3f
tcn,clean_only,17,bandpass_n20002_cV6_covariance_s5,phase2/results/predictions/full/clean_only/tcn/seed_17/bandpass_n20002_cV6_covariance_s5.npz,76269,960770f81b4d4ac3255b5836abea07c84d9c5f5208c37ba42e8bb286b4e03932
tcn,clean_only,17,bandpass_n20002_cV6_covariance_s0,phase2/results/predictions/full/clean_only/tcn/seed_17/bandpass_n20002_cV6_covariance_s0.npz,75892,1d4cbf617ef695ac2818ec21646c0cf33daf2d38aa699dd786e0386fb990622d
tcn,clean_only,17,bandpass_n20002_cRA_LA_independent_rms_s20,phase2/results/predictions/full/clean_only/tcn/seed_17/bandpass_n20002_cRA_LA_independent_rms_s20.npz,76493,5b58dec80fe6f03155d62ae9ff95da9efc1b1cbc15d37863516c754e28cb24c6
tcn,clean_only,17,bandpass_n20002_cRA_LA_independent_rms_s15,phase2/results/predictions/full/clean_only/tcn/seed_17/bandpass_n20002_cRA_LA_independent_rms_s15.npz,76448,5a607a9fc9a5dc3a00aec355cf155e25529ef49e4818c6e2ad26752a0dfb192c
tcn,clean_only,17,bandpass_n20002_cRA_LA_independent_rms_s10,phase2/results/predictions/full/clean_only/tcn/seed_17/bandpass_n20002_cRA_LA_independent_rms_s10.npz,76396,b9dc8db0d4bf4b8f6e0f404ea5b5416e9c2715fe6fa5cbb871d67cf08612f0ef
tcn,clean_only,17,bandpass_n20002_cRA_LA_independent_rms_s5,phase2/results/predictions/full/clean_only/tcn/seed_17/bandpass_n20002_cRA_LA_independent_rms_s5.npz,76214,a44f88330f87aa99f443bbc825fab76b87db6c214994d4e5869319608c17458c
tcn,clean_only,17,bandpass_n20002_cRA_LA_independent_rms_s0,phase2/results/predictions/full/clean_only/tcn/seed_17/bandpass_n20002_cRA_LA_independent_rms_s0.npz,75800,7b8e8f3cbd6eb517d64b89d82936f496edf14546483f61d2512bfb970f177261
tcn,clean_only,17,bandpass_n20002_cRA_LA_electrode_s20,phase2/results/predictions/full/clean_only/tcn/seed_17/bandpass_n20002_cRA_LA_electrode_s20.npz,76402,cf5531c4ead2041db3d37ff177555f6546338ed8110a26270218901799e781c1
tcn,clean_only,17,bandpass_n20002_cRA_LA_electrode_s15,phase2/results/predictions/full/clean_only/tcn/seed_17/bandpass_n20002_cRA_LA_electrode_s15.npz,76405,15ca5f41eaf968894fc8831eb8216a7a87e51f9fccbd7e8f78cea02a8f663b8e
tcn,clean_only,17,bandpass_n20002_cRA_LA_electrode_s10,phase2/results/predictions/full/clean_only/tcn/seed_17/bandpass_n20002_cRA_LA_electrode_s10.npz,76292,0f0ff196ddb62a437056ecc52717fa1396b97c5e441c8abd9f555b93265d1e6a
tcn,clean_only,17,bandpass_n20002_cRA_LA_electrode_s5,phase2/results/predictions/full/clean_only/tcn/seed_17/bandpass_n20002_cRA_LA_electrode_s5.npz,76086,7caa533dd1c796f477eca3a85ee0f74c270634ca08a85d68ccbdb1db3c806a51
tcn,clean_only,17,bandpass_n20002_cRA_LA_electrode_s0,phase2/results/predictions/full/clean_only/tcn/seed_17/bandpass_n20002_cRA_LA_electrode_s0.npz,75504,b28b75f59581bced5cdbf5337e414f1983158480eb881c076198cb5c24031d92
tcn,clean_only,17,bandpass_n20002_cRA_LA_covariance_s20,phase2/results/predictions/full/clean_only/tcn/seed_17/bandpass_n20002_cRA_LA_covariance_s20.npz,76457,553889863175e3494a8f8e56242eb9c9455d4e40114a0334ae0626555bc11388
tcn,clean_only,17,bandpass_n20002_cRA_LA_covariance_s15,phase2/results/predictions/full/clean_only/tcn/seed_17/bandpass_n20002_cRA_LA_covariance_s15.npz,76389,6566bd309952f2d148e23b5b211a39a862b95713cde780c7577566b861021311
tcn,clean_only,17,bandpass_n20002_cRA_LA_covariance_s10,phase2/results/predictions/full/clean_only/tcn/seed_17/bandpass_n20002_cRA_LA_covariance_s10.npz,76331,0052c60738d5a3b8bbd884dfd7a909aea9b728eee5c94aee64a38beecbdc52c4
tcn,clean_only,17,bandpass_n20002_cRA_LA_covariance_s5,phase2/results/predictions/full/clean_only/tcn/seed_17/bandpass_n20002_cRA_LA_covariance_s5.npz,76082,a61038c3c09d9123111ecef5cf0b4b9ae8247122bfa04b793c84568a64541d35
tcn,clean_only,17,bandpass_n20002_cRA_LA_covariance_s0,phase2/results/predictions/full/clean_only/tcn/seed_17/bandpass_n20002_cRA_LA_covariance_s0.npz,75547,cb281c334fe62bf59d637169557cbc4fd5fb55a173204b8625e756173ed319c5
tcn,clean_only,17,bandpass_n20002_cLA_LL_independent_rms_s20,phase2/results/predictions/full/clean_only/tcn/seed_17/bandpass_n20002_cLA_LL_independent_rms_s20.npz,76473,50f5c51f74e6e0fa3977d6b3141b6195a3856753b1f56b79acdb88d64cad63d6
tcn,clean_only,17,bandpass_n20002_cLA_LL_independent_rms_s15,phase2/results/predictions/full/clean_only/tcn/seed_17/bandpass_n20002_cLA_LL_independent_rms_s15.npz,76466,cbe466b95d24c8b63bee2c881db9c6e94df60ba6f891f365d7c433c3077f6cf3
tcn,clean_only,17,bandpass_n20002_cLA_LL_independent_rms_s10,phase2/results/predictions/full/clean_only/tcn/seed_17/bandpass_n20002_cLA_LL_independent_rms_s10.npz,76398,5924798753922898a1bacdb64722d4a6b4d71f6a19ee527e3c94dc9e5c63ad77
tcn,clean_only,17,bandpass_n20002_cLA_LL_independent_rms_s5,phase2/results/predictions/full/clean_only/tcn/seed_17/bandpass_n20002_cLA_LL_independent_rms_s5.npz,76212,5d36632b4b32b74927fe4e8c30c63ee62e1d90dcf99b2e20f56313c880891ae4
tcn,clean_only,17,bandpass_n20002_cLA_LL_independent_rms_s0,phase2/results/predictions/full/clean_only/tcn/seed_17/bandpass_n20002_cLA_LL_independent_rms_s0.npz,75818,910f77fc7f3617e2e0f6584ee39ceae181f4bf60a05e0225aa4a0079afb55413
tcn,clean_only,17,bandpass_n20002_cLA_LL_electrode_s20,phase2/results/predictions/full/clean_only/tcn/seed_17/bandpass_n20002_cLA_LL_electrode_s20.npz,76432,fcce4c52b4611120cd06c0a23196762518eb5e604941df23f639f79c09ddc675
tcn,clean_only,17,bandpass_n20002_cLA_LL_electrode_s15,phase2/results/predictions/full/clean_only/tcn/seed_17/bandpass_n20002_cLA_LL_electrode_s15.npz,76422,0f8d49adb1d38595b2e0518d73acaa5dfd2360c1d019922b97ad4cb7adafae89
tcn,clean_only,17,bandpass_n20002_cLA_LL_electrode_s10,phase2/results/predictions/full/clean_only/tcn/seed_17/bandpass_n20002_cLA_LL_electrode_s10.npz,76358,13485b926d88678a004d072b75d72223ab165d1746a85bd3ec2faee227d0ad71
tcn,clean_only,17,bandpass_n20002_cLA_LL_electrode_s5,phase2/results/predictions/full/clean_only/tcn/seed_17/bandpass_n20002_cLA_LL_electrode_s5.npz,76074,90596bb4781107c97c1f14ed79783db63c41e4f98b5cc210ea52b3c61ecbfbfe
tcn,clean_only,17,bandpass_n20002_cLA_LL_electrode_s0,phase2/results/predictions/full/clean_only/tcn/seed_17/bandpass_n20002_cLA_LL_electrode_s0.npz,75718,5c3eeccd7d55b18c9e456483c2965a3332b1d438f2d881c0b10c04708369f8f5
tcn,clean_only,17,bandpass_n20002_cLA_LL_covariance_s20,phase2/results/predictions/full/clean_only/tcn/seed_17/bandpass_n20002_cLA_LL_covariance_s20.npz,76455,510ccbee97515c02cfcd1bc3efddd65da7e089001e7aff77f87c8c8adea09bd0
tcn,clean_only,17,bandpass_n20002_cLA_LL_covariance_s15,phase2/results/predictions/full/clean_only/tcn/seed_17/bandpass_n20002_cLA_LL_covariance_s15.npz,76403,5c64a3497e6f8c70275b462a10260fa0ddd1a7708225299ab379e5f0e592eec9
tcn,clean_only,17,bandpass_n20002_cLA_LL_covariance_s10,phase2/results/predictions/full/clean_only/tcn/seed_17/bandpass_n20002_cLA_LL_covariance_s10.npz,76345,f54fffe5001ad90afd68dad78779cafa025ac0ab12299289d834736ff10c455a
tcn,clean_only,17,bandpass_n20002_cLA_LL_covariance_s5,phase2/results/predictions/full/clean_only/tcn/seed_17/bandpass_n20002_cLA_LL_covariance_s5.npz,76080,17a97705dab9972fda4cf5085419afc2854d1d386f03c265ed027ff362e7e8e5
tcn,clean_only,17,bandpass_n20002_cLA_LL_covariance_s0,phase2/results/predictions/full/clean_only/tcn/seed_17/bandpass_n20002_cLA_LL_covariance_s0.npz,75700,b3dd61fde816f1c84c702a0717e6f46e9669ac04dc103bdbf9d85c4c45e2f708
tcn,clean_only,17,bandpass_n20002_cRA_LL_independent_rms_s20,phase2/results/predictions/full/clean_only/tcn/seed_17/bandpass_n20002_cRA_LL_independent_rms_s20.npz,76458,9217fea6622713fd11ddecba37015f4870ab5ce66495cf3291600ff5c52df5de
tcn,clean_only,17,bandpass_n20002_cRA_LL_independent_rms_s15,phase2/results/predictions/full/clean_only/tcn/seed_17/bandpass_n20002_cRA_LL_independent_rms_s15.npz,76434,c65f16b610bf655b30f2a7a681bd2fe8628ad08b5cbb9c918774ad952c68388a
tcn,clean_only,17,bandpass_n20002_cRA_LL_independent_rms_s10,phase2/results/predictions/full/clean_only/tcn/seed_17/bandpass_n20002_cRA_LL_independent_rms_s10.npz,76395,d2807a6ed560b5d05ae99d69d12b37abd0f577b1f2630269d5e5fbc630420e2b
tcn,clean_only,17,bandpass_n20002_cRA_LL_independent_rms_s5,phase2/results/predictions/full/clean_only/tcn/seed_17/bandpass_n20002_cRA_LL_independent_rms_s5.npz,76204,83bba8b4e4529885b64332e2f1ee37ab52ed4f08abadd7fbf76010b490f5537e
tcn,clean_only,17,bandpass_n20002_cRA_LL_independent_rms_s0,phase2/results/predictions/full/clean_only/tcn/seed_17/bandpass_n20002_cRA_LL_independent_rms_s0.npz,75725,525464713c2741a266cba22482e584ee4bf1ffbb18983aa22e8b239cf82bf269
tcn,clean_only,17,bandpass_n20002_cRA_LL_electrode_s20,phase2/results/predictions/full/clean_only/tcn/seed_17/bandpass_n20002_cRA_LL_electrode_s20.npz,76440,27ae22ed225318283db2fc7a9887d2e0a91ac3ab9e729c64be421cab5f0d9f3e
tcn,clean_only,17,bandpass_n20002_cRA_LL_electrode_s15,phase2/results/predictions/full/clean_only/tcn/seed_17/bandpass_n20002_cRA_LL_electrode_s15.npz,76401,b0306927396302815ede6bc46faff198114dbfc02426d1f879c073c354bbd272
tcn,clean_only,17,bandpass_n20002_cRA_LL_electrode_s10,phase2/results/predictions/full/clean_only/tcn/seed_17/bandpass_n20002_cRA_LL_electrode_s10.npz,76304,47587deffaaa36ecfd537b79bdb60210ddec2e8ef96c47fb5ae51139055b282f
tcn,clean_only,17,bandpass_n20002_cRA_LL_electrode_s5,phase2/results/predictions/full/clean_only/tcn/seed_17/bandpass_n20002_cRA_LL_electrode_s5.npz,76074,829094f9cb7b369118b42c1a5f38cf61697d0224f50def60f9c3863fe19e6709
tcn,clean_only,17,bandpass_n20002_cRA_LL_electrode_s0,phase2/results/predictions/full/clean_only/tcn/seed_17/bandpass_n20002_cRA_LL_electrode_s0.npz,75576,718408ab3b1f21f15bb0f1a6bd9c2640c5bcb4cff3c940d7e44ed9785fa4645c
tcn,clean_only,17,bandpass_n20002_cRA_LL_covariance_s20,phase2/results/predictions/full/clean_only/tcn/seed_17/bandpass_n20002_cRA_LL_covariance_s20.npz,76438,9f9dda97b1167a3c9a40a8c5c74cfb9225658763b3c9b172f0ebd1d8cb86136a
tcn,clean_only,17,bandpass_n20002_cRA_LL_covariance_s15,phase2/results/predictions/full/clean_only/tcn/seed_17/bandpass_n20002_cRA_LL_covariance_s15.npz,76404,87acc91accb6a0f96740c3d6ecbeb3855b3a0cd2cbdfeb62465612e6a8ecd0aa
tcn,clean_only,17,bandpass_n20002_cRA_LL_covariance_s10,phase2/results/predictions/full/clean_only/tcn/seed_17/bandpass_n20002_cRA_LL_covariance_s10.npz,76358,907e1e8bdf9181e30251330168a42c7b77ed7cbde1cb63a795bfd5c7e8416bc0
tcn,clean_only,17,bandpass_n20002_cRA_LL_covariance_s5,phase2/results/predictions/full/clean_only/tcn/seed_17/bandpass_n20002_cRA_LL_covariance_s5.npz,76117,8d5f7af8e0ee7d39008734980c36e7a1d56e9a4cdee87e4cb07501f291f6b7c5
tcn,clean_only,17,bandpass_n20002_cRA_LL_covariance_s0,phase2/results/predictions/full/clean_only/tcn/seed_17/bandpass_n20002_cRA_LL_covariance_s0.npz,75569,0d0eb620ed60c8c4b80238e3013f4fcd38949cbba2cdbf548ef748174222acaa
tcn,clean_only,17,bandpass_n20002_cRA_independent_rms_s20,phase2/results/predictions/full/clean_only/tcn/seed_17/bandpass_n20002_cRA_independent_rms_s20.npz,76477,69e530400ca77d2630613160b9286885ce458e6cb97845f7a4da18db03dab52c
tcn,clean_only,17,bandpass_n20002_cRA_independent_rms_s15,phase2/results/predictions/full/clean_only/tcn/seed_17/bandpass_n20002_cRA_independent_rms_s15.npz,76462,25a159f509b84524b17f03d3cc77dab171fe8a45900a9ddae2ab4d741276df85
tcn,clean_only,17,bandpass_n20002_cRA_independent_rms_s10,phase2/results/predictions/full/clean_only/tcn/seed_17/bandpass_n20002_cRA_independent_rms_s10.npz,76381,a47d98b83c4c59e7d1384ca332710a66fc4a9ceb591a332c61ecbadc29b223e6
tcn,clean_only,17,bandpass_n20002_cRA_independent_rms_s5,phase2/results/predictions/full/clean_only/tcn/seed_17/bandpass_n20002_cRA_independent_rms_s5.npz,76161,03a28cbb97a20fdd89f048172581657e949b96cb03255386eea5f6ccf841d1cd
tcn,clean_only,17,bandpass_n20002_cRA_independent_rms_s0,phase2/results/predictions/full/clean_only/tcn/seed_17/bandpass_n20002_cRA_independent_rms_s0.npz,75747,5c687b1c07c74a315a13717890a191b53f25e3e364d02044a64446e51ec69e56
tcn,clean_only,17,bandpass_n20002_cRA_electrode_s20,phase2/results/predictions/full/clean_only/tcn/seed_17/bandpass_n20002_cRA_electrode_s20.npz,76426,df267636859ec67074644fd090bd73e69bc82a40b0fcc53ae2c58e7aee2e3baf
tcn,clean_only,17,bandpass_n20002_cRA_electrode_s15,phase2/results/predictions/full/clean_only/tcn/seed_17/bandpass_n20002_cRA_electrode_s15.npz,76408,558345d32cb3cfca12caf19b5648e66ab0eb17857d873769b5b098d2629d50b8
tcn,clean_only,17,bandpass_n20002_cRA_electrode_s10,phase2/results/predictions/full/clean_only/tcn/seed_17/bandpass_n20002_cRA_electrode_s10.npz,76328,1d2e63902a61f0f64e4082c462237bfbf37793c5bfc521f7b71cf6e9103e9ab6
tcn,clean_only,17,bandpass_n20002_cRA_electrode_s5,phase2/results/predictions/full/clean_only/tcn/seed_17/bandpass_n20002_cRA_electrode_s5.npz,76096,ec8c5313c2a896597b2ed2cc095ee9c46c470f96d7d2df346bd8682c022d57ad
tcn,clean_only,17,bandpass_n20002_cRA_electrode_s0,phase2/results/predictions/full/clean_only/tcn/seed_17/bandpass_n20002_cRA_electrode_s0.npz,75597,95e528018a0351f16f48d3246c6369421b40d8f8da239ac5d33790c5b64be4f6
tcn,clean_only,17,bandpass_n20002_cRA_covariance_s20,phase2/results/predictions/full/clean_only/tcn/seed_17/bandpass_n20002_cRA_covariance_s20.npz,76471,535ba1af90d13597ee1e0c18f7ce3cffbb4e6c22ae1c0bfdb948245634ec4d98
tcn,clean_only,17,bandpass_n20002_cRA_covariance_s15,phase2/results/predictions/full/clean_only/tcn/seed_17/bandpass_n20002_cRA_covariance_s15.npz,76405,c7344cfec0fc53aea165065924c010b8bea41d4d226d5b087a6231318e6ef194
tcn,clean_only,17,bandpass_n20002_cRA_covariance_s10,phase2/results/predictions/full/clean_only/tcn/seed_17/bandpass_n20002_cRA_covariance_s10.npz,76293,8ea35f2a2d15288a82217641b6981e255485fcb3107210084f754997f1755ded
tcn,clean_only,17,bandpass_n20002_cRA_covariance_s5,phase2/results/predictions/full/clean_only/tcn/seed_17/bandpass_n20002_cRA_covariance_s5.npz,76104,04e8330c53a77639eb067c47da0cb6960642e11b5514eed84bfe729dc92a31df
tcn,clean_only,17,bandpass_n20002_cRA_covariance_s0,phase2/results/predictions/full/clean_only/tcn/seed_17/bandpass_n20002_cRA_covariance_s0.npz,75600,2692db6fc1e9110394cd6973fb1ffb93f90051f8bde3ed278e0daff80b3248a1
tcn,clean_only,17,bandpass_n20002_cLA_independent_rms_s20,phase2/results/predictions/full/clean_only/tcn/seed_17/bandpass_n20002_cLA_independent_rms_s20.npz,76460,f082b2f994d7eff2d7b3d97033c63a206e82d14777dd97b3b64eb782a80f21f8
tcn,clean_only,17,bandpass_n20002_cLA_independent_rms_s15,phase2/results/predictions/full/clean_only/tcn/seed_17/bandpass_n20002_cLA_independent_rms_s15.npz,76442,afda1a53d022326a9ab69d944af08627bb4eaba9f81029715b51981bb1ef7dcc
tcn,clean_only,17,bandpass_n20002_cLA_independent_rms_s10,phase2/results/predictions/full/clean_only/tcn/seed_17/bandpass_n20002_cLA_independent_rms_s10.npz,76408,1e5630fe76620c9d44893da05f6a2e04193d5a3eef69e904a28e257cf088aac6
tcn,clean_only,17,bandpass_n20002_cLA_independent_rms_s5,phase2/results/predictions/full/clean_only/tcn/seed_17/bandpass_n20002_cLA_independent_rms_s5.npz,76257,9d7dcc7c73eb6949bf510697b8d4bd5dd548c48a49ed50ac7a018b348441c388
tcn,clean_only,17,bandpass_n20002_cLA_independent_rms_s0,phase2/results/predictions/full/clean_only/tcn/seed_17/bandpass_n20002_cLA_independent_rms_s0.npz,75938,5272f9e33911d13117d5f055b614774119a79e8e697fb368168d49dfc7307ad2
tcn,clean_only,17,bandpass_n20002_cLA_electrode_s20,phase2/results/predictions/full/clean_only/tcn/seed_17/bandpass_n20002_cLA_electrode_s20.npz,76450,c9f6d0a7a314f8f2804e0f7ca708fd971c4bcd6cac40c403ad9f7de7e4e9391e
tcn,clean_only,17,bandpass_n20002_cLA_electrode_s15,phase2/results/predictions/full/clean_only/tcn/seed_17/bandpass_n20002_cLA_electrode_s15.npz,76428,18ea70292c4de0918a5416263b69c6e7b7a2bee9ac4abdac8f572b63553a1706
tcn,clean_only,17,bandpass_n20002_cLA_electrode_s10,phase2/results/predictions/full/clean_only/tcn/seed_17/bandpass_n20002_cLA_electrode_s10.npz,76343,2ce73a6d83110c802b49095ec57ef1b0a4069923e645414dff71cd71ad600da7
tcn,clean_only,17,bandpass_n20002_cLA_electrode_s5,phase2/results/predictions/full/clean_only/tcn/seed_17/bandpass_n20002_cLA_electrode_s5.npz,76086,92aabf7312af439636a0c30fc7d4e0011c77de679c683352ca70e10671d129b0
tcn,clean_only,17,bandpass_n20002_cLA_electrode_s0,phase2/results/predictions/full/clean_only/tcn/seed_17/bandpass_n20002_cLA_electrode_s0.npz,75712,ac2c624fec22875d1d706c4d31c50fa317f8b10d59078a4fdd44baa1d80efa7b
tcn,clean_only,17,bandpass_n20002_cLA_covariance_s20,phase2/results/predictions/full/clean_only/tcn/seed_17/bandpass_n20002_cLA_covariance_s20.npz,76488,e1f18817fc5b96b4fa3e396dce12a803fe548b229560d22a1f0ae44e34047bfc
tcn,clean_only,17,bandpass_n20002_cLA_covariance_s15,phase2/results/predictions/full/clean_only/tcn/seed_17/bandpass_n20002_cLA_covariance_s15.npz,76434,b4bb28dff40b66cce6eaa484f767b555ff83a728c6ce9a0fb3f39ad24eda86cf
tcn,clean_only,17,bandpass_n20002_cLA_covariance_s10,phase2/results/predictions/full/clean_only/tcn/seed_17/bandpass_n20002_cLA_covariance_s10.npz,76314,a561c952bc49efb7ea9f9fe863cb12b81a2f155555378fe1a11d6e0dfd944229
tcn,clean_only,17,bandpass_n20002_cLA_covariance_s5,phase2/results/predictions/full/clean_only/tcn/seed_17/bandpass_n20002_cLA_covariance_s5.npz,76108,b559e911f14276cbb710af8fd36d39da6c75fc73b85e526994e7d7808b5ce404
tcn,clean_only,17,bandpass_n20002_cLA_covariance_s0,phase2/results/predictions/full/clean_only/tcn/seed_17/bandpass_n20002_cLA_covariance_s0.npz,75727,72e5e2ff8bd01e737cd44b2a5cc984e0e6b3fafd23a59fff62a7486318894250
tcn,clean_only,17,bandpass_n20002_cLL_independent_rms_s20,phase2/results/predictions/full/clean_only/tcn/seed_17/bandpass_n20002_cLL_independent_rms_s20.npz,76445,d5aa9b9a3619af6b67d3ce7c8f691ac23848ccc4a7176ea68336ca601d7b0faf
tcn,clean_only,17,bandpass_n20002_cLL_independent_rms_s15,phase2/results/predictions/full/clean_only/tcn/seed_17/bandpass_n20002_cLL_independent_rms_s15.npz,76440,11e57e63f03380eff9093a132df260a877643bfa39f60279f09714351aac8086
tcn,clean_only,17,bandpass_n20002_cLL_independent_rms_s10,phase2/results/predictions/full/clean_only/tcn/seed_17/bandpass_n20002_cLL_independent_rms_s10.npz,76341,df2c7a603d9a50e892eb028e507afff43d5ce748e4fd20d575ce565082bf55d5
tcn,clean_only,17,bandpass_n20002_cLL_independent_rms_s5,phase2/results/predictions/full/clean_only/tcn/seed_17/bandpass_n20002_cLL_independent_rms_s5.npz,76177,fa1f04b066a5b660a9bd76ea63d727400d44b243f9ff8c8584634aefa64e1876
tcn,clean_only,17,bandpass_n20002_cLL_independent_rms_s0,phase2/results/predictions/full/clean_only/tcn/seed_17/bandpass_n20002_cLL_independent_rms_s0.npz,75720,7cd676eede3ef74bf1e53f2a1841c49d71cee0450107d02824b73ecac9bf4eaa
tcn,clean_only,17,bandpass_n20002_cLL_electrode_s20,phase2/results/predictions/full/clean_only/tcn/seed_17/bandpass_n20002_cLL_electrode_s20.npz,76428,4dd80ca7c3279994b54164ccc69b18e5e3dd6ac89375bafc5ed3dbb491c8e310
tcn,clean_only,17,bandpass_n20002_cLL_electrode_s15,phase2/results/predictions/full/clean_only/tcn/seed_17/bandpass_n20002_cLL_electrode_s15.npz,76403,592aaff8726c62d7fc471a6d1601d224e5d12ce343c5cb38c021be32fdacf754
tcn,clean_only,17,bandpass_n20002_cLL_electrode_s10,phase2/results/predictions/full/clean_only/tcn/seed_17/bandpass_n20002_cLL_electrode_s10.npz,76311,0d40dafa2d0eccfa6bcd5c839f6b64aa6fdae761249cfdfc06c71f1340b7bcb9
tcn,clean_only,17,bandpass_n20002_cLL_electrode_s5,phase2/results/predictions/full/clean_only/tcn/seed_17/bandpass_n20002_cLL_electrode_s5.npz,76092,f53ed3da55838e1fcb6248e6f5eff2f39e9cfc57c966d915719c45be380fafb3
tcn,clean_only,17,bandpass_n20002_cLL_electrode_s0,phase2/results/predictions/full/clean_only/tcn/seed_17/bandpass_n20002_cLL_electrode_s0.npz,75709,1bfc7903b301d3158b2e750a17daddedd45b859d28414a0650eb4e41cbdeed35
tcn,clean_only,17,bandpass_n20002_cLL_covariance_s20,phase2/results/predictions/full/clean_only/tcn/seed_17/bandpass_n20002_cLL_covariance_s20.npz,76440,2300b6a200ca001b021c4cf32943b6508a10d8646d537f29c419cfbc79cfb0f1
tcn,clean_only,17,bandpass_n20002_cLL_covariance_s15,phase2/results/predictions/full/clean_only/tcn/seed_17/bandpass_n20002_cLL_covariance_s15.npz,76428,2adf52ad4f6b2e4ba768b1f23b8353f5e1bdb283cedeb8863c66034fabcb950a
tcn,clean_only,17,bandpass_n20002_cLL_covariance_s10,phase2/results/predictions/full/clean_only/tcn/seed_17/bandpass_n20002_cLL_covariance_s10.npz,76353,2c64075e1d1eeca81da234eb04366981c14f85b420e2e78965f5f8ef22247447
tcn,clean_only,17,bandpass_n20002_cLL_covariance_s5,phase2/results/predictions/full/clean_only/tcn/seed_17/bandpass_n20002_cLL_covariance_s5.npz,76089,730e0a92b81213bf02df5366a315d237a4e26de23d2fc1d87ef95146412d8b4d
tcn,clean_only,17,bandpass_n20002_cLL_covariance_s0,phase2/results/predictions/full/clean_only/tcn/seed_17/bandpass_n20002_cLL_covariance_s0.npz,75727,1fe974d366d67b1df17613ca672fb1962d63e675b46bfcb90cb3ad943b09cad8
tcn,clean_only,17,bandpass_n20002_cRA_V1_independent_rms_s20,phase2/results/predictions/full/clean_only/tcn/seed_17/bandpass_n20002_cRA_V1_independent_rms_s20.npz,76477,da9fcbd16431481a1a62e4d6927ad052849d07b5cef96d42e47a66fc4d43d5bb
tcn,clean_only,17,bandpass_n20002_cRA_V1_independent_rms_s15,phase2/results/predictions/full/clean_only/tcn/seed_17/bandpass_n20002_cRA_V1_independent_rms_s15.npz,76447,827d9a411ef1a644739d5f5c1618ac9330e7e1e0fdba630b07d3d98f071bf1c5
tcn,clean_only,17,bandpass_n20002_cRA_V1_independent_rms_s10,phase2/results/predictions/full/clean_only/tcn/seed_17/bandpass_n20002_cRA_V1_independent_rms_s10.npz,76394,2a0c85cf18ae9156c5fb5e2f638e26d837ddd2a1505ae5d898c8ce17648014b0
tcn,clean_only,17,bandpass_n20002_cRA_V1_independent_rms_s5,phase2/results/predictions/full/clean_only/tcn/seed_17/bandpass_n20002_cRA_V1_independent_rms_s5.npz,76218,cfb96e6b5384cd23a8326cc082ee80b2c9bfe13cbad262e8f0602338ce38fd2e
tcn,clean_only,17,bandpass_n20002_cRA_V1_independent_rms_s0,phase2/results/predictions/full/clean_only/tcn/seed_17/bandpass_n20002_cRA_V1_independent_rms_s0.npz,75775,c6b079cfacef3742555a197be99bf85010f6f2a279a4783b7b53cd7f30f0ec89
tcn,clean_only,17,bandpass_n20002_cRA_V1_electrode_s20,phase2/results/predictions/full/clean_only/tcn/seed_17/bandpass_n20002_cRA_V1_electrode_s20.npz,76454,7fe1c570742305575db4a04fc1484a63eaa2d91cb83a3c899affe88c0b6bbbce
tcn,clean_only,17,bandpass_n20002_cRA_V1_electrode_s15,phase2/results/predictions/full/clean_only/tcn/seed_17/bandpass_n20002_cRA_V1_electrode_s15.npz,76415,bd02aefce4739a252837114a99ef9ca7fc97448af0aec45c019d4997f0c1cde2
tcn,clean_only,17,bandpass_n20002_cRA_V1_electrode_s10,phase2/results/predictions/full/clean_only/tcn/seed_17/bandpass_n20002_cRA_V1_electrode_s10.npz,76331,fd934e20ceebac69c985ff3caa1855bfb0083cf8aa191622e12adf5630714501
tcn,clean_only,17,bandpass_n20002_cRA_V1_electrode_s5,phase2/results/predictions/full/clean_only/tcn/seed_17/bandpass_n20002_cRA_V1_electrode_s5.npz,76103,b1fa81862bc3575bf8238c2f98a8b63cfd70ea0801e487921dd67e409d867112
tcn,clean_only,17,bandpass_n20002_cRA_V1_electrode_s0,phase2/results/predictions/full/clean_only/tcn/seed_17/bandpass_n20002_cRA_V1_electrode_s0.npz,75689,430c39cc017b34e7f574082da6ec1af2b4f23edbb4c0d17a7cd35a1275bf741b
tcn,clean_only,17,bandpass_n20002_cRA_V1_covariance_s20,phase2/results/predictions/full/clean_only/tcn/seed_17/bandpass_n20002_cRA_V1_covariance_s20.npz,76445,a8c5204269fa0c1f6c4a79a6b4f6cf7841c643d58bedca88e6105ef4c75d5d98
tcn,clean_only,17,bandpass_n20002_cRA_V1_covariance_s15,phase2/results/predictions/full/clean_only/tcn/seed_17/bandpass_n20002_cRA_V1_covariance_s15.npz,76435,e5567a5fd3c016f0671b41ba5e706b64f765590b940246ee7951961363867807
tcn,clean_only,17,bandpass_n20002_cRA_V1_covariance_s10,phase2/results/predictions/full/clean_only/tcn/seed_17/bandpass_n20002_cRA_V1_covariance_s10.npz,76349,79901dd7fbf28840bf064660dfeb4af3182497285d4297deb657c7052ed7989a
tcn,clean_only,17,bandpass_n20002_cRA_V1_covariance_s5,phase2/results/predictions/full/clean_only/tcn/seed_17/bandpass_n20002_cRA_V1_covariance_s5.npz,76143,5388ae7166a5f6852742c9a56f89e67ec45afe5d9e1ca200e0331f3b42b155c5
tcn,clean_only,17,bandpass_n20002_cRA_V1_covariance_s0,phase2/results/predictions/full/clean_only/tcn/seed_17/bandpass_n20002_cRA_V1_covariance_s0.npz,75660,875c9461eae0f8194fc5a2c67f57cd3bf599351b47a053861ac703b2677f7ba5
tcn,clean_only,17,bandpass_n20002_cLA_V6_independent_rms_s20,phase2/results/predictions/full/clean_only/tcn/seed_17/bandpass_n20002_cLA_V6_independent_rms_s20.npz,76484,716b70b3ebc0562a8e97f6d6de8afbd61d3591328a80909a76dad7b6ba41f9d9
tcn,clean_only,17,bandpass_n20002_cLA_V6_independent_rms_s15,phase2/results/predictions/full/clean_only/tcn/seed_17/bandpass_n20002_cLA_V6_independent_rms_s15.npz,76464,6c0ddd3a69aaf60c48c82876e8cf0b4e50eba99912f6f2220756add732c755a9
tcn,clean_only,17,bandpass_n20002_cLA_V6_independent_rms_s10,phase2/results/predictions/full/clean_only/tcn/seed_17/bandpass_n20002_cLA_V6_independent_rms_s10.npz,76400,5e0593529e73f7919218de7f7205fb1ff22f80c8dc0458c4c5c4a9cd4b83992a
tcn,clean_only,17,bandpass_n20002_cLA_V6_independent_rms_s5,phase2/results/predictions/full/clean_only/tcn/seed_17/bandpass_n20002_cLA_V6_independent_rms_s5.npz,76303,1c9478ae80b8723801ebddd43250d4596e67e05955edd8b8133815072094cc04
tcn,clean_only,17,bandpass_n20002_cLA_V6_independent_rms_s0,phase2/results/predictions/full/clean_only/tcn/seed_17/bandpass_n20002_cLA_V6_independent_rms_s0.npz,75936,0d7d839fd22fb1508b6e3fb58a33e5570542d6e507bdcfee2b706bcbefd93876
tcn,clean_only,17,bandpass_n20002_cLA_V6_electrode_s20,phase2/results/predictions/full/clean_only/tcn/seed_17/bandpass_n20002_cLA_V6_electrode_s20.npz,76450,dfc7fb5551096d25e2e280322175416a6b32b50beef6f66e93633858d960588a
tcn,clean_only,17,bandpass_n20002_cLA_V6_electrode_s15,phase2/results/predictions/full/clean_only/tcn/seed_17/bandpass_n20002_cLA_V6_electrode_s15.npz,76430,1fa4819931e253ac0e0c4c8e356f12bccdc7e67d8c68bd1b5dca074f166d5776
tcn,clean_only,17,bandpass_n20002_cLA_V6_electrode_s10,phase2/results/predictions/full/clean_only/tcn/seed_17/bandpass_n20002_cLA_V6_electrode_s10.npz,76365,ef23826b10d54dd1de2084d0e7ee12677ab416efdc3e9dfb8b8fb2fea46bf320
tcn,clean_only,17,bandpass_n20002_cLA_V6_electrode_s5,phase2/results/predictions/full/clean_only/tcn/seed_17/bandpass_n20002_cLA_V6_electrode_s5.npz,76175,0b76dd2faabe63d1714546cf87843f75d745b7ead9487fcfd1a0b35de50919a2
tcn,clean_only,17,bandpass_n20002_cLA_V6_electrode_s0,phase2/results/predictions/full/clean_only/tcn/seed_17/bandpass_n20002_cLA_V6_electrode_s0.npz,75760,5bbb328efae8497c10404438aeef4ca54eeb223368acb293f4712866f84afe89
tcn,clean_only,17,bandpass_n20002_cLA_V6_covariance_s20,phase2/results/predictions/full/clean_only/tcn/seed_17/bandpass_n20002_cLA_V6_covariance_s20.npz,76443,180a973a1b842de363eff9a0cfc7f184ed835500b94e4256f8621c5c2940ae31
tcn,clean_only,17,bandpass_n20002_cLA_V6_covariance_s15,phase2/results/predictions/full/clean_only/tcn/seed_17/bandpass_n20002_cLA_V6_covariance_s15.npz,76457,78f877b32285327a589d202b013a865eba27fcd2ab4b5d987f63d5f90d5d0708
tcn,clean_only,17,bandpass_n20002_cLA_V6_covariance_s10,phase2/results/predictions/full/clean_only/tcn/seed_17/bandpass_n20002_cLA_V6_covariance_s10.npz,76371,748601feee6e349cd708fdb6b3c8a35a072afc6ba2c9a89f876d75c5cd112862
tcn,clean_only,17,bandpass_n20002_cLA_V6_covariance_s5,phase2/results/predictions/full/clean_only/tcn/seed_17/bandpass_n20002_cLA_V6_covariance_s5.npz,76129,0ab894d1d38adb9f4a8d469b650c644eeb74a9db5d033ed2a7eb60544a2c7215
tcn,clean_only,17,bandpass_n20002_cLA_V6_covariance_s0,phase2/results/predictions/full/clean_only/tcn/seed_17/bandpass_n20002_cLA_V6_covariance_s0.npz,75748,51e96c746d8ba98b72da85e58345657dac400140f80d200fc26146b21c0a9f14
tcn,clean_only,17,bandpass_n20002_cLL_V4_independent_rms_s20,phase2/results/predictions/full/clean_only/tcn/seed_17/bandpass_n20002_cLL_V4_independent_rms_s20.npz,76470,a89069bbcae07d8e5c4d6eb4b660e94d3da9b32dcace6906751bcf2416893d8d
tcn,clean_only,17,bandpass_n20002_cLL_V4_independent_rms_s15,phase2/results/predictions/full/clean_only/tcn/seed_17/bandpass_n20002_cLL_V4_independent_rms_s15.npz,76411,8b91ca66792c28c6ccd9461854494e198bd402e2c324410082d9228e5424f2fe
tcn,clean_only,17,bandpass_n20002_cLL_V4_independent_rms_s10,phase2/results/predictions/full/clean_only/tcn/seed_17/bandpass_n20002_cLL_V4_independent_rms_s10.npz,76366,e4de2cf66f0e3b8274a446ed27a9f276ce52b3d5549c8e140f65675bc4761d3d
tcn,clean_only,17,bandpass_n20002_cLL_V4_independent_rms_s5,phase2/results/predictions/full/clean_only/tcn/seed_17/bandpass_n20002_cLL_V4_independent_rms_s5.npz,76208,950adc9250de041ff8254d84352ee85b8d44c951801fe03329e86273fdfad22e
tcn,clean_only,17,bandpass_n20002_cLL_V4_independent_rms_s0,phase2/results/predictions/full/clean_only/tcn/seed_17/bandpass_n20002_cLL_V4_independent_rms_s0.npz,75809,165bdee0305d70c2bb5478bebf2fcca06fa3d6842aa5fa5f0d46b3f95666b565
tcn,clean_only,17,bandpass_n20002_cLL_V4_electrode_s20,phase2/results/predictions/full/clean_only/tcn/seed_17/bandpass_n20002_cLL_V4_electrode_s20.npz,76435,c93938dc1e5b2d927e56f3c702719b050f2e7bd7319f25dea26b118b43bad6d4
tcn,clean_only,17,bandpass_n20002_cLL_V4_electrode_s15,phase2/results/predictions/full/clean_only/tcn/seed_17/bandpass_n20002_cLL_V4_electrode_s15.npz,76416,344ed88d4c67a596fc4fcc461341105fc498f991404cc53ca191b79c924b5041
tcn,clean_only,17,bandpass_n20002_cLL_V4_electrode_s10,phase2/results/predictions/full/clean_only/tcn/seed_17/bandpass_n20002_cLL_V4_electrode_s10.npz,76373,4302f7dda18013bddc066ec8800b626ba505846741de483b963d03b07dcb7cbf
tcn,clean_only,17,bandpass_n20002_cLL_V4_electrode_s5,phase2/results/predictions/full/clean_only/tcn/seed_17/bandpass_n20002_cLL_V4_electrode_s5.npz,76197,7113f3ae3bc5047570f933a31feb2768f4dca35b95e910345bdf685c2b9716f6
tcn,clean_only,17,bandpass_n20002_cLL_V4_electrode_s0,phase2/results/predictions/full/clean_only/tcn/seed_17/bandpass_n20002_cLL_V4_electrode_s0.npz,75786,6d7bc8fef3ab5280beb087445a8f218abd5e7e79f28cbd3b983e7830b08c4332
tcn,clean_only,17,bandpass_n20002_cLL_V4_covariance_s20,phase2/results/predictions/full/clean_only/tcn/seed_17/bandpass_n20002_cLL_V4_covariance_s20.npz,76449,71e1e3498a5e6292cc838fefc2d50a723b1dafe1c5852bcfb88a71cc3ab3a208
tcn,clean_only,17,bandpass_n20002_cLL_V4_covariance_s15,phase2/results/predictions/full/clean_only/tcn/seed_17/bandpass_n20002_cLL_V4_covariance_s15.npz,76428,44677236d1aa8623033d9a793f190dc8bb904cc8a8bcd35aa4aa0cd8935cda52
tcn,clean_only,17,bandpass_n20002_cLL_V4_covariance_s10,phase2/results/predictions/full/clean_only/tcn/seed_17/bandpass_n20002_cLL_V4_covariance_s10.npz,76353,3ff8367b104c188d7224f93499db68afc42fae347e9526b9aed41f2e8aaa452d
tcn,clean_only,17,bandpass_n20002_cLL_V4_covariance_s5,phase2/results/predictions/full/clean_only/tcn/seed_17/bandpass_n20002_cLL_V4_covariance_s5.npz,76170,8bc0de16bf2009fec757dea26df1dda48b8d60efaa75ecf073fadd1b762d7a72
tcn,clean_only,17,bandpass_n20002_cLL_V4_covariance_s0,phase2/results/predictions/full/clean_only/tcn/seed_17/bandpass_n20002_cLL_V4_covariance_s0.npz,75795,b74758b9c11a8473bb3acb8b85e2f5658bd44f0beeb9fe9a545b91a2172e8eae
tcn,clean_only,17,bandpass_n20002_cRA_LA_V1_V6_independent_rms_s20,phase2/results/predictions/full/clean_only/tcn/seed_17/bandpass_n20002_cRA_LA_V1_V6_independent_rms_s20.npz,76517,6acabe585fe0924502c3126c6cd2cbfb8f1c5a345beed33283532dd83a8d7f77
tcn,clean_only,17,bandpass_n20002_cRA_LA_V1_V6_independent_rms_s15,phase2/results/predictions/full/clean_only/tcn/seed_17/bandpass_n20002_cRA_LA_V1_V6_independent_rms_s15.npz,76442,a2f4a1e874d301a814d3b0ce304944a4c96a78d4fca8f4bf2bbce872f682e91f
tcn,clean_only,17,bandpass_n20002_cRA_LA_V1_V6_independent_rms_s10,phase2/results/predictions/full/clean_only/tcn/seed_17/bandpass_n20002_cRA_LA_V1_V6_independent_rms_s10.npz,76396,f6bf7aa52087f861e1dfb9ccab9f46085451b61d5e2f33f1d187a41024b782e3
tcn,clean_only,17,bandpass_n20002_cRA_LA_V1_V6_independent_rms_s5,phase2/results/predictions/full/clean_only/tcn/seed_17/bandpass_n20002_cRA_LA_V1_V6_independent_rms_s5.npz,76238,4bb4beac4e581c1e0a92cd3a1e581d24b7e508a48a8feb20395f3f818c63ee06
tcn,clean_only,17,bandpass_n20002_cRA_LA_V1_V6_independent_rms_s0,phase2/results/predictions/full/clean_only/tcn/seed_17/bandpass_n20002_cRA_LA_V1_V6_independent_rms_s0.npz,75858,5c29650dfd04eace291eca5912888871c89c715bc52a6d9e54637c180d349704
tcn,clean_only,17,bandpass_n20002_cRA_LA_V1_V6_electrode_s20,phase2/results/predictions/full/clean_only/tcn/seed_17/bandpass_n20002_cRA_LA_V1_V6_electrode_s20.npz,76437,4f42a32a86b6b5ec3a080f67b79e5d7afa59b5f01e6a39f5d915386acc4997fd
tcn,clean_only,17,bandpass_n20002_cRA_LA_V1_V6_electrode_s15,phase2/results/predictions/full/clean_only/tcn/seed_17/bandpass_n20002_cRA_LA_V1_V6_electrode_s15.npz,76451,1e9c9142a7d5e1b409ff195a568d067946d327395ed0e4e6fc70cd05e5672b28
tcn,clean_only,17,bandpass_n20002_cRA_LA_V1_V6_electrode_s10,phase2/results/predictions/full/clean_only/tcn/seed_17/bandpass_n20002_cRA_LA_V1_V6_electrode_s10.npz,76340,7efe667da11e1c8ece996eec3c8a90489526eb3809db19d287156c1f5551aef2
tcn,clean_only,17,bandpass_n20002_cRA_LA_V1_V6_electrode_s5,phase2/results/predictions/full/clean_only/tcn/seed_17/bandpass_n20002_cRA_LA_V1_V6_electrode_s5.npz,76149,f98e8f528c484538bd8c77294d77df627c9f36155275b94ec8fa6a42fe9ccbe7
tcn,clean_only,17,bandpass_n20002_cRA_LA_V1_V6_electrode_s0,phase2/results/predictions/full/clean_only/tcn/seed_17/bandpass_n20002_cRA_LA_V1_V6_electrode_s0.npz,75610,7b9da421a8ba7d924fc9fda33b8e0ff1ebe20ce6e1a0e063b006d59cbb51ff11
tcn,clean_only,17,bandpass_n20002_cRA_LA_V1_V6_covariance_s20,phase2/results/predictions/full/clean_only/tcn/seed_17/bandpass_n20002_cRA_LA_V1_V6_covariance_s20.npz,76473,a643b6357d2f5ae0b2b7aebce47187438b0e6c663658460a1da6217584f2202a
tcn,clean_only,17,bandpass_n20002_cRA_LA_V1_V6_covariance_s15,phase2/results/predictions/full/clean_only/tcn/seed_17/bandpass_n20002_cRA_LA_V1_V6_covariance_s15.npz,76427,9e1f7d74b69de7c12bb07f5162dfe85137f078bd09cda6b2767d3b1f0e8ea5a6
tcn,clean_only,17,bandpass_n20002_cRA_LA_V1_V6_covariance_s10,phase2/results/predictions/full/clean_only/tcn/seed_17/bandpass_n20002_cRA_LA_V1_V6_covariance_s10.npz,76336,1102be9909f103dc8cbf4cd6384015cc2211304dffb408ba2a4515dc747fa5a8
tcn,clean_only,17,bandpass_n20002_cRA_LA_V1_V6_covariance_s5,phase2/results/predictions/full/clean_only/tcn/seed_17/bandpass_n20002_cRA_LA_V1_V6_covariance_s5.npz,76113,c97d646fcd6e3f42d56da2b909695a451ccfb27139f1fc7e5d23e1af5d1b45a7
tcn,clean_only,17,bandpass_n20002_cRA_LA_V1_V6_covariance_s0,phase2/results/predictions/full/clean_only/tcn/seed_17/bandpass_n20002_cRA_LA_V1_V6_covariance_s0.npz,75613,dcea4348c0f8b9b745a27bcffae7d4a18ba4c477b4323b8f29f20037cd70fe09
tcn,clean_only,17,bandpass_n20002_cRA_V2_V5_independent_rms_s20,phase2/results/predictions/full/clean_only/tcn/seed_17/bandpass_n20002_cRA_V2_V5_independent_rms_s20.npz,76469,b937137950d738884df3575b4574bd0bf4833767049969ca0d0241d3e97abe33
tcn,clean_only,17,bandpass_n20002_cRA_V2_V5_independent_rms_s15,phase2/results/predictions/full/clean_only/tcn/seed_17/bandpass_n20002_cRA_V2_V5_independent_rms_s15.npz,76482,5a50cc0cf7bf4c8dbd947a5f435a6e4898565720817bbc54034324cb53e6eb99
tcn,clean_only,17,bandpass_n20002_cRA_V2_V5_independent_rms_s10,phase2/results/predictions/full/clean_only/tcn/seed_17/bandpass_n20002_cRA_V2_V5_independent_rms_s10.npz,76393,e3c6c1dff9c9099bb4bb0b9274188bdb144cb409007cccb9c63aab84af526a3e
tcn,clean_only,17,bandpass_n20002_cRA_V2_V5_independent_rms_s5,phase2/results/predictions/full/clean_only/tcn/seed_17/bandpass_n20002_cRA_V2_V5_independent_rms_s5.npz,76241,02a026ffd8ac812ffd52a5042598f6866f809cc7101f9393f72f5e0661c0cdaa
tcn,clean_only,17,bandpass_n20002_cRA_V2_V5_independent_rms_s0,phase2/results/predictions/full/clean_only/tcn/seed_17/bandpass_n20002_cRA_V2_V5_independent_rms_s0.npz,75810,339657302817576c4c9c258e0d56b4c12afc926185f92211ea6038d8165c605f
tcn,clean_only,17,bandpass_n20002_cRA_V2_V5_electrode_s20,phase2/results/predictions/full/clean_only/tcn/seed_17/bandpass_n20002_cRA_V2_V5_electrode_s20.npz,76466,52cc7c5b8299176bc760d452f039acef2c9806168826d5007eac2b11e58b26c4
tcn,clean_only,17,bandpass_n20002_cRA_V2_V5_electrode_s15,phase2/results/predictions/full/clean_only/tcn/seed_17/bandpass_n20002_cRA_V2_V5_electrode_s15.npz,76455,38a4907bdabdea89d8c58327a2749236c63eaa785f75887a305b1abc6495cf01
tcn,clean_only,17,bandpass_n20002_cRA_V2_V5_electrode_s10,phase2/results/predictions/full/clean_only/tcn/seed_17/bandpass_n20002_cRA_V2_V5_electrode_s10.npz,76350,4c9ea6976cc294771ab6c1ebf9e982f4fdae5c77c8b25b1fef1ede131c566f9e
tcn,clean_only,17,bandpass_n20002_cRA_V2_V5_electrode_s5,phase2/results/predictions/full/clean_only/tcn/seed_17/bandpass_n20002_cRA_V2_V5_electrode_s5.npz,76137,a3f8f80b09978e528760f8ff351d1bfd9b577ba235fc83377e1026113c06d88f
tcn,clean_only,17,bandpass_n20002_cRA_V2_V5_electrode_s0,phase2/results/predictions/full/clean_only/tcn/seed_17/bandpass_n20002_cRA_V2_V5_electrode_s0.npz,75731,4bbac500264f25e805f6449a3fa695683ed3897574064785dd6a8dae679a97a7
tcn,clean_only,17,bandpass_n20002_cRA_V2_V5_covariance_s20,phase2/results/predictions/full/clean_only/tcn/seed_17/bandpass_n20002_cRA_V2_V5_covariance_s20.npz,76487,5a9c6c1c1846a3d5b7e39e5345404ba8b31f81a002540e5a29a22e727af280ec
tcn,clean_only,17,bandpass_n20002_cRA_V2_V5_covariance_s15,phase2/results/predictions/full/clean_only/tcn/seed_17/bandpass_n20002_cRA_V2_V5_covariance_s15.npz,76438,82cc91311b1479e49b569e81af335cec28b7465c3de4859d9b579b8a0e6c2fa7
tcn,clean_only,17,bandpass_n20002_cRA_V2_V5_covariance_s10,phase2/results/predictions/full/clean_only/tcn/seed_17/bandpass_n20002_cRA_V2_V5_covariance_s10.npz,76371,b60b52c0f249dfb347ee9de9e0023475977abf223778995c832596568d19e777
tcn,clean_only,17,bandpass_n20002_cRA_V2_V5_covariance_s5,phase2/results/predictions/full/clean_only/tcn/seed_17/bandpass_n20002_cRA_V2_V5_covariance_s5.npz,76170,5ca4881e921508d3f7161f463aac102d0b5e6614b6492cde24e89d106ec1515d
tcn,clean_only,17,bandpass_n20002_cRA_V2_V5_covariance_s0,phase2/results/predictions/full/clean_only/tcn/seed_17/bandpass_n20002_cRA_V2_V5_covariance_s0.npz,75698,5229ca352b0f077baa7477fcedb041242e5620e8ed34ece086ce9e55e0fcb072
tcn,clean_only,17,bandpass_n20002_cLA_V3_V6_independent_rms_s20,phase2/results/predictions/full/clean_only/tcn/seed_17/bandpass_n20002_cLA_V3_V6_independent_rms_s20.npz,76478,786c64e514eb0691c0eccba7d7400b9d48c13a83bb4ecc0b5daf8960c8620442
tcn,clean_only,17,bandpass_n20002_cLA_V3_V6_independent_rms_s15,phase2/results/predictions/full/clean_only/tcn/seed_17/bandpass_n20002_cLA_V3_V6_independent_rms_s15.npz,76454,1a986d0a0fc6123334c16f1e85d8cf452c3256bbcac7e1fcb762be7843a47350
tcn,clean_only,17,bandpass_n20002_cLA_V3_V6_independent_rms_s10,phase2/results/predictions/full/clean_only/tcn/seed_17/bandpass_n20002_cLA_V3_V6_independent_rms_s10.npz,76412,4ec88119044ab4ca34d09087764b2764f0fef99cd2e24c7a4f510a11ad11fa0c
tcn,clean_only,17,bandpass_n20002_cLA_V3_V6_independent_rms_s5,phase2/results/predictions/full/clean_only/tcn/seed_17/bandpass_n20002_cLA_V3_V6_independent_rms_s5.npz,76282,57db47da94f1ee3d8cdd88635157c285a35622e3f3338eb3be1484aecb77ea9d
tcn,clean_only,17,bandpass_n20002_cLA_V3_V6_independent_rms_s0,phase2/results/predictions/full/clean_only/tcn/seed_17/bandpass_n20002_cLA_V3_V6_independent_rms_s0.npz,75930,53b7747fb929a180673ce8fe80a233b7883f3b2d202c712b8051409ed58d4c88
tcn,clean_only,17,bandpass_n20002_cLA_V3_V6_electrode_s20,phase2/results/predictions/full/clean_only/tcn/seed_17/bandpass_n20002_cLA_V3_V6_electrode_s20.npz,76458,4d89a7cdae208f48e53ed6fc3f9f6ebbb6c73ae943893081e5341bc371b8ceec
tcn,clean_only,17,bandpass_n20002_cLA_V3_V6_electrode_s15,phase2/results/predictions/full/clean_only/tcn/seed_17/bandpass_n20002_cLA_V3_V6_electrode_s15.npz,76451,319cb88166c67bd933675d42992fe19a1a52322ce256aca7c62c12f74f13c454
tcn,clean_only,17,bandpass_n20002_cLA_V3_V6_electrode_s10,phase2/results/predictions/full/clean_only/tcn/seed_17/bandpass_n20002_cLA_V3_V6_electrode_s10.npz,76359,de72f86c14d53c9b30ddcde9ee51165e07c57df062e5a3aa93b2449810d3594d
tcn,clean_only,17,bandpass_n20002_cLA_V3_V6_electrode_s5,phase2/results/predictions/full/clean_only/tcn/seed_17/bandpass_n20002_cLA_V3_V6_electrode_s5.npz,76147,4b007de9ab5064547df8d7b20610c18fa1c8066841029d13e79f39c565a0e35a
tcn,clean_only,17,bandpass_n20002_cLA_V3_V6_electrode_s0,phase2/results/predictions/full/clean_only/tcn/seed_17/bandpass_n20002_cLA_V3_V6_electrode_s0.npz,75771,f327816bb359d8569fcee6dfbd3a0d4257897dbfe3e90b80cda8dfc9543e1e3a
tcn,clean_only,17,bandpass_n20002_cLA_V3_V6_covariance_s20,phase2/results/predictions/full/clean_only/tcn/seed_17/bandpass_n20002_cLA_V3_V6_covariance_s20.npz,76494,a2721c2c64065adaa8867ef421d4007e65ba6a4708a1a0298fa6412f4648a5a5
tcn,clean_only,17,bandpass_n20002_cLA_V3_V6_covariance_s15,phase2/results/predictions/full/clean_only/tcn/seed_17/bandpass_n20002_cLA_V3_V6_covariance_s15.npz,76456,64391c00c545ce0d5982952250d0e884a1203835f28e3c02d50268825691e73d
tcn,clean_only,17,bandpass_n20002_cLA_V3_V6_covariance_s10,phase2/results/predictions/full/clean_only/tcn/seed_17/bandpass_n20002_cLA_V3_V6_covariance_s10.npz,76365,588dd169cacc7fdb513d158b16d098682d4422455c156f01f4bf66d7d9ae6cfd
tcn,clean_only,17,bandpass_n20002_cLA_V3_V6_covariance_s5,phase2/results/predictions/full/clean_only/tcn/seed_17/bandpass_n20002_cLA_V3_V6_covariance_s5.npz,76148,e3bf1982d39544c007656e50400d3cb8bb0cae86f97730250bc963fc288d9a01
tcn,clean_only,17,bandpass_n20002_cLA_V3_V6_covariance_s0,phase2/results/predictions/full/clean_only/tcn/seed_17/bandpass_n20002_cLA_V3_V6_covariance_s0.npz,75751,c58ee942665a2882021e6f4f039089b087b81995461a9aecd65c90e5e18d4d25
tcn,clean_only,17,bandpass_n20002_cLL_V1_V4_independent_rms_s20,phase2/results/predictions/full/clean_only/tcn/seed_17/bandpass_n20002_cLL_V1_V4_independent_rms_s20.npz,76467,f6fd2b2536f9b5c941fb2b9a2900ee3ed47668af31bda81628b9e245483633a8
tcn,clean_only,17,bandpass_n20002_cLL_V1_V4_independent_rms_s15,phase2/results/predictions/full/clean_only/tcn/seed_17/bandpass_n20002_cLL_V1_V4_independent_rms_s15.npz,76438,b959b6ad8ab2ac27cd55819e81532f8400e7f80adf4cdebae5fb2f4499336140
tcn,clean_only,17,bandpass_n20002_cLL_V1_V4_independent_rms_s10,phase2/results/predictions/full/clean_only/tcn/seed_17/bandpass_n20002_cLL_V1_V4_independent_rms_s10.npz,76392,6970cb9819d548dba77e2b6a40fd44b0a654d8d63b579aae6a0692ea6d083ba9
tcn,clean_only,17,bandpass_n20002_cLL_V1_V4_independent_rms_s5,phase2/results/predictions/full/clean_only/tcn/seed_17/bandpass_n20002_cLL_V1_V4_independent_rms_s5.npz,76225,9b5c9fb409bccfa3307bba6cd9f8d01a85b397d7925d3e1e52a1d87420a1990f
tcn,clean_only,17,bandpass_n20002_cLL_V1_V4_independent_rms_s0,phase2/results/predictions/full/clean_only/tcn/seed_17/bandpass_n20002_cLL_V1_V4_independent_rms_s0.npz,75870,4928b775b9789734a1346aa92cc58af7bec39495bb66dc8292bc0a21a362786b
tcn,clean_only,17,bandpass_n20002_cLL_V1_V4_electrode_s20,phase2/results/predictions/full/clean_only/tcn/seed_17/bandpass_n20002_cLL_V1_V4_electrode_s20.npz,76457,b0a5334761708a44c9cdca82e74a50421ae8274fa7b236cae07e70c7ea319aa5
tcn,clean_only,17,bandpass_n20002_cLL_V1_V4_electrode_s15,phase2/results/predictions/full/clean_only/tcn/seed_17/bandpass_n20002_cLL_V1_V4_electrode_s15.npz,76417,c65812975e7f897d79fa7762c276755c626959779ba4b7bb2efbfa0dadefa6c9
tcn,clean_only,17,bandpass_n20002_cLL_V1_V4_electrode_s10,phase2/results/predictions/full/clean_only/tcn/seed_17/bandpass_n20002_cLL_V1_V4_electrode_s10.npz,76352,fbc19ce9255fc60867d0086cce779bccebe6443dcfc6048483b63ea74314a658
tcn,clean_only,17,bandpass_n20002_cLL_V1_V4_electrode_s5,phase2/results/predictions/full/clean_only/tcn/seed_17/bandpass_n20002_cLL_V1_V4_electrode_s5.npz,76185,0180f28c90eb191bf091b48c9e27a065b7e8cf39d13ae296836c03d523b26bc3
tcn,clean_only,17,bandpass_n20002_cLL_V1_V4_electrode_s0,phase2/results/predictions/full/clean_only/tcn/seed_17/bandpass_n20002_cLL_V1_V4_electrode_s0.npz,75808,29c33d1bf629dc5d1ad682a30e335118af00d3f7679ca55dfe261147f66e41a5
tcn,clean_only,17,bandpass_n20002_cLL_V1_V4_covariance_s20,phase2/results/predictions/full/clean_only/tcn/seed_17/bandpass_n20002_cLL_V1_V4_covariance_s20.npz,76483,82791e04bc5f4de1039951df59bf25e1315c5cb4d3ceb206af2a8255225541ec
tcn,clean_only,17,bandpass_n20002_cLL_V1_V4_covariance_s15,phase2/results/predictions/full/clean_only/tcn/seed_17/bandpass_n20002_cLL_V1_V4_covariance_s15.npz,76473,340eebac127fc88b37df55a13ec4cabc8bb6f52f84c1853f050a1653b3638966
tcn,clean_only,17,bandpass_n20002_cLL_V1_V4_covariance_s10,phase2/results/predictions/full/clean_only/tcn/seed_17/bandpass_n20002_cLL_V1_V4_covariance_s10.npz,76351,6361cbd4bf3cd8b752a9e38355cccda216bfa81e23de181c0735772b8bcb64dd
tcn,clean_only,17,bandpass_n20002_cLL_V1_V4_covariance_s5,phase2/results/predictions/full/clean_only/tcn/seed_17/bandpass_n20002_cLL_V1_V4_covariance_s5.npz,76158,02b67706d80fe0606fbd367a9fda4878ee1eb0fb344e3e8ddc5b30efbc6a242a
tcn,clean_only,17,bandpass_n20002_cLL_V1_V4_covariance_s0,phase2/results/predictions/full/clean_only/tcn/seed_17/bandpass_n20002_cLL_V1_V4_covariance_s0.npz,75810,dbc0613555326e2f30f7e02064198e8844cf7cac3e51cb9d234ee981f105ed28
tcn,clean_only,17,bandpass_n20002_call_independent_rms_s20,phase2/results/predictions/full/clean_only/tcn/seed_17/bandpass_n20002_call_independent_rms_s20.npz,76449,4b0bd143c80c06841fe41c131ada926fe404d209402d76af535fddc6df70817d
tcn,clean_only,17,bandpass_n20002_call_independent_rms_s15,phase2/results/predictions/full/clean_only/tcn/seed_17/bandpass_n20002_call_independent_rms_s15.npz,76430,9e9afeb5d7100e008f6e6a815b97011673817de1a7b548455b238d4f9eb82907
tcn,clean_only,17,bandpass_n20002_call_independent_rms_s10,phase2/results/predictions/full/clean_only/tcn/seed_17/bandpass_n20002_call_independent_rms_s10.npz,76357,94b09676c1e0ba82cfa3f37821fcf9fceed839a1631c7b6828c6bdd848375ec9
tcn,clean_only,17,bandpass_n20002_call_independent_rms_s5,phase2/results/predictions/full/clean_only/tcn/seed_17/bandpass_n20002_call_independent_rms_s5.npz,76211,d51e819412d95cb18e2a9ee8e9eac0608c516724259c0d20636654c5ff263a7a
tcn,clean_only,17,bandpass_n20002_call_independent_rms_s0,phase2/results/predictions/full/clean_only/tcn/seed_17/bandpass_n20002_call_independent_rms_s0.npz,75790,c8e0628eda88e1f5d48e13473fa45fcec4f00109eaf031f2ed45d5102c19b929
tcn,clean_only,17,bandpass_n20002_call_electrode_s20,phase2/results/predictions/full/clean_only/tcn/seed_17/bandpass_n20002_call_electrode_s20.npz,76449,e9d469a6b64c8232b936a2c9713da91f22643c3b9bb7a52c9f125d393bb71d06
tcn,clean_only,17,bandpass_n20002_call_electrode_s15,phase2/results/predictions/full/clean_only/tcn/seed_17/bandpass_n20002_call_electrode_s15.npz,76411,2ac4594a82a05fd4f50b9f55f53ab0324ef5c228358197e456786fbbe6abfc24
tcn,clean_only,17,bandpass_n20002_call_electrode_s10,phase2/results/predictions/full/clean_only/tcn/seed_17/bandpass_n20002_call_electrode_s10.npz,76314,e67b2a1ac7889e6591f94bac4db0dd89dcd04c9f7e5e2a642362560075e1643b
tcn,clean_only,17,bandpass_n20002_call_electrode_s5,phase2/results/predictions/full/clean_only/tcn/seed_17/bandpass_n20002_call_electrode_s5.npz,76121,aa39fbfc3c9fd46b63d176f7b5dcfe43e7c76af6bdf3cd367b0a37ec28b9a97b
tcn,clean_only,17,bandpass_n20002_call_electrode_s0,phase2/results/predictions/full/clean_only/tcn/seed_17/bandpass_n20002_call_electrode_s0.npz,75684,5a1ff033202429db2d7007df083c599e17c14a8fafd0b0eb7adf2e64b0839587
tcn,clean_only,17,bandpass_n20002_call_covariance_s20,phase2/results/predictions/full/clean_only/tcn/seed_17/bandpass_n20002_call_covariance_s20.npz,76416,fbf1c0503aaa46e6215958102f46790e8ba4306d97ba2f6d8218fa595f1b740f
tcn,clean_only,17,bandpass_n20002_call_covariance_s15,phase2/results/predictions/full/clean_only/tcn/seed_17/bandpass_n20002_call_covariance_s15.npz,76397,d7aad6bf75e5a6fd6badf87f948edfc32cb21bd148c96663001185966ca31d8e
tcn,clean_only,17,bandpass_n20002_call_covariance_s10,phase2/results/predictions/full/clean_only/tcn/seed_17/bandpass_n20002_call_covariance_s10.npz,76328,36774c98ab19cea7935e05113c41e2ecaa4339fb0944d5786dd1d735b6c39679
tcn,clean_only,17,bandpass_n20002_call_covariance_s5,phase2/results/predictions/full/clean_only/tcn/seed_17/bandpass_n20002_call_covariance_s5.npz,76121,4b77cf9baeffa2b8a787fd46e3b8f2c75a8c3ff58b7e94042bf29a7fd2e21887
tcn,clean_only,17,bandpass_n20002_call_covariance_s0,phase2/results/predictions/full/clean_only/tcn/seed_17/bandpass_n20002_call_covariance_s0.npz,75631,e4a0363530584b99ba746f4036b4920b42c5f2a5c86f005f761638039d7ec4db
tcn,clean_only,17,bandpass_n20003_cRA_LA_LL_independent_rms_s20,phase2/results/predictions/full/clean_only/tcn/seed_17/bandpass_n20003_cRA_LA_LL_independent_rms_s20.npz,76463,5bc959b86e9c7f018862fc6dbdf906a9cbfc60530e0080f3c2766596b50b1a06
tcn,clean_only,17,bandpass_n20003_cRA_LA_LL_independent_rms_s15,phase2/results/predictions/full/clean_only/tcn/seed_17/bandpass_n20003_cRA_LA_LL_independent_rms_s15.npz,76449,b3f9fb923d5f3122a64ce2c54d31c1c29499215f2336d7e57980ed8f14cfe090
tcn,clean_only,17,bandpass_n20003_cRA_LA_LL_independent_rms_s10,phase2/results/predictions/full/clean_only/tcn/seed_17/bandpass_n20003_cRA_LA_LL_independent_rms_s10.npz,76380,2500cfc26b99e943e0c9f93e5a3312b1d5f51138927581dd59aedd137f8fa3c3
tcn,clean_only,17,bandpass_n20003_cRA_LA_LL_independent_rms_s5,phase2/results/predictions/full/clean_only/tcn/seed_17/bandpass_n20003_cRA_LA_LL_independent_rms_s5.npz,76212,ec238a1ed7e9514fcfdbb85bf7051a850e9771030f8e6cf2c2854a9d069a24fd
tcn,clean_only,17,bandpass_n20003_cRA_LA_LL_independent_rms_s0,phase2/results/predictions/full/clean_only/tcn/seed_17/bandpass_n20003_cRA_LA_LL_independent_rms_s0.npz,75783,99353851f3643ab90450de3bd3cd5d0488c87bd039e0451b00103197dc4f669a
tcn,clean_only,17,bandpass_n20003_cRA_LA_LL_electrode_s20,phase2/results/predictions/full/clean_only/tcn/seed_17/bandpass_n20003_cRA_LA_LL_electrode_s20.npz,76447,61bfcc7473f573676792cb143ea146a99407da9033b90eba848e7b066807c34a
tcn,clean_only,17,bandpass_n20003_cRA_LA_LL_electrode_s15,phase2/results/predictions/full/clean_only/tcn/seed_17/bandpass_n20003_cRA_LA_LL_electrode_s15.npz,76449,6bc23cf5e2bea3faa046c91c1ed172d2e974cb9c40159bc5888c2cb62e0355ff
tcn,clean_only,17,bandpass_n20003_cRA_LA_LL_electrode_s10,phase2/results/predictions/full/clean_only/tcn/seed_17/bandpass_n20003_cRA_LA_LL_electrode_s10.npz,76274,689bfb4a303c4700fe4c9ef9b90f6c071664175e4211bf006930dfe2204fd189
tcn,clean_only,17,bandpass_n20003_cRA_LA_LL_electrode_s5,phase2/results/predictions/full/clean_only/tcn/seed_17/bandpass_n20003_cRA_LA_LL_electrode_s5.npz,76082,49ca2933dae0d0a77fa85e4c911100b26729587e69ad3805313e5fe6340b16ac
tcn,clean_only,17,bandpass_n20003_cRA_LA_LL_electrode_s0,phase2/results/predictions/full/clean_only/tcn/seed_17/bandpass_n20003_cRA_LA_LL_electrode_s0.npz,75597,d4d67aa5bec976ab856f13e36bad0b9271199b7c5e720599872545daa2c9c6b4
tcn,clean_only,17,bandpass_n20003_cRA_LA_LL_covariance_s20,phase2/results/predictions/full/clean_only/tcn/seed_17/bandpass_n20003_cRA_LA_LL_covariance_s20.npz,76478,2f186cfb0a16c4dd3c242b4b8f7882526d77de680b74de20bb85940acd4a953d
tcn,clean_only,17,bandpass_n20003_cRA_LA_LL_covariance_s15,phase2/results/predictions/full/clean_only/tcn/seed_17/bandpass_n20003_cRA_LA_LL_covariance_s15.npz,76441,93b647c9b357501be7c5c176cd73cadedb6be48ff1f4c95030d819bfedad0caa
tcn,clean_only,17,bandpass_n20003_cRA_LA_LL_covariance_s10,phase2/results/predictions/full/clean_only/tcn/seed_17/bandpass_n20003_cRA_LA_LL_covariance_s10.npz,76306,05b146df248e3f1a3780d388198b23840042a500347dd2af006bf3f8b542d373
tcn,clean_only,17,bandpass_n20003_cRA_LA_LL_covariance_s5,phase2/results/predictions/full/clean_only/tcn/seed_17/bandpass_n20003_cRA_LA_LL_covariance_s5.npz,76082,10d447494cf17b14689f542351569097e22c038d052859517023b9cec9f79607
tcn,clean_only,17,bandpass_n20003_cRA_LA_LL_covariance_s0,phase2/results/predictions/full/clean_only/tcn/seed_17/bandpass_n20003_cRA_LA_LL_covariance_s0.npz,75636,4a1ebb1b866ed9c91e0dc7d73cbf758e4c5e9f02df67a060068b3699ba454b8e
tcn,clean_only,17,bandpass_n20003_cV1_independent_rms_s20,phase2/results/predictions/full/clean_only/tcn/seed_17/bandpass_n20003_cV1_independent_rms_s20.npz,76453,70e6f929c46018cc5f14165f64c455c56fc7787338d3f8a59d64b6886c83a4e3
tcn,clean_only,17,bandpass_n20003_cV1_independent_rms_s15,phase2/results/predictions/full/clean_only/tcn/seed_17/bandpass_n20003_cV1_independent_rms_s15.npz,76413,b655445dbd4f72de648574242f6db02f4b7c73f48f5095059401c437ef4724ac
tcn,clean_only,17,bandpass_n20003_cV1_independent_rms_s10,phase2/results/predictions/full/clean_only/tcn/seed_17/bandpass_n20003_cV1_independent_rms_s10.npz,76368,6bf413585e8fb53865f6e9206e9ca1c4aaf0dc8d9be4ab38ea043f510691800a
tcn,clean_only,17,bandpass_n20003_cV1_independent_rms_s5,phase2/results/predictions/full/clean_only/tcn/seed_17/bandpass_n20003_cV1_independent_rms_s5.npz,76238,91a16c476db4e1cc3458fbea7a655929225f1792ae578eac80d9e5af72393f08
tcn,clean_only,17,bandpass_n20003_cV1_independent_rms_s0,phase2/results/predictions/full/clean_only/tcn/seed_17/bandpass_n20003_cV1_independent_rms_s0.npz,76018,d1f1c8537473e5b8123a00b1e57856bb591661e7d068b84ebdd8fc2b5abcb6a7
tcn,clean_only,17,bandpass_n20003_cV1_electrode_s20,phase2/results/predictions/full/clean_only/tcn/seed_17/bandpass_n20003_cV1_electrode_s20.npz,76431,bacb7ade03bdaef696f6208300cca3969f9ce4290c10f70a3053bad02c9d0650
tcn,clean_only,17,bandpass_n20003_cV1_electrode_s15,phase2/results/predictions/full/clean_only/tcn/seed_17/bandpass_n20003_cV1_electrode_s15.npz,76422,17b84bd65901631f33a6f087ba3fe118af3bbdd264ce43a4baea2d8b653914d5
tcn,clean_only,17,bandpass_n20003_cV1_electrode_s10,phase2/results/predictions/full/clean_only/tcn/seed_17/bandpass_n20003_cV1_electrode_s10.npz,76391,502f905df074b89d32f6cd0f4575d9d1f8b3c8ce20f34aed29f27b0342b5af5c
tcn,clean_only,17,bandpass_n20003_cV1_electrode_s5,phase2/results/predictions/full/clean_only/tcn/seed_17/bandpass_n20003_cV1_electrode_s5.npz,76252,10304df0a3fdf504844db8f7d7e1844d2a6e97c5163ea16b714f4154c02b2501
tcn,clean_only,17,bandpass_n20003_cV1_electrode_s0,phase2/results/predictions/full/clean_only/tcn/seed_17/bandpass_n20003_cV1_electrode_s0.npz,75985,6ff8c0c7bd5c4d10da2ea14720497309e6b881285a245c160c68ef85eddffeb2
tcn,clean_only,17,bandpass_n20003_cV1_covariance_s20,phase2/results/predictions/full/clean_only/tcn/seed_17/bandpass_n20003_cV1_covariance_s20.npz,76467,c92ee1fbab4ef3efdab2465f4bee5fd4cc25c1667c20cff9530f004b5e3fe777
tcn,clean_only,17,bandpass_n20003_cV1_covariance_s15,phase2/results/predictions/full/clean_only/tcn/seed_17/bandpass_n20003_cV1_covariance_s15.npz,76377,9ed3f3f313d85778471969c65ed368ad84de8deaebf4c7dde3ed34e894f60d60
tcn,clean_only,17,bandpass_n20003_cV1_covariance_s10,phase2/results/predictions/full/clean_only/tcn/seed_17/bandpass_n20003_cV1_covariance_s10.npz,76375,22554872cb528e4e49034a220e01337561260c598f516e16bff7659fbe0295f3
tcn,clean_only,17,bandpass_n20003_cV1_covariance_s5,phase2/results/predictions/full/clean_only/tcn/seed_17/bandpass_n20003_cV1_covariance_s5.npz,76239,4254c920629b6305dc545d86a3f7a042628474a882747b0d6c0e54c0ac077464
tcn,clean_only,17,bandpass_n20003_cV1_covariance_s0,phase2/results/predictions/full/clean_only/tcn/seed_17/bandpass_n20003_cV1_covariance_s0.npz,75970,ff82ee6f226f321361801fe08358842ed87985e6f958cd865c50d205b3aae23b
tcn,clean_only,17,bandpass_n20003_cV2_independent_rms_s20,phase2/results/predictions/full/clean_only/tcn/seed_17/bandpass_n20003_cV2_independent_rms_s20.npz,76486,a1a24f262e3692609f709641e795902bc8a260c8afd89db2d189efc82f4c0655
tcn,clean_only,17,bandpass_n20003_cV2_independent_rms_s15,phase2/results/predictions/full/clean_only/tcn/seed_17/bandpass_n20003_cV2_independent_rms_s15.npz,76441,c57824ed18fbe597e3c29d7d5a7ddd4732ae56e9248b9b3a0142b2aed122e029
tcn,clean_only,17,bandpass_n20003_cV2_independent_rms_s10,phase2/results/predictions/full/clean_only/tcn/seed_17/bandpass_n20003_cV2_independent_rms_s10.npz,76384,25e1282e2ee48bead9e71f6591d28f802d769eb04fc4e2d63e8360186115e0bd
tcn,clean_only,17,bandpass_n20003_cV2_independent_rms_s5,phase2/results/predictions/full/clean_only/tcn/seed_17/bandpass_n20003_cV2_independent_rms_s5.npz,76285,cc178e0827628e35da291be1d1967dbade9532c185fd9c16239bbb42bb7ef0f0
tcn,clean_only,17,bandpass_n20003_cV2_independent_rms_s0,phase2/results/predictions/full/clean_only/tcn/seed_17/bandpass_n20003_cV2_independent_rms_s0.npz,75990,2e585ba2fc09653281b41b38f2d1122b29c293a19c2a8bcae6666b35e5de4a7e
tcn,clean_only,17,bandpass_n20003_cV2_electrode_s20,phase2/results/predictions/full/clean_only/tcn/seed_17/bandpass_n20003_cV2_electrode_s20.npz,76443,26a37eeb5da56d1c442bf98c3e41eb71d70be9af8eb9e341dab60efe912dfe09
tcn,clean_only,17,bandpass_n20003_cV2_electrode_s15,phase2/results/predictions/full/clean_only/tcn/seed_17/bandpass_n20003_cV2_electrode_s15.npz,76414,99f3814e980be9365b87b729577c4e0443f4d7716e6523ad1c54ddba8bdb71b0
tcn,clean_only,17,bandpass_n20003_cV2_electrode_s10,phase2/results/predictions/full/clean_only/tcn/seed_17/bandpass_n20003_cV2_electrode_s10.npz,76367,3200d162db239ff291350660a6955ee5fa4e388c809f9f88dd0b3ea8b8426c25
tcn,clean_only,17,bandpass_n20003_cV2_electrode_s5,phase2/results/predictions/full/clean_only/tcn/seed_17/bandpass_n20003_cV2_electrode_s5.npz,76304,71cf14a447bb4ea9b7f1052a9e314926660bc4b7f6fb82e362e659882b5bb3bc
tcn,clean_only,17,bandpass_n20003_cV2_electrode_s0,phase2/results/predictions/full/clean_only/tcn/seed_17/bandpass_n20003_cV2_electrode_s0.npz,76004,a1ca00d1cb659193ed990ba4bcea0c7ec88de4abd00a9ef681a30444c8619a7f
tcn,clean_only,17,bandpass_n20003_cV2_covariance_s20,phase2/results/predictions/full/clean_only/tcn/seed_17/bandpass_n20003_cV2_covariance_s20.npz,76446,e86f2165e472d18c3963cae8a07b5c8577c3de788d83f3b952e4c858642ddbc3
tcn,clean_only,17,bandpass_n20003_cV2_covariance_s15,phase2/results/predictions/full/clean_only/tcn/seed_17/bandpass_n20003_cV2_covariance_s15.npz,76436,233682922ce12f75cd4f7a436c9320cfab633a579fc9c8a77b4e6bdc5bb09f75
tcn,clean_only,17,bandpass_n20003_cV2_covariance_s10,phase2/results/predictions/full/clean_only/tcn/seed_17/bandpass_n20003_cV2_covariance_s10.npz,76391,771b6c674ac2d8545b1f6ebf5969ef7a71df8650742421b3e40c9f528a0a3bd1
tcn,clean_only,17,bandpass_n20003_cV2_covariance_s5,phase2/results/predictions/full/clean_only/tcn/seed_17/bandpass_n20003_cV2_covariance_s5.npz,76271,3c96fe0a14eaf1e066de6e7fdea145cc16f24b424eb1e00ee1c8aa35c0650a9e
tcn,clean_only,17,bandpass_n20003_cV2_covariance_s0,phase2/results/predictions/full/clean_only/tcn/seed_17/bandpass_n20003_cV2_covariance_s0.npz,75942,5c362eca18f7d2cdedc6282045e50ae4de8b81fd78740b747ff39b3b2dd9b328
tcn,clean_only,17,bandpass_n20003_cV3_independent_rms_s20,phase2/results/predictions/full/clean_only/tcn/seed_17/bandpass_n20003_cV3_independent_rms_s20.npz,76477,3146b0a19a037b26f3f7daa9ab7e0f32d2e55ed8c793fca79df351f23d078d8f
tcn,clean_only,17,bandpass_n20003_cV3_independent_rms_s15,phase2/results/predictions/full/clean_only/tcn/seed_17/bandpass_n20003_cV3_independent_rms_s15.npz,76459,336cd48cc67a237b7283940c2b7c7a7435f41f4070dda28a7c5183c2421fd7db
tcn,clean_only,17,bandpass_n20003_cV3_independent_rms_s10,phase2/results/predictions/full/clean_only/tcn/seed_17/bandpass_n20003_cV3_independent_rms_s10.npz,76406,e8006a7fe83f9da493154cb269d1c09e47638539983b3291de09a265867bf1c4
tcn,clean_only,17,bandpass_n20003_cV3_independent_rms_s5,phase2/results/predictions/full/clean_only/tcn/seed_17/bandpass_n20003_cV3_independent_rms_s5.npz,76288,5edacfcf13ce334af9d9392b2cf9dab042b9da23a05b13968d00a0ea604b8e6b
tcn,clean_only,17,bandpass_n20003_cV3_independent_rms_s0,phase2/results/predictions/full/clean_only/tcn/seed_17/bandpass_n20003_cV3_independent_rms_s0.npz,75968,e429149263a649693fe2c656f5590579c601976c0d61e217171852d291a9db05
tcn,clean_only,17,bandpass_n20003_cV3_electrode_s20,phase2/results/predictions/full/clean_only/tcn/seed_17/bandpass_n20003_cV3_electrode_s20.npz,76411,2a43ce78d92f3f7fe6c7aee2ac71e8b786aec4e2ca638a25c68a56cc4d40ec1a
tcn,clean_only,17,bandpass_n20003_cV3_electrode_s15,phase2/results/predictions/full/clean_only/tcn/seed_17/bandpass_n20003_cV3_electrode_s15.npz,76449,e6f56686538940be8a75fcba7fcda227623246f25f1f8db9d41299418b2d8918
tcn,clean_only,17,bandpass_n20003_cV3_electrode_s10,phase2/results/predictions/full/clean_only/tcn/seed_17/bandpass_n20003_cV3_electrode_s10.npz,76358,9693978d655d595564a7189f83494a68262206ac6e84479e32c1c81f8949343f
tcn,clean_only,17,bandpass_n20003_cV3_electrode_s5,phase2/results/predictions/full/clean_only/tcn/seed_17/bandpass_n20003_cV3_electrode_s5.npz,76234,d856930c2a0fb145506bad0f100a735af529ce7ab8e6a67f2e5f008dde7429af
tcn,clean_only,17,bandpass_n20003_cV3_electrode_s0,phase2/results/predictions/full/clean_only/tcn/seed_17/bandpass_n20003_cV3_electrode_s0.npz,75944,c503c90779febc91438748c12086ba479d51e2d4e96db24ceabea161703cca1f
tcn,clean_only,17,bandpass_n20003_cV3_covariance_s20,phase2/results/predictions/full/clean_only/tcn/seed_17/bandpass_n20003_cV3_covariance_s20.npz,76466,c636e62aecb46b48b652f4a3377b8f435b90e154c04278176c09edda71950fe8
tcn,clean_only,17,bandpass_n20003_cV3_covariance_s15,phase2/results/predictions/full/clean_only/tcn/seed_17/bandpass_n20003_cV3_covariance_s15.npz,76419,f3e534ab72e468c704212cf95b24b50e1266acbfa61d48313f1bc902d9022790
tcn,clean_only,17,bandpass_n20003_cV3_covariance_s10,phase2/results/predictions/full/clean_only/tcn/seed_17/bandpass_n20003_cV3_covariance_s10.npz,76408,f4d791ad92887ccb6fd1dfac4c9b9607383fe1c81a31fb3be2e26e83b6bfb763
tcn,clean_only,17,bandpass_n20003_cV3_covariance_s5,phase2/results/predictions/full/clean_only/tcn/seed_17/bandpass_n20003_cV3_covariance_s5.npz,76258,4f4f05a8fe9ea9c65de4d6b3e87faf1c0477ec8dfa6775cbbd866b7cf772b4f4
tcn,clean_only,17,bandpass_n20003_cV3_covariance_s0,phase2/results/predictions/full/clean_only/tcn/seed_17/bandpass_n20003_cV3_covariance_s0.npz,75918,3018b03529862d46b3ebaed8ba17edaac8ed9c52c225e54f2d8e9430b1a381c7
tcn,clean_only,17,bandpass_n20003_cV4_independent_rms_s20,phase2/results/predictions/full/clean_only/tcn/seed_17/bandpass_n20003_cV4_independent_rms_s20.npz,76488,9e167ef62fdbc952e52fc51adb9e7801da3ea2cfd3b1ce673c33bc2643cc941f
tcn,clean_only,17,bandpass_n20003_cV4_independent_rms_s15,phase2/results/predictions/full/clean_only/tcn/seed_17/bandpass_n20003_cV4_independent_rms_s15.npz,76500,2e3d451720307587340c8942d68fd1693f2856e08e9319da2731bbb25f054209
tcn,clean_only,17,bandpass_n20003_cV4_independent_rms_s10,phase2/results/predictions/full/clean_only/tcn/seed_17/bandpass_n20003_cV4_independent_rms_s10.npz,76421,cd8ed941273583f95c13348e4ab249410f01e18f3ba06098f4cc35c5bbdbd303
tcn,clean_only,17,bandpass_n20003_cV4_independent_rms_s5,phase2/results/predictions/full/clean_only/tcn/seed_17/bandpass_n20003_cV4_independent_rms_s5.npz,76414,779dfc7f2fbe1d3e989aff52f87f79abbd04663bf6fc9f3700986992e04834cf
tcn,clean_only,17,bandpass_n20003_cV4_independent_rms_s0,phase2/results/predictions/full/clean_only/tcn/seed_17/bandpass_n20003_cV4_independent_rms_s0.npz,76266,fc874c3c3f6658bb7159109f3d1c4f3d2cad9d07421ebbcfb0aef433fcd6959b
tcn,clean_only,17,bandpass_n20003_cV4_electrode_s20,phase2/results/predictions/full/clean_only/tcn/seed_17/bandpass_n20003_cV4_electrode_s20.npz,76445,e193d46dff7d56720c369bd4e6a92cea1421a4634f3ed52ed1706da14b75bc2b
tcn,clean_only,17,bandpass_n20003_cV4_electrode_s15,phase2/results/predictions/full/clean_only/tcn/seed_17/bandpass_n20003_cV4_electrode_s15.npz,76448,3d073f00a7a71886578e2dec561c6fba91037c05d0b8bfd1d325b85ebe3f430a
tcn,clean_only,17,bandpass_n20003_cV4_electrode_s10,phase2/results/predictions/full/clean_only/tcn/seed_17/bandpass_n20003_cV4_electrode_s10.npz,76452,b544368dfcf811f1b686dfe79324ff7585da9dd8dcf219735ff5f081ec620e07
tcn,clean_only,17,bandpass_n20003_cV4_electrode_s5,phase2/results/predictions/full/clean_only/tcn/seed_17/bandpass_n20003_cV4_electrode_s5.npz,76406,77b0825ba57da0ae5a40a5ecff647d0b60a771c3e036719bbb69ed85b2f45a0c
tcn,clean_only,17,bandpass_n20003_cV4_electrode_s0,phase2/results/predictions/full/clean_only/tcn/seed_17/bandpass_n20003_cV4_electrode_s0.npz,76273,dc003a4b91e2ce7c5cdf39391d9f638fd9208d845d0db1cc769284f88b7eb249
tcn,clean_only,17,bandpass_n20003_cV4_covariance_s20,phase2/results/predictions/full/clean_only/tcn/seed_17/bandpass_n20003_cV4_covariance_s20.npz,76487,567ea705e2264e692acb269634dd75b59748c483feca1ada409eb94c1d84e561
tcn,clean_only,17,bandpass_n20003_cV4_covariance_s15,phase2/results/predictions/full/clean_only/tcn/seed_17/bandpass_n20003_cV4_covariance_s15.npz,76473,d67415c5915c3ef1d9d7c1aa8227199b1ca07ebc2971d561f6ff13a6c1a373b6
tcn,clean_only,17,bandpass_n20003_cV4_covariance_s10,phase2/results/predictions/full/clean_only/tcn/seed_17/bandpass_n20003_cV4_covariance_s10.npz,76412,709e98991d07b733a95cabbd0ebafda23aab8441a9461af3a97dc3444c40724f
tcn,clean_only,17,bandpass_n20003_cV4_covariance_s5,phase2/results/predictions/full/clean_only/tcn/seed_17/bandpass_n20003_cV4_covariance_s5.npz,76432,66fe4d354c630536d9dc8c6c264a9a5cb77682d04e40cd57cb8107e31671fef1
tcn,clean_only,17,bandpass_n20003_cV4_covariance_s0,phase2/results/predictions/full/clean_only/tcn/seed_17/bandpass_n20003_cV4_covariance_s0.npz,76277,3ea99b03cb7d7c699dbf004e0a9083b4ebeaccddf0b9b34fc827507da86dc199
tcn,clean_only,17,bandpass_n20003_cV5_independent_rms_s20,phase2/results/predictions/full/clean_only/tcn/seed_17/bandpass_n20003_cV5_independent_rms_s20.npz,76475,26e80eecad1c85b7d150e92b9bdd6b9452171e2f343089df96b418ecf64a84f8
tcn,clean_only,17,bandpass_n20003_cV5_independent_rms_s15,phase2/results/predictions/full/clean_only/tcn/seed_17/bandpass_n20003_cV5_independent_rms_s15.npz,76422,8ce7946ec555557655b95cedaefaa8c1c849d4790cbc9d02091ac6ffd60d1a4f
tcn,clean_only,17,bandpass_n20003_cV5_independent_rms_s10,phase2/results/predictions/full/clean_only/tcn/seed_17/bandpass_n20003_cV5_independent_rms_s10.npz,76385,d7720d86f2632ddc903c8396a93c3fcc6ba38982dc27fb9779e3d50d9b99915d
tcn,clean_only,17,bandpass_n20003_cV5_independent_rms_s5,phase2/results/predictions/full/clean_only/tcn/seed_17/bandpass_n20003_cV5_independent_rms_s5.npz,76316,83c59b298ff15a41890705d42247c310314fc68a749ad87b03e1091512ecada8
tcn,clean_only,17,bandpass_n20003_cV5_independent_rms_s0,phase2/results/predictions/full/clean_only/tcn/seed_17/bandpass_n20003_cV5_independent_rms_s0.npz,76034,6d8d35c19d6affaad57764aae9322835d5e6b45e1e1341c7395880dbc9d889bd
tcn,clean_only,17,bandpass_n20003_cV5_electrode_s20,phase2/results/predictions/full/clean_only/tcn/seed_17/bandpass_n20003_cV5_electrode_s20.npz,76439,647a988ac552a63b7ab2ab5a4e69d2a64251cb982d1205b853e972a85819ad53
tcn,clean_only,17,bandpass_n20003_cV5_electrode_s15,phase2/results/predictions/full/clean_only/tcn/seed_17/bandpass_n20003_cV5_electrode_s15.npz,76413,5e247dcb86af0f2990fc115a353edfd644ad81eb5071821a8ea11fae14b4e128
tcn,clean_only,17,bandpass_n20003_cV5_electrode_s10,phase2/results/predictions/full/clean_only/tcn/seed_17/bandpass_n20003_cV5_electrode_s10.npz,76365,b39bf6f6d3127db77aefdeb829dce41b2debf8f4f466977a82bc041dbfbd5f4f
tcn,clean_only,17,bandpass_n20003_cV5_electrode_s5,phase2/results/predictions/full/clean_only/tcn/seed_17/bandpass_n20003_cV5_electrode_s5.npz,76282,1f48e84c82a0c56be61b297e5012971ad3d1153ef8dbeedb1c771b7a6cbe6b53
tcn,clean_only,17,bandpass_n20003_cV5_electrode_s0,phase2/results/predictions/full/clean_only/tcn/seed_17/bandpass_n20003_cV5_electrode_s0.npz,76045,22b98b771dded7c2bc3bf383cf8eb21f0f32a76a428d348cb835e7f6d9a04523
tcn,clean_only,17,bandpass_n20003_cV5_covariance_s20,phase2/results/predictions/full/clean_only/tcn/seed_17/bandpass_n20003_cV5_covariance_s20.npz,76439,cacfb6b7c6404d79ecfaa5c36c8371d4fcf1097dc4989c8aef42e1ff786bc49f
tcn,clean_only,17,bandpass_n20003_cV5_covariance_s15,phase2/results/predictions/full/clean_only/tcn/seed_17/bandpass_n20003_cV5_covariance_s15.npz,76438,d255a5f11fa6f1b09a89054399432d990e486e854ddb1642cd82e10233098ef4
tcn,clean_only,17,bandpass_n20003_cV5_covariance_s10,phase2/results/predictions/full/clean_only/tcn/seed_17/bandpass_n20003_cV5_covariance_s10.npz,76415,2250eea7247e168f52df77afa263f33a4a5a959fda6fbd8b5b519414fe261481
tcn,clean_only,17,bandpass_n20003_cV5_covariance_s5,phase2/results/predictions/full/clean_only/tcn/seed_17/bandpass_n20003_cV5_covariance_s5.npz,76252,988fab86f13b5d8510299c92ac2052f146842276f2e06adbdaa34c5b665fe683
tcn,clean_only,17,bandpass_n20003_cV5_covariance_s0,phase2/results/predictions/full/clean_only/tcn/seed_17/bandpass_n20003_cV5_covariance_s0.npz,76025,7f859c4b3c89f2032e49b471af825d64ca1b6e341a7c5ff1e825ba8cde78d5b9
tcn,clean_only,17,bandpass_n20003_cV6_independent_rms_s20,phase2/results/predictions/full/clean_only/tcn/seed_17/bandpass_n20003_cV6_independent_rms_s20.npz,76496,080933b304fe2058fe23125c42f03fa4ac096927df4009ecff7a829bd3a4bcce
tcn,clean_only,17,bandpass_n20003_cV6_independent_rms_s15,phase2/results/predictions/full/clean_only/tcn/seed_17/bandpass_n20003_cV6_independent_rms_s15.npz,76452,b443775ce7fc7f6a83497a164a9b8e748dc5066438631a4a4b0b21e5a2a4b09d
tcn,clean_only,17,bandpass_n20003_cV6_independent_rms_s10,phase2/results/predictions/full/clean_only/tcn/seed_17/bandpass_n20003_cV6_independent_rms_s10.npz,76411,4cb9d74aa015be1b1128b64eec2fa124f6c21c5cd00afb59e005058221717948
tcn,clean_only,17,bandpass_n20003_cV6_independent_rms_s5,phase2/results/predictions/full/clean_only/tcn/seed_17/bandpass_n20003_cV6_independent_rms_s5.npz,76267,b950004083a9de78105290d0f102edf58ab3557956244180381d718551444716
tcn,clean_only,17,bandpass_n20003_cV6_independent_rms_s0,phase2/results/predictions/full/clean_only/tcn/seed_17/bandpass_n20003_cV6_independent_rms_s0.npz,75918,cd19b8a789805eb6de1e07e6dee619f659666866e51e6bb52b9aa5a2a9ba7010
tcn,clean_only,17,bandpass_n20003_cV6_electrode_s20,phase2/results/predictions/full/clean_only/tcn/seed_17/bandpass_n20003_cV6_electrode_s20.npz,76423,a0f0c8c6e398bc8fc49d9e6a39480452094d536ba53a39953d68b45302bbd6b1
tcn,clean_only,17,bandpass_n20003_cV6_electrode_s15,phase2/results/predictions/full/clean_only/tcn/seed_17/bandpass_n20003_cV6_electrode_s15.npz,76434,2b1e39b1545d912eac2eadc08e1b45659c99367ec727703f800e51c78900e5a1
tcn,clean_only,17,bandpass_n20003_cV6_electrode_s10,phase2/results/predictions/full/clean_only/tcn/seed_17/bandpass_n20003_cV6_electrode_s10.npz,76377,afdb52dc5bff63d29864881dbbfea30ca9f0d7e87d52c18e8db0b73f061a1c8d
tcn,clean_only,17,bandpass_n20003_cV6_electrode_s5,phase2/results/predictions/full/clean_only/tcn/seed_17/bandpass_n20003_cV6_electrode_s5.npz,76274,fc27f683fc1bc3afed35346a7462ec2744046fdc695afe64315e1f04f10f266b
tcn,clean_only,17,bandpass_n20003_cV6_electrode_s0,phase2/results/predictions/full/clean_only/tcn/seed_17/bandpass_n20003_cV6_electrode_s0.npz,75925,39cfc80f796493462e776a00ba0975870a2fd2207555fef2d5ec6c8757da2cda
tcn,clean_only,17,bandpass_n20003_cV6_covariance_s20,phase2/results/predictions/full/clean_only/tcn/seed_17/bandpass_n20003_cV6_covariance_s20.npz,76431,df0fa2f64a83d39272e53a2dc0ab5ca3b80ca2b3c13ad7a60dc47d8d890d4f0f
tcn,clean_only,17,bandpass_n20003_cV6_covariance_s15,phase2/results/predictions/full/clean_only/tcn/seed_17/bandpass_n20003_cV6_covariance_s15.npz,76439,c21203baf24ea48971ccb35a11cb7835f629b83fe896ea55bd241ec7e660a10b
tcn,clean_only,17,bandpass_n20003_cV6_covariance_s10,phase2/results/predictions/full/clean_only/tcn/seed_17/bandpass_n20003_cV6_covariance_s10.npz,76376,dba87743faab4c74ba284095d496c78253769280f54f676790bc18d262af8b32
tcn,clean_only,17,bandpass_n20003_cV6_covariance_s5,phase2/results/predictions/full/clean_only/tcn/seed_17/bandpass_n20003_cV6_covariance_s5.npz,76275,8d58ebdac035fea1cbe7ac22ed2a81258b45137bea9a4c70ef12d383f9153d1e
tcn,clean_only,17,bandpass_n20003_cV6_covariance_s0,phase2/results/predictions/full/clean_only/tcn/seed_17/bandpass_n20003_cV6_covariance_s0.npz,75927,f3d2ddc9176d099a0650f11ce32c3eca04a41978930e45b9d7240a8e668e5297
tcn,clean_only,17,bandpass_n20003_cRA_LA_independent_rms_s20,phase2/results/predictions/full/clean_only/tcn/seed_17/bandpass_n20003_cRA_LA_independent_rms_s20.npz,76463,30306db137e486ca8da048504958d20ccc60b191f1f0ba94bc3481aaa9e1ea36
tcn,clean_only,17,bandpass_n20003_cRA_LA_independent_rms_s15,phase2/results/predictions/full/clean_only/tcn/seed_17/bandpass_n20003_cRA_LA_independent_rms_s15.npz,76454,0116e15132298bc48aa459fd7db72ea884b13a2b99bdb293e2551075dd47eb6a
tcn,clean_only,17,bandpass_n20003_cRA_LA_independent_rms_s10,phase2/results/predictions/full/clean_only/tcn/seed_17/bandpass_n20003_cRA_LA_independent_rms_s10.npz,76361,cbe5f18fd8feb191562cff63a895397beabc5fc66f8f578043f0d10a58dd6735
tcn,clean_only,17,bandpass_n20003_cRA_LA_independent_rms_s5,phase2/results/predictions/full/clean_only/tcn/seed_17/bandpass_n20003_cRA_LA_independent_rms_s5.npz,76235,541354777505d080bea1f8f7c09c408af1dbe428170f840e7483572b6d7615fe
tcn,clean_only,17,bandpass_n20003_cRA_LA_independent_rms_s0,phase2/results/predictions/full/clean_only/tcn/seed_17/bandpass_n20003_cRA_LA_independent_rms_s0.npz,75818,62c48f790117d03cc1696fefb2c5bd1509c290a0ede5f1139360a7fc4eed2134
tcn,clean_only,17,bandpass_n20003_cRA_LA_electrode_s20,phase2/results/predictions/full/clean_only/tcn/seed_17/bandpass_n20003_cRA_LA_electrode_s20.npz,76449,b666007db74c9c1d2ab985a6c847b1b248c8c9b7c420a777b9c8d38f8cc2bfbf
tcn,clean_only,17,bandpass_n20003_cRA_LA_electrode_s15,phase2/results/predictions/full/clean_only/tcn/seed_17/bandpass_n20003_cRA_LA_electrode_s15.npz,76427,53b017de357329b78148423aa21caccb861f0d2db2f9aa14accc57aec4416676
tcn,clean_only,17,bandpass_n20003_cRA_LA_electrode_s10,phase2/results/predictions/full/clean_only/tcn/seed_17/bandpass_n20003_cRA_LA_electrode_s10.npz,76297,de477e8cde55264c4f167089f5c78a3c761f3ba8d565d8640a5c4a01a8f34c46
tcn,clean_only,17,bandpass_n20003_cRA_LA_electrode_s5,phase2/results/predictions/full/clean_only/tcn/seed_17/bandpass_n20003_cRA_LA_electrode_s5.npz,76077,b80d96d74738790015908dddfb9d8fd3b251f8c2130c0b443a76e8dafe8eeb0f
tcn,clean_only,17,bandpass_n20003_cRA_LA_electrode_s0,phase2/results/predictions/full/clean_only/tcn/seed_17/bandpass_n20003_cRA_LA_electrode_s0.npz,75555,600369eca231960632373a7edebf4962daa0149bd25de2548a8d74117f796c6a
tcn,clean_only,17,bandpass_n20003_cRA_LA_covariance_s20,phase2/results/predictions/full/clean_only/tcn/seed_17/bandpass_n20003_cRA_LA_covariance_s20.npz,76443,9303d49818dbae2381479435e99ba2d16819b59d9243c2226a40a63880eb1ae1
tcn,clean_only,17,bandpass_n20003_cRA_LA_covariance_s15,phase2/results/predictions/full/clean_only/tcn/seed_17/bandpass_n20003_cRA_LA_covariance_s15.npz,76427,4fded72b5b0519d00bd06b19ede1a023c86168cb184b611122475fba2d39abb6
tcn,clean_only,17,bandpass_n20003_cRA_LA_covariance_s10,phase2/results/predictions/full/clean_only/tcn/seed_17/bandpass_n20003_cRA_LA_covariance_s10.npz,76290,f127c301062b8d43d008674674501fc5642a2fb9e4fac3c1385b65e8fa4f2165
tcn,clean_only,17,bandpass_n20003_cRA_LA_covariance_s5,phase2/results/predictions/full/clean_only/tcn/seed_17/bandpass_n20003_cRA_LA_covariance_s5.npz,76080,2687817d75b98f779eba2948fea58cd02c8658e5041399df4fa909b7521192bb
tcn,clean_only,17,bandpass_n20003_cRA_LA_covariance_s0,phase2/results/predictions/full/clean_only/tcn/seed_17/bandpass_n20003_cRA_LA_covariance_s0.npz,75566,ac4a4c3f7b8d475a6ba4e147a8e134fcf3f1cbffd77c95d2e94a54e8fad11d1f
tcn,clean_only,17,bandpass_n20003_cLA_LL_independent_rms_s20,phase2/results/predictions/full/clean_only/tcn/seed_17/bandpass_n20003_cLA_LL_independent_rms_s20.npz,76461,1a696b424745380363da43805a1d4abb533232580361ddac8197ee0f7728732f
tcn,clean_only,17,bandpass_n20003_cLA_LL_independent_rms_s15,phase2/results/predictions/full/clean_only/tcn/seed_17/bandpass_n20003_cLA_LL_independent_rms_s15.npz,76487,eb3b6bd846c25b65e538a1b56a19e213f10a591ec50a41bd6fe99054e0352373
tcn,clean_only,17,bandpass_n20003_cLA_LL_independent_rms_s10,phase2/results/predictions/full/clean_only/tcn/seed_17/bandpass_n20003_cLA_LL_independent_rms_s10.npz,76378,e3398ac67593255b19665c0055307ba8390c23a180146bcda22c3930bd6a741f
tcn,clean_only,17,bandpass_n20003_cLA_LL_independent_rms_s5,phase2/results/predictions/full/clean_only/tcn/seed_17/bandpass_n20003_cLA_LL_independent_rms_s5.npz,76200,6274c7fb8a60467b5c501a22283837f25bff50fb1f21f6cc7eb17fc0c55c1b1e
tcn,clean_only,17,bandpass_n20003_cLA_LL_independent_rms_s0,phase2/results/predictions/full/clean_only/tcn/seed_17/bandpass_n20003_cLA_LL_independent_rms_s0.npz,75824,bd390a61c3de4954e58c9d93ed416283851aede20bd93de147acdfe5f79295b4
tcn,clean_only,17,bandpass_n20003_cLA_LL_electrode_s20,phase2/results/predictions/full/clean_only/tcn/seed_17/bandpass_n20003_cLA_LL_electrode_s20.npz,76412,1e8a5a9baf8b925e67a60529ede432cda07ecba6c9dc459701076ffb6d5e28e5
tcn,clean_only,17,bandpass_n20003_cLA_LL_electrode_s15,phase2/results/predictions/full/clean_only/tcn/seed_17/bandpass_n20003_cLA_LL_electrode_s15.npz,76444,158985a2939bd604786ddbc25df3687fae29ace5ef01505c31f9b0fb759e1048
tcn,clean_only,17,bandpass_n20003_cLA_LL_electrode_s10,phase2/results/predictions/full/clean_only/tcn/seed_17/bandpass_n20003_cLA_LL_electrode_s10.npz,76327,6e115a3197b5ed49d92ee10cc1b79d178215a1bb387e7305d2754300bb89f1cf
tcn,clean_only,17,bandpass_n20003_cLA_LL_electrode_s5,phase2/results/predictions/full/clean_only/tcn/seed_17/bandpass_n20003_cLA_LL_electrode_s5.npz,76066,a69ce25c8a90f06bbf7c6936a66876b0e78a5dc37f8bf89515c127c031ff405c
tcn,clean_only,17,bandpass_n20003_cLA_LL_electrode_s0,phase2/results/predictions/full/clean_only/tcn/seed_17/bandpass_n20003_cLA_LL_electrode_s0.npz,75714,87267dbffb2b6f5b105ce020a9294191f89565609cebaf7986e0fc7e309c2958
tcn,clean_only,17,bandpass_n20003_cLA_LL_covariance_s20,phase2/results/predictions/full/clean_only/tcn/seed_17/bandpass_n20003_cLA_LL_covariance_s20.npz,76430,a9dc86cbe96543df32aa1dc002443a37fd25a7f3de62010f0466d75773ab58e1
tcn,clean_only,17,bandpass_n20003_cLA_LL_covariance_s15,phase2/results/predictions/full/clean_only/tcn/seed_17/bandpass_n20003_cLA_LL_covariance_s15.npz,76414,f2c2583be81328d250afd42ac98da414e42ffc4593f4a88c92ce5b74ec540656
tcn,clean_only,17,bandpass_n20003_cLA_LL_covariance_s10,phase2/results/predictions/full/clean_only/tcn/seed_17/bandpass_n20003_cLA_LL_covariance_s10.npz,76307,081d64ccbe2cc7b058980ea97b4915df97f0d454d2f00beebca45b281fb0e1b8
tcn,clean_only,17,bandpass_n20003_cLA_LL_covariance_s5,phase2/results/predictions/full/clean_only/tcn/seed_17/bandpass_n20003_cLA_LL_covariance_s5.npz,76102,9c3624f3d69767116d7f20577c6d7d6d5037655b54dd582f6afd3fef3aa6298d
tcn,clean_only,17,bandpass_n20003_cLA_LL_covariance_s0,phase2/results/predictions/full/clean_only/tcn/seed_17/bandpass_n20003_cLA_LL_covariance_s0.npz,75713,6554b89c38dba466af8ae1cb2d01ded8a4e877f3ece6bb5661c2d4890aa6cf2b
tcn,clean_only,17,bandpass_n20003_cRA_LL_independent_rms_s20,phase2/results/predictions/full/clean_only/tcn/seed_17/bandpass_n20003_cRA_LL_independent_rms_s20.npz,76454,94016c89a7936e137570c6a61309432f5090563028feb55ab6b787b462ced1a3
tcn,clean_only,17,bandpass_n20003_cRA_LL_independent_rms_s15,phase2/results/predictions/full/clean_only/tcn/seed_17/bandpass_n20003_cRA_LL_independent_rms_s15.npz,76427,8f91b1469da60011d153ee299573e162080e121b9fa6423a5768b87a2c7a2855
tcn,clean_only,17,bandpass_n20003_cRA_LL_independent_rms_s10,phase2/results/predictions/full/clean_only/tcn/seed_17/bandpass_n20003_cRA_LL_independent_rms_s10.npz,76344,dfbfc2e41e5c724086d15a3716a09ae85d1d4638831f2e24aeba04779bdfe21f
tcn,clean_only,17,bandpass_n20003_cRA_LL_independent_rms_s5,phase2/results/predictions/full/clean_only/tcn/seed_17/bandpass_n20003_cRA_LL_independent_rms_s5.npz,76196,11644b38d0d0aef0707c8d4bb7b59462a554f2f65ca11b5f2537e744fbeb09f4
tcn,clean_only,17,bandpass_n20003_cRA_LL_independent_rms_s0,phase2/results/predictions/full/clean_only/tcn/seed_17/bandpass_n20003_cRA_LL_independent_rms_s0.npz,75741,73acc5a6885124c68df55693db2c5ac584055829c708e0d3ba9f8709f3e8dea9
tcn,clean_only,17,bandpass_n20003_cRA_LL_electrode_s20,phase2/results/predictions/full/clean_only/tcn/seed_17/bandpass_n20003_cRA_LL_electrode_s20.npz,76440,ef9b722ef5cb5c52faadc7ebb6748288d6581b99fb2fb4989b83d62df5661e3f
tcn,clean_only,17,bandpass_n20003_cRA_LL_electrode_s15,phase2/results/predictions/full/clean_only/tcn/seed_17/bandpass_n20003_cRA_LL_electrode_s15.npz,76418,30aa41eea6e87ad0868b35969bb8289961c0ea87ef99044eca2cc1c5d99448a1
tcn,clean_only,17,bandpass_n20003_cRA_LL_electrode_s10,phase2/results/predictions/full/clean_only/tcn/seed_17/bandpass_n20003_cRA_LL_electrode_s10.npz,76332,201ead34ebc54c5f0932b554cbd00f8d591fe476305b4934b941afdc67613f3f
tcn,clean_only,17,bandpass_n20003_cRA_LL_electrode_s5,phase2/results/predictions/full/clean_only/tcn/seed_17/bandpass_n20003_cRA_LL_electrode_s5.npz,76114,f28fe13d07ac2e43b8aff497db30888f244f462852e9e6d8fc5ff7c36d9537ae
tcn,clean_only,17,bandpass_n20003_cRA_LL_electrode_s0,phase2/results/predictions/full/clean_only/tcn/seed_17/bandpass_n20003_cRA_LL_electrode_s0.npz,75560,f14eb40c7a4120674a6c02cb851c99ed1f791537201d399bb9a9209836f9fb98
tcn,clean_only,17,bandpass_n20003_cRA_LL_covariance_s20,phase2/results/predictions/full/clean_only/tcn/seed_17/bandpass_n20003_cRA_LL_covariance_s20.npz,76482,ee637955db3654fc4fc5d3de36090e40b127791e75ca138ff3695de5c3b99aaf
tcn,clean_only,17,bandpass_n20003_cRA_LL_covariance_s15,phase2/results/predictions/full/clean_only/tcn/seed_17/bandpass_n20003_cRA_LL_covariance_s15.npz,76429,b8c584726d5e2fd70f9631fa5fa556cdef3e6fc7d3fb3fa6e61893acb09a7a8b
tcn,clean_only,17,bandpass_n20003_cRA_LL_covariance_s10,phase2/results/predictions/full/clean_only/tcn/seed_17/bandpass_n20003_cRA_LL_covariance_s10.npz,76304,9ba4fee7b00aa8da496e20f0131133aaf6886a396d93225a931fdc803c509bdd
tcn,clean_only,17,bandpass_n20003_cRA_LL_covariance_s5,phase2/results/predictions/full/clean_only/tcn/seed_17/bandpass_n20003_cRA_LL_covariance_s5.npz,76111,5ad2f6d12616289fea70a369704fc7c232e78bd5b91d3a763636fd3c812a4fe5
tcn,clean_only,17,bandpass_n20003_cRA_LL_covariance_s0,phase2/results/predictions/full/clean_only/tcn/seed_17/bandpass_n20003_cRA_LL_covariance_s0.npz,75564,7bc2192caac2708de0b7dc7fa1d76b62f013c3b3e492d9d21ef877b587ef5228
tcn,clean_only,17,bandpass_n20003_cRA_independent_rms_s20,phase2/results/predictions/full/clean_only/tcn/seed_17/bandpass_n20003_cRA_independent_rms_s20.npz,76468,383a267ebae93fbeed3b31ead6a5f1ef7ecb6a4269cfe48fdc5cbe3ede0a9ac4
tcn,clean_only,17,bandpass_n20003_cRA_independent_rms_s15,phase2/results/predictions/full/clean_only/tcn/seed_17/bandpass_n20003_cRA_independent_rms_s15.npz,76450,eaff90c70ccde7f198bc46cb57a1ecb97cfb0c49c8b97912fe3f071a0feadd75
tcn,clean_only,17,bandpass_n20003_cRA_independent_rms_s10,phase2/results/predictions/full/clean_only/tcn/seed_17/bandpass_n20003_cRA_independent_rms_s10.npz,76378,07770e072f4386c4c780a556ac7030a26140fcc56f4c7c3ba3229cc7ebe9c88e
tcn,clean_only,17,bandpass_n20003_cRA_independent_rms_s5,phase2/results/predictions/full/clean_only/tcn/seed_17/bandpass_n20003_cRA_independent_rms_s5.npz,76172,52f4a4f316fbb40dac24dcf5bbc646b71a9edb06e4c7e848cd4a0ba3307794f0
tcn,clean_only,17,bandpass_n20003_cRA_independent_rms_s0,phase2/results/predictions/full/clean_only/tcn/seed_17/bandpass_n20003_cRA_independent_rms_s0.npz,75724,a0ec52a154ccc2a8aba3f7615f0e07b7016ae65ef194d2ffebee764dd66d8012
tcn,clean_only,17,bandpass_n20003_cRA_electrode_s20,phase2/results/predictions/full/clean_only/tcn/seed_17/bandpass_n20003_cRA_electrode_s20.npz,76439,f99aba8fac8a43cb24c0d2b699d9d5b62e19265705ec08902ad4518f78ad26d5
tcn,clean_only,17,bandpass_n20003_cRA_electrode_s15,phase2/results/predictions/full/clean_only/tcn/seed_17/bandpass_n20003_cRA_electrode_s15.npz,76412,12f3c7aa024d9413523101764ca98fa26cb85af2295a957f3cbe126be23ddadd
tcn,clean_only,17,bandpass_n20003_cRA_electrode_s10,phase2/results/predictions/full/clean_only/tcn/seed_17/bandpass_n20003_cRA_electrode_s10.npz,76281,a08a4f6b76b0d526dc27f9f2ceab72bdf433e640ce6cc9b1b587f7036b0b5168
tcn,clean_only,17,bandpass_n20003_cRA_electrode_s5,phase2/results/predictions/full/clean_only/tcn/seed_17/bandpass_n20003_cRA_electrode_s5.npz,76117,8a76dcc58e1b123839683dab7d8b7cc961c25ee5fffa52a054014bb9c112bc03
tcn,clean_only,17,bandpass_n20003_cRA_electrode_s0,phase2/results/predictions/full/clean_only/tcn/seed_17/bandpass_n20003_cRA_electrode_s0.npz,75587,d06baec6241407d89050ab5c83fe7cd1946a424a97aff7fec046518de9fba412
tcn,clean_only,17,bandpass_n20003_cRA_covariance_s20,phase2/results/predictions/full/clean_only/tcn/seed_17/bandpass_n20003_cRA_covariance_s20.npz,76466,1ef50ebebfc5ad460933cf1950cfe7bd956cbe7d9d2438d05d2af105debe5fc0
tcn,clean_only,17,bandpass_n20003_cRA_covariance_s15,phase2/results/predictions/full/clean_only/tcn/seed_17/bandpass_n20003_cRA_covariance_s15.npz,76416,d8aac51b83d560f1ee3e9ae3dfa41c2777c134816bfc5b6bec968107012ae71d
tcn,clean_only,17,bandpass_n20003_cRA_covariance_s10,phase2/results/predictions/full/clean_only/tcn/seed_17/bandpass_n20003_cRA_covariance_s10.npz,76285,0ba5797bb5dd39600e5d5d90cb790c3e386cf942a467fb485321173460f22a91
tcn,clean_only,17,bandpass_n20003_cRA_covariance_s5,phase2/results/predictions/full/clean_only/tcn/seed_17/bandpass_n20003_cRA_covariance_s5.npz,76102,e2007cf63f31d2d0fcd527d1d4ca1195983c8054afee1697547b1f2fb0e984d7
tcn,clean_only,17,bandpass_n20003_cRA_covariance_s0,phase2/results/predictions/full/clean_only/tcn/seed_17/bandpass_n20003_cRA_covariance_s0.npz,75639,53dfeec2d358fc99aebc26b8c36db31702a328cdef958c507f811878ea744f10
tcn,clean_only,17,bandpass_n20003_cLA_independent_rms_s20,phase2/results/predictions/full/clean_only/tcn/seed_17/bandpass_n20003_cLA_independent_rms_s20.npz,76490,5d52fc5a4804bdf8de12e9303a4e49f9d6c816ba6c9c457c8ed0b9009b037cfb
tcn,clean_only,17,bandpass_n20003_cLA_independent_rms_s15,phase2/results/predictions/full/clean_only/tcn/seed_17/bandpass_n20003_cLA_independent_rms_s15.npz,76461,d8e0629131177563cf990e35c56bead3e44a824c7d70fc91c4ef21bab219d51e
tcn,clean_only,17,bandpass_n20003_cLA_independent_rms_s10,phase2/results/predictions/full/clean_only/tcn/seed_17/bandpass_n20003_cLA_independent_rms_s10.npz,76370,d471b46ff34a7673f54c72c4bdfa12c18519d575d044f71a7f97f3435a4c49ed
tcn,clean_only,17,bandpass_n20003_cLA_independent_rms_s5,phase2/results/predictions/full/clean_only/tcn/seed_17/bandpass_n20003_cLA_independent_rms_s5.npz,76234,44630b2af81b563c1dace23ec3c31c21fd94ae9a1bf0f2d125198e3401cf446a
tcn,clean_only,17,bandpass_n20003_cLA_independent_rms_s0,phase2/results/predictions/full/clean_only/tcn/seed_17/bandpass_n20003_cLA_independent_rms_s0.npz,75922,a42418bdb745872f9d321c710a18b3718a97619dabaa50ac0f94287ff279897c
tcn,clean_only,17,bandpass_n20003_cLA_electrode_s20,phase2/results/predictions/full/clean_only/tcn/seed_17/bandpass_n20003_cLA_electrode_s20.npz,76435,c2050fab1f568eb2b1b979f646082b0879198986c63ee1c83bf40c6043f5f68f
tcn,clean_only,17,bandpass_n20003_cLA_electrode_s15,phase2/results/predictions/full/clean_only/tcn/seed_17/bandpass_n20003_cLA_electrode_s15.npz,76381,14b6478344cb090e3dc5c188d339ce14646ca924bbe54bfb0c5192f7f49c5223
tcn,clean_only,17,bandpass_n20003_cLA_electrode_s10,phase2/results/predictions/full/clean_only/tcn/seed_17/bandpass_n20003_cLA_electrode_s10.npz,76318,f6a7137df9501928997f36d2866e4c2cf0b43277eee98fc79f2cae6425b6f43c
tcn,clean_only,17,bandpass_n20003_cLA_electrode_s5,phase2/results/predictions/full/clean_only/tcn/seed_17/bandpass_n20003_cLA_electrode_s5.npz,76113,529643263091921520562564cbe80147bcc003f9a1d0c31b847d60eac2c5e294
tcn,clean_only,17,bandpass_n20003_cLA_electrode_s0,phase2/results/predictions/full/clean_only/tcn/seed_17/bandpass_n20003_cLA_electrode_s0.npz,75767,b29f6a2b943a59dddbf7e0b9c66626bdc235ec12305180850e79dd202ac561a2
tcn,clean_only,17,bandpass_n20003_cLA_covariance_s20,phase2/results/predictions/full/clean_only/tcn/seed_17/bandpass_n20003_cLA_covariance_s20.npz,76462,1acbd579beab32a2139e040aea215e7ad109e9a9249a4059102cfa620b0addeb
tcn,clean_only,17,bandpass_n20003_cLA_covariance_s15,phase2/results/predictions/full/clean_only/tcn/seed_17/bandpass_n20003_cLA_covariance_s15.npz,76397,5ab128c2bc86d7718fef0b800dda671cf323b4154d4ae05edadeabc5a2a6916f
tcn,clean_only,17,bandpass_n20003_cLA_covariance_s10,phase2/results/predictions/full/clean_only/tcn/seed_17/bandpass_n20003_cLA_covariance_s10.npz,76314,cbb6152c8621bf0bdf7177d36d6ffd46887854ba9a3b596c548e8bad45fea981
tcn,clean_only,17,bandpass_n20003_cLA_covariance_s5,phase2/results/predictions/full/clean_only/tcn/seed_17/bandpass_n20003_cLA_covariance_s5.npz,76125,196917f224863d02ed234f6d94ac0ea5fb700648065588e99acc6ff3df2034cf
tcn,clean_only,17,bandpass_n20003_cLA_covariance_s0,phase2/results/predictions/full/clean_only/tcn/seed_17/bandpass_n20003_cLA_covariance_s0.npz,75719,d347824d158fc35ae3aa2671b75e7c5f5fa855acdbe80982f1014853f2d2c338
tcn,clean_only,17,bandpass_n20003_cLL_independent_rms_s20,phase2/results/predictions/full/clean_only/tcn/seed_17/bandpass_n20003_cLL_independent_rms_s20.npz,76457,e2e53ae7a1ecba1fd5c1605f1e0528ad303edba9e479dccd23c2f41f2cabffe6
tcn,clean_only,17,bandpass_n20003_cLL_independent_rms_s15,phase2/results/predictions/full/clean_only/tcn/seed_17/bandpass_n20003_cLL_independent_rms_s15.npz,76397,1be1a72e4de632eb1c7c5ab6896f0aaa2d9d8593a86a9726c07b3ee6ee36823e
tcn,clean_only,17,bandpass_n20003_cLL_independent_rms_s10,phase2/results/predictions/full/clean_only/tcn/seed_17/bandpass_n20003_cLL_independent_rms_s10.npz,76377,554d57b399dd7a4f5152cae16f737aad7d19e59f7c907708f517b318ccb2f86c
tcn,clean_only,17,bandpass_n20003_cLL_independent_rms_s5,phase2/results/predictions/full/clean_only/tcn/seed_17/bandpass_n20003_cLL_independent_rms_s5.npz,76196,2514dfee2219e4599d83296f9f308ee2d428e919a0da0b6fa8ebe3bae2eba987
tcn,clean_only,17,bandpass_n20003_cLL_independent_rms_s0,phase2/results/predictions/full/clean_only/tcn/seed_17/bandpass_n20003_cLL_independent_rms_s0.npz,75740,f1d76b664a5519ebed6c6f7d0f2f467bb5ccbc7ede0929f4ca1f9a77e11cb2fa
tcn,clean_only,17,bandpass_n20003_cLL_electrode_s20,phase2/results/predictions/full/clean_only/tcn/seed_17/bandpass_n20003_cLL_electrode_s20.npz,76429,1cbbcc6f2eac0e122513b24108830e20b12ba07528dc8a6e87d92167fb2f23d8
tcn,clean_only,17,bandpass_n20003_cLL_electrode_s15,phase2/results/predictions/full/clean_only/tcn/seed_17/bandpass_n20003_cLL_electrode_s15.npz,76428,d4602aa706048d76504cbd7c4c591ae89ddebf3cfeb52855447caeab1c314780
tcn,clean_only,17,bandpass_n20003_cLL_electrode_s10,phase2/results/predictions/full/clean_only/tcn/seed_17/bandpass_n20003_cLL_electrode_s10.npz,76315,07b714cef06c052067bd804660ecda74e1ec183376f77f9e1f8c008aefb7809c
tcn,clean_only,17,bandpass_n20003_cLL_electrode_s5,phase2/results/predictions/full/clean_only/tcn/seed_17/bandpass_n20003_cLL_electrode_s5.npz,76107,1404fd397ef953f1ee48ab20853fb1bb7e9517c9867020fb4e00e3be141a000a
tcn,clean_only,17,bandpass_n20003_cLL_electrode_s0,phase2/results/predictions/full/clean_only/tcn/seed_17/bandpass_n20003_cLL_electrode_s0.npz,75767,046590b9760b0a0639cb6b3a7485a4eaeba779196fd9f9b325084d54e628570f
tcn,clean_only,17,bandpass_n20003_cLL_covariance_s20,phase2/results/predictions/full/clean_only/tcn/seed_17/bandpass_n20003_cLL_covariance_s20.npz,76428,f248c09b41aac3c5f88c4f7225886dc4498dee977a0c4fc60d61f4c3ef334904
tcn,clean_only,17,bandpass_n20003_cLL_covariance_s15,phase2/results/predictions/full/clean_only/tcn/seed_17/bandpass_n20003_cLL_covariance_s15.npz,76429,4f33536797836b4c5aa86333e464f721bdca9b692374e8f01d18352f3cb0efad
tcn,clean_only,17,bandpass_n20003_cLL_covariance_s10,phase2/results/predictions/full/clean_only/tcn/seed_17/bandpass_n20003_cLL_covariance_s10.npz,76350,3984155a8669cf2f64fae1bc48c000bc8514dddf4c377ef74444e064bc9f3f7d
tcn,clean_only,17,bandpass_n20003_cLL_covariance_s5,phase2/results/predictions/full/clean_only/tcn/seed_17/bandpass_n20003_cLL_covariance_s5.npz,76074,8f99a0477308b8e99cde6441c326d3c2996bc09f453f717baa266df3196def3a
tcn,clean_only,17,bandpass_n20003_cLL_covariance_s0,phase2/results/predictions/full/clean_only/tcn/seed_17/bandpass_n20003_cLL_covariance_s0.npz,75790,9f10d2301f54e84a4667873d6dc7a14766778250823cc2b18ad6993da0b8e928
tcn,clean_only,17,bandpass_n20003_cRA_V1_independent_rms_s20,phase2/results/predictions/full/clean_only/tcn/seed_17/bandpass_n20003_cRA_V1_independent_rms_s20.npz,76484,8607844a5e24385bab77385046dd03339fee5891f95199a58952ef9acf3a62c7
tcn,clean_only,17,bandpass_n20003_cRA_V1_independent_rms_s15,phase2/results/predictions/full/clean_only/tcn/seed_17/bandpass_n20003_cRA_V1_independent_rms_s15.npz,76446,ea1ff5479c676f26a29883acaec90ebbbde81dedccf4d16e0a42f8c5eb9c08ee
tcn,clean_only,17,bandpass_n20003_cRA_V1_independent_rms_s10,phase2/results/predictions/full/clean_only/tcn/seed_17/bandpass_n20003_cRA_V1_independent_rms_s10.npz,76386,5097d5a8a6113c04fa724da36750be0e39ec501c4cf6163c9e2630e6e2642e31
tcn,clean_only,17,bandpass_n20003_cRA_V1_independent_rms_s5,phase2/results/predictions/full/clean_only/tcn/seed_17/bandpass_n20003_cRA_V1_independent_rms_s5.npz,76219,deec4eb56bc782a14598e6141faaa704e0d1c2d33defa349f1148e58ca8e54a8
tcn,clean_only,17,bandpass_n20003_cRA_V1_independent_rms_s0,phase2/results/predictions/full/clean_only/tcn/seed_17/bandpass_n20003_cRA_V1_independent_rms_s0.npz,75760,c4e620e3cbff7e653721f25edae5b3db904ab6bc48f05eb422026bd4b94e966c
tcn,clean_only,17,bandpass_n20003_cRA_V1_electrode_s20,phase2/results/predictions/full/clean_only/tcn/seed_17/bandpass_n20003_cRA_V1_electrode_s20.npz,76453,5dda020f841df0ba734d622db29811bb148f49b0100b6a3fd9f7fe4b81309436
tcn,clean_only,17,bandpass_n20003_cRA_V1_electrode_s15,phase2/results/predictions/full/clean_only/tcn/seed_17/bandpass_n20003_cRA_V1_electrode_s15.npz,76445,dcdaae7cee7774f8a079ff2a409c9a86297a8efc6d6a05ca11030e2b0ca2c536
tcn,clean_only,17,bandpass_n20003_cRA_V1_electrode_s10,phase2/results/predictions/full/clean_only/tcn/seed_17/bandpass_n20003_cRA_V1_electrode_s10.npz,76303,4316a3fe0ff9334b0d868dae022b81d985a5c56e5536fc69a05b8fcf24b38051
tcn,clean_only,17,bandpass_n20003_cRA_V1_electrode_s5,phase2/results/predictions/full/clean_only/tcn/seed_17/bandpass_n20003_cRA_V1_electrode_s5.npz,76134,0d0e6e2bf96eb4fcdfae57e226792f5fb68390d58a70dc2fc9ca279889453284
tcn,clean_only,17,bandpass_n20003_cRA_V1_electrode_s0,phase2/results/predictions/full/clean_only/tcn/seed_17/bandpass_n20003_cRA_V1_electrode_s0.npz,75672,a18afedcfd44e0fce5ccd5251c0bc7320d51d4cedd0126be447338e6673b8d09
tcn,clean_only,17,bandpass_n20003_cRA_V1_covariance_s20,phase2/results/predictions/full/clean_only/tcn/seed_17/bandpass_n20003_cRA_V1_covariance_s20.npz,76462,166840fd7a62f5c75f5a5129f867265a9ecd75a3adc084f5f7b4ec4692e33673
tcn,clean_only,17,bandpass_n20003_cRA_V1_covariance_s15,phase2/results/predictions/full/clean_only/tcn/seed_17/bandpass_n20003_cRA_V1_covariance_s15.npz,76449,2529588c2431e0df2756dc976a44cdd27418c7e0250d47647fe264f0da23835c
tcn,clean_only,17,bandpass_n20003_cRA_V1_covariance_s10,phase2/results/predictions/full/clean_only/tcn/seed_17/bandpass_n20003_cRA_V1_covariance_s10.npz,76338,476b4bd14ff7c4964ca9ed8641804923c5db86b1e5e13bac3e56f4993d56e458
tcn,clean_only,17,bandpass_n20003_cRA_V1_covariance_s5,phase2/results/predictions/full/clean_only/tcn/seed_17/bandpass_n20003_cRA_V1_covariance_s5.npz,76114,806734d43e87e983ef5db3972df63861e12e56f45e4abd8a5dcba9850911895d
tcn,clean_only,17,bandpass_n20003_cRA_V1_covariance_s0,phase2/results/predictions/full/clean_only/tcn/seed_17/bandpass_n20003_cRA_V1_covariance_s0.npz,75681,3d97efa6db89fa71835d3c9a358ca34f79d89a8655804019ac60909bdafefc66
tcn,clean_only,17,bandpass_n20003_cLA_V6_independent_rms_s20,phase2/results/predictions/full/clean_only/tcn/seed_17/bandpass_n20003_cLA_V6_independent_rms_s20.npz,76475,052c16a289a8129bb83f857b1676bcef434e823e7a2b9e1315b1f688712af729
tcn,clean_only,17,bandpass_n20003_cLA_V6_independent_rms_s15,phase2/results/predictions/full/clean_only/tcn/seed_17/bandpass_n20003_cLA_V6_independent_rms_s15.npz,76483,c8e30c442f9c0a7d20f995d9cbf1763acfaf0e4defb2572a96c86fa2c97cacd0
tcn,clean_only,17,bandpass_n20003_cLA_V6_independent_rms_s10,phase2/results/predictions/full/clean_only/tcn/seed_17/bandpass_n20003_cLA_V6_independent_rms_s10.npz,76379,b7e837b0b5e26e490e381499e9bb0e6890d7e8c8442edaaa0055336041ea4b3f
tcn,clean_only,17,bandpass_n20003_cLA_V6_independent_rms_s5,phase2/results/predictions/full/clean_only/tcn/seed_17/bandpass_n20003_cLA_V6_independent_rms_s5.npz,76282,0b662faf2c33d8a97f812233da1b783dff1157a77b54805d5def4762bc8364d4
tcn,clean_only,17,bandpass_n20003_cLA_V6_independent_rms_s0,phase2/results/predictions/full/clean_only/tcn/seed_17/bandpass_n20003_cLA_V6_independent_rms_s0.npz,75909,0196d4864122d774e0d9045bc36feb0ec19f4bd375ae52d37c974e35e67e06b1
tcn,clean_only,17,bandpass_n20003_cLA_V6_electrode_s20,phase2/results/predictions/full/clean_only/tcn/seed_17/bandpass_n20003_cLA_V6_electrode_s20.npz,76460,486ba40efc07c4a48af4550a8af61af59bd4d413d33fce0c58607b880fb23b46
tcn,clean_only,17,bandpass_n20003_cLA_V6_electrode_s15,phase2/results/predictions/full/clean_only/tcn/seed_17/bandpass_n20003_cLA_V6_electrode_s15.npz,76416,ec6afec9f1c42432f11275b4c0249dec86a382c55f916de90a06626c577cb54c
tcn,clean_only,17,bandpass_n20003_cLA_V6_electrode_s10,phase2/results/predictions/full/clean_only/tcn/seed_17/bandpass_n20003_cLA_V6_electrode_s10.npz,76364,5829a02c70185a48555d43c779aa72e6ed1fd8d89717dc7145ceed2dd13ea0d1
tcn,clean_only,17,bandpass_n20003_cLA_V6_electrode_s5,phase2/results/predictions/full/clean_only/tcn/seed_17/bandpass_n20003_cLA_V6_electrode_s5.npz,76141,bf12e976b28b0f499a4c1c84d8c61b268f170b307ab71d704e21b5e8d0a3943b
tcn,clean_only,17,bandpass_n20003_cLA_V6_electrode_s0,phase2/results/predictions/full/clean_only/tcn/seed_17/bandpass_n20003_cLA_V6_electrode_s0.npz,75717,ece46587ee456922e92899dba34392bb2b1195b5fdad19757fad56316135cadd
tcn,clean_only,17,bandpass_n20003_cLA_V6_covariance_s20,phase2/results/predictions/full/clean_only/tcn/seed_17/bandpass_n20003_cLA_V6_covariance_s20.npz,76447,617a6ab99cd214a29fbc9d3d4718fcacfe396fff74960f97d828c18601d54a86
tcn,clean_only,17,bandpass_n20003_cLA_V6_covariance_s15,phase2/results/predictions/full/clean_only/tcn/seed_17/bandpass_n20003_cLA_V6_covariance_s15.npz,76438,f82e032866abbe0220a9d2206113e3bb965e512367cc1a06d74f997b89c318d5
tcn,clean_only,17,bandpass_n20003_cLA_V6_covariance_s10,phase2/results/predictions/full/clean_only/tcn/seed_17/bandpass_n20003_cLA_V6_covariance_s10.npz,76355,19b1f668d7ea1ea8373352ef0c4ed03fd60d9f90b2a42fce017d4862909e8caf
tcn,clean_only,17,bandpass_n20003_cLA_V6_covariance_s5,phase2/results/predictions/full/clean_only/tcn/seed_17/bandpass_n20003_cLA_V6_covariance_s5.npz,76106,d421912049d2e2cb7ac129b03aab4af7bb71b3bb9d21e6406166e17272732c81
tcn,clean_only,17,bandpass_n20003_cLA_V6_covariance_s0,phase2/results/predictions/full/clean_only/tcn/seed_17/bandpass_n20003_cLA_V6_covariance_s0.npz,75723,876bc90bf4d275b8704a983f52dfb2426d2fc1817ee936888a6b41e3225458de
tcn,clean_only,17,bandpass_n20003_cLL_V4_independent_rms_s20,phase2/results/predictions/full/clean_only/tcn/seed_17/bandpass_n20003_cLL_V4_independent_rms_s20.npz,76472,e56e11b58500dd35b10b049e83c355c2221f2b75125e0f2d16ba46ba918e3f32
tcn,clean_only,17,bandpass_n20003_cLL_V4_independent_rms_s15,phase2/results/predictions/full/clean_only/tcn/seed_17/bandpass_n20003_cLL_V4_independent_rms_s15.npz,76429,4932fd06e53fe4bb141c650b141ab999a30aaefe69d2552e10c1e811dd8e9977
tcn,clean_only,17,bandpass_n20003_cLL_V4_independent_rms_s10,phase2/results/predictions/full/clean_only/tcn/seed_17/bandpass_n20003_cLL_V4_independent_rms_s10.npz,76360,02aef062f67603d51d3033055c26ea8d7641b6cfe1d25591687f7994904240ac
tcn,clean_only,17,bandpass_n20003_cLL_V4_independent_rms_s5,phase2/results/predictions/full/clean_only/tcn/seed_17/bandpass_n20003_cLL_V4_independent_rms_s5.npz,76255,64c1e46924592b2c9aee54a1d8f8f45bf182bcf289f57f426f84ac81ecd487b9
tcn,clean_only,17,bandpass_n20003_cLL_V4_independent_rms_s0,phase2/results/predictions/full/clean_only/tcn/seed_17/bandpass_n20003_cLL_V4_independent_rms_s0.npz,75822,0e207a3ca531698f8c7edf53787a5266af392e119fd7eea16a90472159b538f1
tcn,clean_only,17,bandpass_n20003_cLL_V4_electrode_s20,phase2/results/predictions/full/clean_only/tcn/seed_17/bandpass_n20003_cLL_V4_electrode_s20.npz,76448,dd79e30532d8ccc79f2fdaa69696f6bba506e52ec39de3de80a5c985d71b308e
tcn,clean_only,17,bandpass_n20003_cLL_V4_electrode_s15,phase2/results/predictions/full/clean_only/tcn/seed_17/bandpass_n20003_cLL_V4_electrode_s15.npz,76445,db3e73241f8dcbd5ea8cf838bf4516a1823b0ee88435397186bfaf5df3b3cbc8
tcn,clean_only,17,bandpass_n20003_cLL_V4_electrode_s10,phase2/results/predictions/full/clean_only/tcn/seed_17/bandpass_n20003_cLL_V4_electrode_s10.npz,76376,7c4d112ac52f2ef58d4298488740372a8c49831f3196931dd8743493bf6c1467
tcn,clean_only,17,bandpass_n20003_cLL_V4_electrode_s5,phase2/results/predictions/full/clean_only/tcn/seed_17/bandpass_n20003_cLL_V4_electrode_s5.npz,76157,9ce699d8a9235eba175fe1cad957c78a2095c961d4d7a2208cf8c288587978f1
tcn,clean_only,17,bandpass_n20003_cLL_V4_electrode_s0,phase2/results/predictions/full/clean_only/tcn/seed_17/bandpass_n20003_cLL_V4_electrode_s0.npz,75826,0a5c1f98ef911490d91649451096da50f54472d150f27241aa9969829db49d83
tcn,clean_only,17,bandpass_n20003_cLL_V4_covariance_s20,phase2/results/predictions/full/clean_only/tcn/seed_17/bandpass_n20003_cLL_V4_covariance_s20.npz,76466,7b747d457a8ece2f720caca818e201c15444de6bed8ab48273cc61d48afd0f90
tcn,clean_only,17,bandpass_n20003_cLL_V4_covariance_s15,phase2/results/predictions/full/clean_only/tcn/seed_17/bandpass_n20003_cLL_V4_covariance_s15.npz,76446,ebaadd455d00fe401c4ba00b6bb8244a279e9ca421d2b1857ac5d57158251e71
tcn,clean_only,17,bandpass_n20003_cLL_V4_covariance_s10,phase2/results/predictions/full/clean_only/tcn/seed_17/bandpass_n20003_cLL_V4_covariance_s10.npz,76350,bbe0de93db197179a848fe3f5463a51a7b1eb3d552265b58e7a9f67e9682441c
tcn,clean_only,17,bandpass_n20003_cLL_V4_covariance_s5,phase2/results/predictions/full/clean_only/tcn/seed_17/bandpass_n20003_cLL_V4_covariance_s5.npz,76174,1d55e6d653c0c7cab1cbd9c0bc5eba3c3e173cd8b86013e7c42264b91ea0e624
tcn,clean_only,17,bandpass_n20003_cLL_V4_covariance_s0,phase2/results/predictions/full/clean_only/tcn/seed_17/bandpass_n20003_cLL_V4_covariance_s0.npz,75789,111c2a69e7294a34a2ab155d7ba0810c246a95a734a896d227982ab71721f851
tcn,clean_only,17,bandpass_n20003_cRA_LA_V1_V6_independent_rms_s20,phase2/results/predictions/full/clean_only/tcn/seed_17/bandpass_n20003_cRA_LA_V1_V6_independent_rms_s20.npz,76462,9661028c06559e7a67a1879d6497dfaf6ec97a2dbedfc38818d3dddbbe40791d
tcn,clean_only,17,bandpass_n20003_cRA_LA_V1_V6_independent_rms_s15,phase2/results/predictions/full/clean_only/tcn/seed_17/bandpass_n20003_cRA_LA_V1_V6_independent_rms_s15.npz,76462,c6dca12e647662bace8e2d5628df704c895d5d65f5f293c2500ee1bda9ac3bba
tcn,clean_only,17,bandpass_n20003_cRA_LA_V1_V6_independent_rms_s10,phase2/results/predictions/full/clean_only/tcn/seed_17/bandpass_n20003_cRA_LA_V1_V6_independent_rms_s10.npz,76376,1233249b5e2bce4106c90d9832e015bd7e595b9b610665a0d6e04b22ed2cb19b
tcn,clean_only,17,bandpass_n20003_cRA_LA_V1_V6_independent_rms_s5,phase2/results/predictions/full/clean_only/tcn/seed_17/bandpass_n20003_cRA_LA_V1_V6_independent_rms_s5.npz,76250,af2525f19159f1dabd6f74cf6045cdadafb6b00c08f2d0117667d9665a1bc3c5
tcn,clean_only,17,bandpass_n20003_cRA_LA_V1_V6_independent_rms_s0,phase2/results/predictions/full/clean_only/tcn/seed_17/bandpass_n20003_cRA_LA_V1_V6_independent_rms_s0.npz,75909,e4a1155d545d0ea0b75e25b11f1460876aad07d74e953971d2b7627109c688d3
tcn,clean_only,17,bandpass_n20003_cRA_LA_V1_V6_electrode_s20,phase2/results/predictions/full/clean_only/tcn/seed_17/bandpass_n20003_cRA_LA_V1_V6_electrode_s20.npz,76473,2e59317adac966b6a2a3553a71b728ee987f33d511154b4f5bf53b5f617988cd
tcn,clean_only,17,bandpass_n20003_cRA_LA_V1_V6_electrode_s15,phase2/results/predictions/full/clean_only/tcn/seed_17/bandpass_n20003_cRA_LA_V1_V6_electrode_s15.npz,76438,c18b0075e7ba54d68c0760b1a5d897c5c073103b5df7d89ce3278bc9f003a568
tcn,clean_only,17,bandpass_n20003_cRA_LA_V1_V6_electrode_s10,phase2/results/predictions/full/clean_only/tcn/seed_17/bandpass_n20003_cRA_LA_V1_V6_electrode_s10.npz,76335,db2aa8d19c1d9006cefe43f810e35853b065f8f2b92a77826f907125f5e6b63e
tcn,clean_only,17,bandpass_n20003_cRA_LA_V1_V6_electrode_s5,phase2/results/predictions/full/clean_only/tcn/seed_17/bandpass_n20003_cRA_LA_V1_V6_electrode_s5.npz,76135,9b4faa27ccc629baecf6707d5703aeb412fd3db57165b56b520d261130e76b2c
tcn,clean_only,17,bandpass_n20003_cRA_LA_V1_V6_electrode_s0,phase2/results/predictions/full/clean_only/tcn/seed_17/bandpass_n20003_cRA_LA_V1_V6_electrode_s0.npz,75619,6d8bdf08a1efe9a57c409eda711db8892d7e6dbc1e9d0843f87650c6b5beb906
tcn,clean_only,17,bandpass_n20003_cRA_LA_V1_V6_covariance_s20,phase2/results/predictions/full/clean_only/tcn/seed_17/bandpass_n20003_cRA_LA_V1_V6_covariance_s20.npz,76458,ac409a9507e0386f5ea9185309db5ac63226493cfc89d0650439dc5d736048bd
tcn,clean_only,17,bandpass_n20003_cRA_LA_V1_V6_covariance_s15,phase2/results/predictions/full/clean_only/tcn/seed_17/bandpass_n20003_cRA_LA_V1_V6_covariance_s15.npz,76423,2471fe1dcbeabc54443d50b3b5e7319cea09dbc3b8716ef217419faf297ef47c
tcn,clean_only,17,bandpass_n20003_cRA_LA_V1_V6_covariance_s10,phase2/results/predictions/full/clean_only/tcn/seed_17/bandpass_n20003_cRA_LA_V1_V6_covariance_s10.npz,76368,61d5a96ad172f545b440c66e6a4af509340f2b2964242f5d4b680a1a7d758474
tcn,clean_only,17,bandpass_n20003_cRA_LA_V1_V6_covariance_s5,phase2/results/predictions/full/clean_only/tcn/seed_17/bandpass_n20003_cRA_LA_V1_V6_covariance_s5.npz,76127,52a83bbc793ac719b5c556255a38ee3d4ba313115b61ebc30de876dd11189df2
tcn,clean_only,17,bandpass_n20003_cRA_LA_V1_V6_covariance_s0,phase2/results/predictions/full/clean_only/tcn/seed_17/bandpass_n20003_cRA_LA_V1_V6_covariance_s0.npz,75635,705ca2f3baf5bc724630d2fd83fd73762fe0299b09e8b80ed92e3757059114d9
tcn,clean_only,17,bandpass_n20003_cRA_V2_V5_independent_rms_s20,phase2/results/predictions/full/clean_only/tcn/seed_17/bandpass_n20003_cRA_V2_V5_independent_rms_s20.npz,76484,e5ae9a8e6f39ab4a86bb1cc2f6602b0b42aa05f546980c60cdcc5a28f6040109
tcn,clean_only,17,bandpass_n20003_cRA_V2_V5_independent_rms_s15,phase2/results/predictions/full/clean_only/tcn/seed_17/bandpass_n20003_cRA_V2_V5_independent_rms_s15.npz,76426,e34788269028ef368a94ac29f3955fd9a022a71c010a7dc141cc19185b912a8c
tcn,clean_only,17,bandpass_n20003_cRA_V2_V5_independent_rms_s10,phase2/results/predictions/full/clean_only/tcn/seed_17/bandpass_n20003_cRA_V2_V5_independent_rms_s10.npz,76380,c3f50160d903129424606ff947a93e41887231f8785a766d426218321f29d7ab
tcn,clean_only,17,bandpass_n20003_cRA_V2_V5_independent_rms_s5,phase2/results/predictions/full/clean_only/tcn/seed_17/bandpass_n20003_cRA_V2_V5_independent_rms_s5.npz,76248,d5132e7e0565af26813584d11af1f6222760262902a0d9d79f526718162f0c72
tcn,clean_only,17,bandpass_n20003_cRA_V2_V5_independent_rms_s0,phase2/results/predictions/full/clean_only/tcn/seed_17/bandpass_n20003_cRA_V2_V5_independent_rms_s0.npz,75830,48fc16c596e25782b86c33c9ccca0b61df7cfa503a2ac055a1a317f349caf976
tcn,clean_only,17,bandpass_n20003_cRA_V2_V5_electrode_s20,phase2/results/predictions/full/clean_only/tcn/seed_17/bandpass_n20003_cRA_V2_V5_electrode_s20.npz,76451,59f3b93d4a9176c2fc9cf01c1dd1ecd0cbbc0a2b18055529d951d063090f1986
tcn,clean_only,17,bandpass_n20003_cRA_V2_V5_electrode_s15,phase2/results/predictions/full/clean_only/tcn/seed_17/bandpass_n20003_cRA_V2_V5_electrode_s15.npz,76464,f50e239067abfe309a65c83898b5eb3b5acb72b1ba1fc2d985d251161c9027ef
tcn,clean_only,17,bandpass_n20003_cRA_V2_V5_electrode_s10,phase2/results/predictions/full/clean_only/tcn/seed_17/bandpass_n20003_cRA_V2_V5_electrode_s10.npz,76330,7648199f27b1717df2f7afe4ee0a6d8da877d1fb51ffda82453582b31f69cf48
tcn,clean_only,17,bandpass_n20003_cRA_V2_V5_electrode_s5,phase2/results/predictions/full/clean_only/tcn/seed_17/bandpass_n20003_cRA_V2_V5_electrode_s5.npz,76129,8c802794d2db180c23624ce70e96731c64837ef6588fda0bfed67c6d15ffe17d
tcn,clean_only,17,bandpass_n20003_cRA_V2_V5_electrode_s0,phase2/results/predictions/full/clean_only/tcn/seed_17/bandpass_n20003_cRA_V2_V5_electrode_s0.npz,75728,bcdb6f5a51fe36c20634088b5b8273b5eeff76c7e4a8e9c04ee690afb7e759cb
tcn,clean_only,17,bandpass_n20003_cRA_V2_V5_covariance_s20,phase2/results/predictions/full/clean_only/tcn/seed_17/bandpass_n20003_cRA_V2_V5_covariance_s20.npz,76474,47d749e83126adb17a8f171ea3daa17f83c79ea39f056c4c80595a36be892cca
tcn,clean_only,17,bandpass_n20003_cRA_V2_V5_covariance_s15,phase2/results/predictions/full/clean_only/tcn/seed_17/bandpass_n20003_cRA_V2_V5_covariance_s15.npz,76427,c54c969c02c10ad6486a2e0482477ec7d6f0ce74a398715fc7529a37e59a0242
tcn,clean_only,17,bandpass_n20003_cRA_V2_V5_covariance_s10,phase2/results/predictions/full/clean_only/tcn/seed_17/bandpass_n20003_cRA_V2_V5_covariance_s10.npz,76343,21abc466cbeff7336b7b318b04f6ebd0a0c0ad828026f38761e8ed5add0d9bd2
tcn,clean_only,17,bandpass_n20003_cRA_V2_V5_covariance_s5,phase2/results/predictions/full/clean_only/tcn/seed_17/bandpass_n20003_cRA_V2_V5_covariance_s5.npz,76165,1e070b8758310c38f2358fd99ab17211d9a88c846d7f9120c97f245339ceb976
tcn,clean_only,17,bandpass_n20003_cRA_V2_V5_covariance_s0,phase2/results/predictions/full/clean_only/tcn/seed_17/bandpass_n20003_cRA_V2_V5_covariance_s0.npz,75683,52d290f7e537ec9d98727e149fa1fc3647c415db02d74639325fad23bf8d17ef
tcn,clean_only,17,bandpass_n20003_cLA_V3_V6_independent_rms_s20,phase2/results/predictions/full/clean_only/tcn/seed_17/bandpass_n20003_cLA_V3_V6_independent_rms_s20.npz,76494,1c7ca4624b703c9aea24c7b911bea26d85fabe37d9826dd33846c0923cc69c63
tcn,clean_only,17,bandpass_n20003_cLA_V3_V6_independent_rms_s15,phase2/results/predictions/full/clean_only/tcn/seed_17/bandpass_n20003_cLA_V3_V6_independent_rms_s15.npz,76457,80fac8271419ba9dc7483acd63c11e61cf6a56c77cc820d2098364e361dcc958
tcn,clean_only,17,bandpass_n20003_cLA_V3_V6_independent_rms_s10,phase2/results/predictions/full/clean_only/tcn/seed_17/bandpass_n20003_cLA_V3_V6_independent_rms_s10.npz,76400,a46177894a1a9c5e86f5b2dd4f77b1abbce2782a073724b4ce86c6f303996a2e
tcn,clean_only,17,bandpass_n20003_cLA_V3_V6_independent_rms_s5,phase2/results/predictions/full/clean_only/tcn/seed_17/bandpass_n20003_cLA_V3_V6_independent_rms_s5.npz,76275,d1143a294b8b1d25fc73f1abde91bc0b720433ff4b7c7080f2c1998680c1cfc9
tcn,clean_only,17,bandpass_n20003_cLA_V3_V6_independent_rms_s0,phase2/results/predictions/full/clean_only/tcn/seed_17/bandpass_n20003_cLA_V3_V6_independent_rms_s0.npz,75964,7dd3f12730501ab4590bbec41809237f901fb83f08ba32dab2d72862ff795d4a
tcn,clean_only,17,bandpass_n20003_cLA_V3_V6_electrode_s20,phase2/results/predictions/full/clean_only/tcn/seed_17/bandpass_n20003_cLA_V3_V6_electrode_s20.npz,76484,23e090ef429f66b6e29fa17414f712fb6b62378ce37bc8a5a4fd6934ce45c798
tcn,clean_only,17,bandpass_n20003_cLA_V3_V6_electrode_s15,phase2/results/predictions/full/clean_only/tcn/seed_17/bandpass_n20003_cLA_V3_V6_electrode_s15.npz,76437,9e9c7a6aa3406351f2a6670a8c69e4b8790acb3bc1c589a70cc041e489bbe67f
tcn,clean_only,17,bandpass_n20003_cLA_V3_V6_electrode_s10,phase2/results/predictions/full/clean_only/tcn/seed_17/bandpass_n20003_cLA_V3_V6_electrode_s10.npz,76354,24362277322de21ac0ddbe45712b4c7a5f6fbe53eca73a3cc99de326b110ee08
tcn,clean_only,17,bandpass_n20003_cLA_V3_V6_electrode_s5,phase2/results/predictions/full/clean_only/tcn/seed_17/bandpass_n20003_cLA_V3_V6_electrode_s5.npz,76141,d99cd442450e10bd766f4d3213d8702c54d955e66cc40391a5e1dd34900b75af
tcn,clean_only,17,bandpass_n20003_cLA_V3_V6_electrode_s0,phase2/results/predictions/full/clean_only/tcn/seed_17/bandpass_n20003_cLA_V3_V6_electrode_s0.npz,75732,fe203981972c3aa47b465ab0c7b80157d4ab71148b424290999340d00bdcb2a4
tcn,clean_only,17,bandpass_n20003_cLA_V3_V6_covariance_s20,phase2/results/predictions/full/clean_only/tcn/seed_17/bandpass_n20003_cLA_V3_V6_covariance_s20.npz,76480,eadfff20c6972a9f6a482284f39b59dff0afa8186cb1f1a7077bee7da38005b7
tcn,clean_only,17,bandpass_n20003_cLA_V3_V6_covariance_s15,phase2/results/predictions/full/clean_only/tcn/seed_17/bandpass_n20003_cLA_V3_V6_covariance_s15.npz,76450,32c9a2a73a3361c24cafccf5a023e4205ecc25c767a9288c71f740792cf8608f
tcn,clean_only,17,bandpass_n20003_cLA_V3_V6_covariance_s10,phase2/results/predictions/full/clean_only/tcn/seed_17/bandpass_n20003_cLA_V3_V6_covariance_s10.npz,76359,b8dd644d32d0c482902206b9f04fe728e32fc8891fa33f8f56f0daf8125d8606
tcn,clean_only,17,bandpass_n20003_cLA_V3_V6_covariance_s5,phase2/results/predictions/full/clean_only/tcn/seed_17/bandpass_n20003_cLA_V3_V6_covariance_s5.npz,76160,f66cb2b148229ac78fd1e489e600a930280e2fe411847e9f81fad6d1ca4f290e
tcn,clean_only,17,bandpass_n20003_cLA_V3_V6_covariance_s0,phase2/results/predictions/full/clean_only/tcn/seed_17/bandpass_n20003_cLA_V3_V6_covariance_s0.npz,75723,8f141dfa7adb12d516db547d6c934e68cb1c7818059b36cd02d6843110995d7c
tcn,clean_only,17,bandpass_n20003_cLL_V1_V4_independent_rms_s20,phase2/results/predictions/full/clean_only/tcn/seed_17/bandpass_n20003_cLL_V1_V4_independent_rms_s20.npz,76480,78fa313cd8ed742a3e29ed7c6019c2749ca44d9d6f03cf676b1a6e7f672b8f55
tcn,clean_only,17,bandpass_n20003_cLL_V1_V4_independent_rms_s15,phase2/results/predictions/full/clean_only/tcn/seed_17/bandpass_n20003_cLL_V1_V4_independent_rms_s15.npz,76453,6504e2c2df9a3aba88f4c67007035152f9fc76b1eade63c888dcd54dafc5cbec
tcn,clean_only,17,bandpass_n20003_cLL_V1_V4_independent_rms_s10,phase2/results/predictions/full/clean_only/tcn/seed_17/bandpass_n20003_cLL_V1_V4_independent_rms_s10.npz,76414,920430574c34c9d1fbedd56e647f0abcac211643f2a73ce95c5edb4452e90a36
tcn,clean_only,17,bandpass_n20003_cLL_V1_V4_independent_rms_s5,phase2/results/predictions/full/clean_only/tcn/seed_17/bandpass_n20003_cLL_V1_V4_independent_rms_s5.npz,76231,d2cb8e84529a6b99e98352a634abbcb55f3ad19770dc2f97319628d56b02eba8
tcn,clean_only,17,bandpass_n20003_cLL_V1_V4_independent_rms_s0,phase2/results/predictions/full/clean_only/tcn/seed_17/bandpass_n20003_cLL_V1_V4_independent_rms_s0.npz,75867,381866a37b12a66333e9f8a6b4f31f601cf64940c4c919d5c536289ec369881d
tcn,clean_only,17,bandpass_n20003_cLL_V1_V4_electrode_s20,phase2/results/predictions/full/clean_only/tcn/seed_17/bandpass_n20003_cLL_V1_V4_electrode_s20.npz,76470,df515b0b29faffd8d0b48bd63ebfc1097478bba89d0193e90139d4f2b3d9faf2
tcn,clean_only,17,bandpass_n20003_cLL_V1_V4_electrode_s15,phase2/results/predictions/full/clean_only/tcn/seed_17/bandpass_n20003_cLL_V1_V4_electrode_s15.npz,76461,dcbf9a6e7a795a00cda98370dc248fd837b2036182d21a716d9f3dbc9ed905ce
tcn,clean_only,17,bandpass_n20003_cLL_V1_V4_electrode_s10,phase2/results/predictions/full/clean_only/tcn/seed_17/bandpass_n20003_cLL_V1_V4_electrode_s10.npz,76358,e1612a5a2244ca48b196c59c2eb0c572ecd1d355b2b36c47711aeb1a9ef8737e
tcn,clean_only,17,bandpass_n20003_cLL_V1_V4_electrode_s5,phase2/results/predictions/full/clean_only/tcn/seed_17/bandpass_n20003_cLL_V1_V4_electrode_s5.npz,76185,d6e052d7b04a31587fe3aad91fd0e355ad15709515764dccea214ff0fabdb605
tcn,clean_only,17,bandpass_n20003_cLL_V1_V4_electrode_s0,phase2/results/predictions/full/clean_only/tcn/seed_17/bandpass_n20003_cLL_V1_V4_electrode_s0.npz,75824,2ca756849fc5edd81ef56e7e9cc1f69dd31876dfd6d5c8954a91682f7d65e5fb
tcn,clean_only,17,bandpass_n20003_cLL_V1_V4_covariance_s20,phase2/results/predictions/full/clean_only/tcn/seed_17/bandpass_n20003_cLL_V1_V4_covariance_s20.npz,76449,760c37d3273e6eeb599e573238e2c4cd0336d9db61062def6fb01e185dc616e2
tcn,clean_only,17,bandpass_n20003_cLL_V1_V4_covariance_s15,phase2/results/predictions/full/clean_only/tcn/seed_17/bandpass_n20003_cLL_V1_V4_covariance_s15.npz,76449,b9112dc1ba38458c9093c4312176b0aff9058fa939b5bb48446ed2fe93098216
tcn,clean_only,17,bandpass_n20003_cLL_V1_V4_covariance_s10,phase2/results/predictions/full/clean_only/tcn/seed_17/bandpass_n20003_cLL_V1_V4_covariance_s10.npz,76381,067259832388a819d0d5a44d8fcc1dda745f389ff65c472863a607a564c84924
tcn,clean_only,17,bandpass_n20003_cLL_V1_V4_covariance_s5,phase2/results/predictions/full/clean_only/tcn/seed_17/bandpass_n20003_cLL_V1_V4_covariance_s5.npz,76177,ea3f1ab45f9d750d3062f71cc175086d1800b17bb214dcdcfe8978a291a934b6
tcn,clean_only,17,bandpass_n20003_cLL_V1_V4_covariance_s0,phase2/results/predictions/full/clean_only/tcn/seed_17/bandpass_n20003_cLL_V1_V4_covariance_s0.npz,75821,9a4eadbdec5e646a4f5fe81b36453dab42780aed613f9bf6a99f83c06119c608
tcn,clean_only,17,bandpass_n20003_call_independent_rms_s20,phase2/results/predictions/full/clean_only/tcn/seed_17/bandpass_n20003_call_independent_rms_s20.npz,76465,7d94bb5e1182181db9ea25b339a56073ca2c2cea4ac3e1f969eb904dfa3f900b
tcn,clean_only,17,bandpass_n20003_call_independent_rms_s15,phase2/results/predictions/full/clean_only/tcn/seed_17/bandpass_n20003_call_independent_rms_s15.npz,76439,681514eec9ddfe58a84c91b75454a8334cb371f6cd580926e5788bd14c0fa5bb
tcn,clean_only,17,bandpass_n20003_call_independent_rms_s10,phase2/results/predictions/full/clean_only/tcn/seed_17/bandpass_n20003_call_independent_rms_s10.npz,76345,aecabcf64d2b951f2934af32befb74c644d3955082bb673f4a594f69d21e91a0
tcn,clean_only,17,bandpass_n20003_call_independent_rms_s5,phase2/results/predictions/full/clean_only/tcn/seed_17/bandpass_n20003_call_independent_rms_s5.npz,76224,cd35347cf02e56df58b5aa0fff1583f696f4466395b7402da7709aae170aa036
tcn,clean_only,17,bandpass_n20003_call_independent_rms_s0,phase2/results/predictions/full/clean_only/tcn/seed_17/bandpass_n20003_call_independent_rms_s0.npz,75809,efaf6f34954ec50ab2c2d240d35bfc663fe29e64a21e49e36baf999bda8a0367
tcn,clean_only,17,bandpass_n20003_call_electrode_s20,phase2/results/predictions/full/clean_only/tcn/seed_17/bandpass_n20003_call_electrode_s20.npz,76411,47d22f4ab3f24f8ab01a30dcc4185141c8fdfe067305e522a623b5a43a70b5a5
tcn,clean_only,17,bandpass_n20003_call_electrode_s15,phase2/results/predictions/full/clean_only/tcn/seed_17/bandpass_n20003_call_electrode_s15.npz,76420,e9cfa33180ee5ed4c9d3c99bafdfa6ade70eea0341f44a9211ee018216eb4fcb
tcn,clean_only,17,bandpass_n20003_call_electrode_s10,phase2/results/predictions/full/clean_only/tcn/seed_17/bandpass_n20003_call_electrode_s10.npz,76308,48819dcd08f5bc1bfbb988c0e80276e57f7f07e4659bcc7dbd791002e42f1cb8
tcn,clean_only,17,bandpass_n20003_call_electrode_s5,phase2/results/predictions/full/clean_only/tcn/seed_17/bandpass_n20003_call_electrode_s5.npz,76130,5003585b44b160777db83167d89982de7d446cb57248467fb8e9f61ca92d6d88
tcn,clean_only,17,bandpass_n20003_call_electrode_s0,phase2/results/predictions/full/clean_only/tcn/seed_17/bandpass_n20003_call_electrode_s0.npz,75670,395435feeb55dc6cf3f5a7f1b405071d5424e52e769d0290109227b9d24936cc
tcn,clean_only,17,bandpass_n20003_call_covariance_s20,phase2/results/predictions/full/clean_only/tcn/seed_17/bandpass_n20003_call_covariance_s20.npz,76434,78050f6a413210f07758520823536b2fac722baa75208c312c1266a1cc46302b
tcn,clean_only,17,bandpass_n20003_call_covariance_s15,phase2/results/predictions/full/clean_only/tcn/seed_17/bandpass_n20003_call_covariance_s15.npz,76401,746af4fac4c7a5435f72c25b5e495cfab116829666fd0a092edfe5aae30b91ff
tcn,clean_only,17,bandpass_n20003_call_covariance_s10,phase2/results/predictions/full/clean_only/tcn/seed_17/bandpass_n20003_call_covariance_s10.npz,76326,b67590e88a34035dd13cb01f6aa28b6aa3b851d12804fac2a4b9bf8ad7e518d0
tcn,clean_only,17,bandpass_n20003_call_covariance_s5,phase2/results/predictions/full/clean_only/tcn/seed_17/bandpass_n20003_call_covariance_s5.npz,76124,2f9343900afee5530a4bbeb71a4f434773d29c4e3e218f122bcdbedd1c5f6dbc
tcn,clean_only,17,bandpass_n20003_call_covariance_s0,phase2/results/predictions/full/clean_only/tcn/seed_17/bandpass_n20003_call_covariance_s0.npz,75694,b2d7fba36e7cd1ce8ec526a0f28ca1f1f63a6c6f1bd318122614bd367786d80a
tcn,clean_only,17,bandpass_n20004_cRA_LA_LL_independent_rms_s20,phase2/results/predictions/full/clean_only/tcn/seed_17/bandpass_n20004_cRA_LA_LL_independent_rms_s20.npz,76479,38421b59ba0950bc72e30098399205f1852fee3f5a841d0fd15d66b97a90733c
tcn,clean_only,17,bandpass_n20004_cRA_LA_LL_independent_rms_s15,phase2/results/predictions/full/clean_only/tcn/seed_17/bandpass_n20004_cRA_LA_LL_independent_rms_s15.npz,76498,5fcec6084caed23b9e9e77da354ed80a5b7f6127be67ae81581a78f64778eaf0
tcn,clean_only,17,bandpass_n20004_cRA_LA_LL_independent_rms_s10,phase2/results/predictions/full/clean_only/tcn/seed_17/bandpass_n20004_cRA_LA_LL_independent_rms_s10.npz,76388,583758661b43cfe144347ec0f401581e03c192355093a4c11599a1aab52c031a
tcn,clean_only,17,bandpass_n20004_cRA_LA_LL_independent_rms_s5,phase2/results/predictions/full/clean_only/tcn/seed_17/bandpass_n20004_cRA_LA_LL_independent_rms_s5.npz,76183,751f63e9b4f48e2a6986b68f0053ec9fe790740db1893ce29e16c1e01ff40060
tcn,clean_only,17,bandpass_n20004_cRA_LA_LL_independent_rms_s0,phase2/results/predictions/full/clean_only/tcn/seed_17/bandpass_n20004_cRA_LA_LL_independent_rms_s0.npz,75763,44bb7b383cb34c844b79d94166169cbb79df9f75bda7fbabd9d74cc8854a149b
tcn,clean_only,17,bandpass_n20004_cRA_LA_LL_electrode_s20,phase2/results/predictions/full/clean_only/tcn/seed_17/bandpass_n20004_cRA_LA_LL_electrode_s20.npz,76476,4d3d36c4ed2cb83b2884992994b9fea78b6a4f181db128b68e421b777bc84685
tcn,clean_only,17,bandpass_n20004_cRA_LA_LL_electrode_s15,phase2/results/predictions/full/clean_only/tcn/seed_17/bandpass_n20004_cRA_LA_LL_electrode_s15.npz,76425,4317b89309565cf862339a60de1f02d8098b21a6a8bcd37e3021d491ff2886a7
tcn,clean_only,17,bandpass_n20004_cRA_LA_LL_electrode_s10,phase2/results/predictions/full/clean_only/tcn/seed_17/bandpass_n20004_cRA_LA_LL_electrode_s10.npz,76324,cfb2c0ba2c82dcd6602b7a3cc4aaaf2cf82ee3130f9059fcd791e2a8c613f3af
tcn,clean_only,17,bandpass_n20004_cRA_LA_LL_electrode_s5,phase2/results/predictions/full/clean_only/tcn/seed_17/bandpass_n20004_cRA_LA_LL_electrode_s5.npz,76076,5098ad51d8fd12216fec746d57aa4ffc3c24a46e2d35c22659e7cc2a3f9e7b5d
tcn,clean_only,17,bandpass_n20004_cRA_LA_LL_electrode_s0,phase2/results/predictions/full/clean_only/tcn/seed_17/bandpass_n20004_cRA_LA_LL_electrode_s0.npz,75596,c5fb76fcedad8a173111fabae04bc945bdd3e2ecaf43ca9a789e88fd2ecc4ac8
tcn,clean_only,17,bandpass_n20004_cRA_LA_LL_covariance_s20,phase2/results/predictions/full/clean_only/tcn/seed_17/bandpass_n20004_cRA_LA_LL_covariance_s20.npz,76458,0cb302f6bd0d9be9b1ff7ff2c747486b6fe1607a6bb6692aee6362961de67c46
tcn,clean_only,17,bandpass_n20004_cRA_LA_LL_covariance_s15,phase2/results/predictions/full/clean_only/tcn/seed_17/bandpass_n20004_cRA_LA_LL_covariance_s15.npz,76397,c15ce2b9815af07155499bbaf3c80785771833f94ee37f53b013c7883985ac25
tcn,clean_only,17,bandpass_n20004_cRA_LA_LL_covariance_s10,phase2/results/predictions/full/clean_only/tcn/seed_17/bandpass_n20004_cRA_LA_LL_covariance_s10.npz,76329,dcb4f1027135ec1a6599891360c18cd57310b895632be8c5c77861ed64589940
tcn,clean_only,17,bandpass_n20004_cRA_LA_LL_covariance_s5,phase2/results/predictions/full/clean_only/tcn/seed_17/bandpass_n20004_cRA_LA_LL_covariance_s5.npz,76085,5fba316d05bec626d3f1a91ec535ac55a6ad0a015d68adda903e3149381a3849
tcn,clean_only,17,bandpass_n20004_cRA_LA_LL_covariance_s0,phase2/results/predictions/full/clean_only/tcn/seed_17/bandpass_n20004_cRA_LA_LL_covariance_s0.npz,75578,fcdb23e9735453fec4cf1105bbfebdc892b4b1ea9b670ed62a46769c2d36d64c
tcn,clean_only,17,bandpass_n20004_cV1_independent_rms_s20,phase2/results/predictions/full/clean_only/tcn/seed_17/bandpass_n20004_cV1_independent_rms_s20.npz,76480,7812ee013950e9fd7fbeebc1160aff87b01853793dd6b680d75fd415942dcfcb
tcn,clean_only,17,bandpass_n20004_cV1_independent_rms_s15,phase2/results/predictions/full/clean_only/tcn/seed_17/bandpass_n20004_cV1_independent_rms_s15.npz,76445,4b6e505a4e6c341db4f8e59b4ed190a373f053543ec478419130d4f01b29c42a
tcn,clean_only,17,bandpass_n20004_cV1_independent_rms_s10,phase2/results/predictions/full/clean_only/tcn/seed_17/bandpass_n20004_cV1_independent_rms_s10.npz,76395,77e0b8e12bb27234d9808897e5c7a8fa1b3ae9f95786e23e3825d99b78626a05
tcn,clean_only,17,bandpass_n20004_cV1_independent_rms_s5,phase2/results/predictions/full/clean_only/tcn/seed_17/bandpass_n20004_cV1_independent_rms_s5.npz,76247,243bcdd5d707a785275438769f56b0e34058b5d542035fb9e339386ac9fc058b
tcn,clean_only,17,bandpass_n20004_cV1_independent_rms_s0,phase2/results/predictions/full/clean_only/tcn/seed_17/bandpass_n20004_cV1_independent_rms_s0.npz,76008,d4053be021f8d9c34b9c6b6d9417c846969cffd95f1afedc1174a4a8c5d940d8
tcn,clean_only,17,bandpass_n20004_cV1_electrode_s20,phase2/results/predictions/full/clean_only/tcn/seed_17/bandpass_n20004_cV1_electrode_s20.npz,76446,9767d39d9ec6428c53938fc0b924966d053563147ea2bd4c2ec344a1703029d0
tcn,clean_only,17,bandpass_n20004_cV1_electrode_s15,phase2/results/predictions/full/clean_only/tcn/seed_17/bandpass_n20004_cV1_electrode_s15.npz,76414,0bad6b7cf05be7cf2ca2f461e06d30d87f37d728d283e266cdbefdcf47433e58
tcn,clean_only,17,bandpass_n20004_cV1_electrode_s10,phase2/results/predictions/full/clean_only/tcn/seed_17/bandpass_n20004_cV1_electrode_s10.npz,76366,4f825f5c15baebd37ac2341fea2fdd6ac03c818a40aef4819004a3c3926a4664
tcn,clean_only,17,bandpass_n20004_cV1_electrode_s5,phase2/results/predictions/full/clean_only/tcn/seed_17/bandpass_n20004_cV1_electrode_s5.npz,76211,92c85863c9e50af81cdb9e5a305f42edf9f9026c500dac3af9a29b59afa5ca27
tcn,clean_only,17,bandpass_n20004_cV1_electrode_s0,phase2/results/predictions/full/clean_only/tcn/seed_17/bandpass_n20004_cV1_electrode_s0.npz,75981,a22df613133a2f64091805c64d2ad355984e6e56cb808ddfd9970a9b295436b4
tcn,clean_only,17,bandpass_n20004_cV1_covariance_s20,phase2/results/predictions/full/clean_only/tcn/seed_17/bandpass_n20004_cV1_covariance_s20.npz,76433,a4889e99a7dbecc7ec87b03bb99eacc87b1a4ea53f7a9692f567eecdb07c5b89
tcn,clean_only,17,bandpass_n20004_cV1_covariance_s15,phase2/results/predictions/full/clean_only/tcn/seed_17/bandpass_n20004_cV1_covariance_s15.npz,76404,18f1dc9cb495e0272846a79cec9730a8f71ea9eb4be534d8d4017e4fc2c53d9d
tcn,clean_only,17,bandpass_n20004_cV1_covariance_s10,phase2/results/predictions/full/clean_only/tcn/seed_17/bandpass_n20004_cV1_covariance_s10.npz,76374,b6eeb15a91149c130313479b6e7ed13f20e03ee08c3845de3e37eecb6e258b0b
tcn,clean_only,17,bandpass_n20004_cV1_covariance_s5,phase2/results/predictions/full/clean_only/tcn/seed_17/bandpass_n20004_cV1_covariance_s5.npz,76250,679a15b95d6159b429d63c6b38daa054a5266ea68cb1d43e7862d15a9c3b74ca
tcn,clean_only,17,bandpass_n20004_cV1_covariance_s0,phase2/results/predictions/full/clean_only/tcn/seed_17/bandpass_n20004_cV1_covariance_s0.npz,75993,05717eccfe0d22a3a013be069296a6e7782e33074483f0287cd1afde7fc7f61b
tcn,clean_only,17,bandpass_n20004_cV2_independent_rms_s20,phase2/results/predictions/full/clean_only/tcn/seed_17/bandpass_n20004_cV2_independent_rms_s20.npz,76465,bacfa3d8d568b2987a2764919bb6f55221d0b5034de8a24cebcc9b14d7e56d41
tcn,clean_only,17,bandpass_n20004_cV2_independent_rms_s15,phase2/results/predictions/full/clean_only/tcn/seed_17/bandpass_n20004_cV2_independent_rms_s15.npz,76428,9bcd255c1e24834824a9e158bb81517443baa25543bcb36839d7162384fdc998
tcn,clean_only,17,bandpass_n20004_cV2_independent_rms_s10,phase2/results/predictions/full/clean_only/tcn/seed_17/bandpass_n20004_cV2_independent_rms_s10.npz,76384,e9f02eea2342206cae31f43833cbf8c4a4651ef09bbd78e7f5e25e67e0fefa9f
tcn,clean_only,17,bandpass_n20004_cV2_independent_rms_s5,phase2/results/predictions/full/clean_only/tcn/seed_17/bandpass_n20004_cV2_independent_rms_s5.npz,76290,449da0cb1d7c091b5640778e4e4314f7e711132eb822cecb63047b4415505fb8
tcn,clean_only,17,bandpass_n20004_cV2_independent_rms_s0,phase2/results/predictions/full/clean_only/tcn/seed_17/bandpass_n20004_cV2_independent_rms_s0.npz,76021,04c458faa41cf2542145b3f9940ac2551522fadb8956ff626b6abdb810983650
tcn,clean_only,17,bandpass_n20004_cV2_electrode_s20,phase2/results/predictions/full/clean_only/tcn/seed_17/bandpass_n20004_cV2_electrode_s20.npz,76453,928efa8afbb633427e5c5596c1b082532a7e8ae71ea1fbb65d44f0473066d7c3
tcn,clean_only,17,bandpass_n20004_cV2_electrode_s15,phase2/results/predictions/full/clean_only/tcn/seed_17/bandpass_n20004_cV2_electrode_s15.npz,76433,f4925dc5fbba752d466add041ec885c89109add9c7c3f8b7a53780d423630c02
tcn,clean_only,17,bandpass_n20004_cV2_electrode_s10,phase2/results/predictions/full/clean_only/tcn/seed_17/bandpass_n20004_cV2_electrode_s10.npz,76388,04d0501b8b9edb978dab4a2c81c5ecb2b3b63cf4f275fb1728be8188339004cd
tcn,clean_only,17,bandpass_n20004_cV2_electrode_s5,phase2/results/predictions/full/clean_only/tcn/seed_17/bandpass_n20004_cV2_electrode_s5.npz,76249,2ee34036b6f8b3fca9accebf5bf1f1f4c691e62f51df28993ed44e7e38cd72dc
tcn,clean_only,17,bandpass_n20004_cV2_electrode_s0,phase2/results/predictions/full/clean_only/tcn/seed_17/bandpass_n20004_cV2_electrode_s0.npz,76016,611a7bb237275e7bddcf1feb57b2551b3e5ca9b47c3849afe9b3f256ce33b3cc
tcn,clean_only,17,bandpass_n20004_cV2_covariance_s20,phase2/results/predictions/full/clean_only/tcn/seed_17/bandpass_n20004_cV2_covariance_s20.npz,76437,e4e224b71e0a44843040738a5a999aae2591bf8dac71d596b1785a94cb3519fd
tcn,clean_only,17,bandpass_n20004_cV2_covariance_s15,phase2/results/predictions/full/clean_only/tcn/seed_17/bandpass_n20004_cV2_covariance_s15.npz,76441,8934fc6caad74ae1da3ac2f17413db737eccf748d9798a4f73085b6b35bcac3e
tcn,clean_only,17,bandpass_n20004_cV2_covariance_s10,phase2/results/predictions/full/clean_only/tcn/seed_17/bandpass_n20004_cV2_covariance_s10.npz,76407,6245a47b96dc7afc44687fce7f81c025c3526b4f8f4475997a83086b7e45e263
tcn,clean_only,17,bandpass_n20004_cV2_covariance_s5,phase2/results/predictions/full/clean_only/tcn/seed_17/bandpass_n20004_cV2_covariance_s5.npz,76294,9fc6fbb20cb4c3e445b4aecd9da20b2060fbe6d1bfd526a565b155899ea81b59
tcn,clean_only,17,bandpass_n20004_cV2_covariance_s0,phase2/results/predictions/full/clean_only/tcn/seed_17/bandpass_n20004_cV2_covariance_s0.npz,75978,7c1a6fc2050b883814ea4d3725079066e7171cbf8613c78f94801731b3fd71a8
tcn,clean_only,17,bandpass_n20004_cV3_independent_rms_s20,phase2/results/predictions/full/clean_only/tcn/seed_17/bandpass_n20004_cV3_independent_rms_s20.npz,76472,a92bb6d9253c28ed54a5afb96d9926fd5114650edf03cd5ed2db7dbaf8fa9a8a
tcn,clean_only,17,bandpass_n20004_cV3_independent_rms_s15,phase2/results/predictions/full/clean_only/tcn/seed_17/bandpass_n20004_cV3_independent_rms_s15.npz,76444,33b84dc029801ecfe640e62fd02f4aba1402d6f9e73a9248d31ae01d2bdcc82b
tcn,clean_only,17,bandpass_n20004_cV3_independent_rms_s10,phase2/results/predictions/full/clean_only/tcn/seed_17/bandpass_n20004_cV3_independent_rms_s10.npz,76403,41f286dc0c902e326cb01f08f4fa27d443f40020d9ad058e9bf94c6a205011fe
tcn,clean_only,17,bandpass_n20004_cV3_independent_rms_s5,phase2/results/predictions/full/clean_only/tcn/seed_17/bandpass_n20004_cV3_independent_rms_s5.npz,76296,3a25ba9ee97a135b88e55d6d31e5b931b1eabc9d178eaa1486702d78e48b4703
tcn,clean_only,17,bandpass_n20004_cV3_independent_rms_s0,phase2/results/predictions/full/clean_only/tcn/seed_17/bandpass_n20004_cV3_independent_rms_s0.npz,75942,5e26593e55b3b0bc8d23021ab25161612e3d66ee739834a8ad207812e4acc788
tcn,clean_only,17,bandpass_n20004_cV3_electrode_s20,phase2/results/predictions/full/clean_only/tcn/seed_17/bandpass_n20004_cV3_electrode_s20.npz,76473,b9a6cc1aeebf25acf5bb871e7097e0c648362c539de91bb56f824d89533110d8
tcn,clean_only,17,bandpass_n20004_cV3_electrode_s15,phase2/results/predictions/full/clean_only/tcn/seed_17/bandpass_n20004_cV3_electrode_s15.npz,76436,0967ae8ce5f39fe8a248ce51722813469278eb1aa0defd6f2501e6149a00989a
tcn,clean_only,17,bandpass_n20004_cV3_electrode_s10,phase2/results/predictions/full/clean_only/tcn/seed_17/bandpass_n20004_cV3_electrode_s10.npz,76377,b6c7c146bbf5498ac287389ee006b859b78c314cf50674e4c5c0ad2a005d8c59
tcn,clean_only,17,bandpass_n20004_cV3_electrode_s5,phase2/results/predictions/full/clean_only/tcn/seed_17/bandpass_n20004_cV3_electrode_s5.npz,76252,6c0a68d96ad219041882fbe40b15b5334e13c30d76b75eef06202f1ebec97e65
tcn,clean_only,17,bandpass_n20004_cV3_electrode_s0,phase2/results/predictions/full/clean_only/tcn/seed_17/bandpass_n20004_cV3_electrode_s0.npz,75952,d6446daead2ed3eccbfb7e00030f9479058f033dd4c90da80918b001b798c7f5
tcn,clean_only,17,bandpass_n20004_cV3_covariance_s20,phase2/results/predictions/full/clean_only/tcn/seed_17/bandpass_n20004_cV3_covariance_s20.npz,76479,db0dadd49838ffb295db4fa1e07bf27882dd312d303460f27a42274aad7e14d5
tcn,clean_only,17,bandpass_n20004_cV3_covariance_s15,phase2/results/predictions/full/clean_only/tcn/seed_17/bandpass_n20004_cV3_covariance_s15.npz,76435,6c18fc81cdbdbdf390484488827e80acff68a8ab9483c488f37f5c800d176e80
tcn,clean_only,17,bandpass_n20004_cV3_covariance_s10,phase2/results/predictions/full/clean_only/tcn/seed_17/bandpass_n20004_cV3_covariance_s10.npz,76402,70e67d8502c7239968e58596753987812eaa7c082d253925042eebd1f7ff0b3b
tcn,clean_only,17,bandpass_n20004_cV3_covariance_s5,phase2/results/predictions/full/clean_only/tcn/seed_17/bandpass_n20004_cV3_covariance_s5.npz,76250,369bf960311923a5b7165ed45f3b81806ad9c84a68cc3baed95186e08772a7ed
tcn,clean_only,17,bandpass_n20004_cV3_covariance_s0,phase2/results/predictions/full/clean_only/tcn/seed_17/bandpass_n20004_cV3_covariance_s0.npz,75927,ccd7a3afbdeaa99b54ee71f8b78f2411e6ea834a0b64dde05a0151d544be8372
tcn,clean_only,17,bandpass_n20004_cV4_independent_rms_s20,phase2/results/predictions/full/clean_only/tcn/seed_17/bandpass_n20004_cV4_independent_rms_s20.npz,76461,dc10e0730e02d00c4a6748a214d8b1500e9b6bafe406f12d26cb9371d5d7883d
tcn,clean_only,17,bandpass_n20004_cV4_independent_rms_s15,phase2/results/predictions/full/clean_only/tcn/seed_17/bandpass_n20004_cV4_independent_rms_s15.npz,76481,971253cdd3da0bac8a7d817633956a48df584bceb4df0c5ace4554f093a62948
tcn,clean_only,17,bandpass_n20004_cV4_independent_rms_s10,phase2/results/predictions/full/clean_only/tcn/seed_17/bandpass_n20004_cV4_independent_rms_s10.npz,76420,d5b7c4e9ca25dd0e316f52c75b951d98f82895d3d5bd11b2ce5ded3e91e157d7
tcn,clean_only,17,bandpass_n20004_cV4_independent_rms_s5,phase2/results/predictions/full/clean_only/tcn/seed_17/bandpass_n20004_cV4_independent_rms_s5.npz,76388,9c7fdd7159568a2bdaf4b432a45bb1f17938ed8d9b1572dbefbd2872a0d2aafc
tcn,clean_only,17,bandpass_n20004_cV4_independent_rms_s0,phase2/results/predictions/full/clean_only/tcn/seed_17/bandpass_n20004_cV4_independent_rms_s0.npz,76257,38b37b632aaeb81c7dcb0007d1ad113f1b03ab32a3edc7d03b214e36555f3959
tcn,clean_only,17,bandpass_n20004_cV4_electrode_s20,phase2/results/predictions/full/clean_only/tcn/seed_17/bandpass_n20004_cV4_electrode_s20.npz,76431,987038ad7345523687aa041440e4b434a415f3fda0e0e6e13ec6f3cfd797b047
tcn,clean_only,17,bandpass_n20004_cV4_electrode_s15,phase2/results/predictions/full/clean_only/tcn/seed_17/bandpass_n20004_cV4_electrode_s15.npz,76454,a0af40663235df699657c864fb5bc64ac52743c1806a242cf5d51e2edcb9be6b
tcn,clean_only,17,bandpass_n20004_cV4_electrode_s10,phase2/results/predictions/full/clean_only/tcn/seed_17/bandpass_n20004_cV4_electrode_s10.npz,76388,4f33b8126c568f41e2c787d2ff7238d25d2a1fafe3b36c3afe3572f6bb769312
tcn,clean_only,17,bandpass_n20004_cV4_electrode_s5,phase2/results/predictions/full/clean_only/tcn/seed_17/bandpass_n20004_cV4_electrode_s5.npz,76404,68bf3b1d201aaa132d31b98ef09fb8da721524fdda1f87db5d23bb3d6419a24f
tcn,clean_only,17,bandpass_n20004_cV4_electrode_s0,phase2/results/predictions/full/clean_only/tcn/seed_17/bandpass_n20004_cV4_electrode_s0.npz,76248,f39746bda8be7fb530f46363316d5a7c79854de1adf0d58c33ea30378e9fb235
tcn,clean_only,17,bandpass_n20004_cV4_covariance_s20,phase2/results/predictions/full/clean_only/tcn/seed_17/bandpass_n20004_cV4_covariance_s20.npz,76470,a5c219731ad13bda11ef9d4ffecb79469147d548b5381472549d29a2b8d2ca9d
tcn,clean_only,17,bandpass_n20004_cV4_covariance_s15,phase2/results/predictions/full/clean_only/tcn/seed_17/bandpass_n20004_cV4_covariance_s15.npz,76438,26dd0389e74eeebf240e13cdf9ef7d2a4cfc2401eeecbaf40265101e66cadc8e
tcn,clean_only,17,bandpass_n20004_cV4_covariance_s10,phase2/results/predictions/full/clean_only/tcn/seed_17/bandpass_n20004_cV4_covariance_s10.npz,76441,e3ab62c7760cc6ac36a82e720b4ab446dfb8f0d399c70014e653f69e5f8d414e
tcn,clean_only,17,bandpass_n20004_cV4_covariance_s5,phase2/results/predictions/full/clean_only/tcn/seed_17/bandpass_n20004_cV4_covariance_s5.npz,76351,c12dd1b452d092987260bc8f8c2bbf3cd94cab1f0417d70886ab6c083528fa5a
tcn,clean_only,17,bandpass_n20004_cV4_covariance_s0,phase2/results/predictions/full/clean_only/tcn/seed_17/bandpass_n20004_cV4_covariance_s0.npz,76276,d79c06dbd3d1e8bd47e0425393dc77f83fb55cd9b359ae9ca23b600230513c0a
tcn,clean_only,17,bandpass_n20004_cV5_independent_rms_s20,phase2/results/predictions/full/clean_only/tcn/seed_17/bandpass_n20004_cV5_independent_rms_s20.npz,76479,14b818cdd97e39abcfa046affde97bb531d6a0dc8f5a97ef0a25341872701804
tcn,clean_only,17,bandpass_n20004_cV5_independent_rms_s15,phase2/results/predictions/full/clean_only/tcn/seed_17/bandpass_n20004_cV5_independent_rms_s15.npz,76418,b70db05461e61b2cb82dd2a0e4e8c09a1c11d2e9056caeb6b576979f45d8d807
tcn,clean_only,17,bandpass_n20004_cV5_independent_rms_s10,phase2/results/predictions/full/clean_only/tcn/seed_17/bandpass_n20004_cV5_independent_rms_s10.npz,76387,fa94887324b35ab3758a5a32dd95d62aed482dda56d7c573d385c19284b17db0
tcn,clean_only,17,bandpass_n20004_cV5_independent_rms_s5,phase2/results/predictions/full/clean_only/tcn/seed_17/bandpass_n20004_cV5_independent_rms_s5.npz,76300,3dee5fae4e79b1f78190cade9d8d8f7c28ede9a0c7e7d5ddda2863b90b505fe4
tcn,clean_only,17,bandpass_n20004_cV5_independent_rms_s0,phase2/results/predictions/full/clean_only/tcn/seed_17/bandpass_n20004_cV5_independent_rms_s0.npz,76015,6259c2d4c99b05200df40fbf961200e334bdf9910bfa928a7b54ab7c00eda457
tcn,clean_only,17,bandpass_n20004_cV5_electrode_s20,phase2/results/predictions/full/clean_only/tcn/seed_17/bandpass_n20004_cV5_electrode_s20.npz,76449,54775879a5e6446f027db6c560e150d344e043703440a25d578653e44051baf5
tcn,clean_only,17,bandpass_n20004_cV5_electrode_s15,phase2/results/predictions/full/clean_only/tcn/seed_17/bandpass_n20004_cV5_electrode_s15.npz,76446,47e09319357e6575065bbf09fd65b4534091d8ed183996d5ca15d6ba0e62f9e4
tcn,clean_only,17,bandpass_n20004_cV5_electrode_s10,phase2/results/predictions/full/clean_only/tcn/seed_17/bandpass_n20004_cV5_electrode_s10.npz,76405,5e2d2728b556606d8a2dca22e067372fbdb1dbc4cb289f03405f221070451f4b
tcn,clean_only,17,bandpass_n20004_cV5_electrode_s5,phase2/results/predictions/full/clean_only/tcn/seed_17/bandpass_n20004_cV5_electrode_s5.npz,76315,9563e25872103d208573d64dd9d14ba8249f8378585c617a4db468a6ff8c36af
tcn,clean_only,17,bandpass_n20004_cV5_electrode_s0,phase2/results/predictions/full/clean_only/tcn/seed_17/bandpass_n20004_cV5_electrode_s0.npz,76048,4296974d9da1e16040256ff4c65f61ee6450db877f4f708e55b1e9a24f1d1d86
tcn,clean_only,17,bandpass_n20004_cV5_covariance_s20,phase2/results/predictions/full/clean_only/tcn/seed_17/bandpass_n20004_cV5_covariance_s20.npz,76470,2813b1b6576777a4a9d5e1ff1db3c83cf21fd18210c695f14a427bc9b6d616c1
tcn,clean_only,17,bandpass_n20004_cV5_covariance_s15,phase2/results/predictions/full/clean_only/tcn/seed_17/bandpass_n20004_cV5_covariance_s15.npz,76441,bc2a182962e8070836825df32a9703b51efd2a4da6c34c7f370836cdee89a984
tcn,clean_only,17,bandpass_n20004_cV5_covariance_s10,phase2/results/predictions/full/clean_only/tcn/seed_17/bandpass_n20004_cV5_covariance_s10.npz,76414,15536a7a362dd54045a38b896a76042a78178e7dc332d09882b08c52c284c8ef
tcn,clean_only,17,bandpass_n20004_cV5_covariance_s5,phase2/results/predictions/full/clean_only/tcn/seed_17/bandpass_n20004_cV5_covariance_s5.npz,76262,86c01b003b68e4cd6dc3cc4471d2d88671da6590010574ed12784cf616f3922c
tcn,clean_only,17,bandpass_n20004_cV5_covariance_s0,phase2/results/predictions/full/clean_only/tcn/seed_17/bandpass_n20004_cV5_covariance_s0.npz,76054,893bc7c003429d1370b27e1f4818d3336b5dd8d31e8f1fc78c33f14157ead1b7
tcn,clean_only,17,bandpass_n20004_cV6_independent_rms_s20,phase2/results/predictions/full/clean_only/tcn/seed_17/bandpass_n20004_cV6_independent_rms_s20.npz,76480,6213fa32743b9f7aa11dd54e9ceccfa8cef6c3ab297e790454ba0174facb9a78
tcn,clean_only,17,bandpass_n20004_cV6_independent_rms_s15,phase2/results/predictions/full/clean_only/tcn/seed_17/bandpass_n20004_cV6_independent_rms_s15.npz,76463,2e56e3705aefdce2836174b83bbdeb9013ea9428da95f3d4657d41395dde50d6
tcn,clean_only,17,bandpass_n20004_cV6_independent_rms_s10,phase2/results/predictions/full/clean_only/tcn/seed_17/bandpass_n20004_cV6_independent_rms_s10.npz,76413,ed489e96e26bc3282ce9ad3d951f46bececb8d661189e1d8c59ea567d3289799
tcn,clean_only,17,bandpass_n20004_cV6_independent_rms_s5,phase2/results/predictions/full/clean_only/tcn/seed_17/bandpass_n20004_cV6_independent_rms_s5.npz,76294,b04648064e09f018dba07dce4ae457951e8541d57754931e8cf60cdd8f4e0841
tcn,clean_only,17,bandpass_n20004_cV6_independent_rms_s0,phase2/results/predictions/full/clean_only/tcn/seed_17/bandpass_n20004_cV6_independent_rms_s0.npz,75925,4073623d9e8134049e789d9d135363e03eb998438d1f514a6dc5a9113d5f06fb
tcn,clean_only,17,bandpass_n20004_cV6_electrode_s20,phase2/results/predictions/full/clean_only/tcn/seed_17/bandpass_n20004_cV6_electrode_s20.npz,76487,d18ee48c30c08458a9d2e7add4517aee33bc66575cbbfdd00688d3c9a9cf5d74
tcn,clean_only,17,bandpass_n20004_cV6_electrode_s15,phase2/results/predictions/full/clean_only/tcn/seed_17/bandpass_n20004_cV6_electrode_s15.npz,76440,a1d5e8afa652f4213758979d8f2c3d6ea0f5c54801610eba4e7eecacb293e14e
tcn,clean_only,17,bandpass_n20004_cV6_electrode_s10,phase2/results/predictions/full/clean_only/tcn/seed_17/bandpass_n20004_cV6_electrode_s10.npz,76411,e35d123d76a306366adef44b48f6513dba3dd622d3a2164bb4e448f1bcf91df8
tcn,clean_only,17,bandpass_n20004_cV6_electrode_s5,phase2/results/predictions/full/clean_only/tcn/seed_17/bandpass_n20004_cV6_electrode_s5.npz,76246,338f260162b65d31f94c3b717c15602979da0a4a0f38e0607a308b056ae2ec7d
tcn,clean_only,17,bandpass_n20004_cV6_electrode_s0,phase2/results/predictions/full/clean_only/tcn/seed_17/bandpass_n20004_cV6_electrode_s0.npz,75933,14c991c8eb7166cfa5726171f8bcaf6d06ab055790e071caa39c5e595e38e6e8
tcn,clean_only,17,bandpass_n20004_cV6_covariance_s20,phase2/results/predictions/full/clean_only/tcn/seed_17/bandpass_n20004_cV6_covariance_s20.npz,76475,61de6c8bbb5b25f413e5a88f008b7f0336e2a5134f9b458b9e4bd7914068d972
tcn,clean_only,17,bandpass_n20004_cV6_covariance_s15,phase2/results/predictions/full/clean_only/tcn/seed_17/bandpass_n20004_cV6_covariance_s15.npz,76440,170002e5460ea0ff574687c5ec4541e55b7b35d2cf03ed866b68a495506bffee
tcn,clean_only,17,bandpass_n20004_cV6_covariance_s10,phase2/results/predictions/full/clean_only/tcn/seed_17/bandpass_n20004_cV6_covariance_s10.npz,76411,0b168c83338e120117e0b47886ad4126eaa79cf79feb319b0a06d64def86da62
tcn,clean_only,17,bandpass_n20004_cV6_covariance_s5,phase2/results/predictions/full/clean_only/tcn/seed_17/bandpass_n20004_cV6_covariance_s5.npz,76254,13e1bfe21db379516348a1ce23d554357c05b8c792ba45916ae475ea97b1ca3d
tcn,clean_only,17,bandpass_n20004_cV6_covariance_s0,phase2/results/predictions/full/clean_only/tcn/seed_17/bandpass_n20004_cV6_covariance_s0.npz,75913,64be4e517fa2230f7da5f1cab417310470d7aa9b47b69ae8705fe45c65d8ab43
tcn,clean_only,17,bandpass_n20004_cRA_LA_independent_rms_s20,phase2/results/predictions/full/clean_only/tcn/seed_17/bandpass_n20004_cRA_LA_independent_rms_s20.npz,76498,89a10f663243bda27927d079114374d7828d3a266afa58e3d1af884b97f98dea
tcn,clean_only,17,bandpass_n20004_cRA_LA_independent_rms_s15,phase2/results/predictions/full/clean_only/tcn/seed_17/bandpass_n20004_cRA_LA_independent_rms_s15.npz,76456,3ad687fb7c7a3d0a5eed976298620152f876d781e6f79a586dd16e86b89630a3
tcn,clean_only,17,bandpass_n20004_cRA_LA_independent_rms_s10,phase2/results/predictions/full/clean_only/tcn/seed_17/bandpass_n20004_cRA_LA_independent_rms_s10.npz,76379,85a88c1fef251432beead5c83f7119febcd1321bda8b0103740c53301c97a520
tcn,clean_only,17,bandpass_n20004_cRA_LA_independent_rms_s5,phase2/results/predictions/full/clean_only/tcn/seed_17/bandpass_n20004_cRA_LA_independent_rms_s5.npz,76201,6cf2f60084d089b98c55d5b7a650dfdc43c54ee3c10a1aba88301d0c2ddef586
tcn,clean_only,17,bandpass_n20004_cRA_LA_independent_rms_s0,phase2/results/predictions/full/clean_only/tcn/seed_17/bandpass_n20004_cRA_LA_independent_rms_s0.npz,75825,d3ea4a44fe393beec4bbbbfba683ce2a082b7580bf5df56d099d2d045e88e188
tcn,clean_only,17,bandpass_n20004_cRA_LA_electrode_s20,phase2/results/predictions/full/clean_only/tcn/seed_17/bandpass_n20004_cRA_LA_electrode_s20.npz,76458,2430425dadc7777a762c52fb1c5c2b923aa5a0ce63184697df7ef60025772bed
tcn,clean_only,17,bandpass_n20004_cRA_LA_electrode_s15,phase2/results/predictions/full/clean_only/tcn/seed_17/bandpass_n20004_cRA_LA_electrode_s15.npz,76426,64ab4103d7dad639827e80f7e86712f9147bab5d828ba080b364a864ac6a3b3f
tcn,clean_only,17,bandpass_n20004_cRA_LA_electrode_s10,phase2/results/predictions/full/clean_only/tcn/seed_17/bandpass_n20004_cRA_LA_electrode_s10.npz,76317,4f859df4e9b4e834967cae17cb3273020d1a97200cbb2c833a5b53357ea2a99a
tcn,clean_only,17,bandpass_n20004_cRA_LA_electrode_s5,phase2/results/predictions/full/clean_only/tcn/seed_17/bandpass_n20004_cRA_LA_electrode_s5.npz,76083,09a51551296745149fce0a8c8e86e75ad5edee4519c35aee54470874d3bbd539
tcn,clean_only,17,bandpass_n20004_cRA_LA_electrode_s0,phase2/results/predictions/full/clean_only/tcn/seed_17/bandpass_n20004_cRA_LA_electrode_s0.npz,75566,c2a2cd35c5bd79df5cdea5a2f15bad294b5f3e16748bb91795d4a1ee99157734
tcn,clean_only,17,bandpass_n20004_cRA_LA_covariance_s20,phase2/results/predictions/full/clean_only/tcn/seed_17/bandpass_n20004_cRA_LA_covariance_s20.npz,76490,7174cfe053b73799f8627c450593b86568a7e1ca5fe5bf94ae6b01749e01921c
tcn,clean_only,17,bandpass_n20004_cRA_LA_covariance_s15,phase2/results/predictions/full/clean_only/tcn/seed_17/bandpass_n20004_cRA_LA_covariance_s15.npz,76443,e748fcce804ce985d7e217ff78cc015b171c689ba5e37b42dd65828b7e1df2d1
tcn,clean_only,17,bandpass_n20004_cRA_LA_covariance_s10,phase2/results/predictions/full/clean_only/tcn/seed_17/bandpass_n20004_cRA_LA_covariance_s10.npz,76319,1e76942f48ec12d0cc7f96bb757a0db12b50fc8d9bea1d2c01a432df794fc405
tcn,clean_only,17,bandpass_n20004_cRA_LA_covariance_s5,phase2/results/predictions/full/clean_only/tcn/seed_17/bandpass_n20004_cRA_LA_covariance_s5.npz,76068,1d95ac046b9efdae54750df6cf31dfbd971ab7f68f0baa3a3b359e5d13e19a79
tcn,clean_only,17,bandpass_n20004_cRA_LA_covariance_s0,phase2/results/predictions/full/clean_only/tcn/seed_17/bandpass_n20004_cRA_LA_covariance_s0.npz,75563,19a7bc9034ffd6ef275c23b60913f6489fbac93770d59808f851b3a5376acc3b
tcn,clean_only,17,bandpass_n20004_cLA_LL_independent_rms_s20,phase2/results/predictions/full/clean_only/tcn/seed_17/bandpass_n20004_cLA_LL_independent_rms_s20.npz,76456,9a1afcb17bccee410a59eaf844614f8ecd20695a692f4105ca16c859036ddf69
tcn,clean_only,17,bandpass_n20004_cLA_LL_independent_rms_s15,phase2/results/predictions/full/clean_only/tcn/seed_17/bandpass_n20004_cLA_LL_independent_rms_s15.npz,76460,504c9aaac30de51c544fbeee3baccdf6b8d73ddd1995b1e047cc9dda33ae01f9
tcn,clean_only,17,bandpass_n20004_cLA_LL_independent_rms_s10,phase2/results/predictions/full/clean_only/tcn/seed_17/bandpass_n20004_cLA_LL_independent_rms_s10.npz,76372,5d5bab35b69190721b2cf72debe089e27a027ad65e1c05cb0fb7331a2c5e68a0
tcn,clean_only,17,bandpass_n20004_cLA_LL_independent_rms_s5,phase2/results/predictions/full/clean_only/tcn/seed_17/bandpass_n20004_cLA_LL_independent_rms_s5.npz,76205,e087e592de7e097cf2b16379595bd5986c567150b3e7f802d27617c98cca6474
tcn,clean_only,17,bandpass_n20004_cLA_LL_independent_rms_s0,phase2/results/predictions/full/clean_only/tcn/seed_17/bandpass_n20004_cLA_LL_independent_rms_s0.npz,75826,2dcd38c4b8e29bdf06e6e3ceb73e787dd8efc0d7c16ad53cb465095ca51f8fdf
tcn,clean_only,17,bandpass_n20004_cLA_LL_electrode_s20,phase2/results/predictions/full/clean_only/tcn/seed_17/bandpass_n20004_cLA_LL_electrode_s20.npz,76447,34cc06b3a12f5a1a0bebc2756a679d606a94693b4f621b681792e5f7229fba9a
tcn,clean_only,17,bandpass_n20004_cLA_LL_electrode_s15,phase2/results/predictions/full/clean_only/tcn/seed_17/bandpass_n20004_cLA_LL_electrode_s15.npz,76428,e0305fcd6de1c9bdc5cf53dba462856e8f9e6e35aeef5b2d72aa85597bbcb806
tcn,clean_only,17,bandpass_n20004_cLA_LL_electrode_s10,phase2/results/predictions/full/clean_only/tcn/seed_17/bandpass_n20004_cLA_LL_electrode_s10.npz,76319,1d3e7ef6897d324d01a29238d8e78b6e20e40122a07630c747cb70f76b7a5735
tcn,clean_only,17,bandpass_n20004_cLA_LL_electrode_s5,phase2/results/predictions/full/clean_only/tcn/seed_17/bandpass_n20004_cLA_LL_electrode_s5.npz,76099,f228cc8277871b369856ca95c60dea298bbe5c007674443f90feae89b521700c
tcn,clean_only,17,bandpass_n20004_cLA_LL_electrode_s0,phase2/results/predictions/full/clean_only/tcn/seed_17/bandpass_n20004_cLA_LL_electrode_s0.npz,75702,8609d5d798c68fc35c2a9e8ff5189486abf56b1c202e19ff8774228fa147652f
tcn,clean_only,17,bandpass_n20004_cLA_LL_covariance_s20,phase2/results/predictions/full/clean_only/tcn/seed_17/bandpass_n20004_cLA_LL_covariance_s20.npz,76458,91f5dda10d9838dcc09147c1d3ca43f2cc58bdb18297c9b9f24c9f69799b8c56
tcn,clean_only,17,bandpass_n20004_cLA_LL_covariance_s15,phase2/results/predictions/full/clean_only/tcn/seed_17/bandpass_n20004_cLA_LL_covariance_s15.npz,76449,bc147b10a09ae94bfd9ec42a5e49e6814613a87fbd5fc47ca3bcd398e3ac1769
tcn,clean_only,17,bandpass_n20004_cLA_LL_covariance_s10,phase2/results/predictions/full/clean_only/tcn/seed_17/bandpass_n20004_cLA_LL_covariance_s10.npz,76322,7771891e88d5b992e52c737da2088a1f27cd275f523ad6d138cd6b59305101ad
tcn,clean_only,17,bandpass_n20004_cLA_LL_covariance_s5,phase2/results/predictions/full/clean_only/tcn/seed_17/bandpass_n20004_cLA_LL_covariance_s5.npz,76096,90042f89fa4ce2aed17b7a8100354b747f5a88ffa040d0ffe4dcde7b87a52812
tcn,clean_only,17,bandpass_n20004_cLA_LL_covariance_s0,phase2/results/predictions/full/clean_only/tcn/seed_17/bandpass_n20004_cLA_LL_covariance_s0.npz,75709,e20e85dadf4aaaccb2dc4ab3e8b97fdbc5cc9591e398227e2b9d34be2ecdc77e
tcn,clean_only,17,bandpass_n20004_cRA_LL_independent_rms_s20,phase2/results/predictions/full/clean_only/tcn/seed_17/bandpass_n20004_cRA_LL_independent_rms_s20.npz,76465,4a4aba3e200428a0007d1c22c66779ad8156bc0657128dd4e040146545e5990a
tcn,clean_only,17,bandpass_n20004_cRA_LL_independent_rms_s15,phase2/results/predictions/full/clean_only/tcn/seed_17/bandpass_n20004_cRA_LL_independent_rms_s15.npz,76436,82772b792b0cb008f5c2f40e5e1c3b58361a31212a40e66f080a840bfe88fea8
tcn,clean_only,17,bandpass_n20004_cRA_LL_independent_rms_s10,phase2/results/predictions/full/clean_only/tcn/seed_17/bandpass_n20004_cRA_LL_independent_rms_s10.npz,76381,39f9c90d26c93462e2bf03d5934bf923850f060689fe255ccf0b9a2383e45b44
tcn,clean_only,17,bandpass_n20004_cRA_LL_independent_rms_s5,phase2/results/predictions/full/clean_only/tcn/seed_17/bandpass_n20004_cRA_LL_independent_rms_s5.npz,76187,a0d337ad9c7467ab9e9d2bc8b4c2ce40a6387096e9c4cec59c3b5674a277faa6
tcn,clean_only,17,bandpass_n20004_cRA_LL_independent_rms_s0,phase2/results/predictions/full/clean_only/tcn/seed_17/bandpass_n20004_cRA_LL_independent_rms_s0.npz,75704,23aa78e86a8b33a96010734c713b52712d6b7ff80e7562cf4fb7322866a97766
tcn,clean_only,17,bandpass_n20004_cRA_LL_electrode_s20,phase2/results/predictions/full/clean_only/tcn/seed_17/bandpass_n20004_cRA_LL_electrode_s20.npz,76440,6fb9cc22d68c9f2fa123db3d65d8f223a4388388fb10b323dae460b3afc6da6d
tcn,clean_only,17,bandpass_n20004_cRA_LL_electrode_s15,phase2/results/predictions/full/clean_only/tcn/seed_17/bandpass_n20004_cRA_LL_electrode_s15.npz,76400,f3a1bfc29bfcb0f4ccc2cba12c26a49dcfde0423ddb3d6856752091dff53674d
tcn,clean_only,17,bandpass_n20004_cRA_LL_electrode_s10,phase2/results/predictions/full/clean_only/tcn/seed_17/bandpass_n20004_cRA_LL_electrode_s10.npz,76306,d724d7075ff37084e0ad8a280eeb0f83430a23c557f7100b8698ef517f436ac2
tcn,clean_only,17,bandpass_n20004_cRA_LL_electrode_s5,phase2/results/predictions/full/clean_only/tcn/seed_17/bandpass_n20004_cRA_LL_electrode_s5.npz,76069,436cce9899aad9921f945b3b49dfdd129ecf1876614f7752997efea0631540f8
tcn,clean_only,17,bandpass_n20004_cRA_LL_electrode_s0,phase2/results/predictions/full/clean_only/tcn/seed_17/bandpass_n20004_cRA_LL_electrode_s0.npz,75566,d2610a0ab2e6b79e3c5eed83308b016ed0002d2e8077240d094981af6f6de116
tcn,clean_only,17,bandpass_n20004_cRA_LL_covariance_s20,phase2/results/predictions/full/clean_only/tcn/seed_17/bandpass_n20004_cRA_LL_covariance_s20.npz,76442,f9236de69510f25f895977125f904babad8120e15a5ca92a3d2419bd7cc1a9d9
tcn,clean_only,17,bandpass_n20004_cRA_LL_covariance_s15,phase2/results/predictions/full/clean_only/tcn/seed_17/bandpass_n20004_cRA_LL_covariance_s15.npz,76408,d8114cda4a7fd593f82efba75758ecd6fdfc047603b54525ed81c81916d532b3
tcn,clean_only,17,bandpass_n20004_cRA_LL_covariance_s10,phase2/results/predictions/full/clean_only/tcn/seed_17/bandpass_n20004_cRA_LL_covariance_s10.npz,76327,93dc3bf5caab2800ce61f15cc05486403961c4fdfbb143e97cac254f2e251b17
tcn,clean_only,17,bandpass_n20004_cRA_LL_covariance_s5,phase2/results/predictions/full/clean_only/tcn/seed_17/bandpass_n20004_cRA_LL_covariance_s5.npz,76086,4831036953f223bace7575e870583d2c9f0f3bf71f34f47e48953bdc604709cc
tcn,clean_only,17,bandpass_n20004_cRA_LL_covariance_s0,phase2/results/predictions/full/clean_only/tcn/seed_17/bandpass_n20004_cRA_LL_covariance_s0.npz,75560,4ae127470e19e4ee0ec8aef3614803e81a9b5da162af6bc88802d3829a8fd1cd
tcn,clean_only,17,bandpass_n20004_cRA_independent_rms_s20,phase2/results/predictions/full/clean_only/tcn/seed_17/bandpass_n20004_cRA_independent_rms_s20.npz,76447,bd0255b2d83c5b04a9c3da28ba27f8f1d9fd6efafc1ebcba88c627b6737730ae
tcn,clean_only,17,bandpass_n20004_cRA_independent_rms_s15,phase2/results/predictions/full/clean_only/tcn/seed_17/bandpass_n20004_cRA_independent_rms_s15.npz,76427,66d60856d395a2f04c1b7d8f0b697d82fc80b9eb3c0df71e12ee3cfa517fef31
tcn,clean_only,17,bandpass_n20004_cRA_independent_rms_s10,phase2/results/predictions/full/clean_only/tcn/seed_17/bandpass_n20004_cRA_independent_rms_s10.npz,76353,193d1d3edbcecb343c4100a445e62ffb5fc9a393526e247214632be9f868267e
tcn,clean_only,17,bandpass_n20004_cRA_independent_rms_s5,phase2/results/predictions/full/clean_only/tcn/seed_17/bandpass_n20004_cRA_independent_rms_s5.npz,76198,d9ef7532e2a88f0d7b846523ab083dbefb2eaf93fe38f6b7bd418074634e20e2
tcn,clean_only,17,bandpass_n20004_cRA_independent_rms_s0,phase2/results/predictions/full/clean_only/tcn/seed_17/bandpass_n20004_cRA_independent_rms_s0.npz,75720,8c1c014ed17c3bef6e701bb0ef136ec30ddfc4fb9a42c793eaf0e6a2c55bee58
tcn,clean_only,17,bandpass_n20004_cRA_electrode_s20,phase2/results/predictions/full/clean_only/tcn/seed_17/bandpass_n20004_cRA_electrode_s20.npz,76416,0aa28ffd3d19fa94ecd136f973ab33e234252a720d87fc5ec18a19a630a97be1
tcn,clean_only,17,bandpass_n20004_cRA_electrode_s15,phase2/results/predictions/full/clean_only/tcn/seed_17/bandpass_n20004_cRA_electrode_s15.npz,76382,ffbf6c873badab367d0b6da19e11dbdbf1f3d586a7f44782cda6cba0e40f0f32
tcn,clean_only,17,bandpass_n20004_cRA_electrode_s10,phase2/results/predictions/full/clean_only/tcn/seed_17/bandpass_n20004_cRA_electrode_s10.npz,76294,5225e2dbb8e51419608a1bc30b61c5c3e036bc492242e239edeecc503dc27827
tcn,clean_only,17,bandpass_n20004_cRA_electrode_s5,phase2/results/predictions/full/clean_only/tcn/seed_17/bandpass_n20004_cRA_electrode_s5.npz,76109,a9e51677e8e19ba081339531ed2a8d3113435c1cc9e756465f245b448e1fcf5e
tcn,clean_only,17,bandpass_n20004_cRA_electrode_s0,phase2/results/predictions/full/clean_only/tcn/seed_17/bandpass_n20004_cRA_electrode_s0.npz,75605,7378e2d1b602ea1646a0c15754ecad7796f3b771078048b7bb1f2304a4414cfc
tcn,clean_only,17,bandpass_n20004_cRA_covariance_s20,phase2/results/predictions/full/clean_only/tcn/seed_17/bandpass_n20004_cRA_covariance_s20.npz,76456,b773d41352d6937b0f415948db7bd19d4a339633e9f9e8ad5269572d93e06567
tcn,clean_only,17,bandpass_n20004_cRA_covariance_s15,phase2/results/predictions/full/clean_only/tcn/seed_17/bandpass_n20004_cRA_covariance_s15.npz,76380,f278e498072d06d48149469850e3da49dddb2e0bd8266b0770e7d8ba2f5feefb
tcn,clean_only,17,bandpass_n20004_cRA_covariance_s10,phase2/results/predictions/full/clean_only/tcn/seed_17/bandpass_n20004_cRA_covariance_s10.npz,76264,76f04faab8ffd422f11716d4204a3475ba9c539a0e32ce8cc95582d03e25a04a
tcn,clean_only,17,bandpass_n20004_cRA_covariance_s5,phase2/results/predictions/full/clean_only/tcn/seed_17/bandpass_n20004_cRA_covariance_s5.npz,76112,9fc213fd42cea6a88b29aea164a0d9754e4357bbbb06c6d1f915ef301740d2f5
tcn,clean_only,17,bandpass_n20004_cRA_covariance_s0,phase2/results/predictions/full/clean_only/tcn/seed_17/bandpass_n20004_cRA_covariance_s0.npz,75612,e576d9675b2ba20358aeb02c0de80a1f09d07d182593b429817ec301acc33c2f
tcn,clean_only,17,bandpass_n20004_cLA_independent_rms_s20,phase2/results/predictions/full/clean_only/tcn/seed_17/bandpass_n20004_cLA_independent_rms_s20.npz,76485,63b881c2f3bdcd1bb52160a18d714bf086b58bfff81ed732283e63fb068d3c4b
tcn,clean_only,17,bandpass_n20004_cLA_independent_rms_s15,phase2/results/predictions/full/clean_only/tcn/seed_17/bandpass_n20004_cLA_independent_rms_s15.npz,76421,2bbbdf11fe214a20751267d61fe367ed111d29ba7eb4c7cca4dc9ddcb9aae01c
tcn,clean_only,17,bandpass_n20004_cLA_independent_rms_s10,phase2/results/predictions/full/clean_only/tcn/seed_17/bandpass_n20004_cLA_independent_rms_s10.npz,76416,61ce290e373b930353b53e23232bf710e2523465690bc4319bea1e8ab7b924ea
tcn,clean_only,17,bandpass_n20004_cLA_independent_rms_s5,phase2/results/predictions/full/clean_only/tcn/seed_17/bandpass_n20004_cLA_independent_rms_s5.npz,76251,aa1eda8eb5627b0fd04dee68c2b44c1c4385478450e9632b0fe02d279123bac6
tcn,clean_only,17,bandpass_n20004_cLA_independent_rms_s0,phase2/results/predictions/full/clean_only/tcn/seed_17/bandpass_n20004_cLA_independent_rms_s0.npz,75950,fc842cf68be79839f949bb6003ec9344e7115f68da1c4bfc265df81f80e36900
tcn,clean_only,17,bandpass_n20004_cLA_electrode_s20,phase2/results/predictions/full/clean_only/tcn/seed_17/bandpass_n20004_cLA_electrode_s20.npz,76453,f02be9d200cbcf76dd916f6460cb4b2ec7b1be26cefb5c0f593145d5c75cdf29
tcn,clean_only,17,bandpass_n20004_cLA_electrode_s15,phase2/results/predictions/full/clean_only/tcn/seed_17/bandpass_n20004_cLA_electrode_s15.npz,76385,9bd0b13b30d2d31f97ad1eab0573d99e30021831ee93330675074c165cc6b53c
tcn,clean_only,17,bandpass_n20004_cLA_electrode_s10,phase2/results/predictions/full/clean_only/tcn/seed_17/bandpass_n20004_cLA_electrode_s10.npz,76351,123d4251cfcad3477ef77a367ac097695aa21f311610296f3a764e2c558bffe8
tcn,clean_only,17,bandpass_n20004_cLA_electrode_s5,phase2/results/predictions/full/clean_only/tcn/seed_17/bandpass_n20004_cLA_electrode_s5.npz,76110,9e50b662514e736f34725e04d1593fe64ba1c6530f1158541da0cd55d7d1bc40
tcn,clean_only,17,bandpass_n20004_cLA_electrode_s0,phase2/results/predictions/full/clean_only/tcn/seed_17/bandpass_n20004_cLA_electrode_s0.npz,75718,8712994b90013cb1f06f2272d2dc08d5d33ad3055e7ac39972fc83deff7235b6
tcn,clean_only,17,bandpass_n20004_cLA_covariance_s20,phase2/results/predictions/full/clean_only/tcn/seed_17/bandpass_n20004_cLA_covariance_s20.npz,76435,b9c59147d95f8c7f935d0058cd3f2045bafea9ae11150b83346157d7409249c2
tcn,clean_only,17,bandpass_n20004_cLA_covariance_s15,phase2/results/predictions/full/clean_only/tcn/seed_17/bandpass_n20004_cLA_covariance_s15.npz,76427,d08df3aec3aaed3a8db6b8cc06bd40bb3c308ef1e09d54a4b7e13e74810aa1f8
tcn,clean_only,17,bandpass_n20004_cLA_covariance_s10,phase2/results/predictions/full/clean_only/tcn/seed_17/bandpass_n20004_cLA_covariance_s10.npz,76347,5e62a6ebc52880f80476f3472f03cfeafaa62dbc47ff634f958a3ec54a892840
tcn,clean_only,17,bandpass_n20004_cLA_covariance_s5,phase2/results/predictions/full/clean_only/tcn/seed_17/bandpass_n20004_cLA_covariance_s5.npz,76096,c64eb25d01ee6a4c5934ecdab12fc6103b6d886d4c36f676c3ca27a8521933f4
tcn,clean_only,17,bandpass_n20004_cLA_covariance_s0,phase2/results/predictions/full/clean_only/tcn/seed_17/bandpass_n20004_cLA_covariance_s0.npz,75754,89e814a68c55f63d445d13af0488593a2b4f043514fec60d32f4e0499c68b5de
tcn,clean_only,17,bandpass_n20004_cLL_independent_rms_s20,phase2/results/predictions/full/clean_only/tcn/seed_17/bandpass_n20004_cLL_independent_rms_s20.npz,76430,64e4bb9d0578335b063e67900ebc5873a6f432ff879f5010688f82d692757f85
tcn,clean_only,17,bandpass_n20004_cLL_independent_rms_s15,phase2/results/predictions/full/clean_only/tcn/seed_17/bandpass_n20004_cLL_independent_rms_s15.npz,76422,09cbf8f359bdfcaace4a99547424e4ffaecfab0d43d8f8e53ac58de47df7b523
tcn,clean_only,17,bandpass_n20004_cLL_independent_rms_s10,phase2/results/predictions/full/clean_only/tcn/seed_17/bandpass_n20004_cLL_independent_rms_s10.npz,76386,0388ea2305a5833d29ff9e1df63e5bd01a2c1570685b83c09cc417482310faf5
tcn,clean_only,17,bandpass_n20004_cLL_independent_rms_s5,phase2/results/predictions/full/clean_only/tcn/seed_17/bandpass_n20004_cLL_independent_rms_s5.npz,76142,1818f8ac725fe42919c12fc338c8f2eb157e474de233180fb694e973b10dca07
tcn,clean_only,17,bandpass_n20004_cLL_independent_rms_s0,phase2/results/predictions/full/clean_only/tcn/seed_17/bandpass_n20004_cLL_independent_rms_s0.npz,75739,461947e210aa3a7e28abe1f4cb382f9fa1ef5eacc985cb7e315b122c67af7561
tcn,clean_only,17,bandpass_n20004_cLL_electrode_s20,phase2/results/predictions/full/clean_only/tcn/seed_17/bandpass_n20004_cLL_electrode_s20.npz,76450,452f6a1f364ea6df232ea8442842a041ef8bb5bb7046c09171a07750022bd2df
tcn,clean_only,17,bandpass_n20004_cLL_electrode_s15,phase2/results/predictions/full/clean_only/tcn/seed_17/bandpass_n20004_cLL_electrode_s15.npz,76433,cde1fd528e39ee0a4419491b20e5d5f27a1379557bb04c4739d3c219be38e576
tcn,clean_only,17,bandpass_n20004_cLL_electrode_s10,phase2/results/predictions/full/clean_only/tcn/seed_17/bandpass_n20004_cLL_electrode_s10.npz,76334,67ef2d37ec09d229c74b04a3eae9e6ce3fff13f4cf7f0106351d335759b0016f
tcn,clean_only,17,bandpass_n20004_cLL_electrode_s5,phase2/results/predictions/full/clean_only/tcn/seed_17/bandpass_n20004_cLL_electrode_s5.npz,76112,dabbe6fe3998f0b767b4a4562423b18c67580c9ae5a5bad637aacc2514715c01
tcn,clean_only,17,bandpass_n20004_cLL_electrode_s0,phase2/results/predictions/full/clean_only/tcn/seed_17/bandpass_n20004_cLL_electrode_s0.npz,75736,aced96fdad08c0b0ea7ca2efb7a3bac6404db94c582b0bfe74b1ea98e13760e5
tcn,clean_only,17,bandpass_n20004_cLL_covariance_s20,phase2/results/predictions/full/clean_only/tcn/seed_17/bandpass_n20004_cLL_covariance_s20.npz,76471,8116bd73a1d87cc9243e16d3341ca4ac5fb55f6a23eb000db2329505d30fb3f5
tcn,clean_only,17,bandpass_n20004_cLL_covariance_s15,phase2/results/predictions/full/clean_only/tcn/seed_17/bandpass_n20004_cLL_covariance_s15.npz,76422,b05bfa193f32885487ef055f3493e62ef0d4813a9213886b99086701e17c7904
tcn,clean_only,17,bandpass_n20004_cLL_covariance_s10,phase2/results/predictions/full/clean_only/tcn/seed_17/bandpass_n20004_cLL_covariance_s10.npz,76335,8f6165dbf237f0006734ace755a12fa41d43a810e1c7fe529498f1504b0404ea
tcn,clean_only,17,bandpass_n20004_cLL_covariance_s5,phase2/results/predictions/full/clean_only/tcn/seed_17/bandpass_n20004_cLL_covariance_s5.npz,76140,a361bf3dcbbac052e25a7e307ac96f2db650bd82a0fd928febbc1daff1a6c1a6
tcn,clean_only,17,bandpass_n20004_cLL_covariance_s0,phase2/results/predictions/full/clean_only/tcn/seed_17/bandpass_n20004_cLL_covariance_s0.npz,75725,05f9a5ba8b88a5059ba6cf03158c003377e557833442b42320629e18eea5c3eb
tcn,clean_only,17,bandpass_n20004_cRA_V1_independent_rms_s20,phase2/results/predictions/full/clean_only/tcn/seed_17/bandpass_n20004_cRA_V1_independent_rms_s20.npz,76496,70ab81d42e2894392d86002b65942fdb898f9213370c1acbed6c8d5a1d97daf8
tcn,clean_only,17,bandpass_n20004_cRA_V1_independent_rms_s15,phase2/results/predictions/full/clean_only/tcn/seed_17/bandpass_n20004_cRA_V1_independent_rms_s15.npz,76414,e3cfa37280ded483262706d8dd5d35b5028ce71bc036e08f555f3c60f282dd37
tcn,clean_only,17,bandpass_n20004_cRA_V1_independent_rms_s10,phase2/results/predictions/full/clean_only/tcn/seed_17/bandpass_n20004_cRA_V1_independent_rms_s10.npz,76381,1e607a9c49f90011efbe580b99d6d4a2795134a8ec8cc506d83602fad685b464
tcn,clean_only,17,bandpass_n20004_cRA_V1_independent_rms_s5,phase2/results/predictions/full/clean_only/tcn/seed_17/bandpass_n20004_cRA_V1_independent_rms_s5.npz,76216,3703536b30fffa8983079b13c0d99e37c98d3e9b824ec238913f5ac24278183e
tcn,clean_only,17,bandpass_n20004_cRA_V1_independent_rms_s0,phase2/results/predictions/full/clean_only/tcn/seed_17/bandpass_n20004_cRA_V1_independent_rms_s0.npz,75744,be337d388e4677db2e75ea8efb17598e617210b414fff1e13f225c98f5fa3477
tcn,clean_only,17,bandpass_n20004_cRA_V1_electrode_s20,phase2/results/predictions/full/clean_only/tcn/seed_17/bandpass_n20004_cRA_V1_electrode_s20.npz,76445,816a7104f8d6f4d2a72ed7d7256079aa7f767d764e57496173fce72efd61a23a
tcn,clean_only,17,bandpass_n20004_cRA_V1_electrode_s15,phase2/results/predictions/full/clean_only/tcn/seed_17/bandpass_n20004_cRA_V1_electrode_s15.npz,76405,3611d3d2a891e8d7754bc7dada76b497500a8a0f05eeb709124032858b55401e
tcn,clean_only,17,bandpass_n20004_cRA_V1_electrode_s10,phase2/results/predictions/full/clean_only/tcn/seed_17/bandpass_n20004_cRA_V1_electrode_s10.npz,76316,25ed94f5a748f8c3d7e4fa7d8697388dc29c48ada4828065aea5412d2f0eb418
tcn,clean_only,17,bandpass_n20004_cRA_V1_electrode_s5,phase2/results/predictions/full/clean_only/tcn/seed_17/bandpass_n20004_cRA_V1_electrode_s5.npz,76113,b5853268a2641ca58607d24c5a7c4f4a7be9ff424d731ad13d15b7a3a40df650
tcn,clean_only,17,bandpass_n20004_cRA_V1_electrode_s0,phase2/results/predictions/full/clean_only/tcn/seed_17/bandpass_n20004_cRA_V1_electrode_s0.npz,75667,b7f612a2d466480c8cefaddd547707d3fb62c77115de569b37eb4dae079383ed
tcn,clean_only,17,bandpass_n20004_cRA_V1_covariance_s20,phase2/results/predictions/full/clean_only/tcn/seed_17/bandpass_n20004_cRA_V1_covariance_s20.npz,76474,a746c40fc309b56a8120aeba3179bc48b6bbc7acb2cbfa86709be039e74b8e4f
tcn,clean_only,17,bandpass_n20004_cRA_V1_covariance_s15,phase2/results/predictions/full/clean_only/tcn/seed_17/bandpass_n20004_cRA_V1_covariance_s15.npz,76436,a13c35b1540500876c3d349f679a34f9c609f6abc98a5c3ef7662cb0616a8161
tcn,clean_only,17,bandpass_n20004_cRA_V1_covariance_s10,phase2/results/predictions/full/clean_only/tcn/seed_17/bandpass_n20004_cRA_V1_covariance_s10.npz,76341,25c43b07f4bcd06f62b493c2092a29d271958812af40fe51612a531cf9b3dd74
tcn,clean_only,17,bandpass_n20004_cRA_V1_covariance_s5,phase2/results/predictions/full/clean_only/tcn/seed_17/bandpass_n20004_cRA_V1_covariance_s5.npz,76140,4d660e01b5cccf5afa7bde28f7bba88b696749c3ab26f4934736b9a3b60ff323
tcn,clean_only,17,bandpass_n20004_cRA_V1_covariance_s0,phase2/results/predictions/full/clean_only/tcn/seed_17/bandpass_n20004_cRA_V1_covariance_s0.npz,75652,f7e2d7c22ee1302b2934918a817a8c537e33871161a7016aa730ad3ede0d1971
tcn,clean_only,17,bandpass_n20004_cLA_V6_independent_rms_s20,phase2/results/predictions/full/clean_only/tcn/seed_17/bandpass_n20004_cLA_V6_independent_rms_s20.npz,76468,d0ac02285a10d1c35bada3d18a4c8e39173d389b4396bc1e062e30a71b2f66ce
tcn,clean_only,17,bandpass_n20004_cLA_V6_independent_rms_s15,phase2/results/predictions/full/clean_only/tcn/seed_17/bandpass_n20004_cLA_V6_independent_rms_s15.npz,76465,b3f66d5e494a83542a27682261f64aad379b006b0bab2c07186d71a43ddcc926
tcn,clean_only,17,bandpass_n20004_cLA_V6_independent_rms_s10,phase2/results/predictions/full/clean_only/tcn/seed_17/bandpass_n20004_cLA_V6_independent_rms_s10.npz,76386,0b0b446eb5773ca505a8db9fb9e6d8450c33cb9a51ee29acb4eeb199ba6d9078
tcn,clean_only,17,bandpass_n20004_cLA_V6_independent_rms_s5,phase2/results/predictions/full/clean_only/tcn/seed_17/bandpass_n20004_cLA_V6_independent_rms_s5.npz,76251,64a0ae4d2e55fbcd34031e53b47b361684085a6bdc9c63f78ad426dd26b90414
tcn,clean_only,17,bandpass_n20004_cLA_V6_independent_rms_s0,phase2/results/predictions/full/clean_only/tcn/seed_17/bandpass_n20004_cLA_V6_independent_rms_s0.npz,75920,06a176ead1a08a3d8ee349718065c69e79286fb24eb0c03fbb566eb9b71aad89
tcn,clean_only,17,bandpass_n20004_cLA_V6_electrode_s20,phase2/results/predictions/full/clean_only/tcn/seed_17/bandpass_n20004_cLA_V6_electrode_s20.npz,76460,67a89734882975a88da24fe3f30ba41f8bf291383b919b055e3003d6691c0ad9
tcn,clean_only,17,bandpass_n20004_cLA_V6_electrode_s15,phase2/results/predictions/full/clean_only/tcn/seed_17/bandpass_n20004_cLA_V6_electrode_s15.npz,76422,9387ab4f06283dd55eaaf1030a88054cb956de0704cb7db776d4b4c4c6dc9244
tcn,clean_only,17,bandpass_n20004_cLA_V6_electrode_s10,phase2/results/predictions/full/clean_only/tcn/seed_17/bandpass_n20004_cLA_V6_electrode_s10.npz,76360,8570da66c84c669dff58e8aeeba06b0ddfde8f24746656f68cc12e6fe8888507
tcn,clean_only,17,bandpass_n20004_cLA_V6_electrode_s5,phase2/results/predictions/full/clean_only/tcn/seed_17/bandpass_n20004_cLA_V6_electrode_s5.npz,76158,046d60fcdb008fbc52c64b12f916568ced4584be81f3bf13fb906224d685cc2e
tcn,clean_only,17,bandpass_n20004_cLA_V6_electrode_s0,phase2/results/predictions/full/clean_only/tcn/seed_17/bandpass_n20004_cLA_V6_electrode_s0.npz,75687,8fac48805ed7b3cd30bbe33013358993eb04092ac147bec529eb6c7f8d365393
tcn,clean_only,17,bandpass_n20004_cLA_V6_covariance_s20,phase2/results/predictions/full/clean_only/tcn/seed_17/bandpass_n20004_cLA_V6_covariance_s20.npz,76470,edf63264147af2ec22f430c6840164a4a5eaf3eac8c8e74f29d206c4e4668cc5
tcn,clean_only,17,bandpass_n20004_cLA_V6_covariance_s15,phase2/results/predictions/full/clean_only/tcn/seed_17/bandpass_n20004_cLA_V6_covariance_s15.npz,76437,aa6b5291bb6ff59dc96bf763b634bb95aada87e20ea749881f9901dccbe79890
tcn,clean_only,17,bandpass_n20004_cLA_V6_covariance_s10,phase2/results/predictions/full/clean_only/tcn/seed_17/bandpass_n20004_cLA_V6_covariance_s10.npz,76346,ce1ecf4503708dad51dcb4675d805e4ba0a9c208618bdeaba92718581ffe5dbb
tcn,clean_only,17,bandpass_n20004_cLA_V6_covariance_s5,phase2/results/predictions/full/clean_only/tcn/seed_17/bandpass_n20004_cLA_V6_covariance_s5.npz,76109,b273b1e0d6de2a6e7aa327177e85935810955cdc59eddbe5c85c439edfb07c24
tcn,clean_only,17,bandpass_n20004_cLA_V6_covariance_s0,phase2/results/predictions/full/clean_only/tcn/seed_17/bandpass_n20004_cLA_V6_covariance_s0.npz,75748,a1bf7404ca53fa1787f85541e2a58e77a3725c48f7f761439947b4f42ed79d53
tcn,clean_only,17,bandpass_n20004_cLL_V4_independent_rms_s20,phase2/results/predictions/full/clean_only/tcn/seed_17/bandpass_n20004_cLL_V4_independent_rms_s20.npz,76477,dcbc6e94296b020a9eb5709d14fbc29daa37574bcf82953e0932e3201cd36849
tcn,clean_only,17,bandpass_n20004_cLL_V4_independent_rms_s15,phase2/results/predictions/full/clean_only/tcn/seed_17/bandpass_n20004_cLL_V4_independent_rms_s15.npz,76470,0551cb326f0862db733eeb0bd50aeacb1426e8226f3057d248036d795faba24c
tcn,clean_only,17,bandpass_n20004_cLL_V4_independent_rms_s10,phase2/results/predictions/full/clean_only/tcn/seed_17/bandpass_n20004_cLL_V4_independent_rms_s10.npz,76387,46c0f21f8ab4fa3ff1ca4d9d9d9a5015a500ad1f87d8689c4413d5929d45a742
tcn,clean_only,17,bandpass_n20004_cLL_V4_independent_rms_s5,phase2/results/predictions/full/clean_only/tcn/seed_17/bandpass_n20004_cLL_V4_independent_rms_s5.npz,76222,7eecb11d6951b76118bc854593f268d7508c3340b4afbc41386d9f16fffdecce
tcn,clean_only,17,bandpass_n20004_cLL_V4_independent_rms_s0,phase2/results/predictions/full/clean_only/tcn/seed_17/bandpass_n20004_cLL_V4_independent_rms_s0.npz,75803,778ebd99acaabb8c6f91c0b9e4f424a6db2abc50b8fa253145a092a2c040b714
tcn,clean_only,17,bandpass_n20004_cLL_V4_electrode_s20,phase2/results/predictions/full/clean_only/tcn/seed_17/bandpass_n20004_cLL_V4_electrode_s20.npz,76441,6127080dfdb3036ce1e46c17c33872d13f1cb0e696cb8b9e60e1fe8d9c774b4b
tcn,clean_only,17,bandpass_n20004_cLL_V4_electrode_s15,phase2/results/predictions/full/clean_only/tcn/seed_17/bandpass_n20004_cLL_V4_electrode_s15.npz,76412,b9d838e3adfb44dabb39f81ff7bdfdcf9177517fb8683a22b7df08b2e60ff138
tcn,clean_only,17,bandpass_n20004_cLL_V4_electrode_s10,phase2/results/predictions/full/clean_only/tcn/seed_17/bandpass_n20004_cLL_V4_electrode_s10.npz,76335,116567e28ce01f9e1081f41902db0d1437bb8c3407db92b3d9a2bb15126efb2d
tcn,clean_only,17,bandpass_n20004_cLL_V4_electrode_s5,phase2/results/predictions/full/clean_only/tcn/seed_17/bandpass_n20004_cLL_V4_electrode_s5.npz,76163,11f62a9fd14d014290b5fe245ca0b34cf5250a2e842c15900a673886009d504d
tcn,clean_only,17,bandpass_n20004_cLL_V4_electrode_s0,phase2/results/predictions/full/clean_only/tcn/seed_17/bandpass_n20004_cLL_V4_electrode_s0.npz,75806,6279f3b26a8ad26e4bca95be33b583de83d007efb422fbabca48bbd74b697563
tcn,clean_only,17,bandpass_n20004_cLL_V4_covariance_s20,phase2/results/predictions/full/clean_only/tcn/seed_17/bandpass_n20004_cLL_V4_covariance_s20.npz,76465,4e87b7e9a99c3ebbc9a67fc117b5bc20bee1b54ca45a7d0ccac5200050034f32
tcn,clean_only,17,bandpass_n20004_cLL_V4_covariance_s15,phase2/results/predictions/full/clean_only/tcn/seed_17/bandpass_n20004_cLL_V4_covariance_s15.npz,76432,b6eec51d4562b718b791403b7a5a51b9fcca06497342f39f01779fd041848275
tcn,clean_only,17,bandpass_n20004_cLL_V4_covariance_s10,phase2/results/predictions/full/clean_only/tcn/seed_17/bandpass_n20004_cLL_V4_covariance_s10.npz,76405,8f25983c57a2ce970ad041eecc20a804e984250e10457cb16d80819e2018f920
tcn,clean_only,17,bandpass_n20004_cLL_V4_covariance_s5,phase2/results/predictions/full/clean_only/tcn/seed_17/bandpass_n20004_cLL_V4_covariance_s5.npz,76183,b93a6047a0d47e160662564ec72ab155d5931ebb2480e2035d01feb240a7aa07
tcn,clean_only,17,bandpass_n20004_cLL_V4_covariance_s0,phase2/results/predictions/full/clean_only/tcn/seed_17/bandpass_n20004_cLL_V4_covariance_s0.npz,75831,a951e79624790952449e8f1e218b58623481ac71c882947822c4c759ab1845eb
tcn,clean_only,17,bandpass_n20004_cRA_LA_V1_V6_independent_rms_s20,phase2/results/predictions/full/clean_only/tcn/seed_17/bandpass_n20004_cRA_LA_V1_V6_independent_rms_s20.npz,76484,239c8f317ca3cda30fb68bb44beb03521a01115f3cefc3f1bc63f90c31f71e68
tcn,clean_only,17,bandpass_n20004_cRA_LA_V1_V6_independent_rms_s15,phase2/results/predictions/full/clean_only/tcn/seed_17/bandpass_n20004_cRA_LA_V1_V6_independent_rms_s15.npz,76470,5d84b3f5be48c7534093a657c5f11fa86d1acdf9a439b7b1a883d12345d65f26
tcn,clean_only,17,bandpass_n20004_cRA_LA_V1_V6_independent_rms_s10,phase2/results/predictions/full/clean_only/tcn/seed_17/bandpass_n20004_cRA_LA_V1_V6_independent_rms_s10.npz,76407,b894a3be88ca0930e7e671f3a5c2f6b688b3d2cf87c53f43e7389b826b260a77
tcn,clean_only,17,bandpass_n20004_cRA_LA_V1_V6_independent_rms_s5,phase2/results/predictions/full/clean_only/tcn/seed_17/bandpass_n20004_cRA_LA_V1_V6_independent_rms_s5.npz,76253,c7a3dd89b39462ec1fc1f9f3e0f157695e869a98cb7645523e67b92c348d4876
tcn,clean_only,17,bandpass_n20004_cRA_LA_V1_V6_independent_rms_s0,phase2/results/predictions/full/clean_only/tcn/seed_17/bandpass_n20004_cRA_LA_V1_V6_independent_rms_s0.npz,75840,d892cdc57793c7ea2833b6fa29034ce3bf0d7544f5a41bda8f584b5dec4b9d6d
tcn,clean_only,17,bandpass_n20004_cRA_LA_V1_V6_electrode_s20,phase2/results/predictions/full/clean_only/tcn/seed_17/bandpass_n20004_cRA_LA_V1_V6_electrode_s20.npz,76489,c3cbd8de3bdd0a49e1f91479d749416cd08ff6732ad9a23e5b284d2c6251574a
tcn,clean_only,17,bandpass_n20004_cRA_LA_V1_V6_electrode_s15,phase2/results/predictions/full/clean_only/tcn/seed_17/bandpass_n20004_cRA_LA_V1_V6_electrode_s15.npz,76458,eacf0ea90edcc1f190fff52406e071def58e3c205eb0191be695d38c372c34a7
tcn,clean_only,17,bandpass_n20004_cRA_LA_V1_V6_electrode_s10,phase2/results/predictions/full/clean_only/tcn/seed_17/bandpass_n20004_cRA_LA_V1_V6_electrode_s10.npz,76372,8c8169f05ccf950ff3c89de4b33fe6dd6055120e9ae9065eaeffc303a2f9b082
tcn,clean_only,17,bandpass_n20004_cRA_LA_V1_V6_electrode_s5,phase2/results/predictions/full/clean_only/tcn/seed_17/bandpass_n20004_cRA_LA_V1_V6_electrode_s5.npz,76147,deaff193066e6ba4a8ec476188b310fbb403367458745f2419a39267cc50bd3f
tcn,clean_only,17,bandpass_n20004_cRA_LA_V1_V6_electrode_s0,phase2/results/predictions/full/clean_only/tcn/seed_17/bandpass_n20004_cRA_LA_V1_V6_electrode_s0.npz,75617,b79cfdf3fcd11162e24523f6d8e687596702412a5b7745f57b43649ec2518e8a
tcn,clean_only,17,bandpass_n20004_cRA_LA_V1_V6_covariance_s20,phase2/results/predictions/full/clean_only/tcn/seed_17/bandpass_n20004_cRA_LA_V1_V6_covariance_s20.npz,76460,81c133d4a8d2e41f6aab0122c4a6ddf3ed749f3bd9177c46f0367acd573e81ab
tcn,clean_only,17,bandpass_n20004_cRA_LA_V1_V6_covariance_s15,phase2/results/predictions/full/clean_only/tcn/seed_17/bandpass_n20004_cRA_LA_V1_V6_covariance_s15.npz,76450,e5a7be3a87bad4b5078da0389be90d0ff20fb5b73d74eadb050317f25cfaa258
tcn,clean_only,17,bandpass_n20004_cRA_LA_V1_V6_covariance_s10,phase2/results/predictions/full/clean_only/tcn/seed_17/bandpass_n20004_cRA_LA_V1_V6_covariance_s10.npz,76359,8e98e52e374ad87df988fb9afc9d733569e39e172d9f9d52800d0609e88c8ed7
tcn,clean_only,17,bandpass_n20004_cRA_LA_V1_V6_covariance_s5,phase2/results/predictions/full/clean_only/tcn/seed_17/bandpass_n20004_cRA_LA_V1_V6_covariance_s5.npz,76129,242b788e38e503b1b634f08f769080caf4e8bb98900b636c61b39292494477ff
tcn,clean_only,17,bandpass_n20004_cRA_LA_V1_V6_covariance_s0,phase2/results/predictions/full/clean_only/tcn/seed_17/bandpass_n20004_cRA_LA_V1_V6_covariance_s0.npz,75608,6fc925c4654ff7fd1729c1e659ff571bf9d820fc7a86e152631635e20ddb6a28
tcn,clean_only,17,bandpass_n20004_cRA_V2_V5_independent_rms_s20,phase2/results/predictions/full/clean_only/tcn/seed_17/bandpass_n20004_cRA_V2_V5_independent_rms_s20.npz,76490,9d87955ae594ffa0b97307a353e7f28db5a898315718e3e1e3348a0af708b940
tcn,clean_only,17,bandpass_n20004_cRA_V2_V5_independent_rms_s15,phase2/results/predictions/full/clean_only/tcn/seed_17/bandpass_n20004_cRA_V2_V5_independent_rms_s15.npz,76415,69f79cdaa965cfb5dd21cac7a2c3e2568353a931c7e41c5a69a34ac632f77ee1
tcn,clean_only,17,bandpass_n20004_cRA_V2_V5_independent_rms_s10,phase2/results/predictions/full/clean_only/tcn/seed_17/bandpass_n20004_cRA_V2_V5_independent_rms_s10.npz,76397,36f4ccb9564ea8fbc4dfee973a7ed7969040215b9eaab685a08b3618e237ee24
tcn,clean_only,17,bandpass_n20004_cRA_V2_V5_independent_rms_s5,phase2/results/predictions/full/clean_only/tcn/seed_17/bandpass_n20004_cRA_V2_V5_independent_rms_s5.npz,76213,77f45d26b8daa7aa0b71987d654a7beb9cef917115f593f112fbc223b55c9c2d
tcn,clean_only,17,bandpass_n20004_cRA_V2_V5_independent_rms_s0,phase2/results/predictions/full/clean_only/tcn/seed_17/bandpass_n20004_cRA_V2_V5_independent_rms_s0.npz,75811,81419a11851b2fd8f64becd1180750bcb713c6da867596c8a526d3c460571016
tcn,clean_only,17,bandpass_n20004_cRA_V2_V5_electrode_s20,phase2/results/predictions/full/clean_only/tcn/seed_17/bandpass_n20004_cRA_V2_V5_electrode_s20.npz,76469,b4ee86d4ae9314f86b4acbe507e1e34ac5a86d88f47d5f69382d28f2ec31f4ea
tcn,clean_only,17,bandpass_n20004_cRA_V2_V5_electrode_s15,phase2/results/predictions/full/clean_only/tcn/seed_17/bandpass_n20004_cRA_V2_V5_electrode_s15.npz,76429,733b8599dd711c4f1b437ab2d28becd6d2e1d8f1e1878d9b54fe6025f5e64a77
tcn,clean_only,17,bandpass_n20004_cRA_V2_V5_electrode_s10,phase2/results/predictions/full/clean_only/tcn/seed_17/bandpass_n20004_cRA_V2_V5_electrode_s10.npz,76352,3757f58f2cf521359d2eaa8bf601b53b188e983e6ba59e422bbde0ea0931dea1
tcn,clean_only,17,bandpass_n20004_cRA_V2_V5_electrode_s5,phase2/results/predictions/full/clean_only/tcn/seed_17/bandpass_n20004_cRA_V2_V5_electrode_s5.npz,76142,805a6795e2048f1f9d80fed2865d909c9b77aa6efbf28d6b885adf7d723c0ad8
tcn,clean_only,17,bandpass_n20004_cRA_V2_V5_electrode_s0,phase2/results/predictions/full/clean_only/tcn/seed_17/bandpass_n20004_cRA_V2_V5_electrode_s0.npz,75705,f87a1b790efb3039696b072daba656807bba606b83df707aa4c1c26915f1f978
tcn,clean_only,17,bandpass_n20004_cRA_V2_V5_covariance_s20,phase2/results/predictions/full/clean_only/tcn/seed_17/bandpass_n20004_cRA_V2_V5_covariance_s20.npz,76460,29c4fd2e021ff3f69c7a39adecd6d29e61db1c0a512741979a5f8d8a3d4290a2
tcn,clean_only,17,bandpass_n20004_cRA_V2_V5_covariance_s15,phase2/results/predictions/full/clean_only/tcn/seed_17/bandpass_n20004_cRA_V2_V5_covariance_s15.npz,76453,975d4c5072fbd96db3f82cb6b212a30f4bf24f599907c2408a19d20585c01830
tcn,clean_only,17,bandpass_n20004_cRA_V2_V5_covariance_s10,phase2/results/predictions/full/clean_only/tcn/seed_17/bandpass_n20004_cRA_V2_V5_covariance_s10.npz,76339,ebad67fe25e9d4756d356c3790e652e635d96b16b7df2ba7903bcb82290e1aea
tcn,clean_only,17,bandpass_n20004_cRA_V2_V5_covariance_s5,phase2/results/predictions/full/clean_only/tcn/seed_17/bandpass_n20004_cRA_V2_V5_covariance_s5.npz,76135,ab3f3ce43b5cf3929efe30f47a0263d4645a2c63a43ef7619f3057c413a8f146
tcn,clean_only,17,bandpass_n20004_cRA_V2_V5_covariance_s0,phase2/results/predictions/full/clean_only/tcn/seed_17/bandpass_n20004_cRA_V2_V5_covariance_s0.npz,75725,e7bcc8cec0d1de5d2c0405627301c4cc831cf5f36989244fe682cedb595775a5
tcn,clean_only,17,bandpass_n20004_cLA_V3_V6_independent_rms_s20,phase2/results/predictions/full/clean_only/tcn/seed_17/bandpass_n20004_cLA_V3_V6_independent_rms_s20.npz,76503,d66408ae3aa20e33cebc9f92648f7637797c6c21f444b4b25da8d00e00440c4a
tcn,clean_only,17,bandpass_n20004_cLA_V3_V6_independent_rms_s15,phase2/results/predictions/full/clean_only/tcn/seed_17/bandpass_n20004_cLA_V3_V6_independent_rms_s15.npz,76474,d9c4b78ea399a244983e2b39fb8dd0c721c4f969738dbffff43f0273faf3f01d
tcn,clean_only,17,bandpass_n20004_cLA_V3_V6_independent_rms_s10,phase2/results/predictions/full/clean_only/tcn/seed_17/bandpass_n20004_cLA_V3_V6_independent_rms_s10.npz,76401,a07a0986a85456f4fbc7638420b8f07bcc679b5f868d6605dc57eb7b4dc1da7d
tcn,clean_only,17,bandpass_n20004_cLA_V3_V6_independent_rms_s5,phase2/results/predictions/full/clean_only/tcn/seed_17/bandpass_n20004_cLA_V3_V6_independent_rms_s5.npz,76286,f99a6cab21f81157d08b3e0ff0e675767ec4fab8e60b45dc658204244494f29a
tcn,clean_only,17,bandpass_n20004_cLA_V3_V6_independent_rms_s0,phase2/results/predictions/full/clean_only/tcn/seed_17/bandpass_n20004_cLA_V3_V6_independent_rms_s0.npz,75918,9783f0c3cfde7f555c1102f157ae9ad8b9649de722d9c6578afe454268ee8949
tcn,clean_only,17,bandpass_n20004_cLA_V3_V6_electrode_s20,phase2/results/predictions/full/clean_only/tcn/seed_17/bandpass_n20004_cLA_V3_V6_electrode_s20.npz,76455,4a895370164a498d8b830c46ab0b366bc6faf3ded08ea30f71c69c2e225fb1ff
tcn,clean_only,17,bandpass_n20004_cLA_V3_V6_electrode_s15,phase2/results/predictions/full/clean_only/tcn/seed_17/bandpass_n20004_cLA_V3_V6_electrode_s15.npz,76399,c38f69c9860ced7a9258295e9a14fd90ec78fd20589403b6002fc6b64dfc35ad
tcn,clean_only,17,bandpass_n20004_cLA_V3_V6_electrode_s10,phase2/results/predictions/full/clean_only/tcn/seed_17/bandpass_n20004_cLA_V3_V6_electrode_s10.npz,76339,ed5b8d811c0069bb0ebac0a05ac3071a7a4ad1a2ad5368ecad9d5e19c7cde518
tcn,clean_only,17,bandpass_n20004_cLA_V3_V6_electrode_s5,phase2/results/predictions/full/clean_only/tcn/seed_17/bandpass_n20004_cLA_V3_V6_electrode_s5.npz,76145,db7367e5505a8a9bdc184b0cbdccc74deec2b2ff7fb0595859f962f70b86f609
tcn,clean_only,17,bandpass_n20004_cLA_V3_V6_electrode_s0,phase2/results/predictions/full/clean_only/tcn/seed_17/bandpass_n20004_cLA_V3_V6_electrode_s0.npz,75760,8198a5c88fbe5974d0cadd8964285832b484c7d8eabf283f68a52adf19bf14b8
tcn,clean_only,17,bandpass_n20004_cLA_V3_V6_covariance_s20,phase2/results/predictions/full/clean_only/tcn/seed_17/bandpass_n20004_cLA_V3_V6_covariance_s20.npz,76457,ff3d408149bd83a3b8b05d9a9cf140f98a3f037eeb90386ddaed6a3d6fec4569
tcn,clean_only,17,bandpass_n20004_cLA_V3_V6_covariance_s15,phase2/results/predictions/full/clean_only/tcn/seed_17/bandpass_n20004_cLA_V3_V6_covariance_s15.npz,76449,719e32e3aa0b39bbbf4d85dd2176c51d6b09e106bc985dbcc1f559fb0d7cc49e
tcn,clean_only,17,bandpass_n20004_cLA_V3_V6_covariance_s10,phase2/results/predictions/full/clean_only/tcn/seed_17/bandpass_n20004_cLA_V3_V6_covariance_s10.npz,76355,b85bbebb7f3690266a10ca0c97e7d2195474042a2b50a3d12c534d5717ae580c
tcn,clean_only,17,bandpass_n20004_cLA_V3_V6_covariance_s5,phase2/results/predictions/full/clean_only/tcn/seed_17/bandpass_n20004_cLA_V3_V6_covariance_s5.npz,76165,e5d295750da6deb6ac8ebdb8a8b1ee8b92d71e9d5e928d5caf6a759e34845f16
tcn,clean_only,17,bandpass_n20004_cLA_V3_V6_covariance_s0,phase2/results/predictions/full/clean_only/tcn/seed_17/bandpass_n20004_cLA_V3_V6_covariance_s0.npz,75746,e0c1c34de4bfec5feece0859c67fb22e5d44cc0085ca429f540eee7766544d27
tcn,clean_only,17,bandpass_n20004_cLL_V1_V4_independent_rms_s20,phase2/results/predictions/full/clean_only/tcn/seed_17/bandpass_n20004_cLL_V1_V4_independent_rms_s20.npz,76480,d524ee9ff1c311b91dc8ecefb2cb647662e4ea90058c39f4cd39f83632308c08
tcn,clean_only,17,bandpass_n20004_cLL_V1_V4_independent_rms_s15,phase2/results/predictions/full/clean_only/tcn/seed_17/bandpass_n20004_cLL_V1_V4_independent_rms_s15.npz,76470,316e6b46747a43d7d615758c567d1a3e104f17ee3d9f3a2f0d50c858a789a915
tcn,clean_only,17,bandpass_n20004_cLL_V1_V4_independent_rms_s10,phase2/results/predictions/full/clean_only/tcn/seed_17/bandpass_n20004_cLL_V1_V4_independent_rms_s10.npz,76348,1547693dfc58242de727966f5a895ed58982dfb0a7654100ce9492bc76ffe880
tcn,clean_only,17,bandpass_n20004_cLL_V1_V4_independent_rms_s5,phase2/results/predictions/full/clean_only/tcn/seed_17/bandpass_n20004_cLL_V1_V4_independent_rms_s5.npz,76235,1d6e1fca10edb10e1463e6c53c3ecc4b1820b702d708b4ffa064cb9bfdb46381
tcn,clean_only,17,bandpass_n20004_cLL_V1_V4_independent_rms_s0,phase2/results/predictions/full/clean_only/tcn/seed_17/bandpass_n20004_cLL_V1_V4_independent_rms_s0.npz,75875,38e6d3e59e25927d4cd76ed38168f9838196a3c1e5db3df205d742ab6e2831a1
tcn,clean_only,17,bandpass_n20004_cLL_V1_V4_electrode_s20,phase2/results/predictions/full/clean_only/tcn/seed_17/bandpass_n20004_cLL_V1_V4_electrode_s20.npz,76491,ea23699402cce7b05e2bae5631e7dabb7279b81d53ef17b6daab40baefc87e03
tcn,clean_only,17,bandpass_n20004_cLL_V1_V4_electrode_s15,phase2/results/predictions/full/clean_only/tcn/seed_17/bandpass_n20004_cLL_V1_V4_electrode_s15.npz,76446,0929bce00fec06646f3dcf5da4ea2701aa4c49c2143df5623fa2ba6be1bf85de
tcn,clean_only,17,bandpass_n20004_cLL_V1_V4_electrode_s10,phase2/results/predictions/full/clean_only/tcn/seed_17/bandpass_n20004_cLL_V1_V4_electrode_s10.npz,76363,60c4e4f4a90ac1aa3cedcf9e5bb786b62b2b23419a1c185ed695bf7fc27de465
tcn,clean_only,17,bandpass_n20004_cLL_V1_V4_electrode_s5,phase2/results/predictions/full/clean_only/tcn/seed_17/bandpass_n20004_cLL_V1_V4_electrode_s5.npz,76186,2d76d0192d2dbdc5b07875b92fdd0fca23f2af605b440f4b580f46c7e93d71e6
tcn,clean_only,17,bandpass_n20004_cLL_V1_V4_electrode_s0,phase2/results/predictions/full/clean_only/tcn/seed_17/bandpass_n20004_cLL_V1_V4_electrode_s0.npz,75820,efd4ffde915e899634dbe8179be1b8b58ebaba949960eb20df23a5701d4ad629
tcn,clean_only,17,bandpass_n20004_cLL_V1_V4_covariance_s20,phase2/results/predictions/full/clean_only/tcn/seed_17/bandpass_n20004_cLL_V1_V4_covariance_s20.npz,76461,6d48a0f542484b55f3eba3c9689d01318a080dadfd08917cc16a51d68a6a7ab8
tcn,clean_only,17,bandpass_n20004_cLL_V1_V4_covariance_s15,phase2/results/predictions/full/clean_only/tcn/seed_17/bandpass_n20004_cLL_V1_V4_covariance_s15.npz,76412,50f73cdde8ae114980613a259e8634fcfc12e0a55e7a849eda0c08d17dd42963
tcn,clean_only,17,bandpass_n20004_cLL_V1_V4_covariance_s10,phase2/results/predictions/full/clean_only/tcn/seed_17/bandpass_n20004_cLL_V1_V4_covariance_s10.npz,76362,b8fc5084e3c372206fa7eaa3a745a1994c12af50b358540b9ec611cec6b5d39a
tcn,clean_only,17,bandpass_n20004_cLL_V1_V4_covariance_s5,phase2/results/predictions/full/clean_only/tcn/seed_17/bandpass_n20004_cLL_V1_V4_covariance_s5.npz,76176,b60d0a6a8360f61bfefbe19642d5fe708885ce39613ae4c5c00fc028b7243fd2
tcn,clean_only,17,bandpass_n20004_cLL_V1_V4_covariance_s0,phase2/results/predictions/full/clean_only/tcn/seed_17/bandpass_n20004_cLL_V1_V4_covariance_s0.npz,75865,e7649045a6ec9c4abc72d4d5ae9a6c65e1d8862ea2201c596efd04cc41f74fa1
tcn,clean_only,17,bandpass_n20004_call_independent_rms_s20,phase2/results/predictions/full/clean_only/tcn/seed_17/bandpass_n20004_call_independent_rms_s20.npz,76458,0505d90fe5642508e605519054f95a0418591a494d7fb0109b1777c83ffad9d4
tcn,clean_only,17,bandpass_n20004_call_independent_rms_s15,phase2/results/predictions/full/clean_only/tcn/seed_17/bandpass_n20004_call_independent_rms_s15.npz,76447,3a8c73e1f633e11123908cc927f1c5f9acefd5beef62ce13bd5a5fc7b08bbc61
tcn,clean_only,17,bandpass_n20004_call_independent_rms_s10,phase2/results/predictions/full/clean_only/tcn/seed_17/bandpass_n20004_call_independent_rms_s10.npz,76373,c6056688bae4b4b7a6847b8c2d104ba77712beeeb87c466225936c6d6037e356
tcn,clean_only,17,bandpass_n20004_call_independent_rms_s5,phase2/results/predictions/full/clean_only/tcn/seed_17/bandpass_n20004_call_independent_rms_s5.npz,76201,89349d3f36b18cdd11b35789332105984a8392f99cff18de426574662dfa21db
tcn,clean_only,17,bandpass_n20004_call_independent_rms_s0,phase2/results/predictions/full/clean_only/tcn/seed_17/bandpass_n20004_call_independent_rms_s0.npz,75830,ce7ff28832a3f0aaf69423954f258fcd0aa01e86a60a7e8e715d8cbd71ec74f2
tcn,clean_only,17,bandpass_n20004_call_electrode_s20,phase2/results/predictions/full/clean_only/tcn/seed_17/bandpass_n20004_call_electrode_s20.npz,76425,d8112e118e197f4989309d9dfd161237f1979826c4a62d83ae4624ba72540f1c
tcn,clean_only,17,bandpass_n20004_call_electrode_s15,phase2/results/predictions/full/clean_only/tcn/seed_17/bandpass_n20004_call_electrode_s15.npz,76434,8c1f508239bb8dce6f0c0d8e55b4b9408211fbcc992d0d9e8fcbe7041804ff37
tcn,clean_only,17,bandpass_n20004_call_electrode_s10,phase2/results/predictions/full/clean_only/tcn/seed_17/bandpass_n20004_call_electrode_s10.npz,76343,b178e6ec8ca4397277477f8d40b4cf27c4b18407fc207ad5e4f936c205cd9ce8
tcn,clean_only,17,bandpass_n20004_call_electrode_s5,phase2/results/predictions/full/clean_only/tcn/seed_17/bandpass_n20004_call_electrode_s5.npz,76108,cdf529aff55234fab531396f45b60c9f7edd220f7dfd60e5de04fc874478005d
tcn,clean_only,17,bandpass_n20004_call_electrode_s0,phase2/results/predictions/full/clean_only/tcn/seed_17/bandpass_n20004_call_electrode_s0.npz,75670,34459cafc4acb997519c6f501a3bfdfc279416aa0507943479383b9f024771bf
tcn,clean_only,17,bandpass_n20004_call_covariance_s20,phase2/results/predictions/full/clean_only/tcn/seed_17/bandpass_n20004_call_covariance_s20.npz,76473,e59d44f12766cbc68b2fed12fa12cb9082cbc96272af1acf2d3cc408aa96a6b6
tcn,clean_only,17,bandpass_n20004_call_covariance_s15,phase2/results/predictions/full/clean_only/tcn/seed_17/bandpass_n20004_call_covariance_s15.npz,76369,af137166a1beb0ef0b4489fdb7a629fa0b4088541496ff6965d80552e87fe567
tcn,clean_only,17,bandpass_n20004_call_covariance_s10,phase2/results/predictions/full/clean_only/tcn/seed_17/bandpass_n20004_call_covariance_s10.npz,76300,26c3751dd10dda8effffed8d9e2a925063e91b4cf9a5008746a025963b11ab6e
tcn,clean_only,17,bandpass_n20004_call_covariance_s5,phase2/results/predictions/full/clean_only/tcn/seed_17/bandpass_n20004_call_covariance_s5.npz,76104,0487ce1709e9443d4a7d5468ef6749c5e45a2356497e7b54ee4d6fb3955674d6
tcn,clean_only,17,bandpass_n20004_call_covariance_s0,phase2/results/predictions/full/clean_only/tcn/seed_17/bandpass_n20004_call_covariance_s0.npz,75682,d353035c7790b7e31cedc8729363cc0cb10ebfaf67bedae358d4c255067c098d
tcn,clean_only,17,bandpass_n20005_cRA_LA_LL_independent_rms_s20,phase2/results/predictions/full/clean_only/tcn/seed_17/bandpass_n20005_cRA_LA_LL_independent_rms_s20.npz,76454,38caa8fbcbdb47f06fa4e38a3cbf017e67394cd918817f0167c9767913953fa4
tcn,clean_only,17,bandpass_n20005_cRA_LA_LL_independent_rms_s15,phase2/results/predictions/full/clean_only/tcn/seed_17/bandpass_n20005_cRA_LA_LL_independent_rms_s15.npz,76442,3158c9fcd7551a4531b8e9c38d3a7a30b06b770dd858aa9fb096a1620a2a77e6
tcn,clean_only,17,bandpass_n20005_cRA_LA_LL_independent_rms_s10,phase2/results/predictions/full/clean_only/tcn/seed_17/bandpass_n20005_cRA_LA_LL_independent_rms_s10.npz,76357,e5d722b2aeb25444c3820423eb28d99e475fd25ec7994776ef57b64dd419f799
tcn,clean_only,17,bandpass_n20005_cRA_LA_LL_independent_rms_s5,phase2/results/predictions/full/clean_only/tcn/seed_17/bandpass_n20005_cRA_LA_LL_independent_rms_s5.npz,76198,68b748d1caba1be82ea15e53aa4a88ddf1a341ccba2e23afaf0384516b612352
tcn,clean_only,17,bandpass_n20005_cRA_LA_LL_independent_rms_s0,phase2/results/predictions/full/clean_only/tcn/seed_17/bandpass_n20005_cRA_LA_LL_independent_rms_s0.npz,75768,783d007514bcce9c7b8ceef3f11158ad075add81fc25ea23b8319ea94edfcdf6
tcn,clean_only,17,bandpass_n20005_cRA_LA_LL_electrode_s20,phase2/results/predictions/full/clean_only/tcn/seed_17/bandpass_n20005_cRA_LA_LL_electrode_s20.npz,76434,d1d369b88747a2d4d5672c6bc03eb9db90d9efd1a2b724a13808ce2f4fa9263a
tcn,clean_only,17,bandpass_n20005_cRA_LA_LL_electrode_s15,phase2/results/predictions/full/clean_only/tcn/seed_17/bandpass_n20005_cRA_LA_LL_electrode_s15.npz,76434,96659eae0d5024b0bd791241031e43d37e24d01f5e83d73a1d757eb60b0e9252
tcn,clean_only,17,bandpass_n20005_cRA_LA_LL_electrode_s10,phase2/results/predictions/full/clean_only/tcn/seed_17/bandpass_n20005_cRA_LA_LL_electrode_s10.npz,76309,5535f01f61d8c859e6aef08c7a3be3e33ac72db108f1c65712d6ffcb000143e2
tcn,clean_only,17,bandpass_n20005_cRA_LA_LL_electrode_s5,phase2/results/predictions/full/clean_only/tcn/seed_17/bandpass_n20005_cRA_LA_LL_electrode_s5.npz,76078,ff288b2c2b0bbbb2f8feafe4b4c093f10e8438702c5c2ecf3be2be556375e6a5
tcn,clean_only,17,bandpass_n20005_cRA_LA_LL_electrode_s0,phase2/results/predictions/full/clean_only/tcn/seed_17/bandpass_n20005_cRA_LA_LL_electrode_s0.npz,75590,cfaeb2dc8426a86a0e3790635b624b7b9a1339e133ba6933522803923181c903
tcn,clean_only,17,bandpass_n20005_cRA_LA_LL_covariance_s20,phase2/results/predictions/full/clean_only/tcn/seed_17/bandpass_n20005_cRA_LA_LL_covariance_s20.npz,76456,6e7afd737c729795c583030ab20510eac6723d6180ca124c517e1490b94751eb
tcn,clean_only,17,bandpass_n20005_cRA_LA_LL_covariance_s15,phase2/results/predictions/full/clean_only/tcn/seed_17/bandpass_n20005_cRA_LA_LL_covariance_s15.npz,76393,364f6567edb7c820b3fb1030c139b8b8777f4489a9d4922d0f85490c57c60e6e
tcn,clean_only,17,bandpass_n20005_cRA_LA_LL_covariance_s10,phase2/results/predictions/full/clean_only/tcn/seed_17/bandpass_n20005_cRA_LA_LL_covariance_s10.npz,76335,9eaf77b773a0f0b82cf87eb1fc5c8ebb5bf71c01190ad54e47e46387cca7dc71
tcn,clean_only,17,bandpass_n20005_cRA_LA_LL_covariance_s5,phase2/results/predictions/full/clean_only/tcn/seed_17/bandpass_n20005_cRA_LA_LL_covariance_s5.npz,76059,098dd32b251048a4df67a1bcd80afae8c976a52fd32deb6929988294dd878628
tcn,clean_only,17,bandpass_n20005_cRA_LA_LL_covariance_s0,phase2/results/predictions/full/clean_only/tcn/seed_17/bandpass_n20005_cRA_LA_LL_covariance_s0.npz,75635,1e8e6009c69c8385fe7dc707eb2cbb856329a2977a174fc938af49759fd7d94a
tcn,clean_only,17,bandpass_n20005_cV1_independent_rms_s20,phase2/results/predictions/full/clean_only/tcn/seed_17/bandpass_n20005_cV1_independent_rms_s20.npz,76477,8402519af6423b23bee65ec6b1b5586eba83393000649d5a612dfdde8b9ed81f
tcn,clean_only,17,bandpass_n20005_cV1_independent_rms_s15,phase2/results/predictions/full/clean_only/tcn/seed_17/bandpass_n20005_cV1_independent_rms_s15.npz,76438,e25acb14c57fdd0b405310d898c1105f5bc7bfbc6b689cfc0447a2d38c07fd67
tcn,clean_only,17,bandpass_n20005_cV1_independent_rms_s10,phase2/results/predictions/full/clean_only/tcn/seed_17/bandpass_n20005_cV1_independent_rms_s10.npz,76364,63185dc3e1514cbe0bbe3ba37fd22b447fd8c7535a49a0e8dfa24d91d9d56fa2
tcn,clean_only,17,bandpass_n20005_cV1_independent_rms_s5,phase2/results/predictions/full/clean_only/tcn/seed_17/bandpass_n20005_cV1_independent_rms_s5.npz,76223,88fc6502131b1a643fb5d52ec622e952bad2667c11080c630131b0a075d1a7b5
tcn,clean_only,17,bandpass_n20005_cV1_independent_rms_s0,phase2/results/predictions/full/clean_only/tcn/seed_17/bandpass_n20005_cV1_independent_rms_s0.npz,76026,f90329ce666d45690ddf097705879c35cefaa910ae2129b77abfc7f31db0ac0f
tcn,clean_only,17,bandpass_n20005_cV1_electrode_s20,phase2/results/predictions/full/clean_only/tcn/seed_17/bandpass_n20005_cV1_electrode_s20.npz,76452,637a7e261e6cc39a41507a96febb7138807d79d24fad021637e3f349bbf5268a
tcn,clean_only,17,bandpass_n20005_cV1_electrode_s15,phase2/results/predictions/full/clean_only/tcn/seed_17/bandpass_n20005_cV1_electrode_s15.npz,76439,63f4b88a62f67eeb87a6ba8c435949f09f5e73aeab71ba3d7083ceba21fef03a
tcn,clean_only,17,bandpass_n20005_cV1_electrode_s10,phase2/results/predictions/full/clean_only/tcn/seed_17/bandpass_n20005_cV1_electrode_s10.npz,76399,6dc56a69538efb158266a2e2249423f651c8cab86c15f17abb9a3c69e7843e71
tcn,clean_only,17,bandpass_n20005_cV1_electrode_s5,phase2/results/predictions/full/clean_only/tcn/seed_17/bandpass_n20005_cV1_electrode_s5.npz,76226,be08a2aae25891d3971ba3843236cd8b7aad239105feb3355f7b9af1e97932c2
tcn,clean_only,17,bandpass_n20005_cV1_electrode_s0,phase2/results/predictions/full/clean_only/tcn/seed_17/bandpass_n20005_cV1_electrode_s0.npz,75997,56ef85068ceca5763b952c66042e3f25cb5ee0397f7f8267608641b9f91e0210
tcn,clean_only,17,bandpass_n20005_cV1_covariance_s20,phase2/results/predictions/full/clean_only/tcn/seed_17/bandpass_n20005_cV1_covariance_s20.npz,76457,858c268e2625bcb733d6deac993b2d5ae2bea85fea31d7ac3c8d0b1d4a4f59ae
tcn,clean_only,17,bandpass_n20005_cV1_covariance_s15,phase2/results/predictions/full/clean_only/tcn/seed_17/bandpass_n20005_cV1_covariance_s15.npz,76424,64e1346daf5ef49c2b7f084e3c0dc7efbf5ed8805bd6c6cb4e4724511ac3dfa6
tcn,clean_only,17,bandpass_n20005_cV1_covariance_s10,phase2/results/predictions/full/clean_only/tcn/seed_17/bandpass_n20005_cV1_covariance_s10.npz,76368,fc7fc3666400d2a38311f9732adcac1f3330f386d1a96dbdcbcefa6209949aa6
tcn,clean_only,17,bandpass_n20005_cV1_covariance_s5,phase2/results/predictions/full/clean_only/tcn/seed_17/bandpass_n20005_cV1_covariance_s5.npz,76222,748cf12eb8daa542f209847f13714cfcb3722cffe94ef8e9accc6124e926e2ed
tcn,clean_only,17,bandpass_n20005_cV1_covariance_s0,phase2/results/predictions/full/clean_only/tcn/seed_17/bandpass_n20005_cV1_covariance_s0.npz,76024,df010d0020ac584041c7a5264ad14a8c748468f4d77da9679b42cdbaf5daced2
tcn,clean_only,17,bandpass_n20005_cV2_independent_rms_s20,phase2/results/predictions/full/clean_only/tcn/seed_17/bandpass_n20005_cV2_independent_rms_s20.npz,76491,bf4ea128ef511fd2c31f036b25f0677f38fa0af90e17e61e36f2dff43f2b10c7
tcn,clean_only,17,bandpass_n20005_cV2_independent_rms_s15,phase2/results/predictions/full/clean_only/tcn/seed_17/bandpass_n20005_cV2_independent_rms_s15.npz,76450,4f28ca334602090ced603071cf83b4d5ea7d1046004170a88187db0c03087347
tcn,clean_only,17,bandpass_n20005_cV2_independent_rms_s10,phase2/results/predictions/full/clean_only/tcn/seed_17/bandpass_n20005_cV2_independent_rms_s10.npz,76397,6d6496d0bdcfc9596f881c15763d3a77e4eb4fb6a0931c70290c557927aa74ab
tcn,clean_only,17,bandpass_n20005_cV2_independent_rms_s5,phase2/results/predictions/full/clean_only/tcn/seed_17/bandpass_n20005_cV2_independent_rms_s5.npz,76247,6308fe4fcb30a7e997c5b50732abddc90a96bc3b38518b0e05e2da115873281d
tcn,clean_only,17,bandpass_n20005_cV2_independent_rms_s0,phase2/results/predictions/full/clean_only/tcn/seed_17/bandpass_n20005_cV2_independent_rms_s0.npz,75993,25f9c5aa2e1cee6562d6c96685c93594fff872470af01583cb8a16e1bdc4efea
tcn,clean_only,17,bandpass_n20005_cV2_electrode_s20,phase2/results/predictions/full/clean_only/tcn/seed_17/bandpass_n20005_cV2_electrode_s20.npz,76453,bf56d9fa9302386615058cff99286220ea4f01ddbf6e52412448d9e318b4aab9
tcn,clean_only,17,bandpass_n20005_cV2_electrode_s15,phase2/results/predictions/full/clean_only/tcn/seed_17/bandpass_n20005_cV2_electrode_s15.npz,76434,38eb779d388942825efdf2ee2ab28eb396dbd3c04ae8ea5a8244fb5ac04734bc
tcn,clean_only,17,bandpass_n20005_cV2_electrode_s10,phase2/results/predictions/full/clean_only/tcn/seed_17/bandpass_n20005_cV2_electrode_s10.npz,76368,042772e49bcb8a5d8f81b119af9ac49a913bc11e4ea8b62b0642f0ebee3823f5
tcn,clean_only,17,bandpass_n20005_cV2_electrode_s5,phase2/results/predictions/full/clean_only/tcn/seed_17/bandpass_n20005_cV2_electrode_s5.npz,76251,9b2c8d02aa19b88b6b30a13664dd35472c12f7d231285a7d607268c704e96672
tcn,clean_only,17,bandpass_n20005_cV2_electrode_s0,phase2/results/predictions/full/clean_only/tcn/seed_17/bandpass_n20005_cV2_electrode_s0.npz,75976,6c30f78adf59cea94c67462b2cb45764ff2bd598e098d3535f1549471d024f46
tcn,clean_only,17,bandpass_n20005_cV2_covariance_s20,phase2/results/predictions/full/clean_only/tcn/seed_17/bandpass_n20005_cV2_covariance_s20.npz,76449,8a300e73f1c3ff59e70cd5e281420bf193a901be05a42f2bcc747955718e0b4b
tcn,clean_only,17,bandpass_n20005_cV2_covariance_s15,phase2/results/predictions/full/clean_only/tcn/seed_17/bandpass_n20005_cV2_covariance_s15.npz,76421,6c66b3d25361853606bff057f858bf8602ad76f373237415b5f3949b6839ac1f
tcn,clean_only,17,bandpass_n20005_cV2_covariance_s10,phase2/results/predictions/full/clean_only/tcn/seed_17/bandpass_n20005_cV2_covariance_s10.npz,76400,dcdbef05378b2e599e3f4e66bc7fde8af1dcd61789d5f4ad7ac1e97897e60944
tcn,clean_only,17,bandpass_n20005_cV2_covariance_s5,phase2/results/predictions/full/clean_only/tcn/seed_17/bandpass_n20005_cV2_covariance_s5.npz,76302,67093ab296a4fb819b8b353c37e124407667e3ca007e6c00b6c07704199c400b
tcn,clean_only,17,bandpass_n20005_cV2_covariance_s0,phase2/results/predictions/full/clean_only/tcn/seed_17/bandpass_n20005_cV2_covariance_s0.npz,76029,737efcc5326225ca7dadcb620a8c365ebd1778f0f455bcad2c81fe31e2c31c6d
tcn,clean_only,17,bandpass_n20005_cV3_independent_rms_s20,phase2/results/predictions/full/clean_only/tcn/seed_17/bandpass_n20005_cV3_independent_rms_s20.npz,76437,796170bfb2d8b32c6cee6f18d0a1d0ddfba621b34c9212ba69ed6e907372ae59
tcn,clean_only,17,bandpass_n20005_cV3_independent_rms_s15,phase2/results/predictions/full/clean_only/tcn/seed_17/bandpass_n20005_cV3_independent_rms_s15.npz,76433,11eabc9d0ca8f5268d59f97d3cbf7c96d2c720abfb91e899a0a554d5df47f271
tcn,clean_only,17,bandpass_n20005_cV3_independent_rms_s10,phase2/results/predictions/full/clean_only/tcn/seed_17/bandpass_n20005_cV3_independent_rms_s10.npz,76393,706af2a2b857abe74b761bad26674c5a378b9d929347557225f9ccda1f6643f4
tcn,clean_only,17,bandpass_n20005_cV3_independent_rms_s5,phase2/results/predictions/full/clean_only/tcn/seed_17/bandpass_n20005_cV3_independent_rms_s5.npz,76207,0a431d7e92718ebd051f70fd25d1108708c5eb85f050da794293f02c0494447d
tcn,clean_only,17,bandpass_n20005_cV3_independent_rms_s0,phase2/results/predictions/full/clean_only/tcn/seed_17/bandpass_n20005_cV3_independent_rms_s0.npz,75967,a97cca80dfc385dda532d2685839aa7911b238f7575fb367b28d81aa3f3ab09f
tcn,clean_only,17,bandpass_n20005_cV3_electrode_s20,phase2/results/predictions/full/clean_only/tcn/seed_17/bandpass_n20005_cV3_electrode_s20.npz,76465,21c9bcad768262a251aaa635dedab15fabb27a3ec025e24e2a0f18bc86cd6b16
tcn,clean_only,17,bandpass_n20005_cV3_electrode_s15,phase2/results/predictions/full/clean_only/tcn/seed_17/bandpass_n20005_cV3_electrode_s15.npz,76412,d66ba085ead1e05956b128e67e7b81779e06c7bfe039898bb45f52218f1f8855
tcn,clean_only,17,bandpass_n20005_cV3_electrode_s10,phase2/results/predictions/full/clean_only/tcn/seed_17/bandpass_n20005_cV3_electrode_s10.npz,76401,69c51d6154058abafa5c88130da4d6386ad1d173de64572d241ccd0c96c4a6f0
tcn,clean_only,17,bandpass_n20005_cV3_electrode_s5,phase2/results/predictions/full/clean_only/tcn/seed_17/bandpass_n20005_cV3_electrode_s5.npz,76244,d74d42f25aab96c9bedc487b29c4b0ca87d21719756fd72da12934dc607d8222
tcn,clean_only,17,bandpass_n20005_cV3_electrode_s0,phase2/results/predictions/full/clean_only/tcn/seed_17/bandpass_n20005_cV3_electrode_s0.npz,75926,5cec88e9754f9bb15378a7d159cefac51431a6a59512bcf03afb195bf95eb321
tcn,clean_only,17,bandpass_n20005_cV3_covariance_s20,phase2/results/predictions/full/clean_only/tcn/seed_17/bandpass_n20005_cV3_covariance_s20.npz,76430,0ddca1d0daad2fd45f66d15f4e65fdfdf0e1d23c776ae85c4a189f926a0d7387
tcn,clean_only,17,bandpass_n20005_cV3_covariance_s15,phase2/results/predictions/full/clean_only/tcn/seed_17/bandpass_n20005_cV3_covariance_s15.npz,76412,da60d8323b8f4df500f204952c7f0db439a5e1d73d633d1c2b93c8c57eb1890e
tcn,clean_only,17,bandpass_n20005_cV3_covariance_s10,phase2/results/predictions/full/clean_only/tcn/seed_17/bandpass_n20005_cV3_covariance_s10.npz,76409,4570d2acac8ca0d34c53c230ac6e6510bfdcd1a2198f8874dfb9a4f3f8af36eb
tcn,clean_only,17,bandpass_n20005_cV3_covariance_s5,phase2/results/predictions/full/clean_only/tcn/seed_17/bandpass_n20005_cV3_covariance_s5.npz,76219,f7efb56c63d0f5f184131d7a247c65de8fcb3a87a91077713278b49eb9c748ac
tcn,clean_only,17,bandpass_n20005_cV3_covariance_s0,phase2/results/predictions/full/clean_only/tcn/seed_17/bandpass_n20005_cV3_covariance_s0.npz,75940,f55468b8e82080af3463ceacfddce8ce1631fa641bcdd9ee176ef8f44955c728
tcn,clean_only,17,bandpass_n20005_cV4_independent_rms_s20,phase2/results/predictions/full/clean_only/tcn/seed_17/bandpass_n20005_cV4_independent_rms_s20.npz,76490,0ffe1c06a5aff800c01f5e9ac6314f545361fac97bea83813dd9e3093dfce236
tcn,clean_only,17,bandpass_n20005_cV4_independent_rms_s15,phase2/results/predictions/full/clean_only/tcn/seed_17/bandpass_n20005_cV4_independent_rms_s15.npz,76460,0508078a99d6ce9f6a0fdaba62249944d5ca4def7b6c4bad53c89774eb4e567d
tcn,clean_only,17,bandpass_n20005_cV4_independent_rms_s10,phase2/results/predictions/full/clean_only/tcn/seed_17/bandpass_n20005_cV4_independent_rms_s10.npz,76453,fa3266aa0df1967839932e1938732fffb4e614bd37e95e3e61e79eb67e779aa5
tcn,clean_only,17,bandpass_n20005_cV4_independent_rms_s5,phase2/results/predictions/full/clean_only/tcn/seed_17/bandpass_n20005_cV4_independent_rms_s5.npz,76369,1f26a8ee959567e1c3369bc2102a058cc0bbeabb1780961f142e98c1c1c29af9
tcn,clean_only,17,bandpass_n20005_cV4_independent_rms_s0,phase2/results/predictions/full/clean_only/tcn/seed_17/bandpass_n20005_cV4_independent_rms_s0.npz,76244,bd1da7a4d908090b95991ce61038b820d365df2053503c71a3f501db6f554ee5
tcn,clean_only,17,bandpass_n20005_cV4_electrode_s20,phase2/results/predictions/full/clean_only/tcn/seed_17/bandpass_n20005_cV4_electrode_s20.npz,76461,5134a090d432f39155ce55f137d2f6bd9dd6dacb991015d4e1efd3b05d420f50
tcn,clean_only,17,bandpass_n20005_cV4_electrode_s15,phase2/results/predictions/full/clean_only/tcn/seed_17/bandpass_n20005_cV4_electrode_s15.npz,76432,33ed36d746327a6e6a9367014bca5f47064068385852d9da3aecc55701f28afd
tcn,clean_only,17,bandpass_n20005_cV4_electrode_s10,phase2/results/predictions/full/clean_only/tcn/seed_17/bandpass_n20005_cV4_electrode_s10.npz,76438,273d337f8e9e614db11e48abeb126622fde55c2dd77fa88784d9b8497ddf55aa
tcn,clean_only,17,bandpass_n20005_cV4_electrode_s5,phase2/results/predictions/full/clean_only/tcn/seed_17/bandpass_n20005_cV4_electrode_s5.npz,76396,b36aa45308161e8f3c2f6c96dff6e7391b5ed04afbfc21d6d500e1baed3aa9dc
tcn,clean_only,17,bandpass_n20005_cV4_electrode_s0,phase2/results/predictions/full/clean_only/tcn/seed_17/bandpass_n20005_cV4_electrode_s0.npz,76240,808305397b61aaa92c485c349daea609364701f64744992b18a9e1a29e1584c2
tcn,clean_only,17,bandpass_n20005_cV4_covariance_s20,phase2/results/predictions/full/clean_only/tcn/seed_17/bandpass_n20005_cV4_covariance_s20.npz,76474,a97743bdc2b5ff9097c54d553c5693dccb09663d6952f9fd92acabc9e8f0ca8e
tcn,clean_only,17,bandpass_n20005_cV4_covariance_s15,phase2/results/predictions/full/clean_only/tcn/seed_17/bandpass_n20005_cV4_covariance_s15.npz,76432,7dc4c8433860505cea5bc9302eecdd67c94a8656d0822d2b5200ab49a2793531
tcn,clean_only,17,bandpass_n20005_cV4_covariance_s10,phase2/results/predictions/full/clean_only/tcn/seed_17/bandpass_n20005_cV4_covariance_s10.npz,76425,76a672370f2d1f1720cf9a197efab868ddf623b377a0cb27aa11a33b1d7db6a4
tcn,clean_only,17,bandpass_n20005_cV4_covariance_s5,phase2/results/predictions/full/clean_only/tcn/seed_17/bandpass_n20005_cV4_covariance_s5.npz,76380,218fd60061dc7d90913c4d05522ca1c5dcaef0b2c122df214c5cf7398ba21302
tcn,clean_only,17,bandpass_n20005_cV4_covariance_s0,phase2/results/predictions/full/clean_only/tcn/seed_17/bandpass_n20005_cV4_covariance_s0.npz,76256,0af54cf379418cf6dd574597710ef6baacaa4bc6658407d931bb0a53f139cb2d
tcn,clean_only,17,bandpass_n20005_cV5_independent_rms_s20,phase2/results/predictions/full/clean_only/tcn/seed_17/bandpass_n20005_cV5_independent_rms_s20.npz,76523,06f5d8ed21900323f6750d6ed04b24c46c36b6ef228263425456a2e839fe9c07
tcn,clean_only,17,bandpass_n20005_cV5_independent_rms_s15,phase2/results/predictions/full/clean_only/tcn/seed_17/bandpass_n20005_cV5_independent_rms_s15.npz,76451,16e2c8735a2590334ebeafd5f03ca3258033213d3ca988d8fc26daa0c4380dc8
tcn,clean_only,17,bandpass_n20005_cV5_independent_rms_s10,phase2/results/predictions/full/clean_only/tcn/seed_17/bandpass_n20005_cV5_independent_rms_s10.npz,76372,bdd210e231ba14e859fec87b5a796a1ab321074e802b5c39f48f6e32c6087b8c
tcn,clean_only,17,bandpass_n20005_cV5_independent_rms_s5,phase2/results/predictions/full/clean_only/tcn/seed_17/bandpass_n20005_cV5_independent_rms_s5.npz,76288,24f2c9270370de57af1f6eb0724c907a760d32d42efd603e32378e4e36ac5050
tcn,clean_only,17,bandpass_n20005_cV5_independent_rms_s0,phase2/results/predictions/full/clean_only/tcn/seed_17/bandpass_n20005_cV5_independent_rms_s0.npz,76010,277e0bc146896f3a2ea04c42c127c7d7980f3af981c7a95e8dac1c5826e3caa6
tcn,clean_only,17,bandpass_n20005_cV5_electrode_s20,phase2/results/predictions/full/clean_only/tcn/seed_17/bandpass_n20005_cV5_electrode_s20.npz,76457,028bb25b2dd8316f77e6f3edca17f95bc67f5a3fc454b2a8dbf335cfd604212e
tcn,clean_only,17,bandpass_n20005_cV5_electrode_s15,phase2/results/predictions/full/clean_only/tcn/seed_17/bandpass_n20005_cV5_electrode_s15.npz,76450,f5aedaa10340f6c377894b95c71d47e8e6d0b5b4924fb92fea2b24b51a49c081
tcn,clean_only,17,bandpass_n20005_cV5_electrode_s10,phase2/results/predictions/full/clean_only/tcn/seed_17/bandpass_n20005_cV5_electrode_s10.npz,76415,1619132985399242140a8e82ae24d05cd4a57ce06f9a26c811f0c3b530134d25
tcn,clean_only,17,bandpass_n20005_cV5_electrode_s5,phase2/results/predictions/full/clean_only/tcn/seed_17/bandpass_n20005_cV5_electrode_s5.npz,76274,7d275577b6080dda23ad785567fa0733c235de5d606ab5fded9866d7f8dd3510
tcn,clean_only,17,bandpass_n20005_cV5_electrode_s0,phase2/results/predictions/full/clean_only/tcn/seed_17/bandpass_n20005_cV5_electrode_s0.npz,76028,e1ba77126a62ed4cb65459d57e720c815939f86f590da721b7e0309a5805b350
tcn,clean_only,17,bandpass_n20005_cV5_covariance_s20,phase2/results/predictions/full/clean_only/tcn/seed_17/bandpass_n20005_cV5_covariance_s20.npz,76444,b9669820bb3685557b3efe6b5650e19c87e732f02263c83cee4aeedf31a0002e
tcn,clean_only,17,bandpass_n20005_cV5_covariance_s15,phase2/results/predictions/full/clean_only/tcn/seed_17/bandpass_n20005_cV5_covariance_s15.npz,76426,a2db7b312d07e4de5ac6b33725dada596e192156af1ddc8f5a4975250363960c
tcn,clean_only,17,bandpass_n20005_cV5_covariance_s10,phase2/results/predictions/full/clean_only/tcn/seed_17/bandpass_n20005_cV5_covariance_s10.npz,76390,6f93f4b34a07ffeb54e8984279e68d40ea83dd77d95bfc495ed9f7c067f3119b
tcn,clean_only,17,bandpass_n20005_cV5_covariance_s5,phase2/results/predictions/full/clean_only/tcn/seed_17/bandpass_n20005_cV5_covariance_s5.npz,76293,ed8c286e649ec15585a393c88fe482a291a0db30258c615d088d9556dca542ed
tcn,clean_only,17,bandpass_n20005_cV5_covariance_s0,phase2/results/predictions/full/clean_only/tcn/seed_17/bandpass_n20005_cV5_covariance_s0.npz,76034,e7ade41f01eb1f8ca7427cf9152a19786c2e63b73cac2176e1c60fee2bf4ab0a
tcn,clean_only,17,bandpass_n20005_cV6_independent_rms_s20,phase2/results/predictions/full/clean_only/tcn/seed_17/bandpass_n20005_cV6_independent_rms_s20.npz,76480,2eebfb68cf41aad84ab5754def5f6555db9926f8e87858f6eca9b334c6b5b7e3
tcn,clean_only,17,bandpass_n20005_cV6_independent_rms_s15,phase2/results/predictions/full/clean_only/tcn/seed_17/bandpass_n20005_cV6_independent_rms_s15.npz,76447,45ec9489da105db737d0562e4e980b92438354f42337f44a36ab8d16dc9fee45
tcn,clean_only,17,bandpass_n20005_cV6_independent_rms_s10,phase2/results/predictions/full/clean_only/tcn/seed_17/bandpass_n20005_cV6_independent_rms_s10.npz,76408,d43ed2cbfbbab70c4e387caf1219837db1d27347a1d1604ddd3c549b3c1f4300
tcn,clean_only,17,bandpass_n20005_cV6_independent_rms_s5,phase2/results/predictions/full/clean_only/tcn/seed_17/bandpass_n20005_cV6_independent_rms_s5.npz,76259,b3eb7d85110781d659c26fc9d3da15bf99b0655d498c9e38149b2ac4114adc65
tcn,clean_only,17,bandpass_n20005_cV6_independent_rms_s0,phase2/results/predictions/full/clean_only/tcn/seed_17/bandpass_n20005_cV6_independent_rms_s0.npz,75947,4c8beda4ccc7dd2c5d05246cb59bb9ea41585bf4d2fd17463ea45e70d3f5aaf6
tcn,clean_only,17,bandpass_n20005_cV6_electrode_s20,phase2/results/predictions/full/clean_only/tcn/seed_17/bandpass_n20005_cV6_electrode_s20.npz,76453,0eb68a38868ee6da638555ef162017c99b44a6b96a9dc14ab2941c80bcd65003
tcn,clean_only,17,bandpass_n20005_cV6_electrode_s15,phase2/results/predictions/full/clean_only/tcn/seed_17/bandpass_n20005_cV6_electrode_s15.npz,76404,42c205dc701b600129c7dc9e5efa263b7d59296931c180496b0cb1026296146e
tcn,clean_only,17,bandpass_n20005_cV6_electrode_s10,phase2/results/predictions/full/clean_only/tcn/seed_17/bandpass_n20005_cV6_electrode_s10.npz,76366,7432ce15e95f1cea18556d865f996990380c2117021fa4f51aaec1aa021491ec
tcn,clean_only,17,bandpass_n20005_cV6_electrode_s5,phase2/results/predictions/full/clean_only/tcn/seed_17/bandpass_n20005_cV6_electrode_s5.npz,76250,03afac89c52eb6eba29aaf645ec1157cb7b27ff9545db8c5acd71e3f48718e5b
tcn,clean_only,17,bandpass_n20005_cV6_electrode_s0,phase2/results/predictions/full/clean_only/tcn/seed_17/bandpass_n20005_cV6_electrode_s0.npz,75918,f357fb2e2565e3cb117811d2d992abc81303d9c7ec67ee07efc66e99f56af7c4
tcn,clean_only,17,bandpass_n20005_cV6_covariance_s20,phase2/results/predictions/full/clean_only/tcn/seed_17/bandpass_n20005_cV6_covariance_s20.npz,76451,13d97dcf84c5cff8719e4af78a1062792ea5fb787c632607468d2273596198fe
tcn,clean_only,17,bandpass_n20005_cV6_covariance_s15,phase2/results/predictions/full/clean_only/tcn/seed_17/bandpass_n20005_cV6_covariance_s15.npz,76445,02e180ab056b5baeddb72f5fe846247915db667ea27326f17b7b52682711ff3c
tcn,clean_only,17,bandpass_n20005_cV6_covariance_s10,phase2/results/predictions/full/clean_only/tcn/seed_17/bandpass_n20005_cV6_covariance_s10.npz,76384,4c09f33fa3831bca9690af1c6b1f54bac6c9b0c8af8db8afa22a7bbd57c6cc7e
tcn,clean_only,17,bandpass_n20005_cV6_covariance_s5,phase2/results/predictions/full/clean_only/tcn/seed_17/bandpass_n20005_cV6_covariance_s5.npz,76263,5ad036ddb98007f0c8f6564a0b0c14f1e5415854f3c2a1d3883f480b38107f64
tcn,clean_only,17,bandpass_n20005_cV6_covariance_s0,phase2/results/predictions/full/clean_only/tcn/seed_17/bandpass_n20005_cV6_covariance_s0.npz,75917,dc16e58532b44508f98513c56293adbf3c47e1a4a6d4d73960030264ed4ee58a
tcn,clean_only,17,bandpass_n20005_cRA_LA_independent_rms_s20,phase2/results/predictions/full/clean_only/tcn/seed_17/bandpass_n20005_cRA_LA_independent_rms_s20.npz,76491,e26bc66b5ed3002a76e846f2e97d916a491eb0aaf10f06f0b7c5e7b64df08dbb
tcn,clean_only,17,bandpass_n20005_cRA_LA_independent_rms_s15,phase2/results/predictions/full/clean_only/tcn/seed_17/bandpass_n20005_cRA_LA_independent_rms_s15.npz,76467,0bae93072fd5a2284f8b539c8d97666f4fb89d585dfa11294fb06351d718045d
tcn,clean_only,17,bandpass_n20005_cRA_LA_independent_rms_s10,phase2/results/predictions/full/clean_only/tcn/seed_17/bandpass_n20005_cRA_LA_independent_rms_s10.npz,76380,0da14f369e3fd08ef08093003bdb7aca4604cb98b2a96538ef2ee32d0a6830f7
tcn,clean_only,17,bandpass_n20005_cRA_LA_independent_rms_s5,phase2/results/predictions/full/clean_only/tcn/seed_17/bandpass_n20005_cRA_LA_independent_rms_s5.npz,76231,0391e85b6440af302503282a6abea53fab4aaf014d2f8c151c2ae97927730852
tcn,clean_only,17,bandpass_n20005_cRA_LA_independent_rms_s0,phase2/results/predictions/full/clean_only/tcn/seed_17/bandpass_n20005_cRA_LA_independent_rms_s0.npz,75840,bf0df10ea650adf5b247559e29cc3e04d1a136bc7b3eb1ef447601f1345ab96e
tcn,clean_only,17,bandpass_n20005_cRA_LA_electrode_s20,phase2/results/predictions/full/clean_only/tcn/seed_17/bandpass_n20005_cRA_LA_electrode_s20.npz,76444,2cfdd77c0ad3fcb16748ae0dc4bfa9d5290d3fb62b3d52b793aa1aae5eaff160
tcn,clean_only,17,bandpass_n20005_cRA_LA_electrode_s15,phase2/results/predictions/full/clean_only/tcn/seed_17/bandpass_n20005_cRA_LA_electrode_s15.npz,76387,4deecb492f0143bea4e632d627fc0eaf0e625a92cb144cec51bc602da1dab802
tcn,clean_only,17,bandpass_n20005_cRA_LA_electrode_s10,phase2/results/predictions/full/clean_only/tcn/seed_17/bandpass_n20005_cRA_LA_electrode_s10.npz,76284,4611a7e323531cb2ee0d0e5697924fd25d39715892f071cc3857f8e5a635c758
tcn,clean_only,17,bandpass_n20005_cRA_LA_electrode_s5,phase2/results/predictions/full/clean_only/tcn/seed_17/bandpass_n20005_cRA_LA_electrode_s5.npz,76100,8c342fad561ef51629d7dbc1ea6e20367ae1b1b8af45d7b71981621ac670048b
tcn,clean_only,17,bandpass_n20005_cRA_LA_electrode_s0,phase2/results/predictions/full/clean_only/tcn/seed_17/bandpass_n20005_cRA_LA_electrode_s0.npz,75564,d0d1ce65ac20fddbbfc8afd0d70e0c1f98880dabbcc4ddb88687f8dcaedb4f32
tcn,clean_only,17,bandpass_n20005_cRA_LA_covariance_s20,phase2/results/predictions/full/clean_only/tcn/seed_17/bandpass_n20005_cRA_LA_covariance_s20.npz,76439,e506c033797e6929e64e629954375ef9ac6bffe283dd281ee0fb98db87a3ece1
tcn,clean_only,17,bandpass_n20005_cRA_LA_covariance_s15,phase2/results/predictions/full/clean_only/tcn/seed_17/bandpass_n20005_cRA_LA_covariance_s15.npz,76403,bd731d8ac5ad37642e6f6250d0a01b958515f245f4273f9df8e2809a009ab908
tcn,clean_only,17,bandpass_n20005_cRA_LA_covariance_s10,phase2/results/predictions/full/clean_only/tcn/seed_17/bandpass_n20005_cRA_LA_covariance_s10.npz,76323,3c0df0ce2d328512f02bd4c0c83247dbf27f08eaf92d8746a8a160fc47a1ef5d
tcn,clean_only,17,bandpass_n20005_cRA_LA_covariance_s5,phase2/results/predictions/full/clean_only/tcn/seed_17/bandpass_n20005_cRA_LA_covariance_s5.npz,76075,9ca884dbb4fb7c5299c641bffad6f19a18168a547268a069debf49c4939452d9
tcn,clean_only,17,bandpass_n20005_cRA_LA_covariance_s0,phase2/results/predictions/full/clean_only/tcn/seed_17/bandpass_n20005_cRA_LA_covariance_s0.npz,75551,4fde0c1ee730eefe63fa05d6b066e26b23cc62d9ce628a08fae906232dba7243
tcn,clean_only,17,bandpass_n20005_cLA_LL_independent_rms_s20,phase2/results/predictions/full/clean_only/tcn/seed_17/bandpass_n20005_cLA_LL_independent_rms_s20.npz,76470,904105490e329f64493d139659058c511befb5b581a62690e2ecc0ec4a19c72c
tcn,clean_only,17,bandpass_n20005_cLA_LL_independent_rms_s15,phase2/results/predictions/full/clean_only/tcn/seed_17/bandpass_n20005_cLA_LL_independent_rms_s15.npz,76441,ac1d67ef4d963276d2cbad616dd0daa90c0869fa5500f0595085f7e8080d05c0
tcn,clean_only,17,bandpass_n20005_cLA_LL_independent_rms_s10,phase2/results/predictions/full/clean_only/tcn/seed_17/bandpass_n20005_cLA_LL_independent_rms_s10.npz,76371,d0d2f93d749302b0bca3c0ded8b023c54b4415adff60758fe665a21957b972af
tcn,clean_only,17,bandpass_n20005_cLA_LL_independent_rms_s5,phase2/results/predictions/full/clean_only/tcn/seed_17/bandpass_n20005_cLA_LL_independent_rms_s5.npz,76208,93ffc6d84f4efc010c79e825a797417d7a21207c977334c14eed394434a3880a
tcn,clean_only,17,bandpass_n20005_cLA_LL_independent_rms_s0,phase2/results/predictions/full/clean_only/tcn/seed_17/bandpass_n20005_cLA_LL_independent_rms_s0.npz,75830,41d5b17ece4c4805ae65b1ee8c8d67d3e72835759d3ec2a5a394183a5af55aed
tcn,clean_only,17,bandpass_n20005_cLA_LL_electrode_s20,phase2/results/predictions/full/clean_only/tcn/seed_17/bandpass_n20005_cLA_LL_electrode_s20.npz,76461,f0c4f03f45ead0cd2343193a0cf9733dc9233a36e4d709c5d5a3a6fcdf6d16d1
tcn,clean_only,17,bandpass_n20005_cLA_LL_electrode_s15,phase2/results/predictions/full/clean_only/tcn/seed_17/bandpass_n20005_cLA_LL_electrode_s15.npz,76434,50e446ec485e153a076cc675051bb2baa1e9f62122a5fa6d195c65dc23ab7230
tcn,clean_only,17,bandpass_n20005_cLA_LL_electrode_s10,phase2/results/predictions/full/clean_only/tcn/seed_17/bandpass_n20005_cLA_LL_electrode_s10.npz,76352,45d9d8e0eb1af1c40985eb8fd2227d36b2b8f255f006286982f925c1bb82594f
tcn,clean_only,17,bandpass_n20005_cLA_LL_electrode_s5,phase2/results/predictions/full/clean_only/tcn/seed_17/bandpass_n20005_cLA_LL_electrode_s5.npz,76061,66dbde26b5fc36b50a8ade99cdfa842f13c674b2d2cddb3e05580b7e4f28b4f7
tcn,clean_only,17,bandpass_n20005_cLA_LL_electrode_s0,phase2/results/predictions/full/clean_only/tcn/seed_17/bandpass_n20005_cLA_LL_electrode_s0.npz,75702,c6640305ae8c6816cb60cb22078a6644971af4dea66c6cb183e0c3b7770662bc
tcn,clean_only,17,bandpass_n20005_cLA_LL_covariance_s20,phase2/results/predictions/full/clean_only/tcn/seed_17/bandpass_n20005_cLA_LL_covariance_s20.npz,76467,a2a6bf9b18c99f6ab10f32cf30ae3415da390069ce9ee16f34c4179fc703b52e
tcn,clean_only,17,bandpass_n20005_cLA_LL_covariance_s15,phase2/results/predictions/full/clean_only/tcn/seed_17/bandpass_n20005_cLA_LL_covariance_s15.npz,76421,be26736fca4a78db0fe6f45c48981097db3f1e9921bd6d37bee4a9c6a440137c
tcn,clean_only,17,bandpass_n20005_cLA_LL_covariance_s10,phase2/results/predictions/full/clean_only/tcn/seed_17/bandpass_n20005_cLA_LL_covariance_s10.npz,76377,45da01e8d2a3044aee8c14d42f3eec96cfaae8aa83bfb4e028cb48996b08944e
tcn,clean_only,17,bandpass_n20005_cLA_LL_covariance_s5,phase2/results/predictions/full/clean_only/tcn/seed_17/bandpass_n20005_cLA_LL_covariance_s5.npz,76110,3af8e01c5f2b33da4c213cb36869fab24d66c319d8e5979c44f4e669c1ea3bb4
tcn,clean_only,17,bandpass_n20005_cLA_LL_covariance_s0,phase2/results/predictions/full/clean_only/tcn/seed_17/bandpass_n20005_cLA_LL_covariance_s0.npz,75726,caf74943213f06a7604442e569666ed0597aa97ff0a901da3b6eaf14f30e1535
tcn,clean_only,17,bandpass_n20005_cRA_LL_independent_rms_s20,phase2/results/predictions/full/clean_only/tcn/seed_17/bandpass_n20005_cRA_LL_independent_rms_s20.npz,76452,764bf7f1314fa5d955f8920278cebef7241e5836300e98707cc119139d2eb9f0
tcn,clean_only,17,bandpass_n20005_cRA_LL_independent_rms_s15,phase2/results/predictions/full/clean_only/tcn/seed_17/bandpass_n20005_cRA_LL_independent_rms_s15.npz,76423,d7baee9776e838d13340086bba9252dce527f91829bf8464305e72ae6acea263
tcn,clean_only,17,bandpass_n20005_cRA_LL_independent_rms_s10,phase2/results/predictions/full/clean_only/tcn/seed_17/bandpass_n20005_cRA_LL_independent_rms_s10.npz,76357,2a9e12e5e7198eaddba5f92ee8af7f038ebc693e241b3f86fc289499f57dc276
tcn,clean_only,17,bandpass_n20005_cRA_LL_independent_rms_s5,phase2/results/predictions/full/clean_only/tcn/seed_17/bandpass_n20005_cRA_LL_independent_rms_s5.npz,76167,24fc4e4135144b87e5ca6ae68eb51fa014376e27fa4235b6845381534abf924f
tcn,clean_only,17,bandpass_n20005_cRA_LL_independent_rms_s0,phase2/results/predictions/full/clean_only/tcn/seed_17/bandpass_n20005_cRA_LL_independent_rms_s0.npz,75723,75bc86c9eedca17492dfbbe26557b75d503ed715a887935fd19457ba6845dfd4
tcn,clean_only,17,bandpass_n20005_cRA_LL_electrode_s20,phase2/results/predictions/full/clean_only/tcn/seed_17/bandpass_n20005_cRA_LL_electrode_s20.npz,76427,7758b386d5afd71dc690ef81eb6effb6a8b4517310b033d982a52de16bf7bc5f
tcn,clean_only,17,bandpass_n20005_cRA_LL_electrode_s15,phase2/results/predictions/full/clean_only/tcn/seed_17/bandpass_n20005_cRA_LL_electrode_s15.npz,76422,9b572b616132ab8677f5e634fa54fa8bda6d96d56c16de6bb67ce9e881180659
tcn,clean_only,17,bandpass_n20005_cRA_LL_electrode_s10,phase2/results/predictions/full/clean_only/tcn/seed_17/bandpass_n20005_cRA_LL_electrode_s10.npz,76320,9df1867c8e76be5d4d361c19d39ee5b45dc69bb9baa0d05d39072b11f67a956a
tcn,clean_only,17,bandpass_n20005_cRA_LL_electrode_s5,phase2/results/predictions/full/clean_only/tcn/seed_17/bandpass_n20005_cRA_LL_electrode_s5.npz,76096,e0fe0aebe04cb053d07a08fc62fd16cd082889feb9458aa7f1bb1acf06227410
tcn,clean_only,17,bandpass_n20005_cRA_LL_electrode_s0,phase2/results/predictions/full/clean_only/tcn/seed_17/bandpass_n20005_cRA_LL_electrode_s0.npz,75586,597a3b1c81092af86b4a78efe49bf63f95454c79ca3b8dba6ab4a87f35106d9e
tcn,clean_only,17,bandpass_n20005_cRA_LL_covariance_s20,phase2/results/predictions/full/clean_only/tcn/seed_17/bandpass_n20005_cRA_LL_covariance_s20.npz,76463,0aabe6bd4dfab22b9543d0af243740bb0014d914e823478fbc31af0630014644
tcn,clean_only,17,bandpass_n20005_cRA_LL_covariance_s15,phase2/results/predictions/full/clean_only/tcn/seed_17/bandpass_n20005_cRA_LL_covariance_s15.npz,76397,51bd0390db3806bfa1ddc5a5b3cd78dfcae56d62ee21b9f75638afbdce1bd5af
tcn,clean_only,17,bandpass_n20005_cRA_LL_covariance_s10,phase2/results/predictions/full/clean_only/tcn/seed_17/bandpass_n20005_cRA_LL_covariance_s10.npz,76319,879b686a304967b9613a95cb8649b7b039d8b161ff24f4ad78c244bc531e60c4
tcn,clean_only,17,bandpass_n20005_cRA_LL_covariance_s5,phase2/results/predictions/full/clean_only/tcn/seed_17/bandpass_n20005_cRA_LL_covariance_s5.npz,76099,5e7e53c08e9e934e9e072d21110e944a5185e835d624533f8725104d46efed89
tcn,clean_only,17,bandpass_n20005_cRA_LL_covariance_s0,phase2/results/predictions/full/clean_only/tcn/seed_17/bandpass_n20005_cRA_LL_covariance_s0.npz,75569,987f71c647ec6432a37a3a560112116dc6b745d3cb1dd00d43cbd12a3e68b91c
tcn,clean_only,17,bandpass_n20005_cRA_independent_rms_s20,phase2/results/predictions/full/clean_only/tcn/seed_17/bandpass_n20005_cRA_independent_rms_s20.npz,76443,3483ed61cddd620d4d0fcea4c4c91b92c0bfcbbff8a2fabc95b04e3ff164c69c
tcn,clean_only,17,bandpass_n20005_cRA_independent_rms_s15,phase2/results/predictions/full/clean_only/tcn/seed_17/bandpass_n20005_cRA_independent_rms_s15.npz,76417,ce2a8498734befe769ff16820dccbf34f2b00ccfbe613c3cd6c3824f14aac0ba
tcn,clean_only,17,bandpass_n20005_cRA_independent_rms_s10,phase2/results/predictions/full/clean_only/tcn/seed_17/bandpass_n20005_cRA_independent_rms_s10.npz,76358,678b1cfaf1a14f02cf9a84cd936d90573aece4497070f82a2fb0cafb47c5c530
tcn,clean_only,17,bandpass_n20005_cRA_independent_rms_s5,phase2/results/predictions/full/clean_only/tcn/seed_17/bandpass_n20005_cRA_independent_rms_s5.npz,76176,1d6b28c8eae556f5cb682932ca1394c64ae31a1cf5fb38707466259a3220e91a
tcn,clean_only,17,bandpass_n20005_cRA_independent_rms_s0,phase2/results/predictions/full/clean_only/tcn/seed_17/bandpass_n20005_cRA_independent_rms_s0.npz,75727,4e3db1a767ded50dc8f7ce016a15353891ea246d101a9596c5f5487e336a9d5f
tcn,clean_only,17,bandpass_n20005_cRA_electrode_s20,phase2/results/predictions/full/clean_only/tcn/seed_17/bandpass_n20005_cRA_electrode_s20.npz,76443,e19b15d707850630425c29059347b7c72f8ce3fb2f7fce6391001bea2303e90c
tcn,clean_only,17,bandpass_n20005_cRA_electrode_s15,phase2/results/predictions/full/clean_only/tcn/seed_17/bandpass_n20005_cRA_electrode_s15.npz,76392,546bef51d845805c4a9adc0842c7e201534b2d5e1e10ad623ce9baf607666e81
tcn,clean_only,17,bandpass_n20005_cRA_electrode_s10,phase2/results/predictions/full/clean_only/tcn/seed_17/bandpass_n20005_cRA_electrode_s10.npz,76322,d0808335e49898d46a445d539c01245931a40447430889c7927354483ed2a911
tcn,clean_only,17,bandpass_n20005_cRA_electrode_s5,phase2/results/predictions/full/clean_only/tcn/seed_17/bandpass_n20005_cRA_electrode_s5.npz,76099,65a39f092372846e9b03611a7090e92a7aa9b725dff2297a3eb7b182d374cf46
tcn,clean_only,17,bandpass_n20005_cRA_electrode_s0,phase2/results/predictions/full/clean_only/tcn/seed_17/bandpass_n20005_cRA_electrode_s0.npz,75642,bcaab7c4d33737bd14faf50a280d61c788ffba2c930c9db1d62094e07c0a3d9b
tcn,clean_only,17,bandpass_n20005_cRA_covariance_s20,phase2/results/predictions/full/clean_only/tcn/seed_17/bandpass_n20005_cRA_covariance_s20.npz,76455,b3c46f0f4cd97d909fbdd60cb0f7816227d33e723bae85213280491ed40c621f
tcn,clean_only,17,bandpass_n20005_cRA_covariance_s15,phase2/results/predictions/full/clean_only/tcn/seed_17/bandpass_n20005_cRA_covariance_s15.npz,76401,65d35b09c296d04c8e450aa53c0a0d680b687fa022679ab4319d0d2d59986e0b
tcn,clean_only,17,bandpass_n20005_cRA_covariance_s10,phase2/results/predictions/full/clean_only/tcn/seed_17/bandpass_n20005_cRA_covariance_s10.npz,76313,b6dc2d2445561bae4acc3ed72f432443108560cc9e45e8e467a59b8a372bb901
tcn,clean_only,17,bandpass_n20005_cRA_covariance_s5,phase2/results/predictions/full/clean_only/tcn/seed_17/bandpass_n20005_cRA_covariance_s5.npz,76112,12c8f6c6628709eb5f6188ff21a300dd9a5c7e7fc24f36402157d93e23c42b85
tcn,clean_only,17,bandpass_n20005_cRA_covariance_s0,phase2/results/predictions/full/clean_only/tcn/seed_17/bandpass_n20005_cRA_covariance_s0.npz,75630,6ff64906aa8577ac3372381c767a21530c23e7f33a6116e9893da990cc4e7262
tcn,clean_only,17,bandpass_n20005_cLA_independent_rms_s20,phase2/results/predictions/full/clean_only/tcn/seed_17/bandpass_n20005_cLA_independent_rms_s20.npz,76476,b04dd2fdb07628e076fabdb37ca1edf81aa9d5be17a48b3b799ab009f05b64ad
tcn,clean_only,17,bandpass_n20005_cLA_independent_rms_s15,phase2/results/predictions/full/clean_only/tcn/seed_17/bandpass_n20005_cLA_independent_rms_s15.npz,76454,bc88144666988d9a74d43011c3dafc5a5edf6814553e7e30a25fc100ac802639
tcn,clean_only,17,bandpass_n20005_cLA_independent_rms_s10,phase2/results/predictions/full/clean_only/tcn/seed_17/bandpass_n20005_cLA_independent_rms_s10.npz,76385,08c53ce6efbfd712d5f252156ddf09b6fc80604129473b6040c0c0f38d0c4149
tcn,clean_only,17,bandpass_n20005_cLA_independent_rms_s5,phase2/results/predictions/full/clean_only/tcn/seed_17/bandpass_n20005_cLA_independent_rms_s5.npz,76254,b394843c456edd2daa54a13d89cab6d9da960ad052cbb0479649f18009fa9b34
tcn,clean_only,17,bandpass_n20005_cLA_independent_rms_s0,phase2/results/predictions/full/clean_only/tcn/seed_17/bandpass_n20005_cLA_independent_rms_s0.npz,75913,2e7e03330e7dfb56929b20511c8e508f6d96a400e57d4b2ae50d06a40f111324
tcn,clean_only,17,bandpass_n20005_cLA_electrode_s20,phase2/results/predictions/full/clean_only/tcn/seed_17/bandpass_n20005_cLA_electrode_s20.npz,76433,7d1fc71686909cde2230a9f4117408055b4be9d0ed5adee8f5a726b7f240fcf9
tcn,clean_only,17,bandpass_n20005_cLA_electrode_s15,phase2/results/predictions/full/clean_only/tcn/seed_17/bandpass_n20005_cLA_electrode_s15.npz,76402,5cd2124b9558f5b7daee26471f8ccf64a4fafd487103154a49f4aac891c03338
tcn,clean_only,17,bandpass_n20005_cLA_electrode_s10,phase2/results/predictions/full/clean_only/tcn/seed_17/bandpass_n20005_cLA_electrode_s10.npz,76359,d21c52abc86c493ea4880ec8c0bb3e9039eb1b4649a29718245a0720987ffbfd
tcn,clean_only,17,bandpass_n20005_cLA_electrode_s5,phase2/results/predictions/full/clean_only/tcn/seed_17/bandpass_n20005_cLA_electrode_s5.npz,76101,a11cd91fa8f803d41bdf842f6cb3c723aca6e1fdcfbff507466592036654b86d
tcn,clean_only,17,bandpass_n20005_cLA_electrode_s0,phase2/results/predictions/full/clean_only/tcn/seed_17/bandpass_n20005_cLA_electrode_s0.npz,75723,f643035e8a1a29813814a5e50e8ea17ccab32521e1d30dfec0b9626b8314cd4c
tcn,clean_only,17,bandpass_n20005_cLA_covariance_s20,phase2/results/predictions/full/clean_only/tcn/seed_17/bandpass_n20005_cLA_covariance_s20.npz,76428,705c5405a04909c8952979b0f0649604324f20433f043f873492a31675048d95
tcn,clean_only,17,bandpass_n20005_cLA_covariance_s15,phase2/results/predictions/full/clean_only/tcn/seed_17/bandpass_n20005_cLA_covariance_s15.npz,76437,bce4d66150b18d14014bfb613a6fb3249fd8049c91603147342232bbceaaf88e
tcn,clean_only,17,bandpass_n20005_cLA_covariance_s10,phase2/results/predictions/full/clean_only/tcn/seed_17/bandpass_n20005_cLA_covariance_s10.npz,76320,2bc0f0802c5e45c5701e99d8a04a5d90bca931e57a4a7be3579b6c2aee5c6221
tcn,clean_only,17,bandpass_n20005_cLA_covariance_s5,phase2/results/predictions/full/clean_only/tcn/seed_17/bandpass_n20005_cLA_covariance_s5.npz,76094,01f9b2242f60f0ea75742f2e8765c9def5f93ada292957c4e84dc096fadb9c64
tcn,clean_only,17,bandpass_n20005_cLA_covariance_s0,phase2/results/predictions/full/clean_only/tcn/seed_17/bandpass_n20005_cLA_covariance_s0.npz,75731,4e99aacf7db81bcfbb6df0a15bf59f7b602847da89eb32c4a1b4a1b4ac9135c7
tcn,clean_only,17,bandpass_n20005_cLL_independent_rms_s20,phase2/results/predictions/full/clean_only/tcn/seed_17/bandpass_n20005_cLL_independent_rms_s20.npz,76470,91aa9574af53138f66ad5e5618a1ddfd639f99896bad27f56b772c9d350395f5
tcn,clean_only,17,bandpass_n20005_cLL_independent_rms_s15,phase2/results/predictions/full/clean_only/tcn/seed_17/bandpass_n20005_cLL_independent_rms_s15.npz,76447,c98d98453a6c960c55adc4855db4be68ba9eca87ddd78fa100aed40921693d03
tcn,clean_only,17,bandpass_n20005_cLL_independent_rms_s10,phase2/results/predictions/full/clean_only/tcn/seed_17/bandpass_n20005_cLL_independent_rms_s10.npz,76331,3a10caa05fc1f8b777f0737ef13f4733d48eaf02af59e010694566c2745b4057
tcn,clean_only,17,bandpass_n20005_cLL_independent_rms_s5,phase2/results/predictions/full/clean_only/tcn/seed_17/bandpass_n20005_cLL_independent_rms_s5.npz,76172,3e0f197fe5be713623005fc05540b6f2b8f1b08a6d00c345a9bf8c0e1bfb7f5f
tcn,clean_only,17,bandpass_n20005_cLL_independent_rms_s0,phase2/results/predictions/full/clean_only/tcn/seed_17/bandpass_n20005_cLL_independent_rms_s0.npz,75749,788e883bea8d83270bc6b2d9a1ac7449434b4633235d1e7c7c22a6a02a629928
tcn,clean_only,17,bandpass_n20005_cLL_electrode_s20,phase2/results/predictions/full/clean_only/tcn/seed_17/bandpass_n20005_cLL_electrode_s20.npz,76424,2396a3afba5b0d231b1eb88605af7a73b41ca2d4da7a30e37d27e1489c1f641e
tcn,clean_only,17,bandpass_n20005_cLL_electrode_s15,phase2/results/predictions/full/clean_only/tcn/seed_17/bandpass_n20005_cLL_electrode_s15.npz,76412,8fb5fa5cf9a521e3fa8d00a5ab0ab1fbd01d100658ee69454aef2c28de8c7e71
tcn,clean_only,17,bandpass_n20005_cLL_electrode_s10,phase2/results/predictions/full/clean_only/tcn/seed_17/bandpass_n20005_cLL_electrode_s10.npz,76337,fdacc87cb92757dd962d0020fcd3c797bd412555f2a34d6cc9b9cef6beea9701
tcn,clean_only,17,bandpass_n20005_cLL_electrode_s5,phase2/results/predictions/full/clean_only/tcn/seed_17/bandpass_n20005_cLL_electrode_s5.npz,76110,c19217fcd13a80f04186c00b9d817a988b9c3002613d38f279ba1f7fae2be79c
tcn,clean_only,17,bandpass_n20005_cLL_electrode_s0,phase2/results/predictions/full/clean_only/tcn/seed_17/bandpass_n20005_cLL_electrode_s0.npz,75751,8018f8fb1f956526812404dea24367bbe1c89ed1056b70a9df89eb9ca49ac302
tcn,clean_only,17,bandpass_n20005_cLL_covariance_s20,phase2/results/predictions/full/clean_only/tcn/seed_17/bandpass_n20005_cLL_covariance_s20.npz,76463,3999e044f6408be5b27f24125845c00041cffd1cf5f15cd7c6207eee51326612
tcn,clean_only,17,bandpass_n20005_cLL_covariance_s15,phase2/results/predictions/full/clean_only/tcn/seed_17/bandpass_n20005_cLL_covariance_s15.npz,76397,4ce3a2c58a4cefd11925130b87be5fa4928ae29cc4852b54223d52c4b5a3a680
tcn,clean_only,17,bandpass_n20005_cLL_covariance_s10,phase2/results/predictions/full/clean_only/tcn/seed_17/bandpass_n20005_cLL_covariance_s10.npz,76341,f1d7302fb07752cc84edac43f16b45a1722a809ffabfc06b4293540b0b59462c
tcn,clean_only,17,bandpass_n20005_cLL_covariance_s5,phase2/results/predictions/full/clean_only/tcn/seed_17/bandpass_n20005_cLL_covariance_s5.npz,76090,8871737ca6cfad2b3baa35b10ca005495ce2ac89f5991455b1cf13f2599cb28c
tcn,clean_only,17,bandpass_n20005_cLL_covariance_s0,phase2/results/predictions/full/clean_only/tcn/seed_17/bandpass_n20005_cLL_covariance_s0.npz,75723,ef68905edf28a1ca2aaab0560453830f64425f18a8f3a6c26ccbec8cfd68bcbd
tcn,clean_only,17,bandpass_n20005_cRA_V1_independent_rms_s20,phase2/results/predictions/full/clean_only/tcn/seed_17/bandpass_n20005_cRA_V1_independent_rms_s20.npz,76472,5c6590bb8fe258ab25754ee4377a5a15281f445143fdd6036b376f174bbedb17
tcn,clean_only,17,bandpass_n20005_cRA_V1_independent_rms_s15,phase2/results/predictions/full/clean_only/tcn/seed_17/bandpass_n20005_cRA_V1_independent_rms_s15.npz,76418,f6610fe1a415b11d8042b60bba83b1d8beae895ac8b090aff1155455c4442ed1
tcn,clean_only,17,bandpass_n20005_cRA_V1_independent_rms_s10,phase2/results/predictions/full/clean_only/tcn/seed_17/bandpass_n20005_cRA_V1_independent_rms_s10.npz,76350,b849401c80ca35626d2f0efd4c92d5d336cf01004ef47e678d5413aaad4045b3
tcn,clean_only,17,bandpass_n20005_cRA_V1_independent_rms_s5,phase2/results/predictions/full/clean_only/tcn/seed_17/bandpass_n20005_cRA_V1_independent_rms_s5.npz,76180,5fe6acdd9ab9b4120870c0637e8d08921486350d7c545dd9b05ff74b41cf4429
tcn,clean_only,17,bandpass_n20005_cRA_V1_independent_rms_s0,phase2/results/predictions/full/clean_only/tcn/seed_17/bandpass_n20005_cRA_V1_independent_rms_s0.npz,75772,1d3a5f9d5ddb671009324d4c61249907ec4795019800196d2838c77df8c10f90
tcn,clean_only,17,bandpass_n20005_cRA_V1_electrode_s20,phase2/results/predictions/full/clean_only/tcn/seed_17/bandpass_n20005_cRA_V1_electrode_s20.npz,76480,c6d3a288f685065f83d99375bbe327e1417e1091153c9154136c30ce529b4090
tcn,clean_only,17,bandpass_n20005_cRA_V1_electrode_s15,phase2/results/predictions/full/clean_only/tcn/seed_17/bandpass_n20005_cRA_V1_electrode_s15.npz,76416,b90b56f07e9741aad1170d9940809d0a4806c6259d7246bf8e343785216fed58
tcn,clean_only,17,bandpass_n20005_cRA_V1_electrode_s10,phase2/results/predictions/full/clean_only/tcn/seed_17/bandpass_n20005_cRA_V1_electrode_s10.npz,76279,613d512aa644a5be42ec7bb21b2b7b0b84c936317a2c25a5b4d0005fdb154b01
tcn,clean_only,17,bandpass_n20005_cRA_V1_electrode_s5,phase2/results/predictions/full/clean_only/tcn/seed_17/bandpass_n20005_cRA_V1_electrode_s5.npz,76167,44a4a147fbe2fce516de8caf607a5c0e7bf4f3f433fbaebe210036dc16a945e1
tcn,clean_only,17,bandpass_n20005_cRA_V1_electrode_s0,phase2/results/predictions/full/clean_only/tcn/seed_17/bandpass_n20005_cRA_V1_electrode_s0.npz,75677,48bba4495f1ee60e6fa1c61e7a110e8b209a3a207a5bd89e8a2856f1bb5c2299
tcn,clean_only,17,bandpass_n20005_cRA_V1_covariance_s20,phase2/results/predictions/full/clean_only/tcn/seed_17/bandpass_n20005_cRA_V1_covariance_s20.npz,76501,f666c439bd1bf00f3779ce7ed72a203369b747e6722c572126d2c6b92ab81105
tcn,clean_only,17,bandpass_n20005_cRA_V1_covariance_s15,phase2/results/predictions/full/clean_only/tcn/seed_17/bandpass_n20005_cRA_V1_covariance_s15.npz,76413,6c44659cd803e6937576562a245288179547858f83c284545785e5d0c44dd64a
tcn,clean_only,17,bandpass_n20005_cRA_V1_covariance_s10,phase2/results/predictions/full/clean_only/tcn/seed_17/bandpass_n20005_cRA_V1_covariance_s10.npz,76350,eb27a4d1a6c55c6cc732787e10701456cba47cfde7e1c5ae04039bb3d5a1bfdf
tcn,clean_only,17,bandpass_n20005_cRA_V1_covariance_s5,phase2/results/predictions/full/clean_only/tcn/seed_17/bandpass_n20005_cRA_V1_covariance_s5.npz,76121,f5b876976bebdf381d85bcba836441041eded346d87ae55f593084b4cc9aed44
tcn,clean_only,17,bandpass_n20005_cRA_V1_covariance_s0,phase2/results/predictions/full/clean_only/tcn/seed_17/bandpass_n20005_cRA_V1_covariance_s0.npz,75685,f56c6eeda2f46bbbd8c3fb892ba16f5b45d54ddcb794eaac24a14f60d6bf8161
tcn,clean_only,17,bandpass_n20005_cLA_V6_independent_rms_s20,phase2/results/predictions/full/clean_only/tcn/seed_17/bandpass_n20005_cLA_V6_independent_rms_s20.npz,76493,0bebf903820a4e5baa6e63f5a037c465ef7da0212991c7d0bd120c5a374e4540
tcn,clean_only,17,bandpass_n20005_cLA_V6_independent_rms_s15,phase2/results/predictions/full/clean_only/tcn/seed_17/bandpass_n20005_cLA_V6_independent_rms_s15.npz,76466,7368a782e8f1b48d741647fdf3a9ce0aaece5871c27e62b973538da8003ad370
tcn,clean_only,17,bandpass_n20005_cLA_V6_independent_rms_s10,phase2/results/predictions/full/clean_only/tcn/seed_17/bandpass_n20005_cLA_V6_independent_rms_s10.npz,76435,1e8e45f02ee9229311c5a3bda9d7b245f19de214869a490491cc9d5d8c6a9793
tcn,clean_only,17,bandpass_n20005_cLA_V6_independent_rms_s5,phase2/results/predictions/full/clean_only/tcn/seed_17/bandpass_n20005_cLA_V6_independent_rms_s5.npz,76272,e554c8b187a8671a2b4edaa11607a1d035c90aa3f7cc0e8b57518222b14c5d71
tcn,clean_only,17,bandpass_n20005_cLA_V6_independent_rms_s0,phase2/results/predictions/full/clean_only/tcn/seed_17/bandpass_n20005_cLA_V6_independent_rms_s0.npz,75941,fc3e6b10338a3fbcc3fb872ae9d63c5af088c271980f2e2a1e24a4e654af113a
tcn,clean_only,17,bandpass_n20005_cLA_V6_electrode_s20,phase2/results/predictions/full/clean_only/tcn/seed_17/bandpass_n20005_cLA_V6_electrode_s20.npz,76456,1ec9e4fb0df6d08f5b54c11c4917fbf68cd7b14a6eecfdfd61885bddca4fbdee
tcn,clean_only,17,bandpass_n20005_cLA_V6_electrode_s15,phase2/results/predictions/full/clean_only/tcn/seed_17/bandpass_n20005_cLA_V6_electrode_s15.npz,76413,1b670bff8eac474d39d8af8eeb597a02e4d9880f25706a9c8146b105f1fd3beb
tcn,clean_only,17,bandpass_n20005_cLA_V6_electrode_s10,phase2/results/predictions/full/clean_only/tcn/seed_17/bandpass_n20005_cLA_V6_electrode_s10.npz,76363,9c564f14a2dccfff8688a89abd44f4490db66bc147ca18d799ed2b7c455c5a4e
tcn,clean_only,17,bandpass_n20005_cLA_V6_electrode_s5,phase2/results/predictions/full/clean_only/tcn/seed_17/bandpass_n20005_cLA_V6_electrode_s5.npz,76147,eb097b2ad55188300659ea9aa9aa43d0eae255adebf440d812b7357dd14f1c12
tcn,clean_only,17,bandpass_n20005_cLA_V6_electrode_s0,phase2/results/predictions/full/clean_only/tcn/seed_17/bandpass_n20005_cLA_V6_electrode_s0.npz,75779,c439a71555973fc0e05b241f59aec1efd7627217b60a3f4762e0e67ccd7cab30
tcn,clean_only,17,bandpass_n20005_cLA_V6_covariance_s20,phase2/results/predictions/full/clean_only/tcn/seed_17/bandpass_n20005_cLA_V6_covariance_s20.npz,76470,7cf6fd06b8625e88eb2e8a4293bb5b519dfc4a1e46efeb5699ab6a7e1fe30374
tcn,clean_only,17,bandpass_n20005_cLA_V6_covariance_s15,phase2/results/predictions/full/clean_only/tcn/seed_17/bandpass_n20005_cLA_V6_covariance_s15.npz,76382,b65ced9e68aefc32d2d63cffce9df3dbffde0266d7aef7bad6724a6c51890c8d
tcn,clean_only,17,bandpass_n20005_cLA_V6_covariance_s10,phase2/results/predictions/full/clean_only/tcn/seed_17/bandpass_n20005_cLA_V6_covariance_s10.npz,76373,f9b04c4517a13964552a81a9d5c1245aea55240ceeaeabbbbb9b1527d047f2f8
tcn,clean_only,17,bandpass_n20005_cLA_V6_covariance_s5,phase2/results/predictions/full/clean_only/tcn/seed_17/bandpass_n20005_cLA_V6_covariance_s5.npz,76130,86cb47fb1f158feb898bb9eab19dc1044a537a4f55b96fa6b3e672dcf5b78930
tcn,clean_only,17,bandpass_n20005_cLA_V6_covariance_s0,phase2/results/predictions/full/clean_only/tcn/seed_17/bandpass_n20005_cLA_V6_covariance_s0.npz,75747,b5397275cfc5deaff992affbd122a7223840fea85a869e772e671a32a29082bd
tcn,clean_only,17,bandpass_n20005_cLL_V4_independent_rms_s20,phase2/results/predictions/full/clean_only/tcn/seed_17/bandpass_n20005_cLL_V4_independent_rms_s20.npz,76466,5d915cc991e847cd7d4863388079bc227a6ceedf11aa0341a8e78631081b40d5
tcn,clean_only,17,bandpass_n20005_cLL_V4_independent_rms_s15,phase2/results/predictions/full/clean_only/tcn/seed_17/bandpass_n20005_cLL_V4_independent_rms_s15.npz,76457,1e9cfa025d3ccaaa8fbe6e6f1661ab0dabdda5bd7e28298a191b25729e945d53
tcn,clean_only,17,bandpass_n20005_cLL_V4_independent_rms_s10,phase2/results/predictions/full/clean_only/tcn/seed_17/bandpass_n20005_cLL_V4_independent_rms_s10.npz,76394,4a7d3e3915af6963738c23b280a914707a48b5b9043121b6cd450e5839c7da5d
tcn,clean_only,17,bandpass_n20005_cLL_V4_independent_rms_s5,phase2/results/predictions/full/clean_only/tcn/seed_17/bandpass_n20005_cLL_V4_independent_rms_s5.npz,76228,a6e799023ca3c78373a91fdba770447d4e8120e28b20d283bb19f4588f2843f1
tcn,clean_only,17,bandpass_n20005_cLL_V4_independent_rms_s0,phase2/results/predictions/full/clean_only/tcn/seed_17/bandpass_n20005_cLL_V4_independent_rms_s0.npz,75841,9b0f9a6a69ddc6e3aa697a1b3bf9704f5fda4207fbaee8ce12244489d2899aaa
tcn,clean_only,17,bandpass_n20005_cLL_V4_electrode_s20,phase2/results/predictions/full/clean_only/tcn/seed_17/bandpass_n20005_cLL_V4_electrode_s20.npz,76435,c1acbaf81dbef59b199367f5dac2718d0bc1ecf965716a7ba5a469f4b91bf2e4
tcn,clean_only,17,bandpass_n20005_cLL_V4_electrode_s15,phase2/results/predictions/full/clean_only/tcn/seed_17/bandpass_n20005_cLL_V4_electrode_s15.npz,76459,29f3f5ec365bda0168a702c01bf7b3b4a24a2a44dd3cf2a893d465aa380978f9
tcn,clean_only,17,bandpass_n20005_cLL_V4_electrode_s10,phase2/results/predictions/full/clean_only/tcn/seed_17/bandpass_n20005_cLL_V4_electrode_s10.npz,76387,6ba31462b2db0c26ba0e4408ee4c7d8027eda05a8aa80e559b522492d0b8d746
tcn,clean_only,17,bandpass_n20005_cLL_V4_electrode_s5,phase2/results/predictions/full/clean_only/tcn/seed_17/bandpass_n20005_cLL_V4_electrode_s5.npz,76150,4c9f94e50e89da5eae1b959ce9b888bc6c28f1cf6414779dde7b5179fd560a8b
tcn,clean_only,17,bandpass_n20005_cLL_V4_electrode_s0,phase2/results/predictions/full/clean_only/tcn/seed_17/bandpass_n20005_cLL_V4_electrode_s0.npz,75778,ec6e18ef062aa448e7f7adc3e410dd4002d3a4d3c900192a0565e15bd28910c9
tcn,clean_only,17,bandpass_n20005_cLL_V4_covariance_s20,phase2/results/predictions/full/clean_only/tcn/seed_17/bandpass_n20005_cLL_V4_covariance_s20.npz,76435,7c28e7c55293548661cebb8cb4a625fd46df1647d640a2f20b3799f3f2c1c8c5
tcn,clean_only,17,bandpass_n20005_cLL_V4_covariance_s15,phase2/results/predictions/full/clean_only/tcn/seed_17/bandpass_n20005_cLL_V4_covariance_s15.npz,76415,0042822d44a075418b5657f6d6b27b390358ac8ecb2b414ab9f7a6435c097882
tcn,clean_only,17,bandpass_n20005_cLL_V4_covariance_s10,phase2/results/predictions/full/clean_only/tcn/seed_17/bandpass_n20005_cLL_V4_covariance_s10.npz,76363,0bdc1db942ab781dda324af46ee6b37039017421fbc57eaf20d6ce8eec42f74c
tcn,clean_only,17,bandpass_n20005_cLL_V4_covariance_s5,phase2/results/predictions/full/clean_only/tcn/seed_17/bandpass_n20005_cLL_V4_covariance_s5.npz,76155,c1ffbe60121c6a733e7afab0861d9d1f76ea38e83134533e9a78d972414dee4a
tcn,clean_only,17,bandpass_n20005_cLL_V4_covariance_s0,phase2/results/predictions/full/clean_only/tcn/seed_17/bandpass_n20005_cLL_V4_covariance_s0.npz,75804,cc4927e384612f5cf333f3f9b10946452556098c8b93d2ce1b2aabf551191b73
tcn,clean_only,17,bandpass_n20005_cRA_LA_V1_V6_independent_rms_s20,phase2/results/predictions/full/clean_only/tcn/seed_17/bandpass_n20005_cRA_LA_V1_V6_independent_rms_s20.npz,76495,b8a175be3bdf29e07cd1b790adcc6f4c14c62366b72aaa2ee26e92ba9b7b1dae
tcn,clean_only,17,bandpass_n20005_cRA_LA_V1_V6_independent_rms_s15,phase2/results/predictions/full/clean_only/tcn/seed_17/bandpass_n20005_cRA_LA_V1_V6_independent_rms_s15.npz,76482,72a6417a4bb471adc8576861a08e2dc88c3614b536837cd175710d3c318d92c3
tcn,clean_only,17,bandpass_n20005_cRA_LA_V1_V6_independent_rms_s10,phase2/results/predictions/full/clean_only/tcn/seed_17/bandpass_n20005_cRA_LA_V1_V6_independent_rms_s10.npz,76390,83ac1c6a264e0b55a15307314e1bed8a5fcbaeb7bcde152963bd0719d7a66392
tcn,clean_only,17,bandpass_n20005_cRA_LA_V1_V6_independent_rms_s5,phase2/results/predictions/full/clean_only/tcn/seed_17/bandpass_n20005_cRA_LA_V1_V6_independent_rms_s5.npz,76252,853b74daa85da5d3a34b8e5d780fd880b6ca5aec234bbdcf69b893dac6125eaa
tcn,clean_only,17,bandpass_n20005_cRA_LA_V1_V6_independent_rms_s0,phase2/results/predictions/full/clean_only/tcn/seed_17/bandpass_n20005_cRA_LA_V1_V6_independent_rms_s0.npz,75864,ff865d3e4018e99a3af7ca84f04e226fb390e48e9c2537489b09f8de34fb19f7
tcn,clean_only,17,bandpass_n20005_cRA_LA_V1_V6_electrode_s20,phase2/results/predictions/full/clean_only/tcn/seed_17/bandpass_n20005_cRA_LA_V1_V6_electrode_s20.npz,76487,b6b2dbbf2ad897c7f83e42918b656a93d0b622bb80130303d5d46bd2e1fcedc8
tcn,clean_only,17,bandpass_n20005_cRA_LA_V1_V6_electrode_s15,phase2/results/predictions/full/clean_only/tcn/seed_17/bandpass_n20005_cRA_LA_V1_V6_electrode_s15.npz,76442,82e7aaa5721ebcd99fe4076b68b22cadf1411aa4c63b2dd3cffa03d2740dff3b
tcn,clean_only,17,bandpass_n20005_cRA_LA_V1_V6_electrode_s10,phase2/results/predictions/full/clean_only/tcn/seed_17/bandpass_n20005_cRA_LA_V1_V6_electrode_s10.npz,76341,1fe5d9236768034a541b4c3e1ef93998db4383caa625d66afaece0bc7d87551c
tcn,clean_only,17,bandpass_n20005_cRA_LA_V1_V6_electrode_s5,phase2/results/predictions/full/clean_only/tcn/seed_17/bandpass_n20005_cRA_LA_V1_V6_electrode_s5.npz,76156,3aa60c857bde4e66deb65ce2db7a59d652135ff8a85e59ebd4bb2ea71bd0f206
tcn,clean_only,17,bandpass_n20005_cRA_LA_V1_V6_electrode_s0,phase2/results/predictions/full/clean_only/tcn/seed_17/bandpass_n20005_cRA_LA_V1_V6_electrode_s0.npz,75590,2327ae85e3961e502700bb5d7d9c4261ced619015e062b1456c1ef6bc7c9b2d2
tcn,clean_only,17,bandpass_n20005_cRA_LA_V1_V6_covariance_s20,phase2/results/predictions/full/clean_only/tcn/seed_17/bandpass_n20005_cRA_LA_V1_V6_covariance_s20.npz,76474,70b4fd5c548ac208962110163480fa2ee444a572d680c5e2eec9347e6cb54420
tcn,clean_only,17,bandpass_n20005_cRA_LA_V1_V6_covariance_s15,phase2/results/predictions/full/clean_only/tcn/seed_17/bandpass_n20005_cRA_LA_V1_V6_covariance_s15.npz,76446,042cf0b4828769e8a3f1476f8c39c055db3cb6ebaa9770172714119b9cfea4d8
tcn,clean_only,17,bandpass_n20005_cRA_LA_V1_V6_covariance_s10,phase2/results/predictions/full/clean_only/tcn/seed_17/bandpass_n20005_cRA_LA_V1_V6_covariance_s10.npz,76318,9c1d37f1a72d5d5c5530e4c5fcbec1ec5e6188c08dd0f407d76efa7f7829c7db
tcn,clean_only,17,bandpass_n20005_cRA_LA_V1_V6_covariance_s5,phase2/results/predictions/full/clean_only/tcn/seed_17/bandpass_n20005_cRA_LA_V1_V6_covariance_s5.npz,76140,bb09223f2f4e43556b41b9b162dd2c8bbd04a876b05df7d2f259949a806b87b7
tcn,clean_only,17,bandpass_n20005_cRA_LA_V1_V6_covariance_s0,phase2/results/predictions/full/clean_only/tcn/seed_17/bandpass_n20005_cRA_LA_V1_V6_covariance_s0.npz,75641,04c2c337e2027b12f4e8e45d968347a9feb4c7e1046c7d07a232e2724592c6a5
tcn,clean_only,17,bandpass_n20005_cRA_V2_V5_independent_rms_s20,phase2/results/predictions/full/clean_only/tcn/seed_17/bandpass_n20005_cRA_V2_V5_independent_rms_s20.npz,76510,4c9b0be917dc73da16f49fbe9ba8a07867594885af322100c38a69419dba4d71
tcn,clean_only,17,bandpass_n20005_cRA_V2_V5_independent_rms_s15,phase2/results/predictions/full/clean_only/tcn/seed_17/bandpass_n20005_cRA_V2_V5_independent_rms_s15.npz,76472,b3a770dcbf2035f32941395f19f0bb08c061a662108e2799c1cb747ec86da1e4
tcn,clean_only,17,bandpass_n20005_cRA_V2_V5_independent_rms_s10,phase2/results/predictions/full/clean_only/tcn/seed_17/bandpass_n20005_cRA_V2_V5_independent_rms_s10.npz,76375,b13baaa33d98377c743e802a2db1f665d07413dc43e1cea28528ccb74f5fb8bc
tcn,clean_only,17,bandpass_n20005_cRA_V2_V5_independent_rms_s5,phase2/results/predictions/full/clean_only/tcn/seed_17/bandpass_n20005_cRA_V2_V5_independent_rms_s5.npz,76199,3984f497c8d173c233a803677e904720333aeb7b727a4a5897e3fd35563b47d0
tcn,clean_only,17,bandpass_n20005_cRA_V2_V5_independent_rms_s0,phase2/results/predictions/full/clean_only/tcn/seed_17/bandpass_n20005_cRA_V2_V5_independent_rms_s0.npz,75794,c7ca7dc95fc68ef9f054e3ec681bb18a503db79e8a13e57bca58b61fbcc60d62
tcn,clean_only,17,bandpass_n20005_cRA_V2_V5_electrode_s20,phase2/results/predictions/full/clean_only/tcn/seed_17/bandpass_n20005_cRA_V2_V5_electrode_s20.npz,76476,16265a61c2180bcee06d16666d1e05a0acac074f3af2a7d6a2a15922b888fe1b
tcn,clean_only,17,bandpass_n20005_cRA_V2_V5_electrode_s15,phase2/results/predictions/full/clean_only/tcn/seed_17/bandpass_n20005_cRA_V2_V5_electrode_s15.npz,76415,7ec6f256601373e3619fc069d18133f565cc5f030b0f278fb73e797f21e6a814
tcn,clean_only,17,bandpass_n20005_cRA_V2_V5_electrode_s10,phase2/results/predictions/full/clean_only/tcn/seed_17/bandpass_n20005_cRA_V2_V5_electrode_s10.npz,76345,1b9df7e1adf74244dbc5260745ffb59b1890be1ae893df0d3724e9f143ebda32
tcn,clean_only,17,bandpass_n20005_cRA_V2_V5_electrode_s5,phase2/results/predictions/full/clean_only/tcn/seed_17/bandpass_n20005_cRA_V2_V5_electrode_s5.npz,76156,a282edd799a18f13d109c25ed9afc30f02f59f77a0baf2bede9b426c5748458b
tcn,clean_only,17,bandpass_n20005_cRA_V2_V5_electrode_s0,phase2/results/predictions/full/clean_only/tcn/seed_17/bandpass_n20005_cRA_V2_V5_electrode_s0.npz,75722,b7260fec959b08f476d38d743ccc8b93af4ed0fc1db5fbeac4442e96dc30182d
tcn,clean_only,17,bandpass_n20005_cRA_V2_V5_covariance_s20,phase2/results/predictions/full/clean_only/tcn/seed_17/bandpass_n20005_cRA_V2_V5_covariance_s20.npz,76465,b9777691d9f90cf7fcfd37d082d4ae374b9c426bd757cc047cff2cf8a912f06c
tcn,clean_only,17,bandpass_n20005_cRA_V2_V5_covariance_s15,phase2/results/predictions/full/clean_only/tcn/seed_17/bandpass_n20005_cRA_V2_V5_covariance_s15.npz,76434,20a23a81a9180f178f5ff50f0bce8080fa08dd4748bf5b92d3a7f67dde334eef
tcn,clean_only,17,bandpass_n20005_cRA_V2_V5_covariance_s10,phase2/results/predictions/full/clean_only/tcn/seed_17/bandpass_n20005_cRA_V2_V5_covariance_s10.npz,76315,09514a8eba12be929906469eee0cd844a4463ea33d86e07eba017e3cfd6ea453
tcn,clean_only,17,bandpass_n20005_cRA_V2_V5_covariance_s5,phase2/results/predictions/full/clean_only/tcn/seed_17/bandpass_n20005_cRA_V2_V5_covariance_s5.npz,76128,0ef7d2d0262213a3eb70de392d3df9d7f5c189a9a8e88966ec32d55a50cbe5b1
tcn,clean_only,17,bandpass_n20005_cRA_V2_V5_covariance_s0,phase2/results/predictions/full/clean_only/tcn/seed_17/bandpass_n20005_cRA_V2_V5_covariance_s0.npz,75739,3fd5d55bc3e8b4fd8f3439487d28381e94516fb5594eca9eeba9e0a2ce1edf37
tcn,clean_only,17,bandpass_n20005_cLA_V3_V6_independent_rms_s20,phase2/results/predictions/full/clean_only/tcn/seed_17/bandpass_n20005_cLA_V3_V6_independent_rms_s20.npz,76495,4da7e9bc3a17dae0b2266605f56ed2ff6b258eb9b4be55fcec47d19c9c5eeefe
tcn,clean_only,17,bandpass_n20005_cLA_V3_V6_independent_rms_s15,phase2/results/predictions/full/clean_only/tcn/seed_17/bandpass_n20005_cLA_V3_V6_independent_rms_s15.npz,76434,2d486e7a48c97b78402b31b42ea8b68412bbb711d5a2a8fc3a1815ac59f3e948
tcn,clean_only,17,bandpass_n20005_cLA_V3_V6_independent_rms_s10,phase2/results/predictions/full/clean_only/tcn/seed_17/bandpass_n20005_cLA_V3_V6_independent_rms_s10.npz,76424,99d9028e9dd864969def399139152bb8780075f047739ae5276c34a19a8fd5d7
tcn,clean_only,17,bandpass_n20005_cLA_V3_V6_independent_rms_s5,phase2/results/predictions/full/clean_only/tcn/seed_17/bandpass_n20005_cLA_V3_V6_independent_rms_s5.npz,76336,a042164f296d2eff115e317c4bf33bf75bba5a334fdd8ffa798d30652c5c4d31
tcn,clean_only,17,bandpass_n20005_cLA_V3_V6_independent_rms_s0,phase2/results/predictions/full/clean_only/tcn/seed_17/bandpass_n20005_cLA_V3_V6_independent_rms_s0.npz,75907,af10c66b8c78a57cb2ff1b7745e8ebc65491fcf3e708472f47fb17ee134bf580
tcn,clean_only,17,bandpass_n20005_cLA_V3_V6_electrode_s20,phase2/results/predictions/full/clean_only/tcn/seed_17/bandpass_n20005_cLA_V3_V6_electrode_s20.npz,76463,cf2de147985312f0f2a2d8a620c4025c92c9e4855a7bcac9cafa633a31981b06
tcn,clean_only,17,bandpass_n20005_cLA_V3_V6_electrode_s15,phase2/results/predictions/full/clean_only/tcn/seed_17/bandpass_n20005_cLA_V3_V6_electrode_s15.npz,76450,bd4e9893365a87cdbe19da8e5cdae0528f8b8fbf320d5db4f464ce27f61dd75b
tcn,clean_only,17,bandpass_n20005_cLA_V3_V6_electrode_s10,phase2/results/predictions/full/clean_only/tcn/seed_17/bandpass_n20005_cLA_V3_V6_electrode_s10.npz,76367,036adabc7b3e8b18201f202fc1fc66a2083d44a5ea113768ffd0acb8761e6a78
tcn,clean_only,17,bandpass_n20005_cLA_V3_V6_electrode_s5,phase2/results/predictions/full/clean_only/tcn/seed_17/bandpass_n20005_cLA_V3_V6_electrode_s5.npz,76159,ee2436609b898551f54224f03b9be09a1750b94b5b73a802eb355d9dce1ffabe
tcn,clean_only,17,bandpass_n20005_cLA_V3_V6_electrode_s0,phase2/results/predictions/full/clean_only/tcn/seed_17/bandpass_n20005_cLA_V3_V6_electrode_s0.npz,75748,bfcabf446667614e05ebc9b3b048337eae249d3ab958ba32b8d9e42a82271cb8
tcn,clean_only,17,bandpass_n20005_cLA_V3_V6_covariance_s20,phase2/results/predictions/full/clean_only/tcn/seed_17/bandpass_n20005_cLA_V3_V6_covariance_s20.npz,76489,a37a47d6122b7411fb1f8ad4cf9e4f6d6fb39e1d0cea4a4111dab8d4bcbc2772
tcn,clean_only,17,bandpass_n20005_cLA_V3_V6_covariance_s15,phase2/results/predictions/full/clean_only/tcn/seed_17/bandpass_n20005_cLA_V3_V6_covariance_s15.npz,76439,85bdead1f03a3bb7a63f68fe13d335967f082ac326e07eea71b1f0e7ad2f04c1
tcn,clean_only,17,bandpass_n20005_cLA_V3_V6_covariance_s10,phase2/results/predictions/full/clean_only/tcn/seed_17/bandpass_n20005_cLA_V3_V6_covariance_s10.npz,76394,ce3bb65e4eea9c4a0721ecea4bb1e92a19035129b130843f03e4a71060fabe0f
tcn,clean_only,17,bandpass_n20005_cLA_V3_V6_covariance_s5,phase2/results/predictions/full/clean_only/tcn/seed_17/bandpass_n20005_cLA_V3_V6_covariance_s5.npz,76159,dd759c18f0af656d771ab8a43c089d5cbeac0d4a6ceb782e8ab5afc252b7d680
tcn,clean_only,17,bandpass_n20005_cLA_V3_V6_covariance_s0,phase2/results/predictions/full/clean_only/tcn/seed_17/bandpass_n20005_cLA_V3_V6_covariance_s0.npz,75735,17471317dc3b992357326a6fa6228dd7d65d9f1fdc454878e975bfcfa803439d
tcn,clean_only,17,bandpass_n20005_cLL_V1_V4_independent_rms_s20,phase2/results/predictions/full/clean_only/tcn/seed_17/bandpass_n20005_cLL_V1_V4_independent_rms_s20.npz,76498,3cd34a484055f5caf195c9fd00295dfee74c42063854f414022fc588683fb878
tcn,clean_only,17,bandpass_n20005_cLL_V1_V4_independent_rms_s15,phase2/results/predictions/full/clean_only/tcn/seed_17/bandpass_n20005_cLL_V1_V4_independent_rms_s15.npz,76458,a4351f54ff366c5140e64a5758c3cd68dbea31f574971d47cf22b7d29e6f82b2
tcn,clean_only,17,bandpass_n20005_cLL_V1_V4_independent_rms_s10,phase2/results/predictions/full/clean_only/tcn/seed_17/bandpass_n20005_cLL_V1_V4_independent_rms_s10.npz,76405,36d73e898a1bd577a5b0c7c55d4f5245c73bbcdddf3842a21c981140e7e5e953
tcn,clean_only,17,bandpass_n20005_cLL_V1_V4_independent_rms_s5,phase2/results/predictions/full/clean_only/tcn/seed_17/bandpass_n20005_cLL_V1_V4_independent_rms_s5.npz,76183,81b87cf4ce1c8edaf62b736b70fbd92a0c48b819709c46ab4d5d67919c1e4bde
tcn,clean_only,17,bandpass_n20005_cLL_V1_V4_independent_rms_s0,phase2/results/predictions/full/clean_only/tcn/seed_17/bandpass_n20005_cLL_V1_V4_independent_rms_s0.npz,75853,16939d7fb2520af7e7e83bee2192e01f1a33e117d0ab04a1c0c338cc4b40934b
tcn,clean_only,17,bandpass_n20005_cLL_V1_V4_electrode_s20,phase2/results/predictions/full/clean_only/tcn/seed_17/bandpass_n20005_cLL_V1_V4_electrode_s20.npz,76450,64ae5a8f686e593a0b5e42fbad98ba7ba3fb7e5a565b6da30990da5044e58864
tcn,clean_only,17,bandpass_n20005_cLL_V1_V4_electrode_s15,phase2/results/predictions/full/clean_only/tcn/seed_17/bandpass_n20005_cLL_V1_V4_electrode_s15.npz,76409,f9ad74a4155a29660c37d365fd06176bef8aa66cf8ef8b96d210077d23cfa0ae
tcn,clean_only,17,bandpass_n20005_cLL_V1_V4_electrode_s10,phase2/results/predictions/full/clean_only/tcn/seed_17/bandpass_n20005_cLL_V1_V4_electrode_s10.npz,76355,fdc351ab84d81dddd3a773c7a4fa91d9666dbbc81f48b2dd0b635ad77467e3c6
tcn,clean_only,17,bandpass_n20005_cLL_V1_V4_electrode_s5,phase2/results/predictions/full/clean_only/tcn/seed_17/bandpass_n20005_cLL_V1_V4_electrode_s5.npz,76164,d2d9e2799731ac62d751c5b77f6299378dd409aca3d8b5567874d081820acab7
tcn,clean_only,17,bandpass_n20005_cLL_V1_V4_electrode_s0,phase2/results/predictions/full/clean_only/tcn/seed_17/bandpass_n20005_cLL_V1_V4_electrode_s0.npz,75829,cff1ef1ca50084b45a2dd94c23a0f169f25b814ca4a507e42b5d71b63bae6b3d
tcn,clean_only,17,bandpass_n20005_cLL_V1_V4_covariance_s20,phase2/results/predictions/full/clean_only/tcn/seed_17/bandpass_n20005_cLL_V1_V4_covariance_s20.npz,76470,4d9dd86e8b20688ad25001521b8ca3e4f1d4c0a9df7f7022e88fd382db9a00e8
tcn,clean_only,17,bandpass_n20005_cLL_V1_V4_covariance_s15,phase2/results/predictions/full/clean_only/tcn/seed_17/bandpass_n20005_cLL_V1_V4_covariance_s15.npz,76458,7e28eca51bfe84f1b1b942988d61e3c7754d5e4ae4359d4a29fe5fd679765c9c
tcn,clean_only,17,bandpass_n20005_cLL_V1_V4_covariance_s10,phase2/results/predictions/full/clean_only/tcn/seed_17/bandpass_n20005_cLL_V1_V4_covariance_s10.npz,76341,b2d309b4ef799d8891163f165b819a427506ad9e179fdac92721f2f1f1849998
tcn,clean_only,17,bandpass_n20005_cLL_V1_V4_covariance_s5,phase2/results/predictions/full/clean_only/tcn/seed_17/bandpass_n20005_cLL_V1_V4_covariance_s5.npz,76169,398483b0b2584e8a8739e0b7600ca8c03564633362259358bc36a44a56fbe6b3
tcn,clean_only,17,bandpass_n20005_cLL_V1_V4_covariance_s0,phase2/results/predictions/full/clean_only/tcn/seed_17/bandpass_n20005_cLL_V1_V4_covariance_s0.npz,75831,5d79cec121a8aaf5349cf881454c8ea011021d8086ae9e12af49cbec92bf068c
tcn,clean_only,17,bandpass_n20005_call_independent_rms_s20,phase2/results/predictions/full/clean_only/tcn/seed_17/bandpass_n20005_call_independent_rms_s20.npz,76464,60c55b6dded9b559483844e80a2a65fbcf4787e43b3c4120e71e68e6637bb284
tcn,clean_only,17,bandpass_n20005_call_independent_rms_s15,phase2/results/predictions/full/clean_only/tcn/seed_17/bandpass_n20005_call_independent_rms_s15.npz,76402,3501d3849b793b60bc2211aba39e4bd800a829d3e4c1e5eccef08675e5f46083
tcn,clean_only,17,bandpass_n20005_call_independent_rms_s10,phase2/results/predictions/full/clean_only/tcn/seed_17/bandpass_n20005_call_independent_rms_s10.npz,76366,08b7841794acde7235e5c1ebe416da1c4bfa9211a108ba981e01de83e2e11832
tcn,clean_only,17,bandpass_n20005_call_independent_rms_s5,phase2/results/predictions/full/clean_only/tcn/seed_17/bandpass_n20005_call_independent_rms_s5.npz,76224,984a0cbbbc8c19e9a3e3e6709b3d431c043b758183c5a29601a02b93a60b10c8
tcn,clean_only,17,bandpass_n20005_call_independent_rms_s0,phase2/results/predictions/full/clean_only/tcn/seed_17/bandpass_n20005_call_independent_rms_s0.npz,75849,e26681b2367e1bbed9825941b2285b2512b8149ba9b84da37e50bb522a6d38c5
tcn,clean_only,17,bandpass_n20005_call_electrode_s20,phase2/results/predictions/full/clean_only/tcn/seed_17/bandpass_n20005_call_electrode_s20.npz,76467,b00f1b1e6a39c53d803fd4fe3fa826537079a6ffdc114fd939db82fcc2df3cf1
tcn,clean_only,17,bandpass_n20005_call_electrode_s15,phase2/results/predictions/full/clean_only/tcn/seed_17/bandpass_n20005_call_electrode_s15.npz,76384,bc600d680d68b48fa4f2f5838f390a2a44ebd0c73965654319a446cb112d837d
tcn,clean_only,17,bandpass_n20005_call_electrode_s10,phase2/results/predictions/full/clean_only/tcn/seed_17/bandpass_n20005_call_electrode_s10.npz,76300,467765ac66a7a08398ef72ded05a3aa6dd04f9d4bc794afbb243040928b4da25
tcn,clean_only,17,bandpass_n20005_call_electrode_s5,phase2/results/predictions/full/clean_only/tcn/seed_17/bandpass_n20005_call_electrode_s5.npz,76115,308aa4b38675ec521a04067394e43f3f4484774aa7280d23f56d311abb342241
tcn,clean_only,17,bandpass_n20005_call_electrode_s0,phase2/results/predictions/full/clean_only/tcn/seed_17/bandpass_n20005_call_electrode_s0.npz,75657,7470b452f9b8feaf0e20948fdfa21f22ff8139a201ed17c08b1b4097719d7575
tcn,clean_only,17,bandpass_n20005_call_covariance_s20,phase2/results/predictions/full/clean_only/tcn/seed_17/bandpass_n20005_call_covariance_s20.npz,76454,c588c35d4700122081e45057e1106ef7a8e23d55b1d39e9a0cdd01e1348fb18b
tcn,clean_only,17,bandpass_n20005_call_covariance_s15,phase2/results/predictions/full/clean_only/tcn/seed_17/bandpass_n20005_call_covariance_s15.npz,76407,edc3cc09a28f204210cc5a942ad96ab1dc8177c8aeed73986d40c5b62aeff025
tcn,clean_only,17,bandpass_n20005_call_covariance_s10,phase2/results/predictions/full/clean_only/tcn/seed_17/bandpass_n20005_call_covariance_s10.npz,76330,f90d2ed146492ac9fe6f0328c853a46fa75c879d2f18dd56204f4133840c8d9d
tcn,clean_only,17,bandpass_n20005_call_covariance_s5,phase2/results/predictions/full/clean_only/tcn/seed_17/bandpass_n20005_call_covariance_s5.npz,76114,2b0b661b5fca1b8a7de0112107f56b41b4d7839e178d23bdc7386791376fdbca
tcn,clean_only,17,bandpass_n20005_call_covariance_s0,phase2/results/predictions/full/clean_only/tcn/seed_17/bandpass_n20005_call_covariance_s0.npz,75652,d84326ad90b13896332bf5bfba21ba21b6bf890034eec6e2e5b12661ae55888f
tcn,clean_only,17,bw_n20001_call_independent_rms_s20,phase2/results/predictions/full/clean_only/tcn/seed_17/bw_n20001_call_independent_rms_s20.npz,76440,5918cbd280297ada48b04f2b5884410535a23b26259c54455c39973f45d208de
tcn,clean_only,17,bw_n20001_call_independent_rms_s10,phase2/results/predictions/full/clean_only/tcn/seed_17/bw_n20001_call_independent_rms_s10.npz,76367,7610004b2d8f6d308f1d227da091e9a6de06f15355a84fec7c0db11cea82409b
tcn,clean_only,17,bw_n20001_call_independent_rms_s0,phase2/results/predictions/full/clean_only/tcn/seed_17/bw_n20001_call_independent_rms_s0.npz,76144,880d5f9f43284f3401a719f482f0f98d4bf3799d7bd7d5902eb08bb7896b4d4f
tcn,clean_only,17,bw_n20001_call_electrode_s20,phase2/results/predictions/full/clean_only/tcn/seed_17/bw_n20001_call_electrode_s20.npz,76456,1d2250c500e5c4be520ab29405b8396e447625e1a19371ed4fff6a48f9ba1c75
tcn,clean_only,17,bw_n20001_call_electrode_s10,phase2/results/predictions/full/clean_only/tcn/seed_17/bw_n20001_call_electrode_s10.npz,76363,6251d5d44f0cc989864beb07fe5641114d952cd128064f3a1a6fa0c16aa99983
tcn,clean_only,17,bw_n20001_call_electrode_s0,phase2/results/predictions/full/clean_only/tcn/seed_17/bw_n20001_call_electrode_s0.npz,76096,fbdd04f999de1e3a46b95394efc714b8285e2266e8666034e6ac92598e284e58
tcn,clean_only,17,bw_n20001_call_covariance_s20,phase2/results/predictions/full/clean_only/tcn/seed_17/bw_n20001_call_covariance_s20.npz,76436,71ed7e09d4eebc5dbba9a65f72d667d511e3d4567023dba274cbcb1420ee90bb
tcn,clean_only,17,bw_n20001_call_covariance_s10,phase2/results/predictions/full/clean_only/tcn/seed_17/bw_n20001_call_covariance_s10.npz,76351,f7a86cfc931005275920a3eaddd7e2d73e16201f8f31f80abb173e6dc52a95b8
tcn,clean_only,17,bw_n20001_call_covariance_s0,phase2/results/predictions/full/clean_only/tcn/seed_17/bw_n20001_call_covariance_s0.npz,76114,767a75a9de015bc8a7a95b28d8ad5f3988f5f09117a732401c5bb4b8c0ab9548
tcn,clean_only,17,bw_n20002_call_independent_rms_s20,phase2/results/predictions/full/clean_only/tcn/seed_17/bw_n20002_call_independent_rms_s20.npz,76439,3349b0628d7e4edc52383eb1be883bfb824d25ddb5d70be4b9bbb46d05417f4b
tcn,clean_only,17,bw_n20002_call_independent_rms_s10,phase2/results/predictions/full/clean_only/tcn/seed_17/bw_n20002_call_independent_rms_s10.npz,76379,8513c9a02408e2c5fa11dcae1a3988ac213fe539baeacaa878446ce6da1bde7c
tcn,clean_only,17,bw_n20002_call_independent_rms_s0,phase2/results/predictions/full/clean_only/tcn/seed_17/bw_n20002_call_independent_rms_s0.npz,76190,98ee87d503823498e7dd604a874337f22f08b3a216e723efefb92cac05a0a81c
tcn,clean_only,17,bw_n20002_call_electrode_s20,phase2/results/predictions/full/clean_only/tcn/seed_17/bw_n20002_call_electrode_s20.npz,76427,58cc8cec342b00f0b52784525e3ec6abf7cf2b488b6d836f378e3f328cba78ff
tcn,clean_only,17,bw_n20002_call_electrode_s10,phase2/results/predictions/full/clean_only/tcn/seed_17/bw_n20002_call_electrode_s10.npz,76383,18237974631f9436d8e4559cb09b84b1a42febd04a49c11fdb6e61d7e716bbcb
tcn,clean_only,17,bw_n20002_call_electrode_s0,phase2/results/predictions/full/clean_only/tcn/seed_17/bw_n20002_call_electrode_s0.npz,76068,e6f7fefd6687439beed68929b6d1ad81d59f4c5e4c5b7ca9dd846e3e5de77461
tcn,clean_only,17,bw_n20002_call_covariance_s20,phase2/results/predictions/full/clean_only/tcn/seed_17/bw_n20002_call_covariance_s20.npz,76417,c8235ff3c60f9e42f8ca5de1de48fa8ce0c593d7596c161f619bdf663d5b7c25
tcn,clean_only,17,bw_n20002_call_covariance_s10,phase2/results/predictions/full/clean_only/tcn/seed_17/bw_n20002_call_covariance_s10.npz,76345,8a0363de37da3c79324ce32e25d36708423986effae59acf39a71e4b0a7350be
tcn,clean_only,17,bw_n20002_call_covariance_s0,phase2/results/predictions/full/clean_only/tcn/seed_17/bw_n20002_call_covariance_s0.npz,76081,7651afdfdad67f25f54eed922e5df0c53d2135c6e8d591d3522b5c60f02c1c04
tcn,clean_only,17,bw_n20003_call_independent_rms_s20,phase2/results/predictions/full/clean_only/tcn/seed_17/bw_n20003_call_independent_rms_s20.npz,76438,0cad88882549ebc57acb5aecebac7d0bedf158234a4952828c28d4c1fc77780e
tcn,clean_only,17,bw_n20003_call_independent_rms_s10,phase2/results/predictions/full/clean_only/tcn/seed_17/bw_n20003_call_independent_rms_s10.npz,76416,5a348d40383b664c1f65b8a66ad025238c3708de953254a8fd117f53d486e233
tcn,clean_only,17,bw_n20003_call_independent_rms_s0,phase2/results/predictions/full/clean_only/tcn/seed_17/bw_n20003_call_independent_rms_s0.npz,76175,be8ccb29845b922315b7efd3a86a96d541a78b848f71cf598adc9677e78e668c
tcn,clean_only,17,bw_n20003_call_electrode_s20,phase2/results/predictions/full/clean_only/tcn/seed_17/bw_n20003_call_electrode_s20.npz,76434,d69119f445f74166d3c9291ce2da0c9cc793a058d523f51d1ef6484f647646ca
tcn,clean_only,17,bw_n20003_call_electrode_s10,phase2/results/predictions/full/clean_only/tcn/seed_17/bw_n20003_call_electrode_s10.npz,76397,ccc135593142429d5350440521c874bab70ae1535f241b570ea171fce53d390b
tcn,clean_only,17,bw_n20003_call_electrode_s0,phase2/results/predictions/full/clean_only/tcn/seed_17/bw_n20003_call_electrode_s0.npz,76117,f812c68ef5cc8e6c8156a3d5e9d4e77ff6f02b1859702a55b51085a1408bd0ca
tcn,clean_only,17,bw_n20003_call_covariance_s20,phase2/results/predictions/full/clean_only/tcn/seed_17/bw_n20003_call_covariance_s20.npz,76438,c4fc6a4085ff682b69f5f78453a8dfe2f017bb088fb55eb600eb555163af56b8
tcn,clean_only,17,bw_n20003_call_covariance_s10,phase2/results/predictions/full/clean_only/tcn/seed_17/bw_n20003_call_covariance_s10.npz,76385,9ece3cfee380a2f2fb68c2b0208891b28fe3da84b4fc2a7bf979c9e862c0adbc
tcn,clean_only,17,bw_n20003_call_covariance_s0,phase2/results/predictions/full/clean_only/tcn/seed_17/bw_n20003_call_covariance_s0.npz,76115,8d0443092542e1ca817bf58624379ccf6fd6908e8cefe7b70e115b08c49ad0c1
tcn,clean_only,17,bw_n20004_call_independent_rms_s20,phase2/results/predictions/full/clean_only/tcn/seed_17/bw_n20004_call_independent_rms_s20.npz,76443,37e9abcfbe31abcc2b215ab1b09065b0881c4b26a981a32aedd21f9d650cc6cc
tcn,clean_only,17,bw_n20004_call_independent_rms_s10,phase2/results/predictions/full/clean_only/tcn/seed_17/bw_n20004_call_independent_rms_s10.npz,76451,457680d3391c8b2c9bd6c4dc26eb2c9d84eea33e3cd1df06c6b95819af630e82
tcn,clean_only,17,bw_n20004_call_independent_rms_s0,phase2/results/predictions/full/clean_only/tcn/seed_17/bw_n20004_call_independent_rms_s0.npz,76137,f91cf2a83c339214969cf83bfb44de352b33d680933e82cb2f3341123a3c02a8
tcn,clean_only,17,bw_n20004_call_electrode_s20,phase2/results/predictions/full/clean_only/tcn/seed_17/bw_n20004_call_electrode_s20.npz,76436,2036f931dab54aca3a073563324487038670a16be420008934e959999eb8482c
tcn,clean_only,17,bw_n20004_call_electrode_s10,phase2/results/predictions/full/clean_only/tcn/seed_17/bw_n20004_call_electrode_s10.npz,76362,f5cd0aa3a400331f8d9f2049dfbe144ab4c77b9e914c0418e6b48d757a2d5a86
tcn,clean_only,17,bw_n20004_call_electrode_s0,phase2/results/predictions/full/clean_only/tcn/seed_17/bw_n20004_call_electrode_s0.npz,76066,a3c46a5d1bc5d4e6edfc488457c8bcd4e88d5bcb3c4c5cc68ed6c00870c59c40
tcn,clean_only,17,bw_n20004_call_covariance_s20,phase2/results/predictions/full/clean_only/tcn/seed_17/bw_n20004_call_covariance_s20.npz,76430,d2d39982cdcfe36a8a2e261c87160ab4c5f21790075ef352708f313e6b8bdbb5
tcn,clean_only,17,bw_n20004_call_covariance_s10,phase2/results/predictions/full/clean_only/tcn/seed_17/bw_n20004_call_covariance_s10.npz,76348,a9328a481febf626c98baeffe409df511978216f911dedad0bae86fe74d14116
tcn,clean_only,17,bw_n20004_call_covariance_s0,phase2/results/predictions/full/clean_only/tcn/seed_17/bw_n20004_call_covariance_s0.npz,76099,3581f5753792239e1ceb12d227089deec1ff9e090d1c19138dd38642a6ec4334
tcn,clean_only,17,bw_n20005_call_independent_rms_s20,phase2/results/predictions/full/clean_only/tcn/seed_17/bw_n20005_call_independent_rms_s20.npz,76475,89af09af4f86552440b0de5a027d4d8f51ddaee3a845741b1a4a4f03f7f201ea
tcn,clean_only,17,bw_n20005_call_independent_rms_s10,phase2/results/predictions/full/clean_only/tcn/seed_17/bw_n20005_call_independent_rms_s10.npz,76369,9365bed15f20f4e97cc83d73ed68ac806991f096f29cde84843d90a422ea96e2
tcn,clean_only,17,bw_n20005_call_independent_rms_s0,phase2/results/predictions/full/clean_only/tcn/seed_17/bw_n20005_call_independent_rms_s0.npz,76151,00f1fd75dd9403a5100641d26e6facdfde6711a9786fe0142462dbd4dc594a50
tcn,clean_only,17,bw_n20005_call_electrode_s20,phase2/results/predictions/full/clean_only/tcn/seed_17/bw_n20005_call_electrode_s20.npz,76430,9179962585739fe5f84cb7d034274c721a06e46c54044439471768a16c6a1df9
tcn,clean_only,17,bw_n20005_call_electrode_s10,phase2/results/predictions/full/clean_only/tcn/seed_17/bw_n20005_call_electrode_s10.npz,76335,290e23704c6d8c976a4cd57c41f2f67a042bd0547a48d03cc2dc61b89ce1a7b0
tcn,clean_only,17,bw_n20005_call_electrode_s0,phase2/results/predictions/full/clean_only/tcn/seed_17/bw_n20005_call_electrode_s0.npz,76071,324f6725121f6dfefc7750e2801be49970a9b73526b49ba67da4b688aecf4b0f
tcn,clean_only,17,bw_n20005_call_covariance_s20,phase2/results/predictions/full/clean_only/tcn/seed_17/bw_n20005_call_covariance_s20.npz,76434,9ba2017e403b51089f99c14d516031d839c45733bfe5b4583c2d743e0d7ff710
tcn,clean_only,17,bw_n20005_call_covariance_s10,phase2/results/predictions/full/clean_only/tcn/seed_17/bw_n20005_call_covariance_s10.npz,76375,e7c492505b043694460b61fc9b49f43da1968449d77efc301ed3707854d93a2e
tcn,clean_only,17,bw_n20005_call_covariance_s0,phase2/results/predictions/full/clean_only/tcn/seed_17/bw_n20005_call_covariance_s0.npz,76104,eb729430510d797d377bb4a5b54b0efd683e92f535fbf5b8c25ef61456603bd9
tcn,clean_only,17,ma_n20001_call_independent_rms_s20,phase2/results/predictions/full/clean_only/tcn/seed_17/ma_n20001_call_independent_rms_s20.npz,76448,f8ffb409bdb0e5ef9df28fc68d78d01d27eb6b7a59044168409040ce0ca33248
tcn,clean_only,17,ma_n20001_call_independent_rms_s10,phase2/results/predictions/full/clean_only/tcn/seed_17/ma_n20001_call_independent_rms_s10.npz,76375,33ba406732b1077dff9c692f22b0f0d4cfa9cd3c19e6f18200d80408649b7b18
tcn,clean_only,17,ma_n20001_call_independent_rms_s0,phase2/results/predictions/full/clean_only/tcn/seed_17/ma_n20001_call_independent_rms_s0.npz,76041,d905892892286c452a1108f4f49d6e82ce038052650b655a46ce15b2a31c9796
tcn,clean_only,17,ma_n20001_call_electrode_s20,phase2/results/predictions/full/clean_only/tcn/seed_17/ma_n20001_call_electrode_s20.npz,76386,6eee4c0379bdafaadf088e6c770a2113e44f47ffab78d5ce7eeb799df354861e
tcn,clean_only,17,ma_n20001_call_electrode_s10,phase2/results/predictions/full/clean_only/tcn/seed_17/ma_n20001_call_electrode_s10.npz,76373,d55699a0f473f42965d24be5df3926de8f467518b2a7e85f11ee3b55b42fbe23
tcn,clean_only,17,ma_n20001_call_electrode_s0,phase2/results/predictions/full/clean_only/tcn/seed_17/ma_n20001_call_electrode_s0.npz,75983,b9c1152d32383b4bc07870dc707fbfd6031aa12e78dbd5679c02e8e5ec0364d5
tcn,clean_only,17,ma_n20001_call_covariance_s20,phase2/results/predictions/full/clean_only/tcn/seed_17/ma_n20001_call_covariance_s20.npz,76408,c286cc85c05e7ea00bf01a49b24f7fc91279f1d095324ed17e9617785d101593
tcn,clean_only,17,ma_n20001_call_covariance_s10,phase2/results/predictions/full/clean_only/tcn/seed_17/ma_n20001_call_covariance_s10.npz,76351,b6347d6e8d70a4c4e463748d5c634d348ddddea8d98c5c5428668d90f3c2b5f7
tcn,clean_only,17,ma_n20001_call_covariance_s0,phase2/results/predictions/full/clean_only/tcn/seed_17/ma_n20001_call_covariance_s0.npz,75987,fdcdcc4f164418b9a36df62541f2fa8bba0105a3d122ac93a978851c5ccd370c
tcn,clean_only,17,ma_n20002_call_independent_rms_s20,phase2/results/predictions/full/clean_only/tcn/seed_17/ma_n20002_call_independent_rms_s20.npz,76457,5e7348253addfd0de748d48f00687763f4672ffe80a7bb8db9653f2eec0bd055
tcn,clean_only,17,ma_n20002_call_independent_rms_s10,phase2/results/predictions/full/clean_only/tcn/seed_17/ma_n20002_call_independent_rms_s10.npz,76409,bce28f6b9df3612fe0e7f93351dacc8781a3b78ae719900f7fb1fd76f94b952c
tcn,clean_only,17,ma_n20002_call_independent_rms_s0,phase2/results/predictions/full/clean_only/tcn/seed_17/ma_n20002_call_independent_rms_s0.npz,76067,c313f78dc31f80f2879cb2e9c64a4148e50a04113bb1e002b6270118d2eec0f6
tcn,clean_only,17,ma_n20002_call_electrode_s20,phase2/results/predictions/full/clean_only/tcn/seed_17/ma_n20002_call_electrode_s20.npz,76398,7ecd7cba6d1849f41905bdb02b4018d8444a03306a721d887e52e3926295cf20
tcn,clean_only,17,ma_n20002_call_electrode_s10,phase2/results/predictions/full/clean_only/tcn/seed_17/ma_n20002_call_electrode_s10.npz,76329,8f2894c2ab2d080b9cb335f920e415935e7d854931b7e7363d63911d9f2027f3
tcn,clean_only,17,ma_n20002_call_electrode_s0,phase2/results/predictions/full/clean_only/tcn/seed_17/ma_n20002_call_electrode_s0.npz,75986,b1a25e1662e154403f126dbf380208b9aeefb269349f3ecf77e212905dda0c41
tcn,clean_only,17,ma_n20002_call_covariance_s20,phase2/results/predictions/full/clean_only/tcn/seed_17/ma_n20002_call_covariance_s20.npz,76466,0e85dea9faabfb78f6da8fba5c6a4956e884f8c2e3b458ea63376ccc76a24d83
tcn,clean_only,17,ma_n20002_call_covariance_s10,phase2/results/predictions/full/clean_only/tcn/seed_17/ma_n20002_call_covariance_s10.npz,76335,db602742bfc18217c20e9e0660bef1f8a9bcc1bec7550f6ee4542018a7651991
tcn,clean_only,17,ma_n20002_call_covariance_s0,phase2/results/predictions/full/clean_only/tcn/seed_17/ma_n20002_call_covariance_s0.npz,76027,b1041c3c3db0d4564699b56da57f6e2c2ce0ed8e556753a33b5a5f247c745ad3
tcn,clean_only,17,ma_n20003_call_independent_rms_s20,phase2/results/predictions/full/clean_only/tcn/seed_17/ma_n20003_call_independent_rms_s20.npz,76433,29589babe78718e3fa325d7e69f059d55f88be2d6cbb7cc5f734f5d8ba6737e8
tcn,clean_only,17,ma_n20003_call_independent_rms_s10,phase2/results/predictions/full/clean_only/tcn/seed_17/ma_n20003_call_independent_rms_s10.npz,76357,b1de7374fa5f9e487ca252221b7471d1735b33d04d49f36f0d12324967c49d7a
tcn,clean_only,17,ma_n20003_call_independent_rms_s0,phase2/results/predictions/full/clean_only/tcn/seed_17/ma_n20003_call_independent_rms_s0.npz,76087,aeaae0872412a3b5089cabbe5ff9d7be2c3e3bf549b8d9873bf8ede8cb311884
tcn,clean_only,17,ma_n20003_call_electrode_s20,phase2/results/predictions/full/clean_only/tcn/seed_17/ma_n20003_call_electrode_s20.npz,76440,2893a871af5b5c054debf4363f9123ff91a9528274b31b1560e3411002bec53a
tcn,clean_only,17,ma_n20003_call_electrode_s10,phase2/results/predictions/full/clean_only/tcn/seed_17/ma_n20003_call_electrode_s10.npz,76378,1ac40762cf405f2868fc7aa08f1368326b5ad890527aeec101eaefaa6d131c02
tcn,clean_only,17,ma_n20003_call_electrode_s0,phase2/results/predictions/full/clean_only/tcn/seed_17/ma_n20003_call_electrode_s0.npz,75977,287fed7f274db855ebd327a3b4a10d146474b91fb4d34ce04b8aa9ef13c3157d
tcn,clean_only,17,ma_n20003_call_covariance_s20,phase2/results/predictions/full/clean_only/tcn/seed_17/ma_n20003_call_covariance_s20.npz,76433,9f18986c02bc4c8dde525b3e4c899e2c7651265cff1352158c2830ad37f55f5e
tcn,clean_only,17,ma_n20003_call_covariance_s10,phase2/results/predictions/full/clean_only/tcn/seed_17/ma_n20003_call_covariance_s10.npz,76347,33e89fcd6d0a9f4f675ba9055e636da37c5bbcb8b26c35c66483b3b09af9b20e
tcn,clean_only,17,ma_n20003_call_covariance_s0,phase2/results/predictions/full/clean_only/tcn/seed_17/ma_n20003_call_covariance_s0.npz,76011,dacc82fc77c77f8122dac638229eb0f74ce1f4713ecf7e041ed8acdfa5cd4612
tcn,clean_only,17,ma_n20004_call_independent_rms_s20,phase2/results/predictions/full/clean_only/tcn/seed_17/ma_n20004_call_independent_rms_s20.npz,76431,e22c4c8d189ae579db6cd9176ec1e42c92720728d18f9588f3e3c73ac47a3194
tcn,clean_only,17,ma_n20004_call_independent_rms_s10,phase2/results/predictions/full/clean_only/tcn/seed_17/ma_n20004_call_independent_rms_s10.npz,76381,60c9457c96778e6c3e77f5e842b59994797627288337fa5ac4e4691b740abbd0
tcn,clean_only,17,ma_n20004_call_independent_rms_s0,phase2/results/predictions/full/clean_only/tcn/seed_17/ma_n20004_call_independent_rms_s0.npz,76078,ec81ddc6c58ada1a6ae0ffbab291b0f08e95bd9d82324149e342705758f767ff
tcn,clean_only,17,ma_n20004_call_electrode_s20,phase2/results/predictions/full/clean_only/tcn/seed_17/ma_n20004_call_electrode_s20.npz,76443,9547c0ee766858e2257b75dcec227e2ff5a7729d2ccbbe03f872ecf8f1c78116
tcn,clean_only,17,ma_n20004_call_electrode_s10,phase2/results/predictions/full/clean_only/tcn/seed_17/ma_n20004_call_electrode_s10.npz,76337,85b01d7b62d3ac8a96121a123f57fa183c3255e6b0ab63d937f1558d7a7a22bd
tcn,clean_only,17,ma_n20004_call_electrode_s0,phase2/results/predictions/full/clean_only/tcn/seed_17/ma_n20004_call_electrode_s0.npz,75977,2e850a50f75db4817eae7d3dff092af3cd9fe7d57a202a265de24a61550dc77e
tcn,clean_only,17,ma_n20004_call_covariance_s20,phase2/results/predictions/full/clean_only/tcn/seed_17/ma_n20004_call_covariance_s20.npz,76434,80974e2f10e35932f84e133a0fbd055694cf12aba181dabfcf9759f8738872e3
tcn,clean_only,17,ma_n20004_call_covariance_s10,phase2/results/predictions/full/clean_only/tcn/seed_17/ma_n20004_call_covariance_s10.npz,76396,30517276950556c12f2a677f83b31fa98939410c09e41094538dc1ca37681c13
tcn,clean_only,17,ma_n20004_call_covariance_s0,phase2/results/predictions/full/clean_only/tcn/seed_17/ma_n20004_call_covariance_s0.npz,76015,80a9f1d075f71e8764155b7a868123deff4a01be7cb0c34f18a105e07a678fe9
tcn,clean_only,17,ma_n20005_call_independent_rms_s20,phase2/results/predictions/full/clean_only/tcn/seed_17/ma_n20005_call_independent_rms_s20.npz,76456,d8356c1dec068ead6ee9aaef9920b26887e9c4258c18d4e3269b8b1623fde7a6
tcn,clean_only,17,ma_n20005_call_independent_rms_s10,phase2/results/predictions/full/clean_only/tcn/seed_17/ma_n20005_call_independent_rms_s10.npz,76375,060de1bb649b5ce6cb306d970d0db156017113b02abd18aadc23efb688e6aa75
tcn,clean_only,17,ma_n20005_call_independent_rms_s0,phase2/results/predictions/full/clean_only/tcn/seed_17/ma_n20005_call_independent_rms_s0.npz,76054,14b9af9d60794b5916984c9e7a3dfd200fcf4bcecdbf90fc7bfd71379f1a1b60
tcn,clean_only,17,ma_n20005_call_electrode_s20,phase2/results/predictions/full/clean_only/tcn/seed_17/ma_n20005_call_electrode_s20.npz,76415,4b30af75f030f747c228e2b12ae7ca4491f2ea25c9c0f99c9e4b03c0374bbd40
tcn,clean_only,17,ma_n20005_call_electrode_s10,phase2/results/predictions/full/clean_only/tcn/seed_17/ma_n20005_call_electrode_s10.npz,76334,75cb6d67eaeabbf4963de939e32b2187388cc1259b350ce88b2cade1de3325a3
tcn,clean_only,17,ma_n20005_call_electrode_s0,phase2/results/predictions/full/clean_only/tcn/seed_17/ma_n20005_call_electrode_s0.npz,76000,b3bf32a50417c400d5aef1676fc1f1e87b2453043f9d48e9279177225b3ede87
tcn,clean_only,17,ma_n20005_call_covariance_s20,phase2/results/predictions/full/clean_only/tcn/seed_17/ma_n20005_call_covariance_s20.npz,76452,c638155710a78ab1976662f92d7540cbe2508eccf157f20f1029d220676dfd83
tcn,clean_only,17,ma_n20005_call_covariance_s10,phase2/results/predictions/full/clean_only/tcn/seed_17/ma_n20005_call_covariance_s10.npz,76381,21f2e64cebe3d8075dcf2f4db8bfc768dd163b6b8da9e25975e0437e129c22c8
tcn,clean_only,17,ma_n20005_call_covariance_s0,phase2/results/predictions/full/clean_only/tcn/seed_17/ma_n20005_call_covariance_s0.npz,76016,e4fcad982dbb407bd4304b07e55702b395dc67a475a86eb9dd7d0a0c7840ffd5
tcn,clean_only,17,em_n20001_call_independent_rms_s20,phase2/results/predictions/full/clean_only/tcn/seed_17/em_n20001_call_independent_rms_s20.npz,76424,f189835d0d5b7476c239008d602708deba95d9cfe65e37b5d99709745c7a7467
tcn,clean_only,17,em_n20001_call_independent_rms_s10,phase2/results/predictions/full/clean_only/tcn/seed_17/em_n20001_call_independent_rms_s10.npz,76396,c32aa4202faa489db38c4be62649dce07b3b1952522018954ac904f9a8c1462c
tcn,clean_only,17,em_n20001_call_independent_rms_s0,phase2/results/predictions/full/clean_only/tcn/seed_17/em_n20001_call_independent_rms_s0.npz,75951,647a97e5487a005cbb95d3ae4d1a561fb8e9649d2c0f9efb714062400e03011a
tcn,clean_only,17,em_n20001_call_electrode_s20,phase2/results/predictions/full/clean_only/tcn/seed_17/em_n20001_call_electrode_s20.npz,76408,1368ba91c87e6c4dc6a41acd1756ff0e810f3a43ede06a2d35c40d253465a677
tcn,clean_only,17,em_n20001_call_electrode_s10,phase2/results/predictions/full/clean_only/tcn/seed_17/em_n20001_call_electrode_s10.npz,76297,9a5bac9c28ae1047f353fab9becd4a615d4ae45d3762683b2f49ef27e168a80c
tcn,clean_only,17,em_n20001_call_electrode_s0,phase2/results/predictions/full/clean_only/tcn/seed_17/em_n20001_call_electrode_s0.npz,75825,4f94d9dde775548a529d87d7ee4022d6c1411675ae360bde7d7fb7194c306db4
tcn,clean_only,17,em_n20001_call_covariance_s20,phase2/results/predictions/full/clean_only/tcn/seed_17/em_n20001_call_covariance_s20.npz,76428,3d89cdcf466ba33c6904606fad62b24e2e58290991ffa82070b88a094693541c
tcn,clean_only,17,em_n20001_call_covariance_s10,phase2/results/predictions/full/clean_only/tcn/seed_17/em_n20001_call_covariance_s10.npz,76325,10b3361c3238bc87e0c969743ea923dcc94f7bca3ab5d18ea9feacaf411eca8c
tcn,clean_only,17,em_n20001_call_covariance_s0,phase2/results/predictions/full/clean_only/tcn/seed_17/em_n20001_call_covariance_s0.npz,75862,75cce94530620ff97710b8bca38957f097ee94240afa6f8a7c6014e9cb5ee12e
tcn,clean_only,17,em_n20002_call_independent_rms_s20,phase2/results/predictions/full/clean_only/tcn/seed_17/em_n20002_call_independent_rms_s20.npz,76437,d6b0835b301d7e8e33637c82071ca0c7f97095bdb184f896698ea5c6112442a1
tcn,clean_only,17,em_n20002_call_independent_rms_s10,phase2/results/predictions/full/clean_only/tcn/seed_17/em_n20002_call_independent_rms_s10.npz,76399,b161b0c66de4c2b209b5d4b2c0a43fdaf9cc5110246c4959d046763da358b332
tcn,clean_only,17,em_n20002_call_independent_rms_s0,phase2/results/predictions/full/clean_only/tcn/seed_17/em_n20002_call_independent_rms_s0.npz,75993,39ddbf75f2ed136aaaccd1840355aa51b328b45aa3b0f0edfa4d672f70ac4411
tcn,clean_only,17,em_n20002_call_electrode_s20,phase2/results/predictions/full/clean_only/tcn/seed_17/em_n20002_call_electrode_s20.npz,76422,e2b24b23c47851d366daf3e5728734a13ae1aa84b224c129d5fce68ae58e6834
tcn,clean_only,17,em_n20002_call_electrode_s10,phase2/results/predictions/full/clean_only/tcn/seed_17/em_n20002_call_electrode_s10.npz,76286,17a205291fc5375b6b548ff36fe986ade94918dae4f9eb663b44118457340bfb
tcn,clean_only,17,em_n20002_call_electrode_s0,phase2/results/predictions/full/clean_only/tcn/seed_17/em_n20002_call_electrode_s0.npz,75792,64bead517214da7d304627022a37a29240cc0419175eb4ad163f9f42f0b67802
tcn,clean_only,17,em_n20002_call_covariance_s20,phase2/results/predictions/full/clean_only/tcn/seed_17/em_n20002_call_covariance_s20.npz,76422,44a26ed13e6a6e1023eb60e76d8b2fd69dd2009acca8ff7b1dc0893b9d32639a
tcn,clean_only,17,em_n20002_call_covariance_s10,phase2/results/predictions/full/clean_only/tcn/seed_17/em_n20002_call_covariance_s10.npz,76332,c62b8c237750a91a10cc5d3f03c8f347a25b7bb86bf90da19fbc526bfc81152a
tcn,clean_only,17,em_n20002_call_covariance_s0,phase2/results/predictions/full/clean_only/tcn/seed_17/em_n20002_call_covariance_s0.npz,75802,397d96a6754a65440aaf702eb403f98c3db4139824bf208e97e260346731ace4
tcn,clean_only,17,em_n20003_call_independent_rms_s20,phase2/results/predictions/full/clean_only/tcn/seed_17/em_n20003_call_independent_rms_s20.npz,76453,0fc73cdd689a8d932a4012b48e8f0d84b2f0d96cee0e39f4f704ad5284ddd459
tcn,clean_only,17,em_n20003_call_independent_rms_s10,phase2/results/predictions/full/clean_only/tcn/seed_17/em_n20003_call_independent_rms_s10.npz,76349,9c444ea9c38b97998bfc83a0fbd1832bd5b6e2ff73fec7db0c8ce3e3959bcdfb
tcn,clean_only,17,em_n20003_call_independent_rms_s0,phase2/results/predictions/full/clean_only/tcn/seed_17/em_n20003_call_independent_rms_s0.npz,76004,b04125b0d5491e9ac9ba8d711f3189ac5c31c62672ef34d5168eee246cf37431
tcn,clean_only,17,em_n20003_call_electrode_s20,phase2/results/predictions/full/clean_only/tcn/seed_17/em_n20003_call_electrode_s20.npz,76437,b2dbb85e6e986070385deaf65c0c3eba5622dfb5d7352b755ad55d0a00168a58
tcn,clean_only,17,em_n20003_call_electrode_s10,phase2/results/predictions/full/clean_only/tcn/seed_17/em_n20003_call_electrode_s10.npz,76326,a187ed30439c95f3d214d89637cdf4e8f5004127712b5edc86d37e1277408fd8
tcn,clean_only,17,em_n20003_call_electrode_s0,phase2/results/predictions/full/clean_only/tcn/seed_17/em_n20003_call_electrode_s0.npz,75811,3b6470a97f4d488edf8134bc0c69b6fc9bde14086da9445ccf2a8add203aa81e
tcn,clean_only,17,em_n20003_call_covariance_s20,phase2/results/predictions/full/clean_only/tcn/seed_17/em_n20003_call_covariance_s20.npz,76415,6eef21abea682d3d791f4e4e90015997dee335b87376d6de2c93561156837f57
tcn,clean_only,17,em_n20003_call_covariance_s10,phase2/results/predictions/full/clean_only/tcn/seed_17/em_n20003_call_covariance_s10.npz,76319,5fe30cda3f095525d4e32ebea7da5a6f26a1671d69b6c793eadfcfdb030bf350
tcn,clean_only,17,em_n20003_call_covariance_s0,phase2/results/predictions/full/clean_only/tcn/seed_17/em_n20003_call_covariance_s0.npz,75848,c58562daf13cd3ff96d98d267eff3d9cba2e694ca6a658cf67bed60c79f79520
tcn,clean_only,17,em_n20004_call_independent_rms_s20,phase2/results/predictions/full/clean_only/tcn/seed_17/em_n20004_call_independent_rms_s20.npz,76458,450d5d73ac66280daf3edbccb67f37d2b07b50fc71c54eb4f9869849af4665de
tcn,clean_only,17,em_n20004_call_independent_rms_s10,phase2/results/predictions/full/clean_only/tcn/seed_17/em_n20004_call_independent_rms_s10.npz,76339,d8634d8064ce0eb625bf7ca4176027b3944f036df9c1c2f25af3659c08ca007c
tcn,clean_only,17,em_n20004_call_independent_rms_s0,phase2/results/predictions/full/clean_only/tcn/seed_17/em_n20004_call_independent_rms_s0.npz,75961,d7624a596dfdbbb046c0a8537ea9c07e01392184bed9deb29e1c0ac00831cc63
tcn,clean_only,17,em_n20004_call_electrode_s20,phase2/results/predictions/full/clean_only/tcn/seed_17/em_n20004_call_electrode_s20.npz,76418,b2404bfa67ee18893c5563b8b85a80737e422fda2f009b6b2dbd157bb822c42b
tcn,clean_only,17,em_n20004_call_electrode_s10,phase2/results/predictions/full/clean_only/tcn/seed_17/em_n20004_call_electrode_s10.npz,76303,d9ae69e20630f27d098567b673c85b60b006fb0914ed8109ddf89734c98ee6c3
tcn,clean_only,17,em_n20004_call_electrode_s0,phase2/results/predictions/full/clean_only/tcn/seed_17/em_n20004_call_electrode_s0.npz,75791,baff0211daef545d7c9895bdcbdd5f2cf2d90b14936fe862187ea9744ad6f5a6
tcn,clean_only,17,em_n20004_call_covariance_s20,phase2/results/predictions/full/clean_only/tcn/seed_17/em_n20004_call_covariance_s20.npz,76441,c52cc3eaafac125d4979c7222782d3d275a185323d4567fbaf4d664b21e04bbc
tcn,clean_only,17,em_n20004_call_covariance_s10,phase2/results/predictions/full/clean_only/tcn/seed_17/em_n20004_call_covariance_s10.npz,76338,0a4470ee47bf2b9c0dcedc6a5227351ef98661be39e175b5fe980eca119d65ea
tcn,clean_only,17,em_n20004_call_covariance_s0,phase2/results/predictions/full/clean_only/tcn/seed_17/em_n20004_call_covariance_s0.npz,75818,d6dddeb14926596b7ab7351e19562a6d0e7c5edb8f08b613daccbeb40b5d9b6b
tcn,clean_only,17,em_n20005_call_independent_rms_s20,phase2/results/predictions/full/clean_only/tcn/seed_17/em_n20005_call_independent_rms_s20.npz,76448,bee244910d72663fe8cc530104c27e50de8c67dc3da07c7a6b39509a3cd886cb
tcn,clean_only,17,em_n20005_call_independent_rms_s10,phase2/results/predictions/full/clean_only/tcn/seed_17/em_n20005_call_independent_rms_s10.npz,76349,3e57337477853811dcd686ef945156f6d5ce691a9697f03b77386607486ba522
tcn,clean_only,17,em_n20005_call_independent_rms_s0,phase2/results/predictions/full/clean_only/tcn/seed_17/em_n20005_call_independent_rms_s0.npz,75999,1fd269a40cc599211585b7d6a8af035cc3855e88889c9b46fed29dd294990992
tcn,clean_only,17,em_n20005_call_electrode_s20,phase2/results/predictions/full/clean_only/tcn/seed_17/em_n20005_call_electrode_s20.npz,76439,a1a66221d60fadb597b2c2311e98920fc6d22e998c4043d0b7608715b749a2ea
tcn,clean_only,17,em_n20005_call_electrode_s10,phase2/results/predictions/full/clean_only/tcn/seed_17/em_n20005_call_electrode_s10.npz,76306,9f928d2b8592681200211be77faa5e19ca51eda65f1d132e98dfa7e5e31b90ea
tcn,clean_only,17,em_n20005_call_electrode_s0,phase2/results/predictions/full/clean_only/tcn/seed_17/em_n20005_call_electrode_s0.npz,75797,23becbd378a5be5b49218c83918f4fa53b5316853681f8ff477e9257f1b53265
tcn,clean_only,17,em_n20005_call_covariance_s20,phase2/results/predictions/full/clean_only/tcn/seed_17/em_n20005_call_covariance_s20.npz,76438,46c21c757312734e11ad6cb2cd4ef6de9f478e18d9b2255c3096db6b603e8655
tcn,clean_only,17,em_n20005_call_covariance_s10,phase2/results/predictions/full/clean_only/tcn/seed_17/em_n20005_call_covariance_s10.npz,76340,5332db15106c38e37309d00b585961f127124589e29eef9fd23cf89e430ccce9
tcn,clean_only,17,em_n20005_call_covariance_s0,phase2/results/predictions/full/clean_only/tcn/seed_17/em_n20005_call_covariance_s0.npz,75800,7df2248907beb273bc95affd031744ec031b4bb6d63f080d420093fbdf0751b7
tcn,independent_rms,17,clean,phase2/results/predictions/full/independent_rms/tcn/seed_17/clean.npz,76432,66a6264a57154f608f4a529d0ccc59c9eea9a2df9832f5fe421849aad0264625
tcn,independent_rms,17,bandpass_n20001_cRA_LA_LL_independent_rms_s20,phase2/results/predictions/full/independent_rms/tcn/seed_17/bandpass_n20001_cRA_LA_LL_independent_rms_s20.npz,76475,9216e8d3c9d9e49903a14d83a9fda79a6580ab6e099e28ee172a401e1764c10a
tcn,independent_rms,17,bandpass_n20001_cRA_LA_LL_independent_rms_s15,phase2/results/predictions/full/independent_rms/tcn/seed_17/bandpass_n20001_cRA_LA_LL_independent_rms_s15.npz,76497,f88cde1bef55a3d2bb828226c5391864187e891b00ba55e4b36f75dcdd8dbc23
tcn,independent_rms,17,bandpass_n20001_cRA_LA_LL_independent_rms_s10,phase2/results/predictions/full/independent_rms/tcn/seed_17/bandpass_n20001_cRA_LA_LL_independent_rms_s10.npz,76438,fdcbdb21c3b2654531613a4994cca58f65d0e06efd4f1bf051c5585437e1d691
tcn,independent_rms,17,bandpass_n20001_cRA_LA_LL_independent_rms_s5,phase2/results/predictions/full/independent_rms/tcn/seed_17/bandpass_n20001_cRA_LA_LL_independent_rms_s5.npz,76307,c7eb1ea2d1fbf03af70c29e1e7c622d94e11610eb8fa381d037903d4ffd4c6ed
tcn,independent_rms,17,bandpass_n20001_cRA_LA_LL_independent_rms_s0,phase2/results/predictions/full/independent_rms/tcn/seed_17/bandpass_n20001_cRA_LA_LL_independent_rms_s0.npz,75950,f9d6c9c7f114a5b00b47a5758737afbbd027d9b3a5407f2d611c95183e69a9e7
tcn,independent_rms,17,bandpass_n20001_cRA_LA_LL_electrode_s20,phase2/results/predictions/full/independent_rms/tcn/seed_17/bandpass_n20001_cRA_LA_LL_electrode_s20.npz,76453,dc7de79606f968928c73be0ba829f3c25e54c0e7c7efa23ccc878601e3b2b031
tcn,independent_rms,17,bandpass_n20001_cRA_LA_LL_electrode_s15,phase2/results/predictions/full/independent_rms/tcn/seed_17/bandpass_n20001_cRA_LA_LL_electrode_s15.npz,76449,4bd5ceec937e3219d949695fe7b2a524b5b551d36da3f867c774970985cbfe3c
tcn,independent_rms,17,bandpass_n20001_cRA_LA_LL_electrode_s10,phase2/results/predictions/full/independent_rms/tcn/seed_17/bandpass_n20001_cRA_LA_LL_electrode_s10.npz,76391,eabc589be21f8fd1803a1cdeb3de4ff5b1bb226af8bebfa3b34627b3de1b6884
tcn,independent_rms,17,bandpass_n20001_cRA_LA_LL_electrode_s5,phase2/results/predictions/full/independent_rms/tcn/seed_17/bandpass_n20001_cRA_LA_LL_electrode_s5.npz,76167,53e2ee507f7c49f9ab63eb115b72287988184ac73234fd9d38e16434211354d6
tcn,independent_rms,17,bandpass_n20001_cRA_LA_LL_electrode_s0,phase2/results/predictions/full/independent_rms/tcn/seed_17/bandpass_n20001_cRA_LA_LL_electrode_s0.npz,75680,fd1335a603de64a070178b86c2541014069e9dfc204a3169dcd7b3bdce7af062
tcn,independent_rms,17,bandpass_n20001_cRA_LA_LL_covariance_s20,phase2/results/predictions/full/independent_rms/tcn/seed_17/bandpass_n20001_cRA_LA_LL_covariance_s20.npz,76484,1c55eb453ad2b77b4272c8d5cd7483a62543fbec1ff81b0c69bad40f1f2aa9b6
tcn,independent_rms,17,bandpass_n20001_cRA_LA_LL_covariance_s15,phase2/results/predictions/full/independent_rms/tcn/seed_17/bandpass_n20001_cRA_LA_LL_covariance_s15.npz,76434,d732a6f4105f980537e61657d1e61468324cc83e93f295d78fcf5be1dd63a8a0
tcn,independent_rms,17,bandpass_n20001_cRA_LA_LL_covariance_s10,phase2/results/predictions/full/independent_rms/tcn/seed_17/bandpass_n20001_cRA_LA_LL_covariance_s10.npz,76396,177a344a081ba0baa685b0d5018578ee611750e2acaf2565f361168df861c605
tcn,independent_rms,17,bandpass_n20001_cRA_LA_LL_covariance_s5,phase2/results/predictions/full/independent_rms/tcn/seed_17/bandpass_n20001_cRA_LA_LL_covariance_s5.npz,76181,f153e32f6588fdf02e0ca50fc8545cc714b53961f0d31d4b43125cff83f11591
tcn,independent_rms,17,bandpass_n20001_cRA_LA_LL_covariance_s0,phase2/results/predictions/full/independent_rms/tcn/seed_17/bandpass_n20001_cRA_LA_LL_covariance_s0.npz,75705,110197f4e4c5ddee192614239d5646e8787d0fc04509b81bb347da47b3dcda31
tcn,independent_rms,17,bandpass_n20001_cV1_independent_rms_s20,phase2/results/predictions/full/independent_rms/tcn/seed_17/bandpass_n20001_cV1_independent_rms_s20.npz,76461,e59b2374e31eee6262b17093ddffb0ad82a24ceb697376d4790b8a9dd1e1a909
tcn,independent_rms,17,bandpass_n20001_cV1_independent_rms_s15,phase2/results/predictions/full/independent_rms/tcn/seed_17/bandpass_n20001_cV1_independent_rms_s15.npz,76429,d552c4d1a17556afd51d5757e3c6d09b459bf827f7e84f718c2ed3c1ec64d7cb
tcn,independent_rms,17,bandpass_n20001_cV1_independent_rms_s10,phase2/results/predictions/full/independent_rms/tcn/seed_17/bandpass_n20001_cV1_independent_rms_s10.npz,76444,102cad189909c3113b0415cb2fd23a9b5323f7143a12083c8826cdd35e1e4841
tcn,independent_rms,17,bandpass_n20001_cV1_independent_rms_s5,phase2/results/predictions/full/independent_rms/tcn/seed_17/bandpass_n20001_cV1_independent_rms_s5.npz,76287,301609b94e3479d91d36a0d359b6cefffe1d502abf0772329227adc3cb61d36c
tcn,independent_rms,17,bandpass_n20001_cV1_independent_rms_s0,phase2/results/predictions/full/independent_rms/tcn/seed_17/bandpass_n20001_cV1_independent_rms_s0.npz,76142,69ac20c7e3a8084202a9bcf57d5e8db43aece61b3b14bda11e0cdc9acad9b6c6
tcn,independent_rms,17,bandpass_n20001_cV1_electrode_s20,phase2/results/predictions/full/independent_rms/tcn/seed_17/bandpass_n20001_cV1_electrode_s20.npz,76460,7893cb2b80329d638e99e871ebeff82db54586a650fb2c9641319c68e66c4bf6
tcn,independent_rms,17,bandpass_n20001_cV1_electrode_s15,phase2/results/predictions/full/independent_rms/tcn/seed_17/bandpass_n20001_cV1_electrode_s15.npz,76447,d93150677139d18e761b9c8c31682302bd8aa49794dd1d17cf971716a7b23e0d
tcn,independent_rms,17,bandpass_n20001_cV1_electrode_s10,phase2/results/predictions/full/independent_rms/tcn/seed_17/bandpass_n20001_cV1_electrode_s10.npz,76385,b8266db08059fee586ea68205d9132c6f61f12de748edbfd7cfe37c764067a6f
tcn,independent_rms,17,bandpass_n20001_cV1_electrode_s5,phase2/results/predictions/full/independent_rms/tcn/seed_17/bandpass_n20001_cV1_electrode_s5.npz,76299,f160e2cb067c3a43e5da2a4ee567be0af6ace93ec1fc6cdcc1614f4054697471
tcn,independent_rms,17,bandpass_n20001_cV1_electrode_s0,phase2/results/predictions/full/independent_rms/tcn/seed_17/bandpass_n20001_cV1_electrode_s0.npz,76137,0f0ad273382ab3679978ee38ad2e6ad03e6f1cef1120deebc7b088c3eeaf3520
tcn,independent_rms,17,bandpass_n20001_cV1_covariance_s20,phase2/results/predictions/full/independent_rms/tcn/seed_17/bandpass_n20001_cV1_covariance_s20.npz,76456,562c1b2f9763fc002040f005dbb58738c5326df176b642310725bee54befc8f0
tcn,independent_rms,17,bandpass_n20001_cV1_covariance_s15,phase2/results/predictions/full/independent_rms/tcn/seed_17/bandpass_n20001_cV1_covariance_s15.npz,76438,42da9637de8abc60e1772b0077ecde534dffd941c163c8fcf7d6512fa6fa17b0
tcn,independent_rms,17,bandpass_n20001_cV1_covariance_s10,phase2/results/predictions/full/independent_rms/tcn/seed_17/bandpass_n20001_cV1_covariance_s10.npz,76419,ccc17a1888f2331af62c71cff90cc68595f4cb0bb14182f546fa28b7ee6f5737
tcn,independent_rms,17,bandpass_n20001_cV1_covariance_s5,phase2/results/predictions/full/independent_rms/tcn/seed_17/bandpass_n20001_cV1_covariance_s5.npz,76299,9a86e49d27842574f0e806c978262ae47aee03b0d8475bd3bf0f93cb7ed741b0
tcn,independent_rms,17,bandpass_n20001_cV1_covariance_s0,phase2/results/predictions/full/independent_rms/tcn/seed_17/bandpass_n20001_cV1_covariance_s0.npz,76126,7fc3b97dea9df05dbed64bdf79a35f23cdd5dab4bd98221c6c87ae9e4e0e100c
tcn,independent_rms,17,bandpass_n20001_cV2_independent_rms_s20,phase2/results/predictions/full/independent_rms/tcn/seed_17/bandpass_n20001_cV2_independent_rms_s20.npz,76492,f6c5cb3819e6bc52a56684e1482ddc1179507b12af0a8b7e671e16c6cdbfe228
tcn,independent_rms,17,bandpass_n20001_cV2_independent_rms_s15,phase2/results/predictions/full/independent_rms/tcn/seed_17/bandpass_n20001_cV2_independent_rms_s15.npz,76504,a1d8da1ef75e682dfe7c92e3e14c504501f5defa912a3ff9693a0cadfdcb5f81
tcn,independent_rms,17,bandpass_n20001_cV2_independent_rms_s10,phase2/results/predictions/full/independent_rms/tcn/seed_17/bandpass_n20001_cV2_independent_rms_s10.npz,76430,498becb4d227e99a664ce8db9e909d7e2bdac7e4721ee5265e116106c6ee64e9
tcn,independent_rms,17,bandpass_n20001_cV2_independent_rms_s5,phase2/results/predictions/full/independent_rms/tcn/seed_17/bandpass_n20001_cV2_independent_rms_s5.npz,76290,6f4399ae8b6539088f7e72cd47f04a10d2d7c08d3c143d555220475b13f080d4
tcn,independent_rms,17,bandpass_n20001_cV2_independent_rms_s0,phase2/results/predictions/full/independent_rms/tcn/seed_17/bandpass_n20001_cV2_independent_rms_s0.npz,76130,6f587c7b5978d80dcfd8d6afabaf6abb60b9d988c18741326cbbbc2548687f41
tcn,independent_rms,17,bandpass_n20001_cV2_electrode_s20,phase2/results/predictions/full/independent_rms/tcn/seed_17/bandpass_n20001_cV2_electrode_s20.npz,76481,d6245b642cae37002f7f4db5e04a7d4dd1038219910d1a8fbef7c7836e3cd41a
tcn,independent_rms,17,bandpass_n20001_cV2_electrode_s15,phase2/results/predictions/full/independent_rms/tcn/seed_17/bandpass_n20001_cV2_electrode_s15.npz,76446,1507403995f61691a86ce470e192ad2f9b7a3c445de50a7c9894c68baca9a9cf
tcn,independent_rms,17,bandpass_n20001_cV2_electrode_s10,phase2/results/predictions/full/independent_rms/tcn/seed_17/bandpass_n20001_cV2_electrode_s10.npz,76418,d0a25d0f64a6f105a8ec26bf5424a6b102af38f90822dce585297c592dfb11a4
tcn,independent_rms,17,bandpass_n20001_cV2_electrode_s5,phase2/results/predictions/full/independent_rms/tcn/seed_17/bandpass_n20001_cV2_electrode_s5.npz,76347,0fcf77e6a49af1028433f57f5a9adeb148741afed31da1e206a3bade5831ab45
tcn,independent_rms,17,bandpass_n20001_cV2_electrode_s0,phase2/results/predictions/full/independent_rms/tcn/seed_17/bandpass_n20001_cV2_electrode_s0.npz,76142,a90f9eae4276befca915c40e1a7e439dd27f6b7c32a14b8e3bb0378a49a2450a
tcn,independent_rms,17,bandpass_n20001_cV2_covariance_s20,phase2/results/predictions/full/independent_rms/tcn/seed_17/bandpass_n20001_cV2_covariance_s20.npz,76470,bea625b3f9151c5c118dd3b45e71cff0028f72aaa3db2973b81a862ef4087434
tcn,independent_rms,17,bandpass_n20001_cV2_covariance_s15,phase2/results/predictions/full/independent_rms/tcn/seed_17/bandpass_n20001_cV2_covariance_s15.npz,76438,b6b369fb4dda478b382d4c650f181f8f8171dba5bb948f469570178ac985b1ae
tcn,independent_rms,17,bandpass_n20001_cV2_covariance_s10,phase2/results/predictions/full/independent_rms/tcn/seed_17/bandpass_n20001_cV2_covariance_s10.npz,76453,109021a27ced0a9b17e8091a16d06be7ad408e1cc87f1bed38695e7f3d3bf0bd
tcn,independent_rms,17,bandpass_n20001_cV2_covariance_s5,phase2/results/predictions/full/independent_rms/tcn/seed_17/bandpass_n20001_cV2_covariance_s5.npz,76298,c5e96e4ae720a34457f08c22aa89eaa83f676bed76f6c8cf10339dd89de82fee
tcn,independent_rms,17,bandpass_n20001_cV2_covariance_s0,phase2/results/predictions/full/independent_rms/tcn/seed_17/bandpass_n20001_cV2_covariance_s0.npz,76151,1ad893777510449b9e710314131671edf2ef80e67262c88a6e3ae45dcf869d87
tcn,independent_rms,17,bandpass_n20001_cV3_independent_rms_s20,phase2/results/predictions/full/independent_rms/tcn/seed_17/bandpass_n20001_cV3_independent_rms_s20.npz,76491,7a5ba60723178a1a7185d0a69004f7bba8e4fdb608df9ed982897a7d7c3ca4a8
tcn,independent_rms,17,bandpass_n20001_cV3_independent_rms_s15,phase2/results/predictions/full/independent_rms/tcn/seed_17/bandpass_n20001_cV3_independent_rms_s15.npz,76470,639ab47a476db4a3960c9b31aeb769991301b64bd397ba970a94e91cbcc41846
tcn,independent_rms,17,bandpass_n20001_cV3_independent_rms_s10,phase2/results/predictions/full/independent_rms/tcn/seed_17/bandpass_n20001_cV3_independent_rms_s10.npz,76431,0a8a887c41f6b7dd7051da84719cdc2c6b28b6d4ccf662e029fabb80605bb8d9
tcn,independent_rms,17,bandpass_n20001_cV3_independent_rms_s5,phase2/results/predictions/full/independent_rms/tcn/seed_17/bandpass_n20001_cV3_independent_rms_s5.npz,76333,5a4ef0138c4e01aa0eccb97dc21c41f8e83d38128f90c5b8d5817a3ebfb35677
tcn,independent_rms,17,bandpass_n20001_cV3_independent_rms_s0,phase2/results/predictions/full/independent_rms/tcn/seed_17/bandpass_n20001_cV3_independent_rms_s0.npz,76067,9808545df571bdb6162f9b83c95bdaab99c18338905d8159037189fb95fe2ab8
tcn,independent_rms,17,bandpass_n20001_cV3_electrode_s20,phase2/results/predictions/full/independent_rms/tcn/seed_17/bandpass_n20001_cV3_electrode_s20.npz,76460,73790fbf656eabd06509ab4a3c2a69a33603f9e4f33f5ae63fe13c6ab7233fc5
tcn,independent_rms,17,bandpass_n20001_cV3_electrode_s15,phase2/results/predictions/full/independent_rms/tcn/seed_17/bandpass_n20001_cV3_electrode_s15.npz,76447,81fc279b2d6fd92c5fc98074c7196b5fcf236514b60e5c629f8c78c557a81bdd
tcn,independent_rms,17,bandpass_n20001_cV3_electrode_s10,phase2/results/predictions/full/independent_rms/tcn/seed_17/bandpass_n20001_cV3_electrode_s10.npz,76422,dcab43d4f414f193d6d8443e22c4fb8ce66ce2a46c23f27bdcdcd73b964d5b28
tcn,independent_rms,17,bandpass_n20001_cV3_electrode_s5,phase2/results/predictions/full/independent_rms/tcn/seed_17/bandpass_n20001_cV3_electrode_s5.npz,76357,e582073146feb04ff7785fa21bc8f46a4c0a2b9986f7dc426efacab64656e066
tcn,independent_rms,17,bandpass_n20001_cV3_electrode_s0,phase2/results/predictions/full/independent_rms/tcn/seed_17/bandpass_n20001_cV3_electrode_s0.npz,76054,9d1da39b408d7f8f8b5e57c15d54240b1cd5ae9c7df2e8edf64ba1ba119e0232
tcn,independent_rms,17,bandpass_n20001_cV3_covariance_s20,phase2/results/predictions/full/independent_rms/tcn/seed_17/bandpass_n20001_cV3_covariance_s20.npz,76503,43f97d34965dcc461146b46adcf11361e91fa37195221e871652ecda49466891
tcn,independent_rms,17,bandpass_n20001_cV3_covariance_s15,phase2/results/predictions/full/independent_rms/tcn/seed_17/bandpass_n20001_cV3_covariance_s15.npz,76447,1ad4521e0715631811eadde2d59688ba4f45df6a4df187bfdfef500171b9235e
tcn,independent_rms,17,bandpass_n20001_cV3_covariance_s10,phase2/results/predictions/full/independent_rms/tcn/seed_17/bandpass_n20001_cV3_covariance_s10.npz,76447,004894235755985c53a3e47cf252d9c2db70c92d5eaa8567d8b24bdfcefb2c82
tcn,independent_rms,17,bandpass_n20001_cV3_covariance_s5,phase2/results/predictions/full/independent_rms/tcn/seed_17/bandpass_n20001_cV3_covariance_s5.npz,76331,d6babefccc5129d2e7820cb89115a6b6f5a092a4f0c9fc462d784ae2531dc891
tcn,independent_rms,17,bandpass_n20001_cV3_covariance_s0,phase2/results/predictions/full/independent_rms/tcn/seed_17/bandpass_n20001_cV3_covariance_s0.npz,76054,10df2692da4d152c7dd2b9b88eb56b31981e7098265580cf11353f8d0ea74684
tcn,independent_rms,17,bandpass_n20001_cV4_independent_rms_s20,phase2/results/predictions/full/independent_rms/tcn/seed_17/bandpass_n20001_cV4_independent_rms_s20.npz,76483,a51d7fd36bc8026744911ded07f8eeb2fe1e93a154f6f10945f7b701c7dc5745
tcn,independent_rms,17,bandpass_n20001_cV4_independent_rms_s15,phase2/results/predictions/full/independent_rms/tcn/seed_17/bandpass_n20001_cV4_independent_rms_s15.npz,76465,0398a9907ad32f7a333123ccb10a06cc53f4aab48784dd4085535d5224a7a998
tcn,independent_rms,17,bandpass_n20001_cV4_independent_rms_s10,phase2/results/predictions/full/independent_rms/tcn/seed_17/bandpass_n20001_cV4_independent_rms_s10.npz,76493,642e39c9ee2340de35c424cb534d3d661709fd0048ea94e8df885e8c19df0161
tcn,independent_rms,17,bandpass_n20001_cV4_independent_rms_s5,phase2/results/predictions/full/independent_rms/tcn/seed_17/bandpass_n20001_cV4_independent_rms_s5.npz,76403,75a1e469e437a3de5c74a6f328eb48b394de662e42c201d4b33bd1dfc1b45db6
tcn,independent_rms,17,bandpass_n20001_cV4_independent_rms_s0,phase2/results/predictions/full/independent_rms/tcn/seed_17/bandpass_n20001_cV4_independent_rms_s0.npz,76306,86cd850d98419bde3151da0b2c642bb4e533d847fd8cb7d80900803ca7b230ed
tcn,independent_rms,17,bandpass_n20001_cV4_electrode_s20,phase2/results/predictions/full/independent_rms/tcn/seed_17/bandpass_n20001_cV4_electrode_s20.npz,76502,ab400995d3090e337bf276d4be236807eb821c9103b8f381bc0266f7e281c650
tcn,independent_rms,17,bandpass_n20001_cV4_electrode_s15,phase2/results/predictions/full/independent_rms/tcn/seed_17/bandpass_n20001_cV4_electrode_s15.npz,76493,6ce05a6a305a3e712626bb1dadb33721b34deb8f72a40bbf0c54e554bc59395a
tcn,independent_rms,17,bandpass_n20001_cV4_electrode_s10,phase2/results/predictions/full/independent_rms/tcn/seed_17/bandpass_n20001_cV4_electrode_s10.npz,76434,063843f4ecf0063dd0adfdbab5a8d75e831cba320511f3e3631f1412cd87948c
tcn,independent_rms,17,bandpass_n20001_cV4_electrode_s5,phase2/results/predictions/full/independent_rms/tcn/seed_17/bandpass_n20001_cV4_electrode_s5.npz,76430,358ff5d898d61b93eb05a98ed4938c9541df3bd91029eb9593c981c2fd83bf1d
tcn,independent_rms,17,bandpass_n20001_cV4_electrode_s0,phase2/results/predictions/full/independent_rms/tcn/seed_17/bandpass_n20001_cV4_electrode_s0.npz,76319,4cb27a115129c9f071137a4ed105c5e65056f76d5a0af06f533a1e628df221b0
tcn,independent_rms,17,bandpass_n20001_cV4_covariance_s20,phase2/results/predictions/full/independent_rms/tcn/seed_17/bandpass_n20001_cV4_covariance_s20.npz,76450,5f038ae6b0de4cb60898dc714fed1f966dfb3f4465c50489c67d71789a61f2be
tcn,independent_rms,17,bandpass_n20001_cV4_covariance_s15,phase2/results/predictions/full/independent_rms/tcn/seed_17/bandpass_n20001_cV4_covariance_s15.npz,76438,ad721573b7881b330a7b2c258062fa8004da27273314a121b2bdf179bd43d10b
tcn,independent_rms,17,bandpass_n20001_cV4_covariance_s10,phase2/results/predictions/full/independent_rms/tcn/seed_17/bandpass_n20001_cV4_covariance_s10.npz,76436,a111d0e9013ac7e336b862f137525ce95b2c1bb45bc31abed35a063244d85f29
tcn,independent_rms,17,bandpass_n20001_cV4_covariance_s5,phase2/results/predictions/full/independent_rms/tcn/seed_17/bandpass_n20001_cV4_covariance_s5.npz,76397,e549c49c1e7f6e0ce72a57f3b5a0536915732727de83395d3b1fdb967e403c70
tcn,independent_rms,17,bandpass_n20001_cV4_covariance_s0,phase2/results/predictions/full/independent_rms/tcn/seed_17/bandpass_n20001_cV4_covariance_s0.npz,76307,c9bb73b11b741ab654f0b92c1570f90e0e98b7c40b517a2fef34fa8d7d7daab2
tcn,independent_rms,17,bandpass_n20001_cV5_independent_rms_s20,phase2/results/predictions/full/independent_rms/tcn/seed_17/bandpass_n20001_cV5_independent_rms_s20.npz,76471,2683ff53e93e3fdfba1ace179d2c96f2b2023db044a949e2e303725afc948dee
tcn,independent_rms,17,bandpass_n20001_cV5_independent_rms_s15,phase2/results/predictions/full/independent_rms/tcn/seed_17/bandpass_n20001_cV5_independent_rms_s15.npz,76459,81b04106b404b95b0acf423558412f71e1a1fd462238d77ddae194b08eff197e
tcn,independent_rms,17,bandpass_n20001_cV5_independent_rms_s10,phase2/results/predictions/full/independent_rms/tcn/seed_17/bandpass_n20001_cV5_independent_rms_s10.npz,76402,35df4f2fdc4c080e01e0eacae0cb540f4ad1946190f5591880fc594ceafadb04
tcn,independent_rms,17,bandpass_n20001_cV5_independent_rms_s5,phase2/results/predictions/full/independent_rms/tcn/seed_17/bandpass_n20001_cV5_independent_rms_s5.npz,76353,fbacef39e07d7392683040aa0880f66bb6b752c34c0ce4dbf1bc4e387b283970
tcn,independent_rms,17,bandpass_n20001_cV5_independent_rms_s0,phase2/results/predictions/full/independent_rms/tcn/seed_17/bandpass_n20001_cV5_independent_rms_s0.npz,76150,d9a5d752625327c2dd8b640d774eee22a0e04d9e859d0cd54fdcd8759f867122
tcn,independent_rms,17,bandpass_n20001_cV5_electrode_s20,phase2/results/predictions/full/independent_rms/tcn/seed_17/bandpass_n20001_cV5_electrode_s20.npz,76461,b89a57cf4511aff5478cc6230da3263adbf1e5d010a61e1c293cd5419cf1fabe
tcn,independent_rms,17,bandpass_n20001_cV5_electrode_s15,phase2/results/predictions/full/independent_rms/tcn/seed_17/bandpass_n20001_cV5_electrode_s15.npz,76440,6d05e3c222ef9bed08c52b4689c441b242c1f84765552e56e9029dc7598b0c64
tcn,independent_rms,17,bandpass_n20001_cV5_electrode_s10,phase2/results/predictions/full/independent_rms/tcn/seed_17/bandpass_n20001_cV5_electrode_s10.npz,76398,04db561b946504dfe6273c419df46a90d12f989ac26a85ecaa295f81b0fe4ef9
tcn,independent_rms,17,bandpass_n20001_cV5_electrode_s5,phase2/results/predictions/full/independent_rms/tcn/seed_17/bandpass_n20001_cV5_electrode_s5.npz,76341,38cd6bd0316bbc21a95c66999cec7c3c4156160a506f73ca1e820ecd70ddd6f6
tcn,independent_rms,17,bandpass_n20001_cV5_electrode_s0,phase2/results/predictions/full/independent_rms/tcn/seed_17/bandpass_n20001_cV5_electrode_s0.npz,76132,acb6a827a6d666359894dc928bfb56a54bb647383f7406e77a0f016426e6b836
tcn,independent_rms,17,bandpass_n20001_cV5_covariance_s20,phase2/results/predictions/full/independent_rms/tcn/seed_17/bandpass_n20001_cV5_covariance_s20.npz,76430,45c7540484b5484fde712253e7a473f7e4e848b19b9e3b3f3f84fd5173ef0215
tcn,independent_rms,17,bandpass_n20001_cV5_covariance_s15,phase2/results/predictions/full/independent_rms/tcn/seed_17/bandpass_n20001_cV5_covariance_s15.npz,76451,97c84a59d36a00d5934e3560acdd922e8fa338754457de634c7decd1160d9602
tcn,independent_rms,17,bandpass_n20001_cV5_covariance_s10,phase2/results/predictions/full/independent_rms/tcn/seed_17/bandpass_n20001_cV5_covariance_s10.npz,76421,1be144a599a0f07d823503496febf8fb91ee6e9750ea179c5af1649da95b7f31
tcn,independent_rms,17,bandpass_n20001_cV5_covariance_s5,phase2/results/predictions/full/independent_rms/tcn/seed_17/bandpass_n20001_cV5_covariance_s5.npz,76298,8cdbb908655e75921da1c1890107f37ba985860e0d8c707db6b61df85c37cedf
tcn,independent_rms,17,bandpass_n20001_cV5_covariance_s0,phase2/results/predictions/full/independent_rms/tcn/seed_17/bandpass_n20001_cV5_covariance_s0.npz,76121,27611f624ed6d993494fe3b69d1483d89703b475890290b529b26c352dd422ff
tcn,independent_rms,17,bandpass_n20001_cV6_independent_rms_s20,phase2/results/predictions/full/independent_rms/tcn/seed_17/bandpass_n20001_cV6_independent_rms_s20.npz,76456,fe759eb20402724a2c12354fdf536b0ab1ea076ab82098d88dc73a86fa4b34a3
tcn,independent_rms,17,bandpass_n20001_cV6_independent_rms_s15,phase2/results/predictions/full/independent_rms/tcn/seed_17/bandpass_n20001_cV6_independent_rms_s15.npz,76468,92350ed5a91f9992912e63e7b17ac2369ab0ec45a726a3d5d58190572c7ea8a5
tcn,independent_rms,17,bandpass_n20001_cV6_independent_rms_s10,phase2/results/predictions/full/independent_rms/tcn/seed_17/bandpass_n20001_cV6_independent_rms_s10.npz,76458,7199ebd9f81a2086bdf3cdde48bb8db0cf746f3654506cfecab31b5002787e7a
tcn,independent_rms,17,bandpass_n20001_cV6_independent_rms_s5,phase2/results/predictions/full/independent_rms/tcn/seed_17/bandpass_n20001_cV6_independent_rms_s5.npz,76327,94b32d849f1bc399e22f9a15a13193a3673a97f8b80626f5657e076424b25584
tcn,independent_rms,17,bandpass_n20001_cV6_independent_rms_s0,phase2/results/predictions/full/independent_rms/tcn/seed_17/bandpass_n20001_cV6_independent_rms_s0.npz,76048,2db604ce5ae1cec31284043bb20ca424086ea0f61ba332c4e391830fa6dc07a9
tcn,independent_rms,17,bandpass_n20001_cV6_electrode_s20,phase2/results/predictions/full/independent_rms/tcn/seed_17/bandpass_n20001_cV6_electrode_s20.npz,76473,21ff45764d44438cdfffc3c749852ddb02cd824ec6ad2e623c5faaaff91be699
tcn,independent_rms,17,bandpass_n20001_cV6_electrode_s15,phase2/results/predictions/full/independent_rms/tcn/seed_17/bandpass_n20001_cV6_electrode_s15.npz,76457,d1c2fb05415593be5420e19d361417b6520dca7a771286120614664741577060
tcn,independent_rms,17,bandpass_n20001_cV6_electrode_s10,phase2/results/predictions/full/independent_rms/tcn/seed_17/bandpass_n20001_cV6_electrode_s10.npz,76410,01e9a1b78865f524cc8465335f4da5c93bb0e3baea7bc7db976169c4d9585f99
tcn,independent_rms,17,bandpass_n20001_cV6_electrode_s5,phase2/results/predictions/full/independent_rms/tcn/seed_17/bandpass_n20001_cV6_electrode_s5.npz,76349,005be1cbbb5dde685cc15358ad40e04f6c1a2556d5c891e849f411baf6fb966d
tcn,independent_rms,17,bandpass_n20001_cV6_electrode_s0,phase2/results/predictions/full/independent_rms/tcn/seed_17/bandpass_n20001_cV6_electrode_s0.npz,76022,a19f77382ee3f8b405b5fc43453dde2d747272522dc70b075e3330d0719f2436
tcn,independent_rms,17,bandpass_n20001_cV6_covariance_s20,phase2/results/predictions/full/independent_rms/tcn/seed_17/bandpass_n20001_cV6_covariance_s20.npz,76451,482d0022959469bc35579c1d8e5f52cf3aa1ddbae5f87fbb318ebbc178025893
tcn,independent_rms,17,bandpass_n20001_cV6_covariance_s15,phase2/results/predictions/full/independent_rms/tcn/seed_17/bandpass_n20001_cV6_covariance_s15.npz,76482,3e15ac5c50d3e55bdf1a5b8a27ac5b696915a37be6cf042816c824193fbe215d
tcn,independent_rms,17,bandpass_n20001_cV6_covariance_s10,phase2/results/predictions/full/independent_rms/tcn/seed_17/bandpass_n20001_cV6_covariance_s10.npz,76425,99d03767e6e31ceceb6741316c360cabc1334e47cc2a6825bc55328083533c05
tcn,independent_rms,17,bandpass_n20001_cV6_covariance_s5,phase2/results/predictions/full/independent_rms/tcn/seed_17/bandpass_n20001_cV6_covariance_s5.npz,76318,aa61b8894f615f3daafd22901150c4bb00a506007ffe03d0bad910a678e0a1de
tcn,independent_rms,17,bandpass_n20001_cV6_covariance_s0,phase2/results/predictions/full/independent_rms/tcn/seed_17/bandpass_n20001_cV6_covariance_s0.npz,76020,42d082cb4da5b10a8b8da897255d63af3da7e3dfac2c75c0cad089d4c66eeedf
tcn,independent_rms,17,bandpass_n20001_cRA_LA_independent_rms_s20,phase2/results/predictions/full/independent_rms/tcn/seed_17/bandpass_n20001_cRA_LA_independent_rms_s20.npz,76492,8f9ad223495689f96850a5289db1e67d3cc931f50ed1c6de2b27ac6a2da3152c
tcn,independent_rms,17,bandpass_n20001_cRA_LA_independent_rms_s15,phase2/results/predictions/full/independent_rms/tcn/seed_17/bandpass_n20001_cRA_LA_independent_rms_s15.npz,76450,5d5f05d5cbeeb93371721a64f400299399985ba78c2dbca186fdb51a71d464bf
tcn,independent_rms,17,bandpass_n20001_cRA_LA_independent_rms_s10,phase2/results/predictions/full/independent_rms/tcn/seed_17/bandpass_n20001_cRA_LA_independent_rms_s10.npz,76436,f39a232aa5af8cd46e2548ca5748020945dc1d3d106eacf8d02541c0bf72543e
tcn,independent_rms,17,bandpass_n20001_cRA_LA_independent_rms_s5,phase2/results/predictions/full/independent_rms/tcn/seed_17/bandpass_n20001_cRA_LA_independent_rms_s5.npz,76292,2a5dbf7e533c98c4170598c24231c3b767618e32f4187a24aa88a424f1fab385
tcn,independent_rms,17,bandpass_n20001_cRA_LA_independent_rms_s0,phase2/results/predictions/full/independent_rms/tcn/seed_17/bandpass_n20001_cRA_LA_independent_rms_s0.npz,75995,8f335fbb852242f6e0cf37d463f84b3c2b56a97905bfc14962ae06235ff46814
tcn,independent_rms,17,bandpass_n20001_cRA_LA_electrode_s20,phase2/results/predictions/full/independent_rms/tcn/seed_17/bandpass_n20001_cRA_LA_electrode_s20.npz,76451,53d5d029cc1c808d2bb1c2e21804d92130e588f3215afc595dca2092d88250ef
tcn,independent_rms,17,bandpass_n20001_cRA_LA_electrode_s15,phase2/results/predictions/full/independent_rms/tcn/seed_17/bandpass_n20001_cRA_LA_electrode_s15.npz,76462,3d4616c9cae53da624205e8c67fb74b83636c19981f706835ccf8accdfa2cd33
tcn,independent_rms,17,bandpass_n20001_cRA_LA_electrode_s10,phase2/results/predictions/full/independent_rms/tcn/seed_17/bandpass_n20001_cRA_LA_electrode_s10.npz,76372,a6c2a5cbec9800d120fdd32901a5ea0082d0767f63fa790662e290e9d8117109
tcn,independent_rms,17,bandpass_n20001_cRA_LA_electrode_s5,phase2/results/predictions/full/independent_rms/tcn/seed_17/bandpass_n20001_cRA_LA_electrode_s5.npz,76161,cc2f5af641f2f4b8aa22f8cc248249742cc67e0ca8c70b08131f6382760a4cf7
tcn,independent_rms,17,bandpass_n20001_cRA_LA_electrode_s0,phase2/results/predictions/full/independent_rms/tcn/seed_17/bandpass_n20001_cRA_LA_electrode_s0.npz,75650,be789a2ddf77c2c1ac71cb379d3e02da01911bd859839f71f25ea57043f48ece
tcn,independent_rms,17,bandpass_n20001_cRA_LA_covariance_s20,phase2/results/predictions/full/independent_rms/tcn/seed_17/bandpass_n20001_cRA_LA_covariance_s20.npz,76458,b2f38c442027e5dffc8572ab157088b6d476b4ccb157a777b7115ad14122671b
tcn,independent_rms,17,bandpass_n20001_cRA_LA_covariance_s15,phase2/results/predictions/full/independent_rms/tcn/seed_17/bandpass_n20001_cRA_LA_covariance_s15.npz,76459,5f59158b320ee70fe5a6f4b553dac5f0d8c606a9b79afaf2d9f4f3171df022f9
tcn,independent_rms,17,bandpass_n20001_cRA_LA_covariance_s10,phase2/results/predictions/full/independent_rms/tcn/seed_17/bandpass_n20001_cRA_LA_covariance_s10.npz,76359,9aae3de2d9b8136c33a8794f8dcc99be2a1f2687954d78156cf01281c79db09e
tcn,independent_rms,17,bandpass_n20001_cRA_LA_covariance_s5,phase2/results/predictions/full/independent_rms/tcn/seed_17/bandpass_n20001_cRA_LA_covariance_s5.npz,76147,cfac95a62e2ea7a9eaf62f62554817a97844af9c2c57933b481b1d5cc589c42f
tcn,independent_rms,17,bandpass_n20001_cRA_LA_covariance_s0,phase2/results/predictions/full/independent_rms/tcn/seed_17/bandpass_n20001_cRA_LA_covariance_s0.npz,75668,1c114aad1001fa8a22422a629ad0d85751304719a37a8a0c0e8ebaaa0b10b610
tcn,independent_rms,17,bandpass_n20001_cLA_LL_independent_rms_s20,phase2/results/predictions/full/independent_rms/tcn/seed_17/bandpass_n20001_cLA_LL_independent_rms_s20.npz,76475,8a35cd22de12a03ee618c00f14f312341665dd00f72ee360909ad9eb046688f4
tcn,independent_rms,17,bandpass_n20001_cLA_LL_independent_rms_s15,phase2/results/predictions/full/independent_rms/tcn/seed_17/bandpass_n20001_cLA_LL_independent_rms_s15.npz,76464,2ad0753905136683f7bf2fe88e42917c2009e2d153ec334cc563ef637929198f
tcn,independent_rms,17,bandpass_n20001_cLA_LL_independent_rms_s10,phase2/results/predictions/full/independent_rms/tcn/seed_17/bandpass_n20001_cLA_LL_independent_rms_s10.npz,76438,a1077ddbe326631d453f662efb632fe9e3aeb79ef740df9bc3fe619264cca6b9
tcn,independent_rms,17,bandpass_n20001_cLA_LL_independent_rms_s5,phase2/results/predictions/full/independent_rms/tcn/seed_17/bandpass_n20001_cLA_LL_independent_rms_s5.npz,76305,3a2bc321a65ac02aff6abaecf953b608d9718c79cac3c2414e95b091d079433c
tcn,independent_rms,17,bandpass_n20001_cLA_LL_independent_rms_s0,phase2/results/predictions/full/independent_rms/tcn/seed_17/bandpass_n20001_cLA_LL_independent_rms_s0.npz,75936,538be67fee3c26ca7e109f30007a27ba5a98611ededf0af0542f25a5a697ef34
tcn,independent_rms,17,bandpass_n20001_cLA_LL_electrode_s20,phase2/results/predictions/full/independent_rms/tcn/seed_17/bandpass_n20001_cLA_LL_electrode_s20.npz,76492,6e11c639918f17a4ad87d4ba773260b0c74158e08f39d45f4f7efc51828f1475
tcn,independent_rms,17,bandpass_n20001_cLA_LL_electrode_s15,phase2/results/predictions/full/independent_rms/tcn/seed_17/bandpass_n20001_cLA_LL_electrode_s15.npz,76463,ef7624295f873b003a4a911659c98c9f746c9fa3dd718577f450f8cc8989716b
tcn,independent_rms,17,bandpass_n20001_cLA_LL_electrode_s10,phase2/results/predictions/full/independent_rms/tcn/seed_17/bandpass_n20001_cLA_LL_electrode_s10.npz,76359,ab6c983b34136adf89390c88175e82330bfb09d3559bbe3e71b3c3c401aa5aef
tcn,independent_rms,17,bandpass_n20001_cLA_LL_electrode_s5,phase2/results/predictions/full/independent_rms/tcn/seed_17/bandpass_n20001_cLA_LL_electrode_s5.npz,76177,0e29775a6169a8ac5d5279801b51174765a0bddcae915e3bd1d56d82fbb7f3d0
tcn,independent_rms,17,bandpass_n20001_cLA_LL_electrode_s0,phase2/results/predictions/full/independent_rms/tcn/seed_17/bandpass_n20001_cLA_LL_electrode_s0.npz,75800,9c0d4133855c24467b225e0ca2a064f4ca8f58769f4b7eaf1e86145e668beda0
tcn,independent_rms,17,bandpass_n20001_cLA_LL_covariance_s20,phase2/results/predictions/full/independent_rms/tcn/seed_17/bandpass_n20001_cLA_LL_covariance_s20.npz,76491,71c2d6ad372173e1aacd9afe849be2125138e007707c035b6d02bcfbd3ee33a3
tcn,independent_rms,17,bandpass_n20001_cLA_LL_covariance_s15,phase2/results/predictions/full/independent_rms/tcn/seed_17/bandpass_n20001_cLA_LL_covariance_s15.npz,76432,e087544ab5ea86ab498dc3dcf7d05100d0a7e05ec0a9a50e9dad88398d8652ae
tcn,independent_rms,17,bandpass_n20001_cLA_LL_covariance_s10,phase2/results/predictions/full/independent_rms/tcn/seed_17/bandpass_n20001_cLA_LL_covariance_s10.npz,76350,59d20c992e968d2647aeb299779219700ac2c1478916585b6b9b14a990ff4d95
tcn,independent_rms,17,bandpass_n20001_cLA_LL_covariance_s5,phase2/results/predictions/full/independent_rms/tcn/seed_17/bandpass_n20001_cLA_LL_covariance_s5.npz,76202,b215543947bf35f94ff4614aa34e7989f577418980bc537f4e017b0397826cf3
tcn,independent_rms,17,bandpass_n20001_cLA_LL_covariance_s0,phase2/results/predictions/full/independent_rms/tcn/seed_17/bandpass_n20001_cLA_LL_covariance_s0.npz,75757,621997f324482ac4ceb16fc6adcfb8d0f835f922a3cf51aad0dc516768175b32
tcn,independent_rms,17,bandpass_n20001_cRA_LL_independent_rms_s20,phase2/results/predictions/full/independent_rms/tcn/seed_17/bandpass_n20001_cRA_LL_independent_rms_s20.npz,76452,5a803b3a7a47e0dbb626f5ea3cfa1ca0fff227701b8b74067f3bb0f15b0c27e1
tcn,independent_rms,17,bandpass_n20001_cRA_LL_independent_rms_s15,phase2/results/predictions/full/independent_rms/tcn/seed_17/bandpass_n20001_cRA_LL_independent_rms_s15.npz,76447,b1874cd36b18d5dfbb6b94e42696ee37950effb78c419b99d52d10675a25981e
tcn,independent_rms,17,bandpass_n20001_cRA_LL_independent_rms_s10,phase2/results/predictions/full/independent_rms/tcn/seed_17/bandpass_n20001_cRA_LL_independent_rms_s10.npz,76418,4e1dcd0838901a00e0b4a830f8871e84c21f8daffbaaa741a6be1828e79d63ce
tcn,independent_rms,17,bandpass_n20001_cRA_LL_independent_rms_s5,phase2/results/predictions/full/independent_rms/tcn/seed_17/bandpass_n20001_cRA_LL_independent_rms_s5.npz,76274,e78f4f01b1a8ca78495c7b77879725b567e8533888bbc3be4addf5e6a4dc7f50
tcn,independent_rms,17,bandpass_n20001_cRA_LL_independent_rms_s0,phase2/results/predictions/full/independent_rms/tcn/seed_17/bandpass_n20001_cRA_LL_independent_rms_s0.npz,75928,6d1d93b220608454c0f1c9688f84480c90317b11fa38e11a2e3884b92d672572
tcn,independent_rms,17,bandpass_n20001_cRA_LL_electrode_s20,phase2/results/predictions/full/independent_rms/tcn/seed_17/bandpass_n20001_cRA_LL_electrode_s20.npz,76443,51e3e5798757e32cc12b1e7d1072946a421e06a03eac7fa2b5cb3da82886f4ee
tcn,independent_rms,17,bandpass_n20001_cRA_LL_electrode_s15,phase2/results/predictions/full/independent_rms/tcn/seed_17/bandpass_n20001_cRA_LL_electrode_s15.npz,76446,47bfed7b1f0d5fe4e1f36c7274d79967aa4e4efa1be84008326d54989d6611f0
tcn,independent_rms,17,bandpass_n20001_cRA_LL_electrode_s10,phase2/results/predictions/full/independent_rms/tcn/seed_17/bandpass_n20001_cRA_LL_electrode_s10.npz,76355,7006efe75b860aa03e907bb7a4b00040e0b3bf71c8b75fd540b538651e6bbafa
tcn,independent_rms,17,bandpass_n20001_cRA_LL_electrode_s5,phase2/results/predictions/full/independent_rms/tcn/seed_17/bandpass_n20001_cRA_LL_electrode_s5.npz,76194,65dc7f4a77568fae373a98fb7b94f8a7903415ad0a5d1cb6ec534ff1a530b77d
tcn,independent_rms,17,bandpass_n20001_cRA_LL_electrode_s0,phase2/results/predictions/full/independent_rms/tcn/seed_17/bandpass_n20001_cRA_LL_electrode_s0.npz,75680,bd75bfda674ce4b689d0ba8320a8f3ba848e8dea93ade48d33df1d74728543c4
tcn,independent_rms,17,bandpass_n20001_cRA_LL_covariance_s20,phase2/results/predictions/full/independent_rms/tcn/seed_17/bandpass_n20001_cRA_LL_covariance_s20.npz,76451,6dc7b5394bcac56c83434772c9c1f6e03b54bef0b7acad6466e9f7ef3d145c02
tcn,independent_rms,17,bandpass_n20001_cRA_LL_covariance_s15,phase2/results/predictions/full/independent_rms/tcn/seed_17/bandpass_n20001_cRA_LL_covariance_s15.npz,76418,ac9951693d2f1fee70b8c7aa040dc30a3b2052a9abc789233bbb347fdc95a19f
tcn,independent_rms,17,bandpass_n20001_cRA_LL_covariance_s10,phase2/results/predictions/full/independent_rms/tcn/seed_17/bandpass_n20001_cRA_LL_covariance_s10.npz,76377,d21ccb37ab345e3721fe890c4bb9222b02aaa359cc08184a249fe8229b48e294
tcn,independent_rms,17,bandpass_n20001_cRA_LL_covariance_s5,phase2/results/predictions/full/independent_rms/tcn/seed_17/bandpass_n20001_cRA_LL_covariance_s5.npz,76145,89fec23c673ad922520e0f0753569c1f81071e3abb0ba6932b55fda590696bb3
tcn,independent_rms,17,bandpass_n20001_cRA_LL_covariance_s0,phase2/results/predictions/full/independent_rms/tcn/seed_17/bandpass_n20001_cRA_LL_covariance_s0.npz,75683,67e2931740495e4f02cbec5020af5577466108ceca53f2064af61cc82a53c053
tcn,independent_rms,17,bandpass_n20001_cRA_independent_rms_s20,phase2/results/predictions/full/independent_rms/tcn/seed_17/bandpass_n20001_cRA_independent_rms_s20.npz,76478,bd3aedb9be40f332b0b41fd01918398e528b8ae9a783aa958f7fa6ab9a9d153d
tcn,independent_rms,17,bandpass_n20001_cRA_independent_rms_s15,phase2/results/predictions/full/independent_rms/tcn/seed_17/bandpass_n20001_cRA_independent_rms_s15.npz,76459,da90f543877e0ce54a140fa745b534206697b6af950e14cbdad7831ba74b8eef
tcn,independent_rms,17,bandpass_n20001_cRA_independent_rms_s10,phase2/results/predictions/full/independent_rms/tcn/seed_17/bandpass_n20001_cRA_independent_rms_s10.npz,76460,89b2e6e1913fc4fc7543ca85bba2a7f55cc7b2c8d5b1fe26cb4fe41c0b047688
tcn,independent_rms,17,bandpass_n20001_cRA_independent_rms_s5,phase2/results/predictions/full/independent_rms/tcn/seed_17/bandpass_n20001_cRA_independent_rms_s5.npz,76273,f0f4bb3a0b1d8bc48c60733bc9b2453f58ce2b94c95e234ca3726aed9ac011a8
tcn,independent_rms,17,bandpass_n20001_cRA_independent_rms_s0,phase2/results/predictions/full/independent_rms/tcn/seed_17/bandpass_n20001_cRA_independent_rms_s0.npz,75916,2f07a4d836bd61a4d8ca8785dd9cbc1ab3fe1c84b15843f3c54ba234f348c1f0
tcn,independent_rms,17,bandpass_n20001_cRA_electrode_s20,phase2/results/predictions/full/independent_rms/tcn/seed_17/bandpass_n20001_cRA_electrode_s20.npz,76453,053a3089bebe461ce97637cb7f77f244a7afe3c8a86d0bf501f2edb6f71ca24d
tcn,independent_rms,17,bandpass_n20001_cRA_electrode_s15,phase2/results/predictions/full/independent_rms/tcn/seed_17/bandpass_n20001_cRA_electrode_s15.npz,76426,f068e606e09748d10297b9a7819b60a74aa509da26a7a379e7e3ae266b12a334
tcn,independent_rms,17,bandpass_n20001_cRA_electrode_s10,phase2/results/predictions/full/independent_rms/tcn/seed_17/bandpass_n20001_cRA_electrode_s10.npz,76344,6db237d0effe77309f6d8f89046647f6c0707f875ca33d3a04ea8fc35d39beaa
tcn,independent_rms,17,bandpass_n20001_cRA_electrode_s5,phase2/results/predictions/full/independent_rms/tcn/seed_17/bandpass_n20001_cRA_electrode_s5.npz,76155,3101cc9eb80c6d1c5ee66d4bbf6909621ae707d4278a1cd86af319c06f116336
tcn,independent_rms,17,bandpass_n20001_cRA_electrode_s0,phase2/results/predictions/full/independent_rms/tcn/seed_17/bandpass_n20001_cRA_electrode_s0.npz,75724,5b19758d5fac3e207c4bd77d58c8965994041ed923fcf220f2a6407dc924b1d6
tcn,independent_rms,17,bandpass_n20001_cRA_covariance_s20,phase2/results/predictions/full/independent_rms/tcn/seed_17/bandpass_n20001_cRA_covariance_s20.npz,76462,ecaf5727015fe6f822ce8129a238f462990d380ba8693aaa5baad2c10cdd6e01
tcn,independent_rms,17,bandpass_n20001_cRA_covariance_s15,phase2/results/predictions/full/independent_rms/tcn/seed_17/bandpass_n20001_cRA_covariance_s15.npz,76431,15babb89c2de46563c9601d093feb66d8f5cfd05663ceeb97a6bbae5d33a535a
tcn,independent_rms,17,bandpass_n20001_cRA_covariance_s10,phase2/results/predictions/full/independent_rms/tcn/seed_17/bandpass_n20001_cRA_covariance_s10.npz,76336,8b69b280ab18c2e0e4ba03b1592a7e80f8056315b0cfe03a7bf40af7c3f028ab
tcn,independent_rms,17,bandpass_n20001_cRA_covariance_s5,phase2/results/predictions/full/independent_rms/tcn/seed_17/bandpass_n20001_cRA_covariance_s5.npz,76149,581e8886cd69785012c55fc2c4cf73155698a2531c4c1ac2974361e53fffce42
tcn,independent_rms,17,bandpass_n20001_cRA_covariance_s0,phase2/results/predictions/full/independent_rms/tcn/seed_17/bandpass_n20001_cRA_covariance_s0.npz,75735,696eff853f766211950919a896f4a8fa34cecd3070a33b8bd2092c699f6d6ccf
tcn,independent_rms,17,bandpass_n20001_cLA_independent_rms_s20,phase2/results/predictions/full/independent_rms/tcn/seed_17/bandpass_n20001_cLA_independent_rms_s20.npz,76484,565cc2a39f77d5381ecae50fa85a818cc9401ab242f9adee61a57e97106aaa66
tcn,independent_rms,17,bandpass_n20001_cLA_independent_rms_s15,phase2/results/predictions/full/independent_rms/tcn/seed_17/bandpass_n20001_cLA_independent_rms_s15.npz,76487,629c68d4a6304ae4f4c196e1c5d67d2bb909ff02f84f2d0f033b31ed4733acbd
tcn,independent_rms,17,bandpass_n20001_cLA_independent_rms_s10,phase2/results/predictions/full/independent_rms/tcn/seed_17/bandpass_n20001_cLA_independent_rms_s10.npz,76438,63db0c364449bd598b2e53571a85a45df4ff51732e1918113a4b021c18c19bca
tcn,independent_rms,17,bandpass_n20001_cLA_independent_rms_s5,phase2/results/predictions/full/independent_rms/tcn/seed_17/bandpass_n20001_cLA_independent_rms_s5.npz,76336,40a8fe9932e6ca54c8bfdea53ee246ec71f3bdb1cac224b7e686a8838efaa072
tcn,independent_rms,17,bandpass_n20001_cLA_independent_rms_s0,phase2/results/predictions/full/independent_rms/tcn/seed_17/bandpass_n20001_cLA_independent_rms_s0.npz,76070,91c50eccd3ae9819a267cfaedd26370803d7d012669dad4dbd9e168c6785fdc1
tcn,independent_rms,17,bandpass_n20001_cLA_electrode_s20,phase2/results/predictions/full/independent_rms/tcn/seed_17/bandpass_n20001_cLA_electrode_s20.npz,76450,de3aa58fd0fca617def8a7ae16056818e703da07336abaf02cbfd72f024d6069
tcn,independent_rms,17,bandpass_n20001_cLA_electrode_s15,phase2/results/predictions/full/independent_rms/tcn/seed_17/bandpass_n20001_cLA_electrode_s15.npz,76439,7e0e79bb2c7b4fefaaa9e43cc11b61322b2d21347c0fe6efd01b7c57ac46a308
tcn,independent_rms,17,bandpass_n20001_cLA_electrode_s10,phase2/results/predictions/full/independent_rms/tcn/seed_17/bandpass_n20001_cLA_electrode_s10.npz,76391,ac825386c22467c6c144b3a7b5dcf16e8f491f55a2894edfa9f249171a8480b3
tcn,independent_rms,17,bandpass_n20001_cLA_electrode_s5,phase2/results/predictions/full/independent_rms/tcn/seed_17/bandpass_n20001_cLA_electrode_s5.npz,76199,1744fd3d4f499694cfe58c89a64730aa47f253205d9b8587df0617728708fa12
tcn,independent_rms,17,bandpass_n20001_cLA_electrode_s0,phase2/results/predictions/full/independent_rms/tcn/seed_17/bandpass_n20001_cLA_electrode_s0.npz,75769,aaa0f442c4bc365bcb5f8ffa2f7dc5242408a9f0e72722d55bbc35ee9c32ab53
tcn,independent_rms,17,bandpass_n20001_cLA_covariance_s20,phase2/results/predictions/full/independent_rms/tcn/seed_17/bandpass_n20001_cLA_covariance_s20.npz,76424,da5ead9ec93bed94f4ceb49c90cc6df1b0e41197b68279d65d11ba60c5f15996
tcn,independent_rms,17,bandpass_n20001_cLA_covariance_s15,phase2/results/predictions/full/independent_rms/tcn/seed_17/bandpass_n20001_cLA_covariance_s15.npz,76440,9586a88896483eb0e314768dcae52844d958ac70f8272097eb7174ab568f60b2
tcn,independent_rms,17,bandpass_n20001_cLA_covariance_s10,phase2/results/predictions/full/independent_rms/tcn/seed_17/bandpass_n20001_cLA_covariance_s10.npz,76376,521c5ae7b40306516ea95ef61d0f63cf7bab36079fe2b5b44bc9d85963b871f1
tcn,independent_rms,17,bandpass_n20001_cLA_covariance_s5,phase2/results/predictions/full/independent_rms/tcn/seed_17/bandpass_n20001_cLA_covariance_s5.npz,76177,c46d7870d1ad3b7e99e59936c62e2f1c517a4018799c3de007f553b781822182
tcn,independent_rms,17,bandpass_n20001_cLA_covariance_s0,phase2/results/predictions/full/independent_rms/tcn/seed_17/bandpass_n20001_cLA_covariance_s0.npz,75791,a60cb099582daf4cd20fd6d2fcb78e53ed815ac099ca323dc00fa2ad0831e5bb
tcn,independent_rms,17,bandpass_n20001_cLL_independent_rms_s20,phase2/results/predictions/full/independent_rms/tcn/seed_17/bandpass_n20001_cLL_independent_rms_s20.npz,76469,332565edc54e2aafe2736922665bf4834f66cb53b70ddc3d5437842d54cc6db4
tcn,independent_rms,17,bandpass_n20001_cLL_independent_rms_s15,phase2/results/predictions/full/independent_rms/tcn/seed_17/bandpass_n20001_cLL_independent_rms_s15.npz,76472,9e58295b9165fe69c7ce2d7f4191498fb21931b541989fc3c8b13edb9180ba2b
tcn,independent_rms,17,bandpass_n20001_cLL_independent_rms_s10,phase2/results/predictions/full/independent_rms/tcn/seed_17/bandpass_n20001_cLL_independent_rms_s10.npz,76388,980d1a1adb8c10a36af455d812e611a03344e3c7ad74e19efcc6e898139a337b
tcn,independent_rms,17,bandpass_n20001_cLL_independent_rms_s5,phase2/results/predictions/full/independent_rms/tcn/seed_17/bandpass_n20001_cLL_independent_rms_s5.npz,76258,7df8964c8ed12325ad8eccbb580025e99a3c8d8f9fbb52caf5d16e8e1facad25
tcn,independent_rms,17,bandpass_n20001_cLL_independent_rms_s0,phase2/results/predictions/full/independent_rms/tcn/seed_17/bandpass_n20001_cLL_independent_rms_s0.npz,75913,1e18e9aad36818170b720486ab4324a0134c72ef129404d7dadcb8e0ba881c26
tcn,independent_rms,17,bandpass_n20001_cLL_electrode_s20,phase2/results/predictions/full/independent_rms/tcn/seed_17/bandpass_n20001_cLL_electrode_s20.npz,76436,3d8c5531c842465ae58031f6e705dbb61ce8d9b23be0ff5a39a8010c49a0bd2e
tcn,independent_rms,17,bandpass_n20001_cLL_electrode_s15,phase2/results/predictions/full/independent_rms/tcn/seed_17/bandpass_n20001_cLL_electrode_s15.npz,76452,3bc5094b3d25e3b8d0e70a42e4e20fb69314ce7e9c97f7f4a40005f5cf1f5c80
tcn,independent_rms,17,bandpass_n20001_cLL_electrode_s10,phase2/results/predictions/full/independent_rms/tcn/seed_17/bandpass_n20001_cLL_electrode_s10.npz,76384,4e7c297fd02e104765dd8ac024c5d146d9a3755a7c2eebec327696b754ea07f4
tcn,independent_rms,17,bandpass_n20001_cLL_electrode_s5,phase2/results/predictions/full/independent_rms/tcn/seed_17/bandpass_n20001_cLL_electrode_s5.npz,76200,6847cdb83b9778a73b4511395bc4f7bfebbfb5a19fc4345d0d412c5c037b2aea
tcn,independent_rms,17,bandpass_n20001_cLL_electrode_s0,phase2/results/predictions/full/independent_rms/tcn/seed_17/bandpass_n20001_cLL_electrode_s0.npz,75844,8ef94338adb934af396304103b6b57cbe09f0ea23aa05a66d413f03854815db3
tcn,independent_rms,17,bandpass_n20001_cLL_covariance_s20,phase2/results/predictions/full/independent_rms/tcn/seed_17/bandpass_n20001_cLL_covariance_s20.npz,76466,1b2c72a28d41736490703a0f64a7d45c4e7c568350a8cf07e606bc15fdaefbc3
tcn,independent_rms,17,bandpass_n20001_cLL_covariance_s15,phase2/results/predictions/full/independent_rms/tcn/seed_17/bandpass_n20001_cLL_covariance_s15.npz,76408,bce6bd42727fc9e5537c5c244dc0cb7315e6e7094f140ad5ae1a6086d36f2630
tcn,independent_rms,17,bandpass_n20001_cLL_covariance_s10,phase2/results/predictions/full/independent_rms/tcn/seed_17/bandpass_n20001_cLL_covariance_s10.npz,76342,2d9b351259104ada47863ea0a068cbb708376c6b7d975f9a54e2a74c7fdacc29
tcn,independent_rms,17,bandpass_n20001_cLL_covariance_s5,phase2/results/predictions/full/independent_rms/tcn/seed_17/bandpass_n20001_cLL_covariance_s5.npz,76195,2c7d7d5152956c61cbad17e37cccbcad4cccc5eb9693ca98048f833878bb49ae
tcn,independent_rms,17,bandpass_n20001_cLL_covariance_s0,phase2/results/predictions/full/independent_rms/tcn/seed_17/bandpass_n20001_cLL_covariance_s0.npz,75798,020ff97b6eeb4fa332391bd70d9e81b1c22cee49743483ebe3a6ea29317ca0ae
tcn,independent_rms,17,bandpass_n20001_cRA_V1_independent_rms_s20,phase2/results/predictions/full/independent_rms/tcn/seed_17/bandpass_n20001_cRA_V1_independent_rms_s20.npz,76480,d78378050a4cb704abff1308e18236f87cf82381d453e5af6f829b015c8492e5
tcn,independent_rms,17,bandpass_n20001_cRA_V1_independent_rms_s15,phase2/results/predictions/full/independent_rms/tcn/seed_17/bandpass_n20001_cRA_V1_independent_rms_s15.npz,76461,a7b070d8488b92f864eb3e8af89a92424007b27121ddc19dcaa914a634dd2e8a
tcn,independent_rms,17,bandpass_n20001_cRA_V1_independent_rms_s10,phase2/results/predictions/full/independent_rms/tcn/seed_17/bandpass_n20001_cRA_V1_independent_rms_s10.npz,76449,e29b2c49793630a53b144865823625b2aedce6920c063f6d1a666c9c1737a2d6
tcn,independent_rms,17,bandpass_n20001_cRA_V1_independent_rms_s5,phase2/results/predictions/full/independent_rms/tcn/seed_17/bandpass_n20001_cRA_V1_independent_rms_s5.npz,76287,6609b4e7fa41c8d585a8154f8845fcb5521dbf8242747899f10c9677b12849ae
tcn,independent_rms,17,bandpass_n20001_cRA_V1_independent_rms_s0,phase2/results/predictions/full/independent_rms/tcn/seed_17/bandpass_n20001_cRA_V1_independent_rms_s0.npz,75970,e2de1b117da238a31eea3ad07331e8d9e06c55fd42ca2f3b4c112749f290a5e7
tcn,independent_rms,17,bandpass_n20001_cRA_V1_electrode_s20,phase2/results/predictions/full/independent_rms/tcn/seed_17/bandpass_n20001_cRA_V1_electrode_s20.npz,76496,4d7c19b126a3cc9f092e58563aacd0b74ce0d5a870e5fa8c54b1ea27512dff4b
tcn,independent_rms,17,bandpass_n20001_cRA_V1_electrode_s15,phase2/results/predictions/full/independent_rms/tcn/seed_17/bandpass_n20001_cRA_V1_electrode_s15.npz,76419,acf06a92fcd5067ff1ac285936a37172e7011d097c088a1d29b50950996013c4
tcn,independent_rms,17,bandpass_n20001_cRA_V1_electrode_s10,phase2/results/predictions/full/independent_rms/tcn/seed_17/bandpass_n20001_cRA_V1_electrode_s10.npz,76386,8864b4e61efdc41e6f77d1bbf2d3b733fbe99da0823792a11f68c7cc64a0cd9d
tcn,independent_rms,17,bandpass_n20001_cRA_V1_electrode_s5,phase2/results/predictions/full/independent_rms/tcn/seed_17/bandpass_n20001_cRA_V1_electrode_s5.npz,76191,34b155f8ba36512cf7c3f693fc8e1ad4b811e30eaf637cad9eb1737fe8977309
tcn,independent_rms,17,bandpass_n20001_cRA_V1_electrode_s0,phase2/results/predictions/full/independent_rms/tcn/seed_17/bandpass_n20001_cRA_V1_electrode_s0.npz,75792,e570e65fb59309e2829d0a3194b272e039404fcd0d1a9602aac0fe0e99b207b6
tcn,independent_rms,17,bandpass_n20001_cRA_V1_covariance_s20,phase2/results/predictions/full/independent_rms/tcn/seed_17/bandpass_n20001_cRA_V1_covariance_s20.npz,76488,a2223d8579463ad4d2bd54138608b0e5c0d937a0548b2ddda3ab4434dfd619d9
tcn,independent_rms,17,bandpass_n20001_cRA_V1_covariance_s15,phase2/results/predictions/full/independent_rms/tcn/seed_17/bandpass_n20001_cRA_V1_covariance_s15.npz,76440,15c127c3bc15a00fbdeec6b050f5bec313b937d25222042b235d10046770e535
tcn,independent_rms,17,bandpass_n20001_cRA_V1_covariance_s10,phase2/results/predictions/full/independent_rms/tcn/seed_17/bandpass_n20001_cRA_V1_covariance_s10.npz,76346,aa225b0a7da6a575038ce4b6d731a22087a1d6e139b6ebb67c7e58a2f497bc51
tcn,independent_rms,17,bandpass_n20001_cRA_V1_covariance_s5,phase2/results/predictions/full/independent_rms/tcn/seed_17/bandpass_n20001_cRA_V1_covariance_s5.npz,76168,de1f3fb4a54c102d62192d7a729efaa625af4059216d1cf9f21e6da592a8b3fa
tcn,independent_rms,17,bandpass_n20001_cRA_V1_covariance_s0,phase2/results/predictions/full/independent_rms/tcn/seed_17/bandpass_n20001_cRA_V1_covariance_s0.npz,75800,d35c00bc502f0141895656c1bfd7b8f3030d2575490e55438d28aa790d329af7
tcn,independent_rms,17,bandpass_n20001_cLA_V6_independent_rms_s20,phase2/results/predictions/full/independent_rms/tcn/seed_17/bandpass_n20001_cLA_V6_independent_rms_s20.npz,76495,e307b459e08e974bb02eeed12b5ffd01e9358f0e76cf3a53f8adf50f198a8faf
tcn,independent_rms,17,bandpass_n20001_cLA_V6_independent_rms_s15,phase2/results/predictions/full/independent_rms/tcn/seed_17/bandpass_n20001_cLA_V6_independent_rms_s15.npz,76468,3c55626bd9536acb19661eccf29faf2dc56c0b26f0d7ac60bdfb3741a89d5a40
tcn,independent_rms,17,bandpass_n20001_cLA_V6_independent_rms_s10,phase2/results/predictions/full/independent_rms/tcn/seed_17/bandpass_n20001_cLA_V6_independent_rms_s10.npz,76465,4c789f8013f2d01c4c1f230899ac5af7c332da21494661f2d21c4030651d1c88
tcn,independent_rms,17,bandpass_n20001_cLA_V6_independent_rms_s5,phase2/results/predictions/full/independent_rms/tcn/seed_17/bandpass_n20001_cLA_V6_independent_rms_s5.npz,76369,b6f3437f50c5aaaac29318581e311d4891e6203bb31bb3c342a898884390fdcf
tcn,independent_rms,17,bandpass_n20001_cLA_V6_independent_rms_s0,phase2/results/predictions/full/independent_rms/tcn/seed_17/bandpass_n20001_cLA_V6_independent_rms_s0.npz,76088,90760cd746d5b6044c664f8286c2399a1da09f6aa46309ec6b78a864d9f22614
tcn,independent_rms,17,bandpass_n20001_cLA_V6_electrode_s20,phase2/results/predictions/full/independent_rms/tcn/seed_17/bandpass_n20001_cLA_V6_electrode_s20.npz,76491,d1b876a79c391238040e1350d552512d12efacc016fb531cc06c8a2e9fc4a7d8
tcn,independent_rms,17,bandpass_n20001_cLA_V6_electrode_s15,phase2/results/predictions/full/independent_rms/tcn/seed_17/bandpass_n20001_cLA_V6_electrode_s15.npz,76464,5d767dd4efedc7d47d46244ca68a5ea6d59cca0a70a93c06d8881184a688ee59
tcn,independent_rms,17,bandpass_n20001_cLA_V6_electrode_s10,phase2/results/predictions/full/independent_rms/tcn/seed_17/bandpass_n20001_cLA_V6_electrode_s10.npz,76426,f7f3027c848739a24ecc0dd3e25f94bbeda3e209a5ef5d2910c11829b6ed17f6
tcn,independent_rms,17,bandpass_n20001_cLA_V6_electrode_s5,phase2/results/predictions/full/independent_rms/tcn/seed_17/bandpass_n20001_cLA_V6_electrode_s5.npz,76228,4a5399f4a21ab8c5bc53c2a85ffee7c377b8190b96aadfc10599420d664e1661
tcn,independent_rms,17,bandpass_n20001_cLA_V6_electrode_s0,phase2/results/predictions/full/independent_rms/tcn/seed_17/bandpass_n20001_cLA_V6_electrode_s0.npz,75853,8812effa77b8cf850f9081035847bc74abb415eef5cf2f743608a1975f43d5fb
tcn,independent_rms,17,bandpass_n20001_cLA_V6_covariance_s20,phase2/results/predictions/full/independent_rms/tcn/seed_17/bandpass_n20001_cLA_V6_covariance_s20.npz,76461,835bc5607614964f1d0993b2bf727f891238e4708a31e478b936493c57aff4a3
tcn,independent_rms,17,bandpass_n20001_cLA_V6_covariance_s15,phase2/results/predictions/full/independent_rms/tcn/seed_17/bandpass_n20001_cLA_V6_covariance_s15.npz,76466,77465f8dc39fbdfab35163f987535e02ae478a3d095b561b868fb50e1a4dff8a
tcn,independent_rms,17,bandpass_n20001_cLA_V6_covariance_s10,phase2/results/predictions/full/independent_rms/tcn/seed_17/bandpass_n20001_cLA_V6_covariance_s10.npz,76395,744156aa549142c80ce64c83956cb191df105245d7534a9b47fe5b6ef472ff15
tcn,independent_rms,17,bandpass_n20001_cLA_V6_covariance_s5,phase2/results/predictions/full/independent_rms/tcn/seed_17/bandpass_n20001_cLA_V6_covariance_s5.npz,76245,b4cc1718bc61e18f473a4503101edebd1c490499c2ab814626d434a299ad4262
tcn,independent_rms,17,bandpass_n20001_cLA_V6_covariance_s0,phase2/results/predictions/full/independent_rms/tcn/seed_17/bandpass_n20001_cLA_V6_covariance_s0.npz,75824,0791db353d50f364764e224e2ef4d7b4e10207a8953d211692c654f3a8feeebe
tcn,independent_rms,17,bandpass_n20001_cLL_V4_independent_rms_s20,phase2/results/predictions/full/independent_rms/tcn/seed_17/bandpass_n20001_cLL_V4_independent_rms_s20.npz,76500,d619e3054512a5f3f0526696731c2f047a33d02daa4d0eeb40927b9389d9655b
tcn,independent_rms,17,bandpass_n20001_cLL_V4_independent_rms_s15,phase2/results/predictions/full/independent_rms/tcn/seed_17/bandpass_n20001_cLL_V4_independent_rms_s15.npz,76494,2e278a97d6abe08c3978c64656d813f10327804c480b9f249a2a9de6137ce632
tcn,independent_rms,17,bandpass_n20001_cLL_V4_independent_rms_s10,phase2/results/predictions/full/independent_rms/tcn/seed_17/bandpass_n20001_cLL_V4_independent_rms_s10.npz,76441,cf7671f91bb96397217a0ecaa638931dbd785a3713fd2a4b60865357e0b58aa4
tcn,independent_rms,17,bandpass_n20001_cLL_V4_independent_rms_s5,phase2/results/predictions/full/independent_rms/tcn/seed_17/bandpass_n20001_cLL_V4_independent_rms_s5.npz,76318,8b6957e37d452d23c3a38d87aca3ff71d28648a2c8f4829795b1283467cef426
tcn,independent_rms,17,bandpass_n20001_cLL_V4_independent_rms_s0,phase2/results/predictions/full/independent_rms/tcn/seed_17/bandpass_n20001_cLL_V4_independent_rms_s0.npz,75970,79dba1557d446b427d8f73c780a153e5b089b5c8d21db8d874a80965bb0eda60
tcn,independent_rms,17,bandpass_n20001_cLL_V4_electrode_s20,phase2/results/predictions/full/independent_rms/tcn/seed_17/bandpass_n20001_cLL_V4_electrode_s20.npz,76485,62173ccf6369fb6b8efbe9cfda99489a6b25291164e4022b9cbfab2b13de3d20
tcn,independent_rms,17,bandpass_n20001_cLL_V4_electrode_s15,phase2/results/predictions/full/independent_rms/tcn/seed_17/bandpass_n20001_cLL_V4_electrode_s15.npz,76453,134f3fed2541e2355c4f3bf4fb558f9b755435e7b590c68ee9daff37948ee2c2
tcn,independent_rms,17,bandpass_n20001_cLL_V4_electrode_s10,phase2/results/predictions/full/independent_rms/tcn/seed_17/bandpass_n20001_cLL_V4_electrode_s10.npz,76397,9e1cc085c5bfcd8033b65237e5076a1cf6612c856210d5f5871d78e864bbc378
tcn,independent_rms,17,bandpass_n20001_cLL_V4_electrode_s5,phase2/results/predictions/full/independent_rms/tcn/seed_17/bandpass_n20001_cLL_V4_electrode_s5.npz,76274,bede8cdf787eaf799ed0526afe427a5e9fb3b7863d4753e80cb4702ab5ab41d1
tcn,independent_rms,17,bandpass_n20001_cLL_V4_electrode_s0,phase2/results/predictions/full/independent_rms/tcn/seed_17/bandpass_n20001_cLL_V4_electrode_s0.npz,75901,c5010db9fa4c421383fd0ea371ebc803bd53285278ed7b70a883f360af32e6fa
tcn,independent_rms,17,bandpass_n20001_cLL_V4_covariance_s20,phase2/results/predictions/full/independent_rms/tcn/seed_17/bandpass_n20001_cLL_V4_covariance_s20.npz,76444,039cc310c32947f3d3246f9db2433a31894cd7a052528def0549c9495a6ed180
tcn,independent_rms,17,bandpass_n20001_cLL_V4_covariance_s15,phase2/results/predictions/full/independent_rms/tcn/seed_17/bandpass_n20001_cLL_V4_covariance_s15.npz,76452,eb3928cdca450c1766972d6e70582f49462ca8b54ae72e4bab19832bb07395db
tcn,independent_rms,17,bandpass_n20001_cLL_V4_covariance_s10,phase2/results/predictions/full/independent_rms/tcn/seed_17/bandpass_n20001_cLL_V4_covariance_s10.npz,76387,d7b17ebc17d1db6cfff2ac08344a118e2b6b7021fdce791adfbdd7d8b562bb3b
tcn,independent_rms,17,bandpass_n20001_cLL_V4_covariance_s5,phase2/results/predictions/full/independent_rms/tcn/seed_17/bandpass_n20001_cLL_V4_covariance_s5.npz,76246,bf4af417dfd36ad308e3abffc704414961e4b2bc750944f68680a8cb40f3ddd6
tcn,independent_rms,17,bandpass_n20001_cLL_V4_covariance_s0,phase2/results/predictions/full/independent_rms/tcn/seed_17/bandpass_n20001_cLL_V4_covariance_s0.npz,75942,78e3c73f6a18a03f16b9d7155d7ad7fc63fe1ddd3c6f675b2b86ccbe462d4ffc
tcn,independent_rms,17,bandpass_n20001_cRA_LA_V1_V6_independent_rms_s20,phase2/results/predictions/full/independent_rms/tcn/seed_17/bandpass_n20001_cRA_LA_V1_V6_independent_rms_s20.npz,76503,84ad2c408077ec67912f0885927eb452b7459961ab28b689979a0355dedd1d7a
tcn,independent_rms,17,bandpass_n20001_cRA_LA_V1_V6_independent_rms_s15,phase2/results/predictions/full/independent_rms/tcn/seed_17/bandpass_n20001_cRA_LA_V1_V6_independent_rms_s15.npz,76481,2e37ddda23463ec5f25944ce878188e2c1fe022e11ab8cb51c249eccdb2c717a
tcn,independent_rms,17,bandpass_n20001_cRA_LA_V1_V6_independent_rms_s10,phase2/results/predictions/full/independent_rms/tcn/seed_17/bandpass_n20001_cRA_LA_V1_V6_independent_rms_s10.npz,76451,c9717b68708854298748f939fe4535e5de3b336f7d2019af848d7195cb06185e
tcn,independent_rms,17,bandpass_n20001_cRA_LA_V1_V6_independent_rms_s5,phase2/results/predictions/full/independent_rms/tcn/seed_17/bandpass_n20001_cRA_LA_V1_V6_independent_rms_s5.npz,76333,4b4f567cdbdcc49a8f3df0e5683a989e38574f84db72ecea1040b5899a1a39b6
tcn,independent_rms,17,bandpass_n20001_cRA_LA_V1_V6_independent_rms_s0,phase2/results/predictions/full/independent_rms/tcn/seed_17/bandpass_n20001_cRA_LA_V1_V6_independent_rms_s0.npz,76020,c6822286b6956e536d4358842b70f7d8cbec5b5218f36ee25b969131f5c815c1
tcn,independent_rms,17,bandpass_n20001_cRA_LA_V1_V6_electrode_s20,phase2/results/predictions/full/independent_rms/tcn/seed_17/bandpass_n20001_cRA_LA_V1_V6_electrode_s20.npz,76481,39dcaa2e4904a966eb822de6ef6ca6021ccc7e159fc851ec1f8faceddac623c6
tcn,independent_rms,17,bandpass_n20001_cRA_LA_V1_V6_electrode_s15,phase2/results/predictions/full/independent_rms/tcn/seed_17/bandpass_n20001_cRA_LA_V1_V6_electrode_s15.npz,76495,c32454250f1a0ba61b6df9e2818d6d8779801456563fd2b2c8457c83f58b3e7c
tcn,independent_rms,17,bandpass_n20001_cRA_LA_V1_V6_electrode_s10,phase2/results/predictions/full/independent_rms/tcn/seed_17/bandpass_n20001_cRA_LA_V1_V6_electrode_s10.npz,76399,dd7dc7aaeb3a8463bed094dccc862319dbb3c11add5b236bbe3d8971611986c0
tcn,independent_rms,17,bandpass_n20001_cRA_LA_V1_V6_electrode_s5,phase2/results/predictions/full/independent_rms/tcn/seed_17/bandpass_n20001_cRA_LA_V1_V6_electrode_s5.npz,76225,48eef1f781ea6f7bb8185165ae765b23ec15134548cc7e871fa7d67dce8210c9
tcn,independent_rms,17,bandpass_n20001_cRA_LA_V1_V6_electrode_s0,phase2/results/predictions/full/independent_rms/tcn/seed_17/bandpass_n20001_cRA_LA_V1_V6_electrode_s0.npz,75758,6135bc84b29253dce942caa5aab70e42369ef3891a6609a855a41f52b2502720
tcn,independent_rms,17,bandpass_n20001_cRA_LA_V1_V6_covariance_s20,phase2/results/predictions/full/independent_rms/tcn/seed_17/bandpass_n20001_cRA_LA_V1_V6_covariance_s20.npz,76480,7e28d053bbcfd84e8a5099dbfd4ee327515c5332e14b85e6545c81aec910dff3
tcn,independent_rms,17,bandpass_n20001_cRA_LA_V1_V6_covariance_s15,phase2/results/predictions/full/independent_rms/tcn/seed_17/bandpass_n20001_cRA_LA_V1_V6_covariance_s15.npz,76493,05a25fc465e47716254e7bc6b73286c2dd4d690423784e631d58c93604f262f2
tcn,independent_rms,17,bandpass_n20001_cRA_LA_V1_V6_covariance_s10,phase2/results/predictions/full/independent_rms/tcn/seed_17/bandpass_n20001_cRA_LA_V1_V6_covariance_s10.npz,76431,b0638425d172dab8e24553e8a682eb82a56dfc45d045136eba857dfcab16397f
tcn,independent_rms,17,bandpass_n20001_cRA_LA_V1_V6_covariance_s5,phase2/results/predictions/full/independent_rms/tcn/seed_17/bandpass_n20001_cRA_LA_V1_V6_covariance_s5.npz,76205,34bfb5ff97adb44e279f6b7ff08cc2a9d31e0734d47cdefef1ba3f6fdbfae263
tcn,independent_rms,17,bandpass_n20001_cRA_LA_V1_V6_covariance_s0,phase2/results/predictions/full/independent_rms/tcn/seed_17/bandpass_n20001_cRA_LA_V1_V6_covariance_s0.npz,75734,3ce671677e144ac5bc2146833c45c16b697b48e08c910f5c6e845ab3090c2b25
tcn,independent_rms,17,bandpass_n20001_cRA_V2_V5_independent_rms_s20,phase2/results/predictions/full/independent_rms/tcn/seed_17/bandpass_n20001_cRA_V2_V5_independent_rms_s20.npz,76502,cf9dce37710ced6e5f66d413023f1a02b85e448924b2312ce8bbd3bbb6c92688
tcn,independent_rms,17,bandpass_n20001_cRA_V2_V5_independent_rms_s15,phase2/results/predictions/full/independent_rms/tcn/seed_17/bandpass_n20001_cRA_V2_V5_independent_rms_s15.npz,76490,17d6c58f3fcd6f110954a1b5d28463fc4d7a071dc3682945b1a7a07c8b716efd
tcn,independent_rms,17,bandpass_n20001_cRA_V2_V5_independent_rms_s10,phase2/results/predictions/full/independent_rms/tcn/seed_17/bandpass_n20001_cRA_V2_V5_independent_rms_s10.npz,76419,ca96708a1e10deaa4ec80993077dc3a8e50287c8af780de79d9ea63674685f78
tcn,independent_rms,17,bandpass_n20001_cRA_V2_V5_independent_rms_s5,phase2/results/predictions/full/independent_rms/tcn/seed_17/bandpass_n20001_cRA_V2_V5_independent_rms_s5.npz,76332,639eeaf99abc903735d8734b5839a0111b1870c29ac1b6223a8f5550526e96e1
tcn,independent_rms,17,bandpass_n20001_cRA_V2_V5_independent_rms_s0,phase2/results/predictions/full/independent_rms/tcn/seed_17/bandpass_n20001_cRA_V2_V5_independent_rms_s0.npz,76023,322d0ec16a8154613b554031f9aae137c62e2349d8e5253cbde573490f37f572
tcn,independent_rms,17,bandpass_n20001_cRA_V2_V5_electrode_s20,phase2/results/predictions/full/independent_rms/tcn/seed_17/bandpass_n20001_cRA_V2_V5_electrode_s20.npz,76469,cd2f4696d8c21230a4ec6b01bf737578e8d045bac69066633927b3d02061d4af
tcn,independent_rms,17,bandpass_n20001_cRA_V2_V5_electrode_s15,phase2/results/predictions/full/independent_rms/tcn/seed_17/bandpass_n20001_cRA_V2_V5_electrode_s15.npz,76451,f3288525b3296d8359fcc4df8d431ccc5a2a213577d67496521aa777f0799889
tcn,independent_rms,17,bandpass_n20001_cRA_V2_V5_electrode_s10,phase2/results/predictions/full/independent_rms/tcn/seed_17/bandpass_n20001_cRA_V2_V5_electrode_s10.npz,76405,ccd01028d90121cfae60d63d5e13dca3524098a543f451891e9a7305c8df9b18
tcn,independent_rms,17,bandpass_n20001_cRA_V2_V5_electrode_s5,phase2/results/predictions/full/independent_rms/tcn/seed_17/bandpass_n20001_cRA_V2_V5_electrode_s5.npz,76185,b6a9cfd4ef00db7dc2605604d139b436623a271268697453ffaa806563840376
tcn,independent_rms,17,bandpass_n20001_cRA_V2_V5_electrode_s0,phase2/results/predictions/full/independent_rms/tcn/seed_17/bandpass_n20001_cRA_V2_V5_electrode_s0.npz,75852,3069c57a20ad493d0bbd830c33353b7f07f7f406a187c55d9911a19ec322625e
tcn,independent_rms,17,bandpass_n20001_cRA_V2_V5_covariance_s20,phase2/results/predictions/full/independent_rms/tcn/seed_17/bandpass_n20001_cRA_V2_V5_covariance_s20.npz,76489,682f3a77d69759988f90b1dd8dbac7ea9054fbd6fe5299e93d1abaa969a91780
tcn,independent_rms,17,bandpass_n20001_cRA_V2_V5_covariance_s15,phase2/results/predictions/full/independent_rms/tcn/seed_17/bandpass_n20001_cRA_V2_V5_covariance_s15.npz,76446,05238b386cc204955b9bdafaec6a9f5c13e5909feb4bfc07e26a3e87f6bc56e9
tcn,independent_rms,17,bandpass_n20001_cRA_V2_V5_covariance_s10,phase2/results/predictions/full/independent_rms/tcn/seed_17/bandpass_n20001_cRA_V2_V5_covariance_s10.npz,76371,50c574b5713649224ac8854e40c894e7f5294660ed5caaa51af83e4d1052b678
tcn,independent_rms,17,bandpass_n20001_cRA_V2_V5_covariance_s5,phase2/results/predictions/full/independent_rms/tcn/seed_17/bandpass_n20001_cRA_V2_V5_covariance_s5.npz,76226,0238c09969397c6da277981a86f65845e84bc3668064ca5ead0371479835bede
tcn,independent_rms,17,bandpass_n20001_cRA_V2_V5_covariance_s0,phase2/results/predictions/full/independent_rms/tcn/seed_17/bandpass_n20001_cRA_V2_V5_covariance_s0.npz,75824,824832468debe65e4a47ee552007782fc9b85b3e53262fd992ca7cdcf6f5b107
tcn,independent_rms,17,bandpass_n20001_cLA_V3_V6_independent_rms_s20,phase2/results/predictions/full/independent_rms/tcn/seed_17/bandpass_n20001_cLA_V3_V6_independent_rms_s20.npz,76496,30c4b1304a8eff4b5fcdd30bfc1be63cfc784f499485081a6b758054c438409f
tcn,independent_rms,17,bandpass_n20001_cLA_V3_V6_independent_rms_s15,phase2/results/predictions/full/independent_rms/tcn/seed_17/bandpass_n20001_cLA_V3_V6_independent_rms_s15.npz,76504,17c9749e49422175a9ef01b68a2e0d9099b6e2328f57b80dc0ad4630037c5e3a
tcn,independent_rms,17,bandpass_n20001_cLA_V3_V6_independent_rms_s10,phase2/results/predictions/full/independent_rms/tcn/seed_17/bandpass_n20001_cLA_V3_V6_independent_rms_s10.npz,76467,c4b4808b2c7d5477d7eb16102a9c676e314344e4ffa0db41feffe38daaf62527
tcn,independent_rms,17,bandpass_n20001_cLA_V3_V6_independent_rms_s5,phase2/results/predictions/full/independent_rms/tcn/seed_17/bandpass_n20001_cLA_V3_V6_independent_rms_s5.npz,76359,d1588d9208d2a11238f3794a2d615448306f480d6ab58e6f1cc1bf02d2251662
tcn,independent_rms,17,bandpass_n20001_cLA_V3_V6_independent_rms_s0,phase2/results/predictions/full/independent_rms/tcn/seed_17/bandpass_n20001_cLA_V3_V6_independent_rms_s0.npz,76075,72348c08d1bd479423475df10ca9139f4deafe0be36e634debeb70a36eca8f1c
tcn,independent_rms,17,bandpass_n20001_cLA_V3_V6_electrode_s20,phase2/results/predictions/full/independent_rms/tcn/seed_17/bandpass_n20001_cLA_V3_V6_electrode_s20.npz,76474,eb410e1499ffb57d8e696627c1470c6e2ca84b69981c55554573210903c7895b
tcn,independent_rms,17,bandpass_n20001_cLA_V3_V6_electrode_s15,phase2/results/predictions/full/independent_rms/tcn/seed_17/bandpass_n20001_cLA_V3_V6_electrode_s15.npz,76474,85d02ce50aa7eb31cbca2e7d092c21ec83424f535ceee2b77f9e9b1549790751
tcn,independent_rms,17,bandpass_n20001_cLA_V3_V6_electrode_s10,phase2/results/predictions/full/independent_rms/tcn/seed_17/bandpass_n20001_cLA_V3_V6_electrode_s10.npz,76430,adff65ef08f59ae9f961c1ff29f2ef5f4ae1e22b91b0e299df6139bc814ee391
tcn,independent_rms,17,bandpass_n20001_cLA_V3_V6_electrode_s5,phase2/results/predictions/full/independent_rms/tcn/seed_17/bandpass_n20001_cLA_V3_V6_electrode_s5.npz,76244,96a5934277efca280bea373b9ac265ef1aad5d49e6408df1c7858a4c00e794aa
tcn,independent_rms,17,bandpass_n20001_cLA_V3_V6_electrode_s0,phase2/results/predictions/full/independent_rms/tcn/seed_17/bandpass_n20001_cLA_V3_V6_electrode_s0.npz,75908,be46961dc64449a8013a57f22637c251158fcff1142aac1e2a60095d0e299a12
tcn,independent_rms,17,bandpass_n20001_cLA_V3_V6_covariance_s20,phase2/results/predictions/full/independent_rms/tcn/seed_17/bandpass_n20001_cLA_V3_V6_covariance_s20.npz,76498,ef065318754c3861ae5e98ed52ea896f931c22a9d35571ae60e0a5df707d8b7e
tcn,independent_rms,17,bandpass_n20001_cLA_V3_V6_covariance_s15,phase2/results/predictions/full/independent_rms/tcn/seed_17/bandpass_n20001_cLA_V3_V6_covariance_s15.npz,76472,3f26b63d91b4810a2242ee4d2f9c65e5fbe820cae43aa84c4978357f0c25cf27
tcn,independent_rms,17,bandpass_n20001_cLA_V3_V6_covariance_s10,phase2/results/predictions/full/independent_rms/tcn/seed_17/bandpass_n20001_cLA_V3_V6_covariance_s10.npz,76430,e931c8b1f5c02f48ee262d35d9d1ecfae5664f2a81099f1afc883eca0961dcdb
tcn,independent_rms,17,bandpass_n20001_cLA_V3_V6_covariance_s5,phase2/results/predictions/full/independent_rms/tcn/seed_17/bandpass_n20001_cLA_V3_V6_covariance_s5.npz,76258,d8a86cc5e34453e7ccc02816bc98b0cd936b96259ce36ce7efacf42895900fae
tcn,independent_rms,17,bandpass_n20001_cLA_V3_V6_covariance_s0,phase2/results/predictions/full/independent_rms/tcn/seed_17/bandpass_n20001_cLA_V3_V6_covariance_s0.npz,75887,8d0ac180caa77637eede113c60724d4ed47c5fe4834120fbfb670c25e136aa43
tcn,independent_rms,17,bandpass_n20001_cLL_V1_V4_independent_rms_s20,phase2/results/predictions/full/independent_rms/tcn/seed_17/bandpass_n20001_cLL_V1_V4_independent_rms_s20.npz,76466,ba514c055e733859e9a3990f031693b4f2b5a40c71191d980e7788e9db25606d
tcn,independent_rms,17,bandpass_n20001_cLL_V1_V4_independent_rms_s15,phase2/results/predictions/full/independent_rms/tcn/seed_17/bandpass_n20001_cLL_V1_V4_independent_rms_s15.npz,76485,4deda3a580d95f9d6f2bab9a4336a6c1a6946656a51228c8be99c173729456c8
tcn,independent_rms,17,bandpass_n20001_cLL_V1_V4_independent_rms_s10,phase2/results/predictions/full/independent_rms/tcn/seed_17/bandpass_n20001_cLL_V1_V4_independent_rms_s10.npz,76428,85b17cbe17f18b861af7a42b7676d6828b3d3df26c2b0ff658ef9a9f45b8d993
tcn,independent_rms,17,bandpass_n20001_cLL_V1_V4_independent_rms_s5,phase2/results/predictions/full/independent_rms/tcn/seed_17/bandpass_n20001_cLL_V1_V4_independent_rms_s5.npz,76341,c8a0fdd5b5e8cba1e81dc785ec7eac1b5809a9305c7f8b36bf6e7ca17100006b
tcn,independent_rms,17,bandpass_n20001_cLL_V1_V4_independent_rms_s0,phase2/results/predictions/full/independent_rms/tcn/seed_17/bandpass_n20001_cLL_V1_V4_independent_rms_s0.npz,76007,0fb876bd52f79f3d8a68634fc6405dd8a0696032e99e8640d394af720c5b26ca
tcn,independent_rms,17,bandpass_n20001_cLL_V1_V4_electrode_s20,phase2/results/predictions/full/independent_rms/tcn/seed_17/bandpass_n20001_cLL_V1_V4_electrode_s20.npz,76481,131c2e0b9b0c0458c5d6f25b4c4fdd4b7dbb7f56078f1849c2bc72e370a2ea05
tcn,independent_rms,17,bandpass_n20001_cLL_V1_V4_electrode_s15,phase2/results/predictions/full/independent_rms/tcn/seed_17/bandpass_n20001_cLL_V1_V4_electrode_s15.npz,76435,ca441c00d6ab312a7154943adb9a7f9959f328963c529b940020d793f826598c
tcn,independent_rms,17,bandpass_n20001_cLL_V1_V4_electrode_s10,phase2/results/predictions/full/independent_rms/tcn/seed_17/bandpass_n20001_cLL_V1_V4_electrode_s10.npz,76426,9b9fc5164d526387dc4fdca2239d7b5b31152b86ce5b0b20bdd3e76af0815f69
tcn,independent_rms,17,bandpass_n20001_cLL_V1_V4_electrode_s5,phase2/results/predictions/full/independent_rms/tcn/seed_17/bandpass_n20001_cLL_V1_V4_electrode_s5.npz,76282,8598259177e73182e93dfd66263f95dcb65ccd8aee97eb5ca93895cb486e8473
tcn,independent_rms,17,bandpass_n20001_cLL_V1_V4_electrode_s0,phase2/results/predictions/full/independent_rms/tcn/seed_17/bandpass_n20001_cLL_V1_V4_electrode_s0.npz,75936,d4dfd0c2951d1fd36dfe98337f63149faccc3329edba484431108030a05feb73
tcn,independent_rms,17,bandpass_n20001_cLL_V1_V4_covariance_s20,phase2/results/predictions/full/independent_rms/tcn/seed_17/bandpass_n20001_cLL_V1_V4_covariance_s20.npz,76494,2f212cf1cce3606a71266e85091192e78cb007e27102b61a5a4a73a07dc28eef
tcn,independent_rms,17,bandpass_n20001_cLL_V1_V4_covariance_s15,phase2/results/predictions/full/independent_rms/tcn/seed_17/bandpass_n20001_cLL_V1_V4_covariance_s15.npz,76460,0691a7e283253bcc3d68a0f53ae01b41a6e3570717963079061969a9210aedcc
tcn,independent_rms,17,bandpass_n20001_cLL_V1_V4_covariance_s10,phase2/results/predictions/full/independent_rms/tcn/seed_17/bandpass_n20001_cLL_V1_V4_covariance_s10.npz,76420,cba07aef39bfb413ddae4a671297077f0b5db78347fd576b855a911c5f526718
tcn,independent_rms,17,bandpass_n20001_cLL_V1_V4_covariance_s5,phase2/results/predictions/full/independent_rms/tcn/seed_17/bandpass_n20001_cLL_V1_V4_covariance_s5.npz,76241,5d8c3cd6efce2debd855f93b914e4256ae93a3ec1bb01b7e50d0c8022f169db3
tcn,independent_rms,17,bandpass_n20001_cLL_V1_V4_covariance_s0,phase2/results/predictions/full/independent_rms/tcn/seed_17/bandpass_n20001_cLL_V1_V4_covariance_s0.npz,75956,128d0448946c9760ec562a0baa3a080b74f0fdb4098b031160a2f87594403b0e
tcn,independent_rms,17,bandpass_n20001_call_independent_rms_s20,phase2/results/predictions/full/independent_rms/tcn/seed_17/bandpass_n20001_call_independent_rms_s20.npz,76459,afd87568b5fe3c35a8ee9e9b08936914ae23543db0615eedce7200adeb9400d5
tcn,independent_rms,17,bandpass_n20001_call_independent_rms_s15,phase2/results/predictions/full/independent_rms/tcn/seed_17/bandpass_n20001_call_independent_rms_s15.npz,76458,a1818f677c417853811147c53ad8c5fa35017a82ac47c9007fa3c1060dddd19c
tcn,independent_rms,17,bandpass_n20001_call_independent_rms_s10,phase2/results/predictions/full/independent_rms/tcn/seed_17/bandpass_n20001_call_independent_rms_s10.npz,76415,41499e2efe1a4734e79be2ca0b4b297decaf47c75fada9f6439baddeff498717
tcn,independent_rms,17,bandpass_n20001_call_independent_rms_s5,phase2/results/predictions/full/independent_rms/tcn/seed_17/bandpass_n20001_call_independent_rms_s5.npz,76318,144d99fba5adc49cefb587c263a2c8761f51b3ab522822190d32d59fa49b227b
tcn,independent_rms,17,bandpass_n20001_call_independent_rms_s0,phase2/results/predictions/full/independent_rms/tcn/seed_17/bandpass_n20001_call_independent_rms_s0.npz,75980,9a8291dc6db03a9281642407245d54568228c2a91aa34560d72f733ec5332f18
tcn,independent_rms,17,bandpass_n20001_call_electrode_s20,phase2/results/predictions/full/independent_rms/tcn/seed_17/bandpass_n20001_call_electrode_s20.npz,76436,bcbcf3219849bd0dfdb39e6c7b527c3e0288e72dc68efd3a2bcfb4c59723f28c
tcn,independent_rms,17,bandpass_n20001_call_electrode_s15,phase2/results/predictions/full/independent_rms/tcn/seed_17/bandpass_n20001_call_electrode_s15.npz,76416,42c5108aabd9f90c0214aa9b9690ab39527fb3d3a6be580f05175c5123848af0
tcn,independent_rms,17,bandpass_n20001_call_electrode_s10,phase2/results/predictions/full/independent_rms/tcn/seed_17/bandpass_n20001_call_electrode_s10.npz,76372,a17816ff699a7a6340846ad028762bc973ebe1fecb62b43b5c131e563ea089b5
tcn,independent_rms,17,bandpass_n20001_call_electrode_s5,phase2/results/predictions/full/independent_rms/tcn/seed_17/bandpass_n20001_call_electrode_s5.npz,76223,8214b852c219220d71d6ff6a5f889cc05b3822fe5a6a583e482f4b7536f2390a
tcn,independent_rms,17,bandpass_n20001_call_electrode_s0,phase2/results/predictions/full/independent_rms/tcn/seed_17/bandpass_n20001_call_electrode_s0.npz,75786,80e02c363ff55d07eb0e7aa58508cf1c2bb6d4863f03ae7938c7c0137dd47700
tcn,independent_rms,17,bandpass_n20001_call_covariance_s20,phase2/results/predictions/full/independent_rms/tcn/seed_17/bandpass_n20001_call_covariance_s20.npz,76429,2e03629e2e720f445c241f1bccfe86a2c37cd055d24884bd5152956bd2fc54a3
tcn,independent_rms,17,bandpass_n20001_call_covariance_s15,phase2/results/predictions/full/independent_rms/tcn/seed_17/bandpass_n20001_call_covariance_s15.npz,76464,3c7a0651f7cb3fb818f23e2291e5a9ba2eb5839d8bebed9ba57e81f0013eb9a5
tcn,independent_rms,17,bandpass_n20001_call_covariance_s10,phase2/results/predictions/full/independent_rms/tcn/seed_17/bandpass_n20001_call_covariance_s10.npz,76386,c5ca94ced91f9f10777c08bc012c156f869b2d089beb20316929deccfe1e7919
tcn,independent_rms,17,bandpass_n20001_call_covariance_s5,phase2/results/predictions/full/independent_rms/tcn/seed_17/bandpass_n20001_call_covariance_s5.npz,76225,d6e3ef5a47620296ffc17a96bd23511cc408a9f4136a0d897b768f4b82411edd
tcn,independent_rms,17,bandpass_n20001_call_covariance_s0,phase2/results/predictions/full/independent_rms/tcn/seed_17/bandpass_n20001_call_covariance_s0.npz,75782,7d81977d983c2d0db6b6e046335ddbc4729e27df6a733c582492523ea8f3c86e
tcn,independent_rms,17,bandpass_n20002_cRA_LA_LL_independent_rms_s20,phase2/results/predictions/full/independent_rms/tcn/seed_17/bandpass_n20002_cRA_LA_LL_independent_rms_s20.npz,76487,f1419aff40460c9de37cd4fe97001da1d5b59dbbbc513c1f7ec796325e0c2c01
tcn,independent_rms,17,bandpass_n20002_cRA_LA_LL_independent_rms_s15,phase2/results/predictions/full/independent_rms/tcn/seed_17/bandpass_n20002_cRA_LA_LL_independent_rms_s15.npz,76507,cdf23c1553d6da7830e2172e14a4cef7b15a079d4ac4518f6642c6c604a09606
tcn,independent_rms,17,bandpass_n20002_cRA_LA_LL_independent_rms_s10,phase2/results/predictions/full/independent_rms/tcn/seed_17/bandpass_n20002_cRA_LA_LL_independent_rms_s10.npz,76456,1fc1b859c472400753ee84412aa95a31970dd436aafbe8c10e872ad66986a41b
tcn,independent_rms,17,bandpass_n20002_cRA_LA_LL_independent_rms_s5,phase2/results/predictions/full/independent_rms/tcn/seed_17/bandpass_n20002_cRA_LA_LL_independent_rms_s5.npz,76286,72fc1e65ab5da07ba5d016937b6a60b234c5dbec9ee32a45e5d145f5c79eec66
tcn,independent_rms,17,bandpass_n20002_cRA_LA_LL_independent_rms_s0,phase2/results/predictions/full/independent_rms/tcn/seed_17/bandpass_n20002_cRA_LA_LL_independent_rms_s0.npz,75956,c4abe287723aeb77c0590deab2dcc35cfda88abce1d838721bacb8523a770f03
tcn,independent_rms,17,bandpass_n20002_cRA_LA_LL_electrode_s20,phase2/results/predictions/full/independent_rms/tcn/seed_17/bandpass_n20002_cRA_LA_LL_electrode_s20.npz,76474,7eb2300098b44eaf6cb209b63c3bc6d89f1370d32a5af64e413c83ca1f78321d
tcn,independent_rms,17,bandpass_n20002_cRA_LA_LL_electrode_s15,phase2/results/predictions/full/independent_rms/tcn/seed_17/bandpass_n20002_cRA_LA_LL_electrode_s15.npz,76427,f0f6f8a8247bb1a51ff75b691cf899ac58f19736d74907a6b4126755afcba669
tcn,independent_rms,17,bandpass_n20002_cRA_LA_LL_electrode_s10,phase2/results/predictions/full/independent_rms/tcn/seed_17/bandpass_n20002_cRA_LA_LL_electrode_s10.npz,76372,d7a2734b42faa3735cce34fa7084b39b856cada15bea6b24ca6ca7a751cb2394
tcn,independent_rms,17,bandpass_n20002_cRA_LA_LL_electrode_s5,phase2/results/predictions/full/independent_rms/tcn/seed_17/bandpass_n20002_cRA_LA_LL_electrode_s5.npz,76152,765a33f0b73b14383b35c640124ec82d45528e8995f2e6eead8b179c9f2227b1
tcn,independent_rms,17,bandpass_n20002_cRA_LA_LL_electrode_s0,phase2/results/predictions/full/independent_rms/tcn/seed_17/bandpass_n20002_cRA_LA_LL_electrode_s0.npz,75690,a4b104fcc444bc2e12bac7c2cd902827240602d80d49e50c3f429c70177fba9a
tcn,independent_rms,17,bandpass_n20002_cRA_LA_LL_covariance_s20,phase2/results/predictions/full/independent_rms/tcn/seed_17/bandpass_n20002_cRA_LA_LL_covariance_s20.npz,76482,7de21c772c141405604b520f95b2c63531a8e21f909f93327af88fdc4e097cb1
tcn,independent_rms,17,bandpass_n20002_cRA_LA_LL_covariance_s15,phase2/results/predictions/full/independent_rms/tcn/seed_17/bandpass_n20002_cRA_LA_LL_covariance_s15.npz,76478,9048d4bbf04d3162680c870ec6447bc96ab5127d685a9635ecfd08d7762b6a52
tcn,independent_rms,17,bandpass_n20002_cRA_LA_LL_covariance_s10,phase2/results/predictions/full/independent_rms/tcn/seed_17/bandpass_n20002_cRA_LA_LL_covariance_s10.npz,76403,d7c5b42044c090671a99f8ebe32b84d8814ea96340a60f0d9bdcda88f9ed2dda
tcn,independent_rms,17,bandpass_n20002_cRA_LA_LL_covariance_s5,phase2/results/predictions/full/independent_rms/tcn/seed_17/bandpass_n20002_cRA_LA_LL_covariance_s5.npz,76161,0b0c693fb662efbf0f4e5ff227e7759080568b642d3e659e2e44e407ee44335d
tcn,independent_rms,17,bandpass_n20002_cRA_LA_LL_covariance_s0,phase2/results/predictions/full/independent_rms/tcn/seed_17/bandpass_n20002_cRA_LA_LL_covariance_s0.npz,75695,951bb1e6cbf111ca242f0b829f9a1a048abbd82c153fbb6a54dafbe880416fb7
tcn,independent_rms,17,bandpass_n20002_cV1_independent_rms_s20,phase2/results/predictions/full/independent_rms/tcn/seed_17/bandpass_n20002_cV1_independent_rms_s20.npz,76471,f648637d2c9d2fd17dd27bae48e6c6f54376a1856870f0ec622a1ea6f23b7129
tcn,independent_rms,17,bandpass_n20002_cV1_independent_rms_s15,phase2/results/predictions/full/independent_rms/tcn/seed_17/bandpass_n20002_cV1_independent_rms_s15.npz,76438,f45eef2a2f6ac9bf77168547a84ac49c1b5c12ecd30d8c17626d5cc7a4127e15
tcn,independent_rms,17,bandpass_n20002_cV1_independent_rms_s10,phase2/results/predictions/full/independent_rms/tcn/seed_17/bandpass_n20002_cV1_independent_rms_s10.npz,76428,349b1975f0e37fcb4ea789a54b1008d61013b1f2e618fe11bf79088df90e4276
tcn,independent_rms,17,bandpass_n20002_cV1_independent_rms_s5,phase2/results/predictions/full/independent_rms/tcn/seed_17/bandpass_n20002_cV1_independent_rms_s5.npz,76330,da95e6dac4fe4531ee9ee3ff5a737dd0f913d805beafa24878213d8b4bda41bb
tcn,independent_rms,17,bandpass_n20002_cV1_independent_rms_s0,phase2/results/predictions/full/independent_rms/tcn/seed_17/bandpass_n20002_cV1_independent_rms_s0.npz,76120,38dddc09a9c02c746f070bf5a228c6da2b16139a6984198548b93633274d2930
tcn,independent_rms,17,bandpass_n20002_cV1_electrode_s20,phase2/results/predictions/full/independent_rms/tcn/seed_17/bandpass_n20002_cV1_electrode_s20.npz,76454,ddf89a098dcd187ce503e55058db6bea37109e136549a99dae2b5eda65b59d7a
tcn,independent_rms,17,bandpass_n20002_cV1_electrode_s15,phase2/results/predictions/full/independent_rms/tcn/seed_17/bandpass_n20002_cV1_electrode_s15.npz,76449,bb7ff3dd5b81bc4cbaccab10ec152e6cf435215ebed1e813c8143f23dbe54609
tcn,independent_rms,17,bandpass_n20002_cV1_electrode_s10,phase2/results/predictions/full/independent_rms/tcn/seed_17/bandpass_n20002_cV1_electrode_s10.npz,76400,18d8781e9a583a4044c88a93ac3cdd5e1338c8ae0d54e275aa0dc1cb61132cb1
tcn,independent_rms,17,bandpass_n20002_cV1_electrode_s5,phase2/results/predictions/full/independent_rms/tcn/seed_17/bandpass_n20002_cV1_electrode_s5.npz,76310,2e3d9eb4945b8c43ebb1f01d4b03f7f2e9f0f26c17292f942233ca08c285fcc6
tcn,independent_rms,17,bandpass_n20002_cV1_electrode_s0,phase2/results/predictions/full/independent_rms/tcn/seed_17/bandpass_n20002_cV1_electrode_s0.npz,76142,e98e80ff26ffed9f9a5cab30e10a8944a2288f16b294eeea9bf9205bfddb3144
tcn,independent_rms,17,bandpass_n20002_cV1_covariance_s20,phase2/results/predictions/full/independent_rms/tcn/seed_17/bandpass_n20002_cV1_covariance_s20.npz,76476,a5d9ad109083fa00c0b33e931836978fb97dd937d5f94c719fe4cce63094c34b
tcn,independent_rms,17,bandpass_n20002_cV1_covariance_s15,phase2/results/predictions/full/independent_rms/tcn/seed_17/bandpass_n20002_cV1_covariance_s15.npz,76458,6273083fe8fab0955a1e1dbe2ff97740c864a79447c426b27d0bc47f85b0ef88
tcn,independent_rms,17,bandpass_n20002_cV1_covariance_s10,phase2/results/predictions/full/independent_rms/tcn/seed_17/bandpass_n20002_cV1_covariance_s10.npz,76417,6dc938b50828117d4e9a18976aa2dcd18ea96bb53c804f71c1443f46f58db554
tcn,independent_rms,17,bandpass_n20002_cV1_covariance_s5,phase2/results/predictions/full/independent_rms/tcn/seed_17/bandpass_n20002_cV1_covariance_s5.npz,76282,2052795c15f56ccfb70cf950f46a17fef26440fca8ba6b9ff49d4a13592bb155
tcn,independent_rms,17,bandpass_n20002_cV1_covariance_s0,phase2/results/predictions/full/independent_rms/tcn/seed_17/bandpass_n20002_cV1_covariance_s0.npz,76111,d411b0d59b2742e7c2d9b35218a162456c154ed50db422493ff11cd7e3a16a59
tcn,independent_rms,17,bandpass_n20002_cV2_independent_rms_s20,phase2/results/predictions/full/independent_rms/tcn/seed_17/bandpass_n20002_cV2_independent_rms_s20.npz,76490,25ebcb2d77f2877e86ff04c693c56d3e13bd151fac32274e2d79d20de10e8990
tcn,independent_rms,17,bandpass_n20002_cV2_independent_rms_s15,phase2/results/predictions/full/independent_rms/tcn/seed_17/bandpass_n20002_cV2_independent_rms_s15.npz,76486,9587d3a2fc3f26b46a5509788447226d6365cdede0af447814a325cd1f4bebb6
tcn,independent_rms,17,bandpass_n20002_cV2_independent_rms_s10,phase2/results/predictions/full/independent_rms/tcn/seed_17/bandpass_n20002_cV2_independent_rms_s10.npz,76441,e821de90586add28bd691e21047b4a24307293eea962e4568c007a395d82a77c
tcn,independent_rms,17,bandpass_n20002_cV2_independent_rms_s5,phase2/results/predictions/full/independent_rms/tcn/seed_17/bandpass_n20002_cV2_independent_rms_s5.npz,76334,3b88f90a9ef25c36f12668b6acd35d4107b694320b19550f6875903f50cf5f2d
tcn,independent_rms,17,bandpass_n20002_cV2_independent_rms_s0,phase2/results/predictions/full/independent_rms/tcn/seed_17/bandpass_n20002_cV2_independent_rms_s0.npz,76145,e3b2a76e2a89e89cda84148283a5d5206ce28f547e631268fd80624d878fd128
tcn,independent_rms,17,bandpass_n20002_cV2_electrode_s20,phase2/results/predictions/full/independent_rms/tcn/seed_17/bandpass_n20002_cV2_electrode_s20.npz,76473,464189b41201523da4c266d75c38c28468227f9caca31305078227bb3b395b8a
tcn,independent_rms,17,bandpass_n20002_cV2_electrode_s15,phase2/results/predictions/full/independent_rms/tcn/seed_17/bandpass_n20002_cV2_electrode_s15.npz,76461,f694b0e88532a370475c955388ca31068fa853f65cf667c1b19e08d60f63c676
tcn,independent_rms,17,bandpass_n20002_cV2_electrode_s10,phase2/results/predictions/full/independent_rms/tcn/seed_17/bandpass_n20002_cV2_electrode_s10.npz,76422,fa0968d6a36424d54308ad431a9c7e647d0f25ff9e83619437b73b20adc47ba8
tcn,independent_rms,17,bandpass_n20002_cV2_electrode_s5,phase2/results/predictions/full/independent_rms/tcn/seed_17/bandpass_n20002_cV2_electrode_s5.npz,76338,7f5f45f39c47203237f9e2793264f6f7e91a1aef57b89ccc7125ab8e619c74b9
tcn,independent_rms,17,bandpass_n20002_cV2_electrode_s0,phase2/results/predictions/full/independent_rms/tcn/seed_17/bandpass_n20002_cV2_electrode_s0.npz,76147,1f50d146ce5b5d0c49617b1d4a7b156f036715db9478c9111276036702808677
tcn,independent_rms,17,bandpass_n20002_cV2_covariance_s20,phase2/results/predictions/full/independent_rms/tcn/seed_17/bandpass_n20002_cV2_covariance_s20.npz,76463,57d409ecde6170d0a32f9e2e6222efeea74c3cd9ab7bb3525269ca6829ac0673
tcn,independent_rms,17,bandpass_n20002_cV2_covariance_s15,phase2/results/predictions/full/independent_rms/tcn/seed_17/bandpass_n20002_cV2_covariance_s15.npz,76456,dcfe918839e0d5c2e39886af4134ac84d0d657e2cdc3f5e2aa03f2ea17f7c952
tcn,independent_rms,17,bandpass_n20002_cV2_covariance_s10,phase2/results/predictions/full/independent_rms/tcn/seed_17/bandpass_n20002_cV2_covariance_s10.npz,76417,911ef6ed46cddb90568a0567f39bb395fdeb8d740747138e1e091ce2e414b9b6
tcn,independent_rms,17,bandpass_n20002_cV2_covariance_s5,phase2/results/predictions/full/independent_rms/tcn/seed_17/bandpass_n20002_cV2_covariance_s5.npz,76338,a28fa133f4b8305aeae1f0136090349823849ac6b13a8d082edfcef6bf973e14
tcn,independent_rms,17,bandpass_n20002_cV2_covariance_s0,phase2/results/predictions/full/independent_rms/tcn/seed_17/bandpass_n20002_cV2_covariance_s0.npz,76126,1fbb7d7573727aba3489296a582c5d87365a658a1577225899bf9417a22b038f
tcn,independent_rms,17,bandpass_n20002_cV3_independent_rms_s20,phase2/results/predictions/full/independent_rms/tcn/seed_17/bandpass_n20002_cV3_independent_rms_s20.npz,76478,8e7763b8b84bfaba5a2741f393db23ea57a7a249f09d0d2fa31f28941705a80f
tcn,independent_rms,17,bandpass_n20002_cV3_independent_rms_s15,phase2/results/predictions/full/independent_rms/tcn/seed_17/bandpass_n20002_cV3_independent_rms_s15.npz,76463,b733f050893511bb1eaaeb2a6b792a019506edf372b692a88d542d55aa2e64dd
tcn,independent_rms,17,bandpass_n20002_cV3_independent_rms_s10,phase2/results/predictions/full/independent_rms/tcn/seed_17/bandpass_n20002_cV3_independent_rms_s10.npz,76454,3a25eda6dad6e9b879cd160fcaf896d40015c829ada56980167f2337e7518f04
tcn,independent_rms,17,bandpass_n20002_cV3_independent_rms_s5,phase2/results/predictions/full/independent_rms/tcn/seed_17/bandpass_n20002_cV3_independent_rms_s5.npz,76320,20309065a6b2e1f5dd06eb0bbc9123115bf492976e4dedca1daea6ea76a3f4be
tcn,independent_rms,17,bandpass_n20002_cV3_independent_rms_s0,phase2/results/predictions/full/independent_rms/tcn/seed_17/bandpass_n20002_cV3_independent_rms_s0.npz,76080,8cbe1cd8b6dcce775c7ac19254dda5b897c7a4e14d510aa1d3addb59d3f9c207
tcn,independent_rms,17,bandpass_n20002_cV3_electrode_s20,phase2/results/predictions/full/independent_rms/tcn/seed_17/bandpass_n20002_cV3_electrode_s20.npz,76435,479439827a5008bc796a33f81cb29b565f67870472b588a2144ada91e081bcdc
tcn,independent_rms,17,bandpass_n20002_cV3_electrode_s15,phase2/results/predictions/full/independent_rms/tcn/seed_17/bandpass_n20002_cV3_electrode_s15.npz,76474,ba4fe991efe2ac6ba039e137639a6e119e4838053005b2dd41d6486f6e0b4f53
tcn,independent_rms,17,bandpass_n20002_cV3_electrode_s10,phase2/results/predictions/full/independent_rms/tcn/seed_17/bandpass_n20002_cV3_electrode_s10.npz,76444,c05100c9a8b4613c65469dd65ecd70114b80507caad582dffe55a05f1c8ba58c
tcn,independent_rms,17,bandpass_n20002_cV3_electrode_s5,phase2/results/predictions/full/independent_rms/tcn/seed_17/bandpass_n20002_cV3_electrode_s5.npz,76325,004160769cb71ece18454031a668de08ba13b34f970ac22f1382f8cce37c53d5
tcn,independent_rms,17,bandpass_n20002_cV3_electrode_s0,phase2/results/predictions/full/independent_rms/tcn/seed_17/bandpass_n20002_cV3_electrode_s0.npz,76027,fc32de08b44e166ae0f9ec2ea1f35332c2f86df8e7b96bf4dc2f2cb563fd0043
tcn,independent_rms,17,bandpass_n20002_cV3_covariance_s20,phase2/results/predictions/full/independent_rms/tcn/seed_17/bandpass_n20002_cV3_covariance_s20.npz,76477,a7a0c92a5a72ccf1861521d6242a6e51a9a50cd6e765c8864163e22039621897
tcn,independent_rms,17,bandpass_n20002_cV3_covariance_s15,phase2/results/predictions/full/independent_rms/tcn/seed_17/bandpass_n20002_cV3_covariance_s15.npz,76469,cc6eda929dec12936021c44d83f0750254ce098943cb73b9adf1b4b66da53fe4
tcn,independent_rms,17,bandpass_n20002_cV3_covariance_s10,phase2/results/predictions/full/independent_rms/tcn/seed_17/bandpass_n20002_cV3_covariance_s10.npz,76430,3b0eeabca8a59f3f54c551b60aacf4d537248b613b0cc03cdca280cbb135e42e
tcn,independent_rms,17,bandpass_n20002_cV3_covariance_s5,phase2/results/predictions/full/independent_rms/tcn/seed_17/bandpass_n20002_cV3_covariance_s5.npz,76333,b673254f5c0464c63dee08fd1bc3669345f342a7dab70f97c3f70e08196b42f0
tcn,independent_rms,17,bandpass_n20002_cV3_covariance_s0,phase2/results/predictions/full/independent_rms/tcn/seed_17/bandpass_n20002_cV3_covariance_s0.npz,76053,4ad30421965e9e920ca1649b0b874522a577cbc8e7734da3c739942be7e1982c
tcn,independent_rms,17,bandpass_n20002_cV4_independent_rms_s20,phase2/results/predictions/full/independent_rms/tcn/seed_17/bandpass_n20002_cV4_independent_rms_s20.npz,76486,844c814ec13233750466a1d05fb6e126020063249a12b1d422dff45d211e76ad
tcn,independent_rms,17,bandpass_n20002_cV4_independent_rms_s15,phase2/results/predictions/full/independent_rms/tcn/seed_17/bandpass_n20002_cV4_independent_rms_s15.npz,76473,723933679b30963334510963a46dd5ebba9adb05278b0e9635385db67a27ff6f
tcn,independent_rms,17,bandpass_n20002_cV4_independent_rms_s10,phase2/results/predictions/full/independent_rms/tcn/seed_17/bandpass_n20002_cV4_independent_rms_s10.npz,76471,78a93fc8a019ad464133dcb02434c6fa8cd7c00b0622870c5666f8f30b029ac0
tcn,independent_rms,17,bandpass_n20002_cV4_independent_rms_s5,phase2/results/predictions/full/independent_rms/tcn/seed_17/bandpass_n20002_cV4_independent_rms_s5.npz,76403,6d8a2e4a6d64652287c78daaccce8e015283b642d267f2fcc8a58021dc708428
tcn,independent_rms,17,bandpass_n20002_cV4_independent_rms_s0,phase2/results/predictions/full/independent_rms/tcn/seed_17/bandpass_n20002_cV4_independent_rms_s0.npz,76331,858aeec824cfe686b88f920a5bc55ac028ccfa1e4d5e56cf289fa2c1e7e438e5
tcn,independent_rms,17,bandpass_n20002_cV4_electrode_s20,phase2/results/predictions/full/independent_rms/tcn/seed_17/bandpass_n20002_cV4_electrode_s20.npz,76485,e338e743001cf04e80697fd43376f55fb853dd448919334c1774a9f8ef259cb8
tcn,independent_rms,17,bandpass_n20002_cV4_electrode_s15,phase2/results/predictions/full/independent_rms/tcn/seed_17/bandpass_n20002_cV4_electrode_s15.npz,76502,41f2cafdaad076727099e9bc81963f45682a10a9f55e6e0711520697348871a3
tcn,independent_rms,17,bandpass_n20002_cV4_electrode_s10,phase2/results/predictions/full/independent_rms/tcn/seed_17/bandpass_n20002_cV4_electrode_s10.npz,76473,e5411ac873f0f8b1fc8b3b925131ddf981acdcc731d13fedfba04d4aea5fa755
tcn,independent_rms,17,bandpass_n20002_cV4_electrode_s5,phase2/results/predictions/full/independent_rms/tcn/seed_17/bandpass_n20002_cV4_electrode_s5.npz,76409,6fb3cd0a604213e26bba8e08f46c09b884af0be2d00fe937445ac6f3351192e9
tcn,independent_rms,17,bandpass_n20002_cV4_electrode_s0,phase2/results/predictions/full/independent_rms/tcn/seed_17/bandpass_n20002_cV4_electrode_s0.npz,76293,4dd407793f77536192c7313574f2dbafa371cb7b0643da625fe3c673d4026432
tcn,independent_rms,17,bandpass_n20002_cV4_covariance_s20,phase2/results/predictions/full/independent_rms/tcn/seed_17/bandpass_n20002_cV4_covariance_s20.npz,76458,2755c9a9158934ec868885ceaa62646dfa32809eace4521c8c9c3c5aab5b60c1
tcn,independent_rms,17,bandpass_n20002_cV4_covariance_s15,phase2/results/predictions/full/independent_rms/tcn/seed_17/bandpass_n20002_cV4_covariance_s15.npz,76469,5df01f5a9f98cd4426dafd3622abeeb93447f11fcd7d503eeca051f79b74f845
tcn,independent_rms,17,bandpass_n20002_cV4_covariance_s10,phase2/results/predictions/full/independent_rms/tcn/seed_17/bandpass_n20002_cV4_covariance_s10.npz,76432,f50051f2dbefe82612936df0dbcf040ea1dc1a49a9424e937865e32174f2a90d
tcn,independent_rms,17,bandpass_n20002_cV4_covariance_s5,phase2/results/predictions/full/independent_rms/tcn/seed_17/bandpass_n20002_cV4_covariance_s5.npz,76406,c9f350ebc0d39d8f6d63dd743d70c68348d80f85583c4f318c735229ae755b9e
tcn,independent_rms,17,bandpass_n20002_cV4_covariance_s0,phase2/results/predictions/full/independent_rms/tcn/seed_17/bandpass_n20002_cV4_covariance_s0.npz,76301,f7152bd61a0625799ff5b9185c450cea885405e749f34cbe2eef98416f77d24f
tcn,independent_rms,17,bandpass_n20002_cV5_independent_rms_s20,phase2/results/predictions/full/independent_rms/tcn/seed_17/bandpass_n20002_cV5_independent_rms_s20.npz,76455,c885a3179b6388e78100588f6abc6c609536ecd4d7e37385bd48298b40503691
tcn,independent_rms,17,bandpass_n20002_cV5_independent_rms_s15,phase2/results/predictions/full/independent_rms/tcn/seed_17/bandpass_n20002_cV5_independent_rms_s15.npz,76466,ff48d09c96d2213dbcfdc744a68e7775b7624f3eb772faf87df86183eaf55415
tcn,independent_rms,17,bandpass_n20002_cV5_independent_rms_s10,phase2/results/predictions/full/independent_rms/tcn/seed_17/bandpass_n20002_cV5_independent_rms_s10.npz,76442,771a24cc5266a7b95946506b91e07764a37e4b064978b2537d31421d5315427d
tcn,independent_rms,17,bandpass_n20002_cV5_independent_rms_s5,phase2/results/predictions/full/independent_rms/tcn/seed_17/bandpass_n20002_cV5_independent_rms_s5.npz,76318,1b03a9e28a785644ff42f461a3f23976b1a9ff8baf83cd3efac8a7ac30db91b7
tcn,independent_rms,17,bandpass_n20002_cV5_independent_rms_s0,phase2/results/predictions/full/independent_rms/tcn/seed_17/bandpass_n20002_cV5_independent_rms_s0.npz,76148,92fb3eafd91a328d428a141714ddb65a18e00ce1e9eadddb2dc8e82afbe3cdd6
tcn,independent_rms,17,bandpass_n20002_cV5_electrode_s20,phase2/results/predictions/full/independent_rms/tcn/seed_17/bandpass_n20002_cV5_electrode_s20.npz,76427,4dace16f5b834bef7283067bcb5e79676f5e25134b13435655d15103db79ce14
tcn,independent_rms,17,bandpass_n20002_cV5_electrode_s15,phase2/results/predictions/full/independent_rms/tcn/seed_17/bandpass_n20002_cV5_electrode_s15.npz,76456,92ba5da6e49905224e0831c2a329321776f985d2f1c22477a545fbc680824dfe
tcn,independent_rms,17,bandpass_n20002_cV5_electrode_s10,phase2/results/predictions/full/independent_rms/tcn/seed_17/bandpass_n20002_cV5_electrode_s10.npz,76428,4be3d42d4133ed9db7f89bfca8ac5d92e4c6ad34c299804952f6b6dc78928257
tcn,independent_rms,17,bandpass_n20002_cV5_electrode_s5,phase2/results/predictions/full/independent_rms/tcn/seed_17/bandpass_n20002_cV5_electrode_s5.npz,76335,56f662d564c971531c24bea1e63dc5e5c87f11fd99a6a6e9b2a8c0622f348f9d
tcn,independent_rms,17,bandpass_n20002_cV5_electrode_s0,phase2/results/predictions/full/independent_rms/tcn/seed_17/bandpass_n20002_cV5_electrode_s0.npz,76137,400709833c8e3f0a0ea96f8c091ff0729bcdaf9e8eda691f3c7e78f3e8e71b51
tcn,independent_rms,17,bandpass_n20002_cV5_covariance_s20,phase2/results/predictions/full/independent_rms/tcn/seed_17/bandpass_n20002_cV5_covariance_s20.npz,76456,fc44c199514f1d7f04c15a0bb410bb78e15533c4853bc8341e88ab1e1a340ac0
tcn,independent_rms,17,bandpass_n20002_cV5_covariance_s15,phase2/results/predictions/full/independent_rms/tcn/seed_17/bandpass_n20002_cV5_covariance_s15.npz,76435,19276f0fbc263de20b74fa7ccd6e628c7487aaa6b883f6f10d1f3227b4d2cbef
tcn,independent_rms,17,bandpass_n20002_cV5_covariance_s10,phase2/results/predictions/full/independent_rms/tcn/seed_17/bandpass_n20002_cV5_covariance_s10.npz,76429,9cc368c8cd59d53b437d58b5be6249ce3917dfa2b45759806572a543b0fca824
tcn,independent_rms,17,bandpass_n20002_cV5_covariance_s5,phase2/results/predictions/full/independent_rms/tcn/seed_17/bandpass_n20002_cV5_covariance_s5.npz,76365,36ac9ba6b42845931e11239af5130ff9cffc4a49610c916c3774487106621af8
tcn,independent_rms,17,bandpass_n20002_cV5_covariance_s0,phase2/results/predictions/full/independent_rms/tcn/seed_17/bandpass_n20002_cV5_covariance_s0.npz,76111,5f31a3e85078d05724f95411b53021f7b62cc443e1a703185b8ca944cd51cb0e
tcn,independent_rms,17,bandpass_n20002_cV6_independent_rms_s20,phase2/results/predictions/full/independent_rms/tcn/seed_17/bandpass_n20002_cV6_independent_rms_s20.npz,76474,1c6efb708a1dc3ed42e9c11fa342caff368ae9f2c987d1bb2293ddb426dc5e1f
tcn,independent_rms,17,bandpass_n20002_cV6_independent_rms_s15,phase2/results/predictions/full/independent_rms/tcn/seed_17/bandpass_n20002_cV6_independent_rms_s15.npz,76474,71066381282573cc4b7db8ff0a9fd6ae4b418d8d8ab3f6a8f1b2710aec9472be
tcn,independent_rms,17,bandpass_n20002_cV6_independent_rms_s10,phase2/results/predictions/full/independent_rms/tcn/seed_17/bandpass_n20002_cV6_independent_rms_s10.npz,76439,521f0e367643e84f047043ad429cfcd909da411d114772830c215ddc7dc7ca97
tcn,independent_rms,17,bandpass_n20002_cV6_independent_rms_s5,phase2/results/predictions/full/independent_rms/tcn/seed_17/bandpass_n20002_cV6_independent_rms_s5.npz,76355,6be87cc246acada8fe13e8f8377624cb77abc94165ddba48583488a25ef67046
tcn,independent_rms,17,bandpass_n20002_cV6_independent_rms_s0,phase2/results/predictions/full/independent_rms/tcn/seed_17/bandpass_n20002_cV6_independent_rms_s0.npz,76067,cffdef11ca79c16537139bf7f950247d296189b0f944c07191b5d0d0019d6ded
tcn,independent_rms,17,bandpass_n20002_cV6_electrode_s20,phase2/results/predictions/full/independent_rms/tcn/seed_17/bandpass_n20002_cV6_electrode_s20.npz,76448,2fea489cb5cdbfa57de0655b15af6b24043ea68fea35dd1bac894e17b43e89d3
tcn,independent_rms,17,bandpass_n20002_cV6_electrode_s15,phase2/results/predictions/full/independent_rms/tcn/seed_17/bandpass_n20002_cV6_electrode_s15.npz,76452,41485b3b02d32025e189ac434c72c4ccad7eb056a2f98f97d36e45e432ae2608
tcn,independent_rms,17,bandpass_n20002_cV6_electrode_s10,phase2/results/predictions/full/independent_rms/tcn/seed_17/bandpass_n20002_cV6_electrode_s10.npz,76447,6840e6a46d36f7a6ec61714f8cf3a91d517597c5914ab53faddd5ca8ac93e518
tcn,independent_rms,17,bandpass_n20002_cV6_electrode_s5,phase2/results/predictions/full/independent_rms/tcn/seed_17/bandpass_n20002_cV6_electrode_s5.npz,76320,6b37cdb7988b6374e9923b2390541aaebe2a70490555faa0650bc57327302398
tcn,independent_rms,17,bandpass_n20002_cV6_electrode_s0,phase2/results/predictions/full/independent_rms/tcn/seed_17/bandpass_n20002_cV6_electrode_s0.npz,76044,81c83998f1ceaa2a47e52c22306769b3e6f5708b168ed61b6bd65b25ca7674b1
tcn,independent_rms,17,bandpass_n20002_cV6_covariance_s20,phase2/results/predictions/full/independent_rms/tcn/seed_17/bandpass_n20002_cV6_covariance_s20.npz,76448,55abd23c677519610855a699f42c9ca49b40dde92269a4418aba44775f008446
tcn,independent_rms,17,bandpass_n20002_cV6_covariance_s15,phase2/results/predictions/full/independent_rms/tcn/seed_17/bandpass_n20002_cV6_covariance_s15.npz,76452,6de453241b2b0b6951d4b717cc9e46e37328ecd806a51d378d3a0a02f4513d33
tcn,independent_rms,17,bandpass_n20002_cV6_covariance_s10,phase2/results/predictions/full/independent_rms/tcn/seed_17/bandpass_n20002_cV6_covariance_s10.npz,76419,8836bb4aff3be4d327f7a4b79cc7ceddeaba3f4e440a4ff59a526d7dcd23a7ab
tcn,independent_rms,17,bandpass_n20002_cV6_covariance_s5,phase2/results/predictions/full/independent_rms/tcn/seed_17/bandpass_n20002_cV6_covariance_s5.npz,76358,55a2835b9c9febfd8364590303798a0ec8d23bfb93858371921296faf5bccfcc
tcn,independent_rms,17,bandpass_n20002_cV6_covariance_s0,phase2/results/predictions/full/independent_rms/tcn/seed_17/bandpass_n20002_cV6_covariance_s0.npz,76000,2edfd19cf7abcb61d84f6f44beaa8d3f9caada8a51fa9ce61bedf156c13339c4
tcn,independent_rms,17,bandpass_n20002_cRA_LA_independent_rms_s20,phase2/results/predictions/full/independent_rms/tcn/seed_17/bandpass_n20002_cRA_LA_independent_rms_s20.npz,76482,d2529b9b93f1764fe03540e2ebefac8abc7a4255835ae5132475c0b4da69e693
tcn,independent_rms,17,bandpass_n20002_cRA_LA_independent_rms_s15,phase2/results/predictions/full/independent_rms/tcn/seed_17/bandpass_n20002_cRA_LA_independent_rms_s15.npz,76458,c351710ae78d8466ee400d421b914d8d1c81e5c6adc6ada33b28c9b326ca1fcf
tcn,independent_rms,17,bandpass_n20002_cRA_LA_independent_rms_s10,phase2/results/predictions/full/independent_rms/tcn/seed_17/bandpass_n20002_cRA_LA_independent_rms_s10.npz,76454,ab9bd00333233203c9d92a642f90b8136e95dcb37e7701119482c544f21f80f5
tcn,independent_rms,17,bandpass_n20002_cRA_LA_independent_rms_s5,phase2/results/predictions/full/independent_rms/tcn/seed_17/bandpass_n20002_cRA_LA_independent_rms_s5.npz,76297,fb74054e6faed3d4ae47640adae3b110d65826ca14bb56d748e700a4a907126e
tcn,independent_rms,17,bandpass_n20002_cRA_LA_independent_rms_s0,phase2/results/predictions/full/independent_rms/tcn/seed_17/bandpass_n20002_cRA_LA_independent_rms_s0.npz,76002,24111c6b71f39c965d969fec0f03a4c86dab8d9a8f81275a327f471357bedacb
tcn,independent_rms,17,bandpass_n20002_cRA_LA_electrode_s20,phase2/results/predictions/full/independent_rms/tcn/seed_17/bandpass_n20002_cRA_LA_electrode_s20.npz,76469,9ec4e98b6c517a118998b5826293377c777c47ddae6500b5e3c542bfc0995fd1
tcn,independent_rms,17,bandpass_n20002_cRA_LA_electrode_s15,phase2/results/predictions/full/independent_rms/tcn/seed_17/bandpass_n20002_cRA_LA_electrode_s15.npz,76413,d21e35a192307a5f1c5023693749657d0112015a590b8e4603b8309bb5a9dcda
tcn,independent_rms,17,bandpass_n20002_cRA_LA_electrode_s10,phase2/results/predictions/full/independent_rms/tcn/seed_17/bandpass_n20002_cRA_LA_electrode_s10.npz,76348,40553b660ffa8e70b8739bd6838946cc26cba6085396327efea9a030bb15c677
tcn,independent_rms,17,bandpass_n20002_cRA_LA_electrode_s5,phase2/results/predictions/full/independent_rms/tcn/seed_17/bandpass_n20002_cRA_LA_electrode_s5.npz,76157,a8aa85f1d07484c5f4dab8a972000634bd74341887d9954140338982413c58d1
tcn,independent_rms,17,bandpass_n20002_cRA_LA_electrode_s0,phase2/results/predictions/full/independent_rms/tcn/seed_17/bandpass_n20002_cRA_LA_electrode_s0.npz,75684,5a76b8a6295776bacc511631f425a574068f2073669b5edf3184e66bdfa21701
tcn,independent_rms,17,bandpass_n20002_cRA_LA_covariance_s20,phase2/results/predictions/full/independent_rms/tcn/seed_17/bandpass_n20002_cRA_LA_covariance_s20.npz,76447,dd129ad30efa5192d5edce2015fed0a260d8d03e90dad2f9ac3c207a0a42c7a9
tcn,independent_rms,17,bandpass_n20002_cRA_LA_covariance_s15,phase2/results/predictions/full/independent_rms/tcn/seed_17/bandpass_n20002_cRA_LA_covariance_s15.npz,76429,ee4cdf71a12c93f65adceda3af6e2bae3bb99838e812acedbd90c1b202f048f5
tcn,independent_rms,17,bandpass_n20002_cRA_LA_covariance_s10,phase2/results/predictions/full/independent_rms/tcn/seed_17/bandpass_n20002_cRA_LA_covariance_s10.npz,76346,b4f083d4106cc6b19fe85a05b49c24d419a9f88affb9dfbf892f395d5d3440b5
tcn,independent_rms,17,bandpass_n20002_cRA_LA_covariance_s5,phase2/results/predictions/full/independent_rms/tcn/seed_17/bandpass_n20002_cRA_LA_covariance_s5.npz,76139,13b76ea2627a938f1758ee6039dc5bc7c6539f1580af8e6ee7e267453c098d9e
tcn,independent_rms,17,bandpass_n20002_cRA_LA_covariance_s0,phase2/results/predictions/full/independent_rms/tcn/seed_17/bandpass_n20002_cRA_LA_covariance_s0.npz,75656,56bf1f007b0ae106d7b8ab706e927ca4f0eb4c3cb9733bb4bf9f36252739be39
tcn,independent_rms,17,bandpass_n20002_cLA_LL_independent_rms_s20,phase2/results/predictions/full/independent_rms/tcn/seed_17/bandpass_n20002_cLA_LL_independent_rms_s20.npz,76460,a834ddfc52583529d165422c49ea38b06affd13f86daa7863e149169171bdab9
tcn,independent_rms,17,bandpass_n20002_cLA_LL_independent_rms_s15,phase2/results/predictions/full/independent_rms/tcn/seed_17/bandpass_n20002_cLA_LL_independent_rms_s15.npz,76498,5d5197e0da5330d82f7bdf75d6f4dab41c6e5d51496d28a21dee927674ef0cd1
tcn,independent_rms,17,bandpass_n20002_cLA_LL_independent_rms_s10,phase2/results/predictions/full/independent_rms/tcn/seed_17/bandpass_n20002_cLA_LL_independent_rms_s10.npz,76420,54e0fad19f364368d075d87b67c05eafe38bd339dabd0fe4cf6ecca875a191ba
tcn,independent_rms,17,bandpass_n20002_cLA_LL_independent_rms_s5,phase2/results/predictions/full/independent_rms/tcn/seed_17/bandpass_n20002_cLA_LL_independent_rms_s5.npz,76282,ff3c84a6abc48a77cfba159b343ff4fb6921cf770a0e7d1dbb3f31a0d1c2cc15
tcn,independent_rms,17,bandpass_n20002_cLA_LL_independent_rms_s0,phase2/results/predictions/full/independent_rms/tcn/seed_17/bandpass_n20002_cLA_LL_independent_rms_s0.npz,75968,ec8e5e390ca22a88e0f46bbf9da5cfbe6da5e75bc24eda16c648f4fc673932de
tcn,independent_rms,17,bandpass_n20002_cLA_LL_electrode_s20,phase2/results/predictions/full/independent_rms/tcn/seed_17/bandpass_n20002_cLA_LL_electrode_s20.npz,76460,430bfd0514505e7ef865c707fc0e040003b1ebc44e63801d79df93c8a0788ee6
tcn,independent_rms,17,bandpass_n20002_cLA_LL_electrode_s15,phase2/results/predictions/full/independent_rms/tcn/seed_17/bandpass_n20002_cLA_LL_electrode_s15.npz,76458,24b282e328e7414e2517d5369de3c099c364dd2cbd4b38b4b853e05d6d8ac822
tcn,independent_rms,17,bandpass_n20002_cLA_LL_electrode_s10,phase2/results/predictions/full/independent_rms/tcn/seed_17/bandpass_n20002_cLA_LL_electrode_s10.npz,76402,c575a5f3b89e1581597686afeaebb543b813cca093ae9f584a42ea0dfdf855f6
tcn,independent_rms,17,bandpass_n20002_cLA_LL_electrode_s5,phase2/results/predictions/full/independent_rms/tcn/seed_17/bandpass_n20002_cLA_LL_electrode_s5.npz,76203,0f35cc70a0b92df4926af292033af332734d64b2bb8af06fc5a84961a3b5a8fe
tcn,independent_rms,17,bandpass_n20002_cLA_LL_electrode_s0,phase2/results/predictions/full/independent_rms/tcn/seed_17/bandpass_n20002_cLA_LL_electrode_s0.npz,75766,1026598f72dba159b3b6af05fb23684accce7db695a4e526953043a289a7c6fc
tcn,independent_rms,17,bandpass_n20002_cLA_LL_covariance_s20,phase2/results/predictions/full/independent_rms/tcn/seed_17/bandpass_n20002_cLA_LL_covariance_s20.npz,76437,45ae0765957752480cb19556459334fc35ecb89ac2837e6232b7afdc293b208a
tcn,independent_rms,17,bandpass_n20002_cLA_LL_covariance_s15,phase2/results/predictions/full/independent_rms/tcn/seed_17/bandpass_n20002_cLA_LL_covariance_s15.npz,76475,d39a28a2007ddbd54b05fbed0e03c0aa5ca7d183c9dc2a69b767ccc1b7f4d81a
tcn,independent_rms,17,bandpass_n20002_cLA_LL_covariance_s10,phase2/results/predictions/full/independent_rms/tcn/seed_17/bandpass_n20002_cLA_LL_covariance_s10.npz,76370,00d123088c2673e67e8ff6ff252fe1b0a0db7b1cedcd2ca2648c850469c6809e
tcn,independent_rms,17,bandpass_n20002_cLA_LL_covariance_s5,phase2/results/predictions/full/independent_rms/tcn/seed_17/bandpass_n20002_cLA_LL_covariance_s5.npz,76195,9df0091dd85504df108337b98be25c9b20093328426862212904e4f45afd3bd6
tcn,independent_rms,17,bandpass_n20002_cLA_LL_covariance_s0,phase2/results/predictions/full/independent_rms/tcn/seed_17/bandpass_n20002_cLA_LL_covariance_s0.npz,75774,068285fc914e885555e4c1be588490b63f6db918c7f731a8bc5fc6412c8594da
tcn,independent_rms,17,bandpass_n20002_cRA_LL_independent_rms_s20,phase2/results/predictions/full/independent_rms/tcn/seed_17/bandpass_n20002_cRA_LL_independent_rms_s20.npz,76473,fe45ae73f9fbf46d95810c490f937e4aa5facab9870fe975a90f033c476a1405
tcn,independent_rms,17,bandpass_n20002_cRA_LL_independent_rms_s15,phase2/results/predictions/full/independent_rms/tcn/seed_17/bandpass_n20002_cRA_LL_independent_rms_s15.npz,76505,3ea1b00ea5ac95e2c4ccc21f869769e85bc0afe15a23dffa4a541b58a7956961
tcn,independent_rms,17,bandpass_n20002_cRA_LL_independent_rms_s10,phase2/results/predictions/full/independent_rms/tcn/seed_17/bandpass_n20002_cRA_LL_independent_rms_s10.npz,76406,25b84ff6ac53e422967d7f2c1e01b2f5d6154a964dae372593456867ca6d924d
tcn,independent_rms,17,bandpass_n20002_cRA_LL_independent_rms_s5,phase2/results/predictions/full/independent_rms/tcn/seed_17/bandpass_n20002_cRA_LL_independent_rms_s5.npz,76240,fd778af2b033b4a1387bf80f534298a42c0350f80817a2489890ee0611ed617a
tcn,independent_rms,17,bandpass_n20002_cRA_LL_independent_rms_s0,phase2/results/predictions/full/independent_rms/tcn/seed_17/bandpass_n20002_cRA_LL_independent_rms_s0.npz,75876,124a80e797eb3a110be25606e262df99438ac22461d4c75414cf879aa26a0d5f
tcn,independent_rms,17,bandpass_n20002_cRA_LL_electrode_s20,phase2/results/predictions/full/independent_rms/tcn/seed_17/bandpass_n20002_cRA_LL_electrode_s20.npz,76453,ef25db8abfae5bf6b5cb97cc2897d8645bd9437f6dcc08af99c147e34e5b7ee1
tcn,independent_rms,17,bandpass_n20002_cRA_LL_electrode_s15,phase2/results/predictions/full/independent_rms/tcn/seed_17/bandpass_n20002_cRA_LL_electrode_s15.npz,76434,21fd9aed3a32e0f80d7bd8295d4e83b81f2269a108f4f4719af125a20dbded5a
tcn,independent_rms,17,bandpass_n20002_cRA_LL_electrode_s10,phase2/results/predictions/full/independent_rms/tcn/seed_17/bandpass_n20002_cRA_LL_electrode_s10.npz,76344,8f16ceb8f3bbf91739c9f32e4a6ee3566a7845ec6323cb18c5d837fe4e3bbc1d
tcn,independent_rms,17,bandpass_n20002_cRA_LL_electrode_s5,phase2/results/predictions/full/independent_rms/tcn/seed_17/bandpass_n20002_cRA_LL_electrode_s5.npz,76159,b3117912e1a25de278b84dc0fe834be7f2e05bde15b113eb8d25d296dd00589c
tcn,independent_rms,17,bandpass_n20002_cRA_LL_electrode_s0,phase2/results/predictions/full/independent_rms/tcn/seed_17/bandpass_n20002_cRA_LL_electrode_s0.npz,75667,6c4ccb55d2cbb2b5a7fcfd5e1b08aa243cd0db682bdf8bc376b469020d3c8248
tcn,independent_rms,17,bandpass_n20002_cRA_LL_covariance_s20,phase2/results/predictions/full/independent_rms/tcn/seed_17/bandpass_n20002_cRA_LL_covariance_s20.npz,76428,855b1ba190d6870924c7dc1d75f3add178a440552eb17b0a3a2d3137805deac2
tcn,independent_rms,17,bandpass_n20002_cRA_LL_covariance_s15,phase2/results/predictions/full/independent_rms/tcn/seed_17/bandpass_n20002_cRA_LL_covariance_s15.npz,76475,2763404dd9ea5d4d791e4f4eef018c467fe9714185952ed8d4901f2c86ccbaa5
tcn,independent_rms,17,bandpass_n20002_cRA_LL_covariance_s10,phase2/results/predictions/full/independent_rms/tcn/seed_17/bandpass_n20002_cRA_LL_covariance_s10.npz,76355,76fce87940c82b6b5ef17beb4a03e8c5f286e9114568c4683be6275271e4fd5b
tcn,independent_rms,17,bandpass_n20002_cRA_LL_covariance_s5,phase2/results/predictions/full/independent_rms/tcn/seed_17/bandpass_n20002_cRA_LL_covariance_s5.npz,76162,dd2b16f7cb0606a8bc0ec51555d3fdac5ad37f963e1413bf2730ddc2d218fa09
tcn,independent_rms,17,bandpass_n20002_cRA_LL_covariance_s0,phase2/results/predictions/full/independent_rms/tcn/seed_17/bandpass_n20002_cRA_LL_covariance_s0.npz,75667,eabf2ad1f1d6017c27c4a6b660c492526de9308f0e94bfcc56bfe4914bdd609b
tcn,independent_rms,17,bandpass_n20002_cRA_independent_rms_s20,phase2/results/predictions/full/independent_rms/tcn/seed_17/bandpass_n20002_cRA_independent_rms_s20.npz,76508,cc01449345bc02437a58217c50459916c485b2f4337fce182007418cfd5249ce
tcn,independent_rms,17,bandpass_n20002_cRA_independent_rms_s15,phase2/results/predictions/full/independent_rms/tcn/seed_17/bandpass_n20002_cRA_independent_rms_s15.npz,76455,6d1efbb88f48814114f6abb7a336b4088f62b0846d6dacd0dc0de1fb49267610
tcn,independent_rms,17,bandpass_n20002_cRA_independent_rms_s10,phase2/results/predictions/full/independent_rms/tcn/seed_17/bandpass_n20002_cRA_independent_rms_s10.npz,76387,87d0715e13d6ec5d101207f8e0753d2fcd3edc80c61be1d6c436bed3efe32460
tcn,independent_rms,17,bandpass_n20002_cRA_independent_rms_s5,phase2/results/predictions/full/independent_rms/tcn/seed_17/bandpass_n20002_cRA_independent_rms_s5.npz,76245,4848b21f139047ba7b5c45db6ea0f12cb508bdf19fdf3e02ff08bf97e03e75fd
tcn,independent_rms,17,bandpass_n20002_cRA_independent_rms_s0,phase2/results/predictions/full/independent_rms/tcn/seed_17/bandpass_n20002_cRA_independent_rms_s0.npz,75904,f7816e0475575e38ec869c46c88e0f5d0416a6f351b156ac1459ac6f11494459
tcn,independent_rms,17,bandpass_n20002_cRA_electrode_s20,phase2/results/predictions/full/independent_rms/tcn/seed_17/bandpass_n20002_cRA_electrode_s20.npz,76467,fa5f8138bd9fad4ef93feb4583776925e7a3d0292c46b46bd553c0ee476554f2
tcn,independent_rms,17,bandpass_n20002_cRA_electrode_s15,phase2/results/predictions/full/independent_rms/tcn/seed_17/bandpass_n20002_cRA_electrode_s15.npz,76424,02aa5fe5b9e0a8ff5e0ce791f7972a660b3838237a98cdfd798838d27a781571
tcn,independent_rms,17,bandpass_n20002_cRA_electrode_s10,phase2/results/predictions/full/independent_rms/tcn/seed_17/bandpass_n20002_cRA_electrode_s10.npz,76321,0fc42386cc19fc791f42c24d3a7dd23c16a050e404ae29d7e1b3e498e660c647
tcn,independent_rms,17,bandpass_n20002_cRA_electrode_s5,phase2/results/predictions/full/independent_rms/tcn/seed_17/bandpass_n20002_cRA_electrode_s5.npz,76152,cc9c7202fae1b22808c9827ac72224a9b0d77c1c4356526fc1bff0c02d7ba720
tcn,independent_rms,17,bandpass_n20002_cRA_electrode_s0,phase2/results/predictions/full/independent_rms/tcn/seed_17/bandpass_n20002_cRA_electrode_s0.npz,75716,17a29cf2cea90b747e30a0d3b7cfd469b28a4cca97fb24e3256d685493699a2c
tcn,independent_rms,17,bandpass_n20002_cRA_covariance_s20,phase2/results/predictions/full/independent_rms/tcn/seed_17/bandpass_n20002_cRA_covariance_s20.npz,76481,bbec7415ba49025cd27bf7bd8679af6ea3b07dc45095ec71aee09c0bfe19b92b
tcn,independent_rms,17,bandpass_n20002_cRA_covariance_s15,phase2/results/predictions/full/independent_rms/tcn/seed_17/bandpass_n20002_cRA_covariance_s15.npz,76432,80e94225d643eb019e576a29899180df287453b14269835af4c285faa129a3ce
tcn,independent_rms,17,bandpass_n20002_cRA_covariance_s10,phase2/results/predictions/full/independent_rms/tcn/seed_17/bandpass_n20002_cRA_covariance_s10.npz,76344,5ecec4989dc766a0d50bc6edcd474e65e7bdd4d5999039e67d5c5b29ab0b83eb
tcn,independent_rms,17,bandpass_n20002_cRA_covariance_s5,phase2/results/predictions/full/independent_rms/tcn/seed_17/bandpass_n20002_cRA_covariance_s5.npz,76121,b60a3dcb70f4be0cdac5f547a83885a7005ffc14a4d183a830667cac19b7b171
tcn,independent_rms,17,bandpass_n20002_cRA_covariance_s0,phase2/results/predictions/full/independent_rms/tcn/seed_17/bandpass_n20002_cRA_covariance_s0.npz,75756,50e89e2f57aa285d3fe554a95b19fd15727e82db3d150d633d48b5754da7d7b6
tcn,independent_rms,17,bandpass_n20002_cLA_independent_rms_s20,phase2/results/predictions/full/independent_rms/tcn/seed_17/bandpass_n20002_cLA_independent_rms_s20.npz,76505,bc45b5cdbfbb0fd8fe55da21d579a4e056c8e5ad8dbcbd27c955e10aff6d8545
tcn,independent_rms,17,bandpass_n20002_cLA_independent_rms_s15,phase2/results/predictions/full/independent_rms/tcn/seed_17/bandpass_n20002_cLA_independent_rms_s15.npz,76505,9ed98ae8999aae6f85617dcb6dc90e78c23448e7b9502dccaeb3d45207f678bf
tcn,independent_rms,17,bandpass_n20002_cLA_independent_rms_s10,phase2/results/predictions/full/independent_rms/tcn/seed_17/bandpass_n20002_cLA_independent_rms_s10.npz,76410,9b23f92e5f1faf1cc5c0803415a29bdde9389ab1e3bd1c6df7b5cd97370a9f10
tcn,independent_rms,17,bandpass_n20002_cLA_independent_rms_s5,phase2/results/predictions/full/independent_rms/tcn/seed_17/bandpass_n20002_cLA_independent_rms_s5.npz,76334,b8fa17acaa802c229322e7366d9491e8f27d41f61654df6bb1f3a79f556e9ce3
tcn,independent_rms,17,bandpass_n20002_cLA_independent_rms_s0,phase2/results/predictions/full/independent_rms/tcn/seed_17/bandpass_n20002_cLA_independent_rms_s0.npz,76080,529adb8aefc85cecd9fc0d0651e16ed9e19b66a6b58a7c4cc78ff4df1f383bf7
tcn,independent_rms,17,bandpass_n20002_cLA_electrode_s20,phase2/results/predictions/full/independent_rms/tcn/seed_17/bandpass_n20002_cLA_electrode_s20.npz,76437,dd50676bc368eec5e048d890ddf99418b6ca7000bce4b30297c6f1d9c3258166
tcn,independent_rms,17,bandpass_n20002_cLA_electrode_s15,phase2/results/predictions/full/independent_rms/tcn/seed_17/bandpass_n20002_cLA_electrode_s15.npz,76407,2ce66ca97fea473c41b61953ca3481e716cdfaaa1dfc6a9f5cb07e76336c9429
tcn,independent_rms,17,bandpass_n20002_cLA_electrode_s10,phase2/results/predictions/full/independent_rms/tcn/seed_17/bandpass_n20002_cLA_electrode_s10.npz,76400,4d245e7979b6d11a3b62b3f8fe2c1f27c09d92f11b29b6ae40a15c71d7757dd2
tcn,independent_rms,17,bandpass_n20002_cLA_electrode_s5,phase2/results/predictions/full/independent_rms/tcn/seed_17/bandpass_n20002_cLA_electrode_s5.npz,76187,7b0a0a15d68d5b541e2770fd6b8bf64392c9b20e73d472b19bcb6e1f8fa8d9ae
tcn,independent_rms,17,bandpass_n20002_cLA_electrode_s0,phase2/results/predictions/full/independent_rms/tcn/seed_17/bandpass_n20002_cLA_electrode_s0.npz,75800,0a0cc1fb95f11ef600bb0a6d9a9271e34feb56cfac2a2193c464d0cc272ee896
tcn,independent_rms,17,bandpass_n20002_cLA_covariance_s20,phase2/results/predictions/full/independent_rms/tcn/seed_17/bandpass_n20002_cLA_covariance_s20.npz,76428,a95f8e9421cbf153f314f09daf244788e2211ac76f27bb593c8268ae54a76da4
tcn,independent_rms,17,bandpass_n20002_cLA_covariance_s15,phase2/results/predictions/full/independent_rms/tcn/seed_17/bandpass_n20002_cLA_covariance_s15.npz,76446,b9a82e745ded2c5f22c4e8bddc6566cffa440383b3f1da60ce0a41186959cb10
tcn,independent_rms,17,bandpass_n20002_cLA_covariance_s10,phase2/results/predictions/full/independent_rms/tcn/seed_17/bandpass_n20002_cLA_covariance_s10.npz,76398,2d224c86e9f87ed270de1d1cb766d5ece00f1f02ef6ad1442bf435b8481a8232
tcn,independent_rms,17,bandpass_n20002_cLA_covariance_s5,phase2/results/predictions/full/independent_rms/tcn/seed_17/bandpass_n20002_cLA_covariance_s5.npz,76205,f82a88f89cc0279b0b3bbed296a38ba8fb26ad076186df068099b5c1b50b414d
tcn,independent_rms,17,bandpass_n20002_cLA_covariance_s0,phase2/results/predictions/full/independent_rms/tcn/seed_17/bandpass_n20002_cLA_covariance_s0.npz,75786,0954d9a23f6118705fbb740429ffbdb1faaf2abcae8b2fd9a51876429e50b65c
tcn,independent_rms,17,bandpass_n20002_cLL_independent_rms_s20,phase2/results/predictions/full/independent_rms/tcn/seed_17/bandpass_n20002_cLL_independent_rms_s20.npz,76477,d553fcd7039c99286e7a52873ad0ce5a8c0cdb252c1e6df35ce03dc9f5d441d2
tcn,independent_rms,17,bandpass_n20002_cLL_independent_rms_s15,phase2/results/predictions/full/independent_rms/tcn/seed_17/bandpass_n20002_cLL_independent_rms_s15.npz,76479,8cc3fd2702dbde939736de369f0861b8865028de7c99111131ce9fc156e3c268
tcn,independent_rms,17,bandpass_n20002_cLL_independent_rms_s10,phase2/results/predictions/full/independent_rms/tcn/seed_17/bandpass_n20002_cLL_independent_rms_s10.npz,76384,12c3fcb8b7a502a8532d07ffc282bdbef9f2605506c92ac7a30597825b016504
tcn,independent_rms,17,bandpass_n20002_cLL_independent_rms_s5,phase2/results/predictions/full/independent_rms/tcn/seed_17/bandpass_n20002_cLL_independent_rms_s5.npz,76241,18bfd6ac9b715fd170b85d2c100d9fa39788688c664e245171cd8e6f4f5e0a2f
tcn,independent_rms,17,bandpass_n20002_cLL_independent_rms_s0,phase2/results/predictions/full/independent_rms/tcn/seed_17/bandpass_n20002_cLL_independent_rms_s0.npz,75892,4bc5b3a218bd9b216e3fcd91bed9b328207582f471e6752bf2c11be637935199
tcn,independent_rms,17,bandpass_n20002_cLL_electrode_s20,phase2/results/predictions/full/independent_rms/tcn/seed_17/bandpass_n20002_cLL_electrode_s20.npz,76478,1d68a8301796367a0e1d1a090c34dd2033008e943ac474c0305d6488d943293f
tcn,independent_rms,17,bandpass_n20002_cLL_electrode_s15,phase2/results/predictions/full/independent_rms/tcn/seed_17/bandpass_n20002_cLL_electrode_s15.npz,76463,ee81dfc748dafe57ea68e1a0ece099005614ea92862cd89bec1bbe556a59cafe
tcn,independent_rms,17,bandpass_n20002_cLL_electrode_s10,phase2/results/predictions/full/independent_rms/tcn/seed_17/bandpass_n20002_cLL_electrode_s10.npz,76405,11208760a24545bb068d212d07f4e0c49ec147f929a7d1f941fb17b146f0bb24
tcn,independent_rms,17,bandpass_n20002_cLL_electrode_s5,phase2/results/predictions/full/independent_rms/tcn/seed_17/bandpass_n20002_cLL_electrode_s5.npz,76185,2a4baa2ce599fa367f4a901817c1d4827a5df33a3f664c9dc35c7c125373d632
tcn,independent_rms,17,bandpass_n20002_cLL_electrode_s0,phase2/results/predictions/full/independent_rms/tcn/seed_17/bandpass_n20002_cLL_electrode_s0.npz,75776,6fc688f1d7d8da0f86f43e56175ea2980d8b4b4cca8902184943e7eec9e251bd
tcn,independent_rms,17,bandpass_n20002_cLL_covariance_s20,phase2/results/predictions/full/independent_rms/tcn/seed_17/bandpass_n20002_cLL_covariance_s20.npz,76444,e09d83807e400e30dac8e2fd761650261ed8c80f737f0ce6e0ea55bc04a7a4b1
tcn,independent_rms,17,bandpass_n20002_cLL_covariance_s15,phase2/results/predictions/full/independent_rms/tcn/seed_17/bandpass_n20002_cLL_covariance_s15.npz,76424,8b6c47139b8df70885b76b7f92748aecda05fca65abc8bc0e3598276c3902588
tcn,independent_rms,17,bandpass_n20002_cLL_covariance_s10,phase2/results/predictions/full/independent_rms/tcn/seed_17/bandpass_n20002_cLL_covariance_s10.npz,76380,79cbadc223fedd0a10ca3b255325db1d7c4d4971d833a0f7790786c0f17516e1
tcn,independent_rms,17,bandpass_n20002_cLL_covariance_s5,phase2/results/predictions/full/independent_rms/tcn/seed_17/bandpass_n20002_cLL_covariance_s5.npz,76156,6f6d0d1dcd821bef4ffc324f8d41723dbf9b125a5709d70e32f07a914d84a871
tcn,independent_rms,17,bandpass_n20002_cLL_covariance_s0,phase2/results/predictions/full/independent_rms/tcn/seed_17/bandpass_n20002_cLL_covariance_s0.npz,75846,05910510faa9156ca100a770679273b6112ab96912775e9ada4c75b2a035b835
tcn,independent_rms,17,bandpass_n20002_cRA_V1_independent_rms_s20,phase2/results/predictions/full/independent_rms/tcn/seed_17/bandpass_n20002_cRA_V1_independent_rms_s20.npz,76457,ea1846b234bf379e18f0ce1204716f731036bc959a44abf55a6fcb712b29e1d0
tcn,independent_rms,17,bandpass_n20002_cRA_V1_independent_rms_s15,phase2/results/predictions/full/independent_rms/tcn/seed_17/bandpass_n20002_cRA_V1_independent_rms_s15.npz,76472,915ad9ee6ad2a783991c8526aba5a8975e52499aac01dfe25e101e8584a9de59
tcn,independent_rms,17,bandpass_n20002_cRA_V1_independent_rms_s10,phase2/results/predictions/full/independent_rms/tcn/seed_17/bandpass_n20002_cRA_V1_independent_rms_s10.npz,76413,c449434c00de9e941975cb27de92efa447aebabf70d1d10db7b3d01276a36c12
tcn,independent_rms,17,bandpass_n20002_cRA_V1_independent_rms_s5,phase2/results/predictions/full/independent_rms/tcn/seed_17/bandpass_n20002_cRA_V1_independent_rms_s5.npz,76296,d1ba148d8fff09d47197c25b4ec4444d834582f794b86e4114b01c0fd62bb2d1
tcn,independent_rms,17,bandpass_n20002_cRA_V1_independent_rms_s0,phase2/results/predictions/full/independent_rms/tcn/seed_17/bandpass_n20002_cRA_V1_independent_rms_s0.npz,75944,07535de53e0fef70530256ac24b4265b93351e0412e97690a9f848466ddb8201
tcn,independent_rms,17,bandpass_n20002_cRA_V1_electrode_s20,phase2/results/predictions/full/independent_rms/tcn/seed_17/bandpass_n20002_cRA_V1_electrode_s20.npz,76491,b7949d181baf0e32bec82e228bcd1e066d8ca56e21bcd7cd54aa891dcd45498b
tcn,independent_rms,17,bandpass_n20002_cRA_V1_electrode_s15,phase2/results/predictions/full/independent_rms/tcn/seed_17/bandpass_n20002_cRA_V1_electrode_s15.npz,76464,5b44480d52a84d1034b39cd5486355b2aadae63a1a05871c353ea77616fba081
tcn,independent_rms,17,bandpass_n20002_cRA_V1_electrode_s10,phase2/results/predictions/full/independent_rms/tcn/seed_17/bandpass_n20002_cRA_V1_electrode_s10.npz,76367,37517b40e9f5c554d79f22aed892f89a072c996c90dc61bbb6df6237470fe590
tcn,independent_rms,17,bandpass_n20002_cRA_V1_electrode_s5,phase2/results/predictions/full/independent_rms/tcn/seed_17/bandpass_n20002_cRA_V1_electrode_s5.npz,76186,698603df19f50dd5486a9a00fafc5c0e36e7debcc3f1085588db02f6711cb650
tcn,independent_rms,17,bandpass_n20002_cRA_V1_electrode_s0,phase2/results/predictions/full/independent_rms/tcn/seed_17/bandpass_n20002_cRA_V1_electrode_s0.npz,75818,a14a5a3e15456be438eba356fb1f2ff4d0218c57559c43546276ca3473233ab6
tcn,independent_rms,17,bandpass_n20002_cRA_V1_covariance_s20,phase2/results/predictions/full/independent_rms/tcn/seed_17/bandpass_n20002_cRA_V1_covariance_s20.npz,76497,efa8d6ca1fb690c0ea5ef4e4e83f0c8d19edf16d0b40594a847a0ce5c02c110f
tcn,independent_rms,17,bandpass_n20002_cRA_V1_covariance_s15,phase2/results/predictions/full/independent_rms/tcn/seed_17/bandpass_n20002_cRA_V1_covariance_s15.npz,76476,e466f635fd375b4d0ea870a68960bb2928bb92751824a94061e4bc61654b3a43
tcn,independent_rms,17,bandpass_n20002_cRA_V1_covariance_s10,phase2/results/predictions/full/independent_rms/tcn/seed_17/bandpass_n20002_cRA_V1_covariance_s10.npz,76369,b0b58b9e4c4f6c8b57384dc70d4e5203dac6eb5e029dc1c677444c39b02ec5bd
tcn,independent_rms,17,bandpass_n20002_cRA_V1_covariance_s5,phase2/results/predictions/full/independent_rms/tcn/seed_17/bandpass_n20002_cRA_V1_covariance_s5.npz,76218,2961e5d07a768aed65721bd229b168b595f947b8e1deaec383756d2f927c64da
tcn,independent_rms,17,bandpass_n20002_cRA_V1_covariance_s0,phase2/results/predictions/full/independent_rms/tcn/seed_17/bandpass_n20002_cRA_V1_covariance_s0.npz,75807,f39ef39914159ef251b77ce7dec63e8d47ed5751b3ada294027a4449079f49de
tcn,independent_rms,17,bandpass_n20002_cLA_V6_independent_rms_s20,phase2/results/predictions/full/independent_rms/tcn/seed_17/bandpass_n20002_cLA_V6_independent_rms_s20.npz,76501,2207485f8bf6221e8fd24c8c01031c3b71069276f842fb41239207b73b1ad7f3
tcn,independent_rms,17,bandpass_n20002_cLA_V6_independent_rms_s15,phase2/results/predictions/full/independent_rms/tcn/seed_17/bandpass_n20002_cLA_V6_independent_rms_s15.npz,76490,baeac98c2bb7b7cbfa7c4cf06593715a6ba79bca24e4e51bb62cfbb5c450fbb6
tcn,independent_rms,17,bandpass_n20002_cLA_V6_independent_rms_s10,phase2/results/predictions/full/independent_rms/tcn/seed_17/bandpass_n20002_cLA_V6_independent_rms_s10.npz,76430,3a822d08be91ddc583222e71b829f80a9d824ab237bc5723b6e6bec1411bb183
tcn,independent_rms,17,bandpass_n20002_cLA_V6_independent_rms_s5,phase2/results/predictions/full/independent_rms/tcn/seed_17/bandpass_n20002_cLA_V6_independent_rms_s5.npz,76337,224dc6fff1ac33051d34ec7772cc1c9f9265024080f054047c569bff40fea251
tcn,independent_rms,17,bandpass_n20002_cLA_V6_independent_rms_s0,phase2/results/predictions/full/independent_rms/tcn/seed_17/bandpass_n20002_cLA_V6_independent_rms_s0.npz,76115,8cdbd2ccad5db19ff6be900943f1a071595899cc7784fc6975bfeb7df03c6c41
tcn,independent_rms,17,bandpass_n20002_cLA_V6_electrode_s20,phase2/results/predictions/full/independent_rms/tcn/seed_17/bandpass_n20002_cLA_V6_electrode_s20.npz,76508,08f4665618fcfd4c6056f8bd01443ef14e861f0e08c57ec89dd15045f2270008
tcn,independent_rms,17,bandpass_n20002_cLA_V6_electrode_s15,phase2/results/predictions/full/independent_rms/tcn/seed_17/bandpass_n20002_cLA_V6_electrode_s15.npz,76430,9742ca9d1d07cee1adaec94fb628289b5627c5f6f9cff522ab10b2499d21f34d
tcn,independent_rms,17,bandpass_n20002_cLA_V6_electrode_s10,phase2/results/predictions/full/independent_rms/tcn/seed_17/bandpass_n20002_cLA_V6_electrode_s10.npz,76409,230c9dc0b5fb49fe4bea88817d96b2c2fff6cf3276ac3278ab784460a53c894f
tcn,independent_rms,17,bandpass_n20002_cLA_V6_electrode_s5,phase2/results/predictions/full/independent_rms/tcn/seed_17/bandpass_n20002_cLA_V6_electrode_s5.npz,76205,450d7fcb64f0d035e8090ec0d2c56ee44ed4ba86222759af5b87545f4969f18c
tcn,independent_rms,17,bandpass_n20002_cLA_V6_electrode_s0,phase2/results/predictions/full/independent_rms/tcn/seed_17/bandpass_n20002_cLA_V6_electrode_s0.npz,75822,b13781b512c7848a4d05769398e785f7fcad3676a00bab07c33e0f344f3233b0
tcn,independent_rms,17,bandpass_n20002_cLA_V6_covariance_s20,phase2/results/predictions/full/independent_rms/tcn/seed_17/bandpass_n20002_cLA_V6_covariance_s20.npz,76489,ab2a98556fbd7b3f33457a802a3ed86195264df7ffb1fd9d2954914cd531b3a6
tcn,independent_rms,17,bandpass_n20002_cLA_V6_covariance_s15,phase2/results/predictions/full/independent_rms/tcn/seed_17/bandpass_n20002_cLA_V6_covariance_s15.npz,76462,e0d5bb28d12fcb20f3bc0bd8a72c118ba0e980a0e60c6da7c02a2c97e23b113b
tcn,independent_rms,17,bandpass_n20002_cLA_V6_covariance_s10,phase2/results/predictions/full/independent_rms/tcn/seed_17/bandpass_n20002_cLA_V6_covariance_s10.npz,76429,e04646d9ca9210372b8c5114d5f55671b127b517665e826305430f52753eed54
tcn,independent_rms,17,bandpass_n20002_cLA_V6_covariance_s5,phase2/results/predictions/full/independent_rms/tcn/seed_17/bandpass_n20002_cLA_V6_covariance_s5.npz,76228,89fc06f31e09b56792d4586419ce4e5b8751378c92477e5fbb365c3b07fcae71
tcn,independent_rms,17,bandpass_n20002_cLA_V6_covariance_s0,phase2/results/predictions/full/independent_rms/tcn/seed_17/bandpass_n20002_cLA_V6_covariance_s0.npz,75839,6ab6f7ce9d266a9945b07d0303f7eaf22b7eba355e81e9bdc215a30ce9c8dc62
tcn,independent_rms,17,bandpass_n20002_cLL_V4_independent_rms_s20,phase2/results/predictions/full/independent_rms/tcn/seed_17/bandpass_n20002_cLL_V4_independent_rms_s20.npz,76509,49bee28a62984f512fcca905931639189312ac6adc849d9917a094aff4c274d2
tcn,independent_rms,17,bandpass_n20002_cLL_V4_independent_rms_s15,phase2/results/predictions/full/independent_rms/tcn/seed_17/bandpass_n20002_cLL_V4_independent_rms_s15.npz,76515,5cc6f5f719043f2274e763cdfaf4740bd49a2d9677f1e217859438c2b0f7bcf8
tcn,independent_rms,17,bandpass_n20002_cLL_V4_independent_rms_s10,phase2/results/predictions/full/independent_rms/tcn/seed_17/bandpass_n20002_cLL_V4_independent_rms_s10.npz,76451,da323628da758bdb391263cfeec978cab3d2c6c1c49c321222de1fb97b4761c3
tcn,independent_rms,17,bandpass_n20002_cLL_V4_independent_rms_s5,phase2/results/predictions/full/independent_rms/tcn/seed_17/bandpass_n20002_cLL_V4_independent_rms_s5.npz,76327,bcec059087996e91cb6b18823fb38c516f3a4fef80214030cfb59ba6028939d1
tcn,independent_rms,17,bandpass_n20002_cLL_V4_independent_rms_s0,phase2/results/predictions/full/independent_rms/tcn/seed_17/bandpass_n20002_cLL_V4_independent_rms_s0.npz,75971,6708ff6193fe8091b8d48276ad7b466486daaee70c7d9d2fbec6ad323bd95824
tcn,independent_rms,17,bandpass_n20002_cLL_V4_electrode_s20,phase2/results/predictions/full/independent_rms/tcn/seed_17/bandpass_n20002_cLL_V4_electrode_s20.npz,76513,7231849f65c0251b4758826a1eb66c86378cf99cdc322978559dfe14fdd58cb4
tcn,independent_rms,17,bandpass_n20002_cLL_V4_electrode_s15,phase2/results/predictions/full/independent_rms/tcn/seed_17/bandpass_n20002_cLL_V4_electrode_s15.npz,76484,db27ff49fbc254e7c3eec7730a616c748f6703ab7607b4ec34649eb40f4490ad
tcn,independent_rms,17,bandpass_n20002_cLL_V4_electrode_s10,phase2/results/predictions/full/independent_rms/tcn/seed_17/bandpass_n20002_cLL_V4_electrode_s10.npz,76402,70e5ff36aaa2a837468cc1fc4264ee01eb7fa65ddf9840cca08aeccbcb0b269b
tcn,independent_rms,17,bandpass_n20002_cLL_V4_electrode_s5,phase2/results/predictions/full/independent_rms/tcn/seed_17/bandpass_n20002_cLL_V4_electrode_s5.npz,76231,9f520034e67eb96826a0f1ba275fdc1e475af831af7dc2cb43a7e42bd9084e7f
tcn,independent_rms,17,bandpass_n20002_cLL_V4_electrode_s0,phase2/results/predictions/full/independent_rms/tcn/seed_17/bandpass_n20002_cLL_V4_electrode_s0.npz,75899,403a0a370299e05d0791cdeae008908367abbafc6f0dc8294cda7037a8905c76
tcn,independent_rms,17,bandpass_n20002_cLL_V4_covariance_s20,phase2/results/predictions/full/independent_rms/tcn/seed_17/bandpass_n20002_cLL_V4_covariance_s20.npz,76453,85b41711095ed59749ee73603017164ce6e8667fd6a6f9c48f9abcd9d31c6e07
tcn,independent_rms,17,bandpass_n20002_cLL_V4_covariance_s15,phase2/results/predictions/full/independent_rms/tcn/seed_17/bandpass_n20002_cLL_V4_covariance_s15.npz,76448,ded1f49f44c370f75bc3fc6343d9eacabd521f7cf28af5f1adc083012c9fa9e7
tcn,independent_rms,17,bandpass_n20002_cLL_V4_covariance_s10,phase2/results/predictions/full/independent_rms/tcn/seed_17/bandpass_n20002_cLL_V4_covariance_s10.npz,76411,b0541e1401dfbbb540db29a8db5c33719f6f4d57dfa7fcfe77ad40ed61612a69
tcn,independent_rms,17,bandpass_n20002_cLL_V4_covariance_s5,phase2/results/predictions/full/independent_rms/tcn/seed_17/bandpass_n20002_cLL_V4_covariance_s5.npz,76230,e08907e044616aadd1c5d264781c3b28fa16baebab63223a4b3d26955b9e80be
tcn,independent_rms,17,bandpass_n20002_cLL_V4_covariance_s0,phase2/results/predictions/full/independent_rms/tcn/seed_17/bandpass_n20002_cLL_V4_covariance_s0.npz,75887,4468a3aa604fb914f7d9b03ae173af5a56045da88369d83aeffe8bc3612ac750
tcn,independent_rms,17,bandpass_n20002_cRA_LA_V1_V6_independent_rms_s20,phase2/results/predictions/full/independent_rms/tcn/seed_17/bandpass_n20002_cRA_LA_V1_V6_independent_rms_s20.npz,76514,9c283457cdce073b29d4bebd11698b480491e8cc5c28dd36ed51b0ffdf211b1e
tcn,independent_rms,17,bandpass_n20002_cRA_LA_V1_V6_independent_rms_s15,phase2/results/predictions/full/independent_rms/tcn/seed_17/bandpass_n20002_cRA_LA_V1_V6_independent_rms_s15.npz,76515,b6db0c8ab2e73a8bd46e91996f7cb202f2a70ed5eca09800f54ea394f5fc5206
tcn,independent_rms,17,bandpass_n20002_cRA_LA_V1_V6_independent_rms_s10,phase2/results/predictions/full/independent_rms/tcn/seed_17/bandpass_n20002_cRA_LA_V1_V6_independent_rms_s10.npz,76476,af1507e02281620c7407dcb2d703953e961be93ea35afd1144b562bcf0f9212c
tcn,independent_rms,17,bandpass_n20002_cRA_LA_V1_V6_independent_rms_s5,phase2/results/predictions/full/independent_rms/tcn/seed_17/bandpass_n20002_cRA_LA_V1_V6_independent_rms_s5.npz,76313,367b06ace6c1d002898a6e30ddd822260affcacecb438a95c61098f17442e387
tcn,independent_rms,17,bandpass_n20002_cRA_LA_V1_V6_independent_rms_s0,phase2/results/predictions/full/independent_rms/tcn/seed_17/bandpass_n20002_cRA_LA_V1_V6_independent_rms_s0.npz,76013,c6d11773fa589f6901322a2abc8470436ee06fc63dd4e382f0fee429b04b7aba
tcn,independent_rms,17,bandpass_n20002_cRA_LA_V1_V6_electrode_s20,phase2/results/predictions/full/independent_rms/tcn/seed_17/bandpass_n20002_cRA_LA_V1_V6_electrode_s20.npz,76497,52841c394136d71800c24014160efe556880bff608edcc7a072ff707a3387ea0
tcn,independent_rms,17,bandpass_n20002_cRA_LA_V1_V6_electrode_s15,phase2/results/predictions/full/independent_rms/tcn/seed_17/bandpass_n20002_cRA_LA_V1_V6_electrode_s15.npz,76481,fc31d37372d498a541e7c14c2ca62b56a4ed519ce5a1d542ed2e38a2e11aef7b
tcn,independent_rms,17,bandpass_n20002_cRA_LA_V1_V6_electrode_s10,phase2/results/predictions/full/independent_rms/tcn/seed_17/bandpass_n20002_cRA_LA_V1_V6_electrode_s10.npz,76405,00e678e60a72b1f9753c80d8f4fe6baa4f851dca1faa3bc2fc0f57ec7e050279
tcn,independent_rms,17,bandpass_n20002_cRA_LA_V1_V6_electrode_s5,phase2/results/predictions/full/independent_rms/tcn/seed_17/bandpass_n20002_cRA_LA_V1_V6_electrode_s5.npz,76225,7adadfa8bd21d7fbe5cfe365740aaaf355092871aa652928db77065c8f75caf9
tcn,independent_rms,17,bandpass_n20002_cRA_LA_V1_V6_electrode_s0,phase2/results/predictions/full/independent_rms/tcn/seed_17/bandpass_n20002_cRA_LA_V1_V6_electrode_s0.npz,75747,042b68e20d04c5c75767f1ec273ca74bdaec5dc4546657cf6b7fa43436ae0415
tcn,independent_rms,17,bandpass_n20002_cRA_LA_V1_V6_covariance_s20,phase2/results/predictions/full/independent_rms/tcn/seed_17/bandpass_n20002_cRA_LA_V1_V6_covariance_s20.npz,76483,92e4b6bef02bf9561be00d45a4a0488f989fdacd385a92fd1740c5663a624ad8
tcn,independent_rms,17,bandpass_n20002_cRA_LA_V1_V6_covariance_s15,phase2/results/predictions/full/independent_rms/tcn/seed_17/bandpass_n20002_cRA_LA_V1_V6_covariance_s15.npz,76434,d95a4599cad4a807e260c1566280d2871966d4a0ffbdd2c013d2e74a4d598c9b
tcn,independent_rms,17,bandpass_n20002_cRA_LA_V1_V6_covariance_s10,phase2/results/predictions/full/independent_rms/tcn/seed_17/bandpass_n20002_cRA_LA_V1_V6_covariance_s10.npz,76394,d967a2821b2702baf8f163e6516115b864659a2fe7c2eb995e5f3f11e34795b3
tcn,independent_rms,17,bandpass_n20002_cRA_LA_V1_V6_covariance_s5,phase2/results/predictions/full/independent_rms/tcn/seed_17/bandpass_n20002_cRA_LA_V1_V6_covariance_s5.npz,76169,dc7fb487aae9e66e6b202af6967fe7e3ab2a46c3b53f4a064d381f00d230926b
tcn,independent_rms,17,bandpass_n20002_cRA_LA_V1_V6_covariance_s0,phase2/results/predictions/full/independent_rms/tcn/seed_17/bandpass_n20002_cRA_LA_V1_V6_covariance_s0.npz,75750,5425430f8fbc3f809038ab3c2244fd85513860c3ec0f01f37240845908d6f855
tcn,independent_rms,17,bandpass_n20002_cRA_V2_V5_independent_rms_s20,phase2/results/predictions/full/independent_rms/tcn/seed_17/bandpass_n20002_cRA_V2_V5_independent_rms_s20.npz,76483,6b702ceda84a632636c501feea5af7c9f1ad58da1d0e6751237bae709e702eb4
tcn,independent_rms,17,bandpass_n20002_cRA_V2_V5_independent_rms_s15,phase2/results/predictions/full/independent_rms/tcn/seed_17/bandpass_n20002_cRA_V2_V5_independent_rms_s15.npz,76479,4f9e97f389f3dea7669434f57ba22d95f48384db39634d1968525cd50107b718
tcn,independent_rms,17,bandpass_n20002_cRA_V2_V5_independent_rms_s10,phase2/results/predictions/full/independent_rms/tcn/seed_17/bandpass_n20002_cRA_V2_V5_independent_rms_s10.npz,76460,000217e3034dbb8b0675c0a8b2d3f65699d4f560955a980326536ec8de72cedb
tcn,independent_rms,17,bandpass_n20002_cRA_V2_V5_independent_rms_s5,phase2/results/predictions/full/independent_rms/tcn/seed_17/bandpass_n20002_cRA_V2_V5_independent_rms_s5.npz,76310,86219d19d6359380cc6f3e8b58138ab98d6b97cb2a1f84741b9bea3daeb47ca4
tcn,independent_rms,17,bandpass_n20002_cRA_V2_V5_independent_rms_s0,phase2/results/predictions/full/independent_rms/tcn/seed_17/bandpass_n20002_cRA_V2_V5_independent_rms_s0.npz,75984,4a2cbba059910c055f08b9812a3719b65249e8348aed4b7396daa0e13e75c254
tcn,independent_rms,17,bandpass_n20002_cRA_V2_V5_electrode_s20,phase2/results/predictions/full/independent_rms/tcn/seed_17/bandpass_n20002_cRA_V2_V5_electrode_s20.npz,76477,4c94d2f8208649afd1e653f865819cde193d226b0cc7b3d1a4768b1c154abeb5
tcn,independent_rms,17,bandpass_n20002_cRA_V2_V5_electrode_s15,phase2/results/predictions/full/independent_rms/tcn/seed_17/bandpass_n20002_cRA_V2_V5_electrode_s15.npz,76454,a344464b06180b9ccb32d09c361739106437436e05514f909606ca2e9b66080e
tcn,independent_rms,17,bandpass_n20002_cRA_V2_V5_electrode_s10,phase2/results/predictions/full/independent_rms/tcn/seed_17/bandpass_n20002_cRA_V2_V5_electrode_s10.npz,76371,5df0ed391087497341d161d5d3aeed24287304fa08766ace65469026b0629bec
tcn,independent_rms,17,bandpass_n20002_cRA_V2_V5_electrode_s5,phase2/results/predictions/full/independent_rms/tcn/seed_17/bandpass_n20002_cRA_V2_V5_electrode_s5.npz,76205,192221a7b7527d069e48e590b8714031816a5e2ecade9946aa37ce798a79afcc
tcn,independent_rms,17,bandpass_n20002_cRA_V2_V5_electrode_s0,phase2/results/predictions/full/independent_rms/tcn/seed_17/bandpass_n20002_cRA_V2_V5_electrode_s0.npz,75879,98a9a4059abd2c196253e6fc2d00dbb594489077637a3724dcf31a799f2b24f0
tcn,independent_rms,17,bandpass_n20002_cRA_V2_V5_covariance_s20,phase2/results/predictions/full/independent_rms/tcn/seed_17/bandpass_n20002_cRA_V2_V5_covariance_s20.npz,76491,75ee92c3933b9b405b139d7b0e6beed6b3784b6e49d75fe9d2e4eff5a94ec8a9
tcn,independent_rms,17,bandpass_n20002_cRA_V2_V5_covariance_s15,phase2/results/predictions/full/independent_rms/tcn/seed_17/bandpass_n20002_cRA_V2_V5_covariance_s15.npz,76453,13e203f4308290bda06adc70f2462e7ad67915a9ca2ca31b6e268bf7c912320d
tcn,independent_rms,17,bandpass_n20002_cRA_V2_V5_covariance_s10,phase2/results/predictions/full/independent_rms/tcn/seed_17/bandpass_n20002_cRA_V2_V5_covariance_s10.npz,76380,83eb30a720f0261a6c863c34a1d7b409da47976a6ba90bfe4e9de518adac22a6
tcn,independent_rms,17,bandpass_n20002_cRA_V2_V5_covariance_s5,phase2/results/predictions/full/independent_rms/tcn/seed_17/bandpass_n20002_cRA_V2_V5_covariance_s5.npz,76202,11f9a12441d0dd464edd1f706146a483bc36264ea7cab4e5c987aac0acaa88ad
tcn,independent_rms,17,bandpass_n20002_cRA_V2_V5_covariance_s0,phase2/results/predictions/full/independent_rms/tcn/seed_17/bandpass_n20002_cRA_V2_V5_covariance_s0.npz,75845,b869d75585936c5caf6c234c5abc1b543543eff834b06730e2a88661b2d2ba3c
tcn,independent_rms,17,bandpass_n20002_cLA_V3_V6_independent_rms_s20,phase2/results/predictions/full/independent_rms/tcn/seed_17/bandpass_n20002_cLA_V3_V6_independent_rms_s20.npz,76518,f2e2a5eeae0e0f813f476cd9d2e1507fc6fc12a1a87ed82d0cca0a496cf20c01
tcn,independent_rms,17,bandpass_n20002_cLA_V3_V6_independent_rms_s15,phase2/results/predictions/full/independent_rms/tcn/seed_17/bandpass_n20002_cLA_V3_V6_independent_rms_s15.npz,76485,af9b6bcb6d7c48cd8b67b4b40d27fad31b5e5067f7191d1027db310f59f2e447
tcn,independent_rms,17,bandpass_n20002_cLA_V3_V6_independent_rms_s10,phase2/results/predictions/full/independent_rms/tcn/seed_17/bandpass_n20002_cLA_V3_V6_independent_rms_s10.npz,76472,09b4af446db7abfa3d7584edaf6ca44ed3c6f0e11abddb39f911ae12e2aba8fa
tcn,independent_rms,17,bandpass_n20002_cLA_V3_V6_independent_rms_s5,phase2/results/predictions/full/independent_rms/tcn/seed_17/bandpass_n20002_cLA_V3_V6_independent_rms_s5.npz,76348,df17bbb270b873c1c24c9cdfa920ebf511d301410eda6c6828089763cf6aea4c
tcn,independent_rms,17,bandpass_n20002_cLA_V3_V6_independent_rms_s0,phase2/results/predictions/full/independent_rms/tcn/seed_17/bandpass_n20002_cLA_V3_V6_independent_rms_s0.npz,76054,f332b3a45ac805a5527d2e785fa17a851182720415e11d78d46688a97f4b7c89
tcn,independent_rms,17,bandpass_n20002_cLA_V3_V6_electrode_s20,phase2/results/predictions/full/independent_rms/tcn/seed_17/bandpass_n20002_cLA_V3_V6_electrode_s20.npz,76473,b12f41ba3d47c22baa61378faa6c4f730675e4b60b817a167ea77ac76836cffc
tcn,independent_rms,17,bandpass_n20002_cLA_V3_V6_electrode_s15,phase2/results/predictions/full/independent_rms/tcn/seed_17/bandpass_n20002_cLA_V3_V6_electrode_s15.npz,76451,c17e490d613e3ca052140ee10e4bc53fe906dd98a9ef143153bc490c160de909
tcn,independent_rms,17,bandpass_n20002_cLA_V3_V6_electrode_s10,phase2/results/predictions/full/independent_rms/tcn/seed_17/bandpass_n20002_cLA_V3_V6_electrode_s10.npz,76439,15141761766a1ed3e02606d0aa06c57bc484155a3497146d712b95a3b98cbe9c
tcn,independent_rms,17,bandpass_n20002_cLA_V3_V6_electrode_s5,phase2/results/predictions/full/independent_rms/tcn/seed_17/bandpass_n20002_cLA_V3_V6_electrode_s5.npz,76255,9db9c888cd1553b3b37ab06c886a750f24ad877fc34c9ca65e5f92f50f83437b
tcn,independent_rms,17,bandpass_n20002_cLA_V3_V6_electrode_s0,phase2/results/predictions/full/independent_rms/tcn/seed_17/bandpass_n20002_cLA_V3_V6_electrode_s0.npz,75882,863854d7ea625ff9e056258caad766bdab17c15dc3e49d612b3cac0e0d554e12
tcn,independent_rms,17,bandpass_n20002_cLA_V3_V6_covariance_s20,phase2/results/predictions/full/independent_rms/tcn/seed_17/bandpass_n20002_cLA_V3_V6_covariance_s20.npz,76465,eedf574cfaa81fc61a26a4a327fdb174b774910b0c91104a89a625c318cd8d6f
tcn,independent_rms,17,bandpass_n20002_cLA_V3_V6_covariance_s15,phase2/results/predictions/full/independent_rms/tcn/seed_17/bandpass_n20002_cLA_V3_V6_covariance_s15.npz,76489,781fe0837abb8840c0fd78c7e6bf2c3a8fc3bd62c28100e61861ac8f2b5f019f
tcn,independent_rms,17,bandpass_n20002_cLA_V3_V6_covariance_s10,phase2/results/predictions/full/independent_rms/tcn/seed_17/bandpass_n20002_cLA_V3_V6_covariance_s10.npz,76415,a546c14b24dd17b88b311101ad3a39dd419e9cb41f533301ae45745e4aa6e8dd
tcn,independent_rms,17,bandpass_n20002_cLA_V3_V6_covariance_s5,phase2/results/predictions/full/independent_rms/tcn/seed_17/bandpass_n20002_cLA_V3_V6_covariance_s5.npz,76262,cee58470d440922b10b7fffafa965d984d8ea564068cc4743d384c4153564047
tcn,independent_rms,17,bandpass_n20002_cLA_V3_V6_covariance_s0,phase2/results/predictions/full/independent_rms/tcn/seed_17/bandpass_n20002_cLA_V3_V6_covariance_s0.npz,75893,44d685cda266ed6ae71fdf131f2e23abc356062fc68692f229d123d0e5d06d89
tcn,independent_rms,17,bandpass_n20002_cLL_V1_V4_independent_rms_s20,phase2/results/predictions/full/independent_rms/tcn/seed_17/bandpass_n20002_cLL_V1_V4_independent_rms_s20.npz,76474,ff157fd5f7a79b04c3701aca6114c06e1df1ab001e94f914646891d686fef5ed
tcn,independent_rms,17,bandpass_n20002_cLL_V1_V4_independent_rms_s15,phase2/results/predictions/full/independent_rms/tcn/seed_17/bandpass_n20002_cLL_V1_V4_independent_rms_s15.npz,76457,b5048610d393be5fc45d9cf087ced16ca680070a656dade2bdf8910ee94a16a2
tcn,independent_rms,17,bandpass_n20002_cLL_V1_V4_independent_rms_s10,phase2/results/predictions/full/independent_rms/tcn/seed_17/bandpass_n20002_cLL_V1_V4_independent_rms_s10.npz,76430,8e172885a9a8bf027d9af4fb691a148bc6bbcc5fae2a1290b99a4de90c3be9ec
tcn,independent_rms,17,bandpass_n20002_cLL_V1_V4_independent_rms_s5,phase2/results/predictions/full/independent_rms/tcn/seed_17/bandpass_n20002_cLL_V1_V4_independent_rms_s5.npz,76324,e60c0cda8cdb08d5df48b9883a569b29753d488e8a1a31ea5c378bb01b9d85a1
tcn,independent_rms,17,bandpass_n20002_cLL_V1_V4_independent_rms_s0,phase2/results/predictions/full/independent_rms/tcn/seed_17/bandpass_n20002_cLL_V1_V4_independent_rms_s0.npz,75978,605003b43a2046b8aca323bf613b1d3e30a51a73c888ea84df4a181f5ecbeae2
tcn,independent_rms,17,bandpass_n20002_cLL_V1_V4_electrode_s20,phase2/results/predictions/full/independent_rms/tcn/seed_17/bandpass_n20002_cLL_V1_V4_electrode_s20.npz,76491,ac864802ccdec6032c2fee485b1d54ba8ab5432cd9dea152de4c9f1071faa3fa
tcn,independent_rms,17,bandpass_n20002_cLL_V1_V4_electrode_s15,phase2/results/predictions/full/independent_rms/tcn/seed_17/bandpass_n20002_cLL_V1_V4_electrode_s15.npz,76461,964de840612f3fc72e388e01437165b699dbcdca17450f120062426c1fa8109d
tcn,independent_rms,17,bandpass_n20002_cLL_V1_V4_electrode_s10,phase2/results/predictions/full/independent_rms/tcn/seed_17/bandpass_n20002_cLL_V1_V4_electrode_s10.npz,76423,4a6c852baf535706e4b828466a11eea6928d10ca9a3a746a7afc4720c9c5f4f5
tcn,independent_rms,17,bandpass_n20002_cLL_V1_V4_electrode_s5,phase2/results/predictions/full/independent_rms/tcn/seed_17/bandpass_n20002_cLL_V1_V4_electrode_s5.npz,76236,d9d558ee4039fba197fb60297600da8ca69e6e9fd511428aaedffa65f4a5440a
tcn,independent_rms,17,bandpass_n20002_cLL_V1_V4_electrode_s0,phase2/results/predictions/full/independent_rms/tcn/seed_17/bandpass_n20002_cLL_V1_V4_electrode_s0.npz,75934,da2cf208f78fff86211b9d6253238b1b232204a4cfe3403859aa76dd0678de3e
tcn,independent_rms,17,bandpass_n20002_cLL_V1_V4_covariance_s20,phase2/results/predictions/full/independent_rms/tcn/seed_17/bandpass_n20002_cLL_V1_V4_covariance_s20.npz,76485,88d2aec3d4891cb3e532f19412b0830cb7d51df51618b62d9599341b89c792ea
tcn,independent_rms,17,bandpass_n20002_cLL_V1_V4_covariance_s15,phase2/results/predictions/full/independent_rms/tcn/seed_17/bandpass_n20002_cLL_V1_V4_covariance_s15.npz,76468,029400995fd6c4cc24fa8977374a75621e9e333dccea3a9949dd880c11fbb54f
tcn,independent_rms,17,bandpass_n20002_cLL_V1_V4_covariance_s10,phase2/results/predictions/full/independent_rms/tcn/seed_17/bandpass_n20002_cLL_V1_V4_covariance_s10.npz,76435,d5273882509c6b84a2a8f9344a8dcd6379a6b24f33dad5c6c874bf01501ab868
tcn,independent_rms,17,bandpass_n20002_cLL_V1_V4_covariance_s5,phase2/results/predictions/full/independent_rms/tcn/seed_17/bandpass_n20002_cLL_V1_V4_covariance_s5.npz,76276,99e74378e101932f982539c669bfd3a115e5c7ecd220b7ce9ded5232441444ce
tcn,independent_rms,17,bandpass_n20002_cLL_V1_V4_covariance_s0,phase2/results/predictions/full/independent_rms/tcn/seed_17/bandpass_n20002_cLL_V1_V4_covariance_s0.npz,75902,b0dec777cce31a9493e0a64d23946cc1a53859bc81ddd14c8ba6ece00e35422e
tcn,independent_rms,17,bandpass_n20002_call_independent_rms_s20,phase2/results/predictions/full/independent_rms/tcn/seed_17/bandpass_n20002_call_independent_rms_s20.npz,76490,c818e6fa9913058c2419c1fd0955604ee7f0823344124b40e64390737e7413df
tcn,independent_rms,17,bandpass_n20002_call_independent_rms_s15,phase2/results/predictions/full/independent_rms/tcn/seed_17/bandpass_n20002_call_independent_rms_s15.npz,76486,9cae55bcfad62628559a543fd474acf372f46b2896e107997b1ea8153242473c
tcn,independent_rms,17,bandpass_n20002_call_independent_rms_s10,phase2/results/predictions/full/independent_rms/tcn/seed_17/bandpass_n20002_call_independent_rms_s10.npz,76422,d2980760e91e4c5cb5a77187551d0a2f56cd829ffc02821c7318bb04164daec1
tcn,independent_rms,17,bandpass_n20002_call_independent_rms_s5,phase2/results/predictions/full/independent_rms/tcn/seed_17/bandpass_n20002_call_independent_rms_s5.npz,76291,6e0c9cf5256c42d4ac7366326e73ce9e2a7e85143e95339481566dd0a91757e7
tcn,independent_rms,17,bandpass_n20002_call_independent_rms_s0,phase2/results/predictions/full/independent_rms/tcn/seed_17/bandpass_n20002_call_independent_rms_s0.npz,75970,190af740383516f346fdb822b5ff30f283dc7748954b2dc2b1df768dbd307ea6
tcn,independent_rms,17,bandpass_n20002_call_electrode_s20,phase2/results/predictions/full/independent_rms/tcn/seed_17/bandpass_n20002_call_electrode_s20.npz,76442,b63dd0b5c48cd96d150635e79d8dd810e849e628ccb79a2b0b7d71b0d0fde48e
tcn,independent_rms,17,bandpass_n20002_call_electrode_s15,phase2/results/predictions/full/independent_rms/tcn/seed_17/bandpass_n20002_call_electrode_s15.npz,76429,5cc47365520f6ef4b85ae8cf1b82435082ac969f066cad0e75180e28082015cd
tcn,independent_rms,17,bandpass_n20002_call_electrode_s10,phase2/results/predictions/full/independent_rms/tcn/seed_17/bandpass_n20002_call_electrode_s10.npz,76355,790df4bf2fc7deb63f5d4d7ed514ee8f7fbed7a5028abacb138ad6a9e57980b4
tcn,independent_rms,17,bandpass_n20002_call_electrode_s5,phase2/results/predictions/full/independent_rms/tcn/seed_17/bandpass_n20002_call_electrode_s5.npz,76190,e50adb6c666874688a0ed761cbc5dd96afbafc1dfcb07e25d4853d2a8fe2cc87
tcn,independent_rms,17,bandpass_n20002_call_electrode_s0,phase2/results/predictions/full/independent_rms/tcn/seed_17/bandpass_n20002_call_electrode_s0.npz,75764,a3ddc7f7542be2f66d5f4309f38cd07c2edbca230678563761cfca35503bd419
tcn,independent_rms,17,bandpass_n20002_call_covariance_s20,phase2/results/predictions/full/independent_rms/tcn/seed_17/bandpass_n20002_call_covariance_s20.npz,76452,baf648a1f4bbba7a9c56df4c41d264c09f46cfb537730af1d4fe1128332f5f4e
tcn,independent_rms,17,bandpass_n20002_call_covariance_s15,phase2/results/predictions/full/independent_rms/tcn/seed_17/bandpass_n20002_call_covariance_s15.npz,76432,0242ca0f13ad215b86c0eb2df61d27e3750a000da021cdbffc842cb6ff57b776
tcn,independent_rms,17,bandpass_n20002_call_covariance_s10,phase2/results/predictions/full/independent_rms/tcn/seed_17/bandpass_n20002_call_covariance_s10.npz,76353,b963a5ee55aa0176d8db2c7efd7bda4eead85159cf6e18221adedb9a60955fe9
tcn,independent_rms,17,bandpass_n20002_call_covariance_s5,phase2/results/predictions/full/independent_rms/tcn/seed_17/bandpass_n20002_call_covariance_s5.npz,76229,e773a05aee1be6460c3cd532bc886ea64e80abeb17fbe9794e4c7970eeb3913c
tcn,independent_rms,17,bandpass_n20002_call_covariance_s0,phase2/results/predictions/full/independent_rms/tcn/seed_17/bandpass_n20002_call_covariance_s0.npz,75781,22be110e1b15003dc3209b4a58b67b14fcbb2f9f63309d1fad7eb41ce4224069
tcn,independent_rms,17,bandpass_n20003_cRA_LA_LL_independent_rms_s20,phase2/results/predictions/full/independent_rms/tcn/seed_17/bandpass_n20003_cRA_LA_LL_independent_rms_s20.npz,76497,f47aea66870eb5100ecb4cb6ae57af919fdbe544d2ce2371c311bd1decf104ae
tcn,independent_rms,17,bandpass_n20003_cRA_LA_LL_independent_rms_s15,phase2/results/predictions/full/independent_rms/tcn/seed_17/bandpass_n20003_cRA_LA_LL_independent_rms_s15.npz,76492,fe626659f29f40357faf4431b176e59f1d91ba43f165f8ae0745c4073da58fca
tcn,independent_rms,17,bandpass_n20003_cRA_LA_LL_independent_rms_s10,phase2/results/predictions/full/independent_rms/tcn/seed_17/bandpass_n20003_cRA_LA_LL_independent_rms_s10.npz,76446,ae5d7b352c07e91d1cec7182ae58eedef71ba2e8d32191297e38fd592a1f138e
tcn,independent_rms,17,bandpass_n20003_cRA_LA_LL_independent_rms_s5,phase2/results/predictions/full/independent_rms/tcn/seed_17/bandpass_n20003_cRA_LA_LL_independent_rms_s5.npz,76307,de480218538a5d029c4c6cfe5938241954a2c41211a41fc3737e71bc02835a3e
tcn,independent_rms,17,bandpass_n20003_cRA_LA_LL_independent_rms_s0,phase2/results/predictions/full/independent_rms/tcn/seed_17/bandpass_n20003_cRA_LA_LL_independent_rms_s0.npz,75958,1beea550bea1891ddf561e612cbdbce7e5a459859f74853da606b5a47ed1a2c5
tcn,independent_rms,17,bandpass_n20003_cRA_LA_LL_electrode_s20,phase2/results/predictions/full/independent_rms/tcn/seed_17/bandpass_n20003_cRA_LA_LL_electrode_s20.npz,76464,e0ac6f3340999e79d7e71d7391c49ffe78a4b1c8517d4bcec99b80deba076c55
tcn,independent_rms,17,bandpass_n20003_cRA_LA_LL_electrode_s15,phase2/results/predictions/full/independent_rms/tcn/seed_17/bandpass_n20003_cRA_LA_LL_electrode_s15.npz,76468,d66e8fe2bcbc6b655cf956897cb168586a6837e1804602bd7d769afd2c93aabc
tcn,independent_rms,17,bandpass_n20003_cRA_LA_LL_electrode_s10,phase2/results/predictions/full/independent_rms/tcn/seed_17/bandpass_n20003_cRA_LA_LL_electrode_s10.npz,76392,13774f6c197f46943c50f13af99ad407b98f6386285ce44f32e4d0db56e3b8d9
tcn,independent_rms,17,bandpass_n20003_cRA_LA_LL_electrode_s5,phase2/results/predictions/full/independent_rms/tcn/seed_17/bandpass_n20003_cRA_LA_LL_electrode_s5.npz,76174,c691288ed7143969eaf2a4d723d946b891e7d552e0b5fad0a29270e5ada596c0
tcn,independent_rms,17,bandpass_n20003_cRA_LA_LL_electrode_s0,phase2/results/predictions/full/independent_rms/tcn/seed_17/bandpass_n20003_cRA_LA_LL_electrode_s0.npz,75659,7c5d3d884ee39a7a130e45057bf989fc5f0aaee9dfcdbc5ea08db18c18b0649b
tcn,independent_rms,17,bandpass_n20003_cRA_LA_LL_covariance_s20,phase2/results/predictions/full/independent_rms/tcn/seed_17/bandpass_n20003_cRA_LA_LL_covariance_s20.npz,76470,2c7f5525889d8263723eaa62ffd1e1d438841400ce281b7b8dbc4d8204db23fb
tcn,independent_rms,17,bandpass_n20003_cRA_LA_LL_covariance_s15,phase2/results/predictions/full/independent_rms/tcn/seed_17/bandpass_n20003_cRA_LA_LL_covariance_s15.npz,76440,e107ca1026261e677400060e49a5988edc59023fea86865c33f24e98ac87b674
tcn,independent_rms,17,bandpass_n20003_cRA_LA_LL_covariance_s10,phase2/results/predictions/full/independent_rms/tcn/seed_17/bandpass_n20003_cRA_LA_LL_covariance_s10.npz,76399,ed83d0164f683d095cb1d96dfb355371c841add574a421d108495d803e38be04
tcn,independent_rms,17,bandpass_n20003_cRA_LA_LL_covariance_s5,phase2/results/predictions/full/independent_rms/tcn/seed_17/bandpass_n20003_cRA_LA_LL_covariance_s5.npz,76143,a3248cb0281da75931460f0dbdd11845616c249d498ef8b459e74925519365d7
tcn,independent_rms,17,bandpass_n20003_cRA_LA_LL_covariance_s0,phase2/results/predictions/full/independent_rms/tcn/seed_17/bandpass_n20003_cRA_LA_LL_covariance_s0.npz,75640,9117912162968dc2b32765cd5c97fbc3251c09c5c0a38f2c295bde58a2991b1d
tcn,independent_rms,17,bandpass_n20003_cV1_independent_rms_s20,phase2/results/predictions/full/independent_rms/tcn/seed_17/bandpass_n20003_cV1_independent_rms_s20.npz,76497,0a25368d993dcb1499c5da33ba2295d969de0bed053ab1428c27a220908ff7b4
tcn,independent_rms,17,bandpass_n20003_cV1_independent_rms_s15,phase2/results/predictions/full/independent_rms/tcn/seed_17/bandpass_n20003_cV1_independent_rms_s15.npz,76463,79e747dc6b92b82b360b1d8e7b986adb015f4116df758dc1811b098e59ff175b
tcn,independent_rms,17,bandpass_n20003_cV1_independent_rms_s10,phase2/results/predictions/full/independent_rms/tcn/seed_17/bandpass_n20003_cV1_independent_rms_s10.npz,76423,3e78246ad70a181e62343ab486281db502833f9b306cdccaee449b03472fdc8e
tcn,independent_rms,17,bandpass_n20003_cV1_independent_rms_s5,phase2/results/predictions/full/independent_rms/tcn/seed_17/bandpass_n20003_cV1_independent_rms_s5.npz,76324,4afde0a2077bf977af2672403878ef654acd10c6810354293b33fd986d8c331b
tcn,independent_rms,17,bandpass_n20003_cV1_independent_rms_s0,phase2/results/predictions/full/independent_rms/tcn/seed_17/bandpass_n20003_cV1_independent_rms_s0.npz,76105,659e1357a0ba0f1a0f68e132966d5d0209aaa74ca912394c10c82b98c10241e8
tcn,independent_rms,17,bandpass_n20003_cV1_electrode_s20,phase2/results/predictions/full/independent_rms/tcn/seed_17/bandpass_n20003_cV1_electrode_s20.npz,76494,0b9dc4ba3a94c1aa79344cbb7dd92f23ef9889f39991fd76eaf4912a4a3b5a4a
tcn,independent_rms,17,bandpass_n20003_cV1_electrode_s15,phase2/results/predictions/full/independent_rms/tcn/seed_17/bandpass_n20003_cV1_electrode_s15.npz,76429,695a97a7be48759874200240bf5e7321e64397e2ff587341dbee77932cba9b9f
tcn,independent_rms,17,bandpass_n20003_cV1_electrode_s10,phase2/results/predictions/full/independent_rms/tcn/seed_17/bandpass_n20003_cV1_electrode_s10.npz,76414,68e79d0b67bdb77a9b6aaa9a81850af7e4762198ca80751249ebd5d0f3d10707
tcn,independent_rms,17,bandpass_n20003_cV1_electrode_s5,phase2/results/predictions/full/independent_rms/tcn/seed_17/bandpass_n20003_cV1_electrode_s5.npz,76314,92166f5c2e070667b6c0bcd80b0f43bffe5fd4cbb5941aa72359458bae43024b
tcn,independent_rms,17,bandpass_n20003_cV1_electrode_s0,phase2/results/predictions/full/independent_rms/tcn/seed_17/bandpass_n20003_cV1_electrode_s0.npz,76096,b81af5ec1158b23170e1256624258e41d9f13e02db3fd3bd5e4fa5e6da09e0ba
tcn,independent_rms,17,bandpass_n20003_cV1_covariance_s20,phase2/results/predictions/full/independent_rms/tcn/seed_17/bandpass_n20003_cV1_covariance_s20.npz,76482,129498ec398eb4dfecee6c02c694574482496021a677683e9528d4504d53baad
tcn,independent_rms,17,bandpass_n20003_cV1_covariance_s15,phase2/results/predictions/full/independent_rms/tcn/seed_17/bandpass_n20003_cV1_covariance_s15.npz,76438,7630104d3ddfba869f4fe171c63dfd4518f550ee552d4a4a06e421ad64b1c5cd
tcn,independent_rms,17,bandpass_n20003_cV1_covariance_s10,phase2/results/predictions/full/independent_rms/tcn/seed_17/bandpass_n20003_cV1_covariance_s10.npz,76436,1a3907bf639f66d6892a633c266fce853090d23312684c31733610f4445d8a09
tcn,independent_rms,17,bandpass_n20003_cV1_covariance_s5,phase2/results/predictions/full/independent_rms/tcn/seed_17/bandpass_n20003_cV1_covariance_s5.npz,76310,33a2b81350d63271b01c1c1051b4769964805446969b68ca8fcf834681382c11
tcn,independent_rms,17,bandpass_n20003_cV1_covariance_s0,phase2/results/predictions/full/independent_rms/tcn/seed_17/bandpass_n20003_cV1_covariance_s0.npz,76100,f55e56fccc6c29723bdae93bbf8850cdb29886a9733a2ea9c43d57daf802cd7f
tcn,independent_rms,17,bandpass_n20003_cV2_independent_rms_s20,phase2/results/predictions/full/independent_rms/tcn/seed_17/bandpass_n20003_cV2_independent_rms_s20.npz,76499,c7ac99d1b8786beec039e583b236f2665ea0a4840cb7646b163b71ab747b2a20
tcn,independent_rms,17,bandpass_n20003_cV2_independent_rms_s15,phase2/results/predictions/full/independent_rms/tcn/seed_17/bandpass_n20003_cV2_independent_rms_s15.npz,76465,986eb7ced9f22fd42a35a549bada66d4ba7aee74969b8d568dd99fba711b12c7
tcn,independent_rms,17,bandpass_n20003_cV2_independent_rms_s10,phase2/results/predictions/full/independent_rms/tcn/seed_17/bandpass_n20003_cV2_independent_rms_s10.npz,76421,75ef6dc8df9dea01829b0a351e83068484cf404eb92e44ef59c8a8fa138324e9
tcn,independent_rms,17,bandpass_n20003_cV2_independent_rms_s5,phase2/results/predictions/full/independent_rms/tcn/seed_17/bandpass_n20003_cV2_independent_rms_s5.npz,76322,b920f7d5fdda0b62adfc53c86cf49c23a38ca7d1b8a54b73efdf10d244c40998
tcn,independent_rms,17,bandpass_n20003_cV2_independent_rms_s0,phase2/results/predictions/full/independent_rms/tcn/seed_17/bandpass_n20003_cV2_independent_rms_s0.npz,76161,412f5dd24cf2f60637e92a762379d46b8734f1e158ea4ef45ce3c751fabe7fcd
tcn,independent_rms,17,bandpass_n20003_cV2_electrode_s20,phase2/results/predictions/full/independent_rms/tcn/seed_17/bandpass_n20003_cV2_electrode_s20.npz,76445,3275843cffa187286c4d2d8c1afb76c6dffa5f17c60344bdf798ef21c6526267
tcn,independent_rms,17,bandpass_n20003_cV2_electrode_s15,phase2/results/predictions/full/independent_rms/tcn/seed_17/bandpass_n20003_cV2_electrode_s15.npz,76428,ab5ba3fc930e5360a42a5ae33fc66c9b80e912de2ef0d5f55b9347d9076df2f9
tcn,independent_rms,17,bandpass_n20003_cV2_electrode_s10,phase2/results/predictions/full/independent_rms/tcn/seed_17/bandpass_n20003_cV2_electrode_s10.npz,76415,e2ab50e936ac0074ac5e2ebaa486dcd589547d1f3305b3b80060945a6fd31449
tcn,independent_rms,17,bandpass_n20003_cV2_electrode_s5,phase2/results/predictions/full/independent_rms/tcn/seed_17/bandpass_n20003_cV2_electrode_s5.npz,76312,4f033ac9312becd98266d13e27ae955078746fe83e7a206f1c07d57a0daf0fb2
tcn,independent_rms,17,bandpass_n20003_cV2_electrode_s0,phase2/results/predictions/full/independent_rms/tcn/seed_17/bandpass_n20003_cV2_electrode_s0.npz,76096,449b045bef5a25ef3a5673388dbb212b06b45d7c65141e567694ae93e660db1d
tcn,independent_rms,17,bandpass_n20003_cV2_covariance_s20,phase2/results/predictions/full/independent_rms/tcn/seed_17/bandpass_n20003_cV2_covariance_s20.npz,76483,44b6bac4206734f0d8f57b600baa984568efd12c12868ad83ad8d189ba9ba8b0
tcn,independent_rms,17,bandpass_n20003_cV2_covariance_s15,phase2/results/predictions/full/independent_rms/tcn/seed_17/bandpass_n20003_cV2_covariance_s15.npz,76452,4505719b648a7221fcbf6108527a5f65d409b3003944f0271f81c3552bff069c
tcn,independent_rms,17,bandpass_n20003_cV2_covariance_s10,phase2/results/predictions/full/independent_rms/tcn/seed_17/bandpass_n20003_cV2_covariance_s10.npz,76408,2913147bc4305de39eaf3c83d81e3d8aa4d76c5b52ff1622bd55dbc802cf104c
tcn,independent_rms,17,bandpass_n20003_cV2_covariance_s5,phase2/results/predictions/full/independent_rms/tcn/seed_17/bandpass_n20003_cV2_covariance_s5.npz,76335,ae25699463410d182a3df9fd3ab6054d370a2d521bcb3d3ecc5c119904e7d094
tcn,independent_rms,17,bandpass_n20003_cV2_covariance_s0,phase2/results/predictions/full/independent_rms/tcn/seed_17/bandpass_n20003_cV2_covariance_s0.npz,76132,02b5e6afa09dd0ff26cdf3b92df2604fe79d3282b09669a6bf2a37cad6afa7bd
tcn,independent_rms,17,bandpass_n20003_cV3_independent_rms_s20,phase2/results/predictions/full/independent_rms/tcn/seed_17/bandpass_n20003_cV3_independent_rms_s20.npz,76457,97c6d24052ec2709d3047050100a8982b2bfe6e74c58c7905c9ac881347014e2
tcn,independent_rms,17,bandpass_n20003_cV3_independent_rms_s15,phase2/results/predictions/full/independent_rms/tcn/seed_17/bandpass_n20003_cV3_independent_rms_s15.npz,76456,64abed66f080b7c3328a0207763c5e42298414c4e0b4518e8ee83eefdfc02f8f
tcn,independent_rms,17,bandpass_n20003_cV3_independent_rms_s10,phase2/results/predictions/full/independent_rms/tcn/seed_17/bandpass_n20003_cV3_independent_rms_s10.npz,76451,f896f7fb033be30b90ce4f1b61b2130ed0d963f5ddf2ddb680d33f3572214504
tcn,independent_rms,17,bandpass_n20003_cV3_independent_rms_s5,phase2/results/predictions/full/independent_rms/tcn/seed_17/bandpass_n20003_cV3_independent_rms_s5.npz,76339,a675102235030b22fc6c6e36045789014d0b78c224e8dab230ae05036b4def7e
tcn,independent_rms,17,bandpass_n20003_cV3_independent_rms_s0,phase2/results/predictions/full/independent_rms/tcn/seed_17/bandpass_n20003_cV3_independent_rms_s0.npz,76057,a6ac6cc9fdab91d9a8a1e434b23aa2eef6a284a9ce8e6aada2702c6986333ec8
tcn,independent_rms,17,bandpass_n20003_cV3_electrode_s20,phase2/results/predictions/full/independent_rms/tcn/seed_17/bandpass_n20003_cV3_electrode_s20.npz,76461,50038dae4acb8212c9d1b7534c57c59e793d23a399272242dcd47a495a75eaff
tcn,independent_rms,17,bandpass_n20003_cV3_electrode_s15,phase2/results/predictions/full/independent_rms/tcn/seed_17/bandpass_n20003_cV3_electrode_s15.npz,76459,36367b97a5643e2c2a3447678b72e34750958d1a36d3630c2f1136780c6eeaa6
tcn,independent_rms,17,bandpass_n20003_cV3_electrode_s10,phase2/results/predictions/full/independent_rms/tcn/seed_17/bandpass_n20003_cV3_electrode_s10.npz,76410,eb6e20243f340051aee3e400842c078ee735213fdace67afa99ae30c5b0dad76
tcn,independent_rms,17,bandpass_n20003_cV3_electrode_s5,phase2/results/predictions/full/independent_rms/tcn/seed_17/bandpass_n20003_cV3_electrode_s5.npz,76310,ba78b90f4791bceb61ed693431acc07f9930c4e47a972e44854a7fc521f6c3da
tcn,independent_rms,17,bandpass_n20003_cV3_electrode_s0,phase2/results/predictions/full/independent_rms/tcn/seed_17/bandpass_n20003_cV3_electrode_s0.npz,76045,0a9f1e211f59e5be9375ed761b93f01c0f5ba87470321f24c0042dda9f7ff89b
tcn,independent_rms,17,bandpass_n20003_cV3_covariance_s20,phase2/results/predictions/full/independent_rms/tcn/seed_17/bandpass_n20003_cV3_covariance_s20.npz,76452,a831704593606d6c212089b23d1eb6a3c482b2d928ff7d74f6d38a9ff9ebbafd
tcn,independent_rms,17,bandpass_n20003_cV3_covariance_s15,phase2/results/predictions/full/independent_rms/tcn/seed_17/bandpass_n20003_cV3_covariance_s15.npz,76449,5e0af103ebb5c916c80e8f9f41be5ce2bfd3143fefa5237284c9184e7c0d4249
tcn,independent_rms,17,bandpass_n20003_cV3_covariance_s10,phase2/results/predictions/full/independent_rms/tcn/seed_17/bandpass_n20003_cV3_covariance_s10.npz,76446,960cf2536a276a9fdc2a223a399f3798f0653b5ab1816c309ec3a38ee962999e
tcn,independent_rms,17,bandpass_n20003_cV3_covariance_s5,phase2/results/predictions/full/independent_rms/tcn/seed_17/bandpass_n20003_cV3_covariance_s5.npz,76353,78a237fedccf7ac9f181d38350619f173ad7a40ccf3a1a4378a96c0e059f4139
tcn,independent_rms,17,bandpass_n20003_cV3_covariance_s0,phase2/results/predictions/full/independent_rms/tcn/seed_17/bandpass_n20003_cV3_covariance_s0.npz,76076,8300e37b23a6868e2b911a59eb425e1628c9c1655fc182324f58f824107fb661
tcn,independent_rms,17,bandpass_n20003_cV4_independent_rms_s20,phase2/results/predictions/full/independent_rms/tcn/seed_17/bandpass_n20003_cV4_independent_rms_s20.npz,76491,de50f9c9dbe6ab63738212479a4d77ae1b717def082b8d81cbad21db1956e105
tcn,independent_rms,17,bandpass_n20003_cV4_independent_rms_s15,phase2/results/predictions/full/independent_rms/tcn/seed_17/bandpass_n20003_cV4_independent_rms_s15.npz,76492,344a104ad0ce77d22d12cfc4f51da381da11b8ede63c09cfe9f0249f3782e54b
tcn,independent_rms,17,bandpass_n20003_cV4_independent_rms_s10,phase2/results/predictions/full/independent_rms/tcn/seed_17/bandpass_n20003_cV4_independent_rms_s10.npz,76450,eaca874bbad48ee485e96ab98b7bb1bf7fe3190f6c41def8f750d2c73a76e8d9
tcn,independent_rms,17,bandpass_n20003_cV4_independent_rms_s5,phase2/results/predictions/full/independent_rms/tcn/seed_17/bandpass_n20003_cV4_independent_rms_s5.npz,76409,d1d1485b62551f20bd02093335127aed9253f6164ae37d6d4c1003ab8893905d
tcn,independent_rms,17,bandpass_n20003_cV4_independent_rms_s0,phase2/results/predictions/full/independent_rms/tcn/seed_17/bandpass_n20003_cV4_independent_rms_s0.npz,76327,aabef619389d7159282d7f0aa932b86022bf91b47e5f8ca6b61b394bd1598da9
tcn,independent_rms,17,bandpass_n20003_cV4_electrode_s20,phase2/results/predictions/full/independent_rms/tcn/seed_17/bandpass_n20003_cV4_electrode_s20.npz,76501,ef2756f944f65b877850de7e8d54d887253dd1305ef587f74cd6d8f9ead62a12
tcn,independent_rms,17,bandpass_n20003_cV4_electrode_s15,phase2/results/predictions/full/independent_rms/tcn/seed_17/bandpass_n20003_cV4_electrode_s15.npz,76486,79d98cfce22026753747655671cf20a6e1c22012d631e9df6a0721d72bdf38eb
tcn,independent_rms,17,bandpass_n20003_cV4_electrode_s10,phase2/results/predictions/full/independent_rms/tcn/seed_17/bandpass_n20003_cV4_electrode_s10.npz,76458,b0412cd6dadeb8690a273ef5a62f5558e8aff4135936f3065e5120e23818a790
tcn,independent_rms,17,bandpass_n20003_cV4_electrode_s5,phase2/results/predictions/full/independent_rms/tcn/seed_17/bandpass_n20003_cV4_electrode_s5.npz,76394,feb719f52b1cf2ff5f8f7d7d5ed3e44197050d1d1ed7a93dcad9ccdf802782b7
tcn,independent_rms,17,bandpass_n20003_cV4_electrode_s0,phase2/results/predictions/full/independent_rms/tcn/seed_17/bandpass_n20003_cV4_electrode_s0.npz,76284,a1829f9f8d7ef2c0665fa68f4f71ab09123ca0f4bcb2cc398f68a58cfd05271f
tcn,independent_rms,17,bandpass_n20003_cV4_covariance_s20,phase2/results/predictions/full/independent_rms/tcn/seed_17/bandpass_n20003_cV4_covariance_s20.npz,76481,daff79e9b43fac6ecdb718507c512f2440fe9972abc82712dd3a45363bd7355c
tcn,independent_rms,17,bandpass_n20003_cV4_covariance_s15,phase2/results/predictions/full/independent_rms/tcn/seed_17/bandpass_n20003_cV4_covariance_s15.npz,76486,c267af3783d6d63c9d1f5a42c01b6da78bdbed2e730b1a9d2abb05206b414617
tcn,independent_rms,17,bandpass_n20003_cV4_covariance_s10,phase2/results/predictions/full/independent_rms/tcn/seed_17/bandpass_n20003_cV4_covariance_s10.npz,76452,c573ab95dee2cc78e0f510fed9ae10c5f4dcc3143a8be0ebdffffb8db5d5b2dc
tcn,independent_rms,17,bandpass_n20003_cV4_covariance_s5,phase2/results/predictions/full/independent_rms/tcn/seed_17/bandpass_n20003_cV4_covariance_s5.npz,76396,b1bc5d25abdb1268dcf5d7599f5d95d307aa04b042077157d0ad84be65a2957c
tcn,independent_rms,17,bandpass_n20003_cV4_covariance_s0,phase2/results/predictions/full/independent_rms/tcn/seed_17/bandpass_n20003_cV4_covariance_s0.npz,76323,f6ca9e6b19d082fc3ef24cea1a49e6938a0254c5d5b0e6704f3115ddcdaa9dbc
tcn,independent_rms,17,bandpass_n20003_cV5_independent_rms_s20,phase2/results/predictions/full/independent_rms/tcn/seed_17/bandpass_n20003_cV5_independent_rms_s20.npz,76477,7845050de0eadb65887e1873ab97beefd4340616a3b2b8a6c9dbd43f8d7295fb
tcn,independent_rms,17,bandpass_n20003_cV5_independent_rms_s15,phase2/results/predictions/full/independent_rms/tcn/seed_17/bandpass_n20003_cV5_independent_rms_s15.npz,76464,384f1b43bf7d1c11630dca9a8e7e3e5a983ca97b45771b7fc3f1d49d15878b4d
tcn,independent_rms,17,bandpass_n20003_cV5_independent_rms_s10,phase2/results/predictions/full/independent_rms/tcn/seed_17/bandpass_n20003_cV5_independent_rms_s10.npz,76411,48eab0efc810fe3c804c32b7ec760e413494b73f5f7d394122f3f2d2c2e3b2c6
tcn,independent_rms,17,bandpass_n20003_cV5_independent_rms_s5,phase2/results/predictions/full/independent_rms/tcn/seed_17/bandpass_n20003_cV5_independent_rms_s5.npz,76348,2d71e2ef39e506bc1be6924a1bcc87b4bb9e9428c01d5799745892479df42147
tcn,independent_rms,17,bandpass_n20003_cV5_independent_rms_s0,phase2/results/predictions/full/independent_rms/tcn/seed_17/bandpass_n20003_cV5_independent_rms_s0.npz,76163,defad92ec393dca8a2f23424de5b857f57ed789d9cbc7dddecf7d2521a783ea1
tcn,independent_rms,17,bandpass_n20003_cV5_electrode_s20,phase2/results/predictions/full/independent_rms/tcn/seed_17/bandpass_n20003_cV5_electrode_s20.npz,76470,3d3d8e58346873b2566f7017845c4a78d425912556f36abb0bea1fe36176335d
tcn,independent_rms,17,bandpass_n20003_cV5_electrode_s15,phase2/results/predictions/full/independent_rms/tcn/seed_17/bandpass_n20003_cV5_electrode_s15.npz,76455,f0205f7a9fae80482c4aca75ef904476752ef67fe9d5ed0c1db1f54b25915702
tcn,independent_rms,17,bandpass_n20003_cV5_electrode_s10,phase2/results/predictions/full/independent_rms/tcn/seed_17/bandpass_n20003_cV5_electrode_s10.npz,76439,31f731603c9d2cdb80e03fbc2e239607d11caa15e20daf21b52711450383f94f
tcn,independent_rms,17,bandpass_n20003_cV5_electrode_s5,phase2/results/predictions/full/independent_rms/tcn/seed_17/bandpass_n20003_cV5_electrode_s5.npz,76366,2762347241f32970436f52e8be4734193644eb379054b8c55cbba510e4f3ce5f
tcn,independent_rms,17,bandpass_n20003_cV5_electrode_s0,phase2/results/predictions/full/independent_rms/tcn/seed_17/bandpass_n20003_cV5_electrode_s0.npz,76114,502e4b9f2657ee904fb4850482320f068c2cf6c7f4f68ad70af522368729e2b2
tcn,independent_rms,17,bandpass_n20003_cV5_covariance_s20,phase2/results/predictions/full/independent_rms/tcn/seed_17/bandpass_n20003_cV5_covariance_s20.npz,76441,f00bea091d77534e78780d82f73ef7e14e9b1472b82fb4b5c06ebddf6e22e840
tcn,independent_rms,17,bandpass_n20003_cV5_covariance_s15,phase2/results/predictions/full/independent_rms/tcn/seed_17/bandpass_n20003_cV5_covariance_s15.npz,76447,5598cf7d6b490e8241cdb73f13717a45671c068d7f0b6b8efcde21b5c85a730f
tcn,independent_rms,17,bandpass_n20003_cV5_covariance_s10,phase2/results/predictions/full/independent_rms/tcn/seed_17/bandpass_n20003_cV5_covariance_s10.npz,76428,d669f0e064e130141fd155315bdeacaf170f55d26793f16cb269794be3f0b742
tcn,independent_rms,17,bandpass_n20003_cV5_covariance_s5,phase2/results/predictions/full/independent_rms/tcn/seed_17/bandpass_n20003_cV5_covariance_s5.npz,76334,fecc1c448cc6f5da534a5abe13a64bc30cd83de57a0d855d041db4ab15819541
tcn,independent_rms,17,bandpass_n20003_cV5_covariance_s0,phase2/results/predictions/full/independent_rms/tcn/seed_17/bandpass_n20003_cV5_covariance_s0.npz,76095,70c2793f23b27dfa8c5bd880153f6ce9a4b63c3559aef194d4720aa4356c9e3b
tcn,independent_rms,17,bandpass_n20003_cV6_independent_rms_s20,phase2/results/predictions/full/independent_rms/tcn/seed_17/bandpass_n20003_cV6_independent_rms_s20.npz,76472,095168dee8313d152791878065702d86315069526ca2b31e952503872e6d38d5
tcn,independent_rms,17,bandpass_n20003_cV6_independent_rms_s15,phase2/results/predictions/full/independent_rms/tcn/seed_17/bandpass_n20003_cV6_independent_rms_s15.npz,76467,7e637abdc9178bdd69c8b51a6c3ddf74ef6eef21b3c1f31c8bba9cc0c1473125
tcn,independent_rms,17,bandpass_n20003_cV6_independent_rms_s10,phase2/results/predictions/full/independent_rms/tcn/seed_17/bandpass_n20003_cV6_independent_rms_s10.npz,76417,20a84c5619d0b6881a24d4a460d1d0a9d4b699ebdbeae93f7f04c01b7fc6be19
tcn,independent_rms,17,bandpass_n20003_cV6_independent_rms_s5,phase2/results/predictions/full/independent_rms/tcn/seed_17/bandpass_n20003_cV6_independent_rms_s5.npz,76294,e942fca852671f748ca87733486aed70f0150cf62f4f20d5da88f78b505e389a
tcn,independent_rms,17,bandpass_n20003_cV6_independent_rms_s0,phase2/results/predictions/full/independent_rms/tcn/seed_17/bandpass_n20003_cV6_independent_rms_s0.npz,76039,70f4e2bfeef202fc66f69c1c73efdcf0729cf5cf724bdbf65bfd521c1dd1a9a9
tcn,independent_rms,17,bandpass_n20003_cV6_electrode_s20,phase2/results/predictions/full/independent_rms/tcn/seed_17/bandpass_n20003_cV6_electrode_s20.npz,76498,90a49b35611c4acf407e3b063fd0c6651b41be87dc3b67edde5da165a56917bc
tcn,independent_rms,17,bandpass_n20003_cV6_electrode_s15,phase2/results/predictions/full/independent_rms/tcn/seed_17/bandpass_n20003_cV6_electrode_s15.npz,76450,de94304bb3f59d4d675011fac1912f718e4969d13c9010837397d4c7930258ae
tcn,independent_rms,17,bandpass_n20003_cV6_electrode_s10,phase2/results/predictions/full/independent_rms/tcn/seed_17/bandpass_n20003_cV6_electrode_s10.npz,76400,f8ead7598a05b583a1e13dc48e95bd70eec1a76148e109df3f19bd2a238a51f3
tcn,independent_rms,17,bandpass_n20003_cV6_electrode_s5,phase2/results/predictions/full/independent_rms/tcn/seed_17/bandpass_n20003_cV6_electrode_s5.npz,76294,d0c5daa18050eb09976d7c01c967c7900ab50452a296c8cced1779961b0061c9
tcn,independent_rms,17,bandpass_n20003_cV6_electrode_s0,phase2/results/predictions/full/independent_rms/tcn/seed_17/bandpass_n20003_cV6_electrode_s0.npz,76029,d57081ebe67e3ed8914241811cfd973257a4591009630c6d0963217b185f904a
tcn,independent_rms,17,bandpass_n20003_cV6_covariance_s20,phase2/results/predictions/full/independent_rms/tcn/seed_17/bandpass_n20003_cV6_covariance_s20.npz,76472,e6e5ac709c9cbb9577e2876a48dc8370254875c2b08669b5d7e285d9d651b429
tcn,independent_rms,17,bandpass_n20003_cV6_covariance_s15,phase2/results/predictions/full/independent_rms/tcn/seed_17/bandpass_n20003_cV6_covariance_s15.npz,76442,2503943c6b21e4fd35bb7fd6e3f943bc50e9a007951ca1079a43d6f1e8ad195c
tcn,independent_rms,17,bandpass_n20003_cV6_covariance_s10,phase2/results/predictions/full/independent_rms/tcn/seed_17/bandpass_n20003_cV6_covariance_s10.npz,76413,6ea567f7f821192c13ab81563b10af2c02485001bdd2a3534fa30c45f77cd94b
tcn,independent_rms,17,bandpass_n20003_cV6_covariance_s5,phase2/results/predictions/full/independent_rms/tcn/seed_17/bandpass_n20003_cV6_covariance_s5.npz,76324,76fab67d246bbf1f4875f8669f57258ce4300b23ce8c835011754f8c0c4dbcd6
tcn,independent_rms,17,bandpass_n20003_cV6_covariance_s0,phase2/results/predictions/full/independent_rms/tcn/seed_17/bandpass_n20003_cV6_covariance_s0.npz,76049,d914c15d7c974683b4b83a104090ab2565a68e8606f110e2bfdb8ba78396ddc3
tcn,independent_rms,17,bandpass_n20003_cRA_LA_independent_rms_s20,phase2/results/predictions/full/independent_rms/tcn/seed_17/bandpass_n20003_cRA_LA_independent_rms_s20.npz,76476,564b11d4163a9ddd3f78874fc295882bbc07b5aca439b50f8a97001201a436ea
tcn,independent_rms,17,bandpass_n20003_cRA_LA_independent_rms_s15,phase2/results/predictions/full/independent_rms/tcn/seed_17/bandpass_n20003_cRA_LA_independent_rms_s15.npz,76487,f7ff4bd53164b07f8826df0582a4cc1613d36f043c4c05329d6a2d8567ea2dba
tcn,independent_rms,17,bandpass_n20003_cRA_LA_independent_rms_s10,phase2/results/predictions/full/independent_rms/tcn/seed_17/bandpass_n20003_cRA_LA_independent_rms_s10.npz,76427,28d8e856f331b28be9bf131c2f80dc94ab007bfab9132768c41a4421e238c97d
tcn,independent_rms,17,bandpass_n20003_cRA_LA_independent_rms_s5,phase2/results/predictions/full/independent_rms/tcn/seed_17/bandpass_n20003_cRA_LA_independent_rms_s5.npz,76320,c8dfc39d6b2394c6592e38e54acdbe3c7e2fddffe67446445aaa29ae3c454a2a
tcn,independent_rms,17,bandpass_n20003_cRA_LA_independent_rms_s0,phase2/results/predictions/full/independent_rms/tcn/seed_17/bandpass_n20003_cRA_LA_independent_rms_s0.npz,75984,815444853e2f51856bf14fcd07e0202c5675cb18e516ed092ca0672fe1f7d567
tcn,independent_rms,17,bandpass_n20003_cRA_LA_electrode_s20,phase2/results/predictions/full/independent_rms/tcn/seed_17/bandpass_n20003_cRA_LA_electrode_s20.npz,76459,980cf1de81bfa71670ac6440ab6d2438370849c1735d191c84660e050f74a594
tcn,independent_rms,17,bandpass_n20003_cRA_LA_electrode_s15,phase2/results/predictions/full/independent_rms/tcn/seed_17/bandpass_n20003_cRA_LA_electrode_s15.npz,76437,a59101d70de048535eedc3fdb37e8b1c0ff4b29afea3eb261e9becfe6235567e
tcn,independent_rms,17,bandpass_n20003_cRA_LA_electrode_s10,phase2/results/predictions/full/independent_rms/tcn/seed_17/bandpass_n20003_cRA_LA_electrode_s10.npz,76339,485cd77be5697cc4c13a7cba296ee5340ac5ee888caba58ec2af3e7a285ada38
tcn,independent_rms,17,bandpass_n20003_cRA_LA_electrode_s5,phase2/results/predictions/full/independent_rms/tcn/seed_17/bandpass_n20003_cRA_LA_electrode_s5.npz,76168,349d32e30bc7e81ae226fc5563e3ccba7ffe1cb6affcb365ed8086908e163412
tcn,independent_rms,17,bandpass_n20003_cRA_LA_electrode_s0,phase2/results/predictions/full/independent_rms/tcn/seed_17/bandpass_n20003_cRA_LA_electrode_s0.npz,75667,9bec67fc060595659bb1417b18ec47ba6e6fd9e25da9089231ffe11bb8e4ef98
tcn,independent_rms,17,bandpass_n20003_cRA_LA_covariance_s20,phase2/results/predictions/full/independent_rms/tcn/seed_17/bandpass_n20003_cRA_LA_covariance_s20.npz,76465,fe474323bf5202374f0c8da0985a7561a073c8acf2ececb716c574f38ab0b34e
tcn,independent_rms,17,bandpass_n20003_cRA_LA_covariance_s15,phase2/results/predictions/full/independent_rms/tcn/seed_17/bandpass_n20003_cRA_LA_covariance_s15.npz,76446,81a4849786eedf3b9ac8fa8fd4ffa0099742fb82192498ef2cc372e75eb573e8
tcn,independent_rms,17,bandpass_n20003_cRA_LA_covariance_s10,phase2/results/predictions/full/independent_rms/tcn/seed_17/bandpass_n20003_cRA_LA_covariance_s10.npz,76396,c17af8212e3c6827039f2032ecfb14bd7ba18dc5c5b84ff260e19016f1255a23
tcn,independent_rms,17,bandpass_n20003_cRA_LA_covariance_s5,phase2/results/predictions/full/independent_rms/tcn/seed_17/bandpass_n20003_cRA_LA_covariance_s5.npz,76184,0a87ea5bf0b16cbb401b64210d3b2c84795e2af0177a358f501b3f505fe3c2e0
tcn,independent_rms,17,bandpass_n20003_cRA_LA_covariance_s0,phase2/results/predictions/full/independent_rms/tcn/seed_17/bandpass_n20003_cRA_LA_covariance_s0.npz,75672,36b53dbf281174b366691d8d8d5ffd2b990443684a9bc34aa9f318a1e5b74cdb
tcn,independent_rms,17,bandpass_n20003_cLA_LL_independent_rms_s20,phase2/results/predictions/full/independent_rms/tcn/seed_17/bandpass_n20003_cLA_LL_independent_rms_s20.npz,76494,aba9b2bae70778128d82d2af10ce02a1c6049f262fe63ef9ad19f647e17fb6cb
tcn,independent_rms,17,bandpass_n20003_cLA_LL_independent_rms_s15,phase2/results/predictions/full/independent_rms/tcn/seed_17/bandpass_n20003_cLA_LL_independent_rms_s15.npz,76470,e76c7e57782823fcb3fff3b4f7e6019bb7f891c769e145116cd679566ce46e74
tcn,independent_rms,17,bandpass_n20003_cLA_LL_independent_rms_s10,phase2/results/predictions/full/independent_rms/tcn/seed_17/bandpass_n20003_cLA_LL_independent_rms_s10.npz,76412,630f6d12236f3348e994b18f593ec7ed2ec946d0ebf77b7d449e03be2782f79d
tcn,independent_rms,17,bandpass_n20003_cLA_LL_independent_rms_s5,phase2/results/predictions/full/independent_rms/tcn/seed_17/bandpass_n20003_cLA_LL_independent_rms_s5.npz,76312,1f88ff0295dfeeadda1ed7de1b819677caf85a63c0edcbf962c1687816d0b997
tcn,independent_rms,17,bandpass_n20003_cLA_LL_independent_rms_s0,phase2/results/predictions/full/independent_rms/tcn/seed_17/bandpass_n20003_cLA_LL_independent_rms_s0.npz,76002,b11a61cb9835ca4931bc77258016c16c736cd592254b62e1a72a6773b367d51f
tcn,independent_rms,17,bandpass_n20003_cLA_LL_electrode_s20,phase2/results/predictions/full/independent_rms/tcn/seed_17/bandpass_n20003_cLA_LL_electrode_s20.npz,76452,9359f88a7bfa9e0341a3fe64af74aa16320f5f38498882a9cf4a6382d85e0317
tcn,independent_rms,17,bandpass_n20003_cLA_LL_electrode_s15,phase2/results/predictions/full/independent_rms/tcn/seed_17/bandpass_n20003_cLA_LL_electrode_s15.npz,76474,b7853b5b4424dc21f5e8678f4df7cf6ff89e5fc3d1a8eb376b428b740a80e5bf
tcn,independent_rms,17,bandpass_n20003_cLA_LL_electrode_s10,phase2/results/predictions/full/independent_rms/tcn/seed_17/bandpass_n20003_cLA_LL_electrode_s10.npz,76374,5ddcd31f2486c6e9de4c6276ebc281b2df2a4d096f7b890adc24cfbedcaacfb8
tcn,independent_rms,17,bandpass_n20003_cLA_LL_electrode_s5,phase2/results/predictions/full/independent_rms/tcn/seed_17/bandpass_n20003_cLA_LL_electrode_s5.npz,76190,2f8077bf4c3879d574a0bf714b96dc3db96fc82c05106e36e4acd46949cb2348
tcn,independent_rms,17,bandpass_n20003_cLA_LL_electrode_s0,phase2/results/predictions/full/independent_rms/tcn/seed_17/bandpass_n20003_cLA_LL_electrode_s0.npz,75808,d92b54fa88c2416c44f61875e11c24e085be02b321ea82540da843d3c1133c02
tcn,independent_rms,17,bandpass_n20003_cLA_LL_covariance_s20,phase2/results/predictions/full/independent_rms/tcn/seed_17/bandpass_n20003_cLA_LL_covariance_s20.npz,76442,bf42d5ff31f4e8214d4739684e571be33739d4cf63350fee2d7e937a6f4b2483
tcn,independent_rms,17,bandpass_n20003_cLA_LL_covariance_s15,phase2/results/predictions/full/independent_rms/tcn/seed_17/bandpass_n20003_cLA_LL_covariance_s15.npz,76439,429535f687e5f69809af91fe04c8da7a7a87246d43bdbcd23b4b02785aabd6f4
tcn,independent_rms,17,bandpass_n20003_cLA_LL_covariance_s10,phase2/results/predictions/full/independent_rms/tcn/seed_17/bandpass_n20003_cLA_LL_covariance_s10.npz,76367,b53f830e651c812464a08ddcd8f08740b096e939f308a65514a11f097270651f
tcn,independent_rms,17,bandpass_n20003_cLA_LL_covariance_s5,phase2/results/predictions/full/independent_rms/tcn/seed_17/bandpass_n20003_cLA_LL_covariance_s5.npz,76222,4d6f467d1c34bbec58acbcc413c0685bd62ec1e635b8efd1f99ede1173ca54e2
tcn,independent_rms,17,bandpass_n20003_cLA_LL_covariance_s0,phase2/results/predictions/full/independent_rms/tcn/seed_17/bandpass_n20003_cLA_LL_covariance_s0.npz,75806,ac3130a2f07284321242acdcfb67221297273351231fdeb228e87ea9b3c84c16
tcn,independent_rms,17,bandpass_n20003_cRA_LL_independent_rms_s20,phase2/results/predictions/full/independent_rms/tcn/seed_17/bandpass_n20003_cRA_LL_independent_rms_s20.npz,76466,b06d1cbbed26a319935529d6376c639287e7c1148a83811e045688c05fd8030b
tcn,independent_rms,17,bandpass_n20003_cRA_LL_independent_rms_s15,phase2/results/predictions/full/independent_rms/tcn/seed_17/bandpass_n20003_cRA_LL_independent_rms_s15.npz,76470,50cc421f4ec63ff282b60d9a542b0dac153467551e1263e8b3038cddd157081a
tcn,independent_rms,17,bandpass_n20003_cRA_LL_independent_rms_s10,phase2/results/predictions/full/independent_rms/tcn/seed_17/bandpass_n20003_cRA_LL_independent_rms_s10.npz,76394,72abae4230fe05d82bd627d25b088966f908f0c624e82abc5c432d68c19626ac
tcn,independent_rms,17,bandpass_n20003_cRA_LL_independent_rms_s5,phase2/results/predictions/full/independent_rms/tcn/seed_17/bandpass_n20003_cRA_LL_independent_rms_s5.npz,76225,02d9a5927a95eb48a77f437fbdc6548ad447cc000521a76bcf683567d9f209d1
tcn,independent_rms,17,bandpass_n20003_cRA_LL_independent_rms_s0,phase2/results/predictions/full/independent_rms/tcn/seed_17/bandpass_n20003_cRA_LL_independent_rms_s0.npz,75932,514257b2550b60943c972aca0f58c60dfeb606866fa10a534c5a86c20a9c1f76
tcn,independent_rms,17,bandpass_n20003_cRA_LL_electrode_s20,phase2/results/predictions/full/independent_rms/tcn/seed_17/bandpass_n20003_cRA_LL_electrode_s20.npz,76472,2ddecdc79396620d31e38c1f40a4b7ac0653b90de704ce2d9c49271ec377ded8
tcn,independent_rms,17,bandpass_n20003_cRA_LL_electrode_s15,phase2/results/predictions/full/independent_rms/tcn/seed_17/bandpass_n20003_cRA_LL_electrode_s15.npz,76450,75d6deb4cee454a79d094acece8c7a0e788eab0ce90fffbaa617a29aabfd31cd
tcn,independent_rms,17,bandpass_n20003_cRA_LL_electrode_s10,phase2/results/predictions/full/independent_rms/tcn/seed_17/bandpass_n20003_cRA_LL_electrode_s10.npz,76361,74ce23ff807e854ea4f311180f402f4c51f9ca6c38bcb349f13568d7f5852225
tcn,independent_rms,17,bandpass_n20003_cRA_LL_electrode_s5,phase2/results/predictions/full/independent_rms/tcn/seed_17/bandpass_n20003_cRA_LL_electrode_s5.npz,76153,f3c38d21697e52fb921cf5703f4d224157d2e70abbdf58742b0d3cbf5ada5abc
tcn,independent_rms,17,bandpass_n20003_cRA_LL_electrode_s0,phase2/results/predictions/full/independent_rms/tcn/seed_17/bandpass_n20003_cRA_LL_electrode_s0.npz,75670,18a8fdc86637f756c941ed992cb0460f1a2118c6d597e548d4e33c2b0944ead6
tcn,independent_rms,17,bandpass_n20003_cRA_LL_covariance_s20,phase2/results/predictions/full/independent_rms/tcn/seed_17/bandpass_n20003_cRA_LL_covariance_s20.npz,76470,9ee3dbf06320d1b39b08fcbbbf31fa6088baf0470395ef371319440f601fae69
tcn,independent_rms,17,bandpass_n20003_cRA_LL_covariance_s15,phase2/results/predictions/full/independent_rms/tcn/seed_17/bandpass_n20003_cRA_LL_covariance_s15.npz,76438,3c374e74e8a792526c134de50f72869ce2de321df2f16c2276571a5cf58f0fe5
tcn,independent_rms,17,bandpass_n20003_cRA_LL_covariance_s10,phase2/results/predictions/full/independent_rms/tcn/seed_17/bandpass_n20003_cRA_LL_covariance_s10.npz,76380,e45094b1b2dc84e58455609954422559a790486bb629f6c81d8d1a821c74e8b5
tcn,independent_rms,17,bandpass_n20003_cRA_LL_covariance_s5,phase2/results/predictions/full/independent_rms/tcn/seed_17/bandpass_n20003_cRA_LL_covariance_s5.npz,76149,ba3d5b31db4baab00d1e8f0b89d34cc5e708662f4b77f646e963fe7d13d3466e
tcn,independent_rms,17,bandpass_n20003_cRA_LL_covariance_s0,phase2/results/predictions/full/independent_rms/tcn/seed_17/bandpass_n20003_cRA_LL_covariance_s0.npz,75677,3d48c8620c01bc3aedb75f2036fcb86ecde23bf57961bf153ef915ec8058187b
tcn,independent_rms,17,bandpass_n20003_cRA_independent_rms_s20,phase2/results/predictions/full/independent_rms/tcn/seed_17/bandpass_n20003_cRA_independent_rms_s20.npz,76500,5a20fe0f21d75f0152ac870c77d935f074677df259845be59590338ed9d57af9
tcn,independent_rms,17,bandpass_n20003_cRA_independent_rms_s15,phase2/results/predictions/full/independent_rms/tcn/seed_17/bandpass_n20003_cRA_independent_rms_s15.npz,76469,c70e3e8c78a9d4069d3c46cb8aab92ac8109c4ccf76cdadca455d8d0047c1c05
tcn,independent_rms,17,bandpass_n20003_cRA_independent_rms_s10,phase2/results/predictions/full/independent_rms/tcn/seed_17/bandpass_n20003_cRA_independent_rms_s10.npz,76433,791809008399975d172fbc034d67cde30717228308d8a58d1022566cdd049753
tcn,independent_rms,17,bandpass_n20003_cRA_independent_rms_s5,phase2/results/predictions/full/independent_rms/tcn/seed_17/bandpass_n20003_cRA_independent_rms_s5.npz,76289,63b765535b7eb5d7e48082de6b681f1853a4d5c3321377d7b214fcdb263278ef
tcn,independent_rms,17,bandpass_n20003_cRA_independent_rms_s0,phase2/results/predictions/full/independent_rms/tcn/seed_17/bandpass_n20003_cRA_independent_rms_s0.npz,75924,b17a591006bad66e60db77a22afb93050acad31dfab74abd8667ea822a325115
tcn,independent_rms,17,bandpass_n20003_cRA_electrode_s20,phase2/results/predictions/full/independent_rms/tcn/seed_17/bandpass_n20003_cRA_electrode_s20.npz,76473,13a450e1dff011dfde240d3bc76643730daf6a75a7b6780ca6c443eb34b7c50a
tcn,independent_rms,17,bandpass_n20003_cRA_electrode_s15,phase2/results/predictions/full/independent_rms/tcn/seed_17/bandpass_n20003_cRA_electrode_s15.npz,76433,0988aace93fccacf235ab763dd068d601f985cf478ed9f06e84f4373d1d66788
tcn,independent_rms,17,bandpass_n20003_cRA_electrode_s10,phase2/results/predictions/full/independent_rms/tcn/seed_17/bandpass_n20003_cRA_electrode_s10.npz,76348,98ea461d54eb214928893247ce22d7d52a88b864cb5b392e8cb73c4feddb9523
tcn,independent_rms,17,bandpass_n20003_cRA_electrode_s5,phase2/results/predictions/full/independent_rms/tcn/seed_17/bandpass_n20003_cRA_electrode_s5.npz,76141,0cc3fc9a6ab1650755ec9a34a2a2e525ea876375932fd32bda41203ffa6a1976
tcn,independent_rms,17,bandpass_n20003_cRA_electrode_s0,phase2/results/predictions/full/independent_rms/tcn/seed_17/bandpass_n20003_cRA_electrode_s0.npz,75727,fbc32ca3686f40da4363fccfdd586b731e1e17bebe2d8aa7e43d836170fa7c21
tcn,independent_rms,17,bandpass_n20003_cRA_covariance_s20,phase2/results/predictions/full/independent_rms/tcn/seed_17/bandpass_n20003_cRA_covariance_s20.npz,76473,7791bfaa999e2116cad69d9cab16c5f341e2c7b892b6d8b8f9960f2b437a2e4c
tcn,independent_rms,17,bandpass_n20003_cRA_covariance_s15,phase2/results/predictions/full/independent_rms/tcn/seed_17/bandpass_n20003_cRA_covariance_s15.npz,76419,a4c02932221d24247217f1e280edf24f9fb60bb15f52db202683f189ee84ad4f
tcn,independent_rms,17,bandpass_n20003_cRA_covariance_s10,phase2/results/predictions/full/independent_rms/tcn/seed_17/bandpass_n20003_cRA_covariance_s10.npz,76339,f574b8ab719d840450927e8f56c445e6ef5fa03e7cffc92a3cdaac1fb3d55f09
tcn,independent_rms,17,bandpass_n20003_cRA_covariance_s5,phase2/results/predictions/full/independent_rms/tcn/seed_17/bandpass_n20003_cRA_covariance_s5.npz,76150,62a7e4142c5a72a041b5b75901614742a5a2294d7a1ed1a5733f2b51a7acffee
tcn,independent_rms,17,bandpass_n20003_cRA_covariance_s0,phase2/results/predictions/full/independent_rms/tcn/seed_17/bandpass_n20003_cRA_covariance_s0.npz,75692,2913de7c1bf94473d9605811ed06e4ceeb58371bfa2454fc2c5d62df44143438
tcn,independent_rms,17,bandpass_n20003_cLA_independent_rms_s20,phase2/results/predictions/full/independent_rms/tcn/seed_17/bandpass_n20003_cLA_independent_rms_s20.npz,76460,40ce0fa4724dd8e525b1df2636d4a336e70dd96130e34ca1ac81869798807c36
tcn,independent_rms,17,bandpass_n20003_cLA_independent_rms_s15,phase2/results/predictions/full/independent_rms/tcn/seed_17/bandpass_n20003_cLA_independent_rms_s15.npz,76481,81e1cb2c6d038132d320d4934757709a5893f1371a40eda496f46e4e83f8e209
tcn,independent_rms,17,bandpass_n20003_cLA_independent_rms_s10,phase2/results/predictions/full/independent_rms/tcn/seed_17/bandpass_n20003_cLA_independent_rms_s10.npz,76396,74b5d7eecc1827c86e38c823c88da84d54c0ee1db182c4f364229a5f9876c2c4
tcn,independent_rms,17,bandpass_n20003_cLA_independent_rms_s5,phase2/results/predictions/full/independent_rms/tcn/seed_17/bandpass_n20003_cLA_independent_rms_s5.npz,76357,18b50377d78cb763945d1aab82bf5247ab878f71badc16439ef57bbddad6f778
tcn,independent_rms,17,bandpass_n20003_cLA_independent_rms_s0,phase2/results/predictions/full/independent_rms/tcn/seed_17/bandpass_n20003_cLA_independent_rms_s0.npz,76066,44b236ea95192a1790632f1a69838c25cd0cdc196fbcf2aaa3694e78a0435515
tcn,independent_rms,17,bandpass_n20003_cLA_electrode_s20,phase2/results/predictions/full/independent_rms/tcn/seed_17/bandpass_n20003_cLA_electrode_s20.npz,76447,388f5913b4220b1eb13658943cb56861e08ecff6ab8bbe4077858a72979a4022
tcn,independent_rms,17,bandpass_n20003_cLA_electrode_s15,phase2/results/predictions/full/independent_rms/tcn/seed_17/bandpass_n20003_cLA_electrode_s15.npz,76412,d67e131c176ce68b715c7a188514c0bf7fccfd2cbd6e2f0b0cbd0bba22213c60
tcn,independent_rms,17,bandpass_n20003_cLA_electrode_s10,phase2/results/predictions/full/independent_rms/tcn/seed_17/bandpass_n20003_cLA_electrode_s10.npz,76368,a8b22c0fe186b0136fa127a5f06a7af85b040160e3853fc79f827756b3866da5
tcn,independent_rms,17,bandpass_n20003_cLA_electrode_s5,phase2/results/predictions/full/independent_rms/tcn/seed_17/bandpass_n20003_cLA_electrode_s5.npz,76213,3fa26933dbf588bba7017073d49824ef5c3add65b31c8d926626861b46825d04
tcn,independent_rms,17,bandpass_n20003_cLA_electrode_s0,phase2/results/predictions/full/independent_rms/tcn/seed_17/bandpass_n20003_cLA_electrode_s0.npz,75831,384b3b94f182d1450f5d64fac093fa2f8d262383b2b86b2c9d3097346c893279
tcn,independent_rms,17,bandpass_n20003_cLA_covariance_s20,phase2/results/predictions/full/independent_rms/tcn/seed_17/bandpass_n20003_cLA_covariance_s20.npz,76499,2d552f919afee1a02b377a5a79187e6e78be2baaac4381a8ce633376902472f4
tcn,independent_rms,17,bandpass_n20003_cLA_covariance_s15,phase2/results/predictions/full/independent_rms/tcn/seed_17/bandpass_n20003_cLA_covariance_s15.npz,76448,dff1ac69452a679d1b0ca34e7777f85d233b6918a585b1ebb148bbfb96a4a030
tcn,independent_rms,17,bandpass_n20003_cLA_covariance_s10,phase2/results/predictions/full/independent_rms/tcn/seed_17/bandpass_n20003_cLA_covariance_s10.npz,76424,0bbc304f18260a4e22688e6911c48289f3b5dbc52950b1690a86d683e14516a1
tcn,independent_rms,17,bandpass_n20003_cLA_covariance_s5,phase2/results/predictions/full/independent_rms/tcn/seed_17/bandpass_n20003_cLA_covariance_s5.npz,76174,3988dc5ae4858b605a2866189c5d58257d0cea974ec557b84851e2c4556bc768
tcn,independent_rms,17,bandpass_n20003_cLA_covariance_s0,phase2/results/predictions/full/independent_rms/tcn/seed_17/bandpass_n20003_cLA_covariance_s0.npz,75774,d633f87c83a52d8c0024301a0b917095540ad0f5637bfb44616b39234725a5f8
tcn,independent_rms,17,bandpass_n20003_cLL_independent_rms_s20,phase2/results/predictions/full/independent_rms/tcn/seed_17/bandpass_n20003_cLL_independent_rms_s20.npz,76473,7b1c4e79ceee3161c42839db16f2e60b4d0f29419a7068f618f9fc2caeb5d426
tcn,independent_rms,17,bandpass_n20003_cLL_independent_rms_s15,phase2/results/predictions/full/independent_rms/tcn/seed_17/bandpass_n20003_cLL_independent_rms_s15.npz,76452,b292a2ee08456db671dcbf02388fea594d177177219a24eb13061e8de29f75ee
tcn,independent_rms,17,bandpass_n20003_cLL_independent_rms_s10,phase2/results/predictions/full/independent_rms/tcn/seed_17/bandpass_n20003_cLL_independent_rms_s10.npz,76400,b071eeb5c8dd9ddb5dc2c483cf43e86c84427910baf2979867f945c949e53969
tcn,independent_rms,17,bandpass_n20003_cLL_independent_rms_s5,phase2/results/predictions/full/independent_rms/tcn/seed_17/bandpass_n20003_cLL_independent_rms_s5.npz,76271,27e49293ac688afa9056ed356d19988f04c17c609ccccfc080ad5ea2a4afacb5
tcn,independent_rms,17,bandpass_n20003_cLL_independent_rms_s0,phase2/results/predictions/full/independent_rms/tcn/seed_17/bandpass_n20003_cLL_independent_rms_s0.npz,75895,d2a13959ab5aa0a31d60403c414e7f43f28ef3235432813196a4f9514a1993d4
tcn,independent_rms,17,bandpass_n20003_cLL_electrode_s20,phase2/results/predictions/full/independent_rms/tcn/seed_17/bandpass_n20003_cLL_electrode_s20.npz,76434,293a590e3ab0e261e2e74ef585dad52b71e75da5dc851d43dd002729a2dff6ef
tcn,independent_rms,17,bandpass_n20003_cLL_electrode_s15,phase2/results/predictions/full/independent_rms/tcn/seed_17/bandpass_n20003_cLL_electrode_s15.npz,76459,f0f10b7921a3cd3e0f2cebdb0204a3971414d44978d7136d3a8be6fabd798ec9
tcn,independent_rms,17,bandpass_n20003_cLL_electrode_s10,phase2/results/predictions/full/independent_rms/tcn/seed_17/bandpass_n20003_cLL_electrode_s10.npz,76381,b760745ddba42dd2ac8db5cb2f86dac4d457dba551fee01bb6e7745291a2b3e4
tcn,independent_rms,17,bandpass_n20003_cLL_electrode_s5,phase2/results/predictions/full/independent_rms/tcn/seed_17/bandpass_n20003_cLL_electrode_s5.npz,76196,255c91614633e06323345dbf8e6b28ca4aff724a7187803116d329493e4c926f
tcn,independent_rms,17,bandpass_n20003_cLL_electrode_s0,phase2/results/predictions/full/independent_rms/tcn/seed_17/bandpass_n20003_cLL_electrode_s0.npz,75798,281c8f11c30df646fa52d754beb10a5397248462e9f12fc91fbb1ebdbf58249d
tcn,independent_rms,17,bandpass_n20003_cLL_covariance_s20,phase2/results/predictions/full/independent_rms/tcn/seed_17/bandpass_n20003_cLL_covariance_s20.npz,76477,f66c6780bd583494ad7348b0a80797071897dc6fef6fdef197fee3698f6b12e0
tcn,independent_rms,17,bandpass_n20003_cLL_covariance_s15,phase2/results/predictions/full/independent_rms/tcn/seed_17/bandpass_n20003_cLL_covariance_s15.npz,76433,092a6cf1362829748e6b283bac1387b953a5c614b05b83cdd5f7b0932eb39970
tcn,independent_rms,17,bandpass_n20003_cLL_covariance_s10,phase2/results/predictions/full/independent_rms/tcn/seed_17/bandpass_n20003_cLL_covariance_s10.npz,76360,d92fb6981ebb8b1cb14352a10f4245614e3d298ba36a83dde3ab0fc982238cde
tcn,independent_rms,17,bandpass_n20003_cLL_covariance_s5,phase2/results/predictions/full/independent_rms/tcn/seed_17/bandpass_n20003_cLL_covariance_s5.npz,76208,c833e58569bf81d73f3a780ff9d18ae205956cb658b30aa72d813e478a218577
tcn,independent_rms,17,bandpass_n20003_cLL_covariance_s0,phase2/results/predictions/full/independent_rms/tcn/seed_17/bandpass_n20003_cLL_covariance_s0.npz,75805,671707e85f638477fa0bf458c3adef4aa22bb98390365840e69b058e69141e86
tcn,independent_rms,17,bandpass_n20003_cRA_V1_independent_rms_s20,phase2/results/predictions/full/independent_rms/tcn/seed_17/bandpass_n20003_cRA_V1_independent_rms_s20.npz,76494,1433e6c3829f082953b8645856378eff12fd87e0952ca8f3d747c8570699f3ee
tcn,independent_rms,17,bandpass_n20003_cRA_V1_independent_rms_s15,phase2/results/predictions/full/independent_rms/tcn/seed_17/bandpass_n20003_cRA_V1_independent_rms_s15.npz,76478,2fd9df859fa6c7c1f8528a2bb5779abd833eb0102adffd19c7b050c1b5cf5811
tcn,independent_rms,17,bandpass_n20003_cRA_V1_independent_rms_s10,phase2/results/predictions/full/independent_rms/tcn/seed_17/bandpass_n20003_cRA_V1_independent_rms_s10.npz,76434,ac97b9478e7e405047cd5962a461a96a5a599125e840a37aebffce42ab1f2996
tcn,independent_rms,17,bandpass_n20003_cRA_V1_independent_rms_s5,phase2/results/predictions/full/independent_rms/tcn/seed_17/bandpass_n20003_cRA_V1_independent_rms_s5.npz,76277,f691e5270bedb3b7967a9bd553f71e4e717423955e5ca9ff85b32d56a27a417d
tcn,independent_rms,17,bandpass_n20003_cRA_V1_independent_rms_s0,phase2/results/predictions/full/independent_rms/tcn/seed_17/bandpass_n20003_cRA_V1_independent_rms_s0.npz,75934,3c393132da339f3ce59f6758f4ddd9f93b660f7144b4dcdec69f8d880d3b4a67
tcn,independent_rms,17,bandpass_n20003_cRA_V1_electrode_s20,phase2/results/predictions/full/independent_rms/tcn/seed_17/bandpass_n20003_cRA_V1_electrode_s20.npz,76497,4209d9e702ed8f3bc1e5f6d117553be26af1f232b0b209936b10030f7ae59666
tcn,independent_rms,17,bandpass_n20003_cRA_V1_electrode_s15,phase2/results/predictions/full/independent_rms/tcn/seed_17/bandpass_n20003_cRA_V1_electrode_s15.npz,76440,be647674e0d2381b6b5c2f77ade47a5d581d944ec352624faad00a51ff013940
tcn,independent_rms,17,bandpass_n20003_cRA_V1_electrode_s10,phase2/results/predictions/full/independent_rms/tcn/seed_17/bandpass_n20003_cRA_V1_electrode_s10.npz,76363,2abf6f3a466c40bbd24c2bca5eabd4c1dec3280620a80af4fde229c25745aded
tcn,independent_rms,17,bandpass_n20003_cRA_V1_electrode_s5,phase2/results/predictions/full/independent_rms/tcn/seed_17/bandpass_n20003_cRA_V1_electrode_s5.npz,76215,970924b37ad09ef93d4381100d699a56ad15f23dba4192abfb7ded892af0a537
tcn,independent_rms,17,bandpass_n20003_cRA_V1_electrode_s0,phase2/results/predictions/full/independent_rms/tcn/seed_17/bandpass_n20003_cRA_V1_electrode_s0.npz,75784,77e88d2f9bb7fc9b3d69ee5f7c43ab586243603828960b659127faabcf3b9902
tcn,independent_rms,17,bandpass_n20003_cRA_V1_covariance_s20,phase2/results/predictions/full/independent_rms/tcn/seed_17/bandpass_n20003_cRA_V1_covariance_s20.npz,76512,3c49430e3a4acba89bacc9ccffbf999a78b34cb25c7a99eef0d5923e37a080c7
tcn,independent_rms,17,bandpass_n20003_cRA_V1_covariance_s15,phase2/results/predictions/full/independent_rms/tcn/seed_17/bandpass_n20003_cRA_V1_covariance_s15.npz,76436,bfdd46d4c66a7c6e4709648a94a28eadb23d8653e58cf056bed5deeb088aaed4
tcn,independent_rms,17,bandpass_n20003_cRA_V1_covariance_s10,phase2/results/predictions/full/independent_rms/tcn/seed_17/bandpass_n20003_cRA_V1_covariance_s10.npz,76336,35065cac4b51b1817d6c5ef73302981e20d8132878e110e2877d34e256f4825d
tcn,independent_rms,17,bandpass_n20003_cRA_V1_covariance_s5,phase2/results/predictions/full/independent_rms/tcn/seed_17/bandpass_n20003_cRA_V1_covariance_s5.npz,76180,608f5808521f1490c213752ab61682598c9a9c6ecc4c26ac72d4607f5bd277e1
tcn,independent_rms,17,bandpass_n20003_cRA_V1_covariance_s0,phase2/results/predictions/full/independent_rms/tcn/seed_17/bandpass_n20003_cRA_V1_covariance_s0.npz,75812,b17201ab419cbd5d0520af6f8e9144898d8ad089be26aa3c1955029079c3aba4
tcn,independent_rms,17,bandpass_n20003_cLA_V6_independent_rms_s20,phase2/results/predictions/full/independent_rms/tcn/seed_17/bandpass_n20003_cLA_V6_independent_rms_s20.npz,76471,5ba5c55a9a3ec2945174ea1c257e30301387ab1d7f95b3e580bd9dcc4d38b0f3
tcn,independent_rms,17,bandpass_n20003_cLA_V6_independent_rms_s15,phase2/results/predictions/full/independent_rms/tcn/seed_17/bandpass_n20003_cLA_V6_independent_rms_s15.npz,76466,ed3e4e00a54f70546901b233e8c6a5a8e8cad055bde8237c1e1d52fd7fe8c07e
tcn,independent_rms,17,bandpass_n20003_cLA_V6_independent_rms_s10,phase2/results/predictions/full/independent_rms/tcn/seed_17/bandpass_n20003_cLA_V6_independent_rms_s10.npz,76432,dcf904c4944f710925f7bcfe351d74ad6cc7e4e6b244b4c8c87a3c5894918e5f
tcn,independent_rms,17,bandpass_n20003_cLA_V6_independent_rms_s5,phase2/results/predictions/full/independent_rms/tcn/seed_17/bandpass_n20003_cLA_V6_independent_rms_s5.npz,76357,fb34ba6e85cc38c414c6afea3918a23c222327e5871008d8517b7e4dae6e8ee6
tcn,independent_rms,17,bandpass_n20003_cLA_V6_independent_rms_s0,phase2/results/predictions/full/independent_rms/tcn/seed_17/bandpass_n20003_cLA_V6_independent_rms_s0.npz,76108,2676998e10389c20faafa3b7d51abe5d62137ac328c7eddbe9daf65498539b9c
tcn,independent_rms,17,bandpass_n20003_cLA_V6_electrode_s20,phase2/results/predictions/full/independent_rms/tcn/seed_17/bandpass_n20003_cLA_V6_electrode_s20.npz,76480,048c87973139cda646b6bcaf6b360aadb0501ba4bbb76c2091c9095fe1ed239c
tcn,independent_rms,17,bandpass_n20003_cLA_V6_electrode_s15,phase2/results/predictions/full/independent_rms/tcn/seed_17/bandpass_n20003_cLA_V6_electrode_s15.npz,76470,22a133b3b064c2a563935d5bb0d08b7106c9f8af0d570ffac530ebc0d918c7ea
tcn,independent_rms,17,bandpass_n20003_cLA_V6_electrode_s10,phase2/results/predictions/full/independent_rms/tcn/seed_17/bandpass_n20003_cLA_V6_electrode_s10.npz,76403,9a64fe5b7c666593319f01dd4c6abbf8d8924331631cdc8e01574e0be86c4991
tcn,independent_rms,17,bandpass_n20003_cLA_V6_electrode_s5,phase2/results/predictions/full/independent_rms/tcn/seed_17/bandpass_n20003_cLA_V6_electrode_s5.npz,76235,7daa27d88cc123a0d4132f2341be6536aed827fe1da23fde5f131f3dcd4cc317
tcn,independent_rms,17,bandpass_n20003_cLA_V6_electrode_s0,phase2/results/predictions/full/independent_rms/tcn/seed_17/bandpass_n20003_cLA_V6_electrode_s0.npz,75817,02b190f12b655a81ca27fcb7f1d8f480af4a39354137a4c3198071dee146be8a
tcn,independent_rms,17,bandpass_n20003_cLA_V6_covariance_s20,phase2/results/predictions/full/independent_rms/tcn/seed_17/bandpass_n20003_cLA_V6_covariance_s20.npz,76484,8a78a2ab81ad8a53f4d3ac953f0207107076a4d4b5e93d4d4e6a682956ff0694
tcn,independent_rms,17,bandpass_n20003_cLA_V6_covariance_s15,phase2/results/predictions/full/independent_rms/tcn/seed_17/bandpass_n20003_cLA_V6_covariance_s15.npz,76460,62fa44185e6ecd7115126ced7cd3d5278f3ceec68d17bdb2579c27a6a05259ef
tcn,independent_rms,17,bandpass_n20003_cLA_V6_covariance_s10,phase2/results/predictions/full/independent_rms/tcn/seed_17/bandpass_n20003_cLA_V6_covariance_s10.npz,76373,cf2c1c0291d74e93079efe3569173d1308dd95b8dafb6542d7774213734f29f3
tcn,independent_rms,17,bandpass_n20003_cLA_V6_covariance_s5,phase2/results/predictions/full/independent_rms/tcn/seed_17/bandpass_n20003_cLA_V6_covariance_s5.npz,76236,f5f77cd0ed33f584314791cee71eaec2475fe3851bc30ec52e887c1d54144525
tcn,independent_rms,17,bandpass_n20003_cLA_V6_covariance_s0,phase2/results/predictions/full/independent_rms/tcn/seed_17/bandpass_n20003_cLA_V6_covariance_s0.npz,75880,00eb3e059a4b2b2b3459e114aa172597c13a900a89a02e18f90b05ede5ff8a5e
tcn,independent_rms,17,bandpass_n20003_cLL_V4_independent_rms_s20,phase2/results/predictions/full/independent_rms/tcn/seed_17/bandpass_n20003_cLL_V4_independent_rms_s20.npz,76482,1e090f7aeb75b74196a96e3d4a23349c02c5b309a1ea11f83b654112c2c4e671
tcn,independent_rms,17,bandpass_n20003_cLL_V4_independent_rms_s15,phase2/results/predictions/full/independent_rms/tcn/seed_17/bandpass_n20003_cLL_V4_independent_rms_s15.npz,76505,eb9462c5ddb15774043cc7e07b4e0a64a849c20671ca405720d50f60427c8d97
tcn,independent_rms,17,bandpass_n20003_cLL_V4_independent_rms_s10,phase2/results/predictions/full/independent_rms/tcn/seed_17/bandpass_n20003_cLL_V4_independent_rms_s10.npz,76409,67b98986ca2466e4f16526555014e268fbf0e600954699bb7244ee6c687f409e
tcn,independent_rms,17,bandpass_n20003_cLL_V4_independent_rms_s5,phase2/results/predictions/full/independent_rms/tcn/seed_17/bandpass_n20003_cLL_V4_independent_rms_s5.npz,76321,f159851c7fa467a7a7ea2961e74219d6cb8b1a5fea6b119a000cde255f7e0758
tcn,independent_rms,17,bandpass_n20003_cLL_V4_independent_rms_s0,phase2/results/predictions/full/independent_rms/tcn/seed_17/bandpass_n20003_cLL_V4_independent_rms_s0.npz,75954,a169fd7decb4abbdbb0ff54563ac051e8a3b1f77a8c1ca754ac884cd59f10cb2
tcn,independent_rms,17,bandpass_n20003_cLL_V4_electrode_s20,phase2/results/predictions/full/independent_rms/tcn/seed_17/bandpass_n20003_cLL_V4_electrode_s20.npz,76503,9a1cb78f175b2742b129a29afc83a24b501cb8af0d5919aef673741f61c0ea15
tcn,independent_rms,17,bandpass_n20003_cLL_V4_electrode_s15,phase2/results/predictions/full/independent_rms/tcn/seed_17/bandpass_n20003_cLL_V4_electrode_s15.npz,76473,d167313175bd45aced8a32e140228b5a2d301365dec1a21d316e4decc3894cd5
tcn,independent_rms,17,bandpass_n20003_cLL_V4_electrode_s10,phase2/results/predictions/full/independent_rms/tcn/seed_17/bandpass_n20003_cLL_V4_electrode_s10.npz,76403,314b9060e815d0cefa8345f3d9e8871767d126415ca77343cf779c0b8f670d0f
tcn,independent_rms,17,bandpass_n20003_cLL_V4_electrode_s5,phase2/results/predictions/full/independent_rms/tcn/seed_17/bandpass_n20003_cLL_V4_electrode_s5.npz,76235,7028e8d5a4a9fba7ebe1596a60416724b50ee027dd66c7b5359b54f689681dc5
tcn,independent_rms,17,bandpass_n20003_cLL_V4_electrode_s0,phase2/results/predictions/full/independent_rms/tcn/seed_17/bandpass_n20003_cLL_V4_electrode_s0.npz,75900,6cb4b68db70a620a1824059bb0bfec095e8ce42fb4d6564f41ce649b97d13961
tcn,independent_rms,17,bandpass_n20003_cLL_V4_covariance_s20,phase2/results/predictions/full/independent_rms/tcn/seed_17/bandpass_n20003_cLL_V4_covariance_s20.npz,76464,52ddf0090ed97f897a757cea78b09889345e57251ae0f7a883a3290ade34e297
tcn,independent_rms,17,bandpass_n20003_cLL_V4_covariance_s15,phase2/results/predictions/full/independent_rms/tcn/seed_17/bandpass_n20003_cLL_V4_covariance_s15.npz,76447,b6bd7d1ccdb044effd90a605d2378d474c1f8fc6248ec48ad5f0ac2d30119dbf
tcn,independent_rms,17,bandpass_n20003_cLL_V4_covariance_s10,phase2/results/predictions/full/independent_rms/tcn/seed_17/bandpass_n20003_cLL_V4_covariance_s10.npz,76415,e7a7f19e6150abae39a4667b0b4246675f92a28cb5986498a3b57a5d8a2e5576
tcn,independent_rms,17,bandpass_n20003_cLL_V4_covariance_s5,phase2/results/predictions/full/independent_rms/tcn/seed_17/bandpass_n20003_cLL_V4_covariance_s5.npz,76249,4e314a9026922e6ba54cf7357316ca9e603aa1e1f96fa4d8c17db2ff6ece4349
tcn,independent_rms,17,bandpass_n20003_cLL_V4_covariance_s0,phase2/results/predictions/full/independent_rms/tcn/seed_17/bandpass_n20003_cLL_V4_covariance_s0.npz,75903,1531f45f428f1bc9978c3d0303db4e7ba9e985dcd0da76da49b679ea4e61a031
tcn,independent_rms,17,bandpass_n20003_cRA_LA_V1_V6_independent_rms_s20,phase2/results/predictions/full/independent_rms/tcn/seed_17/bandpass_n20003_cRA_LA_V1_V6_independent_rms_s20.npz,76507,233188c2982a5e470bf6df1bd2ef78ae6d54db291eadddc42b50a82ce313c302
tcn,independent_rms,17,bandpass_n20003_cRA_LA_V1_V6_independent_rms_s15,phase2/results/predictions/full/independent_rms/tcn/seed_17/bandpass_n20003_cRA_LA_V1_V6_independent_rms_s15.npz,76472,18563424ab0312547ecc79657a83dc5f492d9784f13c8a61874b09c525fea5ab
tcn,independent_rms,17,bandpass_n20003_cRA_LA_V1_V6_independent_rms_s10,phase2/results/predictions/full/independent_rms/tcn/seed_17/bandpass_n20003_cRA_LA_V1_V6_independent_rms_s10.npz,76442,b3a24db8a65e81125e773204c5513518a8f05a004448909687923aabcf8abbec
tcn,independent_rms,17,bandpass_n20003_cRA_LA_V1_V6_independent_rms_s5,phase2/results/predictions/full/independent_rms/tcn/seed_17/bandpass_n20003_cRA_LA_V1_V6_independent_rms_s5.npz,76283,4062889aa59776771c9dfaada222cf9c9c6d31f52475a8a71cc26d80f6751835
tcn,independent_rms,17,bandpass_n20003_cRA_LA_V1_V6_independent_rms_s0,phase2/results/predictions/full/independent_rms/tcn/seed_17/bandpass_n20003_cRA_LA_V1_V6_independent_rms_s0.npz,76007,1b3e5c8aa01caa36f850ee1af24294ced7d1172f1b0c4d0a13f502bfab84a253
tcn,independent_rms,17,bandpass_n20003_cRA_LA_V1_V6_electrode_s20,phase2/results/predictions/full/independent_rms/tcn/seed_17/bandpass_n20003_cRA_LA_V1_V6_electrode_s20.npz,76475,2403f3eb1dbedf3539b2c8a4f4bea3c2373ce30f7649ebbbbffad108e0ffe0e8
tcn,independent_rms,17,bandpass_n20003_cRA_LA_V1_V6_electrode_s15,phase2/results/predictions/full/independent_rms/tcn/seed_17/bandpass_n20003_cRA_LA_V1_V6_electrode_s15.npz,76426,a46e20522e23b3e1b42305c4caf7d1af1d1c9248d557e8091a0998dd057d8db6
tcn,independent_rms,17,bandpass_n20003_cRA_LA_V1_V6_electrode_s10,phase2/results/predictions/full/independent_rms/tcn/seed_17/bandpass_n20003_cRA_LA_V1_V6_electrode_s10.npz,76397,131dccde7912aa11e370a6e322314399109ba0ac3ef5a6a0f129c649f2772619
tcn,independent_rms,17,bandpass_n20003_cRA_LA_V1_V6_electrode_s5,phase2/results/predictions/full/independent_rms/tcn/seed_17/bandpass_n20003_cRA_LA_V1_V6_electrode_s5.npz,76205,c9f5f82fa59d3865a4812296677d8bd527189197f8d617bdb8e8bcfd46917f21
tcn,independent_rms,17,bandpass_n20003_cRA_LA_V1_V6_electrode_s0,phase2/results/predictions/full/independent_rms/tcn/seed_17/bandpass_n20003_cRA_LA_V1_V6_electrode_s0.npz,75766,f7130fded612e47a5bf97c81ca609ad6abdb3c5fb2bcbee5c4219c33c14f143f
tcn,independent_rms,17,bandpass_n20003_cRA_LA_V1_V6_covariance_s20,phase2/results/predictions/full/independent_rms/tcn/seed_17/bandpass_n20003_cRA_LA_V1_V6_covariance_s20.npz,76480,d6bf1b6d38927c75fade8fe11858f1ab46e5e7231a11bf9b45ec1c6516e1cc83
tcn,independent_rms,17,bandpass_n20003_cRA_LA_V1_V6_covariance_s15,phase2/results/predictions/full/independent_rms/tcn/seed_17/bandpass_n20003_cRA_LA_V1_V6_covariance_s15.npz,76468,46f9d9275e6defa12451187d941a66c5a65d5e7fe15faed87248a0ba0415e22b
tcn,independent_rms,17,bandpass_n20003_cRA_LA_V1_V6_covariance_s10,phase2/results/predictions/full/independent_rms/tcn/seed_17/bandpass_n20003_cRA_LA_V1_V6_covariance_s10.npz,76373,0e720c6cc4641850469026274528dfd24ee6551180a3d6b83560d236833fdce5
tcn,independent_rms,17,bandpass_n20003_cRA_LA_V1_V6_covariance_s5,phase2/results/predictions/full/independent_rms/tcn/seed_17/bandpass_n20003_cRA_LA_V1_V6_covariance_s5.npz,76219,91063b7d058af14fdb4723c2e3980080dc293f29ac478b2465622d0574fa8719
tcn,independent_rms,17,bandpass_n20003_cRA_LA_V1_V6_covariance_s0,phase2/results/predictions/full/independent_rms/tcn/seed_17/bandpass_n20003_cRA_LA_V1_V6_covariance_s0.npz,75735,684cf877d878cec7740bcb4073422b9b8a9ed535ff108aff8e64e5f15c5fa81d
tcn,independent_rms,17,bandpass_n20003_cRA_V2_V5_independent_rms_s20,phase2/results/predictions/full/independent_rms/tcn/seed_17/bandpass_n20003_cRA_V2_V5_independent_rms_s20.npz,76498,21f0d846277f8032532bda8157b420c82c07471e2a6f2581046a5da4a0b8fa13
tcn,independent_rms,17,bandpass_n20003_cRA_V2_V5_independent_rms_s15,phase2/results/predictions/full/independent_rms/tcn/seed_17/bandpass_n20003_cRA_V2_V5_independent_rms_s15.npz,76486,05f38e2a788a7c7826807dbc3110f5582e0245c9d9fea18aca6b651ca6fb06b3
tcn,independent_rms,17,bandpass_n20003_cRA_V2_V5_independent_rms_s10,phase2/results/predictions/full/independent_rms/tcn/seed_17/bandpass_n20003_cRA_V2_V5_independent_rms_s10.npz,76476,6111b0cac073b4b0e0ecc4b8368485d724d95e12e588e327763755c8c726a3f3
tcn,independent_rms,17,bandpass_n20003_cRA_V2_V5_independent_rms_s5,phase2/results/predictions/full/independent_rms/tcn/seed_17/bandpass_n20003_cRA_V2_V5_independent_rms_s5.npz,76326,1e25b8fe23ec173c5286000f44a3907fae2e64bebb290aa5f5ce37983d3f76f6
tcn,independent_rms,17,bandpass_n20003_cRA_V2_V5_independent_rms_s0,phase2/results/predictions/full/independent_rms/tcn/seed_17/bandpass_n20003_cRA_V2_V5_independent_rms_s0.npz,75943,d629d543af2475c32897341bc7b5e60d6bde37638c793b39010ed1161a3591f4
tcn,independent_rms,17,bandpass_n20003_cRA_V2_V5_electrode_s20,phase2/results/predictions/full/independent_rms/tcn/seed_17/bandpass_n20003_cRA_V2_V5_electrode_s20.npz,76436,fd249985a6e9f0f4b7ebbd14793e7cfb9005effd9836afdaef94dc084c52b4f2
tcn,independent_rms,17,bandpass_n20003_cRA_V2_V5_electrode_s15,phase2/results/predictions/full/independent_rms/tcn/seed_17/bandpass_n20003_cRA_V2_V5_electrode_s15.npz,76474,3eae668cd72f55fd95a65cdfe37ce84887820402dbd8fcb0032cfa9d8ac2a673
tcn,independent_rms,17,bandpass_n20003_cRA_V2_V5_electrode_s10,phase2/results/predictions/full/independent_rms/tcn/seed_17/bandpass_n20003_cRA_V2_V5_electrode_s10.npz,76385,d62d5e59758807ed55b1a2c86cb776abfe2353262b45cea8d03ff097e934f27e
tcn,independent_rms,17,bandpass_n20003_cRA_V2_V5_electrode_s5,phase2/results/predictions/full/independent_rms/tcn/seed_17/bandpass_n20003_cRA_V2_V5_electrode_s5.npz,76203,2a446a79c91550553efb051ae8bde1e38eaf158c44d48ac5431b031aea2cfb74
tcn,independent_rms,17,bandpass_n20003_cRA_V2_V5_electrode_s0,phase2/results/predictions/full/independent_rms/tcn/seed_17/bandpass_n20003_cRA_V2_V5_electrode_s0.npz,75838,1ebc7471f1a3d4be9a069eae12c46ccfb6ec6e6c93950ace21966e5c7b0ace1c
tcn,independent_rms,17,bandpass_n20003_cRA_V2_V5_covariance_s20,phase2/results/predictions/full/independent_rms/tcn/seed_17/bandpass_n20003_cRA_V2_V5_covariance_s20.npz,76469,3de70391af645e66f22df7642666031cdc56359e2e566b1b765be7e3710c2b32
tcn,independent_rms,17,bandpass_n20003_cRA_V2_V5_covariance_s15,phase2/results/predictions/full/independent_rms/tcn/seed_17/bandpass_n20003_cRA_V2_V5_covariance_s15.npz,76438,78808be7c51b093554ccded2fec485915baf1b300cfc9eb2546ab64f6f059eb7
tcn,independent_rms,17,bandpass_n20003_cRA_V2_V5_covariance_s10,phase2/results/predictions/full/independent_rms/tcn/seed_17/bandpass_n20003_cRA_V2_V5_covariance_s10.npz,76417,9318bef720a1d036151eada360c7f26f3a6a47225b900af8214f63ae1a1370d9
tcn,independent_rms,17,bandpass_n20003_cRA_V2_V5_covariance_s5,phase2/results/predictions/full/independent_rms/tcn/seed_17/bandpass_n20003_cRA_V2_V5_covariance_s5.npz,76206,15ddd9b9b761220d7ed523c602aa690f5133c9d61a38da1c18318f9dd910bcc6
tcn,independent_rms,17,bandpass_n20003_cRA_V2_V5_covariance_s0,phase2/results/predictions/full/independent_rms/tcn/seed_17/bandpass_n20003_cRA_V2_V5_covariance_s0.npz,75865,788916e2443be06d6ba73d2dedb42f32c9abc3b241f8c6c0d67c6c2cf68bb21e
tcn,independent_rms,17,bandpass_n20003_cLA_V3_V6_independent_rms_s20,phase2/results/predictions/full/independent_rms/tcn/seed_17/bandpass_n20003_cLA_V3_V6_independent_rms_s20.npz,76499,9f2adc534e404952fa02da61dc4327ff36e750a627f278f471603e0e8584fa1e
tcn,independent_rms,17,bandpass_n20003_cLA_V3_V6_independent_rms_s15,phase2/results/predictions/full/independent_rms/tcn/seed_17/bandpass_n20003_cLA_V3_V6_independent_rms_s15.npz,76500,7eee20bdfd2dfe84b9d47c5a2cda58cf46dd1a4d8232145e26d9e5d2f176f137
tcn,independent_rms,17,bandpass_n20003_cLA_V3_V6_independent_rms_s10,phase2/results/predictions/full/independent_rms/tcn/seed_17/bandpass_n20003_cLA_V3_V6_independent_rms_s10.npz,76441,7b37934691b6d98e3a831efe8e30287e7a450e2ba7ecbccead0dda1dbd48e00b
tcn,independent_rms,17,bandpass_n20003_cLA_V3_V6_independent_rms_s5,phase2/results/predictions/full/independent_rms/tcn/seed_17/bandpass_n20003_cLA_V3_V6_independent_rms_s5.npz,76337,8ebe4faf8de3953045dc3c76bf8c1c22fcce1b9d4a7ccb9e65a93df6889f10b7
tcn,independent_rms,17,bandpass_n20003_cLA_V3_V6_independent_rms_s0,phase2/results/predictions/full/independent_rms/tcn/seed_17/bandpass_n20003_cLA_V3_V6_independent_rms_s0.npz,76051,71f754d447399c8885b8a8fbbc9aa80dad2812be13b20f48fad2393db588a55c
tcn,independent_rms,17,bandpass_n20003_cLA_V3_V6_electrode_s20,phase2/results/predictions/full/independent_rms/tcn/seed_17/bandpass_n20003_cLA_V3_V6_electrode_s20.npz,76509,b3a9d66f9ef5aef54dffd32be8624e9b7d3f0c24f5d466c7b817a15b42a218f0
tcn,independent_rms,17,bandpass_n20003_cLA_V3_V6_electrode_s15,phase2/results/predictions/full/independent_rms/tcn/seed_17/bandpass_n20003_cLA_V3_V6_electrode_s15.npz,76474,8e5fff8aa3466da320f2f72f6ed13c04f022bb5ec07300f97bed6e19fdddb2f8
tcn,independent_rms,17,bandpass_n20003_cLA_V3_V6_electrode_s10,phase2/results/predictions/full/independent_rms/tcn/seed_17/bandpass_n20003_cLA_V3_V6_electrode_s10.npz,76405,dc6ef4948ec457db968320914c934e0a6b0a2cc7ea711bc4cb0315b843beacd7
tcn,independent_rms,17,bandpass_n20003_cLA_V3_V6_electrode_s5,phase2/results/predictions/full/independent_rms/tcn/seed_17/bandpass_n20003_cLA_V3_V6_electrode_s5.npz,76256,2d51fa87320bc347ca18bf38783814144e4a3fdd7ad2ce97739b2b95ccac48dd
tcn,independent_rms,17,bandpass_n20003_cLA_V3_V6_electrode_s0,phase2/results/predictions/full/independent_rms/tcn/seed_17/bandpass_n20003_cLA_V3_V6_electrode_s0.npz,75858,bdba752cd64f660972b1ec0c8c7ab71b6c717dc9b9cf5061d7bc01832307b2c2
tcn,independent_rms,17,bandpass_n20003_cLA_V3_V6_covariance_s20,phase2/results/predictions/full/independent_rms/tcn/seed_17/bandpass_n20003_cLA_V3_V6_covariance_s20.npz,76480,106f12d2afe879c0ef0792cd1b6f4ac2007895d55fb33ea6df8310627fa79233
tcn,independent_rms,17,bandpass_n20003_cLA_V3_V6_covariance_s15,phase2/results/predictions/full/independent_rms/tcn/seed_17/bandpass_n20003_cLA_V3_V6_covariance_s15.npz,76442,534800e9385685872da94340c34bf2bd515adbe601df9438470496c8654331b5
tcn,independent_rms,17,bandpass_n20003_cLA_V3_V6_covariance_s10,phase2/results/predictions/full/independent_rms/tcn/seed_17/bandpass_n20003_cLA_V3_V6_covariance_s10.npz,76433,ed984c4e1662e05ee62f6be844d50f3b9a0fc19e6ceb73a092b7702b9e3fe665
tcn,independent_rms,17,bandpass_n20003_cLA_V3_V6_covariance_s5,phase2/results/predictions/full/independent_rms/tcn/seed_17/bandpass_n20003_cLA_V3_V6_covariance_s5.npz,76248,4520c87089c054c3268f86caee1d59041149ea97b9539801cebc974f2a35bea3
tcn,independent_rms,17,bandpass_n20003_cLA_V3_V6_covariance_s0,phase2/results/predictions/full/independent_rms/tcn/seed_17/bandpass_n20003_cLA_V3_V6_covariance_s0.npz,75895,9d47cfa0aeeed1571cf33f289cf087df4f9ee4dea09b7df3fd0b3ce7abc139aa
tcn,independent_rms,17,bandpass_n20003_cLL_V1_V4_independent_rms_s20,phase2/results/predictions/full/independent_rms/tcn/seed_17/bandpass_n20003_cLL_V1_V4_independent_rms_s20.npz,76520,5a1925ec74389d1cb173b40e2fb11f3c9a9df545d4961588501ef58ae1e90e66
tcn,independent_rms,17,bandpass_n20003_cLL_V1_V4_independent_rms_s15,phase2/results/predictions/full/independent_rms/tcn/seed_17/bandpass_n20003_cLL_V1_V4_independent_rms_s15.npz,76478,e8546c8cb591b2561b31ef4db8f28928fcf0253f676dee47adfddf392b073862
tcn,independent_rms,17,bandpass_n20003_cLL_V1_V4_independent_rms_s10,phase2/results/predictions/full/independent_rms/tcn/seed_17/bandpass_n20003_cLL_V1_V4_independent_rms_s10.npz,76434,9e03fe4cc6a63522b1a2807c983fedf74378f7ffdd1de97f6672fe3ddfb1b114
tcn,independent_rms,17,bandpass_n20003_cLL_V1_V4_independent_rms_s5,phase2/results/predictions/full/independent_rms/tcn/seed_17/bandpass_n20003_cLL_V1_V4_independent_rms_s5.npz,76284,2e839d72c1d78930017b37114cc60a29484b6e7705c1559c0bbb309adff46b85
tcn,independent_rms,17,bandpass_n20003_cLL_V1_V4_independent_rms_s0,phase2/results/predictions/full/independent_rms/tcn/seed_17/bandpass_n20003_cLL_V1_V4_independent_rms_s0.npz,75980,e57fa4ece4f65ae927fea152f6258dfffcea6e359f47ab61dc1c4182cfdbfba5
tcn,independent_rms,17,bandpass_n20003_cLL_V1_V4_electrode_s20,phase2/results/predictions/full/independent_rms/tcn/seed_17/bandpass_n20003_cLL_V1_V4_electrode_s20.npz,76480,3989a30b8b1474319272b3117118579be0794d3483ce6205303b27e7ef394fa2
tcn,independent_rms,17,bandpass_n20003_cLL_V1_V4_electrode_s15,phase2/results/predictions/full/independent_rms/tcn/seed_17/bandpass_n20003_cLL_V1_V4_electrode_s15.npz,76454,dd1fe80bf2d04fd483c664bb28d53671fe95c063b3f4769f42b2099576d8aeab
tcn,independent_rms,17,bandpass_n20003_cLL_V1_V4_electrode_s10,phase2/results/predictions/full/independent_rms/tcn/seed_17/bandpass_n20003_cLL_V1_V4_electrode_s10.npz,76411,c543e94fc7650e75aeb1f6e8e4872ce8d3e0a12b1b4dbd1d913fa067c7ef9d9c
tcn,independent_rms,17,bandpass_n20003_cLL_V1_V4_electrode_s5,phase2/results/predictions/full/independent_rms/tcn/seed_17/bandpass_n20003_cLL_V1_V4_electrode_s5.npz,76268,c2e93e097e2d6ebb4310b251b063199d31c61bf4879f771bd2e59d3f847c9b8d
tcn,independent_rms,17,bandpass_n20003_cLL_V1_V4_electrode_s0,phase2/results/predictions/full/independent_rms/tcn/seed_17/bandpass_n20003_cLL_V1_V4_electrode_s0.npz,75946,94dad23bb5a10cc763aed505f4a2a64c7bc9af092bcbd6b976632f15cd9d975a
tcn,independent_rms,17,bandpass_n20003_cLL_V1_V4_covariance_s20,phase2/results/predictions/full/independent_rms/tcn/seed_17/bandpass_n20003_cLL_V1_V4_covariance_s20.npz,76487,f0d01f6bc1acbff752179a166c450d5380667894ccca3f43e4684c10c5f347c5
tcn,independent_rms,17,bandpass_n20003_cLL_V1_V4_covariance_s15,phase2/results/predictions/full/independent_rms/tcn/seed_17/bandpass_n20003_cLL_V1_V4_covariance_s15.npz,76456,1d0d415f2a11761b8677d6bc3aebaa280b7c3d1129c80a4b22d62c3ac738f790
tcn,independent_rms,17,bandpass_n20003_cLL_V1_V4_covariance_s10,phase2/results/predictions/full/independent_rms/tcn/seed_17/bandpass_n20003_cLL_V1_V4_covariance_s10.npz,76458,167c28ad0af7f21dd23275ae5cb95a6565902c9f6238fbbba375edafd6bfcb5a
tcn,independent_rms,17,bandpass_n20003_cLL_V1_V4_covariance_s5,phase2/results/predictions/full/independent_rms/tcn/seed_17/bandpass_n20003_cLL_V1_V4_covariance_s5.npz,76225,83168771f69c35089c815789941ede15732787ce454dc7280a54e7ab46b90f3a
tcn,independent_rms,17,bandpass_n20003_cLL_V1_V4_covariance_s0,phase2/results/predictions/full/independent_rms/tcn/seed_17/bandpass_n20003_cLL_V1_V4_covariance_s0.npz,75930,bc83d890891adeef1c3f892783836ec5335c529810de4b7a48df10b0d9301d60
tcn,independent_rms,17,bandpass_n20003_call_independent_rms_s20,phase2/results/predictions/full/independent_rms/tcn/seed_17/bandpass_n20003_call_independent_rms_s20.npz,76484,7a3b0df57adac6bfa974cb16aa4a9dd7afa48468a8aa5b13bc8c2fc72c24dd7d
tcn,independent_rms,17,bandpass_n20003_call_independent_rms_s15,phase2/results/predictions/full/independent_rms/tcn/seed_17/bandpass_n20003_call_independent_rms_s15.npz,76441,acc94d9b80eac6a79549ae2bc44cbf94d0663ec2ac63f9b6b059976e4d64a5a9
tcn,independent_rms,17,bandpass_n20003_call_independent_rms_s10,phase2/results/predictions/full/independent_rms/tcn/seed_17/bandpass_n20003_call_independent_rms_s10.npz,76375,56036f7a3f6c4ca5d764c7f7ff890542a33ff36be53db1ee98d60400c3036b05
tcn,independent_rms,17,bandpass_n20003_call_independent_rms_s5,phase2/results/predictions/full/independent_rms/tcn/seed_17/bandpass_n20003_call_independent_rms_s5.npz,76300,42a7c40cdd5214152ba1e9e5dc2a27099398237c09d4efbb7149d81753ee29ac
tcn,independent_rms,17,bandpass_n20003_call_independent_rms_s0,phase2/results/predictions/full/independent_rms/tcn/seed_17/bandpass_n20003_call_independent_rms_s0.npz,75979,f674b01f6693d353b7f1920130b465c063925884848dedd4de1e9c1a8d3d78ff
tcn,independent_rms,17,bandpass_n20003_call_electrode_s20,phase2/results/predictions/full/independent_rms/tcn/seed_17/bandpass_n20003_call_electrode_s20.npz,76470,03c8ea6f6908a3be2d3d623c1ba2ec391aa44faf8fe8e6e31b6f5a590ac2b894
tcn,independent_rms,17,bandpass_n20003_call_electrode_s15,phase2/results/predictions/full/independent_rms/tcn/seed_17/bandpass_n20003_call_electrode_s15.npz,76454,520cb5e3ddb467a699e21f4e653d1fbb21956e744fc39b0a25e3c7aecf642f08
tcn,independent_rms,17,bandpass_n20003_call_electrode_s10,phase2/results/predictions/full/independent_rms/tcn/seed_17/bandpass_n20003_call_electrode_s10.npz,76399,fc5ac76955a645f6b36af3212e45c5008b7af99d6564454feb496558680e7a63
tcn,independent_rms,17,bandpass_n20003_call_electrode_s5,phase2/results/predictions/full/independent_rms/tcn/seed_17/bandpass_n20003_call_electrode_s5.npz,76224,39d6c98a7e4f41b7b257b61e3e143fc3db4924ee4258ca3c0f5652ebdc11081c
tcn,independent_rms,17,bandpass_n20003_call_electrode_s0,phase2/results/predictions/full/independent_rms/tcn/seed_17/bandpass_n20003_call_electrode_s0.npz,75753,cb6149df5e5cec4f79c7f17cef95a4d9e6a5b0b10747008ad903edf312338a71
tcn,independent_rms,17,bandpass_n20003_call_covariance_s20,phase2/results/predictions/full/independent_rms/tcn/seed_17/bandpass_n20003_call_covariance_s20.npz,76475,c40445aefee11e20991f5c1943c134913a9b3cbc06753a98f4b16b2fa9d58123
tcn,independent_rms,17,bandpass_n20003_call_covariance_s15,phase2/results/predictions/full/independent_rms/tcn/seed_17/bandpass_n20003_call_covariance_s15.npz,76432,f31a077b3a5bb3d01ee5c55da890d6a1aa3c47a6b90edf6dc096eee61217a863
tcn,independent_rms,17,bandpass_n20003_call_covariance_s10,phase2/results/predictions/full/independent_rms/tcn/seed_17/bandpass_n20003_call_covariance_s10.npz,76368,b67bd50879818343f3acdce93efe299ee1d67a9cfb4ec8ccd009bd4c9afa2c54
tcn,independent_rms,17,bandpass_n20003_call_covariance_s5,phase2/results/predictions/full/independent_rms/tcn/seed_17/bandpass_n20003_call_covariance_s5.npz,76241,c0db378cac04505d2a4bcc651fa8aa46f2b3de21fe97b3d1bfd482a4b2ef4668
tcn,independent_rms,17,bandpass_n20003_call_covariance_s0,phase2/results/predictions/full/independent_rms/tcn/seed_17/bandpass_n20003_call_covariance_s0.npz,75756,46e9eec9f5e201fffae003890f4a116bdee5ea963b121449062f37046fa2fdc7
tcn,independent_rms,17,bandpass_n20004_cRA_LA_LL_independent_rms_s20,phase2/results/predictions/full/independent_rms/tcn/seed_17/bandpass_n20004_cRA_LA_LL_independent_rms_s20.npz,76488,1b0bf65396719517ed2927eb90e7bfe8cda89c2d96140db6f1d2b4c917b60f7e
tcn,independent_rms,17,bandpass_n20004_cRA_LA_LL_independent_rms_s15,phase2/results/predictions/full/independent_rms/tcn/seed_17/bandpass_n20004_cRA_LA_LL_independent_rms_s15.npz,76489,9f6dd73b99ae64d4ae4b4bc6a785c9f0973c02746c1519185cd28ca61d63b237
tcn,independent_rms,17,bandpass_n20004_cRA_LA_LL_independent_rms_s10,phase2/results/predictions/full/independent_rms/tcn/seed_17/bandpass_n20004_cRA_LA_LL_independent_rms_s10.npz,76457,68275c22668652648da6b513058ad426d53a28fbc3d9761300e1a3d69b0c054a
tcn,independent_rms,17,bandpass_n20004_cRA_LA_LL_independent_rms_s5,phase2/results/predictions/full/independent_rms/tcn/seed_17/bandpass_n20004_cRA_LA_LL_independent_rms_s5.npz,76299,52bef0c601125af35f3cabd591eb5378ba78b4314d5705c65abd35efee08f5fa
tcn,independent_rms,17,bandpass_n20004_cRA_LA_LL_independent_rms_s0,phase2/results/predictions/full/independent_rms/tcn/seed_17/bandpass_n20004_cRA_LA_LL_independent_rms_s0.npz,75948,53c408ae8c6ae67b1fae9d7f60748ea6e61cb64d293c4cd7fb3f5e8bb89e6de8
tcn,independent_rms,17,bandpass_n20004_cRA_LA_LL_electrode_s20,phase2/results/predictions/full/independent_rms/tcn/seed_17/bandpass_n20004_cRA_LA_LL_electrode_s20.npz,76473,a6d056bf477008c121bf41cc34f64be7981705dc7797825c3591991efb363f9f
tcn,independent_rms,17,bandpass_n20004_cRA_LA_LL_electrode_s15,phase2/results/predictions/full/independent_rms/tcn/seed_17/bandpass_n20004_cRA_LA_LL_electrode_s15.npz,76439,da1059d18719dfed995ebea5e71c7fc0554e4a2f480ae63af4f5bd17263ca37a
tcn,independent_rms,17,bandpass_n20004_cRA_LA_LL_electrode_s10,phase2/results/predictions/full/independent_rms/tcn/seed_17/bandpass_n20004_cRA_LA_LL_electrode_s10.npz,76385,deffe608c325ec9fdebbbcc7dfd08fec777b1d8bec0055ae8a2227e38f5df928
tcn,independent_rms,17,bandpass_n20004_cRA_LA_LL_electrode_s5,phase2/results/predictions/full/independent_rms/tcn/seed_17/bandpass_n20004_cRA_LA_LL_electrode_s5.npz,76199,ceeae77fdebb89d54f1dff989bf1af9618ead386f70d49b62278ac696f60581a
tcn,independent_rms,17,bandpass_n20004_cRA_LA_LL_electrode_s0,phase2/results/predictions/full/independent_rms/tcn/seed_17/bandpass_n20004_cRA_LA_LL_electrode_s0.npz,75678,8d823b0d7a9620de0b7f3390d6be2ef85e03461ce8788fea9c009819f1223c17
tcn,independent_rms,17,bandpass_n20004_cRA_LA_LL_covariance_s20,phase2/results/predictions/full/independent_rms/tcn/seed_17/bandpass_n20004_cRA_LA_LL_covariance_s20.npz,76455,fbe6625f7a34573a76c569ff6cf29d5f8909b8d53111e86b148997f44246edde
tcn,independent_rms,17,bandpass_n20004_cRA_LA_LL_covariance_s15,phase2/results/predictions/full/independent_rms/tcn/seed_17/bandpass_n20004_cRA_LA_LL_covariance_s15.npz,76452,f54cf8c22fab99337fd208ebf1379bcf6dd537332c0834dfebf2cee64c3f60e7
tcn,independent_rms,17,bandpass_n20004_cRA_LA_LL_covariance_s10,phase2/results/predictions/full/independent_rms/tcn/seed_17/bandpass_n20004_cRA_LA_LL_covariance_s10.npz,76349,70b1db33d9de55dee79ba94eb60846a57a7e002a8d4ac99b6ecbf5e11e4d347b
tcn,independent_rms,17,bandpass_n20004_cRA_LA_LL_covariance_s5,phase2/results/predictions/full/independent_rms/tcn/seed_17/bandpass_n20004_cRA_LA_LL_covariance_s5.npz,76152,7e322508f364cf91d09c279890e0e2c390020fdc12e0b2515cbed6eb2b2234d9
tcn,independent_rms,17,bandpass_n20004_cRA_LA_LL_covariance_s0,phase2/results/predictions/full/independent_rms/tcn/seed_17/bandpass_n20004_cRA_LA_LL_covariance_s0.npz,75671,83065013640a867e8721f383207de75047f980c0939c293e4d072e63b7e0515d
tcn,independent_rms,17,bandpass_n20004_cV1_independent_rms_s20,phase2/results/predictions/full/independent_rms/tcn/seed_17/bandpass_n20004_cV1_independent_rms_s20.npz,76488,ac44c432c541bc923fcaf273ba1d7108e5bb76a6bea9b9f939db1b06de71e1a7
tcn,independent_rms,17,bandpass_n20004_cV1_independent_rms_s15,phase2/results/predictions/full/independent_rms/tcn/seed_17/bandpass_n20004_cV1_independent_rms_s15.npz,76481,f1d3f4b1b7bf53d145c83d2ab37a7e814a055a63b6b91d90dd9f1c829d53f29c
tcn,independent_rms,17,bandpass_n20004_cV1_independent_rms_s10,phase2/results/predictions/full/independent_rms/tcn/seed_17/bandpass_n20004_cV1_independent_rms_s10.npz,76428,5b02e47b7df13c0a89640b0cc842deac36642ad33591dbd6409e0aa6e70a9865
tcn,independent_rms,17,bandpass_n20004_cV1_independent_rms_s5,phase2/results/predictions/full/independent_rms/tcn/seed_17/bandpass_n20004_cV1_independent_rms_s5.npz,76307,6f044c6a6bf9890f64e2c1d9f040b14b22bdbcaa825cfe4d72b773fd7a0b32f0
tcn,independent_rms,17,bandpass_n20004_cV1_independent_rms_s0,phase2/results/predictions/full/independent_rms/tcn/seed_17/bandpass_n20004_cV1_independent_rms_s0.npz,76126,3618521f97f866b5fe0acf916e53a52108eb974f8beed5fbc0abfc8aede44b15
tcn,independent_rms,17,bandpass_n20004_cV1_electrode_s20,phase2/results/predictions/full/independent_rms/tcn/seed_17/bandpass_n20004_cV1_electrode_s20.npz,76467,0fc819a27d6934cc3d9e4bb4d0dc6808481c70002eacc27c330cb4e92c6f8194
tcn,independent_rms,17,bandpass_n20004_cV1_electrode_s15,phase2/results/predictions/full/independent_rms/tcn/seed_17/bandpass_n20004_cV1_electrode_s15.npz,76457,38e59bad235f549ff4a7b97c040ed37efbb1e9aaacf4200870e8b64ec62b2116
tcn,independent_rms,17,bandpass_n20004_cV1_electrode_s10,phase2/results/predictions/full/independent_rms/tcn/seed_17/bandpass_n20004_cV1_electrode_s10.npz,76417,29ca39a21dbfc1fae88abb383c296147cdbbefafef5f21bbe3035b8f4759e871
tcn,independent_rms,17,bandpass_n20004_cV1_electrode_s5,phase2/results/predictions/full/independent_rms/tcn/seed_17/bandpass_n20004_cV1_electrode_s5.npz,76315,188e2bb82a3b73a34e4973208443773377ece26c2e1807d0b5f8de17f5bf010f
tcn,independent_rms,17,bandpass_n20004_cV1_electrode_s0,phase2/results/predictions/full/independent_rms/tcn/seed_17/bandpass_n20004_cV1_electrode_s0.npz,76116,eb0567fdc863bf01f0b66862f34e3f08a98b288d465cf2619db9d1c28ac3387a
tcn,independent_rms,17,bandpass_n20004_cV1_covariance_s20,phase2/results/predictions/full/independent_rms/tcn/seed_17/bandpass_n20004_cV1_covariance_s20.npz,76422,e54d6aa4bc6c86214c35bf091a46abbee1ff34bf1021e45883fc4bb3bc633df1
tcn,independent_rms,17,bandpass_n20004_cV1_covariance_s15,phase2/results/predictions/full/independent_rms/tcn/seed_17/bandpass_n20004_cV1_covariance_s15.npz,76442,a79b9c43ab15fe8aefc8cdcb51aa899ef260a084f1d2fbad97ba657c09e2defc
tcn,independent_rms,17,bandpass_n20004_cV1_covariance_s10,phase2/results/predictions/full/independent_rms/tcn/seed_17/bandpass_n20004_cV1_covariance_s10.npz,76416,6ce88dfa8951f493d1d46c6c477c90af74a27973b440404f88898a0d5d5daf47
tcn,independent_rms,17,bandpass_n20004_cV1_covariance_s5,phase2/results/predictions/full/independent_rms/tcn/seed_17/bandpass_n20004_cV1_covariance_s5.npz,76304,599fba3f664a53304ce3241348ea9c1969d7d851a00827c855bdd79e19e6a2bb
tcn,independent_rms,17,bandpass_n20004_cV1_covariance_s0,phase2/results/predictions/full/independent_rms/tcn/seed_17/bandpass_n20004_cV1_covariance_s0.npz,76099,f8ff144eddb814a5ae3e3053ddde3377e27153d8cccd3b44d5334f287596c94d
tcn,independent_rms,17,bandpass_n20004_cV2_independent_rms_s20,phase2/results/predictions/full/independent_rms/tcn/seed_17/bandpass_n20004_cV2_independent_rms_s20.npz,76467,fee7acebb309bc313f0911ef56f2863b4ae5ef8008f8c08412c03bec8f1804ba
tcn,independent_rms,17,bandpass_n20004_cV2_independent_rms_s15,phase2/results/predictions/full/independent_rms/tcn/seed_17/bandpass_n20004_cV2_independent_rms_s15.npz,76478,e2307190df3e9b148aabbab3371e9ef96cfce831c45b1a56b9bcc84e4e1dea43
tcn,independent_rms,17,bandpass_n20004_cV2_independent_rms_s10,phase2/results/predictions/full/independent_rms/tcn/seed_17/bandpass_n20004_cV2_independent_rms_s10.npz,76442,d74efd5376a75870177d6b02c7abb7f9f2dd2bf058cc699d4d3c47d3057d5e7d
tcn,independent_rms,17,bandpass_n20004_cV2_independent_rms_s5,phase2/results/predictions/full/independent_rms/tcn/seed_17/bandpass_n20004_cV2_independent_rms_s5.npz,76349,6b406df61ee608d079d8d2002850be42d226beabb1e507ca71a222ea8fe78bc8
tcn,independent_rms,17,bandpass_n20004_cV2_independent_rms_s0,phase2/results/predictions/full/independent_rms/tcn/seed_17/bandpass_n20004_cV2_independent_rms_s0.npz,76124,191c177f5de5b69a69b4368c3f909cf6e232e3e217370d3276239ec285d6afa8
tcn,independent_rms,17,bandpass_n20004_cV2_electrode_s20,phase2/results/predictions/full/independent_rms/tcn/seed_17/bandpass_n20004_cV2_electrode_s20.npz,76491,7835ad1a747094f30cef4c42c5162c249f0afa91dec5e4e98280017186fe3a60
tcn,independent_rms,17,bandpass_n20004_cV2_electrode_s15,phase2/results/predictions/full/independent_rms/tcn/seed_17/bandpass_n20004_cV2_electrode_s15.npz,76460,b43f656f466816d6e05810c7b0c5ffe667e215aadbcbd26a50c6df3a50815b39
tcn,independent_rms,17,bandpass_n20004_cV2_electrode_s10,phase2/results/predictions/full/independent_rms/tcn/seed_17/bandpass_n20004_cV2_electrode_s10.npz,76401,b2f9d4b2f03c76516469a0640522c43e229159af02546a49dcbdeafb0798c492
tcn,independent_rms,17,bandpass_n20004_cV2_electrode_s5,phase2/results/predictions/full/independent_rms/tcn/seed_17/bandpass_n20004_cV2_electrode_s5.npz,76330,f63b74001cafc01665ff35058ab2421c135bea57e0d231cb64ff81e470bc6688
tcn,independent_rms,17,bandpass_n20004_cV2_electrode_s0,phase2/results/predictions/full/independent_rms/tcn/seed_17/bandpass_n20004_cV2_electrode_s0.npz,76100,0b4c08047ef7d8039cd4388f247cfa3a10e6f151912c2288bdc69c1bcbfbf3be
tcn,independent_rms,17,bandpass_n20004_cV2_covariance_s20,phase2/results/predictions/full/independent_rms/tcn/seed_17/bandpass_n20004_cV2_covariance_s20.npz,76498,a99cb7463271134641ed2dc81c5928718070f1fb13e9e52793da9c12bcc6be63
tcn,independent_rms,17,bandpass_n20004_cV2_covariance_s15,phase2/results/predictions/full/independent_rms/tcn/seed_17/bandpass_n20004_cV2_covariance_s15.npz,76473,8cab0f2d0f39681f436c0c082cbaa29d293f359f02b5d132229fc19738674a39
tcn,independent_rms,17,bandpass_n20004_cV2_covariance_s10,phase2/results/predictions/full/independent_rms/tcn/seed_17/bandpass_n20004_cV2_covariance_s10.npz,76407,a07daaaaa9e0d5fe3a5a2f96af353d3fb76ebac167603e07483424eaa18db081
tcn,independent_rms,17,bandpass_n20004_cV2_covariance_s5,phase2/results/predictions/full/independent_rms/tcn/seed_17/bandpass_n20004_cV2_covariance_s5.npz,76337,9b63ac4de62ca60dbca1882d9473bdc0f9acb1233d812621cf038de421ec7905
tcn,independent_rms,17,bandpass_n20004_cV2_covariance_s0,phase2/results/predictions/full/independent_rms/tcn/seed_17/bandpass_n20004_cV2_covariance_s0.npz,76124,ba3177afc8fc05cec4e45875b1958fc525f82221b63560d663e7445413e89db7
tcn,independent_rms,17,bandpass_n20004_cV3_independent_rms_s20,phase2/results/predictions/full/independent_rms/tcn/seed_17/bandpass_n20004_cV3_independent_rms_s20.npz,76453,4d9786e1c5d8fa405127ce64bafd6db3a8b8a0bfb00e795ee45adfe788601bb7
tcn,independent_rms,17,bandpass_n20004_cV3_independent_rms_s15,phase2/results/predictions/full/independent_rms/tcn/seed_17/bandpass_n20004_cV3_independent_rms_s15.npz,76471,858ed496ca8b5381debc1c2fbd43fef1d1d22eb7b2ced3341db5c27def7a5e34
tcn,independent_rms,17,bandpass_n20004_cV3_independent_rms_s10,phase2/results/predictions/full/independent_rms/tcn/seed_17/bandpass_n20004_cV3_independent_rms_s10.npz,76460,f7cee1b8e36feafb93130d1aa44997f5a377936355baff97b7c510175b47fb9c
tcn,independent_rms,17,bandpass_n20004_cV3_independent_rms_s5,phase2/results/predictions/full/independent_rms/tcn/seed_17/bandpass_n20004_cV3_independent_rms_s5.npz,76354,f4ec6f7b0f99303b9015dba1b2c86c97819aff2df0b1043752927a0604f18d4a
tcn,independent_rms,17,bandpass_n20004_cV3_independent_rms_s0,phase2/results/predictions/full/independent_rms/tcn/seed_17/bandpass_n20004_cV3_independent_rms_s0.npz,76096,68e1243eabf8d6428672a5fd88d42f0ae863c2e10ccd07289d409c83a88df99d
tcn,independent_rms,17,bandpass_n20004_cV3_electrode_s20,phase2/results/predictions/full/independent_rms/tcn/seed_17/bandpass_n20004_cV3_electrode_s20.npz,76451,511fb246c315bb533df78be827ac1d18c06b4f224d9ba932cf808f0b8450b771
tcn,independent_rms,17,bandpass_n20004_cV3_electrode_s15,phase2/results/predictions/full/independent_rms/tcn/seed_17/bandpass_n20004_cV3_electrode_s15.npz,76470,6851fbd0e7a450137b4a378e9dc878b8e778d2f040ef6cc7a0d086130f2d7dcc
tcn,independent_rms,17,bandpass_n20004_cV3_electrode_s10,phase2/results/predictions/full/independent_rms/tcn/seed_17/bandpass_n20004_cV3_electrode_s10.npz,76429,88d2bfe5ca7e8ecb7d237098f1ae1f09fdf803ceebd9c2b752814dcc625c9765
tcn,independent_rms,17,bandpass_n20004_cV3_electrode_s5,phase2/results/predictions/full/independent_rms/tcn/seed_17/bandpass_n20004_cV3_electrode_s5.npz,76352,ccfb58360c706a358a8b54da025840190e197325bfb44ab79b086075ed1599c6
tcn,independent_rms,17,bandpass_n20004_cV3_electrode_s0,phase2/results/predictions/full/independent_rms/tcn/seed_17/bandpass_n20004_cV3_electrode_s0.npz,76070,b44de9233b1fca68c875c8befa4ca4e3f581eacf2c8d926ec729207edba357ee
tcn,independent_rms,17,bandpass_n20004_cV3_covariance_s20,phase2/results/predictions/full/independent_rms/tcn/seed_17/bandpass_n20004_cV3_covariance_s20.npz,76490,058e4bc428f6a142c65e1befa1f17a4ff99311f908ee964a4fbc7a9ce83e2145
tcn,independent_rms,17,bandpass_n20004_cV3_covariance_s15,phase2/results/predictions/full/independent_rms/tcn/seed_17/bandpass_n20004_cV3_covariance_s15.npz,76480,00e31cd6dbed9dfdaf8016bc19d76dd19c5236a89b9a9f3feec7a7a3291da06f
tcn,independent_rms,17,bandpass_n20004_cV3_covariance_s10,phase2/results/predictions/full/independent_rms/tcn/seed_17/bandpass_n20004_cV3_covariance_s10.npz,76424,2e1b3cd927a4063d9896559bb12b6fa9fce055b04e42b457d37738477f742f35
tcn,independent_rms,17,bandpass_n20004_cV3_covariance_s5,phase2/results/predictions/full/independent_rms/tcn/seed_17/bandpass_n20004_cV3_covariance_s5.npz,76357,cf8cd1a73e50262c8a838885adf61a52e84238d9835620878ab62d2bb0bf27e0
tcn,independent_rms,17,bandpass_n20004_cV3_covariance_s0,phase2/results/predictions/full/independent_rms/tcn/seed_17/bandpass_n20004_cV3_covariance_s0.npz,76068,fc2d7405c17fb4c585553874c975b9257e59556d88cd645f7917c0a114fa62e0
tcn,independent_rms,17,bandpass_n20004_cV4_independent_rms_s20,phase2/results/predictions/full/independent_rms/tcn/seed_17/bandpass_n20004_cV4_independent_rms_s20.npz,76455,2bfda7b376bfea5c095b927d04b7512548525858ab349867fe36779627d51f12
tcn,independent_rms,17,bandpass_n20004_cV4_independent_rms_s15,phase2/results/predictions/full/independent_rms/tcn/seed_17/bandpass_n20004_cV4_independent_rms_s15.npz,76484,a8d8cf73fec38b502769a9d6aee1c0840df6d7d03ffaabaae0b25ba7aac6aa68
tcn,independent_rms,17,bandpass_n20004_cV4_independent_rms_s10,phase2/results/predictions/full/independent_rms/tcn/seed_17/bandpass_n20004_cV4_independent_rms_s10.npz,76437,484553b53fd813dfc0e9612c1d4973821a47091127b1485eb31af2bdf23acd64
tcn,independent_rms,17,bandpass_n20004_cV4_independent_rms_s5,phase2/results/predictions/full/independent_rms/tcn/seed_17/bandpass_n20004_cV4_independent_rms_s5.npz,76429,d3aede0f8b6cc5bea7ac488a1273e886606f084e98545a63b0e4a84e357b003f
tcn,independent_rms,17,bandpass_n20004_cV4_independent_rms_s0,phase2/results/predictions/full/independent_rms/tcn/seed_17/bandpass_n20004_cV4_independent_rms_s0.npz,76318,7015caeff791cf5dc9642bb561bde4e1e24368a73d875e82f15b2304c9c4892b
tcn,independent_rms,17,bandpass_n20004_cV4_electrode_s20,phase2/results/predictions/full/independent_rms/tcn/seed_17/bandpass_n20004_cV4_electrode_s20.npz,76446,e6248268cf5753e145b0f7d12479b8ac99afba350cd139bc5c19b58e1d1216c5
tcn,independent_rms,17,bandpass_n20004_cV4_electrode_s15,phase2/results/predictions/full/independent_rms/tcn/seed_17/bandpass_n20004_cV4_electrode_s15.npz,76467,d36eefc1f2964b61cd13683328cba3db0140eeebe86af99cdf47df3f46d6c58c
tcn,independent_rms,17,bandpass_n20004_cV4_electrode_s10,phase2/results/predictions/full/independent_rms/tcn/seed_17/bandpass_n20004_cV4_electrode_s10.npz,76460,d7e8a6b2688f9eb447e822958bddf6a10cafe3a7ab47e3be04c1051c9b99d62f
tcn,independent_rms,17,bandpass_n20004_cV4_electrode_s5,phase2/results/predictions/full/independent_rms/tcn/seed_17/bandpass_n20004_cV4_electrode_s5.npz,76417,157e2d347fe630e3b42bf0fa6b57aec79fc06e1769c94491f0f54ffe1542ec4c
tcn,independent_rms,17,bandpass_n20004_cV4_electrode_s0,phase2/results/predictions/full/independent_rms/tcn/seed_17/bandpass_n20004_cV4_electrode_s0.npz,76274,d7eda29b25560342c373917c44745f820ea02b05c7c9947b35abbb280d6bebfe
tcn,independent_rms,17,bandpass_n20004_cV4_covariance_s20,phase2/results/predictions/full/independent_rms/tcn/seed_17/bandpass_n20004_cV4_covariance_s20.npz,76466,15122d7743e4156362dbb6537bd9772b45b2d0661d2fa94198f9ad89b244c262
tcn,independent_rms,17,bandpass_n20004_cV4_covariance_s15,phase2/results/predictions/full/independent_rms/tcn/seed_17/bandpass_n20004_cV4_covariance_s15.npz,76490,b91aaea899178d5922fe16bc2b8278b2cedf314f7cba81301703d7242f7f41a7
tcn,independent_rms,17,bandpass_n20004_cV4_covariance_s10,phase2/results/predictions/full/independent_rms/tcn/seed_17/bandpass_n20004_cV4_covariance_s10.npz,76447,8d995e2d1ffa063f57472c140b28fce50d191fcf196237730fba1b94e4581f0b
tcn,independent_rms,17,bandpass_n20004_cV4_covariance_s5,phase2/results/predictions/full/independent_rms/tcn/seed_17/bandpass_n20004_cV4_covariance_s5.npz,76428,079ac32a1c18481c4236feb418db6f202820d1793c32c9bb0587da04cde2bd7c
tcn,independent_rms,17,bandpass_n20004_cV4_covariance_s0,phase2/results/predictions/full/independent_rms/tcn/seed_17/bandpass_n20004_cV4_covariance_s0.npz,76331,099a571a98bd5c5f61ed04d5168da4e8957a49927a42750a359f76ff0d1672eb
tcn,independent_rms,17,bandpass_n20004_cV5_independent_rms_s20,phase2/results/predictions/full/independent_rms/tcn/seed_17/bandpass_n20004_cV5_independent_rms_s20.npz,76456,a6c2a5bffe691cdab2417c1ba3f3ff3befe27bf8ddb923faf501a32168eecb05
tcn,independent_rms,17,bandpass_n20004_cV5_independent_rms_s15,phase2/results/predictions/full/independent_rms/tcn/seed_17/bandpass_n20004_cV5_independent_rms_s15.npz,76477,aec802d4e2e79ddacadf1ce696b31ba18d90c76b7af9dd35fbae1e2354fc5bf6
tcn,independent_rms,17,bandpass_n20004_cV5_independent_rms_s10,phase2/results/predictions/full/independent_rms/tcn/seed_17/bandpass_n20004_cV5_independent_rms_s10.npz,76418,ef29db3b7810284a0d6a5dddfcdb5d43dad2b75cb28650e98dc66160c4503862
tcn,independent_rms,17,bandpass_n20004_cV5_independent_rms_s5,phase2/results/predictions/full/independent_rms/tcn/seed_17/bandpass_n20004_cV5_independent_rms_s5.npz,76319,e110ed4e3c79302fc4c069c651711474a748ecd00f6dcef88b22d3e3f404639f
tcn,independent_rms,17,bandpass_n20004_cV5_independent_rms_s0,phase2/results/predictions/full/independent_rms/tcn/seed_17/bandpass_n20004_cV5_independent_rms_s0.npz,76149,501585aba089e5f5d8aa37796f723f6a4b81c7ca4e2c174350ebb3f9178d518a
tcn,independent_rms,17,bandpass_n20004_cV5_electrode_s20,phase2/results/predictions/full/independent_rms/tcn/seed_17/bandpass_n20004_cV5_electrode_s20.npz,76458,7f8d00b8ce6b9f58f0fd52d5262d94c975aff3b558628c1b099f974231ce43f0
tcn,independent_rms,17,bandpass_n20004_cV5_electrode_s15,phase2/results/predictions/full/independent_rms/tcn/seed_17/bandpass_n20004_cV5_electrode_s15.npz,76444,3b85c316263ac8a445389c0bc12ff5324259bc34feb0e1f565a065bfab4b3ef8
tcn,independent_rms,17,bandpass_n20004_cV5_electrode_s10,phase2/results/predictions/full/independent_rms/tcn/seed_17/bandpass_n20004_cV5_electrode_s10.npz,76407,f368b1fbd368b40c15c914c630addbee93ea244b308f53aa84984c77d2c0a235
tcn,independent_rms,17,bandpass_n20004_cV5_electrode_s5,phase2/results/predictions/full/independent_rms/tcn/seed_17/bandpass_n20004_cV5_electrode_s5.npz,76354,56831506138c9744cfd0347cbdffdf090aa097e2ab367968ee5ad53555a9d819
tcn,independent_rms,17,bandpass_n20004_cV5_electrode_s0,phase2/results/predictions/full/independent_rms/tcn/seed_17/bandpass_n20004_cV5_electrode_s0.npz,76141,48b10f5e42c0ad72d7c05c67d951606d1f4e93f3917c288fca443b0e1cf437ba
tcn,independent_rms,17,bandpass_n20004_cV5_covariance_s20,phase2/results/predictions/full/independent_rms/tcn/seed_17/bandpass_n20004_cV5_covariance_s20.npz,76482,e1ea98ee36d850ab973d2232a424a21342c35a55cbb13761b06273fe268b1070
tcn,independent_rms,17,bandpass_n20004_cV5_covariance_s15,phase2/results/predictions/full/independent_rms/tcn/seed_17/bandpass_n20004_cV5_covariance_s15.npz,76461,1a359e9e0ca7b3a9272b3d844d6d0ac811d5b02ad714bd4471af8daea3b46279
tcn,independent_rms,17,bandpass_n20004_cV5_covariance_s10,phase2/results/predictions/full/independent_rms/tcn/seed_17/bandpass_n20004_cV5_covariance_s10.npz,76419,df88d05996cef8938f869c56476698d6483fe0adf69adb8ac711416f46c8ca7c
tcn,independent_rms,17,bandpass_n20004_cV5_covariance_s5,phase2/results/predictions/full/independent_rms/tcn/seed_17/bandpass_n20004_cV5_covariance_s5.npz,76315,93eac8edb6c1e1c0704134af435d4a2cd3dbc804ab0ad158733b551c0ab20bda
tcn,independent_rms,17,bandpass_n20004_cV5_covariance_s0,phase2/results/predictions/full/independent_rms/tcn/seed_17/bandpass_n20004_cV5_covariance_s0.npz,76135,bf26a06cbc6799a9aaa8c66d8c9e1619f5d31403e1218d1ba1f6f15af37773c8
tcn,independent_rms,17,bandpass_n20004_cV6_independent_rms_s20,phase2/results/predictions/full/independent_rms/tcn/seed_17/bandpass_n20004_cV6_independent_rms_s20.npz,76497,9de2b5a6dff8d8785dc624edd138df4862ca64e8d977817947bd50cc234b6a95
tcn,independent_rms,17,bandpass_n20004_cV6_independent_rms_s15,phase2/results/predictions/full/independent_rms/tcn/seed_17/bandpass_n20004_cV6_independent_rms_s15.npz,76452,b37531c43be58ad52aa7f5732579ea67750a8720688ed033af01f1f3e8eda99d
tcn,independent_rms,17,bandpass_n20004_cV6_independent_rms_s10,phase2/results/predictions/full/independent_rms/tcn/seed_17/bandpass_n20004_cV6_independent_rms_s10.npz,76419,46a1467130453d750f6f15d2b878244ce8e9647c989f69e7b5d5f2856c71ce01
tcn,independent_rms,17,bandpass_n20004_cV6_independent_rms_s5,phase2/results/predictions/full/independent_rms/tcn/seed_17/bandpass_n20004_cV6_independent_rms_s5.npz,76342,9525dd3a57e34665d8f6d858131daa7ea2a12cb9e1587bb26d7cec2c08cd4cee
tcn,independent_rms,17,bandpass_n20004_cV6_independent_rms_s0,phase2/results/predictions/full/independent_rms/tcn/seed_17/bandpass_n20004_cV6_independent_rms_s0.npz,76040,317270a498dad7466d511550b982df0b2c24691cc74b625f8c00c22cf08a8d04
tcn,independent_rms,17,bandpass_n20004_cV6_electrode_s20,phase2/results/predictions/full/independent_rms/tcn/seed_17/bandpass_n20004_cV6_electrode_s20.npz,76471,802273b8254b1fda81e7bd92c4ce4aca26fe4b785962d096e0204455a75b8f92
tcn,independent_rms,17,bandpass_n20004_cV6_electrode_s15,phase2/results/predictions/full/independent_rms/tcn/seed_17/bandpass_n20004_cV6_electrode_s15.npz,76456,a3b0f337ab3b0e8a74693e8c770bd07dbe9584a4d46f098212f1020ea0ca81ba
tcn,independent_rms,17,bandpass_n20004_cV6_electrode_s10,phase2/results/predictions/full/independent_rms/tcn/seed_17/bandpass_n20004_cV6_electrode_s10.npz,76401,e233add54cd9f8e211dedadd91287180d30cb565c3f63b70e76c429a7f429459
tcn,independent_rms,17,bandpass_n20004_cV6_electrode_s5,phase2/results/predictions/full/independent_rms/tcn/seed_17/bandpass_n20004_cV6_electrode_s5.npz,76322,4827f1631beb5290ca3e3d788599db5548ebf06567a310ebd191bf3080e41786
tcn,independent_rms,17,bandpass_n20004_cV6_electrode_s0,phase2/results/predictions/full/independent_rms/tcn/seed_17/bandpass_n20004_cV6_electrode_s0.npz,76045,e35804ce0294530c1c038f60bfcc9ec1b14937f2dd2981ed2c1cfe5db10a16ab
tcn,independent_rms,17,bandpass_n20004_cV6_covariance_s20,phase2/results/predictions/full/independent_rms/tcn/seed_17/bandpass_n20004_cV6_covariance_s20.npz,76491,b788160e1f90111a82120862a29b6aaa3fd84e5de7fe397f103549bc47c015ca
tcn,independent_rms,17,bandpass_n20004_cV6_covariance_s15,phase2/results/predictions/full/independent_rms/tcn/seed_17/bandpass_n20004_cV6_covariance_s15.npz,76498,556e3228d0ffb7f2ed09b544a56d90ecbc2f84510daa2e5af587013cf519d6b7
tcn,independent_rms,17,bandpass_n20004_cV6_covariance_s10,phase2/results/predictions/full/independent_rms/tcn/seed_17/bandpass_n20004_cV6_covariance_s10.npz,76430,49a87e6be10b04c3992ae7e38a8687273b0f598e6511c3f566ae12b413f4c02f
tcn,independent_rms,17,bandpass_n20004_cV6_covariance_s5,phase2/results/predictions/full/independent_rms/tcn/seed_17/bandpass_n20004_cV6_covariance_s5.npz,76339,a4b4c64742991156d330a9e23a3156de5b579f8a83b595588bb6d61f33a1a1b5
tcn,independent_rms,17,bandpass_n20004_cV6_covariance_s0,phase2/results/predictions/full/independent_rms/tcn/seed_17/bandpass_n20004_cV6_covariance_s0.npz,76037,9f21440d92cddb9f2ec090988cb550f1578aa00988a14e214eef2770d23f5f9e
tcn,independent_rms,17,bandpass_n20004_cRA_LA_independent_rms_s20,phase2/results/predictions/full/independent_rms/tcn/seed_17/bandpass_n20004_cRA_LA_independent_rms_s20.npz,76489,2c331cf0ed1d288cf4c0b54abab124e3c8b985297f788693c652517b6ded9d62
tcn,independent_rms,17,bandpass_n20004_cRA_LA_independent_rms_s15,phase2/results/predictions/full/independent_rms/tcn/seed_17/bandpass_n20004_cRA_LA_independent_rms_s15.npz,76463,ddd22e95eec9dce8f7a5e5ac2ca2ef2d6b02a5cc93b994392293efad77cd9115
tcn,independent_rms,17,bandpass_n20004_cRA_LA_independent_rms_s10,phase2/results/predictions/full/independent_rms/tcn/seed_17/bandpass_n20004_cRA_LA_independent_rms_s10.npz,76435,b2f1f426d84031f5434b83a02c834a38b3d7d447d8ee1fb70ca74f330d76d0c8
tcn,independent_rms,17,bandpass_n20004_cRA_LA_independent_rms_s5,phase2/results/predictions/full/independent_rms/tcn/seed_17/bandpass_n20004_cRA_LA_independent_rms_s5.npz,76275,8209cc736d36c1a129070f90479d7597d000b3fb70526191a879147bef91be25
tcn,independent_rms,17,bandpass_n20004_cRA_LA_independent_rms_s0,phase2/results/predictions/full/independent_rms/tcn/seed_17/bandpass_n20004_cRA_LA_independent_rms_s0.npz,76009,ced38e4ae57d00edc37d53de70aade62031a45d5c96c22fa265fccb51af802cb
tcn,independent_rms,17,bandpass_n20004_cRA_LA_electrode_s20,phase2/results/predictions/full/independent_rms/tcn/seed_17/bandpass_n20004_cRA_LA_electrode_s20.npz,76451,fd427390dcd2b3a212c267b0e883ccd38a236fea03ea2fd12f9ad5bb241bff08
tcn,independent_rms,17,bandpass_n20004_cRA_LA_electrode_s15,phase2/results/predictions/full/independent_rms/tcn/seed_17/bandpass_n20004_cRA_LA_electrode_s15.npz,76417,a991a1856ae34c58eadfb2dfdbaa46ab60820606c14ba42dbe031cb578c7ba89
tcn,independent_rms,17,bandpass_n20004_cRA_LA_electrode_s10,phase2/results/predictions/full/independent_rms/tcn/seed_17/bandpass_n20004_cRA_LA_electrode_s10.npz,76341,1b608d3f8fca400cab0e000eca04350c0eb192d8448fdc3e528124e7cf980a21
tcn,independent_rms,17,bandpass_n20004_cRA_LA_electrode_s5,phase2/results/predictions/full/independent_rms/tcn/seed_17/bandpass_n20004_cRA_LA_electrode_s5.npz,76150,ef9803685679004c551a99a1cbcba2d15512429b7a0605475caedf7f74ae711c
tcn,independent_rms,17,bandpass_n20004_cRA_LA_electrode_s0,phase2/results/predictions/full/independent_rms/tcn/seed_17/bandpass_n20004_cRA_LA_electrode_s0.npz,75651,f65c90ff0a40e8ca84e1a21fe88abb3f1c32b3b04c24dab868e62e9c27b18d99
tcn,independent_rms,17,bandpass_n20004_cRA_LA_covariance_s20,phase2/results/predictions/full/independent_rms/tcn/seed_17/bandpass_n20004_cRA_LA_covariance_s20.npz,76462,3a0657ebe4d955ef040541cb98e71a293c407151f7e582dcd6f2ae2fac09dab7
tcn,independent_rms,17,bandpass_n20004_cRA_LA_covariance_s15,phase2/results/predictions/full/independent_rms/tcn/seed_17/bandpass_n20004_cRA_LA_covariance_s15.npz,76469,d6dab3ecb71bab34616d45baad79ff6f3423a38a05a9b00682b840b4d41887b9
tcn,independent_rms,17,bandpass_n20004_cRA_LA_covariance_s10,phase2/results/predictions/full/independent_rms/tcn/seed_17/bandpass_n20004_cRA_LA_covariance_s10.npz,76400,0c9ff000932198b151334e783b4618be43fb18e376448ac5ab74681e09c10743
tcn,independent_rms,17,bandpass_n20004_cRA_LA_covariance_s5,phase2/results/predictions/full/independent_rms/tcn/seed_17/bandpass_n20004_cRA_LA_covariance_s5.npz,76181,8c9f382d40f351063e08c9684f61aa60ec56f59bad3aaffbf846f20b7777c491
tcn,independent_rms,17,bandpass_n20004_cRA_LA_covariance_s0,phase2/results/predictions/full/independent_rms/tcn/seed_17/bandpass_n20004_cRA_LA_covariance_s0.npz,75646,9194956a7797f3d7f4715b4d19ac93534f2a35869bf38627ac70263bac99a598
tcn,independent_rms,17,bandpass_n20004_cLA_LL_independent_rms_s20,phase2/results/predictions/full/independent_rms/tcn/seed_17/bandpass_n20004_cLA_LL_independent_rms_s20.npz,76494,bf9febd70b738bf6d9dad66779aa6b05953ff5a9782140c3243ef5b744458af4
tcn,independent_rms,17,bandpass_n20004_cLA_LL_independent_rms_s15,phase2/results/predictions/full/independent_rms/tcn/seed_17/bandpass_n20004_cLA_LL_independent_rms_s15.npz,76466,847738ab25a6db6d10047cc2f2b001a140b264b5caa6d0cb49ae6836c5291ddd
tcn,independent_rms,17,bandpass_n20004_cLA_LL_independent_rms_s10,phase2/results/predictions/full/independent_rms/tcn/seed_17/bandpass_n20004_cLA_LL_independent_rms_s10.npz,76398,b473f1f5a27fab09a60bfd22ee7834d8030cafb3829b6bf93a6e9d0c8b557b3c
tcn,independent_rms,17,bandpass_n20004_cLA_LL_independent_rms_s5,phase2/results/predictions/full/independent_rms/tcn/seed_17/bandpass_n20004_cLA_LL_independent_rms_s5.npz,76284,be312dd72e9efc9f48a3631512e6ae6679072209363e78da6040fb1e4a3f49e0
tcn,independent_rms,17,bandpass_n20004_cLA_LL_independent_rms_s0,phase2/results/predictions/full/independent_rms/tcn/seed_17/bandpass_n20004_cLA_LL_independent_rms_s0.npz,75974,e91bb4e7ac80bae3dd6ad318af962f73aaec8e6bb89f1ae1513c8585250bbe9d
tcn,independent_rms,17,bandpass_n20004_cLA_LL_electrode_s20,phase2/results/predictions/full/independent_rms/tcn/seed_17/bandpass_n20004_cLA_LL_electrode_s20.npz,76483,a86c5215dec550ee9619deb3b6b4a22af98916968cb09113f9ae4e891ea1d6e0
tcn,independent_rms,17,bandpass_n20004_cLA_LL_electrode_s15,phase2/results/predictions/full/independent_rms/tcn/seed_17/bandpass_n20004_cLA_LL_electrode_s15.npz,76438,7e7360fe6e6843646b5d3dc251d7641d997b1d189e3deb1c5d09b777917775fc
tcn,independent_rms,17,bandpass_n20004_cLA_LL_electrode_s10,phase2/results/predictions/full/independent_rms/tcn/seed_17/bandpass_n20004_cLA_LL_electrode_s10.npz,76363,03ffa5eeadda1e3785fadcbf0b611efa6dfcb4ecb53817962aeadfadd991285f
tcn,independent_rms,17,bandpass_n20004_cLA_LL_electrode_s5,phase2/results/predictions/full/independent_rms/tcn/seed_17/bandpass_n20004_cLA_LL_electrode_s5.npz,76178,5d4025f7201386848ae5a0f4e28d3242f4cea991543a2fd9547d7944bd1f3373
tcn,independent_rms,17,bandpass_n20004_cLA_LL_electrode_s0,phase2/results/predictions/full/independent_rms/tcn/seed_17/bandpass_n20004_cLA_LL_electrode_s0.npz,75764,5ef05313e47983a0cc46427adb8b9409b455a49b8527e889da299eb81c52d249
tcn,independent_rms,17,bandpass_n20004_cLA_LL_covariance_s20,phase2/results/predictions/full/independent_rms/tcn/seed_17/bandpass_n20004_cLA_LL_covariance_s20.npz,76456,2596d7c9b4e9112aeb2255b1a3e93cbd1e006455e33f2737cabe0c41a5217509
tcn,independent_rms,17,bandpass_n20004_cLA_LL_covariance_s15,phase2/results/predictions/full/independent_rms/tcn/seed_17/bandpass_n20004_cLA_LL_covariance_s15.npz,76452,9daee89b1c69293c73f3fbe1ed4902aa1e515f994f56909b59e1b2d61d095ba6
tcn,independent_rms,17,bandpass_n20004_cLA_LL_covariance_s10,phase2/results/predictions/full/independent_rms/tcn/seed_17/bandpass_n20004_cLA_LL_covariance_s10.npz,76392,d26cb1f52079d8d051fb341ce5a7ddc5eabf45dfbfea3227fb79995737f5de5b
tcn,independent_rms,17,bandpass_n20004_cLA_LL_covariance_s5,phase2/results/predictions/full/independent_rms/tcn/seed_17/bandpass_n20004_cLA_LL_covariance_s5.npz,76181,e7bb53e2179e5a9d6039265214a85b9df50a55e4b5d1479b98d927a242ab2805
tcn,independent_rms,17,bandpass_n20004_cLA_LL_covariance_s0,phase2/results/predictions/full/independent_rms/tcn/seed_17/bandpass_n20004_cLA_LL_covariance_s0.npz,75800,d5d726cf48a65fa73a26432ded3e51b771b6ce26f38f194092e2e932737ae234
tcn,independent_rms,17,bandpass_n20004_cRA_LL_independent_rms_s20,phase2/results/predictions/full/independent_rms/tcn/seed_17/bandpass_n20004_cRA_LL_independent_rms_s20.npz,76483,820f5b350827a25ab32d0806df574067e62b2d188f7ea6560e0a489d2261c555
tcn,independent_rms,17,bandpass_n20004_cRA_LL_independent_rms_s15,phase2/results/predictions/full/independent_rms/tcn/seed_17/bandpass_n20004_cRA_LL_independent_rms_s15.npz,76478,c1697a18bd3119b5cbca810fe86495e4c86fd42d073dddaab48dfb87e3ecfd58
tcn,independent_rms,17,bandpass_n20004_cRA_LL_independent_rms_s10,phase2/results/predictions/full/independent_rms/tcn/seed_17/bandpass_n20004_cRA_LL_independent_rms_s10.npz,76412,a17521c7d0608aaa15a72b68b871ddb1607b2abe6f06ebb6e41374c816576607
tcn,independent_rms,17,bandpass_n20004_cRA_LL_independent_rms_s5,phase2/results/predictions/full/independent_rms/tcn/seed_17/bandpass_n20004_cRA_LL_independent_rms_s5.npz,76286,bb976ea1acc6c9f9980a7945d53636602918406584e699ad207268bc16937dcb
tcn,independent_rms,17,bandpass_n20004_cRA_LL_independent_rms_s0,phase2/results/predictions/full/independent_rms/tcn/seed_17/bandpass_n20004_cRA_LL_independent_rms_s0.npz,75928,4df7a4355343b48ec635679c506c82acf4e1778a6823c712fcb5a1c81cc9ceef
tcn,independent_rms,17,bandpass_n20004_cRA_LL_electrode_s20,phase2/results/predictions/full/independent_rms/tcn/seed_17/bandpass_n20004_cRA_LL_electrode_s20.npz,76444,13d5e9e2e172fc9d5cce8421fe8dd5a9b5ba21fb21b57e80cc778bd90b951e75
tcn,independent_rms,17,bandpass_n20004_cRA_LL_electrode_s15,phase2/results/predictions/full/independent_rms/tcn/seed_17/bandpass_n20004_cRA_LL_electrode_s15.npz,76436,d9bed9106db200496a650e635a84fe48ff4cb52142e403c066ba1800067c80ea
tcn,independent_rms,17,bandpass_n20004_cRA_LL_electrode_s10,phase2/results/predictions/full/independent_rms/tcn/seed_17/bandpass_n20004_cRA_LL_electrode_s10.npz,76353,6536f90ecfe5dd8e08222abbf31f04e5387f0ebde8367b9f03f19a4685b49079
tcn,independent_rms,17,bandpass_n20004_cRA_LL_electrode_s5,phase2/results/predictions/full/independent_rms/tcn/seed_17/bandpass_n20004_cRA_LL_electrode_s5.npz,76168,a8c1310e781609f2c085a3edf26a19b24d984e1d6364dca5be020ee601b12354
tcn,independent_rms,17,bandpass_n20004_cRA_LL_electrode_s0,phase2/results/predictions/full/independent_rms/tcn/seed_17/bandpass_n20004_cRA_LL_electrode_s0.npz,75660,85bac1c5c1ab2c63c811cf241101a7e4dfac69407bbc21745316d01364fa0947
tcn,independent_rms,17,bandpass_n20004_cRA_LL_covariance_s20,phase2/results/predictions/full/independent_rms/tcn/seed_17/bandpass_n20004_cRA_LL_covariance_s20.npz,76484,563f87be627d56e0d69df43d069272316c89f4b73dfae64cf899e6e9b35fb858
tcn,independent_rms,17,bandpass_n20004_cRA_LL_covariance_s15,phase2/results/predictions/full/independent_rms/tcn/seed_17/bandpass_n20004_cRA_LL_covariance_s15.npz,76463,4095fcec316f708878a9d0cafd3bb09eea67ea08aeb72c4c49817d2482073e77
tcn,independent_rms,17,bandpass_n20004_cRA_LL_covariance_s10,phase2/results/predictions/full/independent_rms/tcn/seed_17/bandpass_n20004_cRA_LL_covariance_s10.npz,76327,0b97e25c44949f309b000d78096952d66d91b2ba91519fb243f1d477925eb676
tcn,independent_rms,17,bandpass_n20004_cRA_LL_covariance_s5,phase2/results/predictions/full/independent_rms/tcn/seed_17/bandpass_n20004_cRA_LL_covariance_s5.npz,76181,135e2ea5cc42ae99586146a869b979414f0c7551c5e8d052e388adc1ac747438
tcn,independent_rms,17,bandpass_n20004_cRA_LL_covariance_s0,phase2/results/predictions/full/independent_rms/tcn/seed_17/bandpass_n20004_cRA_LL_covariance_s0.npz,75651,fc8237bb158e57a077529e2c636a537736d8474ec18ae454a93938670a833372
tcn,independent_rms,17,bandpass_n20004_cRA_independent_rms_s20,phase2/results/predictions/full/independent_rms/tcn/seed_17/bandpass_n20004_cRA_independent_rms_s20.npz,76502,152106ff9d37773cf2c452b68cf08a3749c9bba8a1969881fe96c6a8fb5e601c
tcn,independent_rms,17,bandpass_n20004_cRA_independent_rms_s15,phase2/results/predictions/full/independent_rms/tcn/seed_17/bandpass_n20004_cRA_independent_rms_s15.npz,76490,6fbd12a170c207aa896093a4a6e350f78a6786f884ea4a226d15c51ce378ed7b
tcn,independent_rms,17,bandpass_n20004_cRA_independent_rms_s10,phase2/results/predictions/full/independent_rms/tcn/seed_17/bandpass_n20004_cRA_independent_rms_s10.npz,76426,2e6bdf43a210e4920927960539839c97c7c7db2cfa735ed4a08f4d746b112aa8
tcn,independent_rms,17,bandpass_n20004_cRA_independent_rms_s5,phase2/results/predictions/full/independent_rms/tcn/seed_17/bandpass_n20004_cRA_independent_rms_s5.npz,76269,c3f9213e0a14e9ddce8719644a834ba788ad342543ec28214254555e2833967e
tcn,independent_rms,17,bandpass_n20004_cRA_independent_rms_s0,phase2/results/predictions/full/independent_rms/tcn/seed_17/bandpass_n20004_cRA_independent_rms_s0.npz,75914,a41c927b84cae9996cbffb247ff768086c788e8cfffe6ca1f571a414722b3090
tcn,independent_rms,17,bandpass_n20004_cRA_electrode_s20,phase2/results/predictions/full/independent_rms/tcn/seed_17/bandpass_n20004_cRA_electrode_s20.npz,76487,0bb4f2a73ce1c8476b1349af566bc1dcee8ade4e89fecb91096377b04ea65571
tcn,independent_rms,17,bandpass_n20004_cRA_electrode_s15,phase2/results/predictions/full/independent_rms/tcn/seed_17/bandpass_n20004_cRA_electrode_s15.npz,76406,4d07f98ed76117abaf4e8aa38e51a882b10c088980e2dc34d3de3496876d96a3
tcn,independent_rms,17,bandpass_n20004_cRA_electrode_s10,phase2/results/predictions/full/independent_rms/tcn/seed_17/bandpass_n20004_cRA_electrode_s10.npz,76333,80a9aaf36e97a4dc45e83b76a8f7c9fb1aefec765b6a5577758aebff260b815e
tcn,independent_rms,17,bandpass_n20004_cRA_electrode_s5,phase2/results/predictions/full/independent_rms/tcn/seed_17/bandpass_n20004_cRA_electrode_s5.npz,76148,d2f954ceeeecb2e67d59e24e9b25074c09326a4bde9ccc045336ad91028c3a7a
tcn,independent_rms,17,bandpass_n20004_cRA_electrode_s0,phase2/results/predictions/full/independent_rms/tcn/seed_17/bandpass_n20004_cRA_electrode_s0.npz,75700,8676ad405914977a29c3aa2b5d6d1234c00e643beabafe46cdc55240e03f165c
tcn,independent_rms,17,bandpass_n20004_cRA_covariance_s20,phase2/results/predictions/full/independent_rms/tcn/seed_17/bandpass_n20004_cRA_covariance_s20.npz,76470,80929c6e93d4298a47c73d72e09b9563c270a29915f984ac666bbfbeccefa7bd
tcn,independent_rms,17,bandpass_n20004_cRA_covariance_s15,phase2/results/predictions/full/independent_rms/tcn/seed_17/bandpass_n20004_cRA_covariance_s15.npz,76422,6142b4b8c0426a599e3a0ffc43f9e48d0edbf51927f81781a168197c00ca87cc
tcn,independent_rms,17,bandpass_n20004_cRA_covariance_s10,phase2/results/predictions/full/independent_rms/tcn/seed_17/bandpass_n20004_cRA_covariance_s10.npz,76349,23995e58d5741bcb260bea2c049fa51ce133c7ad526e91093908eea5bdf74874
tcn,independent_rms,17,bandpass_n20004_cRA_covariance_s5,phase2/results/predictions/full/independent_rms/tcn/seed_17/bandpass_n20004_cRA_covariance_s5.npz,76173,61ea7eae83b90d28b1ebea9ac44ad57c2ed2780197280feed0c5fe62161b54b6
tcn,independent_rms,17,bandpass_n20004_cRA_covariance_s0,phase2/results/predictions/full/independent_rms/tcn/seed_17/bandpass_n20004_cRA_covariance_s0.npz,75717,6eb70bb393eb42ce2976165f4173c535f4cb2412e3914b5500529db17ab985e3
tcn,independent_rms,17,bandpass_n20004_cLA_independent_rms_s20,phase2/results/predictions/full/independent_rms/tcn/seed_17/bandpass_n20004_cLA_independent_rms_s20.npz,76485,1667d045dfaa290113d1c88a3057b0ec5fa427f71de62efafd3fe9ef75492a32
tcn,independent_rms,17,bandpass_n20004_cLA_independent_rms_s15,phase2/results/predictions/full/independent_rms/tcn/seed_17/bandpass_n20004_cLA_independent_rms_s15.npz,76456,0d84a3f544701a15875930ea8d63d38e966a9e73b0d6d99e7f45fcffdc50b58a
tcn,independent_rms,17,bandpass_n20004_cLA_independent_rms_s10,phase2/results/predictions/full/independent_rms/tcn/seed_17/bandpass_n20004_cLA_independent_rms_s10.npz,76413,3150e713591897f1c9a9393e35d20d803dd0f89e1440bf1b2572115c2b972234
tcn,independent_rms,17,bandpass_n20004_cLA_independent_rms_s5,phase2/results/predictions/full/independent_rms/tcn/seed_17/bandpass_n20004_cLA_independent_rms_s5.npz,76330,0645be308225583cd243f69d0d9144bf12bdc6f37a30825bea0be4cd695083b7
tcn,independent_rms,17,bandpass_n20004_cLA_independent_rms_s0,phase2/results/predictions/full/independent_rms/tcn/seed_17/bandpass_n20004_cLA_independent_rms_s0.npz,76063,e7d98cad0b77dbd9b673035da40af20a7660b7bf2d25d4b0a2541fc4076c2e3a
tcn,independent_rms,17,bandpass_n20004_cLA_electrode_s20,phase2/results/predictions/full/independent_rms/tcn/seed_17/bandpass_n20004_cLA_electrode_s20.npz,76486,da5c44be20ec25d37c8655816ab161458c3914c4229166099c63b9b2252a055a
tcn,independent_rms,17,bandpass_n20004_cLA_electrode_s15,phase2/results/predictions/full/independent_rms/tcn/seed_17/bandpass_n20004_cLA_electrode_s15.npz,76453,da06b607392a98bb7b6c0aead2cc90415d53201a93d70dc91d41d0f84e6c1e19
tcn,independent_rms,17,bandpass_n20004_cLA_electrode_s10,phase2/results/predictions/full/independent_rms/tcn/seed_17/bandpass_n20004_cLA_electrode_s10.npz,76402,e634c16597833da124d30f5776026f532a41cf198392c991b342049404e38bb2
tcn,independent_rms,17,bandpass_n20004_cLA_electrode_s5,phase2/results/predictions/full/independent_rms/tcn/seed_17/bandpass_n20004_cLA_electrode_s5.npz,76167,5c80f9a35627e48311f165bcf8d0cbb0ff90b7e8e8df78f03229c37f3afbc420
tcn,independent_rms,17,bandpass_n20004_cLA_electrode_s0,phase2/results/predictions/full/independent_rms/tcn/seed_17/bandpass_n20004_cLA_electrode_s0.npz,75824,eaf5fee0f01d9ee8fa70813068a071b27c47f0be3e94b5f7ca64a8f613a8b5e6
tcn,independent_rms,17,bandpass_n20004_cLA_covariance_s20,phase2/results/predictions/full/independent_rms/tcn/seed_17/bandpass_n20004_cLA_covariance_s20.npz,76478,9c61ccbf81eb65fff0220cb17e2bda6497720b10c43efa728efb73d91cf8e624
tcn,independent_rms,17,bandpass_n20004_cLA_covariance_s15,phase2/results/predictions/full/independent_rms/tcn/seed_17/bandpass_n20004_cLA_covariance_s15.npz,76451,1546461308c8a6c8fd45f46702270905a23ce6026ea988ed9086ae3cd14af685
tcn,independent_rms,17,bandpass_n20004_cLA_covariance_s10,phase2/results/predictions/full/independent_rms/tcn/seed_17/bandpass_n20004_cLA_covariance_s10.npz,76365,157cc9ecbe1544b8daa9f212fd898179e33ef901e77522ea1b7397e575ef2f73
tcn,independent_rms,17,bandpass_n20004_cLA_covariance_s5,phase2/results/predictions/full/independent_rms/tcn/seed_17/bandpass_n20004_cLA_covariance_s5.npz,76176,7fac68b4212352d0e5726892b3a03e723ceaac5a23cd91cdbcc7a00a09dea44b
tcn,independent_rms,17,bandpass_n20004_cLA_covariance_s0,phase2/results/predictions/full/independent_rms/tcn/seed_17/bandpass_n20004_cLA_covariance_s0.npz,75788,ce46ecb06a190acd7cd87ef69cf7f0ff033f0ec42b24f9f70b993c0961a078ee
tcn,independent_rms,17,bandpass_n20004_cLL_independent_rms_s20,phase2/results/predictions/full/independent_rms/tcn/seed_17/bandpass_n20004_cLL_independent_rms_s20.npz,76482,0d3d2d4836deb96564076d944530a9140259893f2e6c3647eeeb441f0e9ce0f1
tcn,independent_rms,17,bandpass_n20004_cLL_independent_rms_s15,phase2/results/predictions/full/independent_rms/tcn/seed_17/bandpass_n20004_cLL_independent_rms_s15.npz,76474,e849cc7e1a0a98cf5143794c2985023d65cce4e3d0f9131c5aa36a597b5a09e3
tcn,independent_rms,17,bandpass_n20004_cLL_independent_rms_s10,phase2/results/predictions/full/independent_rms/tcn/seed_17/bandpass_n20004_cLL_independent_rms_s10.npz,76398,647e0673ac7e84a10365bd4e1098296fefe38d0148bf866aa2c5b18a4dd86041
tcn,independent_rms,17,bandpass_n20004_cLL_independent_rms_s5,phase2/results/predictions/full/independent_rms/tcn/seed_17/bandpass_n20004_cLL_independent_rms_s5.npz,76235,76b9554b0d951088979475aa7b22cce97a57f80683bd16035947b0c377a04241
tcn,independent_rms,17,bandpass_n20004_cLL_independent_rms_s0,phase2/results/predictions/full/independent_rms/tcn/seed_17/bandpass_n20004_cLL_independent_rms_s0.npz,75909,290bbc11936b54cec0d7cfbb178b912f2f881dae5ff3ecfdf239d43b2c66bc32
tcn,independent_rms,17,bandpass_n20004_cLL_electrode_s20,phase2/results/predictions/full/independent_rms/tcn/seed_17/bandpass_n20004_cLL_electrode_s20.npz,76438,208f4004cb0a865421ebf626eb2f99f3033360b60ca21d0253c744596150dc5f
tcn,independent_rms,17,bandpass_n20004_cLL_electrode_s15,phase2/results/predictions/full/independent_rms/tcn/seed_17/bandpass_n20004_cLL_electrode_s15.npz,76405,f2a7c899d306c55823c40bfea85eca1cfe090fe381b2d411e2af383ec941902d
tcn,independent_rms,17,bandpass_n20004_cLL_electrode_s10,phase2/results/predictions/full/independent_rms/tcn/seed_17/bandpass_n20004_cLL_electrode_s10.npz,76394,dc4504915961e2a3ab9cd1954b50692a57f1d4bbff27ec7c43c25250d3602cab
tcn,independent_rms,17,bandpass_n20004_cLL_electrode_s5,phase2/results/predictions/full/independent_rms/tcn/seed_17/bandpass_n20004_cLL_electrode_s5.npz,76167,37d595bec2992a923aef2f793f4a86ac85c053e1e022510501e798c0c46b5882
tcn,independent_rms,17,bandpass_n20004_cLL_electrode_s0,phase2/results/predictions/full/independent_rms/tcn/seed_17/bandpass_n20004_cLL_electrode_s0.npz,75774,7a4485cc14e01290520decbbeb648a8a72b2d73c28ad4fa01bebba9ccc748a75
tcn,independent_rms,17,bandpass_n20004_cLL_covariance_s20,phase2/results/predictions/full/independent_rms/tcn/seed_17/bandpass_n20004_cLL_covariance_s20.npz,76454,883212d9ac94dc9a7494a66b6417622bb445196240e08c4c1453ab0d75cb3364
tcn,independent_rms,17,bandpass_n20004_cLL_covariance_s15,phase2/results/predictions/full/independent_rms/tcn/seed_17/bandpass_n20004_cLL_covariance_s15.npz,76454,2374ffdec9c23838e864b9c4d05eed3ab79eeb0c4598c32c309e51b6e3a186ba
tcn,independent_rms,17,bandpass_n20004_cLL_covariance_s10,phase2/results/predictions/full/independent_rms/tcn/seed_17/bandpass_n20004_cLL_covariance_s10.npz,76404,ee83631c8cb1076afaa944645c29058aa32a51c10b62aab9f868e1d17e019697
tcn,independent_rms,17,bandpass_n20004_cLL_covariance_s5,phase2/results/predictions/full/independent_rms/tcn/seed_17/bandpass_n20004_cLL_covariance_s5.npz,76221,ef9dbcf500b5829844847722e23bb438823bd65e864476726b91ed63122c22a8
tcn,independent_rms,17,bandpass_n20004_cLL_covariance_s0,phase2/results/predictions/full/independent_rms/tcn/seed_17/bandpass_n20004_cLL_covariance_s0.npz,75801,da3c258705ef008e2c84b773651b28df9d2f8e4552cd962dd698e14570034fef
tcn,independent_rms,17,bandpass_n20004_cRA_V1_independent_rms_s20,phase2/results/predictions/full/independent_rms/tcn/seed_17/bandpass_n20004_cRA_V1_independent_rms_s20.npz,76508,5d57f3d39272ac92e757c0ef7fcd70865c1dbec12caaa260fe26979026a18523
tcn,independent_rms,17,bandpass_n20004_cRA_V1_independent_rms_s15,phase2/results/predictions/full/independent_rms/tcn/seed_17/bandpass_n20004_cRA_V1_independent_rms_s15.npz,76455,6e1bc1d74f57b94f5d6f027c5e4100c6357843c76ca5c551442e41fb762032cc
tcn,independent_rms,17,bandpass_n20004_cRA_V1_independent_rms_s10,phase2/results/predictions/full/independent_rms/tcn/seed_17/bandpass_n20004_cRA_V1_independent_rms_s10.npz,76397,8e2bb17d25ceac62fc764a57a83b8e1842481e5b7946ef9a96d660767429dda9
tcn,independent_rms,17,bandpass_n20004_cRA_V1_independent_rms_s5,phase2/results/predictions/full/independent_rms/tcn/seed_17/bandpass_n20004_cRA_V1_independent_rms_s5.npz,76307,f6591254e3563ba57bcd6c881f3a21fcffa5142070b5a737b504673b396a7ca9
tcn,independent_rms,17,bandpass_n20004_cRA_V1_independent_rms_s0,phase2/results/predictions/full/independent_rms/tcn/seed_17/bandpass_n20004_cRA_V1_independent_rms_s0.npz,75925,89371212627ad93987d7cd70a128e4d3dff056672297b6073ab457131c957a76
tcn,independent_rms,17,bandpass_n20004_cRA_V1_electrode_s20,phase2/results/predictions/full/independent_rms/tcn/seed_17/bandpass_n20004_cRA_V1_electrode_s20.npz,76464,4d370f872b4578f1324c55139237a0f7cb9ecc1bc353dcbe9518053f576df039
tcn,independent_rms,17,bandpass_n20004_cRA_V1_electrode_s15,phase2/results/predictions/full/independent_rms/tcn/seed_17/bandpass_n20004_cRA_V1_electrode_s15.npz,76438,57b5181f5c3378fee30521f39bed11873401a5e809ed7ad603df55e7a84640d5
tcn,independent_rms,17,bandpass_n20004_cRA_V1_electrode_s10,phase2/results/predictions/full/independent_rms/tcn/seed_17/bandpass_n20004_cRA_V1_electrode_s10.npz,76389,f914d0e4b823a92dc369d6a9625fbc46ace4a4bcc50d6863854adffe81d1a774
tcn,independent_rms,17,bandpass_n20004_cRA_V1_electrode_s5,phase2/results/predictions/full/independent_rms/tcn/seed_17/bandpass_n20004_cRA_V1_electrode_s5.npz,76204,e5cc152e76e5d9492e706027f513f000fe50e4a52f486de6cf5ed3b1442598ef
tcn,independent_rms,17,bandpass_n20004_cRA_V1_electrode_s0,phase2/results/predictions/full/independent_rms/tcn/seed_17/bandpass_n20004_cRA_V1_electrode_s0.npz,75817,c123a251e2886b987773bb5636d5b2cfec63d6db7dc1da973d3b832d00255375
tcn,independent_rms,17,bandpass_n20004_cRA_V1_covariance_s20,phase2/results/predictions/full/independent_rms/tcn/seed_17/bandpass_n20004_cRA_V1_covariance_s20.npz,76482,9410db2a7a80a02b1010dabaad42cdf5d0edcdd3c4ccacfc7a02d9ca1088b85f
tcn,independent_rms,17,bandpass_n20004_cRA_V1_covariance_s15,phase2/results/predictions/full/independent_rms/tcn/seed_17/bandpass_n20004_cRA_V1_covariance_s15.npz,76454,bd28cab2da8d8b71924107e04358a5d35a3785bac8544f1f303c5499158f215e
tcn,independent_rms,17,bandpass_n20004_cRA_V1_covariance_s10,phase2/results/predictions/full/independent_rms/tcn/seed_17/bandpass_n20004_cRA_V1_covariance_s10.npz,76372,9525a8cec78a35c8a66b53ffdaeb625a11a2876a5fe8adb8d823ecec8565d366
tcn,independent_rms,17,bandpass_n20004_cRA_V1_covariance_s5,phase2/results/predictions/full/independent_rms/tcn/seed_17/bandpass_n20004_cRA_V1_covariance_s5.npz,76193,271b8fc14508d2db54117abea0c54bc9a7272f2f9102572e06b0fc9be7e7c18a
tcn,independent_rms,17,bandpass_n20004_cRA_V1_covariance_s0,phase2/results/predictions/full/independent_rms/tcn/seed_17/bandpass_n20004_cRA_V1_covariance_s0.npz,75817,ac350d5dd5b1e48401e5590b81d9bedcd5a0dc8c7372bcde47d9f83e14b82f22
tcn,independent_rms,17,bandpass_n20004_cLA_V6_independent_rms_s20,phase2/results/predictions/full/independent_rms/tcn/seed_17/bandpass_n20004_cLA_V6_independent_rms_s20.npz,76502,62981002e251108ae9aa286747b5e1e775d3d8e912c1abb86c540df2881b9b6d
tcn,independent_rms,17,bandpass_n20004_cLA_V6_independent_rms_s15,phase2/results/predictions/full/independent_rms/tcn/seed_17/bandpass_n20004_cLA_V6_independent_rms_s15.npz,76495,57f3963300f7e23f0a4d43cb81f14d57b690b1d34c0596b66a17f8599946704d
tcn,independent_rms,17,bandpass_n20004_cLA_V6_independent_rms_s10,phase2/results/predictions/full/independent_rms/tcn/seed_17/bandpass_n20004_cLA_V6_independent_rms_s10.npz,76418,1ccb328c44e532d4be6d7e6c5029625b3bd87300fab25e4f73e361f5948baebb
tcn,independent_rms,17,bandpass_n20004_cLA_V6_independent_rms_s5,phase2/results/predictions/full/independent_rms/tcn/seed_17/bandpass_n20004_cLA_V6_independent_rms_s5.npz,76343,ed8e4c7d7cd195dc765bb984aa4c4171f0737d99d85b8bcd6342b1480fef8951
tcn,independent_rms,17,bandpass_n20004_cLA_V6_independent_rms_s0,phase2/results/predictions/full/independent_rms/tcn/seed_17/bandpass_n20004_cLA_V6_independent_rms_s0.npz,76090,3a10b507a2b020935860a5b532df7798f553b7d5db7004627486584416bedf6c
tcn,independent_rms,17,bandpass_n20004_cLA_V6_electrode_s20,phase2/results/predictions/full/independent_rms/tcn/seed_17/bandpass_n20004_cLA_V6_electrode_s20.npz,76455,e683698a72a8e87ecd4cdeb376ff8458195e3a688e8510769269576b0b4bac33
tcn,independent_rms,17,bandpass_n20004_cLA_V6_electrode_s15,phase2/results/predictions/full/independent_rms/tcn/seed_17/bandpass_n20004_cLA_V6_electrode_s15.npz,76468,66800fe6f42c7c8c7d9d4872ac3cada98300456304564129fbd72f0f93190b01
tcn,independent_rms,17,bandpass_n20004_cLA_V6_electrode_s10,phase2/results/predictions/full/independent_rms/tcn/seed_17/bandpass_n20004_cLA_V6_electrode_s10.npz,76396,0ed5777a702107a09fbeaa6893e194e0611b21ee24ddf231e4221007d4020e4b
tcn,independent_rms,17,bandpass_n20004_cLA_V6_electrode_s5,phase2/results/predictions/full/independent_rms/tcn/seed_17/bandpass_n20004_cLA_V6_electrode_s5.npz,76238,17df3d53b8435f9dff60dbae3cb3a83ea9a3d041605609f18a3f093ea328a3e6
tcn,independent_rms,17,bandpass_n20004_cLA_V6_electrode_s0,phase2/results/predictions/full/independent_rms/tcn/seed_17/bandpass_n20004_cLA_V6_electrode_s0.npz,75853,38241fe8f723d83cabfbee7b93b33f9860056d7a27a6a4d88ef31581933e479b
tcn,independent_rms,17,bandpass_n20004_cLA_V6_covariance_s20,phase2/results/predictions/full/independent_rms/tcn/seed_17/bandpass_n20004_cLA_V6_covariance_s20.npz,76497,b2a46b936258ceb3eb18e8d78dac50dbbcc3c99d6b770dcc82205043da6902d1
tcn,independent_rms,17,bandpass_n20004_cLA_V6_covariance_s15,phase2/results/predictions/full/independent_rms/tcn/seed_17/bandpass_n20004_cLA_V6_covariance_s15.npz,76445,d68a5ccb797d046c3fad49aa0fd6e3b981d292f3fe0190908569514fd60d217d
tcn,independent_rms,17,bandpass_n20004_cLA_V6_covariance_s10,phase2/results/predictions/full/independent_rms/tcn/seed_17/bandpass_n20004_cLA_V6_covariance_s10.npz,76386,8acae868d5e23e8c02bfff75b9522603ee35d0c63ebf44210aefcce95431903c
tcn,independent_rms,17,bandpass_n20004_cLA_V6_covariance_s5,phase2/results/predictions/full/independent_rms/tcn/seed_17/bandpass_n20004_cLA_V6_covariance_s5.npz,76220,7ced5c42337456a7dc4518fa5befb5c4a922c28e209056b7a70ad60ee77f7048
tcn,independent_rms,17,bandpass_n20004_cLA_V6_covariance_s0,phase2/results/predictions/full/independent_rms/tcn/seed_17/bandpass_n20004_cLA_V6_covariance_s0.npz,75861,b8dcb2b5a042e1f5abff8fa2ad84d873d1b51ad59ce8f9ca062fa727f718a76d
tcn,independent_rms,17,bandpass_n20004_cLL_V4_independent_rms_s20,phase2/results/predictions/full/independent_rms/tcn/seed_17/bandpass_n20004_cLL_V4_independent_rms_s20.npz,76479,10a6fb21c0edf72f1a53d996cd437ce211170c92cc19d2f9e78a655f696683a0
tcn,independent_rms,17,bandpass_n20004_cLL_V4_independent_rms_s15,phase2/results/predictions/full/independent_rms/tcn/seed_17/bandpass_n20004_cLL_V4_independent_rms_s15.npz,76451,221cdd2bf1e255c7f5f4f74c813b0e5294ef492ee48f3cd88fd6b9cddbb73c95
tcn,independent_rms,17,bandpass_n20004_cLL_V4_independent_rms_s10,phase2/results/predictions/full/independent_rms/tcn/seed_17/bandpass_n20004_cLL_V4_independent_rms_s10.npz,76422,3adf9023862a99a38f180978069892f146fae8e2623ed920959668a01d629075
tcn,independent_rms,17,bandpass_n20004_cLL_V4_independent_rms_s5,phase2/results/predictions/full/independent_rms/tcn/seed_17/bandpass_n20004_cLL_V4_independent_rms_s5.npz,76290,ee89cd36ffae5bdc174488bd7d9a389e18f660fab38a134e4066246e4a2fd1be
tcn,independent_rms,17,bandpass_n20004_cLL_V4_independent_rms_s0,phase2/results/predictions/full/independent_rms/tcn/seed_17/bandpass_n20004_cLL_V4_independent_rms_s0.npz,75952,2a51c2741e1f5e2ec125a505e290bdd64fe784832b5e90e3b6660c21391e696f
tcn,independent_rms,17,bandpass_n20004_cLL_V4_electrode_s20,phase2/results/predictions/full/independent_rms/tcn/seed_17/bandpass_n20004_cLL_V4_electrode_s20.npz,76470,238f4d5081cbfcecdc8e1eebcd316f01dd1a154560fc73c7568131184918028a
tcn,independent_rms,17,bandpass_n20004_cLL_V4_electrode_s15,phase2/results/predictions/full/independent_rms/tcn/seed_17/bandpass_n20004_cLL_V4_electrode_s15.npz,76430,87791d8d193f3ff789249c2cf1c48beffa53321253f5bd5debc28e9797bec890
tcn,independent_rms,17,bandpass_n20004_cLL_V4_electrode_s10,phase2/results/predictions/full/independent_rms/tcn/seed_17/bandpass_n20004_cLL_V4_electrode_s10.npz,76396,f20fd5da5431dd86d4ec9c32858d651d2c2a6ff5014b0b87592fd4359f579fdb
tcn,independent_rms,17,bandpass_n20004_cLL_V4_electrode_s5,phase2/results/predictions/full/independent_rms/tcn/seed_17/bandpass_n20004_cLL_V4_electrode_s5.npz,76227,5ef77844d8a20c4cd3037ab9a05d50ad0823b43a21b4e2c751675a564ec2bff7
tcn,independent_rms,17,bandpass_n20004_cLL_V4_electrode_s0,phase2/results/predictions/full/independent_rms/tcn/seed_17/bandpass_n20004_cLL_V4_electrode_s0.npz,75881,1c116022a0bad44eb57d4995c6a6b170a5f6edf750bdd86e5c4578b1ffcf89dd
tcn,independent_rms,17,bandpass_n20004_cLL_V4_covariance_s20,phase2/results/predictions/full/independent_rms/tcn/seed_17/bandpass_n20004_cLL_V4_covariance_s20.npz,76464,3d29475d7d92651348ea50b5b6773b0869da22bc4948affba7e1bc20682752f3
tcn,independent_rms,17,bandpass_n20004_cLL_V4_covariance_s15,phase2/results/predictions/full/independent_rms/tcn/seed_17/bandpass_n20004_cLL_V4_covariance_s15.npz,76436,3dd41d1cabb6c1b4034f53c8668eefdb170ce93633b2fed96fbb6dda597d9dc1
tcn,independent_rms,17,bandpass_n20004_cLL_V4_covariance_s10,phase2/results/predictions/full/independent_rms/tcn/seed_17/bandpass_n20004_cLL_V4_covariance_s10.npz,76373,4ee2214ad40bc43eb4fd3ff3fc130aaca1e9887c40a4f7bd89d58e29deec46f7
tcn,independent_rms,17,bandpass_n20004_cLL_V4_covariance_s5,phase2/results/predictions/full/independent_rms/tcn/seed_17/bandpass_n20004_cLL_V4_covariance_s5.npz,76278,440f75c964ef45e2af2a75201e9aa0b18138cde9a3216d0df8989a6141ffb5e1
tcn,independent_rms,17,bandpass_n20004_cLL_V4_covariance_s0,phase2/results/predictions/full/independent_rms/tcn/seed_17/bandpass_n20004_cLL_V4_covariance_s0.npz,75903,6db869f790384a714a4dfc9feb342009583444ca83ba9211b78cd733a52d889e
tcn,independent_rms,17,bandpass_n20004_cRA_LA_V1_V6_independent_rms_s20,phase2/results/predictions/full/independent_rms/tcn/seed_17/bandpass_n20004_cRA_LA_V1_V6_independent_rms_s20.npz,76506,37b0ebf8052cd37914ce013a1039dfda4e21b36cd5ea141f70198bdf6e73d39f
tcn,independent_rms,17,bandpass_n20004_cRA_LA_V1_V6_independent_rms_s15,phase2/results/predictions/full/independent_rms/tcn/seed_17/bandpass_n20004_cRA_LA_V1_V6_independent_rms_s15.npz,76469,151020b0710f4435ea132a8716c45814b127f0a5948ef513ec8862d992b80d0a
tcn,independent_rms,17,bandpass_n20004_cRA_LA_V1_V6_independent_rms_s10,phase2/results/predictions/full/independent_rms/tcn/seed_17/bandpass_n20004_cRA_LA_V1_V6_independent_rms_s10.npz,76434,874416a86c2b34508bd9b3006b66c8aa579061cbc246ddae5a0f746fdf119585
tcn,independent_rms,17,bandpass_n20004_cRA_LA_V1_V6_independent_rms_s5,phase2/results/predictions/full/independent_rms/tcn/seed_17/bandpass_n20004_cRA_LA_V1_V6_independent_rms_s5.npz,76318,eb994ade028505d65670a7daaa4d349dae5c20c2f42b32c8a2afd6694c3b6d98
tcn,independent_rms,17,bandpass_n20004_cRA_LA_V1_V6_independent_rms_s0,phase2/results/predictions/full/independent_rms/tcn/seed_17/bandpass_n20004_cRA_LA_V1_V6_independent_rms_s0.npz,76036,b188af24e2d611a7c689f7c9e1e09b0af7393e88b5f6580ec18493a868acf8dc
tcn,independent_rms,17,bandpass_n20004_cRA_LA_V1_V6_electrode_s20,phase2/results/predictions/full/independent_rms/tcn/seed_17/bandpass_n20004_cRA_LA_V1_V6_electrode_s20.npz,76461,a45e0b26db2e129e8eb19796fe133b9efd834d19d16f100b8a6e302c173b484c
tcn,independent_rms,17,bandpass_n20004_cRA_LA_V1_V6_electrode_s15,phase2/results/predictions/full/independent_rms/tcn/seed_17/bandpass_n20004_cRA_LA_V1_V6_electrode_s15.npz,76466,78f2f1be9186c2cb9eabcb26406a816c287d24b708be6012fcd1a79d8f7c599f
tcn,independent_rms,17,bandpass_n20004_cRA_LA_V1_V6_electrode_s10,phase2/results/predictions/full/independent_rms/tcn/seed_17/bandpass_n20004_cRA_LA_V1_V6_electrode_s10.npz,76376,d9852f5c56ee22f23a75c4843db30641ff6573f43e62706b435bf3c30d6eb196
tcn,independent_rms,17,bandpass_n20004_cRA_LA_V1_V6_electrode_s5,phase2/results/predictions/full/independent_rms/tcn/seed_17/bandpass_n20004_cRA_LA_V1_V6_electrode_s5.npz,76241,346d9946b5ce447c3e34d4ea5ee988aed5d106f831be3b79648344d44840c66c
tcn,independent_rms,17,bandpass_n20004_cRA_LA_V1_V6_electrode_s0,phase2/results/predictions/full/independent_rms/tcn/seed_17/bandpass_n20004_cRA_LA_V1_V6_electrode_s0.npz,75743,7913edf55480bf6c119c8ca8fd41ef7fb20b49609e824463423697a9c3637493
tcn,independent_rms,17,bandpass_n20004_cRA_LA_V1_V6_covariance_s20,phase2/results/predictions/full/independent_rms/tcn/seed_17/bandpass_n20004_cRA_LA_V1_V6_covariance_s20.npz,76492,61a5ee029c362315fd64bc5499bc456afbecbeb66053432140a4e2196927a0e9
tcn,independent_rms,17,bandpass_n20004_cRA_LA_V1_V6_covariance_s15,phase2/results/predictions/full/independent_rms/tcn/seed_17/bandpass_n20004_cRA_LA_V1_V6_covariance_s15.npz,76459,c8802010beab116e559f08b421f61075351924065efabbdff9e55c6db3a28b74
tcn,independent_rms,17,bandpass_n20004_cRA_LA_V1_V6_covariance_s10,phase2/results/predictions/full/independent_rms/tcn/seed_17/bandpass_n20004_cRA_LA_V1_V6_covariance_s10.npz,76397,9f92ced6923718d8998da6f2390ddb693e3d18dd345adf424f3eb517748cd805
tcn,independent_rms,17,bandpass_n20004_cRA_LA_V1_V6_covariance_s5,phase2/results/predictions/full/independent_rms/tcn/seed_17/bandpass_n20004_cRA_LA_V1_V6_covariance_s5.npz,76222,b2ef4c1207bbe2b7bb62c3002da3f013db927b9814e6fca65e1f990cfc909dcf
tcn,independent_rms,17,bandpass_n20004_cRA_LA_V1_V6_covariance_s0,phase2/results/predictions/full/independent_rms/tcn/seed_17/bandpass_n20004_cRA_LA_V1_V6_covariance_s0.npz,75769,ac63a8694cfc86087ed91c7bb5422539594177b9351f01ad445153da8d4e0cc3
tcn,independent_rms,17,bandpass_n20004_cRA_V2_V5_independent_rms_s20,phase2/results/predictions/full/independent_rms/tcn/seed_17/bandpass_n20004_cRA_V2_V5_independent_rms_s20.npz,76478,1f12b278f7ac044b4c36181e0bcb0cc22a527e6a494d0b08d63e1200cd6cdf86
tcn,independent_rms,17,bandpass_n20004_cRA_V2_V5_independent_rms_s15,phase2/results/predictions/full/independent_rms/tcn/seed_17/bandpass_n20004_cRA_V2_V5_independent_rms_s15.npz,76491,0630ebcccbd5636b2f54bfe274c25cf89d97a26dcd481920a70916b54c98737f
tcn,independent_rms,17,bandpass_n20004_cRA_V2_V5_independent_rms_s10,phase2/results/predictions/full/independent_rms/tcn/seed_17/bandpass_n20004_cRA_V2_V5_independent_rms_s10.npz,76428,cade12cd7505eb7fb9d248b5b093990348fd6635627f81b8c989ef8e8cef9a25
tcn,independent_rms,17,bandpass_n20004_cRA_V2_V5_independent_rms_s5,phase2/results/predictions/full/independent_rms/tcn/seed_17/bandpass_n20004_cRA_V2_V5_independent_rms_s5.npz,76288,0149fecd0284a1a357db29cdf0fc7589a139e7fce26f816c6adc09a28cdc2930
tcn,independent_rms,17,bandpass_n20004_cRA_V2_V5_independent_rms_s0,phase2/results/predictions/full/independent_rms/tcn/seed_17/bandpass_n20004_cRA_V2_V5_independent_rms_s0.npz,76002,b28fc08266004ea19e9cdbc86c636b02557dbc59b47a005b32f136e96a053f37
tcn,independent_rms,17,bandpass_n20004_cRA_V2_V5_electrode_s20,phase2/results/predictions/full/independent_rms/tcn/seed_17/bandpass_n20004_cRA_V2_V5_electrode_s20.npz,76510,3f36861c11ccb8b5cfbb6b24b6633382321fe2acb477d3ce4c7bf05da7536486
tcn,independent_rms,17,bandpass_n20004_cRA_V2_V5_electrode_s15,phase2/results/predictions/full/independent_rms/tcn/seed_17/bandpass_n20004_cRA_V2_V5_electrode_s15.npz,76433,aae50d8a355f874782772a5f1499a5767e3fc190adcd0642995b3a4c5da3f695
tcn,independent_rms,17,bandpass_n20004_cRA_V2_V5_electrode_s10,phase2/results/predictions/full/independent_rms/tcn/seed_17/bandpass_n20004_cRA_V2_V5_electrode_s10.npz,76383,dc1aa99d4e00628718f7e25fa8f5cc2802cfb0f56b5ce9ff378a37e067477239
tcn,independent_rms,17,bandpass_n20004_cRA_V2_V5_electrode_s5,phase2/results/predictions/full/independent_rms/tcn/seed_17/bandpass_n20004_cRA_V2_V5_electrode_s5.npz,76189,cd19e9858f817d5326635dd960542f0224e8643dbdf4dc9fc78816ed0d92a83c
tcn,independent_rms,17,bandpass_n20004_cRA_V2_V5_electrode_s0,phase2/results/predictions/full/independent_rms/tcn/seed_17/bandpass_n20004_cRA_V2_V5_electrode_s0.npz,75845,dbe26f70efd2b926b7755d5658fc52db5849923bfc45eb0926cce3266f9f2b81
tcn,independent_rms,17,bandpass_n20004_cRA_V2_V5_covariance_s20,phase2/results/predictions/full/independent_rms/tcn/seed_17/bandpass_n20004_cRA_V2_V5_covariance_s20.npz,76509,f13deb64a9a5efff8dbad73f7b35add6ca97dd739c10b0f24601d3c06fa6232e
tcn,independent_rms,17,bandpass_n20004_cRA_V2_V5_covariance_s15,phase2/results/predictions/full/independent_rms/tcn/seed_17/bandpass_n20004_cRA_V2_V5_covariance_s15.npz,76483,261309cfed5296078eab7a98b9eca81b33b3543b5b22c749beec94e2bd6da1df
tcn,independent_rms,17,bandpass_n20004_cRA_V2_V5_covariance_s10,phase2/results/predictions/full/independent_rms/tcn/seed_17/bandpass_n20004_cRA_V2_V5_covariance_s10.npz,76396,170415b8dbb5631f27ecb7cc55d3feb972e04c4d01b6bb4dde5cc499c4864ca7
tcn,independent_rms,17,bandpass_n20004_cRA_V2_V5_covariance_s5,phase2/results/predictions/full/independent_rms/tcn/seed_17/bandpass_n20004_cRA_V2_V5_covariance_s5.npz,76235,4dff3dcff56a40089728f3b0d2584c85aae77a53e89ac2b8dc2fdace9e524de6
tcn,independent_rms,17,bandpass_n20004_cRA_V2_V5_covariance_s0,phase2/results/predictions/full/independent_rms/tcn/seed_17/bandpass_n20004_cRA_V2_V5_covariance_s0.npz,75866,b564c8927d2de0ae05933502461845a32418495ef126a7cc7572163b549323f5
tcn,independent_rms,17,bandpass_n20004_cLA_V3_V6_independent_rms_s20,phase2/results/predictions/full/independent_rms/tcn/seed_17/bandpass_n20004_cLA_V3_V6_independent_rms_s20.npz,76526,c1f2fdb020fa55cd4f9cfa17a2bcb5cf35f6eb3aff6e44eb5c4d9c324db0e267
tcn,independent_rms,17,bandpass_n20004_cLA_V3_V6_independent_rms_s15,phase2/results/predictions/full/independent_rms/tcn/seed_17/bandpass_n20004_cLA_V3_V6_independent_rms_s15.npz,76470,b0c06a6aa261107479e086174d870702b0928b310a3f51b206ce2c255243c6eb
tcn,independent_rms,17,bandpass_n20004_cLA_V3_V6_independent_rms_s10,phase2/results/predictions/full/independent_rms/tcn/seed_17/bandpass_n20004_cLA_V3_V6_independent_rms_s10.npz,76490,48b87c8f37a9a44c0eb4d08645b26a58c67f0e9d818fc7441d19111d9848c57a
tcn,independent_rms,17,bandpass_n20004_cLA_V3_V6_independent_rms_s5,phase2/results/predictions/full/independent_rms/tcn/seed_17/bandpass_n20004_cLA_V3_V6_independent_rms_s5.npz,76351,13e71ca306a72a7a22555ce341a52b695a934389cce09c80032974eb12450a24
tcn,independent_rms,17,bandpass_n20004_cLA_V3_V6_independent_rms_s0,phase2/results/predictions/full/independent_rms/tcn/seed_17/bandpass_n20004_cLA_V3_V6_independent_rms_s0.npz,76088,cc5816024db1eff0f72a49b5676772cfb5f92ada8573ddbfb03a5c5b10011c3d
tcn,independent_rms,17,bandpass_n20004_cLA_V3_V6_electrode_s20,phase2/results/predictions/full/independent_rms/tcn/seed_17/bandpass_n20004_cLA_V3_V6_electrode_s20.npz,76484,d70b6a1e95dbf4429a9b26de0052b712f81feff33997473b3090a3d85f651e4e
tcn,independent_rms,17,bandpass_n20004_cLA_V3_V6_electrode_s15,phase2/results/predictions/full/independent_rms/tcn/seed_17/bandpass_n20004_cLA_V3_V6_electrode_s15.npz,76448,4c4d8156c8033f6a1635ef1f8e0a4ff77e808317bca224e2de5cc6ee22bb4947
tcn,independent_rms,17,bandpass_n20004_cLA_V3_V6_electrode_s10,phase2/results/predictions/full/independent_rms/tcn/seed_17/bandpass_n20004_cLA_V3_V6_electrode_s10.npz,76414,ac5119a0bf1a1128f626dbefe6150dba47e3a8a5522d77b028cac27beea7fd24
tcn,independent_rms,17,bandpass_n20004_cLA_V3_V6_electrode_s5,phase2/results/predictions/full/independent_rms/tcn/seed_17/bandpass_n20004_cLA_V3_V6_electrode_s5.npz,76231,0707143508c14b1753fc7970e2531df8b7cefff601b1cbb417506624bd395a88
tcn,independent_rms,17,bandpass_n20004_cLA_V3_V6_electrode_s0,phase2/results/predictions/full/independent_rms/tcn/seed_17/bandpass_n20004_cLA_V3_V6_electrode_s0.npz,75896,042b785d8535eb7eb32d4844b04cfd5d59668617904e140446a2d5c1c2dc2964
tcn,independent_rms,17,bandpass_n20004_cLA_V3_V6_covariance_s20,phase2/results/predictions/full/independent_rms/tcn/seed_17/bandpass_n20004_cLA_V3_V6_covariance_s20.npz,76456,c3d1fd7a82ed44df10bd5b0f1efbb5836f18891df0a8f94c63b7b34b3d5d51c8
tcn,independent_rms,17,bandpass_n20004_cLA_V3_V6_covariance_s15,phase2/results/predictions/full/independent_rms/tcn/seed_17/bandpass_n20004_cLA_V3_V6_covariance_s15.npz,76463,3fe8a63f47043cb6f0e11d7acbced6c46cd5d468f13ee043cffba8e9f1c29b94
tcn,independent_rms,17,bandpass_n20004_cLA_V3_V6_covariance_s10,phase2/results/predictions/full/independent_rms/tcn/seed_17/bandpass_n20004_cLA_V3_V6_covariance_s10.npz,76432,ca6095f068c4eec9514bd105274ba91d13b671d9fedfd96f2a69a4e6b79ef0f5
tcn,independent_rms,17,bandpass_n20004_cLA_V3_V6_covariance_s5,phase2/results/predictions/full/independent_rms/tcn/seed_17/bandpass_n20004_cLA_V3_V6_covariance_s5.npz,76255,9d4e07ec4f7107bbfd8c51299d34c4abaaf982fb074be9b6c3ca32c0e0eb9d78
tcn,independent_rms,17,bandpass_n20004_cLA_V3_V6_covariance_s0,phase2/results/predictions/full/independent_rms/tcn/seed_17/bandpass_n20004_cLA_V3_V6_covariance_s0.npz,75883,e144c325391701605a25aa35cc31e258bc4639cf01ce6d45bf2cd8697a457889
tcn,independent_rms,17,bandpass_n20004_cLL_V1_V4_independent_rms_s20,phase2/results/predictions/full/independent_rms/tcn/seed_17/bandpass_n20004_cLL_V1_V4_independent_rms_s20.npz,76506,504c48bbf8b59b0574259eba2788343a1538f4a559b2fabf4dddb1119671b633
tcn,independent_rms,17,bandpass_n20004_cLL_V1_V4_independent_rms_s15,phase2/results/predictions/full/independent_rms/tcn/seed_17/bandpass_n20004_cLL_V1_V4_independent_rms_s15.npz,76488,2aaaa8b2db1729c54f8339d34c7729296f35a940144d0043e66fe836e0837c58
tcn,independent_rms,17,bandpass_n20004_cLL_V1_V4_independent_rms_s10,phase2/results/predictions/full/independent_rms/tcn/seed_17/bandpass_n20004_cLL_V1_V4_independent_rms_s10.npz,76469,b7e34efecb06ac4ae90306e45540b4dfeacaa2d8ccb300dd4c5aa3a859b07f94
tcn,independent_rms,17,bandpass_n20004_cLL_V1_V4_independent_rms_s5,phase2/results/predictions/full/independent_rms/tcn/seed_17/bandpass_n20004_cLL_V1_V4_independent_rms_s5.npz,76322,3445763ab3684447b1e3f29d045d51c8ef7bb432ba7edf19bd10eb4a32add60e
tcn,independent_rms,17,bandpass_n20004_cLL_V1_V4_independent_rms_s0,phase2/results/predictions/full/independent_rms/tcn/seed_17/bandpass_n20004_cLL_V1_V4_independent_rms_s0.npz,75983,8ba80f3cc0a73e12e04d738fdafcd496420bce2800f08f3db7d203f464a513f3
tcn,independent_rms,17,bandpass_n20004_cLL_V1_V4_electrode_s20,phase2/results/predictions/full/independent_rms/tcn/seed_17/bandpass_n20004_cLL_V1_V4_electrode_s20.npz,76500,c048d0d7ad6fac7272a0b803c6c8c9d6f952fb3b7ff6616cc08f4f8593b0a85b
tcn,independent_rms,17,bandpass_n20004_cLL_V1_V4_electrode_s15,phase2/results/predictions/full/independent_rms/tcn/seed_17/bandpass_n20004_cLL_V1_V4_electrode_s15.npz,76467,fc42e3d7e0256c515b170ace36fbb7a7d73ec7844e955bd1fa91f5067d58e630
tcn,independent_rms,17,bandpass_n20004_cLL_V1_V4_electrode_s10,phase2/results/predictions/full/independent_rms/tcn/seed_17/bandpass_n20004_cLL_V1_V4_electrode_s10.npz,76427,5b875718f8522599c5896eccfb45ef4d73d5c96273d37296eb7e2738f130eb71
tcn,independent_rms,17,bandpass_n20004_cLL_V1_V4_electrode_s5,phase2/results/predictions/full/independent_rms/tcn/seed_17/bandpass_n20004_cLL_V1_V4_electrode_s5.npz,76253,2853670f3f74354c8e6925b0b9505a2fa1aa7cc24bc4f9c728cf3e1d3d01a8aa
tcn,independent_rms,17,bandpass_n20004_cLL_V1_V4_electrode_s0,phase2/results/predictions/full/independent_rms/tcn/seed_17/bandpass_n20004_cLL_V1_V4_electrode_s0.npz,75941,3365a4c977454ec77d3fbe4539b76a1b4225311b6b92454e1d9a5ed06aebbaa3
tcn,independent_rms,17,bandpass_n20004_cLL_V1_V4_covariance_s20,phase2/results/predictions/full/independent_rms/tcn/seed_17/bandpass_n20004_cLL_V1_V4_covariance_s20.npz,76467,4a1687e321b5e3f4ebaffdc57c1a530e2c2caa7f7d7ee3c1bf4a5712f15e9714
tcn,independent_rms,17,bandpass_n20004_cLL_V1_V4_covariance_s15,phase2/results/predictions/full/independent_rms/tcn/seed_17/bandpass_n20004_cLL_V1_V4_covariance_s15.npz,76457,a70ba3ab9a007c6bca4b6aff10ecc64ada67ce0f41ef7caa729bfbc373d8fa10
tcn,independent_rms,17,bandpass_n20004_cLL_V1_V4_covariance_s10,phase2/results/predictions/full/independent_rms/tcn/seed_17/bandpass_n20004_cLL_V1_V4_covariance_s10.npz,76414,fee2ff58e508c7a878af9199471d4395503664c4a3daf0a07b9dc76d58b7cc4d
tcn,independent_rms,17,bandpass_n20004_cLL_V1_V4_covariance_s5,phase2/results/predictions/full/independent_rms/tcn/seed_17/bandpass_n20004_cLL_V1_V4_covariance_s5.npz,76255,19b95e7894f5142870a202889ac2460df58959f1177e475e64378341fd9b6ceb
tcn,independent_rms,17,bandpass_n20004_cLL_V1_V4_covariance_s0,phase2/results/predictions/full/independent_rms/tcn/seed_17/bandpass_n20004_cLL_V1_V4_covariance_s0.npz,75910,23bf31e6d8f9b5310555570d8dc2614f81ead52d7d43069a302d95c53ea7e1f4
tcn,independent_rms,17,bandpass_n20004_call_independent_rms_s20,phase2/results/predictions/full/independent_rms/tcn/seed_17/bandpass_n20004_call_independent_rms_s20.npz,76483,515b3693b81a9cdac4cd51a6f6994383d4168c8317575965b90a0764fdca3cf8
tcn,independent_rms,17,bandpass_n20004_call_independent_rms_s15,phase2/results/predictions/full/independent_rms/tcn/seed_17/bandpass_n20004_call_independent_rms_s15.npz,76487,91a11881794b909bf16ba79606bb381a5dfd03d6c9f192e938acba1fa38f625c
tcn,independent_rms,17,bandpass_n20004_call_independent_rms_s10,phase2/results/predictions/full/independent_rms/tcn/seed_17/bandpass_n20004_call_independent_rms_s10.npz,76403,abbbbde61eb4b8d35d0a2d076b389efe28cb3660c52507013a1270292f5f3456
tcn,independent_rms,17,bandpass_n20004_call_independent_rms_s5,phase2/results/predictions/full/independent_rms/tcn/seed_17/bandpass_n20004_call_independent_rms_s5.npz,76325,cefb4d23c3035c1ad0b3e5cc9809dd8f718e967849ab3435746ab897a672eb60
tcn,independent_rms,17,bandpass_n20004_call_independent_rms_s0,phase2/results/predictions/full/independent_rms/tcn/seed_17/bandpass_n20004_call_independent_rms_s0.npz,75985,f81719d4c90d42999e8c33db83b9ba5d27c7494d3851212211a9005ce025c8ae
tcn,independent_rms,17,bandpass_n20004_call_electrode_s20,phase2/results/predictions/full/independent_rms/tcn/seed_17/bandpass_n20004_call_electrode_s20.npz,76425,e7ffd06e77fccf6b1512e0fe2509654a2c1027595e94e805bb99bddf60e766c2
tcn,independent_rms,17,bandpass_n20004_call_electrode_s15,phase2/results/predictions/full/independent_rms/tcn/seed_17/bandpass_n20004_call_electrode_s15.npz,76440,43695fdce4bbcc96ab24e51f147babfbfbb68daa9ae0530916c24dcccd21e7d6
tcn,independent_rms,17,bandpass_n20004_call_electrode_s10,phase2/results/predictions/full/independent_rms/tcn/seed_17/bandpass_n20004_call_electrode_s10.npz,76377,2f5c97106fe5a381eda41a17ab541c3d8b9976e7a53c733c99a50ae666621299
tcn,independent_rms,17,bandpass_n20004_call_electrode_s5,phase2/results/predictions/full/independent_rms/tcn/seed_17/bandpass_n20004_call_electrode_s5.npz,76191,47ab3f1fc1b85c77483231bd8856aa4eebe949f6e947e88692d1f2b82e04ea57
tcn,independent_rms,17,bandpass_n20004_call_electrode_s0,phase2/results/predictions/full/independent_rms/tcn/seed_17/bandpass_n20004_call_electrode_s0.npz,75794,59285e037b5c2f693077f0698c9623f63e8703eb504014445fb5414d3ea8a0b5
tcn,independent_rms,17,bandpass_n20004_call_covariance_s20,phase2/results/predictions/full/independent_rms/tcn/seed_17/bandpass_n20004_call_covariance_s20.npz,76470,111b404df0a8a9d9496823059ea8f2d97d9914bc71453864500327983d81f98b
tcn,independent_rms,17,bandpass_n20004_call_covariance_s15,phase2/results/predictions/full/independent_rms/tcn/seed_17/bandpass_n20004_call_covariance_s15.npz,76433,ec5c099900fa7e314cd46cb01d30b98098da4928824246ada25f3330079650bb
tcn,independent_rms,17,bandpass_n20004_call_covariance_s10,phase2/results/predictions/full/independent_rms/tcn/seed_17/bandpass_n20004_call_covariance_s10.npz,76387,d255ccb21db12bfc45731b53c20d75bf6717dd83ff91129071b10629390deb08
tcn,independent_rms,17,bandpass_n20004_call_covariance_s5,phase2/results/predictions/full/independent_rms/tcn/seed_17/bandpass_n20004_call_covariance_s5.npz,76223,d217c987524104696b2ba445fc30bb037701df5c4a031c391b99492f5d0d34e6
tcn,independent_rms,17,bandpass_n20004_call_covariance_s0,phase2/results/predictions/full/independent_rms/tcn/seed_17/bandpass_n20004_call_covariance_s0.npz,75789,827f86d262bba82f34ca2fbaf4ab0286928a9a2ff296b98f3a871f2d874f9568
tcn,independent_rms,17,bandpass_n20005_cRA_LA_LL_independent_rms_s20,phase2/results/predictions/full/independent_rms/tcn/seed_17/bandpass_n20005_cRA_LA_LL_independent_rms_s20.npz,76504,29a0958eac46a546fe489e4f15afd8df1501aa8a3a9276df66a24208ab215988
tcn,independent_rms,17,bandpass_n20005_cRA_LA_LL_independent_rms_s15,phase2/results/predictions/full/independent_rms/tcn/seed_17/bandpass_n20005_cRA_LA_LL_independent_rms_s15.npz,76434,e4c648408159212e6c69e3765756314dda8c2694024142fd7a4047b291d62d27
tcn,independent_rms,17,bandpass_n20005_cRA_LA_LL_independent_rms_s10,phase2/results/predictions/full/independent_rms/tcn/seed_17/bandpass_n20005_cRA_LA_LL_independent_rms_s10.npz,76449,bce732bd690ab36c715a7d3dac3e47325ab25b3a8ce20829c6e099f7b9e47375
tcn,independent_rms,17,bandpass_n20005_cRA_LA_LL_independent_rms_s5,phase2/results/predictions/full/independent_rms/tcn/seed_17/bandpass_n20005_cRA_LA_LL_independent_rms_s5.npz,76308,75d1133da75b6f641fd4801336c4592b6fda49984f58e853e20cf087c3a04096
tcn,independent_rms,17,bandpass_n20005_cRA_LA_LL_independent_rms_s0,phase2/results/predictions/full/independent_rms/tcn/seed_17/bandpass_n20005_cRA_LA_LL_independent_rms_s0.npz,75970,d2168a8130b63d662b494368cf3899610acfee855bc45169485d22dcb1641a69
tcn,independent_rms,17,bandpass_n20005_cRA_LA_LL_electrode_s20,phase2/results/predictions/full/independent_rms/tcn/seed_17/bandpass_n20005_cRA_LA_LL_electrode_s20.npz,76441,efdd964e879ffe198de474ece2d51cd701921299ba8ee0f43039b47c99c56fa1
tcn,independent_rms,17,bandpass_n20005_cRA_LA_LL_electrode_s15,phase2/results/predictions/full/independent_rms/tcn/seed_17/bandpass_n20005_cRA_LA_LL_electrode_s15.npz,76458,aee355f836ffda9c21123983b4f377ef40665d3a9815fa6f7d9303c09e09de30
tcn,independent_rms,17,bandpass_n20005_cRA_LA_LL_electrode_s10,phase2/results/predictions/full/independent_rms/tcn/seed_17/bandpass_n20005_cRA_LA_LL_electrode_s10.npz,76384,1cc8e1c0d6e8346d31e7e79e6f949cce030d66cd800dc59bf95d78d4a47bbcaa
tcn,independent_rms,17,bandpass_n20005_cRA_LA_LL_electrode_s5,phase2/results/predictions/full/independent_rms/tcn/seed_17/bandpass_n20005_cRA_LA_LL_electrode_s5.npz,76166,6f481045d653313b32bf958b7159e3c5311b7d4012593f87df526845cdca9374
tcn,independent_rms,17,bandpass_n20005_cRA_LA_LL_electrode_s0,phase2/results/predictions/full/independent_rms/tcn/seed_17/bandpass_n20005_cRA_LA_LL_electrode_s0.npz,75674,e376870cbb06e0c9c44987100ab31cd41434727a296cafef99f84e133fa882ab
tcn,independent_rms,17,bandpass_n20005_cRA_LA_LL_covariance_s20,phase2/results/predictions/full/independent_rms/tcn/seed_17/bandpass_n20005_cRA_LA_LL_covariance_s20.npz,76464,926d2268c01d676ce607f003836c992cfd3d8116090fe3d3c3aeac968c0ca459
tcn,independent_rms,17,bandpass_n20005_cRA_LA_LL_covariance_s15,phase2/results/predictions/full/independent_rms/tcn/seed_17/bandpass_n20005_cRA_LA_LL_covariance_s15.npz,76451,660fd41dae01229c46f16815f3322a266198a280003189475c7d0cff531daa1c
tcn,independent_rms,17,bandpass_n20005_cRA_LA_LL_covariance_s10,phase2/results/predictions/full/independent_rms/tcn/seed_17/bandpass_n20005_cRA_LA_LL_covariance_s10.npz,76350,a0200b33be28c3d6c5a8058af8b8d9a07693896033c36f008e67f42002909514
tcn,independent_rms,17,bandpass_n20005_cRA_LA_LL_covariance_s5,phase2/results/predictions/full/independent_rms/tcn/seed_17/bandpass_n20005_cRA_LA_LL_covariance_s5.npz,76154,a22f348915182a79ea90e2873090744ae37bf56db79709d5ca6583b8f52552e8
tcn,independent_rms,17,bandpass_n20005_cRA_LA_LL_covariance_s0,phase2/results/predictions/full/independent_rms/tcn/seed_17/bandpass_n20005_cRA_LA_LL_covariance_s0.npz,75693,bd9c475bcb3060907ab9897b3ba57521d272b9f81afb423011dc495e484ea5df
tcn,independent_rms,17,bandpass_n20005_cV1_independent_rms_s20,phase2/results/predictions/full/independent_rms/tcn/seed_17/bandpass_n20005_cV1_independent_rms_s20.npz,76468,333b79fab045912a6372cb6beae70127a04ac16a019678dfdf25254b20e7af18
tcn,independent_rms,17,bandpass_n20005_cV1_independent_rms_s15,phase2/results/predictions/full/independent_rms/tcn/seed_17/bandpass_n20005_cV1_independent_rms_s15.npz,76466,263b2682a1211ca02e7a840d7dca2971005ec1824104dda4a31276b6b8c0cc07
tcn,independent_rms,17,bandpass_n20005_cV1_independent_rms_s10,phase2/results/predictions/full/independent_rms/tcn/seed_17/bandpass_n20005_cV1_independent_rms_s10.npz,76437,9923b0463812d68554e8e5e9e71b1a73980e20bd74f94ac6f69c96aaca268857
tcn,independent_rms,17,bandpass_n20005_cV1_independent_rms_s5,phase2/results/predictions/full/independent_rms/tcn/seed_17/bandpass_n20005_cV1_independent_rms_s5.npz,76305,e60dcd14851c4af340c76d607962aa8cb7d8eeaf01a5b1312b22d6c55ab94f73
tcn,independent_rms,17,bandpass_n20005_cV1_independent_rms_s0,phase2/results/predictions/full/independent_rms/tcn/seed_17/bandpass_n20005_cV1_independent_rms_s0.npz,76131,691434ba87d77a84e9649d242470770cb3d9f0463f87164aea1ccd2992687c4f
tcn,independent_rms,17,bandpass_n20005_cV1_electrode_s20,phase2/results/predictions/full/independent_rms/tcn/seed_17/bandpass_n20005_cV1_electrode_s20.npz,76442,a93acb820f5a74be8568829c5da590d80573e5768f531589416339324ab378b7
tcn,independent_rms,17,bandpass_n20005_cV1_electrode_s15,phase2/results/predictions/full/independent_rms/tcn/seed_17/bandpass_n20005_cV1_electrode_s15.npz,76464,14112555f4cea9a1881bf85d7354511152550ad7fa2849528b2913bf760deec4
tcn,independent_rms,17,bandpass_n20005_cV1_electrode_s10,phase2/results/predictions/full/independent_rms/tcn/seed_17/bandpass_n20005_cV1_electrode_s10.npz,76401,bc8380ff627cddb17eb8f0a6012526c1b7b6fbe598c4bab1dac8555688e0c76a
tcn,independent_rms,17,bandpass_n20005_cV1_electrode_s5,phase2/results/predictions/full/independent_rms/tcn/seed_17/bandpass_n20005_cV1_electrode_s5.npz,76294,7107ad3e9ff72edcc6f1216f7e3be44d5a065886cf49603974e0ecbe9910f34f
tcn,independent_rms,17,bandpass_n20005_cV1_electrode_s0,phase2/results/predictions/full/independent_rms/tcn/seed_17/bandpass_n20005_cV1_electrode_s0.npz,76110,ecf97783f869af9e8bd49c143657d8e1d88bcde495d87901ccfa0c2816e10581
tcn,independent_rms,17,bandpass_n20005_cV1_covariance_s20,phase2/results/predictions/full/independent_rms/tcn/seed_17/bandpass_n20005_cV1_covariance_s20.npz,76445,22959f6d385c1dbd72ab421e327159cfde23bd3f64761322bd7a9a5861ae97c8
tcn,independent_rms,17,bandpass_n20005_cV1_covariance_s15,phase2/results/predictions/full/independent_rms/tcn/seed_17/bandpass_n20005_cV1_covariance_s15.npz,76431,cb1f0e0218fb4bd08482f2722c8ce777c3719586237ea5fa5e80efa5a339a48c
tcn,independent_rms,17,bandpass_n20005_cV1_covariance_s10,phase2/results/predictions/full/independent_rms/tcn/seed_17/bandpass_n20005_cV1_covariance_s10.npz,76411,ff8e388a0a3fe64f8abff1d0c1d07abc70eb45c956ac33278cd82f3eacec46d4
tcn,independent_rms,17,bandpass_n20005_cV1_covariance_s5,phase2/results/predictions/full/independent_rms/tcn/seed_17/bandpass_n20005_cV1_covariance_s5.npz,76279,b255d43d977153de2fa62beaafca96d57ea7a265f292db9fdc114ed2002eeb8d
tcn,independent_rms,17,bandpass_n20005_cV1_covariance_s0,phase2/results/predictions/full/independent_rms/tcn/seed_17/bandpass_n20005_cV1_covariance_s0.npz,76094,86e79833651ca71cda996c4343a973486c29cf3e597ff71fe1f9d05d71d6ab08
tcn,independent_rms,17,bandpass_n20005_cV2_independent_rms_s20,phase2/results/predictions/full/independent_rms/tcn/seed_17/bandpass_n20005_cV2_independent_rms_s20.npz,76483,eeff546bed6a50518ad80e17539d2c968c3734aed26d75fd5cee815e6160f741
tcn,independent_rms,17,bandpass_n20005_cV2_independent_rms_s15,phase2/results/predictions/full/independent_rms/tcn/seed_17/bandpass_n20005_cV2_independent_rms_s15.npz,76491,ae1f88c5443a88e54596fb9a02982b5f97a85a51b7612f515943c3ad855944dd
tcn,independent_rms,17,bandpass_n20005_cV2_independent_rms_s10,phase2/results/predictions/full/independent_rms/tcn/seed_17/bandpass_n20005_cV2_independent_rms_s10.npz,76446,b962358a2a9ef7637d660bf134cdcb7757bed53942ad8ee938da0caf93f83cd1
tcn,independent_rms,17,bandpass_n20005_cV2_independent_rms_s5,phase2/results/predictions/full/independent_rms/tcn/seed_17/bandpass_n20005_cV2_independent_rms_s5.npz,76371,17e2975f869f2f8ab16c10f686f38f70b00cfa290a09d653ada83536b2be1e63
tcn,independent_rms,17,bandpass_n20005_cV2_independent_rms_s0,phase2/results/predictions/full/independent_rms/tcn/seed_17/bandpass_n20005_cV2_independent_rms_s0.npz,76143,54ee23c08ea1415abeef6bc7413438bfe3b9bdf94acfd7a039b857f0c76b4acf
tcn,independent_rms,17,bandpass_n20005_cV2_electrode_s20,phase2/results/predictions/full/independent_rms/tcn/seed_17/bandpass_n20005_cV2_electrode_s20.npz,76491,fe56a1448122661882f36f5cd07adfcac3b8f7a2297824e7bf26d585d76bf14b
tcn,independent_rms,17,bandpass_n20005_cV2_electrode_s15,phase2/results/predictions/full/independent_rms/tcn/seed_17/bandpass_n20005_cV2_electrode_s15.npz,76430,0af9ca50f38c90f05d10f5dc8232837e805b5b23dffdaf812d5d4e3d02e1aac7
tcn,independent_rms,17,bandpass_n20005_cV2_electrode_s10,phase2/results/predictions/full/independent_rms/tcn/seed_17/bandpass_n20005_cV2_electrode_s10.npz,76426,b4031a4d13720b233e703baa2202324d68276debbc9672073b44e3ec637688db
tcn,independent_rms,17,bandpass_n20005_cV2_electrode_s5,phase2/results/predictions/full/independent_rms/tcn/seed_17/bandpass_n20005_cV2_electrode_s5.npz,76350,3cd5b16a30c58c9c8a2af476f4fed844f364d98f787479e4a4e3756bdccb63a8
tcn,independent_rms,17,bandpass_n20005_cV2_electrode_s0,phase2/results/predictions/full/independent_rms/tcn/seed_17/bandpass_n20005_cV2_electrode_s0.npz,76110,f9ea1e8bfd99cfe81ee2fe5dc9183370cd8cc910944f0b011f32a15d97f84394
tcn,independent_rms,17,bandpass_n20005_cV2_covariance_s20,phase2/results/predictions/full/independent_rms/tcn/seed_17/bandpass_n20005_cV2_covariance_s20.npz,76482,1f0c7366b27ed5c04c3fba6df4b007943f8681c65feb95396b523490b1b71ae4
tcn,independent_rms,17,bandpass_n20005_cV2_covariance_s15,phase2/results/predictions/full/independent_rms/tcn/seed_17/bandpass_n20005_cV2_covariance_s15.npz,76444,76155185ee74e532f02bf9d700680d90aa60e973f5c4fb17eb12997a55517687
tcn,independent_rms,17,bandpass_n20005_cV2_covariance_s10,phase2/results/predictions/full/independent_rms/tcn/seed_17/bandpass_n20005_cV2_covariance_s10.npz,76420,7e4a217f6ec9cb57218ff0cf2b9ce9afc7f4616f590b70f4b6ccfe6f641e2f32
tcn,independent_rms,17,bandpass_n20005_cV2_covariance_s5,phase2/results/predictions/full/independent_rms/tcn/seed_17/bandpass_n20005_cV2_covariance_s5.npz,76354,4ab301885338676f19de19b18159f1639d20c0badf2282580409b61dee691c64
tcn,independent_rms,17,bandpass_n20005_cV2_covariance_s0,phase2/results/predictions/full/independent_rms/tcn/seed_17/bandpass_n20005_cV2_covariance_s0.npz,76133,27c5b42f98706f1b543510b0719704aafeaebc33f3631cdf707cf5f3846b5281
tcn,independent_rms,17,bandpass_n20005_cV3_independent_rms_s20,phase2/results/predictions/full/independent_rms/tcn/seed_17/bandpass_n20005_cV3_independent_rms_s20.npz,76481,d8adac22c5c9626fc413f848fc540e4c68c6bcbf2769a0ad45d462200fbf15ff
tcn,independent_rms,17,bandpass_n20005_cV3_independent_rms_s15,phase2/results/predictions/full/independent_rms/tcn/seed_17/bandpass_n20005_cV3_independent_rms_s15.npz,76465,046636d4d631eaa47fe172081a37b0441a3dcb3ad8b5ff4643a519383713fed0
tcn,independent_rms,17,bandpass_n20005_cV3_independent_rms_s10,phase2/results/predictions/full/independent_rms/tcn/seed_17/bandpass_n20005_cV3_independent_rms_s10.npz,76464,17a85fcdfed9bcfefcd8e371e8ce54e81705e8a8cdfd52177acaac4cb4ab43b0
tcn,independent_rms,17,bandpass_n20005_cV3_independent_rms_s5,phase2/results/predictions/full/independent_rms/tcn/seed_17/bandpass_n20005_cV3_independent_rms_s5.npz,76359,d7f2260f06c7b7a5b5a4cd1bf259087a4048f777ab596b85241be7c449527833
tcn,independent_rms,17,bandpass_n20005_cV3_independent_rms_s0,phase2/results/predictions/full/independent_rms/tcn/seed_17/bandpass_n20005_cV3_independent_rms_s0.npz,76080,0974d317594de04ef87a6c361a2bcceaab5c0fe9be5ccf06f06eb7da382499f2
tcn,independent_rms,17,bandpass_n20005_cV3_electrode_s20,phase2/results/predictions/full/independent_rms/tcn/seed_17/bandpass_n20005_cV3_electrode_s20.npz,76475,ac6f3e0f064d1505bda6fddb495cfaf1702f19e82362e6c6c565df3a121dd847
tcn,independent_rms,17,bandpass_n20005_cV3_electrode_s15,phase2/results/predictions/full/independent_rms/tcn/seed_17/bandpass_n20005_cV3_electrode_s15.npz,76464,903267c3427d052c75155bd06c8adb8c3a4fb104148afab4d214e1394f2ebced
tcn,independent_rms,17,bandpass_n20005_cV3_electrode_s10,phase2/results/predictions/full/independent_rms/tcn/seed_17/bandpass_n20005_cV3_electrode_s10.npz,76413,ed697daaaac16103e0a6f0986dcbfa891ccb61bd72941266f5665558340bf4a0
tcn,independent_rms,17,bandpass_n20005_cV3_electrode_s5,phase2/results/predictions/full/independent_rms/tcn/seed_17/bandpass_n20005_cV3_electrode_s5.npz,76328,ecf6c47e12a68e128eab2a4af1a03671cb7ec1fcc8fce30c211fc9298476dba4
tcn,independent_rms,17,bandpass_n20005_cV3_electrode_s0,phase2/results/predictions/full/independent_rms/tcn/seed_17/bandpass_n20005_cV3_electrode_s0.npz,76044,929573ffbbcb0122f0931044601cd620d957d586ba6db61e809d6f5ea1609bc8
tcn,independent_rms,17,bandpass_n20005_cV3_covariance_s20,phase2/results/predictions/full/independent_rms/tcn/seed_17/bandpass_n20005_cV3_covariance_s20.npz,76477,38322ff184d92377ce9bc2d1fa5abc622c619d1dd26fca54bf3de4c5e0476278
tcn,independent_rms,17,bandpass_n20005_cV3_covariance_s15,phase2/results/predictions/full/independent_rms/tcn/seed_17/bandpass_n20005_cV3_covariance_s15.npz,76441,ec61565baa313fac828638f60215f45f95077bafd6d67afd5008bdb103fec16b
tcn,independent_rms,17,bandpass_n20005_cV3_covariance_s10,phase2/results/predictions/full/independent_rms/tcn/seed_17/bandpass_n20005_cV3_covariance_s10.npz,76459,ac8b65e56d45116ffae7deb5fe92dc1f2aef3cd2197ee7e38ab17433d6d558de
tcn,independent_rms,17,bandpass_n20005_cV3_covariance_s5,phase2/results/predictions/full/independent_rms/tcn/seed_17/bandpass_n20005_cV3_covariance_s5.npz,76339,185149acfbe1f4b61d7e8bc3a5499ab065b34ec453b126b6d5ca139d63447e4f
tcn,independent_rms,17,bandpass_n20005_cV3_covariance_s0,phase2/results/predictions/full/independent_rms/tcn/seed_17/bandpass_n20005_cV3_covariance_s0.npz,76051,fd71f035433bb7e003169718332b582f999f781987871a847dc2c539d0bb5c64
tcn,independent_rms,17,bandpass_n20005_cV4_independent_rms_s20,phase2/results/predictions/full/independent_rms/tcn/seed_17/bandpass_n20005_cV4_independent_rms_s20.npz,76476,6a9b92703846687d234474d984c951f26d1bc26ba0b2ff6718a7e850871e21ac
tcn,independent_rms,17,bandpass_n20005_cV4_independent_rms_s15,phase2/results/predictions/full/independent_rms/tcn/seed_17/bandpass_n20005_cV4_independent_rms_s15.npz,76489,7acefa7f734ea43bd9f4421fb6aaa0aac1d7c51314ede0914cb332de9261d4cd
tcn,independent_rms,17,bandpass_n20005_cV4_independent_rms_s10,phase2/results/predictions/full/independent_rms/tcn/seed_17/bandpass_n20005_cV4_independent_rms_s10.npz,76484,7d61a1488bbd62360c00c1a2d5766d1f7acc5a5fff130419840e17d0fa006918
tcn,independent_rms,17,bandpass_n20005_cV4_independent_rms_s5,phase2/results/predictions/full/independent_rms/tcn/seed_17/bandpass_n20005_cV4_independent_rms_s5.npz,76399,afa7ba9b9c792c56775beb545b9958c8c64f8deaf55914fe1aff31234fed7e4c
tcn,independent_rms,17,bandpass_n20005_cV4_independent_rms_s0,phase2/results/predictions/full/independent_rms/tcn/seed_17/bandpass_n20005_cV4_independent_rms_s0.npz,76326,53ec07874379bec262e397cc6184330bf54607b57e96e3fd4dbb836dcba4bc68
tcn,independent_rms,17,bandpass_n20005_cV4_electrode_s20,phase2/results/predictions/full/independent_rms/tcn/seed_17/bandpass_n20005_cV4_electrode_s20.npz,76465,b000873eb2a21d7726980e1b02a9e89c9106a1cf1df7f4c9406d06da8ecd752c
tcn,independent_rms,17,bandpass_n20005_cV4_electrode_s15,phase2/results/predictions/full/independent_rms/tcn/seed_17/bandpass_n20005_cV4_electrode_s15.npz,76492,f98b5f92cfa24718a913a1a230695a438df15fbef0b18333643b4b970d4a0744
tcn,independent_rms,17,bandpass_n20005_cV4_electrode_s10,phase2/results/predictions/full/independent_rms/tcn/seed_17/bandpass_n20005_cV4_electrode_s10.npz,76456,fb6e262d8ea00c70b4225f00c2d2149009fdb155b622da4dbf6944e858947917
tcn,independent_rms,17,bandpass_n20005_cV4_electrode_s5,phase2/results/predictions/full/independent_rms/tcn/seed_17/bandpass_n20005_cV4_electrode_s5.npz,76411,46932ea2e3c285e817e84fc136c30df61ddcc62ad48d9de6f2e8dbdf5a7d1d76
tcn,independent_rms,17,bandpass_n20005_cV4_electrode_s0,phase2/results/predictions/full/independent_rms/tcn/seed_17/bandpass_n20005_cV4_electrode_s0.npz,76314,2566a2e95c033e5ea738173dcaa0db1d3d509632c7c3cedf249220aea2b76f05
tcn,independent_rms,17,bandpass_n20005_cV4_covariance_s20,phase2/results/predictions/full/independent_rms/tcn/seed_17/bandpass_n20005_cV4_covariance_s20.npz,76471,f607b67aabbc4f36355b3e10b84a9550779d20351b6a36953680a29982a1e82b
tcn,independent_rms,17,bandpass_n20005_cV4_covariance_s15,phase2/results/predictions/full/independent_rms/tcn/seed_17/bandpass_n20005_cV4_covariance_s15.npz,76457,2262223271a8f9f68a67fec7529b769b1edf05f300452ea25d8d4b9e1e780ce6
tcn,independent_rms,17,bandpass_n20005_cV4_covariance_s10,phase2/results/predictions/full/independent_rms/tcn/seed_17/bandpass_n20005_cV4_covariance_s10.npz,76425,5bd23c85b72211901f47a4780c04dc99df72f4cd5271ec30b87b5e4b878ddf91
tcn,independent_rms,17,bandpass_n20005_cV4_covariance_s5,phase2/results/predictions/full/independent_rms/tcn/seed_17/bandpass_n20005_cV4_covariance_s5.npz,76424,a5795fb8d32ed4c0b10cf9678e62fde97069a259a2053fd6cd0aecaec78996ea
tcn,independent_rms,17,bandpass_n20005_cV4_covariance_s0,phase2/results/predictions/full/independent_rms/tcn/seed_17/bandpass_n20005_cV4_covariance_s0.npz,76322,6a756685766f697e382e5fae1b6b2b900cf4e37758572f62d0e3a393ffdf4d53
tcn,independent_rms,17,bandpass_n20005_cV5_independent_rms_s20,phase2/results/predictions/full/independent_rms/tcn/seed_17/bandpass_n20005_cV5_independent_rms_s20.npz,76474,d4a7a9be82debe27b7e79e0d80803b8fabfc56313ae12d14932c6955796039ff
tcn,independent_rms,17,bandpass_n20005_cV5_independent_rms_s15,phase2/results/predictions/full/independent_rms/tcn/seed_17/bandpass_n20005_cV5_independent_rms_s15.npz,76448,d7ace6e226d17b19d9d00ef8f5f990c9044a7a4fd5e523d1c077df2c380a745d
tcn,independent_rms,17,bandpass_n20005_cV5_independent_rms_s10,phase2/results/predictions/full/independent_rms/tcn/seed_17/bandpass_n20005_cV5_independent_rms_s10.npz,76445,0f7d9c05d2a3c71a0332a954ea2ebd5fd02cab69914819ac5c95b641bf4975a0
tcn,independent_rms,17,bandpass_n20005_cV5_independent_rms_s5,phase2/results/predictions/full/independent_rms/tcn/seed_17/bandpass_n20005_cV5_independent_rms_s5.npz,76362,28d689f4ea931eb356af4e2cfa30ad8839463e7ffef1fefb85877f188c2d0887
tcn,independent_rms,17,bandpass_n20005_cV5_independent_rms_s0,phase2/results/predictions/full/independent_rms/tcn/seed_17/bandpass_n20005_cV5_independent_rms_s0.npz,76149,7132c073ef742381af817d80b7f56331ce5396c321f3783767d13b41408f1f3d
tcn,independent_rms,17,bandpass_n20005_cV5_electrode_s20,phase2/results/predictions/full/independent_rms/tcn/seed_17/bandpass_n20005_cV5_electrode_s20.npz,76454,bf5774abc13187b12037d4f9379f0722f726475fa525e7c612957f18748c982f
tcn,independent_rms,17,bandpass_n20005_cV5_electrode_s15,phase2/results/predictions/full/independent_rms/tcn/seed_17/bandpass_n20005_cV5_electrode_s15.npz,76430,226a5944dd57c4d463d028cf4770f22f2a9baf032b4eceb8cfbac089f68dbe73
tcn,independent_rms,17,bandpass_n20005_cV5_electrode_s10,phase2/results/predictions/full/independent_rms/tcn/seed_17/bandpass_n20005_cV5_electrode_s10.npz,76437,5b1bc79cf08e44bb6845857ab0db1dace1a8d2b41cb99b48b1144edb700e2425
tcn,independent_rms,17,bandpass_n20005_cV5_electrode_s5,phase2/results/predictions/full/independent_rms/tcn/seed_17/bandpass_n20005_cV5_electrode_s5.npz,76342,9d1066f52110a51487e1a4c1511c776c8925827ef66647078a3cefbfa68b9ee7
tcn,independent_rms,17,bandpass_n20005_cV5_electrode_s0,phase2/results/predictions/full/independent_rms/tcn/seed_17/bandpass_n20005_cV5_electrode_s0.npz,76111,0cc871df1542bc80478da291256efb7748304be2a6a2df794a594c27e9be5471
tcn,independent_rms,17,bandpass_n20005_cV5_covariance_s20,phase2/results/predictions/full/independent_rms/tcn/seed_17/bandpass_n20005_cV5_covariance_s20.npz,76452,92dce0c464a1eba153af505beda4be4652fa71a9609bc8571b44bbbbdf211e4c
tcn,independent_rms,17,bandpass_n20005_cV5_covariance_s15,phase2/results/predictions/full/independent_rms/tcn/seed_17/bandpass_n20005_cV5_covariance_s15.npz,76464,a71cf2c12522e60046fc321fda4be06125ed43728d2fc24d68c39da40ca9b90d
tcn,independent_rms,17,bandpass_n20005_cV5_covariance_s10,phase2/results/predictions/full/independent_rms/tcn/seed_17/bandpass_n20005_cV5_covariance_s10.npz,76444,5a0ed78fc206e720f6f03e91b7fc738ddc52bcd82a522b4a93b836c33b34fca6
tcn,independent_rms,17,bandpass_n20005_cV5_covariance_s5,phase2/results/predictions/full/independent_rms/tcn/seed_17/bandpass_n20005_cV5_covariance_s5.npz,76316,3f1189802dcf7e22fdbb6d7bdd99b3826f0167be0c2b01900ed6e68a6e439c25
tcn,independent_rms,17,bandpass_n20005_cV5_covariance_s0,phase2/results/predictions/full/independent_rms/tcn/seed_17/bandpass_n20005_cV5_covariance_s0.npz,76104,1d849fda5f450afcbfd5fbf2cd049b97bcb65e67de71b827efc1eeb3a72173e9
tcn,independent_rms,17,bandpass_n20005_cV6_independent_rms_s20,phase2/results/predictions/full/independent_rms/tcn/seed_17/bandpass_n20005_cV6_independent_rms_s20.npz,76474,604629e4a6f72466fe60f362a13008b9b9b3d77253816284853ae624d0306bfe
tcn,independent_rms,17,bandpass_n20005_cV6_independent_rms_s15,phase2/results/predictions/full/independent_rms/tcn/seed_17/bandpass_n20005_cV6_independent_rms_s15.npz,76437,9ca1e0b80ef030e833bb70bb9930b8dc3c75fc0966005937400ae73e3e8695f0
tcn,independent_rms,17,bandpass_n20005_cV6_independent_rms_s10,phase2/results/predictions/full/independent_rms/tcn/seed_17/bandpass_n20005_cV6_independent_rms_s10.npz,76448,3e2aeae7b4b054358fdcd765af870e343ad02c061cf64a80861e40c39da69c90
tcn,independent_rms,17,bandpass_n20005_cV6_independent_rms_s5,phase2/results/predictions/full/independent_rms/tcn/seed_17/bandpass_n20005_cV6_independent_rms_s5.npz,76311,a9715f52feb4e881ab68ede328394247d1aa306062329fb942e89aae9dec0bbe
tcn,independent_rms,17,bandpass_n20005_cV6_independent_rms_s0,phase2/results/predictions/full/independent_rms/tcn/seed_17/bandpass_n20005_cV6_independent_rms_s0.npz,76049,03e74644472945bd1441149acf95c1dca2afa3aa8059c17891b07b8a06fc6d7c
tcn,independent_rms,17,bandpass_n20005_cV6_electrode_s20,phase2/results/predictions/full/independent_rms/tcn/seed_17/bandpass_n20005_cV6_electrode_s20.npz,76473,7439d888fb486d7f1814cd309950eee160dc10c567a537a0ad6b809a0caf756a
tcn,independent_rms,17,bandpass_n20005_cV6_electrode_s15,phase2/results/predictions/full/independent_rms/tcn/seed_17/bandpass_n20005_cV6_electrode_s15.npz,76469,6806265829610bebec016de870b3bc5f235335c4e2d66ffa0c80ca45a19c0896
tcn,independent_rms,17,bandpass_n20005_cV6_electrode_s10,phase2/results/predictions/full/independent_rms/tcn/seed_17/bandpass_n20005_cV6_electrode_s10.npz,76391,8413743e31acf3f8e7d494b784187c46eac6027b9334d84e203c5dced99dbbdb
tcn,independent_rms,17,bandpass_n20005_cV6_electrode_s5,phase2/results/predictions/full/independent_rms/tcn/seed_17/bandpass_n20005_cV6_electrode_s5.npz,76305,79ef050b7b4169cb2774e143b7e98b867fe0c988341194e877ee11ed54d5d38e
tcn,independent_rms,17,bandpass_n20005_cV6_electrode_s0,phase2/results/predictions/full/independent_rms/tcn/seed_17/bandpass_n20005_cV6_electrode_s0.npz,76022,87a0b77877036386dd582c85c89134210860e6001ee49d0c19fc2c361f5d0a64
tcn,independent_rms,17,bandpass_n20005_cV6_covariance_s20,phase2/results/predictions/full/independent_rms/tcn/seed_17/bandpass_n20005_cV6_covariance_s20.npz,76460,c370ac7cbb44487d9980811a998b36942ae58fb98b99f5832aa5740a09b25205
tcn,independent_rms,17,bandpass_n20005_cV6_covariance_s15,phase2/results/predictions/full/independent_rms/tcn/seed_17/bandpass_n20005_cV6_covariance_s15.npz,76458,98caeba76b5309b3d1742c546839d803c31b4a22af64d9fb1733790fc6708280
tcn,independent_rms,17,bandpass_n20005_cV6_covariance_s10,phase2/results/predictions/full/independent_rms/tcn/seed_17/bandpass_n20005_cV6_covariance_s10.npz,76422,6a89ea4b54df5b254ad356cf327bf21d0112581a57668deaf0bc9512ba2f2e14
tcn,independent_rms,17,bandpass_n20005_cV6_covariance_s5,phase2/results/predictions/full/independent_rms/tcn/seed_17/bandpass_n20005_cV6_covariance_s5.npz,76318,20c10ac51a8205bbd85bcf3d2b90ca92bc437cfcf8b25281100438a41e6aa130
tcn,independent_rms,17,bandpass_n20005_cV6_covariance_s0,phase2/results/predictions/full/independent_rms/tcn/seed_17/bandpass_n20005_cV6_covariance_s0.npz,76051,b48f59b5e746ff3ef8dd446e35987dacf9c7b94f34491a3630a4dd7d120f7849
tcn,independent_rms,17,bandpass_n20005_cRA_LA_independent_rms_s20,phase2/results/predictions/full/independent_rms/tcn/seed_17/bandpass_n20005_cRA_LA_independent_rms_s20.npz,76468,f033f3ac7de7adfaae94bfe46ab070d8360f0b47cfdff7a6a01977b197586b53
tcn,independent_rms,17,bandpass_n20005_cRA_LA_independent_rms_s15,phase2/results/predictions/full/independent_rms/tcn/seed_17/bandpass_n20005_cRA_LA_independent_rms_s15.npz,76488,ce31df3d259c0e382ffecb1017b6f03698c9a228f0c8b1b31f008624ee5f3093
tcn,independent_rms,17,bandpass_n20005_cRA_LA_independent_rms_s10,phase2/results/predictions/full/independent_rms/tcn/seed_17/bandpass_n20005_cRA_LA_independent_rms_s10.npz,76431,90389d4ae2cbaab9a280eadb5dad3bea720e46c6b19901d7ed84244ce02dd042
tcn,independent_rms,17,bandpass_n20005_cRA_LA_independent_rms_s5,phase2/results/predictions/full/independent_rms/tcn/seed_17/bandpass_n20005_cRA_LA_independent_rms_s5.npz,76332,154feb04a44ab62180612a4cf261275b95595a03fee3281db979bf5815c928d7
tcn,independent_rms,17,bandpass_n20005_cRA_LA_independent_rms_s0,phase2/results/predictions/full/independent_rms/tcn/seed_17/bandpass_n20005_cRA_LA_independent_rms_s0.npz,75985,8838f1ee13178153e8d950ce7c579de42e01a4aebd693cd3fef4e1484b545656
tcn,independent_rms,17,bandpass_n20005_cRA_LA_electrode_s20,phase2/results/predictions/full/independent_rms/tcn/seed_17/bandpass_n20005_cRA_LA_electrode_s20.npz,76467,b3fe7afc66a7f569cf5d1e72f2e8b3854df4bef499d325d4f6528120bb26e3eb
tcn,independent_rms,17,bandpass_n20005_cRA_LA_electrode_s15,phase2/results/predictions/full/independent_rms/tcn/seed_17/bandpass_n20005_cRA_LA_electrode_s15.npz,76414,4d508ee8a87ed8146a2953cd627f16b4a5d9e4e72334e7b926b85afacf3f0e74
tcn,independent_rms,17,bandpass_n20005_cRA_LA_electrode_s10,phase2/results/predictions/full/independent_rms/tcn/seed_17/bandpass_n20005_cRA_LA_electrode_s10.npz,76316,06808ba34d46ab0ff2c48d80bcd2cc523e6d656fef0852a727e3ad5f7638d485
tcn,independent_rms,17,bandpass_n20005_cRA_LA_electrode_s5,phase2/results/predictions/full/independent_rms/tcn/seed_17/bandpass_n20005_cRA_LA_electrode_s5.npz,76139,20069f10486097168ac03870d4286f84de66036a1678af426b05129024365486
tcn,independent_rms,17,bandpass_n20005_cRA_LA_electrode_s0,phase2/results/predictions/full/independent_rms/tcn/seed_17/bandpass_n20005_cRA_LA_electrode_s0.npz,75666,fc454d42a91626e4b5fd6aa47a408a601f5e58aca01af3401eb41ab3e387340e
tcn,independent_rms,17,bandpass_n20005_cRA_LA_covariance_s20,phase2/results/predictions/full/independent_rms/tcn/seed_17/bandpass_n20005_cRA_LA_covariance_s20.npz,76484,e8eb3eaeb81488343bb4a2ced3d5d6bebc0d8506d6907b463cc81ebe8cd9aa7e
tcn,independent_rms,17,bandpass_n20005_cRA_LA_covariance_s15,phase2/results/predictions/full/independent_rms/tcn/seed_17/bandpass_n20005_cRA_LA_covariance_s15.npz,76413,1f440bcff0aba1851d7d6d6cc6d8e8a79411f33a688c7856ea7a49aa36d8d84a
tcn,independent_rms,17,bandpass_n20005_cRA_LA_covariance_s10,phase2/results/predictions/full/independent_rms/tcn/seed_17/bandpass_n20005_cRA_LA_covariance_s10.npz,76387,852ad0a8ed3c1039cc1ce88f235cb98a8bee6e3c8d01154d2d5d72c05934fdb3
tcn,independent_rms,17,bandpass_n20005_cRA_LA_covariance_s5,phase2/results/predictions/full/independent_rms/tcn/seed_17/bandpass_n20005_cRA_LA_covariance_s5.npz,76168,ee1179c9d232b9631af55039ef343983de4771b30857361dd07a7986a9334e7c
tcn,independent_rms,17,bandpass_n20005_cRA_LA_covariance_s0,phase2/results/predictions/full/independent_rms/tcn/seed_17/bandpass_n20005_cRA_LA_covariance_s0.npz,75677,8abe19586694934043bd23f5affe97154a2b7391f03f5298ad080a8be8dcbae2
tcn,independent_rms,17,bandpass_n20005_cLA_LL_independent_rms_s20,phase2/results/predictions/full/independent_rms/tcn/seed_17/bandpass_n20005_cLA_LL_independent_rms_s20.npz,76507,ba2ca433e111ea72ee80104b969179db8c363094b627be1bf0d904a7d0c6c981
tcn,independent_rms,17,bandpass_n20005_cLA_LL_independent_rms_s15,phase2/results/predictions/full/independent_rms/tcn/seed_17/bandpass_n20005_cLA_LL_independent_rms_s15.npz,76466,f0671a5f1833a9d8f9022417b65fca97fef5e50cccb44be1827e6e1027bba946
tcn,independent_rms,17,bandpass_n20005_cLA_LL_independent_rms_s10,phase2/results/predictions/full/independent_rms/tcn/seed_17/bandpass_n20005_cLA_LL_independent_rms_s10.npz,76446,58e2004518637268837187c3bd10bb45ff36e4accb163b91b2aa80c108165713
tcn,independent_rms,17,bandpass_n20005_cLA_LL_independent_rms_s5,phase2/results/predictions/full/independent_rms/tcn/seed_17/bandpass_n20005_cLA_LL_independent_rms_s5.npz,76250,07ff8464a71d492b1ab85150c2d635340aa7ff13cad74e1d5451191a10502535
tcn,independent_rms,17,bandpass_n20005_cLA_LL_independent_rms_s0,phase2/results/predictions/full/independent_rms/tcn/seed_17/bandpass_n20005_cLA_LL_independent_rms_s0.npz,75986,7db00b2d4c45cccf20605569aeb5f7a96934c189dd8033f3add1c1b318c3ec54
tcn,independent_rms,17,bandpass_n20005_cLA_LL_electrode_s20,phase2/results/predictions/full/independent_rms/tcn/seed_17/bandpass_n20005_cLA_LL_electrode_s20.npz,76464,df882545eaf47c3c436aa2d5134b87d8ac274a9fafdb7e4afb8e4644af07e8de
tcn,independent_rms,17,bandpass_n20005_cLA_LL_electrode_s15,phase2/results/predictions/full/independent_rms/tcn/seed_17/bandpass_n20005_cLA_LL_electrode_s15.npz,76438,90376e07cccedb201c41f6fc99955696a846eb7aea1ffe4c93183e34a26e6fe8
tcn,independent_rms,17,bandpass_n20005_cLA_LL_electrode_s10,phase2/results/predictions/full/independent_rms/tcn/seed_17/bandpass_n20005_cLA_LL_electrode_s10.npz,76401,3c9acea61fc00b67ac28e41040c5293ed7eb91d567030f3259000adc94781853
tcn,independent_rms,17,bandpass_n20005_cLA_LL_electrode_s5,phase2/results/predictions/full/independent_rms/tcn/seed_17/bandpass_n20005_cLA_LL_electrode_s5.npz,76207,521d88ce7a10e8f987dc3d4aab6969ddd9a1e126f759969aaac4066fa13c8a7f
tcn,independent_rms,17,bandpass_n20005_cLA_LL_electrode_s0,phase2/results/predictions/full/independent_rms/tcn/seed_17/bandpass_n20005_cLA_LL_electrode_s0.npz,75802,f98b455d10b0380ff395c16c45cafa3fa198f58587005bb7975793361d5cea01
tcn,independent_rms,17,bandpass_n20005_cLA_LL_covariance_s20,phase2/results/predictions/full/independent_rms/tcn/seed_17/bandpass_n20005_cLA_LL_covariance_s20.npz,76453,17d768a545da2eb69ce1769f494ecaa9800bbd8397b81160a84b8052fd40078a
tcn,independent_rms,17,bandpass_n20005_cLA_LL_covariance_s15,phase2/results/predictions/full/independent_rms/tcn/seed_17/bandpass_n20005_cLA_LL_covariance_s15.npz,76438,3b61b31fbbb96eb63351010efd52f1ab649c9b809499ee7af5e8655be662859e
tcn,independent_rms,17,bandpass_n20005_cLA_LL_covariance_s10,phase2/results/predictions/full/independent_rms/tcn/seed_17/bandpass_n20005_cLA_LL_covariance_s10.npz,76353,a4470eb61b44ba4d7aca2829f3b3531d8d4bdc192adcb3e89a86464e8918c3f7
tcn,independent_rms,17,bandpass_n20005_cLA_LL_covariance_s5,phase2/results/predictions/full/independent_rms/tcn/seed_17/bandpass_n20005_cLA_LL_covariance_s5.npz,76179,8c4632d4624a15726af79f3655cb4bc1e3e2b0d5a3a6de11f34e6e434b4ed86c
tcn,independent_rms,17,bandpass_n20005_cLA_LL_covariance_s0,phase2/results/predictions/full/independent_rms/tcn/seed_17/bandpass_n20005_cLA_LL_covariance_s0.npz,75788,b22a2d9eae47a7bcd99a05c38066836fed0113e9186dc72095a4a0549a4d69f5
tcn,independent_rms,17,bandpass_n20005_cRA_LL_independent_rms_s20,phase2/results/predictions/full/independent_rms/tcn/seed_17/bandpass_n20005_cRA_LL_independent_rms_s20.npz,76469,6cdc45267db9034fbb9bb0ce3fa2c6372da45171cb8f333a5795280358b91d71
tcn,independent_rms,17,bandpass_n20005_cRA_LL_independent_rms_s15,phase2/results/predictions/full/independent_rms/tcn/seed_17/bandpass_n20005_cRA_LL_independent_rms_s15.npz,76471,dcff00a07c055ed0d2fc8fde3a09155f635aab72018a6f4cb5abeb3b116a9d7d
tcn,independent_rms,17,bandpass_n20005_cRA_LL_independent_rms_s10,phase2/results/predictions/full/independent_rms/tcn/seed_17/bandpass_n20005_cRA_LL_independent_rms_s10.npz,76417,d893041afe8d180f839ef454302022ddb0710f485a1fe655d5ad1e66abd95a56
tcn,independent_rms,17,bandpass_n20005_cRA_LL_independent_rms_s5,phase2/results/predictions/full/independent_rms/tcn/seed_17/bandpass_n20005_cRA_LL_independent_rms_s5.npz,76268,627fb64a2afe5528007c1b5cf586a28138a5fe511c5f3678e323bca1fd8e923d
tcn,independent_rms,17,bandpass_n20005_cRA_LL_independent_rms_s0,phase2/results/predictions/full/independent_rms/tcn/seed_17/bandpass_n20005_cRA_LL_independent_rms_s0.npz,75907,b6df0536f5d4ea8e65fcf0e8a76f99fe6088d7b947978371fd88c6d096b97d2a
tcn,independent_rms,17,bandpass_n20005_cRA_LL_electrode_s20,phase2/results/predictions/full/independent_rms/tcn/seed_17/bandpass_n20005_cRA_LL_electrode_s20.npz,76452,d439b33babaa157b88cd607cc77afb59099bc2ef53ce767d2b572f573c0ff364
tcn,independent_rms,17,bandpass_n20005_cRA_LL_electrode_s15,phase2/results/predictions/full/independent_rms/tcn/seed_17/bandpass_n20005_cRA_LL_electrode_s15.npz,76424,14c0df6039a619d8bc95af09b64e01884205dac4eafa29ce786d1c68d929c773
tcn,independent_rms,17,bandpass_n20005_cRA_LL_electrode_s10,phase2/results/predictions/full/independent_rms/tcn/seed_17/bandpass_n20005_cRA_LL_electrode_s10.npz,76365,49608ec793c1947b1b4bbb50f5b36a58c2f465cbfd46cdee4e6b55ae96a53c35
tcn,independent_rms,17,bandpass_n20005_cRA_LL_electrode_s5,phase2/results/predictions/full/independent_rms/tcn/seed_17/bandpass_n20005_cRA_LL_electrode_s5.npz,76143,56a346cec6896ff570ef6265875f1ee41a7b66d1b3abb494b76d75c7675cc0cc
tcn,independent_rms,17,bandpass_n20005_cRA_LL_electrode_s0,phase2/results/predictions/full/independent_rms/tcn/seed_17/bandpass_n20005_cRA_LL_electrode_s0.npz,75664,e39a25b2b1ec0ec2f551f9f411072626921dbd1790862c7c0535f46eadfc538a
tcn,independent_rms,17,bandpass_n20005_cRA_LL_covariance_s20,phase2/results/predictions/full/independent_rms/tcn/seed_17/bandpass_n20005_cRA_LL_covariance_s20.npz,76458,ed70bfae94b72095a2178008c9c4725f8366cfa28515184fb65b7817899bdd7e
tcn,independent_rms,17,bandpass_n20005_cRA_LL_covariance_s15,phase2/results/predictions/full/independent_rms/tcn/seed_17/bandpass_n20005_cRA_LL_covariance_s15.npz,76441,f654dbfaec61758f0bbd1a259488b8a9474b493c49f7809d2b19c1a6df2a0bb3
tcn,independent_rms,17,bandpass_n20005_cRA_LL_covariance_s10,phase2/results/predictions/full/independent_rms/tcn/seed_17/bandpass_n20005_cRA_LL_covariance_s10.npz,76366,2c016f373ef5ffbf06da5cb72d167f6851950f4ef96e7e510be0c725cff4d220
tcn,independent_rms,17,bandpass_n20005_cRA_LL_covariance_s5,phase2/results/predictions/full/independent_rms/tcn/seed_17/bandpass_n20005_cRA_LL_covariance_s5.npz,76135,6246c7c5f2a54edcaea886c4b3f63908b733050668edd4e3e3b2ca921ab98c76
tcn,independent_rms,17,bandpass_n20005_cRA_LL_covariance_s0,phase2/results/predictions/full/independent_rms/tcn/seed_17/bandpass_n20005_cRA_LL_covariance_s0.npz,75657,5ac9c40e75ec57d040fe76124cea3345e618bca48b9033c1e857100b66cf740a
tcn,independent_rms,17,bandpass_n20005_cRA_independent_rms_s20,phase2/results/predictions/full/independent_rms/tcn/seed_17/bandpass_n20005_cRA_independent_rms_s20.npz,76479,d85673c67e1f27248b383177c6881df1d0ba0a6a92447d50742c2b6a28ef909f
tcn,independent_rms,17,bandpass_n20005_cRA_independent_rms_s15,phase2/results/predictions/full/independent_rms/tcn/seed_17/bandpass_n20005_cRA_independent_rms_s15.npz,76455,16f7a421cf79f5a6d3baee42262eb9f522e5bb9de4e9a830a7aa5a1514ea8c96
tcn,independent_rms,17,bandpass_n20005_cRA_independent_rms_s10,phase2/results/predictions/full/independent_rms/tcn/seed_17/bandpass_n20005_cRA_independent_rms_s10.npz,76399,1a38fd1dc7836d190c9e44af49bc135ba219966a9ce2339bf3794334c4560c28
tcn,independent_rms,17,bandpass_n20005_cRA_independent_rms_s5,phase2/results/predictions/full/independent_rms/tcn/seed_17/bandpass_n20005_cRA_independent_rms_s5.npz,76289,453434bd35deea9a160a5c3695390fe377631d23cff7ed92b33a3f9dad58f955
tcn,independent_rms,17,bandpass_n20005_cRA_independent_rms_s0,phase2/results/predictions/full/independent_rms/tcn/seed_17/bandpass_n20005_cRA_independent_rms_s0.npz,75910,2f31db5d352b1b8120804ce2201d9db1cf363f73b97dd2ffc7acdf78399130d1
tcn,independent_rms,17,bandpass_n20005_cRA_electrode_s20,phase2/results/predictions/full/independent_rms/tcn/seed_17/bandpass_n20005_cRA_electrode_s20.npz,76455,94a865aef71d86bd3784586dc339a38a4e84c7ec52dcfe08b42278ca16c85252
tcn,independent_rms,17,bandpass_n20005_cRA_electrode_s15,phase2/results/predictions/full/independent_rms/tcn/seed_17/bandpass_n20005_cRA_electrode_s15.npz,76447,57766497951e2936532d98240fc8d668ae463cf0d7e8c6722dd631d6ef69949a
tcn,independent_rms,17,bandpass_n20005_cRA_electrode_s10,phase2/results/predictions/full/independent_rms/tcn/seed_17/bandpass_n20005_cRA_electrode_s10.npz,76322,0e816d1bd2ee5c900add33191719949e96838f475dbddb2f9956494cae8dd032
tcn,independent_rms,17,bandpass_n20005_cRA_electrode_s5,phase2/results/predictions/full/independent_rms/tcn/seed_17/bandpass_n20005_cRA_electrode_s5.npz,76131,4f327826fa8ef4dde02438ccf973b8579a8217da75453f5fd882e9ae3d8ec94b
tcn,independent_rms,17,bandpass_n20005_cRA_electrode_s0,phase2/results/predictions/full/independent_rms/tcn/seed_17/bandpass_n20005_cRA_electrode_s0.npz,75746,140a9a78439ff4c2a60186b77bd0ffa42d108d069ca364fa10b3f5047aaf20e3
tcn,independent_rms,17,bandpass_n20005_cRA_covariance_s20,phase2/results/predictions/full/independent_rms/tcn/seed_17/bandpass_n20005_cRA_covariance_s20.npz,76468,787d75a400739dbd825bbf0b17d03a0c68c7c43cfe3445563337b101b5ba77c7
tcn,independent_rms,17,bandpass_n20005_cRA_covariance_s15,phase2/results/predictions/full/independent_rms/tcn/seed_17/bandpass_n20005_cRA_covariance_s15.npz,76440,e732969b738dec74546c26bafc6f2118fe2f4649529643f0bed9bd876f37ceb2
tcn,independent_rms,17,bandpass_n20005_cRA_covariance_s10,phase2/results/predictions/full/independent_rms/tcn/seed_17/bandpass_n20005_cRA_covariance_s10.npz,76349,6acb38cf474f4ebb17010b46ad7c9d119a7ce032448afe79ca7e35936b22fae6
tcn,independent_rms,17,bandpass_n20005_cRA_covariance_s5,phase2/results/predictions/full/independent_rms/tcn/seed_17/bandpass_n20005_cRA_covariance_s5.npz,76142,c46901bb4bfed945e931d21d232abc9c47226a5f102395b52f8b2474d9770d67
tcn,independent_rms,17,bandpass_n20005_cRA_covariance_s0,phase2/results/predictions/full/independent_rms/tcn/seed_17/bandpass_n20005_cRA_covariance_s0.npz,75719,f0df42f55cddc8594f1bdd0807e0226d09f105e7c68cc4eddeb89c483812a743
tcn,independent_rms,17,bandpass_n20005_cLA_independent_rms_s20,phase2/results/predictions/full/independent_rms/tcn/seed_17/bandpass_n20005_cLA_independent_rms_s20.npz,76492,b462404fd96f894d549ea0dab8e47e07646d2702e6d91a5cf44041035c48de07
tcn,independent_rms,17,bandpass_n20005_cLA_independent_rms_s15,phase2/results/predictions/full/independent_rms/tcn/seed_17/bandpass_n20005_cLA_independent_rms_s15.npz,76470,2ac7f8760539d0ea155362ac4048ea3606fd8a207e51f6dbeac9c40616198a0a
tcn,independent_rms,17,bandpass_n20005_cLA_independent_rms_s10,phase2/results/predictions/full/independent_rms/tcn/seed_17/bandpass_n20005_cLA_independent_rms_s10.npz,76437,e576a89bac8adcc1fd44a7828caaebca4b08523a31703d7af5273edf4381a2d4
tcn,independent_rms,17,bandpass_n20005_cLA_independent_rms_s5,phase2/results/predictions/full/independent_rms/tcn/seed_17/bandpass_n20005_cLA_independent_rms_s5.npz,76331,9310615fd6dbe0074f8b3cc2686b757296546676ccc815ce1c6754e0be0ec5aa
tcn,independent_rms,17,bandpass_n20005_cLA_independent_rms_s0,phase2/results/predictions/full/independent_rms/tcn/seed_17/bandpass_n20005_cLA_independent_rms_s0.npz,76058,17c3bc15f6a7835fd6133d0a529d834c6c20c94fa23b3c72e359693818518d22
tcn,independent_rms,17,bandpass_n20005_cLA_electrode_s20,phase2/results/predictions/full/independent_rms/tcn/seed_17/bandpass_n20005_cLA_electrode_s20.npz,76427,766cd3fae0309b9c9d3cf891510522f39aea1ebfcadb2e1a4289b243b31fb970
tcn,independent_rms,17,bandpass_n20005_cLA_electrode_s15,phase2/results/predictions/full/independent_rms/tcn/seed_17/bandpass_n20005_cLA_electrode_s15.npz,76459,3c6e266c1c42b4aa57dcf6454e182730d3a0c5e2463bb9c8d893185ef1b0b241
tcn,independent_rms,17,bandpass_n20005_cLA_electrode_s10,phase2/results/predictions/full/independent_rms/tcn/seed_17/bandpass_n20005_cLA_electrode_s10.npz,76359,e4f0944be60369ff31123501bc539ad7c3a47951cf75c6ee77705c9d2bc91821
tcn,independent_rms,17,bandpass_n20005_cLA_electrode_s5,phase2/results/predictions/full/independent_rms/tcn/seed_17/bandpass_n20005_cLA_electrode_s5.npz,76217,f923bf2bdc569ad0b56cab24c93715584b33cd5431b49f9d393f077ebe4a1a2f
tcn,independent_rms,17,bandpass_n20005_cLA_electrode_s0,phase2/results/predictions/full/independent_rms/tcn/seed_17/bandpass_n20005_cLA_electrode_s0.npz,75806,05f413323b8c3452e110fa3676e2c854e806a9867d8748b97fb4db2017bcb9b2
tcn,independent_rms,17,bandpass_n20005_cLA_covariance_s20,phase2/results/predictions/full/independent_rms/tcn/seed_17/bandpass_n20005_cLA_covariance_s20.npz,76479,524a0e744141a034352c3522e7c7580d47c5e8fc3feb105654ea1c3321f45384
tcn,independent_rms,17,bandpass_n20005_cLA_covariance_s15,phase2/results/predictions/full/independent_rms/tcn/seed_17/bandpass_n20005_cLA_covariance_s15.npz,76457,77949f0ac9705e691f122c179b3eb8852ad91b0b9da947879d813a5aa340f620
tcn,independent_rms,17,bandpass_n20005_cLA_covariance_s10,phase2/results/predictions/full/independent_rms/tcn/seed_17/bandpass_n20005_cLA_covariance_s10.npz,76374,d0014e1c7deffcb20e5d75190630c693229c840f24077807a54372d21b704887
tcn,independent_rms,17,bandpass_n20005_cLA_covariance_s5,phase2/results/predictions/full/independent_rms/tcn/seed_17/bandpass_n20005_cLA_covariance_s5.npz,76231,869b4c9d510e63d7948168a0956f39710054bf073131762bb9f7c20e8f058bf6
tcn,independent_rms,17,bandpass_n20005_cLA_covariance_s0,phase2/results/predictions/full/independent_rms/tcn/seed_17/bandpass_n20005_cLA_covariance_s0.npz,75809,76735ff319a257a0cc574f8b3fd98b3f8ba704d95735328b4af2bcc8b3900dfa
tcn,independent_rms,17,bandpass_n20005_cLL_independent_rms_s20,phase2/results/predictions/full/independent_rms/tcn/seed_17/bandpass_n20005_cLL_independent_rms_s20.npz,76468,a5010197621a9b60f7feaa10108e9cd1b915f2bb0c7e4cf0e4bad8b771b8af6d
tcn,independent_rms,17,bandpass_n20005_cLL_independent_rms_s15,phase2/results/predictions/full/independent_rms/tcn/seed_17/bandpass_n20005_cLL_independent_rms_s15.npz,76464,3d2182425d8c12e42819f9c4533c49a80b3813e709bbab890085e48316ad1878
tcn,independent_rms,17,bandpass_n20005_cLL_independent_rms_s10,phase2/results/predictions/full/independent_rms/tcn/seed_17/bandpass_n20005_cLL_independent_rms_s10.npz,76410,9fe5260cf48985f021d295241b5c2b595e63afd4326df9269e9cd6aa54430ade
tcn,independent_rms,17,bandpass_n20005_cLL_independent_rms_s5,phase2/results/predictions/full/independent_rms/tcn/seed_17/bandpass_n20005_cLL_independent_rms_s5.npz,76241,9b69214a4f8b309735308886dc4f594628204e7426bd0d3a10e6f898ff44ed78
tcn,independent_rms,17,bandpass_n20005_cLL_independent_rms_s0,phase2/results/predictions/full/independent_rms/tcn/seed_17/bandpass_n20005_cLL_independent_rms_s0.npz,75912,091a9bd69044d548cc481014e38f6b75dfe75340b5376f6bddb35cc1de23c3c0
tcn,independent_rms,17,bandpass_n20005_cLL_electrode_s20,phase2/results/predictions/full/independent_rms/tcn/seed_17/bandpass_n20005_cLL_electrode_s20.npz,76479,d481221b654882fcf791eeae5e380ef8f850517cd3a1fa53dd75c876bf7af92d
tcn,independent_rms,17,bandpass_n20005_cLL_electrode_s15,phase2/results/predictions/full/independent_rms/tcn/seed_17/bandpass_n20005_cLL_electrode_s15.npz,76436,8a7c6009ec276a6054fc6d17803aa1928d9ed0b11e92be458f100e43e18d1008
tcn,independent_rms,17,bandpass_n20005_cLL_electrode_s10,phase2/results/predictions/full/independent_rms/tcn/seed_17/bandpass_n20005_cLL_electrode_s10.npz,76395,33d24f4050668fd916906fb253c9baea9c26e4ad625f0c1289486d8718ce6cce
tcn,independent_rms,17,bandpass_n20005_cLL_electrode_s5,phase2/results/predictions/full/independent_rms/tcn/seed_17/bandpass_n20005_cLL_electrode_s5.npz,76195,20a294fb90a094f3e634e291640e5237cac25c754037db2410373ac8568f1da2
tcn,independent_rms,17,bandpass_n20005_cLL_electrode_s0,phase2/results/predictions/full/independent_rms/tcn/seed_17/bandpass_n20005_cLL_electrode_s0.npz,75810,f2edc79737c0949f467efbfd61f37f8091f360a78f25de20e3cf092dcfdb5d70
tcn,independent_rms,17,bandpass_n20005_cLL_covariance_s20,phase2/results/predictions/full/independent_rms/tcn/seed_17/bandpass_n20005_cLL_covariance_s20.npz,76466,bc008db683b1aa2b2c2808b8de59c08357e54b6fe917709824a8db8e128fce24
tcn,independent_rms,17,bandpass_n20005_cLL_covariance_s15,phase2/results/predictions/full/independent_rms/tcn/seed_17/bandpass_n20005_cLL_covariance_s15.npz,76436,29f9654eb2f28afaeebe8bee67e790e54c484d7c8a8bf38dedb3c684b3e87092
tcn,independent_rms,17,bandpass_n20005_cLL_covariance_s10,phase2/results/predictions/full/independent_rms/tcn/seed_17/bandpass_n20005_cLL_covariance_s10.npz,76370,265fc76900336b021516aa24c6706015e31dd9c6eaeaa5e621557ab30a58a423
tcn,independent_rms,17,bandpass_n20005_cLL_covariance_s5,phase2/results/predictions/full/independent_rms/tcn/seed_17/bandpass_n20005_cLL_covariance_s5.npz,76214,d7d07e5e884f1f87b942c9a0514f965df59c646a9920b66ab0e5ba0cc9333426
tcn,independent_rms,17,bandpass_n20005_cLL_covariance_s0,phase2/results/predictions/full/independent_rms/tcn/seed_17/bandpass_n20005_cLL_covariance_s0.npz,75772,8cf950fec137d434a22f1041f91e3bb9fcfa2be0b61189000cd5b829b99ca0c4
tcn,independent_rms,17,bandpass_n20005_cRA_V1_independent_rms_s20,phase2/results/predictions/full/independent_rms/tcn/seed_17/bandpass_n20005_cRA_V1_independent_rms_s20.npz,76492,62da89b41dc0bab05541870451f997f06a4d2c40c62b911f4f2d6f3eda79a419
tcn,independent_rms,17,bandpass_n20005_cRA_V1_independent_rms_s15,phase2/results/predictions/full/independent_rms/tcn/seed_17/bandpass_n20005_cRA_V1_independent_rms_s15.npz,76476,ce7c55d66b6444c5f6cde8402eb3781404b6a6928a7fbc81863f63737618b1a1
tcn,independent_rms,17,bandpass_n20005_cRA_V1_independent_rms_s10,phase2/results/predictions/full/independent_rms/tcn/seed_17/bandpass_n20005_cRA_V1_independent_rms_s10.npz,76407,a2c017e75657af315cdf54d8a538db63c767afc6f3112eb0284c32ba14c1d4f5
tcn,independent_rms,17,bandpass_n20005_cRA_V1_independent_rms_s5,phase2/results/predictions/full/independent_rms/tcn/seed_17/bandpass_n20005_cRA_V1_independent_rms_s5.npz,76288,52064783aa086f7f845a9a6bfd45cbf7d401cb8d50a94f196119145ea1a5fef6
tcn,independent_rms,17,bandpass_n20005_cRA_V1_independent_rms_s0,phase2/results/predictions/full/independent_rms/tcn/seed_17/bandpass_n20005_cRA_V1_independent_rms_s0.npz,75942,aa8acd6de1fbe7a22bf7ed62c99d021924fb597d830c601738e0aae97f20bec7
tcn,independent_rms,17,bandpass_n20005_cRA_V1_electrode_s20,phase2/results/predictions/full/independent_rms/tcn/seed_17/bandpass_n20005_cRA_V1_electrode_s20.npz,76478,01b9629f96408596d092cb9d47d79e8ae01ca9d14099a4814b418825ca912534
tcn,independent_rms,17,bandpass_n20005_cRA_V1_electrode_s15,phase2/results/predictions/full/independent_rms/tcn/seed_17/bandpass_n20005_cRA_V1_electrode_s15.npz,76409,e736381c5def0b8e7827f9846ff3371140f8749c3e269b23ba0c73bc4e1b96bb
tcn,independent_rms,17,bandpass_n20005_cRA_V1_electrode_s10,phase2/results/predictions/full/independent_rms/tcn/seed_17/bandpass_n20005_cRA_V1_electrode_s10.npz,76363,523b08ac6a47c3f057cae1a6313bd0a4ae178c574a0e32c4f4e6f98ef6784f1b
tcn,independent_rms,17,bandpass_n20005_cRA_V1_electrode_s5,phase2/results/predictions/full/independent_rms/tcn/seed_17/bandpass_n20005_cRA_V1_electrode_s5.npz,76184,a661a007a2aa7b9dfc480055d0a9df2a0de64ac76ee9a35ea38bfbfff9123ff9
tcn,independent_rms,17,bandpass_n20005_cRA_V1_electrode_s0,phase2/results/predictions/full/independent_rms/tcn/seed_17/bandpass_n20005_cRA_V1_electrode_s0.npz,75769,70941f82a140ff023ae1562e0edd0e5dc8c4fe2b31d22afe7909f8cb7e7703f1
tcn,independent_rms,17,bandpass_n20005_cRA_V1_covariance_s20,phase2/results/predictions/full/independent_rms/tcn/seed_17/bandpass_n20005_cRA_V1_covariance_s20.npz,76501,55472cb4747fe2db8e632ca076b817a0cd71fcc491b6eb2dc2edb4806ae7c2d7
tcn,independent_rms,17,bandpass_n20005_cRA_V1_covariance_s15,phase2/results/predictions/full/independent_rms/tcn/seed_17/bandpass_n20005_cRA_V1_covariance_s15.npz,76447,ffdb682a618e139d71332dc14627981f046618017991571d604a1d3de6a1a34a
tcn,independent_rms,17,bandpass_n20005_cRA_V1_covariance_s10,phase2/results/predictions/full/independent_rms/tcn/seed_17/bandpass_n20005_cRA_V1_covariance_s10.npz,76374,17ae4db3b89bca99725228be52340f6e183d1c3f47f8fd71a2365488e6933fec
tcn,independent_rms,17,bandpass_n20005_cRA_V1_covariance_s5,phase2/results/predictions/full/independent_rms/tcn/seed_17/bandpass_n20005_cRA_V1_covariance_s5.npz,76190,79f4110e12a1fcca53ab5c6295e327c46e4f461005706bb29cf000da915e50a6
tcn,independent_rms,17,bandpass_n20005_cRA_V1_covariance_s0,phase2/results/predictions/full/independent_rms/tcn/seed_17/bandpass_n20005_cRA_V1_covariance_s0.npz,75813,e8399e927f68aa00505fa1c260fa5dc1f3f526606538d54516db0615d1833c09
tcn,independent_rms,17,bandpass_n20005_cLA_V6_independent_rms_s20,phase2/results/predictions/full/independent_rms/tcn/seed_17/bandpass_n20005_cLA_V6_independent_rms_s20.npz,76485,848fba929e07f13cf1b2d2fbe06cb39636a85d931d0e29d0798da714846f8eb0
tcn,independent_rms,17,bandpass_n20005_cLA_V6_independent_rms_s15,phase2/results/predictions/full/independent_rms/tcn/seed_17/bandpass_n20005_cLA_V6_independent_rms_s15.npz,76496,0f13f72cb9990661e3bfba292cf8ca75d91505427fe5d1f911f469531e1931ca
tcn,independent_rms,17,bandpass_n20005_cLA_V6_independent_rms_s10,phase2/results/predictions/full/independent_rms/tcn/seed_17/bandpass_n20005_cLA_V6_independent_rms_s10.npz,76453,55db62b2acdf5a9c81707323c6940cc9b32604bad3e721673d27956376efe39b
tcn,independent_rms,17,bandpass_n20005_cLA_V6_independent_rms_s5,phase2/results/predictions/full/independent_rms/tcn/seed_17/bandpass_n20005_cLA_V6_independent_rms_s5.npz,76345,59c14df499a81fbcca4379e55118e068f84cabc4c91336d963bcc703616fd4f4
tcn,independent_rms,17,bandpass_n20005_cLA_V6_independent_rms_s0,phase2/results/predictions/full/independent_rms/tcn/seed_17/bandpass_n20005_cLA_V6_independent_rms_s0.npz,76078,7bcdfedb83463eba793b07f8d51f476bc6fdad2b1c81d81f8ce5f512c44dd0aa
tcn,independent_rms,17,bandpass_n20005_cLA_V6_electrode_s20,phase2/results/predictions/full/independent_rms/tcn/seed_17/bandpass_n20005_cLA_V6_electrode_s20.npz,76456,bc8b1c14a1be6dfe8e7c2af2de5cae59d3cbdfe65e6bf68eea61baf52d16f9fa
tcn,independent_rms,17,bandpass_n20005_cLA_V6_electrode_s15,phase2/results/predictions/full/independent_rms/tcn/seed_17/bandpass_n20005_cLA_V6_electrode_s15.npz,76430,b40c58b08047f61d5bfb001bd8aec70a192140cbdcfe1619e27ae378bdb82c0b
tcn,independent_rms,17,bandpass_n20005_cLA_V6_electrode_s10,phase2/results/predictions/full/independent_rms/tcn/seed_17/bandpass_n20005_cLA_V6_electrode_s10.npz,76407,c6f78f6556a2f25fb51869aeb073c41991a091c409749921690a703a45c3fc4a
tcn,independent_rms,17,bandpass_n20005_cLA_V6_electrode_s5,phase2/results/predictions/full/independent_rms/tcn/seed_17/bandpass_n20005_cLA_V6_electrode_s5.npz,76227,d8cd5360329931d94594c660b92c2b6a01b366688049a6a5a1c3939069537fa3
tcn,independent_rms,17,bandpass_n20005_cLA_V6_electrode_s0,phase2/results/predictions/full/independent_rms/tcn/seed_17/bandpass_n20005_cLA_V6_electrode_s0.npz,75854,009b6b7c8bded668fd814f24deaa063069823b6d187bfaed9199facbd0c3088f
tcn,independent_rms,17,bandpass_n20005_cLA_V6_covariance_s20,phase2/results/predictions/full/independent_rms/tcn/seed_17/bandpass_n20005_cLA_V6_covariance_s20.npz,76489,0594ae3984c585e925693918c9637f2e312a88290da0c1495077a58d663838c1
tcn,independent_rms,17,bandpass_n20005_cLA_V6_covariance_s15,phase2/results/predictions/full/independent_rms/tcn/seed_17/bandpass_n20005_cLA_V6_covariance_s15.npz,76457,353515befb859766de05595f0b6c0844140a3a39a63f9d3c26857cc388c86c02
tcn,independent_rms,17,bandpass_n20005_cLA_V6_covariance_s10,phase2/results/predictions/full/independent_rms/tcn/seed_17/bandpass_n20005_cLA_V6_covariance_s10.npz,76396,4c790ca976b2b667edfcfe7f4aea3fba4c29f916f733484e44fb15e6d62b9b50
tcn,independent_rms,17,bandpass_n20005_cLA_V6_covariance_s5,phase2/results/predictions/full/independent_rms/tcn/seed_17/bandpass_n20005_cLA_V6_covariance_s5.npz,76217,55d7e73b00469937bfec2f3c4dfe225f175b2fd2550fb67b75ad2395a95ba05a
tcn,independent_rms,17,bandpass_n20005_cLA_V6_covariance_s0,phase2/results/predictions/full/independent_rms/tcn/seed_17/bandpass_n20005_cLA_V6_covariance_s0.npz,75829,1b056b72f308be67969d3f0c4d10377b1dca73cdc218610d58d48a71717469dc
tcn,independent_rms,17,bandpass_n20005_cLL_V4_independent_rms_s20,phase2/results/predictions/full/independent_rms/tcn/seed_17/bandpass_n20005_cLL_V4_independent_rms_s20.npz,76463,40312af8cc9337e416c8897e0b091673113213fdadb609c55c1b23389f673fdc
tcn,independent_rms,17,bandpass_n20005_cLL_V4_independent_rms_s15,phase2/results/predictions/full/independent_rms/tcn/seed_17/bandpass_n20005_cLL_V4_independent_rms_s15.npz,76466,78d8a259de3c6da79eee9ec16b10e50b43c3ba915e7f66a942a17318a6e315fa
tcn,independent_rms,17,bandpass_n20005_cLL_V4_independent_rms_s10,phase2/results/predictions/full/independent_rms/tcn/seed_17/bandpass_n20005_cLL_V4_independent_rms_s10.npz,76448,c3485c4d2bc83587b8e3a76ec4b9e11a8567a6003df881b627f811a684265730
tcn,independent_rms,17,bandpass_n20005_cLL_V4_independent_rms_s5,phase2/results/predictions/full/independent_rms/tcn/seed_17/bandpass_n20005_cLL_V4_independent_rms_s5.npz,76306,5f92610de22916a56f8d82e8bdf4dda9828b75ff14672164434a7c80ea168878
tcn,independent_rms,17,bandpass_n20005_cLL_V4_independent_rms_s0,phase2/results/predictions/full/independent_rms/tcn/seed_17/bandpass_n20005_cLL_V4_independent_rms_s0.npz,75994,a0a4b0c138ea22bebabeac1d2719d59aaa800b5d50bbc47716babb15ce4893e5
tcn,independent_rms,17,bandpass_n20005_cLL_V4_electrode_s20,phase2/results/predictions/full/independent_rms/tcn/seed_17/bandpass_n20005_cLL_V4_electrode_s20.npz,76498,098b6a434fc243d08a7c8aab943633edeba1fd5a945b10a9339f812a46553de8
tcn,independent_rms,17,bandpass_n20005_cLL_V4_electrode_s15,phase2/results/predictions/full/independent_rms/tcn/seed_17/bandpass_n20005_cLL_V4_electrode_s15.npz,76456,e9fd95c31ede71fa8d0713ad60cd176a5a9f6ad7c1339ef037685970350cc450
tcn,independent_rms,17,bandpass_n20005_cLL_V4_electrode_s10,phase2/results/predictions/full/independent_rms/tcn/seed_17/bandpass_n20005_cLL_V4_electrode_s10.npz,76437,bad0bd04cfe9dc4c50d8c76a8e799bd5be4a1e5184facba4af3502aee3b8f922
tcn,independent_rms,17,bandpass_n20005_cLL_V4_electrode_s5,phase2/results/predictions/full/independent_rms/tcn/seed_17/bandpass_n20005_cLL_V4_electrode_s5.npz,76237,cb4045be637a647e0fcfe5f3b91320413d09834107c08c73d5c9e2b3e77a83a3
tcn,independent_rms,17,bandpass_n20005_cLL_V4_electrode_s0,phase2/results/predictions/full/independent_rms/tcn/seed_17/bandpass_n20005_cLL_V4_electrode_s0.npz,75894,3d23b50848f47bfbb71cc649f8e112e90b86c0d49f61004d6fa925598afc4380
tcn,independent_rms,17,bandpass_n20005_cLL_V4_covariance_s20,phase2/results/predictions/full/independent_rms/tcn/seed_17/bandpass_n20005_cLL_V4_covariance_s20.npz,76477,d6aee4b02298851a41f0283ac8ae24bb3cb144235e9f5c78b42302b7fdd1b189
tcn,independent_rms,17,bandpass_n20005_cLL_V4_covariance_s15,phase2/results/predictions/full/independent_rms/tcn/seed_17/bandpass_n20005_cLL_V4_covariance_s15.npz,76452,4de98c5ea369a79e7b944d28c5dd74aaaec2547bdc0ad2fd8defa5f52481c89c
tcn,independent_rms,17,bandpass_n20005_cLL_V4_covariance_s10,phase2/results/predictions/full/independent_rms/tcn/seed_17/bandpass_n20005_cLL_V4_covariance_s10.npz,76386,76062e24c1ac05b002ce2096241de2499e02f458f3f047575f080ba79d9c7686
tcn,independent_rms,17,bandpass_n20005_cLL_V4_covariance_s5,phase2/results/predictions/full/independent_rms/tcn/seed_17/bandpass_n20005_cLL_V4_covariance_s5.npz,76214,61a85b4d53e98abea2bd3fd158f32d62b418a7e8597f7a7448f6927ad6d78b55
tcn,independent_rms,17,bandpass_n20005_cLL_V4_covariance_s0,phase2/results/predictions/full/independent_rms/tcn/seed_17/bandpass_n20005_cLL_V4_covariance_s0.npz,75879,ddef52fdc78fb154da50c67da59445fd7e9a66a51e926c01ba0e638b323a721c
tcn,independent_rms,17,bandpass_n20005_cRA_LA_V1_V6_independent_rms_s20,phase2/results/predictions/full/independent_rms/tcn/seed_17/bandpass_n20005_cRA_LA_V1_V6_independent_rms_s20.npz,76499,56ba69dce37e907ca17fb7a629c91d9e386d6e0a9842bfdb10b303a730de9091
tcn,independent_rms,17,bandpass_n20005_cRA_LA_V1_V6_independent_rms_s15,phase2/results/predictions/full/independent_rms/tcn/seed_17/bandpass_n20005_cRA_LA_V1_V6_independent_rms_s15.npz,76469,7a44a018d76a33ba725f70e7fa819cdaf26022e45b0e274fae2443b6800a83a2
tcn,independent_rms,17,bandpass_n20005_cRA_LA_V1_V6_independent_rms_s10,phase2/results/predictions/full/independent_rms/tcn/seed_17/bandpass_n20005_cRA_LA_V1_V6_independent_rms_s10.npz,76451,31de4939e46fc5f0aefd0df2767e97f12c321653b7815137e7eec8a5ca92f129
tcn,independent_rms,17,bandpass_n20005_cRA_LA_V1_V6_independent_rms_s5,phase2/results/predictions/full/independent_rms/tcn/seed_17/bandpass_n20005_cRA_LA_V1_V6_independent_rms_s5.npz,76350,ad980f49a5fc8b684436e7639889360c4557b6a850432d5ec315d2c2cd349b16
tcn,independent_rms,17,bandpass_n20005_cRA_LA_V1_V6_independent_rms_s0,phase2/results/predictions/full/independent_rms/tcn/seed_17/bandpass_n20005_cRA_LA_V1_V6_independent_rms_s0.npz,76005,b63f2016ce22e00504471151aa70d3549921ebf63ad7f263d63dea0d56af1f12
tcn,independent_rms,17,bandpass_n20005_cRA_LA_V1_V6_electrode_s20,phase2/results/predictions/full/independent_rms/tcn/seed_17/bandpass_n20005_cRA_LA_V1_V6_electrode_s20.npz,76479,27c97d828930fbc652205ff68767b0cb2ca6f9b2caf39392c45676661731024d
tcn,independent_rms,17,bandpass_n20005_cRA_LA_V1_V6_electrode_s15,phase2/results/predictions/full/independent_rms/tcn/seed_17/bandpass_n20005_cRA_LA_V1_V6_electrode_s15.npz,76475,a886f16dfdb08824a984ccbda560dbb9c88c90a4ac3bea4f74d103c7da984049
tcn,independent_rms,17,bandpass_n20005_cRA_LA_V1_V6_electrode_s10,phase2/results/predictions/full/independent_rms/tcn/seed_17/bandpass_n20005_cRA_LA_V1_V6_electrode_s10.npz,76383,7979cd4272565c5d1216b662e550912e3a8604e068cff8b3846181104cd5e6db
tcn,independent_rms,17,bandpass_n20005_cRA_LA_V1_V6_electrode_s5,phase2/results/predictions/full/independent_rms/tcn/seed_17/bandpass_n20005_cRA_LA_V1_V6_electrode_s5.npz,76200,8d104cc7d1d892055010c48466126b3a77e0dd09ea202d31f46823eddaf39aab
tcn,independent_rms,17,bandpass_n20005_cRA_LA_V1_V6_electrode_s0,phase2/results/predictions/full/independent_rms/tcn/seed_17/bandpass_n20005_cRA_LA_V1_V6_electrode_s0.npz,75761,1685c0ad54d25bb0d997bab9c94eb4a5f48fee9c946656fee7026db74d22b6cb
tcn,independent_rms,17,bandpass_n20005_cRA_LA_V1_V6_covariance_s20,phase2/results/predictions/full/independent_rms/tcn/seed_17/bandpass_n20005_cRA_LA_V1_V6_covariance_s20.npz,76492,9fd9ee00d0fc2fb725d01260b4407f0a3098371e175c0a52d5d289d5c3a882e3
tcn,independent_rms,17,bandpass_n20005_cRA_LA_V1_V6_covariance_s15,phase2/results/predictions/full/independent_rms/tcn/seed_17/bandpass_n20005_cRA_LA_V1_V6_covariance_s15.npz,76461,05500edc4a6ca62dcf3ee31e4389166aadaa9b28deaa4629e277e9c4086c4373
tcn,independent_rms,17,bandpass_n20005_cRA_LA_V1_V6_covariance_s10,phase2/results/predictions/full/independent_rms/tcn/seed_17/bandpass_n20005_cRA_LA_V1_V6_covariance_s10.npz,76415,5ef1fb3e232e2aaba237181bf8c916f6e69b443cb839c66a73d313f022995448
tcn,independent_rms,17,bandpass_n20005_cRA_LA_V1_V6_covariance_s5,phase2/results/predictions/full/independent_rms/tcn/seed_17/bandpass_n20005_cRA_LA_V1_V6_covariance_s5.npz,76205,547bf68fd3a4bb8eeb2e563c29496e82b93166a82b7a8faef3ef442630f41bb3
tcn,independent_rms,17,bandpass_n20005_cRA_LA_V1_V6_covariance_s0,phase2/results/predictions/full/independent_rms/tcn/seed_17/bandpass_n20005_cRA_LA_V1_V6_covariance_s0.npz,75800,7120f27e381fb91dd79801c2b0c6c565c2f455763531c09863dc23942e5648f3
tcn,independent_rms,17,bandpass_n20005_cRA_V2_V5_independent_rms_s20,phase2/results/predictions/full/independent_rms/tcn/seed_17/bandpass_n20005_cRA_V2_V5_independent_rms_s20.npz,76513,d5038ca870af443e82cc1b4456fa87dceba875b2f7cbb2cc53271d872af93b6e
tcn,independent_rms,17,bandpass_n20005_cRA_V2_V5_independent_rms_s15,phase2/results/predictions/full/independent_rms/tcn/seed_17/bandpass_n20005_cRA_V2_V5_independent_rms_s15.npz,76473,623408c52aa5337c0834ee5162308321103edd714ea4694a88a2a44e2e8ef03d
tcn,independent_rms,17,bandpass_n20005_cRA_V2_V5_independent_rms_s10,phase2/results/predictions/full/independent_rms/tcn/seed_17/bandpass_n20005_cRA_V2_V5_independent_rms_s10.npz,76416,51c5074b21a15b6e0cab1b54f9513b1fef834572d49fb5a622987b3dd884a20a
tcn,independent_rms,17,bandpass_n20005_cRA_V2_V5_independent_rms_s5,phase2/results/predictions/full/independent_rms/tcn/seed_17/bandpass_n20005_cRA_V2_V5_independent_rms_s5.npz,76313,a2c43eecdcf3f0bc933cf3e12161a6737264f03a710e679b78a0055d0b64dce4
tcn,independent_rms,17,bandpass_n20005_cRA_V2_V5_independent_rms_s0,phase2/results/predictions/full/independent_rms/tcn/seed_17/bandpass_n20005_cRA_V2_V5_independent_rms_s0.npz,75994,a274a4f34005bd931094ed0ec8f2bcf2b3953e694d36278218f27ccde6e33bf5
tcn,independent_rms,17,bandpass_n20005_cRA_V2_V5_electrode_s20,phase2/results/predictions/full/independent_rms/tcn/seed_17/bandpass_n20005_cRA_V2_V5_electrode_s20.npz,76478,fd0d4a80f48b351f66f6f68ff99f81e788714c72f5128e3131ff221c66046c1e
tcn,independent_rms,17,bandpass_n20005_cRA_V2_V5_electrode_s15,phase2/results/predictions/full/independent_rms/tcn/seed_17/bandpass_n20005_cRA_V2_V5_electrode_s15.npz,76469,d00e02546d294e51000dead67e2a52d749f677b317c181d2dc9bd4f6bf43cf5f
tcn,independent_rms,17,bandpass_n20005_cRA_V2_V5_electrode_s10,phase2/results/predictions/full/independent_rms/tcn/seed_17/bandpass_n20005_cRA_V2_V5_electrode_s10.npz,76363,36c44f82fa1983cb93b266ab7f8ecc673931eb4b1e97e14939a526ad3f591a25
tcn,independent_rms,17,bandpass_n20005_cRA_V2_V5_electrode_s5,phase2/results/predictions/full/independent_rms/tcn/seed_17/bandpass_n20005_cRA_V2_V5_electrode_s5.npz,76187,a4de6e7d918a19295cf76759d2fd249063b87ebf56e369dcc141a9d794ab7ed1
tcn,independent_rms,17,bandpass_n20005_cRA_V2_V5_electrode_s0,phase2/results/predictions/full/independent_rms/tcn/seed_17/bandpass_n20005_cRA_V2_V5_electrode_s0.npz,75840,f6f8cee67a81e10948a04effd068e022a23e70704fe6ae9c0fe9ef217574c20b
tcn,independent_rms,17,bandpass_n20005_cRA_V2_V5_covariance_s20,phase2/results/predictions/full/independent_rms/tcn/seed_17/bandpass_n20005_cRA_V2_V5_covariance_s20.npz,76473,ee1d0e263401b663462449eddf477b053cc0ccfd571405665604e827de81167e
tcn,independent_rms,17,bandpass_n20005_cRA_V2_V5_covariance_s15,phase2/results/predictions/full/independent_rms/tcn/seed_17/bandpass_n20005_cRA_V2_V5_covariance_s15.npz,76452,fcd8e62cf3564f04f9331662a6ae4faf5ff3df53513102f0eaa2d2217b96625d
tcn,independent_rms,17,bandpass_n20005_cRA_V2_V5_covariance_s10,phase2/results/predictions/full/independent_rms/tcn/seed_17/bandpass_n20005_cRA_V2_V5_covariance_s10.npz,76363,0a32a8c7b2372b1f054c05c9415f43eaab4b362f5f1060bd5b74c2a957d42065
tcn,independent_rms,17,bandpass_n20005_cRA_V2_V5_covariance_s5,phase2/results/predictions/full/independent_rms/tcn/seed_17/bandpass_n20005_cRA_V2_V5_covariance_s5.npz,76215,e5b67da23593b9c32ea550ea509eb1489a2b8e4a8bbeda4f10d57f58733eca96
tcn,independent_rms,17,bandpass_n20005_cRA_V2_V5_covariance_s0,phase2/results/predictions/full/independent_rms/tcn/seed_17/bandpass_n20005_cRA_V2_V5_covariance_s0.npz,75870,59c21692b7e0423e4d134a218db13fb6ec446c2d0296fdce8bab4b38eec3ade2
tcn,independent_rms,17,bandpass_n20005_cLA_V3_V6_independent_rms_s20,phase2/results/predictions/full/independent_rms/tcn/seed_17/bandpass_n20005_cLA_V3_V6_independent_rms_s20.npz,76510,4a989f29ead0d77b52f45ff42f312daa389dd84590f69ed68fe3dcbab3e7b8b4
tcn,independent_rms,17,bandpass_n20005_cLA_V3_V6_independent_rms_s15,phase2/results/predictions/full/independent_rms/tcn/seed_17/bandpass_n20005_cLA_V3_V6_independent_rms_s15.npz,76504,494668d1826b9dc88e250023d9aee749727d5c32867e69cfd4b4f42bf9b02980
tcn,independent_rms,17,bandpass_n20005_cLA_V3_V6_independent_rms_s10,phase2/results/predictions/full/independent_rms/tcn/seed_17/bandpass_n20005_cLA_V3_V6_independent_rms_s10.npz,76450,5997f469582f77ec85197d298763faa9b91a3d3da489999fcf12fc95ca23d209
tcn,independent_rms,17,bandpass_n20005_cLA_V3_V6_independent_rms_s5,phase2/results/predictions/full/independent_rms/tcn/seed_17/bandpass_n20005_cLA_V3_V6_independent_rms_s5.npz,76323,42337c17f72373d4261e33cfc0d4678726db47257616400b4af92372ac5b5613
tcn,independent_rms,17,bandpass_n20005_cLA_V3_V6_independent_rms_s0,phase2/results/predictions/full/independent_rms/tcn/seed_17/bandpass_n20005_cLA_V3_V6_independent_rms_s0.npz,76058,8c49fd422ec764179437bbba27fb8edad30df4a81db32bc6342cb68155a3a926
tcn,independent_rms,17,bandpass_n20005_cLA_V3_V6_electrode_s20,phase2/results/predictions/full/independent_rms/tcn/seed_17/bandpass_n20005_cLA_V3_V6_electrode_s20.npz,76467,8d51c635d85e5030bd88be3b369d2dcbfbfa72406fe310c2cbab17589f6b6349
tcn,independent_rms,17,bandpass_n20005_cLA_V3_V6_electrode_s15,phase2/results/predictions/full/independent_rms/tcn/seed_17/bandpass_n20005_cLA_V3_V6_electrode_s15.npz,76436,78804976d198d2484f56447862a1c78c17c6dc513c04a6f7d281e79364a88c00
tcn,independent_rms,17,bandpass_n20005_cLA_V3_V6_electrode_s10,phase2/results/predictions/full/independent_rms/tcn/seed_17/bandpass_n20005_cLA_V3_V6_electrode_s10.npz,76430,8a27aec6ff207c4eaacfb562a4c5183fb34276a502bec5212bd5f82496260c23
tcn,independent_rms,17,bandpass_n20005_cLA_V3_V6_electrode_s5,phase2/results/predictions/full/independent_rms/tcn/seed_17/bandpass_n20005_cLA_V3_V6_electrode_s5.npz,76246,35236a73fdc41b8351f95c93c1fac9959ff4af4d2b818a9b76b9fe3b6970006e
tcn,independent_rms,17,bandpass_n20005_cLA_V3_V6_electrode_s0,phase2/results/predictions/full/independent_rms/tcn/seed_17/bandpass_n20005_cLA_V3_V6_electrode_s0.npz,75851,97e807377d5a5a67ea5e4306484a8e3596c0b199392362957d911a4c4db5f74d
tcn,independent_rms,17,bandpass_n20005_cLA_V3_V6_covariance_s20,phase2/results/predictions/full/independent_rms/tcn/seed_17/bandpass_n20005_cLA_V3_V6_covariance_s20.npz,76497,ac2545d3fea6b363600771db147a7ec807e642e6a149178f817752169379a691
tcn,independent_rms,17,bandpass_n20005_cLA_V3_V6_covariance_s15,phase2/results/predictions/full/independent_rms/tcn/seed_17/bandpass_n20005_cLA_V3_V6_covariance_s15.npz,76467,60e39e621c43cc7aab584d704d582d681738f67025e270bfe73a5ff857cc6b02
tcn,independent_rms,17,bandpass_n20005_cLA_V3_V6_covariance_s10,phase2/results/predictions/full/independent_rms/tcn/seed_17/bandpass_n20005_cLA_V3_V6_covariance_s10.npz,76450,abc730be990b52a20bb91feb6c2168852d01e9af5c19c27e6e4c4af7d01a477f
tcn,independent_rms,17,bandpass_n20005_cLA_V3_V6_covariance_s5,phase2/results/predictions/full/independent_rms/tcn/seed_17/bandpass_n20005_cLA_V3_V6_covariance_s5.npz,76223,7ef79689292417d257ee9d9b7ac91df168eb89d951999fa2380a1f0bad7e48e8
tcn,independent_rms,17,bandpass_n20005_cLA_V3_V6_covariance_s0,phase2/results/predictions/full/independent_rms/tcn/seed_17/bandpass_n20005_cLA_V3_V6_covariance_s0.npz,75863,f7a81d18fb491764e3e09db5ad8d8ef51696ba55ed64d2020d3a0e9cb1bcfced
tcn,independent_rms,17,bandpass_n20005_cLL_V1_V4_independent_rms_s20,phase2/results/predictions/full/independent_rms/tcn/seed_17/bandpass_n20005_cLL_V1_V4_independent_rms_s20.npz,76491,6f4ed1f071c375aa615c715f7aec5581d569e0762d94fe4e752f101b72178927
tcn,independent_rms,17,bandpass_n20005_cLL_V1_V4_independent_rms_s15,phase2/results/predictions/full/independent_rms/tcn/seed_17/bandpass_n20005_cLL_V1_V4_independent_rms_s15.npz,76460,902bb33f0fc3815e50ef45e21507e657be26984246e028723eecee6701adc868
tcn,independent_rms,17,bandpass_n20005_cLL_V1_V4_independent_rms_s10,phase2/results/predictions/full/independent_rms/tcn/seed_17/bandpass_n20005_cLL_V1_V4_independent_rms_s10.npz,76442,c6ba3363c8ab9525bce2799c8390173a49c409ebf7556b0c2abc00ef5d70ba27
tcn,independent_rms,17,bandpass_n20005_cLL_V1_V4_independent_rms_s5,phase2/results/predictions/full/independent_rms/tcn/seed_17/bandpass_n20005_cLL_V1_V4_independent_rms_s5.npz,76307,a97bab4ea270cb38786a677e576fcbe94ad902f214924fa57d0bd45b6e6980e1
tcn,independent_rms,17,bandpass_n20005_cLL_V1_V4_independent_rms_s0,phase2/results/predictions/full/independent_rms/tcn/seed_17/bandpass_n20005_cLL_V1_V4_independent_rms_s0.npz,75975,ed4d9f4db4037832916c82ec35a282345f3d7ee6c72138c560539702d0c59a64
tcn,independent_rms,17,bandpass_n20005_cLL_V1_V4_electrode_s20,phase2/results/predictions/full/independent_rms/tcn/seed_17/bandpass_n20005_cLL_V1_V4_electrode_s20.npz,76467,8eb4f35c8b72f744ca2fc26466797a62c834ab21cd025be50aaa85909b387397
tcn,independent_rms,17,bandpass_n20005_cLL_V1_V4_electrode_s15,phase2/results/predictions/full/independent_rms/tcn/seed_17/bandpass_n20005_cLL_V1_V4_electrode_s15.npz,76461,f27d8294a4f841aa31341b3f9a9943502c1b6180ee3581676ef2fa4d57ef886e
tcn,independent_rms,17,bandpass_n20005_cLL_V1_V4_electrode_s10,phase2/results/predictions/full/independent_rms/tcn/seed_17/bandpass_n20005_cLL_V1_V4_electrode_s10.npz,76412,460eab7be48720db12ebb358203a48a0eedc62398c82e670d880eda1dd0d75c9
tcn,independent_rms,17,bandpass_n20005_cLL_V1_V4_electrode_s5,phase2/results/predictions/full/independent_rms/tcn/seed_17/bandpass_n20005_cLL_V1_V4_electrode_s5.npz,76290,7b158d75d588d98020fe3369df63844f2a895c680f944eb5a0a007ddaeceef11
tcn,independent_rms,17,bandpass_n20005_cLL_V1_V4_electrode_s0,phase2/results/predictions/full/independent_rms/tcn/seed_17/bandpass_n20005_cLL_V1_V4_electrode_s0.npz,75875,b19cb39a9ea28dfd62fffee55f31db69ddba70bb7959b413b3eb7633177fd2e7
tcn,independent_rms,17,bandpass_n20005_cLL_V1_V4_covariance_s20,phase2/results/predictions/full/independent_rms/tcn/seed_17/bandpass_n20005_cLL_V1_V4_covariance_s20.npz,76486,faffb30e878278bf1e6522cd8acf1bf33dbd956a3406b09206bfe7917423d4ef
tcn,independent_rms,17,bandpass_n20005_cLL_V1_V4_covariance_s15,phase2/results/predictions/full/independent_rms/tcn/seed_17/bandpass_n20005_cLL_V1_V4_covariance_s15.npz,76478,92347fc4377feae0ed54aa2e3b007a93733085620ea5392f69af0b3bfe533746
tcn,independent_rms,17,bandpass_n20005_cLL_V1_V4_covariance_s10,phase2/results/predictions/full/independent_rms/tcn/seed_17/bandpass_n20005_cLL_V1_V4_covariance_s10.npz,76415,5b3910ab536f887227f080497c16413e55d5732f28f77c6e824156c2de2f4aae
tcn,independent_rms,17,bandpass_n20005_cLL_V1_V4_covariance_s5,phase2/results/predictions/full/independent_rms/tcn/seed_17/bandpass_n20005_cLL_V1_V4_covariance_s5.npz,76272,87c3c40059efcad6f0469d1140de56750c4d6928338ca62251c9b5c3bfff4761
tcn,independent_rms,17,bandpass_n20005_cLL_V1_V4_covariance_s0,phase2/results/predictions/full/independent_rms/tcn/seed_17/bandpass_n20005_cLL_V1_V4_covariance_s0.npz,75906,fcc8a141e419e623502fa1a2a5f58c4d4ca02966e260b5ed3277d793367583c0
tcn,independent_rms,17,bandpass_n20005_call_independent_rms_s20,phase2/results/predictions/full/independent_rms/tcn/seed_17/bandpass_n20005_call_independent_rms_s20.npz,76471,df5f1c04275ece11d41853f2039489ad3f695e0bb2c7a688594e38ae3722752a
tcn,independent_rms,17,bandpass_n20005_call_independent_rms_s15,phase2/results/predictions/full/independent_rms/tcn/seed_17/bandpass_n20005_call_independent_rms_s15.npz,76449,6f67beab33038aa6aae425f2ef2e5b6c3e351cce7cbfcfd2f3a653aeb155d1fc
tcn,independent_rms,17,bandpass_n20005_call_independent_rms_s10,phase2/results/predictions/full/independent_rms/tcn/seed_17/bandpass_n20005_call_independent_rms_s10.npz,76398,d167618f1edb4ae0181002053285c9162914d26f397b84e691e30d79a028da6d
tcn,independent_rms,17,bandpass_n20005_call_independent_rms_s5,phase2/results/predictions/full/independent_rms/tcn/seed_17/bandpass_n20005_call_independent_rms_s5.npz,76280,e6eb75b0256ee3b8bcab7850716271199051a451c071bd2aabf30d63ad3f370f
tcn,independent_rms,17,bandpass_n20005_call_independent_rms_s0,phase2/results/predictions/full/independent_rms/tcn/seed_17/bandpass_n20005_call_independent_rms_s0.npz,75973,d8683be10ce76c94719350d20f4bf64ca49419f0fb23971287f4cb060b98ff2a
tcn,independent_rms,17,bandpass_n20005_call_electrode_s20,phase2/results/predictions/full/independent_rms/tcn/seed_17/bandpass_n20005_call_electrode_s20.npz,76451,05a4997b7bdb859758762edeb61207ee88789744acf340503a03534ab1f3bc7f
tcn,independent_rms,17,bandpass_n20005_call_electrode_s15,phase2/results/predictions/full/independent_rms/tcn/seed_17/bandpass_n20005_call_electrode_s15.npz,76432,36a2c2b775c77180131f63cff5f2b0cc92ce3ee737a85f8628a22776b8e0905c
tcn,independent_rms,17,bandpass_n20005_call_electrode_s10,phase2/results/predictions/full/independent_rms/tcn/seed_17/bandpass_n20005_call_electrode_s10.npz,76395,fc3dabe1058eaff366b918ead5191de1176fa20b2d9cbe31471e08d0930aeac1
tcn,independent_rms,17,bandpass_n20005_call_electrode_s5,phase2/results/predictions/full/independent_rms/tcn/seed_17/bandpass_n20005_call_electrode_s5.npz,76194,fa1d65d562659ef77ecad66440b417b43bccda195a4cc757a3a62435b2f7c906
tcn,independent_rms,17,bandpass_n20005_call_electrode_s0,phase2/results/predictions/full/independent_rms/tcn/seed_17/bandpass_n20005_call_electrode_s0.npz,75794,301eeb12a4ef19a7fdd74b1d07a061d71294d5a1ed189e7d9081d5f50dbb3e30
tcn,independent_rms,17,bandpass_n20005_call_covariance_s20,phase2/results/predictions/full/independent_rms/tcn/seed_17/bandpass_n20005_call_covariance_s20.npz,76486,f83cf9f8a2553abb1b67708074166e5b443231df7647c20a3c8fa84d5c66ba02
tcn,independent_rms,17,bandpass_n20005_call_covariance_s15,phase2/results/predictions/full/independent_rms/tcn/seed_17/bandpass_n20005_call_covariance_s15.npz,76419,b1a7e96c4af56d7d7675d4007163f0a6f43c5638f477041a5a0c315ce0ec690d
tcn,independent_rms,17,bandpass_n20005_call_covariance_s10,phase2/results/predictions/full/independent_rms/tcn/seed_17/bandpass_n20005_call_covariance_s10.npz,76346,dad0f082e4530e0b6f62c2c40692ab03634d2af79f6262123a28a002e1e6b102
tcn,independent_rms,17,bandpass_n20005_call_covariance_s5,phase2/results/predictions/full/independent_rms/tcn/seed_17/bandpass_n20005_call_covariance_s5.npz,76215,937d3149130ab16382df7867a686b9a5324e60cd4257931f31df212e15a497fd
tcn,independent_rms,17,bandpass_n20005_call_covariance_s0,phase2/results/predictions/full/independent_rms/tcn/seed_17/bandpass_n20005_call_covariance_s0.npz,75779,7bfa1dde256017ac633aba7c76884d1f4eab56308f20c8075794891b21d1ff4c
tcn,independent_rms,17,bw_n20001_call_independent_rms_s20,phase2/results/predictions/full/independent_rms/tcn/seed_17/bw_n20001_call_independent_rms_s20.npz,76439,14684aa7035aa098b4213f2f155e6b307d9fe11fb1a32957fb44157870d1c553
tcn,independent_rms,17,bw_n20001_call_independent_rms_s10,phase2/results/predictions/full/independent_rms/tcn/seed_17/bw_n20001_call_independent_rms_s10.npz,76403,150a8731c67a599152460da3ad9c602238c2fb9d7277ea5d4e920bc8502fd088
tcn,independent_rms,17,bw_n20001_call_independent_rms_s0,phase2/results/predictions/full/independent_rms/tcn/seed_17/bw_n20001_call_independent_rms_s0.npz,76179,2811aeeff85376372e2da5e650daf7b09a79d0ac61ee5cee449472ed41fe826a
tcn,independent_rms,17,bw_n20001_call_electrode_s20,phase2/results/predictions/full/independent_rms/tcn/seed_17/bw_n20001_call_electrode_s20.npz,76453,899fd4115422ce7699c3a728441bf77328859521f5d8496e4e4c2d9a124c983e
tcn,independent_rms,17,bw_n20001_call_electrode_s10,phase2/results/predictions/full/independent_rms/tcn/seed_17/bw_n20001_call_electrode_s10.npz,76356,41dc6872cdd4ca4531bc8ec56a0388331a175c7c220f9bfed9a500e7938258aa
tcn,independent_rms,17,bw_n20001_call_electrode_s0,phase2/results/predictions/full/independent_rms/tcn/seed_17/bw_n20001_call_electrode_s0.npz,76097,9cd0da6b19e31331ae62867d2fa1fd3c2afcad5ffbccb23d2bba0ab4d80819f7
tcn,independent_rms,17,bw_n20001_call_covariance_s20,phase2/results/predictions/full/independent_rms/tcn/seed_17/bw_n20001_call_covariance_s20.npz,76440,9a50818eb3f0cdfec5ecddfb0fd980e37eb2f3137a853aec491493e616201b05
tcn,independent_rms,17,bw_n20001_call_covariance_s10,phase2/results/predictions/full/independent_rms/tcn/seed_17/bw_n20001_call_covariance_s10.npz,76362,371fef6e59b5b143ec87ec662704bd761c2bef238456cb390860e29411afcbcf
tcn,independent_rms,17,bw_n20001_call_covariance_s0,phase2/results/predictions/full/independent_rms/tcn/seed_17/bw_n20001_call_covariance_s0.npz,76107,15dbe278f89ef00c680a0d94c05bdbe530f254020221545d8499ca8532244083
tcn,independent_rms,17,bw_n20002_call_independent_rms_s20,phase2/results/predictions/full/independent_rms/tcn/seed_17/bw_n20002_call_independent_rms_s20.npz,76472,e5bcd07804c4c3bfa90b96a652578d6e56ec5677ecd727960414af0158afb170
tcn,independent_rms,17,bw_n20002_call_independent_rms_s10,phase2/results/predictions/full/independent_rms/tcn/seed_17/bw_n20002_call_independent_rms_s10.npz,76376,388761ae91c20f922a4985018b9c40907cd25422c76afeda62495021c2e7f287
tcn,independent_rms,17,bw_n20002_call_independent_rms_s0,phase2/results/predictions/full/independent_rms/tcn/seed_17/bw_n20002_call_independent_rms_s0.npz,76192,54c70152d38907997bdba5f614b36a95808b85b52f8ec8be93eb3f8b4d065239
tcn,independent_rms,17,bw_n20002_call_electrode_s20,phase2/results/predictions/full/independent_rms/tcn/seed_17/bw_n20002_call_electrode_s20.npz,76408,bf9382a64d599c5fc28eab8887a444032428818df27aa2f62d90dc34fd854141
tcn,independent_rms,17,bw_n20002_call_electrode_s10,phase2/results/predictions/full/independent_rms/tcn/seed_17/bw_n20002_call_electrode_s10.npz,76379,5a4360c8d4ee00f8b7d7fd495885a17976f6a50c88e0d60a3832bfe3f029ca11
tcn,independent_rms,17,bw_n20002_call_electrode_s0,phase2/results/predictions/full/independent_rms/tcn/seed_17/bw_n20002_call_electrode_s0.npz,76098,ad0635b86b2c21d823b1ac7949e676179f03bb1e43e9b3646cd411b86159081f
tcn,independent_rms,17,bw_n20002_call_covariance_s20,phase2/results/predictions/full/independent_rms/tcn/seed_17/bw_n20002_call_covariance_s20.npz,76415,de4af6c406b81f2a3caf97b92b4891e19e5ee0c266a6423ab2aaae826b345f69
tcn,independent_rms,17,bw_n20002_call_covariance_s10,phase2/results/predictions/full/independent_rms/tcn/seed_17/bw_n20002_call_covariance_s10.npz,76380,d7d38764f26660d46e33f76ba75c6873b25a99ac66540c1ca3674691a570abe4
tcn,independent_rms,17,bw_n20002_call_covariance_s0,phase2/results/predictions/full/independent_rms/tcn/seed_17/bw_n20002_call_covariance_s0.npz,76086,5c9d538d33fbd81a047ce34d20fe01d924800039abc7cc07b17c984bd2269137
tcn,independent_rms,17,bw_n20003_call_independent_rms_s20,phase2/results/predictions/full/independent_rms/tcn/seed_17/bw_n20003_call_independent_rms_s20.npz,76490,dcd3bec64e82f89d093c2f1276e116abf69ac470479dbd36e211326ceb1facd0
tcn,independent_rms,17,bw_n20003_call_independent_rms_s10,phase2/results/predictions/full/independent_rms/tcn/seed_17/bw_n20003_call_independent_rms_s10.npz,76454,e53ae8859ba8b0cb75b9b3cd16fb13fc9701da71e7366426077fe3962e756398
tcn,independent_rms,17,bw_n20003_call_independent_rms_s0,phase2/results/predictions/full/independent_rms/tcn/seed_17/bw_n20003_call_independent_rms_s0.npz,76195,50a794df08eaf33713a119187ff1fa675b3a6336fe19d1ab7be387ac939264a7
tcn,independent_rms,17,bw_n20003_call_electrode_s20,phase2/results/predictions/full/independent_rms/tcn/seed_17/bw_n20003_call_electrode_s20.npz,76446,709e905ed1073e0d0f4d3660846b7c0844b789883d3f8d7d9e2adfca4231647e
tcn,independent_rms,17,bw_n20003_call_electrode_s10,phase2/results/predictions/full/independent_rms/tcn/seed_17/bw_n20003_call_electrode_s10.npz,76347,d4dd12ffa13ff26e459bd6ef2ca648968775d3be249bb31977dc02f238e53b5a
tcn,independent_rms,17,bw_n20003_call_electrode_s0,phase2/results/predictions/full/independent_rms/tcn/seed_17/bw_n20003_call_electrode_s0.npz,76074,ff8db37ae0357825b255a8f42a0609469085e1769f8d667bf7657d26918b52fa
tcn,independent_rms,17,bw_n20003_call_covariance_s20,phase2/results/predictions/full/independent_rms/tcn/seed_17/bw_n20003_call_covariance_s20.npz,76405,b3042cf19e667a768aa0e63078caeb5e91d1b11e6d160dce80178aefae31b105
tcn,independent_rms,17,bw_n20003_call_covariance_s10,phase2/results/predictions/full/independent_rms/tcn/seed_17/bw_n20003_call_covariance_s10.npz,76408,4067fc79494916468763f002735ffa6c8ed3e718d61ea69a5aeb78aaa5f2c501
tcn,independent_rms,17,bw_n20003_call_covariance_s0,phase2/results/predictions/full/independent_rms/tcn/seed_17/bw_n20003_call_covariance_s0.npz,76083,5c13b38c1213f4d84801d665cf07621d4bede03256e077d5324956b98b3fa96c
tcn,independent_rms,17,bw_n20004_call_independent_rms_s20,phase2/results/predictions/full/independent_rms/tcn/seed_17/bw_n20004_call_independent_rms_s20.npz,76491,de0b97b0b7f4fbe7f77483a861f47561aa75eee8c4f95928e9ab36227ae16cab
tcn,independent_rms,17,bw_n20004_call_independent_rms_s10,phase2/results/predictions/full/independent_rms/tcn/seed_17/bw_n20004_call_independent_rms_s10.npz,76419,be739b137661dd47cedbd77db29b877e96300d644bf837f80ed135ab33b4a27e
tcn,independent_rms,17,bw_n20004_call_independent_rms_s0,phase2/results/predictions/full/independent_rms/tcn/seed_17/bw_n20004_call_independent_rms_s0.npz,76182,1ea15682651092bd0575ac676c6ccaf4f80d5be21d7f7377377118d55548cf38
tcn,independent_rms,17,bw_n20004_call_electrode_s20,phase2/results/predictions/full/independent_rms/tcn/seed_17/bw_n20004_call_electrode_s20.npz,76455,36fc3da6eacca9e7e9fe696b975cce50d1ba727783b254bd6b5a816c16c533fa
tcn,independent_rms,17,bw_n20004_call_electrode_s10,phase2/results/predictions/full/independent_rms/tcn/seed_17/bw_n20004_call_electrode_s10.npz,76370,b22a0fe06dbf31c3fca16edf1ea4142d508ff11715e4a760bd6efa04181747dd
tcn,independent_rms,17,bw_n20004_call_electrode_s0,phase2/results/predictions/full/independent_rms/tcn/seed_17/bw_n20004_call_electrode_s0.npz,76093,3b2fffe79daba11cab1e5a484ff0d1c229b78d704b4b6098dfd5b62a34adeab4
tcn,independent_rms,17,bw_n20004_call_covariance_s20,phase2/results/predictions/full/independent_rms/tcn/seed_17/bw_n20004_call_covariance_s20.npz,76417,05d48f8f4351c7e02ddb4de451c79ddc065ae70ddbcba2d9620d1e09ead2399e
tcn,independent_rms,17,bw_n20004_call_covariance_s10,phase2/results/predictions/full/independent_rms/tcn/seed_17/bw_n20004_call_covariance_s10.npz,76399,820c5c7dce94dc435114828ed9cdeadfd109ea35dadd08d954bbd230d73fa805
tcn,independent_rms,17,bw_n20004_call_covariance_s0,phase2/results/predictions/full/independent_rms/tcn/seed_17/bw_n20004_call_covariance_s0.npz,76080,d22a2588c3ab4158e926f453fe09653d88c604ad05e3e23aba369787aa761646
tcn,independent_rms,17,bw_n20005_call_independent_rms_s20,phase2/results/predictions/full/independent_rms/tcn/seed_17/bw_n20005_call_independent_rms_s20.npz,76447,21e774c78be6eec8d79bd7e6fd77f613005c7f1b08f21639f16cb7064f47e802
tcn,independent_rms,17,bw_n20005_call_independent_rms_s10,phase2/results/predictions/full/independent_rms/tcn/seed_17/bw_n20005_call_independent_rms_s10.npz,76409,a23750720f982001fa28c71129432fc94ccc46412d1305e503c1c45c01cb1bf8
tcn,independent_rms,17,bw_n20005_call_independent_rms_s0,phase2/results/predictions/full/independent_rms/tcn/seed_17/bw_n20005_call_independent_rms_s0.npz,76161,d43fd00173bd417f61e23bf9b7373cceb56f495d6f2749efa0c5dd2b1fd5d580
tcn,independent_rms,17,bw_n20005_call_electrode_s20,phase2/results/predictions/full/independent_rms/tcn/seed_17/bw_n20005_call_electrode_s20.npz,76465,81cfdc8a20415de34beb41e3d71e04c45b8e4e69412f29ba5ecbe1da9bb5b1bd
tcn,independent_rms,17,bw_n20005_call_electrode_s10,phase2/results/predictions/full/independent_rms/tcn/seed_17/bw_n20005_call_electrode_s10.npz,76356,d20f7297dfeb8b295eebfbb24390b27e6dca644b9bc9d37f3fac83467cb4b846
tcn,independent_rms,17,bw_n20005_call_electrode_s0,phase2/results/predictions/full/independent_rms/tcn/seed_17/bw_n20005_call_electrode_s0.npz,76076,f66b2c8aa8fc691e839a28fd09658e1c37442a19a48a0b120fe74b01655752f1
tcn,independent_rms,17,bw_n20005_call_covariance_s20,phase2/results/predictions/full/independent_rms/tcn/seed_17/bw_n20005_call_covariance_s20.npz,76442,d6d2f3d42dca0c1b030a116841b7caad00f49fe03a0cbf912edd803edee67921
tcn,independent_rms,17,bw_n20005_call_covariance_s10,phase2/results/predictions/full/independent_rms/tcn/seed_17/bw_n20005_call_covariance_s10.npz,76366,15437487f2eb66905a25324fc5b6dbfb0b2b7febe2fcde316b8aa2e86ab4bb8b
tcn,independent_rms,17,bw_n20005_call_covariance_s0,phase2/results/predictions/full/independent_rms/tcn/seed_17/bw_n20005_call_covariance_s0.npz,76095,0f9e1d8dbdba46d3864035e234c87a9578dae5753335b436750594c8abccbd44
tcn,independent_rms,17,ma_n20001_call_independent_rms_s20,phase2/results/predictions/full/independent_rms/tcn/seed_17/ma_n20001_call_independent_rms_s20.npz,76429,d1801581fcee8792730bb0d128e527a09c04852087c23cc3dbdc20843698060c
tcn,independent_rms,17,ma_n20001_call_independent_rms_s10,phase2/results/predictions/full/independent_rms/tcn/seed_17/ma_n20001_call_independent_rms_s10.npz,76431,b5cb309ffcf92150c30f01d06e439562e87b161ce236488630c96796de88a5c6
tcn,independent_rms,17,ma_n20001_call_independent_rms_s0,phase2/results/predictions/full/independent_rms/tcn/seed_17/ma_n20001_call_independent_rms_s0.npz,76121,e3070b96a052252e659c896f903ea5aed4c022c9bb23a46440e9fa65054853b0
tcn,independent_rms,17,ma_n20001_call_electrode_s20,phase2/results/predictions/full/independent_rms/tcn/seed_17/ma_n20001_call_electrode_s20.npz,76451,1b198ac7f2c4ba2a38a9e3605e4586c40afbed753bfde6e0764117840c742515
tcn,independent_rms,17,ma_n20001_call_electrode_s10,phase2/results/predictions/full/independent_rms/tcn/seed_17/ma_n20001_call_electrode_s10.npz,76370,efa33376dbd772817f3774159ae303b2183cd8254050a1b8837704778734b17c
tcn,independent_rms,17,ma_n20001_call_electrode_s0,phase2/results/predictions/full/independent_rms/tcn/seed_17/ma_n20001_call_electrode_s0.npz,76033,292f4668d77037cede9b910511c1af868b6352e3eb817ceb2e70a787f3f61d14
tcn,independent_rms,17,ma_n20001_call_covariance_s20,phase2/results/predictions/full/independent_rms/tcn/seed_17/ma_n20001_call_covariance_s20.npz,76423,17debc75bde7c54bb2fc90e287af8a2bb75bcc91fde612b57e6157bcee7d806e
tcn,independent_rms,17,ma_n20001_call_covariance_s10,phase2/results/predictions/full/independent_rms/tcn/seed_17/ma_n20001_call_covariance_s10.npz,76384,81d5859012a18de9101310b07f86d0516d378a2c3616e5d2877006cf9e66c73f
tcn,independent_rms,17,ma_n20001_call_covariance_s0,phase2/results/predictions/full/independent_rms/tcn/seed_17/ma_n20001_call_covariance_s0.npz,76057,30b242d2cccb57659ba27488ad736504ad6e9d9a15a94fca28213c1aa6db8ac9
tcn,independent_rms,17,ma_n20002_call_independent_rms_s20,phase2/results/predictions/full/independent_rms/tcn/seed_17/ma_n20002_call_independent_rms_s20.npz,76462,82671f94e23be9d0aa3887f97ff15832d69d94781b4144156953291af6ad729b
tcn,independent_rms,17,ma_n20002_call_independent_rms_s10,phase2/results/predictions/full/independent_rms/tcn/seed_17/ma_n20002_call_independent_rms_s10.npz,76400,8b76d5aa4e711ada0f50ed8a2a8a7a136441c6157b3a6465bfb592903e80a446
tcn,independent_rms,17,ma_n20002_call_independent_rms_s0,phase2/results/predictions/full/independent_rms/tcn/seed_17/ma_n20002_call_independent_rms_s0.npz,76099,f387f85a0f4bf405f472b0b024ea7805c2ec6a01717c2714aa624080489737b3
tcn,independent_rms,17,ma_n20002_call_electrode_s20,phase2/results/predictions/full/independent_rms/tcn/seed_17/ma_n20002_call_electrode_s20.npz,76428,79bc9982e154d6f57092a9795190bfbf655b1903e6437eb36ed35adf89112c5d
tcn,independent_rms,17,ma_n20002_call_electrode_s10,phase2/results/predictions/full/independent_rms/tcn/seed_17/ma_n20002_call_electrode_s10.npz,76365,99f188e28d8a1a9e8ada137bdb442c1e7dac1c49328d2ed944999cc625f21816
tcn,independent_rms,17,ma_n20002_call_electrode_s0,phase2/results/predictions/full/independent_rms/tcn/seed_17/ma_n20002_call_electrode_s0.npz,76038,7ba881afd048a7aa17d77a08b86b55a1cba3f858033efaa89a45d9976fa66c7f
tcn,independent_rms,17,ma_n20002_call_covariance_s20,phase2/results/predictions/full/independent_rms/tcn/seed_17/ma_n20002_call_covariance_s20.npz,76450,3b7bc4e485b80f38fe883ba400f3feb4c04a36bba7fb04b92a470feabfb81cf0
tcn,independent_rms,17,ma_n20002_call_covariance_s10,phase2/results/predictions/full/independent_rms/tcn/seed_17/ma_n20002_call_covariance_s10.npz,76389,56e23c917ab8f075bcddf6c5d254b749eaf330de7578c5d43e2950a072d0d212
tcn,independent_rms,17,ma_n20002_call_covariance_s0,phase2/results/predictions/full/independent_rms/tcn/seed_17/ma_n20002_call_covariance_s0.npz,76050,7acb314b8d129a5fba236243d3b92dd7a57bb2ec0c5483e0b147612ab83f12f5
tcn,independent_rms,17,ma_n20003_call_independent_rms_s20,phase2/results/predictions/full/independent_rms/tcn/seed_17/ma_n20003_call_independent_rms_s20.npz,76446,40ef8a6724e8b22b6b328a245c4f1e895ca9a2d7452dec87480aa7e8f74b9573
tcn,independent_rms,17,ma_n20003_call_independent_rms_s10,phase2/results/predictions/full/independent_rms/tcn/seed_17/ma_n20003_call_independent_rms_s10.npz,76411,47d962d8b97c5e5c2897ef459c74640141122010687aea32f07eba2af97c8cc3
tcn,independent_rms,17,ma_n20003_call_independent_rms_s0,phase2/results/predictions/full/independent_rms/tcn/seed_17/ma_n20003_call_independent_rms_s0.npz,76142,cc2ee514eee521535570bb713839a2e33848eee32d9c0c9938a385860d8270ed
tcn,independent_rms,17,ma_n20003_call_electrode_s20,phase2/results/predictions/full/independent_rms/tcn/seed_17/ma_n20003_call_electrode_s20.npz,76410,c9b079c2dde06354d1df36d4ee480f49f61a4ce44a936a190cff71df6efca846
tcn,independent_rms,17,ma_n20003_call_electrode_s10,phase2/results/predictions/full/independent_rms/tcn/seed_17/ma_n20003_call_electrode_s10.npz,76384,fb844a491e57bbabe5733e57c50a0ba7b117e223d5dd9c128943bd0de9f912ee
tcn,independent_rms,17,ma_n20003_call_electrode_s0,phase2/results/predictions/full/independent_rms/tcn/seed_17/ma_n20003_call_electrode_s0.npz,76035,c353336034b096d96ccd3b2fe6f8a791dfff89d4237ed19749ed70d9252f8346
tcn,independent_rms,17,ma_n20003_call_covariance_s20,phase2/results/predictions/full/independent_rms/tcn/seed_17/ma_n20003_call_covariance_s20.npz,76438,f1b55a4eaf5656d29640a7abc600f5a1139a814dd8343d4da77aedf35ccf8cb6
tcn,independent_rms,17,ma_n20003_call_covariance_s10,phase2/results/predictions/full/independent_rms/tcn/seed_17/ma_n20003_call_covariance_s10.npz,76380,4a0b6f951b59ec110d5e1e43092106010ec1fe4a2a511c409544beb92682e6d9
tcn,independent_rms,17,ma_n20003_call_covariance_s0,phase2/results/predictions/full/independent_rms/tcn/seed_17/ma_n20003_call_covariance_s0.npz,76039,3661759cc07bffe489aa3d52fb930ceeedb6827689850f4fad6adaba947d2092
tcn,independent_rms,17,ma_n20004_call_independent_rms_s20,phase2/results/predictions/full/independent_rms/tcn/seed_17/ma_n20004_call_independent_rms_s20.npz,76477,eda60e841bb57545fba85a5c56dcfe42cdd5d02fabe5ee71d65b3b4fef97d5e4
tcn,independent_rms,17,ma_n20004_call_independent_rms_s10,phase2/results/predictions/full/independent_rms/tcn/seed_17/ma_n20004_call_independent_rms_s10.npz,76405,d8b99d085c24fc5d75642a3d81f5f6af0880091a2364db427b1c5af1851d9e7c
tcn,independent_rms,17,ma_n20004_call_independent_rms_s0,phase2/results/predictions/full/independent_rms/tcn/seed_17/ma_n20004_call_independent_rms_s0.npz,76133,fabf39bed9859a1cb1495868500dd669b23332a54cdb410695833420316c2f19
tcn,independent_rms,17,ma_n20004_call_electrode_s20,phase2/results/predictions/full/independent_rms/tcn/seed_17/ma_n20004_call_electrode_s20.npz,76450,416fb18f7f8dd490ece3137db5fe3cc5a5dc0c6edb46497d18ab2e48334f0982
tcn,independent_rms,17,ma_n20004_call_electrode_s10,phase2/results/predictions/full/independent_rms/tcn/seed_17/ma_n20004_call_electrode_s10.npz,76387,085f96911d8a6544fb1a9b2abf4a9eb520d869c199eb79a76045e8577fb83c40
tcn,independent_rms,17,ma_n20004_call_electrode_s0,phase2/results/predictions/full/independent_rms/tcn/seed_17/ma_n20004_call_electrode_s0.npz,76023,5d377a0380d93df5f1b796e94e8495bca06ef09c3ee1199563dc0ebf7201d7c3
tcn,independent_rms,17,ma_n20004_call_covariance_s20,phase2/results/predictions/full/independent_rms/tcn/seed_17/ma_n20004_call_covariance_s20.npz,76419,c3c540d40649ab721ec8e70a1e4891f0ad817f44fa51602b98e34ce6122abc3a
tcn,independent_rms,17,ma_n20004_call_covariance_s10,phase2/results/predictions/full/independent_rms/tcn/seed_17/ma_n20004_call_covariance_s10.npz,76398,fb99b613f74b1981b621a5f1eebbc72577513418e9924c560b57e61f24e234e2
tcn,independent_rms,17,ma_n20004_call_covariance_s0,phase2/results/predictions/full/independent_rms/tcn/seed_17/ma_n20004_call_covariance_s0.npz,76053,6861de79699cf0bde350db699884eab487736bcefa25bb5947630ca50dd93fe3
tcn,independent_rms,17,ma_n20005_call_independent_rms_s20,phase2/results/predictions/full/independent_rms/tcn/seed_17/ma_n20005_call_independent_rms_s20.npz,76441,68499ad38da543b3d8cce13eaf9b7daa1440624060144d2876d4c348ef71d7df
tcn,independent_rms,17,ma_n20005_call_independent_rms_s10,phase2/results/predictions/full/independent_rms/tcn/seed_17/ma_n20005_call_independent_rms_s10.npz,76427,b1d0bc5f442dbb1cf046fd441b21098099adec7b0d561c5ff871fd6938d491a0
tcn,independent_rms,17,ma_n20005_call_independent_rms_s0,phase2/results/predictions/full/independent_rms/tcn/seed_17/ma_n20005_call_independent_rms_s0.npz,76127,45dd8556e88fe22160e7a28daebe2de42b57c464b616fc522132e115eccac776
tcn,independent_rms,17,ma_n20005_call_electrode_s20,phase2/results/predictions/full/independent_rms/tcn/seed_17/ma_n20005_call_electrode_s20.npz,76435,0fce320929125a8f113c2da846818392b451ef88721b7f9f0172ca54a7b1ea21
tcn,independent_rms,17,ma_n20005_call_electrode_s10,phase2/results/predictions/full/independent_rms/tcn/seed_17/ma_n20005_call_electrode_s10.npz,76383,05fbe1338d7733ad58ff7c012f3919cb792c55fd56a8b77b3c7519b44e917b6f
tcn,independent_rms,17,ma_n20005_call_electrode_s0,phase2/results/predictions/full/independent_rms/tcn/seed_17/ma_n20005_call_electrode_s0.npz,76030,aa7b578e44ee8ab37767808dc79198b1a0fbefca0372f58737b613e435356bd3
tcn,independent_rms,17,ma_n20005_call_covariance_s20,phase2/results/predictions/full/independent_rms/tcn/seed_17/ma_n20005_call_covariance_s20.npz,76429,3d3318ef0871c5cafb0e110210db7b558ce0e23f0da51bb9145b898d9717e1e3
tcn,independent_rms,17,ma_n20005_call_covariance_s10,phase2/results/predictions/full/independent_rms/tcn/seed_17/ma_n20005_call_covariance_s10.npz,76356,57f82ba2ec8a91b873c8a8357da7e78cba42d148f8dc14e79efa8cf9d00a730d
tcn,independent_rms,17,ma_n20005_call_covariance_s0,phase2/results/predictions/full/independent_rms/tcn/seed_17/ma_n20005_call_covariance_s0.npz,76053,0577cc7c0f8871223c48901b876f59bafb441b9da4c5d7b480e2204e101ab77a
tcn,independent_rms,17,em_n20001_call_independent_rms_s20,phase2/results/predictions/full/independent_rms/tcn/seed_17/em_n20001_call_independent_rms_s20.npz,76441,b95d61a268289edb8628b3033f2613b1b3ed2e8f9f4e24a70a2c88ab0a447740
tcn,independent_rms,17,em_n20001_call_independent_rms_s10,phase2/results/predictions/full/independent_rms/tcn/seed_17/em_n20001_call_independent_rms_s10.npz,76404,7436d82c6043d7a4fd91e49606df918da65fa988373baa35946eae108499a7e9
tcn,independent_rms,17,em_n20001_call_independent_rms_s0,phase2/results/predictions/full/independent_rms/tcn/seed_17/em_n20001_call_independent_rms_s0.npz,76020,9d1bd73e7f42f1d9c6a312a0b45678b4b407ddc842fe8d303478071005f163fd
tcn,independent_rms,17,em_n20001_call_electrode_s20,phase2/results/predictions/full/independent_rms/tcn/seed_17/em_n20001_call_electrode_s20.npz,76404,c1125aae6953bb1fe4da45e6480961bdc4d3224f92e82a2475a382cfad33ea85
tcn,independent_rms,17,em_n20001_call_electrode_s10,phase2/results/predictions/full/independent_rms/tcn/seed_17/em_n20001_call_electrode_s10.npz,76335,fb1944a0686716174e0fceef64b30c32971bb8b14f09001e4ef4a4b6b6e454f3
tcn,independent_rms,17,em_n20001_call_electrode_s0,phase2/results/predictions/full/independent_rms/tcn/seed_17/em_n20001_call_electrode_s0.npz,75863,1be05b30cef3d0eadaa14288fd3dfa9c2437d84e4ba4d86c491a85a9817269ee
tcn,independent_rms,17,em_n20001_call_covariance_s20,phase2/results/predictions/full/independent_rms/tcn/seed_17/em_n20001_call_covariance_s20.npz,76419,74f0fc6252c254fa4a8bfcf6a0626b9b1eeafb8b5942ef1237df8109f6bd02ff
tcn,independent_rms,17,em_n20001_call_covariance_s10,phase2/results/predictions/full/independent_rms/tcn/seed_17/em_n20001_call_covariance_s10.npz,76350,670269e2b6f76776516ad9f512ee19c1e5d14d3c3837787eb28fcf52cd910be6
tcn,independent_rms,17,em_n20001_call_covariance_s0,phase2/results/predictions/full/independent_rms/tcn/seed_17/em_n20001_call_covariance_s0.npz,75856,f8fc553003c530f67662fc5bbe0ea0f813197acae2c60d598489ac2c8a22f6fd
tcn,independent_rms,17,em_n20002_call_independent_rms_s20,phase2/results/predictions/full/independent_rms/tcn/seed_17/em_n20002_call_independent_rms_s20.npz,76437,ac12b000da3717e8b485ff149ea6c2ee93b84efbdd9e299e79b4b5c56e7614ce
tcn,independent_rms,17,em_n20002_call_independent_rms_s10,phase2/results/predictions/full/independent_rms/tcn/seed_17/em_n20002_call_independent_rms_s10.npz,76404,646c25958def780ae1ea4f671ef85fad312e2ac810ddbeb9eaa069328eafa58a
tcn,independent_rms,17,em_n20002_call_independent_rms_s0,phase2/results/predictions/full/independent_rms/tcn/seed_17/em_n20002_call_independent_rms_s0.npz,76000,4458180060cbe8df62f7169544562077d130239c7becb5315004dbf948b1a1c8
tcn,independent_rms,17,em_n20002_call_electrode_s20,phase2/results/predictions/full/independent_rms/tcn/seed_17/em_n20002_call_electrode_s20.npz,76439,4a356f9215f59743697473604408eea624d526464005673adee957a466b81f47
tcn,independent_rms,17,em_n20002_call_electrode_s10,phase2/results/predictions/full/independent_rms/tcn/seed_17/em_n20002_call_electrode_s10.npz,76364,ea1d8f4b5054ec5d5626c791501b40149732f597e8c0b89feb2e65df573fa2bf
tcn,independent_rms,17,em_n20002_call_electrode_s0,phase2/results/predictions/full/independent_rms/tcn/seed_17/em_n20002_call_electrode_s0.npz,75872,c5b44be600989b87779f411f12aad9beab01ba951329157c53a38b06152969d2
tcn,independent_rms,17,em_n20002_call_covariance_s20,phase2/results/predictions/full/independent_rms/tcn/seed_17/em_n20002_call_covariance_s20.npz,76432,60ebfa09f5296488ad4b2d783e83652a421c323c85c4e691c3c216e05c4f04ba
tcn,independent_rms,17,em_n20002_call_covariance_s10,phase2/results/predictions/full/independent_rms/tcn/seed_17/em_n20002_call_covariance_s10.npz,76339,de6b471e39b4059a97797d1fc51b812d760c04f404c12c80996deb4bf423ff82
tcn,independent_rms,17,em_n20002_call_covariance_s0,phase2/results/predictions/full/independent_rms/tcn/seed_17/em_n20002_call_covariance_s0.npz,75848,c87c1f9d2c5d486ab8bf5fdd997d7bbbdb2ffac7b782c28465848157fabdd2be
tcn,independent_rms,17,em_n20003_call_independent_rms_s20,phase2/results/predictions/full/independent_rms/tcn/seed_17/em_n20003_call_independent_rms_s20.npz,76457,5d45c22158b18a63cacc7652943d8405fea2c56d33379ee3e3695fae74b4a8f1
tcn,independent_rms,17,em_n20003_call_independent_rms_s10,phase2/results/predictions/full/independent_rms/tcn/seed_17/em_n20003_call_independent_rms_s10.npz,76418,67d9b6150c504d700269458f72fc21210eee868ffc40e67aca3768aa480de3d8
tcn,independent_rms,17,em_n20003_call_independent_rms_s0,phase2/results/predictions/full/independent_rms/tcn/seed_17/em_n20003_call_independent_rms_s0.npz,76056,1c848a1d7c79f1aff12d828af13dcc4543909a0fbdb4a12fed9b5b3abcc968b1
tcn,independent_rms,17,em_n20003_call_electrode_s20,phase2/results/predictions/full/independent_rms/tcn/seed_17/em_n20003_call_electrode_s20.npz,76431,4e2a4a3fcbcedbea82e3b8a07776b63994cbea72466202b326dc0058ea63a333
tcn,independent_rms,17,em_n20003_call_electrode_s10,phase2/results/predictions/full/independent_rms/tcn/seed_17/em_n20003_call_electrode_s10.npz,76369,029f1d1e1d08feca99501496a9d81781ad53cd57105883c274a3b72ee1f7b58c
tcn,independent_rms,17,em_n20003_call_electrode_s0,phase2/results/predictions/full/independent_rms/tcn/seed_17/em_n20003_call_electrode_s0.npz,75828,9deee29a5793159c054ff5427f6373def8d6007d7917691bfef6b58cb256ee50
tcn,independent_rms,17,em_n20003_call_covariance_s20,phase2/results/predictions/full/independent_rms/tcn/seed_17/em_n20003_call_covariance_s20.npz,76418,8eee063d2c3390d99dfc2e4496bcae30e2a5dd7044c7a6c2bbbcf114be3252c0
tcn,independent_rms,17,em_n20003_call_covariance_s10,phase2/results/predictions/full/independent_rms/tcn/seed_17/em_n20003_call_covariance_s10.npz,76350,1195651cadbb0de2ff7e2a5a31cf6a6a4b270f3c93f2d9433477c0a2f1b267e1
tcn,independent_rms,17,em_n20003_call_covariance_s0,phase2/results/predictions/full/independent_rms/tcn/seed_17/em_n20003_call_covariance_s0.npz,75864,d9958c476a86ab38f3a650d1feefcc68d4dcf18b02f00e8c5fb639f4e1fe7ccf
tcn,independent_rms,17,em_n20004_call_independent_rms_s20,phase2/results/predictions/full/independent_rms/tcn/seed_17/em_n20004_call_independent_rms_s20.npz,76458,abf5112424a498445ee6bee21ac59d0085e0d583bb23de890d86a4523956083e
tcn,independent_rms,17,em_n20004_call_independent_rms_s10,phase2/results/predictions/full/independent_rms/tcn/seed_17/em_n20004_call_independent_rms_s10.npz,76389,98a6f94a9db95e5cafc81a7f78fe28731febd0aada58295d55760c44ff541a51
tcn,independent_rms,17,em_n20004_call_independent_rms_s0,phase2/results/predictions/full/independent_rms/tcn/seed_17/em_n20004_call_independent_rms_s0.npz,76052,f3766a95b7561d0db5afe029f54da4347cd5a384c775c10d593d27fb6d8efc2c
tcn,independent_rms,17,em_n20004_call_electrode_s20,phase2/results/predictions/full/independent_rms/tcn/seed_17/em_n20004_call_electrode_s20.npz,76446,4bcc37679a7a89ff7e908b81615719f84fc06cb39d3917565a6299fd0d783c1a
tcn,independent_rms,17,em_n20004_call_electrode_s10,phase2/results/predictions/full/independent_rms/tcn/seed_17/em_n20004_call_electrode_s10.npz,76307,b66bdbb66cbaf63b4ed19b95c16d3cbbacb12cbf30e4038fed2baa2c3e0fc42e
tcn,independent_rms,17,em_n20004_call_electrode_s0,phase2/results/predictions/full/independent_rms/tcn/seed_17/em_n20004_call_electrode_s0.npz,75876,f80c9b97fdd232e00f7737e6bd064706d82647303ee200d951803b05466bc796
tcn,independent_rms,17,em_n20004_call_covariance_s20,phase2/results/predictions/full/independent_rms/tcn/seed_17/em_n20004_call_covariance_s20.npz,76440,cc3741446cfbf0d9a20e87b5619444e0438ccd8deb7d074859ec65f657b1aea4
tcn,independent_rms,17,em_n20004_call_covariance_s10,phase2/results/predictions/full/independent_rms/tcn/seed_17/em_n20004_call_covariance_s10.npz,76368,cb0d6b3faa670d4a5d608c27c7c005aa8b54ee87deb4362ffb75e135c6c91c00
tcn,independent_rms,17,em_n20004_call_covariance_s0,phase2/results/predictions/full/independent_rms/tcn/seed_17/em_n20004_call_covariance_s0.npz,75878,5d71210b1ce97a194c83731e988815523e012f9f3d112cf7ce740ef2f5387f00
tcn,independent_rms,17,em_n20005_call_independent_rms_s20,phase2/results/predictions/full/independent_rms/tcn/seed_17/em_n20005_call_independent_rms_s20.npz,76460,5b2c3a3dec81109d004adcf4a0beaf926982a41ca57737c3d56cd9b3c095fdff
tcn,independent_rms,17,em_n20005_call_independent_rms_s10,phase2/results/predictions/full/independent_rms/tcn/seed_17/em_n20005_call_independent_rms_s10.npz,76389,1533b6a28d9ef8d413546af97e1bc7676cf5bd6bf9e666d0328af856120134ed
tcn,independent_rms,17,em_n20005_call_independent_rms_s0,phase2/results/predictions/full/independent_rms/tcn/seed_17/em_n20005_call_independent_rms_s0.npz,76036,4d7fca7f8e9aae44003321a5cc227d516e05ddd21389e8b2ca9d07c8a55d3099
tcn,independent_rms,17,em_n20005_call_electrode_s20,phase2/results/predictions/full/independent_rms/tcn/seed_17/em_n20005_call_electrode_s20.npz,76455,260dea59e4a07c8bcd99464a5fa4aeb0c0fd0d599ee18c18354ac8473c835a89
tcn,independent_rms,17,em_n20005_call_electrode_s10,phase2/results/predictions/full/independent_rms/tcn/seed_17/em_n20005_call_electrode_s10.npz,76309,db5ed809a7056d04d08efb3ff059c9549349e74eaf349277d72a9e3f8eee8e76
tcn,independent_rms,17,em_n20005_call_electrode_s0,phase2/results/predictions/full/independent_rms/tcn/seed_17/em_n20005_call_electrode_s0.npz,75826,007e7bbf0e8a19b2fecd3089c1dd7879310198c6d535d40f376329a49c283a42
tcn,independent_rms,17,em_n20005_call_covariance_s20,phase2/results/predictions/full/independent_rms/tcn/seed_17/em_n20005_call_covariance_s20.npz,76473,ea98068698b9ccaaed8f1026f2422e1c5e2bc7ecf5e37358adc5bbe6defb90e0
tcn,independent_rms,17,em_n20005_call_covariance_s10,phase2/results/predictions/full/independent_rms/tcn/seed_17/em_n20005_call_covariance_s10.npz,76362,1838f6ad4355a9c2e395d3685ee084d91d2138842436235c1e7c139f6b954cb1
tcn,independent_rms,17,em_n20005_call_covariance_s0,phase2/results/predictions/full/independent_rms/tcn/seed_17/em_n20005_call_covariance_s0.npz,75875,ca0b94e1123d78d1511d7adcbdb5c2a851a4b28e4645c1e585cdd1a4ebac6b6e
tcn,electrode,17,clean,phase2/results/predictions/full/electrode/tcn/seed_17/clean.npz,76366,cec06ced502d5a45429e1130df98845432e09b2ce76bffa9276d5f6bd28efa35
tcn,electrode,17,bandpass_n20001_cRA_LA_LL_independent_rms_s20,phase2/results/predictions/full/electrode/tcn/seed_17/bandpass_n20001_cRA_LA_LL_independent_rms_s20.npz,76454,05938b1f5b4edd5a03f079e9cefbbed8ae284509166cc681387e7972db603cb9
tcn,electrode,17,bandpass_n20001_cRA_LA_LL_independent_rms_s15,phase2/results/predictions/full/electrode/tcn/seed_17/bandpass_n20001_cRA_LA_LL_independent_rms_s15.npz,76455,3fb20df29e2b3f2baf72be24a3d68de914da5af99e6195eac6eee10f872cf023
tcn,electrode,17,bandpass_n20001_cRA_LA_LL_independent_rms_s10,phase2/results/predictions/full/electrode/tcn/seed_17/bandpass_n20001_cRA_LA_LL_independent_rms_s10.npz,76417,f936e779baa0b010d76b3d74c40c4f9f05853051c2020a0d320908e6f513f188
tcn,electrode,17,bandpass_n20001_cRA_LA_LL_independent_rms_s5,phase2/results/predictions/full/electrode/tcn/seed_17/bandpass_n20001_cRA_LA_LL_independent_rms_s5.npz,76278,b2407a997181d868f9a7f1be6d5a8f8719d4d3291669685f60df49cef62ce37a
tcn,electrode,17,bandpass_n20001_cRA_LA_LL_independent_rms_s0,phase2/results/predictions/full/electrode/tcn/seed_17/bandpass_n20001_cRA_LA_LL_independent_rms_s0.npz,75959,97f3484fcf6337e8c6b674377bc717fcc4c59ec7b672e0b107e50d1b8c0e2ab0
tcn,electrode,17,bandpass_n20001_cRA_LA_LL_electrode_s20,phase2/results/predictions/full/electrode/tcn/seed_17/bandpass_n20001_cRA_LA_LL_electrode_s20.npz,76410,9a5f7198f905c4344cb47d91f1a16b6e577868de5ee8592404dfe576759241eb
tcn,electrode,17,bandpass_n20001_cRA_LA_LL_electrode_s15,phase2/results/predictions/full/electrode/tcn/seed_17/bandpass_n20001_cRA_LA_LL_electrode_s15.npz,76410,4335a525a8a597da4f9daeb553b1b7bff9b3be1549c31802ccb71a39fcbe11f6
tcn,electrode,17,bandpass_n20001_cRA_LA_LL_electrode_s10,phase2/results/predictions/full/electrode/tcn/seed_17/bandpass_n20001_cRA_LA_LL_electrode_s10.npz,76340,ec2552a6a8ba015980b1fc33ad2c550849f57c1e07d90e8038d76e049a6b7d69
tcn,electrode,17,bandpass_n20001_cRA_LA_LL_electrode_s5,phase2/results/predictions/full/electrode/tcn/seed_17/bandpass_n20001_cRA_LA_LL_electrode_s5.npz,76188,549e9a6659b74e5324c7ab72bde5816041eb37f88d8bfc14577a94eafb3bd53c
tcn,electrode,17,bandpass_n20001_cRA_LA_LL_electrode_s0,phase2/results/predictions/full/electrode/tcn/seed_17/bandpass_n20001_cRA_LA_LL_electrode_s0.npz,75805,1f89fabd3246114140bf8644b6d6f33c9481a9030a0a1adbfb8c8e71e6a4bdb5
tcn,electrode,17,bandpass_n20001_cRA_LA_LL_covariance_s20,phase2/results/predictions/full/electrode/tcn/seed_17/bandpass_n20001_cRA_LA_LL_covariance_s20.npz,76418,94ef5b02166b22381d2c3cfc7c842deee183ddccaefb3445640b813670bbd592
tcn,electrode,17,bandpass_n20001_cRA_LA_LL_covariance_s15,phase2/results/predictions/full/electrode/tcn/seed_17/bandpass_n20001_cRA_LA_LL_covariance_s15.npz,76411,10a9c66b35d92e6a933d6ed30279a55d067dabd7ba487565ffd1c755ed28f634
tcn,electrode,17,bandpass_n20001_cRA_LA_LL_covariance_s10,phase2/results/predictions/full/electrode/tcn/seed_17/bandpass_n20001_cRA_LA_LL_covariance_s10.npz,76347,ea8e7c431b385e68c56af79f34459f33aff7e894f2ad75cdef72fdc62702191f
tcn,electrode,17,bandpass_n20001_cRA_LA_LL_covariance_s5,phase2/results/predictions/full/electrode/tcn/seed_17/bandpass_n20001_cRA_LA_LL_covariance_s5.npz,76222,68bbf0b9b30b5b4dbf40ff053b607548dc22f0af892dabeb155b207285320d0d
tcn,electrode,17,bandpass_n20001_cRA_LA_LL_covariance_s0,phase2/results/predictions/full/electrode/tcn/seed_17/bandpass_n20001_cRA_LA_LL_covariance_s0.npz,75766,3ae79fe9ea9f04989a2f8f7398b6e65b26da0272a9489d2ca57f300865fe906c
tcn,electrode,17,bandpass_n20001_cV1_independent_rms_s20,phase2/results/predictions/full/electrode/tcn/seed_17/bandpass_n20001_cV1_independent_rms_s20.npz,76434,c9140a361f069f1d02da900597cb1514c2e90f9fcfc3e4e2354e7df5d0adfa25
tcn,electrode,17,bandpass_n20001_cV1_independent_rms_s15,phase2/results/predictions/full/electrode/tcn/seed_17/bandpass_n20001_cV1_independent_rms_s15.npz,76427,2c8e4765125103a510eb255c4f90ad44014127169860bb987cf8fe65430dd599
tcn,electrode,17,bandpass_n20001_cV1_independent_rms_s10,phase2/results/predictions/full/electrode/tcn/seed_17/bandpass_n20001_cV1_independent_rms_s10.npz,76361,e578a4ae6214bde3d768ce9998e124c5dfd9d11a142e7ae2c87d2046070c62d8
tcn,electrode,17,bandpass_n20001_cV1_independent_rms_s5,phase2/results/predictions/full/electrode/tcn/seed_17/bandpass_n20001_cV1_independent_rms_s5.npz,76281,b09eb0628ae4f92c4a3284a728061ca3839ea17a857d0384c528c4a36da96dbc
tcn,electrode,17,bandpass_n20001_cV1_independent_rms_s0,phase2/results/predictions/full/electrode/tcn/seed_17/bandpass_n20001_cV1_independent_rms_s0.npz,76058,fb6a2372f8d3c5a2c4b4f4fe2064af2244adcfd834ad544179ea1e01804ae47b
tcn,electrode,17,bandpass_n20001_cV1_electrode_s20,phase2/results/predictions/full/electrode/tcn/seed_17/bandpass_n20001_cV1_electrode_s20.npz,76413,5700829db416b550363678b41ce7330b59a7c9918b332176e23d1f8dca715393
tcn,electrode,17,bandpass_n20001_cV1_electrode_s15,phase2/results/predictions/full/electrode/tcn/seed_17/bandpass_n20001_cV1_electrode_s15.npz,76429,5a96f3f3765a6961092bff9b7c151b1e19c3ba5a802cb9c57a414d34576056d0
tcn,electrode,17,bandpass_n20001_cV1_electrode_s10,phase2/results/predictions/full/electrode/tcn/seed_17/bandpass_n20001_cV1_electrode_s10.npz,76395,3b10aa1ce25e978953551a18bb28c502efe0e7d8ea81d0b81afec708b51845fa
tcn,electrode,17,bandpass_n20001_cV1_electrode_s5,phase2/results/predictions/full/electrode/tcn/seed_17/bandpass_n20001_cV1_electrode_s5.npz,76296,223882d2c2be79afe319dfb08be5a66caac408b6f541cfb82ed5b73af22eb7bb
tcn,electrode,17,bandpass_n20001_cV1_electrode_s0,phase2/results/predictions/full/electrode/tcn/seed_17/bandpass_n20001_cV1_electrode_s0.npz,76037,96a4988de1ccdbde80e98d08faf3648a5b8d1a391638c6d9fccd297251f048f8
tcn,electrode,17,bandpass_n20001_cV1_covariance_s20,phase2/results/predictions/full/electrode/tcn/seed_17/bandpass_n20001_cV1_covariance_s20.npz,76424,4faab40b847fa5efd2bd97166880bf6cf17b83fbf942b98afdd1843a804570d2
tcn,electrode,17,bandpass_n20001_cV1_covariance_s15,phase2/results/predictions/full/electrode/tcn/seed_17/bandpass_n20001_cV1_covariance_s15.npz,76432,f4666f1f466dc875cb42806f2d4f4f460b0a1fde15bce3c02728792264a78a83
tcn,electrode,17,bandpass_n20001_cV1_covariance_s10,phase2/results/predictions/full/electrode/tcn/seed_17/bandpass_n20001_cV1_covariance_s10.npz,76415,c733f33e457b4639e48288d67c1a1ca5ff2556b730f7f9736e9ab52de615f613
tcn,electrode,17,bandpass_n20001_cV1_covariance_s5,phase2/results/predictions/full/electrode/tcn/seed_17/bandpass_n20001_cV1_covariance_s5.npz,76294,31904c381c5b8b85c6d5868afda9e6a2c44bedef96536669a1b957daf3a48501
tcn,electrode,17,bandpass_n20001_cV1_covariance_s0,phase2/results/predictions/full/electrode/tcn/seed_17/bandpass_n20001_cV1_covariance_s0.npz,76059,bbec77f667692b6a58679706d7d7308c4afebf85fe57283fbd39514dc4c7ea86
tcn,electrode,17,bandpass_n20001_cV2_independent_rms_s20,phase2/results/predictions/full/electrode/tcn/seed_17/bandpass_n20001_cV2_independent_rms_s20.npz,76473,581b5b4e03fd588891bde4e0d1c179547859b7efd7f45a85bdd675c5d6d83b76
tcn,electrode,17,bandpass_n20001_cV2_independent_rms_s15,phase2/results/predictions/full/electrode/tcn/seed_17/bandpass_n20001_cV2_independent_rms_s15.npz,76436,ad7961848e9b8f095e7f72580ff2ac779093818a2de13f85f98d5be11168bb7f
tcn,electrode,17,bandpass_n20001_cV2_independent_rms_s10,phase2/results/predictions/full/electrode/tcn/seed_17/bandpass_n20001_cV2_independent_rms_s10.npz,76386,ea084400d608c48206e6cafffa78a6de08107bc9e911374821f0e26da0ebc46e
tcn,electrode,17,bandpass_n20001_cV2_independent_rms_s5,phase2/results/predictions/full/electrode/tcn/seed_17/bandpass_n20001_cV2_independent_rms_s5.npz,76289,199a288c3661391367206b162eebc8dd6ba6c78d8023ceed7ee88200841f365f
tcn,electrode,17,bandpass_n20001_cV2_independent_rms_s0,phase2/results/predictions/full/electrode/tcn/seed_17/bandpass_n20001_cV2_independent_rms_s0.npz,76103,b7ad61bccce6f28252f4843b752b423802702eeb6d5fec4bf76b1e184fd34c0e
tcn,electrode,17,bandpass_n20001_cV2_electrode_s20,phase2/results/predictions/full/electrode/tcn/seed_17/bandpass_n20001_cV2_electrode_s20.npz,76450,3c1264166fafe4618426b633e46d6b0cedb81ed69a976b86a96494c21491d0ca
tcn,electrode,17,bandpass_n20001_cV2_electrode_s15,phase2/results/predictions/full/electrode/tcn/seed_17/bandpass_n20001_cV2_electrode_s15.npz,76420,460565b2f33ef15855d31cab8f5569019c416d3af9e4484f0bc0100577bf326c
tcn,electrode,17,bandpass_n20001_cV2_electrode_s10,phase2/results/predictions/full/electrode/tcn/seed_17/bandpass_n20001_cV2_electrode_s10.npz,76356,441d9718bfa185acca58b4d0d28f2c54948c0c7735b1be39065b53df0cc74586
tcn,electrode,17,bandpass_n20001_cV2_electrode_s5,phase2/results/predictions/full/electrode/tcn/seed_17/bandpass_n20001_cV2_electrode_s5.npz,76303,4a6d72702ee2162b1b852be7147ac17c0846540eba77d9cd5e19f3cc5c598387
tcn,electrode,17,bandpass_n20001_cV2_electrode_s0,phase2/results/predictions/full/electrode/tcn/seed_17/bandpass_n20001_cV2_electrode_s0.npz,76096,ec50d5479fba6d7d566d605809908f91e75899e82169a78ea4befd8a3bcadef6
tcn,electrode,17,bandpass_n20001_cV2_covariance_s20,phase2/results/predictions/full/electrode/tcn/seed_17/bandpass_n20001_cV2_covariance_s20.npz,76410,e77febe7efb1b244512ce4174cff15e23a77c04a2e89ec261223c30c76cd1b36
tcn,electrode,17,bandpass_n20001_cV2_covariance_s15,phase2/results/predictions/full/electrode/tcn/seed_17/bandpass_n20001_cV2_covariance_s15.npz,76411,bbe745239f33e1ad3750ecbb034e53235eb701e71e39244784b5aa2fd3df8aac
tcn,electrode,17,bandpass_n20001_cV2_covariance_s10,phase2/results/predictions/full/electrode/tcn/seed_17/bandpass_n20001_cV2_covariance_s10.npz,76400,5890f44a593546f1832aece27ed947364573fddf4e32b57c486bd86a8890a6de
tcn,electrode,17,bandpass_n20001_cV2_covariance_s5,phase2/results/predictions/full/electrode/tcn/seed_17/bandpass_n20001_cV2_covariance_s5.npz,76316,007d240a2bd8f374759a71a6010635ab763fd478ffaef378d33ce4e761068c79
tcn,electrode,17,bandpass_n20001_cV2_covariance_s0,phase2/results/predictions/full/electrode/tcn/seed_17/bandpass_n20001_cV2_covariance_s0.npz,76114,0b4325991aada35d16b4dde896466366d89d4b73793feee571abaa267a4a7d04
tcn,electrode,17,bandpass_n20001_cV3_independent_rms_s20,phase2/results/predictions/full/electrode/tcn/seed_17/bandpass_n20001_cV3_independent_rms_s20.npz,76435,a6f3d79eef4fe694e2a93f470ed3156fabccfa14ff345f52e11db5698e8990b2
tcn,electrode,17,bandpass_n20001_cV3_independent_rms_s15,phase2/results/predictions/full/electrode/tcn/seed_17/bandpass_n20001_cV3_independent_rms_s15.npz,76418,6d13762774e2165cfe104cf0caee026deb74ae36a2086820bc25e72d445fd9e4
tcn,electrode,17,bandpass_n20001_cV3_independent_rms_s10,phase2/results/predictions/full/electrode/tcn/seed_17/bandpass_n20001_cV3_independent_rms_s10.npz,76388,a0cb5d47bc2237573421cd1cc253a941bbfb58d6982562add476c467c4c6484b
tcn,electrode,17,bandpass_n20001_cV3_independent_rms_s5,phase2/results/predictions/full/electrode/tcn/seed_17/bandpass_n20001_cV3_independent_rms_s5.npz,76324,4e8d403f8ffaeae8c444401e3d6e2eb156204d71b7f30ac87978bc3d91f52a5a
tcn,electrode,17,bandpass_n20001_cV3_independent_rms_s0,phase2/results/predictions/full/electrode/tcn/seed_17/bandpass_n20001_cV3_independent_rms_s0.npz,76045,7e9ec079ecd3e4baaa267d5d6617dc4ce7baed221cf20a68ec12f042a8effd1d
tcn,electrode,17,bandpass_n20001_cV3_electrode_s20,phase2/results/predictions/full/electrode/tcn/seed_17/bandpass_n20001_cV3_electrode_s20.npz,76464,c10ae4cb531bab204b229dbe95109cee132766755372377f08a96e594dd1f41f
tcn,electrode,17,bandpass_n20001_cV3_electrode_s15,phase2/results/predictions/full/electrode/tcn/seed_17/bandpass_n20001_cV3_electrode_s15.npz,76447,a437d6330563e14f4beec29b943cd9b0c4df7525b8c80506bdede638572bf4c3
tcn,electrode,17,bandpass_n20001_cV3_electrode_s10,phase2/results/predictions/full/electrode/tcn/seed_17/bandpass_n20001_cV3_electrode_s10.npz,76404,fe6d229caf3b1cbe584cd306547fc9d31a3a98431af07dc46eb2599300413b8a
tcn,electrode,17,bandpass_n20001_cV3_electrode_s5,phase2/results/predictions/full/electrode/tcn/seed_17/bandpass_n20001_cV3_electrode_s5.npz,76294,7b8f22dcee19ec7847b8480dfc3a2d8ca96d7305ed104effc91878d9bfd15551
tcn,electrode,17,bandpass_n20001_cV3_electrode_s0,phase2/results/predictions/full/electrode/tcn/seed_17/bandpass_n20001_cV3_electrode_s0.npz,76023,c70d283e725f2c2ea50cab491fe67f3dac79684b06af6ec15e2373fb605f92df
tcn,electrode,17,bandpass_n20001_cV3_covariance_s20,phase2/results/predictions/full/electrode/tcn/seed_17/bandpass_n20001_cV3_covariance_s20.npz,76441,5c20ac417fc0b4e7368304a8cab7760a72eb7418a442a641bf575cfd6cdbe0bb
tcn,electrode,17,bandpass_n20001_cV3_covariance_s15,phase2/results/predictions/full/electrode/tcn/seed_17/bandpass_n20001_cV3_covariance_s15.npz,76418,a63010b2bdf7f0b7cdc16c6a1a1b8d86331de30f8867487efde54b5bf8e328b9
tcn,electrode,17,bandpass_n20001_cV3_covariance_s10,phase2/results/predictions/full/electrode/tcn/seed_17/bandpass_n20001_cV3_covariance_s10.npz,76416,270d9a1c29b7355947bdf3e58090f140e48b89abc260771f38bf6f60eb0b0c83
tcn,electrode,17,bandpass_n20001_cV3_covariance_s5,phase2/results/predictions/full/electrode/tcn/seed_17/bandpass_n20001_cV3_covariance_s5.npz,76306,2eeb12386202c6feb4accbfa26144d27a98cd4b61b40b5576ca088459c58d33c
tcn,electrode,17,bandpass_n20001_cV3_covariance_s0,phase2/results/predictions/full/electrode/tcn/seed_17/bandpass_n20001_cV3_covariance_s0.npz,76043,a8451cf77cca51f0d4d63e0639abdfad7db6f9629a12cd2d4924d187b043fb7f
tcn,electrode,17,bandpass_n20001_cV4_independent_rms_s20,phase2/results/predictions/full/electrode/tcn/seed_17/bandpass_n20001_cV4_independent_rms_s20.npz,76460,74d13077f282e350ee2a7f2d956f25cd3233ac9e78c9c314dd40191b7b6457f7
tcn,electrode,17,bandpass_n20001_cV4_independent_rms_s15,phase2/results/predictions/full/electrode/tcn/seed_17/bandpass_n20001_cV4_independent_rms_s15.npz,76437,d493e75c6c8f1bff7c223cd03d01c131f38aaf625b73926e15b89d7fe7711165
tcn,electrode,17,bandpass_n20001_cV4_independent_rms_s10,phase2/results/predictions/full/electrode/tcn/seed_17/bandpass_n20001_cV4_independent_rms_s10.npz,76403,89babea41174447bb6266d8593f0acec4bdaf9130df8e56b725cbadce6ecc38c
tcn,electrode,17,bandpass_n20001_cV4_independent_rms_s5,phase2/results/predictions/full/electrode/tcn/seed_17/bandpass_n20001_cV4_independent_rms_s5.npz,76406,7255b032241e473c6a4891523e7f193576adc8a35e3fc92bced1ef9dbf739838
tcn,electrode,17,bandpass_n20001_cV4_independent_rms_s0,phase2/results/predictions/full/electrode/tcn/seed_17/bandpass_n20001_cV4_independent_rms_s0.npz,76306,d19c22368b306588d2cfb486988cfe9dae58b66125b570b6cecd949ab972710c
tcn,electrode,17,bandpass_n20001_cV4_electrode_s20,phase2/results/predictions/full/electrode/tcn/seed_17/bandpass_n20001_cV4_electrode_s20.npz,76433,4d7ffe24cead6acf8559e2a192cdc9678099ad0d218df3ac616528b05532dcd8
tcn,electrode,17,bandpass_n20001_cV4_electrode_s15,phase2/results/predictions/full/electrode/tcn/seed_17/bandpass_n20001_cV4_electrode_s15.npz,76469,77587fecae9de3677284257054a7dbb45c542b029ab3ebd60ec7f6a4804a9225
tcn,electrode,17,bandpass_n20001_cV4_electrode_s10,phase2/results/predictions/full/electrode/tcn/seed_17/bandpass_n20001_cV4_electrode_s10.npz,76418,f8a297000ec5e55545bd1e7a0525f2e80b7e0e6eb554e1d4bc26f8e9321e37b3
tcn,electrode,17,bandpass_n20001_cV4_electrode_s5,phase2/results/predictions/full/electrode/tcn/seed_17/bandpass_n20001_cV4_electrode_s5.npz,76408,cdbc0a6376c5d9c41412d10c6d61ea547c111f1f53588e0ee0882f1ce06dbf82
tcn,electrode,17,bandpass_n20001_cV4_electrode_s0,phase2/results/predictions/full/electrode/tcn/seed_17/bandpass_n20001_cV4_electrode_s0.npz,76283,d651a41b23a79ec4a74ed13596d387ca5f29604ef1696869f6d572dc684bbb29
tcn,electrode,17,bandpass_n20001_cV4_covariance_s20,phase2/results/predictions/full/electrode/tcn/seed_17/bandpass_n20001_cV4_covariance_s20.npz,76443,2625b948200b0b3e2084c7039d0b4e6467c6d1e14b346c899be7d6356054d677
tcn,electrode,17,bandpass_n20001_cV4_covariance_s15,phase2/results/predictions/full/electrode/tcn/seed_17/bandpass_n20001_cV4_covariance_s15.npz,76429,dc70fa29796d9bd029ec89035c80314738e9d07e7206f4fc1c9482ccb1fc8fc9
tcn,electrode,17,bandpass_n20001_cV4_covariance_s10,phase2/results/predictions/full/electrode/tcn/seed_17/bandpass_n20001_cV4_covariance_s10.npz,76410,63fa66c28fc05e679cc76766ac3ff1a2849ff60ee6890a957b2c96a22d5ba540
tcn,electrode,17,bandpass_n20001_cV4_covariance_s5,phase2/results/predictions/full/electrode/tcn/seed_17/bandpass_n20001_cV4_covariance_s5.npz,76364,d8c0d84e95589c031a7b4e58c9c38613463ade939a8e9ab0da09dea2b007342a
tcn,electrode,17,bandpass_n20001_cV4_covariance_s0,phase2/results/predictions/full/electrode/tcn/seed_17/bandpass_n20001_cV4_covariance_s0.npz,76292,ed37a94e508156fd6986b0ceb75c4cc5238eec43a717a26f17cd5b1179de2f9f
tcn,electrode,17,bandpass_n20001_cV5_independent_rms_s20,phase2/results/predictions/full/electrode/tcn/seed_17/bandpass_n20001_cV5_independent_rms_s20.npz,76452,63e1248917878791b8f7ff1bc1b7f8cc0cd74c1ea06113dcd83b8dc7f9efb8c3
tcn,electrode,17,bandpass_n20001_cV5_independent_rms_s15,phase2/results/predictions/full/electrode/tcn/seed_17/bandpass_n20001_cV5_independent_rms_s15.npz,76417,74702e38692832319492ee1786323eb115cd4849313a6894e4411e3fb164b665
tcn,electrode,17,bandpass_n20001_cV5_independent_rms_s10,phase2/results/predictions/full/electrode/tcn/seed_17/bandpass_n20001_cV5_independent_rms_s10.npz,76421,1d58d74447158e6a57baede8ea6291942b08e70476442f1d0a2495d630b017ab
tcn,electrode,17,bandpass_n20001_cV5_independent_rms_s5,phase2/results/predictions/full/electrode/tcn/seed_17/bandpass_n20001_cV5_independent_rms_s5.npz,76333,54b17881b11d3f23f1912917e1b86615eba3683b43639d61028f86a38aa0ae50
tcn,electrode,17,bandpass_n20001_cV5_independent_rms_s0,phase2/results/predictions/full/electrode/tcn/seed_17/bandpass_n20001_cV5_independent_rms_s0.npz,76139,9bb33dbeff7b70cf66cba31573d6662df560544879ab430f2861d1f462fbfded
tcn,electrode,17,bandpass_n20001_cV5_electrode_s20,phase2/results/predictions/full/electrode/tcn/seed_17/bandpass_n20001_cV5_electrode_s20.npz,76446,f072e62d8fca12a02642cae7d93b88f397555f71242b87e210cb6049024e56c1
tcn,electrode,17,bandpass_n20001_cV5_electrode_s15,phase2/results/predictions/full/electrode/tcn/seed_17/bandpass_n20001_cV5_electrode_s15.npz,76419,604bcf8e9bcda8e534d2dc946dff4faee4d84d3884c39748d7049024d6de65d1
tcn,electrode,17,bandpass_n20001_cV5_electrode_s10,phase2/results/predictions/full/electrode/tcn/seed_17/bandpass_n20001_cV5_electrode_s10.npz,76347,6524ccda85f75c5f7714ed681727ab9543e083debcb125fb5df1e9524d3ef23e
tcn,electrode,17,bandpass_n20001_cV5_electrode_s5,phase2/results/predictions/full/electrode/tcn/seed_17/bandpass_n20001_cV5_electrode_s5.npz,76311,c58dcec3d3cf84490d374fa849e218e38ed20c2c4277e630abe40d3213cbd2a6
tcn,electrode,17,bandpass_n20001_cV5_electrode_s0,phase2/results/predictions/full/electrode/tcn/seed_17/bandpass_n20001_cV5_electrode_s0.npz,76097,a8913a0d00210a3bb90b5dfc84c759639aa5e85e677b907ff75b47b3bc7fc295
tcn,electrode,17,bandpass_n20001_cV5_covariance_s20,phase2/results/predictions/full/electrode/tcn/seed_17/bandpass_n20001_cV5_covariance_s20.npz,76419,6ff8486033f2444e475492c9b4afcdc9b359f6b6ade54bc952dd6aba0feab0ec
tcn,electrode,17,bandpass_n20001_cV5_covariance_s15,phase2/results/predictions/full/electrode/tcn/seed_17/bandpass_n20001_cV5_covariance_s15.npz,76429,4cf1374b0f7bddcee242e7ce9af5e824155d78327fe2119041cefd7760565b02
tcn,electrode,17,bandpass_n20001_cV5_covariance_s10,phase2/results/predictions/full/electrode/tcn/seed_17/bandpass_n20001_cV5_covariance_s10.npz,76346,b6a72bc1ce437a95cc31188f5c53b0d434d31462f3681291ea3a50bfc41e6bdf
tcn,electrode,17,bandpass_n20001_cV5_covariance_s5,phase2/results/predictions/full/electrode/tcn/seed_17/bandpass_n20001_cV5_covariance_s5.npz,76294,88488f0c39425935a23e13a9d6a7cc5bfef97570b30dea5b2e80a879347d193a
tcn,electrode,17,bandpass_n20001_cV5_covariance_s0,phase2/results/predictions/full/electrode/tcn/seed_17/bandpass_n20001_cV5_covariance_s0.npz,76070,1f3706f24fd1f1d3b5ce5f36e27d33848c963090a8c326093d69857dafba5af8
tcn,electrode,17,bandpass_n20001_cV6_independent_rms_s20,phase2/results/predictions/full/electrode/tcn/seed_17/bandpass_n20001_cV6_independent_rms_s20.npz,76430,2cfca02ede5fcbc52c2656ee8b61747b1a76ccf269bdf6e7781184b9e4a01ead
tcn,electrode,17,bandpass_n20001_cV6_independent_rms_s15,phase2/results/predictions/full/electrode/tcn/seed_17/bandpass_n20001_cV6_independent_rms_s15.npz,76436,4095652c122570b28bc1a34637a359d7f0ecf7da098277b6fb1c37de4d00a4a0
tcn,electrode,17,bandpass_n20001_cV6_independent_rms_s10,phase2/results/predictions/full/electrode/tcn/seed_17/bandpass_n20001_cV6_independent_rms_s10.npz,76413,12991584fb0a24c3c8a8bc09d668b53bed6b02b9e7eb44bfffb3176cd1b6b792
tcn,electrode,17,bandpass_n20001_cV6_independent_rms_s5,phase2/results/predictions/full/electrode/tcn/seed_17/bandpass_n20001_cV6_independent_rms_s5.npz,76288,fb0c12d430fe6d037752d753c95103c5c374ad5c5d7fab6cf852a405df01bab1
tcn,electrode,17,bandpass_n20001_cV6_independent_rms_s0,phase2/results/predictions/full/electrode/tcn/seed_17/bandpass_n20001_cV6_independent_rms_s0.npz,75978,2d79dfd0baeef4375fbac30a6a485089504bbb5d68f57bd338c9cf4d23db8d71
tcn,electrode,17,bandpass_n20001_cV6_electrode_s20,phase2/results/predictions/full/electrode/tcn/seed_17/bandpass_n20001_cV6_electrode_s20.npz,76400,a154aea82997a0236828248c311e5e80538675785959f34dd2b129487dadac5a
tcn,electrode,17,bandpass_n20001_cV6_electrode_s15,phase2/results/predictions/full/electrode/tcn/seed_17/bandpass_n20001_cV6_electrode_s15.npz,76412,5ab7a2e111df619a97beb49d1de7e24ddcacb8aa6cfa0ff72dd70888ea9a2892
tcn,electrode,17,bandpass_n20001_cV6_electrode_s10,phase2/results/predictions/full/electrode/tcn/seed_17/bandpass_n20001_cV6_electrode_s10.npz,76380,0b85680237c1f411063d41a18992b796f6ed708eafbcc14c1963c0162e71d982
tcn,electrode,17,bandpass_n20001_cV6_electrode_s5,phase2/results/predictions/full/electrode/tcn/seed_17/bandpass_n20001_cV6_electrode_s5.npz,76294,44999a91591f88d875685025d370dc47d8eac9423831a09179a9fd89e35f9d39
tcn,electrode,17,bandpass_n20001_cV6_electrode_s0,phase2/results/predictions/full/electrode/tcn/seed_17/bandpass_n20001_cV6_electrode_s0.npz,75992,6ef273fd4c8cdbcd91b49bdd8c10cc9aae11043993832a081354e8827997031a
tcn,electrode,17,bandpass_n20001_cV6_covariance_s20,phase2/results/predictions/full/electrode/tcn/seed_17/bandpass_n20001_cV6_covariance_s20.npz,76437,831598d92f8c26bfa0479c8f9ebe897235a482dc3a091084c9e73c29fd088690
tcn,electrode,17,bandpass_n20001_cV6_covariance_s15,phase2/results/predictions/full/electrode/tcn/seed_17/bandpass_n20001_cV6_covariance_s15.npz,76446,e7d3bcf39b510996594a9161b327be3927f6a1cfe445ba3acadae6611de30ee5
tcn,electrode,17,bandpass_n20001_cV6_covariance_s10,phase2/results/predictions/full/electrode/tcn/seed_17/bandpass_n20001_cV6_covariance_s10.npz,76384,ac28b5821132f58dfd08b8dd837b3508789b5783f2d561b9ad4ac6bf245a9e3f
tcn,electrode,17,bandpass_n20001_cV6_covariance_s5,phase2/results/predictions/full/electrode/tcn/seed_17/bandpass_n20001_cV6_covariance_s5.npz,76304,cd33cd687eff291551f080026d8471895f0affe372ebd57b742bd73b708cb6ff
tcn,electrode,17,bandpass_n20001_cV6_covariance_s0,phase2/results/predictions/full/electrode/tcn/seed_17/bandpass_n20001_cV6_covariance_s0.npz,75970,a779bcc5fb6bf0f841be24a689c9915c26c0afc4169db84d51c25e12b9286e91
tcn,electrode,17,bandpass_n20001_cRA_LA_independent_rms_s20,phase2/results/predictions/full/electrode/tcn/seed_17/bandpass_n20001_cRA_LA_independent_rms_s20.npz,76466,0f96e8ab442291258ce555f1fccbffdd9537b0c73e08d978226a5649960917ba
tcn,electrode,17,bandpass_n20001_cRA_LA_independent_rms_s15,phase2/results/predictions/full/electrode/tcn/seed_17/bandpass_n20001_cRA_LA_independent_rms_s15.npz,76478,0e44151a4f55e97eaaa223a5a968ecc12245438f7315cb1d323b922c647d43d9
tcn,electrode,17,bandpass_n20001_cRA_LA_independent_rms_s10,phase2/results/predictions/full/electrode/tcn/seed_17/bandpass_n20001_cRA_LA_independent_rms_s10.npz,76408,eddeab0dbbfc4077bb2057b9889c86b6e5aa983d47c98065160955e6894d9f1b
tcn,electrode,17,bandpass_n20001_cRA_LA_independent_rms_s5,phase2/results/predictions/full/electrode/tcn/seed_17/bandpass_n20001_cRA_LA_independent_rms_s5.npz,76271,756100a50a5886e70a32d9bb44b2125646ec62a42449acee3ec32c2712f59664
tcn,electrode,17,bandpass_n20001_cRA_LA_independent_rms_s0,phase2/results/predictions/full/electrode/tcn/seed_17/bandpass_n20001_cRA_LA_independent_rms_s0.npz,75998,9203c94cc35694bfbca1c449a8df8c82fdc6a2cac6255f6dd393ed707e5f7582
tcn,electrode,17,bandpass_n20001_cRA_LA_electrode_s20,phase2/results/predictions/full/electrode/tcn/seed_17/bandpass_n20001_cRA_LA_electrode_s20.npz,76435,8592433b413353a71bbe1aee117b54792d3f5b663e6ce2bb86fc2f7536fed4a5
tcn,electrode,17,bandpass_n20001_cRA_LA_electrode_s15,phase2/results/predictions/full/electrode/tcn/seed_17/bandpass_n20001_cRA_LA_electrode_s15.npz,76400,aaf644fd3facab4215ea730e6edd96ef607a38b847366ea0accf43c7d9984c50
tcn,electrode,17,bandpass_n20001_cRA_LA_electrode_s10,phase2/results/predictions/full/electrode/tcn/seed_17/bandpass_n20001_cRA_LA_electrode_s10.npz,76349,b923be34805a1cdbe714c4f2869ba03606377ab0d6dbecad9b0412658143340d
tcn,electrode,17,bandpass_n20001_cRA_LA_electrode_s5,phase2/results/predictions/full/electrode/tcn/seed_17/bandpass_n20001_cRA_LA_electrode_s5.npz,76180,0bf5fdf7398e55f54b2175c5b26435ecd43d1ce9b305a78a703043e664fa8697
tcn,electrode,17,bandpass_n20001_cRA_LA_electrode_s0,phase2/results/predictions/full/electrode/tcn/seed_17/bandpass_n20001_cRA_LA_electrode_s0.npz,75759,7bc4024bcacbb4e9d0dacafd9ca381e1ac64c1a7b93013498fd9656ec26678e6
tcn,electrode,17,bandpass_n20001_cRA_LA_covariance_s20,phase2/results/predictions/full/electrode/tcn/seed_17/bandpass_n20001_cRA_LA_covariance_s20.npz,76422,0eebec21d3af7098d85724be79904a50f82710421263bb64a09f3d0408135f28
tcn,electrode,17,bandpass_n20001_cRA_LA_covariance_s15,phase2/results/predictions/full/electrode/tcn/seed_17/bandpass_n20001_cRA_LA_covariance_s15.npz,76461,679f705b1793193b038850911e2b41b37e503558834dc8a92c8c21954e552a61
tcn,electrode,17,bandpass_n20001_cRA_LA_covariance_s10,phase2/results/predictions/full/electrode/tcn/seed_17/bandpass_n20001_cRA_LA_covariance_s10.npz,76362,4935072e5a3e8ea03dd495e863c7f816fd125c568a922e3adb1a557ec1bf2021
tcn,electrode,17,bandpass_n20001_cRA_LA_covariance_s5,phase2/results/predictions/full/electrode/tcn/seed_17/bandpass_n20001_cRA_LA_covariance_s5.npz,76205,8928bc747bde6d52de5871696845c50e62eabdd49d800da0e73168c79cbad57c
tcn,electrode,17,bandpass_n20001_cRA_LA_covariance_s0,phase2/results/predictions/full/electrode/tcn/seed_17/bandpass_n20001_cRA_LA_covariance_s0.npz,75789,c093a66389bedc2051d2a569a4da39b018f2e5ff69754938cf65e09fb819188e
tcn,electrode,17,bandpass_n20001_cLA_LL_independent_rms_s20,phase2/results/predictions/full/electrode/tcn/seed_17/bandpass_n20001_cLA_LL_independent_rms_s20.npz,76446,fdbf3e2ec8a1a73ffcb490dcd2098315861883782c06fd5283d39b8dc4360087
tcn,electrode,17,bandpass_n20001_cLA_LL_independent_rms_s15,phase2/results/predictions/full/electrode/tcn/seed_17/bandpass_n20001_cLA_LL_independent_rms_s15.npz,76426,941c6337bf8d4b0a81a6d8fec9de6e53a3fcbfc17641795b390d059af4d65a12
tcn,electrode,17,bandpass_n20001_cLA_LL_independent_rms_s10,phase2/results/predictions/full/electrode/tcn/seed_17/bandpass_n20001_cLA_LL_independent_rms_s10.npz,76409,d34bbeb973ab2e0c982962e43ec5ac9a48cd3dfd48e8ed6fd473b7784a8f396d
tcn,electrode,17,bandpass_n20001_cLA_LL_independent_rms_s5,phase2/results/predictions/full/electrode/tcn/seed_17/bandpass_n20001_cLA_LL_independent_rms_s5.npz,76293,224e036c7eaea39663b07c2f6c8fca69c4a978990023115abdba685311062d53
tcn,electrode,17,bandpass_n20001_cLA_LL_independent_rms_s0,phase2/results/predictions/full/electrode/tcn/seed_17/bandpass_n20001_cLA_LL_independent_rms_s0.npz,75958,3fc369c4de9d77329615df760801e6309722dbd57f2eeb72df407747d156ee28
tcn,electrode,17,bandpass_n20001_cLA_LL_electrode_s20,phase2/results/predictions/full/electrode/tcn/seed_17/bandpass_n20001_cLA_LL_electrode_s20.npz,76428,ccdeb6b15563fdda446f85dcb050ba619d73f175a6041d86a5eb33c8afdca87f
tcn,electrode,17,bandpass_n20001_cLA_LL_electrode_s15,phase2/results/predictions/full/electrode/tcn/seed_17/bandpass_n20001_cLA_LL_electrode_s15.npz,76445,6c4ca8712a29e9ebfd3a262956110f12abe90b9b0044292b381a483fc9e5a6e9
tcn,electrode,17,bandpass_n20001_cLA_LL_electrode_s10,phase2/results/predictions/full/electrode/tcn/seed_17/bandpass_n20001_cLA_LL_electrode_s10.npz,76364,37bd1f8440217dd737964b6bdff5ca0c8697dbd40f6a4d5276e3a598ea8f9637
tcn,electrode,17,bandpass_n20001_cLA_LL_electrode_s5,phase2/results/predictions/full/electrode/tcn/seed_17/bandpass_n20001_cLA_LL_electrode_s5.npz,76225,679a22cad00b3d9951308df3a0bb15bfa14cd6e14765e2704f157495cbc0bdeb
tcn,electrode,17,bandpass_n20001_cLA_LL_electrode_s0,phase2/results/predictions/full/electrode/tcn/seed_17/bandpass_n20001_cLA_LL_electrode_s0.npz,75851,d99cbbe59f6ac770679cb0c5199bddaffb30798fda8e5bb9094af43928e505ab
tcn,electrode,17,bandpass_n20001_cLA_LL_covariance_s20,phase2/results/predictions/full/electrode/tcn/seed_17/bandpass_n20001_cLA_LL_covariance_s20.npz,76412,6bd5aafab8667809f81b2b7deb6599cad5586ac3c5758ba4761fd4e16efc08a5
tcn,electrode,17,bandpass_n20001_cLA_LL_covariance_s15,phase2/results/predictions/full/electrode/tcn/seed_17/bandpass_n20001_cLA_LL_covariance_s15.npz,76396,c8987cf8ff36d55ce2362b9b03bbd0e6c14edff422db738fe20b7ba9fd3f2e69
tcn,electrode,17,bandpass_n20001_cLA_LL_covariance_s10,phase2/results/predictions/full/electrode/tcn/seed_17/bandpass_n20001_cLA_LL_covariance_s10.npz,76376,a776bff631dfd9cd7c20f81461b62011b1bf8cc0bd239ec96038299fa2923fa8
tcn,electrode,17,bandpass_n20001_cLA_LL_covariance_s5,phase2/results/predictions/full/electrode/tcn/seed_17/bandpass_n20001_cLA_LL_covariance_s5.npz,76234,afe23d08a5f610aaa06e93d1f3bb78b49ec7a68ef683a25d5b89057d70533c48
tcn,electrode,17,bandpass_n20001_cLA_LL_covariance_s0,phase2/results/predictions/full/electrode/tcn/seed_17/bandpass_n20001_cLA_LL_covariance_s0.npz,75846,6b07fe452d0183226f0481af3d857094d2ef71f50845c4db8e926474fb13702e
tcn,electrode,17,bandpass_n20001_cRA_LL_independent_rms_s20,phase2/results/predictions/full/electrode/tcn/seed_17/bandpass_n20001_cRA_LL_independent_rms_s20.npz,76445,94ce7aac7a28ac6afa84a729baabd5173b1f5ff106b08c52c47acb959eb746d6
tcn,electrode,17,bandpass_n20001_cRA_LL_independent_rms_s15,phase2/results/predictions/full/electrode/tcn/seed_17/bandpass_n20001_cRA_LL_independent_rms_s15.npz,76443,37170c06284b6c718089cde3a702fb09540ea413ddf6514fc123397a0a1f9229
tcn,electrode,17,bandpass_n20001_cRA_LL_independent_rms_s10,phase2/results/predictions/full/electrode/tcn/seed_17/bandpass_n20001_cRA_LL_independent_rms_s10.npz,76399,807bd108aff92a6973cb4731916dbc2098bf728ed5ea108a637d0c2c616cb802
tcn,electrode,17,bandpass_n20001_cRA_LL_independent_rms_s5,phase2/results/predictions/full/electrode/tcn/seed_17/bandpass_n20001_cRA_LL_independent_rms_s5.npz,76256,b94bad7683a7f7b2822d5bd2f8fef3c207cf823a0661cfb87509c09ffbcaa593
tcn,electrode,17,bandpass_n20001_cRA_LL_independent_rms_s0,phase2/results/predictions/full/electrode/tcn/seed_17/bandpass_n20001_cRA_LL_independent_rms_s0.npz,75935,bc893657a489a0014515b76c21e4dd928fee7f2d8dfe63fdff7d1c2b70759bb6
tcn,electrode,17,bandpass_n20001_cRA_LL_electrode_s20,phase2/results/predictions/full/electrode/tcn/seed_17/bandpass_n20001_cRA_LL_electrode_s20.npz,76429,2751390ec9cb9beceb22a0034e961e66b9f4cdf5792b4cd52ae8ce1736058d50
tcn,electrode,17,bandpass_n20001_cRA_LL_electrode_s15,phase2/results/predictions/full/electrode/tcn/seed_17/bandpass_n20001_cRA_LL_electrode_s15.npz,76428,e2951a49a34e692aa51bcb40ecb5620c52482ab22cba8a1b0bcede171a21e242
tcn,electrode,17,bandpass_n20001_cRA_LL_electrode_s10,phase2/results/predictions/full/electrode/tcn/seed_17/bandpass_n20001_cRA_LL_electrode_s10.npz,76353,0db65efee37b57b6d8cc63497034ad32620e21aa8ba4e40eb16faccc1461ebf9
tcn,electrode,17,bandpass_n20001_cRA_LL_electrode_s5,phase2/results/predictions/full/electrode/tcn/seed_17/bandpass_n20001_cRA_LL_electrode_s5.npz,76187,0a99ca6cfefd8b968fbba63207771a60b4f06135b4cd157812b3f9e742a38094
tcn,electrode,17,bandpass_n20001_cRA_LL_electrode_s0,phase2/results/predictions/full/electrode/tcn/seed_17/bandpass_n20001_cRA_LL_electrode_s0.npz,75789,f15514a62a22fc523341b662ab0c1e135df7dc636ea7aa55679dfd7103833d30
tcn,electrode,17,bandpass_n20001_cRA_LL_covariance_s20,phase2/results/predictions/full/electrode/tcn/seed_17/bandpass_n20001_cRA_LL_covariance_s20.npz,76420,6b86e1e0e9cf4c2363bbfe3d66f39fed02340dfe0d6d6d1023b652cca9dc841f
tcn,electrode,17,bandpass_n20001_cRA_LL_covariance_s15,phase2/results/predictions/full/electrode/tcn/seed_17/bandpass_n20001_cRA_LL_covariance_s15.npz,76421,176697f3e0612abb4785e34a90e00c074bc7e3c5f6d98669e8bec10cb56f0fd4
tcn,electrode,17,bandpass_n20001_cRA_LL_covariance_s10,phase2/results/predictions/full/electrode/tcn/seed_17/bandpass_n20001_cRA_LL_covariance_s10.npz,76372,2dd2c0e000da8801922f98dba904cd46444ee02fc5da2371031c4a1952872afd
tcn,electrode,17,bandpass_n20001_cRA_LL_covariance_s5,phase2/results/predictions/full/electrode/tcn/seed_17/bandpass_n20001_cRA_LL_covariance_s5.npz,76191,ea2ec5e7e3e88de053a8de43ab12b7cf42ab150ae9f867a38fd2635c7defc099
tcn,electrode,17,bandpass_n20001_cRA_LL_covariance_s0,phase2/results/predictions/full/electrode/tcn/seed_17/bandpass_n20001_cRA_LL_covariance_s0.npz,75737,be1cd3e4b5310daad2c36e83a25163a4a9f309bbd13fba24a03f93defd6fdef3
tcn,electrode,17,bandpass_n20001_cRA_independent_rms_s20,phase2/results/predictions/full/electrode/tcn/seed_17/bandpass_n20001_cRA_independent_rms_s20.npz,76441,a724f9e26a86ac95beb27314ca65eadf6f9343995d5bf13344619d6da4d4e68e
tcn,electrode,17,bandpass_n20001_cRA_independent_rms_s15,phase2/results/predictions/full/electrode/tcn/seed_17/bandpass_n20001_cRA_independent_rms_s15.npz,76419,780588007da96650f47ecc059fdca668e4565e5fddc3ae57239c51c54aa228b4
tcn,electrode,17,bandpass_n20001_cRA_independent_rms_s10,phase2/results/predictions/full/electrode/tcn/seed_17/bandpass_n20001_cRA_independent_rms_s10.npz,76397,4736bedf6685aa1ca1c92ae70ef4a3057db91053d02e46bf47fbbd06ea201592
tcn,electrode,17,bandpass_n20001_cRA_independent_rms_s5,phase2/results/predictions/full/electrode/tcn/seed_17/bandpass_n20001_cRA_independent_rms_s5.npz,76228,1028bf509ee71d2f67f9268bf68e87fc4ac8ebc7ec87d654734e3b0ce9567bc6
tcn,electrode,17,bandpass_n20001_cRA_independent_rms_s0,phase2/results/predictions/full/electrode/tcn/seed_17/bandpass_n20001_cRA_independent_rms_s0.npz,75933,99b1e90f37fb5432ba299da5105539fff9a6772f4e11a12fa202b3457c22306f
tcn,electrode,17,bandpass_n20001_cRA_electrode_s20,phase2/results/predictions/full/electrode/tcn/seed_17/bandpass_n20001_cRA_electrode_s20.npz,76426,61a3408cb3d53b4ff1fa117a7f7411826924744c41e71da8268faed1d0b8709d
tcn,electrode,17,bandpass_n20001_cRA_electrode_s15,phase2/results/predictions/full/electrode/tcn/seed_17/bandpass_n20001_cRA_electrode_s15.npz,76381,50e01e88d4167063e6bb23880bec924b193687791351a17b0bb75d8963ff58c9
tcn,electrode,17,bandpass_n20001_cRA_electrode_s10,phase2/results/predictions/full/electrode/tcn/seed_17/bandpass_n20001_cRA_electrode_s10.npz,76314,2d9447c2de6c80e7de6d636bc1019d074d24d1c948e60a7e86b6feef78ff12f7
tcn,electrode,17,bandpass_n20001_cRA_electrode_s5,phase2/results/predictions/full/electrode/tcn/seed_17/bandpass_n20001_cRA_electrode_s5.npz,76176,19f2a7a5c6a275cf1ed9da82a77860187c20e5e50f97179f3679005944a76594
tcn,electrode,17,bandpass_n20001_cRA_electrode_s0,phase2/results/predictions/full/electrode/tcn/seed_17/bandpass_n20001_cRA_electrode_s0.npz,75859,e801dd80ebd029e61383549f190fe70c53358a116e5db3f5aa7f32accf80fb38
tcn,electrode,17,bandpass_n20001_cRA_covariance_s20,phase2/results/predictions/full/electrode/tcn/seed_17/bandpass_n20001_cRA_covariance_s20.npz,76458,710fa0bd9edbcfc5d8867b4375b5d2ff03903bb41f093f46328ca8996f09006d
tcn,electrode,17,bandpass_n20001_cRA_covariance_s15,phase2/results/predictions/full/electrode/tcn/seed_17/bandpass_n20001_cRA_covariance_s15.npz,76426,4203f4d266f7f3c20933c6dab90af17932272b807162d361e9689682fc516fd9
tcn,electrode,17,bandpass_n20001_cRA_covariance_s10,phase2/results/predictions/full/electrode/tcn/seed_17/bandpass_n20001_cRA_covariance_s10.npz,76349,123f0a8375d65f4695542f149acee34e9a84b1abefe426d1a1af02b5f4c4d628
tcn,electrode,17,bandpass_n20001_cRA_covariance_s5,phase2/results/predictions/full/electrode/tcn/seed_17/bandpass_n20001_cRA_covariance_s5.npz,76180,67ecc868574947af0fbb482c045104e8227052fa17d5d361bdd559c33d253ead
tcn,electrode,17,bandpass_n20001_cRA_covariance_s0,phase2/results/predictions/full/electrode/tcn/seed_17/bandpass_n20001_cRA_covariance_s0.npz,75861,797e3f7aa51f3068fadc60fe37c960d436da3bbf50dd4e17c449c4d56f0e5a85
tcn,electrode,17,bandpass_n20001_cLA_independent_rms_s20,phase2/results/predictions/full/electrode/tcn/seed_17/bandpass_n20001_cLA_independent_rms_s20.npz,76451,1f0013a4f579adeef7dd09e18b5454bb2c64caef6247c754e5218b04e4cfa3f7
tcn,electrode,17,bandpass_n20001_cLA_independent_rms_s15,phase2/results/predictions/full/electrode/tcn/seed_17/bandpass_n20001_cLA_independent_rms_s15.npz,76416,51adb24d97974c12705b40ed5a9207189cddf386a005de6e1e8dec724201dbe9
tcn,electrode,17,bandpass_n20001_cLA_independent_rms_s10,phase2/results/predictions/full/electrode/tcn/seed_17/bandpass_n20001_cLA_independent_rms_s10.npz,76400,785e2890ed63b073b31fadd7db620c5785dc56e317f9fe658df68548ca18f5e0
tcn,electrode,17,bandpass_n20001_cLA_independent_rms_s5,phase2/results/predictions/full/electrode/tcn/seed_17/bandpass_n20001_cLA_independent_rms_s5.npz,76320,c41629c081bafb46a2b735e9e0a4127c247f46f25909b62643c1dd38c4e04c1d
tcn,electrode,17,bandpass_n20001_cLA_independent_rms_s0,phase2/results/predictions/full/electrode/tcn/seed_17/bandpass_n20001_cLA_independent_rms_s0.npz,76073,e266a66e7196f68c70d8f9645720eb3249e20146d781fe9660ae4ecb6d2942bc
tcn,electrode,17,bandpass_n20001_cLA_electrode_s20,phase2/results/predictions/full/electrode/tcn/seed_17/bandpass_n20001_cLA_electrode_s20.npz,76431,4f4cccfa96ec8521d1947d8d51b1f8807e7a311dcd3bd5f8dd6af3ba17ea3923
tcn,electrode,17,bandpass_n20001_cLA_electrode_s15,phase2/results/predictions/full/electrode/tcn/seed_17/bandpass_n20001_cLA_electrode_s15.npz,76445,567e332fcd33f2e8d8032278b238845d0ee25906c8f244915818a15b2218b41c
tcn,electrode,17,bandpass_n20001_cLA_electrode_s10,phase2/results/predictions/full/electrode/tcn/seed_17/bandpass_n20001_cLA_electrode_s10.npz,76368,67b0aeae25a02a51f021e56694a6247c4a7448817d11b13094bf94e3d80560ca
tcn,electrode,17,bandpass_n20001_cLA_electrode_s5,phase2/results/predictions/full/electrode/tcn/seed_17/bandpass_n20001_cLA_electrode_s5.npz,76218,235f81a8aa7464778e6890dd3f8013f3e9c74332444aa49c49d80dc38762c667
tcn,electrode,17,bandpass_n20001_cLA_electrode_s0,phase2/results/predictions/full/electrode/tcn/seed_17/bandpass_n20001_cLA_electrode_s0.npz,75876,f65324caf78606fdfa14f11843e0ce524780f14566a5d9e98c4cc4b7552b05bf
tcn,electrode,17,bandpass_n20001_cLA_covariance_s20,phase2/results/predictions/full/electrode/tcn/seed_17/bandpass_n20001_cLA_covariance_s20.npz,76431,ea5ad0535f99af6a361c8f91c78d51ceb966a4a0947c32685b720fa867b91cd7
tcn,electrode,17,bandpass_n20001_cLA_covariance_s15,phase2/results/predictions/full/electrode/tcn/seed_17/bandpass_n20001_cLA_covariance_s15.npz,76365,0e5b6d0fb05de4c5cc0fbf57a194338ff274c861770d8520328343f80fd01e71
tcn,electrode,17,bandpass_n20001_cLA_covariance_s10,phase2/results/predictions/full/electrode/tcn/seed_17/bandpass_n20001_cLA_covariance_s10.npz,76378,7353df7502281089ec3e7afeafdb3b9695f29a265b9768e400adbb6798cc64e5
tcn,electrode,17,bandpass_n20001_cLA_covariance_s5,phase2/results/predictions/full/electrode/tcn/seed_17/bandpass_n20001_cLA_covariance_s5.npz,76199,cbffaa2e2126f79e12f67c1beb253eab6f9a75d91c18f4e1fe2f195303b28491
tcn,electrode,17,bandpass_n20001_cLA_covariance_s0,phase2/results/predictions/full/electrode/tcn/seed_17/bandpass_n20001_cLA_covariance_s0.npz,75851,6f42a52408728577c6d945ede63e9436c98cea89acdc548c11b55ee86fdd828d
tcn,electrode,17,bandpass_n20001_cLL_independent_rms_s20,phase2/results/predictions/full/electrode/tcn/seed_17/bandpass_n20001_cLL_independent_rms_s20.npz,76448,7f6a2569c3d42f912001b928a33b4d236d80bb034e97703b0cd75a25b9b1d3bc
tcn,electrode,17,bandpass_n20001_cLL_independent_rms_s15,phase2/results/predictions/full/electrode/tcn/seed_17/bandpass_n20001_cLL_independent_rms_s15.npz,76459,5daa2015e799f503633b6d9266fc34ed92a9c50db45bec36a0904b1f2a0e2941
tcn,electrode,17,bandpass_n20001_cLL_independent_rms_s10,phase2/results/predictions/full/electrode/tcn/seed_17/bandpass_n20001_cLL_independent_rms_s10.npz,76408,d089fb98e01e3d787c56c4badb2e9a8762232334ac02e26b32630cf4b0378adf
tcn,electrode,17,bandpass_n20001_cLL_independent_rms_s5,phase2/results/predictions/full/electrode/tcn/seed_17/bandpass_n20001_cLL_independent_rms_s5.npz,76253,0197a4cc10315fca0842c6d39dac81a7195ea23a2579504f224af15f386f1f5d
tcn,electrode,17,bandpass_n20001_cLL_independent_rms_s0,phase2/results/predictions/full/electrode/tcn/seed_17/bandpass_n20001_cLL_independent_rms_s0.npz,75893,a7e03ce9686021365331e37f9d6b61b997336d76487c0c150a8183214be03504
tcn,electrode,17,bandpass_n20001_cLL_electrode_s20,phase2/results/predictions/full/electrode/tcn/seed_17/bandpass_n20001_cLL_electrode_s20.npz,76408,494cfe383e116a60a475da7df1d3c0fbaefcd7e8118f93112272e9f0910ac192
tcn,electrode,17,bandpass_n20001_cLL_electrode_s15,phase2/results/predictions/full/electrode/tcn/seed_17/bandpass_n20001_cLL_electrode_s15.npz,76433,10a3315888bfe59ee86fee9838d43db42b73d1945525f3b9342eceb433dc9b63
tcn,electrode,17,bandpass_n20001_cLL_electrode_s10,phase2/results/predictions/full/electrode/tcn/seed_17/bandpass_n20001_cLL_electrode_s10.npz,76380,e3670602ab2eee7308385008ff444a58cce45cdde012a5cfa36248e61167f657
tcn,electrode,17,bandpass_n20001_cLL_electrode_s5,phase2/results/predictions/full/electrode/tcn/seed_17/bandpass_n20001_cLL_electrode_s5.npz,76222,d7b385d21067933fe51a6884055150e42c83a21b60d8c0f7f7f866e8922a38a8
tcn,electrode,17,bandpass_n20001_cLL_electrode_s0,phase2/results/predictions/full/electrode/tcn/seed_17/bandpass_n20001_cLL_electrode_s0.npz,75880,86cbd07c457ccb5849a4a7c8fb5c6402beeb3d2b8bc00b3fc15253b1672c0667
tcn,electrode,17,bandpass_n20001_cLL_covariance_s20,phase2/results/predictions/full/electrode/tcn/seed_17/bandpass_n20001_cLL_covariance_s20.npz,76455,112b87a24c8d6e3bd113b04346398a80357e552aafb7fd7255450e2b0a0dc3e7
tcn,electrode,17,bandpass_n20001_cLL_covariance_s15,phase2/results/predictions/full/electrode/tcn/seed_17/bandpass_n20001_cLL_covariance_s15.npz,76427,e0512a9b47020e1fb747a87ca2ee744251f715725b6c54993b200beb9ba60e20
tcn,electrode,17,bandpass_n20001_cLL_covariance_s10,phase2/results/predictions/full/electrode/tcn/seed_17/bandpass_n20001_cLL_covariance_s10.npz,76362,b90b363fdfa04944e19cde54994fdb6e40ffdd377328302fa9c31631073804f6
tcn,electrode,17,bandpass_n20001_cLL_covariance_s5,phase2/results/predictions/full/electrode/tcn/seed_17/bandpass_n20001_cLL_covariance_s5.npz,76233,bbf4888f17bcd9b7975060af5dd2114b88c2cc2fa8295762c7d645d30a5a2c2e
tcn,electrode,17,bandpass_n20001_cLL_covariance_s0,phase2/results/predictions/full/electrode/tcn/seed_17/bandpass_n20001_cLL_covariance_s0.npz,75828,e83dadea6d7762814b3b766246f57d2782b294eb6aceed7d34d9ed1a4d265c4e
tcn,electrode,17,bandpass_n20001_cRA_V1_independent_rms_s20,phase2/results/predictions/full/electrode/tcn/seed_17/bandpass_n20001_cRA_V1_independent_rms_s20.npz,76475,a6ee308456f00cbd36aeaa55614f0b2e2b56fd787ede8f528379b8d29b8a6bf7
tcn,electrode,17,bandpass_n20001_cRA_V1_independent_rms_s15,phase2/results/predictions/full/electrode/tcn/seed_17/bandpass_n20001_cRA_V1_independent_rms_s15.npz,76414,f001b5bbbffa57dfe074361732e85faa125e0aa77c4cea6d978ea5a23fb10984
tcn,electrode,17,bandpass_n20001_cRA_V1_independent_rms_s10,phase2/results/predictions/full/electrode/tcn/seed_17/bandpass_n20001_cRA_V1_independent_rms_s10.npz,76390,b383a25d0a6714450e902c7e8a246175d151f6f20a58751d28072167ede1bfdc
tcn,electrode,17,bandpass_n20001_cRA_V1_independent_rms_s5,phase2/results/predictions/full/electrode/tcn/seed_17/bandpass_n20001_cRA_V1_independent_rms_s5.npz,76253,9f2b24d93a19924affd8a8cc7cfc9b2c81128f8ef77aa1aa783d1808e6251663
tcn,electrode,17,bandpass_n20001_cRA_V1_independent_rms_s0,phase2/results/predictions/full/electrode/tcn/seed_17/bandpass_n20001_cRA_V1_independent_rms_s0.npz,75954,f0411ba4837b4f2e5cf0910be023089c5dcdc3cf6d4b70d2f6efa0aa0d48277c
tcn,electrode,17,bandpass_n20001_cRA_V1_electrode_s20,phase2/results/predictions/full/electrode/tcn/seed_17/bandpass_n20001_cRA_V1_electrode_s20.npz,76434,a2e8e9db94d73c1c6f387aa2f7afad20648aff3408b96277464e6e72673db5aa
tcn,electrode,17,bandpass_n20001_cRA_V1_electrode_s15,phase2/results/predictions/full/electrode/tcn/seed_17/bandpass_n20001_cRA_V1_electrode_s15.npz,76396,29c58534b2a6903ab667e6c00d93683c1dbca8dec697fddf9ad0e92d04e4685d
tcn,electrode,17,bandpass_n20001_cRA_V1_electrode_s10,phase2/results/predictions/full/electrode/tcn/seed_17/bandpass_n20001_cRA_V1_electrode_s10.npz,76347,07b1b278a839e8dd9ddc347fc84209d91865380d39b1e31db8acfa7d9ac5010a
tcn,electrode,17,bandpass_n20001_cRA_V1_electrode_s5,phase2/results/predictions/full/electrode/tcn/seed_17/bandpass_n20001_cRA_V1_electrode_s5.npz,76216,b77f1d321a53670ff11fbcf157d6cac5260cbb0cc1a60e67b4faed2325008647
tcn,electrode,17,bandpass_n20001_cRA_V1_electrode_s0,phase2/results/predictions/full/electrode/tcn/seed_17/bandpass_n20001_cRA_V1_electrode_s0.npz,75905,ffd7945876440738b54314a36fafc7a75f8b695d17e084506f33dc6ce13fc402
tcn,electrode,17,bandpass_n20001_cRA_V1_covariance_s20,phase2/results/predictions/full/electrode/tcn/seed_17/bandpass_n20001_cRA_V1_covariance_s20.npz,76431,5391984316d62fc6050ef4f73c1d5a181f75f9fbbc93d52bd6a3966ddf2fb73c
tcn,electrode,17,bandpass_n20001_cRA_V1_covariance_s15,phase2/results/predictions/full/electrode/tcn/seed_17/bandpass_n20001_cRA_V1_covariance_s15.npz,76442,dbe75f5b6730d187fcbf7f56f78602b683d1045de4ff4fd4c9b043f8a40012e6
tcn,electrode,17,bandpass_n20001_cRA_V1_covariance_s10,phase2/results/predictions/full/electrode/tcn/seed_17/bandpass_n20001_cRA_V1_covariance_s10.npz,76378,244ee95d6295c8dcbac225f45da79bc3a5cd4343812cd667e239338a677c5a64
tcn,electrode,17,bandpass_n20001_cRA_V1_covariance_s5,phase2/results/predictions/full/electrode/tcn/seed_17/bandpass_n20001_cRA_V1_covariance_s5.npz,76242,4c54b51280a923ed0964ddbc406b60e1fa131f08fea072d8ca3e9d8c62fb60ba
tcn,electrode,17,bandpass_n20001_cRA_V1_covariance_s0,phase2/results/predictions/full/electrode/tcn/seed_17/bandpass_n20001_cRA_V1_covariance_s0.npz,75901,f1b6545e9d0fb86e6d2ae09b03be336b85567063721fb6e64746fb713795d52d
tcn,electrode,17,bandpass_n20001_cLA_V6_independent_rms_s20,phase2/results/predictions/full/electrode/tcn/seed_17/bandpass_n20001_cLA_V6_independent_rms_s20.npz,76448,8aaf8bf27aea89abf1eadab9dea90eee04c98471208397d60cbe79d8dc1e378d
tcn,electrode,17,bandpass_n20001_cLA_V6_independent_rms_s15,phase2/results/predictions/full/electrode/tcn/seed_17/bandpass_n20001_cLA_V6_independent_rms_s15.npz,76450,5a230e2083adc6469efefcb62148f47cc812624c2b4aaf90bbc4400f7f3888ab
tcn,electrode,17,bandpass_n20001_cLA_V6_independent_rms_s10,phase2/results/predictions/full/electrode/tcn/seed_17/bandpass_n20001_cLA_V6_independent_rms_s10.npz,76413,9defa0a25aa7e490d8502bc08bb8c1812bccb967c179a6112169b82c7686055d
tcn,electrode,17,bandpass_n20001_cLA_V6_independent_rms_s5,phase2/results/predictions/full/electrode/tcn/seed_17/bandpass_n20001_cLA_V6_independent_rms_s5.npz,76345,d814074f0b1ed2055629eb09a255b22855c877364107ff2e8214b9275926780a
tcn,electrode,17,bandpass_n20001_cLA_V6_independent_rms_s0,phase2/results/predictions/full/electrode/tcn/seed_17/bandpass_n20001_cLA_V6_independent_rms_s0.npz,76036,08243370571296cfc1e8fb111dd3c4a78a5134c5e04ebd19b6f326156f7ecb5a
tcn,electrode,17,bandpass_n20001_cLA_V6_electrode_s20,phase2/results/predictions/full/electrode/tcn/seed_17/bandpass_n20001_cLA_V6_electrode_s20.npz,76433,ec26913a8d00d34fa9534c5a99d13a7a9891857d291c58fd1e27ee067bb3e806
tcn,electrode,17,bandpass_n20001_cLA_V6_electrode_s15,phase2/results/predictions/full/electrode/tcn/seed_17/bandpass_n20001_cLA_V6_electrode_s15.npz,76456,d2176068ebe7f55e2a970ee3491dff233d15a783b73b947be356e9a5a61ced72
tcn,electrode,17,bandpass_n20001_cLA_V6_electrode_s10,phase2/results/predictions/full/electrode/tcn/seed_17/bandpass_n20001_cLA_V6_electrode_s10.npz,76366,5f7ed9f9829ac5a371c980c24694720227140aa31e2f3d1367daa1a3af9d0e78
tcn,electrode,17,bandpass_n20001_cLA_V6_electrode_s5,phase2/results/predictions/full/electrode/tcn/seed_17/bandpass_n20001_cLA_V6_electrode_s5.npz,76255,d1dacc5b4e3cb3b646828163bf882e3f88379f2f504a276bb0818b9e12a766d5
tcn,electrode,17,bandpass_n20001_cLA_V6_electrode_s0,phase2/results/predictions/full/electrode/tcn/seed_17/bandpass_n20001_cLA_V6_electrode_s0.npz,75885,7d97941f4ef15aa39c4ae145133ca3debfa61c0a5d4b3214f94a32fabfa5a7e4
tcn,electrode,17,bandpass_n20001_cLA_V6_covariance_s20,phase2/results/predictions/full/electrode/tcn/seed_17/bandpass_n20001_cLA_V6_covariance_s20.npz,76427,390a1a3c2b17da41555d7f237a52bc624d837b9a0ce1524126b2831d0460dca2
tcn,electrode,17,bandpass_n20001_cLA_V6_covariance_s15,phase2/results/predictions/full/electrode/tcn/seed_17/bandpass_n20001_cLA_V6_covariance_s15.npz,76437,013a8341f98f2956b5cb38fbd9eb2185bf64ee47d1904ac4e11abfb209d01353
tcn,electrode,17,bandpass_n20001_cLA_V6_covariance_s10,phase2/results/predictions/full/electrode/tcn/seed_17/bandpass_n20001_cLA_V6_covariance_s10.npz,76395,33d03975c8160e4de1f2439c6d30327b6a0b103459991c9563082142dcfb5b19
tcn,electrode,17,bandpass_n20001_cLA_V6_covariance_s5,phase2/results/predictions/full/electrode/tcn/seed_17/bandpass_n20001_cLA_V6_covariance_s5.npz,76249,10a8a1c987a4232f1fc6ee6f8ec8b0afe40824a00dcfc567c30aceb69e82973f
tcn,electrode,17,bandpass_n20001_cLA_V6_covariance_s0,phase2/results/predictions/full/electrode/tcn/seed_17/bandpass_n20001_cLA_V6_covariance_s0.npz,75907,d142c87843bddb1e3079e6aba8fc4c7336f480022574275cd30c1867e6f69420
tcn,electrode,17,bandpass_n20001_cLL_V4_independent_rms_s20,phase2/results/predictions/full/electrode/tcn/seed_17/bandpass_n20001_cLL_V4_independent_rms_s20.npz,76443,f9706145aca6e834811db24668af716001cad49fb268d5d0afbdb11753279bea
tcn,electrode,17,bandpass_n20001_cLL_V4_independent_rms_s15,phase2/results/predictions/full/electrode/tcn/seed_17/bandpass_n20001_cLL_V4_independent_rms_s15.npz,76455,bb73737ae9035601765c9af78c4b9f9481a25a2eff10ddc07de22080d697f5b0
tcn,electrode,17,bandpass_n20001_cLL_V4_independent_rms_s10,phase2/results/predictions/full/electrode/tcn/seed_17/bandpass_n20001_cLL_V4_independent_rms_s10.npz,76408,27aab09cc6458c543116a455f5e75c338ba8193b6290350924f8dd17db9bdecd
tcn,electrode,17,bandpass_n20001_cLL_V4_independent_rms_s5,phase2/results/predictions/full/electrode/tcn/seed_17/bandpass_n20001_cLL_V4_independent_rms_s5.npz,76267,ae4921b084e5b616a8b9c19f680f6af22e772de2faae9339c58fc5fedb58da4d
tcn,electrode,17,bandpass_n20001_cLL_V4_independent_rms_s0,phase2/results/predictions/full/electrode/tcn/seed_17/bandpass_n20001_cLL_V4_independent_rms_s0.npz,75982,8704e740966de82efae1e8a93ad1a94750e541784ef7801e4c1dd54822d72ee6
tcn,electrode,17,bandpass_n20001_cLL_V4_electrode_s20,phase2/results/predictions/full/electrode/tcn/seed_17/bandpass_n20001_cLL_V4_electrode_s20.npz,76455,c9d818d9ab9770e17239959832fae9d4433475eda2bd83422a38b30ea4f9e6e9
tcn,electrode,17,bandpass_n20001_cLL_V4_electrode_s15,phase2/results/predictions/full/electrode/tcn/seed_17/bandpass_n20001_cLL_V4_electrode_s15.npz,76419,5345e6f5305ece4975bd2249bb190b08c736a97f7636bd9da769a23cd8ca2189
tcn,electrode,17,bandpass_n20001_cLL_V4_electrode_s10,phase2/results/predictions/full/electrode/tcn/seed_17/bandpass_n20001_cLL_V4_electrode_s10.npz,76366,2ab3d8041f58634762327c99861a3aeaeb37c69ce10988f23b5a9d8e40f06b01
tcn,electrode,17,bandpass_n20001_cLL_V4_electrode_s5,phase2/results/predictions/full/electrode/tcn/seed_17/bandpass_n20001_cLL_V4_electrode_s5.npz,76259,8b6b13157a1e01934336899c2b451df5030fc161712e07ba6cae6c1bb0a9ffd1
tcn,electrode,17,bandpass_n20001_cLL_V4_electrode_s0,phase2/results/predictions/full/electrode/tcn/seed_17/bandpass_n20001_cLL_V4_electrode_s0.npz,75916,17bfe444f6a422453c97d628ab69e408e247f9a4756c5758f16df2148c03a23b
tcn,electrode,17,bandpass_n20001_cLL_V4_covariance_s20,phase2/results/predictions/full/electrode/tcn/seed_17/bandpass_n20001_cLL_V4_covariance_s20.npz,76449,097c806968ffbdc397a3b3147226f17cce8087bf9dd8087cba48e9296f11d74f
tcn,electrode,17,bandpass_n20001_cLL_V4_covariance_s15,phase2/results/predictions/full/electrode/tcn/seed_17/bandpass_n20001_cLL_V4_covariance_s15.npz,76451,f7e9a552627d817dde18aaa9bfc4f92f54f569855a71ce06e60c033c0661bc95
tcn,electrode,17,bandpass_n20001_cLL_V4_covariance_s10,phase2/results/predictions/full/electrode/tcn/seed_17/bandpass_n20001_cLL_V4_covariance_s10.npz,76406,fd0a8878bb9cb1af8c1c5bd27012ccae85e70b9c4ee705caaaaf87250a074b56
tcn,electrode,17,bandpass_n20001_cLL_V4_covariance_s5,phase2/results/predictions/full/electrode/tcn/seed_17/bandpass_n20001_cLL_V4_covariance_s5.npz,76279,434df026ca03b5c60e06e91fe873234ba1418a788d1548ba861c9f5ea59d5970
tcn,electrode,17,bandpass_n20001_cLL_V4_covariance_s0,phase2/results/predictions/full/electrode/tcn/seed_17/bandpass_n20001_cLL_V4_covariance_s0.npz,75961,f93c4b98406e76efd2a8fd7f0f8578db23377f04559d6cd415f6a37182930932
tcn,electrode,17,bandpass_n20001_cRA_LA_V1_V6_independent_rms_s20,phase2/results/predictions/full/electrode/tcn/seed_17/bandpass_n20001_cRA_LA_V1_V6_independent_rms_s20.npz,76467,93d347096e1cf62dc89375e1eb0143b53e1a67f5d397d484310814035ba27012
tcn,electrode,17,bandpass_n20001_cRA_LA_V1_V6_independent_rms_s15,phase2/results/predictions/full/electrode/tcn/seed_17/bandpass_n20001_cRA_LA_V1_V6_independent_rms_s15.npz,76460,03f8e894a94db54d38428e3bd93f071dffd7689f10f72e806ee5111ebac410a8
tcn,electrode,17,bandpass_n20001_cRA_LA_V1_V6_independent_rms_s10,phase2/results/predictions/full/electrode/tcn/seed_17/bandpass_n20001_cRA_LA_V1_V6_independent_rms_s10.npz,76436,617765dea6db2323d8c6a7cd846012de955301a238e6085ad538409dc9cd42b4
tcn,electrode,17,bandpass_n20001_cRA_LA_V1_V6_independent_rms_s5,phase2/results/predictions/full/electrode/tcn/seed_17/bandpass_n20001_cRA_LA_V1_V6_independent_rms_s5.npz,76308,9283b03545ba934d995a6823f2fba0654aac3aa756a8ef44bb95062c183dce3f
tcn,electrode,17,bandpass_n20001_cRA_LA_V1_V6_independent_rms_s0,phase2/results/predictions/full/electrode/tcn/seed_17/bandpass_n20001_cRA_LA_V1_V6_independent_rms_s0.npz,76040,0aab508e227850aa79f3a8afb514b3e8e0a82dc0f7c7f954a3138847e01e84a1
tcn,electrode,17,bandpass_n20001_cRA_LA_V1_V6_electrode_s20,phase2/results/predictions/full/electrode/tcn/seed_17/bandpass_n20001_cRA_LA_V1_V6_electrode_s20.npz,76474,7103a6a61948f20ee4d47f96d32e71ac4642369f9c07054764b6b41cd9f6b697
tcn,electrode,17,bandpass_n20001_cRA_LA_V1_V6_electrode_s15,phase2/results/predictions/full/electrode/tcn/seed_17/bandpass_n20001_cRA_LA_V1_V6_electrode_s15.npz,76453,db50d9aaec7e44206ab23ec4921d7c99788e5b45408454a26208f66a3ae9fb61
tcn,electrode,17,bandpass_n20001_cRA_LA_V1_V6_electrode_s10,phase2/results/predictions/full/electrode/tcn/seed_17/bandpass_n20001_cRA_LA_V1_V6_electrode_s10.npz,76372,e717aeb0594d2d7fa9c5388cc4a0a5874876b79e0422748d74ba427d94a249b4
tcn,electrode,17,bandpass_n20001_cRA_LA_V1_V6_electrode_s5,phase2/results/predictions/full/electrode/tcn/seed_17/bandpass_n20001_cRA_LA_V1_V6_electrode_s5.npz,76244,c48e82a4efd98d9d15aa5c58454d2965243fb8f9c1f04c0e6a121d985380c90e
tcn,electrode,17,bandpass_n20001_cRA_LA_V1_V6_electrode_s0,phase2/results/predictions/full/electrode/tcn/seed_17/bandpass_n20001_cRA_LA_V1_V6_electrode_s0.npz,75846,41051a7e7372cc2006bd6fa665146af0d72e969dffe104e532417d8624b97f0c
tcn,electrode,17,bandpass_n20001_cRA_LA_V1_V6_covariance_s20,phase2/results/predictions/full/electrode/tcn/seed_17/bandpass_n20001_cRA_LA_V1_V6_covariance_s20.npz,76466,29e442ae3112e1c0132ef63a2457c51c88869e7446b3dd8be78007ca2186b2eb
tcn,electrode,17,bandpass_n20001_cRA_LA_V1_V6_covariance_s15,phase2/results/predictions/full/electrode/tcn/seed_17/bandpass_n20001_cRA_LA_V1_V6_covariance_s15.npz,76430,6067ed5faf4ea2924870af0bff14d3a5844bc88a2ccb7214ae4915827a4b6cdf
tcn,electrode,17,bandpass_n20001_cRA_LA_V1_V6_covariance_s10,phase2/results/predictions/full/electrode/tcn/seed_17/bandpass_n20001_cRA_LA_V1_V6_covariance_s10.npz,76404,e612d74f34cf75035d671967b033f67cc47ed431b46c6c4081a87b67432a7055
tcn,electrode,17,bandpass_n20001_cRA_LA_V1_V6_covariance_s5,phase2/results/predictions/full/electrode/tcn/seed_17/bandpass_n20001_cRA_LA_V1_V6_covariance_s5.npz,76229,7906b947db4ef12d3ca9c1d582dad4025d0209ecd91a38b60ecffba1fcf70b46
tcn,electrode,17,bandpass_n20001_cRA_LA_V1_V6_covariance_s0,phase2/results/predictions/full/electrode/tcn/seed_17/bandpass_n20001_cRA_LA_V1_V6_covariance_s0.npz,75879,9bf1611da3950246aea46cef7d7f6ac4bcbf024c7af7ab38ce3423aaa3064ef1
tcn,electrode,17,bandpass_n20001_cRA_V2_V5_independent_rms_s20,phase2/results/predictions/full/electrode/tcn/seed_17/bandpass_n20001_cRA_V2_V5_independent_rms_s20.npz,76431,736720762fd2219134912d96fdd07b987723114e5aed6d31c2e954324cac3b9c
tcn,electrode,17,bandpass_n20001_cRA_V2_V5_independent_rms_s15,phase2/results/predictions/full/electrode/tcn/seed_17/bandpass_n20001_cRA_V2_V5_independent_rms_s15.npz,76471,cbd4ba7ec4cb0a88f1d5646831802c3405d19739656faeebaaf5c09c0c876d33
tcn,electrode,17,bandpass_n20001_cRA_V2_V5_independent_rms_s10,phase2/results/predictions/full/electrode/tcn/seed_17/bandpass_n20001_cRA_V2_V5_independent_rms_s10.npz,76421,b00e1703ff1f855e698d669c7007c9d51506579a01c9b32432fc6ac2d3058202
tcn,electrode,17,bandpass_n20001_cRA_V2_V5_independent_rms_s5,phase2/results/predictions/full/electrode/tcn/seed_17/bandpass_n20001_cRA_V2_V5_independent_rms_s5.npz,76286,4e080b14d58ee3eb035b712940205d7867792052755dd068ca3e6f4906ddb44b
tcn,electrode,17,bandpass_n20001_cRA_V2_V5_independent_rms_s0,phase2/results/predictions/full/electrode/tcn/seed_17/bandpass_n20001_cRA_V2_V5_independent_rms_s0.npz,75973,fbf1eb8b8375e8ac65b21599612ccab91b94c1a5faae3325441fd02df967cf82
tcn,electrode,17,bandpass_n20001_cRA_V2_V5_electrode_s20,phase2/results/predictions/full/electrode/tcn/seed_17/bandpass_n20001_cRA_V2_V5_electrode_s20.npz,76479,c160e0d40baf34ea99ee7499abb9b699413e57e56143280a88cd582e5007900d
tcn,electrode,17,bandpass_n20001_cRA_V2_V5_electrode_s15,phase2/results/predictions/full/electrode/tcn/seed_17/bandpass_n20001_cRA_V2_V5_electrode_s15.npz,76403,ab2279442747a65888bacc85cdd724df650cc9a2314f4d6200389c0ff3dce92e
tcn,electrode,17,bandpass_n20001_cRA_V2_V5_electrode_s10,phase2/results/predictions/full/electrode/tcn/seed_17/bandpass_n20001_cRA_V2_V5_electrode_s10.npz,76387,a9f327e0efba015c333602d34ba58daa2806c2121378fc38a7e50a68cf15a948
tcn,electrode,17,bandpass_n20001_cRA_V2_V5_electrode_s5,phase2/results/predictions/full/electrode/tcn/seed_17/bandpass_n20001_cRA_V2_V5_electrode_s5.npz,76238,77e33ef39334729da633df09b73d3988ba21b172c403557b95d40fc13ed0ef79
tcn,electrode,17,bandpass_n20001_cRA_V2_V5_electrode_s0,phase2/results/predictions/full/electrode/tcn/seed_17/bandpass_n20001_cRA_V2_V5_electrode_s0.npz,75904,f830e744d92797d63a93017b5b5a1e5cd8db6a2e860a06d572a0534c6515fe9b
tcn,electrode,17,bandpass_n20001_cRA_V2_V5_covariance_s20,phase2/results/predictions/full/electrode/tcn/seed_17/bandpass_n20001_cRA_V2_V5_covariance_s20.npz,76464,41aaa0e781b0c196761b968149357edd73d6d94162664836da697caee0471b45
tcn,electrode,17,bandpass_n20001_cRA_V2_V5_covariance_s15,phase2/results/predictions/full/electrode/tcn/seed_17/bandpass_n20001_cRA_V2_V5_covariance_s15.npz,76424,1fbdc696951a3cc7ef4316c73e103f5e68787ff041ff8f1870607f6e3441878a
tcn,electrode,17,bandpass_n20001_cRA_V2_V5_covariance_s10,phase2/results/predictions/full/electrode/tcn/seed_17/bandpass_n20001_cRA_V2_V5_covariance_s10.npz,76373,13bc1d76fdb554e4bc1b750d6b71cc537738c08ea20a78551cfb6c61dc31f747
tcn,electrode,17,bandpass_n20001_cRA_V2_V5_covariance_s5,phase2/results/predictions/full/electrode/tcn/seed_17/bandpass_n20001_cRA_V2_V5_covariance_s5.npz,76237,f00d79c06d5ec6687d3610302b295f9b95a86502e8340cde85cfd4ed2f6c43e2
tcn,electrode,17,bandpass_n20001_cRA_V2_V5_covariance_s0,phase2/results/predictions/full/electrode/tcn/seed_17/bandpass_n20001_cRA_V2_V5_covariance_s0.npz,75885,09349327ff5b39b2deffd87221f8aa45518d90dc15e786deb6c3b736aa09c3d7
tcn,electrode,17,bandpass_n20001_cLA_V3_V6_independent_rms_s20,phase2/results/predictions/full/electrode/tcn/seed_17/bandpass_n20001_cLA_V3_V6_independent_rms_s20.npz,76458,d2b4c00e9de9858d7458462db4ac54b09af02ad0ede204236cb4f09cde05323e
tcn,electrode,17,bandpass_n20001_cLA_V3_V6_independent_rms_s15,phase2/results/predictions/full/electrode/tcn/seed_17/bandpass_n20001_cLA_V3_V6_independent_rms_s15.npz,76466,0aca38d941c7db37f6d5b05610dcbf2f224c912cf202e5ac23de1ff90835e140
tcn,electrode,17,bandpass_n20001_cLA_V3_V6_independent_rms_s10,phase2/results/predictions/full/electrode/tcn/seed_17/bandpass_n20001_cLA_V3_V6_independent_rms_s10.npz,76440,35e449ad50b4f5390f4d4640b8627c7911c73d3d8538189d4eb2b687853f65cb
tcn,electrode,17,bandpass_n20001_cLA_V3_V6_independent_rms_s5,phase2/results/predictions/full/electrode/tcn/seed_17/bandpass_n20001_cLA_V3_V6_independent_rms_s5.npz,76364,c8017a17f3f4453a0867b96165d99496c3645f14a26fb2ca84826772abefc109
tcn,electrode,17,bandpass_n20001_cLA_V3_V6_independent_rms_s0,phase2/results/predictions/full/electrode/tcn/seed_17/bandpass_n20001_cLA_V3_V6_independent_rms_s0.npz,76071,f8be02360eeda4b2bc3de0b4c46e56a704d6c669c2685bcf3ff1622ec61b50b3
tcn,electrode,17,bandpass_n20001_cLA_V3_V6_electrode_s20,phase2/results/predictions/full/electrode/tcn/seed_17/bandpass_n20001_cLA_V3_V6_electrode_s20.npz,76471,64f11a09074fab46cec06cc38695862ee795f118c45046de084056f20157c6a5
tcn,electrode,17,bandpass_n20001_cLA_V3_V6_electrode_s15,phase2/results/predictions/full/electrode/tcn/seed_17/bandpass_n20001_cLA_V3_V6_electrode_s15.npz,76442,13caf3ca54beabb5490aa8e16b65301040f550bc44b70c365ee91a050cedd813
tcn,electrode,17,bandpass_n20001_cLA_V3_V6_electrode_s10,phase2/results/predictions/full/electrode/tcn/seed_17/bandpass_n20001_cLA_V3_V6_electrode_s10.npz,76407,ee94d432b20e5ea0305744c37656f6da7beebba4a5448e2b7e003ac20a3a3b1b
tcn,electrode,17,bandpass_n20001_cLA_V3_V6_electrode_s5,phase2/results/predictions/full/electrode/tcn/seed_17/bandpass_n20001_cLA_V3_V6_electrode_s5.npz,76269,6ecb9d471103a18679c1f4d30a7c731437a9f9ea2b76b11f71dd2a530238efcc
tcn,electrode,17,bandpass_n20001_cLA_V3_V6_electrode_s0,phase2/results/predictions/full/electrode/tcn/seed_17/bandpass_n20001_cLA_V3_V6_electrode_s0.npz,75873,0814493a15eaa8493925a3cd3aeeff7b076ba1017d4c8ba6e7820f097b870e11
tcn,electrode,17,bandpass_n20001_cLA_V3_V6_covariance_s20,phase2/results/predictions/full/electrode/tcn/seed_17/bandpass_n20001_cLA_V3_V6_covariance_s20.npz,76492,9f3903b5c2434ee09fc60b595c735c48a639a9ee9c3aa0328dc711a5efa77b8d
tcn,electrode,17,bandpass_n20001_cLA_V3_V6_covariance_s15,phase2/results/predictions/full/electrode/tcn/seed_17/bandpass_n20001_cLA_V3_V6_covariance_s15.npz,76453,aa43b0632f47e03b7b1517717c9093ebefa6831ddadebc6c5f7bcae26e3b4899
tcn,electrode,17,bandpass_n20001_cLA_V3_V6_covariance_s10,phase2/results/predictions/full/electrode/tcn/seed_17/bandpass_n20001_cLA_V3_V6_covariance_s10.npz,76405,8ea7766060804236b317eb4cc5747033f99e3ff6510bbd3b0479d23a2ed760c9
tcn,electrode,17,bandpass_n20001_cLA_V3_V6_covariance_s5,phase2/results/predictions/full/electrode/tcn/seed_17/bandpass_n20001_cLA_V3_V6_covariance_s5.npz,76252,8262688b722f15a97e0a50734464323ed2780f4722f615b8414eafc9e21cc307
tcn,electrode,17,bandpass_n20001_cLA_V3_V6_covariance_s0,phase2/results/predictions/full/electrode/tcn/seed_17/bandpass_n20001_cLA_V3_V6_covariance_s0.npz,75965,5c89cb690489dd5800df81100a049a1a0e44190fae9a90fbd0d3c24a65dca86c
tcn,electrode,17,bandpass_n20001_cLL_V1_V4_independent_rms_s20,phase2/results/predictions/full/electrode/tcn/seed_17/bandpass_n20001_cLL_V1_V4_independent_rms_s20.npz,76445,c3a6c653b2a2d4e940405739c65ce503aed4068934bd685623b1d2c77acf166a
tcn,electrode,17,bandpass_n20001_cLL_V1_V4_independent_rms_s15,phase2/results/predictions/full/electrode/tcn/seed_17/bandpass_n20001_cLL_V1_V4_independent_rms_s15.npz,76469,18d2a292ed874b5e36f8a81eeb69b294f10d3a5adae06731fa2864c4d4b7808e
tcn,electrode,17,bandpass_n20001_cLL_V1_V4_independent_rms_s10,phase2/results/predictions/full/electrode/tcn/seed_17/bandpass_n20001_cLL_V1_V4_independent_rms_s10.npz,76424,506296a0f88b3ee32749cd05bc333187696cc93b9b8b8301626b8c3d96543843
tcn,electrode,17,bandpass_n20001_cLL_V1_V4_independent_rms_s5,phase2/results/predictions/full/electrode/tcn/seed_17/bandpass_n20001_cLL_V1_V4_independent_rms_s5.npz,76292,88a7e1cd3258a8f7a5debb386f5618c2feafeb8fba0156724429f8c7afdc5b1d
tcn,electrode,17,bandpass_n20001_cLL_V1_V4_independent_rms_s0,phase2/results/predictions/full/electrode/tcn/seed_17/bandpass_n20001_cLL_V1_V4_independent_rms_s0.npz,75974,f53424cabfb7ab6a08bc628aa5605e20b45f789fe1611fdb270aafe2ccc1c28f
tcn,electrode,17,bandpass_n20001_cLL_V1_V4_electrode_s20,phase2/results/predictions/full/electrode/tcn/seed_17/bandpass_n20001_cLL_V1_V4_electrode_s20.npz,76444,98de6f293ab9bac94de0d25ec8adc7e67fb2e3cf9b71922181e9e1a1d73a63ca
tcn,electrode,17,bandpass_n20001_cLL_V1_V4_electrode_s15,phase2/results/predictions/full/electrode/tcn/seed_17/bandpass_n20001_cLL_V1_V4_electrode_s15.npz,76445,334f17e3df463c16fff28a6b77711d7f402035912ff77d079584b174e99627f4
tcn,electrode,17,bandpass_n20001_cLL_V1_V4_electrode_s10,phase2/results/predictions/full/electrode/tcn/seed_17/bandpass_n20001_cLL_V1_V4_electrode_s10.npz,76386,3d57ea248bb834dc3fe3f22d88020ea6b322a5c6bf998989c8987499b4584288
tcn,electrode,17,bandpass_n20001_cLL_V1_V4_electrode_s5,phase2/results/predictions/full/electrode/tcn/seed_17/bandpass_n20001_cLL_V1_V4_electrode_s5.npz,76249,fff38e18868745af932b29859b188d837ddd9db5acd945b9882f49c0f45579df
tcn,electrode,17,bandpass_n20001_cLL_V1_V4_electrode_s0,phase2/results/predictions/full/electrode/tcn/seed_17/bandpass_n20001_cLL_V1_V4_electrode_s0.npz,75944,ae55cec355ec2a5bb4e675897b3d97c7944f5851698d9146d3f87ce579bd8fc9
tcn,electrode,17,bandpass_n20001_cLL_V1_V4_covariance_s20,phase2/results/predictions/full/electrode/tcn/seed_17/bandpass_n20001_cLL_V1_V4_covariance_s20.npz,76441,18916821df0a17378231da718db8d0752ca15727a5a9e00e8e8c599275ad5eff
tcn,electrode,17,bandpass_n20001_cLL_V1_V4_covariance_s15,phase2/results/predictions/full/electrode/tcn/seed_17/bandpass_n20001_cLL_V1_V4_covariance_s15.npz,76442,acb76f9292bec59296a48f5183fb0d5d99f6976fa967a265a1ba5680ff2529a0
tcn,electrode,17,bandpass_n20001_cLL_V1_V4_covariance_s10,phase2/results/predictions/full/electrode/tcn/seed_17/bandpass_n20001_cLL_V1_V4_covariance_s10.npz,76389,7cbf8c86be490ca46544f6dc919e79aee824669b1dbcb877ec796e2a76224a63
tcn,electrode,17,bandpass_n20001_cLL_V1_V4_covariance_s5,phase2/results/predictions/full/electrode/tcn/seed_17/bandpass_n20001_cLL_V1_V4_covariance_s5.npz,76268,390259d005fb698c4213c224c1a195ba679e03f6beac61a21b5516fc69954baf
tcn,electrode,17,bandpass_n20001_cLL_V1_V4_covariance_s0,phase2/results/predictions/full/electrode/tcn/seed_17/bandpass_n20001_cLL_V1_V4_covariance_s0.npz,75956,96d1c7b2339b8ccaa6e1a2e526420c786d939abc31b87c8b6d4a8b9c912fad82
tcn,electrode,17,bandpass_n20001_call_independent_rms_s20,phase2/results/predictions/full/electrode/tcn/seed_17/bandpass_n20001_call_independent_rms_s20.npz,76437,d3794503e0b22af7bb8486cdbe557134e05a4d20a53ea9ed6e023e6fe587e516
tcn,electrode,17,bandpass_n20001_call_independent_rms_s15,phase2/results/predictions/full/electrode/tcn/seed_17/bandpass_n20001_call_independent_rms_s15.npz,76437,dc1924ca9e5dc9d07f74d8549b60caf5e2df2aa629245b6e4793200bbde6f419
tcn,electrode,17,bandpass_n20001_call_independent_rms_s10,phase2/results/predictions/full/electrode/tcn/seed_17/bandpass_n20001_call_independent_rms_s10.npz,76352,c2f7a2c7fdd706f308b153979314c0067e9d20a097ce59cbb3f372d5aec8a41c
tcn,electrode,17,bandpass_n20001_call_independent_rms_s5,phase2/results/predictions/full/electrode/tcn/seed_17/bandpass_n20001_call_independent_rms_s5.npz,76266,bfd40f4de88e2c2c61c2ad9e2f7cf6c2706099479f02e1dcb0e81ef8445f7086
tcn,electrode,17,bandpass_n20001_call_independent_rms_s0,phase2/results/predictions/full/electrode/tcn/seed_17/bandpass_n20001_call_independent_rms_s0.npz,75963,b05b43411a23a7278d0a03e110c8d1c77105099af5f7d378e8a8768d64f463b4
tcn,electrode,17,bandpass_n20001_call_electrode_s20,phase2/results/predictions/full/electrode/tcn/seed_17/bandpass_n20001_call_electrode_s20.npz,76433,8f535e332896307a0699fcdd9ffb2c5b76dce32a8986522b5e96a71204d9d935
tcn,electrode,17,bandpass_n20001_call_electrode_s15,phase2/results/predictions/full/electrode/tcn/seed_17/bandpass_n20001_call_electrode_s15.npz,76441,33c24f7eff7b1c52b01eca50eaddc0db47bb5d97fbbea4b51765ab82e8982f0b
tcn,electrode,17,bandpass_n20001_call_electrode_s10,phase2/results/predictions/full/electrode/tcn/seed_17/bandpass_n20001_call_electrode_s10.npz,76316,a78a890180ddfc144082d1e0d230751133f1ac861a39f8945a7f58f980a0aad4
tcn,electrode,17,bandpass_n20001_call_electrode_s5,phase2/results/predictions/full/electrode/tcn/seed_17/bandpass_n20001_call_electrode_s5.npz,76211,7ef7e0023cc62b10c07700c237ab88eac0f49a72b1d659e4055501a5947ba8d3
tcn,electrode,17,bandpass_n20001_call_electrode_s0,phase2/results/predictions/full/electrode/tcn/seed_17/bandpass_n20001_call_electrode_s0.npz,75874,62182c86d42777e341607491a44785a6fda06a9f862add0784debe1cff742e68
tcn,electrode,17,bandpass_n20001_call_covariance_s20,phase2/results/predictions/full/electrode/tcn/seed_17/bandpass_n20001_call_covariance_s20.npz,76421,d8cdcba991145c238af0fa603d01fdb60123e9377d60c18e634486c231d4a689
tcn,electrode,17,bandpass_n20001_call_covariance_s15,phase2/results/predictions/full/electrode/tcn/seed_17/bandpass_n20001_call_covariance_s15.npz,76399,dd646ddaa25bdec36ff77f627fcb51bf38c943af1a0c54908729b87ede580dd6
tcn,electrode,17,bandpass_n20001_call_covariance_s10,phase2/results/predictions/full/electrode/tcn/seed_17/bandpass_n20001_call_covariance_s10.npz,76341,00b75be787a9b4248fb9ecdfd2d9e995b4142f1c38bd944609df81deaacd729c
tcn,electrode,17,bandpass_n20001_call_covariance_s5,phase2/results/predictions/full/electrode/tcn/seed_17/bandpass_n20001_call_covariance_s5.npz,76212,d924f6c777d8411dfcf490c6259503a71ac85488ec85c1dcd78cc8187e912b12
tcn,electrode,17,bandpass_n20001_call_covariance_s0,phase2/results/predictions/full/electrode/tcn/seed_17/bandpass_n20001_call_covariance_s0.npz,75876,a04ce9891b68e6dc36653c0b917584ac73bea4ce6e7f314ff5f9b1254ec79d82
tcn,electrode,17,bandpass_n20002_cRA_LA_LL_independent_rms_s20,phase2/results/predictions/full/electrode/tcn/seed_17/bandpass_n20002_cRA_LA_LL_independent_rms_s20.npz,76476,9b9de20a73a8b107a41a1760731ff1e6bc573f4c14981dcfbcac5023b1b96e9c
tcn,electrode,17,bandpass_n20002_cRA_LA_LL_independent_rms_s15,phase2/results/predictions/full/electrode/tcn/seed_17/bandpass_n20002_cRA_LA_LL_independent_rms_s15.npz,76433,9dd2c2af593304afa0eff5faad7fd6e70ccc3f25e6bf8af4e86ae3518b30cde3
tcn,electrode,17,bandpass_n20002_cRA_LA_LL_independent_rms_s10,phase2/results/predictions/full/electrode/tcn/seed_17/bandpass_n20002_cRA_LA_LL_independent_rms_s10.npz,76376,bf12d2423354a3373fec98b460f9faf377efa1675069c3304273f78fd02ebbaa
tcn,electrode,17,bandpass_n20002_cRA_LA_LL_independent_rms_s5,phase2/results/predictions/full/electrode/tcn/seed_17/bandpass_n20002_cRA_LA_LL_independent_rms_s5.npz,76289,102177988e00b865b911c9aa659cefbf507612a977d5ca3265f29af2170e1e2f
tcn,electrode,17,bandpass_n20002_cRA_LA_LL_independent_rms_s0,phase2/results/predictions/full/electrode/tcn/seed_17/bandpass_n20002_cRA_LA_LL_independent_rms_s0.npz,75940,4cb928c87348260d0da11cb5f22883e56d6d5c4b0ebf0595c84c2d0a08baaf54
tcn,electrode,17,bandpass_n20002_cRA_LA_LL_electrode_s20,phase2/results/predictions/full/electrode/tcn/seed_17/bandpass_n20002_cRA_LA_LL_electrode_s20.npz,76447,26ee37fdda00a1b283fcb6835ae809c4240476721ade1133c6dc84b9405d4430
tcn,electrode,17,bandpass_n20002_cRA_LA_LL_electrode_s15,phase2/results/predictions/full/electrode/tcn/seed_17/bandpass_n20002_cRA_LA_LL_electrode_s15.npz,76460,6cd4f6c7ca843230ed1f20c5f8d504a75de957896038d3b38a8c7324fcded3e9
tcn,electrode,17,bandpass_n20002_cRA_LA_LL_electrode_s10,phase2/results/predictions/full/electrode/tcn/seed_17/bandpass_n20002_cRA_LA_LL_electrode_s10.npz,76395,542c09461151c31871641ee703e9b8a278589db239369158c127167bb1c75ac3
tcn,electrode,17,bandpass_n20002_cRA_LA_LL_electrode_s5,phase2/results/predictions/full/electrode/tcn/seed_17/bandpass_n20002_cRA_LA_LL_electrode_s5.npz,76208,016c5f0f7dd87aed7021cf7f5175b273d3d8581fa8a3404a5c68e3e4a4433eb6
tcn,electrode,17,bandpass_n20002_cRA_LA_LL_electrode_s0,phase2/results/predictions/full/electrode/tcn/seed_17/bandpass_n20002_cRA_LA_LL_electrode_s0.npz,75798,b50afd857041043f1f1e2a47e1ff62285c11844f5a76ca87b654ac503a23efc4
tcn,electrode,17,bandpass_n20002_cRA_LA_LL_covariance_s20,phase2/results/predictions/full/electrode/tcn/seed_17/bandpass_n20002_cRA_LA_LL_covariance_s20.npz,76434,ab8fb1aae18ebe07fcebe1420bdbb27459bce51c727b179bb2c75f7e8b51620e
tcn,electrode,17,bandpass_n20002_cRA_LA_LL_covariance_s15,phase2/results/predictions/full/electrode/tcn/seed_17/bandpass_n20002_cRA_LA_LL_covariance_s15.npz,76426,494305906172ba8d2eb31d478b8ea5a566b8869f466bdea5d7e9149071f007fc
tcn,electrode,17,bandpass_n20002_cRA_LA_LL_covariance_s10,phase2/results/predictions/full/electrode/tcn/seed_17/bandpass_n20002_cRA_LA_LL_covariance_s10.npz,76371,53613f645205dae293ae1af124c3fc4b20afcc078a7df8e37356f419cfa60d9f
tcn,electrode,17,bandpass_n20002_cRA_LA_LL_covariance_s5,phase2/results/predictions/full/electrode/tcn/seed_17/bandpass_n20002_cRA_LA_LL_covariance_s5.npz,76166,8b016064d797e7f682586962977c85a14e7fda21ac85aa8da1cc884d95ea2f1b
tcn,electrode,17,bandpass_n20002_cRA_LA_LL_covariance_s0,phase2/results/predictions/full/electrode/tcn/seed_17/bandpass_n20002_cRA_LA_LL_covariance_s0.npz,75762,88f4c2214a90c5fcc061505cc11c72e5069c20349f6de73746c325f980f3611f
tcn,electrode,17,bandpass_n20002_cV1_independent_rms_s20,phase2/results/predictions/full/electrode/tcn/seed_17/bandpass_n20002_cV1_independent_rms_s20.npz,76428,8a23d8dc8d977fea2519886f8c576bc0c9802670419d04b5b1b58364486eeb91
tcn,electrode,17,bandpass_n20002_cV1_independent_rms_s15,phase2/results/predictions/full/electrode/tcn/seed_17/bandpass_n20002_cV1_independent_rms_s15.npz,76421,324c13de2e60694bcc84bcbba2cbc49caf680a476cc4868cea228d93ab07f75d
tcn,electrode,17,bandpass_n20002_cV1_independent_rms_s10,phase2/results/predictions/full/electrode/tcn/seed_17/bandpass_n20002_cV1_independent_rms_s10.npz,76387,49beee2c276158f373ca593da3e5d2ee4a742f4a546001bfcd9c437700dc442a
tcn,electrode,17,bandpass_n20002_cV1_independent_rms_s5,phase2/results/predictions/full/electrode/tcn/seed_17/bandpass_n20002_cV1_independent_rms_s5.npz,76267,e4482ef2b8bcdb5ffe34682be81000b1feab97b3ecf2b4d65775c90d0e0306b9
tcn,electrode,17,bandpass_n20002_cV1_independent_rms_s0,phase2/results/predictions/full/electrode/tcn/seed_17/bandpass_n20002_cV1_independent_rms_s0.npz,76047,351c016a14d7b401864b1b324c8947d392376e262192558ea3d0b872810d382f
tcn,electrode,17,bandpass_n20002_cV1_electrode_s20,phase2/results/predictions/full/electrode/tcn/seed_17/bandpass_n20002_cV1_electrode_s20.npz,76436,6f3f76875f63ced35ea454e433f9ac58733568c319b033987124f0e019d4f027
tcn,electrode,17,bandpass_n20002_cV1_electrode_s15,phase2/results/predictions/full/electrode/tcn/seed_17/bandpass_n20002_cV1_electrode_s15.npz,76407,d87bdb1daf32ec6823f1ff5e0778994dc464b8a2769f7a8d4cfacd96f5fd98cb
tcn,electrode,17,bandpass_n20002_cV1_electrode_s10,phase2/results/predictions/full/electrode/tcn/seed_17/bandpass_n20002_cV1_electrode_s10.npz,76390,41e9ff8249d7d96a24d825fbb33443bb9c6859048649bca69fba4281d3a61c98
tcn,electrode,17,bandpass_n20002_cV1_electrode_s5,phase2/results/predictions/full/electrode/tcn/seed_17/bandpass_n20002_cV1_electrode_s5.npz,76279,fa72c21ef818bb3b75e748d08863fa6611b8edd0ab14f1f5c2995fe717ba935a
tcn,electrode,17,bandpass_n20002_cV1_electrode_s0,phase2/results/predictions/full/electrode/tcn/seed_17/bandpass_n20002_cV1_electrode_s0.npz,76051,db900e041c52877c0b9cc8f2e678bb25f6c69079f26886cfb31e96883b806133
tcn,electrode,17,bandpass_n20002_cV1_covariance_s20,phase2/results/predictions/full/electrode/tcn/seed_17/bandpass_n20002_cV1_covariance_s20.npz,76443,a2f1870deec4447c1a49c56a23bdedc521f6bb0532d03500b87cbbee19411aef
tcn,electrode,17,bandpass_n20002_cV1_covariance_s15,phase2/results/predictions/full/electrode/tcn/seed_17/bandpass_n20002_cV1_covariance_s15.npz,76424,9ff307db812e645aa906a0e50870d28f36934a7b1f9c54839798b8de7e1a6db3
tcn,electrode,17,bandpass_n20002_cV1_covariance_s10,phase2/results/predictions/full/electrode/tcn/seed_17/bandpass_n20002_cV1_covariance_s10.npz,76361,e26b3ff1345fbc993c8dfbed8592a9c34c7085600867b5c52fe02faf16cc6d32
tcn,electrode,17,bandpass_n20002_cV1_covariance_s5,phase2/results/predictions/full/electrode/tcn/seed_17/bandpass_n20002_cV1_covariance_s5.npz,76253,42167d40656def0cd57d872d2ad88be56eb5032aaec1dfccaae04fc7ae0d1262
tcn,electrode,17,bandpass_n20002_cV1_covariance_s0,phase2/results/predictions/full/electrode/tcn/seed_17/bandpass_n20002_cV1_covariance_s0.npz,76077,a12360f86922a0f292932863ab33ffdb82a6b37749dfae981638cb68755f2fe1
tcn,electrode,17,bandpass_n20002_cV2_independent_rms_s20,phase2/results/predictions/full/electrode/tcn/seed_17/bandpass_n20002_cV2_independent_rms_s20.npz,76432,8450698f0ad06f0a413dad0f0afc7f1e46d7ddf37b22626bfdf2c7d92aee4435
tcn,electrode,17,bandpass_n20002_cV2_independent_rms_s15,phase2/results/predictions/full/electrode/tcn/seed_17/bandpass_n20002_cV2_independent_rms_s15.npz,76453,ee7e4d98c62ced2f06ecd8055a80064f49c943f2a7dc0744c9329f449d1b6371
tcn,electrode,17,bandpass_n20002_cV2_independent_rms_s10,phase2/results/predictions/full/electrode/tcn/seed_17/bandpass_n20002_cV2_independent_rms_s10.npz,76397,05ffff5ca6a4916249a422e9a9ac425cb0d3b418f75ae15182d0528e95f8bafe
tcn,electrode,17,bandpass_n20002_cV2_independent_rms_s5,phase2/results/predictions/full/electrode/tcn/seed_17/bandpass_n20002_cV2_independent_rms_s5.npz,76337,ecd167fa3ecfa473e2c4440b5d81f476e6e978d185e8b1121335fc5d27fafa2a
tcn,electrode,17,bandpass_n20002_cV2_independent_rms_s0,phase2/results/predictions/full/electrode/tcn/seed_17/bandpass_n20002_cV2_independent_rms_s0.npz,76124,de6f50c8e1c358d2e35717ae36802553be71170d1c87479317dd9cf76645bdee
tcn,electrode,17,bandpass_n20002_cV2_electrode_s20,phase2/results/predictions/full/electrode/tcn/seed_17/bandpass_n20002_cV2_electrode_s20.npz,76418,453d58708489999a9f2e07b7a9c7b9574335988922f80cb0d4ff952335fe6605
tcn,electrode,17,bandpass_n20002_cV2_electrode_s15,phase2/results/predictions/full/electrode/tcn/seed_17/bandpass_n20002_cV2_electrode_s15.npz,76412,4a4a9194d4916dded60608054c911deadc5e6618ddd27583a3b8617bca5dafaf
tcn,electrode,17,bandpass_n20002_cV2_electrode_s10,phase2/results/predictions/full/electrode/tcn/seed_17/bandpass_n20002_cV2_electrode_s10.npz,76397,52454cc78f562fa572cbdb4f425f11fd48cdb72fb32f1c7442984842d04cc40f
tcn,electrode,17,bandpass_n20002_cV2_electrode_s5,phase2/results/predictions/full/electrode/tcn/seed_17/bandpass_n20002_cV2_electrode_s5.npz,76282,10416c07be53dcaf356ff979edfa15e694ff821d60dbe9292e0e549773175934
tcn,electrode,17,bandpass_n20002_cV2_electrode_s0,phase2/results/predictions/full/electrode/tcn/seed_17/bandpass_n20002_cV2_electrode_s0.npz,76112,309f2043f963112716db562eb373997c6cf01ddc8b32954ad2a4fb466fb9ff60
tcn,electrode,17,bandpass_n20002_cV2_covariance_s20,phase2/results/predictions/full/electrode/tcn/seed_17/bandpass_n20002_cV2_covariance_s20.npz,76419,e5bb3b3a765e735ec5c2896002da1c0069df91d8049446901f8e232a1252a9fb
tcn,electrode,17,bandpass_n20002_cV2_covariance_s15,phase2/results/predictions/full/electrode/tcn/seed_17/bandpass_n20002_cV2_covariance_s15.npz,76442,867d1afe3704cce98899fe1feab99dc1e92c8a2b35a8b8b1708668417955bc21
tcn,electrode,17,bandpass_n20002_cV2_covariance_s10,phase2/results/predictions/full/electrode/tcn/seed_17/bandpass_n20002_cV2_covariance_s10.npz,76375,2d69308f89763b15df19c0a0b2340d845d4fe1b40cd4cdcd110a6018bfea607f
tcn,electrode,17,bandpass_n20002_cV2_covariance_s5,phase2/results/predictions/full/electrode/tcn/seed_17/bandpass_n20002_cV2_covariance_s5.npz,76291,eed81b6266d26eb7c680e04d1a7cc760844c30bb50b00b397cb7c91225f1ba11
tcn,electrode,17,bandpass_n20002_cV2_covariance_s0,phase2/results/predictions/full/electrode/tcn/seed_17/bandpass_n20002_cV2_covariance_s0.npz,76080,3162f338472120a21fa403f8134c8f1b2a13a6cbcc8ddef629824bddbb7b35e0
tcn,electrode,17,bandpass_n20002_cV3_independent_rms_s20,phase2/results/predictions/full/electrode/tcn/seed_17/bandpass_n20002_cV3_independent_rms_s20.npz,76461,44d35773d75678a0cee7ea5f5abaeaa75fe1e97bfa91ad5d67ebff1f034ce762
tcn,electrode,17,bandpass_n20002_cV3_independent_rms_s15,phase2/results/predictions/full/electrode/tcn/seed_17/bandpass_n20002_cV3_independent_rms_s15.npz,76451,ffa00560179cf74c2015ec787c45f32fb237fbf2e233dd0dbd9e652f047462e6
tcn,electrode,17,bandpass_n20002_cV3_independent_rms_s10,phase2/results/predictions/full/electrode/tcn/seed_17/bandpass_n20002_cV3_independent_rms_s10.npz,76400,bb056b34c81622748408e4a8f79f34cfea7e67c5ada93a1a14a6e7b5e3b9eed9
tcn,electrode,17,bandpass_n20002_cV3_independent_rms_s5,phase2/results/predictions/full/electrode/tcn/seed_17/bandpass_n20002_cV3_independent_rms_s5.npz,76319,01f0df37bc41f4f21ef36ab88769c55df0d296caba52e316780a073859e04f48
tcn,electrode,17,bandpass_n20002_cV3_independent_rms_s0,phase2/results/predictions/full/electrode/tcn/seed_17/bandpass_n20002_cV3_independent_rms_s0.npz,76023,af7c341d78278ac3ef7ce832ed4f6a9f447678fcfa382eb54b9d480db8eb75f7
tcn,electrode,17,bandpass_n20002_cV3_electrode_s20,phase2/results/predictions/full/electrode/tcn/seed_17/bandpass_n20002_cV3_electrode_s20.npz,76430,b8eeb5020b15a152776f53d0a58ae7d2f215ba458f984bcf901dec45d074e305
tcn,electrode,17,bandpass_n20002_cV3_electrode_s15,phase2/results/predictions/full/electrode/tcn/seed_17/bandpass_n20002_cV3_electrode_s15.npz,76429,5a2497e774a04b17a85dfcfe67c9fea4b9aee761b7705ea204a67ea2eb8173c6
tcn,electrode,17,bandpass_n20002_cV3_electrode_s10,phase2/results/predictions/full/electrode/tcn/seed_17/bandpass_n20002_cV3_electrode_s10.npz,76389,ae320fd174a4fee1bf87168b3d92c01d207c7f092e7dea602f0a34216bc94f1c
tcn,electrode,17,bandpass_n20002_cV3_electrode_s5,phase2/results/predictions/full/electrode/tcn/seed_17/bandpass_n20002_cV3_electrode_s5.npz,76273,fbea6e5a56733a90f96e90f96833a258e0cca83fdaef34f4fe561cd64a38a086
tcn,electrode,17,bandpass_n20002_cV3_electrode_s0,phase2/results/predictions/full/electrode/tcn/seed_17/bandpass_n20002_cV3_electrode_s0.npz,76044,c05f062cf84a4633dc24a4c9a92950e273005a10e02dc6d64b2db05ef0e1a6a6
tcn,electrode,17,bandpass_n20002_cV3_covariance_s20,phase2/results/predictions/full/electrode/tcn/seed_17/bandpass_n20002_cV3_covariance_s20.npz,76462,c183b12db35b7d76237042b506ec6c16ad3ba443f7f9565c5725e08cdfd920a7
tcn,electrode,17,bandpass_n20002_cV3_covariance_s15,phase2/results/predictions/full/electrode/tcn/seed_17/bandpass_n20002_cV3_covariance_s15.npz,76420,78927b46c4e9b40880dfc52c17ea5062abb6418e219b56cb175b1f9b5be5eeec
tcn,electrode,17,bandpass_n20002_cV3_covariance_s10,phase2/results/predictions/full/electrode/tcn/seed_17/bandpass_n20002_cV3_covariance_s10.npz,76398,10caf4381c69ec3ebe335b11d87f0e1a296c0739af6ecfe55a328834eeaede10
tcn,electrode,17,bandpass_n20002_cV3_covariance_s5,phase2/results/predictions/full/electrode/tcn/seed_17/bandpass_n20002_cV3_covariance_s5.npz,76319,3f1862bac4c6da50c4bb71eb63e16aad7a398903fe3db006ac1da6318904cb78
tcn,electrode,17,bandpass_n20002_cV3_covariance_s0,phase2/results/predictions/full/electrode/tcn/seed_17/bandpass_n20002_cV3_covariance_s0.npz,76017,62070e83d306237699e8b692eff8a78a29219a1889459da9feb32fdd75c99ee6
tcn,electrode,17,bandpass_n20002_cV4_independent_rms_s20,phase2/results/predictions/full/electrode/tcn/seed_17/bandpass_n20002_cV4_independent_rms_s20.npz,76444,37d4b5a829d8714ee2cbad2659ee2f2de4937ae04a5feb66e62f29784e9c5dd9
tcn,electrode,17,bandpass_n20002_cV4_independent_rms_s15,phase2/results/predictions/full/electrode/tcn/seed_17/bandpass_n20002_cV4_independent_rms_s15.npz,76436,20e3a1d42cf737868bd260999fb1b8f1f42929fb768e299a00853d402f49b2f8
tcn,electrode,17,bandpass_n20002_cV4_independent_rms_s10,phase2/results/predictions/full/electrode/tcn/seed_17/bandpass_n20002_cV4_independent_rms_s10.npz,76423,9ab6c5682d5ea992e73ba69a202a2d264e42f6858a63f90a8942d10cfdd43d4b
tcn,electrode,17,bandpass_n20002_cV4_independent_rms_s5,phase2/results/predictions/full/electrode/tcn/seed_17/bandpass_n20002_cV4_independent_rms_s5.npz,76433,e649072413bdb76360d461e629172939ebd138462404784adf71049fbedb51e5
tcn,electrode,17,bandpass_n20002_cV4_independent_rms_s0,phase2/results/predictions/full/electrode/tcn/seed_17/bandpass_n20002_cV4_independent_rms_s0.npz,76288,962b3bc2c2f47f78bf5eeebd2bbd81361ee470473921883625c8729cfc94afc8
tcn,electrode,17,bandpass_n20002_cV4_electrode_s20,phase2/results/predictions/full/electrode/tcn/seed_17/bandpass_n20002_cV4_electrode_s20.npz,76425,2ffb8a402c7676bece9a3ad11784270725fb2ab5c2607616bfb11cf6c01c8018
tcn,electrode,17,bandpass_n20002_cV4_electrode_s15,phase2/results/predictions/full/electrode/tcn/seed_17/bandpass_n20002_cV4_electrode_s15.npz,76462,cc8e96a58e5e292051cc89346fab2524884a89f98ceb513ad904640c7aac9a16
tcn,electrode,17,bandpass_n20002_cV4_electrode_s10,phase2/results/predictions/full/electrode/tcn/seed_17/bandpass_n20002_cV4_electrode_s10.npz,76427,458cb7b610d2492eb1d93b19d4ce394851f0d64e56e461fff8b250648fafa2dc
tcn,electrode,17,bandpass_n20002_cV4_electrode_s5,phase2/results/predictions/full/electrode/tcn/seed_17/bandpass_n20002_cV4_electrode_s5.npz,76360,256530d8759d28f3370b6f4764943847d6dc2693f4d09fea75a0f7ef093ff87c
tcn,electrode,17,bandpass_n20002_cV4_electrode_s0,phase2/results/predictions/full/electrode/tcn/seed_17/bandpass_n20002_cV4_electrode_s0.npz,76274,5d922cc82e01f07218bbebe9f19549bef5f5458bd779080bfe88e0c93ca062aa
tcn,electrode,17,bandpass_n20002_cV4_covariance_s20,phase2/results/predictions/full/electrode/tcn/seed_17/bandpass_n20002_cV4_covariance_s20.npz,76405,b9a6ed10276aea17ddbedfba1d584aebbb01d38a6db10ab128f0c780023c4112
tcn,electrode,17,bandpass_n20002_cV4_covariance_s15,phase2/results/predictions/full/electrode/tcn/seed_17/bandpass_n20002_cV4_covariance_s15.npz,76439,ccfe371e35e07d2bb367a4ab00b74ffae7e1a6baf39f074a19cfcd0677ae3b48
tcn,electrode,17,bandpass_n20002_cV4_covariance_s10,phase2/results/predictions/full/electrode/tcn/seed_17/bandpass_n20002_cV4_covariance_s10.npz,76412,9a787448f867b6769ae46ea123df48b9b2841da628f3bfcca79572b3788b406e
tcn,electrode,17,bandpass_n20002_cV4_covariance_s5,phase2/results/predictions/full/electrode/tcn/seed_17/bandpass_n20002_cV4_covariance_s5.npz,76400,2e5c30943bd8e13a28430badc7199f205579cb145c8b77dd54d6cf39ea351f8d
tcn,electrode,17,bandpass_n20002_cV4_covariance_s0,phase2/results/predictions/full/electrode/tcn/seed_17/bandpass_n20002_cV4_covariance_s0.npz,76266,dff83c716d472f3415eb1e384bd091005fd2d4274bd6fc990b9a4d2a1cda4139
tcn,electrode,17,bandpass_n20002_cV5_independent_rms_s20,phase2/results/predictions/full/electrode/tcn/seed_17/bandpass_n20002_cV5_independent_rms_s20.npz,76464,1a6ff6c447ddcdd5f0670b2bff0044ee881b7d9c752c5009f017b473e3fc19ef
tcn,electrode,17,bandpass_n20002_cV5_independent_rms_s15,phase2/results/predictions/full/electrode/tcn/seed_17/bandpass_n20002_cV5_independent_rms_s15.npz,76427,cdbd3ccfc770433de0153bfecf533c0e8df27ce22a3454b97cc711401244a873
tcn,electrode,17,bandpass_n20002_cV5_independent_rms_s10,phase2/results/predictions/full/electrode/tcn/seed_17/bandpass_n20002_cV5_independent_rms_s10.npz,76392,b6881c9a8dfec2138537a15bbf664c26074c4d1a7a36ad5d1c3307121cab6fc0
tcn,electrode,17,bandpass_n20002_cV5_independent_rms_s5,phase2/results/predictions/full/electrode/tcn/seed_17/bandpass_n20002_cV5_independent_rms_s5.npz,76303,ee6a20f720334fa2e07ec8cdefc2b8ac8e0c3637e775b9e323c10b0188e667aa
tcn,electrode,17,bandpass_n20002_cV5_independent_rms_s0,phase2/results/predictions/full/electrode/tcn/seed_17/bandpass_n20002_cV5_independent_rms_s0.npz,76124,fc0a07a090b9ba4f144c1840a9d17e5aa0f0981ecf54724abc80cfeee54541c1
tcn,electrode,17,bandpass_n20002_cV5_electrode_s20,phase2/results/predictions/full/electrode/tcn/seed_17/bandpass_n20002_cV5_electrode_s20.npz,76432,c60ea8d1341a2e48d4d226f236a7bfbd6f863752745a97a0f737c9a7aacb4449
tcn,electrode,17,bandpass_n20002_cV5_electrode_s15,phase2/results/predictions/full/electrode/tcn/seed_17/bandpass_n20002_cV5_electrode_s15.npz,76421,8f4c36abb92d483846523a9f807ab603c03a56d3bb0f3f44a944ef3c2fde3d1f
tcn,electrode,17,bandpass_n20002_cV5_electrode_s10,phase2/results/predictions/full/electrode/tcn/seed_17/bandpass_n20002_cV5_electrode_s10.npz,76422,46dc3570ea9ee0b3c35141b64a6ad6b1ccd77019867d1b650acf0a5a5d871b7e
tcn,electrode,17,bandpass_n20002_cV5_electrode_s5,phase2/results/predictions/full/electrode/tcn/seed_17/bandpass_n20002_cV5_electrode_s5.npz,76322,88a9436bc7ce8fb1cb26b2fd647998243cc7b05b861e99a5a057762a79cdf0e5
tcn,electrode,17,bandpass_n20002_cV5_electrode_s0,phase2/results/predictions/full/electrode/tcn/seed_17/bandpass_n20002_cV5_electrode_s0.npz,76113,e197ef5171e387a5ce392320e06e31d57f8cba92cce11d8d52a1ab1daa4d0e20
tcn,electrode,17,bandpass_n20002_cV5_covariance_s20,phase2/results/predictions/full/electrode/tcn/seed_17/bandpass_n20002_cV5_covariance_s20.npz,76474,d02d467492275a03a171354157bc018983d4eea51947228a74150cf63f56fcb5
tcn,electrode,17,bandpass_n20002_cV5_covariance_s15,phase2/results/predictions/full/electrode/tcn/seed_17/bandpass_n20002_cV5_covariance_s15.npz,76423,b8a54ae48b91385c2fbdf8a171b5cd608a93e60887e0167c528929913f5ce2c6
tcn,electrode,17,bandpass_n20002_cV5_covariance_s10,phase2/results/predictions/full/electrode/tcn/seed_17/bandpass_n20002_cV5_covariance_s10.npz,76372,f28580b1a712a180d95b6aee45a445b3bd9d301c3cd563b87aa4039b8179545e
tcn,electrode,17,bandpass_n20002_cV5_covariance_s5,phase2/results/predictions/full/electrode/tcn/seed_17/bandpass_n20002_cV5_covariance_s5.npz,76318,df95078a9e43337167ddf110072db5c7a5c24601e703efc9878df5821bb9b20b
tcn,electrode,17,bandpass_n20002_cV5_covariance_s0,phase2/results/predictions/full/electrode/tcn/seed_17/bandpass_n20002_cV5_covariance_s0.npz,76099,ac875597dc635b60aebd9a75054bd78386a3c8eac37484421dfbafad8b1a458b
tcn,electrode,17,bandpass_n20002_cV6_independent_rms_s20,phase2/results/predictions/full/electrode/tcn/seed_17/bandpass_n20002_cV6_independent_rms_s20.npz,76439,d6e1f73642da5c2c44eb2e6cb678a26beed0791364b13f8c10bd4c66ba67533b
tcn,electrode,17,bandpass_n20002_cV6_independent_rms_s15,phase2/results/predictions/full/electrode/tcn/seed_17/bandpass_n20002_cV6_independent_rms_s15.npz,76451,566f41bee8b50ba8d589691c89054356cbcb4ba4ff34878fb1ae0e51416d53c5
tcn,electrode,17,bandpass_n20002_cV6_independent_rms_s10,phase2/results/predictions/full/electrode/tcn/seed_17/bandpass_n20002_cV6_independent_rms_s10.npz,76415,240e7185c3419832f55c200bd3d628269d5bcdb38033b9a9bf6d2229ec68b9d7
tcn,electrode,17,bandpass_n20002_cV6_independent_rms_s5,phase2/results/predictions/full/electrode/tcn/seed_17/bandpass_n20002_cV6_independent_rms_s5.npz,76300,8a2681cb397ef9761877b19a0098b5bb973eb7002f0c104bb67dacba6c16e863
tcn,electrode,17,bandpass_n20002_cV6_independent_rms_s0,phase2/results/predictions/full/electrode/tcn/seed_17/bandpass_n20002_cV6_independent_rms_s0.npz,76013,18723c33c2c959b3fc26ddc05c0708c85c864d17f1f922b4b46611d76135dfb1
tcn,electrode,17,bandpass_n20002_cV6_electrode_s20,phase2/results/predictions/full/electrode/tcn/seed_17/bandpass_n20002_cV6_electrode_s20.npz,76414,1b60b839cd4bcb80f054eb93d773fb5ff62dc6d92626401623cc8e788d8ba7c8
tcn,electrode,17,bandpass_n20002_cV6_electrode_s15,phase2/results/predictions/full/electrode/tcn/seed_17/bandpass_n20002_cV6_electrode_s15.npz,76436,319aa534c78e0e3efd8fb52ceb8595aedcb182626c742eb2373d35459f75d377
tcn,electrode,17,bandpass_n20002_cV6_electrode_s10,phase2/results/predictions/full/electrode/tcn/seed_17/bandpass_n20002_cV6_electrode_s10.npz,76408,8ead163265ec591ceccd441d5ec75e81236794fd35a2c1c1e10f34a3c4f04b23
tcn,electrode,17,bandpass_n20002_cV6_electrode_s5,phase2/results/predictions/full/electrode/tcn/seed_17/bandpass_n20002_cV6_electrode_s5.npz,76279,f59103f5db8e0f0f8d970b8bcada310e947bf95a6fb707bcb2df8e75e7923d5d
tcn,electrode,17,bandpass_n20002_cV6_electrode_s0,phase2/results/predictions/full/electrode/tcn/seed_17/bandpass_n20002_cV6_electrode_s0.npz,76027,bbb5823c19ad7101ae0f835402a531593105811535c097516f4bcc0f72b756b7
tcn,electrode,17,bandpass_n20002_cV6_covariance_s20,phase2/results/predictions/full/electrode/tcn/seed_17/bandpass_n20002_cV6_covariance_s20.npz,76451,b6a06898bd2e987b49f2d9b0ef0daa550afcc16714ee5d7d90c0f723023e372d
tcn,electrode,17,bandpass_n20002_cV6_covariance_s15,phase2/results/predictions/full/electrode/tcn/seed_17/bandpass_n20002_cV6_covariance_s15.npz,76414,9122d0a5523c842839e353df008e97e922f744bce7c87b54f8e637a7a6556d46
tcn,electrode,17,bandpass_n20002_cV6_covariance_s10,phase2/results/predictions/full/electrode/tcn/seed_17/bandpass_n20002_cV6_covariance_s10.npz,76394,7cb96938a92bb1aa3558cde5f47b6d816051d3639393955b8b1e172666cdaced
tcn,electrode,17,bandpass_n20002_cV6_covariance_s5,phase2/results/predictions/full/electrode/tcn/seed_17/bandpass_n20002_cV6_covariance_s5.npz,76305,3266fbada63dbd72562f7e8dc129e500f47c8e9fb469a81334fa20d7328d4392
tcn,electrode,17,bandpass_n20002_cV6_covariance_s0,phase2/results/predictions/full/electrode/tcn/seed_17/bandpass_n20002_cV6_covariance_s0.npz,75993,7087d6fb2d4ff0e53dfdf92c0b4539db48f4d2b2d61cda4992c838833cb48970
tcn,electrode,17,bandpass_n20002_cRA_LA_independent_rms_s20,phase2/results/predictions/full/electrode/tcn/seed_17/bandpass_n20002_cRA_LA_independent_rms_s20.npz,76468,0cafd5f00effd1a13612f1412f7c74bf585f3129a5019237e41f00a8c144f1cc
tcn,electrode,17,bandpass_n20002_cRA_LA_independent_rms_s15,phase2/results/predictions/full/electrode/tcn/seed_17/bandpass_n20002_cRA_LA_independent_rms_s15.npz,76447,18bfe4d46597cdf5ebbbfbd558311356a1b8e04445ba6c580da74e58bdcb98bf
tcn,electrode,17,bandpass_n20002_cRA_LA_independent_rms_s10,phase2/results/predictions/full/electrode/tcn/seed_17/bandpass_n20002_cRA_LA_independent_rms_s10.npz,76384,375bb991d5efb0c099f1be379005e0f21abc237c21f129879d71fbebd63cba64
tcn,electrode,17,bandpass_n20002_cRA_LA_independent_rms_s5,phase2/results/predictions/full/electrode/tcn/seed_17/bandpass_n20002_cRA_LA_independent_rms_s5.npz,76258,2a6b5ff9ec1260ab092b7533c3e1ff2a2494dd392549b47e0d750238f9168498
tcn,electrode,17,bandpass_n20002_cRA_LA_independent_rms_s0,phase2/results/predictions/full/electrode/tcn/seed_17/bandpass_n20002_cRA_LA_independent_rms_s0.npz,76004,97b5960956378837015b2808c8079b6861e943d6b1f79832c3004b1cdf9c8b05
tcn,electrode,17,bandpass_n20002_cRA_LA_electrode_s20,phase2/results/predictions/full/electrode/tcn/seed_17/bandpass_n20002_cRA_LA_electrode_s20.npz,76416,81ce6244ac071d870ff2fb7442a79abe764f245aaa4c6f73dfb71e2a0e390696
tcn,electrode,17,bandpass_n20002_cRA_LA_electrode_s15,phase2/results/predictions/full/electrode/tcn/seed_17/bandpass_n20002_cRA_LA_electrode_s15.npz,76412,ba94a015e8adc6269bb3639fdc894a2752aba2e65ab5015a78b95fb8d66aa36f
tcn,electrode,17,bandpass_n20002_cRA_LA_electrode_s10,phase2/results/predictions/full/electrode/tcn/seed_17/bandpass_n20002_cRA_LA_electrode_s10.npz,76387,2138ece6523d4737d346443cb64b3217f69d4d4a33c88e643746b9e76b52a70c
tcn,electrode,17,bandpass_n20002_cRA_LA_electrode_s5,phase2/results/predictions/full/electrode/tcn/seed_17/bandpass_n20002_cRA_LA_electrode_s5.npz,76167,c5cc537580fa6885e7c5194c12e23703ac2222efde8cd472ba6c7cc16d4e976c
tcn,electrode,17,bandpass_n20002_cRA_LA_electrode_s0,phase2/results/predictions/full/electrode/tcn/seed_17/bandpass_n20002_cRA_LA_electrode_s0.npz,75778,4e3ad47545801320322c87e0b5dc4b147be7b51fc607d708cf464735ccb1c1f9
tcn,electrode,17,bandpass_n20002_cRA_LA_covariance_s20,phase2/results/predictions/full/electrode/tcn/seed_17/bandpass_n20002_cRA_LA_covariance_s20.npz,76413,d3af521e1e5a41e1f28cd8f889b4f82b79750c197acc4ffac536bed2abebeee3
tcn,electrode,17,bandpass_n20002_cRA_LA_covariance_s15,phase2/results/predictions/full/electrode/tcn/seed_17/bandpass_n20002_cRA_LA_covariance_s15.npz,76418,e7634c70b4189333c9cd73f68ff7026b71e1cb27608baace6e97230ec7e2438e
tcn,electrode,17,bandpass_n20002_cRA_LA_covariance_s10,phase2/results/predictions/full/electrode/tcn/seed_17/bandpass_n20002_cRA_LA_covariance_s10.npz,76380,1b2a67daffca54e101d604766fae4b8dfefb6cde368995b5a36489276c452bf6
tcn,electrode,17,bandpass_n20002_cRA_LA_covariance_s5,phase2/results/predictions/full/electrode/tcn/seed_17/bandpass_n20002_cRA_LA_covariance_s5.npz,76203,8a12816c4286138581ad3a925f6776ed537646e905e3a90d690368c31aa41d3a
tcn,electrode,17,bandpass_n20002_cRA_LA_covariance_s0,phase2/results/predictions/full/electrode/tcn/seed_17/bandpass_n20002_cRA_LA_covariance_s0.npz,75767,ca8e3d8cf3f94f892cb41d850532cbdf36655b708776a5471c6bc1ebc497abb7
tcn,electrode,17,bandpass_n20002_cLA_LL_independent_rms_s20,phase2/results/predictions/full/electrode/tcn/seed_17/bandpass_n20002_cLA_LL_independent_rms_s20.npz,76473,4aa3f4e95e0a211bc2d5e09ec58aec11dbf171483fe80b2bbf057290852fff6e
tcn,electrode,17,bandpass_n20002_cLA_LL_independent_rms_s15,phase2/results/predictions/full/electrode/tcn/seed_17/bandpass_n20002_cLA_LL_independent_rms_s15.npz,76449,ab564fc635484a99338939f5338b217db0cf562204c4bfe9981d26e8e0894bc1
tcn,electrode,17,bandpass_n20002_cLA_LL_independent_rms_s10,phase2/results/predictions/full/electrode/tcn/seed_17/bandpass_n20002_cLA_LL_independent_rms_s10.npz,76414,3ed7dc2c59c7c836c5402a821feaf005400e9698734b1ca57de02884f416facb
tcn,electrode,17,bandpass_n20002_cLA_LL_independent_rms_s5,phase2/results/predictions/full/electrode/tcn/seed_17/bandpass_n20002_cLA_LL_independent_rms_s5.npz,76278,c0ae45e5371081a816033e4d97e2509f0a2166e4ebd7016ece5ba02714478898
tcn,electrode,17,bandpass_n20002_cLA_LL_independent_rms_s0,phase2/results/predictions/full/electrode/tcn/seed_17/bandpass_n20002_cLA_LL_independent_rms_s0.npz,75981,54c86a35f03e9bcce3cca15cbfffad0ea92a64ba04f22d89e51588aee5bc814a
tcn,electrode,17,bandpass_n20002_cLA_LL_electrode_s20,phase2/results/predictions/full/electrode/tcn/seed_17/bandpass_n20002_cLA_LL_electrode_s20.npz,76434,24d5023f094fe22d8cf769089d075faf7103aebc1e687db14ab365c0f1a4f0c2
tcn,electrode,17,bandpass_n20002_cLA_LL_electrode_s15,phase2/results/predictions/full/electrode/tcn/seed_17/bandpass_n20002_cLA_LL_electrode_s15.npz,76435,202200a208d20a92c75e2260fe5574c57047ec6aaabbe37497e44502317cad8f
tcn,electrode,17,bandpass_n20002_cLA_LL_electrode_s10,phase2/results/predictions/full/electrode/tcn/seed_17/bandpass_n20002_cLA_LL_electrode_s10.npz,76378,2a5d3de167545a3900a6496ac41acef574a23a40e366beb5608abdbebf99764f
tcn,electrode,17,bandpass_n20002_cLA_LL_electrode_s5,phase2/results/predictions/full/electrode/tcn/seed_17/bandpass_n20002_cLA_LL_electrode_s5.npz,76208,716581242830259835ac0422dd59d4bed9a9808571df84abb2d6e09efea5bde6
tcn,electrode,17,bandpass_n20002_cLA_LL_electrode_s0,phase2/results/predictions/full/electrode/tcn/seed_17/bandpass_n20002_cLA_LL_electrode_s0.npz,75875,e767a1976a5acb231048307c05d870e39d10fb0bf084ea3f4e71b4efeae99a78
tcn,electrode,17,bandpass_n20002_cLA_LL_covariance_s20,phase2/results/predictions/full/electrode/tcn/seed_17/bandpass_n20002_cLA_LL_covariance_s20.npz,76468,325789e0789b097cafaaea626da437acc481a6a14c950796129c9e735ceb831e
tcn,electrode,17,bandpass_n20002_cLA_LL_covariance_s15,phase2/results/predictions/full/electrode/tcn/seed_17/bandpass_n20002_cLA_LL_covariance_s15.npz,76437,ecb69c7479c69ea7aaf50ba350520ec06c4877ea08b723c9f92b9d7c74e6abd6
tcn,electrode,17,bandpass_n20002_cLA_LL_covariance_s10,phase2/results/predictions/full/electrode/tcn/seed_17/bandpass_n20002_cLA_LL_covariance_s10.npz,76382,253ab6f2602671792bb1f4d5d6b3354ed0918dc6d26521f274c21afb11745d29
tcn,electrode,17,bandpass_n20002_cLA_LL_covariance_s5,phase2/results/predictions/full/electrode/tcn/seed_17/bandpass_n20002_cLA_LL_covariance_s5.npz,76210,e4725edb284f6a61c0923f044e2b869983b817e1a51f99566e8878e7146b6ec4
tcn,electrode,17,bandpass_n20002_cLA_LL_covariance_s0,phase2/results/predictions/full/electrode/tcn/seed_17/bandpass_n20002_cLA_LL_covariance_s0.npz,75847,8b68d903d243c8a9dd0aad7d97569a4eec3bef5912ca565b688bea1b42c98ffc
tcn,electrode,17,bandpass_n20002_cRA_LL_independent_rms_s20,phase2/results/predictions/full/electrode/tcn/seed_17/bandpass_n20002_cRA_LL_independent_rms_s20.npz,76479,c7c24bb6372f0053f5c58f053e8d79b63238661dc46c68a3821ba27d6051b9c8
tcn,electrode,17,bandpass_n20002_cRA_LL_independent_rms_s15,phase2/results/predictions/full/electrode/tcn/seed_17/bandpass_n20002_cRA_LL_independent_rms_s15.npz,76423,e5f3f086a88f0da6970504b4b0272da92416d7d2cdf63184ee2c2940c7f3d460
tcn,electrode,17,bandpass_n20002_cRA_LL_independent_rms_s10,phase2/results/predictions/full/electrode/tcn/seed_17/bandpass_n20002_cRA_LL_independent_rms_s10.npz,76401,fa49b6031ae922e0942618e54552fb5ee7f81ec7a09ad87adf5395db59f43cca
tcn,electrode,17,bandpass_n20002_cRA_LL_independent_rms_s5,phase2/results/predictions/full/electrode/tcn/seed_17/bandpass_n20002_cRA_LL_independent_rms_s5.npz,76292,9432c1a0fb3049486420d067c5024da50c710c8c65f8e2454c70a6cfbe3e79ee
tcn,electrode,17,bandpass_n20002_cRA_LL_independent_rms_s0,phase2/results/predictions/full/electrode/tcn/seed_17/bandpass_n20002_cRA_LL_independent_rms_s0.npz,75846,bdf995aad6be1a27d40190999f0b118c8e5a19be237b476287ee3bc87e6fa76c
tcn,electrode,17,bandpass_n20002_cRA_LL_electrode_s20,phase2/results/predictions/full/electrode/tcn/seed_17/bandpass_n20002_cRA_LL_electrode_s20.npz,76447,5516e162bac2cb7d10280ff8e1892c32b29a06c938e6d14960ede683686998f9
tcn,electrode,17,bandpass_n20002_cRA_LL_electrode_s15,phase2/results/predictions/full/electrode/tcn/seed_17/bandpass_n20002_cRA_LL_electrode_s15.npz,76407,c3839ad9bb28c2aed8da6eae4d3f4440ef9d5fd6ab89566f224bd883d9b1dd36
tcn,electrode,17,bandpass_n20002_cRA_LL_electrode_s10,phase2/results/predictions/full/electrode/tcn/seed_17/bandpass_n20002_cRA_LL_electrode_s10.npz,76347,f4d326f145ff160310c2100ea80929e0a68f1a606c4a856bf85fae7e4f1d5496
tcn,electrode,17,bandpass_n20002_cRA_LL_electrode_s5,phase2/results/predictions/full/electrode/tcn/seed_17/bandpass_n20002_cRA_LL_electrode_s5.npz,76186,18ebec5b08de059cbb1f72db18465aefa06a272ca568a515118d2fdd2a2ace5a
tcn,electrode,17,bandpass_n20002_cRA_LL_electrode_s0,phase2/results/predictions/full/electrode/tcn/seed_17/bandpass_n20002_cRA_LL_electrode_s0.npz,75782,c1242e7528a8c253cf759d4bdb27ac17e9274ead3fb3c87494c9ad68e1c4ea7e
tcn,electrode,17,bandpass_n20002_cRA_LL_covariance_s20,phase2/results/predictions/full/electrode/tcn/seed_17/bandpass_n20002_cRA_LL_covariance_s20.npz,76432,176666bc3ffa42efc081fcc15e1e68fc42485ad27936515f9561fee6ec3ee41d
tcn,electrode,17,bandpass_n20002_cRA_LL_covariance_s15,phase2/results/predictions/full/electrode/tcn/seed_17/bandpass_n20002_cRA_LL_covariance_s15.npz,76432,a2a812bf8f4edf3c22dd7878d8a100833dd8ce02f9cd810370bf18fb82f0d3f2
tcn,electrode,17,bandpass_n20002_cRA_LL_covariance_s10,phase2/results/predictions/full/electrode/tcn/seed_17/bandpass_n20002_cRA_LL_covariance_s10.npz,76364,ecf0eb30cc409eefcd320c65eed7c43913f305e83ece03a1725cb29f98899b88
tcn,electrode,17,bandpass_n20002_cRA_LL_covariance_s5,phase2/results/predictions/full/electrode/tcn/seed_17/bandpass_n20002_cRA_LL_covariance_s5.npz,76197,e6ae4df9464f9b44a3681d46d139dec38c3d4996205c7429b98f755842feddce
tcn,electrode,17,bandpass_n20002_cRA_LL_covariance_s0,phase2/results/predictions/full/electrode/tcn/seed_17/bandpass_n20002_cRA_LL_covariance_s0.npz,75778,568b47199b93e794b271ea34e695b1cc257c0140fb8485806c5616cf5ee4292a
tcn,electrode,17,bandpass_n20002_cRA_independent_rms_s20,phase2/results/predictions/full/electrode/tcn/seed_17/bandpass_n20002_cRA_independent_rms_s20.npz,76423,dbd26c8c4cc8d4dab672f431016b65c1096e563185a3bedaf4dd4e85611bfcc8
tcn,electrode,17,bandpass_n20002_cRA_independent_rms_s15,phase2/results/predictions/full/electrode/tcn/seed_17/bandpass_n20002_cRA_independent_rms_s15.npz,76382,abfe71c1a1913358503860d39f46eb574198719f667b923d9fd1465bdf976329
tcn,electrode,17,bandpass_n20002_cRA_independent_rms_s10,phase2/results/predictions/full/electrode/tcn/seed_17/bandpass_n20002_cRA_independent_rms_s10.npz,76415,f75dcf662ebd15e29eb7fb23c864622d0cec8a0ef5a612f3ea40593726f27bda
tcn,electrode,17,bandpass_n20002_cRA_independent_rms_s5,phase2/results/predictions/full/electrode/tcn/seed_17/bandpass_n20002_cRA_independent_rms_s5.npz,76232,c39f5a96fa7b6f46a73246e69f510bacb3166125d7921bfd4e668a0e0eaaf524
tcn,electrode,17,bandpass_n20002_cRA_independent_rms_s0,phase2/results/predictions/full/electrode/tcn/seed_17/bandpass_n20002_cRA_independent_rms_s0.npz,75940,aeac6f6ced2739f60237e5fce817dc8d548bd96e125fc8b5c1f6b34f92cdcb79
tcn,electrode,17,bandpass_n20002_cRA_electrode_s20,phase2/results/predictions/full/electrode/tcn/seed_17/bandpass_n20002_cRA_electrode_s20.npz,76414,3e6e9d73efc42128de849b53af52f07a3b558614780b78760f397e0c5cf463c8
tcn,electrode,17,bandpass_n20002_cRA_electrode_s15,phase2/results/predictions/full/electrode/tcn/seed_17/bandpass_n20002_cRA_electrode_s15.npz,76397,5cda123f688f9d5fbcae9f7cfb60e7432dace6183b7ab6f9840a924abdcd1423
tcn,electrode,17,bandpass_n20002_cRA_electrode_s10,phase2/results/predictions/full/electrode/tcn/seed_17/bandpass_n20002_cRA_electrode_s10.npz,76370,90cd35f1e9fb3ff08f282dc88a600422ccb6dcf80ec3c9b31f1295cab5e8630f
tcn,electrode,17,bandpass_n20002_cRA_electrode_s5,phase2/results/predictions/full/electrode/tcn/seed_17/bandpass_n20002_cRA_electrode_s5.npz,76204,9cf56058f511a13ab74cf1c0b41d8721c8388c22409a4958593964bfe9b65479
tcn,electrode,17,bandpass_n20002_cRA_electrode_s0,phase2/results/predictions/full/electrode/tcn/seed_17/bandpass_n20002_cRA_electrode_s0.npz,75851,19169a01b3c3a0c3db83e76b9e0d5b388e3c54f5dfd9a553d2063ac32324401d
tcn,electrode,17,bandpass_n20002_cRA_covariance_s20,phase2/results/predictions/full/electrode/tcn/seed_17/bandpass_n20002_cRA_covariance_s20.npz,76448,258f4dae275f5bcc0c0510d8d750e4e7e34755d11a3b4a515856f4ef170b7d39
tcn,electrode,17,bandpass_n20002_cRA_covariance_s15,phase2/results/predictions/full/electrode/tcn/seed_17/bandpass_n20002_cRA_covariance_s15.npz,76396,a0c626899026e5ceb8b49c436d76a7fb53897ea1038d8d93718ea094142d5aca
tcn,electrode,17,bandpass_n20002_cRA_covariance_s10,phase2/results/predictions/full/electrode/tcn/seed_17/bandpass_n20002_cRA_covariance_s10.npz,76366,d35c89edc55d2c1927099cc7ea94f278dd4e948fcbe7eeb4d4a61968d1d658a7
tcn,electrode,17,bandpass_n20002_cRA_covariance_s5,phase2/results/predictions/full/electrode/tcn/seed_17/bandpass_n20002_cRA_covariance_s5.npz,76168,f2e9fa0459b0aff34f875be7e58a7697ce46cbfc17c540ce85e0b1cd9df942e4
tcn,electrode,17,bandpass_n20002_cRA_covariance_s0,phase2/results/predictions/full/electrode/tcn/seed_17/bandpass_n20002_cRA_covariance_s0.npz,75849,6563966d72e0390f26c9277cf2d8f5afa6161eba678dc0f8d5e65b2b3934e236
tcn,electrode,17,bandpass_n20002_cLA_independent_rms_s20,phase2/results/predictions/full/electrode/tcn/seed_17/bandpass_n20002_cLA_independent_rms_s20.npz,76479,55638aefa60d5e0cb8ffe678a6e96277be90b0f3bc9c8a4f0d88a28ca01f0686
tcn,electrode,17,bandpass_n20002_cLA_independent_rms_s15,phase2/results/predictions/full/electrode/tcn/seed_17/bandpass_n20002_cLA_independent_rms_s15.npz,76432,76d940357295fa2792e979d8f35b154e0d32ce73948c763b60e4e44c73442299
tcn,electrode,17,bandpass_n20002_cLA_independent_rms_s10,phase2/results/predictions/full/electrode/tcn/seed_17/bandpass_n20002_cLA_independent_rms_s10.npz,76433,866874c1b1f1715df8c482b5897e0a659cb8c29a52a6423a2b0c5a5fe6a4d1b6
tcn,electrode,17,bandpass_n20002_cLA_independent_rms_s5,phase2/results/predictions/full/electrode/tcn/seed_17/bandpass_n20002_cLA_independent_rms_s5.npz,76301,ef45f361feb03b2fc73ab31b9ff2b8b60d2c3299b9969de435bcff904bfb3c8e
tcn,electrode,17,bandpass_n20002_cLA_independent_rms_s0,phase2/results/predictions/full/electrode/tcn/seed_17/bandpass_n20002_cLA_independent_rms_s0.npz,76056,b0c78adebd8558ea75d6192661d665e03778e52b1ea6d59a8b4f7585a7bb3c59
tcn,electrode,17,bandpass_n20002_cLA_electrode_s20,phase2/results/predictions/full/electrode/tcn/seed_17/bandpass_n20002_cLA_electrode_s20.npz,76434,99b6aafdde59fe50e7d1e08716e7ed32213dcded546b21d0d4ef51942be96faf
tcn,electrode,17,bandpass_n20002_cLA_electrode_s15,phase2/results/predictions/full/electrode/tcn/seed_17/bandpass_n20002_cLA_electrode_s15.npz,76411,ab09c62ec4624a3367cdac55748614b8e7d56148e11be26f682e3fcdec902c24
tcn,electrode,17,bandpass_n20002_cLA_electrode_s10,phase2/results/predictions/full/electrode/tcn/seed_17/bandpass_n20002_cLA_electrode_s10.npz,76357,93bd5f101af0fa5640a0e61ec2045924a92f6ec3fb06956dac2707bc86eb2b74
tcn,electrode,17,bandpass_n20002_cLA_electrode_s5,phase2/results/predictions/full/electrode/tcn/seed_17/bandpass_n20002_cLA_electrode_s5.npz,76216,3a0154415cb77e2aab6198dd11410e616f63d2118990789f2225412f62eab3bc
tcn,electrode,17,bandpass_n20002_cLA_electrode_s0,phase2/results/predictions/full/electrode/tcn/seed_17/bandpass_n20002_cLA_electrode_s0.npz,75876,a44444df3dfd25c7cb6c0a59cdcec871c901d254ac98b560fbe16ad362e793cf
tcn,electrode,17,bandpass_n20002_cLA_covariance_s20,phase2/results/predictions/full/electrode/tcn/seed_17/bandpass_n20002_cLA_covariance_s20.npz,76447,853076b9e7b04a05e88ddd12a2892db461ee09e879183e1e0cc7831e02f400b6
tcn,electrode,17,bandpass_n20002_cLA_covariance_s15,phase2/results/predictions/full/electrode/tcn/seed_17/bandpass_n20002_cLA_covariance_s15.npz,76417,291fdfd4d7177b5764d07e332d014acdaeadee0227f6dc040707f848266fc5c1
tcn,electrode,17,bandpass_n20002_cLA_covariance_s10,phase2/results/predictions/full/electrode/tcn/seed_17/bandpass_n20002_cLA_covariance_s10.npz,76374,d0e20a3194daff8d4a8be1864a60d3111f47e99e90f83072dd8f671b719e0fc8
tcn,electrode,17,bandpass_n20002_cLA_covariance_s5,phase2/results/predictions/full/electrode/tcn/seed_17/bandpass_n20002_cLA_covariance_s5.npz,76225,2e36c60f33d6a9b6dd4860268bdb7909d220629906f4298d412c324d62c7845c
tcn,electrode,17,bandpass_n20002_cLA_covariance_s0,phase2/results/predictions/full/electrode/tcn/seed_17/bandpass_n20002_cLA_covariance_s0.npz,75849,e98a9bd16e43475b1eddc2769b91b7a1f59d45479df6724f5b83289c2a094ff7
tcn,electrode,17,bandpass_n20002_cLL_independent_rms_s20,phase2/results/predictions/full/electrode/tcn/seed_17/bandpass_n20002_cLL_independent_rms_s20.npz,76426,007acfca3ee6b0a43e244cd134931f8c0af32466dbb741416a88d7510c6370bb
tcn,electrode,17,bandpass_n20002_cLL_independent_rms_s15,phase2/results/predictions/full/electrode/tcn/seed_17/bandpass_n20002_cLL_independent_rms_s15.npz,76449,a268f8158f8a61d82fcb4ba61e087a06da6b1c0853d9120402f7296d10f90dfa
tcn,electrode,17,bandpass_n20002_cLL_independent_rms_s10,phase2/results/predictions/full/electrode/tcn/seed_17/bandpass_n20002_cLL_independent_rms_s10.npz,76415,287eea67068a68a4cb0d8935474f0941184262d1e832b4cd0f8ac60df48ea3a4
tcn,electrode,17,bandpass_n20002_cLL_independent_rms_s5,phase2/results/predictions/full/electrode/tcn/seed_17/bandpass_n20002_cLL_independent_rms_s5.npz,76214,0fa83f73daec9d1fc0f157034ba08064ed948879e64f82aa9c01fb27bb95e270
tcn,electrode,17,bandpass_n20002_cLL_independent_rms_s0,phase2/results/predictions/full/electrode/tcn/seed_17/bandpass_n20002_cLL_independent_rms_s0.npz,75891,3683402d3e91535ff99c8014f1394ecd4e5e584ad33a9a08016f0cf778c92c16
tcn,electrode,17,bandpass_n20002_cLL_electrode_s20,phase2/results/predictions/full/electrode/tcn/seed_17/bandpass_n20002_cLL_electrode_s20.npz,76431,6004aa6d3a7433944a3ecfb01cf3c569bce61b172e9250766436ab4023b9c7f4
tcn,electrode,17,bandpass_n20002_cLL_electrode_s15,phase2/results/predictions/full/electrode/tcn/seed_17/bandpass_n20002_cLL_electrode_s15.npz,76413,aafd3e818ec4cf2c9f5b1942d5ceb22697c30e17d1b87179c1733862af7de0ce
tcn,electrode,17,bandpass_n20002_cLL_electrode_s10,phase2/results/predictions/full/electrode/tcn/seed_17/bandpass_n20002_cLL_electrode_s10.npz,76346,4e004e9f1115dc012bba74e227707d86df195b2f5935141c8b89c2fe2c0299ef
tcn,electrode,17,bandpass_n20002_cLL_electrode_s5,phase2/results/predictions/full/electrode/tcn/seed_17/bandpass_n20002_cLL_electrode_s5.npz,76229,9fb2a53bca16d2ea8241562050db0984e89122c9662e5938c0cec9306dba88a0
tcn,electrode,17,bandpass_n20002_cLL_electrode_s0,phase2/results/predictions/full/electrode/tcn/seed_17/bandpass_n20002_cLL_electrode_s0.npz,75879,59cbf2dcf3f703e411e0a8b9aea16ef110ac263350c53f999df26240d38eef0f
tcn,electrode,17,bandpass_n20002_cLL_covariance_s20,phase2/results/predictions/full/electrode/tcn/seed_17/bandpass_n20002_cLL_covariance_s20.npz,76417,bd946011f07ee91f67a050e7d3d46a072cc793eb75ed0f1c8305e43c56da2167
tcn,electrode,17,bandpass_n20002_cLL_covariance_s15,phase2/results/predictions/full/electrode/tcn/seed_17/bandpass_n20002_cLL_covariance_s15.npz,76429,a8d431f501ef67b38ef0ef98ad16a08bce874ffdc5495a7ef570f11222053306
tcn,electrode,17,bandpass_n20002_cLL_covariance_s10,phase2/results/predictions/full/electrode/tcn/seed_17/bandpass_n20002_cLL_covariance_s10.npz,76372,2ab8615b340b8f4ea868a281a67731ccee9a04b39eb1bf2b74dc94867efca4c4
tcn,electrode,17,bandpass_n20002_cLL_covariance_s5,phase2/results/predictions/full/electrode/tcn/seed_17/bandpass_n20002_cLL_covariance_s5.npz,76235,987e3e93745acb4accc3cc61a6923db40e62c2590bc36282412dc358741ad855
tcn,electrode,17,bandpass_n20002_cLL_covariance_s0,phase2/results/predictions/full/electrode/tcn/seed_17/bandpass_n20002_cLL_covariance_s0.npz,75859,8f5735a7605d79598728dcd1368cc40b2d5e82e211b615ec86ec749c0bfc4ab7
tcn,electrode,17,bandpass_n20002_cRA_V1_independent_rms_s20,phase2/results/predictions/full/electrode/tcn/seed_17/bandpass_n20002_cRA_V1_independent_rms_s20.npz,76459,dada92acc2779a598c3ea9d5e2d7434f6f54af66587020d589d6014f8bf10810
tcn,electrode,17,bandpass_n20002_cRA_V1_independent_rms_s15,phase2/results/predictions/full/electrode/tcn/seed_17/bandpass_n20002_cRA_V1_independent_rms_s15.npz,76433,33688d0e7de9bea1bb6bcdf5b01ccd1943cc4f0a3cc77e102d3dee23829ed50c
tcn,electrode,17,bandpass_n20002_cRA_V1_independent_rms_s10,phase2/results/predictions/full/electrode/tcn/seed_17/bandpass_n20002_cRA_V1_independent_rms_s10.npz,76393,d701e0ca5ad880c3d4fee47747f1d3be3e040dbe3481433de4ba12a249995a63
tcn,electrode,17,bandpass_n20002_cRA_V1_independent_rms_s5,phase2/results/predictions/full/electrode/tcn/seed_17/bandpass_n20002_cRA_V1_independent_rms_s5.npz,76273,80c9839c6a63dbdcc62a441a2c976a773e6f9264d4a3d272fab43b42a31830ea
tcn,electrode,17,bandpass_n20002_cRA_V1_independent_rms_s0,phase2/results/predictions/full/electrode/tcn/seed_17/bandpass_n20002_cRA_V1_independent_rms_s0.npz,75944,baf8f01e83423079098e3b96dddbad3a571504e911d449df856c47ef0fba2ce7
tcn,electrode,17,bandpass_n20002_cRA_V1_electrode_s20,phase2/results/predictions/full/electrode/tcn/seed_17/bandpass_n20002_cRA_V1_electrode_s20.npz,76420,0ea9d8ea0036c75e774d6ac4a20e2adade883ef9db34170c22d2021f41e4bc7b
tcn,electrode,17,bandpass_n20002_cRA_V1_electrode_s15,phase2/results/predictions/full/electrode/tcn/seed_17/bandpass_n20002_cRA_V1_electrode_s15.npz,76423,9d36dfc6b25561ca9c868f04677e067b1c3746041777633ee6698b11623a6eeb
tcn,electrode,17,bandpass_n20002_cRA_V1_electrode_s10,phase2/results/predictions/full/electrode/tcn/seed_17/bandpass_n20002_cRA_V1_electrode_s10.npz,76359,f0d830c148f8a5b01980151dee46eb3ba7b5f38eb5843f0b35da72c027b545fe
tcn,electrode,17,bandpass_n20002_cRA_V1_electrode_s5,phase2/results/predictions/full/electrode/tcn/seed_17/bandpass_n20002_cRA_V1_electrode_s5.npz,76225,ae849cfedfafe454b67dc7ff90e95c151170de5c855c422fe867992ac4af5282
tcn,electrode,17,bandpass_n20002_cRA_V1_electrode_s0,phase2/results/predictions/full/electrode/tcn/seed_17/bandpass_n20002_cRA_V1_electrode_s0.npz,75899,d96ae6c43906b7e7b52ef9b2db6e310c69dcf3c1168e4846a16f360a26dd8237
tcn,electrode,17,bandpass_n20002_cRA_V1_covariance_s20,phase2/results/predictions/full/electrode/tcn/seed_17/bandpass_n20002_cRA_V1_covariance_s20.npz,76438,ce7ffdaca6ff36cfeb0b1c26f6a97e40cf1a6e0a03d0a65b1cddb13138292089
tcn,electrode,17,bandpass_n20002_cRA_V1_covariance_s15,phase2/results/predictions/full/electrode/tcn/seed_17/bandpass_n20002_cRA_V1_covariance_s15.npz,76423,c71756f294b0854af869a6bcaa269f3c3541f63376a092d1b930cf48532d1802
tcn,electrode,17,bandpass_n20002_cRA_V1_covariance_s10,phase2/results/predictions/full/electrode/tcn/seed_17/bandpass_n20002_cRA_V1_covariance_s10.npz,76359,791cc08eebe7cbec00d048be040a76633cbdd0b5b5820e43387b687f50d1b484
tcn,electrode,17,bandpass_n20002_cRA_V1_covariance_s5,phase2/results/predictions/full/electrode/tcn/seed_17/bandpass_n20002_cRA_V1_covariance_s5.npz,76194,8eeb812999beec8d330ea9b75970e614849a4448ca30e22e614727b25ee45542
tcn,electrode,17,bandpass_n20002_cRA_V1_covariance_s0,phase2/results/predictions/full/electrode/tcn/seed_17/bandpass_n20002_cRA_V1_covariance_s0.npz,75899,074b682bd02bf2f5ea963b257a40a88903b5d93bc754732c5b334cf6fc341ecb
tcn,electrode,17,bandpass_n20002_cLA_V6_independent_rms_s20,phase2/results/predictions/full/electrode/tcn/seed_17/bandpass_n20002_cLA_V6_independent_rms_s20.npz,76469,5978226d47a43b208ee34c78a9d3c0678bb5f278b9bd59f38d1f64be65c350e7
tcn,electrode,17,bandpass_n20002_cLA_V6_independent_rms_s15,phase2/results/predictions/full/electrode/tcn/seed_17/bandpass_n20002_cLA_V6_independent_rms_s15.npz,76460,f8b0b24eaf73f95581826d596299b00da2553264d5c7e6064c350ec8368b463c
tcn,electrode,17,bandpass_n20002_cLA_V6_independent_rms_s10,phase2/results/predictions/full/electrode/tcn/seed_17/bandpass_n20002_cLA_V6_independent_rms_s10.npz,76426,30c018e149bb95511a52e56f6c7209ac957516b3a03107f1f44077957f4fcdfd
tcn,electrode,17,bandpass_n20002_cLA_V6_independent_rms_s5,phase2/results/predictions/full/electrode/tcn/seed_17/bandpass_n20002_cLA_V6_independent_rms_s5.npz,76332,d7b4283060efbbb5689562ec8d581b0d758e4f4f6d25d5041248c59ba97e296d
tcn,electrode,17,bandpass_n20002_cLA_V6_independent_rms_s0,phase2/results/predictions/full/electrode/tcn/seed_17/bandpass_n20002_cLA_V6_independent_rms_s0.npz,76104,9a738a05ff02ba2296976cfcdc034fd23375a6bc4d4f2b2a1ac86b24a4f19844
tcn,electrode,17,bandpass_n20002_cLA_V6_electrode_s20,phase2/results/predictions/full/electrode/tcn/seed_17/bandpass_n20002_cLA_V6_electrode_s20.npz,76457,ded1173da0a3e86a1de89e2204998a327e879ef1175721f7287924cd16407c4a
tcn,electrode,17,bandpass_n20002_cLA_V6_electrode_s15,phase2/results/predictions/full/electrode/tcn/seed_17/bandpass_n20002_cLA_V6_electrode_s15.npz,76442,5148a230ad7ca43fa70b0e70bde12385b3e1ab8697895ff99b3b2d1c69ff279a
tcn,electrode,17,bandpass_n20002_cLA_V6_electrode_s10,phase2/results/predictions/full/electrode/tcn/seed_17/bandpass_n20002_cLA_V6_electrode_s10.npz,76389,c61cebcd51777e618e7a2eaf6c506736031fc25dbea17aadd9abe93c9e64ce9f
tcn,electrode,17,bandpass_n20002_cLA_V6_electrode_s5,phase2/results/predictions/full/electrode/tcn/seed_17/bandpass_n20002_cLA_V6_electrode_s5.npz,76225,65fd995d67ae73fbfa1e104eaeb14a474ec1770ab85548e72cc4e17d23fcddc9
tcn,electrode,17,bandpass_n20002_cLA_V6_electrode_s0,phase2/results/predictions/full/electrode/tcn/seed_17/bandpass_n20002_cLA_V6_electrode_s0.npz,75898,ebbe8390697ab15e5a338b0dc00365a31629b9b986135809a4368f1263a2c13d
tcn,electrode,17,bandpass_n20002_cLA_V6_covariance_s20,phase2/results/predictions/full/electrode/tcn/seed_17/bandpass_n20002_cLA_V6_covariance_s20.npz,76430,3635995ca9bdf0ef43edf35d4e112ee021f5ec1992d0329f2a7434a4d6fad827
tcn,electrode,17,bandpass_n20002_cLA_V6_covariance_s15,phase2/results/predictions/full/electrode/tcn/seed_17/bandpass_n20002_cLA_V6_covariance_s15.npz,76469,c53b2e2b23d031ab4da6502d30698e5b30f5960f54552ce5986f95f6fad2bfcc
tcn,electrode,17,bandpass_n20002_cLA_V6_covariance_s10,phase2/results/predictions/full/electrode/tcn/seed_17/bandpass_n20002_cLA_V6_covariance_s10.npz,76397,5889d07edcba938a416f0f660dbdfe729d5f173e1ae0c76a5b87a31a853e6969
tcn,electrode,17,bandpass_n20002_cLA_V6_covariance_s5,phase2/results/predictions/full/electrode/tcn/seed_17/bandpass_n20002_cLA_V6_covariance_s5.npz,76231,6b9ddfff545759c8408c3a8dbb24bc2c15c925ffa2575a6e2b001ace19c8ea7a
tcn,electrode,17,bandpass_n20002_cLA_V6_covariance_s0,phase2/results/predictions/full/electrode/tcn/seed_17/bandpass_n20002_cLA_V6_covariance_s0.npz,75916,412086982ca9772e55b79fe0ee959c7cb091f472f78dc9b73694663dbaee79b7
tcn,electrode,17,bandpass_n20002_cLL_V4_independent_rms_s20,phase2/results/predictions/full/electrode/tcn/seed_17/bandpass_n20002_cLL_V4_independent_rms_s20.npz,76454,981bfd8f597511b14e0fab8f86103b39b813e30ad9f7fcb9845d035f6759e039
tcn,electrode,17,bandpass_n20002_cLL_V4_independent_rms_s15,phase2/results/predictions/full/electrode/tcn/seed_17/bandpass_n20002_cLL_V4_independent_rms_s15.npz,76462,5debed54eb00a1fffdab08842f9336cc180c33ab78e87bff394b81fe4ced7a01
tcn,electrode,17,bandpass_n20002_cLL_V4_independent_rms_s10,phase2/results/predictions/full/electrode/tcn/seed_17/bandpass_n20002_cLL_V4_independent_rms_s10.npz,76370,dc6dd6dbe7bf3cb8780823924b322d33589f650d676c7463def2a2452e83a865
tcn,electrode,17,bandpass_n20002_cLL_V4_independent_rms_s5,phase2/results/predictions/full/electrode/tcn/seed_17/bandpass_n20002_cLL_V4_independent_rms_s5.npz,76327,deed46cd978ed83a057cc5ce0faf9a3846bb1acac3953aa9187c0d8f80d8a6a8
tcn,electrode,17,bandpass_n20002_cLL_V4_independent_rms_s0,phase2/results/predictions/full/electrode/tcn/seed_17/bandpass_n20002_cLL_V4_independent_rms_s0.npz,75977,b8adb69196826eae8fbf50ef0efa695267426a8dbe5e0e1f892e788406a1fd5a
tcn,electrode,17,bandpass_n20002_cLL_V4_electrode_s20,phase2/results/predictions/full/electrode/tcn/seed_17/bandpass_n20002_cLL_V4_electrode_s20.npz,76420,e879fc7902513a7f5dcf8fe13671d9a47c92f4b765947a013facba0bdd7b52ce
tcn,electrode,17,bandpass_n20002_cLL_V4_electrode_s15,phase2/results/predictions/full/electrode/tcn/seed_17/bandpass_n20002_cLL_V4_electrode_s15.npz,76447,a725345592b12134b3358dfd417ff0cfd2c216170b51ee1d221752450f465b1e
tcn,electrode,17,bandpass_n20002_cLL_V4_electrode_s10,phase2/results/predictions/full/electrode/tcn/seed_17/bandpass_n20002_cLL_V4_electrode_s10.npz,76390,a6cb5bba751a4ba0d4eac4a93f1d2fffaaec3f8be0d8236891b35095f6d18cf4
tcn,electrode,17,bandpass_n20002_cLL_V4_electrode_s5,phase2/results/predictions/full/electrode/tcn/seed_17/bandpass_n20002_cLL_V4_electrode_s5.npz,76262,919c8fd7ee7caa9da4d9ea4f9485e57116c8f549f5451863b1e04acf63ad7e1c
tcn,electrode,17,bandpass_n20002_cLL_V4_electrode_s0,phase2/results/predictions/full/electrode/tcn/seed_17/bandpass_n20002_cLL_V4_electrode_s0.npz,75932,e493ecef8592b6817379abe21425c2a570475d59ba46dc0200914a74a5c6acff
tcn,electrode,17,bandpass_n20002_cLL_V4_covariance_s20,phase2/results/predictions/full/electrode/tcn/seed_17/bandpass_n20002_cLL_V4_covariance_s20.npz,76428,8c4cd5c73126a0192865f5f40e23c11663a65330b01f90d34f3f8d05fdc26c52
tcn,electrode,17,bandpass_n20002_cLL_V4_covariance_s15,phase2/results/predictions/full/electrode/tcn/seed_17/bandpass_n20002_cLL_V4_covariance_s15.npz,76440,c277687ddb928548f3b9219bfc1f3cf2b00bc6b094d8ad99ffe9179383b88651
tcn,electrode,17,bandpass_n20002_cLL_V4_covariance_s10,phase2/results/predictions/full/electrode/tcn/seed_17/bandpass_n20002_cLL_V4_covariance_s10.npz,76383,6157d3a9c8465e3cefeb60520fdaea08cd47074482a5ff84fa53fd501b581dd1
tcn,electrode,17,bandpass_n20002_cLL_V4_covariance_s5,phase2/results/predictions/full/electrode/tcn/seed_17/bandpass_n20002_cLL_V4_covariance_s5.npz,76289,89c81f9524f1e7c9dc55cfb69be0a15adf59c6f80e069a3c849969d9531547ba
tcn,electrode,17,bandpass_n20002_cLL_V4_covariance_s0,phase2/results/predictions/full/electrode/tcn/seed_17/bandpass_n20002_cLL_V4_covariance_s0.npz,75980,8cae5ca729ebd203fbd37c11340b49393cff8859a313b663a391ef4d8ae96941
tcn,electrode,17,bandpass_n20002_cRA_LA_V1_V6_independent_rms_s20,phase2/results/predictions/full/electrode/tcn/seed_17/bandpass_n20002_cRA_LA_V1_V6_independent_rms_s20.npz,76455,b2aceee2ed077c177cc48ce5d2aba61a88722269e263360e0ce9f82a87a13f9d
tcn,electrode,17,bandpass_n20002_cRA_LA_V1_V6_independent_rms_s15,phase2/results/predictions/full/electrode/tcn/seed_17/bandpass_n20002_cRA_LA_V1_V6_independent_rms_s15.npz,76458,4edc6e70db4292322732485393283e1e223f8ee11af941fcc88949b552d280de
tcn,electrode,17,bandpass_n20002_cRA_LA_V1_V6_independent_rms_s10,phase2/results/predictions/full/electrode/tcn/seed_17/bandpass_n20002_cRA_LA_V1_V6_independent_rms_s10.npz,76423,b0be4ec0bc0b82207ae7c023a53ae4391bf9de05fc271e0c43af54f343369001
tcn,electrode,17,bandpass_n20002_cRA_LA_V1_V6_independent_rms_s5,phase2/results/predictions/full/electrode/tcn/seed_17/bandpass_n20002_cRA_LA_V1_V6_independent_rms_s5.npz,76328,d412fc5eee10069d576f0ed9977301931ec3a8e8988bac543dd1d73189dc4460
tcn,electrode,17,bandpass_n20002_cRA_LA_V1_V6_independent_rms_s0,phase2/results/predictions/full/electrode/tcn/seed_17/bandpass_n20002_cRA_LA_V1_V6_independent_rms_s0.npz,76035,006bf48276c9b31b10846a480512e5a2ceae2ccaa81825a5adc268be444ad3ee
tcn,electrode,17,bandpass_n20002_cRA_LA_V1_V6_electrode_s20,phase2/results/predictions/full/electrode/tcn/seed_17/bandpass_n20002_cRA_LA_V1_V6_electrode_s20.npz,76418,a359a82c149a07f5fde6499233085a263bc9d39a8dbdb7c124799bc587aff06f
tcn,electrode,17,bandpass_n20002_cRA_LA_V1_V6_electrode_s15,phase2/results/predictions/full/electrode/tcn/seed_17/bandpass_n20002_cRA_LA_V1_V6_electrode_s15.npz,76408,503bdc028610dd3cb2b443ea652801104f7b08ee66f81afed01c1d42ea0bc513
tcn,electrode,17,bandpass_n20002_cRA_LA_V1_V6_electrode_s10,phase2/results/predictions/full/electrode/tcn/seed_17/bandpass_n20002_cRA_LA_V1_V6_electrode_s10.npz,76387,04a1a9d165e8da02e663db27397f2952f4246eaa2d9c72ffc3de0834c760db93
tcn,electrode,17,bandpass_n20002_cRA_LA_V1_V6_electrode_s5,phase2/results/predictions/full/electrode/tcn/seed_17/bandpass_n20002_cRA_LA_V1_V6_electrode_s5.npz,76192,528b705a452233ef2c4c26b2d1c2e6abfa6ba5879aca828cf855f738c3e31ceb
tcn,electrode,17,bandpass_n20002_cRA_LA_V1_V6_electrode_s0,phase2/results/predictions/full/electrode/tcn/seed_17/bandpass_n20002_cRA_LA_V1_V6_electrode_s0.npz,75847,c4168df322eea2e054202b35a46726dc867b74eba4d460d13ffb8ca62f77dc97
tcn,electrode,17,bandpass_n20002_cRA_LA_V1_V6_covariance_s20,phase2/results/predictions/full/electrode/tcn/seed_17/bandpass_n20002_cRA_LA_V1_V6_covariance_s20.npz,76460,e428412064c7b1165598d09ede0c5ad6a4aa89616e2883349ec14f497cf6368c
tcn,electrode,17,bandpass_n20002_cRA_LA_V1_V6_covariance_s15,phase2/results/predictions/full/electrode/tcn/seed_17/bandpass_n20002_cRA_LA_V1_V6_covariance_s15.npz,76446,408a3de7001ff9ff82f8ab89a3d9feb1313186d6b059ec60b0357b2b57f63fe0
tcn,electrode,17,bandpass_n20002_cRA_LA_V1_V6_covariance_s10,phase2/results/predictions/full/electrode/tcn/seed_17/bandpass_n20002_cRA_LA_V1_V6_covariance_s10.npz,76390,9ce82af2b40d6f2d74dcca269df484c7a75f2d32676a4594142c2d1f1ef0c1cd
tcn,electrode,17,bandpass_n20002_cRA_LA_V1_V6_covariance_s5,phase2/results/predictions/full/electrode/tcn/seed_17/bandpass_n20002_cRA_LA_V1_V6_covariance_s5.npz,76229,a3309292b7bd8f7eb85dcc1aba41e833b7dc55c45ac611d22b851e4df284d196
tcn,electrode,17,bandpass_n20002_cRA_LA_V1_V6_covariance_s0,phase2/results/predictions/full/electrode/tcn/seed_17/bandpass_n20002_cRA_LA_V1_V6_covariance_s0.npz,75830,88f6fa1d38b1047057d20a2a4db6c1dcaad2708c01965bd059e995b42b697b57
tcn,electrode,17,bandpass_n20002_cRA_V2_V5_independent_rms_s20,phase2/results/predictions/full/electrode/tcn/seed_17/bandpass_n20002_cRA_V2_V5_independent_rms_s20.npz,76478,d577ad78c9274cea50bbc035afecce5a9092af585dab0c9cea695d8db14d336d
tcn,electrode,17,bandpass_n20002_cRA_V2_V5_independent_rms_s15,phase2/results/predictions/full/electrode/tcn/seed_17/bandpass_n20002_cRA_V2_V5_independent_rms_s15.npz,76452,82f8ee13d43feac7f11e463f01bc8abfae088bb9c185f61eb964cb62ee7e0e2c
tcn,electrode,17,bandpass_n20002_cRA_V2_V5_independent_rms_s10,phase2/results/predictions/full/electrode/tcn/seed_17/bandpass_n20002_cRA_V2_V5_independent_rms_s10.npz,76423,b69c0a6a6b3223a2eeed7531e039eaeec1bc631c3c8aeff7cbd82eea5b03134b
tcn,electrode,17,bandpass_n20002_cRA_V2_V5_independent_rms_s5,phase2/results/predictions/full/electrode/tcn/seed_17/bandpass_n20002_cRA_V2_V5_independent_rms_s5.npz,76289,3b0cbe01360e14b60960a6708f6ed80ebfccfc40247b98118ce6f6d0d25d65e6
tcn,electrode,17,bandpass_n20002_cRA_V2_V5_independent_rms_s0,phase2/results/predictions/full/electrode/tcn/seed_17/bandpass_n20002_cRA_V2_V5_independent_rms_s0.npz,75982,4a97d03633f9e89d0dc7b865cc41f9859e8b61cafdcabcee8592fa1f4030b8c2
tcn,electrode,17,bandpass_n20002_cRA_V2_V5_electrode_s20,phase2/results/predictions/full/electrode/tcn/seed_17/bandpass_n20002_cRA_V2_V5_electrode_s20.npz,76437,3343e10fb020525d59fb9f4a53f9d0caca8531e96f245dda7c5e4e64aa021328
tcn,electrode,17,bandpass_n20002_cRA_V2_V5_electrode_s15,phase2/results/predictions/full/electrode/tcn/seed_17/bandpass_n20002_cRA_V2_V5_electrode_s15.npz,76430,3b985ef9a8533a90aee3f1a327db9bb475ccb07b50fe2dde2602d06918411784
tcn,electrode,17,bandpass_n20002_cRA_V2_V5_electrode_s10,phase2/results/predictions/full/electrode/tcn/seed_17/bandpass_n20002_cRA_V2_V5_electrode_s10.npz,76370,1ac6718bde90737586f210f2e5d1f6c97d9dbaf1cc81373eba266b5fdae3cb1c
tcn,electrode,17,bandpass_n20002_cRA_V2_V5_electrode_s5,phase2/results/predictions/full/electrode/tcn/seed_17/bandpass_n20002_cRA_V2_V5_electrode_s5.npz,76214,9e66f7143ff637e05ff5e10344942d842780dc2911bea653ff4b9d0cda663cb6
tcn,electrode,17,bandpass_n20002_cRA_V2_V5_electrode_s0,phase2/results/predictions/full/electrode/tcn/seed_17/bandpass_n20002_cRA_V2_V5_electrode_s0.npz,75901,e2a3efdac0be037f926a1691bba2f37d2890829e1358cbbbdf200735a37cc5e5
tcn,electrode,17,bandpass_n20002_cRA_V2_V5_covariance_s20,phase2/results/predictions/full/electrode/tcn/seed_17/bandpass_n20002_cRA_V2_V5_covariance_s20.npz,76449,e64c831a8b4c0af1eff3e461b49792d6afd35febbb50268d59a8e97936b518d1
tcn,electrode,17,bandpass_n20002_cRA_V2_V5_covariance_s15,phase2/results/predictions/full/electrode/tcn/seed_17/bandpass_n20002_cRA_V2_V5_covariance_s15.npz,76472,9db1b45da72a6a3f238a907437d61f7befd21315b96d1646674ab8cedb962146
tcn,electrode,17,bandpass_n20002_cRA_V2_V5_covariance_s10,phase2/results/predictions/full/electrode/tcn/seed_17/bandpass_n20002_cRA_V2_V5_covariance_s10.npz,76376,560860517c37d57c4f47e0cbf68947a7bd4818aead7de11f29a98bfb23ca914f
tcn,electrode,17,bandpass_n20002_cRA_V2_V5_covariance_s5,phase2/results/predictions/full/electrode/tcn/seed_17/bandpass_n20002_cRA_V2_V5_covariance_s5.npz,76191,f77449d7a854f0dd1be11175d2867acbaef4005b638487f3706b3451698b82c1
tcn,electrode,17,bandpass_n20002_cRA_V2_V5_covariance_s0,phase2/results/predictions/full/electrode/tcn/seed_17/bandpass_n20002_cRA_V2_V5_covariance_s0.npz,75919,5b58f1c3164fdec07268ca3256c8515fd720c4c1f04479b9d1fa571cbf47def6
tcn,electrode,17,bandpass_n20002_cLA_V3_V6_independent_rms_s20,phase2/results/predictions/full/electrode/tcn/seed_17/bandpass_n20002_cLA_V3_V6_independent_rms_s20.npz,76452,f744a3948f9b86cbafbbf8af3dae8b72edbfaab2c349deaabe30b4024eae0416
tcn,electrode,17,bandpass_n20002_cLA_V3_V6_independent_rms_s15,phase2/results/predictions/full/electrode/tcn/seed_17/bandpass_n20002_cLA_V3_V6_independent_rms_s15.npz,76458,d3878d856c32131b50b805cacd33f98d0020607409da029f69b2d1cc28abf47e
tcn,electrode,17,bandpass_n20002_cLA_V3_V6_independent_rms_s10,phase2/results/predictions/full/electrode/tcn/seed_17/bandpass_n20002_cLA_V3_V6_independent_rms_s10.npz,76442,d2d3b1cc53db14f924ffacc61b5af78fae73f5d2c7f732edb8557f05ebab1c59
tcn,electrode,17,bandpass_n20002_cLA_V3_V6_independent_rms_s5,phase2/results/predictions/full/electrode/tcn/seed_17/bandpass_n20002_cLA_V3_V6_independent_rms_s5.npz,76305,10ce1816d8a088e7b184be39a537fc550d26100ca9773ba9d933611131b82120
tcn,electrode,17,bandpass_n20002_cLA_V3_V6_independent_rms_s0,phase2/results/predictions/full/electrode/tcn/seed_17/bandpass_n20002_cLA_V3_V6_independent_rms_s0.npz,76041,09003b06cf20f9a93108861a38fa004a1ac508434f12c0ba3298538b2e030021
tcn,electrode,17,bandpass_n20002_cLA_V3_V6_electrode_s20,phase2/results/predictions/full/electrode/tcn/seed_17/bandpass_n20002_cLA_V3_V6_electrode_s20.npz,76427,e2d270f60fae1f56232b6376ccf25492699e9ce998b66bd12173ae69dfe02822
tcn,electrode,17,bandpass_n20002_cLA_V3_V6_electrode_s15,phase2/results/predictions/full/electrode/tcn/seed_17/bandpass_n20002_cLA_V3_V6_electrode_s15.npz,76451,6e9b47dbd39e58f8f3425bad53adcd0e51ff48ef8e4a672ed86afe603bc8931c
tcn,electrode,17,bandpass_n20002_cLA_V3_V6_electrode_s10,phase2/results/predictions/full/electrode/tcn/seed_17/bandpass_n20002_cLA_V3_V6_electrode_s10.npz,76404,5ace0b5c2716f3e8bce03c003c27b5c14e915259b4e006a62f65780f91817923
tcn,electrode,17,bandpass_n20002_cLA_V3_V6_electrode_s5,phase2/results/predictions/full/electrode/tcn/seed_17/bandpass_n20002_cLA_V3_V6_electrode_s5.npz,76252,a344225da9c15b86ca3058577bc9b45fa69fab7e30d7cf3a6e4e97cb86e0f761
tcn,electrode,17,bandpass_n20002_cLA_V3_V6_electrode_s0,phase2/results/predictions/full/electrode/tcn/seed_17/bandpass_n20002_cLA_V3_V6_electrode_s0.npz,75903,70e2567d37dac37cd7ae92e2c65aeaf784ab8af1255a07321d461e60fc6aeb31
tcn,electrode,17,bandpass_n20002_cLA_V3_V6_covariance_s20,phase2/results/predictions/full/electrode/tcn/seed_17/bandpass_n20002_cLA_V3_V6_covariance_s20.npz,76468,068c7dadfdaaff9736d598059c5645b3770b226960d417f6a51dd7f3d4837bd5
tcn,electrode,17,bandpass_n20002_cLA_V3_V6_covariance_s15,phase2/results/predictions/full/electrode/tcn/seed_17/bandpass_n20002_cLA_V3_V6_covariance_s15.npz,76445,ea57fd31a05810f009c816b34aa42e59c9e70b11af9740cb20e2b30d24ef3bff
tcn,electrode,17,bandpass_n20002_cLA_V3_V6_covariance_s10,phase2/results/predictions/full/electrode/tcn/seed_17/bandpass_n20002_cLA_V3_V6_covariance_s10.npz,76398,977997a418ddda1bc92636bfd4291efa3fb8d89fa7c5da3edee37e4ffa7430b3
tcn,electrode,17,bandpass_n20002_cLA_V3_V6_covariance_s5,phase2/results/predictions/full/electrode/tcn/seed_17/bandpass_n20002_cLA_V3_V6_covariance_s5.npz,76272,ecaa31481efbefe566fcb8aec08478fddda77815f1ca15ac98b4d6b957985689
tcn,electrode,17,bandpass_n20002_cLA_V3_V6_covariance_s0,phase2/results/predictions/full/electrode/tcn/seed_17/bandpass_n20002_cLA_V3_V6_covariance_s0.npz,75908,758e1dabd0763ba3f5ed61607e722b993ef64837d43b59388baa03adf58e1b8e
tcn,electrode,17,bandpass_n20002_cLL_V1_V4_independent_rms_s20,phase2/results/predictions/full/electrode/tcn/seed_17/bandpass_n20002_cLL_V1_V4_independent_rms_s20.npz,76463,307fff48644f2ff1bea5e30c59680ba4bae3e6d29e042aeb81e43cffab7481c9
tcn,electrode,17,bandpass_n20002_cLL_V1_V4_independent_rms_s15,phase2/results/predictions/full/electrode/tcn/seed_17/bandpass_n20002_cLL_V1_V4_independent_rms_s15.npz,76427,1a184620ae5613af05947146dee5c10fcd65d2e1df3237663dd07062f1c3005a
tcn,electrode,17,bandpass_n20002_cLL_V1_V4_independent_rms_s10,phase2/results/predictions/full/electrode/tcn/seed_17/bandpass_n20002_cLL_V1_V4_independent_rms_s10.npz,76423,6fddf2fa4ecd515ece0fe66fb96e85d4366f29bf0f6f909e5cf489088da1399b
tcn,electrode,17,bandpass_n20002_cLL_V1_V4_independent_rms_s5,phase2/results/predictions/full/electrode/tcn/seed_17/bandpass_n20002_cLL_V1_V4_independent_rms_s5.npz,76304,91f2a7a683ec56ccf921672eda2dc511b4ec0f7f4eedb417c197651cf40112e5
tcn,electrode,17,bandpass_n20002_cLL_V1_V4_independent_rms_s0,phase2/results/predictions/full/electrode/tcn/seed_17/bandpass_n20002_cLL_V1_V4_independent_rms_s0.npz,75981,d08d9a494a1929100e088bb5a350d25566097c57b886875675f5eb22422179a5
tcn,electrode,17,bandpass_n20002_cLL_V1_V4_electrode_s20,phase2/results/predictions/full/electrode/tcn/seed_17/bandpass_n20002_cLL_V1_V4_electrode_s20.npz,76455,8ca89015e90afbd38386e37988d22fa240dab1b1e701b3a3f00b5e3c6c66aa2a
tcn,electrode,17,bandpass_n20002_cLL_V1_V4_electrode_s15,phase2/results/predictions/full/electrode/tcn/seed_17/bandpass_n20002_cLL_V1_V4_electrode_s15.npz,76437,3c81821343361da8366ad0a590c7c39cf7558b411c7d6d109399b2c8d96e226e
tcn,electrode,17,bandpass_n20002_cLL_V1_V4_electrode_s10,phase2/results/predictions/full/electrode/tcn/seed_17/bandpass_n20002_cLL_V1_V4_electrode_s10.npz,76388,05e3a1542ee1892a2c071bdd7e4d35a4d60fa4d2136b8d8f1fcf57405f7bb1c8
tcn,electrode,17,bandpass_n20002_cLL_V1_V4_electrode_s5,phase2/results/predictions/full/electrode/tcn/seed_17/bandpass_n20002_cLL_V1_V4_electrode_s5.npz,76258,52bd4e04f48c97cbcfd66806373d3cf1165837274bc5c5f88060ba8e3761eff1
tcn,electrode,17,bandpass_n20002_cLL_V1_V4_electrode_s0,phase2/results/predictions/full/electrode/tcn/seed_17/bandpass_n20002_cLL_V1_V4_electrode_s0.npz,75958,fa28ec6f004fbe1620d4de7194a6a279bddbd054b40c32cca74b41e9b34fdaa7
tcn,electrode,17,bandpass_n20002_cLL_V1_V4_covariance_s20,phase2/results/predictions/full/electrode/tcn/seed_17/bandpass_n20002_cLL_V1_V4_covariance_s20.npz,76425,d9232d4740eb1a664c453b010bfab985252faf783e417b7a8d5411019aba3a24
tcn,electrode,17,bandpass_n20002_cLL_V1_V4_covariance_s15,phase2/results/predictions/full/electrode/tcn/seed_17/bandpass_n20002_cLL_V1_V4_covariance_s15.npz,76411,e137790b467d2ea93f75327d829cd5cc2b536c268a8977f10da33efbe89fbeac
tcn,electrode,17,bandpass_n20002_cLL_V1_V4_covariance_s10,phase2/results/predictions/full/electrode/tcn/seed_17/bandpass_n20002_cLL_V1_V4_covariance_s10.npz,76375,d776fd89f1273cdbdfa7bc9f3f8cac7aca2a30360f8fada7db13f30f2541be30
tcn,electrode,17,bandpass_n20002_cLL_V1_V4_covariance_s5,phase2/results/predictions/full/electrode/tcn/seed_17/bandpass_n20002_cLL_V1_V4_covariance_s5.npz,76283,ec1ac5ddfa04054b4178c4ff03c5586a08a7a26bae42111afe68386005beb444
tcn,electrode,17,bandpass_n20002_cLL_V1_V4_covariance_s0,phase2/results/predictions/full/electrode/tcn/seed_17/bandpass_n20002_cLL_V1_V4_covariance_s0.npz,75940,ea91cbe366a3986c5d2608bb8104dbdab2819bf1562226db7cb540f977d8ddf3
tcn,electrode,17,bandpass_n20002_call_independent_rms_s20,phase2/results/predictions/full/electrode/tcn/seed_17/bandpass_n20002_call_independent_rms_s20.npz,76427,a65d003a7f5e7b78fda42fef0aa3d2cc00156701136da42c05c212210be5e2f9
tcn,electrode,17,bandpass_n20002_call_independent_rms_s15,phase2/results/predictions/full/electrode/tcn/seed_17/bandpass_n20002_call_independent_rms_s15.npz,76409,0384269dae789ab05905523427ca863946b61f0e0a437c538e17c298660f9f02
tcn,electrode,17,bandpass_n20002_call_independent_rms_s10,phase2/results/predictions/full/electrode/tcn/seed_17/bandpass_n20002_call_independent_rms_s10.npz,76344,7e22f7fe091097b2adde0d411e502cf157f8d1eba3283c52c2fbbab2dced0c46
tcn,electrode,17,bandpass_n20002_call_independent_rms_s5,phase2/results/predictions/full/electrode/tcn/seed_17/bandpass_n20002_call_independent_rms_s5.npz,76255,72782457f40de26e993e552520815000624528c25a6934503d59e07771c90e66
tcn,electrode,17,bandpass_n20002_call_independent_rms_s0,phase2/results/predictions/full/electrode/tcn/seed_17/bandpass_n20002_call_independent_rms_s0.npz,75970,cb7bb2e9fdda745856e5d7a611651edcee62cbeec7ca4bc041f0746c3d7b7f06
tcn,electrode,17,bandpass_n20002_call_electrode_s20,phase2/results/predictions/full/electrode/tcn/seed_17/bandpass_n20002_call_electrode_s20.npz,76430,94c6ce373ce84b274773717e3f80e8d39345fc254e319c7f53ef55db43b360a0
tcn,electrode,17,bandpass_n20002_call_electrode_s15,phase2/results/predictions/full/electrode/tcn/seed_17/bandpass_n20002_call_electrode_s15.npz,76391,e42de2bdb9f17cb4cffb612577f3a38b1b50d113d3a78db6dfec8440396bb3fc
tcn,electrode,17,bandpass_n20002_call_electrode_s10,phase2/results/predictions/full/electrode/tcn/seed_17/bandpass_n20002_call_electrode_s10.npz,76350,1ecf04fbada62b0fb634cabb49a98b0ae9ab1f612b600baf2ee90bc4324ac2bc
tcn,electrode,17,bandpass_n20002_call_electrode_s5,phase2/results/predictions/full/electrode/tcn/seed_17/bandpass_n20002_call_electrode_s5.npz,76194,9196d6d7d703d1f20f29cc35cdcf7b9a14c231ee7b65cc09e8e6131b445f46d1
tcn,electrode,17,bandpass_n20002_call_electrode_s0,phase2/results/predictions/full/electrode/tcn/seed_17/bandpass_n20002_call_electrode_s0.npz,75829,7b8632b4797595c596f3624a50384d48a1a06270224cde0386b651a91b5d9000
tcn,electrode,17,bandpass_n20002_call_covariance_s20,phase2/results/predictions/full/electrode/tcn/seed_17/bandpass_n20002_call_covariance_s20.npz,76391,92a4cec16de77263941dd5ea846e5ae520b6688c4ae0f8452b1ae659267ce4be
tcn,electrode,17,bandpass_n20002_call_covariance_s15,phase2/results/predictions/full/electrode/tcn/seed_17/bandpass_n20002_call_covariance_s15.npz,76427,3d35d6efcb01dbd290a3a9206d9dc9967d90bb5bea7590f210db6aed34746f2e
tcn,electrode,17,bandpass_n20002_call_covariance_s10,phase2/results/predictions/full/electrode/tcn/seed_17/bandpass_n20002_call_covariance_s10.npz,76335,b1fdd957db9ddf8010a9239a5cddb1de82408961abc2a1c93c1abcefc1ff5e47
tcn,electrode,17,bandpass_n20002_call_covariance_s5,phase2/results/predictions/full/electrode/tcn/seed_17/bandpass_n20002_call_covariance_s5.npz,76215,f04964060fb32e97a5d4d603cc2957880d88a099b238b62d1ba0b81c5c3b1057
tcn,electrode,17,bandpass_n20002_call_covariance_s0,phase2/results/predictions/full/electrode/tcn/seed_17/bandpass_n20002_call_covariance_s0.npz,75842,b7b7a0a2b931d87bd98c30518d101f99f231eb34ae22ada2c885cb11d1aeb15c
tcn,electrode,17,bandpass_n20003_cRA_LA_LL_independent_rms_s20,phase2/results/predictions/full/electrode/tcn/seed_17/bandpass_n20003_cRA_LA_LL_independent_rms_s20.npz,76469,7f12a748fdeef13e7eee839173258288012d514230e2f31d99a73c9e26b37b28
tcn,electrode,17,bandpass_n20003_cRA_LA_LL_independent_rms_s15,phase2/results/predictions/full/electrode/tcn/seed_17/bandpass_n20003_cRA_LA_LL_independent_rms_s15.npz,76448,79b5dcbdef319dd9344a7959f9a2acc41b5ea71402ac358e4eb3bbdf0ccfcd9f
tcn,electrode,17,bandpass_n20003_cRA_LA_LL_independent_rms_s10,phase2/results/predictions/full/electrode/tcn/seed_17/bandpass_n20003_cRA_LA_LL_independent_rms_s10.npz,76408,7ece436d9129f356cc2cfe5abdcd696539571d39cc50b7ab7ae1a32c38413776
tcn,electrode,17,bandpass_n20003_cRA_LA_LL_independent_rms_s5,phase2/results/predictions/full/electrode/tcn/seed_17/bandpass_n20003_cRA_LA_LL_independent_rms_s5.npz,76287,538b24e3ba93d608239ad3f12cd21d3f14adaabe499a40ae2bf455673c722d44
tcn,electrode,17,bandpass_n20003_cRA_LA_LL_independent_rms_s0,phase2/results/predictions/full/electrode/tcn/seed_17/bandpass_n20003_cRA_LA_LL_independent_rms_s0.npz,75960,100e882ef013d2126fcaada17f38952f9ea2f645761582f1681f7258f80d32ae
tcn,electrode,17,bandpass_n20003_cRA_LA_LL_electrode_s20,phase2/results/predictions/full/electrode/tcn/seed_17/bandpass_n20003_cRA_LA_LL_electrode_s20.npz,76425,4788b695e2ea11e4c35410c07a1c16e5cc1b9efd7136c05715c40fa1b6f683f3
tcn,electrode,17,bandpass_n20003_cRA_LA_LL_electrode_s15,phase2/results/predictions/full/electrode/tcn/seed_17/bandpass_n20003_cRA_LA_LL_electrode_s15.npz,76467,d605350f14b4ad99240c1d8c7de0c2509806ed4f5984e112fc7d33fdbea5dc5d
tcn,electrode,17,bandpass_n20003_cRA_LA_LL_electrode_s10,phase2/results/predictions/full/electrode/tcn/seed_17/bandpass_n20003_cRA_LA_LL_electrode_s10.npz,76340,5bc98d073c0e19a65be9dc1792a4b68f3e4d25c91710d1412dfea69aee391ed2
tcn,electrode,17,bandpass_n20003_cRA_LA_LL_electrode_s5,phase2/results/predictions/full/electrode/tcn/seed_17/bandpass_n20003_cRA_LA_LL_electrode_s5.npz,76188,b146732aed9ce3267ba194854bbc90158ba89f8b6ae9526ae748730fb16c47a4
tcn,electrode,17,bandpass_n20003_cRA_LA_LL_electrode_s0,phase2/results/predictions/full/electrode/tcn/seed_17/bandpass_n20003_cRA_LA_LL_electrode_s0.npz,75778,8b74662b73e829440ae52313ff0b68665b3a37ceb1e68be9d624be9ef386674a
tcn,electrode,17,bandpass_n20003_cRA_LA_LL_covariance_s20,phase2/results/predictions/full/electrode/tcn/seed_17/bandpass_n20003_cRA_LA_LL_covariance_s20.npz,76436,470a1044b4f24c1f898c669df5fbca0bd10fe9660679d21e32930d2804ed2caa
tcn,electrode,17,bandpass_n20003_cRA_LA_LL_covariance_s15,phase2/results/predictions/full/electrode/tcn/seed_17/bandpass_n20003_cRA_LA_LL_covariance_s15.npz,76433,e52e46e1ce9c6cce7803a8cd6d3246a77d9361ca855ec12c62264aa528a8ac2d
tcn,electrode,17,bandpass_n20003_cRA_LA_LL_covariance_s10,phase2/results/predictions/full/electrode/tcn/seed_17/bandpass_n20003_cRA_LA_LL_covariance_s10.npz,76333,c0cc5d6c2c19d1b282f339b56e489de8fa356433d8de9acabcfec5baf08549ca
tcn,electrode,17,bandpass_n20003_cRA_LA_LL_covariance_s5,phase2/results/predictions/full/electrode/tcn/seed_17/bandpass_n20003_cRA_LA_LL_covariance_s5.npz,76199,300afe7aa0baef8e6697d95a4b7caaa052a51704fa568d83b806fbde52f2fb04
tcn,electrode,17,bandpass_n20003_cRA_LA_LL_covariance_s0,phase2/results/predictions/full/electrode/tcn/seed_17/bandpass_n20003_cRA_LA_LL_covariance_s0.npz,75785,4163d5b0c2adc7f65057e136cde775491ab295aba6ef840e8f10776fa46ceeab
tcn,electrode,17,bandpass_n20003_cV1_independent_rms_s20,phase2/results/predictions/full/electrode/tcn/seed_17/bandpass_n20003_cV1_independent_rms_s20.npz,76440,840635222632aa319339ae26e62eb40accbe31d49f2ef65dd50d9e84654c04a5
tcn,electrode,17,bandpass_n20003_cV1_independent_rms_s15,phase2/results/predictions/full/electrode/tcn/seed_17/bandpass_n20003_cV1_independent_rms_s15.npz,76443,3719ce0ee88a890517dd480658aa09ed42fb077585bda36ae114dd775b5c096a
tcn,electrode,17,bandpass_n20003_cV1_independent_rms_s10,phase2/results/predictions/full/electrode/tcn/seed_17/bandpass_n20003_cV1_independent_rms_s10.npz,76382,0aa0317a313788d1b0c6c23ea4b48603a2777ceae11354db53451a0726221aa6
tcn,electrode,17,bandpass_n20003_cV1_independent_rms_s5,phase2/results/predictions/full/electrode/tcn/seed_17/bandpass_n20003_cV1_independent_rms_s5.npz,76291,4b043aabd2dd2226e11b87d058bdc83ad5bda842c8b2d9f294d0baf2e5328689
tcn,electrode,17,bandpass_n20003_cV1_independent_rms_s0,phase2/results/predictions/full/electrode/tcn/seed_17/bandpass_n20003_cV1_independent_rms_s0.npz,76049,e41b95306955001de5540569848ac979dea200e519e6bf200ec42e2a7c2020a0
tcn,electrode,17,bandpass_n20003_cV1_electrode_s20,phase2/results/predictions/full/electrode/tcn/seed_17/bandpass_n20003_cV1_electrode_s20.npz,76428,b77bd206bcb465a95a1c4d8fcc063654655c2778aad9b8dafff385c3f196f38f
tcn,electrode,17,bandpass_n20003_cV1_electrode_s15,phase2/results/predictions/full/electrode/tcn/seed_17/bandpass_n20003_cV1_electrode_s15.npz,76420,115816cdeb7ef2a9f68ec7ee44401f918625de78242d4ae06eaaed464262ae2b
tcn,electrode,17,bandpass_n20003_cV1_electrode_s10,phase2/results/predictions/full/electrode/tcn/seed_17/bandpass_n20003_cV1_electrode_s10.npz,76386,727f3dd26c81ccdec9ca0070ef89ea8aa489f95c9df8e4f623c6dad004a98ed6
tcn,electrode,17,bandpass_n20003_cV1_electrode_s5,phase2/results/predictions/full/electrode/tcn/seed_17/bandpass_n20003_cV1_electrode_s5.npz,76246,06e0edb2d5f4ddc6a4fd0b145b4fec2182e3642c1efe4446a606eb0076a9055b
tcn,electrode,17,bandpass_n20003_cV1_electrode_s0,phase2/results/predictions/full/electrode/tcn/seed_17/bandpass_n20003_cV1_electrode_s0.npz,76046,740501e75ded753d1453e7c1dd68e9b2602685b5059a9a90193b934a38183104
tcn,electrode,17,bandpass_n20003_cV1_covariance_s20,phase2/results/predictions/full/electrode/tcn/seed_17/bandpass_n20003_cV1_covariance_s20.npz,76440,b5a76a5c9d9880475c42a402fb9bc087f378631c7e7d1c1d6b8ca8f6a70df288
tcn,electrode,17,bandpass_n20003_cV1_covariance_s15,phase2/results/predictions/full/electrode/tcn/seed_17/bandpass_n20003_cV1_covariance_s15.npz,76427,974b4f2ee1219c8fd44eb95a02ca374c47e716382eb51694b1773ede486987ff
tcn,electrode,17,bandpass_n20003_cV1_covariance_s10,phase2/results/predictions/full/electrode/tcn/seed_17/bandpass_n20003_cV1_covariance_s10.npz,76380,bbcfc76be8969234aacf2283f1ca0f1a20fef81e515d2534041838dd9a850be1
tcn,electrode,17,bandpass_n20003_cV1_covariance_s5,phase2/results/predictions/full/electrode/tcn/seed_17/bandpass_n20003_cV1_covariance_s5.npz,76277,649f675b80d5a85e0aa3b89cfefd3aa503af09a96c067cace45eee5f97215a8c
tcn,electrode,17,bandpass_n20003_cV1_covariance_s0,phase2/results/predictions/full/electrode/tcn/seed_17/bandpass_n20003_cV1_covariance_s0.npz,76049,d31e7923748aa3bd31aaf9067053c9bb03102d8eaa194436a970bafa79d888b0
tcn,electrode,17,bandpass_n20003_cV2_independent_rms_s20,phase2/results/predictions/full/electrode/tcn/seed_17/bandpass_n20003_cV2_independent_rms_s20.npz,76457,dfec4063853f91b6fb6bab4b1c8b9ccbc142772f1473945b1867c21514f7f8df
tcn,electrode,17,bandpass_n20003_cV2_independent_rms_s15,phase2/results/predictions/full/electrode/tcn/seed_17/bandpass_n20003_cV2_independent_rms_s15.npz,76445,e6e87c10eb9b089328ac50db7bdebb70acaac2abf30ba00a1d86eb959fc2fe7f
tcn,electrode,17,bandpass_n20003_cV2_independent_rms_s10,phase2/results/predictions/full/electrode/tcn/seed_17/bandpass_n20003_cV2_independent_rms_s10.npz,76406,f2ef3cdd6de44d0ebfc8489bdac9efc6201527492568fc514eeb8c35fcbbd1ce
tcn,electrode,17,bandpass_n20003_cV2_independent_rms_s5,phase2/results/predictions/full/electrode/tcn/seed_17/bandpass_n20003_cV2_independent_rms_s5.npz,76332,fc8894403a2bd67b3bb2f149cb3adf82b68759d805e6880ab52c033ddb23f94a
tcn,electrode,17,bandpass_n20003_cV2_independent_rms_s0,phase2/results/predictions/full/electrode/tcn/seed_17/bandpass_n20003_cV2_independent_rms_s0.npz,76100,c4e1ba4214b2dd7d3989156faf6b630fa3365ef61927ea1dae9e598c9b727fb4
tcn,electrode,17,bandpass_n20003_cV2_electrode_s20,phase2/results/predictions/full/electrode/tcn/seed_17/bandpass_n20003_cV2_electrode_s20.npz,76414,82f4480a32562818958ff1ec672a21b584d7df8e707ab29b8811c9e588bd708d
tcn,electrode,17,bandpass_n20003_cV2_electrode_s15,phase2/results/predictions/full/electrode/tcn/seed_17/bandpass_n20003_cV2_electrode_s15.npz,76445,1b8e2ab1af63e98376583cd6c9776fc8c16bf221ab4817c21f2e0a2c86a9bb7a
tcn,electrode,17,bandpass_n20003_cV2_electrode_s10,phase2/results/predictions/full/electrode/tcn/seed_17/bandpass_n20003_cV2_electrode_s10.npz,76383,5b65234eee804eb564696ed22448f0a3670d5c79e3988013d65f669077402eff
tcn,electrode,17,bandpass_n20003_cV2_electrode_s5,phase2/results/predictions/full/electrode/tcn/seed_17/bandpass_n20003_cV2_electrode_s5.npz,76304,9147d68cbb6f72fe46958f4091345d3c328233bdd1a8bd3d8f33136dc04d7246
tcn,electrode,17,bandpass_n20003_cV2_electrode_s0,phase2/results/predictions/full/electrode/tcn/seed_17/bandpass_n20003_cV2_electrode_s0.npz,76127,afe715e613e948f9dcb108e8cf80f77b6c49568962e6831e4b062a8e71a272e5
tcn,electrode,17,bandpass_n20003_cV2_covariance_s20,phase2/results/predictions/full/electrode/tcn/seed_17/bandpass_n20003_cV2_covariance_s20.npz,76427,3c82607ea46d538e89c1c08f8d0cb1244ed125e03dacd036a346a947dfabb852
tcn,electrode,17,bandpass_n20003_cV2_covariance_s15,phase2/results/predictions/full/electrode/tcn/seed_17/bandpass_n20003_cV2_covariance_s15.npz,76422,ccaf6c16c443cf200cc345edc5d76c535118a213bd3311ec7550b4fbab445250
tcn,electrode,17,bandpass_n20003_cV2_covariance_s10,phase2/results/predictions/full/electrode/tcn/seed_17/bandpass_n20003_cV2_covariance_s10.npz,76382,7737ad427b9f8bbb060e44ba18f687709547ed99280f8615103335d89b0b19be
tcn,electrode,17,bandpass_n20003_cV2_covariance_s5,phase2/results/predictions/full/electrode/tcn/seed_17/bandpass_n20003_cV2_covariance_s5.npz,76331,e20504d642ae73bd63d4978a0329fde5fb98b517924554da71e23a8e51fc6a22
tcn,electrode,17,bandpass_n20003_cV2_covariance_s0,phase2/results/predictions/full/electrode/tcn/seed_17/bandpass_n20003_cV2_covariance_s0.npz,76112,b65c539b570087b055101732fdfff0593cb2311b7a73dc91e6ae8780ebe5c991
tcn,electrode,17,bandpass_n20003_cV3_independent_rms_s20,phase2/results/predictions/full/electrode/tcn/seed_17/bandpass_n20003_cV3_independent_rms_s20.npz,76468,549ede8211db3292b1d408c14433cae40f4502649bed2d094a8dce3cecefb796
tcn,electrode,17,bandpass_n20003_cV3_independent_rms_s15,phase2/results/predictions/full/electrode/tcn/seed_17/bandpass_n20003_cV3_independent_rms_s15.npz,76415,ce24fb5a3ee325b6ecee4bf7025d0547e449f573103570aea19d59194a37fdbb
tcn,electrode,17,bandpass_n20003_cV3_independent_rms_s10,phase2/results/predictions/full/electrode/tcn/seed_17/bandpass_n20003_cV3_independent_rms_s10.npz,76395,1485f901d9b3f2f9fd4dfc70a1a753423a5cae2576a7045e1d6adec056961be2
tcn,electrode,17,bandpass_n20003_cV3_independent_rms_s5,phase2/results/predictions/full/electrode/tcn/seed_17/bandpass_n20003_cV3_independent_rms_s5.npz,76319,6c3cb4ea1b5293c7ef4c194a14c1965f15e1368d43bb6fabaef0d5bb70736135
tcn,electrode,17,bandpass_n20003_cV3_independent_rms_s0,phase2/results/predictions/full/electrode/tcn/seed_17/bandpass_n20003_cV3_independent_rms_s0.npz,76037,122130ad48dd955199e03f9855e4f3508ddd576a460179ac209bf6a2f789b55c
tcn,electrode,17,bandpass_n20003_cV3_electrode_s20,phase2/results/predictions/full/electrode/tcn/seed_17/bandpass_n20003_cV3_electrode_s20.npz,76427,5e2cd36b457bc3dafd6de8b12619425969ad50cf083c8171388ccbe375143402
tcn,electrode,17,bandpass_n20003_cV3_electrode_s15,phase2/results/predictions/full/electrode/tcn/seed_17/bandpass_n20003_cV3_electrode_s15.npz,76411,b60f3500c6d167ae5c94ec4bea48fda2dbb51365453ebb17f3e00d3327085aa4
tcn,electrode,17,bandpass_n20003_cV3_electrode_s10,phase2/results/predictions/full/electrode/tcn/seed_17/bandpass_n20003_cV3_electrode_s10.npz,76384,4e3bb2b0fe56d4b6d98879b32c3c48e8056531e1d8975702b1d9a5f5611fb097
tcn,electrode,17,bandpass_n20003_cV3_electrode_s5,phase2/results/predictions/full/electrode/tcn/seed_17/bandpass_n20003_cV3_electrode_s5.npz,76292,1f75b976df499ce8d784e611a022ad41431276f6714414b27d94febe717d19f8
tcn,electrode,17,bandpass_n20003_cV3_electrode_s0,phase2/results/predictions/full/electrode/tcn/seed_17/bandpass_n20003_cV3_electrode_s0.npz,76031,b09e309a6ff552b1cf644c396e3047e266a7417add4773eced3f0abcfde38c4d
tcn,electrode,17,bandpass_n20003_cV3_covariance_s20,phase2/results/predictions/full/electrode/tcn/seed_17/bandpass_n20003_cV3_covariance_s20.npz,76437,6700ec8ec60ef8550b786209014f735eae2e47fb239f7a0684d5fceda86d65be
tcn,electrode,17,bandpass_n20003_cV3_covariance_s15,phase2/results/predictions/full/electrode/tcn/seed_17/bandpass_n20003_cV3_covariance_s15.npz,76409,e07190ea78362d94c8a6bc0e5cf444ec1966bf56fe645aadd47e4e0708dba756
tcn,electrode,17,bandpass_n20003_cV3_covariance_s10,phase2/results/predictions/full/electrode/tcn/seed_17/bandpass_n20003_cV3_covariance_s10.npz,76420,348a0e2f5fe5826d9fda8be7de3adbfc920ff1895c9982261655be9ceac0c88b
tcn,electrode,17,bandpass_n20003_cV3_covariance_s5,phase2/results/predictions/full/electrode/tcn/seed_17/bandpass_n20003_cV3_covariance_s5.npz,76323,e0dd931de8b091dafe227735dade2f18742c6b737794d47a1047ffc45934c971
tcn,electrode,17,bandpass_n20003_cV3_covariance_s0,phase2/results/predictions/full/electrode/tcn/seed_17/bandpass_n20003_cV3_covariance_s0.npz,76043,aeb1d6243f847c9d42da0aa63c4f0c36a3c038f9830037d4c71aba4d093c1b1b
tcn,electrode,17,bandpass_n20003_cV4_independent_rms_s20,phase2/results/predictions/full/electrode/tcn/seed_17/bandpass_n20003_cV4_independent_rms_s20.npz,76429,9c589ae9e4a5a007732dc8c2dc18fba12124a87df6f30f25e7a40c05f12e926f
tcn,electrode,17,bandpass_n20003_cV4_independent_rms_s15,phase2/results/predictions/full/electrode/tcn/seed_17/bandpass_n20003_cV4_independent_rms_s15.npz,76445,634a83a6359acc593be97c4b794c9ac0d541dea26775957dccc5b88ec268e846
tcn,electrode,17,bandpass_n20003_cV4_independent_rms_s10,phase2/results/predictions/full/electrode/tcn/seed_17/bandpass_n20003_cV4_independent_rms_s10.npz,76418,a4fba51bb256e917b7e10be1dbc0c2ce029c8c665fbe5f1dee2014c8cbee0bbb
tcn,electrode,17,bandpass_n20003_cV4_independent_rms_s5,phase2/results/predictions/full/electrode/tcn/seed_17/bandpass_n20003_cV4_independent_rms_s5.npz,76416,5360cec7790fc813855767deb6404ec08fb815a3683aba41d7f223fc5e266817
tcn,electrode,17,bandpass_n20003_cV4_independent_rms_s0,phase2/results/predictions/full/electrode/tcn/seed_17/bandpass_n20003_cV4_independent_rms_s0.npz,76296,7c451b7296d8d226b83c63ff36a02b6f77343f8053a0a180278db43582b0f56f
tcn,electrode,17,bandpass_n20003_cV4_electrode_s20,phase2/results/predictions/full/electrode/tcn/seed_17/bandpass_n20003_cV4_electrode_s20.npz,76395,455c5c52fe82dde43cec58d693b2a37e9716af18ff4ecf902b49cc8cd11fd61b
tcn,electrode,17,bandpass_n20003_cV4_electrode_s15,phase2/results/predictions/full/electrode/tcn/seed_17/bandpass_n20003_cV4_electrode_s15.npz,76437,ce6117e9144a92ea3d56977e0157059ba4d05886b675c942937a30b6aee50d2c
tcn,electrode,17,bandpass_n20003_cV4_electrode_s10,phase2/results/predictions/full/electrode/tcn/seed_17/bandpass_n20003_cV4_electrode_s10.npz,76422,2b72f77708a4009c0ea46f6c6a05697399b3704679589144385745e751847550
tcn,electrode,17,bandpass_n20003_cV4_electrode_s5,phase2/results/predictions/full/electrode/tcn/seed_17/bandpass_n20003_cV4_electrode_s5.npz,76393,5eee074ef6b9de662157731f7ad9cf9f456256bb6d81609d4881e33918ce37e7
tcn,electrode,17,bandpass_n20003_cV4_electrode_s0,phase2/results/predictions/full/electrode/tcn/seed_17/bandpass_n20003_cV4_electrode_s0.npz,76288,a6c0a92ecdeeae9b24350dbfcb0b1ec70bcc0e99567a503d9e21e48081ec859e
tcn,electrode,17,bandpass_n20003_cV4_covariance_s20,phase2/results/predictions/full/electrode/tcn/seed_17/bandpass_n20003_cV4_covariance_s20.npz,76433,20dae7bc8b5ab1f850146fc5ebcb82bda14a8c1f06b00a8114faa42fe6af93a0
tcn,electrode,17,bandpass_n20003_cV4_covariance_s15,phase2/results/predictions/full/electrode/tcn/seed_17/bandpass_n20003_cV4_covariance_s15.npz,76425,f5118d9faa296d794b906ed459458cbab427adc4004e9585971a781624dcfec7
tcn,electrode,17,bandpass_n20003_cV4_covariance_s10,phase2/results/predictions/full/electrode/tcn/seed_17/bandpass_n20003_cV4_covariance_s10.npz,76437,8fe31dc80c3889c30229fd8cb16bd6795953fe0bd6050d62d5adcb46799a650f
tcn,electrode,17,bandpass_n20003_cV4_covariance_s5,phase2/results/predictions/full/electrode/tcn/seed_17/bandpass_n20003_cV4_covariance_s5.npz,76383,925858d1371ee7ef2321f80aea670e3186ed00724c2137b6521f9cd4eb7fc958
tcn,electrode,17,bandpass_n20003_cV4_covariance_s0,phase2/results/predictions/full/electrode/tcn/seed_17/bandpass_n20003_cV4_covariance_s0.npz,76282,576b8ddc1235ffcc4a44ac12d3c2cbe7535f958294d7198135fcbd0842e2c8fd
tcn,electrode,17,bandpass_n20003_cV5_independent_rms_s20,phase2/results/predictions/full/electrode/tcn/seed_17/bandpass_n20003_cV5_independent_rms_s20.npz,76445,93332d1e891ea87b200316e88d20af840b5377774f660e4ce896f5166ec702d7
tcn,electrode,17,bandpass_n20003_cV5_independent_rms_s15,phase2/results/predictions/full/electrode/tcn/seed_17/bandpass_n20003_cV5_independent_rms_s15.npz,76424,ae11708652ed3a828eb67d8191454d9ad8aec1a560c728299cec1c78b7920862
tcn,electrode,17,bandpass_n20003_cV5_independent_rms_s10,phase2/results/predictions/full/electrode/tcn/seed_17/bandpass_n20003_cV5_independent_rms_s10.npz,76383,91805f64770367413e8763bed7be104e2c2019774d0c5ee936a5eb2a52880c0e
tcn,electrode,17,bandpass_n20003_cV5_independent_rms_s5,phase2/results/predictions/full/electrode/tcn/seed_17/bandpass_n20003_cV5_independent_rms_s5.npz,76309,a153735ea74003b5abc891005712f6cab95342ee5d49282add672d45da1bc08c
tcn,electrode,17,bandpass_n20003_cV5_independent_rms_s0,phase2/results/predictions/full/electrode/tcn/seed_17/bandpass_n20003_cV5_independent_rms_s0.npz,76118,d17d0fd699584bc988ec7ec11698d25d805962af668f2c910194fb4c0b549897
tcn,electrode,17,bandpass_n20003_cV5_electrode_s20,phase2/results/predictions/full/electrode/tcn/seed_17/bandpass_n20003_cV5_electrode_s20.npz,76440,6bc59024a298ca7ebee5602bc60478f5680417f87308ee4a2af44a23991b1b18
tcn,electrode,17,bandpass_n20003_cV5_electrode_s15,phase2/results/predictions/full/electrode/tcn/seed_17/bandpass_n20003_cV5_electrode_s15.npz,76393,4b11562e4bd4b75f0c1363d07f07e316312d4a8408cac47c5d8e5fa1d2e91231
tcn,electrode,17,bandpass_n20003_cV5_electrode_s10,phase2/results/predictions/full/electrode/tcn/seed_17/bandpass_n20003_cV5_electrode_s10.npz,76371,786e72d67be5eac9ed6f40c3949264fbe04e5f00eee6509a05f2b0e06f24909d
tcn,electrode,17,bandpass_n20003_cV5_electrode_s5,phase2/results/predictions/full/electrode/tcn/seed_17/bandpass_n20003_cV5_electrode_s5.npz,76322,1966b9d54c3f8c4e6b4c2611fe563136e64c57e7ecc9783147b706f0245d2f42
tcn,electrode,17,bandpass_n20003_cV5_electrode_s0,phase2/results/predictions/full/electrode/tcn/seed_17/bandpass_n20003_cV5_electrode_s0.npz,76103,1dcdbc9f978c61a21903c1a416c47e9d5b678930797786579c63d0fac91d5e47
tcn,electrode,17,bandpass_n20003_cV5_covariance_s20,phase2/results/predictions/full/electrode/tcn/seed_17/bandpass_n20003_cV5_covariance_s20.npz,76397,48ba82b0c466c7e8772420aad220b4d2c37ec0d721cc41aacbd0be19192a2073
tcn,electrode,17,bandpass_n20003_cV5_covariance_s15,phase2/results/predictions/full/electrode/tcn/seed_17/bandpass_n20003_cV5_covariance_s15.npz,76433,55d076ee7e243f0272918b7fc462764246bc7a91fb998c16ae57e19055c31211
tcn,electrode,17,bandpass_n20003_cV5_covariance_s10,phase2/results/predictions/full/electrode/tcn/seed_17/bandpass_n20003_cV5_covariance_s10.npz,76373,d91e9dc23971c1c16f40200318a24d87409b389330e3b4adf6fe98dfabb6b377
tcn,electrode,17,bandpass_n20003_cV5_covariance_s5,phase2/results/predictions/full/electrode/tcn/seed_17/bandpass_n20003_cV5_covariance_s5.npz,76306,b664d3a4f627c5e993abffa441fa2fbcb55a0f51896ca3f94af0bb381d506409
tcn,electrode,17,bandpass_n20003_cV5_covariance_s0,phase2/results/predictions/full/electrode/tcn/seed_17/bandpass_n20003_cV5_covariance_s0.npz,76109,2fcb5b418c18c1c8deaa6cb2638f5320edf9ca8d4e74a039f5bfd72bce6f51a3
tcn,electrode,17,bandpass_n20003_cV6_independent_rms_s20,phase2/results/predictions/full/electrode/tcn/seed_17/bandpass_n20003_cV6_independent_rms_s20.npz,76405,893828bc1ed7ecbbd1cc877cd14680b7a33ce44c84dd26afa400a395244144b3
tcn,electrode,17,bandpass_n20003_cV6_independent_rms_s15,phase2/results/predictions/full/electrode/tcn/seed_17/bandpass_n20003_cV6_independent_rms_s15.npz,76412,6e4dd6f325fd43bfc8eecc82ebe57c76f95335d8f54da9ea2e71fed4be5d5149
tcn,electrode,17,bandpass_n20003_cV6_independent_rms_s10,phase2/results/predictions/full/electrode/tcn/seed_17/bandpass_n20003_cV6_independent_rms_s10.npz,76398,13013e4a50bbdf8d6ed9f833bdf3c8f86841b099f02eaca2c6da38460fe5822d
tcn,electrode,17,bandpass_n20003_cV6_independent_rms_s5,phase2/results/predictions/full/electrode/tcn/seed_17/bandpass_n20003_cV6_independent_rms_s5.npz,76326,5bd3cd443e729898cd1092c6373d1878390ff542486f2d836d195b713e5e2650
tcn,electrode,17,bandpass_n20003_cV6_independent_rms_s0,phase2/results/predictions/full/electrode/tcn/seed_17/bandpass_n20003_cV6_independent_rms_s0.npz,76020,e4a19b519529af021cff389b880c7e50661a56aebff5b699263c1d6b6d2daa56
tcn,electrode,17,bandpass_n20003_cV6_electrode_s20,phase2/results/predictions/full/electrode/tcn/seed_17/bandpass_n20003_cV6_electrode_s20.npz,76456,980d4dec5e88c263dcc39632a96d5c5233836c03f84402236242eb0cc6d7350f
tcn,electrode,17,bandpass_n20003_cV6_electrode_s15,phase2/results/predictions/full/electrode/tcn/seed_17/bandpass_n20003_cV6_electrode_s15.npz,76404,156003fef04cde7a09328bff797e1f0467195ab95f40ccd08e1eed0fac7a3fb1
tcn,electrode,17,bandpass_n20003_cV6_electrode_s10,phase2/results/predictions/full/electrode/tcn/seed_17/bandpass_n20003_cV6_electrode_s10.npz,76392,a56c0837c6394ad4aa56ea835f213795f8fc6e496741dedc2d780e14deaa72b1
tcn,electrode,17,bandpass_n20003_cV6_electrode_s5,phase2/results/predictions/full/electrode/tcn/seed_17/bandpass_n20003_cV6_electrode_s5.npz,76292,772669097fdbf75083bcd01a170232793a91dd6a9ea3384b542dab69c97492af
tcn,electrode,17,bandpass_n20003_cV6_electrode_s0,phase2/results/predictions/full/electrode/tcn/seed_17/bandpass_n20003_cV6_electrode_s0.npz,75988,6ffe5ce28a6c684f8e57d87c196a32f47d3e46fa815c4820ca19e59295cb0c3c
tcn,electrode,17,bandpass_n20003_cV6_covariance_s20,phase2/results/predictions/full/electrode/tcn/seed_17/bandpass_n20003_cV6_covariance_s20.npz,76418,8c1abff366f5ac476df8c424565b3e5d97699baec7d4233c3fa9fe3953d02eb7
tcn,electrode,17,bandpass_n20003_cV6_covariance_s15,phase2/results/predictions/full/electrode/tcn/seed_17/bandpass_n20003_cV6_covariance_s15.npz,76448,73bd50527445b963d954007754adaa12db5ad84552d72c4c73c20b8465af6b39
tcn,electrode,17,bandpass_n20003_cV6_covariance_s10,phase2/results/predictions/full/electrode/tcn/seed_17/bandpass_n20003_cV6_covariance_s10.npz,76395,b5ab9ebd49c6d20731c4d799543dd7f6cc1b993bff4ff6183459d50ca37486b1
tcn,electrode,17,bandpass_n20003_cV6_covariance_s5,phase2/results/predictions/full/electrode/tcn/seed_17/bandpass_n20003_cV6_covariance_s5.npz,76290,8639daff80bc56e86357854f7498bb479a76a5bad0cd88240f4d4d9b87e34064
tcn,electrode,17,bandpass_n20003_cV6_covariance_s0,phase2/results/predictions/full/electrode/tcn/seed_17/bandpass_n20003_cV6_covariance_s0.npz,75970,3681df291597bc4d3d95e9ea66792802da6b1983336679b4069272d87493ce42
tcn,electrode,17,bandpass_n20003_cRA_LA_independent_rms_s20,phase2/results/predictions/full/electrode/tcn/seed_17/bandpass_n20003_cRA_LA_independent_rms_s20.npz,76455,626e00d4b4d1986a815fd2f4e8e959ce75af3080218dc43caacb16e5979abd0f
tcn,electrode,17,bandpass_n20003_cRA_LA_independent_rms_s15,phase2/results/predictions/full/electrode/tcn/seed_17/bandpass_n20003_cRA_LA_independent_rms_s15.npz,76457,ce7a8984c1eacd9e2185114ea668c2964ce1a43a964900c4ceb79693550b0476
tcn,electrode,17,bandpass_n20003_cRA_LA_independent_rms_s10,phase2/results/predictions/full/electrode/tcn/seed_17/bandpass_n20003_cRA_LA_independent_rms_s10.npz,76407,e690469287847221906abaf474ad9f1a91107b800969dcaa59304bb0990bd204
tcn,electrode,17,bandpass_n20003_cRA_LA_independent_rms_s5,phase2/results/predictions/full/electrode/tcn/seed_17/bandpass_n20003_cRA_LA_independent_rms_s5.npz,76309,4ce3854e06f6f2825064254bb645cce59dbfe0fc25d6ebe58f083dca43284ad1
tcn,electrode,17,bandpass_n20003_cRA_LA_independent_rms_s0,phase2/results/predictions/full/electrode/tcn/seed_17/bandpass_n20003_cRA_LA_independent_rms_s0.npz,76026,f62e59fa0fa5d8783bf08e78ef4c9a4111b0f102451e7611bc2dcfbf26fdfb8d
tcn,electrode,17,bandpass_n20003_cRA_LA_electrode_s20,phase2/results/predictions/full/electrode/tcn/seed_17/bandpass_n20003_cRA_LA_electrode_s20.npz,76427,2c388f7ebe003a2e631f323ae318786cd6763bafb21a285149578d424d1e1bac
tcn,electrode,17,bandpass_n20003_cRA_LA_electrode_s15,phase2/results/predictions/full/electrode/tcn/seed_17/bandpass_n20003_cRA_LA_electrode_s15.npz,76420,98e3066e2d29792db2053caeadbe9b72f828e3abe463bfb4cdf2a35d1f6a9eab
tcn,electrode,17,bandpass_n20003_cRA_LA_electrode_s10,phase2/results/predictions/full/electrode/tcn/seed_17/bandpass_n20003_cRA_LA_electrode_s10.npz,76338,91e237fe1ff0c6b1e6c90b93871ab11aa351959d329b5e6d30a58fa2db8ed417
tcn,electrode,17,bandpass_n20003_cRA_LA_electrode_s5,phase2/results/predictions/full/electrode/tcn/seed_17/bandpass_n20003_cRA_LA_electrode_s5.npz,76211,66c3c4607459aee23c6307a7a31a8af9ff89dbf97a6fc6ca82248d1185f39f5a
tcn,electrode,17,bandpass_n20003_cRA_LA_electrode_s0,phase2/results/predictions/full/electrode/tcn/seed_17/bandpass_n20003_cRA_LA_electrode_s0.npz,75765,a263536c8509a67d25a3b2d38f26887fb7a333b99c2e160d5fe25f888933cbf3
tcn,electrode,17,bandpass_n20003_cRA_LA_covariance_s20,phase2/results/predictions/full/electrode/tcn/seed_17/bandpass_n20003_cRA_LA_covariance_s20.npz,76426,d0f02bda2927936452237850b0cd2e190a867e401ca40da5e80b8eab6b2ae4f5
tcn,electrode,17,bandpass_n20003_cRA_LA_covariance_s15,phase2/results/predictions/full/electrode/tcn/seed_17/bandpass_n20003_cRA_LA_covariance_s15.npz,76431,d9d6e6996bc1815112e0ddc042f6240265a97ef3d8147997715d95f13d0667c5
tcn,electrode,17,bandpass_n20003_cRA_LA_covariance_s10,phase2/results/predictions/full/electrode/tcn/seed_17/bandpass_n20003_cRA_LA_covariance_s10.npz,76322,d251d308b949bda5e7dc36a6b98d502d0994cc5c32490bc52a4a85fdca8cfa3f
tcn,electrode,17,bandpass_n20003_cRA_LA_covariance_s5,phase2/results/predictions/full/electrode/tcn/seed_17/bandpass_n20003_cRA_LA_covariance_s5.npz,76195,664c67f4c4586eaa7455ed929a3087bb18d9045b3fbf6ad0c225d333b54a6af9
tcn,electrode,17,bandpass_n20003_cRA_LA_covariance_s0,phase2/results/predictions/full/electrode/tcn/seed_17/bandpass_n20003_cRA_LA_covariance_s0.npz,75783,d0f97e2a91b0df0e8656f9a33771278b35f9b38b358729e315fbe63d21f27296
tcn,electrode,17,bandpass_n20003_cLA_LL_independent_rms_s20,phase2/results/predictions/full/electrode/tcn/seed_17/bandpass_n20003_cLA_LL_independent_rms_s20.npz,76442,5cab1a564fc1add3f8b90531be66828ac16335227a4d69de1de9ed5f306168e1
tcn,electrode,17,bandpass_n20003_cLA_LL_independent_rms_s15,phase2/results/predictions/full/electrode/tcn/seed_17/bandpass_n20003_cLA_LL_independent_rms_s15.npz,76455,979709ca37695d0fcea93e83145288712fa61587bbe28fc6b388ae1cdb49b214
tcn,electrode,17,bandpass_n20003_cLA_LL_independent_rms_s10,phase2/results/predictions/full/electrode/tcn/seed_17/bandpass_n20003_cLA_LL_independent_rms_s10.npz,76404,9d17466a704f7e2773c8914372c398ac54e40a03ef9b8a99305427f35ac34961
tcn,electrode,17,bandpass_n20003_cLA_LL_independent_rms_s5,phase2/results/predictions/full/electrode/tcn/seed_17/bandpass_n20003_cLA_LL_independent_rms_s5.npz,76316,b25b23cea957f58e1baadb096f323ed67fd3b22dac3751ac0cbb087da758ed29
tcn,electrode,17,bandpass_n20003_cLA_LL_independent_rms_s0,phase2/results/predictions/full/electrode/tcn/seed_17/bandpass_n20003_cLA_LL_independent_rms_s0.npz,75995,3ed842a79446b397e580b1853377cc19e41e87db2f6431ffe17ad7fdb335f0ed
tcn,electrode,17,bandpass_n20003_cLA_LL_electrode_s20,phase2/results/predictions/full/electrode/tcn/seed_17/bandpass_n20003_cLA_LL_electrode_s20.npz,76419,a02e04b46b31dbc78e8782481ab1182c9a5c064f4ccc9fa23895b212d18989e5
tcn,electrode,17,bandpass_n20003_cLA_LL_electrode_s15,phase2/results/predictions/full/electrode/tcn/seed_17/bandpass_n20003_cLA_LL_electrode_s15.npz,76425,c79ee38bcd997b9348fde1405e034ea80cff343de22dc6331124fcfcba379256
tcn,electrode,17,bandpass_n20003_cLA_LL_electrode_s10,phase2/results/predictions/full/electrode/tcn/seed_17/bandpass_n20003_cLA_LL_electrode_s10.npz,76380,4f0685045ec8b61f0da38438f769cd429dcbbc7be0847bab68fa20728ea9e560
tcn,electrode,17,bandpass_n20003_cLA_LL_electrode_s5,phase2/results/predictions/full/electrode/tcn/seed_17/bandpass_n20003_cLA_LL_electrode_s5.npz,76247,4f793c66beb00f69091b66acdec385ad0fc643dae5e3d7a1931290c6b84b1b06
tcn,electrode,17,bandpass_n20003_cLA_LL_electrode_s0,phase2/results/predictions/full/electrode/tcn/seed_17/bandpass_n20003_cLA_LL_electrode_s0.npz,75824,6e4cb811d058633f669fb08e212e69c8bf63a6a2ba6385158b9df04549bb9e5f
tcn,electrode,17,bandpass_n20003_cLA_LL_covariance_s20,phase2/results/predictions/full/electrode/tcn/seed_17/bandpass_n20003_cLA_LL_covariance_s20.npz,76435,1ab911007d402990dffdaba53e3f49c74c865292f21495bfdc569ee8c1854f19
tcn,electrode,17,bandpass_n20003_cLA_LL_covariance_s15,phase2/results/predictions/full/electrode/tcn/seed_17/bandpass_n20003_cLA_LL_covariance_s15.npz,76429,33e22dc9923d43700c18f828d600141b67f43793c9b9b14a4da020b51811ccbd
tcn,electrode,17,bandpass_n20003_cLA_LL_covariance_s10,phase2/results/predictions/full/electrode/tcn/seed_17/bandpass_n20003_cLA_LL_covariance_s10.npz,76385,1dc6e5d3ad34c7fee1caa7d452ac6d334a29fc19f24570163438d087ccade23d
tcn,electrode,17,bandpass_n20003_cLA_LL_covariance_s5,phase2/results/predictions/full/electrode/tcn/seed_17/bandpass_n20003_cLA_LL_covariance_s5.npz,76237,a620085e5c9bd156edd1d475fa3cd6bd8fc34fc4db3a1b9e386ede3663d3c273
tcn,electrode,17,bandpass_n20003_cLA_LL_covariance_s0,phase2/results/predictions/full/electrode/tcn/seed_17/bandpass_n20003_cLA_LL_covariance_s0.npz,75856,b80521449b2154ef357e723d2a194a1a153b98e67fff7e31c2a81517ebcad976
tcn,electrode,17,bandpass_n20003_cRA_LL_independent_rms_s20,phase2/results/predictions/full/electrode/tcn/seed_17/bandpass_n20003_cRA_LL_independent_rms_s20.npz,76450,6556090e59c099bec9970ee927b9b7ffd1208d311d760361b837cbc614ed4ffd
tcn,electrode,17,bandpass_n20003_cRA_LL_independent_rms_s15,phase2/results/predictions/full/electrode/tcn/seed_17/bandpass_n20003_cRA_LL_independent_rms_s15.npz,76440,ac5398b4896ed01d9945bf6e979ffe8371c661ca0a3cce0dde0486a3bf4c6afe
tcn,electrode,17,bandpass_n20003_cRA_LL_independent_rms_s10,phase2/results/predictions/full/electrode/tcn/seed_17/bandpass_n20003_cRA_LL_independent_rms_s10.npz,76382,95b44c1ace8efb6d2dd4c19c673bd4bc1547045b9aaee7fbd61e95f9c4bc4e4d
tcn,electrode,17,bandpass_n20003_cRA_LL_independent_rms_s5,phase2/results/predictions/full/electrode/tcn/seed_17/bandpass_n20003_cRA_LL_independent_rms_s5.npz,76252,8cb5933dd58f1b225a169dec93b7f9e7a8cafa68d70ad6cc02ce4fb592a12b8a
tcn,electrode,17,bandpass_n20003_cRA_LL_independent_rms_s0,phase2/results/predictions/full/electrode/tcn/seed_17/bandpass_n20003_cRA_LL_independent_rms_s0.npz,75909,59d9d9659d564bb740c23e55c7625c9ef6a5d2b7d00789ea8594aaad53a95236
tcn,electrode,17,bandpass_n20003_cRA_LL_electrode_s20,phase2/results/predictions/full/electrode/tcn/seed_17/bandpass_n20003_cRA_LL_electrode_s20.npz,76406,5f36d53351595487849ffb041997b5b9666f99c7be5fd52f70a4a5e28f7421d5
tcn,electrode,17,bandpass_n20003_cRA_LL_electrode_s15,phase2/results/predictions/full/electrode/tcn/seed_17/bandpass_n20003_cRA_LL_electrode_s15.npz,76429,1bd46aba30a553b728a9ef51c649e340af9209e4d05a60273ee40fa6756814c3
tcn,electrode,17,bandpass_n20003_cRA_LL_electrode_s10,phase2/results/predictions/full/electrode/tcn/seed_17/bandpass_n20003_cRA_LL_electrode_s10.npz,76382,1450cdd21ec7c2b2780fd5861d33da786985b73d6deed2c9d9ae3452be386a80
tcn,electrode,17,bandpass_n20003_cRA_LL_electrode_s5,phase2/results/predictions/full/electrode/tcn/seed_17/bandpass_n20003_cRA_LL_electrode_s5.npz,76196,82a42065c7e320e3c381d82584b818fa1f9d514b7f0594fadf7345f8a0045428
tcn,electrode,17,bandpass_n20003_cRA_LL_electrode_s0,phase2/results/predictions/full/electrode/tcn/seed_17/bandpass_n20003_cRA_LL_electrode_s0.npz,75806,7268377f0913b8899afe9eaf8d5e846a8af662dd724144781ad2e50f31671bc0
tcn,electrode,17,bandpass_n20003_cRA_LL_covariance_s20,phase2/results/predictions/full/electrode/tcn/seed_17/bandpass_n20003_cRA_LL_covariance_s20.npz,76437,216dff2a7facbe450dcedc877bcecaec3ddc6a764f7b11e9d4b814662d369e2c
tcn,electrode,17,bandpass_n20003_cRA_LL_covariance_s15,phase2/results/predictions/full/electrode/tcn/seed_17/bandpass_n20003_cRA_LL_covariance_s15.npz,76414,29158522b939c8eadd9861c04d4b7cd2bc676f03f425ffa95b39ee85e35a3410
tcn,electrode,17,bandpass_n20003_cRA_LL_covariance_s10,phase2/results/predictions/full/electrode/tcn/seed_17/bandpass_n20003_cRA_LL_covariance_s10.npz,76339,910b57fb213159628ce38080ca7de756e78b028012a8612f294998023aee78d7
tcn,electrode,17,bandpass_n20003_cRA_LL_covariance_s5,phase2/results/predictions/full/electrode/tcn/seed_17/bandpass_n20003_cRA_LL_covariance_s5.npz,76197,e997bae1cff51ee4be9431acd4da2504cb291495d3747a11746b65d4721e03f0
tcn,electrode,17,bandpass_n20003_cRA_LL_covariance_s0,phase2/results/predictions/full/electrode/tcn/seed_17/bandpass_n20003_cRA_LL_covariance_s0.npz,75799,766c7975e15ac8273ac9980ea8a2a38e6abb8faaf80029e38af830679ac85378
tcn,electrode,17,bandpass_n20003_cRA_independent_rms_s20,phase2/results/predictions/full/electrode/tcn/seed_17/bandpass_n20003_cRA_independent_rms_s20.npz,76443,606c3b6cd95703e36ceefc42a54f1061244e7a8f62c4ee152b1663c1d1616298
tcn,electrode,17,bandpass_n20003_cRA_independent_rms_s15,phase2/results/predictions/full/electrode/tcn/seed_17/bandpass_n20003_cRA_independent_rms_s15.npz,76422,c5bf61bbad369cff073d186c91a0b988c069fa89945325cfa49b8c9e9ec1a995
tcn,electrode,17,bandpass_n20003_cRA_independent_rms_s10,phase2/results/predictions/full/electrode/tcn/seed_17/bandpass_n20003_cRA_independent_rms_s10.npz,76368,06ac229aedc33d086638c2f14e23ef94ad40bbd883d70c8e32ff917246a0ecef
tcn,electrode,17,bandpass_n20003_cRA_independent_rms_s5,phase2/results/predictions/full/electrode/tcn/seed_17/bandpass_n20003_cRA_independent_rms_s5.npz,76243,a5c2831f7ffb68012a75c974ccbc40f7279993939db7d796ad212c0a14d12b48
tcn,electrode,17,bandpass_n20003_cRA_independent_rms_s0,phase2/results/predictions/full/electrode/tcn/seed_17/bandpass_n20003_cRA_independent_rms_s0.npz,75895,808cc0a6004e039f8d61303876b756d91d24d971889aff15eae166810d4ab94a
tcn,electrode,17,bandpass_n20003_cRA_electrode_s20,phase2/results/predictions/full/electrode/tcn/seed_17/bandpass_n20003_cRA_electrode_s20.npz,76408,9b65305f28cdc92679b78006acb27e202b472d1bf6828dbe9c6b406cad952d1e
tcn,electrode,17,bandpass_n20003_cRA_electrode_s15,phase2/results/predictions/full/electrode/tcn/seed_17/bandpass_n20003_cRA_electrode_s15.npz,76412,2cbe7f6afedb7539039dfd1709dc279b27e7b9c492067139c3f586dce17b3df8
tcn,electrode,17,bandpass_n20003_cRA_electrode_s10,phase2/results/predictions/full/electrode/tcn/seed_17/bandpass_n20003_cRA_electrode_s10.npz,76323,5b3c36025ea65a81fd98f5c749b57a9f050912ab5f59d3eeed10006e22235d5f
tcn,electrode,17,bandpass_n20003_cRA_electrode_s5,phase2/results/predictions/full/electrode/tcn/seed_17/bandpass_n20003_cRA_electrode_s5.npz,76203,389a3d0ce603c11b8da6900b9f2c60ebab7df4a25f6dd21c574566b26ef41bcf
tcn,electrode,17,bandpass_n20003_cRA_electrode_s0,phase2/results/predictions/full/electrode/tcn/seed_17/bandpass_n20003_cRA_electrode_s0.npz,75861,c7ce7f1dec6960e3cd4116e9c756fc8aae70d3d5d5b323669fc28090e1be4213
tcn,electrode,17,bandpass_n20003_cRA_covariance_s20,phase2/results/predictions/full/electrode/tcn/seed_17/bandpass_n20003_cRA_covariance_s20.npz,76415,aff18456422313d5db3171b4d2bc986180ba1c7ef1dbd7402f39dae1461b2185
tcn,electrode,17,bandpass_n20003_cRA_covariance_s15,phase2/results/predictions/full/electrode/tcn/seed_17/bandpass_n20003_cRA_covariance_s15.npz,76402,91702cab94ab48a9b8272e646444ee9ae22fbbdf9ae79d1abd5835d7b3f2061d
tcn,electrode,17,bandpass_n20003_cRA_covariance_s10,phase2/results/predictions/full/electrode/tcn/seed_17/bandpass_n20003_cRA_covariance_s10.npz,76297,d4953aa1ff477371fbd038e19887dcc985c4b158b87661bc70fcbda02c93897a
tcn,electrode,17,bandpass_n20003_cRA_covariance_s5,phase2/results/predictions/full/electrode/tcn/seed_17/bandpass_n20003_cRA_covariance_s5.npz,76203,2c4e1f9e07255bb6d4c460b5b35f027ffd23be3c79f1b3bcdde274a76c110667
tcn,electrode,17,bandpass_n20003_cRA_covariance_s0,phase2/results/predictions/full/electrode/tcn/seed_17/bandpass_n20003_cRA_covariance_s0.npz,75837,dca84507a26df77bb4e475fd42ade39757263fb0b58ae9f9c6ed3de454a4da7f
tcn,electrode,17,bandpass_n20003_cLA_independent_rms_s20,phase2/results/predictions/full/electrode/tcn/seed_17/bandpass_n20003_cLA_independent_rms_s20.npz,76452,94f6b15016c99211be85ebd27c56c44f61aaeeb1f8c0484a80120a4d7ee0418a
tcn,electrode,17,bandpass_n20003_cLA_independent_rms_s15,phase2/results/predictions/full/electrode/tcn/seed_17/bandpass_n20003_cLA_independent_rms_s15.npz,76450,b2c9d7de999ac0d0b2ccfad57da1a233089631ddfb1bfa7f02230990aba59543
tcn,electrode,17,bandpass_n20003_cLA_independent_rms_s10,phase2/results/predictions/full/electrode/tcn/seed_17/bandpass_n20003_cLA_independent_rms_s10.npz,76413,5d7a60ed906c641bd89041acb74ff83f4f6c77dc50c3ec7be1df4962e798ee25
tcn,electrode,17,bandpass_n20003_cLA_independent_rms_s5,phase2/results/predictions/full/electrode/tcn/seed_17/bandpass_n20003_cLA_independent_rms_s5.npz,76317,75ac832793cf371a2fd31d64056be1996f54e423a345f3444ba9c5c5268d7db0
tcn,electrode,17,bandpass_n20003_cLA_independent_rms_s0,phase2/results/predictions/full/electrode/tcn/seed_17/bandpass_n20003_cLA_independent_rms_s0.npz,76070,9c0e7c976427c86b5c89908461f8747a37bfdf7238d2f1286ab41f8713a9c397
tcn,electrode,17,bandpass_n20003_cLA_electrode_s20,phase2/results/predictions/full/electrode/tcn/seed_17/bandpass_n20003_cLA_electrode_s20.npz,76418,58a65fdeba10be383c4bafa09daa84a8e7a32c6b1c2546ac3d88f38542463199
tcn,electrode,17,bandpass_n20003_cLA_electrode_s15,phase2/results/predictions/full/electrode/tcn/seed_17/bandpass_n20003_cLA_electrode_s15.npz,76440,0844af1c9ee82359e60a53cb80970204c5723404d9d5041dbc99c108868ace4f
tcn,electrode,17,bandpass_n20003_cLA_electrode_s10,phase2/results/predictions/full/electrode/tcn/seed_17/bandpass_n20003_cLA_electrode_s10.npz,76363,fe32f336cbe5f4977f1767ce29bc8f018a84f0dd2214a1c5cce633cb911572da
tcn,electrode,17,bandpass_n20003_cLA_electrode_s5,phase2/results/predictions/full/electrode/tcn/seed_17/bandpass_n20003_cLA_electrode_s5.npz,76239,c696927a283fb32fd06030b2e821d25ccc7dbcad7f71d362cfa41deef52c2331
tcn,electrode,17,bandpass_n20003_cLA_electrode_s0,phase2/results/predictions/full/electrode/tcn/seed_17/bandpass_n20003_cLA_electrode_s0.npz,75864,98469c50fcceecbe55f9cbaf1d2f773c9e590c0c97436a49c440a5e897f1343d
tcn,electrode,17,bandpass_n20003_cLA_covariance_s20,phase2/results/predictions/full/electrode/tcn/seed_17/bandpass_n20003_cLA_covariance_s20.npz,76438,1431cd5b64e5c6b4d9befcd5fcf48a54cf130b4780379e71c8707c0da53e8535
tcn,electrode,17,bandpass_n20003_cLA_covariance_s15,phase2/results/predictions/full/electrode/tcn/seed_17/bandpass_n20003_cLA_covariance_s15.npz,76407,78361324feae964a6581a62847481797bd6dc04cab22d05aca6e180af5c15ee1
tcn,electrode,17,bandpass_n20003_cLA_covariance_s10,phase2/results/predictions/full/electrode/tcn/seed_17/bandpass_n20003_cLA_covariance_s10.npz,76339,50da86edde20d5268c62e2ea82db94e45c96a0f3f53ed17e63f8b6e5625f2e50
tcn,electrode,17,bandpass_n20003_cLA_covariance_s5,phase2/results/predictions/full/electrode/tcn/seed_17/bandpass_n20003_cLA_covariance_s5.npz,76215,a6209d2895766ab097496ea4b618a6b43f0ae92f02b3eaabb298b4a3d8066321
tcn,electrode,17,bandpass_n20003_cLA_covariance_s0,phase2/results/predictions/full/electrode/tcn/seed_17/bandpass_n20003_cLA_covariance_s0.npz,75841,eb74d2d49a47f7d1ec1fbd8c578c807dedaf60726ba9187d5977cf2a53a9208e
tcn,electrode,17,bandpass_n20003_cLL_independent_rms_s20,phase2/results/predictions/full/electrode/tcn/seed_17/bandpass_n20003_cLL_independent_rms_s20.npz,76439,941ae2d0db634d0764645bb1dc7675e0103310c1a7088ce96ca3e0372e4e8bf3
tcn,electrode,17,bandpass_n20003_cLL_independent_rms_s15,phase2/results/predictions/full/electrode/tcn/seed_17/bandpass_n20003_cLL_independent_rms_s15.npz,76414,2b8375e2c5c91969954bae75bf2be7821bdb2b5534f18a2a7b6ac0e1e5f0901c
tcn,electrode,17,bandpass_n20003_cLL_independent_rms_s10,phase2/results/predictions/full/electrode/tcn/seed_17/bandpass_n20003_cLL_independent_rms_s10.npz,76415,5cb679e7c9e9247f3acb55dd51dfeee075675ad6d8bd764557cf76de2a3fe646
tcn,electrode,17,bandpass_n20003_cLL_independent_rms_s5,phase2/results/predictions/full/electrode/tcn/seed_17/bandpass_n20003_cLL_independent_rms_s5.npz,76274,3b4539b5ce7c6f570a0931a6549c8cf5fc7a5333a1d50ff565c47021921ee44d
tcn,electrode,17,bandpass_n20003_cLL_independent_rms_s0,phase2/results/predictions/full/electrode/tcn/seed_17/bandpass_n20003_cLL_independent_rms_s0.npz,75905,192a3afc93d73334d9f660cbc5a8e711ff385f065530af237c97f388c6aa6b2a
tcn,electrode,17,bandpass_n20003_cLL_electrode_s20,phase2/results/predictions/full/electrode/tcn/seed_17/bandpass_n20003_cLL_electrode_s20.npz,76436,85415fe0d627b0149ef80bb7babd92b33dcefb1c8c57fe2b8b9f09094a2ff37c
tcn,electrode,17,bandpass_n20003_cLL_electrode_s15,phase2/results/predictions/full/electrode/tcn/seed_17/bandpass_n20003_cLL_electrode_s15.npz,76425,0951623940ae7d34d0f193e451bec865316e875e2b770de96469374e6480d900
tcn,electrode,17,bandpass_n20003_cLL_electrode_s10,phase2/results/predictions/full/electrode/tcn/seed_17/bandpass_n20003_cLL_electrode_s10.npz,76349,fa9964e80dc300fdcde0c7ada09b39e83c792bfc7f2540aeda5b3f34a2c873d7
tcn,electrode,17,bandpass_n20003_cLL_electrode_s5,phase2/results/predictions/full/electrode/tcn/seed_17/bandpass_n20003_cLL_electrode_s5.npz,76216,d5cbe5669a8a08a682f129a6d622023e0e2dc60c532dafae167163892acadb4d
tcn,electrode,17,bandpass_n20003_cLL_electrode_s0,phase2/results/predictions/full/electrode/tcn/seed_17/bandpass_n20003_cLL_electrode_s0.npz,75867,1dae5b59ce9de2a331727f9983cd7ad1e0ec962773e94c1b4e185e657264aa7c
tcn,electrode,17,bandpass_n20003_cLL_covariance_s20,phase2/results/predictions/full/electrode/tcn/seed_17/bandpass_n20003_cLL_covariance_s20.npz,76443,3b94e24a1b84eb8d4fb05bb4c10e6594c859f325c5a1756f478ff8b705a38642
tcn,electrode,17,bandpass_n20003_cLL_covariance_s15,phase2/results/predictions/full/electrode/tcn/seed_17/bandpass_n20003_cLL_covariance_s15.npz,76416,0c09b43174fa2f571f30d24de37cd9fd31fde9debb422059b666faee8dd57eb9
tcn,electrode,17,bandpass_n20003_cLL_covariance_s10,phase2/results/predictions/full/electrode/tcn/seed_17/bandpass_n20003_cLL_covariance_s10.npz,76353,cdb373cf234f468928cd2195689f29da9d8bc4decf164055c8582a82be8ab126
tcn,electrode,17,bandpass_n20003_cLL_covariance_s5,phase2/results/predictions/full/electrode/tcn/seed_17/bandpass_n20003_cLL_covariance_s5.npz,76207,f0afd73ae44c81b5947d25f896086bf0404b73f6a8335c89a16913a5fc603b56
tcn,electrode,17,bandpass_n20003_cLL_covariance_s0,phase2/results/predictions/full/electrode/tcn/seed_17/bandpass_n20003_cLL_covariance_s0.npz,75858,54c57d4610e0ae5b03b9bfb3b3a54dd85b443297c668d9c0e51699eaec1e815a
tcn,electrode,17,bandpass_n20003_cRA_V1_independent_rms_s20,phase2/results/predictions/full/electrode/tcn/seed_17/bandpass_n20003_cRA_V1_independent_rms_s20.npz,76467,f48d03439f9729635fb51bdfd34cb8881daac8c3dbe87717f50c0dfd0046108d
tcn,electrode,17,bandpass_n20003_cRA_V1_independent_rms_s15,phase2/results/predictions/full/electrode/tcn/seed_17/bandpass_n20003_cRA_V1_independent_rms_s15.npz,76447,6af3bf13a91ab8f745ea6be005d824083e44e69f16ab98e5526ac6669ad611eb
tcn,electrode,17,bandpass_n20003_cRA_V1_independent_rms_s10,phase2/results/predictions/full/electrode/tcn/seed_17/bandpass_n20003_cRA_V1_independent_rms_s10.npz,76401,518f635149c208a1a115e86e94330e4e641df5f1dbeb12dddf7e26b063b487ae
tcn,electrode,17,bandpass_n20003_cRA_V1_independent_rms_s5,phase2/results/predictions/full/electrode/tcn/seed_17/bandpass_n20003_cRA_V1_independent_rms_s5.npz,76268,4eb2b267db1b6c5f81fe41bc7c75b3850a91b24a299796a3d93e49e9d7d359e2
tcn,electrode,17,bandpass_n20003_cRA_V1_independent_rms_s0,phase2/results/predictions/full/electrode/tcn/seed_17/bandpass_n20003_cRA_V1_independent_rms_s0.npz,75956,fb96a41e2f0fffe84a02a83d43325c4cacf6d267042a6fa3ce65770051b983fb
tcn,electrode,17,bandpass_n20003_cRA_V1_electrode_s20,phase2/results/predictions/full/electrode/tcn/seed_17/bandpass_n20003_cRA_V1_electrode_s20.npz,76444,2d406fe2b764a35bcf6e364621dfd6d45af785d67449a751d159b295cafac388
tcn,electrode,17,bandpass_n20003_cRA_V1_electrode_s15,phase2/results/predictions/full/electrode/tcn/seed_17/bandpass_n20003_cRA_V1_electrode_s15.npz,76435,a22c01b49ee30410ba98c2cab681d6a59f50e388ef18fbcc706b322832d8eed5
tcn,electrode,17,bandpass_n20003_cRA_V1_electrode_s10,phase2/results/predictions/full/electrode/tcn/seed_17/bandpass_n20003_cRA_V1_electrode_s10.npz,76387,5713147523358f3f7c55aa58ed06ce05126a395de4403f60d01fd07b8553433c
tcn,electrode,17,bandpass_n20003_cRA_V1_electrode_s5,phase2/results/predictions/full/electrode/tcn/seed_17/bandpass_n20003_cRA_V1_electrode_s5.npz,76226,92fc74a8e6745fb8c2f89fc583f4ee72285f432972b55dec7a0d9d04e98092e8
tcn,electrode,17,bandpass_n20003_cRA_V1_electrode_s0,phase2/results/predictions/full/electrode/tcn/seed_17/bandpass_n20003_cRA_V1_electrode_s0.npz,75916,b586f8a1afa1d933f1350a4f1f4bcdb24ceeba24e581ef26d0725669043f1538
tcn,electrode,17,bandpass_n20003_cRA_V1_covariance_s20,phase2/results/predictions/full/electrode/tcn/seed_17/bandpass_n20003_cRA_V1_covariance_s20.npz,76451,49679a7a5e4f086318c8c79043ec609257edab5c9c220a30237fc62cf7fb1c2e
tcn,electrode,17,bandpass_n20003_cRA_V1_covariance_s15,phase2/results/predictions/full/electrode/tcn/seed_17/bandpass_n20003_cRA_V1_covariance_s15.npz,76442,922869f52d5bf58044290950e74e8371ac7a42781284cde7f129061f2d9a6166
tcn,electrode,17,bandpass_n20003_cRA_V1_covariance_s10,phase2/results/predictions/full/electrode/tcn/seed_17/bandpass_n20003_cRA_V1_covariance_s10.npz,76368,7d57e2b894bcf331f78ae4c84f9f7fff05cc9631bb69c62f0b620683543bfce0
tcn,electrode,17,bandpass_n20003_cRA_V1_covariance_s5,phase2/results/predictions/full/electrode/tcn/seed_17/bandpass_n20003_cRA_V1_covariance_s5.npz,76231,f62251c8599a0ec602a4eba371ca74c29a563f5836d872a66e8c1a962dd0c870
tcn,electrode,17,bandpass_n20003_cRA_V1_covariance_s0,phase2/results/predictions/full/electrode/tcn/seed_17/bandpass_n20003_cRA_V1_covariance_s0.npz,75893,681f6333cd6c110e272456f872d5d4c2a9e50768ebe14706e3994249643dd0c8
tcn,electrode,17,bandpass_n20003_cLA_V6_independent_rms_s20,phase2/results/predictions/full/electrode/tcn/seed_17/bandpass_n20003_cLA_V6_independent_rms_s20.npz,76433,453b3dce37950d6d7406ea094e14b07a74e317eaa43de014516955c4b97869d6
tcn,electrode,17,bandpass_n20003_cLA_V6_independent_rms_s15,phase2/results/predictions/full/electrode/tcn/seed_17/bandpass_n20003_cLA_V6_independent_rms_s15.npz,76445,02a28d90921f74f190b2f321d9a9587b2a3da41e2677eb9099a531a6380d36a8
tcn,electrode,17,bandpass_n20003_cLA_V6_independent_rms_s10,phase2/results/predictions/full/electrode/tcn/seed_17/bandpass_n20003_cLA_V6_independent_rms_s10.npz,76410,c534c1774ba1daf861dac98ba378826a5cf14dd092ce948bda8638aa6d2e22fb
tcn,electrode,17,bandpass_n20003_cLA_V6_independent_rms_s5,phase2/results/predictions/full/electrode/tcn/seed_17/bandpass_n20003_cLA_V6_independent_rms_s5.npz,76300,144fae549229a4b4ab705ab0ad8ec487de659f48ba1b5639458e5a420993e22b
tcn,electrode,17,bandpass_n20003_cLA_V6_independent_rms_s0,phase2/results/predictions/full/electrode/tcn/seed_17/bandpass_n20003_cLA_V6_independent_rms_s0.npz,76078,8cf7e59253415a28028f618f70e61ce707f15b4fe882a8b8b4525a819ae0987f
tcn,electrode,17,bandpass_n20003_cLA_V6_electrode_s20,phase2/results/predictions/full/electrode/tcn/seed_17/bandpass_n20003_cLA_V6_electrode_s20.npz,76467,8c7b79f421817c47883c648fc3fe8db410c67df8122217efb1b6300c17e882e9
tcn,electrode,17,bandpass_n20003_cLA_V6_electrode_s15,phase2/results/predictions/full/electrode/tcn/seed_17/bandpass_n20003_cLA_V6_electrode_s15.npz,76459,8c6cb61bf8ec364ade2ddb126dc13a0d9417796b8b1ab10036ec516f2fa1c6ac
tcn,electrode,17,bandpass_n20003_cLA_V6_electrode_s10,phase2/results/predictions/full/electrode/tcn/seed_17/bandpass_n20003_cLA_V6_electrode_s10.npz,76381,8013f55eef98cb6974ff26691aeade7818d2407cbd42e0aa3b63544e1fa9cc75
tcn,electrode,17,bandpass_n20003_cLA_V6_electrode_s5,phase2/results/predictions/full/electrode/tcn/seed_17/bandpass_n20003_cLA_V6_electrode_s5.npz,76241,cdb0ca74c5d3b74ec7a991a3403e30e5d27a40ae56861693aff31d90cdfb2029
tcn,electrode,17,bandpass_n20003_cLA_V6_electrode_s0,phase2/results/predictions/full/electrode/tcn/seed_17/bandpass_n20003_cLA_V6_electrode_s0.npz,75903,d5079bdedaacb54b4e491143afec51ffc50af09dc12209faf18e61c854708640
tcn,electrode,17,bandpass_n20003_cLA_V6_covariance_s20,phase2/results/predictions/full/electrode/tcn/seed_17/bandpass_n20003_cLA_V6_covariance_s20.npz,76449,02c5aa384e181246fba688aac8f2e1fcfcd5fbbf733f3959da322305b74dc407
tcn,electrode,17,bandpass_n20003_cLA_V6_covariance_s15,phase2/results/predictions/full/electrode/tcn/seed_17/bandpass_n20003_cLA_V6_covariance_s15.npz,76388,423a155e41fb91aa5e050f73fd1c44d14e1e57863f06cb02dfd813dbf8bedfe8
tcn,electrode,17,bandpass_n20003_cLA_V6_covariance_s10,phase2/results/predictions/full/electrode/tcn/seed_17/bandpass_n20003_cLA_V6_covariance_s10.npz,76378,d9e51349dd390486c8286fcb76b36bcd4e15685b33791b70b469d3d6ef0b9c84
tcn,electrode,17,bandpass_n20003_cLA_V6_covariance_s5,phase2/results/predictions/full/electrode/tcn/seed_17/bandpass_n20003_cLA_V6_covariance_s5.npz,76220,397a676975b0800639000eef2e2e1280faeae3e631afa548750bb486c546030e
tcn,electrode,17,bandpass_n20003_cLA_V6_covariance_s0,phase2/results/predictions/full/electrode/tcn/seed_17/bandpass_n20003_cLA_V6_covariance_s0.npz,75878,806172a32ab71aa2e414c420e6f40cd4515cfb21fdda3e270ac4c898806a520e
tcn,electrode,17,bandpass_n20003_cLL_V4_independent_rms_s20,phase2/results/predictions/full/electrode/tcn/seed_17/bandpass_n20003_cLL_V4_independent_rms_s20.npz,76450,e5accd6fb00798540f7cff474eb971808290c9486894011e84541a3cd2fc3cf9
tcn,electrode,17,bandpass_n20003_cLL_V4_independent_rms_s15,phase2/results/predictions/full/electrode/tcn/seed_17/bandpass_n20003_cLL_V4_independent_rms_s15.npz,76446,5649c903a7ba0d4558c7ce11f39153ad429d4d390db73ed76f52e52189b5a5af
tcn,electrode,17,bandpass_n20003_cLL_V4_independent_rms_s10,phase2/results/predictions/full/electrode/tcn/seed_17/bandpass_n20003_cLL_V4_independent_rms_s10.npz,76417,a3e9eb04249aab9d7b12f46b9cd977ce7e516a2a4242544c3f30044a79430ab7
tcn,electrode,17,bandpass_n20003_cLL_V4_independent_rms_s5,phase2/results/predictions/full/electrode/tcn/seed_17/bandpass_n20003_cLL_V4_independent_rms_s5.npz,76276,f98c49dd49dd51326730e066d684778ad8b0c97c90dad3efed924c80d8ca1cbf
tcn,electrode,17,bandpass_n20003_cLL_V4_independent_rms_s0,phase2/results/predictions/full/electrode/tcn/seed_17/bandpass_n20003_cLL_V4_independent_rms_s0.npz,75966,9e4c2775aa76334981645ed487d9a7095b64721295c271e289351ac8c246ec51
tcn,electrode,17,bandpass_n20003_cLL_V4_electrode_s20,phase2/results/predictions/full/electrode/tcn/seed_17/bandpass_n20003_cLL_V4_electrode_s20.npz,76449,a86fdd8a80d4d4ebdc8bb3dbaf29f3279ce0027b1e305a8b524592eff0ec89c6
tcn,electrode,17,bandpass_n20003_cLL_V4_electrode_s15,phase2/results/predictions/full/electrode/tcn/seed_17/bandpass_n20003_cLL_V4_electrode_s15.npz,76441,7a4fba4eeef8a88eefb07b60f74d70545dfd3ad540c34e2aafe2267449f667b8
tcn,electrode,17,bandpass_n20003_cLL_V4_electrode_s10,phase2/results/predictions/full/electrode/tcn/seed_17/bandpass_n20003_cLL_V4_electrode_s10.npz,76404,4865659928faa347a1e0a41a33360172a1d438ff43aa92f9430b1e4efafd1674
tcn,electrode,17,bandpass_n20003_cLL_V4_electrode_s5,phase2/results/predictions/full/electrode/tcn/seed_17/bandpass_n20003_cLL_V4_electrode_s5.npz,76249,f342ba09e1c1e8ae5890e2f4e7ea06d7f8f7c38cd89b3023057a22051fdd609c
tcn,electrode,17,bandpass_n20003_cLL_V4_electrode_s0,phase2/results/predictions/full/electrode/tcn/seed_17/bandpass_n20003_cLL_V4_electrode_s0.npz,75976,121eb4c8b70d610b17e261b8ed35d2bbd8c2b7b941a6fb4402ff11c7f3281a44
tcn,electrode,17,bandpass_n20003_cLL_V4_covariance_s20,phase2/results/predictions/full/electrode/tcn/seed_17/bandpass_n20003_cLL_V4_covariance_s20.npz,76451,1875f2809a9a36f6f7e08c9fddb5cfc2473f0e1bcd1350de07b09be2b13169e9
tcn,electrode,17,bandpass_n20003_cLL_V4_covariance_s15,phase2/results/predictions/full/electrode/tcn/seed_17/bandpass_n20003_cLL_V4_covariance_s15.npz,76420,2cf24bf9375dd24beeb755e5cb75fd464228b3ae61607fea8bf76384c7c069ad
tcn,electrode,17,bandpass_n20003_cLL_V4_covariance_s10,phase2/results/predictions/full/electrode/tcn/seed_17/bandpass_n20003_cLL_V4_covariance_s10.npz,76417,ecae5d61a664d8c0871c3b4e53f4835b6d9675f9c0529c49e096591fbd991d87
tcn,electrode,17,bandpass_n20003_cLL_V4_covariance_s5,phase2/results/predictions/full/electrode/tcn/seed_17/bandpass_n20003_cLL_V4_covariance_s5.npz,76274,180637fff3c6d01ae0780afba2787925df42a6b6fc4bf570d69535405953c79d
tcn,electrode,17,bandpass_n20003_cLL_V4_covariance_s0,phase2/results/predictions/full/electrode/tcn/seed_17/bandpass_n20003_cLL_V4_covariance_s0.npz,75942,7bf789a935f1abad064f37293a10582308b3a0ecbba7faeda30ccf3637e8e7cd
tcn,electrode,17,bandpass_n20003_cRA_LA_V1_V6_independent_rms_s20,phase2/results/predictions/full/electrode/tcn/seed_17/bandpass_n20003_cRA_LA_V1_V6_independent_rms_s20.npz,76461,c580a3c5a5eb290dc269bc595e496065ed1467b4e952c12209e9fc33e24943b2
tcn,electrode,17,bandpass_n20003_cRA_LA_V1_V6_independent_rms_s15,phase2/results/predictions/full/electrode/tcn/seed_17/bandpass_n20003_cRA_LA_V1_V6_independent_rms_s15.npz,76477,f60cf95c8b8ccdf3d6bf565f080360307fb98f02a2fea55daea93abbe437b3f5
tcn,electrode,17,bandpass_n20003_cRA_LA_V1_V6_independent_rms_s10,phase2/results/predictions/full/electrode/tcn/seed_17/bandpass_n20003_cRA_LA_V1_V6_independent_rms_s10.npz,76416,ea3037975e73e56e5485885e15df1381be9fc64b03d13bd74c7aac7edb21931f
tcn,electrode,17,bandpass_n20003_cRA_LA_V1_V6_independent_rms_s5,phase2/results/predictions/full/electrode/tcn/seed_17/bandpass_n20003_cRA_LA_V1_V6_independent_rms_s5.npz,76300,fed4f1cb6211d27a2a5520d66ce75493c97f75726264fd1cf150e1e96f052258
tcn,electrode,17,bandpass_n20003_cRA_LA_V1_V6_independent_rms_s0,phase2/results/predictions/full/electrode/tcn/seed_17/bandpass_n20003_cRA_LA_V1_V6_independent_rms_s0.npz,75993,ff7ebf263c1eaa498026160bd1a947a30a707fd895699db19c91741a1f60f692
tcn,electrode,17,bandpass_n20003_cRA_LA_V1_V6_electrode_s20,phase2/results/predictions/full/electrode/tcn/seed_17/bandpass_n20003_cRA_LA_V1_V6_electrode_s20.npz,76461,99541d589dcf070f4de377e29ce6105b8bc1be74706af2626146ab7a02d09b27
tcn,electrode,17,bandpass_n20003_cRA_LA_V1_V6_electrode_s15,phase2/results/predictions/full/electrode/tcn/seed_17/bandpass_n20003_cRA_LA_V1_V6_electrode_s15.npz,76417,27800de599b06c35a1f36b9c58a5508ed448b1a15f7705dd12e1b309d0ec4bd5
tcn,electrode,17,bandpass_n20003_cRA_LA_V1_V6_electrode_s10,phase2/results/predictions/full/electrode/tcn/seed_17/bandpass_n20003_cRA_LA_V1_V6_electrode_s10.npz,76401,422914be7e92a3d48e61f12050413649af8fc6822a6e1c4abd25a6716aa76d87
tcn,electrode,17,bandpass_n20003_cRA_LA_V1_V6_electrode_s5,phase2/results/predictions/full/electrode/tcn/seed_17/bandpass_n20003_cRA_LA_V1_V6_electrode_s5.npz,76243,443fe21a366ff509bf31cc1fbb010d9fc25bdef4d01b023a86c7cea291cc7f6c
tcn,electrode,17,bandpass_n20003_cRA_LA_V1_V6_electrode_s0,phase2/results/predictions/full/electrode/tcn/seed_17/bandpass_n20003_cRA_LA_V1_V6_electrode_s0.npz,75876,b14af70efaea8de9b41bd79b01141c70e628c1a0bb449545253e26ba9a846f23
tcn,electrode,17,bandpass_n20003_cRA_LA_V1_V6_covariance_s20,phase2/results/predictions/full/electrode/tcn/seed_17/bandpass_n20003_cRA_LA_V1_V6_covariance_s20.npz,76444,e6d822968985b4338568f07da1c2ab4db2463123332a56ca4fd2861ddbfb479b
tcn,electrode,17,bandpass_n20003_cRA_LA_V1_V6_covariance_s15,phase2/results/predictions/full/electrode/tcn/seed_17/bandpass_n20003_cRA_LA_V1_V6_covariance_s15.npz,76410,3f3a0141a18adbe8c9f2910692dc95d12b61cff3162931c791bff2e53f4e2f47
tcn,electrode,17,bandpass_n20003_cRA_LA_V1_V6_covariance_s10,phase2/results/predictions/full/electrode/tcn/seed_17/bandpass_n20003_cRA_LA_V1_V6_covariance_s10.npz,76379,3e0421da01b82ca655e57bdd6db2faad2f382bc197441e82086114477ca3f532
tcn,electrode,17,bandpass_n20003_cRA_LA_V1_V6_covariance_s5,phase2/results/predictions/full/electrode/tcn/seed_17/bandpass_n20003_cRA_LA_V1_V6_covariance_s5.npz,76254,ab2b4b69bcc5e30506c48b3d8f18eec9e61ae04242d42e900928b9e8dd22faa6
tcn,electrode,17,bandpass_n20003_cRA_LA_V1_V6_covariance_s0,phase2/results/predictions/full/electrode/tcn/seed_17/bandpass_n20003_cRA_LA_V1_V6_covariance_s0.npz,75846,4d57ef83b9f1144ce6e2e63444aea4a8c7802b6c12973865272972d28041970f
tcn,electrode,17,bandpass_n20003_cRA_V2_V5_independent_rms_s20,phase2/results/predictions/full/electrode/tcn/seed_17/bandpass_n20003_cRA_V2_V5_independent_rms_s20.npz,76448,e935f3eaaf3a4dc78aeb7ce1357c09a32c6e58f7c46fb88e1a32978b7ce7113b
tcn,electrode,17,bandpass_n20003_cRA_V2_V5_independent_rms_s15,phase2/results/predictions/full/electrode/tcn/seed_17/bandpass_n20003_cRA_V2_V5_independent_rms_s15.npz,76461,74e762dda4a50ed301c53136f83db133aefc3e8800cc29ddec8e47019c0964ee
tcn,electrode,17,bandpass_n20003_cRA_V2_V5_independent_rms_s10,phase2/results/predictions/full/electrode/tcn/seed_17/bandpass_n20003_cRA_V2_V5_independent_rms_s10.npz,76376,cedd7c5a26e7dc55f3edc8be4f6abab1bc4e6bd86b6d36d7d0a64be8fdc59e0c
tcn,electrode,17,bandpass_n20003_cRA_V2_V5_independent_rms_s5,phase2/results/predictions/full/electrode/tcn/seed_17/bandpass_n20003_cRA_V2_V5_independent_rms_s5.npz,76288,23b5928a6e3b88c2e3c8d6f5e9f23bdf15346e3d27c2de0e5d961000b34f6e5c
tcn,electrode,17,bandpass_n20003_cRA_V2_V5_independent_rms_s0,phase2/results/predictions/full/electrode/tcn/seed_17/bandpass_n20003_cRA_V2_V5_independent_rms_s0.npz,75989,25d24815b97d4fbfa3579b293360680e604c8f44d525021fe972d98ac8b30410
tcn,electrode,17,bandpass_n20003_cRA_V2_V5_electrode_s20,phase2/results/predictions/full/electrode/tcn/seed_17/bandpass_n20003_cRA_V2_V5_electrode_s20.npz,76449,d92d8b6bc58a684e3cf8bfb262687021b7a6aef0f563104534e8293eae3e7e55
tcn,electrode,17,bandpass_n20003_cRA_V2_V5_electrode_s15,phase2/results/predictions/full/electrode/tcn/seed_17/bandpass_n20003_cRA_V2_V5_electrode_s15.npz,76422,a1a8d240a7f95dc9e0c1b9e90b2dbe24e51405fa35b57d801869257589f92b69
tcn,electrode,17,bandpass_n20003_cRA_V2_V5_electrode_s10,phase2/results/predictions/full/electrode/tcn/seed_17/bandpass_n20003_cRA_V2_V5_electrode_s10.npz,76385,bf9bf36ee3e41b8671e783757d571f47f691adbe798021877ddb07eb38d816ca
tcn,electrode,17,bandpass_n20003_cRA_V2_V5_electrode_s5,phase2/results/predictions/full/electrode/tcn/seed_17/bandpass_n20003_cRA_V2_V5_electrode_s5.npz,76209,d24e4a4e9c6219f545493c92aade868bd923cef0b04f07997dd14122f8a7aa36
tcn,electrode,17,bandpass_n20003_cRA_V2_V5_electrode_s0,phase2/results/predictions/full/electrode/tcn/seed_17/bandpass_n20003_cRA_V2_V5_electrode_s0.npz,75933,74786f6a89be79b38e91037fe953d7fb0a90cb3cd15df70fc13f24fdf79aef33
tcn,electrode,17,bandpass_n20003_cRA_V2_V5_covariance_s20,phase2/results/predictions/full/electrode/tcn/seed_17/bandpass_n20003_cRA_V2_V5_covariance_s20.npz,76459,9162b6683787bf88ed75e7813f396858548bc30db4a19f6a6300c414c598cf02
tcn,electrode,17,bandpass_n20003_cRA_V2_V5_covariance_s15,phase2/results/predictions/full/electrode/tcn/seed_17/bandpass_n20003_cRA_V2_V5_covariance_s15.npz,76440,a949f5b3a51d9703bfaaf3ff65323b5741fe8fff25d5811758cd85b290a846dd
tcn,electrode,17,bandpass_n20003_cRA_V2_V5_covariance_s10,phase2/results/predictions/full/electrode/tcn/seed_17/bandpass_n20003_cRA_V2_V5_covariance_s10.npz,76358,8f49a0871d1952af7c14c521f3eeeb899e599a5fbf4cf399a54ba1176e0467fb
tcn,electrode,17,bandpass_n20003_cRA_V2_V5_covariance_s5,phase2/results/predictions/full/electrode/tcn/seed_17/bandpass_n20003_cRA_V2_V5_covariance_s5.npz,76211,d6c9941c777de52e9ba5da8a624ee039ac1dee571d362fabede746104235f99a
tcn,electrode,17,bandpass_n20003_cRA_V2_V5_covariance_s0,phase2/results/predictions/full/electrode/tcn/seed_17/bandpass_n20003_cRA_V2_V5_covariance_s0.npz,75937,d521ec9f2ee97f8422339811c008fa30f4b4150ba8a111874f737113416f5aeb
tcn,electrode,17,bandpass_n20003_cLA_V3_V6_independent_rms_s20,phase2/results/predictions/full/electrode/tcn/seed_17/bandpass_n20003_cLA_V3_V6_independent_rms_s20.npz,76472,c65adec7457a442c7d9aa50e40abf544eac143e2f124830637e9e41434e57ba8
tcn,electrode,17,bandpass_n20003_cLA_V3_V6_independent_rms_s15,phase2/results/predictions/full/electrode/tcn/seed_17/bandpass_n20003_cLA_V3_V6_independent_rms_s15.npz,76448,b62e1dd25160deade60d18b3223967277f592db4c4c1f83e73972938d449c2fb
tcn,electrode,17,bandpass_n20003_cLA_V3_V6_independent_rms_s10,phase2/results/predictions/full/electrode/tcn/seed_17/bandpass_n20003_cLA_V3_V6_independent_rms_s10.npz,76441,a6802ce2737335a6d5808bd781b5bc50f04b617dc60545a400abdcc05733ecef
tcn,electrode,17,bandpass_n20003_cLA_V3_V6_independent_rms_s5,phase2/results/predictions/full/electrode/tcn/seed_17/bandpass_n20003_cLA_V3_V6_independent_rms_s5.npz,76345,3d4b1a04a6028879519c93270860beba4d652e08d05421dfe46dcf540b0ec427
tcn,electrode,17,bandpass_n20003_cLA_V3_V6_independent_rms_s0,phase2/results/predictions/full/electrode/tcn/seed_17/bandpass_n20003_cLA_V3_V6_independent_rms_s0.npz,76073,3ccf8024769e2098af7baee04b79d7a6a47b79d3935ca5635b9e51e82a803ade
tcn,electrode,17,bandpass_n20003_cLA_V3_V6_electrode_s20,phase2/results/predictions/full/electrode/tcn/seed_17/bandpass_n20003_cLA_V3_V6_electrode_s20.npz,76452,5def6fa200a0f3db3b0ec54c10c07f34d284e4731e445c69b9b186f6f21f9495
tcn,electrode,17,bandpass_n20003_cLA_V3_V6_electrode_s15,phase2/results/predictions/full/electrode/tcn/seed_17/bandpass_n20003_cLA_V3_V6_electrode_s15.npz,76436,911f4197b53b0dc9f5fc6c89af3da8d9d4cfae0c3e284ca49584ec8aa70ed147
tcn,electrode,17,bandpass_n20003_cLA_V3_V6_electrode_s10,phase2/results/predictions/full/electrode/tcn/seed_17/bandpass_n20003_cLA_V3_V6_electrode_s10.npz,76373,b56cab0adaf7d66a6bacd50a2374d8dfecd6fd4391b5c237b763420815c327e4
tcn,electrode,17,bandpass_n20003_cLA_V3_V6_electrode_s5,phase2/results/predictions/full/electrode/tcn/seed_17/bandpass_n20003_cLA_V3_V6_electrode_s5.npz,76248,505c20468fc09c2cd7cd762e0d0dd645ffc0b12740ca20a2219677d23468894c
tcn,electrode,17,bandpass_n20003_cLA_V3_V6_electrode_s0,phase2/results/predictions/full/electrode/tcn/seed_17/bandpass_n20003_cLA_V3_V6_electrode_s0.npz,75902,810554e90de08c3ff65e6c7f7eb35d8b7042ef84d9a9c6beaaf922a29940a823
tcn,electrode,17,bandpass_n20003_cLA_V3_V6_covariance_s20,phase2/results/predictions/full/electrode/tcn/seed_17/bandpass_n20003_cLA_V3_V6_covariance_s20.npz,76463,c6dfadce156ac9adb9f13cb3e3c2ec085bfe3ca8a0efc732a6a7cd5c7bdced60
tcn,electrode,17,bandpass_n20003_cLA_V3_V6_covariance_s15,phase2/results/predictions/full/electrode/tcn/seed_17/bandpass_n20003_cLA_V3_V6_covariance_s15.npz,76441,83b8cbdc22c46a911f394157c75f217e742f87ffd5478dd40d32df37c369b0fb
tcn,electrode,17,bandpass_n20003_cLA_V3_V6_covariance_s10,phase2/results/predictions/full/electrode/tcn/seed_17/bandpass_n20003_cLA_V3_V6_covariance_s10.npz,76432,8a4746d19555d23c6e98bbd52e7c17949285037eddd134a28492d83cde6663d1
tcn,electrode,17,bandpass_n20003_cLA_V3_V6_covariance_s5,phase2/results/predictions/full/electrode/tcn/seed_17/bandpass_n20003_cLA_V3_V6_covariance_s5.npz,76283,7f7686f7532864c685af154db0d4499ea5cd4d0929f458ba004a353369e7d438
tcn,electrode,17,bandpass_n20003_cLA_V3_V6_covariance_s0,phase2/results/predictions/full/electrode/tcn/seed_17/bandpass_n20003_cLA_V3_V6_covariance_s0.npz,75921,e6f0f1f09ea9d2c6734888e88f0be3d49bb8e056c1cb543c1525af6d789b2622
tcn,electrode,17,bandpass_n20003_cLL_V1_V4_independent_rms_s20,phase2/results/predictions/full/electrode/tcn/seed_17/bandpass_n20003_cLL_V1_V4_independent_rms_s20.npz,76434,2291caa1d998b81bfd14c4b59fbaf5cc25913420e2be992a9f97b13090762c11
tcn,electrode,17,bandpass_n20003_cLL_V1_V4_independent_rms_s15,phase2/results/predictions/full/electrode/tcn/seed_17/bandpass_n20003_cLL_V1_V4_independent_rms_s15.npz,76465,f750f7e539d8a1db50d10c1e7b3c89ed514c446a45552901a8baeaec4387b34d
tcn,electrode,17,bandpass_n20003_cLL_V1_V4_independent_rms_s10,phase2/results/predictions/full/electrode/tcn/seed_17/bandpass_n20003_cLL_V1_V4_independent_rms_s10.npz,76423,eeee45bd3b0d9e3deea0ec388b19aa52f206c301e36a1abda24ef799491c2426
tcn,electrode,17,bandpass_n20003_cLL_V1_V4_independent_rms_s5,phase2/results/predictions/full/electrode/tcn/seed_17/bandpass_n20003_cLL_V1_V4_independent_rms_s5.npz,76312,2f57a1c8a87f7bbfa054b9628cf58cb5324d961d2cf459d7b1bd9284956af8d2
tcn,electrode,17,bandpass_n20003_cLL_V1_V4_independent_rms_s0,phase2/results/predictions/full/electrode/tcn/seed_17/bandpass_n20003_cLL_V1_V4_independent_rms_s0.npz,75976,774ec57a8e3ea46507c63e60db06f43202d5d40504a1e0325ed6e31d77220801
tcn,electrode,17,bandpass_n20003_cLL_V1_V4_electrode_s20,phase2/results/predictions/full/electrode/tcn/seed_17/bandpass_n20003_cLL_V1_V4_electrode_s20.npz,76447,5e65d5bf2b2f98cff08bdca0e2ded5b64904b45164adfd2b1fce1d0f9e7e1c09
tcn,electrode,17,bandpass_n20003_cLL_V1_V4_electrode_s15,phase2/results/predictions/full/electrode/tcn/seed_17/bandpass_n20003_cLL_V1_V4_electrode_s15.npz,76461,586b4bf5925e270fe3162480d69880ea98e7cd35ca96e237d1277f4d21f4fdf8
tcn,electrode,17,bandpass_n20003_cLL_V1_V4_electrode_s10,phase2/results/predictions/full/electrode/tcn/seed_17/bandpass_n20003_cLL_V1_V4_electrode_s10.npz,76393,f422a475f898e0019bbbdac7641f7142c2e0136af6ab1cb12c25a48f7f8ce8d6
tcn,electrode,17,bandpass_n20003_cLL_V1_V4_electrode_s5,phase2/results/predictions/full/electrode/tcn/seed_17/bandpass_n20003_cLL_V1_V4_electrode_s5.npz,76293,531a39ff8c58fbc32d9e238f43aba63df3b6898bf31796599cdea6752fca1741
tcn,electrode,17,bandpass_n20003_cLL_V1_V4_electrode_s0,phase2/results/predictions/full/electrode/tcn/seed_17/bandpass_n20003_cLL_V1_V4_electrode_s0.npz,75943,5e17b0bac57a53638a1c6df3e27028ff081099b6079ffceb5fac64e0c89f4d41
tcn,electrode,17,bandpass_n20003_cLL_V1_V4_covariance_s20,phase2/results/predictions/full/electrode/tcn/seed_17/bandpass_n20003_cLL_V1_V4_covariance_s20.npz,76463,8ad01a36c6bb1d398044e1a53967d0da687772fb941ea85fce0d97afb80e6a15
tcn,electrode,17,bandpass_n20003_cLL_V1_V4_covariance_s15,phase2/results/predictions/full/electrode/tcn/seed_17/bandpass_n20003_cLL_V1_V4_covariance_s15.npz,76460,c78c2fb8695b8594a4caf0c9d1c87bcb26a925565ef64a14d7b2121959f976a0
tcn,electrode,17,bandpass_n20003_cLL_V1_V4_covariance_s10,phase2/results/predictions/full/electrode/tcn/seed_17/bandpass_n20003_cLL_V1_V4_covariance_s10.npz,76385,22f4f885b1f031a51a4267803fd7848b8924f3ac96a01d42035c17cd996185af
tcn,electrode,17,bandpass_n20003_cLL_V1_V4_covariance_s5,phase2/results/predictions/full/electrode/tcn/seed_17/bandpass_n20003_cLL_V1_V4_covariance_s5.npz,76251,9cfd117494b9b98559185eba95c8e8bd447effa89231b2cedb3c98c991cc801c
tcn,electrode,17,bandpass_n20003_cLL_V1_V4_covariance_s0,phase2/results/predictions/full/electrode/tcn/seed_17/bandpass_n20003_cLL_V1_V4_covariance_s0.npz,75965,a2f5203af791dbf96b663241feb9612c4a6fc846ad94305b6a77489d6d551d7f
tcn,electrode,17,bandpass_n20003_call_independent_rms_s20,phase2/results/predictions/full/electrode/tcn/seed_17/bandpass_n20003_call_independent_rms_s20.npz,76424,83e1fafe8d447ed9d379fa3ec33e2c7f2e9e8e9da6c67cc0b2a8d45dec96ffc3
tcn,electrode,17,bandpass_n20003_call_independent_rms_s15,phase2/results/predictions/full/electrode/tcn/seed_17/bandpass_n20003_call_independent_rms_s15.npz,76403,a17fd3d1d72e58acf00c73e9b2ee0a8a133ba9de32de671133720eaba0d29daa
tcn,electrode,17,bandpass_n20003_call_independent_rms_s10,phase2/results/predictions/full/electrode/tcn/seed_17/bandpass_n20003_call_independent_rms_s10.npz,76406,565e4ccf9cf946ee3d1b3d9770044386c9314054848680b9da62afd2efdd3698
tcn,electrode,17,bandpass_n20003_call_independent_rms_s5,phase2/results/predictions/full/electrode/tcn/seed_17/bandpass_n20003_call_independent_rms_s5.npz,76271,dda0ae2274261c699ea4af2e67b06003c5c469f4d33363fb8a18caeb6615db95
tcn,electrode,17,bandpass_n20003_call_independent_rms_s0,phase2/results/predictions/full/electrode/tcn/seed_17/bandpass_n20003_call_independent_rms_s0.npz,76001,d9b849a79c56ca63d58e6a7db9c0de45df0fc0b1bcfdea531b2a7413759ccc0b
tcn,electrode,17,bandpass_n20003_call_electrode_s20,phase2/results/predictions/full/electrode/tcn/seed_17/bandpass_n20003_call_electrode_s20.npz,76407,c54f401ecbcfec061377a5b5f4f454122fe9da990a23994df9d1b76f80a9e67d
tcn,electrode,17,bandpass_n20003_call_electrode_s15,phase2/results/predictions/full/electrode/tcn/seed_17/bandpass_n20003_call_electrode_s15.npz,76404,8465de97f1ac984de63c4780a1ce3ad831767293730cfe8f7c2130bfe002ab00
tcn,electrode,17,bandpass_n20003_call_electrode_s10,phase2/results/predictions/full/electrode/tcn/seed_17/bandpass_n20003_call_electrode_s10.npz,76352,8a23dd75b686862eee73223db53bab66b99f624102e26e4b513767b7a7443ac7
tcn,electrode,17,bandpass_n20003_call_electrode_s5,phase2/results/predictions/full/electrode/tcn/seed_17/bandpass_n20003_call_electrode_s5.npz,76224,55c8ecf3ae4663d83c91430ba65e5c600713cd10443491315f7c624e945ed60a
tcn,electrode,17,bandpass_n20003_call_electrode_s0,phase2/results/predictions/full/electrode/tcn/seed_17/bandpass_n20003_call_electrode_s0.npz,75848,c0cb82c76313fbb1ec7a19affc4fa3981e90ca04ac747bfe061897aea1f3addb
tcn,electrode,17,bandpass_n20003_call_covariance_s20,phase2/results/predictions/full/electrode/tcn/seed_17/bandpass_n20003_call_covariance_s20.npz,76406,12d52f798d5d3088ff24692b3d1bd325338682ba28c68388834bad1bc9b86101
tcn,electrode,17,bandpass_n20003_call_covariance_s15,phase2/results/predictions/full/electrode/tcn/seed_17/bandpass_n20003_call_covariance_s15.npz,76382,e45e8b733d70f2a451bcb1c892b596afb76c8700c79e79df895da0744719ad67
tcn,electrode,17,bandpass_n20003_call_covariance_s10,phase2/results/predictions/full/electrode/tcn/seed_17/bandpass_n20003_call_covariance_s10.npz,76358,fa69ba905470d944e61845e1aaf1f8260146eb384c3b04fd8ae5158475266145
tcn,electrode,17,bandpass_n20003_call_covariance_s5,phase2/results/predictions/full/electrode/tcn/seed_17/bandpass_n20003_call_covariance_s5.npz,76212,99c8f89a60f874a47dabce804dbd99e29c99742391a5887552f8e906ec316b9c
tcn,electrode,17,bandpass_n20003_call_covariance_s0,phase2/results/predictions/full/electrode/tcn/seed_17/bandpass_n20003_call_covariance_s0.npz,75842,c81d93c0990c1ca18cfe8dd3cad310766a4d304dc70fb60e3b16cf6dcbe8e447
tcn,electrode,17,bandpass_n20004_cRA_LA_LL_independent_rms_s20,phase2/results/predictions/full/electrode/tcn/seed_17/bandpass_n20004_cRA_LA_LL_independent_rms_s20.npz,76464,db1d245fa4e37db7c97623a7bcdd2e92067a792b6f001268ad4b7cb5be75ed9a
tcn,electrode,17,bandpass_n20004_cRA_LA_LL_independent_rms_s15,phase2/results/predictions/full/electrode/tcn/seed_17/bandpass_n20004_cRA_LA_LL_independent_rms_s15.npz,76449,b46af1b01d2cbed9a3ca51b803b9cd3cb515db33ef2ee5f3f28c81f044ccdc5c
tcn,electrode,17,bandpass_n20004_cRA_LA_LL_independent_rms_s10,phase2/results/predictions/full/electrode/tcn/seed_17/bandpass_n20004_cRA_LA_LL_independent_rms_s10.npz,76418,4fca887a7dad8a890e0910a6cfe20adf346a44bc50750fb0c7c300dbaf04a172
tcn,electrode,17,bandpass_n20004_cRA_LA_LL_independent_rms_s5,phase2/results/predictions/full/electrode/tcn/seed_17/bandpass_n20004_cRA_LA_LL_independent_rms_s5.npz,76285,3db6106d55068a9445ce9b5a2d0a659f13272908b40c420abda26172ad37c17b
tcn,electrode,17,bandpass_n20004_cRA_LA_LL_independent_rms_s0,phase2/results/predictions/full/electrode/tcn/seed_17/bandpass_n20004_cRA_LA_LL_independent_rms_s0.npz,75973,3083affce1d3ef418ed1379eb6bc1a44b48088a9d742428bd0c80d1d73715593
tcn,electrode,17,bandpass_n20004_cRA_LA_LL_electrode_s20,phase2/results/predictions/full/electrode/tcn/seed_17/bandpass_n20004_cRA_LA_LL_electrode_s20.npz,76425,f3851c1d86378ffd71d50769704b89be789c0890b5f9f019d5e45c8700ffbfe2
tcn,electrode,17,bandpass_n20004_cRA_LA_LL_electrode_s15,phase2/results/predictions/full/electrode/tcn/seed_17/bandpass_n20004_cRA_LA_LL_electrode_s15.npz,76408,077beffbb68e80956f08d75146a2887ad5afc52f1ad972e1f59e5f8c68d18248
tcn,electrode,17,bandpass_n20004_cRA_LA_LL_electrode_s10,phase2/results/predictions/full/electrode/tcn/seed_17/bandpass_n20004_cRA_LA_LL_electrode_s10.npz,76362,73692ea99ee08f2980ba499f72ba0fcc8927acd4d2a7030c37638f0c295cf60d
tcn,electrode,17,bandpass_n20004_cRA_LA_LL_electrode_s5,phase2/results/predictions/full/electrode/tcn/seed_17/bandpass_n20004_cRA_LA_LL_electrode_s5.npz,76205,fbe94c7443a4e36f6df076463aef851acdf420c0df7d4df8eb2f85a1f0636ab3
tcn,electrode,17,bandpass_n20004_cRA_LA_LL_electrode_s0,phase2/results/predictions/full/electrode/tcn/seed_17/bandpass_n20004_cRA_LA_LL_electrode_s0.npz,75795,c5ef3971469c3d032b457c13001b5d6e5a49dc0d49084dbf61349e45cc3f109e
tcn,electrode,17,bandpass_n20004_cRA_LA_LL_covariance_s20,phase2/results/predictions/full/electrode/tcn/seed_17/bandpass_n20004_cRA_LA_LL_covariance_s20.npz,76453,cb269a65004ae158641ac5cecb0e8ca46ba3257fc175104c619f7d168b148d1b
tcn,electrode,17,bandpass_n20004_cRA_LA_LL_covariance_s15,phase2/results/predictions/full/electrode/tcn/seed_17/bandpass_n20004_cRA_LA_LL_covariance_s15.npz,76407,2cbb2e0e4c7c1ee77944f28089cc5e7d71381a41d41f0a0989ed2c87629fcb70
tcn,electrode,17,bandpass_n20004_cRA_LA_LL_covariance_s10,phase2/results/predictions/full/electrode/tcn/seed_17/bandpass_n20004_cRA_LA_LL_covariance_s10.npz,76344,c6c14fbfff903db7cf3c544e11397a7da94d7855f6fb4c4d6786b3981dd8417c
tcn,electrode,17,bandpass_n20004_cRA_LA_LL_covariance_s5,phase2/results/predictions/full/electrode/tcn/seed_17/bandpass_n20004_cRA_LA_LL_covariance_s5.npz,76210,2ab84ad0283b26ae352e86c67d64d9b7295af15e83d48c0538f462aa7ec1a175
tcn,electrode,17,bandpass_n20004_cRA_LA_LL_covariance_s0,phase2/results/predictions/full/electrode/tcn/seed_17/bandpass_n20004_cRA_LA_LL_covariance_s0.npz,75740,b9a5840c8f023ea1728336d84ce370f02fb560ed1ecc4395952f13abd7d78958
tcn,electrode,17,bandpass_n20004_cV1_independent_rms_s20,phase2/results/predictions/full/electrode/tcn/seed_17/bandpass_n20004_cV1_independent_rms_s20.npz,76445,56c15ae01c8430ea9885a9b944db858997936752ff9a185354b2ee3ba76329cb
tcn,electrode,17,bandpass_n20004_cV1_independent_rms_s15,phase2/results/predictions/full/electrode/tcn/seed_17/bandpass_n20004_cV1_independent_rms_s15.npz,76455,1d398c61e12ebb12b1bda3cd97464ec38578b17ec0a6be458fb6e5f60c98cf06
tcn,electrode,17,bandpass_n20004_cV1_independent_rms_s10,phase2/results/predictions/full/electrode/tcn/seed_17/bandpass_n20004_cV1_independent_rms_s10.npz,76374,e289657a0193bb2907afa7b8b06d3b49b90b96f72e0637ddb728ff5f5e97f90a
tcn,electrode,17,bandpass_n20004_cV1_independent_rms_s5,phase2/results/predictions/full/electrode/tcn/seed_17/bandpass_n20004_cV1_independent_rms_s5.npz,76301,2315233de3458f18bfbf00dfe4ce5e9ded8f9014d7601ae278cd3c308cac3574
tcn,electrode,17,bandpass_n20004_cV1_independent_rms_s0,phase2/results/predictions/full/electrode/tcn/seed_17/bandpass_n20004_cV1_independent_rms_s0.npz,76084,28aae396b99d442144aeff537b07c79ba18d888399586a72ab0fafa0bfa0ae05
tcn,electrode,17,bandpass_n20004_cV1_electrode_s20,phase2/results/predictions/full/electrode/tcn/seed_17/bandpass_n20004_cV1_electrode_s20.npz,76430,c258e50002b8f62beefa7e80bd3e29a01f6e55ce10ca7514d3f2b91d978f58b3
tcn,electrode,17,bandpass_n20004_cV1_electrode_s15,phase2/results/predictions/full/electrode/tcn/seed_17/bandpass_n20004_cV1_electrode_s15.npz,76388,3e69439f6b7fe9fb167f946e2fea35e2f942bf324cd01dce5d7ffacba0c88922
tcn,electrode,17,bandpass_n20004_cV1_electrode_s10,phase2/results/predictions/full/electrode/tcn/seed_17/bandpass_n20004_cV1_electrode_s10.npz,76392,968428f75d1a2e31afeb60b54a52a77df0cc062516926fdd32435f0a3266c245
tcn,electrode,17,bandpass_n20004_cV1_electrode_s5,phase2/results/predictions/full/electrode/tcn/seed_17/bandpass_n20004_cV1_electrode_s5.npz,76270,acffbde61e678cb8968a28b07b87d2d2c938f793bf48d1034067611c00d67dc3
tcn,electrode,17,bandpass_n20004_cV1_electrode_s0,phase2/results/predictions/full/electrode/tcn/seed_17/bandpass_n20004_cV1_electrode_s0.npz,76049,878abbd81d6566f725fde24a612c1be80dbd6db6f13cd7c7611d175138f47fa3
tcn,electrode,17,bandpass_n20004_cV1_covariance_s20,phase2/results/predictions/full/electrode/tcn/seed_17/bandpass_n20004_cV1_covariance_s20.npz,76424,bafc283deee0c699223e9bf1813fc777dd475c4b9a6442c9014bd14d02539ed2
tcn,electrode,17,bandpass_n20004_cV1_covariance_s15,phase2/results/predictions/full/electrode/tcn/seed_17/bandpass_n20004_cV1_covariance_s15.npz,76433,6f6b35794e38e933057633a07e06084c25d8e8c9f23339c8abe03063c5482cd0
tcn,electrode,17,bandpass_n20004_cV1_covariance_s10,phase2/results/predictions/full/electrode/tcn/seed_17/bandpass_n20004_cV1_covariance_s10.npz,76383,2840202acb12fcd97556d403694a646dc4317baee3adee183f6a246dd700e9c2
tcn,electrode,17,bandpass_n20004_cV1_covariance_s5,phase2/results/predictions/full/electrode/tcn/seed_17/bandpass_n20004_cV1_covariance_s5.npz,76258,68557176fd62b1197f5014917735713da70e6149c251492ed0f8107dfae5387d
tcn,electrode,17,bandpass_n20004_cV1_covariance_s0,phase2/results/predictions/full/electrode/tcn/seed_17/bandpass_n20004_cV1_covariance_s0.npz,76055,b625c5c0ca82a99d9551218e07ef4d714dc0a6ea33367eb13f975a3ad40b7d7d
tcn,electrode,17,bandpass_n20004_cV2_independent_rms_s20,phase2/results/predictions/full/electrode/tcn/seed_17/bandpass_n20004_cV2_independent_rms_s20.npz,76447,8e42f387a682fa30a071a1211b03077ca4d378bb15209c8158571a3f279766cf
tcn,electrode,17,bandpass_n20004_cV2_independent_rms_s15,phase2/results/predictions/full/electrode/tcn/seed_17/bandpass_n20004_cV2_independent_rms_s15.npz,76444,60f68102f88e65a533b0d39fbbbfbc6611a96b667d8cf11dcd0dd0358bbff106
tcn,electrode,17,bandpass_n20004_cV2_independent_rms_s10,phase2/results/predictions/full/electrode/tcn/seed_17/bandpass_n20004_cV2_independent_rms_s10.npz,76412,dd5d392407420d2a1b83af82ef2fded03d29906f6eadac55fd8c55933c7bc2b6
tcn,electrode,17,bandpass_n20004_cV2_independent_rms_s5,phase2/results/predictions/full/electrode/tcn/seed_17/bandpass_n20004_cV2_independent_rms_s5.npz,76330,b4604537d5ee4feeeb734df7e13bdf1d48d8bc583b21e857bde332d0cd814377
tcn,electrode,17,bandpass_n20004_cV2_independent_rms_s0,phase2/results/predictions/full/electrode/tcn/seed_17/bandpass_n20004_cV2_independent_rms_s0.npz,76107,e82228729110de51ef119fb41c312e41c04f061e9f02fb01b89688079074ff65
tcn,electrode,17,bandpass_n20004_cV2_electrode_s20,phase2/results/predictions/full/electrode/tcn/seed_17/bandpass_n20004_cV2_electrode_s20.npz,76407,9128ba1445e6e5e5bd9b77da454c90cd0723019fe41e91d15d3e71617df16fb0
tcn,electrode,17,bandpass_n20004_cV2_electrode_s15,phase2/results/predictions/full/electrode/tcn/seed_17/bandpass_n20004_cV2_electrode_s15.npz,76422,2dd0e9a2366e172d7a4a733746876342b991c56ce41fa53c991bbb9ddba571f3
tcn,electrode,17,bandpass_n20004_cV2_electrode_s10,phase2/results/predictions/full/electrode/tcn/seed_17/bandpass_n20004_cV2_electrode_s10.npz,76388,863ebba19a837cab7a70a71f8ce43a0dc688a4399a8174aeb40bc241e2e63dbf
tcn,electrode,17,bandpass_n20004_cV2_electrode_s5,phase2/results/predictions/full/electrode/tcn/seed_17/bandpass_n20004_cV2_electrode_s5.npz,76318,7d614a053860ad5e2fc9c870b36fdeb2e0ac2cfb6f5a2c85640b68af94b404b9
tcn,electrode,17,bandpass_n20004_cV2_electrode_s0,phase2/results/predictions/full/electrode/tcn/seed_17/bandpass_n20004_cV2_electrode_s0.npz,76093,8b70c0b856497ae569a11090b4f34dfa83670a5e9dd2c4b7ee963bd7c6d88182
tcn,electrode,17,bandpass_n20004_cV2_covariance_s20,phase2/results/predictions/full/electrode/tcn/seed_17/bandpass_n20004_cV2_covariance_s20.npz,76421,5f9a9331e7d627c02723f3a04af4ec7a1b2c4e817d922bd4331e0db00a3161d8
tcn,electrode,17,bandpass_n20004_cV2_covariance_s15,phase2/results/predictions/full/electrode/tcn/seed_17/bandpass_n20004_cV2_covariance_s15.npz,76411,379c6128ad325e18a5c34fc9a18e9c97eefc3f3e4a8e19083824b7afe0c31db3
tcn,electrode,17,bandpass_n20004_cV2_covariance_s10,phase2/results/predictions/full/electrode/tcn/seed_17/bandpass_n20004_cV2_covariance_s10.npz,76405,e53f9a144d32e6e4374eb434719fa8874901e691c650cf1189caf0b95aafb0d7
tcn,electrode,17,bandpass_n20004_cV2_covariance_s5,phase2/results/predictions/full/electrode/tcn/seed_17/bandpass_n20004_cV2_covariance_s5.npz,76295,b749111116b14cd3c30e368c184b7a15628ad810fb52e193f68a26dafbf2c862
tcn,electrode,17,bandpass_n20004_cV2_covariance_s0,phase2/results/predictions/full/electrode/tcn/seed_17/bandpass_n20004_cV2_covariance_s0.npz,76103,f83c294b86dff68773dd4bf678e92ecab4fe097afe119edb7540643ba0694172
tcn,electrode,17,bandpass_n20004_cV3_independent_rms_s20,phase2/results/predictions/full/electrode/tcn/seed_17/bandpass_n20004_cV3_independent_rms_s20.npz,76471,cfa23fb49b080103e953240e32df9f1059f710f0b61a56c2c0f9c863d508dd12
tcn,electrode,17,bandpass_n20004_cV3_independent_rms_s15,phase2/results/predictions/full/electrode/tcn/seed_17/bandpass_n20004_cV3_independent_rms_s15.npz,76431,86e303fb3c99a5503c23e040ebfcf0e4057df29a2e6705eb9f8ba891a3776ef0
tcn,electrode,17,bandpass_n20004_cV3_independent_rms_s10,phase2/results/predictions/full/electrode/tcn/seed_17/bandpass_n20004_cV3_independent_rms_s10.npz,76403,4ce09abc2cf1d5ab5c69f7c964b75c1b72d35d687b3a3a3fa1adb6adee92d18a
tcn,electrode,17,bandpass_n20004_cV3_independent_rms_s5,phase2/results/predictions/full/electrode/tcn/seed_17/bandpass_n20004_cV3_independent_rms_s5.npz,76328,c9437ec1529461c858a1f5b2529c7f1e6f5ebe35735067868e29d15886e7fee4
tcn,electrode,17,bandpass_n20004_cV3_independent_rms_s0,phase2/results/predictions/full/electrode/tcn/seed_17/bandpass_n20004_cV3_independent_rms_s0.npz,76003,395984b5b265443ac47a828f31c8518bbe0ec41c4f98bd934c3d4275db24ee7f
tcn,electrode,17,bandpass_n20004_cV3_electrode_s20,phase2/results/predictions/full/electrode/tcn/seed_17/bandpass_n20004_cV3_electrode_s20.npz,76408,ec07da692fcb11f74cdf47f8c4c3e2ff28fcce2ea4f4db01d530a7d55456d3f2
tcn,electrode,17,bandpass_n20004_cV3_electrode_s15,phase2/results/predictions/full/electrode/tcn/seed_17/bandpass_n20004_cV3_electrode_s15.npz,76442,3aff9a129ab7379ef99e8cb2e94fa1efdde184d7a4d1f58958ea57531da4b33f
tcn,electrode,17,bandpass_n20004_cV3_electrode_s10,phase2/results/predictions/full/electrode/tcn/seed_17/bandpass_n20004_cV3_electrode_s10.npz,76397,d35293e70a181906931716d3966e35bc6c894db129b3bdbab8e7acc92d79ccef
tcn,electrode,17,bandpass_n20004_cV3_electrode_s5,phase2/results/predictions/full/electrode/tcn/seed_17/bandpass_n20004_cV3_electrode_s5.npz,76287,2ad90b6e03d61a4bddea0e3a4ca58fbf0eace655283661e8a4b64219910ab220
tcn,electrode,17,bandpass_n20004_cV3_electrode_s0,phase2/results/predictions/full/electrode/tcn/seed_17/bandpass_n20004_cV3_electrode_s0.npz,76042,e6bf5be1e8a24300a40cb718748c366fe767e1d0a68a9ff3ed33d0bc6e425d8b
tcn,electrode,17,bandpass_n20004_cV3_covariance_s20,phase2/results/predictions/full/electrode/tcn/seed_17/bandpass_n20004_cV3_covariance_s20.npz,76428,57c8ff97457be809473c3f9b6bc9a9b54608a9055a56f853862118d762b52193
tcn,electrode,17,bandpass_n20004_cV3_covariance_s15,phase2/results/predictions/full/electrode/tcn/seed_17/bandpass_n20004_cV3_covariance_s15.npz,76439,bed75a935c4f125e8df4aa8820dc0ef64e36209ad5e0109b06d233b610e9d8ba
tcn,electrode,17,bandpass_n20004_cV3_covariance_s10,phase2/results/predictions/full/electrode/tcn/seed_17/bandpass_n20004_cV3_covariance_s10.npz,76418,6de53003d9a2d98673fefcfd3d9b0b0fcb2d558c1df07c8d45156afd85f8ed02
tcn,electrode,17,bandpass_n20004_cV3_covariance_s5,phase2/results/predictions/full/electrode/tcn/seed_17/bandpass_n20004_cV3_covariance_s5.npz,76333,41437ca3dc26310b22efff24852ec938b348eced418433a21e6cae819a460177
tcn,electrode,17,bandpass_n20004_cV3_covariance_s0,phase2/results/predictions/full/electrode/tcn/seed_17/bandpass_n20004_cV3_covariance_s0.npz,76052,12de6b973343cf4fc0dab5f9bdb5a21569a5769388368df267f14fb6b3903e7a
tcn,electrode,17,bandpass_n20004_cV4_independent_rms_s20,phase2/results/predictions/full/electrode/tcn/seed_17/bandpass_n20004_cV4_independent_rms_s20.npz,76445,0ba23ef9b3701abe84444af4dea9c43f6a2f1e68e3685b6ec1ed3a19e4abe571
tcn,electrode,17,bandpass_n20004_cV4_independent_rms_s15,phase2/results/predictions/full/electrode/tcn/seed_17/bandpass_n20004_cV4_independent_rms_s15.npz,76461,0b4c68986594d7a4e755354a1b87b8cc004381865d602cabd4476b462d56f3f8
tcn,electrode,17,bandpass_n20004_cV4_independent_rms_s10,phase2/results/predictions/full/electrode/tcn/seed_17/bandpass_n20004_cV4_independent_rms_s10.npz,76430,053eb6354bf63e6c24f6a8680c497f081d614ea458fba1332300b5bab0a19d22
tcn,electrode,17,bandpass_n20004_cV4_independent_rms_s5,phase2/results/predictions/full/electrode/tcn/seed_17/bandpass_n20004_cV4_independent_rms_s5.npz,76409,96aa655fb914f82dd12f09331231ed0d0b5a36355c263015168b824d5a6fdfd7
tcn,electrode,17,bandpass_n20004_cV4_independent_rms_s0,phase2/results/predictions/full/electrode/tcn/seed_17/bandpass_n20004_cV4_independent_rms_s0.npz,76269,aa250a13afa9e37c051d9ffafa8a8ca1f63c552d90a0fd885a2817dc39323c9b
tcn,electrode,17,bandpass_n20004_cV4_electrode_s20,phase2/results/predictions/full/electrode/tcn/seed_17/bandpass_n20004_cV4_electrode_s20.npz,76449,b6cfe908947918fa70325860033c1eb8cfd7341e6597466360f4c3894c84b5ca
tcn,electrode,17,bandpass_n20004_cV4_electrode_s15,phase2/results/predictions/full/electrode/tcn/seed_17/bandpass_n20004_cV4_electrode_s15.npz,76418,857a36fa985d353938f0e8e9fa1c633f9c836c6e69603893855550cf124d5cd5
tcn,electrode,17,bandpass_n20004_cV4_electrode_s10,phase2/results/predictions/full/electrode/tcn/seed_17/bandpass_n20004_cV4_electrode_s10.npz,76394,2ebeb5466a94a98fed9d93b5149d530451e3458e2261eb553b8bf90793edb6e4
tcn,electrode,17,bandpass_n20004_cV4_electrode_s5,phase2/results/predictions/full/electrode/tcn/seed_17/bandpass_n20004_cV4_electrode_s5.npz,76381,e82bc7656819f7a3ecc8ae9a24cb6ef35e019a0aa079793441fa38cfba1adca8
tcn,electrode,17,bandpass_n20004_cV4_electrode_s0,phase2/results/predictions/full/electrode/tcn/seed_17/bandpass_n20004_cV4_electrode_s0.npz,76277,e583261ff5aa627057492362dce80a554efd127026d871c57ecd55a4bdeedb83
tcn,electrode,17,bandpass_n20004_cV4_covariance_s20,phase2/results/predictions/full/electrode/tcn/seed_17/bandpass_n20004_cV4_covariance_s20.npz,76436,5170047696e123003298ecb75f7c17608d5769d590d5442b7a9ab69f66f459e3
tcn,electrode,17,bandpass_n20004_cV4_covariance_s15,phase2/results/predictions/full/electrode/tcn/seed_17/bandpass_n20004_cV4_covariance_s15.npz,76435,f72d1cdc4cc25745f77629e995cb9a1f01364e2d03aadb1c84382fafde086c12
tcn,electrode,17,bandpass_n20004_cV4_covariance_s10,phase2/results/predictions/full/electrode/tcn/seed_17/bandpass_n20004_cV4_covariance_s10.npz,76449,414d20b8b9c9564c1c3e7bd16574bb094b5839b27611432ee2b8e5e8ae39128b
tcn,electrode,17,bandpass_n20004_cV4_covariance_s5,phase2/results/predictions/full/electrode/tcn/seed_17/bandpass_n20004_cV4_covariance_s5.npz,76388,16460b233bdb24fd5e65ba3497176df50d7c92e3f7d83dbd5e8fb3085055307a
tcn,electrode,17,bandpass_n20004_cV4_covariance_s0,phase2/results/predictions/full/electrode/tcn/seed_17/bandpass_n20004_cV4_covariance_s0.npz,76261,cd2d92fc7d8f0e8cbbf4591c167cc6e71a6f964b196190241c06fa824c77a6a3
tcn,electrode,17,bandpass_n20004_cV5_independent_rms_s20,phase2/results/predictions/full/electrode/tcn/seed_17/bandpass_n20004_cV5_independent_rms_s20.npz,76399,09a1ddd55dafa3d7b25f6c26db3f306d4c9563adbe6f6249206d78ebc5cc562d
tcn,electrode,17,bandpass_n20004_cV5_independent_rms_s15,phase2/results/predictions/full/electrode/tcn/seed_17/bandpass_n20004_cV5_independent_rms_s15.npz,76422,1b24cc76c7d7258ec3420d03d23b46cde33316d497bb24d7db62ff6658f830d3
tcn,electrode,17,bandpass_n20004_cV5_independent_rms_s10,phase2/results/predictions/full/electrode/tcn/seed_17/bandpass_n20004_cV5_independent_rms_s10.npz,76386,564ac2b18d929586f4dac10fadbc7a830c3ac85f8dd7199fa20daeea56369055
tcn,electrode,17,bandpass_n20004_cV5_independent_rms_s5,phase2/results/predictions/full/electrode/tcn/seed_17/bandpass_n20004_cV5_independent_rms_s5.npz,76317,e1a61422ea589584170b2b69e54c9d83923c59326597418f341123ba29fab0d3
tcn,electrode,17,bandpass_n20004_cV5_independent_rms_s0,phase2/results/predictions/full/electrode/tcn/seed_17/bandpass_n20004_cV5_independent_rms_s0.npz,76094,c550cad391d38bc336d191fb1e87cf374a4b3d5dacce20639a37ed0afcacb87f
tcn,electrode,17,bandpass_n20004_cV5_electrode_s20,phase2/results/predictions/full/electrode/tcn/seed_17/bandpass_n20004_cV5_electrode_s20.npz,76441,c902aefe484755162226a94d73ca3f4383b836442ae5381edefbf0c57ed7615d
tcn,electrode,17,bandpass_n20004_cV5_electrode_s15,phase2/results/predictions/full/electrode/tcn/seed_17/bandpass_n20004_cV5_electrode_s15.npz,76423,47caed3c47c19fc50a56f024c7a1755165e0b96d2d3fe827b1a5be3d36b7ade3
tcn,electrode,17,bandpass_n20004_cV5_electrode_s10,phase2/results/predictions/full/electrode/tcn/seed_17/bandpass_n20004_cV5_electrode_s10.npz,76386,e9cccacc75e542092368dabcdbab2409e3793851cc1d437e7949e10494a79af2
tcn,electrode,17,bandpass_n20004_cV5_electrode_s5,phase2/results/predictions/full/electrode/tcn/seed_17/bandpass_n20004_cV5_electrode_s5.npz,76303,d2b691aec13d6677f9890e4706d91e90aaa585084c9c879eabf53474647add86
tcn,electrode,17,bandpass_n20004_cV5_electrode_s0,phase2/results/predictions/full/electrode/tcn/seed_17/bandpass_n20004_cV5_electrode_s0.npz,76086,52a372c79ee328e14ea0e42290857f00924c611d865e863a23c994a5748b4ee0
tcn,electrode,17,bandpass_n20004_cV5_covariance_s20,phase2/results/predictions/full/electrode/tcn/seed_17/bandpass_n20004_cV5_covariance_s20.npz,76444,c449f2686e5fc2a40a68528070b698b1eb8b78198c8735476862a3bc35f85984
tcn,electrode,17,bandpass_n20004_cV5_covariance_s15,phase2/results/predictions/full/electrode/tcn/seed_17/bandpass_n20004_cV5_covariance_s15.npz,76458,fbd855b96ed8f84ea74ea6c621d0f99ade4dd8bc9cebe782ad684116f31e1739
tcn,electrode,17,bandpass_n20004_cV5_covariance_s10,phase2/results/predictions/full/electrode/tcn/seed_17/bandpass_n20004_cV5_covariance_s10.npz,76407,b9a4e7aac12a4894e3decb0319aca9c0e7608cb52a4418ebbd0c4c2d6cdbcec0
tcn,electrode,17,bandpass_n20004_cV5_covariance_s5,phase2/results/predictions/full/electrode/tcn/seed_17/bandpass_n20004_cV5_covariance_s5.npz,76302,37613ea0734fb0d5c1b2865af5d8fa11eefc1b9aa4933513d068837efb90a045
tcn,electrode,17,bandpass_n20004_cV5_covariance_s0,phase2/results/predictions/full/electrode/tcn/seed_17/bandpass_n20004_cV5_covariance_s0.npz,76088,d02dfbdb0252e81a7305605e580048cdd9f808b980f200d36e0c0ddaa0dcf62e
tcn,electrode,17,bandpass_n20004_cV6_independent_rms_s20,phase2/results/predictions/full/electrode/tcn/seed_17/bandpass_n20004_cV6_independent_rms_s20.npz,76446,f6747a5eee1e57ac18609f3924ed98c3a3d0e12f8e547bfba3cad049976ab7fd
tcn,electrode,17,bandpass_n20004_cV6_independent_rms_s15,phase2/results/predictions/full/electrode/tcn/seed_17/bandpass_n20004_cV6_independent_rms_s15.npz,76433,af3f30a3da2fd9464109382edd2c9d270826cfb1d8d86cdbe0ac9e17ecf29bc9
tcn,electrode,17,bandpass_n20004_cV6_independent_rms_s10,phase2/results/predictions/full/electrode/tcn/seed_17/bandpass_n20004_cV6_independent_rms_s10.npz,76410,5fbf76352e310b6c73f44e21be7195faf2c14f4118d26a954fd9eca29a5a07ae
tcn,electrode,17,bandpass_n20004_cV6_independent_rms_s5,phase2/results/predictions/full/electrode/tcn/seed_17/bandpass_n20004_cV6_independent_rms_s5.npz,76323,2d33fc538c72381d301a9f9b97437470433bcaa83cd0f632dfc3528c600377de
tcn,electrode,17,bandpass_n20004_cV6_independent_rms_s0,phase2/results/predictions/full/electrode/tcn/seed_17/bandpass_n20004_cV6_independent_rms_s0.npz,76011,2c2c00c4fb4eca7e8f022c259677dde034b536054393e4e5edeb78f90121bf2c
tcn,electrode,17,bandpass_n20004_cV6_electrode_s20,phase2/results/predictions/full/electrode/tcn/seed_17/bandpass_n20004_cV6_electrode_s20.npz,76447,6f3cdbad657b4af97c85bd99d95a86f412f199476b4db48e83e9f815d6e61486
tcn,electrode,17,bandpass_n20004_cV6_electrode_s15,phase2/results/predictions/full/electrode/tcn/seed_17/bandpass_n20004_cV6_electrode_s15.npz,76426,3b70c3b3e1261cd78fe1b3c24043c7648b793caa6c73f205b7dd56cb34d98b99
tcn,electrode,17,bandpass_n20004_cV6_electrode_s10,phase2/results/predictions/full/electrode/tcn/seed_17/bandpass_n20004_cV6_electrode_s10.npz,76404,237e76a4e7d3330b054e697257309b13851f263672db841fbf660ac9e5ecd21d
tcn,electrode,17,bandpass_n20004_cV6_electrode_s5,phase2/results/predictions/full/electrode/tcn/seed_17/bandpass_n20004_cV6_electrode_s5.npz,76296,73766318b924956faad82cbc2d139a932bd6dd0aeab2f33437fa6c4150193586
tcn,electrode,17,bandpass_n20004_cV6_electrode_s0,phase2/results/predictions/full/electrode/tcn/seed_17/bandpass_n20004_cV6_electrode_s0.npz,75995,db8a9277908f44fc9eb70bd429a682d034a2730ad542cd17a022256a66b9380b
tcn,electrode,17,bandpass_n20004_cV6_covariance_s20,phase2/results/predictions/full/electrode/tcn/seed_17/bandpass_n20004_cV6_covariance_s20.npz,76428,a74dbf88439bcafffdbd1c6b8daea3593c66a8af47fc10400a77294a45284635
tcn,electrode,17,bandpass_n20004_cV6_covariance_s15,phase2/results/predictions/full/electrode/tcn/seed_17/bandpass_n20004_cV6_covariance_s15.npz,76431,3ab3b40400d8deacc07de75c30b164274391c2d345155a920518b17e5e7c579b
tcn,electrode,17,bandpass_n20004_cV6_covariance_s10,phase2/results/predictions/full/electrode/tcn/seed_17/bandpass_n20004_cV6_covariance_s10.npz,76417,03e3795b6679bed8f9b9641fc883ccab2095a6648ea59f44c432c0f56f9f9542
tcn,electrode,17,bandpass_n20004_cV6_covariance_s5,phase2/results/predictions/full/electrode/tcn/seed_17/bandpass_n20004_cV6_covariance_s5.npz,76281,f7683134871af343a41a8959141dae3bb3c2c96004bb19b8ca667b11bc573e54
tcn,electrode,17,bandpass_n20004_cV6_covariance_s0,phase2/results/predictions/full/electrode/tcn/seed_17/bandpass_n20004_cV6_covariance_s0.npz,75976,89296c928a721f82c8be0cae9dbcb1903bdac04cf3694df95356e853383c3b34
tcn,electrode,17,bandpass_n20004_cRA_LA_independent_rms_s20,phase2/results/predictions/full/electrode/tcn/seed_17/bandpass_n20004_cRA_LA_independent_rms_s20.npz,76458,4401c45c1a96e74723332af025a46fb5dd24db7522dc4e7e042ae33f952d6ded
tcn,electrode,17,bandpass_n20004_cRA_LA_independent_rms_s15,phase2/results/predictions/full/electrode/tcn/seed_17/bandpass_n20004_cRA_LA_independent_rms_s15.npz,76423,456d959294613a463d507abaa97a29b24d6391b91557664958673dd3a1bdf2b5
tcn,electrode,17,bandpass_n20004_cRA_LA_independent_rms_s10,phase2/results/predictions/full/electrode/tcn/seed_17/bandpass_n20004_cRA_LA_independent_rms_s10.npz,76410,3fce59268185180e937602791e6020a4dd00c8c75a27f69edb06fdafc45007dd
tcn,electrode,17,bandpass_n20004_cRA_LA_independent_rms_s5,phase2/results/predictions/full/electrode/tcn/seed_17/bandpass_n20004_cRA_LA_independent_rms_s5.npz,76275,44558bf81e1aced92ec0de30e06dde7d7719cbeadcdb72b5610b12eb4960476e
tcn,electrode,17,bandpass_n20004_cRA_LA_independent_rms_s0,phase2/results/predictions/full/electrode/tcn/seed_17/bandpass_n20004_cRA_LA_independent_rms_s0.npz,75975,b53e91fe7ad89c6e7aeb01fb893d1755d632352c9b345c470e10b9f51d3a6c2a
tcn,electrode,17,bandpass_n20004_cRA_LA_electrode_s20,phase2/results/predictions/full/electrode/tcn/seed_17/bandpass_n20004_cRA_LA_electrode_s20.npz,76426,7f417c7f4ab089b8387f99e5169c5e1614bef3b84870f630b6a3b68f8e18ae3f
tcn,electrode,17,bandpass_n20004_cRA_LA_electrode_s15,phase2/results/predictions/full/electrode/tcn/seed_17/bandpass_n20004_cRA_LA_electrode_s15.npz,76423,e80619f32305e8f72c485b8711c8e1cb747df98c53b3e607f9883180e620d940
tcn,electrode,17,bandpass_n20004_cRA_LA_electrode_s10,phase2/results/predictions/full/electrode/tcn/seed_17/bandpass_n20004_cRA_LA_electrode_s10.npz,76365,e18364590cf00b0f1c71da4e2ddcfa4576b08d9bcaef96ba1883887654abaa05
tcn,electrode,17,bandpass_n20004_cRA_LA_electrode_s5,phase2/results/predictions/full/electrode/tcn/seed_17/bandpass_n20004_cRA_LA_electrode_s5.npz,76185,3b27297380f7c882eec59e203b44590e394f6177c4473301f1d6a9852d995014
tcn,electrode,17,bandpass_n20004_cRA_LA_electrode_s0,phase2/results/predictions/full/electrode/tcn/seed_17/bandpass_n20004_cRA_LA_electrode_s0.npz,75739,dc32df7a468475bd3b711c560fd452887c85abba2f22ea8d831091c715ab42f3
tcn,electrode,17,bandpass_n20004_cRA_LA_covariance_s20,phase2/results/predictions/full/electrode/tcn/seed_17/bandpass_n20004_cRA_LA_covariance_s20.npz,76413,008ce24ddecca8057096fbd321b8c2c2a3859652a37713c53b3c05aae05dfac0
tcn,electrode,17,bandpass_n20004_cRA_LA_covariance_s15,phase2/results/predictions/full/electrode/tcn/seed_17/bandpass_n20004_cRA_LA_covariance_s15.npz,76394,b6a4c1d19b31ffcc61b2ac0042bf8d1df6a519c448f41f9b04898003c965dc26
tcn,electrode,17,bandpass_n20004_cRA_LA_covariance_s10,phase2/results/predictions/full/electrode/tcn/seed_17/bandpass_n20004_cRA_LA_covariance_s10.npz,76380,3bb279ec0c72314cb9d90afa5f4e6a556670cbd083050f95d3a5ca72a0b61f94
tcn,electrode,17,bandpass_n20004_cRA_LA_covariance_s5,phase2/results/predictions/full/electrode/tcn/seed_17/bandpass_n20004_cRA_LA_covariance_s5.npz,76139,d615dc3cf6a307adf4d35d88cedc269797c702412e0b205aa3563fe1dd39c617
tcn,electrode,17,bandpass_n20004_cRA_LA_covariance_s0,phase2/results/predictions/full/electrode/tcn/seed_17/bandpass_n20004_cRA_LA_covariance_s0.npz,75752,581962345a172db21e9ce8ee81b3a49baf4674402260e61c40b7185043763b34
tcn,electrode,17,bandpass_n20004_cLA_LL_independent_rms_s20,phase2/results/predictions/full/electrode/tcn/seed_17/bandpass_n20004_cLA_LL_independent_rms_s20.npz,76457,cfd329dfffa90459889196fa370e55db8a6493330e25fcd2c80e8cd9f568948e
tcn,electrode,17,bandpass_n20004_cLA_LL_independent_rms_s15,phase2/results/predictions/full/electrode/tcn/seed_17/bandpass_n20004_cLA_LL_independent_rms_s15.npz,76443,acd16d74794311de2844a1c5efb260aed69bb677848b978deb7f10a86b1a8a41
tcn,electrode,17,bandpass_n20004_cLA_LL_independent_rms_s10,phase2/results/predictions/full/electrode/tcn/seed_17/bandpass_n20004_cLA_LL_independent_rms_s10.npz,76409,4ba9ddb59f854cf111d8c748fa5dabea3cb0b6056d904fcd8deb599d94897c54
tcn,electrode,17,bandpass_n20004_cLA_LL_independent_rms_s5,phase2/results/predictions/full/electrode/tcn/seed_17/bandpass_n20004_cLA_LL_independent_rms_s5.npz,76290,ae8ee421bbcec038ca830e68e76c05ab00c915d99b039c25ee79a8866a23f3dd
tcn,electrode,17,bandpass_n20004_cLA_LL_independent_rms_s0,phase2/results/predictions/full/electrode/tcn/seed_17/bandpass_n20004_cLA_LL_independent_rms_s0.npz,75979,cd2baa36d29ee4a7fe5c6a377a6fce24b49fae32b60475547ac3615168eec28f
tcn,electrode,17,bandpass_n20004_cLA_LL_electrode_s20,phase2/results/predictions/full/electrode/tcn/seed_17/bandpass_n20004_cLA_LL_electrode_s20.npz,76441,e34a64f786ce0c219daa63efa97b68b040e985fda98ae41502222e2f4d3576a6
tcn,electrode,17,bandpass_n20004_cLA_LL_electrode_s15,phase2/results/predictions/full/electrode/tcn/seed_17/bandpass_n20004_cLA_LL_electrode_s15.npz,76428,72562c3170a2221d9d82bfb1b7e8f342db1a1261c416b78dde0b61e2d9207fa7
tcn,electrode,17,bandpass_n20004_cLA_LL_electrode_s10,phase2/results/predictions/full/electrode/tcn/seed_17/bandpass_n20004_cLA_LL_electrode_s10.npz,76360,d9529a61b5c898db8b2c19592075c71213cf45354512d4aaa446b434d5e4993e
tcn,electrode,17,bandpass_n20004_cLA_LL_electrode_s5,phase2/results/predictions/full/electrode/tcn/seed_17/bandpass_n20004_cLA_LL_electrode_s5.npz,76220,7d1370e74a447d39f959a5e95767b19a118da897219c9f14034bea7cf21548b3
tcn,electrode,17,bandpass_n20004_cLA_LL_electrode_s0,phase2/results/predictions/full/electrode/tcn/seed_17/bandpass_n20004_cLA_LL_electrode_s0.npz,75850,1a1cacec842a763ce6575275ccc2b89eb875f534b7ab89191c6eb95856dcc254
tcn,electrode,17,bandpass_n20004_cLA_LL_covariance_s20,phase2/results/predictions/full/electrode/tcn/seed_17/bandpass_n20004_cLA_LL_covariance_s20.npz,76432,8654d4b5e4601cdd3a74fdc75f6c080ff4ededad693c88eec7160e34a4549686
tcn,electrode,17,bandpass_n20004_cLA_LL_covariance_s15,phase2/results/predictions/full/electrode/tcn/seed_17/bandpass_n20004_cLA_LL_covariance_s15.npz,76414,d1235339ad92493f211a376124ddd6c0283cac535776248e4af7a7e7b42909b9
tcn,electrode,17,bandpass_n20004_cLA_LL_covariance_s10,phase2/results/predictions/full/electrode/tcn/seed_17/bandpass_n20004_cLA_LL_covariance_s10.npz,76329,01c5616921f53db898779d767883e704f0e1d4fbe25576f4f573e409c3c18d70
tcn,electrode,17,bandpass_n20004_cLA_LL_covariance_s5,phase2/results/predictions/full/electrode/tcn/seed_17/bandpass_n20004_cLA_LL_covariance_s5.npz,76236,531c4071be6ad5e9306317e73792208f479961d9bcfa142a30387a497ea5a0d5
tcn,electrode,17,bandpass_n20004_cLA_LL_covariance_s0,phase2/results/predictions/full/electrode/tcn/seed_17/bandpass_n20004_cLA_LL_covariance_s0.npz,75821,a4d4fe082e50e17e47a870368558194bdc21d1a0a21fbce55fe316db7cecec88
tcn,electrode,17,bandpass_n20004_cRA_LL_independent_rms_s20,phase2/results/predictions/full/electrode/tcn/seed_17/bandpass_n20004_cRA_LL_independent_rms_s20.npz,76451,94787dc323b08f3456785900a7de2b86177d80e3ebe3dd3a5198b0db0d607662
tcn,electrode,17,bandpass_n20004_cRA_LL_independent_rms_s15,phase2/results/predictions/full/electrode/tcn/seed_17/bandpass_n20004_cRA_LL_independent_rms_s15.npz,76432,bcd705cb6b7db808e6dd855d729387a3cb6b92b07342579c76137c82830dafd1
tcn,electrode,17,bandpass_n20004_cRA_LL_independent_rms_s10,phase2/results/predictions/full/electrode/tcn/seed_17/bandpass_n20004_cRA_LL_independent_rms_s10.npz,76390,7a0901deaa3f4c487ac420276507b657fe9c7913203abdf108c1cde1cb3ccbe9
tcn,electrode,17,bandpass_n20004_cRA_LL_independent_rms_s5,phase2/results/predictions/full/electrode/tcn/seed_17/bandpass_n20004_cRA_LL_independent_rms_s5.npz,76245,83415640bb17b54e356f621398a55b073e92109726d1d8e3d3fef3cb72608059
tcn,electrode,17,bandpass_n20004_cRA_LL_independent_rms_s0,phase2/results/predictions/full/electrode/tcn/seed_17/bandpass_n20004_cRA_LL_independent_rms_s0.npz,75918,7e9590115fa9fe2d246ab07d83efdb9e9e6935a262e44dee9aadfd6dd0b35171
tcn,electrode,17,bandpass_n20004_cRA_LL_electrode_s20,phase2/results/predictions/full/electrode/tcn/seed_17/bandpass_n20004_cRA_LL_electrode_s20.npz,76435,561fd893b8e95d0e8c91a6aa2405ee5757c6208dcd99567cacb5bc309f978f7b
tcn,electrode,17,bandpass_n20004_cRA_LL_electrode_s15,phase2/results/predictions/full/electrode/tcn/seed_17/bandpass_n20004_cRA_LL_electrode_s15.npz,76430,50c0a5e52739b7a69a78a96e70715be461230a2ec998247785b85af9ddb5a205
tcn,electrode,17,bandpass_n20004_cRA_LL_electrode_s10,phase2/results/predictions/full/electrode/tcn/seed_17/bandpass_n20004_cRA_LL_electrode_s10.npz,76367,89ff2a5c8ff8ed78e8894fc90c2f0adde70e558afb2a4289e4a63f70e6cd378d
tcn,electrode,17,bandpass_n20004_cRA_LL_electrode_s5,phase2/results/predictions/full/electrode/tcn/seed_17/bandpass_n20004_cRA_LL_electrode_s5.npz,76218,106231e65dfc606f4b2b41bb63643009498eeefb540b1f06a5160750d816b8fd
tcn,electrode,17,bandpass_n20004_cRA_LL_electrode_s0,phase2/results/predictions/full/electrode/tcn/seed_17/bandpass_n20004_cRA_LL_electrode_s0.npz,75741,63e05612434705780c478f6e68256175f6441f8c5fff595ee478d0da1ea1b543
tcn,electrode,17,bandpass_n20004_cRA_LL_covariance_s20,phase2/results/predictions/full/electrode/tcn/seed_17/bandpass_n20004_cRA_LL_covariance_s20.npz,76424,5ad230deaea74b03eaa448fd398e8ae97d9069de712c86957b35c4d383d35e85
tcn,electrode,17,bandpass_n20004_cRA_LL_covariance_s15,phase2/results/predictions/full/electrode/tcn/seed_17/bandpass_n20004_cRA_LL_covariance_s15.npz,76389,90ba903b2c64a5b1e7a4f152cc8acb4f257b62f8f23d46a8fe20d1e2513b2495
tcn,electrode,17,bandpass_n20004_cRA_LL_covariance_s10,phase2/results/predictions/full/electrode/tcn/seed_17/bandpass_n20004_cRA_LL_covariance_s10.npz,76381,d51aafeff377b3155784e94684bed54c50ccda11cb9d410f0d916f7953eec7ef
tcn,electrode,17,bandpass_n20004_cRA_LL_covariance_s5,phase2/results/predictions/full/electrode/tcn/seed_17/bandpass_n20004_cRA_LL_covariance_s5.npz,76181,f866452a523fb9a6a0ec848a2e791a84282a04063f5a3ef9083b338539e590dd
tcn,electrode,17,bandpass_n20004_cRA_LL_covariance_s0,phase2/results/predictions/full/electrode/tcn/seed_17/bandpass_n20004_cRA_LL_covariance_s0.npz,75742,31a43ae69a0ef3fe8ca99e2103a289198e02e54927334d6fbe019e9c61a353d2
tcn,electrode,17,bandpass_n20004_cRA_independent_rms_s20,phase2/results/predictions/full/electrode/tcn/seed_17/bandpass_n20004_cRA_independent_rms_s20.npz,76450,87260ef782df524a18a8735f88847622547c05c9ab2a6a4ce83fc6f09b2eddab
tcn,electrode,17,bandpass_n20004_cRA_independent_rms_s15,phase2/results/predictions/full/electrode/tcn/seed_17/bandpass_n20004_cRA_independent_rms_s15.npz,76435,525ca70ac169553d6877cf2e8fc757c7f92d0195d7f6933dc61287b788e33a16
tcn,electrode,17,bandpass_n20004_cRA_independent_rms_s10,phase2/results/predictions/full/electrode/tcn/seed_17/bandpass_n20004_cRA_independent_rms_s10.npz,76402,e9e1c6f8698cdd43a0f037f4ec29ee3aba7264539a841b8a501d51464a534898
tcn,electrode,17,bandpass_n20004_cRA_independent_rms_s5,phase2/results/predictions/full/electrode/tcn/seed_17/bandpass_n20004_cRA_independent_rms_s5.npz,76276,152799315b30b2a7dc77afb452870f6c7304898b86bc362813a87a10c283b67e
tcn,electrode,17,bandpass_n20004_cRA_independent_rms_s0,phase2/results/predictions/full/electrode/tcn/seed_17/bandpass_n20004_cRA_independent_rms_s0.npz,75913,84fbe9c7717793f1004c2ad271119534c99bf81d37fa79308e471a605f033d80
tcn,electrode,17,bandpass_n20004_cRA_electrode_s20,phase2/results/predictions/full/electrode/tcn/seed_17/bandpass_n20004_cRA_electrode_s20.npz,76436,015355dde45b3b667ee76b5768c8ff02e7c8de7836a4f9a346192414b26832a9
tcn,electrode,17,bandpass_n20004_cRA_electrode_s15,phase2/results/predictions/full/electrode/tcn/seed_17/bandpass_n20004_cRA_electrode_s15.npz,76431,8ce4077be8b59c25dae8da91f248b4f0374ebb89b55ea30adf75adbef38f4c91
tcn,electrode,17,bandpass_n20004_cRA_electrode_s10,phase2/results/predictions/full/electrode/tcn/seed_17/bandpass_n20004_cRA_electrode_s10.npz,76360,ea41ac100c62f2781117763246c488324c3854a94d7beca4b33b7a9371bfae5b
tcn,electrode,17,bandpass_n20004_cRA_electrode_s5,phase2/results/predictions/full/electrode/tcn/seed_17/bandpass_n20004_cRA_electrode_s5.npz,76179,1c68ff32cd93f67626a070166275f298f4f3753a3a6d67ca2d32078e037b81ce
tcn,electrode,17,bandpass_n20004_cRA_electrode_s0,phase2/results/predictions/full/electrode/tcn/seed_17/bandpass_n20004_cRA_electrode_s0.npz,75849,4b02c0ca89ffb645ba0d5e1031ad35a86343dea1ba846b50a8d456f48e4ac25c
tcn,electrode,17,bandpass_n20004_cRA_covariance_s20,phase2/results/predictions/full/electrode/tcn/seed_17/bandpass_n20004_cRA_covariance_s20.npz,76443,03cbc58a9360c7273aeadb6797b95075ee3fc520c6ca702cb40b8ee57b323bb8
tcn,electrode,17,bandpass_n20004_cRA_covariance_s15,phase2/results/predictions/full/electrode/tcn/seed_17/bandpass_n20004_cRA_covariance_s15.npz,76423,566ca83b0297306c3fe6d6f16f089710871148e52733d9f74f053d105d029447
tcn,electrode,17,bandpass_n20004_cRA_covariance_s10,phase2/results/predictions/full/electrode/tcn/seed_17/bandpass_n20004_cRA_covariance_s10.npz,76374,9d777f1497a743a069edfe647496c7fca9df2b6559c4f2a4a18dd757247ffba0
tcn,electrode,17,bandpass_n20004_cRA_covariance_s5,phase2/results/predictions/full/electrode/tcn/seed_17/bandpass_n20004_cRA_covariance_s5.npz,76186,f4abb4d6bcdf48fe327c30cdd562ec55b85ec7d228532e506c09715b3592dee7
tcn,electrode,17,bandpass_n20004_cRA_covariance_s0,phase2/results/predictions/full/electrode/tcn/seed_17/bandpass_n20004_cRA_covariance_s0.npz,75878,47e3f47621c5aa06038a873ba80c47c2a8733a0b107b45e9e3d54d4152ab9630
tcn,electrode,17,bandpass_n20004_cLA_independent_rms_s20,phase2/results/predictions/full/electrode/tcn/seed_17/bandpass_n20004_cLA_independent_rms_s20.npz,76462,cd9bc7b0aa4a33a7a2beda241c6a50b31a03e2aa433999ccb4896af25345de62
tcn,electrode,17,bandpass_n20004_cLA_independent_rms_s15,phase2/results/predictions/full/electrode/tcn/seed_17/bandpass_n20004_cLA_independent_rms_s15.npz,76436,c68aea8d1e8fc05910a1405d60f338a46b3ce2e097d0ebbb79a79892b4c10a2d
tcn,electrode,17,bandpass_n20004_cLA_independent_rms_s10,phase2/results/predictions/full/electrode/tcn/seed_17/bandpass_n20004_cLA_independent_rms_s10.npz,76413,3079f0224279b16600cb9bb9a5d065688f7a05c3f446b70870f736dfa6b04b53
tcn,electrode,17,bandpass_n20004_cLA_independent_rms_s5,phase2/results/predictions/full/electrode/tcn/seed_17/bandpass_n20004_cLA_independent_rms_s5.npz,76320,5366353f63e0e76f10b1bffce5678e60f24da32631018869a3cf5b5817a3203e
tcn,electrode,17,bandpass_n20004_cLA_independent_rms_s0,phase2/results/predictions/full/electrode/tcn/seed_17/bandpass_n20004_cLA_independent_rms_s0.npz,76061,d79c6656ee5d0ec52c032e6751aa6595d298cbd30ead0caac13488460c3efc38
tcn,electrode,17,bandpass_n20004_cLA_electrode_s20,phase2/results/predictions/full/electrode/tcn/seed_17/bandpass_n20004_cLA_electrode_s20.npz,76429,34807537a26a2f373ee22125c724e5437b7411a523911560f16e165121c94a84
tcn,electrode,17,bandpass_n20004_cLA_electrode_s15,phase2/results/predictions/full/electrode/tcn/seed_17/bandpass_n20004_cLA_electrode_s15.npz,76431,52ffeec5291b0863bd39a460500b4cda31329f506a35d6893970629abaf82277
tcn,electrode,17,bandpass_n20004_cLA_electrode_s10,phase2/results/predictions/full/electrode/tcn/seed_17/bandpass_n20004_cLA_electrode_s10.npz,76364,e96050bca88a39b497aa15e7ec22fa1ef0e5f4331a9884be3b5e9a1c8e302133
tcn,electrode,17,bandpass_n20004_cLA_electrode_s5,phase2/results/predictions/full/electrode/tcn/seed_17/bandpass_n20004_cLA_electrode_s5.npz,76235,486912442e8a2fb179234b9dadcd3ef43f7ec276073a5d505e252e5807740e39
tcn,electrode,17,bandpass_n20004_cLA_electrode_s0,phase2/results/predictions/full/electrode/tcn/seed_17/bandpass_n20004_cLA_electrode_s0.npz,75861,97397fd57caa1b29655fea0f533aba2894fc920366c66d0f84cf8a0a288da1a3
tcn,electrode,17,bandpass_n20004_cLA_covariance_s20,phase2/results/predictions/full/electrode/tcn/seed_17/bandpass_n20004_cLA_covariance_s20.npz,76454,8ef8ca0ebb0a096905490a67481d87fe6067f461ba53ebb0ad4ad2d6eb49748e
tcn,electrode,17,bandpass_n20004_cLA_covariance_s15,phase2/results/predictions/full/electrode/tcn/seed_17/bandpass_n20004_cLA_covariance_s15.npz,76420,cc39f906d3ec326844a98702351da7ab7093faadc7b5369a7ecaf7627d564b2a
tcn,electrode,17,bandpass_n20004_cLA_covariance_s10,phase2/results/predictions/full/electrode/tcn/seed_17/bandpass_n20004_cLA_covariance_s10.npz,76370,508ffd7e8fd391c07754462865025407b23e07507a3f44ed424eaa8090037eab
tcn,electrode,17,bandpass_n20004_cLA_covariance_s5,phase2/results/predictions/full/electrode/tcn/seed_17/bandpass_n20004_cLA_covariance_s5.npz,76230,1028cb00fbb6abcd2753bf679d5c4e4aecefba8b4bef3cc4a49a4b767f3ef5d8
tcn,electrode,17,bandpass_n20004_cLA_covariance_s0,phase2/results/predictions/full/electrode/tcn/seed_17/bandpass_n20004_cLA_covariance_s0.npz,75845,c516a8610aac77b0d6913585f880f26dd64165da93c5063f52da75e742a2c10e
tcn,electrode,17,bandpass_n20004_cLL_independent_rms_s20,phase2/results/predictions/full/electrode/tcn/seed_17/bandpass_n20004_cLL_independent_rms_s20.npz,76452,ff9bab0a1c88f8bdb7c373a610e97792cb361f56445d8cc4759235c9a19e8dd0
tcn,electrode,17,bandpass_n20004_cLL_independent_rms_s15,phase2/results/predictions/full/electrode/tcn/seed_17/bandpass_n20004_cLL_independent_rms_s15.npz,76442,bf043b043936ee2888cd1aef77f6534d658734badb863fefaebc3c3a2eaac3bf
tcn,electrode,17,bandpass_n20004_cLL_independent_rms_s10,phase2/results/predictions/full/electrode/tcn/seed_17/bandpass_n20004_cLL_independent_rms_s10.npz,76401,ebc384bce5e70c8189875771b19844cbf5f24dd5612e75125e6c5ed0bd8d1b67
tcn,electrode,17,bandpass_n20004_cLL_independent_rms_s5,phase2/results/predictions/full/electrode/tcn/seed_17/bandpass_n20004_cLL_independent_rms_s5.npz,76235,9b003d1d71c45ca338dd3ffb74b6b7467ef4751fddf9fcc28741ee4ec8ace371
tcn,electrode,17,bandpass_n20004_cLL_independent_rms_s0,phase2/results/predictions/full/electrode/tcn/seed_17/bandpass_n20004_cLL_independent_rms_s0.npz,75891,13fd69317ff66a67e303fbbdca3ba0b4b03260505d6f8aef7c7c5cb300c8569d
tcn,electrode,17,bandpass_n20004_cLL_electrode_s20,phase2/results/predictions/full/electrode/tcn/seed_17/bandpass_n20004_cLL_electrode_s20.npz,76402,0dd38177ea9731b81658bf887de622e94748b1c42c70b4efb2e63fbae34a755c
tcn,electrode,17,bandpass_n20004_cLL_electrode_s15,phase2/results/predictions/full/electrode/tcn/seed_17/bandpass_n20004_cLL_electrode_s15.npz,76442,8607c1ddfae0f3f1d84fcc8be4f3108454659c6a112e538dbda971073a9c276c
tcn,electrode,17,bandpass_n20004_cLL_electrode_s10,phase2/results/predictions/full/electrode/tcn/seed_17/bandpass_n20004_cLL_electrode_s10.npz,76377,3c1f0d7ba9547928f4518a261b98345fbe85b3a0f692712179c885e55a2f3b89
tcn,electrode,17,bandpass_n20004_cLL_electrode_s5,phase2/results/predictions/full/electrode/tcn/seed_17/bandpass_n20004_cLL_electrode_s5.npz,76207,48492cc565dffbe2fd6343d5928cf414af9eadef6e5cfcb298e20a7ecb804aff
tcn,electrode,17,bandpass_n20004_cLL_electrode_s0,phase2/results/predictions/full/electrode/tcn/seed_17/bandpass_n20004_cLL_electrode_s0.npz,75856,a5cbd4eda77a988963533cc2438157547a0458b01d80d13dbd3f53ab497adb27
tcn,electrode,17,bandpass_n20004_cLL_covariance_s20,phase2/results/predictions/full/electrode/tcn/seed_17/bandpass_n20004_cLL_covariance_s20.npz,76403,5096632c47d792952f777ed67c78670bd96243fc7f1160d3693af249c8f5d323
tcn,electrode,17,bandpass_n20004_cLL_covariance_s15,phase2/results/predictions/full/electrode/tcn/seed_17/bandpass_n20004_cLL_covariance_s15.npz,76448,ab6e3a596c69693744fd8beb41e1d50bfbac07184328fd6ba70fa5393490b96c
tcn,electrode,17,bandpass_n20004_cLL_covariance_s10,phase2/results/predictions/full/electrode/tcn/seed_17/bandpass_n20004_cLL_covariance_s10.npz,76376,ae1775cf1c10029efdff0df73d58902349d66d6fae1f50c875da00b305db53f4
tcn,electrode,17,bandpass_n20004_cLL_covariance_s5,phase2/results/predictions/full/electrode/tcn/seed_17/bandpass_n20004_cLL_covariance_s5.npz,76224,f55589cadaadf4487ead51ff0b407417996bdfb4fb872641ba75907632335fc3
tcn,electrode,17,bandpass_n20004_cLL_covariance_s0,phase2/results/predictions/full/electrode/tcn/seed_17/bandpass_n20004_cLL_covariance_s0.npz,75895,61092b4040c09d472cc5864599578842d51cfef0a98b88ae1ddcfd67ec27abf0
tcn,electrode,17,bandpass_n20004_cRA_V1_independent_rms_s20,phase2/results/predictions/full/electrode/tcn/seed_17/bandpass_n20004_cRA_V1_independent_rms_s20.npz,76475,458fb5b70c0398a187f16bb86ba317607b9df52b7d5dd47d7635bfa25171a389
tcn,electrode,17,bandpass_n20004_cRA_V1_independent_rms_s15,phase2/results/predictions/full/electrode/tcn/seed_17/bandpass_n20004_cRA_V1_independent_rms_s15.npz,76402,585662ce863531a0124c6002a78261cf41f6c59b2042b39bb1d7a6d84168d0c5
tcn,electrode,17,bandpass_n20004_cRA_V1_independent_rms_s10,phase2/results/predictions/full/electrode/tcn/seed_17/bandpass_n20004_cRA_V1_independent_rms_s10.npz,76398,3a1ae1066d46f01461c35c6714cb21cdb5e0b9e6151dfe6926c9ebe27ff3d78e
tcn,electrode,17,bandpass_n20004_cRA_V1_independent_rms_s5,phase2/results/predictions/full/electrode/tcn/seed_17/bandpass_n20004_cRA_V1_independent_rms_s5.npz,76267,01abab358981472dddacdffdc161aca87eaee770aeb23e764aaaf7390075c946
tcn,electrode,17,bandpass_n20004_cRA_V1_independent_rms_s0,phase2/results/predictions/full/electrode/tcn/seed_17/bandpass_n20004_cRA_V1_independent_rms_s0.npz,75961,81560ef9a12318b8cf835cb2a03331578463957b3e00f2382be6733da2f4ede1
tcn,electrode,17,bandpass_n20004_cRA_V1_electrode_s20,phase2/results/predictions/full/electrode/tcn/seed_17/bandpass_n20004_cRA_V1_electrode_s20.npz,76466,c74d77196526fa06161206f57fdbbd48d287e0201455a9fc92c50778d02fcef9
tcn,electrode,17,bandpass_n20004_cRA_V1_electrode_s15,phase2/results/predictions/full/electrode/tcn/seed_17/bandpass_n20004_cRA_V1_electrode_s15.npz,76433,d2c5e3276728abb1b6dc4b57a66a364565eab307aed468f873798647272c5109
tcn,electrode,17,bandpass_n20004_cRA_V1_electrode_s10,phase2/results/predictions/full/electrode/tcn/seed_17/bandpass_n20004_cRA_V1_electrode_s10.npz,76360,6d3558e11894b5461106c852a69f16b1a7d87a3668b2727b21664e5e81012b65
tcn,electrode,17,bandpass_n20004_cRA_V1_electrode_s5,phase2/results/predictions/full/electrode/tcn/seed_17/bandpass_n20004_cRA_V1_electrode_s5.npz,76226,47d522874794423099b1f78e2540830307821db4a18a6de5a9cf323b94060973
tcn,electrode,17,bandpass_n20004_cRA_V1_electrode_s0,phase2/results/predictions/full/electrode/tcn/seed_17/bandpass_n20004_cRA_V1_electrode_s0.npz,75889,8cfcd6ee7e2c64247c9819c237f9c7262c43c76efbdeb2b09b914b8d06197fc3
tcn,electrode,17,bandpass_n20004_cRA_V1_covariance_s20,phase2/results/predictions/full/electrode/tcn/seed_17/bandpass_n20004_cRA_V1_covariance_s20.npz,76472,1ed1a7350202fa684bd0e727ed1d06cdc6d61fd571d3973c0ab24845909e739c
tcn,electrode,17,bandpass_n20004_cRA_V1_covariance_s15,phase2/results/predictions/full/electrode/tcn/seed_17/bandpass_n20004_cRA_V1_covariance_s15.npz,76434,16f254480a0842281a8b004764cbf249371897cd6764c585c045dee3d34c19e7
tcn,electrode,17,bandpass_n20004_cRA_V1_covariance_s10,phase2/results/predictions/full/electrode/tcn/seed_17/bandpass_n20004_cRA_V1_covariance_s10.npz,76361,2fe5bb6ad3f9fc15ffc5be4e5d66d7e0e92184310b84801291732d9a864f06ee
tcn,electrode,17,bandpass_n20004_cRA_V1_covariance_s5,phase2/results/predictions/full/electrode/tcn/seed_17/bandpass_n20004_cRA_V1_covariance_s5.npz,76208,0088dd317a5a12074f316ce27daf95c8af63b4f66a6cbcff5bd70295eb6e844b
tcn,electrode,17,bandpass_n20004_cRA_V1_covariance_s0,phase2/results/predictions/full/electrode/tcn/seed_17/bandpass_n20004_cRA_V1_covariance_s0.npz,75917,4115854f20e6bc1f23b8d4ad4274dab9d94717959200185a9c1f4a9c734c68b9
tcn,electrode,17,bandpass_n20004_cLA_V6_independent_rms_s20,phase2/results/predictions/full/electrode/tcn/seed_17/bandpass_n20004_cLA_V6_independent_rms_s20.npz,76446,10b7462b3c7b0c3ebd467dd6d6feeb494d4dcbb593619e7529d476ddf2800149
tcn,electrode,17,bandpass_n20004_cLA_V6_independent_rms_s15,phase2/results/predictions/full/electrode/tcn/seed_17/bandpass_n20004_cLA_V6_independent_rms_s15.npz,76458,c35766df1ca8c738758e5adb798761a3f509cf0c2a55237038453222d4bb11a8
tcn,electrode,17,bandpass_n20004_cLA_V6_independent_rms_s10,phase2/results/predictions/full/electrode/tcn/seed_17/bandpass_n20004_cLA_V6_independent_rms_s10.npz,76407,b4ab61270c925b1e3c09e85579fafd9f4a658539812308785d768a427ac1638a
tcn,electrode,17,bandpass_n20004_cLA_V6_independent_rms_s5,phase2/results/predictions/full/electrode/tcn/seed_17/bandpass_n20004_cLA_V6_independent_rms_s5.npz,76267,d78d345026363171d313c43ba8b58835795cfba3780dd85b71bb4a40b1751fd3
tcn,electrode,17,bandpass_n20004_cLA_V6_independent_rms_s0,phase2/results/predictions/full/electrode/tcn/seed_17/bandpass_n20004_cLA_V6_independent_rms_s0.npz,76064,3c33625e3d1b4a5c86936e59309646db345b2029f769eff1bcb178dfd55823c3
tcn,electrode,17,bandpass_n20004_cLA_V6_electrode_s20,phase2/results/predictions/full/electrode/tcn/seed_17/bandpass_n20004_cLA_V6_electrode_s20.npz,76440,90bb675004eb9af57bbae9cd6af039d52a40e93cdf374c8a017e7c115020e14e
tcn,electrode,17,bandpass_n20004_cLA_V6_electrode_s15,phase2/results/predictions/full/electrode/tcn/seed_17/bandpass_n20004_cLA_V6_electrode_s15.npz,76438,dd85dfcb1047245ad44189e1d3f482e9f1cc7dc3f45b70f1e5f2dce8d2c48abb
tcn,electrode,17,bandpass_n20004_cLA_V6_electrode_s10,phase2/results/predictions/full/electrode/tcn/seed_17/bandpass_n20004_cLA_V6_electrode_s10.npz,76362,060932b164682e65c6ed96484900249cfaff71ac2e901381fedb7ace92d886c6
tcn,electrode,17,bandpass_n20004_cLA_V6_electrode_s5,phase2/results/predictions/full/electrode/tcn/seed_17/bandpass_n20004_cLA_V6_electrode_s5.npz,76264,9d58e31ea6f2b77f80ea0133ca916593b4105cb54f3407a32bd9f308bae7e6de
tcn,electrode,17,bandpass_n20004_cLA_V6_electrode_s0,phase2/results/predictions/full/electrode/tcn/seed_17/bandpass_n20004_cLA_V6_electrode_s0.npz,75876,684887f9b3450f46a60741b3f7e8a2a5f3d12838cd6ac3d811e1ab81f7af870e
tcn,electrode,17,bandpass_n20004_cLA_V6_covariance_s20,phase2/results/predictions/full/electrode/tcn/seed_17/bandpass_n20004_cLA_V6_covariance_s20.npz,76466,15adf021a7b068bec6d9e71e55292d1601139dfb97b7d2fe93221c4e5212e8cc
tcn,electrode,17,bandpass_n20004_cLA_V6_covariance_s15,phase2/results/predictions/full/electrode/tcn/seed_17/bandpass_n20004_cLA_V6_covariance_s15.npz,76418,fc5da9f7b312803cf98841113eee6cfb02ef779363920fe53a94fa2f86416dc8
tcn,electrode,17,bandpass_n20004_cLA_V6_covariance_s10,phase2/results/predictions/full/electrode/tcn/seed_17/bandpass_n20004_cLA_V6_covariance_s10.npz,76412,d223c270d34bb7ed3db6b419993bbdce0657536b8ee5334acdd9e3f60e44c1cb
tcn,electrode,17,bandpass_n20004_cLA_V6_covariance_s5,phase2/results/predictions/full/electrode/tcn/seed_17/bandpass_n20004_cLA_V6_covariance_s5.npz,76266,74379152391a0b34361073257e003a09be38d212f0e751e2748c13229b5bde9e
tcn,electrode,17,bandpass_n20004_cLA_V6_covariance_s0,phase2/results/predictions/full/electrode/tcn/seed_17/bandpass_n20004_cLA_V6_covariance_s0.npz,75927,891e91a366853517bd38b102b7d37fccef888baf187c7c36870a519032280a8d
tcn,electrode,17,bandpass_n20004_cLL_V4_independent_rms_s20,phase2/results/predictions/full/electrode/tcn/seed_17/bandpass_n20004_cLL_V4_independent_rms_s20.npz,76434,9f49be9f41c240b9483e9167b680c5ec070fafcebe3bba7422b1430ff9f88b57
tcn,electrode,17,bandpass_n20004_cLL_V4_independent_rms_s15,phase2/results/predictions/full/electrode/tcn/seed_17/bandpass_n20004_cLL_V4_independent_rms_s15.npz,76423,f3b797bacbf8e4269f27178ff6a6c052ca2cb2ac5280fbb7051feff456a22132
tcn,electrode,17,bandpass_n20004_cLL_V4_independent_rms_s10,phase2/results/predictions/full/electrode/tcn/seed_17/bandpass_n20004_cLL_V4_independent_rms_s10.npz,76419,09b691660dc72a511ccdde3888f084131abef767e9e4e4655c112091281d2f69
tcn,electrode,17,bandpass_n20004_cLL_V4_independent_rms_s5,phase2/results/predictions/full/electrode/tcn/seed_17/bandpass_n20004_cLL_V4_independent_rms_s5.npz,76296,c09bb65f4a724b9b1916413c40364cabb563f96c69323dc0339311af02db7da1
tcn,electrode,17,bandpass_n20004_cLL_V4_independent_rms_s0,phase2/results/predictions/full/electrode/tcn/seed_17/bandpass_n20004_cLL_V4_independent_rms_s0.npz,75952,fbd581162a4f0e5b437d7dfb917fc8e444ce451243a38b3a45d291c90b56c77a
tcn,electrode,17,bandpass_n20004_cLL_V4_electrode_s20,phase2/results/predictions/full/electrode/tcn/seed_17/bandpass_n20004_cLL_V4_electrode_s20.npz,76425,2775cc30338410d97d181fc95343340917f283e66e874f797ea2b0e3e827a877
tcn,electrode,17,bandpass_n20004_cLL_V4_electrode_s15,phase2/results/predictions/full/electrode/tcn/seed_17/bandpass_n20004_cLL_V4_electrode_s15.npz,76434,959c004067fc96cdff954b2db97140a826962a81245954bf15f850aaea35423c
tcn,electrode,17,bandpass_n20004_cLL_V4_electrode_s10,phase2/results/predictions/full/electrode/tcn/seed_17/bandpass_n20004_cLL_V4_electrode_s10.npz,76366,2a5ceb0560e35c19e5b07854d789a7a56ed058d7eea7e0bc83a723823d8580f5
tcn,electrode,17,bandpass_n20004_cLL_V4_electrode_s5,phase2/results/predictions/full/electrode/tcn/seed_17/bandpass_n20004_cLL_V4_electrode_s5.npz,76264,7be75a4c5e7ffa79cf98f7b139b787761ced2bb1a6bc4e234966160c19f58c97
tcn,electrode,17,bandpass_n20004_cLL_V4_electrode_s0,phase2/results/predictions/full/electrode/tcn/seed_17/bandpass_n20004_cLL_V4_electrode_s0.npz,75917,3c2de3e37fafdda570014ace88d31462997559dc9d645218c115692a1a442fac
tcn,electrode,17,bandpass_n20004_cLL_V4_covariance_s20,phase2/results/predictions/full/electrode/tcn/seed_17/bandpass_n20004_cLL_V4_covariance_s20.npz,76436,c5a1519e031b72ae68ccc3270cff6fd362f29912f5f1747ad9625b7a3fdf4c21
tcn,electrode,17,bandpass_n20004_cLL_V4_covariance_s15,phase2/results/predictions/full/electrode/tcn/seed_17/bandpass_n20004_cLL_V4_covariance_s15.npz,76442,e1ba93e01a0780e73262cfe182d9f0e89a649b0ba21a9dac49657a565777f631
tcn,electrode,17,bandpass_n20004_cLL_V4_covariance_s10,phase2/results/predictions/full/electrode/tcn/seed_17/bandpass_n20004_cLL_V4_covariance_s10.npz,76387,002d745bd2fe2b2bb8c4acea6a31fc82261a2947fa4d73f8bc88f1cc77696727
tcn,electrode,17,bandpass_n20004_cLL_V4_covariance_s5,phase2/results/predictions/full/electrode/tcn/seed_17/bandpass_n20004_cLL_V4_covariance_s5.npz,76235,b4514c96f359db42f5eda6dc08351d637f0d33465aea3db1c5282125ff32598d
tcn,electrode,17,bandpass_n20004_cLL_V4_covariance_s0,phase2/results/predictions/full/electrode/tcn/seed_17/bandpass_n20004_cLL_V4_covariance_s0.npz,75944,5d2699c53ab53a7fe4edcd39367206bc04056286155070d644bbce8a326b7563
tcn,electrode,17,bandpass_n20004_cRA_LA_V1_V6_independent_rms_s20,phase2/results/predictions/full/electrode/tcn/seed_17/bandpass_n20004_cRA_LA_V1_V6_independent_rms_s20.npz,76504,35346fa1a99331a21281aae0bc30367a0a5ce939439bf580756b09cd60dcfda1
tcn,electrode,17,bandpass_n20004_cRA_LA_V1_V6_independent_rms_s15,phase2/results/predictions/full/electrode/tcn/seed_17/bandpass_n20004_cRA_LA_V1_V6_independent_rms_s15.npz,76452,2424e1140d0e61245be9aabe0504c7bf8d92b03effc51e19bf27e3e8955e4f6c
tcn,electrode,17,bandpass_n20004_cRA_LA_V1_V6_independent_rms_s10,phase2/results/predictions/full/electrode/tcn/seed_17/bandpass_n20004_cRA_LA_V1_V6_independent_rms_s10.npz,76427,ae7a54186b9e1c6364625c95958b03164ca6b7c7962f59c4ad0c427ce5d32551
tcn,electrode,17,bandpass_n20004_cRA_LA_V1_V6_independent_rms_s5,phase2/results/predictions/full/electrode/tcn/seed_17/bandpass_n20004_cRA_LA_V1_V6_independent_rms_s5.npz,76324,1b6c5af560401de8d4e00154b9bedafd7a159a7e4f5cee97f9a96c50df368a9a
tcn,electrode,17,bandpass_n20004_cRA_LA_V1_V6_independent_rms_s0,phase2/results/predictions/full/electrode/tcn/seed_17/bandpass_n20004_cRA_LA_V1_V6_independent_rms_s0.npz,76015,dee496d924968749bc9bad2c47873cc0cc1c90871f5262496c0ffdf95da6ad14
tcn,electrode,17,bandpass_n20004_cRA_LA_V1_V6_electrode_s20,phase2/results/predictions/full/electrode/tcn/seed_17/bandpass_n20004_cRA_LA_V1_V6_electrode_s20.npz,76445,ca9230c00c11342edb8a1f6ca1d0a6f1c607fcd84295baf627c93538a823ddb0
tcn,electrode,17,bandpass_n20004_cRA_LA_V1_V6_electrode_s15,phase2/results/predictions/full/electrode/tcn/seed_17/bandpass_n20004_cRA_LA_V1_V6_electrode_s15.npz,76425,3e48c45d749af0db06b94ff716e48bbfbb5bfa2611a891a2cd3386783711b22b
tcn,electrode,17,bandpass_n20004_cRA_LA_V1_V6_electrode_s10,phase2/results/predictions/full/electrode/tcn/seed_17/bandpass_n20004_cRA_LA_V1_V6_electrode_s10.npz,76395,70baa9a862c08430ea5f439ab3e91859e8839939f0eda01b616bff874758a130
tcn,electrode,17,bandpass_n20004_cRA_LA_V1_V6_electrode_s5,phase2/results/predictions/full/electrode/tcn/seed_17/bandpass_n20004_cRA_LA_V1_V6_electrode_s5.npz,76224,a7f773634c972cf7f2b6e8ae7f44d01660de07de40dbd0cd6938e99823ca5b5b
tcn,electrode,17,bandpass_n20004_cRA_LA_V1_V6_electrode_s0,phase2/results/predictions/full/electrode/tcn/seed_17/bandpass_n20004_cRA_LA_V1_V6_electrode_s0.npz,75832,7c9c81359c1eb2cd1ccf2878edf0f21393c10d1a93d3fa02fdcee15e2890f921
tcn,electrode,17,bandpass_n20004_cRA_LA_V1_V6_covariance_s20,phase2/results/predictions/full/electrode/tcn/seed_17/bandpass_n20004_cRA_LA_V1_V6_covariance_s20.npz,76427,25e89e90efd50b57479cd18589e88d9ad6005e6b65ea05683c90830a57122887
tcn,electrode,17,bandpass_n20004_cRA_LA_V1_V6_covariance_s15,phase2/results/predictions/full/electrode/tcn/seed_17/bandpass_n20004_cRA_LA_V1_V6_covariance_s15.npz,76443,1283706c44d59cf08b13500b9018c83b9a54d08841cff9f9abd92a411501bf9b
tcn,electrode,17,bandpass_n20004_cRA_LA_V1_V6_covariance_s10,phase2/results/predictions/full/electrode/tcn/seed_17/bandpass_n20004_cRA_LA_V1_V6_covariance_s10.npz,76395,6b6b7d05f3d317175c9bf52c3c60fbc3d551291bee392de388775117909fc46a
tcn,electrode,17,bandpass_n20004_cRA_LA_V1_V6_covariance_s5,phase2/results/predictions/full/electrode/tcn/seed_17/bandpass_n20004_cRA_LA_V1_V6_covariance_s5.npz,76224,0685972a646fe6cbb5b094d4bb7b171a1b8731528e09d33bf77e6253b54458c6
tcn,electrode,17,bandpass_n20004_cRA_LA_V1_V6_covariance_s0,phase2/results/predictions/full/electrode/tcn/seed_17/bandpass_n20004_cRA_LA_V1_V6_covariance_s0.npz,75836,e22a91c22e3ae568a546702a6a937bb8609e5db8a2fc0150bcba31942907ac19
tcn,electrode,17,bandpass_n20004_cRA_V2_V5_independent_rms_s20,phase2/results/predictions/full/electrode/tcn/seed_17/bandpass_n20004_cRA_V2_V5_independent_rms_s20.npz,76459,93fb79f4a8e3d7ead511008391e80e30260db5e2848624dcf4a874bb0721d341
tcn,electrode,17,bandpass_n20004_cRA_V2_V5_independent_rms_s15,phase2/results/predictions/full/electrode/tcn/seed_17/bandpass_n20004_cRA_V2_V5_independent_rms_s15.npz,76435,25dc5b2a935218da86661fb24f37cbe0f070f9645ddfb14dad707bec07c7ac8f
tcn,electrode,17,bandpass_n20004_cRA_V2_V5_independent_rms_s10,phase2/results/predictions/full/electrode/tcn/seed_17/bandpass_n20004_cRA_V2_V5_independent_rms_s10.npz,76404,cba08adcca528119591552c6d53ef6de80a1dad17769e1453e334ecdb6216be9
tcn,electrode,17,bandpass_n20004_cRA_V2_V5_independent_rms_s5,phase2/results/predictions/full/electrode/tcn/seed_17/bandpass_n20004_cRA_V2_V5_independent_rms_s5.npz,76303,aceed7844c13a3cf80e0636e4e8533c71b81376bd723f706bd0d6b47c73ac5b6
tcn,electrode,17,bandpass_n20004_cRA_V2_V5_independent_rms_s0,phase2/results/predictions/full/electrode/tcn/seed_17/bandpass_n20004_cRA_V2_V5_independent_rms_s0.npz,75990,2e57a7d764213352aa51f5157f7392d621a566abe7804200a28b2f3b625a898d
tcn,electrode,17,bandpass_n20004_cRA_V2_V5_electrode_s20,phase2/results/predictions/full/electrode/tcn/seed_17/bandpass_n20004_cRA_V2_V5_electrode_s20.npz,76469,2749038f775920100c45927422ebab9cc39ba1c7cf1da1562b7ffa3ee087b2d7
tcn,electrode,17,bandpass_n20004_cRA_V2_V5_electrode_s15,phase2/results/predictions/full/electrode/tcn/seed_17/bandpass_n20004_cRA_V2_V5_electrode_s15.npz,76430,807014ecf9f2ed630a5ffd2222516ea5559dc2c70c99d62e2fc7f660fdada7f6
tcn,electrode,17,bandpass_n20004_cRA_V2_V5_electrode_s10,phase2/results/predictions/full/electrode/tcn/seed_17/bandpass_n20004_cRA_V2_V5_electrode_s10.npz,76400,375807cf5e552575068d632c304228dc5244c00c982d9b2eaef77c6b989dfa3a
tcn,electrode,17,bandpass_n20004_cRA_V2_V5_electrode_s5,phase2/results/predictions/full/electrode/tcn/seed_17/bandpass_n20004_cRA_V2_V5_electrode_s5.npz,76210,b7c6796693dafcc6f8cf599155ba1f70d79131468b6fdb6fdcb63484b6559439
tcn,electrode,17,bandpass_n20004_cRA_V2_V5_electrode_s0,phase2/results/predictions/full/electrode/tcn/seed_17/bandpass_n20004_cRA_V2_V5_electrode_s0.npz,75927,6757abbb2505125aa5588ce53462dc1f51fa61d6834d4c3230263a41eaba1332
tcn,electrode,17,bandpass_n20004_cRA_V2_V5_covariance_s20,phase2/results/predictions/full/electrode/tcn/seed_17/bandpass_n20004_cRA_V2_V5_covariance_s20.npz,76473,e1a02e053b004b2f675b43f8b80c7d727c33a8223c45716e5d5a28a847bea1c3
tcn,electrode,17,bandpass_n20004_cRA_V2_V5_covariance_s15,phase2/results/predictions/full/electrode/tcn/seed_17/bandpass_n20004_cRA_V2_V5_covariance_s15.npz,76422,5f48ba73e9967e7c5722168a882d07c77e8f3614af45305505c197a22994f26f
tcn,electrode,17,bandpass_n20004_cRA_V2_V5_covariance_s10,phase2/results/predictions/full/electrode/tcn/seed_17/bandpass_n20004_cRA_V2_V5_covariance_s10.npz,76382,4b46e134644598c18ffaceaee08c939555233970aeb51bb91537dd98a8f64621
tcn,electrode,17,bandpass_n20004_cRA_V2_V5_covariance_s5,phase2/results/predictions/full/electrode/tcn/seed_17/bandpass_n20004_cRA_V2_V5_covariance_s5.npz,76233,932a302c7afd1a287ec85a3fcfe000a102bf753aa83eac58902ab97e5ade8867
tcn,electrode,17,bandpass_n20004_cRA_V2_V5_covariance_s0,phase2/results/predictions/full/electrode/tcn/seed_17/bandpass_n20004_cRA_V2_V5_covariance_s0.npz,75906,9aca3d13553e09a17bff684bb635e762f675a23a24201f2f081b9f8cc3023412
tcn,electrode,17,bandpass_n20004_cLA_V3_V6_independent_rms_s20,phase2/results/predictions/full/electrode/tcn/seed_17/bandpass_n20004_cLA_V3_V6_independent_rms_s20.npz,76455,88d0d0cbf0efad09a0b89433f7e0ad1ad5f89dc37759235213828dca0a769117
tcn,electrode,17,bandpass_n20004_cLA_V3_V6_independent_rms_s15,phase2/results/predictions/full/electrode/tcn/seed_17/bandpass_n20004_cLA_V3_V6_independent_rms_s15.npz,76486,406d8db4ab91a0929b97f2200df81b600eeadca40ca1e391e6718d7539c1988d
tcn,electrode,17,bandpass_n20004_cLA_V3_V6_independent_rms_s10,phase2/results/predictions/full/electrode/tcn/seed_17/bandpass_n20004_cLA_V3_V6_independent_rms_s10.npz,76441,7a48fff7454c749d82f6c6eea57fd9449e8329090d3179e3be2c75a5ab398278
tcn,electrode,17,bandpass_n20004_cLA_V3_V6_independent_rms_s5,phase2/results/predictions/full/electrode/tcn/seed_17/bandpass_n20004_cLA_V3_V6_independent_rms_s5.npz,76300,92204044db6c8eb527efda0842b7c8851aab82d683695e50bd285262ca2d8fa7
tcn,electrode,17,bandpass_n20004_cLA_V3_V6_independent_rms_s0,phase2/results/predictions/full/electrode/tcn/seed_17/bandpass_n20004_cLA_V3_V6_independent_rms_s0.npz,76054,6914a1284d4de4436a3487a9f88478d3274e1292a45ab6e557f6485972663342
tcn,electrode,17,bandpass_n20004_cLA_V3_V6_electrode_s20,phase2/results/predictions/full/electrode/tcn/seed_17/bandpass_n20004_cLA_V3_V6_electrode_s20.npz,76454,a99ff9f9905cad4ba6c9228e0fb0b499f4cb94b449708ebecd25c42d14dfb868
tcn,electrode,17,bandpass_n20004_cLA_V3_V6_electrode_s15,phase2/results/predictions/full/electrode/tcn/seed_17/bandpass_n20004_cLA_V3_V6_electrode_s15.npz,76445,77475442c0d4a23617cae7339d75dd39be54b017e1b4b9e17a6e8a3416ce8a93
tcn,electrode,17,bandpass_n20004_cLA_V3_V6_electrode_s10,phase2/results/predictions/full/electrode/tcn/seed_17/bandpass_n20004_cLA_V3_V6_electrode_s10.npz,76383,69161fbdea94be0777ce859adb39c9ac544c7ff36a6ab4884b0f0d202809ba48
tcn,electrode,17,bandpass_n20004_cLA_V3_V6_electrode_s5,phase2/results/predictions/full/electrode/tcn/seed_17/bandpass_n20004_cLA_V3_V6_electrode_s5.npz,76258,0a996fef847199dd693f90423ba7513c8c00742cfd3fcc19fc9edc9b19e133b7
tcn,electrode,17,bandpass_n20004_cLA_V3_V6_electrode_s0,phase2/results/predictions/full/electrode/tcn/seed_17/bandpass_n20004_cLA_V3_V6_electrode_s0.npz,75863,8f9ed545d0cd708878a933635dbe1c2d9982081ff5caad02f128d785f793cf67
tcn,electrode,17,bandpass_n20004_cLA_V3_V6_covariance_s20,phase2/results/predictions/full/electrode/tcn/seed_17/bandpass_n20004_cLA_V3_V6_covariance_s20.npz,76438,2b30c91bf3ecb95e41749a6e9b1047742e213f709cda72214bc70c70d68df28b
tcn,electrode,17,bandpass_n20004_cLA_V3_V6_covariance_s15,phase2/results/predictions/full/electrode/tcn/seed_17/bandpass_n20004_cLA_V3_V6_covariance_s15.npz,76435,a6db706bd6027bfec6a2fcb7deaac4e8b9b2fe681ace664d5d75816f2b4150a5
tcn,electrode,17,bandpass_n20004_cLA_V3_V6_covariance_s10,phase2/results/predictions/full/electrode/tcn/seed_17/bandpass_n20004_cLA_V3_V6_covariance_s10.npz,76399,c0ae186524ddb79780371973bfdb282c19e76414b8a0c7c6a9335c0d90f8332f
tcn,electrode,17,bandpass_n20004_cLA_V3_V6_covariance_s5,phase2/results/predictions/full/electrode/tcn/seed_17/bandpass_n20004_cLA_V3_V6_covariance_s5.npz,76264,4429e9c43cb30959d44b37f1077d0ee02c5ac00ed93860745b5132d8dfac4238
tcn,electrode,17,bandpass_n20004_cLA_V3_V6_covariance_s0,phase2/results/predictions/full/electrode/tcn/seed_17/bandpass_n20004_cLA_V3_V6_covariance_s0.npz,75887,b32ed7d7fd2eeaa3d020df179deb91539b11f2b2387d64acae9364faa272daaf
tcn,electrode,17,bandpass_n20004_cLL_V1_V4_independent_rms_s20,phase2/results/predictions/full/electrode/tcn/seed_17/bandpass_n20004_cLL_V1_V4_independent_rms_s20.npz,76449,9df9440edc715acc72f928aae2c665fded7c38aba9e2c4c0d2f8f4ae36d02e2e
tcn,electrode,17,bandpass_n20004_cLL_V1_V4_independent_rms_s15,phase2/results/predictions/full/electrode/tcn/seed_17/bandpass_n20004_cLL_V1_V4_independent_rms_s15.npz,76465,bd6b2271a71ab2fcac73e41f5aa1793bbca88b2395d13536528746b43a2f968b
tcn,electrode,17,bandpass_n20004_cLL_V1_V4_independent_rms_s10,phase2/results/predictions/full/electrode/tcn/seed_17/bandpass_n20004_cLL_V1_V4_independent_rms_s10.npz,76430,58a6b3a45e738831619f9ab3fa2034db27858cb8565378d1e49c6516cfa6e28d
tcn,electrode,17,bandpass_n20004_cLL_V1_V4_independent_rms_s5,phase2/results/predictions/full/electrode/tcn/seed_17/bandpass_n20004_cLL_V1_V4_independent_rms_s5.npz,76306,65533468140f0a70861835a9a3aad3f09f145e6db651f214e687b3a8014931af
tcn,electrode,17,bandpass_n20004_cLL_V1_V4_independent_rms_s0,phase2/results/predictions/full/electrode/tcn/seed_17/bandpass_n20004_cLL_V1_V4_independent_rms_s0.npz,75968,13084ceb49591aa6b43b6f58e65ea72f1184c5186e590147e7d17a67645806ce
tcn,electrode,17,bandpass_n20004_cLL_V1_V4_electrode_s20,phase2/results/predictions/full/electrode/tcn/seed_17/bandpass_n20004_cLL_V1_V4_electrode_s20.npz,76449,f31d47d722430e1a593f5afc4f0e8e1a414fed4059ed99506fc7bf976ac2833e
tcn,electrode,17,bandpass_n20004_cLL_V1_V4_electrode_s15,phase2/results/predictions/full/electrode/tcn/seed_17/bandpass_n20004_cLL_V1_V4_electrode_s15.npz,76443,63db7a22d37a7bd4d4de00d108e09c2ef3940ee1100db0d40ea05f6737cc4044
tcn,electrode,17,bandpass_n20004_cLL_V1_V4_electrode_s10,phase2/results/predictions/full/electrode/tcn/seed_17/bandpass_n20004_cLL_V1_V4_electrode_s10.npz,76371,6b10d42a2cc2e2f3a070165c107072126180c7ec73c2297cf5cf18b01566eac4
tcn,electrode,17,bandpass_n20004_cLL_V1_V4_electrode_s5,phase2/results/predictions/full/electrode/tcn/seed_17/bandpass_n20004_cLL_V1_V4_electrode_s5.npz,76263,e5d6b9afc70e7022fc3cf5ee35375194a1d3a15aca3e7e571278323446bc6c47
tcn,electrode,17,bandpass_n20004_cLL_V1_V4_electrode_s0,phase2/results/predictions/full/electrode/tcn/seed_17/bandpass_n20004_cLL_V1_V4_electrode_s0.npz,75939,9fbaf83ccffa1febc9adefec602eeefbf4f8b703387fc3a5b08ae7f47d13ca96
tcn,electrode,17,bandpass_n20004_cLL_V1_V4_covariance_s20,phase2/results/predictions/full/electrode/tcn/seed_17/bandpass_n20004_cLL_V1_V4_covariance_s20.npz,76462,16b6b96acb6e6c68b78a201848c72ca1d554d95d7c2c4efb7763b112e51433cf
tcn,electrode,17,bandpass_n20004_cLL_V1_V4_covariance_s15,phase2/results/predictions/full/electrode/tcn/seed_17/bandpass_n20004_cLL_V1_V4_covariance_s15.npz,76434,44025ad2b6660e1c0dff607f3868a723be42ea670cae06a798c17cd5a9f2bab8
tcn,electrode,17,bandpass_n20004_cLL_V1_V4_covariance_s10,phase2/results/predictions/full/electrode/tcn/seed_17/bandpass_n20004_cLL_V1_V4_covariance_s10.npz,76374,3c400eeb840381f16f5acfa3dfdc2feb569975999b278e0027cf9d975d0d5820
tcn,electrode,17,bandpass_n20004_cLL_V1_V4_covariance_s5,phase2/results/predictions/full/electrode/tcn/seed_17/bandpass_n20004_cLL_V1_V4_covariance_s5.npz,76295,9632e2fb80b751abd07bf3214ccedf83d90ec7770b66733b2e5a527a00c89ab8
tcn,electrode,17,bandpass_n20004_cLL_V1_V4_covariance_s0,phase2/results/predictions/full/electrode/tcn/seed_17/bandpass_n20004_cLL_V1_V4_covariance_s0.npz,75951,d84457454f57eae62e6ee411bc7c8cffab73e114db63c18c13bf24e16cb0ed16
tcn,electrode,17,bandpass_n20004_call_independent_rms_s20,phase2/results/predictions/full/electrode/tcn/seed_17/bandpass_n20004_call_independent_rms_s20.npz,76434,f411c7db264b575e2b23845bae1d66002bede1769220b79385df4af92194e30a
tcn,electrode,17,bandpass_n20004_call_independent_rms_s15,phase2/results/predictions/full/electrode/tcn/seed_17/bandpass_n20004_call_independent_rms_s15.npz,76409,6381166fa792d52d99d446ec8d1517a5b864ad4dcaf9634b006f76baae137942
tcn,electrode,17,bandpass_n20004_call_independent_rms_s10,phase2/results/predictions/full/electrode/tcn/seed_17/bandpass_n20004_call_independent_rms_s10.npz,76388,96e1c3776a65804de8e3a5010696cb0828b6ccce4557a39740976a9148e22964
tcn,electrode,17,bandpass_n20004_call_independent_rms_s5,phase2/results/predictions/full/electrode/tcn/seed_17/bandpass_n20004_call_independent_rms_s5.npz,76274,ca2dcf626e4a5b8f11a6c01d46ea4b8d64bd5554220ce6e9c6785cd657e0721e
tcn,electrode,17,bandpass_n20004_call_independent_rms_s0,phase2/results/predictions/full/electrode/tcn/seed_17/bandpass_n20004_call_independent_rms_s0.npz,75997,3668823bb0dfe1e3ca7449aac3323b2e9fae6e87dd44d91ec9046fff20a83fad
tcn,electrode,17,bandpass_n20004_call_electrode_s20,phase2/results/predictions/full/electrode/tcn/seed_17/bandpass_n20004_call_electrode_s20.npz,76423,cb309a3139cb25bbcb42acab9d92dd7065f0ffed117660012cbc08d18da5598c
tcn,electrode,17,bandpass_n20004_call_electrode_s15,phase2/results/predictions/full/electrode/tcn/seed_17/bandpass_n20004_call_electrode_s15.npz,76444,51c185dd3b2665d2858fdadc4ef4d5cc4b0c2a424a34e33fb789ea7cf3934c88
tcn,electrode,17,bandpass_n20004_call_electrode_s10,phase2/results/predictions/full/electrode/tcn/seed_17/bandpass_n20004_call_electrode_s10.npz,76346,b65352e11c2533924300a50632d4cdb0c2e9a6e063ec0966469ad2b7c91d8ad1
tcn,electrode,17,bandpass_n20004_call_electrode_s5,phase2/results/predictions/full/electrode/tcn/seed_17/bandpass_n20004_call_electrode_s5.npz,76205,f7051d68bbd25ca8df2b5a10d51ed1b0991e12844f106c53bb57e453d586238e
tcn,electrode,17,bandpass_n20004_call_electrode_s0,phase2/results/predictions/full/electrode/tcn/seed_17/bandpass_n20004_call_electrode_s0.npz,75859,48cd0d57a89560826ff66f922c75c9d57a6d9ae95d46ee4bb607e1ecbeb33954
tcn,electrode,17,bandpass_n20004_call_covariance_s20,phase2/results/predictions/full/electrode/tcn/seed_17/bandpass_n20004_call_covariance_s20.npz,76417,08dca41b886caba6886c8b38972d3e726e7f138902f37198e24297d175f38eab
tcn,electrode,17,bandpass_n20004_call_covariance_s15,phase2/results/predictions/full/electrode/tcn/seed_17/bandpass_n20004_call_covariance_s15.npz,76394,4a0d58fdd387d134da5a7b0630477c83f11ab1263f60ba8b73cc61e9b26e2b82
tcn,electrode,17,bandpass_n20004_call_covariance_s10,phase2/results/predictions/full/electrode/tcn/seed_17/bandpass_n20004_call_covariance_s10.npz,76380,62da55ee9befd2b1ec916fc09275b39029c9163ea3ca14af91c8813f05824622
tcn,electrode,17,bandpass_n20004_call_covariance_s5,phase2/results/predictions/full/electrode/tcn/seed_17/bandpass_n20004_call_covariance_s5.npz,76241,9fad7a9cd0f813da0b3b507984b26d0b404a932726eff7e4de9bd00e89de5aaa
tcn,electrode,17,bandpass_n20004_call_covariance_s0,phase2/results/predictions/full/electrode/tcn/seed_17/bandpass_n20004_call_covariance_s0.npz,75849,a99de5d9806496be5198ffe265f495a81f8b4809d09f7d8acda46066f59bb263
tcn,electrode,17,bandpass_n20005_cRA_LA_LL_independent_rms_s20,phase2/results/predictions/full/electrode/tcn/seed_17/bandpass_n20005_cRA_LA_LL_independent_rms_s20.npz,76449,c070f58bfd1574e11c057c609c402ef30f461cbd931b91571aae21f99acef8ff
tcn,electrode,17,bandpass_n20005_cRA_LA_LL_independent_rms_s15,phase2/results/predictions/full/electrode/tcn/seed_17/bandpass_n20005_cRA_LA_LL_independent_rms_s15.npz,76407,00dc5c662b867955125c6d1a0d92ad05739e3dfe552ae506a01ecb17851268ed
tcn,electrode,17,bandpass_n20005_cRA_LA_LL_independent_rms_s10,phase2/results/predictions/full/electrode/tcn/seed_17/bandpass_n20005_cRA_LA_LL_independent_rms_s10.npz,76413,23073631ba94d1c6dd4516b1357b4ff5421a95e2e4a7b855b5326bca982adc15
tcn,electrode,17,bandpass_n20005_cRA_LA_LL_independent_rms_s5,phase2/results/predictions/full/electrode/tcn/seed_17/bandpass_n20005_cRA_LA_LL_independent_rms_s5.npz,76242,9c42098c72d8ee78174d9826233e95972ad0db7e94bb3ced53dddddb6b0efb06
tcn,electrode,17,bandpass_n20005_cRA_LA_LL_independent_rms_s0,phase2/results/predictions/full/electrode/tcn/seed_17/bandpass_n20005_cRA_LA_LL_independent_rms_s0.npz,75976,c471bc7f86cddbc9538c857552a259496360e44be3a5e32362e1907e6ab719ab
tcn,electrode,17,bandpass_n20005_cRA_LA_LL_electrode_s20,phase2/results/predictions/full/electrode/tcn/seed_17/bandpass_n20005_cRA_LA_LL_electrode_s20.npz,76425,58f2811c605b232dca881098ac8d0d6063211f81fde3fb85d88128270e7d6acf
tcn,electrode,17,bandpass_n20005_cRA_LA_LL_electrode_s15,phase2/results/predictions/full/electrode/tcn/seed_17/bandpass_n20005_cRA_LA_LL_electrode_s15.npz,76403,6feb7dba0be5f7a20e98ff083d79c475bb0b6ef13d2bfbf8f2c6b07de81d54e5
tcn,electrode,17,bandpass_n20005_cRA_LA_LL_electrode_s10,phase2/results/predictions/full/electrode/tcn/seed_17/bandpass_n20005_cRA_LA_LL_electrode_s10.npz,76348,97075a4ab54c5389160ce718c3728a934f5471c10f47bfcabf5843c4886ec8f7
tcn,electrode,17,bandpass_n20005_cRA_LA_LL_electrode_s5,phase2/results/predictions/full/electrode/tcn/seed_17/bandpass_n20005_cRA_LA_LL_electrode_s5.npz,76199,73ef7e10af2431e642c7991be9bac560fd1354c49d9f2900d7a8255dda5495d7
tcn,electrode,17,bandpass_n20005_cRA_LA_LL_electrode_s0,phase2/results/predictions/full/electrode/tcn/seed_17/bandpass_n20005_cRA_LA_LL_electrode_s0.npz,75774,c9b0fe529d1c7c3f5838cb2c6e3ce348188f6f39755a6e5045407e637d755589
tcn,electrode,17,bandpass_n20005_cRA_LA_LL_covariance_s20,phase2/results/predictions/full/electrode/tcn/seed_17/bandpass_n20005_cRA_LA_LL_covariance_s20.npz,76461,c3024013480fb2c50bc3c0d2eab811f4b7ff7f50acf382d62a11015c523a0f8e
tcn,electrode,17,bandpass_n20005_cRA_LA_LL_covariance_s15,phase2/results/predictions/full/electrode/tcn/seed_17/bandpass_n20005_cRA_LA_LL_covariance_s15.npz,76443,e72c8b7fc618fd6c0734be40f328dd2b1fafbe03ac6fb9ed6d7cff47d8ebd2b2
tcn,electrode,17,bandpass_n20005_cRA_LA_LL_covariance_s10,phase2/results/predictions/full/electrode/tcn/seed_17/bandpass_n20005_cRA_LA_LL_covariance_s10.npz,76350,1203927f1218c9faa25aaa405d9b9a10bc5d2020fcc5ed7664d2b982c5fa512f
tcn,electrode,17,bandpass_n20005_cRA_LA_LL_covariance_s5,phase2/results/predictions/full/electrode/tcn/seed_17/bandpass_n20005_cRA_LA_LL_covariance_s5.npz,76207,b802d7501426556ee716fb24f8cb3d842168ad537aff589019f338088a2de64f
tcn,electrode,17,bandpass_n20005_cRA_LA_LL_covariance_s0,phase2/results/predictions/full/electrode/tcn/seed_17/bandpass_n20005_cRA_LA_LL_covariance_s0.npz,75803,e0b59e542723c70a385d6d2373a111cda073bf28205140d4f8b07c92f1af6741
tcn,electrode,17,bandpass_n20005_cV1_independent_rms_s20,phase2/results/predictions/full/electrode/tcn/seed_17/bandpass_n20005_cV1_independent_rms_s20.npz,76427,6158c3cf2ed48059ab9374dd55d4190232fa8357c901b6f5223134d909282812
tcn,electrode,17,bandpass_n20005_cV1_independent_rms_s15,phase2/results/predictions/full/electrode/tcn/seed_17/bandpass_n20005_cV1_independent_rms_s15.npz,76444,7da2df423fcd1506753383f6bb00df5b9024eb288113c20eab24e372428e9139
tcn,electrode,17,bandpass_n20005_cV1_independent_rms_s10,phase2/results/predictions/full/electrode/tcn/seed_17/bandpass_n20005_cV1_independent_rms_s10.npz,76381,0d7fc1f7ea7496ca0445686e8ecf99af802fa0f943b4ec02993a8720f0f6d36c
tcn,electrode,17,bandpass_n20005_cV1_independent_rms_s5,phase2/results/predictions/full/electrode/tcn/seed_17/bandpass_n20005_cV1_independent_rms_s5.npz,76273,8b90896178ed029ee57580fa38dc38d1cc6fe8ddb9f928dde5b5090eb0a6c226
tcn,electrode,17,bandpass_n20005_cV1_independent_rms_s0,phase2/results/predictions/full/electrode/tcn/seed_17/bandpass_n20005_cV1_independent_rms_s0.npz,76081,466d8457697463793fd5a11093c54f8b8667d733c1bb506e257b1e0d4222df4a
tcn,electrode,17,bandpass_n20005_cV1_electrode_s20,phase2/results/predictions/full/electrode/tcn/seed_17/bandpass_n20005_cV1_electrode_s20.npz,76407,9dc98d542e9415d85fc73e96d2b900e438995c2bf506fbd71e9b061018200603
tcn,electrode,17,bandpass_n20005_cV1_electrode_s15,phase2/results/predictions/full/electrode/tcn/seed_17/bandpass_n20005_cV1_electrode_s15.npz,76404,4b47834d6328e761da9aed83286fa5425bfc35e501076172fda82fb28626b143
tcn,electrode,17,bandpass_n20005_cV1_electrode_s10,phase2/results/predictions/full/electrode/tcn/seed_17/bandpass_n20005_cV1_electrode_s10.npz,76385,9de842268febe703eede20c96382aa2872098cb87bd804f63e001068eaeab9db
tcn,electrode,17,bandpass_n20005_cV1_electrode_s5,phase2/results/predictions/full/electrode/tcn/seed_17/bandpass_n20005_cV1_electrode_s5.npz,76249,b9f8045df4e24e636692870c1f08f985785ea5adc8603db3c523e205e19a534f
tcn,electrode,17,bandpass_n20005_cV1_electrode_s0,phase2/results/predictions/full/electrode/tcn/seed_17/bandpass_n20005_cV1_electrode_s0.npz,76049,8b3bbcdec723f2f7e11d729fbceea3ab02f3f35d7626ee7f08b734ccfacfc80a
tcn,electrode,17,bandpass_n20005_cV1_covariance_s20,phase2/results/predictions/full/electrode/tcn/seed_17/bandpass_n20005_cV1_covariance_s20.npz,76412,075e6531cf4dcd26a43746b68585440e6f991ed0e7ca0ce6e088d8af11dbf004
tcn,electrode,17,bandpass_n20005_cV1_covariance_s15,phase2/results/predictions/full/electrode/tcn/seed_17/bandpass_n20005_cV1_covariance_s15.npz,76415,4c09b79dd893024a77cd9b1feb2fc7b241cbd3f9bf214548d8791c2fd2910384
tcn,electrode,17,bandpass_n20005_cV1_covariance_s10,phase2/results/predictions/full/electrode/tcn/seed_17/bandpass_n20005_cV1_covariance_s10.npz,76363,acb138cda33c656b782c8899036c9e83e1472848be8b23e5cbd91c9a5289c909
tcn,electrode,17,bandpass_n20005_cV1_covariance_s5,phase2/results/predictions/full/electrode/tcn/seed_17/bandpass_n20005_cV1_covariance_s5.npz,76275,e6b54b34771e5b9ff6fdcde6e6634c35a520d8a57bc67da35260bf9f3c090f61
tcn,electrode,17,bandpass_n20005_cV1_covariance_s0,phase2/results/predictions/full/electrode/tcn/seed_17/bandpass_n20005_cV1_covariance_s0.npz,76057,ff0471dbb321286a4e73f2c6ae5d33e6482467a91b335bf6fc61eb1bd3d02ca5
tcn,electrode,17,bandpass_n20005_cV2_independent_rms_s20,phase2/results/predictions/full/electrode/tcn/seed_17/bandpass_n20005_cV2_independent_rms_s20.npz,76451,2009d1b88cf125c7d13de3d6b88985c70eb97dfbde1112e2062fb8132bda8466
tcn,electrode,17,bandpass_n20005_cV2_independent_rms_s15,phase2/results/predictions/full/electrode/tcn/seed_17/bandpass_n20005_cV2_independent_rms_s15.npz,76448,1018f86417b04a950e347214b3e03bb5e96e504e181a16d8dc148eb106802f9a
tcn,electrode,17,bandpass_n20005_cV2_independent_rms_s10,phase2/results/predictions/full/electrode/tcn/seed_17/bandpass_n20005_cV2_independent_rms_s10.npz,76389,cd16cb59198da33ab406498e0ba6276c826433a9c32998aa36c72c78834960dd
tcn,electrode,17,bandpass_n20005_cV2_independent_rms_s5,phase2/results/predictions/full/electrode/tcn/seed_17/bandpass_n20005_cV2_independent_rms_s5.npz,76295,3b0a6d08ac884e2e08615a7242e196e3be335ad385d591f7c5e304b9f8680d0f
tcn,electrode,17,bandpass_n20005_cV2_independent_rms_s0,phase2/results/predictions/full/electrode/tcn/seed_17/bandpass_n20005_cV2_independent_rms_s0.npz,76103,0c306d5e9bf602c2733f09fe9215735cad05d55f52efa1d18c6b0985532beb83
tcn,electrode,17,bandpass_n20005_cV2_electrode_s20,phase2/results/predictions/full/electrode/tcn/seed_17/bandpass_n20005_cV2_electrode_s20.npz,76415,90b66a31474d895cf5448bee4f5250536f865274076b80d9c492af8cd22c7fad
tcn,electrode,17,bandpass_n20005_cV2_electrode_s15,phase2/results/predictions/full/electrode/tcn/seed_17/bandpass_n20005_cV2_electrode_s15.npz,76415,7392ef0a9313e930ec00f756b7e2f27d356403ad5da4ea2cf608098f1db0bc64
tcn,electrode,17,bandpass_n20005_cV2_electrode_s10,phase2/results/predictions/full/electrode/tcn/seed_17/bandpass_n20005_cV2_electrode_s10.npz,76387,829ece5ade7a970093ee005c1277c1cbac9b01a449a4e3ea66af7894a80baf8f
tcn,electrode,17,bandpass_n20005_cV2_electrode_s5,phase2/results/predictions/full/electrode/tcn/seed_17/bandpass_n20005_cV2_electrode_s5.npz,76312,81cb88a7faf37ea16687606298e475435c9a7b019c6967fda4b454d55e3a682f
tcn,electrode,17,bandpass_n20005_cV2_electrode_s0,phase2/results/predictions/full/electrode/tcn/seed_17/bandpass_n20005_cV2_electrode_s0.npz,76102,484e767bbc6f67cc013cc9d1d1e09e909b933e634cef5766b8b28dbf658563b0
tcn,electrode,17,bandpass_n20005_cV2_covariance_s20,phase2/results/predictions/full/electrode/tcn/seed_17/bandpass_n20005_cV2_covariance_s20.npz,76418,367b6c89dfe56da3acfacc5ea450c3a7be50cb263dabc205c8f18d916bd289db
tcn,electrode,17,bandpass_n20005_cV2_covariance_s15,phase2/results/predictions/full/electrode/tcn/seed_17/bandpass_n20005_cV2_covariance_s15.npz,76433,ca51101c0c623601b28a139855f9079d440b0e7aca47bf094fda3b46fe306ea4
tcn,electrode,17,bandpass_n20005_cV2_covariance_s10,phase2/results/predictions/full/electrode/tcn/seed_17/bandpass_n20005_cV2_covariance_s10.npz,76385,32b1701feda3cbe88627a1b1ab2d483f2422a97d684c55790b31e57ca0f3e885
tcn,electrode,17,bandpass_n20005_cV2_covariance_s5,phase2/results/predictions/full/electrode/tcn/seed_17/bandpass_n20005_cV2_covariance_s5.npz,76310,1365f95bcf24d465fa81db9434f6aa8c2981586853cd0fc228e0c88badcb544a
tcn,electrode,17,bandpass_n20005_cV2_covariance_s0,phase2/results/predictions/full/electrode/tcn/seed_17/bandpass_n20005_cV2_covariance_s0.npz,76098,00027abce1ac806bdbab61d3fb1b8407ffb6b3d916127b8e5982f7f1208256e7
tcn,electrode,17,bandpass_n20005_cV3_independent_rms_s20,phase2/results/predictions/full/electrode/tcn/seed_17/bandpass_n20005_cV3_independent_rms_s20.npz,76455,e6805d40082c7401cf00e5bd647df8b699103bd702393e1bc3b44d99616944ea
tcn,electrode,17,bandpass_n20005_cV3_independent_rms_s15,phase2/results/predictions/full/electrode/tcn/seed_17/bandpass_n20005_cV3_independent_rms_s15.npz,76426,4e23cd2055b73b12242094e258bdb8b529419487ad8b6662eb4ab58db7d53df8
tcn,electrode,17,bandpass_n20005_cV3_independent_rms_s10,phase2/results/predictions/full/electrode/tcn/seed_17/bandpass_n20005_cV3_independent_rms_s10.npz,76422,bf0e4b4a5d8788ba7d6e81355762006e6334871cc55fa47d9f0d0311691709e4
tcn,electrode,17,bandpass_n20005_cV3_independent_rms_s5,phase2/results/predictions/full/electrode/tcn/seed_17/bandpass_n20005_cV3_independent_rms_s5.npz,76355,7ed94cdb727d34af2f36f79c6a9efa8967968f77687dac70fc8d1bcce5c80c44
tcn,electrode,17,bandpass_n20005_cV3_independent_rms_s0,phase2/results/predictions/full/electrode/tcn/seed_17/bandpass_n20005_cV3_independent_rms_s0.npz,76023,487fbc935184adaa8e0ba0aa61ec8c188e56fd691eaec385cbf3391b6b5202d0
tcn,electrode,17,bandpass_n20005_cV3_electrode_s20,phase2/results/predictions/full/electrode/tcn/seed_17/bandpass_n20005_cV3_electrode_s20.npz,76415,8cb75ed7251e37756d2b8e9be25c1679fefc85216fefea409a463af7db488a54
tcn,electrode,17,bandpass_n20005_cV3_electrode_s15,phase2/results/predictions/full/electrode/tcn/seed_17/bandpass_n20005_cV3_electrode_s15.npz,76414,35933d7bb41c620b4791146ef49db6c7584b3c754f57319f806c24a7cb874925
tcn,electrode,17,bandpass_n20005_cV3_electrode_s10,phase2/results/predictions/full/electrode/tcn/seed_17/bandpass_n20005_cV3_electrode_s10.npz,76389,4408aef7592b3b54503b3914731e074486a5dcd47c661925f07d58a97d1700f1
tcn,electrode,17,bandpass_n20005_cV3_electrode_s5,phase2/results/predictions/full/electrode/tcn/seed_17/bandpass_n20005_cV3_electrode_s5.npz,76302,2fcdbebfcef3040e2726d9cfa170c04b73794bb10e3d83f2443c88e2ba619c0f
tcn,electrode,17,bandpass_n20005_cV3_electrode_s0,phase2/results/predictions/full/electrode/tcn/seed_17/bandpass_n20005_cV3_electrode_s0.npz,76033,08448ed677f96bf22a535e5f012b51bfcb80c4af33c900249d7cbedce8f862ed
tcn,electrode,17,bandpass_n20005_cV3_covariance_s20,phase2/results/predictions/full/electrode/tcn/seed_17/bandpass_n20005_cV3_covariance_s20.npz,76443,c05cd5d0161b11332e36994198c7c9fbb65dd2fbd3e148884de37e77acc567fc
tcn,electrode,17,bandpass_n20005_cV3_covariance_s15,phase2/results/predictions/full/electrode/tcn/seed_17/bandpass_n20005_cV3_covariance_s15.npz,76428,372db487e0602d74fd53254d20931affe5ef38245a1d90c445f99e6b233abb68
tcn,electrode,17,bandpass_n20005_cV3_covariance_s10,phase2/results/predictions/full/electrode/tcn/seed_17/bandpass_n20005_cV3_covariance_s10.npz,76398,65371112ab24aefd60d6e084dcb832b069a529f3f864974a62427b887688b90e
tcn,electrode,17,bandpass_n20005_cV3_covariance_s5,phase2/results/predictions/full/electrode/tcn/seed_17/bandpass_n20005_cV3_covariance_s5.npz,76311,556c5f58a2259f6b6f4adb8b218972214d8ee0a0265e2a3f452e31881f88fde6
tcn,electrode,17,bandpass_n20005_cV3_covariance_s0,phase2/results/predictions/full/electrode/tcn/seed_17/bandpass_n20005_cV3_covariance_s0.npz,76047,feb48ac6ada6db69bf223e0a19ab318d3a2b3942438538d4072c3d43c1806566
tcn,electrode,17,bandpass_n20005_cV4_independent_rms_s20,phase2/results/predictions/full/electrode/tcn/seed_17/bandpass_n20005_cV4_independent_rms_s20.npz,76451,ca9a792ab4adabecda0c275fe995b7ece59980063d7231c0ea99edc868effb65
tcn,electrode,17,bandpass_n20005_cV4_independent_rms_s15,phase2/results/predictions/full/electrode/tcn/seed_17/bandpass_n20005_cV4_independent_rms_s15.npz,76440,4e9b762c749c1c7dd1c87e1f176d31ab09b5671e6d3a62851be4654f06ff404e
tcn,electrode,17,bandpass_n20005_cV4_independent_rms_s10,phase2/results/predictions/full/electrode/tcn/seed_17/bandpass_n20005_cV4_independent_rms_s10.npz,76422,346130ebe317e73870c501bf0460b00d0e68950175798f438fa075ae490a25fd
tcn,electrode,17,bandpass_n20005_cV4_independent_rms_s5,phase2/results/predictions/full/electrode/tcn/seed_17/bandpass_n20005_cV4_independent_rms_s5.npz,76388,d0ac5874cbba1737deb03596e0adf47bcef1ea6045bd5bf2cea3e40762ddf92c
tcn,electrode,17,bandpass_n20005_cV4_independent_rms_s0,phase2/results/predictions/full/electrode/tcn/seed_17/bandpass_n20005_cV4_independent_rms_s0.npz,76318,6ffddc74f11686e7a2e870b7309e8437906968d569b45f7bec403809c98b7f0f
tcn,electrode,17,bandpass_n20005_cV4_electrode_s20,phase2/results/predictions/full/electrode/tcn/seed_17/bandpass_n20005_cV4_electrode_s20.npz,76413,1bf178a75ba2c0ead05d8e6715ef37d39ea92592521c47c9da6276925d94163e
tcn,electrode,17,bandpass_n20005_cV4_electrode_s15,phase2/results/predictions/full/electrode/tcn/seed_17/bandpass_n20005_cV4_electrode_s15.npz,76444,4b7a8458503e24fd13c61d110f88f561f2e9215a39fc22e04bc3c12ed5c1a462
tcn,electrode,17,bandpass_n20005_cV4_electrode_s10,phase2/results/predictions/full/electrode/tcn/seed_17/bandpass_n20005_cV4_electrode_s10.npz,76434,f0133368792c16310bab2c4167d69a259c343d3ad330d56cc03413df3f775cdd
tcn,electrode,17,bandpass_n20005_cV4_electrode_s5,phase2/results/predictions/full/electrode/tcn/seed_17/bandpass_n20005_cV4_electrode_s5.npz,76413,0eee16f5943d15517e15330ae8283c0789a019d2225944511a2b5c38e720d292
tcn,electrode,17,bandpass_n20005_cV4_electrode_s0,phase2/results/predictions/full/electrode/tcn/seed_17/bandpass_n20005_cV4_electrode_s0.npz,76268,9f5cdd84f9d590213cdbe28230b046acc594bab99d6639fd50ce00c39ece1d56
tcn,electrode,17,bandpass_n20005_cV4_covariance_s20,phase2/results/predictions/full/electrode/tcn/seed_17/bandpass_n20005_cV4_covariance_s20.npz,76417,5a39242a588db032220d79b805893f3de8fdc6f6b28edc2a9e6b26fd5b6e3e41
tcn,electrode,17,bandpass_n20005_cV4_covariance_s15,phase2/results/predictions/full/electrode/tcn/seed_17/bandpass_n20005_cV4_covariance_s15.npz,76426,976f5f4e4068bfe258e38fa37f2e1f857fa5d625859070c260244c425e9bad8d
tcn,electrode,17,bandpass_n20005_cV4_covariance_s10,phase2/results/predictions/full/electrode/tcn/seed_17/bandpass_n20005_cV4_covariance_s10.npz,76406,c8597964c812c4922e0da7a874a7ecc374c4431d11ff0a2ff4b49611455ca5a3
tcn,electrode,17,bandpass_n20005_cV4_covariance_s5,phase2/results/predictions/full/electrode/tcn/seed_17/bandpass_n20005_cV4_covariance_s5.npz,76363,b4ea5bbd54b78f3f9e982be1d300045dbaadea7fd4d0e246a63dc3cee7cddbfd
tcn,electrode,17,bandpass_n20005_cV4_covariance_s0,phase2/results/predictions/full/electrode/tcn/seed_17/bandpass_n20005_cV4_covariance_s0.npz,76302,a5016a4d261ed1a61a02b58d91f1335afe827cf96381358c5399be01d5e60a6e
tcn,electrode,17,bandpass_n20005_cV5_independent_rms_s20,phase2/results/predictions/full/electrode/tcn/seed_17/bandpass_n20005_cV5_independent_rms_s20.npz,76449,e63a0b4df31f7202cb8f55fce491d8815200e2d7b337f0581b0a20d7d959f407
tcn,electrode,17,bandpass_n20005_cV5_independent_rms_s15,phase2/results/predictions/full/electrode/tcn/seed_17/bandpass_n20005_cV5_independent_rms_s15.npz,76447,3fb90e515381c42c01db5c4779559c1091452012b07292ac20e3ff35ef80973c
tcn,electrode,17,bandpass_n20005_cV5_independent_rms_s10,phase2/results/predictions/full/electrode/tcn/seed_17/bandpass_n20005_cV5_independent_rms_s10.npz,76415,26125c44a17fa5950a9cb273e6afb2eccab5d18f70105328b25d7527172459d2
tcn,electrode,17,bandpass_n20005_cV5_independent_rms_s5,phase2/results/predictions/full/electrode/tcn/seed_17/bandpass_n20005_cV5_independent_rms_s5.npz,76296,d2f7c71d43b3ac65fbd53921b871eb9e8392a6121fc79393b6b690d5c00d477d
tcn,electrode,17,bandpass_n20005_cV5_independent_rms_s0,phase2/results/predictions/full/electrode/tcn/seed_17/bandpass_n20005_cV5_independent_rms_s0.npz,76094,1516242f2bd920fcea083c2bd941e987ffb0e4f2eba5f4e3d962ec71d4dc1e4a
tcn,electrode,17,bandpass_n20005_cV5_electrode_s20,phase2/results/predictions/full/electrode/tcn/seed_17/bandpass_n20005_cV5_electrode_s20.npz,76437,dda50f9b8cb850681b0f71df57cab42beb9e153f092c11dd3755015793bc8ddc
tcn,electrode,17,bandpass_n20005_cV5_electrode_s15,phase2/results/predictions/full/electrode/tcn/seed_17/bandpass_n20005_cV5_electrode_s15.npz,76426,ec626468aaca054c72befbec19b5d5b1766cccbee6a8f35c0082be39f27bcbf6
tcn,electrode,17,bandpass_n20005_cV5_electrode_s10,phase2/results/predictions/full/electrode/tcn/seed_17/bandpass_n20005_cV5_electrode_s10.npz,76407,e99816156fff765a8b4c70b30d1e356c0c9af96ed8f43294431835ef8723ad9c
tcn,electrode,17,bandpass_n20005_cV5_electrode_s5,phase2/results/predictions/full/electrode/tcn/seed_17/bandpass_n20005_cV5_electrode_s5.npz,76290,a95d3e7c1d0dad29f729f284b8d5bb623607fe88408536c63821039348bf45fc
tcn,electrode,17,bandpass_n20005_cV5_electrode_s0,phase2/results/predictions/full/electrode/tcn/seed_17/bandpass_n20005_cV5_electrode_s0.npz,76088,ae4d428aa8f2733262c244f79698276ce159c3049121821f92903dc5b2d8677d
tcn,electrode,17,bandpass_n20005_cV5_covariance_s20,phase2/results/predictions/full/electrode/tcn/seed_17/bandpass_n20005_cV5_covariance_s20.npz,76406,526cbcad276cfd32805b234d9393b5883b0e398826bb16fb63c7dc6adac7c761
tcn,electrode,17,bandpass_n20005_cV5_covariance_s15,phase2/results/predictions/full/electrode/tcn/seed_17/bandpass_n20005_cV5_covariance_s15.npz,76388,fd1d9aeeb855f341f351c4d261140a476ee8f8acba1cc4e3ea66220ababb4772
tcn,electrode,17,bandpass_n20005_cV5_covariance_s10,phase2/results/predictions/full/electrode/tcn/seed_17/bandpass_n20005_cV5_covariance_s10.npz,76387,1b3a5e478261b054b2637a2545260b99ab79308bff6dd5616c93a9abeeb99311
tcn,electrode,17,bandpass_n20005_cV5_covariance_s5,phase2/results/predictions/full/electrode/tcn/seed_17/bandpass_n20005_cV5_covariance_s5.npz,76330,94e253fe857d1c32ecbc977c56115bd4e361a97c1e5da0bdf07d0cd23a174cc1
tcn,electrode,17,bandpass_n20005_cV5_covariance_s0,phase2/results/predictions/full/electrode/tcn/seed_17/bandpass_n20005_cV5_covariance_s0.npz,76106,84f5f23c4380f94328c56e051389db931db4389f6ba7e5b68ddb43d4eb229d05
tcn,electrode,17,bandpass_n20005_cV6_independent_rms_s20,phase2/results/predictions/full/electrode/tcn/seed_17/bandpass_n20005_cV6_independent_rms_s20.npz,76424,f0ea39152edcff65fa4716fa02f24b173206c095672b7e9e0469ba18abdc40f3
tcn,electrode,17,bandpass_n20005_cV6_independent_rms_s15,phase2/results/predictions/full/electrode/tcn/seed_17/bandpass_n20005_cV6_independent_rms_s15.npz,76417,6a1785ca20d172d50bd5ae72222f5090b69be4fe4705495d63ace52e37cceca0
tcn,electrode,17,bandpass_n20005_cV6_independent_rms_s10,phase2/results/predictions/full/electrode/tcn/seed_17/bandpass_n20005_cV6_independent_rms_s10.npz,76406,a347d1521c4d92fd2ef271c8c413b4896c54e35bb2b73fce4592bd61b6c49127
tcn,electrode,17,bandpass_n20005_cV6_independent_rms_s5,phase2/results/predictions/full/electrode/tcn/seed_17/bandpass_n20005_cV6_independent_rms_s5.npz,76311,90646ea10e004165000cbe1de65c647396424cb51cd4d6fa8a9eca52da544cfb
tcn,electrode,17,bandpass_n20005_cV6_independent_rms_s0,phase2/results/predictions/full/electrode/tcn/seed_17/bandpass_n20005_cV6_independent_rms_s0.npz,75991,b3937a0ac2936cbe7d62973d90812f5d8d88559b23035759a472db07b14dad4b
tcn,electrode,17,bandpass_n20005_cV6_electrode_s20,phase2/results/predictions/full/electrode/tcn/seed_17/bandpass_n20005_cV6_electrode_s20.npz,76431,5c43600ef38b4baff9650cafac06f23b21813223ec99dd137616291185f4ab76
tcn,electrode,17,bandpass_n20005_cV6_electrode_s15,phase2/results/predictions/full/electrode/tcn/seed_17/bandpass_n20005_cV6_electrode_s15.npz,76442,2aeb6f3d29e3926c7b5545b2b2b97d6e2448bdb7b06bb48139e64f7fb3d8af1c
tcn,electrode,17,bandpass_n20005_cV6_electrode_s10,phase2/results/predictions/full/electrode/tcn/seed_17/bandpass_n20005_cV6_electrode_s10.npz,76399,995c9af398908ba08afcac7a5751f745f2a539979d06fa34f3981fead7580ac6
tcn,electrode,17,bandpass_n20005_cV6_electrode_s5,phase2/results/predictions/full/electrode/tcn/seed_17/bandpass_n20005_cV6_electrode_s5.npz,76283,83f893bc7bc1efbf623252d1f52bb6c0d27561fe0493ad3b07e63c7cd509a4f0
tcn,electrode,17,bandpass_n20005_cV6_electrode_s0,phase2/results/predictions/full/electrode/tcn/seed_17/bandpass_n20005_cV6_electrode_s0.npz,76005,c6351a042885ca6a726b74e62542404dcbb02476d8f866f6a1f397ef7e52dac9
tcn,electrode,17,bandpass_n20005_cV6_covariance_s20,phase2/results/predictions/full/electrode/tcn/seed_17/bandpass_n20005_cV6_covariance_s20.npz,76452,ec10ac1b4eabca44f0c9b0d3f032fad102bf1445632c4fedf7a39c1402dff07e
tcn,electrode,17,bandpass_n20005_cV6_covariance_s15,phase2/results/predictions/full/electrode/tcn/seed_17/bandpass_n20005_cV6_covariance_s15.npz,76421,a8f31cb12d63d6f9c7e3c93b4c4d7e0d3d32156ff52aca49c00056b94450e0fb
tcn,electrode,17,bandpass_n20005_cV6_covariance_s10,phase2/results/predictions/full/electrode/tcn/seed_17/bandpass_n20005_cV6_covariance_s10.npz,76401,54c3fac99c1840f3ebd07ca824cdbdd9b9e88acf508f97a8e1a303b13efbaae7
tcn,electrode,17,bandpass_n20005_cV6_covariance_s5,phase2/results/predictions/full/electrode/tcn/seed_17/bandpass_n20005_cV6_covariance_s5.npz,76306,ebf9400005f7150852fbe0f3fac72a07e8a8b4808d611ff2db9093ea13280dac
tcn,electrode,17,bandpass_n20005_cV6_covariance_s0,phase2/results/predictions/full/electrode/tcn/seed_17/bandpass_n20005_cV6_covariance_s0.npz,75998,4191c884f2a90c67515d9588781d4d046fd961895ededec5b5bfd0d07956c164
tcn,electrode,17,bandpass_n20005_cRA_LA_independent_rms_s20,phase2/results/predictions/full/electrode/tcn/seed_17/bandpass_n20005_cRA_LA_independent_rms_s20.npz,76469,1b82c6ed37650b1b566adc7e4200c36db7b42aee100fe1e296d6ba809d3ccf8f
tcn,electrode,17,bandpass_n20005_cRA_LA_independent_rms_s15,phase2/results/predictions/full/electrode/tcn/seed_17/bandpass_n20005_cRA_LA_independent_rms_s15.npz,76449,90fb36ae159a582a1b3ad16e2db14a1c3f6addaa2ffd976447171397a4770d68
tcn,electrode,17,bandpass_n20005_cRA_LA_independent_rms_s10,phase2/results/predictions/full/electrode/tcn/seed_17/bandpass_n20005_cRA_LA_independent_rms_s10.npz,76382,b4bc615b0a622b4bfed083f4d30c3cb8e2fd3289aecd22f85f335dd0dbde309a
tcn,electrode,17,bandpass_n20005_cRA_LA_independent_rms_s5,phase2/results/predictions/full/electrode/tcn/seed_17/bandpass_n20005_cRA_LA_independent_rms_s5.npz,76287,8a5afeae96c6c787f1441798e8d4be8a69714b5505401e35e8f8a26d0a7c9677
tcn,electrode,17,bandpass_n20005_cRA_LA_independent_rms_s0,phase2/results/predictions/full/electrode/tcn/seed_17/bandpass_n20005_cRA_LA_independent_rms_s0.npz,75973,aeb5a10b940ebea6067bf55f8830ac76c40f490ba587ffec04ce956881d7bbaa
tcn,electrode,17,bandpass_n20005_cRA_LA_electrode_s20,phase2/results/predictions/full/electrode/tcn/seed_17/bandpass_n20005_cRA_LA_electrode_s20.npz,76451,cd05c4563582f9f3e47d5ed49ea5bfb8c3ec1374d05a7485e77625ce1d135204
tcn,electrode,17,bandpass_n20005_cRA_LA_electrode_s15,phase2/results/predictions/full/electrode/tcn/seed_17/bandpass_n20005_cRA_LA_electrode_s15.npz,76432,4581eca6938dab6e41edcba1bd765debc5ef6783a11451065bbd226277e113e0
tcn,electrode,17,bandpass_n20005_cRA_LA_electrode_s10,phase2/results/predictions/full/electrode/tcn/seed_17/bandpass_n20005_cRA_LA_electrode_s10.npz,76340,3657c6c233f68dcee7503b62e3d4be9c9f03c69d649c6e46bc21242da49b5d17
tcn,electrode,17,bandpass_n20005_cRA_LA_electrode_s5,phase2/results/predictions/full/electrode/tcn/seed_17/bandpass_n20005_cRA_LA_electrode_s5.npz,76163,4ced1f2f12c19b5fe88d8a196dd87a30163fbfb9bdb86cd985119787be256d02
tcn,electrode,17,bandpass_n20005_cRA_LA_electrode_s0,phase2/results/predictions/full/electrode/tcn/seed_17/bandpass_n20005_cRA_LA_electrode_s0.npz,75772,80c2b0570a26ba2262b33e570a473c056285f13150104d6a2b4398a251384622
tcn,electrode,17,bandpass_n20005_cRA_LA_covariance_s20,phase2/results/predictions/full/electrode/tcn/seed_17/bandpass_n20005_cRA_LA_covariance_s20.npz,76442,760a24e235bcb90674bebfaa2c6a1605529593ce0e7a104bf8d2bd93979dce67
tcn,electrode,17,bandpass_n20005_cRA_LA_covariance_s15,phase2/results/predictions/full/electrode/tcn/seed_17/bandpass_n20005_cRA_LA_covariance_s15.npz,76415,746206c12a477ccd72db22248e82cdb39a7eeba517621c12d57d5dad3c70ff6c
tcn,electrode,17,bandpass_n20005_cRA_LA_covariance_s10,phase2/results/predictions/full/electrode/tcn/seed_17/bandpass_n20005_cRA_LA_covariance_s10.npz,76356,d886a07b110b06868ff27fe3db20ae27530365c8193f195654166b5dd4c5c1db
tcn,electrode,17,bandpass_n20005_cRA_LA_covariance_s5,phase2/results/predictions/full/electrode/tcn/seed_17/bandpass_n20005_cRA_LA_covariance_s5.npz,76205,cdd281af02335614c0ccc1b2ff266ca52a5f06c2dfa07e7cc45cf3335a36b2e6
tcn,electrode,17,bandpass_n20005_cRA_LA_covariance_s0,phase2/results/predictions/full/electrode/tcn/seed_17/bandpass_n20005_cRA_LA_covariance_s0.npz,75796,922a8548299bd97a2d35b03c45d15d9ff84c20ed885c46fec901337b49156b22
tcn,electrode,17,bandpass_n20005_cLA_LL_independent_rms_s20,phase2/results/predictions/full/electrode/tcn/seed_17/bandpass_n20005_cLA_LL_independent_rms_s20.npz,76434,b5f9eb8cada4963002af4ef56a0c295e5d92378eeed79aa9cab7e362d2afcce8
tcn,electrode,17,bandpass_n20005_cLA_LL_independent_rms_s15,phase2/results/predictions/full/electrode/tcn/seed_17/bandpass_n20005_cLA_LL_independent_rms_s15.npz,76417,fb933920390868982e267aa908bb438cf3d1369332179719125dfe21a8ad8b14
tcn,electrode,17,bandpass_n20005_cLA_LL_independent_rms_s10,phase2/results/predictions/full/electrode/tcn/seed_17/bandpass_n20005_cLA_LL_independent_rms_s10.npz,76394,0cb954cd9ced3ff83a49944e2a2239ddf77e3d47e89affb98bb785ee5638a567
tcn,electrode,17,bandpass_n20005_cLA_LL_independent_rms_s5,phase2/results/predictions/full/electrode/tcn/seed_17/bandpass_n20005_cLA_LL_independent_rms_s5.npz,76308,c8468c124dcc6687011d411676a01ac33c4b8e967fdd7d2ac7c9aeab9f6b8b50
tcn,electrode,17,bandpass_n20005_cLA_LL_independent_rms_s0,phase2/results/predictions/full/electrode/tcn/seed_17/bandpass_n20005_cLA_LL_independent_rms_s0.npz,75981,25a7d1429de17bf2204f1e67944f9890b8c8508ad47b3bb93ee87ae077ae8031
tcn,electrode,17,bandpass_n20005_cLA_LL_electrode_s20,phase2/results/predictions/full/electrode/tcn/seed_17/bandpass_n20005_cLA_LL_electrode_s20.npz,76443,2e8e937e38e0e80d74fd5fab35fd2ff2f72611cbf6c362767ab786fa27dedec8
tcn,electrode,17,bandpass_n20005_cLA_LL_electrode_s15,phase2/results/predictions/full/electrode/tcn/seed_17/bandpass_n20005_cLA_LL_electrode_s15.npz,76403,d1d661f51b5a51b70a3495a5666e8407c5889425cacf1b15f53ccc7dc3c4aa35
tcn,electrode,17,bandpass_n20005_cLA_LL_electrode_s10,phase2/results/predictions/full/electrode/tcn/seed_17/bandpass_n20005_cLA_LL_electrode_s10.npz,76405,476840fc5dea7cb8eb00ba3e0bffe852b6a34da91401c18f413ce8322635544d
tcn,electrode,17,bandpass_n20005_cLA_LL_electrode_s5,phase2/results/predictions/full/electrode/tcn/seed_17/bandpass_n20005_cLA_LL_electrode_s5.npz,76213,01578358a6054475ba5c42936b457d5464205ca5940001ff6810fdc445c8862f
tcn,electrode,17,bandpass_n20005_cLA_LL_electrode_s0,phase2/results/predictions/full/electrode/tcn/seed_17/bandpass_n20005_cLA_LL_electrode_s0.npz,75844,2daf01ffb2880bc8f0be8f6b7ec2a4e25e19802c7d4b924c7c2c9e4226bf6bb2
tcn,electrode,17,bandpass_n20005_cLA_LL_covariance_s20,phase2/results/predictions/full/electrode/tcn/seed_17/bandpass_n20005_cLA_LL_covariance_s20.npz,76415,351f9d998f28d05e4ee60244d5d30e5f001e2ea827dbb41fbab1d74fe4ba05bd
tcn,electrode,17,bandpass_n20005_cLA_LL_covariance_s15,phase2/results/predictions/full/electrode/tcn/seed_17/bandpass_n20005_cLA_LL_covariance_s15.npz,76427,23fa38e41b8f471d32ef9666f3c21c22c24eb135f3582ce3f311d8b1e9deca0f
tcn,electrode,17,bandpass_n20005_cLA_LL_covariance_s10,phase2/results/predictions/full/electrode/tcn/seed_17/bandpass_n20005_cLA_LL_covariance_s10.npz,76432,166ee4ddda0817ab29f9fa1105947e67e68ac03c145d39da282ad3fecffe05a5
tcn,electrode,17,bandpass_n20005_cLA_LL_covariance_s5,phase2/results/predictions/full/electrode/tcn/seed_17/bandpass_n20005_cLA_LL_covariance_s5.npz,76255,7ca90d1c4c0ccd4103f9da9713cce16449a14fca87e2b3d5d9c2f9794003b233
tcn,electrode,17,bandpass_n20005_cLA_LL_covariance_s0,phase2/results/predictions/full/electrode/tcn/seed_17/bandpass_n20005_cLA_LL_covariance_s0.npz,75862,bcec4ab6302daa280df583df4edc338a00586a2fc09d74b6b8e1ccef35f604b8
tcn,electrode,17,bandpass_n20005_cRA_LL_independent_rms_s20,phase2/results/predictions/full/electrode/tcn/seed_17/bandpass_n20005_cRA_LL_independent_rms_s20.npz,76454,ec2aa3a28d538992f52f9127a9bb1d8f7dfdadacb3711d2676a86a879a898e1c
tcn,electrode,17,bandpass_n20005_cRA_LL_independent_rms_s15,phase2/results/predictions/full/electrode/tcn/seed_17/bandpass_n20005_cRA_LL_independent_rms_s15.npz,76399,5d2faf232af9fa2601bcb32a342acf7aa8fe9dd0ecb58f9774b09766cd2ced17
tcn,electrode,17,bandpass_n20005_cRA_LL_independent_rms_s10,phase2/results/predictions/full/electrode/tcn/seed_17/bandpass_n20005_cRA_LL_independent_rms_s10.npz,76389,a68c8305b567fcb0b6e4e6e2d89becd6be2f669d14f7f15dec4507c0b42d2105
tcn,electrode,17,bandpass_n20005_cRA_LL_independent_rms_s5,phase2/results/predictions/full/electrode/tcn/seed_17/bandpass_n20005_cRA_LL_independent_rms_s5.npz,76233,7e1558c5bc498bd9a73d762457630da2941b51b1a5d70f3b2ccd3e033983d8ed
tcn,electrode,17,bandpass_n20005_cRA_LL_independent_rms_s0,phase2/results/predictions/full/electrode/tcn/seed_17/bandpass_n20005_cRA_LL_independent_rms_s0.npz,75913,793d31feeebcbe014dcab4c2e2c7f86751d168f54e3ee9e8365d277c23b572cc
tcn,electrode,17,bandpass_n20005_cRA_LL_electrode_s20,phase2/results/predictions/full/electrode/tcn/seed_17/bandpass_n20005_cRA_LL_electrode_s20.npz,76435,a72476f338f5afea63543ea0d783218611180f94b6cc5360d25a055f60605237
tcn,electrode,17,bandpass_n20005_cRA_LL_electrode_s15,phase2/results/predictions/full/electrode/tcn/seed_17/bandpass_n20005_cRA_LL_electrode_s15.npz,76387,9d95f17c83cd33a19089fbfbaf3bfb18cdb2149c608c45a90acf31ccda98ed03
tcn,electrode,17,bandpass_n20005_cRA_LL_electrode_s10,phase2/results/predictions/full/electrode/tcn/seed_17/bandpass_n20005_cRA_LL_electrode_s10.npz,76372,908d1f1d5fa5f9f51fd4edd73b204b61f0fdca783126cc5fdab5724bca76fcb1
tcn,electrode,17,bandpass_n20005_cRA_LL_electrode_s5,phase2/results/predictions/full/electrode/tcn/seed_17/bandpass_n20005_cRA_LL_electrode_s5.npz,76181,379849e3c536d20fa6d6fad413ffcad0751c59e2cbc35ceb4e83100a345563cb
tcn,electrode,17,bandpass_n20005_cRA_LL_electrode_s0,phase2/results/predictions/full/electrode/tcn/seed_17/bandpass_n20005_cRA_LL_electrode_s0.npz,75798,03a452a5764895e5cd09c1c39104cfc5c3522fd02eeb16f539b8cb05a742daef
tcn,electrode,17,bandpass_n20005_cRA_LL_covariance_s20,phase2/results/predictions/full/electrode/tcn/seed_17/bandpass_n20005_cRA_LL_covariance_s20.npz,76418,709a3e0cdaa5653775c8d0f61acb78827add2d019e6a92365709a7d0d3696d2d
tcn,electrode,17,bandpass_n20005_cRA_LL_covariance_s15,phase2/results/predictions/full/electrode/tcn/seed_17/bandpass_n20005_cRA_LL_covariance_s15.npz,76428,3ca91d6cf28dbb799bf4ded1194d3f9e95a227f00d4bb9bd218b6314fe58801f
tcn,electrode,17,bandpass_n20005_cRA_LL_covariance_s10,phase2/results/predictions/full/electrode/tcn/seed_17/bandpass_n20005_cRA_LL_covariance_s10.npz,76359,36423bf99afe3175330a8fe5fec6c554c08b9e69a7f537e42d352c5494aa72b0
tcn,electrode,17,bandpass_n20005_cRA_LL_covariance_s5,phase2/results/predictions/full/electrode/tcn/seed_17/bandpass_n20005_cRA_LL_covariance_s5.npz,76193,1d682866ec1d7cdb1a1da15407f8d604e48d535204443c84c34b1e414a964e11
tcn,electrode,17,bandpass_n20005_cRA_LL_covariance_s0,phase2/results/predictions/full/electrode/tcn/seed_17/bandpass_n20005_cRA_LL_covariance_s0.npz,75796,387ca8b15aecf416724a83f24d1ebcd23ba12100b3dbf50f9905a2a93ae8a8de
tcn,electrode,17,bandpass_n20005_cRA_independent_rms_s20,phase2/results/predictions/full/electrode/tcn/seed_17/bandpass_n20005_cRA_independent_rms_s20.npz,76427,8a48a2cf3c90d711f82c505416c616ead5afca66f43badd94aaaa377bd359deb
tcn,electrode,17,bandpass_n20005_cRA_independent_rms_s15,phase2/results/predictions/full/electrode/tcn/seed_17/bandpass_n20005_cRA_independent_rms_s15.npz,76437,2341f1cfb40f7b97077c7cf10defe1a982b5ab2f3cfb975ea50b1434072af929
tcn,electrode,17,bandpass_n20005_cRA_independent_rms_s10,phase2/results/predictions/full/electrode/tcn/seed_17/bandpass_n20005_cRA_independent_rms_s10.npz,76393,12d96d56e85f6b8a2f2e151a46def3d355eb2182ee3f67e3f9d4baae807b97db
tcn,electrode,17,bandpass_n20005_cRA_independent_rms_s5,phase2/results/predictions/full/electrode/tcn/seed_17/bandpass_n20005_cRA_independent_rms_s5.npz,76269,3e1c1733f302de2522eed8fd2264648dfc44f9e6158fb2dea0186879855d088f
tcn,electrode,17,bandpass_n20005_cRA_independent_rms_s0,phase2/results/predictions/full/electrode/tcn/seed_17/bandpass_n20005_cRA_independent_rms_s0.npz,75871,ee42c6b4511cf5f246918b52895c57da1e1ec6c9f71b43ce68d81e80cc89571e
tcn,electrode,17,bandpass_n20005_cRA_electrode_s20,phase2/results/predictions/full/electrode/tcn/seed_17/bandpass_n20005_cRA_electrode_s20.npz,76438,351c11099dfb04786054dfb2eea0ddadc91a5b583063e37f2466f79db024db5b
tcn,electrode,17,bandpass_n20005_cRA_electrode_s15,phase2/results/predictions/full/electrode/tcn/seed_17/bandpass_n20005_cRA_electrode_s15.npz,76411,0fdccbd0547babcf3913f82c90f23cbf884bfb7e534bdbfd23edaeabd688bbb0
tcn,electrode,17,bandpass_n20005_cRA_electrode_s10,phase2/results/predictions/full/electrode/tcn/seed_17/bandpass_n20005_cRA_electrode_s10.npz,76351,42290fc86ccf3fa74aff84e63c1523cd9083dc8e4242dfa7e8093128b1aac802
tcn,electrode,17,bandpass_n20005_cRA_electrode_s5,phase2/results/predictions/full/electrode/tcn/seed_17/bandpass_n20005_cRA_electrode_s5.npz,76195,4363ffb8fee0ec961a0672f700523fc57c21f0ab08d9775a312031e55b62b1cb
tcn,electrode,17,bandpass_n20005_cRA_electrode_s0,phase2/results/predictions/full/electrode/tcn/seed_17/bandpass_n20005_cRA_electrode_s0.npz,75857,aaace76bfe72bb63e4763b8934a4bc2591d44b0d38790fd84996f2c826448ae8
tcn,electrode,17,bandpass_n20005_cRA_covariance_s20,phase2/results/predictions/full/electrode/tcn/seed_17/bandpass_n20005_cRA_covariance_s20.npz,76441,8c8e7ddb54f63108acb5ea29aee34f1a729bfb3ef14f70d1e582f0d99c18e03d
tcn,electrode,17,bandpass_n20005_cRA_covariance_s15,phase2/results/predictions/full/electrode/tcn/seed_17/bandpass_n20005_cRA_covariance_s15.npz,76407,2fa2fc0a4901362ac960b3b6bf0d2613d384c34111abfdcdce426b9769abc277
tcn,electrode,17,bandpass_n20005_cRA_covariance_s10,phase2/results/predictions/full/electrode/tcn/seed_17/bandpass_n20005_cRA_covariance_s10.npz,76306,4e94b33bbfbd7d413bad1fc85fbcf3dd28cc12a90a18a0c22c2776da503c2218
tcn,electrode,17,bandpass_n20005_cRA_covariance_s5,phase2/results/predictions/full/electrode/tcn/seed_17/bandpass_n20005_cRA_covariance_s5.npz,76180,45c75211e479a42c20617602022576ccac818a5375d990b1b9b92a16a2784016
tcn,electrode,17,bandpass_n20005_cRA_covariance_s0,phase2/results/predictions/full/electrode/tcn/seed_17/bandpass_n20005_cRA_covariance_s0.npz,75851,d5a9cba8078bd3f778d3dd4bf989ca14935cafa9130086f44374fcfd4a485287
tcn,electrode,17,bandpass_n20005_cLA_independent_rms_s20,phase2/results/predictions/full/electrode/tcn/seed_17/bandpass_n20005_cLA_independent_rms_s20.npz,76456,a99cdd0d87565b5a90b693d9f45b1385a6febd11ce202847c2b36cb4cb7594f9
tcn,electrode,17,bandpass_n20005_cLA_independent_rms_s15,phase2/results/predictions/full/electrode/tcn/seed_17/bandpass_n20005_cLA_independent_rms_s15.npz,76433,8c47fc4ea296a038221f2b32b3415af56c8e790c19227f025858dd5dd9d2b2c0
tcn,electrode,17,bandpass_n20005_cLA_independent_rms_s10,phase2/results/predictions/full/electrode/tcn/seed_17/bandpass_n20005_cLA_independent_rms_s10.npz,76404,d6527512065619a39fbc7869b8d7373f380b7669bfbfeffe5a77fb8430d09e1a
tcn,electrode,17,bandpass_n20005_cLA_independent_rms_s5,phase2/results/predictions/full/electrode/tcn/seed_17/bandpass_n20005_cLA_independent_rms_s5.npz,76328,ea588ebc6c09fb256697a6380b237b519e68ab3848b9464ec8aebc6c98bb930d
tcn,electrode,17,bandpass_n20005_cLA_independent_rms_s0,phase2/results/predictions/full/electrode/tcn/seed_17/bandpass_n20005_cLA_independent_rms_s0.npz,76047,98f573befe6ddc5bfe326f127cfbe9efeb799041003addf4c0c6d81dab0e04d8
tcn,electrode,17,bandpass_n20005_cLA_electrode_s20,phase2/results/predictions/full/electrode/tcn/seed_17/bandpass_n20005_cLA_electrode_s20.npz,76441,82543f1eaf09aece7cc07b462aa7291e79feab0adbe04f9c9e52ea80522e4980
tcn,electrode,17,bandpass_n20005_cLA_electrode_s15,phase2/results/predictions/full/electrode/tcn/seed_17/bandpass_n20005_cLA_electrode_s15.npz,76421,dc54351f76255a5b5b1961405dd0220096b1aad7d352b47d47205486f7964ac2
tcn,electrode,17,bandpass_n20005_cLA_electrode_s10,phase2/results/predictions/full/electrode/tcn/seed_17/bandpass_n20005_cLA_electrode_s10.npz,76355,b7c753b63c98c6acfee07d9ca0b42efadf0cbcfaebe4e18e37f04abd6c6b0b2d
tcn,electrode,17,bandpass_n20005_cLA_electrode_s5,phase2/results/predictions/full/electrode/tcn/seed_17/bandpass_n20005_cLA_electrode_s5.npz,76247,8255d60c9104b12f7dd0880cf9bdd3e2db73f0ac9a5ae8b0886902320f9a1684
tcn,electrode,17,bandpass_n20005_cLA_electrode_s0,phase2/results/predictions/full/electrode/tcn/seed_17/bandpass_n20005_cLA_electrode_s0.npz,75851,d9135016bc3e083250968f3fbdbd8e5fd9f7a5ceb675f095706ff5959292f70b
tcn,electrode,17,bandpass_n20005_cLA_covariance_s20,phase2/results/predictions/full/electrode/tcn/seed_17/bandpass_n20005_cLA_covariance_s20.npz,76432,2d191f61da4fd724b29735b23e7a4ecadc9e362bc27df455f67ae4fb60461c8e
tcn,electrode,17,bandpass_n20005_cLA_covariance_s15,phase2/results/predictions/full/electrode/tcn/seed_17/bandpass_n20005_cLA_covariance_s15.npz,76405,8982aca3b42f64d9c04e50dfd395ebe07a65931b35475eb83e336644e1128c54
tcn,electrode,17,bandpass_n20005_cLA_covariance_s10,phase2/results/predictions/full/electrode/tcn/seed_17/bandpass_n20005_cLA_covariance_s10.npz,76373,150647956ee1bacf4b8ccea6aa3f038ba8ee92c4472a9d719fe34ab402c3e5df
tcn,electrode,17,bandpass_n20005_cLA_covariance_s5,phase2/results/predictions/full/electrode/tcn/seed_17/bandpass_n20005_cLA_covariance_s5.npz,76233,bad538dea443372a48285f3936a368bc1d5ae75309b71884192a9eed4df3aebd
tcn,electrode,17,bandpass_n20005_cLA_covariance_s0,phase2/results/predictions/full/electrode/tcn/seed_17/bandpass_n20005_cLA_covariance_s0.npz,75867,b9932020262e1b4ebce49cc2ea4de55238db0b808f7cf14a0d1421719b8e4847
tcn,electrode,17,bandpass_n20005_cLL_independent_rms_s20,phase2/results/predictions/full/electrode/tcn/seed_17/bandpass_n20005_cLL_independent_rms_s20.npz,76441,ee0ca6fd070571be16ec03619498664d724ca70063260aebb709bb01801891c6
tcn,electrode,17,bandpass_n20005_cLL_independent_rms_s15,phase2/results/predictions/full/electrode/tcn/seed_17/bandpass_n20005_cLL_independent_rms_s15.npz,76458,ca31c020233e5db0f57a41902bf457ea4ee8904b75a56bd04178519c3f15b5c1
tcn,electrode,17,bandpass_n20005_cLL_independent_rms_s10,phase2/results/predictions/full/electrode/tcn/seed_17/bandpass_n20005_cLL_independent_rms_s10.npz,76373,86dca126cee6ecbb73070af94d716c069470365972b6c82dac782590f1b1ea95
tcn,electrode,17,bandpass_n20005_cLL_independent_rms_s5,phase2/results/predictions/full/electrode/tcn/seed_17/bandpass_n20005_cLL_independent_rms_s5.npz,76245,4215f9d54fabe149f354438b98fc9d3101df192b2b30e5666c8ddffe61da3700
tcn,electrode,17,bandpass_n20005_cLL_independent_rms_s0,phase2/results/predictions/full/electrode/tcn/seed_17/bandpass_n20005_cLL_independent_rms_s0.npz,75954,a9be1087ad4a6b8addd181cde0471eec97af63e183ebd0f0004d2991ae1f0d81
tcn,electrode,17,bandpass_n20005_cLL_electrode_s20,phase2/results/predictions/full/electrode/tcn/seed_17/bandpass_n20005_cLL_electrode_s20.npz,76421,7bcbe09ce77b0a880566ac75ceb61ed502a8dffcbf3ee3e2fbfe404b0c82b43d
tcn,electrode,17,bandpass_n20005_cLL_electrode_s15,phase2/results/predictions/full/electrode/tcn/seed_17/bandpass_n20005_cLL_electrode_s15.npz,76433,e6f70013018475f733eb4b0dc44d5bfcdba62d1afe8ebdb64e7b801e77f176f9
tcn,electrode,17,bandpass_n20005_cLL_electrode_s10,phase2/results/predictions/full/electrode/tcn/seed_17/bandpass_n20005_cLL_electrode_s10.npz,76383,8068f261c8c6b00cdc731ed74139e347f35e395046218ca5277bfbd42e1aa543
tcn,electrode,17,bandpass_n20005_cLL_electrode_s5,phase2/results/predictions/full/electrode/tcn/seed_17/bandpass_n20005_cLL_electrode_s5.npz,76249,cb2c5681d7138b52f7b141fa4e7d06f46be8c836cdf5e9e773bcb5f450f61045
tcn,electrode,17,bandpass_n20005_cLL_electrode_s0,phase2/results/predictions/full/electrode/tcn/seed_17/bandpass_n20005_cLL_electrode_s0.npz,75878,fce47a5dc853e8f34fd514fc0fb9256bbcc11b2ded9f88f84bfc6667eb71165d
tcn,electrode,17,bandpass_n20005_cLL_covariance_s20,phase2/results/predictions/full/electrode/tcn/seed_17/bandpass_n20005_cLL_covariance_s20.npz,76434,0935f650cbf07e537d42480f5169a7a09160d61163141fae2592c46a28e292dc
tcn,electrode,17,bandpass_n20005_cLL_covariance_s15,phase2/results/predictions/full/electrode/tcn/seed_17/bandpass_n20005_cLL_covariance_s15.npz,76440,fb38f5c47cce07cc3276053145c32634cb0ef621f7fa44a889c897bcb9bdae7f
tcn,electrode,17,bandpass_n20005_cLL_covariance_s10,phase2/results/predictions/full/electrode/tcn/seed_17/bandpass_n20005_cLL_covariance_s10.npz,76348,8a5ae5c301f9eeb99e071c340cedfa305e4e2a07075977ff0769104f2c538106
tcn,electrode,17,bandpass_n20005_cLL_covariance_s5,phase2/results/predictions/full/electrode/tcn/seed_17/bandpass_n20005_cLL_covariance_s5.npz,76224,f42923c40f9c17a1534e8c9f8c148f76d796dcb92efa875888cb1f47bae5c097
tcn,electrode,17,bandpass_n20005_cLL_covariance_s0,phase2/results/predictions/full/electrode/tcn/seed_17/bandpass_n20005_cLL_covariance_s0.npz,75885,d81a073f71ea295c3b45a71c3d4fd37fc7b700d012d25c14f5e3380737abbc8a
tcn,electrode,17,bandpass_n20005_cRA_V1_independent_rms_s20,phase2/results/predictions/full/electrode/tcn/seed_17/bandpass_n20005_cRA_V1_independent_rms_s20.npz,76458,97922c2e7a8957dafff5abc28b70653f5a7d2572b4c3af08d034567ea175983a
tcn,electrode,17,bandpass_n20005_cRA_V1_independent_rms_s15,phase2/results/predictions/full/electrode/tcn/seed_17/bandpass_n20005_cRA_V1_independent_rms_s15.npz,76443,e1234c4a9ca934522f9919466149cac0c325df58e3e86d4e411e9e7bff0fc095
tcn,electrode,17,bandpass_n20005_cRA_V1_independent_rms_s10,phase2/results/predictions/full/electrode/tcn/seed_17/bandpass_n20005_cRA_V1_independent_rms_s10.npz,76396,d5b25cb5cd97ed096c5880c5cdf0f1a5c544ae65d20d0b3db36b416fea60c5f5
tcn,electrode,17,bandpass_n20005_cRA_V1_independent_rms_s5,phase2/results/predictions/full/electrode/tcn/seed_17/bandpass_n20005_cRA_V1_independent_rms_s5.npz,76247,4a6286a9512b751cce4b0f8608bcd4ed354ede6a87a4be08835ccbfa1d258113
tcn,electrode,17,bandpass_n20005_cRA_V1_independent_rms_s0,phase2/results/predictions/full/electrode/tcn/seed_17/bandpass_n20005_cRA_V1_independent_rms_s0.npz,75957,b2fca9c3157e266b0f3cfd879822b811e992c53f5cac648d381fe02931478779
tcn,electrode,17,bandpass_n20005_cRA_V1_electrode_s20,phase2/results/predictions/full/electrode/tcn/seed_17/bandpass_n20005_cRA_V1_electrode_s20.npz,76437,02294a6123f47ed9619e828cc57a1f83cd7d15b4f5bf5902d9107e76fbae6eab
tcn,electrode,17,bandpass_n20005_cRA_V1_electrode_s15,phase2/results/predictions/full/electrode/tcn/seed_17/bandpass_n20005_cRA_V1_electrode_s15.npz,76439,777d71dd5ca749770891a7d5e77956c1c6d70483a41e5b274535a19564654f17
tcn,electrode,17,bandpass_n20005_cRA_V1_electrode_s10,phase2/results/predictions/full/electrode/tcn/seed_17/bandpass_n20005_cRA_V1_electrode_s10.npz,76358,c4e38b128a55ec5e21f3b52b107e41eb8eb64fad1bea64f987f3d2e7cfde6f18
tcn,electrode,17,bandpass_n20005_cRA_V1_electrode_s5,phase2/results/predictions/full/electrode/tcn/seed_17/bandpass_n20005_cRA_V1_electrode_s5.npz,76182,6b21b3626a800a4cc854cebd7bc7fc6118338342a7082541685093cb887cb63d
tcn,electrode,17,bandpass_n20005_cRA_V1_electrode_s0,phase2/results/predictions/full/electrode/tcn/seed_17/bandpass_n20005_cRA_V1_electrode_s0.npz,75877,f994f42a69627ac6157b7703b1c9ea841cd72ef46136faa3a32ec57d79f365a1
tcn,electrode,17,bandpass_n20005_cRA_V1_covariance_s20,phase2/results/predictions/full/electrode/tcn/seed_17/bandpass_n20005_cRA_V1_covariance_s20.npz,76463,36875fd214b0e50ae0660ae2a53d7f2a70be79538740e5daba52546f552d0490
tcn,electrode,17,bandpass_n20005_cRA_V1_covariance_s15,phase2/results/predictions/full/electrode/tcn/seed_17/bandpass_n20005_cRA_V1_covariance_s15.npz,76432,af75ae9a74b67a992840e6e144f0d06b7848c4848ddd25aa3551f4d865ddc53b
tcn,electrode,17,bandpass_n20005_cRA_V1_covariance_s10,phase2/results/predictions/full/electrode/tcn/seed_17/bandpass_n20005_cRA_V1_covariance_s10.npz,76348,9056c577f27189ba70bef6b9a93176d9ebcd23ae77b6471a55fd69e1a048a698
tcn,electrode,17,bandpass_n20005_cRA_V1_covariance_s5,phase2/results/predictions/full/electrode/tcn/seed_17/bandpass_n20005_cRA_V1_covariance_s5.npz,76218,08881b46225cd015836a7869bc8dd7a208b2d29e56e8b45e3516c6eca5fff5a0
tcn,electrode,17,bandpass_n20005_cRA_V1_covariance_s0,phase2/results/predictions/full/electrode/tcn/seed_17/bandpass_n20005_cRA_V1_covariance_s0.npz,75901,8a917c8d769be9ca1a9f1c9a0ac98dcc4f2e8c9913a04127301a6a956b6342b9
tcn,electrode,17,bandpass_n20005_cLA_V6_independent_rms_s20,phase2/results/predictions/full/electrode/tcn/seed_17/bandpass_n20005_cLA_V6_independent_rms_s20.npz,76476,621520084cad941d43076b0c15b6b31b2f023d83795861e018a197de0ca9474f
tcn,electrode,17,bandpass_n20005_cLA_V6_independent_rms_s15,phase2/results/predictions/full/electrode/tcn/seed_17/bandpass_n20005_cLA_V6_independent_rms_s15.npz,76457,e43872ff31ab489ffc6bc7d42b8e5b20d1f4798829ccf613e77215a37d09b505
tcn,electrode,17,bandpass_n20005_cLA_V6_independent_rms_s10,phase2/results/predictions/full/electrode/tcn/seed_17/bandpass_n20005_cLA_V6_independent_rms_s10.npz,76440,815f16f354f518ac1f10723ee5d4677a70dcd8a7e81c38d0302296a14ec8f65f
tcn,electrode,17,bandpass_n20005_cLA_V6_independent_rms_s5,phase2/results/predictions/full/electrode/tcn/seed_17/bandpass_n20005_cLA_V6_independent_rms_s5.npz,76348,e444396bc27a72e839e937de79a97cedf7d1c29fd5e532b957c0760ea676e046
tcn,electrode,17,bandpass_n20005_cLA_V6_independent_rms_s0,phase2/results/predictions/full/electrode/tcn/seed_17/bandpass_n20005_cLA_V6_independent_rms_s0.npz,76107,cd60e5812ca3e30711b76eb26abab599bd55772e32ca11a575e934296876df83
tcn,electrode,17,bandpass_n20005_cLA_V6_electrode_s20,phase2/results/predictions/full/electrode/tcn/seed_17/bandpass_n20005_cLA_V6_electrode_s20.npz,76431,e979947114bc11374abfff810335dafaf67add64f3f4d30c6759c51af4848884
tcn,electrode,17,bandpass_n20005_cLA_V6_electrode_s15,phase2/results/predictions/full/electrode/tcn/seed_17/bandpass_n20005_cLA_V6_electrode_s15.npz,76402,433b9202e1b41fa5dfefabd77b78dd88c0fb670c14e2b9a5a20865b2a0fa92bf
tcn,electrode,17,bandpass_n20005_cLA_V6_electrode_s10,phase2/results/predictions/full/electrode/tcn/seed_17/bandpass_n20005_cLA_V6_electrode_s10.npz,76390,a133fc786e8d20595e052d1f24a2c3f784d7aa834ba4c407cc46af6f1dbd0342
tcn,electrode,17,bandpass_n20005_cLA_V6_electrode_s5,phase2/results/predictions/full/electrode/tcn/seed_17/bandpass_n20005_cLA_V6_electrode_s5.npz,76233,51cdd3dc6ee2bc0a4275e6e25203b5be76efb86913bc78f43d587305abfdb6e7
tcn,electrode,17,bandpass_n20005_cLA_V6_electrode_s0,phase2/results/predictions/full/electrode/tcn/seed_17/bandpass_n20005_cLA_V6_electrode_s0.npz,75894,0da848f4e98635aff6b91edebee0a9471f0225fe5d7b93d9fbe125434da22b8b
tcn,electrode,17,bandpass_n20005_cLA_V6_covariance_s20,phase2/results/predictions/full/electrode/tcn/seed_17/bandpass_n20005_cLA_V6_covariance_s20.npz,76448,bdc1cb4f93e577e5f61c7af215aa2a971b762923e9dca50b6340d76d79adb7e6
tcn,electrode,17,bandpass_n20005_cLA_V6_covariance_s15,phase2/results/predictions/full/electrode/tcn/seed_17/bandpass_n20005_cLA_V6_covariance_s15.npz,76418,1518e652367c32fb767d62a552e46d4c2adf89bbbc864c245630782a01a7043f
tcn,electrode,17,bandpass_n20005_cLA_V6_covariance_s10,phase2/results/predictions/full/electrode/tcn/seed_17/bandpass_n20005_cLA_V6_covariance_s10.npz,76381,2642a726d8510ea0864474fa0dfe70dd39e9c3b2cdf9d4e4c5d69ea5a3de34a0
tcn,electrode,17,bandpass_n20005_cLA_V6_covariance_s5,phase2/results/predictions/full/electrode/tcn/seed_17/bandpass_n20005_cLA_V6_covariance_s5.npz,76267,1202804b96f634709bee905c0656cc69d9d83ec11ea9a596451b8f3912c4e6c5
tcn,electrode,17,bandpass_n20005_cLA_V6_covariance_s0,phase2/results/predictions/full/electrode/tcn/seed_17/bandpass_n20005_cLA_V6_covariance_s0.npz,75902,fa5bcdd6889257d9e1ee149c8a13abb4c6fea4eba287fb437fe0d329a63df88e
tcn,electrode,17,bandpass_n20005_cLL_V4_independent_rms_s20,phase2/results/predictions/full/electrode/tcn/seed_17/bandpass_n20005_cLL_V4_independent_rms_s20.npz,76479,5c29c22b023ef3b0a87a371b9129cd9a6bf679299293516ac609251f4dd0eeae
tcn,electrode,17,bandpass_n20005_cLL_V4_independent_rms_s15,phase2/results/predictions/full/electrode/tcn/seed_17/bandpass_n20005_cLL_V4_independent_rms_s15.npz,76459,b736575a9e7a1bdbeed935361c26f3f3d11588bd64722ba3d6f6020fde72d1d3
tcn,electrode,17,bandpass_n20005_cLL_V4_independent_rms_s10,phase2/results/predictions/full/electrode/tcn/seed_17/bandpass_n20005_cLL_V4_independent_rms_s10.npz,76416,c1acc0776baf37720658c0287443c221e82ee2088756d130d3ab8274cd605d13
tcn,electrode,17,bandpass_n20005_cLL_V4_independent_rms_s5,phase2/results/predictions/full/electrode/tcn/seed_17/bandpass_n20005_cLL_V4_independent_rms_s5.npz,76278,fc39d1196188fd9c113776c19cfbc3c1e82d58320c059e7b1ca1b380ab29fbc0
tcn,electrode,17,bandpass_n20005_cLL_V4_independent_rms_s0,phase2/results/predictions/full/electrode/tcn/seed_17/bandpass_n20005_cLL_V4_independent_rms_s0.npz,75968,1eb0d424dc14556ef2d1a60835d7cdfe4b00145db73189354af908807b959508
tcn,electrode,17,bandpass_n20005_cLL_V4_electrode_s20,phase2/results/predictions/full/electrode/tcn/seed_17/bandpass_n20005_cLL_V4_electrode_s20.npz,76461,31aa52658c6aa50da6595d5c788a182d4bfabecb0b61b7da4f4ed62c80882949
tcn,electrode,17,bandpass_n20005_cLL_V4_electrode_s15,phase2/results/predictions/full/electrode/tcn/seed_17/bandpass_n20005_cLL_V4_electrode_s15.npz,76439,f52f1ec404ffc23e39de8aea5a78a92cea07ba529d9ef1594f238ada7bf0f927
tcn,electrode,17,bandpass_n20005_cLL_V4_electrode_s10,phase2/results/predictions/full/electrode/tcn/seed_17/bandpass_n20005_cLL_V4_electrode_s10.npz,76398,c16ee4fb158aa8703bc30e42d406d4fb4a252429887e6ce1204f4568ba4625da
tcn,electrode,17,bandpass_n20005_cLL_V4_electrode_s5,phase2/results/predictions/full/electrode/tcn/seed_17/bandpass_n20005_cLL_V4_electrode_s5.npz,76241,70becba6041be9e0e87b369f7d7c109c76bb8643ea2f937fee6ed6b3b284773b
tcn,electrode,17,bandpass_n20005_cLL_V4_electrode_s0,phase2/results/predictions/full/electrode/tcn/seed_17/bandpass_n20005_cLL_V4_electrode_s0.npz,75938,e2aa1d959e595b1fe05fdb827ef5d7578645a2d96aeed2b6cf112d8c1d3b656e
tcn,electrode,17,bandpass_n20005_cLL_V4_covariance_s20,phase2/results/predictions/full/electrode/tcn/seed_17/bandpass_n20005_cLL_V4_covariance_s20.npz,76440,97c065785aa7216d331cf769da946c39c6b1554046c8695cb6f2a4a3202c241d
tcn,electrode,17,bandpass_n20005_cLL_V4_covariance_s15,phase2/results/predictions/full/electrode/tcn/seed_17/bandpass_n20005_cLL_V4_covariance_s15.npz,76449,913630133c0155259c8db7ae8275732b6c48862605428022f332aab05386b250
tcn,electrode,17,bandpass_n20005_cLL_V4_covariance_s10,phase2/results/predictions/full/electrode/tcn/seed_17/bandpass_n20005_cLL_V4_covariance_s10.npz,76409,2c7b5ec4913702029883f67a1fb33b3fd45d0e229687bb5d0265c7b89d18fe2a
tcn,electrode,17,bandpass_n20005_cLL_V4_covariance_s5,phase2/results/predictions/full/electrode/tcn/seed_17/bandpass_n20005_cLL_V4_covariance_s5.npz,76257,09a2ed27667d2a8436c0425ee8eb6fa82f557c1931229897b47570723c314224
tcn,electrode,17,bandpass_n20005_cLL_V4_covariance_s0,phase2/results/predictions/full/electrode/tcn/seed_17/bandpass_n20005_cLL_V4_covariance_s0.npz,75921,f44d5210eda3adf5c347338bfe0fa12b6139620e6c8c1ca5405ccf45c705775a
tcn,electrode,17,bandpass_n20005_cRA_LA_V1_V6_independent_rms_s20,phase2/results/predictions/full/electrode/tcn/seed_17/bandpass_n20005_cRA_LA_V1_V6_independent_rms_s20.npz,76477,2fb6107a7caca5264b73c2809870c01f9ea6380d8f46173474f3e2931de8df05
tcn,electrode,17,bandpass_n20005_cRA_LA_V1_V6_independent_rms_s15,phase2/results/predictions/full/electrode/tcn/seed_17/bandpass_n20005_cRA_LA_V1_V6_independent_rms_s15.npz,76452,38c16620c155ba79f68bbba34f5cedcc78b0e325bb1bb0fc5ad0e7378f0adccc
tcn,electrode,17,bandpass_n20005_cRA_LA_V1_V6_independent_rms_s10,phase2/results/predictions/full/electrode/tcn/seed_17/bandpass_n20005_cRA_LA_V1_V6_independent_rms_s10.npz,76420,2398348e6214ef3051e81c2df3ac570b9bcfadeb7aef6878ed7de21d87b0baac
tcn,electrode,17,bandpass_n20005_cRA_LA_V1_V6_independent_rms_s5,phase2/results/predictions/full/electrode/tcn/seed_17/bandpass_n20005_cRA_LA_V1_V6_independent_rms_s5.npz,76329,2d6c889eeee1fc2d51013431dd0d5b2f0d9c8fd4da74dbda81747ad8ecc31799
tcn,electrode,17,bandpass_n20005_cRA_LA_V1_V6_independent_rms_s0,phase2/results/predictions/full/electrode/tcn/seed_17/bandpass_n20005_cRA_LA_V1_V6_independent_rms_s0.npz,76012,553a6c737d860cabac16b3818700c6900849760fb0dbb96364264458f78575f7
tcn,electrode,17,bandpass_n20005_cRA_LA_V1_V6_electrode_s20,phase2/results/predictions/full/electrode/tcn/seed_17/bandpass_n20005_cRA_LA_V1_V6_electrode_s20.npz,76443,db6c1e919cd6eefdd9c5e614da49357b86908827416a3380c822f1275f36dfa4
tcn,electrode,17,bandpass_n20005_cRA_LA_V1_V6_electrode_s15,phase2/results/predictions/full/electrode/tcn/seed_17/bandpass_n20005_cRA_LA_V1_V6_electrode_s15.npz,76433,2a5fbaa48132ba600af20e281cc91d45c9a31659c2dcf3ed2bb168b93ad88106
tcn,electrode,17,bandpass_n20005_cRA_LA_V1_V6_electrode_s10,phase2/results/predictions/full/electrode/tcn/seed_17/bandpass_n20005_cRA_LA_V1_V6_electrode_s10.npz,76398,4f30b365ae4372fbc007f12e637e2e2a895f36fca064fca5aa0a0f5ac9b9933e
tcn,electrode,17,bandpass_n20005_cRA_LA_V1_V6_electrode_s5,phase2/results/predictions/full/electrode/tcn/seed_17/bandpass_n20005_cRA_LA_V1_V6_electrode_s5.npz,76249,3b27ec8f4be376ede7246d64961e40a8bcf195e786ce7284272470cc125b2267
tcn,electrode,17,bandpass_n20005_cRA_LA_V1_V6_electrode_s0,phase2/results/predictions/full/electrode/tcn/seed_17/bandpass_n20005_cRA_LA_V1_V6_electrode_s0.npz,75855,a3cfbb8f9e6088509dd1bc36cc8c8d520f21759ba3225a9a9d5bf15a896ddc71
tcn,electrode,17,bandpass_n20005_cRA_LA_V1_V6_covariance_s20,phase2/results/predictions/full/electrode/tcn/seed_17/bandpass_n20005_cRA_LA_V1_V6_covariance_s20.npz,76430,21ce775677d84ebcbd29e83ce66114338f740744ba26185636cafaa06fd34727
tcn,electrode,17,bandpass_n20005_cRA_LA_V1_V6_covariance_s15,phase2/results/predictions/full/electrode/tcn/seed_17/bandpass_n20005_cRA_LA_V1_V6_covariance_s15.npz,76444,9c5e9dc5b080a38acb9878917a67d88daf3c1ecd455cdd81439e7a5d01f25fa5
tcn,electrode,17,bandpass_n20005_cRA_LA_V1_V6_covariance_s10,phase2/results/predictions/full/electrode/tcn/seed_17/bandpass_n20005_cRA_LA_V1_V6_covariance_s10.npz,76356,5147957651e1cbff188f9205fa91dda226a11bf6a962fe4b2b19b4ddc1ac380f
tcn,electrode,17,bandpass_n20005_cRA_LA_V1_V6_covariance_s5,phase2/results/predictions/full/electrode/tcn/seed_17/bandpass_n20005_cRA_LA_V1_V6_covariance_s5.npz,76238,3dc14dac48366457a1476ed6f26a96e9a268927a24333fea82842b4a6091cbf2
tcn,electrode,17,bandpass_n20005_cRA_LA_V1_V6_covariance_s0,phase2/results/predictions/full/electrode/tcn/seed_17/bandpass_n20005_cRA_LA_V1_V6_covariance_s0.npz,75882,1fe4461d672f79d9fbe14e08971b2f7cd264a45d48c80c1a2de1931f3b39e22a
tcn,electrode,17,bandpass_n20005_cRA_V2_V5_independent_rms_s20,phase2/results/predictions/full/electrode/tcn/seed_17/bandpass_n20005_cRA_V2_V5_independent_rms_s20.npz,76462,1972214f6845597bbde47c4738c186b81154cce0630136934ec9eb9332e3c172
tcn,electrode,17,bandpass_n20005_cRA_V2_V5_independent_rms_s15,phase2/results/predictions/full/electrode/tcn/seed_17/bandpass_n20005_cRA_V2_V5_independent_rms_s15.npz,76472,479eaffedae075971b358affa9fb532202bf4dfc38b95496182df6e0cb3543fc
tcn,electrode,17,bandpass_n20005_cRA_V2_V5_independent_rms_s10,phase2/results/predictions/full/electrode/tcn/seed_17/bandpass_n20005_cRA_V2_V5_independent_rms_s10.npz,76400,45ce6a9bfb2f551c36bc0235ee2ea2560bfae58b9cc61e557c4c590f4de2fa68
tcn,electrode,17,bandpass_n20005_cRA_V2_V5_independent_rms_s5,phase2/results/predictions/full/electrode/tcn/seed_17/bandpass_n20005_cRA_V2_V5_independent_rms_s5.npz,76269,589166acea39cfa908b5e5fefd1d9f459e064b68cfc7492ca64f7b2aaf20a68e
tcn,electrode,17,bandpass_n20005_cRA_V2_V5_independent_rms_s0,phase2/results/predictions/full/electrode/tcn/seed_17/bandpass_n20005_cRA_V2_V5_independent_rms_s0.npz,75972,5604f3cc98615004d0f909c9c320e0fd110206ece2989ef7d11638a66ffd0a2c
tcn,electrode,17,bandpass_n20005_cRA_V2_V5_electrode_s20,phase2/results/predictions/full/electrode/tcn/seed_17/bandpass_n20005_cRA_V2_V5_electrode_s20.npz,76469,2171a88bd0851ddabac4ea85454433e41d6273a0a8556a227d389dc1bd2c42b0
tcn,electrode,17,bandpass_n20005_cRA_V2_V5_electrode_s15,phase2/results/predictions/full/electrode/tcn/seed_17/bandpass_n20005_cRA_V2_V5_electrode_s15.npz,76444,fb32699d809cf3293e760db67b2e29e1b0404509e7362be76e9fcecebca4883f
tcn,electrode,17,bandpass_n20005_cRA_V2_V5_electrode_s10,phase2/results/predictions/full/electrode/tcn/seed_17/bandpass_n20005_cRA_V2_V5_electrode_s10.npz,76374,2230d45125de10c68a24b63433a7fa51d52f6c83ad5f14c66423f19b5304c89c
tcn,electrode,17,bandpass_n20005_cRA_V2_V5_electrode_s5,phase2/results/predictions/full/electrode/tcn/seed_17/bandpass_n20005_cRA_V2_V5_electrode_s5.npz,76242,9fb145f0632226e041369c08f91ed9f7578971d295b13baac194c9f30acdb0ce
tcn,electrode,17,bandpass_n20005_cRA_V2_V5_electrode_s0,phase2/results/predictions/full/electrode/tcn/seed_17/bandpass_n20005_cRA_V2_V5_electrode_s0.npz,75913,e2c820e04420bf89f7a9b75bc64c9e20ec88a92c2740c082ae3f2e8c3f226320
tcn,electrode,17,bandpass_n20005_cRA_V2_V5_covariance_s20,phase2/results/predictions/full/electrode/tcn/seed_17/bandpass_n20005_cRA_V2_V5_covariance_s20.npz,76436,2712adb711b04eccd25570f6d26b046b53e3172e48a599f8a8c6e68654be6a1f
tcn,electrode,17,bandpass_n20005_cRA_V2_V5_covariance_s15,phase2/results/predictions/full/electrode/tcn/seed_17/bandpass_n20005_cRA_V2_V5_covariance_s15.npz,76415,b37436f501d53b7de7501fe04170e47e704ca15ec66d6ea7f9a1e191075f565d
tcn,electrode,17,bandpass_n20005_cRA_V2_V5_covariance_s10,phase2/results/predictions/full/electrode/tcn/seed_17/bandpass_n20005_cRA_V2_V5_covariance_s10.npz,76373,97751fc6c5d9e0e6d84a9d5f328cc7245eeaed0e97c67ac3fc450ca63dbcfda2
tcn,electrode,17,bandpass_n20005_cRA_V2_V5_covariance_s5,phase2/results/predictions/full/electrode/tcn/seed_17/bandpass_n20005_cRA_V2_V5_covariance_s5.npz,76254,4cf537074377900204e84a417ccd76035cd56f035959fca3856d8643770471d2
tcn,electrode,17,bandpass_n20005_cRA_V2_V5_covariance_s0,phase2/results/predictions/full/electrode/tcn/seed_17/bandpass_n20005_cRA_V2_V5_covariance_s0.npz,75917,b99c157bf3d7768ed004fb1ff5569b06e4bace8e8a1a07599f813ab5d117504d
tcn,electrode,17,bandpass_n20005_cLA_V3_V6_independent_rms_s20,phase2/results/predictions/full/electrode/tcn/seed_17/bandpass_n20005_cLA_V3_V6_independent_rms_s20.npz,76477,ed2f297c4da9f3a4b6f6eadfdd072e9bd4f04c7adc24a0ed29cbe87a3ec464c8
tcn,electrode,17,bandpass_n20005_cLA_V3_V6_independent_rms_s15,phase2/results/predictions/full/electrode/tcn/seed_17/bandpass_n20005_cLA_V3_V6_independent_rms_s15.npz,76457,4319d8c56c96d5fbec9be4a7fd68c41d7703b53378281a913129b3466eedf98a
tcn,electrode,17,bandpass_n20005_cLA_V3_V6_independent_rms_s10,phase2/results/predictions/full/electrode/tcn/seed_17/bandpass_n20005_cLA_V3_V6_independent_rms_s10.npz,76400,2d61b58ed2df46064462bd6fe4659f3c63f51331333d607297c8e21d33f5cc05
tcn,electrode,17,bandpass_n20005_cLA_V3_V6_independent_rms_s5,phase2/results/predictions/full/electrode/tcn/seed_17/bandpass_n20005_cLA_V3_V6_independent_rms_s5.npz,76337,9f555a8eabc06ff398c93ddd04b29172c5a67e98268b242f92116408ef8836f0
tcn,electrode,17,bandpass_n20005_cLA_V3_V6_independent_rms_s0,phase2/results/predictions/full/electrode/tcn/seed_17/bandpass_n20005_cLA_V3_V6_independent_rms_s0.npz,76088,3048563bdf706115457d4cf8b3347dcc651ac66e9eda79bbf3afcf9bc85da4f0
tcn,electrode,17,bandpass_n20005_cLA_V3_V6_electrode_s20,phase2/results/predictions/full/electrode/tcn/seed_17/bandpass_n20005_cLA_V3_V6_electrode_s20.npz,76445,faefe131cf997b407c78ba25a0607b7d886e90060774bdb25b3224aa69d79a5d
tcn,electrode,17,bandpass_n20005_cLA_V3_V6_electrode_s15,phase2/results/predictions/full/electrode/tcn/seed_17/bandpass_n20005_cLA_V3_V6_electrode_s15.npz,76443,7c7295be7af5412546ee6c878adca8bcd290377611def280707ba73fb2a17d06
tcn,electrode,17,bandpass_n20005_cLA_V3_V6_electrode_s10,phase2/results/predictions/full/electrode/tcn/seed_17/bandpass_n20005_cLA_V3_V6_electrode_s10.npz,76372,f233e181f3379156a8611a3b1dc7ab8e714e98083f8f1448e39c92b2969eda1b
tcn,electrode,17,bandpass_n20005_cLA_V3_V6_electrode_s5,phase2/results/predictions/full/electrode/tcn/seed_17/bandpass_n20005_cLA_V3_V6_electrode_s5.npz,76258,9afaadecd797d1a140da073c5f03b384edee2abad35bc0c5ba0a7c8a355da18c
tcn,electrode,17,bandpass_n20005_cLA_V3_V6_electrode_s0,phase2/results/predictions/full/electrode/tcn/seed_17/bandpass_n20005_cLA_V3_V6_electrode_s0.npz,75915,546e48f8ba9ec4f13bb1b49bb00e44b1847932c9d2c05a633912e3a1b5bb78af
tcn,electrode,17,bandpass_n20005_cLA_V3_V6_covariance_s20,phase2/results/predictions/full/electrode/tcn/seed_17/bandpass_n20005_cLA_V3_V6_covariance_s20.npz,76447,44d5389880d676312451e9093e01ef4a2514ddcfc89e370daf1ae5fe17f19547
tcn,electrode,17,bandpass_n20005_cLA_V3_V6_covariance_s15,phase2/results/predictions/full/electrode/tcn/seed_17/bandpass_n20005_cLA_V3_V6_covariance_s15.npz,76442,2f4fbe2bdf9b45b96a5a784d4150c89d35badf6d53e68a82f9738bf1cf72d2d8
tcn,electrode,17,bandpass_n20005_cLA_V3_V6_covariance_s10,phase2/results/predictions/full/electrode/tcn/seed_17/bandpass_n20005_cLA_V3_V6_covariance_s10.npz,76422,a8ba521666d503cf734f9343a3a502611fddc37c13372fc4e5b7d9e678851166
tcn,electrode,17,bandpass_n20005_cLA_V3_V6_covariance_s5,phase2/results/predictions/full/electrode/tcn/seed_17/bandpass_n20005_cLA_V3_V6_covariance_s5.npz,76252,43554658938834538e9ebe7b9745b1669cb22fbc7277f8f0beef865661369017
tcn,electrode,17,bandpass_n20005_cLA_V3_V6_covariance_s0,phase2/results/predictions/full/electrode/tcn/seed_17/bandpass_n20005_cLA_V3_V6_covariance_s0.npz,75952,ec10063d8fa5287d664e4fbe7e2d06e3a37f3b8692449ddd36b735d585cb7ce3
tcn,electrode,17,bandpass_n20005_cLL_V1_V4_independent_rms_s20,phase2/results/predictions/full/electrode/tcn/seed_17/bandpass_n20005_cLL_V1_V4_independent_rms_s20.npz,76473,cbb34b5fa9d0f7095e60a69e71279ad252cfd216869fc11eced9ea6c2e71c307
tcn,electrode,17,bandpass_n20005_cLL_V1_V4_independent_rms_s15,phase2/results/predictions/full/electrode/tcn/seed_17/bandpass_n20005_cLL_V1_V4_independent_rms_s15.npz,76428,ee2e0aeda74d1627181b7bdb2c7543b8a70ab3949cef739d4680ec0bb0a17dd2
tcn,electrode,17,bandpass_n20005_cLL_V1_V4_independent_rms_s10,phase2/results/predictions/full/electrode/tcn/seed_17/bandpass_n20005_cLL_V1_V4_independent_rms_s10.npz,76438,86c491079729b92f5c006fdb813baf3ff690637d36e681e660f9b2ecb8ab6eb8
tcn,electrode,17,bandpass_n20005_cLL_V1_V4_independent_rms_s5,phase2/results/predictions/full/electrode/tcn/seed_17/bandpass_n20005_cLL_V1_V4_independent_rms_s5.npz,76288,a3d81267aecb62e2c80afc26bfe43d4c02914e9ac01479d25855792e6965bc88
tcn,electrode,17,bandpass_n20005_cLL_V1_V4_independent_rms_s0,phase2/results/predictions/full/electrode/tcn/seed_17/bandpass_n20005_cLL_V1_V4_independent_rms_s0.npz,76007,84c35150e08471d1673cb842dfd8c5db374d1047a5e53aa1821b133a4eb2bd75
tcn,electrode,17,bandpass_n20005_cLL_V1_V4_electrode_s20,phase2/results/predictions/full/electrode/tcn/seed_17/bandpass_n20005_cLL_V1_V4_electrode_s20.npz,76460,bcba4421f3abf8ebe96d0dd12235bfcae065f3eb0b259e49d32b8446eec0d66d
tcn,electrode,17,bandpass_n20005_cLL_V1_V4_electrode_s15,phase2/results/predictions/full/electrode/tcn/seed_17/bandpass_n20005_cLL_V1_V4_electrode_s15.npz,76408,ef982fea78babedcee91eaf248b0ed6485ff4e00915ccdcd4ba162479bbc21b9
tcn,electrode,17,bandpass_n20005_cLL_V1_V4_electrode_s10,phase2/results/predictions/full/electrode/tcn/seed_17/bandpass_n20005_cLL_V1_V4_electrode_s10.npz,76387,cae2fd4b5524e6099f3bd7e29bd77e4ceffd353a1748878a27061dd35bedf983
tcn,electrode,17,bandpass_n20005_cLL_V1_V4_electrode_s5,phase2/results/predictions/full/electrode/tcn/seed_17/bandpass_n20005_cLL_V1_V4_electrode_s5.npz,76254,d22963f351f0b45ca7cc256afd80aaae9ae59a323416f38cd7e3530d37f627ae
tcn,electrode,17,bandpass_n20005_cLL_V1_V4_electrode_s0,phase2/results/predictions/full/electrode/tcn/seed_17/bandpass_n20005_cLL_V1_V4_electrode_s0.npz,75961,f848f78a11db57cfeea6561fd30148a1e0ecbb0ad7165c300e0c7880cdee38a4
tcn,electrode,17,bandpass_n20005_cLL_V1_V4_covariance_s20,phase2/results/predictions/full/electrode/tcn/seed_17/bandpass_n20005_cLL_V1_V4_covariance_s20.npz,76439,a9cd305738d6eb3fcf665fe66a4968fc2237ae9d79f7e8fd0b1bf212e161873e
tcn,electrode,17,bandpass_n20005_cLL_V1_V4_covariance_s15,phase2/results/predictions/full/electrode/tcn/seed_17/bandpass_n20005_cLL_V1_V4_covariance_s15.npz,76445,b7e33d36a9966db867368a7630bedb634188443d5e7f09f1fbc55710393061df
tcn,electrode,17,bandpass_n20005_cLL_V1_V4_covariance_s10,phase2/results/predictions/full/electrode/tcn/seed_17/bandpass_n20005_cLL_V1_V4_covariance_s10.npz,76401,23088fe8219f26e77362c6bed74801c25f96edde4fb712e4d564d807fbd666ce
tcn,electrode,17,bandpass_n20005_cLL_V1_V4_covariance_s5,phase2/results/predictions/full/electrode/tcn/seed_17/bandpass_n20005_cLL_V1_V4_covariance_s5.npz,76276,f4a1215e675e4525f49deb1a74404cad241d5bf4f93e17b96600bd6daef3365b
tcn,electrode,17,bandpass_n20005_cLL_V1_V4_covariance_s0,phase2/results/predictions/full/electrode/tcn/seed_17/bandpass_n20005_cLL_V1_V4_covariance_s0.npz,75950,db47eaf036abe4a934eaefb4348ebf05b767f1766fd3ec14a96b31b9082a6c7f
tcn,electrode,17,bandpass_n20005_call_independent_rms_s20,phase2/results/predictions/full/electrode/tcn/seed_17/bandpass_n20005_call_independent_rms_s20.npz,76413,dc15f7f99ebef8cddaa50e758e34e5936f721ab981b6057d509f78c550867e95
tcn,electrode,17,bandpass_n20005_call_independent_rms_s15,phase2/results/predictions/full/electrode/tcn/seed_17/bandpass_n20005_call_independent_rms_s15.npz,76434,5de9932dcf18531338de873c4797d53ac67d59e70c7198b470f91ff4acb17349
tcn,electrode,17,bandpass_n20005_call_independent_rms_s10,phase2/results/predictions/full/electrode/tcn/seed_17/bandpass_n20005_call_independent_rms_s10.npz,76410,e5c2e54d6a2a6fc2227dcd2ef7fb7e9e15872c1474e366ecf405e4fa7c10f064
tcn,electrode,17,bandpass_n20005_call_independent_rms_s5,phase2/results/predictions/full/electrode/tcn/seed_17/bandpass_n20005_call_independent_rms_s5.npz,76264,4bb24a98509ec0fe7b3d79f0c866e95f8ab12c9dad7f0843ce0a659d4ffdda55
tcn,electrode,17,bandpass_n20005_call_independent_rms_s0,phase2/results/predictions/full/electrode/tcn/seed_17/bandpass_n20005_call_independent_rms_s0.npz,75959,27f1e43389df1d85b6a192c7e99c58c3a8b205a6b7984ab0aebbd9253657b1dd
tcn,electrode,17,bandpass_n20005_call_electrode_s20,phase2/results/predictions/full/electrode/tcn/seed_17/bandpass_n20005_call_electrode_s20.npz,76439,5347b4ab40352cec34c37a3fc8b470d618f61cf23ca14e0437e36ffc77b75b25
tcn,electrode,17,bandpass_n20005_call_electrode_s15,phase2/results/predictions/full/electrode/tcn/seed_17/bandpass_n20005_call_electrode_s15.npz,76373,d966239a1fd80856ab2b4cd0ed5dce81a1ee6693824326553ec3504e991ed510
tcn,electrode,17,bandpass_n20005_call_electrode_s10,phase2/results/predictions/full/electrode/tcn/seed_17/bandpass_n20005_call_electrode_s10.npz,76351,990ab2385bd90268acc02e4de3cdfa9cd82562345adb907e4041853aad9638ab
tcn,electrode,17,bandpass_n20005_call_electrode_s5,phase2/results/predictions/full/electrode/tcn/seed_17/bandpass_n20005_call_electrode_s5.npz,76213,67a410921a1cb57a651e7323287a65343ae01cde29cb2d93eff3318e3a1fa407
tcn,electrode,17,bandpass_n20005_call_electrode_s0,phase2/results/predictions/full/electrode/tcn/seed_17/bandpass_n20005_call_electrode_s0.npz,75857,25327c662deda06efcb5951116b7dfd9526a1749741300dcc30511fd7eed8027
tcn,electrode,17,bandpass_n20005_call_covariance_s20,phase2/results/predictions/full/electrode/tcn/seed_17/bandpass_n20005_call_covariance_s20.npz,76433,fe0b10a12570f1b393418c9391c613ab74ffc07a7f6a22240e5037895d8888a4
tcn,electrode,17,bandpass_n20005_call_covariance_s15,phase2/results/predictions/full/electrode/tcn/seed_17/bandpass_n20005_call_covariance_s15.npz,76394,22c3b22820de3ff66dd916b87e4450c8bc48e8126152e7228e84dc1b88bc0985
tcn,electrode,17,bandpass_n20005_call_covariance_s10,phase2/results/predictions/full/electrode/tcn/seed_17/bandpass_n20005_call_covariance_s10.npz,76362,f20962b380dea35aba902fffb7f5aada7cdd12af7ed8926752c7f6c372deeaab
tcn,electrode,17,bandpass_n20005_call_covariance_s5,phase2/results/predictions/full/electrode/tcn/seed_17/bandpass_n20005_call_covariance_s5.npz,76233,e1cd4d24d3254f0ae5a365153988620fb9322b285e224e2c484e6e54114939b4
tcn,electrode,17,bandpass_n20005_call_covariance_s0,phase2/results/predictions/full/electrode/tcn/seed_17/bandpass_n20005_call_covariance_s0.npz,75859,12271098a93f2b5859bcce259ae47cba68203ef55807d3b88f9c0f05871d1cc6
tcn,electrode,17,bw_n20001_call_independent_rms_s20,phase2/results/predictions/full/electrode/tcn/seed_17/bw_n20001_call_independent_rms_s20.npz,76413,f726559d760a37b590598fdd3807233c7371ba36e92a768b1847bc506ba70ca0
tcn,electrode,17,bw_n20001_call_independent_rms_s10,phase2/results/predictions/full/electrode/tcn/seed_17/bw_n20001_call_independent_rms_s10.npz,76375,6e0369252441e788041ff66e43d938a265531d240c4a48a1dec6adf4bc458cdc
tcn,electrode,17,bw_n20001_call_independent_rms_s0,phase2/results/predictions/full/electrode/tcn/seed_17/bw_n20001_call_independent_rms_s0.npz,76134,d8475f926a7470ba5cc506c9338ee8372506057293e17b4eab2050e6548ee0bb
tcn,electrode,17,bw_n20001_call_electrode_s20,phase2/results/predictions/full/electrode/tcn/seed_17/bw_n20001_call_electrode_s20.npz,76403,cfe169a8388b5397693dc2212b56bf6e82bc36df88101dde7a9e77e1d8518c83
tcn,electrode,17,bw_n20001_call_electrode_s10,phase2/results/predictions/full/electrode/tcn/seed_17/bw_n20001_call_electrode_s10.npz,76369,7a8a71b5114db145765c3579c7ac92b27c64bf1e14da9a4a40fc7f32c69b5be6
tcn,electrode,17,bw_n20001_call_electrode_s0,phase2/results/predictions/full/electrode/tcn/seed_17/bw_n20001_call_electrode_s0.npz,76094,d21aad57b1aaa161c235c86ebb9f67b997a66bd6e080f96a6b6098704d6f8fbc
tcn,electrode,17,bw_n20001_call_covariance_s20,phase2/results/predictions/full/electrode/tcn/seed_17/bw_n20001_call_covariance_s20.npz,76386,1bf746dc7d652345345b30eb75b81e75c0760385953b4516f710ccd32e780ad4
tcn,electrode,17,bw_n20001_call_covariance_s10,phase2/results/predictions/full/electrode/tcn/seed_17/bw_n20001_call_covariance_s10.npz,76336,03f15877867847d5b7ea3a595ca63e5206f2231b9524e602ed436062790fa6d7
tcn,electrode,17,bw_n20001_call_covariance_s0,phase2/results/predictions/full/electrode/tcn/seed_17/bw_n20001_call_covariance_s0.npz,76086,91bac3dce063c78a8a272edddf0bc065455a1111fb138faa87a6d32aac057cbc
tcn,electrode,17,bw_n20002_call_independent_rms_s20,phase2/results/predictions/full/electrode/tcn/seed_17/bw_n20002_call_independent_rms_s20.npz,76423,c7310953d0cb72f4c8ef8dbf957b5166037053dd76290d0a8b0290566a146665
tcn,electrode,17,bw_n20002_call_independent_rms_s10,phase2/results/predictions/full/electrode/tcn/seed_17/bw_n20002_call_independent_rms_s10.npz,76355,b257ca9f704efec1c3cc2cb3a16c890a8b402d2e5fe6c89448e8d5a7211d966d
tcn,electrode,17,bw_n20002_call_independent_rms_s0,phase2/results/predictions/full/electrode/tcn/seed_17/bw_n20002_call_independent_rms_s0.npz,76160,fd9b81bcc6a40fa2ff8ceca2e1367c080ec56801cce5cb649665ec7210d0b2c2
tcn,electrode,17,bw_n20002_call_electrode_s20,phase2/results/predictions/full/electrode/tcn/seed_17/bw_n20002_call_electrode_s20.npz,76396,c6fc6b3e6c64b78894222350d163952256f25f736b0f01d7e46b263a0cd3690e
tcn,electrode,17,bw_n20002_call_electrode_s10,phase2/results/predictions/full/electrode/tcn/seed_17/bw_n20002_call_electrode_s10.npz,76356,f3fddc8897d56102a44c3109edb97d38d481a252746b33792d392b685f89ef57
tcn,electrode,17,bw_n20002_call_electrode_s0,phase2/results/predictions/full/electrode/tcn/seed_17/bw_n20002_call_electrode_s0.npz,76062,e0e06a422b596f02fa0e5eb5082e122be0de63d0ef55490aadbfbb4c6dac39e1
tcn,electrode,17,bw_n20002_call_covariance_s20,phase2/results/predictions/full/electrode/tcn/seed_17/bw_n20002_call_covariance_s20.npz,76393,fa5c52c1e3f275c64fa1b6f54a06e88ca7944ac8a3bb16acd03bc614884a4027
tcn,electrode,17,bw_n20002_call_covariance_s10,phase2/results/predictions/full/electrode/tcn/seed_17/bw_n20002_call_covariance_s10.npz,76341,5defbdf788efa07f377a7d48177122dc584d6b9c7119dfd05eb0b40ab4d91e34
tcn,electrode,17,bw_n20002_call_covariance_s0,phase2/results/predictions/full/electrode/tcn/seed_17/bw_n20002_call_covariance_s0.npz,76105,8b25cb092265e632b2e2715c11655695446fb966d79d344f7ada93dbdab5d921
tcn,electrode,17,bw_n20003_call_independent_rms_s20,phase2/results/predictions/full/electrode/tcn/seed_17/bw_n20003_call_independent_rms_s20.npz,76431,08129f15a5fc7ab88e59ecd091ff813fe3c0169001566ed59dc6e73eaa2d70d0
tcn,electrode,17,bw_n20003_call_independent_rms_s10,phase2/results/predictions/full/electrode/tcn/seed_17/bw_n20003_call_independent_rms_s10.npz,76423,6f90a9f7dd20f93e9c98e5019d118d2f3c9dfae66d355ae649a0e5ee2ef2d3b0
tcn,electrode,17,bw_n20003_call_independent_rms_s0,phase2/results/predictions/full/electrode/tcn/seed_17/bw_n20003_call_independent_rms_s0.npz,76153,aa37ffa7a3296be93a077111d6042688fc7267eb8b6955039808d4e3c6510d1a
tcn,electrode,17,bw_n20003_call_electrode_s20,phase2/results/predictions/full/electrode/tcn/seed_17/bw_n20003_call_electrode_s20.npz,76392,23083670e308d4dac93f39a5f5d5c44dd56eb08c18604e75e5a8008b690bce87
tcn,electrode,17,bw_n20003_call_electrode_s10,phase2/results/predictions/full/electrode/tcn/seed_17/bw_n20003_call_electrode_s10.npz,76333,8853d3e5b9f2b5ab3b096b45c9a64955849ac655b875986e0c8a916026470f79
tcn,electrode,17,bw_n20003_call_electrode_s0,phase2/results/predictions/full/electrode/tcn/seed_17/bw_n20003_call_electrode_s0.npz,76059,bbafbff56d445531393e61d8295b826595a38142bcf81a0d0512f98e76fa2dab
tcn,electrode,17,bw_n20003_call_covariance_s20,phase2/results/predictions/full/electrode/tcn/seed_17/bw_n20003_call_covariance_s20.npz,76408,310a733560d4018a62150de7c331dc08f4c5874e29aae7e482fe37c339d88811
tcn,electrode,17,bw_n20003_call_covariance_s10,phase2/results/predictions/full/electrode/tcn/seed_17/bw_n20003_call_covariance_s10.npz,76364,b479a3eea25e94490cb1ad388c86fc9e9814cc8ebf241c6ca4e4a4cc1725ae3d
tcn,electrode,17,bw_n20003_call_covariance_s0,phase2/results/predictions/full/electrode/tcn/seed_17/bw_n20003_call_covariance_s0.npz,76077,d5eeccd1ddc995e3d517d644b3f570e24f0284a53db06795f54ff2d7055cd4fb
tcn,electrode,17,bw_n20004_call_independent_rms_s20,phase2/results/predictions/full/electrode/tcn/seed_17/bw_n20004_call_independent_rms_s20.npz,76420,9180bd8b8496ee0fc7f89b1cdc1598ac3ab35ce2ec879603fc2486dd2fb242fa
tcn,electrode,17,bw_n20004_call_independent_rms_s10,phase2/results/predictions/full/electrode/tcn/seed_17/bw_n20004_call_independent_rms_s10.npz,76385,6823c9287d2e381a8592c8e51e2a8b8e92c9ac71c546373c9a4fad14924568b7
tcn,electrode,17,bw_n20004_call_independent_rms_s0,phase2/results/predictions/full/electrode/tcn/seed_17/bw_n20004_call_independent_rms_s0.npz,76140,57145648976ecc48ef53f25196a21d8ee94a737c17588b8910a617cef74af83f
tcn,electrode,17,bw_n20004_call_electrode_s20,phase2/results/predictions/full/electrode/tcn/seed_17/bw_n20004_call_electrode_s20.npz,76415,d79669245a7ea08e21487c3faa68acd7ef6d6a682987834dbdf0ac639e26f611
tcn,electrode,17,bw_n20004_call_electrode_s10,phase2/results/predictions/full/electrode/tcn/seed_17/bw_n20004_call_electrode_s10.npz,76355,8a75f11468c4a2e092b207f5ab8d08e9356a75badb79df79d47fe0a21f32c199
tcn,electrode,17,bw_n20004_call_electrode_s0,phase2/results/predictions/full/electrode/tcn/seed_17/bw_n20004_call_electrode_s0.npz,76088,998f41fd350c1470d57120cc340497cf150e37d99346a9f0ec9694b285a98a83
tcn,electrode,17,bw_n20004_call_covariance_s20,phase2/results/predictions/full/electrode/tcn/seed_17/bw_n20004_call_covariance_s20.npz,76410,b8c2ab2c65202f622af50454c62df8456af489057605af53714220c0c8cbf212
tcn,electrode,17,bw_n20004_call_covariance_s10,phase2/results/predictions/full/electrode/tcn/seed_17/bw_n20004_call_covariance_s10.npz,76366,99db0f11f6239df0ee80908b68f8ac046bcb88a1ff08b99667c63230a1af265e
tcn,electrode,17,bw_n20004_call_covariance_s0,phase2/results/predictions/full/electrode/tcn/seed_17/bw_n20004_call_covariance_s0.npz,76072,62347213dbe866dd550a6e2d9f0cf2aa01bde4884ed57685196d2b47cfba3f94
tcn,electrode,17,bw_n20005_call_independent_rms_s20,phase2/results/predictions/full/electrode/tcn/seed_17/bw_n20005_call_independent_rms_s20.npz,76413,81e5c3681fb2f9eb618b126d5f7fe263fa5f9577fcfbb6fe552ed48021f70a44
tcn,electrode,17,bw_n20005_call_independent_rms_s10,phase2/results/predictions/full/electrode/tcn/seed_17/bw_n20005_call_independent_rms_s10.npz,76378,810862fc9cd861bbf32cb1b9c5aec127617a32bd59cc5ce837d85dbbfb914500
tcn,electrode,17,bw_n20005_call_independent_rms_s0,phase2/results/predictions/full/electrode/tcn/seed_17/bw_n20005_call_independent_rms_s0.npz,76172,6e4bb501286cc20a7a8df74c44a1aa3b0f001910bf7cfeaeffc76ee5c00fd274
tcn,electrode,17,bw_n20005_call_electrode_s20,phase2/results/predictions/full/electrode/tcn/seed_17/bw_n20005_call_electrode_s20.npz,76431,cb2ba62f31386a3c5897e97a37894137f705b9f79facc2d40146b790d7c09a8a
tcn,electrode,17,bw_n20005_call_electrode_s10,phase2/results/predictions/full/electrode/tcn/seed_17/bw_n20005_call_electrode_s10.npz,76321,a2ef1e881ca6106806de9cd1e6a35d666cad2c408c0c0f0fc243c6ce7d0e4b5a
tcn,electrode,17,bw_n20005_call_electrode_s0,phase2/results/predictions/full/electrode/tcn/seed_17/bw_n20005_call_electrode_s0.npz,76069,3222349127a4056d75420b92acfc20535a121fd98a442f0685cd82b1b30a2cfb
tcn,electrode,17,bw_n20005_call_covariance_s20,phase2/results/predictions/full/electrode/tcn/seed_17/bw_n20005_call_covariance_s20.npz,76444,cb576858315a48b0e2b501b15230645c609bf4be46bc791bcdf1cd9bfc0c5272
tcn,electrode,17,bw_n20005_call_covariance_s10,phase2/results/predictions/full/electrode/tcn/seed_17/bw_n20005_call_covariance_s10.npz,76371,07cb40e099f5615e2c98e73a890c6e24c2c568ddca9aea3680e5ae8645cb9676
tcn,electrode,17,bw_n20005_call_covariance_s0,phase2/results/predictions/full/electrode/tcn/seed_17/bw_n20005_call_covariance_s0.npz,76069,6c60e1610d866a48c6b2139c3e7bab1848a47c6c32e6b234aab36eecdcfd20e4
tcn,electrode,17,ma_n20001_call_independent_rms_s20,phase2/results/predictions/full/electrode/tcn/seed_17/ma_n20001_call_independent_rms_s20.npz,76430,0eba0636cd20db9684137e3d643e7e0db7ba39b89e227a5007cde0040644a9c1
tcn,electrode,17,ma_n20001_call_independent_rms_s10,phase2/results/predictions/full/electrode/tcn/seed_17/ma_n20001_call_independent_rms_s10.npz,76409,bef277ec4377d13bbbb132f2cff8c5397238b20c40b9e34ec7140e0ae23d6561
tcn,electrode,17,ma_n20001_call_independent_rms_s0,phase2/results/predictions/full/electrode/tcn/seed_17/ma_n20001_call_independent_rms_s0.npz,76066,d66f4b5cee0466ccad066f67b33c42b2084093079eb8b8f274931fb4568676fe
tcn,electrode,17,ma_n20001_call_electrode_s20,phase2/results/predictions/full/electrode/tcn/seed_17/ma_n20001_call_electrode_s20.npz,76385,1f3840400bc13cc0848cdb3065dbc7e0b2d8243d2dc563a2c902bca646fa85aa
tcn,electrode,17,ma_n20001_call_electrode_s10,phase2/results/predictions/full/electrode/tcn/seed_17/ma_n20001_call_electrode_s10.npz,76347,92e069338f471063051ea1763aca2e22f99759dc124de25bd35d373075443f77
tcn,electrode,17,ma_n20001_call_electrode_s0,phase2/results/predictions/full/electrode/tcn/seed_17/ma_n20001_call_electrode_s0.npz,76048,0cda9587578dabe5d5199bb60ac51e61a7002a9698f3c030e6c13b02112f9870
tcn,electrode,17,ma_n20001_call_covariance_s20,phase2/results/predictions/full/electrode/tcn/seed_17/ma_n20001_call_covariance_s20.npz,76386,1d3efb9451422134e4f507f7326de892bb1050c11144c7c644bb4f0425b5e654
tcn,electrode,17,ma_n20001_call_covariance_s10,phase2/results/predictions/full/electrode/tcn/seed_17/ma_n20001_call_covariance_s10.npz,76325,ba60a4cd35944240b6559e0b3086f6e1b9f504ba74c63b8ee8d8c0e5a43188a5
tcn,electrode,17,ma_n20001_call_covariance_s0,phase2/results/predictions/full/electrode/tcn/seed_17/ma_n20001_call_covariance_s0.npz,76065,dc35f452f4f36ca87ab7f1a306850f04be59968eaa094666b2df76a4a94f30dc
tcn,electrode,17,ma_n20002_call_independent_rms_s20,phase2/results/predictions/full/electrode/tcn/seed_17/ma_n20002_call_independent_rms_s20.npz,76435,c57a736627c400e86b46c73095c886b1cf15163b344d1b1f49d05820a7dc45dc
tcn,electrode,17,ma_n20002_call_independent_rms_s10,phase2/results/predictions/full/electrode/tcn/seed_17/ma_n20002_call_independent_rms_s10.npz,76391,40e47723870dc902cdb90845158c21afa9af15f458d5433cc197f32b1580237d
tcn,electrode,17,ma_n20002_call_independent_rms_s0,phase2/results/predictions/full/electrode/tcn/seed_17/ma_n20002_call_independent_rms_s0.npz,76104,836b0348b561ca3bc1a74e501ede9f859b1d41675c0f396976498c999e285112
tcn,electrode,17,ma_n20002_call_electrode_s20,phase2/results/predictions/full/electrode/tcn/seed_17/ma_n20002_call_electrode_s20.npz,76383,d483a73560a737b9ee2494d2a1f0ad38ad432384d1051282a1426e85ba400f70
tcn,electrode,17,ma_n20002_call_electrode_s10,phase2/results/predictions/full/electrode/tcn/seed_17/ma_n20002_call_electrode_s10.npz,76364,5d5ff832fe9605abb42553e998a17407975855f6ad2d3242a63c0729352d8b9b
tcn,electrode,17,ma_n20002_call_electrode_s0,phase2/results/predictions/full/electrode/tcn/seed_17/ma_n20002_call_electrode_s0.npz,76022,0e09068f874321288839cb21426ec763f0c27c5df314fbf906e4e473710b6fc4
tcn,electrode,17,ma_n20002_call_covariance_s20,phase2/results/predictions/full/electrode/tcn/seed_17/ma_n20002_call_covariance_s20.npz,76416,a1f0d5a5b9e7a7751a83b1b2ca052bebb0c3238340857a66b2e2e5000898afa8
tcn,electrode,17,ma_n20002_call_covariance_s10,phase2/results/predictions/full/electrode/tcn/seed_17/ma_n20002_call_covariance_s10.npz,76332,133ce2b147bc16e6f803baf21170dfc14a781bb646ca5328ba4f16c3bfa810cd
tcn,electrode,17,ma_n20002_call_covariance_s0,phase2/results/predictions/full/electrode/tcn/seed_17/ma_n20002_call_covariance_s0.npz,76063,ce250dacdca430f6c43d4e4ade4000b560d2ee0ad22e53ee5515aa3091b1cf49
tcn,electrode,17,ma_n20003_call_independent_rms_s20,phase2/results/predictions/full/electrode/tcn/seed_17/ma_n20003_call_independent_rms_s20.npz,76393,8e3a919990dc42c592789e62307c6bde0c0c98636e38a5dde55d0a11def7a1af
tcn,electrode,17,ma_n20003_call_independent_rms_s10,phase2/results/predictions/full/electrode/tcn/seed_17/ma_n20003_call_independent_rms_s10.npz,76416,5ff69d63b572c2884593872f69f5b44fb018487825fba4bb531c6e997b409cd4
tcn,electrode,17,ma_n20003_call_independent_rms_s0,phase2/results/predictions/full/electrode/tcn/seed_17/ma_n20003_call_independent_rms_s0.npz,76121,2353928dca0c380886843802bf601233a0914f0914215dd9ad4e80ecd646f8b3
tcn,electrode,17,ma_n20003_call_electrode_s20,phase2/results/predictions/full/electrode/tcn/seed_17/ma_n20003_call_electrode_s20.npz,76434,c7a6a413c6f5ebc83db27bed7e7ea4fe56f454fee772dafef59d4bb00da43109
tcn,electrode,17,ma_n20003_call_electrode_s10,phase2/results/predictions/full/electrode/tcn/seed_17/ma_n20003_call_electrode_s10.npz,76325,85a52f78b821e0cdae04b4b8a5206f1578c19b73ab8c9515c27c7abe96c5f39f
tcn,electrode,17,ma_n20003_call_electrode_s0,phase2/results/predictions/full/electrode/tcn/seed_17/ma_n20003_call_electrode_s0.npz,76040,301a763832725541fa1e6dca875aafa83175b7470e249c0d1a35723963cea1de
tcn,electrode,17,ma_n20003_call_covariance_s20,phase2/results/predictions/full/electrode/tcn/seed_17/ma_n20003_call_covariance_s20.npz,76442,1f6007181ef322b39bee4cffeed3240fc77cdc0b8e6cad3a521dd3dc310343c3
tcn,electrode,17,ma_n20003_call_covariance_s10,phase2/results/predictions/full/electrode/tcn/seed_17/ma_n20003_call_covariance_s10.npz,76345,aae7ec7bfe5e3269babf77a3ad189d5490a507ab3b7f754f69fdabf5a2849e06
tcn,electrode,17,ma_n20003_call_covariance_s0,phase2/results/predictions/full/electrode/tcn/seed_17/ma_n20003_call_covariance_s0.npz,76037,2605f76fb0601cc3af4cc2322a9bcccf25d488d0c23998b48ca2f35f0dc9cdbd
tcn,electrode,17,ma_n20004_call_independent_rms_s20,phase2/results/predictions/full/electrode/tcn/seed_17/ma_n20004_call_independent_rms_s20.npz,76408,f705fae86c51719105e25fcbae312f307b7eefae5b0f70a22f8e936814f4a037
tcn,electrode,17,ma_n20004_call_independent_rms_s10,phase2/results/predictions/full/electrode/tcn/seed_17/ma_n20004_call_independent_rms_s10.npz,76367,8e18d94669bddcc564caf6c746f32d134d6ea32d26aebf82bd0eb659eee17ede
tcn,electrode,17,ma_n20004_call_independent_rms_s0,phase2/results/predictions/full/electrode/tcn/seed_17/ma_n20004_call_independent_rms_s0.npz,76090,aae65c2f5c923161e238c78cb7559121ddd179b61ed90b422038ef2f13512e80
tcn,electrode,17,ma_n20004_call_electrode_s20,phase2/results/predictions/full/electrode/tcn/seed_17/ma_n20004_call_electrode_s20.npz,76390,bdf995bfea549e080ce87b0b7dc2fd59f0793c16f4e4cc5daf2797da97ce2569
tcn,electrode,17,ma_n20004_call_electrode_s10,phase2/results/predictions/full/electrode/tcn/seed_17/ma_n20004_call_electrode_s10.npz,76355,47131bd498c36ba0677c7c6d90da9ba7cea98af4a4aa9b97b9336f9f474bde7e
tcn,electrode,17,ma_n20004_call_electrode_s0,phase2/results/predictions/full/electrode/tcn/seed_17/ma_n20004_call_electrode_s0.npz,76002,a2f4b1579c10871c3c7a03faaa066e534acc35378c89d554c6599748a6a8fc33
tcn,electrode,17,ma_n20004_call_covariance_s20,phase2/results/predictions/full/electrode/tcn/seed_17/ma_n20004_call_covariance_s20.npz,76422,1b318880f954eb88b3efba7c4e4a48535d7d4a5919f509c18283e7c0e805a983
tcn,electrode,17,ma_n20004_call_covariance_s10,phase2/results/predictions/full/electrode/tcn/seed_17/ma_n20004_call_covariance_s10.npz,76345,fb169df141dabeb936856ba7661f5f07e6e3baff8ae39d7c5e7adef0ef6994ed
tcn,electrode,17,ma_n20004_call_covariance_s0,phase2/results/predictions/full/electrode/tcn/seed_17/ma_n20004_call_covariance_s0.npz,76044,abb34a5723d30ab90942e27231756b078d87e432ca4ca3eefdca188c6c45ce3e
tcn,electrode,17,ma_n20005_call_independent_rms_s20,phase2/results/predictions/full/electrode/tcn/seed_17/ma_n20005_call_independent_rms_s20.npz,76447,67ffa74cad8162a23c747869c5cd22469df4a087d35880fe31b36dddccd94fe2
tcn,electrode,17,ma_n20005_call_independent_rms_s10,phase2/results/predictions/full/electrode/tcn/seed_17/ma_n20005_call_independent_rms_s10.npz,76379,0a9fc68a0be46343bbf26c0b65c5fb0def3328610c42db9d475868e30b7568ca
tcn,electrode,17,ma_n20005_call_independent_rms_s0,phase2/results/predictions/full/electrode/tcn/seed_17/ma_n20005_call_independent_rms_s0.npz,76109,eba40ff4f744ecd1c246026ff9442bf89b8f80438a334122167fd0d1c8eb56c8
tcn,electrode,17,ma_n20005_call_electrode_s20,phase2/results/predictions/full/electrode/tcn/seed_17/ma_n20005_call_electrode_s20.npz,76406,f29a81cf85fd0c74f5a75a579899527768e6b070d98aba7967b55f72a30fe844
tcn,electrode,17,ma_n20005_call_electrode_s10,phase2/results/predictions/full/electrode/tcn/seed_17/ma_n20005_call_electrode_s10.npz,76325,fa0e9ea6cc95419e3f204fd79cd9e0976cbdbd77b52657b9450835965184ca6b
tcn,electrode,17,ma_n20005_call_electrode_s0,phase2/results/predictions/full/electrode/tcn/seed_17/ma_n20005_call_electrode_s0.npz,76017,e24004dc1addc91d9a0e8685ce8a9571723f0415b2d282aa971f745a5f4e58f1
tcn,electrode,17,ma_n20005_call_covariance_s20,phase2/results/predictions/full/electrode/tcn/seed_17/ma_n20005_call_covariance_s20.npz,76406,2981f55236756e6c460669e743ed038cbccf4f58ac3d068b6cd7f473b4d2afef
tcn,electrode,17,ma_n20005_call_covariance_s10,phase2/results/predictions/full/electrode/tcn/seed_17/ma_n20005_call_covariance_s10.npz,76371,04996fde1b8863402ba2115e3ef0154f496f7e567cd1cf526d30989c3f9f6808
tcn,electrode,17,ma_n20005_call_covariance_s0,phase2/results/predictions/full/electrode/tcn/seed_17/ma_n20005_call_covariance_s0.npz,76022,c4fcc7005998c7e79401f1984a8aad94a53ee4661840e5b70cd1468f49d46a97
tcn,electrode,17,em_n20001_call_independent_rms_s20,phase2/results/predictions/full/electrode/tcn/seed_17/em_n20001_call_independent_rms_s20.npz,76432,8f5d94d4f600f69475f509f01c4e5bd867014542e6f2e36df61a6ff1ab7295c2
tcn,electrode,17,em_n20001_call_independent_rms_s10,phase2/results/predictions/full/electrode/tcn/seed_17/em_n20001_call_independent_rms_s10.npz,76365,e2ccb2f43ff14a8ac12772413a0fd25703f0b8265bde2e4154b1e68b17e08782
tcn,electrode,17,em_n20001_call_independent_rms_s0,phase2/results/predictions/full/electrode/tcn/seed_17/em_n20001_call_independent_rms_s0.npz,75992,ebf96d69073cb27ae033ce96ff03d4ed3bd4f7446cd48e3c2f9ae568f6b0bc0b
tcn,electrode,17,em_n20001_call_electrode_s20,phase2/results/predictions/full/electrode/tcn/seed_17/em_n20001_call_electrode_s20.npz,76402,bdc76901c24551f78b0b1f14b98dc20f92ce6e4bc26af9a726b346efc21ffd05
tcn,electrode,17,em_n20001_call_electrode_s10,phase2/results/predictions/full/electrode/tcn/seed_17/em_n20001_call_electrode_s10.npz,76342,0487099724917900f5c33ecb3008acffa5d6fd2e9ceea5329e4600827038ee90
tcn,electrode,17,em_n20001_call_electrode_s0,phase2/results/predictions/full/electrode/tcn/seed_17/em_n20001_call_electrode_s0.npz,75844,869aec9d452cd324def04c248603b3fe675b6f2d9ec2faa01a262edc9d474267
tcn,electrode,17,em_n20001_call_covariance_s20,phase2/results/predictions/full/electrode/tcn/seed_17/em_n20001_call_covariance_s20.npz,76426,2f7d8c6a0e81245e2defd2eda60a68a5c935208b1e54af27afb083768cae812a
tcn,electrode,17,em_n20001_call_covariance_s10,phase2/results/predictions/full/electrode/tcn/seed_17/em_n20001_call_covariance_s10.npz,76313,9549e4d2fa7ad2b7d88ebbce4b3f5dbee0ab98492315797346e699b82f0783f4
tcn,electrode,17,em_n20001_call_covariance_s0,phase2/results/predictions/full/electrode/tcn/seed_17/em_n20001_call_covariance_s0.npz,75848,02e3cb77bf2744a7bfb6af321346af29bb7b8cc42908299fb7483a60d34c6f52
tcn,electrode,17,em_n20002_call_independent_rms_s20,phase2/results/predictions/full/electrode/tcn/seed_17/em_n20002_call_independent_rms_s20.npz,76424,478fe3675b8132a3c28fc0adc8e289500ae24fbe2081d6ace6f68258be89726c
tcn,electrode,17,em_n20002_call_independent_rms_s10,phase2/results/predictions/full/electrode/tcn/seed_17/em_n20002_call_independent_rms_s10.npz,76360,c908cae8d8ea6211e2b6cd94a7683005a87cc5d7e2143fe9f6a845a715b56953
tcn,electrode,17,em_n20002_call_independent_rms_s0,phase2/results/predictions/full/electrode/tcn/seed_17/em_n20002_call_independent_rms_s0.npz,76014,331393d62af1512df6245814671ef897aaf9b19aef6478e2d96b8322001e46d4
tcn,electrode,17,em_n20002_call_electrode_s20,phase2/results/predictions/full/electrode/tcn/seed_17/em_n20002_call_electrode_s20.npz,76421,75c731a4d45eebd1cf3b671bf71fa94ba65f3b5a255a7a8b03438dd99aa919c2
tcn,electrode,17,em_n20002_call_electrode_s10,phase2/results/predictions/full/electrode/tcn/seed_17/em_n20002_call_electrode_s10.npz,76321,26b24be62295f2fcc5ce32fae062633a6fa96ca376873183fd1ca90539fed7d1
tcn,electrode,17,em_n20002_call_electrode_s0,phase2/results/predictions/full/electrode/tcn/seed_17/em_n20002_call_electrode_s0.npz,75879,967b16e3864cd21229b1a138ce82f3c0fd81c2f48ffcac48bb61d153cc106bff
tcn,electrode,17,em_n20002_call_covariance_s20,phase2/results/predictions/full/electrode/tcn/seed_17/em_n20002_call_covariance_s20.npz,76397,6112f2da23a6736f4cc4ea5dc9bf1fa3cd1455f1f2cdcd127598550b5aefdfb4
tcn,electrode,17,em_n20002_call_covariance_s10,phase2/results/predictions/full/electrode/tcn/seed_17/em_n20002_call_covariance_s10.npz,76316,fac73dce0b223dbf2b38f6d89c40adf60350d9f4cd7122526c9cdcbf8d7cf8b6
tcn,electrode,17,em_n20002_call_covariance_s0,phase2/results/predictions/full/electrode/tcn/seed_17/em_n20002_call_covariance_s0.npz,75851,344fe3d6886c7b84d79da4939abe5bc36dd87a5de2efc780d29cc1c270e222f9
tcn,electrode,17,em_n20003_call_independent_rms_s20,phase2/results/predictions/full/electrode/tcn/seed_17/em_n20003_call_independent_rms_s20.npz,76464,9198f9a312b59988920b52d8cf3d44d5d4f1ebee1bfc44bfce384e0c4fb98b54
tcn,electrode,17,em_n20003_call_independent_rms_s10,phase2/results/predictions/full/electrode/tcn/seed_17/em_n20003_call_independent_rms_s10.npz,76355,aae51da1ed401a9207857ebb575a337cecfba07633242097861fb24b281f1b48
tcn,electrode,17,em_n20003_call_independent_rms_s0,phase2/results/predictions/full/electrode/tcn/seed_17/em_n20003_call_independent_rms_s0.npz,75978,6473cd699362ccc90a331649b13d95fda6aea3edb0ff2ecee872411f0cf88f75
tcn,electrode,17,em_n20003_call_electrode_s20,phase2/results/predictions/full/electrode/tcn/seed_17/em_n20003_call_electrode_s20.npz,76392,581a6383b446cf520b27d23ddd2c71aa6fd284a13ff2f1980093436b2e6fbd9a
tcn,electrode,17,em_n20003_call_electrode_s10,phase2/results/predictions/full/electrode/tcn/seed_17/em_n20003_call_electrode_s10.npz,76299,ac57735512d4ad351cf5a8d5b1a4a94ad24a03ecff9772f8da54d97c1aa2457a
tcn,electrode,17,em_n20003_call_electrode_s0,phase2/results/predictions/full/electrode/tcn/seed_17/em_n20003_call_electrode_s0.npz,75851,d8ef12cb587f6ef017627d7d733e2173ec94629a80505bc148f30d283efc3a50
tcn,electrode,17,em_n20003_call_covariance_s20,phase2/results/predictions/full/electrode/tcn/seed_17/em_n20003_call_covariance_s20.npz,76424,d9951832d2a8199dd84555ea93ee3e258d2577410ea5bf58f39d62e667dea82d
tcn,electrode,17,em_n20003_call_covariance_s10,phase2/results/predictions/full/electrode/tcn/seed_17/em_n20003_call_covariance_s10.npz,76320,d6f6deb1fc8f1c73276634e076d010f1ba9ce32cb4ded6fd8015c325e2889537
tcn,electrode,17,em_n20003_call_covariance_s0,phase2/results/predictions/full/electrode/tcn/seed_17/em_n20003_call_covariance_s0.npz,75846,142376e8de703a205dfe96fc4cd254d4912fcb82f99a092f8a8c5d758974b27a
tcn,electrode,17,em_n20004_call_independent_rms_s20,phase2/results/predictions/full/electrode/tcn/seed_17/em_n20004_call_independent_rms_s20.npz,76450,9e902561f5467a91761412706102025981897e39f3dd5d3dcaa454189de3a453
tcn,electrode,17,em_n20004_call_independent_rms_s10,phase2/results/predictions/full/electrode/tcn/seed_17/em_n20004_call_independent_rms_s10.npz,76373,650ab2ba1fc950217c5235ef2f3127822b3c15b11c90c7e66f20c2bf453ef703
tcn,electrode,17,em_n20004_call_independent_rms_s0,phase2/results/predictions/full/electrode/tcn/seed_17/em_n20004_call_independent_rms_s0.npz,75981,2da325d692b6b8fbd218e817ba86755cec7991489015f39d0120da4fea175bc3
tcn,electrode,17,em_n20004_call_electrode_s20,phase2/results/predictions/full/electrode/tcn/seed_17/em_n20004_call_electrode_s20.npz,76410,91a952e85e1740773fa35cd16a74c388795a03e18855129bd71529a8b8470a43
tcn,electrode,17,em_n20004_call_electrode_s10,phase2/results/predictions/full/electrode/tcn/seed_17/em_n20004_call_electrode_s10.npz,76304,d10416a910d9dbf54abf614091493a8270e3e0f5f3b727d1c34af20218c63f64
tcn,electrode,17,em_n20004_call_electrode_s0,phase2/results/predictions/full/electrode/tcn/seed_17/em_n20004_call_electrode_s0.npz,75880,ffdc4168f2ecc0d77faa60fe652696f37d29a6bba3e9cc3903203d739f7442c6
tcn,electrode,17,em_n20004_call_covariance_s20,phase2/results/predictions/full/electrode/tcn/seed_17/em_n20004_call_covariance_s20.npz,76412,2dc90925fdde67b8fd99bb7b52eec35fc969c18aae1834c015e2f91e44bf7782
tcn,electrode,17,em_n20004_call_covariance_s10,phase2/results/predictions/full/electrode/tcn/seed_17/em_n20004_call_covariance_s10.npz,76303,1a6a83e446064295fb48942ef93033f9c7621ce8738c28d0f2bd15923cc988d1
tcn,electrode,17,em_n20004_call_covariance_s0,phase2/results/predictions/full/electrode/tcn/seed_17/em_n20004_call_covariance_s0.npz,75853,66809ad65b6cbd7d7ddc3a4159dfc9a435cb29c25d4f299b209ca855e46215a4
tcn,electrode,17,em_n20005_call_independent_rms_s20,phase2/results/predictions/full/electrode/tcn/seed_17/em_n20005_call_independent_rms_s20.npz,76420,9c0def1db9492da5b61069e9349984916df4d777abd770fe75a1546ec8cdd825
tcn,electrode,17,em_n20005_call_independent_rms_s10,phase2/results/predictions/full/electrode/tcn/seed_17/em_n20005_call_independent_rms_s10.npz,76379,ea9fbf5eb22a707aef5d935654ae1396180591894326ec2a31edb9d84891052b
tcn,electrode,17,em_n20005_call_independent_rms_s0,phase2/results/predictions/full/electrode/tcn/seed_17/em_n20005_call_independent_rms_s0.npz,75987,f9167a5cc6ab6885d505951fc197e4a4308cbb2a3f66351629795cdb104fe401
tcn,electrode,17,em_n20005_call_electrode_s20,phase2/results/predictions/full/electrode/tcn/seed_17/em_n20005_call_electrode_s20.npz,76393,e7e8909cbe79fa229ebf211875bf96a32dd45c9de6996f9598579abd9afcdeb8
tcn,electrode,17,em_n20005_call_electrode_s10,phase2/results/predictions/full/electrode/tcn/seed_17/em_n20005_call_electrode_s10.npz,76295,a6d88fe22cb7dd478d518cfe8df9f8d588a8e7c64d98a2ca4279ec7ef2d92c55
tcn,electrode,17,em_n20005_call_electrode_s0,phase2/results/predictions/full/electrode/tcn/seed_17/em_n20005_call_electrode_s0.npz,75835,ef09d08b6bddcd486fde9232b3e197f521b0d913fb3a04a930748900699906df
tcn,electrode,17,em_n20005_call_covariance_s20,phase2/results/predictions/full/electrode/tcn/seed_17/em_n20005_call_covariance_s20.npz,76402,8aba084b81dea265d6d3375829a9cd98889f4e3a4239cac693a84e725f0365e1
tcn,electrode,17,em_n20005_call_covariance_s10,phase2/results/predictions/full/electrode/tcn/seed_17/em_n20005_call_covariance_s10.npz,76315,2181c00f42ede17c27f7de2d596c4d5ac8ed36e3937768852d2fe62c3a8eaf58
tcn,electrode,17,em_n20005_call_covariance_s0,phase2/results/predictions/full/electrode/tcn/seed_17/em_n20005_call_covariance_s0.npz,75875,f71fb7427d0797bad3702c2d0406e64e1753d7c4f51d96a85652f0aacebe8a0f
tcn,mixed,17,clean,phase2/results/predictions/full/mixed/tcn/seed_17/clean.npz,76395,0d81f68661c0f4e9466168b7b3d557ed85db0e19b3941ad3d62657962f99c46c
tcn,mixed,17,bandpass_n20001_cRA_LA_LL_independent_rms_s20,phase2/results/predictions/full/mixed/tcn/seed_17/bandpass_n20001_cRA_LA_LL_independent_rms_s20.npz,76437,22a5b46d82bf292b9c6d6addb35d1ac625c354af932b554ff16c6b3a41a49951
tcn,mixed,17,bandpass_n20001_cRA_LA_LL_independent_rms_s15,phase2/results/predictions/full/mixed/tcn/seed_17/bandpass_n20001_cRA_LA_LL_independent_rms_s15.npz,76467,b305febe331a397106fde53a8c273a494f9d2aba3a7935235eea71d42dd71dfb
tcn,mixed,17,bandpass_n20001_cRA_LA_LL_independent_rms_s10,phase2/results/predictions/full/mixed/tcn/seed_17/bandpass_n20001_cRA_LA_LL_independent_rms_s10.npz,76442,0a14786827cd2bdab4c10e156712b9594f5e1148ab41b79d22ede535ab4e53cc
tcn,mixed,17,bandpass_n20001_cRA_LA_LL_independent_rms_s5,phase2/results/predictions/full/mixed/tcn/seed_17/bandpass_n20001_cRA_LA_LL_independent_rms_s5.npz,76273,3d73591153d8d23c48b84f75a9a5faa1f9f3fb1ba020741ca58e03016d2001dd
tcn,mixed,17,bandpass_n20001_cRA_LA_LL_independent_rms_s0,phase2/results/predictions/full/mixed/tcn/seed_17/bandpass_n20001_cRA_LA_LL_independent_rms_s0.npz,75995,e0d9aaf47e6b4c775dc11097f6550803974a7858bd977234d6ea6f919846ae36
tcn,mixed,17,bandpass_n20001_cRA_LA_LL_electrode_s20,phase2/results/predictions/full/mixed/tcn/seed_17/bandpass_n20001_cRA_LA_LL_electrode_s20.npz,76450,cfd8e1e9383c604772f308e1b0084d5d2f363978b50f99bd1f5faf7e2a580d9b
tcn,mixed,17,bandpass_n20001_cRA_LA_LL_electrode_s15,phase2/results/predictions/full/mixed/tcn/seed_17/bandpass_n20001_cRA_LA_LL_electrode_s15.npz,76393,dfbd6cd0b8e66cf02e50803919c4b0244a0e167032f2ecb460700f16ea358c76
tcn,mixed,17,bandpass_n20001_cRA_LA_LL_electrode_s10,phase2/results/predictions/full/mixed/tcn/seed_17/bandpass_n20001_cRA_LA_LL_electrode_s10.npz,76362,8999d31771206e924d29d87f4f4443121507554042ba392d61257ddd26f6b053
tcn,mixed,17,bandpass_n20001_cRA_LA_LL_electrode_s5,phase2/results/predictions/full/mixed/tcn/seed_17/bandpass_n20001_cRA_LA_LL_electrode_s5.npz,76183,165785f2c2ac9811363384dfbdbfcae1f5716996b3131b7e6c8db6517f04333f
tcn,mixed,17,bandpass_n20001_cRA_LA_LL_electrode_s0,phase2/results/predictions/full/mixed/tcn/seed_17/bandpass_n20001_cRA_LA_LL_electrode_s0.npz,75736,a8022cd2cf5920a3fbd1c9cd7e9760651273f2dc4b1cc6a40bcb1b417a1fae74
tcn,mixed,17,bandpass_n20001_cRA_LA_LL_covariance_s20,phase2/results/predictions/full/mixed/tcn/seed_17/bandpass_n20001_cRA_LA_LL_covariance_s20.npz,76473,a9e667cc5c96c52ed096bcd687aebefbc6b43c893e122cc5febcabd0db9af714
tcn,mixed,17,bandpass_n20001_cRA_LA_LL_covariance_s15,phase2/results/predictions/full/mixed/tcn/seed_17/bandpass_n20001_cRA_LA_LL_covariance_s15.npz,76424,6db68bd2594bc4592a25af869ebde2e8c955c424a6a3a27342fa205e24b33c7c
tcn,mixed,17,bandpass_n20001_cRA_LA_LL_covariance_s10,phase2/results/predictions/full/mixed/tcn/seed_17/bandpass_n20001_cRA_LA_LL_covariance_s10.npz,76324,47730033485eb3b97bc2c0193fd6ea36d1a562357d2a8e1061741233d452d8f0
tcn,mixed,17,bandpass_n20001_cRA_LA_LL_covariance_s5,phase2/results/predictions/full/mixed/tcn/seed_17/bandpass_n20001_cRA_LA_LL_covariance_s5.npz,76172,8e7b0ac5c4410a0b088c2399a71fededb6aa47d7d01626d51fde3ed4dc691178
tcn,mixed,17,bandpass_n20001_cRA_LA_LL_covariance_s0,phase2/results/predictions/full/mixed/tcn/seed_17/bandpass_n20001_cRA_LA_LL_covariance_s0.npz,75708,4af2e3c6fb219b8b53d757470072d3e40c22ae15e843e014af3d7ff24bb37e94
tcn,mixed,17,bandpass_n20001_cV1_independent_rms_s20,phase2/results/predictions/full/mixed/tcn/seed_17/bandpass_n20001_cV1_independent_rms_s20.npz,76447,79eae9b11c1937f0f4fe9c9345b1532c6ae3d96b05e16e1778615054a2d25dd2
tcn,mixed,17,bandpass_n20001_cV1_independent_rms_s15,phase2/results/predictions/full/mixed/tcn/seed_17/bandpass_n20001_cV1_independent_rms_s15.npz,76412,8e171df78fac19e1f2f2739d3ff194c849e83c950ce738c127e90af8693dfbed
tcn,mixed,17,bandpass_n20001_cV1_independent_rms_s10,phase2/results/predictions/full/mixed/tcn/seed_17/bandpass_n20001_cV1_independent_rms_s10.npz,76392,c02204802caa133e75770faedc34e05de2f6ab1d64bdcef3838b29a4dbb1fc50
tcn,mixed,17,bandpass_n20001_cV1_independent_rms_s5,phase2/results/predictions/full/mixed/tcn/seed_17/bandpass_n20001_cV1_independent_rms_s5.npz,76291,a227ae5755aa26c90bebb0d4383997146a7437e9503833fd89ea4e9440d5057f
tcn,mixed,17,bandpass_n20001_cV1_independent_rms_s0,phase2/results/predictions/full/mixed/tcn/seed_17/bandpass_n20001_cV1_independent_rms_s0.npz,76045,b9f7ea51a2d582de9bd541997a601e0d9db3a707774f76969f363b05a8a2020d
tcn,mixed,17,bandpass_n20001_cV1_electrode_s20,phase2/results/predictions/full/mixed/tcn/seed_17/bandpass_n20001_cV1_electrode_s20.npz,76434,6d17fe89e80ad0b7a76c506c11c8e8a0095ebc6324f980dd46e38b05dff73727
tcn,mixed,17,bandpass_n20001_cV1_electrode_s15,phase2/results/predictions/full/mixed/tcn/seed_17/bandpass_n20001_cV1_electrode_s15.npz,76427,c6641503802d19862b864fbfb0fc44df8e63362271ef1fd7370427e1e73f987d
tcn,mixed,17,bandpass_n20001_cV1_electrode_s10,phase2/results/predictions/full/mixed/tcn/seed_17/bandpass_n20001_cV1_electrode_s10.npz,76396,62b697f49dc1e94f5b6ded271dc740944142b2b2a249ff1ff3b3900a1f167d4e
tcn,mixed,17,bandpass_n20001_cV1_electrode_s5,phase2/results/predictions/full/mixed/tcn/seed_17/bandpass_n20001_cV1_electrode_s5.npz,76268,f832b17fab32fe1e97e85648e54197c90f120bfb5b3773e1abe59c3c8744c81a
tcn,mixed,17,bandpass_n20001_cV1_electrode_s0,phase2/results/predictions/full/mixed/tcn/seed_17/bandpass_n20001_cV1_electrode_s0.npz,76042,d424b8727935151a8c556cd8df505acc2957c4617d87f4367ab7548d9cfdcfa7
tcn,mixed,17,bandpass_n20001_cV1_covariance_s20,phase2/results/predictions/full/mixed/tcn/seed_17/bandpass_n20001_cV1_covariance_s20.npz,76428,95f7ed24912ebff87a45deed69ba6ad02bbbb13c61e5b5688e5ec34e6a9cb19e
tcn,mixed,17,bandpass_n20001_cV1_covariance_s15,phase2/results/predictions/full/mixed/tcn/seed_17/bandpass_n20001_cV1_covariance_s15.npz,76410,ed2b18c3c2ca10c3987a3e65233dd9d6b493ea6548aeb84ca83e8e1492a1dde3
tcn,mixed,17,bandpass_n20001_cV1_covariance_s10,phase2/results/predictions/full/mixed/tcn/seed_17/bandpass_n20001_cV1_covariance_s10.npz,76350,9b027e4672e2bfa6343d4675b9e5047a22ed456ac4696858848f69f3812ca91e
tcn,mixed,17,bandpass_n20001_cV1_covariance_s5,phase2/results/predictions/full/mixed/tcn/seed_17/bandpass_n20001_cV1_covariance_s5.npz,76273,ac7691da7c11b586726ff3f3fd927de88ebb452fdf5d0d30d2e6f79efa60dbca
tcn,mixed,17,bandpass_n20001_cV1_covariance_s0,phase2/results/predictions/full/mixed/tcn/seed_17/bandpass_n20001_cV1_covariance_s0.npz,76044,bf8b73468e7793da773433ce68d264c07ba4f6d64f7f1722d27ea2e4ee2a9fab
tcn,mixed,17,bandpass_n20001_cV2_independent_rms_s20,phase2/results/predictions/full/mixed/tcn/seed_17/bandpass_n20001_cV2_independent_rms_s20.npz,76466,e6889e9819dfbdcf3abd3537a4f57bf5b4dc7eec022ce46b6a7a1c5034344cac
tcn,mixed,17,bandpass_n20001_cV2_independent_rms_s15,phase2/results/predictions/full/mixed/tcn/seed_17/bandpass_n20001_cV2_independent_rms_s15.npz,76480,f69a8e8fa8e55cf57f5b36e2d87ec2c4f374147cb60ee12d1881aa6a19a84d46
tcn,mixed,17,bandpass_n20001_cV2_independent_rms_s10,phase2/results/predictions/full/mixed/tcn/seed_17/bandpass_n20001_cV2_independent_rms_s10.npz,76402,b0993ea11d7342c1247ea52534070f72bf65ae461c4e3d9811834314628d5ef1
tcn,mixed,17,bandpass_n20001_cV2_independent_rms_s5,phase2/results/predictions/full/mixed/tcn/seed_17/bandpass_n20001_cV2_independent_rms_s5.npz,76324,2c1784d8db8a319016bbfb6808e6acabd9feac72f55bc3856ad90382e85534fc
tcn,mixed,17,bandpass_n20001_cV2_independent_rms_s0,phase2/results/predictions/full/mixed/tcn/seed_17/bandpass_n20001_cV2_independent_rms_s0.npz,76145,734b850bdbea4d336a6c1be0e184c606563121a6af53ac134a4641b7ebc32bdb
tcn,mixed,17,bandpass_n20001_cV2_electrode_s20,phase2/results/predictions/full/mixed/tcn/seed_17/bandpass_n20001_cV2_electrode_s20.npz,76444,15cd380227bd27642e603ae7c9b42b3a8b98046f26c488375f896af6567f766b
tcn,mixed,17,bandpass_n20001_cV2_electrode_s15,phase2/results/predictions/full/mixed/tcn/seed_17/bandpass_n20001_cV2_electrode_s15.npz,76418,701edb165f6caff168d72facb6fbc532eb263f5ed0b09fc0a6afa16c2589cf15
tcn,mixed,17,bandpass_n20001_cV2_electrode_s10,phase2/results/predictions/full/mixed/tcn/seed_17/bandpass_n20001_cV2_electrode_s10.npz,76392,b0226f3da2ea3f41f9837113f2eeb2930d433d2a9d917afb147cedc4345d88b9
tcn,mixed,17,bandpass_n20001_cV2_electrode_s5,phase2/results/predictions/full/mixed/tcn/seed_17/bandpass_n20001_cV2_electrode_s5.npz,76311,8be07e4485f9a4493c046ceda9fadc9ff5964e738a71d3c10f0f6817731b6386
tcn,mixed,17,bandpass_n20001_cV2_electrode_s0,phase2/results/predictions/full/mixed/tcn/seed_17/bandpass_n20001_cV2_electrode_s0.npz,76099,5efeefd4b6bb4a2e610fcc26cc79c71e91603e9e4c263c137c317a9c3a4a4f43
tcn,mixed,17,bandpass_n20001_cV2_covariance_s20,phase2/results/predictions/full/mixed/tcn/seed_17/bandpass_n20001_cV2_covariance_s20.npz,76421,87fdd1279e8c4544f192ca99733f256d29688c6d448bd172777f2ca77af1db01
tcn,mixed,17,bandpass_n20001_cV2_covariance_s15,phase2/results/predictions/full/mixed/tcn/seed_17/bandpass_n20001_cV2_covariance_s15.npz,76418,d92ea24916b9e0e76d7ec51b0b5fb61291fd3e6162d7625187f05f21feacb4ed
tcn,mixed,17,bandpass_n20001_cV2_covariance_s10,phase2/results/predictions/full/mixed/tcn/seed_17/bandpass_n20001_cV2_covariance_s10.npz,76407,c15fadf1e2f321f0eed2f047b674ef4d8bc50bef68e6331782cf0c11c76937cd
tcn,mixed,17,bandpass_n20001_cV2_covariance_s5,phase2/results/predictions/full/mixed/tcn/seed_17/bandpass_n20001_cV2_covariance_s5.npz,76333,a80df92bd1dba4b3c7ac52db0b81844507f731810d4ec3003c95c7ef4da31f04
tcn,mixed,17,bandpass_n20001_cV2_covariance_s0,phase2/results/predictions/full/mixed/tcn/seed_17/bandpass_n20001_cV2_covariance_s0.npz,76151,316010e3de0baf2f0d46a42475f29765caab5e99ba032bece684919cb1b22dbd
tcn,mixed,17,bandpass_n20001_cV3_independent_rms_s20,phase2/results/predictions/full/mixed/tcn/seed_17/bandpass_n20001_cV3_independent_rms_s20.npz,76433,b958fec472d7a0b465dc83687497e268a1e34d04007023b07e667a36b06e0fd1
tcn,mixed,17,bandpass_n20001_cV3_independent_rms_s15,phase2/results/predictions/full/mixed/tcn/seed_17/bandpass_n20001_cV3_independent_rms_s15.npz,76445,78f9fcd531d240f1de6ab39c7dac669c1be4508eeb2dedd954836ebfd6b4cea1
tcn,mixed,17,bandpass_n20001_cV3_independent_rms_s10,phase2/results/predictions/full/mixed/tcn/seed_17/bandpass_n20001_cV3_independent_rms_s10.npz,76434,64e899c424099e8fa14f6e2aa047a754389e13233b4e13a5425b7fe05bacc06c
tcn,mixed,17,bandpass_n20001_cV3_independent_rms_s5,phase2/results/predictions/full/mixed/tcn/seed_17/bandpass_n20001_cV3_independent_rms_s5.npz,76291,2fa27b1aa78c6ca576b9cf2ecf73f6a85c7006577ac7a7529991297f29f2792b
tcn,mixed,17,bandpass_n20001_cV3_independent_rms_s0,phase2/results/predictions/full/mixed/tcn/seed_17/bandpass_n20001_cV3_independent_rms_s0.npz,76076,847cd3e2123a2ce4b2ca95d315ff540e399c2c19ce96c0574fbfa1f86e77c152
tcn,mixed,17,bandpass_n20001_cV3_electrode_s20,phase2/results/predictions/full/mixed/tcn/seed_17/bandpass_n20001_cV3_electrode_s20.npz,76442,92e4c556ea86ae60f4b943e217342806681aba4e939cd240c0de8dcd87e300b2
tcn,mixed,17,bandpass_n20001_cV3_electrode_s15,phase2/results/predictions/full/mixed/tcn/seed_17/bandpass_n20001_cV3_electrode_s15.npz,76404,f8b698878c1d1e90397dc1e3dd7ff70ab26310a2369c7f59bc2ccbd74f9c017a
tcn,mixed,17,bandpass_n20001_cV3_electrode_s10,phase2/results/predictions/full/mixed/tcn/seed_17/bandpass_n20001_cV3_electrode_s10.npz,76392,11f88cf52f8bd1e86584be8fbff684b0fbe448fd4111eb406947ddae0f385fb5
tcn,mixed,17,bandpass_n20001_cV3_electrode_s5,phase2/results/predictions/full/mixed/tcn/seed_17/bandpass_n20001_cV3_electrode_s5.npz,76333,042d1c26c09c1c0acdccc72134d85ac540dd3c68edbf0bab04ec57e5fc297e14
tcn,mixed,17,bandpass_n20001_cV3_electrode_s0,phase2/results/predictions/full/mixed/tcn/seed_17/bandpass_n20001_cV3_electrode_s0.npz,76036,a784a386528f8a1557b46930de13b4bb855ee07f619f0df1726aa020a71cc350
tcn,mixed,17,bandpass_n20001_cV3_covariance_s20,phase2/results/predictions/full/mixed/tcn/seed_17/bandpass_n20001_cV3_covariance_s20.npz,76446,180b0841b5fc661cdca15d23c74cc4b512e50c0894bc84d195e4d30224fe3b4f
tcn,mixed,17,bandpass_n20001_cV3_covariance_s15,phase2/results/predictions/full/mixed/tcn/seed_17/bandpass_n20001_cV3_covariance_s15.npz,76430,848615ccdebabe3029af646af9245369215cb39ff983ad8d939b7cd9befa5dfa
tcn,mixed,17,bandpass_n20001_cV3_covariance_s10,phase2/results/predictions/full/mixed/tcn/seed_17/bandpass_n20001_cV3_covariance_s10.npz,76408,f209a8b9f397519d3566efdc05f5445cd697480cd31ab9ba8c9ceab548c704c4
tcn,mixed,17,bandpass_n20001_cV3_covariance_s5,phase2/results/predictions/full/mixed/tcn/seed_17/bandpass_n20001_cV3_covariance_s5.npz,76293,4882773a2540aa0db5933b15a53c7d9c8029ac85a271969357015d9643c42e03
tcn,mixed,17,bandpass_n20001_cV3_covariance_s0,phase2/results/predictions/full/mixed/tcn/seed_17/bandpass_n20001_cV3_covariance_s0.npz,76033,91136fe3d909018de6b9a5cf1e19dc89378640a4d7aeee775f92da206d3b144f
tcn,mixed,17,bandpass_n20001_cV4_independent_rms_s20,phase2/results/predictions/full/mixed/tcn/seed_17/bandpass_n20001_cV4_independent_rms_s20.npz,76439,f6b2dab74f6b025979934afcda05ae980b6097a95069807bd3791cbf2f7fc9a2
tcn,mixed,17,bandpass_n20001_cV4_independent_rms_s15,phase2/results/predictions/full/mixed/tcn/seed_17/bandpass_n20001_cV4_independent_rms_s15.npz,76427,ff86963b0954d2f437bf0e75c14318926ebe66f16868dfa2fc7d02ae25f4fda9
tcn,mixed,17,bandpass_n20001_cV4_independent_rms_s10,phase2/results/predictions/full/mixed/tcn/seed_17/bandpass_n20001_cV4_independent_rms_s10.npz,76437,7d2972db161aba17c2bde40d40366a24efe1c8c5c52fea8af0f9bedeb43b92be
tcn,mixed,17,bandpass_n20001_cV4_independent_rms_s5,phase2/results/predictions/full/mixed/tcn/seed_17/bandpass_n20001_cV4_independent_rms_s5.npz,76398,69b47bf6b5bdec667be4bc634bee22df42d2ae1c28770863047468de9b12fad9
tcn,mixed,17,bandpass_n20001_cV4_independent_rms_s0,phase2/results/predictions/full/mixed/tcn/seed_17/bandpass_n20001_cV4_independent_rms_s0.npz,76350,82e67ed592a67583c241ab074ca7d9aea634bee04daf2016ca0f7ad48e3db929
tcn,mixed,17,bandpass_n20001_cV4_electrode_s20,phase2/results/predictions/full/mixed/tcn/seed_17/bandpass_n20001_cV4_electrode_s20.npz,76452,e0587f9e26a8d8e7efd85b18ffbf4290c5545049def03bf9e7902a92cc0e27f3
tcn,mixed,17,bandpass_n20001_cV4_electrode_s15,phase2/results/predictions/full/mixed/tcn/seed_17/bandpass_n20001_cV4_electrode_s15.npz,76452,e52107eb6b3bae1d119c374fa77efb3f71a835a9094e49d478ae40c643a22e5e
tcn,mixed,17,bandpass_n20001_cV4_electrode_s10,phase2/results/predictions/full/mixed/tcn/seed_17/bandpass_n20001_cV4_electrode_s10.npz,76448,cc16f6627384ec3bfaf8280b0cb5f1ec00bc38e0ed9fea4f4eacf90018ccb8ba
tcn,mixed,17,bandpass_n20001_cV4_electrode_s5,phase2/results/predictions/full/mixed/tcn/seed_17/bandpass_n20001_cV4_electrode_s5.npz,76380,eab71e94d147ca1f452a451d24f09037f72472d3354921a8aa789226f6da4d99
tcn,mixed,17,bandpass_n20001_cV4_electrode_s0,phase2/results/predictions/full/mixed/tcn/seed_17/bandpass_n20001_cV4_electrode_s0.npz,76313,9e3c186da8e51c9ff960eb55faa74f9ddc253533c8febf966c2a974a4932aa4b
tcn,mixed,17,bandpass_n20001_cV4_covariance_s20,phase2/results/predictions/full/mixed/tcn/seed_17/bandpass_n20001_cV4_covariance_s20.npz,76432,74bdb3c9f4f98110734c38b0c2e3cd4c082a54d826ecaa66faf47314b786a25c
tcn,mixed,17,bandpass_n20001_cV4_covariance_s15,phase2/results/predictions/full/mixed/tcn/seed_17/bandpass_n20001_cV4_covariance_s15.npz,76445,cc18a3fddffa950f02751d7fd600003c1a780280a4ee4f24dbe1efdac2d9e883
tcn,mixed,17,bandpass_n20001_cV4_covariance_s10,phase2/results/predictions/full/mixed/tcn/seed_17/bandpass_n20001_cV4_covariance_s10.npz,76417,3c96981fe470040e53d0973f27606de789ec5c4b62365c1cf85b2160e638f7dd
tcn,mixed,17,bandpass_n20001_cV4_covariance_s5,phase2/results/predictions/full/mixed/tcn/seed_17/bandpass_n20001_cV4_covariance_s5.npz,76395,26736f84bb481e94755321b4729780e738072fe52d7347738f150533452897f5
tcn,mixed,17,bandpass_n20001_cV4_covariance_s0,phase2/results/predictions/full/mixed/tcn/seed_17/bandpass_n20001_cV4_covariance_s0.npz,76295,b7e9a812a87c599a819dc11365a53802f8bff955362f32365d7bb5b99cac0739
tcn,mixed,17,bandpass_n20001_cV5_independent_rms_s20,phase2/results/predictions/full/mixed/tcn/seed_17/bandpass_n20001_cV5_independent_rms_s20.npz,76454,a9d8524f73d4605f278e4eb67575b6c28783ec3bbe8679831fd6b422d799760e
tcn,mixed,17,bandpass_n20001_cV5_independent_rms_s15,phase2/results/predictions/full/mixed/tcn/seed_17/bandpass_n20001_cV5_independent_rms_s15.npz,76441,7fc8f0f8f9edd4fd4e80abcecb687de81509f6a3883b61f527612fc9cf72d571
tcn,mixed,17,bandpass_n20001_cV5_independent_rms_s10,phase2/results/predictions/full/mixed/tcn/seed_17/bandpass_n20001_cV5_independent_rms_s10.npz,76379,8b42d7cea4cc2b6f81434f2532b4d2b2ecf1ad6f2ed858c5249edd10709d0800
tcn,mixed,17,bandpass_n20001_cV5_independent_rms_s5,phase2/results/predictions/full/mixed/tcn/seed_17/bandpass_n20001_cV5_independent_rms_s5.npz,76303,fd2c9bf5f0a19b2a2482cfe293427adfc106f4991fdf884f2ddd3446127f3f00
tcn,mixed,17,bandpass_n20001_cV5_independent_rms_s0,phase2/results/predictions/full/mixed/tcn/seed_17/bandpass_n20001_cV5_independent_rms_s0.npz,76065,d2c7b59dfacd95fa8360e12ae9035a120bb41894c1bd0642184d56b2a05223a6
tcn,mixed,17,bandpass_n20001_cV5_electrode_s20,phase2/results/predictions/full/mixed/tcn/seed_17/bandpass_n20001_cV5_electrode_s20.npz,76423,a9b9dda4440c7b1f1310433b0db849648891741fa1e9e30fa247a9617df3dd56
tcn,mixed,17,bandpass_n20001_cV5_electrode_s15,phase2/results/predictions/full/mixed/tcn/seed_17/bandpass_n20001_cV5_electrode_s15.npz,76423,91cdcb9288fda669082204857a66e025d26731450f1fe707c0d4d190169dd863
tcn,mixed,17,bandpass_n20001_cV5_electrode_s10,phase2/results/predictions/full/mixed/tcn/seed_17/bandpass_n20001_cV5_electrode_s10.npz,76384,93f337e3a7cc95ce5a2b1519aae6e732f556ad7aa0f549598c2008edaaf915a9
tcn,mixed,17,bandpass_n20001_cV5_electrode_s5,phase2/results/predictions/full/mixed/tcn/seed_17/bandpass_n20001_cV5_electrode_s5.npz,76331,ac48c1a8cc893fe1e5bfdb7c0bca582a88da0d961cbbe39197b075f724a9e4dd
tcn,mixed,17,bandpass_n20001_cV5_electrode_s0,phase2/results/predictions/full/mixed/tcn/seed_17/bandpass_n20001_cV5_electrode_s0.npz,76095,848fb990f64fab17a70d423a7a6744f9777cfee48b534172e0adeca179218393
tcn,mixed,17,bandpass_n20001_cV5_covariance_s20,phase2/results/predictions/full/mixed/tcn/seed_17/bandpass_n20001_cV5_covariance_s20.npz,76436,9dc4f97ed608a04b66117857a17fae828dc79f19cc90846b77c5f183f54a0378
tcn,mixed,17,bandpass_n20001_cV5_covariance_s15,phase2/results/predictions/full/mixed/tcn/seed_17/bandpass_n20001_cV5_covariance_s15.npz,76437,0be0fceae16b43e118f5a53f61146bf71b351f18c27f2aaca0662a6a3d2c8ce6
tcn,mixed,17,bandpass_n20001_cV5_covariance_s10,phase2/results/predictions/full/mixed/tcn/seed_17/bandpass_n20001_cV5_covariance_s10.npz,76384,0d094debf3c538005c2b789af8342f5497ac67fb65b7dbfc06ae016ff5404f26
tcn,mixed,17,bandpass_n20001_cV5_covariance_s5,phase2/results/predictions/full/mixed/tcn/seed_17/bandpass_n20001_cV5_covariance_s5.npz,76292,b0b3b2e6a66b52bef073f17349de88392d6a493f45b022580eebcf38ddb9a1f1
tcn,mixed,17,bandpass_n20001_cV5_covariance_s0,phase2/results/predictions/full/mixed/tcn/seed_17/bandpass_n20001_cV5_covariance_s0.npz,76084,98c283215a5bdf9782a6f552e53258d602f8a95e4bc0f9961998a9edd5a0ffb8
tcn,mixed,17,bandpass_n20001_cV6_independent_rms_s20,phase2/results/predictions/full/mixed/tcn/seed_17/bandpass_n20001_cV6_independent_rms_s20.npz,76421,198c2ca930d04ae21616bf597c8c220309c674fb958c3228e9c07725a91dad84
tcn,mixed,17,bandpass_n20001_cV6_independent_rms_s15,phase2/results/predictions/full/mixed/tcn/seed_17/bandpass_n20001_cV6_independent_rms_s15.npz,76445,a273b638ec4dfe28297ac0573efe8c250f381754ba0a5405c41f30ae7627df82
tcn,mixed,17,bandpass_n20001_cV6_independent_rms_s10,phase2/results/predictions/full/mixed/tcn/seed_17/bandpass_n20001_cV6_independent_rms_s10.npz,76402,851c3292acd85e0ed1c354ca8f294be8ee8adfb65380db291ea50733c38cc0d2
tcn,mixed,17,bandpass_n20001_cV6_independent_rms_s5,phase2/results/predictions/full/mixed/tcn/seed_17/bandpass_n20001_cV6_independent_rms_s5.npz,76296,c5b3410d3f696212ab6fe6c59888a9f75b15224d0144a1e348ee76383a2fd0f5
tcn,mixed,17,bandpass_n20001_cV6_independent_rms_s0,phase2/results/predictions/full/mixed/tcn/seed_17/bandpass_n20001_cV6_independent_rms_s0.npz,76039,89dd66eb151fb3d0c1f054003d0b31e1665ff812b45bec87007358c90d8cdfa8
tcn,mixed,17,bandpass_n20001_cV6_electrode_s20,phase2/results/predictions/full/mixed/tcn/seed_17/bandpass_n20001_cV6_electrode_s20.npz,76434,9cbba6d8a32e23cae690160d90f243adbef9f616daf2a2a1185863b7f137e7ec
tcn,mixed,17,bandpass_n20001_cV6_electrode_s15,phase2/results/predictions/full/mixed/tcn/seed_17/bandpass_n20001_cV6_electrode_s15.npz,76430,afd7c2fb2c0048464855a1fb45d3e9b8efbd27538eb3265ecefbb62e1c0fddfd
tcn,mixed,17,bandpass_n20001_cV6_electrode_s10,phase2/results/predictions/full/mixed/tcn/seed_17/bandpass_n20001_cV6_electrode_s10.npz,76408,4154d1357e3b7f34cc4726d5020617407792e2fbed34be892ccd41f6d02a472f
tcn,mixed,17,bandpass_n20001_cV6_electrode_s5,phase2/results/predictions/full/mixed/tcn/seed_17/bandpass_n20001_cV6_electrode_s5.npz,76248,69679c6386a63fd883d9535196d4b4fcd0c6f1e9a32c52aee7aec671210ab0bc
tcn,mixed,17,bandpass_n20001_cV6_electrode_s0,phase2/results/predictions/full/mixed/tcn/seed_17/bandpass_n20001_cV6_electrode_s0.npz,75997,d316c67efd972908368f65524de63a10b9d12fa232fc69242c082d26cd0db9cf
tcn,mixed,17,bandpass_n20001_cV6_covariance_s20,phase2/results/predictions/full/mixed/tcn/seed_17/bandpass_n20001_cV6_covariance_s20.npz,76434,5b3d4caf32aa2a766972e2e7d091ea33bac2fa4a7f52adf048a6a807e8fb609e
tcn,mixed,17,bandpass_n20001_cV6_covariance_s15,phase2/results/predictions/full/mixed/tcn/seed_17/bandpass_n20001_cV6_covariance_s15.npz,76434,7b1b3c3d425b732e276c5329b4195faf688839e66d3069c81b08b6852e3061f4
tcn,mixed,17,bandpass_n20001_cV6_covariance_s10,phase2/results/predictions/full/mixed/tcn/seed_17/bandpass_n20001_cV6_covariance_s10.npz,76419,c1777d6028ff9156c41c528e67ffbc5dfff3ddf6c6e371b90f1362398eeb9c41
tcn,mixed,17,bandpass_n20001_cV6_covariance_s5,phase2/results/predictions/full/mixed/tcn/seed_17/bandpass_n20001_cV6_covariance_s5.npz,76326,cad25ad274a8bd0d4c7f89a0fb870d3d47933ed8d2067c36007544ed895a10ac
tcn,mixed,17,bandpass_n20001_cV6_covariance_s0,phase2/results/predictions/full/mixed/tcn/seed_17/bandpass_n20001_cV6_covariance_s0.npz,76045,e197b298603da9a40444729cfe86b6df5d76f0a28360e38c7c2f668eb819d4f2
tcn,mixed,17,bandpass_n20001_cRA_LA_independent_rms_s20,phase2/results/predictions/full/mixed/tcn/seed_17/bandpass_n20001_cRA_LA_independent_rms_s20.npz,76471,23fa65472f73757bd8f3db1c7950ae4fa88922f263bdcbf25dae5bb4e2954689
tcn,mixed,17,bandpass_n20001_cRA_LA_independent_rms_s15,phase2/results/predictions/full/mixed/tcn/seed_17/bandpass_n20001_cRA_LA_independent_rms_s15.npz,76468,f21c4c4aba0663199b861a35e92c2622b47e90a649ca9b67c9f047a658414676
tcn,mixed,17,bandpass_n20001_cRA_LA_independent_rms_s10,phase2/results/predictions/full/mixed/tcn/seed_17/bandpass_n20001_cRA_LA_independent_rms_s10.npz,76425,f845697a1a8dad6e37b480ba1da9860dbba6159b2d8a0e7ad3f7f79a11551637
tcn,mixed,17,bandpass_n20001_cRA_LA_independent_rms_s5,phase2/results/predictions/full/mixed/tcn/seed_17/bandpass_n20001_cRA_LA_independent_rms_s5.npz,76301,f8e06ee1f32d3f6fe1e16128c6115ee1db6d1012e630bec4ba40c50fad0a9af7
tcn,mixed,17,bandpass_n20001_cRA_LA_independent_rms_s0,phase2/results/predictions/full/mixed/tcn/seed_17/bandpass_n20001_cRA_LA_independent_rms_s0.npz,75984,3259882ee373d44337f987013b6d6b8f1b8880fed52ccc9e0ef5e3ae9c7c7cf2
tcn,mixed,17,bandpass_n20001_cRA_LA_electrode_s20,phase2/results/predictions/full/mixed/tcn/seed_17/bandpass_n20001_cRA_LA_electrode_s20.npz,76422,2a348322dbc7d1786af804722048a16bd38677132d1204601cd5ec3eda71c158
tcn,mixed,17,bandpass_n20001_cRA_LA_electrode_s15,phase2/results/predictions/full/mixed/tcn/seed_17/bandpass_n20001_cRA_LA_electrode_s15.npz,76413,cdd2ecf9e9e580f304d4ab67ab62cad467010886ec78ac00ad427255b8a5cda5
tcn,mixed,17,bandpass_n20001_cRA_LA_electrode_s10,phase2/results/predictions/full/mixed/tcn/seed_17/bandpass_n20001_cRA_LA_electrode_s10.npz,76335,f68fee320f4e4e3d1e96f315d558d43fae3053a08d5722095fed4d23aa499c1d
tcn,mixed,17,bandpass_n20001_cRA_LA_electrode_s5,phase2/results/predictions/full/mixed/tcn/seed_17/bandpass_n20001_cRA_LA_electrode_s5.npz,76177,e1428565079d00767b30dc5990298cb7abc8bdb995ca4587925e51ad9f5415b2
tcn,mixed,17,bandpass_n20001_cRA_LA_electrode_s0,phase2/results/predictions/full/mixed/tcn/seed_17/bandpass_n20001_cRA_LA_electrode_s0.npz,75697,a80eec184640aadb89ad46327e409f46eb764752f6c5594090941631ec64ed30
tcn,mixed,17,bandpass_n20001_cRA_LA_covariance_s20,phase2/results/predictions/full/mixed/tcn/seed_17/bandpass_n20001_cRA_LA_covariance_s20.npz,76428,c791ea007086439125f94a7756ddc49d1ac5633d8daa9b1b3f6894b67bd24af6
tcn,mixed,17,bandpass_n20001_cRA_LA_covariance_s15,phase2/results/predictions/full/mixed/tcn/seed_17/bandpass_n20001_cRA_LA_covariance_s15.npz,76410,4fc1b4a00a3165649431fef29fd9a7a65b39b5464a926af742c127754d81231a
tcn,mixed,17,bandpass_n20001_cRA_LA_covariance_s10,phase2/results/predictions/full/mixed/tcn/seed_17/bandpass_n20001_cRA_LA_covariance_s10.npz,76323,389f479c32258cc5decba465d55f00e61b5b6595db4d57220ae467ab30d9b525
tcn,mixed,17,bandpass_n20001_cRA_LA_covariance_s5,phase2/results/predictions/full/mixed/tcn/seed_17/bandpass_n20001_cRA_LA_covariance_s5.npz,76151,52c1554aa3150e2327f6a582da0ca20f78ae65f27999bdfea245c14c4a1ee1c3
tcn,mixed,17,bandpass_n20001_cRA_LA_covariance_s0,phase2/results/predictions/full/mixed/tcn/seed_17/bandpass_n20001_cRA_LA_covariance_s0.npz,75723,0de08f7dd05a9a1eda5762153e5576ad7d274a64181db4e1bb108bbd53365b28
tcn,mixed,17,bandpass_n20001_cLA_LL_independent_rms_s20,phase2/results/predictions/full/mixed/tcn/seed_17/bandpass_n20001_cLA_LL_independent_rms_s20.npz,76451,7504198bd1d66587ac1522547f0b922e8da5e67c4f6249c107a36938c11f84cd
tcn,mixed,17,bandpass_n20001_cLA_LL_independent_rms_s15,phase2/results/predictions/full/mixed/tcn/seed_17/bandpass_n20001_cLA_LL_independent_rms_s15.npz,76452,eb4fc9e1a6deff42f97d9da146f017e6baa7b9ba597acb20003e47f5ca66dce0
tcn,mixed,17,bandpass_n20001_cLA_LL_independent_rms_s10,phase2/results/predictions/full/mixed/tcn/seed_17/bandpass_n20001_cLA_LL_independent_rms_s10.npz,76396,e2edbc4420fdf636f373f58205694174631f0a34eb7109533769ebd57a0c4df0
tcn,mixed,17,bandpass_n20001_cLA_LL_independent_rms_s5,phase2/results/predictions/full/mixed/tcn/seed_17/bandpass_n20001_cLA_LL_independent_rms_s5.npz,76299,a08bb848d07c44757f3fb0a11d95c9a16017e71b4a6c03b60f5e2fa649c92332
tcn,mixed,17,bandpass_n20001_cLA_LL_independent_rms_s0,phase2/results/predictions/full/mixed/tcn/seed_17/bandpass_n20001_cLA_LL_independent_rms_s0.npz,75952,222d9bc633d55f9a314b258f274ed2edb122ea0227a698ed37f7ebf42046b363
tcn,mixed,17,bandpass_n20001_cLA_LL_electrode_s20,phase2/results/predictions/full/mixed/tcn/seed_17/bandpass_n20001_cLA_LL_electrode_s20.npz,76448,201a5784c16a7144b224b937af63f6249254c2b8c564942ce1e27aadb4083a8c
tcn,mixed,17,bandpass_n20001_cLA_LL_electrode_s15,phase2/results/predictions/full/mixed/tcn/seed_17/bandpass_n20001_cLA_LL_electrode_s15.npz,76447,9599efc4178c920186254cf978902febf993ba7817b01d5cb63e4e76681fa707
tcn,mixed,17,bandpass_n20001_cLA_LL_electrode_s10,phase2/results/predictions/full/mixed/tcn/seed_17/bandpass_n20001_cLA_LL_electrode_s10.npz,76357,331a6dec70aad9b408e2b4ccb7c7a81a96ba5685af09c5b08fba946c70406f0b
tcn,mixed,17,bandpass_n20001_cLA_LL_electrode_s5,phase2/results/predictions/full/mixed/tcn/seed_17/bandpass_n20001_cLA_LL_electrode_s5.npz,76215,84bc62f0b1fb0ca4d3ed75f54b704deaf187682b6c5be7cc96c636d10cdc2bc1
tcn,mixed,17,bandpass_n20001_cLA_LL_electrode_s0,phase2/results/predictions/full/mixed/tcn/seed_17/bandpass_n20001_cLA_LL_electrode_s0.npz,75786,3886e702d5fb4db6f0e2b92c479b2c90cc85be977d30e4533943aafe977ff3d4
tcn,mixed,17,bandpass_n20001_cLA_LL_covariance_s20,phase2/results/predictions/full/mixed/tcn/seed_17/bandpass_n20001_cLA_LL_covariance_s20.npz,76446,4c7da994e5c731af9d54c391ba431227cdd6556071ab417b59d4bfa993a947fd
tcn,mixed,17,bandpass_n20001_cLA_LL_covariance_s15,phase2/results/predictions/full/mixed/tcn/seed_17/bandpass_n20001_cLA_LL_covariance_s15.npz,76433,d5d8d9ebde31ec581e1069fe3fc359cd524c0bd4788ddde9bae3d8dd633516e4
tcn,mixed,17,bandpass_n20001_cLA_LL_covariance_s10,phase2/results/predictions/full/mixed/tcn/seed_17/bandpass_n20001_cLA_LL_covariance_s10.npz,76360,7a35e5fc25bbc9db45b39210c6467fdc813e658f5eb37b2b68869e9ef596f13e
tcn,mixed,17,bandpass_n20001_cLA_LL_covariance_s5,phase2/results/predictions/full/mixed/tcn/seed_17/bandpass_n20001_cLA_LL_covariance_s5.npz,76211,c5ead6cbd5ebe010b8eafa904ff6fedb8a8c975045949b21978d1032ee68ce0d
tcn,mixed,17,bandpass_n20001_cLA_LL_covariance_s0,phase2/results/predictions/full/mixed/tcn/seed_17/bandpass_n20001_cLA_LL_covariance_s0.npz,75789,aa673c92968259e852a683672e9331f856967942e08552f20bc7c9d0b53aa923
tcn,mixed,17,bandpass_n20001_cRA_LL_independent_rms_s20,phase2/results/predictions/full/mixed/tcn/seed_17/bandpass_n20001_cRA_LL_independent_rms_s20.npz,76437,476c8eb25db00e25fbe06b8d875a5f70da307f1d424341e4e083d80203a926c0
tcn,mixed,17,bandpass_n20001_cRA_LL_independent_rms_s15,phase2/results/predictions/full/mixed/tcn/seed_17/bandpass_n20001_cRA_LL_independent_rms_s15.npz,76436,e865f163cf6deb6b18acb291ed83b94e74715cfdf3f941024fc02b3b87cd80b9
tcn,mixed,17,bandpass_n20001_cRA_LL_independent_rms_s10,phase2/results/predictions/full/mixed/tcn/seed_17/bandpass_n20001_cRA_LL_independent_rms_s10.npz,76394,45d44efda8e9290f26de5040d70eb60808faf326f0d1d10403ef1e993ea38c57
tcn,mixed,17,bandpass_n20001_cRA_LL_independent_rms_s5,phase2/results/predictions/full/mixed/tcn/seed_17/bandpass_n20001_cRA_LL_independent_rms_s5.npz,76230,97146ebad1703451af796dd815b0f20fb7255396bb2a0aad3fd8c781eebedf0f
tcn,mixed,17,bandpass_n20001_cRA_LL_independent_rms_s0,phase2/results/predictions/full/mixed/tcn/seed_17/bandpass_n20001_cRA_LL_independent_rms_s0.npz,75931,f90da1c4daf1ce06b5dc989b70bc983d944e9f114ca7fdac2e6dc4e481903f32
tcn,mixed,17,bandpass_n20001_cRA_LL_electrode_s20,phase2/results/predictions/full/mixed/tcn/seed_17/bandpass_n20001_cRA_LL_electrode_s20.npz,76441,da853992a057914d2aea35218c187a2c64b69303456f3ad7bc60a0e04f541630
tcn,mixed,17,bandpass_n20001_cRA_LL_electrode_s15,phase2/results/predictions/full/mixed/tcn/seed_17/bandpass_n20001_cRA_LL_electrode_s15.npz,76383,dc1652c1a437b4b4894ab4b5b59543d9519dfce1bb3618b219679389c5fda110
tcn,mixed,17,bandpass_n20001_cRA_LL_electrode_s10,phase2/results/predictions/full/mixed/tcn/seed_17/bandpass_n20001_cRA_LL_electrode_s10.npz,76376,c7ef07b73718b3191faa25a6cc50205ea50e584f183a97a7165f01df2562f90c
tcn,mixed,17,bandpass_n20001_cRA_LL_electrode_s5,phase2/results/predictions/full/mixed/tcn/seed_17/bandpass_n20001_cRA_LL_electrode_s5.npz,76180,b1bf8ca1476de1755337536f568cbf89bfb34a1195887ef2fdd006544d1ff678
tcn,mixed,17,bandpass_n20001_cRA_LL_electrode_s0,phase2/results/predictions/full/mixed/tcn/seed_17/bandpass_n20001_cRA_LL_electrode_s0.npz,75710,ca81243b160e555baf4badcc77afeb8b194c212d0058ae254e7150ae1bfe27b2
tcn,mixed,17,bandpass_n20001_cRA_LL_covariance_s20,phase2/results/predictions/full/mixed/tcn/seed_17/bandpass_n20001_cRA_LL_covariance_s20.npz,76435,c3d36b2977e31312a23b800b80aaaf5c71ea1e63b6a046ae496045b365cf0704
tcn,mixed,17,bandpass_n20001_cRA_LL_covariance_s15,phase2/results/predictions/full/mixed/tcn/seed_17/bandpass_n20001_cRA_LL_covariance_s15.npz,76442,999dff278198d5e4264d001b76bb05844aaad2350c89bba1e24e9020242ce3af
tcn,mixed,17,bandpass_n20001_cRA_LL_covariance_s10,phase2/results/predictions/full/mixed/tcn/seed_17/bandpass_n20001_cRA_LL_covariance_s10.npz,76386,bb7c35d81f1d0fa87432ee6dfe1e03c380f55ca72b20cffe6cac387abf02f474
tcn,mixed,17,bandpass_n20001_cRA_LL_covariance_s5,phase2/results/predictions/full/mixed/tcn/seed_17/bandpass_n20001_cRA_LL_covariance_s5.npz,76188,0c6ff9d04a59a7213cbb7ae38e67895c63e310e3222d8f94386498a02baf519d
tcn,mixed,17,bandpass_n20001_cRA_LL_covariance_s0,phase2/results/predictions/full/mixed/tcn/seed_17/bandpass_n20001_cRA_LL_covariance_s0.npz,75698,dfeab9af35723ee87b566a533cfd4c9cb72add61e3ca9216c45cc972521e458b
tcn,mixed,17,bandpass_n20001_cRA_independent_rms_s20,phase2/results/predictions/full/mixed/tcn/seed_17/bandpass_n20001_cRA_independent_rms_s20.npz,76444,332df976a0d23205fec1650523bd510bb5bbd25fb793313211db86fe0ab85907
tcn,mixed,17,bandpass_n20001_cRA_independent_rms_s15,phase2/results/predictions/full/mixed/tcn/seed_17/bandpass_n20001_cRA_independent_rms_s15.npz,76441,c5e5bd19499be09fddc060efeec8fe8e92ef660b4f76094f3570db43c2a1301c
tcn,mixed,17,bandpass_n20001_cRA_independent_rms_s10,phase2/results/predictions/full/mixed/tcn/seed_17/bandpass_n20001_cRA_independent_rms_s10.npz,76366,39d1643eda8faac2ad0609be604da80dce5e56127efd6eeba560fd5869cb9ee6
tcn,mixed,17,bandpass_n20001_cRA_independent_rms_s5,phase2/results/predictions/full/mixed/tcn/seed_17/bandpass_n20001_cRA_independent_rms_s5.npz,76266,7070641e9b9ac04d7e30b5144ec8dff0f05d97ab2ef850eb518ba82bc04b4991
tcn,mixed,17,bandpass_n20001_cRA_independent_rms_s0,phase2/results/predictions/full/mixed/tcn/seed_17/bandpass_n20001_cRA_independent_rms_s0.npz,75896,b79a035f9e405ee9653d42835c8e811a73570891b62501cfce5614e1b0e42ec3
tcn,mixed,17,bandpass_n20001_cRA_electrode_s20,phase2/results/predictions/full/mixed/tcn/seed_17/bandpass_n20001_cRA_electrode_s20.npz,76454,e6962d5e0311e65715b906ca1c738b20dc9b265e38079b7df32483db29499115
tcn,mixed,17,bandpass_n20001_cRA_electrode_s15,phase2/results/predictions/full/mixed/tcn/seed_17/bandpass_n20001_cRA_electrode_s15.npz,76396,92a8a19b034511771944c57ad6bb9fac6bc60080ccbef506138e2f12ab433f53
tcn,mixed,17,bandpass_n20001_cRA_electrode_s10,phase2/results/predictions/full/mixed/tcn/seed_17/bandpass_n20001_cRA_electrode_s10.npz,76355,7bb93723a055ba3281bb24a0ca041299bd227c898c71e59cbd5999623bfc25f6
tcn,mixed,17,bandpass_n20001_cRA_electrode_s5,phase2/results/predictions/full/mixed/tcn/seed_17/bandpass_n20001_cRA_electrode_s5.npz,76153,904d3ff84a8a5ca866ee8a7b167280a814a0ae4c912cf7f05f2f9e2ebadd9b0c
tcn,mixed,17,bandpass_n20001_cRA_electrode_s0,phase2/results/predictions/full/mixed/tcn/seed_17/bandpass_n20001_cRA_electrode_s0.npz,75822,c9b5ff82df424377b3f275f6d9efa608cb3ea346ef148953a603f95c846065e8
tcn,mixed,17,bandpass_n20001_cRA_covariance_s20,phase2/results/predictions/full/mixed/tcn/seed_17/bandpass_n20001_cRA_covariance_s20.npz,76437,bdd53ae04da21c501768d53fa7fadb1d882a2520889ff492df1e7945ab4a431a
tcn,mixed,17,bandpass_n20001_cRA_covariance_s15,phase2/results/predictions/full/mixed/tcn/seed_17/bandpass_n20001_cRA_covariance_s15.npz,76396,84a20ff07a6de3b42a4e9479fc763d4c22222a2ff4bf86a4676534d846d2a071
tcn,mixed,17,bandpass_n20001_cRA_covariance_s10,phase2/results/predictions/full/mixed/tcn/seed_17/bandpass_n20001_cRA_covariance_s10.npz,76309,1aea8e47f64f7afc1731298e381f8580cda48f6caf08e9bab9a25aea4edac392
tcn,mixed,17,bandpass_n20001_cRA_covariance_s5,phase2/results/predictions/full/mixed/tcn/seed_17/bandpass_n20001_cRA_covariance_s5.npz,76144,37e27e892a9c5fe172d95a1850396a17974766cc7ea5171a26469aa3e250352f
tcn,mixed,17,bandpass_n20001_cRA_covariance_s0,phase2/results/predictions/full/mixed/tcn/seed_17/bandpass_n20001_cRA_covariance_s0.npz,75781,bedf8a4cbff0ca19b405545956c9b8c18b87d0412a47957e2a2d43d90e832974
tcn,mixed,17,bandpass_n20001_cLA_independent_rms_s20,phase2/results/predictions/full/mixed/tcn/seed_17/bandpass_n20001_cLA_independent_rms_s20.npz,76459,635452982831dc8a3a166204d22e4154b7a8781ba15de0fa4f3e8dadc737c562
tcn,mixed,17,bandpass_n20001_cLA_independent_rms_s15,phase2/results/predictions/full/mixed/tcn/seed_17/bandpass_n20001_cLA_independent_rms_s15.npz,76441,766ead7ad29c36c839d31dc592908f089157ba337aa8be37b4c5b51045f47902
tcn,mixed,17,bandpass_n20001_cLA_independent_rms_s10,phase2/results/predictions/full/mixed/tcn/seed_17/bandpass_n20001_cLA_independent_rms_s10.npz,76403,d42ea339eeb6bdcc2780f842fa565c71accaefd046409b7bea47dd4791291a10
tcn,mixed,17,bandpass_n20001_cLA_independent_rms_s5,phase2/results/predictions/full/mixed/tcn/seed_17/bandpass_n20001_cLA_independent_rms_s5.npz,76322,a313d3a542aae1a834afee8c5b5836cab94abaaa18cb7ef69608fb924f74ea2a
tcn,mixed,17,bandpass_n20001_cLA_independent_rms_s0,phase2/results/predictions/full/mixed/tcn/seed_17/bandpass_n20001_cLA_independent_rms_s0.npz,76049,11d04b4b6b8d0f3d1579c4df96b86b86803917032091e8cb635b06538f70ae32
tcn,mixed,17,bandpass_n20001_cLA_electrode_s20,phase2/results/predictions/full/mixed/tcn/seed_17/bandpass_n20001_cLA_electrode_s20.npz,76445,4f36722acad1e2c1c07f9bcdf598abbaedbd595e4056e4d12cec4c9ef7f08259
tcn,mixed,17,bandpass_n20001_cLA_electrode_s15,phase2/results/predictions/full/mixed/tcn/seed_17/bandpass_n20001_cLA_electrode_s15.npz,76440,393bbbacbc9288fbd2f2774048d5bd80890c9104f5c7d8f53412a02f7bea2562
tcn,mixed,17,bandpass_n20001_cLA_electrode_s10,phase2/results/predictions/full/mixed/tcn/seed_17/bandpass_n20001_cLA_electrode_s10.npz,76346,8c9a0ce913c731667681cd79524bb65976b52afc1967cdd99539129038854cc1
tcn,mixed,17,bandpass_n20001_cLA_electrode_s5,phase2/results/predictions/full/mixed/tcn/seed_17/bandpass_n20001_cLA_electrode_s5.npz,76212,38174221e473ae6ebd9cfda0fabacc6919d89706f9a31c3dc40b53dc7c7b264e
tcn,mixed,17,bandpass_n20001_cLA_electrode_s0,phase2/results/predictions/full/mixed/tcn/seed_17/bandpass_n20001_cLA_electrode_s0.npz,75800,c97381e5cefdf573a03860733ffbfd1bc1d20ab8ad55578643f2f9471b5da38b
tcn,mixed,17,bandpass_n20001_cLA_covariance_s20,phase2/results/predictions/full/mixed/tcn/seed_17/bandpass_n20001_cLA_covariance_s20.npz,76442,75839445b2548a713e80c0ff340211a9d40784d6db8a9c27baa131c95f97d81a
tcn,mixed,17,bandpass_n20001_cLA_covariance_s15,phase2/results/predictions/full/mixed/tcn/seed_17/bandpass_n20001_cLA_covariance_s15.npz,76428,7391c4a9075be99550d6450694b12a4d04e497d97f05464ebc533b2197f4bfe0
tcn,mixed,17,bandpass_n20001_cLA_covariance_s10,phase2/results/predictions/full/mixed/tcn/seed_17/bandpass_n20001_cLA_covariance_s10.npz,76362,8a46cda7e0dc49f47b5462c50cbb47ac989c000220ebdfa4018fe957ca01de0e
tcn,mixed,17,bandpass_n20001_cLA_covariance_s5,phase2/results/predictions/full/mixed/tcn/seed_17/bandpass_n20001_cLA_covariance_s5.npz,76208,fcbf800f352b8a2dd9012f166c4616b928f51be46c4064685a19e381c16a1ecc
tcn,mixed,17,bandpass_n20001_cLA_covariance_s0,phase2/results/predictions/full/mixed/tcn/seed_17/bandpass_n20001_cLA_covariance_s0.npz,75812,1cf170fce4157fb763abd4f979fdfc2dc9dc126178b05f7fcedaf385c97d9fe8
tcn,mixed,17,bandpass_n20001_cLL_independent_rms_s20,phase2/results/predictions/full/mixed/tcn/seed_17/bandpass_n20001_cLL_independent_rms_s20.npz,76445,f478af3fd02d47a0027e8444c07a35477795f6f0dc7f3cc6c11cb9498b94c72e
tcn,mixed,17,bandpass_n20001_cLL_independent_rms_s15,phase2/results/predictions/full/mixed/tcn/seed_17/bandpass_n20001_cLL_independent_rms_s15.npz,76455,a7673c837a444440aeb3a05f77d7fb26da4f6d4498fb6c99c61d75013e6cab20
tcn,mixed,17,bandpass_n20001_cLL_independent_rms_s10,phase2/results/predictions/full/mixed/tcn/seed_17/bandpass_n20001_cLL_independent_rms_s10.npz,76387,8499a44e97c500a2aee36182c8824450305a10ce75b394668616d9c1dd84d87b
tcn,mixed,17,bandpass_n20001_cLL_independent_rms_s5,phase2/results/predictions/full/mixed/tcn/seed_17/bandpass_n20001_cLL_independent_rms_s5.npz,76245,45966836f078a015674b86bb4a25016688238b49dc67e95754b2af3de23415e6
tcn,mixed,17,bandpass_n20001_cLL_independent_rms_s0,phase2/results/predictions/full/mixed/tcn/seed_17/bandpass_n20001_cLL_independent_rms_s0.npz,75903,709095187e6f4e50eb62872dbfe32f08a4c318882b14226be4d24346ad9295dc
tcn,mixed,17,bandpass_n20001_cLL_electrode_s20,phase2/results/predictions/full/mixed/tcn/seed_17/bandpass_n20001_cLL_electrode_s20.npz,76460,e20ff806b6c9c8beb59fa32c3b174e6a38f819ced8d67c73aa167a429163bad3
tcn,mixed,17,bandpass_n20001_cLL_electrode_s15,phase2/results/predictions/full/mixed/tcn/seed_17/bandpass_n20001_cLL_electrode_s15.npz,76436,8efe3ca0daa5ccc7c09f87f8f4386f5e92a23b70d282cc730ea7588ed853f9e0
tcn,mixed,17,bandpass_n20001_cLL_electrode_s10,phase2/results/predictions/full/mixed/tcn/seed_17/bandpass_n20001_cLL_electrode_s10.npz,76373,b51714c13e031b6cc809dc99d50ff9f76978086b6eab5a539d227d135a49772d
tcn,mixed,17,bandpass_n20001_cLL_electrode_s5,phase2/results/predictions/full/mixed/tcn/seed_17/bandpass_n20001_cLL_electrode_s5.npz,76241,9a6a22df176aae144149634d53a485ed33e8d22875a86f169d0d43a2864b84af
tcn,mixed,17,bandpass_n20001_cLL_electrode_s0,phase2/results/predictions/full/mixed/tcn/seed_17/bandpass_n20001_cLL_electrode_s0.npz,75851,19d0c2333db7fa4af7389f354be37026a160c4bef6511152e719f1d72f352e00
tcn,mixed,17,bandpass_n20001_cLL_covariance_s20,phase2/results/predictions/full/mixed/tcn/seed_17/bandpass_n20001_cLL_covariance_s20.npz,76447,e83d7ce24e5043aafbcae17d0399ada3d20838157b80d71e1834dd4c4df0da79
tcn,mixed,17,bandpass_n20001_cLL_covariance_s15,phase2/results/predictions/full/mixed/tcn/seed_17/bandpass_n20001_cLL_covariance_s15.npz,76442,98f0b90b0af319ab72c03a72dc91df747bfc3b0bf8c5e79c685cc55e9addd1a7
tcn,mixed,17,bandpass_n20001_cLL_covariance_s10,phase2/results/predictions/full/mixed/tcn/seed_17/bandpass_n20001_cLL_covariance_s10.npz,76353,320943a04d07cdbbf95c9d1d652f766c120e0599ec492c4de2212b8dbaf847a7
tcn,mixed,17,bandpass_n20001_cLL_covariance_s5,phase2/results/predictions/full/mixed/tcn/seed_17/bandpass_n20001_cLL_covariance_s5.npz,76206,f0d290fdfbbf47109586e44d249a6e97971d0d8f05ba83dbe24024cd033b8f61
tcn,mixed,17,bandpass_n20001_cLL_covariance_s0,phase2/results/predictions/full/mixed/tcn/seed_17/bandpass_n20001_cLL_covariance_s0.npz,75819,c1ca7d3af11b8d3eb0da54047aba368b9d19657787b7c8835c2c8ac61a123389
tcn,mixed,17,bandpass_n20001_cRA_V1_independent_rms_s20,phase2/results/predictions/full/mixed/tcn/seed_17/bandpass_n20001_cRA_V1_independent_rms_s20.npz,76446,219c35da0a20d3d74c5c1f6a989eeca661be0c34185fb7be56f0bec27d0b67f3
tcn,mixed,17,bandpass_n20001_cRA_V1_independent_rms_s15,phase2/results/predictions/full/mixed/tcn/seed_17/bandpass_n20001_cRA_V1_independent_rms_s15.npz,76448,b4503d556e218c6bafacb9e85817ef60e431cd93f6efebe258c905cd6a3c051f
tcn,mixed,17,bandpass_n20001_cRA_V1_independent_rms_s10,phase2/results/predictions/full/mixed/tcn/seed_17/bandpass_n20001_cRA_V1_independent_rms_s10.npz,76397,ecb2d35860bce73c230c0ee855d1de5dcdb41bde8d502e71afdbc7d9ea018811
tcn,mixed,17,bandpass_n20001_cRA_V1_independent_rms_s5,phase2/results/predictions/full/mixed/tcn/seed_17/bandpass_n20001_cRA_V1_independent_rms_s5.npz,76300,b866c8e8f092283bcbeaccbf76151e79b3da50a509f7fc20202fa2448eaf202f
tcn,mixed,17,bandpass_n20001_cRA_V1_independent_rms_s0,phase2/results/predictions/full/mixed/tcn/seed_17/bandpass_n20001_cRA_V1_independent_rms_s0.npz,75916,3bcef51dd2c94a13e038e5d120726e5fa94979a043e1cad8ac404122b3c7eadd
tcn,mixed,17,bandpass_n20001_cRA_V1_electrode_s20,phase2/results/predictions/full/mixed/tcn/seed_17/bandpass_n20001_cRA_V1_electrode_s20.npz,76442,d709ec06f83c3a9c0fe7fe82e63500e1873b24823dae1590d982c1de32aeacfd
tcn,mixed,17,bandpass_n20001_cRA_V1_electrode_s15,phase2/results/predictions/full/mixed/tcn/seed_17/bandpass_n20001_cRA_V1_electrode_s15.npz,76433,2aea5e305dc988eff4bb622881f9d77be6e15cbf22a94dce5c6ee846bc87e5e8
tcn,mixed,17,bandpass_n20001_cRA_V1_electrode_s10,phase2/results/predictions/full/mixed/tcn/seed_17/bandpass_n20001_cRA_V1_electrode_s10.npz,76332,7a932f264dba7ec19d9129107b8e9e5d0e5dcc424764a86d15693fbe7f91b313
tcn,mixed,17,bandpass_n20001_cRA_V1_electrode_s5,phase2/results/predictions/full/mixed/tcn/seed_17/bandpass_n20001_cRA_V1_electrode_s5.npz,76214,3644f2e8157f4e8158c6bfa58ffe8430da0941dfdcad055af34425a32c5a8b62
tcn,mixed,17,bandpass_n20001_cRA_V1_electrode_s0,phase2/results/predictions/full/mixed/tcn/seed_17/bandpass_n20001_cRA_V1_electrode_s0.npz,75865,57adb88889656b8f62baa3371ec51229483e7237142aa60cd07e158ce76c27b6
tcn,mixed,17,bandpass_n20001_cRA_V1_covariance_s20,phase2/results/predictions/full/mixed/tcn/seed_17/bandpass_n20001_cRA_V1_covariance_s20.npz,76472,0a142a0e02e9ad274026b59e213425805b8247680bf379f15760dbcad048a8d1
tcn,mixed,17,bandpass_n20001_cRA_V1_covariance_s15,phase2/results/predictions/full/mixed/tcn/seed_17/bandpass_n20001_cRA_V1_covariance_s15.npz,76399,b5e35284450baa8db6b6f7f47fefcfc05627dc66944c22f6a35c9fefc02ee518
tcn,mixed,17,bandpass_n20001_cRA_V1_covariance_s10,phase2/results/predictions/full/mixed/tcn/seed_17/bandpass_n20001_cRA_V1_covariance_s10.npz,76379,aa19ea59ee4ed0ca370d6553d3c1f525f4f0c9f7f916f6c2ff1e1eeb8be720fc
tcn,mixed,17,bandpass_n20001_cRA_V1_covariance_s5,phase2/results/predictions/full/mixed/tcn/seed_17/bandpass_n20001_cRA_V1_covariance_s5.npz,76183,fbced0094f6765d5c9954ad3f98c0c92780210ed614bae0cdc986f4d6a8aa386
tcn,mixed,17,bandpass_n20001_cRA_V1_covariance_s0,phase2/results/predictions/full/mixed/tcn/seed_17/bandpass_n20001_cRA_V1_covariance_s0.npz,75881,6cee54fd6ee89bf1b87a0d4b51a778dee3979a891cbf60d4c8bf951a8902358f
tcn,mixed,17,bandpass_n20001_cLA_V6_independent_rms_s20,phase2/results/predictions/full/mixed/tcn/seed_17/bandpass_n20001_cLA_V6_independent_rms_s20.npz,76452,6e846ec5f74a8838a21c17a918665437731f1e79e021732c46ec05d779677a80
tcn,mixed,17,bandpass_n20001_cLA_V6_independent_rms_s15,phase2/results/predictions/full/mixed/tcn/seed_17/bandpass_n20001_cLA_V6_independent_rms_s15.npz,76438,1dd8685bd6cd6ca0a57a14b3bfb18817eab2ba970c4d864f13327b10ced194b1
tcn,mixed,17,bandpass_n20001_cLA_V6_independent_rms_s10,phase2/results/predictions/full/mixed/tcn/seed_17/bandpass_n20001_cLA_V6_independent_rms_s10.npz,76433,af85453bf69125940549389337236bc3f639f3e066d931f5a1c8e4d1d43c3342
tcn,mixed,17,bandpass_n20001_cLA_V6_independent_rms_s5,phase2/results/predictions/full/mixed/tcn/seed_17/bandpass_n20001_cLA_V6_independent_rms_s5.npz,76341,0d20e8ea894b1eed43f37fb8bc5c08e473cc2c7b35ac996612237b6f579a2e9b
tcn,mixed,17,bandpass_n20001_cLA_V6_independent_rms_s0,phase2/results/predictions/full/mixed/tcn/seed_17/bandpass_n20001_cLA_V6_independent_rms_s0.npz,76071,8753ba0895951af6f5dfd2b56b7c30c010519c881fb2e76fb33325443e7c75ba
tcn,mixed,17,bandpass_n20001_cLA_V6_electrode_s20,phase2/results/predictions/full/mixed/tcn/seed_17/bandpass_n20001_cLA_V6_electrode_s20.npz,76439,b5073d4cea58c7eb71b713a355e868ac7ed62650861267a875670bed83db1796
tcn,mixed,17,bandpass_n20001_cLA_V6_electrode_s15,phase2/results/predictions/full/mixed/tcn/seed_17/bandpass_n20001_cLA_V6_electrode_s15.npz,76458,6b81bafe2d283b34b351fada36d6702c6c1d2d7b790ff8ba02eac36d8eb00aca
tcn,mixed,17,bandpass_n20001_cLA_V6_electrode_s10,phase2/results/predictions/full/mixed/tcn/seed_17/bandpass_n20001_cLA_V6_electrode_s10.npz,76356,adbcde034f11b1b125e440d6dbdd33f26875ca3eb8c771b002a862ba8f4c42ec
tcn,mixed,17,bandpass_n20001_cLA_V6_electrode_s5,phase2/results/predictions/full/mixed/tcn/seed_17/bandpass_n20001_cLA_V6_electrode_s5.npz,76205,91c0361efd013dc5199a13d51286b4941ec0e62c827911d6c1ef0aa168d494e0
tcn,mixed,17,bandpass_n20001_cLA_V6_electrode_s0,phase2/results/predictions/full/mixed/tcn/seed_17/bandpass_n20001_cLA_V6_electrode_s0.npz,75857,fc2dead7acc37c9948d62eec130ca6529fece59c0bcf410728fa7525eb7f9bd5
tcn,mixed,17,bandpass_n20001_cLA_V6_covariance_s20,phase2/results/predictions/full/mixed/tcn/seed_17/bandpass_n20001_cLA_V6_covariance_s20.npz,76490,a5154db7974a4ca7f2be5ff51c54b859bbf2f6d23dd051fdb4a9c6e523fd01a2
tcn,mixed,17,bandpass_n20001_cLA_V6_covariance_s15,phase2/results/predictions/full/mixed/tcn/seed_17/bandpass_n20001_cLA_V6_covariance_s15.npz,76453,c92d74917e15972ff72e29a942bcdf0dca86903e3a4563134feb9ab603fd7908
tcn,mixed,17,bandpass_n20001_cLA_V6_covariance_s10,phase2/results/predictions/full/mixed/tcn/seed_17/bandpass_n20001_cLA_V6_covariance_s10.npz,76396,6909d49f26ad945a3a465b2cc9f92694d2b139b13a1a5b57c11ff63a12d5b077
tcn,mixed,17,bandpass_n20001_cLA_V6_covariance_s5,phase2/results/predictions/full/mixed/tcn/seed_17/bandpass_n20001_cLA_V6_covariance_s5.npz,76233,d8f668e7215ab1f3eb85741b562915e2a5476683a965b2cbdf2da9592b7bc298
tcn,mixed,17,bandpass_n20001_cLA_V6_covariance_s0,phase2/results/predictions/full/mixed/tcn/seed_17/bandpass_n20001_cLA_V6_covariance_s0.npz,75873,1ed97a483bafaba4b6cffc872308de346050ce5a9081f120dc7323088a2b3c6f
tcn,mixed,17,bandpass_n20001_cLL_V4_independent_rms_s20,phase2/results/predictions/full/mixed/tcn/seed_17/bandpass_n20001_cLL_V4_independent_rms_s20.npz,76439,ba8d1ab2291f9663ebedc17f64b695395fec85a648e6f8423cea55df997ac460
tcn,mixed,17,bandpass_n20001_cLL_V4_independent_rms_s15,phase2/results/predictions/full/mixed/tcn/seed_17/bandpass_n20001_cLL_V4_independent_rms_s15.npz,76476,2bb638279d2b426605669e07fe50b1169227aa9be2a223a6a6c7b4eca8898e93
tcn,mixed,17,bandpass_n20001_cLL_V4_independent_rms_s10,phase2/results/predictions/full/mixed/tcn/seed_17/bandpass_n20001_cLL_V4_independent_rms_s10.npz,76389,1337cbceb4f86913e68ade1a5a813c41f7d26b46f5fa662cfb7a7f782531fb02
tcn,mixed,17,bandpass_n20001_cLL_V4_independent_rms_s5,phase2/results/predictions/full/mixed/tcn/seed_17/bandpass_n20001_cLL_V4_independent_rms_s5.npz,76279,4a5590b3ec2f38118923cb40f12913165e5f2df061c43e9e6ece62b14a86e928
tcn,mixed,17,bandpass_n20001_cLL_V4_independent_rms_s0,phase2/results/predictions/full/mixed/tcn/seed_17/bandpass_n20001_cLL_V4_independent_rms_s0.npz,75980,991579439c77c9092eb3d892847e06b9e208dba2c7f9a5709d595b35f63976b4
tcn,mixed,17,bandpass_n20001_cLL_V4_electrode_s20,phase2/results/predictions/full/mixed/tcn/seed_17/bandpass_n20001_cLL_V4_electrode_s20.npz,76446,b6cac4ad1d03639b94f23ef8fb734142a869b0330db6270a5751f91e3ed391c6
tcn,mixed,17,bandpass_n20001_cLL_V4_electrode_s15,phase2/results/predictions/full/mixed/tcn/seed_17/bandpass_n20001_cLL_V4_electrode_s15.npz,76414,572ff65030897722d309b3edfe87887b1d766d10b994d80129ab9ebffb348f58
tcn,mixed,17,bandpass_n20001_cLL_V4_electrode_s10,phase2/results/predictions/full/mixed/tcn/seed_17/bandpass_n20001_cLL_V4_electrode_s10.npz,76402,a11778d6eb7b80eee5e965bd8122b832cdbf0b0fda19a4b4639bf4c3fc0e75cc
tcn,mixed,17,bandpass_n20001_cLL_V4_electrode_s5,phase2/results/predictions/full/mixed/tcn/seed_17/bandpass_n20001_cLL_V4_electrode_s5.npz,76235,4e65adf10c8fa89dfb3de2ff5807ba52c3b6082ad84cf65abc8ee7f5bb220e43
tcn,mixed,17,bandpass_n20001_cLL_V4_electrode_s0,phase2/results/predictions/full/mixed/tcn/seed_17/bandpass_n20001_cLL_V4_electrode_s0.npz,75904,145aae863bb2203243df88dd9f1f918c93e1cb49ce080777b7dddcb43e40d585
tcn,mixed,17,bandpass_n20001_cLL_V4_covariance_s20,phase2/results/predictions/full/mixed/tcn/seed_17/bandpass_n20001_cLL_V4_covariance_s20.npz,76412,61720e42e0b6dfc3145fe544286fac7a710f209b69449e57ec4a08559ea493ac
tcn,mixed,17,bandpass_n20001_cLL_V4_covariance_s15,phase2/results/predictions/full/mixed/tcn/seed_17/bandpass_n20001_cLL_V4_covariance_s15.npz,76454,5f59f1669db6afec1000aa0dbc61a5594554b2bccba95002bf44e0833753c512
tcn,mixed,17,bandpass_n20001_cLL_V4_covariance_s10,phase2/results/predictions/full/mixed/tcn/seed_17/bandpass_n20001_cLL_V4_covariance_s10.npz,76377,8f9ebaf604ae6ec6dcd6b91dd776930c426b3e30ecb48962e1f1c3fad3d74cef
tcn,mixed,17,bandpass_n20001_cLL_V4_covariance_s5,phase2/results/predictions/full/mixed/tcn/seed_17/bandpass_n20001_cLL_V4_covariance_s5.npz,76237,a308d026150c4b34bec20b65f9a420af8defad192ea3eaa2059c333452582ea1
tcn,mixed,17,bandpass_n20001_cLL_V4_covariance_s0,phase2/results/predictions/full/mixed/tcn/seed_17/bandpass_n20001_cLL_V4_covariance_s0.npz,75917,478555f14fd8cc032ef32f37072aa095fdf81a2489c7c9c60b49164d220ac701
tcn,mixed,17,bandpass_n20001_cRA_LA_V1_V6_independent_rms_s20,phase2/results/predictions/full/mixed/tcn/seed_17/bandpass_n20001_cRA_LA_V1_V6_independent_rms_s20.npz,76458,8c410ee39b4a0f8f92f3e589c7aebc5df25fc2cc2c187279fc3977ffdc5d6947
tcn,mixed,17,bandpass_n20001_cRA_LA_V1_V6_independent_rms_s15,phase2/results/predictions/full/mixed/tcn/seed_17/bandpass_n20001_cRA_LA_V1_V6_independent_rms_s15.npz,76490,4ae9cb0d5703b98e3076bcf46de1bb0361a79f700c999604bb610460d38f748a
tcn,mixed,17,bandpass_n20001_cRA_LA_V1_V6_independent_rms_s10,phase2/results/predictions/full/mixed/tcn/seed_17/bandpass_n20001_cRA_LA_V1_V6_independent_rms_s10.npz,76424,9a68ebd202401eef4895a516f696159cd39e2ac3231feaace0a111231d029ea2
tcn,mixed,17,bandpass_n20001_cRA_LA_V1_V6_independent_rms_s5,phase2/results/predictions/full/mixed/tcn/seed_17/bandpass_n20001_cRA_LA_V1_V6_independent_rms_s5.npz,76314,797036ed63a2c40bfb1a68045b353318715625b8bdefd8787474091ee5cf04b2
tcn,mixed,17,bandpass_n20001_cRA_LA_V1_V6_independent_rms_s0,phase2/results/predictions/full/mixed/tcn/seed_17/bandpass_n20001_cRA_LA_V1_V6_independent_rms_s0.npz,75993,c859363058fd46f6988d2d0d3628c0f5a9d85d3f4c010d7388755570331da2fa
tcn,mixed,17,bandpass_n20001_cRA_LA_V1_V6_electrode_s20,phase2/results/predictions/full/mixed/tcn/seed_17/bandpass_n20001_cRA_LA_V1_V6_electrode_s20.npz,76450,b18ba31a48e4078598d1bbd3068ee6c736a0b070de385e5f6b6edf80a144373f
tcn,mixed,17,bandpass_n20001_cRA_LA_V1_V6_electrode_s15,phase2/results/predictions/full/mixed/tcn/seed_17/bandpass_n20001_cRA_LA_V1_V6_electrode_s15.npz,76444,00c9a672efb7e7b5a61041d84cfb9039344d3f72ace9f6ca4986e310960e9213
tcn,mixed,17,bandpass_n20001_cRA_LA_V1_V6_electrode_s10,phase2/results/predictions/full/mixed/tcn/seed_17/bandpass_n20001_cRA_LA_V1_V6_electrode_s10.npz,76379,1229e441b4d1c422d393f17da052175fad63cc76a0151666b15173c83b28a80f
tcn,mixed,17,bandpass_n20001_cRA_LA_V1_V6_electrode_s5,phase2/results/predictions/full/mixed/tcn/seed_17/bandpass_n20001_cRA_LA_V1_V6_electrode_s5.npz,76243,78f5d8186b73142b7261a024f8b82c77569b118133690820534b0342c2a84cc5
tcn,mixed,17,bandpass_n20001_cRA_LA_V1_V6_electrode_s0,phase2/results/predictions/full/mixed/tcn/seed_17/bandpass_n20001_cRA_LA_V1_V6_electrode_s0.npz,75822,36ce3f995354da0b002a420ecad159861ed16fd96825c1a96c9f12ba4fab9fd4
tcn,mixed,17,bandpass_n20001_cRA_LA_V1_V6_covariance_s20,phase2/results/predictions/full/mixed/tcn/seed_17/bandpass_n20001_cRA_LA_V1_V6_covariance_s20.npz,76428,9a4a4a3a5c9efe70e2f500a28a7e391094bfc5b9898f8dd59576fba6eae46f40
tcn,mixed,17,bandpass_n20001_cRA_LA_V1_V6_covariance_s15,phase2/results/predictions/full/mixed/tcn/seed_17/bandpass_n20001_cRA_LA_V1_V6_covariance_s15.npz,76462,607d9012479cacc30c77793bd437285419ed2e5b26687ecc7436fb0e0227c3a8
tcn,mixed,17,bandpass_n20001_cRA_LA_V1_V6_covariance_s10,phase2/results/predictions/full/mixed/tcn/seed_17/bandpass_n20001_cRA_LA_V1_V6_covariance_s10.npz,76359,30299b444b1ce000be986804ba5315e1d601f0439c04f6604911162275c7caae
tcn,mixed,17,bandpass_n20001_cRA_LA_V1_V6_covariance_s5,phase2/results/predictions/full/mixed/tcn/seed_17/bandpass_n20001_cRA_LA_V1_V6_covariance_s5.npz,76237,fcfc553c728fce8af8b830c8ca5c28830861a74285a72e3a9aca7ba0280138e5
tcn,mixed,17,bandpass_n20001_cRA_LA_V1_V6_covariance_s0,phase2/results/predictions/full/mixed/tcn/seed_17/bandpass_n20001_cRA_LA_V1_V6_covariance_s0.npz,75782,10aaf44d8840444866ef7f3cd75e04d3c995f9130a491cca83d58d7937f75339
tcn,mixed,17,bandpass_n20001_cRA_V2_V5_independent_rms_s20,phase2/results/predictions/full/mixed/tcn/seed_17/bandpass_n20001_cRA_V2_V5_independent_rms_s20.npz,76475,cf8eda36e652f77991809e78e2ca69b6c2503af6d74927703ebe3554d0c7c351
tcn,mixed,17,bandpass_n20001_cRA_V2_V5_independent_rms_s15,phase2/results/predictions/full/mixed/tcn/seed_17/bandpass_n20001_cRA_V2_V5_independent_rms_s15.npz,76444,6c1f46f166cae521675766bc83849492583032060199729499e24d7fb2c22328
tcn,mixed,17,bandpass_n20001_cRA_V2_V5_independent_rms_s10,phase2/results/predictions/full/mixed/tcn/seed_17/bandpass_n20001_cRA_V2_V5_independent_rms_s10.npz,76396,9b24aea7cf0e4353ba3c4f7e51d77f25f34a229cf22ae83b0ad13cd305acbec3
tcn,mixed,17,bandpass_n20001_cRA_V2_V5_independent_rms_s5,phase2/results/predictions/full/mixed/tcn/seed_17/bandpass_n20001_cRA_V2_V5_independent_rms_s5.npz,76319,cf84dc9f21fd5951ccd27a43d363331dcd97cab6e3f358d2d0b8f031d6b2d28f
tcn,mixed,17,bandpass_n20001_cRA_V2_V5_independent_rms_s0,phase2/results/predictions/full/mixed/tcn/seed_17/bandpass_n20001_cRA_V2_V5_independent_rms_s0.npz,75989,8a988d236861e06b7379fb4b0002226052860fc43ae121bcd803049c908dff7d
tcn,mixed,17,bandpass_n20001_cRA_V2_V5_electrode_s20,phase2/results/predictions/full/mixed/tcn/seed_17/bandpass_n20001_cRA_V2_V5_electrode_s20.npz,76443,012751031882e7c1bf1e6c0da98230e58054d33da150ae9246b80d37493fa7f3
tcn,mixed,17,bandpass_n20001_cRA_V2_V5_electrode_s15,phase2/results/predictions/full/mixed/tcn/seed_17/bandpass_n20001_cRA_V2_V5_electrode_s15.npz,76444,84c19c2a6ce117a09f22b4b572e8bdb6271d97e2d425666bfd29ab5e85bf7674
tcn,mixed,17,bandpass_n20001_cRA_V2_V5_electrode_s10,phase2/results/predictions/full/mixed/tcn/seed_17/bandpass_n20001_cRA_V2_V5_electrode_s10.npz,76385,2317ff02d468b855db6bb3510c32a9e66a1922782d744a99718b891626563559
tcn,mixed,17,bandpass_n20001_cRA_V2_V5_electrode_s5,phase2/results/predictions/full/mixed/tcn/seed_17/bandpass_n20001_cRA_V2_V5_electrode_s5.npz,76221,90fb86b791c1812ab1372e8afdb918fb74384818fe41e2faeeb475f2971b2ea5
tcn,mixed,17,bandpass_n20001_cRA_V2_V5_electrode_s0,phase2/results/predictions/full/mixed/tcn/seed_17/bandpass_n20001_cRA_V2_V5_electrode_s0.npz,75923,ccfb7d9830337b24d0c7b63703631f7865093fe8ee3a5797c34d458ce4992503
tcn,mixed,17,bandpass_n20001_cRA_V2_V5_covariance_s20,phase2/results/predictions/full/mixed/tcn/seed_17/bandpass_n20001_cRA_V2_V5_covariance_s20.npz,76449,b2074c5a20fbac6f23e0aa60d3f976ef404f7cc59ffa5233e2d952c511ea9bbb
tcn,mixed,17,bandpass_n20001_cRA_V2_V5_covariance_s15,phase2/results/predictions/full/mixed/tcn/seed_17/bandpass_n20001_cRA_V2_V5_covariance_s15.npz,76444,9b99c0bf60eb1cd1fb1d8aa9674c222d428912000b02170f114792f6df2b5a54
tcn,mixed,17,bandpass_n20001_cRA_V2_V5_covariance_s10,phase2/results/predictions/full/mixed/tcn/seed_17/bandpass_n20001_cRA_V2_V5_covariance_s10.npz,76363,4c36e6fc4d41934ec8f98e3ff203a6fc492e50c734a183eadcd6a74df27e0361
tcn,mixed,17,bandpass_n20001_cRA_V2_V5_covariance_s5,phase2/results/predictions/full/mixed/tcn/seed_17/bandpass_n20001_cRA_V2_V5_covariance_s5.npz,76235,ff737c3d5f24225f3dfd23d143f12c1c3af4f39dd880ceae7da9a28b8a65f3b0
tcn,mixed,17,bandpass_n20001_cRA_V2_V5_covariance_s0,phase2/results/predictions/full/mixed/tcn/seed_17/bandpass_n20001_cRA_V2_V5_covariance_s0.npz,75883,d7858f67067525b5d14017d508c64766ad37e3100c5e759ad632d8fc63a5127d
tcn,mixed,17,bandpass_n20001_cLA_V3_V6_independent_rms_s20,phase2/results/predictions/full/mixed/tcn/seed_17/bandpass_n20001_cLA_V3_V6_independent_rms_s20.npz,76477,fde0eaa656480244adcbe41d96950df16837ef0faddfc04e145722b34861d3f8
tcn,mixed,17,bandpass_n20001_cLA_V3_V6_independent_rms_s15,phase2/results/predictions/full/mixed/tcn/seed_17/bandpass_n20001_cLA_V3_V6_independent_rms_s15.npz,76432,b4d05fdaa9fc7db28d98c77b59f09e95eda9c2eb121763618cdc22c4a6e0894d
tcn,mixed,17,bandpass_n20001_cLA_V3_V6_independent_rms_s10,phase2/results/predictions/full/mixed/tcn/seed_17/bandpass_n20001_cLA_V3_V6_independent_rms_s10.npz,76415,7effa46eaba19f64437a1dc91d466f2a3361d1a9a0a98b6be0daad22cda42861
tcn,mixed,17,bandpass_n20001_cLA_V3_V6_independent_rms_s5,phase2/results/predictions/full/mixed/tcn/seed_17/bandpass_n20001_cLA_V3_V6_independent_rms_s5.npz,76340,3ab8e9f950611eb2f962b691efa12d73f24bcbf615b3a35ed57781a344b1dc62
tcn,mixed,17,bandpass_n20001_cLA_V3_V6_independent_rms_s0,phase2/results/predictions/full/mixed/tcn/seed_17/bandpass_n20001_cLA_V3_V6_independent_rms_s0.npz,76051,5d7333ae556699a7703fc8a19ecc98bbc6000cadb37aed1814c70b57b3d0de30
tcn,mixed,17,bandpass_n20001_cLA_V3_V6_electrode_s20,phase2/results/predictions/full/mixed/tcn/seed_17/bandpass_n20001_cLA_V3_V6_electrode_s20.npz,76441,c720a34338285ac508ff41598684ddf55f76bab5fe0f7150ab96863eb6b4569a
tcn,mixed,17,bandpass_n20001_cLA_V3_V6_electrode_s15,phase2/results/predictions/full/mixed/tcn/seed_17/bandpass_n20001_cLA_V3_V6_electrode_s15.npz,76456,ceffa6932724916b88e2776f5fe8b38f0d05bb2c9458fbbc65809e73ad991719
tcn,mixed,17,bandpass_n20001_cLA_V3_V6_electrode_s10,phase2/results/predictions/full/mixed/tcn/seed_17/bandpass_n20001_cLA_V3_V6_electrode_s10.npz,76384,4d946ebf768434dc6026bee691c82dde9b31bc9d122790cf03914da6fa783e9c
tcn,mixed,17,bandpass_n20001_cLA_V3_V6_electrode_s5,phase2/results/predictions/full/mixed/tcn/seed_17/bandpass_n20001_cLA_V3_V6_electrode_s5.npz,76231,05e64c3aa956fd130bb78b53cb50c2fb78bba5241f94f8690db8f50b1299cfff
tcn,mixed,17,bandpass_n20001_cLA_V3_V6_electrode_s0,phase2/results/predictions/full/mixed/tcn/seed_17/bandpass_n20001_cLA_V3_V6_electrode_s0.npz,75872,a1ca5af58e568189cd6865443bc7a0583847feecfd89dbdbd0f418a4fd90f613
tcn,mixed,17,bandpass_n20001_cLA_V3_V6_covariance_s20,phase2/results/predictions/full/mixed/tcn/seed_17/bandpass_n20001_cLA_V3_V6_covariance_s20.npz,76477,a1981648fc48863339a8d6efe68f4321529bee71c2ed8c5c104b24984e0f51ba
tcn,mixed,17,bandpass_n20001_cLA_V3_V6_covariance_s15,phase2/results/predictions/full/mixed/tcn/seed_17/bandpass_n20001_cLA_V3_V6_covariance_s15.npz,76426,8c02d9c1b6c05c3dcc22955d89f9c663711ba38aea74d7038ecd94cfd607bc46
tcn,mixed,17,bandpass_n20001_cLA_V3_V6_covariance_s10,phase2/results/predictions/full/mixed/tcn/seed_17/bandpass_n20001_cLA_V3_V6_covariance_s10.npz,76413,a7daea92b6015de42ff06a1327bfe09c158fee1841ef9503a5d3da9cc10ced63
tcn,mixed,17,bandpass_n20001_cLA_V3_V6_covariance_s5,phase2/results/predictions/full/mixed/tcn/seed_17/bandpass_n20001_cLA_V3_V6_covariance_s5.npz,76268,fa65b2b013676deb0b41eb67beb390f681ff6037b899820a4a6cac0bd8acc586
tcn,mixed,17,bandpass_n20001_cLA_V3_V6_covariance_s0,phase2/results/predictions/full/mixed/tcn/seed_17/bandpass_n20001_cLA_V3_V6_covariance_s0.npz,75876,7f646f3e3cfea9ebbfc31cb927ee694423142b06f36b6d1bfe57f35ea8a553f1
tcn,mixed,17,bandpass_n20001_cLL_V1_V4_independent_rms_s20,phase2/results/predictions/full/mixed/tcn/seed_17/bandpass_n20001_cLL_V1_V4_independent_rms_s20.npz,76448,6fdf66163c910647e22c4f33536a6206c2e7eb03271c94db51302b260e873e2f
tcn,mixed,17,bandpass_n20001_cLL_V1_V4_independent_rms_s15,phase2/results/predictions/full/mixed/tcn/seed_17/bandpass_n20001_cLL_V1_V4_independent_rms_s15.npz,76437,f8d56c436749e731bdfd8854b1f94f75fbb6145f0bc5a348a4288293807b91c3
tcn,mixed,17,bandpass_n20001_cLL_V1_V4_independent_rms_s10,phase2/results/predictions/full/mixed/tcn/seed_17/bandpass_n20001_cLL_V1_V4_independent_rms_s10.npz,76409,b06a69e1d19addc32f9151322967cb1c07144f744198c6780c2beda219c9e977
tcn,mixed,17,bandpass_n20001_cLL_V1_V4_independent_rms_s5,phase2/results/predictions/full/mixed/tcn/seed_17/bandpass_n20001_cLL_V1_V4_independent_rms_s5.npz,76303,128d5180bba66183a67c334bb97b8d9981a57985234c76c794dbdd4bcecc07bf
tcn,mixed,17,bandpass_n20001_cLL_V1_V4_independent_rms_s0,phase2/results/predictions/full/mixed/tcn/seed_17/bandpass_n20001_cLL_V1_V4_independent_rms_s0.npz,76001,c37d6ddc8979065bb64861e72afb1e8603319f3d641fa02e76970ad613ea4c6a
tcn,mixed,17,bandpass_n20001_cLL_V1_V4_electrode_s20,phase2/results/predictions/full/mixed/tcn/seed_17/bandpass_n20001_cLL_V1_V4_electrode_s20.npz,76457,f0bf34b691d69393c6abaa7a46fbeaf228c4d0eef31c5aef54225b76d149f9e4
tcn,mixed,17,bandpass_n20001_cLL_V1_V4_electrode_s15,phase2/results/predictions/full/mixed/tcn/seed_17/bandpass_n20001_cLL_V1_V4_electrode_s15.npz,76445,f1bace50ea08ab5e5aabbc787a49beb9e0a737829ed6514e33ca5db6c010a193
tcn,mixed,17,bandpass_n20001_cLL_V1_V4_electrode_s10,phase2/results/predictions/full/mixed/tcn/seed_17/bandpass_n20001_cLL_V1_V4_electrode_s10.npz,76405,56818214b92aae97d528383d823377977bd7f27ed11f6446c9c23de066160124
tcn,mixed,17,bandpass_n20001_cLL_V1_V4_electrode_s5,phase2/results/predictions/full/mixed/tcn/seed_17/bandpass_n20001_cLL_V1_V4_electrode_s5.npz,76250,873139ea91235266dd3c28ffb33d7788b94e19e6543ccafb982863279c86cbd4
tcn,mixed,17,bandpass_n20001_cLL_V1_V4_electrode_s0,phase2/results/predictions/full/mixed/tcn/seed_17/bandpass_n20001_cLL_V1_V4_electrode_s0.npz,75945,f904c28ca0425265590748b15ff51ddfd0f7969c30389d556189274ace3f7c80
tcn,mixed,17,bandpass_n20001_cLL_V1_V4_covariance_s20,phase2/results/predictions/full/mixed/tcn/seed_17/bandpass_n20001_cLL_V1_V4_covariance_s20.npz,76431,473c91b3b9fa9b3f8f08f99e05c0ae84c705db478f83fe6b9245a3d2e63f284a
tcn,mixed,17,bandpass_n20001_cLL_V1_V4_covariance_s15,phase2/results/predictions/full/mixed/tcn/seed_17/bandpass_n20001_cLL_V1_V4_covariance_s15.npz,76449,03ca62eb4eb81c54a4e5545ecc1d566b3bf5336a59fc3696b24d0247686f99ff
tcn,mixed,17,bandpass_n20001_cLL_V1_V4_covariance_s10,phase2/results/predictions/full/mixed/tcn/seed_17/bandpass_n20001_cLL_V1_V4_covariance_s10.npz,76384,2aa4aa416a9521748244da9dca95a826b5650a1b3df4501708e4518dba26eb90
tcn,mixed,17,bandpass_n20001_cLL_V1_V4_covariance_s5,phase2/results/predictions/full/mixed/tcn/seed_17/bandpass_n20001_cLL_V1_V4_covariance_s5.npz,76229,ae51520180c7426adeb2bec2d027bf282692277bf549dcd7bbdfe77ab774c651
tcn,mixed,17,bandpass_n20001_cLL_V1_V4_covariance_s0,phase2/results/predictions/full/mixed/tcn/seed_17/bandpass_n20001_cLL_V1_V4_covariance_s0.npz,75974,6cf3a7d091d0350417872a9cb53921b10f5267030f8832e2ea1c8c4da6545b33
tcn,mixed,17,bandpass_n20001_call_independent_rms_s20,phase2/results/predictions/full/mixed/tcn/seed_17/bandpass_n20001_call_independent_rms_s20.npz,76440,ec02c3d8521efcd5a2ff06f8bfc3c29724a86479b36d9048c121b8b23fc2b6a0
tcn,mixed,17,bandpass_n20001_call_independent_rms_s15,phase2/results/predictions/full/mixed/tcn/seed_17/bandpass_n20001_call_independent_rms_s15.npz,76424,01b4be43dd22d218c66270ca78066a03422bae7e2342f851f9105b181f0baeb9
tcn,mixed,17,bandpass_n20001_call_independent_rms_s10,phase2/results/predictions/full/mixed/tcn/seed_17/bandpass_n20001_call_independent_rms_s10.npz,76401,dc591a81f51aa81aaa6d83d64b6f27f71bc975b966149dbd27ab92b9c303d8df
tcn,mixed,17,bandpass_n20001_call_independent_rms_s5,phase2/results/predictions/full/mixed/tcn/seed_17/bandpass_n20001_call_independent_rms_s5.npz,76268,b73dc1226daba3dda2c487ca405d259c96b45bab8830ffe6012f1273be94334f
tcn,mixed,17,bandpass_n20001_call_independent_rms_s0,phase2/results/predictions/full/mixed/tcn/seed_17/bandpass_n20001_call_independent_rms_s0.npz,75978,4225a3060d928b15814a937163ffbf1f2588b535788b295085bd7f1044bf3d5c
tcn,mixed,17,bandpass_n20001_call_electrode_s20,phase2/results/predictions/full/mixed/tcn/seed_17/bandpass_n20001_call_electrode_s20.npz,76429,d8f6f5861284263c152261e8bc69a17f28d3f61d8a57b3b1197be52b2771d7e2
tcn,mixed,17,bandpass_n20001_call_electrode_s15,phase2/results/predictions/full/mixed/tcn/seed_17/bandpass_n20001_call_electrode_s15.npz,76412,ecbf8eb2a3ca92e0ebeaab6f9e2e4a2be1075a2ddb05a09ed2f163a9cdddbff6
tcn,mixed,17,bandpass_n20001_call_electrode_s10,phase2/results/predictions/full/mixed/tcn/seed_17/bandpass_n20001_call_electrode_s10.npz,76365,cb31e01e0e6a7e38d6508845476c148d840aac7a09ae5c27e83690b80b393fca
tcn,mixed,17,bandpass_n20001_call_electrode_s5,phase2/results/predictions/full/mixed/tcn/seed_17/bandpass_n20001_call_electrode_s5.npz,76210,098b7190ee0c7fd6801b4c5d8e72c62f6b5463e5289b9a1e5ae156d5c083a535
tcn,mixed,17,bandpass_n20001_call_electrode_s0,phase2/results/predictions/full/mixed/tcn/seed_17/bandpass_n20001_call_electrode_s0.npz,75817,6eb72212a816982fb6e09baeec751e3b72c144cd0dc60a6104318910c2efd14e
tcn,mixed,17,bandpass_n20001_call_covariance_s20,phase2/results/predictions/full/mixed/tcn/seed_17/bandpass_n20001_call_covariance_s20.npz,76405,27afcdeed8d1046e1766c92ebcb17acaf00a3ab1655eb9814fbae2c3cc3f243d
tcn,mixed,17,bandpass_n20001_call_covariance_s15,phase2/results/predictions/full/mixed/tcn/seed_17/bandpass_n20001_call_covariance_s15.npz,76385,0b81983ebd23254f0e56c25f4be87c0eef88008603ff0acebb5ed0436d6c087f
tcn,mixed,17,bandpass_n20001_call_covariance_s10,phase2/results/predictions/full/mixed/tcn/seed_17/bandpass_n20001_call_covariance_s10.npz,76353,fc0742b19303c7ed4160b4c441e712c706fcd108b6074d62b302110142ecacc6
tcn,mixed,17,bandpass_n20001_call_covariance_s5,phase2/results/predictions/full/mixed/tcn/seed_17/bandpass_n20001_call_covariance_s5.npz,76209,2fb9db5f2abf5dba730058fec09e30107895a209c2cb9fbe5d5423c41037edf5
tcn,mixed,17,bandpass_n20001_call_covariance_s0,phase2/results/predictions/full/mixed/tcn/seed_17/bandpass_n20001_call_covariance_s0.npz,75846,d2e3a11d03898216b4f0b20dff7724f28ead5fce51cd727a32bbddecbe5ef730
tcn,mixed,17,bandpass_n20002_cRA_LA_LL_independent_rms_s20,phase2/results/predictions/full/mixed/tcn/seed_17/bandpass_n20002_cRA_LA_LL_independent_rms_s20.npz,76468,3e95226db1abbd3b4d2a7496433b7b96efd5055f249a13aea10dceb20a7508c0
tcn,mixed,17,bandpass_n20002_cRA_LA_LL_independent_rms_s15,phase2/results/predictions/full/mixed/tcn/seed_17/bandpass_n20002_cRA_LA_LL_independent_rms_s15.npz,76453,501a7b23a8957e7ab55fbaad492893cc321cd4d6d88dcadd4baffc5a085ae950
tcn,mixed,17,bandpass_n20002_cRA_LA_LL_independent_rms_s10,phase2/results/predictions/full/mixed/tcn/seed_17/bandpass_n20002_cRA_LA_LL_independent_rms_s10.npz,76374,75dbf5f39db04fcd5a62522777a172b01b70f69db761243f4322cc9e8cea230d
tcn,mixed,17,bandpass_n20002_cRA_LA_LL_independent_rms_s5,phase2/results/predictions/full/mixed/tcn/seed_17/bandpass_n20002_cRA_LA_LL_independent_rms_s5.npz,76224,740289469413d0c039282ee290d6a4de48890284c26dc551073e2a8613753b99
tcn,mixed,17,bandpass_n20002_cRA_LA_LL_independent_rms_s0,phase2/results/predictions/full/mixed/tcn/seed_17/bandpass_n20002_cRA_LA_LL_independent_rms_s0.npz,75950,743184bbd9fae6af200967685db873e9da366902817184e6e6564992511f9ca7
tcn,mixed,17,bandpass_n20002_cRA_LA_LL_electrode_s20,phase2/results/predictions/full/mixed/tcn/seed_17/bandpass_n20002_cRA_LA_LL_electrode_s20.npz,76456,cd191aebcc7d1fbbf488968054aae966d31bc758f650ec85380217c4b5818c8c
tcn,mixed,17,bandpass_n20002_cRA_LA_LL_electrode_s15,phase2/results/predictions/full/mixed/tcn/seed_17/bandpass_n20002_cRA_LA_LL_electrode_s15.npz,76429,23ec8ec5d84ab70dc31583c5df3f42d68e46dabffd05c892b1e73136a2238b2d
tcn,mixed,17,bandpass_n20002_cRA_LA_LL_electrode_s10,phase2/results/predictions/full/mixed/tcn/seed_17/bandpass_n20002_cRA_LA_LL_electrode_s10.npz,76324,688b5a737fb385c5dd265647a94e1540384e8efe8c3c14fd2743a0b5b5d6bc2d
tcn,mixed,17,bandpass_n20002_cRA_LA_LL_electrode_s5,phase2/results/predictions/full/mixed/tcn/seed_17/bandpass_n20002_cRA_LA_LL_electrode_s5.npz,76176,894ab1d7a7428c6dee59e1903392128ed975da3a37f13e192cfefbe28bff4169
tcn,mixed,17,bandpass_n20002_cRA_LA_LL_electrode_s0,phase2/results/predictions/full/mixed/tcn/seed_17/bandpass_n20002_cRA_LA_LL_electrode_s0.npz,75695,7f0267c8c829c8e029ce227215f9589b8abe601dc266f94c88d2939c8f28588a
tcn,mixed,17,bandpass_n20002_cRA_LA_LL_covariance_s20,phase2/results/predictions/full/mixed/tcn/seed_17/bandpass_n20002_cRA_LA_LL_covariance_s20.npz,76442,d079cbddbb8c9597769015dd07874ae8d04689c4ee1acf4ce8350b3970281a78
tcn,mixed,17,bandpass_n20002_cRA_LA_LL_covariance_s15,phase2/results/predictions/full/mixed/tcn/seed_17/bandpass_n20002_cRA_LA_LL_covariance_s15.npz,76412,9fec510e63a353ad8425fe5505dad6a2df1d0f6c59d9ad0b603fd13b3781960d
tcn,mixed,17,bandpass_n20002_cRA_LA_LL_covariance_s10,phase2/results/predictions/full/mixed/tcn/seed_17/bandpass_n20002_cRA_LA_LL_covariance_s10.npz,76367,bf06801edb0dee32fc95ba71dc95065674ac09307e148043699fe78d9b853c8a
tcn,mixed,17,bandpass_n20002_cRA_LA_LL_covariance_s5,phase2/results/predictions/full/mixed/tcn/seed_17/bandpass_n20002_cRA_LA_LL_covariance_s5.npz,76193,94981b4ff4877f1fdb6af5618b184400a5c101c92eccb22e2d01113785e6f8ff
tcn,mixed,17,bandpass_n20002_cRA_LA_LL_covariance_s0,phase2/results/predictions/full/mixed/tcn/seed_17/bandpass_n20002_cRA_LA_LL_covariance_s0.npz,75745,3dce8494e58673155a524234d8fd3da8b4a5d0bd179288b1a65d20bfe299337f
tcn,mixed,17,bandpass_n20002_cV1_independent_rms_s20,phase2/results/predictions/full/mixed/tcn/seed_17/bandpass_n20002_cV1_independent_rms_s20.npz,76433,4b42cbc81c6cd370abc032c03d6b006470e851af3d74089d1bb000682d9f59d8
tcn,mixed,17,bandpass_n20002_cV1_independent_rms_s15,phase2/results/predictions/full/mixed/tcn/seed_17/bandpass_n20002_cV1_independent_rms_s15.npz,76417,98da27a1aecaf19bf3e13546e99351c39e22a25c8971f7c4a354a73ebd061a69
tcn,mixed,17,bandpass_n20002_cV1_independent_rms_s10,phase2/results/predictions/full/mixed/tcn/seed_17/bandpass_n20002_cV1_independent_rms_s10.npz,76376,a014df1908908fefd25f9832a70415c102978cd0a2d175918cffaf330be26321
tcn,mixed,17,bandpass_n20002_cV1_independent_rms_s5,phase2/results/predictions/full/mixed/tcn/seed_17/bandpass_n20002_cV1_independent_rms_s5.npz,76269,fd9e7a35b327acd506c3a589bd272ca4adc2910077a8ffd71288f043305d786e
tcn,mixed,17,bandpass_n20002_cV1_independent_rms_s0,phase2/results/predictions/full/mixed/tcn/seed_17/bandpass_n20002_cV1_independent_rms_s0.npz,76068,2eed63fa046750eee2534047bfb89365286f557e91637688c27be90e28a7a277
tcn,mixed,17,bandpass_n20002_cV1_electrode_s20,phase2/results/predictions/full/mixed/tcn/seed_17/bandpass_n20002_cV1_electrode_s20.npz,76453,075acb0e417269b11d53e5bc49f5e80395f4e9e586e95dd1a6ec9825f4937700
tcn,mixed,17,bandpass_n20002_cV1_electrode_s15,phase2/results/predictions/full/mixed/tcn/seed_17/bandpass_n20002_cV1_electrode_s15.npz,76394,436789fc1ebf95f2bf2c2312f1256e4123f31effd1f479bb5134ec58b0b6a81e
tcn,mixed,17,bandpass_n20002_cV1_electrode_s10,phase2/results/predictions/full/mixed/tcn/seed_17/bandpass_n20002_cV1_electrode_s10.npz,76352,15949785d35d98c7c1f49a69acfcc418a8536deed288c149f69e611536cd786c
tcn,mixed,17,bandpass_n20002_cV1_electrode_s5,phase2/results/predictions/full/mixed/tcn/seed_17/bandpass_n20002_cV1_electrode_s5.npz,76249,94d487df41a99fd70c83ab5420236f8398cbe74e8dd844370ab09bed0303c856
tcn,mixed,17,bandpass_n20002_cV1_electrode_s0,phase2/results/predictions/full/mixed/tcn/seed_17/bandpass_n20002_cV1_electrode_s0.npz,76046,7a6ca2fa6da3771ca6f9b2df3805ba1d843b7c4e082a53b2c507348de954b020
tcn,mixed,17,bandpass_n20002_cV1_covariance_s20,phase2/results/predictions/full/mixed/tcn/seed_17/bandpass_n20002_cV1_covariance_s20.npz,76411,efbe4def0ca641bceba6dbd62773c7508565b6dc123a5f16a0f7dda45a599237
tcn,mixed,17,bandpass_n20002_cV1_covariance_s15,phase2/results/predictions/full/mixed/tcn/seed_17/bandpass_n20002_cV1_covariance_s15.npz,76416,1110dbc9545122d98fefec1e142c39a0f1616da96cb315207334e5e201baf0c1
tcn,mixed,17,bandpass_n20002_cV1_covariance_s10,phase2/results/predictions/full/mixed/tcn/seed_17/bandpass_n20002_cV1_covariance_s10.npz,76393,7545a2a48d3dd8b4bb9bb7acbba48894b5a1eb392e4702561aa727562e52ff3a
tcn,mixed,17,bandpass_n20002_cV1_covariance_s5,phase2/results/predictions/full/mixed/tcn/seed_17/bandpass_n20002_cV1_covariance_s5.npz,76247,a0a2e10db2f21cb713b6e6e2df117eacdce6943404697f68b0039116d2391c61
tcn,mixed,17,bandpass_n20002_cV1_covariance_s0,phase2/results/predictions/full/mixed/tcn/seed_17/bandpass_n20002_cV1_covariance_s0.npz,76050,5c0a6b1180490faa41712b0ff41dfc6f7bf304fd2e9f699a30d69a6de1dcbeb9
tcn,mixed,17,bandpass_n20002_cV2_independent_rms_s20,phase2/results/predictions/full/mixed/tcn/seed_17/bandpass_n20002_cV2_independent_rms_s20.npz,76387,5ab0f68d041b87dde92669860eef62905e4fa1c87cdf4d05b607817e2a44c5f8
tcn,mixed,17,bandpass_n20002_cV2_independent_rms_s15,phase2/results/predictions/full/mixed/tcn/seed_17/bandpass_n20002_cV2_independent_rms_s15.npz,76462,6d7e6c93e84c69dc2a0b1b482eeca0513e92845760fed3cd547a3508886a35b7
tcn,mixed,17,bandpass_n20002_cV2_independent_rms_s10,phase2/results/predictions/full/mixed/tcn/seed_17/bandpass_n20002_cV2_independent_rms_s10.npz,76433,7182d8f8c82d1724e7e53fcfe401ff937a203836b37f227e55f5d662d74a0560
tcn,mixed,17,bandpass_n20002_cV2_independent_rms_s5,phase2/results/predictions/full/mixed/tcn/seed_17/bandpass_n20002_cV2_independent_rms_s5.npz,76329,e24b1dc4236a24b9278a6a26cbd3148f483e64fd9faff1fc58a5cc7945049c3b
tcn,mixed,17,bandpass_n20002_cV2_independent_rms_s0,phase2/results/predictions/full/mixed/tcn/seed_17/bandpass_n20002_cV2_independent_rms_s0.npz,76122,253ef36c3e8f18f5557dc27506dc1ec843ab7c4d6b3ae80c54238aa3a8a158c8
tcn,mixed,17,bandpass_n20002_cV2_electrode_s20,phase2/results/predictions/full/mixed/tcn/seed_17/bandpass_n20002_cV2_electrode_s20.npz,76424,238248588a3da222fde325a0ccc09897c83f0542821683780634190d3ececbd7
tcn,mixed,17,bandpass_n20002_cV2_electrode_s15,phase2/results/predictions/full/mixed/tcn/seed_17/bandpass_n20002_cV2_electrode_s15.npz,76451,09501756a4eacc7c00354b82e253b9938967ef81e01280c66ef42e2a53b7ee70
tcn,mixed,17,bandpass_n20002_cV2_electrode_s10,phase2/results/predictions/full/mixed/tcn/seed_17/bandpass_n20002_cV2_electrode_s10.npz,76430,d3626fc28075f9760b31bbb4471e6f57850b03a912aaee9986f78107979bca8e
tcn,mixed,17,bandpass_n20002_cV2_electrode_s5,phase2/results/predictions/full/mixed/tcn/seed_17/bandpass_n20002_cV2_electrode_s5.npz,76331,da713cef8b988653986e9a7e259830e00e49cb0096898ebaa24aae3682507216
tcn,mixed,17,bandpass_n20002_cV2_electrode_s0,phase2/results/predictions/full/mixed/tcn/seed_17/bandpass_n20002_cV2_electrode_s0.npz,76096,7cd078307b8576ae6043679e151e921c107b249489b417cb026f5c479a62994e
tcn,mixed,17,bandpass_n20002_cV2_covariance_s20,phase2/results/predictions/full/mixed/tcn/seed_17/bandpass_n20002_cV2_covariance_s20.npz,76430,ab38cd29946d915a5055913d258586d99921fdb48c921497908d74174377a36e
tcn,mixed,17,bandpass_n20002_cV2_covariance_s15,phase2/results/predictions/full/mixed/tcn/seed_17/bandpass_n20002_cV2_covariance_s15.npz,76419,713d10167e3c741d6ab8a9c32d58b5a538cce68484bbaf5568cefc90d24876d0
tcn,mixed,17,bandpass_n20002_cV2_covariance_s10,phase2/results/predictions/full/mixed/tcn/seed_17/bandpass_n20002_cV2_covariance_s10.npz,76403,a350e086580b5cc532a091f8ba682a291bc83f4bfb536cc45aafa5b35ebc26ee
tcn,mixed,17,bandpass_n20002_cV2_covariance_s5,phase2/results/predictions/full/mixed/tcn/seed_17/bandpass_n20002_cV2_covariance_s5.npz,76305,a73009cc66eef4cdbeb92ecaccfa3fde69da45fe9e0cb58cc33247ba3d9bb7bf
tcn,mixed,17,bandpass_n20002_cV2_covariance_s0,phase2/results/predictions/full/mixed/tcn/seed_17/bandpass_n20002_cV2_covariance_s0.npz,76109,9800c6d0c18975f1c6ef50d4cc56022a118a449001dc0d4af5b13f197461480e
tcn,mixed,17,bandpass_n20002_cV3_independent_rms_s20,phase2/results/predictions/full/mixed/tcn/seed_17/bandpass_n20002_cV3_independent_rms_s20.npz,76458,2f4fb909cdd334fe5cf24bd4069304a140bd19211448c5f2a18b4ac332014508
tcn,mixed,17,bandpass_n20002_cV3_independent_rms_s15,phase2/results/predictions/full/mixed/tcn/seed_17/bandpass_n20002_cV3_independent_rms_s15.npz,76462,6d7712e6d027a6decc6e2ba42561933112fd2b54ef246f773f00bd485e220b92
tcn,mixed,17,bandpass_n20002_cV3_independent_rms_s10,phase2/results/predictions/full/mixed/tcn/seed_17/bandpass_n20002_cV3_independent_rms_s10.npz,76388,ab9583681dce75c496d38742181fb7ff72ad86d80298a400e10a892884f4d847
tcn,mixed,17,bandpass_n20002_cV3_independent_rms_s5,phase2/results/predictions/full/mixed/tcn/seed_17/bandpass_n20002_cV3_independent_rms_s5.npz,76352,ddc662531a92448bd2e35fa9b254f944766189a3c8e9735cd180ca3d61f40786
tcn,mixed,17,bandpass_n20002_cV3_independent_rms_s0,phase2/results/predictions/full/mixed/tcn/seed_17/bandpass_n20002_cV3_independent_rms_s0.npz,76022,168f7f0aed77444bbf9af8ddd88d384339c978057eaedee701ba924423e49dbe
tcn,mixed,17,bandpass_n20002_cV3_electrode_s20,phase2/results/predictions/full/mixed/tcn/seed_17/bandpass_n20002_cV3_electrode_s20.npz,76427,a5ebc6a529a823374d3432fbe1fdd8c1cdecd93ef9438a14b6344a0512b5110a
tcn,mixed,17,bandpass_n20002_cV3_electrode_s15,phase2/results/predictions/full/mixed/tcn/seed_17/bandpass_n20002_cV3_electrode_s15.npz,76428,08edb8232b00f7d1c7c4017500af084c9a0bee381a8cc082329ed53036ae77f9
tcn,mixed,17,bandpass_n20002_cV3_electrode_s10,phase2/results/predictions/full/mixed/tcn/seed_17/bandpass_n20002_cV3_electrode_s10.npz,76394,785395e4480cefdd2b21eca5320a61b2845de34ee08571b067c38850fea6e596
tcn,mixed,17,bandpass_n20002_cV3_electrode_s5,phase2/results/predictions/full/mixed/tcn/seed_17/bandpass_n20002_cV3_electrode_s5.npz,76293,6c95d7db046e076c9de87084b1bccd81c8c81311eb38eeff6329dddc8abdf157
tcn,mixed,17,bandpass_n20002_cV3_electrode_s0,phase2/results/predictions/full/mixed/tcn/seed_17/bandpass_n20002_cV3_electrode_s0.npz,76037,11feb324429ef441f6cb246187162a44c1a270ce5ae20a2fa14cba16ab7700e9
tcn,mixed,17,bandpass_n20002_cV3_covariance_s20,phase2/results/predictions/full/mixed/tcn/seed_17/bandpass_n20002_cV3_covariance_s20.npz,76429,a1ce6ce5af7cfeea5d6d2fa6d02c55382ebb9718ed555474e56abb054f894296
tcn,mixed,17,bandpass_n20002_cV3_covariance_s15,phase2/results/predictions/full/mixed/tcn/seed_17/bandpass_n20002_cV3_covariance_s15.npz,76434,dff24b43919640e00d643bf64efecc77df3ad01fe0391342e1f0e890e0d1ecb7
tcn,mixed,17,bandpass_n20002_cV3_covariance_s10,phase2/results/predictions/full/mixed/tcn/seed_17/bandpass_n20002_cV3_covariance_s10.npz,76391,829c78be7ad2eb11d3aeb2df2e395d27754f4807ceff238090d13219e58ffcd4
tcn,mixed,17,bandpass_n20002_cV3_covariance_s5,phase2/results/predictions/full/mixed/tcn/seed_17/bandpass_n20002_cV3_covariance_s5.npz,76314,d861367c7dcb639ea5e7cc1ba9651da9fc80c9a761b514edfa5a6d7f63f234c9
tcn,mixed,17,bandpass_n20002_cV3_covariance_s0,phase2/results/predictions/full/mixed/tcn/seed_17/bandpass_n20002_cV3_covariance_s0.npz,76032,2acb53a0c735e3a33d63f68d762f22a782b6105e6d5d4c12ef310c70375968ae
tcn,mixed,17,bandpass_n20002_cV4_independent_rms_s20,phase2/results/predictions/full/mixed/tcn/seed_17/bandpass_n20002_cV4_independent_rms_s20.npz,76465,7378c346c65b80ebfdd4eb204a171b466b4cc2202311aa33bbe3781f8b4914d9
tcn,mixed,17,bandpass_n20002_cV4_independent_rms_s15,phase2/results/predictions/full/mixed/tcn/seed_17/bandpass_n20002_cV4_independent_rms_s15.npz,76429,a88567a4dd4f18d37605e37fe4d1c06744cc17e04a03cfa19d0fa6226a04842e
tcn,mixed,17,bandpass_n20002_cV4_independent_rms_s10,phase2/results/predictions/full/mixed/tcn/seed_17/bandpass_n20002_cV4_independent_rms_s10.npz,76438,130d2e17af6d2da14cfc7806461b8ff25186b19373f562c445b757bcd6b5d3e5
tcn,mixed,17,bandpass_n20002_cV4_independent_rms_s5,phase2/results/predictions/full/mixed/tcn/seed_17/bandpass_n20002_cV4_independent_rms_s5.npz,76423,ec84903f1fe756688ebc11260016dbcbdf1b84eb3dcfbe3686a3845d8bee0f4a
tcn,mixed,17,bandpass_n20002_cV4_independent_rms_s0,phase2/results/predictions/full/mixed/tcn/seed_17/bandpass_n20002_cV4_independent_rms_s0.npz,76315,9ceddc9fb22f6c150dfd2eb02ba9fc15d9fa2c8f216f3943b4f9eef9e973b879
tcn,mixed,17,bandpass_n20002_cV4_electrode_s20,phase2/results/predictions/full/mixed/tcn/seed_17/bandpass_n20002_cV4_electrode_s20.npz,76429,589ab213126ed664b92780ae80d0de164968688e7cb920088ea0e3920fd0e706
tcn,mixed,17,bandpass_n20002_cV4_electrode_s15,phase2/results/predictions/full/mixed/tcn/seed_17/bandpass_n20002_cV4_electrode_s15.npz,76444,917e7bf9ff88e89f1576ce91c2c9f970a8017bf41ca4a66b552562a2db6e1805
tcn,mixed,17,bandpass_n20002_cV4_electrode_s10,phase2/results/predictions/full/mixed/tcn/seed_17/bandpass_n20002_cV4_electrode_s10.npz,76406,eaf63c0e1e698153c2dc3522e2ce8d3dd6a6cc86150a3a168d4f3e889565e6b2
tcn,mixed,17,bandpass_n20002_cV4_electrode_s5,phase2/results/predictions/full/mixed/tcn/seed_17/bandpass_n20002_cV4_electrode_s5.npz,76413,68d9e3eb76139d95482f87ee2cde006f754a5e5beb378ce7e580a2e98dbcdb60
tcn,mixed,17,bandpass_n20002_cV4_electrode_s0,phase2/results/predictions/full/mixed/tcn/seed_17/bandpass_n20002_cV4_electrode_s0.npz,76270,a3906d2c5e3c675bf53c5d606cb20ba31bb9296c3669f7ea01973a82bb726ac2
tcn,mixed,17,bandpass_n20002_cV4_covariance_s20,phase2/results/predictions/full/mixed/tcn/seed_17/bandpass_n20002_cV4_covariance_s20.npz,76437,0f4f9efef529ab904d666425010b4d73bf32f49d4c2ad74eca578f7b102cc261
tcn,mixed,17,bandpass_n20002_cV4_covariance_s15,phase2/results/predictions/full/mixed/tcn/seed_17/bandpass_n20002_cV4_covariance_s15.npz,76430,bfa15b144dd405ad25d5e439add43fe4cd87b331b51e3e26f14830189e31ef8b
tcn,mixed,17,bandpass_n20002_cV4_covariance_s10,phase2/results/predictions/full/mixed/tcn/seed_17/bandpass_n20002_cV4_covariance_s10.npz,76460,869f7bf09f6bdae5e97b6f952352c21d1ab18986c6539a1df9cdbf1b72f80e63
tcn,mixed,17,bandpass_n20002_cV4_covariance_s5,phase2/results/predictions/full/mixed/tcn/seed_17/bandpass_n20002_cV4_covariance_s5.npz,76373,befe846165653ce079c0e13fea03a15465d9f19ff72557dba37b79a9b517f5ab
tcn,mixed,17,bandpass_n20002_cV4_covariance_s0,phase2/results/predictions/full/mixed/tcn/seed_17/bandpass_n20002_cV4_covariance_s0.npz,76302,d4eb2b8c142eb1e8a1686a95741b17fb3d4986973a75385c44a7e3ae618168ba
tcn,mixed,17,bandpass_n20002_cV5_independent_rms_s20,phase2/results/predictions/full/mixed/tcn/seed_17/bandpass_n20002_cV5_independent_rms_s20.npz,76458,b670847f254ea5b943d584fc37e9511ca6e2a057e48cacd8b51281afa2675e99
tcn,mixed,17,bandpass_n20002_cV5_independent_rms_s15,phase2/results/predictions/full/mixed/tcn/seed_17/bandpass_n20002_cV5_independent_rms_s15.npz,76452,9ec5b9f6470d6106b7e40ca63cf8a909fb684439857db199f838e56d84f22adb
tcn,mixed,17,bandpass_n20002_cV5_independent_rms_s10,phase2/results/predictions/full/mixed/tcn/seed_17/bandpass_n20002_cV5_independent_rms_s10.npz,76421,6e9fda95ba81a125e7bfe167c82d5806ddb2c5a214f433ce587e48073b45d145
tcn,mixed,17,bandpass_n20002_cV5_independent_rms_s5,phase2/results/predictions/full/mixed/tcn/seed_17/bandpass_n20002_cV5_independent_rms_s5.npz,76319,3daa32b0d4ea3bbe9f9ae9067cd9b61e978f976f336c7e447ed7a0d119a92d67
tcn,mixed,17,bandpass_n20002_cV5_independent_rms_s0,phase2/results/predictions/full/mixed/tcn/seed_17/bandpass_n20002_cV5_independent_rms_s0.npz,76114,b58a26a8f9252c24ccada6a3879a9f885a2d9e82c6454e10add630913e530056
tcn,mixed,17,bandpass_n20002_cV5_electrode_s20,phase2/results/predictions/full/mixed/tcn/seed_17/bandpass_n20002_cV5_electrode_s20.npz,76442,f5d1b73cdd759d3fd9865a654b0d9858ce72bb5349dee8ddcbb099b15656008c
tcn,mixed,17,bandpass_n20002_cV5_electrode_s15,phase2/results/predictions/full/mixed/tcn/seed_17/bandpass_n20002_cV5_electrode_s15.npz,76423,9a3854637cf3e0c273790932dda808af95da50161299bc034f6762f8ebe13252
tcn,mixed,17,bandpass_n20002_cV5_electrode_s10,phase2/results/predictions/full/mixed/tcn/seed_17/bandpass_n20002_cV5_electrode_s10.npz,76398,085e08af764fdfc6922cfe63015815f1332d2e3f193d3a8917c9f41f7c408875
tcn,mixed,17,bandpass_n20002_cV5_electrode_s5,phase2/results/predictions/full/mixed/tcn/seed_17/bandpass_n20002_cV5_electrode_s5.npz,76263,cbf2caffd77507b84bc0178da9163f60a45abd4bcf72c0fe558d5226fb7aa4fe
tcn,mixed,17,bandpass_n20002_cV5_electrode_s0,phase2/results/predictions/full/mixed/tcn/seed_17/bandpass_n20002_cV5_electrode_s0.npz,76089,ffff810462dc9e7772d5bbfcae0cbbdf41516c0427afeb7db3d47c5156f0a7ad
tcn,mixed,17,bandpass_n20002_cV5_covariance_s20,phase2/results/predictions/full/mixed/tcn/seed_17/bandpass_n20002_cV5_covariance_s20.npz,76415,55dec1ce3219b0c44167ae184f0f1e4738d0b6824987a9376adb5200e4bf346e
tcn,mixed,17,bandpass_n20002_cV5_covariance_s15,phase2/results/predictions/full/mixed/tcn/seed_17/bandpass_n20002_cV5_covariance_s15.npz,76420,03d669d107464cc1189d032935bbbe9ccc3b0dee1b8387dec9399b93e58f2997
tcn,mixed,17,bandpass_n20002_cV5_covariance_s10,phase2/results/predictions/full/mixed/tcn/seed_17/bandpass_n20002_cV5_covariance_s10.npz,76401,b122de73f5f738a901bc3f4f739c00f3fd9cd9ff36b316db1386ce2d26fbd7c3
tcn,mixed,17,bandpass_n20002_cV5_covariance_s5,phase2/results/predictions/full/mixed/tcn/seed_17/bandpass_n20002_cV5_covariance_s5.npz,76304,7ec437dd051d895b15f8a5b3a0192df53e0865c29bb59ac38bd2ea1c55d4d979
tcn,mixed,17,bandpass_n20002_cV5_covariance_s0,phase2/results/predictions/full/mixed/tcn/seed_17/bandpass_n20002_cV5_covariance_s0.npz,76091,ec3db408fd2396431fede1704a435bbaae06110ef17d1aee78f65ff8129b53dd
tcn,mixed,17,bandpass_n20002_cV6_independent_rms_s20,phase2/results/predictions/full/mixed/tcn/seed_17/bandpass_n20002_cV6_independent_rms_s20.npz,76416,5aab25f7937b0992f594a872d21226596773c563e0f4fbbe82bc23fda106a29c
tcn,mixed,17,bandpass_n20002_cV6_independent_rms_s15,phase2/results/predictions/full/mixed/tcn/seed_17/bandpass_n20002_cV6_independent_rms_s15.npz,76453,608e5a0aa8c076af548b4fc5e6c58355955006683c843ab1605079d7cb3f182b
tcn,mixed,17,bandpass_n20002_cV6_independent_rms_s10,phase2/results/predictions/full/mixed/tcn/seed_17/bandpass_n20002_cV6_independent_rms_s10.npz,76413,ca164a856253c4ef85388d07e8e428fd4ac1b79e0347f6b0bb1f02ad9a3bceae
tcn,mixed,17,bandpass_n20002_cV6_independent_rms_s5,phase2/results/predictions/full/mixed/tcn/seed_17/bandpass_n20002_cV6_independent_rms_s5.npz,76324,d62c227e987a6d60540a880ccdca1e946efe30b0ade0bdf9462cb91eb5d52be7
tcn,mixed,17,bandpass_n20002_cV6_independent_rms_s0,phase2/results/predictions/full/mixed/tcn/seed_17/bandpass_n20002_cV6_independent_rms_s0.npz,76034,0b1f949ec68cc80b6d21f6739deec5a10b3bea914dc2664052c66b580b610f09
tcn,mixed,17,bandpass_n20002_cV6_electrode_s20,phase2/results/predictions/full/mixed/tcn/seed_17/bandpass_n20002_cV6_electrode_s20.npz,76419,996f27aefdccf7726752901da0ae6367ff6fc9e19851a05dbe82ec29f8d7208e
tcn,mixed,17,bandpass_n20002_cV6_electrode_s15,phase2/results/predictions/full/mixed/tcn/seed_17/bandpass_n20002_cV6_electrode_s15.npz,76426,8584fb30630307ac35ea71917814ec221422f2a7f950ee092a957b361c705124
tcn,mixed,17,bandpass_n20002_cV6_electrode_s10,phase2/results/predictions/full/mixed/tcn/seed_17/bandpass_n20002_cV6_electrode_s10.npz,76396,e765dfc2e5ca51953c1bdd3097eebab029c9ffe3bb51e96d11cd47428d65b238
tcn,mixed,17,bandpass_n20002_cV6_electrode_s5,phase2/results/predictions/full/mixed/tcn/seed_17/bandpass_n20002_cV6_electrode_s5.npz,76320,cc82ebad0b60ae080e9f3ea00e3cf616d52a66d3189b1045d5ce38d3d11dd5b2
tcn,mixed,17,bandpass_n20002_cV6_electrode_s0,phase2/results/predictions/full/mixed/tcn/seed_17/bandpass_n20002_cV6_electrode_s0.npz,76008,6e6aaf32696a9a14b10cd93bcf2721ebd48e5a21630dff7d6bdbddc78715d2bb
tcn,mixed,17,bandpass_n20002_cV6_covariance_s20,phase2/results/predictions/full/mixed/tcn/seed_17/bandpass_n20002_cV6_covariance_s20.npz,76461,f873a2587dc9957099890619a516b2cd846ec4aba4a5296707567fdb709418cf
tcn,mixed,17,bandpass_n20002_cV6_covariance_s15,phase2/results/predictions/full/mixed/tcn/seed_17/bandpass_n20002_cV6_covariance_s15.npz,76433,5be79677a0156fc35d713b741dfaf770cd30f7e0ebefdcf4565142dc1f98188f
tcn,mixed,17,bandpass_n20002_cV6_covariance_s10,phase2/results/predictions/full/mixed/tcn/seed_17/bandpass_n20002_cV6_covariance_s10.npz,76391,9607410564423dec56735a6df1b43e904365843df1e130e639038ca91b62c735
tcn,mixed,17,bandpass_n20002_cV6_covariance_s5,phase2/results/predictions/full/mixed/tcn/seed_17/bandpass_n20002_cV6_covariance_s5.npz,76301,ce2668b6475558ca717dd5c5e7d3d8515bd29bd018a96fe34187675c5d9374cc
tcn,mixed,17,bandpass_n20002_cV6_covariance_s0,phase2/results/predictions/full/mixed/tcn/seed_17/bandpass_n20002_cV6_covariance_s0.npz,76007,7cf2f3b284be08c3ccdfbd93096733fbbcdd5b2541ebb7204497a0f07cb2ddd6
tcn,mixed,17,bandpass_n20002_cRA_LA_independent_rms_s20,phase2/results/predictions/full/mixed/tcn/seed_17/bandpass_n20002_cRA_LA_independent_rms_s20.npz,76461,5f7c7bffb1c7e7d37e1880e90f81abd61cf8bbf23c8447474af09b1124208ace
tcn,mixed,17,bandpass_n20002_cRA_LA_independent_rms_s15,phase2/results/predictions/full/mixed/tcn/seed_17/bandpass_n20002_cRA_LA_independent_rms_s15.npz,76451,efce66d403926ce386a73e1faecf89ef6dacbc0851d80f3544365dc4cfedb934
tcn,mixed,17,bandpass_n20002_cRA_LA_independent_rms_s10,phase2/results/predictions/full/mixed/tcn/seed_17/bandpass_n20002_cRA_LA_independent_rms_s10.npz,76410,0650ee6c36f01e89841fb9aac5d950b84ba686d0cda04f030ef8ccc12f650929
tcn,mixed,17,bandpass_n20002_cRA_LA_independent_rms_s5,phase2/results/predictions/full/mixed/tcn/seed_17/bandpass_n20002_cRA_LA_independent_rms_s5.npz,76272,574a2c06f4e39c4d5840fdc586ce72690d6fc12421a98a77b3eb762774a35946
tcn,mixed,17,bandpass_n20002_cRA_LA_independent_rms_s0,phase2/results/predictions/full/mixed/tcn/seed_17/bandpass_n20002_cRA_LA_independent_rms_s0.npz,75983,b5bbf11c0f5202856f4518e11fe023f4f0a797e1276f51b312b3dd0f8ed445bc
tcn,mixed,17,bandpass_n20002_cRA_LA_electrode_s20,phase2/results/predictions/full/mixed/tcn/seed_17/bandpass_n20002_cRA_LA_electrode_s20.npz,76428,38eb3cd3200aebae7da67be54f1a0bb1732e5fbb315853d4d440c796ebab1efe
tcn,mixed,17,bandpass_n20002_cRA_LA_electrode_s15,phase2/results/predictions/full/mixed/tcn/seed_17/bandpass_n20002_cRA_LA_electrode_s15.npz,76430,db16956a256c614af4ceb0aaf3506741a2bdf5bb04dadf5e6c501141c52b3d7c
tcn,mixed,17,bandpass_n20002_cRA_LA_electrode_s10,phase2/results/predictions/full/mixed/tcn/seed_17/bandpass_n20002_cRA_LA_electrode_s10.npz,76355,197fb59a4785a65cd3314061a087a4c258c1aba08e3c35c4d94468d35a568d88
tcn,mixed,17,bandpass_n20002_cRA_LA_electrode_s5,phase2/results/predictions/full/mixed/tcn/seed_17/bandpass_n20002_cRA_LA_electrode_s5.npz,76156,97d7f99a8295272e55212edc570df04fdb92812215c16992d073aac63ddc843e
tcn,mixed,17,bandpass_n20002_cRA_LA_electrode_s0,phase2/results/predictions/full/mixed/tcn/seed_17/bandpass_n20002_cRA_LA_electrode_s0.npz,75707,1447a0d15462d419fbc8fcec65fdabcb8f83d09102d14f5d39a28b1f47af800f
tcn,mixed,17,bandpass_n20002_cRA_LA_covariance_s20,phase2/results/predictions/full/mixed/tcn/seed_17/bandpass_n20002_cRA_LA_covariance_s20.npz,76427,c1bba36b7ce30feac84ead113da9775ea23c9c925ed99e4d930d0ad4885f70c7
tcn,mixed,17,bandpass_n20002_cRA_LA_covariance_s15,phase2/results/predictions/full/mixed/tcn/seed_17/bandpass_n20002_cRA_LA_covariance_s15.npz,76417,cd454ed7b22fd95eb7b1fe9c8b654d434eb60fd4af9a963cc029cadda0f033dc
tcn,mixed,17,bandpass_n20002_cRA_LA_covariance_s10,phase2/results/predictions/full/mixed/tcn/seed_17/bandpass_n20002_cRA_LA_covariance_s10.npz,76374,e824352a34a9995bdc1d49e4c8d958afcbc9c00ee43f0fe9f503678b67bceae2
tcn,mixed,17,bandpass_n20002_cRA_LA_covariance_s5,phase2/results/predictions/full/mixed/tcn/seed_17/bandpass_n20002_cRA_LA_covariance_s5.npz,76161,598b44aff3bb49a23685acfab33f6909385e753b219b9de00967c3189d0bd58d
tcn,mixed,17,bandpass_n20002_cRA_LA_covariance_s0,phase2/results/predictions/full/mixed/tcn/seed_17/bandpass_n20002_cRA_LA_covariance_s0.npz,75673,1f3f4e38fe84e1ac72c2c951482145e0375baa8ccf667b13c7a1e88d2e49b86d
tcn,mixed,17,bandpass_n20002_cLA_LL_independent_rms_s20,phase2/results/predictions/full/mixed/tcn/seed_17/bandpass_n20002_cLA_LL_independent_rms_s20.npz,76448,8c158095df3236e85f17c8cdc9d727694f39c23b185a2be1c6d7de6432804d1d
tcn,mixed,17,bandpass_n20002_cLA_LL_independent_rms_s15,phase2/results/predictions/full/mixed/tcn/seed_17/bandpass_n20002_cLA_LL_independent_rms_s15.npz,76448,bab2d516d3b47bfa6cc9c68fc61cae6bf24d26f51d8edb8bde7dd7690a4a4833
tcn,mixed,17,bandpass_n20002_cLA_LL_independent_rms_s10,phase2/results/predictions/full/mixed/tcn/seed_17/bandpass_n20002_cLA_LL_independent_rms_s10.npz,76388,9c3dfe51ece83d0a8296e70bc8796550e38acf6c8edb3d3683d0d9aac99c545f
tcn,mixed,17,bandpass_n20002_cLA_LL_independent_rms_s5,phase2/results/predictions/full/mixed/tcn/seed_17/bandpass_n20002_cLA_LL_independent_rms_s5.npz,76274,cb1121259df4bb48b3de28135caa3d05ce3650a109dbd85831cb464101b2cb90
tcn,mixed,17,bandpass_n20002_cLA_LL_independent_rms_s0,phase2/results/predictions/full/mixed/tcn/seed_17/bandpass_n20002_cLA_LL_independent_rms_s0.npz,75975,b2a80d6199870100f1c2a1e978434e3486f0fdd4d68039659ac3497efa97f5ea
tcn,mixed,17,bandpass_n20002_cLA_LL_electrode_s20,phase2/results/predictions/full/mixed/tcn/seed_17/bandpass_n20002_cLA_LL_electrode_s20.npz,76425,6eabaa6071f985026be81f97acf36ca73b9c9135f012867b0cab6c14fdd857e3
tcn,mixed,17,bandpass_n20002_cLA_LL_electrode_s15,phase2/results/predictions/full/mixed/tcn/seed_17/bandpass_n20002_cLA_LL_electrode_s15.npz,76420,b685b0d80c5535be11683d18f61a201d2b83967a05d487f8b277e78a3c3d78bb
tcn,mixed,17,bandpass_n20002_cLA_LL_electrode_s10,phase2/results/predictions/full/mixed/tcn/seed_17/bandpass_n20002_cLA_LL_electrode_s10.npz,76384,6c968875574a31b816d086e2d5534d144df6813be7a7045594ea56da14838257
tcn,mixed,17,bandpass_n20002_cLA_LL_electrode_s5,phase2/results/predictions/full/mixed/tcn/seed_17/bandpass_n20002_cLA_LL_electrode_s5.npz,76227,d304917425c7b1e5d812a963ef67e7cca88f39da2920538a3a2d157c726549cf
tcn,mixed,17,bandpass_n20002_cLA_LL_electrode_s0,phase2/results/predictions/full/mixed/tcn/seed_17/bandpass_n20002_cLA_LL_electrode_s0.npz,75800,cc8d74a2c5a86742ff3e8b67a34a7ac728511836efd20cb07ff86f7e976bf833
tcn,mixed,17,bandpass_n20002_cLA_LL_covariance_s20,phase2/results/predictions/full/mixed/tcn/seed_17/bandpass_n20002_cLA_LL_covariance_s20.npz,76439,45b0b100c58ecadea47c90230d9482e620e1ef78cf2dfcc96cd8a12d7747b34d
tcn,mixed,17,bandpass_n20002_cLA_LL_covariance_s15,phase2/results/predictions/full/mixed/tcn/seed_17/bandpass_n20002_cLA_LL_covariance_s15.npz,76442,a4fe5a82e01b41705b68ea7190310687d362cab2090107c01015a7f67604fc29
tcn,mixed,17,bandpass_n20002_cLA_LL_covariance_s10,phase2/results/predictions/full/mixed/tcn/seed_17/bandpass_n20002_cLA_LL_covariance_s10.npz,76399,6f5910447890679073b4a943baa8b7db5104c065e75a89ea3c700701a1513990
tcn,mixed,17,bandpass_n20002_cLA_LL_covariance_s5,phase2/results/predictions/full/mixed/tcn/seed_17/bandpass_n20002_cLA_LL_covariance_s5.npz,76214,02e55793fc71813a520d9d9521b835bb07c78653adfbdbf7c5ecb1090ad69ed2
tcn,mixed,17,bandpass_n20002_cLA_LL_covariance_s0,phase2/results/predictions/full/mixed/tcn/seed_17/bandpass_n20002_cLA_LL_covariance_s0.npz,75826,a0873f1784af1a976f4b5542fe0b3815a7dca20a15a58cf181797aa42ea47ced
tcn,mixed,17,bandpass_n20002_cRA_LL_independent_rms_s20,phase2/results/predictions/full/mixed/tcn/seed_17/bandpass_n20002_cRA_LL_independent_rms_s20.npz,76486,b414e91d9a86b1b6147b66af32d045ec1e59d462f5e8a2df7f4e3dea0bab61dc
tcn,mixed,17,bandpass_n20002_cRA_LL_independent_rms_s15,phase2/results/predictions/full/mixed/tcn/seed_17/bandpass_n20002_cRA_LL_independent_rms_s15.npz,76462,b6cfac0551e778fdbc603fe3ffb3d92e3c746586364f425908f8dba63812054d
tcn,mixed,17,bandpass_n20002_cRA_LL_independent_rms_s10,phase2/results/predictions/full/mixed/tcn/seed_17/bandpass_n20002_cRA_LL_independent_rms_s10.npz,76418,a0061c42c2c1673f1742a3d4ad7ee5c8c85c220da17c594724fbaefab21b8428
tcn,mixed,17,bandpass_n20002_cRA_LL_independent_rms_s5,phase2/results/predictions/full/mixed/tcn/seed_17/bandpass_n20002_cRA_LL_independent_rms_s5.npz,76221,ff3d27a0be9c7744e0c5aa8af50566c484528f3cd3466754766a0eefcb02bcad
tcn,mixed,17,bandpass_n20002_cRA_LL_independent_rms_s0,phase2/results/predictions/full/mixed/tcn/seed_17/bandpass_n20002_cRA_LL_independent_rms_s0.npz,75846,c0378725a58aa49989d12022ae0b111e4eac02e90559bc33d9bcf160d8db1d4f
tcn,mixed,17,bandpass_n20002_cRA_LL_electrode_s20,phase2/results/predictions/full/mixed/tcn/seed_17/bandpass_n20002_cRA_LL_electrode_s20.npz,76445,de655bd6fc60d5ff9f1ab7ee11d49987aac3612df6faaef9ff181458327566f0
tcn,mixed,17,bandpass_n20002_cRA_LL_electrode_s15,phase2/results/predictions/full/mixed/tcn/seed_17/bandpass_n20002_cRA_LL_electrode_s15.npz,76417,1ddc77cd972c374bd344ddadb549d3b7a99cfebe5cb6cac8da52dcae6698c104
tcn,mixed,17,bandpass_n20002_cRA_LL_electrode_s10,phase2/results/predictions/full/mixed/tcn/seed_17/bandpass_n20002_cRA_LL_electrode_s10.npz,76335,8963f3e6b124108297c50b42b93aaa3bb5e13cfe515446a751015bf95fef26d0
tcn,mixed,17,bandpass_n20002_cRA_LL_electrode_s5,phase2/results/predictions/full/mixed/tcn/seed_17/bandpass_n20002_cRA_LL_electrode_s5.npz,76159,a862e4edb0b4911a9468029198707ae9c1049e3a08b94302b2b8a2fa12143599
tcn,mixed,17,bandpass_n20002_cRA_LL_electrode_s0,phase2/results/predictions/full/mixed/tcn/seed_17/bandpass_n20002_cRA_LL_electrode_s0.npz,75723,83f0a63f00a0bb281763cca4799e07be953dd9b34479e9fae73abc509786820f
tcn,mixed,17,bandpass_n20002_cRA_LL_covariance_s20,phase2/results/predictions/full/mixed/tcn/seed_17/bandpass_n20002_cRA_LL_covariance_s20.npz,76452,60e43ecefdb3d3645557a4de64febab8f40feb0b72fe625bd7678d5a54f9276a
tcn,mixed,17,bandpass_n20002_cRA_LL_covariance_s15,phase2/results/predictions/full/mixed/tcn/seed_17/bandpass_n20002_cRA_LL_covariance_s15.npz,76407,d8bdd22ff0c1693c86f8a0b4311b8b386498ab38334a646a12a788e719428add
tcn,mixed,17,bandpass_n20002_cRA_LL_covariance_s10,phase2/results/predictions/full/mixed/tcn/seed_17/bandpass_n20002_cRA_LL_covariance_s10.npz,76359,6dd59ff6c0eb761bd415806cd785e8d42ff1189511504a5d7c960e4df14e562f
tcn,mixed,17,bandpass_n20002_cRA_LL_covariance_s5,phase2/results/predictions/full/mixed/tcn/seed_17/bandpass_n20002_cRA_LL_covariance_s5.npz,76190,702d9d85f0e699a3650e2f31fc4f571095a049fcb39cd29148462be11f9e88ee
tcn,mixed,17,bandpass_n20002_cRA_LL_covariance_s0,phase2/results/predictions/full/mixed/tcn/seed_17/bandpass_n20002_cRA_LL_covariance_s0.npz,75707,6a633828ea79527d452ab03bd704160aa8d435d71225ae17294ce0af55e4e4aa
tcn,mixed,17,bandpass_n20002_cRA_independent_rms_s20,phase2/results/predictions/full/mixed/tcn/seed_17/bandpass_n20002_cRA_independent_rms_s20.npz,76428,b136098f9883dddc60dd8d550f1bfb875103b0c43b20962fdf52455511c51d87
tcn,mixed,17,bandpass_n20002_cRA_independent_rms_s15,phase2/results/predictions/full/mixed/tcn/seed_17/bandpass_n20002_cRA_independent_rms_s15.npz,76424,5ebde5a9039407d9036f8862f008ae097de2bbd90e5f3a0fb71d586eb4a879b2
tcn,mixed,17,bandpass_n20002_cRA_independent_rms_s10,phase2/results/predictions/full/mixed/tcn/seed_17/bandpass_n20002_cRA_independent_rms_s10.npz,76390,968b0b680583438d5d51272d36b0fc2716e1c623961e289f4626db86a838f8e7
tcn,mixed,17,bandpass_n20002_cRA_independent_rms_s5,phase2/results/predictions/full/mixed/tcn/seed_17/bandpass_n20002_cRA_independent_rms_s5.npz,76238,193faac0ba9ec104e0d15a3202c132cf278dce7dfaef8f2ccc640dac0db4f323
tcn,mixed,17,bandpass_n20002_cRA_independent_rms_s0,phase2/results/predictions/full/mixed/tcn/seed_17/bandpass_n20002_cRA_independent_rms_s0.npz,75927,cfd2a0d1119016b4caeaac60e697edbe77ecacc10fe983cae37c1eeb373bda47
tcn,mixed,17,bandpass_n20002_cRA_electrode_s20,phase2/results/predictions/full/mixed/tcn/seed_17/bandpass_n20002_cRA_electrode_s20.npz,76424,f87d4f7d91873ff3a1b4a4720007b603c66a2e32d42ff7b9799ab50d5a486008
tcn,mixed,17,bandpass_n20002_cRA_electrode_s15,phase2/results/predictions/full/mixed/tcn/seed_17/bandpass_n20002_cRA_electrode_s15.npz,76385,b0ace9e55bb29085002c6b1bc68bdd72d6e9f22324a919869c0706acf1450f8a
tcn,mixed,17,bandpass_n20002_cRA_electrode_s10,phase2/results/predictions/full/mixed/tcn/seed_17/bandpass_n20002_cRA_electrode_s10.npz,76330,de5d7c85b7afc29e2cac77c34789404e3a9cfdb677c105a77d75109f5b762772
tcn,mixed,17,bandpass_n20002_cRA_electrode_s5,phase2/results/predictions/full/mixed/tcn/seed_17/bandpass_n20002_cRA_electrode_s5.npz,76159,5f9e435315290feed9d33a8492a8392ae30e1bb3052aaf70ebce5b5a1801c701
tcn,mixed,17,bandpass_n20002_cRA_electrode_s0,phase2/results/predictions/full/mixed/tcn/seed_17/bandpass_n20002_cRA_electrode_s0.npz,75826,4cafdb62e61ad52fb2e3d80e459e68355cc2ad0508c38d70fdafbe66749e26b1
tcn,mixed,17,bandpass_n20002_cRA_covariance_s20,phase2/results/predictions/full/mixed/tcn/seed_17/bandpass_n20002_cRA_covariance_s20.npz,76422,7c5fa46b4eec1df8506f585002dee6b706a100e9e22a7677d9854f07d1282f77
tcn,mixed,17,bandpass_n20002_cRA_covariance_s15,phase2/results/predictions/full/mixed/tcn/seed_17/bandpass_n20002_cRA_covariance_s15.npz,76402,21029af356209ab23a9d50d24971650a705bd31f7f62ab524e94834dd41bb84f
tcn,mixed,17,bandpass_n20002_cRA_covariance_s10,phase2/results/predictions/full/mixed/tcn/seed_17/bandpass_n20002_cRA_covariance_s10.npz,76337,400369470d0ccd692cbeab2f6f932c53bc81d89f6c3340fb225603f25bb9cb5d
tcn,mixed,17,bandpass_n20002_cRA_covariance_s5,phase2/results/predictions/full/mixed/tcn/seed_17/bandpass_n20002_cRA_covariance_s5.npz,76160,cafbcacd128228397fc84b90d1a4f5aed40169bf46ae36cc74397d8f5864f620
tcn,mixed,17,bandpass_n20002_cRA_covariance_s0,phase2/results/predictions/full/mixed/tcn/seed_17/bandpass_n20002_cRA_covariance_s0.npz,75814,ade8724ec659d2582626d480dcc6430f1a46c10b0f71870ce2f0ed992cbaf73c
tcn,mixed,17,bandpass_n20002_cLA_independent_rms_s20,phase2/results/predictions/full/mixed/tcn/seed_17/bandpass_n20002_cLA_independent_rms_s20.npz,76418,fcb53394b978616ec97d57588a9bdd4e7f1cae6c7d20cc1f79f3a879fc09b760
tcn,mixed,17,bandpass_n20002_cLA_independent_rms_s15,phase2/results/predictions/full/mixed/tcn/seed_17/bandpass_n20002_cLA_independent_rms_s15.npz,76430,75f67b49643a49e507afae50e36ded4a768258b78a581f16e88dedcc3314ce4a
tcn,mixed,17,bandpass_n20002_cLA_independent_rms_s10,phase2/results/predictions/full/mixed/tcn/seed_17/bandpass_n20002_cLA_independent_rms_s10.npz,76384,a25d5912654a9d5f3c75340b343728d843aae9a0ce221d6316f8b26a243e1725
tcn,mixed,17,bandpass_n20002_cLA_independent_rms_s5,phase2/results/predictions/full/mixed/tcn/seed_17/bandpass_n20002_cLA_independent_rms_s5.npz,76312,73414d9477d5cfe78f0b69ed5d501486621f8fe460ca4a9ab9bd29d5fe63ec99
tcn,mixed,17,bandpass_n20002_cLA_independent_rms_s0,phase2/results/predictions/full/mixed/tcn/seed_17/bandpass_n20002_cLA_independent_rms_s0.npz,76091,dac50ef522e1e8a0efef1d4fc1c560a31776e94aab95ddf38d63c9f30326804d
tcn,mixed,17,bandpass_n20002_cLA_electrode_s20,phase2/results/predictions/full/mixed/tcn/seed_17/bandpass_n20002_cLA_electrode_s20.npz,76446,18da2a35619850663b799541b603762cec93bcae2ca73dbfb5583c968138fd23
tcn,mixed,17,bandpass_n20002_cLA_electrode_s15,phase2/results/predictions/full/mixed/tcn/seed_17/bandpass_n20002_cLA_electrode_s15.npz,76402,f440da3c5845f99ec8433390ccc9ffb7611863682ec2f3596e209686e6a6ec17
tcn,mixed,17,bandpass_n20002_cLA_electrode_s10,phase2/results/predictions/full/mixed/tcn/seed_17/bandpass_n20002_cLA_electrode_s10.npz,76343,6350ca2eb0b50adc7af0412ca6a72410f28c77de4cdb6cc3a0939cd67a2851d5
tcn,mixed,17,bandpass_n20002_cLA_electrode_s5,phase2/results/predictions/full/mixed/tcn/seed_17/bandpass_n20002_cLA_electrode_s5.npz,76181,4d7fdbf126c544902b0921954a06dd826373ed04a4b5d2ae2caf6f03713d6f7a
tcn,mixed,17,bandpass_n20002_cLA_electrode_s0,phase2/results/predictions/full/mixed/tcn/seed_17/bandpass_n20002_cLA_electrode_s0.npz,75816,fdb840a612b8de6e0dc02fdb37b691dc33f5340ed354119f90f523052f57cbfe
tcn,mixed,17,bandpass_n20002_cLA_covariance_s20,phase2/results/predictions/full/mixed/tcn/seed_17/bandpass_n20002_cLA_covariance_s20.npz,76410,3240e80cf5553aaeadefb316799cde4b355a942b00319dceb0844c81f36efcd8
tcn,mixed,17,bandpass_n20002_cLA_covariance_s15,phase2/results/predictions/full/mixed/tcn/seed_17/bandpass_n20002_cLA_covariance_s15.npz,76429,422672e54611a56e0c712a81b77d3c7e38eb80a2a18f5d2fa8acb9d57289570d
tcn,mixed,17,bandpass_n20002_cLA_covariance_s10,phase2/results/predictions/full/mixed/tcn/seed_17/bandpass_n20002_cLA_covariance_s10.npz,76383,faf6414d314f02c7b79e22800f441471565ef0ab098520fad51bd0e7cad03a06
tcn,mixed,17,bandpass_n20002_cLA_covariance_s5,phase2/results/predictions/full/mixed/tcn/seed_17/bandpass_n20002_cLA_covariance_s5.npz,76228,33e86b41617f52fa39f8bd275a63d20f20814a0b78af0699fc78127126ea35c6
tcn,mixed,17,bandpass_n20002_cLA_covariance_s0,phase2/results/predictions/full/mixed/tcn/seed_17/bandpass_n20002_cLA_covariance_s0.npz,75828,244a9c8b20e2ccbc3efb586fedde348fde768b8add5d262b90fd5b9225d85f88
tcn,mixed,17,bandpass_n20002_cLL_independent_rms_s20,phase2/results/predictions/full/mixed/tcn/seed_17/bandpass_n20002_cLL_independent_rms_s20.npz,76437,f6bb75eec96903aee6ecac28ee306937774676302686624eb5a3b37f9eda8cd9
tcn,mixed,17,bandpass_n20002_cLL_independent_rms_s15,phase2/results/predictions/full/mixed/tcn/seed_17/bandpass_n20002_cLL_independent_rms_s15.npz,76454,cd87d6cfc126ac1929d30a6987b7b5a8619d78bac96f8909389799a190a6a004
tcn,mixed,17,bandpass_n20002_cLL_independent_rms_s10,phase2/results/predictions/full/mixed/tcn/seed_17/bandpass_n20002_cLL_independent_rms_s10.npz,76393,ac02fec83af0f0bc9cd3f6124eca384caa92209561ba1fbd8fc205c3daa24827
tcn,mixed,17,bandpass_n20002_cLL_independent_rms_s5,phase2/results/predictions/full/mixed/tcn/seed_17/bandpass_n20002_cLL_independent_rms_s5.npz,76225,f35bd4606c2d35024e51eff8125baeb5f9ec0752f3de6c9f257822da776b987d
tcn,mixed,17,bandpass_n20002_cLL_independent_rms_s0,phase2/results/predictions/full/mixed/tcn/seed_17/bandpass_n20002_cLL_independent_rms_s0.npz,75895,6620c2138409bf894ebdcf710fb627cef1d818f689096e404f60a6ddc00991fe
tcn,mixed,17,bandpass_n20002_cLL_electrode_s20,phase2/results/predictions/full/mixed/tcn/seed_17/bandpass_n20002_cLL_electrode_s20.npz,76419,15c9fa7e8beffe5dc4f057ef61d424c1013fe777ebdcce5845622275eb373775
tcn,mixed,17,bandpass_n20002_cLL_electrode_s15,phase2/results/predictions/full/mixed/tcn/seed_17/bandpass_n20002_cLL_electrode_s15.npz,76444,82af8346bbbd26d920e0e17360ac69669482b2527d7b16ed63c8f085424905d2
tcn,mixed,17,bandpass_n20002_cLL_electrode_s10,phase2/results/predictions/full/mixed/tcn/seed_17/bandpass_n20002_cLL_electrode_s10.npz,76376,adc2032a5b221902d73f254e4e2a2bfccf4449f56cb781ff8636f88e78534f95
tcn,mixed,17,bandpass_n20002_cLL_electrode_s5,phase2/results/predictions/full/mixed/tcn/seed_17/bandpass_n20002_cLL_electrode_s5.npz,76212,e4205ce569ee1628acd952d9254b1335d76852e8cda8bf7888ead91418d8e176
tcn,mixed,17,bandpass_n20002_cLL_electrode_s0,phase2/results/predictions/full/mixed/tcn/seed_17/bandpass_n20002_cLL_electrode_s0.npz,75821,c71acb6dcf8596536ca84534a6b5a78f2399f12bca32cfdcaa7a0ac13127f575
tcn,mixed,17,bandpass_n20002_cLL_covariance_s20,phase2/results/predictions/full/mixed/tcn/seed_17/bandpass_n20002_cLL_covariance_s20.npz,76443,c94d44cffe1bdda203227143361d5a46a87eb21b7f8528d20ae969ae41d4652c
tcn,mixed,17,bandpass_n20002_cLL_covariance_s15,phase2/results/predictions/full/mixed/tcn/seed_17/bandpass_n20002_cLL_covariance_s15.npz,76419,a422bab644033a52e27993b36be6e44dedb6e74de8ccf9481d7993e58a5b6aef
tcn,mixed,17,bandpass_n20002_cLL_covariance_s10,phase2/results/predictions/full/mixed/tcn/seed_17/bandpass_n20002_cLL_covariance_s10.npz,76350,0027c5e0f7e6f2395524f665fef9ed2b36069a188b39d2e5ad62b0cae42e8c77
tcn,mixed,17,bandpass_n20002_cLL_covariance_s5,phase2/results/predictions/full/mixed/tcn/seed_17/bandpass_n20002_cLL_covariance_s5.npz,76182,7c9683c127278c6bfb2421bc743434aca297e73a3f586b071636e9dc000e0c7e
tcn,mixed,17,bandpass_n20002_cLL_covariance_s0,phase2/results/predictions/full/mixed/tcn/seed_17/bandpass_n20002_cLL_covariance_s0.npz,75819,6cf863d0282ce3463e7bd66f298598fed5b3440c5be6b6817e6f1439460e3565
tcn,mixed,17,bandpass_n20002_cRA_V1_independent_rms_s20,phase2/results/predictions/full/mixed/tcn/seed_17/bandpass_n20002_cRA_V1_independent_rms_s20.npz,76427,84a1e8973fbd2e67e69b8ff836589e09ec32d1a36d67448e420881382c9a626f
tcn,mixed,17,bandpass_n20002_cRA_V1_independent_rms_s15,phase2/results/predictions/full/mixed/tcn/seed_17/bandpass_n20002_cRA_V1_independent_rms_s15.npz,76487,0b67df709bd8f38b0d1c7ec083eee2c49a6c5dd27cbf48c4916e9a3fddd7974c
tcn,mixed,17,bandpass_n20002_cRA_V1_independent_rms_s10,phase2/results/predictions/full/mixed/tcn/seed_17/bandpass_n20002_cRA_V1_independent_rms_s10.npz,76371,ade7b764b7e875880504e4aee649c3c8a21b1c6fab412f60603064d03e6147eb
tcn,mixed,17,bandpass_n20002_cRA_V1_independent_rms_s5,phase2/results/predictions/full/mixed/tcn/seed_17/bandpass_n20002_cRA_V1_independent_rms_s5.npz,76273,d6430308c13322280a7fd43ccf20dbae896ecc865cb7f67266bdc2419c14fc04
tcn,mixed,17,bandpass_n20002_cRA_V1_independent_rms_s0,phase2/results/predictions/full/mixed/tcn/seed_17/bandpass_n20002_cRA_V1_independent_rms_s0.npz,75915,5a94968fd40c0fb76bce3461ad3aba0f1937681cb819033b0619b2ba5e83544e
tcn,mixed,17,bandpass_n20002_cRA_V1_electrode_s20,phase2/results/predictions/full/mixed/tcn/seed_17/bandpass_n20002_cRA_V1_electrode_s20.npz,76445,45b5d2d6c85b8a6b4cfa5a8a05dcdb21a1a0f6ad3917b91a20a91891c8151e7a
tcn,mixed,17,bandpass_n20002_cRA_V1_electrode_s15,phase2/results/predictions/full/mixed/tcn/seed_17/bandpass_n20002_cRA_V1_electrode_s15.npz,76426,0b068cc0947c444ec1d676a19502f50b9f26f14a2b0ce06e529d4ee504458b09
tcn,mixed,17,bandpass_n20002_cRA_V1_electrode_s10,phase2/results/predictions/full/mixed/tcn/seed_17/bandpass_n20002_cRA_V1_electrode_s10.npz,76341,f345543db4bb75c0272d6d702fe298a27a41316a8c9063eaac5dfb8774eba0c0
tcn,mixed,17,bandpass_n20002_cRA_V1_electrode_s5,phase2/results/predictions/full/mixed/tcn/seed_17/bandpass_n20002_cRA_V1_electrode_s5.npz,76182,a242e1a13f864f28f760513f25cdf6d643f03e0b9d145d839ef88039d9b502a6
tcn,mixed,17,bandpass_n20002_cRA_V1_electrode_s0,phase2/results/predictions/full/mixed/tcn/seed_17/bandpass_n20002_cRA_V1_electrode_s0.npz,75864,a701cd72d19f541e87125653fd31dfc3b17fab1a64a3377fe94913fe022d7004
tcn,mixed,17,bandpass_n20002_cRA_V1_covariance_s20,phase2/results/predictions/full/mixed/tcn/seed_17/bandpass_n20002_cRA_V1_covariance_s20.npz,76416,c0f6b75fc73123950bafac62beca5bcbb4465a81e1abb09f960ce725329ef1ab
tcn,mixed,17,bandpass_n20002_cRA_V1_covariance_s15,phase2/results/predictions/full/mixed/tcn/seed_17/bandpass_n20002_cRA_V1_covariance_s15.npz,76438,c7c75ba295f9b677d5dc03ad4c30de48b3618e150ceafa4867d51a926efc2d18
tcn,mixed,17,bandpass_n20002_cRA_V1_covariance_s10,phase2/results/predictions/full/mixed/tcn/seed_17/bandpass_n20002_cRA_V1_covariance_s10.npz,76354,9cdcc8a7dae0dc86902d35c7a50a4f707e4113867546bf2ca1c82e543c67b11f
tcn,mixed,17,bandpass_n20002_cRA_V1_covariance_s5,phase2/results/predictions/full/mixed/tcn/seed_17/bandpass_n20002_cRA_V1_covariance_s5.npz,76183,7e4069146ae411ada2d86beee9e7371b6a5154b110463db1b27d465fc39e26db
tcn,mixed,17,bandpass_n20002_cRA_V1_covariance_s0,phase2/results/predictions/full/mixed/tcn/seed_17/bandpass_n20002_cRA_V1_covariance_s0.npz,75865,b08f77cef2deb57729732262b3c1d1f979e76dff937d2a1b4701884b521cb2c9
tcn,mixed,17,bandpass_n20002_cLA_V6_independent_rms_s20,phase2/results/predictions/full/mixed/tcn/seed_17/bandpass_n20002_cLA_V6_independent_rms_s20.npz,76452,49f080a492860a3bc8a69392591db818bbbc0e2852cc44c76ed39a5a64d27ad4
tcn,mixed,17,bandpass_n20002_cLA_V6_independent_rms_s15,phase2/results/predictions/full/mixed/tcn/seed_17/bandpass_n20002_cLA_V6_independent_rms_s15.npz,76441,fbdc34a9186eb55ca05738c4c7d58bc1eed79161f3b1d60c44cdcda2208e6803
tcn,mixed,17,bandpass_n20002_cLA_V6_independent_rms_s10,phase2/results/predictions/full/mixed/tcn/seed_17/bandpass_n20002_cLA_V6_independent_rms_s10.npz,76435,0c9967e1e1db2dfc6f05a6ee735aba21fba3fac0002affadfa2f912a4dacd726
tcn,mixed,17,bandpass_n20002_cLA_V6_independent_rms_s5,phase2/results/predictions/full/mixed/tcn/seed_17/bandpass_n20002_cLA_V6_independent_rms_s5.npz,76333,8dff1c31e498ffc1014e897914a320c277434f7c0cb0eaf45d3c5a5c78e285e6
tcn,mixed,17,bandpass_n20002_cLA_V6_independent_rms_s0,phase2/results/predictions/full/mixed/tcn/seed_17/bandpass_n20002_cLA_V6_independent_rms_s0.npz,76096,e5b1184e7497dcfe22426d6eac304c8a2b4b561e70b66e6a03347822d84e434e
tcn,mixed,17,bandpass_n20002_cLA_V6_electrode_s20,phase2/results/predictions/full/mixed/tcn/seed_17/bandpass_n20002_cLA_V6_electrode_s20.npz,76455,c87cb2903f24818404fec030a63c8b8f4e338c0a2b36d6d3a7af7d7c817035c2
tcn,mixed,17,bandpass_n20002_cLA_V6_electrode_s15,phase2/results/predictions/full/mixed/tcn/seed_17/bandpass_n20002_cLA_V6_electrode_s15.npz,76437,1e486276045d2f27258dcd3f43b4f52a844aaf65439b9291c4178dfc98a3f480
tcn,mixed,17,bandpass_n20002_cLA_V6_electrode_s10,phase2/results/predictions/full/mixed/tcn/seed_17/bandpass_n20002_cLA_V6_electrode_s10.npz,76386,4e8c6d4f89822b407038421c88c7c1d8003d8fa796d60e90b047899ab662afbd
tcn,mixed,17,bandpass_n20002_cLA_V6_electrode_s5,phase2/results/predictions/full/mixed/tcn/seed_17/bandpass_n20002_cLA_V6_electrode_s5.npz,76226,1361da208c53bb4a28b27c3d6bcb2f3c6174beb2d810ab4f75601653bdd3e0cf
tcn,mixed,17,bandpass_n20002_cLA_V6_electrode_s0,phase2/results/predictions/full/mixed/tcn/seed_17/bandpass_n20002_cLA_V6_electrode_s0.npz,75875,92034db8ad0abf2f40456c80abcc724390e8b38c87b42af9866145a1385c4f3f
tcn,mixed,17,bandpass_n20002_cLA_V6_covariance_s20,phase2/results/predictions/full/mixed/tcn/seed_17/bandpass_n20002_cLA_V6_covariance_s20.npz,76443,8dafa0deca65509d53d95528f3c785b487d6c9fdd8314da0ba72eade0d52b2fc
tcn,mixed,17,bandpass_n20002_cLA_V6_covariance_s15,phase2/results/predictions/full/mixed/tcn/seed_17/bandpass_n20002_cLA_V6_covariance_s15.npz,76436,a842b0849c0daed8c3692291e877f55af12f5e602c50ca6bc691f4f97757b5be
tcn,mixed,17,bandpass_n20002_cLA_V6_covariance_s10,phase2/results/predictions/full/mixed/tcn/seed_17/bandpass_n20002_cLA_V6_covariance_s10.npz,76374,615230a50eef7b611045e71bff729402aca1185afb7f2fc665eb3d1e1b45680f
tcn,mixed,17,bandpass_n20002_cLA_V6_covariance_s5,phase2/results/predictions/full/mixed/tcn/seed_17/bandpass_n20002_cLA_V6_covariance_s5.npz,76246,79ce4079b9e7143c5a97812ebfc7229ec579cb654ae18d52692a185c6d202b89
tcn,mixed,17,bandpass_n20002_cLA_V6_covariance_s0,phase2/results/predictions/full/mixed/tcn/seed_17/bandpass_n20002_cLA_V6_covariance_s0.npz,75877,f4039e9888514350c6c24fb494bfaba5a3c36f0b5f3571ceea45df7e3e3e938c
tcn,mixed,17,bandpass_n20002_cLL_V4_independent_rms_s20,phase2/results/predictions/full/mixed/tcn/seed_17/bandpass_n20002_cLL_V4_independent_rms_s20.npz,76443,88489e21abe370cf066a28d7c6a39d5b036dec58847eeeae0df6a594ff594f40
tcn,mixed,17,bandpass_n20002_cLL_V4_independent_rms_s15,phase2/results/predictions/full/mixed/tcn/seed_17/bandpass_n20002_cLL_V4_independent_rms_s15.npz,76481,c39765aa0b185d83c1bf475a47ed1ffa5c604ac97d0d9a797b577192dd2145ca
tcn,mixed,17,bandpass_n20002_cLL_V4_independent_rms_s10,phase2/results/predictions/full/mixed/tcn/seed_17/bandpass_n20002_cLL_V4_independent_rms_s10.npz,76434,a9736a4f099cef2a94f3637c502868dd20835a4f1a05a7ef85035d936872affe
tcn,mixed,17,bandpass_n20002_cLL_V4_independent_rms_s5,phase2/results/predictions/full/mixed/tcn/seed_17/bandpass_n20002_cLL_V4_independent_rms_s5.npz,76260,8c12a3e44dc85c4f9420ff8d1075ade2c4b33256928216fa5d427666858cd82c
tcn,mixed,17,bandpass_n20002_cLL_V4_independent_rms_s0,phase2/results/predictions/full/mixed/tcn/seed_17/bandpass_n20002_cLL_V4_independent_rms_s0.npz,75962,2984102df54e093a46ca83f027722f77089e7a1001299d69db8b93c538deb3b9
tcn,mixed,17,bandpass_n20002_cLL_V4_electrode_s20,phase2/results/predictions/full/mixed/tcn/seed_17/bandpass_n20002_cLL_V4_electrode_s20.npz,76439,7e692d0dc82b56f179e7975f97c09f0b95374ecbc8c9bcf60915acee96f2e497
tcn,mixed,17,bandpass_n20002_cLL_V4_electrode_s15,phase2/results/predictions/full/mixed/tcn/seed_17/bandpass_n20002_cLL_V4_electrode_s15.npz,76419,73584762d51970aa0d34eb83b123d09f14f09b177edd0a5400bfa5cc036e2fd9
tcn,mixed,17,bandpass_n20002_cLL_V4_electrode_s10,phase2/results/predictions/full/mixed/tcn/seed_17/bandpass_n20002_cLL_V4_electrode_s10.npz,76388,94795ea0807b8de6c2c81aa1e4373b8fbc005201787064842a8189c0fd453ace
tcn,mixed,17,bandpass_n20002_cLL_V4_electrode_s5,phase2/results/predictions/full/mixed/tcn/seed_17/bandpass_n20002_cLL_V4_electrode_s5.npz,76256,91926bdf3629a65f06d50b6faab5d37617739ede0f9cdfb1932f4cedb700eb7b
tcn,mixed,17,bandpass_n20002_cLL_V4_electrode_s0,phase2/results/predictions/full/mixed/tcn/seed_17/bandpass_n20002_cLL_V4_electrode_s0.npz,75912,8a8ad46e0ecea183ac30a970aca7acf2ff194a5fae0d88cb89e67a4400dfd150
tcn,mixed,17,bandpass_n20002_cLL_V4_covariance_s20,phase2/results/predictions/full/mixed/tcn/seed_17/bandpass_n20002_cLL_V4_covariance_s20.npz,76450,dc3cf26d6e422aa81ece1ef2b4103f2d484a74d51306959bbdf8a053a5978268
tcn,mixed,17,bandpass_n20002_cLL_V4_covariance_s15,phase2/results/predictions/full/mixed/tcn/seed_17/bandpass_n20002_cLL_V4_covariance_s15.npz,76425,2e15cfc5bccf28fd8ca2f46ab2bb0181a7a5534ea5586831c7ce312adee9a381
tcn,mixed,17,bandpass_n20002_cLL_V4_covariance_s10,phase2/results/predictions/full/mixed/tcn/seed_17/bandpass_n20002_cLL_V4_covariance_s10.npz,76383,d298da223f6e51954916db50cd9aec537550309d45a0706ceadc7fc35c9072a9
tcn,mixed,17,bandpass_n20002_cLL_V4_covariance_s5,phase2/results/predictions/full/mixed/tcn/seed_17/bandpass_n20002_cLL_V4_covariance_s5.npz,76244,8ef3d8f13776fc1132b5633821f24e3966528805ef876bb8b62204b3d82080c6
tcn,mixed,17,bandpass_n20002_cLL_V4_covariance_s0,phase2/results/predictions/full/mixed/tcn/seed_17/bandpass_n20002_cLL_V4_covariance_s0.npz,75921,c76dd1f16e9d8d31361f41ce64210aaf27146d871d53dd105e170a5f9e14b856
tcn,mixed,17,bandpass_n20002_cRA_LA_V1_V6_independent_rms_s20,phase2/results/predictions/full/mixed/tcn/seed_17/bandpass_n20002_cRA_LA_V1_V6_independent_rms_s20.npz,76472,f6fb85455f102dcd4c9fb27636c66940b770e557f78a4e9c88070c12809b56a8
tcn,mixed,17,bandpass_n20002_cRA_LA_V1_V6_independent_rms_s15,phase2/results/predictions/full/mixed/tcn/seed_17/bandpass_n20002_cRA_LA_V1_V6_independent_rms_s15.npz,76458,caf617fe3a87d62be30a838fac0a8f7c70097b8543558e39707bf818e255ae47
tcn,mixed,17,bandpass_n20002_cRA_LA_V1_V6_independent_rms_s10,phase2/results/predictions/full/mixed/tcn/seed_17/bandpass_n20002_cRA_LA_V1_V6_independent_rms_s10.npz,76383,9520e1dea25726171565c650e70a7e7abca96abfc23b565c2a43a8200e88c5fb
tcn,mixed,17,bandpass_n20002_cRA_LA_V1_V6_independent_rms_s5,phase2/results/predictions/full/mixed/tcn/seed_17/bandpass_n20002_cRA_LA_V1_V6_independent_rms_s5.npz,76299,cc9fe9947b4e6e4d23cdebc05553a5799cc5a08d42e1476ac4a2f0fa4ae215d2
tcn,mixed,17,bandpass_n20002_cRA_LA_V1_V6_independent_rms_s0,phase2/results/predictions/full/mixed/tcn/seed_17/bandpass_n20002_cRA_LA_V1_V6_independent_rms_s0.npz,76029,5bf538d3cd50ac6b4ed75668035140432102b214e7adb4a75693faeee14089d2
tcn,mixed,17,bandpass_n20002_cRA_LA_V1_V6_electrode_s20,phase2/results/predictions/full/mixed/tcn/seed_17/bandpass_n20002_cRA_LA_V1_V6_electrode_s20.npz,76463,092a46a2cce38b06000a0c95c6b8d5c7295a87c9a87459d5bb846b14bb67092e
tcn,mixed,17,bandpass_n20002_cRA_LA_V1_V6_electrode_s15,phase2/results/predictions/full/mixed/tcn/seed_17/bandpass_n20002_cRA_LA_V1_V6_electrode_s15.npz,76450,dba4c1eec0c11118314b604340edb586590c8285a4557cbcfeb638a06bb1195b
tcn,mixed,17,bandpass_n20002_cRA_LA_V1_V6_electrode_s10,phase2/results/predictions/full/mixed/tcn/seed_17/bandpass_n20002_cRA_LA_V1_V6_electrode_s10.npz,76381,26cd225e35153d7ef0956f3b54217b44d166c011cfa913651c3d59c639f3ee2f
tcn,mixed,17,bandpass_n20002_cRA_LA_V1_V6_electrode_s5,phase2/results/predictions/full/mixed/tcn/seed_17/bandpass_n20002_cRA_LA_V1_V6_electrode_s5.npz,76236,e765a5420a50706c6ce6d558c39d86cca9e0d7976e8ea18717879a3a30a71206
tcn,mixed,17,bandpass_n20002_cRA_LA_V1_V6_electrode_s0,phase2/results/predictions/full/mixed/tcn/seed_17/bandpass_n20002_cRA_LA_V1_V6_electrode_s0.npz,75822,aa5e3bdb2653f815d3b34a0f4bcd251c13c793d027ff76ea7dc299e6660e7787
tcn,mixed,17,bandpass_n20002_cRA_LA_V1_V6_covariance_s20,phase2/results/predictions/full/mixed/tcn/seed_17/bandpass_n20002_cRA_LA_V1_V6_covariance_s20.npz,76459,23c2502a313d55469e8ce1f7bcea2a1b9eeb27d2d68015e86f9bfa17b06dc9da
tcn,mixed,17,bandpass_n20002_cRA_LA_V1_V6_covariance_s15,phase2/results/predictions/full/mixed/tcn/seed_17/bandpass_n20002_cRA_LA_V1_V6_covariance_s15.npz,76451,5aa3954fe5a59b7306f129fb93295fc532d22faea6ef2f8d848890745885cfc1
tcn,mixed,17,bandpass_n20002_cRA_LA_V1_V6_covariance_s10,phase2/results/predictions/full/mixed/tcn/seed_17/bandpass_n20002_cRA_LA_V1_V6_covariance_s10.npz,76362,f000fd9d104941599a2cd636a3529c2f02d2bb392b7d1196010ee0020cc594e2
tcn,mixed,17,bandpass_n20002_cRA_LA_V1_V6_covariance_s5,phase2/results/predictions/full/mixed/tcn/seed_17/bandpass_n20002_cRA_LA_V1_V6_covariance_s5.npz,76199,1d818dfa240d129fed8b2c9717e0fdea0f6b27bb7d1be345474b4d67a21e8d41
tcn,mixed,17,bandpass_n20002_cRA_LA_V1_V6_covariance_s0,phase2/results/predictions/full/mixed/tcn/seed_17/bandpass_n20002_cRA_LA_V1_V6_covariance_s0.npz,75813,280d1be3e4d443994ff0d845e0b4c74045c368d2d1f7c65e74d3a3f211db7aae
tcn,mixed,17,bandpass_n20002_cRA_V2_V5_independent_rms_s20,phase2/results/predictions/full/mixed/tcn/seed_17/bandpass_n20002_cRA_V2_V5_independent_rms_s20.npz,76445,56e7a1aea2aeb73a74707a75579ba0ddb793f5edda5f6157a7304df2d10742c0
tcn,mixed,17,bandpass_n20002_cRA_V2_V5_independent_rms_s15,phase2/results/predictions/full/mixed/tcn/seed_17/bandpass_n20002_cRA_V2_V5_independent_rms_s15.npz,76446,7da6a0b913dcf9b937a27fddec69b6dd0dfd991f9fc121e41f55cde35fc9ae44
tcn,mixed,17,bandpass_n20002_cRA_V2_V5_independent_rms_s10,phase2/results/predictions/full/mixed/tcn/seed_17/bandpass_n20002_cRA_V2_V5_independent_rms_s10.npz,76410,cc9131218ca8094ef44e8308411b9164a8c1ad89eeb855d8ace40dbe95b3697d
tcn,mixed,17,bandpass_n20002_cRA_V2_V5_independent_rms_s5,phase2/results/predictions/full/mixed/tcn/seed_17/bandpass_n20002_cRA_V2_V5_independent_rms_s5.npz,76263,f31115784f4cac9b478cd43649818b6db2cdbfaca942f3c5c3f15d2200693ec3
tcn,mixed,17,bandpass_n20002_cRA_V2_V5_independent_rms_s0,phase2/results/predictions/full/mixed/tcn/seed_17/bandpass_n20002_cRA_V2_V5_independent_rms_s0.npz,75955,55bddee84ce224e409a61d720bcb1daf89c8d649dc099c39c539ce311133b485
tcn,mixed,17,bandpass_n20002_cRA_V2_V5_electrode_s20,phase2/results/predictions/full/mixed/tcn/seed_17/bandpass_n20002_cRA_V2_V5_electrode_s20.npz,76489,30ed35a95059aceac7d1ad3d78cdd1e8e35cf61397e00cc5f7da52cec73ea6c0
tcn,mixed,17,bandpass_n20002_cRA_V2_V5_electrode_s15,phase2/results/predictions/full/mixed/tcn/seed_17/bandpass_n20002_cRA_V2_V5_electrode_s15.npz,76438,f2edf3cf647cd68531e1f1fcfc0ac00893f06128e2bcc79a649526e1899b14ca
tcn,mixed,17,bandpass_n20002_cRA_V2_V5_electrode_s10,phase2/results/predictions/full/mixed/tcn/seed_17/bandpass_n20002_cRA_V2_V5_electrode_s10.npz,76366,63da222afb01211f8c68295187f10e3ffb62ec4ac5ce3dfa806bbcdcdcd964ca
tcn,mixed,17,bandpass_n20002_cRA_V2_V5_electrode_s5,phase2/results/predictions/full/mixed/tcn/seed_17/bandpass_n20002_cRA_V2_V5_electrode_s5.npz,76218,1c45ddfa608fcabf10a61db29878a8d08f6477e59e96819595e1ee700c663035
tcn,mixed,17,bandpass_n20002_cRA_V2_V5_electrode_s0,phase2/results/predictions/full/mixed/tcn/seed_17/bandpass_n20002_cRA_V2_V5_electrode_s0.npz,75884,7cc007e0c5e1672c72caa83a05792e9e037d4772abaf7c3339e3da1fb4ab3e9b
tcn,mixed,17,bandpass_n20002_cRA_V2_V5_covariance_s20,phase2/results/predictions/full/mixed/tcn/seed_17/bandpass_n20002_cRA_V2_V5_covariance_s20.npz,76465,a8c62982577f685ae26e29772db0b3ac20b6c264bcde6102f51321814c38689e
tcn,mixed,17,bandpass_n20002_cRA_V2_V5_covariance_s15,phase2/results/predictions/full/mixed/tcn/seed_17/bandpass_n20002_cRA_V2_V5_covariance_s15.npz,76426,9733ad21da8eb3792f2f49d399dc346197d3efd97ba6ec950b096e3692d9ae29
tcn,mixed,17,bandpass_n20002_cRA_V2_V5_covariance_s10,phase2/results/predictions/full/mixed/tcn/seed_17/bandpass_n20002_cRA_V2_V5_covariance_s10.npz,76361,186902887e4383fdab706db804f59443c00d0c0e9ea948ca3f7e4625dd24a5ca
tcn,mixed,17,bandpass_n20002_cRA_V2_V5_covariance_s5,phase2/results/predictions/full/mixed/tcn/seed_17/bandpass_n20002_cRA_V2_V5_covariance_s5.npz,76221,2fa1a865c7f176b0e1473c060553886ab6696c5d20d971effa2ebf88d3ca1667
tcn,mixed,17,bandpass_n20002_cRA_V2_V5_covariance_s0,phase2/results/predictions/full/mixed/tcn/seed_17/bandpass_n20002_cRA_V2_V5_covariance_s0.npz,75915,46ab0ecb27454365a8eab450cecec110e1a9440f4c7840139a9ba970bbb0c333
tcn,mixed,17,bandpass_n20002_cLA_V3_V6_independent_rms_s20,phase2/results/predictions/full/mixed/tcn/seed_17/bandpass_n20002_cLA_V3_V6_independent_rms_s20.npz,76475,ef38ab8ca7e1e4360c2d01af48f83eb92842c33f404155ac6eb85e8aefc6d2d1
tcn,mixed,17,bandpass_n20002_cLA_V3_V6_independent_rms_s15,phase2/results/predictions/full/mixed/tcn/seed_17/bandpass_n20002_cLA_V3_V6_independent_rms_s15.npz,76414,a46c4a3d8abb559bf35946c82916bc5d57c119b9dc0e140f399b8919cb1a6c2b
tcn,mixed,17,bandpass_n20002_cLA_V3_V6_independent_rms_s10,phase2/results/predictions/full/mixed/tcn/seed_17/bandpass_n20002_cLA_V3_V6_independent_rms_s10.npz,76403,95888db0503e5b79e85c3c4dfd1316ec0a8c0b1ce28e2a80e57fa30ff5e50216
tcn,mixed,17,bandpass_n20002_cLA_V3_V6_independent_rms_s5,phase2/results/predictions/full/mixed/tcn/seed_17/bandpass_n20002_cLA_V3_V6_independent_rms_s5.npz,76314,47336b4b2c2ddc7833696356059b1e1a2992f6f6fac87d8fef70f0b425cb2286
tcn,mixed,17,bandpass_n20002_cLA_V3_V6_independent_rms_s0,phase2/results/predictions/full/mixed/tcn/seed_17/bandpass_n20002_cLA_V3_V6_independent_rms_s0.npz,76064,8018c1f387f211a51e37d16890305f3846f78f795d6eb97f319cc1a4909daa71
tcn,mixed,17,bandpass_n20002_cLA_V3_V6_electrode_s20,phase2/results/predictions/full/mixed/tcn/seed_17/bandpass_n20002_cLA_V3_V6_electrode_s20.npz,76451,6a482dbac72f01b5443b5ab5dc055142c146ed940ba1a4e2c96b64ce00e94a38
tcn,mixed,17,bandpass_n20002_cLA_V3_V6_electrode_s15,phase2/results/predictions/full/mixed/tcn/seed_17/bandpass_n20002_cLA_V3_V6_electrode_s15.npz,76436,3fc9b36245782c02380285c7820bf02298654813e1eaed35340c3d8cac263eda
tcn,mixed,17,bandpass_n20002_cLA_V3_V6_electrode_s10,phase2/results/predictions/full/mixed/tcn/seed_17/bandpass_n20002_cLA_V3_V6_electrode_s10.npz,76363,f0dc36cbf10af1ba4bbec7ec0836b3b810a4790267f739c29bc5966bb874b9ea
tcn,mixed,17,bandpass_n20002_cLA_V3_V6_electrode_s5,phase2/results/predictions/full/mixed/tcn/seed_17/bandpass_n20002_cLA_V3_V6_electrode_s5.npz,76229,d239b2c1e1206e22a8a80365c968d8d8952d9bd427686f4f387b54b1a9af8e8e
tcn,mixed,17,bandpass_n20002_cLA_V3_V6_electrode_s0,phase2/results/predictions/full/mixed/tcn/seed_17/bandpass_n20002_cLA_V3_V6_electrode_s0.npz,75887,33d9a9f99f9d438bbe08bdfda7ed07ea3f5e2392b9bb17b205c3c4ae9659de70
tcn,mixed,17,bandpass_n20002_cLA_V3_V6_covariance_s20,phase2/results/predictions/full/mixed/tcn/seed_17/bandpass_n20002_cLA_V3_V6_covariance_s20.npz,76452,dd77b5759eb24389a3a8c257dbaa649459dd5dfc8c7603bca507aed2a5ed89c7
tcn,mixed,17,bandpass_n20002_cLA_V3_V6_covariance_s15,phase2/results/predictions/full/mixed/tcn/seed_17/bandpass_n20002_cLA_V3_V6_covariance_s15.npz,76466,5de8fdb6519a7e28f192d509624a353ac4db06a8f3b15d0acdaf4c299b6b0bbf
tcn,mixed,17,bandpass_n20002_cLA_V3_V6_covariance_s10,phase2/results/predictions/full/mixed/tcn/seed_17/bandpass_n20002_cLA_V3_V6_covariance_s10.npz,76422,f11b6bdfbc038e45bc7fb2223c8e99a532d6790771a1edb19f51cd772d90190a
tcn,mixed,17,bandpass_n20002_cLA_V3_V6_covariance_s5,phase2/results/predictions/full/mixed/tcn/seed_17/bandpass_n20002_cLA_V3_V6_covariance_s5.npz,76244,3f402c372b7f7f96d2873a054d815ac877e0ec332abd468b7a4155f1b7bf0f66
tcn,mixed,17,bandpass_n20002_cLA_V3_V6_covariance_s0,phase2/results/predictions/full/mixed/tcn/seed_17/bandpass_n20002_cLA_V3_V6_covariance_s0.npz,75885,6a15def59f067bcdda35a6bd6c5dcd138f2430ab1dae19707bb4eb0c8bdf3ab4
tcn,mixed,17,bandpass_n20002_cLL_V1_V4_independent_rms_s20,phase2/results/predictions/full/mixed/tcn/seed_17/bandpass_n20002_cLL_V1_V4_independent_rms_s20.npz,76452,3cb037526efe1162bb1a26685126a784dd6209af5da3cc162b09a6da687c852c
tcn,mixed,17,bandpass_n20002_cLL_V1_V4_independent_rms_s15,phase2/results/predictions/full/mixed/tcn/seed_17/bandpass_n20002_cLL_V1_V4_independent_rms_s15.npz,76439,9635b92c1937a869015a2e4dda1e4cf8e2dd582023e61c91117bca63fccc1352
tcn,mixed,17,bandpass_n20002_cLL_V1_V4_independent_rms_s10,phase2/results/predictions/full/mixed/tcn/seed_17/bandpass_n20002_cLL_V1_V4_independent_rms_s10.npz,76404,88d30f1d5065739b72cab4270338a42f78473b6ab4139343dd68e76ac7f72c12
tcn,mixed,17,bandpass_n20002_cLL_V1_V4_independent_rms_s5,phase2/results/predictions/full/mixed/tcn/seed_17/bandpass_n20002_cLL_V1_V4_independent_rms_s5.npz,76301,d0fc6ec6f044c1f3e83aa6614107f6da188d3cf857cd250389d2a3b307e74183
tcn,mixed,17,bandpass_n20002_cLL_V1_V4_independent_rms_s0,phase2/results/predictions/full/mixed/tcn/seed_17/bandpass_n20002_cLL_V1_V4_independent_rms_s0.npz,75935,1786ba7c2db1cbc4e8b3bd722d2d71c98c94a25668105ac611e411ade64e4a44
tcn,mixed,17,bandpass_n20002_cLL_V1_V4_electrode_s20,phase2/results/predictions/full/mixed/tcn/seed_17/bandpass_n20002_cLL_V1_V4_electrode_s20.npz,76444,a2ac4f9fa104f11a4b5ba9d1d7bed8672c33a8c73ed4b4712cb611bbe5325aba
tcn,mixed,17,bandpass_n20002_cLL_V1_V4_electrode_s15,phase2/results/predictions/full/mixed/tcn/seed_17/bandpass_n20002_cLL_V1_V4_electrode_s15.npz,76414,ac35f97b3c59249247f2b72beecb258fb07988825cbdd7b6fa694c4082be826a
tcn,mixed,17,bandpass_n20002_cLL_V1_V4_electrode_s10,phase2/results/predictions/full/mixed/tcn/seed_17/bandpass_n20002_cLL_V1_V4_electrode_s10.npz,76393,63c0d92321abce93b4fea9c68c22d02013d554e1fa40ceab30b4e87e0ce30f07
tcn,mixed,17,bandpass_n20002_cLL_V1_V4_electrode_s5,phase2/results/predictions/full/mixed/tcn/seed_17/bandpass_n20002_cLL_V1_V4_electrode_s5.npz,76233,28bb0c1a70d2b97de095c572b6dc2b1bdfa19a771737f59926c43f044cda05fe
tcn,mixed,17,bandpass_n20002_cLL_V1_V4_electrode_s0,phase2/results/predictions/full/mixed/tcn/seed_17/bandpass_n20002_cLL_V1_V4_electrode_s0.npz,75945,19ee7c58cabe39023289fd9fa90bb069ed1bb9cc7578cb5e7a30e2d2c1326712
tcn,mixed,17,bandpass_n20002_cLL_V1_V4_covariance_s20,phase2/results/predictions/full/mixed/tcn/seed_17/bandpass_n20002_cLL_V1_V4_covariance_s20.npz,76461,b911792e06708e66288b738d8cd4a6fb3e0c72c4f2055a942ed2eb87a1052868
tcn,mixed,17,bandpass_n20002_cLL_V1_V4_covariance_s15,phase2/results/predictions/full/mixed/tcn/seed_17/bandpass_n20002_cLL_V1_V4_covariance_s15.npz,76439,dd7399520330d6b2c50895651672696c141575baf494ac43b59a51786596578a
tcn,mixed,17,bandpass_n20002_cLL_V1_V4_covariance_s10,phase2/results/predictions/full/mixed/tcn/seed_17/bandpass_n20002_cLL_V1_V4_covariance_s10.npz,76377,9b8c5a1b8a92147be03396a0e84d27ee300f29216e1dce6ffa3d75c5775702a5
tcn,mixed,17,bandpass_n20002_cLL_V1_V4_covariance_s5,phase2/results/predictions/full/mixed/tcn/seed_17/bandpass_n20002_cLL_V1_V4_covariance_s5.npz,76298,534185a87e85ac0b5ce837a505a0d50c89acb29dc141ba31372cde2a3456e5e1
tcn,mixed,17,bandpass_n20002_cLL_V1_V4_covariance_s0,phase2/results/predictions/full/mixed/tcn/seed_17/bandpass_n20002_cLL_V1_V4_covariance_s0.npz,75938,2f43376938b7af337ccf248155e9132c8ddfb84998841c3b4c8c59b28038be32
tcn,mixed,17,bandpass_n20002_call_independent_rms_s20,phase2/results/predictions/full/mixed/tcn/seed_17/bandpass_n20002_call_independent_rms_s20.npz,76434,84653d25206a4c52f3bf1293d4f1170d72352bc681e27534d492fef5120b9224
tcn,mixed,17,bandpass_n20002_call_independent_rms_s15,phase2/results/predictions/full/mixed/tcn/seed_17/bandpass_n20002_call_independent_rms_s15.npz,76422,fa02000e637acb3c4ff9f53186f4141cb2da4786ecf722a6a91cd172aed54911
tcn,mixed,17,bandpass_n20002_call_independent_rms_s10,phase2/results/predictions/full/mixed/tcn/seed_17/bandpass_n20002_call_independent_rms_s10.npz,76386,ae3427527961482f0b72b5fa43752487fd15f9cfaeaf350dd62454eb09c03940
tcn,mixed,17,bandpass_n20002_call_independent_rms_s5,phase2/results/predictions/full/mixed/tcn/seed_17/bandpass_n20002_call_independent_rms_s5.npz,76231,7454a094f958b90586499db659fd9f1374e6f98a732092a9efc9d60ff883762d
tcn,mixed,17,bandpass_n20002_call_independent_rms_s0,phase2/results/predictions/full/mixed/tcn/seed_17/bandpass_n20002_call_independent_rms_s0.npz,75965,8cb949a647ea3600478a108a5987f8f008a8b579ce47237bfe8f4a9f745537c7
tcn,mixed,17,bandpass_n20002_call_electrode_s20,phase2/results/predictions/full/mixed/tcn/seed_17/bandpass_n20002_call_electrode_s20.npz,76429,26373b19bbae89177d1331a9ac6c2ef8e59b0869f4391157c98188b9ae364529
tcn,mixed,17,bandpass_n20002_call_electrode_s15,phase2/results/predictions/full/mixed/tcn/seed_17/bandpass_n20002_call_electrode_s15.npz,76431,1de26fabccd637e9d341a1634d8e98eb140994d5dc818a11046100ff0f212979
tcn,mixed,17,bandpass_n20002_call_electrode_s10,phase2/results/predictions/full/mixed/tcn/seed_17/bandpass_n20002_call_electrode_s10.npz,76363,6aed868ef51079b815d427abc2a2e0fbeb716a87785de6f3d5dfc31516e09a66
tcn,mixed,17,bandpass_n20002_call_electrode_s5,phase2/results/predictions/full/mixed/tcn/seed_17/bandpass_n20002_call_electrode_s5.npz,76174,ace43bc329ca6dac8020f02805a883430e4824455c893bee80b7daacae0adb12
tcn,mixed,17,bandpass_n20002_call_electrode_s0,phase2/results/predictions/full/mixed/tcn/seed_17/bandpass_n20002_call_electrode_s0.npz,75814,da41b7f20495bb7f06beb2d76ccd5a091bd12119c45c1627b26edd56ff9dcfbf
tcn,mixed,17,bandpass_n20002_call_covariance_s20,phase2/results/predictions/full/mixed/tcn/seed_17/bandpass_n20002_call_covariance_s20.npz,76408,fe858b2bab488f6224aec1bc3ee283f9bfd25340e105e835b275226595fa39f7
tcn,mixed,17,bandpass_n20002_call_covariance_s15,phase2/results/predictions/full/mixed/tcn/seed_17/bandpass_n20002_call_covariance_s15.npz,76406,7483e9ce080f3a8934d151cdbe992ed5e999c388c8720e1d11d49e7ba632ac5c
tcn,mixed,17,bandpass_n20002_call_covariance_s10,phase2/results/predictions/full/mixed/tcn/seed_17/bandpass_n20002_call_covariance_s10.npz,76346,8f777f18b863cd65c0c2158558043d0a75e64ec5c6e55ccb228ec6aeca40b29c
tcn,mixed,17,bandpass_n20002_call_covariance_s5,phase2/results/predictions/full/mixed/tcn/seed_17/bandpass_n20002_call_covariance_s5.npz,76204,9d69a4b36380887a80f82f410e7f6ec098e9a4fbe754812075e92cb90d629cf1
tcn,mixed,17,bandpass_n20002_call_covariance_s0,phase2/results/predictions/full/mixed/tcn/seed_17/bandpass_n20002_call_covariance_s0.npz,75808,314984f00ce2e95456472e4617a97d48ddaed803c20d9f383b8a3322d0799f57
tcn,mixed,17,bandpass_n20003_cRA_LA_LL_independent_rms_s20,phase2/results/predictions/full/mixed/tcn/seed_17/bandpass_n20003_cRA_LA_LL_independent_rms_s20.npz,76466,00fa03585e80a4fb683d6bf226e831bafa73fd9c34a48eb9060b27202fbe4aed
tcn,mixed,17,bandpass_n20003_cRA_LA_LL_independent_rms_s15,phase2/results/predictions/full/mixed/tcn/seed_17/bandpass_n20003_cRA_LA_LL_independent_rms_s15.npz,76433,9e36f4529268e6a12241aeb413c21882f25ebdbc9fd99f2fd398a523c20ad423
tcn,mixed,17,bandpass_n20003_cRA_LA_LL_independent_rms_s10,phase2/results/predictions/full/mixed/tcn/seed_17/bandpass_n20003_cRA_LA_LL_independent_rms_s10.npz,76423,b645d04e84d5e49bb6303692ffe4ad10cf8cd9d1b71005d77be5e1b61936c12c
tcn,mixed,17,bandpass_n20003_cRA_LA_LL_independent_rms_s5,phase2/results/predictions/full/mixed/tcn/seed_17/bandpass_n20003_cRA_LA_LL_independent_rms_s5.npz,76311,69e8bb1cacb548ba1ca899cc3e3c7456b51d646fc307937fd679180656d2399e
tcn,mixed,17,bandpass_n20003_cRA_LA_LL_independent_rms_s0,phase2/results/predictions/full/mixed/tcn/seed_17/bandpass_n20003_cRA_LA_LL_independent_rms_s0.npz,75960,7196184c61911f906e0f69f5709751104d2d251712617d92b246c0ea926093d3
tcn,mixed,17,bandpass_n20003_cRA_LA_LL_electrode_s20,phase2/results/predictions/full/mixed/tcn/seed_17/bandpass_n20003_cRA_LA_LL_electrode_s20.npz,76457,aae56493f3ceb3b7246f331484c4e3497b3b4ec23896e1b9be96ce59cee1d192
tcn,mixed,17,bandpass_n20003_cRA_LA_LL_electrode_s15,phase2/results/predictions/full/mixed/tcn/seed_17/bandpass_n20003_cRA_LA_LL_electrode_s15.npz,76409,fdcd34501cc5e737100d088f69ac38825c956ddf9258cd2f31c47809f9cd3e8f
tcn,mixed,17,bandpass_n20003_cRA_LA_LL_electrode_s10,phase2/results/predictions/full/mixed/tcn/seed_17/bandpass_n20003_cRA_LA_LL_electrode_s10.npz,76388,0307998058e55f0565d00674d56de81162a315aa824b1a08a6be2ab854203c00
tcn,mixed,17,bandpass_n20003_cRA_LA_LL_electrode_s5,phase2/results/predictions/full/mixed/tcn/seed_17/bandpass_n20003_cRA_LA_LL_electrode_s5.npz,76230,5d8986ac9d03d8ee2153337ce6700b3c720ce19c4a2e32cb9fb4ad9f2ceb8190
tcn,mixed,17,bandpass_n20003_cRA_LA_LL_electrode_s0,phase2/results/predictions/full/mixed/tcn/seed_17/bandpass_n20003_cRA_LA_LL_electrode_s0.npz,75716,51dc00d33fd20b85a8b88c5f959d87ce84710b973a23bedd386cab5443aad1e0
tcn,mixed,17,bandpass_n20003_cRA_LA_LL_covariance_s20,phase2/results/predictions/full/mixed/tcn/seed_17/bandpass_n20003_cRA_LA_LL_covariance_s20.npz,76439,8dd8ce549195b30cc4915fcf731c5df7d7f02c03fea05fdd22be7cb9afa01a60
tcn,mixed,17,bandpass_n20003_cRA_LA_LL_covariance_s15,phase2/results/predictions/full/mixed/tcn/seed_17/bandpass_n20003_cRA_LA_LL_covariance_s15.npz,76394,85e34ca84380c46f33e6cac4c85710afdc73cd723b461623eaaf7716b72adce0
tcn,mixed,17,bandpass_n20003_cRA_LA_LL_covariance_s10,phase2/results/predictions/full/mixed/tcn/seed_17/bandpass_n20003_cRA_LA_LL_covariance_s10.npz,76377,fbd73a1958da21cff7ad9648da84c0837aa407139a65bbb4a1cdfeb0d9a310b2
tcn,mixed,17,bandpass_n20003_cRA_LA_LL_covariance_s5,phase2/results/predictions/full/mixed/tcn/seed_17/bandpass_n20003_cRA_LA_LL_covariance_s5.npz,76173,05e83226b0b6ba725252d25d9428fca8d42c4fbbd64b7783740f5cd5019e5ee9
tcn,mixed,17,bandpass_n20003_cRA_LA_LL_covariance_s0,phase2/results/predictions/full/mixed/tcn/seed_17/bandpass_n20003_cRA_LA_LL_covariance_s0.npz,75730,a32f1a19ff8fcc2028ad3d48c3aa42abcda57c37d22062746333a7fcf6c5dcb0
tcn,mixed,17,bandpass_n20003_cV1_independent_rms_s20,phase2/results/predictions/full/mixed/tcn/seed_17/bandpass_n20003_cV1_independent_rms_s20.npz,76449,0de66c3a76894da2cb68ad173c5c7c9f9133d520d3110914426f10ca1c3614ca
tcn,mixed,17,bandpass_n20003_cV1_independent_rms_s15,phase2/results/predictions/full/mixed/tcn/seed_17/bandpass_n20003_cV1_independent_rms_s15.npz,76389,dab0a6d95ace86c320b090ac7914067715bb91ebee6c2b7c88ca9d6c3d7c0e8b
tcn,mixed,17,bandpass_n20003_cV1_independent_rms_s10,phase2/results/predictions/full/mixed/tcn/seed_17/bandpass_n20003_cV1_independent_rms_s10.npz,76427,1c9281f708fb7ee199720d9e5bf9619184f256ea9896ab0df8665edae21d50f5
tcn,mixed,17,bandpass_n20003_cV1_independent_rms_s5,phase2/results/predictions/full/mixed/tcn/seed_17/bandpass_n20003_cV1_independent_rms_s5.npz,76313,1ff5b77cf78e7ccaf928aeb31eda5e4e143ce43388f0cfbb91fac52006406534
tcn,mixed,17,bandpass_n20003_cV1_independent_rms_s0,phase2/results/predictions/full/mixed/tcn/seed_17/bandpass_n20003_cV1_independent_rms_s0.npz,76074,507d71a644d36a9745331900e65c120e8994464d404cf5b2525851ab3c342542
tcn,mixed,17,bandpass_n20003_cV1_electrode_s20,phase2/results/predictions/full/mixed/tcn/seed_17/bandpass_n20003_cV1_electrode_s20.npz,76434,8857d87cbe57a2c0e5b35016250b8ee2a4f652ba143f5e53e26042bb596d50dc
tcn,mixed,17,bandpass_n20003_cV1_electrode_s15,phase2/results/predictions/full/mixed/tcn/seed_17/bandpass_n20003_cV1_electrode_s15.npz,76445,352a2e6620d964940c733d8de69cadef00614ac60a287ba1cf40ce7ea3ee1199
tcn,mixed,17,bandpass_n20003_cV1_electrode_s10,phase2/results/predictions/full/mixed/tcn/seed_17/bandpass_n20003_cV1_electrode_s10.npz,76378,642713caff3f1ba70467c3befbd731963b679079b5c009365ed9acff9a267bfd
tcn,mixed,17,bandpass_n20003_cV1_electrode_s5,phase2/results/predictions/full/mixed/tcn/seed_17/bandpass_n20003_cV1_electrode_s5.npz,76308,2af9f67f73e45fc1c08016221d743419b83a0d8c80428fcc6bea63bd0b5082de
tcn,mixed,17,bandpass_n20003_cV1_electrode_s0,phase2/results/predictions/full/mixed/tcn/seed_17/bandpass_n20003_cV1_electrode_s0.npz,76065,5cbb1675ce90ca03b6d034b2e02c04c1a2c6c792663961cefefa9ddcddf240f1
tcn,mixed,17,bandpass_n20003_cV1_covariance_s20,phase2/results/predictions/full/mixed/tcn/seed_17/bandpass_n20003_cV1_covariance_s20.npz,76413,e4f7500ba2ff703f7ac0cb9bd9ead685a106db442eb8e1fdec7eef845a0d2dc0
tcn,mixed,17,bandpass_n20003_cV1_covariance_s15,phase2/results/predictions/full/mixed/tcn/seed_17/bandpass_n20003_cV1_covariance_s15.npz,76412,ed7435406d77dc21dbbe9d645f32bea58a0c849f9063489b95273d24ee459fae
tcn,mixed,17,bandpass_n20003_cV1_covariance_s10,phase2/results/predictions/full/mixed/tcn/seed_17/bandpass_n20003_cV1_covariance_s10.npz,76370,dbff47322d3999761e66683ac113b03035957222649974401b9d5051aa854bce
tcn,mixed,17,bandpass_n20003_cV1_covariance_s5,phase2/results/predictions/full/mixed/tcn/seed_17/bandpass_n20003_cV1_covariance_s5.npz,76277,f8ce404ffd880377da94d0829ac9ee5a72f529c88f5470af7696c49d64c339eb
tcn,mixed,17,bandpass_n20003_cV1_covariance_s0,phase2/results/predictions/full/mixed/tcn/seed_17/bandpass_n20003_cV1_covariance_s0.npz,76044,810e5b65d1f04f875f7a9e3a9354e3b0fa02e9ea7b9f6729c275132d6058d5fc
tcn,mixed,17,bandpass_n20003_cV2_independent_rms_s20,phase2/results/predictions/full/mixed/tcn/seed_17/bandpass_n20003_cV2_independent_rms_s20.npz,76448,3d6687c4c265aec00ab878d26be1728f4dce3061b992c3e0e134fb3d119b487c
tcn,mixed,17,bandpass_n20003_cV2_independent_rms_s15,phase2/results/predictions/full/mixed/tcn/seed_17/bandpass_n20003_cV2_independent_rms_s15.npz,76455,d508c453e69a498c1355567fbc804726063e71f3b82aa464446bf068ad90fff4
tcn,mixed,17,bandpass_n20003_cV2_independent_rms_s10,phase2/results/predictions/full/mixed/tcn/seed_17/bandpass_n20003_cV2_independent_rms_s10.npz,76423,76d1969cf79d5fcf3a0542f084d0bf177655bcdbdf86dbadf6164c5037601459
tcn,mixed,17,bandpass_n20003_cV2_independent_rms_s5,phase2/results/predictions/full/mixed/tcn/seed_17/bandpass_n20003_cV2_independent_rms_s5.npz,76331,ad48b4b20f40b0258996ad885ce02c718f0d89195bed069318ab999270995c8f
tcn,mixed,17,bandpass_n20003_cV2_independent_rms_s0,phase2/results/predictions/full/mixed/tcn/seed_17/bandpass_n20003_cV2_independent_rms_s0.npz,76126,c4b7d6a85a9c9ec6dd74db8afcba19280718d8adc61889cad33ba4b9d1b118c7
tcn,mixed,17,bandpass_n20003_cV2_electrode_s20,phase2/results/predictions/full/mixed/tcn/seed_17/bandpass_n20003_cV2_electrode_s20.npz,76425,f3e7fdef7e1eec48d31612a806330d8ad74346d4d5e571d7530af9e183bbf6e6
tcn,mixed,17,bandpass_n20003_cV2_electrode_s15,phase2/results/predictions/full/mixed/tcn/seed_17/bandpass_n20003_cV2_electrode_s15.npz,76416,e2bab474657f93640604d0eb46b7ee2894c3256a0a5fb429150f1e1624813267
tcn,mixed,17,bandpass_n20003_cV2_electrode_s10,phase2/results/predictions/full/mixed/tcn/seed_17/bandpass_n20003_cV2_electrode_s10.npz,76379,28ab5476c873b387453c06193acde308aae09e2d8f08be747916fd7a9049cb2e
tcn,mixed,17,bandpass_n20003_cV2_electrode_s5,phase2/results/predictions/full/mixed/tcn/seed_17/bandpass_n20003_cV2_electrode_s5.npz,76327,dd1a7b03b0def448c3533430383fe5efcbb4fc6366d55426a7b566b28dc4551e
tcn,mixed,17,bandpass_n20003_cV2_electrode_s0,phase2/results/predictions/full/mixed/tcn/seed_17/bandpass_n20003_cV2_electrode_s0.npz,76095,8ce1a5b9857c597ab95399ab915420695359a02639c653a58565db81bf121ecb
tcn,mixed,17,bandpass_n20003_cV2_covariance_s20,phase2/results/predictions/full/mixed/tcn/seed_17/bandpass_n20003_cV2_covariance_s20.npz,76432,ececccb3e3559baf0d8c2f68917d609452714a6890bed3ba3a775c2bb7cf95cb
tcn,mixed,17,bandpass_n20003_cV2_covariance_s15,phase2/results/predictions/full/mixed/tcn/seed_17/bandpass_n20003_cV2_covariance_s15.npz,76453,2cda1b62e96e777cd3e54864b86897da2a363e765de9777e117ccc6276d6b35e
tcn,mixed,17,bandpass_n20003_cV2_covariance_s10,phase2/results/predictions/full/mixed/tcn/seed_17/bandpass_n20003_cV2_covariance_s10.npz,76410,adbfdfa3956c9399c0defd4cd08a97b1cd22f79e4f6cf0f097121d9a6a3e639b
tcn,mixed,17,bandpass_n20003_cV2_covariance_s5,phase2/results/predictions/full/mixed/tcn/seed_17/bandpass_n20003_cV2_covariance_s5.npz,76289,37094a433dbd07963b1ae8229a02992ca3a470af04ec374e451dc3a412a3ff9e
tcn,mixed,17,bandpass_n20003_cV2_covariance_s0,phase2/results/predictions/full/mixed/tcn/seed_17/bandpass_n20003_cV2_covariance_s0.npz,76114,50f7e69acc1092660c688213e4a5e4ae0158c4d7354961a940e638e5f8f2f439
tcn,mixed,17,bandpass_n20003_cV3_independent_rms_s20,phase2/results/predictions/full/mixed/tcn/seed_17/bandpass_n20003_cV3_independent_rms_s20.npz,76441,1da3997ab9cac9b6d369caa2cee1753eb9ede2995f63a0b204a24612aa1e4ddd
tcn,mixed,17,bandpass_n20003_cV3_independent_rms_s15,phase2/results/predictions/full/mixed/tcn/seed_17/bandpass_n20003_cV3_independent_rms_s15.npz,76420,437e4abdfb4f0b53551325b453d12966eced5d1fc7f499681d3359dac93e0d4d
tcn,mixed,17,bandpass_n20003_cV3_independent_rms_s10,phase2/results/predictions/full/mixed/tcn/seed_17/bandpass_n20003_cV3_independent_rms_s10.npz,76449,d86eab19d24221861a7a318351b3584eb59d345cf8db67387e42916aa02d52ef
tcn,mixed,17,bandpass_n20003_cV3_independent_rms_s5,phase2/results/predictions/full/mixed/tcn/seed_17/bandpass_n20003_cV3_independent_rms_s5.npz,76301,f0d0456f666d70f8e5b6bbd2be8a58359ff2006f8e5f1639968100e79560a324
tcn,mixed,17,bandpass_n20003_cV3_independent_rms_s0,phase2/results/predictions/full/mixed/tcn/seed_17/bandpass_n20003_cV3_independent_rms_s0.npz,76014,4ba53ee6892e5debb52efab0327b318ad0a2b8a9a8038bca7a8f7d2fa65e47e5
tcn,mixed,17,bandpass_n20003_cV3_electrode_s20,phase2/results/predictions/full/mixed/tcn/seed_17/bandpass_n20003_cV3_electrode_s20.npz,76407,a3d1dcffbf553e00ba8336532e0545cd7e90d181681b303a667ec1780590ac8e
tcn,mixed,17,bandpass_n20003_cV3_electrode_s15,phase2/results/predictions/full/mixed/tcn/seed_17/bandpass_n20003_cV3_electrode_s15.npz,76442,842e345ceff3cb82d9f66ef0586e03db2ca41bcb676c48b543b86c99e7788a40
tcn,mixed,17,bandpass_n20003_cV3_electrode_s10,phase2/results/predictions/full/mixed/tcn/seed_17/bandpass_n20003_cV3_electrode_s10.npz,76383,babbef2d128238a9e013d41e9a86a6b3b9550e54e900226e4e1b944583d8799d
tcn,mixed,17,bandpass_n20003_cV3_electrode_s5,phase2/results/predictions/full/mixed/tcn/seed_17/bandpass_n20003_cV3_electrode_s5.npz,76291,4e82f7983ab08c9dfa24214a7f374001aae2412ee4f5650a188e690c8d66dd97
tcn,mixed,17,bandpass_n20003_cV3_electrode_s0,phase2/results/predictions/full/mixed/tcn/seed_17/bandpass_n20003_cV3_electrode_s0.npz,76022,9cafa06579f64ad3b83460f3f29add6a328d6f08d018ddd7bc1d817a952ff668
tcn,mixed,17,bandpass_n20003_cV3_covariance_s20,phase2/results/predictions/full/mixed/tcn/seed_17/bandpass_n20003_cV3_covariance_s20.npz,76466,52921854204df40cad6f2bbb941b39fae75600edec1007850ecf12af8a549a33
tcn,mixed,17,bandpass_n20003_cV3_covariance_s15,phase2/results/predictions/full/mixed/tcn/seed_17/bandpass_n20003_cV3_covariance_s15.npz,76469,3fd98c61ac252d59db91fe1fcb8877b0653b720060d9e16a5ea36401fecce485
tcn,mixed,17,bandpass_n20003_cV3_covariance_s10,phase2/results/predictions/full/mixed/tcn/seed_17/bandpass_n20003_cV3_covariance_s10.npz,76419,252221a0e0abbf17af33415eac74cd1617837cd007eb2b89180481aff79f58c6
tcn,mixed,17,bandpass_n20003_cV3_covariance_s5,phase2/results/predictions/full/mixed/tcn/seed_17/bandpass_n20003_cV3_covariance_s5.npz,76286,5897724d8080e85deb47ec4fc48225746276620e62987476dd732b4228618c2b
tcn,mixed,17,bandpass_n20003_cV3_covariance_s0,phase2/results/predictions/full/mixed/tcn/seed_17/bandpass_n20003_cV3_covariance_s0.npz,76051,4cda8fca9e38128aad52521b19dec8faf73f9440689e56a833213a4348de67e0
tcn,mixed,17,bandpass_n20003_cV4_independent_rms_s20,phase2/results/predictions/full/mixed/tcn/seed_17/bandpass_n20003_cV4_independent_rms_s20.npz,76444,b804e16717649534d56aa771f9cb53df5f85088143081a6834dd032e7465a733
tcn,mixed,17,bandpass_n20003_cV4_independent_rms_s15,phase2/results/predictions/full/mixed/tcn/seed_17/bandpass_n20003_cV4_independent_rms_s15.npz,76438,dcd5b648bd9abd3f7d39f6a7d0e500a34de890750406cd87df3a71cc64249f96
tcn,mixed,17,bandpass_n20003_cV4_independent_rms_s10,phase2/results/predictions/full/mixed/tcn/seed_17/bandpass_n20003_cV4_independent_rms_s10.npz,76434,e1ac8c06a6813af2d6f8a357f8a40344986acb61e43bf18a78339df61632a570
tcn,mixed,17,bandpass_n20003_cV4_independent_rms_s5,phase2/results/predictions/full/mixed/tcn/seed_17/bandpass_n20003_cV4_independent_rms_s5.npz,76451,9c1db69b004b474d9bab5256b99a439fe90f4b69beee1428b0db74dacd9db996
tcn,mixed,17,bandpass_n20003_cV4_independent_rms_s0,phase2/results/predictions/full/mixed/tcn/seed_17/bandpass_n20003_cV4_independent_rms_s0.npz,76325,31c0c63bc62abf85f889576518a1652d5e39c81c0e0852fac04fb5af7558f9fe
tcn,mixed,17,bandpass_n20003_cV4_electrode_s20,phase2/results/predictions/full/mixed/tcn/seed_17/bandpass_n20003_cV4_electrode_s20.npz,76456,092ec9b032f094d01da7a9bf80505f3c061ac4906a7b32f65c4f8586693a494e
tcn,mixed,17,bandpass_n20003_cV4_electrode_s15,phase2/results/predictions/full/mixed/tcn/seed_17/bandpass_n20003_cV4_electrode_s15.npz,76443,79577aea7b631bbb68cbeb396293834c0249ab1747bf81f6b9d47ae8315308ad
tcn,mixed,17,bandpass_n20003_cV4_electrode_s10,phase2/results/predictions/full/mixed/tcn/seed_17/bandpass_n20003_cV4_electrode_s10.npz,76444,03b5570c7890a744fa69260e5ce9fc052c3ea8aab877c774832b2599bf49a00f
tcn,mixed,17,bandpass_n20003_cV4_electrode_s5,phase2/results/predictions/full/mixed/tcn/seed_17/bandpass_n20003_cV4_electrode_s5.npz,76422,ed849e8ce82f207a55ac029af39a82e13e31f5de7446cd8b69ccf0e5c5b1bcb3
tcn,mixed,17,bandpass_n20003_cV4_electrode_s0,phase2/results/predictions/full/mixed/tcn/seed_17/bandpass_n20003_cV4_electrode_s0.npz,76298,6f5f78de802bce7f533a98b91c842859c2045a58302f671c52c8d058e295ccd4
tcn,mixed,17,bandpass_n20003_cV4_covariance_s20,phase2/results/predictions/full/mixed/tcn/seed_17/bandpass_n20003_cV4_covariance_s20.npz,76416,d4662321256576245b8caed1485602c18ffd1ddedd85f601c5b40db51aba26c8
tcn,mixed,17,bandpass_n20003_cV4_covariance_s15,phase2/results/predictions/full/mixed/tcn/seed_17/bandpass_n20003_cV4_covariance_s15.npz,76437,1fda8b49241407f8faa221f8dfaeac21f1c5c045799e68620e4d0427c0229844
tcn,mixed,17,bandpass_n20003_cV4_covariance_s10,phase2/results/predictions/full/mixed/tcn/seed_17/bandpass_n20003_cV4_covariance_s10.npz,76438,5c23178e83dc01659432d7eeaa3a4066b4c020113e468749c0d269d2b8e0def5
tcn,mixed,17,bandpass_n20003_cV4_covariance_s5,phase2/results/predictions/full/mixed/tcn/seed_17/bandpass_n20003_cV4_covariance_s5.npz,76373,bc917bd49f2228ee6825b23ae878fad2096b0f1891177d3337d0b845b0e30d5a
tcn,mixed,17,bandpass_n20003_cV4_covariance_s0,phase2/results/predictions/full/mixed/tcn/seed_17/bandpass_n20003_cV4_covariance_s0.npz,76305,7b494216c945bc8530a0338dfba5110c0d2228379bca4091d46af35114587c03
tcn,mixed,17,bandpass_n20003_cV5_independent_rms_s20,phase2/results/predictions/full/mixed/tcn/seed_17/bandpass_n20003_cV5_independent_rms_s20.npz,76431,a28398b796c1e8a4a1adeb8b9e8e55fb00e4a25f62dc93525c73bfed8ef84248
tcn,mixed,17,bandpass_n20003_cV5_independent_rms_s15,phase2/results/predictions/full/mixed/tcn/seed_17/bandpass_n20003_cV5_independent_rms_s15.npz,76426,6ee8ac67ad11691e010aff1610e03c44ca56874bd992761c9be70c8ebb4f49c0
tcn,mixed,17,bandpass_n20003_cV5_independent_rms_s10,phase2/results/predictions/full/mixed/tcn/seed_17/bandpass_n20003_cV5_independent_rms_s10.npz,76379,f362de8eebe9766f8e6237e2248c6cacb2a541daf4954e3c93370d4b000be055
tcn,mixed,17,bandpass_n20003_cV5_independent_rms_s5,phase2/results/predictions/full/mixed/tcn/seed_17/bandpass_n20003_cV5_independent_rms_s5.npz,76348,8397ce3849b9919022ddfbb65eb9b3bfbb11f0d943c2f307db05ce5c647df41e
tcn,mixed,17,bandpass_n20003_cV5_independent_rms_s0,phase2/results/predictions/full/mixed/tcn/seed_17/bandpass_n20003_cV5_independent_rms_s0.npz,76132,acf44e1f92363f403a547759905ce932b50210bc209d5c122933b5bc6eb716d0
tcn,mixed,17,bandpass_n20003_cV5_electrode_s20,phase2/results/predictions/full/mixed/tcn/seed_17/bandpass_n20003_cV5_electrode_s20.npz,76418,2e635ec0805afcd8e03c06665ae4caf17e641599be16725c31a8a177cd8d987c
tcn,mixed,17,bandpass_n20003_cV5_electrode_s15,phase2/results/predictions/full/mixed/tcn/seed_17/bandpass_n20003_cV5_electrode_s15.npz,76410,c4d307f43cc362193da0da2408d89c3e889a46c4ede21634194b9b5b8ed40b18
tcn,mixed,17,bandpass_n20003_cV5_electrode_s10,phase2/results/predictions/full/mixed/tcn/seed_17/bandpass_n20003_cV5_electrode_s10.npz,76353,67f1d0d26dbd0eaaa847f00486c92b15cb5645f7f2c53c1490839015251f735d
tcn,mixed,17,bandpass_n20003_cV5_electrode_s5,phase2/results/predictions/full/mixed/tcn/seed_17/bandpass_n20003_cV5_electrode_s5.npz,76327,9985db3cc337b7c41f5f947c88599dc5886bfd9b4ced4e0416dc661bcdd765c6
tcn,mixed,17,bandpass_n20003_cV5_electrode_s0,phase2/results/predictions/full/mixed/tcn/seed_17/bandpass_n20003_cV5_electrode_s0.npz,76097,c64595bf584078223cd235a0f3aeab5da15e6def19a1bc10086ae63dcd36b7d1
tcn,mixed,17,bandpass_n20003_cV5_covariance_s20,phase2/results/predictions/full/mixed/tcn/seed_17/bandpass_n20003_cV5_covariance_s20.npz,76468,1b88526e3b376e7acad562609d2c1150f90348a2d5b2932dafd5ef40db9967a2
tcn,mixed,17,bandpass_n20003_cV5_covariance_s15,phase2/results/predictions/full/mixed/tcn/seed_17/bandpass_n20003_cV5_covariance_s15.npz,76431,83561e5e814b5619d5aa155e5d49f73ee1284729182728ca7143e26b4da1da7a
tcn,mixed,17,bandpass_n20003_cV5_covariance_s10,phase2/results/predictions/full/mixed/tcn/seed_17/bandpass_n20003_cV5_covariance_s10.npz,76399,55819042e76f6be654482b091c7b027a89ca4d15219dd29797f68ffb0bd16042
tcn,mixed,17,bandpass_n20003_cV5_covariance_s5,phase2/results/predictions/full/mixed/tcn/seed_17/bandpass_n20003_cV5_covariance_s5.npz,76307,1ed3ccb50fd8d03ed28a74a1173de2343bb1e93521fa1d2a2dd873fe73966721
tcn,mixed,17,bandpass_n20003_cV5_covariance_s0,phase2/results/predictions/full/mixed/tcn/seed_17/bandpass_n20003_cV5_covariance_s0.npz,76117,43d2371e21e6a29e3af0c04e5ffd10bba43141a648a90ae74bb702b30a9ced61
tcn,mixed,17,bandpass_n20003_cV6_independent_rms_s20,phase2/results/predictions/full/mixed/tcn/seed_17/bandpass_n20003_cV6_independent_rms_s20.npz,76465,b7d5ff9e58e4eab2c35c7a95c79c9ba59f7090707b031f6b7cbee3ed10b6eaad
tcn,mixed,17,bandpass_n20003_cV6_independent_rms_s15,phase2/results/predictions/full/mixed/tcn/seed_17/bandpass_n20003_cV6_independent_rms_s15.npz,76474,86c882d0d15d4a619a157303f71eb5395c9dd4d96df59fb4054ba6c819a38dfa
tcn,mixed,17,bandpass_n20003_cV6_independent_rms_s10,phase2/results/predictions/full/mixed/tcn/seed_17/bandpass_n20003_cV6_independent_rms_s10.npz,76410,dcf4f8a7d2b7b12395204f6c7fa962400996d9dea313e058487948371bdb2561
tcn,mixed,17,bandpass_n20003_cV6_independent_rms_s5,phase2/results/predictions/full/mixed/tcn/seed_17/bandpass_n20003_cV6_independent_rms_s5.npz,76336,804723324d7f8d278fdae5257fbbffecf87c8c0199622a28ee3172c23b58b931
tcn,mixed,17,bandpass_n20003_cV6_independent_rms_s0,phase2/results/predictions/full/mixed/tcn/seed_17/bandpass_n20003_cV6_independent_rms_s0.npz,76035,aab23cac4d83840b1f94ca7ca77f4b1eaf9308dde5fc85277a1ea8d6b206c91c
tcn,mixed,17,bandpass_n20003_cV6_electrode_s20,phase2/results/predictions/full/mixed/tcn/seed_17/bandpass_n20003_cV6_electrode_s20.npz,76423,21096189ef73f3279628249e68d7197c54797ee63cac22e37acde16bcecddb6e
tcn,mixed,17,bandpass_n20003_cV6_electrode_s15,phase2/results/predictions/full/mixed/tcn/seed_17/bandpass_n20003_cV6_electrode_s15.npz,76422,668b925e1fca20610485a804b576c9928eabbe355d12ed961dd0b2a5250639f4
tcn,mixed,17,bandpass_n20003_cV6_electrode_s10,phase2/results/predictions/full/mixed/tcn/seed_17/bandpass_n20003_cV6_electrode_s10.npz,76396,8f4fdcb0487a4080c65a4765e0f57e1b920007136e26681f92f32df55705a4fb
tcn,mixed,17,bandpass_n20003_cV6_electrode_s5,phase2/results/predictions/full/mixed/tcn/seed_17/bandpass_n20003_cV6_electrode_s5.npz,76313,8ec81d554c39eb9671d60dd64da54b3cf51540a1593804f709ac4572fb4ce002
tcn,mixed,17,bandpass_n20003_cV6_electrode_s0,phase2/results/predictions/full/mixed/tcn/seed_17/bandpass_n20003_cV6_electrode_s0.npz,75997,108320fbec6f7846a87f1fa59e9aeae85130d82ce8b9d56767a9e3e306d7b9a2
tcn,mixed,17,bandpass_n20003_cV6_covariance_s20,phase2/results/predictions/full/mixed/tcn/seed_17/bandpass_n20003_cV6_covariance_s20.npz,76437,c32810e26a393802dfb1da4017684c0df5a1c7e49e67e7a209e0282957ba92cc
tcn,mixed,17,bandpass_n20003_cV6_covariance_s15,phase2/results/predictions/full/mixed/tcn/seed_17/bandpass_n20003_cV6_covariance_s15.npz,76465,d6257239b1ecf993670297f33d106b64c978c6122bf3d81e8452a30a95569529
tcn,mixed,17,bandpass_n20003_cV6_covariance_s10,phase2/results/predictions/full/mixed/tcn/seed_17/bandpass_n20003_cV6_covariance_s10.npz,76399,e783c578a94a50722093b17ac9868e559cf2ebedf065ce34d2e259442d089bd8
tcn,mixed,17,bandpass_n20003_cV6_covariance_s5,phase2/results/predictions/full/mixed/tcn/seed_17/bandpass_n20003_cV6_covariance_s5.npz,76343,709081f6e022373d26040abeba3e6b6c7b6bc502d379a4152409b74e967c531c
tcn,mixed,17,bandpass_n20003_cV6_covariance_s0,phase2/results/predictions/full/mixed/tcn/seed_17/bandpass_n20003_cV6_covariance_s0.npz,75992,a3102a0069b9267a5b4c8d7f2ba8e78f9cfc0f0214f85dcf7bc356a0e2fa32af
tcn,mixed,17,bandpass_n20003_cRA_LA_independent_rms_s20,phase2/results/predictions/full/mixed/tcn/seed_17/bandpass_n20003_cRA_LA_independent_rms_s20.npz,76476,a9fb450ba559146c8820dc772282d421c7ce2af8ecb8b8784a4e1c4a43d7fb33
tcn,mixed,17,bandpass_n20003_cRA_LA_independent_rms_s15,phase2/results/predictions/full/mixed/tcn/seed_17/bandpass_n20003_cRA_LA_independent_rms_s15.npz,76446,5dd9eaeec09c97b838b66cc4b6c0b08f44eabea2a802f8a1869e86db5dd58902
tcn,mixed,17,bandpass_n20003_cRA_LA_independent_rms_s10,phase2/results/predictions/full/mixed/tcn/seed_17/bandpass_n20003_cRA_LA_independent_rms_s10.npz,76380,4747f96313aed75f5b1736c94a028c36e175da0c21f3a414fa09d0004401d1c0
tcn,mixed,17,bandpass_n20003_cRA_LA_independent_rms_s5,phase2/results/predictions/full/mixed/tcn/seed_17/bandpass_n20003_cRA_LA_independent_rms_s5.npz,76298,9cb186a54ab43aeb1464606a822477f74f51dd42e88f15ee6361a6f5d9bf5bb0
tcn,mixed,17,bandpass_n20003_cRA_LA_independent_rms_s0,phase2/results/predictions/full/mixed/tcn/seed_17/bandpass_n20003_cRA_LA_independent_rms_s0.npz,75972,34f879008344f2862105b329a9c6aa088aacafac80db4d0040180fa338ce74e5
tcn,mixed,17,bandpass_n20003_cRA_LA_electrode_s20,phase2/results/predictions/full/mixed/tcn/seed_17/bandpass_n20003_cRA_LA_electrode_s20.npz,76436,ba915f6c8d3388184da98adeca1c6762c35ee87c166c47b1aa62282257a5493a
tcn,mixed,17,bandpass_n20003_cRA_LA_electrode_s15,phase2/results/predictions/full/mixed/tcn/seed_17/bandpass_n20003_cRA_LA_electrode_s15.npz,76415,cfa05272c582b4b4346cd19a821ed7955172df8876621b4d5058ce9c32876eae
tcn,mixed,17,bandpass_n20003_cRA_LA_electrode_s10,phase2/results/predictions/full/mixed/tcn/seed_17/bandpass_n20003_cRA_LA_electrode_s10.npz,76323,3c33700ad3d20bc205cb121577763b4f32f1db1df6c761aed6a61fe9913b1e9c
tcn,mixed,17,bandpass_n20003_cRA_LA_electrode_s5,phase2/results/predictions/full/mixed/tcn/seed_17/bandpass_n20003_cRA_LA_electrode_s5.npz,76183,3eb263d2018d2d003496b27fd13ef5b4ce71c02f3d741da3fc51569fc2b6a232
tcn,mixed,17,bandpass_n20003_cRA_LA_electrode_s0,phase2/results/predictions/full/mixed/tcn/seed_17/bandpass_n20003_cRA_LA_electrode_s0.npz,75742,c386fce37732f6f7aa3770f523f8ab06adce07caa3eb143fe09acb62584d9905
tcn,mixed,17,bandpass_n20003_cRA_LA_covariance_s20,phase2/results/predictions/full/mixed/tcn/seed_17/bandpass_n20003_cRA_LA_covariance_s20.npz,76452,816343b03500fe1ea1650f9e5c632bfb0aa2760d4476c8f06737031c13596a07
tcn,mixed,17,bandpass_n20003_cRA_LA_covariance_s15,phase2/results/predictions/full/mixed/tcn/seed_17/bandpass_n20003_cRA_LA_covariance_s15.npz,76402,f9e5cfecc528963fa490079702a8abc30752705a8920999903c5cd9c71aea071
tcn,mixed,17,bandpass_n20003_cRA_LA_covariance_s10,phase2/results/predictions/full/mixed/tcn/seed_17/bandpass_n20003_cRA_LA_covariance_s10.npz,76364,64b65f632e457c0ae89b2210fb9ea63fad5654c55d6e1ccf05e900cd9ce6b11b
tcn,mixed,17,bandpass_n20003_cRA_LA_covariance_s5,phase2/results/predictions/full/mixed/tcn/seed_17/bandpass_n20003_cRA_LA_covariance_s5.npz,76184,440304d4f3de8e0122b307bad58909ac6165d65ae001af8b3422e234e670f001
tcn,mixed,17,bandpass_n20003_cRA_LA_covariance_s0,phase2/results/predictions/full/mixed/tcn/seed_17/bandpass_n20003_cRA_LA_covariance_s0.npz,75712,fe57d7d05d53e05c8238b6018805e37aa78ae843dd1d2fe10f5651bd0c91966b
tcn,mixed,17,bandpass_n20003_cLA_LL_independent_rms_s20,phase2/results/predictions/full/mixed/tcn/seed_17/bandpass_n20003_cLA_LL_independent_rms_s20.npz,76464,d04ca2bb9942b635b06b4cc9a1691a039be1d270749d1875346d4b1b21c3a7f9
tcn,mixed,17,bandpass_n20003_cLA_LL_independent_rms_s15,phase2/results/predictions/full/mixed/tcn/seed_17/bandpass_n20003_cLA_LL_independent_rms_s15.npz,76447,21615c60b947101f37395b8b0eed1311a0af0bd86a5b0ce9801260f533423312
tcn,mixed,17,bandpass_n20003_cLA_LL_independent_rms_s10,phase2/results/predictions/full/mixed/tcn/seed_17/bandpass_n20003_cLA_LL_independent_rms_s10.npz,76394,f9ade483d80b9812bc4e1bdaa76dec11c9f7605f24d8a86a606ec03729c127c6
tcn,mixed,17,bandpass_n20003_cLA_LL_independent_rms_s5,phase2/results/predictions/full/mixed/tcn/seed_17/bandpass_n20003_cLA_LL_independent_rms_s5.npz,76317,53bd907365d181084f319cd6d70442255914f93bebc2e23e011ef04dfe6c5c8d
tcn,mixed,17,bandpass_n20003_cLA_LL_independent_rms_s0,phase2/results/predictions/full/mixed/tcn/seed_17/bandpass_n20003_cLA_LL_independent_rms_s0.npz,75969,297efd4fdf58d7e3c46dc6a237ccc42770194c03ffbc1208f2270cf53fbf4e61
tcn,mixed,17,bandpass_n20003_cLA_LL_electrode_s20,phase2/results/predictions/full/mixed/tcn/seed_17/bandpass_n20003_cLA_LL_electrode_s20.npz,76447,b3889fca072f8fff91f6961b3e4bf486424804a9f188d4ee179425ca76f76070
tcn,mixed,17,bandpass_n20003_cLA_LL_electrode_s15,phase2/results/predictions/full/mixed/tcn/seed_17/bandpass_n20003_cLA_LL_electrode_s15.npz,76425,c71d49300020e00e5df9390b1bb6abbc96be6401be60e6d4715c72c3f7d643f7
tcn,mixed,17,bandpass_n20003_cLA_LL_electrode_s10,phase2/results/predictions/full/mixed/tcn/seed_17/bandpass_n20003_cLA_LL_electrode_s10.npz,76383,b0a9b942d679d60b95e3dd2ad39feb1ce03e78c4a492121caec1e2090781ffca
tcn,mixed,17,bandpass_n20003_cLA_LL_electrode_s5,phase2/results/predictions/full/mixed/tcn/seed_17/bandpass_n20003_cLA_LL_electrode_s5.npz,76215,e5d963deb6cff98767e5dabef81f75f9ec8eb5b94f38efedcb6c4a3b47325539
tcn,mixed,17,bandpass_n20003_cLA_LL_electrode_s0,phase2/results/predictions/full/mixed/tcn/seed_17/bandpass_n20003_cLA_LL_electrode_s0.npz,75838,a5762e6cd227d0272341762ffbcf4918099bab8221f423177e6d0e37714f373d
tcn,mixed,17,bandpass_n20003_cLA_LL_covariance_s20,phase2/results/predictions/full/mixed/tcn/seed_17/bandpass_n20003_cLA_LL_covariance_s20.npz,76444,a14e6a77598beea57711f536e0bb4a0bc53a5d9ee310e75798020d5c87b596b8
tcn,mixed,17,bandpass_n20003_cLA_LL_covariance_s15,phase2/results/predictions/full/mixed/tcn/seed_17/bandpass_n20003_cLA_LL_covariance_s15.npz,76394,ea68a9daa93d143858a5146c9d5926679f6b8bff314a8b0bd6d651d6b99ccfeb
tcn,mixed,17,bandpass_n20003_cLA_LL_covariance_s10,phase2/results/predictions/full/mixed/tcn/seed_17/bandpass_n20003_cLA_LL_covariance_s10.npz,76340,a9b44f4db4451c62a936434d115b4f749c34a8e1ca2b3e366721b6712173942f
tcn,mixed,17,bandpass_n20003_cLA_LL_covariance_s5,phase2/results/predictions/full/mixed/tcn/seed_17/bandpass_n20003_cLA_LL_covariance_s5.npz,76201,bc4eda3498b1176b16e5b6b0945b5eb2a36ceffeb106e703fae2600deebc2980
tcn,mixed,17,bandpass_n20003_cLA_LL_covariance_s0,phase2/results/predictions/full/mixed/tcn/seed_17/bandpass_n20003_cLA_LL_covariance_s0.npz,75816,107c2b349a3490a57de862f84974538d0d1444caf7f543b523d03b9f3756b9a5
tcn,mixed,17,bandpass_n20003_cRA_LL_independent_rms_s20,phase2/results/predictions/full/mixed/tcn/seed_17/bandpass_n20003_cRA_LL_independent_rms_s20.npz,76443,36ee83cdeecf388af74af657b756dcd86c0cea2b5a4705d6a5e9ddc456ded3cf
tcn,mixed,17,bandpass_n20003_cRA_LL_independent_rms_s15,phase2/results/predictions/full/mixed/tcn/seed_17/bandpass_n20003_cRA_LL_independent_rms_s15.npz,76418,a2b65f833c423ebb78527fcf05f8dd62f6a6485aed9fb3b2432867b7ecc4aec5
tcn,mixed,17,bandpass_n20003_cRA_LL_independent_rms_s10,phase2/results/predictions/full/mixed/tcn/seed_17/bandpass_n20003_cRA_LL_independent_rms_s10.npz,76389,39157f1e367e2fe114e279a963b09bfdc8c914a14d829e3a9eda65d0e8ebf4c2
tcn,mixed,17,bandpass_n20003_cRA_LL_independent_rms_s5,phase2/results/predictions/full/mixed/tcn/seed_17/bandpass_n20003_cRA_LL_independent_rms_s5.npz,76298,253b6b8aa3be645240315d7350095b568686e1e3f554c6f27818b75ddd59d2c3
tcn,mixed,17,bandpass_n20003_cRA_LL_independent_rms_s0,phase2/results/predictions/full/mixed/tcn/seed_17/bandpass_n20003_cRA_LL_independent_rms_s0.npz,75881,9a71b194d3d2ff18c7d1aaaa66572828c1bdfaf3033c097e7cbfa79bd109a599
tcn,mixed,17,bandpass_n20003_cRA_LL_electrode_s20,phase2/results/predictions/full/mixed/tcn/seed_17/bandpass_n20003_cRA_LL_electrode_s20.npz,76422,231026385c21101146f24e15431e7f24f780b749f4af01ff86886385ccb7722b
tcn,mixed,17,bandpass_n20003_cRA_LL_electrode_s15,phase2/results/predictions/full/mixed/tcn/seed_17/bandpass_n20003_cRA_LL_electrode_s15.npz,76434,1c39c38a7517d1cbc466f1de8d4803b446aea09e75928dfe54fecc92bee0123c
tcn,mixed,17,bandpass_n20003_cRA_LL_electrode_s10,phase2/results/predictions/full/mixed/tcn/seed_17/bandpass_n20003_cRA_LL_electrode_s10.npz,76338,1d122550746d6174e1dbb69f5a47bf6cb9f71a9d6427079cf2c710ec07f96e7a
tcn,mixed,17,bandpass_n20003_cRA_LL_electrode_s5,phase2/results/predictions/full/mixed/tcn/seed_17/bandpass_n20003_cRA_LL_electrode_s5.npz,76186,5bacd7a04841f960507f67794d3c81722f78c0753da9ea93d2bd312f56d874d6
tcn,mixed,17,bandpass_n20003_cRA_LL_electrode_s0,phase2/results/predictions/full/mixed/tcn/seed_17/bandpass_n20003_cRA_LL_electrode_s0.npz,75742,87151d0afdc7f84a457b11540f0faaad2e6d828fe5d501274f83966b9b8dc15d
tcn,mixed,17,bandpass_n20003_cRA_LL_covariance_s20,phase2/results/predictions/full/mixed/tcn/seed_17/bandpass_n20003_cRA_LL_covariance_s20.npz,76470,69977e705b36ad5ec323755f7ed52ebd5fb659879a8a6f996250c1349770fb33
tcn,mixed,17,bandpass_n20003_cRA_LL_covariance_s15,phase2/results/predictions/full/mixed/tcn/seed_17/bandpass_n20003_cRA_LL_covariance_s15.npz,76417,86cacf74ee0e6b338c2321427e295af61d3afa050b30e5991e45cacfbb6de688
tcn,mixed,17,bandpass_n20003_cRA_LL_covariance_s10,phase2/results/predictions/full/mixed/tcn/seed_17/bandpass_n20003_cRA_LL_covariance_s10.npz,76355,f8a1df23acfe7d3bebdd95a30e2d03974efc6071c2a0b8db9c2e866fdf6e6b16
tcn,mixed,17,bandpass_n20003_cRA_LL_covariance_s5,phase2/results/predictions/full/mixed/tcn/seed_17/bandpass_n20003_cRA_LL_covariance_s5.npz,76201,d43678dfb014df4ca4207ad45c2e51838e5187803074269782f00712b5078a11
tcn,mixed,17,bandpass_n20003_cRA_LL_covariance_s0,phase2/results/predictions/full/mixed/tcn/seed_17/bandpass_n20003_cRA_LL_covariance_s0.npz,75725,62a467025a6b1eee58c2407deb891faacb8afff0717a6761a1493bc5566f08a3
tcn,mixed,17,bandpass_n20003_cRA_independent_rms_s20,phase2/results/predictions/full/mixed/tcn/seed_17/bandpass_n20003_cRA_independent_rms_s20.npz,76457,51ea86ed2db566bbfc663ea991b09dfe7727fbe57a650f7cb010e23d4db2196b
tcn,mixed,17,bandpass_n20003_cRA_independent_rms_s15,phase2/results/predictions/full/mixed/tcn/seed_17/bandpass_n20003_cRA_independent_rms_s15.npz,76443,7446a348cb13a29d0a8f6a943d963a61e3d1b7862e80c20eb63b796c70c4af5b
tcn,mixed,17,bandpass_n20003_cRA_independent_rms_s10,phase2/results/predictions/full/mixed/tcn/seed_17/bandpass_n20003_cRA_independent_rms_s10.npz,76407,f8145249f1132bb7c45f1642b56ffb1b718c9df2f0e63cd47ebaa6af4141b024
tcn,mixed,17,bandpass_n20003_cRA_independent_rms_s5,phase2/results/predictions/full/mixed/tcn/seed_17/bandpass_n20003_cRA_independent_rms_s5.npz,76236,9d7407994b45543a5feadbe29f7218085a8f7bde5fe087b9fed4a45083ae3531
tcn,mixed,17,bandpass_n20003_cRA_independent_rms_s0,phase2/results/predictions/full/mixed/tcn/seed_17/bandpass_n20003_cRA_independent_rms_s0.npz,75903,07ebfe727ea42cbbf76b47f1384289cd9f4909523a49b3303a15f8e7431b6b77
tcn,mixed,17,bandpass_n20003_cRA_electrode_s20,phase2/results/predictions/full/mixed/tcn/seed_17/bandpass_n20003_cRA_electrode_s20.npz,76426,38d277698f7c7fc3905e05b20170c8cc19c713257fb86ae3cfad38ca2a596bcf
tcn,mixed,17,bandpass_n20003_cRA_electrode_s15,phase2/results/predictions/full/mixed/tcn/seed_17/bandpass_n20003_cRA_electrode_s15.npz,76438,b3ee46f2ee5d6f6f760057caf6aeddd77750d7053f9692c9578eb0fd14e5640e
tcn,mixed,17,bandpass_n20003_cRA_electrode_s10,phase2/results/predictions/full/mixed/tcn/seed_17/bandpass_n20003_cRA_electrode_s10.npz,76350,3ed3435cab2fced0571a3167179477e00749d4557f23300058f2588a74883d67
tcn,mixed,17,bandpass_n20003_cRA_electrode_s5,phase2/results/predictions/full/mixed/tcn/seed_17/bandpass_n20003_cRA_electrode_s5.npz,76178,cc05abd7440080fffccfa0f6c06461d6579ee4c4f134a9943f8233fa37899def
tcn,mixed,17,bandpass_n20003_cRA_electrode_s0,phase2/results/predictions/full/mixed/tcn/seed_17/bandpass_n20003_cRA_electrode_s0.npz,75790,3b4c1a1d14add67d78ea5217fb15e53136b52aaf0b3873b18e568ca63dbcd2d3
tcn,mixed,17,bandpass_n20003_cRA_covariance_s20,phase2/results/predictions/full/mixed/tcn/seed_17/bandpass_n20003_cRA_covariance_s20.npz,76444,5ee799dfbd40de7a284e38e72fb44821ad4f42ec768da6d5005e2a43abe14715
tcn,mixed,17,bandpass_n20003_cRA_covariance_s15,phase2/results/predictions/full/mixed/tcn/seed_17/bandpass_n20003_cRA_covariance_s15.npz,76422,f3d73b45a3c07ac058e84de6870482bb813e6a5c7afe61764ad6ea47a77e534a
tcn,mixed,17,bandpass_n20003_cRA_covariance_s10,phase2/results/predictions/full/mixed/tcn/seed_17/bandpass_n20003_cRA_covariance_s10.npz,76352,a02594e37ab1e1be0b6c6b447e227655ee2e11b9cebfb7282f5543115823c18b
tcn,mixed,17,bandpass_n20003_cRA_covariance_s5,phase2/results/predictions/full/mixed/tcn/seed_17/bandpass_n20003_cRA_covariance_s5.npz,76164,1a26aceae02267130cf515d6c416f4525fecf7a7f0e2cbc40825d029fed7cd82
tcn,mixed,17,bandpass_n20003_cRA_covariance_s0,phase2/results/predictions/full/mixed/tcn/seed_17/bandpass_n20003_cRA_covariance_s0.npz,75783,768889f2e5b97e0b92db520e504c272e373d6b613d15a83993740fe9cbb323cb
tcn,mixed,17,bandpass_n20003_cLA_independent_rms_s20,phase2/results/predictions/full/mixed/tcn/seed_17/bandpass_n20003_cLA_independent_rms_s20.npz,76427,3d0099f48e15c7c28c7a4e4268c39fe3800767454dbff407c5471d11e8945a90
tcn,mixed,17,bandpass_n20003_cLA_independent_rms_s15,phase2/results/predictions/full/mixed/tcn/seed_17/bandpass_n20003_cLA_independent_rms_s15.npz,76427,95d1f650cf20b131e2121e8b15f856f67688205b1ed54e15e8dd04b05bde3f1f
tcn,mixed,17,bandpass_n20003_cLA_independent_rms_s10,phase2/results/predictions/full/mixed/tcn/seed_17/bandpass_n20003_cLA_independent_rms_s10.npz,76390,ea81869d028122237b627bc4ca5447355c3b6eb97213673862b4fa68fe57e35c
tcn,mixed,17,bandpass_n20003_cLA_independent_rms_s5,phase2/results/predictions/full/mixed/tcn/seed_17/bandpass_n20003_cLA_independent_rms_s5.npz,76297,a91672c8c84ca4628e4ce796da589929a5b1b7c2ba1934a3afea00867628f9b0
tcn,mixed,17,bandpass_n20003_cLA_independent_rms_s0,phase2/results/predictions/full/mixed/tcn/seed_17/bandpass_n20003_cLA_independent_rms_s0.npz,76057,057952c381fa97cc521195c190422b69c28d3856a6fe2c203b6ddd443c6a2a5e
tcn,mixed,17,bandpass_n20003_cLA_electrode_s20,phase2/results/predictions/full/mixed/tcn/seed_17/bandpass_n20003_cLA_electrode_s20.npz,76437,0d49762e2f15fac13b4cbc528c5b76f0f072d157c3644dc9c25a52809489b7ed
tcn,mixed,17,bandpass_n20003_cLA_electrode_s15,phase2/results/predictions/full/mixed/tcn/seed_17/bandpass_n20003_cLA_electrode_s15.npz,76399,bc91a478d4d31d43c2cb3df7b073ce3313e22c9b69c3fb0009e5620073b2c6ab
tcn,mixed,17,bandpass_n20003_cLA_electrode_s10,phase2/results/predictions/full/mixed/tcn/seed_17/bandpass_n20003_cLA_electrode_s10.npz,76327,ad32097f2eda07ca4105dba9075ee0eb353416731de7712a5a5a5753a63e85f7
tcn,mixed,17,bandpass_n20003_cLA_electrode_s5,phase2/results/predictions/full/mixed/tcn/seed_17/bandpass_n20003_cLA_electrode_s5.npz,76193,4882374548dc753eddb915da2ec77a52e038553595d7051dd0ee83153aa1986b
tcn,mixed,17,bandpass_n20003_cLA_electrode_s0,phase2/results/predictions/full/mixed/tcn/seed_17/bandpass_n20003_cLA_electrode_s0.npz,75797,c2ed518a0cdbe3f14d78d135b58046a614f1a74ae934a68166e1e284f600f409
tcn,mixed,17,bandpass_n20003_cLA_covariance_s20,phase2/results/predictions/full/mixed/tcn/seed_17/bandpass_n20003_cLA_covariance_s20.npz,76441,c4ee44a364b58d6819ad6872de4717819c157ad4677e4f9d19160a2f88648bf8
tcn,mixed,17,bandpass_n20003_cLA_covariance_s15,phase2/results/predictions/full/mixed/tcn/seed_17/bandpass_n20003_cLA_covariance_s15.npz,76443,d79a0cf26eda6e3082a7e8c9b6ec22f4dec6c3a89141d1abe54bed09fd2a4897
tcn,mixed,17,bandpass_n20003_cLA_covariance_s10,phase2/results/predictions/full/mixed/tcn/seed_17/bandpass_n20003_cLA_covariance_s10.npz,76364,cf4548704ea8647e13397cecfe7410447360dfa57997582f554a9f6537a871e3
tcn,mixed,17,bandpass_n20003_cLA_covariance_s5,phase2/results/predictions/full/mixed/tcn/seed_17/bandpass_n20003_cLA_covariance_s5.npz,76209,6e2946c5ad4c2ed284916939c828c1d1c877a5143c7b3b9817554677fa5632fa
tcn,mixed,17,bandpass_n20003_cLA_covariance_s0,phase2/results/predictions/full/mixed/tcn/seed_17/bandpass_n20003_cLA_covariance_s0.npz,75850,021c0f0624670001e6397eb701118f1d13e066af48a29da7f9f5ac9b4b23bd9f
tcn,mixed,17,bandpass_n20003_cLL_independent_rms_s20,phase2/results/predictions/full/mixed/tcn/seed_17/bandpass_n20003_cLL_independent_rms_s20.npz,76438,90db6476439103f6fca145792a261da1762842e3371da20e7360208bd24520ad
tcn,mixed,17,bandpass_n20003_cLL_independent_rms_s15,phase2/results/predictions/full/mixed/tcn/seed_17/bandpass_n20003_cLL_independent_rms_s15.npz,76410,d3a01b7e8676bda04328bfca15af42158d9b6b70b6f9c780685ba1a938aef9fb
tcn,mixed,17,bandpass_n20003_cLL_independent_rms_s10,phase2/results/predictions/full/mixed/tcn/seed_17/bandpass_n20003_cLL_independent_rms_s10.npz,76405,90dbaf189550ef66b3bf1cd25ee4255ecd5dab2d1b0c54744aa84a5d0e1822cb
tcn,mixed,17,bandpass_n20003_cLL_independent_rms_s5,phase2/results/predictions/full/mixed/tcn/seed_17/bandpass_n20003_cLL_independent_rms_s5.npz,76247,4379d9f70f2bfc09d111c85cb15f87c205dabd672735680c2c8cf9841779a85c
tcn,mixed,17,bandpass_n20003_cLL_independent_rms_s0,phase2/results/predictions/full/mixed/tcn/seed_17/bandpass_n20003_cLL_independent_rms_s0.npz,75889,70946bc797803c7df1da307b0b4edacf2b9dba2ae491c603a4f63e8166072bb9
tcn,mixed,17,bandpass_n20003_cLL_electrode_s20,phase2/results/predictions/full/mixed/tcn/seed_17/bandpass_n20003_cLL_electrode_s20.npz,76420,d44d31f27bb2dc32be78b73aff11b3ecb888a4631c76c091bdab6cb901760119
tcn,mixed,17,bandpass_n20003_cLL_electrode_s15,phase2/results/predictions/full/mixed/tcn/seed_17/bandpass_n20003_cLL_electrode_s15.npz,76422,ea1309c9e6b7920e95ea58330a37e408c207112db04160be155f31bc1fdf6e42
tcn,mixed,17,bandpass_n20003_cLL_electrode_s10,phase2/results/predictions/full/mixed/tcn/seed_17/bandpass_n20003_cLL_electrode_s10.npz,76355,583b1e5b40b84dec77486077cb58ae89fbb9ee8cac3cb58b5e3cd0666cc01d27
tcn,mixed,17,bandpass_n20003_cLL_electrode_s5,phase2/results/predictions/full/mixed/tcn/seed_17/bandpass_n20003_cLL_electrode_s5.npz,76177,cc959580ca572e9641c4e3f980d851d545b47adfe214fc2e4267881748714930
tcn,mixed,17,bandpass_n20003_cLL_electrode_s0,phase2/results/predictions/full/mixed/tcn/seed_17/bandpass_n20003_cLL_electrode_s0.npz,75822,8a8f0d37d06bbf4cb3fb6e2596dc2cca27116ace98286684594f6ae1df9af03d
tcn,mixed,17,bandpass_n20003_cLL_covariance_s20,phase2/results/predictions/full/mixed/tcn/seed_17/bandpass_n20003_cLL_covariance_s20.npz,76431,28dcc06a5cc703ecc645bf74c1a495751172f5a00a7284791f7645d17acbf4c5
tcn,mixed,17,bandpass_n20003_cLL_covariance_s15,phase2/results/predictions/full/mixed/tcn/seed_17/bandpass_n20003_cLL_covariance_s15.npz,76424,265a35decdb1ee723b08a76e733e545e91747ab2c803eaa4bf45ea2d0c4b042f
tcn,mixed,17,bandpass_n20003_cLL_covariance_s10,phase2/results/predictions/full/mixed/tcn/seed_17/bandpass_n20003_cLL_covariance_s10.npz,76388,ff5f93f5269dfd667a95ba5aaf2b3c4f6b488292571629a0c195ec985c832d8c
tcn,mixed,17,bandpass_n20003_cLL_covariance_s5,phase2/results/predictions/full/mixed/tcn/seed_17/bandpass_n20003_cLL_covariance_s5.npz,76207,972e7b7fc8790e71d70228fce2ce3bd994b47e4b46ec2d6f7b30344578bb1c2d
tcn,mixed,17,bandpass_n20003_cLL_covariance_s0,phase2/results/predictions/full/mixed/tcn/seed_17/bandpass_n20003_cLL_covariance_s0.npz,75841,9c55609aa7cce68538239a964639b040b71412406ecf2c401f4135e3d586c27e
tcn,mixed,17,bandpass_n20003_cRA_V1_independent_rms_s20,phase2/results/predictions/full/mixed/tcn/seed_17/bandpass_n20003_cRA_V1_independent_rms_s20.npz,76461,090f00a78dbdfb55bceca1ad620edbbe284f6ddc9205283d2a49ea4c7c01687e
tcn,mixed,17,bandpass_n20003_cRA_V1_independent_rms_s15,phase2/results/predictions/full/mixed/tcn/seed_17/bandpass_n20003_cRA_V1_independent_rms_s15.npz,76428,9b194e795f2f9d7a5347fe9912471eb47f52d409656d89da72024dda30e194e2
tcn,mixed,17,bandpass_n20003_cRA_V1_independent_rms_s10,phase2/results/predictions/full/mixed/tcn/seed_17/bandpass_n20003_cRA_V1_independent_rms_s10.npz,76384,f13ebfbe8c38850ace9efc0970d6af61d670cfad39fbabaa2a7f37da047d4cae
tcn,mixed,17,bandpass_n20003_cRA_V1_independent_rms_s5,phase2/results/predictions/full/mixed/tcn/seed_17/bandpass_n20003_cRA_V1_independent_rms_s5.npz,76270,ac5ebcfe42b17b638ba71dedd970a2af31f2fcfd26d6c27a06cbeb889533d775
tcn,mixed,17,bandpass_n20003_cRA_V1_independent_rms_s0,phase2/results/predictions/full/mixed/tcn/seed_17/bandpass_n20003_cRA_V1_independent_rms_s0.npz,75935,68212d8ddfe96fd4348f39b71a259fcbc44afa1fa13c414eae46956180883974
tcn,mixed,17,bandpass_n20003_cRA_V1_electrode_s20,phase2/results/predictions/full/mixed/tcn/seed_17/bandpass_n20003_cRA_V1_electrode_s20.npz,76492,6cc7ebbeb14a9aada6c60e968aeff6e7ae95fe14a1c9485dc6473aae6500bbdb
tcn,mixed,17,bandpass_n20003_cRA_V1_electrode_s15,phase2/results/predictions/full/mixed/tcn/seed_17/bandpass_n20003_cRA_V1_electrode_s15.npz,76425,748fb06258a71494b7130cab79f0e6f5825692fc40b6f76767d6858b528d0773
tcn,mixed,17,bandpass_n20003_cRA_V1_electrode_s10,phase2/results/predictions/full/mixed/tcn/seed_17/bandpass_n20003_cRA_V1_electrode_s10.npz,76366,f78e6fdf4dc3d93f75219283010d84b9b8e510251a3795b113ba3ac63cff52fb
tcn,mixed,17,bandpass_n20003_cRA_V1_electrode_s5,phase2/results/predictions/full/mixed/tcn/seed_17/bandpass_n20003_cRA_V1_electrode_s5.npz,76196,00e735a6b7e90c2e418e72a19b9b55d44170d0c8757fe2a0085073aa7d897f92
tcn,mixed,17,bandpass_n20003_cRA_V1_electrode_s0,phase2/results/predictions/full/mixed/tcn/seed_17/bandpass_n20003_cRA_V1_electrode_s0.npz,75860,8afd4598e30137fefc1fdb8a59ec1bbb5c969356682ffa1f6ba5934cad880542
tcn,mixed,17,bandpass_n20003_cRA_V1_covariance_s20,phase2/results/predictions/full/mixed/tcn/seed_17/bandpass_n20003_cRA_V1_covariance_s20.npz,76469,add16bbaec56cf422220caf7520a4b3410b40d107c97bd6018a38fa83d05cb9c
tcn,mixed,17,bandpass_n20003_cRA_V1_covariance_s15,phase2/results/predictions/full/mixed/tcn/seed_17/bandpass_n20003_cRA_V1_covariance_s15.npz,76411,5261a3e5bdfb5de59b25a47d0c7ca8b136b54898e5f495207eb4f38ba1d46fdd
tcn,mixed,17,bandpass_n20003_cRA_V1_covariance_s10,phase2/results/predictions/full/mixed/tcn/seed_17/bandpass_n20003_cRA_V1_covariance_s10.npz,76340,01d11295ab8e0ec39f735556a33763379049ef3b9f4770e1ad2034af8575b428
tcn,mixed,17,bandpass_n20003_cRA_V1_covariance_s5,phase2/results/predictions/full/mixed/tcn/seed_17/bandpass_n20003_cRA_V1_covariance_s5.npz,76190,e344ddb6ddfac1994855570ddec40f9fb93570155e24681ec5f93d4b740f40ec
tcn,mixed,17,bandpass_n20003_cRA_V1_covariance_s0,phase2/results/predictions/full/mixed/tcn/seed_17/bandpass_n20003_cRA_V1_covariance_s0.npz,75848,f84a6d1413ce2b0a9cbdef3565e867ad64daf98d7284cf5630d921372c49acc3
tcn,mixed,17,bandpass_n20003_cLA_V6_independent_rms_s20,phase2/results/predictions/full/mixed/tcn/seed_17/bandpass_n20003_cLA_V6_independent_rms_s20.npz,76473,08ca254c1aebaeddcab000b14212ace95066a07653a4dc1b45deca80460919ff
tcn,mixed,17,bandpass_n20003_cLA_V6_independent_rms_s15,phase2/results/predictions/full/mixed/tcn/seed_17/bandpass_n20003_cLA_V6_independent_rms_s15.npz,76453,6887ee92477a4d42b776bea68b73864c6df078d764cd32923b4f9c79011430fe
tcn,mixed,17,bandpass_n20003_cLA_V6_independent_rms_s10,phase2/results/predictions/full/mixed/tcn/seed_17/bandpass_n20003_cLA_V6_independent_rms_s10.npz,76393,d26a3b236c842222c375e939d386923bb18a49f339e6d0e020740c43ac309c88
tcn,mixed,17,bandpass_n20003_cLA_V6_independent_rms_s5,phase2/results/predictions/full/mixed/tcn/seed_17/bandpass_n20003_cLA_V6_independent_rms_s5.npz,76310,c183ee88275d43cbd8f50dd71faf636c476da6fa912830ddf2d781771b47057c
tcn,mixed,17,bandpass_n20003_cLA_V6_independent_rms_s0,phase2/results/predictions/full/mixed/tcn/seed_17/bandpass_n20003_cLA_V6_independent_rms_s0.npz,76107,26ee9603d87c9c1261dabe9d2420ee22bccfcd8b7adfc974f1dbe4b503fa2af5
tcn,mixed,17,bandpass_n20003_cLA_V6_electrode_s20,phase2/results/predictions/full/mixed/tcn/seed_17/bandpass_n20003_cLA_V6_electrode_s20.npz,76450,d1e7413eec50ee2f24065222a5ec98154e38392d764541d3eac7b09305563d1e
tcn,mixed,17,bandpass_n20003_cLA_V6_electrode_s15,phase2/results/predictions/full/mixed/tcn/seed_17/bandpass_n20003_cLA_V6_electrode_s15.npz,76430,33ecfd6fcfc878e71dcd771e672c3c92051d94c941ff1a99ffc34cfd138b8942
tcn,mixed,17,bandpass_n20003_cLA_V6_electrode_s10,phase2/results/predictions/full/mixed/tcn/seed_17/bandpass_n20003_cLA_V6_electrode_s10.npz,76403,8605d5f1b4be515eefc12771fa7e30af7bf376fb78cf7451352094d1e93777ae
tcn,mixed,17,bandpass_n20003_cLA_V6_electrode_s5,phase2/results/predictions/full/mixed/tcn/seed_17/bandpass_n20003_cLA_V6_electrode_s5.npz,76256,05f0d6f5b2984c63262fedd5ebe58302e170977d848b50e0a6269e6e9f21aae3
tcn,mixed,17,bandpass_n20003_cLA_V6_electrode_s0,phase2/results/predictions/full/mixed/tcn/seed_17/bandpass_n20003_cLA_V6_electrode_s0.npz,75887,a69684e2a8ff3a6987ab9b32488bb7f5bc75e1eea31de1eb21164b01c1cd2cce
tcn,mixed,17,bandpass_n20003_cLA_V6_covariance_s20,phase2/results/predictions/full/mixed/tcn/seed_17/bandpass_n20003_cLA_V6_covariance_s20.npz,76477,7328ac180402bb802c71aaf8f7ae167ee00bb9799d1c560a84293f6c5d57d29e
tcn,mixed,17,bandpass_n20003_cLA_V6_covariance_s15,phase2/results/predictions/full/mixed/tcn/seed_17/bandpass_n20003_cLA_V6_covariance_s15.npz,76461,e0f7782dcfb2f610f3837881899886f33743e72f3992746ceb978478423adf88
tcn,mixed,17,bandpass_n20003_cLA_V6_covariance_s10,phase2/results/predictions/full/mixed/tcn/seed_17/bandpass_n20003_cLA_V6_covariance_s10.npz,76376,c9b04cd9db5ace3baeeba434a538b19b65ffb61ca0521c8053449e6b59a0612d
tcn,mixed,17,bandpass_n20003_cLA_V6_covariance_s5,phase2/results/predictions/full/mixed/tcn/seed_17/bandpass_n20003_cLA_V6_covariance_s5.npz,76240,47e5bcf173a7b0e30bd7c962237ee043a2a443a1fbd63705ab8f76dbe21e2a94
tcn,mixed,17,bandpass_n20003_cLA_V6_covariance_s0,phase2/results/predictions/full/mixed/tcn/seed_17/bandpass_n20003_cLA_V6_covariance_s0.npz,75869,e2532c3c190a514282e2247ecde9f48b32c006a02e53c80d0372b3cd9ceafc0c
tcn,mixed,17,bandpass_n20003_cLL_V4_independent_rms_s20,phase2/results/predictions/full/mixed/tcn/seed_17/bandpass_n20003_cLL_V4_independent_rms_s20.npz,76476,0df037e85340c2b5729c3530d64d14c3d1d1e51d8ffea6badc939c3af857c2f7
tcn,mixed,17,bandpass_n20003_cLL_V4_independent_rms_s15,phase2/results/predictions/full/mixed/tcn/seed_17/bandpass_n20003_cLL_V4_independent_rms_s15.npz,76462,6b00e24452f07caf4aeb4e23edb869d3b463964ba81805190b6245e9783e42ce
tcn,mixed,17,bandpass_n20003_cLL_V4_independent_rms_s10,phase2/results/predictions/full/mixed/tcn/seed_17/bandpass_n20003_cLL_V4_independent_rms_s10.npz,76409,ee8953ecef77addabd2fda115edcc89274f811ad8a9cce00272944a2f4e065b0
tcn,mixed,17,bandpass_n20003_cLL_V4_independent_rms_s5,phase2/results/predictions/full/mixed/tcn/seed_17/bandpass_n20003_cLL_V4_independent_rms_s5.npz,76270,2c9d95aa235edf06387701a254410aab41a9e86ec4280ab14660524587dcc010
tcn,mixed,17,bandpass_n20003_cLL_V4_independent_rms_s0,phase2/results/predictions/full/mixed/tcn/seed_17/bandpass_n20003_cLL_V4_independent_rms_s0.npz,75944,ce677882a69b5530cf8cf5d097325398e54f133cff78aef9bc095ed2d0732ecd
tcn,mixed,17,bandpass_n20003_cLL_V4_electrode_s20,phase2/results/predictions/full/mixed/tcn/seed_17/bandpass_n20003_cLL_V4_electrode_s20.npz,76453,d9145f11261485fb574c135d84ac62ff8e235006018b6dbb1557062206fbfcbc
tcn,mixed,17,bandpass_n20003_cLL_V4_electrode_s15,phase2/results/predictions/full/mixed/tcn/seed_17/bandpass_n20003_cLL_V4_electrode_s15.npz,76443,7295b9e6732d4874f9d5862237006ec21face889fbc6efbc74ad8eb6cadb66a8
tcn,mixed,17,bandpass_n20003_cLL_V4_electrode_s10,phase2/results/predictions/full/mixed/tcn/seed_17/bandpass_n20003_cLL_V4_electrode_s10.npz,76356,9c85685550457a600da48992f333231c36b613f87b2f37251e2d633098b9f415
tcn,mixed,17,bandpass_n20003_cLL_V4_electrode_s5,phase2/results/predictions/full/mixed/tcn/seed_17/bandpass_n20003_cLL_V4_electrode_s5.npz,76233,5bfdbad740ec2f7a8a70be51aa22fd8bac6b4f55d56cae248448726e71fbf121
tcn,mixed,17,bandpass_n20003_cLL_V4_electrode_s0,phase2/results/predictions/full/mixed/tcn/seed_17/bandpass_n20003_cLL_V4_electrode_s0.npz,75893,390628579ed47be3987054317fb6dba59900e3e0718c580a4e91fb99f20d61ae
tcn,mixed,17,bandpass_n20003_cLL_V4_covariance_s20,phase2/results/predictions/full/mixed/tcn/seed_17/bandpass_n20003_cLL_V4_covariance_s20.npz,76425,483a58ebb0295ad0004e4083ff85ad37cf93f255e0f7fa29dd038ce1065bf7db
tcn,mixed,17,bandpass_n20003_cLL_V4_covariance_s15,phase2/results/predictions/full/mixed/tcn/seed_17/bandpass_n20003_cLL_V4_covariance_s15.npz,76432,d6fe548a22749c33a1477c50eb69feeda195011a6959b22a3c61deab00918f3d
tcn,mixed,17,bandpass_n20003_cLL_V4_covariance_s10,phase2/results/predictions/full/mixed/tcn/seed_17/bandpass_n20003_cLL_V4_covariance_s10.npz,76363,afee2b00287a8cc852a9f273d393a9a70989d5449883e0f5ab58d2480b0e4f1d
tcn,mixed,17,bandpass_n20003_cLL_V4_covariance_s5,phase2/results/predictions/full/mixed/tcn/seed_17/bandpass_n20003_cLL_V4_covariance_s5.npz,76238,857a12a1522b286d4ab7781f1e5b2f93809a150ad807e9f2f48364545bcc3468
tcn,mixed,17,bandpass_n20003_cLL_V4_covariance_s0,phase2/results/predictions/full/mixed/tcn/seed_17/bandpass_n20003_cLL_V4_covariance_s0.npz,75921,390e675c5d75602afa0996a8ef55f8a1088a242653fb9e484a80e7185814345b
tcn,mixed,17,bandpass_n20003_cRA_LA_V1_V6_independent_rms_s20,phase2/results/predictions/full/mixed/tcn/seed_17/bandpass_n20003_cRA_LA_V1_V6_independent_rms_s20.npz,76442,ed67e84b08eb0f6a4c2cc890018f684a0b76213d0942247f01e69c4eb63221bc
tcn,mixed,17,bandpass_n20003_cRA_LA_V1_V6_independent_rms_s15,phase2/results/predictions/full/mixed/tcn/seed_17/bandpass_n20003_cRA_LA_V1_V6_independent_rms_s15.npz,76478,6b605a18c9e8e06db5ec604ee3605ead4b974f265aa3d2c996395fc0c5920d40
tcn,mixed,17,bandpass_n20003_cRA_LA_V1_V6_independent_rms_s10,phase2/results/predictions/full/mixed/tcn/seed_17/bandpass_n20003_cRA_LA_V1_V6_independent_rms_s10.npz,76426,6c3b107214ca9169f63e77d6b98faadd12388298894e1bdb4f3f570181a0ec89
tcn,mixed,17,bandpass_n20003_cRA_LA_V1_V6_independent_rms_s5,phase2/results/predictions/full/mixed/tcn/seed_17/bandpass_n20003_cRA_LA_V1_V6_independent_rms_s5.npz,76301,b7e0e3b8c50deb1e6d32aab99aaa6d7de82f330f360d9f0d0f843213af6ab4d3
tcn,mixed,17,bandpass_n20003_cRA_LA_V1_V6_independent_rms_s0,phase2/results/predictions/full/mixed/tcn/seed_17/bandpass_n20003_cRA_LA_V1_V6_independent_rms_s0.npz,76033,b7d88c2fcae60ec787222998632287b4395bcf0bf9309d5b9f73491d94c9434e
tcn,mixed,17,bandpass_n20003_cRA_LA_V1_V6_electrode_s20,phase2/results/predictions/full/mixed/tcn/seed_17/bandpass_n20003_cRA_LA_V1_V6_electrode_s20.npz,76432,8e59d7a2979dd2bba9f36a77c0437371b2641fc6f0cbf5e58c981c00bd769927
tcn,mixed,17,bandpass_n20003_cRA_LA_V1_V6_electrode_s15,phase2/results/predictions/full/mixed/tcn/seed_17/bandpass_n20003_cRA_LA_V1_V6_electrode_s15.npz,76442,d1d5bf868378ffaf39e55e913dd3764829bb2ce5789c8ab87205b9ce60e5084a
tcn,mixed,17,bandpass_n20003_cRA_LA_V1_V6_electrode_s10,phase2/results/predictions/full/mixed/tcn/seed_17/bandpass_n20003_cRA_LA_V1_V6_electrode_s10.npz,76387,b9ed62edbe150ca7e3c69e2f6daa163596f93e79bbdf2ad0a106a5b9732a2d23
tcn,mixed,17,bandpass_n20003_cRA_LA_V1_V6_electrode_s5,phase2/results/predictions/full/mixed/tcn/seed_17/bandpass_n20003_cRA_LA_V1_V6_electrode_s5.npz,76218,2b29767f08f36d5f5011da2cbe15dd96591eb6c16b7f65cd40fa0686d4f2d7ad
tcn,mixed,17,bandpass_n20003_cRA_LA_V1_V6_electrode_s0,phase2/results/predictions/full/mixed/tcn/seed_17/bandpass_n20003_cRA_LA_V1_V6_electrode_s0.npz,75811,2c611412c9017069a72d470907a0ab0126928e2b69c4a7e7bb0bea10a2675f6e
tcn,mixed,17,bandpass_n20003_cRA_LA_V1_V6_covariance_s20,phase2/results/predictions/full/mixed/tcn/seed_17/bandpass_n20003_cRA_LA_V1_V6_covariance_s20.npz,76456,be27089a4f8905a656c31f6e68808ce89efc4b762a6f2963864ea5fcae9e3bac
tcn,mixed,17,bandpass_n20003_cRA_LA_V1_V6_covariance_s15,phase2/results/predictions/full/mixed/tcn/seed_17/bandpass_n20003_cRA_LA_V1_V6_covariance_s15.npz,76441,67bdfaf084ecdb646a0bbfd58e16db15a2785ad510998a6f1c3dce69245d2ad7
tcn,mixed,17,bandpass_n20003_cRA_LA_V1_V6_covariance_s10,phase2/results/predictions/full/mixed/tcn/seed_17/bandpass_n20003_cRA_LA_V1_V6_covariance_s10.npz,76386,b714d9bd773f45e55f478b4d3886bd4cd5226b1fbc9d21e1f1c975c8e89da0af
tcn,mixed,17,bandpass_n20003_cRA_LA_V1_V6_covariance_s5,phase2/results/predictions/full/mixed/tcn/seed_17/bandpass_n20003_cRA_LA_V1_V6_covariance_s5.npz,76206,d55935ce27ff10ea7a8e25134dff8b6b0a8906fe0576d4a2183b1c2ef968fda8
tcn,mixed,17,bandpass_n20003_cRA_LA_V1_V6_covariance_s0,phase2/results/predictions/full/mixed/tcn/seed_17/bandpass_n20003_cRA_LA_V1_V6_covariance_s0.npz,75767,9147368d60113db3fbed0bd040af9b5c8843506f887b3638fe2b0ed89c86fb56
tcn,mixed,17,bandpass_n20003_cRA_V2_V5_independent_rms_s20,phase2/results/predictions/full/mixed/tcn/seed_17/bandpass_n20003_cRA_V2_V5_independent_rms_s20.npz,76463,eec02214fca515967f25da196ea4446b50f1a83d460fed34a05bf4f590fbee05
tcn,mixed,17,bandpass_n20003_cRA_V2_V5_independent_rms_s15,phase2/results/predictions/full/mixed/tcn/seed_17/bandpass_n20003_cRA_V2_V5_independent_rms_s15.npz,76469,3a532c61a8fb45f50cd06dbd62c2babfdb92e8ce005e8744ba2409645258a83d
tcn,mixed,17,bandpass_n20003_cRA_V2_V5_independent_rms_s10,phase2/results/predictions/full/mixed/tcn/seed_17/bandpass_n20003_cRA_V2_V5_independent_rms_s10.npz,76401,059a336341d99cd3ad1ce057da3e7e222a793e54ad0220a2e5f9e143c4473fe8
tcn,mixed,17,bandpass_n20003_cRA_V2_V5_independent_rms_s5,phase2/results/predictions/full/mixed/tcn/seed_17/bandpass_n20003_cRA_V2_V5_independent_rms_s5.npz,76278,4480e7bf8a93c1a109e19113f78edd82f2c805fa995b5d2bb53bf7721cf5aa57
tcn,mixed,17,bandpass_n20003_cRA_V2_V5_independent_rms_s0,phase2/results/predictions/full/mixed/tcn/seed_17/bandpass_n20003_cRA_V2_V5_independent_rms_s0.npz,75978,045d691cc4029244bf0eec1e1a414f5388e4a3bedcf2b65eada490cc55ff0df3
tcn,mixed,17,bandpass_n20003_cRA_V2_V5_electrode_s20,phase2/results/predictions/full/mixed/tcn/seed_17/bandpass_n20003_cRA_V2_V5_electrode_s20.npz,76446,7d1820ffca5d3c7a74682d649a8ddb44f3268ae070f4e7bf841ca8ad2d96a147
tcn,mixed,17,bandpass_n20003_cRA_V2_V5_electrode_s15,phase2/results/predictions/full/mixed/tcn/seed_17/bandpass_n20003_cRA_V2_V5_electrode_s15.npz,76435,2bf51869933a304c55477166d76cda78a65e3b71e02f5ec9bb80d88b990808ea
tcn,mixed,17,bandpass_n20003_cRA_V2_V5_electrode_s10,phase2/results/predictions/full/mixed/tcn/seed_17/bandpass_n20003_cRA_V2_V5_electrode_s10.npz,76384,bd5ee35ae23586fe9166be38270fe349a01b96d1599897846f74bd142e710523
tcn,mixed,17,bandpass_n20003_cRA_V2_V5_electrode_s5,phase2/results/predictions/full/mixed/tcn/seed_17/bandpass_n20003_cRA_V2_V5_electrode_s5.npz,76218,13ab20aaea23f7702c9dd01285b2b2b90165efb24642531f1ea903ba4bc83345
tcn,mixed,17,bandpass_n20003_cRA_V2_V5_electrode_s0,phase2/results/predictions/full/mixed/tcn/seed_17/bandpass_n20003_cRA_V2_V5_electrode_s0.npz,75884,8bb498fbadee367f092ac32b53cc584fa3b86393e0bc37057b1e6f236db3e0dc
tcn,mixed,17,bandpass_n20003_cRA_V2_V5_covariance_s20,phase2/results/predictions/full/mixed/tcn/seed_17/bandpass_n20003_cRA_V2_V5_covariance_s20.npz,76465,14c86f807db753fb4f27b282284bf2ed1f4ffc6f9ab6f213f2c18b67c4e218d2
tcn,mixed,17,bandpass_n20003_cRA_V2_V5_covariance_s15,phase2/results/predictions/full/mixed/tcn/seed_17/bandpass_n20003_cRA_V2_V5_covariance_s15.npz,76433,c3e265037c302cd9f4c2fba05a32da7eb896151eabf526b8d4c269270333bbb8
tcn,mixed,17,bandpass_n20003_cRA_V2_V5_covariance_s10,phase2/results/predictions/full/mixed/tcn/seed_17/bandpass_n20003_cRA_V2_V5_covariance_s10.npz,76377,42c1d246ff5bed77a4e12e388bc7640acedcaf754921dabf7fb5cc7595607c07
tcn,mixed,17,bandpass_n20003_cRA_V2_V5_covariance_s5,phase2/results/predictions/full/mixed/tcn/seed_17/bandpass_n20003_cRA_V2_V5_covariance_s5.npz,76232,76a3cb9600bfbd65b8ddb61575c65d9e9ec160d4a63ab3dcee5b5bbb54820177
tcn,mixed,17,bandpass_n20003_cRA_V2_V5_covariance_s0,phase2/results/predictions/full/mixed/tcn/seed_17/bandpass_n20003_cRA_V2_V5_covariance_s0.npz,75872,48b18b097993bdc4c825a3a5d30ed26c523c27e7817b9226c11feca910ebc0bf
tcn,mixed,17,bandpass_n20003_cLA_V3_V6_independent_rms_s20,phase2/results/predictions/full/mixed/tcn/seed_17/bandpass_n20003_cLA_V3_V6_independent_rms_s20.npz,76479,df6891ddd1c79545543925ea89f54f665e4d6ae5dfdd3144f09fa496b18deece
tcn,mixed,17,bandpass_n20003_cLA_V3_V6_independent_rms_s15,phase2/results/predictions/full/mixed/tcn/seed_17/bandpass_n20003_cLA_V3_V6_independent_rms_s15.npz,76476,686a7e623c5cd38a846243c84525bb2a9d840159a0ebb7fd0bc9343bc4e144f3
tcn,mixed,17,bandpass_n20003_cLA_V3_V6_independent_rms_s10,phase2/results/predictions/full/mixed/tcn/seed_17/bandpass_n20003_cLA_V3_V6_independent_rms_s10.npz,76430,fbfe143e571d9b9a40bfd8d86ccaa04bb8af5c10ca2806c5992716a1560ab924
tcn,mixed,17,bandpass_n20003_cLA_V3_V6_independent_rms_s5,phase2/results/predictions/full/mixed/tcn/seed_17/bandpass_n20003_cLA_V3_V6_independent_rms_s5.npz,76341,98600715e0f457711b6dd09718336cc75e98eb0ddb0a796b56651eeba06dd437
tcn,mixed,17,bandpass_n20003_cLA_V3_V6_independent_rms_s0,phase2/results/predictions/full/mixed/tcn/seed_17/bandpass_n20003_cLA_V3_V6_independent_rms_s0.npz,76056,b246825d89b674dff0209b787d74adff67dc59911c58c3e1b2a1f440377bf80d
tcn,mixed,17,bandpass_n20003_cLA_V3_V6_electrode_s20,phase2/results/predictions/full/mixed/tcn/seed_17/bandpass_n20003_cLA_V3_V6_electrode_s20.npz,76464,f7b021a5a86f048b26ac206e847b26d6230474c04526f4f9f8db5d5da5fa9422
tcn,mixed,17,bandpass_n20003_cLA_V3_V6_electrode_s15,phase2/results/predictions/full/mixed/tcn/seed_17/bandpass_n20003_cLA_V3_V6_electrode_s15.npz,76438,07e319451e7604b1fc3472e863c7ce0038d15265be1a4eaf2ac0022e719ce928
tcn,mixed,17,bandpass_n20003_cLA_V3_V6_electrode_s10,phase2/results/predictions/full/mixed/tcn/seed_17/bandpass_n20003_cLA_V3_V6_electrode_s10.npz,76425,dd92517548b36a6471a2bbc41b0e74081936657f8074e7e8bc77697f1d71577b
tcn,mixed,17,bandpass_n20003_cLA_V3_V6_electrode_s5,phase2/results/predictions/full/mixed/tcn/seed_17/bandpass_n20003_cLA_V3_V6_electrode_s5.npz,76225,df49c12f4d9f951f41e92c81ff473f35d55a69ff9d42c841d610b82e1c60dcfd
tcn,mixed,17,bandpass_n20003_cLA_V3_V6_electrode_s0,phase2/results/predictions/full/mixed/tcn/seed_17/bandpass_n20003_cLA_V3_V6_electrode_s0.npz,75891,d2b712b90e8c06fa42aa1c33195198bd26d144e0f361e31594bc5e74ca21dc0f
tcn,mixed,17,bandpass_n20003_cLA_V3_V6_covariance_s20,phase2/results/predictions/full/mixed/tcn/seed_17/bandpass_n20003_cLA_V3_V6_covariance_s20.npz,76461,0d648fb4cd069cd43abb952f74e7626e6af0f7c740d2917f8389bf0e205d9039
tcn,mixed,17,bandpass_n20003_cLA_V3_V6_covariance_s15,phase2/results/predictions/full/mixed/tcn/seed_17/bandpass_n20003_cLA_V3_V6_covariance_s15.npz,76426,fc09006503f284930d2b308feb79e8f191bdd098bb4a2e9e779466be8dd5485a
tcn,mixed,17,bandpass_n20003_cLA_V3_V6_covariance_s10,phase2/results/predictions/full/mixed/tcn/seed_17/bandpass_n20003_cLA_V3_V6_covariance_s10.npz,76393,eb639e76eb4626ac8d76fda491e354e647b9b027cc6219c969cb0877a525eb83
tcn,mixed,17,bandpass_n20003_cLA_V3_V6_covariance_s5,phase2/results/predictions/full/mixed/tcn/seed_17/bandpass_n20003_cLA_V3_V6_covariance_s5.npz,76256,3e430b757f3db9aadad2b3480b11b200d36465ec386b7a523931fe922ddcfb77
tcn,mixed,17,bandpass_n20003_cLA_V3_V6_covariance_s0,phase2/results/predictions/full/mixed/tcn/seed_17/bandpass_n20003_cLA_V3_V6_covariance_s0.npz,75888,6f8d4ce27c2c302fd291519f48eac4c64096556ab395a8a9ea78d52602b1ba5b
tcn,mixed,17,bandpass_n20003_cLL_V1_V4_independent_rms_s20,phase2/results/predictions/full/mixed/tcn/seed_17/bandpass_n20003_cLL_V1_V4_independent_rms_s20.npz,76480,b5cd2a2be58a4c13a370fee389ca0f88e0823d346f11dec3609d46a9feac154f
tcn,mixed,17,bandpass_n20003_cLL_V1_V4_independent_rms_s15,phase2/results/predictions/full/mixed/tcn/seed_17/bandpass_n20003_cLL_V1_V4_independent_rms_s15.npz,76440,d47263098eb9427276e58fcddb033daee810c678d9c87427b3c1433642c17b09
tcn,mixed,17,bandpass_n20003_cLL_V1_V4_independent_rms_s10,phase2/results/predictions/full/mixed/tcn/seed_17/bandpass_n20003_cLL_V1_V4_independent_rms_s10.npz,76417,54597b1c4fb7658ef46bb7e1f8b50b96f6153e63a69df351fc4ef8b3f17d044a
tcn,mixed,17,bandpass_n20003_cLL_V1_V4_independent_rms_s5,phase2/results/predictions/full/mixed/tcn/seed_17/bandpass_n20003_cLL_V1_V4_independent_rms_s5.npz,76324,be5e4a105cee2e6fdf28774995668cf9ee4ef5c6a9ba25b49be2b22085e98ead
tcn,mixed,17,bandpass_n20003_cLL_V1_V4_independent_rms_s0,phase2/results/predictions/full/mixed/tcn/seed_17/bandpass_n20003_cLL_V1_V4_independent_rms_s0.npz,75987,ed55e64810fbc0e25b11a745d5e0ad0fc1ff60f4d9bcb7cd6a63b3bf2e1934dd
tcn,mixed,17,bandpass_n20003_cLL_V1_V4_electrode_s20,phase2/results/predictions/full/mixed/tcn/seed_17/bandpass_n20003_cLL_V1_V4_electrode_s20.npz,76441,c4dcc1c537dd314a91890b4ebf0d39c6e699d0182754ec4fde13d74c88ff2d97
tcn,mixed,17,bandpass_n20003_cLL_V1_V4_electrode_s15,phase2/results/predictions/full/mixed/tcn/seed_17/bandpass_n20003_cLL_V1_V4_electrode_s15.npz,76406,8e6aa479d4518c1866b908a4071d86f47c01f009a8e687fa451da2fbc0477242
tcn,mixed,17,bandpass_n20003_cLL_V1_V4_electrode_s10,phase2/results/predictions/full/mixed/tcn/seed_17/bandpass_n20003_cLL_V1_V4_electrode_s10.npz,76406,77e6eb208baa927775816c99fe6d356d6acdb6a198dfe4e4cd8cbef623bd10cd
tcn,mixed,17,bandpass_n20003_cLL_V1_V4_electrode_s5,phase2/results/predictions/full/mixed/tcn/seed_17/bandpass_n20003_cLL_V1_V4_electrode_s5.npz,76268,b992710eb1c3fb2e3c7467a336ecf8d59ed18597ee40b6f9f420c2d5303e8673
tcn,mixed,17,bandpass_n20003_cLL_V1_V4_electrode_s0,phase2/results/predictions/full/mixed/tcn/seed_17/bandpass_n20003_cLL_V1_V4_electrode_s0.npz,75938,07a3b9a9b1089857a8a216fd5f13d10a42b20e15fdbcdf8b997e8899fbf40687
tcn,mixed,17,bandpass_n20003_cLL_V1_V4_covariance_s20,phase2/results/predictions/full/mixed/tcn/seed_17/bandpass_n20003_cLL_V1_V4_covariance_s20.npz,76449,19e5d7653cd10ae3de35feb442675c46b1b6866f00e7f440f5fbf89a2dfceb10
tcn,mixed,17,bandpass_n20003_cLL_V1_V4_covariance_s15,phase2/results/predictions/full/mixed/tcn/seed_17/bandpass_n20003_cLL_V1_V4_covariance_s15.npz,76461,1bfe34b92517844895f3e6bc21023153eabf292d2a17f923ef70db5568822f21
tcn,mixed,17,bandpass_n20003_cLL_V1_V4_covariance_s10,phase2/results/predictions/full/mixed/tcn/seed_17/bandpass_n20003_cLL_V1_V4_covariance_s10.npz,76416,7287667128ecef833bf60a1a47970b824deb342087fc1e42184f552a0f64edfd
tcn,mixed,17,bandpass_n20003_cLL_V1_V4_covariance_s5,phase2/results/predictions/full/mixed/tcn/seed_17/bandpass_n20003_cLL_V1_V4_covariance_s5.npz,76239,938f97432d08cc0169e6cd81039fc12cd09e922cc74bca02f7c390a85ac6723b
tcn,mixed,17,bandpass_n20003_cLL_V1_V4_covariance_s0,phase2/results/predictions/full/mixed/tcn/seed_17/bandpass_n20003_cLL_V1_V4_covariance_s0.npz,75942,7384e51e2c93e8d047ee39995a49a08d8e42738a0591318c253d378a73a3a359
tcn,mixed,17,bandpass_n20003_call_independent_rms_s20,phase2/results/predictions/full/mixed/tcn/seed_17/bandpass_n20003_call_independent_rms_s20.npz,76464,c3524615d0a3cfa35ff89029a325f0a80096427423f48c136c9359156f7ccddf
tcn,mixed,17,bandpass_n20003_call_independent_rms_s15,phase2/results/predictions/full/mixed/tcn/seed_17/bandpass_n20003_call_independent_rms_s15.npz,76432,b8120d437bd808b10392707bb5719eee0fbd7e39c81ae3900a368ca4c41b64b7
tcn,mixed,17,bandpass_n20003_call_independent_rms_s10,phase2/results/predictions/full/mixed/tcn/seed_17/bandpass_n20003_call_independent_rms_s10.npz,76366,7b3892bc12d9aaa71e6290b952cf3d9df9e3557b883e2b318b1d2715293c4bc0
tcn,mixed,17,bandpass_n20003_call_independent_rms_s5,phase2/results/predictions/full/mixed/tcn/seed_17/bandpass_n20003_call_independent_rms_s5.npz,76282,6d006a6f320f336fbe6e0d92ba260012914b0f642c94a99a68f31c0a6abecec0
tcn,mixed,17,bandpass_n20003_call_independent_rms_s0,phase2/results/predictions/full/mixed/tcn/seed_17/bandpass_n20003_call_independent_rms_s0.npz,75935,ef5d0ade9311e4ef3dfe3a20baf3ca2fe0667b38e6f75fa58ba55c1ae4f352d8
tcn,mixed,17,bandpass_n20003_call_electrode_s20,phase2/results/predictions/full/mixed/tcn/seed_17/bandpass_n20003_call_electrode_s20.npz,76434,d67efa940d7802c093bd60234c188631211b820371b630f1e25c9073a5111537
tcn,mixed,17,bandpass_n20003_call_electrode_s15,phase2/results/predictions/full/mixed/tcn/seed_17/bandpass_n20003_call_electrode_s15.npz,76410,93a632e15443eb56965738d0a0d71440a07e0f79ef807b21e6545f129811830c
tcn,mixed,17,bandpass_n20003_call_electrode_s10,phase2/results/predictions/full/mixed/tcn/seed_17/bandpass_n20003_call_electrode_s10.npz,76337,933293e23a4a3fc7b2218dc2dda84ac691891321b38a486ffaa8496dacefd0b2
tcn,mixed,17,bandpass_n20003_call_electrode_s5,phase2/results/predictions/full/mixed/tcn/seed_17/bandpass_n20003_call_electrode_s5.npz,76199,97c3dfbadb9c2169b5180fe51346a97d665063a5cfcd18218467ecaf0d184e66
tcn,mixed,17,bandpass_n20003_call_electrode_s0,phase2/results/predictions/full/mixed/tcn/seed_17/bandpass_n20003_call_electrode_s0.npz,75793,bbb4c3e5cc38b0f7470c3b17550c384f082cd849d377750d6d63fe0133be584c
tcn,mixed,17,bandpass_n20003_call_covariance_s20,phase2/results/predictions/full/mixed/tcn/seed_17/bandpass_n20003_call_covariance_s20.npz,76413,88b7e502e97b4ac6e7b48d72eee496cbb2d2aa85c318982179872e91e80a8eec
tcn,mixed,17,bandpass_n20003_call_covariance_s15,phase2/results/predictions/full/mixed/tcn/seed_17/bandpass_n20003_call_covariance_s15.npz,76418,3e13029fac7b6e541659b39575e7617e1d9978e20a1b3d651f9cef9fbbd7475f
tcn,mixed,17,bandpass_n20003_call_covariance_s10,phase2/results/predictions/full/mixed/tcn/seed_17/bandpass_n20003_call_covariance_s10.npz,76333,a307dcfa57c0e5943e6c1f9793e618874221d3f29e77fc0a3e0f11e4031c703a
tcn,mixed,17,bandpass_n20003_call_covariance_s5,phase2/results/predictions/full/mixed/tcn/seed_17/bandpass_n20003_call_covariance_s5.npz,76202,c254a3ac9fe0a57fec801fad804eb4ccb54c89605d36409c21f0fd184a1759c3
tcn,mixed,17,bandpass_n20003_call_covariance_s0,phase2/results/predictions/full/mixed/tcn/seed_17/bandpass_n20003_call_covariance_s0.npz,75839,e1fa418133ceb0bb7e6facf641f8a90c2c9bb25d5db42e14fbb5e61346b7d306
tcn,mixed,17,bandpass_n20004_cRA_LA_LL_independent_rms_s20,phase2/results/predictions/full/mixed/tcn/seed_17/bandpass_n20004_cRA_LA_LL_independent_rms_s20.npz,76474,1f8792b85d81d510e4fed71b80719819e7977de93adc6a065977e377a68bf29c
tcn,mixed,17,bandpass_n20004_cRA_LA_LL_independent_rms_s15,phase2/results/predictions/full/mixed/tcn/seed_17/bandpass_n20004_cRA_LA_LL_independent_rms_s15.npz,76445,f378330d47cf6256a2ac43ea767d96335a421605818f0a218f90e57c15734ba5
tcn,mixed,17,bandpass_n20004_cRA_LA_LL_independent_rms_s10,phase2/results/predictions/full/mixed/tcn/seed_17/bandpass_n20004_cRA_LA_LL_independent_rms_s10.npz,76404,9f92c74197c8d8fae7ff230b03d27ad8a8cc0bc808de77c364b275bb1acef331
tcn,mixed,17,bandpass_n20004_cRA_LA_LL_independent_rms_s5,phase2/results/predictions/full/mixed/tcn/seed_17/bandpass_n20004_cRA_LA_LL_independent_rms_s5.npz,76305,2256f22d9e1604ce81894ac0596544e6d90e9f9513b6193c4e13187267ff8a6e
tcn,mixed,17,bandpass_n20004_cRA_LA_LL_independent_rms_s0,phase2/results/predictions/full/mixed/tcn/seed_17/bandpass_n20004_cRA_LA_LL_independent_rms_s0.npz,75941,88583a4d4b018a0d478018f015ffa54a281e5061ea10cbab47f4c8a6600f3f5e
tcn,mixed,17,bandpass_n20004_cRA_LA_LL_electrode_s20,phase2/results/predictions/full/mixed/tcn/seed_17/bandpass_n20004_cRA_LA_LL_electrode_s20.npz,76450,dcac844202d562cfb4e50dd47c204d8ad3c66624b1de2ed15f26d6d97bae0e9f
tcn,mixed,17,bandpass_n20004_cRA_LA_LL_electrode_s15,phase2/results/predictions/full/mixed/tcn/seed_17/bandpass_n20004_cRA_LA_LL_electrode_s15.npz,76439,224d4d57f2bcd0617fb2dd40bc56aab5310815d71cdf19de64fc359166683748
tcn,mixed,17,bandpass_n20004_cRA_LA_LL_electrode_s10,phase2/results/predictions/full/mixed/tcn/seed_17/bandpass_n20004_cRA_LA_LL_electrode_s10.npz,76367,9e72c2a6b3ece3cb2dd62abce89162d78b995fdcc1db7ae64090e67768108bfe
tcn,mixed,17,bandpass_n20004_cRA_LA_LL_electrode_s5,phase2/results/predictions/full/mixed/tcn/seed_17/bandpass_n20004_cRA_LA_LL_electrode_s5.npz,76194,faa05322e9b82148f6105029e8324cc24800b5a78c7e0598245dc76bebe5a8cd
tcn,mixed,17,bandpass_n20004_cRA_LA_LL_electrode_s0,phase2/results/predictions/full/mixed/tcn/seed_17/bandpass_n20004_cRA_LA_LL_electrode_s0.npz,75725,7afa61685daf831fe568b97d963272be330d6961e371c7c9e308574ddb9e25d0
tcn,mixed,17,bandpass_n20004_cRA_LA_LL_covariance_s20,phase2/results/predictions/full/mixed/tcn/seed_17/bandpass_n20004_cRA_LA_LL_covariance_s20.npz,76457,03fa1b3566d5b2439ff33ba1a49ed2fc22343e7a18b7b6ef80c8da63194d527f
tcn,mixed,17,bandpass_n20004_cRA_LA_LL_covariance_s15,phase2/results/predictions/full/mixed/tcn/seed_17/bandpass_n20004_cRA_LA_LL_covariance_s15.npz,76440,762dd040d2aedce1632695c5fb4e062d28c2e02a085941db18f6351ff84a1d07
tcn,mixed,17,bandpass_n20004_cRA_LA_LL_covariance_s10,phase2/results/predictions/full/mixed/tcn/seed_17/bandpass_n20004_cRA_LA_LL_covariance_s10.npz,76361,772a388b296508dcf593a27f1b7e3df7652dbe4d3b6c4ec4fb60de7c97b78f4d
tcn,mixed,17,bandpass_n20004_cRA_LA_LL_covariance_s5,phase2/results/predictions/full/mixed/tcn/seed_17/bandpass_n20004_cRA_LA_LL_covariance_s5.npz,76186,995f7428c0eecd3d54f75f051f3fc47c4cb968b67889ff9cda25e7701a4bc9c1
tcn,mixed,17,bandpass_n20004_cRA_LA_LL_covariance_s0,phase2/results/predictions/full/mixed/tcn/seed_17/bandpass_n20004_cRA_LA_LL_covariance_s0.npz,75746,88cd13935a37807d1f97db415de2ae3dd28f077375f80014fb43e1ff24225ad1
tcn,mixed,17,bandpass_n20004_cV1_independent_rms_s20,phase2/results/predictions/full/mixed/tcn/seed_17/bandpass_n20004_cV1_independent_rms_s20.npz,76456,4b171dd66d19c99701fac50897fa9411b9ae4d5d98afc0bf7b6f45a026f277db
tcn,mixed,17,bandpass_n20004_cV1_independent_rms_s15,phase2/results/predictions/full/mixed/tcn/seed_17/bandpass_n20004_cV1_independent_rms_s15.npz,76431,fd1c3fd40de44d8850a1dd62b645f1b0b2760093e619eb04216c345989d415c0
tcn,mixed,17,bandpass_n20004_cV1_independent_rms_s10,phase2/results/predictions/full/mixed/tcn/seed_17/bandpass_n20004_cV1_independent_rms_s10.npz,76404,d91ce158b9d55ee259c95052fbd4593d97284cd1a9db9706e8a1935693a94d66
tcn,mixed,17,bandpass_n20004_cV1_independent_rms_s5,phase2/results/predictions/full/mixed/tcn/seed_17/bandpass_n20004_cV1_independent_rms_s5.npz,76265,1a8fceb7e0b659e19721389973b31ce68cdf554ad7725198d652c7eace296ccf
tcn,mixed,17,bandpass_n20004_cV1_independent_rms_s0,phase2/results/predictions/full/mixed/tcn/seed_17/bandpass_n20004_cV1_independent_rms_s0.npz,76083,c47077e743afeb49dc07776815b9b2c33462b6d3d565be2398de3482b22a4013
tcn,mixed,17,bandpass_n20004_cV1_electrode_s20,phase2/results/predictions/full/mixed/tcn/seed_17/bandpass_n20004_cV1_electrode_s20.npz,76451,9755b441b14fe74791b3f243a8be6a28dc362677245432af35348e8d2d36f732
tcn,mixed,17,bandpass_n20004_cV1_electrode_s15,phase2/results/predictions/full/mixed/tcn/seed_17/bandpass_n20004_cV1_electrode_s15.npz,76412,81a20beb0a81ac684a10907b5e8d06021b5818affa9d837ff3d0b87cd8b40e55
tcn,mixed,17,bandpass_n20004_cV1_electrode_s10,phase2/results/predictions/full/mixed/tcn/seed_17/bandpass_n20004_cV1_electrode_s10.npz,76387,4ce315d2a8b6c4a06c35a3c6f4664e1bf98b7bba0fa780323ce8545931338065
tcn,mixed,17,bandpass_n20004_cV1_electrode_s5,phase2/results/predictions/full/mixed/tcn/seed_17/bandpass_n20004_cV1_electrode_s5.npz,76265,5f54ffc7404c53f97e88f8036c4a990f618feca6b85ae807836f9098f93ad72b
tcn,mixed,17,bandpass_n20004_cV1_electrode_s0,phase2/results/predictions/full/mixed/tcn/seed_17/bandpass_n20004_cV1_electrode_s0.npz,76040,1eb303c4ce7d953131da3de607a1651b753798e63d4c9d02ce72a50aa5353870
tcn,mixed,17,bandpass_n20004_cV1_covariance_s20,phase2/results/predictions/full/mixed/tcn/seed_17/bandpass_n20004_cV1_covariance_s20.npz,76439,85241b5c4c47b37bf5156b9739b9cc9cf0dc8e1131aea56a0a728ea207e74aa8
tcn,mixed,17,bandpass_n20004_cV1_covariance_s15,phase2/results/predictions/full/mixed/tcn/seed_17/bandpass_n20004_cV1_covariance_s15.npz,76429,8d7fe5df611b4e72ae6d8a5d51d4c2f9f9920e9a4654f39c5c2ffca747031164
tcn,mixed,17,bandpass_n20004_cV1_covariance_s10,phase2/results/predictions/full/mixed/tcn/seed_17/bandpass_n20004_cV1_covariance_s10.npz,76392,8389d644b6b926d7ce2c9b6329e916fb7b566afdfd343183b1f9ee57be1a8778
tcn,mixed,17,bandpass_n20004_cV1_covariance_s5,phase2/results/predictions/full/mixed/tcn/seed_17/bandpass_n20004_cV1_covariance_s5.npz,76274,24e8de4f89256ee27346cee56c3c5b222f0fbc3c84199ecc3cc4649273cde64c
tcn,mixed,17,bandpass_n20004_cV1_covariance_s0,phase2/results/predictions/full/mixed/tcn/seed_17/bandpass_n20004_cV1_covariance_s0.npz,76066,dcb3f9bae46a75fd56c21b0dd8ca55f73d2fc87c27655f37a75b61c7bb99ccb2
tcn,mixed,17,bandpass_n20004_cV2_independent_rms_s20,phase2/results/predictions/full/mixed/tcn/seed_17/bandpass_n20004_cV2_independent_rms_s20.npz,76462,4cd32268b42b311769145f84e24675c59fa335fe32bdedb1e1c9b0ac1602a21c
tcn,mixed,17,bandpass_n20004_cV2_independent_rms_s15,phase2/results/predictions/full/mixed/tcn/seed_17/bandpass_n20004_cV2_independent_rms_s15.npz,76458,35474be05371fd4b7ae6e2c6b3c95ae8788b06e1f8794078169ce88e4b8958bb
tcn,mixed,17,bandpass_n20004_cV2_independent_rms_s10,phase2/results/predictions/full/mixed/tcn/seed_17/bandpass_n20004_cV2_independent_rms_s10.npz,76410,81df9780f844dff53207c4ff284e818c5e5b9372f9389d2e9b07f679c49810a1
tcn,mixed,17,bandpass_n20004_cV2_independent_rms_s5,phase2/results/predictions/full/mixed/tcn/seed_17/bandpass_n20004_cV2_independent_rms_s5.npz,76330,014150b36a2cb05c8771839e23c04abae495e49d512ea41d5dcccbdf6a97ba55
tcn,mixed,17,bandpass_n20004_cV2_independent_rms_s0,phase2/results/predictions/full/mixed/tcn/seed_17/bandpass_n20004_cV2_independent_rms_s0.npz,76147,4798bd066264b49187488136283bd1624585cd639582284fca6489dba3628c0a
tcn,mixed,17,bandpass_n20004_cV2_electrode_s20,phase2/results/predictions/full/mixed/tcn/seed_17/bandpass_n20004_cV2_electrode_s20.npz,76406,878d93ee3093a5d686fb5d47f963fe971f45b2467e497e52e564fbf6f5ffb37b
tcn,mixed,17,bandpass_n20004_cV2_electrode_s15,phase2/results/predictions/full/mixed/tcn/seed_17/bandpass_n20004_cV2_electrode_s15.npz,76441,ff540297fb722bd1922fb6830a8ed82fac68ca33193f02e3180df75bf2a1b711
tcn,mixed,17,bandpass_n20004_cV2_electrode_s10,phase2/results/predictions/full/mixed/tcn/seed_17/bandpass_n20004_cV2_electrode_s10.npz,76407,9cf373e3b426478f2b778b072df05ac6183201dd7c306ae541d26f8261d23a37
tcn,mixed,17,bandpass_n20004_cV2_electrode_s5,phase2/results/predictions/full/mixed/tcn/seed_17/bandpass_n20004_cV2_electrode_s5.npz,76317,94f9c3ad6f4aefde0816994fee60d22993b55b4361233ff5052fd3a588eb6ca7
tcn,mixed,17,bandpass_n20004_cV2_electrode_s0,phase2/results/predictions/full/mixed/tcn/seed_17/bandpass_n20004_cV2_electrode_s0.npz,76115,b8a5af82d84c6f7d0be05997d532a7f3adbfc3b7b337b7ea6eeabae496573b7b
tcn,mixed,17,bandpass_n20004_cV2_covariance_s20,phase2/results/predictions/full/mixed/tcn/seed_17/bandpass_n20004_cV2_covariance_s20.npz,76448,1b8d40c3efbc57f3f5a3140fa96cc47acd084adafa9b6e759c8b556871b210c6
tcn,mixed,17,bandpass_n20004_cV2_covariance_s15,phase2/results/predictions/full/mixed/tcn/seed_17/bandpass_n20004_cV2_covariance_s15.npz,76410,415a94ef506b4633c277d81f12fbc66a1ffb49916cebadb663649ba5aad4919a
tcn,mixed,17,bandpass_n20004_cV2_covariance_s10,phase2/results/predictions/full/mixed/tcn/seed_17/bandpass_n20004_cV2_covariance_s10.npz,76398,5c533176915275b9a928524aa72a2d2ec217b2bce699951f561dcf0f6c320545
tcn,mixed,17,bandpass_n20004_cV2_covariance_s5,phase2/results/predictions/full/mixed/tcn/seed_17/bandpass_n20004_cV2_covariance_s5.npz,76303,9997fa78f61983d1e421d041dfe48f37f90544a00035edc4f68e2f9ac0a554e0
tcn,mixed,17,bandpass_n20004_cV2_covariance_s0,phase2/results/predictions/full/mixed/tcn/seed_17/bandpass_n20004_cV2_covariance_s0.npz,76114,ddf2cd47f3d18873887a9d26b2589f1b0b6c6ebe4d2955418124b73344cbca8c
tcn,mixed,17,bandpass_n20004_cV3_independent_rms_s20,phase2/results/predictions/full/mixed/tcn/seed_17/bandpass_n20004_cV3_independent_rms_s20.npz,76417,f02a4da4b9063b94258c937a8aaf2bb95001a461e0c9a23db5e5e509d0dfa781
tcn,mixed,17,bandpass_n20004_cV3_independent_rms_s15,phase2/results/predictions/full/mixed/tcn/seed_17/bandpass_n20004_cV3_independent_rms_s15.npz,76436,487beaf219939b8b246588851e3725794555807f2df3796618a0defc134a4de9
tcn,mixed,17,bandpass_n20004_cV3_independent_rms_s10,phase2/results/predictions/full/mixed/tcn/seed_17/bandpass_n20004_cV3_independent_rms_s10.npz,76422,40db5fa730679d2127517735e99f9702b1e33b8a5c831f3b73198a022580a773
tcn,mixed,17,bandpass_n20004_cV3_independent_rms_s5,phase2/results/predictions/full/mixed/tcn/seed_17/bandpass_n20004_cV3_independent_rms_s5.npz,76345,76b5e6dd3f010f98125b2df5ef92545b6e4d6596391f81573de0c2e7f10ac9d7
tcn,mixed,17,bandpass_n20004_cV3_independent_rms_s0,phase2/results/predictions/full/mixed/tcn/seed_17/bandpass_n20004_cV3_independent_rms_s0.npz,76028,67434ef0bee60fa6c1cce3cb783b9f23b5b09d2fd03d90e07c954112708d292b
tcn,mixed,17,bandpass_n20004_cV3_electrode_s20,phase2/results/predictions/full/mixed/tcn/seed_17/bandpass_n20004_cV3_electrode_s20.npz,76422,a9a502ca912f2dc520bad07683c23506a1dc386633acd9e98e313b77b730ad5f
tcn,mixed,17,bandpass_n20004_cV3_electrode_s15,phase2/results/predictions/full/mixed/tcn/seed_17/bandpass_n20004_cV3_electrode_s15.npz,76430,f1b14eb634c7c556f658a2ec7b445c0ab8a3615c99c0143e1795ab0a78a7517e
tcn,mixed,17,bandpass_n20004_cV3_electrode_s10,phase2/results/predictions/full/mixed/tcn/seed_17/bandpass_n20004_cV3_electrode_s10.npz,76390,4c33b0d008dc8f6241039e8a3b0ad6e7d5c78db04f32f37b435e50677ee78383
tcn,mixed,17,bandpass_n20004_cV3_electrode_s5,phase2/results/predictions/full/mixed/tcn/seed_17/bandpass_n20004_cV3_electrode_s5.npz,76320,f31c0c4421a7efa68f7fc0163f6927fca8d9a3900df14edbeee15478c3ce1deb
tcn,mixed,17,bandpass_n20004_cV3_electrode_s0,phase2/results/predictions/full/mixed/tcn/seed_17/bandpass_n20004_cV3_electrode_s0.npz,76056,d9f457d5fd29d7a464b01aefd00e87d86c2e94e70b07badb4f8244de44ea81e0
tcn,mixed,17,bandpass_n20004_cV3_covariance_s20,phase2/results/predictions/full/mixed/tcn/seed_17/bandpass_n20004_cV3_covariance_s20.npz,76440,c43eb6d5dce0256a043d2b207f17750e8d758d02632142ba3e220508f16b56eb
tcn,mixed,17,bandpass_n20004_cV3_covariance_s15,phase2/results/predictions/full/mixed/tcn/seed_17/bandpass_n20004_cV3_covariance_s15.npz,76432,09d78a9cbc9bb99622fd5df284c4e559f53a0eef7a2537cf7ebd5f756b9edbd8
tcn,mixed,17,bandpass_n20004_cV3_covariance_s10,phase2/results/predictions/full/mixed/tcn/seed_17/bandpass_n20004_cV3_covariance_s10.npz,76406,175610b45f2227f3f8125497cdf8da376fe19b92b5949b9ff48eceda2c2cb5dd
tcn,mixed,17,bandpass_n20004_cV3_covariance_s5,phase2/results/predictions/full/mixed/tcn/seed_17/bandpass_n20004_cV3_covariance_s5.npz,76335,74272068c8dbd98e6f5567885c78feaf16dc9a69cde05dc9c50a882d39e1315b
tcn,mixed,17,bandpass_n20004_cV3_covariance_s0,phase2/results/predictions/full/mixed/tcn/seed_17/bandpass_n20004_cV3_covariance_s0.npz,76042,3c519487b6df021a756eddb64dd74f56860a9022776d6f0f9bfd6ee23105a6bc
tcn,mixed,17,bandpass_n20004_cV4_independent_rms_s20,phase2/results/predictions/full/mixed/tcn/seed_17/bandpass_n20004_cV4_independent_rms_s20.npz,76457,969319d031287ac654d8c17fd825fc2d7393be97867b8855dbf23cb39d1a21af
tcn,mixed,17,bandpass_n20004_cV4_independent_rms_s15,phase2/results/predictions/full/mixed/tcn/seed_17/bandpass_n20004_cV4_independent_rms_s15.npz,76452,0637928235cf91fa5eef4c4abbc2a005cc7e98cb04ee62e516bc7eadb13eace7
tcn,mixed,17,bandpass_n20004_cV4_independent_rms_s10,phase2/results/predictions/full/mixed/tcn/seed_17/bandpass_n20004_cV4_independent_rms_s10.npz,76453,97be53e173a63436e904be6df3fb24af7f9eb63e3331950513ed2bd1ce0a95b1
tcn,mixed,17,bandpass_n20004_cV4_independent_rms_s5,phase2/results/predictions/full/mixed/tcn/seed_17/bandpass_n20004_cV4_independent_rms_s5.npz,76402,d730b20a41d5e7ad9ba1cbe58bc6d02751e4086bb47006324f8b087414a19b84
tcn,mixed,17,bandpass_n20004_cV4_independent_rms_s0,phase2/results/predictions/full/mixed/tcn/seed_17/bandpass_n20004_cV4_independent_rms_s0.npz,76305,8739ae906486df304b802fc0a09b8d0a2869e8fe0212dab294eb45ebb355b0ba
tcn,mixed,17,bandpass_n20004_cV4_electrode_s20,phase2/results/predictions/full/mixed/tcn/seed_17/bandpass_n20004_cV4_electrode_s20.npz,76451,adc59f5fbf958743682dfcd006ecd956e1c0314d22e9a4b6d8d2c92e39f74779
tcn,mixed,17,bandpass_n20004_cV4_electrode_s15,phase2/results/predictions/full/mixed/tcn/seed_17/bandpass_n20004_cV4_electrode_s15.npz,76439,aa0b8f242353866e76c962705b6b6ab2b4cc8e5eb1f737676d1798a999f0bfad
tcn,mixed,17,bandpass_n20004_cV4_electrode_s10,phase2/results/predictions/full/mixed/tcn/seed_17/bandpass_n20004_cV4_electrode_s10.npz,76439,8be65e0a0758fc3440167c5e701ebbb00b01e45ef8ffcc0a4834850424e5b234
tcn,mixed,17,bandpass_n20004_cV4_electrode_s5,phase2/results/predictions/full/mixed/tcn/seed_17/bandpass_n20004_cV4_electrode_s5.npz,76407,c4aaae32c134e15b8a98c98e8cf2c55fe0cc454900e3f07a3ada53346006d78d
tcn,mixed,17,bandpass_n20004_cV4_electrode_s0,phase2/results/predictions/full/mixed/tcn/seed_17/bandpass_n20004_cV4_electrode_s0.npz,76279,381bb0e2dda32027cdc9c63a963a634bdaef85a8623a86a5f8b960e42128c3a4
tcn,mixed,17,bandpass_n20004_cV4_covariance_s20,phase2/results/predictions/full/mixed/tcn/seed_17/bandpass_n20004_cV4_covariance_s20.npz,76418,464ac612739e0a10726e13fce0f7af87dfdb12fd0060212fcf9dca7b6ed6c629
tcn,mixed,17,bandpass_n20004_cV4_covariance_s15,phase2/results/predictions/full/mixed/tcn/seed_17/bandpass_n20004_cV4_covariance_s15.npz,76436,23e630662c8f4bdb82c98ef6870abe2c4b53b7e5975e3cc109de33cfc31b4cb9
tcn,mixed,17,bandpass_n20004_cV4_covariance_s10,phase2/results/predictions/full/mixed/tcn/seed_17/bandpass_n20004_cV4_covariance_s10.npz,76408,26f68d545fd6cd71ded5bd24bf98ccf6fac98666a97e53337296ecf863db5116
tcn,mixed,17,bandpass_n20004_cV4_covariance_s5,phase2/results/predictions/full/mixed/tcn/seed_17/bandpass_n20004_cV4_covariance_s5.npz,76393,25c62798f367fd066a01321e5ac8f583b8c28f4c94cb6a54e2a5b97a9d7c64f3
tcn,mixed,17,bandpass_n20004_cV4_covariance_s0,phase2/results/predictions/full/mixed/tcn/seed_17/bandpass_n20004_cV4_covariance_s0.npz,76329,d1fe27aad9490046df276bb509755793fa170c32628dc05a5da4146651b3759f
tcn,mixed,17,bandpass_n20004_cV5_independent_rms_s20,phase2/results/predictions/full/mixed/tcn/seed_17/bandpass_n20004_cV5_independent_rms_s20.npz,76438,2b6c2e07aba1187f38e3fefc599d2427fda84e6cc916245bd67f706161ac7606
tcn,mixed,17,bandpass_n20004_cV5_independent_rms_s15,phase2/results/predictions/full/mixed/tcn/seed_17/bandpass_n20004_cV5_independent_rms_s15.npz,76445,70ad2c903c8846e91c6512d4556a2502f942d403579169a479d72516635e3389
tcn,mixed,17,bandpass_n20004_cV5_independent_rms_s10,phase2/results/predictions/full/mixed/tcn/seed_17/bandpass_n20004_cV5_independent_rms_s10.npz,76408,a6e390129dac96688ab32c804b62fe91154faedaee88e4ccdc14297f399edc25
tcn,mixed,17,bandpass_n20004_cV5_independent_rms_s5,phase2/results/predictions/full/mixed/tcn/seed_17/bandpass_n20004_cV5_independent_rms_s5.npz,76300,284305174c9421bfd60897205e93b91290b2ecb03c6d68b7ae9e4fa278e29d39
tcn,mixed,17,bandpass_n20004_cV5_independent_rms_s0,phase2/results/predictions/full/mixed/tcn/seed_17/bandpass_n20004_cV5_independent_rms_s0.npz,76094,7c53699bfc68a460af0e41a3bf86b9fde9cbef43544a90cb3b6b3fe5921d0288
tcn,mixed,17,bandpass_n20004_cV5_electrode_s20,phase2/results/predictions/full/mixed/tcn/seed_17/bandpass_n20004_cV5_electrode_s20.npz,76418,b76e2cfd0ab49178dc54cf8499577f0454add6c1e58871457145e77a1d127b66
tcn,mixed,17,bandpass_n20004_cV5_electrode_s15,phase2/results/predictions/full/mixed/tcn/seed_17/bandpass_n20004_cV5_electrode_s15.npz,76429,21c91725a7643105c3e691692756e0de615c772cadcf1237cfced82b6256385b
tcn,mixed,17,bandpass_n20004_cV5_electrode_s10,phase2/results/predictions/full/mixed/tcn/seed_17/bandpass_n20004_cV5_electrode_s10.npz,76390,2bd6d392b81db5e3be4fa1649ce38b85f4dcc24ce139b16b3ba7dbebffc1f6f9
tcn,mixed,17,bandpass_n20004_cV5_electrode_s5,phase2/results/predictions/full/mixed/tcn/seed_17/bandpass_n20004_cV5_electrode_s5.npz,76321,7d34855db124d33a357206ff631d5875e96c9c15e859edad57e01f6661713225
tcn,mixed,17,bandpass_n20004_cV5_electrode_s0,phase2/results/predictions/full/mixed/tcn/seed_17/bandpass_n20004_cV5_electrode_s0.npz,76109,b701d48f3018d0921d1cc3468adc1bfdb5458a6708bd8dd4ec84901cc904161c
tcn,mixed,17,bandpass_n20004_cV5_covariance_s20,phase2/results/predictions/full/mixed/tcn/seed_17/bandpass_n20004_cV5_covariance_s20.npz,76428,2f3f0c3c8068c2b04a9d69367219e18795ef36342e47da5006254ef4bfcf72fd
tcn,mixed,17,bandpass_n20004_cV5_covariance_s15,phase2/results/predictions/full/mixed/tcn/seed_17/bandpass_n20004_cV5_covariance_s15.npz,76415,5197a07c6dd4f7413bdd77b07cbc2354f09d53d9014cfd1062cad9bf34351155
tcn,mixed,17,bandpass_n20004_cV5_covariance_s10,phase2/results/predictions/full/mixed/tcn/seed_17/bandpass_n20004_cV5_covariance_s10.npz,76405,c35c46b4d135de2df7f7268c4441a040beda5c938a7ee8841e78b717f0b2dcfd
tcn,mixed,17,bandpass_n20004_cV5_covariance_s5,phase2/results/predictions/full/mixed/tcn/seed_17/bandpass_n20004_cV5_covariance_s5.npz,76281,cfd81d7cde8a2eb92f56516d4dd7e6c93d82455a748529ab87a55d5be060afc0
tcn,mixed,17,bandpass_n20004_cV5_covariance_s0,phase2/results/predictions/full/mixed/tcn/seed_17/bandpass_n20004_cV5_covariance_s0.npz,76081,b332b675178f0d75c228cedc62c1cc3b19b4b3eb577867523f350ca08e314727
tcn,mixed,17,bandpass_n20004_cV6_independent_rms_s20,phase2/results/predictions/full/mixed/tcn/seed_17/bandpass_n20004_cV6_independent_rms_s20.npz,76441,2def0c8c1511056ef42a0196fee53ec7ef00ccd8c5bcaf5c0cc02e4e93bc15b6
tcn,mixed,17,bandpass_n20004_cV6_independent_rms_s15,phase2/results/predictions/full/mixed/tcn/seed_17/bandpass_n20004_cV6_independent_rms_s15.npz,76423,b588fdd6be7fd35dde6e042d03a4ba9ecf3398a5279623a3dc4c722e242ad376
tcn,mixed,17,bandpass_n20004_cV6_independent_rms_s10,phase2/results/predictions/full/mixed/tcn/seed_17/bandpass_n20004_cV6_independent_rms_s10.npz,76428,43db12f7a37c1b6ecb463b23ef8277260ce31abcee7f18b3a5891432bc5a2c4d
tcn,mixed,17,bandpass_n20004_cV6_independent_rms_s5,phase2/results/predictions/full/mixed/tcn/seed_17/bandpass_n20004_cV6_independent_rms_s5.npz,76325,af91a18e521c6547d5275f42188ba8cd4121e5372a880a71a866c2de8bc00cfc
tcn,mixed,17,bandpass_n20004_cV6_independent_rms_s0,phase2/results/predictions/full/mixed/tcn/seed_17/bandpass_n20004_cV6_independent_rms_s0.npz,76026,5c3754f7d89f7bd6f552d82a4ab94f0290d34080179777ba1d6f73a2c8e5a7c1
tcn,mixed,17,bandpass_n20004_cV6_electrode_s20,phase2/results/predictions/full/mixed/tcn/seed_17/bandpass_n20004_cV6_electrode_s20.npz,76451,1530b573b386bae3c6dcea5a3942017412814028bde445907135ccd88b0f3273
tcn,mixed,17,bandpass_n20004_cV6_electrode_s15,phase2/results/predictions/full/mixed/tcn/seed_17/bandpass_n20004_cV6_electrode_s15.npz,76443,484454669ec72f921ec14dc3f783eb4440e19b79561ced8428d76fef519943d5
tcn,mixed,17,bandpass_n20004_cV6_electrode_s10,phase2/results/predictions/full/mixed/tcn/seed_17/bandpass_n20004_cV6_electrode_s10.npz,76373,2a6024e9b383ecb53456f00641213ba350b665ea41b1e63329dafd8e0e47bc41
tcn,mixed,17,bandpass_n20004_cV6_electrode_s5,phase2/results/predictions/full/mixed/tcn/seed_17/bandpass_n20004_cV6_electrode_s5.npz,76317,51440ff4244ddd87579102891edd57e82d93a087e5a7ca1ff955f3c71aa7c230
tcn,mixed,17,bandpass_n20004_cV6_electrode_s0,phase2/results/predictions/full/mixed/tcn/seed_17/bandpass_n20004_cV6_electrode_s0.npz,76031,bec9834a5d2285266522149fd200cb047993056a9cc52cfdb5bc00ec942bcc3d
tcn,mixed,17,bandpass_n20004_cV6_covariance_s20,phase2/results/predictions/full/mixed/tcn/seed_17/bandpass_n20004_cV6_covariance_s20.npz,76420,f42602ec4176190124c6a06e7c39f90ebdfed9fde3915a780a38e0f4200b6dd9
tcn,mixed,17,bandpass_n20004_cV6_covariance_s15,phase2/results/predictions/full/mixed/tcn/seed_17/bandpass_n20004_cV6_covariance_s15.npz,76449,5c3c8e00f09b8c17f14d0b1d749626573f62b14ecc93fab4675caed8aa7bba9f
tcn,mixed,17,bandpass_n20004_cV6_covariance_s10,phase2/results/predictions/full/mixed/tcn/seed_17/bandpass_n20004_cV6_covariance_s10.npz,76378,c72e35bd9722b97f69da562a939127498efb6204aa216caac0bd19098056896a
tcn,mixed,17,bandpass_n20004_cV6_covariance_s5,phase2/results/predictions/full/mixed/tcn/seed_17/bandpass_n20004_cV6_covariance_s5.npz,76306,a93e180509bfc35bb5b60b8c56a1e8b1751e64b6e927485706c75032ebc9e4ec
tcn,mixed,17,bandpass_n20004_cV6_covariance_s0,phase2/results/predictions/full/mixed/tcn/seed_17/bandpass_n20004_cV6_covariance_s0.npz,76020,95dbe2700545d0387f986194b051d9a061b3e5e6ca1917fa2cc0a0a06eef2fe0
tcn,mixed,17,bandpass_n20004_cRA_LA_independent_rms_s20,phase2/results/predictions/full/mixed/tcn/seed_17/bandpass_n20004_cRA_LA_independent_rms_s20.npz,76474,0fc50616f2c372bb156f88e752dc97d07195cd88b66bc67e32578d0b311aa107
tcn,mixed,17,bandpass_n20004_cRA_LA_independent_rms_s15,phase2/results/predictions/full/mixed/tcn/seed_17/bandpass_n20004_cRA_LA_independent_rms_s15.npz,76458,a2db483de1b59c259a46b2542fc0506632ed08c4ccf51118e19c3ecccc85620a
tcn,mixed,17,bandpass_n20004_cRA_LA_independent_rms_s10,phase2/results/predictions/full/mixed/tcn/seed_17/bandpass_n20004_cRA_LA_independent_rms_s10.npz,76380,7d37266598d878bf25f3c19bcf7fa5f03b7e8291ca7d77168147ba7433c6eba0
tcn,mixed,17,bandpass_n20004_cRA_LA_independent_rms_s5,phase2/results/predictions/full/mixed/tcn/seed_17/bandpass_n20004_cRA_LA_independent_rms_s5.npz,76282,cbb3455de84479b445f836b89d24cbc03a39f4fbfcc187fa7283fe0e0aed5ddc
tcn,mixed,17,bandpass_n20004_cRA_LA_independent_rms_s0,phase2/results/predictions/full/mixed/tcn/seed_17/bandpass_n20004_cRA_LA_independent_rms_s0.npz,75978,31850208929a038c74991c98d34f5eff589e0475a9274c3732ccd7ee93f4ac3f
tcn,mixed,17,bandpass_n20004_cRA_LA_electrode_s20,phase2/results/predictions/full/mixed/tcn/seed_17/bandpass_n20004_cRA_LA_electrode_s20.npz,76419,c758eb0f368ce1c48a3d779e0ef1c9fa893e20fef476961532ff0416188181d8
tcn,mixed,17,bandpass_n20004_cRA_LA_electrode_s15,phase2/results/predictions/full/mixed/tcn/seed_17/bandpass_n20004_cRA_LA_electrode_s15.npz,76416,ff9b75f26af2f3c263ce41b9b3d90816949ae4ed4bfd35998ff7ca87aafd0666
tcn,mixed,17,bandpass_n20004_cRA_LA_electrode_s10,phase2/results/predictions/full/mixed/tcn/seed_17/bandpass_n20004_cRA_LA_electrode_s10.npz,76325,c1b21137801e8df648a491b4d713ab3096314a05c4dfa3b0053a7dc64a700fcc
tcn,mixed,17,bandpass_n20004_cRA_LA_electrode_s5,phase2/results/predictions/full/mixed/tcn/seed_17/bandpass_n20004_cRA_LA_electrode_s5.npz,76194,3c6fa68d227bbb5148060765f7f497b2f0de3ce3d61b1f88e4b59bdaf90ce15a
tcn,mixed,17,bandpass_n20004_cRA_LA_electrode_s0,phase2/results/predictions/full/mixed/tcn/seed_17/bandpass_n20004_cRA_LA_electrode_s0.npz,75750,38237d892e250251a77972facded0c093909f1cfba213a4d369d790d8f2c09dd
tcn,mixed,17,bandpass_n20004_cRA_LA_covariance_s20,phase2/results/predictions/full/mixed/tcn/seed_17/bandpass_n20004_cRA_LA_covariance_s20.npz,76450,3fc924ed6511a63516b894b2238ab3dd3b2c2cb25ddc397b285cc843c09dfba0
tcn,mixed,17,bandpass_n20004_cRA_LA_covariance_s15,phase2/results/predictions/full/mixed/tcn/seed_17/bandpass_n20004_cRA_LA_covariance_s15.npz,76420,3b0759b03ed42ab11e30a3d9ae12c68fea39bb4cb97e57ace41e6f8890019655
tcn,mixed,17,bandpass_n20004_cRA_LA_covariance_s10,phase2/results/predictions/full/mixed/tcn/seed_17/bandpass_n20004_cRA_LA_covariance_s10.npz,76337,5606cd8b2a39a252e60dbb24fd1c6a4a56de0ed976ecd121aad7c91f474d02fa
tcn,mixed,17,bandpass_n20004_cRA_LA_covariance_s5,phase2/results/predictions/full/mixed/tcn/seed_17/bandpass_n20004_cRA_LA_covariance_s5.npz,76187,0378b72f6908297833e96e1bf870373cbd9767fd849b6f0128a18223917401f0
tcn,mixed,17,bandpass_n20004_cRA_LA_covariance_s0,phase2/results/predictions/full/mixed/tcn/seed_17/bandpass_n20004_cRA_LA_covariance_s0.npz,75747,45222059dc97efdc6e6a7bf4687c72e5f48f2628bd10d54933fdbfc44cc80f1f
tcn,mixed,17,bandpass_n20004_cLA_LL_independent_rms_s20,phase2/results/predictions/full/mixed/tcn/seed_17/bandpass_n20004_cLA_LL_independent_rms_s20.npz,76464,a82678c41d5f09e993c69ae464b8ee5b7900d7ee26c81b64b15bc546accc7789
tcn,mixed,17,bandpass_n20004_cLA_LL_independent_rms_s15,phase2/results/predictions/full/mixed/tcn/seed_17/bandpass_n20004_cLA_LL_independent_rms_s15.npz,76470,9ee0045ffb7d22ce0433cf92deb766a4977e3506002f0e3ae387e073ad10ff88
tcn,mixed,17,bandpass_n20004_cLA_LL_independent_rms_s10,phase2/results/predictions/full/mixed/tcn/seed_17/bandpass_n20004_cLA_LL_independent_rms_s10.npz,76377,f334fac5c7bd44316e518e5a46c284194fcb5ac5c67451e3592ac96288637a48
tcn,mixed,17,bandpass_n20004_cLA_LL_independent_rms_s5,phase2/results/predictions/full/mixed/tcn/seed_17/bandpass_n20004_cLA_LL_independent_rms_s5.npz,76285,d4a231aa8e60b82993691507604517219fc2fff8a4ae43d841dc19245cfdf8c0
tcn,mixed,17,bandpass_n20004_cLA_LL_independent_rms_s0,phase2/results/predictions/full/mixed/tcn/seed_17/bandpass_n20004_cLA_LL_independent_rms_s0.npz,75940,45620170d07c06c6ffe79e8438ffbd79ea44d8d9144f50fd687f54e9985143f1
tcn,mixed,17,bandpass_n20004_cLA_LL_electrode_s20,phase2/results/predictions/full/mixed/tcn/seed_17/bandpass_n20004_cLA_LL_electrode_s20.npz,76421,8f9f1f91b1c63aee2903c3dd37fc9331b639ad50b800c9f9f1c5b8f722b30c90
tcn,mixed,17,bandpass_n20004_cLA_LL_electrode_s15,phase2/results/predictions/full/mixed/tcn/seed_17/bandpass_n20004_cLA_LL_electrode_s15.npz,76430,4411b9d342903ad30974981466519aef2c50dd019ec6113b13d9753ef5721229
tcn,mixed,17,bandpass_n20004_cLA_LL_electrode_s10,phase2/results/predictions/full/mixed/tcn/seed_17/bandpass_n20004_cLA_LL_electrode_s10.npz,76359,30115195451bdccc5a35c4d99944f95d6092d4c984a2c583aae341b731567734
tcn,mixed,17,bandpass_n20004_cLA_LL_electrode_s5,phase2/results/predictions/full/mixed/tcn/seed_17/bandpass_n20004_cLA_LL_electrode_s5.npz,76199,db4808f009ae481c03ac9e567cfced1f9134aaeceeef145f9616fe1cf55025a2
tcn,mixed,17,bandpass_n20004_cLA_LL_electrode_s0,phase2/results/predictions/full/mixed/tcn/seed_17/bandpass_n20004_cLA_LL_electrode_s0.npz,75782,589372ecb7e8791897add48a2c03c4623740950b12d43c755ea2be976a0ce43b
tcn,mixed,17,bandpass_n20004_cLA_LL_covariance_s20,phase2/results/predictions/full/mixed/tcn/seed_17/bandpass_n20004_cLA_LL_covariance_s20.npz,76451,43f1b0891b88c4b0d2b00b182eb73df7a309b2f60fa4956d93fda0c6094e29eb
tcn,mixed,17,bandpass_n20004_cLA_LL_covariance_s15,phase2/results/predictions/full/mixed/tcn/seed_17/bandpass_n20004_cLA_LL_covariance_s15.npz,76408,bfe1ad854e276e31e0e9835c31dd0c36e33d444a08e4aa112a51ef3cb870518c
tcn,mixed,17,bandpass_n20004_cLA_LL_covariance_s10,phase2/results/predictions/full/mixed/tcn/seed_17/bandpass_n20004_cLA_LL_covariance_s10.npz,76348,2243f19b1703430234bba7c45f512a920eb1e0c112e9351ca8a996ee1383ec11
tcn,mixed,17,bandpass_n20004_cLA_LL_covariance_s5,phase2/results/predictions/full/mixed/tcn/seed_17/bandpass_n20004_cLA_LL_covariance_s5.npz,76197,b1379f0c1032fd5c6bd755396586bdead4d1b2a4c0f3ff59b2538a00cd559726
tcn,mixed,17,bandpass_n20004_cLA_LL_covariance_s0,phase2/results/predictions/full/mixed/tcn/seed_17/bandpass_n20004_cLA_LL_covariance_s0.npz,75813,6989e45e469070d08e61b6643edd8468c28d1cd9237fc79ab82d7718c161c864
tcn,mixed,17,bandpass_n20004_cRA_LL_independent_rms_s20,phase2/results/predictions/full/mixed/tcn/seed_17/bandpass_n20004_cRA_LL_independent_rms_s20.npz,76465,c8e054314f8ae08722044fdebbf191f22139876544a7fc9ee850824756004474
tcn,mixed,17,bandpass_n20004_cRA_LL_independent_rms_s15,phase2/results/predictions/full/mixed/tcn/seed_17/bandpass_n20004_cRA_LL_independent_rms_s15.npz,76449,2e58bc557ed9e25af84c6373e0ce15fe5b47213c92efe9b54ce65b54a7d6e313
tcn,mixed,17,bandpass_n20004_cRA_LL_independent_rms_s10,phase2/results/predictions/full/mixed/tcn/seed_17/bandpass_n20004_cRA_LL_independent_rms_s10.npz,76395,569a9dc5df5384543523db967d77c26e703742ec681fd1bc814c7be99627914e
tcn,mixed,17,bandpass_n20004_cRA_LL_independent_rms_s5,phase2/results/predictions/full/mixed/tcn/seed_17/bandpass_n20004_cRA_LL_independent_rms_s5.npz,76250,09241487284645398fb9304d555a349800382c7c83adcc6877a440491e1e6ea9
tcn,mixed,17,bandpass_n20004_cRA_LL_independent_rms_s0,phase2/results/predictions/full/mixed/tcn/seed_17/bandpass_n20004_cRA_LL_independent_rms_s0.npz,75940,a48443b3ea527e782bb67baf71056c05643b55a28f9a260350361bd8913f5d3f
tcn,mixed,17,bandpass_n20004_cRA_LL_electrode_s20,phase2/results/predictions/full/mixed/tcn/seed_17/bandpass_n20004_cRA_LL_electrode_s20.npz,76431,4759af937145b6794e74139767dd7bae17390968216d856d8d75a20d4c42624a
tcn,mixed,17,bandpass_n20004_cRA_LL_electrode_s15,phase2/results/predictions/full/mixed/tcn/seed_17/bandpass_n20004_cRA_LL_electrode_s15.npz,76414,acde7f36d96992d031f612b0182edb0607540c5e944857671dab2b13037a14e2
tcn,mixed,17,bandpass_n20004_cRA_LL_electrode_s10,phase2/results/predictions/full/mixed/tcn/seed_17/bandpass_n20004_cRA_LL_electrode_s10.npz,76342,b7168bc6b9c8d09d880ea88f5d5566fb639547f3780017dddd241ce5a6f5233c
tcn,mixed,17,bandpass_n20004_cRA_LL_electrode_s5,phase2/results/predictions/full/mixed/tcn/seed_17/bandpass_n20004_cRA_LL_electrode_s5.npz,76184,b6072955f9fe714de0e6c1b228a29a1e7ca9cabaacd67c6f18e2752cf3660e55
tcn,mixed,17,bandpass_n20004_cRA_LL_electrode_s0,phase2/results/predictions/full/mixed/tcn/seed_17/bandpass_n20004_cRA_LL_electrode_s0.npz,75727,bd27be94acc907b9e5f02355b4bd5f20facd8f18b06dca136df339d7bb9dbc9c
tcn,mixed,17,bandpass_n20004_cRA_LL_covariance_s20,phase2/results/predictions/full/mixed/tcn/seed_17/bandpass_n20004_cRA_LL_covariance_s20.npz,76443,cbb552540cfaf88decd8d5abdf2d53929fbf5247c0f742ff1c35acc14298d58f
tcn,mixed,17,bandpass_n20004_cRA_LL_covariance_s15,phase2/results/predictions/full/mixed/tcn/seed_17/bandpass_n20004_cRA_LL_covariance_s15.npz,76395,254686af4ff582180d37217bab440ab65e60bd2d206b0f5c71ba07a12faf5f1d
tcn,mixed,17,bandpass_n20004_cRA_LL_covariance_s10,phase2/results/predictions/full/mixed/tcn/seed_17/bandpass_n20004_cRA_LL_covariance_s10.npz,76345,271b21a8dcd1cbe9783d1c68daf9829b09df6ef49e89231f68909fead0a481b1
tcn,mixed,17,bandpass_n20004_cRA_LL_covariance_s5,phase2/results/predictions/full/mixed/tcn/seed_17/bandpass_n20004_cRA_LL_covariance_s5.npz,76165,97dab8d50087088a868c9de8e09e88c2be656d4048f55095c16f369fb9154d0c
tcn,mixed,17,bandpass_n20004_cRA_LL_covariance_s0,phase2/results/predictions/full/mixed/tcn/seed_17/bandpass_n20004_cRA_LL_covariance_s0.npz,75695,8e317e14a1f170304ce6baa95f15941ff96b3247116f580d323c3b55a8e4bb26
tcn,mixed,17,bandpass_n20004_cRA_independent_rms_s20,phase2/results/predictions/full/mixed/tcn/seed_17/bandpass_n20004_cRA_independent_rms_s20.npz,76447,6bd3c44ac79a3abeb68b1bf1cf4b40a546ffb8a0517aa429d08bc2e6305ba536
tcn,mixed,17,bandpass_n20004_cRA_independent_rms_s15,phase2/results/predictions/full/mixed/tcn/seed_17/bandpass_n20004_cRA_independent_rms_s15.npz,76439,172a7d5d15ea1947cc5392cdf45bd01499f6dec0d459dec38737a1af08f071f5
tcn,mixed,17,bandpass_n20004_cRA_independent_rms_s10,phase2/results/predictions/full/mixed/tcn/seed_17/bandpass_n20004_cRA_independent_rms_s10.npz,76355,89ef1a667c20c1d5d81f2b5fbc30f211a4ba1a8d07046c27a9df4ef36a3cc37f
tcn,mixed,17,bandpass_n20004_cRA_independent_rms_s5,phase2/results/predictions/full/mixed/tcn/seed_17/bandpass_n20004_cRA_independent_rms_s5.npz,76262,e5c2bf45711305b648c25f66883c1a4d7d481bd5fa31347736616f9ab666d5c0
tcn,mixed,17,bandpass_n20004_cRA_independent_rms_s0,phase2/results/predictions/full/mixed/tcn/seed_17/bandpass_n20004_cRA_independent_rms_s0.npz,75915,7a831972f18fce3d9042409f2bc262121d01561cf3bbe888a764e5a089acd6ef
tcn,mixed,17,bandpass_n20004_cRA_electrode_s20,phase2/results/predictions/full/mixed/tcn/seed_17/bandpass_n20004_cRA_electrode_s20.npz,76444,3dfc75669bb859d18b37ab3b5d7dc8d725a54d34b119e304f773ba624b07fd6d
tcn,mixed,17,bandpass_n20004_cRA_electrode_s15,phase2/results/predictions/full/mixed/tcn/seed_17/bandpass_n20004_cRA_electrode_s15.npz,76416,c43c07898d7cc1e54c754622864e8bc38963b9a1bdbfc9c95c7dcd9516e75f27
tcn,mixed,17,bandpass_n20004_cRA_electrode_s10,phase2/results/predictions/full/mixed/tcn/seed_17/bandpass_n20004_cRA_electrode_s10.npz,76327,b0158c9adddf0da3e334d75bc34c3799731c8aa96336b322c5cf987f55aefd1a
tcn,mixed,17,bandpass_n20004_cRA_electrode_s5,phase2/results/predictions/full/mixed/tcn/seed_17/bandpass_n20004_cRA_electrode_s5.npz,76168,d4e7f26c16681605417535e462fd3e4043fd44ee30748ff049ac926b33e1c29f
tcn,mixed,17,bandpass_n20004_cRA_electrode_s0,phase2/results/predictions/full/mixed/tcn/seed_17/bandpass_n20004_cRA_electrode_s0.npz,75803,7c2c9a66f3ad6d64dd5f1dabaf12b1007673bf1a4fc1fcca3ac995e0a377fcc4
tcn,mixed,17,bandpass_n20004_cRA_covariance_s20,phase2/results/predictions/full/mixed/tcn/seed_17/bandpass_n20004_cRA_covariance_s20.npz,76436,c6bd653649fd5103bb451ae2dd601b2d87ad5d2b1689c38c518e36bb58a43201
tcn,mixed,17,bandpass_n20004_cRA_covariance_s15,phase2/results/predictions/full/mixed/tcn/seed_17/bandpass_n20004_cRA_covariance_s15.npz,76400,ff47ae6b9c02fd6273eeb52f3885466ab0248b55bfe6ef06b62fc0fb05cce584
tcn,mixed,17,bandpass_n20004_cRA_covariance_s10,phase2/results/predictions/full/mixed/tcn/seed_17/bandpass_n20004_cRA_covariance_s10.npz,76329,e3181cb0d63456f29567c9d5624ade236c9b4bec44b91a63e94a4bb875809dd0
tcn,mixed,17,bandpass_n20004_cRA_covariance_s5,phase2/results/predictions/full/mixed/tcn/seed_17/bandpass_n20004_cRA_covariance_s5.npz,76170,95bacf4cd5e0c8afba3dc74db208b9654061ee2635040803288315031c2ecd50
tcn,mixed,17,bandpass_n20004_cRA_covariance_s0,phase2/results/predictions/full/mixed/tcn/seed_17/bandpass_n20004_cRA_covariance_s0.npz,75793,a09aacaf04fccbba32ac55a142eb9cc3f14e39e7e40f29ef78ccad776ade42f7
tcn,mixed,17,bandpass_n20004_cLA_independent_rms_s20,phase2/results/predictions/full/mixed/tcn/seed_17/bandpass_n20004_cLA_independent_rms_s20.npz,76428,87b12b299ad68a11f798d7d98bba1dd0948cd6df64630fa3c3947991862b101b
tcn,mixed,17,bandpass_n20004_cLA_independent_rms_s15,phase2/results/predictions/full/mixed/tcn/seed_17/bandpass_n20004_cLA_independent_rms_s15.npz,76444,3e91fc6cfff19627b2073bc6efcd56f8750bf063f974d0cfadea06bc949d4be6
tcn,mixed,17,bandpass_n20004_cLA_independent_rms_s10,phase2/results/predictions/full/mixed/tcn/seed_17/bandpass_n20004_cLA_independent_rms_s10.npz,76401,f8b62ede52b1f5cb7b50a0dfc53391ee545b4928c53a736af3d899a43be92729
tcn,mixed,17,bandpass_n20004_cLA_independent_rms_s5,phase2/results/predictions/full/mixed/tcn/seed_17/bandpass_n20004_cLA_independent_rms_s5.npz,76312,ff8cdde5fcea8768ff11b2694e7021453aaf17823f71d83564f773204c08a57a
tcn,mixed,17,bandpass_n20004_cLA_independent_rms_s0,phase2/results/predictions/full/mixed/tcn/seed_17/bandpass_n20004_cLA_independent_rms_s0.npz,76071,51d6967c94f6262c88b6ca176e46e72d76bd4c8103cd507ae57ef117176ebf67
tcn,mixed,17,bandpass_n20004_cLA_electrode_s20,phase2/results/predictions/full/mixed/tcn/seed_17/bandpass_n20004_cLA_electrode_s20.npz,76448,9d717742923fd0b5cdb20c95ad4843b6612470f8fd4743f674f3ec28d5b86be4
tcn,mixed,17,bandpass_n20004_cLA_electrode_s15,phase2/results/predictions/full/mixed/tcn/seed_17/bandpass_n20004_cLA_electrode_s15.npz,76391,9df6716da179c25a6dd94059579006efb3ebd1573d2d7b48881a5c6079b179ca
tcn,mixed,17,bandpass_n20004_cLA_electrode_s10,phase2/results/predictions/full/mixed/tcn/seed_17/bandpass_n20004_cLA_electrode_s10.npz,76363,3f036d2f0ef4539744123462eca45f5a5548ac7c408600906ac99c59ec701c48
tcn,mixed,17,bandpass_n20004_cLA_electrode_s5,phase2/results/predictions/full/mixed/tcn/seed_17/bandpass_n20004_cLA_electrode_s5.npz,76175,ab520ac7fb2293e930dbfcaf56223296d0d7ad8befcda595228313714d96bf7a
tcn,mixed,17,bandpass_n20004_cLA_electrode_s0,phase2/results/predictions/full/mixed/tcn/seed_17/bandpass_n20004_cLA_electrode_s0.npz,75805,6732532cc1f4f406d1299c2c58717d049094f44ef830257fedb48d8aa077501f
tcn,mixed,17,bandpass_n20004_cLA_covariance_s20,phase2/results/predictions/full/mixed/tcn/seed_17/bandpass_n20004_cLA_covariance_s20.npz,76447,22552ea6819b1a610a9bd67d0f6db5e5f8c8706055fa9d67cb0c77f5db0530a1
tcn,mixed,17,bandpass_n20004_cLA_covariance_s15,phase2/results/predictions/full/mixed/tcn/seed_17/bandpass_n20004_cLA_covariance_s15.npz,76414,c8490ce28f420c3b70cca5504990164f05cc6289593f37c6c21bfe9c5a73616f
tcn,mixed,17,bandpass_n20004_cLA_covariance_s10,phase2/results/predictions/full/mixed/tcn/seed_17/bandpass_n20004_cLA_covariance_s10.npz,76333,2bbb1b513f5937c124da5592e306d35989b526a0387f94dfefa02839909db1aa
tcn,mixed,17,bandpass_n20004_cLA_covariance_s5,phase2/results/predictions/full/mixed/tcn/seed_17/bandpass_n20004_cLA_covariance_s5.npz,76206,afba740810a4e75ab57603ea21e07960d2079b6842105deea49aeb8a22fcda8c
tcn,mixed,17,bandpass_n20004_cLA_covariance_s0,phase2/results/predictions/full/mixed/tcn/seed_17/bandpass_n20004_cLA_covariance_s0.npz,75787,81c7bc0833fbb6e07cfb7f47ac9e86c1264e918b20701d2e65acc20e6a074d19
tcn,mixed,17,bandpass_n20004_cLL_independent_rms_s20,phase2/results/predictions/full/mixed/tcn/seed_17/bandpass_n20004_cLL_independent_rms_s20.npz,76430,50950e8ed58b533e260b9e34bdf135b0a6292450e8269dc611d5706783faa751
tcn,mixed,17,bandpass_n20004_cLL_independent_rms_s15,phase2/results/predictions/full/mixed/tcn/seed_17/bandpass_n20004_cLL_independent_rms_s15.npz,76409,b764ff0176a7138e359276c6eefc6a6ee79277bb94d7e83c86c892a32820841a
tcn,mixed,17,bandpass_n20004_cLL_independent_rms_s10,phase2/results/predictions/full/mixed/tcn/seed_17/bandpass_n20004_cLL_independent_rms_s10.npz,76390,82efef906903ac17ccff9ab7071726a6b8432eb7c2f6d169eb953728d91b935a
tcn,mixed,17,bandpass_n20004_cLL_independent_rms_s5,phase2/results/predictions/full/mixed/tcn/seed_17/bandpass_n20004_cLL_independent_rms_s5.npz,76253,c51831d66920e821b94433d66afba635d66df5be6ab274832044717f60b3ecc4
tcn,mixed,17,bandpass_n20004_cLL_independent_rms_s0,phase2/results/predictions/full/mixed/tcn/seed_17/bandpass_n20004_cLL_independent_rms_s0.npz,75899,f85c7f5823c4955b7b1efefff0bd2430a35fbc0965d8173af3e722edca5f70ee
tcn,mixed,17,bandpass_n20004_cLL_electrode_s20,phase2/results/predictions/full/mixed/tcn/seed_17/bandpass_n20004_cLL_electrode_s20.npz,76447,5f44963d7f8cbbc42a2f08111b8153d6967081ef53a51b7efc8485a63b2530cc
tcn,mixed,17,bandpass_n20004_cLL_electrode_s15,phase2/results/predictions/full/mixed/tcn/seed_17/bandpass_n20004_cLL_electrode_s15.npz,76405,bf670d9338e8c4432600c97773ddb00371b6a9278d055a0df85cae66f4f4f6a5
tcn,mixed,17,bandpass_n20004_cLL_electrode_s10,phase2/results/predictions/full/mixed/tcn/seed_17/bandpass_n20004_cLL_electrode_s10.npz,76317,9b61b0a48996394ad04efe444e8049040d336dfd5996f909d80934b4aacdd552
tcn,mixed,17,bandpass_n20004_cLL_electrode_s5,phase2/results/predictions/full/mixed/tcn/seed_17/bandpass_n20004_cLL_electrode_s5.npz,76184,286a4f1e5fef6587cf45189967581d8e76c6f19f25f7ebc0f1d317ab90a00c14
tcn,mixed,17,bandpass_n20004_cLL_electrode_s0,phase2/results/predictions/full/mixed/tcn/seed_17/bandpass_n20004_cLL_electrode_s0.npz,75834,be7b97c16520a81be2418a2aa0f50f1c87f2a891561f35dede84b859314bd191
tcn,mixed,17,bandpass_n20004_cLL_covariance_s20,phase2/results/predictions/full/mixed/tcn/seed_17/bandpass_n20004_cLL_covariance_s20.npz,76429,a3d865ad597e45746a57ab7251fab7ced214a9b20a808efcb1469880d2a7d2cc
tcn,mixed,17,bandpass_n20004_cLL_covariance_s15,phase2/results/predictions/full/mixed/tcn/seed_17/bandpass_n20004_cLL_covariance_s15.npz,76429,469a101c352d3b59bd162af917d2726827df1a344de7791180d557c446e6b5d3
tcn,mixed,17,bandpass_n20004_cLL_covariance_s10,phase2/results/predictions/full/mixed/tcn/seed_17/bandpass_n20004_cLL_covariance_s10.npz,76366,80e39101762124ac8348b94bf067ddea1c819c0535ec06d3c813ffd25904ebc7
tcn,mixed,17,bandpass_n20004_cLL_covariance_s5,phase2/results/predictions/full/mixed/tcn/seed_17/bandpass_n20004_cLL_covariance_s5.npz,76187,708409841a1dc133e207678fc787daaf428a584b55ae993bd097a3235ca41aef
tcn,mixed,17,bandpass_n20004_cLL_covariance_s0,phase2/results/predictions/full/mixed/tcn/seed_17/bandpass_n20004_cLL_covariance_s0.npz,75826,6e86f379d3aee0674cffca453de1e244cdec583bd38b622e52f6feb769691faf
tcn,mixed,17,bandpass_n20004_cRA_V1_independent_rms_s20,phase2/results/predictions/full/mixed/tcn/seed_17/bandpass_n20004_cRA_V1_independent_rms_s20.npz,76467,31cbf93ce09c2147a1d548f3fd749b802f9f73fc4b954afc4877dd39b820466c
tcn,mixed,17,bandpass_n20004_cRA_V1_independent_rms_s15,phase2/results/predictions/full/mixed/tcn/seed_17/bandpass_n20004_cRA_V1_independent_rms_s15.npz,76462,e4d627a9026a929fe8320b5cb2cd62b31993af59dbc4945436a5e725faa87abd
tcn,mixed,17,bandpass_n20004_cRA_V1_independent_rms_s10,phase2/results/predictions/full/mixed/tcn/seed_17/bandpass_n20004_cRA_V1_independent_rms_s10.npz,76437,86a932f57e23909671d870bd612861ac3ce4dab577e737f08c141b6ddfd41124
tcn,mixed,17,bandpass_n20004_cRA_V1_independent_rms_s5,phase2/results/predictions/full/mixed/tcn/seed_17/bandpass_n20004_cRA_V1_independent_rms_s5.npz,76253,010022a7a05e94f8c12ace65cebd9c797e26b45bf22148ce9bd6997dca4d06b9
tcn,mixed,17,bandpass_n20004_cRA_V1_independent_rms_s0,phase2/results/predictions/full/mixed/tcn/seed_17/bandpass_n20004_cRA_V1_independent_rms_s0.npz,75945,41446710bbd07730b248c334f34c1ca266fc7e754d5a325362751c60a613f094
tcn,mixed,17,bandpass_n20004_cRA_V1_electrode_s20,phase2/results/predictions/full/mixed/tcn/seed_17/bandpass_n20004_cRA_V1_electrode_s20.npz,76444,be069bdc1193e35b60ad9e1823f58b363ed1a6861500a55a21343c754ea7dbbc
tcn,mixed,17,bandpass_n20004_cRA_V1_electrode_s15,phase2/results/predictions/full/mixed/tcn/seed_17/bandpass_n20004_cRA_V1_electrode_s15.npz,76422,ac44e1ffc914c6ef0eda6d402ef36409e9cb1ea16960c1a647df3d9bb960162c
tcn,mixed,17,bandpass_n20004_cRA_V1_electrode_s10,phase2/results/predictions/full/mixed/tcn/seed_17/bandpass_n20004_cRA_V1_electrode_s10.npz,76358,b023854b4b6bd88f9704978464719425e6ea147e9a2f7f9277d8aa35a3b227a3
tcn,mixed,17,bandpass_n20004_cRA_V1_electrode_s5,phase2/results/predictions/full/mixed/tcn/seed_17/bandpass_n20004_cRA_V1_electrode_s5.npz,76177,7baffed7fbc81f03452c36e9b64137195fda5fe2057dacc31067e82db486894c
tcn,mixed,17,bandpass_n20004_cRA_V1_electrode_s0,phase2/results/predictions/full/mixed/tcn/seed_17/bandpass_n20004_cRA_V1_electrode_s0.npz,75857,00181a4f53d299dcb8c033f9b016bb47196c7b4cfcc05a50c152cdcfc733168b
tcn,mixed,17,bandpass_n20004_cRA_V1_covariance_s20,phase2/results/predictions/full/mixed/tcn/seed_17/bandpass_n20004_cRA_V1_covariance_s20.npz,76465,c64d3e45644389b974730b8cdf4c603938ae85e06da934b2077af7c1da4f68da
tcn,mixed,17,bandpass_n20004_cRA_V1_covariance_s15,phase2/results/predictions/full/mixed/tcn/seed_17/bandpass_n20004_cRA_V1_covariance_s15.npz,76451,d24e896141035f9bc4b48f6f4bf2043c3ac258c966b3ccd49fdd48d645eae322
tcn,mixed,17,bandpass_n20004_cRA_V1_covariance_s10,phase2/results/predictions/full/mixed/tcn/seed_17/bandpass_n20004_cRA_V1_covariance_s10.npz,76340,bbf7a303e366b1a9c84628086cf903c206408850fa27e63827eb7725b3f7e88b
tcn,mixed,17,bandpass_n20004_cRA_V1_covariance_s5,phase2/results/predictions/full/mixed/tcn/seed_17/bandpass_n20004_cRA_V1_covariance_s5.npz,76178,7458939ffb18bf419ad6d61c5a02630580fe51d1a3b3e28effbe89f8d4e2cfb6
tcn,mixed,17,bandpass_n20004_cRA_V1_covariance_s0,phase2/results/predictions/full/mixed/tcn/seed_17/bandpass_n20004_cRA_V1_covariance_s0.npz,75863,86db40f2afdadd01eb2fad9df8357fa908d32664ce8e4aebee39c97a722dd487
tcn,mixed,17,bandpass_n20004_cLA_V6_independent_rms_s20,phase2/results/predictions/full/mixed/tcn/seed_17/bandpass_n20004_cLA_V6_independent_rms_s20.npz,76482,5cd202cf5d101fab1b6829d7d515c853e3aa5b8dea62a221a9c1ad8f7a78da71
tcn,mixed,17,bandpass_n20004_cLA_V6_independent_rms_s15,phase2/results/predictions/full/mixed/tcn/seed_17/bandpass_n20004_cLA_V6_independent_rms_s15.npz,76479,b6a423dafc88a43769b5462e898a0766430baa8af9c665dee67a675ae8197178
tcn,mixed,17,bandpass_n20004_cLA_V6_independent_rms_s10,phase2/results/predictions/full/mixed/tcn/seed_17/bandpass_n20004_cLA_V6_independent_rms_s10.npz,76410,2cfb0046fca2bb7e1d16d60e978c4a5d0880405d03a80da8e0a3ed4c6e169c9e
tcn,mixed,17,bandpass_n20004_cLA_V6_independent_rms_s5,phase2/results/predictions/full/mixed/tcn/seed_17/bandpass_n20004_cLA_V6_independent_rms_s5.npz,76303,90339a199513c14cd647ad8f3ebc0a728e19c4eead36db0e4eb1af054b137e58
tcn,mixed,17,bandpass_n20004_cLA_V6_independent_rms_s0,phase2/results/predictions/full/mixed/tcn/seed_17/bandpass_n20004_cLA_V6_independent_rms_s0.npz,76072,89dacbee6b6fecd15361c59fcf822ffaaff6435c0baf43e41423aaaba9717a4c
tcn,mixed,17,bandpass_n20004_cLA_V6_electrode_s20,phase2/results/predictions/full/mixed/tcn/seed_17/bandpass_n20004_cLA_V6_electrode_s20.npz,76436,3add5c929faf40826e2dacd437b048cfeee5e47c9105a4b7fb50b2aa111e2c18
tcn,mixed,17,bandpass_n20004_cLA_V6_electrode_s15,phase2/results/predictions/full/mixed/tcn/seed_17/bandpass_n20004_cLA_V6_electrode_s15.npz,76435,9258366bf951b353a0cc69ed0b9e384a328cddbfcbb4650a12fc9be0f676acb6
tcn,mixed,17,bandpass_n20004_cLA_V6_electrode_s10,phase2/results/predictions/full/mixed/tcn/seed_17/bandpass_n20004_cLA_V6_electrode_s10.npz,76382,283f52582ae814da2ed10dd9f31b7f74232ac21159a84d635f5fa2866ed83c4b
tcn,mixed,17,bandpass_n20004_cLA_V6_electrode_s5,phase2/results/predictions/full/mixed/tcn/seed_17/bandpass_n20004_cLA_V6_electrode_s5.npz,76238,915027b144719defc0e11bbeabacc6640a18c9f14d5b3f153063b038cfa1706b
tcn,mixed,17,bandpass_n20004_cLA_V6_electrode_s0,phase2/results/predictions/full/mixed/tcn/seed_17/bandpass_n20004_cLA_V6_electrode_s0.npz,75850,5ed1257037e01425a455284a00048dc3211dafebc596a5d0a72d9a2acb839655
tcn,mixed,17,bandpass_n20004_cLA_V6_covariance_s20,phase2/results/predictions/full/mixed/tcn/seed_17/bandpass_n20004_cLA_V6_covariance_s20.npz,76435,f7293a220db9ce7951a000818b9d41302b05127363f206070ccfe70f0f45b34e
tcn,mixed,17,bandpass_n20004_cLA_V6_covariance_s15,phase2/results/predictions/full/mixed/tcn/seed_17/bandpass_n20004_cLA_V6_covariance_s15.npz,76451,be4d130270c28ae35435c7d99382392f9ee317ad6048b33c27218eb87fe7c6dc
tcn,mixed,17,bandpass_n20004_cLA_V6_covariance_s10,phase2/results/predictions/full/mixed/tcn/seed_17/bandpass_n20004_cLA_V6_covariance_s10.npz,76346,d91d94c05f509a1b5a108e614ba99fc8dabef12f3183b28c445bce97c6138ac7
tcn,mixed,17,bandpass_n20004_cLA_V6_covariance_s5,phase2/results/predictions/full/mixed/tcn/seed_17/bandpass_n20004_cLA_V6_covariance_s5.npz,76210,8fd4f1aacb5661dc388b10c3fd6964b64c46894dc022642fc74dc2758e355df0
tcn,mixed,17,bandpass_n20004_cLA_V6_covariance_s0,phase2/results/predictions/full/mixed/tcn/seed_17/bandpass_n20004_cLA_V6_covariance_s0.npz,75877,6dcd106a298ff616a3d448bcb61f09b75ac523a0cdbdba036c20acf1e4c141e5
tcn,mixed,17,bandpass_n20004_cLL_V4_independent_rms_s20,phase2/results/predictions/full/mixed/tcn/seed_17/bandpass_n20004_cLL_V4_independent_rms_s20.npz,76445,6778d48c7c6d95b79e490c1ef0b520e22a1796db6b24faf5027fe6de9589902e
tcn,mixed,17,bandpass_n20004_cLL_V4_independent_rms_s15,phase2/results/predictions/full/mixed/tcn/seed_17/bandpass_n20004_cLL_V4_independent_rms_s15.npz,76421,87fefa10b6c8a5137fc60c7fc23a0e98bc50b60f765a280ad237f6c1e2fc35d6
tcn,mixed,17,bandpass_n20004_cLL_V4_independent_rms_s10,phase2/results/predictions/full/mixed/tcn/seed_17/bandpass_n20004_cLL_V4_independent_rms_s10.npz,76424,a65d375bba620cd727191afc04066b153ba42b2ac7cfcdf88450ca784db35207
tcn,mixed,17,bandpass_n20004_cLL_V4_independent_rms_s5,phase2/results/predictions/full/mixed/tcn/seed_17/bandpass_n20004_cLL_V4_independent_rms_s5.npz,76284,2aa48409784ac41b6effcf2fdccdd9829a07c0a06bb1e0233b1f81569e73e13e
tcn,mixed,17,bandpass_n20004_cLL_V4_independent_rms_s0,phase2/results/predictions/full/mixed/tcn/seed_17/bandpass_n20004_cLL_V4_independent_rms_s0.npz,75943,2e36216a220f21ae80779a9c0e166fef032e04e06331afd4184fa5bd0e78b113
tcn,mixed,17,bandpass_n20004_cLL_V4_electrode_s20,phase2/results/predictions/full/mixed/tcn/seed_17/bandpass_n20004_cLL_V4_electrode_s20.npz,76446,803bfa047952226e6fe8e990bff648d18f8f9df905d014014637a9f3ed69242e
tcn,mixed,17,bandpass_n20004_cLL_V4_electrode_s15,phase2/results/predictions/full/mixed/tcn/seed_17/bandpass_n20004_cLL_V4_electrode_s15.npz,76424,18df385ad6fdbb2fa9ef71f7141d1ccbcc8f60ba4e2a0e2f2d2a9fd3a46e02b4
tcn,mixed,17,bandpass_n20004_cLL_V4_electrode_s10,phase2/results/predictions/full/mixed/tcn/seed_17/bandpass_n20004_cLL_V4_electrode_s10.npz,76373,704139ee00dd472a89dadda2e85e865c2ea0c4e6baf8c5be3f7ed49d66858df5
tcn,mixed,17,bandpass_n20004_cLL_V4_electrode_s5,phase2/results/predictions/full/mixed/tcn/seed_17/bandpass_n20004_cLL_V4_electrode_s5.npz,76207,a96907b9c2eebcb57d8770a5e7a88903256c7d3c03b8071921927b561019ccb6
tcn,mixed,17,bandpass_n20004_cLL_V4_electrode_s0,phase2/results/predictions/full/mixed/tcn/seed_17/bandpass_n20004_cLL_V4_electrode_s0.npz,75909,817022b89b63402b121a1b46c7bfc7a8007ccff8a6301ba9dfc3ac1938e23a34
tcn,mixed,17,bandpass_n20004_cLL_V4_covariance_s20,phase2/results/predictions/full/mixed/tcn/seed_17/bandpass_n20004_cLL_V4_covariance_s20.npz,76434,2cec517632c6b5aba2517fd630a013a6e3660831a53a50c6649a8ff1fef3d93b
tcn,mixed,17,bandpass_n20004_cLL_V4_covariance_s15,phase2/results/predictions/full/mixed/tcn/seed_17/bandpass_n20004_cLL_V4_covariance_s15.npz,76421,ed09013df9638aa44b5772331412c74383e8a2785ceb3c42fc6c337541d21e4c
tcn,mixed,17,bandpass_n20004_cLL_V4_covariance_s10,phase2/results/predictions/full/mixed/tcn/seed_17/bandpass_n20004_cLL_V4_covariance_s10.npz,76368,afd3605370ad2befcd6bd8002ffbb8c37665a26959f7e0c2c12090811f94a747
tcn,mixed,17,bandpass_n20004_cLL_V4_covariance_s5,phase2/results/predictions/full/mixed/tcn/seed_17/bandpass_n20004_cLL_V4_covariance_s5.npz,76256,9730718865bdf9cc02c2d0cf924dfc201c774601f5185eab55f259d675cb77b3
tcn,mixed,17,bandpass_n20004_cLL_V4_covariance_s0,phase2/results/predictions/full/mixed/tcn/seed_17/bandpass_n20004_cLL_V4_covariance_s0.npz,75908,219a93988ecdb161eb92df1e282d8c2fa0fca76fc96c884cf2684788e71a5fd3
tcn,mixed,17,bandpass_n20004_cRA_LA_V1_V6_independent_rms_s20,phase2/results/predictions/full/mixed/tcn/seed_17/bandpass_n20004_cRA_LA_V1_V6_independent_rms_s20.npz,76482,71f3af7dfc30ec97a3273bbe4b0305e7c331a6bb7954220f81c8cbe1b9389e6a
tcn,mixed,17,bandpass_n20004_cRA_LA_V1_V6_independent_rms_s15,phase2/results/predictions/full/mixed/tcn/seed_17/bandpass_n20004_cRA_LA_V1_V6_independent_rms_s15.npz,76460,6d76a191e3c23484b9d3a336d3efa649207d1419ce453371fe3916857adc3f1a
tcn,mixed,17,bandpass_n20004_cRA_LA_V1_V6_independent_rms_s10,phase2/results/predictions/full/mixed/tcn/seed_17/bandpass_n20004_cRA_LA_V1_V6_independent_rms_s10.npz,76420,f2e276adf88f6879a416bbf3da0e4ed9d586c4a024de25cb1d3774fe492d79d5
tcn,mixed,17,bandpass_n20004_cRA_LA_V1_V6_independent_rms_s5,phase2/results/predictions/full/mixed/tcn/seed_17/bandpass_n20004_cRA_LA_V1_V6_independent_rms_s5.npz,76317,711ae1763e6f077623a868cafb1bf1dadbe85c2726a9a7fce14048174417856b
tcn,mixed,17,bandpass_n20004_cRA_LA_V1_V6_independent_rms_s0,phase2/results/predictions/full/mixed/tcn/seed_17/bandpass_n20004_cRA_LA_V1_V6_independent_rms_s0.npz,76000,b10bee3f8c80630b401b406cb3464bf261e2265b1953aeba6662680581ac065c
tcn,mixed,17,bandpass_n20004_cRA_LA_V1_V6_electrode_s20,phase2/results/predictions/full/mixed/tcn/seed_17/bandpass_n20004_cRA_LA_V1_V6_electrode_s20.npz,76465,5460557301f9a86becf2c52817e429054627dbf7ce5caf6cd9185632e7405a39
tcn,mixed,17,bandpass_n20004_cRA_LA_V1_V6_electrode_s15,phase2/results/predictions/full/mixed/tcn/seed_17/bandpass_n20004_cRA_LA_V1_V6_electrode_s15.npz,76427,2fc79ce2768ae3c98c25abbf50307507f6a7c62ab92e4cea896e261c734a40f4
tcn,mixed,17,bandpass_n20004_cRA_LA_V1_V6_electrode_s10,phase2/results/predictions/full/mixed/tcn/seed_17/bandpass_n20004_cRA_LA_V1_V6_electrode_s10.npz,76383,cf89df5cbd65d06b896b09bea2c6e6f5dc08353e76bcd8b07fb2e5ff2330bb26
tcn,mixed,17,bandpass_n20004_cRA_LA_V1_V6_electrode_s5,phase2/results/predictions/full/mixed/tcn/seed_17/bandpass_n20004_cRA_LA_V1_V6_electrode_s5.npz,76208,ea4bf364cd9c5ad9d7b3c54a03e8ad3b3038861dfdc38e91e8a686626cced630
tcn,mixed,17,bandpass_n20004_cRA_LA_V1_V6_electrode_s0,phase2/results/predictions/full/mixed/tcn/seed_17/bandpass_n20004_cRA_LA_V1_V6_electrode_s0.npz,75778,ef5606666a76c9e1c23018145a0cb0489878b949186281295d8d22305b009c00
tcn,mixed,17,bandpass_n20004_cRA_LA_V1_V6_covariance_s20,phase2/results/predictions/full/mixed/tcn/seed_17/bandpass_n20004_cRA_LA_V1_V6_covariance_s20.npz,76452,761d5d8995fd798384d141022852ff9e1c5aae021f331ef9f53e818db49af40d
tcn,mixed,17,bandpass_n20004_cRA_LA_V1_V6_covariance_s15,phase2/results/predictions/full/mixed/tcn/seed_17/bandpass_n20004_cRA_LA_V1_V6_covariance_s15.npz,76443,a01985bc1bd4d80991137dac28f5db7caf3c47d78cdb1995044c0eb682ad8865
tcn,mixed,17,bandpass_n20004_cRA_LA_V1_V6_covariance_s10,phase2/results/predictions/full/mixed/tcn/seed_17/bandpass_n20004_cRA_LA_V1_V6_covariance_s10.npz,76356,0e97b6f22d84c5d8617e9c3edd0a6b38099675085492a771fac365c0b23a5ed4
tcn,mixed,17,bandpass_n20004_cRA_LA_V1_V6_covariance_s5,phase2/results/predictions/full/mixed/tcn/seed_17/bandpass_n20004_cRA_LA_V1_V6_covariance_s5.npz,76215,59475f53cb7a80fc20246d2340b839044c8421b37f74cef4bd320a735a805c03
tcn,mixed,17,bandpass_n20004_cRA_LA_V1_V6_covariance_s0,phase2/results/predictions/full/mixed/tcn/seed_17/bandpass_n20004_cRA_LA_V1_V6_covariance_s0.npz,75815,e5238a61c2e89131eeabe2cb3318f49779698737d621ff0a13870886bca92202
tcn,mixed,17,bandpass_n20004_cRA_V2_V5_independent_rms_s20,phase2/results/predictions/full/mixed/tcn/seed_17/bandpass_n20004_cRA_V2_V5_independent_rms_s20.npz,76470,1d28d3a341b75848d9f62d09af7ca6c0b70290c1694b855d3944c8d2a60956e3
tcn,mixed,17,bandpass_n20004_cRA_V2_V5_independent_rms_s15,phase2/results/predictions/full/mixed/tcn/seed_17/bandpass_n20004_cRA_V2_V5_independent_rms_s15.npz,76455,9941af03b94630208cf5b2d87b01723313bd5a96695fcf02e9b09a23590a7bac
tcn,mixed,17,bandpass_n20004_cRA_V2_V5_independent_rms_s10,phase2/results/predictions/full/mixed/tcn/seed_17/bandpass_n20004_cRA_V2_V5_independent_rms_s10.npz,76425,46640c9036e62058d6a43024c20971c318975254ed9304886b55e87c409bf653
tcn,mixed,17,bandpass_n20004_cRA_V2_V5_independent_rms_s5,phase2/results/predictions/full/mixed/tcn/seed_17/bandpass_n20004_cRA_V2_V5_independent_rms_s5.npz,76288,847f32447fb5366e6504f6393eeb6a7d56ae618fb4fac0bf41fc506716b62598
tcn,mixed,17,bandpass_n20004_cRA_V2_V5_independent_rms_s0,phase2/results/predictions/full/mixed/tcn/seed_17/bandpass_n20004_cRA_V2_V5_independent_rms_s0.npz,75978,6bf19857ae1d7cfa84adae682580ac63078d6dd47a22ca4cf7fa698a5aa57004
tcn,mixed,17,bandpass_n20004_cRA_V2_V5_electrode_s20,phase2/results/predictions/full/mixed/tcn/seed_17/bandpass_n20004_cRA_V2_V5_electrode_s20.npz,76448,c8b0e99f22296cee8c746c7422b66d9f061880df13988587e7c501a82db477e2
tcn,mixed,17,bandpass_n20004_cRA_V2_V5_electrode_s15,phase2/results/predictions/full/mixed/tcn/seed_17/bandpass_n20004_cRA_V2_V5_electrode_s15.npz,76417,00ebf88a6244b9ce0a69f494cefcbf1980e650bb9fa463b639257613c6e0f04e
tcn,mixed,17,bandpass_n20004_cRA_V2_V5_electrode_s10,phase2/results/predictions/full/mixed/tcn/seed_17/bandpass_n20004_cRA_V2_V5_electrode_s10.npz,76368,099040001a0907d608bb78b1d79b9736474693e264c9f1b886cfe2c98201bb06
tcn,mixed,17,bandpass_n20004_cRA_V2_V5_electrode_s5,phase2/results/predictions/full/mixed/tcn/seed_17/bandpass_n20004_cRA_V2_V5_electrode_s5.npz,76220,382de9b0461537ea805b4e9754288c5775959b87a1c9a5e2f31cea5c6fdbceac
tcn,mixed,17,bandpass_n20004_cRA_V2_V5_electrode_s0,phase2/results/predictions/full/mixed/tcn/seed_17/bandpass_n20004_cRA_V2_V5_electrode_s0.npz,75906,3eb3e77cc7419cc94d7e17382a54ced9f82d63ffeddeb851e6c1adfc84959834
tcn,mixed,17,bandpass_n20004_cRA_V2_V5_covariance_s20,phase2/results/predictions/full/mixed/tcn/seed_17/bandpass_n20004_cRA_V2_V5_covariance_s20.npz,76432,3c240a987d776582b50f60c259703ff7d7dd226f1d477c960a73414c47eb7b32
tcn,mixed,17,bandpass_n20004_cRA_V2_V5_covariance_s15,phase2/results/predictions/full/mixed/tcn/seed_17/bandpass_n20004_cRA_V2_V5_covariance_s15.npz,76443,b14e6ea8bb3b39ed20fabf2305b051d6fb6e6d25eba8393ec2d83d32c851efb9
tcn,mixed,17,bandpass_n20004_cRA_V2_V5_covariance_s10,phase2/results/predictions/full/mixed/tcn/seed_17/bandpass_n20004_cRA_V2_V5_covariance_s10.npz,76344,8d36772de4d35151630fc955dfb08644aa27e7c05112bc1a38ad102af35de844
tcn,mixed,17,bandpass_n20004_cRA_V2_V5_covariance_s5,phase2/results/predictions/full/mixed/tcn/seed_17/bandpass_n20004_cRA_V2_V5_covariance_s5.npz,76195,42d4b61d4b66af3bff554c087ab981c065d68e95a4220f7c1af1bc9a3c9cd8d4
tcn,mixed,17,bandpass_n20004_cRA_V2_V5_covariance_s0,phase2/results/predictions/full/mixed/tcn/seed_17/bandpass_n20004_cRA_V2_V5_covariance_s0.npz,75926,98dd08b4e6fe2873fe20f5e76d6c2bcd51ab6b305d3de57b7380eed82ec984e5
tcn,mixed,17,bandpass_n20004_cLA_V3_V6_independent_rms_s20,phase2/results/predictions/full/mixed/tcn/seed_17/bandpass_n20004_cLA_V3_V6_independent_rms_s20.npz,76464,580020c320e85aabf2731f190f3bec01c55556102b48b81cef853d657fbddefa
tcn,mixed,17,bandpass_n20004_cLA_V3_V6_independent_rms_s15,phase2/results/predictions/full/mixed/tcn/seed_17/bandpass_n20004_cLA_V3_V6_independent_rms_s15.npz,76450,bb510273771d67b300254baa1dca0ffd8d542ab25fc6db2b5c413d5acb7420a4
tcn,mixed,17,bandpass_n20004_cLA_V3_V6_independent_rms_s10,phase2/results/predictions/full/mixed/tcn/seed_17/bandpass_n20004_cLA_V3_V6_independent_rms_s10.npz,76442,e637688ab7e645ee46475078783b8ffa05cf0368a83e3faa796b7380dbcc22f6
tcn,mixed,17,bandpass_n20004_cLA_V3_V6_independent_rms_s5,phase2/results/predictions/full/mixed/tcn/seed_17/bandpass_n20004_cLA_V3_V6_independent_rms_s5.npz,76323,a8cb3e66cb8123edd5127fa8adb6ab0dcc64c6cb779d08e78a5c6d9ea0e49464
tcn,mixed,17,bandpass_n20004_cLA_V3_V6_independent_rms_s0,phase2/results/predictions/full/mixed/tcn/seed_17/bandpass_n20004_cLA_V3_V6_independent_rms_s0.npz,76099,4e4444640b259e1cd6f3b63ff84ba2e56c3ff93ab5101c061f6d5223e5ce492d
tcn,mixed,17,bandpass_n20004_cLA_V3_V6_electrode_s20,phase2/results/predictions/full/mixed/tcn/seed_17/bandpass_n20004_cLA_V3_V6_electrode_s20.npz,76440,8b7c8da877e73b597f0dd5a8cdf80008c201ddba7b068fd339237a51e97b123b
tcn,mixed,17,bandpass_n20004_cLA_V3_V6_electrode_s15,phase2/results/predictions/full/mixed/tcn/seed_17/bandpass_n20004_cLA_V3_V6_electrode_s15.npz,76462,13fd24066c9045ed6e1de98107d556144230a0b8a3727d53fc2db279a38ca0b5
tcn,mixed,17,bandpass_n20004_cLA_V3_V6_electrode_s10,phase2/results/predictions/full/mixed/tcn/seed_17/bandpass_n20004_cLA_V3_V6_electrode_s10.npz,76400,d3ae1f2a43a7ea3ee7cc3e7674cdcd330fc71a73d458d26262749a2b89658349
tcn,mixed,17,bandpass_n20004_cLA_V3_V6_electrode_s5,phase2/results/predictions/full/mixed/tcn/seed_17/bandpass_n20004_cLA_V3_V6_electrode_s5.npz,76240,2d8735466588ce223a84211106611b9566c29a52fd25f75338a50ac54a927822
tcn,mixed,17,bandpass_n20004_cLA_V3_V6_electrode_s0,phase2/results/predictions/full/mixed/tcn/seed_17/bandpass_n20004_cLA_V3_V6_electrode_s0.npz,75903,9e91a6b5e0354d735248227516ac75b2acff7975bbf9dfb977436445b930d623
tcn,mixed,17,bandpass_n20004_cLA_V3_V6_covariance_s20,phase2/results/predictions/full/mixed/tcn/seed_17/bandpass_n20004_cLA_V3_V6_covariance_s20.npz,76447,db34c8e24c3cea4a46df9c11b0ef8b72ba8b600b967bf5e437ab3ef92c0f7d66
tcn,mixed,17,bandpass_n20004_cLA_V3_V6_covariance_s15,phase2/results/predictions/full/mixed/tcn/seed_17/bandpass_n20004_cLA_V3_V6_covariance_s15.npz,76456,1e66ea2afdc88ce1d2b26e4a2b553f3851d1d78f3d2b055da02b5eb141875c91
tcn,mixed,17,bandpass_n20004_cLA_V3_V6_covariance_s10,phase2/results/predictions/full/mixed/tcn/seed_17/bandpass_n20004_cLA_V3_V6_covariance_s10.npz,76360,0f24a1c35dcafe0dbfc2493e7ceb69de3ab483c98a864c38362646509d92ecb5
tcn,mixed,17,bandpass_n20004_cLA_V3_V6_covariance_s5,phase2/results/predictions/full/mixed/tcn/seed_17/bandpass_n20004_cLA_V3_V6_covariance_s5.npz,76257,10317e247a68575098b2e41fbd29b2169672faa2ea8e8d9bfdd24106fd5a4518
tcn,mixed,17,bandpass_n20004_cLA_V3_V6_covariance_s0,phase2/results/predictions/full/mixed/tcn/seed_17/bandpass_n20004_cLA_V3_V6_covariance_s0.npz,75868,b3b3f275839446848769d02ad93ea90ee6a7440efe98a90762bc72a74284100d
tcn,mixed,17,bandpass_n20004_cLL_V1_V4_independent_rms_s20,phase2/results/predictions/full/mixed/tcn/seed_17/bandpass_n20004_cLL_V1_V4_independent_rms_s20.npz,76488,66d67002cda2611fff0601586cf42f94a50ce9544599733652e8c017e0d97c13
tcn,mixed,17,bandpass_n20004_cLL_V1_V4_independent_rms_s15,phase2/results/predictions/full/mixed/tcn/seed_17/bandpass_n20004_cLL_V1_V4_independent_rms_s15.npz,76451,b26f00fe42fd17b78e9d1bf7916209b5a2c68724363869537f881c603f4fe9d7
tcn,mixed,17,bandpass_n20004_cLL_V1_V4_independent_rms_s10,phase2/results/predictions/full/mixed/tcn/seed_17/bandpass_n20004_cLL_V1_V4_independent_rms_s10.npz,76398,51be1a71605ed4ba390758a64203f0f1924f37b3d54842f59eb54e1a95264699
tcn,mixed,17,bandpass_n20004_cLL_V1_V4_independent_rms_s5,phase2/results/predictions/full/mixed/tcn/seed_17/bandpass_n20004_cLL_V1_V4_independent_rms_s5.npz,76320,4cf67bd2c54d8a7487b603cd548839bd99b682b4bc258e7bf1e837365221561d
tcn,mixed,17,bandpass_n20004_cLL_V1_V4_independent_rms_s0,phase2/results/predictions/full/mixed/tcn/seed_17/bandpass_n20004_cLL_V1_V4_independent_rms_s0.npz,75974,fb4d15807deb086b394464f8286c7cea3cc7f226ee9902fa92e19bdf20959cf2
tcn,mixed,17,bandpass_n20004_cLL_V1_V4_electrode_s20,phase2/results/predictions/full/mixed/tcn/seed_17/bandpass_n20004_cLL_V1_V4_electrode_s20.npz,76464,a83262ea546a68f550faac885f7dfe0c1cb25f5930ea696e3a3ea2433e6cf126
tcn,mixed,17,bandpass_n20004_cLL_V1_V4_electrode_s15,phase2/results/predictions/full/mixed/tcn/seed_17/bandpass_n20004_cLL_V1_V4_electrode_s15.npz,76428,11dc1ea93da7413baea004d37bc0c1b94b61684dac52a0993f10a843f9834cd2
tcn,mixed,17,bandpass_n20004_cLL_V1_V4_electrode_s10,phase2/results/predictions/full/mixed/tcn/seed_17/bandpass_n20004_cLL_V1_V4_electrode_s10.npz,76411,f1f4e4528b4db2b91e5a9d91d426c6fd663035a779232a9b1dee318a725e55c4
tcn,mixed,17,bandpass_n20004_cLL_V1_V4_electrode_s5,phase2/results/predictions/full/mixed/tcn/seed_17/bandpass_n20004_cLL_V1_V4_electrode_s5.npz,76244,349ab94824e6b920b63a0088a0ee9238d81d54b35dae7fd89500ae2ee0e23ca7
tcn,mixed,17,bandpass_n20004_cLL_V1_V4_electrode_s0,phase2/results/predictions/full/mixed/tcn/seed_17/bandpass_n20004_cLL_V1_V4_electrode_s0.npz,75903,fce6e8839b786268c7232da9a7c3f6825f909eecf07fb955b1e6aa26a6820f4b
tcn,mixed,17,bandpass_n20004_cLL_V1_V4_covariance_s20,phase2/results/predictions/full/mixed/tcn/seed_17/bandpass_n20004_cLL_V1_V4_covariance_s20.npz,76448,804afcd07ef61ceaeaf649283ceb06cdda3d63dd705f806a4d5fcf69036c96af
tcn,mixed,17,bandpass_n20004_cLL_V1_V4_covariance_s15,phase2/results/predictions/full/mixed/tcn/seed_17/bandpass_n20004_cLL_V1_V4_covariance_s15.npz,76435,9faaec297bd963330f8a2a9144db8d89659f773f58cfeecad3b590cfb220a053
tcn,mixed,17,bandpass_n20004_cLL_V1_V4_covariance_s10,phase2/results/predictions/full/mixed/tcn/seed_17/bandpass_n20004_cLL_V1_V4_covariance_s10.npz,76378,737958b7f1441b73f39c05f1e74e7d59cac40dbecd0375586a9b1db46ac5f8d5
tcn,mixed,17,bandpass_n20004_cLL_V1_V4_covariance_s5,phase2/results/predictions/full/mixed/tcn/seed_17/bandpass_n20004_cLL_V1_V4_covariance_s5.npz,76277,bb4fa48661cbb551a07a8b0b2004a1c235a47bfca30eda8e88f36688055caeec
tcn,mixed,17,bandpass_n20004_cLL_V1_V4_covariance_s0,phase2/results/predictions/full/mixed/tcn/seed_17/bandpass_n20004_cLL_V1_V4_covariance_s0.npz,75910,f69504e76739b52f01d2bac82be78ddc5a574812ce6bb015fa1e5be568ec0443
tcn,mixed,17,bandpass_n20004_call_independent_rms_s20,phase2/results/predictions/full/mixed/tcn/seed_17/bandpass_n20004_call_independent_rms_s20.npz,76432,04265f56b647934787117aa4c635bbe646a6310685d25aec64885c2f77964e82
tcn,mixed,17,bandpass_n20004_call_independent_rms_s15,phase2/results/predictions/full/mixed/tcn/seed_17/bandpass_n20004_call_independent_rms_s15.npz,76439,e543d2f3a90deb17ff903068b86405ff51392c7d2537dec315f4f317b9e476d7
tcn,mixed,17,bandpass_n20004_call_independent_rms_s10,phase2/results/predictions/full/mixed/tcn/seed_17/bandpass_n20004_call_independent_rms_s10.npz,76373,07711d259e52ba8bc9b695bdde2ba9e40886bf1001b82e4f660fb4cce78c60d2
tcn,mixed,17,bandpass_n20004_call_independent_rms_s5,phase2/results/predictions/full/mixed/tcn/seed_17/bandpass_n20004_call_independent_rms_s5.npz,76253,37faacffcce045a0c02bc2e7205e025c4bb5ef9318586fee9cd87e9ff75627fb
tcn,mixed,17,bandpass_n20004_call_independent_rms_s0,phase2/results/predictions/full/mixed/tcn/seed_17/bandpass_n20004_call_independent_rms_s0.npz,75940,ccbcf646bc616cdba8cc7e7bb3e1a9ed62838235c1dd12148f2f18180a44ae90
tcn,mixed,17,bandpass_n20004_call_electrode_s20,phase2/results/predictions/full/mixed/tcn/seed_17/bandpass_n20004_call_electrode_s20.npz,76413,7ed736753f13fd2e6ed8a573b75f856e52b21480d0bf63796755c3f94124b10b
tcn,mixed,17,bandpass_n20004_call_electrode_s15,phase2/results/predictions/full/mixed/tcn/seed_17/bandpass_n20004_call_electrode_s15.npz,76390,9675abf4caaa606edf0fb69879687e70a5f1254376cfcec5fef0c2b27f83e8ff
tcn,mixed,17,bandpass_n20004_call_electrode_s10,phase2/results/predictions/full/mixed/tcn/seed_17/bandpass_n20004_call_electrode_s10.npz,76346,401c4ba36833502fa750d06de757632f365e8b23c3d3fad3747e53980f0ec6ad
tcn,mixed,17,bandpass_n20004_call_electrode_s5,phase2/results/predictions/full/mixed/tcn/seed_17/bandpass_n20004_call_electrode_s5.npz,76213,532620dbfcf4e9710116d752cd7ff57028053540287209d6a0db4edd6dd22ec7
tcn,mixed,17,bandpass_n20004_call_electrode_s0,phase2/results/predictions/full/mixed/tcn/seed_17/bandpass_n20004_call_electrode_s0.npz,75794,f81c67b9cfeb1a0809e0bb2df9fd5811f47d202cc7c563dfdfa710c6f63def5a
tcn,mixed,17,bandpass_n20004_call_covariance_s20,phase2/results/predictions/full/mixed/tcn/seed_17/bandpass_n20004_call_covariance_s20.npz,76419,9567e0a865e49dea7b635dc4117b53e1456823e7dba473598bcae3155e31773e
tcn,mixed,17,bandpass_n20004_call_covariance_s15,phase2/results/predictions/full/mixed/tcn/seed_17/bandpass_n20004_call_covariance_s15.npz,76418,8c0c7d26bf2c787b1eff507588a920d09b369eba82a910f19b3ed4dcd777757a
tcn,mixed,17,bandpass_n20004_call_covariance_s10,phase2/results/predictions/full/mixed/tcn/seed_17/bandpass_n20004_call_covariance_s10.npz,76377,1149fc5b7f3dc82667b85709a55a2ff2a0a0385992cf214c7cd98423afd37733
tcn,mixed,17,bandpass_n20004_call_covariance_s5,phase2/results/predictions/full/mixed/tcn/seed_17/bandpass_n20004_call_covariance_s5.npz,76189,35b28f0e399f35ecbf19cd36847d26cf7471382b29eb42dabef11853b45cff83
tcn,mixed,17,bandpass_n20004_call_covariance_s0,phase2/results/predictions/full/mixed/tcn/seed_17/bandpass_n20004_call_covariance_s0.npz,75828,88a43717d2b89846ee8a9754800018bfbb435971a750d83f6c700803940a2f00
tcn,mixed,17,bandpass_n20005_cRA_LA_LL_independent_rms_s20,phase2/results/predictions/full/mixed/tcn/seed_17/bandpass_n20005_cRA_LA_LL_independent_rms_s20.npz,76489,0d7551c3e07947ef7372e3902070cb1e58b5f1b4cc8bdbf12cfe269169c3ce39
tcn,mixed,17,bandpass_n20005_cRA_LA_LL_independent_rms_s15,phase2/results/predictions/full/mixed/tcn/seed_17/bandpass_n20005_cRA_LA_LL_independent_rms_s15.npz,76465,0a613579ee13cc7f8ec2a84df323cc249f8bfe5269debc28abbb74cdac166c96
tcn,mixed,17,bandpass_n20005_cRA_LA_LL_independent_rms_s10,phase2/results/predictions/full/mixed/tcn/seed_17/bandpass_n20005_cRA_LA_LL_independent_rms_s10.npz,76410,ed4ebf2301d9e0b6c12ad7a2786a7be1f5b80f8ddffb8ea41b60d40a6135852e
tcn,mixed,17,bandpass_n20005_cRA_LA_LL_independent_rms_s5,phase2/results/predictions/full/mixed/tcn/seed_17/bandpass_n20005_cRA_LA_LL_independent_rms_s5.npz,76276,18e48f8abe43604bea8273c6cde19856f0afd620442bd96a773e4bea7d126512
tcn,mixed,17,bandpass_n20005_cRA_LA_LL_independent_rms_s0,phase2/results/predictions/full/mixed/tcn/seed_17/bandpass_n20005_cRA_LA_LL_independent_rms_s0.npz,75974,7dbcfaf46f6836db1b2e332d20ae30d4a2ca19ba5eae03adc205b671450235fb
tcn,mixed,17,bandpass_n20005_cRA_LA_LL_electrode_s20,phase2/results/predictions/full/mixed/tcn/seed_17/bandpass_n20005_cRA_LA_LL_electrode_s20.npz,76446,2578119f78e0f80cf879b175f6767549cb3ada5fa127ffeb6e03045c521265e6
tcn,mixed,17,bandpass_n20005_cRA_LA_LL_electrode_s15,phase2/results/predictions/full/mixed/tcn/seed_17/bandpass_n20005_cRA_LA_LL_electrode_s15.npz,76429,a0a6e67de4211a32c8418984b1a69fe894bf385bee65b4230e41dd81223773bc
tcn,mixed,17,bandpass_n20005_cRA_LA_LL_electrode_s10,phase2/results/predictions/full/mixed/tcn/seed_17/bandpass_n20005_cRA_LA_LL_electrode_s10.npz,76363,ce2df7031d86d243900ffd684eb9e5beb292a4bf6ad1a6a4f8d800baf96b94e9
tcn,mixed,17,bandpass_n20005_cRA_LA_LL_electrode_s5,phase2/results/predictions/full/mixed/tcn/seed_17/bandpass_n20005_cRA_LA_LL_electrode_s5.npz,76169,dc1a39e94dbc0334e75f71f207224c8cca92756dfab39575190286114f882afd
tcn,mixed,17,bandpass_n20005_cRA_LA_LL_electrode_s0,phase2/results/predictions/full/mixed/tcn/seed_17/bandpass_n20005_cRA_LA_LL_electrode_s0.npz,75745,12fa9c87fd37cebdc9852fdde6a1e223f81c6185d9c72c56130583b726e9068d
tcn,mixed,17,bandpass_n20005_cRA_LA_LL_covariance_s20,phase2/results/predictions/full/mixed/tcn/seed_17/bandpass_n20005_cRA_LA_LL_covariance_s20.npz,76434,8f3af33f779e2d7a4cb61baac530a4d1a7f93e17174984f0b85274a98c740320
tcn,mixed,17,bandpass_n20005_cRA_LA_LL_covariance_s15,phase2/results/predictions/full/mixed/tcn/seed_17/bandpass_n20005_cRA_LA_LL_covariance_s15.npz,76433,da03b07a1b1c78d5e23994d38d46b8df288daab70d7348591f1980109ab3d803
tcn,mixed,17,bandpass_n20005_cRA_LA_LL_covariance_s10,phase2/results/predictions/full/mixed/tcn/seed_17/bandpass_n20005_cRA_LA_LL_covariance_s10.npz,76375,468d060d800c9a5ab1ceb0a7ed5ef9b2b0aa6e977dc160cbc31c586103bf125a
tcn,mixed,17,bandpass_n20005_cRA_LA_LL_covariance_s5,phase2/results/predictions/full/mixed/tcn/seed_17/bandpass_n20005_cRA_LA_LL_covariance_s5.npz,76208,e502d4d0f3168a1b48c9d5113ba55450c4b66ceb9652153a3095d956892f2fa9
tcn,mixed,17,bandpass_n20005_cRA_LA_LL_covariance_s0,phase2/results/predictions/full/mixed/tcn/seed_17/bandpass_n20005_cRA_LA_LL_covariance_s0.npz,75736,f4e9ccaa5d556e486906a7fcbf4377952fb89060d372b88e683f6d48ad91b8e2
tcn,mixed,17,bandpass_n20005_cV1_independent_rms_s20,phase2/results/predictions/full/mixed/tcn/seed_17/bandpass_n20005_cV1_independent_rms_s20.npz,76409,a5e64f99c9274b3173cce6038741662e0f703497838c896cfb080fdee4c36e98
tcn,mixed,17,bandpass_n20005_cV1_independent_rms_s15,phase2/results/predictions/full/mixed/tcn/seed_17/bandpass_n20005_cV1_independent_rms_s15.npz,76421,fb5177a1a5f8473d4a280af94d751bb9a3b5c02abb133e68b540ceea11defa0c
tcn,mixed,17,bandpass_n20005_cV1_independent_rms_s10,phase2/results/predictions/full/mixed/tcn/seed_17/bandpass_n20005_cV1_independent_rms_s10.npz,76394,a6b733d62037569e8155c99745d2ca0444302b9c2b9434916d69914b95f393ad
tcn,mixed,17,bandpass_n20005_cV1_independent_rms_s5,phase2/results/predictions/full/mixed/tcn/seed_17/bandpass_n20005_cV1_independent_rms_s5.npz,76276,47e7cf9f16424c7f2b4b82721b125c8827af87486de11f79a80087841d465df3
tcn,mixed,17,bandpass_n20005_cV1_independent_rms_s0,phase2/results/predictions/full/mixed/tcn/seed_17/bandpass_n20005_cV1_independent_rms_s0.npz,76064,5a72eaf3cf1e7db8b168b3fb5def2ee1f5984366df78b9a611014b5822ed77f9
tcn,mixed,17,bandpass_n20005_cV1_electrode_s20,phase2/results/predictions/full/mixed/tcn/seed_17/bandpass_n20005_cV1_electrode_s20.npz,76425,4d8512bc887c8e73f016e37e23270646cfdf98b373f145a7bdead6dba6f28d92
tcn,mixed,17,bandpass_n20005_cV1_electrode_s15,phase2/results/predictions/full/mixed/tcn/seed_17/bandpass_n20005_cV1_electrode_s15.npz,76434,b2490ce17b7787c7954addc3746c04c12a3fab5ef2a08713b682a1c896ac6907
tcn,mixed,17,bandpass_n20005_cV1_electrode_s10,phase2/results/predictions/full/mixed/tcn/seed_17/bandpass_n20005_cV1_electrode_s10.npz,76352,07775476bf017abf086a07bb4a5f06fc423ef93a6224fb853cc06f0c7e6dbbd7
tcn,mixed,17,bandpass_n20005_cV1_electrode_s5,phase2/results/predictions/full/mixed/tcn/seed_17/bandpass_n20005_cV1_electrode_s5.npz,76258,f5b29faad171a82971d33eeca8d4f6eb665a6b861b52ca73ce7ba9f68085c148
tcn,mixed,17,bandpass_n20005_cV1_electrode_s0,phase2/results/predictions/full/mixed/tcn/seed_17/bandpass_n20005_cV1_electrode_s0.npz,76060,172d466e855b65a444488422d5107768c6a3c2c5d0dc857b429cbe12bece0047
tcn,mixed,17,bandpass_n20005_cV1_covariance_s20,phase2/results/predictions/full/mixed/tcn/seed_17/bandpass_n20005_cV1_covariance_s20.npz,76451,6a86cf1236a2784a732f3243e5cd287f3da522430a39bc24452d7c9f97ad3097
tcn,mixed,17,bandpass_n20005_cV1_covariance_s15,phase2/results/predictions/full/mixed/tcn/seed_17/bandpass_n20005_cV1_covariance_s15.npz,76422,5d76cc5bc6efa09913c024b61ad46e95d3f97e1f5202dc3de27c1e318f7ee902
tcn,mixed,17,bandpass_n20005_cV1_covariance_s10,phase2/results/predictions/full/mixed/tcn/seed_17/bandpass_n20005_cV1_covariance_s10.npz,76402,27ec88906a14f600aabd437d0a4c1ad1857c2512baea55d9caea025fc606a18c
tcn,mixed,17,bandpass_n20005_cV1_covariance_s5,phase2/results/predictions/full/mixed/tcn/seed_17/bandpass_n20005_cV1_covariance_s5.npz,76277,0f14b084f644851c20717ad4f26ef83a0b509292eede9e4185f00fba0044fb50
tcn,mixed,17,bandpass_n20005_cV1_covariance_s0,phase2/results/predictions/full/mixed/tcn/seed_17/bandpass_n20005_cV1_covariance_s0.npz,76062,944474ea1ef6a896919ace2fa64684069ac1c1e740d7c01089e877eb3e223f85
tcn,mixed,17,bandpass_n20005_cV2_independent_rms_s20,phase2/results/predictions/full/mixed/tcn/seed_17/bandpass_n20005_cV2_independent_rms_s20.npz,76443,e6065bd3638be4a45c7317d59441afd84c2425952e95073266aa666266d07252
tcn,mixed,17,bandpass_n20005_cV2_independent_rms_s15,phase2/results/predictions/full/mixed/tcn/seed_17/bandpass_n20005_cV2_independent_rms_s15.npz,76437,10782a34dbee68e66f5d727240d45d099af43e10b12eb86ffe8fe1826a4cd1c1
tcn,mixed,17,bandpass_n20005_cV2_independent_rms_s10,phase2/results/predictions/full/mixed/tcn/seed_17/bandpass_n20005_cV2_independent_rms_s10.npz,76398,2247e8813538c6e5e0282aa7e50205a8ec84948dc5c7b852a2e27675965be97b
tcn,mixed,17,bandpass_n20005_cV2_independent_rms_s5,phase2/results/predictions/full/mixed/tcn/seed_17/bandpass_n20005_cV2_independent_rms_s5.npz,76322,b93cfd19de44ef9037dcbbab1027f36a6f56aff791d1ad340cde077864e4ff6e
tcn,mixed,17,bandpass_n20005_cV2_independent_rms_s0,phase2/results/predictions/full/mixed/tcn/seed_17/bandpass_n20005_cV2_independent_rms_s0.npz,76115,b6936b41ac8a7944f89d6ed3930dd936c698f3cc76fbe6f55d8644055d7f7c25
tcn,mixed,17,bandpass_n20005_cV2_electrode_s20,phase2/results/predictions/full/mixed/tcn/seed_17/bandpass_n20005_cV2_electrode_s20.npz,76431,4a337a75951b80295b8b82d9a3753b18a603fea23a6efb005699a7dba9c97e93
tcn,mixed,17,bandpass_n20005_cV2_electrode_s15,phase2/results/predictions/full/mixed/tcn/seed_17/bandpass_n20005_cV2_electrode_s15.npz,76448,03f05a92ef65551c3fcb10a710c171e5aa90eee97396f00a6a53e4be718b0e70
tcn,mixed,17,bandpass_n20005_cV2_electrode_s10,phase2/results/predictions/full/mixed/tcn/seed_17/bandpass_n20005_cV2_electrode_s10.npz,76377,4c5eadfbf0ec6e6c41c6cf659a8ebee454e96f7682e64947c7dc7e4ba6a80a1b
tcn,mixed,17,bandpass_n20005_cV2_electrode_s5,phase2/results/predictions/full/mixed/tcn/seed_17/bandpass_n20005_cV2_electrode_s5.npz,76309,6f2b2ead9c463c823dfb770089993e2a59475ac8bbade25309af776ec5122cf2
tcn,mixed,17,bandpass_n20005_cV2_electrode_s0,phase2/results/predictions/full/mixed/tcn/seed_17/bandpass_n20005_cV2_electrode_s0.npz,76111,6d16be8527e613a7401cde227f60c8637f87b6ec468c873384545367a0ed2200
tcn,mixed,17,bandpass_n20005_cV2_covariance_s20,phase2/results/predictions/full/mixed/tcn/seed_17/bandpass_n20005_cV2_covariance_s20.npz,76423,66b104a7c4ce60d43634fbaab9587ed090f649bc86eb3d62224aabf88c2a32fe
tcn,mixed,17,bandpass_n20005_cV2_covariance_s15,phase2/results/predictions/full/mixed/tcn/seed_17/bandpass_n20005_cV2_covariance_s15.npz,76440,27e34ceed77ae0cb8ec328269e5d32c4b6b46ed4165181b4b87e4adcb7417db3
tcn,mixed,17,bandpass_n20005_cV2_covariance_s10,phase2/results/predictions/full/mixed/tcn/seed_17/bandpass_n20005_cV2_covariance_s10.npz,76402,38e9a25a14b3d02c21281d5c884c39946cba21f2dce5757b25a5dbe56f6edc04
tcn,mixed,17,bandpass_n20005_cV2_covariance_s5,phase2/results/predictions/full/mixed/tcn/seed_17/bandpass_n20005_cV2_covariance_s5.npz,76347,89e6f6287193c4fb11ea37dbbaebf4605a143b1e3b7b824d46bace4c0433a078
tcn,mixed,17,bandpass_n20005_cV2_covariance_s0,phase2/results/predictions/full/mixed/tcn/seed_17/bandpass_n20005_cV2_covariance_s0.npz,76132,d74f5a3368afc7ebc729c10acb99feda874d16966679a3fabf149b80384e471c
tcn,mixed,17,bandpass_n20005_cV3_independent_rms_s20,phase2/results/predictions/full/mixed/tcn/seed_17/bandpass_n20005_cV3_independent_rms_s20.npz,76445,1bcf8632a44c008e7bffd92b3fa0c9cdedeb9da7ff8e8a1fb39ce95200089d35
tcn,mixed,17,bandpass_n20005_cV3_independent_rms_s15,phase2/results/predictions/full/mixed/tcn/seed_17/bandpass_n20005_cV3_independent_rms_s15.npz,76462,bd545a57d7d36004312c19fe373dc2d87f8a4b308c3f384999681000eff4f105
tcn,mixed,17,bandpass_n20005_cV3_independent_rms_s10,phase2/results/predictions/full/mixed/tcn/seed_17/bandpass_n20005_cV3_independent_rms_s10.npz,76424,63f86c60bfaa5c148719d50ea79d927cb90575073ac9b9f93c9c25903886f73e
tcn,mixed,17,bandpass_n20005_cV3_independent_rms_s5,phase2/results/predictions/full/mixed/tcn/seed_17/bandpass_n20005_cV3_independent_rms_s5.npz,76320,077183d29fc8260236fbad95c38b0aa20d6868960caba4694d15080484f9d418
tcn,mixed,17,bandpass_n20005_cV3_independent_rms_s0,phase2/results/predictions/full/mixed/tcn/seed_17/bandpass_n20005_cV3_independent_rms_s0.npz,76005,e8dc7291a1f3f1742d56939f49185aaf4ba3a28e39e70c57a64fa8dc206e8601
tcn,mixed,17,bandpass_n20005_cV3_electrode_s20,phase2/results/predictions/full/mixed/tcn/seed_17/bandpass_n20005_cV3_electrode_s20.npz,76429,02fe682a3ef8a29f28b5a971653b3a177ef852eea7862f17c14c4472a2b1fb5c
tcn,mixed,17,bandpass_n20005_cV3_electrode_s15,phase2/results/predictions/full/mixed/tcn/seed_17/bandpass_n20005_cV3_electrode_s15.npz,76428,e37eb5d0ef2ff00f828faaecb8f3e3445d2ea79633df001a5407ed1d6e23423b
tcn,mixed,17,bandpass_n20005_cV3_electrode_s10,phase2/results/predictions/full/mixed/tcn/seed_17/bandpass_n20005_cV3_electrode_s10.npz,76393,4483eefacf4067bd50c1598978022799c5f144535617b30ab7c6f25c61d4f238
tcn,mixed,17,bandpass_n20005_cV3_electrode_s5,phase2/results/predictions/full/mixed/tcn/seed_17/bandpass_n20005_cV3_electrode_s5.npz,76306,a8b9344d44210d8c64e087b0b6323ffd5e07949f638cb6e81523dcee699c47bf
tcn,mixed,17,bandpass_n20005_cV3_electrode_s0,phase2/results/predictions/full/mixed/tcn/seed_17/bandpass_n20005_cV3_electrode_s0.npz,76037,fa3d1b76cf5850e06e997ef258b78649a8cd2fc2dc1cf7ebfac660b0e09a7ac6
tcn,mixed,17,bandpass_n20005_cV3_covariance_s20,phase2/results/predictions/full/mixed/tcn/seed_17/bandpass_n20005_cV3_covariance_s20.npz,76432,902b0cdc038ba8b814e9d79e163b320315d2159c37cca9be9147602adf995075
tcn,mixed,17,bandpass_n20005_cV3_covariance_s15,phase2/results/predictions/full/mixed/tcn/seed_17/bandpass_n20005_cV3_covariance_s15.npz,76452,da8182026a0376b8bb1ca90f9ac999d7c060ac69deee50dac57f8ea50beeee42
tcn,mixed,17,bandpass_n20005_cV3_covariance_s10,phase2/results/predictions/full/mixed/tcn/seed_17/bandpass_n20005_cV3_covariance_s10.npz,76391,d36c5f753509649149f87210800efa524c181d1dd7001f9ccee34b959e224c84
tcn,mixed,17,bandpass_n20005_cV3_covariance_s5,phase2/results/predictions/full/mixed/tcn/seed_17/bandpass_n20005_cV3_covariance_s5.npz,76322,200b7f2ffe572e8d562bff8b74a31e3d7c3314bad2c948ddf4ec846d39b1217f
tcn,mixed,17,bandpass_n20005_cV3_covariance_s0,phase2/results/predictions/full/mixed/tcn/seed_17/bandpass_n20005_cV3_covariance_s0.npz,76043,58baabee0a51f01f2d15e11cea69f70c102f19a447c102346c5f52753310e69d
tcn,mixed,17,bandpass_n20005_cV4_independent_rms_s20,phase2/results/predictions/full/mixed/tcn/seed_17/bandpass_n20005_cV4_independent_rms_s20.npz,76438,7124bb93845be0adfae82341dea96b4d2e29eb2c3efec8b72e20c090b34c0c7c
tcn,mixed,17,bandpass_n20005_cV4_independent_rms_s15,phase2/results/predictions/full/mixed/tcn/seed_17/bandpass_n20005_cV4_independent_rms_s15.npz,76465,9eb196533bdce14ffcacdff93145727a7a7aeaba63e5d63399fbb9999721c282
tcn,mixed,17,bandpass_n20005_cV4_independent_rms_s10,phase2/results/predictions/full/mixed/tcn/seed_17/bandpass_n20005_cV4_independent_rms_s10.npz,76462,2b2266e843668767fab3d14c103b374a984527dcb2762f29f8cde666cde798d1
tcn,mixed,17,bandpass_n20005_cV4_independent_rms_s5,phase2/results/predictions/full/mixed/tcn/seed_17/bandpass_n20005_cV4_independent_rms_s5.npz,76394,bf31e062a54a3a77b608b7f3d2326e9a6a76ed46ff240746f10fd78eb97ff594
tcn,mixed,17,bandpass_n20005_cV4_independent_rms_s0,phase2/results/predictions/full/mixed/tcn/seed_17/bandpass_n20005_cV4_independent_rms_s0.npz,76300,6e919cd73589648f6df21d95da648a3b810e0b094f222a034f7b83c248609d9f
tcn,mixed,17,bandpass_n20005_cV4_electrode_s20,phase2/results/predictions/full/mixed/tcn/seed_17/bandpass_n20005_cV4_electrode_s20.npz,76430,b28ae5600cb6e58820cfe60d3df68a5ebf1762ab6d34b85238b5099471e39027
tcn,mixed,17,bandpass_n20005_cV4_electrode_s15,phase2/results/predictions/full/mixed/tcn/seed_17/bandpass_n20005_cV4_electrode_s15.npz,76433,520c27a0ee146bc60fc093e5b5f74dd01637221dff976ae9255402fb6beab385
tcn,mixed,17,bandpass_n20005_cV4_electrode_s10,phase2/results/predictions/full/mixed/tcn/seed_17/bandpass_n20005_cV4_electrode_s10.npz,76434,b33aad3ddd252bf235ceb2d250d0affcac778b32fa0e5a068250b898add82fcf
tcn,mixed,17,bandpass_n20005_cV4_electrode_s5,phase2/results/predictions/full/mixed/tcn/seed_17/bandpass_n20005_cV4_electrode_s5.npz,76398,38162f588ef6d52f5b08324d1eae37bf596ee25fd373141c76488ed8a3f6b999
tcn,mixed,17,bandpass_n20005_cV4_electrode_s0,phase2/results/predictions/full/mixed/tcn/seed_17/bandpass_n20005_cV4_electrode_s0.npz,76308,df611df27bb27be13aa2d9b81828ba9df34b8e821d6c1afcdb3582bff8347fbb
tcn,mixed,17,bandpass_n20005_cV4_covariance_s20,phase2/results/predictions/full/mixed/tcn/seed_17/bandpass_n20005_cV4_covariance_s20.npz,76439,6a5d0800aa2e43e9e6ff95e158a7bec5487a5293475c83ca632f192ccb7abb2e
tcn,mixed,17,bandpass_n20005_cV4_covariance_s15,phase2/results/predictions/full/mixed/tcn/seed_17/bandpass_n20005_cV4_covariance_s15.npz,76412,e86c548e5ae2aac0c5c6c0e421f0d37941bfbbc936c8c9ffaa8045e5247f0c1e
tcn,mixed,17,bandpass_n20005_cV4_covariance_s10,phase2/results/predictions/full/mixed/tcn/seed_17/bandpass_n20005_cV4_covariance_s10.npz,76410,28ec451fbca8106dbc8af691d0910a94163430c22a32e8bd1376c052ce2ea993
tcn,mixed,17,bandpass_n20005_cV4_covariance_s5,phase2/results/predictions/full/mixed/tcn/seed_17/bandpass_n20005_cV4_covariance_s5.npz,76393,2d80d503cc69a442039fc48422efe640681055354e14da24aebf9cdce3fee420
tcn,mixed,17,bandpass_n20005_cV4_covariance_s0,phase2/results/predictions/full/mixed/tcn/seed_17/bandpass_n20005_cV4_covariance_s0.npz,76306,4089c96c5e226399857421cc81f46f0f4cf8719ef2647fe84f523f3fa300c0d6
tcn,mixed,17,bandpass_n20005_cV5_independent_rms_s20,phase2/results/predictions/full/mixed/tcn/seed_17/bandpass_n20005_cV5_independent_rms_s20.npz,76454,5b79819c630ce792cc29f7293b7bc1b593ba0ab06cf34c66b18d46d0f2ad1bc6
tcn,mixed,17,bandpass_n20005_cV5_independent_rms_s15,phase2/results/predictions/full/mixed/tcn/seed_17/bandpass_n20005_cV5_independent_rms_s15.npz,76422,ba507b3fb4abd1041f920484cec3d4fae1013ccc05f6005abf24ac109525dd80
tcn,mixed,17,bandpass_n20005_cV5_independent_rms_s10,phase2/results/predictions/full/mixed/tcn/seed_17/bandpass_n20005_cV5_independent_rms_s10.npz,76405,237ba41c312ebd71103ff3252b328fe4f73760a40b0c083bde28206b17276129
tcn,mixed,17,bandpass_n20005_cV5_independent_rms_s5,phase2/results/predictions/full/mixed/tcn/seed_17/bandpass_n20005_cV5_independent_rms_s5.npz,76326,a3be4a8727b3b415e556dc84c4a8c2ec2a574394613df777fc60042ba54e4765
tcn,mixed,17,bandpass_n20005_cV5_independent_rms_s0,phase2/results/predictions/full/mixed/tcn/seed_17/bandpass_n20005_cV5_independent_rms_s0.npz,76113,e43e094724620bcbd93a1abe8e79904a74372074b6b09ec44ae612c8c7f3191e
tcn,mixed,17,bandpass_n20005_cV5_electrode_s20,phase2/results/predictions/full/mixed/tcn/seed_17/bandpass_n20005_cV5_electrode_s20.npz,76428,cc32412948a5e0c3e98ec53b6966d60d88e49062579c05060e8f9892dc967676
tcn,mixed,17,bandpass_n20005_cV5_electrode_s15,phase2/results/predictions/full/mixed/tcn/seed_17/bandpass_n20005_cV5_electrode_s15.npz,76406,560984b52f0ffb52c16b219f8212c8a4e3bdc64ad638972b23bfeb8e8f57122e
tcn,mixed,17,bandpass_n20005_cV5_electrode_s10,phase2/results/predictions/full/mixed/tcn/seed_17/bandpass_n20005_cV5_electrode_s10.npz,76408,8940274fdd20580034fe08061648d1e1ab77293e0e5fe6cab0a1ff27c9f18673
tcn,mixed,17,bandpass_n20005_cV5_electrode_s5,phase2/results/predictions/full/mixed/tcn/seed_17/bandpass_n20005_cV5_electrode_s5.npz,76322,e909363f301090a2cc8cbaa5bf6d3202f07363dbc0524861b037383208ff8d6f
tcn,mixed,17,bandpass_n20005_cV5_electrode_s0,phase2/results/predictions/full/mixed/tcn/seed_17/bandpass_n20005_cV5_electrode_s0.npz,76086,4b00b3591f9cfc47e432b7a3e2a1bae53ef7fc856ac345fae4bf8c6bb3ce60c9
tcn,mixed,17,bandpass_n20005_cV5_covariance_s20,phase2/results/predictions/full/mixed/tcn/seed_17/bandpass_n20005_cV5_covariance_s20.npz,76423,c3871af84ed64242dc596317c5b6b5d47990e6df981385966098888ff595632c
tcn,mixed,17,bandpass_n20005_cV5_covariance_s15,phase2/results/predictions/full/mixed/tcn/seed_17/bandpass_n20005_cV5_covariance_s15.npz,76404,1a92f123c0635742e926aaa61402370a0ee228b5b949da0910f70fc23bf34fff
tcn,mixed,17,bandpass_n20005_cV5_covariance_s10,phase2/results/predictions/full/mixed/tcn/seed_17/bandpass_n20005_cV5_covariance_s10.npz,76406,11568efd96e2acee61f1c0efdec57a537279c8c614cc73f4bd16317e7de6a4e1
tcn,mixed,17,bandpass_n20005_cV5_covariance_s5,phase2/results/predictions/full/mixed/tcn/seed_17/bandpass_n20005_cV5_covariance_s5.npz,76295,8b9d6b22c55b4101da2f3ed873d8908fda9a938cc9d6bb6484f3d91aeb713e2b
tcn,mixed,17,bandpass_n20005_cV5_covariance_s0,phase2/results/predictions/full/mixed/tcn/seed_17/bandpass_n20005_cV5_covariance_s0.npz,76102,0f78283a041bb6642354118bfe9d17384e3a34d8f51240bb57e6f21d17e20354
tcn,mixed,17,bandpass_n20005_cV6_independent_rms_s20,phase2/results/predictions/full/mixed/tcn/seed_17/bandpass_n20005_cV6_independent_rms_s20.npz,76433,423b57eae98cf37b230b1ae4d36441a9f2b9bc92845dd3d6ea5a12564b8d7ea1
tcn,mixed,17,bandpass_n20005_cV6_independent_rms_s15,phase2/results/predictions/full/mixed/tcn/seed_17/bandpass_n20005_cV6_independent_rms_s15.npz,76445,6859abaac114deef0f496644004f03548f9719e21b73cb3b61bb8245b74e7da6
tcn,mixed,17,bandpass_n20005_cV6_independent_rms_s10,phase2/results/predictions/full/mixed/tcn/seed_17/bandpass_n20005_cV6_independent_rms_s10.npz,76371,5d809d42a01af3a5db5eecc751fa065a9f3d00a5dba3743ee0e75f03b06ee68b
tcn,mixed,17,bandpass_n20005_cV6_independent_rms_s5,phase2/results/predictions/full/mixed/tcn/seed_17/bandpass_n20005_cV6_independent_rms_s5.npz,76317,42c389264361c882443d9dc79dc7085ad9d2b6a244c643b7f56d28b4faf6a871
tcn,mixed,17,bandpass_n20005_cV6_independent_rms_s0,phase2/results/predictions/full/mixed/tcn/seed_17/bandpass_n20005_cV6_independent_rms_s0.npz,76029,7fe038f6540922c74ba22bbe95aaf2449544be9aaf7407da07f4f9487d556c90
tcn,mixed,17,bandpass_n20005_cV6_electrode_s20,phase2/results/predictions/full/mixed/tcn/seed_17/bandpass_n20005_cV6_electrode_s20.npz,76435,7d0ef1c6a81f5d9afd7ee742c9c1b447e6f23ccbf6b6a5ef30ed2911842c10eb
tcn,mixed,17,bandpass_n20005_cV6_electrode_s15,phase2/results/predictions/full/mixed/tcn/seed_17/bandpass_n20005_cV6_electrode_s15.npz,76446,2d9afc76055c2d4aa66528402c1edf42e818572b882c9466dde3b844ac3bac7d
tcn,mixed,17,bandpass_n20005_cV6_electrode_s10,phase2/results/predictions/full/mixed/tcn/seed_17/bandpass_n20005_cV6_electrode_s10.npz,76406,bd4100522512bf547859a9c8cd4c1a21081859ed56f52dec6a2fef89cc9250e8
tcn,mixed,17,bandpass_n20005_cV6_electrode_s5,phase2/results/predictions/full/mixed/tcn/seed_17/bandpass_n20005_cV6_electrode_s5.npz,76321,e2f596c31223a17f9bfb1c8ea3b6cf9e9615c111233ec91b7f24d29a3d50b312
tcn,mixed,17,bandpass_n20005_cV6_electrode_s0,phase2/results/predictions/full/mixed/tcn/seed_17/bandpass_n20005_cV6_electrode_s0.npz,76014,9ce0d449df282c3898c247609d34356cac2048f81949c161db91ad9d6fddbedc
tcn,mixed,17,bandpass_n20005_cV6_covariance_s20,phase2/results/predictions/full/mixed/tcn/seed_17/bandpass_n20005_cV6_covariance_s20.npz,76399,a580e13571a248dd19d0a02e43d4b93dad939a6ec7583dc38322da4372e906ba
tcn,mixed,17,bandpass_n20005_cV6_covariance_s15,phase2/results/predictions/full/mixed/tcn/seed_17/bandpass_n20005_cV6_covariance_s15.npz,76419,d23889a755c0c6396a3d999594ef48ee0dda96e398447b2845f4adf05cd15aa7
tcn,mixed,17,bandpass_n20005_cV6_covariance_s10,phase2/results/predictions/full/mixed/tcn/seed_17/bandpass_n20005_cV6_covariance_s10.npz,76389,81f2d4f25a6cc79111e7adf784876ac2be1c3541b965cfdb2ff9caf0dc6696b7
tcn,mixed,17,bandpass_n20005_cV6_covariance_s5,phase2/results/predictions/full/mixed/tcn/seed_17/bandpass_n20005_cV6_covariance_s5.npz,76312,0c17bdd436003c4053572758c00be447bce517ce179c0253b4146102245cf2a3
tcn,mixed,17,bandpass_n20005_cV6_covariance_s0,phase2/results/predictions/full/mixed/tcn/seed_17/bandpass_n20005_cV6_covariance_s0.npz,76001,8f460a1480e5081910ba3a0a70ad9462867834907370a755b6823cd01eb5b84c
tcn,mixed,17,bandpass_n20005_cRA_LA_independent_rms_s20,phase2/results/predictions/full/mixed/tcn/seed_17/bandpass_n20005_cRA_LA_independent_rms_s20.npz,76440,d4a43ae7ab0dc4546113a25b120d0545d4cd0b001a89bcf0e43ea2f874ddd6d5
tcn,mixed,17,bandpass_n20005_cRA_LA_independent_rms_s15,phase2/results/predictions/full/mixed/tcn/seed_17/bandpass_n20005_cRA_LA_independent_rms_s15.npz,76449,46845d41ac26a234e28d38c72fbff221991b5ac3ba404ac329d730b9e6024a4d
tcn,mixed,17,bandpass_n20005_cRA_LA_independent_rms_s10,phase2/results/predictions/full/mixed/tcn/seed_17/bandpass_n20005_cRA_LA_independent_rms_s10.npz,76408,d72510e62a1bb22ebaa7b7b3a86700c69935875c2d60f0be97eba8e1bd325d6b
tcn,mixed,17,bandpass_n20005_cRA_LA_independent_rms_s5,phase2/results/predictions/full/mixed/tcn/seed_17/bandpass_n20005_cRA_LA_independent_rms_s5.npz,76290,2e03eee1b8fbb606321c8e03b299aa8d3e5969f2982ebeb656bb17ea73710286
tcn,mixed,17,bandpass_n20005_cRA_LA_independent_rms_s0,phase2/results/predictions/full/mixed/tcn/seed_17/bandpass_n20005_cRA_LA_independent_rms_s0.npz,75978,77fbeb033520f32785e8a5310972c7169f0c3727af3ed05e84e6bc93554c6efc
tcn,mixed,17,bandpass_n20005_cRA_LA_electrode_s20,phase2/results/predictions/full/mixed/tcn/seed_17/bandpass_n20005_cRA_LA_electrode_s20.npz,76440,b3e14b89951bb02d6f297eabbf2aa9d0aaf635f35172d555648d141ba69986d6
tcn,mixed,17,bandpass_n20005_cRA_LA_electrode_s15,phase2/results/predictions/full/mixed/tcn/seed_17/bandpass_n20005_cRA_LA_electrode_s15.npz,76413,a419d69fd42b89336e35dbd43b1b1f6325ed2996b2b8d8105280aa8e97c60178
tcn,mixed,17,bandpass_n20005_cRA_LA_electrode_s10,phase2/results/predictions/full/mixed/tcn/seed_17/bandpass_n20005_cRA_LA_electrode_s10.npz,76323,2b2836ec65126a633c1d2250b455eb780960d572ab2c6f310a6fd24bb4536d8f
tcn,mixed,17,bandpass_n20005_cRA_LA_electrode_s5,phase2/results/predictions/full/mixed/tcn/seed_17/bandpass_n20005_cRA_LA_electrode_s5.npz,76137,db625aa6483595b7a5edacc9ce1a0191a9fb62295b61a7d7bb47f30467051694
tcn,mixed,17,bandpass_n20005_cRA_LA_electrode_s0,phase2/results/predictions/full/mixed/tcn/seed_17/bandpass_n20005_cRA_LA_electrode_s0.npz,75716,bc841bb0a0fc6da91b4cf3892d405a3b246c804f5d883d2a6d29c97ff49b344b
tcn,mixed,17,bandpass_n20005_cRA_LA_covariance_s20,phase2/results/predictions/full/mixed/tcn/seed_17/bandpass_n20005_cRA_LA_covariance_s20.npz,76447,afcd6ef4105717fdddb18eba3048384b006e0708ddfa988054b7b57fe4609610
tcn,mixed,17,bandpass_n20005_cRA_LA_covariance_s15,phase2/results/predictions/full/mixed/tcn/seed_17/bandpass_n20005_cRA_LA_covariance_s15.npz,76372,4c240f541e467978bfad7cab6a78ca21f16aa3d349a0ad4fdea0a97372f561f8
tcn,mixed,17,bandpass_n20005_cRA_LA_covariance_s10,phase2/results/predictions/full/mixed/tcn/seed_17/bandpass_n20005_cRA_LA_covariance_s10.npz,76344,bd0d6b2b53a15ec3eec18c171b54273850ab800eeab29d9e9e004fbf8415ad60
tcn,mixed,17,bandpass_n20005_cRA_LA_covariance_s5,phase2/results/predictions/full/mixed/tcn/seed_17/bandpass_n20005_cRA_LA_covariance_s5.npz,76173,08704c32e1c424cf54b6ec3e15f0be4c560dfc1ef4a6da291b0fc389b69f02d4
tcn,mixed,17,bandpass_n20005_cRA_LA_covariance_s0,phase2/results/predictions/full/mixed/tcn/seed_17/bandpass_n20005_cRA_LA_covariance_s0.npz,75686,a551ad810fd5e0fb92bb2505919ed657d8302189e919dacdaae91d2bc16cd670
tcn,mixed,17,bandpass_n20005_cLA_LL_independent_rms_s20,phase2/results/predictions/full/mixed/tcn/seed_17/bandpass_n20005_cLA_LL_independent_rms_s20.npz,76460,2d62a8a4b24312deabcff499ed059b25849c31c524169b942501e8f0879c83a8
tcn,mixed,17,bandpass_n20005_cLA_LL_independent_rms_s15,phase2/results/predictions/full/mixed/tcn/seed_17/bandpass_n20005_cLA_LL_independent_rms_s15.npz,76469,cf565f5c0e6395aba040261877ffd616b38c0413df9728a62928aeee1f216e23
tcn,mixed,17,bandpass_n20005_cLA_LL_independent_rms_s10,phase2/results/predictions/full/mixed/tcn/seed_17/bandpass_n20005_cLA_LL_independent_rms_s10.npz,76406,aca77809527fe7319ac288b11fedc28b8757030ec2f365bf544400f3ec1b2450
tcn,mixed,17,bandpass_n20005_cLA_LL_independent_rms_s5,phase2/results/predictions/full/mixed/tcn/seed_17/bandpass_n20005_cLA_LL_independent_rms_s5.npz,76254,e29a1d75434c7eb908c30396cae22d817a2891060ed4c79d93db4be565859046
tcn,mixed,17,bandpass_n20005_cLA_LL_independent_rms_s0,phase2/results/predictions/full/mixed/tcn/seed_17/bandpass_n20005_cLA_LL_independent_rms_s0.npz,75983,53a34a5fd8586bcc74927ce5b4f0721c43ebe4db230eb4c0ee82252fe86ddd19
tcn,mixed,17,bandpass_n20005_cLA_LL_electrode_s20,phase2/results/predictions/full/mixed/tcn/seed_17/bandpass_n20005_cLA_LL_electrode_s20.npz,76456,4f3af879fe8659222f80e367e40d2d856566c0490a889148b63a7af728e17fb6
tcn,mixed,17,bandpass_n20005_cLA_LL_electrode_s15,phase2/results/predictions/full/mixed/tcn/seed_17/bandpass_n20005_cLA_LL_electrode_s15.npz,76402,9f168474803c3e2486d3effbe94f19f165b666d5339fb9eb6c407a96498cd145
tcn,mixed,17,bandpass_n20005_cLA_LL_electrode_s10,phase2/results/predictions/full/mixed/tcn/seed_17/bandpass_n20005_cLA_LL_electrode_s10.npz,76356,3e28f19aebc05cc659bb727472967860b13283ace3c66b5ef0031910226f28ca
tcn,mixed,17,bandpass_n20005_cLA_LL_electrode_s5,phase2/results/predictions/full/mixed/tcn/seed_17/bandpass_n20005_cLA_LL_electrode_s5.npz,76203,0b7c8a07b6f089019670ef1e9bf7d7f05a500f8f78adabbcbfb80a3190b2e667
tcn,mixed,17,bandpass_n20005_cLA_LL_electrode_s0,phase2/results/predictions/full/mixed/tcn/seed_17/bandpass_n20005_cLA_LL_electrode_s0.npz,75823,c63c730d81f68f65b9a44ccd088ff94f5b77e37a8e66f711298ae564e5099134
tcn,mixed,17,bandpass_n20005_cLA_LL_covariance_s20,phase2/results/predictions/full/mixed/tcn/seed_17/bandpass_n20005_cLA_LL_covariance_s20.npz,76439,69d2fbfb5634d96c9486ef5d622d399b8f856bc59f36cd03af0622336924f690
tcn,mixed,17,bandpass_n20005_cLA_LL_covariance_s15,phase2/results/predictions/full/mixed/tcn/seed_17/bandpass_n20005_cLA_LL_covariance_s15.npz,76421,144f6c266bd800a68cc462a6805f92a8e2946fddfc16e9c6921c654874a93a4d
tcn,mixed,17,bandpass_n20005_cLA_LL_covariance_s10,phase2/results/predictions/full/mixed/tcn/seed_17/bandpass_n20005_cLA_LL_covariance_s10.npz,76363,93d7d1f6b4a3dad21dbc96b4b06010e2f8cc9c2f6a6287c9806467b826243910
tcn,mixed,17,bandpass_n20005_cLA_LL_covariance_s5,phase2/results/predictions/full/mixed/tcn/seed_17/bandpass_n20005_cLA_LL_covariance_s5.npz,76214,3c942c475cf5c992b5e5f50cdde49bb293411e3d30a868c68aadebeeca24822a
tcn,mixed,17,bandpass_n20005_cLA_LL_covariance_s0,phase2/results/predictions/full/mixed/tcn/seed_17/bandpass_n20005_cLA_LL_covariance_s0.npz,75839,90368ccd67366f8c70516cdc1c2b408a86b9683d4ce94d769acb15037ba6458f
tcn,mixed,17,bandpass_n20005_cRA_LL_independent_rms_s20,phase2/results/predictions/full/mixed/tcn/seed_17/bandpass_n20005_cRA_LL_independent_rms_s20.npz,76473,e9bbc6aa67e90ddfe9f7f48f453b01103d9ca902c77e81a611fe8f29d9b719f1
tcn,mixed,17,bandpass_n20005_cRA_LL_independent_rms_s15,phase2/results/predictions/full/mixed/tcn/seed_17/bandpass_n20005_cRA_LL_independent_rms_s15.npz,76453,c764dee45f29073a0067552fefaa3435f5167d3e85311784a53701cb0cf59b0d
tcn,mixed,17,bandpass_n20005_cRA_LL_independent_rms_s10,phase2/results/predictions/full/mixed/tcn/seed_17/bandpass_n20005_cRA_LL_independent_rms_s10.npz,76380,a775416ab10ef355d94dc4eb829ac7b581317f7e889d49dc4619f7a2cd234085
tcn,mixed,17,bandpass_n20005_cRA_LL_independent_rms_s5,phase2/results/predictions/full/mixed/tcn/seed_17/bandpass_n20005_cRA_LL_independent_rms_s5.npz,76245,c99a94bb12178d4c9017c926c914d27ef21ff2189109d013ea0f9b6cfa26f1e7
tcn,mixed,17,bandpass_n20005_cRA_LL_independent_rms_s0,phase2/results/predictions/full/mixed/tcn/seed_17/bandpass_n20005_cRA_LL_independent_rms_s0.npz,75908,05d1fd3d16b4908e6198937288e1602131224c771ce95470f216be8bf9e3ea00
tcn,mixed,17,bandpass_n20005_cRA_LL_electrode_s20,phase2/results/predictions/full/mixed/tcn/seed_17/bandpass_n20005_cRA_LL_electrode_s20.npz,76460,e1a2aac8fd1712819e0dbf787611952aaaa2774632290fc5d48bfc0cf0286816
tcn,mixed,17,bandpass_n20005_cRA_LL_electrode_s15,phase2/results/predictions/full/mixed/tcn/seed_17/bandpass_n20005_cRA_LL_electrode_s15.npz,76414,4ff11938d630fa7eb8b942d63c83191b8250c088e1c938aac1d3b420a4194e20
tcn,mixed,17,bandpass_n20005_cRA_LL_electrode_s10,phase2/results/predictions/full/mixed/tcn/seed_17/bandpass_n20005_cRA_LL_electrode_s10.npz,76338,194ddbdaa0af7fa95044cfb49e218762ac92560e3f506dcf95ff94dd5c38a102
tcn,mixed,17,bandpass_n20005_cRA_LL_electrode_s5,phase2/results/predictions/full/mixed/tcn/seed_17/bandpass_n20005_cRA_LL_electrode_s5.npz,76161,0dfc124abbdc5186f3cc6a7ccc32e4d482734ace8258a44615c84c179364bae0
tcn,mixed,17,bandpass_n20005_cRA_LL_electrode_s0,phase2/results/predictions/full/mixed/tcn/seed_17/bandpass_n20005_cRA_LL_electrode_s0.npz,75742,dfc22f8db30bf8a17441ad2b3bf5e3c4787df5689a9de296fdc9abd023cff1b8
tcn,mixed,17,bandpass_n20005_cRA_LL_covariance_s20,phase2/results/predictions/full/mixed/tcn/seed_17/bandpass_n20005_cRA_LL_covariance_s20.npz,76427,fed4cc5f51d66da91376813008fe4d48d027a957ef02df35d594cd67eae856f6
tcn,mixed,17,bandpass_n20005_cRA_LL_covariance_s15,phase2/results/predictions/full/mixed/tcn/seed_17/bandpass_n20005_cRA_LL_covariance_s15.npz,76409,86c6613a80d97978dd58915863b9b8e8d82c015d38dfa16c7f8950f4a0606cd5
tcn,mixed,17,bandpass_n20005_cRA_LL_covariance_s10,phase2/results/predictions/full/mixed/tcn/seed_17/bandpass_n20005_cRA_LL_covariance_s10.npz,76344,455201f58aa0afaa4c8e6edf3c654ba8b358967b4021761130c6940c69f0a2c8
tcn,mixed,17,bandpass_n20005_cRA_LL_covariance_s5,phase2/results/predictions/full/mixed/tcn/seed_17/bandpass_n20005_cRA_LL_covariance_s5.npz,76153,90de8eddfe614d1701a8cef8fe7bafec43edef0d0e09fdb1a3c6c748e150ca01
tcn,mixed,17,bandpass_n20005_cRA_LL_covariance_s0,phase2/results/predictions/full/mixed/tcn/seed_17/bandpass_n20005_cRA_LL_covariance_s0.npz,75725,c67474008f483db7c2d100ef65218637b35c18e588665235a49b2c6e827236b7
tcn,mixed,17,bandpass_n20005_cRA_independent_rms_s20,phase2/results/predictions/full/mixed/tcn/seed_17/bandpass_n20005_cRA_independent_rms_s20.npz,76449,178e6e3c2e0da9f9a3a90224506ac71afcb4b964d06fe330d4dcd81559bea4fd
tcn,mixed,17,bandpass_n20005_cRA_independent_rms_s15,phase2/results/predictions/full/mixed/tcn/seed_17/bandpass_n20005_cRA_independent_rms_s15.npz,76463,95d587f948fa6fcbc3388925f038ecf8dda16256ef69f03d6edabb711ff53c6f
tcn,mixed,17,bandpass_n20005_cRA_independent_rms_s10,phase2/results/predictions/full/mixed/tcn/seed_17/bandpass_n20005_cRA_independent_rms_s10.npz,76372,123b23c22234afdee3bd23cc2d952da254db066c0c3d6d6b78b202d40d676959
tcn,mixed,17,bandpass_n20005_cRA_independent_rms_s5,phase2/results/predictions/full/mixed/tcn/seed_17/bandpass_n20005_cRA_independent_rms_s5.npz,76273,09f4c5b388d59b1548978c3ecd9b665cf59031b61d93f07919a439d1f0e925b3
tcn,mixed,17,bandpass_n20005_cRA_independent_rms_s0,phase2/results/predictions/full/mixed/tcn/seed_17/bandpass_n20005_cRA_independent_rms_s0.npz,75917,1d4c991c4c3fe564f2eba134f245422bba2ca7c95d9665a12165e039cda78867
tcn,mixed,17,bandpass_n20005_cRA_electrode_s20,phase2/results/predictions/full/mixed/tcn/seed_17/bandpass_n20005_cRA_electrode_s20.npz,76452,fa6d7119948b4068835fb474676569084615b97269eaab6d756a0512107a29ae
tcn,mixed,17,bandpass_n20005_cRA_electrode_s15,phase2/results/predictions/full/mixed/tcn/seed_17/bandpass_n20005_cRA_electrode_s15.npz,76407,9afa2ae5ddd4ce860b6b8350e28121215f5c83a4774dbf0624251448911908d2
tcn,mixed,17,bandpass_n20005_cRA_electrode_s10,phase2/results/predictions/full/mixed/tcn/seed_17/bandpass_n20005_cRA_electrode_s10.npz,76324,d4396251dba891d0844450ac5e115a9bede8a97723bcf2b279073123cc64f6f2
tcn,mixed,17,bandpass_n20005_cRA_electrode_s5,phase2/results/predictions/full/mixed/tcn/seed_17/bandpass_n20005_cRA_electrode_s5.npz,76170,a73e2df4588fad6211d6f6d27df0f7bbd50b72a0a2ae1c8f4a54dd66ec4b2bfc
tcn,mixed,17,bandpass_n20005_cRA_electrode_s0,phase2/results/predictions/full/mixed/tcn/seed_17/bandpass_n20005_cRA_electrode_s0.npz,75791,c22a0fa3fcd0a6cb950e0eb2f1e1437ada3b8eed407adf7deeded355a1808b9f
tcn,mixed,17,bandpass_n20005_cRA_covariance_s20,phase2/results/predictions/full/mixed/tcn/seed_17/bandpass_n20005_cRA_covariance_s20.npz,76423,aee9cc6491c959833801fa474fb14e1a1c04d65f17bebb4a9948a1e5a69fefc9
tcn,mixed,17,bandpass_n20005_cRA_covariance_s15,phase2/results/predictions/full/mixed/tcn/seed_17/bandpass_n20005_cRA_covariance_s15.npz,76410,af3ea07dacf93d70232f5ffe17bf94dbda3feab27386f52a61c292d9297bc98b
tcn,mixed,17,bandpass_n20005_cRA_covariance_s10,phase2/results/predictions/full/mixed/tcn/seed_17/bandpass_n20005_cRA_covariance_s10.npz,76337,305088e2a9d1bbf16ce73acd796a1ce4d94db4abb41c32a91ae73d7d15083caf
tcn,mixed,17,bandpass_n20005_cRA_covariance_s5,phase2/results/predictions/full/mixed/tcn/seed_17/bandpass_n20005_cRA_covariance_s5.npz,76160,00d4cb9447ef25a2f1dd6881406054511bdec4bd56f62ff502af7bb74dda5f79
tcn,mixed,17,bandpass_n20005_cRA_covariance_s0,phase2/results/predictions/full/mixed/tcn/seed_17/bandpass_n20005_cRA_covariance_s0.npz,75806,385cf0dd2d0feab2a73c9578c4c98a2ef0da7406a4692415de5fb2df6d5b2e6d
tcn,mixed,17,bandpass_n20005_cLA_independent_rms_s20,phase2/results/predictions/full/mixed/tcn/seed_17/bandpass_n20005_cLA_independent_rms_s20.npz,76430,bcec4dc7b77d45e23f14a79de4d16fcb4425b05e56724840823ca681e259fad8
tcn,mixed,17,bandpass_n20005_cLA_independent_rms_s15,phase2/results/predictions/full/mixed/tcn/seed_17/bandpass_n20005_cLA_independent_rms_s15.npz,76438,5ec4dd6d960dfbfc991dfe34ad24945c563b3177555efe3a7ed09a6c7092fa86
tcn,mixed,17,bandpass_n20005_cLA_independent_rms_s10,phase2/results/predictions/full/mixed/tcn/seed_17/bandpass_n20005_cLA_independent_rms_s10.npz,76424,0aa7e60efe47880c4c4364ea6d9da5f7a4071410afa51aa1697b8c41ddfda82a
tcn,mixed,17,bandpass_n20005_cLA_independent_rms_s5,phase2/results/predictions/full/mixed/tcn/seed_17/bandpass_n20005_cLA_independent_rms_s5.npz,76297,12a02bd916e1ec6a1b32fabd05bbb18125a6fcc141cff695cdd78357050eb384
tcn,mixed,17,bandpass_n20005_cLA_independent_rms_s0,phase2/results/predictions/full/mixed/tcn/seed_17/bandpass_n20005_cLA_independent_rms_s0.npz,76072,1d333266831efc72dbaa6d7ca58a035ef26c60b5ba46c355a718746f305c949a
tcn,mixed,17,bandpass_n20005_cLA_electrode_s20,phase2/results/predictions/full/mixed/tcn/seed_17/bandpass_n20005_cLA_electrode_s20.npz,76422,952c443a0da022f007b97ed964721fb7155386eaf5bec0d9e34323c1679d89f1
tcn,mixed,17,bandpass_n20005_cLA_electrode_s15,phase2/results/predictions/full/mixed/tcn/seed_17/bandpass_n20005_cLA_electrode_s15.npz,76405,93df4528b9e6c119aefdbe1dcf3454471bffa5b5916f24b4a49b2ca31bf2872b
tcn,mixed,17,bandpass_n20005_cLA_electrode_s10,phase2/results/predictions/full/mixed/tcn/seed_17/bandpass_n20005_cLA_electrode_s10.npz,76341,d756f3b54e4c6c926d13eb7614e641ad6db7fd0ba2c7700b11cb73432ffc9e4b
tcn,mixed,17,bandpass_n20005_cLA_electrode_s5,phase2/results/predictions/full/mixed/tcn/seed_17/bandpass_n20005_cLA_electrode_s5.npz,76196,08242f259fa3d93bcf561937aaedf02a4df947c73bad5d01305f9ad8e7a17468
tcn,mixed,17,bandpass_n20005_cLA_electrode_s0,phase2/results/predictions/full/mixed/tcn/seed_17/bandpass_n20005_cLA_electrode_s0.npz,75796,2dd0eb9a26c584fd511e868d027500f1ba0af13d98b68e10f6a9ec66e220a363
tcn,mixed,17,bandpass_n20005_cLA_covariance_s20,phase2/results/predictions/full/mixed/tcn/seed_17/bandpass_n20005_cLA_covariance_s20.npz,76434,a41e2bb3316360017c85c9ed257ad232817fb21f4be66dd785e5cfacbc1e96c3
tcn,mixed,17,bandpass_n20005_cLA_covariance_s15,phase2/results/predictions/full/mixed/tcn/seed_17/bandpass_n20005_cLA_covariance_s15.npz,76430,bf43acb1b0666f38ea997a6546f2ec91896fd81d9b4b7979843ccef7685256e7
tcn,mixed,17,bandpass_n20005_cLA_covariance_s10,phase2/results/predictions/full/mixed/tcn/seed_17/bandpass_n20005_cLA_covariance_s10.npz,76353,45ac44771aadd8d4fbf4da471120f6be34070593d2b39c4ecf1bef1eaf18eb5d
tcn,mixed,17,bandpass_n20005_cLA_covariance_s5,phase2/results/predictions/full/mixed/tcn/seed_17/bandpass_n20005_cLA_covariance_s5.npz,76219,f9142f8a2d92a8f68cd2e9fee7d6884631e7ad8f046f982f3c54322fa0562238
tcn,mixed,17,bandpass_n20005_cLA_covariance_s0,phase2/results/predictions/full/mixed/tcn/seed_17/bandpass_n20005_cLA_covariance_s0.npz,75812,10778961a0bd158c8c6d8eaa475d0cd8ce1ccb251ae40d46e6e66044b48ae970
tcn,mixed,17,bandpass_n20005_cLL_independent_rms_s20,phase2/results/predictions/full/mixed/tcn/seed_17/bandpass_n20005_cLL_independent_rms_s20.npz,76454,395acf73111856e96b1be1fb0dd20ea527f7cf4305cbb1d96c2b2fe4190dc5e9
tcn,mixed,17,bandpass_n20005_cLL_independent_rms_s15,phase2/results/predictions/full/mixed/tcn/seed_17/bandpass_n20005_cLL_independent_rms_s15.npz,76438,345ff5a62d2aac05469ccd25cf332218dc9dbc4fabb6c58666b938226807c6c0
tcn,mixed,17,bandpass_n20005_cLL_independent_rms_s10,phase2/results/predictions/full/mixed/tcn/seed_17/bandpass_n20005_cLL_independent_rms_s10.npz,76401,069f8ab64a3605e4030dab2e6ed19566b40e17c81c0902adf10212ce09b91f5f
tcn,mixed,17,bandpass_n20005_cLL_independent_rms_s5,phase2/results/predictions/full/mixed/tcn/seed_17/bandpass_n20005_cLL_independent_rms_s5.npz,76250,27a7ee89147179ba2b25c6e82242c35939f3a665f435e772cf5d00da8eeb0455
tcn,mixed,17,bandpass_n20005_cLL_independent_rms_s0,phase2/results/predictions/full/mixed/tcn/seed_17/bandpass_n20005_cLL_independent_rms_s0.npz,75913,7dce284d0e59bda53712d032f8170077f1f5678ff27887807a11039899de9532
tcn,mixed,17,bandpass_n20005_cLL_electrode_s20,phase2/results/predictions/full/mixed/tcn/seed_17/bandpass_n20005_cLL_electrode_s20.npz,76406,0fd972e216031148763a59237b5a06809237cb6ddbfb2df659eda56c6a277554
tcn,mixed,17,bandpass_n20005_cLL_electrode_s15,phase2/results/predictions/full/mixed/tcn/seed_17/bandpass_n20005_cLL_electrode_s15.npz,76423,78d6938c6b77750cd01dd1bb931f796e52a417d5f0bc52dfa02d0b37a265fae2
tcn,mixed,17,bandpass_n20005_cLL_electrode_s10,phase2/results/predictions/full/mixed/tcn/seed_17/bandpass_n20005_cLL_electrode_s10.npz,76351,81da7cf3a2b296ffa6a770a5aad12fe2b55f534f73f6172f4331996727f6138b
tcn,mixed,17,bandpass_n20005_cLL_electrode_s5,phase2/results/predictions/full/mixed/tcn/seed_17/bandpass_n20005_cLL_electrode_s5.npz,76195,31418cacfc2467ab1138ac0ec6f55f0c43cc76f2aa6ace13c18f581ae8758023
tcn,mixed,17,bandpass_n20005_cLL_electrode_s0,phase2/results/predictions/full/mixed/tcn/seed_17/bandpass_n20005_cLL_electrode_s0.npz,75848,f0a55388700d287327a7a636994009ff8c2eee43f5f00ded945462fb7898b5ad
tcn,mixed,17,bandpass_n20005_cLL_covariance_s20,phase2/results/predictions/full/mixed/tcn/seed_17/bandpass_n20005_cLL_covariance_s20.npz,76436,08dd64cf485268e872ca31c67ba399a12610ddccc4617085b06170326300925c
tcn,mixed,17,bandpass_n20005_cLL_covariance_s15,phase2/results/predictions/full/mixed/tcn/seed_17/bandpass_n20005_cLL_covariance_s15.npz,76404,4af234b52765b02f5486ea9b4bc1ffe56d75d8be4ffde56ae893a9aa0bf241f5
tcn,mixed,17,bandpass_n20005_cLL_covariance_s10,phase2/results/predictions/full/mixed/tcn/seed_17/bandpass_n20005_cLL_covariance_s10.npz,76416,190b7c08421e671190668f242cc4f0a348e4f78590c7d3cc31d7435b9fe88844
tcn,mixed,17,bandpass_n20005_cLL_covariance_s5,phase2/results/predictions/full/mixed/tcn/seed_17/bandpass_n20005_cLL_covariance_s5.npz,76217,01dbe8e45f92d2ad21d985a918d95b36579fa5a597ecc9a3407b82cd1360daae
tcn,mixed,17,bandpass_n20005_cLL_covariance_s0,phase2/results/predictions/full/mixed/tcn/seed_17/bandpass_n20005_cLL_covariance_s0.npz,75818,5e616ab704e2464b6ca55cf200db33f5d5f4b73f06498dd43d4d78caec150667
tcn,mixed,17,bandpass_n20005_cRA_V1_independent_rms_s20,phase2/results/predictions/full/mixed/tcn/seed_17/bandpass_n20005_cRA_V1_independent_rms_s20.npz,76455,6a82b8a15cd430df9cd5e8acf462b5694b3efff03b8d0b3691bd80d2d93c4e00
tcn,mixed,17,bandpass_n20005_cRA_V1_independent_rms_s15,phase2/results/predictions/full/mixed/tcn/seed_17/bandpass_n20005_cRA_V1_independent_rms_s15.npz,76451,a346d87c1b2ed9c2b8fe8aeebd018cc6042abdcd2da3dc230c2ba0cadc7fabd9
tcn,mixed,17,bandpass_n20005_cRA_V1_independent_rms_s10,phase2/results/predictions/full/mixed/tcn/seed_17/bandpass_n20005_cRA_V1_independent_rms_s10.npz,76434,8fe7605589c02b9079d8ac0b287795d77ef34c4aa69bf3ae142d9a12c4030ec9
tcn,mixed,17,bandpass_n20005_cRA_V1_independent_rms_s5,phase2/results/predictions/full/mixed/tcn/seed_17/bandpass_n20005_cRA_V1_independent_rms_s5.npz,76256,f3a68b0b2d0ba69cb81706bd7691b4f787d2f1376551acf89236ac42439b1a7f
tcn,mixed,17,bandpass_n20005_cRA_V1_independent_rms_s0,phase2/results/predictions/full/mixed/tcn/seed_17/bandpass_n20005_cRA_V1_independent_rms_s0.npz,75948,ff3ad42d6baa240fc99bf502429fc6cae84ae8c79c0f1509a8560c87a1a3d6ed
tcn,mixed,17,bandpass_n20005_cRA_V1_electrode_s20,phase2/results/predictions/full/mixed/tcn/seed_17/bandpass_n20005_cRA_V1_electrode_s20.npz,76421,6fade07319a58698cd4e4279674519d5cd4fa2d5da38314202a59a5837a12695
tcn,mixed,17,bandpass_n20005_cRA_V1_electrode_s15,phase2/results/predictions/full/mixed/tcn/seed_17/bandpass_n20005_cRA_V1_electrode_s15.npz,76418,09d6074abbf5302249b5063c20b2794581eb872e76ee974d4a99115318005c39
tcn,mixed,17,bandpass_n20005_cRA_V1_electrode_s10,phase2/results/predictions/full/mixed/tcn/seed_17/bandpass_n20005_cRA_V1_electrode_s10.npz,76327,97ce125d9978ef450638338bf360328d834198500f608a9951b2e40fc6da64d5
tcn,mixed,17,bandpass_n20005_cRA_V1_electrode_s5,phase2/results/predictions/full/mixed/tcn/seed_17/bandpass_n20005_cRA_V1_electrode_s5.npz,76160,b059f60b435c1964f52df1329de5d01adcbe1d30525b36c4e86a82894344f3e5
tcn,mixed,17,bandpass_n20005_cRA_V1_electrode_s0,phase2/results/predictions/full/mixed/tcn/seed_17/bandpass_n20005_cRA_V1_electrode_s0.npz,75876,1ff9cf4ad270625ff3fe78130c6cb9f0ba36b2d3169b50ba1c326d7d3ba8b4f2
tcn,mixed,17,bandpass_n20005_cRA_V1_covariance_s20,phase2/results/predictions/full/mixed/tcn/seed_17/bandpass_n20005_cRA_V1_covariance_s20.npz,76476,1a50aca13ffb68eea742541c2ca9ecbfbf2308c6e9d6b9cbe510f13e40ca299d
tcn,mixed,17,bandpass_n20005_cRA_V1_covariance_s15,phase2/results/predictions/full/mixed/tcn/seed_17/bandpass_n20005_cRA_V1_covariance_s15.npz,76407,541de31c0adf65a57ed32d4169a1bdf68defef488bb95433a3f3335db78b3ace
tcn,mixed,17,bandpass_n20005_cRA_V1_covariance_s10,phase2/results/predictions/full/mixed/tcn/seed_17/bandpass_n20005_cRA_V1_covariance_s10.npz,76375,5b57fb8fa93c02f91d988b00ad167f58b5ddb28544a327c8be6374ac315aa7d8
tcn,mixed,17,bandpass_n20005_cRA_V1_covariance_s5,phase2/results/predictions/full/mixed/tcn/seed_17/bandpass_n20005_cRA_V1_covariance_s5.npz,76183,f8b5d5eeb9a1753c9419fc594a8e01f0202abc71d929ea94fd662a395824598a
tcn,mixed,17,bandpass_n20005_cRA_V1_covariance_s0,phase2/results/predictions/full/mixed/tcn/seed_17/bandpass_n20005_cRA_V1_covariance_s0.npz,75869,44d7339c617d3246c491342e56a3508bf4a44b2a3eb6a5f9ad12dbdf3a12beba
tcn,mixed,17,bandpass_n20005_cLA_V6_independent_rms_s20,phase2/results/predictions/full/mixed/tcn/seed_17/bandpass_n20005_cLA_V6_independent_rms_s20.npz,76465,eeb8fd2f117df4cf4ef0a0921bf037ee0b5aac0584c3d8961dd3167c57d47041
tcn,mixed,17,bandpass_n20005_cLA_V6_independent_rms_s15,phase2/results/predictions/full/mixed/tcn/seed_17/bandpass_n20005_cLA_V6_independent_rms_s15.npz,76454,3f2bc28618524db670699d6be21d67f01d44335db2c5d810a319b94ab9704ec6
tcn,mixed,17,bandpass_n20005_cLA_V6_independent_rms_s10,phase2/results/predictions/full/mixed/tcn/seed_17/bandpass_n20005_cLA_V6_independent_rms_s10.npz,76396,1c9d67e64dae61228d9c89ec9863350e6f89de5f8f5eaa892beba5de17546ab2
tcn,mixed,17,bandpass_n20005_cLA_V6_independent_rms_s5,phase2/results/predictions/full/mixed/tcn/seed_17/bandpass_n20005_cLA_V6_independent_rms_s5.npz,76329,bd0598671e0b77e9bfee970fb2f6c0b831a7348c95f4fbb81dbb4818ce3f4b9f
tcn,mixed,17,bandpass_n20005_cLA_V6_independent_rms_s0,phase2/results/predictions/full/mixed/tcn/seed_17/bandpass_n20005_cLA_V6_independent_rms_s0.npz,76064,a4e1ff41309a8a7019cb933b4a244a7171543907b1ed5654af5f2d517b3f7d9b
tcn,mixed,17,bandpass_n20005_cLA_V6_electrode_s20,phase2/results/predictions/full/mixed/tcn/seed_17/bandpass_n20005_cLA_V6_electrode_s20.npz,76449,0d7ef08caee7d5d0e0637ae81e198c2620fe99d37976cf628c61f17e7ffbb67b
tcn,mixed,17,bandpass_n20005_cLA_V6_electrode_s15,phase2/results/predictions/full/mixed/tcn/seed_17/bandpass_n20005_cLA_V6_electrode_s15.npz,76425,acf7d37ee359d47b5553e898eb7690b0cd19a77a9ec3410e001077bc5d321da8
tcn,mixed,17,bandpass_n20005_cLA_V6_electrode_s10,phase2/results/predictions/full/mixed/tcn/seed_17/bandpass_n20005_cLA_V6_electrode_s10.npz,76406,e370aacb710e2d56c7f2a91c91597b43e7ba0398ce340c981a099c688b6297d9
tcn,mixed,17,bandpass_n20005_cLA_V6_electrode_s5,phase2/results/predictions/full/mixed/tcn/seed_17/bandpass_n20005_cLA_V6_electrode_s5.npz,76241,ab1f84f991c2f9b68a7a5f2945fdd10c9e2e0e69cca241de695fabfb98e6f35c
tcn,mixed,17,bandpass_n20005_cLA_V6_electrode_s0,phase2/results/predictions/full/mixed/tcn/seed_17/bandpass_n20005_cLA_V6_electrode_s0.npz,75869,dd616edb8864c820cf2324e7b4b1d87e79d2067fc897e91d0b1eaebe87f1b220
tcn,mixed,17,bandpass_n20005_cLA_V6_covariance_s20,phase2/results/predictions/full/mixed/tcn/seed_17/bandpass_n20005_cLA_V6_covariance_s20.npz,76465,874841f51196a3a6e78ec5ab8deb193a49436627ad11dfc70dbb9562e46f6498
tcn,mixed,17,bandpass_n20005_cLA_V6_covariance_s15,phase2/results/predictions/full/mixed/tcn/seed_17/bandpass_n20005_cLA_V6_covariance_s15.npz,76440,4d0f55c6c750c86823685bb8980e18793a8883314e01255fb6c43bc14c96d113
tcn,mixed,17,bandpass_n20005_cLA_V6_covariance_s10,phase2/results/predictions/full/mixed/tcn/seed_17/bandpass_n20005_cLA_V6_covariance_s10.npz,76413,f4defb81cee8c323c4a307ca56327052e3be48dc6e54c0be4f109d2baa7f45ed
tcn,mixed,17,bandpass_n20005_cLA_V6_covariance_s5,phase2/results/predictions/full/mixed/tcn/seed_17/bandpass_n20005_cLA_V6_covariance_s5.npz,76243,376f6200140f9dc13aca8830971a6fc8889a652a2f6641cb1212efbaea3db519
tcn,mixed,17,bandpass_n20005_cLA_V6_covariance_s0,phase2/results/predictions/full/mixed/tcn/seed_17/bandpass_n20005_cLA_V6_covariance_s0.npz,75871,8555fd3700c8e6b16a21a8ad9622338bc6ecccb40ae05f0c79507cb75e3b9c11
tcn,mixed,17,bandpass_n20005_cLL_V4_independent_rms_s20,phase2/results/predictions/full/mixed/tcn/seed_17/bandpass_n20005_cLL_V4_independent_rms_s20.npz,76451,096b1a2474cb25195d4e6776a28388c88ccdc97fac7250fb78290de43d1a43c6
tcn,mixed,17,bandpass_n20005_cLL_V4_independent_rms_s15,phase2/results/predictions/full/mixed/tcn/seed_17/bandpass_n20005_cLL_V4_independent_rms_s15.npz,76441,b9f7e7c7d45e2da6e18edd1d401964305268dda6186c30ad852b493408fda38e
tcn,mixed,17,bandpass_n20005_cLL_V4_independent_rms_s10,phase2/results/predictions/full/mixed/tcn/seed_17/bandpass_n20005_cLL_V4_independent_rms_s10.npz,76428,25df4afd7c33d6f3f20a84a48091142b70d025054444a1d5c760f720e6a7deab
tcn,mixed,17,bandpass_n20005_cLL_V4_independent_rms_s5,phase2/results/predictions/full/mixed/tcn/seed_17/bandpass_n20005_cLL_V4_independent_rms_s5.npz,76281,2cd1d623902043c607146a14fc33c54430ab63be26f648218ce5e87e675d55ef
tcn,mixed,17,bandpass_n20005_cLL_V4_independent_rms_s0,phase2/results/predictions/full/mixed/tcn/seed_17/bandpass_n20005_cLL_V4_independent_rms_s0.npz,75970,883f39e9f1817f41ab9ff7a7935b13a3e010beb0437055ffbaf84714627f9940
tcn,mixed,17,bandpass_n20005_cLL_V4_electrode_s20,phase2/results/predictions/full/mixed/tcn/seed_17/bandpass_n20005_cLL_V4_electrode_s20.npz,76453,f809a36585b6c58365f198a0671396766837f7fa4d6d8d478e83603f115e3aa6
tcn,mixed,17,bandpass_n20005_cLL_V4_electrode_s15,phase2/results/predictions/full/mixed/tcn/seed_17/bandpass_n20005_cLL_V4_electrode_s15.npz,76446,dc41d77222eef081e60fb66a693588aa3157daefa260100c728e24182158f8fe
tcn,mixed,17,bandpass_n20005_cLL_V4_electrode_s10,phase2/results/predictions/full/mixed/tcn/seed_17/bandpass_n20005_cLL_V4_electrode_s10.npz,76391,99c2eb673ba784f4e148534b3934fee98165fd61554679fba5d41ca1a569ed43
tcn,mixed,17,bandpass_n20005_cLL_V4_electrode_s5,phase2/results/predictions/full/mixed/tcn/seed_17/bandpass_n20005_cLL_V4_electrode_s5.npz,76229,be5cebb6c4d5a34744b49e736b1eb951841e4e6759a46216623f090794659d9b
tcn,mixed,17,bandpass_n20005_cLL_V4_electrode_s0,phase2/results/predictions/full/mixed/tcn/seed_17/bandpass_n20005_cLL_V4_electrode_s0.npz,75907,3e7233f747b377cffd7c872bedc3f8aca0627a0fd0217662e80991e761a9dd56
tcn,mixed,17,bandpass_n20005_cLL_V4_covariance_s20,phase2/results/predictions/full/mixed/tcn/seed_17/bandpass_n20005_cLL_V4_covariance_s20.npz,76469,98b9031d0235b80d8288c8a189170dedd904320f83a3757a33cf1c1d9eace71c
tcn,mixed,17,bandpass_n20005_cLL_V4_covariance_s15,phase2/results/predictions/full/mixed/tcn/seed_17/bandpass_n20005_cLL_V4_covariance_s15.npz,76405,f61c57c4e8daf7131313a6192f4fccb656703a0c9fd95a314c0c87643e6059dc
tcn,mixed,17,bandpass_n20005_cLL_V4_covariance_s10,phase2/results/predictions/full/mixed/tcn/seed_17/bandpass_n20005_cLL_V4_covariance_s10.npz,76414,5728dbbe2289005a1dd09a8f5b705610054251206e220a1d0e12f2bf7a489f7c
tcn,mixed,17,bandpass_n20005_cLL_V4_covariance_s5,phase2/results/predictions/full/mixed/tcn/seed_17/bandpass_n20005_cLL_V4_covariance_s5.npz,76240,efd52e7cf0cb4f64021307c1f9e1ffd6dd34c02a1d665af19a6e5856fdfc2c0a
tcn,mixed,17,bandpass_n20005_cLL_V4_covariance_s0,phase2/results/predictions/full/mixed/tcn/seed_17/bandpass_n20005_cLL_V4_covariance_s0.npz,75911,86a9c8bac9a24d44e82126de6337bd9aeae626f84f2cebafa3bf0f46ed1aac63
tcn,mixed,17,bandpass_n20005_cRA_LA_V1_V6_independent_rms_s20,phase2/results/predictions/full/mixed/tcn/seed_17/bandpass_n20005_cRA_LA_V1_V6_independent_rms_s20.npz,76436,d33849bcf1de55b4e971a5b96dbf85b27729b360887941ea0555789418681701
tcn,mixed,17,bandpass_n20005_cRA_LA_V1_V6_independent_rms_s15,phase2/results/predictions/full/mixed/tcn/seed_17/bandpass_n20005_cRA_LA_V1_V6_independent_rms_s15.npz,76450,0da0606e4dc555210e2614bcb886dca7aad8034a1860457ac557e15d48da84c0
tcn,mixed,17,bandpass_n20005_cRA_LA_V1_V6_independent_rms_s10,phase2/results/predictions/full/mixed/tcn/seed_17/bandpass_n20005_cRA_LA_V1_V6_independent_rms_s10.npz,76425,4b06abbdbec11f8cd07aa89ee818b794937d22962b558a20e744331e231fc278
tcn,mixed,17,bandpass_n20005_cRA_LA_V1_V6_independent_rms_s5,phase2/results/predictions/full/mixed/tcn/seed_17/bandpass_n20005_cRA_LA_V1_V6_independent_rms_s5.npz,76314,63ab535a1eac6d7e6da325e4decc81817b7ee36045212022f0670be83627d0de
tcn,mixed,17,bandpass_n20005_cRA_LA_V1_V6_independent_rms_s0,phase2/results/predictions/full/mixed/tcn/seed_17/bandpass_n20005_cRA_LA_V1_V6_independent_rms_s0.npz,75996,1de19b9f20b7c1760d98b16197c3106a4f7e713676764682dcf4def564f28acd
tcn,mixed,17,bandpass_n20005_cRA_LA_V1_V6_electrode_s20,phase2/results/predictions/full/mixed/tcn/seed_17/bandpass_n20005_cRA_LA_V1_V6_electrode_s20.npz,76459,cda5c05ac58201f32001ea333b2d537095a30a2e2627a99e0accb663ef0cbeb0
tcn,mixed,17,bandpass_n20005_cRA_LA_V1_V6_electrode_s15,phase2/results/predictions/full/mixed/tcn/seed_17/bandpass_n20005_cRA_LA_V1_V6_electrode_s15.npz,76438,9df082f5569ce9175a18073b921300992d9d9ae7681b46d3dd26041655c17389
tcn,mixed,17,bandpass_n20005_cRA_LA_V1_V6_electrode_s10,phase2/results/predictions/full/mixed/tcn/seed_17/bandpass_n20005_cRA_LA_V1_V6_electrode_s10.npz,76387,a0428a63b14f8c4d5b0cf895741822d893126494465f46f6942a86c779f8d137
tcn,mixed,17,bandpass_n20005_cRA_LA_V1_V6_electrode_s5,phase2/results/predictions/full/mixed/tcn/seed_17/bandpass_n20005_cRA_LA_V1_V6_electrode_s5.npz,76189,22168e8ba03ef34be21c8af058bf10b13d2d8b6bf33811f7d36eedd79762781f
tcn,mixed,17,bandpass_n20005_cRA_LA_V1_V6_electrode_s0,phase2/results/predictions/full/mixed/tcn/seed_17/bandpass_n20005_cRA_LA_V1_V6_electrode_s0.npz,75806,214b6f8140cf5a68ecda4cc3b698ea97234f7de713716347cd74b44f27a7af39
tcn,mixed,17,bandpass_n20005_cRA_LA_V1_V6_covariance_s20,phase2/results/predictions/full/mixed/tcn/seed_17/bandpass_n20005_cRA_LA_V1_V6_covariance_s20.npz,76434,7fd69cca4768a3bbb331daa404188a59cdfb8a0977caf87614a8604abffbe6eb
tcn,mixed,17,bandpass_n20005_cRA_LA_V1_V6_covariance_s15,phase2/results/predictions/full/mixed/tcn/seed_17/bandpass_n20005_cRA_LA_V1_V6_covariance_s15.npz,76441,6349b8f4248656ffc3b8abb7764117e9b09fcf51773193ff48f1c72379a50f18
tcn,mixed,17,bandpass_n20005_cRA_LA_V1_V6_covariance_s10,phase2/results/predictions/full/mixed/tcn/seed_17/bandpass_n20005_cRA_LA_V1_V6_covariance_s10.npz,76370,299a97e8aced193a0b41d357568e9d1d9d06d720dc9db1307b530906e0413cec
tcn,mixed,17,bandpass_n20005_cRA_LA_V1_V6_covariance_s5,phase2/results/predictions/full/mixed/tcn/seed_17/bandpass_n20005_cRA_LA_V1_V6_covariance_s5.npz,76224,5dec1b3dafa6a65c43d352b1325955ac01ee2db63de9db687caa6c4127fc9b8e
tcn,mixed,17,bandpass_n20005_cRA_LA_V1_V6_covariance_s0,phase2/results/predictions/full/mixed/tcn/seed_17/bandpass_n20005_cRA_LA_V1_V6_covariance_s0.npz,75824,aef6b4365514c132d1c5e75ed2e64dd4b4565c19c3adc1d7929013941e0fac7f
tcn,mixed,17,bandpass_n20005_cRA_V2_V5_independent_rms_s20,phase2/results/predictions/full/mixed/tcn/seed_17/bandpass_n20005_cRA_V2_V5_independent_rms_s20.npz,76489,daf1a2018fcf93e854a1a8dc237616d120bf45de5a7ceac69a7d647e296ca57e
tcn,mixed,17,bandpass_n20005_cRA_V2_V5_independent_rms_s15,phase2/results/predictions/full/mixed/tcn/seed_17/bandpass_n20005_cRA_V2_V5_independent_rms_s15.npz,76453,603a917a61bd8b5f3ae7efd1b8a5ef9768f558d0c5603967035e78ddc6b9bb3e
tcn,mixed,17,bandpass_n20005_cRA_V2_V5_independent_rms_s10,phase2/results/predictions/full/mixed/tcn/seed_17/bandpass_n20005_cRA_V2_V5_independent_rms_s10.npz,76425,709cfa8ba7c6cbf6544bea47fa04460019d532ea8bf33edfba09d4d55b1316d5
tcn,mixed,17,bandpass_n20005_cRA_V2_V5_independent_rms_s5,phase2/results/predictions/full/mixed/tcn/seed_17/bandpass_n20005_cRA_V2_V5_independent_rms_s5.npz,76308,137adafc87c1a35d423c6bb765d2ee6b1a9dcd35e8f56b81062bcdf8d6e8684b
tcn,mixed,17,bandpass_n20005_cRA_V2_V5_independent_rms_s0,phase2/results/predictions/full/mixed/tcn/seed_17/bandpass_n20005_cRA_V2_V5_independent_rms_s0.npz,75947,e4ccaa48106fb78fbbb6a04dd298d8094940a6135f59861968772cbf9ad45a1e
tcn,mixed,17,bandpass_n20005_cRA_V2_V5_electrode_s20,phase2/results/predictions/full/mixed/tcn/seed_17/bandpass_n20005_cRA_V2_V5_electrode_s20.npz,76479,2fdf85d5a5f5b007546aaa03375882d037220cf36707d279b594aeb82b5c0511
tcn,mixed,17,bandpass_n20005_cRA_V2_V5_electrode_s15,phase2/results/predictions/full/mixed/tcn/seed_17/bandpass_n20005_cRA_V2_V5_electrode_s15.npz,76439,b5d82c273a2480e29f03fd58223c08403792137ef3d758c3839484238dd2b8b9
tcn,mixed,17,bandpass_n20005_cRA_V2_V5_electrode_s10,phase2/results/predictions/full/mixed/tcn/seed_17/bandpass_n20005_cRA_V2_V5_electrode_s10.npz,76339,53d9795cae9f686bf6b5c0d8fd3a73857a19f04ada8bc4f42a4ed7df300febcd
tcn,mixed,17,bandpass_n20005_cRA_V2_V5_electrode_s5,phase2/results/predictions/full/mixed/tcn/seed_17/bandpass_n20005_cRA_V2_V5_electrode_s5.npz,76197,c1fe804315203dcc554b73036951f4f8b55341ca389c4daf54c62d07b6a969ff
tcn,mixed,17,bandpass_n20005_cRA_V2_V5_electrode_s0,phase2/results/predictions/full/mixed/tcn/seed_17/bandpass_n20005_cRA_V2_V5_electrode_s0.npz,75906,8364a8062d41ab64bfa5e759488c9eee28a483f48bff6fa142638421c6462641
tcn,mixed,17,bandpass_n20005_cRA_V2_V5_covariance_s20,phase2/results/predictions/full/mixed/tcn/seed_17/bandpass_n20005_cRA_V2_V5_covariance_s20.npz,76436,b0d4b80bca9f3a1a0b6867c269a71e2c3cce107ad302231f0a3d1b8a67a60a10
tcn,mixed,17,bandpass_n20005_cRA_V2_V5_covariance_s15,phase2/results/predictions/full/mixed/tcn/seed_17/bandpass_n20005_cRA_V2_V5_covariance_s15.npz,76393,838d8a7de56e28304d61cdc1cda93852028133bc5cb1600ce3c527c49e983a54
tcn,mixed,17,bandpass_n20005_cRA_V2_V5_covariance_s10,phase2/results/predictions/full/mixed/tcn/seed_17/bandpass_n20005_cRA_V2_V5_covariance_s10.npz,76398,47776c0405de549714afc190277b21f96d456d31bf9f734c1cfe50a4b956ccec
tcn,mixed,17,bandpass_n20005_cRA_V2_V5_covariance_s5,phase2/results/predictions/full/mixed/tcn/seed_17/bandpass_n20005_cRA_V2_V5_covariance_s5.npz,76194,3e62418d62860c02a71d440c340deae19d48fc5568d435839071fbfafbef5874
tcn,mixed,17,bandpass_n20005_cRA_V2_V5_covariance_s0,phase2/results/predictions/full/mixed/tcn/seed_17/bandpass_n20005_cRA_V2_V5_covariance_s0.npz,75916,eb7ae50e98196afb6d79572cabcceded4394c5cee0e78ab5d7d6d46f0a70d27e
tcn,mixed,17,bandpass_n20005_cLA_V3_V6_independent_rms_s20,phase2/results/predictions/full/mixed/tcn/seed_17/bandpass_n20005_cLA_V3_V6_independent_rms_s20.npz,76442,c36b51595fc4c142e9aa5a22a27a3bd78883bfcb33bec0c18a466c465c11b458
tcn,mixed,17,bandpass_n20005_cLA_V3_V6_independent_rms_s15,phase2/results/predictions/full/mixed/tcn/seed_17/bandpass_n20005_cLA_V3_V6_independent_rms_s15.npz,76454,be8b8d35e813ff69cc48a6d2b959285ee331af5430fd18c4ccd1377042972822
tcn,mixed,17,bandpass_n20005_cLA_V3_V6_independent_rms_s10,phase2/results/predictions/full/mixed/tcn/seed_17/bandpass_n20005_cLA_V3_V6_independent_rms_s10.npz,76427,0f5ffeff500ccfcd8798817217ec51dcf0545ad09fb7909c01d8aa55a428cade
tcn,mixed,17,bandpass_n20005_cLA_V3_V6_independent_rms_s5,phase2/results/predictions/full/mixed/tcn/seed_17/bandpass_n20005_cLA_V3_V6_independent_rms_s5.npz,76322,88b15afb5cb1c6466502c13e9180195e6d8c7b3ea4798af8e77f0e91617ab095
tcn,mixed,17,bandpass_n20005_cLA_V3_V6_independent_rms_s0,phase2/results/predictions/full/mixed/tcn/seed_17/bandpass_n20005_cLA_V3_V6_independent_rms_s0.npz,76069,90b28265d32059c3ca9618f3d6dfd5418fa7c37a5730e8370c65301ff55d68cb
tcn,mixed,17,bandpass_n20005_cLA_V3_V6_electrode_s20,phase2/results/predictions/full/mixed/tcn/seed_17/bandpass_n20005_cLA_V3_V6_electrode_s20.npz,76440,b6b90d954597a74431559990fcdb0a169790ee1f2e6ce7098b7d9efac6cfa548
tcn,mixed,17,bandpass_n20005_cLA_V3_V6_electrode_s15,phase2/results/predictions/full/mixed/tcn/seed_17/bandpass_n20005_cLA_V3_V6_electrode_s15.npz,76439,142bc5390c54261bea5ff4dfe0769b98b07f54d9375d379a53d1c91d24736b6a
tcn,mixed,17,bandpass_n20005_cLA_V3_V6_electrode_s10,phase2/results/predictions/full/mixed/tcn/seed_17/bandpass_n20005_cLA_V3_V6_electrode_s10.npz,76409,4d873af782e31fa6d28b03965be2bc507241ae7333a8c5d6a6ac9db242ece220
tcn,mixed,17,bandpass_n20005_cLA_V3_V6_electrode_s5,phase2/results/predictions/full/mixed/tcn/seed_17/bandpass_n20005_cLA_V3_V6_electrode_s5.npz,76218,762e2e6e02c40ff97431dc3dea0920da9c198ed62aab1177501c3ec87711a644
tcn,mixed,17,bandpass_n20005_cLA_V3_V6_electrode_s0,phase2/results/predictions/full/mixed/tcn/seed_17/bandpass_n20005_cLA_V3_V6_electrode_s0.npz,75915,ce3edf3521162d5385fe382e44619c22d8710571d36641b1ae4606f94d7a2265
tcn,mixed,17,bandpass_n20005_cLA_V3_V6_covariance_s20,phase2/results/predictions/full/mixed/tcn/seed_17/bandpass_n20005_cLA_V3_V6_covariance_s20.npz,76434,60355a351fee03e654912609ed8703f5851aa440f1051ba45d61bbe1d81731b0
tcn,mixed,17,bandpass_n20005_cLA_V3_V6_covariance_s15,phase2/results/predictions/full/mixed/tcn/seed_17/bandpass_n20005_cLA_V3_V6_covariance_s15.npz,76458,27ede338af0d1a5527d29ff2e71d535d9c1e1effbe802c67a883e8f3caa9f265
tcn,mixed,17,bandpass_n20005_cLA_V3_V6_covariance_s10,phase2/results/predictions/full/mixed/tcn/seed_17/bandpass_n20005_cLA_V3_V6_covariance_s10.npz,76359,630423b9fabbbe2322f4f9cac29d8caefb364849b2c7e17004df9a8b9d218dd6
tcn,mixed,17,bandpass_n20005_cLA_V3_V6_covariance_s5,phase2/results/predictions/full/mixed/tcn/seed_17/bandpass_n20005_cLA_V3_V6_covariance_s5.npz,76228,e7e38c335fff9180d86a3b5f5bf96417d0224b98d54af262b7c6c9fd3614fbb0
tcn,mixed,17,bandpass_n20005_cLA_V3_V6_covariance_s0,phase2/results/predictions/full/mixed/tcn/seed_17/bandpass_n20005_cLA_V3_V6_covariance_s0.npz,75839,a51f4bb0df8d9c3b08866c9111fa27515796ce26077e1e98db661175aa93ecf7
tcn,mixed,17,bandpass_n20005_cLL_V1_V4_independent_rms_s20,phase2/results/predictions/full/mixed/tcn/seed_17/bandpass_n20005_cLL_V1_V4_independent_rms_s20.npz,76471,8719b4b3a0aa394e7f3dbea97f3790c20a1b15d1d76847be0665ef9089bbac76
tcn,mixed,17,bandpass_n20005_cLL_V1_V4_independent_rms_s15,phase2/results/predictions/full/mixed/tcn/seed_17/bandpass_n20005_cLL_V1_V4_independent_rms_s15.npz,76463,2ff53401b8462295dcc3042050817840210de188a9071f2aba364d24105629eb
tcn,mixed,17,bandpass_n20005_cLL_V1_V4_independent_rms_s10,phase2/results/predictions/full/mixed/tcn/seed_17/bandpass_n20005_cLL_V1_V4_independent_rms_s10.npz,76413,8eb0aef3ac016dcdc715e402ec25f208560954d276a5cd99b8eae76db531569e
tcn,mixed,17,bandpass_n20005_cLL_V1_V4_independent_rms_s5,phase2/results/predictions/full/mixed/tcn/seed_17/bandpass_n20005_cLL_V1_V4_independent_rms_s5.npz,76259,8c36bf6ea69566df2dfdfa14edc9b3cb3b13e6b5de7a578afb364393368ad92b
tcn,mixed,17,bandpass_n20005_cLL_V1_V4_independent_rms_s0,phase2/results/predictions/full/mixed/tcn/seed_17/bandpass_n20005_cLL_V1_V4_independent_rms_s0.npz,75954,280888e475428465b4ba9a028137e7953d5390022f7516325e7755361bbbe029
tcn,mixed,17,bandpass_n20005_cLL_V1_V4_electrode_s20,phase2/results/predictions/full/mixed/tcn/seed_17/bandpass_n20005_cLL_V1_V4_electrode_s20.npz,76440,fa3703c5c43485758bd5d38a2c7fec09fd4c23cbb1349d6b6d8c5ea6c919b147
tcn,mixed,17,bandpass_n20005_cLL_V1_V4_electrode_s15,phase2/results/predictions/full/mixed/tcn/seed_17/bandpass_n20005_cLL_V1_V4_electrode_s15.npz,76425,7b63c999befea2160cfea8f6b45f8506679e310a1df70f88e94dff876a54c149
tcn,mixed,17,bandpass_n20005_cLL_V1_V4_electrode_s10,phase2/results/predictions/full/mixed/tcn/seed_17/bandpass_n20005_cLL_V1_V4_electrode_s10.npz,76405,b80b58516c2b648c068e360152ee5ba54f10f1035ebbeacf2ad5b528cfe43efa
tcn,mixed,17,bandpass_n20005_cLL_V1_V4_electrode_s5,phase2/results/predictions/full/mixed/tcn/seed_17/bandpass_n20005_cLL_V1_V4_electrode_s5.npz,76251,8291c4d72f937b4dc3316667acc1a5e6d189d2740ccff05304e3a71ab5b92286
tcn,mixed,17,bandpass_n20005_cLL_V1_V4_electrode_s0,phase2/results/predictions/full/mixed/tcn/seed_17/bandpass_n20005_cLL_V1_V4_electrode_s0.npz,75936,22be11d237dc062c8722ba33c203e117b7a2a875709f612804ad9c03c0a66ddd
tcn,mixed,17,bandpass_n20005_cLL_V1_V4_covariance_s20,phase2/results/predictions/full/mixed/tcn/seed_17/bandpass_n20005_cLL_V1_V4_covariance_s20.npz,76460,538d4aecdb5762e7769c0255191fb0f7e84f8df183f11fd65f790ff9c9b0d8a4
tcn,mixed,17,bandpass_n20005_cLL_V1_V4_covariance_s15,phase2/results/predictions/full/mixed/tcn/seed_17/bandpass_n20005_cLL_V1_V4_covariance_s15.npz,76475,e004fd99ba05c55a73527f6f072e9a7b8a68d61010aeb832003cff3542c16ee9
tcn,mixed,17,bandpass_n20005_cLL_V1_V4_covariance_s10,phase2/results/predictions/full/mixed/tcn/seed_17/bandpass_n20005_cLL_V1_V4_covariance_s10.npz,76378,7e1aacfe0c3abb137ebf7ae0dec7c50d4659d385a8f0b64b783d7dc00487d76e
tcn,mixed,17,bandpass_n20005_cLL_V1_V4_covariance_s5,phase2/results/predictions/full/mixed/tcn/seed_17/bandpass_n20005_cLL_V1_V4_covariance_s5.npz,76237,cba5a80b18610238b9bb6d1edfbd2866978c5f363f3ab43b749201f4be8c2ec1
tcn,mixed,17,bandpass_n20005_cLL_V1_V4_covariance_s0,phase2/results/predictions/full/mixed/tcn/seed_17/bandpass_n20005_cLL_V1_V4_covariance_s0.npz,75938,98cb195341e07a356088b15ed1074f3bd4d07b144e0a00ed8f70213705e18353
tcn,mixed,17,bandpass_n20005_call_independent_rms_s20,phase2/results/predictions/full/mixed/tcn/seed_17/bandpass_n20005_call_independent_rms_s20.npz,76454,f2d30ee7860cde7f2dcdead3af77c6f84cbb9b86c8279edb741e751fd3f5258a
tcn,mixed,17,bandpass_n20005_call_independent_rms_s15,phase2/results/predictions/full/mixed/tcn/seed_17/bandpass_n20005_call_independent_rms_s15.npz,76455,a6d0623938022342ce68381c193939afbb69a6cfba87bd2c9df89ae1e7e271a4
tcn,mixed,17,bandpass_n20005_call_independent_rms_s10,phase2/results/predictions/full/mixed/tcn/seed_17/bandpass_n20005_call_independent_rms_s10.npz,76384,822772fe74cf0e9f3c7f8bd65515a56821e79e0314a18d33ea5bc969f1889cac
tcn,mixed,17,bandpass_n20005_call_independent_rms_s5,phase2/results/predictions/full/mixed/tcn/seed_17/bandpass_n20005_call_independent_rms_s5.npz,76256,de9017bf0e1650bc724d17001b279a4ffcb9f739c87b7a4b3cfb8fa76bb609f0
tcn,mixed,17,bandpass_n20005_call_independent_rms_s0,phase2/results/predictions/full/mixed/tcn/seed_17/bandpass_n20005_call_independent_rms_s0.npz,75991,c6e83bc6c0b8099717d137038918f903edf4dbe0c12a48e704ed4666df6bc1ae
tcn,mixed,17,bandpass_n20005_call_electrode_s20,phase2/results/predictions/full/mixed/tcn/seed_17/bandpass_n20005_call_electrode_s20.npz,76429,a890f42cd252b87d6bcf2aa0252dd255ab781e5587ecabf55abb427c92881229
tcn,mixed,17,bandpass_n20005_call_electrode_s15,phase2/results/predictions/full/mixed/tcn/seed_17/bandpass_n20005_call_electrode_s15.npz,76389,8b16567bc0f64b85cca412c5915d208d5a9364b1909efb5334f741fb07dc44dd
tcn,mixed,17,bandpass_n20005_call_electrode_s10,phase2/results/predictions/full/mixed/tcn/seed_17/bandpass_n20005_call_electrode_s10.npz,76326,774cafef72a9fabe9b4db8677f33737ac428e37f97860f0190ac04fde7a23122
tcn,mixed,17,bandpass_n20005_call_electrode_s5,phase2/results/predictions/full/mixed/tcn/seed_17/bandpass_n20005_call_electrode_s5.npz,76166,5fc56d3317bb6a5d11f52d8731a05b0541822556c80a667825ba5ea7d99d1556
tcn,mixed,17,bandpass_n20005_call_electrode_s0,phase2/results/predictions/full/mixed/tcn/seed_17/bandpass_n20005_call_electrode_s0.npz,75820,c02e146177fc600c4ca5b54bf4f3be75c53ff56cb2f229e2c470067d53de2a20
tcn,mixed,17,bandpass_n20005_call_covariance_s20,phase2/results/predictions/full/mixed/tcn/seed_17/bandpass_n20005_call_covariance_s20.npz,76438,8549d26e68cd12fc60cab1988c016fc1126159b85ffb60824f445088f13f8f76
tcn,mixed,17,bandpass_n20005_call_covariance_s15,phase2/results/predictions/full/mixed/tcn/seed_17/bandpass_n20005_call_covariance_s15.npz,76402,647f0ab0732888778db252914cf9f6ad0b0db5f1080552b37b2a83e1bb4e9d34
tcn,mixed,17,bandpass_n20005_call_covariance_s10,phase2/results/predictions/full/mixed/tcn/seed_17/bandpass_n20005_call_covariance_s10.npz,76334,30eeec3841965c98d12650c23376c973d32a006ea4fa48482052cd07ea61bce5
tcn,mixed,17,bandpass_n20005_call_covariance_s5,phase2/results/predictions/full/mixed/tcn/seed_17/bandpass_n20005_call_covariance_s5.npz,76218,b2a0fd50847843b3a4d2f3cd24284e63fab1621c1a4755a7f643c74fed19856e
tcn,mixed,17,bandpass_n20005_call_covariance_s0,phase2/results/predictions/full/mixed/tcn/seed_17/bandpass_n20005_call_covariance_s0.npz,75823,a61441a04d5e181bfa18e04467d346699b79e18374ae69e12432e5012d808d4b
tcn,mixed,17,bw_n20001_call_independent_rms_s20,phase2/results/predictions/full/mixed/tcn/seed_17/bw_n20001_call_independent_rms_s20.npz,76404,c897d43374233296e0a94f3306df339f1a02e66b06ec851549f5398178a65312
tcn,mixed,17,bw_n20001_call_independent_rms_s10,phase2/results/predictions/full/mixed/tcn/seed_17/bw_n20001_call_independent_rms_s10.npz,76401,0e1afdd3a258fae43f8016a498e2d4ee973e01a72b8966c290ddc2e6d2c9487f
tcn,mixed,17,bw_n20001_call_independent_rms_s0,phase2/results/predictions/full/mixed/tcn/seed_17/bw_n20001_call_independent_rms_s0.npz,76136,d1a89fe6f67ce962d6381bd0dd96378e6e5b1f12be4c1866d54fdffc8e63d9f9
tcn,mixed,17,bw_n20001_call_electrode_s20,phase2/results/predictions/full/mixed/tcn/seed_17/bw_n20001_call_electrode_s20.npz,76380,2a9b542c98ae25e747957db06a68b56f6393098423eb75ac7af01d384e12697c
tcn,mixed,17,bw_n20001_call_electrode_s10,phase2/results/predictions/full/mixed/tcn/seed_17/bw_n20001_call_electrode_s10.npz,76394,0e37e95559ca6f1c75244c29cf83cbeb3a18987bfd272544a99ae3ffa6124e47
tcn,mixed,17,bw_n20001_call_electrode_s0,phase2/results/predictions/full/mixed/tcn/seed_17/bw_n20001_call_electrode_s0.npz,76063,b8c53fec4be4b5fc18a33566730b6b164aff0688e8a2eb71f2ed09f2da23a60b
tcn,mixed,17,bw_n20001_call_covariance_s20,phase2/results/predictions/full/mixed/tcn/seed_17/bw_n20001_call_covariance_s20.npz,76398,ccb1bcc219142f1acd38edb20dab1e75bb4657a7b6089647bbc23fd3e2e1b492
tcn,mixed,17,bw_n20001_call_covariance_s10,phase2/results/predictions/full/mixed/tcn/seed_17/bw_n20001_call_covariance_s10.npz,76363,14d19dc9552687ef478206ba2a8b887ea56b61f064abf86382e84291b11ea7aa
tcn,mixed,17,bw_n20001_call_covariance_s0,phase2/results/predictions/full/mixed/tcn/seed_17/bw_n20001_call_covariance_s0.npz,76057,5734ea23270fbd21a126153138aae517738aa884c9963995bc497d1c02ded071
tcn,mixed,17,bw_n20002_call_independent_rms_s20,phase2/results/predictions/full/mixed/tcn/seed_17/bw_n20002_call_independent_rms_s20.npz,76408,ed1a341b38549404ce3d7062bcab32f5b063724636f9ed659befbac092899d79
tcn,mixed,17,bw_n20002_call_independent_rms_s10,phase2/results/predictions/full/mixed/tcn/seed_17/bw_n20002_call_independent_rms_s10.npz,76408,635a5ab1921c3524d35c26070af9969bcee72e59bb40c37c5ce140416e7da60e
tcn,mixed,17,bw_n20002_call_independent_rms_s0,phase2/results/predictions/full/mixed/tcn/seed_17/bw_n20002_call_independent_rms_s0.npz,76164,be09ddbcb23c2f067f443f4195b8b8cb183cb219a914413099005def8b6d8713
tcn,mixed,17,bw_n20002_call_electrode_s20,phase2/results/predictions/full/mixed/tcn/seed_17/bw_n20002_call_electrode_s20.npz,76430,b4164047b07d2f42767239ff804805dda76632190c3d7022d3305f8e96d2c0f4
tcn,mixed,17,bw_n20002_call_electrode_s10,phase2/results/predictions/full/mixed/tcn/seed_17/bw_n20002_call_electrode_s10.npz,76361,00251883ee0d730785c3d800d8951dc4106ff9288732db8004bd5e2597e8361b
tcn,mixed,17,bw_n20002_call_electrode_s0,phase2/results/predictions/full/mixed/tcn/seed_17/bw_n20002_call_electrode_s0.npz,76093,c98ee4d70ee84727c241587e8300ffe2bf23a0ee3722cac101fb931665004e43
tcn,mixed,17,bw_n20002_call_covariance_s20,phase2/results/predictions/full/mixed/tcn/seed_17/bw_n20002_call_covariance_s20.npz,76405,74a79f93a2fb1a48cdab50fd19fa1bd27558706632544dd3c4d02a3e46ef11b0
tcn,mixed,17,bw_n20002_call_covariance_s10,phase2/results/predictions/full/mixed/tcn/seed_17/bw_n20002_call_covariance_s10.npz,76341,4e59f5dfda85e895bc8eac893b9ba8dbb55de0cb2668e108b29eee5306bc0a8b
tcn,mixed,17,bw_n20002_call_covariance_s0,phase2/results/predictions/full/mixed/tcn/seed_17/bw_n20002_call_covariance_s0.npz,76086,96d7d461442befa1a23c4127a2709b03c6c5ee2e1d73a147e9d0b04d1a0add7e
tcn,mixed,17,bw_n20003_call_independent_rms_s20,phase2/results/predictions/full/mixed/tcn/seed_17/bw_n20003_call_independent_rms_s20.npz,76396,7fba63c4af0a3999af1de554c39ea2b16c6724f418f28f3273a5b03a81221228
tcn,mixed,17,bw_n20003_call_independent_rms_s10,phase2/results/predictions/full/mixed/tcn/seed_17/bw_n20003_call_independent_rms_s10.npz,76400,2f4e7bafe9fea27624b30ca74fbb408e41cd67e46b2e2cbb49c9466499c8600c
tcn,mixed,17,bw_n20003_call_independent_rms_s0,phase2/results/predictions/full/mixed/tcn/seed_17/bw_n20003_call_independent_rms_s0.npz,76170,6f53c212a78b31b6e6cfad4892c28c652a79417f11bdd9b34089d8a7de4b721b
tcn,mixed,17,bw_n20003_call_electrode_s20,phase2/results/predictions/full/mixed/tcn/seed_17/bw_n20003_call_electrode_s20.npz,76406,4d9628ed142d7647687267130f5048dc6fc42c11215602b456f4a62dd147023c
tcn,mixed,17,bw_n20003_call_electrode_s10,phase2/results/predictions/full/mixed/tcn/seed_17/bw_n20003_call_electrode_s10.npz,76319,c456d10bfd0545331e0347ce856185ad2dee08eeb0a830d553ccfd3dcbc22bce
tcn,mixed,17,bw_n20003_call_electrode_s0,phase2/results/predictions/full/mixed/tcn/seed_17/bw_n20003_call_electrode_s0.npz,76065,0ffd2dad07b399a3d9d927a198e3112a7ddb7c8a08a8bf2234ca4c07b7f056f6
tcn,mixed,17,bw_n20003_call_covariance_s20,phase2/results/predictions/full/mixed/tcn/seed_17/bw_n20003_call_covariance_s20.npz,76407,6f39e10efaf9767e75e48d6dd157335ce5fbe9e008c79d03b402ad7d5ab2269b
tcn,mixed,17,bw_n20003_call_covariance_s10,phase2/results/predictions/full/mixed/tcn/seed_17/bw_n20003_call_covariance_s10.npz,76373,cf3db4dd1332affaad4682f3e1fac7a162c55545293f1825a45891832a41af83
tcn,mixed,17,bw_n20003_call_covariance_s0,phase2/results/predictions/full/mixed/tcn/seed_17/bw_n20003_call_covariance_s0.npz,76082,cdf20e68cd502e9af97496e5f4c65ece2e7fa6f953b64247f9580218706c4903
tcn,mixed,17,bw_n20004_call_independent_rms_s20,phase2/results/predictions/full/mixed/tcn/seed_17/bw_n20004_call_independent_rms_s20.npz,76409,3839e2bbb08d566bc96e85575bdf4e4eef5a2b451d62b07ad523fd1e19da4318
tcn,mixed,17,bw_n20004_call_independent_rms_s10,phase2/results/predictions/full/mixed/tcn/seed_17/bw_n20004_call_independent_rms_s10.npz,76407,93991cb6996fd0d8d4ec35808355a67f0df3250dc4dc3c41ba88852c60be7323
tcn,mixed,17,bw_n20004_call_independent_rms_s0,phase2/results/predictions/full/mixed/tcn/seed_17/bw_n20004_call_independent_rms_s0.npz,76152,b7deec5d138442a7894815427ed8c455165c1ed7ba414a324322799daff0a37d
tcn,mixed,17,bw_n20004_call_electrode_s20,phase2/results/predictions/full/mixed/tcn/seed_17/bw_n20004_call_electrode_s20.npz,76389,0b7b291c3afedd349201237553b50f31546707494cac8aaa3188c5d7ca307a1b
tcn,mixed,17,bw_n20004_call_electrode_s10,phase2/results/predictions/full/mixed/tcn/seed_17/bw_n20004_call_electrode_s10.npz,76380,5af8f0c3aa7c4d75365c86cd20b35df3d4cffab2f97933638ca5216f04f2a954
tcn,mixed,17,bw_n20004_call_electrode_s0,phase2/results/predictions/full/mixed/tcn/seed_17/bw_n20004_call_electrode_s0.npz,76071,b1c2a5ccf5fc4b8d4c2b38dc84ac0cd4e5f5b209c851a0ec4a25a24b5f6b9f69
tcn,mixed,17,bw_n20004_call_covariance_s20,phase2/results/predictions/full/mixed/tcn/seed_17/bw_n20004_call_covariance_s20.npz,76375,1fd0b51b72e5036e13b8b3f691e6020b37ca7eccf86ff83beb6e8d2969dc1163
tcn,mixed,17,bw_n20004_call_covariance_s10,phase2/results/predictions/full/mixed/tcn/seed_17/bw_n20004_call_covariance_s10.npz,76338,334c3fd092b7c4874d421c028b704a449d2b7935f979bec33f4d3c9c2febe8a4
tcn,mixed,17,bw_n20004_call_covariance_s0,phase2/results/predictions/full/mixed/tcn/seed_17/bw_n20004_call_covariance_s0.npz,76090,6746f67402b2bc00a4ae8af9c170d1d23713842b171e31f934a1846195143003
tcn,mixed,17,bw_n20005_call_independent_rms_s20,phase2/results/predictions/full/mixed/tcn/seed_17/bw_n20005_call_independent_rms_s20.npz,76411,d335ce0f52fbada1e740bc4c9faf9814fefb355c35fe01f1b3d18d516e2cd3c8
tcn,mixed,17,bw_n20005_call_independent_rms_s10,phase2/results/predictions/full/mixed/tcn/seed_17/bw_n20005_call_independent_rms_s10.npz,76410,8cf3c2d1d5cdf97027df0c67e7e873dcd837b133991242fa06a82d7f5847be4d
tcn,mixed,17,bw_n20005_call_independent_rms_s0,phase2/results/predictions/full/mixed/tcn/seed_17/bw_n20005_call_independent_rms_s0.npz,76178,2cb1eb75750950bdfdcb382305b53ae7546df5221b8449ecd2ddc79390878df5
tcn,mixed,17,bw_n20005_call_electrode_s20,phase2/results/predictions/full/mixed/tcn/seed_17/bw_n20005_call_electrode_s20.npz,76425,5e53759c0b4535f71a288e81cec2bf2435fd590415c73fe707d2869e30178ccd
tcn,mixed,17,bw_n20005_call_electrode_s10,phase2/results/predictions/full/mixed/tcn/seed_17/bw_n20005_call_electrode_s10.npz,76346,90d42d83d8bb4383d00fbb0872c6e5cb1a84b914571835dbd75722505553aeeb
tcn,mixed,17,bw_n20005_call_electrode_s0,phase2/results/predictions/full/mixed/tcn/seed_17/bw_n20005_call_electrode_s0.npz,76115,dbcbe90905924faec49c93f17cbf51c2639b9d55c611fcd5df7d5ef5a972689c
tcn,mixed,17,bw_n20005_call_covariance_s20,phase2/results/predictions/full/mixed/tcn/seed_17/bw_n20005_call_covariance_s20.npz,76382,e28e576d18da221d11c5add419e0e1ca9a1178deacdc5f563cd60cb97d9bfa06
tcn,mixed,17,bw_n20005_call_covariance_s10,phase2/results/predictions/full/mixed/tcn/seed_17/bw_n20005_call_covariance_s10.npz,76344,ce78c6832b8a1b91323912148123c1b7f9e39647ee5d2b5c762f624bf3a2ba1d
tcn,mixed,17,bw_n20005_call_covariance_s0,phase2/results/predictions/full/mixed/tcn/seed_17/bw_n20005_call_covariance_s0.npz,76066,4fbff38fd67d834564c2fd2028dbc634abab387d157bc34265c820818fdf545d
tcn,mixed,17,ma_n20001_call_independent_rms_s20,phase2/results/predictions/full/mixed/tcn/seed_17/ma_n20001_call_independent_rms_s20.npz,76452,59182c06b8f1fcda6987af3447410e10fd63313ed656588b8ab98462d1478d51
tcn,mixed,17,ma_n20001_call_independent_rms_s10,phase2/results/predictions/full/mixed/tcn/seed_17/ma_n20001_call_independent_rms_s10.npz,76389,699eb69a05cf4ba14847825c669aec0d7a518d4a321d1359c6ceab861e520009
tcn,mixed,17,ma_n20001_call_independent_rms_s0,phase2/results/predictions/full/mixed/tcn/seed_17/ma_n20001_call_independent_rms_s0.npz,76129,7368abc4b585428ffcdacd27b786318f31c1fe5434f6f8357a5c687de936156a
tcn,mixed,17,ma_n20001_call_electrode_s20,phase2/results/predictions/full/mixed/tcn/seed_17/ma_n20001_call_electrode_s20.npz,76406,5446020a5aa9ca3b5292963bac13d9234e4379cec103e5090d131373a6579c0b
tcn,mixed,17,ma_n20001_call_electrode_s10,phase2/results/predictions/full/mixed/tcn/seed_17/ma_n20001_call_electrode_s10.npz,76389,52a60be0ed2b30cb2ab6d72349c18e4fb6fc7e64c1fbaa0b1faa7cdc7cb34398
tcn,mixed,17,ma_n20001_call_electrode_s0,phase2/results/predictions/full/mixed/tcn/seed_17/ma_n20001_call_electrode_s0.npz,76057,e15336b1f9a6035f9c6670a2c8007ca00bae179f06c84d06e72f124030f16ad7
tcn,mixed,17,ma_n20001_call_covariance_s20,phase2/results/predictions/full/mixed/tcn/seed_17/ma_n20001_call_covariance_s20.npz,76405,105fd9b5b9df8aaa9e599314d9fb2a383db9a589ffdcc009723a3d4cb6d69ad2
tcn,mixed,17,ma_n20001_call_covariance_s10,phase2/results/predictions/full/mixed/tcn/seed_17/ma_n20001_call_covariance_s10.npz,76385,d6e0c646502b307cde8250b48203879f7dfc207e68d5f39bfd1f11b080ed34bf
tcn,mixed,17,ma_n20001_call_covariance_s0,phase2/results/predictions/full/mixed/tcn/seed_17/ma_n20001_call_covariance_s0.npz,76021,d6cc8e97e471c6833fb32ee05deaad0761778b94dca6a9829de63e8cd3faff00
tcn,mixed,17,ma_n20002_call_independent_rms_s20,phase2/results/predictions/full/mixed/tcn/seed_17/ma_n20002_call_independent_rms_s20.npz,76438,49f1865498dac2ed0d21cdd6fe96d40bbb430e68048ef6a7ea279140fc434694
tcn,mixed,17,ma_n20002_call_independent_rms_s10,phase2/results/predictions/full/mixed/tcn/seed_17/ma_n20002_call_independent_rms_s10.npz,76404,070fffe62953b775e18136410a032aefe981c4e3498fdce9bc91f4ffab113fc0
tcn,mixed,17,ma_n20002_call_independent_rms_s0,phase2/results/predictions/full/mixed/tcn/seed_17/ma_n20002_call_independent_rms_s0.npz,76130,1c7a78b44756af5dcd114519ea0707da88d3c39c8766768e1cd96b9724511a5f
tcn,mixed,17,ma_n20002_call_electrode_s20,phase2/results/predictions/full/mixed/tcn/seed_17/ma_n20002_call_electrode_s20.npz,76393,cff8c421096938fcf4f12378811a677d6a2c972aa410b96a29c2a0d2108e311e
tcn,mixed,17,ma_n20002_call_electrode_s10,phase2/results/predictions/full/mixed/tcn/seed_17/ma_n20002_call_electrode_s10.npz,76327,816450230c8c23d563f4b5b987c656a1f84c92f8ce85fe126e7176f0b8788b9d
tcn,mixed,17,ma_n20002_call_electrode_s0,phase2/results/predictions/full/mixed/tcn/seed_17/ma_n20002_call_electrode_s0.npz,76014,3d07867127b1eb63ffb2bd0a0e5fc482c80365d77feb6d4b0bedba418a28b325
tcn,mixed,17,ma_n20002_call_covariance_s20,phase2/results/predictions/full/mixed/tcn/seed_17/ma_n20002_call_covariance_s20.npz,76404,5e8726e0913c7eac9dd30c7d20b1583be5a1c019f5e4f66ed2aafb02fc5a31e9
tcn,mixed,17,ma_n20002_call_covariance_s10,phase2/results/predictions/full/mixed/tcn/seed_17/ma_n20002_call_covariance_s10.npz,76336,ecf37e883e4efca2db06926c98137cd8ffdda9e71c2725d4d7db417a9ef18b0a
tcn,mixed,17,ma_n20002_call_covariance_s0,phase2/results/predictions/full/mixed/tcn/seed_17/ma_n20002_call_covariance_s0.npz,76056,49748abecdf09747169a5c8877df1698da4c8a01e4621151ec6e1a681cfbaf07
tcn,mixed,17,ma_n20003_call_independent_rms_s20,phase2/results/predictions/full/mixed/tcn/seed_17/ma_n20003_call_independent_rms_s20.npz,76414,d94b78ceed2a8fdccaab7ed7670ac1c472d841dfc6333bed02457effa148dc2e
tcn,mixed,17,ma_n20003_call_independent_rms_s10,phase2/results/predictions/full/mixed/tcn/seed_17/ma_n20003_call_independent_rms_s10.npz,76395,470ff19c7d5fc42b2c095c48889b7ae23f60fabdb07dcf93022d0cd8ecbba8bd
tcn,mixed,17,ma_n20003_call_independent_rms_s0,phase2/results/predictions/full/mixed/tcn/seed_17/ma_n20003_call_independent_rms_s0.npz,76121,e7020f96df707e6ff386c666b4c10632801f582a3c4538f116b1ecbe5cc47122
tcn,mixed,17,ma_n20003_call_electrode_s20,phase2/results/predictions/full/mixed/tcn/seed_17/ma_n20003_call_electrode_s20.npz,76401,da657d5bb9675249f7c18aacb26022a6d78df6a1611db9e507743d83302efff5
tcn,mixed,17,ma_n20003_call_electrode_s10,phase2/results/predictions/full/mixed/tcn/seed_17/ma_n20003_call_electrode_s10.npz,76331,0ac4a426a9fd020f3c5ab2eac60bfddb25dc62aa42707dbf9e1d7d0ea05f61e7
tcn,mixed,17,ma_n20003_call_electrode_s0,phase2/results/predictions/full/mixed/tcn/seed_17/ma_n20003_call_electrode_s0.npz,76007,48716b50f646e6b76ff79a48c2160c52c61f4abc603e860ec9630d18e240e09b
tcn,mixed,17,ma_n20003_call_covariance_s20,phase2/results/predictions/full/mixed/tcn/seed_17/ma_n20003_call_covariance_s20.npz,76402,c80b4bf42b3c9ba6bcc8fbb7e15365ac6e6d307707489fc7d6200ef7a65314be
tcn,mixed,17,ma_n20003_call_covariance_s10,phase2/results/predictions/full/mixed/tcn/seed_17/ma_n20003_call_covariance_s10.npz,76351,3fb8422f7593d2be38a8fc1a2e7881c7fa13703de6087e1dab0a48312edd36be
tcn,mixed,17,ma_n20003_call_covariance_s0,phase2/results/predictions/full/mixed/tcn/seed_17/ma_n20003_call_covariance_s0.npz,76033,ae7be0aa90dff8d6cad8af4000a521a9b11ccb6d9feeeeb1447957a19537e53e
tcn,mixed,17,ma_n20004_call_independent_rms_s20,phase2/results/predictions/full/mixed/tcn/seed_17/ma_n20004_call_independent_rms_s20.npz,76426,deb892761ce913b3fad453e3463201a28009d270203bd9f92bca4c30c49e34cd
tcn,mixed,17,ma_n20004_call_independent_rms_s10,phase2/results/predictions/full/mixed/tcn/seed_17/ma_n20004_call_independent_rms_s10.npz,76407,f5390443162ea8e693250e8fbde7af771b5bf42062a16fe331364a207b5fd007
tcn,mixed,17,ma_n20004_call_independent_rms_s0,phase2/results/predictions/full/mixed/tcn/seed_17/ma_n20004_call_independent_rms_s0.npz,76082,a4d00053d90c18de2a5e0874fda4022092ff5ad368034a73f9be84823267b133
tcn,mixed,17,ma_n20004_call_electrode_s20,phase2/results/predictions/full/mixed/tcn/seed_17/ma_n20004_call_electrode_s20.npz,76406,145c6dc6ddf8f606f180c5b4acfefdbc427615f912663d54bab83bc51ea6f6ef
tcn,mixed,17,ma_n20004_call_electrode_s10,phase2/results/predictions/full/mixed/tcn/seed_17/ma_n20004_call_electrode_s10.npz,76365,f5db38684396547a8ddd84001c1e01b41870dddb414cc09a0b0ed944cca20efd
tcn,mixed,17,ma_n20004_call_electrode_s0,phase2/results/predictions/full/mixed/tcn/seed_17/ma_n20004_call_electrode_s0.npz,76025,95c554b44513bdc8074ad4d2b4d3f6874bd7cc3c4a34fab34e3433719d644500
tcn,mixed,17,ma_n20004_call_covariance_s20,phase2/results/predictions/full/mixed/tcn/seed_17/ma_n20004_call_covariance_s20.npz,76406,7c173e698e4e61bcc90a63f73ec32d139824a4cbd918ea8c0600cd0052e211b5
tcn,mixed,17,ma_n20004_call_covariance_s10,phase2/results/predictions/full/mixed/tcn/seed_17/ma_n20004_call_covariance_s10.npz,76358,bf33991ff937261c55bd5ddc0fbef8326fa448610a1ada4624fb2016b7c9083d
tcn,mixed,17,ma_n20004_call_covariance_s0,phase2/results/predictions/full/mixed/tcn/seed_17/ma_n20004_call_covariance_s0.npz,76035,8da96f51353603e53bbc7ef0a901e81748e3a8748e8ca8b01097f8b728f2fdc5
tcn,mixed,17,ma_n20005_call_independent_rms_s20,phase2/results/predictions/full/mixed/tcn/seed_17/ma_n20005_call_independent_rms_s20.npz,76442,f1397c3c66471d8c8fe57cbd1e12a5973033c820b6caab94c0859db5bcdad74c
tcn,mixed,17,ma_n20005_call_independent_rms_s10,phase2/results/predictions/full/mixed/tcn/seed_17/ma_n20005_call_independent_rms_s10.npz,76415,a9d153520e6b737c678556ef12bab8ec3e304b4659e931b43a7d0ceffd09b5d3
tcn,mixed,17,ma_n20005_call_independent_rms_s0,phase2/results/predictions/full/mixed/tcn/seed_17/ma_n20005_call_independent_rms_s0.npz,76083,d885e792bb6bfefbe823ec9db4bd4eb5da8e359ed8fec4c2c71a862e593fe49f
tcn,mixed,17,ma_n20005_call_electrode_s20,phase2/results/predictions/full/mixed/tcn/seed_17/ma_n20005_call_electrode_s20.npz,76383,07e205b136b329dcdba8f14938b2e54737a99936fd3673bce543e16136657456
tcn,mixed,17,ma_n20005_call_electrode_s10,phase2/results/predictions/full/mixed/tcn/seed_17/ma_n20005_call_electrode_s10.npz,76371,201681049a5210359c604c831ab1bf5232d29c618a0aed8ccd0a6852557b9a40
tcn,mixed,17,ma_n20005_call_electrode_s0,phase2/results/predictions/full/mixed/tcn/seed_17/ma_n20005_call_electrode_s0.npz,76027,a659d301f5f36700bc12c7a93f7c3c054c430cc55d998617cadb0902ece3048f
tcn,mixed,17,ma_n20005_call_covariance_s20,phase2/results/predictions/full/mixed/tcn/seed_17/ma_n20005_call_covariance_s20.npz,76402,256d0707cd688d21609d82bc374c1bf09d7186b06d81a6789349ef710b194104
tcn,mixed,17,ma_n20005_call_covariance_s10,phase2/results/predictions/full/mixed/tcn/seed_17/ma_n20005_call_covariance_s10.npz,76369,15c3f8439437494c3376098b762cd23dc716b3baaea5abbbfffa364cc10db3f4
tcn,mixed,17,ma_n20005_call_covariance_s0,phase2/results/predictions/full/mixed/tcn/seed_17/ma_n20005_call_covariance_s0.npz,76044,24c34e0702d2574bd4b5fd70a3b12de3a8809d23f07c3ce05e251851f9630206
tcn,mixed,17,em_n20001_call_independent_rms_s20,phase2/results/predictions/full/mixed/tcn/seed_17/em_n20001_call_independent_rms_s20.npz,76400,9f7465f3fa5d3dcf97542984e09b066ecb33c2e59d3f55dfe7bd4af3882b16dd
tcn,mixed,17,em_n20001_call_independent_rms_s10,phase2/results/predictions/full/mixed/tcn/seed_17/em_n20001_call_independent_rms_s10.npz,76388,2a3f78679266447959d742290067abd4cccd308ab9a960e850c39b9600cb5fa5
tcn,mixed,17,em_n20001_call_independent_rms_s0,phase2/results/predictions/full/mixed/tcn/seed_17/em_n20001_call_independent_rms_s0.npz,76009,7596ef75e1eaca1ac4e2204d11db1919fcdb02a35678ec0c0d9879512be16055
tcn,mixed,17,em_n20001_call_electrode_s20,phase2/results/predictions/full/mixed/tcn/seed_17/em_n20001_call_electrode_s20.npz,76414,3af7cd8780e6804e36887b4d443567d352cdf33dd75064d42db0bca4d8996beb
tcn,mixed,17,em_n20001_call_electrode_s10,phase2/results/predictions/full/mixed/tcn/seed_17/em_n20001_call_electrode_s10.npz,76312,b4fbc7ebae8171d9c5658036ec9818821f11454891ad8bad72825082301cfbc4
tcn,mixed,17,em_n20001_call_electrode_s0,phase2/results/predictions/full/mixed/tcn/seed_17/em_n20001_call_electrode_s0.npz,75818,c462a8aa37f12845393fccfa80478f1676879672121e7d401358d17e21d303a4
tcn,mixed,17,em_n20001_call_covariance_s20,phase2/results/predictions/full/mixed/tcn/seed_17/em_n20001_call_covariance_s20.npz,76426,2ad57fa21fb7c93821735adbeec76fe7a9b92b220cfd36d41409f03cba4952e6
tcn,mixed,17,em_n20001_call_covariance_s10,phase2/results/predictions/full/mixed/tcn/seed_17/em_n20001_call_covariance_s10.npz,76319,cd66bb0abb1e9affe8951169c55aba3a277fb5a49ae1916b260ed0f5266502f6
tcn,mixed,17,em_n20001_call_covariance_s0,phase2/results/predictions/full/mixed/tcn/seed_17/em_n20001_call_covariance_s0.npz,75835,d94b78e726d1c057e87897d4477638d982325631639f5e973f3c065ef9f32418
tcn,mixed,17,em_n20002_call_independent_rms_s20,phase2/results/predictions/full/mixed/tcn/seed_17/em_n20002_call_independent_rms_s20.npz,76413,e952f33d958a303a4caf62b54cac16326339d3e3b8e16a6d2a0c3a1d0acdeee2
tcn,mixed,17,em_n20002_call_independent_rms_s10,phase2/results/predictions/full/mixed/tcn/seed_17/em_n20002_call_independent_rms_s10.npz,76369,cc9ae1f5b3cd3937cf2f432139104ad71731cd88087798965502e111ff8ad779
tcn,mixed,17,em_n20002_call_independent_rms_s0,phase2/results/predictions/full/mixed/tcn/seed_17/em_n20002_call_independent_rms_s0.npz,75976,04f18c2a6b654c65c15004c1fab023c88edbe9979f39b8568211b203e99951c2
tcn,mixed,17,em_n20002_call_electrode_s20,phase2/results/predictions/full/mixed/tcn/seed_17/em_n20002_call_electrode_s20.npz,76384,ba13235cc02b33429f8c4c37997a7fae17af08615e7acc614cb16bccc3d3e6f6
tcn,mixed,17,em_n20002_call_electrode_s10,phase2/results/predictions/full/mixed/tcn/seed_17/em_n20002_call_electrode_s10.npz,76334,219dbb9004e65194e46da369e337679bbf118362dc8996a01e6b99bc2f2012f2
tcn,mixed,17,em_n20002_call_electrode_s0,phase2/results/predictions/full/mixed/tcn/seed_17/em_n20002_call_electrode_s0.npz,75834,fcd18860077195bb25b2ace2da21811552f22cb2fb19f61a0cce86f965cb11d0
tcn,mixed,17,em_n20002_call_covariance_s20,phase2/results/predictions/full/mixed/tcn/seed_17/em_n20002_call_covariance_s20.npz,76416,062305693b9be8d0dd69286201e6d92dcd49b872e84c192a62228abd9667e134
tcn,mixed,17,em_n20002_call_covariance_s10,phase2/results/predictions/full/mixed/tcn/seed_17/em_n20002_call_covariance_s10.npz,76334,1ef95a5fdefd485b3491b17d5d262f62b280a11a7b5620f6a2a6306a7a4ddcf7
tcn,mixed,17,em_n20002_call_covariance_s0,phase2/results/predictions/full/mixed/tcn/seed_17/em_n20002_call_covariance_s0.npz,75851,4a8e122c7c81f571a10555b1b2506a27e7afc63cbd1736669c42c46b46e62a12
tcn,mixed,17,em_n20003_call_independent_rms_s20,phase2/results/predictions/full/mixed/tcn/seed_17/em_n20003_call_independent_rms_s20.npz,76400,cfa697a388ef133f8a286967e531f2bed84241bf8d8d5f7f0d23d25c8fd89307
tcn,mixed,17,em_n20003_call_independent_rms_s10,phase2/results/predictions/full/mixed/tcn/seed_17/em_n20003_call_independent_rms_s10.npz,76331,9833c61f64c26a5f677eed12fca1473a121dc9f640c17d2ea4bd26bd0ab9c4d5
tcn,mixed,17,em_n20003_call_independent_rms_s0,phase2/results/predictions/full/mixed/tcn/seed_17/em_n20003_call_independent_rms_s0.npz,76013,9edd146c2731b1d961af99d8f288b362074585b3ab0dd76abf6db1a1b596ef6d
tcn,mixed,17,em_n20003_call_electrode_s20,phase2/results/predictions/full/mixed/tcn/seed_17/em_n20003_call_electrode_s20.npz,76402,7ee3e977db6b3f4520f58e89ddc77e71b5d13fd748aae0c8ff028d23ee836493
tcn,mixed,17,em_n20003_call_electrode_s10,phase2/results/predictions/full/mixed/tcn/seed_17/em_n20003_call_electrode_s10.npz,76301,af519e3d153e4bad3a4a01a8f32ad6b29dd56e2fdabc407d16ff14fb416d74ed
tcn,mixed,17,em_n20003_call_electrode_s0,phase2/results/predictions/full/mixed/tcn/seed_17/em_n20003_call_electrode_s0.npz,75844,9c3ce0c78ed3f586afb021aec46a4bfdb19c1e9334c14c189aae8ddcaa43b85c
tcn,mixed,17,em_n20003_call_covariance_s20,phase2/results/predictions/full/mixed/tcn/seed_17/em_n20003_call_covariance_s20.npz,76393,68a4550d23863bd36f18b75266dc3091b8f4326a79d59cc590d1ab8ea04b28ce
tcn,mixed,17,em_n20003_call_covariance_s10,phase2/results/predictions/full/mixed/tcn/seed_17/em_n20003_call_covariance_s10.npz,76332,e580f1045226d0392492061a94f385cf58f888ec688def7d5428079a5905d227
tcn,mixed,17,em_n20003_call_covariance_s0,phase2/results/predictions/full/mixed/tcn/seed_17/em_n20003_call_covariance_s0.npz,75851,b0e2d07d46ff997e2c3afb91dd1e2e8349ceb083aab49659594346a1ed91fbf4
tcn,mixed,17,em_n20004_call_independent_rms_s20,phase2/results/predictions/full/mixed/tcn/seed_17/em_n20004_call_independent_rms_s20.npz,76426,f78ac0f983eb31dba54fe8ac9ebe751525551bae5b2cc30e259ce732099c8ab4
tcn,mixed,17,em_n20004_call_independent_rms_s10,phase2/results/predictions/full/mixed/tcn/seed_17/em_n20004_call_independent_rms_s10.npz,76357,0f1463027337af1254c86a156fbddf0e5a265e3d1c4cf40a6b940d77e60b7c82
tcn,mixed,17,em_n20004_call_independent_rms_s0,phase2/results/predictions/full/mixed/tcn/seed_17/em_n20004_call_independent_rms_s0.npz,76003,0d0a74b8cd7017254e1f91136ebaf34f62823b82371744953effabe1be6fb962
tcn,mixed,17,em_n20004_call_electrode_s20,phase2/results/predictions/full/mixed/tcn/seed_17/em_n20004_call_electrode_s20.npz,76397,54896b5e5ef98f2299e96292ce927c31903a1355ffe7b858fccd87b70b1b0ca3
tcn,mixed,17,em_n20004_call_electrode_s10,phase2/results/predictions/full/mixed/tcn/seed_17/em_n20004_call_electrode_s10.npz,76302,6fc9eca5da7ee79935fb9e6db86028f0a42c4bbd44e47f12fb1085070453e54d
tcn,mixed,17,em_n20004_call_electrode_s0,phase2/results/predictions/full/mixed/tcn/seed_17/em_n20004_call_electrode_s0.npz,75855,b935c2631e1d41eff81848ac7b7c7c76890b7dc701b3aa48b948163c055202c2
tcn,mixed,17,em_n20004_call_covariance_s20,phase2/results/predictions/full/mixed/tcn/seed_17/em_n20004_call_covariance_s20.npz,76418,38c121db6a6558fe8c464de5b37969b9059229f6580aa0e285d38511dd902665
tcn,mixed,17,em_n20004_call_covariance_s10,phase2/results/predictions/full/mixed/tcn/seed_17/em_n20004_call_covariance_s10.npz,76300,451297c9793c4604814f902dda56e1d4bf2963da6a5f2552573f52029e68ba06
tcn,mixed,17,em_n20004_call_covariance_s0,phase2/results/predictions/full/mixed/tcn/seed_17/em_n20004_call_covariance_s0.npz,75846,1e450f787c2473ef6349c567f1b9dad53d522b8a73f3033f354ea98b6ce24ad6
tcn,mixed,17,em_n20005_call_independent_rms_s20,phase2/results/predictions/full/mixed/tcn/seed_17/em_n20005_call_independent_rms_s20.npz,76419,fd15b2ec9370d02f60d3e778326276513172374f0f790659f852b28af04863cb
tcn,mixed,17,em_n20005_call_independent_rms_s10,phase2/results/predictions/full/mixed/tcn/seed_17/em_n20005_call_independent_rms_s10.npz,76364,7c5e16a6c4783274472cd2b8f64f90a3c93740aecf7babd5caaf65498aed7da3
tcn,mixed,17,em_n20005_call_independent_rms_s0,phase2/results/predictions/full/mixed/tcn/seed_17/em_n20005_call_independent_rms_s0.npz,75991,812d3cf07a1f9f2967633daa36ea95f75da2b5ec446d6a2247289c559b348a71
tcn,mixed,17,em_n20005_call_electrode_s20,phase2/results/predictions/full/mixed/tcn/seed_17/em_n20005_call_electrode_s20.npz,76399,95eae4c9993d2ed1d84cd248217002a63c4eeddd11e1ce47732646c71597b6a4
tcn,mixed,17,em_n20005_call_electrode_s10,phase2/results/predictions/full/mixed/tcn/seed_17/em_n20005_call_electrode_s10.npz,76327,bee486342d5bceb4d3ad6f1c55dde8a4c875f16ee937af8f10085b5c3929017e
tcn,mixed,17,em_n20005_call_electrode_s0,phase2/results/predictions/full/mixed/tcn/seed_17/em_n20005_call_electrode_s0.npz,75873,f99b701034b3cfb0c38c320fa820dcd2a028ebded69342e6390badd3dae52622
tcn,mixed,17,em_n20005_call_covariance_s20,phase2/results/predictions/full/mixed/tcn/seed_17/em_n20005_call_covariance_s20.npz,76379,4caf50924695d9d1b27441ea57c3329c2890a8f2ececdd6b4d5380161eb20704
tcn,mixed,17,em_n20005_call_covariance_s10,phase2/results/predictions/full/mixed/tcn/seed_17/em_n20005_call_covariance_s10.npz,76314,c67836cab67f92f645f9405d303c775038a59cf4bd4f9b0db987e97c740e1f22
tcn,mixed,17,em_n20005_call_covariance_s0,phase2/results/predictions/full/mixed/tcn/seed_17/em_n20005_call_covariance_s0.npz,75864,179d0627dfc0a88bec7398da5b7efd1f5108503e9b7acb16c7fe9db2fe7d4a8c
tcn,clean_only,29,clean,phase2/results/predictions/full/clean_only/tcn/seed_29/clean.npz,76340,e6a485a82494bc5ecb82dd1647dabb0fffd934238ff56db20faed0dc5ff61475
tcn,clean_only,29,bandpass_n20001_cRA_LA_LL_independent_rms_s20,phase2/results/predictions/full/clean_only/tcn/seed_29/bandpass_n20001_cRA_LA_LL_independent_rms_s20.npz,76396,dc53cb5ef9e01397a172b56fec0a0d9b69caf59bbff41bdddcca41d61c62f5a3
tcn,clean_only,29,bandpass_n20001_cRA_LA_LL_independent_rms_s15,phase2/results/predictions/full/clean_only/tcn/seed_29/bandpass_n20001_cRA_LA_LL_independent_rms_s15.npz,76404,8a6cb9df5a967d1f7326220d28f0edb3b1c47b748bc611747d3a5a9b473bf05f
tcn,clean_only,29,bandpass_n20001_cRA_LA_LL_independent_rms_s10,phase2/results/predictions/full/clean_only/tcn/seed_29/bandpass_n20001_cRA_LA_LL_independent_rms_s10.npz,76317,34bc9a9b7eea8356baa44a9a1d1b0e01642d9cba8494779003a1069d5850e96c
tcn,clean_only,29,bandpass_n20001_cRA_LA_LL_independent_rms_s5,phase2/results/predictions/full/clean_only/tcn/seed_29/bandpass_n20001_cRA_LA_LL_independent_rms_s5.npz,76134,77396febf24e73680d91652acd276d584c6dca76e6ef526efcdfa4c047d4fdc1
tcn,clean_only,29,bandpass_n20001_cRA_LA_LL_independent_rms_s0,phase2/results/predictions/full/clean_only/tcn/seed_29/bandpass_n20001_cRA_LA_LL_independent_rms_s0.npz,75860,7a07bf2b422e35002fe8f608a1b038a9ffa7dbd93920d8cd18c43d1faec9dbb4
tcn,clean_only,29,bandpass_n20001_cRA_LA_LL_electrode_s20,phase2/results/predictions/full/clean_only/tcn/seed_29/bandpass_n20001_cRA_LA_LL_electrode_s20.npz,76341,b1e8fdc4794e5a1c854c771f6475da84ded6356fb5558842861e68c62a08a7aa
tcn,clean_only,29,bandpass_n20001_cRA_LA_LL_electrode_s15,phase2/results/predictions/full/clean_only/tcn/seed_29/bandpass_n20001_cRA_LA_LL_electrode_s15.npz,76387,0edaff83c434faed8297d6d306e75d99ca7cdf07abc00269e9c1fb266015032d
tcn,clean_only,29,bandpass_n20001_cRA_LA_LL_electrode_s10,phase2/results/predictions/full/clean_only/tcn/seed_29/bandpass_n20001_cRA_LA_LL_electrode_s10.npz,76255,5cda76211ac475feeb35cba6752e032296eca0ad0eef3665049d4f0e77e90f28
tcn,clean_only,29,bandpass_n20001_cRA_LA_LL_electrode_s5,phase2/results/predictions/full/clean_only/tcn/seed_29/bandpass_n20001_cRA_LA_LL_electrode_s5.npz,75955,2e24a9e22ea90bb2f31f14257ff48e8b2d8d6e4631411d96f7cc53e836ebc197
tcn,clean_only,29,bandpass_n20001_cRA_LA_LL_electrode_s0,phase2/results/predictions/full/clean_only/tcn/seed_29/bandpass_n20001_cRA_LA_LL_electrode_s0.npz,75735,4010066370d4d4aebbdf742bc5cf13adcf2a2edfe4d8adba0b77cff1b8b32a88
tcn,clean_only,29,bandpass_n20001_cRA_LA_LL_covariance_s20,phase2/results/predictions/full/clean_only/tcn/seed_29/bandpass_n20001_cRA_LA_LL_covariance_s20.npz,76365,414ef78275888a9075c932d713205249d3f297103d2b909c9406ae120b0c4d28
tcn,clean_only,29,bandpass_n20001_cRA_LA_LL_covariance_s15,phase2/results/predictions/full/clean_only/tcn/seed_29/bandpass_n20001_cRA_LA_LL_covariance_s15.npz,76347,624f4182d417557503394e7a0ea5bc40db22a4062748f1e66a455e889ae6a74a
tcn,clean_only,29,bandpass_n20001_cRA_LA_LL_covariance_s10,phase2/results/predictions/full/clean_only/tcn/seed_29/bandpass_n20001_cRA_LA_LL_covariance_s10.npz,76225,27c702b58953822d6e9a98bd0d1e891b7298785612fd227c9604285b3a580b68
tcn,clean_only,29,bandpass_n20001_cRA_LA_LL_covariance_s5,phase2/results/predictions/full/clean_only/tcn/seed_29/bandpass_n20001_cRA_LA_LL_covariance_s5.npz,75994,28f66a4aafc62411d1e0528ba93a6b28e9d07c24d352fdf5536edde353389f07
tcn,clean_only,29,bandpass_n20001_cRA_LA_LL_covariance_s0,phase2/results/predictions/full/clean_only/tcn/seed_29/bandpass_n20001_cRA_LA_LL_covariance_s0.npz,75732,1e04d0096cf495600c91a20762be664b6f1697a272a63b004872fbff0eb9f6b6
tcn,clean_only,29,bandpass_n20001_cV1_independent_rms_s20,phase2/results/predictions/full/clean_only/tcn/seed_29/bandpass_n20001_cV1_independent_rms_s20.npz,76374,a33ad85851e337c4955add2778393007e73322415995dc7dbae4c43b87a9fe41
tcn,clean_only,29,bandpass_n20001_cV1_independent_rms_s15,phase2/results/predictions/full/clean_only/tcn/seed_29/bandpass_n20001_cV1_independent_rms_s15.npz,76337,2bbba8838c8cc8d9a44f1b2dd18794c7fbf7d6251615ea932375d1e901afcf16
tcn,clean_only,29,bandpass_n20001_cV1_independent_rms_s10,phase2/results/predictions/full/clean_only/tcn/seed_29/bandpass_n20001_cV1_independent_rms_s10.npz,76225,fa2798433984748d35876e094f8e110d54b25f6d704c04a680e5589e5daa3d24
tcn,clean_only,29,bandpass_n20001_cV1_independent_rms_s5,phase2/results/predictions/full/clean_only/tcn/seed_29/bandpass_n20001_cV1_independent_rms_s5.npz,76030,c0505c0723c5aaadf936f81c03e89f3bedb8c7efbc5590a8501fdbf7a368d8ef
tcn,clean_only,29,bandpass_n20001_cV1_independent_rms_s0,phase2/results/predictions/full/clean_only/tcn/seed_29/bandpass_n20001_cV1_independent_rms_s0.npz,75701,a6b34ef1c93ca21320de1850df2006ceba01bccbd24dbb55dc504211aea6a67f
tcn,clean_only,29,bandpass_n20001_cV1_electrode_s20,phase2/results/predictions/full/clean_only/tcn/seed_29/bandpass_n20001_cV1_electrode_s20.npz,76374,e790e3105f2da627a5dcc50692cd6b6a343deb0770d6772770add801eadb35d1
tcn,clean_only,29,bandpass_n20001_cV1_electrode_s15,phase2/results/predictions/full/clean_only/tcn/seed_29/bandpass_n20001_cV1_electrode_s15.npz,76331,fa27236f00f19826e5c7b752d5844c94beee154aea20c1b6179e56c5f92aee59
tcn,clean_only,29,bandpass_n20001_cV1_electrode_s10,phase2/results/predictions/full/clean_only/tcn/seed_29/bandpass_n20001_cV1_electrode_s10.npz,76252,4bc73997b41b9e3878b06dad193d7732fbd0e64595bba676078c510c8dade833
tcn,clean_only,29,bandpass_n20001_cV1_electrode_s5,phase2/results/predictions/full/clean_only/tcn/seed_29/bandpass_n20001_cV1_electrode_s5.npz,76003,56555a53274acd301ef92aedf27a91eead75fcd9397abfdd7e5915c52c171fe9
tcn,clean_only,29,bandpass_n20001_cV1_electrode_s0,phase2/results/predictions/full/clean_only/tcn/seed_29/bandpass_n20001_cV1_electrode_s0.npz,75668,0dee11f8c7a7cccde8305ee2ce4926492d6948e9c5fdf3e40378cbb800003af7
tcn,clean_only,29,bandpass_n20001_cV1_covariance_s20,phase2/results/predictions/full/clean_only/tcn/seed_29/bandpass_n20001_cV1_covariance_s20.npz,76359,4d7df52d27e72abda3780ae61cea75dab548446509dd5c95264ed991f7dc0bc4
tcn,clean_only,29,bandpass_n20001_cV1_covariance_s15,phase2/results/predictions/full/clean_only/tcn/seed_29/bandpass_n20001_cV1_covariance_s15.npz,76352,ff5abba9dd43fb96ea5d9326d5c0b737faaf48fa818b6f4a72cacb5bd825faac
tcn,clean_only,29,bandpass_n20001_cV1_covariance_s10,phase2/results/predictions/full/clean_only/tcn/seed_29/bandpass_n20001_cV1_covariance_s10.npz,76263,2a91d511f43d45c5bbb3ac16a57c4903c91e5f87c0b29e92a6c00cee50eda34d
tcn,clean_only,29,bandpass_n20001_cV1_covariance_s5,phase2/results/predictions/full/clean_only/tcn/seed_29/bandpass_n20001_cV1_covariance_s5.npz,76039,7f88c0db18e7c4bdcd1945d7459afbcd5787ff89c20a3ece82d2795cbc542090
tcn,clean_only,29,bandpass_n20001_cV1_covariance_s0,phase2/results/predictions/full/clean_only/tcn/seed_29/bandpass_n20001_cV1_covariance_s0.npz,75680,075367f5c371ee7637c18480e37906448ac342fc5a70c7a0f144fdf2786b360b
tcn,clean_only,29,bandpass_n20001_cV2_independent_rms_s20,phase2/results/predictions/full/clean_only/tcn/seed_29/bandpass_n20001_cV2_independent_rms_s20.npz,76376,4a4ae7d550523be67e3f5f5ec00b0470df5866ad228269cb5b3085c46a4d8ee7
tcn,clean_only,29,bandpass_n20001_cV2_independent_rms_s15,phase2/results/predictions/full/clean_only/tcn/seed_29/bandpass_n20001_cV2_independent_rms_s15.npz,76378,8bf0584d7e16dbdf7d33e61b474ddf8bb96c34645c4e1946d63005d81a022339
tcn,clean_only,29,bandpass_n20001_cV2_independent_rms_s10,phase2/results/predictions/full/clean_only/tcn/seed_29/bandpass_n20001_cV2_independent_rms_s10.npz,76320,74e2da9e88a3c7f4372e330b262ac7db85de7747be85a8636faac3cd7d01bf3c
tcn,clean_only,29,bandpass_n20001_cV2_independent_rms_s5,phase2/results/predictions/full/clean_only/tcn/seed_29/bandpass_n20001_cV2_independent_rms_s5.npz,76154,8778e5b09c1863b7987472a0620887e721bb821dc007c8ca0b3d713300965180
tcn,clean_only,29,bandpass_n20001_cV2_independent_rms_s0,phase2/results/predictions/full/clean_only/tcn/seed_29/bandpass_n20001_cV2_independent_rms_s0.npz,75871,f94ed8685a807c540d6ed1b60d0575c25b8beb97b3bfff3012e14123e1e2aa29
tcn,clean_only,29,bandpass_n20001_cV2_electrode_s20,phase2/results/predictions/full/clean_only/tcn/seed_29/bandpass_n20001_cV2_electrode_s20.npz,76382,97dd795c228d3603a6c6255db6f33693a451c62667a1e52802ef6bf615113b6e
tcn,clean_only,29,bandpass_n20001_cV2_electrode_s15,phase2/results/predictions/full/clean_only/tcn/seed_29/bandpass_n20001_cV2_electrode_s15.npz,76378,5351e0c9cee9e6c7dc809dc7d27a8ef1e0b8f571b6cd3c43e3040ed67708f2e8
tcn,clean_only,29,bandpass_n20001_cV2_electrode_s10,phase2/results/predictions/full/clean_only/tcn/seed_29/bandpass_n20001_cV2_electrode_s10.npz,76302,b40190ba7303282f1f7ac3e1abf50cdd1930cc70473f8080782d12cd62e84365
tcn,clean_only,29,bandpass_n20001_cV2_electrode_s5,phase2/results/predictions/full/clean_only/tcn/seed_29/bandpass_n20001_cV2_electrode_s5.npz,76128,b1ab8c9a755c5645c086ddfcd9e7dc406c394dd7a66a5eaa6ddc37a7f1be3788
tcn,clean_only,29,bandpass_n20001_cV2_electrode_s0,phase2/results/predictions/full/clean_only/tcn/seed_29/bandpass_n20001_cV2_electrode_s0.npz,75882,d304f5245949c0e8e417fb13ae14ccc75a77a8deefee3909bbcc78ffcc0547aa
tcn,clean_only,29,bandpass_n20001_cV2_covariance_s20,phase2/results/predictions/full/clean_only/tcn/seed_29/bandpass_n20001_cV2_covariance_s20.npz,76382,15a39258ac3742e4f388223263446e3311ce7bdb5948e1b15b124507d59352e4
tcn,clean_only,29,bandpass_n20001_cV2_covariance_s15,phase2/results/predictions/full/clean_only/tcn/seed_29/bandpass_n20001_cV2_covariance_s15.npz,76382,7f7e7dcdfaec9d63458b86c5d5585dc7ed007c80243f46c9e8fdc5f4c4c3231d
tcn,clean_only,29,bandpass_n20001_cV2_covariance_s10,phase2/results/predictions/full/clean_only/tcn/seed_29/bandpass_n20001_cV2_covariance_s10.npz,76284,94fb50207af043ba1bbc0f11a4c139d96d9dee618fd320b3d62168d29b4f12e7
tcn,clean_only,29,bandpass_n20001_cV2_covariance_s5,phase2/results/predictions/full/clean_only/tcn/seed_29/bandpass_n20001_cV2_covariance_s5.npz,76161,e2c7459e9a10f6b9e5057d05cd0bb4bc57180830e7724d0645b7fc4410935895
tcn,clean_only,29,bandpass_n20001_cV2_covariance_s0,phase2/results/predictions/full/clean_only/tcn/seed_29/bandpass_n20001_cV2_covariance_s0.npz,75872,74c7531c9b34ce368191ddcc2619cc98842dc911e4be1840b526fd2bf8fec4d3
tcn,clean_only,29,bandpass_n20001_cV3_independent_rms_s20,phase2/results/predictions/full/clean_only/tcn/seed_29/bandpass_n20001_cV3_independent_rms_s20.npz,76382,91c52ca3b29ff4c9c1fd4478d2ed0aea529f2df083d39aad8595fd7d6f97483a
tcn,clean_only,29,bandpass_n20001_cV3_independent_rms_s15,phase2/results/predictions/full/clean_only/tcn/seed_29/bandpass_n20001_cV3_independent_rms_s15.npz,76371,7f54f5931fb46f05635ce49f1fac84ff539600dbe99f1153f3978c03b933b755
tcn,clean_only,29,bandpass_n20001_cV3_independent_rms_s10,phase2/results/predictions/full/clean_only/tcn/seed_29/bandpass_n20001_cV3_independent_rms_s10.npz,76403,9937e170a8745d8539849e5ab1416d8a29eb77f1b671d88ef013ea853428a432
tcn,clean_only,29,bandpass_n20001_cV3_independent_rms_s5,phase2/results/predictions/full/clean_only/tcn/seed_29/bandpass_n20001_cV3_independent_rms_s5.npz,76289,bc75b546ecb6ebe0e40bf3ae258d77488f47d9fb078044076fc67e356994c606
tcn,clean_only,29,bandpass_n20001_cV3_independent_rms_s0,phase2/results/predictions/full/clean_only/tcn/seed_29/bandpass_n20001_cV3_independent_rms_s0.npz,76169,c95091d2a17a72b9873b5f91567ceb80bd1567b51a48f11f2153a03e51a6cd4c
tcn,clean_only,29,bandpass_n20001_cV3_electrode_s20,phase2/results/predictions/full/clean_only/tcn/seed_29/bandpass_n20001_cV3_electrode_s20.npz,76384,63433356e97ece23dadc7f34a097711d82883e5b31d005f58c49f7b000e19b64
tcn,clean_only,29,bandpass_n20001_cV3_electrode_s15,phase2/results/predictions/full/clean_only/tcn/seed_29/bandpass_n20001_cV3_electrode_s15.npz,76387,678a3469f57dedd4fffc81c312318048d2d9a992f18cc608b7dfadcf3067e208
tcn,clean_only,29,bandpass_n20001_cV3_electrode_s10,phase2/results/predictions/full/clean_only/tcn/seed_29/bandpass_n20001_cV3_electrode_s10.npz,76369,ecf819392342254a364425250984f75bc24c5ac6b2249d7f042707d5d783617c
tcn,clean_only,29,bandpass_n20001_cV3_electrode_s5,phase2/results/predictions/full/clean_only/tcn/seed_29/bandpass_n20001_cV3_electrode_s5.npz,76310,2e553c4d32d0d6250bb14bedb114f8b9847e10c55e61635742ab8f618dc23109
tcn,clean_only,29,bandpass_n20001_cV3_electrode_s0,phase2/results/predictions/full/clean_only/tcn/seed_29/bandpass_n20001_cV3_electrode_s0.npz,76182,eabf53a1a7c2870ba6d6e562454a626b37c8074bd15906294a5dd11508929dfb
tcn,clean_only,29,bandpass_n20001_cV3_covariance_s20,phase2/results/predictions/full/clean_only/tcn/seed_29/bandpass_n20001_cV3_covariance_s20.npz,76393,aa60e07bbbf49cf6a9dfe3549abeb73a00b7b637cae0bdb1949fe81195732311
tcn,clean_only,29,bandpass_n20001_cV3_covariance_s15,phase2/results/predictions/full/clean_only/tcn/seed_29/bandpass_n20001_cV3_covariance_s15.npz,76385,9e2cb80709057f6ff3fec80b80853df68e4e65fab722b3925a0d0aae5f5363a8
tcn,clean_only,29,bandpass_n20001_cV3_covariance_s10,phase2/results/predictions/full/clean_only/tcn/seed_29/bandpass_n20001_cV3_covariance_s10.npz,76374,7f4a0f5d6ec80809443303a471b53320d4484b948d2196bc7ed413fcfdf942e3
tcn,clean_only,29,bandpass_n20001_cV3_covariance_s5,phase2/results/predictions/full/clean_only/tcn/seed_29/bandpass_n20001_cV3_covariance_s5.npz,76312,ab7404ed91641dc666c1cd26ae8c89d30a129f7ebd1a8c4e6c3faad6b343c50c
tcn,clean_only,29,bandpass_n20001_cV3_covariance_s0,phase2/results/predictions/full/clean_only/tcn/seed_29/bandpass_n20001_cV3_covariance_s0.npz,76148,ab6d13cb953c1e56e49a045b276d80bdbea55e8352c65ac02a5e664c4067d5c3
tcn,clean_only,29,bandpass_n20001_cV4_independent_rms_s20,phase2/results/predictions/full/clean_only/tcn/seed_29/bandpass_n20001_cV4_independent_rms_s20.npz,76404,7fde6b6ea075c52c663b5d32fb4be234088bd3c64f43b3e2049dd95a65ae046d
tcn,clean_only,29,bandpass_n20001_cV4_independent_rms_s15,phase2/results/predictions/full/clean_only/tcn/seed_29/bandpass_n20001_cV4_independent_rms_s15.npz,76370,12ff79af0f12e5b3ed03557156f10fe8390951fd5c0ea3fc610e9fb05eddf866
tcn,clean_only,29,bandpass_n20001_cV4_independent_rms_s10,phase2/results/predictions/full/clean_only/tcn/seed_29/bandpass_n20001_cV4_independent_rms_s10.npz,76390,55559d32bdd4367af54f85eb2e5c6fdb5fe4961b00f60f73a90a8e62c2d32ead
tcn,clean_only,29,bandpass_n20001_cV4_independent_rms_s5,phase2/results/predictions/full/clean_only/tcn/seed_29/bandpass_n20001_cV4_independent_rms_s5.npz,76259,6318914ccfb33877eec2d0127253e98868593939d923e696c95cc07c186450e9
tcn,clean_only,29,bandpass_n20001_cV4_independent_rms_s0,phase2/results/predictions/full/clean_only/tcn/seed_29/bandpass_n20001_cV4_independent_rms_s0.npz,76046,ad49fe564ce75d566b983edb326024413d10738e76fcf5ec420816ed5fb47c76
tcn,clean_only,29,bandpass_n20001_cV4_electrode_s20,phase2/results/predictions/full/clean_only/tcn/seed_29/bandpass_n20001_cV4_electrode_s20.npz,76374,81b79cf6880e2551a33dabf14b0ee213dc4f02904efd3387b81aa052eb84b505
tcn,clean_only,29,bandpass_n20001_cV4_electrode_s15,phase2/results/predictions/full/clean_only/tcn/seed_29/bandpass_n20001_cV4_electrode_s15.npz,76366,17433e42c870848a0738322564db04cc57d089df429d9db6a7179afa9409cfd7
tcn,clean_only,29,bandpass_n20001_cV4_electrode_s10,phase2/results/predictions/full/clean_only/tcn/seed_29/bandpass_n20001_cV4_electrode_s10.npz,76350,59316385c4f023bcada9de6909c0326401623c851f2e57155e3597245a6636d8
tcn,clean_only,29,bandpass_n20001_cV4_electrode_s5,phase2/results/predictions/full/clean_only/tcn/seed_29/bandpass_n20001_cV4_electrode_s5.npz,76254,7c3e764dd3ed340dfa9500a895d743305effb379657ab5e31f7eadcaf49fcebb
tcn,clean_only,29,bandpass_n20001_cV4_electrode_s0,phase2/results/predictions/full/clean_only/tcn/seed_29/bandpass_n20001_cV4_electrode_s0.npz,76079,71615bf5a586396aa4a516a6db0be016b4e12b4f5c881c23b65fdafbb17162a7
tcn,clean_only,29,bandpass_n20001_cV4_covariance_s20,phase2/results/predictions/full/clean_only/tcn/seed_29/bandpass_n20001_cV4_covariance_s20.npz,76399,14a33bd385ad9afaf08fc155e5d0fb28e5787f57d173e9cf7ade528089770011
tcn,clean_only,29,bandpass_n20001_cV4_covariance_s15,phase2/results/predictions/full/clean_only/tcn/seed_29/bandpass_n20001_cV4_covariance_s15.npz,76377,d2e4467e89926353c722beabaacbb07ccc6764f5a6398913b1c4ba0d58780146
tcn,clean_only,29,bandpass_n20001_cV4_covariance_s10,phase2/results/predictions/full/clean_only/tcn/seed_29/bandpass_n20001_cV4_covariance_s10.npz,76366,482f29f010b34a30e91b61ae777fcbd50cc1c582056dca99d4c1f8af7c665e27
tcn,clean_only,29,bandpass_n20001_cV4_covariance_s5,phase2/results/predictions/full/clean_only/tcn/seed_29/bandpass_n20001_cV4_covariance_s5.npz,76257,cbb3ff0073de113e57a8fadb7845af86ca87d751b6f60f386dd7f14fa949f61e
tcn,clean_only,29,bandpass_n20001_cV4_covariance_s0,phase2/results/predictions/full/clean_only/tcn/seed_29/bandpass_n20001_cV4_covariance_s0.npz,76074,d1301cacc659d390a761cfe055e3d869a2f68a9ca9fc5d751f3c0fb337ad346b
tcn,clean_only,29,bandpass_n20001_cV5_independent_rms_s20,phase2/results/predictions/full/clean_only/tcn/seed_29/bandpass_n20001_cV5_independent_rms_s20.npz,76403,bb474009e1a22bfb2f3c6223e174a80eac7f5de3eb5645eb8dbbdc26dfb0d62b
tcn,clean_only,29,bandpass_n20001_cV5_independent_rms_s15,phase2/results/predictions/full/clean_only/tcn/seed_29/bandpass_n20001_cV5_independent_rms_s15.npz,76377,f7b06d81c4067c2724550f01dc2f1dd8854ca9e1097d8d94b2589ea84b105f88
tcn,clean_only,29,bandpass_n20001_cV5_independent_rms_s10,phase2/results/predictions/full/clean_only/tcn/seed_29/bandpass_n20001_cV5_independent_rms_s10.npz,76368,ae5469cc4d993460c8d8a583ca8ef6cc2541e580c26e9d80f7d4084738fc3699
tcn,clean_only,29,bandpass_n20001_cV5_independent_rms_s5,phase2/results/predictions/full/clean_only/tcn/seed_29/bandpass_n20001_cV5_independent_rms_s5.npz,76202,24147edcb42aa193ca0dd3c8339b2e16500497d4248ea60f8ab0ecd45bc512ba
tcn,clean_only,29,bandpass_n20001_cV5_independent_rms_s0,phase2/results/predictions/full/clean_only/tcn/seed_29/bandpass_n20001_cV5_independent_rms_s0.npz,76004,2fb224e4ba6f5ffe223fb036628acf3338c6508bf73ed12fe0f9098c9c75e5db
tcn,clean_only,29,bandpass_n20001_cV5_electrode_s20,phase2/results/predictions/full/clean_only/tcn/seed_29/bandpass_n20001_cV5_electrode_s20.npz,76366,5627d532c13128ed2ca2aca51690a715ffe5c82758a52ca33a3d3d2b012a567e
tcn,clean_only,29,bandpass_n20001_cV5_electrode_s15,phase2/results/predictions/full/clean_only/tcn/seed_29/bandpass_n20001_cV5_electrode_s15.npz,76370,be12da197a761e3c6204c408bce02d683261d24ba75df92027f7d8c409903b32
tcn,clean_only,29,bandpass_n20001_cV5_electrode_s10,phase2/results/predictions/full/clean_only/tcn/seed_29/bandpass_n20001_cV5_electrode_s10.npz,76336,db9cbe8cf9a6eb06c182fc3d3ecb4c51d3b51f8dd5bfdd72fd4148cd11a57653
tcn,clean_only,29,bandpass_n20001_cV5_electrode_s5,phase2/results/predictions/full/clean_only/tcn/seed_29/bandpass_n20001_cV5_electrode_s5.npz,76217,49d6f00b5b9b5ef59e6222676436058be7d5923e8372a8bc16aefe9b9b962380
tcn,clean_only,29,bandpass_n20001_cV5_electrode_s0,phase2/results/predictions/full/clean_only/tcn/seed_29/bandpass_n20001_cV5_electrode_s0.npz,75975,e079de1a1572aff700278d49e9ea385dce08ea1411ceeccab2cffb7074604aff
tcn,clean_only,29,bandpass_n20001_cV5_covariance_s20,phase2/results/predictions/full/clean_only/tcn/seed_29/bandpass_n20001_cV5_covariance_s20.npz,76364,f7d828fdc35860a9a1c1b425b7235af59caadf5ea3c1cff3957caa039f6b098e
tcn,clean_only,29,bandpass_n20001_cV5_covariance_s15,phase2/results/predictions/full/clean_only/tcn/seed_29/bandpass_n20001_cV5_covariance_s15.npz,76380,6400543beb23c61e548084db22d8d251715fc703cff4209511556e8c35c4d946
tcn,clean_only,29,bandpass_n20001_cV5_covariance_s10,phase2/results/predictions/full/clean_only/tcn/seed_29/bandpass_n20001_cV5_covariance_s10.npz,76323,bf77cb226a6790a6a77b312a7054ec4a8e421f12bdff33c12a041699f61033f9
tcn,clean_only,29,bandpass_n20001_cV5_covariance_s5,phase2/results/predictions/full/clean_only/tcn/seed_29/bandpass_n20001_cV5_covariance_s5.npz,76217,9436dc62ebb12b58311ba25f8f5b7d1724a92f9a82cb79384c2fbbcf76a033fb
tcn,clean_only,29,bandpass_n20001_cV5_covariance_s0,phase2/results/predictions/full/clean_only/tcn/seed_29/bandpass_n20001_cV5_covariance_s0.npz,75958,f6c6a33d12905e3bcc4eaa2eda4ed2dc1bcd9012a10794fe7b0e3e64608615db
tcn,clean_only,29,bandpass_n20001_cV6_independent_rms_s20,phase2/results/predictions/full/clean_only/tcn/seed_29/bandpass_n20001_cV6_independent_rms_s20.npz,76375,617cd44641c711f43c8dfd3a0d1cb919793b042f31e95cf10c2f318e74e6fda5
tcn,clean_only,29,bandpass_n20001_cV6_independent_rms_s15,phase2/results/predictions/full/clean_only/tcn/seed_29/bandpass_n20001_cV6_independent_rms_s15.npz,76377,95f036519943398b2f0c9ff69804715dce01fbc641a802ff244addc966d69d66
tcn,clean_only,29,bandpass_n20001_cV6_independent_rms_s10,phase2/results/predictions/full/clean_only/tcn/seed_29/bandpass_n20001_cV6_independent_rms_s10.npz,76324,dbab5b6453f182d7cd7b3fee1f5967fe45980e6ab4e5d727f60465f5b3d90728
tcn,clean_only,29,bandpass_n20001_cV6_independent_rms_s5,phase2/results/predictions/full/clean_only/tcn/seed_29/bandpass_n20001_cV6_independent_rms_s5.npz,76205,2de80fde79ccbf702364497d9667c94e443e92f6d0c143a24b67b897c810a905
tcn,clean_only,29,bandpass_n20001_cV6_independent_rms_s0,phase2/results/predictions/full/clean_only/tcn/seed_29/bandpass_n20001_cV6_independent_rms_s0.npz,75937,63fdb794b3cce438e65ee8f0ed4f3bc00b8adf75c8fa78860c2011f5b4683e72
tcn,clean_only,29,bandpass_n20001_cV6_electrode_s20,phase2/results/predictions/full/clean_only/tcn/seed_29/bandpass_n20001_cV6_electrode_s20.npz,76382,cef9feef923486663239cb83c28623958920c6ebbd30d7dfdf18cbc8a4e7164c
tcn,clean_only,29,bandpass_n20001_cV6_electrode_s15,phase2/results/predictions/full/clean_only/tcn/seed_29/bandpass_n20001_cV6_electrode_s15.npz,76357,e889d44c90c120d1c293c76924b49ca1b4f510b990c6fc0c9ccc0b6e354aeba5
tcn,clean_only,29,bandpass_n20001_cV6_electrode_s10,phase2/results/predictions/full/clean_only/tcn/seed_29/bandpass_n20001_cV6_electrode_s10.npz,76335,c242c842e5649899cab1f97b70c62c74433be6c1ec7cb5ab8d93f701d2ce1253
tcn,clean_only,29,bandpass_n20001_cV6_electrode_s5,phase2/results/predictions/full/clean_only/tcn/seed_29/bandpass_n20001_cV6_electrode_s5.npz,76169,77ae8b31f6bf976790ab3326eb1f296925912ddc129be7fc5dc73dfa4829754a
tcn,clean_only,29,bandpass_n20001_cV6_electrode_s0,phase2/results/predictions/full/clean_only/tcn/seed_29/bandpass_n20001_cV6_electrode_s0.npz,75942,6e5aa703e75c53b092f41e21dec4c7875dd6933cc4545661c1907c6827eab54c
tcn,clean_only,29,bandpass_n20001_cV6_covariance_s20,phase2/results/predictions/full/clean_only/tcn/seed_29/bandpass_n20001_cV6_covariance_s20.npz,76389,3ed8845d2df0ea9f1a36e659bb6a759a4afe600f8e285f1d6b113051951de6e8
tcn,clean_only,29,bandpass_n20001_cV6_covariance_s15,phase2/results/predictions/full/clean_only/tcn/seed_29/bandpass_n20001_cV6_covariance_s15.npz,76350,38e06e51f64f70f2e28fb3f38fb45582712b837ec1bb0f84bbadc680c2016dee
tcn,clean_only,29,bandpass_n20001_cV6_covariance_s10,phase2/results/predictions/full/clean_only/tcn/seed_29/bandpass_n20001_cV6_covariance_s10.npz,76331,34abbd31cc42be9b7c635627948155c0cf4c3c8b7fdfb48cd2630a99b4fdd0a6
tcn,clean_only,29,bandpass_n20001_cV6_covariance_s5,phase2/results/predictions/full/clean_only/tcn/seed_29/bandpass_n20001_cV6_covariance_s5.npz,76224,f8cdfc0e4b20cc58fadd1d13e6ef1d5b497bf8bd8dadedcf97f30fcc3ab3c083
tcn,clean_only,29,bandpass_n20001_cV6_covariance_s0,phase2/results/predictions/full/clean_only/tcn/seed_29/bandpass_n20001_cV6_covariance_s0.npz,75964,c6a5cd3a643fe62db446d3a620d35c53e4c00b6c87941a939eb1635fbb9412ea
tcn,clean_only,29,bandpass_n20001_cRA_LA_independent_rms_s20,phase2/results/predictions/full/clean_only/tcn/seed_29/bandpass_n20001_cRA_LA_independent_rms_s20.npz,76394,72ff9bc925415d20ed7e3787022466cb2d294e5e9b57cd77a008e006d44afc9a
tcn,clean_only,29,bandpass_n20001_cRA_LA_independent_rms_s15,phase2/results/predictions/full/clean_only/tcn/seed_29/bandpass_n20001_cRA_LA_independent_rms_s15.npz,76381,9cef92c2089aa9f7e94923c8bccb2c79e10d777b51b112943adb44c37cc014f8
tcn,clean_only,29,bandpass_n20001_cRA_LA_independent_rms_s10,phase2/results/predictions/full/clean_only/tcn/seed_29/bandpass_n20001_cRA_LA_independent_rms_s10.npz,76312,8f65ac6921732cc6410812dd200b0611110950d01940a03df1a21b8aa16b1455
tcn,clean_only,29,bandpass_n20001_cRA_LA_independent_rms_s5,phase2/results/predictions/full/clean_only/tcn/seed_29/bandpass_n20001_cRA_LA_independent_rms_s5.npz,76136,ead0992548bdc295cc97c096d5e112314562e1afd419f421f82a1eaf72946440
tcn,clean_only,29,bandpass_n20001_cRA_LA_independent_rms_s0,phase2/results/predictions/full/clean_only/tcn/seed_29/bandpass_n20001_cRA_LA_independent_rms_s0.npz,75876,272b54b1b78c93b203ebaf8877ea532c68316943770589034e7c034ad9cac2cd
tcn,clean_only,29,bandpass_n20001_cRA_LA_electrode_s20,phase2/results/predictions/full/clean_only/tcn/seed_29/bandpass_n20001_cRA_LA_electrode_s20.npz,76398,7d1bb9f7c2c6e7efe2b00f136f650f5ecb1cbf3fbc1656ea1262c6316cad0e06
tcn,clean_only,29,bandpass_n20001_cRA_LA_electrode_s15,phase2/results/predictions/full/clean_only/tcn/seed_29/bandpass_n20001_cRA_LA_electrode_s15.npz,76366,b348bb6135454068441ad9ecd28db980c0716e82dc361024134c5b6f56ca1e0b
tcn,clean_only,29,bandpass_n20001_cRA_LA_electrode_s10,phase2/results/predictions/full/clean_only/tcn/seed_29/bandpass_n20001_cRA_LA_electrode_s10.npz,76241,83071c3838178f29d12581b90db850d44ba184ec812a155334869d9b2dcaa81e
tcn,clean_only,29,bandpass_n20001_cRA_LA_electrode_s5,phase2/results/predictions/full/clean_only/tcn/seed_29/bandpass_n20001_cRA_LA_electrode_s5.npz,75943,a255228ce723894b7182311ce1d92de016ca7c67837907bd4158826e1d07cfdd
tcn,clean_only,29,bandpass_n20001_cRA_LA_electrode_s0,phase2/results/predictions/full/clean_only/tcn/seed_29/bandpass_n20001_cRA_LA_electrode_s0.npz,75713,382f4ccc90868f9cc26862e6ef3eea694762ce0755124bed742314caf69fdaa2
tcn,clean_only,29,bandpass_n20001_cRA_LA_covariance_s20,phase2/results/predictions/full/clean_only/tcn/seed_29/bandpass_n20001_cRA_LA_covariance_s20.npz,76388,6f3f150ed1506238830b4c9eecf1ed2d2afdd5b6a302446c0cb00f497c5fb210
tcn,clean_only,29,bandpass_n20001_cRA_LA_covariance_s15,phase2/results/predictions/full/clean_only/tcn/seed_29/bandpass_n20001_cRA_LA_covariance_s15.npz,76337,9ad33f273749d4e1a14b379a2d7a0f6420bd9ba19997e7b1c0f45aef6c3a347f
tcn,clean_only,29,bandpass_n20001_cRA_LA_covariance_s10,phase2/results/predictions/full/clean_only/tcn/seed_29/bandpass_n20001_cRA_LA_covariance_s10.npz,76244,ff7e356924749fd4beea5e9ee4ea233b0bb8bdd1e2471ecaba87ac62d9d12a0c
tcn,clean_only,29,bandpass_n20001_cRA_LA_covariance_s5,phase2/results/predictions/full/clean_only/tcn/seed_29/bandpass_n20001_cRA_LA_covariance_s5.npz,75962,103e9c1d06d1ec3c6f46b9b50a2a023618081cd9588f97ea4a4bf76aba0b247b
tcn,clean_only,29,bandpass_n20001_cRA_LA_covariance_s0,phase2/results/predictions/full/clean_only/tcn/seed_29/bandpass_n20001_cRA_LA_covariance_s0.npz,75755,96d3ab8e955bb93cd20b917d09f0438e67a66cd29df7a8ac32bf7cd9c72447f6
tcn,clean_only,29,bandpass_n20001_cLA_LL_independent_rms_s20,phase2/results/predictions/full/clean_only/tcn/seed_29/bandpass_n20001_cLA_LL_independent_rms_s20.npz,76423,0c7521cedea85e3b36879595efdda3a0cad38f911d87fa128075280094d22d30
tcn,clean_only,29,bandpass_n20001_cLA_LL_independent_rms_s15,phase2/results/predictions/full/clean_only/tcn/seed_29/bandpass_n20001_cLA_LL_independent_rms_s15.npz,76380,fef8d398d00af06c00a814df3cfa06e6a6c872aaea7bbc4a5fa2e4b154385e4e
tcn,clean_only,29,bandpass_n20001_cLA_LL_independent_rms_s10,phase2/results/predictions/full/clean_only/tcn/seed_29/bandpass_n20001_cLA_LL_independent_rms_s10.npz,76308,e2356983282ba6d42a696d703fe4615ffe119a8557d70dd37ddf18bcb300703a
tcn,clean_only,29,bandpass_n20001_cLA_LL_independent_rms_s5,phase2/results/predictions/full/clean_only/tcn/seed_29/bandpass_n20001_cLA_LL_independent_rms_s5.npz,76146,da2f70b74f1d40ac2e71c60f420be4564a421238510d2f9d376a719154be2d35
tcn,clean_only,29,bandpass_n20001_cLA_LL_independent_rms_s0,phase2/results/predictions/full/clean_only/tcn/seed_29/bandpass_n20001_cLA_LL_independent_rms_s0.npz,75863,8d380e8ebdb8d63e736b7ab512b91417398959e8e9c467d33ad4cbb10dc50f6e
tcn,clean_only,29,bandpass_n20001_cLA_LL_electrode_s20,phase2/results/predictions/full/clean_only/tcn/seed_29/bandpass_n20001_cLA_LL_electrode_s20.npz,76360,569665ddcfbbbf4c7a97e1639b2125f976c084e1223d2d69743c773a3b10c326
tcn,clean_only,29,bandpass_n20001_cLA_LL_electrode_s15,phase2/results/predictions/full/clean_only/tcn/seed_29/bandpass_n20001_cLA_LL_electrode_s15.npz,76346,d6fdfba8cc4800b174872539523763f3cfe56514b7bfe6002360d7a5d8c8a8a8
tcn,clean_only,29,bandpass_n20001_cLA_LL_electrode_s10,phase2/results/predictions/full/clean_only/tcn/seed_29/bandpass_n20001_cLA_LL_electrode_s10.npz,76230,42436a3e43aa1c90a0c8018466a4674883b840a543a3b81d52769f0c4fda8f82
tcn,clean_only,29,bandpass_n20001_cLA_LL_electrode_s5,phase2/results/predictions/full/clean_only/tcn/seed_29/bandpass_n20001_cLA_LL_electrode_s5.npz,76013,4911756c5178a71c4a7cfce7446b5a64e18aa9e6d0d32915e8115eab02ee62d1
tcn,clean_only,29,bandpass_n20001_cLA_LL_electrode_s0,phase2/results/predictions/full/clean_only/tcn/seed_29/bandpass_n20001_cLA_LL_electrode_s0.npz,75865,62a8cb554922c1eee96150cfd8972b96421f540b48448226cf1daa1b1bec117d
tcn,clean_only,29,bandpass_n20001_cLA_LL_covariance_s20,phase2/results/predictions/full/clean_only/tcn/seed_29/bandpass_n20001_cLA_LL_covariance_s20.npz,76405,a433ac23afff42d235f06f1c0fe05c23bd5573ca4e056319ad72ce407a0e1525
tcn,clean_only,29,bandpass_n20001_cLA_LL_covariance_s15,phase2/results/predictions/full/clean_only/tcn/seed_29/bandpass_n20001_cLA_LL_covariance_s15.npz,76344,ddba616489d65e549296df2c09a219e9dd3ce6acba3e186c350a6f68a836a4bb
tcn,clean_only,29,bandpass_n20001_cLA_LL_covariance_s10,phase2/results/predictions/full/clean_only/tcn/seed_29/bandpass_n20001_cLA_LL_covariance_s10.npz,76246,1a3012230c0c91cc46f5efd0b4bbfd5dc1ea87d0208c6d75011e6b5ce1124e2e
tcn,clean_only,29,bandpass_n20001_cLA_LL_covariance_s5,phase2/results/predictions/full/clean_only/tcn/seed_29/bandpass_n20001_cLA_LL_covariance_s5.npz,75979,d5287f3a8c22eca46d764679d7ae5e53fa14e434cbd22e148b1fd5497006219c
tcn,clean_only,29,bandpass_n20001_cLA_LL_covariance_s0,phase2/results/predictions/full/clean_only/tcn/seed_29/bandpass_n20001_cLA_LL_covariance_s0.npz,75864,a4397f9f5628c0993d3ddcee902f476015b7e1ca6b7b7a7a94ca5a41974af1ce
tcn,clean_only,29,bandpass_n20001_cRA_LL_independent_rms_s20,phase2/results/predictions/full/clean_only/tcn/seed_29/bandpass_n20001_cRA_LL_independent_rms_s20.npz,76398,f407b4cebfc3fdba68116d153aaa81822ab6c042aef4f9d4a6d5a2bd454665b9
tcn,clean_only,29,bandpass_n20001_cRA_LL_independent_rms_s15,phase2/results/predictions/full/clean_only/tcn/seed_29/bandpass_n20001_cRA_LL_independent_rms_s15.npz,76387,bad9de5aec794ed77f243062da4bde7ce62823fbcc2b2091a9ab7f8f4785f924
tcn,clean_only,29,bandpass_n20001_cRA_LL_independent_rms_s10,phase2/results/predictions/full/clean_only/tcn/seed_29/bandpass_n20001_cRA_LL_independent_rms_s10.npz,76336,d98a30cff4ef82948bbf5163c5a3021af5199661a72df53a0b11e77bfe3436e7
tcn,clean_only,29,bandpass_n20001_cRA_LL_independent_rms_s5,phase2/results/predictions/full/clean_only/tcn/seed_29/bandpass_n20001_cRA_LL_independent_rms_s5.npz,76147,6a81996e2eff7ebdb5a2e096b74a1beebfd1b03d90973379a19f33218a05521a
tcn,clean_only,29,bandpass_n20001_cRA_LL_independent_rms_s0,phase2/results/predictions/full/clean_only/tcn/seed_29/bandpass_n20001_cRA_LL_independent_rms_s0.npz,75818,14d74cca6b4888afc5392068d30ff0271093f40ed4cae0f5e50f4e622185d357
tcn,clean_only,29,bandpass_n20001_cRA_LL_electrode_s20,phase2/results/predictions/full/clean_only/tcn/seed_29/bandpass_n20001_cRA_LL_electrode_s20.npz,76389,ff28086781d12cf61866f3bfea2fa2d6f53d70b6c15e01d30be4806fb4d632b4
tcn,clean_only,29,bandpass_n20001_cRA_LL_electrode_s15,phase2/results/predictions/full/clean_only/tcn/seed_29/bandpass_n20001_cRA_LL_electrode_s15.npz,76363,6adbeab6ed5934c94a027d3c20cea40dcd1a49bb6e8946224a5a2849276a95a3
tcn,clean_only,29,bandpass_n20001_cRA_LL_electrode_s10,phase2/results/predictions/full/clean_only/tcn/seed_29/bandpass_n20001_cRA_LL_electrode_s10.npz,76220,dfee664d2d8dba03ffe02871658b4b2843cc282c09ab7f9f2d3b5e4e8ca045d7
tcn,clean_only,29,bandpass_n20001_cRA_LL_electrode_s5,phase2/results/predictions/full/clean_only/tcn/seed_29/bandpass_n20001_cRA_LL_electrode_s5.npz,75951,c51ef12cd2449f38dce1df144cc7ddc21495da3583e50a02a436da3cabbbe443
tcn,clean_only,29,bandpass_n20001_cRA_LL_electrode_s0,phase2/results/predictions/full/clean_only/tcn/seed_29/bandpass_n20001_cRA_LL_electrode_s0.npz,75697,d71ef3153a13d970357c7abb916e6564f99f938c929c69cae21c408369c9b2cd
tcn,clean_only,29,bandpass_n20001_cRA_LL_covariance_s20,phase2/results/predictions/full/clean_only/tcn/seed_29/bandpass_n20001_cRA_LL_covariance_s20.npz,76386,2f9cb6a22a759777e248e635cd433f5fb6389092537882dca815f496141d5ded
tcn,clean_only,29,bandpass_n20001_cRA_LL_covariance_s15,phase2/results/predictions/full/clean_only/tcn/seed_29/bandpass_n20001_cRA_LL_covariance_s15.npz,76360,cfd35d97c2e930f21fbb07760b93319f2a159030c213f433851c516be8ab5cdc
tcn,clean_only,29,bandpass_n20001_cRA_LL_covariance_s10,phase2/results/predictions/full/clean_only/tcn/seed_29/bandpass_n20001_cRA_LL_covariance_s10.npz,76191,b303ab311b3577260bcc6dcb24a449cc7bf8c87816576f092e5056757e4f8e44
tcn,clean_only,29,bandpass_n20001_cRA_LL_covariance_s5,phase2/results/predictions/full/clean_only/tcn/seed_29/bandpass_n20001_cRA_LL_covariance_s5.npz,75941,b2a9047d2b4eb68ebc594b9461214a29ce97d25635c364e0de99101a5f442efe
tcn,clean_only,29,bandpass_n20001_cRA_LL_covariance_s0,phase2/results/predictions/full/clean_only/tcn/seed_29/bandpass_n20001_cRA_LL_covariance_s0.npz,75730,c741b4b4254d552f92aac43c7868197c73e738ca5aebef5d03dbc043e0f99a94
tcn,clean_only,29,bandpass_n20001_cRA_independent_rms_s20,phase2/results/predictions/full/clean_only/tcn/seed_29/bandpass_n20001_cRA_independent_rms_s20.npz,76385,988574f0f182918571cd28b0b8a953a86acf45a35ffa12d3fe4a0dc417976279
tcn,clean_only,29,bandpass_n20001_cRA_independent_rms_s15,phase2/results/predictions/full/clean_only/tcn/seed_29/bandpass_n20001_cRA_independent_rms_s15.npz,76408,0e04e2591baade6478030ae4b6eadbb214fc339a08d2c88550b000690fe35ee1
tcn,clean_only,29,bandpass_n20001_cRA_independent_rms_s10,phase2/results/predictions/full/clean_only/tcn/seed_29/bandpass_n20001_cRA_independent_rms_s10.npz,76315,d6331ca5a6db4cf55982b80bd44a9c6694dd2f65b1a2cb04071bc60852a0ca87
tcn,clean_only,29,bandpass_n20001_cRA_independent_rms_s5,phase2/results/predictions/full/clean_only/tcn/seed_29/bandpass_n20001_cRA_independent_rms_s5.npz,76148,ff2e66e89613001f795b85429577033e0e8d47f12d9472eb95ae7f491af69c00
tcn,clean_only,29,bandpass_n20001_cRA_independent_rms_s0,phase2/results/predictions/full/clean_only/tcn/seed_29/bandpass_n20001_cRA_independent_rms_s0.npz,75836,d69c6a5f0954126c625050017fd9ff70b655467cb6a61cd74ff81e284ef1867c
tcn,clean_only,29,bandpass_n20001_cRA_electrode_s20,phase2/results/predictions/full/clean_only/tcn/seed_29/bandpass_n20001_cRA_electrode_s20.npz,76377,57b917c496f256e75728bc2624e41d6812fbfc7158a1e3e215eb16c312f1f898
tcn,clean_only,29,bandpass_n20001_cRA_electrode_s15,phase2/results/predictions/full/clean_only/tcn/seed_29/bandpass_n20001_cRA_electrode_s15.npz,76323,7c2bf3e8c0eb5743e500b48f3b40f98380066ea0efd02aa57cdc87bb627e6376
tcn,clean_only,29,bandpass_n20001_cRA_electrode_s10,phase2/results/predictions/full/clean_only/tcn/seed_29/bandpass_n20001_cRA_electrode_s10.npz,76207,8a89c7be6aae70c6a211c11b17e6617037d7e37db00bcd4473369efc0759e2e0
tcn,clean_only,29,bandpass_n20001_cRA_electrode_s5,phase2/results/predictions/full/clean_only/tcn/seed_29/bandpass_n20001_cRA_electrode_s5.npz,75936,2b28f65f5da74c5a081c9bbf45eef43ecdb5f75697f1d646174349d7221e6f5b
tcn,clean_only,29,bandpass_n20001_cRA_electrode_s0,phase2/results/predictions/full/clean_only/tcn/seed_29/bandpass_n20001_cRA_electrode_s0.npz,75582,223ae10a1be6329762505636d1d3306c424e26420fe87d38e091d53bc6811a14
tcn,clean_only,29,bandpass_n20001_cRA_covariance_s20,phase2/results/predictions/full/clean_only/tcn/seed_29/bandpass_n20001_cRA_covariance_s20.npz,76384,ff072b757d48109ff69c8cd122ab2c563a679d4048a5f834ba42e9d110d878a5
tcn,clean_only,29,bandpass_n20001_cRA_covariance_s15,phase2/results/predictions/full/clean_only/tcn/seed_29/bandpass_n20001_cRA_covariance_s15.npz,76347,fe0bfc85fef13d10b1cd58ebfced50d8bd0e95708a05a5e4651d4b04981d5c95
tcn,clean_only,29,bandpass_n20001_cRA_covariance_s10,phase2/results/predictions/full/clean_only/tcn/seed_29/bandpass_n20001_cRA_covariance_s10.npz,76194,973d4e0a5b9d319c4670617a66b628aea79cf3c72c051cc3488fc4bdb11c5678
tcn,clean_only,29,bandpass_n20001_cRA_covariance_s5,phase2/results/predictions/full/clean_only/tcn/seed_29/bandpass_n20001_cRA_covariance_s5.npz,75930,49db66f8cab8b03fa8e96e320573f70e35ea7b1af748c42ce174c7c24a44bd09
tcn,clean_only,29,bandpass_n20001_cRA_covariance_s0,phase2/results/predictions/full/clean_only/tcn/seed_29/bandpass_n20001_cRA_covariance_s0.npz,75532,3261e9fbbe202de613e75e30a0e5f19d03e5f0ed8cd322246f8e2e0d923ff464
tcn,clean_only,29,bandpass_n20001_cLA_independent_rms_s20,phase2/results/predictions/full/clean_only/tcn/seed_29/bandpass_n20001_cLA_independent_rms_s20.npz,76384,ddb6f7bfc9ee92e537e0085c8cb0bd3491816e189ed88eed435f61b9f69fa139
tcn,clean_only,29,bandpass_n20001_cLA_independent_rms_s15,phase2/results/predictions/full/clean_only/tcn/seed_29/bandpass_n20001_cLA_independent_rms_s15.npz,76379,7b9efd4550ff33e9f0c6a70e7b002e85bfa1016fe0cd63dc9ea9325b3746b185
tcn,clean_only,29,bandpass_n20001_cLA_independent_rms_s10,phase2/results/predictions/full/clean_only/tcn/seed_29/bandpass_n20001_cLA_independent_rms_s10.npz,76300,6026e6b98e482c2c65238f233094ea307d5350510c41ea512431173289511ebb
tcn,clean_only,29,bandpass_n20001_cLA_independent_rms_s5,phase2/results/predictions/full/clean_only/tcn/seed_29/bandpass_n20001_cLA_independent_rms_s5.npz,76122,2dafbd8844ba2088c41327364f2e23141ad00189f90266872fd230376fa4a44a
tcn,clean_only,29,bandpass_n20001_cLA_independent_rms_s0,phase2/results/predictions/full/clean_only/tcn/seed_29/bandpass_n20001_cLA_independent_rms_s0.npz,75855,34e4fa5851c2048d3e1f6944708ecf4b4cac25e6e9737eae0001a803bc6d468c
tcn,clean_only,29,bandpass_n20001_cLA_electrode_s20,phase2/results/predictions/full/clean_only/tcn/seed_29/bandpass_n20001_cLA_electrode_s20.npz,76369,c4d8261f69bf18a87988f01048d92a8af671632e4b48c2366267026441877aff
tcn,clean_only,29,bandpass_n20001_cLA_electrode_s15,phase2/results/predictions/full/clean_only/tcn/seed_29/bandpass_n20001_cLA_electrode_s15.npz,76366,f066022df4929d299463aee70955ea85a22becb5d2d375b5de2df7b5d5235e5e
tcn,clean_only,29,bandpass_n20001_cLA_electrode_s10,phase2/results/predictions/full/clean_only/tcn/seed_29/bandpass_n20001_cLA_electrode_s10.npz,76247,320f9bf27f443ef923bbb6a4d79354b89c5b006db36bc7339cb631e7e4e119fe
tcn,clean_only,29,bandpass_n20001_cLA_electrode_s5,phase2/results/predictions/full/clean_only/tcn/seed_29/bandpass_n20001_cLA_electrode_s5.npz,75988,97074523f856478fbc853ae57716c62056f260ceda471ede73962d94fee73a44
tcn,clean_only,29,bandpass_n20001_cLA_electrode_s0,phase2/results/predictions/full/clean_only/tcn/seed_29/bandpass_n20001_cLA_electrode_s0.npz,75770,728c7130aa5af525404bbfe8ecb868a26f164df1aed8da0eed9177258953c279
tcn,clean_only,29,bandpass_n20001_cLA_covariance_s20,phase2/results/predictions/full/clean_only/tcn/seed_29/bandpass_n20001_cLA_covariance_s20.npz,76362,2d8b6d73802f2dc31f20c476db3538be2f90b5488abcfada3fdae0a0c85ef679
tcn,clean_only,29,bandpass_n20001_cLA_covariance_s15,phase2/results/predictions/full/clean_only/tcn/seed_29/bandpass_n20001_cLA_covariance_s15.npz,76369,77b2d52fdff1f2c9d20bd39095dbc69495aa10ba10d54cf929ede06b6e1c6a0d
tcn,clean_only,29,bandpass_n20001_cLA_covariance_s10,phase2/results/predictions/full/clean_only/tcn/seed_29/bandpass_n20001_cLA_covariance_s10.npz,76262,88914a0b6fdd2bd1ef472a5a462866c183c728a259584d71c198612083a12d0c
tcn,clean_only,29,bandpass_n20001_cLA_covariance_s5,phase2/results/predictions/full/clean_only/tcn/seed_29/bandpass_n20001_cLA_covariance_s5.npz,76030,c39660eb6502b17c4d894b741f6d0ae1f92d480acd88118bfbd09af299e936d5
tcn,clean_only,29,bandpass_n20001_cLA_covariance_s0,phase2/results/predictions/full/clean_only/tcn/seed_29/bandpass_n20001_cLA_covariance_s0.npz,75794,639e0f1636e80a330330bb7201dee71714e77f10d01561adf649a3dc4b16de64
tcn,clean_only,29,bandpass_n20001_cLL_independent_rms_s20,phase2/results/predictions/full/clean_only/tcn/seed_29/bandpass_n20001_cLL_independent_rms_s20.npz,76373,bca748d1e265e96eae094b7d63c62b418ecbc7df5e7a110d4eb1821969df2e04
tcn,clean_only,29,bandpass_n20001_cLL_independent_rms_s15,phase2/results/predictions/full/clean_only/tcn/seed_29/bandpass_n20001_cLL_independent_rms_s15.npz,76386,90fe36b7c94fe3341530c4414e0b9cba8465dc3b048b6a93d658290bf2c96891
tcn,clean_only,29,bandpass_n20001_cLL_independent_rms_s10,phase2/results/predictions/full/clean_only/tcn/seed_29/bandpass_n20001_cLL_independent_rms_s10.npz,76313,fde593b7ea1eda1127503bd46a319ddcbe3e8890c6d5b9fc7b713f365f446fcb
tcn,clean_only,29,bandpass_n20001_cLL_independent_rms_s5,phase2/results/predictions/full/clean_only/tcn/seed_29/bandpass_n20001_cLL_independent_rms_s5.npz,76161,6487d44ca501c69e6046fbb32c769cfbeb1066a6181701953f1ea5fac2d05b9e
tcn,clean_only,29,bandpass_n20001_cLL_independent_rms_s0,phase2/results/predictions/full/clean_only/tcn/seed_29/bandpass_n20001_cLL_independent_rms_s0.npz,75838,3df5e7f29770d2927bf1bb3c006e3ec4265cf82562bedd6c02499c9e46ce621c
tcn,clean_only,29,bandpass_n20001_cLL_electrode_s20,phase2/results/predictions/full/clean_only/tcn/seed_29/bandpass_n20001_cLL_electrode_s20.npz,76407,b28f579b3e4d1cac8a82538bad99b972dd52167da79ac6ecb8eee5a87d76c9e3
tcn,clean_only,29,bandpass_n20001_cLL_electrode_s15,phase2/results/predictions/full/clean_only/tcn/seed_29/bandpass_n20001_cLL_electrode_s15.npz,76352,c44713b8b09ed9fe4733c62601ecccccd3f59ce62017cd0519ff70fb300c36da
tcn,clean_only,29,bandpass_n20001_cLL_electrode_s10,phase2/results/predictions/full/clean_only/tcn/seed_29/bandpass_n20001_cLL_electrode_s10.npz,76218,850818d37a63dbf164b22d5347d3543c65f26f1c3ddda320aefb37fd33ca0112
tcn,clean_only,29,bandpass_n20001_cLL_electrode_s5,phase2/results/predictions/full/clean_only/tcn/seed_29/bandpass_n20001_cLL_electrode_s5.npz,76007,8378cb006a601d8cdf0a8dfa737c7ea12810257e253ccd42e8fbfe96e643a347
tcn,clean_only,29,bandpass_n20001_cLL_electrode_s0,phase2/results/predictions/full/clean_only/tcn/seed_29/bandpass_n20001_cLL_electrode_s0.npz,75932,d25076c595e9b114a09e1de97e9bd03c926c6f7201982d3fc870ca4bdd444d8b
tcn,clean_only,29,bandpass_n20001_cLL_covariance_s20,phase2/results/predictions/full/clean_only/tcn/seed_29/bandpass_n20001_cLL_covariance_s20.npz,76368,e81b5aa36e25b2f3afc9c9fe01dc459ff4afee7655da8fe4df7690423020489d
tcn,clean_only,29,bandpass_n20001_cLL_covariance_s15,phase2/results/predictions/full/clean_only/tcn/seed_29/bandpass_n20001_cLL_covariance_s15.npz,76325,9608927092e0808eaa1ea4f5cae3e9b52c2d36dc8d3033675615db084b3407d3
tcn,clean_only,29,bandpass_n20001_cLL_covariance_s10,phase2/results/predictions/full/clean_only/tcn/seed_29/bandpass_n20001_cLL_covariance_s10.npz,76206,22d2f5fe050fdda5652a5f15bee733dddc363eb85d6d14463db6c1a7efaca014
tcn,clean_only,29,bandpass_n20001_cLL_covariance_s5,phase2/results/predictions/full/clean_only/tcn/seed_29/bandpass_n20001_cLL_covariance_s5.npz,76005,dcc6376bdd996179ad5887cd3ffff38aee99f76919eeee93a36097cc21cc15ff
tcn,clean_only,29,bandpass_n20001_cLL_covariance_s0,phase2/results/predictions/full/clean_only/tcn/seed_29/bandpass_n20001_cLL_covariance_s0.npz,75927,ed2c37dd03273621850d0446caa4bdd642935455e8fc09fd725d9f24021bb0b6
tcn,clean_only,29,bandpass_n20001_cRA_V1_independent_rms_s20,phase2/results/predictions/full/clean_only/tcn/seed_29/bandpass_n20001_cRA_V1_independent_rms_s20.npz,76411,cb7af5e9f80fe23c3de611e0481893e05960d6a2e3acd98b50b4bb31b2c55a12
tcn,clean_only,29,bandpass_n20001_cRA_V1_independent_rms_s15,phase2/results/predictions/full/clean_only/tcn/seed_29/bandpass_n20001_cRA_V1_independent_rms_s15.npz,76393,de600a034749c0a26f92e0b1c63297480d11e3b221358df90284462723f4f1db
tcn,clean_only,29,bandpass_n20001_cRA_V1_independent_rms_s10,phase2/results/predictions/full/clean_only/tcn/seed_29/bandpass_n20001_cRA_V1_independent_rms_s10.npz,76333,f486402b5d63efd2748df46710449eb4b535ce02570aa70a19afac931579f8e7
tcn,clean_only,29,bandpass_n20001_cRA_V1_independent_rms_s5,phase2/results/predictions/full/clean_only/tcn/seed_29/bandpass_n20001_cRA_V1_independent_rms_s5.npz,76117,07d47ae8ac84915da7632d7653354a5919e686a40992ba56a33af0387ba16203
tcn,clean_only,29,bandpass_n20001_cRA_V1_independent_rms_s0,phase2/results/predictions/full/clean_only/tcn/seed_29/bandpass_n20001_cRA_V1_independent_rms_s0.npz,75815,09c149419c1df5fc020090339e5ac9c167e69f877b6da347fbf3518b320d8f30
tcn,clean_only,29,bandpass_n20001_cRA_V1_electrode_s20,phase2/results/predictions/full/clean_only/tcn/seed_29/bandpass_n20001_cRA_V1_electrode_s20.npz,76387,96f4818049716778310befe3835b12f58bf09ba4e0568a89e9e8e7de09cfd7dc
tcn,clean_only,29,bandpass_n20001_cRA_V1_electrode_s15,phase2/results/predictions/full/clean_only/tcn/seed_29/bandpass_n20001_cRA_V1_electrode_s15.npz,76345,87974fc4a91d02fd05922ecd39ae19b92e3605ac7f533f75556f13a5600a42ef
tcn,clean_only,29,bandpass_n20001_cRA_V1_electrode_s10,phase2/results/predictions/full/clean_only/tcn/seed_29/bandpass_n20001_cRA_V1_electrode_s10.npz,76249,da010c939e00a86263c5e57d93057d86a661b2c4c6be490926e01a9a3cfb4114
tcn,clean_only,29,bandpass_n20001_cRA_V1_electrode_s5,phase2/results/predictions/full/clean_only/tcn/seed_29/bandpass_n20001_cRA_V1_electrode_s5.npz,75952,7948657089f06fa098ab23d2dead5a63cbb88a35f067d4303fa397a427aff51d
tcn,clean_only,29,bandpass_n20001_cRA_V1_electrode_s0,phase2/results/predictions/full/clean_only/tcn/seed_29/bandpass_n20001_cRA_V1_electrode_s0.npz,75549,25609523c17d14892c01984330a7768bf8ee7e0f59854bdc42ff649c7b40848a
tcn,clean_only,29,bandpass_n20001_cRA_V1_covariance_s20,phase2/results/predictions/full/clean_only/tcn/seed_29/bandpass_n20001_cRA_V1_covariance_s20.npz,76369,5f3147dc2ff59576f62077190fdce3201193160b4578f7d2f60f3bf552a29d5f
tcn,clean_only,29,bandpass_n20001_cRA_V1_covariance_s15,phase2/results/predictions/full/clean_only/tcn/seed_29/bandpass_n20001_cRA_V1_covariance_s15.npz,76341,54e718516ea1852b8df7a2434e0470db908e07d027f2fbdf87bd0f865f53ff91
tcn,clean_only,29,bandpass_n20001_cRA_V1_covariance_s10,phase2/results/predictions/full/clean_only/tcn/seed_29/bandpass_n20001_cRA_V1_covariance_s10.npz,76236,d8e6c27a3141dd062f4834faa21aef432eb22f1e2ace9a5db899f02a194ca564
tcn,clean_only,29,bandpass_n20001_cRA_V1_covariance_s5,phase2/results/predictions/full/clean_only/tcn/seed_29/bandpass_n20001_cRA_V1_covariance_s5.npz,75938,0d34c3bb9324feb8e4336baebfa2157a452c329e1af4c31635c61a8d5416b1fd
tcn,clean_only,29,bandpass_n20001_cRA_V1_covariance_s0,phase2/results/predictions/full/clean_only/tcn/seed_29/bandpass_n20001_cRA_V1_covariance_s0.npz,75605,1c9fdcd7aa043c794e0162de6f6cbb63f8e061a81f99436b5d292c49e1004f34
tcn,clean_only,29,bandpass_n20001_cLA_V6_independent_rms_s20,phase2/results/predictions/full/clean_only/tcn/seed_29/bandpass_n20001_cLA_V6_independent_rms_s20.npz,76407,2d252f515ad53f654e200bd735a12d6e25f738bc5ca78a45f91d9c261052e29c
tcn,clean_only,29,bandpass_n20001_cLA_V6_independent_rms_s15,phase2/results/predictions/full/clean_only/tcn/seed_29/bandpass_n20001_cLA_V6_independent_rms_s15.npz,76391,ad64ea4e1ff508d7f4407a3202dfdb21e0c6e6a0e4d048fa99d66b517b831806
tcn,clean_only,29,bandpass_n20001_cLA_V6_independent_rms_s10,phase2/results/predictions/full/clean_only/tcn/seed_29/bandpass_n20001_cLA_V6_independent_rms_s10.npz,76329,653d394de05ae24bdaaa4d54bf6a47b38d2e5a53554e0044621115dbd5152d62
tcn,clean_only,29,bandpass_n20001_cLA_V6_independent_rms_s5,phase2/results/predictions/full/clean_only/tcn/seed_29/bandpass_n20001_cLA_V6_independent_rms_s5.npz,76146,2c17a9c735525c14998ad58207b85e6a40b1813ba6f8c3f5652e8a40f8ce5dc3
tcn,clean_only,29,bandpass_n20001_cLA_V6_independent_rms_s0,phase2/results/predictions/full/clean_only/tcn/seed_29/bandpass_n20001_cLA_V6_independent_rms_s0.npz,75918,2715371f04bcb4eff25282a5909f98ed021fc7c1edc4b5da94fde0de83d329fd
tcn,clean_only,29,bandpass_n20001_cLA_V6_electrode_s20,phase2/results/predictions/full/clean_only/tcn/seed_29/bandpass_n20001_cLA_V6_electrode_s20.npz,76375,cd468352fbd7b7c00062c4cd08d90ee7cbe1f8642bc71399a4f62f5979ce3c7a
tcn,clean_only,29,bandpass_n20001_cLA_V6_electrode_s15,phase2/results/predictions/full/clean_only/tcn/seed_29/bandpass_n20001_cLA_V6_electrode_s15.npz,76371,1bc67c3306fd0d1ab66225142b1526c5da24ec82223b5703358038e051cced08
tcn,clean_only,29,bandpass_n20001_cLA_V6_electrode_s10,phase2/results/predictions/full/clean_only/tcn/seed_29/bandpass_n20001_cLA_V6_electrode_s10.npz,76303,c20c7ff06b137e71f6ce99c7d5ce3218709ef90967657c4fcc054f3e1082e652
tcn,clean_only,29,bandpass_n20001_cLA_V6_electrode_s5,phase2/results/predictions/full/clean_only/tcn/seed_29/bandpass_n20001_cLA_V6_electrode_s5.npz,76053,e9b85d5ccae6956983d9431defa5f710873423c6e78103d875819a31d92f80f3
tcn,clean_only,29,bandpass_n20001_cLA_V6_electrode_s0,phase2/results/predictions/full/clean_only/tcn/seed_29/bandpass_n20001_cLA_V6_electrode_s0.npz,75865,74e7d07efa661abe57d5979561a40fc5d8646e1867f0ff13d6d22136eadc7f5d
tcn,clean_only,29,bandpass_n20001_cLA_V6_covariance_s20,phase2/results/predictions/full/clean_only/tcn/seed_29/bandpass_n20001_cLA_V6_covariance_s20.npz,76422,12dfcf4058b294edc02f0a7f66fb5ae5cb6e694faa7b73535e71ce270281821e
tcn,clean_only,29,bandpass_n20001_cLA_V6_covariance_s15,phase2/results/predictions/full/clean_only/tcn/seed_29/bandpass_n20001_cLA_V6_covariance_s15.npz,76389,02b9ede224d2c7e8e448ae42d69f2b98bf78100cabfbc772050cc1552bfef28a
tcn,clean_only,29,bandpass_n20001_cLA_V6_covariance_s10,phase2/results/predictions/full/clean_only/tcn/seed_29/bandpass_n20001_cLA_V6_covariance_s10.npz,76263,81bcd07695a016514cf3dd66ba7e2c13fce597b7ad2822894912fb916cd5e9fb
tcn,clean_only,29,bandpass_n20001_cLA_V6_covariance_s5,phase2/results/predictions/full/clean_only/tcn/seed_29/bandpass_n20001_cLA_V6_covariance_s5.npz,76068,524e9d6935bcef4a48d76e5016fb12e53d02140aec0c8d7b2da884132f57f53d
tcn,clean_only,29,bandpass_n20001_cLA_V6_covariance_s0,phase2/results/predictions/full/clean_only/tcn/seed_29/bandpass_n20001_cLA_V6_covariance_s0.npz,75857,77e1f4c87e3563ce223110e6674fc07bc5da054b555e1be070990a694f774838
tcn,clean_only,29,bandpass_n20001_cLL_V4_independent_rms_s20,phase2/results/predictions/full/clean_only/tcn/seed_29/bandpass_n20001_cLL_V4_independent_rms_s20.npz,76381,a3bf39b65a273cd46d4165b7374ceb04a890e02b15fc976658abeb50e9c9e9d9
tcn,clean_only,29,bandpass_n20001_cLL_V4_independent_rms_s15,phase2/results/predictions/full/clean_only/tcn/seed_29/bandpass_n20001_cLL_V4_independent_rms_s15.npz,76389,63656a0a0d8467454461037f80bd19d446d1be6a7130778c0aad2aea94bea73b
tcn,clean_only,29,bandpass_n20001_cLL_V4_independent_rms_s10,phase2/results/predictions/full/clean_only/tcn/seed_29/bandpass_n20001_cLL_V4_independent_rms_s10.npz,76330,31676f43069cc84a579ac9667a260786b5f748c2cbb5cc3db97ae01f9fcabac5
tcn,clean_only,29,bandpass_n20001_cLL_V4_independent_rms_s5,phase2/results/predictions/full/clean_only/tcn/seed_29/bandpass_n20001_cLL_V4_independent_rms_s5.npz,76153,720cf4100a0420beeb70c03f74ef91c54bc2a0d2e0ff2b7f7ac4c0e6c5e19b45
tcn,clean_only,29,bandpass_n20001_cLL_V4_independent_rms_s0,phase2/results/predictions/full/clean_only/tcn/seed_29/bandpass_n20001_cLL_V4_independent_rms_s0.npz,75889,78b46a53c479f2ac15176a72817c6703aa3ba0b5dd51fe7170fb968ae3c74100
tcn,clean_only,29,bandpass_n20001_cLL_V4_electrode_s20,phase2/results/predictions/full/clean_only/tcn/seed_29/bandpass_n20001_cLL_V4_electrode_s20.npz,76371,3457cbd3c617245185935936669a412c139d26225d6047c79e8fc6c68441d03e
tcn,clean_only,29,bandpass_n20001_cLL_V4_electrode_s15,phase2/results/predictions/full/clean_only/tcn/seed_29/bandpass_n20001_cLL_V4_electrode_s15.npz,76377,a0462681f33b0f1272cc7062755a4eac9d0c3e128f78a1ca1079969870d55a8a
tcn,clean_only,29,bandpass_n20001_cLL_V4_electrode_s10,phase2/results/predictions/full/clean_only/tcn/seed_29/bandpass_n20001_cLL_V4_electrode_s10.npz,76240,079e0cf6309116ef394eb5bbf004c9161ce4f8cedb67bb21f377d86dc8ad1a63
tcn,clean_only,29,bandpass_n20001_cLL_V4_electrode_s5,phase2/results/predictions/full/clean_only/tcn/seed_29/bandpass_n20001_cLL_V4_electrode_s5.npz,76022,ef2a70ff4fd6c29fa42ee66425d86f34fc09567b12d6a20abd74d5d50e55d5fa
tcn,clean_only,29,bandpass_n20001_cLL_V4_electrode_s0,phase2/results/predictions/full/clean_only/tcn/seed_29/bandpass_n20001_cLL_V4_electrode_s0.npz,75930,23b86721372dedd505645f8350ea750fa702140e2d5c665cc7dcbf0bcc90cd12
tcn,clean_only,29,bandpass_n20001_cLL_V4_covariance_s20,phase2/results/predictions/full/clean_only/tcn/seed_29/bandpass_n20001_cLL_V4_covariance_s20.npz,76376,e4476b960f35ebbd25fd2652353969f12d62ba87f3c6b854574a342ddef0b430
tcn,clean_only,29,bandpass_n20001_cLL_V4_covariance_s15,phase2/results/predictions/full/clean_only/tcn/seed_29/bandpass_n20001_cLL_V4_covariance_s15.npz,76366,2bc6459db08228d1d87a247a2e2550ff65b61d97ee1e01e11dc9a037e9532563
tcn,clean_only,29,bandpass_n20001_cLL_V4_covariance_s10,phase2/results/predictions/full/clean_only/tcn/seed_29/bandpass_n20001_cLL_V4_covariance_s10.npz,76266,46bdd6c4e9f7add825d0a66bf3b3bf956c6053c8e24c435f9188a30dca7db5fd
tcn,clean_only,29,bandpass_n20001_cLL_V4_covariance_s5,phase2/results/predictions/full/clean_only/tcn/seed_29/bandpass_n20001_cLL_V4_covariance_s5.npz,76042,d16b2a77e54fe06af9ebaaf22d716c0249b8278ca1fb9ae1cfdd032d8a1deab9
tcn,clean_only,29,bandpass_n20001_cLL_V4_covariance_s0,phase2/results/predictions/full/clean_only/tcn/seed_29/bandpass_n20001_cLL_V4_covariance_s0.npz,75948,92ed2e8052eeddeb91fb38914ffb3cf4745d586b28add15992234ce8c020fce1
tcn,clean_only,29,bandpass_n20001_cRA_LA_V1_V6_independent_rms_s20,phase2/results/predictions/full/clean_only/tcn/seed_29/bandpass_n20001_cRA_LA_V1_V6_independent_rms_s20.npz,76397,c2e85f6c167d10033cfdbc6f6892ea255e89bd59a6238a883fdd99655c0951f5
tcn,clean_only,29,bandpass_n20001_cRA_LA_V1_V6_independent_rms_s15,phase2/results/predictions/full/clean_only/tcn/seed_29/bandpass_n20001_cRA_LA_V1_V6_independent_rms_s15.npz,76392,f8de5e0bbe61a2c17eb8599c06fa40af7251fc21e926b6f1bc96bd950030f6a6
tcn,clean_only,29,bandpass_n20001_cRA_LA_V1_V6_independent_rms_s10,phase2/results/predictions/full/clean_only/tcn/seed_29/bandpass_n20001_cRA_LA_V1_V6_independent_rms_s10.npz,76350,eaa1483f09fa534f4d8d5142d05f9fa9a0ff847302f698cf423cbc800c0054a5
tcn,clean_only,29,bandpass_n20001_cRA_LA_V1_V6_independent_rms_s5,phase2/results/predictions/full/clean_only/tcn/seed_29/bandpass_n20001_cRA_LA_V1_V6_independent_rms_s5.npz,76167,5fd94938d848626684a05b1cbd3619d0221d90dbeea4d33858f54e77bb319ec2
tcn,clean_only,29,bandpass_n20001_cRA_LA_V1_V6_independent_rms_s0,phase2/results/predictions/full/clean_only/tcn/seed_29/bandpass_n20001_cRA_LA_V1_V6_independent_rms_s0.npz,75857,3cb06ef2bddd1d4bca86f154c1aeea01e81bfec32e35301ec3f9f2e5f4210025
tcn,clean_only,29,bandpass_n20001_cRA_LA_V1_V6_electrode_s20,phase2/results/predictions/full/clean_only/tcn/seed_29/bandpass_n20001_cRA_LA_V1_V6_electrode_s20.npz,76397,3d73d0f6491c615cc56cf127f308d73be4eb50c575c460cbc6a419f93596e1df
tcn,clean_only,29,bandpass_n20001_cRA_LA_V1_V6_electrode_s15,phase2/results/predictions/full/clean_only/tcn/seed_29/bandpass_n20001_cRA_LA_V1_V6_electrode_s15.npz,76399,faebf1f77d4175e9262f4f38429ef18d68a6f6d1370efa9648f929d7b13324d0
tcn,clean_only,29,bandpass_n20001_cRA_LA_V1_V6_electrode_s10,phase2/results/predictions/full/clean_only/tcn/seed_29/bandpass_n20001_cRA_LA_V1_V6_electrode_s10.npz,76268,ccd9a3d412fd03ea6c5c25b0d78f18cd6070ec0523565ed30bac8209d2bc1cbd
tcn,clean_only,29,bandpass_n20001_cRA_LA_V1_V6_electrode_s5,phase2/results/predictions/full/clean_only/tcn/seed_29/bandpass_n20001_cRA_LA_V1_V6_electrode_s5.npz,75996,2c7b7c1a07e0ec8f52205b7cc9d87e546829e52c6a72e5e2144642659a96e392
tcn,clean_only,29,bandpass_n20001_cRA_LA_V1_V6_electrode_s0,phase2/results/predictions/full/clean_only/tcn/seed_29/bandpass_n20001_cRA_LA_V1_V6_electrode_s0.npz,75764,efa156dfda8ae3e24ea4a152c69a4da91e48c6be9ecd83ad0740940bc5af5983
tcn,clean_only,29,bandpass_n20001_cRA_LA_V1_V6_covariance_s20,phase2/results/predictions/full/clean_only/tcn/seed_29/bandpass_n20001_cRA_LA_V1_V6_covariance_s20.npz,76360,f448fb31d6d459600bea00a57dc33b5ba93510499f64fccd2fab3c686580144c
tcn,clean_only,29,bandpass_n20001_cRA_LA_V1_V6_covariance_s15,phase2/results/predictions/full/clean_only/tcn/seed_29/bandpass_n20001_cRA_LA_V1_V6_covariance_s15.npz,76368,056dcce26242773372a66bbb3695b2e670c795331dd0abc96994329997526178
tcn,clean_only,29,bandpass_n20001_cRA_LA_V1_V6_covariance_s10,phase2/results/predictions/full/clean_only/tcn/seed_29/bandpass_n20001_cRA_LA_V1_V6_covariance_s10.npz,76233,8319d757748be2da52924f5aa3669454b63c10faf2182ac0629a862cbe705e78
tcn,clean_only,29,bandpass_n20001_cRA_LA_V1_V6_covariance_s5,phase2/results/predictions/full/clean_only/tcn/seed_29/bandpass_n20001_cRA_LA_V1_V6_covariance_s5.npz,75998,5f7ea9492372bb5b65826e06721a5f32155567bbd42d116653898382d11d1281
tcn,clean_only,29,bandpass_n20001_cRA_LA_V1_V6_covariance_s0,phase2/results/predictions/full/clean_only/tcn/seed_29/bandpass_n20001_cRA_LA_V1_V6_covariance_s0.npz,75747,9a1823a29db91c76db119106ba7b3472a4727486d2e732a8e04be3534169bec9
tcn,clean_only,29,bandpass_n20001_cRA_V2_V5_independent_rms_s20,phase2/results/predictions/full/clean_only/tcn/seed_29/bandpass_n20001_cRA_V2_V5_independent_rms_s20.npz,76396,f24da8589375e9cbc26482a7f72a5aecc84491fcbe05a0eb922ac7b054f980a4
tcn,clean_only,29,bandpass_n20001_cRA_V2_V5_independent_rms_s15,phase2/results/predictions/full/clean_only/tcn/seed_29/bandpass_n20001_cRA_V2_V5_independent_rms_s15.npz,76389,a9bf1a16a81064b96cb7ec8cf1a0a1788ce1fe11c97dde9e17034891b8b809d5
tcn,clean_only,29,bandpass_n20001_cRA_V2_V5_independent_rms_s10,phase2/results/predictions/full/clean_only/tcn/seed_29/bandpass_n20001_cRA_V2_V5_independent_rms_s10.npz,76339,00f2d939eb5852fa4876615d7386b57e7e1f24361e29b2021450529e60722298
tcn,clean_only,29,bandpass_n20001_cRA_V2_V5_independent_rms_s5,phase2/results/predictions/full/clean_only/tcn/seed_29/bandpass_n20001_cRA_V2_V5_independent_rms_s5.npz,76187,9bfb5e4ab4e47636d01098b0b3bd487ced5033ef4f85e44bba8961d78e3e2861
tcn,clean_only,29,bandpass_n20001_cRA_V2_V5_independent_rms_s0,phase2/results/predictions/full/clean_only/tcn/seed_29/bandpass_n20001_cRA_V2_V5_independent_rms_s0.npz,75879,605fda642fce5033bce30b0f4d5b4b45efc5fdbe9f41a0a72cdcdb8914e12fcf
tcn,clean_only,29,bandpass_n20001_cRA_V2_V5_electrode_s20,phase2/results/predictions/full/clean_only/tcn/seed_29/bandpass_n20001_cRA_V2_V5_electrode_s20.npz,76375,0f1a943492ceec5a18823c1e506b0d2fd14f69273c1194230f213bd8fff73825
tcn,clean_only,29,bandpass_n20001_cRA_V2_V5_electrode_s15,phase2/results/predictions/full/clean_only/tcn/seed_29/bandpass_n20001_cRA_V2_V5_electrode_s15.npz,76355,1e0d91ec061cac5c4d956d8370938f5d14b4eec60d4a903fa9eb3ff87e98d14e
tcn,clean_only,29,bandpass_n20001_cRA_V2_V5_electrode_s10,phase2/results/predictions/full/clean_only/tcn/seed_29/bandpass_n20001_cRA_V2_V5_electrode_s10.npz,76273,d4c51735c90b98bda047114ab2665071e9255c9f898757f1ddf7bfeac4cb9cb6
tcn,clean_only,29,bandpass_n20001_cRA_V2_V5_electrode_s5,phase2/results/predictions/full/clean_only/tcn/seed_29/bandpass_n20001_cRA_V2_V5_electrode_s5.npz,76018,02eff44116ff0442c46eb1615537f182b7b27c733669c928e73d1230db29b1d1
tcn,clean_only,29,bandpass_n20001_cRA_V2_V5_electrode_s0,phase2/results/predictions/full/clean_only/tcn/seed_29/bandpass_n20001_cRA_V2_V5_electrode_s0.npz,75610,25f6c181c529f682c7d24b82a7ccfb4f99ab5f93eff34f539af35a0ba3996b36
tcn,clean_only,29,bandpass_n20001_cRA_V2_V5_covariance_s20,phase2/results/predictions/full/clean_only/tcn/seed_29/bandpass_n20001_cRA_V2_V5_covariance_s20.npz,76390,6a80af04a66abdaea92011074e8d8008516d76bc02ef5423cd5194c13e1be478
tcn,clean_only,29,bandpass_n20001_cRA_V2_V5_covariance_s15,phase2/results/predictions/full/clean_only/tcn/seed_29/bandpass_n20001_cRA_V2_V5_covariance_s15.npz,76365,c461082fbad8e5616c78a4764f7a15b7f9011ba737a0c3daf6826f2e12942125
tcn,clean_only,29,bandpass_n20001_cRA_V2_V5_covariance_s10,phase2/results/predictions/full/clean_only/tcn/seed_29/bandpass_n20001_cRA_V2_V5_covariance_s10.npz,76248,d5d641c56364121d870ebd3357197240289fdf291c976ed979ece5b9dc16d187
tcn,clean_only,29,bandpass_n20001_cRA_V2_V5_covariance_s5,phase2/results/predictions/full/clean_only/tcn/seed_29/bandpass_n20001_cRA_V2_V5_covariance_s5.npz,76033,34ac04ef7e05734f9f4b367baf32682f5a54f3c1698a0bd1c740b2a60a66901e
tcn,clean_only,29,bandpass_n20001_cRA_V2_V5_covariance_s0,phase2/results/predictions/full/clean_only/tcn/seed_29/bandpass_n20001_cRA_V2_V5_covariance_s0.npz,75619,1cc87ef0b92afc096192b2d4c6185d34a681809c1eef93134557a4981aecbd33
tcn,clean_only,29,bandpass_n20001_cLA_V3_V6_independent_rms_s20,phase2/results/predictions/full/clean_only/tcn/seed_29/bandpass_n20001_cLA_V3_V6_independent_rms_s20.npz,76402,50bda453e2820c2941a86fa00a722929a37f1c5688a2e7e749c6087ab5add23a
tcn,clean_only,29,bandpass_n20001_cLA_V3_V6_independent_rms_s15,phase2/results/predictions/full/clean_only/tcn/seed_29/bandpass_n20001_cLA_V3_V6_independent_rms_s15.npz,76421,fb431789a0e7df929e4ab86cee4fd0d048f47b75f45c9f2c7979dbe607fda584
tcn,clean_only,29,bandpass_n20001_cLA_V3_V6_independent_rms_s10,phase2/results/predictions/full/clean_only/tcn/seed_29/bandpass_n20001_cLA_V3_V6_independent_rms_s10.npz,76320,87b1091a97c5e5891ef1ac83f36cd266fccec3154c699c893ccb9953ab471598
tcn,clean_only,29,bandpass_n20001_cLA_V3_V6_independent_rms_s5,phase2/results/predictions/full/clean_only/tcn/seed_29/bandpass_n20001_cLA_V3_V6_independent_rms_s5.npz,76189,147d1c7f1e2c2b0fa36f1f2d9407d886ed03bd0e266f042f816ba41aa42e99e0
tcn,clean_only,29,bandpass_n20001_cLA_V3_V6_independent_rms_s0,phase2/results/predictions/full/clean_only/tcn/seed_29/bandpass_n20001_cLA_V3_V6_independent_rms_s0.npz,75941,d3513f0073b56b1d532f2c98007b94bcee44a31253a14bd53691190e5381003f
tcn,clean_only,29,bandpass_n20001_cLA_V3_V6_electrode_s20,phase2/results/predictions/full/clean_only/tcn/seed_29/bandpass_n20001_cLA_V3_V6_electrode_s20.npz,76409,3f9d888761dc3275fce40eb302565822e01780662725313568ea70af65ed3b0f
tcn,clean_only,29,bandpass_n20001_cLA_V3_V6_electrode_s15,phase2/results/predictions/full/clean_only/tcn/seed_29/bandpass_n20001_cLA_V3_V6_electrode_s15.npz,76380,2d0478b9fe30da7d86f815f56e4dd8efe9c930475cf92e93a0d4361ed9fb4385
tcn,clean_only,29,bandpass_n20001_cLA_V3_V6_electrode_s10,phase2/results/predictions/full/clean_only/tcn/seed_29/bandpass_n20001_cLA_V3_V6_electrode_s10.npz,76299,544f92b54c38832a0bb9ecb31dc72ec7ef611a2f46fcbbcba08830013c924767
tcn,clean_only,29,bandpass_n20001_cLA_V3_V6_electrode_s5,phase2/results/predictions/full/clean_only/tcn/seed_29/bandpass_n20001_cLA_V3_V6_electrode_s5.npz,76110,eb9ca80683326e50d99a4ddba8a9a75453ead794d96a9e27f440c72ed7536ef3
tcn,clean_only,29,bandpass_n20001_cLA_V3_V6_electrode_s0,phase2/results/predictions/full/clean_only/tcn/seed_29/bandpass_n20001_cLA_V3_V6_electrode_s0.npz,75895,6e142739e40c8f16dc5dac46da4f0f53c0d5a61dd17fcfb76171c1ffad398c18
tcn,clean_only,29,bandpass_n20001_cLA_V3_V6_covariance_s20,phase2/results/predictions/full/clean_only/tcn/seed_29/bandpass_n20001_cLA_V3_V6_covariance_s20.npz,76401,0a86213476426d412910fb3b014d35fe66c2b375e19a4fb4587770a74852d2b5
tcn,clean_only,29,bandpass_n20001_cLA_V3_V6_covariance_s15,phase2/results/predictions/full/clean_only/tcn/seed_29/bandpass_n20001_cLA_V3_V6_covariance_s15.npz,76353,c27d805416cc00cce093965ab721233ed2f781f674d86e2921720b2e1921ecb4
tcn,clean_only,29,bandpass_n20001_cLA_V3_V6_covariance_s10,phase2/results/predictions/full/clean_only/tcn/seed_29/bandpass_n20001_cLA_V3_V6_covariance_s10.npz,76291,0631cbd8fa637ac74ff66fcf26a09f61957312ab6bf58de72658e9fbe9605f7b
tcn,clean_only,29,bandpass_n20001_cLA_V3_V6_covariance_s5,phase2/results/predictions/full/clean_only/tcn/seed_29/bandpass_n20001_cLA_V3_V6_covariance_s5.npz,76080,b6b5dd2a5b11b477a081d9ca51436ebc3f199cbc28e5f4fcd0989afd33ab0619
tcn,clean_only,29,bandpass_n20001_cLA_V3_V6_covariance_s0,phase2/results/predictions/full/clean_only/tcn/seed_29/bandpass_n20001_cLA_V3_V6_covariance_s0.npz,75907,b9705abf409a92c6c793d24e50c077227d1542b8fd7816ba04cbab4bb40cc3e5
tcn,clean_only,29,bandpass_n20001_cLL_V1_V4_independent_rms_s20,phase2/results/predictions/full/clean_only/tcn/seed_29/bandpass_n20001_cLL_V1_V4_independent_rms_s20.npz,76386,ef9cd25b4adbd79f3d9739d506eb0c9bcba0b20d4c3eb522cd5226a31786f5df
tcn,clean_only,29,bandpass_n20001_cLL_V1_V4_independent_rms_s15,phase2/results/predictions/full/clean_only/tcn/seed_29/bandpass_n20001_cLL_V1_V4_independent_rms_s15.npz,76388,dbc2c803b17ad8b45e86a17c028225ca92f0b6d4c2f8f0f13d11251a4645ceee
tcn,clean_only,29,bandpass_n20001_cLL_V1_V4_independent_rms_s10,phase2/results/predictions/full/clean_only/tcn/seed_29/bandpass_n20001_cLL_V1_V4_independent_rms_s10.npz,76373,dcdfd531eadb8911691627a1f73fd28ac5aca8e147e8eef9d96065eff3bc98a4
tcn,clean_only,29,bandpass_n20001_cLL_V1_V4_independent_rms_s5,phase2/results/predictions/full/clean_only/tcn/seed_29/bandpass_n20001_cLL_V1_V4_independent_rms_s5.npz,76146,f7d5e1bb718b8afb3ef1a8c9381c9c185b6d61c2001d33af4b0a2fd825a763b7
tcn,clean_only,29,bandpass_n20001_cLL_V1_V4_independent_rms_s0,phase2/results/predictions/full/clean_only/tcn/seed_29/bandpass_n20001_cLL_V1_V4_independent_rms_s0.npz,75847,95f58233ea65e66bd42557bf25f89c5c99dc42ba6d1c1a503c9f3d571cab0e47
tcn,clean_only,29,bandpass_n20001_cLL_V1_V4_electrode_s20,phase2/results/predictions/full/clean_only/tcn/seed_29/bandpass_n20001_cLL_V1_V4_electrode_s20.npz,76377,8f8db8f2b640e4cdc24aa4bf801660d5f20100ecce5adf82b1a3b2fcd58184d8
tcn,clean_only,29,bandpass_n20001_cLL_V1_V4_electrode_s15,phase2/results/predictions/full/clean_only/tcn/seed_29/bandpass_n20001_cLL_V1_V4_electrode_s15.npz,76333,afb2640e124980a2dc8f1e8792d88d7949529d19167e8389718ee39720598b59
tcn,clean_only,29,bandpass_n20001_cLL_V1_V4_electrode_s10,phase2/results/predictions/full/clean_only/tcn/seed_29/bandpass_n20001_cLL_V1_V4_electrode_s10.npz,76247,b8525e644070eed9078fd7482018034c4da7032f79ec4cebd02e4d313bfa8a11
tcn,clean_only,29,bandpass_n20001_cLL_V1_V4_electrode_s5,phase2/results/predictions/full/clean_only/tcn/seed_29/bandpass_n20001_cLL_V1_V4_electrode_s5.npz,76022,52521bd628552404cdd9f8c3ba0ea0dd9205b02b00385303810896e330e5bb03
tcn,clean_only,29,bandpass_n20001_cLL_V1_V4_electrode_s0,phase2/results/predictions/full/clean_only/tcn/seed_29/bandpass_n20001_cLL_V1_V4_electrode_s0.npz,75906,0ffe671d4304fd3eada87c0772c4b23f9120cddf2e46a8974643e0040b5af23f
tcn,clean_only,29,bandpass_n20001_cLL_V1_V4_covariance_s20,phase2/results/predictions/full/clean_only/tcn/seed_29/bandpass_n20001_cLL_V1_V4_covariance_s20.npz,76392,a2220fe0ddd6c35daeab05c03364610cbba71cff2a5a1d7504f0aacafdae22c4
tcn,clean_only,29,bandpass_n20001_cLL_V1_V4_covariance_s15,phase2/results/predictions/full/clean_only/tcn/seed_29/bandpass_n20001_cLL_V1_V4_covariance_s15.npz,76370,7509b941feb46a25a5e34b6f0cfd790113afde5425ed388a2c09c592990e6473
tcn,clean_only,29,bandpass_n20001_cLL_V1_V4_covariance_s10,phase2/results/predictions/full/clean_only/tcn/seed_29/bandpass_n20001_cLL_V1_V4_covariance_s10.npz,76261,30b83798ec62c1a641768ef21aef14f9312a27d0f3cf5ca1fb5c1354794ea2a1
tcn,clean_only,29,bandpass_n20001_cLL_V1_V4_covariance_s5,phase2/results/predictions/full/clean_only/tcn/seed_29/bandpass_n20001_cLL_V1_V4_covariance_s5.npz,76017,22ae53d444140d8a6c776f24ebab73525f0147af6f910a46970f53b9fa5baf3b
tcn,clean_only,29,bandpass_n20001_cLL_V1_V4_covariance_s0,phase2/results/predictions/full/clean_only/tcn/seed_29/bandpass_n20001_cLL_V1_V4_covariance_s0.npz,75902,78d15b9474b62339071e110e56fa77853e26f86c260a11ceb135b8ac299e556e
tcn,clean_only,29,bandpass_n20001_call_independent_rms_s20,phase2/results/predictions/full/clean_only/tcn/seed_29/bandpass_n20001_call_independent_rms_s20.npz,76387,ed244198674fb54a98136c4d0f74a07397a111bc72e161895412d595b678dea7
tcn,clean_only,29,bandpass_n20001_call_independent_rms_s15,phase2/results/predictions/full/clean_only/tcn/seed_29/bandpass_n20001_call_independent_rms_s15.npz,76385,0d655c9cceddd59cc7cf1c1110c06024c13a71d9550299b7b050a5db02330a95
tcn,clean_only,29,bandpass_n20001_call_independent_rms_s10,phase2/results/predictions/full/clean_only/tcn/seed_29/bandpass_n20001_call_independent_rms_s10.npz,76307,4ef5879da824ad66e256a7afad87a0faecd95fe687b561f963ebdf80bb341d6f
tcn,clean_only,29,bandpass_n20001_call_independent_rms_s5,phase2/results/predictions/full/clean_only/tcn/seed_29/bandpass_n20001_call_independent_rms_s5.npz,76127,ae183b570cff2109efe2db2c1a6dc5efe289910755d053fdaaa679d0c15c4533
tcn,clean_only,29,bandpass_n20001_call_independent_rms_s0,phase2/results/predictions/full/clean_only/tcn/seed_29/bandpass_n20001_call_independent_rms_s0.npz,75840,5accfe9bb8f4f04471f600df4ea77e85a1f00172636e464deeede08bfc9ff687
tcn,clean_only,29,bandpass_n20001_call_electrode_s20,phase2/results/predictions/full/clean_only/tcn/seed_29/bandpass_n20001_call_electrode_s20.npz,76332,7e1e48d0f5d4249bd837ac0f845e2110f9fbb8c5f63d450496d7a32ba55bd37a
tcn,clean_only,29,bandpass_n20001_call_electrode_s15,phase2/results/predictions/full/clean_only/tcn/seed_29/bandpass_n20001_call_electrode_s15.npz,76333,0a2190afe8233e553854f2f549b7eb4863879f9d70691941567c0e42063d05ca
tcn,clean_only,29,bandpass_n20001_call_electrode_s10,phase2/results/predictions/full/clean_only/tcn/seed_29/bandpass_n20001_call_electrode_s10.npz,76233,ed1c3d1d3f82e08ff9812b46f3ffd5745754ad65cb7df1ded2179d2ea655fe5a
tcn,clean_only,29,bandpass_n20001_call_electrode_s5,phase2/results/predictions/full/clean_only/tcn/seed_29/bandpass_n20001_call_electrode_s5.npz,75975,6c8705f38d33b9f2ff6c3546f00800298e5571376e63859bb698978275d4cc75
tcn,clean_only,29,bandpass_n20001_call_electrode_s0,phase2/results/predictions/full/clean_only/tcn/seed_29/bandpass_n20001_call_electrode_s0.npz,75774,c8b0fd069ac1b0f15ea1f505b353e6994cdd1bccd2154bb6d37f836cb89df90e
tcn,clean_only,29,bandpass_n20001_call_covariance_s20,phase2/results/predictions/full/clean_only/tcn/seed_29/bandpass_n20001_call_covariance_s20.npz,76343,4c91245233ee73c9d27de19bdac7c0765ab40e4abc107ffd5f5b5195f445fd87
tcn,clean_only,29,bandpass_n20001_call_covariance_s15,phase2/results/predictions/full/clean_only/tcn/seed_29/bandpass_n20001_call_covariance_s15.npz,76341,544fdf48f66e4c8e8e8c41bdef1bd5c7d78c074e6db42635f82e7d2ef9cd2aeb
tcn,clean_only,29,bandpass_n20001_call_covariance_s10,phase2/results/predictions/full/clean_only/tcn/seed_29/bandpass_n20001_call_covariance_s10.npz,76227,80a3154fe9b8aabdb70d36f72e3e8d9db6e21f66a086117e566b5940bb2663bb
tcn,clean_only,29,bandpass_n20001_call_covariance_s5,phase2/results/predictions/full/clean_only/tcn/seed_29/bandpass_n20001_call_covariance_s5.npz,75997,e1387bbe687eea27d12b3d4e44375b166e293dfabb16d9f68abe8555012d3e4e
tcn,clean_only,29,bandpass_n20001_call_covariance_s0,phase2/results/predictions/full/clean_only/tcn/seed_29/bandpass_n20001_call_covariance_s0.npz,75764,369d34333238a29a65eb049cc7f12b6260945fbaf7d87721a076812786cd93eb
tcn,clean_only,29,bandpass_n20002_cRA_LA_LL_independent_rms_s20,phase2/results/predictions/full/clean_only/tcn/seed_29/bandpass_n20002_cRA_LA_LL_independent_rms_s20.npz,76376,d9eb7f7c5b790b12edf46cc0049378ccc4a4a742bd0ca1b6543d588fd5428700
tcn,clean_only,29,bandpass_n20002_cRA_LA_LL_independent_rms_s15,phase2/results/predictions/full/clean_only/tcn/seed_29/bandpass_n20002_cRA_LA_LL_independent_rms_s15.npz,76382,8b5138f08595c1cb82b950c0994cd850c832f1bc49e2467d4d0ef52141f0ff1e
tcn,clean_only,29,bandpass_n20002_cRA_LA_LL_independent_rms_s10,phase2/results/predictions/full/clean_only/tcn/seed_29/bandpass_n20002_cRA_LA_LL_independent_rms_s10.npz,76325,3daa7b72bdb3c578831dbd5a0227c93d811dd56c76758b3bbce3404cbd379ebd
tcn,clean_only,29,bandpass_n20002_cRA_LA_LL_independent_rms_s5,phase2/results/predictions/full/clean_only/tcn/seed_29/bandpass_n20002_cRA_LA_LL_independent_rms_s5.npz,76161,4f1d2b949116f435085ad2e560630c7da8fef88fb9c55f4c35aef02c796e7544
tcn,clean_only,29,bandpass_n20002_cRA_LA_LL_independent_rms_s0,phase2/results/predictions/full/clean_only/tcn/seed_29/bandpass_n20002_cRA_LA_LL_independent_rms_s0.npz,75869,204f5170e1207478afd49c739bd7a0745879370d0551a3e750c3954e747d5d90
tcn,clean_only,29,bandpass_n20002_cRA_LA_LL_electrode_s20,phase2/results/predictions/full/clean_only/tcn/seed_29/bandpass_n20002_cRA_LA_LL_electrode_s20.npz,76372,5bbfa33aa36f31aaa83b7bb0e86d173a2ca3498b011cb790e2ed3bf38f26a1c5
tcn,clean_only,29,bandpass_n20002_cRA_LA_LL_electrode_s15,phase2/results/predictions/full/clean_only/tcn/seed_29/bandpass_n20002_cRA_LA_LL_electrode_s15.npz,76356,88c6f2a3c50bb457db7ae9b3bc1dc7d91269761b3da975728bedd1610d1691f8
tcn,clean_only,29,bandpass_n20002_cRA_LA_LL_electrode_s10,phase2/results/predictions/full/clean_only/tcn/seed_29/bandpass_n20002_cRA_LA_LL_electrode_s10.npz,76244,141788ff6d81977a00f5942f7ff974cc3a50380bbec5004ec3f629df30b1ab9f
tcn,clean_only,29,bandpass_n20002_cRA_LA_LL_electrode_s5,phase2/results/predictions/full/clean_only/tcn/seed_29/bandpass_n20002_cRA_LA_LL_electrode_s5.npz,75981,92c117f3ff41d12ab260d91ddbdff9f7b7be08d535eb59392529842da9d4c43b
tcn,clean_only,29,bandpass_n20002_cRA_LA_LL_electrode_s0,phase2/results/predictions/full/clean_only/tcn/seed_29/bandpass_n20002_cRA_LA_LL_electrode_s0.npz,75735,208aa55f7363f2c06aae3d248c4647ebcf58c7e25a75a91c3c4d35b5a1f2c029
tcn,clean_only,29,bandpass_n20002_cRA_LA_LL_covariance_s20,phase2/results/predictions/full/clean_only/tcn/seed_29/bandpass_n20002_cRA_LA_LL_covariance_s20.npz,76397,d5006b7683c0f27f8886f1a3e6937daaf31c1d2999f2e407f17797e542c1d9f4
tcn,clean_only,29,bandpass_n20002_cRA_LA_LL_covariance_s15,phase2/results/predictions/full/clean_only/tcn/seed_29/bandpass_n20002_cRA_LA_LL_covariance_s15.npz,76348,b9c26d33b596bb1c9f0556c72a262d76a560fbe4555412cdbcceb30321030812
tcn,clean_only,29,bandpass_n20002_cRA_LA_LL_covariance_s10,phase2/results/predictions/full/clean_only/tcn/seed_29/bandpass_n20002_cRA_LA_LL_covariance_s10.npz,76222,c08a952bd5658cb52313d70676b8a3a6c5fe59ec538cdcc7a4b76ec382231981
tcn,clean_only,29,bandpass_n20002_cRA_LA_LL_covariance_s5,phase2/results/predictions/full/clean_only/tcn/seed_29/bandpass_n20002_cRA_LA_LL_covariance_s5.npz,75966,7cdb962a15d7ca0b118d9a7e79dfdfb80cc350123ed0b37aea9410b68a83ccdb
tcn,clean_only,29,bandpass_n20002_cRA_LA_LL_covariance_s0,phase2/results/predictions/full/clean_only/tcn/seed_29/bandpass_n20002_cRA_LA_LL_covariance_s0.npz,75751,ac2dfe2a8365a5a75fd8bc62690d42629e5fb2be82fff8cdf296e97209dc6e14
tcn,clean_only,29,bandpass_n20002_cV1_independent_rms_s20,phase2/results/predictions/full/clean_only/tcn/seed_29/bandpass_n20002_cV1_independent_rms_s20.npz,76392,b9ee4d81244b779912365f5a613eb7e92f005b78e4cae9697fcb2009395feca5
tcn,clean_only,29,bandpass_n20002_cV1_independent_rms_s15,phase2/results/predictions/full/clean_only/tcn/seed_29/bandpass_n20002_cV1_independent_rms_s15.npz,76384,d80b4605bbbec99a6032127322206e1efe5c3f31bc310999204c89902a82a576
tcn,clean_only,29,bandpass_n20002_cV1_independent_rms_s10,phase2/results/predictions/full/clean_only/tcn/seed_29/bandpass_n20002_cV1_independent_rms_s10.npz,76268,83ac7a8ce4860c36ed2f7a4dd9596e3132cf4d9beaa6a07ec905e74745454307
tcn,clean_only,29,bandpass_n20002_cV1_independent_rms_s5,phase2/results/predictions/full/clean_only/tcn/seed_29/bandpass_n20002_cV1_independent_rms_s5.npz,76028,62c5cfedc9b75c28405478baa341590f6815c2bee133cf08bd7303f7c0f1351d
tcn,clean_only,29,bandpass_n20002_cV1_independent_rms_s0,phase2/results/predictions/full/clean_only/tcn/seed_29/bandpass_n20002_cV1_independent_rms_s0.npz,75689,658219e0461e59eace02d5bc82be66f70b6902d8ee73dcb0fe478d840655920b
tcn,clean_only,29,bandpass_n20002_cV1_electrode_s20,phase2/results/predictions/full/clean_only/tcn/seed_29/bandpass_n20002_cV1_electrode_s20.npz,76338,2de11210fff5d7fb4bad423b89e6d4c81a6038fee593e475fd61fe303a99970f
tcn,clean_only,29,bandpass_n20002_cV1_electrode_s15,phase2/results/predictions/full/clean_only/tcn/seed_29/bandpass_n20002_cV1_electrode_s15.npz,76323,f6ab6eb47db61bf4af64e0e4045d3664710131d81f0f6c93d98fce66a13b5b20
tcn,clean_only,29,bandpass_n20002_cV1_electrode_s10,phase2/results/predictions/full/clean_only/tcn/seed_29/bandpass_n20002_cV1_electrode_s10.npz,76269,b0177262e2d1abc94bcc84ba4f20ba33e58867658a2caa82a9e0be3ed78c582b
tcn,clean_only,29,bandpass_n20002_cV1_electrode_s5,phase2/results/predictions/full/clean_only/tcn/seed_29/bandpass_n20002_cV1_electrode_s5.npz,76017,6dd8dfece62657b0ebb7224fa54d781af1ff7ec559abc0b8f969d4c5663fee28
tcn,clean_only,29,bandpass_n20002_cV1_electrode_s0,phase2/results/predictions/full/clean_only/tcn/seed_29/bandpass_n20002_cV1_electrode_s0.npz,75667,b2b6d0b6ac242487375ec6acfe2b77e52566c701f97be377c24c7c7cbf0dcf14
tcn,clean_only,29,bandpass_n20002_cV1_covariance_s20,phase2/results/predictions/full/clean_only/tcn/seed_29/bandpass_n20002_cV1_covariance_s20.npz,76380,cee319659c614752a1e62c607509f9d51bd7a7a435021782aba192969f113cfd
tcn,clean_only,29,bandpass_n20002_cV1_covariance_s15,phase2/results/predictions/full/clean_only/tcn/seed_29/bandpass_n20002_cV1_covariance_s15.npz,76369,d31ca9290d825e730cd5a494ca2fb4f31e1de2927818eb8d19edc2824cd61a32
tcn,clean_only,29,bandpass_n20002_cV1_covariance_s10,phase2/results/predictions/full/clean_only/tcn/seed_29/bandpass_n20002_cV1_covariance_s10.npz,76245,67919151a020bab47a150d03164670eeb298aa66bc3a00c56e700ecf0c395084
tcn,clean_only,29,bandpass_n20002_cV1_covariance_s5,phase2/results/predictions/full/clean_only/tcn/seed_29/bandpass_n20002_cV1_covariance_s5.npz,75960,ffe0014f73990854a62e4f5dfd457a8cf2129a46b35d03d9221c60df59be792b
tcn,clean_only,29,bandpass_n20002_cV1_covariance_s0,phase2/results/predictions/full/clean_only/tcn/seed_29/bandpass_n20002_cV1_covariance_s0.npz,75695,601f4dafa96bf11f43c51f0e5e290a120ae60d7143bded2a911a0a178ac462f2
tcn,clean_only,29,bandpass_n20002_cV2_independent_rms_s20,phase2/results/predictions/full/clean_only/tcn/seed_29/bandpass_n20002_cV2_independent_rms_s20.npz,76365,be7b5cf1e6154d9604846cbf025bed64ee0a810ccbc87d2cc1e548fc5ffef99b
tcn,clean_only,29,bandpass_n20002_cV2_independent_rms_s15,phase2/results/predictions/full/clean_only/tcn/seed_29/bandpass_n20002_cV2_independent_rms_s15.npz,76371,1beeb5c893a217d0bd34214cf12af1f0ea704bd75c3e3fa98b649e6821ac1d78
tcn,clean_only,29,bandpass_n20002_cV2_independent_rms_s10,phase2/results/predictions/full/clean_only/tcn/seed_29/bandpass_n20002_cV2_independent_rms_s10.npz,76332,313d1d70d9d05951893137eed3d6cba42c4137a882f99a7ccf68cf6c3b7fdf44
tcn,clean_only,29,bandpass_n20002_cV2_independent_rms_s5,phase2/results/predictions/full/clean_only/tcn/seed_29/bandpass_n20002_cV2_independent_rms_s5.npz,76171,049591bddc8bff19c2c19db765a456bc00bbfcfbe1eb591847c1dfd815f2c441
tcn,clean_only,29,bandpass_n20002_cV2_independent_rms_s0,phase2/results/predictions/full/clean_only/tcn/seed_29/bandpass_n20002_cV2_independent_rms_s0.npz,75855,2778880ee876acc7b0e319117d056aebbd5169ac11365492d8389fd4fcbab69f
tcn,clean_only,29,bandpass_n20002_cV2_electrode_s20,phase2/results/predictions/full/clean_only/tcn/seed_29/bandpass_n20002_cV2_electrode_s20.npz,76390,4045ef6fcc8a5c33be4c1780a909d0410543f2401a8a4651b980f38362e0f004
tcn,clean_only,29,bandpass_n20002_cV2_electrode_s15,phase2/results/predictions/full/clean_only/tcn/seed_29/bandpass_n20002_cV2_electrode_s15.npz,76359,0fca17520b475dfa263fecaf03da3d9edddd2f3a5de9c1af404fa75aaf406f04
tcn,clean_only,29,bandpass_n20002_cV2_electrode_s10,phase2/results/predictions/full/clean_only/tcn/seed_29/bandpass_n20002_cV2_electrode_s10.npz,76287,8720c300e9abaf8c3343a4d2cc666160037deb48f6b77cd8b67d7a4c6b1dcf4f
tcn,clean_only,29,bandpass_n20002_cV2_electrode_s5,phase2/results/predictions/full/clean_only/tcn/seed_29/bandpass_n20002_cV2_electrode_s5.npz,76151,cb5cd40e3368c08b376d67b0177bd2ae6dfcb5e5fa223715ab229b1807c6f4a9
tcn,clean_only,29,bandpass_n20002_cV2_electrode_s0,phase2/results/predictions/full/clean_only/tcn/seed_29/bandpass_n20002_cV2_electrode_s0.npz,75855,a033ba9358d74d9687874a5d6048c1ffbcd15178a151c40fe049147a8bac3734
tcn,clean_only,29,bandpass_n20002_cV2_covariance_s20,phase2/results/predictions/full/clean_only/tcn/seed_29/bandpass_n20002_cV2_covariance_s20.npz,76359,a1f70a86fcfbf17a69628aa3a3d3daf6e7f8149e4add1b40702f2afd630bab2f
tcn,clean_only,29,bandpass_n20002_cV2_covariance_s15,phase2/results/predictions/full/clean_only/tcn/seed_29/bandpass_n20002_cV2_covariance_s15.npz,76395,5ad03a04269187f81a0c04a70dfb8ed9fff9aed434f53aba90d3aeb1f08c4c6f
tcn,clean_only,29,bandpass_n20002_cV2_covariance_s10,phase2/results/predictions/full/clean_only/tcn/seed_29/bandpass_n20002_cV2_covariance_s10.npz,76292,630d2b5dc63086e543a4faac02318b621f81aa1a1885e100c69ef9b601f5963f
tcn,clean_only,29,bandpass_n20002_cV2_covariance_s5,phase2/results/predictions/full/clean_only/tcn/seed_29/bandpass_n20002_cV2_covariance_s5.npz,76141,75a0e3f07e07e8dcda5dd563636f2346cd7186e8280c0015bc92e3d79aee5d8c
tcn,clean_only,29,bandpass_n20002_cV2_covariance_s0,phase2/results/predictions/full/clean_only/tcn/seed_29/bandpass_n20002_cV2_covariance_s0.npz,75840,293fad06caf6226ded39674039b2083ba8ee5f145b1fbef1ef0c9883dcf32a84
tcn,clean_only,29,bandpass_n20002_cV3_independent_rms_s20,phase2/results/predictions/full/clean_only/tcn/seed_29/bandpass_n20002_cV3_independent_rms_s20.npz,76372,599da28fe7b66b4f15c1afae3704c5f5f36aa64075733908295fa124aa200f66
tcn,clean_only,29,bandpass_n20002_cV3_independent_rms_s15,phase2/results/predictions/full/clean_only/tcn/seed_29/bandpass_n20002_cV3_independent_rms_s15.npz,76377,4baaec6951a3b82906aea2a81172d9f2da83dcfb6ed81163af9cc9c023a8f523
tcn,clean_only,29,bandpass_n20002_cV3_independent_rms_s10,phase2/results/predictions/full/clean_only/tcn/seed_29/bandpass_n20002_cV3_independent_rms_s10.npz,76353,a0e9aa6e6e3eca94fa1ecd74e128dbdd22589cbaa361542e082055e602b7d2ee
tcn,clean_only,29,bandpass_n20002_cV3_independent_rms_s5,phase2/results/predictions/full/clean_only/tcn/seed_29/bandpass_n20002_cV3_independent_rms_s5.npz,76297,1b5614c4b7a3cd7752f21ee2a2612eedd3d44f0dad4cabf1309def17eed4a473
tcn,clean_only,29,bandpass_n20002_cV3_independent_rms_s0,phase2/results/predictions/full/clean_only/tcn/seed_29/bandpass_n20002_cV3_independent_rms_s0.npz,76201,c525ad06826c465f9d3f68a0a231542d18e38bdc76d5195ee4c7cac26d8b22da
tcn,clean_only,29,bandpass_n20002_cV3_electrode_s20,phase2/results/predictions/full/clean_only/tcn/seed_29/bandpass_n20002_cV3_electrode_s20.npz,76378,afecc0c29782bdfc76a68cf3350973dc3a21fd9f6c86993d5c799eb48527f9cb
tcn,clean_only,29,bandpass_n20002_cV3_electrode_s15,phase2/results/predictions/full/clean_only/tcn/seed_29/bandpass_n20002_cV3_electrode_s15.npz,76371,a6477b25fb5e68c5e6bb89a30438ea0646e6d8e54105e8f4fa4cbefa1404596d
tcn,clean_only,29,bandpass_n20002_cV3_electrode_s10,phase2/results/predictions/full/clean_only/tcn/seed_29/bandpass_n20002_cV3_electrode_s10.npz,76313,7d8b28e26899d4c7d1cb286687cf993cfb93e70446393477a8c6e2aa43410e00
tcn,clean_only,29,bandpass_n20002_cV3_electrode_s5,phase2/results/predictions/full/clean_only/tcn/seed_29/bandpass_n20002_cV3_electrode_s5.npz,76288,7edf9cbe58d73915de764e82f74d0dc1161e3beefe0db0a2b0884034d7c1ebf1
tcn,clean_only,29,bandpass_n20002_cV3_electrode_s0,phase2/results/predictions/full/clean_only/tcn/seed_29/bandpass_n20002_cV3_electrode_s0.npz,76184,d9f5f5cc48c1a07b494011eb0e318fe5d09391e8d06f7e8f612b31b81546bd7d
tcn,clean_only,29,bandpass_n20002_cV3_covariance_s20,phase2/results/predictions/full/clean_only/tcn/seed_29/bandpass_n20002_cV3_covariance_s20.npz,76369,68dd85260bce26fe9f4f22b9ee92305e85226510f3db08516a199c5e8ede213f
tcn,clean_only,29,bandpass_n20002_cV3_covariance_s15,phase2/results/predictions/full/clean_only/tcn/seed_29/bandpass_n20002_cV3_covariance_s15.npz,76399,4fcd267ec6372431ebc3eca3399a827f8ac3cabe6ad2e96b5b81ae15861e51ab
tcn,clean_only,29,bandpass_n20002_cV3_covariance_s10,phase2/results/predictions/full/clean_only/tcn/seed_29/bandpass_n20002_cV3_covariance_s10.npz,76350,1818b7e9edf38777091c16d6c9251a46d1844d57d9e69a8dfdba1f65dab0529d
tcn,clean_only,29,bandpass_n20002_cV3_covariance_s5,phase2/results/predictions/full/clean_only/tcn/seed_29/bandpass_n20002_cV3_covariance_s5.npz,76292,264c50dfb3199c87adb5a91a797099ba97863140b0d8042339f67a2a52cb7826
tcn,clean_only,29,bandpass_n20002_cV3_covariance_s0,phase2/results/predictions/full/clean_only/tcn/seed_29/bandpass_n20002_cV3_covariance_s0.npz,76168,e24dbead0ccabb3d80bf3137ad8c463f00d39c563d8f8065ac3507735630e4d7
tcn,clean_only,29,bandpass_n20002_cV4_independent_rms_s20,phase2/results/predictions/full/clean_only/tcn/seed_29/bandpass_n20002_cV4_independent_rms_s20.npz,76395,7845395ec17f2b7d94fc1d64f96b5a5805b307b22683120c0630d5558a51a4a7
tcn,clean_only,29,bandpass_n20002_cV4_independent_rms_s15,phase2/results/predictions/full/clean_only/tcn/seed_29/bandpass_n20002_cV4_independent_rms_s15.npz,76398,49085af79f2162c2b1dbe7b0233a1c81a922c9ddc5d74a41144bcd7add52a35a
tcn,clean_only,29,bandpass_n20002_cV4_independent_rms_s10,phase2/results/predictions/full/clean_only/tcn/seed_29/bandpass_n20002_cV4_independent_rms_s10.npz,76319,6b5843c5a465775608f8faca3df2b43dbd957466de3488dceee3c004e60f1183
tcn,clean_only,29,bandpass_n20002_cV4_independent_rms_s5,phase2/results/predictions/full/clean_only/tcn/seed_29/bandpass_n20002_cV4_independent_rms_s5.npz,76246,7cff14cf68dad668cc961c915ad0e2941a094c49e9ad8fd9f464639b14104d50
tcn,clean_only,29,bandpass_n20002_cV4_independent_rms_s0,phase2/results/predictions/full/clean_only/tcn/seed_29/bandpass_n20002_cV4_independent_rms_s0.npz,76083,7d1ab11fd5e702466dbb3846c08918c983f102595ce9ae0e5e4b60a42436d373
tcn,clean_only,29,bandpass_n20002_cV4_electrode_s20,phase2/results/predictions/full/clean_only/tcn/seed_29/bandpass_n20002_cV4_electrode_s20.npz,76379,39daee3e73ba2dfa969adc8d160d71158e79aea3ac2638b5decbb1e97de54303
tcn,clean_only,29,bandpass_n20002_cV4_electrode_s15,phase2/results/predictions/full/clean_only/tcn/seed_29/bandpass_n20002_cV4_electrode_s15.npz,76377,8f1f6652c5c4abc7a7063ce4854b939aebce42ac90747c2fb628dca9869da5b5
tcn,clean_only,29,bandpass_n20002_cV4_electrode_s10,phase2/results/predictions/full/clean_only/tcn/seed_29/bandpass_n20002_cV4_electrode_s10.npz,76351,ee8c28cd455e1cab9f77cad0232a68e06e589bd922cd6d8f093466c1a588b763
tcn,clean_only,29,bandpass_n20002_cV4_electrode_s5,phase2/results/predictions/full/clean_only/tcn/seed_29/bandpass_n20002_cV4_electrode_s5.npz,76257,b68925d36ba44bc37bdcf09648b0e8e2c0bc6f846793cf3f57e9f2a6c5b0fdb4
tcn,clean_only,29,bandpass_n20002_cV4_electrode_s0,phase2/results/predictions/full/clean_only/tcn/seed_29/bandpass_n20002_cV4_electrode_s0.npz,76030,673fef7a3b4767a2749e10e271498446a5238c26a5905898172ff2c1ef9d61f4
tcn,clean_only,29,bandpass_n20002_cV4_covariance_s20,phase2/results/predictions/full/clean_only/tcn/seed_29/bandpass_n20002_cV4_covariance_s20.npz,76380,a37cb22023c9a48ded0b78b052a7a10fd85a0405c616893b7e72d8134095b4b7
tcn,clean_only,29,bandpass_n20002_cV4_covariance_s15,phase2/results/predictions/full/clean_only/tcn/seed_29/bandpass_n20002_cV4_covariance_s15.npz,76366,99017ee27d897c0d83227dbfddac2e64f41adaf17ee4576c96e7a7387b1078db
tcn,clean_only,29,bandpass_n20002_cV4_covariance_s10,phase2/results/predictions/full/clean_only/tcn/seed_29/bandpass_n20002_cV4_covariance_s10.npz,76366,50a2a37aa98bde86729e420e69d929a2dc971cc24bb368e88d9ab096ba72e204
tcn,clean_only,29,bandpass_n20002_cV4_covariance_s5,phase2/results/predictions/full/clean_only/tcn/seed_29/bandpass_n20002_cV4_covariance_s5.npz,76234,a833a00850ddd58869b15fa3cc8da779203f6c58344f0c6826ffd0ca784d1e4f
tcn,clean_only,29,bandpass_n20002_cV4_covariance_s0,phase2/results/predictions/full/clean_only/tcn/seed_29/bandpass_n20002_cV4_covariance_s0.npz,76074,8d8b0c074a89864d5795f006bac76d28769e91a7a85fb6d67bc4627f65da42d3
tcn,clean_only,29,bandpass_n20002_cV5_independent_rms_s20,phase2/results/predictions/full/clean_only/tcn/seed_29/bandpass_n20002_cV5_independent_rms_s20.npz,76426,d7ffa40a14189702c3ef3d2be8c5fcafb7c703668445980dbb3bfddc3f3986a6
tcn,clean_only,29,bandpass_n20002_cV5_independent_rms_s15,phase2/results/predictions/full/clean_only/tcn/seed_29/bandpass_n20002_cV5_independent_rms_s15.npz,76387,7a942c39228e5965bd142861df793d47e1d2d4d207721ed5dd737302e451108c
tcn,clean_only,29,bandpass_n20002_cV5_independent_rms_s10,phase2/results/predictions/full/clean_only/tcn/seed_29/bandpass_n20002_cV5_independent_rms_s10.npz,76374,04b3f3191bb825f23d8cf93738bc012c14b63e0ec20c79109da287167f44bcdb
tcn,clean_only,29,bandpass_n20002_cV5_independent_rms_s5,phase2/results/predictions/full/clean_only/tcn/seed_29/bandpass_n20002_cV5_independent_rms_s5.npz,76233,5f2c3d450d24ceb132aec6a3a328ef65ebddf69ffbd0826647571756ef7885fa
tcn,clean_only,29,bandpass_n20002_cV5_independent_rms_s0,phase2/results/predictions/full/clean_only/tcn/seed_29/bandpass_n20002_cV5_independent_rms_s0.npz,75997,1a7bde0dbe610d0683465adce3c4e668baace513c42b0d31917b072c212066d1
tcn,clean_only,29,bandpass_n20002_cV5_electrode_s20,phase2/results/predictions/full/clean_only/tcn/seed_29/bandpass_n20002_cV5_electrode_s20.npz,76376,771816c15f14d67e74d26bbdfd26604474d393c6fb4d339abe6841f94108dcb0
tcn,clean_only,29,bandpass_n20002_cV5_electrode_s15,phase2/results/predictions/full/clean_only/tcn/seed_29/bandpass_n20002_cV5_electrode_s15.npz,76362,86357486ad1a75e0c95d3140e32c44eddee5df0b3d6aaafef967b96e75849bae
tcn,clean_only,29,bandpass_n20002_cV5_electrode_s10,phase2/results/predictions/full/clean_only/tcn/seed_29/bandpass_n20002_cV5_electrode_s10.npz,76360,22e2948383a3459654f16bb0d7010026ba2773bbadba7e8e0f644f6c63d481de
tcn,clean_only,29,bandpass_n20002_cV5_electrode_s5,phase2/results/predictions/full/clean_only/tcn/seed_29/bandpass_n20002_cV5_electrode_s5.npz,76221,b9fac40922e7d020502e61eff057054450f286f28bfa14ba792059f058538234
tcn,clean_only,29,bandpass_n20002_cV5_electrode_s0,phase2/results/predictions/full/clean_only/tcn/seed_29/bandpass_n20002_cV5_electrode_s0.npz,75970,78e773a9d8b68135743889fef26b63db7af748600ac0953bf863610b0406ebed
tcn,clean_only,29,bandpass_n20002_cV5_covariance_s20,phase2/results/predictions/full/clean_only/tcn/seed_29/bandpass_n20002_cV5_covariance_s20.npz,76403,fb730c2ec57bf37fd5a12a47f4915f75517d98ba9cfee645abf83225f43b3ab5
tcn,clean_only,29,bandpass_n20002_cV5_covariance_s15,phase2/results/predictions/full/clean_only/tcn/seed_29/bandpass_n20002_cV5_covariance_s15.npz,76344,30851a5afca54a1a3149d7fa1168f7d4b864ead483f4ccef85d90fb17635a59c
tcn,clean_only,29,bandpass_n20002_cV5_covariance_s10,phase2/results/predictions/full/clean_only/tcn/seed_29/bandpass_n20002_cV5_covariance_s10.npz,76349,83458dc803c85e568d2b93f690bc2e49b5875455de964075898db060bca54cf6
tcn,clean_only,29,bandpass_n20002_cV5_covariance_s5,phase2/results/predictions/full/clean_only/tcn/seed_29/bandpass_n20002_cV5_covariance_s5.npz,76230,afef162d61cf277d6ba2af1b43997ace1b88139dc55fbeba0f1c452646d438e8
tcn,clean_only,29,bandpass_n20002_cV5_covariance_s0,phase2/results/predictions/full/clean_only/tcn/seed_29/bandpass_n20002_cV5_covariance_s0.npz,75985,93abd2f0cab600a6ee05575435256df46d9aa4c271aa3067021b81046dc54b69
tcn,clean_only,29,bandpass_n20002_cV6_independent_rms_s20,phase2/results/predictions/full/clean_only/tcn/seed_29/bandpass_n20002_cV6_independent_rms_s20.npz,76374,7f3356a2d1186359eb062118e19927983c4367ac2b88d321031698e6bb4b1ef2
tcn,clean_only,29,bandpass_n20002_cV6_independent_rms_s15,phase2/results/predictions/full/clean_only/tcn/seed_29/bandpass_n20002_cV6_independent_rms_s15.npz,76397,a72acf24bb8805578bcf98a9632eb42adabc740785493e012353524826196058
tcn,clean_only,29,bandpass_n20002_cV6_independent_rms_s10,phase2/results/predictions/full/clean_only/tcn/seed_29/bandpass_n20002_cV6_independent_rms_s10.npz,76361,cc8bb07af73972f1ec63556118d71a0b0069f21ec1a2ca9e504e5b8529438ef4
tcn,clean_only,29,bandpass_n20002_cV6_independent_rms_s5,phase2/results/predictions/full/clean_only/tcn/seed_29/bandpass_n20002_cV6_independent_rms_s5.npz,76178,034c031b6682b225b539926b73fecd64d1f7b8f4a7bd597a99a79f2c8ba3a77f
tcn,clean_only,29,bandpass_n20002_cV6_independent_rms_s0,phase2/results/predictions/full/clean_only/tcn/seed_29/bandpass_n20002_cV6_independent_rms_s0.npz,75923,c4b6ec3b5ba091be9698d518636eaea9de4b036e310b9ef0db10c54df7d87145
tcn,clean_only,29,bandpass_n20002_cV6_electrode_s20,phase2/results/predictions/full/clean_only/tcn/seed_29/bandpass_n20002_cV6_electrode_s20.npz,76351,2e9a580730e3861f229b1ee54022bc79e0a65d00bafc2a5a9ea508db1f5b85e6
tcn,clean_only,29,bandpass_n20002_cV6_electrode_s15,phase2/results/predictions/full/clean_only/tcn/seed_29/bandpass_n20002_cV6_electrode_s15.npz,76369,be1556cfa074d0c39a26a5a211b666903c9af889a161e8053c39797cb3a2da26
tcn,clean_only,29,bandpass_n20002_cV6_electrode_s10,phase2/results/predictions/full/clean_only/tcn/seed_29/bandpass_n20002_cV6_electrode_s10.npz,76303,01e28333c7829b994558b73bc7c225e7f44a612330861aa50a5ad70ace7a5a3d
tcn,clean_only,29,bandpass_n20002_cV6_electrode_s5,phase2/results/predictions/full/clean_only/tcn/seed_29/bandpass_n20002_cV6_electrode_s5.npz,76158,ce365caf63f4d765a073cd60671ac96c1014e0b66f3448dc6ffc6cf4d6303bb0
tcn,clean_only,29,bandpass_n20002_cV6_electrode_s0,phase2/results/predictions/full/clean_only/tcn/seed_29/bandpass_n20002_cV6_electrode_s0.npz,75954,e2f27df84d140873759b72c2de90a001fb0b2e812ea66e0d8393df8cc66f73f1
tcn,clean_only,29,bandpass_n20002_cV6_covariance_s20,phase2/results/predictions/full/clean_only/tcn/seed_29/bandpass_n20002_cV6_covariance_s20.npz,76366,a7b4cc758fec3536aec3220e815080bc9896a539157965486343609cff4cce08
tcn,clean_only,29,bandpass_n20002_cV6_covariance_s15,phase2/results/predictions/full/clean_only/tcn/seed_29/bandpass_n20002_cV6_covariance_s15.npz,76355,ef1036039128fe2e7f7e7988bfe0e35515a74994d101a419b8f03769c867a689
tcn,clean_only,29,bandpass_n20002_cV6_covariance_s10,phase2/results/predictions/full/clean_only/tcn/seed_29/bandpass_n20002_cV6_covariance_s10.npz,76340,50960bcd961f795d0255d98e46263a878a89a7ac29fd431c6dca59d667cbe63a
tcn,clean_only,29,bandpass_n20002_cV6_covariance_s5,phase2/results/predictions/full/clean_only/tcn/seed_29/bandpass_n20002_cV6_covariance_s5.npz,76219,b7787890a3585fde0e8ba019c51ebd444a58d88a2522d5b3d02cccb4091de72c
tcn,clean_only,29,bandpass_n20002_cV6_covariance_s0,phase2/results/predictions/full/clean_only/tcn/seed_29/bandpass_n20002_cV6_covariance_s0.npz,75928,94373121804499b265ef9fd4ffadc5770431a949c1c55a30497537685a1cdec5
tcn,clean_only,29,bandpass_n20002_cRA_LA_independent_rms_s20,phase2/results/predictions/full/clean_only/tcn/seed_29/bandpass_n20002_cRA_LA_independent_rms_s20.npz,76411,e3c2339f03c2a8858977c56615aba9dd44e5ad06da2079707ac5c843b9a4e26e
tcn,clean_only,29,bandpass_n20002_cRA_LA_independent_rms_s15,phase2/results/predictions/full/clean_only/tcn/seed_29/bandpass_n20002_cRA_LA_independent_rms_s15.npz,76358,3a95ed3f59fc58198243b163604d49870f1493eecb2cc7cb6a4a68c24d312183
tcn,clean_only,29,bandpass_n20002_cRA_LA_independent_rms_s10,phase2/results/predictions/full/clean_only/tcn/seed_29/bandpass_n20002_cRA_LA_independent_rms_s10.npz,76331,5dcd21b169b8a944fe7cbcf00f3cd1262aaa886f106b2e3de2a9dc95a2f473aa
tcn,clean_only,29,bandpass_n20002_cRA_LA_independent_rms_s5,phase2/results/predictions/full/clean_only/tcn/seed_29/bandpass_n20002_cRA_LA_independent_rms_s5.npz,76141,22cd16fe2e32e19fd9880d5312b3f323e9ba997cdc2dff263f480763f3e375d0
tcn,clean_only,29,bandpass_n20002_cRA_LA_independent_rms_s0,phase2/results/predictions/full/clean_only/tcn/seed_29/bandpass_n20002_cRA_LA_independent_rms_s0.npz,75868,a7732c0fe2885fe0083c6f02173e3e6b88df052b8db0fb367e66bb969f4933de
tcn,clean_only,29,bandpass_n20002_cRA_LA_electrode_s20,phase2/results/predictions/full/clean_only/tcn/seed_29/bandpass_n20002_cRA_LA_electrode_s20.npz,76365,14f12054c9eff4107f793513e536f6046bdcb887548cb0dd698a20714dc04702
tcn,clean_only,29,bandpass_n20002_cRA_LA_electrode_s15,phase2/results/predictions/full/clean_only/tcn/seed_29/bandpass_n20002_cRA_LA_electrode_s15.npz,76360,f57d3f94eb8f9c148539f57133071f841609400dc9293e83d4b431a6e5f7d747
tcn,clean_only,29,bandpass_n20002_cRA_LA_electrode_s10,phase2/results/predictions/full/clean_only/tcn/seed_29/bandpass_n20002_cRA_LA_electrode_s10.npz,76179,478b21b82b664690495015a96d26709998b5aa62179632a413e03b30195be08e
tcn,clean_only,29,bandpass_n20002_cRA_LA_electrode_s5,phase2/results/predictions/full/clean_only/tcn/seed_29/bandpass_n20002_cRA_LA_electrode_s5.npz,75951,6b6c33fb4cd2c73bf9d1c2af1c75acb1fc7ed4b43d0a52ae92e79f0d66686479
tcn,clean_only,29,bandpass_n20002_cRA_LA_electrode_s0,phase2/results/predictions/full/clean_only/tcn/seed_29/bandpass_n20002_cRA_LA_electrode_s0.npz,75750,fd5863d8aab7e1833463b041429008747ee7546660d499b29ffcd04a339a5311
tcn,clean_only,29,bandpass_n20002_cRA_LA_covariance_s20,phase2/results/predictions/full/clean_only/tcn/seed_29/bandpass_n20002_cRA_LA_covariance_s20.npz,76373,26a9eaecb4701b38da3dda4a02b96585b541a880f2a26c38202b87000ced63ff
tcn,clean_only,29,bandpass_n20002_cRA_LA_covariance_s15,phase2/results/predictions/full/clean_only/tcn/seed_29/bandpass_n20002_cRA_LA_covariance_s15.npz,76369,548d12c2161cdd75c80d8c505e3ca48644f1cecb241111388399495cf0df4042
tcn,clean_only,29,bandpass_n20002_cRA_LA_covariance_s10,phase2/results/predictions/full/clean_only/tcn/seed_29/bandpass_n20002_cRA_LA_covariance_s10.npz,76239,9007711d6f818711afab35bdb55d340c861e5b2f787bb4d1dfc2142ec5ae5f0c
tcn,clean_only,29,bandpass_n20002_cRA_LA_covariance_s5,phase2/results/predictions/full/clean_only/tcn/seed_29/bandpass_n20002_cRA_LA_covariance_s5.npz,75954,c1d2394e4cfdf1239fca99565b5ac8569d0192d3ad1c7ffefa0839d0aa18a383
tcn,clean_only,29,bandpass_n20002_cRA_LA_covariance_s0,phase2/results/predictions/full/clean_only/tcn/seed_29/bandpass_n20002_cRA_LA_covariance_s0.npz,75701,d386d35d0cd73a395e040c1ffbdae3e256d965ffe318cc77a8b4e91adb32a15a
tcn,clean_only,29,bandpass_n20002_cLA_LL_independent_rms_s20,phase2/results/predictions/full/clean_only/tcn/seed_29/bandpass_n20002_cLA_LL_independent_rms_s20.npz,76393,e81b348ad2c52a5660e3f634133bac0b0b92e183737043b2553b19143dddcb19
tcn,clean_only,29,bandpass_n20002_cLA_LL_independent_rms_s15,phase2/results/predictions/full/clean_only/tcn/seed_29/bandpass_n20002_cLA_LL_independent_rms_s15.npz,76383,6d4b83a022fdaf497d3b080b556c222aea6a2bda35e38086fa07801d7a5cfd86
tcn,clean_only,29,bandpass_n20002_cLA_LL_independent_rms_s10,phase2/results/predictions/full/clean_only/tcn/seed_29/bandpass_n20002_cLA_LL_independent_rms_s10.npz,76295,f1299564b46203b2119e933bc57c54641a5781bb10605273e2625e1e3a972683
tcn,clean_only,29,bandpass_n20002_cLA_LL_independent_rms_s5,phase2/results/predictions/full/clean_only/tcn/seed_29/bandpass_n20002_cLA_LL_independent_rms_s5.npz,76149,85f4de8b6260da5dc9d12631eda651d3ab631af9ff1ad9b2bd3abcc8fb09c55b
tcn,clean_only,29,bandpass_n20002_cLA_LL_independent_rms_s0,phase2/results/predictions/full/clean_only/tcn/seed_29/bandpass_n20002_cLA_LL_independent_rms_s0.npz,75859,e70d68e59a2d30204fa6a015eb83686ad537deb3a79b7460c7140beba076ec2b
tcn,clean_only,29,bandpass_n20002_cLA_LL_electrode_s20,phase2/results/predictions/full/clean_only/tcn/seed_29/bandpass_n20002_cLA_LL_electrode_s20.npz,76385,c0eae776e41cbc462b74b3b6312c2bfad83d66a6a4d665d6d4aee5f00e73f014
tcn,clean_only,29,bandpass_n20002_cLA_LL_electrode_s15,phase2/results/predictions/full/clean_only/tcn/seed_29/bandpass_n20002_cLA_LL_electrode_s15.npz,76372,4f7e2df3b46392495e4ee5080ac20f9dbeedecdff6f9df156a931e190ade549b
tcn,clean_only,29,bandpass_n20002_cLA_LL_electrode_s10,phase2/results/predictions/full/clean_only/tcn/seed_29/bandpass_n20002_cLA_LL_electrode_s10.npz,76254,bc21a36b17685e1f3967476fbfb00ca6ffc05daf206e3e24367c1352577304d5
tcn,clean_only,29,bandpass_n20002_cLA_LL_electrode_s5,phase2/results/predictions/full/clean_only/tcn/seed_29/bandpass_n20002_cLA_LL_electrode_s5.npz,76004,1caba4ae0094054b0381f20b79faa9d43294d9705bc16632a8b3747ebb7f7875
tcn,clean_only,29,bandpass_n20002_cLA_LL_electrode_s0,phase2/results/predictions/full/clean_only/tcn/seed_29/bandpass_n20002_cLA_LL_electrode_s0.npz,75856,5cac03fd555b44244bcf7fb417129f78a91c564f90121b60ab2cbb4419b5d441
tcn,clean_only,29,bandpass_n20002_cLA_LL_covariance_s20,phase2/results/predictions/full/clean_only/tcn/seed_29/bandpass_n20002_cLA_LL_covariance_s20.npz,76371,08dc5894095f65a69f89f4b8ad26833692ee625904d96f88a691c97955c4c181
tcn,clean_only,29,bandpass_n20002_cLA_LL_covariance_s15,phase2/results/predictions/full/clean_only/tcn/seed_29/bandpass_n20002_cLA_LL_covariance_s15.npz,76368,7a171106b3480c62b408f5db2c3ce0ac30ef878e6d2110d598809c94b77e0448
tcn,clean_only,29,bandpass_n20002_cLA_LL_covariance_s10,phase2/results/predictions/full/clean_only/tcn/seed_29/bandpass_n20002_cLA_LL_covariance_s10.npz,76255,539e973230fb83f483ff2c009ea93ffe31eaf58508f9d3baee49f8c4c76e88e7
tcn,clean_only,29,bandpass_n20002_cLA_LL_covariance_s5,phase2/results/predictions/full/clean_only/tcn/seed_29/bandpass_n20002_cLA_LL_covariance_s5.npz,75988,291d884cc12dd9dd7a5c81531865c918c04dc7a62bf180506591de64407babec
tcn,clean_only,29,bandpass_n20002_cLA_LL_covariance_s0,phase2/results/predictions/full/clean_only/tcn/seed_29/bandpass_n20002_cLA_LL_covariance_s0.npz,75888,427ebf656a3e4ba8e2c82ac2917dd184745de3943bcc5d641f6c6cb09b5b8993
tcn,clean_only,29,bandpass_n20002_cRA_LL_independent_rms_s20,phase2/results/predictions/full/clean_only/tcn/seed_29/bandpass_n20002_cRA_LL_independent_rms_s20.npz,76407,bc2a4f9d3cc00329f45dbf1d4353165fff1a85884476e0b9632169c3f03486c0
tcn,clean_only,29,bandpass_n20002_cRA_LL_independent_rms_s15,phase2/results/predictions/full/clean_only/tcn/seed_29/bandpass_n20002_cRA_LL_independent_rms_s15.npz,76392,0a7963d0e357a1e09322c7a937f640d5f919a69371d38f5cfe3b9b4b6e2cf6bd
tcn,clean_only,29,bandpass_n20002_cRA_LL_independent_rms_s10,phase2/results/predictions/full/clean_only/tcn/seed_29/bandpass_n20002_cRA_LL_independent_rms_s10.npz,76319,981094ccbd0b1512d5934000a823fe7e1136213ac096596ce53aed9344cb688f
tcn,clean_only,29,bandpass_n20002_cRA_LL_independent_rms_s5,phase2/results/predictions/full/clean_only/tcn/seed_29/bandpass_n20002_cRA_LL_independent_rms_s5.npz,76087,7a165f2d9bd9a9a7ff69ab17393eb27b5f0623c9dd9dff8f7b714ddd616746b6
tcn,clean_only,29,bandpass_n20002_cRA_LL_independent_rms_s0,phase2/results/predictions/full/clean_only/tcn/seed_29/bandpass_n20002_cRA_LL_independent_rms_s0.npz,75847,bc5273983074869e2a201562fb4eba8db41568dd12fd8d4a0709d575ed9ff3b5
tcn,clean_only,29,bandpass_n20002_cRA_LL_electrode_s20,phase2/results/predictions/full/clean_only/tcn/seed_29/bandpass_n20002_cRA_LL_electrode_s20.npz,76372,552c81949feb81b2ac51682f65bd9327eb2724af4b2de89cb29d8f91c6d605a1
tcn,clean_only,29,bandpass_n20002_cRA_LL_electrode_s15,phase2/results/predictions/full/clean_only/tcn/seed_29/bandpass_n20002_cRA_LL_electrode_s15.npz,76354,d7b87a349f4b93f17e435874a9f402426639d0b59709bea922af5ca4fcad60f4
tcn,clean_only,29,bandpass_n20002_cRA_LL_electrode_s10,phase2/results/predictions/full/clean_only/tcn/seed_29/bandpass_n20002_cRA_LL_electrode_s10.npz,76220,82e299f9a3424e8206dc9f6731d24c703c7e8a7dd0380b244adfa26e72ebcdec
tcn,clean_only,29,bandpass_n20002_cRA_LL_electrode_s5,phase2/results/predictions/full/clean_only/tcn/seed_29/bandpass_n20002_cRA_LL_electrode_s5.npz,75927,3293f1eee3ad9ac29e8a65c345b71d9d5386e166dab9e86c2ec5e0f4d8b54289
tcn,clean_only,29,bandpass_n20002_cRA_LL_electrode_s0,phase2/results/predictions/full/clean_only/tcn/seed_29/bandpass_n20002_cRA_LL_electrode_s0.npz,75734,58e9895261f21095fd73ef2dc1aade44b1b007396b5be6f19018e3e71e75c649
tcn,clean_only,29,bandpass_n20002_cRA_LL_covariance_s20,phase2/results/predictions/full/clean_only/tcn/seed_29/bandpass_n20002_cRA_LL_covariance_s20.npz,76383,f46a9fa423cfe16c49028af8fcf34f8d32bc428eac926e77f4275c73d9b08104
tcn,clean_only,29,bandpass_n20002_cRA_LL_covariance_s15,phase2/results/predictions/full/clean_only/tcn/seed_29/bandpass_n20002_cRA_LL_covariance_s15.npz,76318,bdcf5c02567695710211e99a14a641b3e3b0a9812233ee1683e6ebcf2c14df26
tcn,clean_only,29,bandpass_n20002_cRA_LL_covariance_s10,phase2/results/predictions/full/clean_only/tcn/seed_29/bandpass_n20002_cRA_LL_covariance_s10.npz,76221,7b61b5b42cc7ff34a01e46b97c8e1e3f7b98c86510e933a1ffad24e804ceaf3b
tcn,clean_only,29,bandpass_n20002_cRA_LL_covariance_s5,phase2/results/predictions/full/clean_only/tcn/seed_29/bandpass_n20002_cRA_LL_covariance_s5.npz,75981,ff99a725ce87213a2187f627b8aff51cff3f6e89e22c93edf89a759cede24d50
tcn,clean_only,29,bandpass_n20002_cRA_LL_covariance_s0,phase2/results/predictions/full/clean_only/tcn/seed_29/bandpass_n20002_cRA_LL_covariance_s0.npz,75738,e5834a88173a4a5bf22133c36bc9e0e42894b11502544b8b9381068a9a3e9cb2
tcn,clean_only,29,bandpass_n20002_cRA_independent_rms_s20,phase2/results/predictions/full/clean_only/tcn/seed_29/bandpass_n20002_cRA_independent_rms_s20.npz,76400,bcd8936fd8644e213effedbdcac12e67be5a254608eeb8c8d51ad4fb6c054e23
tcn,clean_only,29,bandpass_n20002_cRA_independent_rms_s15,phase2/results/predictions/full/clean_only/tcn/seed_29/bandpass_n20002_cRA_independent_rms_s15.npz,76365,4dd20851544f7ea561b426405e28ec66e72c6f02dc60a114be129c57fdef2c9f
tcn,clean_only,29,bandpass_n20002_cRA_independent_rms_s10,phase2/results/predictions/full/clean_only/tcn/seed_29/bandpass_n20002_cRA_independent_rms_s10.npz,76331,9c06e00e3b78a6dce1f9cc02011ee7618b2689f89fe81e73b0778c1999888037
tcn,clean_only,29,bandpass_n20002_cRA_independent_rms_s5,phase2/results/predictions/full/clean_only/tcn/seed_29/bandpass_n20002_cRA_independent_rms_s5.npz,76152,7a41737ca3c738921b701e19bd989f368afe53af6e3df6c609ca2a4cfc15c92a
tcn,clean_only,29,bandpass_n20002_cRA_independent_rms_s0,phase2/results/predictions/full/clean_only/tcn/seed_29/bandpass_n20002_cRA_independent_rms_s0.npz,75881,a99b2749dc49fb076acd6286338c2a73c9e44d6992759aebe21cc8d4e1d3a149
tcn,clean_only,29,bandpass_n20002_cRA_electrode_s20,phase2/results/predictions/full/clean_only/tcn/seed_29/bandpass_n20002_cRA_electrode_s20.npz,76391,4b3078d1855fd9b3e540c687372434ca3147a4f772eff4fefc80944fdf05d870
tcn,clean_only,29,bandpass_n20002_cRA_electrode_s15,phase2/results/predictions/full/clean_only/tcn/seed_29/bandpass_n20002_cRA_electrode_s15.npz,76348,3c459fdf5d3eae98dc299895395b0643cbce49e2de60fd5ee2e093cabff81642
tcn,clean_only,29,bandpass_n20002_cRA_electrode_s10,phase2/results/predictions/full/clean_only/tcn/seed_29/bandpass_n20002_cRA_electrode_s10.npz,76194,20c3fc84203330e1e6820d517da4acfbe37805602f483ff6e88e6665dfed5ece
tcn,clean_only,29,bandpass_n20002_cRA_electrode_s5,phase2/results/predictions/full/clean_only/tcn/seed_29/bandpass_n20002_cRA_electrode_s5.npz,75920,51c6c296c403a34c5ef3fbb1c5d982897f3903ddba703b6f0b3445326625ac02
tcn,clean_only,29,bandpass_n20002_cRA_electrode_s0,phase2/results/predictions/full/clean_only/tcn/seed_29/bandpass_n20002_cRA_electrode_s0.npz,75566,06241c82b2aa9c254b34b1b480b735e1277b5ab9c004a7d12e980a579738ca18
tcn,clean_only,29,bandpass_n20002_cRA_covariance_s20,phase2/results/predictions/full/clean_only/tcn/seed_29/bandpass_n20002_cRA_covariance_s20.npz,76381,167956ead40d29404ca43398fea79e1dfc1e18dfbed7848a33a41489647d522d
tcn,clean_only,29,bandpass_n20002_cRA_covariance_s15,phase2/results/predictions/full/clean_only/tcn/seed_29/bandpass_n20002_cRA_covariance_s15.npz,76333,4c105baf578695c73af5037d486a05baea6e75485b7c5b49b07861ddc93c3bea
tcn,clean_only,29,bandpass_n20002_cRA_covariance_s10,phase2/results/predictions/full/clean_only/tcn/seed_29/bandpass_n20002_cRA_covariance_s10.npz,76209,98b46f14a2cf063121b763fdc2f963c699efa0cf781d623921f0283db067bf2a
tcn,clean_only,29,bandpass_n20002_cRA_covariance_s5,phase2/results/predictions/full/clean_only/tcn/seed_29/bandpass_n20002_cRA_covariance_s5.npz,75935,62fc739486747d87e1ac4c7a74e4e4bf46cdbb7b5b457b6951adb5b834fb2a7e
tcn,clean_only,29,bandpass_n20002_cRA_covariance_s0,phase2/results/predictions/full/clean_only/tcn/seed_29/bandpass_n20002_cRA_covariance_s0.npz,75557,fbf81a2a424b341942be2f800dbb5001e001141f1436eac4c108e1e7ea127398
tcn,clean_only,29,bandpass_n20002_cLA_independent_rms_s20,phase2/results/predictions/full/clean_only/tcn/seed_29/bandpass_n20002_cLA_independent_rms_s20.npz,76390,7cf853040bb90c526a22ffe727d5e0ac6ac7da840ff9cd736d94358007d59691
tcn,clean_only,29,bandpass_n20002_cLA_independent_rms_s15,phase2/results/predictions/full/clean_only/tcn/seed_29/bandpass_n20002_cLA_independent_rms_s15.npz,76389,84af9048cd7f057ca07a49c08503774bdd3e31213f69d9407b3b2aad52f809ec
tcn,clean_only,29,bandpass_n20002_cLA_independent_rms_s10,phase2/results/predictions/full/clean_only/tcn/seed_29/bandpass_n20002_cLA_independent_rms_s10.npz,76300,1961457f00462ded2667873ca880ed4f03164edd0469bae3d678d68a183f9746
tcn,clean_only,29,bandpass_n20002_cLA_independent_rms_s5,phase2/results/predictions/full/clean_only/tcn/seed_29/bandpass_n20002_cLA_independent_rms_s5.npz,76116,a4e93350301eb0bbc99e3b0c2dc7a6eb1b0b0134c8cc499ee486aef4e5cc5d0d
tcn,clean_only,29,bandpass_n20002_cLA_independent_rms_s0,phase2/results/predictions/full/clean_only/tcn/seed_29/bandpass_n20002_cLA_independent_rms_s0.npz,75869,99c181327ccd9b28c5d339e4f52bebdd4e48bd9e182c07c9e25a77dff02e6e66
tcn,clean_only,29,bandpass_n20002_cLA_electrode_s20,phase2/results/predictions/full/clean_only/tcn/seed_29/bandpass_n20002_cLA_electrode_s20.npz,76353,f8e7e1a205d62fd969a609ab574f517ae6d6d0d1b73110dfbd4cd849fa91f21b
tcn,clean_only,29,bandpass_n20002_cLA_electrode_s15,phase2/results/predictions/full/clean_only/tcn/seed_29/bandpass_n20002_cLA_electrode_s15.npz,76334,e196e8b353de6ac4e3f947e6106eeeeec6f8f96071726efcfdf740f2ddaceaa1
tcn,clean_only,29,bandpass_n20002_cLA_electrode_s10,phase2/results/predictions/full/clean_only/tcn/seed_29/bandpass_n20002_cLA_electrode_s10.npz,76260,adaff909dbf1e9a91f5f33db2af1e6fbd31fc104d6b416bd0cf9bfda92d97a69
tcn,clean_only,29,bandpass_n20002_cLA_electrode_s5,phase2/results/predictions/full/clean_only/tcn/seed_29/bandpass_n20002_cLA_electrode_s5.npz,76004,d97c229568634c44affc7febc30aca09e9f74314b88dfd60920877d839237d2d
tcn,clean_only,29,bandpass_n20002_cLA_electrode_s0,phase2/results/predictions/full/clean_only/tcn/seed_29/bandpass_n20002_cLA_electrode_s0.npz,75855,8a4cb9537c3a788edab76c3f57ba6a6ca86feee9b2458d1b620a53c9e6909488
tcn,clean_only,29,bandpass_n20002_cLA_covariance_s20,phase2/results/predictions/full/clean_only/tcn/seed_29/bandpass_n20002_cLA_covariance_s20.npz,76386,76d7160b1abdb3ed1c37571eb64a85c2730fd9d1408ff4ab93c45c1326914469
tcn,clean_only,29,bandpass_n20002_cLA_covariance_s15,phase2/results/predictions/full/clean_only/tcn/seed_29/bandpass_n20002_cLA_covariance_s15.npz,76338,20f46eb1308537ab71b6643a3f6c9c73266edcd1ee375d5462ce9850c0f067a2
tcn,clean_only,29,bandpass_n20002_cLA_covariance_s10,phase2/results/predictions/full/clean_only/tcn/seed_29/bandpass_n20002_cLA_covariance_s10.npz,76259,ca4a750f4afea4add9d60857f88bafd7d886136ab84d981c9daffed687d66166
tcn,clean_only,29,bandpass_n20002_cLA_covariance_s5,phase2/results/predictions/full/clean_only/tcn/seed_29/bandpass_n20002_cLA_covariance_s5.npz,76041,cd1b03cff9aedae536ba93a9f8a6991d46a510ee5c4060b88dcb9d1bbefe2817
tcn,clean_only,29,bandpass_n20002_cLA_covariance_s0,phase2/results/predictions/full/clean_only/tcn/seed_29/bandpass_n20002_cLA_covariance_s0.npz,75821,d66ec96ef1d20b738274a0dbd2b2267596d34c5040825fb2803c42e9192c717c
tcn,clean_only,29,bandpass_n20002_cLL_independent_rms_s20,phase2/results/predictions/full/clean_only/tcn/seed_29/bandpass_n20002_cLL_independent_rms_s20.npz,76394,2f3a65186ed03e525af2140a780cd3d6d7b26a4d7b7ee9630e64bb7233c06b1d
tcn,clean_only,29,bandpass_n20002_cLL_independent_rms_s15,phase2/results/predictions/full/clean_only/tcn/seed_29/bandpass_n20002_cLL_independent_rms_s15.npz,76371,d524adde49fbb1552a8a15b1c8ec80d94e87d08a6382029ddbb6b369e571fb4c
tcn,clean_only,29,bandpass_n20002_cLL_independent_rms_s10,phase2/results/predictions/full/clean_only/tcn/seed_29/bandpass_n20002_cLL_independent_rms_s10.npz,76272,308cc2699bd49582758c7179f2facaac2ec5e4699d33ff82ca7395d7d6d06ca4
tcn,clean_only,29,bandpass_n20002_cLL_independent_rms_s5,phase2/results/predictions/full/clean_only/tcn/seed_29/bandpass_n20002_cLL_independent_rms_s5.npz,76118,6f11272a7b3a22371edfa7a4fa686ada5f8736a5ae83175475840280d767e492
tcn,clean_only,29,bandpass_n20002_cLL_independent_rms_s0,phase2/results/predictions/full/clean_only/tcn/seed_29/bandpass_n20002_cLL_independent_rms_s0.npz,75860,dea99a8968998aba64097c232e7dc5ec273f1e817fc7be6b342295db662204d5
tcn,clean_only,29,bandpass_n20002_cLL_electrode_s20,phase2/results/predictions/full/clean_only/tcn/seed_29/bandpass_n20002_cLL_electrode_s20.npz,76367,e3d8eb87f6b7028543b6c4a2caba6a3ef0f96702d16fab341c207cf54c616932
tcn,clean_only,29,bandpass_n20002_cLL_electrode_s15,phase2/results/predictions/full/clean_only/tcn/seed_29/bandpass_n20002_cLL_electrode_s15.npz,76350,8996356015416faffd8a6df0eb35dc59019e75df1b8dfe19adede4ec140652eb
tcn,clean_only,29,bandpass_n20002_cLL_electrode_s10,phase2/results/predictions/full/clean_only/tcn/seed_29/bandpass_n20002_cLL_electrode_s10.npz,76242,0d7e6a4d3f9b5baa044fb6a176e76f47b04c016e28fcb4a655d9291f82c0d919
tcn,clean_only,29,bandpass_n20002_cLL_electrode_s5,phase2/results/predictions/full/clean_only/tcn/seed_29/bandpass_n20002_cLL_electrode_s5.npz,75984,e911bf568263da03cf83fcc893b84d8f2a48e715b6f9bfe3319290323fcc2d1c
tcn,clean_only,29,bandpass_n20002_cLL_electrode_s0,phase2/results/predictions/full/clean_only/tcn/seed_29/bandpass_n20002_cLL_electrode_s0.npz,75958,a939837ff90bf330c2f95cadaf7e9222ab67611ff630d8e1c48f43851d6ac5c1
tcn,clean_only,29,bandpass_n20002_cLL_covariance_s20,phase2/results/predictions/full/clean_only/tcn/seed_29/bandpass_n20002_cLL_covariance_s20.npz,76383,6a0088c55b03df66eb55da69e34734fa5979ca102fc74cf714209977b47ef491
tcn,clean_only,29,bandpass_n20002_cLL_covariance_s15,phase2/results/predictions/full/clean_only/tcn/seed_29/bandpass_n20002_cLL_covariance_s15.npz,76353,509b6446fef45f6733973bf63b47430c2989d47ded473159ca48d244f4a79d76
tcn,clean_only,29,bandpass_n20002_cLL_covariance_s10,phase2/results/predictions/full/clean_only/tcn/seed_29/bandpass_n20002_cLL_covariance_s10.npz,76202,754ba001712bee0051ece9fd37529b8ea7dc8e68b526460f6eff10fea800096c
tcn,clean_only,29,bandpass_n20002_cLL_covariance_s5,phase2/results/predictions/full/clean_only/tcn/seed_29/bandpass_n20002_cLL_covariance_s5.npz,75975,53797adbf4bc4589bc858293f5d9ad25859c4d3c9d4ddd52550a8cef088fc4ee
tcn,clean_only,29,bandpass_n20002_cLL_covariance_s0,phase2/results/predictions/full/clean_only/tcn/seed_29/bandpass_n20002_cLL_covariance_s0.npz,75902,94ff96d784f67f10f1a731d383e34b09607b259142afb5646241df202631c943
tcn,clean_only,29,bandpass_n20002_cRA_V1_independent_rms_s20,phase2/results/predictions/full/clean_only/tcn/seed_29/bandpass_n20002_cRA_V1_independent_rms_s20.npz,76414,849b017f0596c9d2e99369ce43dc80472cf6ba520742f0ca495c056794a88148
tcn,clean_only,29,bandpass_n20002_cRA_V1_independent_rms_s15,phase2/results/predictions/full/clean_only/tcn/seed_29/bandpass_n20002_cRA_V1_independent_rms_s15.npz,76389,1f82e67d3aec9b5a1e8055089319ff3f824a22656cf4a599a9ca51a2af201989
tcn,clean_only,29,bandpass_n20002_cRA_V1_independent_rms_s10,phase2/results/predictions/full/clean_only/tcn/seed_29/bandpass_n20002_cRA_V1_independent_rms_s10.npz,76302,dee55a53f4fcd57fe9252757d4dd2131340fe7c25678fd322ac1105abf04757e
tcn,clean_only,29,bandpass_n20002_cRA_V1_independent_rms_s5,phase2/results/predictions/full/clean_only/tcn/seed_29/bandpass_n20002_cRA_V1_independent_rms_s5.npz,76131,587d6e20dd464a12ddb9863ae6ef6791871000319444e35251f59947572f180e
tcn,clean_only,29,bandpass_n20002_cRA_V1_independent_rms_s0,phase2/results/predictions/full/clean_only/tcn/seed_29/bandpass_n20002_cRA_V1_independent_rms_s0.npz,75823,4c459723bb8572d6458f8e4fc230a3804747b639b61f7200a4d8027203f8733e
tcn,clean_only,29,bandpass_n20002_cRA_V1_electrode_s20,phase2/results/predictions/full/clean_only/tcn/seed_29/bandpass_n20002_cRA_V1_electrode_s20.npz,76366,a9eb1ad0a59574dae4ff5b5072d12fdce5373c73699e36d5fe3aebb79448abea
tcn,clean_only,29,bandpass_n20002_cRA_V1_electrode_s15,phase2/results/predictions/full/clean_only/tcn/seed_29/bandpass_n20002_cRA_V1_electrode_s15.npz,76346,77542fc0c72732d299bc701c7b6249efe4fb5bb5ea979f47b23a1f66fdaf91d4
tcn,clean_only,29,bandpass_n20002_cRA_V1_electrode_s10,phase2/results/predictions/full/clean_only/tcn/seed_29/bandpass_n20002_cRA_V1_electrode_s10.npz,76234,2cd7c0a00b04db3ff2a106aa296c1793f3020a5a77e8b80cc6964e16188abee9
tcn,clean_only,29,bandpass_n20002_cRA_V1_electrode_s5,phase2/results/predictions/full/clean_only/tcn/seed_29/bandpass_n20002_cRA_V1_electrode_s5.npz,75938,32c4532473eef71bbb75e813915d9947a2fc74254814223ca8c8935ccc6b9f5a
tcn,clean_only,29,bandpass_n20002_cRA_V1_electrode_s0,phase2/results/predictions/full/clean_only/tcn/seed_29/bandpass_n20002_cRA_V1_electrode_s0.npz,75572,7f862c00eae956f4d66a360fb498476de1a04fea6eb6463c8dff02b586e19dd9
tcn,clean_only,29,bandpass_n20002_cRA_V1_covariance_s20,phase2/results/predictions/full/clean_only/tcn/seed_29/bandpass_n20002_cRA_V1_covariance_s20.npz,76355,f9ecc1d35b8523e1b78b4a7abdba518ec0c14009ea693ae774b11ace061b9538
tcn,clean_only,29,bandpass_n20002_cRA_V1_covariance_s15,phase2/results/predictions/full/clean_only/tcn/seed_29/bandpass_n20002_cRA_V1_covariance_s15.npz,76356,6398f39638e561cfc73ae1e880beaafdc54c8684c08e1bc24a209f3bb104abf2
tcn,clean_only,29,bandpass_n20002_cRA_V1_covariance_s10,phase2/results/predictions/full/clean_only/tcn/seed_29/bandpass_n20002_cRA_V1_covariance_s10.npz,76211,9dc6a8ddd2f152c3d93c3dd5516ca982b53884d2d0cf8d74d2f78d7a632abd82
tcn,clean_only,29,bandpass_n20002_cRA_V1_covariance_s5,phase2/results/predictions/full/clean_only/tcn/seed_29/bandpass_n20002_cRA_V1_covariance_s5.npz,75921,a019248097d97d0b2f76c4551f9f42288da23c3c04f151a115c5a38782079bfb
tcn,clean_only,29,bandpass_n20002_cRA_V1_covariance_s0,phase2/results/predictions/full/clean_only/tcn/seed_29/bandpass_n20002_cRA_V1_covariance_s0.npz,75583,b31edb2609fc54d7c03bbf3957b6dcc8d06bbd4f2cdd457347911943cfab290e
tcn,clean_only,29,bandpass_n20002_cLA_V6_independent_rms_s20,phase2/results/predictions/full/clean_only/tcn/seed_29/bandpass_n20002_cLA_V6_independent_rms_s20.npz,76403,f8ea8764f0ded7526f10f8e36c65b51b53e245bf5720d473981a2101197285e6
tcn,clean_only,29,bandpass_n20002_cLA_V6_independent_rms_s15,phase2/results/predictions/full/clean_only/tcn/seed_29/bandpass_n20002_cLA_V6_independent_rms_s15.npz,76389,33534ae2aec0c20a7f6d8fa02eb3090a53ba1df5198118285de7b1bbdeba7841
tcn,clean_only,29,bandpass_n20002_cLA_V6_independent_rms_s10,phase2/results/predictions/full/clean_only/tcn/seed_29/bandpass_n20002_cLA_V6_independent_rms_s10.npz,76323,6ae58464251a9707b52a346c15b0ff696a15137e34f1aa67219d1dbeb9178dea
tcn,clean_only,29,bandpass_n20002_cLA_V6_independent_rms_s5,phase2/results/predictions/full/clean_only/tcn/seed_29/bandpass_n20002_cLA_V6_independent_rms_s5.npz,76181,ed4cab4f33c9e9a08f0d33fafccfbd6db2a1a2f81cf3ad3c1a8f3a9202e75362
tcn,clean_only,29,bandpass_n20002_cLA_V6_independent_rms_s0,phase2/results/predictions/full/clean_only/tcn/seed_29/bandpass_n20002_cLA_V6_independent_rms_s0.npz,75888,413959d786d0ad91e7c58b6da909af1e13253b6e60aa6537ed7ba77a4e3ec676
tcn,clean_only,29,bandpass_n20002_cLA_V6_electrode_s20,phase2/results/predictions/full/clean_only/tcn/seed_29/bandpass_n20002_cLA_V6_electrode_s20.npz,76393,41b9f7aa4d46675195347707b564b154ae0f81bb3c222aef5fef18044a75b6ef
tcn,clean_only,29,bandpass_n20002_cLA_V6_electrode_s15,phase2/results/predictions/full/clean_only/tcn/seed_29/bandpass_n20002_cLA_V6_electrode_s15.npz,76350,09b8d2842ca182257234119c4addb85466909e0904334c71b9c0b316c421ea0a
tcn,clean_only,29,bandpass_n20002_cLA_V6_electrode_s10,phase2/results/predictions/full/clean_only/tcn/seed_29/bandpass_n20002_cLA_V6_electrode_s10.npz,76283,841c7a350181c5f8880c4967c3989b52b95ea959408d9e2a1bdfb8ba9a6794a7
tcn,clean_only,29,bandpass_n20002_cLA_V6_electrode_s5,phase2/results/predictions/full/clean_only/tcn/seed_29/bandpass_n20002_cLA_V6_electrode_s5.npz,76071,5d45f11c1ea5783fe36b093d9d2d81824e63bd0ee20cffd15e6ca56a878f0977
tcn,clean_only,29,bandpass_n20002_cLA_V6_electrode_s0,phase2/results/predictions/full/clean_only/tcn/seed_29/bandpass_n20002_cLA_V6_electrode_s0.npz,75832,b77bf6922f84a893b75e211429f91775cc259a4e376883fc5ffb848a38d4d97b
tcn,clean_only,29,bandpass_n20002_cLA_V6_covariance_s20,phase2/results/predictions/full/clean_only/tcn/seed_29/bandpass_n20002_cLA_V6_covariance_s20.npz,76410,d7fc0d004d03ff57414bb5ea83520d66221b96c20a0a748f8c2e5eab655888e2
tcn,clean_only,29,bandpass_n20002_cLA_V6_covariance_s15,phase2/results/predictions/full/clean_only/tcn/seed_29/bandpass_n20002_cLA_V6_covariance_s15.npz,76369,a1c2bb27c2776d4cb2627cbfe2593c82af3acb06376e1124ee5880c1ffbd5c16
tcn,clean_only,29,bandpass_n20002_cLA_V6_covariance_s10,phase2/results/predictions/full/clean_only/tcn/seed_29/bandpass_n20002_cLA_V6_covariance_s10.npz,76291,bbc0df796c9cc98e51989251af15ee0be0ba5081ea631d8a66786b179de65303
tcn,clean_only,29,bandpass_n20002_cLA_V6_covariance_s5,phase2/results/predictions/full/clean_only/tcn/seed_29/bandpass_n20002_cLA_V6_covariance_s5.npz,76045,5504dab1e3e314a36dcef7a3108fe885111be4d91cb192b09cdc2633583290b4
tcn,clean_only,29,bandpass_n20002_cLA_V6_covariance_s0,phase2/results/predictions/full/clean_only/tcn/seed_29/bandpass_n20002_cLA_V6_covariance_s0.npz,75846,9b811a4f172cd247f913ba86c45f44ff5f58cb11c0141fefea8055498c5434d5
tcn,clean_only,29,bandpass_n20002_cLL_V4_independent_rms_s20,phase2/results/predictions/full/clean_only/tcn/seed_29/bandpass_n20002_cLL_V4_independent_rms_s20.npz,76381,4215fee1e0f9bc9607f0f708e5a7eab34249a108bd0334715ab90737fa7e4187
tcn,clean_only,29,bandpass_n20002_cLL_V4_independent_rms_s15,phase2/results/predictions/full/clean_only/tcn/seed_29/bandpass_n20002_cLL_V4_independent_rms_s15.npz,76405,edb76ac4b02430d24875b718c148109d0872e3db4cfa5c374d06e321fcf46050
tcn,clean_only,29,bandpass_n20002_cLL_V4_independent_rms_s10,phase2/results/predictions/full/clean_only/tcn/seed_29/bandpass_n20002_cLL_V4_independent_rms_s10.npz,76320,66613ba7040dccc7a36e14e96578e5190b440310d945097da3ceb648ff3daf0b
tcn,clean_only,29,bandpass_n20002_cLL_V4_independent_rms_s5,phase2/results/predictions/full/clean_only/tcn/seed_29/bandpass_n20002_cLL_V4_independent_rms_s5.npz,76162,e6504b3f2c7dcc073c42f201f1f8024f157cefe6a5bf2c0e4680fa96ad4452ec
tcn,clean_only,29,bandpass_n20002_cLL_V4_independent_rms_s0,phase2/results/predictions/full/clean_only/tcn/seed_29/bandpass_n20002_cLL_V4_independent_rms_s0.npz,75905,151c58d05fc05568a6d7a7c6727a143c35401832d498cc9b1aefd1dc76f38252
tcn,clean_only,29,bandpass_n20002_cLL_V4_electrode_s20,phase2/results/predictions/full/clean_only/tcn/seed_29/bandpass_n20002_cLL_V4_electrode_s20.npz,76384,7313a41f4f0f884c6944a4fa41f06a7c7b940b6c7cb4e2dd8de7816e911328e1
tcn,clean_only,29,bandpass_n20002_cLL_V4_electrode_s15,phase2/results/predictions/full/clean_only/tcn/seed_29/bandpass_n20002_cLL_V4_electrode_s15.npz,76358,a8963311578f0aae006291d518d97c7e3d4462a013e0ccea0e76859c95e5b47a
tcn,clean_only,29,bandpass_n20002_cLL_V4_electrode_s10,phase2/results/predictions/full/clean_only/tcn/seed_29/bandpass_n20002_cLL_V4_electrode_s10.npz,76277,14b09f53cc3a587a9b3b9cce7674f00c1a52414af94942b3a2652ee8f4f102c8
tcn,clean_only,29,bandpass_n20002_cLL_V4_electrode_s5,phase2/results/predictions/full/clean_only/tcn/seed_29/bandpass_n20002_cLL_V4_electrode_s5.npz,76008,36699777a57576edbd14e3297d08bd9ddbedd942e66aa46dfed7b9f3bcb91858
tcn,clean_only,29,bandpass_n20002_cLL_V4_electrode_s0,phase2/results/predictions/full/clean_only/tcn/seed_29/bandpass_n20002_cLL_V4_electrode_s0.npz,75917,b565b186097236fd874855f13c81bb44bb04df12557d5b48e1c688a39c18215d
tcn,clean_only,29,bandpass_n20002_cLL_V4_covariance_s20,phase2/results/predictions/full/clean_only/tcn/seed_29/bandpass_n20002_cLL_V4_covariance_s20.npz,76380,3d7ae58200a75aa6766ae82a4a7e908c86373c9290c55fc7a6e8b0a6ed507810
tcn,clean_only,29,bandpass_n20002_cLL_V4_covariance_s15,phase2/results/predictions/full/clean_only/tcn/seed_29/bandpass_n20002_cLL_V4_covariance_s15.npz,76386,a8d678fddd091378e8522d127729c4fcfe29c24373b8163e3ccbd593a6c0d96b
tcn,clean_only,29,bandpass_n20002_cLL_V4_covariance_s10,phase2/results/predictions/full/clean_only/tcn/seed_29/bandpass_n20002_cLL_V4_covariance_s10.npz,76261,633ec63b3483707bd52b1e9a37eaaf5e36a7598d108ffc31acd739dfa58d8f2f
tcn,clean_only,29,bandpass_n20002_cLL_V4_covariance_s5,phase2/results/predictions/full/clean_only/tcn/seed_29/bandpass_n20002_cLL_V4_covariance_s5.npz,76020,d05da3b155cc2b3b39a9196efa916294d99cbc1961db5beffb38617ddfdd35b4
tcn,clean_only,29,bandpass_n20002_cLL_V4_covariance_s0,phase2/results/predictions/full/clean_only/tcn/seed_29/bandpass_n20002_cLL_V4_covariance_s0.npz,75943,2f8026dd1f6cee4955795fb965adc2bc733d8103042fc13cedb8aa8e0aca1b3a
tcn,clean_only,29,bandpass_n20002_cRA_LA_V1_V6_independent_rms_s20,phase2/results/predictions/full/clean_only/tcn/seed_29/bandpass_n20002_cRA_LA_V1_V6_independent_rms_s20.npz,76402,47b010338bc56538a5de69f02d7cd255be32e056f6fba2b23d17cb9eb0cb0fcb
tcn,clean_only,29,bandpass_n20002_cRA_LA_V1_V6_independent_rms_s15,phase2/results/predictions/full/clean_only/tcn/seed_29/bandpass_n20002_cRA_LA_V1_V6_independent_rms_s15.npz,76403,bff0f99eb2c942fa88fe46c7b68416adec61367d10daafd3a407af8160c41da0
tcn,clean_only,29,bandpass_n20002_cRA_LA_V1_V6_independent_rms_s10,phase2/results/predictions/full/clean_only/tcn/seed_29/bandpass_n20002_cRA_LA_V1_V6_independent_rms_s10.npz,76341,810ff29035b85c01b92240f1cb89da342ddbc92b68af811a549e3ee2382b96f0
tcn,clean_only,29,bandpass_n20002_cRA_LA_V1_V6_independent_rms_s5,phase2/results/predictions/full/clean_only/tcn/seed_29/bandpass_n20002_cRA_LA_V1_V6_independent_rms_s5.npz,76159,2ce7a5fbb066ddaff3cf2ae4fa3172bb724b3a86ab4052aa6a40cef6d94461f7
tcn,clean_only,29,bandpass_n20002_cRA_LA_V1_V6_independent_rms_s0,phase2/results/predictions/full/clean_only/tcn/seed_29/bandpass_n20002_cRA_LA_V1_V6_independent_rms_s0.npz,75870,abd0e8887329a9670ba347b418093dc6370ad4d5c6fb4dd4ac8680d4554bb5f1
tcn,clean_only,29,bandpass_n20002_cRA_LA_V1_V6_electrode_s20,phase2/results/predictions/full/clean_only/tcn/seed_29/bandpass_n20002_cRA_LA_V1_V6_electrode_s20.npz,76394,aac22bf595c8dfa53e3d92e3efc36c08c6e2841048ba3e754d224ded36ae3624
tcn,clean_only,29,bandpass_n20002_cRA_LA_V1_V6_electrode_s15,phase2/results/predictions/full/clean_only/tcn/seed_29/bandpass_n20002_cRA_LA_V1_V6_electrode_s15.npz,76366,34fdea1883df7999241981f8ca3c8ee46e9ad278e43dbe1a4134484cb34b6d33
tcn,clean_only,29,bandpass_n20002_cRA_LA_V1_V6_electrode_s10,phase2/results/predictions/full/clean_only/tcn/seed_29/bandpass_n20002_cRA_LA_V1_V6_electrode_s10.npz,76233,76f5eba5b7dcfc3f4d83b23dc2bfa16412af6d42ae7d05d4f79f22775cba7a03
tcn,clean_only,29,bandpass_n20002_cRA_LA_V1_V6_electrode_s5,phase2/results/predictions/full/clean_only/tcn/seed_29/bandpass_n20002_cRA_LA_V1_V6_electrode_s5.npz,76000,8c32fbf4123e150b41e2a72a619a0969b3121422fa710afbcfa5de183b1fed73
tcn,clean_only,29,bandpass_n20002_cRA_LA_V1_V6_electrode_s0,phase2/results/predictions/full/clean_only/tcn/seed_29/bandpass_n20002_cRA_LA_V1_V6_electrode_s0.npz,75736,40cdf5f844879cfe5067f8713769cd8824996ee787bb81b85afa284bd5a6a371
tcn,clean_only,29,bandpass_n20002_cRA_LA_V1_V6_covariance_s20,phase2/results/predictions/full/clean_only/tcn/seed_29/bandpass_n20002_cRA_LA_V1_V6_covariance_s20.npz,76385,6a8aac155d204e8c88a7a139771c3847d992fc3977b7d2f81e91c766ae46c9a9
tcn,clean_only,29,bandpass_n20002_cRA_LA_V1_V6_covariance_s15,phase2/results/predictions/full/clean_only/tcn/seed_29/bandpass_n20002_cRA_LA_V1_V6_covariance_s15.npz,76370,f1c450c298844f21b3cb8dcb6e948aa0e0854177c4b7c4b041935b820801f36a
tcn,clean_only,29,bandpass_n20002_cRA_LA_V1_V6_covariance_s10,phase2/results/predictions/full/clean_only/tcn/seed_29/bandpass_n20002_cRA_LA_V1_V6_covariance_s10.npz,76242,800bd4cc94e781dae281cb838242487041dba2db5bc71a46688e06acdffc01b7
tcn,clean_only,29,bandpass_n20002_cRA_LA_V1_V6_covariance_s5,phase2/results/predictions/full/clean_only/tcn/seed_29/bandpass_n20002_cRA_LA_V1_V6_covariance_s5.npz,75982,96bae8d8171754421fae40759e46c10476aa78c823042f0b2dbb938a86ab9902
tcn,clean_only,29,bandpass_n20002_cRA_LA_V1_V6_covariance_s0,phase2/results/predictions/full/clean_only/tcn/seed_29/bandpass_n20002_cRA_LA_V1_V6_covariance_s0.npz,75739,42e37052393f7adb2ce4f9b7a447263b0a778b0e7155b1fdcf4df679f28bbec6
tcn,clean_only,29,bandpass_n20002_cRA_V2_V5_independent_rms_s20,phase2/results/predictions/full/clean_only/tcn/seed_29/bandpass_n20002_cRA_V2_V5_independent_rms_s20.npz,76397,bb8d884bc59131507346fb449cf6c62ee9d6945e583bc7f4b539130ad62c676f
tcn,clean_only,29,bandpass_n20002_cRA_V2_V5_independent_rms_s15,phase2/results/predictions/full/clean_only/tcn/seed_29/bandpass_n20002_cRA_V2_V5_independent_rms_s15.npz,76405,a0b0c2000da62986ce1bfa02605f61660d7924a90a437e513e88cbef19ffae2a
tcn,clean_only,29,bandpass_n20002_cRA_V2_V5_independent_rms_s10,phase2/results/predictions/full/clean_only/tcn/seed_29/bandpass_n20002_cRA_V2_V5_independent_rms_s10.npz,76342,9785d3e789bd7f3161b7dc0348f238659760b8318cb284360c6158607c5590ea
tcn,clean_only,29,bandpass_n20002_cRA_V2_V5_independent_rms_s5,phase2/results/predictions/full/clean_only/tcn/seed_29/bandpass_n20002_cRA_V2_V5_independent_rms_s5.npz,76175,c2eded0d76ce247ce22f526c097c71c6d93a52f2d6e2ef8d7bb2e34caa3b25c6
tcn,clean_only,29,bandpass_n20002_cRA_V2_V5_independent_rms_s0,phase2/results/predictions/full/clean_only/tcn/seed_29/bandpass_n20002_cRA_V2_V5_independent_rms_s0.npz,75841,c7e82f1e3a967a3c84971420150ef1dc363688864157e20c3a3df16171a9ce1d
tcn,clean_only,29,bandpass_n20002_cRA_V2_V5_electrode_s20,phase2/results/predictions/full/clean_only/tcn/seed_29/bandpass_n20002_cRA_V2_V5_electrode_s20.npz,76417,9af881bff475320babcb72bcc5cadbd9a95740876103d276790a628aab4aadd1
tcn,clean_only,29,bandpass_n20002_cRA_V2_V5_electrode_s15,phase2/results/predictions/full/clean_only/tcn/seed_29/bandpass_n20002_cRA_V2_V5_electrode_s15.npz,76358,770cad40bf465dcbbb3c23517810982a6d03b9cc4521f0132bbe7fdf4ceba8a9
tcn,clean_only,29,bandpass_n20002_cRA_V2_V5_electrode_s10,phase2/results/predictions/full/clean_only/tcn/seed_29/bandpass_n20002_cRA_V2_V5_electrode_s10.npz,76250,177583d3a527ef8672feb53e8b35760cdd0d552e322ec459ef8961c8d0a74e7e
tcn,clean_only,29,bandpass_n20002_cRA_V2_V5_electrode_s5,phase2/results/predictions/full/clean_only/tcn/seed_29/bandpass_n20002_cRA_V2_V5_electrode_s5.npz,76021,6e81695e76dac40213956a9a849ccf8cddd57266d5fbcfe725803aa05ca88bf2
tcn,clean_only,29,bandpass_n20002_cRA_V2_V5_electrode_s0,phase2/results/predictions/full/clean_only/tcn/seed_29/bandpass_n20002_cRA_V2_V5_electrode_s0.npz,75625,0cf74669abc7599e0c33ae6bc9ebe259068f6c054fbf5a20511f09929292b89d
tcn,clean_only,29,bandpass_n20002_cRA_V2_V5_covariance_s20,phase2/results/predictions/full/clean_only/tcn/seed_29/bandpass_n20002_cRA_V2_V5_covariance_s20.npz,76391,efe0931a389cfec6a1afb860669dd5780fb0bdb7ac6737da92b668f9a2bff27c
tcn,clean_only,29,bandpass_n20002_cRA_V2_V5_covariance_s15,phase2/results/predictions/full/clean_only/tcn/seed_29/bandpass_n20002_cRA_V2_V5_covariance_s15.npz,76341,c0223d95af63ec2cc1bd4e6563fcaa539def0be648c0feacb5daa82acc3dcde0
tcn,clean_only,29,bandpass_n20002_cRA_V2_V5_covariance_s10,phase2/results/predictions/full/clean_only/tcn/seed_29/bandpass_n20002_cRA_V2_V5_covariance_s10.npz,76271,0217c0bc453a656a40cc86c2af09fde353e8f0cf6e3eb3ad280d919d8fe41b63
tcn,clean_only,29,bandpass_n20002_cRA_V2_V5_covariance_s5,phase2/results/predictions/full/clean_only/tcn/seed_29/bandpass_n20002_cRA_V2_V5_covariance_s5.npz,76004,1992c2031c228d539cac6866834f5aa83b17ed03f18f6a5f035d51ae6a180918
tcn,clean_only,29,bandpass_n20002_cRA_V2_V5_covariance_s0,phase2/results/predictions/full/clean_only/tcn/seed_29/bandpass_n20002_cRA_V2_V5_covariance_s0.npz,75630,5c06d3f0e3b9577f5c49967c6a6fda2ce2560eaeaa5fbcd31cfd85a5399f3c8c
tcn,clean_only,29,bandpass_n20002_cLA_V3_V6_independent_rms_s20,phase2/results/predictions/full/clean_only/tcn/seed_29/bandpass_n20002_cLA_V3_V6_independent_rms_s20.npz,76404,f85e0b2ee3065a4ae74742d82eb007c8277aab89e228e7c6952ad7dc7768939e
tcn,clean_only,29,bandpass_n20002_cLA_V3_V6_independent_rms_s15,phase2/results/predictions/full/clean_only/tcn/seed_29/bandpass_n20002_cLA_V3_V6_independent_rms_s15.npz,76374,e40821de6cdb25d308146d3d1682f54074324b5a2d48f49a028545143dcaa627
tcn,clean_only,29,bandpass_n20002_cLA_V3_V6_independent_rms_s10,phase2/results/predictions/full/clean_only/tcn/seed_29/bandpass_n20002_cLA_V3_V6_independent_rms_s10.npz,76358,19114fc55283ebce4fd6f8f3d50449a5d13e2188163da033fa2a6dfe24945e0d
tcn,clean_only,29,bandpass_n20002_cLA_V3_V6_independent_rms_s5,phase2/results/predictions/full/clean_only/tcn/seed_29/bandpass_n20002_cLA_V3_V6_independent_rms_s5.npz,76221,de4e1c161829bb8a042f931964f10418f7e4f377eeb0d9a9e6e7817fdff04461
tcn,clean_only,29,bandpass_n20002_cLA_V3_V6_independent_rms_s0,phase2/results/predictions/full/clean_only/tcn/seed_29/bandpass_n20002_cLA_V3_V6_independent_rms_s0.npz,75929,7774fe50ec6138f1c4b42f7b30c4ed4a8a89c7990d5c9ce5bb5010eef03dbda6
tcn,clean_only,29,bandpass_n20002_cLA_V3_V6_electrode_s20,phase2/results/predictions/full/clean_only/tcn/seed_29/bandpass_n20002_cLA_V3_V6_electrode_s20.npz,76369,0a33a86a5e16d742cdd1c6ba359cfe0510459a891addb75b50916bba216b213e
tcn,clean_only,29,bandpass_n20002_cLA_V3_V6_electrode_s15,phase2/results/predictions/full/clean_only/tcn/seed_29/bandpass_n20002_cLA_V3_V6_electrode_s15.npz,76350,03f8a1674fb21ce0ffd52312d07318d13135fb9fb9f9c77679b7008d2edaea2c
tcn,clean_only,29,bandpass_n20002_cLA_V3_V6_electrode_s10,phase2/results/predictions/full/clean_only/tcn/seed_29/bandpass_n20002_cLA_V3_V6_electrode_s10.npz,76289,b93fc12f78cd0d069a87f5c8666440abfec586de014a1777f8b7e08ab4497ef5
tcn,clean_only,29,bandpass_n20002_cLA_V3_V6_electrode_s5,phase2/results/predictions/full/clean_only/tcn/seed_29/bandpass_n20002_cLA_V3_V6_electrode_s5.npz,76084,a0a2de838972dde4ed39ba513bf1bd3240b1d8e1b00258dbacc394f15cde3058
tcn,clean_only,29,bandpass_n20002_cLA_V3_V6_electrode_s0,phase2/results/predictions/full/clean_only/tcn/seed_29/bandpass_n20002_cLA_V3_V6_electrode_s0.npz,75899,8f874f16b2ab105eb8a318ce942de6b9b145cd28784d1a384388a156229179ff
tcn,clean_only,29,bandpass_n20002_cLA_V3_V6_covariance_s20,phase2/results/predictions/full/clean_only/tcn/seed_29/bandpass_n20002_cLA_V3_V6_covariance_s20.npz,76395,b3f5a9ffb90303668bf4bd1db820ee73f1cbbea9aa557e441862fd0b764f350f
tcn,clean_only,29,bandpass_n20002_cLA_V3_V6_covariance_s15,phase2/results/predictions/full/clean_only/tcn/seed_29/bandpass_n20002_cLA_V3_V6_covariance_s15.npz,76362,9bdd99eead5cc9242c8340c9365a278ffc838e5f8cab0be12ae65dd64d5a8fa0
tcn,clean_only,29,bandpass_n20002_cLA_V3_V6_covariance_s10,phase2/results/predictions/full/clean_only/tcn/seed_29/bandpass_n20002_cLA_V3_V6_covariance_s10.npz,76294,7759cbbb56376c326243f0234b0be84360102f43caebe114aba10d3f1429e9ff
tcn,clean_only,29,bandpass_n20002_cLA_V3_V6_covariance_s5,phase2/results/predictions/full/clean_only/tcn/seed_29/bandpass_n20002_cLA_V3_V6_covariance_s5.npz,76097,82cfe44d414664a5f7ebb8cc76267a6ec5328d98a9f266f495ad3d4aba00b21d
tcn,clean_only,29,bandpass_n20002_cLA_V3_V6_covariance_s0,phase2/results/predictions/full/clean_only/tcn/seed_29/bandpass_n20002_cLA_V3_V6_covariance_s0.npz,75907,9386a249775376f4e5e49238fc3d3b351704fbba1436c6a01bfbd94b7661ed77
tcn,clean_only,29,bandpass_n20002_cLL_V1_V4_independent_rms_s20,phase2/results/predictions/full/clean_only/tcn/seed_29/bandpass_n20002_cLL_V1_V4_independent_rms_s20.npz,76366,21401f57521803a5070ace374f625a47cc510547a8cd5ee2dab6c0be134a4d9b
tcn,clean_only,29,bandpass_n20002_cLL_V1_V4_independent_rms_s15,phase2/results/predictions/full/clean_only/tcn/seed_29/bandpass_n20002_cLL_V1_V4_independent_rms_s15.npz,76393,6afdd15ae2cb3b22a49972d956d363327b53a9cff23c2580aa004c8d5bbcc825
tcn,clean_only,29,bandpass_n20002_cLL_V1_V4_independent_rms_s10,phase2/results/predictions/full/clean_only/tcn/seed_29/bandpass_n20002_cLL_V1_V4_independent_rms_s10.npz,76320,f760e918571cea8e3daf89f9d07e566779f5fa7fbfb495f01dad53fba993094b
tcn,clean_only,29,bandpass_n20002_cLL_V1_V4_independent_rms_s5,phase2/results/predictions/full/clean_only/tcn/seed_29/bandpass_n20002_cLL_V1_V4_independent_rms_s5.npz,76161,291356ab0168d29842c05bd1f2647703cf794504caf89dcf808eab800875669e
tcn,clean_only,29,bandpass_n20002_cLL_V1_V4_independent_rms_s0,phase2/results/predictions/full/clean_only/tcn/seed_29/bandpass_n20002_cLL_V1_V4_independent_rms_s0.npz,75868,b8573babd9f10615004cbd3c665ef4cd78ba15e7930c737edcf7c4f6e70b3b70
tcn,clean_only,29,bandpass_n20002_cLL_V1_V4_electrode_s20,phase2/results/predictions/full/clean_only/tcn/seed_29/bandpass_n20002_cLL_V1_V4_electrode_s20.npz,76393,a54ca1ac002969e1752868381b5024da61820b2dfebae71a6c7485eadf1283bb
tcn,clean_only,29,bandpass_n20002_cLL_V1_V4_electrode_s15,phase2/results/predictions/full/clean_only/tcn/seed_29/bandpass_n20002_cLL_V1_V4_electrode_s15.npz,76363,249f4803864208b9bc8a08e389f4d6a6e3205481dd566a7195da3c3b4e880e95
tcn,clean_only,29,bandpass_n20002_cLL_V1_V4_electrode_s10,phase2/results/predictions/full/clean_only/tcn/seed_29/bandpass_n20002_cLL_V1_V4_electrode_s10.npz,76273,6ba228ce3126c857bac02fe50bedf550973f9d41b1975d37f9d04e2a958cfcdd
tcn,clean_only,29,bandpass_n20002_cLL_V1_V4_electrode_s5,phase2/results/predictions/full/clean_only/tcn/seed_29/bandpass_n20002_cLL_V1_V4_electrode_s5.npz,76009,78c4ccab6b487355d033d8b8a414525cf9bd487e6769a763800aa0cb56d5d9a5
tcn,clean_only,29,bandpass_n20002_cLL_V1_V4_electrode_s0,phase2/results/predictions/full/clean_only/tcn/seed_29/bandpass_n20002_cLL_V1_V4_electrode_s0.npz,75897,43ed1ec82cc84bc1482027d1d6238b45af725095bb639d9c1c017c67b190170c
tcn,clean_only,29,bandpass_n20002_cLL_V1_V4_covariance_s20,phase2/results/predictions/full/clean_only/tcn/seed_29/bandpass_n20002_cLL_V1_V4_covariance_s20.npz,76406,082fda9fd418fb69609ad3fe96aab3fb565f61bbd5893c174837112df5f1d471
tcn,clean_only,29,bandpass_n20002_cLL_V1_V4_covariance_s15,phase2/results/predictions/full/clean_only/tcn/seed_29/bandpass_n20002_cLL_V1_V4_covariance_s15.npz,76364,d5241654a3cbe4692e36596aa933bdded8aeb8cf8e88fa1cbc7f89a2b4326d24
tcn,clean_only,29,bandpass_n20002_cLL_V1_V4_covariance_s10,phase2/results/predictions/full/clean_only/tcn/seed_29/bandpass_n20002_cLL_V1_V4_covariance_s10.npz,76233,20a2abcaf34402479700d4ec9bce37f7efff7a3b1b5559cefac36fcd6614b451
tcn,clean_only,29,bandpass_n20002_cLL_V1_V4_covariance_s5,phase2/results/predictions/full/clean_only/tcn/seed_29/bandpass_n20002_cLL_V1_V4_covariance_s5.npz,76022,3d09de328328781d0956e4add3b38322a47adb9d165aed5a614f1b882239c483
tcn,clean_only,29,bandpass_n20002_cLL_V1_V4_covariance_s0,phase2/results/predictions/full/clean_only/tcn/seed_29/bandpass_n20002_cLL_V1_V4_covariance_s0.npz,75881,dea0dc13466b6cd8bdc61b0e7e5f538d1bcd90f1c517e3f801eec4f708eb6ea7
tcn,clean_only,29,bandpass_n20002_call_independent_rms_s20,phase2/results/predictions/full/clean_only/tcn/seed_29/bandpass_n20002_call_independent_rms_s20.npz,76357,95405ed5c86bd35b4eabd051c18c862fd3713635cdbef663d56a17bfe3b578a8
tcn,clean_only,29,bandpass_n20002_call_independent_rms_s15,phase2/results/predictions/full/clean_only/tcn/seed_29/bandpass_n20002_call_independent_rms_s15.npz,76350,160802a07aa2e462998c28915d80ebbf92faab8ef5b1790262941df65615c8b7
tcn,clean_only,29,bandpass_n20002_call_independent_rms_s10,phase2/results/predictions/full/clean_only/tcn/seed_29/bandpass_n20002_call_independent_rms_s10.npz,76320,1ae7a07546f0ac26b0814c7c45353eb1c13fc63f51e6b82d773902f3554c673d
tcn,clean_only,29,bandpass_n20002_call_independent_rms_s5,phase2/results/predictions/full/clean_only/tcn/seed_29/bandpass_n20002_call_independent_rms_s5.npz,76130,8dd8e2be62cea062af07e578b264bf9c2ce5bd89e413b52192ec9446d94266a1
tcn,clean_only,29,bandpass_n20002_call_independent_rms_s0,phase2/results/predictions/full/clean_only/tcn/seed_29/bandpass_n20002_call_independent_rms_s0.npz,75864,f79b4630f14b93ebcef25853f050e7446a34261fb0768928903971c4afb64622
tcn,clean_only,29,bandpass_n20002_call_electrode_s20,phase2/results/predictions/full/clean_only/tcn/seed_29/bandpass_n20002_call_electrode_s20.npz,76332,9546b1e7d656fd11e85b518c8ea0b9066f1a87f64b526077b097fe7f99574454
tcn,clean_only,29,bandpass_n20002_call_electrode_s15,phase2/results/predictions/full/clean_only/tcn/seed_29/bandpass_n20002_call_electrode_s15.npz,76322,e9baae6572ff00c654a3010932475ea5f429d179ce0ce886c0dc1f7e36bec467
tcn,clean_only,29,bandpass_n20002_call_electrode_s10,phase2/results/predictions/full/clean_only/tcn/seed_29/bandpass_n20002_call_electrode_s10.npz,76242,e63f638d907243934258c1f93c3b658e593a8844d5863a322448096102aac0b6
tcn,clean_only,29,bandpass_n20002_call_electrode_s5,phase2/results/predictions/full/clean_only/tcn/seed_29/bandpass_n20002_call_electrode_s5.npz,75990,15683c8d5bfcc659d41223452b510c5e0047c0727cd9ac377a52b4b4af2628ee
tcn,clean_only,29,bandpass_n20002_call_electrode_s0,phase2/results/predictions/full/clean_only/tcn/seed_29/bandpass_n20002_call_electrode_s0.npz,75740,5e1905a8809883d1d3084529f0b86201c3fd02de1020e97f27b9c7c0817419c9
tcn,clean_only,29,bandpass_n20002_call_covariance_s20,phase2/results/predictions/full/clean_only/tcn/seed_29/bandpass_n20002_call_covariance_s20.npz,76368,871e4a2ed5a8e3274862aaa6e86ba66b001c5c598435d35962c3ddeb952e24d1
tcn,clean_only,29,bandpass_n20002_call_covariance_s15,phase2/results/predictions/full/clean_only/tcn/seed_29/bandpass_n20002_call_covariance_s15.npz,76358,c9bb6bf926d8a7c8a9b72b204d853d78be384843dc4650012bbacdee11a07c70
tcn,clean_only,29,bandpass_n20002_call_covariance_s10,phase2/results/predictions/full/clean_only/tcn/seed_29/bandpass_n20002_call_covariance_s10.npz,76230,5fda988a89992eac8b0bf57bce037c89e684c25be1e3ae071533b92732aad1c5
tcn,clean_only,29,bandpass_n20002_call_covariance_s5,phase2/results/predictions/full/clean_only/tcn/seed_29/bandpass_n20002_call_covariance_s5.npz,75976,1a3dd16dcf5d9e7bbeb575a8f0e4e3f0afd0eb15a75403a04e70b24d7a2f348e
tcn,clean_only,29,bandpass_n20002_call_covariance_s0,phase2/results/predictions/full/clean_only/tcn/seed_29/bandpass_n20002_call_covariance_s0.npz,75760,0f70cada50f5c65b08fdbe1ecc9d25318dcfa30aff5823537165d78aaf2dc6a1
tcn,clean_only,29,bandpass_n20003_cRA_LA_LL_independent_rms_s20,phase2/results/predictions/full/clean_only/tcn/seed_29/bandpass_n20003_cRA_LA_LL_independent_rms_s20.npz,76398,9ea83914a74397f75004ba2374b40b2cf9bd64df0794fef61922221eeb7cd001
tcn,clean_only,29,bandpass_n20003_cRA_LA_LL_independent_rms_s15,phase2/results/predictions/full/clean_only/tcn/seed_29/bandpass_n20003_cRA_LA_LL_independent_rms_s15.npz,76384,d04a01b09b0868b59ccc9a7a1154059a7435a679e7fc1c68fb28e10e822d3b60
tcn,clean_only,29,bandpass_n20003_cRA_LA_LL_independent_rms_s10,phase2/results/predictions/full/clean_only/tcn/seed_29/bandpass_n20003_cRA_LA_LL_independent_rms_s10.npz,76295,f9b7e7d590c499840f942c45fc69ce5bb660a1efc76b5f233ab02a1cee053683
tcn,clean_only,29,bandpass_n20003_cRA_LA_LL_independent_rms_s5,phase2/results/predictions/full/clean_only/tcn/seed_29/bandpass_n20003_cRA_LA_LL_independent_rms_s5.npz,76132,2d9802b4cfc6bd28c48f455e43bde717559db33b104dff17ad7f13193dcd9cd5
tcn,clean_only,29,bandpass_n20003_cRA_LA_LL_independent_rms_s0,phase2/results/predictions/full/clean_only/tcn/seed_29/bandpass_n20003_cRA_LA_LL_independent_rms_s0.npz,75860,dc60aeb07489d5c26aabd0617d2cb4099f19336ddf524c7bdfe1e1d91fa06e10
tcn,clean_only,29,bandpass_n20003_cRA_LA_LL_electrode_s20,phase2/results/predictions/full/clean_only/tcn/seed_29/bandpass_n20003_cRA_LA_LL_electrode_s20.npz,76389,269dc6b0b215a85d50ce7d8eaef908d9701c5b332e19f16736c36e43c3994b55
tcn,clean_only,29,bandpass_n20003_cRA_LA_LL_electrode_s15,phase2/results/predictions/full/clean_only/tcn/seed_29/bandpass_n20003_cRA_LA_LL_electrode_s15.npz,76365,c2977ebf3c39c93daae7606a1b075123b9ea4fb4e6c4e7ff12cee49556c23a13
tcn,clean_only,29,bandpass_n20003_cRA_LA_LL_electrode_s10,phase2/results/predictions/full/clean_only/tcn/seed_29/bandpass_n20003_cRA_LA_LL_electrode_s10.npz,76225,aaa1136643467324a41c930e3e05a2461ead0c7f66df27157ac479fe32cdc58d
tcn,clean_only,29,bandpass_n20003_cRA_LA_LL_electrode_s5,phase2/results/predictions/full/clean_only/tcn/seed_29/bandpass_n20003_cRA_LA_LL_electrode_s5.npz,75975,1be87d3e8d7d9c867c1c08e2cb2ee914ca98698c3eb058223a83981f67e2f512
tcn,clean_only,29,bandpass_n20003_cRA_LA_LL_electrode_s0,phase2/results/predictions/full/clean_only/tcn/seed_29/bandpass_n20003_cRA_LA_LL_electrode_s0.npz,75732,005409a004cc106f5ea78368ed6d412adb7a207a893fc4dd866521e7fd06cf5c
tcn,clean_only,29,bandpass_n20003_cRA_LA_LL_covariance_s20,phase2/results/predictions/full/clean_only/tcn/seed_29/bandpass_n20003_cRA_LA_LL_covariance_s20.npz,76360,41fd84908295d3c330edb9ba3b9f0d72a02a960b0ceca3b46f13b30df2d99de9
tcn,clean_only,29,bandpass_n20003_cRA_LA_LL_covariance_s15,phase2/results/predictions/full/clean_only/tcn/seed_29/bandpass_n20003_cRA_LA_LL_covariance_s15.npz,76336,b20cd18925776f168aee324fc21275717521e35b0ff95018b3383c4dc16f3dac
tcn,clean_only,29,bandpass_n20003_cRA_LA_LL_covariance_s10,phase2/results/predictions/full/clean_only/tcn/seed_29/bandpass_n20003_cRA_LA_LL_covariance_s10.npz,76220,d81a83b4e651bc40ecbe72c64abd426d149134281fbd31e97d3af0fe3c8e393e
tcn,clean_only,29,bandpass_n20003_cRA_LA_LL_covariance_s5,phase2/results/predictions/full/clean_only/tcn/seed_29/bandpass_n20003_cRA_LA_LL_covariance_s5.npz,75947,b9db381437e2cf7620d9d19733830b46cf8443b5ae7599227f99d21e676b37e2
tcn,clean_only,29,bandpass_n20003_cRA_LA_LL_covariance_s0,phase2/results/predictions/full/clean_only/tcn/seed_29/bandpass_n20003_cRA_LA_LL_covariance_s0.npz,75774,a9daa6b7cf049ecb8977e581537032a8b54860108b76a0c50b0534743e40e87e
tcn,clean_only,29,bandpass_n20003_cV1_independent_rms_s20,phase2/results/predictions/full/clean_only/tcn/seed_29/bandpass_n20003_cV1_independent_rms_s20.npz,76389,a0952d4c3a77ba074a403f59260da52686eb8ef8139425b0a1381c8b5c62d014
tcn,clean_only,29,bandpass_n20003_cV1_independent_rms_s15,phase2/results/predictions/full/clean_only/tcn/seed_29/bandpass_n20003_cV1_independent_rms_s15.npz,76377,4f606ed193e4401ae5366be97918719f0e2c1d2fc60477bc4bf59a823e760b9e
tcn,clean_only,29,bandpass_n20003_cV1_independent_rms_s10,phase2/results/predictions/full/clean_only/tcn/seed_29/bandpass_n20003_cV1_independent_rms_s10.npz,76270,05f2ab219d1cfe667035d2d66a2bf1eb2a555c82d1302c64cda1f690ce8f0272
tcn,clean_only,29,bandpass_n20003_cV1_independent_rms_s5,phase2/results/predictions/full/clean_only/tcn/seed_29/bandpass_n20003_cV1_independent_rms_s5.npz,76047,add5c81a67d0c820ec09c04bab5b769cd9a6b1323f6fe8414d84e1a1a4023882
tcn,clean_only,29,bandpass_n20003_cV1_independent_rms_s0,phase2/results/predictions/full/clean_only/tcn/seed_29/bandpass_n20003_cV1_independent_rms_s0.npz,75686,2c19225ecfe4a36a54d0a48c3dad1f1bcebe056da9c34910cbc7c54395da3cfa
tcn,clean_only,29,bandpass_n20003_cV1_electrode_s20,phase2/results/predictions/full/clean_only/tcn/seed_29/bandpass_n20003_cV1_electrode_s20.npz,76367,f8bdbd8cf991c970e77628a2d148f357973d76c6251f0278b27d321ee9894299
tcn,clean_only,29,bandpass_n20003_cV1_electrode_s15,phase2/results/predictions/full/clean_only/tcn/seed_29/bandpass_n20003_cV1_electrode_s15.npz,76369,4e5a525913faf1252055a6cc0a529c69eca833cc501090cffde7d89c8e7fc065
tcn,clean_only,29,bandpass_n20003_cV1_electrode_s10,phase2/results/predictions/full/clean_only/tcn/seed_29/bandpass_n20003_cV1_electrode_s10.npz,76225,f8c6bae2e71a6740f98762c7adb741bb9fbe7d1e2bbf56eed88271c5eab4b96e
tcn,clean_only,29,bandpass_n20003_cV1_electrode_s5,phase2/results/predictions/full/clean_only/tcn/seed_29/bandpass_n20003_cV1_electrode_s5.npz,76022,134f9fa12326f94c9bb38dc6d9c1e688c594cb63f6ebf6525762faee27635a8c
tcn,clean_only,29,bandpass_n20003_cV1_electrode_s0,phase2/results/predictions/full/clean_only/tcn/seed_29/bandpass_n20003_cV1_electrode_s0.npz,75678,5f682abbf58367b7f5f3bcd120e2b3b9b02415cabb46df29b82860e2e19aa1e4
tcn,clean_only,29,bandpass_n20003_cV1_covariance_s20,phase2/results/predictions/full/clean_only/tcn/seed_29/bandpass_n20003_cV1_covariance_s20.npz,76397,763f02b1eda86f31164c74eb042e9b732d0450a1dc9ff9d340429bddea3e025c
tcn,clean_only,29,bandpass_n20003_cV1_covariance_s15,phase2/results/predictions/full/clean_only/tcn/seed_29/bandpass_n20003_cV1_covariance_s15.npz,76362,aeded74b42519b5dc69b66ff21f41651358a3d88c10c7b27b8da9a0b0c5ca00d
tcn,clean_only,29,bandpass_n20003_cV1_covariance_s10,phase2/results/predictions/full/clean_only/tcn/seed_29/bandpass_n20003_cV1_covariance_s10.npz,76269,7df811a44161c05258e72d7b3d72f6ef1fc21a92ece0e63e1398269f835d2530
tcn,clean_only,29,bandpass_n20003_cV1_covariance_s5,phase2/results/predictions/full/clean_only/tcn/seed_29/bandpass_n20003_cV1_covariance_s5.npz,76001,56bb77c8dc2fe3fe09fec3be3687c09238e09e6636b887c2fb9fb8c56474670f
tcn,clean_only,29,bandpass_n20003_cV1_covariance_s0,phase2/results/predictions/full/clean_only/tcn/seed_29/bandpass_n20003_cV1_covariance_s0.npz,75658,352716986e72eea4b5b76e8a78529abb2763c1cc64a872b5637c7fbf803b4382
tcn,clean_only,29,bandpass_n20003_cV2_independent_rms_s20,phase2/results/predictions/full/clean_only/tcn/seed_29/bandpass_n20003_cV2_independent_rms_s20.npz,76376,726ebbb3dd55636b6e9344f45bfccc25ad681b47396144c5a522ca5a66f77aff
tcn,clean_only,29,bandpass_n20003_cV2_independent_rms_s15,phase2/results/predictions/full/clean_only/tcn/seed_29/bandpass_n20003_cV2_independent_rms_s15.npz,76385,ea2240ccf28bcd7500baf23e5c39802f35efb1ca2475402fe7ff444e86dab8f1
tcn,clean_only,29,bandpass_n20003_cV2_independent_rms_s10,phase2/results/predictions/full/clean_only/tcn/seed_29/bandpass_n20003_cV2_independent_rms_s10.npz,76288,bcccc1f2f2de61fdc21c3582295afe133a50d4eb0c6e6086ef86290e577f01f0
tcn,clean_only,29,bandpass_n20003_cV2_independent_rms_s5,phase2/results/predictions/full/clean_only/tcn/seed_29/bandpass_n20003_cV2_independent_rms_s5.npz,76155,e62e2d9d6d3eb973065de8d5f99a0c7e1f118ca29fa267022f0d4fdae926321c
tcn,clean_only,29,bandpass_n20003_cV2_independent_rms_s0,phase2/results/predictions/full/clean_only/tcn/seed_29/bandpass_n20003_cV2_independent_rms_s0.npz,75857,c284edf2f7646a8bc76b0668163eca26b1d2d18ccda342e6522315ff9214f8c8
tcn,clean_only,29,bandpass_n20003_cV2_electrode_s20,phase2/results/predictions/full/clean_only/tcn/seed_29/bandpass_n20003_cV2_electrode_s20.npz,76366,e6ca24224647cef8b70519becde923db25dc677c3ac75ddfb0dd765b5955c508
tcn,clean_only,29,bandpass_n20003_cV2_electrode_s15,phase2/results/predictions/full/clean_only/tcn/seed_29/bandpass_n20003_cV2_electrode_s15.npz,76358,2e969d8ea0e2c5c22b674439cf47c669ee28e9cc3a382e3143a28bf5c3906d43
tcn,clean_only,29,bandpass_n20003_cV2_electrode_s10,phase2/results/predictions/full/clean_only/tcn/seed_29/bandpass_n20003_cV2_electrode_s10.npz,76342,cf9b9c31f9a5bde96e1673000ea90f33d18d93362584adcd89b7ed8d171f0578
tcn,clean_only,29,bandpass_n20003_cV2_electrode_s5,phase2/results/predictions/full/clean_only/tcn/seed_29/bandpass_n20003_cV2_electrode_s5.npz,76176,012258b894ab831d8f86ee767fb87887d24c5622a44ac4d9b593640d0726b27e
tcn,clean_only,29,bandpass_n20003_cV2_electrode_s0,phase2/results/predictions/full/clean_only/tcn/seed_29/bandpass_n20003_cV2_electrode_s0.npz,75848,c56d2c1f9b0ae0389119d0cb99caf8c2e946f0381d452af10e2ca8742215cda0
tcn,clean_only,29,bandpass_n20003_cV2_covariance_s20,phase2/results/predictions/full/clean_only/tcn/seed_29/bandpass_n20003_cV2_covariance_s20.npz,76374,e15befdbc62b404663ecda87147c69ad2e6619573b14952fa909bfe4d00ce744
tcn,clean_only,29,bandpass_n20003_cV2_covariance_s15,phase2/results/predictions/full/clean_only/tcn/seed_29/bandpass_n20003_cV2_covariance_s15.npz,76382,fb32784ed78719001fd179f0a76f345929a4004f7a8d15fc15a7128201e4a1f3
tcn,clean_only,29,bandpass_n20003_cV2_covariance_s10,phase2/results/predictions/full/clean_only/tcn/seed_29/bandpass_n20003_cV2_covariance_s10.npz,76302,f4a19b4868a31ef1763bf371dbbbd6376157d07304551848dbe0307a06fdbe4c
tcn,clean_only,29,bandpass_n20003_cV2_covariance_s5,phase2/results/predictions/full/clean_only/tcn/seed_29/bandpass_n20003_cV2_covariance_s5.npz,76161,199f9abf5ed06eeaabf2411ad33dc4d1604b54eb66993aadfe105b1b95ffe911
tcn,clean_only,29,bandpass_n20003_cV2_covariance_s0,phase2/results/predictions/full/clean_only/tcn/seed_29/bandpass_n20003_cV2_covariance_s0.npz,75871,4099feb0db7cc586e78b0b42ff4e916b9ed951b77e7af990a537422f54f09058
tcn,clean_only,29,bandpass_n20003_cV3_independent_rms_s20,phase2/results/predictions/full/clean_only/tcn/seed_29/bandpass_n20003_cV3_independent_rms_s20.npz,76390,3aa5368a9ab27c635a0d544a9e5f83bd8b5ed221a60b816e335f67fc4e08992f
tcn,clean_only,29,bandpass_n20003_cV3_independent_rms_s15,phase2/results/predictions/full/clean_only/tcn/seed_29/bandpass_n20003_cV3_independent_rms_s15.npz,76372,a1374736ffef75981512d9605978e49f48caa2a1f889831785e5f628d5e9925d
tcn,clean_only,29,bandpass_n20003_cV3_independent_rms_s10,phase2/results/predictions/full/clean_only/tcn/seed_29/bandpass_n20003_cV3_independent_rms_s10.npz,76387,6e4f722bf63fbe5e37db991325947532e9dd1dfe4f4472d8a75d761484e3c2ad
tcn,clean_only,29,bandpass_n20003_cV3_independent_rms_s5,phase2/results/predictions/full/clean_only/tcn/seed_29/bandpass_n20003_cV3_independent_rms_s5.npz,76287,6fab09c110945ada70d6b3a8b64006920c3de5e78180b5bfcca5537a19f0ad70
tcn,clean_only,29,bandpass_n20003_cV3_independent_rms_s0,phase2/results/predictions/full/clean_only/tcn/seed_29/bandpass_n20003_cV3_independent_rms_s0.npz,76198,e9202250cb35d6d4cff1b2bb97f0e19a24c7e7ef759dd1915a98396bb0673277
tcn,clean_only,29,bandpass_n20003_cV3_electrode_s20,phase2/results/predictions/full/clean_only/tcn/seed_29/bandpass_n20003_cV3_electrode_s20.npz,76348,11de6de465a2a4af986b83e92ea92966890b212098db8399975b53b38e15961b
tcn,clean_only,29,bandpass_n20003_cV3_electrode_s15,phase2/results/predictions/full/clean_only/tcn/seed_29/bandpass_n20003_cV3_electrode_s15.npz,76330,aeea966dee5f9b1e3897c2d924cc345bd50cecebc5f69ca267e5e58d3605d735
tcn,clean_only,29,bandpass_n20003_cV3_electrode_s10,phase2/results/predictions/full/clean_only/tcn/seed_29/bandpass_n20003_cV3_electrode_s10.npz,76363,37e2f3b534c2f478d271855c289008a036ca058eb6a4e19b3de94897252ab1da
tcn,clean_only,29,bandpass_n20003_cV3_electrode_s5,phase2/results/predictions/full/clean_only/tcn/seed_29/bandpass_n20003_cV3_electrode_s5.npz,76283,e8c93e8e83abfdf0796ae14351da1b8c0e061b76c6eb48e2a6dee83f57ad69f0
tcn,clean_only,29,bandpass_n20003_cV3_electrode_s0,phase2/results/predictions/full/clean_only/tcn/seed_29/bandpass_n20003_cV3_electrode_s0.npz,76165,805576fa36b3ed6a47272c6a6b9a48577c7752904ee7a852bf944593b6e37049
tcn,clean_only,29,bandpass_n20003_cV3_covariance_s20,phase2/results/predictions/full/clean_only/tcn/seed_29/bandpass_n20003_cV3_covariance_s20.npz,76380,90fc96adc335b18057dbdaa23390d97cd61149f2791e3ebd4c4e6c04d35e88c2
tcn,clean_only,29,bandpass_n20003_cV3_covariance_s15,phase2/results/predictions/full/clean_only/tcn/seed_29/bandpass_n20003_cV3_covariance_s15.npz,76395,9ff8e5f7f23e9c24dd67787e57658641f31e5d743f2d95f7f686051b6d147c78
tcn,clean_only,29,bandpass_n20003_cV3_covariance_s10,phase2/results/predictions/full/clean_only/tcn/seed_29/bandpass_n20003_cV3_covariance_s10.npz,76394,cffb63055e9bf741cb0812fc94000cc853093aae616065280940965b19150a99
tcn,clean_only,29,bandpass_n20003_cV3_covariance_s5,phase2/results/predictions/full/clean_only/tcn/seed_29/bandpass_n20003_cV3_covariance_s5.npz,76286,6ad82c7d189afdfeb3c8b26f4e74ea537fcb72e48055a57427109ac200090bbd
tcn,clean_only,29,bandpass_n20003_cV3_covariance_s0,phase2/results/predictions/full/clean_only/tcn/seed_29/bandpass_n20003_cV3_covariance_s0.npz,76195,8f4436d3686dafba5e5084cdc5d3d5c36eedc592cab37d5966badb8ed1eb7ca3
tcn,clean_only,29,bandpass_n20003_cV4_independent_rms_s20,phase2/results/predictions/full/clean_only/tcn/seed_29/bandpass_n20003_cV4_independent_rms_s20.npz,76401,b85b515128f33ed50000b9a5890ffed1aa806c86d195336ea86d823bd7c6feec
tcn,clean_only,29,bandpass_n20003_cV4_independent_rms_s15,phase2/results/predictions/full/clean_only/tcn/seed_29/bandpass_n20003_cV4_independent_rms_s15.npz,76406,8b94debfa6d1fff7be5a211765ac0895e16bd098bf3f7c726a8a30e75eebfc07
tcn,clean_only,29,bandpass_n20003_cV4_independent_rms_s10,phase2/results/predictions/full/clean_only/tcn/seed_29/bandpass_n20003_cV4_independent_rms_s10.npz,76359,bd3a1919752a40f24b09c725e05c8b5a3556eac69779f14581341fb1e8683282
tcn,clean_only,29,bandpass_n20003_cV4_independent_rms_s5,phase2/results/predictions/full/clean_only/tcn/seed_29/bandpass_n20003_cV4_independent_rms_s5.npz,76269,db5b2982650c92ccf5c8a48cb429458df9c76bf750244eae30945e0d3935d87d
tcn,clean_only,29,bandpass_n20003_cV4_independent_rms_s0,phase2/results/predictions/full/clean_only/tcn/seed_29/bandpass_n20003_cV4_independent_rms_s0.npz,76076,f5f166e4b912cc589645515349384926bff22b869685ca4368425d09ec2fd214
tcn,clean_only,29,bandpass_n20003_cV4_electrode_s20,phase2/results/predictions/full/clean_only/tcn/seed_29/bandpass_n20003_cV4_electrode_s20.npz,76371,01a0b71cb3ced7500578bff6a8986b29a8b376b4a7b837b0adc7da246eaf9ff1
tcn,clean_only,29,bandpass_n20003_cV4_electrode_s15,phase2/results/predictions/full/clean_only/tcn/seed_29/bandpass_n20003_cV4_electrode_s15.npz,76346,8fee30a7bd1f405e067202bee7330297211e883d2bb0fc469cfba460d8e02e35
tcn,clean_only,29,bandpass_n20003_cV4_electrode_s10,phase2/results/predictions/full/clean_only/tcn/seed_29/bandpass_n20003_cV4_electrode_s10.npz,76344,6d7a3de80d4e555dc289d75f5b993c048b9f5cd7cc001431272923609ecd9ace
tcn,clean_only,29,bandpass_n20003_cV4_electrode_s5,phase2/results/predictions/full/clean_only/tcn/seed_29/bandpass_n20003_cV4_electrode_s5.npz,76230,e1b25c1269edc80311e6a18983f275cc98cf536e43af4961477103fb79e69303
tcn,clean_only,29,bandpass_n20003_cV4_electrode_s0,phase2/results/predictions/full/clean_only/tcn/seed_29/bandpass_n20003_cV4_electrode_s0.npz,76018,058d4d54a6a475a75b90e82c9272c8de7e15e206709170562a0c7ac6739f8f2a
tcn,clean_only,29,bandpass_n20003_cV4_covariance_s20,phase2/results/predictions/full/clean_only/tcn/seed_29/bandpass_n20003_cV4_covariance_s20.npz,76363,c3d051365c17bb973aa91a7ec0659076afdb4325aefcb7363add57c9e4792133
tcn,clean_only,29,bandpass_n20003_cV4_covariance_s15,phase2/results/predictions/full/clean_only/tcn/seed_29/bandpass_n20003_cV4_covariance_s15.npz,76397,1fe6c0e8e41486c83e44871e0bff09e61a977e7d54921c979389d41d831eac82
tcn,clean_only,29,bandpass_n20003_cV4_covariance_s10,phase2/results/predictions/full/clean_only/tcn/seed_29/bandpass_n20003_cV4_covariance_s10.npz,76351,3ed1b8d995d639bcbc65c47e4da99eed9c69f6e1cb5d46e99d525096311b4ecf
tcn,clean_only,29,bandpass_n20003_cV4_covariance_s5,phase2/results/predictions/full/clean_only/tcn/seed_29/bandpass_n20003_cV4_covariance_s5.npz,76260,3949a05f0d0e8ca2835368cc6c378a67e10bd40d8928a00bf45842430c188765
tcn,clean_only,29,bandpass_n20003_cV4_covariance_s0,phase2/results/predictions/full/clean_only/tcn/seed_29/bandpass_n20003_cV4_covariance_s0.npz,76042,cfa6de49d8c3daad6fbe20d26094269446cefc0e98c7eb89b009cf487882bbf6
tcn,clean_only,29,bandpass_n20003_cV5_independent_rms_s20,phase2/results/predictions/full/clean_only/tcn/seed_29/bandpass_n20003_cV5_independent_rms_s20.npz,76385,e9de70362fb590563b7ac8b843cefec8e7ffcbc2550cad276307e65152409ac9
tcn,clean_only,29,bandpass_n20003_cV5_independent_rms_s15,phase2/results/predictions/full/clean_only/tcn/seed_29/bandpass_n20003_cV5_independent_rms_s15.npz,76401,2bd479b36c5804b2f555faa5c11f737d0166e156b16dc423a75cbd58da424298
tcn,clean_only,29,bandpass_n20003_cV5_independent_rms_s10,phase2/results/predictions/full/clean_only/tcn/seed_29/bandpass_n20003_cV5_independent_rms_s10.npz,76356,71b71f63788583f179fbc6aeb7835ddb8f9688ea6e18e186e73aa09e91b5e860
tcn,clean_only,29,bandpass_n20003_cV5_independent_rms_s5,phase2/results/predictions/full/clean_only/tcn/seed_29/bandpass_n20003_cV5_independent_rms_s5.npz,76214,88bf6b80ff8f0ee5c156aff78ed3e23eeb931dd81f12a907995443550c2ded09
tcn,clean_only,29,bandpass_n20003_cV5_independent_rms_s0,phase2/results/predictions/full/clean_only/tcn/seed_29/bandpass_n20003_cV5_independent_rms_s0.npz,76006,46e4e44b3b49cc4d44c92d2d591802bb763227a1d1cee116caa9d76af9d1c3ce
tcn,clean_only,29,bandpass_n20003_cV5_electrode_s20,phase2/results/predictions/full/clean_only/tcn/seed_29/bandpass_n20003_cV5_electrode_s20.npz,76338,78727e59843a6bab867a9c5a70f078c9d1d5256d0b8bfe071c43de8b27a45411
tcn,clean_only,29,bandpass_n20003_cV5_electrode_s15,phase2/results/predictions/full/clean_only/tcn/seed_29/bandpass_n20003_cV5_electrode_s15.npz,76395,7321c5c04884df71b761de7a719a3dc59fad7fc75e50baefcf7a7b16850b07e0
tcn,clean_only,29,bandpass_n20003_cV5_electrode_s10,phase2/results/predictions/full/clean_only/tcn/seed_29/bandpass_n20003_cV5_electrode_s10.npz,76333,282aa1f12429058a71d779b2df1d9dedcfc416d84db54a70bc02268df2b14e08
tcn,clean_only,29,bandpass_n20003_cV5_electrode_s5,phase2/results/predictions/full/clean_only/tcn/seed_29/bandpass_n20003_cV5_electrode_s5.npz,76213,650e702279b720482951079427988305032d0981b553bd3ee23c38d5d0b0ebe1
tcn,clean_only,29,bandpass_n20003_cV5_electrode_s0,phase2/results/predictions/full/clean_only/tcn/seed_29/bandpass_n20003_cV5_electrode_s0.npz,75959,f70dc4f442c012f04ca0ddf4babec486a0a938b15f7d96824d755f0b38aa8358
tcn,clean_only,29,bandpass_n20003_cV5_covariance_s20,phase2/results/predictions/full/clean_only/tcn/seed_29/bandpass_n20003_cV5_covariance_s20.npz,76380,ec70f757d4b021040233c767e6770dfe7cfade1db4a7716cab9c3d89d9420f24
tcn,clean_only,29,bandpass_n20003_cV5_covariance_s15,phase2/results/predictions/full/clean_only/tcn/seed_29/bandpass_n20003_cV5_covariance_s15.npz,76379,1e5df21cfdd653fa534f655bcc921aad1cf169b7af7eabea90a702a5aa53eee7
tcn,clean_only,29,bandpass_n20003_cV5_covariance_s10,phase2/results/predictions/full/clean_only/tcn/seed_29/bandpass_n20003_cV5_covariance_s10.npz,76354,e7f01bb55b0dd5139e0212763979f23a8e7fab5f3400828bd65de7ba1aba1afd
tcn,clean_only,29,bandpass_n20003_cV5_covariance_s5,phase2/results/predictions/full/clean_only/tcn/seed_29/bandpass_n20003_cV5_covariance_s5.npz,76242,7ac9d789cc024167012e5344a972fbb4fa5866dd67803ae96dc730f5a7aae06c
tcn,clean_only,29,bandpass_n20003_cV5_covariance_s0,phase2/results/predictions/full/clean_only/tcn/seed_29/bandpass_n20003_cV5_covariance_s0.npz,75979,aefd452ce14dd03e44a2ad50ddaf90feccc49f69305b2ed825d64a9b7d1037e9
tcn,clean_only,29,bandpass_n20003_cV6_independent_rms_s20,phase2/results/predictions/full/clean_only/tcn/seed_29/bandpass_n20003_cV6_independent_rms_s20.npz,76395,7545f39bea393f0eed0e6869e8350bd9612dadbb400b549e941474cc77913214
tcn,clean_only,29,bandpass_n20003_cV6_independent_rms_s15,phase2/results/predictions/full/clean_only/tcn/seed_29/bandpass_n20003_cV6_independent_rms_s15.npz,76341,1d41c4836cac97f52cc25b66515dc327df017ec74e1dc5a4a40e08eb21f830d3
tcn,clean_only,29,bandpass_n20003_cV6_independent_rms_s10,phase2/results/predictions/full/clean_only/tcn/seed_29/bandpass_n20003_cV6_independent_rms_s10.npz,76316,ba0386a65e70d821a3fe1782cf29ef1224b02ef3a746c0d4a1b7074e30938e38
tcn,clean_only,29,bandpass_n20003_cV6_independent_rms_s5,phase2/results/predictions/full/clean_only/tcn/seed_29/bandpass_n20003_cV6_independent_rms_s5.npz,76190,96ae5a48a5c014503ff21c4724de8ed656f09b86f35c20d406d99b8a15f1d586
tcn,clean_only,29,bandpass_n20003_cV6_independent_rms_s0,phase2/results/predictions/full/clean_only/tcn/seed_29/bandpass_n20003_cV6_independent_rms_s0.npz,75949,ce5789c3e74abe66d73848e47a9413dfbbb915ac2c8ccf269041a6938ba4e32a
tcn,clean_only,29,bandpass_n20003_cV6_electrode_s20,phase2/results/predictions/full/clean_only/tcn/seed_29/bandpass_n20003_cV6_electrode_s20.npz,76376,70b3d0cc41bfc963bbdcf0e769722eac038e6f6e2feaecbe591f4069300a2a24
tcn,clean_only,29,bandpass_n20003_cV6_electrode_s15,phase2/results/predictions/full/clean_only/tcn/seed_29/bandpass_n20003_cV6_electrode_s15.npz,76382,efbf26a66839e2c73770ce2f7f8ffacb66eea6fbdf099a1cf24bc11f78725060
tcn,clean_only,29,bandpass_n20003_cV6_electrode_s10,phase2/results/predictions/full/clean_only/tcn/seed_29/bandpass_n20003_cV6_electrode_s10.npz,76322,f31474df4fd146c2733b49c0d749dee476a25b4de78713a292b46000ab86430a
tcn,clean_only,29,bandpass_n20003_cV6_electrode_s5,phase2/results/predictions/full/clean_only/tcn/seed_29/bandpass_n20003_cV6_electrode_s5.npz,76193,643b91ba2f9fe1ca502be8b862d3eabcc0fa5c3930165193b70ca03a6632610c
tcn,clean_only,29,bandpass_n20003_cV6_electrode_s0,phase2/results/predictions/full/clean_only/tcn/seed_29/bandpass_n20003_cV6_electrode_s0.npz,75936,7535d3710ec5506873c934c77beecb19117775cd5b23f3877ae23752512877ef
tcn,clean_only,29,bandpass_n20003_cV6_covariance_s20,phase2/results/predictions/full/clean_only/tcn/seed_29/bandpass_n20003_cV6_covariance_s20.npz,76381,69763688c064b9a551493a11a5d260b2a09e19bc245ed4b351e492d107344554
tcn,clean_only,29,bandpass_n20003_cV6_covariance_s15,phase2/results/predictions/full/clean_only/tcn/seed_29/bandpass_n20003_cV6_covariance_s15.npz,76370,bd4d2fffaf542d49c3c710cc837cc6838497990ae68c6129da3bd4f53a2b0d5e
tcn,clean_only,29,bandpass_n20003_cV6_covariance_s10,phase2/results/predictions/full/clean_only/tcn/seed_29/bandpass_n20003_cV6_covariance_s10.npz,76334,e4a243c70e7191a4d88ad01b083fe248473f7ebd447d1ad4fe2a389e026a0bd1
tcn,clean_only,29,bandpass_n20003_cV6_covariance_s5,phase2/results/predictions/full/clean_only/tcn/seed_29/bandpass_n20003_cV6_covariance_s5.npz,76190,0cd026f4e01361b9d2814ccb04d8290409378e7198f35ee7d4c6339c65ce705f
tcn,clean_only,29,bandpass_n20003_cV6_covariance_s0,phase2/results/predictions/full/clean_only/tcn/seed_29/bandpass_n20003_cV6_covariance_s0.npz,75961,0715d89b21a3a4ca272a53e26c60e7fd23f0ed97d36d5aad50b73b0548475a97
tcn,clean_only,29,bandpass_n20003_cRA_LA_independent_rms_s20,phase2/results/predictions/full/clean_only/tcn/seed_29/bandpass_n20003_cRA_LA_independent_rms_s20.npz,76369,26a8649554e28502497d41cff95a2c6c2a273af6632838ac3ea584fed2838605
tcn,clean_only,29,bandpass_n20003_cRA_LA_independent_rms_s15,phase2/results/predictions/full/clean_only/tcn/seed_29/bandpass_n20003_cRA_LA_independent_rms_s15.npz,76390,7930ff2cc097079b4bfbe9a5e6596b1d9b9ebb2f4024d88f37ec367ea1318348
tcn,clean_only,29,bandpass_n20003_cRA_LA_independent_rms_s10,phase2/results/predictions/full/clean_only/tcn/seed_29/bandpass_n20003_cRA_LA_independent_rms_s10.npz,76309,1ed7a614f2db0848a849c37c2048a12585bfb882afffe7397abfab94d6220a5a
tcn,clean_only,29,bandpass_n20003_cRA_LA_independent_rms_s5,phase2/results/predictions/full/clean_only/tcn/seed_29/bandpass_n20003_cRA_LA_independent_rms_s5.npz,76140,9b8dcab72ae70aa7bf08c40b0250846d2698d2a707d1ecb05d81e1d902406c90
tcn,clean_only,29,bandpass_n20003_cRA_LA_independent_rms_s0,phase2/results/predictions/full/clean_only/tcn/seed_29/bandpass_n20003_cRA_LA_independent_rms_s0.npz,75870,59c284cffd6dec22542fbd2f3dd78c12027bf3cea6c6240f8dffc0b439a2402b
tcn,clean_only,29,bandpass_n20003_cRA_LA_electrode_s20,phase2/results/predictions/full/clean_only/tcn/seed_29/bandpass_n20003_cRA_LA_electrode_s20.npz,76353,31db4b16b79c44daa237b384aa5d219d7d42957f0c2b69a0a3fe66e74d1491e7
tcn,clean_only,29,bandpass_n20003_cRA_LA_electrode_s15,phase2/results/predictions/full/clean_only/tcn/seed_29/bandpass_n20003_cRA_LA_electrode_s15.npz,76340,d6bcddf5e784f350d2b788c307d7e1dd5e2c2decde4112842cf55ac626ec975d
tcn,clean_only,29,bandpass_n20003_cRA_LA_electrode_s10,phase2/results/predictions/full/clean_only/tcn/seed_29/bandpass_n20003_cRA_LA_electrode_s10.npz,76228,084b505a849f518b69037c21676824bec18f315db3b4698641850188d69272bd
tcn,clean_only,29,bandpass_n20003_cRA_LA_electrode_s5,phase2/results/predictions/full/clean_only/tcn/seed_29/bandpass_n20003_cRA_LA_electrode_s5.npz,75956,4a5147f2c8560f82188ae9b6dcd66eb369e2463416b509027f8b3af07719aba5
tcn,clean_only,29,bandpass_n20003_cRA_LA_electrode_s0,phase2/results/predictions/full/clean_only/tcn/seed_29/bandpass_n20003_cRA_LA_electrode_s0.npz,75717,a0fa4ef937686d844c0921fc8b5c72a470f6eeeb57fa0354b50da5293b1beb81
tcn,clean_only,29,bandpass_n20003_cRA_LA_covariance_s20,phase2/results/predictions/full/clean_only/tcn/seed_29/bandpass_n20003_cRA_LA_covariance_s20.npz,76366,3a9369dc081fdd8389996fc2b0ce287e619793bc328d2262b5f7c41808255d14
tcn,clean_only,29,bandpass_n20003_cRA_LA_covariance_s15,phase2/results/predictions/full/clean_only/tcn/seed_29/bandpass_n20003_cRA_LA_covariance_s15.npz,76327,7d99d0fdbf0ab9aaa3e66132a9e7bfec3ee12711cd2c1a4de610d1b73ce92388
tcn,clean_only,29,bandpass_n20003_cRA_LA_covariance_s10,phase2/results/predictions/full/clean_only/tcn/seed_29/bandpass_n20003_cRA_LA_covariance_s10.npz,76229,7c78eea3e9ecba1aea9c117c5eafca6989a69e1393f21b662eeb585a65a56d56
tcn,clean_only,29,bandpass_n20003_cRA_LA_covariance_s5,phase2/results/predictions/full/clean_only/tcn/seed_29/bandpass_n20003_cRA_LA_covariance_s5.npz,75985,c94166cf53bc10ebfdd375b4eabc573be6ed44e348999fc22096cd5ff17134f9
tcn,clean_only,29,bandpass_n20003_cRA_LA_covariance_s0,phase2/results/predictions/full/clean_only/tcn/seed_29/bandpass_n20003_cRA_LA_covariance_s0.npz,75728,d3f797b3be5d1cfb2c93a2c7559392bdadbaa5a47afaf9a16aa084ac41305d38
tcn,clean_only,29,bandpass_n20003_cLA_LL_independent_rms_s20,phase2/results/predictions/full/clean_only/tcn/seed_29/bandpass_n20003_cLA_LL_independent_rms_s20.npz,76405,77ed182175436831c764a7e65dc88c86a7b1052381413f55b139efef229ae85b
tcn,clean_only,29,bandpass_n20003_cLA_LL_independent_rms_s15,phase2/results/predictions/full/clean_only/tcn/seed_29/bandpass_n20003_cLA_LL_independent_rms_s15.npz,76387,4319d085f11b7c7a2ac42407ea3d87d0fc8b70f78eb84c5d00107b2e2580de41
tcn,clean_only,29,bandpass_n20003_cLA_LL_independent_rms_s10,phase2/results/predictions/full/clean_only/tcn/seed_29/bandpass_n20003_cLA_LL_independent_rms_s10.npz,76310,76d89fc79844b800ec72965fde1ed2bbb6e2f744cdd52f19fedf5794dcf6fa19
tcn,clean_only,29,bandpass_n20003_cLA_LL_independent_rms_s5,phase2/results/predictions/full/clean_only/tcn/seed_29/bandpass_n20003_cLA_LL_independent_rms_s5.npz,76109,ad1a3e7bb4f39b6a28ee1bc64c775b98086f5fdeb0d6c22fb706f9a227c788a4
tcn,clean_only,29,bandpass_n20003_cLA_LL_independent_rms_s0,phase2/results/predictions/full/clean_only/tcn/seed_29/bandpass_n20003_cLA_LL_independent_rms_s0.npz,75880,e2fd234253fb287ae126981e3d22643554c32e9d19588fd5b82f283df25b65d9
tcn,clean_only,29,bandpass_n20003_cLA_LL_electrode_s20,phase2/results/predictions/full/clean_only/tcn/seed_29/bandpass_n20003_cLA_LL_electrode_s20.npz,76347,e56694d145e1a37e57c1605e034969f8c6fd5b5bde8056ff765444f381d0a86a
tcn,clean_only,29,bandpass_n20003_cLA_LL_electrode_s15,phase2/results/predictions/full/clean_only/tcn/seed_29/bandpass_n20003_cLA_LL_electrode_s15.npz,76342,39fff6e646aa422c612b9db50d8bd1c50774e6e11af72cb8fde1081492a44de1
tcn,clean_only,29,bandpass_n20003_cLA_LL_electrode_s10,phase2/results/predictions/full/clean_only/tcn/seed_29/bandpass_n20003_cLA_LL_electrode_s10.npz,76246,30bef98ee95093f03d635b6f98e4c470aade4af44ce489a7abd80e74aede3870
tcn,clean_only,29,bandpass_n20003_cLA_LL_electrode_s5,phase2/results/predictions/full/clean_only/tcn/seed_29/bandpass_n20003_cLA_LL_electrode_s5.npz,76005,a67b947281e441d365ce463ef4faa450f378e7f6eb7c64cc4104c05f10a44460
tcn,clean_only,29,bandpass_n20003_cLA_LL_electrode_s0,phase2/results/predictions/full/clean_only/tcn/seed_29/bandpass_n20003_cLA_LL_electrode_s0.npz,75877,411ebb19c72c56d34a2cc52d7304a5b0158c5e56c1519679f611dfab1a92815b
tcn,clean_only,29,bandpass_n20003_cLA_LL_covariance_s20,phase2/results/predictions/full/clean_only/tcn/seed_29/bandpass_n20003_cLA_LL_covariance_s20.npz,76374,9b06e95d84160667dca8307f001aa568ae400ffd3a845b0826cecdcea7104207
tcn,clean_only,29,bandpass_n20003_cLA_LL_covariance_s15,phase2/results/predictions/full/clean_only/tcn/seed_29/bandpass_n20003_cLA_LL_covariance_s15.npz,76353,286d1216ccfcc57d788a60db5a48841ceae7797424be2375594f67e0ebd8c154
tcn,clean_only,29,bandpass_n20003_cLA_LL_covariance_s10,phase2/results/predictions/full/clean_only/tcn/seed_29/bandpass_n20003_cLA_LL_covariance_s10.npz,76263,c6e0fede769cbdb3e81a62e9fb2ef354f9a34f9524516d4b52f8bc7bc171b10c
tcn,clean_only,29,bandpass_n20003_cLA_LL_covariance_s5,phase2/results/predictions/full/clean_only/tcn/seed_29/bandpass_n20003_cLA_LL_covariance_s5.npz,76019,bf48ffe9a612fc847a9205623f4d8e27837d8f2772a589e3d8af193b65cce950
tcn,clean_only,29,bandpass_n20003_cLA_LL_covariance_s0,phase2/results/predictions/full/clean_only/tcn/seed_29/bandpass_n20003_cLA_LL_covariance_s0.npz,75861,2ed99968ef2b8def6770f5f3b997fced7be1f4c48f06da186477739b7d15e7d1
tcn,clean_only,29,bandpass_n20003_cRA_LL_independent_rms_s20,phase2/results/predictions/full/clean_only/tcn/seed_29/bandpass_n20003_cRA_LL_independent_rms_s20.npz,76389,63ca3e71128c4c1a56f1583ebbde7ccc9afe2e859c98b02957cd740ee83f6f81
tcn,clean_only,29,bandpass_n20003_cRA_LL_independent_rms_s15,phase2/results/predictions/full/clean_only/tcn/seed_29/bandpass_n20003_cRA_LL_independent_rms_s15.npz,76350,380729a40c4c5dcc2b07491350f0d232aac2de5c5055fe26e5c1bce8d5fdbc4e
tcn,clean_only,29,bandpass_n20003_cRA_LL_independent_rms_s10,phase2/results/predictions/full/clean_only/tcn/seed_29/bandpass_n20003_cRA_LL_independent_rms_s10.npz,76340,5467d88fc8ec93406cf056ef17675dc79945f2dd98c3de4362891d60a2ec76c6
tcn,clean_only,29,bandpass_n20003_cRA_LL_independent_rms_s5,phase2/results/predictions/full/clean_only/tcn/seed_29/bandpass_n20003_cRA_LL_independent_rms_s5.npz,76118,b61129ca73757b3d6772e38248b4aa593ec6a550589e46ddb22a4217042f73af
tcn,clean_only,29,bandpass_n20003_cRA_LL_independent_rms_s0,phase2/results/predictions/full/clean_only/tcn/seed_29/bandpass_n20003_cRA_LL_independent_rms_s0.npz,75854,9c98110bf18e441d9c20a084933b6da51814a1c1138dc4a1289cd622b25f8eee
tcn,clean_only,29,bandpass_n20003_cRA_LL_electrode_s20,phase2/results/predictions/full/clean_only/tcn/seed_29/bandpass_n20003_cRA_LL_electrode_s20.npz,76375,7164c942b15fcf65104dc395700ab9126f6576872745139d234bf1b6d464ffd9
tcn,clean_only,29,bandpass_n20003_cRA_LL_electrode_s15,phase2/results/predictions/full/clean_only/tcn/seed_29/bandpass_n20003_cRA_LL_electrode_s15.npz,76315,5e8e7dcd32a846995e51a3b12d5263c8753b4beb5f29467b12a95c0d977da1f7
tcn,clean_only,29,bandpass_n20003_cRA_LL_electrode_s10,phase2/results/predictions/full/clean_only/tcn/seed_29/bandpass_n20003_cRA_LL_electrode_s10.npz,76227,fea3c4d39b98859b43aa310dcd294d686a0fb3a467a57f886b56ff57d687e86b
tcn,clean_only,29,bandpass_n20003_cRA_LL_electrode_s5,phase2/results/predictions/full/clean_only/tcn/seed_29/bandpass_n20003_cRA_LL_electrode_s5.npz,75921,b59da961b511b70887c4885d75913fa97835cc6b8887912bf10a303b37c960ec
tcn,clean_only,29,bandpass_n20003_cRA_LL_electrode_s0,phase2/results/predictions/full/clean_only/tcn/seed_29/bandpass_n20003_cRA_LL_electrode_s0.npz,75728,0613d34e082fe8449bccd6428611c0f96cf1cef07be33103868fba2fff63a15c
tcn,clean_only,29,bandpass_n20003_cRA_LL_covariance_s20,phase2/results/predictions/full/clean_only/tcn/seed_29/bandpass_n20003_cRA_LL_covariance_s20.npz,76391,534fc6efa8954d1b27edf80fac4b2321d5a9e640cb3916d3609173e81dc4d933
tcn,clean_only,29,bandpass_n20003_cRA_LL_covariance_s15,phase2/results/predictions/full/clean_only/tcn/seed_29/bandpass_n20003_cRA_LL_covariance_s15.npz,76320,8a6624124a617237212a0e4d90fe4f2a352e6425ae81927eb68c05ee410cd591
tcn,clean_only,29,bandpass_n20003_cRA_LL_covariance_s10,phase2/results/predictions/full/clean_only/tcn/seed_29/bandpass_n20003_cRA_LL_covariance_s10.npz,76215,4941f149df1f016f9f983a00ecdc296e3735e13cb56f31154c97f6a8b53acbd9
tcn,clean_only,29,bandpass_n20003_cRA_LL_covariance_s5,phase2/results/predictions/full/clean_only/tcn/seed_29/bandpass_n20003_cRA_LL_covariance_s5.npz,75893,c2fb3e3aac91fdf6ec7b4fef88d40c3bfa85840e2c1921d16ac91995eafa6867
tcn,clean_only,29,bandpass_n20003_cRA_LL_covariance_s0,phase2/results/predictions/full/clean_only/tcn/seed_29/bandpass_n20003_cRA_LL_covariance_s0.npz,75717,d7ec01f95d5844a98b7ce1038907abcfa1e3b9dd17a0433b5de366609c15a0f1
tcn,clean_only,29,bandpass_n20003_cRA_independent_rms_s20,phase2/results/predictions/full/clean_only/tcn/seed_29/bandpass_n20003_cRA_independent_rms_s20.npz,76407,1773f12250045194f556239465431a1cab50193e286bd15af33dc001a9c823f3
tcn,clean_only,29,bandpass_n20003_cRA_independent_rms_s15,phase2/results/predictions/full/clean_only/tcn/seed_29/bandpass_n20003_cRA_independent_rms_s15.npz,76373,cc729cd419f98fafbf397d6cf4b46ca128098c6b71159a34b94d977464ae5e32
tcn,clean_only,29,bandpass_n20003_cRA_independent_rms_s10,phase2/results/predictions/full/clean_only/tcn/seed_29/bandpass_n20003_cRA_independent_rms_s10.npz,76307,bea82adf5326660377ef4ac0bdd56eac67a85579323b3194b1495cbfad6e7708
tcn,clean_only,29,bandpass_n20003_cRA_independent_rms_s5,phase2/results/predictions/full/clean_only/tcn/seed_29/bandpass_n20003_cRA_independent_rms_s5.npz,76128,fc07bd21224e8799ff1f16bcacbfe36759e005cc46fc5e082bf1473d6684ebb1
tcn,clean_only,29,bandpass_n20003_cRA_independent_rms_s0,phase2/results/predictions/full/clean_only/tcn/seed_29/bandpass_n20003_cRA_independent_rms_s0.npz,75842,de4f20685aadc6b609e37e86f877c5c121d17dbe6a3031a4eb9fe382b1d8cac7
tcn,clean_only,29,bandpass_n20003_cRA_electrode_s20,phase2/results/predictions/full/clean_only/tcn/seed_29/bandpass_n20003_cRA_electrode_s20.npz,76388,1f7954f123f5b59ea62dc6f58765e07d373f0f64fb8035404b9387e07f1c01ea
tcn,clean_only,29,bandpass_n20003_cRA_electrode_s15,phase2/results/predictions/full/clean_only/tcn/seed_29/bandpass_n20003_cRA_electrode_s15.npz,76320,0a7db6c6afd5ef730aa9ea56d930fbccd10c94583a9cac676f7b0f90bf2cd871
tcn,clean_only,29,bandpass_n20003_cRA_electrode_s10,phase2/results/predictions/full/clean_only/tcn/seed_29/bandpass_n20003_cRA_electrode_s10.npz,76196,5383a5688656b878b2e5c9f60056588e2dfa509af4fe73cd1deee82c795f1e2b
tcn,clean_only,29,bandpass_n20003_cRA_electrode_s5,phase2/results/predictions/full/clean_only/tcn/seed_29/bandpass_n20003_cRA_electrode_s5.npz,75929,2e69255526f67fabfd9608f4e4113a59c16da50c939832ff94fdb3fc8fb6f808
tcn,clean_only,29,bandpass_n20003_cRA_electrode_s0,phase2/results/predictions/full/clean_only/tcn/seed_29/bandpass_n20003_cRA_electrode_s0.npz,75570,b2ec16e1effda9392c3d12d0d8b87615205bdf11145d5700c857c5a548311e0b
tcn,clean_only,29,bandpass_n20003_cRA_covariance_s20,phase2/results/predictions/full/clean_only/tcn/seed_29/bandpass_n20003_cRA_covariance_s20.npz,76386,72f1d342b7849470640362158ce8c18ca73e636bd44b1fcb42f4a1042ece2d42
tcn,clean_only,29,bandpass_n20003_cRA_covariance_s15,phase2/results/predictions/full/clean_only/tcn/seed_29/bandpass_n20003_cRA_covariance_s15.npz,76339,6827bd6d4772c17c2fab7b19e02615f3c4f5a71ed4b2b40f9d39537048dd0043
tcn,clean_only,29,bandpass_n20003_cRA_covariance_s10,phase2/results/predictions/full/clean_only/tcn/seed_29/bandpass_n20003_cRA_covariance_s10.npz,76173,8db99f042818f17abbc90655a5c38f7fdaf536e0b07c3d846e58a5ef83906df8
tcn,clean_only,29,bandpass_n20003_cRA_covariance_s5,phase2/results/predictions/full/clean_only/tcn/seed_29/bandpass_n20003_cRA_covariance_s5.npz,75948,58c8fed7302123095bae3e61d8193b30335f993be3549024e82b269f5bd474b8
tcn,clean_only,29,bandpass_n20003_cRA_covariance_s0,phase2/results/predictions/full/clean_only/tcn/seed_29/bandpass_n20003_cRA_covariance_s0.npz,75582,b218b5d220f130b1adadf4de765955b50df45e713a818d1b964c630150a567db
tcn,clean_only,29,bandpass_n20003_cLA_independent_rms_s20,phase2/results/predictions/full/clean_only/tcn/seed_29/bandpass_n20003_cLA_independent_rms_s20.npz,76388,330e98d69381c003eec9ed2128c3daf9fa21c51ce119f1420a999e0df06793fd
tcn,clean_only,29,bandpass_n20003_cLA_independent_rms_s15,phase2/results/predictions/full/clean_only/tcn/seed_29/bandpass_n20003_cLA_independent_rms_s15.npz,76409,726d3c27967a6e1d72be2829bdb92cdb90a15aa0d1c5df64a7f19cea9fec6b55
tcn,clean_only,29,bandpass_n20003_cLA_independent_rms_s10,phase2/results/predictions/full/clean_only/tcn/seed_29/bandpass_n20003_cLA_independent_rms_s10.npz,76318,1ba795e1e04f412f30286f7052d983b91fabebe735defb29bbb9a3f97f763f26
tcn,clean_only,29,bandpass_n20003_cLA_independent_rms_s5,phase2/results/predictions/full/clean_only/tcn/seed_29/bandpass_n20003_cLA_independent_rms_s5.npz,76105,a2b455409a7fa0b7308399b81f51abeb48bde1102e6f121970836f48747d5844
tcn,clean_only,29,bandpass_n20003_cLA_independent_rms_s0,phase2/results/predictions/full/clean_only/tcn/seed_29/bandpass_n20003_cLA_independent_rms_s0.npz,75870,d566653bdc9a62cdbe8747ad633fb8d55f84831c536766858f0d7e71808d42c9
tcn,clean_only,29,bandpass_n20003_cLA_electrode_s20,phase2/results/predictions/full/clean_only/tcn/seed_29/bandpass_n20003_cLA_electrode_s20.npz,76377,1c22b6781430fbbf473dee442a4aec55e32e1c1839e7ce9708290da500adfddc
tcn,clean_only,29,bandpass_n20003_cLA_electrode_s15,phase2/results/predictions/full/clean_only/tcn/seed_29/bandpass_n20003_cLA_electrode_s15.npz,76347,babe63f2abb2673c8f41d9be2ce9eca416a4b85725f45acfecf90ab309fc129d
tcn,clean_only,29,bandpass_n20003_cLA_electrode_s10,phase2/results/predictions/full/clean_only/tcn/seed_29/bandpass_n20003_cLA_electrode_s10.npz,76276,1abf9bcb29b195992241cfeb06c13f87350c58ce0e7039168d6393e762e1c61a
tcn,clean_only,29,bandpass_n20003_cLA_electrode_s5,phase2/results/predictions/full/clean_only/tcn/seed_29/bandpass_n20003_cLA_electrode_s5.npz,76020,d36bf4b5d6275c2f2ea45acf1e46231cd7eb128cdff12ebd777b1ab126b4ac94
tcn,clean_only,29,bandpass_n20003_cLA_electrode_s0,phase2/results/predictions/full/clean_only/tcn/seed_29/bandpass_n20003_cLA_electrode_s0.npz,75785,7c9f95d4189905d778fff58ce78f8d49ef9e157998ee353dc4eb4ff256fde19c
tcn,clean_only,29,bandpass_n20003_cLA_covariance_s20,phase2/results/predictions/full/clean_only/tcn/seed_29/bandpass_n20003_cLA_covariance_s20.npz,76378,add3d2be02449ea55f95fa0e7fb266faf360d7c55d280fab1049dc130f09f6e7
tcn,clean_only,29,bandpass_n20003_cLA_covariance_s15,phase2/results/predictions/full/clean_only/tcn/seed_29/bandpass_n20003_cLA_covariance_s15.npz,76341,50e071a66297324c281e89074667bff5b974ba53ef2e124b19c7a9a85cd6d74f
tcn,clean_only,29,bandpass_n20003_cLA_covariance_s10,phase2/results/predictions/full/clean_only/tcn/seed_29/bandpass_n20003_cLA_covariance_s10.npz,76245,01c6adab8a15968d1eee35b6f143a5c254e7b04ef3250481cd3ff64cd425f6ec
tcn,clean_only,29,bandpass_n20003_cLA_covariance_s5,phase2/results/predictions/full/clean_only/tcn/seed_29/bandpass_n20003_cLA_covariance_s5.npz,76011,4b37882b5347658b44b1a257ef1b49cfc2fb14ef69e3a2c50a1764e28c3ed606
tcn,clean_only,29,bandpass_n20003_cLA_covariance_s0,phase2/results/predictions/full/clean_only/tcn/seed_29/bandpass_n20003_cLA_covariance_s0.npz,75792,cb424e718398c362cbac816f6e2ccf20aabcfb351c53d91fbe2fe9eb5c9016a5
tcn,clean_only,29,bandpass_n20003_cLL_independent_rms_s20,phase2/results/predictions/full/clean_only/tcn/seed_29/bandpass_n20003_cLL_independent_rms_s20.npz,76398,f91fa368e1c98d877873436139f4b9515ae7517bb0182d8bd063a49314c29263
tcn,clean_only,29,bandpass_n20003_cLL_independent_rms_s15,phase2/results/predictions/full/clean_only/tcn/seed_29/bandpass_n20003_cLL_independent_rms_s15.npz,76409,4e4659d8cf966ceebde6acceb6e0f1d985a97bf827476fc0e64c9581ca71287b
tcn,clean_only,29,bandpass_n20003_cLL_independent_rms_s10,phase2/results/predictions/full/clean_only/tcn/seed_29/bandpass_n20003_cLL_independent_rms_s10.npz,76288,ebb031c4183a28163797187432b90fc9d083fc56222f9916aca523767b526fcd
tcn,clean_only,29,bandpass_n20003_cLL_independent_rms_s5,phase2/results/predictions/full/clean_only/tcn/seed_29/bandpass_n20003_cLL_independent_rms_s5.npz,76129,ba97c8be8caa6d2bfc14c6d3455606996e1a6e541b45d430d11dc9cbfb63a315
tcn,clean_only,29,bandpass_n20003_cLL_independent_rms_s0,phase2/results/predictions/full/clean_only/tcn/seed_29/bandpass_n20003_cLL_independent_rms_s0.npz,75886,52321434e8cbea1d7ddb091e3a584fd5a6ecd0eb59eb73e93f2b7ef9f5bb96ec
tcn,clean_only,29,bandpass_n20003_cLL_electrode_s20,phase2/results/predictions/full/clean_only/tcn/seed_29/bandpass_n20003_cLL_electrode_s20.npz,76365,d3f87edaf01ccd13013fbcbb3862696255605142a2a67cc541eb7b45e6cccaf3
tcn,clean_only,29,bandpass_n20003_cLL_electrode_s15,phase2/results/predictions/full/clean_only/tcn/seed_29/bandpass_n20003_cLL_electrode_s15.npz,76320,8ec87b8305f5dd9110660a61a802f05d083d34429cfb2530c1b77be39b1b6a4d
tcn,clean_only,29,bandpass_n20003_cLL_electrode_s10,phase2/results/predictions/full/clean_only/tcn/seed_29/bandpass_n20003_cLL_electrode_s10.npz,76228,400dbf59c91ca29a55f4f06d32cea0926a1f41bf277e15966e868964c784a4db
tcn,clean_only,29,bandpass_n20003_cLL_electrode_s5,phase2/results/predictions/full/clean_only/tcn/seed_29/bandpass_n20003_cLL_electrode_s5.npz,76001,58cc7065802af33bb205f9eb5918c3448d3b5d023ef02ecbc992da6fca8416bb
tcn,clean_only,29,bandpass_n20003_cLL_electrode_s0,phase2/results/predictions/full/clean_only/tcn/seed_29/bandpass_n20003_cLL_electrode_s0.npz,75943,28d160c432353dff6fec9483fe85246ae78308a40909ff1ec48c8d3d5d751a95
tcn,clean_only,29,bandpass_n20003_cLL_covariance_s20,phase2/results/predictions/full/clean_only/tcn/seed_29/bandpass_n20003_cLL_covariance_s20.npz,76370,43ed96f1299d2e2dd834f17370d662ebb97f68d7d17e68d485a8904dce86c9bb
tcn,clean_only,29,bandpass_n20003_cLL_covariance_s15,phase2/results/predictions/full/clean_only/tcn/seed_29/bandpass_n20003_cLL_covariance_s15.npz,76347,9eb96f9b56875c91032ac8b0e56e4ee5773c051ba5bd255cf80749b045fb1686
tcn,clean_only,29,bandpass_n20003_cLL_covariance_s10,phase2/results/predictions/full/clean_only/tcn/seed_29/bandpass_n20003_cLL_covariance_s10.npz,76222,b0b70caf02a7d48fdef6cffddb067c6d84f564cb9d801951509fdc1137444e9e
tcn,clean_only,29,bandpass_n20003_cLL_covariance_s5,phase2/results/predictions/full/clean_only/tcn/seed_29/bandpass_n20003_cLL_covariance_s5.npz,75976,c334b53b8891120868053399e5e7bb7e21af0997d8ea3ea5a58a9328c7e4a118
tcn,clean_only,29,bandpass_n20003_cLL_covariance_s0,phase2/results/predictions/full/clean_only/tcn/seed_29/bandpass_n20003_cLL_covariance_s0.npz,75929,5db846df9afa6545b5ce9e52a5d6e42150cf656db1ea3c5735197a48ece21cee
tcn,clean_only,29,bandpass_n20003_cRA_V1_independent_rms_s20,phase2/results/predictions/full/clean_only/tcn/seed_29/bandpass_n20003_cRA_V1_independent_rms_s20.npz,76423,1883925760a559a34eb5a678fa5b4a7aebe8d3891590e3a16be1a0f8e0626682
tcn,clean_only,29,bandpass_n20003_cRA_V1_independent_rms_s15,phase2/results/predictions/full/clean_only/tcn/seed_29/bandpass_n20003_cRA_V1_independent_rms_s15.npz,76401,cb828fa710d7a4f2539efc23f69c7724d9dd88738205978bb3b1034537427c73
tcn,clean_only,29,bandpass_n20003_cRA_V1_independent_rms_s10,phase2/results/predictions/full/clean_only/tcn/seed_29/bandpass_n20003_cRA_V1_independent_rms_s10.npz,76296,2796daa6ac93c96a407fc6fe6fb9aa785d1de4cbfd4b86fe3ea06db7dbd0bf4c
tcn,clean_only,29,bandpass_n20003_cRA_V1_independent_rms_s5,phase2/results/predictions/full/clean_only/tcn/seed_29/bandpass_n20003_cRA_V1_independent_rms_s5.npz,76125,c4d35e42046e4d05504f4a7cb2236702104982e272df699795d3c24604bf8d64
tcn,clean_only,29,bandpass_n20003_cRA_V1_independent_rms_s0,phase2/results/predictions/full/clean_only/tcn/seed_29/bandpass_n20003_cRA_V1_independent_rms_s0.npz,75824,fdfcba6b3c51a0898cf81a762a79a40446b36ff4350341536ca6cb4614664347
tcn,clean_only,29,bandpass_n20003_cRA_V1_electrode_s20,phase2/results/predictions/full/clean_only/tcn/seed_29/bandpass_n20003_cRA_V1_electrode_s20.npz,76382,cb6b7668937a6a8eaf9e6fb6fee5f4afa817e27a951cf8938205c94752e7e0f8
tcn,clean_only,29,bandpass_n20003_cRA_V1_electrode_s15,phase2/results/predictions/full/clean_only/tcn/seed_29/bandpass_n20003_cRA_V1_electrode_s15.npz,76359,9ceb4e755cfbc772d4778ba736ac58b327fbb856b3688b30bc835d2cdbc6d07a
tcn,clean_only,29,bandpass_n20003_cRA_V1_electrode_s10,phase2/results/predictions/full/clean_only/tcn/seed_29/bandpass_n20003_cRA_V1_electrode_s10.npz,76210,82cef5d3d6b7b41ca53126ebc5939947d4be785ffd840fc585fe33647ed301dd
tcn,clean_only,29,bandpass_n20003_cRA_V1_electrode_s5,phase2/results/predictions/full/clean_only/tcn/seed_29/bandpass_n20003_cRA_V1_electrode_s5.npz,75949,5351c995e346dfc24be28e32941a14c194592cdb86c51ae3945daa3608ebfce3
tcn,clean_only,29,bandpass_n20003_cRA_V1_electrode_s0,phase2/results/predictions/full/clean_only/tcn/seed_29/bandpass_n20003_cRA_V1_electrode_s0.npz,75579,9346a1312539ea0b365b7952cc67af2695497b2b836d193a0a841970c8acf082
tcn,clean_only,29,bandpass_n20003_cRA_V1_covariance_s20,phase2/results/predictions/full/clean_only/tcn/seed_29/bandpass_n20003_cRA_V1_covariance_s20.npz,76397,3995c5950c5b23d33dd6f1ae69c3f180ef2a55407b234654410bf2ccfc685c8b
tcn,clean_only,29,bandpass_n20003_cRA_V1_covariance_s15,phase2/results/predictions/full/clean_only/tcn/seed_29/bandpass_n20003_cRA_V1_covariance_s15.npz,76382,ebbc7b8b21b8d53eaf9ca3866abc8d120314d0ac4c79f9cc00a74fa09e782629
tcn,clean_only,29,bandpass_n20003_cRA_V1_covariance_s10,phase2/results/predictions/full/clean_only/tcn/seed_29/bandpass_n20003_cRA_V1_covariance_s10.npz,76221,fbd991958c134f4146640d4a956a2238f500c56b6aa209f27802278a9060769a
tcn,clean_only,29,bandpass_n20003_cRA_V1_covariance_s5,phase2/results/predictions/full/clean_only/tcn/seed_29/bandpass_n20003_cRA_V1_covariance_s5.npz,75964,ca3929630dab096f7be943f49daa31976584eeb668b74bc0d6fa56b7a9bcdde8
tcn,clean_only,29,bandpass_n20003_cRA_V1_covariance_s0,phase2/results/predictions/full/clean_only/tcn/seed_29/bandpass_n20003_cRA_V1_covariance_s0.npz,75579,f496b7844971882099ab22e247173c05f6f728698b7960956d1b3be6b711e836
tcn,clean_only,29,bandpass_n20003_cLA_V6_independent_rms_s20,phase2/results/predictions/full/clean_only/tcn/seed_29/bandpass_n20003_cLA_V6_independent_rms_s20.npz,76394,0b7e0c0fd58bbf655b2e09b722725b85ed0ef5c9fc8201f20fb396f017add1ee
tcn,clean_only,29,bandpass_n20003_cLA_V6_independent_rms_s15,phase2/results/predictions/full/clean_only/tcn/seed_29/bandpass_n20003_cLA_V6_independent_rms_s15.npz,76403,f7d0f4010fde90cc89475dbd99fd8bf3ad14c34f70d89c7289aaaa3fdf3e8e75
tcn,clean_only,29,bandpass_n20003_cLA_V6_independent_rms_s10,phase2/results/predictions/full/clean_only/tcn/seed_29/bandpass_n20003_cLA_V6_independent_rms_s10.npz,76329,629c90d6dab7554977f27d5848f331f1750e1fb21766bc05c3640e7e75d9a743
tcn,clean_only,29,bandpass_n20003_cLA_V6_independent_rms_s5,phase2/results/predictions/full/clean_only/tcn/seed_29/bandpass_n20003_cLA_V6_independent_rms_s5.npz,76177,c0ffa53a9738d5d7e9f170026ac78be7100a5ab1d152629d76fddf4d2f6349b3
tcn,clean_only,29,bandpass_n20003_cLA_V6_independent_rms_s0,phase2/results/predictions/full/clean_only/tcn/seed_29/bandpass_n20003_cLA_V6_independent_rms_s0.npz,75915,1ddeeceb49ee51ccc691074612f6976d60ee1132f19d3f5fb0a269ba46a97f81
tcn,clean_only,29,bandpass_n20003_cLA_V6_electrode_s20,phase2/results/predictions/full/clean_only/tcn/seed_29/bandpass_n20003_cLA_V6_electrode_s20.npz,76386,ca7f0c59aeb411ca632b02663f683b9fe32a1f81987e7b077dd5e1c54f20be81
tcn,clean_only,29,bandpass_n20003_cLA_V6_electrode_s15,phase2/results/predictions/full/clean_only/tcn/seed_29/bandpass_n20003_cLA_V6_electrode_s15.npz,76351,b54843e505b5e9e36f857dbd311308b0629592290680cc36567319e077f97114
tcn,clean_only,29,bandpass_n20003_cLA_V6_electrode_s10,phase2/results/predictions/full/clean_only/tcn/seed_29/bandpass_n20003_cLA_V6_electrode_s10.npz,76301,949f6249dc72985e2622b893cd8eaee8295c1ded98597aa0fb019248464a83cf
tcn,clean_only,29,bandpass_n20003_cLA_V6_electrode_s5,phase2/results/predictions/full/clean_only/tcn/seed_29/bandpass_n20003_cLA_V6_electrode_s5.npz,76065,0161fd814387c4a2c9a7c01399b55069ad6d5194059eca024ac7bc4a38c0c3db
tcn,clean_only,29,bandpass_n20003_cLA_V6_electrode_s0,phase2/results/predictions/full/clean_only/tcn/seed_29/bandpass_n20003_cLA_V6_electrode_s0.npz,75838,54676017fa07c7c494290e61d3b744bbdd38831fbc2c4a78058299a08581e5cf
tcn,clean_only,29,bandpass_n20003_cLA_V6_covariance_s20,phase2/results/predictions/full/clean_only/tcn/seed_29/bandpass_n20003_cLA_V6_covariance_s20.npz,76385,376fc606dd0b0b78d197f0f1e4ae6b1921ca19bc01bb9a54e09284e84083906c
tcn,clean_only,29,bandpass_n20003_cLA_V6_covariance_s15,phase2/results/predictions/full/clean_only/tcn/seed_29/bandpass_n20003_cLA_V6_covariance_s15.npz,76356,68b5189edf209490deefeb5e92997d66c19d40c1c187cbd5db7a79eed3ae402a
tcn,clean_only,29,bandpass_n20003_cLA_V6_covariance_s10,phase2/results/predictions/full/clean_only/tcn/seed_29/bandpass_n20003_cLA_V6_covariance_s10.npz,76300,662a2be275c00ba1b748958e467ef88814cedc1432a797f6624f4d613ec66ed9
tcn,clean_only,29,bandpass_n20003_cLA_V6_covariance_s5,phase2/results/predictions/full/clean_only/tcn/seed_29/bandpass_n20003_cLA_V6_covariance_s5.npz,76043,63377d55227fde55f348fc98a59ac3b1dd04426062c1dbea79e99bf1059e88fc
tcn,clean_only,29,bandpass_n20003_cLA_V6_covariance_s0,phase2/results/predictions/full/clean_only/tcn/seed_29/bandpass_n20003_cLA_V6_covariance_s0.npz,75849,e0dee4f12a44383edbc25faa8fd827c82092f57382209f2ce8a774a62cbbde37
tcn,clean_only,29,bandpass_n20003_cLL_V4_independent_rms_s20,phase2/results/predictions/full/clean_only/tcn/seed_29/bandpass_n20003_cLL_V4_independent_rms_s20.npz,76411,57ab82fcf9afee6dc11d64511ea2a96aa3283b97a46cce0ef55483e2f7590d54
tcn,clean_only,29,bandpass_n20003_cLL_V4_independent_rms_s15,phase2/results/predictions/full/clean_only/tcn/seed_29/bandpass_n20003_cLL_V4_independent_rms_s15.npz,76402,8277ea89e89e2cdec722985017492f065aa3372f787e0c5d5cb17f6f6758290f
tcn,clean_only,29,bandpass_n20003_cLL_V4_independent_rms_s10,phase2/results/predictions/full/clean_only/tcn/seed_29/bandpass_n20003_cLL_V4_independent_rms_s10.npz,76352,82d67d8eb6db4fa5670f770d10c5d8dda5196fd6e5464e9454d1b90219f96b7a
tcn,clean_only,29,bandpass_n20003_cLL_V4_independent_rms_s5,phase2/results/predictions/full/clean_only/tcn/seed_29/bandpass_n20003_cLL_V4_independent_rms_s5.npz,76179,ea33d33584bc0cfafcadcdf38a8733aafd96c6a3565fb2444e0abb344740829a
tcn,clean_only,29,bandpass_n20003_cLL_V4_independent_rms_s0,phase2/results/predictions/full/clean_only/tcn/seed_29/bandpass_n20003_cLL_V4_independent_rms_s0.npz,75883,a058b82f84b1621c72a70183a56a111250d2766b5a11fa577ec54589e4fd0602
tcn,clean_only,29,bandpass_n20003_cLL_V4_electrode_s20,phase2/results/predictions/full/clean_only/tcn/seed_29/bandpass_n20003_cLL_V4_electrode_s20.npz,76381,4affe014393983c08a9278732b08eb6134e0d22451b61b6ef6b66f4906958e62
tcn,clean_only,29,bandpass_n20003_cLL_V4_electrode_s15,phase2/results/predictions/full/clean_only/tcn/seed_29/bandpass_n20003_cLL_V4_electrode_s15.npz,76384,5c444a23d5a9624daee77e8f1897d4e60dbcb93ecde346041f9cabe9f3ad6504
tcn,clean_only,29,bandpass_n20003_cLL_V4_electrode_s10,phase2/results/predictions/full/clean_only/tcn/seed_29/bandpass_n20003_cLL_V4_electrode_s10.npz,76238,0eff046ff590a17cd3e6dbe2a22b9c420a13d704f119bccb3da713971739ca3c
tcn,clean_only,29,bandpass_n20003_cLL_V4_electrode_s5,phase2/results/predictions/full/clean_only/tcn/seed_29/bandpass_n20003_cLL_V4_electrode_s5.npz,76006,4f02861b5bc5d682b4a609b6828d44dd4a2152e89d1db936fd54bb75bc666e57
tcn,clean_only,29,bandpass_n20003_cLL_V4_electrode_s0,phase2/results/predictions/full/clean_only/tcn/seed_29/bandpass_n20003_cLL_V4_electrode_s0.npz,75923,0189dd059d9ac5d7ddeff4d0dd31145fe827409f05f63011957e4723e735ee53
tcn,clean_only,29,bandpass_n20003_cLL_V4_covariance_s20,phase2/results/predictions/full/clean_only/tcn/seed_29/bandpass_n20003_cLL_V4_covariance_s20.npz,76374,c85ec8ec7ae8b258312877cd04fb138761c49cb4ab316d3a12fa5bc44151561d
tcn,clean_only,29,bandpass_n20003_cLL_V4_covariance_s15,phase2/results/predictions/full/clean_only/tcn/seed_29/bandpass_n20003_cLL_V4_covariance_s15.npz,76387,062e8dd0ac17fdb1c6141c807e7535af6e9ad3a01fb87010e1766027f393e9d7
tcn,clean_only,29,bandpass_n20003_cLL_V4_covariance_s10,phase2/results/predictions/full/clean_only/tcn/seed_29/bandpass_n20003_cLL_V4_covariance_s10.npz,76261,ddbc702dbf904266cf49469e00de773ebb337eb0a82096faf6a58a1b68f55c45
tcn,clean_only,29,bandpass_n20003_cLL_V4_covariance_s5,phase2/results/predictions/full/clean_only/tcn/seed_29/bandpass_n20003_cLL_V4_covariance_s5.npz,76018,deb63adf754c11ec02a50f5400055cda9da6d7b3f16b9a69cf6149764f9084f6
tcn,clean_only,29,bandpass_n20003_cLL_V4_covariance_s0,phase2/results/predictions/full/clean_only/tcn/seed_29/bandpass_n20003_cLL_V4_covariance_s0.npz,75909,bb6a337361e6703276c55b073b4bf8ab7e0b830c00b290addd6965bf0094f16a
tcn,clean_only,29,bandpass_n20003_cRA_LA_V1_V6_independent_rms_s20,phase2/results/predictions/full/clean_only/tcn/seed_29/bandpass_n20003_cRA_LA_V1_V6_independent_rms_s20.npz,76415,9fbda0fbecf41e1252b770a4cf93815f8b808ac1d29241f49af699e506a71144
tcn,clean_only,29,bandpass_n20003_cRA_LA_V1_V6_independent_rms_s15,phase2/results/predictions/full/clean_only/tcn/seed_29/bandpass_n20003_cRA_LA_V1_V6_independent_rms_s15.npz,76391,4e909fa8ef94eeb3d0d56e0c1c2eae8c9c5406e0e1a3188f771c9a99bed2ca7b
tcn,clean_only,29,bandpass_n20003_cRA_LA_V1_V6_independent_rms_s10,phase2/results/predictions/full/clean_only/tcn/seed_29/bandpass_n20003_cRA_LA_V1_V6_independent_rms_s10.npz,76323,ae59e75889d4005ad3520cef335900d78e2177a006d76961bd36fcf1e457fae5
tcn,clean_only,29,bandpass_n20003_cRA_LA_V1_V6_independent_rms_s5,phase2/results/predictions/full/clean_only/tcn/seed_29/bandpass_n20003_cRA_LA_V1_V6_independent_rms_s5.npz,76162,973794c927cb379cef388063f9ea9a9202d68c81cf2042c349c8c38e64a68edf
tcn,clean_only,29,bandpass_n20003_cRA_LA_V1_V6_independent_rms_s0,phase2/results/predictions/full/clean_only/tcn/seed_29/bandpass_n20003_cRA_LA_V1_V6_independent_rms_s0.npz,75852,298d5c382ddcd065505d654926413fb6a124134049ceba75396fed380d3b004e
tcn,clean_only,29,bandpass_n20003_cRA_LA_V1_V6_electrode_s20,phase2/results/predictions/full/clean_only/tcn/seed_29/bandpass_n20003_cRA_LA_V1_V6_electrode_s20.npz,76417,c81cce64b30f4c24ed6f8d3f05ebfbce931da8d84190c441d4e5b48f8c4eea6c
tcn,clean_only,29,bandpass_n20003_cRA_LA_V1_V6_electrode_s15,phase2/results/predictions/full/clean_only/tcn/seed_29/bandpass_n20003_cRA_LA_V1_V6_electrode_s15.npz,76364,067893a0a1ad6b4c66022317c82a4bfd606f2d6843cdbdf10b77e9d27c7e07a4
tcn,clean_only,29,bandpass_n20003_cRA_LA_V1_V6_electrode_s10,phase2/results/predictions/full/clean_only/tcn/seed_29/bandpass_n20003_cRA_LA_V1_V6_electrode_s10.npz,76274,baa69f2e96e62800fe0e2efa79683122c9b8fc23ec0cc28706162ef5b38c9eb4
tcn,clean_only,29,bandpass_n20003_cRA_LA_V1_V6_electrode_s5,phase2/results/predictions/full/clean_only/tcn/seed_29/bandpass_n20003_cRA_LA_V1_V6_electrode_s5.npz,76005,7bb6983e5f6505c869323ebd97e6e17fbfe4d8cc2bf11d4859b7c7f38625cf69
tcn,clean_only,29,bandpass_n20003_cRA_LA_V1_V6_electrode_s0,phase2/results/predictions/full/clean_only/tcn/seed_29/bandpass_n20003_cRA_LA_V1_V6_electrode_s0.npz,75742,aa1ae2229f4a590fe3bf422d01e799d1d3bf3e283c6f4393a955f99aceb754de
tcn,clean_only,29,bandpass_n20003_cRA_LA_V1_V6_covariance_s20,phase2/results/predictions/full/clean_only/tcn/seed_29/bandpass_n20003_cRA_LA_V1_V6_covariance_s20.npz,76403,d05f4291bee5f85aef788fc49dc60c3291f061184df258f94a4a09ebc4f02e25
tcn,clean_only,29,bandpass_n20003_cRA_LA_V1_V6_covariance_s15,phase2/results/predictions/full/clean_only/tcn/seed_29/bandpass_n20003_cRA_LA_V1_V6_covariance_s15.npz,76389,ab578a856f7fba0e25c0b3a3fb707ac1d72dc18dc20b1e15cfa8f441801c2423
tcn,clean_only,29,bandpass_n20003_cRA_LA_V1_V6_covariance_s10,phase2/results/predictions/full/clean_only/tcn/seed_29/bandpass_n20003_cRA_LA_V1_V6_covariance_s10.npz,76241,5912e6d06ad5c2b65eac742f8c0bd973197414e3b93ea007bba494bdbc568527
tcn,clean_only,29,bandpass_n20003_cRA_LA_V1_V6_covariance_s5,phase2/results/predictions/full/clean_only/tcn/seed_29/bandpass_n20003_cRA_LA_V1_V6_covariance_s5.npz,75995,82b1d2fb96ed4c3f6da0c82f0ab23e92b2c99d3ba3e6e76318da4352cfe8a926
tcn,clean_only,29,bandpass_n20003_cRA_LA_V1_V6_covariance_s0,phase2/results/predictions/full/clean_only/tcn/seed_29/bandpass_n20003_cRA_LA_V1_V6_covariance_s0.npz,75732,717fd067886b3006b3ddc3cfd3cabb7b87e1c831e76bb7bc8dd331227784dc1d
tcn,clean_only,29,bandpass_n20003_cRA_V2_V5_independent_rms_s20,phase2/results/predictions/full/clean_only/tcn/seed_29/bandpass_n20003_cRA_V2_V5_independent_rms_s20.npz,76426,5ca97e1c0d4ed5b34b01295be60fca658cd9845252e2ab92fd688fa758dfe2fb
tcn,clean_only,29,bandpass_n20003_cRA_V2_V5_independent_rms_s15,phase2/results/predictions/full/clean_only/tcn/seed_29/bandpass_n20003_cRA_V2_V5_independent_rms_s15.npz,76395,4b6bb8d8fb00c05b73608a888536fa054c7f4c72c1730b372214b61c5e075f8b
tcn,clean_only,29,bandpass_n20003_cRA_V2_V5_independent_rms_s10,phase2/results/predictions/full/clean_only/tcn/seed_29/bandpass_n20003_cRA_V2_V5_independent_rms_s10.npz,76315,390985eb12bb11c4a5903ce301098ebc3f5e1d0e1b39e2f4d00a328c9d3723a8
tcn,clean_only,29,bandpass_n20003_cRA_V2_V5_independent_rms_s5,phase2/results/predictions/full/clean_only/tcn/seed_29/bandpass_n20003_cRA_V2_V5_independent_rms_s5.npz,76200,ded1e63ddb86b3d3c93e9f6541e3e77bb3add7e751184c604ad71a5cbbacfbf4
tcn,clean_only,29,bandpass_n20003_cRA_V2_V5_independent_rms_s0,phase2/results/predictions/full/clean_only/tcn/seed_29/bandpass_n20003_cRA_V2_V5_independent_rms_s0.npz,75872,21c920ea51dec7ce1a22c143819941499eb01e47c160e3eb9bf0df433377c519
tcn,clean_only,29,bandpass_n20003_cRA_V2_V5_electrode_s20,phase2/results/predictions/full/clean_only/tcn/seed_29/bandpass_n20003_cRA_V2_V5_electrode_s20.npz,76368,defa21e2b818f5b716f2ab088e1d66ea75154e13a82306fb21121e0274bd12e8
tcn,clean_only,29,bandpass_n20003_cRA_V2_V5_electrode_s15,phase2/results/predictions/full/clean_only/tcn/seed_29/bandpass_n20003_cRA_V2_V5_electrode_s15.npz,76365,aa02c63301c88b355ba8723940b5f31bbe9d71b48b38961e84c4fa05ef3ac230
tcn,clean_only,29,bandpass_n20003_cRA_V2_V5_electrode_s10,phase2/results/predictions/full/clean_only/tcn/seed_29/bandpass_n20003_cRA_V2_V5_electrode_s10.npz,76261,01f79eab5270c620bb5c8faa6fa3d0a09185a8c64400b760fc5b6c901e29f8fd
tcn,clean_only,29,bandpass_n20003_cRA_V2_V5_electrode_s5,phase2/results/predictions/full/clean_only/tcn/seed_29/bandpass_n20003_cRA_V2_V5_electrode_s5.npz,76031,63646417a90801cb3aa0c4ff11f2c77894c93f3680d13a6d2e41fa45dd3500a1
tcn,clean_only,29,bandpass_n20003_cRA_V2_V5_electrode_s0,phase2/results/predictions/full/clean_only/tcn/seed_29/bandpass_n20003_cRA_V2_V5_electrode_s0.npz,75606,32cae06cd36a646084155387e860e34c0b9d9f81edd881f696b29849867dea61
tcn,clean_only,29,bandpass_n20003_cRA_V2_V5_covariance_s20,phase2/results/predictions/full/clean_only/tcn/seed_29/bandpass_n20003_cRA_V2_V5_covariance_s20.npz,76389,105e2a894a3cd830edf49e562faa8b93938d43565763837a07590bed69bb0001
tcn,clean_only,29,bandpass_n20003_cRA_V2_V5_covariance_s15,phase2/results/predictions/full/clean_only/tcn/seed_29/bandpass_n20003_cRA_V2_V5_covariance_s15.npz,76346,4a7d7cc34a79eed9a270f40a58e1649ba292b89e14d70a1959049b3b8a8b9b39
tcn,clean_only,29,bandpass_n20003_cRA_V2_V5_covariance_s10,phase2/results/predictions/full/clean_only/tcn/seed_29/bandpass_n20003_cRA_V2_V5_covariance_s10.npz,76286,70067673e21ac9d5bee63be00b953b9fa65ebe3aa5f42ff1ebfb43d9c6b8a208
tcn,clean_only,29,bandpass_n20003_cRA_V2_V5_covariance_s5,phase2/results/predictions/full/clean_only/tcn/seed_29/bandpass_n20003_cRA_V2_V5_covariance_s5.npz,76021,6656cb7beaffcd97b4a3224c4f4ed45d1d6abafe4dcab08372889cec7f3bb8b0
tcn,clean_only,29,bandpass_n20003_cRA_V2_V5_covariance_s0,phase2/results/predictions/full/clean_only/tcn/seed_29/bandpass_n20003_cRA_V2_V5_covariance_s0.npz,75592,0dbfd77717d145954c58f188a314d99b4deeef737b06af98ce91f449853e91af
tcn,clean_only,29,bandpass_n20003_cLA_V3_V6_independent_rms_s20,phase2/results/predictions/full/clean_only/tcn/seed_29/bandpass_n20003_cLA_V3_V6_independent_rms_s20.npz,76402,e2db4f91b90f040a337a224738c382656c5217c33262ab3b9f8b933b2479f10c
tcn,clean_only,29,bandpass_n20003_cLA_V3_V6_independent_rms_s15,phase2/results/predictions/full/clean_only/tcn/seed_29/bandpass_n20003_cLA_V3_V6_independent_rms_s15.npz,76384,0b209da4d411a3697c07c1ca782d2adca05d1c425c42f7ce474f0a0c771980b3
tcn,clean_only,29,bandpass_n20003_cLA_V3_V6_independent_rms_s10,phase2/results/predictions/full/clean_only/tcn/seed_29/bandpass_n20003_cLA_V3_V6_independent_rms_s10.npz,76331,fca4d813c2d0099620d711dc8e2c274d4acb19ea8db0b65141cce81412b68e05
tcn,clean_only,29,bandpass_n20003_cLA_V3_V6_independent_rms_s5,phase2/results/predictions/full/clean_only/tcn/seed_29/bandpass_n20003_cLA_V3_V6_independent_rms_s5.npz,76192,471e12c47b923d91e34ea0d2cadc24b42c2ad5f2d2e50a8348ee3396fbead952
tcn,clean_only,29,bandpass_n20003_cLA_V3_V6_independent_rms_s0,phase2/results/predictions/full/clean_only/tcn/seed_29/bandpass_n20003_cLA_V3_V6_independent_rms_s0.npz,75905,1ec589743c8166a7869002667a081c6982194097cab7be4f9ef9aab045671493
tcn,clean_only,29,bandpass_n20003_cLA_V3_V6_electrode_s20,phase2/results/predictions/full/clean_only/tcn/seed_29/bandpass_n20003_cLA_V3_V6_electrode_s20.npz,76393,e58ce42fe1af8ac89650a7123d3e826e4b97cc2681c094fc15efaa110ea10e67
tcn,clean_only,29,bandpass_n20003_cLA_V3_V6_electrode_s15,phase2/results/predictions/full/clean_only/tcn/seed_29/bandpass_n20003_cLA_V3_V6_electrode_s15.npz,76385,6292f2d006698fdd2787bb285791bf75e9befe5cd7e70af8c237ffdc858ed821
tcn,clean_only,29,bandpass_n20003_cLA_V3_V6_electrode_s10,phase2/results/predictions/full/clean_only/tcn/seed_29/bandpass_n20003_cLA_V3_V6_electrode_s10.npz,76315,57748e549799298da98cfe1ed931603547e0d4debfce03188898cb39a14fdd3e
tcn,clean_only,29,bandpass_n20003_cLA_V3_V6_electrode_s5,phase2/results/predictions/full/clean_only/tcn/seed_29/bandpass_n20003_cLA_V3_V6_electrode_s5.npz,76105,640d2262fcd8fca2183173951a5375a3966943a2261f41197e0077afdc1f9b3b
tcn,clean_only,29,bandpass_n20003_cLA_V3_V6_electrode_s0,phase2/results/predictions/full/clean_only/tcn/seed_29/bandpass_n20003_cLA_V3_V6_electrode_s0.npz,75865,b0453cd67d6870f539d7faef4a6c7e65abb6810c4c494a6c23d88141c590141a
tcn,clean_only,29,bandpass_n20003_cLA_V3_V6_covariance_s20,phase2/results/predictions/full/clean_only/tcn/seed_29/bandpass_n20003_cLA_V3_V6_covariance_s20.npz,76368,94340acfb5946270a3f3557a167432b81bdf5ffe802bf98c21f0a2aa60dac72d
tcn,clean_only,29,bandpass_n20003_cLA_V3_V6_covariance_s15,phase2/results/predictions/full/clean_only/tcn/seed_29/bandpass_n20003_cLA_V3_V6_covariance_s15.npz,76377,37651c7304765c887e30ab5aa981c171c3afce3675225eb13960cc9fc96bfa1f
tcn,clean_only,29,bandpass_n20003_cLA_V3_V6_covariance_s10,phase2/results/predictions/full/clean_only/tcn/seed_29/bandpass_n20003_cLA_V3_V6_covariance_s10.npz,76295,f65fbdd45c0e1dea79a0a542df24e4881a9826fb0cb0a2552691e49e1b1c9cf2
tcn,clean_only,29,bandpass_n20003_cLA_V3_V6_covariance_s5,phase2/results/predictions/full/clean_only/tcn/seed_29/bandpass_n20003_cLA_V3_V6_covariance_s5.npz,76085,612a581e5e6f38df22c589fd5e661fa7e8f704386c3a92b92f395b4d62420aee
tcn,clean_only,29,bandpass_n20003_cLA_V3_V6_covariance_s0,phase2/results/predictions/full/clean_only/tcn/seed_29/bandpass_n20003_cLA_V3_V6_covariance_s0.npz,75891,59dbde088d9c58370aef1501387baf4f92af7f2d72fdb3848e758042d1f4a5dc
tcn,clean_only,29,bandpass_n20003_cLL_V1_V4_independent_rms_s20,phase2/results/predictions/full/clean_only/tcn/seed_29/bandpass_n20003_cLL_V1_V4_independent_rms_s20.npz,76426,f1ff8f8b1525d24c497beb89c8dcac71afd9ba8259afe52c6fecfd0775c53b32
tcn,clean_only,29,bandpass_n20003_cLL_V1_V4_independent_rms_s15,phase2/results/predictions/full/clean_only/tcn/seed_29/bandpass_n20003_cLL_V1_V4_independent_rms_s15.npz,76387,7d9370d15748c07bb68c3900accef786018dc3f3cadca8d751fbce5f3b151734
tcn,clean_only,29,bandpass_n20003_cLL_V1_V4_independent_rms_s10,phase2/results/predictions/full/clean_only/tcn/seed_29/bandpass_n20003_cLL_V1_V4_independent_rms_s10.npz,76299,0258d35aa3d3a9ff76aeac09b5a5a7ed187809f7ad09e34d382571d90efbac79
tcn,clean_only,29,bandpass_n20003_cLL_V1_V4_independent_rms_s5,phase2/results/predictions/full/clean_only/tcn/seed_29/bandpass_n20003_cLL_V1_V4_independent_rms_s5.npz,76146,77446ac32c7add5372baaf53a4ebd1b10ea331daf1a4cb6052cd7636f406f6ae
tcn,clean_only,29,bandpass_n20003_cLL_V1_V4_independent_rms_s0,phase2/results/predictions/full/clean_only/tcn/seed_29/bandpass_n20003_cLL_V1_V4_independent_rms_s0.npz,75876,ee167372894fe7c87f41165ea40ee21b59b74d78eb597c8c8b17449dd7780783
tcn,clean_only,29,bandpass_n20003_cLL_V1_V4_electrode_s20,phase2/results/predictions/full/clean_only/tcn/seed_29/bandpass_n20003_cLL_V1_V4_electrode_s20.npz,76406,ebffbf00ebda1f1cdda5b3a918c33c80bca471fb369f06f328b1bcb1a16220a0
tcn,clean_only,29,bandpass_n20003_cLL_V1_V4_electrode_s15,phase2/results/predictions/full/clean_only/tcn/seed_29/bandpass_n20003_cLL_V1_V4_electrode_s15.npz,76371,21d11e3d3d918794e0e5f341f05108374450370a3476bf275016d9c9b10a3345
tcn,clean_only,29,bandpass_n20003_cLL_V1_V4_electrode_s10,phase2/results/predictions/full/clean_only/tcn/seed_29/bandpass_n20003_cLL_V1_V4_electrode_s10.npz,76276,5e4b7d3947bb8ea97141cabcd971ed02dd299b1e0bc559673fa1cf199bada37d
tcn,clean_only,29,bandpass_n20003_cLL_V1_V4_electrode_s5,phase2/results/predictions/full/clean_only/tcn/seed_29/bandpass_n20003_cLL_V1_V4_electrode_s5.npz,76017,80ba653684925e90a65cefa1b4388e346239bcc9c37ebc20e9fe3083f99155f7
tcn,clean_only,29,bandpass_n20003_cLL_V1_V4_electrode_s0,phase2/results/predictions/full/clean_only/tcn/seed_29/bandpass_n20003_cLL_V1_V4_electrode_s0.npz,75887,854888eeefb265b7fb2ff30e7b029f19125043eaa2a58f1575011e7004c5d584
tcn,clean_only,29,bandpass_n20003_cLL_V1_V4_covariance_s20,phase2/results/predictions/full/clean_only/tcn/seed_29/bandpass_n20003_cLL_V1_V4_covariance_s20.npz,76407,ddde2fea37488b26c4e2279b2b8f61a0b5d0cf5f39e947c6d246a1ddf8faf1a7
tcn,clean_only,29,bandpass_n20003_cLL_V1_V4_covariance_s15,phase2/results/predictions/full/clean_only/tcn/seed_29/bandpass_n20003_cLL_V1_V4_covariance_s15.npz,76357,6f443c3bd54c1bc7b2224c30817b7070ce2fefaf8e9babe7b0d8f81975c5f2b0
tcn,clean_only,29,bandpass_n20003_cLL_V1_V4_covariance_s10,phase2/results/predictions/full/clean_only/tcn/seed_29/bandpass_n20003_cLL_V1_V4_covariance_s10.npz,76252,b9bddf21a39fb578228df2db77fbd92ec97292642848a0fc1aabae45d9309cb2
tcn,clean_only,29,bandpass_n20003_cLL_V1_V4_covariance_s5,phase2/results/predictions/full/clean_only/tcn/seed_29/bandpass_n20003_cLL_V1_V4_covariance_s5.npz,76039,09f8bb5a41385d2bdcd38633c12ba06811c1fc65a255742fb12d34d76bd82cac
tcn,clean_only,29,bandpass_n20003_cLL_V1_V4_covariance_s0,phase2/results/predictions/full/clean_only/tcn/seed_29/bandpass_n20003_cLL_V1_V4_covariance_s0.npz,75858,3e4ebedce334bd29cc543fff5d1d86aa7691de9ca46096e2fca6a674da672595
tcn,clean_only,29,bandpass_n20003_call_independent_rms_s20,phase2/results/predictions/full/clean_only/tcn/seed_29/bandpass_n20003_call_independent_rms_s20.npz,76374,022663c5f01e8ef18dd4d3f8fa1165da11790121609749597f1d43518d3ec3e4
tcn,clean_only,29,bandpass_n20003_call_independent_rms_s15,phase2/results/predictions/full/clean_only/tcn/seed_29/bandpass_n20003_call_independent_rms_s15.npz,76410,5babdc229e7ccfe27e0a34a3a13467f656bbb140cd214e57662f73ae3ee7ea6c
tcn,clean_only,29,bandpass_n20003_call_independent_rms_s10,phase2/results/predictions/full/clean_only/tcn/seed_29/bandpass_n20003_call_independent_rms_s10.npz,76293,ac7d3a6a188aa205ce60c84f604aaf517180d50736a8f363ae7af7a51391be88
tcn,clean_only,29,bandpass_n20003_call_independent_rms_s5,phase2/results/predictions/full/clean_only/tcn/seed_29/bandpass_n20003_call_independent_rms_s5.npz,76173,d222a8e03ca4932d659b76fe550cb6ef387939dbef77d656017d04565f7ffdb0
tcn,clean_only,29,bandpass_n20003_call_independent_rms_s0,phase2/results/predictions/full/clean_only/tcn/seed_29/bandpass_n20003_call_independent_rms_s0.npz,75876,5b921c6fab3683a3766526e962b417fea99125fa475ecccc2bdc203d15694df4
tcn,clean_only,29,bandpass_n20003_call_electrode_s20,phase2/results/predictions/full/clean_only/tcn/seed_29/bandpass_n20003_call_electrode_s20.npz,76380,68f3fceb2f7c6d5d16c2771fcbb971bd8565ac534f4285b834525a8eeaed0f5f
tcn,clean_only,29,bandpass_n20003_call_electrode_s15,phase2/results/predictions/full/clean_only/tcn/seed_29/bandpass_n20003_call_electrode_s15.npz,76351,922672be0afc893119254c0bcfb6f735b5eb2c4b7521285a19190c4d8f085d02
tcn,clean_only,29,bandpass_n20003_call_electrode_s10,phase2/results/predictions/full/clean_only/tcn/seed_29/bandpass_n20003_call_electrode_s10.npz,76249,3ce2b2b52dd0e0770fec5bd77fc21788d72aa1203bd9610c6f1177dc16ccec2d
tcn,clean_only,29,bandpass_n20003_call_electrode_s5,phase2/results/predictions/full/clean_only/tcn/seed_29/bandpass_n20003_call_electrode_s5.npz,76010,6369152d1ada0457ff8ee57f45245fc274fceba9edd58d249f7c2a181619d478
tcn,clean_only,29,bandpass_n20003_call_electrode_s0,phase2/results/predictions/full/clean_only/tcn/seed_29/bandpass_n20003_call_electrode_s0.npz,75806,bf24115b6141cd999a190e1d0432f0ec14a33399d046a07f631695e5660db98f
tcn,clean_only,29,bandpass_n20003_call_covariance_s20,phase2/results/predictions/full/clean_only/tcn/seed_29/bandpass_n20003_call_covariance_s20.npz,76384,6c4c1eeb426d1c35041c144bfdf1b832c77747c05f3b0568a7936fb42d06fc31
tcn,clean_only,29,bandpass_n20003_call_covariance_s15,phase2/results/predictions/full/clean_only/tcn/seed_29/bandpass_n20003_call_covariance_s15.npz,76355,51075b284314b72d32a0b95aefe6831f0c1f78fbcaeadacf4a5dc7df356e19ed
tcn,clean_only,29,bandpass_n20003_call_covariance_s10,phase2/results/predictions/full/clean_only/tcn/seed_29/bandpass_n20003_call_covariance_s10.npz,76250,77722989b79e73d6f0c5e810e69b23f8715fbaca0af30a2e6875d4fcc007268c
tcn,clean_only,29,bandpass_n20003_call_covariance_s5,phase2/results/predictions/full/clean_only/tcn/seed_29/bandpass_n20003_call_covariance_s5.npz,75937,2ffb98ef64a692e25b1e1803e70420b813d13c644a72ff5b8b6090f98e25eead
tcn,clean_only,29,bandpass_n20003_call_covariance_s0,phase2/results/predictions/full/clean_only/tcn/seed_29/bandpass_n20003_call_covariance_s0.npz,75775,959d536e2536b38ffb45e327e549ade44720891de4a1ba001899960a8c6ba42d
tcn,clean_only,29,bandpass_n20004_cRA_LA_LL_independent_rms_s20,phase2/results/predictions/full/clean_only/tcn/seed_29/bandpass_n20004_cRA_LA_LL_independent_rms_s20.npz,76373,c68666cdb4ad7790c49ab9787038e2eee014eb38e3e61b0439454b3e7ce1542d
tcn,clean_only,29,bandpass_n20004_cRA_LA_LL_independent_rms_s15,phase2/results/predictions/full/clean_only/tcn/seed_29/bandpass_n20004_cRA_LA_LL_independent_rms_s15.npz,76382,0d7dd366c82c2c21e262d405e7e99501c72fb7325daf47069d66235d06d3debf
tcn,clean_only,29,bandpass_n20004_cRA_LA_LL_independent_rms_s10,phase2/results/predictions/full/clean_only/tcn/seed_29/bandpass_n20004_cRA_LA_LL_independent_rms_s10.npz,76303,07511d3b2c4b52c0f695c460c9a2d0bd071600bb485b2ce2e56038d291b93ede
tcn,clean_only,29,bandpass_n20004_cRA_LA_LL_independent_rms_s5,phase2/results/predictions/full/clean_only/tcn/seed_29/bandpass_n20004_cRA_LA_LL_independent_rms_s5.npz,76149,ac7766346b5875c23538ddf7c215ec19967244cd24b12cb3ce177e5c7f0c35a3
tcn,clean_only,29,bandpass_n20004_cRA_LA_LL_independent_rms_s0,phase2/results/predictions/full/clean_only/tcn/seed_29/bandpass_n20004_cRA_LA_LL_independent_rms_s0.npz,75875,b2a2b518682ff6e660a08b857725bfc612588e5ca77639dc12c8adfcda97dfbf
tcn,clean_only,29,bandpass_n20004_cRA_LA_LL_electrode_s20,phase2/results/predictions/full/clean_only/tcn/seed_29/bandpass_n20004_cRA_LA_LL_electrode_s20.npz,76389,6796e0f46ebab09babb1fb28f0d97fbd2b695d31c3fcd41b36da1c3bbc3c2f33
tcn,clean_only,29,bandpass_n20004_cRA_LA_LL_electrode_s15,phase2/results/predictions/full/clean_only/tcn/seed_29/bandpass_n20004_cRA_LA_LL_electrode_s15.npz,76343,6b273a7e1be2f68bc33c442658de7295236c9f2d20fa564bc174886925f35c3b
tcn,clean_only,29,bandpass_n20004_cRA_LA_LL_electrode_s10,phase2/results/predictions/full/clean_only/tcn/seed_29/bandpass_n20004_cRA_LA_LL_electrode_s10.npz,76254,d93aff14c7643864ca7ff811fcac1805ae23a7d293be186c0e39f5909d2b01a4
tcn,clean_only,29,bandpass_n20004_cRA_LA_LL_electrode_s5,phase2/results/predictions/full/clean_only/tcn/seed_29/bandpass_n20004_cRA_LA_LL_electrode_s5.npz,75945,c46fd191f8d37d18190435c3152e2e82ef3ac736a1f6df9904ef8b2086e9d885
tcn,clean_only,29,bandpass_n20004_cRA_LA_LL_electrode_s0,phase2/results/predictions/full/clean_only/tcn/seed_29/bandpass_n20004_cRA_LA_LL_electrode_s0.npz,75754,691d0b771b554f1cdba6e93e7018f9b68815d267a18dead443fb4a6572185912
tcn,clean_only,29,bandpass_n20004_cRA_LA_LL_covariance_s20,phase2/results/predictions/full/clean_only/tcn/seed_29/bandpass_n20004_cRA_LA_LL_covariance_s20.npz,76379,eeb4070f5c78787d6bca060a2f8f710f5ff6595ea5b7e0227fb327e199f4c7dd
tcn,clean_only,29,bandpass_n20004_cRA_LA_LL_covariance_s15,phase2/results/predictions/full/clean_only/tcn/seed_29/bandpass_n20004_cRA_LA_LL_covariance_s15.npz,76348,419c8aaf5aad684a57eb3ec2e137da226930410e7e2eee65fc881e3767197dc2
tcn,clean_only,29,bandpass_n20004_cRA_LA_LL_covariance_s10,phase2/results/predictions/full/clean_only/tcn/seed_29/bandpass_n20004_cRA_LA_LL_covariance_s10.npz,76226,cd707628bd56a172848a444ecbd8e170ab5b68b68dfccc7dcae0739d5794fb2f
tcn,clean_only,29,bandpass_n20004_cRA_LA_LL_covariance_s5,phase2/results/predictions/full/clean_only/tcn/seed_29/bandpass_n20004_cRA_LA_LL_covariance_s5.npz,75972,e36fc725540ebabacd6fbbbfa173bcb53e899c210db22f492fe11a37c185104f
tcn,clean_only,29,bandpass_n20004_cRA_LA_LL_covariance_s0,phase2/results/predictions/full/clean_only/tcn/seed_29/bandpass_n20004_cRA_LA_LL_covariance_s0.npz,75740,4f9296e3b1b43789fa3a1913427d994b64db6d466b09fa1e8ae3b93eb9b1385c
tcn,clean_only,29,bandpass_n20004_cV1_independent_rms_s20,phase2/results/predictions/full/clean_only/tcn/seed_29/bandpass_n20004_cV1_independent_rms_s20.npz,76394,178dc10a8e8ef67042c8d53577b005db11ca520c81d1251f082c43a66fe01735
tcn,clean_only,29,bandpass_n20004_cV1_independent_rms_s15,phase2/results/predictions/full/clean_only/tcn/seed_29/bandpass_n20004_cV1_independent_rms_s15.npz,76403,c23cba484155f02719c9c19ac1db190075baed508cceb051c80ba4d008e63c43
tcn,clean_only,29,bandpass_n20004_cV1_independent_rms_s10,phase2/results/predictions/full/clean_only/tcn/seed_29/bandpass_n20004_cV1_independent_rms_s10.npz,76251,c750d381772e45e8b08adb0957c3c2237a41cd631977de0c4a8b3645e8226887
tcn,clean_only,29,bandpass_n20004_cV1_independent_rms_s5,phase2/results/predictions/full/clean_only/tcn/seed_29/bandpass_n20004_cV1_independent_rms_s5.npz,76025,e935edea41938bf7e6c2396d0d1535db444e7b97cf21547bb9b4b67aa9ba5fe3
tcn,clean_only,29,bandpass_n20004_cV1_independent_rms_s0,phase2/results/predictions/full/clean_only/tcn/seed_29/bandpass_n20004_cV1_independent_rms_s0.npz,75692,9bdc0cf34262b0e63f735434c1835d917a0fa276abe8141b271f4a96870dc99f
tcn,clean_only,29,bandpass_n20004_cV1_electrode_s20,phase2/results/predictions/full/clean_only/tcn/seed_29/bandpass_n20004_cV1_electrode_s20.npz,76348,1c1ebff103421855eb4b3e891927811a7d27902ba4d3b7552b8905d04d8539d5
tcn,clean_only,29,bandpass_n20004_cV1_electrode_s15,phase2/results/predictions/full/clean_only/tcn/seed_29/bandpass_n20004_cV1_electrode_s15.npz,76355,ce159aeeead4d9331808a7596efbfad13ce06c81797cac75c79391e29fdceff8
tcn,clean_only,29,bandpass_n20004_cV1_electrode_s10,phase2/results/predictions/full/clean_only/tcn/seed_29/bandpass_n20004_cV1_electrode_s10.npz,76248,fb66c7439a524150d8ad65d811c3c1ce48dc1e2c26937734877313d2269253d3
tcn,clean_only,29,bandpass_n20004_cV1_electrode_s5,phase2/results/predictions/full/clean_only/tcn/seed_29/bandpass_n20004_cV1_electrode_s5.npz,75983,03b543217d21e578b6039cc2bc815eb66e6e423ee15b70686a111d824c7a5d14
tcn,clean_only,29,bandpass_n20004_cV1_electrode_s0,phase2/results/predictions/full/clean_only/tcn/seed_29/bandpass_n20004_cV1_electrode_s0.npz,75689,6d939ff05e7990ab22caaaeaa9a5676835e395916c9f93675b430ee57a6cb295
tcn,clean_only,29,bandpass_n20004_cV1_covariance_s20,phase2/results/predictions/full/clean_only/tcn/seed_29/bandpass_n20004_cV1_covariance_s20.npz,76388,8fb114d6fc9985e3fde2d7299ce2cfb9c8eeb437c23f8551610e321d0767e73c
tcn,clean_only,29,bandpass_n20004_cV1_covariance_s15,phase2/results/predictions/full/clean_only/tcn/seed_29/bandpass_n20004_cV1_covariance_s15.npz,76353,fb00015ec2df0c4c7de154289a5f9463fcfb6e0cd43ee46725900a852404a2b1
tcn,clean_only,29,bandpass_n20004_cV1_covariance_s10,phase2/results/predictions/full/clean_only/tcn/seed_29/bandpass_n20004_cV1_covariance_s10.npz,76224,db70cdfffa904c7b88d6275c5694531c5be4863f35c508f7be75cad17ef85a01
tcn,clean_only,29,bandpass_n20004_cV1_covariance_s5,phase2/results/predictions/full/clean_only/tcn/seed_29/bandpass_n20004_cV1_covariance_s5.npz,75997,31ed49d357d886a3c805aef93720cfd247313d548e4a775494de13e38e42f1ad
tcn,clean_only,29,bandpass_n20004_cV1_covariance_s0,phase2/results/predictions/full/clean_only/tcn/seed_29/bandpass_n20004_cV1_covariance_s0.npz,75683,ceee2dc74fada118ce6a09fecb22999d907be2df2534009db443e81fa81bcd62
tcn,clean_only,29,bandpass_n20004_cV2_independent_rms_s20,phase2/results/predictions/full/clean_only/tcn/seed_29/bandpass_n20004_cV2_independent_rms_s20.npz,76390,a8831a56e9576b4bb48800fc3a9ecf4658b4966ab992d328736716bd5ce32e1a
tcn,clean_only,29,bandpass_n20004_cV2_independent_rms_s15,phase2/results/predictions/full/clean_only/tcn/seed_29/bandpass_n20004_cV2_independent_rms_s15.npz,76392,1f51f66111117904085a41fb146407dbc9af7db8a9b5269f3bb7d2027f62dbc1
tcn,clean_only,29,bandpass_n20004_cV2_independent_rms_s10,phase2/results/predictions/full/clean_only/tcn/seed_29/bandpass_n20004_cV2_independent_rms_s10.npz,76320,83a69af70921088fadb4b66f47b87ee52f0d63422eb3bb7076dd485c7cf387ac
tcn,clean_only,29,bandpass_n20004_cV2_independent_rms_s5,phase2/results/predictions/full/clean_only/tcn/seed_29/bandpass_n20004_cV2_independent_rms_s5.npz,76165,54dc5b3855245b9e15805d4e506626e6c35114f5a1c23fa21d653951d6e579c2
tcn,clean_only,29,bandpass_n20004_cV2_independent_rms_s0,phase2/results/predictions/full/clean_only/tcn/seed_29/bandpass_n20004_cV2_independent_rms_s0.npz,75879,a896b57ac0fb49947c1b2a5fb4aa0586cd63f78a6a31b675501be2e3afe9d124
tcn,clean_only,29,bandpass_n20004_cV2_electrode_s20,phase2/results/predictions/full/clean_only/tcn/seed_29/bandpass_n20004_cV2_electrode_s20.npz,76336,4c2cb83ab5aa18b53ba725165edfb36e6f41fbfe797670b29aea25c1fe2f90f0
tcn,clean_only,29,bandpass_n20004_cV2_electrode_s15,phase2/results/predictions/full/clean_only/tcn/seed_29/bandpass_n20004_cV2_electrode_s15.npz,76360,24d7e79a9e25715f630599b3dac4b85c975920566ec0d54797bb4dc91171f82b
tcn,clean_only,29,bandpass_n20004_cV2_electrode_s10,phase2/results/predictions/full/clean_only/tcn/seed_29/bandpass_n20004_cV2_electrode_s10.npz,76284,c08387afd1e57123931b169eff6cb17e94b65b5d74c7e3fb1af7c7b80ad4c730
tcn,clean_only,29,bandpass_n20004_cV2_electrode_s5,phase2/results/predictions/full/clean_only/tcn/seed_29/bandpass_n20004_cV2_electrode_s5.npz,76144,e74ef9356f3e95e139015ecc0301d38d34d156ba429ae6573b39a353b85f3884
tcn,clean_only,29,bandpass_n20004_cV2_electrode_s0,phase2/results/predictions/full/clean_only/tcn/seed_29/bandpass_n20004_cV2_electrode_s0.npz,75882,8a3cdb643206c827901e50f84cc60021a77155106e31c916b7b3e14deae08e8c
tcn,clean_only,29,bandpass_n20004_cV2_covariance_s20,phase2/results/predictions/full/clean_only/tcn/seed_29/bandpass_n20004_cV2_covariance_s20.npz,76356,aaea8a65c2ff0188a6178e2ef5a3b91c232161ce3f0da3a525b53266ded736cc
tcn,clean_only,29,bandpass_n20004_cV2_covariance_s15,phase2/results/predictions/full/clean_only/tcn/seed_29/bandpass_n20004_cV2_covariance_s15.npz,76381,edc14532fa35e62f5b4706b3a20e4c7a479299a1c30539d963c06f177adab659
tcn,clean_only,29,bandpass_n20004_cV2_covariance_s10,phase2/results/predictions/full/clean_only/tcn/seed_29/bandpass_n20004_cV2_covariance_s10.npz,76303,9cbde031b0aa1aceac25c673da6b4d78d78091e7bbbf954139e391384773f536
tcn,clean_only,29,bandpass_n20004_cV2_covariance_s5,phase2/results/predictions/full/clean_only/tcn/seed_29/bandpass_n20004_cV2_covariance_s5.npz,76184,c1f09d57527d62e045334d95f5c0b45bbcaec9896fa71dc14386586f7ee54de9
tcn,clean_only,29,bandpass_n20004_cV2_covariance_s0,phase2/results/predictions/full/clean_only/tcn/seed_29/bandpass_n20004_cV2_covariance_s0.npz,75859,766696d978ec8c17eef9f5e7b5fb3576baeb55564baf2d3e28fe9463bd4c010b
tcn,clean_only,29,bandpass_n20004_cV3_independent_rms_s20,phase2/results/predictions/full/clean_only/tcn/seed_29/bandpass_n20004_cV3_independent_rms_s20.npz,76414,f8ddfd3ab21417c8576447f89d685ef41d81693e30f0e8844d878f79b507ee02
tcn,clean_only,29,bandpass_n20004_cV3_independent_rms_s15,phase2/results/predictions/full/clean_only/tcn/seed_29/bandpass_n20004_cV3_independent_rms_s15.npz,76386,a87cd981e41fa93342ceec2b347d2b6687f8d03b5159a221bceac7db677498f2
tcn,clean_only,29,bandpass_n20004_cV3_independent_rms_s10,phase2/results/predictions/full/clean_only/tcn/seed_29/bandpass_n20004_cV3_independent_rms_s10.npz,76369,83765663c71dd7eecc9c6aece6a37c3cab31f24af0ce69d74603779c78c228ff
tcn,clean_only,29,bandpass_n20004_cV3_independent_rms_s5,phase2/results/predictions/full/clean_only/tcn/seed_29/bandpass_n20004_cV3_independent_rms_s5.npz,76346,40adf7d9668e01ada79f2760c3da31bab369ebb31f94998e7b7a1683472721bb
tcn,clean_only,29,bandpass_n20004_cV3_independent_rms_s0,phase2/results/predictions/full/clean_only/tcn/seed_29/bandpass_n20004_cV3_independent_rms_s0.npz,76184,b5e1fe9d4b6c5def6e394fe8ad964a97457f08e8d80f9ad5d6c5c4ea250e2e16
tcn,clean_only,29,bandpass_n20004_cV3_electrode_s20,phase2/results/predictions/full/clean_only/tcn/seed_29/bandpass_n20004_cV3_electrode_s20.npz,76365,6131b686ce3e6b1814a8d2b91e03e1ad5d0e5c73ade7c063eb17314ecdd15ba1
tcn,clean_only,29,bandpass_n20004_cV3_electrode_s15,phase2/results/predictions/full/clean_only/tcn/seed_29/bandpass_n20004_cV3_electrode_s15.npz,76369,6bf4bd8f7257ef62540c8ae7dd19b299dd3d92d426f75985ca1e232618f2e733
tcn,clean_only,29,bandpass_n20004_cV3_electrode_s10,phase2/results/predictions/full/clean_only/tcn/seed_29/bandpass_n20004_cV3_electrode_s10.npz,76344,b82bc07fe93c30955a8470e0a22df986673d6e45b13e7f682058c8eaf8f2bb38
tcn,clean_only,29,bandpass_n20004_cV3_electrode_s5,phase2/results/predictions/full/clean_only/tcn/seed_29/bandpass_n20004_cV3_electrode_s5.npz,76317,0a06cdb267ca641ae60647831d0de2e2884107abcdf26eae1acae4c84cd33af2
tcn,clean_only,29,bandpass_n20004_cV3_electrode_s0,phase2/results/predictions/full/clean_only/tcn/seed_29/bandpass_n20004_cV3_electrode_s0.npz,76166,207fb2ecd297f3f5a532944bbfc55b523df483e6908acf60b8711fde73728b3c
tcn,clean_only,29,bandpass_n20004_cV3_covariance_s20,phase2/results/predictions/full/clean_only/tcn/seed_29/bandpass_n20004_cV3_covariance_s20.npz,76394,983ff6a9c855d8f56dbcb6393733d24a9ed86a6ce8180a9b5b24f69d05aedebb
tcn,clean_only,29,bandpass_n20004_cV3_covariance_s15,phase2/results/predictions/full/clean_only/tcn/seed_29/bandpass_n20004_cV3_covariance_s15.npz,76340,6af99710aa7592eba60409ce6289f8c49fce30bbaf721cd917b63157232b6133
tcn,clean_only,29,bandpass_n20004_cV3_covariance_s10,phase2/results/predictions/full/clean_only/tcn/seed_29/bandpass_n20004_cV3_covariance_s10.npz,76348,28c9186325814b3933bf86c969d4c16220bc11f2c6894ce0b938bbfa6c29fb8a
tcn,clean_only,29,bandpass_n20004_cV3_covariance_s5,phase2/results/predictions/full/clean_only/tcn/seed_29/bandpass_n20004_cV3_covariance_s5.npz,76333,2bed3c627110eaee10998cc841a0c9c140788b3e2c9f77c1866b82e5fb3c163e
tcn,clean_only,29,bandpass_n20004_cV3_covariance_s0,phase2/results/predictions/full/clean_only/tcn/seed_29/bandpass_n20004_cV3_covariance_s0.npz,76160,a7ee645bfb6dc2aa17eeee8bdb7510e53d5095949c00b6978dd0f99d8cf01ba8
tcn,clean_only,29,bandpass_n20004_cV4_independent_rms_s20,phase2/results/predictions/full/clean_only/tcn/seed_29/bandpass_n20004_cV4_independent_rms_s20.npz,76389,803e6c5fa68e20cae141d17e58561fe59df68c576437be97513acbcb434b01a8
tcn,clean_only,29,bandpass_n20004_cV4_independent_rms_s15,phase2/results/predictions/full/clean_only/tcn/seed_29/bandpass_n20004_cV4_independent_rms_s15.npz,76419,c2a40e0106d76ab4fa2cc2a18d08c143516a62ddc238983783eabd1776947e6f
tcn,clean_only,29,bandpass_n20004_cV4_independent_rms_s10,phase2/results/predictions/full/clean_only/tcn/seed_29/bandpass_n20004_cV4_independent_rms_s10.npz,76371,0eea119cef61b258190e89eb9599cc53781175b2fa20629daf5bd1ddb8caf607
tcn,clean_only,29,bandpass_n20004_cV4_independent_rms_s5,phase2/results/predictions/full/clean_only/tcn/seed_29/bandpass_n20004_cV4_independent_rms_s5.npz,76227,86f6bd228946e116ee74da8857a76a4cc095cb14af2f01a3fb7f56c2fa4ca899
tcn,clean_only,29,bandpass_n20004_cV4_independent_rms_s0,phase2/results/predictions/full/clean_only/tcn/seed_29/bandpass_n20004_cV4_independent_rms_s0.npz,76073,ae6a69e4a84b79bd99a5a090333639ae6565df0b8884c6f0c295f67b7de4259e
tcn,clean_only,29,bandpass_n20004_cV4_electrode_s20,phase2/results/predictions/full/clean_only/tcn/seed_29/bandpass_n20004_cV4_electrode_s20.npz,76375,b6ae63dfc0a36d4166a38b2e55db29cb874057d5e7fcaaef418f7ac90785d006
tcn,clean_only,29,bandpass_n20004_cV4_electrode_s15,phase2/results/predictions/full/clean_only/tcn/seed_29/bandpass_n20004_cV4_electrode_s15.npz,76396,42a3250cbd1e79694068a039e0bd1245aaf8f8d650a79f504aa6cf5370d0e797
tcn,clean_only,29,bandpass_n20004_cV4_electrode_s10,phase2/results/predictions/full/clean_only/tcn/seed_29/bandpass_n20004_cV4_electrode_s10.npz,76366,f7982e8a690cb3547987e67d9718543c1aa37f4d8447d0eb37380167b3ffbdc6
tcn,clean_only,29,bandpass_n20004_cV4_electrode_s5,phase2/results/predictions/full/clean_only/tcn/seed_29/bandpass_n20004_cV4_electrode_s5.npz,76243,19c20a76cd368fab9d6f713566d918e2653f688cd7f061cdfa511ecb50a93f50
tcn,clean_only,29,bandpass_n20004_cV4_electrode_s0,phase2/results/predictions/full/clean_only/tcn/seed_29/bandpass_n20004_cV4_electrode_s0.npz,76046,946fb2183abc11cd6197a3ec93bd849cd879ce9ae0715efc1604759ec1915655
tcn,clean_only,29,bandpass_n20004_cV4_covariance_s20,phase2/results/predictions/full/clean_only/tcn/seed_29/bandpass_n20004_cV4_covariance_s20.npz,76373,9d64a8fa1fea2a8015e4e443db813eff111295d986890020d3a426089f61a286
tcn,clean_only,29,bandpass_n20004_cV4_covariance_s15,phase2/results/predictions/full/clean_only/tcn/seed_29/bandpass_n20004_cV4_covariance_s15.npz,76360,c3bc056ac0a9f5b4f76d01cf956bc1f60aad8156bb01e3a40fd4612233d8e5fc
tcn,clean_only,29,bandpass_n20004_cV4_covariance_s10,phase2/results/predictions/full/clean_only/tcn/seed_29/bandpass_n20004_cV4_covariance_s10.npz,76358,c8e84b0369be56580250f8868fc70f25013514c150784bddb723a4da7ec70e6e
tcn,clean_only,29,bandpass_n20004_cV4_covariance_s5,phase2/results/predictions/full/clean_only/tcn/seed_29/bandpass_n20004_cV4_covariance_s5.npz,76199,fc5b1dcb902028e52fad2023a1fa637131ac54d49bbe800ed0bdcbd362323414
tcn,clean_only,29,bandpass_n20004_cV4_covariance_s0,phase2/results/predictions/full/clean_only/tcn/seed_29/bandpass_n20004_cV4_covariance_s0.npz,76040,4168365fac06c31666c45aad8e45830bb5b523b198a756e692ea000c2cae7f0e
tcn,clean_only,29,bandpass_n20004_cV5_independent_rms_s20,phase2/results/predictions/full/clean_only/tcn/seed_29/bandpass_n20004_cV5_independent_rms_s20.npz,76396,0f33c3e02a116aa4fbe53156b1fa0ec713f8363679a4773cf28e63b863f8fe2c
tcn,clean_only,29,bandpass_n20004_cV5_independent_rms_s15,phase2/results/predictions/full/clean_only/tcn/seed_29/bandpass_n20004_cV5_independent_rms_s15.npz,76399,1c1698b71a98913a2a0a9c78e33627ca8c9bc33a3c06b1a6bbe36de38d8ffb97
tcn,clean_only,29,bandpass_n20004_cV5_independent_rms_s10,phase2/results/predictions/full/clean_only/tcn/seed_29/bandpass_n20004_cV5_independent_rms_s10.npz,76373,b12a5dbf0f5a26cb584ae7963aef5a9412332df36b2c2f7d2a27fbc45c2dc4ed
tcn,clean_only,29,bandpass_n20004_cV5_independent_rms_s5,phase2/results/predictions/full/clean_only/tcn/seed_29/bandpass_n20004_cV5_independent_rms_s5.npz,76211,e7cb458176573b805d78570537eef46836985ac7405dacc6c399444a645dd5aa
tcn,clean_only,29,bandpass_n20004_cV5_independent_rms_s0,phase2/results/predictions/full/clean_only/tcn/seed_29/bandpass_n20004_cV5_independent_rms_s0.npz,75965,0ca0c104464a780423d4c6f4be167dedd32816a9ebc47947e9cbf492483ca273
tcn,clean_only,29,bandpass_n20004_cV5_electrode_s20,phase2/results/predictions/full/clean_only/tcn/seed_29/bandpass_n20004_cV5_electrode_s20.npz,76358,21c9d3232b957e314532869e0619cbee4699b908f48ca09f51a8b49eebd22a59
tcn,clean_only,29,bandpass_n20004_cV5_electrode_s15,phase2/results/predictions/full/clean_only/tcn/seed_29/bandpass_n20004_cV5_electrode_s15.npz,76402,32ef577b5cd03474625d30ff4bb4aca3d6ce73cc85c4f1c3047febe3812a426b
tcn,clean_only,29,bandpass_n20004_cV5_electrode_s10,phase2/results/predictions/full/clean_only/tcn/seed_29/bandpass_n20004_cV5_electrode_s10.npz,76364,633e86b6963a8cf22a3dba8de2fa9d44d726e22e21200c1e13241bb032fb0795
tcn,clean_only,29,bandpass_n20004_cV5_electrode_s5,phase2/results/predictions/full/clean_only/tcn/seed_29/bandpass_n20004_cV5_electrode_s5.npz,76212,72a0b6588826e97e3adf8bb0849b998840e1b977489a1e5a7778c30770f87ad3
tcn,clean_only,29,bandpass_n20004_cV5_electrode_s0,phase2/results/predictions/full/clean_only/tcn/seed_29/bandpass_n20004_cV5_electrode_s0.npz,75966,d720b74229a3af5dfdc8439fb48c0300708aef0acf118209a21eeb2094de10a4
tcn,clean_only,29,bandpass_n20004_cV5_covariance_s20,phase2/results/predictions/full/clean_only/tcn/seed_29/bandpass_n20004_cV5_covariance_s20.npz,76376,806abadd9ddf642c35335d4b56c2a109ad72718de8bfe3094fb67f6b2859ef3f
tcn,clean_only,29,bandpass_n20004_cV5_covariance_s15,phase2/results/predictions/full/clean_only/tcn/seed_29/bandpass_n20004_cV5_covariance_s15.npz,76404,b952b89d411df933d018ba92960753803b2d59f604269f48cf4a6e89baf7f3af
tcn,clean_only,29,bandpass_n20004_cV5_covariance_s10,phase2/results/predictions/full/clean_only/tcn/seed_29/bandpass_n20004_cV5_covariance_s10.npz,76382,9a096c6403c63a08c1e3398a7f385017c3c03f3ddae1952c8dd640039da49964
tcn,clean_only,29,bandpass_n20004_cV5_covariance_s5,phase2/results/predictions/full/clean_only/tcn/seed_29/bandpass_n20004_cV5_covariance_s5.npz,76231,b3d1ba2f3836515c948640f6b0e607d1c79e7da50498f02a27201343c356ebea
tcn,clean_only,29,bandpass_n20004_cV5_covariance_s0,phase2/results/predictions/full/clean_only/tcn/seed_29/bandpass_n20004_cV5_covariance_s0.npz,75970,3c15830d9205c9687dc2b72373e01897d707bab7b98b99b098f64c3987aaca31
tcn,clean_only,29,bandpass_n20004_cV6_independent_rms_s20,phase2/results/predictions/full/clean_only/tcn/seed_29/bandpass_n20004_cV6_independent_rms_s20.npz,76371,b391f23f0d7d29988200ef88738a80a835a7aed8ebdff36ac70b22ee9d40eda9
tcn,clean_only,29,bandpass_n20004_cV6_independent_rms_s15,phase2/results/predictions/full/clean_only/tcn/seed_29/bandpass_n20004_cV6_independent_rms_s15.npz,76413,bd1512ef08b084af79af8bdbbc9ea4ec04c4464b7ad5b7f9d4f257dbdb48c509
tcn,clean_only,29,bandpass_n20004_cV6_independent_rms_s10,phase2/results/predictions/full/clean_only/tcn/seed_29/bandpass_n20004_cV6_independent_rms_s10.npz,76344,a12629ba649ce653ab437b67336b34af62abf94945ac1298b38d8d78581cb74d
tcn,clean_only,29,bandpass_n20004_cV6_independent_rms_s5,phase2/results/predictions/full/clean_only/tcn/seed_29/bandpass_n20004_cV6_independent_rms_s5.npz,76234,dad268869d6f131399f1fe4435e66d5513ce651297e672c6c87dc9969313b968
tcn,clean_only,29,bandpass_n20004_cV6_independent_rms_s0,phase2/results/predictions/full/clean_only/tcn/seed_29/bandpass_n20004_cV6_independent_rms_s0.npz,75912,c0704bcebb241922cb0d795c9e657e39d131dec83f12838ad4def63c81cd7f93
tcn,clean_only,29,bandpass_n20004_cV6_electrode_s20,phase2/results/predictions/full/clean_only/tcn/seed_29/bandpass_n20004_cV6_electrode_s20.npz,76376,7f27fd4e21f24f9db087697419739ff003baf07da08ccb92e484cce6d3644571
tcn,clean_only,29,bandpass_n20004_cV6_electrode_s15,phase2/results/predictions/full/clean_only/tcn/seed_29/bandpass_n20004_cV6_electrode_s15.npz,76375,9e662fc22742de87ed9d896810de4ed6820aff20330b43361a159005db5452d3
tcn,clean_only,29,bandpass_n20004_cV6_electrode_s10,phase2/results/predictions/full/clean_only/tcn/seed_29/bandpass_n20004_cV6_electrode_s10.npz,76322,2cd54a720b35689d5484d1918341478a103ebc6a4a7e53d85e1e49a960262eb5
tcn,clean_only,29,bandpass_n20004_cV6_electrode_s5,phase2/results/predictions/full/clean_only/tcn/seed_29/bandpass_n20004_cV6_electrode_s5.npz,76189,2bddb53c5e2457c5c4f30ece3729761011dde4cb97a7323dc0a9469affff9ca7
tcn,clean_only,29,bandpass_n20004_cV6_electrode_s0,phase2/results/predictions/full/clean_only/tcn/seed_29/bandpass_n20004_cV6_electrode_s0.npz,75910,7aa055c93ee7d8076031b1f1bc1dabee4e7f8730bd1faa042d51df4f1c7c3b2a
tcn,clean_only,29,bandpass_n20004_cV6_covariance_s20,phase2/results/predictions/full/clean_only/tcn/seed_29/bandpass_n20004_cV6_covariance_s20.npz,76369,a03fb188f888872406aa51c016826e3c63c8ae50dee63e7ee7177d9d34c417b3
tcn,clean_only,29,bandpass_n20004_cV6_covariance_s15,phase2/results/predictions/full/clean_only/tcn/seed_29/bandpass_n20004_cV6_covariance_s15.npz,76352,cc6b3dec23e7391ccfb826eb7aca2e4b345a57a97f8b6ad77edea7630ef098a8
tcn,clean_only,29,bandpass_n20004_cV6_covariance_s10,phase2/results/predictions/full/clean_only/tcn/seed_29/bandpass_n20004_cV6_covariance_s10.npz,76338,9de9b8699780ee0f54e5d52735e6c7c1fe2578c009f9b82cff810201485e6a6e
tcn,clean_only,29,bandpass_n20004_cV6_covariance_s5,phase2/results/predictions/full/clean_only/tcn/seed_29/bandpass_n20004_cV6_covariance_s5.npz,76233,b9007fb226cb6df6e26be6a12a02a46b97c2e7d22a98c13c67d0c5af66e90b86
tcn,clean_only,29,bandpass_n20004_cV6_covariance_s0,phase2/results/predictions/full/clean_only/tcn/seed_29/bandpass_n20004_cV6_covariance_s0.npz,75930,c0662f0f573e6d01d3a6a1fcb06ac55197e9171f5fb07ef200f7fefc878f66e4
tcn,clean_only,29,bandpass_n20004_cRA_LA_independent_rms_s20,phase2/results/predictions/full/clean_only/tcn/seed_29/bandpass_n20004_cRA_LA_independent_rms_s20.npz,76396,ef68eadf3519cb6eab0a32a6c15b172ca59c15d989951ddb7f9190c2d7e04809
tcn,clean_only,29,bandpass_n20004_cRA_LA_independent_rms_s15,phase2/results/predictions/full/clean_only/tcn/seed_29/bandpass_n20004_cRA_LA_independent_rms_s15.npz,76382,8feb3e7b86694ada9a898f1e3a661f62ea49a4785d0ebe22f7966f9ef3036d6e
tcn,clean_only,29,bandpass_n20004_cRA_LA_independent_rms_s10,phase2/results/predictions/full/clean_only/tcn/seed_29/bandpass_n20004_cRA_LA_independent_rms_s10.npz,76333,f764def87e59b238999d96a174111a48f98140b905e23a6d328e429131d50edd
tcn,clean_only,29,bandpass_n20004_cRA_LA_independent_rms_s5,phase2/results/predictions/full/clean_only/tcn/seed_29/bandpass_n20004_cRA_LA_independent_rms_s5.npz,76140,869bde5af9d440a5caf002e979ed84bf7936ed3997626783371473e128fae0b1
tcn,clean_only,29,bandpass_n20004_cRA_LA_independent_rms_s0,phase2/results/predictions/full/clean_only/tcn/seed_29/bandpass_n20004_cRA_LA_independent_rms_s0.npz,75850,a1dc434892ee8b9e9d201a87e6763c56c7e8e8bba448727ef06b469fa5db448b
tcn,clean_only,29,bandpass_n20004_cRA_LA_electrode_s20,phase2/results/predictions/full/clean_only/tcn/seed_29/bandpass_n20004_cRA_LA_electrode_s20.npz,76399,6cd8164ea27e2a32e205f0ab3ddedbeaecd7167a2195b6b91e18feae26634599
tcn,clean_only,29,bandpass_n20004_cRA_LA_electrode_s15,phase2/results/predictions/full/clean_only/tcn/seed_29/bandpass_n20004_cRA_LA_electrode_s15.npz,76356,b843f8191ea845fb0f6d2916c0da319c836aaa0f9b306e49579a3306a46f049b
tcn,clean_only,29,bandpass_n20004_cRA_LA_electrode_s10,phase2/results/predictions/full/clean_only/tcn/seed_29/bandpass_n20004_cRA_LA_electrode_s10.npz,76210,fe74f90aa7da3767084c1ae3718fff25b15b687afded1189ded70f96e217be09
tcn,clean_only,29,bandpass_n20004_cRA_LA_electrode_s5,phase2/results/predictions/full/clean_only/tcn/seed_29/bandpass_n20004_cRA_LA_electrode_s5.npz,75975,fdd5a0f2c90f1d6f4c569caa2913bb404c8b230708e9ee420481da07e0dd1da5
tcn,clean_only,29,bandpass_n20004_cRA_LA_electrode_s0,phase2/results/predictions/full/clean_only/tcn/seed_29/bandpass_n20004_cRA_LA_electrode_s0.npz,75718,3716d8b9f85c913871b7275ae33803a01315325ca0642003b7b66470a4e8247b
tcn,clean_only,29,bandpass_n20004_cRA_LA_covariance_s20,phase2/results/predictions/full/clean_only/tcn/seed_29/bandpass_n20004_cRA_LA_covariance_s20.npz,76349,c5c3726c45e690c8fa945998d8b77bfcd0ea268866ed9102135778f3b5bf3e47
tcn,clean_only,29,bandpass_n20004_cRA_LA_covariance_s15,phase2/results/predictions/full/clean_only/tcn/seed_29/bandpass_n20004_cRA_LA_covariance_s15.npz,76391,198d42e052a1d44237db16c9e1cc12e27bcd145e7bd62ad346965c77ec3a611d
tcn,clean_only,29,bandpass_n20004_cRA_LA_covariance_s10,phase2/results/predictions/full/clean_only/tcn/seed_29/bandpass_n20004_cRA_LA_covariance_s10.npz,76249,eaef97f7bf482bf52d6a45fe74968e799197b1402d03e619a1867c852be3fb37
tcn,clean_only,29,bandpass_n20004_cRA_LA_covariance_s5,phase2/results/predictions/full/clean_only/tcn/seed_29/bandpass_n20004_cRA_LA_covariance_s5.npz,75981,5df902d279173af9889398b607ad6bb4d30c875b40fffeb11ab78a242ed53e0d
tcn,clean_only,29,bandpass_n20004_cRA_LA_covariance_s0,phase2/results/predictions/full/clean_only/tcn/seed_29/bandpass_n20004_cRA_LA_covariance_s0.npz,75720,cbb0e9b194f52b7a2fe97dfdcd6fd303c110a876a6d2be0227e57bc0c6d13280
tcn,clean_only,29,bandpass_n20004_cLA_LL_independent_rms_s20,phase2/results/predictions/full/clean_only/tcn/seed_29/bandpass_n20004_cLA_LL_independent_rms_s20.npz,76399,ebb0969b447d1f3d2e9436a0bde70787cb61946e16999ae0046841faf72ba198
tcn,clean_only,29,bandpass_n20004_cLA_LL_independent_rms_s15,phase2/results/predictions/full/clean_only/tcn/seed_29/bandpass_n20004_cLA_LL_independent_rms_s15.npz,76420,5c3a721a52fa744992d6997e1fc6f2169defc04c58569559bbc59722bed49b7a
tcn,clean_only,29,bandpass_n20004_cLA_LL_independent_rms_s10,phase2/results/predictions/full/clean_only/tcn/seed_29/bandpass_n20004_cLA_LL_independent_rms_s10.npz,76279,140bb20df59c11bf29860ea5dc028cf060a4687ea6dd055581d22d55f631e800
tcn,clean_only,29,bandpass_n20004_cLA_LL_independent_rms_s5,phase2/results/predictions/full/clean_only/tcn/seed_29/bandpass_n20004_cLA_LL_independent_rms_s5.npz,76168,b5668fba10b3871141524b93d24d29168286686bf92813bea4c9b29853a70296
tcn,clean_only,29,bandpass_n20004_cLA_LL_independent_rms_s0,phase2/results/predictions/full/clean_only/tcn/seed_29/bandpass_n20004_cLA_LL_independent_rms_s0.npz,75857,489b9da844e63ef88f8b83a1109e3fda04f4694c5cf43498f6559d867b38f656
tcn,clean_only,29,bandpass_n20004_cLA_LL_electrode_s20,phase2/results/predictions/full/clean_only/tcn/seed_29/bandpass_n20004_cLA_LL_electrode_s20.npz,76392,bec2962e1b10b104eced6e748cbd33b90a276a52efb38378503e6e9873688f00
tcn,clean_only,29,bandpass_n20004_cLA_LL_electrode_s15,phase2/results/predictions/full/clean_only/tcn/seed_29/bandpass_n20004_cLA_LL_electrode_s15.npz,76354,5e074258a5b7e85fcc245c829ae3c5b17cf92d832fd7a8697e93c82149067ff1
tcn,clean_only,29,bandpass_n20004_cLA_LL_electrode_s10,phase2/results/predictions/full/clean_only/tcn/seed_29/bandpass_n20004_cLA_LL_electrode_s10.npz,76243,4a91d34c68c345549da358ab1d194c8f20a12a4d397079be8998fc7dd7ba4ef4
tcn,clean_only,29,bandpass_n20004_cLA_LL_electrode_s5,phase2/results/predictions/full/clean_only/tcn/seed_29/bandpass_n20004_cLA_LL_electrode_s5.npz,75995,3a51def716e2b9a2372735d813d3785ed40eec2def5e72096a3af2662b82f36d
tcn,clean_only,29,bandpass_n20004_cLA_LL_electrode_s0,phase2/results/predictions/full/clean_only/tcn/seed_29/bandpass_n20004_cLA_LL_electrode_s0.npz,75881,7927d668e6f224a56646eb708fc78bd51f78e2778b284c9aedbc30be569307d3
tcn,clean_only,29,bandpass_n20004_cLA_LL_covariance_s20,phase2/results/predictions/full/clean_only/tcn/seed_29/bandpass_n20004_cLA_LL_covariance_s20.npz,76375,c12774d17a73ee7898763baa32bdb61eaaa97f56ac5319cc5c665ab147c88332
tcn,clean_only,29,bandpass_n20004_cLA_LL_covariance_s15,phase2/results/predictions/full/clean_only/tcn/seed_29/bandpass_n20004_cLA_LL_covariance_s15.npz,76370,a94ad4ad603eddafaa36000170f7093e139bbdf8e1edcb7ac5752f39dea2754a
tcn,clean_only,29,bandpass_n20004_cLA_LL_covariance_s10,phase2/results/predictions/full/clean_only/tcn/seed_29/bandpass_n20004_cLA_LL_covariance_s10.npz,76225,aacd1d27537990d2aa03ac8ca09983c173bbf76d19dcc0dc78e93310ffef4418
tcn,clean_only,29,bandpass_n20004_cLA_LL_covariance_s5,phase2/results/predictions/full/clean_only/tcn/seed_29/bandpass_n20004_cLA_LL_covariance_s5.npz,75984,eebfd2f311b011a14272ec88dffa18b50ffa540ff8fd87304bf30410ac9a553b
tcn,clean_only,29,bandpass_n20004_cLA_LL_covariance_s0,phase2/results/predictions/full/clean_only/tcn/seed_29/bandpass_n20004_cLA_LL_covariance_s0.npz,75868,24f4071f0c8fdd7c3cfcd80f16c4a606a4e661a84388066cf13c179995d615f6
tcn,clean_only,29,bandpass_n20004_cRA_LL_independent_rms_s20,phase2/results/predictions/full/clean_only/tcn/seed_29/bandpass_n20004_cRA_LL_independent_rms_s20.npz,76365,4e3e6eeaa593496afd767add82a413a6e87579899e05d35a506e143b0b1dd164
tcn,clean_only,29,bandpass_n20004_cRA_LL_independent_rms_s15,phase2/results/predictions/full/clean_only/tcn/seed_29/bandpass_n20004_cRA_LL_independent_rms_s15.npz,76362,034ab3e73cea4bd22acf527fd2669f20ca1e94354c62bf3e2361b70668bd5508
tcn,clean_only,29,bandpass_n20004_cRA_LL_independent_rms_s10,phase2/results/predictions/full/clean_only/tcn/seed_29/bandpass_n20004_cRA_LL_independent_rms_s10.npz,76331,8bb4bba75840f7abc59884cb530efe8ca50239a19e37d037be305caeefb26cc9
tcn,clean_only,29,bandpass_n20004_cRA_LL_independent_rms_s5,phase2/results/predictions/full/clean_only/tcn/seed_29/bandpass_n20004_cRA_LL_independent_rms_s5.npz,76136,cdc6be05accaeb771b077086dcf9c23ca1b4fbdb5c8003b3aff6b347613c7111
tcn,clean_only,29,bandpass_n20004_cRA_LL_independent_rms_s0,phase2/results/predictions/full/clean_only/tcn/seed_29/bandpass_n20004_cRA_LL_independent_rms_s0.npz,75865,731e5121b0efc67734c7b2423e5cbb5b81b3962d0ecd619d430bd369efe81940
tcn,clean_only,29,bandpass_n20004_cRA_LL_electrode_s20,phase2/results/predictions/full/clean_only/tcn/seed_29/bandpass_n20004_cRA_LL_electrode_s20.npz,76385,e5dc5efd5ad6cc8533e99a3d101d8abde53e6def2f02d3ce7fb55dbcb6051223
tcn,clean_only,29,bandpass_n20004_cRA_LL_electrode_s15,phase2/results/predictions/full/clean_only/tcn/seed_29/bandpass_n20004_cRA_LL_electrode_s15.npz,76307,f8b5b73d262f7a253d5bb0fb161a3d6e4d80b076b6f6b6dd94202665ff6822c2
tcn,clean_only,29,bandpass_n20004_cRA_LL_electrode_s10,phase2/results/predictions/full/clean_only/tcn/seed_29/bandpass_n20004_cRA_LL_electrode_s10.npz,76215,20f1330615623dc6dd4c994a99143de45ce87a4ff58d2c4ee681d679e711c8ee
tcn,clean_only,29,bandpass_n20004_cRA_LL_electrode_s5,phase2/results/predictions/full/clean_only/tcn/seed_29/bandpass_n20004_cRA_LL_electrode_s5.npz,75940,07157e55d22ef31fe577c5ce7bb8cce7f4e5400c4b6e3577cf6f817a007b840a
tcn,clean_only,29,bandpass_n20004_cRA_LL_electrode_s0,phase2/results/predictions/full/clean_only/tcn/seed_29/bandpass_n20004_cRA_LL_electrode_s0.npz,75718,f0d181c4b96d60e79b751ce2dfc2911103c2d0d6bba8711139d247b1b9706a52
tcn,clean_only,29,bandpass_n20004_cRA_LL_covariance_s20,phase2/results/predictions/full/clean_only/tcn/seed_29/bandpass_n20004_cRA_LL_covariance_s20.npz,76407,80c2b30098f067ffcf6aca419a20961b4a6a80a044e30a8b8e7ca6cb8f9a182e
tcn,clean_only,29,bandpass_n20004_cRA_LL_covariance_s15,phase2/results/predictions/full/clean_only/tcn/seed_29/bandpass_n20004_cRA_LL_covariance_s15.npz,76338,51db8acc1ca93f292b857270351e6a33aca783e330ccf294094f0bc78508509b
tcn,clean_only,29,bandpass_n20004_cRA_LL_covariance_s10,phase2/results/predictions/full/clean_only/tcn/seed_29/bandpass_n20004_cRA_LL_covariance_s10.npz,76227,b66875cf17c1b7c9f3361af8cdfea174e922b74772851a256e24d4143b891056
tcn,clean_only,29,bandpass_n20004_cRA_LL_covariance_s5,phase2/results/predictions/full/clean_only/tcn/seed_29/bandpass_n20004_cRA_LL_covariance_s5.npz,75947,603f545c6ccc3432f8b26dba28246263ff180700ee96f3e553de5fd13c22c571
tcn,clean_only,29,bandpass_n20004_cRA_LL_covariance_s0,phase2/results/predictions/full/clean_only/tcn/seed_29/bandpass_n20004_cRA_LL_covariance_s0.npz,75745,06bd05e4bbc8816449380ef6de4dcb17da07c7c9bbd79e5f9df5161c6e89b833
tcn,clean_only,29,bandpass_n20004_cRA_independent_rms_s20,phase2/results/predictions/full/clean_only/tcn/seed_29/bandpass_n20004_cRA_independent_rms_s20.npz,76405,e4a74a5e31583fe38973e386ab66add546e571af8662b68f264ad0c7afd3cae5
tcn,clean_only,29,bandpass_n20004_cRA_independent_rms_s15,phase2/results/predictions/full/clean_only/tcn/seed_29/bandpass_n20004_cRA_independent_rms_s15.npz,76405,5fb2a1c52c03414f82e2d781623ffba1552e7de6c04a68581f3f9a3f6f987e95
tcn,clean_only,29,bandpass_n20004_cRA_independent_rms_s10,phase2/results/predictions/full/clean_only/tcn/seed_29/bandpass_n20004_cRA_independent_rms_s10.npz,76307,08826e062dc64b72fb1324e8f4cc9862c90feb4491d0c4f56e09250820105b32
tcn,clean_only,29,bandpass_n20004_cRA_independent_rms_s5,phase2/results/predictions/full/clean_only/tcn/seed_29/bandpass_n20004_cRA_independent_rms_s5.npz,76132,6afb2ea689ea97b5e79ea7beb0b732b70ee75e052390eadb1193f21c825a0df7
tcn,clean_only,29,bandpass_n20004_cRA_independent_rms_s0,phase2/results/predictions/full/clean_only/tcn/seed_29/bandpass_n20004_cRA_independent_rms_s0.npz,75865,9f151cdf3068b1fe00475a8b536c85e8c6f1b4b46c8546eae8ed0fe11c409db1
tcn,clean_only,29,bandpass_n20004_cRA_electrode_s20,phase2/results/predictions/full/clean_only/tcn/seed_29/bandpass_n20004_cRA_electrode_s20.npz,76355,56a6f460b59f4dedeadf18055e4235b128bc8334eaf8f55de8e8b32c569dae11
tcn,clean_only,29,bandpass_n20004_cRA_electrode_s15,phase2/results/predictions/full/clean_only/tcn/seed_29/bandpass_n20004_cRA_electrode_s15.npz,76361,01dd2847fd999a28fd16ce23654d55fdabbf7c434bd74c1d3b78b1f5a52fc487
tcn,clean_only,29,bandpass_n20004_cRA_electrode_s10,phase2/results/predictions/full/clean_only/tcn/seed_29/bandpass_n20004_cRA_electrode_s10.npz,76230,5f7a04594e6e734d10c8ff5a7ed02616f56eee68b7702d7bd60c8096273a4178
tcn,clean_only,29,bandpass_n20004_cRA_electrode_s5,phase2/results/predictions/full/clean_only/tcn/seed_29/bandpass_n20004_cRA_electrode_s5.npz,75936,a0303e4b115722bf3402f65d56e813ae383528aad622bb3e117d9e616187188e
tcn,clean_only,29,bandpass_n20004_cRA_electrode_s0,phase2/results/predictions/full/clean_only/tcn/seed_29/bandpass_n20004_cRA_electrode_s0.npz,75564,57438b4997423aecdbab3ffac537089c7d4091b7294b30e7e8547116d122e884
tcn,clean_only,29,bandpass_n20004_cRA_covariance_s20,phase2/results/predictions/full/clean_only/tcn/seed_29/bandpass_n20004_cRA_covariance_s20.npz,76347,7872af57bca13117e88df6ac3c3f679a3c0ecfe649cfa914c0eec94bda8b5d02
tcn,clean_only,29,bandpass_n20004_cRA_covariance_s15,phase2/results/predictions/full/clean_only/tcn/seed_29/bandpass_n20004_cRA_covariance_s15.npz,76353,52bd884e9ce8af765fd332a1acbe6b0ca2f64ecce63c3cd4eb7be8a1643bd80e
tcn,clean_only,29,bandpass_n20004_cRA_covariance_s10,phase2/results/predictions/full/clean_only/tcn/seed_29/bandpass_n20004_cRA_covariance_s10.npz,76207,d456343f037a27b246a1439c6efeabb456bba7bc69f86642c3c4e37fc93564b8
tcn,clean_only,29,bandpass_n20004_cRA_covariance_s5,phase2/results/predictions/full/clean_only/tcn/seed_29/bandpass_n20004_cRA_covariance_s5.npz,75925,7c0e24715966eabd8ca01529a0f22bdd61139e80f3cfbaebb3b3965fe47608f7
tcn,clean_only,29,bandpass_n20004_cRA_covariance_s0,phase2/results/predictions/full/clean_only/tcn/seed_29/bandpass_n20004_cRA_covariance_s0.npz,75602,50d9ed0aee6923420498e02076d6de134b9cc74d27fc0835eacb9d87b662fd36
tcn,clean_only,29,bandpass_n20004_cLA_independent_rms_s20,phase2/results/predictions/full/clean_only/tcn/seed_29/bandpass_n20004_cLA_independent_rms_s20.npz,76372,0d5081068fb1f2aa41d248d53b5c4b4b3cd93f61a663a065fc66e8e15ca4fbd0
tcn,clean_only,29,bandpass_n20004_cLA_independent_rms_s15,phase2/results/predictions/full/clean_only/tcn/seed_29/bandpass_n20004_cLA_independent_rms_s15.npz,76361,1697f9cef11bd3cf75a314beac105222f912e45f74ad842978a95c24ce1fb690
tcn,clean_only,29,bandpass_n20004_cLA_independent_rms_s10,phase2/results/predictions/full/clean_only/tcn/seed_29/bandpass_n20004_cLA_independent_rms_s10.npz,76314,03a9e7568ed7579cf9dfabce3c8155284fe991b85ecab79118facdd4fd13fd8c
tcn,clean_only,29,bandpass_n20004_cLA_independent_rms_s5,phase2/results/predictions/full/clean_only/tcn/seed_29/bandpass_n20004_cLA_independent_rms_s5.npz,76132,448ec1ae2b1f9a655fcd9e62f3edad925c1fa19ae3d773aa12561bcfd84dd1a0
tcn,clean_only,29,bandpass_n20004_cLA_independent_rms_s0,phase2/results/predictions/full/clean_only/tcn/seed_29/bandpass_n20004_cLA_independent_rms_s0.npz,75854,e2231e59f8a001825a885df50119603f154f5dbc257bfaf5add545862b4783f0
tcn,clean_only,29,bandpass_n20004_cLA_electrode_s20,phase2/results/predictions/full/clean_only/tcn/seed_29/bandpass_n20004_cLA_electrode_s20.npz,76363,aefa2c6652f59b68be89fed143574c5b3c2d7d6ed93af5a8eef6386ab92e61c2
tcn,clean_only,29,bandpass_n20004_cLA_electrode_s15,phase2/results/predictions/full/clean_only/tcn/seed_29/bandpass_n20004_cLA_electrode_s15.npz,76376,86385db73a777eb09fd38f470b3a33e68c24c9e05a091d69e3ab6bc2cc846428
tcn,clean_only,29,bandpass_n20004_cLA_electrode_s10,phase2/results/predictions/full/clean_only/tcn/seed_29/bandpass_n20004_cLA_electrode_s10.npz,76239,430197abbba3bbfe788d2d4c4a12f80ac701ef29dab6d357051d887868bc5db0
tcn,clean_only,29,bandpass_n20004_cLA_electrode_s5,phase2/results/predictions/full/clean_only/tcn/seed_29/bandpass_n20004_cLA_electrode_s5.npz,76048,46fe160782ad0df714d4fad16fe91483aabeaaba5845018a262dc24def08d461
tcn,clean_only,29,bandpass_n20004_cLA_electrode_s0,phase2/results/predictions/full/clean_only/tcn/seed_29/bandpass_n20004_cLA_electrode_s0.npz,75815,da89ea0773ecdc71916a09ef3ea106f6abd0749a99e105bbb2f1ac5c996caa5f
tcn,clean_only,29,bandpass_n20004_cLA_covariance_s20,phase2/results/predictions/full/clean_only/tcn/seed_29/bandpass_n20004_cLA_covariance_s20.npz,76352,633e563e79d1ca05dd814a1af4910d84a4b8cf39902cfcb3d24ed68897fdc1fd
tcn,clean_only,29,bandpass_n20004_cLA_covariance_s15,phase2/results/predictions/full/clean_only/tcn/seed_29/bandpass_n20004_cLA_covariance_s15.npz,76367,1f5997728060a16fa0a51c2dfd92415f69b79348671454c0a3806fc0b0d47668
tcn,clean_only,29,bandpass_n20004_cLA_covariance_s10,phase2/results/predictions/full/clean_only/tcn/seed_29/bandpass_n20004_cLA_covariance_s10.npz,76232,670a306ac978ab35977f779b4291cce8476f3698daba5377d7ed7196793d515c
tcn,clean_only,29,bandpass_n20004_cLA_covariance_s5,phase2/results/predictions/full/clean_only/tcn/seed_29/bandpass_n20004_cLA_covariance_s5.npz,76001,aa113f48417e6489ecf3ec14c57bb87fb4b4270c2c861beea6eb3d8cb0888a8b
tcn,clean_only,29,bandpass_n20004_cLA_covariance_s0,phase2/results/predictions/full/clean_only/tcn/seed_29/bandpass_n20004_cLA_covariance_s0.npz,75816,a1c65c882705706518a683d2446f5c943006472e3287bc5ff35c25c42613bbf6
tcn,clean_only,29,bandpass_n20004_cLL_independent_rms_s20,phase2/results/predictions/full/clean_only/tcn/seed_29/bandpass_n20004_cLL_independent_rms_s20.npz,76352,fae3203c276f8069aa766fb14ecc6be0e7e2b90153930c35fa6f00ee07a84862
tcn,clean_only,29,bandpass_n20004_cLL_independent_rms_s15,phase2/results/predictions/full/clean_only/tcn/seed_29/bandpass_n20004_cLL_independent_rms_s15.npz,76426,8995098cca8312500970359a86eeba902af3e193b2f5ea723de7cf28f2d16416
tcn,clean_only,29,bandpass_n20004_cLL_independent_rms_s10,phase2/results/predictions/full/clean_only/tcn/seed_29/bandpass_n20004_cLL_independent_rms_s10.npz,76300,dd2a1df03b2df4f4ff7d4c57d687ee4ba986129fc499120fa2b6aa2a8ec7c375
tcn,clean_only,29,bandpass_n20004_cLL_independent_rms_s5,phase2/results/predictions/full/clean_only/tcn/seed_29/bandpass_n20004_cLL_independent_rms_s5.npz,76133,c6dd96a489ca1e4a9431c73113eae020e2945b28a3efd4f1c09f134282bfe701
tcn,clean_only,29,bandpass_n20004_cLL_independent_rms_s0,phase2/results/predictions/full/clean_only/tcn/seed_29/bandpass_n20004_cLL_independent_rms_s0.npz,75880,531b8c1ffa3d1ea1c1ba3040fb30902f57c978303ab845f4eed92902dfefd632
tcn,clean_only,29,bandpass_n20004_cLL_electrode_s20,phase2/results/predictions/full/clean_only/tcn/seed_29/bandpass_n20004_cLL_electrode_s20.npz,76420,f27855c27d4f09de296214ec8a99ad6a070b9e587d871c9cc4ec66848985fda2
tcn,clean_only,29,bandpass_n20004_cLL_electrode_s15,phase2/results/predictions/full/clean_only/tcn/seed_29/bandpass_n20004_cLL_electrode_s15.npz,76345,43efbde16e7976105b98f8f53f9139342914d5f81b2c16619c6a33532e7c731e
tcn,clean_only,29,bandpass_n20004_cLL_electrode_s10,phase2/results/predictions/full/clean_only/tcn/seed_29/bandpass_n20004_cLL_electrode_s10.npz,76238,d244babed9ce0da68b00570dd0686e2b61c0190ce2e5a54ebef11d58812d2f34
tcn,clean_only,29,bandpass_n20004_cLL_electrode_s5,phase2/results/predictions/full/clean_only/tcn/seed_29/bandpass_n20004_cLL_electrode_s5.npz,76017,f494418157f6210a3f962b2dc047f3b860ec724c56ff2494d62c09972aeb4172
tcn,clean_only,29,bandpass_n20004_cLL_electrode_s0,phase2/results/predictions/full/clean_only/tcn/seed_29/bandpass_n20004_cLL_electrode_s0.npz,75931,7c5587d1f0737a4a0de39c6800585b198f68c5717106504f8755f3ede1790b8c
tcn,clean_only,29,bandpass_n20004_cLL_covariance_s20,phase2/results/predictions/full/clean_only/tcn/seed_29/bandpass_n20004_cLL_covariance_s20.npz,76356,9dd5fbbd50f45c6e95f5f0fb3282b2212dbe2e63f7ae4b9d7f73be35e225a595
tcn,clean_only,29,bandpass_n20004_cLL_covariance_s15,phase2/results/predictions/full/clean_only/tcn/seed_29/bandpass_n20004_cLL_covariance_s15.npz,76331,24f6bd295180d5d6747093dca1d7fa79a78534d2e43909929faa4c1188cf83fe
tcn,clean_only,29,bandpass_n20004_cLL_covariance_s10,phase2/results/predictions/full/clean_only/tcn/seed_29/bandpass_n20004_cLL_covariance_s10.npz,76247,408a17b995c998c7073117de79a403253b4b04fd35c5559b3ed9f165e17aa904
tcn,clean_only,29,bandpass_n20004_cLL_covariance_s5,phase2/results/predictions/full/clean_only/tcn/seed_29/bandpass_n20004_cLL_covariance_s5.npz,75967,b442c2ae820cc7bf67233eb24602b9efdc59fd57870f9e52e8e99145587adaef
tcn,clean_only,29,bandpass_n20004_cLL_covariance_s0,phase2/results/predictions/full/clean_only/tcn/seed_29/bandpass_n20004_cLL_covariance_s0.npz,75944,a8cf5d5538f927fdd8a2239132e2453be169fa448a9dad5604c80d1f17d19288
tcn,clean_only,29,bandpass_n20004_cRA_V1_independent_rms_s20,phase2/results/predictions/full/clean_only/tcn/seed_29/bandpass_n20004_cRA_V1_independent_rms_s20.npz,76413,a58ea3ff14d962857dc859980ae9b8093b74d68201657da61ac8275b69375b85
tcn,clean_only,29,bandpass_n20004_cRA_V1_independent_rms_s15,phase2/results/predictions/full/clean_only/tcn/seed_29/bandpass_n20004_cRA_V1_independent_rms_s15.npz,76342,80e8facae0983692b1b92b543577cc89064aafc00c11420246a211d6f04e85f6
tcn,clean_only,29,bandpass_n20004_cRA_V1_independent_rms_s10,phase2/results/predictions/full/clean_only/tcn/seed_29/bandpass_n20004_cRA_V1_independent_rms_s10.npz,76296,777f366e04e58f13a6e7cfd5a8792394e178347d63f52e9b76040c0623273a08
tcn,clean_only,29,bandpass_n20004_cRA_V1_independent_rms_s5,phase2/results/predictions/full/clean_only/tcn/seed_29/bandpass_n20004_cRA_V1_independent_rms_s5.npz,76138,60a0a91c916e1e4ecc27f923956da69f08b70926c66b555155a48dfa9d98a5ca
tcn,clean_only,29,bandpass_n20004_cRA_V1_independent_rms_s0,phase2/results/predictions/full/clean_only/tcn/seed_29/bandpass_n20004_cRA_V1_independent_rms_s0.npz,75835,90229b654a45b6babb3425bce078c42bebffb51e24d429c28cacd7a4126b4f32
tcn,clean_only,29,bandpass_n20004_cRA_V1_electrode_s20,phase2/results/predictions/full/clean_only/tcn/seed_29/bandpass_n20004_cRA_V1_electrode_s20.npz,76370,478c58e55c16f30ec5a29fb0f81f998e6d3b5cc83a42cf789344b427d1132e8b
tcn,clean_only,29,bandpass_n20004_cRA_V1_electrode_s15,phase2/results/predictions/full/clean_only/tcn/seed_29/bandpass_n20004_cRA_V1_electrode_s15.npz,76359,cf332dcb7f57480d42a9ec0366ff6841c932e9a2ecc7dd3d33e41f2b2b491537
tcn,clean_only,29,bandpass_n20004_cRA_V1_electrode_s10,phase2/results/predictions/full/clean_only/tcn/seed_29/bandpass_n20004_cRA_V1_electrode_s10.npz,76220,bfca6580486b3283a0289cbc86faee5cc09837be695521592fa95ce219dc012a
tcn,clean_only,29,bandpass_n20004_cRA_V1_electrode_s5,phase2/results/predictions/full/clean_only/tcn/seed_29/bandpass_n20004_cRA_V1_electrode_s5.npz,75918,42f0fe5de062b634248826f8d763f5ade784af06367d99c7b05b063957eeb525
tcn,clean_only,29,bandpass_n20004_cRA_V1_electrode_s0,phase2/results/predictions/full/clean_only/tcn/seed_29/bandpass_n20004_cRA_V1_electrode_s0.npz,75592,eed4a940b59765afdde74981e22bc8216fd5f50e765b4c7ed2ab0f992149b965
tcn,clean_only,29,bandpass_n20004_cRA_V1_covariance_s20,phase2/results/predictions/full/clean_only/tcn/seed_29/bandpass_n20004_cRA_V1_covariance_s20.npz,76365,3092c72cc17ecfe4ba2bbc2695fd515a92416baabe79e36e3216a6de272c9435
tcn,clean_only,29,bandpass_n20004_cRA_V1_covariance_s15,phase2/results/predictions/full/clean_only/tcn/seed_29/bandpass_n20004_cRA_V1_covariance_s15.npz,76348,0f1650bea44ae595ba646b7e706e26e4d792ec4ef680036106bd4da5eec55a98
tcn,clean_only,29,bandpass_n20004_cRA_V1_covariance_s10,phase2/results/predictions/full/clean_only/tcn/seed_29/bandpass_n20004_cRA_V1_covariance_s10.npz,76234,6590d4bc630a7662fc43bcb4cd84e0b2b53ed004060e23952edf5b93ed9487a6
tcn,clean_only,29,bandpass_n20004_cRA_V1_covariance_s5,phase2/results/predictions/full/clean_only/tcn/seed_29/bandpass_n20004_cRA_V1_covariance_s5.npz,75951,d367d3bc1ed7ecd9b542c5a5c524427c72db8b4e5f75b3760f0366da6b5f255b
tcn,clean_only,29,bandpass_n20004_cRA_V1_covariance_s0,phase2/results/predictions/full/clean_only/tcn/seed_29/bandpass_n20004_cRA_V1_covariance_s0.npz,75613,c3d2b2a78406ff7cc26beb0d75467376355cd8ef3564f7499481b42076f88b0c
tcn,clean_only,29,bandpass_n20004_cLA_V6_independent_rms_s20,phase2/results/predictions/full/clean_only/tcn/seed_29/bandpass_n20004_cLA_V6_independent_rms_s20.npz,76371,02fd8ede43ab51ee758aab494e1ccd37de5bdc5a6d484ed07da5077ae95d1af8
tcn,clean_only,29,bandpass_n20004_cLA_V6_independent_rms_s15,phase2/results/predictions/full/clean_only/tcn/seed_29/bandpass_n20004_cLA_V6_independent_rms_s15.npz,76392,9ec0b00b76c17c20714db6ae6ff9a7c1ad4bc612175ebe2e55f0d09896283f03
tcn,clean_only,29,bandpass_n20004_cLA_V6_independent_rms_s10,phase2/results/predictions/full/clean_only/tcn/seed_29/bandpass_n20004_cLA_V6_independent_rms_s10.npz,76328,750a68f75fb4988efb7a1b17280d855c3f1c8358a352f9e338c2525c3ee9fbff
tcn,clean_only,29,bandpass_n20004_cLA_V6_independent_rms_s5,phase2/results/predictions/full/clean_only/tcn/seed_29/bandpass_n20004_cLA_V6_independent_rms_s5.npz,76150,733c4ffbcdf200f3e3a31d52a6b81fac6f942d6b8e86dc027e396a4692ea3b22
tcn,clean_only,29,bandpass_n20004_cLA_V6_independent_rms_s0,phase2/results/predictions/full/clean_only/tcn/seed_29/bandpass_n20004_cLA_V6_independent_rms_s0.npz,75871,cc0afd834013bd0dad36cb0d5b535771674c9ebe5eca937f4ba614d51ec05f00
tcn,clean_only,29,bandpass_n20004_cLA_V6_electrode_s20,phase2/results/predictions/full/clean_only/tcn/seed_29/bandpass_n20004_cLA_V6_electrode_s20.npz,76392,f5da24a51c2207d000e755c4fc0ea7f4059aec077206d0bc7ee67b8d6b76f0fe
tcn,clean_only,29,bandpass_n20004_cLA_V6_electrode_s15,phase2/results/predictions/full/clean_only/tcn/seed_29/bandpass_n20004_cLA_V6_electrode_s15.npz,76348,5977bae30a5e661a550f56a22badd01aea9859de4d5593a2befc661d9464018c
tcn,clean_only,29,bandpass_n20004_cLA_V6_electrode_s10,phase2/results/predictions/full/clean_only/tcn/seed_29/bandpass_n20004_cLA_V6_electrode_s10.npz,76288,1f64aad4514a578e4244abf4d5a59962836732fe13e2978ec8d43016066f4533
tcn,clean_only,29,bandpass_n20004_cLA_V6_electrode_s5,phase2/results/predictions/full/clean_only/tcn/seed_29/bandpass_n20004_cLA_V6_electrode_s5.npz,76063,d7a462bc979ada555cb605f8075081528eca0580efe69d5b21200607fa7d9927
tcn,clean_only,29,bandpass_n20004_cLA_V6_electrode_s0,phase2/results/predictions/full/clean_only/tcn/seed_29/bandpass_n20004_cLA_V6_electrode_s0.npz,75853,e5e535d7f232959fc1f5b9be3b958825a2143b9b5b18b7c287474062461ccf14
tcn,clean_only,29,bandpass_n20004_cLA_V6_covariance_s20,phase2/results/predictions/full/clean_only/tcn/seed_29/bandpass_n20004_cLA_V6_covariance_s20.npz,76371,71421c6717b9b949154d89e84ab0279937e8cfb557932e0953e2fd697bacd9cc
tcn,clean_only,29,bandpass_n20004_cLA_V6_covariance_s15,phase2/results/predictions/full/clean_only/tcn/seed_29/bandpass_n20004_cLA_V6_covariance_s15.npz,76390,4ffed4539e84885f2c0878b0a5f613d0b48055c2b419f95208c698a5465829b6
tcn,clean_only,29,bandpass_n20004_cLA_V6_covariance_s10,phase2/results/predictions/full/clean_only/tcn/seed_29/bandpass_n20004_cLA_V6_covariance_s10.npz,76314,5d8f73240a0cbae11d2b2b99d8344ce78cce744b94d45429249a4f9a9289c7ce
tcn,clean_only,29,bandpass_n20004_cLA_V6_covariance_s5,phase2/results/predictions/full/clean_only/tcn/seed_29/bandpass_n20004_cLA_V6_covariance_s5.npz,76049,1eb701f3eeca2a71e3c6bc019ae84ffd3a2faae057709c324a71031ac3e6924c
tcn,clean_only,29,bandpass_n20004_cLA_V6_covariance_s0,phase2/results/predictions/full/clean_only/tcn/seed_29/bandpass_n20004_cLA_V6_covariance_s0.npz,75852,409e3b69c6dc8772dcef06f44df57034552cddd0bd1f6489cfc8b6542229026c
tcn,clean_only,29,bandpass_n20004_cLL_V4_independent_rms_s20,phase2/results/predictions/full/clean_only/tcn/seed_29/bandpass_n20004_cLL_V4_independent_rms_s20.npz,76390,eedbf7bbbaec56aeae7790a573d13805caa5aeb3c1e29727a2e31ecc06b09d99
tcn,clean_only,29,bandpass_n20004_cLL_V4_independent_rms_s15,phase2/results/predictions/full/clean_only/tcn/seed_29/bandpass_n20004_cLL_V4_independent_rms_s15.npz,76397,f0617bbaf9a6dec0c232ba2586739877ae5543d9d7d3ae283ab032c28d91ca44
tcn,clean_only,29,bandpass_n20004_cLL_V4_independent_rms_s10,phase2/results/predictions/full/clean_only/tcn/seed_29/bandpass_n20004_cLL_V4_independent_rms_s10.npz,76310,5fb6ed66dfb156de509c7985ac910d40abe3647a2c541968a17808d10ce283b6
tcn,clean_only,29,bandpass_n20004_cLL_V4_independent_rms_s5,phase2/results/predictions/full/clean_only/tcn/seed_29/bandpass_n20004_cLL_V4_independent_rms_s5.npz,76174,5c1307a28be1f33452102ea5ffb93ff6d6f539fa68b63504eefcaa8ccf6167e1
tcn,clean_only,29,bandpass_n20004_cLL_V4_independent_rms_s0,phase2/results/predictions/full/clean_only/tcn/seed_29/bandpass_n20004_cLL_V4_independent_rms_s0.npz,75902,8e7e039cf36d0c47f6f2b3dbc035de9da75d3b3a5997cb19de80b9c62922f114
tcn,clean_only,29,bandpass_n20004_cLL_V4_electrode_s20,phase2/results/predictions/full/clean_only/tcn/seed_29/bandpass_n20004_cLL_V4_electrode_s20.npz,76406,dbc87aec9024fd92e2638554cecaf68a9a9e4b6aeae48412a900e2c9c80b570a
tcn,clean_only,29,bandpass_n20004_cLL_V4_electrode_s15,phase2/results/predictions/full/clean_only/tcn/seed_29/bandpass_n20004_cLL_V4_electrode_s15.npz,76336,0f93dd7aba782ecb872df5a9e910ff3f3eb2a151803df88fd7bcef611c07c717
tcn,clean_only,29,bandpass_n20004_cLL_V4_electrode_s10,phase2/results/predictions/full/clean_only/tcn/seed_29/bandpass_n20004_cLL_V4_electrode_s10.npz,76273,b4fc1f2a08538f1d25df7cede85ca64e9f5e25055845ac70d86e52925a61d1fd
tcn,clean_only,29,bandpass_n20004_cLL_V4_electrode_s5,phase2/results/predictions/full/clean_only/tcn/seed_29/bandpass_n20004_cLL_V4_electrode_s5.npz,76043,7bc9757a19d6890d541c99dcf2ffc44d0892ddd7fa2fe31354c9eb593b3bec91
tcn,clean_only,29,bandpass_n20004_cLL_V4_electrode_s0,phase2/results/predictions/full/clean_only/tcn/seed_29/bandpass_n20004_cLL_V4_electrode_s0.npz,75935,aca85204c88d6ad8d6b101d25a27af814caeb523308a49ff97c16228aa93bd7a
tcn,clean_only,29,bandpass_n20004_cLL_V4_covariance_s20,phase2/results/predictions/full/clean_only/tcn/seed_29/bandpass_n20004_cLL_V4_covariance_s20.npz,76421,55598a3271167ddacdac1666da83a80f13fb6222453557f5cd9c9b0e6bfe834f
tcn,clean_only,29,bandpass_n20004_cLL_V4_covariance_s15,phase2/results/predictions/full/clean_only/tcn/seed_29/bandpass_n20004_cLL_V4_covariance_s15.npz,76363,568415d836ea00138fb674c2b09cbc0fc8f6476ba1f0cbd90730d9ad272bc8ec
tcn,clean_only,29,bandpass_n20004_cLL_V4_covariance_s10,phase2/results/predictions/full/clean_only/tcn/seed_29/bandpass_n20004_cLL_V4_covariance_s10.npz,76251,d6b3a18228d96ef67651a911da0cec5995591b880da4a0c553605b84cde23988
tcn,clean_only,29,bandpass_n20004_cLL_V4_covariance_s5,phase2/results/predictions/full/clean_only/tcn/seed_29/bandpass_n20004_cLL_V4_covariance_s5.npz,76026,1a432b2bc02b5ace3080d21b895a6dd50a252f538f8c6c453fc8997bb936f8ff
tcn,clean_only,29,bandpass_n20004_cLL_V4_covariance_s0,phase2/results/predictions/full/clean_only/tcn/seed_29/bandpass_n20004_cLL_V4_covariance_s0.npz,75924,075e17407f1d8042cafca4eb5c2041702f0bc0db8c8e57115026d4c803b518c8
tcn,clean_only,29,bandpass_n20004_cRA_LA_V1_V6_independent_rms_s20,phase2/results/predictions/full/clean_only/tcn/seed_29/bandpass_n20004_cRA_LA_V1_V6_independent_rms_s20.npz,76423,6fbe087adfe33322806423865b3fcacc1351fb5363c2286687d3cedc1eca3664
tcn,clean_only,29,bandpass_n20004_cRA_LA_V1_V6_independent_rms_s15,phase2/results/predictions/full/clean_only/tcn/seed_29/bandpass_n20004_cRA_LA_V1_V6_independent_rms_s15.npz,76413,eec571c6c0340979912c12dc036e79c5881b7dcb2c7860f91e1c5a1b39c49701
tcn,clean_only,29,bandpass_n20004_cRA_LA_V1_V6_independent_rms_s10,phase2/results/predictions/full/clean_only/tcn/seed_29/bandpass_n20004_cRA_LA_V1_V6_independent_rms_s10.npz,76313,fedff30631d8f0466e42e7fce6ba2310eb84ff089a8f11663ee8c06f7cb19db4
tcn,clean_only,29,bandpass_n20004_cRA_LA_V1_V6_independent_rms_s5,phase2/results/predictions/full/clean_only/tcn/seed_29/bandpass_n20004_cRA_LA_V1_V6_independent_rms_s5.npz,76143,87f9916ce056ac49e82443df8ca65b740f2ba854c01334711c2fd13632a43821
tcn,clean_only,29,bandpass_n20004_cRA_LA_V1_V6_independent_rms_s0,phase2/results/predictions/full/clean_only/tcn/seed_29/bandpass_n20004_cRA_LA_V1_V6_independent_rms_s0.npz,75864,7655141839e96a2f61130839b107887f8d9fd4234fad5982cba4def276141516
tcn,clean_only,29,bandpass_n20004_cRA_LA_V1_V6_electrode_s20,phase2/results/predictions/full/clean_only/tcn/seed_29/bandpass_n20004_cRA_LA_V1_V6_electrode_s20.npz,76397,f36cb12e118c87ecd5496c0c18192d54c85bbd2da0944d59622ffce9d2998f69
tcn,clean_only,29,bandpass_n20004_cRA_LA_V1_V6_electrode_s15,phase2/results/predictions/full/clean_only/tcn/seed_29/bandpass_n20004_cRA_LA_V1_V6_electrode_s15.npz,76400,201431f5c4779bd49fd0d86c66686054b1c9d0f308ce62a52e1b6cccd17af556
tcn,clean_only,29,bandpass_n20004_cRA_LA_V1_V6_electrode_s10,phase2/results/predictions/full/clean_only/tcn/seed_29/bandpass_n20004_cRA_LA_V1_V6_electrode_s10.npz,76239,8ef8417cc586a23ff4a326707da6338d8f54d9d213316c63cd61d50bebe49026
tcn,clean_only,29,bandpass_n20004_cRA_LA_V1_V6_electrode_s5,phase2/results/predictions/full/clean_only/tcn/seed_29/bandpass_n20004_cRA_LA_V1_V6_electrode_s5.npz,76021,22b2c8040ea3b694589c891e38df1918e0d07c14191d24f30f34493809b015c8
tcn,clean_only,29,bandpass_n20004_cRA_LA_V1_V6_electrode_s0,phase2/results/predictions/full/clean_only/tcn/seed_29/bandpass_n20004_cRA_LA_V1_V6_electrode_s0.npz,75767,af65648c4df315788bc0196fccc2dc38e1a8f0391ed3acac6943423576514648
tcn,clean_only,29,bandpass_n20004_cRA_LA_V1_V6_covariance_s20,phase2/results/predictions/full/clean_only/tcn/seed_29/bandpass_n20004_cRA_LA_V1_V6_covariance_s20.npz,76393,32ff2d0c2062d74a625cc946357eda87cff3e9928c8498f37e5b135cafc6b623
tcn,clean_only,29,bandpass_n20004_cRA_LA_V1_V6_covariance_s15,phase2/results/predictions/full/clean_only/tcn/seed_29/bandpass_n20004_cRA_LA_V1_V6_covariance_s15.npz,76397,a6404de1eb757e35dc2475e2b7075b8684d72d9a84ca14ffc07594db807d451b
tcn,clean_only,29,bandpass_n20004_cRA_LA_V1_V6_covariance_s10,phase2/results/predictions/full/clean_only/tcn/seed_29/bandpass_n20004_cRA_LA_V1_V6_covariance_s10.npz,76276,2b0a4821b30d8b334e810638b1c690e1284c4e25382bfc1530228008fdea7710
tcn,clean_only,29,bandpass_n20004_cRA_LA_V1_V6_covariance_s5,phase2/results/predictions/full/clean_only/tcn/seed_29/bandpass_n20004_cRA_LA_V1_V6_covariance_s5.npz,76038,901e78d52893443535e689963ca90bb5c89e7ebc68cdc3879191cfa3f163c029
tcn,clean_only,29,bandpass_n20004_cRA_LA_V1_V6_covariance_s0,phase2/results/predictions/full/clean_only/tcn/seed_29/bandpass_n20004_cRA_LA_V1_V6_covariance_s0.npz,75741,1b9c9eb1e2433c315efb5d285f5264c1f687987db9f74f0f14fd8ff627a8f083
tcn,clean_only,29,bandpass_n20004_cRA_V2_V5_independent_rms_s20,phase2/results/predictions/full/clean_only/tcn/seed_29/bandpass_n20004_cRA_V2_V5_independent_rms_s20.npz,76388,0dea2d4d34427fd95f151f3e1ee785a2f58fca83b95551d618ed1642c50e9235
tcn,clean_only,29,bandpass_n20004_cRA_V2_V5_independent_rms_s15,phase2/results/predictions/full/clean_only/tcn/seed_29/bandpass_n20004_cRA_V2_V5_independent_rms_s15.npz,76389,7424419b448339a9bf11bfd3200a423ca003e92107cffca71172e99e5f42e133
tcn,clean_only,29,bandpass_n20004_cRA_V2_V5_independent_rms_s10,phase2/results/predictions/full/clean_only/tcn/seed_29/bandpass_n20004_cRA_V2_V5_independent_rms_s10.npz,76335,98d3753d71b68a8e6d734110d8fe77bac87bdfa9f44e33642de2910e12f5bb11
tcn,clean_only,29,bandpass_n20004_cRA_V2_V5_independent_rms_s5,phase2/results/predictions/full/clean_only/tcn/seed_29/bandpass_n20004_cRA_V2_V5_independent_rms_s5.npz,76158,42cc49b4632f6324629936abafa49b2aeb87343a1d48c870ed8a018c849c1727
tcn,clean_only,29,bandpass_n20004_cRA_V2_V5_independent_rms_s0,phase2/results/predictions/full/clean_only/tcn/seed_29/bandpass_n20004_cRA_V2_V5_independent_rms_s0.npz,75880,82802b37297a39489f5a999635e05bb5d42eb7da3d9b3b1113b197276c10d57e
tcn,clean_only,29,bandpass_n20004_cRA_V2_V5_electrode_s20,phase2/results/predictions/full/clean_only/tcn/seed_29/bandpass_n20004_cRA_V2_V5_electrode_s20.npz,76379,fb12c0bcb889b6b19803f89532d0b8b2a0eb7084b8711078db6642462f4d265f
tcn,clean_only,29,bandpass_n20004_cRA_V2_V5_electrode_s15,phase2/results/predictions/full/clean_only/tcn/seed_29/bandpass_n20004_cRA_V2_V5_electrode_s15.npz,76377,8fb5a67371476703be97bd483e0ef03755d4212f6dacde5f22dc1491b731588a
tcn,clean_only,29,bandpass_n20004_cRA_V2_V5_electrode_s10,phase2/results/predictions/full/clean_only/tcn/seed_29/bandpass_n20004_cRA_V2_V5_electrode_s10.npz,76249,23afda5d243f13a0f0282f62cb0318047db71afc141c38600cbe1b9498502b47
tcn,clean_only,29,bandpass_n20004_cRA_V2_V5_electrode_s5,phase2/results/predictions/full/clean_only/tcn/seed_29/bandpass_n20004_cRA_V2_V5_electrode_s5.npz,76047,433b5ad52a8680526ce8139ba90a12a7a93309554054d03426f087975bebc162
tcn,clean_only,29,bandpass_n20004_cRA_V2_V5_electrode_s0,phase2/results/predictions/full/clean_only/tcn/seed_29/bandpass_n20004_cRA_V2_V5_electrode_s0.npz,75600,fd356870039cd3f2e19c07bacdb72b0b88e83d6f840f4635aedbd4a9d9107f8a
tcn,clean_only,29,bandpass_n20004_cRA_V2_V5_covariance_s20,phase2/results/predictions/full/clean_only/tcn/seed_29/bandpass_n20004_cRA_V2_V5_covariance_s20.npz,76391,25e9cf408316b8c01008c135f909ab95543723e2e5f9dcdeb3ddca9135c998c8
tcn,clean_only,29,bandpass_n20004_cRA_V2_V5_covariance_s15,phase2/results/predictions/full/clean_only/tcn/seed_29/bandpass_n20004_cRA_V2_V5_covariance_s15.npz,76342,94357535611f4b353b40b3448ac0eff120640474c7cb1f0af9faa7994077b34c
tcn,clean_only,29,bandpass_n20004_cRA_V2_V5_covariance_s10,phase2/results/predictions/full/clean_only/tcn/seed_29/bandpass_n20004_cRA_V2_V5_covariance_s10.npz,76256,756f908a3ab6d82321fc2c7af26f0dbfc2623a3eed7e6a0809f2d9d2c6adc1cc
tcn,clean_only,29,bandpass_n20004_cRA_V2_V5_covariance_s5,phase2/results/predictions/full/clean_only/tcn/seed_29/bandpass_n20004_cRA_V2_V5_covariance_s5.npz,76020,c53c7bea198c2e2cf2605aff4e76364df120cb7df24d1480819af8e8dd774b56
tcn,clean_only,29,bandpass_n20004_cRA_V2_V5_covariance_s0,phase2/results/predictions/full/clean_only/tcn/seed_29/bandpass_n20004_cRA_V2_V5_covariance_s0.npz,75593,c214d65e1aa44a2a3428695292b84f754e4e3451265edd1adff279449c9298d0
tcn,clean_only,29,bandpass_n20004_cLA_V3_V6_independent_rms_s20,phase2/results/predictions/full/clean_only/tcn/seed_29/bandpass_n20004_cLA_V3_V6_independent_rms_s20.npz,76431,8ec11e66d30d7f4dbd9e1f8cc65cdd51dbcaaba089be0b2d7a456a1e7d487ffd
tcn,clean_only,29,bandpass_n20004_cLA_V3_V6_independent_rms_s15,phase2/results/predictions/full/clean_only/tcn/seed_29/bandpass_n20004_cLA_V3_V6_independent_rms_s15.npz,76384,9ae3b081c574639fcd4aa4595e64897acbeb194e6cc1436978b88e0b7853319a
tcn,clean_only,29,bandpass_n20004_cLA_V3_V6_independent_rms_s10,phase2/results/predictions/full/clean_only/tcn/seed_29/bandpass_n20004_cLA_V3_V6_independent_rms_s10.npz,76351,22ade54a628860880863c94b67894674bd48da7e1126b4ddfb4ee2a36442138f
tcn,clean_only,29,bandpass_n20004_cLA_V3_V6_independent_rms_s5,phase2/results/predictions/full/clean_only/tcn/seed_29/bandpass_n20004_cLA_V3_V6_independent_rms_s5.npz,76175,2e2551fee0652ae25cb90ddd34aa005824b3272b42ac2f1c99d6a134654cdb61
tcn,clean_only,29,bandpass_n20004_cLA_V3_V6_independent_rms_s0,phase2/results/predictions/full/clean_only/tcn/seed_29/bandpass_n20004_cLA_V3_V6_independent_rms_s0.npz,75922,9e53645c11a966b3545302108d86e4f1397a5ef6765d33f1da1f21e9d50674ac
tcn,clean_only,29,bandpass_n20004_cLA_V3_V6_electrode_s20,phase2/results/predictions/full/clean_only/tcn/seed_29/bandpass_n20004_cLA_V3_V6_electrode_s20.npz,76383,c7c9c7ebd7fdea3fb2c8979f56ef2351e5ce2470a1627b812a02bc43c732cff6
tcn,clean_only,29,bandpass_n20004_cLA_V3_V6_electrode_s15,phase2/results/predictions/full/clean_only/tcn/seed_29/bandpass_n20004_cLA_V3_V6_electrode_s15.npz,76382,79c70fc531d78174bd267538267f81bb6db2c13d299ccaad537687bae0e0a686
tcn,clean_only,29,bandpass_n20004_cLA_V3_V6_electrode_s10,phase2/results/predictions/full/clean_only/tcn/seed_29/bandpass_n20004_cLA_V3_V6_electrode_s10.npz,76341,88c22f51b39cf8c707c0290ac751884891ed23ccbea5763eef0d7272fdf9fba2
tcn,clean_only,29,bandpass_n20004_cLA_V3_V6_electrode_s5,phase2/results/predictions/full/clean_only/tcn/seed_29/bandpass_n20004_cLA_V3_V6_electrode_s5.npz,76104,9ac6de55ec590c099deae6dbd3897898ba8bfb8648f807a32a8e92ae37e4a951
tcn,clean_only,29,bandpass_n20004_cLA_V3_V6_electrode_s0,phase2/results/predictions/full/clean_only/tcn/seed_29/bandpass_n20004_cLA_V3_V6_electrode_s0.npz,75915,08fe9b147c2e1b625fd4430c2771f88fb907e932048ed79f0e2a1a61ec02a18f
tcn,clean_only,29,bandpass_n20004_cLA_V3_V6_covariance_s20,phase2/results/predictions/full/clean_only/tcn/seed_29/bandpass_n20004_cLA_V3_V6_covariance_s20.npz,76418,505529345c455c42cb1255f5a7d3e825e149455e3b672a0574feaa9e5a794e74
tcn,clean_only,29,bandpass_n20004_cLA_V3_V6_covariance_s15,phase2/results/predictions/full/clean_only/tcn/seed_29/bandpass_n20004_cLA_V3_V6_covariance_s15.npz,76404,75272e2aa07c94df8a6675e0def5c95773cc743665c4f5ba2f39742aab1c7fc6
tcn,clean_only,29,bandpass_n20004_cLA_V3_V6_covariance_s10,phase2/results/predictions/full/clean_only/tcn/seed_29/bandpass_n20004_cLA_V3_V6_covariance_s10.npz,76299,4137c50b43a3ee740ce692a157ec59f0be1b141c25d04b7d0f6e8bcd192e8302
tcn,clean_only,29,bandpass_n20004_cLA_V3_V6_covariance_s5,phase2/results/predictions/full/clean_only/tcn/seed_29/bandpass_n20004_cLA_V3_V6_covariance_s5.npz,76083,4c838236c4fcbf78b0c706f580dee9ba7b375c507bbe28502d31190e74b00af2
tcn,clean_only,29,bandpass_n20004_cLA_V3_V6_covariance_s0,phase2/results/predictions/full/clean_only/tcn/seed_29/bandpass_n20004_cLA_V3_V6_covariance_s0.npz,75880,115903e3e4d7620eeefcc3684e6ed201da7eaec17e6ced2e3a52f7f507b4c946
tcn,clean_only,29,bandpass_n20004_cLL_V1_V4_independent_rms_s20,phase2/results/predictions/full/clean_only/tcn/seed_29/bandpass_n20004_cLL_V1_V4_independent_rms_s20.npz,76405,bcf54b1cb3c18a72d034036325912a35aa2629b3fa1edd664cb316cb5af988db
tcn,clean_only,29,bandpass_n20004_cLL_V1_V4_independent_rms_s15,phase2/results/predictions/full/clean_only/tcn/seed_29/bandpass_n20004_cLL_V1_V4_independent_rms_s15.npz,76410,5de8abfc9e832c2caa424d961cefe03badf3e55e90c0fbba000ceea0847e1114
tcn,clean_only,29,bandpass_n20004_cLL_V1_V4_independent_rms_s10,phase2/results/predictions/full/clean_only/tcn/seed_29/bandpass_n20004_cLL_V1_V4_independent_rms_s10.npz,76301,514e5f74308575629e74cc006722d7a42659668d57cc6f5149da2312ab1a44c0
tcn,clean_only,29,bandpass_n20004_cLL_V1_V4_independent_rms_s5,phase2/results/predictions/full/clean_only/tcn/seed_29/bandpass_n20004_cLL_V1_V4_independent_rms_s5.npz,76147,496f1a7e92848ce711c8b4dd4f73519b0df9e8b75927f2f6f1f37d3a124857ab
tcn,clean_only,29,bandpass_n20004_cLL_V1_V4_independent_rms_s0,phase2/results/predictions/full/clean_only/tcn/seed_29/bandpass_n20004_cLL_V1_V4_independent_rms_s0.npz,75860,760a3a56e9c1282de62eb5de64b00f3daa20ea88ad3900d113d2fcea72a8cf48
tcn,clean_only,29,bandpass_n20004_cLL_V1_V4_electrode_s20,phase2/results/predictions/full/clean_only/tcn/seed_29/bandpass_n20004_cLL_V1_V4_electrode_s20.npz,76359,c10a41e03c7f9ec1ab265f467937e480eaad31ac2fec32812e3318f2db3cc799
tcn,clean_only,29,bandpass_n20004_cLL_V1_V4_electrode_s15,phase2/results/predictions/full/clean_only/tcn/seed_29/bandpass_n20004_cLL_V1_V4_electrode_s15.npz,76381,e73ea187e8f1a77558549ff17ef81590661e6b1f0cce01f31808d6043def6c03
tcn,clean_only,29,bandpass_n20004_cLL_V1_V4_electrode_s10,phase2/results/predictions/full/clean_only/tcn/seed_29/bandpass_n20004_cLL_V1_V4_electrode_s10.npz,76266,32080d0fd9e09a81c359835abbd85cb189233fdd2da2f4019557079b3ace6418
tcn,clean_only,29,bandpass_n20004_cLL_V1_V4_electrode_s5,phase2/results/predictions/full/clean_only/tcn/seed_29/bandpass_n20004_cLL_V1_V4_electrode_s5.npz,75998,ae48f1fc5dbbd2d75d622e490ce8ccda1615be64441521603985cd1669cc0cde
tcn,clean_only,29,bandpass_n20004_cLL_V1_V4_electrode_s0,phase2/results/predictions/full/clean_only/tcn/seed_29/bandpass_n20004_cLL_V1_V4_electrode_s0.npz,75898,92ba6f78097cb702a78310d69ce03ca632e85bddbd035e9e19f57b3a69991001
tcn,clean_only,29,bandpass_n20004_cLL_V1_V4_covariance_s20,phase2/results/predictions/full/clean_only/tcn/seed_29/bandpass_n20004_cLL_V1_V4_covariance_s20.npz,76377,c52d4ff3f445b05f3f58d54ee7dcdd23cabf30a58d3f2f51e11172bd631820a9
tcn,clean_only,29,bandpass_n20004_cLL_V1_V4_covariance_s15,phase2/results/predictions/full/clean_only/tcn/seed_29/bandpass_n20004_cLL_V1_V4_covariance_s15.npz,76348,11446161f3e76d8f966ad1074fbbcca65b3309b61885aed026fe11a93541090a
tcn,clean_only,29,bandpass_n20004_cLL_V1_V4_covariance_s10,phase2/results/predictions/full/clean_only/tcn/seed_29/bandpass_n20004_cLL_V1_V4_covariance_s10.npz,76274,0ba35719f63dc05d72d82ff50d61b84c5fc5b089e26318ca320b9714e86d89a2
tcn,clean_only,29,bandpass_n20004_cLL_V1_V4_covariance_s5,phase2/results/predictions/full/clean_only/tcn/seed_29/bandpass_n20004_cLL_V1_V4_covariance_s5.npz,76039,9285f589aa6576bea3eea84fac1be34632018800560a24be60a6f02e31619f94
tcn,clean_only,29,bandpass_n20004_cLL_V1_V4_covariance_s0,phase2/results/predictions/full/clean_only/tcn/seed_29/bandpass_n20004_cLL_V1_V4_covariance_s0.npz,75895,892fad7f7cf504d78858ccd412c0b7817d058b8bce540166a3f57ae8222dbcde
tcn,clean_only,29,bandpass_n20004_call_independent_rms_s20,phase2/results/predictions/full/clean_only/tcn/seed_29/bandpass_n20004_call_independent_rms_s20.npz,76343,d53adda0748c6b18230daa184da431a0a9d5106a62baf62d031955dafb3a6277
tcn,clean_only,29,bandpass_n20004_call_independent_rms_s15,phase2/results/predictions/full/clean_only/tcn/seed_29/bandpass_n20004_call_independent_rms_s15.npz,76366,4ef98a004be65408ae6c15fb29360a809f4c638fa79adc6e8bd9a657011ef837
tcn,clean_only,29,bandpass_n20004_call_independent_rms_s10,phase2/results/predictions/full/clean_only/tcn/seed_29/bandpass_n20004_call_independent_rms_s10.npz,76299,7b3b1a311eca47cf9e1570e476492095b3b85d1543ec60a7af6cd8dd077f841d
tcn,clean_only,29,bandpass_n20004_call_independent_rms_s5,phase2/results/predictions/full/clean_only/tcn/seed_29/bandpass_n20004_call_independent_rms_s5.npz,76160,15dba66637227aabd575828180f8301e43a2fc96aa606a0dac957f8b353827c4
tcn,clean_only,29,bandpass_n20004_call_independent_rms_s0,phase2/results/predictions/full/clean_only/tcn/seed_29/bandpass_n20004_call_independent_rms_s0.npz,75831,95e9f6aa99fd768cde855ffd772b635105abbb80d081d541c86e0558d8b96358
tcn,clean_only,29,bandpass_n20004_call_electrode_s20,phase2/results/predictions/full/clean_only/tcn/seed_29/bandpass_n20004_call_electrode_s20.npz,76357,ba30fbee36783f5c6081ef16121f9cf92ec479e55d2cbf26af93f5cb19fd3e26
tcn,clean_only,29,bandpass_n20004_call_electrode_s15,phase2/results/predictions/full/clean_only/tcn/seed_29/bandpass_n20004_call_electrode_s15.npz,76340,898bb199748a3575dac79abef1296cd4735095e3586a58d17d954a2f6dfec214
tcn,clean_only,29,bandpass_n20004_call_electrode_s10,phase2/results/predictions/full/clean_only/tcn/seed_29/bandpass_n20004_call_electrode_s10.npz,76242,9760e00741e38cd9d289e57b1cfef9999d22fd81df374782b3b46b87b15722e2
tcn,clean_only,29,bandpass_n20004_call_electrode_s5,phase2/results/predictions/full/clean_only/tcn/seed_29/bandpass_n20004_call_electrode_s5.npz,76001,e6ab52640a5cc59c2bfb0a90bddcb57ed09b843abe9b943805e6b07af0ccc758
tcn,clean_only,29,bandpass_n20004_call_electrode_s0,phase2/results/predictions/full/clean_only/tcn/seed_29/bandpass_n20004_call_electrode_s0.npz,75776,ba06b217d851d6ca86130f8cb40b330749d0d25f06bdc3dec6e6f1b74b1c701d
tcn,clean_only,29,bandpass_n20004_call_covariance_s20,phase2/results/predictions/full/clean_only/tcn/seed_29/bandpass_n20004_call_covariance_s20.npz,76365,a240c200b6b29741dbb6c8ec72b8274f484f4ccb108aefe8d36324c02dc574fe
tcn,clean_only,29,bandpass_n20004_call_covariance_s15,phase2/results/predictions/full/clean_only/tcn/seed_29/bandpass_n20004_call_covariance_s15.npz,76353,f7394a96c81255055ded1611048c47f082969b9ff68c4a963f06cc6235389f4d
tcn,clean_only,29,bandpass_n20004_call_covariance_s10,phase2/results/predictions/full/clean_only/tcn/seed_29/bandpass_n20004_call_covariance_s10.npz,76239,911f8931394dae4d095cfbce78355d2687244da6a67a20b55dd2ed4f1f4a28c4
tcn,clean_only,29,bandpass_n20004_call_covariance_s5,phase2/results/predictions/full/clean_only/tcn/seed_29/bandpass_n20004_call_covariance_s5.npz,75997,4869c3200df58952308b84631bca5333b8f479d83499dda689f64ecdfdd17d02
tcn,clean_only,29,bandpass_n20004_call_covariance_s0,phase2/results/predictions/full/clean_only/tcn/seed_29/bandpass_n20004_call_covariance_s0.npz,75726,45717c008f37cb0b1209a30230df37b49b38753ec5d56a8f2601f08a7536b813
tcn,clean_only,29,bandpass_n20005_cRA_LA_LL_independent_rms_s20,phase2/results/predictions/full/clean_only/tcn/seed_29/bandpass_n20005_cRA_LA_LL_independent_rms_s20.npz,76412,c07c1eb84b39eb6ba748e8102121d519002f12e289f064feab753d335f87d220
tcn,clean_only,29,bandpass_n20005_cRA_LA_LL_independent_rms_s15,phase2/results/predictions/full/clean_only/tcn/seed_29/bandpass_n20005_cRA_LA_LL_independent_rms_s15.npz,76398,476bd5ce59df5ffaec696fa3136f2d242494536afa9627e9da67ff3799bd7d52
tcn,clean_only,29,bandpass_n20005_cRA_LA_LL_independent_rms_s10,phase2/results/predictions/full/clean_only/tcn/seed_29/bandpass_n20005_cRA_LA_LL_independent_rms_s10.npz,76340,d473359a10406627b2b2dfdc5d7b2df0b997d4345ec8004c3e471854cd0f46b5
tcn,clean_only,29,bandpass_n20005_cRA_LA_LL_independent_rms_s5,phase2/results/predictions/full/clean_only/tcn/seed_29/bandpass_n20005_cRA_LA_LL_independent_rms_s5.npz,76113,786dbf832624b7d69508bd8aa09de875f4a9544354028057344ad36d83094249
tcn,clean_only,29,bandpass_n20005_cRA_LA_LL_independent_rms_s0,phase2/results/predictions/full/clean_only/tcn/seed_29/bandpass_n20005_cRA_LA_LL_independent_rms_s0.npz,75857,26855556cd4376cf41a9137eefa48f160641f9df978e03f2d1a45b8796b841f1
tcn,clean_only,29,bandpass_n20005_cRA_LA_LL_electrode_s20,phase2/results/predictions/full/clean_only/tcn/seed_29/bandpass_n20005_cRA_LA_LL_electrode_s20.npz,76358,e638a425ab59e0ba51a9f58469512a81cb64b7691440a1b2359bce7be44b71e3
tcn,clean_only,29,bandpass_n20005_cRA_LA_LL_electrode_s15,phase2/results/predictions/full/clean_only/tcn/seed_29/bandpass_n20005_cRA_LA_LL_electrode_s15.npz,76371,90a7e50e07924fc18dfc9c1bdbd8401f092d548325828e8c541d08850b7c9bfd
tcn,clean_only,29,bandpass_n20005_cRA_LA_LL_electrode_s10,phase2/results/predictions/full/clean_only/tcn/seed_29/bandpass_n20005_cRA_LA_LL_electrode_s10.npz,76249,58bfcf8faa9db5c7b39a7316db040af5adc6cff4ff605bb97f16260a3797f4a2
tcn,clean_only,29,bandpass_n20005_cRA_LA_LL_electrode_s5,phase2/results/predictions/full/clean_only/tcn/seed_29/bandpass_n20005_cRA_LA_LL_electrode_s5.npz,75984,3f4deb61a29a88757ae237418605c5730fea9d2226783505aec94f088ec7bc30
tcn,clean_only,29,bandpass_n20005_cRA_LA_LL_electrode_s0,phase2/results/predictions/full/clean_only/tcn/seed_29/bandpass_n20005_cRA_LA_LL_electrode_s0.npz,75751,59c0b8c7fc7905cf28c45499c0fec676c0f391a32b137cc8fabce43507b1bb44
tcn,clean_only,29,bandpass_n20005_cRA_LA_LL_covariance_s20,phase2/results/predictions/full/clean_only/tcn/seed_29/bandpass_n20005_cRA_LA_LL_covariance_s20.npz,76381,661a900e452cb7ddb3daf4441328bc293e73a74c9141ba10c65596e5255ee37f
tcn,clean_only,29,bandpass_n20005_cRA_LA_LL_covariance_s15,phase2/results/predictions/full/clean_only/tcn/seed_29/bandpass_n20005_cRA_LA_LL_covariance_s15.npz,76376,d237a0beea167819d3564b9dcefc8ab4c2018e351b91b7fb0c08bdfb647b1990
tcn,clean_only,29,bandpass_n20005_cRA_LA_LL_covariance_s10,phase2/results/predictions/full/clean_only/tcn/seed_29/bandpass_n20005_cRA_LA_LL_covariance_s10.npz,76267,1d97a4420fce0166690796e83c0d99415bfb62d4ab4cbc9764ca3d47a0828758
tcn,clean_only,29,bandpass_n20005_cRA_LA_LL_covariance_s5,phase2/results/predictions/full/clean_only/tcn/seed_29/bandpass_n20005_cRA_LA_LL_covariance_s5.npz,75973,1c704d4a3f710dfa6daca46c19acbbdcfe91d7eb519a00d3fee05a3969e74a9b
tcn,clean_only,29,bandpass_n20005_cRA_LA_LL_covariance_s0,phase2/results/predictions/full/clean_only/tcn/seed_29/bandpass_n20005_cRA_LA_LL_covariance_s0.npz,75767,25939278381cdfc73d62bcb3fb199188597791204aafdd07870460287748c1af
tcn,clean_only,29,bandpass_n20005_cV1_independent_rms_s20,phase2/results/predictions/full/clean_only/tcn/seed_29/bandpass_n20005_cV1_independent_rms_s20.npz,76388,2391fa3c69d5671612026e5ef6168ac1d41a5aaaadc0f883100a273e8eb3456d
tcn,clean_only,29,bandpass_n20005_cV1_independent_rms_s15,phase2/results/predictions/full/clean_only/tcn/seed_29/bandpass_n20005_cV1_independent_rms_s15.npz,76383,10d7d66cc663ac66eddc4260d96b60d8320ef9f011b5c5b4a71e2cad539a812d
tcn,clean_only,29,bandpass_n20005_cV1_independent_rms_s10,phase2/results/predictions/full/clean_only/tcn/seed_29/bandpass_n20005_cV1_independent_rms_s10.npz,76257,b55e57667366e8f23b1734d6b60e916735017a9a8f413ee518855c7bfe2248a6
tcn,clean_only,29,bandpass_n20005_cV1_independent_rms_s5,phase2/results/predictions/full/clean_only/tcn/seed_29/bandpass_n20005_cV1_independent_rms_s5.npz,76042,b9f8af96a84889eb3768470d34d75f6948eb6c4e824b2a3d2e0abd1cbf5890f4
tcn,clean_only,29,bandpass_n20005_cV1_independent_rms_s0,phase2/results/predictions/full/clean_only/tcn/seed_29/bandpass_n20005_cV1_independent_rms_s0.npz,75723,5475c43e99c30c07ea1e5b3cbc45c249eb6e45e7ac8b5fc45a5d2b20720879fc
tcn,clean_only,29,bandpass_n20005_cV1_electrode_s20,phase2/results/predictions/full/clean_only/tcn/seed_29/bandpass_n20005_cV1_electrode_s20.npz,76363,1e36d1284bc8bc22fad4fc34d9458f5b66e9a0dab4f8df27aaa1d1af4dfdd8db
tcn,clean_only,29,bandpass_n20005_cV1_electrode_s15,phase2/results/predictions/full/clean_only/tcn/seed_29/bandpass_n20005_cV1_electrode_s15.npz,76343,0c626e5086bac4ae6a269ae7a7ddca04b6364f552fc65529429344af4476afca
tcn,clean_only,29,bandpass_n20005_cV1_electrode_s10,phase2/results/predictions/full/clean_only/tcn/seed_29/bandpass_n20005_cV1_electrode_s10.npz,76256,79da0947f8f0044ec86371e6e250bb79a90255867be8a09dc7ea775aa91117b4
tcn,clean_only,29,bandpass_n20005_cV1_electrode_s5,phase2/results/predictions/full/clean_only/tcn/seed_29/bandpass_n20005_cV1_electrode_s5.npz,76021,e898b5548bcd816e2b0fa84f981e88275db932718e82b2e2e6c8f15bcce56307
tcn,clean_only,29,bandpass_n20005_cV1_electrode_s0,phase2/results/predictions/full/clean_only/tcn/seed_29/bandpass_n20005_cV1_electrode_s0.npz,75688,d9e4656d37bd4447260287508e8e543c55ad8a083c298f189df59162d9d82574
tcn,clean_only,29,bandpass_n20005_cV1_covariance_s20,phase2/results/predictions/full/clean_only/tcn/seed_29/bandpass_n20005_cV1_covariance_s20.npz,76374,a4d9f6afafd6d5b512777004b9c2d861b9b6770e1b8b71a7ed2c3290df2b3ff5
tcn,clean_only,29,bandpass_n20005_cV1_covariance_s15,phase2/results/predictions/full/clean_only/tcn/seed_29/bandpass_n20005_cV1_covariance_s15.npz,76348,1e5ac439c595b2f7ccac7d7dbd1b605ccdd2d13cc6efc5e8a8b2c0e86eb1c36f
tcn,clean_only,29,bandpass_n20005_cV1_covariance_s10,phase2/results/predictions/full/clean_only/tcn/seed_29/bandpass_n20005_cV1_covariance_s10.npz,76268,1932785d19d7062447061a56e481af180784c05e93c5b8af2c9d41fa8f543bf4
tcn,clean_only,29,bandpass_n20005_cV1_covariance_s5,phase2/results/predictions/full/clean_only/tcn/seed_29/bandpass_n20005_cV1_covariance_s5.npz,76026,9144029f9e763158ccf8704e59bcb7aeabdb73959ba5a7766c6999185cf6afeb
tcn,clean_only,29,bandpass_n20005_cV1_covariance_s0,phase2/results/predictions/full/clean_only/tcn/seed_29/bandpass_n20005_cV1_covariance_s0.npz,75678,b1449411081766ab69964ff613a7adcc82c559f29dcc201c39a5d51e76a1f8cf
tcn,clean_only,29,bandpass_n20005_cV2_independent_rms_s20,phase2/results/predictions/full/clean_only/tcn/seed_29/bandpass_n20005_cV2_independent_rms_s20.npz,76383,8696e9b098c1b5db4efd5d0fbeba2760406eab0693971c5705eb7160f4f6f0e2
tcn,clean_only,29,bandpass_n20005_cV2_independent_rms_s15,phase2/results/predictions/full/clean_only/tcn/seed_29/bandpass_n20005_cV2_independent_rms_s15.npz,76374,e55659c7ec36b970df31ceed1edda4641de36f88d3f6edccf854256facee6680
tcn,clean_only,29,bandpass_n20005_cV2_independent_rms_s10,phase2/results/predictions/full/clean_only/tcn/seed_29/bandpass_n20005_cV2_independent_rms_s10.npz,76309,b9a9a8590c3c9180daa947a4c76a24d73c5aed769ed4a97bd3fb845c74cef403
tcn,clean_only,29,bandpass_n20005_cV2_independent_rms_s5,phase2/results/predictions/full/clean_only/tcn/seed_29/bandpass_n20005_cV2_independent_rms_s5.npz,76145,f6072ecb3518161b3df131c2fa5d325846e20ca3d61c8a2272008cd18cf7fc7e
tcn,clean_only,29,bandpass_n20005_cV2_independent_rms_s0,phase2/results/predictions/full/clean_only/tcn/seed_29/bandpass_n20005_cV2_independent_rms_s0.npz,75884,72effea26a847d862b3d6aa68a3e0b673a55b9bf5a9d4a51d0cd9b69689e4153
tcn,clean_only,29,bandpass_n20005_cV2_electrode_s20,phase2/results/predictions/full/clean_only/tcn/seed_29/bandpass_n20005_cV2_electrode_s20.npz,76366,a660d0e88441fb7f6703c462539e1a31f4fddcccc2a76b0be3eec5e4051c3824
tcn,clean_only,29,bandpass_n20005_cV2_electrode_s15,phase2/results/predictions/full/clean_only/tcn/seed_29/bandpass_n20005_cV2_electrode_s15.npz,76369,6e13d43a5f39317435857714c0b783212439b1bd109a9ea48561d2a679a3fabb
tcn,clean_only,29,bandpass_n20005_cV2_electrode_s10,phase2/results/predictions/full/clean_only/tcn/seed_29/bandpass_n20005_cV2_electrode_s10.npz,76302,51f84661b822a7838f2f6f3b95fad65be00d4aa37bf8b6b8465fb24a2b83318b
tcn,clean_only,29,bandpass_n20005_cV2_electrode_s5,phase2/results/predictions/full/clean_only/tcn/seed_29/bandpass_n20005_cV2_electrode_s5.npz,76165,ad34b22f0563cd9da16b458080377fbe2a4a38e01408fb724465c409589c8156
tcn,clean_only,29,bandpass_n20005_cV2_electrode_s0,phase2/results/predictions/full/clean_only/tcn/seed_29/bandpass_n20005_cV2_electrode_s0.npz,75863,6ab3e5e5d8df564d2f7d38c0c34680c1254d5daf944819b5a98b007b993a4745
tcn,clean_only,29,bandpass_n20005_cV2_covariance_s20,phase2/results/predictions/full/clean_only/tcn/seed_29/bandpass_n20005_cV2_covariance_s20.npz,76365,17abef767afb006d2083a5757b13e30da07913197fa505f3ec9b23937d2a2a89
tcn,clean_only,29,bandpass_n20005_cV2_covariance_s15,phase2/results/predictions/full/clean_only/tcn/seed_29/bandpass_n20005_cV2_covariance_s15.npz,76372,a21c1b45a9ee736798fc63c53df9948033ff33aa37949d9eae1f2fadafc05241
tcn,clean_only,29,bandpass_n20005_cV2_covariance_s10,phase2/results/predictions/full/clean_only/tcn/seed_29/bandpass_n20005_cV2_covariance_s10.npz,76327,e653e5809468436d68983ed21dae5f62b96ae8dbd207708566b7226d1f360079
tcn,clean_only,29,bandpass_n20005_cV2_covariance_s5,phase2/results/predictions/full/clean_only/tcn/seed_29/bandpass_n20005_cV2_covariance_s5.npz,76149,0a689d9d51b259a4d24dfd96844bdac0a0480ceca79b5a8331351d2d603feb14
tcn,clean_only,29,bandpass_n20005_cV2_covariance_s0,phase2/results/predictions/full/clean_only/tcn/seed_29/bandpass_n20005_cV2_covariance_s0.npz,75863,8fe4dc8ac081b9a6403eeb41824eadf9e892e4d6cb6bf6fae578f1fc675998f2
tcn,clean_only,29,bandpass_n20005_cV3_independent_rms_s20,phase2/results/predictions/full/clean_only/tcn/seed_29/bandpass_n20005_cV3_independent_rms_s20.npz,76396,aabd086884abc40e7ca82b094d660fc0dcf6bdc486e8b2734e955b02c8d79e14
tcn,clean_only,29,bandpass_n20005_cV3_independent_rms_s15,phase2/results/predictions/full/clean_only/tcn/seed_29/bandpass_n20005_cV3_independent_rms_s15.npz,76378,8cf19da38aab0cbd331a50184f6c771fc043a686a1c6f6101d1a15d9d04a7e2e
tcn,clean_only,29,bandpass_n20005_cV3_independent_rms_s10,phase2/results/predictions/full/clean_only/tcn/seed_29/bandpass_n20005_cV3_independent_rms_s10.npz,76354,c5dbbfa5e691288f53ebb772c249eb40d5100404eaf06196356274c156758449
tcn,clean_only,29,bandpass_n20005_cV3_independent_rms_s5,phase2/results/predictions/full/clean_only/tcn/seed_29/bandpass_n20005_cV3_independent_rms_s5.npz,76295,b8eb1ce94aa5b97b811519438d30c37f7b2a74855afccbd0ff069cdfd3337f44
tcn,clean_only,29,bandpass_n20005_cV3_independent_rms_s0,phase2/results/predictions/full/clean_only/tcn/seed_29/bandpass_n20005_cV3_independent_rms_s0.npz,76165,e14143d2f275d9200ee72061c84c0a9d0bce5610fc4f65a733bdb6338abb772a
tcn,clean_only,29,bandpass_n20005_cV3_electrode_s20,phase2/results/predictions/full/clean_only/tcn/seed_29/bandpass_n20005_cV3_electrode_s20.npz,76372,e81f629dd6f82192d2a64293e303d76ecfbfadb09801ac70d38b88968aec18ff
tcn,clean_only,29,bandpass_n20005_cV3_electrode_s15,phase2/results/predictions/full/clean_only/tcn/seed_29/bandpass_n20005_cV3_electrode_s15.npz,76366,d21b6fd1d197e8a91d7ec17e2aa9ba2219fc33366fa405553893e42572a48c3c
tcn,clean_only,29,bandpass_n20005_cV3_electrode_s10,phase2/results/predictions/full/clean_only/tcn/seed_29/bandpass_n20005_cV3_electrode_s10.npz,76365,2e35e1d5a9f6aad3695b6852dfc50ae099ff9bd0b3f8d9dcccc1981b03303b00
tcn,clean_only,29,bandpass_n20005_cV3_electrode_s5,phase2/results/predictions/full/clean_only/tcn/seed_29/bandpass_n20005_cV3_electrode_s5.npz,76291,3b85cbac079d2612688d479e103051993abac3acb92fbe52a6e430a1b1365fda
tcn,clean_only,29,bandpass_n20005_cV3_electrode_s0,phase2/results/predictions/full/clean_only/tcn/seed_29/bandpass_n20005_cV3_electrode_s0.npz,76182,d7553cf7a83663b69926e0511b71041bd779f43bdd590160a2382a1e4b4abb23
tcn,clean_only,29,bandpass_n20005_cV3_covariance_s20,phase2/results/predictions/full/clean_only/tcn/seed_29/bandpass_n20005_cV3_covariance_s20.npz,76381,02d0222aef1d8b2381c2a0d6e81433af72888407430b1ad3f0b60137d2d6eed3
tcn,clean_only,29,bandpass_n20005_cV3_covariance_s15,phase2/results/predictions/full/clean_only/tcn/seed_29/bandpass_n20005_cV3_covariance_s15.npz,76390,de58eb6f337866b712ba5b36a2f33b34a003cca4de3eaecbb4a1f2776ce6cb43
tcn,clean_only,29,bandpass_n20005_cV3_covariance_s10,phase2/results/predictions/full/clean_only/tcn/seed_29/bandpass_n20005_cV3_covariance_s10.npz,76371,49065a302e9038af8761a208312f26f4d4ea300b47698cbffb59ef23af115254
tcn,clean_only,29,bandpass_n20005_cV3_covariance_s5,phase2/results/predictions/full/clean_only/tcn/seed_29/bandpass_n20005_cV3_covariance_s5.npz,76287,20f710674a1d57693072149d634284bd37f3247fcce17eae677ce59e873a260c
tcn,clean_only,29,bandpass_n20005_cV3_covariance_s0,phase2/results/predictions/full/clean_only/tcn/seed_29/bandpass_n20005_cV3_covariance_s0.npz,76184,e44398ddb15363b093ce7153f2dae935b1dc6d3bb52adb11ce7af8d3ba117ee6
tcn,clean_only,29,bandpass_n20005_cV4_independent_rms_s20,phase2/results/predictions/full/clean_only/tcn/seed_29/bandpass_n20005_cV4_independent_rms_s20.npz,76389,bb42c7e6087d129e93418797f0df128b64ca00671d9be70d3b00da7223445287
tcn,clean_only,29,bandpass_n20005_cV4_independent_rms_s15,phase2/results/predictions/full/clean_only/tcn/seed_29/bandpass_n20005_cV4_independent_rms_s15.npz,76354,081a8b85ff77a1ce186e5e2cbb03348a10608d6e70d202396a09466d3834af7f
tcn,clean_only,29,bandpass_n20005_cV4_independent_rms_s10,phase2/results/predictions/full/clean_only/tcn/seed_29/bandpass_n20005_cV4_independent_rms_s10.npz,76371,cb00a2b64ed6e25e9e5f243133a6520fecef23cc680d917163d2e633c36cf344
tcn,clean_only,29,bandpass_n20005_cV4_independent_rms_s5,phase2/results/predictions/full/clean_only/tcn/seed_29/bandpass_n20005_cV4_independent_rms_s5.npz,76276,ff470941aea06cc68f6bfb9240ebfc6f1490be9d605d4f6b0bdc33e838a9a0ed
tcn,clean_only,29,bandpass_n20005_cV4_independent_rms_s0,phase2/results/predictions/full/clean_only/tcn/seed_29/bandpass_n20005_cV4_independent_rms_s0.npz,76053,5927b6d8ed4579e241362ae00cc6d44acf7cf82a9fde76fc4995ef0db65d7640
tcn,clean_only,29,bandpass_n20005_cV4_electrode_s20,phase2/results/predictions/full/clean_only/tcn/seed_29/bandpass_n20005_cV4_electrode_s20.npz,76346,6c9e5b3eed7af59c2a418dcb166f3cdd6e0de5267c109215150e078af6141390
tcn,clean_only,29,bandpass_n20005_cV4_electrode_s15,phase2/results/predictions/full/clean_only/tcn/seed_29/bandpass_n20005_cV4_electrode_s15.npz,76395,bb78f3cc917ecc4bc0da0ca73dedb15bb7fa5959255f733b787485dc52fc36b3
tcn,clean_only,29,bandpass_n20005_cV4_electrode_s10,phase2/results/predictions/full/clean_only/tcn/seed_29/bandpass_n20005_cV4_electrode_s10.npz,76338,3713a03ba9128d12f3431b1d5d554cceda0304e3e9402954381a371cda183d88
tcn,clean_only,29,bandpass_n20005_cV4_electrode_s5,phase2/results/predictions/full/clean_only/tcn/seed_29/bandpass_n20005_cV4_electrode_s5.npz,76246,34a9eacb5a70fa011a69b5cb563d9f705e4b9934efcf96232b5d49437dbbbe19
tcn,clean_only,29,bandpass_n20005_cV4_electrode_s0,phase2/results/predictions/full/clean_only/tcn/seed_29/bandpass_n20005_cV4_electrode_s0.npz,76056,2a9287706c93e3e233cd39f5232c39f1b4607f155d94863c489d93fbef4d8bbf
tcn,clean_only,29,bandpass_n20005_cV4_covariance_s20,phase2/results/predictions/full/clean_only/tcn/seed_29/bandpass_n20005_cV4_covariance_s20.npz,76360,163e503c90da2e008a4bdb7423c3732b686fb4a294d286a219917645de87eb72
tcn,clean_only,29,bandpass_n20005_cV4_covariance_s15,phase2/results/predictions/full/clean_only/tcn/seed_29/bandpass_n20005_cV4_covariance_s15.npz,76367,8d39ec77cfa9a075db744ca0a4e505b6fbd3097d7559ff186de08cfe78a17bee
tcn,clean_only,29,bandpass_n20005_cV4_covariance_s10,phase2/results/predictions/full/clean_only/tcn/seed_29/bandpass_n20005_cV4_covariance_s10.npz,76341,48d0e9cffc94256e0834fd392e18cec746ba81c10247f234117f8696fd9919d0
tcn,clean_only,29,bandpass_n20005_cV4_covariance_s5,phase2/results/predictions/full/clean_only/tcn/seed_29/bandpass_n20005_cV4_covariance_s5.npz,76227,7b225b3660a1306be0f18b86ede80c7838afaa9350deb39694cfc5967a0b6181
tcn,clean_only,29,bandpass_n20005_cV4_covariance_s0,phase2/results/predictions/full/clean_only/tcn/seed_29/bandpass_n20005_cV4_covariance_s0.npz,76070,7ba3e2815c26e8f14599c4bdac894d4b57017797fec558162776581d72212f5d
tcn,clean_only,29,bandpass_n20005_cV5_independent_rms_s20,phase2/results/predictions/full/clean_only/tcn/seed_29/bandpass_n20005_cV5_independent_rms_s20.npz,76403,f8f77f44972c6357e47dfd578f4b62438554a72a3925bd3f952469add40f311d
tcn,clean_only,29,bandpass_n20005_cV5_independent_rms_s15,phase2/results/predictions/full/clean_only/tcn/seed_29/bandpass_n20005_cV5_independent_rms_s15.npz,76399,f438577dea6568f064f816ed4098f1d03fa49c71b44168b53255576664280b25
tcn,clean_only,29,bandpass_n20005_cV5_independent_rms_s10,phase2/results/predictions/full/clean_only/tcn/seed_29/bandpass_n20005_cV5_independent_rms_s10.npz,76341,9515c3424e754ad8afb880d7be790eb73f271bb26f20c4062c7a0a4e496f34c8
tcn,clean_only,29,bandpass_n20005_cV5_independent_rms_s5,phase2/results/predictions/full/clean_only/tcn/seed_29/bandpass_n20005_cV5_independent_rms_s5.npz,76225,5dfcb34af775d6ac1499996ca54e34ff8a6ec2821e108603715b1d586acaab85
tcn,clean_only,29,bandpass_n20005_cV5_independent_rms_s0,phase2/results/predictions/full/clean_only/tcn/seed_29/bandpass_n20005_cV5_independent_rms_s0.npz,75971,bdd04241af4341be474a2ede9c902449db9a2223104b82f564bc449c0aa4c6ea
tcn,clean_only,29,bandpass_n20005_cV5_electrode_s20,phase2/results/predictions/full/clean_only/tcn/seed_29/bandpass_n20005_cV5_electrode_s20.npz,76396,66a1602e4d1f0cde80e8026624156fe5cf9de23f2655bbe100f359d7ce79a6b0
tcn,clean_only,29,bandpass_n20005_cV5_electrode_s15,phase2/results/predictions/full/clean_only/tcn/seed_29/bandpass_n20005_cV5_electrode_s15.npz,76375,e5f68f4c5a366b9f8cf2efa368b152da3beb210128aa3955918396339c3b78ca
tcn,clean_only,29,bandpass_n20005_cV5_electrode_s10,phase2/results/predictions/full/clean_only/tcn/seed_29/bandpass_n20005_cV5_electrode_s10.npz,76314,b39df9e3f2bc69e5c8db2d7f3f49cb386a6cb5015d417287eb69ead6d5f6a947
tcn,clean_only,29,bandpass_n20005_cV5_electrode_s5,phase2/results/predictions/full/clean_only/tcn/seed_29/bandpass_n20005_cV5_electrode_s5.npz,76193,d1ec3cb2606cb6368f71ef9e0eb4ef5f164fbaa37902c04cc1d8c498e3422d11
tcn,clean_only,29,bandpass_n20005_cV5_electrode_s0,phase2/results/predictions/full/clean_only/tcn/seed_29/bandpass_n20005_cV5_electrode_s0.npz,75962,0eb85125d117d07ac34fbac82c58c44381583a1b229a87ebb30bb16efd610aae
tcn,clean_only,29,bandpass_n20005_cV5_covariance_s20,phase2/results/predictions/full/clean_only/tcn/seed_29/bandpass_n20005_cV5_covariance_s20.npz,76371,f57c5fad743ef927cdc92f10ecfc9274694481a21e00ce53c51f1fc5da3db0d5
tcn,clean_only,29,bandpass_n20005_cV5_covariance_s15,phase2/results/predictions/full/clean_only/tcn/seed_29/bandpass_n20005_cV5_covariance_s15.npz,76373,c9aaa9dd1d70deed81ce9ffd0f433e741a50ea4a98771ca554cf72f37fcfa0f8
tcn,clean_only,29,bandpass_n20005_cV5_covariance_s10,phase2/results/predictions/full/clean_only/tcn/seed_29/bandpass_n20005_cV5_covariance_s10.npz,76354,caf51ed9ed574d6308fbbc675b57698d7f969451bc4640ea6d5200f8a0e131de
tcn,clean_only,29,bandpass_n20005_cV5_covariance_s5,phase2/results/predictions/full/clean_only/tcn/seed_29/bandpass_n20005_cV5_covariance_s5.npz,76198,c9109c7d82085a328fd4d07d44efa36d572e28c55fbc1779973aee5285191c55
tcn,clean_only,29,bandpass_n20005_cV5_covariance_s0,phase2/results/predictions/full/clean_only/tcn/seed_29/bandpass_n20005_cV5_covariance_s0.npz,75940,e3e858f276f469b61e224114af6e8b9d8ad6fcf467ea23ffcefe957577744ecf
tcn,clean_only,29,bandpass_n20005_cV6_independent_rms_s20,phase2/results/predictions/full/clean_only/tcn/seed_29/bandpass_n20005_cV6_independent_rms_s20.npz,76421,f7f3c62823bb89db545c7efdbcf1da61e2de9813c86cb88414e8e2bd5f1e0d37
tcn,clean_only,29,bandpass_n20005_cV6_independent_rms_s15,phase2/results/predictions/full/clean_only/tcn/seed_29/bandpass_n20005_cV6_independent_rms_s15.npz,76363,b5aa9bdedffdd564bd246d0c1902a617bb26fadf54162f98ea3f0db8a6828dea
tcn,clean_only,29,bandpass_n20005_cV6_independent_rms_s10,phase2/results/predictions/full/clean_only/tcn/seed_29/bandpass_n20005_cV6_independent_rms_s10.npz,76338,d8b7a93037ef180fb2af962ad07f389e813cac396b044cfe45fbd5f489fe7ac1
tcn,clean_only,29,bandpass_n20005_cV6_independent_rms_s5,phase2/results/predictions/full/clean_only/tcn/seed_29/bandpass_n20005_cV6_independent_rms_s5.npz,76189,0ba34bbad4e3bbe1959f33899b08504b4c38510f8b49b433ad5180f85f6c11b6
tcn,clean_only,29,bandpass_n20005_cV6_independent_rms_s0,phase2/results/predictions/full/clean_only/tcn/seed_29/bandpass_n20005_cV6_independent_rms_s0.npz,75962,af4abbea90b04bea8ac2b5b45da8534b20b0987e7f2095a569fd824313cb0cba
tcn,clean_only,29,bandpass_n20005_cV6_electrode_s20,phase2/results/predictions/full/clean_only/tcn/seed_29/bandpass_n20005_cV6_electrode_s20.npz,76353,a82d51ce7d9f03ee9eabf15482d836e2437768e9049b0671a83fd04ac0ee3f9b
tcn,clean_only,29,bandpass_n20005_cV6_electrode_s15,phase2/results/predictions/full/clean_only/tcn/seed_29/bandpass_n20005_cV6_electrode_s15.npz,76380,351280c0d7ef2b004d44f235e90929b8926c569fd168be50edb6e32699d248fe
tcn,clean_only,29,bandpass_n20005_cV6_electrode_s10,phase2/results/predictions/full/clean_only/tcn/seed_29/bandpass_n20005_cV6_electrode_s10.npz,76337,de54b0d27ca6299320e7d8a423faef159644fe08cfb50157a73395e5c7261f2f
tcn,clean_only,29,bandpass_n20005_cV6_electrode_s5,phase2/results/predictions/full/clean_only/tcn/seed_29/bandpass_n20005_cV6_electrode_s5.npz,76193,2ddc3ed1571845a4d8aca193ddd450cbad10c33d104a56c9c6d9322fef302166
tcn,clean_only,29,bandpass_n20005_cV6_electrode_s0,phase2/results/predictions/full/clean_only/tcn/seed_29/bandpass_n20005_cV6_electrode_s0.npz,75935,478e252fcb8605d2855e5e4f9813b4bdcd2a2131a3f5afcec5c2fee627340a54
tcn,clean_only,29,bandpass_n20005_cV6_covariance_s20,phase2/results/predictions/full/clean_only/tcn/seed_29/bandpass_n20005_cV6_covariance_s20.npz,76384,c57b8c2351a3f4010d2df4116d82916effdb8852f70358daf9786890654a7634
tcn,clean_only,29,bandpass_n20005_cV6_covariance_s15,phase2/results/predictions/full/clean_only/tcn/seed_29/bandpass_n20005_cV6_covariance_s15.npz,76359,e0b729b818dffa61125c83f289363f199d5602ea7aa3f6cf34a45aaa5950c677
tcn,clean_only,29,bandpass_n20005_cV6_covariance_s10,phase2/results/predictions/full/clean_only/tcn/seed_29/bandpass_n20005_cV6_covariance_s10.npz,76317,8ef9d93e52560d73c7f284f84e7e13ec5f95879e146b3cd09b56420dd1cbfd2c
tcn,clean_only,29,bandpass_n20005_cV6_covariance_s5,phase2/results/predictions/full/clean_only/tcn/seed_29/bandpass_n20005_cV6_covariance_s5.npz,76184,06a26dcb313906e9738edf4d7559fe75ed5e38f9e7c8369da7afefe4333b7e43
tcn,clean_only,29,bandpass_n20005_cV6_covariance_s0,phase2/results/predictions/full/clean_only/tcn/seed_29/bandpass_n20005_cV6_covariance_s0.npz,75909,c7e5228d5218d92d3edd536087674f8c183913ca204ccc8e2c145c1595dd6dc6
tcn,clean_only,29,bandpass_n20005_cRA_LA_independent_rms_s20,phase2/results/predictions/full/clean_only/tcn/seed_29/bandpass_n20005_cRA_LA_independent_rms_s20.npz,76395,752e1ac875f3c52956c5fb45755c646cb689faa19186b9b3f96435a37287afc3
tcn,clean_only,29,bandpass_n20005_cRA_LA_independent_rms_s15,phase2/results/predictions/full/clean_only/tcn/seed_29/bandpass_n20005_cRA_LA_independent_rms_s15.npz,76410,21dd0da9e956e8a37808a21daed726abf7b84a58931418b6f4a0f2ebb3d531f6
tcn,clean_only,29,bandpass_n20005_cRA_LA_independent_rms_s10,phase2/results/predictions/full/clean_only/tcn/seed_29/bandpass_n20005_cRA_LA_independent_rms_s10.npz,76292,e345ee40f1082439c9da02e60fff3f33ecc716a90efbe475c8745725ef31253c
tcn,clean_only,29,bandpass_n20005_cRA_LA_independent_rms_s5,phase2/results/predictions/full/clean_only/tcn/seed_29/bandpass_n20005_cRA_LA_independent_rms_s5.npz,76156,eb3287caf07ee53aaa9e34d8d639dd9bb5c519d5c20989cd31ef783e7665a6dc
tcn,clean_only,29,bandpass_n20005_cRA_LA_independent_rms_s0,phase2/results/predictions/full/clean_only/tcn/seed_29/bandpass_n20005_cRA_LA_independent_rms_s0.npz,75813,1a364f5b6a552ab0e32c5ecbb7844302693aed0f517941b5293137d3215571a7
tcn,clean_only,29,bandpass_n20005_cRA_LA_electrode_s20,phase2/results/predictions/full/clean_only/tcn/seed_29/bandpass_n20005_cRA_LA_electrode_s20.npz,76393,b75aee81d06c9e21001f6ed861fd65fcd251e49ddeaafd747e3bdc6525e377a5
tcn,clean_only,29,bandpass_n20005_cRA_LA_electrode_s15,phase2/results/predictions/full/clean_only/tcn/seed_29/bandpass_n20005_cRA_LA_electrode_s15.npz,76369,1e777276cb6301159b07515c9f6d0931f3ec6d1ec0d63427fe0aa886c2e42826
tcn,clean_only,29,bandpass_n20005_cRA_LA_electrode_s10,phase2/results/predictions/full/clean_only/tcn/seed_29/bandpass_n20005_cRA_LA_electrode_s10.npz,76216,30fae5796a16c8263f497a10dab8f4cd49e0f31de857d7fceb8f8229a5b68521
tcn,clean_only,29,bandpass_n20005_cRA_LA_electrode_s5,phase2/results/predictions/full/clean_only/tcn/seed_29/bandpass_n20005_cRA_LA_electrode_s5.npz,75972,39499a5b1219163bdcd08b3156db07076c72025b55a1fed9498808446ff56601
tcn,clean_only,29,bandpass_n20005_cRA_LA_electrode_s0,phase2/results/predictions/full/clean_only/tcn/seed_29/bandpass_n20005_cRA_LA_electrode_s0.npz,75712,9d9d14f8521a1186a0a603595822cc18c61215e339be3d6eb5066fc465543874
tcn,clean_only,29,bandpass_n20005_cRA_LA_covariance_s20,phase2/results/predictions/full/clean_only/tcn/seed_29/bandpass_n20005_cRA_LA_covariance_s20.npz,76361,bd4a433a4b7790d6eb7e1e373275fd147aeaedf8142c3820a8cb38abca935e6d
tcn,clean_only,29,bandpass_n20005_cRA_LA_covariance_s15,phase2/results/predictions/full/clean_only/tcn/seed_29/bandpass_n20005_cRA_LA_covariance_s15.npz,76354,158eac8551b01aaba1e54defe631246bff94b135c066af76927a404f0d7e70f7
tcn,clean_only,29,bandpass_n20005_cRA_LA_covariance_s10,phase2/results/predictions/full/clean_only/tcn/seed_29/bandpass_n20005_cRA_LA_covariance_s10.npz,76239,e06d468f083d9f59ca9e0953bfedec8c59fb44af255646fb42d03f42bffb3337
tcn,clean_only,29,bandpass_n20005_cRA_LA_covariance_s5,phase2/results/predictions/full/clean_only/tcn/seed_29/bandpass_n20005_cRA_LA_covariance_s5.npz,75991,17a6fd2f3184a3c8d4e0dfba52e37c5ca610ce0a044af03468fb456447553f1b
tcn,clean_only,29,bandpass_n20005_cRA_LA_covariance_s0,phase2/results/predictions/full/clean_only/tcn/seed_29/bandpass_n20005_cRA_LA_covariance_s0.npz,75757,83a19f901fc05431a9980c040fb32473a39684493687ed9e6089ebf508f90ed2
tcn,clean_only,29,bandpass_n20005_cLA_LL_independent_rms_s20,phase2/results/predictions/full/clean_only/tcn/seed_29/bandpass_n20005_cLA_LL_independent_rms_s20.npz,76432,0b5c048d86b1039b3a2a9f0cc7bfda5b0bea93409fd7dd3c1d2e677476169f4a
tcn,clean_only,29,bandpass_n20005_cLA_LL_independent_rms_s15,phase2/results/predictions/full/clean_only/tcn/seed_29/bandpass_n20005_cLA_LL_independent_rms_s15.npz,76390,6cffd4c1440b779e93b1e0eb7e17f52fa4009ba60a1a0b29965651645f487b58
tcn,clean_only,29,bandpass_n20005_cLA_LL_independent_rms_s10,phase2/results/predictions/full/clean_only/tcn/seed_29/bandpass_n20005_cLA_LL_independent_rms_s10.npz,76302,3851ca7480a17de2ad89d7b2ec9dc32dddb72e2b3a3160f90c2502ff004c9f79
tcn,clean_only,29,bandpass_n20005_cLA_LL_independent_rms_s5,phase2/results/predictions/full/clean_only/tcn/seed_29/bandpass_n20005_cLA_LL_independent_rms_s5.npz,76131,e069f63958e3f1fae0fc8150ee4ec5e52558826b907419d9788742bcd3ef81b2
tcn,clean_only,29,bandpass_n20005_cLA_LL_independent_rms_s0,phase2/results/predictions/full/clean_only/tcn/seed_29/bandpass_n20005_cLA_LL_independent_rms_s0.npz,75879,a1ecd7a82215b2aae56cd31593ccb16c29a42212edea469338ad65cd04d61897
tcn,clean_only,29,bandpass_n20005_cLA_LL_electrode_s20,phase2/results/predictions/full/clean_only/tcn/seed_29/bandpass_n20005_cLA_LL_electrode_s20.npz,76362,3b4f9ff89d88dc9c77dbd729515d17108c1d91e738c3846ab6fc79c92c4c3be5
tcn,clean_only,29,bandpass_n20005_cLA_LL_electrode_s15,phase2/results/predictions/full/clean_only/tcn/seed_29/bandpass_n20005_cLA_LL_electrode_s15.npz,76344,7c5230934c057c3eeeb6ee8620a62ebac7b9b73b8f59c20b1b0957ba4fb70a1a
tcn,clean_only,29,bandpass_n20005_cLA_LL_electrode_s10,phase2/results/predictions/full/clean_only/tcn/seed_29/bandpass_n20005_cLA_LL_electrode_s10.npz,76264,045b2e477ec716346304415b0c7116e157309a947d21c61b467ff17a0b8fde98
tcn,clean_only,29,bandpass_n20005_cLA_LL_electrode_s5,phase2/results/predictions/full/clean_only/tcn/seed_29/bandpass_n20005_cLA_LL_electrode_s5.npz,75999,52e989734f7309a0e552ae0c6dbc0c67b2ca727e6c8a7fc6b00cd796f879e13b
tcn,clean_only,29,bandpass_n20005_cLA_LL_electrode_s0,phase2/results/predictions/full/clean_only/tcn/seed_29/bandpass_n20005_cLA_LL_electrode_s0.npz,75887,41f5a0e0edd8cac5a36ff0b6fafa8fcc958705cd4aabf3596bf979a4f0d3b347
tcn,clean_only,29,bandpass_n20005_cLA_LL_covariance_s20,phase2/results/predictions/full/clean_only/tcn/seed_29/bandpass_n20005_cLA_LL_covariance_s20.npz,76394,2d0bfad5548a7bdbee7b91afb81c916a542e83b47e23de2051759f57c3c6c98e
tcn,clean_only,29,bandpass_n20005_cLA_LL_covariance_s15,phase2/results/predictions/full/clean_only/tcn/seed_29/bandpass_n20005_cLA_LL_covariance_s15.npz,76323,49d9a75b1d1a64c259fd3cfd0e22138a6d5e90562415cff373e15e5ea428ecdb
tcn,clean_only,29,bandpass_n20005_cLA_LL_covariance_s10,phase2/results/predictions/full/clean_only/tcn/seed_29/bandpass_n20005_cLA_LL_covariance_s10.npz,76241,576f196e87c7c68074e52b87e7e7346116065ee408183bf7bfb4d97024309332
tcn,clean_only,29,bandpass_n20005_cLA_LL_covariance_s5,phase2/results/predictions/full/clean_only/tcn/seed_29/bandpass_n20005_cLA_LL_covariance_s5.npz,75998,cac16a9d2267ccad8874f6c5814ac266d5796e5b1f336f74bf696fca5fef2fd7
tcn,clean_only,29,bandpass_n20005_cLA_LL_covariance_s0,phase2/results/predictions/full/clean_only/tcn/seed_29/bandpass_n20005_cLA_LL_covariance_s0.npz,75868,c62e71f3e3df41f6a824abcfc826e869e9411a7ca99a6f3feed22815a2fa0075
tcn,clean_only,29,bandpass_n20005_cRA_LL_independent_rms_s20,phase2/results/predictions/full/clean_only/tcn/seed_29/bandpass_n20005_cRA_LL_independent_rms_s20.npz,76404,4622121c64b6d24c486fe877f2de62937c4c7c23aa0ea70d2e7ebe80cf01ee57
tcn,clean_only,29,bandpass_n20005_cRA_LL_independent_rms_s15,phase2/results/predictions/full/clean_only/tcn/seed_29/bandpass_n20005_cRA_LL_independent_rms_s15.npz,76376,0cced485a3d515003afe4e83b8ec1ce064b82fd64bb7b9354f5d11d290dcfe29
tcn,clean_only,29,bandpass_n20005_cRA_LL_independent_rms_s10,phase2/results/predictions/full/clean_only/tcn/seed_29/bandpass_n20005_cRA_LL_independent_rms_s10.npz,76298,1a0b1390aa8dc69ce7b21368dbbee6e412aed2bcd12b394903dfaa8eb4f6ac97
tcn,clean_only,29,bandpass_n20005_cRA_LL_independent_rms_s5,phase2/results/predictions/full/clean_only/tcn/seed_29/bandpass_n20005_cRA_LL_independent_rms_s5.npz,76156,670d2d664c5f2065f45c16cae898d814f6d0794a7923c3d495e9621224acab3d
tcn,clean_only,29,bandpass_n20005_cRA_LL_independent_rms_s0,phase2/results/predictions/full/clean_only/tcn/seed_29/bandpass_n20005_cRA_LL_independent_rms_s0.npz,75846,8deff56d1b830c84515723664658a47580b95d62503711129762ba130f061c63
tcn,clean_only,29,bandpass_n20005_cRA_LL_electrode_s20,phase2/results/predictions/full/clean_only/tcn/seed_29/bandpass_n20005_cRA_LL_electrode_s20.npz,76391,30a947e9d8df63dd24e21ad70fa2a73763d91bfb86f5b2253c1c1490903a786d
tcn,clean_only,29,bandpass_n20005_cRA_LL_electrode_s15,phase2/results/predictions/full/clean_only/tcn/seed_29/bandpass_n20005_cRA_LL_electrode_s15.npz,76346,fce8c4384c3120482390b72806261419234001483b936eb77433c8332c75442e
tcn,clean_only,29,bandpass_n20005_cRA_LL_electrode_s10,phase2/results/predictions/full/clean_only/tcn/seed_29/bandpass_n20005_cRA_LL_electrode_s10.npz,76232,e08beb5b9e88da51d14519d2f5fdfb501185f60eef094e756e76438872208f65
tcn,clean_only,29,bandpass_n20005_cRA_LL_electrode_s5,phase2/results/predictions/full/clean_only/tcn/seed_29/bandpass_n20005_cRA_LL_electrode_s5.npz,75939,f8f5a885affbbd4239b1e1f6cb33dfa06baffde950357820d3686e207df6f23d
tcn,clean_only,29,bandpass_n20005_cRA_LL_electrode_s0,phase2/results/predictions/full/clean_only/tcn/seed_29/bandpass_n20005_cRA_LL_electrode_s0.npz,75715,0fb3006fd3b5d02dfde7e097f7c9ef079a15a05207db06d2e777717077280fba
tcn,clean_only,29,bandpass_n20005_cRA_LL_covariance_s20,phase2/results/predictions/full/clean_only/tcn/seed_29/bandpass_n20005_cRA_LL_covariance_s20.npz,76390,fe2a14e6047e1a6ac02578763bfc54d1b1c0a7b2b68beed21c87b0c79a0f3fc1
tcn,clean_only,29,bandpass_n20005_cRA_LL_covariance_s15,phase2/results/predictions/full/clean_only/tcn/seed_29/bandpass_n20005_cRA_LL_covariance_s15.npz,76343,93a04fe30d112b1e2f8f802824aa7af534bf192977012eb4eb86522865bad0ec
tcn,clean_only,29,bandpass_n20005_cRA_LL_covariance_s10,phase2/results/predictions/full/clean_only/tcn/seed_29/bandpass_n20005_cRA_LL_covariance_s10.npz,76216,6a1c221827ff119d79546648541842b40710c3767343c0fb4c598d0dc0d5df1b
tcn,clean_only,29,bandpass_n20005_cRA_LL_covariance_s5,phase2/results/predictions/full/clean_only/tcn/seed_29/bandpass_n20005_cRA_LL_covariance_s5.npz,75959,928234109857ca4c1ab81a1979f799dc53817ed1b8cafc9563bfd438f52ed6c9
tcn,clean_only,29,bandpass_n20005_cRA_LL_covariance_s0,phase2/results/predictions/full/clean_only/tcn/seed_29/bandpass_n20005_cRA_LL_covariance_s0.npz,75745,7e0d7a691ff018f04949f1b80e15a04fca9858a9a8073a0e185ae07bc5f06bdc
tcn,clean_only,29,bandpass_n20005_cRA_independent_rms_s20,phase2/results/predictions/full/clean_only/tcn/seed_29/bandpass_n20005_cRA_independent_rms_s20.npz,76380,e61da942c9f31e105d0dd061fd50f1f029544e9514cd3c6edb8bd1c6d4a06083
tcn,clean_only,29,bandpass_n20005_cRA_independent_rms_s15,phase2/results/predictions/full/clean_only/tcn/seed_29/bandpass_n20005_cRA_independent_rms_s15.npz,76382,c5a82c6643801c6ec5b34dd336a3e5ffd353876d3fd29daccb35408dd9a41647
tcn,clean_only,29,bandpass_n20005_cRA_independent_rms_s10,phase2/results/predictions/full/clean_only/tcn/seed_29/bandpass_n20005_cRA_independent_rms_s10.npz,76291,7d2c17102f0831dce67ee13e24af1e084917e3bb8450e436926c452f7088d18f
tcn,clean_only,29,bandpass_n20005_cRA_independent_rms_s5,phase2/results/predictions/full/clean_only/tcn/seed_29/bandpass_n20005_cRA_independent_rms_s5.npz,76108,21807fba4933fe820233bd31ffed3cf296c4524182877b3b661439a0496dbe26
tcn,clean_only,29,bandpass_n20005_cRA_independent_rms_s0,phase2/results/predictions/full/clean_only/tcn/seed_29/bandpass_n20005_cRA_independent_rms_s0.npz,75866,d7f6f7afdd5e8a11302137aa263d8dfe4a5e16f8b1db63b6816322e02c174c8b
tcn,clean_only,29,bandpass_n20005_cRA_electrode_s20,phase2/results/predictions/full/clean_only/tcn/seed_29/bandpass_n20005_cRA_electrode_s20.npz,76353,523da998c738c93112a51ebe3154e683b4eb7ced6ef23e7a6cada9fbe8da0b9c
tcn,clean_only,29,bandpass_n20005_cRA_electrode_s15,phase2/results/predictions/full/clean_only/tcn/seed_29/bandpass_n20005_cRA_electrode_s15.npz,76346,c62e92b776cf16f7c8a0e5dc4dfd25c6b5dfa202aa17f51a3845b81c49bb71d9
tcn,clean_only,29,bandpass_n20005_cRA_electrode_s10,phase2/results/predictions/full/clean_only/tcn/seed_29/bandpass_n20005_cRA_electrode_s10.npz,76187,9b065fcf0c21302bd4a4852bb2c6b858517d4f3e2dec025fb9d73d2cfffb0c61
tcn,clean_only,29,bandpass_n20005_cRA_electrode_s5,phase2/results/predictions/full/clean_only/tcn/seed_29/bandpass_n20005_cRA_electrode_s5.npz,75931,d04608473a7475c9cd3b6ccd37eb24d5070f4fbc0dd00e26e2d1a3f24cdf75a2
tcn,clean_only,29,bandpass_n20005_cRA_electrode_s0,phase2/results/predictions/full/clean_only/tcn/seed_29/bandpass_n20005_cRA_electrode_s0.npz,75588,65aa5536ddf079e9cb967cbb8e692e0daa4019e8f11dd336ebff618e73713cc4
tcn,clean_only,29,bandpass_n20005_cRA_covariance_s20,phase2/results/predictions/full/clean_only/tcn/seed_29/bandpass_n20005_cRA_covariance_s20.npz,76355,65a226a049586f7406182232fce9a6a9ca7f48f9068df1c716e0315500bfe03a
tcn,clean_only,29,bandpass_n20005_cRA_covariance_s15,phase2/results/predictions/full/clean_only/tcn/seed_29/bandpass_n20005_cRA_covariance_s15.npz,76348,47ead3546aa396621b7e8ff6cfac8c75adbfed380c30fc1971d3d373ee2ec926
tcn,clean_only,29,bandpass_n20005_cRA_covariance_s10,phase2/results/predictions/full/clean_only/tcn/seed_29/bandpass_n20005_cRA_covariance_s10.npz,76202,cf4ab3b39e69be4990706db16b90c9adedaef2b68953c79d6e2dfda15c737c02
tcn,clean_only,29,bandpass_n20005_cRA_covariance_s5,phase2/results/predictions/full/clean_only/tcn/seed_29/bandpass_n20005_cRA_covariance_s5.npz,75949,b26e05ad62b2c71732fa6b1a4e3e167aed8bf9e656c512b0d1a3026257731065
tcn,clean_only,29,bandpass_n20005_cRA_covariance_s0,phase2/results/predictions/full/clean_only/tcn/seed_29/bandpass_n20005_cRA_covariance_s0.npz,75546,6dd8695cfc0ef6887f9701c4dfdd706002d00672c0c3d461b7bea91ad9086a15
tcn,clean_only,29,bandpass_n20005_cLA_independent_rms_s20,phase2/results/predictions/full/clean_only/tcn/seed_29/bandpass_n20005_cLA_independent_rms_s20.npz,76404,18e54065c0df680a4be9ad8be832685134b64f107b426f53ce122e25eb608a0b
tcn,clean_only,29,bandpass_n20005_cLA_independent_rms_s15,phase2/results/predictions/full/clean_only/tcn/seed_29/bandpass_n20005_cLA_independent_rms_s15.npz,76381,9b1036bcccb8a17d1237ac71970b63dfd0ce5c027bf0df4946d623cd84178ab9
tcn,clean_only,29,bandpass_n20005_cLA_independent_rms_s10,phase2/results/predictions/full/clean_only/tcn/seed_29/bandpass_n20005_cLA_independent_rms_s10.npz,76348,3302826ecda1190b7e476086cb3e54e9f7768c10638bf4f69ccf733b49fb8190
tcn,clean_only,29,bandpass_n20005_cLA_independent_rms_s5,phase2/results/predictions/full/clean_only/tcn/seed_29/bandpass_n20005_cLA_independent_rms_s5.npz,76117,3831d47181abac737bbbe80fe60cdaec33cf8ecadeadaac91bc3c8ec763a033a
tcn,clean_only,29,bandpass_n20005_cLA_independent_rms_s0,phase2/results/predictions/full/clean_only/tcn/seed_29/bandpass_n20005_cLA_independent_rms_s0.npz,75844,e1d9a0ff1bb5fe909e5748eb04b7ab6a68b035faa249a2eabda3093cd8747fa3
tcn,clean_only,29,bandpass_n20005_cLA_electrode_s20,phase2/results/predictions/full/clean_only/tcn/seed_29/bandpass_n20005_cLA_electrode_s20.npz,76362,2a368bdfa4c70dc9ca83a0d10943c17e56f7cb24b92e087114c9ce2ef8f0202b
tcn,clean_only,29,bandpass_n20005_cLA_electrode_s15,phase2/results/predictions/full/clean_only/tcn/seed_29/bandpass_n20005_cLA_electrode_s15.npz,76374,1893d1750ccf735b1869f1423c58ff30b0efa455d15f026d1ec8bbf75cd68046
tcn,clean_only,29,bandpass_n20005_cLA_electrode_s10,phase2/results/predictions/full/clean_only/tcn/seed_29/bandpass_n20005_cLA_electrode_s10.npz,76233,472f6dc2772c504d1f6c9ad0f97eb6e58c8612eadf6b65393440d39d24f5555d
tcn,clean_only,29,bandpass_n20005_cLA_electrode_s5,phase2/results/predictions/full/clean_only/tcn/seed_29/bandpass_n20005_cLA_electrode_s5.npz,76003,2f4a7076001cd595baefddf293c5265f09b9027115c4060618947dd983348aff
tcn,clean_only,29,bandpass_n20005_cLA_electrode_s0,phase2/results/predictions/full/clean_only/tcn/seed_29/bandpass_n20005_cLA_electrode_s0.npz,75816,93fe6275b6c739b9ea82077170a9f8c44e486ab602a6fd66a6d8a47903afd09e
tcn,clean_only,29,bandpass_n20005_cLA_covariance_s20,phase2/results/predictions/full/clean_only/tcn/seed_29/bandpass_n20005_cLA_covariance_s20.npz,76407,d5bdce1da117a70eda253ce0fe01f0b3c0a568d40638b197772d3f924ab47fed
tcn,clean_only,29,bandpass_n20005_cLA_covariance_s15,phase2/results/predictions/full/clean_only/tcn/seed_29/bandpass_n20005_cLA_covariance_s15.npz,76374,b70874c99e9c8f851690ccb19c58f2f714fad2341ecf36a04d659770c22e7339
tcn,clean_only,29,bandpass_n20005_cLA_covariance_s10,phase2/results/predictions/full/clean_only/tcn/seed_29/bandpass_n20005_cLA_covariance_s10.npz,76225,1fecdbf035fce940f3038c0f2193bb3c020fade95f6facf1edad8fdf5241e72d
tcn,clean_only,29,bandpass_n20005_cLA_covariance_s5,phase2/results/predictions/full/clean_only/tcn/seed_29/bandpass_n20005_cLA_covariance_s5.npz,76028,2755e2625b1764e5df870f58a8b1bae4896804b9f3c9a10e9a766e10fd51d85d
tcn,clean_only,29,bandpass_n20005_cLA_covariance_s0,phase2/results/predictions/full/clean_only/tcn/seed_29/bandpass_n20005_cLA_covariance_s0.npz,75812,32a0b44e3ada5d69494cb7112007a22d8296c9e804f35042d435bc1502552d2a
tcn,clean_only,29,bandpass_n20005_cLL_independent_rms_s20,phase2/results/predictions/full/clean_only/tcn/seed_29/bandpass_n20005_cLL_independent_rms_s20.npz,76387,03c6e67b3f70f111bc5dcaf9c853c59eeffc741cf56e5c3baa306e171314c7a3
tcn,clean_only,29,bandpass_n20005_cLL_independent_rms_s15,phase2/results/predictions/full/clean_only/tcn/seed_29/bandpass_n20005_cLL_independent_rms_s15.npz,76360,ffc9ce41574eb172fabaa59962f861a66333c2fe6339519dfc7b4c35587da995
tcn,clean_only,29,bandpass_n20005_cLL_independent_rms_s10,phase2/results/predictions/full/clean_only/tcn/seed_29/bandpass_n20005_cLL_independent_rms_s10.npz,76308,6ee19ff9086010b434f57923a895edb8ab984b61ba8ad95927d4c63cddb84618
tcn,clean_only,29,bandpass_n20005_cLL_independent_rms_s5,phase2/results/predictions/full/clean_only/tcn/seed_29/bandpass_n20005_cLL_independent_rms_s5.npz,76133,3c46ac61bf10b5669967a7c215a147bebb8c4b5c76a647e29b9f7ac7e087508d
tcn,clean_only,29,bandpass_n20005_cLL_independent_rms_s0,phase2/results/predictions/full/clean_only/tcn/seed_29/bandpass_n20005_cLL_independent_rms_s0.npz,75833,74720ab935f84e87e892f4dcceadd768f5705f024151f9ef39ba0683d2f77ed8
tcn,clean_only,29,bandpass_n20005_cLL_electrode_s20,phase2/results/predictions/full/clean_only/tcn/seed_29/bandpass_n20005_cLL_electrode_s20.npz,76407,8c5d86e6fbb0ac05e545d5cab25ab6c19e3dd67e6c62ae6b15ac0f13fb550d24
tcn,clean_only,29,bandpass_n20005_cLL_electrode_s15,phase2/results/predictions/full/clean_only/tcn/seed_29/bandpass_n20005_cLL_electrode_s15.npz,76328,9324d55655308c3813e4b8a90596f8d9d790f6bb0794cd365037198836d5c0e9
tcn,clean_only,29,bandpass_n20005_cLL_electrode_s10,phase2/results/predictions/full/clean_only/tcn/seed_29/bandpass_n20005_cLL_electrode_s10.npz,76236,9dc2e9dd9666ea4b7180dd55a7197b6294f3e53ea0eceeedcb993f1bf3430278
tcn,clean_only,29,bandpass_n20005_cLL_electrode_s5,phase2/results/predictions/full/clean_only/tcn/seed_29/bandpass_n20005_cLL_electrode_s5.npz,75979,fc9f370d73f925387cec3042ca82a5c30156e73b30809d7c9b0e5a6f51c1530b
tcn,clean_only,29,bandpass_n20005_cLL_electrode_s0,phase2/results/predictions/full/clean_only/tcn/seed_29/bandpass_n20005_cLL_electrode_s0.npz,75928,e18b336956acc5c8b74fbd5b56bb9062bf153aa60fabed8fc2b0e5f44887c2ec
tcn,clean_only,29,bandpass_n20005_cLL_covariance_s20,phase2/results/predictions/full/clean_only/tcn/seed_29/bandpass_n20005_cLL_covariance_s20.npz,76390,dc464c0631a4f42f7ca7e723b6c3d408d8c7fdbe4b1ecd9bfdf608d11b98a16a
tcn,clean_only,29,bandpass_n20005_cLL_covariance_s15,phase2/results/predictions/full/clean_only/tcn/seed_29/bandpass_n20005_cLL_covariance_s15.npz,76348,044cccb3e9a93c98ca406cd714bfe48297eb21b8d6a8f30c48d9ef72e659646b
tcn,clean_only,29,bandpass_n20005_cLL_covariance_s10,phase2/results/predictions/full/clean_only/tcn/seed_29/bandpass_n20005_cLL_covariance_s10.npz,76227,213810744ec1abd9d2bbc4b5b38473e638708b24e21aa5e92ab8c08efdb472f7
tcn,clean_only,29,bandpass_n20005_cLL_covariance_s5,phase2/results/predictions/full/clean_only/tcn/seed_29/bandpass_n20005_cLL_covariance_s5.npz,75972,06dc0b14642fd1282c76e4d2fcf9cbf83fcc0e2b21e6863e8041c535822f1285
tcn,clean_only,29,bandpass_n20005_cLL_covariance_s0,phase2/results/predictions/full/clean_only/tcn/seed_29/bandpass_n20005_cLL_covariance_s0.npz,75924,56dcfde34322b173c1869ede7827e027039d218bc510b4a1eda2e08e2966c9c7
tcn,clean_only,29,bandpass_n20005_cRA_V1_independent_rms_s20,phase2/results/predictions/full/clean_only/tcn/seed_29/bandpass_n20005_cRA_V1_independent_rms_s20.npz,76399,4dbfde182e598ca02c2f2589fa56f53169c2afce3a47d1a7969218e6a936fbde
tcn,clean_only,29,bandpass_n20005_cRA_V1_independent_rms_s15,phase2/results/predictions/full/clean_only/tcn/seed_29/bandpass_n20005_cRA_V1_independent_rms_s15.npz,76401,a6683cad6d6663d9364103d74f45db5fc113456911146b15fe573da2538296f7
tcn,clean_only,29,bandpass_n20005_cRA_V1_independent_rms_s10,phase2/results/predictions/full/clean_only/tcn/seed_29/bandpass_n20005_cRA_V1_independent_rms_s10.npz,76333,c5ce890d61831af649cb5504a547ce7bc5ee693d37973e61ab311f51960eca12
tcn,clean_only,29,bandpass_n20005_cRA_V1_independent_rms_s5,phase2/results/predictions/full/clean_only/tcn/seed_29/bandpass_n20005_cRA_V1_independent_rms_s5.npz,76120,8e1fd60f52587c38af3fe7353e58ce4fe9f00f601a0e74fc0863f5f0a2895515
tcn,clean_only,29,bandpass_n20005_cRA_V1_independent_rms_s0,phase2/results/predictions/full/clean_only/tcn/seed_29/bandpass_n20005_cRA_V1_independent_rms_s0.npz,75824,2bd6c512e4440bbd2e7050b3923edb43940163961018510c68b23e44a0955f37
tcn,clean_only,29,bandpass_n20005_cRA_V1_electrode_s20,phase2/results/predictions/full/clean_only/tcn/seed_29/bandpass_n20005_cRA_V1_electrode_s20.npz,76363,9ed4f63d353c63b2843fe62cc6f0343adf0933816215cb548b6477fbf4061ad4
tcn,clean_only,29,bandpass_n20005_cRA_V1_electrode_s15,phase2/results/predictions/full/clean_only/tcn/seed_29/bandpass_n20005_cRA_V1_electrode_s15.npz,76342,be48fe8878622e35b285796917398453dbfffe30a3bf62cc795765747b71fce7
tcn,clean_only,29,bandpass_n20005_cRA_V1_electrode_s10,phase2/results/predictions/full/clean_only/tcn/seed_29/bandpass_n20005_cRA_V1_electrode_s10.npz,76194,ce34a0483dbf9a39d950b70deac02d2ba3a49b28cbef2124eb2f095d57bbd22a
tcn,clean_only,29,bandpass_n20005_cRA_V1_electrode_s5,phase2/results/predictions/full/clean_only/tcn/seed_29/bandpass_n20005_cRA_V1_electrode_s5.npz,75942,c41fb9697966ab9bcf5a9e07c3d47e45a2ae0b41beaa4c556b95d9abd5f13a57
tcn,clean_only,29,bandpass_n20005_cRA_V1_electrode_s0,phase2/results/predictions/full/clean_only/tcn/seed_29/bandpass_n20005_cRA_V1_electrode_s0.npz,75557,19ad62c1deb390983edef9c5bb3cb8d1004823e6ef8fb8d44abeefcd881ce2fd
tcn,clean_only,29,bandpass_n20005_cRA_V1_covariance_s20,phase2/results/predictions/full/clean_only/tcn/seed_29/bandpass_n20005_cRA_V1_covariance_s20.npz,76404,fc212b483881063149e2ff4d58b4840bc456ca4d4a323d59b59c10619c9a67c6
tcn,clean_only,29,bandpass_n20005_cRA_V1_covariance_s15,phase2/results/predictions/full/clean_only/tcn/seed_29/bandpass_n20005_cRA_V1_covariance_s15.npz,76392,d781b9e9268e5307ec7633057b7f931a33e13fa25199869b325b6d43ac48b837
tcn,clean_only,29,bandpass_n20005_cRA_V1_covariance_s10,phase2/results/predictions/full/clean_only/tcn/seed_29/bandpass_n20005_cRA_V1_covariance_s10.npz,76204,4a85b2e61ed6fc256297883779fb97c941eb679ed6d8bf4946b4954d88008feb
tcn,clean_only,29,bandpass_n20005_cRA_V1_covariance_s5,phase2/results/predictions/full/clean_only/tcn/seed_29/bandpass_n20005_cRA_V1_covariance_s5.npz,75924,7c98033bf3f836754e1367efc643726c36a92a13545c12626eff938344d20b9f
tcn,clean_only,29,bandpass_n20005_cRA_V1_covariance_s0,phase2/results/predictions/full/clean_only/tcn/seed_29/bandpass_n20005_cRA_V1_covariance_s0.npz,75620,3a14bdc5cdd29b629e454662d2bb5ed0963cf66c22ed0a19e6c1a1eddb79e797
tcn,clean_only,29,bandpass_n20005_cLA_V6_independent_rms_s20,phase2/results/predictions/full/clean_only/tcn/seed_29/bandpass_n20005_cLA_V6_independent_rms_s20.npz,76423,24665b9d19367711d69604331f33bf9075f96542713896ebc2e8f19ce2d104ad
tcn,clean_only,29,bandpass_n20005_cLA_V6_independent_rms_s15,phase2/results/predictions/full/clean_only/tcn/seed_29/bandpass_n20005_cLA_V6_independent_rms_s15.npz,76365,d11c558d8b5271e3c27c7bdfdb677eedc3e6d195d8e638735c3868c21af76229
tcn,clean_only,29,bandpass_n20005_cLA_V6_independent_rms_s10,phase2/results/predictions/full/clean_only/tcn/seed_29/bandpass_n20005_cLA_V6_independent_rms_s10.npz,76358,ea417f7c868f1c1e3c39d6cf00b797e680b4c24cd95a1912a368521ff32e5713
tcn,clean_only,29,bandpass_n20005_cLA_V6_independent_rms_s5,phase2/results/predictions/full/clean_only/tcn/seed_29/bandpass_n20005_cLA_V6_independent_rms_s5.npz,76147,52a00633c6520cb303e7b3e7864afe1ca56f4dbb8e1c1dc6cfb58c345b3e01aa
tcn,clean_only,29,bandpass_n20005_cLA_V6_independent_rms_s0,phase2/results/predictions/full/clean_only/tcn/seed_29/bandpass_n20005_cLA_V6_independent_rms_s0.npz,75892,f8c7d5c5b511752fb0267bc95b8a2ba33b2933f658ab0dbc0e4b17a739c4a71c
tcn,clean_only,29,bandpass_n20005_cLA_V6_electrode_s20,phase2/results/predictions/full/clean_only/tcn/seed_29/bandpass_n20005_cLA_V6_electrode_s20.npz,76367,92a41131c086d8120a58b7e1897a57077d70c7f3ec8913977f4334c4c08242ef
tcn,clean_only,29,bandpass_n20005_cLA_V6_electrode_s15,phase2/results/predictions/full/clean_only/tcn/seed_29/bandpass_n20005_cLA_V6_electrode_s15.npz,76390,77020e552dc45b165cd5f6695d4cba49954c0028fa3a65dade586acf3fa601c1
tcn,clean_only,29,bandpass_n20005_cLA_V6_electrode_s10,phase2/results/predictions/full/clean_only/tcn/seed_29/bandpass_n20005_cLA_V6_electrode_s10.npz,76254,d337bd9eac7dc791bcfa0c5d4de81a84f20ac634cefc112290c52517173355ff
tcn,clean_only,29,bandpass_n20005_cLA_V6_electrode_s5,phase2/results/predictions/full/clean_only/tcn/seed_29/bandpass_n20005_cLA_V6_electrode_s5.npz,76032,77323bc7c29e951c5a63041a8ac30732fb05826e2e849b334b6bd6810ee5b99b
tcn,clean_only,29,bandpass_n20005_cLA_V6_electrode_s0,phase2/results/predictions/full/clean_only/tcn/seed_29/bandpass_n20005_cLA_V6_electrode_s0.npz,75847,b90ece92639ae98b7dda5d23e37439f8126f406d1f03ffb921674bbf0692a98d
tcn,clean_only,29,bandpass_n20005_cLA_V6_covariance_s20,phase2/results/predictions/full/clean_only/tcn/seed_29/bandpass_n20005_cLA_V6_covariance_s20.npz,76391,12f41a43b132a8885260e0f0973a93bd35c61838d83b9f7faa51a1699216bb6e
tcn,clean_only,29,bandpass_n20005_cLA_V6_covariance_s15,phase2/results/predictions/full/clean_only/tcn/seed_29/bandpass_n20005_cLA_V6_covariance_s15.npz,76353,99a764d6a106b317389312e217df2deb82219a0c5db74bda9f81e9c54f7bbf8e
tcn,clean_only,29,bandpass_n20005_cLA_V6_covariance_s10,phase2/results/predictions/full/clean_only/tcn/seed_29/bandpass_n20005_cLA_V6_covariance_s10.npz,76250,8ec5c4a1fadbbc9e0b8f9207cc604e82b2cdce09cb4a5dbe89abc284483a0f09
tcn,clean_only,29,bandpass_n20005_cLA_V6_covariance_s5,phase2/results/predictions/full/clean_only/tcn/seed_29/bandpass_n20005_cLA_V6_covariance_s5.npz,76072,df354f0b0b3a7cd330efa279199f1eac3353130614c75984eace1e20f0aa727b
tcn,clean_only,29,bandpass_n20005_cLA_V6_covariance_s0,phase2/results/predictions/full/clean_only/tcn/seed_29/bandpass_n20005_cLA_V6_covariance_s0.npz,75872,51a31b0ae62d00d8fb4ddc03a6929e76cdc81cc8a5af844b25c7fdfecc6a8bdf
tcn,clean_only,29,bandpass_n20005_cLL_V4_independent_rms_s20,phase2/results/predictions/full/clean_only/tcn/seed_29/bandpass_n20005_cLL_V4_independent_rms_s20.npz,76384,c38e89f6b49e0f7258d3200a48d37e16d33c6d3640ede6df8feeba92384c3b81
tcn,clean_only,29,bandpass_n20005_cLL_V4_independent_rms_s15,phase2/results/predictions/full/clean_only/tcn/seed_29/bandpass_n20005_cLL_V4_independent_rms_s15.npz,76375,18f73e6098a7fcc361963e7ba484a5d071f23341e1bbc0c1badab7b53527cd1d
tcn,clean_only,29,bandpass_n20005_cLL_V4_independent_rms_s10,phase2/results/predictions/full/clean_only/tcn/seed_29/bandpass_n20005_cLL_V4_independent_rms_s10.npz,76312,39098f982dda52629eb8bcbdad067dbad94054be9ac8724d122e11960452a9d4
tcn,clean_only,29,bandpass_n20005_cLL_V4_independent_rms_s5,phase2/results/predictions/full/clean_only/tcn/seed_29/bandpass_n20005_cLL_V4_independent_rms_s5.npz,76170,3ae1046a49e6cd3f7ae341c659c3e4883951386cb4c484d22ed035e98304a585
tcn,clean_only,29,bandpass_n20005_cLL_V4_independent_rms_s0,phase2/results/predictions/full/clean_only/tcn/seed_29/bandpass_n20005_cLL_V4_independent_rms_s0.npz,75918,3a1d8ca7dd079658dd3d1cef775cd4e2197108ae79a10b3f52252d1a7ddfe965
tcn,clean_only,29,bandpass_n20005_cLL_V4_electrode_s20,phase2/results/predictions/full/clean_only/tcn/seed_29/bandpass_n20005_cLL_V4_electrode_s20.npz,76390,429dd0778e39913702ef318bf5ca0e4ca34d59db1fde7a0b0365ab8a97a142d5
tcn,clean_only,29,bandpass_n20005_cLL_V4_electrode_s15,phase2/results/predictions/full/clean_only/tcn/seed_29/bandpass_n20005_cLL_V4_electrode_s15.npz,76359,582779f90fcb5a066fe92d2ca3dc0ece8983eb603f77aaa903b03c49c2c03977
tcn,clean_only,29,bandpass_n20005_cLL_V4_electrode_s10,phase2/results/predictions/full/clean_only/tcn/seed_29/bandpass_n20005_cLL_V4_electrode_s10.npz,76238,6a95122d1d74bb65e325f1a6ee9b41a91ca538d0087bf134d9c331d0de529269
tcn,clean_only,29,bandpass_n20005_cLL_V4_electrode_s5,phase2/results/predictions/full/clean_only/tcn/seed_29/bandpass_n20005_cLL_V4_electrode_s5.npz,76011,6b37ddce4e6e83b12f4b2e7bd181844177dd3b173b3311656d026a6bc21ff3c6
tcn,clean_only,29,bandpass_n20005_cLL_V4_electrode_s0,phase2/results/predictions/full/clean_only/tcn/seed_29/bandpass_n20005_cLL_V4_electrode_s0.npz,75960,8956827b6262193e6c873aa6dccbcb105bb55ca8eed0cde8518fc9fd01a9eb0d
tcn,clean_only,29,bandpass_n20005_cLL_V4_covariance_s20,phase2/results/predictions/full/clean_only/tcn/seed_29/bandpass_n20005_cLL_V4_covariance_s20.npz,76391,d97ce8a2c829ad8cce3d5930a5e90ed2ecc60f4e7f72f2fe9ff96ca17b03d279
tcn,clean_only,29,bandpass_n20005_cLL_V4_covariance_s15,phase2/results/predictions/full/clean_only/tcn/seed_29/bandpass_n20005_cLL_V4_covariance_s15.npz,76353,1807924a1dfe8858e81bf937362f9e1fdbabaa6bb9b4f8e71877f3e687446d2f
tcn,clean_only,29,bandpass_n20005_cLL_V4_covariance_s10,phase2/results/predictions/full/clean_only/tcn/seed_29/bandpass_n20005_cLL_V4_covariance_s10.npz,76246,5ea3903ae4a48c8f96e0009d938fa9b60122487f7998ea1cfb7c9aaec7259376
tcn,clean_only,29,bandpass_n20005_cLL_V4_covariance_s5,phase2/results/predictions/full/clean_only/tcn/seed_29/bandpass_n20005_cLL_V4_covariance_s5.npz,76028,46df8722495430251e3b686defafc6f7c8c01d5897568e9fd970486bc61c93bc
tcn,clean_only,29,bandpass_n20005_cLL_V4_covariance_s0,phase2/results/predictions/full/clean_only/tcn/seed_29/bandpass_n20005_cLL_V4_covariance_s0.npz,75935,a21ba2410b75dfb2760c8d17ebfef309af4fe9e8c3a893419b4486b3a1803e8d
tcn,clean_only,29,bandpass_n20005_cRA_LA_V1_V6_independent_rms_s20,phase2/results/predictions/full/clean_only/tcn/seed_29/bandpass_n20005_cRA_LA_V1_V6_independent_rms_s20.npz,76415,a5a5027128457c059cb7a1a6bf3b320527e88cd9fd4b3fe3315f8ee26295e4c0
tcn,clean_only,29,bandpass_n20005_cRA_LA_V1_V6_independent_rms_s15,phase2/results/predictions/full/clean_only/tcn/seed_29/bandpass_n20005_cRA_LA_V1_V6_independent_rms_s15.npz,76446,a487ebb83ca1f1154c018eb32c96aa37587f50e9bd322596196750402488fb64
tcn,clean_only,29,bandpass_n20005_cRA_LA_V1_V6_independent_rms_s10,phase2/results/predictions/full/clean_only/tcn/seed_29/bandpass_n20005_cRA_LA_V1_V6_independent_rms_s10.npz,76324,f400b819bf2270827b9bfcb7478c47b6ca7a80e77df6ff0276b9e27c5c98e29e
tcn,clean_only,29,bandpass_n20005_cRA_LA_V1_V6_independent_rms_s5,phase2/results/predictions/full/clean_only/tcn/seed_29/bandpass_n20005_cRA_LA_V1_V6_independent_rms_s5.npz,76146,a96a6f9b19d9df48c758c4e36e475a28251c3acb57b6c87a3f5014b91ef26d45
tcn,clean_only,29,bandpass_n20005_cRA_LA_V1_V6_independent_rms_s0,phase2/results/predictions/full/clean_only/tcn/seed_29/bandpass_n20005_cRA_LA_V1_V6_independent_rms_s0.npz,75855,bd06f31fe0bdfc8d5ccf24b077eeb74cc2bdcf607d2d48c5fa6c2b7d41fbec5a
tcn,clean_only,29,bandpass_n20005_cRA_LA_V1_V6_electrode_s20,phase2/results/predictions/full/clean_only/tcn/seed_29/bandpass_n20005_cRA_LA_V1_V6_electrode_s20.npz,76360,db6749a726b6bc614c0ea0442ec58de6a2334e613b5248a630c2b2c496bff0e0
tcn,clean_only,29,bandpass_n20005_cRA_LA_V1_V6_electrode_s15,phase2/results/predictions/full/clean_only/tcn/seed_29/bandpass_n20005_cRA_LA_V1_V6_electrode_s15.npz,76411,f6b122e5e86363c12644b323995343d75d8831f9417185ae8bb17d8132ff72f3
tcn,clean_only,29,bandpass_n20005_cRA_LA_V1_V6_electrode_s10,phase2/results/predictions/full/clean_only/tcn/seed_29/bandpass_n20005_cRA_LA_V1_V6_electrode_s10.npz,76261,5f01598ed1060832482ed5ad88a31fb0c91fb202d59447b5bb4b3321c411f192
tcn,clean_only,29,bandpass_n20005_cRA_LA_V1_V6_electrode_s5,phase2/results/predictions/full/clean_only/tcn/seed_29/bandpass_n20005_cRA_LA_V1_V6_electrode_s5.npz,76000,33d43e4dc59e76414d2781d33f6f094d0d3b6875ff2ec51788f0571c4569ee94
tcn,clean_only,29,bandpass_n20005_cRA_LA_V1_V6_electrode_s0,phase2/results/predictions/full/clean_only/tcn/seed_29/bandpass_n20005_cRA_LA_V1_V6_electrode_s0.npz,75749,20400402551630772d74b19d109c077351ebdf6f2d3ed4e158a362d97527f19f
tcn,clean_only,29,bandpass_n20005_cRA_LA_V1_V6_covariance_s20,phase2/results/predictions/full/clean_only/tcn/seed_29/bandpass_n20005_cRA_LA_V1_V6_covariance_s20.npz,76372,56d2e4179328d21823b3f93685b6b5dc9cc5305e990fb38f76efe1aa98a87219
tcn,clean_only,29,bandpass_n20005_cRA_LA_V1_V6_covariance_s15,phase2/results/predictions/full/clean_only/tcn/seed_29/bandpass_n20005_cRA_LA_V1_V6_covariance_s15.npz,76381,0124c7d1843855af2961258e29a034105f128ab90fc222dd622eab86adca76fa
tcn,clean_only,29,bandpass_n20005_cRA_LA_V1_V6_covariance_s10,phase2/results/predictions/full/clean_only/tcn/seed_29/bandpass_n20005_cRA_LA_V1_V6_covariance_s10.npz,76306,dce22652e5658bc5fbd7b9d351ce9034278263442533e175741e682251e62cd6
tcn,clean_only,29,bandpass_n20005_cRA_LA_V1_V6_covariance_s5,phase2/results/predictions/full/clean_only/tcn/seed_29/bandpass_n20005_cRA_LA_V1_V6_covariance_s5.npz,75979,29929dd2a62329b9250e1bb341d6772e2e6b717e04b3e8c5f83d37f5aab4ae24
tcn,clean_only,29,bandpass_n20005_cRA_LA_V1_V6_covariance_s0,phase2/results/predictions/full/clean_only/tcn/seed_29/bandpass_n20005_cRA_LA_V1_V6_covariance_s0.npz,75733,db7cb8b64232a7834abb61c44062616e7b767bf885e9aabb6c7c671eda5787d1
tcn,clean_only,29,bandpass_n20005_cRA_V2_V5_independent_rms_s20,phase2/results/predictions/full/clean_only/tcn/seed_29/bandpass_n20005_cRA_V2_V5_independent_rms_s20.npz,76393,bdf219d73f9483c607d3993e0e720d78786e8cfd6972d4d59afa6cc681a52c30
tcn,clean_only,29,bandpass_n20005_cRA_V2_V5_independent_rms_s15,phase2/results/predictions/full/clean_only/tcn/seed_29/bandpass_n20005_cRA_V2_V5_independent_rms_s15.npz,76397,b0b343ef8d2e4056fc1b2bdb59433f0ee3bfc46d29e3ebcc6d341f30ad1c279b
tcn,clean_only,29,bandpass_n20005_cRA_V2_V5_independent_rms_s10,phase2/results/predictions/full/clean_only/tcn/seed_29/bandpass_n20005_cRA_V2_V5_independent_rms_s10.npz,76365,b977e8415f799ff1f75b8e5cc165a4605abf79b5ff16985afd4f02ce4777d1a1
tcn,clean_only,29,bandpass_n20005_cRA_V2_V5_independent_rms_s5,phase2/results/predictions/full/clean_only/tcn/seed_29/bandpass_n20005_cRA_V2_V5_independent_rms_s5.npz,76166,23dae9612882d93d7fc937abbfb83714800b2770d072fd47da8d50d454b2116b
tcn,clean_only,29,bandpass_n20005_cRA_V2_V5_independent_rms_s0,phase2/results/predictions/full/clean_only/tcn/seed_29/bandpass_n20005_cRA_V2_V5_independent_rms_s0.npz,75867,380626a2ae5c34ff7d45e23fac7546019123af02eb3e7bd24d0aaa403eb4cf51
tcn,clean_only,29,bandpass_n20005_cRA_V2_V5_electrode_s20,phase2/results/predictions/full/clean_only/tcn/seed_29/bandpass_n20005_cRA_V2_V5_electrode_s20.npz,76398,7537c46208fdb6de20ab490aff988f3bb50b3a214a18734900db636e82b003c0
tcn,clean_only,29,bandpass_n20005_cRA_V2_V5_electrode_s15,phase2/results/predictions/full/clean_only/tcn/seed_29/bandpass_n20005_cRA_V2_V5_electrode_s15.npz,76361,24c3652af8928e56eebfb06f23ae8523332e476b83cfead27ec5c88a6259d964
tcn,clean_only,29,bandpass_n20005_cRA_V2_V5_electrode_s10,phase2/results/predictions/full/clean_only/tcn/seed_29/bandpass_n20005_cRA_V2_V5_electrode_s10.npz,76233,1a25a9302802029a9745c541ae184dfa55b7f890524fc94cb4de7c34fcb2149d
tcn,clean_only,29,bandpass_n20005_cRA_V2_V5_electrode_s5,phase2/results/predictions/full/clean_only/tcn/seed_29/bandpass_n20005_cRA_V2_V5_electrode_s5.npz,76008,1fc4d88382e7cd2e22a49579f1fe38363044df315dd2e18fd5cf5ace9e50633a
tcn,clean_only,29,bandpass_n20005_cRA_V2_V5_electrode_s0,phase2/results/predictions/full/clean_only/tcn/seed_29/bandpass_n20005_cRA_V2_V5_electrode_s0.npz,75605,5a9c51bef2bc2d01bb5443bd1e12aeaf58e7f74a962c37a2e443b4fd4e7130eb
tcn,clean_only,29,bandpass_n20005_cRA_V2_V5_covariance_s20,phase2/results/predictions/full/clean_only/tcn/seed_29/bandpass_n20005_cRA_V2_V5_covariance_s20.npz,76387,08ece5a6e74223376eded7cbcb64c6dd03d1c192a581ab7e6350fd6120ec5dfc
tcn,clean_only,29,bandpass_n20005_cRA_V2_V5_covariance_s15,phase2/results/predictions/full/clean_only/tcn/seed_29/bandpass_n20005_cRA_V2_V5_covariance_s15.npz,76399,5e2a3ee3dfc1679efe7bdf114b62f58fee9c111cfd081ce60590889c9f4d32d3
tcn,clean_only,29,bandpass_n20005_cRA_V2_V5_covariance_s10,phase2/results/predictions/full/clean_only/tcn/seed_29/bandpass_n20005_cRA_V2_V5_covariance_s10.npz,76266,eeac7911d4733e7f0427f97acf8ff1ac9125fba4a2746de7d9387bfeda6e0511
tcn,clean_only,29,bandpass_n20005_cRA_V2_V5_covariance_s5,phase2/results/predictions/full/clean_only/tcn/seed_29/bandpass_n20005_cRA_V2_V5_covariance_s5.npz,76029,561df9f965debd25ccc7282078ea4ec9234070e5e3287a12147835db50d520be
tcn,clean_only,29,bandpass_n20005_cRA_V2_V5_covariance_s0,phase2/results/predictions/full/clean_only/tcn/seed_29/bandpass_n20005_cRA_V2_V5_covariance_s0.npz,75621,e3c253646b9589c7a941d6f8a8acbf1db21221ee967426a03a6a4fb8e28900c4
tcn,clean_only,29,bandpass_n20005_cLA_V3_V6_independent_rms_s20,phase2/results/predictions/full/clean_only/tcn/seed_29/bandpass_n20005_cLA_V3_V6_independent_rms_s20.npz,76403,a206ee5d46e22d45560d8829a36bf8e51346cb87e57a909e3de08874f56d990a
tcn,clean_only,29,bandpass_n20005_cLA_V3_V6_independent_rms_s15,phase2/results/predictions/full/clean_only/tcn/seed_29/bandpass_n20005_cLA_V3_V6_independent_rms_s15.npz,76407,9ac07a7a39756aca611cd4796cf6b6007676b2cf74bbf10459e2153300476ebe
tcn,clean_only,29,bandpass_n20005_cLA_V3_V6_independent_rms_s10,phase2/results/predictions/full/clean_only/tcn/seed_29/bandpass_n20005_cLA_V3_V6_independent_rms_s10.npz,76317,b0399323425aa0991fdf1d5a781a94127f9ceb81ad8bff1d4af199627cc585e3
tcn,clean_only,29,bandpass_n20005_cLA_V3_V6_independent_rms_s5,phase2/results/predictions/full/clean_only/tcn/seed_29/bandpass_n20005_cLA_V3_V6_independent_rms_s5.npz,76226,ac00814d5ede5d915ef615603c0d2ae6ab5aa43b035f6b49f3349ef528a6e171
tcn,clean_only,29,bandpass_n20005_cLA_V3_V6_independent_rms_s0,phase2/results/predictions/full/clean_only/tcn/seed_29/bandpass_n20005_cLA_V3_V6_independent_rms_s0.npz,75902,54eddc0cc83eebd3de4252a2e5d9c85edaec757b4a929766511704aa0b016129
tcn,clean_only,29,bandpass_n20005_cLA_V3_V6_electrode_s20,phase2/results/predictions/full/clean_only/tcn/seed_29/bandpass_n20005_cLA_V3_V6_electrode_s20.npz,76394,3b7582f702e77d29b792b14c2b13220050ccad7f4a0fb90deb0f026d06259cdf
tcn,clean_only,29,bandpass_n20005_cLA_V3_V6_electrode_s15,phase2/results/predictions/full/clean_only/tcn/seed_29/bandpass_n20005_cLA_V3_V6_electrode_s15.npz,76377,0d0869b84693ce96645875db299aa2f93dd28a41fdd9086e2b15cad9c0d6c3e1
tcn,clean_only,29,bandpass_n20005_cLA_V3_V6_electrode_s10,phase2/results/predictions/full/clean_only/tcn/seed_29/bandpass_n20005_cLA_V3_V6_electrode_s10.npz,76332,bfd898f610fdfe2aaffc8ea24aa025660a324bae17c462f0c993cb8e85d17c2c
tcn,clean_only,29,bandpass_n20005_cLA_V3_V6_electrode_s5,phase2/results/predictions/full/clean_only/tcn/seed_29/bandpass_n20005_cLA_V3_V6_electrode_s5.npz,76084,1b58fd69bf7250b1e1a8b2bf00f8ff9880e53f6269981e7fe8ae42aaa2b501dd
tcn,clean_only,29,bandpass_n20005_cLA_V3_V6_electrode_s0,phase2/results/predictions/full/clean_only/tcn/seed_29/bandpass_n20005_cLA_V3_V6_electrode_s0.npz,75910,ee70259e57fdab12a6dab15dc13f91808ba6425f1bf6799e7fdc06f3c5540e42
tcn,clean_only,29,bandpass_n20005_cLA_V3_V6_covariance_s20,phase2/results/predictions/full/clean_only/tcn/seed_29/bandpass_n20005_cLA_V3_V6_covariance_s20.npz,76388,2ca94bc5700fe969c0b112e97bc2dd21a0bc2c430dffccc4213904360dd1376f
tcn,clean_only,29,bandpass_n20005_cLA_V3_V6_covariance_s15,phase2/results/predictions/full/clean_only/tcn/seed_29/bandpass_n20005_cLA_V3_V6_covariance_s15.npz,76370,4a2e27f023e7e237c54d8ae68c46031da1edaa57895849192f5b2d9541046a0f
tcn,clean_only,29,bandpass_n20005_cLA_V3_V6_covariance_s10,phase2/results/predictions/full/clean_only/tcn/seed_29/bandpass_n20005_cLA_V3_V6_covariance_s10.npz,76309,af21401f4a1aa7fb08184bab57cdbd503a11d28829309afd97a7fb67deb1b3d5
tcn,clean_only,29,bandpass_n20005_cLA_V3_V6_covariance_s5,phase2/results/predictions/full/clean_only/tcn/seed_29/bandpass_n20005_cLA_V3_V6_covariance_s5.npz,76086,d995a21d838c19676c8d405de854d2902251d5f4c4feb27a5f557f50088404f6
tcn,clean_only,29,bandpass_n20005_cLA_V3_V6_covariance_s0,phase2/results/predictions/full/clean_only/tcn/seed_29/bandpass_n20005_cLA_V3_V6_covariance_s0.npz,75883,00748ac24a256fa440d614355d31f09ce350704661ff3073bb6e91a01de48eec
tcn,clean_only,29,bandpass_n20005_cLL_V1_V4_independent_rms_s20,phase2/results/predictions/full/clean_only/tcn/seed_29/bandpass_n20005_cLL_V1_V4_independent_rms_s20.npz,76409,872ec87f1f3d496bdf8aca8f1b9e06ea9256c35a73bf40ec65bea0902c2df308
tcn,clean_only,29,bandpass_n20005_cLL_V1_V4_independent_rms_s15,phase2/results/predictions/full/clean_only/tcn/seed_29/bandpass_n20005_cLL_V1_V4_independent_rms_s15.npz,76385,b7c7361cbaffcb5e737a6704f4f4b7a3bec87f2b45bd938430f25e0799b47146
tcn,clean_only,29,bandpass_n20005_cLL_V1_V4_independent_rms_s10,phase2/results/predictions/full/clean_only/tcn/seed_29/bandpass_n20005_cLL_V1_V4_independent_rms_s10.npz,76354,98165fa2aa048e897e5e631e2fb4192043b428f51a4f36642e1ef1f4ea2e3cb6
tcn,clean_only,29,bandpass_n20005_cLL_V1_V4_independent_rms_s5,phase2/results/predictions/full/clean_only/tcn/seed_29/bandpass_n20005_cLL_V1_V4_independent_rms_s5.npz,76155,1867970aa1b0054cc6debbf16dd08fc539feb0081eed598d4c91a3f7dfbb8347
tcn,clean_only,29,bandpass_n20005_cLL_V1_V4_independent_rms_s0,phase2/results/predictions/full/clean_only/tcn/seed_29/bandpass_n20005_cLL_V1_V4_independent_rms_s0.npz,75828,267d1b48a5db190b33424ef3439ab4658cb0e4b66eb6ca0f1cbe6ec0a7466514
tcn,clean_only,29,bandpass_n20005_cLL_V1_V4_electrode_s20,phase2/results/predictions/full/clean_only/tcn/seed_29/bandpass_n20005_cLL_V1_V4_electrode_s20.npz,76398,f3e520d1ffc646914a5e54fecd020fa509bf8bf767192b824a803aafcd21c5b2
tcn,clean_only,29,bandpass_n20005_cLL_V1_V4_electrode_s15,phase2/results/predictions/full/clean_only/tcn/seed_29/bandpass_n20005_cLL_V1_V4_electrode_s15.npz,76370,5a606d5daca90b1b77990357600471ad41196aa253b027cf8008c0af914690b3
tcn,clean_only,29,bandpass_n20005_cLL_V1_V4_electrode_s10,phase2/results/predictions/full/clean_only/tcn/seed_29/bandpass_n20005_cLL_V1_V4_electrode_s10.npz,76272,0283c7ee7575c21c9f693c032b7911a64b60c9bb5b1fce48f569987ed8105c0d
tcn,clean_only,29,bandpass_n20005_cLL_V1_V4_electrode_s5,phase2/results/predictions/full/clean_only/tcn/seed_29/bandpass_n20005_cLL_V1_V4_electrode_s5.npz,76031,209f0670f7c6ed11072ca9df178991978f3953109b6a6bbf6143eb2f07e10d02
tcn,clean_only,29,bandpass_n20005_cLL_V1_V4_electrode_s0,phase2/results/predictions/full/clean_only/tcn/seed_29/bandpass_n20005_cLL_V1_V4_electrode_s0.npz,75868,01ab9734a16b87159d4b920bad2c37406a515a8542b83eea5c2f1fee3bd2f93b
tcn,clean_only,29,bandpass_n20005_cLL_V1_V4_covariance_s20,phase2/results/predictions/full/clean_only/tcn/seed_29/bandpass_n20005_cLL_V1_V4_covariance_s20.npz,76381,37a535f0cd7e160a639eb84a360d5fa6443d2ffc6dedb192ec909474c773addd
tcn,clean_only,29,bandpass_n20005_cLL_V1_V4_covariance_s15,phase2/results/predictions/full/clean_only/tcn/seed_29/bandpass_n20005_cLL_V1_V4_covariance_s15.npz,76348,03c67f2e97eddc3d69f08af077c42b1ea660323d372e11fdff634cd184e7db9b
tcn,clean_only,29,bandpass_n20005_cLL_V1_V4_covariance_s10,phase2/results/predictions/full/clean_only/tcn/seed_29/bandpass_n20005_cLL_V1_V4_covariance_s10.npz,76250,c95e86a86c810a4453997d39ed528f4303351fe43a638d8bf8efb4e00c2b16de
tcn,clean_only,29,bandpass_n20005_cLL_V1_V4_covariance_s5,phase2/results/predictions/full/clean_only/tcn/seed_29/bandpass_n20005_cLL_V1_V4_covariance_s5.npz,76007,97d5a9a8f1d19b876992c4f44251c9e9e92844fa62ad3db53f520ecb1dd4610c
tcn,clean_only,29,bandpass_n20005_cLL_V1_V4_covariance_s0,phase2/results/predictions/full/clean_only/tcn/seed_29/bandpass_n20005_cLL_V1_V4_covariance_s0.npz,75900,0404c4d9403684eaf35b348d42c66bed21a3968001647b244450f5ae0aa3b7f0
tcn,clean_only,29,bandpass_n20005_call_independent_rms_s20,phase2/results/predictions/full/clean_only/tcn/seed_29/bandpass_n20005_call_independent_rms_s20.npz,76375,dcd7508f57489df61849262336533188aea1e09136f0ddc09472595cd5d5e00b
tcn,clean_only,29,bandpass_n20005_call_independent_rms_s15,phase2/results/predictions/full/clean_only/tcn/seed_29/bandpass_n20005_call_independent_rms_s15.npz,76397,6736f1573789a13531eb4580c0daffae8edfa9ab8e72c604d9beb2bfe0cc5cde
tcn,clean_only,29,bandpass_n20005_call_independent_rms_s10,phase2/results/predictions/full/clean_only/tcn/seed_29/bandpass_n20005_call_independent_rms_s10.npz,76311,32f7f385db2476780799ead043e8bb53819c7680c6ccab7c695038938e76dde7
tcn,clean_only,29,bandpass_n20005_call_independent_rms_s5,phase2/results/predictions/full/clean_only/tcn/seed_29/bandpass_n20005_call_independent_rms_s5.npz,76138,ef73f87f084868733749b4642e5811f6300d5b30fdcf776e4df76b4656b379ec
tcn,clean_only,29,bandpass_n20005_call_independent_rms_s0,phase2/results/predictions/full/clean_only/tcn/seed_29/bandpass_n20005_call_independent_rms_s0.npz,75826,6b06ee4a137361ef04509eae5a7bc8aabf1b9e6cd7f1e88474f4139e92aa640f
tcn,clean_only,29,bandpass_n20005_call_electrode_s20,phase2/results/predictions/full/clean_only/tcn/seed_29/bandpass_n20005_call_electrode_s20.npz,76364,ca21a281b888f81e802bbe65efec9638f5e0cbbea9cebbf33a210392e4557823
tcn,clean_only,29,bandpass_n20005_call_electrode_s15,phase2/results/predictions/full/clean_only/tcn/seed_29/bandpass_n20005_call_electrode_s15.npz,76308,1a446c7fffd48f305549c878a817ef4165b7e8b2754bd0c0111043440a7573c4
tcn,clean_only,29,bandpass_n20005_call_electrode_s10,phase2/results/predictions/full/clean_only/tcn/seed_29/bandpass_n20005_call_electrode_s10.npz,76237,1a1e776fac4004313c74e20df9dabc36c4da660c3ad172aa7b6972f99e3bb198
tcn,clean_only,29,bandpass_n20005_call_electrode_s5,phase2/results/predictions/full/clean_only/tcn/seed_29/bandpass_n20005_call_electrode_s5.npz,76003,841eea0a968dd7744d0fe9244368bc52c3bdd9f618092acd256db2d67335ab64
tcn,clean_only,29,bandpass_n20005_call_electrode_s0,phase2/results/predictions/full/clean_only/tcn/seed_29/bandpass_n20005_call_electrode_s0.npz,75758,78646ff905076679ece4c7d367c4fb34edacae969fa3c97f96fd575f89538a3c
tcn,clean_only,29,bandpass_n20005_call_covariance_s20,phase2/results/predictions/full/clean_only/tcn/seed_29/bandpass_n20005_call_covariance_s20.npz,76349,f0f2c217482fda9504e5c88b75903cc82ef5fbd224b3bbeb71452d8aaf5e0453
tcn,clean_only,29,bandpass_n20005_call_covariance_s15,phase2/results/predictions/full/clean_only/tcn/seed_29/bandpass_n20005_call_covariance_s15.npz,76355,3ebb8ea7b65106e657c6dafce19b9ac0f20634ef197ffc1096de4870d6c83880
tcn,clean_only,29,bandpass_n20005_call_covariance_s10,phase2/results/predictions/full/clean_only/tcn/seed_29/bandpass_n20005_call_covariance_s10.npz,76245,5d23dca70c0e0b98ce208d5c53216be03d2da69fc45189335bb00c2639ffe247
tcn,clean_only,29,bandpass_n20005_call_covariance_s5,phase2/results/predictions/full/clean_only/tcn/seed_29/bandpass_n20005_call_covariance_s5.npz,75992,8526cf47f28293ff0b9417098864f54adcb4686ec1303005188803f74921c0c1
tcn,clean_only,29,bandpass_n20005_call_covariance_s0,phase2/results/predictions/full/clean_only/tcn/seed_29/bandpass_n20005_call_covariance_s0.npz,75762,f8c9c9a682fff4d3af81b93cb706c403f0ffef6328fc80adada78fe7e5dce650
tcn,clean_only,29,bw_n20001_call_independent_rms_s20,phase2/results/predictions/full/clean_only/tcn/seed_29/bw_n20001_call_independent_rms_s20.npz,76384,eb46060120e5df28e0872b4963c5b4a9c52c4a7b449c1bb8a6c24b500425bca1
tcn,clean_only,29,bw_n20001_call_independent_rms_s10,phase2/results/predictions/full/clean_only/tcn/seed_29/bw_n20001_call_independent_rms_s10.npz,76339,4132facde2511cf6525756a38b0db43e3ec9e385e876572fdf8691317fab1a44
tcn,clean_only,29,bw_n20001_call_independent_rms_s0,phase2/results/predictions/full/clean_only/tcn/seed_29/bw_n20001_call_independent_rms_s0.npz,76090,69e7b201d080081f2724919f326f2f8d1b6131bf086edb3f453f2a22c3987473
tcn,clean_only,29,bw_n20001_call_electrode_s20,phase2/results/predictions/full/clean_only/tcn/seed_29/bw_n20001_call_electrode_s20.npz,76339,f8ec0cae690044346aecea13e4c306ab6103ba4cf775a6031d4964c569ffbefc
tcn,clean_only,29,bw_n20001_call_electrode_s10,phase2/results/predictions/full/clean_only/tcn/seed_29/bw_n20001_call_electrode_s10.npz,76310,b9ea35f5f3962efef01456339817f4d85a15c8850461cf478e2075581c11ad52
tcn,clean_only,29,bw_n20001_call_electrode_s0,phase2/results/predictions/full/clean_only/tcn/seed_29/bw_n20001_call_electrode_s0.npz,76056,e866796ce12b3f133f72768f16fb84f7f796bfd1acbcbd5bef600f6c6a7746dd
tcn,clean_only,29,bw_n20001_call_covariance_s20,phase2/results/predictions/full/clean_only/tcn/seed_29/bw_n20001_call_covariance_s20.npz,76373,1389a4f4f8209449f3729659acd8d11ed579d6c49fbdf1030ced41e446f7d6fe
tcn,clean_only,29,bw_n20001_call_covariance_s10,phase2/results/predictions/full/clean_only/tcn/seed_29/bw_n20001_call_covariance_s10.npz,76305,1f678aeb7157e45b64da7a31479b97f193b8e11991f88ca4ca02e0c31b2fbf03
tcn,clean_only,29,bw_n20001_call_covariance_s0,phase2/results/predictions/full/clean_only/tcn/seed_29/bw_n20001_call_covariance_s0.npz,76093,637309be3954b6719204262e8576df8126780ecb6a2f0e905a6d473be094ff53
tcn,clean_only,29,bw_n20002_call_independent_rms_s20,phase2/results/predictions/full/clean_only/tcn/seed_29/bw_n20002_call_independent_rms_s20.npz,76383,957c62b5ff87851256fb8ab8e98411f74a1f9344b8273c2e5e9c843d5e1d8634
tcn,clean_only,29,bw_n20002_call_independent_rms_s10,phase2/results/predictions/full/clean_only/tcn/seed_29/bw_n20002_call_independent_rms_s10.npz,76352,7c97fe439e4b8fcf65cbc63dbc0fab874dd6d3a60027dddfcd5806087905802e
tcn,clean_only,29,bw_n20002_call_independent_rms_s0,phase2/results/predictions/full/clean_only/tcn/seed_29/bw_n20002_call_independent_rms_s0.npz,76116,25a5eaf620c2d480f08d5d948672686c7e4773f22fa516626eeb0f65ab305278
tcn,clean_only,29,bw_n20002_call_electrode_s20,phase2/results/predictions/full/clean_only/tcn/seed_29/bw_n20002_call_electrode_s20.npz,76349,75aeb4f8f6ab3060ed0c58d26b4ebc7196b7550e723fa1abf96d91978c4c3d42
tcn,clean_only,29,bw_n20002_call_electrode_s10,phase2/results/predictions/full/clean_only/tcn/seed_29/bw_n20002_call_electrode_s10.npz,76327,d7009e11e4c1ba734fc18a0fd6b13283e2bd3347655a85761b1f55009ed8c7ce
tcn,clean_only,29,bw_n20002_call_electrode_s0,phase2/results/predictions/full/clean_only/tcn/seed_29/bw_n20002_call_electrode_s0.npz,76096,07d128a5900796b3ce91235680a48f64602f83a5f47157924aeaa6f53ac4977b
tcn,clean_only,29,bw_n20002_call_covariance_s20,phase2/results/predictions/full/clean_only/tcn/seed_29/bw_n20002_call_covariance_s20.npz,76347,84ff7fb64f88084442cfacd3c7f2e244f67433c51268c443d3e7c780040ff3e8
tcn,clean_only,29,bw_n20002_call_covariance_s10,phase2/results/predictions/full/clean_only/tcn/seed_29/bw_n20002_call_covariance_s10.npz,76326,a3f12ac6d44d1f873d444152ffd4d52fbfe3f8c31a9b830c9e719613908fd8ba
tcn,clean_only,29,bw_n20002_call_covariance_s0,phase2/results/predictions/full/clean_only/tcn/seed_29/bw_n20002_call_covariance_s0.npz,76093,9ae38709cb87aeb79e276e22951731fc4c421631e377eb858aecea201ceb7235
tcn,clean_only,29,bw_n20003_call_independent_rms_s20,phase2/results/predictions/full/clean_only/tcn/seed_29/bw_n20003_call_independent_rms_s20.npz,76373,8ecbf0e4a88c08c1be8dc4e22e0c16d1d5200fb99d0d10fa16983c732b8350cc
tcn,clean_only,29,bw_n20003_call_independent_rms_s10,phase2/results/predictions/full/clean_only/tcn/seed_29/bw_n20003_call_independent_rms_s10.npz,76329,0ec8dbc838cf2e783d3810fc7a9a6cd5d0d7e6ffe2aba9d6583cd57e833e30e3
tcn,clean_only,29,bw_n20003_call_independent_rms_s0,phase2/results/predictions/full/clean_only/tcn/seed_29/bw_n20003_call_independent_rms_s0.npz,76115,f67ec81bd3ab601a3d978f8c676c156f6bd87842975c1e9e9fdd69204ae73ef4
tcn,clean_only,29,bw_n20003_call_electrode_s20,phase2/results/predictions/full/clean_only/tcn/seed_29/bw_n20003_call_electrode_s20.npz,76348,a9ed0a437cdd7d7f4deb9d0d58f51488ac8ab82bd61efb96b9565090a64964f9
tcn,clean_only,29,bw_n20003_call_electrode_s10,phase2/results/predictions/full/clean_only/tcn/seed_29/bw_n20003_call_electrode_s10.npz,76286,702aa6f70b2ca13998a8602e77c823e31fe93d3a620a18dbb8fbad603a8a4c3d
tcn,clean_only,29,bw_n20003_call_electrode_s0,phase2/results/predictions/full/clean_only/tcn/seed_29/bw_n20003_call_electrode_s0.npz,76067,1e3ec401428ca61882776f1bfa9e8d01f07774b2e7cf0c2bbf01f519da77f9db
tcn,clean_only,29,bw_n20003_call_covariance_s20,phase2/results/predictions/full/clean_only/tcn/seed_29/bw_n20003_call_covariance_s20.npz,76343,1d41636bb821811dec7fb1d9d8dfc4a0e4476959eb3038fd2634f38c19df19fa
tcn,clean_only,29,bw_n20003_call_covariance_s10,phase2/results/predictions/full/clean_only/tcn/seed_29/bw_n20003_call_covariance_s10.npz,76345,1ae87d2bda73ac7d9a09b6ca217c481b48d5fbe33d03b4b4fa228c688b0d6c0d
tcn,clean_only,29,bw_n20003_call_covariance_s0,phase2/results/predictions/full/clean_only/tcn/seed_29/bw_n20003_call_covariance_s0.npz,76082,2daaa17b22ef20b7464012a3b23818d5c1cc432b325b7d54fe49235be7812515
tcn,clean_only,29,bw_n20004_call_independent_rms_s20,phase2/results/predictions/full/clean_only/tcn/seed_29/bw_n20004_call_independent_rms_s20.npz,76387,836cec937df75216b22c65ba1bf92fc7ee8e95e1cf0bf5aeb2e92a99b4f7d70f
tcn,clean_only,29,bw_n20004_call_independent_rms_s10,phase2/results/predictions/full/clean_only/tcn/seed_29/bw_n20004_call_independent_rms_s10.npz,76314,3213c9705ab11670653456d3b2b8ac61f4e4141152fa4cef11e2499871846fae
tcn,clean_only,29,bw_n20004_call_independent_rms_s0,phase2/results/predictions/full/clean_only/tcn/seed_29/bw_n20004_call_independent_rms_s0.npz,76084,fb141958e160695f2e8991405b73b96aa71189c7bd4493cc2ff5e808208b792c
tcn,clean_only,29,bw_n20004_call_electrode_s20,phase2/results/predictions/full/clean_only/tcn/seed_29/bw_n20004_call_electrode_s20.npz,76326,6d5ac635fa06efa5d2b4128136bb18a2f739864ab53f5c5a2d1c3d0800fb6525
tcn,clean_only,29,bw_n20004_call_electrode_s10,phase2/results/predictions/full/clean_only/tcn/seed_29/bw_n20004_call_electrode_s10.npz,76322,e577f1f17f806851c584eda00a70a671ff9dcad870031e1c61ecd2cecfec16b8
tcn,clean_only,29,bw_n20004_call_electrode_s0,phase2/results/predictions/full/clean_only/tcn/seed_29/bw_n20004_call_electrode_s0.npz,76061,8b2c0a27342e535ad5e01a8ed7667db9b6daca76ca0d8d6b2564292545320286
tcn,clean_only,29,bw_n20004_call_covariance_s20,phase2/results/predictions/full/clean_only/tcn/seed_29/bw_n20004_call_covariance_s20.npz,76351,ae0f67dbe58c513e73a8bd9e8e4ee6e5759cac3b7664947f5b60ddf36eec641a
tcn,clean_only,29,bw_n20004_call_covariance_s10,phase2/results/predictions/full/clean_only/tcn/seed_29/bw_n20004_call_covariance_s10.npz,76340,7e59a7c595a65568152aff6680d099904dea0158314945e7e443519b22a58e3f
tcn,clean_only,29,bw_n20004_call_covariance_s0,phase2/results/predictions/full/clean_only/tcn/seed_29/bw_n20004_call_covariance_s0.npz,76086,fce13966e768f4e650b0adf2ebadad32dcd13a529be12f208bb94fc88f02b401
tcn,clean_only,29,bw_n20005_call_independent_rms_s20,phase2/results/predictions/full/clean_only/tcn/seed_29/bw_n20005_call_independent_rms_s20.npz,76349,8c678daa4eb54c04964d2dd1f46911a3bfd942d35e923f056cf7e17dc96f589f
tcn,clean_only,29,bw_n20005_call_independent_rms_s10,phase2/results/predictions/full/clean_only/tcn/seed_29/bw_n20005_call_independent_rms_s10.npz,76338,09dec668ed89986a980289fcc0e7511567a9b6bb0335655a24eb9809198f8be6
tcn,clean_only,29,bw_n20005_call_independent_rms_s0,phase2/results/predictions/full/clean_only/tcn/seed_29/bw_n20005_call_independent_rms_s0.npz,76097,a44c8551ca798c6e4d6ae6847180d01caf91bd5209ecd26e1f7eae4054f74543
tcn,clean_only,29,bw_n20005_call_electrode_s20,phase2/results/predictions/full/clean_only/tcn/seed_29/bw_n20005_call_electrode_s20.npz,76369,f74b63e34a71ae072e36b521c0bc5df4e0a231265e005ab05b45ed50f15b2539
tcn,clean_only,29,bw_n20005_call_electrode_s10,phase2/results/predictions/full/clean_only/tcn/seed_29/bw_n20005_call_electrode_s10.npz,76292,48c09d39a7ba3053bbe529e0bcc902e9fda1483805817cd642b34b3672116793
tcn,clean_only,29,bw_n20005_call_electrode_s0,phase2/results/predictions/full/clean_only/tcn/seed_29/bw_n20005_call_electrode_s0.npz,76081,8bd74bd910cdccd4f79925722b53e20f3c4bbcd8e87a25761f72b116fbcf4f25
tcn,clean_only,29,bw_n20005_call_covariance_s20,phase2/results/predictions/full/clean_only/tcn/seed_29/bw_n20005_call_covariance_s20.npz,76359,3f2b793b762eaa3b1c8acad7a4b8963c5dfb1d624dd7bf633cc3dc2bd672faae
tcn,clean_only,29,bw_n20005_call_covariance_s10,phase2/results/predictions/full/clean_only/tcn/seed_29/bw_n20005_call_covariance_s10.npz,76295,8d7fe9ece17778e3eee5313204e47dd1ac9bd11012946679332ee241e3e7a81e
tcn,clean_only,29,bw_n20005_call_covariance_s0,phase2/results/predictions/full/clean_only/tcn/seed_29/bw_n20005_call_covariance_s0.npz,76091,b8a0cb1b423fe8711deb8c628d0c34ddbc3d9d84ef2f66b49f7774012a0d382e
tcn,clean_only,29,ma_n20001_call_independent_rms_s20,phase2/results/predictions/full/clean_only/tcn/seed_29/ma_n20001_call_independent_rms_s20.npz,76373,6d1b3710c177f17e1744cdb0babb0da2580dc6b515a7b0246829e97983d823c7
tcn,clean_only,29,ma_n20001_call_independent_rms_s10,phase2/results/predictions/full/clean_only/tcn/seed_29/ma_n20001_call_independent_rms_s10.npz,76375,e66ab8e895e1cb11e383bd1e7224767e3145a15c23e576ef84affe9d21b87e0b
tcn,clean_only,29,ma_n20001_call_independent_rms_s0,phase2/results/predictions/full/clean_only/tcn/seed_29/ma_n20001_call_independent_rms_s0.npz,76024,841818eb93fc1dc8ba8ea329aa5907af456145649edde64fe27e3e7661197758
tcn,clean_only,29,ma_n20001_call_electrode_s20,phase2/results/predictions/full/clean_only/tcn/seed_29/ma_n20001_call_electrode_s20.npz,76341,110c889adcef019324c0b0beee5cf8d9d8ac43898d8f28d38def8b98a357e41c
tcn,clean_only,29,ma_n20001_call_electrode_s10,phase2/results/predictions/full/clean_only/tcn/seed_29/ma_n20001_call_electrode_s10.npz,76323,c0508ad589d15dc34e9e9fbf868fdd9d577d554ad80e9a95a69d188ad0fe6c18
tcn,clean_only,29,ma_n20001_call_electrode_s0,phase2/results/predictions/full/clean_only/tcn/seed_29/ma_n20001_call_electrode_s0.npz,75994,9bbd9f9183cec675378cdd2a6e6d4430dc8a337f7482f3b573baec58b229a200
tcn,clean_only,29,ma_n20001_call_covariance_s20,phase2/results/predictions/full/clean_only/tcn/seed_29/ma_n20001_call_covariance_s20.npz,76370,0b6828cd03c15718b3808cf442bc566dfb4ecffdc25b2175a56c5a6d087cf3ac
tcn,clean_only,29,ma_n20001_call_covariance_s10,phase2/results/predictions/full/clean_only/tcn/seed_29/ma_n20001_call_covariance_s10.npz,76322,871031dc13ce7653f790015b3f16b65fafaa3e0effce634dfe01576e0d4732a2
tcn,clean_only,29,ma_n20001_call_covariance_s0,phase2/results/predictions/full/clean_only/tcn/seed_29/ma_n20001_call_covariance_s0.npz,75986,6aaa44dc5a29071fbc630f51e1abe1f40bd5cb05d1b5ce83e5ee70abf733a84e
tcn,clean_only,29,ma_n20002_call_independent_rms_s20,phase2/results/predictions/full/clean_only/tcn/seed_29/ma_n20002_call_independent_rms_s20.npz,76371,430ca7188aaf478137f2fd15700fd05a5d954f48b632ce23b6b954ea1788b6db
tcn,clean_only,29,ma_n20002_call_independent_rms_s10,phase2/results/predictions/full/clean_only/tcn/seed_29/ma_n20002_call_independent_rms_s10.npz,76323,1d1365d99d1bdeeb4f4c81ce199f30d253aad494271798fa596b02a69916aaf3
tcn,clean_only,29,ma_n20002_call_independent_rms_s0,phase2/results/predictions/full/clean_only/tcn/seed_29/ma_n20002_call_independent_rms_s0.npz,76016,ba8b087eff91201a4040149654c2e162eb8a2a9de39d7c4e058a457bc9c5c5d9
tcn,clean_only,29,ma_n20002_call_electrode_s20,phase2/results/predictions/full/clean_only/tcn/seed_29/ma_n20002_call_electrode_s20.npz,76346,4bf3f44a15f9aaf77c0eb27126fa1dc32a2f27fe26bb51de85d96fc8656f5e26
tcn,clean_only,29,ma_n20002_call_electrode_s10,phase2/results/predictions/full/clean_only/tcn/seed_29/ma_n20002_call_electrode_s10.npz,76338,08e0e59934fc9749a8c559622e0e66c2979d274a24b24a5011eac35404f79a5c
tcn,clean_only,29,ma_n20002_call_electrode_s0,phase2/results/predictions/full/clean_only/tcn/seed_29/ma_n20002_call_electrode_s0.npz,75977,fdac567ee1f2893083966c6a097c4989dbc40dd83c099d02f463793595c472a1
tcn,clean_only,29,ma_n20002_call_covariance_s20,phase2/results/predictions/full/clean_only/tcn/seed_29/ma_n20002_call_covariance_s20.npz,76355,43cd2f0ed4d2f0a80403dd480b1b4888ab0e065f3ce780b77e3ca97e610b0c55
tcn,clean_only,29,ma_n20002_call_covariance_s10,phase2/results/predictions/full/clean_only/tcn/seed_29/ma_n20002_call_covariance_s10.npz,76336,2fa91a6f1de99c3d7f3870caa87fb9e170128492e6740c174da3d6638303b3ad
tcn,clean_only,29,ma_n20002_call_covariance_s0,phase2/results/predictions/full/clean_only/tcn/seed_29/ma_n20002_call_covariance_s0.npz,75990,a723ff00d95977315926badc3253e2392b1b72101a7a50696cc11d05478d9cc7
tcn,clean_only,29,ma_n20003_call_independent_rms_s20,phase2/results/predictions/full/clean_only/tcn/seed_29/ma_n20003_call_independent_rms_s20.npz,76368,3d5db03d50d05b90260a99abce428b5f9c1a44d23e83c5bde6510e0670d7adde
tcn,clean_only,29,ma_n20003_call_independent_rms_s10,phase2/results/predictions/full/clean_only/tcn/seed_29/ma_n20003_call_independent_rms_s10.npz,76323,32be48a2f6c665518701e3e98b1d0f33dea708a5d1cba1e2af31087c8b325bed
tcn,clean_only,29,ma_n20003_call_independent_rms_s0,phase2/results/predictions/full/clean_only/tcn/seed_29/ma_n20003_call_independent_rms_s0.npz,76013,fc32acac181d56d2efc7a16f8e9bd88306adf63273e550bb129717827cf54ff7
tcn,clean_only,29,ma_n20003_call_electrode_s20,phase2/results/predictions/full/clean_only/tcn/seed_29/ma_n20003_call_electrode_s20.npz,76347,ecf7f73a6f9e5d2a1da778606fdc9cccbbc34bd478ea2b7509b70f0b1540f937
tcn,clean_only,29,ma_n20003_call_electrode_s10,phase2/results/predictions/full/clean_only/tcn/seed_29/ma_n20003_call_electrode_s10.npz,76303,6a77b061794551d7ea2d51d3542a15b1a3bd5c96a9219e2e7622c6c5a83aa6d2
tcn,clean_only,29,ma_n20003_call_electrode_s0,phase2/results/predictions/full/clean_only/tcn/seed_29/ma_n20003_call_electrode_s0.npz,75997,3f0b20669e962b56e77c5be6e5aaf23255244287edda49b97dddec6fbcac0073
tcn,clean_only,29,ma_n20003_call_covariance_s20,phase2/results/predictions/full/clean_only/tcn/seed_29/ma_n20003_call_covariance_s20.npz,76353,5add4ff4ab25d6ce7335c206307eea9795cf72fa0d1e987f52498169fb361d5e
tcn,clean_only,29,ma_n20003_call_covariance_s10,phase2/results/predictions/full/clean_only/tcn/seed_29/ma_n20003_call_covariance_s10.npz,76375,e12206aa0eaa0967dd00388c8f68ba559e0fff6aa267f45162704e564291c636
tcn,clean_only,29,ma_n20003_call_covariance_s0,phase2/results/predictions/full/clean_only/tcn/seed_29/ma_n20003_call_covariance_s0.npz,76031,382f5f7576d00526bea0f8652d5b7f5f9c0e707fe868f3c8a8148a898da87932
tcn,clean_only,29,ma_n20004_call_independent_rms_s20,phase2/results/predictions/full/clean_only/tcn/seed_29/ma_n20004_call_independent_rms_s20.npz,76367,3eee2c9e24c917a68d98cc06e59e0b85b8dff69da8411eebb911882f39a0f1f7
tcn,clean_only,29,ma_n20004_call_independent_rms_s10,phase2/results/predictions/full/clean_only/tcn/seed_29/ma_n20004_call_independent_rms_s10.npz,76345,d56960378539c79b7891c70291f0e2dff43c7c69a36c53dacc3b48c024d3b359
tcn,clean_only,29,ma_n20004_call_independent_rms_s0,phase2/results/predictions/full/clean_only/tcn/seed_29/ma_n20004_call_independent_rms_s0.npz,75999,89bfc7ed44f067f199e076c4ed001e016f6176cb63790203e38e63e54e6d1483
tcn,clean_only,29,ma_n20004_call_electrode_s20,phase2/results/predictions/full/clean_only/tcn/seed_29/ma_n20004_call_electrode_s20.npz,76335,4d58293de31c5a7f4ab860027332beaca143e1ebec70403fe231716315982395
tcn,clean_only,29,ma_n20004_call_electrode_s10,phase2/results/predictions/full/clean_only/tcn/seed_29/ma_n20004_call_electrode_s10.npz,76289,60b8e293c2ed7fd3235a5c9f7b9b6da0f76ccbdb902bb40614350dcecaa963ad
tcn,clean_only,29,ma_n20004_call_electrode_s0,phase2/results/predictions/full/clean_only/tcn/seed_29/ma_n20004_call_electrode_s0.npz,75958,bb11d41d7c2f3d3dc170c95944eb3cb28540c2225f6fc167781c9325155a1ce9
tcn,clean_only,29,ma_n20004_call_covariance_s20,phase2/results/predictions/full/clean_only/tcn/seed_29/ma_n20004_call_covariance_s20.npz,76340,fba08a78fd9c2d195c14bd55b0e3d389c577e94fceaed954ff95bce49fd65d48
tcn,clean_only,29,ma_n20004_call_covariance_s10,phase2/results/predictions/full/clean_only/tcn/seed_29/ma_n20004_call_covariance_s10.npz,76305,5d6824ef682109a57406249f3eb059696d380cace0cd5638c0c30a3e4927d80e
tcn,clean_only,29,ma_n20004_call_covariance_s0,phase2/results/predictions/full/clean_only/tcn/seed_29/ma_n20004_call_covariance_s0.npz,75969,8b0fc9d3941b61e2a990444355bb1ec40490b550a63fbca18aeb06875261ddfd
tcn,clean_only,29,ma_n20005_call_independent_rms_s20,phase2/results/predictions/full/clean_only/tcn/seed_29/ma_n20005_call_independent_rms_s20.npz,76380,b756134b4c0a212c65131bc7a7aade70bf38e6ba604f67e34fcc71330a565781
tcn,clean_only,29,ma_n20005_call_independent_rms_s10,phase2/results/predictions/full/clean_only/tcn/seed_29/ma_n20005_call_independent_rms_s10.npz,76321,37716af4d3d2da7a2c08fd6d2415a21a99c4c493cdfbc1941a2bdea59e7d8ebb
tcn,clean_only,29,ma_n20005_call_independent_rms_s0,phase2/results/predictions/full/clean_only/tcn/seed_29/ma_n20005_call_independent_rms_s0.npz,76024,660abdb6cad0e18b89eecdf61de85165d858f18028ee33996bf1fb15f1d33583
tcn,clean_only,29,ma_n20005_call_electrode_s20,phase2/results/predictions/full/clean_only/tcn/seed_29/ma_n20005_call_electrode_s20.npz,76318,4051752c4d21642096cb539c4910ce525ca9b9a9a0d6c0750853987c3f55af22
tcn,clean_only,29,ma_n20005_call_electrode_s10,phase2/results/predictions/full/clean_only/tcn/seed_29/ma_n20005_call_electrode_s10.npz,76290,a12307497cf69936ee812d7a16c262e61ab75b41be01c2c536c3b37beaaf1320
tcn,clean_only,29,ma_n20005_call_electrode_s0,phase2/results/predictions/full/clean_only/tcn/seed_29/ma_n20005_call_electrode_s0.npz,75993,5a022401ba315f6f2c21b4d5af4ec05ee84e9a90cab9a84b867674796010839a
tcn,clean_only,29,ma_n20005_call_covariance_s20,phase2/results/predictions/full/clean_only/tcn/seed_29/ma_n20005_call_covariance_s20.npz,76356,3b2a637e3348ee2c236ce5d8d4e162ec04cf67b2cd72a81c9fcacff554701f20
tcn,clean_only,29,ma_n20005_call_covariance_s10,phase2/results/predictions/full/clean_only/tcn/seed_29/ma_n20005_call_covariance_s10.npz,76286,d197cd5b23a16dbc4601f87cb395fbdd1ce5eaf331da5925cfe701ee3d335508
tcn,clean_only,29,ma_n20005_call_covariance_s0,phase2/results/predictions/full/clean_only/tcn/seed_29/ma_n20005_call_covariance_s0.npz,75974,47bfb8acaedafbc419a84fb4599ec020b06a48e1865eac5f9c178464d1f1c507
tcn,clean_only,29,em_n20001_call_independent_rms_s20,phase2/results/predictions/full/clean_only/tcn/seed_29/em_n20001_call_independent_rms_s20.npz,76377,dacf6892eae160a9212cae2938c92b838f7e8277d87e2fe696ea3db2193d8c8c
tcn,clean_only,29,em_n20001_call_independent_rms_s10,phase2/results/predictions/full/clean_only/tcn/seed_29/em_n20001_call_independent_rms_s10.npz,76323,f2f1eb167e27f683f11bded315207c43e5679683fde66647fdebc956f3613804
tcn,clean_only,29,em_n20001_call_independent_rms_s0,phase2/results/predictions/full/clean_only/tcn/seed_29/em_n20001_call_independent_rms_s0.npz,75957,9929fd63271a14ef17566fd3ab0e30f51639eeed6a3d41682557c76bb7c4d403
tcn,clean_only,29,em_n20001_call_electrode_s20,phase2/results/predictions/full/clean_only/tcn/seed_29/em_n20001_call_electrode_s20.npz,76371,fba63c6f5cdd5d77ddd9d0d123c8d1f25c8d988873c0caa886be74cb64065f7d
tcn,clean_only,29,em_n20001_call_electrode_s10,phase2/results/predictions/full/clean_only/tcn/seed_29/em_n20001_call_electrode_s10.npz,76248,7ee287b0e02e843740d880f22871f3145f4543df29d9a52e4e2ed14e8eb7ac57
tcn,clean_only,29,em_n20001_call_electrode_s0,phase2/results/predictions/full/clean_only/tcn/seed_29/em_n20001_call_electrode_s0.npz,75817,57a534c8b9121834151e56c258600759164644eb83f1bb34403f37cd11db17b4
tcn,clean_only,29,em_n20001_call_covariance_s20,phase2/results/predictions/full/clean_only/tcn/seed_29/em_n20001_call_covariance_s20.npz,76357,b781eb045288156a4e5112199d55099ae65daf47cc72524b58f02f90ff891f96
tcn,clean_only,29,em_n20001_call_covariance_s10,phase2/results/predictions/full/clean_only/tcn/seed_29/em_n20001_call_covariance_s10.npz,76283,b591d9bba3611e7bc6e21a034337ea5e7c5beddf91edc795f38fca476d7fb298
tcn,clean_only,29,em_n20001_call_covariance_s0,phase2/results/predictions/full/clean_only/tcn/seed_29/em_n20001_call_covariance_s0.npz,75823,841039cf252a3ac3eaeef234ebdebbf3be2134a0427ac8a46518b843c0f60a5a
tcn,clean_only,29,em_n20002_call_independent_rms_s20,phase2/results/predictions/full/clean_only/tcn/seed_29/em_n20002_call_independent_rms_s20.npz,76369,47603fe2c51f87bf6f40c8b51e2b2018452ae4bd979de05290b1666d8c267b25
tcn,clean_only,29,em_n20002_call_independent_rms_s10,phase2/results/predictions/full/clean_only/tcn/seed_29/em_n20002_call_independent_rms_s10.npz,76325,7e7cfcbc71c2ce5c900a0b72f46a194b28d4f1c27bab614b308944cd6b1a5a82
tcn,clean_only,29,em_n20002_call_independent_rms_s0,phase2/results/predictions/full/clean_only/tcn/seed_29/em_n20002_call_independent_rms_s0.npz,75943,cab05981bef06595c2351a47ed13069a5c233ce3b8c667d51105b3c36bdb20ac
tcn,clean_only,29,em_n20002_call_electrode_s20,phase2/results/predictions/full/clean_only/tcn/seed_29/em_n20002_call_electrode_s20.npz,76344,3880fe9c553de4d405febeaf2f0113d28d6cf6daaf108d819a6ca5801855394f
tcn,clean_only,29,em_n20002_call_electrode_s10,phase2/results/predictions/full/clean_only/tcn/seed_29/em_n20002_call_electrode_s10.npz,76279,f8e200c699b22bc8439996efef9547571b31201c2226b240821fe2fa6da8563a
tcn,clean_only,29,em_n20002_call_electrode_s0,phase2/results/predictions/full/clean_only/tcn/seed_29/em_n20002_call_electrode_s0.npz,75826,ee38e872e44cf1c14b82942cbcff61415a6ec0efefbfcdd9d6138ef0c0dc960f
tcn,clean_only,29,em_n20002_call_covariance_s20,phase2/results/predictions/full/clean_only/tcn/seed_29/em_n20002_call_covariance_s20.npz,76347,34d0f217d0d656669895e3ec7ead29c918d896beecd2b4168a0e203010ab4d4c
tcn,clean_only,29,em_n20002_call_covariance_s10,phase2/results/predictions/full/clean_only/tcn/seed_29/em_n20002_call_covariance_s10.npz,76255,cc957a64fe56f93c492cd77f55b0b020a52f1d261369221f03abb4c301ec943d
tcn,clean_only,29,em_n20002_call_covariance_s0,phase2/results/predictions/full/clean_only/tcn/seed_29/em_n20002_call_covariance_s0.npz,75870,cdcf185aa21e33edc86b5b438ffca8cd6d40984fddcf89adf0bd3ed1ba7dc7da
tcn,clean_only,29,em_n20003_call_independent_rms_s20,phase2/results/predictions/full/clean_only/tcn/seed_29/em_n20003_call_independent_rms_s20.npz,76377,e5d56af442e017446be6701df8a1a3795db872abc1a8f9740a214df06dfcb7b4
tcn,clean_only,29,em_n20003_call_independent_rms_s10,phase2/results/predictions/full/clean_only/tcn/seed_29/em_n20003_call_independent_rms_s10.npz,76320,c8575b42898f6c2f0f7395eec524764881c1aab9b37d72031e925872a8d82ac6
tcn,clean_only,29,em_n20003_call_independent_rms_s0,phase2/results/predictions/full/clean_only/tcn/seed_29/em_n20003_call_independent_rms_s0.npz,75939,1a97d75543ca3ba385d333a7e5fb1adddd0603c79b29cf37469d35d2bf51ec8d
tcn,clean_only,29,em_n20003_call_electrode_s20,phase2/results/predictions/full/clean_only/tcn/seed_29/em_n20003_call_electrode_s20.npz,76344,e8f698260702874846898542b0170530a7570691205efaef2f1d753b6f3f2d69
tcn,clean_only,29,em_n20003_call_electrode_s10,phase2/results/predictions/full/clean_only/tcn/seed_29/em_n20003_call_electrode_s10.npz,76230,3aa0868443ce9b905bcde86c89b8d1beec458d46928e63914dec82170c30d22c
tcn,clean_only,29,em_n20003_call_electrode_s0,phase2/results/predictions/full/clean_only/tcn/seed_29/em_n20003_call_electrode_s0.npz,75824,d9350dedee9d77b6a4a4c917bb3cfffcaa0545ea5bfd281a7f9cab12572f70ab
tcn,clean_only,29,em_n20003_call_covariance_s20,phase2/results/predictions/full/clean_only/tcn/seed_29/em_n20003_call_covariance_s20.npz,76346,e7c7bd0340f0f829103dc2f6f10cf997d97853841ce054daa3e9fa849da99693
tcn,clean_only,29,em_n20003_call_covariance_s10,phase2/results/predictions/full/clean_only/tcn/seed_29/em_n20003_call_covariance_s10.npz,76273,cd248b66bae023ec3fe4eaa260d206b305d846e69ada3447dd9a00d149cf2358
tcn,clean_only,29,em_n20003_call_covariance_s0,phase2/results/predictions/full/clean_only/tcn/seed_29/em_n20003_call_covariance_s0.npz,75850,362b71b7e36e3e9b6aadc9769be550e3085050df0216f421f616f8d8f4186c0d
tcn,clean_only,29,em_n20004_call_independent_rms_s20,phase2/results/predictions/full/clean_only/tcn/seed_29/em_n20004_call_independent_rms_s20.npz,76377,4261b358fbb2086b4b84830d7d86f25e2117891d423c2ae2c3392f28bf270b1c
tcn,clean_only,29,em_n20004_call_independent_rms_s10,phase2/results/predictions/full/clean_only/tcn/seed_29/em_n20004_call_independent_rms_s10.npz,76322,c63585af62a4388f18bd00e364f7f83ed13c5c629954d04cc8a1354986d68476
tcn,clean_only,29,em_n20004_call_independent_rms_s0,phase2/results/predictions/full/clean_only/tcn/seed_29/em_n20004_call_independent_rms_s0.npz,75955,8a2ff258cd186c9b9c86e580888cff5ee741ad412e25587fe6fd39cfee7f48f6
tcn,clean_only,29,em_n20004_call_electrode_s20,phase2/results/predictions/full/clean_only/tcn/seed_29/em_n20004_call_electrode_s20.npz,76361,939159781393461033d68108fb460bc7cc2a03ff103b37b3b23e72726f0e0f6e
tcn,clean_only,29,em_n20004_call_electrode_s10,phase2/results/predictions/full/clean_only/tcn/seed_29/em_n20004_call_electrode_s10.npz,76269,0dfa0b41665e3d3ac0217472966c144472d13c0775ab66375dbe45384178ea75
tcn,clean_only,29,em_n20004_call_electrode_s0,phase2/results/predictions/full/clean_only/tcn/seed_29/em_n20004_call_electrode_s0.npz,75850,8fdd74858984c71624981ca85fe747e5a0d1361c4299f50810d36c86e479d185
tcn,clean_only,29,em_n20004_call_covariance_s20,phase2/results/predictions/full/clean_only/tcn/seed_29/em_n20004_call_covariance_s20.npz,76321,5199afe88e6fd021fdc522f2e33c6843acba58a6959e30f473eb1276d0650b3e
tcn,clean_only,29,em_n20004_call_covariance_s10,phase2/results/predictions/full/clean_only/tcn/seed_29/em_n20004_call_covariance_s10.npz,76254,7f930362cd9d009aa92d8952fce41a23c85dab2d9e1c4cdeb4456db4860341bc
tcn,clean_only,29,em_n20004_call_covariance_s0,phase2/results/predictions/full/clean_only/tcn/seed_29/em_n20004_call_covariance_s0.npz,75849,aa4a3f17f30625fcf7ed92442e28b0fd6fd5195130337369cd2b14efb0440e92
tcn,clean_only,29,em_n20005_call_independent_rms_s20,phase2/results/predictions/full/clean_only/tcn/seed_29/em_n20005_call_independent_rms_s20.npz,76371,985df7ce5f2d104502f26d354646bd7afe60b68d610657755814a306ee482ad8
tcn,clean_only,29,em_n20005_call_independent_rms_s10,phase2/results/predictions/full/clean_only/tcn/seed_29/em_n20005_call_independent_rms_s10.npz,76322,f457c26739cc600a27e867f45635da2c6f8ffab35b8223e23ede17ca114f9669
tcn,clean_only,29,em_n20005_call_independent_rms_s0,phase2/results/predictions/full/clean_only/tcn/seed_29/em_n20005_call_independent_rms_s0.npz,75961,e4163832e3a1d0247de2d2accb12dc3d286988b026b241371141eeeabafc93af
tcn,clean_only,29,em_n20005_call_electrode_s20,phase2/results/predictions/full/clean_only/tcn/seed_29/em_n20005_call_electrode_s20.npz,76338,f93632432b19880a0eba62d690ed89a81d6fb9293592611e5ee1cce3d345f701
tcn,clean_only,29,em_n20005_call_electrode_s10,phase2/results/predictions/full/clean_only/tcn/seed_29/em_n20005_call_electrode_s10.npz,76268,32a6b886d08efe8b0488d1baff1b06982d0376a4a07de3142cf169e307ddbfd5
tcn,clean_only,29,em_n20005_call_electrode_s0,phase2/results/predictions/full/clean_only/tcn/seed_29/em_n20005_call_electrode_s0.npz,75856,6e4544538807bd119945a088367fb6a753d1e005217486bfb8019c7c634fe257
tcn,clean_only,29,em_n20005_call_covariance_s20,phase2/results/predictions/full/clean_only/tcn/seed_29/em_n20005_call_covariance_s20.npz,76334,c97763d4e16d496da530ee9685ddc0c0401225791dab5e1f0275f1ff6637c734
tcn,clean_only,29,em_n20005_call_covariance_s10,phase2/results/predictions/full/clean_only/tcn/seed_29/em_n20005_call_covariance_s10.npz,76274,7453db0695a67595d9f9346c9b8011949d7a759145eee545babd223a72f8de82
tcn,clean_only,29,em_n20005_call_covariance_s0,phase2/results/predictions/full/clean_only/tcn/seed_29/em_n20005_call_covariance_s0.npz,75805,bdaf1d85c6b9fdce6ffe59a3b4b62d684651c4591ef094de016e736c0c58fb88
tcn,independent_rms,29,clean,phase2/results/predictions/full/independent_rms/tcn/seed_29/clean.npz,76328,dd53fa8a57bef23dee6c72ac2ef34070ef1b78a1cb350cf445df49bfbc6af246
tcn,independent_rms,29,bandpass_n20001_cRA_LA_LL_independent_rms_s20,phase2/results/predictions/full/independent_rms/tcn/seed_29/bandpass_n20001_cRA_LA_LL_independent_rms_s20.npz,76406,d14870373e55bccbc016e61f1bf10e4c9efbc064c39f8e92a6d2c4903b5255a8
tcn,independent_rms,29,bandpass_n20001_cRA_LA_LL_independent_rms_s15,phase2/results/predictions/full/independent_rms/tcn/seed_29/bandpass_n20001_cRA_LA_LL_independent_rms_s15.npz,76388,14d42372977971b54caa6fb2ceb16145b0718432a179596191bfc410cc434f2b
tcn,independent_rms,29,bandpass_n20001_cRA_LA_LL_independent_rms_s10,phase2/results/predictions/full/independent_rms/tcn/seed_29/bandpass_n20001_cRA_LA_LL_independent_rms_s10.npz,76370,14804dd26a7da443cddfd14ac32e2890952c9e3b7115a8fac437a64833cfb713
tcn,independent_rms,29,bandpass_n20001_cRA_LA_LL_independent_rms_s5,phase2/results/predictions/full/independent_rms/tcn/seed_29/bandpass_n20001_cRA_LA_LL_independent_rms_s5.npz,76274,3ad7197726c10de99d1ced1898c03a17241915e316ee8b61887b53cbeca8aae4
tcn,independent_rms,29,bandpass_n20001_cRA_LA_LL_independent_rms_s0,phase2/results/predictions/full/independent_rms/tcn/seed_29/bandpass_n20001_cRA_LA_LL_independent_rms_s0.npz,75939,af8567c9fde4d520c463ca52b85a71db02c08f9a1b98099deef0df64cae01721
tcn,independent_rms,29,bandpass_n20001_cRA_LA_LL_electrode_s20,phase2/results/predictions/full/independent_rms/tcn/seed_29/bandpass_n20001_cRA_LA_LL_electrode_s20.npz,76354,473ad458335114a4405cf314ef68a20e5b1370950544877289a6abd340019811
tcn,independent_rms,29,bandpass_n20001_cRA_LA_LL_electrode_s15,phase2/results/predictions/full/independent_rms/tcn/seed_29/bandpass_n20001_cRA_LA_LL_electrode_s15.npz,76368,61c2d8e970e52f9eb146322515e4123d2c2a8b73a36583fe4c5d7053d91b45f9
tcn,independent_rms,29,bandpass_n20001_cRA_LA_LL_electrode_s10,phase2/results/predictions/full/independent_rms/tcn/seed_29/bandpass_n20001_cRA_LA_LL_electrode_s10.npz,76304,b41ce3c01626eb8608724614c95dc3e144e4be91e247119eb4ed4ed6da283e0e
tcn,independent_rms,29,bandpass_n20001_cRA_LA_LL_electrode_s5,phase2/results/predictions/full/independent_rms/tcn/seed_29/bandpass_n20001_cRA_LA_LL_electrode_s5.npz,76084,2dab6a094b0fcf3e3faa65ec425a556c325b9f7b2b91bb09818eb7dff9d6f0ec
tcn,independent_rms,29,bandpass_n20001_cRA_LA_LL_electrode_s0,phase2/results/predictions/full/independent_rms/tcn/seed_29/bandpass_n20001_cRA_LA_LL_electrode_s0.npz,75653,3bb086167bf922972c4bf805faef100d5ec44b0dd264d362e64886936a055f0c
tcn,independent_rms,29,bandpass_n20001_cRA_LA_LL_covariance_s20,phase2/results/predictions/full/independent_rms/tcn/seed_29/bandpass_n20001_cRA_LA_LL_covariance_s20.npz,76406,15add2ac16de34eda9ec92527d854714435e0c5726155d922c1de8a0f4e7d44c
tcn,independent_rms,29,bandpass_n20001_cRA_LA_LL_covariance_s15,phase2/results/predictions/full/independent_rms/tcn/seed_29/bandpass_n20001_cRA_LA_LL_covariance_s15.npz,76401,5863629e5e3297f2e7dffd21fda274f1593b199600673c560e357020f71a928c
tcn,independent_rms,29,bandpass_n20001_cRA_LA_LL_covariance_s10,phase2/results/predictions/full/independent_rms/tcn/seed_29/bandpass_n20001_cRA_LA_LL_covariance_s10.npz,76267,529eaad820f7973539577b8495410add95308e91caba91ead9f11bba97af4f0d
tcn,independent_rms,29,bandpass_n20001_cRA_LA_LL_covariance_s5,phase2/results/predictions/full/independent_rms/tcn/seed_29/bandpass_n20001_cRA_LA_LL_covariance_s5.npz,76077,96ac4aed5f5ff16dacbc490844df23a93db372766db9e66668238655a130981c
tcn,independent_rms,29,bandpass_n20001_cRA_LA_LL_covariance_s0,phase2/results/predictions/full/independent_rms/tcn/seed_29/bandpass_n20001_cRA_LA_LL_covariance_s0.npz,75670,72d68a7352cbcfa1631acfa509eda046f7833d1306ef555b978d595af6524ef0
tcn,independent_rms,29,bandpass_n20001_cV1_independent_rms_s20,phase2/results/predictions/full/independent_rms/tcn/seed_29/bandpass_n20001_cV1_independent_rms_s20.npz,76393,3cfa21383690e139eb2e59398598f62883ba979e1c2f3a4805352c231436879f
tcn,independent_rms,29,bandpass_n20001_cV1_independent_rms_s15,phase2/results/predictions/full/independent_rms/tcn/seed_29/bandpass_n20001_cV1_independent_rms_s15.npz,76397,07b2bc72f6b84c1daa67374292de8817ce214771df2fd0db8f8f399f71d19d4f
tcn,independent_rms,29,bandpass_n20001_cV1_independent_rms_s10,phase2/results/predictions/full/independent_rms/tcn/seed_29/bandpass_n20001_cV1_independent_rms_s10.npz,76338,8d3b479371842738b2b50282ed5ba64003f34e686d3b5c11c4bec763dfeaaa77
tcn,independent_rms,29,bandpass_n20001_cV1_independent_rms_s5,phase2/results/predictions/full/independent_rms/tcn/seed_29/bandpass_n20001_cV1_independent_rms_s5.npz,76196,baf4eb41df23ca92483f323cda1324e12c77002c5a0ac846980842bf49d4a4ca
tcn,independent_rms,29,bandpass_n20001_cV1_independent_rms_s0,phase2/results/predictions/full/independent_rms/tcn/seed_29/bandpass_n20001_cV1_independent_rms_s0.npz,75862,a03d7bf4fe5e0b7d4c32f060a39e51fcee3c1bebff9484f039ac91875a3ab8c2
tcn,independent_rms,29,bandpass_n20001_cV1_electrode_s20,phase2/results/predictions/full/independent_rms/tcn/seed_29/bandpass_n20001_cV1_electrode_s20.npz,76389,2af62994c071099357e08d34eaa2dfac81c8ac2b8a229c5edf669aaf66d26ea0
tcn,independent_rms,29,bandpass_n20001_cV1_electrode_s15,phase2/results/predictions/full/independent_rms/tcn/seed_29/bandpass_n20001_cV1_electrode_s15.npz,76371,15ff4992765cdc158afa660ada4dfc7cf43d7d6f4d325c95fce18fad0270ec4d
tcn,independent_rms,29,bandpass_n20001_cV1_electrode_s10,phase2/results/predictions/full/independent_rms/tcn/seed_29/bandpass_n20001_cV1_electrode_s10.npz,76287,a693bd50c62f17e5f9553a1095db7276a21dea3bfbf245792957da48a964bcb4
tcn,independent_rms,29,bandpass_n20001_cV1_electrode_s5,phase2/results/predictions/full/independent_rms/tcn/seed_29/bandpass_n20001_cV1_electrode_s5.npz,76189,ec8579fcc0b9e6bf69ba8fa693fb7afe3928fdc7114d99207a98f1a784b43537
tcn,independent_rms,29,bandpass_n20001_cV1_electrode_s0,phase2/results/predictions/full/independent_rms/tcn/seed_29/bandpass_n20001_cV1_electrode_s0.npz,75849,f9951aacbfff8e553ee48a5f7ce7f26818656f2f66a79c958d0fa3ed79494711
tcn,independent_rms,29,bandpass_n20001_cV1_covariance_s20,phase2/results/predictions/full/independent_rms/tcn/seed_29/bandpass_n20001_cV1_covariance_s20.npz,76391,178c0b7fe5858d5044ca6a60356d0677e1e07df59a1f18f76cc3a1ee94eda052
tcn,independent_rms,29,bandpass_n20001_cV1_covariance_s15,phase2/results/predictions/full/independent_rms/tcn/seed_29/bandpass_n20001_cV1_covariance_s15.npz,76365,b63cd1d02b7335aa318234548a74491cf2ee90df8bbb0d2f710dbb6d0290b4f7
tcn,independent_rms,29,bandpass_n20001_cV1_covariance_s10,phase2/results/predictions/full/independent_rms/tcn/seed_29/bandpass_n20001_cV1_covariance_s10.npz,76320,2865031b4e90483ddcbf3593e83f40d5663b101bdd2f6edcf47333781e46e080
tcn,independent_rms,29,bandpass_n20001_cV1_covariance_s5,phase2/results/predictions/full/independent_rms/tcn/seed_29/bandpass_n20001_cV1_covariance_s5.npz,76168,3534e90614bb229b9c821e63996fefc0681d1c036ca9f138323ce8de430f83d6
tcn,independent_rms,29,bandpass_n20001_cV1_covariance_s0,phase2/results/predictions/full/independent_rms/tcn/seed_29/bandpass_n20001_cV1_covariance_s0.npz,75821,e5844a40d2c5c2b5b1d99b2738c89de3d92dee210167a96577610f2abd0f5ee1
tcn,independent_rms,29,bandpass_n20001_cV2_independent_rms_s20,phase2/results/predictions/full/independent_rms/tcn/seed_29/bandpass_n20001_cV2_independent_rms_s20.npz,76375,f15f9f64436b70628e18c8dcd7f7ccabea4a38ed5065e5b611b4573da818b3a4
tcn,independent_rms,29,bandpass_n20001_cV2_independent_rms_s15,phase2/results/predictions/full/independent_rms/tcn/seed_29/bandpass_n20001_cV2_independent_rms_s15.npz,76382,1b3b2806c9c8f88ca69a8978f0fbd44f8ab6ab322f79f9653b7fe80258fb85d8
tcn,independent_rms,29,bandpass_n20001_cV2_independent_rms_s10,phase2/results/predictions/full/independent_rms/tcn/seed_29/bandpass_n20001_cV2_independent_rms_s10.npz,76356,93c5d2cc427e3e27e2132f59ffdbd3974756c483134664c2c0872397d0b193cf
tcn,independent_rms,29,bandpass_n20001_cV2_independent_rms_s5,phase2/results/predictions/full/independent_rms/tcn/seed_29/bandpass_n20001_cV2_independent_rms_s5.npz,76243,ea86b73353e49f99664b5dbd5cdcfc20d6142ebc19f138242d0ae62d617488a4
tcn,independent_rms,29,bandpass_n20001_cV2_independent_rms_s0,phase2/results/predictions/full/independent_rms/tcn/seed_29/bandpass_n20001_cV2_independent_rms_s0.npz,75991,4220368c3f853f7877a293574ca9e8d84d75efe6ae469b1cf424925e81545f6f
tcn,independent_rms,29,bandpass_n20001_cV2_electrode_s20,phase2/results/predictions/full/independent_rms/tcn/seed_29/bandpass_n20001_cV2_electrode_s20.npz,76360,6cc24cbeccc1ce91528372a5b9bf96390fe1c3af8696595d86ad412dcec8be44
tcn,independent_rms,29,bandpass_n20001_cV2_electrode_s15,phase2/results/predictions/full/independent_rms/tcn/seed_29/bandpass_n20001_cV2_electrode_s15.npz,76407,bed9e7c242c1267e05c8640a7630cf79c0e283dff1975627725f2151c43408a5
tcn,independent_rms,29,bandpass_n20001_cV2_electrode_s10,phase2/results/predictions/full/independent_rms/tcn/seed_29/bandpass_n20001_cV2_electrode_s10.npz,76339,16ca099c255969e7e7af4cd11183448a57ff2286ea66cba33bf24ed4cf3308ce
tcn,independent_rms,29,bandpass_n20001_cV2_electrode_s5,phase2/results/predictions/full/independent_rms/tcn/seed_29/bandpass_n20001_cV2_electrode_s5.npz,76223,cf176a0436104f49f5454e872dc9a14ad98ce6447c5ef08c3c925d5c90621a95
tcn,independent_rms,29,bandpass_n20001_cV2_electrode_s0,phase2/results/predictions/full/independent_rms/tcn/seed_29/bandpass_n20001_cV2_electrode_s0.npz,75963,5516335a1f9172625bfe90b3980657254552a7d2a0a8a645a693660da2ab827c
tcn,independent_rms,29,bandpass_n20001_cV2_covariance_s20,phase2/results/predictions/full/independent_rms/tcn/seed_29/bandpass_n20001_cV2_covariance_s20.npz,76381,949aaa28fdf188791ba5ee0d41e13419b729206d75a4bf99386cb798ef1be701
tcn,independent_rms,29,bandpass_n20001_cV2_covariance_s15,phase2/results/predictions/full/independent_rms/tcn/seed_29/bandpass_n20001_cV2_covariance_s15.npz,76374,fe92d51e32d7b21894163ede3bc7ec079e65c1c2d92f82f13385e724d4fa1dd8
tcn,independent_rms,29,bandpass_n20001_cV2_covariance_s10,phase2/results/predictions/full/independent_rms/tcn/seed_29/bandpass_n20001_cV2_covariance_s10.npz,76355,61e477ff05ba9e599bd27d54baf6dabcfe6bb92cca02a887f23e9ff9115bb06b
tcn,independent_rms,29,bandpass_n20001_cV2_covariance_s5,phase2/results/predictions/full/independent_rms/tcn/seed_29/bandpass_n20001_cV2_covariance_s5.npz,76236,e5b0dafbfa00463c7ea42a357b1a70e40090f2fce88569304cf228266fb2768f
tcn,independent_rms,29,bandpass_n20001_cV2_covariance_s0,phase2/results/predictions/full/independent_rms/tcn/seed_29/bandpass_n20001_cV2_covariance_s0.npz,76008,fb5cf70039ccfcaf6a90396b29d79a691261abd3cc00f52b86a153f20ecbca54
tcn,independent_rms,29,bandpass_n20001_cV3_independent_rms_s20,phase2/results/predictions/full/independent_rms/tcn/seed_29/bandpass_n20001_cV3_independent_rms_s20.npz,76386,70d8b281d5af7dc6bbcba0057903e0e3a3446f9717246f3e2049e2cad018b15e
tcn,independent_rms,29,bandpass_n20001_cV3_independent_rms_s15,phase2/results/predictions/full/independent_rms/tcn/seed_29/bandpass_n20001_cV3_independent_rms_s15.npz,76362,fe90f3eeb19603314342760be094d2e4220b3721a42774017818ced979ef7549
tcn,independent_rms,29,bandpass_n20001_cV3_independent_rms_s10,phase2/results/predictions/full/independent_rms/tcn/seed_29/bandpass_n20001_cV3_independent_rms_s10.npz,76395,11c724d715a1fdb81c70728b3d6fcf70a29551a679646269b31cbd3a290ba8ee
tcn,independent_rms,29,bandpass_n20001_cV3_independent_rms_s5,phase2/results/predictions/full/independent_rms/tcn/seed_29/bandpass_n20001_cV3_independent_rms_s5.npz,76331,78728177c579382ef2134bb3396859e0927d15fd976a299e7c16ce2b9058943b
tcn,independent_rms,29,bandpass_n20001_cV3_independent_rms_s0,phase2/results/predictions/full/independent_rms/tcn/seed_29/bandpass_n20001_cV3_independent_rms_s0.npz,76257,24841e7c1b1056cd03ed0f3fd3bea81267d283c08cdf880d52cbefa7168265e0
tcn,independent_rms,29,bandpass_n20001_cV3_electrode_s20,phase2/results/predictions/full/independent_rms/tcn/seed_29/bandpass_n20001_cV3_electrode_s20.npz,76363,95c15468988e417b49eee0120d44fba91805cb7b56b2850257d282906d94366c
tcn,independent_rms,29,bandpass_n20001_cV3_electrode_s15,phase2/results/predictions/full/independent_rms/tcn/seed_29/bandpass_n20001_cV3_electrode_s15.npz,76371,6073a1b194176093f70a141b157040862d5ba84990501b5a2f9f8966aead0764
tcn,independent_rms,29,bandpass_n20001_cV3_electrode_s10,phase2/results/predictions/full/independent_rms/tcn/seed_29/bandpass_n20001_cV3_electrode_s10.npz,76389,f2a438ee2f081f389b39faec432863e88fd9b64b72cfe377aaddff37b4ffe67b
tcn,independent_rms,29,bandpass_n20001_cV3_electrode_s5,phase2/results/predictions/full/independent_rms/tcn/seed_29/bandpass_n20001_cV3_electrode_s5.npz,76356,a608a1ce3f5d21ee5901ab85e3cc4ceb47690d671f7e46919570629c470e725b
tcn,independent_rms,29,bandpass_n20001_cV3_electrode_s0,phase2/results/predictions/full/independent_rms/tcn/seed_29/bandpass_n20001_cV3_electrode_s0.npz,76259,a611b30fb3a815dfd82c9d48cc1a0558c4433bf46dd85967e8cdef8a1b36f844
tcn,independent_rms,29,bandpass_n20001_cV3_covariance_s20,phase2/results/predictions/full/independent_rms/tcn/seed_29/bandpass_n20001_cV3_covariance_s20.npz,76391,939c4a3c2af45ad48d848e3986712352dfbd7bd08eb85720be9df99bdf823f7b
tcn,independent_rms,29,bandpass_n20001_cV3_covariance_s15,phase2/results/predictions/full/independent_rms/tcn/seed_29/bandpass_n20001_cV3_covariance_s15.npz,76356,40d5eec1acaae360bd86c090d414560b2a7014f46fa9731a51d18585443a6da3
tcn,independent_rms,29,bandpass_n20001_cV3_covariance_s10,phase2/results/predictions/full/independent_rms/tcn/seed_29/bandpass_n20001_cV3_covariance_s10.npz,76364,be37e5fdd7f405268a593ee70ece603960f518b39ffda9b39116c73f6d54913e
tcn,independent_rms,29,bandpass_n20001_cV3_covariance_s5,phase2/results/predictions/full/independent_rms/tcn/seed_29/bandpass_n20001_cV3_covariance_s5.npz,76412,a1a263ddce4cdd42f8608035fd8cc898198ed6d63e253a6345d9b2291fb8d167
tcn,independent_rms,29,bandpass_n20001_cV3_covariance_s0,phase2/results/predictions/full/independent_rms/tcn/seed_29/bandpass_n20001_cV3_covariance_s0.npz,76270,d684b321b4791d31bc47741b38cc254f4f7dbe26ca0d651e165ef8220cc1cf1c
tcn,independent_rms,29,bandpass_n20001_cV4_independent_rms_s20,phase2/results/predictions/full/independent_rms/tcn/seed_29/bandpass_n20001_cV4_independent_rms_s20.npz,76411,22a20695af187d54872bc32b851fbbe97e236d48ffaa427df2de8a096c12ba17
tcn,independent_rms,29,bandpass_n20001_cV4_independent_rms_s15,phase2/results/predictions/full/independent_rms/tcn/seed_29/bandpass_n20001_cV4_independent_rms_s15.npz,76419,a137d4abe8c84fbe0296af6d7b689b5fb29da008897f7bc684e115cb621178f4
tcn,independent_rms,29,bandpass_n20001_cV4_independent_rms_s10,phase2/results/predictions/full/independent_rms/tcn/seed_29/bandpass_n20001_cV4_independent_rms_s10.npz,76373,24b9aeb023a67eab93cce1a81743f8711dff0f38143a356c417be9d45660eca7
tcn,independent_rms,29,bandpass_n20001_cV4_independent_rms_s5,phase2/results/predictions/full/independent_rms/tcn/seed_29/bandpass_n20001_cV4_independent_rms_s5.npz,76289,84c7f79d111e8856ff3b84fdfb4769c0061c194311d2773f433b7907a6606acb
tcn,independent_rms,29,bandpass_n20001_cV4_independent_rms_s0,phase2/results/predictions/full/independent_rms/tcn/seed_29/bandpass_n20001_cV4_independent_rms_s0.npz,76145,1cbb4bc058f767c305b6bfaff68e9e8b96e348b68c025dcadf9490ecf9d5fc75
tcn,independent_rms,29,bandpass_n20001_cV4_electrode_s20,phase2/results/predictions/full/independent_rms/tcn/seed_29/bandpass_n20001_cV4_electrode_s20.npz,76386,b1a7b96759351969546664abc0120b1b1632f0288301e1f80e68241eadb5fca9
tcn,independent_rms,29,bandpass_n20001_cV4_electrode_s15,phase2/results/predictions/full/independent_rms/tcn/seed_29/bandpass_n20001_cV4_electrode_s15.npz,76393,56adc10dac1e2b5c3ccb62540f7376994f30a59e491d3d4a209c20292065a48a
tcn,independent_rms,29,bandpass_n20001_cV4_electrode_s10,phase2/results/predictions/full/independent_rms/tcn/seed_29/bandpass_n20001_cV4_electrode_s10.npz,76370,5e4cccf3d98bb59a2bc1bed3b8cc452ce2c5a7123a724f6e0f46eefb98a29c1a
tcn,independent_rms,29,bandpass_n20001_cV4_electrode_s5,phase2/results/predictions/full/independent_rms/tcn/seed_29/bandpass_n20001_cV4_electrode_s5.npz,76298,067e1e0fd9f7e92a38eb441eccccf770fc945eaff3904e8a204837197150d882
tcn,independent_rms,29,bandpass_n20001_cV4_electrode_s0,phase2/results/predictions/full/independent_rms/tcn/seed_29/bandpass_n20001_cV4_electrode_s0.npz,76118,6d12f688ace58378cb2fadc2e4fea3ac2ebda3b5fd9d4def775699c27fec2bf3
tcn,independent_rms,29,bandpass_n20001_cV4_covariance_s20,phase2/results/predictions/full/independent_rms/tcn/seed_29/bandpass_n20001_cV4_covariance_s20.npz,76404,863e6a6ebc8a0f280f9ad4f49736ab12fcf4c424dfbdf8ce7d5b8209b896e958
tcn,independent_rms,29,bandpass_n20001_cV4_covariance_s15,phase2/results/predictions/full/independent_rms/tcn/seed_29/bandpass_n20001_cV4_covariance_s15.npz,76383,6f83e8b12cab7f9e3fce75626e977c76a8e343995acf305539342b2ca51cffbd
tcn,independent_rms,29,bandpass_n20001_cV4_covariance_s10,phase2/results/predictions/full/independent_rms/tcn/seed_29/bandpass_n20001_cV4_covariance_s10.npz,76371,db14dc541e2582624c2fcd2fdc1e2df74495558e54c4beb680a9badac9ba8fce
tcn,independent_rms,29,bandpass_n20001_cV4_covariance_s5,phase2/results/predictions/full/independent_rms/tcn/seed_29/bandpass_n20001_cV4_covariance_s5.npz,76317,fb2ede310458435c6afbe0e5e424549c381257ed878bae87c9207fbd40062b09
tcn,independent_rms,29,bandpass_n20001_cV4_covariance_s0,phase2/results/predictions/full/independent_rms/tcn/seed_29/bandpass_n20001_cV4_covariance_s0.npz,76145,43678a198285ab9e712d777a31290085d4d854d62bd0e4bac920f5e7e353e6a5
tcn,independent_rms,29,bandpass_n20001_cV5_independent_rms_s20,phase2/results/predictions/full/independent_rms/tcn/seed_29/bandpass_n20001_cV5_independent_rms_s20.npz,76398,89f2e013be35747fff46790f7dcea8890ffbcb050539ca36183121cbd1b0ea89
tcn,independent_rms,29,bandpass_n20001_cV5_independent_rms_s15,phase2/results/predictions/full/independent_rms/tcn/seed_29/bandpass_n20001_cV5_independent_rms_s15.npz,76418,0f52fa637a1f77a8efb6ee08a9870974c7ac2141c5e16dad3047b1d7740477c6
tcn,independent_rms,29,bandpass_n20001_cV5_independent_rms_s10,phase2/results/predictions/full/independent_rms/tcn/seed_29/bandpass_n20001_cV5_independent_rms_s10.npz,76390,98d7b8deb20f8119f3982af7478348d6f4db13f0747a02bf22b55eb4ea8fc22d
tcn,independent_rms,29,bandpass_n20001_cV5_independent_rms_s5,phase2/results/predictions/full/independent_rms/tcn/seed_29/bandpass_n20001_cV5_independent_rms_s5.npz,76336,5185a78368616b557421ae191eada99bfe9d123d3b49a8ade6327f0406a4d52b
tcn,independent_rms,29,bandpass_n20001_cV5_independent_rms_s0,phase2/results/predictions/full/independent_rms/tcn/seed_29/bandpass_n20001_cV5_independent_rms_s0.npz,76123,25175699b19894322db18accf9620e81d3162677ccbe01dca4dae66a90855768
tcn,independent_rms,29,bandpass_n20001_cV5_electrode_s20,phase2/results/predictions/full/independent_rms/tcn/seed_29/bandpass_n20001_cV5_electrode_s20.npz,76392,479a6a9f353a235de69a3f415930b7f396abce77079c961a55d648f5cd0231c3
tcn,independent_rms,29,bandpass_n20001_cV5_electrode_s15,phase2/results/predictions/full/independent_rms/tcn/seed_29/bandpass_n20001_cV5_electrode_s15.npz,76391,9370578ca43ca39541b790e70e909f0975eef692f4df62b8f96b5e83312e9d55
tcn,independent_rms,29,bandpass_n20001_cV5_electrode_s10,phase2/results/predictions/full/independent_rms/tcn/seed_29/bandpass_n20001_cV5_electrode_s10.npz,76367,d2740d68f9e2449e70d437f67a85537cf14652f231de0dfabb8a30bdd49915de
tcn,independent_rms,29,bandpass_n20001_cV5_electrode_s5,phase2/results/predictions/full/independent_rms/tcn/seed_29/bandpass_n20001_cV5_electrode_s5.npz,76306,220428f49d35a3ecfb0763811f4506cf295a36e2ccaf1840bb0b378acc7a54c6
tcn,independent_rms,29,bandpass_n20001_cV5_electrode_s0,phase2/results/predictions/full/independent_rms/tcn/seed_29/bandpass_n20001_cV5_electrode_s0.npz,76121,30d35d052112964cf7086da206d2f28130d4bdb02048ea05fd861c956becdded
tcn,independent_rms,29,bandpass_n20001_cV5_covariance_s20,phase2/results/predictions/full/independent_rms/tcn/seed_29/bandpass_n20001_cV5_covariance_s20.npz,76373,d47131211cd1af2533c0f11921711b7f95acb23164fc686027ccc375464b121b
tcn,independent_rms,29,bandpass_n20001_cV5_covariance_s15,phase2/results/predictions/full/independent_rms/tcn/seed_29/bandpass_n20001_cV5_covariance_s15.npz,76348,df2adc7e0b0a88422b3b460c57e0c56c92c6e8f1805c177cc5cd4746c23c5563
tcn,independent_rms,29,bandpass_n20001_cV5_covariance_s10,phase2/results/predictions/full/independent_rms/tcn/seed_29/bandpass_n20001_cV5_covariance_s10.npz,76368,99746dccc2d6716ed1e7edffeb70f2fe667485056107c632faff003138db33b6
tcn,independent_rms,29,bandpass_n20001_cV5_covariance_s5,phase2/results/predictions/full/independent_rms/tcn/seed_29/bandpass_n20001_cV5_covariance_s5.npz,76321,2e9c8f1754cfe9d1da58852e790f1513f2ed49610d97278671658eb0f9729786
tcn,independent_rms,29,bandpass_n20001_cV5_covariance_s0,phase2/results/predictions/full/independent_rms/tcn/seed_29/bandpass_n20001_cV5_covariance_s0.npz,76078,de401dc7e238e6b4ddc3e44733b1745a262b18e1a908159e9127fc533c7e2d82
tcn,independent_rms,29,bandpass_n20001_cV6_independent_rms_s20,phase2/results/predictions/full/independent_rms/tcn/seed_29/bandpass_n20001_cV6_independent_rms_s20.npz,76428,e96eceeadcb3d558520f91cb4217bd6e3fedb09e341a27e4af29896be8a2223e
tcn,independent_rms,29,bandpass_n20001_cV6_independent_rms_s15,phase2/results/predictions/full/independent_rms/tcn/seed_29/bandpass_n20001_cV6_independent_rms_s15.npz,76371,09e513979ab07cf85b82971ae06ac90f4ca2d6c8aecc8b9332661dd48c366bca
tcn,independent_rms,29,bandpass_n20001_cV6_independent_rms_s10,phase2/results/predictions/full/independent_rms/tcn/seed_29/bandpass_n20001_cV6_independent_rms_s10.npz,76373,9e919ba52099bbe6fbf4336afdd4c0ca011d1463445d2082a7cd9f0c4b433647
tcn,independent_rms,29,bandpass_n20001_cV6_independent_rms_s5,phase2/results/predictions/full/independent_rms/tcn/seed_29/bandpass_n20001_cV6_independent_rms_s5.npz,76245,2ff903be59376e8e5a7a12a577207a8b7176615bbb786e70024ba8df8d178915
tcn,independent_rms,29,bandpass_n20001_cV6_independent_rms_s0,phase2/results/predictions/full/independent_rms/tcn/seed_29/bandpass_n20001_cV6_independent_rms_s0.npz,76051,15f06682fd4bd806f37de181d89f47b6134e12a1e1af75787173db8b2eef854f
tcn,independent_rms,29,bandpass_n20001_cV6_electrode_s20,phase2/results/predictions/full/independent_rms/tcn/seed_29/bandpass_n20001_cV6_electrode_s20.npz,76413,32c8ec5c497d33ec0d62f59656bb005b163f2c362138e9a934ebdce28f95a1bf
tcn,independent_rms,29,bandpass_n20001_cV6_electrode_s15,phase2/results/predictions/full/independent_rms/tcn/seed_29/bandpass_n20001_cV6_electrode_s15.npz,76362,6b9ec044e29bf5f4bdba3f020e8219511205dc150a6ebc8cce91f2598595ee0d
tcn,independent_rms,29,bandpass_n20001_cV6_electrode_s10,phase2/results/predictions/full/independent_rms/tcn/seed_29/bandpass_n20001_cV6_electrode_s10.npz,76349,7867da74a4fe38067f936b34682524fc2f422f3fbde777e0539d2e7483dc602a
tcn,independent_rms,29,bandpass_n20001_cV6_electrode_s5,phase2/results/predictions/full/independent_rms/tcn/seed_29/bandpass_n20001_cV6_electrode_s5.npz,76225,c9586be6a41041be8b7d2aa37fb186ed33abef42c9f6d5c3d1b21f16058aeaba
tcn,independent_rms,29,bandpass_n20001_cV6_electrode_s0,phase2/results/predictions/full/independent_rms/tcn/seed_29/bandpass_n20001_cV6_electrode_s0.npz,76022,3890299ee7e13b5f1e00571fb05b6ab67881a5f606ed6f942a648c39fb0c3499
tcn,independent_rms,29,bandpass_n20001_cV6_covariance_s20,phase2/results/predictions/full/independent_rms/tcn/seed_29/bandpass_n20001_cV6_covariance_s20.npz,76385,f8a7331d1983e62181f241adb00e1d205fa43aa14a058fce01200eaafb4ce524
tcn,independent_rms,29,bandpass_n20001_cV6_covariance_s15,phase2/results/predictions/full/independent_rms/tcn/seed_29/bandpass_n20001_cV6_covariance_s15.npz,76410,82b25fd4bf8f75828ec6999a76762cfe57a9da8ffbf59ca42650dafdcec4984c
tcn,independent_rms,29,bandpass_n20001_cV6_covariance_s10,phase2/results/predictions/full/independent_rms/tcn/seed_29/bandpass_n20001_cV6_covariance_s10.npz,76395,cc725229b1e0132c6f10165abc91b91089d42632aec4dec6fbd058bb456ad216
tcn,independent_rms,29,bandpass_n20001_cV6_covariance_s5,phase2/results/predictions/full/independent_rms/tcn/seed_29/bandpass_n20001_cV6_covariance_s5.npz,76250,0d9d997902e3f3b0328e79b42f5a583ab7ef745217194a6ef4ba9427d79efa92
tcn,independent_rms,29,bandpass_n20001_cV6_covariance_s0,phase2/results/predictions/full/independent_rms/tcn/seed_29/bandpass_n20001_cV6_covariance_s0.npz,76005,59fa0082e6b26b3bf0bb7fb837cd323f9a60f4aaa61c42abf5debe9c934f19a5
tcn,independent_rms,29,bandpass_n20001_cRA_LA_independent_rms_s20,phase2/results/predictions/full/independent_rms/tcn/seed_29/bandpass_n20001_cRA_LA_independent_rms_s20.npz,76422,c389013161c7f938e36b86b35825217bafdba3c623ef8c6bce85ea3461644d68
tcn,independent_rms,29,bandpass_n20001_cRA_LA_independent_rms_s15,phase2/results/predictions/full/independent_rms/tcn/seed_29/bandpass_n20001_cRA_LA_independent_rms_s15.npz,76423,924bf83460f4944a4e4f926150fa95fe76414a6f68c89e89f1804777212e80e4
tcn,independent_rms,29,bandpass_n20001_cRA_LA_independent_rms_s10,phase2/results/predictions/full/independent_rms/tcn/seed_29/bandpass_n20001_cRA_LA_independent_rms_s10.npz,76350,e4849dcf0a56a82bb6df6a334934bdc7d027414f153b1aafeaa2b308801f808a
tcn,independent_rms,29,bandpass_n20001_cRA_LA_independent_rms_s5,phase2/results/predictions/full/independent_rms/tcn/seed_29/bandpass_n20001_cRA_LA_independent_rms_s5.npz,76237,967b9eab56eba71c1316ca543dd8510ef8d8862fa415035d3546ad7127390285
tcn,independent_rms,29,bandpass_n20001_cRA_LA_independent_rms_s0,phase2/results/predictions/full/independent_rms/tcn/seed_29/bandpass_n20001_cRA_LA_independent_rms_s0.npz,75926,554727296f7bad416c86756edc5a606302fef5389cf48d799ad87d6e779beec5
tcn,independent_rms,29,bandpass_n20001_cRA_LA_electrode_s20,phase2/results/predictions/full/independent_rms/tcn/seed_29/bandpass_n20001_cRA_LA_electrode_s20.npz,76403,29431ee51e2eec503a8fb7f965bbd2c09deed18ace47aecd0e40ab44fc8fc86d
tcn,independent_rms,29,bandpass_n20001_cRA_LA_electrode_s15,phase2/results/predictions/full/independent_rms/tcn/seed_29/bandpass_n20001_cRA_LA_electrode_s15.npz,76399,4450d43d0c8f06c1095521dd702b5670215eb5b3f601524cb350d50643de97cd
tcn,independent_rms,29,bandpass_n20001_cRA_LA_electrode_s10,phase2/results/predictions/full/independent_rms/tcn/seed_29/bandpass_n20001_cRA_LA_electrode_s10.npz,76276,1fbb22acde4bfe44a458d6178ec0f03e998b2479aa817361142c4882e14f45a9
tcn,independent_rms,29,bandpass_n20001_cRA_LA_electrode_s5,phase2/results/predictions/full/independent_rms/tcn/seed_29/bandpass_n20001_cRA_LA_electrode_s5.npz,76061,26959cbfe6637e9548e2e958d07d2b71c7869678ea1cc2ff201bbe5a947538d7
tcn,independent_rms,29,bandpass_n20001_cRA_LA_electrode_s0,phase2/results/predictions/full/independent_rms/tcn/seed_29/bandpass_n20001_cRA_LA_electrode_s0.npz,75605,4f6d0540fc6f327fc242184bb14999cad37abc1ee09e5339bb565b1ce0a5a877
tcn,independent_rms,29,bandpass_n20001_cRA_LA_covariance_s20,phase2/results/predictions/full/independent_rms/tcn/seed_29/bandpass_n20001_cRA_LA_covariance_s20.npz,76399,881ea72d03fe06f63e501743c89c32b2ebfa17b8e994015c786d8892caa82e73
tcn,independent_rms,29,bandpass_n20001_cRA_LA_covariance_s15,phase2/results/predictions/full/independent_rms/tcn/seed_29/bandpass_n20001_cRA_LA_covariance_s15.npz,76359,35fda46e9f7465a00849fa86435ca99d5ee60e85046d50ccbdda4dbcc736ca3a
tcn,independent_rms,29,bandpass_n20001_cRA_LA_covariance_s10,phase2/results/predictions/full/independent_rms/tcn/seed_29/bandpass_n20001_cRA_LA_covariance_s10.npz,76304,3bf3482c8f70732038dc8d5c4bc82bfd3d52b941aeeb876a2996760013c52236
tcn,independent_rms,29,bandpass_n20001_cRA_LA_covariance_s5,phase2/results/predictions/full/independent_rms/tcn/seed_29/bandpass_n20001_cRA_LA_covariance_s5.npz,76085,b636f0ae2d1a8163f8cdb2466e5ff9765df99b3a87087484ece08d8d598ce630
tcn,independent_rms,29,bandpass_n20001_cRA_LA_covariance_s0,phase2/results/predictions/full/independent_rms/tcn/seed_29/bandpass_n20001_cRA_LA_covariance_s0.npz,75567,60f59a2ff32efe86a670e8d7e5cdae3ee6169bcc7ed16022068028aec7716a33
tcn,independent_rms,29,bandpass_n20001_cLA_LL_independent_rms_s20,phase2/results/predictions/full/independent_rms/tcn/seed_29/bandpass_n20001_cLA_LL_independent_rms_s20.npz,76418,2c96a2ad6c9929a82708586ad4c622de40be1fc3cb74c31afe62f2b76bb7e333
tcn,independent_rms,29,bandpass_n20001_cLA_LL_independent_rms_s15,phase2/results/predictions/full/independent_rms/tcn/seed_29/bandpass_n20001_cLA_LL_independent_rms_s15.npz,76400,ea3d1344e6360b2708beaa39343102b14c3deea6f7e97f80d7165b758b1554cc
tcn,independent_rms,29,bandpass_n20001_cLA_LL_independent_rms_s10,phase2/results/predictions/full/independent_rms/tcn/seed_29/bandpass_n20001_cLA_LL_independent_rms_s10.npz,76393,744f099373839d2af866eed40df19747cb9653eda29fa9a78567056e7b7662d4
tcn,independent_rms,29,bandpass_n20001_cLA_LL_independent_rms_s5,phase2/results/predictions/full/independent_rms/tcn/seed_29/bandpass_n20001_cLA_LL_independent_rms_s5.npz,76261,6941738eeb86ba6498a67f24a247256c22589541beac6cf4c9f1b1632b17e691
tcn,independent_rms,29,bandpass_n20001_cLA_LL_independent_rms_s0,phase2/results/predictions/full/independent_rms/tcn/seed_29/bandpass_n20001_cLA_LL_independent_rms_s0.npz,75920,12e04ad8e058840403ad07232acdb8b353c81fd01e68371398914e17fab6d4ac
tcn,independent_rms,29,bandpass_n20001_cLA_LL_electrode_s20,phase2/results/predictions/full/independent_rms/tcn/seed_29/bandpass_n20001_cLA_LL_electrode_s20.npz,76364,49e6548b193aee71e37708110996eead11617241674f203f13dc657583680a0e
tcn,independent_rms,29,bandpass_n20001_cLA_LL_electrode_s15,phase2/results/predictions/full/independent_rms/tcn/seed_29/bandpass_n20001_cLA_LL_electrode_s15.npz,76372,b396902fd17e863c58f40879fcefa64a49da416ab2e89dc4914223c97a0617a5
tcn,independent_rms,29,bandpass_n20001_cLA_LL_electrode_s10,phase2/results/predictions/full/independent_rms/tcn/seed_29/bandpass_n20001_cLA_LL_electrode_s10.npz,76289,2babd5786e3adf9482876e71c4b2a1c367d2025ad55ece2cb1a939322817bd0e
tcn,independent_rms,29,bandpass_n20001_cLA_LL_electrode_s5,phase2/results/predictions/full/independent_rms/tcn/seed_29/bandpass_n20001_cLA_LL_electrode_s5.npz,76131,32798554b1289ae0a030bcf733e67a81691f974b57c418a048686e2a5371a7e7
tcn,independent_rms,29,bandpass_n20001_cLA_LL_electrode_s0,phase2/results/predictions/full/independent_rms/tcn/seed_29/bandpass_n20001_cLA_LL_electrode_s0.npz,75859,6d47992f2877370257d15c4e81ec2189b798c8174a8f6c8575f3acc2601014bd
tcn,independent_rms,29,bandpass_n20001_cLA_LL_covariance_s20,phase2/results/predictions/full/independent_rms/tcn/seed_29/bandpass_n20001_cLA_LL_covariance_s20.npz,76390,f0a05b71763b1eafbac74dd78e13b1ebb477d7ede98124f4701b235fe43ff10c
tcn,independent_rms,29,bandpass_n20001_cLA_LL_covariance_s15,phase2/results/predictions/full/independent_rms/tcn/seed_29/bandpass_n20001_cLA_LL_covariance_s15.npz,76370,943157c938ec5fcd3157e29b8947bfd573ad44c59545caba5ec58fc1c84e1830
tcn,independent_rms,29,bandpass_n20001_cLA_LL_covariance_s10,phase2/results/predictions/full/independent_rms/tcn/seed_29/bandpass_n20001_cLA_LL_covariance_s10.npz,76296,a1839547bf31e2c5d69bca6996e6e68151de4683f93af74f990716d10f65d2d4
tcn,independent_rms,29,bandpass_n20001_cLA_LL_covariance_s5,phase2/results/predictions/full/independent_rms/tcn/seed_29/bandpass_n20001_cLA_LL_covariance_s5.npz,76131,d8d6b8b94376c4fd035adcaac592879c20c71bb4a9d1d8fe64a875b80b13e7fc
tcn,independent_rms,29,bandpass_n20001_cLA_LL_covariance_s0,phase2/results/predictions/full/independent_rms/tcn/seed_29/bandpass_n20001_cLA_LL_covariance_s0.npz,75804,8373ae42172f393baa636b630baac51c643f42290b39935fd06c71ecf67919a1
tcn,independent_rms,29,bandpass_n20001_cRA_LL_independent_rms_s20,phase2/results/predictions/full/independent_rms/tcn/seed_29/bandpass_n20001_cRA_LL_independent_rms_s20.npz,76437,6850459f77e1b8fd0e8a3b973fe8c6934a96948803178e70bc271df14fc8647a
tcn,independent_rms,29,bandpass_n20001_cRA_LL_independent_rms_s15,phase2/results/predictions/full/independent_rms/tcn/seed_29/bandpass_n20001_cRA_LL_independent_rms_s15.npz,76397,38e6aa59180e9fc6170eca1078a706bbbc9924a2d73045abca35c8197de75b10
tcn,independent_rms,29,bandpass_n20001_cRA_LL_independent_rms_s10,phase2/results/predictions/full/independent_rms/tcn/seed_29/bandpass_n20001_cRA_LL_independent_rms_s10.npz,76358,28c83c2123474eccf1c2526a45b5de8ab1cfa18e04a96bfbdc71182e0e2d0b3a
tcn,independent_rms,29,bandpass_n20001_cRA_LL_independent_rms_s5,phase2/results/predictions/full/independent_rms/tcn/seed_29/bandpass_n20001_cRA_LL_independent_rms_s5.npz,76250,516bce583ffa82a34e4fb5f3b6573681f71990de39499866dba01c27077f3196
tcn,independent_rms,29,bandpass_n20001_cRA_LL_independent_rms_s0,phase2/results/predictions/full/independent_rms/tcn/seed_29/bandpass_n20001_cRA_LL_independent_rms_s0.npz,75930,0f9537625a5040a2af860b8c587e54b5d58894f00b15943d58a4230bf292dbe9
tcn,independent_rms,29,bandpass_n20001_cRA_LL_electrode_s20,phase2/results/predictions/full/independent_rms/tcn/seed_29/bandpass_n20001_cRA_LL_electrode_s20.npz,76385,7cdad2db2bba0d7e5dc0f486c115c8b96edf6493127ad121dbd5e7bc2355a45a
tcn,independent_rms,29,bandpass_n20001_cRA_LL_electrode_s15,phase2/results/predictions/full/independent_rms/tcn/seed_29/bandpass_n20001_cRA_LL_electrode_s15.npz,76382,f7c1086ab66b72a79c8093b62707d01c90be834de4ad32193964252f98d40e17
tcn,independent_rms,29,bandpass_n20001_cRA_LL_electrode_s10,phase2/results/predictions/full/independent_rms/tcn/seed_29/bandpass_n20001_cRA_LL_electrode_s10.npz,76264,b9584645aa0bf488d58b4eb5b63fd3b707fcbdc6a85801030740c4b59933d7a3
tcn,independent_rms,29,bandpass_n20001_cRA_LL_electrode_s5,phase2/results/predictions/full/independent_rms/tcn/seed_29/bandpass_n20001_cRA_LL_electrode_s5.npz,76084,4cd9a2c8c33aa96ef1766ab9a8d00fa0c0a6265b434cfc60a4beac68f07c4a9b
tcn,independent_rms,29,bandpass_n20001_cRA_LL_electrode_s0,phase2/results/predictions/full/independent_rms/tcn/seed_29/bandpass_n20001_cRA_LL_electrode_s0.npz,75542,2a0c5daa95ae531160b533d64cc5675d1c2a8d9fc1aba770a02a006100491d3d
tcn,independent_rms,29,bandpass_n20001_cRA_LL_covariance_s20,phase2/results/predictions/full/independent_rms/tcn/seed_29/bandpass_n20001_cRA_LL_covariance_s20.npz,76389,38034c24c485d0e2650ccd70152d0559abf0e89a9cb3d54afc8555371303e337
tcn,independent_rms,29,bandpass_n20001_cRA_LL_covariance_s15,phase2/results/predictions/full/independent_rms/tcn/seed_29/bandpass_n20001_cRA_LL_covariance_s15.npz,76388,d007363430bc9dfff91ec18fd7a8eb9e2ab53ce3b79648d3618dbde700c735ee
tcn,independent_rms,29,bandpass_n20001_cRA_LL_covariance_s10,phase2/results/predictions/full/independent_rms/tcn/seed_29/bandpass_n20001_cRA_LL_covariance_s10.npz,76244,d43eff094eb97c08d0130fb74246bdb1f5d4829423d9c56076a18d8490adae45
tcn,independent_rms,29,bandpass_n20001_cRA_LL_covariance_s5,phase2/results/predictions/full/independent_rms/tcn/seed_29/bandpass_n20001_cRA_LL_covariance_s5.npz,76066,30d62e087e7df7567bf82016f64b319f1696a9b5d1776221ce5a850362a7bb83
tcn,independent_rms,29,bandpass_n20001_cRA_LL_covariance_s0,phase2/results/predictions/full/independent_rms/tcn/seed_29/bandpass_n20001_cRA_LL_covariance_s0.npz,75544,036386395cf22fa844746636031614b3aa2ffdef222ecf7eb3dbe3618e174c86
tcn,independent_rms,29,bandpass_n20001_cRA_independent_rms_s20,phase2/results/predictions/full/independent_rms/tcn/seed_29/bandpass_n20001_cRA_independent_rms_s20.npz,76391,e03796723839fe2e6b27a62d590e2cec410d575818cf5ccc01d7c81069e312f3
tcn,independent_rms,29,bandpass_n20001_cRA_independent_rms_s15,phase2/results/predictions/full/independent_rms/tcn/seed_29/bandpass_n20001_cRA_independent_rms_s15.npz,76408,323b28a2eee256687e7afeb9dc7bbefe08b0ce7c4319e139522ca5accb05748d
tcn,independent_rms,29,bandpass_n20001_cRA_independent_rms_s10,phase2/results/predictions/full/independent_rms/tcn/seed_29/bandpass_n20001_cRA_independent_rms_s10.npz,76381,b28f7bb82261a6ecdd64388a1c6f230086c1ea4c5b9d8ad9984df63c88894246
tcn,independent_rms,29,bandpass_n20001_cRA_independent_rms_s5,phase2/results/predictions/full/independent_rms/tcn/seed_29/bandpass_n20001_cRA_independent_rms_s5.npz,76229,cc4408d0d07a739d61ed78b90b1540f978b18e64cc1cb41c72201c521fbe3edc
tcn,independent_rms,29,bandpass_n20001_cRA_independent_rms_s0,phase2/results/predictions/full/independent_rms/tcn/seed_29/bandpass_n20001_cRA_independent_rms_s0.npz,75921,06b02fc49f91cae4450ae83843913e11f6d529beab71b63f76ef51de14b70356
tcn,independent_rms,29,bandpass_n20001_cRA_electrode_s20,phase2/results/predictions/full/independent_rms/tcn/seed_29/bandpass_n20001_cRA_electrode_s20.npz,76367,55644be2cc20a845a6034d4e73ccaa0dfff48ac2c3c95dc155fc4555841d3fab
tcn,independent_rms,29,bandpass_n20001_cRA_electrode_s15,phase2/results/predictions/full/independent_rms/tcn/seed_29/bandpass_n20001_cRA_electrode_s15.npz,76354,b24320ad3bb41ed5051737c48bba0b16b7ba9865759d19a235544eb1f2befa34
tcn,independent_rms,29,bandpass_n20001_cRA_electrode_s10,phase2/results/predictions/full/independent_rms/tcn/seed_29/bandpass_n20001_cRA_electrode_s10.npz,76245,a4809e0845aee5a83dbdc000f91a57e038a939c1488aea69e9626c477f98bd2c
tcn,independent_rms,29,bandpass_n20001_cRA_electrode_s5,phase2/results/predictions/full/independent_rms/tcn/seed_29/bandpass_n20001_cRA_electrode_s5.npz,75984,23ceebc4d58e05726cfcf5fa6adee1a2c80899f732c5d9f5ea489e056de6a0ba
tcn,independent_rms,29,bandpass_n20001_cRA_electrode_s0,phase2/results/predictions/full/independent_rms/tcn/seed_29/bandpass_n20001_cRA_electrode_s0.npz,75444,2f1452b3633f7d38c5a1d2b3114474c1a6a1cb5472bb2fa4dc81027a7e266c1f
tcn,independent_rms,29,bandpass_n20001_cRA_covariance_s20,phase2/results/predictions/full/independent_rms/tcn/seed_29/bandpass_n20001_cRA_covariance_s20.npz,76365,82d9710150f13c788253f1610c489737a22c5aff3b103134af75ad9c83534cf6
tcn,independent_rms,29,bandpass_n20001_cRA_covariance_s15,phase2/results/predictions/full/independent_rms/tcn/seed_29/bandpass_n20001_cRA_covariance_s15.npz,76357,8a6ce9605039f9699c0b2056ff91e98ae8054a35b86be62dbe94504c5659cbe5
tcn,independent_rms,29,bandpass_n20001_cRA_covariance_s10,phase2/results/predictions/full/independent_rms/tcn/seed_29/bandpass_n20001_cRA_covariance_s10.npz,76255,e243216e486b96ad585768407fa8392528a66c8428a4a0c04227ae09216f3a31
tcn,independent_rms,29,bandpass_n20001_cRA_covariance_s5,phase2/results/predictions/full/independent_rms/tcn/seed_29/bandpass_n20001_cRA_covariance_s5.npz,75996,e8db56bc308265565b20e5d8185016e9affceb4ceb20292a1cab8743c5ca0b14
tcn,independent_rms,29,bandpass_n20001_cRA_covariance_s0,phase2/results/predictions/full/independent_rms/tcn/seed_29/bandpass_n20001_cRA_covariance_s0.npz,75415,97d3ce3970b424db9bf0695ddfad061756eb6c96b7356cd0315f132bccd48df1
tcn,independent_rms,29,bandpass_n20001_cLA_independent_rms_s20,phase2/results/predictions/full/independent_rms/tcn/seed_29/bandpass_n20001_cLA_independent_rms_s20.npz,76403,cd20fb814c97b0d407f9a03a0f777817f7f431c993aea10f80e119e2cc014ca3
tcn,independent_rms,29,bandpass_n20001_cLA_independent_rms_s15,phase2/results/predictions/full/independent_rms/tcn/seed_29/bandpass_n20001_cLA_independent_rms_s15.npz,76419,e743103dc5b1ea74a58e28818626ade1faf3b380eee2edf6d39415b5ec175159
tcn,independent_rms,29,bandpass_n20001_cLA_independent_rms_s10,phase2/results/predictions/full/independent_rms/tcn/seed_29/bandpass_n20001_cLA_independent_rms_s10.npz,76350,4e504e0a2fba4fbd8225880e943045ff74e2f7c1e99327815c631db147958b0b
tcn,independent_rms,29,bandpass_n20001_cLA_independent_rms_s5,phase2/results/predictions/full/independent_rms/tcn/seed_29/bandpass_n20001_cLA_independent_rms_s5.npz,76252,d0445a1e99b6db17390041e3a2ac3bafaf4760f7a8884cfc7451dd45c7df9611
tcn,independent_rms,29,bandpass_n20001_cLA_independent_rms_s0,phase2/results/predictions/full/independent_rms/tcn/seed_29/bandpass_n20001_cLA_independent_rms_s0.npz,75916,4c5d03f0c1fda2fddc1ee3cb6cf19f487d06e32709ff62e7761b0e3441bd8584
tcn,independent_rms,29,bandpass_n20001_cLA_electrode_s20,phase2/results/predictions/full/independent_rms/tcn/seed_29/bandpass_n20001_cLA_electrode_s20.npz,76411,d01597e63b5ec748e5b607f60f05bee57e7c714eed689d5b1812ce8b0dfefebd
tcn,independent_rms,29,bandpass_n20001_cLA_electrode_s15,phase2/results/predictions/full/independent_rms/tcn/seed_29/bandpass_n20001_cLA_electrode_s15.npz,76380,1f88162f1a60078e43e95e21096734dd24445ae3c29c84e35d87092f8509088c
tcn,independent_rms,29,bandpass_n20001_cLA_electrode_s10,phase2/results/predictions/full/independent_rms/tcn/seed_29/bandpass_n20001_cLA_electrode_s10.npz,76291,f2afa02217dee6388fa9bc80116dc19a452229fd0b79f28810474881766fddc5
tcn,independent_rms,29,bandpass_n20001_cLA_electrode_s5,phase2/results/predictions/full/independent_rms/tcn/seed_29/bandpass_n20001_cLA_electrode_s5.npz,76139,56546d53d605f867497e1d94ddd5f459bb9b544e6cb520b69e64d25cf9543a5c
tcn,independent_rms,29,bandpass_n20001_cLA_electrode_s0,phase2/results/predictions/full/independent_rms/tcn/seed_29/bandpass_n20001_cLA_electrode_s0.npz,75821,27a0a19bc32105422dcd6df33a38255ca47bbd3c91d375f762d1cddff82163ad
tcn,independent_rms,29,bandpass_n20001_cLA_covariance_s20,phase2/results/predictions/full/independent_rms/tcn/seed_29/bandpass_n20001_cLA_covariance_s20.npz,76395,f4f45876ba214499c4900c3a31dabaa9c74496577ba136cbe296d6668729ff72
tcn,independent_rms,29,bandpass_n20001_cLA_covariance_s15,phase2/results/predictions/full/independent_rms/tcn/seed_29/bandpass_n20001_cLA_covariance_s15.npz,76380,5234f6d8aa163bc90ba9e1f651a0f948ebdaaba029d1ad2450c7632e1c383f51
tcn,independent_rms,29,bandpass_n20001_cLA_covariance_s10,phase2/results/predictions/full/independent_rms/tcn/seed_29/bandpass_n20001_cLA_covariance_s10.npz,76276,cb4ef4ea56bfb6ccb829762e8caf647595b6dc85c0135d6f45caffd2f48c3d20
tcn,independent_rms,29,bandpass_n20001_cLA_covariance_s5,phase2/results/predictions/full/independent_rms/tcn/seed_29/bandpass_n20001_cLA_covariance_s5.npz,76134,9b4bee4ef46bc511bc30ff4c9ad3f0ec30a78b140d9cfa0c3c3a8264de976dd4
tcn,independent_rms,29,bandpass_n20001_cLA_covariance_s0,phase2/results/predictions/full/independent_rms/tcn/seed_29/bandpass_n20001_cLA_covariance_s0.npz,75794,fdd83cbf70f87a5da07a114fbc4c8b6e7b8217a18aa537955c2496c23a6b6edb
tcn,independent_rms,29,bandpass_n20001_cLL_independent_rms_s20,phase2/results/predictions/full/independent_rms/tcn/seed_29/bandpass_n20001_cLL_independent_rms_s20.npz,76397,294f43707176c5cca5001249d75c91caed3cc51d2c0abfd9a4e2f30a87c5bb36
tcn,independent_rms,29,bandpass_n20001_cLL_independent_rms_s15,phase2/results/predictions/full/independent_rms/tcn/seed_29/bandpass_n20001_cLL_independent_rms_s15.npz,76412,16b678da8f27b1c436a18f142f204f53e3857fc2dcc523897f3fd130ed514168
tcn,independent_rms,29,bandpass_n20001_cLL_independent_rms_s10,phase2/results/predictions/full/independent_rms/tcn/seed_29/bandpass_n20001_cLL_independent_rms_s10.npz,76372,2b949ea181a20829ac3cef6a4a9e64c64c203c344fde4dd15bcbfd48f15dfef0
tcn,independent_rms,29,bandpass_n20001_cLL_independent_rms_s5,phase2/results/predictions/full/independent_rms/tcn/seed_29/bandpass_n20001_cLL_independent_rms_s5.npz,76265,a9988d63559d7cd3ce3c35a3c682233bd8d7d9ef0572d6f4067b102ff666b7a7
tcn,independent_rms,29,bandpass_n20001_cLL_independent_rms_s0,phase2/results/predictions/full/independent_rms/tcn/seed_29/bandpass_n20001_cLL_independent_rms_s0.npz,75950,1d07f29cd29efb426ec35ddf247eb7cd5923acd06f0a6b8805c11d12a00711c6
tcn,independent_rms,29,bandpass_n20001_cLL_electrode_s20,phase2/results/predictions/full/independent_rms/tcn/seed_29/bandpass_n20001_cLL_electrode_s20.npz,76410,4428c7d86c6d257a13c673824076076dafdfaf9ad654413546cd0d36f3f35e67
tcn,independent_rms,29,bandpass_n20001_cLL_electrode_s15,phase2/results/predictions/full/independent_rms/tcn/seed_29/bandpass_n20001_cLL_electrode_s15.npz,76381,0880d36b5483e08f77037ad28a78f6cafb19538483615a755d6246577a4fdc86
tcn,independent_rms,29,bandpass_n20001_cLL_electrode_s10,phase2/results/predictions/full/independent_rms/tcn/seed_29/bandpass_n20001_cLL_electrode_s10.npz,76286,631ce47a4145e73b724d218d48f6a6b33fede8f40e2c9695291c927c82636aca
tcn,independent_rms,29,bandpass_n20001_cLL_electrode_s5,phase2/results/predictions/full/independent_rms/tcn/seed_29/bandpass_n20001_cLL_electrode_s5.npz,76081,447ed3aa0c8186542d9959a7c1c298cc59c72c477bc3af990fae0eafbf7304a5
tcn,independent_rms,29,bandpass_n20001_cLL_electrode_s0,phase2/results/predictions/full/independent_rms/tcn/seed_29/bandpass_n20001_cLL_electrode_s0.npz,75899,79382446814824405e4bd4addba80eabe74c2ccecb9baec17f654faf33bb078c
tcn,independent_rms,29,bandpass_n20001_cLL_covariance_s20,phase2/results/predictions/full/independent_rms/tcn/seed_29/bandpass_n20001_cLL_covariance_s20.npz,76399,fe678cd1d44c7ae2c0752a22523aa2585a53ff1bc0ff223d99fd0315a82c1d7a
tcn,independent_rms,29,bandpass_n20001_cLL_covariance_s15,phase2/results/predictions/full/independent_rms/tcn/seed_29/bandpass_n20001_cLL_covariance_s15.npz,76379,29a44213b4d65d97bed52b5633f04921f315ade53b1f57917ba39c65a0804681
tcn,independent_rms,29,bandpass_n20001_cLL_covariance_s10,phase2/results/predictions/full/independent_rms/tcn/seed_29/bandpass_n20001_cLL_covariance_s10.npz,76276,3bfe4f25de1db7a8ffa0d4ad50cb617cb5714a0a6f05036bbca9703442765211
tcn,independent_rms,29,bandpass_n20001_cLL_covariance_s5,phase2/results/predictions/full/independent_rms/tcn/seed_29/bandpass_n20001_cLL_covariance_s5.npz,76125,fdd88fb5e167ac0efa7ee68dd443a9fb13498da6dc617eb2f4f1002f1b918613
tcn,independent_rms,29,bandpass_n20001_cLL_covariance_s0,phase2/results/predictions/full/independent_rms/tcn/seed_29/bandpass_n20001_cLL_covariance_s0.npz,75881,12be53254a17471c17858274b68815b1266cf963804ce82d18c5d41b83f0096a
tcn,independent_rms,29,bandpass_n20001_cRA_V1_independent_rms_s20,phase2/results/predictions/full/independent_rms/tcn/seed_29/bandpass_n20001_cRA_V1_independent_rms_s20.npz,76431,46fe7fc8ada98267e02c9ab3abcf0991c5cbded3af8cab3efc61c2268fd0d939
tcn,independent_rms,29,bandpass_n20001_cRA_V1_independent_rms_s15,phase2/results/predictions/full/independent_rms/tcn/seed_29/bandpass_n20001_cRA_V1_independent_rms_s15.npz,76386,b82613416fe2b0d6a2f540b742a310ad8b76fe470e599247b91af8911ef120ea
tcn,independent_rms,29,bandpass_n20001_cRA_V1_independent_rms_s10,phase2/results/predictions/full/independent_rms/tcn/seed_29/bandpass_n20001_cRA_V1_independent_rms_s10.npz,76369,8a7832b9c344f0661f87549ebdb6574e5c920897b3b05bc7cbd9de8e1f5964fd
tcn,independent_rms,29,bandpass_n20001_cRA_V1_independent_rms_s5,phase2/results/predictions/full/independent_rms/tcn/seed_29/bandpass_n20001_cRA_V1_independent_rms_s5.npz,76227,b1eb028f51edc481b1fe272291425f49460bdb43a47a9157f4d23c48261ed310
tcn,independent_rms,29,bandpass_n20001_cRA_V1_independent_rms_s0,phase2/results/predictions/full/independent_rms/tcn/seed_29/bandpass_n20001_cRA_V1_independent_rms_s0.npz,75904,e466911ff39fa24c49044ed9aed24bbd91c0b57fc813a7ddea5f90a5f3828bb8
tcn,independent_rms,29,bandpass_n20001_cRA_V1_electrode_s20,phase2/results/predictions/full/independent_rms/tcn/seed_29/bandpass_n20001_cRA_V1_electrode_s20.npz,76378,aed7377240fcce2f27f8a86ae40fb6d250cde48605e7adc3a1ac44e9a0b48bcd
tcn,independent_rms,29,bandpass_n20001_cRA_V1_electrode_s15,phase2/results/predictions/full/independent_rms/tcn/seed_29/bandpass_n20001_cRA_V1_electrode_s15.npz,76384,a4bbb56792016c9e2e8b11576878f0e122da3a15762219d1365515f1082daaa2
tcn,independent_rms,29,bandpass_n20001_cRA_V1_electrode_s10,phase2/results/predictions/full/independent_rms/tcn/seed_29/bandpass_n20001_cRA_V1_electrode_s10.npz,76244,6af376e0b8455b9dd732d887786db8446d56d8f48529acb61c3e0568e7f4bd38
tcn,independent_rms,29,bandpass_n20001_cRA_V1_electrode_s5,phase2/results/predictions/full/independent_rms/tcn/seed_29/bandpass_n20001_cRA_V1_electrode_s5.npz,76018,79a8716856db84d6cc5357171bb0e07316ea1f3e3ce6bfa676836607bf8838e1
tcn,independent_rms,29,bandpass_n20001_cRA_V1_electrode_s0,phase2/results/predictions/full/independent_rms/tcn/seed_29/bandpass_n20001_cRA_V1_electrode_s0.npz,75457,83ea594f747d499e46bef30d0e106d06e6b199043b77c916f41b9e482f78cbf6
tcn,independent_rms,29,bandpass_n20001_cRA_V1_covariance_s20,phase2/results/predictions/full/independent_rms/tcn/seed_29/bandpass_n20001_cRA_V1_covariance_s20.npz,76384,d7de87061d8653f6f43680f3a894a463f34c03256f73360cc59248dbef025717
tcn,independent_rms,29,bandpass_n20001_cRA_V1_covariance_s15,phase2/results/predictions/full/independent_rms/tcn/seed_29/bandpass_n20001_cRA_V1_covariance_s15.npz,76385,46fd1304d4974e5bd6fcc0963ae88d63d73a885027fccf0c801ce70ba13dd862
tcn,independent_rms,29,bandpass_n20001_cRA_V1_covariance_s10,phase2/results/predictions/full/independent_rms/tcn/seed_29/bandpass_n20001_cRA_V1_covariance_s10.npz,76245,87685a442a88b480afcbd1c5d759273dc4d8d586b23d099e0346a67fc4b5e19e
tcn,independent_rms,29,bandpass_n20001_cRA_V1_covariance_s5,phase2/results/predictions/full/independent_rms/tcn/seed_29/bandpass_n20001_cRA_V1_covariance_s5.npz,76042,d8029886a52ec42d48ec5cbe774d54afe0feee37b256be2fe26c6b980f497aad
tcn,independent_rms,29,bandpass_n20001_cRA_V1_covariance_s0,phase2/results/predictions/full/independent_rms/tcn/seed_29/bandpass_n20001_cRA_V1_covariance_s0.npz,75465,9026ac429d8280e939adab2ccf4cadbf45762aacefd85175f9ab8816645f7ad7
tcn,independent_rms,29,bandpass_n20001_cLA_V6_independent_rms_s20,phase2/results/predictions/full/independent_rms/tcn/seed_29/bandpass_n20001_cLA_V6_independent_rms_s20.npz,76416,eda27193a880a22749c956ce03e4a508e2c30ee7af8dea0d8f64528ba1a5b779
tcn,independent_rms,29,bandpass_n20001_cLA_V6_independent_rms_s15,phase2/results/predictions/full/independent_rms/tcn/seed_29/bandpass_n20001_cLA_V6_independent_rms_s15.npz,76413,59ddc486948e4e7d74aaf2918e9d833ce866369b8399507764571e3ac2bab396
tcn,independent_rms,29,bandpass_n20001_cLA_V6_independent_rms_s10,phase2/results/predictions/full/independent_rms/tcn/seed_29/bandpass_n20001_cLA_V6_independent_rms_s10.npz,76339,dd787b1a6822d55c204f60181c31bed744e62f5727f1e2975ede2a335c73aa19
tcn,independent_rms,29,bandpass_n20001_cLA_V6_independent_rms_s5,phase2/results/predictions/full/independent_rms/tcn/seed_29/bandpass_n20001_cLA_V6_independent_rms_s5.npz,76246,028b3a51003a0c51ba689d2efa620dd8fa091be403a6918af23de05f0458363f
tcn,independent_rms,29,bandpass_n20001_cLA_V6_independent_rms_s0,phase2/results/predictions/full/independent_rms/tcn/seed_29/bandpass_n20001_cLA_V6_independent_rms_s0.npz,75946,8620ec706c14de5cf680334d9f4e421a2e2d2849fdc121b2b5dc80a2c6bb1f57
tcn,independent_rms,29,bandpass_n20001_cLA_V6_electrode_s20,phase2/results/predictions/full/independent_rms/tcn/seed_29/bandpass_n20001_cLA_V6_electrode_s20.npz,76394,3544cecb000e6fac4af6a01c3913a0ef68b2488dfaf504bc5d2ff5dcca7abec6
tcn,independent_rms,29,bandpass_n20001_cLA_V6_electrode_s15,phase2/results/predictions/full/independent_rms/tcn/seed_29/bandpass_n20001_cLA_V6_electrode_s15.npz,76403,b11ad072937d78da6170475c8f744f0c436f9149dc73cbed772c36245bb07d3b
tcn,independent_rms,29,bandpass_n20001_cLA_V6_electrode_s10,phase2/results/predictions/full/independent_rms/tcn/seed_29/bandpass_n20001_cLA_V6_electrode_s10.npz,76318,f2edbec10c9b06197679da5b5ab913bd8e811683b4b757b9e69030d462a4d1d5
tcn,independent_rms,29,bandpass_n20001_cLA_V6_electrode_s5,phase2/results/predictions/full/independent_rms/tcn/seed_29/bandpass_n20001_cLA_V6_electrode_s5.npz,76174,8fbf95d2f201fdc181be7497bb5ecf9a68269e547c70747064b4e3c3a8d17f85
tcn,independent_rms,29,bandpass_n20001_cLA_V6_electrode_s0,phase2/results/predictions/full/independent_rms/tcn/seed_29/bandpass_n20001_cLA_V6_electrode_s0.npz,75863,566ddc4fcfccf043b5c91df675c9ac72a2e9acb9a70d9984d9b322726966a57d
tcn,independent_rms,29,bandpass_n20001_cLA_V6_covariance_s20,phase2/results/predictions/full/independent_rms/tcn/seed_29/bandpass_n20001_cLA_V6_covariance_s20.npz,76409,3dc17e5636b2eafd4aceedc882164ff1502d11937c814fdaf2fb8736fea49738
tcn,independent_rms,29,bandpass_n20001_cLA_V6_covariance_s15,phase2/results/predictions/full/independent_rms/tcn/seed_29/bandpass_n20001_cLA_V6_covariance_s15.npz,76402,b685eaa47f4b1edc854cc8be5e59eab4bb3b625e5e5ffc92a110b437bbe03733
tcn,independent_rms,29,bandpass_n20001_cLA_V6_covariance_s10,phase2/results/predictions/full/independent_rms/tcn/seed_29/bandpass_n20001_cLA_V6_covariance_s10.npz,76310,1f23fe79820a5bf3deada9b46287c26a7eb1fccd42f359ef37ad1165127c63f0
tcn,independent_rms,29,bandpass_n20001_cLA_V6_covariance_s5,phase2/results/predictions/full/independent_rms/tcn/seed_29/bandpass_n20001_cLA_V6_covariance_s5.npz,76209,66a5b3c48b26ff10235d13e0671d2002ebd1edc636fe1c4116d4bae624472b72
tcn,independent_rms,29,bandpass_n20001_cLA_V6_covariance_s0,phase2/results/predictions/full/independent_rms/tcn/seed_29/bandpass_n20001_cLA_V6_covariance_s0.npz,75840,12a469792a84754343f2602d9532316b0dc686c513700c391b1a31c9c65968ad
tcn,independent_rms,29,bandpass_n20001_cLL_V4_independent_rms_s20,phase2/results/predictions/full/independent_rms/tcn/seed_29/bandpass_n20001_cLL_V4_independent_rms_s20.npz,76409,5b74e810565b7b3b051e180f44500d5dc6116e3f99ebe9abba23078eebfdcd4f
tcn,independent_rms,29,bandpass_n20001_cLL_V4_independent_rms_s15,phase2/results/predictions/full/independent_rms/tcn/seed_29/bandpass_n20001_cLL_V4_independent_rms_s15.npz,76434,1cfad5cdb809f31ae31c8da6a4e0a29797c20693b96fb2e2e142edb7125125de
tcn,independent_rms,29,bandpass_n20001_cLL_V4_independent_rms_s10,phase2/results/predictions/full/independent_rms/tcn/seed_29/bandpass_n20001_cLL_V4_independent_rms_s10.npz,76384,113ebdabe437726059c3f413b7f18d342f154824fd5a743f6123d026b4a422fa
tcn,independent_rms,29,bandpass_n20001_cLL_V4_independent_rms_s5,phase2/results/predictions/full/independent_rms/tcn/seed_29/bandpass_n20001_cLL_V4_independent_rms_s5.npz,76270,5320ecc3c060cf65c750ad945c127a0a8e0cba1f36eb1b71acf767676f263180
tcn,independent_rms,29,bandpass_n20001_cLL_V4_independent_rms_s0,phase2/results/predictions/full/independent_rms/tcn/seed_29/bandpass_n20001_cLL_V4_independent_rms_s0.npz,75977,87420152cbb2ee2d40b62af079871e0017f7d14ba387e8713953d0d17f732c22
tcn,independent_rms,29,bandpass_n20001_cLL_V4_electrode_s20,phase2/results/predictions/full/independent_rms/tcn/seed_29/bandpass_n20001_cLL_V4_electrode_s20.npz,76394,9edc446cdbc241a2b15192786bcd95d1a58de05cd0e1be6ea4c4b62f32b248d4
tcn,independent_rms,29,bandpass_n20001_cLL_V4_electrode_s15,phase2/results/predictions/full/independent_rms/tcn/seed_29/bandpass_n20001_cLL_V4_electrode_s15.npz,76380,43e34e81070c1a125b132fd95f8a413510ebe6d34bc100c2fc91d4908a441e4e
tcn,independent_rms,29,bandpass_n20001_cLL_V4_electrode_s10,phase2/results/predictions/full/independent_rms/tcn/seed_29/bandpass_n20001_cLL_V4_electrode_s10.npz,76309,1b4d43f60f389b4dcab39833f4331812fb361c66e27f5b65188ba729de18d42b
tcn,independent_rms,29,bandpass_n20001_cLL_V4_electrode_s5,phase2/results/predictions/full/independent_rms/tcn/seed_29/bandpass_n20001_cLL_V4_electrode_s5.npz,76170,d31f77abddb83332b22503da0db8f187497f62b6dbfb06d0a14b698767b6b3c6
tcn,independent_rms,29,bandpass_n20001_cLL_V4_electrode_s0,phase2/results/predictions/full/independent_rms/tcn/seed_29/bandpass_n20001_cLL_V4_electrode_s0.npz,75916,4635cd46632b0c6f2dd6a9133b1065d4b82a05edfb20c0079b37642eac8b8ad7
tcn,independent_rms,29,bandpass_n20001_cLL_V4_covariance_s20,phase2/results/predictions/full/independent_rms/tcn/seed_29/bandpass_n20001_cLL_V4_covariance_s20.npz,76368,aa1abfd9b33b74ab5382029799b30d72fafd9ec9e4ce5daa54fdc791ee8a0e31
tcn,independent_rms,29,bandpass_n20001_cLL_V4_covariance_s15,phase2/results/predictions/full/independent_rms/tcn/seed_29/bandpass_n20001_cLL_V4_covariance_s15.npz,76388,bb59eee477568e10ccceb308bb94cff70a453c8c77059da11d7f6efdfa9b1407
tcn,independent_rms,29,bandpass_n20001_cLL_V4_covariance_s10,phase2/results/predictions/full/independent_rms/tcn/seed_29/bandpass_n20001_cLL_V4_covariance_s10.npz,76342,36e03bcd9500efd7953605dc706fff5fb998afd2eccffe62d38dabd6d6a02094
tcn,independent_rms,29,bandpass_n20001_cLL_V4_covariance_s5,phase2/results/predictions/full/independent_rms/tcn/seed_29/bandpass_n20001_cLL_V4_covariance_s5.npz,76157,fd31783856c314cff35a3c66c7af20139065021c8e6413b1c516daf9980aacb6
tcn,independent_rms,29,bandpass_n20001_cLL_V4_covariance_s0,phase2/results/predictions/full/independent_rms/tcn/seed_29/bandpass_n20001_cLL_V4_covariance_s0.npz,75963,e14e3295838d78dec4ac3f63ff1930e7f309ee7b00c5f58b5be846918352dc83
tcn,independent_rms,29,bandpass_n20001_cRA_LA_V1_V6_independent_rms_s20,phase2/results/predictions/full/independent_rms/tcn/seed_29/bandpass_n20001_cRA_LA_V1_V6_independent_rms_s20.npz,76400,f85be75df93398643d64431c5e8cf0263ac2d5f9b8e168f7a1283b1c60a88b0f
tcn,independent_rms,29,bandpass_n20001_cRA_LA_V1_V6_independent_rms_s15,phase2/results/predictions/full/independent_rms/tcn/seed_29/bandpass_n20001_cRA_LA_V1_V6_independent_rms_s15.npz,76431,4c601c80124e80c0c59dc2be18a59ec086de8dce382ea19f73a4d02ea683e74b
tcn,independent_rms,29,bandpass_n20001_cRA_LA_V1_V6_independent_rms_s10,phase2/results/predictions/full/independent_rms/tcn/seed_29/bandpass_n20001_cRA_LA_V1_V6_independent_rms_s10.npz,76389,1c9e275153f658fbce73a959cca0d72582ba9fe38aa721f0485ef53ffe94d8ab
tcn,independent_rms,29,bandpass_n20001_cRA_LA_V1_V6_independent_rms_s5,phase2/results/predictions/full/independent_rms/tcn/seed_29/bandpass_n20001_cRA_LA_V1_V6_independent_rms_s5.npz,76224,a1c2d423def6b624ef728727590b22adc3987a952ef8339aae8cf5ca21bd667b
tcn,independent_rms,29,bandpass_n20001_cRA_LA_V1_V6_independent_rms_s0,phase2/results/predictions/full/independent_rms/tcn/seed_29/bandpass_n20001_cRA_LA_V1_V6_independent_rms_s0.npz,75920,b45d54eb205bcfb9ba0afc96a55541b3c43f0dc67f76127340435aaaf2ddf3a4
tcn,independent_rms,29,bandpass_n20001_cRA_LA_V1_V6_electrode_s20,phase2/results/predictions/full/independent_rms/tcn/seed_29/bandpass_n20001_cRA_LA_V1_V6_electrode_s20.npz,76405,d60aece81301ed10b9bea963cfc8f482c238b116aeb598451be039a0bf58dc0a
tcn,independent_rms,29,bandpass_n20001_cRA_LA_V1_V6_electrode_s15,phase2/results/predictions/full/independent_rms/tcn/seed_29/bandpass_n20001_cRA_LA_V1_V6_electrode_s15.npz,76415,b78ab689b0997b01a6aab014d44d1d5ef1b4355f358214181d3b55ef3d9ab535
tcn,independent_rms,29,bandpass_n20001_cRA_LA_V1_V6_electrode_s10,phase2/results/predictions/full/independent_rms/tcn/seed_29/bandpass_n20001_cRA_LA_V1_V6_electrode_s10.npz,76290,fafb20acfb42d76f655d9bcc8a4c37deecacbde038fa67d0fde91009cf4958ae
tcn,independent_rms,29,bandpass_n20001_cRA_LA_V1_V6_electrode_s5,phase2/results/predictions/full/independent_rms/tcn/seed_29/bandpass_n20001_cRA_LA_V1_V6_electrode_s5.npz,76134,f96f44495c1637166f541d3b73e44bce44d942d10f1c30d2fbd5b564515c39ae
tcn,independent_rms,29,bandpass_n20001_cRA_LA_V1_V6_electrode_s0,phase2/results/predictions/full/independent_rms/tcn/seed_29/bandpass_n20001_cRA_LA_V1_V6_electrode_s0.npz,75637,3d79b98151bf05118ceb86f88fc0f039d3cce7cdc091c622a0bfc1561933bf93
tcn,independent_rms,29,bandpass_n20001_cRA_LA_V1_V6_covariance_s20,phase2/results/predictions/full/independent_rms/tcn/seed_29/bandpass_n20001_cRA_LA_V1_V6_covariance_s20.npz,76392,17dfe716b4b60489e94e454fe273c941c99cb2d8e2650ec7677dc062ec599d4c
tcn,independent_rms,29,bandpass_n20001_cRA_LA_V1_V6_covariance_s15,phase2/results/predictions/full/independent_rms/tcn/seed_29/bandpass_n20001_cRA_LA_V1_V6_covariance_s15.npz,76410,a82867732abc016072194cd934e45a82d912d02b1666fdbe333833335d5e0836
tcn,independent_rms,29,bandpass_n20001_cRA_LA_V1_V6_covariance_s10,phase2/results/predictions/full/independent_rms/tcn/seed_29/bandpass_n20001_cRA_LA_V1_V6_covariance_s10.npz,76295,359ca6c1db8d6af902befb3db978112c96f56b7fbef21f1369e4c57020183535
tcn,independent_rms,29,bandpass_n20001_cRA_LA_V1_V6_covariance_s5,phase2/results/predictions/full/independent_rms/tcn/seed_29/bandpass_n20001_cRA_LA_V1_V6_covariance_s5.npz,76094,b587ea239336dec485bc4fb01d0ab2c163b14428be233014b180ad692bab6b9f
tcn,independent_rms,29,bandpass_n20001_cRA_LA_V1_V6_covariance_s0,phase2/results/predictions/full/independent_rms/tcn/seed_29/bandpass_n20001_cRA_LA_V1_V6_covariance_s0.npz,75612,9e164d6f95f5894bda4cd2bfb275891bfc6480497e84beb3a234f159c0083676
tcn,independent_rms,29,bandpass_n20001_cRA_V2_V5_independent_rms_s20,phase2/results/predictions/full/independent_rms/tcn/seed_29/bandpass_n20001_cRA_V2_V5_independent_rms_s20.npz,76415,f378349ee23f2dd2f72f76503078f947bbcf28799f8e4b210e204648c0e3b810
tcn,independent_rms,29,bandpass_n20001_cRA_V2_V5_independent_rms_s15,phase2/results/predictions/full/independent_rms/tcn/seed_29/bandpass_n20001_cRA_V2_V5_independent_rms_s15.npz,76438,534ff7f58bb629c769799cc5601a939aa2191dab1efefa6c6bb43a0a4d34309e
tcn,independent_rms,29,bandpass_n20001_cRA_V2_V5_independent_rms_s10,phase2/results/predictions/full/independent_rms/tcn/seed_29/bandpass_n20001_cRA_V2_V5_independent_rms_s10.npz,76394,cb05cf09e388041a58fa2a797477e7d3a6316e6883c0d807b76f2fb9150c7db7
tcn,independent_rms,29,bandpass_n20001_cRA_V2_V5_independent_rms_s5,phase2/results/predictions/full/independent_rms/tcn/seed_29/bandpass_n20001_cRA_V2_V5_independent_rms_s5.npz,76258,af45cf58e120aff66da9f65c88ff007498c976c8171947db565c45be648372f0
tcn,independent_rms,29,bandpass_n20001_cRA_V2_V5_independent_rms_s0,phase2/results/predictions/full/independent_rms/tcn/seed_29/bandpass_n20001_cRA_V2_V5_independent_rms_s0.npz,75978,e5171ee95fad32a2622a2a453b548727f36ec0bc870229faddb2e2cd21c7b665
tcn,independent_rms,29,bandpass_n20001_cRA_V2_V5_electrode_s20,phase2/results/predictions/full/independent_rms/tcn/seed_29/bandpass_n20001_cRA_V2_V5_electrode_s20.npz,76397,9a5e227ce7eddaf7c4ccb472e72ddbb1aa6d6bda1840f640489c2f64f8c2775d
tcn,independent_rms,29,bandpass_n20001_cRA_V2_V5_electrode_s15,phase2/results/predictions/full/independent_rms/tcn/seed_29/bandpass_n20001_cRA_V2_V5_electrode_s15.npz,76401,c6c02cef17f4ddff526a6edc6902b4b2aeb62de0982dc720ee1c9bcbb9285e72
tcn,independent_rms,29,bandpass_n20001_cRA_V2_V5_electrode_s10,phase2/results/predictions/full/independent_rms/tcn/seed_29/bandpass_n20001_cRA_V2_V5_electrode_s10.npz,76278,defe0d92074f1547ca5f421d1c34c981e9f3071066970fd128793fd9f8a6a9f5
tcn,independent_rms,29,bandpass_n20001_cRA_V2_V5_electrode_s5,phase2/results/predictions/full/independent_rms/tcn/seed_29/bandpass_n20001_cRA_V2_V5_electrode_s5.npz,76107,dbcbb9a3a77214e335b45dd88b6401d0b1d7869a207df38b2794b8b2fcb0d8b9
tcn,independent_rms,29,bandpass_n20001_cRA_V2_V5_electrode_s0,phase2/results/predictions/full/independent_rms/tcn/seed_29/bandpass_n20001_cRA_V2_V5_electrode_s0.npz,75563,5c0464fbd1dbb0610bcd8ef1ca06872045ad241ae10456c67aab7daa337a7636
tcn,independent_rms,29,bandpass_n20001_cRA_V2_V5_covariance_s20,phase2/results/predictions/full/independent_rms/tcn/seed_29/bandpass_n20001_cRA_V2_V5_covariance_s20.npz,76380,96b360d14dc7bc77778b5285a9e5b93fb974f18972b91a979ee5b3ea09902289
tcn,independent_rms,29,bandpass_n20001_cRA_V2_V5_covariance_s15,phase2/results/predictions/full/independent_rms/tcn/seed_29/bandpass_n20001_cRA_V2_V5_covariance_s15.npz,76417,c2eed70a0152fc50389ee55cc754501bd7e4189da3cfb2d8498fc2da5e5cdc14
tcn,independent_rms,29,bandpass_n20001_cRA_V2_V5_covariance_s10,phase2/results/predictions/full/independent_rms/tcn/seed_29/bandpass_n20001_cRA_V2_V5_covariance_s10.npz,76279,d1f724f96edc9a0c882b67b17faa2041bb012e60a6171b39546e15f5c1a20584
tcn,independent_rms,29,bandpass_n20001_cRA_V2_V5_covariance_s5,phase2/results/predictions/full/independent_rms/tcn/seed_29/bandpass_n20001_cRA_V2_V5_covariance_s5.npz,76102,25f07197ea17c68757285dd70491b5830bc874861b1f198aafdcac3a450947d8
tcn,independent_rms,29,bandpass_n20001_cRA_V2_V5_covariance_s0,phase2/results/predictions/full/independent_rms/tcn/seed_29/bandpass_n20001_cRA_V2_V5_covariance_s0.npz,75573,1721d1014e56f9117279bb625ac2a942c8999a7c36daf00ccefc585724274bcb
tcn,independent_rms,29,bandpass_n20001_cLA_V3_V6_independent_rms_s20,phase2/results/predictions/full/independent_rms/tcn/seed_29/bandpass_n20001_cLA_V3_V6_independent_rms_s20.npz,76432,0035ccf81e25b403b1e83876025735d1f26c6a9f6075f0140790a329f6117326
tcn,independent_rms,29,bandpass_n20001_cLA_V3_V6_independent_rms_s15,phase2/results/predictions/full/independent_rms/tcn/seed_29/bandpass_n20001_cLA_V3_V6_independent_rms_s15.npz,76423,71da3dc2750ef86983cd67cabc566d6dfe90e169d07381283e4c1e6ae4428460
tcn,independent_rms,29,bandpass_n20001_cLA_V3_V6_independent_rms_s10,phase2/results/predictions/full/independent_rms/tcn/seed_29/bandpass_n20001_cLA_V3_V6_independent_rms_s10.npz,76416,a31368b3b46de0fee55c0185fd95a3ccedd2f81023538f4cf3330d8d809813cb
tcn,independent_rms,29,bandpass_n20001_cLA_V3_V6_independent_rms_s5,phase2/results/predictions/full/independent_rms/tcn/seed_29/bandpass_n20001_cLA_V3_V6_independent_rms_s5.npz,76298,62ef8f36e2ba8174cc26cb373b6bf2a7db186a8e9348312cb7fdee918c150d2c
tcn,independent_rms,29,bandpass_n20001_cLA_V3_V6_independent_rms_s0,phase2/results/predictions/full/independent_rms/tcn/seed_29/bandpass_n20001_cLA_V3_V6_independent_rms_s0.npz,76005,2a6d2318b6f04cf9fe378a7fa9d1b1940bc041dba502492efd046fca10e095da
tcn,independent_rms,29,bandpass_n20001_cLA_V3_V6_electrode_s20,phase2/results/predictions/full/independent_rms/tcn/seed_29/bandpass_n20001_cLA_V3_V6_electrode_s20.npz,76409,3946d8f214cd02e5b41dd0a10ad42ea1254861f6a39fda790c07f6338457f249
tcn,independent_rms,29,bandpass_n20001_cLA_V3_V6_electrode_s15,phase2/results/predictions/full/independent_rms/tcn/seed_29/bandpass_n20001_cLA_V3_V6_electrode_s15.npz,76421,a5388d99d2efe2938746569a4687df95f043f3fe852490676a47b38b688abd5e
tcn,independent_rms,29,bandpass_n20001_cLA_V3_V6_electrode_s10,phase2/results/predictions/full/independent_rms/tcn/seed_29/bandpass_n20001_cLA_V3_V6_electrode_s10.npz,76317,2e6c470fa430bd1d473c59d936b801fd35da4419df006b8f830fdda8039b7345
tcn,independent_rms,29,bandpass_n20001_cLA_V3_V6_electrode_s5,phase2/results/predictions/full/independent_rms/tcn/seed_29/bandpass_n20001_cLA_V3_V6_electrode_s5.npz,76240,3188d6e70f502a803e038c33e44e2d698c1a99f0b418193a02662f29f99ed6df
tcn,independent_rms,29,bandpass_n20001_cLA_V3_V6_electrode_s0,phase2/results/predictions/full/independent_rms/tcn/seed_29/bandpass_n20001_cLA_V3_V6_electrode_s0.npz,75920,c4fe625b54f70edf880deb22d45b8084b127a07d5452db3e41ace5f15b35dc25
tcn,independent_rms,29,bandpass_n20001_cLA_V3_V6_covariance_s20,phase2/results/predictions/full/independent_rms/tcn/seed_29/bandpass_n20001_cLA_V3_V6_covariance_s20.npz,76389,6eb67c7d51a25991f73d2593a9aaf27cad152672300552b9c83de95624a7176c
tcn,independent_rms,29,bandpass_n20001_cLA_V3_V6_covariance_s15,phase2/results/predictions/full/independent_rms/tcn/seed_29/bandpass_n20001_cLA_V3_V6_covariance_s15.npz,76401,e1ddc9edbc65f4d627d14d0c2d554a4c1dc7abeb2a5e5496285b947851b3f622
tcn,independent_rms,29,bandpass_n20001_cLA_V3_V6_covariance_s10,phase2/results/predictions/full/independent_rms/tcn/seed_29/bandpass_n20001_cLA_V3_V6_covariance_s10.npz,76330,f6bff68ec88b2c5681ec3032a43d3b194c2e56e2f12fedf360dadf97407a8851
tcn,independent_rms,29,bandpass_n20001_cLA_V3_V6_covariance_s5,phase2/results/predictions/full/independent_rms/tcn/seed_29/bandpass_n20001_cLA_V3_V6_covariance_s5.npz,76198,9cf1c794c8b7d09b509f5599dd0aaadd85757e89aeef40549f04a2e7633763f7
tcn,independent_rms,29,bandpass_n20001_cLA_V3_V6_covariance_s0,phase2/results/predictions/full/independent_rms/tcn/seed_29/bandpass_n20001_cLA_V3_V6_covariance_s0.npz,75877,da01bf17ba53a0abc6b4a4f81ba81443004c5806a1317e146e3b911e6a7cfbc8
tcn,independent_rms,29,bandpass_n20001_cLL_V1_V4_independent_rms_s20,phase2/results/predictions/full/independent_rms/tcn/seed_29/bandpass_n20001_cLL_V1_V4_independent_rms_s20.npz,76404,9f52e08b3d2d853ea41c71d64796c8a248f9861e616e9cbb5fa0cc13f9bde6d6
tcn,independent_rms,29,bandpass_n20001_cLL_V1_V4_independent_rms_s15,phase2/results/predictions/full/independent_rms/tcn/seed_29/bandpass_n20001_cLL_V1_V4_independent_rms_s15.npz,76428,e32c7183558e178bd572ea5fdbe37899801b64c5e821889697873c0ea082259b
tcn,independent_rms,29,bandpass_n20001_cLL_V1_V4_independent_rms_s10,phase2/results/predictions/full/independent_rms/tcn/seed_29/bandpass_n20001_cLL_V1_V4_independent_rms_s10.npz,76380,da873428ec92578179f8c9462506a108c80b9aa4f9faf60fd76baa6d4285a5d2
tcn,independent_rms,29,bandpass_n20001_cLL_V1_V4_independent_rms_s5,phase2/results/predictions/full/independent_rms/tcn/seed_29/bandpass_n20001_cLL_V1_V4_independent_rms_s5.npz,76257,7ab2872b610f2031d3dea402e53cd3b8bd4e9d3fc9ecc3888f10ac903ddb1d54
tcn,independent_rms,29,bandpass_n20001_cLL_V1_V4_independent_rms_s0,phase2/results/predictions/full/independent_rms/tcn/seed_29/bandpass_n20001_cLL_V1_V4_independent_rms_s0.npz,75922,76036d027e4e3e74da095159e698cb7cf327409aecaa656d0ddf9fcec3e3c1cb
tcn,independent_rms,29,bandpass_n20001_cLL_V1_V4_electrode_s20,phase2/results/predictions/full/independent_rms/tcn/seed_29/bandpass_n20001_cLL_V1_V4_electrode_s20.npz,76404,dff8bc403d7e934312b47604addbbc9f52d65914d1b5241e4b81cf917982a4e4
tcn,independent_rms,29,bandpass_n20001_cLL_V1_V4_electrode_s15,phase2/results/predictions/full/independent_rms/tcn/seed_29/bandpass_n20001_cLL_V1_V4_electrode_s15.npz,76406,43fc14b1f31cbbde65c29fdb526a015b5de560de5be64bf6f7edf921704fbfc7
tcn,independent_rms,29,bandpass_n20001_cLL_V1_V4_electrode_s10,phase2/results/predictions/full/independent_rms/tcn/seed_29/bandpass_n20001_cLL_V1_V4_electrode_s10.npz,76319,39e4c63486e2bb5d9804a93ae2ffac755bdeb661bf2103d014cfe69177514238
tcn,independent_rms,29,bandpass_n20001_cLL_V1_V4_electrode_s5,phase2/results/predictions/full/independent_rms/tcn/seed_29/bandpass_n20001_cLL_V1_V4_electrode_s5.npz,76168,07c6a84be5106facf52217371fd5071c1f8caf8a89c88f24f0066efab9bda7cb
tcn,independent_rms,29,bandpass_n20001_cLL_V1_V4_electrode_s0,phase2/results/predictions/full/independent_rms/tcn/seed_29/bandpass_n20001_cLL_V1_V4_electrode_s0.npz,75871,84eeff40b869bcd3ede6130d77acfdfb04814fea72835f4439f2d7246d9930d3
tcn,independent_rms,29,bandpass_n20001_cLL_V1_V4_covariance_s20,phase2/results/predictions/full/independent_rms/tcn/seed_29/bandpass_n20001_cLL_V1_V4_covariance_s20.npz,76421,b4779e3fdfdaed1b6cfdd0a25211b554689e5317e2be66b6e3c0be7168978f2f
tcn,independent_rms,29,bandpass_n20001_cLL_V1_V4_covariance_s15,phase2/results/predictions/full/independent_rms/tcn/seed_29/bandpass_n20001_cLL_V1_V4_covariance_s15.npz,76412,53d77f9c66a1873bcca5cff658ff1e02e788c15b6bb0b6e11481d77057dab61f
tcn,independent_rms,29,bandpass_n20001_cLL_V1_V4_covariance_s10,phase2/results/predictions/full/independent_rms/tcn/seed_29/bandpass_n20001_cLL_V1_V4_covariance_s10.npz,76353,6b0b5a8fc3b206929f4ec32bab0d4074e10681eaa8d51056fe2d2fecd76eb750
tcn,independent_rms,29,bandpass_n20001_cLL_V1_V4_covariance_s5,phase2/results/predictions/full/independent_rms/tcn/seed_29/bandpass_n20001_cLL_V1_V4_covariance_s5.npz,76175,3a387c41e2a8061ca977d686317fef8654a8461dcf80a8a03c39b94ad7910233
tcn,independent_rms,29,bandpass_n20001_cLL_V1_V4_covariance_s0,phase2/results/predictions/full/independent_rms/tcn/seed_29/bandpass_n20001_cLL_V1_V4_covariance_s0.npz,75866,77ebf828a18f2223ba8dd7e12168bf917276835e630c6e8e0f5d435c6cb143a5
tcn,independent_rms,29,bandpass_n20001_call_independent_rms_s20,phase2/results/predictions/full/independent_rms/tcn/seed_29/bandpass_n20001_call_independent_rms_s20.npz,76407,ea4764774ff43286bc9d1ddd3a355c14312ec4f1cd9d70d66b51d891d8ab10e9
tcn,independent_rms,29,bandpass_n20001_call_independent_rms_s15,phase2/results/predictions/full/independent_rms/tcn/seed_29/bandpass_n20001_call_independent_rms_s15.npz,76377,59189587924474494a8facd4a3c7b48794560772597e0796f194d4a55ab648a6
tcn,independent_rms,29,bandpass_n20001_call_independent_rms_s10,phase2/results/predictions/full/independent_rms/tcn/seed_29/bandpass_n20001_call_independent_rms_s10.npz,76305,2ad44d8b6bb1bfbb106ffd85395dfcc90eaf1a4097c9ca01159b0e29781563ad
tcn,independent_rms,29,bandpass_n20001_call_independent_rms_s5,phase2/results/predictions/full/independent_rms/tcn/seed_29/bandpass_n20001_call_independent_rms_s5.npz,76239,37b7b2350e9d028908218931c9b05ca3b742bea7702e7334559b12cfb58a7521
tcn,independent_rms,29,bandpass_n20001_call_independent_rms_s0,phase2/results/predictions/full/independent_rms/tcn/seed_29/bandpass_n20001_call_independent_rms_s0.npz,75932,4ba44a15fa50a71c4e8d4436dd50d05876b35ef01b67413daf730ad2859de78f
tcn,independent_rms,29,bandpass_n20001_call_electrode_s20,phase2/results/predictions/full/independent_rms/tcn/seed_29/bandpass_n20001_call_electrode_s20.npz,76356,eeb3faeaca8f5642ebd154ee3bc22a48a3784aff265db0b80cc546b742df2fe0
tcn,independent_rms,29,bandpass_n20001_call_electrode_s15,phase2/results/predictions/full/independent_rms/tcn/seed_29/bandpass_n20001_call_electrode_s15.npz,76371,0ae5a2344c8933b048413697ef2b8c9f3d4b9e83c9ef85b9deaea68d953adad2
tcn,independent_rms,29,bandpass_n20001_call_electrode_s10,phase2/results/predictions/full/independent_rms/tcn/seed_29/bandpass_n20001_call_electrode_s10.npz,76302,2ef3016c25e2dd5863be3c95661069e480bea99e11b7a6c61057f0f52d4656af
tcn,independent_rms,29,bandpass_n20001_call_electrode_s5,phase2/results/predictions/full/independent_rms/tcn/seed_29/bandpass_n20001_call_electrode_s5.npz,76109,354776ddc9c4f07d57340802439dcff1e8d96df0a9795d78ecdb24d09898266c
tcn,independent_rms,29,bandpass_n20001_call_electrode_s0,phase2/results/predictions/full/independent_rms/tcn/seed_29/bandpass_n20001_call_electrode_s0.npz,75674,966cea7f92c6890ff800191115a49ebe680a8b59f19ac5fa6138cfdddee9ca5f
tcn,independent_rms,29,bandpass_n20001_call_covariance_s20,phase2/results/predictions/full/independent_rms/tcn/seed_29/bandpass_n20001_call_covariance_s20.npz,76363,2653fe8036dd23a8cf8051bbdb8bac2502d1ff09e41af94810de424a346751dc
tcn,independent_rms,29,bandpass_n20001_call_covariance_s15,phase2/results/predictions/full/independent_rms/tcn/seed_29/bandpass_n20001_call_covariance_s15.npz,76374,885d6345dadde8b2ff44a27d8dffd5644137b2088e54a9411b0edafd932ea64e
tcn,independent_rms,29,bandpass_n20001_call_covariance_s10,phase2/results/predictions/full/independent_rms/tcn/seed_29/bandpass_n20001_call_covariance_s10.npz,76280,3cad979e3c85e7edbb37d98bf6f9eade473a11ccb55507360507c3d6221c098a
tcn,independent_rms,29,bandpass_n20001_call_covariance_s5,phase2/results/predictions/full/independent_rms/tcn/seed_29/bandpass_n20001_call_covariance_s5.npz,76122,b1cdc1f5cedc3d4c784ed66018adf0c1d528d6a288893ce4f3807487308a791d
tcn,independent_rms,29,bandpass_n20001_call_covariance_s0,phase2/results/predictions/full/independent_rms/tcn/seed_29/bandpass_n20001_call_covariance_s0.npz,75701,f2f8b3022040786a6d505d6a40b2c74845d5c799eec3f1c8eede8c524c961ab1
tcn,independent_rms,29,bandpass_n20002_cRA_LA_LL_independent_rms_s20,phase2/results/predictions/full/independent_rms/tcn/seed_29/bandpass_n20002_cRA_LA_LL_independent_rms_s20.npz,76404,710402859ad7c59f0042dd1b28eef6270ddfacdda6ec64dc69348d152af27637
tcn,independent_rms,29,bandpass_n20002_cRA_LA_LL_independent_rms_s15,phase2/results/predictions/full/independent_rms/tcn/seed_29/bandpass_n20002_cRA_LA_LL_independent_rms_s15.npz,76409,57220e7273ec360cae1b276c5a1bf814a8bd23294b63d37a25fc9a2e3d242600
tcn,independent_rms,29,bandpass_n20002_cRA_LA_LL_independent_rms_s10,phase2/results/predictions/full/independent_rms/tcn/seed_29/bandpass_n20002_cRA_LA_LL_independent_rms_s10.npz,76402,a5cb5194fbb8f2c1f272ac28ca147f27d7432bb81340feb649605899492c0b24
tcn,independent_rms,29,bandpass_n20002_cRA_LA_LL_independent_rms_s5,phase2/results/predictions/full/independent_rms/tcn/seed_29/bandpass_n20002_cRA_LA_LL_independent_rms_s5.npz,76239,8de6a6a87b8c32058cf8a0a4976ca08b0f0ab0378b93f617eab16d86187e8d86
tcn,independent_rms,29,bandpass_n20002_cRA_LA_LL_independent_rms_s0,phase2/results/predictions/full/independent_rms/tcn/seed_29/bandpass_n20002_cRA_LA_LL_independent_rms_s0.npz,75936,42c8d1efe865236bae2ff034e13d08a8ec405612aae1dfaee6190bff708b65df
tcn,independent_rms,29,bandpass_n20002_cRA_LA_LL_electrode_s20,phase2/results/predictions/full/independent_rms/tcn/seed_29/bandpass_n20002_cRA_LA_LL_electrode_s20.npz,76396,e46eb4b7137f3b3ede989f32c14f8914fafa69639c439c7ab118fd588ddcf3fa
tcn,independent_rms,29,bandpass_n20002_cRA_LA_LL_electrode_s15,phase2/results/predictions/full/independent_rms/tcn/seed_29/bandpass_n20002_cRA_LA_LL_electrode_s15.npz,76417,f6a36eecc682ae15a6254c845cb5d7fdcdfe73d0c3da6b5601e2f80e36050cd4
tcn,independent_rms,29,bandpass_n20002_cRA_LA_LL_electrode_s10,phase2/results/predictions/full/independent_rms/tcn/seed_29/bandpass_n20002_cRA_LA_LL_electrode_s10.npz,76258,f1213b648b9e6cfa64c7c4d2c2367bca3fb832e241965a10b29e89814888439f
tcn,independent_rms,29,bandpass_n20002_cRA_LA_LL_electrode_s5,phase2/results/predictions/full/independent_rms/tcn/seed_29/bandpass_n20002_cRA_LA_LL_electrode_s5.npz,76082,166f587ce566cdceb66046aea0c812ada6afc031c6fc9e6bd0958ea610c7b180
tcn,independent_rms,29,bandpass_n20002_cRA_LA_LL_electrode_s0,phase2/results/predictions/full/independent_rms/tcn/seed_29/bandpass_n20002_cRA_LA_LL_electrode_s0.npz,75657,43d59cab75d206a4dcf46f2940c6233f06f57b77f4cc6bc18b1da479c79e9fc6
tcn,independent_rms,29,bandpass_n20002_cRA_LA_LL_covariance_s20,phase2/results/predictions/full/independent_rms/tcn/seed_29/bandpass_n20002_cRA_LA_LL_covariance_s20.npz,76405,115adb8dc9a546bcffdf24a48f7869de8529a012006e04ebb61d217aa6664491
tcn,independent_rms,29,bandpass_n20002_cRA_LA_LL_covariance_s15,phase2/results/predictions/full/independent_rms/tcn/seed_29/bandpass_n20002_cRA_LA_LL_covariance_s15.npz,76392,257257e4c9e3600a842ec1796b1a568bdcfe4f400d348fcb95d3ccfb2d20a1b5
tcn,independent_rms,29,bandpass_n20002_cRA_LA_LL_covariance_s10,phase2/results/predictions/full/independent_rms/tcn/seed_29/bandpass_n20002_cRA_LA_LL_covariance_s10.npz,76326,f88341d076ccc7c7fe4d624c3c69a90bc09a20070410deab22f787ae251a4e6a
tcn,independent_rms,29,bandpass_n20002_cRA_LA_LL_covariance_s5,phase2/results/predictions/full/independent_rms/tcn/seed_29/bandpass_n20002_cRA_LA_LL_covariance_s5.npz,76075,27d91b55315be4239aeed4f11386c37b988d181c121ba0c64696c5d6dd9f697c
tcn,independent_rms,29,bandpass_n20002_cRA_LA_LL_covariance_s0,phase2/results/predictions/full/independent_rms/tcn/seed_29/bandpass_n20002_cRA_LA_LL_covariance_s0.npz,75630,19dd93e61117b4c6bb7feb1165d38afaf46584c51c1b96ad699b4cd92168a263
tcn,independent_rms,29,bandpass_n20002_cV1_independent_rms_s20,phase2/results/predictions/full/independent_rms/tcn/seed_29/bandpass_n20002_cV1_independent_rms_s20.npz,76382,7a792e2a97af482eb13c2a665c2c98ed29f713e0018362f89b94714e4280b67a
tcn,independent_rms,29,bandpass_n20002_cV1_independent_rms_s15,phase2/results/predictions/full/independent_rms/tcn/seed_29/bandpass_n20002_cV1_independent_rms_s15.npz,76390,ff793bc76cbd815fde5fc467456e3d728660c3320482e1e0dba963004854df55
tcn,independent_rms,29,bandpass_n20002_cV1_independent_rms_s10,phase2/results/predictions/full/independent_rms/tcn/seed_29/bandpass_n20002_cV1_independent_rms_s10.npz,76332,4ec728b93f399874fea9ad511de25ea1e7c9b8c58cf49e6b5fcd0418eea9247e
tcn,independent_rms,29,bandpass_n20002_cV1_independent_rms_s5,phase2/results/predictions/full/independent_rms/tcn/seed_29/bandpass_n20002_cV1_independent_rms_s5.npz,76173,d7e75d3885733aba7e386555de354e3c1b67cdd39d1492b850c0b0ed595c3898
tcn,independent_rms,29,bandpass_n20002_cV1_independent_rms_s0,phase2/results/predictions/full/independent_rms/tcn/seed_29/bandpass_n20002_cV1_independent_rms_s0.npz,75849,372432f434a93b81cc3c7b458cd89e823d4be8392f7214a17be2fac4c2f06279
tcn,independent_rms,29,bandpass_n20002_cV1_electrode_s20,phase2/results/predictions/full/independent_rms/tcn/seed_29/bandpass_n20002_cV1_electrode_s20.npz,76389,56249352ffa01bd810c5535658d6184b4b8ddfed1881c17afc34c2af72694717
tcn,independent_rms,29,bandpass_n20002_cV1_electrode_s15,phase2/results/predictions/full/independent_rms/tcn/seed_29/bandpass_n20002_cV1_electrode_s15.npz,76371,ac9dce280bca286e18ef140aadf9cbdc244f10c2336bd9fcfd8d97f9c3b3f49a
tcn,independent_rms,29,bandpass_n20002_cV1_electrode_s10,phase2/results/predictions/full/independent_rms/tcn/seed_29/bandpass_n20002_cV1_electrode_s10.npz,76320,8aef873581f0710841a8b2d7fdd3c89776c6c28e0c34090e37e721a81b886c96
tcn,independent_rms,29,bandpass_n20002_cV1_electrode_s5,phase2/results/predictions/full/independent_rms/tcn/seed_29/bandpass_n20002_cV1_electrode_s5.npz,76193,54c51cd531ecd700c4a1713fcdcf4e4aa81c99e286c3ba91bcb0b18fe0843ca6
tcn,independent_rms,29,bandpass_n20002_cV1_electrode_s0,phase2/results/predictions/full/independent_rms/tcn/seed_29/bandpass_n20002_cV1_electrode_s0.npz,75851,e528e0200c0f83eef737a661055cd337ad70bee1b0e12fd04c70d3ce5af0d3c1
tcn,independent_rms,29,bandpass_n20002_cV1_covariance_s20,phase2/results/predictions/full/independent_rms/tcn/seed_29/bandpass_n20002_cV1_covariance_s20.npz,76399,ce19421629bab7a46746302288666b21283f376ce30603db7cd14204dcec678d
tcn,independent_rms,29,bandpass_n20002_cV1_covariance_s15,phase2/results/predictions/full/independent_rms/tcn/seed_29/bandpass_n20002_cV1_covariance_s15.npz,76390,4770df022eb57494d54affca1d971d986a4394681673ea1266b1001622ca1426
tcn,independent_rms,29,bandpass_n20002_cV1_covariance_s10,phase2/results/predictions/full/independent_rms/tcn/seed_29/bandpass_n20002_cV1_covariance_s10.npz,76340,21c594332af97b999d043a8a24dac324bd46746439509204373679ca0437e477
tcn,independent_rms,29,bandpass_n20002_cV1_covariance_s5,phase2/results/predictions/full/independent_rms/tcn/seed_29/bandpass_n20002_cV1_covariance_s5.npz,76177,9aac5801c8ce88e5f0272502494dde31ee59468ddafefcad5048446a002eaeb5
tcn,independent_rms,29,bandpass_n20002_cV1_covariance_s0,phase2/results/predictions/full/independent_rms/tcn/seed_29/bandpass_n20002_cV1_covariance_s0.npz,75855,2a0421eb96b4500654348dc9f6eb10a730af6ed91b36b0d792e4494d9fc380d0
tcn,independent_rms,29,bandpass_n20002_cV2_independent_rms_s20,phase2/results/predictions/full/independent_rms/tcn/seed_29/bandpass_n20002_cV2_independent_rms_s20.npz,76395,2c909dff0e461644a5c868223d6c6d0313102390811be92ad2aaafd082f1544d
tcn,independent_rms,29,bandpass_n20002_cV2_independent_rms_s15,phase2/results/predictions/full/independent_rms/tcn/seed_29/bandpass_n20002_cV2_independent_rms_s15.npz,76429,b2d30fe6a95dc914942e0787b027a3eb0cd8a224004ab2ba02839d3a534aeafb
tcn,independent_rms,29,bandpass_n20002_cV2_independent_rms_s10,phase2/results/predictions/full/independent_rms/tcn/seed_29/bandpass_n20002_cV2_independent_rms_s10.npz,76361,fe84b06608f317221880e64e8ee76da749ebe5bd71c5b3f778fb41aae93ac115
tcn,independent_rms,29,bandpass_n20002_cV2_independent_rms_s5,phase2/results/predictions/full/independent_rms/tcn/seed_29/bandpass_n20002_cV2_independent_rms_s5.npz,76280,1aea972527bf8087cf74c7a8bce1cd3f2158e44ce34f5bcbf0594189668dd42a
tcn,independent_rms,29,bandpass_n20002_cV2_independent_rms_s0,phase2/results/predictions/full/independent_rms/tcn/seed_29/bandpass_n20002_cV2_independent_rms_s0.npz,75980,0c3efee776b594a7e4fcd034aff223ac62e6b84ec092ad41670187ea7ade0964
tcn,independent_rms,29,bandpass_n20002_cV2_electrode_s20,phase2/results/predictions/full/independent_rms/tcn/seed_29/bandpass_n20002_cV2_electrode_s20.npz,76387,29082164ee4bc8d2dd31a9eacf068b95089672682b0d7d78a81ba4611df28e2f
tcn,independent_rms,29,bandpass_n20002_cV2_electrode_s15,phase2/results/predictions/full/independent_rms/tcn/seed_29/bandpass_n20002_cV2_electrode_s15.npz,76363,d35c644ee904e9cf14ba6731a26cded6c85f6b705b1e1467b294d06bb1213fb6
tcn,independent_rms,29,bandpass_n20002_cV2_electrode_s10,phase2/results/predictions/full/independent_rms/tcn/seed_29/bandpass_n20002_cV2_electrode_s10.npz,76341,838d21af3254f489a82cd9328dbf073c8e0ba365d67ec786f66e6919c6ea280d
tcn,independent_rms,29,bandpass_n20002_cV2_electrode_s5,phase2/results/predictions/full/independent_rms/tcn/seed_29/bandpass_n20002_cV2_electrode_s5.npz,76248,9dd16bdfac13984c6f97926a3335f3fbe54f1ce3ee558ba242ebea446cdd94c8
tcn,independent_rms,29,bandpass_n20002_cV2_electrode_s0,phase2/results/predictions/full/independent_rms/tcn/seed_29/bandpass_n20002_cV2_electrode_s0.npz,75968,d63010e9ddbc3a659324b342e07f366ea2dd12db97f6cd8bfc5d1aa2d17c4f7c
tcn,independent_rms,29,bandpass_n20002_cV2_covariance_s20,phase2/results/predictions/full/independent_rms/tcn/seed_29/bandpass_n20002_cV2_covariance_s20.npz,76419,6c6076ff3da573c008b53b2f718b905ed2f6d4486252180c288299620ac658da
tcn,independent_rms,29,bandpass_n20002_cV2_covariance_s15,phase2/results/predictions/full/independent_rms/tcn/seed_29/bandpass_n20002_cV2_covariance_s15.npz,76397,ea5a543396abc6dfcb3a4f6799281d19a1efe7583d05dbfeaf13e3c5ab23d519
tcn,independent_rms,29,bandpass_n20002_cV2_covariance_s10,phase2/results/predictions/full/independent_rms/tcn/seed_29/bandpass_n20002_cV2_covariance_s10.npz,76324,a26445eaf97ed21111130c583f31de1b81af8a51219033c1c462b1c7d2d80fc2
tcn,independent_rms,29,bandpass_n20002_cV2_covariance_s5,phase2/results/predictions/full/independent_rms/tcn/seed_29/bandpass_n20002_cV2_covariance_s5.npz,76223,c12e2c9946da618b96e41ca2107ce919c7cef3a9f6860f2959dc8b533895a1fb
tcn,independent_rms,29,bandpass_n20002_cV2_covariance_s0,phase2/results/predictions/full/independent_rms/tcn/seed_29/bandpass_n20002_cV2_covariance_s0.npz,75965,7b03677080fa78fcd4d6119978000a36a0efe23c47562c6c7d1261d12d88730c
tcn,independent_rms,29,bandpass_n20002_cV3_independent_rms_s20,phase2/results/predictions/full/independent_rms/tcn/seed_29/bandpass_n20002_cV3_independent_rms_s20.npz,76384,7dc7a47533553646acbc86be9057b4d539452a28243524145441033b218f346c
tcn,independent_rms,29,bandpass_n20002_cV3_independent_rms_s15,phase2/results/predictions/full/independent_rms/tcn/seed_29/bandpass_n20002_cV3_independent_rms_s15.npz,76374,353fbaa3ba54c64fec079c6f9d723a9918ebd8b9c685f9d4d3f387a34d637efb
tcn,independent_rms,29,bandpass_n20002_cV3_independent_rms_s10,phase2/results/predictions/full/independent_rms/tcn/seed_29/bandpass_n20002_cV3_independent_rms_s10.npz,76397,28d427a30f317c8877cb98d8fcec9077f948edf8c18a870125367cbbc42ae65f
tcn,independent_rms,29,bandpass_n20002_cV3_independent_rms_s5,phase2/results/predictions/full/independent_rms/tcn/seed_29/bandpass_n20002_cV3_independent_rms_s5.npz,76377,a33e02f5a1f4148b7c171323470395bd7fd1ad3b3d45203104c0da5321c9e562
tcn,independent_rms,29,bandpass_n20002_cV3_independent_rms_s0,phase2/results/predictions/full/independent_rms/tcn/seed_29/bandpass_n20002_cV3_independent_rms_s0.npz,76268,a0ea10a0f03550bbd430e02e259402922755187cd321a090f559aedbbb407f99
tcn,independent_rms,29,bandpass_n20002_cV3_electrode_s20,phase2/results/predictions/full/independent_rms/tcn/seed_29/bandpass_n20002_cV3_electrode_s20.npz,76373,eaf28738cc63975d28204a3b0f85808ebe0e03e28b60dcd0671571cbe6ed4d3e
tcn,independent_rms,29,bandpass_n20002_cV3_electrode_s15,phase2/results/predictions/full/independent_rms/tcn/seed_29/bandpass_n20002_cV3_electrode_s15.npz,76383,a36d0f9daa97fd95141d666a6cfc1d5c9291fd78bdf727d65e15862d3b933a16
tcn,independent_rms,29,bandpass_n20002_cV3_electrode_s10,phase2/results/predictions/full/independent_rms/tcn/seed_29/bandpass_n20002_cV3_electrode_s10.npz,76374,f0ab8b2d84a1e87681e8cb192b2e7d353b2ec16d59ccdb61262abbfe87771c0c
tcn,independent_rms,29,bandpass_n20002_cV3_electrode_s5,phase2/results/predictions/full/independent_rms/tcn/seed_29/bandpass_n20002_cV3_electrode_s5.npz,76364,fe8c6c89deb8e0b4fd27d2f799b005540341bb8e5a5cf11eaf0c402af98f18e1
tcn,independent_rms,29,bandpass_n20002_cV3_electrode_s0,phase2/results/predictions/full/independent_rms/tcn/seed_29/bandpass_n20002_cV3_electrode_s0.npz,76270,4303c80d669bf507c5216a7fab5285fc68702849458ae3fb8cdfd9c6a69b4f7f
tcn,independent_rms,29,bandpass_n20002_cV3_covariance_s20,phase2/results/predictions/full/independent_rms/tcn/seed_29/bandpass_n20002_cV3_covariance_s20.npz,76384,66864eafd2c96ebfe8b14d47f7c5782fdbc6653a171659eb4b33564e22037232
tcn,independent_rms,29,bandpass_n20002_cV3_covariance_s15,phase2/results/predictions/full/independent_rms/tcn/seed_29/bandpass_n20002_cV3_covariance_s15.npz,76383,c9a8416265b398cb99d81e9e72e0370e279b67782ed527a2b6b99da9fd35f049
tcn,independent_rms,29,bandpass_n20002_cV3_covariance_s10,phase2/results/predictions/full/independent_rms/tcn/seed_29/bandpass_n20002_cV3_covariance_s10.npz,76373,7cf7b80c94c95d2801b9af725a9e686c86741bee6f3a660d859b7dc3c74d16e2
tcn,independent_rms,29,bandpass_n20002_cV3_covariance_s5,phase2/results/predictions/full/independent_rms/tcn/seed_29/bandpass_n20002_cV3_covariance_s5.npz,76360,382d711309824c23cac1630234e0a83516348359770494f3bff8418a38eb1343
tcn,independent_rms,29,bandpass_n20002_cV3_covariance_s0,phase2/results/predictions/full/independent_rms/tcn/seed_29/bandpass_n20002_cV3_covariance_s0.npz,76272,ba40aaa3bf0230e3fbec40b3abde05ec352c8b614011155ade15bc7135936863
tcn,independent_rms,29,bandpass_n20002_cV4_independent_rms_s20,phase2/results/predictions/full/independent_rms/tcn/seed_29/bandpass_n20002_cV4_independent_rms_s20.npz,76410,1e47458ae569d0aa27b1837ba18832b66350195dae97bddacf64bd813f43c155
tcn,independent_rms,29,bandpass_n20002_cV4_independent_rms_s15,phase2/results/predictions/full/independent_rms/tcn/seed_29/bandpass_n20002_cV4_independent_rms_s15.npz,76377,4b639391c3c137e72edff21f00f2f36a125cda497e7a2511c274726702297948
tcn,independent_rms,29,bandpass_n20002_cV4_independent_rms_s10,phase2/results/predictions/full/independent_rms/tcn/seed_29/bandpass_n20002_cV4_independent_rms_s10.npz,76389,a91401583bcb86a31ebcac76cfe5f668dfe640d41ffd4edad09e59b1b0f3f3f4
tcn,independent_rms,29,bandpass_n20002_cV4_independent_rms_s5,phase2/results/predictions/full/independent_rms/tcn/seed_29/bandpass_n20002_cV4_independent_rms_s5.npz,76285,389e47e0fa200db261e63707209cdca5ea83fb6e8ab2b67d324c4974e3c912e7
tcn,independent_rms,29,bandpass_n20002_cV4_independent_rms_s0,phase2/results/predictions/full/independent_rms/tcn/seed_29/bandpass_n20002_cV4_independent_rms_s0.npz,76144,31e6ac3a72fc6751ac76a8958f9296d22013a75a315caac658bcc7a767824447
tcn,independent_rms,29,bandpass_n20002_cV4_electrode_s20,phase2/results/predictions/full/independent_rms/tcn/seed_29/bandpass_n20002_cV4_electrode_s20.npz,76411,c3e980097eaaa0ce152384b5702803e37e72f979f59eb0d4e3a6c66e0db12313
tcn,independent_rms,29,bandpass_n20002_cV4_electrode_s15,phase2/results/predictions/full/independent_rms/tcn/seed_29/bandpass_n20002_cV4_electrode_s15.npz,76376,7c111fb28f2aeebd00ecd0d3ae08c3c910514da2a21f496791efa6bb4c509b93
tcn,independent_rms,29,bandpass_n20002_cV4_electrode_s10,phase2/results/predictions/full/independent_rms/tcn/seed_29/bandpass_n20002_cV4_electrode_s10.npz,76381,f211af5d5fedd70b14426d6421ce90764d59da52f547937871d9dcd7066b3afc
tcn,independent_rms,29,bandpass_n20002_cV4_electrode_s5,phase2/results/predictions/full/independent_rms/tcn/seed_29/bandpass_n20002_cV4_electrode_s5.npz,76278,dc5610bcb752632e35b47cf93c77278501276b0c03bf74350831c6df96a62010
tcn,independent_rms,29,bandpass_n20002_cV4_electrode_s0,phase2/results/predictions/full/independent_rms/tcn/seed_29/bandpass_n20002_cV4_electrode_s0.npz,76169,248fb37cbc8912efa98ff9c65199b3dab55a4fd40a77d007a3f51d04fc272653
tcn,independent_rms,29,bandpass_n20002_cV4_covariance_s20,phase2/results/predictions/full/independent_rms/tcn/seed_29/bandpass_n20002_cV4_covariance_s20.npz,76391,16c7164154cd70710bcec798b399cb0c3ddb1c71bb6711527bdb744edef20ecf
tcn,independent_rms,29,bandpass_n20002_cV4_covariance_s15,phase2/results/predictions/full/independent_rms/tcn/seed_29/bandpass_n20002_cV4_covariance_s15.npz,76384,58561e8aa9ee68a84894d2f18d28a5a44e984fca938c7540ab15603eed724629
tcn,independent_rms,29,bandpass_n20002_cV4_covariance_s10,phase2/results/predictions/full/independent_rms/tcn/seed_29/bandpass_n20002_cV4_covariance_s10.npz,76372,b878f4b9ef61a955324b7c3120d39c6fca12ab06421a86b78e5ab7b9ad364d0a
tcn,independent_rms,29,bandpass_n20002_cV4_covariance_s5,phase2/results/predictions/full/independent_rms/tcn/seed_29/bandpass_n20002_cV4_covariance_s5.npz,76305,f155bee1b922a1721d04b6add187ef0528192e4c17eaca109f749f3d7fd2794d
tcn,independent_rms,29,bandpass_n20002_cV4_covariance_s0,phase2/results/predictions/full/independent_rms/tcn/seed_29/bandpass_n20002_cV4_covariance_s0.npz,76132,567d654e1009f73466dce193d411571224f23edd55a0e85fc15b2b125047891d
tcn,independent_rms,29,bandpass_n20002_cV5_independent_rms_s20,phase2/results/predictions/full/independent_rms/tcn/seed_29/bandpass_n20002_cV5_independent_rms_s20.npz,76396,ce16407622aee08b4d4e5f45aa9c9d5a686c5cf2e7ff0de591e556f112525589
tcn,independent_rms,29,bandpass_n20002_cV5_independent_rms_s15,phase2/results/predictions/full/independent_rms/tcn/seed_29/bandpass_n20002_cV5_independent_rms_s15.npz,76401,39ab7bb01f367163d28f8fb8350e3500525ceb42f89c8a156543323d1909d498
tcn,independent_rms,29,bandpass_n20002_cV5_independent_rms_s10,phase2/results/predictions/full/independent_rms/tcn/seed_29/bandpass_n20002_cV5_independent_rms_s10.npz,76382,9380148ec64d510131c2964eb259e1eb04627c6d04a6620a121888dedfbddc97
tcn,independent_rms,29,bandpass_n20002_cV5_independent_rms_s5,phase2/results/predictions/full/independent_rms/tcn/seed_29/bandpass_n20002_cV5_independent_rms_s5.npz,76285,535c4880894eaca17c3dedd5cef7aba3d390f90c26019bf54a9a32c1ab9ee8bf
tcn,independent_rms,29,bandpass_n20002_cV5_independent_rms_s0,phase2/results/predictions/full/independent_rms/tcn/seed_29/bandpass_n20002_cV5_independent_rms_s0.npz,76114,4c00d2297dfb83cfb3c7e9d31b91e0b86a25bcefb2eed433bfe1d06698589375
tcn,independent_rms,29,bandpass_n20002_cV5_electrode_s20,phase2/results/predictions/full/independent_rms/tcn/seed_29/bandpass_n20002_cV5_electrode_s20.npz,76399,8e46b943fa84f8faf5a7097616dfa4466994679cd5d119b3fec95e82078dc116
tcn,independent_rms,29,bandpass_n20002_cV5_electrode_s15,phase2/results/predictions/full/independent_rms/tcn/seed_29/bandpass_n20002_cV5_electrode_s15.npz,76396,83253febf13d8ced4bd835fa982a57c73acd994cd92f1eb5e6f688ee011dfd1a
tcn,independent_rms,29,bandpass_n20002_cV5_electrode_s10,phase2/results/predictions/full/independent_rms/tcn/seed_29/bandpass_n20002_cV5_electrode_s10.npz,76350,52f6dfe1d23dc3c73fc3de0e4973dfeb0921a5b7d4cc2ea348325e8b6ef1a620
tcn,independent_rms,29,bandpass_n20002_cV5_electrode_s5,phase2/results/predictions/full/independent_rms/tcn/seed_29/bandpass_n20002_cV5_electrode_s5.npz,76292,3c42e341a441a98162bea8f75aebd242d0befb9a62ab4f2076565822a40efd4a
tcn,independent_rms,29,bandpass_n20002_cV5_electrode_s0,phase2/results/predictions/full/independent_rms/tcn/seed_29/bandpass_n20002_cV5_electrode_s0.npz,76097,885b48453b576c8d32d50ce7b56a099757c7f6f3e7961956f278e84135060e2d
tcn,independent_rms,29,bandpass_n20002_cV5_covariance_s20,phase2/results/predictions/full/independent_rms/tcn/seed_29/bandpass_n20002_cV5_covariance_s20.npz,76387,185752b6438944b2cdb45b0e93313347e16d187922a1084c6b12d351d1cacf82
tcn,independent_rms,29,bandpass_n20002_cV5_covariance_s15,phase2/results/predictions/full/independent_rms/tcn/seed_29/bandpass_n20002_cV5_covariance_s15.npz,76376,ddc0fd235db07cf9dbecb572e3d082125031f513c0c18b3679586e199a21e76d
tcn,independent_rms,29,bandpass_n20002_cV5_covariance_s10,phase2/results/predictions/full/independent_rms/tcn/seed_29/bandpass_n20002_cV5_covariance_s10.npz,76363,bad20ec562ce0dce00955403e77dd047bb2889bf3a0492513dc06e81f390458d
tcn,independent_rms,29,bandpass_n20002_cV5_covariance_s5,phase2/results/predictions/full/independent_rms/tcn/seed_29/bandpass_n20002_cV5_covariance_s5.npz,76260,bdc8b9c0ff334e917c57ce764314aab4998ea57678bf107ecea17694c151f5db
tcn,independent_rms,29,bandpass_n20002_cV5_covariance_s0,phase2/results/predictions/full/independent_rms/tcn/seed_29/bandpass_n20002_cV5_covariance_s0.npz,76103,8d7a649db2225e29f6f501c3173a3492cf19a4b0a4cf15533733ea9643758443
tcn,independent_rms,29,bandpass_n20002_cV6_independent_rms_s20,phase2/results/predictions/full/independent_rms/tcn/seed_29/bandpass_n20002_cV6_independent_rms_s20.npz,76386,1f6d930d1e14846890fc180534407520804cdd8718a2f4691611b8b3eb492a55
tcn,independent_rms,29,bandpass_n20002_cV6_independent_rms_s15,phase2/results/predictions/full/independent_rms/tcn/seed_29/bandpass_n20002_cV6_independent_rms_s15.npz,76405,254d49ffb32a4cb2063b4a72f364678246c710108c3801dc101ea4d9e5543feb
tcn,independent_rms,29,bandpass_n20002_cV6_independent_rms_s10,phase2/results/predictions/full/independent_rms/tcn/seed_29/bandpass_n20002_cV6_independent_rms_s10.npz,76387,c585580905f270a45f6511e89a2edf7ec15f643036236c97b28e6f24e730e363
tcn,independent_rms,29,bandpass_n20002_cV6_independent_rms_s5,phase2/results/predictions/full/independent_rms/tcn/seed_29/bandpass_n20002_cV6_independent_rms_s5.npz,76286,6bb49dffb1c48804f288464db7e69b670c23a1ea2a3ddbf887d213dc87210aef
tcn,independent_rms,29,bandpass_n20002_cV6_independent_rms_s0,phase2/results/predictions/full/independent_rms/tcn/seed_29/bandpass_n20002_cV6_independent_rms_s0.npz,76016,bac0f179b836292d172bd948bcc652b8c1b7c912e6afe38a8b11e42e87bb5f8d
tcn,independent_rms,29,bandpass_n20002_cV6_electrode_s20,phase2/results/predictions/full/independent_rms/tcn/seed_29/bandpass_n20002_cV6_electrode_s20.npz,76373,d8b123c99a58c2cb06350bfde2d7817f8db24f65d40545ab85a4810b34baf3f3
tcn,independent_rms,29,bandpass_n20002_cV6_electrode_s15,phase2/results/predictions/full/independent_rms/tcn/seed_29/bandpass_n20002_cV6_electrode_s15.npz,76382,8ec7128d2710df43eb0b89e9e234b887497bf00167e1a97d09dd9c9d44a48268
tcn,independent_rms,29,bandpass_n20002_cV6_electrode_s10,phase2/results/predictions/full/independent_rms/tcn/seed_29/bandpass_n20002_cV6_electrode_s10.npz,76368,fbdc62604af11be6ab0050723da1e45cf6a8266073cf4ed1e7de0832c43dfad5
tcn,independent_rms,29,bandpass_n20002_cV6_electrode_s5,phase2/results/predictions/full/independent_rms/tcn/seed_29/bandpass_n20002_cV6_electrode_s5.npz,76247,805a0b85977a6f0cd5798d3e6d3af2cb014209f1a05895bb24dcd62530f75326
tcn,independent_rms,29,bandpass_n20002_cV6_electrode_s0,phase2/results/predictions/full/independent_rms/tcn/seed_29/bandpass_n20002_cV6_electrode_s0.npz,76008,af8a0db982b948d859bbf80eaa5677fc1a761f35f68b7b63cd00ef01e5a3318a
tcn,independent_rms,29,bandpass_n20002_cV6_covariance_s20,phase2/results/predictions/full/independent_rms/tcn/seed_29/bandpass_n20002_cV6_covariance_s20.npz,76389,25160ce555c4569446db91c01c8cad000fee44fd54853ac5f1ce95d20ca2f92f
tcn,independent_rms,29,bandpass_n20002_cV6_covariance_s15,phase2/results/predictions/full/independent_rms/tcn/seed_29/bandpass_n20002_cV6_covariance_s15.npz,76373,c593d6e1ce9a7f89a9cca5db778dc5f4f2bdfc5ca05bc2ceb0c67d33605cc415
tcn,independent_rms,29,bandpass_n20002_cV6_covariance_s10,phase2/results/predictions/full/independent_rms/tcn/seed_29/bandpass_n20002_cV6_covariance_s10.npz,76361,37e125527fcadf23f2f6f3eacbe11921a3ad1b676df697383dca94c8136d9d30
tcn,independent_rms,29,bandpass_n20002_cV6_covariance_s5,phase2/results/predictions/full/independent_rms/tcn/seed_29/bandpass_n20002_cV6_covariance_s5.npz,76259,567f8e41be63d4a8c7297a05d3e7b84d49da9ddf1df3133bf522d2bb7250ad4d
tcn,independent_rms,29,bandpass_n20002_cV6_covariance_s0,phase2/results/predictions/full/independent_rms/tcn/seed_29/bandpass_n20002_cV6_covariance_s0.npz,75983,030a5d166bc0287aceb650f650e796cd7f72adccb700402bc88ae484da9aa5ac
tcn,independent_rms,29,bandpass_n20002_cRA_LA_independent_rms_s20,phase2/results/predictions/full/independent_rms/tcn/seed_29/bandpass_n20002_cRA_LA_independent_rms_s20.npz,76409,9f44f5ebb023d6a610b643c9aefc08d2a3c143447336bc78064f5501dd15846d
tcn,independent_rms,29,bandpass_n20002_cRA_LA_independent_rms_s15,phase2/results/predictions/full/independent_rms/tcn/seed_29/bandpass_n20002_cRA_LA_independent_rms_s15.npz,76417,4e1c9ba3ea0ef274b212128b37dbf981e252fd26891a2b768da12d1d38db7d6d
tcn,independent_rms,29,bandpass_n20002_cRA_LA_independent_rms_s10,phase2/results/predictions/full/independent_rms/tcn/seed_29/bandpass_n20002_cRA_LA_independent_rms_s10.npz,76368,eeb8d707ea3d2b8efbcba2123a47f4ad30847cd39212b3339818fe6c3947761e
tcn,independent_rms,29,bandpass_n20002_cRA_LA_independent_rms_s5,phase2/results/predictions/full/independent_rms/tcn/seed_29/bandpass_n20002_cRA_LA_independent_rms_s5.npz,76260,4df51c126530e42bba26247eca4ca940b5bebcbbbc04916c1780ad115cf2ff61
tcn,independent_rms,29,bandpass_n20002_cRA_LA_independent_rms_s0,phase2/results/predictions/full/independent_rms/tcn/seed_29/bandpass_n20002_cRA_LA_independent_rms_s0.npz,75934,e1cd93702128d0de0d2500017a444c9d53cb6b6e2622c8f706122ef8f929b7ad
tcn,independent_rms,29,bandpass_n20002_cRA_LA_electrode_s20,phase2/results/predictions/full/independent_rms/tcn/seed_29/bandpass_n20002_cRA_LA_electrode_s20.npz,76384,0aa5acc52b8dfba67442dca84d9355864a26ae974376ba697b9d1ff114345157
tcn,independent_rms,29,bandpass_n20002_cRA_LA_electrode_s15,phase2/results/predictions/full/independent_rms/tcn/seed_29/bandpass_n20002_cRA_LA_electrode_s15.npz,76364,cc779133a19ab717300ea98633661cc8a48c9051152fae784ebd1938dab944df
tcn,independent_rms,29,bandpass_n20002_cRA_LA_electrode_s10,phase2/results/predictions/full/independent_rms/tcn/seed_29/bandpass_n20002_cRA_LA_electrode_s10.npz,76283,317dd94b6f0df7f15cfe76fb19691a51de4cc2ea6eb7d29fe28f06b2e903f3a2
tcn,independent_rms,29,bandpass_n20002_cRA_LA_electrode_s5,phase2/results/predictions/full/independent_rms/tcn/seed_29/bandpass_n20002_cRA_LA_electrode_s5.npz,76041,fdf94413221b5ad521fd24c52be6ba90a911da520d23cb08d72b14340bed2cd2
tcn,independent_rms,29,bandpass_n20002_cRA_LA_electrode_s0,phase2/results/predictions/full/independent_rms/tcn/seed_29/bandpass_n20002_cRA_LA_electrode_s0.npz,75601,7ebbc4f21e97ca2f2c714d71f888bf7536c13f845136d7213dfc687b1855200c
tcn,independent_rms,29,bandpass_n20002_cRA_LA_covariance_s20,phase2/results/predictions/full/independent_rms/tcn/seed_29/bandpass_n20002_cRA_LA_covariance_s20.npz,76348,821763166e20a8fba480d56f72aa31bd9dbcd440c94c2593df8c8fbde42c845d
tcn,independent_rms,29,bandpass_n20002_cRA_LA_covariance_s15,phase2/results/predictions/full/independent_rms/tcn/seed_29/bandpass_n20002_cRA_LA_covariance_s15.npz,76367,b967554fb8e5e28bebd449b07fc22e8b6377919075595662dcd8bef013abd0f0
tcn,independent_rms,29,bandpass_n20002_cRA_LA_covariance_s10,phase2/results/predictions/full/independent_rms/tcn/seed_29/bandpass_n20002_cRA_LA_covariance_s10.npz,76263,96235c052b25728499cfea69c785c96f9263d24a3bff9013acc4e2c53d4d564d
tcn,independent_rms,29,bandpass_n20002_cRA_LA_covariance_s5,phase2/results/predictions/full/independent_rms/tcn/seed_29/bandpass_n20002_cRA_LA_covariance_s5.npz,76071,ad8d2e47ea2cc3dba53bf4f676c65ccb546c2b481ba7d8bea314c15da92af3d2
tcn,independent_rms,29,bandpass_n20002_cRA_LA_covariance_s0,phase2/results/predictions/full/independent_rms/tcn/seed_29/bandpass_n20002_cRA_LA_covariance_s0.npz,75607,93185a679e5850954a0c7131e6f9815c450df9e075d2d9613badc5fec6e5b791
tcn,independent_rms,29,bandpass_n20002_cLA_LL_independent_rms_s20,phase2/results/predictions/full/independent_rms/tcn/seed_29/bandpass_n20002_cLA_LL_independent_rms_s20.npz,76413,3922fe794793f27635912e83599535e43680f4dbb0e0d96142171a85e008228b
tcn,independent_rms,29,bandpass_n20002_cLA_LL_independent_rms_s15,phase2/results/predictions/full/independent_rms/tcn/seed_29/bandpass_n20002_cLA_LL_independent_rms_s15.npz,76440,393d5f10b82469b58bcbdaff977c4ff196fb5a0730c6f189b8882051bc9c0a57
tcn,independent_rms,29,bandpass_n20002_cLA_LL_independent_rms_s10,phase2/results/predictions/full/independent_rms/tcn/seed_29/bandpass_n20002_cLA_LL_independent_rms_s10.npz,76365,12e8bb0dbcc5bfe84d1a0853c727a24cbc7e201841c4a982297340e8463350d0
tcn,independent_rms,29,bandpass_n20002_cLA_LL_independent_rms_s5,phase2/results/predictions/full/independent_rms/tcn/seed_29/bandpass_n20002_cLA_LL_independent_rms_s5.npz,76241,30dfc38ad7cc33c3414a28f02a9c5566af54e5975d13e2c39fdfd9272ea61da9
tcn,independent_rms,29,bandpass_n20002_cLA_LL_independent_rms_s0,phase2/results/predictions/full/independent_rms/tcn/seed_29/bandpass_n20002_cLA_LL_independent_rms_s0.npz,75938,272a307702b07d77ac3cfdf81f91095f7b0b6064593cf71951ce4a8dc2a5bcdc
tcn,independent_rms,29,bandpass_n20002_cLA_LL_electrode_s20,phase2/results/predictions/full/independent_rms/tcn/seed_29/bandpass_n20002_cLA_LL_electrode_s20.npz,76389,c2c8da08f3e4feed19dca17b3470b4885df5bc5fb5dbaed74b9e0a9374e674fd
tcn,independent_rms,29,bandpass_n20002_cLA_LL_electrode_s15,phase2/results/predictions/full/independent_rms/tcn/seed_29/bandpass_n20002_cLA_LL_electrode_s15.npz,76396,0908893bd7904fe981d695b520df827df7c2b9051ace5cb03ed5df9e68cf5886
tcn,independent_rms,29,bandpass_n20002_cLA_LL_electrode_s10,phase2/results/predictions/full/independent_rms/tcn/seed_29/bandpass_n20002_cLA_LL_electrode_s10.npz,76289,3b8336555b402e084b3a9fff6190dbd7dee6715f3c4059fb861aee960eac838e
tcn,independent_rms,29,bandpass_n20002_cLA_LL_electrode_s5,phase2/results/predictions/full/independent_rms/tcn/seed_29/bandpass_n20002_cLA_LL_electrode_s5.npz,76118,284d7cea930d2946f20073d91ab126548481b4b8dfc6c13272175b80142d11fd
tcn,independent_rms,29,bandpass_n20002_cLA_LL_electrode_s0,phase2/results/predictions/full/independent_rms/tcn/seed_29/bandpass_n20002_cLA_LL_electrode_s0.npz,75801,6c18d392d874ba53ad2a18fcd44155cac4090a1c3e1ccf9d876aebad8b5ae160
tcn,independent_rms,29,bandpass_n20002_cLA_LL_covariance_s20,phase2/results/predictions/full/independent_rms/tcn/seed_29/bandpass_n20002_cLA_LL_covariance_s20.npz,76367,143a7d55e42212672eae8c5f1e6fff40400418ebfac332e05e6838eb9fd16f1c
tcn,independent_rms,29,bandpass_n20002_cLA_LL_covariance_s15,phase2/results/predictions/full/independent_rms/tcn/seed_29/bandpass_n20002_cLA_LL_covariance_s15.npz,76362,bb754aa13fc9cacf15ce89045fa2bd173d25eaf4f37578bdab99716e3f253dec
tcn,independent_rms,29,bandpass_n20002_cLA_LL_covariance_s10,phase2/results/predictions/full/independent_rms/tcn/seed_29/bandpass_n20002_cLA_LL_covariance_s10.npz,76326,507f0975421ebbeb6e87db088766c7f123e6e4f0ea46c3155bb4169361c9c016
tcn,independent_rms,29,bandpass_n20002_cLA_LL_covariance_s5,phase2/results/predictions/full/independent_rms/tcn/seed_29/bandpass_n20002_cLA_LL_covariance_s5.npz,76121,4d296961becea15fbaabebff10d3e625e6c1322a75fb52141b25bfc18f1e61df
tcn,independent_rms,29,bandpass_n20002_cLA_LL_covariance_s0,phase2/results/predictions/full/independent_rms/tcn/seed_29/bandpass_n20002_cLA_LL_covariance_s0.npz,75837,39f4ec49badd183fedc0a977cbc9454249576a2e4ea9527124ca5b4aa66d6537
tcn,independent_rms,29,bandpass_n20002_cRA_LL_independent_rms_s20,phase2/results/predictions/full/independent_rms/tcn/seed_29/bandpass_n20002_cRA_LL_independent_rms_s20.npz,76417,1238c233ba280842fa047b4fa20f0eeb1b6454592dd3a91d238fd05b9f43e01c
tcn,independent_rms,29,bandpass_n20002_cRA_LL_independent_rms_s15,phase2/results/predictions/full/independent_rms/tcn/seed_29/bandpass_n20002_cRA_LL_independent_rms_s15.npz,76437,608d53b258b3e27ec2ca68f30ff115e4a9391758732716a08b03c1bf6b5b41b3
tcn,independent_rms,29,bandpass_n20002_cRA_LL_independent_rms_s10,phase2/results/predictions/full/independent_rms/tcn/seed_29/bandpass_n20002_cRA_LL_independent_rms_s10.npz,76351,88608705da5e36e89cecf73bb1c63f1f8b817b25b20db956194782a69b607be7
tcn,independent_rms,29,bandpass_n20002_cRA_LL_independent_rms_s5,phase2/results/predictions/full/independent_rms/tcn/seed_29/bandpass_n20002_cRA_LL_independent_rms_s5.npz,76249,6c4bda21b86d25d498acae8dfcd697663ed80bbf78345751da56dd32c16c16b5
tcn,independent_rms,29,bandpass_n20002_cRA_LL_independent_rms_s0,phase2/results/predictions/full/independent_rms/tcn/seed_29/bandpass_n20002_cRA_LL_independent_rms_s0.npz,75964,db790c531aa59bf94b3d3dccec6fa88e769d97df03f9e2e10de716435876f4fd
tcn,independent_rms,29,bandpass_n20002_cRA_LL_electrode_s20,phase2/results/predictions/full/independent_rms/tcn/seed_29/bandpass_n20002_cRA_LL_electrode_s20.npz,76378,b96ae1e460a6e67d8e634114e6823392327a59e19eb15a64b91ba31992ca450f
tcn,independent_rms,29,bandpass_n20002_cRA_LL_electrode_s15,phase2/results/predictions/full/independent_rms/tcn/seed_29/bandpass_n20002_cRA_LL_electrode_s15.npz,76383,502fe61a721e1c4605d08166433a71cd327da04941f08c9a3c677b7b3779811c
tcn,independent_rms,29,bandpass_n20002_cRA_LL_electrode_s10,phase2/results/predictions/full/independent_rms/tcn/seed_29/bandpass_n20002_cRA_LL_electrode_s10.npz,76266,22d98f2e60facb52a5a604c88268f66fb195dcf2059a165b6595321a962daeba
tcn,independent_rms,29,bandpass_n20002_cRA_LL_electrode_s5,phase2/results/predictions/full/independent_rms/tcn/seed_29/bandpass_n20002_cRA_LL_electrode_s5.npz,76058,2915438207403f30ccb948f52f582f52a370875a212dcc3c4e63d1f2d111b231
tcn,independent_rms,29,bandpass_n20002_cRA_LL_electrode_s0,phase2/results/predictions/full/independent_rms/tcn/seed_29/bandpass_n20002_cRA_LL_electrode_s0.npz,75554,7dba85fee0343098d965c8ab244cf9e2b1ece9b5f9e03ed2bfdc4af308569c6e
tcn,independent_rms,29,bandpass_n20002_cRA_LL_covariance_s20,phase2/results/predictions/full/independent_rms/tcn/seed_29/bandpass_n20002_cRA_LL_covariance_s20.npz,76381,1c51fba63f162bfb2f9796c9db429af71a4105410f5a58a91830177c196d2f8d
tcn,independent_rms,29,bandpass_n20002_cRA_LL_covariance_s15,phase2/results/predictions/full/independent_rms/tcn/seed_29/bandpass_n20002_cRA_LL_covariance_s15.npz,76361,d2bb462845137caea6e7eec3de843e7f3265130f00faf234d179f04f3de11796
tcn,independent_rms,29,bandpass_n20002_cRA_LL_covariance_s10,phase2/results/predictions/full/independent_rms/tcn/seed_29/bandpass_n20002_cRA_LL_covariance_s10.npz,76285,2ef448eda435267361bbd34e11fd3a14437c24635c80820dfa18e20026c93a67
tcn,independent_rms,29,bandpass_n20002_cRA_LL_covariance_s5,phase2/results/predictions/full/independent_rms/tcn/seed_29/bandpass_n20002_cRA_LL_covariance_s5.npz,76058,46e7b0cb52aba0f7fa5ea76f4a03d4e51bd9396766332eb29c41bc5762551620
tcn,independent_rms,29,bandpass_n20002_cRA_LL_covariance_s0,phase2/results/predictions/full/independent_rms/tcn/seed_29/bandpass_n20002_cRA_LL_covariance_s0.npz,75564,64b3db27b906c3e82de635bf94733b00ab051210df9b04b47dadf9decd4590df
tcn,independent_rms,29,bandpass_n20002_cRA_independent_rms_s20,phase2/results/predictions/full/independent_rms/tcn/seed_29/bandpass_n20002_cRA_independent_rms_s20.npz,76399,b210ef731ac7079df1a5579bce5f496d9e8afef3a887a11781dfb8170025357b
tcn,independent_rms,29,bandpass_n20002_cRA_independent_rms_s15,phase2/results/predictions/full/independent_rms/tcn/seed_29/bandpass_n20002_cRA_independent_rms_s15.npz,76412,052be7b06e00dcac79634a39170f64a3ca9cf1ef8d8a0d68bf9ab92d5694118b
tcn,independent_rms,29,bandpass_n20002_cRA_independent_rms_s10,phase2/results/predictions/full/independent_rms/tcn/seed_29/bandpass_n20002_cRA_independent_rms_s10.npz,76355,319fb3038f3eb65e2dff302be6b36eaeefa89dd6baa92aa99c92ae4b520f7177
tcn,independent_rms,29,bandpass_n20002_cRA_independent_rms_s5,phase2/results/predictions/full/independent_rms/tcn/seed_29/bandpass_n20002_cRA_independent_rms_s5.npz,76220,39a87f8f6e311cf9d1d11f4e775d56cec8eaebfd1888735f5e1607fd72796338
tcn,independent_rms,29,bandpass_n20002_cRA_independent_rms_s0,phase2/results/predictions/full/independent_rms/tcn/seed_29/bandpass_n20002_cRA_independent_rms_s0.npz,75889,47e380d5624575744f58e673ef7ffb6e903779ed49dac8e3b526b25dec07e99e
tcn,independent_rms,29,bandpass_n20002_cRA_electrode_s20,phase2/results/predictions/full/independent_rms/tcn/seed_29/bandpass_n20002_cRA_electrode_s20.npz,76389,184654f8a41cce52d6a30756ea65a7bec6450751a9a3ffa22d1a75a09e75da6a
tcn,independent_rms,29,bandpass_n20002_cRA_electrode_s15,phase2/results/predictions/full/independent_rms/tcn/seed_29/bandpass_n20002_cRA_electrode_s15.npz,76372,75ba484304ad17bfd353feb6e8d7bd703ee5d3a8788962ec61ecbc4ae236869e
tcn,independent_rms,29,bandpass_n20002_cRA_electrode_s10,phase2/results/predictions/full/independent_rms/tcn/seed_29/bandpass_n20002_cRA_electrode_s10.npz,76214,752db9518c7cd0f925be1df36434e05c5b0b8757a7d413bcfe95106b80cc5e64
tcn,independent_rms,29,bandpass_n20002_cRA_electrode_s5,phase2/results/predictions/full/independent_rms/tcn/seed_29/bandpass_n20002_cRA_electrode_s5.npz,76023,f07c38f12d18837e0c82d4d49eb4272911cc6780d5de046e7be965776ae7518e
tcn,independent_rms,29,bandpass_n20002_cRA_electrode_s0,phase2/results/predictions/full/independent_rms/tcn/seed_29/bandpass_n20002_cRA_electrode_s0.npz,75458,21dcd5be194fcd20a16877e05bd7e9f45fbb0382f28e83570d9c4183a961c9c4
tcn,independent_rms,29,bandpass_n20002_cRA_covariance_s20,phase2/results/predictions/full/independent_rms/tcn/seed_29/bandpass_n20002_cRA_covariance_s20.npz,76403,3d626b93ecc484f30f255e8c583d311896deb4f1ff332d9eea7e129b049e5499
tcn,independent_rms,29,bandpass_n20002_cRA_covariance_s15,phase2/results/predictions/full/independent_rms/tcn/seed_29/bandpass_n20002_cRA_covariance_s15.npz,76312,5f92718c5995927c1950d1ce269f25698f6a2ccdb3172b26fb9c46888d378746
tcn,independent_rms,29,bandpass_n20002_cRA_covariance_s10,phase2/results/predictions/full/independent_rms/tcn/seed_29/bandpass_n20002_cRA_covariance_s10.npz,76233,10f2432d03a8e59c0abe1ec411fdda9f6dbfa46a139a78df4506bbc083fb5567
tcn,independent_rms,29,bandpass_n20002_cRA_covariance_s5,phase2/results/predictions/full/independent_rms/tcn/seed_29/bandpass_n20002_cRA_covariance_s5.npz,76002,5a1a7710c7680471a2dfea9354061f3b8fef2b3bfb30da8c7847b6fedf7d34d7
tcn,independent_rms,29,bandpass_n20002_cRA_covariance_s0,phase2/results/predictions/full/independent_rms/tcn/seed_29/bandpass_n20002_cRA_covariance_s0.npz,75404,d528cdf8ee4f222f2136838a6c44fe17abd3b319f3fe1b3fce4beafcc2844bda
tcn,independent_rms,29,bandpass_n20002_cLA_independent_rms_s20,phase2/results/predictions/full/independent_rms/tcn/seed_29/bandpass_n20002_cLA_independent_rms_s20.npz,76388,41b35e8242645d7b465471d4091025fe83721ca20ae7682ae8ad87622410f294
tcn,independent_rms,29,bandpass_n20002_cLA_independent_rms_s15,phase2/results/predictions/full/independent_rms/tcn/seed_29/bandpass_n20002_cLA_independent_rms_s15.npz,76424,8eacfd2bc851d0e64b49f5146ce0251ced988b1b7721da11060c907143f1f9dc
tcn,independent_rms,29,bandpass_n20002_cLA_independent_rms_s10,phase2/results/predictions/full/independent_rms/tcn/seed_29/bandpass_n20002_cLA_independent_rms_s10.npz,76374,42398a7475b08511b6a60a945548fdc89e30626cecdc2a773a44fad94f470522
tcn,independent_rms,29,bandpass_n20002_cLA_independent_rms_s5,phase2/results/predictions/full/independent_rms/tcn/seed_29/bandpass_n20002_cLA_independent_rms_s5.npz,76259,69a70f458319c6cb0ac36f9ca104b3ddd1281334c042909e1456b52ccf7f2f2a
tcn,independent_rms,29,bandpass_n20002_cLA_independent_rms_s0,phase2/results/predictions/full/independent_rms/tcn/seed_29/bandpass_n20002_cLA_independent_rms_s0.npz,75930,e9ab6ab5ee71ff7745b2314d2edd50336ab68aeb96898fdae26bc72bebc12471
tcn,independent_rms,29,bandpass_n20002_cLA_electrode_s20,phase2/results/predictions/full/independent_rms/tcn/seed_29/bandpass_n20002_cLA_electrode_s20.npz,76373,17ec9cb07c16bd0a10f534ec4072cbf36dacd6a9381da77de97fabf451cd46e4
tcn,independent_rms,29,bandpass_n20002_cLA_electrode_s15,phase2/results/predictions/full/independent_rms/tcn/seed_29/bandpass_n20002_cLA_electrode_s15.npz,76415,5a1a1b1f3f26129ba42c2b97549400b8755f0bc14fb22bb548dcce046f265569
tcn,independent_rms,29,bandpass_n20002_cLA_electrode_s10,phase2/results/predictions/full/independent_rms/tcn/seed_29/bandpass_n20002_cLA_electrode_s10.npz,76294,6d5ad1b3beb52a0d927a467f58c0b5cf8f5a0680988f014b7258cca05d48ba01
tcn,independent_rms,29,bandpass_n20002_cLA_electrode_s5,phase2/results/predictions/full/independent_rms/tcn/seed_29/bandpass_n20002_cLA_electrode_s5.npz,76137,849dcf4d7813ed91a2b8e2dafcdf1c83b272557feeb89dda08cd5ad3615129ae
tcn,independent_rms,29,bandpass_n20002_cLA_electrode_s0,phase2/results/predictions/full/independent_rms/tcn/seed_29/bandpass_n20002_cLA_electrode_s0.npz,75797,fa21e222e3f3385caa4929381ac0543bd5344a97e0f4cd7f6d8dc55cee2563a3
tcn,independent_rms,29,bandpass_n20002_cLA_covariance_s20,phase2/results/predictions/full/independent_rms/tcn/seed_29/bandpass_n20002_cLA_covariance_s20.npz,76412,d9a292136e2d6c86825ef4f71681cf7533f9a3c7d79e5da4f938f37086b48d5a
tcn,independent_rms,29,bandpass_n20002_cLA_covariance_s15,phase2/results/predictions/full/independent_rms/tcn/seed_29/bandpass_n20002_cLA_covariance_s15.npz,76367,11e11caff4567aad2841a8cbe0169e0eb23b2e965c268210043f3647a58ab5a9
tcn,independent_rms,29,bandpass_n20002_cLA_covariance_s10,phase2/results/predictions/full/independent_rms/tcn/seed_29/bandpass_n20002_cLA_covariance_s10.npz,76308,a6c1ee3476bc0a810bee716f35676894918c3c789a5a9687d852873aadce4822
tcn,independent_rms,29,bandpass_n20002_cLA_covariance_s5,phase2/results/predictions/full/independent_rms/tcn/seed_29/bandpass_n20002_cLA_covariance_s5.npz,76154,10d43dc584ba6c79fca9f3cbf8d40493637e17b82346dcef5aff8f0283576ba1
tcn,independent_rms,29,bandpass_n20002_cLA_covariance_s0,phase2/results/predictions/full/independent_rms/tcn/seed_29/bandpass_n20002_cLA_covariance_s0.npz,75827,24775fd2b4e65c454791ea4b60e1fe4009e1efca8a11880f60c3dc8d5d933385
tcn,independent_rms,29,bandpass_n20002_cLL_independent_rms_s20,phase2/results/predictions/full/independent_rms/tcn/seed_29/bandpass_n20002_cLL_independent_rms_s20.npz,76427,d7aa5a735f683d8711f9f63fe6284cc73a60614db10ed5dbda7ffc3b0a04b5fd
tcn,independent_rms,29,bandpass_n20002_cLL_independent_rms_s15,phase2/results/predictions/full/independent_rms/tcn/seed_29/bandpass_n20002_cLL_independent_rms_s15.npz,76394,01d6782dfe8950e4f939354a91bcb80c6ff3915bb81bd56ce7b15515d2ec4fd2
tcn,independent_rms,29,bandpass_n20002_cLL_independent_rms_s10,phase2/results/predictions/full/independent_rms/tcn/seed_29/bandpass_n20002_cLL_independent_rms_s10.npz,76376,56d0d0efa44b1f26be1312e403a45e08c674533b703048b3df77a511404cc370
tcn,independent_rms,29,bandpass_n20002_cLL_independent_rms_s5,phase2/results/predictions/full/independent_rms/tcn/seed_29/bandpass_n20002_cLL_independent_rms_s5.npz,76223,79da594e92463c303d0be0ed25d537c50f61f37babc18ac581510315a99a63c7
tcn,independent_rms,29,bandpass_n20002_cLL_independent_rms_s0,phase2/results/predictions/full/independent_rms/tcn/seed_29/bandpass_n20002_cLL_independent_rms_s0.npz,75915,5b198971f5055c96c64986aa69ddd67c522ccea53fdf4683681e4402b1287733
tcn,independent_rms,29,bandpass_n20002_cLL_electrode_s20,phase2/results/predictions/full/independent_rms/tcn/seed_29/bandpass_n20002_cLL_electrode_s20.npz,76428,e9d52dd6ce98ec40ad0ea230b93243d0e72bad34150f976df8449deb6c35e49b
tcn,independent_rms,29,bandpass_n20002_cLL_electrode_s15,phase2/results/predictions/full/independent_rms/tcn/seed_29/bandpass_n20002_cLL_electrode_s15.npz,76365,fab37cbac4ee27b0dd808d4d373a60bcdc3fde878d19d3f5046ac3455f344c76
tcn,independent_rms,29,bandpass_n20002_cLL_electrode_s10,phase2/results/predictions/full/independent_rms/tcn/seed_29/bandpass_n20002_cLL_electrode_s10.npz,76305,8811dcfcdc737d8036ccfec8652c5eb54f6a87b32c5d14c7959345fc0604aead
tcn,independent_rms,29,bandpass_n20002_cLL_electrode_s5,phase2/results/predictions/full/independent_rms/tcn/seed_29/bandpass_n20002_cLL_electrode_s5.npz,76099,47f2b10865fee249591bdfc5e78fd2131d6804e3f6a1fd413fef0463d0151a79
tcn,independent_rms,29,bandpass_n20002_cLL_electrode_s0,phase2/results/predictions/full/independent_rms/tcn/seed_29/bandpass_n20002_cLL_electrode_s0.npz,75904,148f30bacae17f9fcfe29819ff635ac802b8bd5dde4e320e394a84360a81d47d
tcn,independent_rms,29,bandpass_n20002_cLL_covariance_s20,phase2/results/predictions/full/independent_rms/tcn/seed_29/bandpass_n20002_cLL_covariance_s20.npz,76398,89372ce8c1fe2943293c3cd872eaf934606ae16b659d30fc785e7f82f778d322
tcn,independent_rms,29,bandpass_n20002_cLL_covariance_s15,phase2/results/predictions/full/independent_rms/tcn/seed_29/bandpass_n20002_cLL_covariance_s15.npz,76360,7caa68b9f6d3ac1a0a0a1ab3f9e1fb12f883d9a3fa4109a4bf853ea6de2c893e
tcn,independent_rms,29,bandpass_n20002_cLL_covariance_s10,phase2/results/predictions/full/independent_rms/tcn/seed_29/bandpass_n20002_cLL_covariance_s10.npz,76274,3fe7f17f7b8de89ab70c5761b35f0152f0f4bda61f0c971f18c134d7a2a8d50b
tcn,independent_rms,29,bandpass_n20002_cLL_covariance_s5,phase2/results/predictions/full/independent_rms/tcn/seed_29/bandpass_n20002_cLL_covariance_s5.npz,76055,bbed6193ceccc23d5239f4f22e63f6f9ac486549a1cc5184a216f4e7be4ff94f
tcn,independent_rms,29,bandpass_n20002_cLL_covariance_s0,phase2/results/predictions/full/independent_rms/tcn/seed_29/bandpass_n20002_cLL_covariance_s0.npz,75867,5604b29a4b72681539677610d3791d69f14b0fedaf77653f12ab4c55377afd02
tcn,independent_rms,29,bandpass_n20002_cRA_V1_independent_rms_s20,phase2/results/predictions/full/independent_rms/tcn/seed_29/bandpass_n20002_cRA_V1_independent_rms_s20.npz,76400,6b9ac157b60fa666faf9958d0c3a1322898ffa221e8b94a63f14de80e9b74d08
tcn,independent_rms,29,bandpass_n20002_cRA_V1_independent_rms_s15,phase2/results/predictions/full/independent_rms/tcn/seed_29/bandpass_n20002_cRA_V1_independent_rms_s15.npz,76420,a5f1ded22269ee0c3ae1fae8e54df7a9a7577a8ce81a36bac7e33371cb13b6ee
tcn,independent_rms,29,bandpass_n20002_cRA_V1_independent_rms_s10,phase2/results/predictions/full/independent_rms/tcn/seed_29/bandpass_n20002_cRA_V1_independent_rms_s10.npz,76388,3605dee6cb982539f4ce526c6d506bf5cb236eb90f758f204cf4bf10f043fc74
tcn,independent_rms,29,bandpass_n20002_cRA_V1_independent_rms_s5,phase2/results/predictions/full/independent_rms/tcn/seed_29/bandpass_n20002_cRA_V1_independent_rms_s5.npz,76205,8eaf8168a74c3957fb576a24b7649b5673975e4f9bff21b6830f2f4f1e6e6da1
tcn,independent_rms,29,bandpass_n20002_cRA_V1_independent_rms_s0,phase2/results/predictions/full/independent_rms/tcn/seed_29/bandpass_n20002_cRA_V1_independent_rms_s0.npz,75899,ed4ef1c2cf556d9eb19b2271618c54106844de766c6b370a24b386326ff48cb7
tcn,independent_rms,29,bandpass_n20002_cRA_V1_electrode_s20,phase2/results/predictions/full/independent_rms/tcn/seed_29/bandpass_n20002_cRA_V1_electrode_s20.npz,76387,3a0a071561c00a7a6b2e5daa4980c35252fe65ca2545dae5df7d40046f53858b
tcn,independent_rms,29,bandpass_n20002_cRA_V1_electrode_s15,phase2/results/predictions/full/independent_rms/tcn/seed_29/bandpass_n20002_cRA_V1_electrode_s15.npz,76405,5a7c5bcc52940905a7c0bc53ea81a6fe84776d74439519835a0655ea275d503a
tcn,independent_rms,29,bandpass_n20002_cRA_V1_electrode_s10,phase2/results/predictions/full/independent_rms/tcn/seed_29/bandpass_n20002_cRA_V1_electrode_s10.npz,76252,db4027e7b706a446e6a41edad7e64ac2e5d29d650e194f825c6a3c187dd5d0a7
tcn,independent_rms,29,bandpass_n20002_cRA_V1_electrode_s5,phase2/results/predictions/full/independent_rms/tcn/seed_29/bandpass_n20002_cRA_V1_electrode_s5.npz,76062,b7cd82600f000c13daad0bebae27b51d98ef18888c6a15bf5e6c1b31327e3587
tcn,independent_rms,29,bandpass_n20002_cRA_V1_electrode_s0,phase2/results/predictions/full/independent_rms/tcn/seed_29/bandpass_n20002_cRA_V1_electrode_s0.npz,75426,2ab615b214227c47021149aa6d416209d9eb282cc736c9c1af66d5811623245b
tcn,independent_rms,29,bandpass_n20002_cRA_V1_covariance_s20,phase2/results/predictions/full/independent_rms/tcn/seed_29/bandpass_n20002_cRA_V1_covariance_s20.npz,76419,561d74c92d9c0caa9d7840da916ccc13e51c182491a3d0b459acce9c33ccb4a0
tcn,independent_rms,29,bandpass_n20002_cRA_V1_covariance_s15,phase2/results/predictions/full/independent_rms/tcn/seed_29/bandpass_n20002_cRA_V1_covariance_s15.npz,76382,5e7d97de6b7f6dfb1d441571a2f72d3dec6cbeff998419137d4e35e86bf937e8
tcn,independent_rms,29,bandpass_n20002_cRA_V1_covariance_s10,phase2/results/predictions/full/independent_rms/tcn/seed_29/bandpass_n20002_cRA_V1_covariance_s10.npz,76294,92592354cf7cded61226ffb9921fcd07e1e2f176d1650dc2255c994862e2471f
tcn,independent_rms,29,bandpass_n20002_cRA_V1_covariance_s5,phase2/results/predictions/full/independent_rms/tcn/seed_29/bandpass_n20002_cRA_V1_covariance_s5.npz,76043,477c69e2f22baaff5ad0ece259e49403bdda2f6e0cf5dfc6f5a172dfa6200145
tcn,independent_rms,29,bandpass_n20002_cRA_V1_covariance_s0,phase2/results/predictions/full/independent_rms/tcn/seed_29/bandpass_n20002_cRA_V1_covariance_s0.npz,75413,3d5a8e3404f5feb9ba77d828b1a03ea0b4a8fd6426dd180a1d521c3851b64ffd
tcn,independent_rms,29,bandpass_n20002_cLA_V6_independent_rms_s20,phase2/results/predictions/full/independent_rms/tcn/seed_29/bandpass_n20002_cLA_V6_independent_rms_s20.npz,76404,f8305a00d5e0cf9512a554b27c2e0e29ab60fd96b8df521675918f4fbbdebfa7
tcn,independent_rms,29,bandpass_n20002_cLA_V6_independent_rms_s15,phase2/results/predictions/full/independent_rms/tcn/seed_29/bandpass_n20002_cLA_V6_independent_rms_s15.npz,76402,792b89ecf76857e6c0f812a280ee90dcf7b4c98ab2ef3c8e5b59ba5756c31b59
tcn,independent_rms,29,bandpass_n20002_cLA_V6_independent_rms_s10,phase2/results/predictions/full/independent_rms/tcn/seed_29/bandpass_n20002_cLA_V6_independent_rms_s10.npz,76369,c9a722ccbbb631fd6fb8b9944698019420835ad4b087537e8048afa38b02418a
tcn,independent_rms,29,bandpass_n20002_cLA_V6_independent_rms_s5,phase2/results/predictions/full/independent_rms/tcn/seed_29/bandpass_n20002_cLA_V6_independent_rms_s5.npz,76260,91ab934a05ed46ccd27b8eb7597ea351f976edfe86c25ac5546407a56f4a9d0c
tcn,independent_rms,29,bandpass_n20002_cLA_V6_independent_rms_s0,phase2/results/predictions/full/independent_rms/tcn/seed_29/bandpass_n20002_cLA_V6_independent_rms_s0.npz,75971,608a32fb5a3ca0d5b46d8914fea0166b00d1972d77f0f1ea23959b3d426ed6cf
tcn,independent_rms,29,bandpass_n20002_cLA_V6_electrode_s20,phase2/results/predictions/full/independent_rms/tcn/seed_29/bandpass_n20002_cLA_V6_electrode_s20.npz,76403,5a3019d73c5a034d9a3a7767b6dd66b1107e8793a7d98e51a006c35459b93ed5
tcn,independent_rms,29,bandpass_n20002_cLA_V6_electrode_s15,phase2/results/predictions/full/independent_rms/tcn/seed_29/bandpass_n20002_cLA_V6_electrode_s15.npz,76391,427a3016e5c5dffb514a3ef69e0c19d5c1efdf3aab88ff7c1d4495a3b8bd720e
tcn,independent_rms,29,bandpass_n20002_cLA_V6_electrode_s10,phase2/results/predictions/full/independent_rms/tcn/seed_29/bandpass_n20002_cLA_V6_electrode_s10.npz,76338,1bc1c5ff7b04767140f80ab289751051047694348105bcd46ab939fd6ee8ce6f
tcn,independent_rms,29,bandpass_n20002_cLA_V6_electrode_s5,phase2/results/predictions/full/independent_rms/tcn/seed_29/bandpass_n20002_cLA_V6_electrode_s5.npz,76171,d6ead0b6fe9be6d29e24882460801b0c29f745dab6882bd4859fa69397af8b9d
tcn,independent_rms,29,bandpass_n20002_cLA_V6_electrode_s0,phase2/results/predictions/full/independent_rms/tcn/seed_29/bandpass_n20002_cLA_V6_electrode_s0.npz,75847,441709c64fc90cb35eb48ade95ffef6de7dec23db52ea0a948569ca2b07e11b8
tcn,independent_rms,29,bandpass_n20002_cLA_V6_covariance_s20,phase2/results/predictions/full/independent_rms/tcn/seed_29/bandpass_n20002_cLA_V6_covariance_s20.npz,76392,6692b24abb363512e6b4d9a597905124986a276970b37ad14140a4e5c4a2273a
tcn,independent_rms,29,bandpass_n20002_cLA_V6_covariance_s15,phase2/results/predictions/full/independent_rms/tcn/seed_29/bandpass_n20002_cLA_V6_covariance_s15.npz,76383,8704b4633a83713b337ce3504df8133fd2eb70e1c6dfad36a474a49ad9ffd11b
tcn,independent_rms,29,bandpass_n20002_cLA_V6_covariance_s10,phase2/results/predictions/full/independent_rms/tcn/seed_29/bandpass_n20002_cLA_V6_covariance_s10.npz,76340,6fe9142cc01f610b9da66ad1fcdb87e2ffb64dee72a4defb18f4a887068f140a
tcn,independent_rms,29,bandpass_n20002_cLA_V6_covariance_s5,phase2/results/predictions/full/independent_rms/tcn/seed_29/bandpass_n20002_cLA_V6_covariance_s5.npz,76184,0a14ff0e9289d795ba4cf3236bbe90ae00cbe4df0834f9c1867b242c09f02892
tcn,independent_rms,29,bandpass_n20002_cLA_V6_covariance_s0,phase2/results/predictions/full/independent_rms/tcn/seed_29/bandpass_n20002_cLA_V6_covariance_s0.npz,75845,ac4f9e550acfbaf801aab2fb6429d08b5ce695fad1da4dc0b1411e33fbd70f4b
tcn,independent_rms,29,bandpass_n20002_cLL_V4_independent_rms_s20,phase2/results/predictions/full/independent_rms/tcn/seed_29/bandpass_n20002_cLL_V4_independent_rms_s20.npz,76432,e2589bcd0e3463276784f432645135eb24aa324cca8ae8fe6fd907917a2c6132
tcn,independent_rms,29,bandpass_n20002_cLL_V4_independent_rms_s15,phase2/results/predictions/full/independent_rms/tcn/seed_29/bandpass_n20002_cLL_V4_independent_rms_s15.npz,76416,549fa79546cdfeb94d212a4901f4e56d308254ca4a9ca455950e3ea7d0b898de
tcn,independent_rms,29,bandpass_n20002_cLL_V4_independent_rms_s10,phase2/results/predictions/full/independent_rms/tcn/seed_29/bandpass_n20002_cLL_V4_independent_rms_s10.npz,76384,17de91d98c32ce1466c862f2b92938c6368993ff2f3c34d102edbe5cd787bd06
tcn,independent_rms,29,bandpass_n20002_cLL_V4_independent_rms_s5,phase2/results/predictions/full/independent_rms/tcn/seed_29/bandpass_n20002_cLL_V4_independent_rms_s5.npz,76286,6a58eecf8a0214459896a1a25d964a1f3a7bb4a34818da46b51065e0ddc51730
tcn,independent_rms,29,bandpass_n20002_cLL_V4_independent_rms_s0,phase2/results/predictions/full/independent_rms/tcn/seed_29/bandpass_n20002_cLL_V4_independent_rms_s0.npz,75945,ee79c21d958ee284656e07aeec00aa63252964edfed4b360e5a54f4f39652344
tcn,independent_rms,29,bandpass_n20002_cLL_V4_electrode_s20,phase2/results/predictions/full/independent_rms/tcn/seed_29/bandpass_n20002_cLL_V4_electrode_s20.npz,76413,cfc73b932038c5754c204f90d1b1d25d9c3e37dcce338597642c23c8607086de
tcn,independent_rms,29,bandpass_n20002_cLL_V4_electrode_s15,phase2/results/predictions/full/independent_rms/tcn/seed_29/bandpass_n20002_cLL_V4_electrode_s15.npz,76417,5b5b1f2bc2db552bf1afccda8cfa9b80a6aacb3255c1d29a355180b553e4c33b
tcn,independent_rms,29,bandpass_n20002_cLL_V4_electrode_s10,phase2/results/predictions/full/independent_rms/tcn/seed_29/bandpass_n20002_cLL_V4_electrode_s10.npz,76338,9b7b33e21f828545793ddf2745ed78fff982fccef75ff997360acafb2e6c46e0
tcn,independent_rms,29,bandpass_n20002_cLL_V4_electrode_s5,phase2/results/predictions/full/independent_rms/tcn/seed_29/bandpass_n20002_cLL_V4_electrode_s5.npz,76136,091559b3966b5f9c82285cd29b2012283263d908a97f97d6b9760c84727ded03
tcn,independent_rms,29,bandpass_n20002_cLL_V4_electrode_s0,phase2/results/predictions/full/independent_rms/tcn/seed_29/bandpass_n20002_cLL_V4_electrode_s0.npz,75902,f38fbd48378309e01aafb58e41af53793de1190d6084252ceb13076ee1d6b03e
tcn,independent_rms,29,bandpass_n20002_cLL_V4_covariance_s20,phase2/results/predictions/full/independent_rms/tcn/seed_29/bandpass_n20002_cLL_V4_covariance_s20.npz,76383,b47e58a4e18bbeabf3847d7e5f93b52292e66d63bc6d841f6d478c09e3915011
tcn,independent_rms,29,bandpass_n20002_cLL_V4_covariance_s15,phase2/results/predictions/full/independent_rms/tcn/seed_29/bandpass_n20002_cLL_V4_covariance_s15.npz,76386,e15b6613eadd6b57518f21c6fe5f395300e4ef5f5e5b8847bfeed779e976e22b
tcn,independent_rms,29,bandpass_n20002_cLL_V4_covariance_s10,phase2/results/predictions/full/independent_rms/tcn/seed_29/bandpass_n20002_cLL_V4_covariance_s10.npz,76334,c7673ce8a2272de42deb72ff76eca62a570dcd68ea2fd2281683946106bdba83
tcn,independent_rms,29,bandpass_n20002_cLL_V4_covariance_s5,phase2/results/predictions/full/independent_rms/tcn/seed_29/bandpass_n20002_cLL_V4_covariance_s5.npz,76154,fd1ed3201491b4de53a69269f4650dec8ccc7d4cea8cabeac87eeda671d6499b
tcn,independent_rms,29,bandpass_n20002_cLL_V4_covariance_s0,phase2/results/predictions/full/independent_rms/tcn/seed_29/bandpass_n20002_cLL_V4_covariance_s0.npz,75904,6b0df76a1378673fe2a40506188599f4ca013a504b2cdd7c9bed75208ec2b857
tcn,independent_rms,29,bandpass_n20002_cRA_LA_V1_V6_independent_rms_s20,phase2/results/predictions/full/independent_rms/tcn/seed_29/bandpass_n20002_cRA_LA_V1_V6_independent_rms_s20.npz,76422,c7ffd1f1c338c0cf4e425d31befe4aaf22ec077821916291b4c1f25251a036e5
tcn,independent_rms,29,bandpass_n20002_cRA_LA_V1_V6_independent_rms_s15,phase2/results/predictions/full/independent_rms/tcn/seed_29/bandpass_n20002_cRA_LA_V1_V6_independent_rms_s15.npz,76427,edbf159cba1ad2591ff5ffa417b61cf148de829ce70595046b80b04eec3b238f
tcn,independent_rms,29,bandpass_n20002_cRA_LA_V1_V6_independent_rms_s10,phase2/results/predictions/full/independent_rms/tcn/seed_29/bandpass_n20002_cRA_LA_V1_V6_independent_rms_s10.npz,76429,e3c27ba390c87a24df7e17655e8da4142a2fb1f608c3756c49c04eead3fb7590
tcn,independent_rms,29,bandpass_n20002_cRA_LA_V1_V6_independent_rms_s5,phase2/results/predictions/full/independent_rms/tcn/seed_29/bandpass_n20002_cRA_LA_V1_V6_independent_rms_s5.npz,76253,eae002b841494ff952aaed98a5d3ca6f57992a549f7faba6d4d55eec4a2051e7
tcn,independent_rms,29,bandpass_n20002_cRA_LA_V1_V6_independent_rms_s0,phase2/results/predictions/full/independent_rms/tcn/seed_29/bandpass_n20002_cRA_LA_V1_V6_independent_rms_s0.npz,75916,5290c900286aba4b56eb816ab191c24d86de580ea6711658a98596d7765fed81
tcn,independent_rms,29,bandpass_n20002_cRA_LA_V1_V6_electrode_s20,phase2/results/predictions/full/independent_rms/tcn/seed_29/bandpass_n20002_cRA_LA_V1_V6_electrode_s20.npz,76416,76af510eb0c28ef443c277a5f57d56ac2880591d54a392df31bc490965e3a1f8
tcn,independent_rms,29,bandpass_n20002_cRA_LA_V1_V6_electrode_s15,phase2/results/predictions/full/independent_rms/tcn/seed_29/bandpass_n20002_cRA_LA_V1_V6_electrode_s15.npz,76444,513d025c56ef950c18890c4ff8a540f8ca2381706b186332ad05cd3f9aea71e0
tcn,independent_rms,29,bandpass_n20002_cRA_LA_V1_V6_electrode_s10,phase2/results/predictions/full/independent_rms/tcn/seed_29/bandpass_n20002_cRA_LA_V1_V6_electrode_s10.npz,76278,a63d7645637fa14e128ae41b9af4bf8ec359c93cceb4a2d3b12a68f168c5b6d1
tcn,independent_rms,29,bandpass_n20002_cRA_LA_V1_V6_electrode_s5,phase2/results/predictions/full/independent_rms/tcn/seed_29/bandpass_n20002_cRA_LA_V1_V6_electrode_s5.npz,76130,2f84469730700e60dae9a5c2fd4d795f507b359573099b369267f5e17dbe8b0b
tcn,independent_rms,29,bandpass_n20002_cRA_LA_V1_V6_electrode_s0,phase2/results/predictions/full/independent_rms/tcn/seed_29/bandpass_n20002_cRA_LA_V1_V6_electrode_s0.npz,75639,e46497d9ee0aba7cdfe6a233e528c39adf004ee8c555ad43a7aa38a3b438b8de
tcn,independent_rms,29,bandpass_n20002_cRA_LA_V1_V6_covariance_s20,phase2/results/predictions/full/independent_rms/tcn/seed_29/bandpass_n20002_cRA_LA_V1_V6_covariance_s20.npz,76403,37573cb218b502348997126a0333633d375add479485ba6c197a818f7da667b2
tcn,independent_rms,29,bandpass_n20002_cRA_LA_V1_V6_covariance_s15,phase2/results/predictions/full/independent_rms/tcn/seed_29/bandpass_n20002_cRA_LA_V1_V6_covariance_s15.npz,76420,184fb084ec14539215545f30aa5e9b4f714c827ab7dae0fc715d50851045ef85
tcn,independent_rms,29,bandpass_n20002_cRA_LA_V1_V6_covariance_s10,phase2/results/predictions/full/independent_rms/tcn/seed_29/bandpass_n20002_cRA_LA_V1_V6_covariance_s10.npz,76306,b1c0ce2476c89b3d03cff4a784e4656a7c428a90d02dfc1543eb5a1fdfd1e78c
tcn,independent_rms,29,bandpass_n20002_cRA_LA_V1_V6_covariance_s5,phase2/results/predictions/full/independent_rms/tcn/seed_29/bandpass_n20002_cRA_LA_V1_V6_covariance_s5.npz,76111,f4c26d55333ae824a58bd48840ebb95443f9a10ebee144d571d7f9adb09d0fc6
tcn,independent_rms,29,bandpass_n20002_cRA_LA_V1_V6_covariance_s0,phase2/results/predictions/full/independent_rms/tcn/seed_29/bandpass_n20002_cRA_LA_V1_V6_covariance_s0.npz,75650,06707d4bbb473472c428cb18b9f81d2f9042459304b77fae1e938db57eee7ce7
tcn,independent_rms,29,bandpass_n20002_cRA_V2_V5_independent_rms_s20,phase2/results/predictions/full/independent_rms/tcn/seed_29/bandpass_n20002_cRA_V2_V5_independent_rms_s20.npz,76429,8b6e4383f91bd1e5496118221612e632dc79088f958c71d5b85f1a0296ed41ff
tcn,independent_rms,29,bandpass_n20002_cRA_V2_V5_independent_rms_s15,phase2/results/predictions/full/independent_rms/tcn/seed_29/bandpass_n20002_cRA_V2_V5_independent_rms_s15.npz,76409,0f5c0b13f9151e1ec973ceb08828d07556b815748c6d8627112c75b5ca74eff8
tcn,independent_rms,29,bandpass_n20002_cRA_V2_V5_independent_rms_s10,phase2/results/predictions/full/independent_rms/tcn/seed_29/bandpass_n20002_cRA_V2_V5_independent_rms_s10.npz,76365,8138b4d550496ed8c0fe59c49b387925ee76dc899977bdc747704910f8b127f1
tcn,independent_rms,29,bandpass_n20002_cRA_V2_V5_independent_rms_s5,phase2/results/predictions/full/independent_rms/tcn/seed_29/bandpass_n20002_cRA_V2_V5_independent_rms_s5.npz,76287,c79a38b9310caeba22c5aefd9b8bbea64047d3f4223a9bc594b7a31a8ed28689
tcn,independent_rms,29,bandpass_n20002_cRA_V2_V5_independent_rms_s0,phase2/results/predictions/full/independent_rms/tcn/seed_29/bandpass_n20002_cRA_V2_V5_independent_rms_s0.npz,75950,79529961940f2917f2292f3cf3693ca8e912c96332df08ec03fd61a4e9fe48c5
tcn,independent_rms,29,bandpass_n20002_cRA_V2_V5_electrode_s20,phase2/results/predictions/full/independent_rms/tcn/seed_29/bandpass_n20002_cRA_V2_V5_electrode_s20.npz,76403,83dda8a640c24b122dcb201be57b14e3ef06c0d2be21ecea021e222711c5dc91
tcn,independent_rms,29,bandpass_n20002_cRA_V2_V5_electrode_s15,phase2/results/predictions/full/independent_rms/tcn/seed_29/bandpass_n20002_cRA_V2_V5_electrode_s15.npz,76398,58034468445e9d9cd60d6578337e68334dc894f6b83db5c1b7095eb815607a92
tcn,independent_rms,29,bandpass_n20002_cRA_V2_V5_electrode_s10,phase2/results/predictions/full/independent_rms/tcn/seed_29/bandpass_n20002_cRA_V2_V5_electrode_s10.npz,76270,8a6e2800326558fee793d867fd11884c04d0dac13fa8646c5fc9d52c53bee314
tcn,independent_rms,29,bandpass_n20002_cRA_V2_V5_electrode_s5,phase2/results/predictions/full/independent_rms/tcn/seed_29/bandpass_n20002_cRA_V2_V5_electrode_s5.npz,76096,9561020ceb4034d77abda43bf720713301a86fcd8219e6f794aa632319d2f071
tcn,independent_rms,29,bandpass_n20002_cRA_V2_V5_electrode_s0,phase2/results/predictions/full/independent_rms/tcn/seed_29/bandpass_n20002_cRA_V2_V5_electrode_s0.npz,75563,733a5fb1a85e2625e46a7a65889171262a59654c7a60f071ad3d4bed034f22ca
tcn,independent_rms,29,bandpass_n20002_cRA_V2_V5_covariance_s20,phase2/results/predictions/full/independent_rms/tcn/seed_29/bandpass_n20002_cRA_V2_V5_covariance_s20.npz,76403,8505a6abe475e08d0c53e7a2330f0a254f2b09ac42e63255cd52cfce5c24f3a5
tcn,independent_rms,29,bandpass_n20002_cRA_V2_V5_covariance_s15,phase2/results/predictions/full/independent_rms/tcn/seed_29/bandpass_n20002_cRA_V2_V5_covariance_s15.npz,76387,d157a1cbc44e6b1175ea3cf7dcba7d659b7f3fc3cef8dbfe0ee2c314f508b7a3
tcn,independent_rms,29,bandpass_n20002_cRA_V2_V5_covariance_s10,phase2/results/predictions/full/independent_rms/tcn/seed_29/bandpass_n20002_cRA_V2_V5_covariance_s10.npz,76324,c56a9b54158e670e15f45de2c6dfa69188bce0479caa277d30f310bba31dc6dc
tcn,independent_rms,29,bandpass_n20002_cRA_V2_V5_covariance_s5,phase2/results/predictions/full/independent_rms/tcn/seed_29/bandpass_n20002_cRA_V2_V5_covariance_s5.npz,76089,5e7646b29768d0beb30709cd166a9013d6c075d43d8f0239ad1c8c4e7d4968c0
tcn,independent_rms,29,bandpass_n20002_cRA_V2_V5_covariance_s0,phase2/results/predictions/full/independent_rms/tcn/seed_29/bandpass_n20002_cRA_V2_V5_covariance_s0.npz,75574,a7be997e75457b440a31cb136be2c64f596759917c5b36d0ddad138069ae7a02
tcn,independent_rms,29,bandpass_n20002_cLA_V3_V6_independent_rms_s20,phase2/results/predictions/full/independent_rms/tcn/seed_29/bandpass_n20002_cLA_V3_V6_independent_rms_s20.npz,76394,9b6e149a39e5927b19b293a1d6d34fc7d629453740815f6755cbb5f2e7388590
tcn,independent_rms,29,bandpass_n20002_cLA_V3_V6_independent_rms_s15,phase2/results/predictions/full/independent_rms/tcn/seed_29/bandpass_n20002_cLA_V3_V6_independent_rms_s15.npz,76428,82d6652c64989e8bc477c3a807670840cce6033b053db59140bac647ba564c49
tcn,independent_rms,29,bandpass_n20002_cLA_V3_V6_independent_rms_s10,phase2/results/predictions/full/independent_rms/tcn/seed_29/bandpass_n20002_cLA_V3_V6_independent_rms_s10.npz,76383,ca97e2894e99c237efd21602a92bec5261103bc26b0ec856062a19781f1d360c
tcn,independent_rms,29,bandpass_n20002_cLA_V3_V6_independent_rms_s5,phase2/results/predictions/full/independent_rms/tcn/seed_29/bandpass_n20002_cLA_V3_V6_independent_rms_s5.npz,76273,2b12f22875c20a8cac1780de11894f0bcc68a867f62c86c719bb61f09174369f
tcn,independent_rms,29,bandpass_n20002_cLA_V3_V6_independent_rms_s0,phase2/results/predictions/full/independent_rms/tcn/seed_29/bandpass_n20002_cLA_V3_V6_independent_rms_s0.npz,75998,42ef134dc5e45a35a6700da91ece9630b36eb7c3cfe387b2edeb63cc32cf98a4
tcn,independent_rms,29,bandpass_n20002_cLA_V3_V6_electrode_s20,phase2/results/predictions/full/independent_rms/tcn/seed_29/bandpass_n20002_cLA_V3_V6_electrode_s20.npz,76399,127ae3893a141b58facfefa46ae0291eea4a93728da068ed4d1da785b6925b67
tcn,independent_rms,29,bandpass_n20002_cLA_V3_V6_electrode_s15,phase2/results/predictions/full/independent_rms/tcn/seed_29/bandpass_n20002_cLA_V3_V6_electrode_s15.npz,76419,52bdefdef631e28c6c7227bdc453de2f1ee66fc289c52bd923079b065b4a0452
tcn,independent_rms,29,bandpass_n20002_cLA_V3_V6_electrode_s10,phase2/results/predictions/full/independent_rms/tcn/seed_29/bandpass_n20002_cLA_V3_V6_electrode_s10.npz,76335,0d401e8727b068b96dd2cb104b41667e6fa146cdfe3dbc3ce2476a6c06be4539
tcn,independent_rms,29,bandpass_n20002_cLA_V3_V6_electrode_s5,phase2/results/predictions/full/independent_rms/tcn/seed_29/bandpass_n20002_cLA_V3_V6_electrode_s5.npz,76178,f8f2b9510f67dea4dc2939b4d157edcef6dafb8af64b32620ec84e8c77491d7a
tcn,independent_rms,29,bandpass_n20002_cLA_V3_V6_electrode_s0,phase2/results/predictions/full/independent_rms/tcn/seed_29/bandpass_n20002_cLA_V3_V6_electrode_s0.npz,75895,5428166785460aba233ab08efa91783b880180aeef6ef2c5cf4466f3363311a1
tcn,independent_rms,29,bandpass_n20002_cLA_V3_V6_covariance_s20,phase2/results/predictions/full/independent_rms/tcn/seed_29/bandpass_n20002_cLA_V3_V6_covariance_s20.npz,76419,19ec6f077d3404ee6333a1cba4aea8fb76aedf0b500ecca412f14a9c1093ffd7
tcn,independent_rms,29,bandpass_n20002_cLA_V3_V6_covariance_s15,phase2/results/predictions/full/independent_rms/tcn/seed_29/bandpass_n20002_cLA_V3_V6_covariance_s15.npz,76412,4fc1b785571d15900c2525da4e7ca7d101900a4031e2dbbf6262a2edf20b7ac0
tcn,independent_rms,29,bandpass_n20002_cLA_V3_V6_covariance_s10,phase2/results/predictions/full/independent_rms/tcn/seed_29/bandpass_n20002_cLA_V3_V6_covariance_s10.npz,76366,b65f69d728b31fae1e6fe0199c5ebc82f46ef0fccb3320da93772bbaf3c83e3c
tcn,independent_rms,29,bandpass_n20002_cLA_V3_V6_covariance_s5,phase2/results/predictions/full/independent_rms/tcn/seed_29/bandpass_n20002_cLA_V3_V6_covariance_s5.npz,76210,7e0823a2ab232cc7925ecf4afeedb71cb62ac10a3616b1f46b06294e4d627c82
tcn,independent_rms,29,bandpass_n20002_cLA_V3_V6_covariance_s0,phase2/results/predictions/full/independent_rms/tcn/seed_29/bandpass_n20002_cLA_V3_V6_covariance_s0.npz,75900,55841c917f11f8f5c9dff7f202a2c1f185db4c224a1fc30ab51ee1da1effee37
tcn,independent_rms,29,bandpass_n20002_cLL_V1_V4_independent_rms_s20,phase2/results/predictions/full/independent_rms/tcn/seed_29/bandpass_n20002_cLL_V1_V4_independent_rms_s20.npz,76430,c166d99d213b25744c775cc4814ac365a341e9defee9425870861c2c27146c8c
tcn,independent_rms,29,bandpass_n20002_cLL_V1_V4_independent_rms_s15,phase2/results/predictions/full/independent_rms/tcn/seed_29/bandpass_n20002_cLL_V1_V4_independent_rms_s15.npz,76430,397ea3651f0ed5e375ba33b6f42a6a9baf0b6e658ab0c98fa5c261641cc6685f
tcn,independent_rms,29,bandpass_n20002_cLL_V1_V4_independent_rms_s10,phase2/results/predictions/full/independent_rms/tcn/seed_29/bandpass_n20002_cLL_V1_V4_independent_rms_s10.npz,76420,425832e9bf60eb5b6fc5d11f46318591dc39f972abb9e680b9916aa4c16d7392
tcn,independent_rms,29,bandpass_n20002_cLL_V1_V4_independent_rms_s5,phase2/results/predictions/full/independent_rms/tcn/seed_29/bandpass_n20002_cLL_V1_V4_independent_rms_s5.npz,76280,58e83060258cb3fa4f68dc8c99d6d2ab8fcbc7abfcbb048da2a27fd57d1f13f5
tcn,independent_rms,29,bandpass_n20002_cLL_V1_V4_independent_rms_s0,phase2/results/predictions/full/independent_rms/tcn/seed_29/bandpass_n20002_cLL_V1_V4_independent_rms_s0.npz,75958,4942ff32a1b6441a8bd8b4566f6da44465c11694d24573e8f8908a0dff003ea5
tcn,independent_rms,29,bandpass_n20002_cLL_V1_V4_electrode_s20,phase2/results/predictions/full/independent_rms/tcn/seed_29/bandpass_n20002_cLL_V1_V4_electrode_s20.npz,76383,454a67ba42b88157131ff7a7fa5d393da36ab3ac65c987e741ea048d61a5fd19
tcn,independent_rms,29,bandpass_n20002_cLL_V1_V4_electrode_s15,phase2/results/predictions/full/independent_rms/tcn/seed_29/bandpass_n20002_cLL_V1_V4_electrode_s15.npz,76410,410d41331b9885083ed6e0ef079aefae2d065a4053f5ae17bc0beacdc2c7001b
tcn,independent_rms,29,bandpass_n20002_cLL_V1_V4_electrode_s10,phase2/results/predictions/full/independent_rms/tcn/seed_29/bandpass_n20002_cLL_V1_V4_electrode_s10.npz,76297,660a77ade1499e3869548c54479cb5ce96c13ac87df06f7c76a2c0d472de4188
tcn,independent_rms,29,bandpass_n20002_cLL_V1_V4_electrode_s5,phase2/results/predictions/full/independent_rms/tcn/seed_29/bandpass_n20002_cLL_V1_V4_electrode_s5.npz,76136,785fb50afc573e4d4e570acf83e120c5299cba9e6107e94ece17d0f62deb3881
tcn,independent_rms,29,bandpass_n20002_cLL_V1_V4_electrode_s0,phase2/results/predictions/full/independent_rms/tcn/seed_29/bandpass_n20002_cLL_V1_V4_electrode_s0.npz,75915,127cb2b5a5afb992aa6f563be240e0690f9fb109cd31559d1a97bc08554716ce
tcn,independent_rms,29,bandpass_n20002_cLL_V1_V4_covariance_s20,phase2/results/predictions/full/independent_rms/tcn/seed_29/bandpass_n20002_cLL_V1_V4_covariance_s20.npz,76392,fc4f7eafcb44b1896cfb12cd303bc7f6ba701915fe9773ac93ccdcbe9f262f4e
tcn,independent_rms,29,bandpass_n20002_cLL_V1_V4_covariance_s15,phase2/results/predictions/full/independent_rms/tcn/seed_29/bandpass_n20002_cLL_V1_V4_covariance_s15.npz,76377,0a05a3363ded968d27e0626ad803de3f6fa72e26a0f35e490e03ac7c220a9349
tcn,independent_rms,29,bandpass_n20002_cLL_V1_V4_covariance_s10,phase2/results/predictions/full/independent_rms/tcn/seed_29/bandpass_n20002_cLL_V1_V4_covariance_s10.npz,76352,b4b1088c83efcc9eb660fea8466b709813cf574668d6586da3ccd60efa32b5ee
tcn,independent_rms,29,bandpass_n20002_cLL_V1_V4_covariance_s5,phase2/results/predictions/full/independent_rms/tcn/seed_29/bandpass_n20002_cLL_V1_V4_covariance_s5.npz,76157,5d6ec4496826e57ea32083d0472a76859dbc3813e708c08988641eb95ecd4475
tcn,independent_rms,29,bandpass_n20002_cLL_V1_V4_covariance_s0,phase2/results/predictions/full/independent_rms/tcn/seed_29/bandpass_n20002_cLL_V1_V4_covariance_s0.npz,75903,c5b3c417d5c37f883cd89ac60b5aea04c6d4b74030f17cf68fdfc6cc1f1257c8
tcn,independent_rms,29,bandpass_n20002_call_independent_rms_s20,phase2/results/predictions/full/independent_rms/tcn/seed_29/bandpass_n20002_call_independent_rms_s20.npz,76400,9700d613a4343492bb060d36f65322d4e7b1fd97365acaa2c63966b3720b1bf7
tcn,independent_rms,29,bandpass_n20002_call_independent_rms_s15,phase2/results/predictions/full/independent_rms/tcn/seed_29/bandpass_n20002_call_independent_rms_s15.npz,76385,a59c00d95a719ed79e5c42ed460aae93b80911005246ac286f9b35879726d271
tcn,independent_rms,29,bandpass_n20002_call_independent_rms_s10,phase2/results/predictions/full/independent_rms/tcn/seed_29/bandpass_n20002_call_independent_rms_s10.npz,76348,0cb866d794d46d83402a757f7e92e10bb278f0901efb42c350673fe0d6680e09
tcn,independent_rms,29,bandpass_n20002_call_independent_rms_s5,phase2/results/predictions/full/independent_rms/tcn/seed_29/bandpass_n20002_call_independent_rms_s5.npz,76228,b2756f623d9b56608fa2507857e1c1095ef556fda3a43739b07fbedf11b4bb65
tcn,independent_rms,29,bandpass_n20002_call_independent_rms_s0,phase2/results/predictions/full/independent_rms/tcn/seed_29/bandpass_n20002_call_independent_rms_s0.npz,75959,eba9d39a49746991903264848104fcb233134752b4022b9c3baf8b45fb831ee7
tcn,independent_rms,29,bandpass_n20002_call_electrode_s20,phase2/results/predictions/full/independent_rms/tcn/seed_29/bandpass_n20002_call_electrode_s20.npz,76374,aa86f7641be85845f3a9c5fd092dab74dd105c2029297cb0f6737d8ffcc80662
tcn,independent_rms,29,bandpass_n20002_call_electrode_s15,phase2/results/predictions/full/independent_rms/tcn/seed_29/bandpass_n20002_call_electrode_s15.npz,76391,1f9a9dcbdf9d16ca89d8297e24a58fd92fb1858f6f748f868770817256c772d1
tcn,independent_rms,29,bandpass_n20002_call_electrode_s10,phase2/results/predictions/full/independent_rms/tcn/seed_29/bandpass_n20002_call_electrode_s10.npz,76283,726d9967f9637dab8983daf3ea78e8da4781749d2e5cc5acc0f2e02d7a280787
tcn,independent_rms,29,bandpass_n20002_call_electrode_s5,phase2/results/predictions/full/independent_rms/tcn/seed_29/bandpass_n20002_call_electrode_s5.npz,76110,a98dca62180d5df4b9ff87998c89bb7d81e61a2a1272c7bef6dcfb7974e0762c
tcn,independent_rms,29,bandpass_n20002_call_electrode_s0,phase2/results/predictions/full/independent_rms/tcn/seed_29/bandpass_n20002_call_electrode_s0.npz,75675,78b14c972abcf0214b1b60e7dbe4273f56e99b27c0d98dbb0297dd0b579519b6
tcn,independent_rms,29,bandpass_n20002_call_covariance_s20,phase2/results/predictions/full/independent_rms/tcn/seed_29/bandpass_n20002_call_covariance_s20.npz,76367,e864382e16cc1cfc613b90d95f96ac84d3701963cbacd4c64448511ff7352e21
tcn,independent_rms,29,bandpass_n20002_call_covariance_s15,phase2/results/predictions/full/independent_rms/tcn/seed_29/bandpass_n20002_call_covariance_s15.npz,76388,2eee0ad6accb2be20953b55cd1b711373fdae9c2623dff6bdfbb044c3fb4241c
tcn,independent_rms,29,bandpass_n20002_call_covariance_s10,phase2/results/predictions/full/independent_rms/tcn/seed_29/bandpass_n20002_call_covariance_s10.npz,76286,334bd216e89a95ea7ddaefa84cee964f55e8795489a90adf0145d46ecfa3cd97
tcn,independent_rms,29,bandpass_n20002_call_covariance_s5,phase2/results/predictions/full/independent_rms/tcn/seed_29/bandpass_n20002_call_covariance_s5.npz,76120,5ed30c374138d52e7b45ec7930d581c2540cfe66d354faabcb2abaeff86e7126
tcn,independent_rms,29,bandpass_n20002_call_covariance_s0,phase2/results/predictions/full/independent_rms/tcn/seed_29/bandpass_n20002_call_covariance_s0.npz,75704,bcf02f96ecdee5bc62c634a48d036d803aec5ddf24fcda830d77b08412aca4e2
tcn,independent_rms,29,bandpass_n20003_cRA_LA_LL_independent_rms_s20,phase2/results/predictions/full/independent_rms/tcn/seed_29/bandpass_n20003_cRA_LA_LL_independent_rms_s20.npz,76370,dbf9f28b7365e98fb0a23d9dc8f3dea551e54c3d3ac700a7270ead7996ce1ada
tcn,independent_rms,29,bandpass_n20003_cRA_LA_LL_independent_rms_s15,phase2/results/predictions/full/independent_rms/tcn/seed_29/bandpass_n20003_cRA_LA_LL_independent_rms_s15.npz,76379,8f479386bc1f8d94a7432c0a73c724e102df9b17c88d76d7008a15f79fcdeb13
tcn,independent_rms,29,bandpass_n20003_cRA_LA_LL_independent_rms_s10,phase2/results/predictions/full/independent_rms/tcn/seed_29/bandpass_n20003_cRA_LA_LL_independent_rms_s10.npz,76359,36c9bdbfb8bf343a08d9be4eb1938bbff6b021c8b2c0601220123ca3651977f7
tcn,independent_rms,29,bandpass_n20003_cRA_LA_LL_independent_rms_s5,phase2/results/predictions/full/independent_rms/tcn/seed_29/bandpass_n20003_cRA_LA_LL_independent_rms_s5.npz,76275,3d3eda0a6aff20882f1ddbebdd4df78f7988a55a3e083e3adbf3cd6ca909fbce
tcn,independent_rms,29,bandpass_n20003_cRA_LA_LL_independent_rms_s0,phase2/results/predictions/full/independent_rms/tcn/seed_29/bandpass_n20003_cRA_LA_LL_independent_rms_s0.npz,75946,b489b89adc6de31ec27a0a464ac8a281e21d86df648b203f9b6da3ab0298a00b
tcn,independent_rms,29,bandpass_n20003_cRA_LA_LL_electrode_s20,phase2/results/predictions/full/independent_rms/tcn/seed_29/bandpass_n20003_cRA_LA_LL_electrode_s20.npz,76385,914aed0f8777b2506281e52063a01768247da0480477155904000fa5fc30676b
tcn,independent_rms,29,bandpass_n20003_cRA_LA_LL_electrode_s15,phase2/results/predictions/full/independent_rms/tcn/seed_29/bandpass_n20003_cRA_LA_LL_electrode_s15.npz,76386,14f3980dccb61c179b1b1ac3aa49de6960cfd6e7396837dc27b805b00a4ff866
tcn,independent_rms,29,bandpass_n20003_cRA_LA_LL_electrode_s10,phase2/results/predictions/full/independent_rms/tcn/seed_29/bandpass_n20003_cRA_LA_LL_electrode_s10.npz,76274,0e9ff77447899055ed166759232d655368edfe84ce7e95b9ea19827b1d86c431
tcn,independent_rms,29,bandpass_n20003_cRA_LA_LL_electrode_s5,phase2/results/predictions/full/independent_rms/tcn/seed_29/bandpass_n20003_cRA_LA_LL_electrode_s5.npz,76093,ea42a9e953f6d7cebee25cda3543971baa8b0659cb20005eb596954d5c66cbbd
tcn,independent_rms,29,bandpass_n20003_cRA_LA_LL_electrode_s0,phase2/results/predictions/full/independent_rms/tcn/seed_29/bandpass_n20003_cRA_LA_LL_electrode_s0.npz,75622,23bbf359cabfa26eaf4a3e4394c2672e441c3acf73c67b6f111a9b7230404b1f
tcn,independent_rms,29,bandpass_n20003_cRA_LA_LL_covariance_s20,phase2/results/predictions/full/independent_rms/tcn/seed_29/bandpass_n20003_cRA_LA_LL_covariance_s20.npz,76401,155076898f64f3b6da24451dd4f826c06533affe6498526111d1b96674bfb683
tcn,independent_rms,29,bandpass_n20003_cRA_LA_LL_covariance_s15,phase2/results/predictions/full/independent_rms/tcn/seed_29/bandpass_n20003_cRA_LA_LL_covariance_s15.npz,76373,1dda770459bd352d56379b316182f8b21e36f7f526f73b30ea4e479ed804a478
tcn,independent_rms,29,bandpass_n20003_cRA_LA_LL_covariance_s10,phase2/results/predictions/full/independent_rms/tcn/seed_29/bandpass_n20003_cRA_LA_LL_covariance_s10.npz,76244,0fa5fad6b4edbd7dc88454cbbfcaaf43b99917da43dc1ada3f7890133f01a33a
tcn,independent_rms,29,bandpass_n20003_cRA_LA_LL_covariance_s5,phase2/results/predictions/full/independent_rms/tcn/seed_29/bandpass_n20003_cRA_LA_LL_covariance_s5.npz,76098,54649c0acc244e156a37835c30aabae3d8a051c802df156718e03ee2a9348c78
tcn,independent_rms,29,bandpass_n20003_cRA_LA_LL_covariance_s0,phase2/results/predictions/full/independent_rms/tcn/seed_29/bandpass_n20003_cRA_LA_LL_covariance_s0.npz,75660,ddc6a82ba6273bc5c9ef27d259912799a10a3823f23782fd98f9ad9b5b16552e
tcn,independent_rms,29,bandpass_n20003_cV1_independent_rms_s20,phase2/results/predictions/full/independent_rms/tcn/seed_29/bandpass_n20003_cV1_independent_rms_s20.npz,76394,8a7855ec62a1e22061f48f2a0abf1ae1aa837dee7fde68cf0dadefa3bf8f741a
tcn,independent_rms,29,bandpass_n20003_cV1_independent_rms_s15,phase2/results/predictions/full/independent_rms/tcn/seed_29/bandpass_n20003_cV1_independent_rms_s15.npz,76366,35d930f28982ecf90495d9469122dbcbe74e2efe725d0c9ff927cba190736344
tcn,independent_rms,29,bandpass_n20003_cV1_independent_rms_s10,phase2/results/predictions/full/independent_rms/tcn/seed_29/bandpass_n20003_cV1_independent_rms_s10.npz,76367,84d0a1586f90602b4ce53f1eb6833da62627f630db23c9c5bb6f2d87eb5cc243
tcn,independent_rms,29,bandpass_n20003_cV1_independent_rms_s5,phase2/results/predictions/full/independent_rms/tcn/seed_29/bandpass_n20003_cV1_independent_rms_s5.npz,76200,84affd5fb58c8ab4dc0aa4ba793a9f5381be4a0848f3c407af4637e5cf5b8060
tcn,independent_rms,29,bandpass_n20003_cV1_independent_rms_s0,phase2/results/predictions/full/independent_rms/tcn/seed_29/bandpass_n20003_cV1_independent_rms_s0.npz,75858,d667178c9274e8037286ff813de23d1d35660154dee51b2b13109a70db3423da
tcn,independent_rms,29,bandpass_n20003_cV1_electrode_s20,phase2/results/predictions/full/independent_rms/tcn/seed_29/bandpass_n20003_cV1_electrode_s20.npz,76370,3600836962cad5004e466e023726dc0cec2465e6d0db688cd0e3a4a7695d663f
tcn,independent_rms,29,bandpass_n20003_cV1_electrode_s15,phase2/results/predictions/full/independent_rms/tcn/seed_29/bandpass_n20003_cV1_electrode_s15.npz,76379,64924c38ade69afdbe166c75911196648c1b063d84f36c3ad32cb230c044b0d6
tcn,independent_rms,29,bandpass_n20003_cV1_electrode_s10,phase2/results/predictions/full/independent_rms/tcn/seed_29/bandpass_n20003_cV1_electrode_s10.npz,76300,6b57e1be77802fea95fb466e3127439ee756afb741061b6f3011fc67bfd48c07
tcn,independent_rms,29,bandpass_n20003_cV1_electrode_s5,phase2/results/predictions/full/independent_rms/tcn/seed_29/bandpass_n20003_cV1_electrode_s5.npz,76192,1918af280de8427be95e5c87f0d1e4b35c7b749bc1b8ea045af20d849fddec3e
tcn,independent_rms,29,bandpass_n20003_cV1_electrode_s0,phase2/results/predictions/full/independent_rms/tcn/seed_29/bandpass_n20003_cV1_electrode_s0.npz,75816,6eb8e908de3754b86b2335023405ad75da7c5815dc23f8ceae0b54ef84f95b7f
tcn,independent_rms,29,bandpass_n20003_cV1_covariance_s20,phase2/results/predictions/full/independent_rms/tcn/seed_29/bandpass_n20003_cV1_covariance_s20.npz,76379,49b8a17dc608580c2b75ba9fb7bd760657dba8299ee122db2b051aac35b60269
tcn,independent_rms,29,bandpass_n20003_cV1_covariance_s15,phase2/results/predictions/full/independent_rms/tcn/seed_29/bandpass_n20003_cV1_covariance_s15.npz,76390,9fcf2d02a9a08d797206b1d9c792dee227bde8d02fb1b45e48ebffdcfa153db6
tcn,independent_rms,29,bandpass_n20003_cV1_covariance_s10,phase2/results/predictions/full/independent_rms/tcn/seed_29/bandpass_n20003_cV1_covariance_s10.npz,76314,dd410853f0c5bf5730f367b9d10d28cabb90b3a59c14916e3b1228e19eeaa04b
tcn,independent_rms,29,bandpass_n20003_cV1_covariance_s5,phase2/results/predictions/full/independent_rms/tcn/seed_29/bandpass_n20003_cV1_covariance_s5.npz,76194,f5c5b5fa4fa96da287150a55c8a8a581a850f3b2d693f7456f8e39c3a6ac2fe6
tcn,independent_rms,29,bandpass_n20003_cV1_covariance_s0,phase2/results/predictions/full/independent_rms/tcn/seed_29/bandpass_n20003_cV1_covariance_s0.npz,75825,0c382885230d568601d77f38a453133ebbfa2731eaa969b42dfde0176453da6b
tcn,independent_rms,29,bandpass_n20003_cV2_independent_rms_s20,phase2/results/predictions/full/independent_rms/tcn/seed_29/bandpass_n20003_cV2_independent_rms_s20.npz,76384,da54f9a18070de164a67e40a8ade5ac83654b511bb9895d026accb4a68475a83
tcn,independent_rms,29,bandpass_n20003_cV2_independent_rms_s15,phase2/results/predictions/full/independent_rms/tcn/seed_29/bandpass_n20003_cV2_independent_rms_s15.npz,76376,ed23ff79ac698d58bc3276baef8da377b1ed5a4f8ee829e2419e9a1fb38da00d
tcn,independent_rms,29,bandpass_n20003_cV2_independent_rms_s10,phase2/results/predictions/full/independent_rms/tcn/seed_29/bandpass_n20003_cV2_independent_rms_s10.npz,76354,96b6ea3f6f988bb0bf67fd668e51c304c0311a9e4ebea59cab6a63df37f58c43
tcn,independent_rms,29,bandpass_n20003_cV2_independent_rms_s5,phase2/results/predictions/full/independent_rms/tcn/seed_29/bandpass_n20003_cV2_independent_rms_s5.npz,76250,d9a1c878663e95d1539515cb9a3eb989f451ef4054971801417f98c0129c1d3c
tcn,independent_rms,29,bandpass_n20003_cV2_independent_rms_s0,phase2/results/predictions/full/independent_rms/tcn/seed_29/bandpass_n20003_cV2_independent_rms_s0.npz,76017,074fbdcd9782e2fa7ddd8e975b001e697537659f1a5bee8cefab3ba9c9985d76
tcn,independent_rms,29,bandpass_n20003_cV2_electrode_s20,phase2/results/predictions/full/independent_rms/tcn/seed_29/bandpass_n20003_cV2_electrode_s20.npz,76368,7b9438057ead77f12e911a383bc438045c8c10cccda27f457093909004982115
tcn,independent_rms,29,bandpass_n20003_cV2_electrode_s15,phase2/results/predictions/full/independent_rms/tcn/seed_29/bandpass_n20003_cV2_electrode_s15.npz,76371,4f1cee60e5871626fab9f10eec1eeffe3a3a4e7bfc6bb86a35d610972f6e0248
tcn,independent_rms,29,bandpass_n20003_cV2_electrode_s10,phase2/results/predictions/full/independent_rms/tcn/seed_29/bandpass_n20003_cV2_electrode_s10.npz,76334,c70b0443973150efdca46c620cfca1b57c4b6427ef5ac882222a0711d84276d9
tcn,independent_rms,29,bandpass_n20003_cV2_electrode_s5,phase2/results/predictions/full/independent_rms/tcn/seed_29/bandpass_n20003_cV2_electrode_s5.npz,76212,368cf30038d89679c1bd316e29fdf6db0edfcccd489fa89a966cc83bdcb007fe
tcn,independent_rms,29,bandpass_n20003_cV2_electrode_s0,phase2/results/predictions/full/independent_rms/tcn/seed_29/bandpass_n20003_cV2_electrode_s0.npz,75943,4f1ba113ad936f7af06b357ba8247951a280427583ac59ab45a81b67db42679a
tcn,independent_rms,29,bandpass_n20003_cV2_covariance_s20,phase2/results/predictions/full/independent_rms/tcn/seed_29/bandpass_n20003_cV2_covariance_s20.npz,76369,46a25900316927b64ec87b3c9c2ab9cb9d6097c429971b7fc9d68981f52ae673
tcn,independent_rms,29,bandpass_n20003_cV2_covariance_s15,phase2/results/predictions/full/independent_rms/tcn/seed_29/bandpass_n20003_cV2_covariance_s15.npz,76350,e53acbbf2bf44401ffabc7020541b581f15ef8a6d75e55df263858070b322d35
tcn,independent_rms,29,bandpass_n20003_cV2_covariance_s10,phase2/results/predictions/full/independent_rms/tcn/seed_29/bandpass_n20003_cV2_covariance_s10.npz,76356,04e747d67077de6e103155ab0405c3c10cd68d28044b6bd0db58a2230e429ea2
tcn,independent_rms,29,bandpass_n20003_cV2_covariance_s5,phase2/results/predictions/full/independent_rms/tcn/seed_29/bandpass_n20003_cV2_covariance_s5.npz,76251,fd1e514b981a30fbacd15eb31204020cc4794f364f5d69b588cd48b8a9bd96b6
tcn,independent_rms,29,bandpass_n20003_cV2_covariance_s0,phase2/results/predictions/full/independent_rms/tcn/seed_29/bandpass_n20003_cV2_covariance_s0.npz,75933,72bac8b4377fd536a6ec475f81c886c6b2346ea5615d28b4b7806a833e3f8f56
tcn,independent_rms,29,bandpass_n20003_cV3_independent_rms_s20,phase2/results/predictions/full/independent_rms/tcn/seed_29/bandpass_n20003_cV3_independent_rms_s20.npz,76373,6116cc333aacc712e6a1b95378e41243c8b41b2e903c44263ad49ae4ac5cca41
tcn,independent_rms,29,bandpass_n20003_cV3_independent_rms_s15,phase2/results/predictions/full/independent_rms/tcn/seed_29/bandpass_n20003_cV3_independent_rms_s15.npz,76392,815a402cff2ad2c1831a55a2bbd5f638ebb9d7a7720406a145faf530b8313798
tcn,independent_rms,29,bandpass_n20003_cV3_independent_rms_s10,phase2/results/predictions/full/independent_rms/tcn/seed_29/bandpass_n20003_cV3_independent_rms_s10.npz,76367,38c780c61b4108a48eb76587f2edca077a573234ebad0b581dde1ac27dd2a8b2
tcn,independent_rms,29,bandpass_n20003_cV3_independent_rms_s5,phase2/results/predictions/full/independent_rms/tcn/seed_29/bandpass_n20003_cV3_independent_rms_s5.npz,76396,18bedc04a05bb9e7d25fc7366b2e315a2033fd07ffbe3324c1f70e63418d3a62
tcn,independent_rms,29,bandpass_n20003_cV3_independent_rms_s0,phase2/results/predictions/full/independent_rms/tcn/seed_29/bandpass_n20003_cV3_independent_rms_s0.npz,76236,323fd70f3352bae929ff6aca516608b40e326a3cd024af19d6ff6c917bb90210
tcn,independent_rms,29,bandpass_n20003_cV3_electrode_s20,phase2/results/predictions/full/independent_rms/tcn/seed_29/bandpass_n20003_cV3_electrode_s20.npz,76364,66a97866a2c31d0b550eafcc26da91040fc86f7fcdd48a9a5db97cc921f4781a
tcn,independent_rms,29,bandpass_n20003_cV3_electrode_s15,phase2/results/predictions/full/independent_rms/tcn/seed_29/bandpass_n20003_cV3_electrode_s15.npz,76381,0295d36c81ebe276cd8fead2a85b3af77bdec63806e920d03df68da1d3481f8c
tcn,independent_rms,29,bandpass_n20003_cV3_electrode_s10,phase2/results/predictions/full/independent_rms/tcn/seed_29/bandpass_n20003_cV3_electrode_s10.npz,76385,97aae77ec19e8cad509ba443a1280fb953788804c9b5251415852c2c7c6a564c
tcn,independent_rms,29,bandpass_n20003_cV3_electrode_s5,phase2/results/predictions/full/independent_rms/tcn/seed_29/bandpass_n20003_cV3_electrode_s5.npz,76346,79cb5f0830b75a0cf5b6fc1424f7b2ba6f4e7ca9e2289b68550c1da2bf2331b5
tcn,independent_rms,29,bandpass_n20003_cV3_electrode_s0,phase2/results/predictions/full/independent_rms/tcn/seed_29/bandpass_n20003_cV3_electrode_s0.npz,76251,6564e291c363967d8dca55369bff8f3344adda23aa3f176c79a416e37ab6cdd6
tcn,independent_rms,29,bandpass_n20003_cV3_covariance_s20,phase2/results/predictions/full/independent_rms/tcn/seed_29/bandpass_n20003_cV3_covariance_s20.npz,76340,6f28d143503989cc0628fc4a4af9a70bbd6de30c5bacd295f53a1db9e5456cca
tcn,independent_rms,29,bandpass_n20003_cV3_covariance_s15,phase2/results/predictions/full/independent_rms/tcn/seed_29/bandpass_n20003_cV3_covariance_s15.npz,76373,9c3c5c627ee1daff815dbd44496d1d902c745d724e04640777d3ed4293685383
tcn,independent_rms,29,bandpass_n20003_cV3_covariance_s10,phase2/results/predictions/full/independent_rms/tcn/seed_29/bandpass_n20003_cV3_covariance_s10.npz,76365,5c49df028be903faa0ce21233a3a3f626628f19eead811fa3f325ff985c735f3
tcn,independent_rms,29,bandpass_n20003_cV3_covariance_s5,phase2/results/predictions/full/independent_rms/tcn/seed_29/bandpass_n20003_cV3_covariance_s5.npz,76345,c328ce2a1efaea6fccac2ca09a9ac6ecf73258112be4a3de8cbc10fb4a9d5cb0
tcn,independent_rms,29,bandpass_n20003_cV3_covariance_s0,phase2/results/predictions/full/independent_rms/tcn/seed_29/bandpass_n20003_cV3_covariance_s0.npz,76262,55b59fda759eb4e288ce00e38168a1b311cd9031b8f2d7b90534f668d82a0e21
tcn,independent_rms,29,bandpass_n20003_cV4_independent_rms_s20,phase2/results/predictions/full/independent_rms/tcn/seed_29/bandpass_n20003_cV4_independent_rms_s20.npz,76395,67bb6e621ec421081e9342ecd894dd093a27b6f744133730ac4820a155a045e9
tcn,independent_rms,29,bandpass_n20003_cV4_independent_rms_s15,phase2/results/predictions/full/independent_rms/tcn/seed_29/bandpass_n20003_cV4_independent_rms_s15.npz,76417,342772992b9eb2e08b44f85032e413ceb1b844bf8e8619d9b5ea91971ecf1e60
tcn,independent_rms,29,bandpass_n20003_cV4_independent_rms_s10,phase2/results/predictions/full/independent_rms/tcn/seed_29/bandpass_n20003_cV4_independent_rms_s10.npz,76389,73811500b6a25e97633c55467ad31c5170ba11e288ea8b197ea42ee1638ee87b
tcn,independent_rms,29,bandpass_n20003_cV4_independent_rms_s5,phase2/results/predictions/full/independent_rms/tcn/seed_29/bandpass_n20003_cV4_independent_rms_s5.npz,76323,58e8053aec90e1ad9a51aed90780fd44150afa579d2e1f6d0d533be6f636c7c1
tcn,independent_rms,29,bandpass_n20003_cV4_independent_rms_s0,phase2/results/predictions/full/independent_rms/tcn/seed_29/bandpass_n20003_cV4_independent_rms_s0.npz,76162,183a27e30ed201e03f48290b5ca37201177f766d5e8313808a197830f1b1a7d3
tcn,independent_rms,29,bandpass_n20003_cV4_electrode_s20,phase2/results/predictions/full/independent_rms/tcn/seed_29/bandpass_n20003_cV4_electrode_s20.npz,76395,a4dfaed04a25b50e792c38bc49f1c6baf6737dffc934f6573b6c5ef3fa2b4f8e
tcn,independent_rms,29,bandpass_n20003_cV4_electrode_s15,phase2/results/predictions/full/independent_rms/tcn/seed_29/bandpass_n20003_cV4_electrode_s15.npz,76397,0a2385274d9943e807bcdab4b5af16590cf490807185b3ef56db03fe0259cb68
tcn,independent_rms,29,bandpass_n20003_cV4_electrode_s10,phase2/results/predictions/full/independent_rms/tcn/seed_29/bandpass_n20003_cV4_electrode_s10.npz,76365,b696ccea5bb2d814e487ad1278634bc98a7bb83d4f285d07e3b8973c29ad6d4a
tcn,independent_rms,29,bandpass_n20003_cV4_electrode_s5,phase2/results/predictions/full/independent_rms/tcn/seed_29/bandpass_n20003_cV4_electrode_s5.npz,76283,e24a0a8f5174101d99cc5d7e632c6c0db8da797b8e8f6159e39005fc328c62b7
tcn,independent_rms,29,bandpass_n20003_cV4_electrode_s0,phase2/results/predictions/full/independent_rms/tcn/seed_29/bandpass_n20003_cV4_electrode_s0.npz,76136,57ccb6d6386712f10d1f07b4e4155a6e2d59d69bab68c0c59441370f855ccd8e
tcn,independent_rms,29,bandpass_n20003_cV4_covariance_s20,phase2/results/predictions/full/independent_rms/tcn/seed_29/bandpass_n20003_cV4_covariance_s20.npz,76357,f468fe867b1b41de9920291dfa940869b387f7de87de70ab7b9c7361c411272e
tcn,independent_rms,29,bandpass_n20003_cV4_covariance_s15,phase2/results/predictions/full/independent_rms/tcn/seed_29/bandpass_n20003_cV4_covariance_s15.npz,76355,72a7d5ecdc1ebe3299b3815129e59a813bcd382be3785ca8483697cca178e8dd
tcn,independent_rms,29,bandpass_n20003_cV4_covariance_s10,phase2/results/predictions/full/independent_rms/tcn/seed_29/bandpass_n20003_cV4_covariance_s10.npz,76376,9f9238564b5f64e073ce05da9f90f0add5b405e1054f1fd4ca03bdf36217dd02
tcn,independent_rms,29,bandpass_n20003_cV4_covariance_s5,phase2/results/predictions/full/independent_rms/tcn/seed_29/bandpass_n20003_cV4_covariance_s5.npz,76323,187708e9e355cb0874e73f6ee3099a350e4d59feeaf50ec7a619a94abfb02ea1
tcn,independent_rms,29,bandpass_n20003_cV4_covariance_s0,phase2/results/predictions/full/independent_rms/tcn/seed_29/bandpass_n20003_cV4_covariance_s0.npz,76129,cb3be67c83e4e9e0757684c02634a601fe6109973d73881d2fe95b50426c357f
tcn,independent_rms,29,bandpass_n20003_cV5_independent_rms_s20,phase2/results/predictions/full/independent_rms/tcn/seed_29/bandpass_n20003_cV5_independent_rms_s20.npz,76409,bf39998ecf4d9391186f87efb2d40c1dbb3ad863fa8e93550cd16c53cfb4580d
tcn,independent_rms,29,bandpass_n20003_cV5_independent_rms_s15,phase2/results/predictions/full/independent_rms/tcn/seed_29/bandpass_n20003_cV5_independent_rms_s15.npz,76411,219b22076f1a690de9fdc19cba18bd6f430153c0828eec7b9ef0c2e6ac0c8382
tcn,independent_rms,29,bandpass_n20003_cV5_independent_rms_s10,phase2/results/predictions/full/independent_rms/tcn/seed_29/bandpass_n20003_cV5_independent_rms_s10.npz,76421,d29eff81ef1606355023076112ffb4ea098d39dded527d37c96ffb2f2ff438d8
tcn,independent_rms,29,bandpass_n20003_cV5_independent_rms_s5,phase2/results/predictions/full/independent_rms/tcn/seed_29/bandpass_n20003_cV5_independent_rms_s5.npz,76294,a5f03fa8ab3ce3ebf36265ee27a1a8cd3d5485abd8ef403da7687e05ca87dac2
tcn,independent_rms,29,bandpass_n20003_cV5_independent_rms_s0,phase2/results/predictions/full/independent_rms/tcn/seed_29/bandpass_n20003_cV5_independent_rms_s0.npz,76132,4ea8acc590eb8b13cd9c1f94949f20287b8daf3dbda4151072569bb1aa1107bb
tcn,independent_rms,29,bandpass_n20003_cV5_electrode_s20,phase2/results/predictions/full/independent_rms/tcn/seed_29/bandpass_n20003_cV5_electrode_s20.npz,76376,6f63d42963ea197ef52bd5d232dc72da6ceef6e575f62610a933565f8e5e87f0
tcn,independent_rms,29,bandpass_n20003_cV5_electrode_s15,phase2/results/predictions/full/independent_rms/tcn/seed_29/bandpass_n20003_cV5_electrode_s15.npz,76379,f7f6be552d3b1602fbff113f2c7f7d422c8c2a549963be7048ef94269ebe238b
tcn,independent_rms,29,bandpass_n20003_cV5_electrode_s10,phase2/results/predictions/full/independent_rms/tcn/seed_29/bandpass_n20003_cV5_electrode_s10.npz,76394,a61d519c46ca90a9e87b09ebd7abe9d7993927143829073fdf4eced26ef35c33
tcn,independent_rms,29,bandpass_n20003_cV5_electrode_s5,phase2/results/predictions/full/independent_rms/tcn/seed_29/bandpass_n20003_cV5_electrode_s5.npz,76295,2f170ddc58b1483589096ee1aaf698897d8d548eba6a6ae743e89c5ae3755f72
tcn,independent_rms,29,bandpass_n20003_cV5_electrode_s0,phase2/results/predictions/full/independent_rms/tcn/seed_29/bandpass_n20003_cV5_electrode_s0.npz,76075,38e4ce4e5171bf5ec7a3b77a9b595a963b3e0756df218f71d55718c555453bda
tcn,independent_rms,29,bandpass_n20003_cV5_covariance_s20,phase2/results/predictions/full/independent_rms/tcn/seed_29/bandpass_n20003_cV5_covariance_s20.npz,76399,3c90f32cfad7177e014c471e53f6cafc1d7805f76b04ce64823ad4ea9457d367
tcn,independent_rms,29,bandpass_n20003_cV5_covariance_s15,phase2/results/predictions/full/independent_rms/tcn/seed_29/bandpass_n20003_cV5_covariance_s15.npz,76405,2cb702552e72224a71cd8d7553cf4fdbac5bc0fbe288696a84c681651f93e0cf
tcn,independent_rms,29,bandpass_n20003_cV5_covariance_s10,phase2/results/predictions/full/independent_rms/tcn/seed_29/bandpass_n20003_cV5_covariance_s10.npz,76365,e96c7bee231c59730a8a7105b311c0424da5325603dea7c72265b1a99fb22fbd
tcn,independent_rms,29,bandpass_n20003_cV5_covariance_s5,phase2/results/predictions/full/independent_rms/tcn/seed_29/bandpass_n20003_cV5_covariance_s5.npz,76289,b34e146f15dfa2e312121cd2fb7a9211abba61a283ed5336f382a2ad07eccb38
tcn,independent_rms,29,bandpass_n20003_cV5_covariance_s0,phase2/results/predictions/full/independent_rms/tcn/seed_29/bandpass_n20003_cV5_covariance_s0.npz,76100,15c4de3a1322ec9f1fb75977774f4a9a2e4b57b0e75829ac8a48c41e92da773e
tcn,independent_rms,29,bandpass_n20003_cV6_independent_rms_s20,phase2/results/predictions/full/independent_rms/tcn/seed_29/bandpass_n20003_cV6_independent_rms_s20.npz,76390,b0b0dab102a496b7529866b5df96d1271edbfa0d2740f726d8a1bce899ce1aa9
tcn,independent_rms,29,bandpass_n20003_cV6_independent_rms_s15,phase2/results/predictions/full/independent_rms/tcn/seed_29/bandpass_n20003_cV6_independent_rms_s15.npz,76402,c94fa22320653b694b7d6ee1e3f32421ac0826d4b5ee2591b7b7e5c5ef676070
tcn,independent_rms,29,bandpass_n20003_cV6_independent_rms_s10,phase2/results/predictions/full/independent_rms/tcn/seed_29/bandpass_n20003_cV6_independent_rms_s10.npz,76352,fc616b941ab399217b2d2e7adc1bb704dee5b1879a73ddcc086232fe661d3e62
tcn,independent_rms,29,bandpass_n20003_cV6_independent_rms_s5,phase2/results/predictions/full/independent_rms/tcn/seed_29/bandpass_n20003_cV6_independent_rms_s5.npz,76238,14d91eb95945dfd5c2a800dc7cf4459d509aad30b2e62a247ebd72b41f06a337
tcn,independent_rms,29,bandpass_n20003_cV6_independent_rms_s0,phase2/results/predictions/full/independent_rms/tcn/seed_29/bandpass_n20003_cV6_independent_rms_s0.npz,76028,ed11a86090d9fc4ff6539d816672840eef3d108697b630b704dbc354bdb3b195
tcn,independent_rms,29,bandpass_n20003_cV6_electrode_s20,phase2/results/predictions/full/independent_rms/tcn/seed_29/bandpass_n20003_cV6_electrode_s20.npz,76380,ae14b5e62f281e8471f12c68e1f227df51d04db1825489a5f6be7793a1a9741b
tcn,independent_rms,29,bandpass_n20003_cV6_electrode_s15,phase2/results/predictions/full/independent_rms/tcn/seed_29/bandpass_n20003_cV6_electrode_s15.npz,76383,7c511a8b77661df10b4225e060625e27cfcd2e5152b91e5ec490e74ac4ae3cff
tcn,independent_rms,29,bandpass_n20003_cV6_electrode_s10,phase2/results/predictions/full/independent_rms/tcn/seed_29/bandpass_n20003_cV6_electrode_s10.npz,76360,690e828dbf92bfe8e51a42b27d78b109d75acbea6611364a44b8243231e4eb9d
tcn,independent_rms,29,bandpass_n20003_cV6_electrode_s5,phase2/results/predictions/full/independent_rms/tcn/seed_29/bandpass_n20003_cV6_electrode_s5.npz,76253,acfb5d5b04f19e9a71280026cbb76d9148661ccdb67d5cfd23adb03ca30af250
tcn,independent_rms,29,bandpass_n20003_cV6_electrode_s0,phase2/results/predictions/full/independent_rms/tcn/seed_29/bandpass_n20003_cV6_electrode_s0.npz,75998,d8cb9e30f0e8bbdffaf0909bed81ed2fbf4895c3924e72705d8c7d6ef2738297
tcn,independent_rms,29,bandpass_n20003_cV6_covariance_s20,phase2/results/predictions/full/independent_rms/tcn/seed_29/bandpass_n20003_cV6_covariance_s20.npz,76366,d4903b5a68dc5afe6df0189eb3dd8bb807dd32b1f869a1d0f29196cb280a012b
tcn,independent_rms,29,bandpass_n20003_cV6_covariance_s15,phase2/results/predictions/full/independent_rms/tcn/seed_29/bandpass_n20003_cV6_covariance_s15.npz,76384,b90058ce6510ebfaf9919f671b1a52e27ae60abeab22b6b9f0e07cd69c3fc0c0
tcn,independent_rms,29,bandpass_n20003_cV6_covariance_s10,phase2/results/predictions/full/independent_rms/tcn/seed_29/bandpass_n20003_cV6_covariance_s10.npz,76331,15e3ea3b1b5942982b7a3cf0b069fb945f771c20c6881c4556e2772f1678fbdb
tcn,independent_rms,29,bandpass_n20003_cV6_covariance_s5,phase2/results/predictions/full/independent_rms/tcn/seed_29/bandpass_n20003_cV6_covariance_s5.npz,76269,63e4d106481a06c08599565c37133cb51467e5d7fe69d2859ac506b318e7464c
tcn,independent_rms,29,bandpass_n20003_cV6_covariance_s0,phase2/results/predictions/full/independent_rms/tcn/seed_29/bandpass_n20003_cV6_covariance_s0.npz,76036,c81bbac401eaebccf6d88d29ff4e6d9aeb45df096f7b55b46bb1e23f5f6be31b
tcn,independent_rms,29,bandpass_n20003_cRA_LA_independent_rms_s20,phase2/results/predictions/full/independent_rms/tcn/seed_29/bandpass_n20003_cRA_LA_independent_rms_s20.npz,76369,178ccb016210ada5fb342569675f1ebb387bc145751b70d5982e4543a372a179
tcn,independent_rms,29,bandpass_n20003_cRA_LA_independent_rms_s15,phase2/results/predictions/full/independent_rms/tcn/seed_29/bandpass_n20003_cRA_LA_independent_rms_s15.npz,76406,4b15e913ce0c2e2c6f649f139a0c5f9321a2e8545aa9d3e2e721bbd774fc20dc
tcn,independent_rms,29,bandpass_n20003_cRA_LA_independent_rms_s10,phase2/results/predictions/full/independent_rms/tcn/seed_29/bandpass_n20003_cRA_LA_independent_rms_s10.npz,76359,7be0dc6490614ffde1350404b2333646fddc5a4e6b8ae4665c6338bdd7bbe19e
tcn,independent_rms,29,bandpass_n20003_cRA_LA_independent_rms_s5,phase2/results/predictions/full/independent_rms/tcn/seed_29/bandpass_n20003_cRA_LA_independent_rms_s5.npz,76259,ff4289397686f8e38a5e85f7fd2b72e292fd9d5609b78c925c5b8a329468b6cf
tcn,independent_rms,29,bandpass_n20003_cRA_LA_independent_rms_s0,phase2/results/predictions/full/independent_rms/tcn/seed_29/bandpass_n20003_cRA_LA_independent_rms_s0.npz,75918,92bc1bdfa5947aefdbc781d3be8a24b52cb9a5eb6acecc8f7b28bab3669f1cbc
tcn,independent_rms,29,bandpass_n20003_cRA_LA_electrode_s20,phase2/results/predictions/full/independent_rms/tcn/seed_29/bandpass_n20003_cRA_LA_electrode_s20.npz,76396,06cd77e92a70b4e41b7adb1d5332fd0f4578484d583e15242b64923b3f63a507
tcn,independent_rms,29,bandpass_n20003_cRA_LA_electrode_s15,phase2/results/predictions/full/independent_rms/tcn/seed_29/bandpass_n20003_cRA_LA_electrode_s15.npz,76354,be051088780853835d74d442ef219ba87e027dfac9951d739cbfebf6b2592613
tcn,independent_rms,29,bandpass_n20003_cRA_LA_electrode_s10,phase2/results/predictions/full/independent_rms/tcn/seed_29/bandpass_n20003_cRA_LA_electrode_s10.npz,76274,4c4839c304d7e861a8cf15cd82c7250c7009f9fdaa713e28e44fb2bdc08c9bf3
tcn,independent_rms,29,bandpass_n20003_cRA_LA_electrode_s5,phase2/results/predictions/full/independent_rms/tcn/seed_29/bandpass_n20003_cRA_LA_electrode_s5.npz,76084,9755cb331efb36c727d6782d2d0f3e9edcf799a6618c81e952921887dbec2f51
tcn,independent_rms,29,bandpass_n20003_cRA_LA_electrode_s0,phase2/results/predictions/full/independent_rms/tcn/seed_29/bandpass_n20003_cRA_LA_electrode_s0.npz,75590,b491b4a680e370fa21c96adf8189506626424eedf6941de66bc40a91f6e209b3
tcn,independent_rms,29,bandpass_n20003_cRA_LA_covariance_s20,phase2/results/predictions/full/independent_rms/tcn/seed_29/bandpass_n20003_cRA_LA_covariance_s20.npz,76382,7d4ea661190c28929e0ec53373adb4bd3ab7cbd65c2ab4718ab0c394c694a192
tcn,independent_rms,29,bandpass_n20003_cRA_LA_covariance_s15,phase2/results/predictions/full/independent_rms/tcn/seed_29/bandpass_n20003_cRA_LA_covariance_s15.npz,76400,66332ee4ac0399736ccc11033c487674f1bc46e9cf00732fd8b8879f34311989
tcn,independent_rms,29,bandpass_n20003_cRA_LA_covariance_s10,phase2/results/predictions/full/independent_rms/tcn/seed_29/bandpass_n20003_cRA_LA_covariance_s10.npz,76300,f451cb37a87ad4f7f2db2d73271713a52d822528af430162a4995558fe7ae537
tcn,independent_rms,29,bandpass_n20003_cRA_LA_covariance_s5,phase2/results/predictions/full/independent_rms/tcn/seed_29/bandpass_n20003_cRA_LA_covariance_s5.npz,76095,5ac8df924b8ca7f27175f93c15c76a22e0f86458f5183d3f0c3eb5529dcfcdc9
tcn,independent_rms,29,bandpass_n20003_cRA_LA_covariance_s0,phase2/results/predictions/full/independent_rms/tcn/seed_29/bandpass_n20003_cRA_LA_covariance_s0.npz,75576,222443d4bed1b0aaf9ad3e0e2e98ee4fe3ecf56ba9b95660a73d9e9e4e3c5e70
tcn,independent_rms,29,bandpass_n20003_cLA_LL_independent_rms_s20,phase2/results/predictions/full/independent_rms/tcn/seed_29/bandpass_n20003_cLA_LL_independent_rms_s20.npz,76409,2cb3e2e07e535701a8429cdf90de895b5fdc22c0c218fc53925c20c5a954a846
tcn,independent_rms,29,bandpass_n20003_cLA_LL_independent_rms_s15,phase2/results/predictions/full/independent_rms/tcn/seed_29/bandpass_n20003_cLA_LL_independent_rms_s15.npz,76362,064bc88bc35373209c5d20155eb95b6b85c6cf05db2968e6e80d8e1cc6a4eadb
tcn,independent_rms,29,bandpass_n20003_cLA_LL_independent_rms_s10,phase2/results/predictions/full/independent_rms/tcn/seed_29/bandpass_n20003_cLA_LL_independent_rms_s10.npz,76374,0cb0751feb906b9a4dd223e8cc347c320e35c655b962429052281a48581b2b35
tcn,independent_rms,29,bandpass_n20003_cLA_LL_independent_rms_s5,phase2/results/predictions/full/independent_rms/tcn/seed_29/bandpass_n20003_cLA_LL_independent_rms_s5.npz,76262,d774ab9bb548d321a3f1fb7ea6fefc7857b6b838164610d17bef4db4e79d356f
tcn,independent_rms,29,bandpass_n20003_cLA_LL_independent_rms_s0,phase2/results/predictions/full/independent_rms/tcn/seed_29/bandpass_n20003_cLA_LL_independent_rms_s0.npz,75946,515d364ee964b1ec7c4c35b51446ce65460685d04267b484e1ac63a909e96c4f
tcn,independent_rms,29,bandpass_n20003_cLA_LL_electrode_s20,phase2/results/predictions/full/independent_rms/tcn/seed_29/bandpass_n20003_cLA_LL_electrode_s20.npz,76394,a02b24b17f2d7a2ef143eb7bf74fd0f5bbcd7b28e9c3ca0d141e5aaa8cfe9700
tcn,independent_rms,29,bandpass_n20003_cLA_LL_electrode_s15,phase2/results/predictions/full/independent_rms/tcn/seed_29/bandpass_n20003_cLA_LL_electrode_s15.npz,76391,4f26e170c40900bf00f81ec6a0e81606a49f418e5d075f32e30b77e7c93cbcdc
tcn,independent_rms,29,bandpass_n20003_cLA_LL_electrode_s10,phase2/results/predictions/full/independent_rms/tcn/seed_29/bandpass_n20003_cLA_LL_electrode_s10.npz,76283,acac6b5648faa503ae49edc5b9c1ee256bbf3b593ebdf7fc8e4f99be37a5ccbd
tcn,independent_rms,29,bandpass_n20003_cLA_LL_electrode_s5,phase2/results/predictions/full/independent_rms/tcn/seed_29/bandpass_n20003_cLA_LL_electrode_s5.npz,76129,28140d5a9d5479cfd948efe0b32bc29ed9acc7fe23110eb89ea22c3bf4e4d0ac
tcn,independent_rms,29,bandpass_n20003_cLA_LL_electrode_s0,phase2/results/predictions/full/independent_rms/tcn/seed_29/bandpass_n20003_cLA_LL_electrode_s0.npz,75831,e51abad500cda21b8c05282ee07477b1c8e753df1c9ab160889c804aaea321f9
tcn,independent_rms,29,bandpass_n20003_cLA_LL_covariance_s20,phase2/results/predictions/full/independent_rms/tcn/seed_29/bandpass_n20003_cLA_LL_covariance_s20.npz,76390,6f2941685f706f3af1865d24d681d37a7c9a8689b39caaa15a1135fabfcc41c0
tcn,independent_rms,29,bandpass_n20003_cLA_LL_covariance_s15,phase2/results/predictions/full/independent_rms/tcn/seed_29/bandpass_n20003_cLA_LL_covariance_s15.npz,76369,f9a78b1c91a65b2aed4fbe25c4b82604c6ddf22c8037deb258d0713df7946456
tcn,independent_rms,29,bandpass_n20003_cLA_LL_covariance_s10,phase2/results/predictions/full/independent_rms/tcn/seed_29/bandpass_n20003_cLA_LL_covariance_s10.npz,76279,101d5dbcbc86183afae9f0160c7c631c2e9c31914e813b8d7963ba83d441a09f
tcn,independent_rms,29,bandpass_n20003_cLA_LL_covariance_s5,phase2/results/predictions/full/independent_rms/tcn/seed_29/bandpass_n20003_cLA_LL_covariance_s5.npz,76116,374e7c4e2ae230a8ad7d88f1b2c5cadc56dab7a7ac180cfc9d0322b191df3154
tcn,independent_rms,29,bandpass_n20003_cLA_LL_covariance_s0,phase2/results/predictions/full/independent_rms/tcn/seed_29/bandpass_n20003_cLA_LL_covariance_s0.npz,75839,ffa2156abe3aef1984f5ea075dbbe3660695c00781b950c9aaaf4912da4773d3
tcn,independent_rms,29,bandpass_n20003_cRA_LL_independent_rms_s20,phase2/results/predictions/full/independent_rms/tcn/seed_29/bandpass_n20003_cRA_LL_independent_rms_s20.npz,76403,293e4092a5079131ad8306cb373f6cbb21cdd6fddb916c35d8c421b3ec149b79
tcn,independent_rms,29,bandpass_n20003_cRA_LL_independent_rms_s15,phase2/results/predictions/full/independent_rms/tcn/seed_29/bandpass_n20003_cRA_LL_independent_rms_s15.npz,76402,1fb320f9cf75d79202c93c9ff2edd92ce319d1d15bd80986eaf4f04d3b25a8d3
tcn,independent_rms,29,bandpass_n20003_cRA_LL_independent_rms_s10,phase2/results/predictions/full/independent_rms/tcn/seed_29/bandpass_n20003_cRA_LL_independent_rms_s10.npz,76351,0872acf69941c420b76647f0d787a2b7b41ff184a76a66d9e27651479a6cb0ac
tcn,independent_rms,29,bandpass_n20003_cRA_LL_independent_rms_s5,phase2/results/predictions/full/independent_rms/tcn/seed_29/bandpass_n20003_cRA_LL_independent_rms_s5.npz,76248,2d6592bf8ce709ebf245cf905c7f66fccd1e61bfc33004565a650b313b305e07
tcn,independent_rms,29,bandpass_n20003_cRA_LL_independent_rms_s0,phase2/results/predictions/full/independent_rms/tcn/seed_29/bandpass_n20003_cRA_LL_independent_rms_s0.npz,75904,e0ed3f58c50eda1d1b611b390011aface53469e16293d08e94a79b074009c022
tcn,independent_rms,29,bandpass_n20003_cRA_LL_electrode_s20,phase2/results/predictions/full/independent_rms/tcn/seed_29/bandpass_n20003_cRA_LL_electrode_s20.npz,76400,8c68c6baa5b1d1a6f14fc8611a4a467be3204bfb7f35862c43af0fe62483aad6
tcn,independent_rms,29,bandpass_n20003_cRA_LL_electrode_s15,phase2/results/predictions/full/independent_rms/tcn/seed_29/bandpass_n20003_cRA_LL_electrode_s15.npz,76360,b1f2605f78d9b724cbe79a780c9e9f3d3ed10c2f4ca064d9a506b74dd5d56c5e
tcn,independent_rms,29,bandpass_n20003_cRA_LL_electrode_s10,phase2/results/predictions/full/independent_rms/tcn/seed_29/bandpass_n20003_cRA_LL_electrode_s10.npz,76266,f86b6a0d326c1b074524f47af6910358c3e85ad4162e5cc6646bf84358afd96b
tcn,independent_rms,29,bandpass_n20003_cRA_LL_electrode_s5,phase2/results/predictions/full/independent_rms/tcn/seed_29/bandpass_n20003_cRA_LL_electrode_s5.npz,76045,4b0cd41ace0a9e14f112091b4fca7f09f108e203e35fefa9e6636b535d260a9b
tcn,independent_rms,29,bandpass_n20003_cRA_LL_electrode_s0,phase2/results/predictions/full/independent_rms/tcn/seed_29/bandpass_n20003_cRA_LL_electrode_s0.npz,75552,a91dcd2374c4fdb18e6cdaab040cf06f9fc9dd851425165824da7525a0c63c61
tcn,independent_rms,29,bandpass_n20003_cRA_LL_covariance_s20,phase2/results/predictions/full/independent_rms/tcn/seed_29/bandpass_n20003_cRA_LL_covariance_s20.npz,76388,6689876dcf553179c368413d70bd3cd03a4e0ac8ac553e4367015c6964f19964
tcn,independent_rms,29,bandpass_n20003_cRA_LL_covariance_s15,phase2/results/predictions/full/independent_rms/tcn/seed_29/bandpass_n20003_cRA_LL_covariance_s15.npz,76371,9dd0bbf1af8e6393d3f562d3c7e15baf9e39ba551c9a0f2b9a97533a792e5428
tcn,independent_rms,29,bandpass_n20003_cRA_LL_covariance_s10,phase2/results/predictions/full/independent_rms/tcn/seed_29/bandpass_n20003_cRA_LL_covariance_s10.npz,76285,b70482be1aef6b9c6c2511dccf8862fb42ee3237a612efd6da735eb85dd55e94
tcn,independent_rms,29,bandpass_n20003_cRA_LL_covariance_s5,phase2/results/predictions/full/independent_rms/tcn/seed_29/bandpass_n20003_cRA_LL_covariance_s5.npz,76014,d9596ce3270e16dd55c1068624dff81be623e2575e59628dc57de52e1048ef83
tcn,independent_rms,29,bandpass_n20003_cRA_LL_covariance_s0,phase2/results/predictions/full/independent_rms/tcn/seed_29/bandpass_n20003_cRA_LL_covariance_s0.npz,75562,7adaed5cf74e82a3a02a54c736d279986785ccca3739e2949a879ad236a85f7b
tcn,independent_rms,29,bandpass_n20003_cRA_independent_rms_s20,phase2/results/predictions/full/independent_rms/tcn/seed_29/bandpass_n20003_cRA_independent_rms_s20.npz,76442,b4fc8214f76ae0567f307a006fd4ad118e759ff5b76ac83fdc437ea0c62863a5
tcn,independent_rms,29,bandpass_n20003_cRA_independent_rms_s15,phase2/results/predictions/full/independent_rms/tcn/seed_29/bandpass_n20003_cRA_independent_rms_s15.npz,76417,0325912dadbb7e117410a18df0235ad79882895bde0b324d0c7acddcb841544f
tcn,independent_rms,29,bandpass_n20003_cRA_independent_rms_s10,phase2/results/predictions/full/independent_rms/tcn/seed_29/bandpass_n20003_cRA_independent_rms_s10.npz,76349,86ae53defb7e2c3b471340dfcd63d966e963fd8ab2f9616a4e5c961c07ca2bdb
tcn,independent_rms,29,bandpass_n20003_cRA_independent_rms_s5,phase2/results/predictions/full/independent_rms/tcn/seed_29/bandpass_n20003_cRA_independent_rms_s5.npz,76204,521857bccb553b06f58d04d454dec1ef509d33e56950fe935fb1b500fcd3877e
tcn,independent_rms,29,bandpass_n20003_cRA_independent_rms_s0,phase2/results/predictions/full/independent_rms/tcn/seed_29/bandpass_n20003_cRA_independent_rms_s0.npz,75918,0bc2b47af545d27cc53ea1a92c94519d4fd47ff2ae05c0b851df3b804532423a
tcn,independent_rms,29,bandpass_n20003_cRA_electrode_s20,phase2/results/predictions/full/independent_rms/tcn/seed_29/bandpass_n20003_cRA_electrode_s20.npz,76389,474970c80f22368d48491927e223a24f622b87ca7a693a1db1efdf87230a0a0e
tcn,independent_rms,29,bandpass_n20003_cRA_electrode_s15,phase2/results/predictions/full/independent_rms/tcn/seed_29/bandpass_n20003_cRA_electrode_s15.npz,76334,e7bc3c199a5c7dad28cd12f9bee68e2dc933363a48bcecd12089b5b747f2fe14
tcn,independent_rms,29,bandpass_n20003_cRA_electrode_s10,phase2/results/predictions/full/independent_rms/tcn/seed_29/bandpass_n20003_cRA_electrode_s10.npz,76258,cc38755b641ce99d704373c45ca476169886f92f32efacd0260619acf2138bea
tcn,independent_rms,29,bandpass_n20003_cRA_electrode_s5,phase2/results/predictions/full/independent_rms/tcn/seed_29/bandpass_n20003_cRA_electrode_s5.npz,76016,7925343fe74d84df117e76d0a4b24662b6e515bf9cf8cc916165902a51f3b989
tcn,independent_rms,29,bandpass_n20003_cRA_electrode_s0,phase2/results/predictions/full/independent_rms/tcn/seed_29/bandpass_n20003_cRA_electrode_s0.npz,75422,084745c1d9c1f97562e2da3c799aff20b0b0a1ed1a69ee8233df0a6fb4f41fb2
tcn,independent_rms,29,bandpass_n20003_cRA_covariance_s20,phase2/results/predictions/full/independent_rms/tcn/seed_29/bandpass_n20003_cRA_covariance_s20.npz,76406,7243bdeb3b32947ed70911ab0a4485512a357346cb98f54590f1fc4fc3815f71
tcn,independent_rms,29,bandpass_n20003_cRA_covariance_s15,phase2/results/predictions/full/independent_rms/tcn/seed_29/bandpass_n20003_cRA_covariance_s15.npz,76360,6f1825dc78c1c5ec64f5dd8ebbfb77864e02ac0814a50ab7b675aefe96de1eba
tcn,independent_rms,29,bandpass_n20003_cRA_covariance_s10,phase2/results/predictions/full/independent_rms/tcn/seed_29/bandpass_n20003_cRA_covariance_s10.npz,76239,2d2f074179bd6b8d05ba206e55715347d24a450edf821284529f9afbeeae63c9
tcn,independent_rms,29,bandpass_n20003_cRA_covariance_s5,phase2/results/predictions/full/independent_rms/tcn/seed_29/bandpass_n20003_cRA_covariance_s5.npz,76010,16800858977aa0882aeac895bc6197f4cfb22516ec197554532b5338c1a36164
tcn,independent_rms,29,bandpass_n20003_cRA_covariance_s0,phase2/results/predictions/full/independent_rms/tcn/seed_29/bandpass_n20003_cRA_covariance_s0.npz,75405,8e73e1f298a55b61c8d8798ddd4835756b5d96d3c94bc1d1c37019435b3b45b8
tcn,independent_rms,29,bandpass_n20003_cLA_independent_rms_s20,phase2/results/predictions/full/independent_rms/tcn/seed_29/bandpass_n20003_cLA_independent_rms_s20.npz,76398,dd8005c0a9eedca6f30974b305f30c124fca845ec53500cf712c4fdb0b823c12
tcn,independent_rms,29,bandpass_n20003_cLA_independent_rms_s15,phase2/results/predictions/full/independent_rms/tcn/seed_29/bandpass_n20003_cLA_independent_rms_s15.npz,76421,112abe828aeafd9edfcd0bcc9e8568ca50ed21d8be46344a92bb924481709f0c
tcn,independent_rms,29,bandpass_n20003_cLA_independent_rms_s10,phase2/results/predictions/full/independent_rms/tcn/seed_29/bandpass_n20003_cLA_independent_rms_s10.npz,76370,3cc4a2a5f93b62b3deff7e1cdc2bc16bd0f56dd28cec609b55a1a8a1fe02bc8d
tcn,independent_rms,29,bandpass_n20003_cLA_independent_rms_s5,phase2/results/predictions/full/independent_rms/tcn/seed_29/bandpass_n20003_cLA_independent_rms_s5.npz,76218,7a4ba74a04a7a8a02d5856987ed660608d33aed52cd24576e508208e10a557f5
tcn,independent_rms,29,bandpass_n20003_cLA_independent_rms_s0,phase2/results/predictions/full/independent_rms/tcn/seed_29/bandpass_n20003_cLA_independent_rms_s0.npz,75932,bca084fd60fe1e3124f8f6ac3ade1d199b4f8dd295f549adf432e3b378378263
tcn,independent_rms,29,bandpass_n20003_cLA_electrode_s20,phase2/results/predictions/full/independent_rms/tcn/seed_29/bandpass_n20003_cLA_electrode_s20.npz,76370,beb45b8d419baf794c67b8fd3a0f93122546a63b249c8d49119ddcc0d939a693
tcn,independent_rms,29,bandpass_n20003_cLA_electrode_s15,phase2/results/predictions/full/independent_rms/tcn/seed_29/bandpass_n20003_cLA_electrode_s15.npz,76387,a86ce155aa00af7a29ee00623703074c30ad19c87312843719df77eac124524d
tcn,independent_rms,29,bandpass_n20003_cLA_electrode_s10,phase2/results/predictions/full/independent_rms/tcn/seed_29/bandpass_n20003_cLA_electrode_s10.npz,76285,d866ab2fadf94e8d0f7f23e4181f6d88c74ffb9a6a40da1668a67cc164c671b7
tcn,independent_rms,29,bandpass_n20003_cLA_electrode_s5,phase2/results/predictions/full/independent_rms/tcn/seed_29/bandpass_n20003_cLA_electrode_s5.npz,76128,9d4f06b2d25196d0f748a13cbfb069fecb76e8de36411bba2751067f84ff52c5
tcn,independent_rms,29,bandpass_n20003_cLA_electrode_s0,phase2/results/predictions/full/independent_rms/tcn/seed_29/bandpass_n20003_cLA_electrode_s0.npz,75805,6c693216e44d244a482646cb42024cab21d661a437d279ecb77be7991d0fc4db
tcn,independent_rms,29,bandpass_n20003_cLA_covariance_s20,phase2/results/predictions/full/independent_rms/tcn/seed_29/bandpass_n20003_cLA_covariance_s20.npz,76378,859a9e6b54ebaf62068109460aabb19d441333aa78af3231555553c7a4b892ff
tcn,independent_rms,29,bandpass_n20003_cLA_covariance_s15,phase2/results/predictions/full/independent_rms/tcn/seed_29/bandpass_n20003_cLA_covariance_s15.npz,76384,1743de23bc64b1800800740aa0e95d31dd867c920283a7f74e7db01e0fb11d6e
tcn,independent_rms,29,bandpass_n20003_cLA_covariance_s10,phase2/results/predictions/full/independent_rms/tcn/seed_29/bandpass_n20003_cLA_covariance_s10.npz,76320,8dd78c416cd81cd809627a8c95522f356ab785d8ed44120129e16992367340d7
tcn,independent_rms,29,bandpass_n20003_cLA_covariance_s5,phase2/results/predictions/full/independent_rms/tcn/seed_29/bandpass_n20003_cLA_covariance_s5.npz,76135,ef8526fd249723d4f6c0fea339b383af6b9f91d6b8172c2d293cdf55022d5dd3
tcn,independent_rms,29,bandpass_n20003_cLA_covariance_s0,phase2/results/predictions/full/independent_rms/tcn/seed_29/bandpass_n20003_cLA_covariance_s0.npz,75822,49932fe0783573612e170c22f78e7aebcb608f653c1b533f07d67e3a46212bbc
tcn,independent_rms,29,bandpass_n20003_cLL_independent_rms_s20,phase2/results/predictions/full/independent_rms/tcn/seed_29/bandpass_n20003_cLL_independent_rms_s20.npz,76396,bfe753c064c582fefd8c42a53a00096573c5dfd748172f72e796996bb1424fd5
tcn,independent_rms,29,bandpass_n20003_cLL_independent_rms_s15,phase2/results/predictions/full/independent_rms/tcn/seed_29/bandpass_n20003_cLL_independent_rms_s15.npz,76416,416cb01827e6e0c80401c4c650fb117abf7d29792d94bf65ad58fe58f763561d
tcn,independent_rms,29,bandpass_n20003_cLL_independent_rms_s10,phase2/results/predictions/full/independent_rms/tcn/seed_29/bandpass_n20003_cLL_independent_rms_s10.npz,76334,4c716dfe4490e32296f29b06e1b319fb2e761a2c9936028379a66a8601c35428
tcn,independent_rms,29,bandpass_n20003_cLL_independent_rms_s5,phase2/results/predictions/full/independent_rms/tcn/seed_29/bandpass_n20003_cLL_independent_rms_s5.npz,76231,0ab7e911cd7e2bb4d7de74db10a65b8f530cd95c7b70a4457cbb79474b86a039
tcn,independent_rms,29,bandpass_n20003_cLL_independent_rms_s0,phase2/results/predictions/full/independent_rms/tcn/seed_29/bandpass_n20003_cLL_independent_rms_s0.npz,75912,516efe7713bd9b80ae986e440815c931a6408461dbce62cba44f2de47a804bae
tcn,independent_rms,29,bandpass_n20003_cLL_electrode_s20,phase2/results/predictions/full/independent_rms/tcn/seed_29/bandpass_n20003_cLL_electrode_s20.npz,76379,6a39aa265fdeef4051f6d2b853002b7d03584aec9abc11198ee776010033d59c
tcn,independent_rms,29,bandpass_n20003_cLL_electrode_s15,phase2/results/predictions/full/independent_rms/tcn/seed_29/bandpass_n20003_cLL_electrode_s15.npz,76364,adae802dac47236853c4c33747ef1f4c7de1056b42b8fc08384aa1beda871fad
tcn,independent_rms,29,bandpass_n20003_cLL_electrode_s10,phase2/results/predictions/full/independent_rms/tcn/seed_29/bandpass_n20003_cLL_electrode_s10.npz,76276,208e7ff349ed1f71ad3881bfeb45dae2b23708b72eec6c92fa2d6cc3295fb81b
tcn,independent_rms,29,bandpass_n20003_cLL_electrode_s5,phase2/results/predictions/full/independent_rms/tcn/seed_29/bandpass_n20003_cLL_electrode_s5.npz,76095,9c28863de5dabd819c1aa6116a6019fdce5faf9cc5125ca5828f5a3c60f6cb48
tcn,independent_rms,29,bandpass_n20003_cLL_electrode_s0,phase2/results/predictions/full/independent_rms/tcn/seed_29/bandpass_n20003_cLL_electrode_s0.npz,75864,f6748e838743f163c2aae84b428a0de78a1b0ea6d0a1352d32572137e11c35b0
tcn,independent_rms,29,bandpass_n20003_cLL_covariance_s20,phase2/results/predictions/full/independent_rms/tcn/seed_29/bandpass_n20003_cLL_covariance_s20.npz,76380,788601835cd2fcda4d6dfc12ccffa0e194d545744a8cbcf335e23371bfae2f5e
tcn,independent_rms,29,bandpass_n20003_cLL_covariance_s15,phase2/results/predictions/full/independent_rms/tcn/seed_29/bandpass_n20003_cLL_covariance_s15.npz,76399,c01efb5bde86cd1fdde0ccb06ec16bcb4480de63c034c3ceb0b5f48cc7266167
tcn,independent_rms,29,bandpass_n20003_cLL_covariance_s10,phase2/results/predictions/full/independent_rms/tcn/seed_29/bandpass_n20003_cLL_covariance_s10.npz,76296,92d0eb10a353fc3d815aa37516106947144c5a726eb0045da1d6fe43732711b3
tcn,independent_rms,29,bandpass_n20003_cLL_covariance_s5,phase2/results/predictions/full/independent_rms/tcn/seed_29/bandpass_n20003_cLL_covariance_s5.npz,76111,d3ca4c0306e8d7622067eb1f3ecd426698cc87a581e7bb94d1b86436f63510cd
tcn,independent_rms,29,bandpass_n20003_cLL_covariance_s0,phase2/results/predictions/full/independent_rms/tcn/seed_29/bandpass_n20003_cLL_covariance_s0.npz,75887,5adca7f5902ef0b6fe6efb1c5fb6d5ac3eb7ba2fe9876389f8fe7eece9f2a81d
tcn,independent_rms,29,bandpass_n20003_cRA_V1_independent_rms_s20,phase2/results/predictions/full/independent_rms/tcn/seed_29/bandpass_n20003_cRA_V1_independent_rms_s20.npz,76381,79df239dde5a085f4efaa9ab9a1d96c6900c6a02312c3a3263dcd0ef98e8f65d
tcn,independent_rms,29,bandpass_n20003_cRA_V1_independent_rms_s15,phase2/results/predictions/full/independent_rms/tcn/seed_29/bandpass_n20003_cRA_V1_independent_rms_s15.npz,76426,ff13e175205cdfe14d2bd85d20449e9f6f5c293ce9e8dc9281001a8a1f8f9583
tcn,independent_rms,29,bandpass_n20003_cRA_V1_independent_rms_s10,phase2/results/predictions/full/independent_rms/tcn/seed_29/bandpass_n20003_cRA_V1_independent_rms_s10.npz,76368,7f5f0e134ad1bf892dc69fc9c09e3f9f0a2d173b6b94cc648f8e2a1c46593596
tcn,independent_rms,29,bandpass_n20003_cRA_V1_independent_rms_s5,phase2/results/predictions/full/independent_rms/tcn/seed_29/bandpass_n20003_cRA_V1_independent_rms_s5.npz,76236,b2898db030eb20c65d3204cacd4559cc102e1c451ed85083312b1378fc6dab20
tcn,independent_rms,29,bandpass_n20003_cRA_V1_independent_rms_s0,phase2/results/predictions/full/independent_rms/tcn/seed_29/bandpass_n20003_cRA_V1_independent_rms_s0.npz,75913,1a9f3da543a5952f5098f0184a6f46eac97e985ee4041acd036d7eb873de8c40
tcn,independent_rms,29,bandpass_n20003_cRA_V1_electrode_s20,phase2/results/predictions/full/independent_rms/tcn/seed_29/bandpass_n20003_cRA_V1_electrode_s20.npz,76417,9db459f30cdcd846365c5ee8e2bcd9d137a8641a53f5cec1ab60e3989226b621
tcn,independent_rms,29,bandpass_n20003_cRA_V1_electrode_s15,phase2/results/predictions/full/independent_rms/tcn/seed_29/bandpass_n20003_cRA_V1_electrode_s15.npz,76391,609fd2c5099332ec54a8c324afd0560bc03b3649b15e3751282de9bb00a3f598
tcn,independent_rms,29,bandpass_n20003_cRA_V1_electrode_s10,phase2/results/predictions/full/independent_rms/tcn/seed_29/bandpass_n20003_cRA_V1_electrode_s10.npz,76284,2ecf7b9349e74ca2a53991354901859b3d707d2ceb86d45a8f32d7a0c61af269
tcn,independent_rms,29,bandpass_n20003_cRA_V1_electrode_s5,phase2/results/predictions/full/independent_rms/tcn/seed_29/bandpass_n20003_cRA_V1_electrode_s5.npz,76043,832cdd6cfb4ffd899b4f3c04f89f2453fbf0e61a12256b1235c43176015e4196
tcn,independent_rms,29,bandpass_n20003_cRA_V1_electrode_s0,phase2/results/predictions/full/independent_rms/tcn/seed_29/bandpass_n20003_cRA_V1_electrode_s0.npz,75446,3b9894a54d250bed2cafb2fb86c762838fcdd74a93d24c51903c0795d1de7de2
tcn,independent_rms,29,bandpass_n20003_cRA_V1_covariance_s20,phase2/results/predictions/full/independent_rms/tcn/seed_29/bandpass_n20003_cRA_V1_covariance_s20.npz,76364,341bc4883f42d3fcc920cf34bbfdf1aa1844488b8c937bf4df7332fe1751074b
tcn,independent_rms,29,bandpass_n20003_cRA_V1_covariance_s15,phase2/results/predictions/full/independent_rms/tcn/seed_29/bandpass_n20003_cRA_V1_covariance_s15.npz,76389,93de87024332cfb0c35fd6b918eb728188878728cc54eed5b7f4d5884759bede
tcn,independent_rms,29,bandpass_n20003_cRA_V1_covariance_s10,phase2/results/predictions/full/independent_rms/tcn/seed_29/bandpass_n20003_cRA_V1_covariance_s10.npz,76262,8e3985be7f65c554a7040ea175c2954fb765e50cc8bb708a374dfa69d875ab5d
tcn,independent_rms,29,bandpass_n20003_cRA_V1_covariance_s5,phase2/results/predictions/full/independent_rms/tcn/seed_29/bandpass_n20003_cRA_V1_covariance_s5.npz,76046,445f5c5180f46154f17a5d447311a63960f3eca3614b30c44cd4f89cb07fba9a
tcn,independent_rms,29,bandpass_n20003_cRA_V1_covariance_s0,phase2/results/predictions/full/independent_rms/tcn/seed_29/bandpass_n20003_cRA_V1_covariance_s0.npz,75486,c3b7adac46397acbad1534848ea03fa98153b61cb3815185bca559b415c545da
tcn,independent_rms,29,bandpass_n20003_cLA_V6_independent_rms_s20,phase2/results/predictions/full/independent_rms/tcn/seed_29/bandpass_n20003_cLA_V6_independent_rms_s20.npz,76397,5b259e09469613c19ef8808652ad6c1aa430b0772db25c09604650b7e504d07a
tcn,independent_rms,29,bandpass_n20003_cLA_V6_independent_rms_s15,phase2/results/predictions/full/independent_rms/tcn/seed_29/bandpass_n20003_cLA_V6_independent_rms_s15.npz,76407,57c8ab62fa69009516ddae6c70e0eca40b94412346a28fae5abbf55404958ca3
tcn,independent_rms,29,bandpass_n20003_cLA_V6_independent_rms_s10,phase2/results/predictions/full/independent_rms/tcn/seed_29/bandpass_n20003_cLA_V6_independent_rms_s10.npz,76370,ac77878428451336e2cdef42e0210c3803fb40d94abffd2bc623672fafbb683f
tcn,independent_rms,29,bandpass_n20003_cLA_V6_independent_rms_s5,phase2/results/predictions/full/independent_rms/tcn/seed_29/bandpass_n20003_cLA_V6_independent_rms_s5.npz,76260,18d0829cf28ad1169a345a778a8eb1c2d9284e9535b16e5eedac102c59f361c2
tcn,independent_rms,29,bandpass_n20003_cLA_V6_independent_rms_s0,phase2/results/predictions/full/independent_rms/tcn/seed_29/bandpass_n20003_cLA_V6_independent_rms_s0.npz,75966,9de05c1c69926ada7e5838663c3e9614632f9ee163c173da663e52ae52830e24
tcn,independent_rms,29,bandpass_n20003_cLA_V6_electrode_s20,phase2/results/predictions/full/independent_rms/tcn/seed_29/bandpass_n20003_cLA_V6_electrode_s20.npz,76408,d618a78837c89eeb03a480008e85ce6061c0c919187b02b88291ef5def4ba175
tcn,independent_rms,29,bandpass_n20003_cLA_V6_electrode_s15,phase2/results/predictions/full/independent_rms/tcn/seed_29/bandpass_n20003_cLA_V6_electrode_s15.npz,76408,1826ee470819ccc9c4ef92a40230de90dcdd5322718366ab3765fa3e5b0a3b42
tcn,independent_rms,29,bandpass_n20003_cLA_V6_electrode_s10,phase2/results/predictions/full/independent_rms/tcn/seed_29/bandpass_n20003_cLA_V6_electrode_s10.npz,76324,e05b913853243057ba4abbc8afc57ea790ea15b6e8f4edbe7b5d4507bb0c298d
tcn,independent_rms,29,bandpass_n20003_cLA_V6_electrode_s5,phase2/results/predictions/full/independent_rms/tcn/seed_29/bandpass_n20003_cLA_V6_electrode_s5.npz,76192,d18faa14e9a3e86cf77858e73cc2efe929cc24dd5d357b1a23d4d7091a2fe4c2
tcn,independent_rms,29,bandpass_n20003_cLA_V6_electrode_s0,phase2/results/predictions/full/independent_rms/tcn/seed_29/bandpass_n20003_cLA_V6_electrode_s0.npz,75822,a9538b2295298b24bba048ea1cff629609e8cc4d461cb23a7f4acf7043740bff
tcn,independent_rms,29,bandpass_n20003_cLA_V6_covariance_s20,phase2/results/predictions/full/independent_rms/tcn/seed_29/bandpass_n20003_cLA_V6_covariance_s20.npz,76412,311a714b66ada488a2ef305ff7ea06ab9cc68077bac5910724a574a256c69172
tcn,independent_rms,29,bandpass_n20003_cLA_V6_covariance_s15,phase2/results/predictions/full/independent_rms/tcn/seed_29/bandpass_n20003_cLA_V6_covariance_s15.npz,76398,b1d36f432467f05c93c94dfd2ce69eaadf33157ba2f520657417591020f62c31
tcn,independent_rms,29,bandpass_n20003_cLA_V6_covariance_s10,phase2/results/predictions/full/independent_rms/tcn/seed_29/bandpass_n20003_cLA_V6_covariance_s10.npz,76342,a25376e73e3703a0e8cf05cfc1c2d44ced13c108132e2a90593c3d1f3e93479f
tcn,independent_rms,29,bandpass_n20003_cLA_V6_covariance_s5,phase2/results/predictions/full/independent_rms/tcn/seed_29/bandpass_n20003_cLA_V6_covariance_s5.npz,76173,f8a3c9d119e58498b045e7feec9cb2e301362679bd88266eef75c06536ec7b46
tcn,independent_rms,29,bandpass_n20003_cLA_V6_covariance_s0,phase2/results/predictions/full/independent_rms/tcn/seed_29/bandpass_n20003_cLA_V6_covariance_s0.npz,75841,774789e6455d9bead16d31401998468d0a8d5ef9010d86e3748ce111b82727e8
tcn,independent_rms,29,bandpass_n20003_cLL_V4_independent_rms_s20,phase2/results/predictions/full/independent_rms/tcn/seed_29/bandpass_n20003_cLL_V4_independent_rms_s20.npz,76360,ee1d5b96a2e217ac049dbeeb51a7f19676f7a9be6ab9b77bb63e6f86909943c2
tcn,independent_rms,29,bandpass_n20003_cLL_V4_independent_rms_s15,phase2/results/predictions/full/independent_rms/tcn/seed_29/bandpass_n20003_cLL_V4_independent_rms_s15.npz,76387,a18e612b3bb9dfe0137c3b8c21ad1f906bc152e0fd95b932ddc3c266b68ceecf
tcn,independent_rms,29,bandpass_n20003_cLL_V4_independent_rms_s10,phase2/results/predictions/full/independent_rms/tcn/seed_29/bandpass_n20003_cLL_V4_independent_rms_s10.npz,76389,2f6fb7a26658b15ac9cbea362a92f8431f8bc612d02e0b533f1fefad9c8b3c47
tcn,independent_rms,29,bandpass_n20003_cLL_V4_independent_rms_s5,phase2/results/predictions/full/independent_rms/tcn/seed_29/bandpass_n20003_cLL_V4_independent_rms_s5.npz,76263,6e2cd5803348065ae10646d595d4e4ed082013ba1abfea68f9d63601f31853a8
tcn,independent_rms,29,bandpass_n20003_cLL_V4_independent_rms_s0,phase2/results/predictions/full/independent_rms/tcn/seed_29/bandpass_n20003_cLL_V4_independent_rms_s0.npz,75979,0d079f36b2ab73a440fbf921a7e54c6f12032d9228334bcaf3ced111a5bc53ab
tcn,independent_rms,29,bandpass_n20003_cLL_V4_electrode_s20,phase2/results/predictions/full/independent_rms/tcn/seed_29/bandpass_n20003_cLL_V4_electrode_s20.npz,76377,9ce35d1a2c60efd08ce08b33a3cf601966d2518280bf93f2a32854761988884b
tcn,independent_rms,29,bandpass_n20003_cLL_V4_electrode_s15,phase2/results/predictions/full/independent_rms/tcn/seed_29/bandpass_n20003_cLL_V4_electrode_s15.npz,76375,8240bfe703ffa4fd8129db353391349a9cdc243dba0d5f009d74bf2d3cc81c39
tcn,independent_rms,29,bandpass_n20003_cLL_V4_electrode_s10,phase2/results/predictions/full/independent_rms/tcn/seed_29/bandpass_n20003_cLL_V4_electrode_s10.npz,76340,244c2022d1d7efed9eab6c1604017e99cc35ca2c3afceb4fe751bf1811308fe5
tcn,independent_rms,29,bandpass_n20003_cLL_V4_electrode_s5,phase2/results/predictions/full/independent_rms/tcn/seed_29/bandpass_n20003_cLL_V4_electrode_s5.npz,76157,cbd3b3df8f22c689c2db6cd5d6b3462ac6f7987f70278a47bfb13e832555ab98
tcn,independent_rms,29,bandpass_n20003_cLL_V4_electrode_s0,phase2/results/predictions/full/independent_rms/tcn/seed_29/bandpass_n20003_cLL_V4_electrode_s0.npz,75905,71e44140ce53a9f1d56cfa4d17527b4d93fc76c52dd4a272d6c830e35334ae3a
tcn,independent_rms,29,bandpass_n20003_cLL_V4_covariance_s20,phase2/results/predictions/full/independent_rms/tcn/seed_29/bandpass_n20003_cLL_V4_covariance_s20.npz,76404,38090064fa9fbd111a8a0dff4d7316c9cdfefb0ac630fc1683aae684a6336230
tcn,independent_rms,29,bandpass_n20003_cLL_V4_covariance_s15,phase2/results/predictions/full/independent_rms/tcn/seed_29/bandpass_n20003_cLL_V4_covariance_s15.npz,76394,f83f4b524c3ca7e59c375603be1c60f8bea60829826280cacd2a1003c0a4de6b
tcn,independent_rms,29,bandpass_n20003_cLL_V4_covariance_s10,phase2/results/predictions/full/independent_rms/tcn/seed_29/bandpass_n20003_cLL_V4_covariance_s10.npz,76325,cd02a0d224f480619fbdb15b9994a04ddad812f8374df0fbd061b7ffc6382e61
tcn,independent_rms,29,bandpass_n20003_cLL_V4_covariance_s5,phase2/results/predictions/full/independent_rms/tcn/seed_29/bandpass_n20003_cLL_V4_covariance_s5.npz,76149,fd03ea287b76210f4d51cff0cc5659aa3fd2da53705c9352e937888f305d92ad
tcn,independent_rms,29,bandpass_n20003_cLL_V4_covariance_s0,phase2/results/predictions/full/independent_rms/tcn/seed_29/bandpass_n20003_cLL_V4_covariance_s0.npz,75894,5b3ff8a2ca248c15294c46d363a67000ac27cb7eb0b22df5551fa5ad19b49934
tcn,independent_rms,29,bandpass_n20003_cRA_LA_V1_V6_independent_rms_s20,phase2/results/predictions/full/independent_rms/tcn/seed_29/bandpass_n20003_cRA_LA_V1_V6_independent_rms_s20.npz,76397,6a2fc60b6b0f7838be25fffa2b57aac4c6fac0db0625cb3edad87e19cecc898c
tcn,independent_rms,29,bandpass_n20003_cRA_LA_V1_V6_independent_rms_s15,phase2/results/predictions/full/independent_rms/tcn/seed_29/bandpass_n20003_cRA_LA_V1_V6_independent_rms_s15.npz,76408,c5e08e03418ab6896e0509abfb90a88fe9a173ca51c87fa599951e73796b56d7
tcn,independent_rms,29,bandpass_n20003_cRA_LA_V1_V6_independent_rms_s10,phase2/results/predictions/full/independent_rms/tcn/seed_29/bandpass_n20003_cRA_LA_V1_V6_independent_rms_s10.npz,76392,48d88a690a8ce32d34db99dfacfaf1371aded4b0732fef4c2a87c90c47c84f7d
tcn,independent_rms,29,bandpass_n20003_cRA_LA_V1_V6_independent_rms_s5,phase2/results/predictions/full/independent_rms/tcn/seed_29/bandpass_n20003_cRA_LA_V1_V6_independent_rms_s5.npz,76247,3864faceba7e2c1f15e0148add79aefc755b00c61f97c6ad54a64fd73bad6434
tcn,independent_rms,29,bandpass_n20003_cRA_LA_V1_V6_independent_rms_s0,phase2/results/predictions/full/independent_rms/tcn/seed_29/bandpass_n20003_cRA_LA_V1_V6_independent_rms_s0.npz,75919,1e1761c8bdc673930147136b1ceef05cf13d90a5bb4b1a0bb53e7dd0f19c6e80
tcn,independent_rms,29,bandpass_n20003_cRA_LA_V1_V6_electrode_s20,phase2/results/predictions/full/independent_rms/tcn/seed_29/bandpass_n20003_cRA_LA_V1_V6_electrode_s20.npz,76383,f200c6f4e6025b43bec986150b5be5bf3f40b162faf75052d037aa6af8dedf71
tcn,independent_rms,29,bandpass_n20003_cRA_LA_V1_V6_electrode_s15,phase2/results/predictions/full/independent_rms/tcn/seed_29/bandpass_n20003_cRA_LA_V1_V6_electrode_s15.npz,76419,26e893166e302a4043f9c3705d1ab164c6e0a7581814b8003980d4d832eb095d
tcn,independent_rms,29,bandpass_n20003_cRA_LA_V1_V6_electrode_s10,phase2/results/predictions/full/independent_rms/tcn/seed_29/bandpass_n20003_cRA_LA_V1_V6_electrode_s10.npz,76319,2742b75bc9c0a95314f0147a2c48862fdd98a598eee30a6c015ed6b06d46dae7
tcn,independent_rms,29,bandpass_n20003_cRA_LA_V1_V6_electrode_s5,phase2/results/predictions/full/independent_rms/tcn/seed_29/bandpass_n20003_cRA_LA_V1_V6_electrode_s5.npz,76100,9a7f98c760d69e880c23f23376a8013a307d22ee978534ac47dd2d2d755eef0f
tcn,independent_rms,29,bandpass_n20003_cRA_LA_V1_V6_electrode_s0,phase2/results/predictions/full/independent_rms/tcn/seed_29/bandpass_n20003_cRA_LA_V1_V6_electrode_s0.npz,75629,b2e030d85d7f7c1ce6360aba91cf5559d9b72fe17a7209ad1451d7903546aa17
tcn,independent_rms,29,bandpass_n20003_cRA_LA_V1_V6_covariance_s20,phase2/results/predictions/full/independent_rms/tcn/seed_29/bandpass_n20003_cRA_LA_V1_V6_covariance_s20.npz,76424,055792dc18e64a974a9a246f9e3cb29b836d2cf0674f15d2b18f68e18272d02e
tcn,independent_rms,29,bandpass_n20003_cRA_LA_V1_V6_covariance_s15,phase2/results/predictions/full/independent_rms/tcn/seed_29/bandpass_n20003_cRA_LA_V1_V6_covariance_s15.npz,76418,87315159304234628794f3614bfd3f2d4ee544b85d8f30942412d351781d0a31
tcn,independent_rms,29,bandpass_n20003_cRA_LA_V1_V6_covariance_s10,phase2/results/predictions/full/independent_rms/tcn/seed_29/bandpass_n20003_cRA_LA_V1_V6_covariance_s10.npz,76287,ba6b07321fee78c927e8dc1408311ce90811b8cc8adf9bc11088c329d6c28260
tcn,independent_rms,29,bandpass_n20003_cRA_LA_V1_V6_covariance_s5,phase2/results/predictions/full/independent_rms/tcn/seed_29/bandpass_n20003_cRA_LA_V1_V6_covariance_s5.npz,76119,9dddd4e96c862229b1fe91489cba81a3207995db3c62507e3f9c067cbc48477c
tcn,independent_rms,29,bandpass_n20003_cRA_LA_V1_V6_covariance_s0,phase2/results/predictions/full/independent_rms/tcn/seed_29/bandpass_n20003_cRA_LA_V1_V6_covariance_s0.npz,75651,dfa40b0f469af576d686cef6428f24c27d846393a78fd7b76fc57dca148b4a4c
tcn,independent_rms,29,bandpass_n20003_cRA_V2_V5_independent_rms_s20,phase2/results/predictions/full/independent_rms/tcn/seed_29/bandpass_n20003_cRA_V2_V5_independent_rms_s20.npz,76401,2227f4a5b8c1af52287a872634955d19f5f4707df8512f7ec3a03fb99cb24464
tcn,independent_rms,29,bandpass_n20003_cRA_V2_V5_independent_rms_s15,phase2/results/predictions/full/independent_rms/tcn/seed_29/bandpass_n20003_cRA_V2_V5_independent_rms_s15.npz,76453,ce8f1316e98b29b663d8f9c8a60cf6d44ce19810bf8e7decd06d339e70ab8def
tcn,independent_rms,29,bandpass_n20003_cRA_V2_V5_independent_rms_s10,phase2/results/predictions/full/independent_rms/tcn/seed_29/bandpass_n20003_cRA_V2_V5_independent_rms_s10.npz,76360,2399f017c1bb90c3c5601cedc8878cefa58db3e95abe24c513bf849c1b72f70e
tcn,independent_rms,29,bandpass_n20003_cRA_V2_V5_independent_rms_s5,phase2/results/predictions/full/independent_rms/tcn/seed_29/bandpass_n20003_cRA_V2_V5_independent_rms_s5.npz,76280,5b5eef95c21c1c13c75467526262e01c927d14ff3e0862a84d5b3f6cb08f4309
tcn,independent_rms,29,bandpass_n20003_cRA_V2_V5_independent_rms_s0,phase2/results/predictions/full/independent_rms/tcn/seed_29/bandpass_n20003_cRA_V2_V5_independent_rms_s0.npz,75979,264604eb99afa2244f6cd450bd9b620679b2a9e1c19d723890af41447d439658
tcn,independent_rms,29,bandpass_n20003_cRA_V2_V5_electrode_s20,phase2/results/predictions/full/independent_rms/tcn/seed_29/bandpass_n20003_cRA_V2_V5_electrode_s20.npz,76403,b7da8cf5298f0fb36efa9bc0d8e3a55c818b5ffbfb8e7c55964451a98f8e73ee
tcn,independent_rms,29,bandpass_n20003_cRA_V2_V5_electrode_s15,phase2/results/predictions/full/independent_rms/tcn/seed_29/bandpass_n20003_cRA_V2_V5_electrode_s15.npz,76407,651f3cff596e10f82b8c0c35fa1756d9cd5e4955856cdcd936c6276338df9e9b
tcn,independent_rms,29,bandpass_n20003_cRA_V2_V5_electrode_s10,phase2/results/predictions/full/independent_rms/tcn/seed_29/bandpass_n20003_cRA_V2_V5_electrode_s10.npz,76321,6bcc0639d797ab9de871a002e3d993896c0ebb0507e4f739e41a40e57077d574
tcn,independent_rms,29,bandpass_n20003_cRA_V2_V5_electrode_s5,phase2/results/predictions/full/independent_rms/tcn/seed_29/bandpass_n20003_cRA_V2_V5_electrode_s5.npz,76093,311a57636c3cd608b9e23dbe7d9ec28e96d0f8a613bd3d56a6bf11dcc6cb562e
tcn,independent_rms,29,bandpass_n20003_cRA_V2_V5_electrode_s0,phase2/results/predictions/full/independent_rms/tcn/seed_29/bandpass_n20003_cRA_V2_V5_electrode_s0.npz,75560,ca565d72041ef2151f9a41cc961e1716dc390c682ab961e0519fdf8e14ce8181
tcn,independent_rms,29,bandpass_n20003_cRA_V2_V5_covariance_s20,phase2/results/predictions/full/independent_rms/tcn/seed_29/bandpass_n20003_cRA_V2_V5_covariance_s20.npz,76416,7fb193a765465f8450bdbe3e4a7256958be8d22be7179894e19b76dbff47b5a5
tcn,independent_rms,29,bandpass_n20003_cRA_V2_V5_covariance_s15,phase2/results/predictions/full/independent_rms/tcn/seed_29/bandpass_n20003_cRA_V2_V5_covariance_s15.npz,76376,74f3d1edc4cd0b7d2964a0ecef70dd5f6238efa40b1e5b2f1112301cffec45f4
tcn,independent_rms,29,bandpass_n20003_cRA_V2_V5_covariance_s10,phase2/results/predictions/full/independent_rms/tcn/seed_29/bandpass_n20003_cRA_V2_V5_covariance_s10.npz,76322,970de4f7ebcd7e3bf3c50e1bddb479f9c3a7edd605dddb5b9dcb50512e065b2d
tcn,independent_rms,29,bandpass_n20003_cRA_V2_V5_covariance_s5,phase2/results/predictions/full/independent_rms/tcn/seed_29/bandpass_n20003_cRA_V2_V5_covariance_s5.npz,76161,0801a77a8ee045597cc1293c37b5141d6f338e8daf881549fe71b3a74a0291cb
tcn,independent_rms,29,bandpass_n20003_cRA_V2_V5_covariance_s0,phase2/results/predictions/full/independent_rms/tcn/seed_29/bandpass_n20003_cRA_V2_V5_covariance_s0.npz,75599,2a802a2d54fe32886d5762f055109a3b0ffe0b7b4aa52b28b2b2599b17effce3
tcn,independent_rms,29,bandpass_n20003_cLA_V3_V6_independent_rms_s20,phase2/results/predictions/full/independent_rms/tcn/seed_29/bandpass_n20003_cLA_V3_V6_independent_rms_s20.npz,76389,adf7fe96e4df011a5f43504efd3b9a92c986441602fbe4a5a6cb6a6305892ee1
tcn,independent_rms,29,bandpass_n20003_cLA_V3_V6_independent_rms_s15,phase2/results/predictions/full/independent_rms/tcn/seed_29/bandpass_n20003_cLA_V3_V6_independent_rms_s15.npz,76384,3d8b866fdde75911325a84f41706f512c598892ad569d892298fa655ff798e08
tcn,independent_rms,29,bandpass_n20003_cLA_V3_V6_independent_rms_s10,phase2/results/predictions/full/independent_rms/tcn/seed_29/bandpass_n20003_cLA_V3_V6_independent_rms_s10.npz,76372,79014e00b1f3e2e4c6f552c68dc2f7b1f89a5cbc79b8c91b486d0a6005939d2e
tcn,independent_rms,29,bandpass_n20003_cLA_V3_V6_independent_rms_s5,phase2/results/predictions/full/independent_rms/tcn/seed_29/bandpass_n20003_cLA_V3_V6_independent_rms_s5.npz,76269,b9f423c6b6a257204ba2d0b4c132c1299e7702098bfe45e5a89e512d724c7ed1
tcn,independent_rms,29,bandpass_n20003_cLA_V3_V6_independent_rms_s0,phase2/results/predictions/full/independent_rms/tcn/seed_29/bandpass_n20003_cLA_V3_V6_independent_rms_s0.npz,76006,c73e7695bb2ec0fe38515642a5742d3b43d1d5ff3d6ad3b6a952fbfdedd3edbf
tcn,independent_rms,29,bandpass_n20003_cLA_V3_V6_electrode_s20,phase2/results/predictions/full/independent_rms/tcn/seed_29/bandpass_n20003_cLA_V3_V6_electrode_s20.npz,76403,c19ba944426ba8e4035654f28199476fb8c1ee6fb16fb7a68f2d33e2545d59cb
tcn,independent_rms,29,bandpass_n20003_cLA_V3_V6_electrode_s15,phase2/results/predictions/full/independent_rms/tcn/seed_29/bandpass_n20003_cLA_V3_V6_electrode_s15.npz,76371,12f25e93a79073e70d91b51ca1f423c183180be58e403de07ed4286c693922f5
tcn,independent_rms,29,bandpass_n20003_cLA_V3_V6_electrode_s10,phase2/results/predictions/full/independent_rms/tcn/seed_29/bandpass_n20003_cLA_V3_V6_electrode_s10.npz,76331,c14b3257b5faf7468aec062a7f9904c47d80cdabf8206f6e7c17434085f9f904
tcn,independent_rms,29,bandpass_n20003_cLA_V3_V6_electrode_s5,phase2/results/predictions/full/independent_rms/tcn/seed_29/bandpass_n20003_cLA_V3_V6_electrode_s5.npz,76194,855e2da687a62a2f07b5ea7d666bfc3f1c70915e2f84701d2d45d3c9c24a8eb1
tcn,independent_rms,29,bandpass_n20003_cLA_V3_V6_electrode_s0,phase2/results/predictions/full/independent_rms/tcn/seed_29/bandpass_n20003_cLA_V3_V6_electrode_s0.npz,75882,08c367f50e3ec02601ed1246e58e460bafeec184b249c8e65aaa6f8c0c99749e
tcn,independent_rms,29,bandpass_n20003_cLA_V3_V6_covariance_s20,phase2/results/predictions/full/independent_rms/tcn/seed_29/bandpass_n20003_cLA_V3_V6_covariance_s20.npz,76384,fbcb067248b11bcb19c1f7307d128c4a78fdb627f435988ccee052c2d0fe1641
tcn,independent_rms,29,bandpass_n20003_cLA_V3_V6_covariance_s15,phase2/results/predictions/full/independent_rms/tcn/seed_29/bandpass_n20003_cLA_V3_V6_covariance_s15.npz,76398,7e56c3abf3a3ed9ed9cfd2b80aaf74da6cb08bbf1b1af09aae2aecd6371be3b0
tcn,independent_rms,29,bandpass_n20003_cLA_V3_V6_covariance_s10,phase2/results/predictions/full/independent_rms/tcn/seed_29/bandpass_n20003_cLA_V3_V6_covariance_s10.npz,76330,5445bc90e3af38a7ef87b7e1a054922914d66ac746777b67cfb6263ce0738cf5
tcn,independent_rms,29,bandpass_n20003_cLA_V3_V6_covariance_s5,phase2/results/predictions/full/independent_rms/tcn/seed_29/bandpass_n20003_cLA_V3_V6_covariance_s5.npz,76202,4f4796a17867371002c9f8eaef0bf68eab0816250b1809c39dea52329c96114d
tcn,independent_rms,29,bandpass_n20003_cLA_V3_V6_covariance_s0,phase2/results/predictions/full/independent_rms/tcn/seed_29/bandpass_n20003_cLA_V3_V6_covariance_s0.npz,75888,1de733bb9cbca0eaf9b786fbfedabbe72ddc70e122b61e60f70b3b2e4a2e63bb
tcn,independent_rms,29,bandpass_n20003_cLL_V1_V4_independent_rms_s20,phase2/results/predictions/full/independent_rms/tcn/seed_29/bandpass_n20003_cLL_V1_V4_independent_rms_s20.npz,76402,110bf6eedfa78a1401e2f178a4f1d8e93060cbfd190df70e0d3a54fa1b287f15
tcn,independent_rms,29,bandpass_n20003_cLL_V1_V4_independent_rms_s15,phase2/results/predictions/full/independent_rms/tcn/seed_29/bandpass_n20003_cLL_V1_V4_independent_rms_s15.npz,76423,4e4567ff906883bb1844fe3ae6a52a22c1f1b43c7cedcabbc50ceb4faa63e9b0
tcn,independent_rms,29,bandpass_n20003_cLL_V1_V4_independent_rms_s10,phase2/results/predictions/full/independent_rms/tcn/seed_29/bandpass_n20003_cLL_V1_V4_independent_rms_s10.npz,76368,98ea7dd0849c84f40fe9af7cc033342b9f300a14115205eb520207f4ab57d770
tcn,independent_rms,29,bandpass_n20003_cLL_V1_V4_independent_rms_s5,phase2/results/predictions/full/independent_rms/tcn/seed_29/bandpass_n20003_cLL_V1_V4_independent_rms_s5.npz,76286,8ee69ee99384023eae2da554045dfd90fb501b80a4ca745ffe1733b281bcadbf
tcn,independent_rms,29,bandpass_n20003_cLL_V1_V4_independent_rms_s0,phase2/results/predictions/full/independent_rms/tcn/seed_29/bandpass_n20003_cLL_V1_V4_independent_rms_s0.npz,75928,65921274ec2cd93bfc351d219a3afe70353f67e1ce2cf9510da78f8bbba4b302
tcn,independent_rms,29,bandpass_n20003_cLL_V1_V4_electrode_s20,phase2/results/predictions/full/independent_rms/tcn/seed_29/bandpass_n20003_cLL_V1_V4_electrode_s20.npz,76396,5f84e919eadcf2b36b05659aac7952b8183f7f32d298910e16b741b1ac778e3e
tcn,independent_rms,29,bandpass_n20003_cLL_V1_V4_electrode_s15,phase2/results/predictions/full/independent_rms/tcn/seed_29/bandpass_n20003_cLL_V1_V4_electrode_s15.npz,76405,a56efaa7cfb18b8c4c6fd29d7dd458dcf4246a6bcf27412a738693efbf7bcc6a
tcn,independent_rms,29,bandpass_n20003_cLL_V1_V4_electrode_s10,phase2/results/predictions/full/independent_rms/tcn/seed_29/bandpass_n20003_cLL_V1_V4_electrode_s10.npz,76293,c8f30dfa15c633f575b287b79e17201516487b11c8c48de59d6b64423bfe7a2a
tcn,independent_rms,29,bandpass_n20003_cLL_V1_V4_electrode_s5,phase2/results/predictions/full/independent_rms/tcn/seed_29/bandpass_n20003_cLL_V1_V4_electrode_s5.npz,76155,c9f20ce420488dfcad8da5a798a30438bbf0ede57b4c4a898d01b83d41d8bc9d
tcn,independent_rms,29,bandpass_n20003_cLL_V1_V4_electrode_s0,phase2/results/predictions/full/independent_rms/tcn/seed_29/bandpass_n20003_cLL_V1_V4_electrode_s0.npz,75879,23a5c9f8f15b1be0e36d97aa69bf045e76eb0418b76b77dcb16fb0d3136ed1e8
tcn,independent_rms,29,bandpass_n20003_cLL_V1_V4_covariance_s20,phase2/results/predictions/full/independent_rms/tcn/seed_29/bandpass_n20003_cLL_V1_V4_covariance_s20.npz,76404,3f585d54ca8c0081af8f908311ec5ac8b19ffc092ed5df6e9fd85fe605518117
tcn,independent_rms,29,bandpass_n20003_cLL_V1_V4_covariance_s15,phase2/results/predictions/full/independent_rms/tcn/seed_29/bandpass_n20003_cLL_V1_V4_covariance_s15.npz,76405,518762cc80736103f91be9e8868ca2603781182318a3d88ecb2d9d0011164562
tcn,independent_rms,29,bandpass_n20003_cLL_V1_V4_covariance_s10,phase2/results/predictions/full/independent_rms/tcn/seed_29/bandpass_n20003_cLL_V1_V4_covariance_s10.npz,76341,93afb36132a7ddc7f15c1227721fffdf7387589ff91d5d2049c8c499753de36a
tcn,independent_rms,29,bandpass_n20003_cLL_V1_V4_covariance_s5,phase2/results/predictions/full/independent_rms/tcn/seed_29/bandpass_n20003_cLL_V1_V4_covariance_s5.npz,76162,da3b107c6f6b9e876ced39442b4e6f2d4a65d1294d5f8b051878f115a69f8c3c
tcn,independent_rms,29,bandpass_n20003_cLL_V1_V4_covariance_s0,phase2/results/predictions/full/independent_rms/tcn/seed_29/bandpass_n20003_cLL_V1_V4_covariance_s0.npz,75844,ef90bd9d8c5310671e75b6a4d3966f0a37a7b0d6ad5d115b38e50ae48d8569c4
tcn,independent_rms,29,bandpass_n20003_call_independent_rms_s20,phase2/results/predictions/full/independent_rms/tcn/seed_29/bandpass_n20003_call_independent_rms_s20.npz,76371,1cc3f5d9764f22a03505af33a3cad6d7c41894cacd3859376e951c5104f10ef0
tcn,independent_rms,29,bandpass_n20003_call_independent_rms_s15,phase2/results/predictions/full/independent_rms/tcn/seed_29/bandpass_n20003_call_independent_rms_s15.npz,76399,e785ce7dc962104d094dd8b7706926c464098106fe3c6ed469fa1ee1b30dda1a
tcn,independent_rms,29,bandpass_n20003_call_independent_rms_s10,phase2/results/predictions/full/independent_rms/tcn/seed_29/bandpass_n20003_call_independent_rms_s10.npz,76369,249d20027245db13820eb0aa168a21f7334703689b2e83a365a4ad732263c7b0
tcn,independent_rms,29,bandpass_n20003_call_independent_rms_s5,phase2/results/predictions/full/independent_rms/tcn/seed_29/bandpass_n20003_call_independent_rms_s5.npz,76204,176ccca9ba59c111f82c422268aa7c2a456fdc62bd43208688d3e660d5aa972f
tcn,independent_rms,29,bandpass_n20003_call_independent_rms_s0,phase2/results/predictions/full/independent_rms/tcn/seed_29/bandpass_n20003_call_independent_rms_s0.npz,75943,34dd8c3d059f60395cdd91f6fb801c534e6323f70575a61a7e1af2565c60cf30
tcn,independent_rms,29,bandpass_n20003_call_electrode_s20,phase2/results/predictions/full/independent_rms/tcn/seed_29/bandpass_n20003_call_electrode_s20.npz,76370,e8f684f1eec3bfcd90503069d946da102fab553eef02e8f6df2e78738b4368fe
tcn,independent_rms,29,bandpass_n20003_call_electrode_s15,phase2/results/predictions/full/independent_rms/tcn/seed_29/bandpass_n20003_call_electrode_s15.npz,76362,774bc6563a9fb9a8c0c573b239b4e0891d7d28af0193a2d88e8beb7118876818
tcn,independent_rms,29,bandpass_n20003_call_electrode_s10,phase2/results/predictions/full/independent_rms/tcn/seed_29/bandpass_n20003_call_electrode_s10.npz,76248,ee7b9220876598181ecc16f6d0edbf8e0f2b58600f8028aa024ef78df28020bd
tcn,independent_rms,29,bandpass_n20003_call_electrode_s5,phase2/results/predictions/full/independent_rms/tcn/seed_29/bandpass_n20003_call_electrode_s5.npz,76099,e639ec6c3e4a361e554596248d9fea133c310c0a215f155e075abbf44369c267
tcn,independent_rms,29,bandpass_n20003_call_electrode_s0,phase2/results/predictions/full/independent_rms/tcn/seed_29/bandpass_n20003_call_electrode_s0.npz,75702,dd9c46376f21ce30568fdea5c8c9e1e493b2bc51961677fd233192e74636117e
tcn,independent_rms,29,bandpass_n20003_call_covariance_s20,phase2/results/predictions/full/independent_rms/tcn/seed_29/bandpass_n20003_call_covariance_s20.npz,76399,529c67318ab47f4d46943acee5c5f2b18f3ba1a7e6bff3c0ef55293f93ffa75e
tcn,independent_rms,29,bandpass_n20003_call_covariance_s15,phase2/results/predictions/full/independent_rms/tcn/seed_29/bandpass_n20003_call_covariance_s15.npz,76357,da2fb89f354cf9a68737078a7912f2627c372b13983a1b4a6e61b8b922802db4
tcn,independent_rms,29,bandpass_n20003_call_covariance_s10,phase2/results/predictions/full/independent_rms/tcn/seed_29/bandpass_n20003_call_covariance_s10.npz,76272,1a5c891a1910dca460d261752c5d72d6e2673c290f17fcab42013384ec516e09
tcn,independent_rms,29,bandpass_n20003_call_covariance_s5,phase2/results/predictions/full/independent_rms/tcn/seed_29/bandpass_n20003_call_covariance_s5.npz,76136,90a2a92d6d7bf52c0b588eda5c8833cfe8fd5e33e0de301ad1a2e3b26bf42c36
tcn,independent_rms,29,bandpass_n20003_call_covariance_s0,phase2/results/predictions/full/independent_rms/tcn/seed_29/bandpass_n20003_call_covariance_s0.npz,75689,74171d32e2abfd0a2b288c647796d91f0e72f781c6542e7effe99c7c03bdc8c6
tcn,independent_rms,29,bandpass_n20004_cRA_LA_LL_independent_rms_s20,phase2/results/predictions/full/independent_rms/tcn/seed_29/bandpass_n20004_cRA_LA_LL_independent_rms_s20.npz,76405,ced942bf8096e36110ee0433b2845f7fb2c5b6dfc6d9f0035018d73dffa17bb8
tcn,independent_rms,29,bandpass_n20004_cRA_LA_LL_independent_rms_s15,phase2/results/predictions/full/independent_rms/tcn/seed_29/bandpass_n20004_cRA_LA_LL_independent_rms_s15.npz,76434,009ecde91eed564dcb834bd7b0879974f2faaf92c2e9b004ab140b3183a1bfa9
tcn,independent_rms,29,bandpass_n20004_cRA_LA_LL_independent_rms_s10,phase2/results/predictions/full/independent_rms/tcn/seed_29/bandpass_n20004_cRA_LA_LL_independent_rms_s10.npz,76378,835b7797585511b1173ca1ada700bfcf67e54001486822134ee26c1ab202ca3e
tcn,independent_rms,29,bandpass_n20004_cRA_LA_LL_independent_rms_s5,phase2/results/predictions/full/independent_rms/tcn/seed_29/bandpass_n20004_cRA_LA_LL_independent_rms_s5.npz,76240,e9999fcd863f25c325ee8e7af4b91614862382870d090d851139164b585281cb
tcn,independent_rms,29,bandpass_n20004_cRA_LA_LL_independent_rms_s0,phase2/results/predictions/full/independent_rms/tcn/seed_29/bandpass_n20004_cRA_LA_LL_independent_rms_s0.npz,75944,be7c09ef316fdce8db7aa0c1af7f1001e55dd4efb20b8d2ad2237cbcaf296afd
tcn,independent_rms,29,bandpass_n20004_cRA_LA_LL_electrode_s20,phase2/results/predictions/full/independent_rms/tcn/seed_29/bandpass_n20004_cRA_LA_LL_electrode_s20.npz,76408,0f785e27c073230d26da324acad346c763bec4373bd63040b788d645acb2c28a
tcn,independent_rms,29,bandpass_n20004_cRA_LA_LL_electrode_s15,phase2/results/predictions/full/independent_rms/tcn/seed_29/bandpass_n20004_cRA_LA_LL_electrode_s15.npz,76366,b75ceb4834767d5d202607e01173f7fd27978f5f1be28ff22915bf2276650532
tcn,independent_rms,29,bandpass_n20004_cRA_LA_LL_electrode_s10,phase2/results/predictions/full/independent_rms/tcn/seed_29/bandpass_n20004_cRA_LA_LL_electrode_s10.npz,76250,24a46d62f3ff6f58332401e2646c7904fcaf859d1aa251558402dd6f77df5b08
tcn,independent_rms,29,bandpass_n20004_cRA_LA_LL_electrode_s5,phase2/results/predictions/full/independent_rms/tcn/seed_29/bandpass_n20004_cRA_LA_LL_electrode_s5.npz,76087,d61d2c9cd82c2d4ee25352183ef5f76b272df4a7de665550d4932c3ae2185387
tcn,independent_rms,29,bandpass_n20004_cRA_LA_LL_electrode_s0,phase2/results/predictions/full/independent_rms/tcn/seed_29/bandpass_n20004_cRA_LA_LL_electrode_s0.npz,75679,e99981a74137b55749448c4cdbabfb0268be63e706e5ae992d49e456dadc3012
tcn,independent_rms,29,bandpass_n20004_cRA_LA_LL_covariance_s20,phase2/results/predictions/full/independent_rms/tcn/seed_29/bandpass_n20004_cRA_LA_LL_covariance_s20.npz,76377,8deaed06e3426cf224c30248c3a99f330f05269282ffa8b4a6a5c23f48ca0a03
tcn,independent_rms,29,bandpass_n20004_cRA_LA_LL_covariance_s15,phase2/results/predictions/full/independent_rms/tcn/seed_29/bandpass_n20004_cRA_LA_LL_covariance_s15.npz,76384,25dd4a324a3d3b28d0a5907e288af73fe05b808bf43ee722bd83b47030f07fca
tcn,independent_rms,29,bandpass_n20004_cRA_LA_LL_covariance_s10,phase2/results/predictions/full/independent_rms/tcn/seed_29/bandpass_n20004_cRA_LA_LL_covariance_s10.npz,76300,de7c776895a0ba804b4230f84ac83c18871f6bdee097013cea164ffa8e95f607
tcn,independent_rms,29,bandpass_n20004_cRA_LA_LL_covariance_s5,phase2/results/predictions/full/independent_rms/tcn/seed_29/bandpass_n20004_cRA_LA_LL_covariance_s5.npz,76092,d811f765ede806bc0794016a3c946923a43da3a27ec82f26f22f9c427e6d5d99
tcn,independent_rms,29,bandpass_n20004_cRA_LA_LL_covariance_s0,phase2/results/predictions/full/independent_rms/tcn/seed_29/bandpass_n20004_cRA_LA_LL_covariance_s0.npz,75644,08bbfbe3a505a261e3e98f57658e4b2abf98b6d6213aeb90355a48fbe8389fd5
tcn,independent_rms,29,bandpass_n20004_cV1_independent_rms_s20,phase2/results/predictions/full/independent_rms/tcn/seed_29/bandpass_n20004_cV1_independent_rms_s20.npz,76383,d8c842f0feb0d15aa9a0e08cf3e614aeabe46c3b89cec1f3e198200c29e902ab
tcn,independent_rms,29,bandpass_n20004_cV1_independent_rms_s15,phase2/results/predictions/full/independent_rms/tcn/seed_29/bandpass_n20004_cV1_independent_rms_s15.npz,76375,318f277eb8480a828eb83739b491e29c58cbe7fdceb82c8c66be7499159da378
tcn,independent_rms,29,bandpass_n20004_cV1_independent_rms_s10,phase2/results/predictions/full/independent_rms/tcn/seed_29/bandpass_n20004_cV1_independent_rms_s10.npz,76318,13483801cc92e125d987b0289407a1f024c1734dd1ce47c2c982cee948a26944
tcn,independent_rms,29,bandpass_n20004_cV1_independent_rms_s5,phase2/results/predictions/full/independent_rms/tcn/seed_29/bandpass_n20004_cV1_independent_rms_s5.npz,76235,344a2f768330d15194d572e18af484b90c061afca74c4cc4e3f7a3114d99a029
tcn,independent_rms,29,bandpass_n20004_cV1_independent_rms_s0,phase2/results/predictions/full/independent_rms/tcn/seed_29/bandpass_n20004_cV1_independent_rms_s0.npz,75827,a1d797c66323cf5412fe7a47e7c4fc86a7e9989ca6fe696a96b7f0a6327f88ae
tcn,independent_rms,29,bandpass_n20004_cV1_electrode_s20,phase2/results/predictions/full/independent_rms/tcn/seed_29/bandpass_n20004_cV1_electrode_s20.npz,76378,5ba8e8a0798013d5fbdcd70254b84a2e27d033cd2f11153386a83f62c294c6e2
tcn,independent_rms,29,bandpass_n20004_cV1_electrode_s15,phase2/results/predictions/full/independent_rms/tcn/seed_29/bandpass_n20004_cV1_electrode_s15.npz,76377,2816be2bd692540eab8c496f508fc11afc4a994c5d145d391a5434989bc51666
tcn,independent_rms,29,bandpass_n20004_cV1_electrode_s10,phase2/results/predictions/full/independent_rms/tcn/seed_29/bandpass_n20004_cV1_electrode_s10.npz,76334,9a5f6deccf9b45e604a33a362521be93ca602f33f116d313d8a095e45f37236f
tcn,independent_rms,29,bandpass_n20004_cV1_electrode_s5,phase2/results/predictions/full/independent_rms/tcn/seed_29/bandpass_n20004_cV1_electrode_s5.npz,76163,7e7b2d25b19efe259373c935d413ccf3f2b9150ff632a408c45f91a3710a5095
tcn,independent_rms,29,bandpass_n20004_cV1_electrode_s0,phase2/results/predictions/full/independent_rms/tcn/seed_29/bandpass_n20004_cV1_electrode_s0.npz,75852,aa77ab44649de323166cd10fc4475e5e46e7021d82182ae75ec0a6c24b4518dd
tcn,independent_rms,29,bandpass_n20004_cV1_covariance_s20,phase2/results/predictions/full/independent_rms/tcn/seed_29/bandpass_n20004_cV1_covariance_s20.npz,76372,0f9210b6feb3de61a884a15b37fbe82c2be87593c60806a8945b7f57c1e88e05
tcn,independent_rms,29,bandpass_n20004_cV1_covariance_s15,phase2/results/predictions/full/independent_rms/tcn/seed_29/bandpass_n20004_cV1_covariance_s15.npz,76376,d0a0860ab517b6c6578a5d0dc08b0497b877d00b20ad2a707d7d923269244ba8
tcn,independent_rms,29,bandpass_n20004_cV1_covariance_s10,phase2/results/predictions/full/independent_rms/tcn/seed_29/bandpass_n20004_cV1_covariance_s10.npz,76331,620bbd5ef45ba71a9ac1559c4a04ab3844faad17a3244fb9844e97113b554be0
tcn,independent_rms,29,bandpass_n20004_cV1_covariance_s5,phase2/results/predictions/full/independent_rms/tcn/seed_29/bandpass_n20004_cV1_covariance_s5.npz,76182,ad6da0325ab1a9ce2da19c9392a6d7bbf7ee8d25e5b2039e5916a1f1d12a1ff6
tcn,independent_rms,29,bandpass_n20004_cV1_covariance_s0,phase2/results/predictions/full/independent_rms/tcn/seed_29/bandpass_n20004_cV1_covariance_s0.npz,75844,cc112fd90bfcc62348ad833095e6ab15317f42fea29be3062946ce70bb866ece
tcn,independent_rms,29,bandpass_n20004_cV2_independent_rms_s20,phase2/results/predictions/full/independent_rms/tcn/seed_29/bandpass_n20004_cV2_independent_rms_s20.npz,76421,030fabb4672561c5f7f2264b3327bcdd02c7fba078685132c9b23f5a62d62f5c
tcn,independent_rms,29,bandpass_n20004_cV2_independent_rms_s15,phase2/results/predictions/full/independent_rms/tcn/seed_29/bandpass_n20004_cV2_independent_rms_s15.npz,76402,9ef7851228bfd938058d7c90787dc7d5a077f700cbd2d9b15585e11095bebc8c
tcn,independent_rms,29,bandpass_n20004_cV2_independent_rms_s10,phase2/results/predictions/full/independent_rms/tcn/seed_29/bandpass_n20004_cV2_independent_rms_s10.npz,76378,70de307c30fcb1b642298f278f8289db5de0e4b3b267dd89457e1c67e91a9ef1
tcn,independent_rms,29,bandpass_n20004_cV2_independent_rms_s5,phase2/results/predictions/full/independent_rms/tcn/seed_29/bandpass_n20004_cV2_independent_rms_s5.npz,76229,88acd5366b7fb217724334eed9a03b200feeb4e9b426433ef6941606537a2099
tcn,independent_rms,29,bandpass_n20004_cV2_independent_rms_s0,phase2/results/predictions/full/independent_rms/tcn/seed_29/bandpass_n20004_cV2_independent_rms_s0.npz,75988,0145f6cd61a72d0610233ff1af9acd581c9d217e4937eb3d61a1269679992273
tcn,independent_rms,29,bandpass_n20004_cV2_electrode_s20,phase2/results/predictions/full/independent_rms/tcn/seed_29/bandpass_n20004_cV2_electrode_s20.npz,76401,fbe39223e8147dd03ed9698a7641ad42ec70f451bbd74b91c67cd2ee0dc9962c
tcn,independent_rms,29,bandpass_n20004_cV2_electrode_s15,phase2/results/predictions/full/independent_rms/tcn/seed_29/bandpass_n20004_cV2_electrode_s15.npz,76390,31457e527710a56228066f7f0a4bf9b92107b24c9f0506df49402d5465d85a8b
tcn,independent_rms,29,bandpass_n20004_cV2_electrode_s10,phase2/results/predictions/full/independent_rms/tcn/seed_29/bandpass_n20004_cV2_electrode_s10.npz,76321,0b782c3a439f9a2144d9b78a9057a649e6df93b8e931ef25c82ceaa5d891f8a5
tcn,independent_rms,29,bandpass_n20004_cV2_electrode_s5,phase2/results/predictions/full/independent_rms/tcn/seed_29/bandpass_n20004_cV2_electrode_s5.npz,76216,d71f4b4615b04e132dd19cdd45897bf47c2ccc5c76b7da8bb9ca3b270718ca1c
tcn,independent_rms,29,bandpass_n20004_cV2_electrode_s0,phase2/results/predictions/full/independent_rms/tcn/seed_29/bandpass_n20004_cV2_electrode_s0.npz,75964,efb86cd68e05cbb789d75053dc433e531779058aa982230e655763cf79027cbb
tcn,independent_rms,29,bandpass_n20004_cV2_covariance_s20,phase2/results/predictions/full/independent_rms/tcn/seed_29/bandpass_n20004_cV2_covariance_s20.npz,76370,8b47ee593d80deeb6d4094a78adebd884f2b11843bc6f12c857fa75082bc04fd
tcn,independent_rms,29,bandpass_n20004_cV2_covariance_s15,phase2/results/predictions/full/independent_rms/tcn/seed_29/bandpass_n20004_cV2_covariance_s15.npz,76375,de00e4e6f1127f6833ed7ff897e55caedfadcaec7ea4b6ea28c0fac3a7218848
tcn,independent_rms,29,bandpass_n20004_cV2_covariance_s10,phase2/results/predictions/full/independent_rms/tcn/seed_29/bandpass_n20004_cV2_covariance_s10.npz,76360,7065c58fbf3d2d02e1f10b06546f58bf612ebee2701e7f4dccdb709cae2bf1b8
tcn,independent_rms,29,bandpass_n20004_cV2_covariance_s5,phase2/results/predictions/full/independent_rms/tcn/seed_29/bandpass_n20004_cV2_covariance_s5.npz,76204,61d9cc19b2391d80d98c936395746cb390daaa2a1bef08c658bcc6048da84f8d
tcn,independent_rms,29,bandpass_n20004_cV2_covariance_s0,phase2/results/predictions/full/independent_rms/tcn/seed_29/bandpass_n20004_cV2_covariance_s0.npz,75981,9be7c47336efc44c37b6f332b6807b41b3d37a204f335775c37455702e1f4e4b
tcn,independent_rms,29,bandpass_n20004_cV3_independent_rms_s20,phase2/results/predictions/full/independent_rms/tcn/seed_29/bandpass_n20004_cV3_independent_rms_s20.npz,76391,113a2839d8408287d93984e4e8ca3bd1a370dde77f870887fbf400568429c120
tcn,independent_rms,29,bandpass_n20004_cV3_independent_rms_s15,phase2/results/predictions/full/independent_rms/tcn/seed_29/bandpass_n20004_cV3_independent_rms_s15.npz,76417,01cc0b55e69ab070232b44e344a141080e118b4ec223a0e8a97ead2b45e32ce2
tcn,independent_rms,29,bandpass_n20004_cV3_independent_rms_s10,phase2/results/predictions/full/independent_rms/tcn/seed_29/bandpass_n20004_cV3_independent_rms_s10.npz,76426,0f8a45e8faf847f29396edf22050f68b2f794f95af42fbc85c3bbbab8aeaf190
tcn,independent_rms,29,bandpass_n20004_cV3_independent_rms_s5,phase2/results/predictions/full/independent_rms/tcn/seed_29/bandpass_n20004_cV3_independent_rms_s5.npz,76412,909407cf2429d71e92bfd27133bee81f2dd59107a9516df1255fe9aa1962aced
tcn,independent_rms,29,bandpass_n20004_cV3_independent_rms_s0,phase2/results/predictions/full/independent_rms/tcn/seed_29/bandpass_n20004_cV3_independent_rms_s0.npz,76285,a9c7218326bf1f1afefa50040534f9017c43ad33f7535a87713b9ed9bcaafcdf
tcn,independent_rms,29,bandpass_n20004_cV3_electrode_s20,phase2/results/predictions/full/independent_rms/tcn/seed_29/bandpass_n20004_cV3_electrode_s20.npz,76362,c6ea06744562d025a84cb0b57f7c22d0231d0d3dced73e340b39c57210861a23
tcn,independent_rms,29,bandpass_n20004_cV3_electrode_s15,phase2/results/predictions/full/independent_rms/tcn/seed_29/bandpass_n20004_cV3_electrode_s15.npz,76371,8a0d93f763e81948b2d0860b48489cdee00b502645382ea1c3e548676209505a
tcn,independent_rms,29,bandpass_n20004_cV3_electrode_s10,phase2/results/predictions/full/independent_rms/tcn/seed_29/bandpass_n20004_cV3_electrode_s10.npz,76368,9218ba9cdf9ded482ac15d8baa2c4ca4aab31bb686c093bf0762a83d44f4e96d
tcn,independent_rms,29,bandpass_n20004_cV3_electrode_s5,phase2/results/predictions/full/independent_rms/tcn/seed_29/bandpass_n20004_cV3_electrode_s5.npz,76362,7b968ffca9025ea16594892165e505473db3e43a51370b4f19a050fc486d1036
tcn,independent_rms,29,bandpass_n20004_cV3_electrode_s0,phase2/results/predictions/full/independent_rms/tcn/seed_29/bandpass_n20004_cV3_electrode_s0.npz,76268,d77cdf6e0f965920b08412bee1296af1875abb9bf260de15da4042a2b89e0127
tcn,independent_rms,29,bandpass_n20004_cV3_covariance_s20,phase2/results/predictions/full/independent_rms/tcn/seed_29/bandpass_n20004_cV3_covariance_s20.npz,76378,984a97c87af75118abc2a4dbe87608fc3b4fb333aae93b4b5e8cf79e987d5c2c
tcn,independent_rms,29,bandpass_n20004_cV3_covariance_s15,phase2/results/predictions/full/independent_rms/tcn/seed_29/bandpass_n20004_cV3_covariance_s15.npz,76399,13438c3ef2c3f24e09df4aed52e6ed3a607b880ed56a3b745b54aba4bb4b576a
tcn,independent_rms,29,bandpass_n20004_cV3_covariance_s10,phase2/results/predictions/full/independent_rms/tcn/seed_29/bandpass_n20004_cV3_covariance_s10.npz,76360,7bc3ae1febeea3bedb56cfd5f7b94cf1f012f339a62f2db436735b2121aa29e1
tcn,independent_rms,29,bandpass_n20004_cV3_covariance_s5,phase2/results/predictions/full/independent_rms/tcn/seed_29/bandpass_n20004_cV3_covariance_s5.npz,76366,b8b9ccf38fe93327c53af01df1cafa5f8fcb322f934be214af81bdd5a1f8bcf5
tcn,independent_rms,29,bandpass_n20004_cV3_covariance_s0,phase2/results/predictions/full/independent_rms/tcn/seed_29/bandpass_n20004_cV3_covariance_s0.npz,76243,6ef53e10be036636dc9798ea573a6010e652a305fa74468421e5710c5fa25d9f
tcn,independent_rms,29,bandpass_n20004_cV4_independent_rms_s20,phase2/results/predictions/full/independent_rms/tcn/seed_29/bandpass_n20004_cV4_independent_rms_s20.npz,76403,bcb77a465dec130976ac3f33bed89a5edce910f12dc015b5ff5c03ce5c01fd5c
tcn,independent_rms,29,bandpass_n20004_cV4_independent_rms_s15,phase2/results/predictions/full/independent_rms/tcn/seed_29/bandpass_n20004_cV4_independent_rms_s15.npz,76381,fd53bde6a157d73888ccfe6b79d77b9631b0dec8fd79740950004f91bf91fd1d
tcn,independent_rms,29,bandpass_n20004_cV4_independent_rms_s10,phase2/results/predictions/full/independent_rms/tcn/seed_29/bandpass_n20004_cV4_independent_rms_s10.npz,76397,fc71e758c66043931e4b8a344c2fccb66493e33c5fb75cd7f355643909717920
tcn,independent_rms,29,bandpass_n20004_cV4_independent_rms_s5,phase2/results/predictions/full/independent_rms/tcn/seed_29/bandpass_n20004_cV4_independent_rms_s5.npz,76264,6c2274cce8cea735ee2399e512b5686f745a0808831a053d578e9824883b861b
tcn,independent_rms,29,bandpass_n20004_cV4_independent_rms_s0,phase2/results/predictions/full/independent_rms/tcn/seed_29/bandpass_n20004_cV4_independent_rms_s0.npz,76159,cbfd1120f16172f1a8095535e07a68c3bff401142224b383c50a157786343671
tcn,independent_rms,29,bandpass_n20004_cV4_electrode_s20,phase2/results/predictions/full/independent_rms/tcn/seed_29/bandpass_n20004_cV4_electrode_s20.npz,76392,d17cf35b02f032b197a0af1613cd47b1427d3fc9af14cfb67c666796f1082b3e
tcn,independent_rms,29,bandpass_n20004_cV4_electrode_s15,phase2/results/predictions/full/independent_rms/tcn/seed_29/bandpass_n20004_cV4_electrode_s15.npz,76378,21518a5f1316ef23be9b35563e995f8a5460fdbc0cfe3bc23b55acb0dbbaf8aa
tcn,independent_rms,29,bandpass_n20004_cV4_electrode_s10,phase2/results/predictions/full/independent_rms/tcn/seed_29/bandpass_n20004_cV4_electrode_s10.npz,76377,07df590250b2454c14a0f7fc77d2a305e0c40393c9b7f2a0d554bfd0367ffd63
tcn,independent_rms,29,bandpass_n20004_cV4_electrode_s5,phase2/results/predictions/full/independent_rms/tcn/seed_29/bandpass_n20004_cV4_electrode_s5.npz,76281,cd967754519d31823bed4eccabc3b331f7f76d2f53b6313488a0927fdd069b71
tcn,independent_rms,29,bandpass_n20004_cV4_electrode_s0,phase2/results/predictions/full/independent_rms/tcn/seed_29/bandpass_n20004_cV4_electrode_s0.npz,76171,389a05b1296f3d20bddaafb93fbd24aad0f859b974f1ec0a54f6232103040f80
tcn,independent_rms,29,bandpass_n20004_cV4_covariance_s20,phase2/results/predictions/full/independent_rms/tcn/seed_29/bandpass_n20004_cV4_covariance_s20.npz,76376,8ce7e9179ec4edf1e9a3e3b28f2073e31a8dea53d7a868c4f231f1379da1c7ce
tcn,independent_rms,29,bandpass_n20004_cV4_covariance_s15,phase2/results/predictions/full/independent_rms/tcn/seed_29/bandpass_n20004_cV4_covariance_s15.npz,76361,d1a71e86451fdc0a86b321d7ea2c5abcda14e0933331f6ea6f9145ce138db5c2
tcn,independent_rms,29,bandpass_n20004_cV4_covariance_s10,phase2/results/predictions/full/independent_rms/tcn/seed_29/bandpass_n20004_cV4_covariance_s10.npz,76369,27dd3f8c23854260177a9de38eccec8370a08ab7749bdbc4aa3dc96a87f95e4e
tcn,independent_rms,29,bandpass_n20004_cV4_covariance_s5,phase2/results/predictions/full/independent_rms/tcn/seed_29/bandpass_n20004_cV4_covariance_s5.npz,76279,4eb8c7f9daa4b84c88457d4020fae963c937f63d6fa8e4de3a8ebf270e6b3b91
tcn,independent_rms,29,bandpass_n20004_cV4_covariance_s0,phase2/results/predictions/full/independent_rms/tcn/seed_29/bandpass_n20004_cV4_covariance_s0.npz,76148,7ad17369ef06ac12844386f0988fcceb8bfa14a7976f862c50b12b9ab22727d0
tcn,independent_rms,29,bandpass_n20004_cV5_independent_rms_s20,phase2/results/predictions/full/independent_rms/tcn/seed_29/bandpass_n20004_cV5_independent_rms_s20.npz,76371,e5fec71ed63a6a7f7fcfe68250ac11fbcf67b54cac98dec6a3f3c7184eb9faa3
tcn,independent_rms,29,bandpass_n20004_cV5_independent_rms_s15,phase2/results/predictions/full/independent_rms/tcn/seed_29/bandpass_n20004_cV5_independent_rms_s15.npz,76373,fc1f25fc71515d6b810fc83bfdfa9ca4024c302fd5198b685707b00443ce76c1
tcn,independent_rms,29,bandpass_n20004_cV5_independent_rms_s10,phase2/results/predictions/full/independent_rms/tcn/seed_29/bandpass_n20004_cV5_independent_rms_s10.npz,76409,a66b64627631f42f9c5d49594727c8e5f0be368c985284341ed4ec6b51751e97
tcn,independent_rms,29,bandpass_n20004_cV5_independent_rms_s5,phase2/results/predictions/full/independent_rms/tcn/seed_29/bandpass_n20004_cV5_independent_rms_s5.npz,76313,1d3b37e8d46611f2efb7db89aeffe6ae9aa913d5a4fee8e05933e78624587084
tcn,independent_rms,29,bandpass_n20004_cV5_independent_rms_s0,phase2/results/predictions/full/independent_rms/tcn/seed_29/bandpass_n20004_cV5_independent_rms_s0.npz,76109,c8984c6e12c007fc21467af4c6c740bb03e5ccc34e532e9e616b704087b7cf79
tcn,independent_rms,29,bandpass_n20004_cV5_electrode_s20,phase2/results/predictions/full/independent_rms/tcn/seed_29/bandpass_n20004_cV5_electrode_s20.npz,76393,105c2123dcc82c2f97574d0a23071497932e18bf9e7707d787b0d88b43c9dda0
tcn,independent_rms,29,bandpass_n20004_cV5_electrode_s15,phase2/results/predictions/full/independent_rms/tcn/seed_29/bandpass_n20004_cV5_electrode_s15.npz,76384,17a87ee333c944a383783414c9cc6133d9639cbdd682be01978ab0ff4df058ca
tcn,independent_rms,29,bandpass_n20004_cV5_electrode_s10,phase2/results/predictions/full/independent_rms/tcn/seed_29/bandpass_n20004_cV5_electrode_s10.npz,76382,95838717683e227ebb46475cf294e4d1480048b284766ba4b896d3a7669f4443
tcn,independent_rms,29,bandpass_n20004_cV5_electrode_s5,phase2/results/predictions/full/independent_rms/tcn/seed_29/bandpass_n20004_cV5_electrode_s5.npz,76311,6582f89d5cb86d830e35abf18be70b7d3f20af3354d49a2025eb2762ca57bcf3
tcn,independent_rms,29,bandpass_n20004_cV5_electrode_s0,phase2/results/predictions/full/independent_rms/tcn/seed_29/bandpass_n20004_cV5_electrode_s0.npz,76072,0a1a268a4d97e90d93d8f612d2118281add76af26e54852e5a37f46015bd1d30
tcn,independent_rms,29,bandpass_n20004_cV5_covariance_s20,phase2/results/predictions/full/independent_rms/tcn/seed_29/bandpass_n20004_cV5_covariance_s20.npz,76416,c498b601754cc23c6088219b312004b4de3b58671ee01df5790898c0aa70919f
tcn,independent_rms,29,bandpass_n20004_cV5_covariance_s15,phase2/results/predictions/full/independent_rms/tcn/seed_29/bandpass_n20004_cV5_covariance_s15.npz,76383,f3eb688a7bcaa81bfee9f64e4d6d0e60e18423a5347302c40448e923f867ef7e
tcn,independent_rms,29,bandpass_n20004_cV5_covariance_s10,phase2/results/predictions/full/independent_rms/tcn/seed_29/bandpass_n20004_cV5_covariance_s10.npz,76393,4c9dd60f09df96e70c8769939519f8dd9c2f3757f4e9e898689f29222d279a00
tcn,independent_rms,29,bandpass_n20004_cV5_covariance_s5,phase2/results/predictions/full/independent_rms/tcn/seed_29/bandpass_n20004_cV5_covariance_s5.npz,76284,2f88d9752e6a4831933cf8b9460001d49ddc725217f8f8d66578ef2508431355
tcn,independent_rms,29,bandpass_n20004_cV5_covariance_s0,phase2/results/predictions/full/independent_rms/tcn/seed_29/bandpass_n20004_cV5_covariance_s0.npz,76092,e2bb3245c57e66a50e2924862af9d7ff19031512f2854c405910970acfdb3630
tcn,independent_rms,29,bandpass_n20004_cV6_independent_rms_s20,phase2/results/predictions/full/independent_rms/tcn/seed_29/bandpass_n20004_cV6_independent_rms_s20.npz,76421,ba744614769395665423420b50d8847e23702a7cd712c05b9f53150cd5d23ad7
tcn,independent_rms,29,bandpass_n20004_cV6_independent_rms_s15,phase2/results/predictions/full/independent_rms/tcn/seed_29/bandpass_n20004_cV6_independent_rms_s15.npz,76409,2e8d00c53ea3582bc1093a8bdd5938c55aee0d2527608db07f54274b14be124a
tcn,independent_rms,29,bandpass_n20004_cV6_independent_rms_s10,phase2/results/predictions/full/independent_rms/tcn/seed_29/bandpass_n20004_cV6_independent_rms_s10.npz,76327,d747a025b754e4483057c37931499b485e6810b526acc817eadc863f5ff8319e
tcn,independent_rms,29,bandpass_n20004_cV6_independent_rms_s5,phase2/results/predictions/full/independent_rms/tcn/seed_29/bandpass_n20004_cV6_independent_rms_s5.npz,76257,3b25b9083a828573bfbb95683d904e68b3a1e1e396f51e32fc79eadc80c98457
tcn,independent_rms,29,bandpass_n20004_cV6_independent_rms_s0,phase2/results/predictions/full/independent_rms/tcn/seed_29/bandpass_n20004_cV6_independent_rms_s0.npz,76078,c2ca2046b46f86b76a3806dd461c05aa935ba07e4e8ce51810e6fa14fd7362a8
tcn,independent_rms,29,bandpass_n20004_cV6_electrode_s20,phase2/results/predictions/full/independent_rms/tcn/seed_29/bandpass_n20004_cV6_electrode_s20.npz,76385,c100eb74f8c90c770d2a24ab8dda51b62fa3330bcd45df643542f2a4bd3e913f
tcn,independent_rms,29,bandpass_n20004_cV6_electrode_s15,phase2/results/predictions/full/independent_rms/tcn/seed_29/bandpass_n20004_cV6_electrode_s15.npz,76386,e7bf2e735b80f8ef6bbe0f9174eb0e9f3533606087e2fcfcd39ef8700197efa6
tcn,independent_rms,29,bandpass_n20004_cV6_electrode_s10,phase2/results/predictions/full/independent_rms/tcn/seed_29/bandpass_n20004_cV6_electrode_s10.npz,76389,5a725f1e68a8b3520c8bd73ead32d0e80cf620c14f74cc57037b8a3f1ec48dee
tcn,independent_rms,29,bandpass_n20004_cV6_electrode_s5,phase2/results/predictions/full/independent_rms/tcn/seed_29/bandpass_n20004_cV6_electrode_s5.npz,76250,bb0c7187a63e9d24090b10729ae5b9e7e5cd6ad8040daca223acf1d75f16c038
tcn,independent_rms,29,bandpass_n20004_cV6_electrode_s0,phase2/results/predictions/full/independent_rms/tcn/seed_29/bandpass_n20004_cV6_electrode_s0.npz,76021,2a2fbbc668539feb8e23f8bb6421552a3389e956b97331b4001a725e9cf96179
tcn,independent_rms,29,bandpass_n20004_cV6_covariance_s20,phase2/results/predictions/full/independent_rms/tcn/seed_29/bandpass_n20004_cV6_covariance_s20.npz,76400,e6068d67c2d775a5eae220d5e84df32d3fbeccc2411fb6c0ecf5399069d26538
tcn,independent_rms,29,bandpass_n20004_cV6_covariance_s15,phase2/results/predictions/full/independent_rms/tcn/seed_29/bandpass_n20004_cV6_covariance_s15.npz,76384,a483efe337048a17e8dd8013f6c6b9df06bd8233651028461f7c4add74bd4273
tcn,independent_rms,29,bandpass_n20004_cV6_covariance_s10,phase2/results/predictions/full/independent_rms/tcn/seed_29/bandpass_n20004_cV6_covariance_s10.npz,76354,b451b88ddafc982d919d112ddd5c057fd58034e0f87f16b41bc01af24891263e
tcn,independent_rms,29,bandpass_n20004_cV6_covariance_s5,phase2/results/predictions/full/independent_rms/tcn/seed_29/bandpass_n20004_cV6_covariance_s5.npz,76246,fce3151dbcecb3fdecf310906235fac6153dcabc47df5c325d7e272035372ae1
tcn,independent_rms,29,bandpass_n20004_cV6_covariance_s0,phase2/results/predictions/full/independent_rms/tcn/seed_29/bandpass_n20004_cV6_covariance_s0.npz,75991,79097f50379eef47c35b540b5cce78373e78d3400ed6a887b2f99e2465d72e6d
tcn,independent_rms,29,bandpass_n20004_cRA_LA_independent_rms_s20,phase2/results/predictions/full/independent_rms/tcn/seed_29/bandpass_n20004_cRA_LA_independent_rms_s20.npz,76413,1eb73a2b704f63a9dfb0574fbc88dd95ceae84ba7d090d8bbe663455c8437129
tcn,independent_rms,29,bandpass_n20004_cRA_LA_independent_rms_s15,phase2/results/predictions/full/independent_rms/tcn/seed_29/bandpass_n20004_cRA_LA_independent_rms_s15.npz,76393,0d2f406dc78cbc9cba757c79606eaa52fea406a46d866ead54681bb66c1e86cf
tcn,independent_rms,29,bandpass_n20004_cRA_LA_independent_rms_s10,phase2/results/predictions/full/independent_rms/tcn/seed_29/bandpass_n20004_cRA_LA_independent_rms_s10.npz,76353,ee921bf92599e776f982d1602c88a2d90be32b9d93fcc4245f5c227804903bf6
tcn,independent_rms,29,bandpass_n20004_cRA_LA_independent_rms_s5,phase2/results/predictions/full/independent_rms/tcn/seed_29/bandpass_n20004_cRA_LA_independent_rms_s5.npz,76240,3dedd3ec11a8589f13870c43875f2beceb0511e0ec6c1eadf2a8609a023ea0ac
tcn,independent_rms,29,bandpass_n20004_cRA_LA_independent_rms_s0,phase2/results/predictions/full/independent_rms/tcn/seed_29/bandpass_n20004_cRA_LA_independent_rms_s0.npz,75927,e0ada2b8a8c66da09fd959fb6ce1767ec6a609764d80b41a1a793af24abef950
tcn,independent_rms,29,bandpass_n20004_cRA_LA_electrode_s20,phase2/results/predictions/full/independent_rms/tcn/seed_29/bandpass_n20004_cRA_LA_electrode_s20.npz,76391,86f760d8263c036e1c2358d9732735421ece718e3f4b551e466e18a709ffa599
tcn,independent_rms,29,bandpass_n20004_cRA_LA_electrode_s15,phase2/results/predictions/full/independent_rms/tcn/seed_29/bandpass_n20004_cRA_LA_electrode_s15.npz,76356,63680f23368bb66163bd8dcab0e9b35496b460eb03fb6e8e4d905fbadec1e450
tcn,independent_rms,29,bandpass_n20004_cRA_LA_electrode_s10,phase2/results/predictions/full/independent_rms/tcn/seed_29/bandpass_n20004_cRA_LA_electrode_s10.npz,76263,c0764622b7daf7b6e06191801143f1bd5f28fd523d8ebac886d51d6fb8858bd0
tcn,independent_rms,29,bandpass_n20004_cRA_LA_electrode_s5,phase2/results/predictions/full/independent_rms/tcn/seed_29/bandpass_n20004_cRA_LA_electrode_s5.npz,76075,abc2e2d1a5bc9c78b63d14f25cea6a515c21de64891a3954e225c3470f025310
tcn,independent_rms,29,bandpass_n20004_cRA_LA_electrode_s0,phase2/results/predictions/full/independent_rms/tcn/seed_29/bandpass_n20004_cRA_LA_electrode_s0.npz,75576,3fa3b5235d25eca09b2b984282c30edd10059fff69e0b249b9ffbe715510ee81
tcn,independent_rms,29,bandpass_n20004_cRA_LA_covariance_s20,phase2/results/predictions/full/independent_rms/tcn/seed_29/bandpass_n20004_cRA_LA_covariance_s20.npz,76398,93801b6104b5242c8c9e3df237068ff332204d069f3d13f459211fd6308a2795
tcn,independent_rms,29,bandpass_n20004_cRA_LA_covariance_s15,phase2/results/predictions/full/independent_rms/tcn/seed_29/bandpass_n20004_cRA_LA_covariance_s15.npz,76390,3d7b42ef32b026b41382cba6fa90d068d6a97be3c64b56b34f0bf23a54b6f2d2
tcn,independent_rms,29,bandpass_n20004_cRA_LA_covariance_s10,phase2/results/predictions/full/independent_rms/tcn/seed_29/bandpass_n20004_cRA_LA_covariance_s10.npz,76254,21a5c6359d69e970dbaa6528f4540d1a68eb3465f0d83b8d10bb4740d6c07132
tcn,independent_rms,29,bandpass_n20004_cRA_LA_covariance_s5,phase2/results/predictions/full/independent_rms/tcn/seed_29/bandpass_n20004_cRA_LA_covariance_s5.npz,76071,43a7f3894e04c1d5bf9994ef082272a0e77b731b85172c1ead6e5e36681abc99
tcn,independent_rms,29,bandpass_n20004_cRA_LA_covariance_s0,phase2/results/predictions/full/independent_rms/tcn/seed_29/bandpass_n20004_cRA_LA_covariance_s0.npz,75591,d9be3bc50ce86ef8af121e5cb9e1f3ca0fad4f1e5c84d78ec78358633db59efe
tcn,independent_rms,29,bandpass_n20004_cLA_LL_independent_rms_s20,phase2/results/predictions/full/independent_rms/tcn/seed_29/bandpass_n20004_cLA_LL_independent_rms_s20.npz,76397,44be96a71a19c01a6c00d6220cbba5cf5a14d2aafa6e0aef37d00c1bb0c3be09
tcn,independent_rms,29,bandpass_n20004_cLA_LL_independent_rms_s15,phase2/results/predictions/full/independent_rms/tcn/seed_29/bandpass_n20004_cLA_LL_independent_rms_s15.npz,76398,5a8833f0006a4c6ab93d90b53142a2ff7301b317d2f62e878fadbc7fbaab749e
tcn,independent_rms,29,bandpass_n20004_cLA_LL_independent_rms_s10,phase2/results/predictions/full/independent_rms/tcn/seed_29/bandpass_n20004_cLA_LL_independent_rms_s10.npz,76397,0d7236eca54fba928d393724c854121c15c8120f09b6f036b32888e8f36ea3b9
tcn,independent_rms,29,bandpass_n20004_cLA_LL_independent_rms_s5,phase2/results/predictions/full/independent_rms/tcn/seed_29/bandpass_n20004_cLA_LL_independent_rms_s5.npz,76225,4638d2dc130ec129f43532ca396cfbb50c1d8fdfbb7987c03b129e856e4e3517
tcn,independent_rms,29,bandpass_n20004_cLA_LL_independent_rms_s0,phase2/results/predictions/full/independent_rms/tcn/seed_29/bandpass_n20004_cLA_LL_independent_rms_s0.npz,75933,7508c7bb7925b8b9784b3f842a5a40434d9472aabcbc057040e4b4b3f51b40db
tcn,independent_rms,29,bandpass_n20004_cLA_LL_electrode_s20,phase2/results/predictions/full/independent_rms/tcn/seed_29/bandpass_n20004_cLA_LL_electrode_s20.npz,76402,7fcdbb93e35126d6d7a613189e5723564903be9599af3d46cde7d6b1c65d31c9
tcn,independent_rms,29,bandpass_n20004_cLA_LL_electrode_s15,phase2/results/predictions/full/independent_rms/tcn/seed_29/bandpass_n20004_cLA_LL_electrode_s15.npz,76380,c40680ec2be52362fb9719ca84802705f0a7fc4a7c926870bb8717aac666556e
tcn,independent_rms,29,bandpass_n20004_cLA_LL_electrode_s10,phase2/results/predictions/full/independent_rms/tcn/seed_29/bandpass_n20004_cLA_LL_electrode_s10.npz,76331,cadb631d37780c427c959a679e2d0b773e89438b7bd1fc5ca16c21142167eb01
tcn,independent_rms,29,bandpass_n20004_cLA_LL_electrode_s5,phase2/results/predictions/full/independent_rms/tcn/seed_29/bandpass_n20004_cLA_LL_electrode_s5.npz,76132,10a9467ccb5696bddb1ecf4a57cc33f98d9bada07fed313e9c8b5c31e5ca57e4
tcn,independent_rms,29,bandpass_n20004_cLA_LL_electrode_s0,phase2/results/predictions/full/independent_rms/tcn/seed_29/bandpass_n20004_cLA_LL_electrode_s0.npz,75819,1a95e07d4242699fae4b81eb5cd98cc9e0ce49ee520949019e97e5b0e0deed62
tcn,independent_rms,29,bandpass_n20004_cLA_LL_covariance_s20,phase2/results/predictions/full/independent_rms/tcn/seed_29/bandpass_n20004_cLA_LL_covariance_s20.npz,76381,c2f4aadb0d6ef3bc4921a3bb9f40b0555272c49b5893b7c4c51cc9d3c4ce653d
tcn,independent_rms,29,bandpass_n20004_cLA_LL_covariance_s15,phase2/results/predictions/full/independent_rms/tcn/seed_29/bandpass_n20004_cLA_LL_covariance_s15.npz,76382,ad1952ca927e6018929ce28c66c7b7e2a1db4f7f14a019e2c6ba0f4057a0091e
tcn,independent_rms,29,bandpass_n20004_cLA_LL_covariance_s10,phase2/results/predictions/full/independent_rms/tcn/seed_29/bandpass_n20004_cLA_LL_covariance_s10.npz,76305,9e8331f6f474f2e4c7b02962f6067f17e5b26bf5cc39c067300b417ac3f07171
tcn,independent_rms,29,bandpass_n20004_cLA_LL_covariance_s5,phase2/results/predictions/full/independent_rms/tcn/seed_29/bandpass_n20004_cLA_LL_covariance_s5.npz,76132,13b2a48145fbfd3c23b500ad10dab6126771f4d8f9908d8e9c02b8c3323d0866
tcn,independent_rms,29,bandpass_n20004_cLA_LL_covariance_s0,phase2/results/predictions/full/independent_rms/tcn/seed_29/bandpass_n20004_cLA_LL_covariance_s0.npz,75836,f9e92c47417607a5549c04974d7a0438ed28d337fe7aaf22f7f82da47aaf915b
tcn,independent_rms,29,bandpass_n20004_cRA_LL_independent_rms_s20,phase2/results/predictions/full/independent_rms/tcn/seed_29/bandpass_n20004_cRA_LL_independent_rms_s20.npz,76392,bbb57105d68f52ac52d055f430a47827debdbc2767450fd7e21b0162edcbf8be
tcn,independent_rms,29,bandpass_n20004_cRA_LL_independent_rms_s15,phase2/results/predictions/full/independent_rms/tcn/seed_29/bandpass_n20004_cRA_LL_independent_rms_s15.npz,76405,eb66abfc1cd89f7f3b2090d29ddb5640f417e2048cff98a79e4b3b7fb8df246f
tcn,independent_rms,29,bandpass_n20004_cRA_LL_independent_rms_s10,phase2/results/predictions/full/independent_rms/tcn/seed_29/bandpass_n20004_cRA_LL_independent_rms_s10.npz,76357,6fd79aef208a77154edc96030322fbabe812a065f74c600b93feb5a2f1f93f61
tcn,independent_rms,29,bandpass_n20004_cRA_LL_independent_rms_s5,phase2/results/predictions/full/independent_rms/tcn/seed_29/bandpass_n20004_cRA_LL_independent_rms_s5.npz,76197,66b91e81d208076d3c496abb97e60c8dab8642e4ca0aab79d644ba35d83e68a3
tcn,independent_rms,29,bandpass_n20004_cRA_LL_independent_rms_s0,phase2/results/predictions/full/independent_rms/tcn/seed_29/bandpass_n20004_cRA_LL_independent_rms_s0.npz,75912,9218921df5457143b6ece20d7b5c6ea28d3e62f40775e9fb959ab68208a678a4
tcn,independent_rms,29,bandpass_n20004_cRA_LL_electrode_s20,phase2/results/predictions/full/independent_rms/tcn/seed_29/bandpass_n20004_cRA_LL_electrode_s20.npz,76376,42980de62608a589f350cf82759042b2585f44f4ad0972299b806f7791f7b2ff
tcn,independent_rms,29,bandpass_n20004_cRA_LL_electrode_s15,phase2/results/predictions/full/independent_rms/tcn/seed_29/bandpass_n20004_cRA_LL_electrode_s15.npz,76386,8ee05cb1ebd25b031cf2b95c2944d718b48e841575ea6d56c040d9d5541224fd
tcn,independent_rms,29,bandpass_n20004_cRA_LL_electrode_s10,phase2/results/predictions/full/independent_rms/tcn/seed_29/bandpass_n20004_cRA_LL_electrode_s10.npz,76283,a152881df284badcc28704cf860e272397e2ff60e2fa2cc79a8522ab8ec12c0b
tcn,independent_rms,29,bandpass_n20004_cRA_LL_electrode_s5,phase2/results/predictions/full/independent_rms/tcn/seed_29/bandpass_n20004_cRA_LL_electrode_s5.npz,76041,d683d68d5d76c66e3f747ef797d4d8bfa6f52169e520aa23d9a638de59a3f155
tcn,independent_rms,29,bandpass_n20004_cRA_LL_electrode_s0,phase2/results/predictions/full/independent_rms/tcn/seed_29/bandpass_n20004_cRA_LL_electrode_s0.npz,75558,0bf5d3d1ab3e40ca45f6af9f346367df0d8c7afdee552e850c48ac96b3e1baa8
tcn,independent_rms,29,bandpass_n20004_cRA_LL_covariance_s20,phase2/results/predictions/full/independent_rms/tcn/seed_29/bandpass_n20004_cRA_LL_covariance_s20.npz,76411,3bb19cc2ffd1151945572c6920387fad2b05c089f67a943dcbb8a19a5bd4738c
tcn,independent_rms,29,bandpass_n20004_cRA_LL_covariance_s15,phase2/results/predictions/full/independent_rms/tcn/seed_29/bandpass_n20004_cRA_LL_covariance_s15.npz,76398,30d84295a56639c2b2b32e06fdbf1899495efc0d2754c608486b03c9abb4bdce
tcn,independent_rms,29,bandpass_n20004_cRA_LL_covariance_s10,phase2/results/predictions/full/independent_rms/tcn/seed_29/bandpass_n20004_cRA_LL_covariance_s10.npz,76254,5d110e64fd42dab02459e8897171504ea17750a7b27952ddad5532c8b420b648
tcn,independent_rms,29,bandpass_n20004_cRA_LL_covariance_s5,phase2/results/predictions/full/independent_rms/tcn/seed_29/bandpass_n20004_cRA_LL_covariance_s5.npz,76035,d64747828d6ce169fa6ee411a36385d242b89858fc010e3fdffaa37c51c05ae6
tcn,independent_rms,29,bandpass_n20004_cRA_LL_covariance_s0,phase2/results/predictions/full/independent_rms/tcn/seed_29/bandpass_n20004_cRA_LL_covariance_s0.npz,75542,0639e2f364aefb92ff8851b03ff610a2325c0a71fd9692a4be2b3e23db60796e
tcn,independent_rms,29,bandpass_n20004_cRA_independent_rms_s20,phase2/results/predictions/full/independent_rms/tcn/seed_29/bandpass_n20004_cRA_independent_rms_s20.npz,76391,e56851bcd923ca6a5c35cad3f25ba3b654adb95fa3f424089f8a3c36fe55af6e
tcn,independent_rms,29,bandpass_n20004_cRA_independent_rms_s15,phase2/results/predictions/full/independent_rms/tcn/seed_29/bandpass_n20004_cRA_independent_rms_s15.npz,76370,361c2f881948f26c961d51fcefa20e2d3032c43197ccebd52a10cd6c92a8505a
tcn,independent_rms,29,bandpass_n20004_cRA_independent_rms_s10,phase2/results/predictions/full/independent_rms/tcn/seed_29/bandpass_n20004_cRA_independent_rms_s10.npz,76384,9127dca9664bd0809533902efb25b8338246317d9303176f964b8e8c5786700a
tcn,independent_rms,29,bandpass_n20004_cRA_independent_rms_s5,phase2/results/predictions/full/independent_rms/tcn/seed_29/bandpass_n20004_cRA_independent_rms_s5.npz,76246,437dd17dfb670e0c5a4b6ce68aa5772e4a83a8a65a7ff225ffb3100bbd349b28
tcn,independent_rms,29,bandpass_n20004_cRA_independent_rms_s0,phase2/results/predictions/full/independent_rms/tcn/seed_29/bandpass_n20004_cRA_independent_rms_s0.npz,75947,750dc4f0ca995d65e63200ef8374dfb3d037bac17822a941b9fadd76630aaa67
tcn,independent_rms,29,bandpass_n20004_cRA_electrode_s20,phase2/results/predictions/full/independent_rms/tcn/seed_29/bandpass_n20004_cRA_electrode_s20.npz,76389,88163184635eaa05f8018a13ec9bcc945bb5dfc968a39fee0fa3bfd4e814e0b4
tcn,independent_rms,29,bandpass_n20004_cRA_electrode_s15,phase2/results/predictions/full/independent_rms/tcn/seed_29/bandpass_n20004_cRA_electrode_s15.npz,76359,4ca9a8e07c1039020d74e5eb05531dc558045ad7b3d23d407f681358a6016684
tcn,independent_rms,29,bandpass_n20004_cRA_electrode_s10,phase2/results/predictions/full/independent_rms/tcn/seed_29/bandpass_n20004_cRA_electrode_s10.npz,76241,753ab6024f72d0b06cbd7113cf6c3da19b8cf1b934c7529d60d78f2f291e9b52
tcn,independent_rms,29,bandpass_n20004_cRA_electrode_s5,phase2/results/predictions/full/independent_rms/tcn/seed_29/bandpass_n20004_cRA_electrode_s5.npz,75994,b4790d0b7d259e8af9ec8990d17bd8ffa7674e4e0d8e426ab63532fa8f7fb43d
tcn,independent_rms,29,bandpass_n20004_cRA_electrode_s0,phase2/results/predictions/full/independent_rms/tcn/seed_29/bandpass_n20004_cRA_electrode_s0.npz,75415,9318e6881ef1e0b43d7a875edc030eca47fe222ddc800d4f625e0ce7e64371e0
tcn,independent_rms,29,bandpass_n20004_cRA_covariance_s20,phase2/results/predictions/full/independent_rms/tcn/seed_29/bandpass_n20004_cRA_covariance_s20.npz,76392,e3cd0e1bc6e38f6091bfbda5c748fb188cac503b1a2cb91045aa8c95169df691
tcn,independent_rms,29,bandpass_n20004_cRA_covariance_s15,phase2/results/predictions/full/independent_rms/tcn/seed_29/bandpass_n20004_cRA_covariance_s15.npz,76390,bbac92f429a583dd4eba203e07732b7dde662d2f02efa276cf4d201a6d4794fd
tcn,independent_rms,29,bandpass_n20004_cRA_covariance_s10,phase2/results/predictions/full/independent_rms/tcn/seed_29/bandpass_n20004_cRA_covariance_s10.npz,76203,b23e8deb8965c26a2d3dea57bfdb90dd8b91080f44c48e981751c7fc60b44ba1
tcn,independent_rms,29,bandpass_n20004_cRA_covariance_s5,phase2/results/predictions/full/independent_rms/tcn/seed_29/bandpass_n20004_cRA_covariance_s5.npz,76004,7ef711251b681b54422cfb8fe5b77e9a0b3d423f75d57f1a398320533d91d887
tcn,independent_rms,29,bandpass_n20004_cRA_covariance_s0,phase2/results/predictions/full/independent_rms/tcn/seed_29/bandpass_n20004_cRA_covariance_s0.npz,75415,843f974b3627c336dbd677c373d92f0116d3fd2977c94b7628e495a930d29f59
tcn,independent_rms,29,bandpass_n20004_cLA_independent_rms_s20,phase2/results/predictions/full/independent_rms/tcn/seed_29/bandpass_n20004_cLA_independent_rms_s20.npz,76392,dc7fcaf4c0ba022d90dfee799b336da78295a81c65774a04ee305d9abbbc4ad6
tcn,independent_rms,29,bandpass_n20004_cLA_independent_rms_s15,phase2/results/predictions/full/independent_rms/tcn/seed_29/bandpass_n20004_cLA_independent_rms_s15.npz,76395,2a0d173cf851cf6aa5c1d48d992059f6be5585326445d387b93d148b094fbcdf
tcn,independent_rms,29,bandpass_n20004_cLA_independent_rms_s10,phase2/results/predictions/full/independent_rms/tcn/seed_29/bandpass_n20004_cLA_independent_rms_s10.npz,76367,736e1c3c54266551d6c7cc7d8606edf7e067ab758a9e94d062531695b80c7a99
tcn,independent_rms,29,bandpass_n20004_cLA_independent_rms_s5,phase2/results/predictions/full/independent_rms/tcn/seed_29/bandpass_n20004_cLA_independent_rms_s5.npz,76210,6092a2c9ea7fa49db61a12851fe9caaa0d8fb0fc5f328ab426fd8b22edbdf25d
tcn,independent_rms,29,bandpass_n20004_cLA_independent_rms_s0,phase2/results/predictions/full/independent_rms/tcn/seed_29/bandpass_n20004_cLA_independent_rms_s0.npz,75913,8ebb8d5a1068d39e06fdc9ab76d0a903a0f6a660a99b795a18c8080b3636850a
tcn,independent_rms,29,bandpass_n20004_cLA_electrode_s20,phase2/results/predictions/full/independent_rms/tcn/seed_29/bandpass_n20004_cLA_electrode_s20.npz,76411,2ea2498bf959c20e213b09ec0fe7e3ba1fd537caf168c2896281e28e4241e13a
tcn,independent_rms,29,bandpass_n20004_cLA_electrode_s15,phase2/results/predictions/full/independent_rms/tcn/seed_29/bandpass_n20004_cLA_electrode_s15.npz,76367,c7cd1f43a39b0d02db57526d057f328e70076dd7bbe14f96cfe9b123ce629b0b
tcn,independent_rms,29,bandpass_n20004_cLA_electrode_s10,phase2/results/predictions/full/independent_rms/tcn/seed_29/bandpass_n20004_cLA_electrode_s10.npz,76327,a011188f7cce3a1f7e7e11aa778e413b69bfe551e2873ce4528f86ff524179c2
tcn,independent_rms,29,bandpass_n20004_cLA_electrode_s5,phase2/results/predictions/full/independent_rms/tcn/seed_29/bandpass_n20004_cLA_electrode_s5.npz,76165,0ce1eaf1dbb8d8de3dcc1818d30d54bfc92df5fbb8ba8fd4b7a06f1c342d9e94
tcn,independent_rms,29,bandpass_n20004_cLA_electrode_s0,phase2/results/predictions/full/independent_rms/tcn/seed_29/bandpass_n20004_cLA_electrode_s0.npz,75773,db5ed770b6838503558e2385bc4e9d92fd82f9d766eb95610e5494e5c1ed734d
tcn,independent_rms,29,bandpass_n20004_cLA_covariance_s20,phase2/results/predictions/full/independent_rms/tcn/seed_29/bandpass_n20004_cLA_covariance_s20.npz,76358,18b34e9edb1650361240c928047d87f48c37adae339909bd2507320f7ab834ea
tcn,independent_rms,29,bandpass_n20004_cLA_covariance_s15,phase2/results/predictions/full/independent_rms/tcn/seed_29/bandpass_n20004_cLA_covariance_s15.npz,76388,46c9ce9cb8813374a1a92876ecbcf43866a811bd7d2e6dc34485fdfaafe088ca
tcn,independent_rms,29,bandpass_n20004_cLA_covariance_s10,phase2/results/predictions/full/independent_rms/tcn/seed_29/bandpass_n20004_cLA_covariance_s10.npz,76305,4bc51ed48e3355039de5146a56a7dbac6ff2cc2766a48958b188977a5aed46d3
tcn,independent_rms,29,bandpass_n20004_cLA_covariance_s5,phase2/results/predictions/full/independent_rms/tcn/seed_29/bandpass_n20004_cLA_covariance_s5.npz,76142,9e59809302fe3143a250368dd499e926287834cc79890fd2af7a2b6309962d23
tcn,independent_rms,29,bandpass_n20004_cLA_covariance_s0,phase2/results/predictions/full/independent_rms/tcn/seed_29/bandpass_n20004_cLA_covariance_s0.npz,75806,747a58dc8a24b9ccbcc2b3668d49d7494f37b1bb95ca405b67f0ef6d39a5a53c
tcn,independent_rms,29,bandpass_n20004_cLL_independent_rms_s20,phase2/results/predictions/full/independent_rms/tcn/seed_29/bandpass_n20004_cLL_independent_rms_s20.npz,76406,e00655a603b9fcf235051d2e1e0c1e92c8538d9d8fa90598beb8a485becc58bc
tcn,independent_rms,29,bandpass_n20004_cLL_independent_rms_s15,phase2/results/predictions/full/independent_rms/tcn/seed_29/bandpass_n20004_cLL_independent_rms_s15.npz,76380,cfc277beaf102606f9e0d956c727bcd27312e2572f43f7f25b4b8abe027c7661
tcn,independent_rms,29,bandpass_n20004_cLL_independent_rms_s10,phase2/results/predictions/full/independent_rms/tcn/seed_29/bandpass_n20004_cLL_independent_rms_s10.npz,76375,f65e414a147d656b3b5a0a647664dcad1d96f3d1f0844807fbbf2330ee602d04
tcn,independent_rms,29,bandpass_n20004_cLL_independent_rms_s5,phase2/results/predictions/full/independent_rms/tcn/seed_29/bandpass_n20004_cLL_independent_rms_s5.npz,76240,97dd4471bd18971474fe6da55fd5849901be1c8959b279ba205446a4f92b84ab
tcn,independent_rms,29,bandpass_n20004_cLL_independent_rms_s0,phase2/results/predictions/full/independent_rms/tcn/seed_29/bandpass_n20004_cLL_independent_rms_s0.npz,75928,83c96011fc7fa817749879e2d0d6658e6617b45930f3e8dc669200f9c257d529
tcn,independent_rms,29,bandpass_n20004_cLL_electrode_s20,phase2/results/predictions/full/independent_rms/tcn/seed_29/bandpass_n20004_cLL_electrode_s20.npz,76403,05cdd12dedddf516649c16c9ceba9b61963275b4f61a43c453b493a2096c3131
tcn,independent_rms,29,bandpass_n20004_cLL_electrode_s15,phase2/results/predictions/full/independent_rms/tcn/seed_29/bandpass_n20004_cLL_electrode_s15.npz,76390,4a66a2f8a6918f47f79234bde375c55aba94fd6dc6a40c01be59f37e5ad7b69c
tcn,independent_rms,29,bandpass_n20004_cLL_electrode_s10,phase2/results/predictions/full/independent_rms/tcn/seed_29/bandpass_n20004_cLL_electrode_s10.npz,76269,248d9640c47eb1ccfa109d5034c5003f8f601fe946c46da6d09fea65f395ff29
tcn,independent_rms,29,bandpass_n20004_cLL_electrode_s5,phase2/results/predictions/full/independent_rms/tcn/seed_29/bandpass_n20004_cLL_electrode_s5.npz,76092,c5b7d4f954d898f14df8c57f199df898054278b71b655fd64c9bc1ca9e9cd187
tcn,independent_rms,29,bandpass_n20004_cLL_electrode_s0,phase2/results/predictions/full/independent_rms/tcn/seed_29/bandpass_n20004_cLL_electrode_s0.npz,75918,e82e9a57abda3260a223adbbcdd346edc6a88d5210e5b0ac2b0c0ebf19d42944
tcn,independent_rms,29,bandpass_n20004_cLL_covariance_s20,phase2/results/predictions/full/independent_rms/tcn/seed_29/bandpass_n20004_cLL_covariance_s20.npz,76416,6b14677908e3caf66e351d56d4ddfa0cad4db010a7708958c3741737fb05d500
tcn,independent_rms,29,bandpass_n20004_cLL_covariance_s15,phase2/results/predictions/full/independent_rms/tcn/seed_29/bandpass_n20004_cLL_covariance_s15.npz,76393,8ada8edde5dcb9fa4ed91802b3049590a08a2f3dc74d64fe8196bdf54eb4364e
tcn,independent_rms,29,bandpass_n20004_cLL_covariance_s10,phase2/results/predictions/full/independent_rms/tcn/seed_29/bandpass_n20004_cLL_covariance_s10.npz,76271,e5a8f753862ead8baf0d8226dca9b868705ee3bdf98630797e8c48fb16c13b3e
tcn,independent_rms,29,bandpass_n20004_cLL_covariance_s5,phase2/results/predictions/full/independent_rms/tcn/seed_29/bandpass_n20004_cLL_covariance_s5.npz,76126,88798c43a195e9e9bf81a20e6eb4e02210ed1138f8bbc464dbe7eb350623763f
tcn,independent_rms,29,bandpass_n20004_cLL_covariance_s0,phase2/results/predictions/full/independent_rms/tcn/seed_29/bandpass_n20004_cLL_covariance_s0.npz,75899,eb7fa4d9ad0ab7b1120eee36cd22b60f7fe5746a51cf5649222c429d8475793f
tcn,independent_rms,29,bandpass_n20004_cRA_V1_independent_rms_s20,phase2/results/predictions/full/independent_rms/tcn/seed_29/bandpass_n20004_cRA_V1_independent_rms_s20.npz,76373,71047ab8faa320dfa1eecbf0c51ff168b342cd3197eb3d64745617f93c87b883
tcn,independent_rms,29,bandpass_n20004_cRA_V1_independent_rms_s15,phase2/results/predictions/full/independent_rms/tcn/seed_29/bandpass_n20004_cRA_V1_independent_rms_s15.npz,76403,ee56c5d949d3d53b12f16297af7f16b55b8f879ab079801508889d7970aab881
tcn,independent_rms,29,bandpass_n20004_cRA_V1_independent_rms_s10,phase2/results/predictions/full/independent_rms/tcn/seed_29/bandpass_n20004_cRA_V1_independent_rms_s10.npz,76383,2197ed4f5d5b3b1794229d73cdbf968233512b9676bea51f117affd544a8d971
tcn,independent_rms,29,bandpass_n20004_cRA_V1_independent_rms_s5,phase2/results/predictions/full/independent_rms/tcn/seed_29/bandpass_n20004_cRA_V1_independent_rms_s5.npz,76254,b15701b76bf1f0d0f913659b399ef36f379c3bca65a030abfb6f2234356f2541
tcn,independent_rms,29,bandpass_n20004_cRA_V1_independent_rms_s0,phase2/results/predictions/full/independent_rms/tcn/seed_29/bandpass_n20004_cRA_V1_independent_rms_s0.npz,75893,559360b019b67baa65f009735d0b1cb7f4887c7bc7165eb20103f3847ebfce57
tcn,independent_rms,29,bandpass_n20004_cRA_V1_electrode_s20,phase2/results/predictions/full/independent_rms/tcn/seed_29/bandpass_n20004_cRA_V1_electrode_s20.npz,76369,c8d827293e3208b33bfa3a33f6046cad13e70ccf779f4e1ee72b7d573149e385
tcn,independent_rms,29,bandpass_n20004_cRA_V1_electrode_s15,phase2/results/predictions/full/independent_rms/tcn/seed_29/bandpass_n20004_cRA_V1_electrode_s15.npz,76368,9fc75ee295ac9df9f0cfb1047aeea34715f8c968664d96bd2b9ec8620ce08bfa
tcn,independent_rms,29,bandpass_n20004_cRA_V1_electrode_s10,phase2/results/predictions/full/independent_rms/tcn/seed_29/bandpass_n20004_cRA_V1_electrode_s10.npz,76271,fe37e338b00d21559b86f820c432df9b05d3116044418f3df0e80b4ddd0a73e6
tcn,independent_rms,29,bandpass_n20004_cRA_V1_electrode_s5,phase2/results/predictions/full/independent_rms/tcn/seed_29/bandpass_n20004_cRA_V1_electrode_s5.npz,76039,d9d26f1bf4c620fb1e9cab710a0869fcc261cc65a929738999218ef1649cd841
tcn,independent_rms,29,bandpass_n20004_cRA_V1_electrode_s0,phase2/results/predictions/full/independent_rms/tcn/seed_29/bandpass_n20004_cRA_V1_electrode_s0.npz,75425,3ece9fef45bcd17218806024ebf30c41a5c7f3f37d4f95339af5a3b583cc8dd7
tcn,independent_rms,29,bandpass_n20004_cRA_V1_covariance_s20,phase2/results/predictions/full/independent_rms/tcn/seed_29/bandpass_n20004_cRA_V1_covariance_s20.npz,76387,30b3fd90963cc4d33ab8c4f2e2a381aab966e61906b0d5aad07459f00415caf9
tcn,independent_rms,29,bandpass_n20004_cRA_V1_covariance_s15,phase2/results/predictions/full/independent_rms/tcn/seed_29/bandpass_n20004_cRA_V1_covariance_s15.npz,76394,e0708518198f89d17204f71f0835ea3c3dd9bb21b7c0c063a03f8332616f31d4
tcn,independent_rms,29,bandpass_n20004_cRA_V1_covariance_s10,phase2/results/predictions/full/independent_rms/tcn/seed_29/bandpass_n20004_cRA_V1_covariance_s10.npz,76250,b92199b275a533653631adc380752a916f6dd96906378c286aeb8da7c97fd127
tcn,independent_rms,29,bandpass_n20004_cRA_V1_covariance_s5,phase2/results/predictions/full/independent_rms/tcn/seed_29/bandpass_n20004_cRA_V1_covariance_s5.npz,76042,fa07a90610eabfccbbddd016f534732d69297f3159adbcf0e1ea03a354aa4632
tcn,independent_rms,29,bandpass_n20004_cRA_V1_covariance_s0,phase2/results/predictions/full/independent_rms/tcn/seed_29/bandpass_n20004_cRA_V1_covariance_s0.npz,75434,6ad8ccaf8303e696c4ff7a2ca223617370782facfd8832b0e86b7d7ce63a79a8
tcn,independent_rms,29,bandpass_n20004_cLA_V6_independent_rms_s20,phase2/results/predictions/full/independent_rms/tcn/seed_29/bandpass_n20004_cLA_V6_independent_rms_s20.npz,76405,1a97c1d77179ef7f94d9e13ae950329401e63e4e8e95047be25d57b24046f94e
tcn,independent_rms,29,bandpass_n20004_cLA_V6_independent_rms_s15,phase2/results/predictions/full/independent_rms/tcn/seed_29/bandpass_n20004_cLA_V6_independent_rms_s15.npz,76414,7df4395daa4878499bad8c34e6a74ed015f68a1aa8376015c79ad3c67c554e57
tcn,independent_rms,29,bandpass_n20004_cLA_V6_independent_rms_s10,phase2/results/predictions/full/independent_rms/tcn/seed_29/bandpass_n20004_cLA_V6_independent_rms_s10.npz,76388,14c77c6441e917941f2bb93f34d728b68a843f9f8071e1cb800d748a37fcad33
tcn,independent_rms,29,bandpass_n20004_cLA_V6_independent_rms_s5,phase2/results/predictions/full/independent_rms/tcn/seed_29/bandpass_n20004_cLA_V6_independent_rms_s5.npz,76238,e2f22e65fb20a8a82510dbd4e6112fb4b2817e1948563fe9d27a0d222f5a0996
tcn,independent_rms,29,bandpass_n20004_cLA_V6_independent_rms_s0,phase2/results/predictions/full/independent_rms/tcn/seed_29/bandpass_n20004_cLA_V6_independent_rms_s0.npz,75925,961e5d0c8ecb905e5b377bc0e3305b7e3f37871bfafffec68ab08e1244878341
tcn,independent_rms,29,bandpass_n20004_cLA_V6_electrode_s20,phase2/results/predictions/full/independent_rms/tcn/seed_29/bandpass_n20004_cLA_V6_electrode_s20.npz,76392,88c9783c49f21a8ffcaf50803f3eba2d99dc8479c19aebb9c31e5f25443152b9
tcn,independent_rms,29,bandpass_n20004_cLA_V6_electrode_s15,phase2/results/predictions/full/independent_rms/tcn/seed_29/bandpass_n20004_cLA_V6_electrode_s15.npz,76385,5415874e17d9e19d4f18d43b15ac710e09af76964fe9cc11184874f1c5889464
tcn,independent_rms,29,bandpass_n20004_cLA_V6_electrode_s10,phase2/results/predictions/full/independent_rms/tcn/seed_29/bandpass_n20004_cLA_V6_electrode_s10.npz,76332,0cbe1d4628d2a02ca72935da55bd2fb62082e14bf3714a45cffb383de9861bb7
tcn,independent_rms,29,bandpass_n20004_cLA_V6_electrode_s5,phase2/results/predictions/full/independent_rms/tcn/seed_29/bandpass_n20004_cLA_V6_electrode_s5.npz,76171,0206be7252a165ab46ef878e69caaa24bc9454d4577600bcdf4b2dc5bc32f999
tcn,independent_rms,29,bandpass_n20004_cLA_V6_electrode_s0,phase2/results/predictions/full/independent_rms/tcn/seed_29/bandpass_n20004_cLA_V6_electrode_s0.npz,75842,e2f6cc91211e8be213bd0796c24be1e422896094783f2aea99e304454b20aec9
tcn,independent_rms,29,bandpass_n20004_cLA_V6_covariance_s20,phase2/results/predictions/full/independent_rms/tcn/seed_29/bandpass_n20004_cLA_V6_covariance_s20.npz,76387,e60bd8b073fa21bda7affff87fb78c6c62f29a3322dbf965e0f88db0d626233c
tcn,independent_rms,29,bandpass_n20004_cLA_V6_covariance_s15,phase2/results/predictions/full/independent_rms/tcn/seed_29/bandpass_n20004_cLA_V6_covariance_s15.npz,76393,845b610c7bc3864d73964446b89820d16d159e0f8540489193d586cd2ec575ce
tcn,independent_rms,29,bandpass_n20004_cLA_V6_covariance_s10,phase2/results/predictions/full/independent_rms/tcn/seed_29/bandpass_n20004_cLA_V6_covariance_s10.npz,76339,6968fce0368112dfbbccbcf4474124eae0a998b3e72035683488d89d66f8090d
tcn,independent_rms,29,bandpass_n20004_cLA_V6_covariance_s5,phase2/results/predictions/full/independent_rms/tcn/seed_29/bandpass_n20004_cLA_V6_covariance_s5.npz,76149,59fa8a2d357427bfd637158e47193aebebb467906a952e9b960575a025e819d5
tcn,independent_rms,29,bandpass_n20004_cLA_V6_covariance_s0,phase2/results/predictions/full/independent_rms/tcn/seed_29/bandpass_n20004_cLA_V6_covariance_s0.npz,75841,d92946e968ecff22b0e58f612be49c028fad7cfab66b65fa05d6e7a551d0843f
tcn,independent_rms,29,bandpass_n20004_cLL_V4_independent_rms_s20,phase2/results/predictions/full/independent_rms/tcn/seed_29/bandpass_n20004_cLL_V4_independent_rms_s20.npz,76404,70873747367a077dd2f7a2c7d1bb584b52ae3d208784bf1c501f4c5ff794a8f0
tcn,independent_rms,29,bandpass_n20004_cLL_V4_independent_rms_s15,phase2/results/predictions/full/independent_rms/tcn/seed_29/bandpass_n20004_cLL_V4_independent_rms_s15.npz,76414,05c9c5f4793e5cb6d4e5912763d9a7bd63ac7a0010cba55ac2f4d257640e79a1
tcn,independent_rms,29,bandpass_n20004_cLL_V4_independent_rms_s10,phase2/results/predictions/full/independent_rms/tcn/seed_29/bandpass_n20004_cLL_V4_independent_rms_s10.npz,76392,a04b704818df5f71a6a2402f0d38c232e8aee2d867f4ee26b33f22d8043458a4
tcn,independent_rms,29,bandpass_n20004_cLL_V4_independent_rms_s5,phase2/results/predictions/full/independent_rms/tcn/seed_29/bandpass_n20004_cLL_V4_independent_rms_s5.npz,76263,48849ac7888d67ea077e93ea4b7d2349d3b9b79d975c8bc488c460987ad0e26e
tcn,independent_rms,29,bandpass_n20004_cLL_V4_independent_rms_s0,phase2/results/predictions/full/independent_rms/tcn/seed_29/bandpass_n20004_cLL_V4_independent_rms_s0.npz,75979,e2654d083b32d7d358a9dd03153f3c5a6c2693fc1f07c9e649ad79ea1c8ddb9f
tcn,independent_rms,29,bandpass_n20004_cLL_V4_electrode_s20,phase2/results/predictions/full/independent_rms/tcn/seed_29/bandpass_n20004_cLL_V4_electrode_s20.npz,76408,294e6bed3269e278887f55c52378048c1c1df968645f20c48d98f704a0d166cb
tcn,independent_rms,29,bandpass_n20004_cLL_V4_electrode_s15,phase2/results/predictions/full/independent_rms/tcn/seed_29/bandpass_n20004_cLL_V4_electrode_s15.npz,76401,944b1b150c9b004f38d9ce760c762802200fa11642a9b3d1fd068d227df7525c
tcn,independent_rms,29,bandpass_n20004_cLL_V4_electrode_s10,phase2/results/predictions/full/independent_rms/tcn/seed_29/bandpass_n20004_cLL_V4_electrode_s10.npz,76261,0d54e68f61be5f7a77f5f247aee958887d95b30d85543a4fc2676606ff177e53
tcn,independent_rms,29,bandpass_n20004_cLL_V4_electrode_s5,phase2/results/predictions/full/independent_rms/tcn/seed_29/bandpass_n20004_cLL_V4_electrode_s5.npz,76170,0c84b9f27b0bdf327ddb2830d7789cffedcfd1769d1320cfd01c986e8e10a70d
tcn,independent_rms,29,bandpass_n20004_cLL_V4_electrode_s0,phase2/results/predictions/full/independent_rms/tcn/seed_29/bandpass_n20004_cLL_V4_electrode_s0.npz,75906,f0c790411c0403a16d3f018f09fcd8137d98d3c81e29f06d7be2501ecffa9323
tcn,independent_rms,29,bandpass_n20004_cLL_V4_covariance_s20,phase2/results/predictions/full/independent_rms/tcn/seed_29/bandpass_n20004_cLL_V4_covariance_s20.npz,76396,09cdf806f58180c73e788fa5d9540699f019028647b3a04c8074f5526889c969
tcn,independent_rms,29,bandpass_n20004_cLL_V4_covariance_s15,phase2/results/predictions/full/independent_rms/tcn/seed_29/bandpass_n20004_cLL_V4_covariance_s15.npz,76431,fb552e0543203033aa18f59229d2e48c1ea4d6f7a14234dff08b91732fa384b2
tcn,independent_rms,29,bandpass_n20004_cLL_V4_covariance_s10,phase2/results/predictions/full/independent_rms/tcn/seed_29/bandpass_n20004_cLL_V4_covariance_s10.npz,76302,ef3e361fc96d14ff91afab44335c00e65d7ac719476856a920be5e576bdccfe1
tcn,independent_rms,29,bandpass_n20004_cLL_V4_covariance_s5,phase2/results/predictions/full/independent_rms/tcn/seed_29/bandpass_n20004_cLL_V4_covariance_s5.npz,76134,40469e24dcab3ee350de06e4f9e87f74f846c117005b534a0bbed8f920650ef6
tcn,independent_rms,29,bandpass_n20004_cLL_V4_covariance_s0,phase2/results/predictions/full/independent_rms/tcn/seed_29/bandpass_n20004_cLL_V4_covariance_s0.npz,75892,e23cf50c3cf45cbbb612d29ceb35fda3781a1aae1f7b6db40a912702529fc890
tcn,independent_rms,29,bandpass_n20004_cRA_LA_V1_V6_independent_rms_s20,phase2/results/predictions/full/independent_rms/tcn/seed_29/bandpass_n20004_cRA_LA_V1_V6_independent_rms_s20.npz,76427,2fa7684b2cf8f71782548edd264f35627d9e2d2744fbbd1fe0af4125617f3aa5
tcn,independent_rms,29,bandpass_n20004_cRA_LA_V1_V6_independent_rms_s15,phase2/results/predictions/full/independent_rms/tcn/seed_29/bandpass_n20004_cRA_LA_V1_V6_independent_rms_s15.npz,76418,3d252d5d863b49e18ae7b4f7067b252136cd2d956bb431ba6305c8bc19b4b511
tcn,independent_rms,29,bandpass_n20004_cRA_LA_V1_V6_independent_rms_s10,phase2/results/predictions/full/independent_rms/tcn/seed_29/bandpass_n20004_cRA_LA_V1_V6_independent_rms_s10.npz,76379,43954853ed0141f159e01cd4777f2d9f04d2efc78851038441043f2520ca71b2
tcn,independent_rms,29,bandpass_n20004_cRA_LA_V1_V6_independent_rms_s5,phase2/results/predictions/full/independent_rms/tcn/seed_29/bandpass_n20004_cRA_LA_V1_V6_independent_rms_s5.npz,76242,4e2fedb075d21a7c93f94ea896371c3ac46a6c58370497e61f81980d67aec9f3
tcn,independent_rms,29,bandpass_n20004_cRA_LA_V1_V6_independent_rms_s0,phase2/results/predictions/full/independent_rms/tcn/seed_29/bandpass_n20004_cRA_LA_V1_V6_independent_rms_s0.npz,75930,5197a807f7c53c45508acb741eb86698c75eeac79737c23280cdeef30553d456
tcn,independent_rms,29,bandpass_n20004_cRA_LA_V1_V6_electrode_s20,phase2/results/predictions/full/independent_rms/tcn/seed_29/bandpass_n20004_cRA_LA_V1_V6_electrode_s20.npz,76404,92d036a1aa8c07ba8707344a159dcadb3aa2d892f9134a041914837379bee26a
tcn,independent_rms,29,bandpass_n20004_cRA_LA_V1_V6_electrode_s15,phase2/results/predictions/full/independent_rms/tcn/seed_29/bandpass_n20004_cRA_LA_V1_V6_electrode_s15.npz,76395,d49ac7ed366a514605aa5fda957e1556ab818b1cc8363336b712310a8ffd1278
tcn,independent_rms,29,bandpass_n20004_cRA_LA_V1_V6_electrode_s10,phase2/results/predictions/full/independent_rms/tcn/seed_29/bandpass_n20004_cRA_LA_V1_V6_electrode_s10.npz,76308,a4c1de485005376a915df36e936b154c52dbf6800b10660b63d6b59de89ba97e
tcn,independent_rms,29,bandpass_n20004_cRA_LA_V1_V6_electrode_s5,phase2/results/predictions/full/independent_rms/tcn/seed_29/bandpass_n20004_cRA_LA_V1_V6_electrode_s5.npz,76127,fcf9ad3914824649160201ee877f6e0a6877a694a9d36757f7db88e76c038989
tcn,independent_rms,29,bandpass_n20004_cRA_LA_V1_V6_electrode_s0,phase2/results/predictions/full/independent_rms/tcn/seed_29/bandpass_n20004_cRA_LA_V1_V6_electrode_s0.npz,75623,57f16868644da82051cf8ec3cb10119ca3fbac5d0d4cc0edbc956c108f5fe72a
tcn,independent_rms,29,bandpass_n20004_cRA_LA_V1_V6_covariance_s20,phase2/results/predictions/full/independent_rms/tcn/seed_29/bandpass_n20004_cRA_LA_V1_V6_covariance_s20.npz,76407,fe0777ddf6ee6cbc34be6f38aa799f0a9346c932b5b0f48c57edbe65fa0ea7e8
tcn,independent_rms,29,bandpass_n20004_cRA_LA_V1_V6_covariance_s15,phase2/results/predictions/full/independent_rms/tcn/seed_29/bandpass_n20004_cRA_LA_V1_V6_covariance_s15.npz,76374,847d6c4833e3683fc094c03ff06973c6ac5bf396d63569eaa480512eb6dd8759
tcn,independent_rms,29,bandpass_n20004_cRA_LA_V1_V6_covariance_s10,phase2/results/predictions/full/independent_rms/tcn/seed_29/bandpass_n20004_cRA_LA_V1_V6_covariance_s10.npz,76326,ce94a2d38207f1f508acd960c934f5ebf651b98fd6215b4a576094ee0976699f
tcn,independent_rms,29,bandpass_n20004_cRA_LA_V1_V6_covariance_s5,phase2/results/predictions/full/independent_rms/tcn/seed_29/bandpass_n20004_cRA_LA_V1_V6_covariance_s5.npz,76119,f838540ddf3eedcb66118326bae83c4e0b76b1200617711c60445cb242d303fa
tcn,independent_rms,29,bandpass_n20004_cRA_LA_V1_V6_covariance_s0,phase2/results/predictions/full/independent_rms/tcn/seed_29/bandpass_n20004_cRA_LA_V1_V6_covariance_s0.npz,75649,ffde544987dfb1465c996cc9a74096c69f2413f9e82a5c704a962362916d1926
tcn,independent_rms,29,bandpass_n20004_cRA_V2_V5_independent_rms_s20,phase2/results/predictions/full/independent_rms/tcn/seed_29/bandpass_n20004_cRA_V2_V5_independent_rms_s20.npz,76421,09e8e7e38e4573494bcacd1c56e58e59707ded0df2ab4de99c0e8883b03107d2
tcn,independent_rms,29,bandpass_n20004_cRA_V2_V5_independent_rms_s15,phase2/results/predictions/full/independent_rms/tcn/seed_29/bandpass_n20004_cRA_V2_V5_independent_rms_s15.npz,76421,76e6b9f8e454bc58454c5f4f4afb21fb839309e6dd720fd0e0e86b82f11eb532
tcn,independent_rms,29,bandpass_n20004_cRA_V2_V5_independent_rms_s10,phase2/results/predictions/full/independent_rms/tcn/seed_29/bandpass_n20004_cRA_V2_V5_independent_rms_s10.npz,76396,a7a973a2c7937015e64d44e86c1f62db6d7e8eb74b889ff5de84420083446566
tcn,independent_rms,29,bandpass_n20004_cRA_V2_V5_independent_rms_s5,phase2/results/predictions/full/independent_rms/tcn/seed_29/bandpass_n20004_cRA_V2_V5_independent_rms_s5.npz,76245,f1301822759d71bd6bd2ff670076fc74ac576b5bdf99d55e4beac37e03987af3
tcn,independent_rms,29,bandpass_n20004_cRA_V2_V5_independent_rms_s0,phase2/results/predictions/full/independent_rms/tcn/seed_29/bandpass_n20004_cRA_V2_V5_independent_rms_s0.npz,75964,505bbe359fbb84267efe42f23061d5504acc3f4184f106bac15943729e11f24c
tcn,independent_rms,29,bandpass_n20004_cRA_V2_V5_electrode_s20,phase2/results/predictions/full/independent_rms/tcn/seed_29/bandpass_n20004_cRA_V2_V5_electrode_s20.npz,76415,e67cfcd30097333269bc79dbbf011595567070f9b809e2bf432449837db5933f
tcn,independent_rms,29,bandpass_n20004_cRA_V2_V5_electrode_s15,phase2/results/predictions/full/independent_rms/tcn/seed_29/bandpass_n20004_cRA_V2_V5_electrode_s15.npz,76395,1baf2c42ea38bd2c0b559bb903d6eb31bbffc9e052f56df83c8630bd7eda2459
tcn,independent_rms,29,bandpass_n20004_cRA_V2_V5_electrode_s10,phase2/results/predictions/full/independent_rms/tcn/seed_29/bandpass_n20004_cRA_V2_V5_electrode_s10.npz,76297,d1f6d7874b259d285493e76a3c7a669d4e481703a677de7d3cbc0bb822f8153d
tcn,independent_rms,29,bandpass_n20004_cRA_V2_V5_electrode_s5,phase2/results/predictions/full/independent_rms/tcn/seed_29/bandpass_n20004_cRA_V2_V5_electrode_s5.npz,76099,187bc80e712f84f0be36cb9ec28732414486e60efc1dd629853b442fa1910ed1
tcn,independent_rms,29,bandpass_n20004_cRA_V2_V5_electrode_s0,phase2/results/predictions/full/independent_rms/tcn/seed_29/bandpass_n20004_cRA_V2_V5_electrode_s0.npz,75536,729287e6ee2b66b815b9f0b091c5c7d7eff4dae1f8c0c3b2b9cbdc9c06d899a7
tcn,independent_rms,29,bandpass_n20004_cRA_V2_V5_covariance_s20,phase2/results/predictions/full/independent_rms/tcn/seed_29/bandpass_n20004_cRA_V2_V5_covariance_s20.npz,76412,8239192c9404f11f0b749fc6a62da68e3112a0f16f4ac8096fef42631dd289d6
tcn,independent_rms,29,bandpass_n20004_cRA_V2_V5_covariance_s15,phase2/results/predictions/full/independent_rms/tcn/seed_29/bandpass_n20004_cRA_V2_V5_covariance_s15.npz,76396,a90f9b60643f01605d29b6bc87e1b0556eafdc73c1f74a4cc45791da51938b90
tcn,independent_rms,29,bandpass_n20004_cRA_V2_V5_covariance_s10,phase2/results/predictions/full/independent_rms/tcn/seed_29/bandpass_n20004_cRA_V2_V5_covariance_s10.npz,76298,c700a5751211f06e1eb277009838a0130b3bb107caf7748d006283495595ed42
tcn,independent_rms,29,bandpass_n20004_cRA_V2_V5_covariance_s5,phase2/results/predictions/full/independent_rms/tcn/seed_29/bandpass_n20004_cRA_V2_V5_covariance_s5.npz,76098,6b78fc588a6548151af4b937fee1e9399f28d8059d88352d7cbef8ccb4a4e67f
tcn,independent_rms,29,bandpass_n20004_cRA_V2_V5_covariance_s0,phase2/results/predictions/full/independent_rms/tcn/seed_29/bandpass_n20004_cRA_V2_V5_covariance_s0.npz,75575,9250143fc296867c8c2d93f8098d13d20ffff7f312bf42e6bf70e015467cc05a
tcn,independent_rms,29,bandpass_n20004_cLA_V3_V6_independent_rms_s20,phase2/results/predictions/full/independent_rms/tcn/seed_29/bandpass_n20004_cLA_V3_V6_independent_rms_s20.npz,76415,4c984f5bbe95c7dd331d6a1753bd87f1caac292150b60acaebdf2f2fb88ab871
tcn,independent_rms,29,bandpass_n20004_cLA_V3_V6_independent_rms_s15,phase2/results/predictions/full/independent_rms/tcn/seed_29/bandpass_n20004_cLA_V3_V6_independent_rms_s15.npz,76413,93d4a655a9ec955a19924b9758b603d506fe4ecbfd547d741689876a241d2113
tcn,independent_rms,29,bandpass_n20004_cLA_V3_V6_independent_rms_s10,phase2/results/predictions/full/independent_rms/tcn/seed_29/bandpass_n20004_cLA_V3_V6_independent_rms_s10.npz,76381,5fc12f651c5ac92250dab357b593f750f90510707813397d48e70fac2b08c81f
tcn,independent_rms,29,bandpass_n20004_cLA_V3_V6_independent_rms_s5,phase2/results/predictions/full/independent_rms/tcn/seed_29/bandpass_n20004_cLA_V3_V6_independent_rms_s5.npz,76304,cc2358e7508abd67e90b14fb93770ae2a4df22113bf952ae1a08751b5a5d1e97
tcn,independent_rms,29,bandpass_n20004_cLA_V3_V6_independent_rms_s0,phase2/results/predictions/full/independent_rms/tcn/seed_29/bandpass_n20004_cLA_V3_V6_independent_rms_s0.npz,75976,9b606e78f567e40fe9a797d2143463ae642617ec6ae35f35fad4072b3843b857
tcn,independent_rms,29,bandpass_n20004_cLA_V3_V6_electrode_s20,phase2/results/predictions/full/independent_rms/tcn/seed_29/bandpass_n20004_cLA_V3_V6_electrode_s20.npz,76394,3c5b6418a01073878a67557c586cfca5c0549a96981cbe29a4a113fa050ee83d
tcn,independent_rms,29,bandpass_n20004_cLA_V3_V6_electrode_s15,phase2/results/predictions/full/independent_rms/tcn/seed_29/bandpass_n20004_cLA_V3_V6_electrode_s15.npz,76386,9b2484ae1e7a04cc80b8de8d44b43161aecc79a978d6aa997e998956e1ea3ff8
tcn,independent_rms,29,bandpass_n20004_cLA_V3_V6_electrode_s10,phase2/results/predictions/full/independent_rms/tcn/seed_29/bandpass_n20004_cLA_V3_V6_electrode_s10.npz,76330,edc24ca7d3e10d75a76638cf2cf598301e393ffbb3ea5e1291c392295bd97675
tcn,independent_rms,29,bandpass_n20004_cLA_V3_V6_electrode_s5,phase2/results/predictions/full/independent_rms/tcn/seed_29/bandpass_n20004_cLA_V3_V6_electrode_s5.npz,76176,4f1a4c0f11eaf685261fce42b7f75e08939c9b5f7dfbb24f7a0f6580363bd6bc
tcn,independent_rms,29,bandpass_n20004_cLA_V3_V6_electrode_s0,phase2/results/predictions/full/independent_rms/tcn/seed_29/bandpass_n20004_cLA_V3_V6_electrode_s0.npz,75912,fdccc17c0a48828b3bdcb8ecd6dd7d26d72063c48bffa1690d9a1fad5dff0316
tcn,independent_rms,29,bandpass_n20004_cLA_V3_V6_covariance_s20,phase2/results/predictions/full/independent_rms/tcn/seed_29/bandpass_n20004_cLA_V3_V6_covariance_s20.npz,76409,ed666d7ef107ff44546c0063d6adcd8220673be7afda10521ed031e636b248ab
tcn,independent_rms,29,bandpass_n20004_cLA_V3_V6_covariance_s15,phase2/results/predictions/full/independent_rms/tcn/seed_29/bandpass_n20004_cLA_V3_V6_covariance_s15.npz,76434,d5024e8d90aba9397208b6b76e57539ab1a45b90a6eb83f4ab3ad1bd7ad19c5b
tcn,independent_rms,29,bandpass_n20004_cLA_V3_V6_covariance_s10,phase2/results/predictions/full/independent_rms/tcn/seed_29/bandpass_n20004_cLA_V3_V6_covariance_s10.npz,76336,ca57e7815b780d0b42cfc1000ab6973629d9bce1dca193bf338eff1d4b151f94
tcn,independent_rms,29,bandpass_n20004_cLA_V3_V6_covariance_s5,phase2/results/predictions/full/independent_rms/tcn/seed_29/bandpass_n20004_cLA_V3_V6_covariance_s5.npz,76217,82b0fbe382062ce6def405180195534eb5f268f0140b8769a657dcaab1f26c58
tcn,independent_rms,29,bandpass_n20004_cLA_V3_V6_covariance_s0,phase2/results/predictions/full/independent_rms/tcn/seed_29/bandpass_n20004_cLA_V3_V6_covariance_s0.npz,75883,2ee252186d4df304817c0fe33b264ab2984dfe55f0d4ba31358c25c31a4879db
tcn,independent_rms,29,bandpass_n20004_cLL_V1_V4_independent_rms_s20,phase2/results/predictions/full/independent_rms/tcn/seed_29/bandpass_n20004_cLL_V1_V4_independent_rms_s20.npz,76363,65067ef92155f3e1b0c84f8f90763820ca00096b0cc545a536ff4f3413532eed
tcn,independent_rms,29,bandpass_n20004_cLL_V1_V4_independent_rms_s15,phase2/results/predictions/full/independent_rms/tcn/seed_29/bandpass_n20004_cLL_V1_V4_independent_rms_s15.npz,76394,af200a3e0ac00fb600b4e1e27d6237a3da5928d86331c029ccf19d0492de63b1
tcn,independent_rms,29,bandpass_n20004_cLL_V1_V4_independent_rms_s10,phase2/results/predictions/full/independent_rms/tcn/seed_29/bandpass_n20004_cLL_V1_V4_independent_rms_s10.npz,76375,7bef67eca3703deb8892b2088b9f806838ffed3a6759c8aba1ef7820f3dff8e4
tcn,independent_rms,29,bandpass_n20004_cLL_V1_V4_independent_rms_s5,phase2/results/predictions/full/independent_rms/tcn/seed_29/bandpass_n20004_cLL_V1_V4_independent_rms_s5.npz,76284,329f316f2abd7a5c461731fbe90855de4530094be4c1059275d533eb5112103b
tcn,independent_rms,29,bandpass_n20004_cLL_V1_V4_independent_rms_s0,phase2/results/predictions/full/independent_rms/tcn/seed_29/bandpass_n20004_cLL_V1_V4_independent_rms_s0.npz,75948,f33658648da3ac3dd5482ec3b82803e328876908912b9787d63d5fe3e959eb4a
tcn,independent_rms,29,bandpass_n20004_cLL_V1_V4_electrode_s20,phase2/results/predictions/full/independent_rms/tcn/seed_29/bandpass_n20004_cLL_V1_V4_electrode_s20.npz,76414,ae19fce9c67c81ea880b84c95d4f909e83a333ece3c48c6fce6033998b72c390
tcn,independent_rms,29,bandpass_n20004_cLL_V1_V4_electrode_s15,phase2/results/predictions/full/independent_rms/tcn/seed_29/bandpass_n20004_cLL_V1_V4_electrode_s15.npz,76397,6d9427de3bbb65e6d9809b31f95976a2fe49c243692620c6c82293b00320d8b7
tcn,independent_rms,29,bandpass_n20004_cLL_V1_V4_electrode_s10,phase2/results/predictions/full/independent_rms/tcn/seed_29/bandpass_n20004_cLL_V1_V4_electrode_s10.npz,76343,8f5cb6a27d7bf03d678ac5b73acbce6fe85098dc7d9636ab8143042897305004
tcn,independent_rms,29,bandpass_n20004_cLL_V1_V4_electrode_s5,phase2/results/predictions/full/independent_rms/tcn/seed_29/bandpass_n20004_cLL_V1_V4_electrode_s5.npz,76155,d2d30c89aa390e785e6c061b682f098233e69017d077c171baf8ba718c135160
tcn,independent_rms,29,bandpass_n20004_cLL_V1_V4_electrode_s0,phase2/results/predictions/full/independent_rms/tcn/seed_29/bandpass_n20004_cLL_V1_V4_electrode_s0.npz,75863,1fa76ef77a5be78f1eea0efb0917424b0e88815fee814a41aecaf06cd2cc0764
tcn,independent_rms,29,bandpass_n20004_cLL_V1_V4_covariance_s20,phase2/results/predictions/full/independent_rms/tcn/seed_29/bandpass_n20004_cLL_V1_V4_covariance_s20.npz,76383,059bc67020fe2e6d3859201ef9421f3b6803cead199bad73c8e62ba382ea479e
tcn,independent_rms,29,bandpass_n20004_cLL_V1_V4_covariance_s15,phase2/results/predictions/full/independent_rms/tcn/seed_29/bandpass_n20004_cLL_V1_V4_covariance_s15.npz,76429,df2f7021b429553ac56e626ba916f6a1896de7f972aa0db7c7f42950fc523014
tcn,independent_rms,29,bandpass_n20004_cLL_V1_V4_covariance_s10,phase2/results/predictions/full/independent_rms/tcn/seed_29/bandpass_n20004_cLL_V1_V4_covariance_s10.npz,76312,51a44369eb5681662d4a971503508de7780b536f2e30d0f15e4eda0eadf72968
tcn,independent_rms,29,bandpass_n20004_cLL_V1_V4_covariance_s5,phase2/results/predictions/full/independent_rms/tcn/seed_29/bandpass_n20004_cLL_V1_V4_covariance_s5.npz,76183,497132b68a9339ed2688ef97ce094f80362b25998c97e30b092eac4335add99c
tcn,independent_rms,29,bandpass_n20004_cLL_V1_V4_covariance_s0,phase2/results/predictions/full/independent_rms/tcn/seed_29/bandpass_n20004_cLL_V1_V4_covariance_s0.npz,75876,3b0b83d36cee7b3afe37c3b8e018d6b08968a1d6bac554dca3e108bb1beefd58
tcn,independent_rms,29,bandpass_n20004_call_independent_rms_s20,phase2/results/predictions/full/independent_rms/tcn/seed_29/bandpass_n20004_call_independent_rms_s20.npz,76378,4cc6ffa73dfb2700cd82be0c4aeabe6e95620d56fb094163ae86d3e0220eaf27
tcn,independent_rms,29,bandpass_n20004_call_independent_rms_s15,phase2/results/predictions/full/independent_rms/tcn/seed_29/bandpass_n20004_call_independent_rms_s15.npz,76405,a8349ce82e4303d36edf46b4df4748d6f1d4851c4efc84d237b020e9320c9848
tcn,independent_rms,29,bandpass_n20004_call_independent_rms_s10,phase2/results/predictions/full/independent_rms/tcn/seed_29/bandpass_n20004_call_independent_rms_s10.npz,76373,ff68a505c0a1680d1b2b5166c165a7991a7ea32357a3e0df1a052c652fab910a
tcn,independent_rms,29,bandpass_n20004_call_independent_rms_s5,phase2/results/predictions/full/independent_rms/tcn/seed_29/bandpass_n20004_call_independent_rms_s5.npz,76241,4201a58377174c71fde7134a4eabbb0fee4e50962b698450432db80b8cfff890
tcn,independent_rms,29,bandpass_n20004_call_independent_rms_s0,phase2/results/predictions/full/independent_rms/tcn/seed_29/bandpass_n20004_call_independent_rms_s0.npz,75937,29fb9ce8785ec2cded98b3df97c3d2c8aea5211240c6d009ad93edf04951be12
tcn,independent_rms,29,bandpass_n20004_call_electrode_s20,phase2/results/predictions/full/independent_rms/tcn/seed_29/bandpass_n20004_call_electrode_s20.npz,76397,97432ef2c3218fc6389e37dbb2f3987430bcea88eda22bcfc98a93fcf9587fe9
tcn,independent_rms,29,bandpass_n20004_call_electrode_s15,phase2/results/predictions/full/independent_rms/tcn/seed_29/bandpass_n20004_call_electrode_s15.npz,76350,d25f8a8bb973e1fd4487ba313d6b978bbb86df69fdd75a11794b6d587cd1d245
tcn,independent_rms,29,bandpass_n20004_call_electrode_s10,phase2/results/predictions/full/independent_rms/tcn/seed_29/bandpass_n20004_call_electrode_s10.npz,76280,19b92ff9915aa77d6354c74a9b883ff1f68e1af936a77083a6b2673e15120814
tcn,independent_rms,29,bandpass_n20004_call_electrode_s5,phase2/results/predictions/full/independent_rms/tcn/seed_29/bandpass_n20004_call_electrode_s5.npz,76147,f39666b74c0222b7eb67798083c3e0455ac2a64e7b4126fb334e2d2918c4cdb4
tcn,independent_rms,29,bandpass_n20004_call_electrode_s0,phase2/results/predictions/full/independent_rms/tcn/seed_29/bandpass_n20004_call_electrode_s0.npz,75666,cdafb1266088b7b15f1406361487fae75fcb0ded50e8d11e3e0d2ae2ff3ec544
tcn,independent_rms,29,bandpass_n20004_call_covariance_s20,phase2/results/predictions/full/independent_rms/tcn/seed_29/bandpass_n20004_call_covariance_s20.npz,76376,df93757324390f60cf172217cae49188cd852344b0a5a80ac1a20dba31f139fd
tcn,independent_rms,29,bandpass_n20004_call_covariance_s15,phase2/results/predictions/full/independent_rms/tcn/seed_29/bandpass_n20004_call_covariance_s15.npz,76374,d7a525b0b4a7d7edd8892a7e839c63ff1aad450aed9813d75554efc35d5a3e6c
tcn,independent_rms,29,bandpass_n20004_call_covariance_s10,phase2/results/predictions/full/independent_rms/tcn/seed_29/bandpass_n20004_call_covariance_s10.npz,76283,a8b05391c2dd92dde2cc6a3dfdb1f9ebbf1ed41703938cf2a5a25e25e0c94e56
tcn,independent_rms,29,bandpass_n20004_call_covariance_s5,phase2/results/predictions/full/independent_rms/tcn/seed_29/bandpass_n20004_call_covariance_s5.npz,76122,fb4182698f49b22afa8b24004d44c4ffa724f40f628bdab39a988a31a2910542
tcn,independent_rms,29,bandpass_n20004_call_covariance_s0,phase2/results/predictions/full/independent_rms/tcn/seed_29/bandpass_n20004_call_covariance_s0.npz,75674,739e7e31aaaa395aefb6a357808acfa38bc30bbaae0bb33ebbb945ea13186b41
tcn,independent_rms,29,bandpass_n20005_cRA_LA_LL_independent_rms_s20,phase2/results/predictions/full/independent_rms/tcn/seed_29/bandpass_n20005_cRA_LA_LL_independent_rms_s20.npz,76407,cb8ec1a1a73944eb98a9d910ba1219888b0b3f875c78accd1c995a5e4aedfc75
tcn,independent_rms,29,bandpass_n20005_cRA_LA_LL_independent_rms_s15,phase2/results/predictions/full/independent_rms/tcn/seed_29/bandpass_n20005_cRA_LA_LL_independent_rms_s15.npz,76405,099e8c45884b8bf974ee0b14fcb8fe6205b2b346f5cf5b1e4089035441fb04fd
tcn,independent_rms,29,bandpass_n20005_cRA_LA_LL_independent_rms_s10,phase2/results/predictions/full/independent_rms/tcn/seed_29/bandpass_n20005_cRA_LA_LL_independent_rms_s10.npz,76373,4ac5467ec09874ad7bed139c15585ff1db2b3c322949556975cabd98c52fa33c
tcn,independent_rms,29,bandpass_n20005_cRA_LA_LL_independent_rms_s5,phase2/results/predictions/full/independent_rms/tcn/seed_29/bandpass_n20005_cRA_LA_LL_independent_rms_s5.npz,76264,b9b21f992a8ceda9d330a2e3c525e56d2958cf1d0d365bac6259ab0a5010a2b5
tcn,independent_rms,29,bandpass_n20005_cRA_LA_LL_independent_rms_s0,phase2/results/predictions/full/independent_rms/tcn/seed_29/bandpass_n20005_cRA_LA_LL_independent_rms_s0.npz,75947,b87eb1e8bd5adaaad85f3092bcf9738ac70989ae458773bc344c329dc0fd54df
tcn,independent_rms,29,bandpass_n20005_cRA_LA_LL_electrode_s20,phase2/results/predictions/full/independent_rms/tcn/seed_29/bandpass_n20005_cRA_LA_LL_electrode_s20.npz,76371,0fa9ec68924eb9ca2ee6d7fc0348f59d0959272f373994cd758a82222a9e3fb7
tcn,independent_rms,29,bandpass_n20005_cRA_LA_LL_electrode_s15,phase2/results/predictions/full/independent_rms/tcn/seed_29/bandpass_n20005_cRA_LA_LL_electrode_s15.npz,76389,64c16c2ebee9070e849292016ad8bac895d79b6beff8ea22ee69a1910a0628c7
tcn,independent_rms,29,bandpass_n20005_cRA_LA_LL_electrode_s10,phase2/results/predictions/full/independent_rms/tcn/seed_29/bandpass_n20005_cRA_LA_LL_electrode_s10.npz,76280,33f0b6f3521526d6db2603294079b3ded0d04bb8341d9f971b6d0306e87cb155
tcn,independent_rms,29,bandpass_n20005_cRA_LA_LL_electrode_s5,phase2/results/predictions/full/independent_rms/tcn/seed_29/bandpass_n20005_cRA_LA_LL_electrode_s5.npz,76054,70fe39e65f7f98affeba6db1e8195965abad7176d7d4b4ddb5fdae2c2fc4d3d0
tcn,independent_rms,29,bandpass_n20005_cRA_LA_LL_electrode_s0,phase2/results/predictions/full/independent_rms/tcn/seed_29/bandpass_n20005_cRA_LA_LL_electrode_s0.npz,75648,4cd24c4edf554aee790ef7c21341cac7a523985b3fb4d9fa7201dbc6259e9d67
tcn,independent_rms,29,bandpass_n20005_cRA_LA_LL_covariance_s20,phase2/results/predictions/full/independent_rms/tcn/seed_29/bandpass_n20005_cRA_LA_LL_covariance_s20.npz,76377,ba1594cba3b1aafcd12583c88536946866bd83d361c4f0e8815f43f54a4b3d2f
tcn,independent_rms,29,bandpass_n20005_cRA_LA_LL_covariance_s15,phase2/results/predictions/full/independent_rms/tcn/seed_29/bandpass_n20005_cRA_LA_LL_covariance_s15.npz,76353,2d465351ed459103e4c72ede851d3de124872d4d4e881b60e80210dd3f78dfc5
tcn,independent_rms,29,bandpass_n20005_cRA_LA_LL_covariance_s10,phase2/results/predictions/full/independent_rms/tcn/seed_29/bandpass_n20005_cRA_LA_LL_covariance_s10.npz,76280,585b3df114aba9aa4148b46d75e337d487d29e1fdfaa0f224ad53d602d1dba1f
tcn,independent_rms,29,bandpass_n20005_cRA_LA_LL_covariance_s5,phase2/results/predictions/full/independent_rms/tcn/seed_29/bandpass_n20005_cRA_LA_LL_covariance_s5.npz,76051,a84f1790cf7d0a2ff424abd615ff0b2d8e4e72495bd5e8ff91d8338d995eb28a
tcn,independent_rms,29,bandpass_n20005_cRA_LA_LL_covariance_s0,phase2/results/predictions/full/independent_rms/tcn/seed_29/bandpass_n20005_cRA_LA_LL_covariance_s0.npz,75643,fee179d5449af685cb158606dd832ad836a3e21e1b5572aa85f2c6afbdcefb45
tcn,independent_rms,29,bandpass_n20005_cV1_independent_rms_s20,phase2/results/predictions/full/independent_rms/tcn/seed_29/bandpass_n20005_cV1_independent_rms_s20.npz,76411,5e09418f4a1593ea1869776c22cb704e49b355ca7178f65d5fed3ab9118dd9d5
tcn,independent_rms,29,bandpass_n20005_cV1_independent_rms_s15,phase2/results/predictions/full/independent_rms/tcn/seed_29/bandpass_n20005_cV1_independent_rms_s15.npz,76373,7347c3e2048aee205b2d8fbd8b7563ac5c2075c6e465a0fe64b059b8764fdd3a
tcn,independent_rms,29,bandpass_n20005_cV1_independent_rms_s10,phase2/results/predictions/full/independent_rms/tcn/seed_29/bandpass_n20005_cV1_independent_rms_s10.npz,76333,4670f910dfd282e6b11102dccaef7c60af1cbc5b5e8153dd36db15e9f8f9cf5c
tcn,independent_rms,29,bandpass_n20005_cV1_independent_rms_s5,phase2/results/predictions/full/independent_rms/tcn/seed_29/bandpass_n20005_cV1_independent_rms_s5.npz,76190,f5886cd3f8407b9b0ac2b203254267e3cbe1956b88b18690b70781a2b994664a
tcn,independent_rms,29,bandpass_n20005_cV1_independent_rms_s0,phase2/results/predictions/full/independent_rms/tcn/seed_29/bandpass_n20005_cV1_independent_rms_s0.npz,75885,2c8b530421fc870c3fe00b8d4de98c5da9218f401546e5c87847706e6b29bb53
tcn,independent_rms,29,bandpass_n20005_cV1_electrode_s20,phase2/results/predictions/full/independent_rms/tcn/seed_29/bandpass_n20005_cV1_electrode_s20.npz,76385,083660bd317f2d2a4cf85b616c95787fa6df97e8863720fdea1da4b09da76433
tcn,independent_rms,29,bandpass_n20005_cV1_electrode_s15,phase2/results/predictions/full/independent_rms/tcn/seed_29/bandpass_n20005_cV1_electrode_s15.npz,76371,8deb0589eaf1b634beccfcb9da61929fad3042b31570ffb378abcc268e993ee5
tcn,independent_rms,29,bandpass_n20005_cV1_electrode_s10,phase2/results/predictions/full/independent_rms/tcn/seed_29/bandpass_n20005_cV1_electrode_s10.npz,76306,2d1628ec27615169dd7cf164148cc7d45e55c4036295a10bc6ba73781eb745bc
tcn,independent_rms,29,bandpass_n20005_cV1_electrode_s5,phase2/results/predictions/full/independent_rms/tcn/seed_29/bandpass_n20005_cV1_electrode_s5.npz,76196,f8da8236af098a955f1fc950014d970e2f30af479d9435b02e7005a96dd00c69
tcn,independent_rms,29,bandpass_n20005_cV1_electrode_s0,phase2/results/predictions/full/independent_rms/tcn/seed_29/bandpass_n20005_cV1_electrode_s0.npz,75830,a53d4fef0994d062273673ec29eac3014f075fceb2d6e9a514b361b2f0e77171
tcn,independent_rms,29,bandpass_n20005_cV1_covariance_s20,phase2/results/predictions/full/independent_rms/tcn/seed_29/bandpass_n20005_cV1_covariance_s20.npz,76355,67a48b9fa4dbbf36b61b2baaa614c38e266b24feb468287efb6ef29cb3279544
tcn,independent_rms,29,bandpass_n20005_cV1_covariance_s15,phase2/results/predictions/full/independent_rms/tcn/seed_29/bandpass_n20005_cV1_covariance_s15.npz,76356,764aed1c9a51b0f82a6965dd9f4078aa30b0605a1911f6b8ac7c98ef803b14c6
tcn,independent_rms,29,bandpass_n20005_cV1_covariance_s10,phase2/results/predictions/full/independent_rms/tcn/seed_29/bandpass_n20005_cV1_covariance_s10.npz,76333,c268c1fbc7843eb1ba37fccc628b5d374915ca44fdf8d750c1cccea07ed83c64
tcn,independent_rms,29,bandpass_n20005_cV1_covariance_s5,phase2/results/predictions/full/independent_rms/tcn/seed_29/bandpass_n20005_cV1_covariance_s5.npz,76229,174d9c514e513e65a8e55cabcfb8229010d0e91ae59b3d8950bdd5222e2e36cf
tcn,independent_rms,29,bandpass_n20005_cV1_covariance_s0,phase2/results/predictions/full/independent_rms/tcn/seed_29/bandpass_n20005_cV1_covariance_s0.npz,75833,6f1f6f6fd815675242daac74ddbd242385bb0a5213dc115f59efc440784050aa
tcn,independent_rms,29,bandpass_n20005_cV2_independent_rms_s20,phase2/results/predictions/full/independent_rms/tcn/seed_29/bandpass_n20005_cV2_independent_rms_s20.npz,76401,1acbeeaade84594827ffba1da1c7644841598d0803cb3acf2d4d6a51ae1f94b9
tcn,independent_rms,29,bandpass_n20005_cV2_independent_rms_s15,phase2/results/predictions/full/independent_rms/tcn/seed_29/bandpass_n20005_cV2_independent_rms_s15.npz,76381,fafa676746f2400cdb9251ea1e9a4ad3da2ce0a54b8ca048b16024225a240aca
tcn,independent_rms,29,bandpass_n20005_cV2_independent_rms_s10,phase2/results/predictions/full/independent_rms/tcn/seed_29/bandpass_n20005_cV2_independent_rms_s10.npz,76362,5b837f0ef2c1a2ede7ba6ea0c10f57e4569ac9405752679ff5eeb2d2941ca194
tcn,independent_rms,29,bandpass_n20005_cV2_independent_rms_s5,phase2/results/predictions/full/independent_rms/tcn/seed_29/bandpass_n20005_cV2_independent_rms_s5.npz,76263,f9d5df3a34a9edf5eb2708726828062bc0af165160241197a742596e87a1b6c3
tcn,independent_rms,29,bandpass_n20005_cV2_independent_rms_s0,phase2/results/predictions/full/independent_rms/tcn/seed_29/bandpass_n20005_cV2_independent_rms_s0.npz,75976,8c51eb1f6bce85046ed50c0efd2f1496b2761268618d6402a842c443ae7183aa
tcn,independent_rms,29,bandpass_n20005_cV2_electrode_s20,phase2/results/predictions/full/independent_rms/tcn/seed_29/bandpass_n20005_cV2_electrode_s20.npz,76381,2d566adba620e07820ab997e38e5e59da1cebf6674e08e9e4522cc0b1b0c388c
tcn,independent_rms,29,bandpass_n20005_cV2_electrode_s15,phase2/results/predictions/full/independent_rms/tcn/seed_29/bandpass_n20005_cV2_electrode_s15.npz,76401,e68b3deeaa8ddaa9ea00430bf6df9613555ec7e224c0dd9b95092b8428a758c0
tcn,independent_rms,29,bandpass_n20005_cV2_electrode_s10,phase2/results/predictions/full/independent_rms/tcn/seed_29/bandpass_n20005_cV2_electrode_s10.npz,76317,9918157e05d0c51adb4107c3c07d531d99a274c3dc4db1f3158bee2dca08d08a
tcn,independent_rms,29,bandpass_n20005_cV2_electrode_s5,phase2/results/predictions/full/independent_rms/tcn/seed_29/bandpass_n20005_cV2_electrode_s5.npz,76255,085f654dbe305aad62f8dd3df76fff54f128a8936b8d982b074b99f1e55b8b56
tcn,independent_rms,29,bandpass_n20005_cV2_electrode_s0,phase2/results/predictions/full/independent_rms/tcn/seed_29/bandpass_n20005_cV2_electrode_s0.npz,75972,f598a971bda007b74513f3c465924d700f9863391e299b7a14fd859719f8514a
tcn,independent_rms,29,bandpass_n20005_cV2_covariance_s20,phase2/results/predictions/full/independent_rms/tcn/seed_29/bandpass_n20005_cV2_covariance_s20.npz,76401,79bc997e5e3d6fd0d0969f889199336a6e4f6dd0617dc5709724b2c8a338e7ae
tcn,independent_rms,29,bandpass_n20005_cV2_covariance_s15,phase2/results/predictions/full/independent_rms/tcn/seed_29/bandpass_n20005_cV2_covariance_s15.npz,76385,ed83df521985426874ce38065bfeb8e49393db4ced415f12ec89d5204a668409
tcn,independent_rms,29,bandpass_n20005_cV2_covariance_s10,phase2/results/predictions/full/independent_rms/tcn/seed_29/bandpass_n20005_cV2_covariance_s10.npz,76343,abe4124252b3d536d6b57ee88c30775ac4497529ce2bf089eecbb06f363b934d
tcn,independent_rms,29,bandpass_n20005_cV2_covariance_s5,phase2/results/predictions/full/independent_rms/tcn/seed_29/bandpass_n20005_cV2_covariance_s5.npz,76211,143c3d94ea3770304a70aaab9f72fb0013215224012b1ddbe58448508c097a23
tcn,independent_rms,29,bandpass_n20005_cV2_covariance_s0,phase2/results/predictions/full/independent_rms/tcn/seed_29/bandpass_n20005_cV2_covariance_s0.npz,76006,5713a1b26dc6d636f94804554738c3ecba4b675055f4b46784465f10b05fc6ca
tcn,independent_rms,29,bandpass_n20005_cV3_independent_rms_s20,phase2/results/predictions/full/independent_rms/tcn/seed_29/bandpass_n20005_cV3_independent_rms_s20.npz,76392,6227b3781ce81de2e6e756674cafb076937c23f5c12e8d44065bfcabcbf7caec
tcn,independent_rms,29,bandpass_n20005_cV3_independent_rms_s15,phase2/results/predictions/full/independent_rms/tcn/seed_29/bandpass_n20005_cV3_independent_rms_s15.npz,76387,ca1033265b146f9d75b659c69eba4b453e7fbb637a7703c50684373e3a79aa68
tcn,independent_rms,29,bandpass_n20005_cV3_independent_rms_s10,phase2/results/predictions/full/independent_rms/tcn/seed_29/bandpass_n20005_cV3_independent_rms_s10.npz,76387,8a210149f5fe6f1d14d694a9554a2f325a5ab28d0f8b8823f901f4385b108f35
tcn,independent_rms,29,bandpass_n20005_cV3_independent_rms_s5,phase2/results/predictions/full/independent_rms/tcn/seed_29/bandpass_n20005_cV3_independent_rms_s5.npz,76383,9606dfe1e175e1a29efffe18688a54e52b3af4f0d32473841e4ae9092e7faede
tcn,independent_rms,29,bandpass_n20005_cV3_independent_rms_s0,phase2/results/predictions/full/independent_rms/tcn/seed_29/bandpass_n20005_cV3_independent_rms_s0.npz,76260,1ad43bf850fb4bad9768e042b43c60d352bd564b675190eb3e816680c23c95f0
tcn,independent_rms,29,bandpass_n20005_cV3_electrode_s20,phase2/results/predictions/full/independent_rms/tcn/seed_29/bandpass_n20005_cV3_electrode_s20.npz,76390,6dfdc1a90b3899e9e3524cca76ad968fcbb0a45be5f90cd859895d8a1854daa3
tcn,independent_rms,29,bandpass_n20005_cV3_electrode_s15,phase2/results/predictions/full/independent_rms/tcn/seed_29/bandpass_n20005_cV3_electrode_s15.npz,76392,95af12301889f4080a25cf7a8a5688f3432994043d5e4bee06456f9aa05318d5
tcn,independent_rms,29,bandpass_n20005_cV3_electrode_s10,phase2/results/predictions/full/independent_rms/tcn/seed_29/bandpass_n20005_cV3_electrode_s10.npz,76388,e100cbf45037481701069f18377024c480df3986e3e473ed5761717e628eec1a
tcn,independent_rms,29,bandpass_n20005_cV3_electrode_s5,phase2/results/predictions/full/independent_rms/tcn/seed_29/bandpass_n20005_cV3_electrode_s5.npz,76330,33feda83c0d6563a07d607e2d476f1065dfdbfa4ffe77d0e1665f2e36c30575f
tcn,independent_rms,29,bandpass_n20005_cV3_electrode_s0,phase2/results/predictions/full/independent_rms/tcn/seed_29/bandpass_n20005_cV3_electrode_s0.npz,76230,4c4025fdee6f51434efbed27844b1392d1d81bd169ba508b457b38588861c5f5
tcn,independent_rms,29,bandpass_n20005_cV3_covariance_s20,phase2/results/predictions/full/independent_rms/tcn/seed_29/bandpass_n20005_cV3_covariance_s20.npz,76374,8bb5f055dacf69276f9c6f44766f6e9f8492199ba2c4cbd240ef5f8820154724
tcn,independent_rms,29,bandpass_n20005_cV3_covariance_s15,phase2/results/predictions/full/independent_rms/tcn/seed_29/bandpass_n20005_cV3_covariance_s15.npz,76384,ea3e74acf7659fae2941855615195d63c46b70f6913a7926f605b9a4ade53c67
tcn,independent_rms,29,bandpass_n20005_cV3_covariance_s10,phase2/results/predictions/full/independent_rms/tcn/seed_29/bandpass_n20005_cV3_covariance_s10.npz,76393,cb43f113de02035dd286d18098dfbcd9db1d18b346b4da89ce5a7ee954a9ce8c
tcn,independent_rms,29,bandpass_n20005_cV3_covariance_s5,phase2/results/predictions/full/independent_rms/tcn/seed_29/bandpass_n20005_cV3_covariance_s5.npz,76335,432ba8338711a55a75a58cf1c66374caeb3e74fbbe5c49fb757229d125bcc85a
tcn,independent_rms,29,bandpass_n20005_cV3_covariance_s0,phase2/results/predictions/full/independent_rms/tcn/seed_29/bandpass_n20005_cV3_covariance_s0.npz,76253,e603418b12159100a040a226ae312bfbdb43a6f8077a33dcdd399e562fe08581
tcn,independent_rms,29,bandpass_n20005_cV4_independent_rms_s20,phase2/results/predictions/full/independent_rms/tcn/seed_29/bandpass_n20005_cV4_independent_rms_s20.npz,76421,a1e3a1add365f1bfff2d4553d432859c7df267f47c29f75e11225e972abc785d
tcn,independent_rms,29,bandpass_n20005_cV4_independent_rms_s15,phase2/results/predictions/full/independent_rms/tcn/seed_29/bandpass_n20005_cV4_independent_rms_s15.npz,76405,b9700132116ab4cb04fc08db7617fcf8377a4abb432e753b34d08af3f871aae0
tcn,independent_rms,29,bandpass_n20005_cV4_independent_rms_s10,phase2/results/predictions/full/independent_rms/tcn/seed_29/bandpass_n20005_cV4_independent_rms_s10.npz,76374,094a2304727f00272ef020e7d19f4a51ffaa33f76b6578ebc0f584a3710f8bb5
tcn,independent_rms,29,bandpass_n20005_cV4_independent_rms_s5,phase2/results/predictions/full/independent_rms/tcn/seed_29/bandpass_n20005_cV4_independent_rms_s5.npz,76322,10bd7c1adedb0867c9b0ef0eb84877d14682bd221d35fc3d9919fac71e7fa47a
tcn,independent_rms,29,bandpass_n20005_cV4_independent_rms_s0,phase2/results/predictions/full/independent_rms/tcn/seed_29/bandpass_n20005_cV4_independent_rms_s0.npz,76168,aafcb41021623413c04cf242aa7da74b877c3ace3f620064c1e2ca76fd552d48
tcn,independent_rms,29,bandpass_n20005_cV4_electrode_s20,phase2/results/predictions/full/independent_rms/tcn/seed_29/bandpass_n20005_cV4_electrode_s20.npz,76384,f15194dbfffb4189a93784074a49066f76411e449a3d0d1f3bb0e79b094b70b5
tcn,independent_rms,29,bandpass_n20005_cV4_electrode_s15,phase2/results/predictions/full/independent_rms/tcn/seed_29/bandpass_n20005_cV4_electrode_s15.npz,76380,0d9997c98b7171ae8f2b917c9af351c712b35913c5a405ba4d5f4f991a2fd50d
tcn,independent_rms,29,bandpass_n20005_cV4_electrode_s10,phase2/results/predictions/full/independent_rms/tcn/seed_29/bandpass_n20005_cV4_electrode_s10.npz,76398,28f3d39bd765a49dc6035cc59b6a5816c436ba6a00478de11d1df3d6171b6723
tcn,independent_rms,29,bandpass_n20005_cV4_electrode_s5,phase2/results/predictions/full/independent_rms/tcn/seed_29/bandpass_n20005_cV4_electrode_s5.npz,76277,46c3d12661857f569fcee2b4ab2f438667d35a4628190b677bacad3cb5c3530b
tcn,independent_rms,29,bandpass_n20005_cV4_electrode_s0,phase2/results/predictions/full/independent_rms/tcn/seed_29/bandpass_n20005_cV4_electrode_s0.npz,76118,c413aefeadd6c6077a40f8e03c720052ffd8b02e421d7a94d24168954a44d13e
tcn,independent_rms,29,bandpass_n20005_cV4_covariance_s20,phase2/results/predictions/full/independent_rms/tcn/seed_29/bandpass_n20005_cV4_covariance_s20.npz,76385,9d6c86caab9421593c07ca7e53646558946910fa36928e625b857f65c5ad0243
tcn,independent_rms,29,bandpass_n20005_cV4_covariance_s15,phase2/results/predictions/full/independent_rms/tcn/seed_29/bandpass_n20005_cV4_covariance_s15.npz,76358,f03952ec5bf532f678faa3a079a2b4723732421d88c024e7e545a5694c7535ed
tcn,independent_rms,29,bandpass_n20005_cV4_covariance_s10,phase2/results/predictions/full/independent_rms/tcn/seed_29/bandpass_n20005_cV4_covariance_s10.npz,76407,f7965ad6eb7f8ae00e3a0628b5b64109f4c848133d3f87c752d1f45d95627500
tcn,independent_rms,29,bandpass_n20005_cV4_covariance_s5,phase2/results/predictions/full/independent_rms/tcn/seed_29/bandpass_n20005_cV4_covariance_s5.npz,76283,b79d02551d804123fc2a4b200d45ac6b257913f68f8dc5bb4f59ad499965800e
tcn,independent_rms,29,bandpass_n20005_cV4_covariance_s0,phase2/results/predictions/full/independent_rms/tcn/seed_29/bandpass_n20005_cV4_covariance_s0.npz,76140,2a42be76968951c7c003762b6825f051efdeea72f87f6557ec6def1fc31cdd05
tcn,independent_rms,29,bandpass_n20005_cV5_independent_rms_s20,phase2/results/predictions/full/independent_rms/tcn/seed_29/bandpass_n20005_cV5_independent_rms_s20.npz,76378,40948cce911250d2affd15e7e1850a30ae0e662206909297fe58964a3971a9ec
tcn,independent_rms,29,bandpass_n20005_cV5_independent_rms_s15,phase2/results/predictions/full/independent_rms/tcn/seed_29/bandpass_n20005_cV5_independent_rms_s15.npz,76384,d6019b8a0679c5af900137f137d944ac9af0a9a766213d72f9dc8fd3921f12d2
tcn,independent_rms,29,bandpass_n20005_cV5_independent_rms_s10,phase2/results/predictions/full/independent_rms/tcn/seed_29/bandpass_n20005_cV5_independent_rms_s10.npz,76393,e89a26d2ae682e020e45dc33f4258d41df0d2d5f07268c5f8502f7ce3617efe6
tcn,independent_rms,29,bandpass_n20005_cV5_independent_rms_s5,phase2/results/predictions/full/independent_rms/tcn/seed_29/bandpass_n20005_cV5_independent_rms_s5.npz,76290,5a13055d384f6a4ff241fb589d1762a5d8a5714a746bad4ec8b56e4bca90425f
tcn,independent_rms,29,bandpass_n20005_cV5_independent_rms_s0,phase2/results/predictions/full/independent_rms/tcn/seed_29/bandpass_n20005_cV5_independent_rms_s0.npz,76107,b1962d0c530815c6a14a2577e8bfea14e66054e33dc1597a5a1d4bffed214982
tcn,independent_rms,29,bandpass_n20005_cV5_electrode_s20,phase2/results/predictions/full/independent_rms/tcn/seed_29/bandpass_n20005_cV5_electrode_s20.npz,76375,f96b9a8c133a7482ce3ac57ea1247ea72b4bb4f50fdb05360b1a35e60882f9a7
tcn,independent_rms,29,bandpass_n20005_cV5_electrode_s15,phase2/results/predictions/full/independent_rms/tcn/seed_29/bandpass_n20005_cV5_electrode_s15.npz,76351,329da028037ce41d73723364df4352146ea2cb22161e4626944a76a8228926a7
tcn,independent_rms,29,bandpass_n20005_cV5_electrode_s10,phase2/results/predictions/full/independent_rms/tcn/seed_29/bandpass_n20005_cV5_electrode_s10.npz,76385,89c624a57d42755ad2d16e86bb41e06dd02521614ff0f4382d1b81c701752678
tcn,independent_rms,29,bandpass_n20005_cV5_electrode_s5,phase2/results/predictions/full/independent_rms/tcn/seed_29/bandpass_n20005_cV5_electrode_s5.npz,76325,a983d5bc03228a00a82223b621f0ed672b470d830d7fe255fb5fdc2de617b087
tcn,independent_rms,29,bandpass_n20005_cV5_electrode_s0,phase2/results/predictions/full/independent_rms/tcn/seed_29/bandpass_n20005_cV5_electrode_s0.npz,76063,0d0fbd6b894ed12c6b73ae0df1ed4783dbd5d0fbd39bb71700f1248815bfc6f4
tcn,independent_rms,29,bandpass_n20005_cV5_covariance_s20,phase2/results/predictions/full/independent_rms/tcn/seed_29/bandpass_n20005_cV5_covariance_s20.npz,76357,c4783342a16ffb017ba66267ee5c6751e56ac06f4708fdca951156cdf4f4d9cb
tcn,independent_rms,29,bandpass_n20005_cV5_covariance_s15,phase2/results/predictions/full/independent_rms/tcn/seed_29/bandpass_n20005_cV5_covariance_s15.npz,76368,435de05d947e7155791d7c0fea61a642ad2650c6d9034e184478999222f377a6
tcn,independent_rms,29,bandpass_n20005_cV5_covariance_s10,phase2/results/predictions/full/independent_rms/tcn/seed_29/bandpass_n20005_cV5_covariance_s10.npz,76352,ea8406beba541010e5adaad5208bec4bacfde8fe23196b44e1382a8ce707e673
tcn,independent_rms,29,bandpass_n20005_cV5_covariance_s5,phase2/results/predictions/full/independent_rms/tcn/seed_29/bandpass_n20005_cV5_covariance_s5.npz,76294,d2a8a0def0c6f8f0a22eca68ac37c904be67b0128b08c187264b2d8c1c716eb0
tcn,independent_rms,29,bandpass_n20005_cV5_covariance_s0,phase2/results/predictions/full/independent_rms/tcn/seed_29/bandpass_n20005_cV5_covariance_s0.npz,76085,309bbd48203e9d3a9b96e4449336765f40ef364acf98f6d80a7afd078edce11e
tcn,independent_rms,29,bandpass_n20005_cV6_independent_rms_s20,phase2/results/predictions/full/independent_rms/tcn/seed_29/bandpass_n20005_cV6_independent_rms_s20.npz,76366,14a0a04d5e8122820e5b6fba4b48b312fbb8b21b4a52758ffb1cc7dfc33d4572
tcn,independent_rms,29,bandpass_n20005_cV6_independent_rms_s15,phase2/results/predictions/full/independent_rms/tcn/seed_29/bandpass_n20005_cV6_independent_rms_s15.npz,76395,563a1098ed93119e3b5273dea90d6f53bd8bcbf103778509ae98fc097bba54ce
tcn,independent_rms,29,bandpass_n20005_cV6_independent_rms_s10,phase2/results/predictions/full/independent_rms/tcn/seed_29/bandpass_n20005_cV6_independent_rms_s10.npz,76416,9cb61f73af5361501430adb03d1d1042a269865b4d0205b81a0aebc503299d56
tcn,independent_rms,29,bandpass_n20005_cV6_independent_rms_s5,phase2/results/predictions/full/independent_rms/tcn/seed_29/bandpass_n20005_cV6_independent_rms_s5.npz,76256,2cb079c248e9131b8871448d3513c3c45e4ce3075810ccd3b37aa9023fc8ae0f
tcn,independent_rms,29,bandpass_n20005_cV6_independent_rms_s0,phase2/results/predictions/full/independent_rms/tcn/seed_29/bandpass_n20005_cV6_independent_rms_s0.npz,76038,6d504dde05ed38d5db02c7bb6756db17fdde59a5f5631e8c3b75f624f3cee876
tcn,independent_rms,29,bandpass_n20005_cV6_electrode_s20,phase2/results/predictions/full/independent_rms/tcn/seed_29/bandpass_n20005_cV6_electrode_s20.npz,76356,3e9f8eedb9cd54eba0c2267a3a02165e28c5618bb3fef3ce73b32304168cbfb0
tcn,independent_rms,29,bandpass_n20005_cV6_electrode_s15,phase2/results/predictions/full/independent_rms/tcn/seed_29/bandpass_n20005_cV6_electrode_s15.npz,76382,7ea86350c16e456fd00c37fc44edffed30f64d0159442bebae84da242eaf996a
tcn,independent_rms,29,bandpass_n20005_cV6_electrode_s10,phase2/results/predictions/full/independent_rms/tcn/seed_29/bandpass_n20005_cV6_electrode_s10.npz,76363,672bcff88921e082d8e87ac20225650bed9892b730d67ca00d832a6bb657cd0e
tcn,independent_rms,29,bandpass_n20005_cV6_electrode_s5,phase2/results/predictions/full/independent_rms/tcn/seed_29/bandpass_n20005_cV6_electrode_s5.npz,76275,ae0bfee7efda03ee0a5c01db15a9d77dc371134874bb283ba5222c72d4113bdc
tcn,independent_rms,29,bandpass_n20005_cV6_electrode_s0,phase2/results/predictions/full/independent_rms/tcn/seed_29/bandpass_n20005_cV6_electrode_s0.npz,76018,ddfa77f96673972ae0dd2a33e0541a978ab7b19b92b17a82565296f63002035d
tcn,independent_rms,29,bandpass_n20005_cV6_covariance_s20,phase2/results/predictions/full/independent_rms/tcn/seed_29/bandpass_n20005_cV6_covariance_s20.npz,76388,39c69786f45e27d732da66629b834ba3236641384400721e2c73750d5f94a17c
tcn,independent_rms,29,bandpass_n20005_cV6_covariance_s15,phase2/results/predictions/full/independent_rms/tcn/seed_29/bandpass_n20005_cV6_covariance_s15.npz,76389,94318a2fdc6a09a2742ab9234e48cc792a70d76f69f99c8c3e00ca5ecf63768a
tcn,independent_rms,29,bandpass_n20005_cV6_covariance_s10,phase2/results/predictions/full/independent_rms/tcn/seed_29/bandpass_n20005_cV6_covariance_s10.npz,76348,38328b0884019fbc0f5906c6d932f15944068ad98eef212e6de1bba4104d9c76
tcn,independent_rms,29,bandpass_n20005_cV6_covariance_s5,phase2/results/predictions/full/independent_rms/tcn/seed_29/bandpass_n20005_cV6_covariance_s5.npz,76247,ebd82e24b7c70dc972561be94011e010ee4036d44528a24b43e16b93ff4bce1e
tcn,independent_rms,29,bandpass_n20005_cV6_covariance_s0,phase2/results/predictions/full/independent_rms/tcn/seed_29/bandpass_n20005_cV6_covariance_s0.npz,76020,c3fb2f6d9d7d367d3344feda3abc2516d53126b1cb231233c7605e6ba5f8a80a
tcn,independent_rms,29,bandpass_n20005_cRA_LA_independent_rms_s20,phase2/results/predictions/full/independent_rms/tcn/seed_29/bandpass_n20005_cRA_LA_independent_rms_s20.npz,76413,c8f28326cd7d678905d5a0e91317f530d1fab206111a2c5484aa0e531d7a3e6f
tcn,independent_rms,29,bandpass_n20005_cRA_LA_independent_rms_s15,phase2/results/predictions/full/independent_rms/tcn/seed_29/bandpass_n20005_cRA_LA_independent_rms_s15.npz,76397,237afe0001214afbb72449927d5d18660e579415fd902d7193503720b86318de
tcn,independent_rms,29,bandpass_n20005_cRA_LA_independent_rms_s10,phase2/results/predictions/full/independent_rms/tcn/seed_29/bandpass_n20005_cRA_LA_independent_rms_s10.npz,76387,87efcf50c48c3b50257ba934723af07f05780604fc39fbdd801c38290e89a113
tcn,independent_rms,29,bandpass_n20005_cRA_LA_independent_rms_s5,phase2/results/predictions/full/independent_rms/tcn/seed_29/bandpass_n20005_cRA_LA_independent_rms_s5.npz,76230,81ab32adf049d2ef10c06c6774de8191a6f3fff04984db98b1944c00f09bd05e
tcn,independent_rms,29,bandpass_n20005_cRA_LA_independent_rms_s0,phase2/results/predictions/full/independent_rms/tcn/seed_29/bandpass_n20005_cRA_LA_independent_rms_s0.npz,75936,c5a11d23196cb051df163c9afdabe5453cec8ac4fa5faa067842679e601b852e
tcn,independent_rms,29,bandpass_n20005_cRA_LA_electrode_s20,phase2/results/predictions/full/independent_rms/tcn/seed_29/bandpass_n20005_cRA_LA_electrode_s20.npz,76375,bcd743d19707ba56c10ececa03360a7614e1f707034e44fa6bffe5e0130a57c0
tcn,independent_rms,29,bandpass_n20005_cRA_LA_electrode_s15,phase2/results/predictions/full/independent_rms/tcn/seed_29/bandpass_n20005_cRA_LA_electrode_s15.npz,76371,c9238561d6a172040ac466aa5639ce851ef31fa41c3e7fe935ec87e1a1e6335f
tcn,independent_rms,29,bandpass_n20005_cRA_LA_electrode_s10,phase2/results/predictions/full/independent_rms/tcn/seed_29/bandpass_n20005_cRA_LA_electrode_s10.npz,76284,f59c9c05e52d53ab487dae7df0d3671eb7e74a273f456af9c7508f5f356e4c15
tcn,independent_rms,29,bandpass_n20005_cRA_LA_electrode_s5,phase2/results/predictions/full/independent_rms/tcn/seed_29/bandpass_n20005_cRA_LA_electrode_s5.npz,76056,7fdc4a709c37bd3e540f29739f45f1ff8fce96838154ef7419e86d8022765fec
tcn,independent_rms,29,bandpass_n20005_cRA_LA_electrode_s0,phase2/results/predictions/full/independent_rms/tcn/seed_29/bandpass_n20005_cRA_LA_electrode_s0.npz,75613,852919b060ffe8ceb0e86aaf515171699baabb99b297e81dc424aa0793f112b9
tcn,independent_rms,29,bandpass_n20005_cRA_LA_covariance_s20,phase2/results/predictions/full/independent_rms/tcn/seed_29/bandpass_n20005_cRA_LA_covariance_s20.npz,76389,954d25b3e27da7433f6ea435f20db9b98369d4eaad96d99a98ad4235ad2cd9cd
tcn,independent_rms,29,bandpass_n20005_cRA_LA_covariance_s15,phase2/results/predictions/full/independent_rms/tcn/seed_29/bandpass_n20005_cRA_LA_covariance_s15.npz,76395,20372fe38a725e0544401e1a916ccae9f2552493d478c58efd21fc6776af522c
tcn,independent_rms,29,bandpass_n20005_cRA_LA_covariance_s10,phase2/results/predictions/full/independent_rms/tcn/seed_29/bandpass_n20005_cRA_LA_covariance_s10.npz,76291,ba749fecca0be1a953e361dfe35de1999b0dc0aca56fcd10cae61095e0b1e8e3
tcn,independent_rms,29,bandpass_n20005_cRA_LA_covariance_s5,phase2/results/predictions/full/independent_rms/tcn/seed_29/bandpass_n20005_cRA_LA_covariance_s5.npz,76095,f1a9e6afba163e3fa1ec40d30097f7b798226a864ee279c7214d4b54ddf3420c
tcn,independent_rms,29,bandpass_n20005_cRA_LA_covariance_s0,phase2/results/predictions/full/independent_rms/tcn/seed_29/bandpass_n20005_cRA_LA_covariance_s0.npz,75621,26db135efcdd3eedb2705547950ed20bae03655038d0ffe098e89ac224efbb8c
tcn,independent_rms,29,bandpass_n20005_cLA_LL_independent_rms_s20,phase2/results/predictions/full/independent_rms/tcn/seed_29/bandpass_n20005_cLA_LL_independent_rms_s20.npz,76415,3bd725536f34e068beb953916393d30730d5e5cb89298f3fc07ff84bff2d6388
tcn,independent_rms,29,bandpass_n20005_cLA_LL_independent_rms_s15,phase2/results/predictions/full/independent_rms/tcn/seed_29/bandpass_n20005_cLA_LL_independent_rms_s15.npz,76427,ebdce12c4b2bb284c131c05e98020a6ba229e0924cea0ff4992b5192157b03a4
tcn,independent_rms,29,bandpass_n20005_cLA_LL_independent_rms_s10,phase2/results/predictions/full/independent_rms/tcn/seed_29/bandpass_n20005_cLA_LL_independent_rms_s10.npz,76359,dc0466873734f6f89ba0a7791a39f130bab64de847fb74cea31c048050c1b32c
tcn,independent_rms,29,bandpass_n20005_cLA_LL_independent_rms_s5,phase2/results/predictions/full/independent_rms/tcn/seed_29/bandpass_n20005_cLA_LL_independent_rms_s5.npz,76261,0d491341ad89c21228aa5d4a175a5291111182b97f8c4eb8c2c234c886d44f0d
tcn,independent_rms,29,bandpass_n20005_cLA_LL_independent_rms_s0,phase2/results/predictions/full/independent_rms/tcn/seed_29/bandpass_n20005_cLA_LL_independent_rms_s0.npz,75930,9617e290244c064b08dd357fee6222615e0886774be62502a81fdbee840e2506
tcn,independent_rms,29,bandpass_n20005_cLA_LL_electrode_s20,phase2/results/predictions/full/independent_rms/tcn/seed_29/bandpass_n20005_cLA_LL_electrode_s20.npz,76375,5dc0a7c9902fe23a4af56736b4896966dbb6801cb37b00810543e05c8021fa0e
tcn,independent_rms,29,bandpass_n20005_cLA_LL_electrode_s15,phase2/results/predictions/full/independent_rms/tcn/seed_29/bandpass_n20005_cLA_LL_electrode_s15.npz,76381,dbf1b8b24eafb3446ea4d5c17ae666c63b13d75d352cfcb6d76eb4fa8cd055a9
tcn,independent_rms,29,bandpass_n20005_cLA_LL_electrode_s10,phase2/results/predictions/full/independent_rms/tcn/seed_29/bandpass_n20005_cLA_LL_electrode_s10.npz,76294,2260c879e0b730a49fa2eecc89000790d3dbeafc643e8f9672c9af9e3e4d6fdf
tcn,independent_rms,29,bandpass_n20005_cLA_LL_electrode_s5,phase2/results/predictions/full/independent_rms/tcn/seed_29/bandpass_n20005_cLA_LL_electrode_s5.npz,76102,36c6e666d1b63f3b9102da1b5c5402c1b310fe6e985d8fbd905f2d0e5899c1be
tcn,independent_rms,29,bandpass_n20005_cLA_LL_electrode_s0,phase2/results/predictions/full/independent_rms/tcn/seed_29/bandpass_n20005_cLA_LL_electrode_s0.npz,75844,62280f0dbc29f9ea986d18250b69b5188ddd08b3f5140279d4d72b83bdb8b2ea
tcn,independent_rms,29,bandpass_n20005_cLA_LL_covariance_s20,phase2/results/predictions/full/independent_rms/tcn/seed_29/bandpass_n20005_cLA_LL_covariance_s20.npz,76380,31101212cb757590d2ea3c11532ddae86ebe4ddf9da54df1b90710726df4cedc
tcn,independent_rms,29,bandpass_n20005_cLA_LL_covariance_s15,phase2/results/predictions/full/independent_rms/tcn/seed_29/bandpass_n20005_cLA_LL_covariance_s15.npz,76390,c7a89e28980a86b7a746c6e09439f6ecc00c97053118957d618c6f9cda006d03
tcn,independent_rms,29,bandpass_n20005_cLA_LL_covariance_s10,phase2/results/predictions/full/independent_rms/tcn/seed_29/bandpass_n20005_cLA_LL_covariance_s10.npz,76306,5518fe539451d947b0a1e3a49c66a7606360ada178392e27b88a4818485373fb
tcn,independent_rms,29,bandpass_n20005_cLA_LL_covariance_s5,phase2/results/predictions/full/independent_rms/tcn/seed_29/bandpass_n20005_cLA_LL_covariance_s5.npz,76100,827608023b4bbe282a19329321204aa87570d0e0e7e6aeab3e7f456b116cfd2a
tcn,independent_rms,29,bandpass_n20005_cLA_LL_covariance_s0,phase2/results/predictions/full/independent_rms/tcn/seed_29/bandpass_n20005_cLA_LL_covariance_s0.npz,75843,3100952620823465e415d9ca91b548fc9b54d76dd93b4d0d488f2b553c06246b
tcn,independent_rms,29,bandpass_n20005_cRA_LL_independent_rms_s20,phase2/results/predictions/full/independent_rms/tcn/seed_29/bandpass_n20005_cRA_LL_independent_rms_s20.npz,76395,6faa66c17f72ccb5452e4966902169387edf68effd4ed001982afcab9fe83c69
tcn,independent_rms,29,bandpass_n20005_cRA_LL_independent_rms_s15,phase2/results/predictions/full/independent_rms/tcn/seed_29/bandpass_n20005_cRA_LL_independent_rms_s15.npz,76387,ea6b12d2ba5ec9408b2cbcad34733f07d645650eb79dae00ea084fe129bf55ef
tcn,independent_rms,29,bandpass_n20005_cRA_LL_independent_rms_s10,phase2/results/predictions/full/independent_rms/tcn/seed_29/bandpass_n20005_cRA_LL_independent_rms_s10.npz,76378,8671c140767ee0f1349b5a88404aeff92aa2d2ec4368b71cd1dbf6228b2eac7e
tcn,independent_rms,29,bandpass_n20005_cRA_LL_independent_rms_s5,phase2/results/predictions/full/independent_rms/tcn/seed_29/bandpass_n20005_cRA_LL_independent_rms_s5.npz,76234,cd4d8cceca3728f9517a371e74df132882bfd28baffd89630d778a08c670e72b
tcn,independent_rms,29,bandpass_n20005_cRA_LL_independent_rms_s0,phase2/results/predictions/full/independent_rms/tcn/seed_29/bandpass_n20005_cRA_LL_independent_rms_s0.npz,75928,ca5f884e8f7fc96a3163fd34883a26405b87a0395b575322374193b703588401
tcn,independent_rms,29,bandpass_n20005_cRA_LL_electrode_s20,phase2/results/predictions/full/independent_rms/tcn/seed_29/bandpass_n20005_cRA_LL_electrode_s20.npz,76405,8be46ddf5680abd3cc89fd6c5005f84bfb239401f2fb2a84068783757d60e2f5
tcn,independent_rms,29,bandpass_n20005_cRA_LL_electrode_s15,phase2/results/predictions/full/independent_rms/tcn/seed_29/bandpass_n20005_cRA_LL_electrode_s15.npz,76383,bad849e3d949342ddb7640eddfd56785da065ffe6fe8f6c810b849e26ca64678
tcn,independent_rms,29,bandpass_n20005_cRA_LL_electrode_s10,phase2/results/predictions/full/independent_rms/tcn/seed_29/bandpass_n20005_cRA_LL_electrode_s10.npz,76290,eb16988967eeb34af153726f1605df4039a7957342ece560e66daba5258b276d
tcn,independent_rms,29,bandpass_n20005_cRA_LL_electrode_s5,phase2/results/predictions/full/independent_rms/tcn/seed_29/bandpass_n20005_cRA_LL_electrode_s5.npz,76049,db92d0bbb36f150b0f848c293023c09d3da684d2b4d2f0f78f7312f5d048d267
tcn,independent_rms,29,bandpass_n20005_cRA_LL_electrode_s0,phase2/results/predictions/full/independent_rms/tcn/seed_29/bandpass_n20005_cRA_LL_electrode_s0.npz,75551,a5919ec162aa8a0e73e41a67fd6a9e104680cdcaecbd6742993f34a8dc5b6dde
tcn,independent_rms,29,bandpass_n20005_cRA_LL_covariance_s20,phase2/results/predictions/full/independent_rms/tcn/seed_29/bandpass_n20005_cRA_LL_covariance_s20.npz,76379,03638b504f7a4b5d0ec5dbaeb24e90ad1c0d2b1edb05ca863fd77a3e64eadc1d
tcn,independent_rms,29,bandpass_n20005_cRA_LL_covariance_s15,phase2/results/predictions/full/independent_rms/tcn/seed_29/bandpass_n20005_cRA_LL_covariance_s15.npz,76385,1cfc5a808784f634404f9e9fe5ae78d721489e157b63e3ff38c02969fb7f1ac3
tcn,independent_rms,29,bandpass_n20005_cRA_LL_covariance_s10,phase2/results/predictions/full/independent_rms/tcn/seed_29/bandpass_n20005_cRA_LL_covariance_s10.npz,76252,1ab1f1246672e118607fa34808e108d00fb660855555f77c67478ac7d75fadab
tcn,independent_rms,29,bandpass_n20005_cRA_LL_covariance_s5,phase2/results/predictions/full/independent_rms/tcn/seed_29/bandpass_n20005_cRA_LL_covariance_s5.npz,76060,0f8b089603eceafc5db474581afdf1cb8911881af733f4bff2a2910c613e19af
tcn,independent_rms,29,bandpass_n20005_cRA_LL_covariance_s0,phase2/results/predictions/full/independent_rms/tcn/seed_29/bandpass_n20005_cRA_LL_covariance_s0.npz,75573,8da4ad980045e54be177100c4d9f95201293e12727173d4497baa40faf567af9
tcn,independent_rms,29,bandpass_n20005_cRA_independent_rms_s20,phase2/results/predictions/full/independent_rms/tcn/seed_29/bandpass_n20005_cRA_independent_rms_s20.npz,76379,5a58cb21bee41220f3f7747fc71a1dd13fcbb220d5952d21513c33c101b5398f
tcn,independent_rms,29,bandpass_n20005_cRA_independent_rms_s15,phase2/results/predictions/full/independent_rms/tcn/seed_29/bandpass_n20005_cRA_independent_rms_s15.npz,76391,3d4c5e001afb15f137e9137a08b09a159b5dcad438c8dc4819b2ba3d46025aa6
tcn,independent_rms,29,bandpass_n20005_cRA_independent_rms_s10,phase2/results/predictions/full/independent_rms/tcn/seed_29/bandpass_n20005_cRA_independent_rms_s10.npz,76363,0e387f37e22cd397ec219f0a7a3a3e7680fe5d00a32b46c6be9380bd9564e6a5
tcn,independent_rms,29,bandpass_n20005_cRA_independent_rms_s5,phase2/results/predictions/full/independent_rms/tcn/seed_29/bandpass_n20005_cRA_independent_rms_s5.npz,76234,c3a16d341e0904a902744dfa3da8bf765d1ef88830d1e6c89ecd6a127ddf3aaa
tcn,independent_rms,29,bandpass_n20005_cRA_independent_rms_s0,phase2/results/predictions/full/independent_rms/tcn/seed_29/bandpass_n20005_cRA_independent_rms_s0.npz,75937,2eb3a63691347e0d5ee087c8f1900b9e9cb6a3cee5e3ee61c32343d1b04c5021
tcn,independent_rms,29,bandpass_n20005_cRA_electrode_s20,phase2/results/predictions/full/independent_rms/tcn/seed_29/bandpass_n20005_cRA_electrode_s20.npz,76369,f183d5d8114a7ef8111aa07d0cd91ea881193ec1aee245ac6195c3c51582152e
tcn,independent_rms,29,bandpass_n20005_cRA_electrode_s15,phase2/results/predictions/full/independent_rms/tcn/seed_29/bandpass_n20005_cRA_electrode_s15.npz,76352,89fdfa538b150b206bdedd230d9f3e41b9401edf487e8169224bfb4ed5fd3f00
tcn,independent_rms,29,bandpass_n20005_cRA_electrode_s10,phase2/results/predictions/full/independent_rms/tcn/seed_29/bandpass_n20005_cRA_electrode_s10.npz,76250,e2d38d1b545b79d47e91aa8405cb3d7279bd6c204276c4372a10ee5d3f34dc98
tcn,independent_rms,29,bandpass_n20005_cRA_electrode_s5,phase2/results/predictions/full/independent_rms/tcn/seed_29/bandpass_n20005_cRA_electrode_s5.npz,76021,4df8a65195572de19cb51355f2438a31e00336012c164bcf9efb982c043173b8
tcn,independent_rms,29,bandpass_n20005_cRA_electrode_s0,phase2/results/predictions/full/independent_rms/tcn/seed_29/bandpass_n20005_cRA_electrode_s0.npz,75410,55b1ec7609e56cc2d15bd47e0a68b997a66647234cfb4f82ce29df868f50cd10
tcn,independent_rms,29,bandpass_n20005_cRA_covariance_s20,phase2/results/predictions/full/independent_rms/tcn/seed_29/bandpass_n20005_cRA_covariance_s20.npz,76360,c41c50a701b607c65f6353368c4cd0336fee2762aa820d8d34a6a69d8ed4ed0a
tcn,independent_rms,29,bandpass_n20005_cRA_covariance_s15,phase2/results/predictions/full/independent_rms/tcn/seed_29/bandpass_n20005_cRA_covariance_s15.npz,76360,a30326975b377678d3527dddaf6a88d637889cbf8341e7eaa8708960a850a87d
tcn,independent_rms,29,bandpass_n20005_cRA_covariance_s10,phase2/results/predictions/full/independent_rms/tcn/seed_29/bandpass_n20005_cRA_covariance_s10.npz,76263,7531e4b2c5465bfc0ec1e875af0621eb83e079c2b5e02d5098b02abd27b04dd5
tcn,independent_rms,29,bandpass_n20005_cRA_covariance_s5,phase2/results/predictions/full/independent_rms/tcn/seed_29/bandpass_n20005_cRA_covariance_s5.npz,76000,46e2f8516be06663211baa86f6ddfc2c42ef3766b1aaeeba39b13ff821c24576
tcn,independent_rms,29,bandpass_n20005_cRA_covariance_s0,phase2/results/predictions/full/independent_rms/tcn/seed_29/bandpass_n20005_cRA_covariance_s0.npz,75391,8f69db4d6ebef988e444a53516e152b6fb05f2a23ad27a02430c167a3008ee01
tcn,independent_rms,29,bandpass_n20005_cLA_independent_rms_s20,phase2/results/predictions/full/independent_rms/tcn/seed_29/bandpass_n20005_cLA_independent_rms_s20.npz,76424,3bc87567a7121d7f832a007162884b114fdccbf5127b0037b5bd3e1ad8850e86
tcn,independent_rms,29,bandpass_n20005_cLA_independent_rms_s15,phase2/results/predictions/full/independent_rms/tcn/seed_29/bandpass_n20005_cLA_independent_rms_s15.npz,76383,e6f09bdc8bbd67aa76557eadcc9231a8b46cc6db5617a402e7791ca058e950c1
tcn,independent_rms,29,bandpass_n20005_cLA_independent_rms_s10,phase2/results/predictions/full/independent_rms/tcn/seed_29/bandpass_n20005_cLA_independent_rms_s10.npz,76393,84118fb84876724fedc3308750dba1febad630c8440384948d5a239149adfb50
tcn,independent_rms,29,bandpass_n20005_cLA_independent_rms_s5,phase2/results/predictions/full/independent_rms/tcn/seed_29/bandpass_n20005_cLA_independent_rms_s5.npz,76245,7b137e347fe2d7164bf70c97132927b90926f4b3d5cf11e7dae9b5800fe90e88
tcn,independent_rms,29,bandpass_n20005_cLA_independent_rms_s0,phase2/results/predictions/full/independent_rms/tcn/seed_29/bandpass_n20005_cLA_independent_rms_s0.npz,75912,d6574402809891dd723006fc8e9e564af864f6a9e5eeaa9bd06ba89630826659
tcn,independent_rms,29,bandpass_n20005_cLA_electrode_s20,phase2/results/predictions/full/independent_rms/tcn/seed_29/bandpass_n20005_cLA_electrode_s20.npz,76403,40abd7fa64d8d0cb829138f6e25b27b7b21aa0cbc8c891a91fea6a347b0aa316
tcn,independent_rms,29,bandpass_n20005_cLA_electrode_s15,phase2/results/predictions/full/independent_rms/tcn/seed_29/bandpass_n20005_cLA_electrode_s15.npz,76402,d24fa69ec39cb5d6c305a0e430f62684786727a5a97420a6c9d93b616f480916
tcn,independent_rms,29,bandpass_n20005_cLA_electrode_s10,phase2/results/predictions/full/independent_rms/tcn/seed_29/bandpass_n20005_cLA_electrode_s10.npz,76304,cde08e3c248a31ad3da29e9ef52d65f4c32e3ccf2372fceef30250afb988fa80
tcn,independent_rms,29,bandpass_n20005_cLA_electrode_s5,phase2/results/predictions/full/independent_rms/tcn/seed_29/bandpass_n20005_cLA_electrode_s5.npz,76131,6e59935deca113d7a58c85c497060a7494f562a02e31fc7664086a6a3b9ca6e4
tcn,independent_rms,29,bandpass_n20005_cLA_electrode_s0,phase2/results/predictions/full/independent_rms/tcn/seed_29/bandpass_n20005_cLA_electrode_s0.npz,75785,84ab8529666f1623b77337d9bfc20c181c3e5c435a310439964d89ea2bdb877e
tcn,independent_rms,29,bandpass_n20005_cLA_covariance_s20,phase2/results/predictions/full/independent_rms/tcn/seed_29/bandpass_n20005_cLA_covariance_s20.npz,76380,843b516d58213c4cae661a81b41741c800f6bc27c9287f6a59451d443cea7221
tcn,independent_rms,29,bandpass_n20005_cLA_covariance_s15,phase2/results/predictions/full/independent_rms/tcn/seed_29/bandpass_n20005_cLA_covariance_s15.npz,76390,91ca19a4f6743e200e9f97a581c6c92c784ec2885ce8b2bad64dea2f310786ba
tcn,independent_rms,29,bandpass_n20005_cLA_covariance_s10,phase2/results/predictions/full/independent_rms/tcn/seed_29/bandpass_n20005_cLA_covariance_s10.npz,76291,b5aa5af15c89a6b2a12205172cd1b8aa926133f6f429b5d3da8e7da9344eea44
tcn,independent_rms,29,bandpass_n20005_cLA_covariance_s5,phase2/results/predictions/full/independent_rms/tcn/seed_29/bandpass_n20005_cLA_covariance_s5.npz,76166,7d18da5026aa831e3ea32fba6376fe2238487bc8d823b931520fbfce9a534196
tcn,independent_rms,29,bandpass_n20005_cLA_covariance_s0,phase2/results/predictions/full/independent_rms/tcn/seed_29/bandpass_n20005_cLA_covariance_s0.npz,75818,ca8ad86f35046cb8b5d0c740ea780a25720bcb8091df908e1e5ea4b28e2f770a
tcn,independent_rms,29,bandpass_n20005_cLL_independent_rms_s20,phase2/results/predictions/full/independent_rms/tcn/seed_29/bandpass_n20005_cLL_independent_rms_s20.npz,76397,4d617583f566d3be0de999c287fefef5b774423b850ec26581de62208975a59c
tcn,independent_rms,29,bandpass_n20005_cLL_independent_rms_s15,phase2/results/predictions/full/independent_rms/tcn/seed_29/bandpass_n20005_cLL_independent_rms_s15.npz,76429,150b2684558fcd31958f7c3320fa319e236031c07bf217a2b53956e56f80f77d
tcn,independent_rms,29,bandpass_n20005_cLL_independent_rms_s10,phase2/results/predictions/full/independent_rms/tcn/seed_29/bandpass_n20005_cLL_independent_rms_s10.npz,76379,4f508e7918a63537887e5777e2038ffc4b417651e01448655eb0b7579062ab7c
tcn,independent_rms,29,bandpass_n20005_cLL_independent_rms_s5,phase2/results/predictions/full/independent_rms/tcn/seed_29/bandpass_n20005_cLL_independent_rms_s5.npz,76230,c64351c7dbf788b9dea1da8695472a8d7e40fae1340cfab15f416c96198006e6
tcn,independent_rms,29,bandpass_n20005_cLL_independent_rms_s0,phase2/results/predictions/full/independent_rms/tcn/seed_29/bandpass_n20005_cLL_independent_rms_s0.npz,75912,f475e6c40b851f2ed31ae378097c0cefa53bc600ebc584bfdceedcf70fe9c6b4
tcn,independent_rms,29,bandpass_n20005_cLL_electrode_s20,phase2/results/predictions/full/independent_rms/tcn/seed_29/bandpass_n20005_cLL_electrode_s20.npz,76376,aa920ce471efa7d791fdb5a133a1a97e25e5ea658b6f7e963e4a9e8af748c754
tcn,independent_rms,29,bandpass_n20005_cLL_electrode_s15,phase2/results/predictions/full/independent_rms/tcn/seed_29/bandpass_n20005_cLL_electrode_s15.npz,76366,49cca8d115a0d6c9cb87b128ee8507edee59136df0df660304901999b464f4d8
tcn,independent_rms,29,bandpass_n20005_cLL_electrode_s10,phase2/results/predictions/full/independent_rms/tcn/seed_29/bandpass_n20005_cLL_electrode_s10.npz,76293,ae8c7e7ec206645c058100c88fbcf9b975f7e75b84f5c671b86ef0d7797bd6c6
tcn,independent_rms,29,bandpass_n20005_cLL_electrode_s5,phase2/results/predictions/full/independent_rms/tcn/seed_29/bandpass_n20005_cLL_electrode_s5.npz,76109,afeb4ae97e6d071a9ce801df8472d45770da3fdf2f71e983e777564a00aa8653
tcn,independent_rms,29,bandpass_n20005_cLL_electrode_s0,phase2/results/predictions/full/independent_rms/tcn/seed_29/bandpass_n20005_cLL_electrode_s0.npz,75885,d6ddf22a7e3fbe61d4de0cb44512e415aaae8411311f3cf90c6af4f240f1db15
tcn,independent_rms,29,bandpass_n20005_cLL_covariance_s20,phase2/results/predictions/full/independent_rms/tcn/seed_29/bandpass_n20005_cLL_covariance_s20.npz,76381,da84f3e7e07bf349628f8c5af8b96aeae166b1e64ac5d1e68120cdfc4cc4f96f
tcn,independent_rms,29,bandpass_n20005_cLL_covariance_s15,phase2/results/predictions/full/independent_rms/tcn/seed_29/bandpass_n20005_cLL_covariance_s15.npz,76386,7500df1f577de741c8a65870d2b0e45249dd7d0f1dbe94ced88924fead5e4a77
tcn,independent_rms,29,bandpass_n20005_cLL_covariance_s10,phase2/results/predictions/full/independent_rms/tcn/seed_29/bandpass_n20005_cLL_covariance_s10.npz,76284,dc3182c4a241f18ecad06f702e2345ec6d89c4c4aa7de0f9f18e2c7cbac8a8dc
tcn,independent_rms,29,bandpass_n20005_cLL_covariance_s5,phase2/results/predictions/full/independent_rms/tcn/seed_29/bandpass_n20005_cLL_covariance_s5.npz,76088,cfbb2bacab0c5db1670cf508fa648e1592b5195527cd629c7c4c5d9831f6240d
tcn,independent_rms,29,bandpass_n20005_cLL_covariance_s0,phase2/results/predictions/full/independent_rms/tcn/seed_29/bandpass_n20005_cLL_covariance_s0.npz,75911,b45f6710aeb020b0ff53b0bf998f880c83b7b678e0e9e229a3559e59f9464fd3
tcn,independent_rms,29,bandpass_n20005_cRA_V1_independent_rms_s20,phase2/results/predictions/full/independent_rms/tcn/seed_29/bandpass_n20005_cRA_V1_independent_rms_s20.npz,76393,69e3b38f8de0dd4d39fdc04e15c40795fb0714ddaffc7da0b69eaf4447c3d58f
tcn,independent_rms,29,bandpass_n20005_cRA_V1_independent_rms_s15,phase2/results/predictions/full/independent_rms/tcn/seed_29/bandpass_n20005_cRA_V1_independent_rms_s15.npz,76393,e6281439a83e7bfd9d0bc642b91d62b85373875be5e22ee3b0bdfaba105d1d83
tcn,independent_rms,29,bandpass_n20005_cRA_V1_independent_rms_s10,phase2/results/predictions/full/independent_rms/tcn/seed_29/bandpass_n20005_cRA_V1_independent_rms_s10.npz,76358,e693f8a26afdebea16cf8eabde7f16d460b95044f14ee1a1ccb558d26bc225b6
tcn,independent_rms,29,bandpass_n20005_cRA_V1_independent_rms_s5,phase2/results/predictions/full/independent_rms/tcn/seed_29/bandpass_n20005_cRA_V1_independent_rms_s5.npz,76251,210cbca874a9dc86adeabe2bfbfef165067d8897058f47d0de9b2b9b6e3db66d
tcn,independent_rms,29,bandpass_n20005_cRA_V1_independent_rms_s0,phase2/results/predictions/full/independent_rms/tcn/seed_29/bandpass_n20005_cRA_V1_independent_rms_s0.npz,75905,04ab642167bc4188ace3b3d10c83606b9e960fba36438f839de4e18b6ffa8e4b
tcn,independent_rms,29,bandpass_n20005_cRA_V1_electrode_s20,phase2/results/predictions/full/independent_rms/tcn/seed_29/bandpass_n20005_cRA_V1_electrode_s20.npz,76404,d76695d7540c35f7e9e9cbe41c5e7a839376eb6c1076685fcdc3e93ba9120671
tcn,independent_rms,29,bandpass_n20005_cRA_V1_electrode_s15,phase2/results/predictions/full/independent_rms/tcn/seed_29/bandpass_n20005_cRA_V1_electrode_s15.npz,76372,7fabe8c162ce0ee10da3a3ad0fdd0eb792244fbe7fcd1ab31e88f09c7fa4b23e
tcn,independent_rms,29,bandpass_n20005_cRA_V1_electrode_s10,phase2/results/predictions/full/independent_rms/tcn/seed_29/bandpass_n20005_cRA_V1_electrode_s10.npz,76266,0bad1eecd3c01a0c3f7dda041539b835230d64d3c6aeb21c0521d6f0fcff1d17
tcn,independent_rms,29,bandpass_n20005_cRA_V1_electrode_s5,phase2/results/predictions/full/independent_rms/tcn/seed_29/bandpass_n20005_cRA_V1_electrode_s5.npz,76043,7d18cb5b55706c8f32f0b2267a7fdebb48b3919ed6d43cec74de5d34ac1792f8
tcn,independent_rms,29,bandpass_n20005_cRA_V1_electrode_s0,phase2/results/predictions/full/independent_rms/tcn/seed_29/bandpass_n20005_cRA_V1_electrode_s0.npz,75436,5e8da8516950ca83c9f35f75124a2cb43aaea08c8f21a93ef7956fafa8201284
tcn,independent_rms,29,bandpass_n20005_cRA_V1_covariance_s20,phase2/results/predictions/full/independent_rms/tcn/seed_29/bandpass_n20005_cRA_V1_covariance_s20.npz,76393,323dc364e06c6f52df364296dcfcef4c26f318b2f954e0f566978586fc0675c6
tcn,independent_rms,29,bandpass_n20005_cRA_V1_covariance_s15,phase2/results/predictions/full/independent_rms/tcn/seed_29/bandpass_n20005_cRA_V1_covariance_s15.npz,76370,a80dcc381a05963d1dc016b6c3b6a182dc9765a99b558783b998007ab73ab4ce
tcn,independent_rms,29,bandpass_n20005_cRA_V1_covariance_s10,phase2/results/predictions/full/independent_rms/tcn/seed_29/bandpass_n20005_cRA_V1_covariance_s10.npz,76267,01f63d2c4fe1ddc78baa6165f31dfd44344742a834ac782e6078b53e83743788
tcn,independent_rms,29,bandpass_n20005_cRA_V1_covariance_s5,phase2/results/predictions/full/independent_rms/tcn/seed_29/bandpass_n20005_cRA_V1_covariance_s5.npz,76077,58611ee31586f1996b42fc1be06d972c4556f2c17e420489191e9a98446abe74
tcn,independent_rms,29,bandpass_n20005_cRA_V1_covariance_s0,phase2/results/predictions/full/independent_rms/tcn/seed_29/bandpass_n20005_cRA_V1_covariance_s0.npz,75418,92d3f54049a7290ab44a38894470f057cf8eaa41436a550c16b4046e1bbb2ee1
tcn,independent_rms,29,bandpass_n20005_cLA_V6_independent_rms_s20,phase2/results/predictions/full/independent_rms/tcn/seed_29/bandpass_n20005_cLA_V6_independent_rms_s20.npz,76385,972b10830a3c0faa0b2bebae60661ad54f6a4eeba4b15effc0849cdecc0d51eb
tcn,independent_rms,29,bandpass_n20005_cLA_V6_independent_rms_s15,phase2/results/predictions/full/independent_rms/tcn/seed_29/bandpass_n20005_cLA_V6_independent_rms_s15.npz,76373,7bc660f397cb93fc6367ba6864d203fa446d709e18bc1fdc70ff7d601a53461a
tcn,independent_rms,29,bandpass_n20005_cLA_V6_independent_rms_s10,phase2/results/predictions/full/independent_rms/tcn/seed_29/bandpass_n20005_cLA_V6_independent_rms_s10.npz,76360,65bacdc0cbac5242b93aa75d3c12f0839b53652766dde578d06aa88fc761e1f9
tcn,independent_rms,29,bandpass_n20005_cLA_V6_independent_rms_s5,phase2/results/predictions/full/independent_rms/tcn/seed_29/bandpass_n20005_cLA_V6_independent_rms_s5.npz,76284,7034146e74dbea403a44e256d028df9e3688bff81e33a2030fe6d9acd8e093a1
tcn,independent_rms,29,bandpass_n20005_cLA_V6_independent_rms_s0,phase2/results/predictions/full/independent_rms/tcn/seed_29/bandpass_n20005_cLA_V6_independent_rms_s0.npz,75954,f245b4955960d0543e3dddeb0df0d1ae86a4066d65b25228c44c55a807eb71c5
tcn,independent_rms,29,bandpass_n20005_cLA_V6_electrode_s20,phase2/results/predictions/full/independent_rms/tcn/seed_29/bandpass_n20005_cLA_V6_electrode_s20.npz,76390,4913d50eef55482df1deaccf98eb310e0ac85fd76a557eed179b133b91474789
tcn,independent_rms,29,bandpass_n20005_cLA_V6_electrode_s15,phase2/results/predictions/full/independent_rms/tcn/seed_29/bandpass_n20005_cLA_V6_electrode_s15.npz,76357,696cc38697a35eb5cffacceb1e5e13ba0a742cccd69452f27f4479dd7df669cb
tcn,independent_rms,29,bandpass_n20005_cLA_V6_electrode_s10,phase2/results/predictions/full/independent_rms/tcn/seed_29/bandpass_n20005_cLA_V6_electrode_s10.npz,76352,0fa862eb7b3b3d6c5d0d85b7e3439927be2aa9a6ef57f3ef00dfc33d7bf697c5
tcn,independent_rms,29,bandpass_n20005_cLA_V6_electrode_s5,phase2/results/predictions/full/independent_rms/tcn/seed_29/bandpass_n20005_cLA_V6_electrode_s5.npz,76153,0c5ea48facec9007939b0f2a13bf045f3d1d0c4ebb1acb3d4abe5f7820b50ae7
tcn,independent_rms,29,bandpass_n20005_cLA_V6_electrode_s0,phase2/results/predictions/full/independent_rms/tcn/seed_29/bandpass_n20005_cLA_V6_electrode_s0.npz,75863,e1a3c57e3e4dd9299f17c203f9730789b83c843a603f0806a3cc30a98f632f08
tcn,independent_rms,29,bandpass_n20005_cLA_V6_covariance_s20,phase2/results/predictions/full/independent_rms/tcn/seed_29/bandpass_n20005_cLA_V6_covariance_s20.npz,76417,48719ed39d5d569e8467338cb5d6b9c95ae9fd46b40ea9eef417e3c74cedbef2
tcn,independent_rms,29,bandpass_n20005_cLA_V6_covariance_s15,phase2/results/predictions/full/independent_rms/tcn/seed_29/bandpass_n20005_cLA_V6_covariance_s15.npz,76405,b7574bd11fc6236deaffb4f5e0553d2e7358af0ce3bf2a2e5fa6f667c8810a8c
tcn,independent_rms,29,bandpass_n20005_cLA_V6_covariance_s10,phase2/results/predictions/full/independent_rms/tcn/seed_29/bandpass_n20005_cLA_V6_covariance_s10.npz,76350,f08bb817c22b4422d9ffb2cc9f9ef0f1125b8a3a86578fedcd4a29ce69f53677
tcn,independent_rms,29,bandpass_n20005_cLA_V6_covariance_s5,phase2/results/predictions/full/independent_rms/tcn/seed_29/bandpass_n20005_cLA_V6_covariance_s5.npz,76172,dc4a4218f08ce9d3e6d9597efc9ed0a01e3a599775d78b68fcf9b3206bcbf74e
tcn,independent_rms,29,bandpass_n20005_cLA_V6_covariance_s0,phase2/results/predictions/full/independent_rms/tcn/seed_29/bandpass_n20005_cLA_V6_covariance_s0.npz,75835,e93917e8bb43b69454167e97c6a52499202ee70788ab2204e5019140bb506861
tcn,independent_rms,29,bandpass_n20005_cLL_V4_independent_rms_s20,phase2/results/predictions/full/independent_rms/tcn/seed_29/bandpass_n20005_cLL_V4_independent_rms_s20.npz,76400,a2244f54ec288c329d84c8d60e67b1c6cbf7922f35c9a7623180df86304f8c7f
tcn,independent_rms,29,bandpass_n20005_cLL_V4_independent_rms_s15,phase2/results/predictions/full/independent_rms/tcn/seed_29/bandpass_n20005_cLL_V4_independent_rms_s15.npz,76416,2b734e6406a510d47b0257d518ae7f06aff75684ffdeb3ef8f8a058ecb29841e
tcn,independent_rms,29,bandpass_n20005_cLL_V4_independent_rms_s10,phase2/results/predictions/full/independent_rms/tcn/seed_29/bandpass_n20005_cLL_V4_independent_rms_s10.npz,76372,c30f02e4d47c643bfb6865881622faa0a1a783ba61931ee59b976444d85a627b
tcn,independent_rms,29,bandpass_n20005_cLL_V4_independent_rms_s5,phase2/results/predictions/full/independent_rms/tcn/seed_29/bandpass_n20005_cLL_V4_independent_rms_s5.npz,76280,565fcab9a56f4d378004b45c6aa0360b56eec3ced6712b5e3d5ab3a0518452de
tcn,independent_rms,29,bandpass_n20005_cLL_V4_independent_rms_s0,phase2/results/predictions/full/independent_rms/tcn/seed_29/bandpass_n20005_cLL_V4_independent_rms_s0.npz,75950,e8242d1751dcefe23572126ccda0528c458d2ca6eec3ae2dd907dffe140fab56
tcn,independent_rms,29,bandpass_n20005_cLL_V4_electrode_s20,phase2/results/predictions/full/independent_rms/tcn/seed_29/bandpass_n20005_cLL_V4_electrode_s20.npz,76408,ed9f5d2f50704e54d9d8e6882bacc0d30122a6b74d309f6dba333e2406a26a09
tcn,independent_rms,29,bandpass_n20005_cLL_V4_electrode_s15,phase2/results/predictions/full/independent_rms/tcn/seed_29/bandpass_n20005_cLL_V4_electrode_s15.npz,76386,141fcecfeafdd426785389f704a872443dd3a9ad2f18630f349f99cb58d7d83b
tcn,independent_rms,29,bandpass_n20005_cLL_V4_electrode_s10,phase2/results/predictions/full/independent_rms/tcn/seed_29/bandpass_n20005_cLL_V4_electrode_s10.npz,76319,ff4af03eba43a20db4387125f22919468cb89cc1912539eea11c2b74df128278
tcn,independent_rms,29,bandpass_n20005_cLL_V4_electrode_s5,phase2/results/predictions/full/independent_rms/tcn/seed_29/bandpass_n20005_cLL_V4_electrode_s5.npz,76123,f2e032550d6ef001bda6861a7023a4257555d65eb1a85b7f03dc9bacff1d495d
tcn,independent_rms,29,bandpass_n20005_cLL_V4_electrode_s0,phase2/results/predictions/full/independent_rms/tcn/seed_29/bandpass_n20005_cLL_V4_electrode_s0.npz,75905,9662959b41df6d87d5b8ba1ac3edc9c5da414edffea4179102f4072840e2b9b9
tcn,independent_rms,29,bandpass_n20005_cLL_V4_covariance_s20,phase2/results/predictions/full/independent_rms/tcn/seed_29/bandpass_n20005_cLL_V4_covariance_s20.npz,76387,c462290b119dd801b8bff53cffd6795c8fb1bf2977135581735776c7b0d0d4ca
tcn,independent_rms,29,bandpass_n20005_cLL_V4_covariance_s15,phase2/results/predictions/full/independent_rms/tcn/seed_29/bandpass_n20005_cLL_V4_covariance_s15.npz,76357,83e2d3d04c1e8a1b44264eb1905bc279dc09f9e158f5f6fc6fed5630bd62c55b
tcn,independent_rms,29,bandpass_n20005_cLL_V4_covariance_s10,phase2/results/predictions/full/independent_rms/tcn/seed_29/bandpass_n20005_cLL_V4_covariance_s10.npz,76312,b3318bdbbdf5edb2f23dc7f112e10c7cc88be939de8a0f4d72937941db666070
tcn,independent_rms,29,bandpass_n20005_cLL_V4_covariance_s5,phase2/results/predictions/full/independent_rms/tcn/seed_29/bandpass_n20005_cLL_V4_covariance_s5.npz,76130,171f9c27b908d0bec12086dc33293fbc55fa40494af7182fe0e4eff113958048
tcn,independent_rms,29,bandpass_n20005_cLL_V4_covariance_s0,phase2/results/predictions/full/independent_rms/tcn/seed_29/bandpass_n20005_cLL_V4_covariance_s0.npz,75912,f8c91cd15357e7d9d8a6540ed97b5aa4c7213e87526cd7d67b986563ed967173
tcn,independent_rms,29,bandpass_n20005_cRA_LA_V1_V6_independent_rms_s20,phase2/results/predictions/full/independent_rms/tcn/seed_29/bandpass_n20005_cRA_LA_V1_V6_independent_rms_s20.npz,76420,c8c883aa5b4db10deadcda2dbbd4f1fb400f3450d86ad45c9709dd4e6badcdcc
tcn,independent_rms,29,bandpass_n20005_cRA_LA_V1_V6_independent_rms_s15,phase2/results/predictions/full/independent_rms/tcn/seed_29/bandpass_n20005_cRA_LA_V1_V6_independent_rms_s15.npz,76442,cedfbe830eb93291eca4cf2bb6949af1fa71c6930e9bb00c0e90534aa6bdafae
tcn,independent_rms,29,bandpass_n20005_cRA_LA_V1_V6_independent_rms_s10,phase2/results/predictions/full/independent_rms/tcn/seed_29/bandpass_n20005_cRA_LA_V1_V6_independent_rms_s10.npz,76363,0bfa364c21bcea2936c64458973534bca3efb5137e46d567549aaf411c7a79d6
tcn,independent_rms,29,bandpass_n20005_cRA_LA_V1_V6_independent_rms_s5,phase2/results/predictions/full/independent_rms/tcn/seed_29/bandpass_n20005_cRA_LA_V1_V6_independent_rms_s5.npz,76294,13f08730f140b0de7ad5a16a730a042f8fa04bfda10426a0d69f3529fb2182ce
tcn,independent_rms,29,bandpass_n20005_cRA_LA_V1_V6_independent_rms_s0,phase2/results/predictions/full/independent_rms/tcn/seed_29/bandpass_n20005_cRA_LA_V1_V6_independent_rms_s0.npz,75934,d749279f3543a92ce223971e563738b3237694878cad887235e3e6f4417a7d9d
tcn,independent_rms,29,bandpass_n20005_cRA_LA_V1_V6_electrode_s20,phase2/results/predictions/full/independent_rms/tcn/seed_29/bandpass_n20005_cRA_LA_V1_V6_electrode_s20.npz,76415,5f5e09cf2d81eb99462fb0b6f76609897a46d319c6e33ffe4c1a0acfd0240e5c
tcn,independent_rms,29,bandpass_n20005_cRA_LA_V1_V6_electrode_s15,phase2/results/predictions/full/independent_rms/tcn/seed_29/bandpass_n20005_cRA_LA_V1_V6_electrode_s15.npz,76409,3ccc1d48e49aef8559029165225b2124546ddebe15650353a9a8368eb0f1178d
tcn,independent_rms,29,bandpass_n20005_cRA_LA_V1_V6_electrode_s10,phase2/results/predictions/full/independent_rms/tcn/seed_29/bandpass_n20005_cRA_LA_V1_V6_electrode_s10.npz,76308,c74314e71ac2877ebf0f7b5e69ed182b39227796b578dbedf36d86b976cd47e4
tcn,independent_rms,29,bandpass_n20005_cRA_LA_V1_V6_electrode_s5,phase2/results/predictions/full/independent_rms/tcn/seed_29/bandpass_n20005_cRA_LA_V1_V6_electrode_s5.npz,76088,f8635a7eb84da7c604a8c8a08946d3458f1f14a7dd8042af2d11400a2b03e564
tcn,independent_rms,29,bandpass_n20005_cRA_LA_V1_V6_electrode_s0,phase2/results/predictions/full/independent_rms/tcn/seed_29/bandpass_n20005_cRA_LA_V1_V6_electrode_s0.npz,75625,c67f3c5752f46a94053a5595911161d5d7367897af5e4800bc6025a4f252c03c
tcn,independent_rms,29,bandpass_n20005_cRA_LA_V1_V6_covariance_s20,phase2/results/predictions/full/independent_rms/tcn/seed_29/bandpass_n20005_cRA_LA_V1_V6_covariance_s20.npz,76426,831178acdb251ee14a75b35657f2718740818ad02914d04fc0305fd68ab674d7
tcn,independent_rms,29,bandpass_n20005_cRA_LA_V1_V6_covariance_s15,phase2/results/predictions/full/independent_rms/tcn/seed_29/bandpass_n20005_cRA_LA_V1_V6_covariance_s15.npz,76414,1ec104050f70b77dc92706eb7d3bc935aa1c6cafdcac9fa1028675a4daa1bd27
tcn,independent_rms,29,bandpass_n20005_cRA_LA_V1_V6_covariance_s10,phase2/results/predictions/full/independent_rms/tcn/seed_29/bandpass_n20005_cRA_LA_V1_V6_covariance_s10.npz,76326,28af0280aacab700361c4a8d2ff85c73283835cad6ff31bcfeb1f8320501b6ca
tcn,independent_rms,29,bandpass_n20005_cRA_LA_V1_V6_covariance_s5,phase2/results/predictions/full/independent_rms/tcn/seed_29/bandpass_n20005_cRA_LA_V1_V6_covariance_s5.npz,76117,7cb3d1b6d3595ec8ab3a28ee4c0cea2ee8b009907c5a2875e54c170c1e3802d2
tcn,independent_rms,29,bandpass_n20005_cRA_LA_V1_V6_covariance_s0,phase2/results/predictions/full/independent_rms/tcn/seed_29/bandpass_n20005_cRA_LA_V1_V6_covariance_s0.npz,75622,18271de6576d2158103a59eb911d4d29e37a22140f712c24989ade5f218cf15f
tcn,independent_rms,29,bandpass_n20005_cRA_V2_V5_independent_rms_s20,phase2/results/predictions/full/independent_rms/tcn/seed_29/bandpass_n20005_cRA_V2_V5_independent_rms_s20.npz,76422,7234e691819ccfa784a8d9b1b146d8025a78a663ecfae7f549bdcc67ea895d4b
tcn,independent_rms,29,bandpass_n20005_cRA_V2_V5_independent_rms_s15,phase2/results/predictions/full/independent_rms/tcn/seed_29/bandpass_n20005_cRA_V2_V5_independent_rms_s15.npz,76389,e8a76befb3539667ef8110f169e9a2b34e2b8ca0adff90be6aa3c9cf2785b873
tcn,independent_rms,29,bandpass_n20005_cRA_V2_V5_independent_rms_s10,phase2/results/predictions/full/independent_rms/tcn/seed_29/bandpass_n20005_cRA_V2_V5_independent_rms_s10.npz,76395,975b897da59cd75ebbe80cacccb626d533d9521dd51960ddc47c54c13a353a0d
tcn,independent_rms,29,bandpass_n20005_cRA_V2_V5_independent_rms_s5,phase2/results/predictions/full/independent_rms/tcn/seed_29/bandpass_n20005_cRA_V2_V5_independent_rms_s5.npz,76253,07fe7d874cc74c299c57bb19bac7a1d11951fb0fc9ddd616d3a8f815f5f337db
tcn,independent_rms,29,bandpass_n20005_cRA_V2_V5_independent_rms_s0,phase2/results/predictions/full/independent_rms/tcn/seed_29/bandpass_n20005_cRA_V2_V5_independent_rms_s0.npz,75937,cf38d9a4450b961089d4ad50f064a9e5c63e241338cb4c22158bd235730a7ff6
tcn,independent_rms,29,bandpass_n20005_cRA_V2_V5_electrode_s20,phase2/results/predictions/full/independent_rms/tcn/seed_29/bandpass_n20005_cRA_V2_V5_electrode_s20.npz,76416,18602ee344f808ef8e0fd0789f4783bd20e6a03ad9fdf3663f0fe1c9c1b437f4
tcn,independent_rms,29,bandpass_n20005_cRA_V2_V5_electrode_s15,phase2/results/predictions/full/independent_rms/tcn/seed_29/bandpass_n20005_cRA_V2_V5_electrode_s15.npz,76379,a8f29fb45f7e8461c7bafd1e70694c731024d583dad13d98df462fb05ac2fb14
tcn,independent_rms,29,bandpass_n20005_cRA_V2_V5_electrode_s10,phase2/results/predictions/full/independent_rms/tcn/seed_29/bandpass_n20005_cRA_V2_V5_electrode_s10.npz,76299,a3477d6df7a0bd3f07bfe4cacefce0186cfcf2b6815380bb49b51dd2cada4623
tcn,independent_rms,29,bandpass_n20005_cRA_V2_V5_electrode_s5,phase2/results/predictions/full/independent_rms/tcn/seed_29/bandpass_n20005_cRA_V2_V5_electrode_s5.npz,76096,e67c7980ddaf035e95540b3add023c256222f2f53e5ee7bfbbddf659e6390e6f
tcn,independent_rms,29,bandpass_n20005_cRA_V2_V5_electrode_s0,phase2/results/predictions/full/independent_rms/tcn/seed_29/bandpass_n20005_cRA_V2_V5_electrode_s0.npz,75577,6580db12713fb3af09ce4b0a4c1d2820ede4a28c1e2189f08dfb2b5f65293331
tcn,independent_rms,29,bandpass_n20005_cRA_V2_V5_covariance_s20,phase2/results/predictions/full/independent_rms/tcn/seed_29/bandpass_n20005_cRA_V2_V5_covariance_s20.npz,76377,42ce0a9196042910f1e173c4e16604294347fe8fad27a1305fc8538cfd59982b
tcn,independent_rms,29,bandpass_n20005_cRA_V2_V5_covariance_s15,phase2/results/predictions/full/independent_rms/tcn/seed_29/bandpass_n20005_cRA_V2_V5_covariance_s15.npz,76397,b903b6f952c973da08e19e28d5f6f0efe097892347086e2be98a42c449c64f99
tcn,independent_rms,29,bandpass_n20005_cRA_V2_V5_covariance_s10,phase2/results/predictions/full/independent_rms/tcn/seed_29/bandpass_n20005_cRA_V2_V5_covariance_s10.npz,76299,5ffd655d5a0e5ba9196832690a3081d0df528d8fa3b5870b259c6a4f38f8b403
tcn,independent_rms,29,bandpass_n20005_cRA_V2_V5_covariance_s5,phase2/results/predictions/full/independent_rms/tcn/seed_29/bandpass_n20005_cRA_V2_V5_covariance_s5.npz,76070,c44f48b6569458d268ef643fb484a56b4263ee37b0a894242ef5c5bbecf1ba13
tcn,independent_rms,29,bandpass_n20005_cRA_V2_V5_covariance_s0,phase2/results/predictions/full/independent_rms/tcn/seed_29/bandpass_n20005_cRA_V2_V5_covariance_s0.npz,75565,0381f8a92c1f4ba1a66144d4873d9a66f68deb64c5753c39f74286e0ecc217bf
tcn,independent_rms,29,bandpass_n20005_cLA_V3_V6_independent_rms_s20,phase2/results/predictions/full/independent_rms/tcn/seed_29/bandpass_n20005_cLA_V3_V6_independent_rms_s20.npz,76409,bfdd7c33f39990bd4c579b5b6fbb3e9857a0e742dac7869902b6ea28d059e576
tcn,independent_rms,29,bandpass_n20005_cLA_V3_V6_independent_rms_s15,phase2/results/predictions/full/independent_rms/tcn/seed_29/bandpass_n20005_cLA_V3_V6_independent_rms_s15.npz,76421,3e501b15cd429aff45e14ab10c086b80c7e76a47bfccd6b4305bd996bfd28592
tcn,independent_rms,29,bandpass_n20005_cLA_V3_V6_independent_rms_s10,phase2/results/predictions/full/independent_rms/tcn/seed_29/bandpass_n20005_cLA_V3_V6_independent_rms_s10.npz,76423,344e50230835aee5389448291aa47c0374334a7dbc85199aba723b1953f07ba4
tcn,independent_rms,29,bandpass_n20005_cLA_V3_V6_independent_rms_s5,phase2/results/predictions/full/independent_rms/tcn/seed_29/bandpass_n20005_cLA_V3_V6_independent_rms_s5.npz,76279,3e30a84f99b70988040d1bb8616cb099327f0622f50ed04df983722b63ec7e0f
tcn,independent_rms,29,bandpass_n20005_cLA_V3_V6_independent_rms_s0,phase2/results/predictions/full/independent_rms/tcn/seed_29/bandpass_n20005_cLA_V3_V6_independent_rms_s0.npz,75996,5f12f7e338a446b7996cb95c448f02f01e9fab33d64d5c6ca48c7ebd04782cfc
tcn,independent_rms,29,bandpass_n20005_cLA_V3_V6_electrode_s20,phase2/results/predictions/full/independent_rms/tcn/seed_29/bandpass_n20005_cLA_V3_V6_electrode_s20.npz,76415,d186be339f28472f69d668f71262f8cb177f3ff8aacf3517fed713066ba77f08
tcn,independent_rms,29,bandpass_n20005_cLA_V3_V6_electrode_s15,phase2/results/predictions/full/independent_rms/tcn/seed_29/bandpass_n20005_cLA_V3_V6_electrode_s15.npz,76391,17fa521d430657a0fe74eee51fc39703ab6818c0ba58f1070b64b27adc260207
tcn,independent_rms,29,bandpass_n20005_cLA_V3_V6_electrode_s10,phase2/results/predictions/full/independent_rms/tcn/seed_29/bandpass_n20005_cLA_V3_V6_electrode_s10.npz,76330,8db6ae8b50818f61f4d2de5508ad5efbad78b2e32c2b137ffd6bd3c54e54839f
tcn,independent_rms,29,bandpass_n20005_cLA_V3_V6_electrode_s5,phase2/results/predictions/full/independent_rms/tcn/seed_29/bandpass_n20005_cLA_V3_V6_electrode_s5.npz,76207,3d7d71afda5dcada32fc6ba45736a23455f7e27d38eb3a957189be0a4252d422
tcn,independent_rms,29,bandpass_n20005_cLA_V3_V6_electrode_s0,phase2/results/predictions/full/independent_rms/tcn/seed_29/bandpass_n20005_cLA_V3_V6_electrode_s0.npz,75905,547e7ca135f65e1d72e55a25c966fba29ef80f503d2f27cd69e0da7a99bfa80d
tcn,independent_rms,29,bandpass_n20005_cLA_V3_V6_covariance_s20,phase2/results/predictions/full/independent_rms/tcn/seed_29/bandpass_n20005_cLA_V3_V6_covariance_s20.npz,76410,ee4deeb85d7338a73a2003ce2ba32129c7081e6738b911286c531a550a54d43a
tcn,independent_rms,29,bandpass_n20005_cLA_V3_V6_covariance_s15,phase2/results/predictions/full/independent_rms/tcn/seed_29/bandpass_n20005_cLA_V3_V6_covariance_s15.npz,76400,996a307174acf42eb0475561c56f6717599092d07d4eca6799e002792e6fae99
tcn,independent_rms,29,bandpass_n20005_cLA_V3_V6_covariance_s10,phase2/results/predictions/full/independent_rms/tcn/seed_29/bandpass_n20005_cLA_V3_V6_covariance_s10.npz,76356,ac90c6957188679b8a14df945485f976fc91c992b8e46f8258625fa18ea6ec44
tcn,independent_rms,29,bandpass_n20005_cLA_V3_V6_covariance_s5,phase2/results/predictions/full/independent_rms/tcn/seed_29/bandpass_n20005_cLA_V3_V6_covariance_s5.npz,76205,1497dcf502a52e461c82cc1496cf2edcd4b1b857c1cf618f4a399fa001a88997
tcn,independent_rms,29,bandpass_n20005_cLA_V3_V6_covariance_s0,phase2/results/predictions/full/independent_rms/tcn/seed_29/bandpass_n20005_cLA_V3_V6_covariance_s0.npz,75887,3572573ca7b51f78a495ced98040a3287535ffacddc1fdaae9733b0723266cff
tcn,independent_rms,29,bandpass_n20005_cLL_V1_V4_independent_rms_s20,phase2/results/predictions/full/independent_rms/tcn/seed_29/bandpass_n20005_cLL_V1_V4_independent_rms_s20.npz,76408,f7be5d51d0b657f9475586fd04b72b98cdcb1d9d3f3601bf9d2c2f38ad04704c
tcn,independent_rms,29,bandpass_n20005_cLL_V1_V4_independent_rms_s15,phase2/results/predictions/full/independent_rms/tcn/seed_29/bandpass_n20005_cLL_V1_V4_independent_rms_s15.npz,76427,c73b86ba0ed8d0ce83542371c56fc67e3eadac4caadb52cb1ddabef7c3b10b8c
tcn,independent_rms,29,bandpass_n20005_cLL_V1_V4_independent_rms_s10,phase2/results/predictions/full/independent_rms/tcn/seed_29/bandpass_n20005_cLL_V1_V4_independent_rms_s10.npz,76381,9f7336a207bed16b11cb58f32382ab669a3283e2dde4e37656e1b0b791e31cc2
tcn,independent_rms,29,bandpass_n20005_cLL_V1_V4_independent_rms_s5,phase2/results/predictions/full/independent_rms/tcn/seed_29/bandpass_n20005_cLL_V1_V4_independent_rms_s5.npz,76266,793d7b637c612310310387546786311fd1154656dc15779ba73bfcbee712e00e
tcn,independent_rms,29,bandpass_n20005_cLL_V1_V4_independent_rms_s0,phase2/results/predictions/full/independent_rms/tcn/seed_29/bandpass_n20005_cLL_V1_V4_independent_rms_s0.npz,75924,f8484bbc9238642f6a1167fa69f949258d8ff922773f2e15686a9d71aaab3320
tcn,independent_rms,29,bandpass_n20005_cLL_V1_V4_electrode_s20,phase2/results/predictions/full/independent_rms/tcn/seed_29/bandpass_n20005_cLL_V1_V4_electrode_s20.npz,76386,c5ec419b2130847d43a7e3d61fc5b41a7a1f4388d1a7ded601ed70aac8facddb
tcn,independent_rms,29,bandpass_n20005_cLL_V1_V4_electrode_s15,phase2/results/predictions/full/independent_rms/tcn/seed_29/bandpass_n20005_cLL_V1_V4_electrode_s15.npz,76398,504ab84b8aa50798a094135c6116019ed5d7a9d515922e43d9481f6342a6d2d6
tcn,independent_rms,29,bandpass_n20005_cLL_V1_V4_electrode_s10,phase2/results/predictions/full/independent_rms/tcn/seed_29/bandpass_n20005_cLL_V1_V4_electrode_s10.npz,76333,0c85873b5b302b29b38f9c9038180fc0f7d705d5769550bb619d0c0c544df22d
tcn,independent_rms,29,bandpass_n20005_cLL_V1_V4_electrode_s5,phase2/results/predictions/full/independent_rms/tcn/seed_29/bandpass_n20005_cLL_V1_V4_electrode_s5.npz,76137,8a292978e6968e25095090dd366fcf80d4ae3359f4e972b64965bc165dde9831
tcn,independent_rms,29,bandpass_n20005_cLL_V1_V4_electrode_s0,phase2/results/predictions/full/independent_rms/tcn/seed_29/bandpass_n20005_cLL_V1_V4_electrode_s0.npz,75901,978c3e2113a7eab23df16a858e9a97bca282bfacfdbb91496d041f59fdc1203f
tcn,independent_rms,29,bandpass_n20005_cLL_V1_V4_covariance_s20,phase2/results/predictions/full/independent_rms/tcn/seed_29/bandpass_n20005_cLL_V1_V4_covariance_s20.npz,76420,c6368200e8f561c2b71af0d098bb568964ef2fc4231f0de8e32497e9968857da
tcn,independent_rms,29,bandpass_n20005_cLL_V1_V4_covariance_s15,phase2/results/predictions/full/independent_rms/tcn/seed_29/bandpass_n20005_cLL_V1_V4_covariance_s15.npz,76386,d8398b5c3c64d3959a41d91606ed2fa8e630a6b87e13436b59e0084ff235620b
tcn,independent_rms,29,bandpass_n20005_cLL_V1_V4_covariance_s10,phase2/results/predictions/full/independent_rms/tcn/seed_29/bandpass_n20005_cLL_V1_V4_covariance_s10.npz,76326,b54bb63345a005f847c4a5cd50b0154c92728c8e1a141de607e07ac28cc8fc79
tcn,independent_rms,29,bandpass_n20005_cLL_V1_V4_covariance_s5,phase2/results/predictions/full/independent_rms/tcn/seed_29/bandpass_n20005_cLL_V1_V4_covariance_s5.npz,76191,8307455157a1075325c391656238ac0db604804cbb552aaf7dff4a8cbd2f639c
tcn,independent_rms,29,bandpass_n20005_cLL_V1_V4_covariance_s0,phase2/results/predictions/full/independent_rms/tcn/seed_29/bandpass_n20005_cLL_V1_V4_covariance_s0.npz,75872,036e30b1f5a0ef4cf2925f6b75980ab005cd1a47cab6c8800dd9e4548bfe5859
tcn,independent_rms,29,bandpass_n20005_call_independent_rms_s20,phase2/results/predictions/full/independent_rms/tcn/seed_29/bandpass_n20005_call_independent_rms_s20.npz,76401,5bb427dd6d34e7859fe1f598216d461802e5c7dd958013b43148f5623db10d31
tcn,independent_rms,29,bandpass_n20005_call_independent_rms_s15,phase2/results/predictions/full/independent_rms/tcn/seed_29/bandpass_n20005_call_independent_rms_s15.npz,76412,af78f010dafda88b2d8665596c1590a134a5112c18222ad830105710a78d571d
tcn,independent_rms,29,bandpass_n20005_call_independent_rms_s10,phase2/results/predictions/full/independent_rms/tcn/seed_29/bandpass_n20005_call_independent_rms_s10.npz,76385,cf8086dda19f7522347b3274aa600a486fad38059f20897dbf189c18ed8115a3
tcn,independent_rms,29,bandpass_n20005_call_independent_rms_s5,phase2/results/predictions/full/independent_rms/tcn/seed_29/bandpass_n20005_call_independent_rms_s5.npz,76226,95ae4df4ceae5755826c13a5b0efe163992c266f47fbb9b3e49365f4d18caf1f
tcn,independent_rms,29,bandpass_n20005_call_independent_rms_s0,phase2/results/predictions/full/independent_rms/tcn/seed_29/bandpass_n20005_call_independent_rms_s0.npz,75929,0c31bd129c9a62ace43c90993d6b81dcd0ae23c3b0bde31964892f4fe6528cce
tcn,independent_rms,29,bandpass_n20005_call_electrode_s20,phase2/results/predictions/full/independent_rms/tcn/seed_29/bandpass_n20005_call_electrode_s20.npz,76383,f250e3fd532757d9f17c19d560f125ba2bf221c98608f5b7dee4c5a130c6195e
tcn,independent_rms,29,bandpass_n20005_call_electrode_s15,phase2/results/predictions/full/independent_rms/tcn/seed_29/bandpass_n20005_call_electrode_s15.npz,76380,d3d0533fa3561225bc79ffa6d47b1145500c41ce2a360ad0e1c29815fca19f9f
tcn,independent_rms,29,bandpass_n20005_call_electrode_s10,phase2/results/predictions/full/independent_rms/tcn/seed_29/bandpass_n20005_call_electrode_s10.npz,76311,382735a0181bb15f548268e5e28ba09aac6618410259f1f6c033dc7b947df10f
tcn,independent_rms,29,bandpass_n20005_call_electrode_s5,phase2/results/predictions/full/independent_rms/tcn/seed_29/bandpass_n20005_call_electrode_s5.npz,76087,206a7ba257249bd1c5777e17bfe110215aba89d2c3b97e295e7d6a49db03d6fb
tcn,independent_rms,29,bandpass_n20005_call_electrode_s0,phase2/results/predictions/full/independent_rms/tcn/seed_29/bandpass_n20005_call_electrode_s0.npz,75673,ca43b9a072278700dd404046bc4a7d5ee2c6f34fc2d06c937434f9db001b9b57
tcn,independent_rms,29,bandpass_n20005_call_covariance_s20,phase2/results/predictions/full/independent_rms/tcn/seed_29/bandpass_n20005_call_covariance_s20.npz,76380,099a4c4fb3d7c39f6249fc29e47dc34d14204023fc44883b51b6df0c3969093e
tcn,independent_rms,29,bandpass_n20005_call_covariance_s15,phase2/results/predictions/full/independent_rms/tcn/seed_29/bandpass_n20005_call_covariance_s15.npz,76372,0e78140aebba05d6e73cdb84981f82826247c61b411f71483559b1dd0cefc4f6
tcn,independent_rms,29,bandpass_n20005_call_covariance_s10,phase2/results/predictions/full/independent_rms/tcn/seed_29/bandpass_n20005_call_covariance_s10.npz,76277,5834372163e4531ac72242d185165a21302091617ea2a40b71bc315e67f52469
tcn,independent_rms,29,bandpass_n20005_call_covariance_s5,phase2/results/predictions/full/independent_rms/tcn/seed_29/bandpass_n20005_call_covariance_s5.npz,76146,181d3c1647b884d186fda78a71c48cd711f2d8273ea54277af20b17381cdc693
tcn,independent_rms,29,bandpass_n20005_call_covariance_s0,phase2/results/predictions/full/independent_rms/tcn/seed_29/bandpass_n20005_call_covariance_s0.npz,75717,0e5131e6f5c0bf3ff7f66c518a339618cc032f1e4095bda5f7bd66d55e49aefa
tcn,independent_rms,29,bw_n20001_call_independent_rms_s20,phase2/results/predictions/full/independent_rms/tcn/seed_29/bw_n20001_call_independent_rms_s20.npz,76382,7093ad7ac81b83c51b900ee6ac1b3796399bbaa2256f949d34455810d22417dd
tcn,independent_rms,29,bw_n20001_call_independent_rms_s10,phase2/results/predictions/full/independent_rms/tcn/seed_29/bw_n20001_call_independent_rms_s10.npz,76344,e69b476591894e440d0233c1015e04c514b696d8e66d9aded9f311ac47414b2b
tcn,independent_rms,29,bw_n20001_call_independent_rms_s0,phase2/results/predictions/full/independent_rms/tcn/seed_29/bw_n20001_call_independent_rms_s0.npz,76144,7f96404cd4df7345e9da1e2e9bd25207fe2bdf35b5e5cb374674648ca4f8d4f3
tcn,independent_rms,29,bw_n20001_call_electrode_s20,phase2/results/predictions/full/independent_rms/tcn/seed_29/bw_n20001_call_electrode_s20.npz,76410,6f6da2ccfb30c6b0bcc53916915d5609d78f9cc5d82f00d42f7be53a1a103bde
tcn,independent_rms,29,bw_n20001_call_electrode_s10,phase2/results/predictions/full/independent_rms/tcn/seed_29/bw_n20001_call_electrode_s10.npz,76334,66b2cca465e84c03d9de041b4f800ea9faea2f69103d6c80176890238ad34af2
tcn,independent_rms,29,bw_n20001_call_electrode_s0,phase2/results/predictions/full/independent_rms/tcn/seed_29/bw_n20001_call_electrode_s0.npz,76068,bd43b06e033f240880ad403ecf2fcb18e01eb31c1e8b0651cdaf2af042aaba98
tcn,independent_rms,29,bw_n20001_call_covariance_s20,phase2/results/predictions/full/independent_rms/tcn/seed_29/bw_n20001_call_covariance_s20.npz,76354,acc4af425d1b50259b3f5d6e9d7110f043be6585da26ca84d53ab92ed3d2b816
tcn,independent_rms,29,bw_n20001_call_covariance_s10,phase2/results/predictions/full/independent_rms/tcn/seed_29/bw_n20001_call_covariance_s10.npz,76321,fa57200989c8eeb282ecc39d5cba6cf602d1de50ccb6a354bbb0ca8fc297e92f
tcn,independent_rms,29,bw_n20001_call_covariance_s0,phase2/results/predictions/full/independent_rms/tcn/seed_29/bw_n20001_call_covariance_s0.npz,76088,ab857d29eb9e3f435d9e1d765a381a3e9937104312edadf3a25cb6db999f2131
tcn,independent_rms,29,bw_n20002_call_independent_rms_s20,phase2/results/predictions/full/independent_rms/tcn/seed_29/bw_n20002_call_independent_rms_s20.npz,76345,93c7cb04a9464f62e3720b14ab11fae2b18efdff6b2a6241e718ecb94c8f1bad
tcn,independent_rms,29,bw_n20002_call_independent_rms_s10,phase2/results/predictions/full/independent_rms/tcn/seed_29/bw_n20002_call_independent_rms_s10.npz,76341,9412b606e74b389925d5a347ac7a8ad93667c80350797a650d0623504a0a3db9
tcn,independent_rms,29,bw_n20002_call_independent_rms_s0,phase2/results/predictions/full/independent_rms/tcn/seed_29/bw_n20002_call_independent_rms_s0.npz,76125,93013999321aab5903f431a89135ec3ab82851bcc76cedff11915dedbbd65ded
tcn,independent_rms,29,bw_n20002_call_electrode_s20,phase2/results/predictions/full/independent_rms/tcn/seed_29/bw_n20002_call_electrode_s20.npz,76338,9762a2459fcbd76bad6cf83d51be18a5a6146588335d14fc7674ffe3e34e92c7
tcn,independent_rms,29,bw_n20002_call_electrode_s10,phase2/results/predictions/full/independent_rms/tcn/seed_29/bw_n20002_call_electrode_s10.npz,76336,cfb90b1018d9c54315debbeec676a9224bbffc970e1fe68bfbe26fc0c1d31b1c
tcn,independent_rms,29,bw_n20002_call_electrode_s0,phase2/results/predictions/full/independent_rms/tcn/seed_29/bw_n20002_call_electrode_s0.npz,76093,819afcb98540605c2f11dc7e8b87db1b2976b61c5657bbf92782373b3c9c1125
tcn,independent_rms,29,bw_n20002_call_covariance_s20,phase2/results/predictions/full/independent_rms/tcn/seed_29/bw_n20002_call_covariance_s20.npz,76351,bf8fc63155f3c6374c09e19035e2bc3a166e318d66bb2da6c39adc601c86fe8e
tcn,independent_rms,29,bw_n20002_call_covariance_s10,phase2/results/predictions/full/independent_rms/tcn/seed_29/bw_n20002_call_covariance_s10.npz,76340,e6d690e543936741fa2ba4ce4d452eb2a8c6303e50d2ab522023362e44feb051
tcn,independent_rms,29,bw_n20002_call_covariance_s0,phase2/results/predictions/full/independent_rms/tcn/seed_29/bw_n20002_call_covariance_s0.npz,76079,11abe203c73bd3c58ef29a6f11d56f96903ff842b12607a776ce63ce01de5187
tcn,independent_rms,29,bw_n20003_call_independent_rms_s20,phase2/results/predictions/full/independent_rms/tcn/seed_29/bw_n20003_call_independent_rms_s20.npz,76373,e93dc7323c9d1fdfb63908e11f2fc4c2af1bdd0ede99ce071cf59d34d7e23971
tcn,independent_rms,29,bw_n20003_call_independent_rms_s10,phase2/results/predictions/full/independent_rms/tcn/seed_29/bw_n20003_call_independent_rms_s10.npz,76393,c58ac2e9a84615383c19c13f3b513c15ad0e9e9d871d944dd2c830cdd29a0015
tcn,independent_rms,29,bw_n20003_call_independent_rms_s0,phase2/results/predictions/full/independent_rms/tcn/seed_29/bw_n20003_call_independent_rms_s0.npz,76126,0c94e8b8ce312f3776c7acf3114fd5d8e926bdf6bedc7f6e251b3a0ce5bc102e
tcn,independent_rms,29,bw_n20003_call_electrode_s20,phase2/results/predictions/full/independent_rms/tcn/seed_29/bw_n20003_call_electrode_s20.npz,76343,ac51d555bd9d9cbeaed6d3ee04ac6c7df1ba68471d0b7fcab4fcf0f4baaba7c7
tcn,independent_rms,29,bw_n20003_call_electrode_s10,phase2/results/predictions/full/independent_rms/tcn/seed_29/bw_n20003_call_electrode_s10.npz,76326,526930695b10145e4e7c71fb0198e71247bbc882ab323e1d602607e76bbe50e2
tcn,independent_rms,29,bw_n20003_call_electrode_s0,phase2/results/predictions/full/independent_rms/tcn/seed_29/bw_n20003_call_electrode_s0.npz,76089,07de33615408fba4a4e9db8c3b562076b369aa4943df34a198fcfe96f38d528d
tcn,independent_rms,29,bw_n20003_call_covariance_s20,phase2/results/predictions/full/independent_rms/tcn/seed_29/bw_n20003_call_covariance_s20.npz,76358,26ce0fbfd5e4898aa60916f447fa8454751cd240ced08ee3d5f434f45cd6be79
tcn,independent_rms,29,bw_n20003_call_covariance_s10,phase2/results/predictions/full/independent_rms/tcn/seed_29/bw_n20003_call_covariance_s10.npz,76306,0bd7439ce47c862ca77b5a5a957bda7d10dd0da44b6d36b100ed29da1168712d
tcn,independent_rms,29,bw_n20003_call_covariance_s0,phase2/results/predictions/full/independent_rms/tcn/seed_29/bw_n20003_call_covariance_s0.npz,76128,627ff9f9d495ec0d23b16f1969f2334808f7fb5556894e8ea37d6a328aad160d
tcn,independent_rms,29,bw_n20004_call_independent_rms_s20,phase2/results/predictions/full/independent_rms/tcn/seed_29/bw_n20004_call_independent_rms_s20.npz,76379,28b5b3fdf05a1f19de772aa8333e874f65576cf6dcd32e0ef0154d0dc7b38b82
tcn,independent_rms,29,bw_n20004_call_independent_rms_s10,phase2/results/predictions/full/independent_rms/tcn/seed_29/bw_n20004_call_independent_rms_s10.npz,76386,88119ec06dd5c30469ca9448ff45cc014e74a0f175ef8631ce17c858c96e17d1
tcn,independent_rms,29,bw_n20004_call_independent_rms_s0,phase2/results/predictions/full/independent_rms/tcn/seed_29/bw_n20004_call_independent_rms_s0.npz,76115,597cc2fc069fcfc26d44ac3e740fbc6d7c90f6ed9a51c1706ece33e69dcbdfb0
tcn,independent_rms,29,bw_n20004_call_electrode_s20,phase2/results/predictions/full/independent_rms/tcn/seed_29/bw_n20004_call_electrode_s20.npz,76367,fa55613d1b645f7063406e3433026f5984beab6f44e55b116d641418efd0e870
tcn,independent_rms,29,bw_n20004_call_electrode_s10,phase2/results/predictions/full/independent_rms/tcn/seed_29/bw_n20004_call_electrode_s10.npz,76342,171726d333708573132f495cca87a48ee4e788d1df49a6ecc0716d0952116e64
tcn,independent_rms,29,bw_n20004_call_electrode_s0,phase2/results/predictions/full/independent_rms/tcn/seed_29/bw_n20004_call_electrode_s0.npz,76106,f75a4f2f19134d14d791ed71cfbc9529c16c4a6ba5577c8973fdcdc62d6daf79
tcn,independent_rms,29,bw_n20004_call_covariance_s20,phase2/results/predictions/full/independent_rms/tcn/seed_29/bw_n20004_call_covariance_s20.npz,76366,240ef614c450d9756a95a085a375fe1aa0e602ab6dee60d42c0503e7cfc33b8a
tcn,independent_rms,29,bw_n20004_call_covariance_s10,phase2/results/predictions/full/independent_rms/tcn/seed_29/bw_n20004_call_covariance_s10.npz,76305,a6f9a1906835baa1c9686094c7cff883f45471ef38710e60ae9553bca68469fe
tcn,independent_rms,29,bw_n20004_call_covariance_s0,phase2/results/predictions/full/independent_rms/tcn/seed_29/bw_n20004_call_covariance_s0.npz,76113,67ae7deea266a12326f7ce5f578b906c2570079772dbcce92323d76eb3ae0bbb
tcn,independent_rms,29,bw_n20005_call_independent_rms_s20,phase2/results/predictions/full/independent_rms/tcn/seed_29/bw_n20005_call_independent_rms_s20.npz,76384,e117e176777acefb27e7b40c27420474553f5ed6126b0bbb825e31c3e0332635
tcn,independent_rms,29,bw_n20005_call_independent_rms_s10,phase2/results/predictions/full/independent_rms/tcn/seed_29/bw_n20005_call_independent_rms_s10.npz,76396,09116e079170d27aaa5d155cc6853287590cccbacec339f30a52977ad1036a54
tcn,independent_rms,29,bw_n20005_call_independent_rms_s0,phase2/results/predictions/full/independent_rms/tcn/seed_29/bw_n20005_call_independent_rms_s0.npz,76136,38ab7ed771f0bdf890d1bc593fd3362efd823008559632827e36ace5ccb60833
tcn,independent_rms,29,bw_n20005_call_electrode_s20,phase2/results/predictions/full/independent_rms/tcn/seed_29/bw_n20005_call_electrode_s20.npz,76339,5fa37e327d1d702cf281b8c2192325df493aadff35ba9d7a292e0a21a36b4744
tcn,independent_rms,29,bw_n20005_call_electrode_s10,phase2/results/predictions/full/independent_rms/tcn/seed_29/bw_n20005_call_electrode_s10.npz,76306,144015d1cadf8b953b02a1a8b8a9b3523a8ce6a2ae904ae8d82d91c5527d1a2b
tcn,independent_rms,29,bw_n20005_call_electrode_s0,phase2/results/predictions/full/independent_rms/tcn/seed_29/bw_n20005_call_electrode_s0.npz,76100,800d843474820c6f977ec1b1bda020dd11685831b66e87c43cf30142b25f7150
tcn,independent_rms,29,bw_n20005_call_covariance_s20,phase2/results/predictions/full/independent_rms/tcn/seed_29/bw_n20005_call_covariance_s20.npz,76374,3b85513035acad303236dae50f5bbbb7ea3f9ca6d2d13ff2fa4e9b464b13c830
tcn,independent_rms,29,bw_n20005_call_covariance_s10,phase2/results/predictions/full/independent_rms/tcn/seed_29/bw_n20005_call_covariance_s10.npz,76344,c7cd8eb922f31fea7dbb68c2491d58abe59fcc3ebe94022e400d43a1db73c106
tcn,independent_rms,29,bw_n20005_call_covariance_s0,phase2/results/predictions/full/independent_rms/tcn/seed_29/bw_n20005_call_covariance_s0.npz,76069,9b5c48c2236ca582b1c4b6ceb17f30b76bd0ac045cdfe20eed03ed534762e32d
tcn,independent_rms,29,ma_n20001_call_independent_rms_s20,phase2/results/predictions/full/independent_rms/tcn/seed_29/ma_n20001_call_independent_rms_s20.npz,76405,4f71276115b1ee4cb996a765a1a90f0d1dc0817d8cbefad9ca7b58ccec85d4c9
tcn,independent_rms,29,ma_n20001_call_independent_rms_s10,phase2/results/predictions/full/independent_rms/tcn/seed_29/ma_n20001_call_independent_rms_s10.npz,76382,ec3de4588c4a44b5d3c0f71a0966cf9c3f6299b65691a8d7d9c12d607edc1f9f
tcn,independent_rms,29,ma_n20001_call_independent_rms_s0,phase2/results/predictions/full/independent_rms/tcn/seed_29/ma_n20001_call_independent_rms_s0.npz,76074,c6aac64eec8223d794fdd26ce3d97b4888589e9707d20f04c742fc415e1f8534
tcn,independent_rms,29,ma_n20001_call_electrode_s20,phase2/results/predictions/full/independent_rms/tcn/seed_29/ma_n20001_call_electrode_s20.npz,76362,6a33b5a6ff293cfb3e4714b31b10657691628d23ab4c805e90c101984285f8dc
tcn,independent_rms,29,ma_n20001_call_electrode_s10,phase2/results/predictions/full/independent_rms/tcn/seed_29/ma_n20001_call_electrode_s10.npz,76352,a7598ecad1daede718977005f2081ef575b536f3e6af782e864eefd63cb1cb60
tcn,independent_rms,29,ma_n20001_call_electrode_s0,phase2/results/predictions/full/independent_rms/tcn/seed_29/ma_n20001_call_electrode_s0.npz,76020,adc29004c161260056800d8bac65ba1e11ead65a8d4dd8a2dc8fc7fc45835d62
tcn,independent_rms,29,ma_n20001_call_covariance_s20,phase2/results/predictions/full/independent_rms/tcn/seed_29/ma_n20001_call_covariance_s20.npz,76357,fdf1cfd8b0490527f4e2656405877838e963105bf3d0e0399b0a9a49e8731352
tcn,independent_rms,29,ma_n20001_call_covariance_s10,phase2/results/predictions/full/independent_rms/tcn/seed_29/ma_n20001_call_covariance_s10.npz,76325,f862c20afffb15ef500efe09d652ca2cb4491a90a2b99a7f518c289d9c3fdac8
tcn,independent_rms,29,ma_n20001_call_covariance_s0,phase2/results/predictions/full/independent_rms/tcn/seed_29/ma_n20001_call_covariance_s0.npz,76054,11c5c5a0866a193a7119bbd46a6f5a823940a4edbd4dc64599e1c729f05bfb09
tcn,independent_rms,29,ma_n20002_call_independent_rms_s20,phase2/results/predictions/full/independent_rms/tcn/seed_29/ma_n20002_call_independent_rms_s20.npz,76376,0a2d2f6050bb8eee0f9207a0d2d76e0a5522c88a15bed503d2aa82455aa295bd
tcn,independent_rms,29,ma_n20002_call_independent_rms_s10,phase2/results/predictions/full/independent_rms/tcn/seed_29/ma_n20002_call_independent_rms_s10.npz,76392,dbe4435e9c7707494011a609274caffbdc7cb8c265118f0dc88b6c8ff08ef992
tcn,independent_rms,29,ma_n20002_call_independent_rms_s0,phase2/results/predictions/full/independent_rms/tcn/seed_29/ma_n20002_call_independent_rms_s0.npz,76117,d9dd72cd258b118ce80bd3919693ca2e6d116707c1ab574daea84bb7ed774432
tcn,independent_rms,29,ma_n20002_call_electrode_s20,phase2/results/predictions/full/independent_rms/tcn/seed_29/ma_n20002_call_electrode_s20.npz,76367,6d90f6517da31950f0bdba4a694ce66305287a6dc7fa1e05a300dc9b533861c5
tcn,independent_rms,29,ma_n20002_call_electrode_s10,phase2/results/predictions/full/independent_rms/tcn/seed_29/ma_n20002_call_electrode_s10.npz,76302,5f00fa99dbac0ce1bce88d8c19eb613307f7f5b6fa3c44f3506ba8c6ad205706
tcn,independent_rms,29,ma_n20002_call_electrode_s0,phase2/results/predictions/full/independent_rms/tcn/seed_29/ma_n20002_call_electrode_s0.npz,76031,83c72a7da830216b55a71cdd8507e463632ea15637166981c1d52897885ca741
tcn,independent_rms,29,ma_n20002_call_covariance_s20,phase2/results/predictions/full/independent_rms/tcn/seed_29/ma_n20002_call_covariance_s20.npz,76344,d280870eef3fbbaa197978ab75b664957f7c556b269144107c08f3672495cb69
tcn,independent_rms,29,ma_n20002_call_covariance_s10,phase2/results/predictions/full/independent_rms/tcn/seed_29/ma_n20002_call_covariance_s10.npz,76312,689091fd7884211a27b1f6c40674e103d7fdee9ac9277ff7c096667b2dcfcba1
tcn,independent_rms,29,ma_n20002_call_covariance_s0,phase2/results/predictions/full/independent_rms/tcn/seed_29/ma_n20002_call_covariance_s0.npz,76059,28d3e7242252bc551f9f4bd0715377f6c17f3c944f1b863afc61073ad581caba
tcn,independent_rms,29,ma_n20003_call_independent_rms_s20,phase2/results/predictions/full/independent_rms/tcn/seed_29/ma_n20003_call_independent_rms_s20.npz,76381,fb518e087d15baa4ab43f2e861228945364b62d8a2c9e8529f2771a17a5a30dd
tcn,independent_rms,29,ma_n20003_call_independent_rms_s10,phase2/results/predictions/full/independent_rms/tcn/seed_29/ma_n20003_call_independent_rms_s10.npz,76366,82d9d3a5be98b1fb00cb4ff56920bf12d4f2ab75f662162b0f0bdcf2b62d7074
tcn,independent_rms,29,ma_n20003_call_independent_rms_s0,phase2/results/predictions/full/independent_rms/tcn/seed_29/ma_n20003_call_independent_rms_s0.npz,76098,965ff99b7c641e66dde533c70770f4697fa72c1144ddde7e22f1d144f5e14cf4
tcn,independent_rms,29,ma_n20003_call_electrode_s20,phase2/results/predictions/full/independent_rms/tcn/seed_29/ma_n20003_call_electrode_s20.npz,76378,0aeb6c6bce9af097db570bccd106c9b380549212b5ac8a44a5f5835c44c9eead
tcn,independent_rms,29,ma_n20003_call_electrode_s10,phase2/results/predictions/full/independent_rms/tcn/seed_29/ma_n20003_call_electrode_s10.npz,76326,5cf6f54e2d1820a7dc939ce49752bab0b177a2efd46b050e72b9f7af2a3b97c8
tcn,independent_rms,29,ma_n20003_call_electrode_s0,phase2/results/predictions/full/independent_rms/tcn/seed_29/ma_n20003_call_electrode_s0.npz,76011,05d74aa3f4034a26e9936bcdccf2675fea09dcbf6f1a1198dd8339557fe5f272
tcn,independent_rms,29,ma_n20003_call_covariance_s20,phase2/results/predictions/full/independent_rms/tcn/seed_29/ma_n20003_call_covariance_s20.npz,76360,f17a51bd2cdfa3391ad16a14efa41db406bbf7c85542bf799ebed3eca4dc7e89
tcn,independent_rms,29,ma_n20003_call_covariance_s10,phase2/results/predictions/full/independent_rms/tcn/seed_29/ma_n20003_call_covariance_s10.npz,76326,32eb6568bc1d1601af87140247b24640c6d1b4d6c0fa2f98091c45b4971824a8
tcn,independent_rms,29,ma_n20003_call_covariance_s0,phase2/results/predictions/full/independent_rms/tcn/seed_29/ma_n20003_call_covariance_s0.npz,76059,4912c3330e6c139d7d7ad8b01e5a58cddb698f564e6b5e554ae1d3d2c93926b0
tcn,independent_rms,29,ma_n20004_call_independent_rms_s20,phase2/results/predictions/full/independent_rms/tcn/seed_29/ma_n20004_call_independent_rms_s20.npz,76381,2265541584a37e51bafb6f516d86bb9a32dbbc3205d46f9214741316685819b7
tcn,independent_rms,29,ma_n20004_call_independent_rms_s10,phase2/results/predictions/full/independent_rms/tcn/seed_29/ma_n20004_call_independent_rms_s10.npz,76372,e70af15c0bd6a4494f903cd79447518d192aa328517ae1835b6edfa7d0fede9e
tcn,independent_rms,29,ma_n20004_call_independent_rms_s0,phase2/results/predictions/full/independent_rms/tcn/seed_29/ma_n20004_call_independent_rms_s0.npz,76070,037092a9c7629ca410053b39f8ad75bf12648645aedec9ac8ca8b6d6631e46c9
tcn,independent_rms,29,ma_n20004_call_electrode_s20,phase2/results/predictions/full/independent_rms/tcn/seed_29/ma_n20004_call_electrode_s20.npz,76294,5c025b2877e88cfa9aaf8cf1e832082d7a09b9dc944c86bef5037b5e9af7d275
tcn,independent_rms,29,ma_n20004_call_electrode_s10,phase2/results/predictions/full/independent_rms/tcn/seed_29/ma_n20004_call_electrode_s10.npz,76315,d318bf9839323b7630b82ae6ecfb7c2ead1dcd5904d3056c4958ea2d2ad07e4d
tcn,independent_rms,29,ma_n20004_call_electrode_s0,phase2/results/predictions/full/independent_rms/tcn/seed_29/ma_n20004_call_electrode_s0.npz,76018,726da7dc9b8efe058a883e175a740661dfe3f2093ffa8ea4df8b72a6efc8e302
tcn,independent_rms,29,ma_n20004_call_covariance_s20,phase2/results/predictions/full/independent_rms/tcn/seed_29/ma_n20004_call_covariance_s20.npz,76319,b59fa19627cfda211e67d73ca39f27915f3899ef50bbae2ff3dde9a42d9b7946
tcn,independent_rms,29,ma_n20004_call_covariance_s10,phase2/results/predictions/full/independent_rms/tcn/seed_29/ma_n20004_call_covariance_s10.npz,76306,62516226abcc585a5d897ca7c213e140c1e50eb83b498016bab977a4a32c442e
tcn,independent_rms,29,ma_n20004_call_covariance_s0,phase2/results/predictions/full/independent_rms/tcn/seed_29/ma_n20004_call_covariance_s0.npz,76031,a54292b2c2853e6b37e1cbb5aa76496d94674b079d8430eafd13473c240f3a5a
tcn,independent_rms,29,ma_n20005_call_independent_rms_s20,phase2/results/predictions/full/independent_rms/tcn/seed_29/ma_n20005_call_independent_rms_s20.npz,76378,bf41d8dfa195e8d8e32a7b59ba875de9fcc97fa6d97028010cec6073c2b8f6bb
tcn,independent_rms,29,ma_n20005_call_independent_rms_s10,phase2/results/predictions/full/independent_rms/tcn/seed_29/ma_n20005_call_independent_rms_s10.npz,76376,8b538b424ea0101c2bbec6a661ef68377a6da559340fe0df216d17a80a038866
tcn,independent_rms,29,ma_n20005_call_independent_rms_s0,phase2/results/predictions/full/independent_rms/tcn/seed_29/ma_n20005_call_independent_rms_s0.npz,76092,35b918d4cc4979a832d513555449bbfdc9512ed93d50aaa6035794472d84b843
tcn,independent_rms,29,ma_n20005_call_electrode_s20,phase2/results/predictions/full/independent_rms/tcn/seed_29/ma_n20005_call_electrode_s20.npz,76323,9464873d2b2d616a574842860c79c69c8d799025a651436a3bf818946f8e654e
tcn,independent_rms,29,ma_n20005_call_electrode_s10,phase2/results/predictions/full/independent_rms/tcn/seed_29/ma_n20005_call_electrode_s10.npz,76310,b7786789097373afeb694e3f493731d344915b18d32bad3e82d80e237e9f941c
tcn,independent_rms,29,ma_n20005_call_electrode_s0,phase2/results/predictions/full/independent_rms/tcn/seed_29/ma_n20005_call_electrode_s0.npz,76031,3b79aafabd77ca9292c81c1f58c9f6094152225ed5fce24e11f3147d1a9dd128
tcn,independent_rms,29,ma_n20005_call_covariance_s20,phase2/results/predictions/full/independent_rms/tcn/seed_29/ma_n20005_call_covariance_s20.npz,76364,fc1a8972070cbc7bce5264cac095c664416b4c2f07223716c57cbd9a1d95e9a0
tcn,independent_rms,29,ma_n20005_call_covariance_s10,phase2/results/predictions/full/independent_rms/tcn/seed_29/ma_n20005_call_covariance_s10.npz,76344,eda77766e78d0368b73fcff3921d28b5e49100cde52e6833b304d74461258fd6
tcn,independent_rms,29,ma_n20005_call_covariance_s0,phase2/results/predictions/full/independent_rms/tcn/seed_29/ma_n20005_call_covariance_s0.npz,76047,28145cc17b41c62abbbec144b5dae969e5ff3d831839ad6f87f1494f6c2fcbed
tcn,independent_rms,29,em_n20001_call_independent_rms_s20,phase2/results/predictions/full/independent_rms/tcn/seed_29/em_n20001_call_independent_rms_s20.npz,76381,4797fe2885f370a19b9231633b16c99d142f4db4fa592b350ffffac03c18c520
tcn,independent_rms,29,em_n20001_call_independent_rms_s10,phase2/results/predictions/full/independent_rms/tcn/seed_29/em_n20001_call_independent_rms_s10.npz,76333,b3485af27f838f36d7fcb4b85d3d4a2a3c1fe19906f5bfb01909e1ebc31f3325
tcn,independent_rms,29,em_n20001_call_independent_rms_s0,phase2/results/predictions/full/independent_rms/tcn/seed_29/em_n20001_call_independent_rms_s0.npz,76027,0b9ee3ddf1ad40423c742bfc42789e15f342743acbd2a7c70c75c305d11768e8
tcn,independent_rms,29,em_n20001_call_electrode_s20,phase2/results/predictions/full/independent_rms/tcn/seed_29/em_n20001_call_electrode_s20.npz,76338,c8f45c1c2b20a077ecdd13c70707998faf70af0d09ebf64430bc101e77f5a7b3
tcn,independent_rms,29,em_n20001_call_electrode_s10,phase2/results/predictions/full/independent_rms/tcn/seed_29/em_n20001_call_electrode_s10.npz,76267,392583106bf7b8e80a752e3519ea5232d117a3bcf3ea7406cbb323dd1d219744
tcn,independent_rms,29,em_n20001_call_electrode_s0,phase2/results/predictions/full/independent_rms/tcn/seed_29/em_n20001_call_electrode_s0.npz,75907,bc137bb22f751b6bf312b48d44f8efd7171a775f470776101851efab0fdcb837
tcn,independent_rms,29,em_n20001_call_covariance_s20,phase2/results/predictions/full/independent_rms/tcn/seed_29/em_n20001_call_covariance_s20.npz,76359,ed878c63b87c0befe394cffa44830e3b286b52c39e6329e19cd1074054664cce
tcn,independent_rms,29,em_n20001_call_covariance_s10,phase2/results/predictions/full/independent_rms/tcn/seed_29/em_n20001_call_covariance_s10.npz,76281,352a9801a2477738dff7d4a76f577372b2a342aa74ebd652739f176642b31b9f
tcn,independent_rms,29,em_n20001_call_covariance_s0,phase2/results/predictions/full/independent_rms/tcn/seed_29/em_n20001_call_covariance_s0.npz,75890,184b3a838ad204c41851840e5ee4b91a722a35ef51ef14fe2d90edc904447c22
tcn,independent_rms,29,em_n20002_call_independent_rms_s20,phase2/results/predictions/full/independent_rms/tcn/seed_29/em_n20002_call_independent_rms_s20.npz,76372,6ba7d688a707843cfca9046f80cb5cf06de85afaddb4f6f8aebb24d94d68b78e
tcn,independent_rms,29,em_n20002_call_independent_rms_s10,phase2/results/predictions/full/independent_rms/tcn/seed_29/em_n20002_call_independent_rms_s10.npz,76354,434f35de92ca72ce2b4d17c8a2dc5078085691eb7130d40de4bdbe4b6ccbc5c7
tcn,independent_rms,29,em_n20002_call_independent_rms_s0,phase2/results/predictions/full/independent_rms/tcn/seed_29/em_n20002_call_independent_rms_s0.npz,76000,a8fcee5b1a1d7ec554ad3c95fb4c93957d248f2ebef12314f609c98c4788fae4
tcn,independent_rms,29,em_n20002_call_electrode_s20,phase2/results/predictions/full/independent_rms/tcn/seed_29/em_n20002_call_electrode_s20.npz,76345,c9c08e881bacab4569410c31432bd54b399bec4a90d782cd6d7f39392c8b355f
tcn,independent_rms,29,em_n20002_call_electrode_s10,phase2/results/predictions/full/independent_rms/tcn/seed_29/em_n20002_call_electrode_s10.npz,76258,c86d5c016ca7251e044339eae9b5e81f52590e56da5c366d7b58015af9af1500
tcn,independent_rms,29,em_n20002_call_electrode_s0,phase2/results/predictions/full/independent_rms/tcn/seed_29/em_n20002_call_electrode_s0.npz,75878,779789c29ebcd195233e8190385319a813e3833543544882a952c4a51fbeadf8
tcn,independent_rms,29,em_n20002_call_covariance_s20,phase2/results/predictions/full/independent_rms/tcn/seed_29/em_n20002_call_covariance_s20.npz,76381,8616d7be91068ae7ecdcb38a90eecc4fea2e65823424a9947a75d7253b3c1b0b
tcn,independent_rms,29,em_n20002_call_covariance_s10,phase2/results/predictions/full/independent_rms/tcn/seed_29/em_n20002_call_covariance_s10.npz,76285,bc86a0ebd19999f0c264a4de5f84182c0a106257d3220020a860d7573ae352aa
tcn,independent_rms,29,em_n20002_call_covariance_s0,phase2/results/predictions/full/independent_rms/tcn/seed_29/em_n20002_call_covariance_s0.npz,75894,4ae4c1c8de0aa6dd440218c8eff666857b7677192e94edd324145ef94b702f33
tcn,independent_rms,29,em_n20003_call_independent_rms_s20,phase2/results/predictions/full/independent_rms/tcn/seed_29/em_n20003_call_independent_rms_s20.npz,76358,ec6d2855eba73abd7c04a81a8d0bc5b35110abd463ff2e20bd3d0591413f41ac
tcn,independent_rms,29,em_n20003_call_independent_rms_s10,phase2/results/predictions/full/independent_rms/tcn/seed_29/em_n20003_call_independent_rms_s10.npz,76337,739a22dd83ddeb6b94fd48a28b174dd20cea8a2a32f8e54bc5c1d7693c995f23
tcn,independent_rms,29,em_n20003_call_independent_rms_s0,phase2/results/predictions/full/independent_rms/tcn/seed_29/em_n20003_call_independent_rms_s0.npz,76026,233622090f94a6469e6aa75d593d4b96475f71bb36e1be999210225f6dd4c239
tcn,independent_rms,29,em_n20003_call_electrode_s20,phase2/results/predictions/full/independent_rms/tcn/seed_29/em_n20003_call_electrode_s20.npz,76380,7c129ed416ee7337378e6c6123d8802911d1d0cf369abaea19ca4352ba64abec
tcn,independent_rms,29,em_n20003_call_electrode_s10,phase2/results/predictions/full/independent_rms/tcn/seed_29/em_n20003_call_electrode_s10.npz,76305,0f7e6f07d951b384f8d683ee914ec03d3f371f9e3249a7d2f2d06ec922e0db85
tcn,independent_rms,29,em_n20003_call_electrode_s0,phase2/results/predictions/full/independent_rms/tcn/seed_29/em_n20003_call_electrode_s0.npz,75868,8e4e1471f0faeb5351f7fb80dfb41864a8fcde96e89813926f4714016a9b8282
tcn,independent_rms,29,em_n20003_call_covariance_s20,phase2/results/predictions/full/independent_rms/tcn/seed_29/em_n20003_call_covariance_s20.npz,76382,2f56f5d2eddb77e6a983a4765ad272546a410a1574b18b723d64a5d2e593f1ab
tcn,independent_rms,29,em_n20003_call_covariance_s10,phase2/results/predictions/full/independent_rms/tcn/seed_29/em_n20003_call_covariance_s10.npz,76308,87177ca8bd9778ad094e3ae311752b1072dabc6e514ecabbdf39235d6c2359bc
tcn,independent_rms,29,em_n20003_call_covariance_s0,phase2/results/predictions/full/independent_rms/tcn/seed_29/em_n20003_call_covariance_s0.npz,75869,d466d392f2b24f8c0576d02d87f98b36608b5565fd7df6829c60ecd958b7564d
tcn,independent_rms,29,em_n20004_call_independent_rms_s20,phase2/results/predictions/full/independent_rms/tcn/seed_29/em_n20004_call_independent_rms_s20.npz,76360,e1a557745ba369ccc5427c236b12272d49bb672b7b3b62826395255d0b863c3a
tcn,independent_rms,29,em_n20004_call_independent_rms_s10,phase2/results/predictions/full/independent_rms/tcn/seed_29/em_n20004_call_independent_rms_s10.npz,76322,cc7ad45ac16e2ee89272b14f28b0dc17e309532a8f277b7e5cb8fc9e83c23009
tcn,independent_rms,29,em_n20004_call_independent_rms_s0,phase2/results/predictions/full/independent_rms/tcn/seed_29/em_n20004_call_independent_rms_s0.npz,76046,121bc6d1af883228055de08ec65c15bcbfad86ef89dc349e0c70f0fa59ac1b99
tcn,independent_rms,29,em_n20004_call_electrode_s20,phase2/results/predictions/full/independent_rms/tcn/seed_29/em_n20004_call_electrode_s20.npz,76353,5195ec8c64a4d9cb02a975d4d348351f24d832cb8866b14a92ca3542f54685f8
tcn,independent_rms,29,em_n20004_call_electrode_s10,phase2/results/predictions/full/independent_rms/tcn/seed_29/em_n20004_call_electrode_s10.npz,76265,a817602dd0e7f07325b631dc33cb59883871bd027736d98340df8acbcacd0314
tcn,independent_rms,29,em_n20004_call_electrode_s0,phase2/results/predictions/full/independent_rms/tcn/seed_29/em_n20004_call_electrode_s0.npz,75877,89cec94d349c09f1e135397be2e9f9e6a6681edb6c8a06fe2214650f09665b4e
tcn,independent_rms,29,em_n20004_call_covariance_s20,phase2/results/predictions/full/independent_rms/tcn/seed_29/em_n20004_call_covariance_s20.npz,76374,398da09885de736dd66c33a8a4638a08653e33d6a31bcbefa333a1b286280866
tcn,independent_rms,29,em_n20004_call_covariance_s10,phase2/results/predictions/full/independent_rms/tcn/seed_29/em_n20004_call_covariance_s10.npz,76285,c0630d4b9bb28783b76799f263fbda9842a8f7b82c222ab291c8980f5f7770a7
tcn,independent_rms,29,em_n20004_call_covariance_s0,phase2/results/predictions/full/independent_rms/tcn/seed_29/em_n20004_call_covariance_s0.npz,75869,4689fdf2619524c70d964e3bef5855c0f0a46e6d4d743359931642af8746dc8c
tcn,independent_rms,29,em_n20005_call_independent_rms_s20,phase2/results/predictions/full/independent_rms/tcn/seed_29/em_n20005_call_independent_rms_s20.npz,76343,190954b003dec4cc8c3ca60ce2018595dec3bfdeab44efb1143b791ef6f06e6a
tcn,independent_rms,29,em_n20005_call_independent_rms_s10,phase2/results/predictions/full/independent_rms/tcn/seed_29/em_n20005_call_independent_rms_s10.npz,76364,225f53c491469354f0eb367b071f9f56a4d800552259b58b4a14f6dd2c923838
tcn,independent_rms,29,em_n20005_call_independent_rms_s0,phase2/results/predictions/full/independent_rms/tcn/seed_29/em_n20005_call_independent_rms_s0.npz,76041,87601462a9869a1e47565dc698b04cb69f5195c4c745d5fc458b8555b28238f0
tcn,independent_rms,29,em_n20005_call_electrode_s20,phase2/results/predictions/full/independent_rms/tcn/seed_29/em_n20005_call_electrode_s20.npz,76387,f6bccad17ea91b0e35046afb3b14b6eedaa4920ea54fe9b334268072ba161aa1
tcn,independent_rms,29,em_n20005_call_electrode_s10,phase2/results/predictions/full/independent_rms/tcn/seed_29/em_n20005_call_electrode_s10.npz,76274,289947edc5d3c650e69ec17f0d6288e126fbdf8deec61d6c81b7008217ef908c
tcn,independent_rms,29,em_n20005_call_electrode_s0,phase2/results/predictions/full/independent_rms/tcn/seed_29/em_n20005_call_electrode_s0.npz,75865,bbe1b0c694347763a4e1b93e25d43659df15a06a4ba3f583f84b5057f79e70e7
tcn,independent_rms,29,em_n20005_call_covariance_s20,phase2/results/predictions/full/independent_rms/tcn/seed_29/em_n20005_call_covariance_s20.npz,76361,a7788ccf479948c9e7c32f103e7a3b600bf95aea0d5c3a2676b09b4f7b5e359b
tcn,independent_rms,29,em_n20005_call_covariance_s10,phase2/results/predictions/full/independent_rms/tcn/seed_29/em_n20005_call_covariance_s10.npz,76263,2c779686723fe23203c5939915be7b4e1a60ddbc041d1624fca1649d8f35e32e
tcn,independent_rms,29,em_n20005_call_covariance_s0,phase2/results/predictions/full/independent_rms/tcn/seed_29/em_n20005_call_covariance_s0.npz,75855,ade0c86f69b834e7ff80d51eecb38bebdef9592736bafe35d1f9eb9bf00331f7
tcn,electrode,29,clean,phase2/results/predictions/full/electrode/tcn/seed_29/clean.npz,76289,ba95e4d3acdcb650ec5f898e8f7a35c9361be84d58f060b06344cefc89db2bc8
tcn,electrode,29,bandpass_n20001_cRA_LA_LL_independent_rms_s20,phase2/results/predictions/full/electrode/tcn/seed_29/bandpass_n20001_cRA_LA_LL_independent_rms_s20.npz,76378,cea8660f4400958fae9e3f35116d645c776959d0695fdf036da8fc1943f7d4c6
tcn,electrode,29,bandpass_n20001_cRA_LA_LL_independent_rms_s15,phase2/results/predictions/full/electrode/tcn/seed_29/bandpass_n20001_cRA_LA_LL_independent_rms_s15.npz,76371,ee072602a2945dcdd27dd4edc5f03e2d9d3a399a2bbb5cf0cc350d4e2db05615
tcn,electrode,29,bandpass_n20001_cRA_LA_LL_independent_rms_s10,phase2/results/predictions/full/electrode/tcn/seed_29/bandpass_n20001_cRA_LA_LL_independent_rms_s10.npz,76315,dd2aa15e90eefb3bb4f3be2608f5fe9164231e41276a2cb0baa7b73c331e66b2
tcn,electrode,29,bandpass_n20001_cRA_LA_LL_independent_rms_s5,phase2/results/predictions/full/electrode/tcn/seed_29/bandpass_n20001_cRA_LA_LL_independent_rms_s5.npz,76225,93f90d15351d2376731a7f850373a12f3d67daa5ca7d71b51bb093489af9cb7b
tcn,electrode,29,bandpass_n20001_cRA_LA_LL_independent_rms_s0,phase2/results/predictions/full/electrode/tcn/seed_29/bandpass_n20001_cRA_LA_LL_independent_rms_s0.npz,75939,18c55b1b5764c3bd6b0c8dde6beb703b12ad857f89d17cf6922759e84a37edfb
tcn,electrode,29,bandpass_n20001_cRA_LA_LL_electrode_s20,phase2/results/predictions/full/electrode/tcn/seed_29/bandpass_n20001_cRA_LA_LL_electrode_s20.npz,76372,f9892b3ab3ef72c4cf5a7f36876da21ef3d28b4faa2c5d1bdcb0ed473086addf
tcn,electrode,29,bandpass_n20001_cRA_LA_LL_electrode_s15,phase2/results/predictions/full/electrode/tcn/seed_29/bandpass_n20001_cRA_LA_LL_electrode_s15.npz,76359,8a87670cfe6623cea9bc7cd24de07a03bc6bae1d4ceb41d9d95c645328dbc42e
tcn,electrode,29,bandpass_n20001_cRA_LA_LL_electrode_s10,phase2/results/predictions/full/electrode/tcn/seed_29/bandpass_n20001_cRA_LA_LL_electrode_s10.npz,76292,4d748cdd5df05a7ca1e41d3ee1c98fce7584afaafa0d9d0e317b6b1aebc844e8
tcn,electrode,29,bandpass_n20001_cRA_LA_LL_electrode_s5,phase2/results/predictions/full/electrode/tcn/seed_29/bandpass_n20001_cRA_LA_LL_electrode_s5.npz,76176,5dac36974f4887cefa24becf11aaf573f609090142e5da4b954577d8ca65d2df
tcn,electrode,29,bandpass_n20001_cRA_LA_LL_electrode_s0,phase2/results/predictions/full/electrode/tcn/seed_29/bandpass_n20001_cRA_LA_LL_electrode_s0.npz,75738,31b53927b0acddbab4aa1b53cae6107b20cb4934c785983ec308304513752678
tcn,electrode,29,bandpass_n20001_cRA_LA_LL_covariance_s20,phase2/results/predictions/full/electrode/tcn/seed_29/bandpass_n20001_cRA_LA_LL_covariance_s20.npz,76358,86fdcbaeee1b46659110081a9bf9c428200f662ae74dd64c1cfa3e0b88671982
tcn,electrode,29,bandpass_n20001_cRA_LA_LL_covariance_s15,phase2/results/predictions/full/electrode/tcn/seed_29/bandpass_n20001_cRA_LA_LL_covariance_s15.npz,76397,fa46bd0c59e59e168af2e55eccf2e418aa16a2bc0bd1446d43ffdce440450fb7
tcn,electrode,29,bandpass_n20001_cRA_LA_LL_covariance_s10,phase2/results/predictions/full/electrode/tcn/seed_29/bandpass_n20001_cRA_LA_LL_covariance_s10.npz,76305,65e397fd355ed4d5b1e82c4ccf5756b1ca9e66c9b200e5d40428e6be41a00576
tcn,electrode,29,bandpass_n20001_cRA_LA_LL_covariance_s5,phase2/results/predictions/full/electrode/tcn/seed_29/bandpass_n20001_cRA_LA_LL_covariance_s5.npz,76148,dc08468c426897e3d845055e022327225935e2fef2db26d2db98df15a547a540
tcn,electrode,29,bandpass_n20001_cRA_LA_LL_covariance_s0,phase2/results/predictions/full/electrode/tcn/seed_29/bandpass_n20001_cRA_LA_LL_covariance_s0.npz,75726,e3bdf73a66e98763aaf3d8305e2e3ea869ae67bb963c34ad12e019037d98d19c
tcn,electrode,29,bandpass_n20001_cV1_independent_rms_s20,phase2/results/predictions/full/electrode/tcn/seed_29/bandpass_n20001_cV1_independent_rms_s20.npz,76388,91ed6cfce9d42cd4d1a2394ed365b9224ac98fa22f4899b769ea59d5e9c1abc5
tcn,electrode,29,bandpass_n20001_cV1_independent_rms_s15,phase2/results/predictions/full/electrode/tcn/seed_29/bandpass_n20001_cV1_independent_rms_s15.npz,76369,a3f0d5eb80463cc6da2b026a7e8f94bc7d09a31529d00ea033d9854a6f8f0649
tcn,electrode,29,bandpass_n20001_cV1_independent_rms_s10,phase2/results/predictions/full/electrode/tcn/seed_29/bandpass_n20001_cV1_independent_rms_s10.npz,76283,67e5da85f2413979457c9b48a882615f7e478d9af7aa0e10f951c9c841837513
tcn,electrode,29,bandpass_n20001_cV1_independent_rms_s5,phase2/results/predictions/full/electrode/tcn/seed_29/bandpass_n20001_cV1_independent_rms_s5.npz,76186,ecd34c775016cac1105eb26ba99ef7c626fda5b1e122d5bb262faf5e0c938297
tcn,electrode,29,bandpass_n20001_cV1_independent_rms_s0,phase2/results/predictions/full/electrode/tcn/seed_29/bandpass_n20001_cV1_independent_rms_s0.npz,75836,f5a17c7736c367a95ad9e7cd57d18fdfb7dcaec10a125c122d503d85c9491625
tcn,electrode,29,bandpass_n20001_cV1_electrode_s20,phase2/results/predictions/full/electrode/tcn/seed_29/bandpass_n20001_cV1_electrode_s20.npz,76350,f88a67d90e20944867f1965f83ffdf33e27f6634bcf921aa454610be31012b8c
tcn,electrode,29,bandpass_n20001_cV1_electrode_s15,phase2/results/predictions/full/electrode/tcn/seed_29/bandpass_n20001_cV1_electrode_s15.npz,76332,4149982798d87f7500e7396f29462d691c60ea75173d739a722cec7dc78022a0
tcn,electrode,29,bandpass_n20001_cV1_electrode_s10,phase2/results/predictions/full/electrode/tcn/seed_29/bandpass_n20001_cV1_electrode_s10.npz,76275,eee1cc6a07d7beafbaa6e79b70c87d78f8588d540a2d605a7bd29c8267567e1f
tcn,electrode,29,bandpass_n20001_cV1_electrode_s5,phase2/results/predictions/full/electrode/tcn/seed_29/bandpass_n20001_cV1_electrode_s5.npz,76165,bf6a6e497e0c89de882990340b25a1d05447de967201671c7d5fdd2bfa246789
tcn,electrode,29,bandpass_n20001_cV1_electrode_s0,phase2/results/predictions/full/electrode/tcn/seed_29/bandpass_n20001_cV1_electrode_s0.npz,75858,ecb0391b07e1d133b6d9487b0d8bea82d255d345214abc962af02536002a851c
tcn,electrode,29,bandpass_n20001_cV1_covariance_s20,phase2/results/predictions/full/electrode/tcn/seed_29/bandpass_n20001_cV1_covariance_s20.npz,76368,5fab2c747cfabb30cd2316ee8894510cce61d3c70379c8cd7a71d9b72e855f24
tcn,electrode,29,bandpass_n20001_cV1_covariance_s15,phase2/results/predictions/full/electrode/tcn/seed_29/bandpass_n20001_cV1_covariance_s15.npz,76355,8c583266b943d4a32ebba1f53e561fea7fc54ff420a1a8650fc8bf682b2a756c
tcn,electrode,29,bandpass_n20001_cV1_covariance_s10,phase2/results/predictions/full/electrode/tcn/seed_29/bandpass_n20001_cV1_covariance_s10.npz,76289,592c5d657555b41ff1fb8d3f807e84f6633e6871a9902bb8efe6f733ba3a814f
tcn,electrode,29,bandpass_n20001_cV1_covariance_s5,phase2/results/predictions/full/electrode/tcn/seed_29/bandpass_n20001_cV1_covariance_s5.npz,76145,e545e19b64690066b54106c00750086675347f421751868e66072f34249e557c
tcn,electrode,29,bandpass_n20001_cV1_covariance_s0,phase2/results/predictions/full/electrode/tcn/seed_29/bandpass_n20001_cV1_covariance_s0.npz,75840,cd3d881c07037ca4231f622028a982783e04f08e287dc1463e533ad6ec46cc90
tcn,electrode,29,bandpass_n20001_cV2_independent_rms_s20,phase2/results/predictions/full/electrode/tcn/seed_29/bandpass_n20001_cV2_independent_rms_s20.npz,76381,f9165bbdaeed89c373e101080586d8fc37cd3723e2d69c8b4e7da5324d321548
tcn,electrode,29,bandpass_n20001_cV2_independent_rms_s15,phase2/results/predictions/full/electrode/tcn/seed_29/bandpass_n20001_cV2_independent_rms_s15.npz,76388,3c66277b79e8fa33b7297f312560a790b1221cb1a11dfce64c6a509fe7ba979d
tcn,electrode,29,bandpass_n20001_cV2_independent_rms_s10,phase2/results/predictions/full/electrode/tcn/seed_29/bandpass_n20001_cV2_independent_rms_s10.npz,76297,49ce522e5d28c02508e9fd31c5646d6788ede3067a9b35d6fe4a5ed95fbd2349
tcn,electrode,29,bandpass_n20001_cV2_independent_rms_s5,phase2/results/predictions/full/electrode/tcn/seed_29/bandpass_n20001_cV2_independent_rms_s5.npz,76225,d2ee1bad15546237e8ace90cf9c2a1391e170ff0f1a39b058a97e0908720883c
tcn,electrode,29,bandpass_n20001_cV2_independent_rms_s0,phase2/results/predictions/full/electrode/tcn/seed_29/bandpass_n20001_cV2_independent_rms_s0.npz,75985,48d3f04dfdba3553c290dd65e2c462498356d7fea08d357559522ef3390c3866
tcn,electrode,29,bandpass_n20001_cV2_electrode_s20,phase2/results/predictions/full/electrode/tcn/seed_29/bandpass_n20001_cV2_electrode_s20.npz,76375,2c2a1d76bc112816523b96c1e7a880b16892ef2143316a44cceef74289f4d80c
tcn,electrode,29,bandpass_n20001_cV2_electrode_s15,phase2/results/predictions/full/electrode/tcn/seed_29/bandpass_n20001_cV2_electrode_s15.npz,76331,dd5ecf17b305629d2fa994a67188ee550c54d013b59cddbfa7df9d8fa5e029e3
tcn,electrode,29,bandpass_n20001_cV2_electrode_s10,phase2/results/predictions/full/electrode/tcn/seed_29/bandpass_n20001_cV2_electrode_s10.npz,76285,5163bc5649293df4be38a03ca373d4ed44bab40b8dfdd45995b50399c97f46e4
tcn,electrode,29,bandpass_n20001_cV2_electrode_s5,phase2/results/predictions/full/electrode/tcn/seed_29/bandpass_n20001_cV2_electrode_s5.npz,76227,c8ac241660099ddefae73f05fe64683fb00da1a571022f19cb43f319251fff7f
tcn,electrode,29,bandpass_n20001_cV2_electrode_s0,phase2/results/predictions/full/electrode/tcn/seed_29/bandpass_n20001_cV2_electrode_s0.npz,75954,2a33a0f16311229f13665fda60f92c8c70bf128361772021e1ce9ce021ccb60e
tcn,electrode,29,bandpass_n20001_cV2_covariance_s20,phase2/results/predictions/full/electrode/tcn/seed_29/bandpass_n20001_cV2_covariance_s20.npz,76347,f01cc86e9ae612e753d24b2f570473d8f7f1b942f07cda1fddb6e7fdfc76913f
tcn,electrode,29,bandpass_n20001_cV2_covariance_s15,phase2/results/predictions/full/electrode/tcn/seed_29/bandpass_n20001_cV2_covariance_s15.npz,76351,4f6c28ca8e661b9240dbf3deccd14566b51749da450ba2531faf37a3fa1f7e1f
tcn,electrode,29,bandpass_n20001_cV2_covariance_s10,phase2/results/predictions/full/electrode/tcn/seed_29/bandpass_n20001_cV2_covariance_s10.npz,76296,1f4c4a47d4e8c50be829051fad450d3d66ffa98a4643343a004d9ea701ab6518
tcn,electrode,29,bandpass_n20001_cV2_covariance_s5,phase2/results/predictions/full/electrode/tcn/seed_29/bandpass_n20001_cV2_covariance_s5.npz,76197,26bef0703526220391b83e1053c06e15d0a6e8486a48858c4151b32cd5d86d36
tcn,electrode,29,bandpass_n20001_cV2_covariance_s0,phase2/results/predictions/full/electrode/tcn/seed_29/bandpass_n20001_cV2_covariance_s0.npz,75977,81bef7dee7c9b58dd0e35adb530a222fa091e72be12cbece33d33a3a37bf9f6e
tcn,electrode,29,bandpass_n20001_cV3_independent_rms_s20,phase2/results/predictions/full/electrode/tcn/seed_29/bandpass_n20001_cV3_independent_rms_s20.npz,76340,9f9eac1d54241c7146812e90d83523cd0cdc6b91563c2dd75dec0b0d6677ef31
tcn,electrode,29,bandpass_n20001_cV3_independent_rms_s15,phase2/results/predictions/full/electrode/tcn/seed_29/bandpass_n20001_cV3_independent_rms_s15.npz,76406,6f50fd34ae4e3c41fca90f70ced15a4c937b296b95695788eb468a93b9e6d189
tcn,electrode,29,bandpass_n20001_cV3_independent_rms_s10,phase2/results/predictions/full/electrode/tcn/seed_29/bandpass_n20001_cV3_independent_rms_s10.npz,76351,68e3e0632f9ce6b0cb789ce416aec9aad7eb7084452dd2e87ad33d9b67c305dd
tcn,electrode,29,bandpass_n20001_cV3_independent_rms_s5,phase2/results/predictions/full/electrode/tcn/seed_29/bandpass_n20001_cV3_independent_rms_s5.npz,76332,3b903dbf9e4c9ddb940402ae0b6df782aaf818b96dbddabed94bbbbe68a923d0
tcn,electrode,29,bandpass_n20001_cV3_independent_rms_s0,phase2/results/predictions/full/electrode/tcn/seed_29/bandpass_n20001_cV3_independent_rms_s0.npz,76247,845ae9059cf331315aec97432a7c66af1758a20ff71362fdea5a44c35b3e8056
tcn,electrode,29,bandpass_n20001_cV3_electrode_s20,phase2/results/predictions/full/electrode/tcn/seed_29/bandpass_n20001_cV3_electrode_s20.npz,76366,bbe1ac46d14862dded6420233d0fe5f6c0e02aeb833621f5a92c9a411af5fe57
tcn,electrode,29,bandpass_n20001_cV3_electrode_s15,phase2/results/predictions/full/electrode/tcn/seed_29/bandpass_n20001_cV3_electrode_s15.npz,76369,f7b82c13990810caf5ebe6ffad55ef1af043f3bd829d82f92e26a23b2abec394
tcn,electrode,29,bandpass_n20001_cV3_electrode_s10,phase2/results/predictions/full/electrode/tcn/seed_29/bandpass_n20001_cV3_electrode_s10.npz,76350,b78676e1f99f3b1476faedd22199f689317aadfb94dc1170d961421a93dacfce
tcn,electrode,29,bandpass_n20001_cV3_electrode_s5,phase2/results/predictions/full/electrode/tcn/seed_29/bandpass_n20001_cV3_electrode_s5.npz,76313,7641df9d4cd92b41bb1ffcfa6798439db34cbd193c38b51d9a4a0cdaf3884caa
tcn,electrode,29,bandpass_n20001_cV3_electrode_s0,phase2/results/predictions/full/electrode/tcn/seed_29/bandpass_n20001_cV3_electrode_s0.npz,76236,905a3694d0d470d09865f1737c71a4a6dac8d60dddc9b8458dd0842a9fad964b
tcn,electrode,29,bandpass_n20001_cV3_covariance_s20,phase2/results/predictions/full/electrode/tcn/seed_29/bandpass_n20001_cV3_covariance_s20.npz,76352,55c0f23c02b5ad0c861f879dd5d106c12b550f152bf575a0f945a15043ea3367
tcn,electrode,29,bandpass_n20001_cV3_covariance_s15,phase2/results/predictions/full/electrode/tcn/seed_29/bandpass_n20001_cV3_covariance_s15.npz,76340,f78e6417f892828d574e876027d8a90a525697df55c95ab4d83034e4a7c58531
tcn,electrode,29,bandpass_n20001_cV3_covariance_s10,phase2/results/predictions/full/electrode/tcn/seed_29/bandpass_n20001_cV3_covariance_s10.npz,76354,e55f5fe6a6e401895db68e525e45d7277e0fa2acfdf649a8347d91255d00e8af
tcn,electrode,29,bandpass_n20001_cV3_covariance_s5,phase2/results/predictions/full/electrode/tcn/seed_29/bandpass_n20001_cV3_covariance_s5.npz,76332,64265336095dcce6ecc80f15c68be8370856216fe1ff9560eb64c5ba15a837b7
tcn,electrode,29,bandpass_n20001_cV3_covariance_s0,phase2/results/predictions/full/electrode/tcn/seed_29/bandpass_n20001_cV3_covariance_s0.npz,76210,11611a91313825d470e12680d5e799f60b3d92b8c54418fe679c685b515cc98c
tcn,electrode,29,bandpass_n20001_cV4_independent_rms_s20,phase2/results/predictions/full/electrode/tcn/seed_29/bandpass_n20001_cV4_independent_rms_s20.npz,76343,d9f90ccee2d7e06ce000b1d5ab7b1243764e31f777e185de52b1789f8bfbaad1
tcn,electrode,29,bandpass_n20001_cV4_independent_rms_s15,phase2/results/predictions/full/electrode/tcn/seed_29/bandpass_n20001_cV4_independent_rms_s15.npz,76388,dbb99f4cbb4ec961b329810e920c3d541c57e3db0d29ec2a34219a017f66a1cc
tcn,electrode,29,bandpass_n20001_cV4_independent_rms_s10,phase2/results/predictions/full/electrode/tcn/seed_29/bandpass_n20001_cV4_independent_rms_s10.npz,76358,6d0b4194d915293cf431c459547ccf0b526b0cfe586d5566ab6fa28f1dafbbd5
tcn,electrode,29,bandpass_n20001_cV4_independent_rms_s5,phase2/results/predictions/full/electrode/tcn/seed_29/bandpass_n20001_cV4_independent_rms_s5.npz,76301,a7ae130d15517ff40da254c1739c9301a0db4537efc09f4a647534389fb9913d
tcn,electrode,29,bandpass_n20001_cV4_independent_rms_s0,phase2/results/predictions/full/electrode/tcn/seed_29/bandpass_n20001_cV4_independent_rms_s0.npz,76123,5efd8dbc0f73eca23067a7e507a838d99cdfcb65435613515e2ffee2528b7d5b
tcn,electrode,29,bandpass_n20001_cV4_electrode_s20,phase2/results/predictions/full/electrode/tcn/seed_29/bandpass_n20001_cV4_electrode_s20.npz,76384,08b5b5146131ccc64c618959f1f75e42e8507406a33a36c8c0712e9c2814b4f4
tcn,electrode,29,bandpass_n20001_cV4_electrode_s15,phase2/results/predictions/full/electrode/tcn/seed_29/bandpass_n20001_cV4_electrode_s15.npz,76322,b2c6b6ca666416b1ae99996d91bf5a811fb6e62a2c6914d167ec6b4be0d993d7
tcn,electrode,29,bandpass_n20001_cV4_electrode_s10,phase2/results/predictions/full/electrode/tcn/seed_29/bandpass_n20001_cV4_electrode_s10.npz,76343,272a70368bfb5366fc7b247882e46f147e1cc433515434adbcdf6d16bd756f73
tcn,electrode,29,bandpass_n20001_cV4_electrode_s5,phase2/results/predictions/full/electrode/tcn/seed_29/bandpass_n20001_cV4_electrode_s5.npz,76260,8ab60942e44887852e15d9d328aaaa4d9b5cd5570da7d4b9a5ab3070293779c7
tcn,electrode,29,bandpass_n20001_cV4_electrode_s0,phase2/results/predictions/full/electrode/tcn/seed_29/bandpass_n20001_cV4_electrode_s0.npz,76111,0a288a9a2ee80a8af606533460a0e3cc4eff26db597ceefa81508142538c4d63
tcn,electrode,29,bandpass_n20001_cV4_covariance_s20,phase2/results/predictions/full/electrode/tcn/seed_29/bandpass_n20001_cV4_covariance_s20.npz,76351,b9550688d6d7f4780265c834bbb7c6c17737398bace46256bf6e8ad65c547913
tcn,electrode,29,bandpass_n20001_cV4_covariance_s15,phase2/results/predictions/full/electrode/tcn/seed_29/bandpass_n20001_cV4_covariance_s15.npz,76361,472408a3ca6adeb7141dbf7cc648206febe44299459e2030645bc9f8c1fed091
tcn,electrode,29,bandpass_n20001_cV4_covariance_s10,phase2/results/predictions/full/electrode/tcn/seed_29/bandpass_n20001_cV4_covariance_s10.npz,76333,0f2ab47dc6a1d4c7b3c3a29a574760c13b4551f9a144aa6c465cec7d674daca2
tcn,electrode,29,bandpass_n20001_cV4_covariance_s5,phase2/results/predictions/full/electrode/tcn/seed_29/bandpass_n20001_cV4_covariance_s5.npz,76266,f2f1ccbe41e2e5b28288702f6a500cb3771eeca92175e6c430a4ea4e1b742a11
tcn,electrode,29,bandpass_n20001_cV4_covariance_s0,phase2/results/predictions/full/electrode/tcn/seed_29/bandpass_n20001_cV4_covariance_s0.npz,76127,d7739a0956765894febeafa178733c50b17b1c599468e748e7dd1239d85b620a
tcn,electrode,29,bandpass_n20001_cV5_independent_rms_s20,phase2/results/predictions/full/electrode/tcn/seed_29/bandpass_n20001_cV5_independent_rms_s20.npz,76384,c36427120999316c0330eb912b11e9bf79dff4d2803ebdd93f074a4a4720df00
tcn,electrode,29,bandpass_n20001_cV5_independent_rms_s15,phase2/results/predictions/full/electrode/tcn/seed_29/bandpass_n20001_cV5_independent_rms_s15.npz,76391,12f79c958e2a21fa43ae341b68b4932d94bc6c19c4c62443cda6fa8c85407a91
tcn,electrode,29,bandpass_n20001_cV5_independent_rms_s10,phase2/results/predictions/full/electrode/tcn/seed_29/bandpass_n20001_cV5_independent_rms_s10.npz,76394,1a23a936e69ecf87bddb96ea952abe4baf5b11ad67c538ceab3c57d9377edf8c
tcn,electrode,29,bandpass_n20001_cV5_independent_rms_s5,phase2/results/predictions/full/electrode/tcn/seed_29/bandpass_n20001_cV5_independent_rms_s5.npz,76296,89d0e680eb39a36383cc3e84034db2e432eeec3f5b58f82c4e2dc7361f39eb24
tcn,electrode,29,bandpass_n20001_cV5_independent_rms_s0,phase2/results/predictions/full/electrode/tcn/seed_29/bandpass_n20001_cV5_independent_rms_s0.npz,76084,7575457611edc83bae8ea9496aed1c043571677f6099185995fb272f39cb0e1b
tcn,electrode,29,bandpass_n20001_cV5_electrode_s20,phase2/results/predictions/full/electrode/tcn/seed_29/bandpass_n20001_cV5_electrode_s20.npz,76354,1c2480bf699d365c379ab07964031310dc2f6bd761646b25cbabeea118c57323
tcn,electrode,29,bandpass_n20001_cV5_electrode_s15,phase2/results/predictions/full/electrode/tcn/seed_29/bandpass_n20001_cV5_electrode_s15.npz,76365,d0aa0792ac188f6502f3b199776d949f73e4f2b124d81118e0f7009379d8f1d8
tcn,electrode,29,bandpass_n20001_cV5_electrode_s10,phase2/results/predictions/full/electrode/tcn/seed_29/bandpass_n20001_cV5_electrode_s10.npz,76344,bcb6f7800c20e3d49ecc125e42d03e52a039f45ce926848a4ccbba11ca165789
tcn,electrode,29,bandpass_n20001_cV5_electrode_s5,phase2/results/predictions/full/electrode/tcn/seed_29/bandpass_n20001_cV5_electrode_s5.npz,76267,a4a4b1553e9b520f9d7d9f194fb59ca9c9c2b774a71902a699503f627a7ba54c
tcn,electrode,29,bandpass_n20001_cV5_electrode_s0,phase2/results/predictions/full/electrode/tcn/seed_29/bandpass_n20001_cV5_electrode_s0.npz,76096,47f01b9d7a73dbd9c90e5f68b9e6185496f265e539e08d1359304e7fda928a72
tcn,electrode,29,bandpass_n20001_cV5_covariance_s20,phase2/results/predictions/full/electrode/tcn/seed_29/bandpass_n20001_cV5_covariance_s20.npz,76366,26ec016a0a364b52f5eb6e7b4dceafd952c3ceb606eb6c383a536767ded0bf1b
tcn,electrode,29,bandpass_n20001_cV5_covariance_s15,phase2/results/predictions/full/electrode/tcn/seed_29/bandpass_n20001_cV5_covariance_s15.npz,76354,f498a69e06ecdae6441a4b0df6c51f12d6e0a8c42aa8a8aeffb8194ade24d1bb
tcn,electrode,29,bandpass_n20001_cV5_covariance_s10,phase2/results/predictions/full/electrode/tcn/seed_29/bandpass_n20001_cV5_covariance_s10.npz,76383,d6c5c117c2d259ae0a13e514b02e0f2e6dd71e7804ae5d6005b9111dda2a6488
tcn,electrode,29,bandpass_n20001_cV5_covariance_s5,phase2/results/predictions/full/electrode/tcn/seed_29/bandpass_n20001_cV5_covariance_s5.npz,76282,5834595c54b2aa67665f9202272ecd45622ad1073417b301b2f9a992a5b195f5
tcn,electrode,29,bandpass_n20001_cV5_covariance_s0,phase2/results/predictions/full/electrode/tcn/seed_29/bandpass_n20001_cV5_covariance_s0.npz,76091,4827424cfc8b308f36b022c020ff2bc18f08d0e1282e5a6e6f7e5cd839ef2d3f
tcn,electrode,29,bandpass_n20001_cV6_independent_rms_s20,phase2/results/predictions/full/electrode/tcn/seed_29/bandpass_n20001_cV6_independent_rms_s20.npz,76364,dc27ade302a67078dfc90a08a48817fd28f6ee13b269eaabdb050e9748ed9ca4
tcn,electrode,29,bandpass_n20001_cV6_independent_rms_s15,phase2/results/predictions/full/electrode/tcn/seed_29/bandpass_n20001_cV6_independent_rms_s15.npz,76408,4f9f6141ba6e6075039f1532e729ee0467c0d52086a681634b8247ca018e53f1
tcn,electrode,29,bandpass_n20001_cV6_independent_rms_s10,phase2/results/predictions/full/electrode/tcn/seed_29/bandpass_n20001_cV6_independent_rms_s10.npz,76354,895e9f378339134fba99353136b8d0b9ae4b76256e174ea861829b1b6c4024cc
tcn,electrode,29,bandpass_n20001_cV6_independent_rms_s5,phase2/results/predictions/full/electrode/tcn/seed_29/bandpass_n20001_cV6_independent_rms_s5.npz,76227,9f8e4c7fdef114d94e77e3353577ec1570402290f1a941e381f6423b97814202
tcn,electrode,29,bandpass_n20001_cV6_independent_rms_s0,phase2/results/predictions/full/electrode/tcn/seed_29/bandpass_n20001_cV6_independent_rms_s0.npz,76037,8680d311ebde5ba3dd7854131aa8a1b617f96d0d6f217b26ac5bd3db22160447
tcn,electrode,29,bandpass_n20001_cV6_electrode_s20,phase2/results/predictions/full/electrode/tcn/seed_29/bandpass_n20001_cV6_electrode_s20.npz,76323,bd37642658b9a8e74d478934bc0910e3fffb58a6c4ce023446cb521ef8a63250
tcn,electrode,29,bandpass_n20001_cV6_electrode_s15,phase2/results/predictions/full/electrode/tcn/seed_29/bandpass_n20001_cV6_electrode_s15.npz,76365,f24d717c2e8da58900dc2362e2fa744f16c2024e8280a0748ab411bedcad41c1
tcn,electrode,29,bandpass_n20001_cV6_electrode_s10,phase2/results/predictions/full/electrode/tcn/seed_29/bandpass_n20001_cV6_electrode_s10.npz,76344,8957fa262d2ba37302193af17d320be01ce692037bcf2a35a13f20ad5b3ace63
tcn,electrode,29,bandpass_n20001_cV6_electrode_s5,phase2/results/predictions/full/electrode/tcn/seed_29/bandpass_n20001_cV6_electrode_s5.npz,76207,250882d73031b54e4a54e47d2f0e7115ff0a541df5ff714055fa9009ae6a0b49
tcn,electrode,29,bandpass_n20001_cV6_electrode_s0,phase2/results/predictions/full/electrode/tcn/seed_29/bandpass_n20001_cV6_electrode_s0.npz,75991,0155624ab5270545255f9e6edbf6a1638cec443c88785471fe147f65072864ac
tcn,electrode,29,bandpass_n20001_cV6_covariance_s20,phase2/results/predictions/full/electrode/tcn/seed_29/bandpass_n20001_cV6_covariance_s20.npz,76358,ba3efcec613033acc22b85220f13d3698c98e655d5ff2bdc6a462347ceaf9aac
tcn,electrode,29,bandpass_n20001_cV6_covariance_s15,phase2/results/predictions/full/electrode/tcn/seed_29/bandpass_n20001_cV6_covariance_s15.npz,76354,e4506ca358be740dbf72a0a85287e7e3ff912a611220ed8d3013f7070150b631
tcn,electrode,29,bandpass_n20001_cV6_covariance_s10,phase2/results/predictions/full/electrode/tcn/seed_29/bandpass_n20001_cV6_covariance_s10.npz,76338,a7e90efbee7c81639c86bb6bbbd0a708aa37237688d62a2fc2aec1bfb1eb472b
tcn,electrode,29,bandpass_n20001_cV6_covariance_s5,phase2/results/predictions/full/electrode/tcn/seed_29/bandpass_n20001_cV6_covariance_s5.npz,76208,5445cfc2a72d1061b37d1f4f5b1e98f62db8bfb0aa081a49bf26ba3e6aaf75e2
tcn,electrode,29,bandpass_n20001_cV6_covariance_s0,phase2/results/predictions/full/electrode/tcn/seed_29/bandpass_n20001_cV6_covariance_s0.npz,75983,b63aa935565205ff2f0eabf595a2d80efd566b75b20215c5533eef5db934773c
tcn,electrode,29,bandpass_n20001_cRA_LA_independent_rms_s20,phase2/results/predictions/full/electrode/tcn/seed_29/bandpass_n20001_cRA_LA_independent_rms_s20.npz,76370,562903ece56e4deddbd397fb8a5153212376941a0d193d55b367a9f10d6c92fa
tcn,electrode,29,bandpass_n20001_cRA_LA_independent_rms_s15,phase2/results/predictions/full/electrode/tcn/seed_29/bandpass_n20001_cRA_LA_independent_rms_s15.npz,76384,013bb801b13ff86509383482b61e17e790dc8dc359ffe36f76ed2741a6e536a0
tcn,electrode,29,bandpass_n20001_cRA_LA_independent_rms_s10,phase2/results/predictions/full/electrode/tcn/seed_29/bandpass_n20001_cRA_LA_independent_rms_s10.npz,76340,13317380db31ed098a4177a9945cb3d06e384848acd9535775d078f497e51552
tcn,electrode,29,bandpass_n20001_cRA_LA_independent_rms_s5,phase2/results/predictions/full/electrode/tcn/seed_29/bandpass_n20001_cRA_LA_independent_rms_s5.npz,76263,92ee014d775597b0c34483e8789adc8d7666c83e19ace740abbb29a866a0b2c4
tcn,electrode,29,bandpass_n20001_cRA_LA_independent_rms_s0,phase2/results/predictions/full/electrode/tcn/seed_29/bandpass_n20001_cRA_LA_independent_rms_s0.npz,75941,4c26a6bea668f654029b56c9eb67192a38deeef190488ef3410a3aa3f2aeddac
tcn,electrode,29,bandpass_n20001_cRA_LA_electrode_s20,phase2/results/predictions/full/electrode/tcn/seed_29/bandpass_n20001_cRA_LA_electrode_s20.npz,76343,93660f64bac05a9c129445d43696e7dffe709c00bab583123588e9c181e0e96f
tcn,electrode,29,bandpass_n20001_cRA_LA_electrode_s15,phase2/results/predictions/full/electrode/tcn/seed_29/bandpass_n20001_cRA_LA_electrode_s15.npz,76329,7fd1d56d60e61ebf1fd3ce2c44792d6a00f19613c0f6fc0de8fd9d928e73da39
tcn,electrode,29,bandpass_n20001_cRA_LA_electrode_s10,phase2/results/predictions/full/electrode/tcn/seed_29/bandpass_n20001_cRA_LA_electrode_s10.npz,76272,8b3c13d96bb6efcc77a516018a53cb3bbeb22edc9f7bf2da4df1f037e0633279
tcn,electrode,29,bandpass_n20001_cRA_LA_electrode_s5,phase2/results/predictions/full/electrode/tcn/seed_29/bandpass_n20001_cRA_LA_electrode_s5.npz,76122,997a2ab48b293c8d800424eded7c96c3ecab3fccdaa15860b28843d4a05d1319
tcn,electrode,29,bandpass_n20001_cRA_LA_electrode_s0,phase2/results/predictions/full/electrode/tcn/seed_29/bandpass_n20001_cRA_LA_electrode_s0.npz,75674,63c88e67c19aaf74ab2a5e66a6ffc0a73718d5e5f5d3df19fd4f1d05af4400a1
tcn,electrode,29,bandpass_n20001_cRA_LA_covariance_s20,phase2/results/predictions/full/electrode/tcn/seed_29/bandpass_n20001_cRA_LA_covariance_s20.npz,76348,a3b35b0b6f7d4b139fbcf0f0a8abd5394f45e534f5b29c66230a75aa33bc0f7d
tcn,electrode,29,bandpass_n20001_cRA_LA_covariance_s15,phase2/results/predictions/full/electrode/tcn/seed_29/bandpass_n20001_cRA_LA_covariance_s15.npz,76335,ef2929a90e2bce24088522dbfdfd57e47a3ef8a3339fb170c70c936d7c805aa5
tcn,electrode,29,bandpass_n20001_cRA_LA_covariance_s10,phase2/results/predictions/full/electrode/tcn/seed_29/bandpass_n20001_cRA_LA_covariance_s10.npz,76254,7c9c422ff4f2460af479cce9add20f4c4e5a762e4c2b6f1de56111d0f63414ce
tcn,electrode,29,bandpass_n20001_cRA_LA_covariance_s5,phase2/results/predictions/full/electrode/tcn/seed_29/bandpass_n20001_cRA_LA_covariance_s5.npz,76140,35ba5e460dd46824c7502cee6f039c79797c75cdcf6734f7349050ee3c4b6284
tcn,electrode,29,bandpass_n20001_cRA_LA_covariance_s0,phase2/results/predictions/full/electrode/tcn/seed_29/bandpass_n20001_cRA_LA_covariance_s0.npz,75711,840ec1f00ce1df8ac6387542938665050f2100cd36137f394f6d211fbc94a089
tcn,electrode,29,bandpass_n20001_cLA_LL_independent_rms_s20,phase2/results/predictions/full/electrode/tcn/seed_29/bandpass_n20001_cLA_LL_independent_rms_s20.npz,76378,2e5cdb61e488443b24bd82dfd8bfbf37d596056d07da5d0f6eae1c2e51cfaeaf
tcn,electrode,29,bandpass_n20001_cLA_LL_independent_rms_s15,phase2/results/predictions/full/electrode/tcn/seed_29/bandpass_n20001_cLA_LL_independent_rms_s15.npz,76378,7147153a3c68bef135d96c6be79af9dee39eebb00c0eb69517e29248b5169940
tcn,electrode,29,bandpass_n20001_cLA_LL_independent_rms_s10,phase2/results/predictions/full/electrode/tcn/seed_29/bandpass_n20001_cLA_LL_independent_rms_s10.npz,76346,12f07a6eae2a5e7db7e5062b52c547196ca9f761f36d0c954c10aa336f4e5aa3
tcn,electrode,29,bandpass_n20001_cLA_LL_independent_rms_s5,phase2/results/predictions/full/electrode/tcn/seed_29/bandpass_n20001_cLA_LL_independent_rms_s5.npz,76229,c8416a520d8ef106ce60edff9c5143c4ee043c820265769ef721792a6e7c7e92
tcn,electrode,29,bandpass_n20001_cLA_LL_independent_rms_s0,phase2/results/predictions/full/electrode/tcn/seed_29/bandpass_n20001_cLA_LL_independent_rms_s0.npz,75916,395c5bd8161db504c92491e049917c774f336c7853d05504507ca1372df20d73
tcn,electrode,29,bandpass_n20001_cLA_LL_electrode_s20,phase2/results/predictions/full/electrode/tcn/seed_29/bandpass_n20001_cLA_LL_electrode_s20.npz,76342,124ea328361e8b1bde8544f9fdd9552a2a80d00992feaad348aae8a5575f8f90
tcn,electrode,29,bandpass_n20001_cLA_LL_electrode_s15,phase2/results/predictions/full/electrode/tcn/seed_29/bandpass_n20001_cLA_LL_electrode_s15.npz,76365,2b5f52536cc001b0ab1af9146a774ce83bfb6553df5c4a1c76dcdb00246526a3
tcn,electrode,29,bandpass_n20001_cLA_LL_electrode_s10,phase2/results/predictions/full/electrode/tcn/seed_29/bandpass_n20001_cLA_LL_electrode_s10.npz,76309,82497880b9171e522c068ffbd6936fe67b341b7b6445dabf99c5d4ce2cfc9801
tcn,electrode,29,bandpass_n20001_cLA_LL_electrode_s5,phase2/results/predictions/full/electrode/tcn/seed_29/bandpass_n20001_cLA_LL_electrode_s5.npz,76178,474d2691564d272eb02876c84fba718f2870b3fba80a6c98b29cc40e6cc67629
tcn,electrode,29,bandpass_n20001_cLA_LL_electrode_s0,phase2/results/predictions/full/electrode/tcn/seed_29/bandpass_n20001_cLA_LL_electrode_s0.npz,75871,e16c7489eee19cdcecd5561b38cd70350927e64e3bfd1c7e3f04ecce41efd745
tcn,electrode,29,bandpass_n20001_cLA_LL_covariance_s20,phase2/results/predictions/full/electrode/tcn/seed_29/bandpass_n20001_cLA_LL_covariance_s20.npz,76379,c9573132b07f82b5e7213ed211f8394f434d423aa5a162bec92cd6e4162a54fa
tcn,electrode,29,bandpass_n20001_cLA_LL_covariance_s15,phase2/results/predictions/full/electrode/tcn/seed_29/bandpass_n20001_cLA_LL_covariance_s15.npz,76317,419532c5ada3e992677712e424e9ea8ef7aba5feb28e829f54bd4f2bc1338a7a
tcn,electrode,29,bandpass_n20001_cLA_LL_covariance_s10,phase2/results/predictions/full/electrode/tcn/seed_29/bandpass_n20001_cLA_LL_covariance_s10.npz,76290,1b326d45d9f4e11e7b479799780b7e6cef5b220a7ce8a24f8f60a6cbde14e6f7
tcn,electrode,29,bandpass_n20001_cLA_LL_covariance_s5,phase2/results/predictions/full/electrode/tcn/seed_29/bandpass_n20001_cLA_LL_covariance_s5.npz,76208,65398c251c3a10b35ea984971e8b34fba8b1e382f1140bd65930842205c5d5e2
tcn,electrode,29,bandpass_n20001_cLA_LL_covariance_s0,phase2/results/predictions/full/electrode/tcn/seed_29/bandpass_n20001_cLA_LL_covariance_s0.npz,75867,b935c2e93ee90806e07a6a8ae8a9c6c6c6812e82a408f14ba6cd01ee4cab18ff
tcn,electrode,29,bandpass_n20001_cRA_LL_independent_rms_s20,phase2/results/predictions/full/electrode/tcn/seed_29/bandpass_n20001_cRA_LL_independent_rms_s20.npz,76350,f577e89396d87f617af157521777d3dcd2349b594c864da7c4b92b67c68e8724
tcn,electrode,29,bandpass_n20001_cRA_LL_independent_rms_s15,phase2/results/predictions/full/electrode/tcn/seed_29/bandpass_n20001_cRA_LL_independent_rms_s15.npz,76400,b126c44116766d090952212365a565c497a6bd0c3175857ed9a46b6fa166ba55
tcn,electrode,29,bandpass_n20001_cRA_LL_independent_rms_s10,phase2/results/predictions/full/electrode/tcn/seed_29/bandpass_n20001_cRA_LL_independent_rms_s10.npz,76310,83b81c1164ddd71d5265ab7a0c98a174676f67b3b6c88f8d4737c8282643f97f
tcn,electrode,29,bandpass_n20001_cRA_LL_independent_rms_s5,phase2/results/predictions/full/electrode/tcn/seed_29/bandpass_n20001_cRA_LL_independent_rms_s5.npz,76232,62aeab86caae53f55e3026c6b9bd1987361afd8187a064572e80f97b75a3f15b
tcn,electrode,29,bandpass_n20001_cRA_LL_independent_rms_s0,phase2/results/predictions/full/electrode/tcn/seed_29/bandpass_n20001_cRA_LL_independent_rms_s0.npz,75915,e7d5c96a40e8daf63f6ba67bc2304e223bc1b75f5a7d94e128c587ad514c427c
tcn,electrode,29,bandpass_n20001_cRA_LL_electrode_s20,phase2/results/predictions/full/electrode/tcn/seed_29/bandpass_n20001_cRA_LL_electrode_s20.npz,76408,0c728e841d14eec6f788f18529318c6122b4b97eb6b81d420a5833edf0944ff2
tcn,electrode,29,bandpass_n20001_cRA_LL_electrode_s15,phase2/results/predictions/full/electrode/tcn/seed_29/bandpass_n20001_cRA_LL_electrode_s15.npz,76354,2265be13dcb64b1388d899d692d2abf6c06d889e9bbffc4dfed5849d0cfd380a
tcn,electrode,29,bandpass_n20001_cRA_LL_electrode_s10,phase2/results/predictions/full/electrode/tcn/seed_29/bandpass_n20001_cRA_LL_electrode_s10.npz,76264,d0f950dcda4c88d16c2b867a83f0b9293b4b37dfde761e641ea3347085a63aec
tcn,electrode,29,bandpass_n20001_cRA_LL_electrode_s5,phase2/results/predictions/full/electrode/tcn/seed_29/bandpass_n20001_cRA_LL_electrode_s5.npz,76133,448d27705841138537b2b8de95655c89a05fd42acfd8a2b8d627782a230eb191
tcn,electrode,29,bandpass_n20001_cRA_LL_electrode_s0,phase2/results/predictions/full/electrode/tcn/seed_29/bandpass_n20001_cRA_LL_electrode_s0.npz,75665,724357b34cfdb2f3007e9ca7ca129c27b9e5bd438b37c470e118947703f219b8
tcn,electrode,29,bandpass_n20001_cRA_LL_covariance_s20,phase2/results/predictions/full/electrode/tcn/seed_29/bandpass_n20001_cRA_LL_covariance_s20.npz,76389,a3767a62373d360f9a74c53b9a4a4f9838514d0c3465ce65a421c00bffdc6265
tcn,electrode,29,bandpass_n20001_cRA_LL_covariance_s15,phase2/results/predictions/full/electrode/tcn/seed_29/bandpass_n20001_cRA_LL_covariance_s15.npz,76329,80453c3650b5d716e79484d7616d17dd26e5cad51f518119f78210913b836435
tcn,electrode,29,bandpass_n20001_cRA_LL_covariance_s10,phase2/results/predictions/full/electrode/tcn/seed_29/bandpass_n20001_cRA_LL_covariance_s10.npz,76254,8f18072148c33cfc4f4a4780b86c32e772a5d2abb7014ae50cd205abeb1f5464
tcn,electrode,29,bandpass_n20001_cRA_LL_covariance_s5,phase2/results/predictions/full/electrode/tcn/seed_29/bandpass_n20001_cRA_LL_covariance_s5.npz,76115,7d088c2f4bbdca193856460626b2282bb4663b05dd2144345503f8616c0936c4
tcn,electrode,29,bandpass_n20001_cRA_LL_covariance_s0,phase2/results/predictions/full/electrode/tcn/seed_29/bandpass_n20001_cRA_LL_covariance_s0.npz,75692,36b649654a1c14d68da00fd88c2c2f654ad8a0430b04f8a92513a709c3da8556
tcn,electrode,29,bandpass_n20001_cRA_independent_rms_s20,phase2/results/predictions/full/electrode/tcn/seed_29/bandpass_n20001_cRA_independent_rms_s20.npz,76371,e630eee2d849fd45c77181066de2b4397cad90c2fb0af614713c1e85ec50d767
tcn,electrode,29,bandpass_n20001_cRA_independent_rms_s15,phase2/results/predictions/full/electrode/tcn/seed_29/bandpass_n20001_cRA_independent_rms_s15.npz,76382,0fca31ef0cca6b91887c5ec2f283248815713f7aa48b6511d2d49be5617d8a5f
tcn,electrode,29,bandpass_n20001_cRA_independent_rms_s10,phase2/results/predictions/full/electrode/tcn/seed_29/bandpass_n20001_cRA_independent_rms_s10.npz,76342,9afe27118575fbee4a0aee088258f750fa750ec016b790cb6c2eb87c0e7b01f8
tcn,electrode,29,bandpass_n20001_cRA_independent_rms_s5,phase2/results/predictions/full/electrode/tcn/seed_29/bandpass_n20001_cRA_independent_rms_s5.npz,76211,f5fa63a0c513b8c8aceee18d2dc4f8552c41af864d31e0a8bf2d493968ccffd0
tcn,electrode,29,bandpass_n20001_cRA_independent_rms_s0,phase2/results/predictions/full/electrode/tcn/seed_29/bandpass_n20001_cRA_independent_rms_s0.npz,75910,5524f2d389394af3ae33fa1b172121f49f0df1cbf1612b2c2c5a3f430f78b369
tcn,electrode,29,bandpass_n20001_cRA_electrode_s20,phase2/results/predictions/full/electrode/tcn/seed_29/bandpass_n20001_cRA_electrode_s20.npz,76372,c912eff30164590916eca0795d0916caeb082ac6c21bd72c4561b7bb0adb20ec
tcn,electrode,29,bandpass_n20001_cRA_electrode_s15,phase2/results/predictions/full/electrode/tcn/seed_29/bandpass_n20001_cRA_electrode_s15.npz,76321,2dbc63ac35ae22a659211135be44f1ca46cfe12a30756cea8dd93a0130b6b36e
tcn,electrode,29,bandpass_n20001_cRA_electrode_s10,phase2/results/predictions/full/electrode/tcn/seed_29/bandpass_n20001_cRA_electrode_s10.npz,76257,c4beef6b6ae6f0cbeae54a5d114e5c5172a82305e07abb1507c20630d51a7e9b
tcn,electrode,29,bandpass_n20001_cRA_electrode_s5,phase2/results/predictions/full/electrode/tcn/seed_29/bandpass_n20001_cRA_electrode_s5.npz,76081,d3f77e4143218497fa17afaaecd9470599bda08a56a361ef7186d344c967fd7d
tcn,electrode,29,bandpass_n20001_cRA_electrode_s0,phase2/results/predictions/full/electrode/tcn/seed_29/bandpass_n20001_cRA_electrode_s0.npz,75619,936ffa6f3e4415290d3e77db4b382af77c93011d5fbcb005068c50b0c056dd27
tcn,electrode,29,bandpass_n20001_cRA_covariance_s20,phase2/results/predictions/full/electrode/tcn/seed_29/bandpass_n20001_cRA_covariance_s20.npz,76344,f7a9d52c90daa5e51f01ba28c8daed7eefa34e69c7794cb02f8b6113836ebdc7
tcn,electrode,29,bandpass_n20001_cRA_covariance_s15,phase2/results/predictions/full/electrode/tcn/seed_29/bandpass_n20001_cRA_covariance_s15.npz,76309,40795c291930551629e14d2af751811ce9ce0b0fe7618d0d9cef33dccb4875ba
tcn,electrode,29,bandpass_n20001_cRA_covariance_s10,phase2/results/predictions/full/electrode/tcn/seed_29/bandpass_n20001_cRA_covariance_s10.npz,76263,eea2ae1d3416b53513225aac0c402ce996ad8c50a84860f6473600deaacaff6f
tcn,electrode,29,bandpass_n20001_cRA_covariance_s5,phase2/results/predictions/full/electrode/tcn/seed_29/bandpass_n20001_cRA_covariance_s5.npz,76084,e7cddb4170db9a0d4505f73afa028e9d0f62235cb73a86197591504c233096ea
tcn,electrode,29,bandpass_n20001_cRA_covariance_s0,phase2/results/predictions/full/electrode/tcn/seed_29/bandpass_n20001_cRA_covariance_s0.npz,75589,06aab16d9475c7ec9f77eba6574d95ca4de5cc1156f3f129b4439cd991907fa2
tcn,electrode,29,bandpass_n20001_cLA_independent_rms_s20,phase2/results/predictions/full/electrode/tcn/seed_29/bandpass_n20001_cLA_independent_rms_s20.npz,76342,4555e3a02a5912b87a999384770e75af305df1fe431bbe567550dddb6445ab7b
tcn,electrode,29,bandpass_n20001_cLA_independent_rms_s15,phase2/results/predictions/full/electrode/tcn/seed_29/bandpass_n20001_cLA_independent_rms_s15.npz,76370,34f5f34904e25ca3b5c02c3b7890af37494cf52c422cbca6522069a8fff6875d
tcn,electrode,29,bandpass_n20001_cLA_independent_rms_s10,phase2/results/predictions/full/electrode/tcn/seed_29/bandpass_n20001_cLA_independent_rms_s10.npz,76324,6dd80b9d0aa90db5bc34c6fd1fc226f652a7645152ea77d8a6d828291711a4b3
tcn,electrode,29,bandpass_n20001_cLA_independent_rms_s5,phase2/results/predictions/full/electrode/tcn/seed_29/bandpass_n20001_cLA_independent_rms_s5.npz,76236,3e23409f1d74af65fe1452cd301cf283ca112e232e94c817bce94728b6745a91
tcn,electrode,29,bandpass_n20001_cLA_independent_rms_s0,phase2/results/predictions/full/electrode/tcn/seed_29/bandpass_n20001_cLA_independent_rms_s0.npz,75944,81b529165abe23999829754e562e31d4030e8f0a7f69f0d9bfe950af8cf0f39e
tcn,electrode,29,bandpass_n20001_cLA_electrode_s20,phase2/results/predictions/full/electrode/tcn/seed_29/bandpass_n20001_cLA_electrode_s20.npz,76356,9491d84dc74c9dfe9a5fbf451fe728a87aae73e244036a679d02b0c584d26f5c
tcn,electrode,29,bandpass_n20001_cLA_electrode_s15,phase2/results/predictions/full/electrode/tcn/seed_29/bandpass_n20001_cLA_electrode_s15.npz,76350,899fe68f0c9b443b209dda95cc265985b4df1567bbc79b0315e453a168c46659
tcn,electrode,29,bandpass_n20001_cLA_electrode_s10,phase2/results/predictions/full/electrode/tcn/seed_29/bandpass_n20001_cLA_electrode_s10.npz,76280,d00471ffb407f25750381887b50c11693bc36dd9c469b8dadbd5a5abf0298789
tcn,electrode,29,bandpass_n20001_cLA_electrode_s5,phase2/results/predictions/full/electrode/tcn/seed_29/bandpass_n20001_cLA_electrode_s5.npz,76192,c298697bb868dfe6dafa07439b15009680ffaf6d1c2a1c60d64adf579ecb5f44
tcn,electrode,29,bandpass_n20001_cLA_electrode_s0,phase2/results/predictions/full/electrode/tcn/seed_29/bandpass_n20001_cLA_electrode_s0.npz,75848,904ce3c3f2e0e34d33cc26d3ac85b45891fa360d6d988f60c63f8f2127ad3de4
tcn,electrode,29,bandpass_n20001_cLA_covariance_s20,phase2/results/predictions/full/electrode/tcn/seed_29/bandpass_n20001_cLA_covariance_s20.npz,76362,2dd909f2b650bcfbf3eba8816d324c5cbed3327e037448189fd6cd6658862f2a
tcn,electrode,29,bandpass_n20001_cLA_covariance_s15,phase2/results/predictions/full/electrode/tcn/seed_29/bandpass_n20001_cLA_covariance_s15.npz,76360,3a9efa35ac328acb91ee8e78ef509571664500c4eac24542b467cea8fad985fa
tcn,electrode,29,bandpass_n20001_cLA_covariance_s10,phase2/results/predictions/full/electrode/tcn/seed_29/bandpass_n20001_cLA_covariance_s10.npz,76291,abffd17359121d5f599f477dc2ae1d58c6484658b1877162890beed521127d18
tcn,electrode,29,bandpass_n20001_cLA_covariance_s5,phase2/results/predictions/full/electrode/tcn/seed_29/bandpass_n20001_cLA_covariance_s5.npz,76210,2b82197b7a00d7d5ae62ef54043e8e21730cda85abee4be53d7fbe6793e00f81
tcn,electrode,29,bandpass_n20001_cLA_covariance_s0,phase2/results/predictions/full/electrode/tcn/seed_29/bandpass_n20001_cLA_covariance_s0.npz,75847,43f63c75d50f6b38138b669ffeba03bfd3973fce07febefef0b76d4923b5f1eb
tcn,electrode,29,bandpass_n20001_cLL_independent_rms_s20,phase2/results/predictions/full/electrode/tcn/seed_29/bandpass_n20001_cLL_independent_rms_s20.npz,76399,0f8adc271c655281a5aaf5666e97fe896aff66788656f66ee8b0449ae504b29d
tcn,electrode,29,bandpass_n20001_cLL_independent_rms_s15,phase2/results/predictions/full/electrode/tcn/seed_29/bandpass_n20001_cLL_independent_rms_s15.npz,76349,d2eb9709ce3fe6d5618a7290dc5db346709ca4633d4f05627160333da8d8835f
tcn,electrode,29,bandpass_n20001_cLL_independent_rms_s10,phase2/results/predictions/full/electrode/tcn/seed_29/bandpass_n20001_cLL_independent_rms_s10.npz,76375,0e734625bd9aa55dc1492552737c8cdb9e4eba0492b50db288d42400a1d43957
tcn,electrode,29,bandpass_n20001_cLL_independent_rms_s5,phase2/results/predictions/full/electrode/tcn/seed_29/bandpass_n20001_cLL_independent_rms_s5.npz,76238,5d82eecd82d50632909a88f05ceffc241d0aa29d11eed6ca62ca41a76e99aa6e
tcn,electrode,29,bandpass_n20001_cLL_independent_rms_s0,phase2/results/predictions/full/electrode/tcn/seed_29/bandpass_n20001_cLL_independent_rms_s0.npz,75966,6cb4b4d2f59b7ecd970b8182299cc8040910b8f9fda775c14d279bbf99bdbfca
tcn,electrode,29,bandpass_n20001_cLL_electrode_s20,phase2/results/predictions/full/electrode/tcn/seed_29/bandpass_n20001_cLL_electrode_s20.npz,76351,f66cf32d62d788874312c0ed5387b98727f332e2938f22836cc19739d98cbd64
tcn,electrode,29,bandpass_n20001_cLL_electrode_s15,phase2/results/predictions/full/electrode/tcn/seed_29/bandpass_n20001_cLL_electrode_s15.npz,76383,e90bb86527fc9723420687cef421064f46477d979828f16822e4b598ceeae81e
tcn,electrode,29,bandpass_n20001_cLL_electrode_s10,phase2/results/predictions/full/electrode/tcn/seed_29/bandpass_n20001_cLL_electrode_s10.npz,76276,cb38b8628914680279bbed9c466481ecca49064386c44c3fc32b654d6667a689
tcn,electrode,29,bandpass_n20001_cLL_electrode_s5,phase2/results/predictions/full/electrode/tcn/seed_29/bandpass_n20001_cLL_electrode_s5.npz,76141,bb814bedcc98af653fcf9375e24ec31a5bf4c7d00118df006b5979ca2ee13782
tcn,electrode,29,bandpass_n20001_cLL_electrode_s0,phase2/results/predictions/full/electrode/tcn/seed_29/bandpass_n20001_cLL_electrode_s0.npz,75863,f8ab3e0ec09dccd2cb675cab87f372bfae1ddbe37bfaa7cf9d06dd8304415763
tcn,electrode,29,bandpass_n20001_cLL_covariance_s20,phase2/results/predictions/full/electrode/tcn/seed_29/bandpass_n20001_cLL_covariance_s20.npz,76357,4fef3c4589b97192bdbc9b608ace022b7db91f1cf3ca85eeb4917e23dda88aba
tcn,electrode,29,bandpass_n20001_cLL_covariance_s15,phase2/results/predictions/full/electrode/tcn/seed_29/bandpass_n20001_cLL_covariance_s15.npz,76350,191fe96c7cdacb6cef67a910b81358dddd70543584a62d2a4ef78074d648f9a4
tcn,electrode,29,bandpass_n20001_cLL_covariance_s10,phase2/results/predictions/full/electrode/tcn/seed_29/bandpass_n20001_cLL_covariance_s10.npz,76299,b15962552141eafb885dd082afa03a88b7a385efe9e8b8763b5aabd6fe905029
tcn,electrode,29,bandpass_n20001_cLL_covariance_s5,phase2/results/predictions/full/electrode/tcn/seed_29/bandpass_n20001_cLL_covariance_s5.npz,76180,4b4c9ae260fa9b1bc8c50adac52a91d40e46448811feb00f3e2e42fe08b5cb73
tcn,electrode,29,bandpass_n20001_cLL_covariance_s0,phase2/results/predictions/full/electrode/tcn/seed_29/bandpass_n20001_cLL_covariance_s0.npz,75854,ba67c4ac0acec353487f4390efbedf61fd3e9c30292682f3ed600b7d32ccf0e2
tcn,electrode,29,bandpass_n20001_cRA_V1_independent_rms_s20,phase2/results/predictions/full/electrode/tcn/seed_29/bandpass_n20001_cRA_V1_independent_rms_s20.npz,76381,fd5d8113fecceb53432144d2f85d29ada7d4b06bfffeda14b66bb4101d960176
tcn,electrode,29,bandpass_n20001_cRA_V1_independent_rms_s15,phase2/results/predictions/full/electrode/tcn/seed_29/bandpass_n20001_cRA_V1_independent_rms_s15.npz,76393,ab321042a702447f8aa1fb2d22402a7244ac72736d279820911a66ef2e9a9a52
tcn,electrode,29,bandpass_n20001_cRA_V1_independent_rms_s10,phase2/results/predictions/full/electrode/tcn/seed_29/bandpass_n20001_cRA_V1_independent_rms_s10.npz,76339,dbd0b2713851f715a4957c17c6961ebbd7e3deaedd857c85225f45531a13ff91
tcn,electrode,29,bandpass_n20001_cRA_V1_independent_rms_s5,phase2/results/predictions/full/electrode/tcn/seed_29/bandpass_n20001_cRA_V1_independent_rms_s5.npz,76244,de23f7464d57b21546607e1fdc1f4ab2da080c31f58707ba8b257e39f5f8dff5
tcn,electrode,29,bandpass_n20001_cRA_V1_independent_rms_s0,phase2/results/predictions/full/electrode/tcn/seed_29/bandpass_n20001_cRA_V1_independent_rms_s0.npz,75904,573ed1aab474bb5f8dfcccb297cb5e9c6758c0bf8b2dc3119ef10475e4a0f86f
tcn,electrode,29,bandpass_n20001_cRA_V1_electrode_s20,phase2/results/predictions/full/electrode/tcn/seed_29/bandpass_n20001_cRA_V1_electrode_s20.npz,76390,4ec37f2c0b74c5fac352676d21d7decf877ed73e4d43ba64ff7de8b307108a53
tcn,electrode,29,bandpass_n20001_cRA_V1_electrode_s15,phase2/results/predictions/full/electrode/tcn/seed_29/bandpass_n20001_cRA_V1_electrode_s15.npz,76332,6ea94f7bf20e0710b595152ab00e697e52dbf8e6504d37b55ed0830197a272c4
tcn,electrode,29,bandpass_n20001_cRA_V1_electrode_s10,phase2/results/predictions/full/electrode/tcn/seed_29/bandpass_n20001_cRA_V1_electrode_s10.npz,76276,6dbe68c05ebdf47a42e1110a17167320bae0b0d20e9f9e0e575eb7d28cb09185
tcn,electrode,29,bandpass_n20001_cRA_V1_electrode_s5,phase2/results/predictions/full/electrode/tcn/seed_29/bandpass_n20001_cRA_V1_electrode_s5.npz,76092,c877789d6d1e8dbf83bd771386853c580b5433d967672547f378bf3877741b10
tcn,electrode,29,bandpass_n20001_cRA_V1_electrode_s0,phase2/results/predictions/full/electrode/tcn/seed_29/bandpass_n20001_cRA_V1_electrode_s0.npz,75611,41125feea3c44cb0aaa839c2fd1179286b307ad683be13c324bd326768cc5761
tcn,electrode,29,bandpass_n20001_cRA_V1_covariance_s20,phase2/results/predictions/full/electrode/tcn/seed_29/bandpass_n20001_cRA_V1_covariance_s20.npz,76389,2e416878ee5491a7f9ddaf891f04272f3cb0b95360fa47027ef34e898cb0964c
tcn,electrode,29,bandpass_n20001_cRA_V1_covariance_s15,phase2/results/predictions/full/electrode/tcn/seed_29/bandpass_n20001_cRA_V1_covariance_s15.npz,76357,a4cd3f55b530693cb8f2b4351ee3838060b26c3fd854f693526806913ccb56be
tcn,electrode,29,bandpass_n20001_cRA_V1_covariance_s10,phase2/results/predictions/full/electrode/tcn/seed_29/bandpass_n20001_cRA_V1_covariance_s10.npz,76272,3de6fe8c90f18e08eae921d663efbd5d46b9391da31f1c5009a0adcbe5990932
tcn,electrode,29,bandpass_n20001_cRA_V1_covariance_s5,phase2/results/predictions/full/electrode/tcn/seed_29/bandpass_n20001_cRA_V1_covariance_s5.npz,76085,e1c4fcf733c677be2a1267bf3db5c18e7bc7a4f4197d16f32219ba5b1b95a89b
tcn,electrode,29,bandpass_n20001_cRA_V1_covariance_s0,phase2/results/predictions/full/electrode/tcn/seed_29/bandpass_n20001_cRA_V1_covariance_s0.npz,75576,0c88a081566f78f9790b0f2fa9ee9c36eda4e07d9b75c87fba42823bd7f0dd9e
tcn,electrode,29,bandpass_n20001_cLA_V6_independent_rms_s20,phase2/results/predictions/full/electrode/tcn/seed_29/bandpass_n20001_cLA_V6_independent_rms_s20.npz,76365,03e5c79398ac6b93d247058f3ba491533956a42d18c47bff98101196a2df5d26
tcn,electrode,29,bandpass_n20001_cLA_V6_independent_rms_s15,phase2/results/predictions/full/electrode/tcn/seed_29/bandpass_n20001_cLA_V6_independent_rms_s15.npz,76397,0ec60b58cc5150e0055689d4e9bf2cac35f3c2d74cac8c041a352196c0069556
tcn,electrode,29,bandpass_n20001_cLA_V6_independent_rms_s10,phase2/results/predictions/full/electrode/tcn/seed_29/bandpass_n20001_cLA_V6_independent_rms_s10.npz,76306,61f8a114cbf43fb8df7324a5dcb2e31f109c00cf79953015663481fc4576f288
tcn,electrode,29,bandpass_n20001_cLA_V6_independent_rms_s5,phase2/results/predictions/full/electrode/tcn/seed_29/bandpass_n20001_cLA_V6_independent_rms_s5.npz,76265,3b9412d46da53b7322da4cd2805fec1da16186f6b2f1011117013893e5e4207c
tcn,electrode,29,bandpass_n20001_cLA_V6_independent_rms_s0,phase2/results/predictions/full/electrode/tcn/seed_29/bandpass_n20001_cLA_V6_independent_rms_s0.npz,75949,f2c8e5988f50b3444fefad5ab3ecbe9eae109b6ebd0492431a1a993d1e2798b0
tcn,electrode,29,bandpass_n20001_cLA_V6_electrode_s20,phase2/results/predictions/full/electrode/tcn/seed_29/bandpass_n20001_cLA_V6_electrode_s20.npz,76349,e4f173740e5ae6574693d55f302abc974dd210d5bb1e6b344d3a7c73625d878b
tcn,electrode,29,bandpass_n20001_cLA_V6_electrode_s15,phase2/results/predictions/full/electrode/tcn/seed_29/bandpass_n20001_cLA_V6_electrode_s15.npz,76361,53b8de3c92b49a3ce7dff3e9de6f18d50e3320caade69d797e3d4bd5a457f4b2
tcn,electrode,29,bandpass_n20001_cLA_V6_electrode_s10,phase2/results/predictions/full/electrode/tcn/seed_29/bandpass_n20001_cLA_V6_electrode_s10.npz,76320,4a8b915d0eb54caf062496bfa442c10f5c3703ef7356e9720a239e8774857045
tcn,electrode,29,bandpass_n20001_cLA_V6_electrode_s5,phase2/results/predictions/full/electrode/tcn/seed_29/bandpass_n20001_cLA_V6_electrode_s5.npz,76182,afea91188497b0c3521d2ed5ee3bdeb93727b9bebadb8ed3b07568387c053ba8
tcn,electrode,29,bandpass_n20001_cLA_V6_electrode_s0,phase2/results/predictions/full/electrode/tcn/seed_29/bandpass_n20001_cLA_V6_electrode_s0.npz,75858,a950fc4c7d959ae221b5ecf2a7f3243dc7e3ae1f2ff3d1d37884fd1099e74e97
tcn,electrode,29,bandpass_n20001_cLA_V6_covariance_s20,phase2/results/predictions/full/electrode/tcn/seed_29/bandpass_n20001_cLA_V6_covariance_s20.npz,76367,46133904e5a609f43c9b22514a81f37d2a869cff4dc56ef3036baec46ed6c78c
tcn,electrode,29,bandpass_n20001_cLA_V6_covariance_s15,phase2/results/predictions/full/electrode/tcn/seed_29/bandpass_n20001_cLA_V6_covariance_s15.npz,76328,c9de6f8de887980567fcce82728552422439611eecb321e1d316d8f84a48d141
tcn,electrode,29,bandpass_n20001_cLA_V6_covariance_s10,phase2/results/predictions/full/electrode/tcn/seed_29/bandpass_n20001_cLA_V6_covariance_s10.npz,76305,469b64f80efbb8b6866c0b60199533a2ece6d5e57234f46017a3fc76018dd025
tcn,electrode,29,bandpass_n20001_cLA_V6_covariance_s5,phase2/results/predictions/full/electrode/tcn/seed_29/bandpass_n20001_cLA_V6_covariance_s5.npz,76187,a4e8a896f744410fa3fd83305caead67e6ed3f8d4865ab4147c82f67a21a3af7
tcn,electrode,29,bandpass_n20001_cLA_V6_covariance_s0,phase2/results/predictions/full/electrode/tcn/seed_29/bandpass_n20001_cLA_V6_covariance_s0.npz,75910,e071a3b634b4ef893753633f089914bba6dcdb4a52eaef9f49c89c78233a5caa
tcn,electrode,29,bandpass_n20001_cLL_V4_independent_rms_s20,phase2/results/predictions/full/electrode/tcn/seed_29/bandpass_n20001_cLL_V4_independent_rms_s20.npz,76357,d707ae148e734c688714bcd501a34f981cda91ee2f1363b867df81de369ec230
tcn,electrode,29,bandpass_n20001_cLL_V4_independent_rms_s15,phase2/results/predictions/full/electrode/tcn/seed_29/bandpass_n20001_cLL_V4_independent_rms_s15.npz,76390,b514a647095c9262f6ee0826201f25c9ed59b97c3cb0eee54a7f8f4948db6182
tcn,electrode,29,bandpass_n20001_cLL_V4_independent_rms_s10,phase2/results/predictions/full/electrode/tcn/seed_29/bandpass_n20001_cLL_V4_independent_rms_s10.npz,76359,d3601096b9bcdb08b4bfdf3035bf57080bf13f7526d99bbe3a03dc34da774250
tcn,electrode,29,bandpass_n20001_cLL_V4_independent_rms_s5,phase2/results/predictions/full/electrode/tcn/seed_29/bandpass_n20001_cLL_V4_independent_rms_s5.npz,76235,1a307dd60329662d631060cb103735575f90462fa315e80cf95adb09517279e9
tcn,electrode,29,bandpass_n20001_cLL_V4_independent_rms_s0,phase2/results/predictions/full/electrode/tcn/seed_29/bandpass_n20001_cLL_V4_independent_rms_s0.npz,76003,6e75434045a6e4c0c17725a53485ca68b1d17ee3f1200cd1819ced1710667b19
tcn,electrode,29,bandpass_n20001_cLL_V4_electrode_s20,phase2/results/predictions/full/electrode/tcn/seed_29/bandpass_n20001_cLL_V4_electrode_s20.npz,76401,0c2c62bb28ae10df2a117fa284e7a5306924345f8a83489b4a118a17005cf246
tcn,electrode,29,bandpass_n20001_cLL_V4_electrode_s15,phase2/results/predictions/full/electrode/tcn/seed_29/bandpass_n20001_cLL_V4_electrode_s15.npz,76367,1606a3e5ed641b8de6d1909212b595deef6d5791114334db2ccfe7de9222531e
tcn,electrode,29,bandpass_n20001_cLL_V4_electrode_s10,phase2/results/predictions/full/electrode/tcn/seed_29/bandpass_n20001_cLL_V4_electrode_s10.npz,76318,0beb2b6d7b5e604163e2e3a80bb764cc692876a3b51a913aab4de25c15ca52d1
tcn,electrode,29,bandpass_n20001_cLL_V4_electrode_s5,phase2/results/predictions/full/electrode/tcn/seed_29/bandpass_n20001_cLL_V4_electrode_s5.npz,76206,01329c322776c147b50705af5b9b0eee986536c0fbf69536c121fd8f3754afdf
tcn,electrode,29,bandpass_n20001_cLL_V4_electrode_s0,phase2/results/predictions/full/electrode/tcn/seed_29/bandpass_n20001_cLL_V4_electrode_s0.npz,75881,8da6218a0a7f63658462f53dc3d8f7e1ff55b5265c5fa492d9775a2175f34aa7
tcn,electrode,29,bandpass_n20001_cLL_V4_covariance_s20,phase2/results/predictions/full/electrode/tcn/seed_29/bandpass_n20001_cLL_V4_covariance_s20.npz,76397,727fea5c3a119ebf6acffa1a21fd16193577fb8559a00d02808ce721d6f3ab1c
tcn,electrode,29,bandpass_n20001_cLL_V4_covariance_s15,phase2/results/predictions/full/electrode/tcn/seed_29/bandpass_n20001_cLL_V4_covariance_s15.npz,76380,d3740d1c498df58b3692a3fcad60aa66d7054cbaf794475dbee36dbf45206894
tcn,electrode,29,bandpass_n20001_cLL_V4_covariance_s10,phase2/results/predictions/full/electrode/tcn/seed_29/bandpass_n20001_cLL_V4_covariance_s10.npz,76339,9d51006d5be254137c39a2b6092d943cd505a4ee8f2887c284062e0201a8bb00
tcn,electrode,29,bandpass_n20001_cLL_V4_covariance_s5,phase2/results/predictions/full/electrode/tcn/seed_29/bandpass_n20001_cLL_V4_covariance_s5.npz,76216,b9bfc1710ba9c33ee37f341c9f19c3360ff12a24e3c6c828ee6f9ed4b279087d
tcn,electrode,29,bandpass_n20001_cLL_V4_covariance_s0,phase2/results/predictions/full/electrode/tcn/seed_29/bandpass_n20001_cLL_V4_covariance_s0.npz,75904,19b8976e20e15c9d6a90aee8d90250b126cecb617a8bfb6c55087306cf5f1229
tcn,electrode,29,bandpass_n20001_cRA_LA_V1_V6_independent_rms_s20,phase2/results/predictions/full/electrode/tcn/seed_29/bandpass_n20001_cRA_LA_V1_V6_independent_rms_s20.npz,76391,12761839753f41b17b7e0a84086e67d291fa58714061633950a239ed669701c9
tcn,electrode,29,bandpass_n20001_cRA_LA_V1_V6_independent_rms_s15,phase2/results/predictions/full/electrode/tcn/seed_29/bandpass_n20001_cRA_LA_V1_V6_independent_rms_s15.npz,76391,801580dc1342f10c974eb77344e1c8c84675006a7de3ac0b43a9b477dbe72c7f
tcn,electrode,29,bandpass_n20001_cRA_LA_V1_V6_independent_rms_s10,phase2/results/predictions/full/electrode/tcn/seed_29/bandpass_n20001_cRA_LA_V1_V6_independent_rms_s10.npz,76387,830709ac80b5d0171b8c8aa5b3d1fcc1ce6a512024bc608c33c666a145b01b02
tcn,electrode,29,bandpass_n20001_cRA_LA_V1_V6_independent_rms_s5,phase2/results/predictions/full/electrode/tcn/seed_29/bandpass_n20001_cRA_LA_V1_V6_independent_rms_s5.npz,76273,7267ac5e517b6d27e020475bbb7ca40aa19343b947f52facdccfd13ee0bfbfa8
tcn,electrode,29,bandpass_n20001_cRA_LA_V1_V6_independent_rms_s0,phase2/results/predictions/full/electrode/tcn/seed_29/bandpass_n20001_cRA_LA_V1_V6_independent_rms_s0.npz,75911,6565524c3503240b24da8f5b7f0c3fde14e7fedbe14091addb36c28d4d125945
tcn,electrode,29,bandpass_n20001_cRA_LA_V1_V6_electrode_s20,phase2/results/predictions/full/electrode/tcn/seed_29/bandpass_n20001_cRA_LA_V1_V6_electrode_s20.npz,76370,7e2f343547b96bc1217f0b95d88a89188f3ebb79de62f45f77905d9c4526330e
tcn,electrode,29,bandpass_n20001_cRA_LA_V1_V6_electrode_s15,phase2/results/predictions/full/electrode/tcn/seed_29/bandpass_n20001_cRA_LA_V1_V6_electrode_s15.npz,76363,8d1235a568ced6178fa7a9cda2ff03cea2438cdf5eb83c2a1d06338ded92e848
tcn,electrode,29,bandpass_n20001_cRA_LA_V1_V6_electrode_s10,phase2/results/predictions/full/electrode/tcn/seed_29/bandpass_n20001_cRA_LA_V1_V6_electrode_s10.npz,76309,bfeac324e162001f4f3b0c133a0221b95a971c5eee735475dca076ea77e5bc3b
tcn,electrode,29,bandpass_n20001_cRA_LA_V1_V6_electrode_s5,phase2/results/predictions/full/electrode/tcn/seed_29/bandpass_n20001_cRA_LA_V1_V6_electrode_s5.npz,76191,94a540f8c426e5799494e402b3421394abafe38bf4e699d6f04a6b3975f64b24
tcn,electrode,29,bandpass_n20001_cRA_LA_V1_V6_electrode_s0,phase2/results/predictions/full/electrode/tcn/seed_29/bandpass_n20001_cRA_LA_V1_V6_electrode_s0.npz,75714,3e2444fc9514b1aac38edd7148d17b9038dc76dc3a98e006ae630f42c4710993
tcn,electrode,29,bandpass_n20001_cRA_LA_V1_V6_covariance_s20,phase2/results/predictions/full/electrode/tcn/seed_29/bandpass_n20001_cRA_LA_V1_V6_covariance_s20.npz,76369,71164bf2a4b324dd13c0a894ace05bf74113e2fee035fab66b94454ce317efab
tcn,electrode,29,bandpass_n20001_cRA_LA_V1_V6_covariance_s15,phase2/results/predictions/full/electrode/tcn/seed_29/bandpass_n20001_cRA_LA_V1_V6_covariance_s15.npz,76383,08ef2fc4c6d543201c8e13fd2e548cb6f6cdcf8993e81b69c79517746ae420e9
tcn,electrode,29,bandpass_n20001_cRA_LA_V1_V6_covariance_s10,phase2/results/predictions/full/electrode/tcn/seed_29/bandpass_n20001_cRA_LA_V1_V6_covariance_s10.npz,76313,03c1e3705655341f647e0e5d74a191e0c98d8e7dd685262d6be8c7d97649d11d
tcn,electrode,29,bandpass_n20001_cRA_LA_V1_V6_covariance_s5,phase2/results/predictions/full/electrode/tcn/seed_29/bandpass_n20001_cRA_LA_V1_V6_covariance_s5.npz,76168,6341c859ab31a2d48604e7dc61fbe797d17092d1efc87303cc9e58f47bfdd717
tcn,electrode,29,bandpass_n20001_cRA_LA_V1_V6_covariance_s0,phase2/results/predictions/full/electrode/tcn/seed_29/bandpass_n20001_cRA_LA_V1_V6_covariance_s0.npz,75757,b8e3990727790397fe22c69ab1370f62e3545bd7039c33de491673ecf83a06a0
tcn,electrode,29,bandpass_n20001_cRA_V2_V5_independent_rms_s20,phase2/results/predictions/full/electrode/tcn/seed_29/bandpass_n20001_cRA_V2_V5_independent_rms_s20.npz,76406,25302aa3516af555db507698bac3c8e2a2a07d34c7576a82a7f8c652cde35e38
tcn,electrode,29,bandpass_n20001_cRA_V2_V5_independent_rms_s15,phase2/results/predictions/full/electrode/tcn/seed_29/bandpass_n20001_cRA_V2_V5_independent_rms_s15.npz,76384,47e65b1d67a0a27aa7179091229acbfcceaadc1fdeb1336d7d9ddee1733b564b
tcn,electrode,29,bandpass_n20001_cRA_V2_V5_independent_rms_s10,phase2/results/predictions/full/electrode/tcn/seed_29/bandpass_n20001_cRA_V2_V5_independent_rms_s10.npz,76326,b5c926e505e8caed7cb73fbb03fd5e95a275b691271f3e96f9a434e9935c0be8
tcn,electrode,29,bandpass_n20001_cRA_V2_V5_independent_rms_s5,phase2/results/predictions/full/electrode/tcn/seed_29/bandpass_n20001_cRA_V2_V5_independent_rms_s5.npz,76247,09ddb72075d77ffa053ef6100bcca4eabee142d32bf47fbdc8e8ae8226f6b29d
tcn,electrode,29,bandpass_n20001_cRA_V2_V5_independent_rms_s0,phase2/results/predictions/full/electrode/tcn/seed_29/bandpass_n20001_cRA_V2_V5_independent_rms_s0.npz,75950,bae1411c86fe7b5236a94ebf5e8c9d13dd5bde70fd4f174a2bd7df26314064dd
tcn,electrode,29,bandpass_n20001_cRA_V2_V5_electrode_s20,phase2/results/predictions/full/electrode/tcn/seed_29/bandpass_n20001_cRA_V2_V5_electrode_s20.npz,76362,b396251b953d69c733ec3b33ff0aa8b79822bb8f2751f0394caeee2bc3e42b06
tcn,electrode,29,bandpass_n20001_cRA_V2_V5_electrode_s15,phase2/results/predictions/full/electrode/tcn/seed_29/bandpass_n20001_cRA_V2_V5_electrode_s15.npz,76380,5ecbb5814c7034bed059a8169416db41202e78d8d463a75afe166cc946ca8ed0
tcn,electrode,29,bandpass_n20001_cRA_V2_V5_electrode_s10,phase2/results/predictions/full/electrode/tcn/seed_29/bandpass_n20001_cRA_V2_V5_electrode_s10.npz,76292,5c5427f73067920f982aace1373bbaf5dedc9746c3790b373bccd489f4ebd219
tcn,electrode,29,bandpass_n20001_cRA_V2_V5_electrode_s5,phase2/results/predictions/full/electrode/tcn/seed_29/bandpass_n20001_cRA_V2_V5_electrode_s5.npz,76154,de45370212480e91e07fb9d776040bdf2fabbd0dc2ff180e5029b68e77216aab
tcn,electrode,29,bandpass_n20001_cRA_V2_V5_electrode_s0,phase2/results/predictions/full/electrode/tcn/seed_29/bandpass_n20001_cRA_V2_V5_electrode_s0.npz,75742,6f5d26ea90cbcf1ad18288cbea1d46b251b90a8c9d5111e437008d58cfa9256b
tcn,electrode,29,bandpass_n20001_cRA_V2_V5_covariance_s20,phase2/results/predictions/full/electrode/tcn/seed_29/bandpass_n20001_cRA_V2_V5_covariance_s20.npz,76378,92e39f51ab954817d8f35731af995676469062b118ed0a3a916eafd610bc77b1
tcn,electrode,29,bandpass_n20001_cRA_V2_V5_covariance_s15,phase2/results/predictions/full/electrode/tcn/seed_29/bandpass_n20001_cRA_V2_V5_covariance_s15.npz,76382,4cb03ea2b8f1abbb9ffb73a36e76917f9d4a7a0974711f2219f3fb5ac09f25b5
tcn,electrode,29,bandpass_n20001_cRA_V2_V5_covariance_s10,phase2/results/predictions/full/electrode/tcn/seed_29/bandpass_n20001_cRA_V2_V5_covariance_s10.npz,76322,d853f446cf0d6b71b497b196500866d2ed5e0d0264f07be81cd5a60358f45e47
tcn,electrode,29,bandpass_n20001_cRA_V2_V5_covariance_s5,phase2/results/predictions/full/electrode/tcn/seed_29/bandpass_n20001_cRA_V2_V5_covariance_s5.npz,76139,773cb597162ebda6364abf6b3fa93a822330c261d40e8f0dc901348be8f3b946
tcn,electrode,29,bandpass_n20001_cRA_V2_V5_covariance_s0,phase2/results/predictions/full/electrode/tcn/seed_29/bandpass_n20001_cRA_V2_V5_covariance_s0.npz,75749,48221381212cd11d70facdd2ab00f499e91422053f07e159d2195cf9bd97f01b
tcn,electrode,29,bandpass_n20001_cLA_V3_V6_independent_rms_s20,phase2/results/predictions/full/electrode/tcn/seed_29/bandpass_n20001_cLA_V3_V6_independent_rms_s20.npz,76407,777a063f7fc7fc4d8b8dc3d2d4177362f27678ad3eb3187b94078c57b2f0b538
tcn,electrode,29,bandpass_n20001_cLA_V3_V6_independent_rms_s15,phase2/results/predictions/full/electrode/tcn/seed_29/bandpass_n20001_cLA_V3_V6_independent_rms_s15.npz,76384,e23ef8c76cd640325fc3611d8cd250ebbe377d3d6d5d3102b715a7c874054301
tcn,electrode,29,bandpass_n20001_cLA_V3_V6_independent_rms_s10,phase2/results/predictions/full/electrode/tcn/seed_29/bandpass_n20001_cLA_V3_V6_independent_rms_s10.npz,76356,3778ac8cb764db30582eb898bb7541ad6c4fbf90beba9ec2a2ea6de1817cd23f
tcn,electrode,29,bandpass_n20001_cLA_V3_V6_independent_rms_s5,phase2/results/predictions/full/electrode/tcn/seed_29/bandpass_n20001_cLA_V3_V6_independent_rms_s5.npz,76239,af1c4f928240278d511b7a0a16321f5329ba045aaa7fb251f99905a2f90b10ff
tcn,electrode,29,bandpass_n20001_cLA_V3_V6_independent_rms_s0,phase2/results/predictions/full/electrode/tcn/seed_29/bandpass_n20001_cLA_V3_V6_independent_rms_s0.npz,75978,4c494d6076e1bf134e255541a374a102c57f6ea7abd5966ce8b1485868ea5b5b
tcn,electrode,29,bandpass_n20001_cLA_V3_V6_electrode_s20,phase2/results/predictions/full/electrode/tcn/seed_29/bandpass_n20001_cLA_V3_V6_electrode_s20.npz,76366,c7ead4f6a185949fd2df12ff2cc3ec9bfa94c28d082863a59286a60be81bc828
tcn,electrode,29,bandpass_n20001_cLA_V3_V6_electrode_s15,phase2/results/predictions/full/electrode/tcn/seed_29/bandpass_n20001_cLA_V3_V6_electrode_s15.npz,76399,36f6236c7e8b49d02861150fab0bda5078979cb6e005633e5ccc298b875a0841
tcn,electrode,29,bandpass_n20001_cLA_V3_V6_electrode_s10,phase2/results/predictions/full/electrode/tcn/seed_29/bandpass_n20001_cLA_V3_V6_electrode_s10.npz,76337,b0ec44eff42548fec92f5cceabad9f7229db9829a1912b4164ca4a897d8ae6ef
tcn,electrode,29,bandpass_n20001_cLA_V3_V6_electrode_s5,phase2/results/predictions/full/electrode/tcn/seed_29/bandpass_n20001_cLA_V3_V6_electrode_s5.npz,76211,7612c7dda46613e142fdefd8c545596785962dcea9d8da55cc679e374b328350
tcn,electrode,29,bandpass_n20001_cLA_V3_V6_electrode_s0,phase2/results/predictions/full/electrode/tcn/seed_29/bandpass_n20001_cLA_V3_V6_electrode_s0.npz,75885,6c51cc23a3574d9f28af5b0bc1b3e6318fa1c02a6e63daf9b65f52c8c5832d91
tcn,electrode,29,bandpass_n20001_cLA_V3_V6_covariance_s20,phase2/results/predictions/full/electrode/tcn/seed_29/bandpass_n20001_cLA_V3_V6_covariance_s20.npz,76385,50233a07d9593f8edc150496ad6cf25d2e30ed23107b92dfd872e63b57f25efb
tcn,electrode,29,bandpass_n20001_cLA_V3_V6_covariance_s15,phase2/results/predictions/full/electrode/tcn/seed_29/bandpass_n20001_cLA_V3_V6_covariance_s15.npz,76383,a3de887fd73e58a01579f6b1e4dae2207bb60bfd033a79f8379da9d43f9d557f
tcn,electrode,29,bandpass_n20001_cLA_V3_V6_covariance_s10,phase2/results/predictions/full/electrode/tcn/seed_29/bandpass_n20001_cLA_V3_V6_covariance_s10.npz,76325,f74d2f60d9368602e6307f72b6a3fc92d0abd78eeef058dc020b225786191a69
tcn,electrode,29,bandpass_n20001_cLA_V3_V6_covariance_s5,phase2/results/predictions/full/electrode/tcn/seed_29/bandpass_n20001_cLA_V3_V6_covariance_s5.npz,76219,8e8008829655d8453df5035ba81a6cd719784699dff37fa7d1ed7489060cac8d
tcn,electrode,29,bandpass_n20001_cLA_V3_V6_covariance_s0,phase2/results/predictions/full/electrode/tcn/seed_29/bandpass_n20001_cLA_V3_V6_covariance_s0.npz,75928,92d2d038eb55554355e478e987654f3343ff643d40dc117f6dbe136febb4c509
tcn,electrode,29,bandpass_n20001_cLL_V1_V4_independent_rms_s20,phase2/results/predictions/full/electrode/tcn/seed_29/bandpass_n20001_cLL_V1_V4_independent_rms_s20.npz,76401,afd39a9d83d0994a1f96fe27ecd02cd1d46c7df11e18e774f3c488113af44850
tcn,electrode,29,bandpass_n20001_cLL_V1_V4_independent_rms_s15,phase2/results/predictions/full/electrode/tcn/seed_29/bandpass_n20001_cLL_V1_V4_independent_rms_s15.npz,76364,1d7935ed29832637f50c09c87b4ef2a5e6d1effe86881b7c170d26b87ffb2ace
tcn,electrode,29,bandpass_n20001_cLL_V1_V4_independent_rms_s10,phase2/results/predictions/full/electrode/tcn/seed_29/bandpass_n20001_cLL_V1_V4_independent_rms_s10.npz,76331,55d6f03058b7c23f58cb4891e053ae87b82fc649370ead7497759000d39e9dda
tcn,electrode,29,bandpass_n20001_cLL_V1_V4_independent_rms_s5,phase2/results/predictions/full/electrode/tcn/seed_29/bandpass_n20001_cLL_V1_V4_independent_rms_s5.npz,76271,df6c35e2370ab810eee8f8867a1ab1866d89254726abec874252ee4e036d28b9
tcn,electrode,29,bandpass_n20001_cLL_V1_V4_independent_rms_s0,phase2/results/predictions/full/electrode/tcn/seed_29/bandpass_n20001_cLL_V1_V4_independent_rms_s0.npz,75945,5aaa36b2958ca8e7b762599dd3f45ba25a0493627384094eb48f78851a093642
tcn,electrode,29,bandpass_n20001_cLL_V1_V4_electrode_s20,phase2/results/predictions/full/electrode/tcn/seed_29/bandpass_n20001_cLL_V1_V4_electrode_s20.npz,76376,a05c709c686e915c5822b286c4c15942a56ea5d630dda4388216cfbd2d85690f
tcn,electrode,29,bandpass_n20001_cLL_V1_V4_electrode_s15,phase2/results/predictions/full/electrode/tcn/seed_29/bandpass_n20001_cLL_V1_V4_electrode_s15.npz,76382,ded35b6149276ef3f2a4433854d84f9315c2f5a2a62a8321e7960ce163358dd5
tcn,electrode,29,bandpass_n20001_cLL_V1_V4_electrode_s10,phase2/results/predictions/full/electrode/tcn/seed_29/bandpass_n20001_cLL_V1_V4_electrode_s10.npz,76328,dfe75a5686477b56d71d1a17e254988a91cdfc5465b3ddd701023eb2a1254014
tcn,electrode,29,bandpass_n20001_cLL_V1_V4_electrode_s5,phase2/results/predictions/full/electrode/tcn/seed_29/bandpass_n20001_cLL_V1_V4_electrode_s5.npz,76216,691f3a36ae6002f4098f9417db8ea2ace708933f7d49719dc918e39f17704035
tcn,electrode,29,bandpass_n20001_cLL_V1_V4_electrode_s0,phase2/results/predictions/full/electrode/tcn/seed_29/bandpass_n20001_cLL_V1_V4_electrode_s0.npz,75887,76916a86f96508c8be6d43136fbec6be7a1d3478a126f11da605103d7e0f5a81
tcn,electrode,29,bandpass_n20001_cLL_V1_V4_covariance_s20,phase2/results/predictions/full/electrode/tcn/seed_29/bandpass_n20001_cLL_V1_V4_covariance_s20.npz,76381,e3d0239183628533ef3aaf7988134e56b4e12fdb5b6e5edf34f78a3f3e822fed
tcn,electrode,29,bandpass_n20001_cLL_V1_V4_covariance_s15,phase2/results/predictions/full/electrode/tcn/seed_29/bandpass_n20001_cLL_V1_V4_covariance_s15.npz,76350,93306758252e7bec81d8bde929199b65cbdf255a036803e52ce330611fb27b7e
tcn,electrode,29,bandpass_n20001_cLL_V1_V4_covariance_s10,phase2/results/predictions/full/electrode/tcn/seed_29/bandpass_n20001_cLL_V1_V4_covariance_s10.npz,76347,09faacccf1e3056e802746a31eae6320a1294f931074be61f51c934f91dd1ed4
tcn,electrode,29,bandpass_n20001_cLL_V1_V4_covariance_s5,phase2/results/predictions/full/electrode/tcn/seed_29/bandpass_n20001_cLL_V1_V4_covariance_s5.npz,76186,4a0e2685321249fdcdfb77d87775b42229402f9879fb5343caadd2d592c506df
tcn,electrode,29,bandpass_n20001_cLL_V1_V4_covariance_s0,phase2/results/predictions/full/electrode/tcn/seed_29/bandpass_n20001_cLL_V1_V4_covariance_s0.npz,75874,6ff9d24f0b47102f418ccde1fab0bc0b21c3a49bc1feedaaa47e5e76c2dae5e9
tcn,electrode,29,bandpass_n20001_call_independent_rms_s20,phase2/results/predictions/full/electrode/tcn/seed_29/bandpass_n20001_call_independent_rms_s20.npz,76378,93eaf1535811de8e817a239cbd6462f42a1e236aeb686db56d0d287d40967f17
tcn,electrode,29,bandpass_n20001_call_independent_rms_s15,phase2/results/predictions/full/electrode/tcn/seed_29/bandpass_n20001_call_independent_rms_s15.npz,76327,2547374765f0d96d48827f9f81528d6cacdc86a2182caeaa214190d9dfe79d5b
tcn,electrode,29,bandpass_n20001_call_independent_rms_s10,phase2/results/predictions/full/electrode/tcn/seed_29/bandpass_n20001_call_independent_rms_s10.npz,76314,7a16d6de1601c0aa7e3bea8628a15e120a336f0e23a767030528c370bc4fb15f
tcn,electrode,29,bandpass_n20001_call_independent_rms_s5,phase2/results/predictions/full/electrode/tcn/seed_29/bandpass_n20001_call_independent_rms_s5.npz,76249,fa259c29a023abc1103c30366cfa80c5bdfad05886b113be1c88044f87faed07
tcn,electrode,29,bandpass_n20001_call_independent_rms_s0,phase2/results/predictions/full/electrode/tcn/seed_29/bandpass_n20001_call_independent_rms_s0.npz,75933,446060365d1aafb2316b4e476ca55f8e67a0e3dee747e1cabf0236cf793b24b6
tcn,electrode,29,bandpass_n20001_call_electrode_s20,phase2/results/predictions/full/electrode/tcn/seed_29/bandpass_n20001_call_electrode_s20.npz,76337,26be1411beaa19ffbacc81c81c9a2a782f1545392ef3686e5829c3a04b864af4
tcn,electrode,29,bandpass_n20001_call_electrode_s15,phase2/results/predictions/full/electrode/tcn/seed_29/bandpass_n20001_call_electrode_s15.npz,76330,bd612651555bce9e4c5afa2a67f49aca657578d591b1064d00430e2efbd5f354
tcn,electrode,29,bandpass_n20001_call_electrode_s10,phase2/results/predictions/full/electrode/tcn/seed_29/bandpass_n20001_call_electrode_s10.npz,76309,0cc5caa4278a367a24391296e37fae243178a7da528ed66784424c26c9e8584c
tcn,electrode,29,bandpass_n20001_call_electrode_s5,phase2/results/predictions/full/electrode/tcn/seed_29/bandpass_n20001_call_electrode_s5.npz,76167,916700c3133f08f4870567115e3c52b5fb662375280d29a3feb4212957b761bb
tcn,electrode,29,bandpass_n20001_call_electrode_s0,phase2/results/predictions/full/electrode/tcn/seed_29/bandpass_n20001_call_electrode_s0.npz,75772,3c2549e1729814a070df50fbf683da33e924439e16300a74b6fd035933fc6af8
tcn,electrode,29,bandpass_n20001_call_covariance_s20,phase2/results/predictions/full/electrode/tcn/seed_29/bandpass_n20001_call_covariance_s20.npz,76344,fdb5d298356de17017b27bea9e7df8d212efeeeebebec3b228d68ef1e1af0283
tcn,electrode,29,bandpass_n20001_call_covariance_s15,phase2/results/predictions/full/electrode/tcn/seed_29/bandpass_n20001_call_covariance_s15.npz,76367,ff719ad11b8ccd46d5875e659622c129040b6905428de60448335686955f51d5
tcn,electrode,29,bandpass_n20001_call_covariance_s10,phase2/results/predictions/full/electrode/tcn/seed_29/bandpass_n20001_call_covariance_s10.npz,76296,7f91b17048a7b388b0345ca314fb3f2f58c34c1f4081040f70524b4ef89236db
tcn,electrode,29,bandpass_n20001_call_covariance_s5,phase2/results/predictions/full/electrode/tcn/seed_29/bandpass_n20001_call_covariance_s5.npz,76155,2b82ade69d53012b3b5dd0fdbb64215811d822a513457a3567ffabe3b6af858f
tcn,electrode,29,bandpass_n20001_call_covariance_s0,phase2/results/predictions/full/electrode/tcn/seed_29/bandpass_n20001_call_covariance_s0.npz,75819,a9879a588100c6419d6299d68c171b75d4602a8faba7e626dbf7208dc28754cb
tcn,electrode,29,bandpass_n20002_cRA_LA_LL_independent_rms_s20,phase2/results/predictions/full/electrode/tcn/seed_29/bandpass_n20002_cRA_LA_LL_independent_rms_s20.npz,76422,088d0cf68dc48846d95c60e6f81d85c1886bb701adf373e445587a7228cc3085
tcn,electrode,29,bandpass_n20002_cRA_LA_LL_independent_rms_s15,phase2/results/predictions/full/electrode/tcn/seed_29/bandpass_n20002_cRA_LA_LL_independent_rms_s15.npz,76390,8f4596a63779f23099d8c851a02584e251837c9dbb0b438a36cda8e94ea8e640
tcn,electrode,29,bandpass_n20002_cRA_LA_LL_independent_rms_s10,phase2/results/predictions/full/electrode/tcn/seed_29/bandpass_n20002_cRA_LA_LL_independent_rms_s10.npz,76330,c0f38a218010904a508522fc38146dfc89539b09ec6770bbe54d3c07bfc9fccb
tcn,electrode,29,bandpass_n20002_cRA_LA_LL_independent_rms_s5,phase2/results/predictions/full/electrode/tcn/seed_29/bandpass_n20002_cRA_LA_LL_independent_rms_s5.npz,76235,f92378a82ade4f3d408d82c7f97be1dcf9833347e3c441052957586c6e21480f
tcn,electrode,29,bandpass_n20002_cRA_LA_LL_independent_rms_s0,phase2/results/predictions/full/electrode/tcn/seed_29/bandpass_n20002_cRA_LA_LL_independent_rms_s0.npz,75966,4c9a4b965a17ccf645ddfbeb662d088b1931985d496a01ad2b685144c792f801
tcn,electrode,29,bandpass_n20002_cRA_LA_LL_electrode_s20,phase2/results/predictions/full/electrode/tcn/seed_29/bandpass_n20002_cRA_LA_LL_electrode_s20.npz,76363,57bbdfdd163ec3221e36e40852de2e914f962c346462e865a55ce06d73f91ffc
tcn,electrode,29,bandpass_n20002_cRA_LA_LL_electrode_s15,phase2/results/predictions/full/electrode/tcn/seed_29/bandpass_n20002_cRA_LA_LL_electrode_s15.npz,76345,6b07f3146baa81987f431c75ff3b532effd4ae2b654aa36271e95ff720354155
tcn,electrode,29,bandpass_n20002_cRA_LA_LL_electrode_s10,phase2/results/predictions/full/electrode/tcn/seed_29/bandpass_n20002_cRA_LA_LL_electrode_s10.npz,76274,aa6bef6d9a4d30dfca3c53c8d5534914e0e6d08e385b7bb5a11a712faa6d180b
tcn,electrode,29,bandpass_n20002_cRA_LA_LL_electrode_s5,phase2/results/predictions/full/electrode/tcn/seed_29/bandpass_n20002_cRA_LA_LL_electrode_s5.npz,76180,b30a8df816388bca3a89c8fd8c8634a85384fdab491d63da49c74a9e7b6b87bf
tcn,electrode,29,bandpass_n20002_cRA_LA_LL_electrode_s0,phase2/results/predictions/full/electrode/tcn/seed_29/bandpass_n20002_cRA_LA_LL_electrode_s0.npz,75708,227143b9a89e4bb1bd6c8ced7e4073e1440eccc4b8cf6a5d30f8b7aab83a0d5e
tcn,electrode,29,bandpass_n20002_cRA_LA_LL_covariance_s20,phase2/results/predictions/full/electrode/tcn/seed_29/bandpass_n20002_cRA_LA_LL_covariance_s20.npz,76375,d1bd2e0363b587439ba0ed017de04b9f43c98ba5041bf1e1d50c4c9f1774dd88
tcn,electrode,29,bandpass_n20002_cRA_LA_LL_covariance_s15,phase2/results/predictions/full/electrode/tcn/seed_29/bandpass_n20002_cRA_LA_LL_covariance_s15.npz,76351,6689d91dcb2cd898d06218e23c17b9573e5eeb6f87d0a97d1852b5e49d880e03
tcn,electrode,29,bandpass_n20002_cRA_LA_LL_covariance_s10,phase2/results/predictions/full/electrode/tcn/seed_29/bandpass_n20002_cRA_LA_LL_covariance_s10.npz,76300,dbd0db910824b650f70a51a9db34586769eb5fb0af968d2a6f0e7c2adf158b59
tcn,electrode,29,bandpass_n20002_cRA_LA_LL_covariance_s5,phase2/results/predictions/full/electrode/tcn/seed_29/bandpass_n20002_cRA_LA_LL_covariance_s5.npz,76143,a5eba1fcab86b9e2ad70fa882762c07fdcc32296b510ea86a98813a8d2b029b6
tcn,electrode,29,bandpass_n20002_cRA_LA_LL_covariance_s0,phase2/results/predictions/full/electrode/tcn/seed_29/bandpass_n20002_cRA_LA_LL_covariance_s0.npz,75741,b8641a241141cc623bdea0e3dfc4889e25c84f5ac7a3e8cc4b18154299ebea53
tcn,electrode,29,bandpass_n20002_cV1_independent_rms_s20,phase2/results/predictions/full/electrode/tcn/seed_29/bandpass_n20002_cV1_independent_rms_s20.npz,76399,ce94347ca4bb9d9643fa64bc5da0cea8bbb7ea42e42ffe312255ee207c4267f5
tcn,electrode,29,bandpass_n20002_cV1_independent_rms_s15,phase2/results/predictions/full/electrode/tcn/seed_29/bandpass_n20002_cV1_independent_rms_s15.npz,76391,ea0f3940e3f4c5084c0ab958db447f09b07d310178efdda635d83ec2895315d0
tcn,electrode,29,bandpass_n20002_cV1_independent_rms_s10,phase2/results/predictions/full/electrode/tcn/seed_29/bandpass_n20002_cV1_independent_rms_s10.npz,76303,6a6fe1b1575487ed4fc87c3272fc30ee969a5eba8d432761338f6bd4b9c5b618
tcn,electrode,29,bandpass_n20002_cV1_independent_rms_s5,phase2/results/predictions/full/electrode/tcn/seed_29/bandpass_n20002_cV1_independent_rms_s5.npz,76176,55c5ff346a27544223e3eae6c03cf753f3b94e91115315424ba43b42444d8852
tcn,electrode,29,bandpass_n20002_cV1_independent_rms_s0,phase2/results/predictions/full/electrode/tcn/seed_29/bandpass_n20002_cV1_independent_rms_s0.npz,75840,a5bc8b00749f15b289c71ea9adcaad89fac34ec3d54ea0bb7422e526de44677c
tcn,electrode,29,bandpass_n20002_cV1_electrode_s20,phase2/results/predictions/full/electrode/tcn/seed_29/bandpass_n20002_cV1_electrode_s20.npz,76339,3f1d62ecb3e09fc7782ddf95cbd6dbf9c5f8d5bd7d0876db4b20ce9dd0fdf37f
tcn,electrode,29,bandpass_n20002_cV1_electrode_s15,phase2/results/predictions/full/electrode/tcn/seed_29/bandpass_n20002_cV1_electrode_s15.npz,76377,9b9428e6b414db177a0e12fb2f9f21dc4e1efc1a3c830ccccc72757ea7869ae6
tcn,electrode,29,bandpass_n20002_cV1_electrode_s10,phase2/results/predictions/full/electrode/tcn/seed_29/bandpass_n20002_cV1_electrode_s10.npz,76282,856ece0230643f6bd7a12f7362a38b623aab8585109ac87d274262b29394541d
tcn,electrode,29,bandpass_n20002_cV1_electrode_s5,phase2/results/predictions/full/electrode/tcn/seed_29/bandpass_n20002_cV1_electrode_s5.npz,76151,41fa478a68a13a3cfdfa75a0c7008e755acece5b1d9360c3f9e0b8d3d4a846e4
tcn,electrode,29,bandpass_n20002_cV1_electrode_s0,phase2/results/predictions/full/electrode/tcn/seed_29/bandpass_n20002_cV1_electrode_s0.npz,75778,e969d860882b1cc2444acb22fb9e81a84cb2224632a778cff7a01ca49281aff6
tcn,electrode,29,bandpass_n20002_cV1_covariance_s20,phase2/results/predictions/full/electrode/tcn/seed_29/bandpass_n20002_cV1_covariance_s20.npz,76359,e04dbd426f629e40a5b7eaf6a26511e8afe01be34a49b4303d31db4675c42313
tcn,electrode,29,bandpass_n20002_cV1_covariance_s15,phase2/results/predictions/full/electrode/tcn/seed_29/bandpass_n20002_cV1_covariance_s15.npz,76349,5bda4604f4ce8077b062b7eb210c3f9282ee88de54ae92edd87222c629856113
tcn,electrode,29,bandpass_n20002_cV1_covariance_s10,phase2/results/predictions/full/electrode/tcn/seed_29/bandpass_n20002_cV1_covariance_s10.npz,76316,4646545c9221d2e3b98824c490256c8d46296d1c34e80703813e387052c32de7
tcn,electrode,29,bandpass_n20002_cV1_covariance_s5,phase2/results/predictions/full/electrode/tcn/seed_29/bandpass_n20002_cV1_covariance_s5.npz,76177,3c63a17ec889ac7685c603a6968801ae3cae13994404ab51a91b27905cd3ce66
tcn,electrode,29,bandpass_n20002_cV1_covariance_s0,phase2/results/predictions/full/electrode/tcn/seed_29/bandpass_n20002_cV1_covariance_s0.npz,75802,d2f80c2c27be222ccdd8b7ea9b799d56bcd158ad2b302887e28e555170161be4
tcn,electrode,29,bandpass_n20002_cV2_independent_rms_s20,phase2/results/predictions/full/electrode/tcn/seed_29/bandpass_n20002_cV2_independent_rms_s20.npz,76344,8b107fc2f3e53569bdc9cf5b6c9fad1b97022048240ad1ee2a3af996869c8e76
tcn,electrode,29,bandpass_n20002_cV2_independent_rms_s15,phase2/results/predictions/full/electrode/tcn/seed_29/bandpass_n20002_cV2_independent_rms_s15.npz,76357,3638aa069f7f38a1dd152e8daeb65740678f4b2ed22fd95eb04b705a6eb75362
tcn,electrode,29,bandpass_n20002_cV2_independent_rms_s10,phase2/results/predictions/full/electrode/tcn/seed_29/bandpass_n20002_cV2_independent_rms_s10.npz,76309,96de6be39ad0c6a63823f782462e558abf115acb0e19884e620da384d7766f94
tcn,electrode,29,bandpass_n20002_cV2_independent_rms_s5,phase2/results/predictions/full/electrode/tcn/seed_29/bandpass_n20002_cV2_independent_rms_s5.npz,76216,56522c2e969a8abd6f943f588fb9d7c74539f9d095615e689143f543ea7b686a
tcn,electrode,29,bandpass_n20002_cV2_independent_rms_s0,phase2/results/predictions/full/electrode/tcn/seed_29/bandpass_n20002_cV2_independent_rms_s0.npz,75985,de1fc616d3e9e76cf99942ecde6537de87ac5c466a2c57c6759b31560c63ac8d
tcn,electrode,29,bandpass_n20002_cV2_electrode_s20,phase2/results/predictions/full/electrode/tcn/seed_29/bandpass_n20002_cV2_electrode_s20.npz,76351,c097f87f3a6680f1a82ae88cfc18893dfabfa6719eccf4c652fde215f7bf6362
tcn,electrode,29,bandpass_n20002_cV2_electrode_s15,phase2/results/predictions/full/electrode/tcn/seed_29/bandpass_n20002_cV2_electrode_s15.npz,76340,27ef3b8d079831c2e2a6cbbe92d0cf5626f0a98a4cbaae36ac0354993499faa1
tcn,electrode,29,bandpass_n20002_cV2_electrode_s10,phase2/results/predictions/full/electrode/tcn/seed_29/bandpass_n20002_cV2_electrode_s10.npz,76262,b52bfe6f39f1de4d4693d4e1da348961d38708bf8a47936965d800eb0d0b7ab3
tcn,electrode,29,bandpass_n20002_cV2_electrode_s5,phase2/results/predictions/full/electrode/tcn/seed_29/bandpass_n20002_cV2_electrode_s5.npz,76224,d4b89159bf4124661a0bd821aa5455bdb2e964a129fc7346647b242886f062b7
tcn,electrode,29,bandpass_n20002_cV2_electrode_s0,phase2/results/predictions/full/electrode/tcn/seed_29/bandpass_n20002_cV2_electrode_s0.npz,75931,0fb6915e4d63350f5b582c3e3b441d268f26bd0c513e8be9531822a2a8e61a70
tcn,electrode,29,bandpass_n20002_cV2_covariance_s20,phase2/results/predictions/full/electrode/tcn/seed_29/bandpass_n20002_cV2_covariance_s20.npz,76385,97bfcd1dcceda49025c96439c32f16ca532992aa8f7534322e3095dfb0e28f23
tcn,electrode,29,bandpass_n20002_cV2_covariance_s15,phase2/results/predictions/full/electrode/tcn/seed_29/bandpass_n20002_cV2_covariance_s15.npz,76374,6237541966c8ed29e44c77f247c5c47da90907a63b0ec810c7c7819f63236979
tcn,electrode,29,bandpass_n20002_cV2_covariance_s10,phase2/results/predictions/full/electrode/tcn/seed_29/bandpass_n20002_cV2_covariance_s10.npz,76308,a17000a5d590f2bc08e625448947945bdc99eb62d514aa9ad8a0b3cf25c48db6
tcn,electrode,29,bandpass_n20002_cV2_covariance_s5,phase2/results/predictions/full/electrode/tcn/seed_29/bandpass_n20002_cV2_covariance_s5.npz,76196,d5a1ff6feb4e90966e412af9f173f94bd025c975825381fa510b01f2378e583d
tcn,electrode,29,bandpass_n20002_cV2_covariance_s0,phase2/results/predictions/full/electrode/tcn/seed_29/bandpass_n20002_cV2_covariance_s0.npz,75959,c22d0e1727e8cc604a7ee9a81dc853bdf76b227528fc7276c2a896d01514b76e
tcn,electrode,29,bandpass_n20002_cV3_independent_rms_s20,phase2/results/predictions/full/electrode/tcn/seed_29/bandpass_n20002_cV3_independent_rms_s20.npz,76383,0b4a3574e241087126310bfcb2e8ca70c8dfb3b48cb521a409b3b587f319d331
tcn,electrode,29,bandpass_n20002_cV3_independent_rms_s15,phase2/results/predictions/full/electrode/tcn/seed_29/bandpass_n20002_cV3_independent_rms_s15.npz,76380,e1b47d23233729f4667bb12d8223bcbe98f320eea558f6dc91040eb8d2b974a0
tcn,electrode,29,bandpass_n20002_cV3_independent_rms_s10,phase2/results/predictions/full/electrode/tcn/seed_29/bandpass_n20002_cV3_independent_rms_s10.npz,76369,82dbb657d03a24a19b096fd6ebc52694df7a3aa51676c28dc9bb637a5bedc844
tcn,electrode,29,bandpass_n20002_cV3_independent_rms_s5,phase2/results/predictions/full/electrode/tcn/seed_29/bandpass_n20002_cV3_independent_rms_s5.npz,76318,fa7e412664e892c60b6b3d6e2a290f7201682308c21527db3acb7bcfb8cb937c
tcn,electrode,29,bandpass_n20002_cV3_independent_rms_s0,phase2/results/predictions/full/electrode/tcn/seed_29/bandpass_n20002_cV3_independent_rms_s0.npz,76212,479fb20fe6c296920125e8a7be5e4503d675bfb1cce7d621082bf045fbd99ef2
tcn,electrode,29,bandpass_n20002_cV3_electrode_s20,phase2/results/predictions/full/electrode/tcn/seed_29/bandpass_n20002_cV3_electrode_s20.npz,76342,a6f9f13972ded72fd1d672399d6dff239e70b87bf6f1de5ea375ae4ec0e09b3a
tcn,electrode,29,bandpass_n20002_cV3_electrode_s15,phase2/results/predictions/full/electrode/tcn/seed_29/bandpass_n20002_cV3_electrode_s15.npz,76384,76c6a84c957d61c69907f3f806655fc611f52706473e06dbb933b0719fd29faa
tcn,electrode,29,bandpass_n20002_cV3_electrode_s10,phase2/results/predictions/full/electrode/tcn/seed_29/bandpass_n20002_cV3_electrode_s10.npz,76364,ede8d65e0f5a4fc648646b19f2a1d24fe050406f1c8a77c21b1087efdc5a55db
tcn,electrode,29,bandpass_n20002_cV3_electrode_s5,phase2/results/predictions/full/electrode/tcn/seed_29/bandpass_n20002_cV3_electrode_s5.npz,76317,a875aa5ad6ddeac8f09f0213c937d955fe900a375209e2291b193da5d2eba30b
tcn,electrode,29,bandpass_n20002_cV3_electrode_s0,phase2/results/predictions/full/electrode/tcn/seed_29/bandpass_n20002_cV3_electrode_s0.npz,76221,c9c037cc9282768074a18810e28e5c8c50e7292f87a25bf6ad8a0455725453cb
tcn,electrode,29,bandpass_n20002_cV3_covariance_s20,phase2/results/predictions/full/electrode/tcn/seed_29/bandpass_n20002_cV3_covariance_s20.npz,76398,726e36829627f3bb5f7b9d162eda54b3ad9ddb706d274ea2ffe574bf105f0ee6
tcn,electrode,29,bandpass_n20002_cV3_covariance_s15,phase2/results/predictions/full/electrode/tcn/seed_29/bandpass_n20002_cV3_covariance_s15.npz,76376,c94278e0b3cf50513b50931d23f2b5b37c4d6811016da4223cd10be303992718
tcn,electrode,29,bandpass_n20002_cV3_covariance_s10,phase2/results/predictions/full/electrode/tcn/seed_29/bandpass_n20002_cV3_covariance_s10.npz,76386,4a78d2d0807c262824ef040e1f9d631a1865e1eb5b586071ca4abf4e65bdf309
tcn,electrode,29,bandpass_n20002_cV3_covariance_s5,phase2/results/predictions/full/electrode/tcn/seed_29/bandpass_n20002_cV3_covariance_s5.npz,76304,cb4f2ea53dc5eeb0f2c1093483c21153ffc04012be21fd20b6a6a7ac2429a340
tcn,electrode,29,bandpass_n20002_cV3_covariance_s0,phase2/results/predictions/full/electrode/tcn/seed_29/bandpass_n20002_cV3_covariance_s0.npz,76241,310f1bfc021e583df2e0e4fc2ac72b0f91d7c543d6a1ba0cce1a396e9229a283
tcn,electrode,29,bandpass_n20002_cV4_independent_rms_s20,phase2/results/predictions/full/electrode/tcn/seed_29/bandpass_n20002_cV4_independent_rms_s20.npz,76391,da9ced34b950d0277a45798e7f8d6be47d8c1b57122ceda2408e956b37ebc78e
tcn,electrode,29,bandpass_n20002_cV4_independent_rms_s15,phase2/results/predictions/full/electrode/tcn/seed_29/bandpass_n20002_cV4_independent_rms_s15.npz,76383,4eb50a028abad8887311936d1c9d1916bf8dce7fbba9b877735d2d70599a9139
tcn,electrode,29,bandpass_n20002_cV4_independent_rms_s10,phase2/results/predictions/full/electrode/tcn/seed_29/bandpass_n20002_cV4_independent_rms_s10.npz,76309,d18be72765a56e170b097753701859ed68a70776f6c8b589f0565a28f8f6682d
tcn,electrode,29,bandpass_n20002_cV4_independent_rms_s5,phase2/results/predictions/full/electrode/tcn/seed_29/bandpass_n20002_cV4_independent_rms_s5.npz,76275,e33e8a0a0a2f11795733538b16b716ec5ccf1f54643876db6d304d358a107d63
tcn,electrode,29,bandpass_n20002_cV4_independent_rms_s0,phase2/results/predictions/full/electrode/tcn/seed_29/bandpass_n20002_cV4_independent_rms_s0.npz,76162,0822971792f009833eeeb4dfc08a240d7242c25569b930a7340d63a7abd44d82
tcn,electrode,29,bandpass_n20002_cV4_electrode_s20,phase2/results/predictions/full/electrode/tcn/seed_29/bandpass_n20002_cV4_electrode_s20.npz,76335,abb3aeed74592251ef989672d5211f019f7cbf846259f3d9b6c6fb639e39730c
tcn,electrode,29,bandpass_n20002_cV4_electrode_s15,phase2/results/predictions/full/electrode/tcn/seed_29/bandpass_n20002_cV4_electrode_s15.npz,76355,694a9ee7996d8fd943889238db97c9aa33c49bc1fffbc9b7dc529321a73d6d08
tcn,electrode,29,bandpass_n20002_cV4_electrode_s10,phase2/results/predictions/full/electrode/tcn/seed_29/bandpass_n20002_cV4_electrode_s10.npz,76350,b12a62ee64b979bde81ed911003ae5ad103deac3de5d64a28c2b121f5ca589f9
tcn,electrode,29,bandpass_n20002_cV4_electrode_s5,phase2/results/predictions/full/electrode/tcn/seed_29/bandpass_n20002_cV4_electrode_s5.npz,76249,623cfcc72657dfa7a246c71e3e697211dcde864107fdd99cbdb8eaec2a95cb9a
tcn,electrode,29,bandpass_n20002_cV4_electrode_s0,phase2/results/predictions/full/electrode/tcn/seed_29/bandpass_n20002_cV4_electrode_s0.npz,76141,a13c104170e0f06a8a5646d3422020fdce63565f9e81ff731d68dcaf2dc4b829
tcn,electrode,29,bandpass_n20002_cV4_covariance_s20,phase2/results/predictions/full/electrode/tcn/seed_29/bandpass_n20002_cV4_covariance_s20.npz,76387,f0d752da5a18c0c162ac52c7d9e9371b03f907262afe5278890930eab5c02363
tcn,electrode,29,bandpass_n20002_cV4_covariance_s15,phase2/results/predictions/full/electrode/tcn/seed_29/bandpass_n20002_cV4_covariance_s15.npz,76370,ad4f33e3128446eeb2efffcf678f58fb034d36fb6105616cfa84af5507c02edd
tcn,electrode,29,bandpass_n20002_cV4_covariance_s10,phase2/results/predictions/full/electrode/tcn/seed_29/bandpass_n20002_cV4_covariance_s10.npz,76321,3db80d6b31607872559d191831c8623c5cf5f6cea884a1d961c8f60c730b6a2c
tcn,electrode,29,bandpass_n20002_cV4_covariance_s5,phase2/results/predictions/full/electrode/tcn/seed_29/bandpass_n20002_cV4_covariance_s5.npz,76278,7f94078cdeb359420ababc55ca397328215f3ed567b8867fcf18e07034ec2ebc
tcn,electrode,29,bandpass_n20002_cV4_covariance_s0,phase2/results/predictions/full/electrode/tcn/seed_29/bandpass_n20002_cV4_covariance_s0.npz,76100,8cadebe40dc30eab2a98becc9998eaaa9c1dd22d789f6a720809a72da1c59516
tcn,electrode,29,bandpass_n20002_cV5_independent_rms_s20,phase2/results/predictions/full/electrode/tcn/seed_29/bandpass_n20002_cV5_independent_rms_s20.npz,76379,3950d99eb4a97b3d86a53f9163c95e8a4313b2926c3aa56bb01aeac49282fe42
tcn,electrode,29,bandpass_n20002_cV5_independent_rms_s15,phase2/results/predictions/full/electrode/tcn/seed_29/bandpass_n20002_cV5_independent_rms_s15.npz,76348,71ccb685336a2ce89ac4851d7dd9796ecc6fb741b77ec1af130281cae9cc798a
tcn,electrode,29,bandpass_n20002_cV5_independent_rms_s10,phase2/results/predictions/full/electrode/tcn/seed_29/bandpass_n20002_cV5_independent_rms_s10.npz,76347,166f0d973706f3627fdaca8fce4fe29af3799cf1027b91afcaaefd54f60c751e
tcn,electrode,29,bandpass_n20002_cV5_independent_rms_s5,phase2/results/predictions/full/electrode/tcn/seed_29/bandpass_n20002_cV5_independent_rms_s5.npz,76309,43cc05f0cb07de335d256cab905ead16b39b810cb6f04a7c878644ab8769e9ec
tcn,electrode,29,bandpass_n20002_cV5_independent_rms_s0,phase2/results/predictions/full/electrode/tcn/seed_29/bandpass_n20002_cV5_independent_rms_s0.npz,76109,3c5e9585935e2e1b62081c1b4c593d0e4fa625cd18b433d00ed53237d29aaeba
tcn,electrode,29,bandpass_n20002_cV5_electrode_s20,phase2/results/predictions/full/electrode/tcn/seed_29/bandpass_n20002_cV5_electrode_s20.npz,76369,730aca6904070be4f5827000a5543790c950b52b91e57b665b0d66d0ceaaa086
tcn,electrode,29,bandpass_n20002_cV5_electrode_s15,phase2/results/predictions/full/electrode/tcn/seed_29/bandpass_n20002_cV5_electrode_s15.npz,76389,2cc37a9178a24bbb1ceb852e36701f9c60065dc1b888f374108306ec7aa38b34
tcn,electrode,29,bandpass_n20002_cV5_electrode_s10,phase2/results/predictions/full/electrode/tcn/seed_29/bandpass_n20002_cV5_electrode_s10.npz,76337,f0d3726611ccb74beb464feed6e2d8dedceaef463f4f6ac986c249e79fd2ca7f
tcn,electrode,29,bandpass_n20002_cV5_electrode_s5,phase2/results/predictions/full/electrode/tcn/seed_29/bandpass_n20002_cV5_electrode_s5.npz,76277,70ca8ba1a9be435d7cccc46b4bfba5bf03fda5704ad16cead2f40d58fc5defa5
tcn,electrode,29,bandpass_n20002_cV5_electrode_s0,phase2/results/predictions/full/electrode/tcn/seed_29/bandpass_n20002_cV5_electrode_s0.npz,76077,b2689c547d9ef1e40db534e5bc1f2d9e6860e741a8fa6045f4b782ea037623fe
tcn,electrode,29,bandpass_n20002_cV5_covariance_s20,phase2/results/predictions/full/electrode/tcn/seed_29/bandpass_n20002_cV5_covariance_s20.npz,76340,ea4b8d88c507e33e1321051c3554153a648b949f4cd87a5f44f3024206ff505f
tcn,electrode,29,bandpass_n20002_cV5_covariance_s15,phase2/results/predictions/full/electrode/tcn/seed_29/bandpass_n20002_cV5_covariance_s15.npz,76359,511411912e1ba3574d0ece8f7022e3bee5d043295c994e85422bc26aeedebbc1
tcn,electrode,29,bandpass_n20002_cV5_covariance_s10,phase2/results/predictions/full/electrode/tcn/seed_29/bandpass_n20002_cV5_covariance_s10.npz,76356,8aa54a2f0025d24a015dc007cf5ec807cd2fa2304367e193fcb986084b90a33e
tcn,electrode,29,bandpass_n20002_cV5_covariance_s5,phase2/results/predictions/full/electrode/tcn/seed_29/bandpass_n20002_cV5_covariance_s5.npz,76277,16b5b31918b3de5783731081221b8ef391e870514ca3cd14999c0dfc679e96e2
tcn,electrode,29,bandpass_n20002_cV5_covariance_s0,phase2/results/predictions/full/electrode/tcn/seed_29/bandpass_n20002_cV5_covariance_s0.npz,76096,e63a10bc876a6ce6903a53ff0590ab6230a2c6ad4a055b5192dd0a4f2b5f15d9
tcn,electrode,29,bandpass_n20002_cV6_independent_rms_s20,phase2/results/predictions/full/electrode/tcn/seed_29/bandpass_n20002_cV6_independent_rms_s20.npz,76368,0667e889b89bfea6ffe64cc3b09a5b5a39fc09255be155bde05fdf1f4ceef6f3
tcn,electrode,29,bandpass_n20002_cV6_independent_rms_s15,phase2/results/predictions/full/electrode/tcn/seed_29/bandpass_n20002_cV6_independent_rms_s15.npz,76332,78a64bcb2f590f653c89039eeb6a4a9dd67467b2a85f28d3bc9aac67a702e5f4
tcn,electrode,29,bandpass_n20002_cV6_independent_rms_s10,phase2/results/predictions/full/electrode/tcn/seed_29/bandpass_n20002_cV6_independent_rms_s10.npz,76331,7a6be1fc38033f3c6cb6641a95c99258ee81c6e004e3be6e553b424e011bd9a9
tcn,electrode,29,bandpass_n20002_cV6_independent_rms_s5,phase2/results/predictions/full/electrode/tcn/seed_29/bandpass_n20002_cV6_independent_rms_s5.npz,76255,948d46d0b2390013a26da50e4a300d8c3a6da95d01461bcbffeed60acbcf8d18
tcn,electrode,29,bandpass_n20002_cV6_independent_rms_s0,phase2/results/predictions/full/electrode/tcn/seed_29/bandpass_n20002_cV6_independent_rms_s0.npz,76019,af503dce85a81a93f90fd95dc755cfe9e7e1c9850da013eb676c184537ce01b8
tcn,electrode,29,bandpass_n20002_cV6_electrode_s20,phase2/results/predictions/full/electrode/tcn/seed_29/bandpass_n20002_cV6_electrode_s20.npz,76354,332c7bb9e9829b8752d2e1a1a638f3354fae049a7dd1dc7513b4a5e58589337e
tcn,electrode,29,bandpass_n20002_cV6_electrode_s15,phase2/results/predictions/full/electrode/tcn/seed_29/bandpass_n20002_cV6_electrode_s15.npz,76340,c20a90d9e49416a79013b074f653778b38fdfa2374dbfc702de65650ae456cec
tcn,electrode,29,bandpass_n20002_cV6_electrode_s10,phase2/results/predictions/full/electrode/tcn/seed_29/bandpass_n20002_cV6_electrode_s10.npz,76335,2de48133143d4ac4708617cf73f067df81b7803878e77323a7d8fe6646d6426c
tcn,electrode,29,bandpass_n20002_cV6_electrode_s5,phase2/results/predictions/full/electrode/tcn/seed_29/bandpass_n20002_cV6_electrode_s5.npz,76259,fd09dd4683aa45ca232da9be7f8f34c8c548bbd27a50a2d176dc52d737e96100
tcn,electrode,29,bandpass_n20002_cV6_electrode_s0,phase2/results/predictions/full/electrode/tcn/seed_29/bandpass_n20002_cV6_electrode_s0.npz,76001,f60e8e8d641eb24fddb5216b4ce37abb3501aa657786994441bc395f0b483cec
tcn,electrode,29,bandpass_n20002_cV6_covariance_s20,phase2/results/predictions/full/electrode/tcn/seed_29/bandpass_n20002_cV6_covariance_s20.npz,76356,4dc29806f334fb48e146bd2ea3a4804879a1e0a993da92c69449f92b4cb37474
tcn,electrode,29,bandpass_n20002_cV6_covariance_s15,phase2/results/predictions/full/electrode/tcn/seed_29/bandpass_n20002_cV6_covariance_s15.npz,76336,8ca2f33940b3627b178fdf7e04659f13bb5f425f4bd368bc1ce6268cbd6559c6
tcn,electrode,29,bandpass_n20002_cV6_covariance_s10,phase2/results/predictions/full/electrode/tcn/seed_29/bandpass_n20002_cV6_covariance_s10.npz,76324,028925c33fb4e0f587a26291e7b9289cafaa9a7df242848baaac0d2656caf47c
tcn,electrode,29,bandpass_n20002_cV6_covariance_s5,phase2/results/predictions/full/electrode/tcn/seed_29/bandpass_n20002_cV6_covariance_s5.npz,76217,00bf975d22bb56af9273c39d2e6000a02fe6406285db77dff18750fc86e6c4d4
tcn,electrode,29,bandpass_n20002_cV6_covariance_s0,phase2/results/predictions/full/electrode/tcn/seed_29/bandpass_n20002_cV6_covariance_s0.npz,75978,2f6131673e531ef42262aa3d1128553cbd420dea1f995c26bc44fef957e2ab43
tcn,electrode,29,bandpass_n20002_cRA_LA_independent_rms_s20,phase2/results/predictions/full/electrode/tcn/seed_29/bandpass_n20002_cRA_LA_independent_rms_s20.npz,76397,77a334a392367b6f951873e3ae689de120d223356c825a477717996443e19a5a
tcn,electrode,29,bandpass_n20002_cRA_LA_independent_rms_s15,phase2/results/predictions/full/electrode/tcn/seed_29/bandpass_n20002_cRA_LA_independent_rms_s15.npz,76392,22212e099072cab58ee34fab5414108e5c6fc77b959769c5a2ffb199b6cefafc
tcn,electrode,29,bandpass_n20002_cRA_LA_independent_rms_s10,phase2/results/predictions/full/electrode/tcn/seed_29/bandpass_n20002_cRA_LA_independent_rms_s10.npz,76365,eb02c3707b4e6637f1e8ab99e9e54e9fbc658b3daed6e3ed7467667614e2eda1
tcn,electrode,29,bandpass_n20002_cRA_LA_independent_rms_s5,phase2/results/predictions/full/electrode/tcn/seed_29/bandpass_n20002_cRA_LA_independent_rms_s5.npz,76241,c47898329552451d6cc4eb0ce223f69ae4084559ce881f78d0fe74ecad4a24e0
tcn,electrode,29,bandpass_n20002_cRA_LA_independent_rms_s0,phase2/results/predictions/full/electrode/tcn/seed_29/bandpass_n20002_cRA_LA_independent_rms_s0.npz,75951,213142b1d3a673f29655f4d0acac7481e7b049c8468b2ac73b6a27b228a0fe85
tcn,electrode,29,bandpass_n20002_cRA_LA_electrode_s20,phase2/results/predictions/full/electrode/tcn/seed_29/bandpass_n20002_cRA_LA_electrode_s20.npz,76348,8325e4ec6f278d77e1eec9dbdc0baef57245c5680da348568e622fb8b6a4e53f
tcn,electrode,29,bandpass_n20002_cRA_LA_electrode_s15,phase2/results/predictions/full/electrode/tcn/seed_29/bandpass_n20002_cRA_LA_electrode_s15.npz,76326,a3d3292f16e0bc1fd22eca8c69f87742e3a5970c3033dfe9550341629da1fa66
tcn,electrode,29,bandpass_n20002_cRA_LA_electrode_s10,phase2/results/predictions/full/electrode/tcn/seed_29/bandpass_n20002_cRA_LA_electrode_s10.npz,76269,502851cab97b90f5bc468f54b752d5a4ec450595a152a8e4cd86ec20e5f0ad7b
tcn,electrode,29,bandpass_n20002_cRA_LA_electrode_s5,phase2/results/predictions/full/electrode/tcn/seed_29/bandpass_n20002_cRA_LA_electrode_s5.npz,76130,afdd96999ab57e85b7b05dbf3235d9c33c90f6c7ed14b3860d05032e2c7390bb
tcn,electrode,29,bandpass_n20002_cRA_LA_electrode_s0,phase2/results/predictions/full/electrode/tcn/seed_29/bandpass_n20002_cRA_LA_electrode_s0.npz,75720,da9a0d812679f018668f7fcfebd617d4ed248aadc57fb9e01586ddcec0993d32
tcn,electrode,29,bandpass_n20002_cRA_LA_covariance_s20,phase2/results/predictions/full/electrode/tcn/seed_29/bandpass_n20002_cRA_LA_covariance_s20.npz,76357,ecf411d4a2dad7fe7340abee4c9fb06981f3093df90c28e78dce0fce40d76a74
tcn,electrode,29,bandpass_n20002_cRA_LA_covariance_s15,phase2/results/predictions/full/electrode/tcn/seed_29/bandpass_n20002_cRA_LA_covariance_s15.npz,76354,aa70d86a3789c1c6c0ea087bfb9965dc9c40634bccfa443a43cb3107630b177e
tcn,electrode,29,bandpass_n20002_cRA_LA_covariance_s10,phase2/results/predictions/full/electrode/tcn/seed_29/bandpass_n20002_cRA_LA_covariance_s10.npz,76241,bb7a2a90863beef4eb14253c3321ee4e516202804e3f60b72e8757073ec7dcff
tcn,electrode,29,bandpass_n20002_cRA_LA_covariance_s5,phase2/results/predictions/full/electrode/tcn/seed_29/bandpass_n20002_cRA_LA_covariance_s5.npz,76130,0ffd0007bebc654c519cc098a284a9671e998be9076217b81d8537d034c77910
tcn,electrode,29,bandpass_n20002_cRA_LA_covariance_s0,phase2/results/predictions/full/electrode/tcn/seed_29/bandpass_n20002_cRA_LA_covariance_s0.npz,75722,aaf9b1287665558433a9be526ffbf23be737906f38906a05d674e33d90099b48
tcn,electrode,29,bandpass_n20002_cLA_LL_independent_rms_s20,phase2/results/predictions/full/electrode/tcn/seed_29/bandpass_n20002_cLA_LL_independent_rms_s20.npz,76390,1f824f4b91f2c7efd3ebf0316999ab67cf7c9751439bcfbb97bcd598e41d8cf6
tcn,electrode,29,bandpass_n20002_cLA_LL_independent_rms_s15,phase2/results/predictions/full/electrode/tcn/seed_29/bandpass_n20002_cLA_LL_independent_rms_s15.npz,76393,ac9cf86d85c3d94fc6f39b2c7139664d20b11bbd38c4172c7c9db412571a357a
tcn,electrode,29,bandpass_n20002_cLA_LL_independent_rms_s10,phase2/results/predictions/full/electrode/tcn/seed_29/bandpass_n20002_cLA_LL_independent_rms_s10.npz,76361,3bd3b4e15909fe4d9fd2c792d10a33a6e57047dd1c4a312bcc4fbc9a8984fb76
tcn,electrode,29,bandpass_n20002_cLA_LL_independent_rms_s5,phase2/results/predictions/full/electrode/tcn/seed_29/bandpass_n20002_cLA_LL_independent_rms_s5.npz,76256,74de52c485343884cb9f7bc67e90f6f1f8b8f7c62ae03d18777badf18771942b
tcn,electrode,29,bandpass_n20002_cLA_LL_independent_rms_s0,phase2/results/predictions/full/electrode/tcn/seed_29/bandpass_n20002_cLA_LL_independent_rms_s0.npz,75954,349400683330464fa821d5c4e86ed0a5f1befffd5b1d352e0ecdee36deee9d1d
tcn,electrode,29,bandpass_n20002_cLA_LL_electrode_s20,phase2/results/predictions/full/electrode/tcn/seed_29/bandpass_n20002_cLA_LL_electrode_s20.npz,76380,631fec098ddaef367d9eea4b25c1b5ead906b54d8947658cc7474a53347ccb12
tcn,electrode,29,bandpass_n20002_cLA_LL_electrode_s15,phase2/results/predictions/full/electrode/tcn/seed_29/bandpass_n20002_cLA_LL_electrode_s15.npz,76346,9fef093bbdcf872502023d9f8ed6d4e6de7bb99b7e941cc27e28e95a5a193ab7
tcn,electrode,29,bandpass_n20002_cLA_LL_electrode_s10,phase2/results/predictions/full/electrode/tcn/seed_29/bandpass_n20002_cLA_LL_electrode_s10.npz,76297,a2797f193c2c5e8415b83f42b226982172f96c3d65ae341c166abceb949952ef
tcn,electrode,29,bandpass_n20002_cLA_LL_electrode_s5,phase2/results/predictions/full/electrode/tcn/seed_29/bandpass_n20002_cLA_LL_electrode_s5.npz,76167,b1c6afca99081fdd08b1559cf92af6c3b049d4dd3df7fabbbf9b2c44280abf8f
tcn,electrode,29,bandpass_n20002_cLA_LL_electrode_s0,phase2/results/predictions/full/electrode/tcn/seed_29/bandpass_n20002_cLA_LL_electrode_s0.npz,75832,53fc6f5cbc78b8d483eabdaf9b19458791b0596d91ae63f5f07bfd2c2f82fe9a
tcn,electrode,29,bandpass_n20002_cLA_LL_covariance_s20,phase2/results/predictions/full/electrode/tcn/seed_29/bandpass_n20002_cLA_LL_covariance_s20.npz,76357,96f58ee5486e04b5ad29085e51054a04455a644837d4eafb9751e35622d5c609
tcn,electrode,29,bandpass_n20002_cLA_LL_covariance_s15,phase2/results/predictions/full/electrode/tcn/seed_29/bandpass_n20002_cLA_LL_covariance_s15.npz,76372,41230124e5e7bc8fad949c678c0a3d5dcf8cf3e9974901447bc3793f27f6c546
tcn,electrode,29,bandpass_n20002_cLA_LL_covariance_s10,phase2/results/predictions/full/electrode/tcn/seed_29/bandpass_n20002_cLA_LL_covariance_s10.npz,76295,10dd4ea64b80c9f3ca597688a286adc160b0cbae73ebde01db0b6965c73a57c1
tcn,electrode,29,bandpass_n20002_cLA_LL_covariance_s5,phase2/results/predictions/full/electrode/tcn/seed_29/bandpass_n20002_cLA_LL_covariance_s5.npz,76178,c9757e5b20366bdb0965673e32e026cb6bc2f60fa41997d29d687aacdab5c640
tcn,electrode,29,bandpass_n20002_cLA_LL_covariance_s0,phase2/results/predictions/full/electrode/tcn/seed_29/bandpass_n20002_cLA_LL_covariance_s0.npz,75888,8a253a53281cabde5cc068dff743af9e79a1fd675f80ea111e26ae4c5da3d1c6
tcn,electrode,29,bandpass_n20002_cRA_LL_independent_rms_s20,phase2/results/predictions/full/electrode/tcn/seed_29/bandpass_n20002_cRA_LL_independent_rms_s20.npz,76344,04b38fc2a054048cf66a77a80ccb3b3a0515408e9da6dd91ec72ad1a1d8b036e
tcn,electrode,29,bandpass_n20002_cRA_LL_independent_rms_s15,phase2/results/predictions/full/electrode/tcn/seed_29/bandpass_n20002_cRA_LL_independent_rms_s15.npz,76392,8396a1260db2a3f07e90f1d1b3667087db6a79cc91031f0eac97f28bda1da672
tcn,electrode,29,bandpass_n20002_cRA_LL_independent_rms_s10,phase2/results/predictions/full/electrode/tcn/seed_29/bandpass_n20002_cRA_LL_independent_rms_s10.npz,76335,b4742816204c704b2b109a57faca95cd5356d279156577c7f203acb4e8f2afb3
tcn,electrode,29,bandpass_n20002_cRA_LL_independent_rms_s5,phase2/results/predictions/full/electrode/tcn/seed_29/bandpass_n20002_cRA_LL_independent_rms_s5.npz,76247,7b64271a5416dad8189bbec3bba2f2fcbf997def46f783eb734d3e99195355d7
tcn,electrode,29,bandpass_n20002_cRA_LL_independent_rms_s0,phase2/results/predictions/full/electrode/tcn/seed_29/bandpass_n20002_cRA_LL_independent_rms_s0.npz,75935,4a85da3e061797bd95c02b4f0260064c60b4ed58d7d8b1a0a05ecfa96834a3a8
tcn,electrode,29,bandpass_n20002_cRA_LL_electrode_s20,phase2/results/predictions/full/electrode/tcn/seed_29/bandpass_n20002_cRA_LL_electrode_s20.npz,76355,460ed359bd8af0aacc15c0aeac97efc5ee16ac6c3b0e74a36b1feacb22aee42c
tcn,electrode,29,bandpass_n20002_cRA_LL_electrode_s15,phase2/results/predictions/full/electrode/tcn/seed_29/bandpass_n20002_cRA_LL_electrode_s15.npz,76315,582b57b9243981466927c14b61f4056edaea5bd786819b4621e610f3b1a00a39
tcn,electrode,29,bandpass_n20002_cRA_LL_electrode_s10,phase2/results/predictions/full/electrode/tcn/seed_29/bandpass_n20002_cRA_LL_electrode_s10.npz,76273,605ac3254de42b0575f6f9a3bb7e421be32a3101955192a1bb47b96a770dea32
tcn,electrode,29,bandpass_n20002_cRA_LL_electrode_s5,phase2/results/predictions/full/electrode/tcn/seed_29/bandpass_n20002_cRA_LL_electrode_s5.npz,76144,9021116db97eae1076bc7acab87a177a95bad79b4fd34dd4af208aca92240afd
tcn,electrode,29,bandpass_n20002_cRA_LL_electrode_s0,phase2/results/predictions/full/electrode/tcn/seed_29/bandpass_n20002_cRA_LL_electrode_s0.npz,75689,06fadc66178ce6ca0e0f150cd85b549c67ef5fe973660cb124cd4466c3ea05db
tcn,electrode,29,bandpass_n20002_cRA_LL_covariance_s20,phase2/results/predictions/full/electrode/tcn/seed_29/bandpass_n20002_cRA_LL_covariance_s20.npz,76348,e24c6aa5690dbf9e64af5fd7be64a08fb30418bd8e35ee83cd9d9f7f00bf565a
tcn,electrode,29,bandpass_n20002_cRA_LL_covariance_s15,phase2/results/predictions/full/electrode/tcn/seed_29/bandpass_n20002_cRA_LL_covariance_s15.npz,76357,fb658e930c053ab22aa3bfbdf49ba9215c94c530881ce34358d1ef3e93ed6b40
tcn,electrode,29,bandpass_n20002_cRA_LL_covariance_s10,phase2/results/predictions/full/electrode/tcn/seed_29/bandpass_n20002_cRA_LL_covariance_s10.npz,76328,49b30528ca9895a01c33d008947494938d2770c37927a2f519fab01933d91ac5
tcn,electrode,29,bandpass_n20002_cRA_LL_covariance_s5,phase2/results/predictions/full/electrode/tcn/seed_29/bandpass_n20002_cRA_LL_covariance_s5.npz,76120,b9fe4bf8160a2d7f6761b05873d6e439fa09cf6a11669bd683352c3cf527880a
tcn,electrode,29,bandpass_n20002_cRA_LL_covariance_s0,phase2/results/predictions/full/electrode/tcn/seed_29/bandpass_n20002_cRA_LL_covariance_s0.npz,75688,5d35a826d4689c7c02795a48f5a4bf8f03adab39dba4edef12f3314aa7f40165
tcn,electrode,29,bandpass_n20002_cRA_independent_rms_s20,phase2/results/predictions/full/electrode/tcn/seed_29/bandpass_n20002_cRA_independent_rms_s20.npz,76385,723ace01a2d01e7a4cb0240c492132b27c13de2dd23340cb75dbe289ee02aaad
tcn,electrode,29,bandpass_n20002_cRA_independent_rms_s15,phase2/results/predictions/full/electrode/tcn/seed_29/bandpass_n20002_cRA_independent_rms_s15.npz,76395,50cd0a71b06a5d55f4f8245790d5556b1be0e48d86ae26910f64a3504e8337b0
tcn,electrode,29,bandpass_n20002_cRA_independent_rms_s10,phase2/results/predictions/full/electrode/tcn/seed_29/bandpass_n20002_cRA_independent_rms_s10.npz,76314,a1786d045bea0599eed7bc834d0d3f7c233af6fbb0e8f186225c2e1da449fe08
tcn,electrode,29,bandpass_n20002_cRA_independent_rms_s5,phase2/results/predictions/full/electrode/tcn/seed_29/bandpass_n20002_cRA_independent_rms_s5.npz,76258,0b588bdd0dd4089011479ac40bd48df8e6bbac8a153ca3fe76bd3f7277c1a2b4
tcn,electrode,29,bandpass_n20002_cRA_independent_rms_s0,phase2/results/predictions/full/electrode/tcn/seed_29/bandpass_n20002_cRA_independent_rms_s0.npz,75936,3ab345d5187368ac860e395bf97c6bad532bd23b763b2f6aa47b1c65da870a75
tcn,electrode,29,bandpass_n20002_cRA_electrode_s20,phase2/results/predictions/full/electrode/tcn/seed_29/bandpass_n20002_cRA_electrode_s20.npz,76379,4e81a0eb3d7c574cb586ef97e15d4385304168e874bf494a0b91cfdd6305121a
tcn,electrode,29,bandpass_n20002_cRA_electrode_s15,phase2/results/predictions/full/electrode/tcn/seed_29/bandpass_n20002_cRA_electrode_s15.npz,76319,08544b831cce76b29597db04f28a7c5d0f0067fedd17131bc8a0118f95590f91
tcn,electrode,29,bandpass_n20002_cRA_electrode_s10,phase2/results/predictions/full/electrode/tcn/seed_29/bandpass_n20002_cRA_electrode_s10.npz,76265,9754b8c41020342b0dbc88ab6c03d985b2a70a5f46639e3d5b0fbad77f77f001
tcn,electrode,29,bandpass_n20002_cRA_electrode_s5,phase2/results/predictions/full/electrode/tcn/seed_29/bandpass_n20002_cRA_electrode_s5.npz,76071,dd1e010daf15ea65eb1d014d8e510c126370b766ed35095128504198a6805197
tcn,electrode,29,bandpass_n20002_cRA_electrode_s0,phase2/results/predictions/full/electrode/tcn/seed_29/bandpass_n20002_cRA_electrode_s0.npz,75574,3799e5af2d48a6acf97ed336239c356485789e44e04d0e840fcd1ffdaf161acd
tcn,electrode,29,bandpass_n20002_cRA_covariance_s20,phase2/results/predictions/full/electrode/tcn/seed_29/bandpass_n20002_cRA_covariance_s20.npz,76344,c7a749d274f1063629c0056ce097475e35903d6ddc998b82ed88608d3fb4233a
tcn,electrode,29,bandpass_n20002_cRA_covariance_s15,phase2/results/predictions/full/electrode/tcn/seed_29/bandpass_n20002_cRA_covariance_s15.npz,76334,aa62e6c1d4e226d0eb69fb5cccefd85760138fd1dfc8df08ccd7848c9a0d4eb8
tcn,electrode,29,bandpass_n20002_cRA_covariance_s10,phase2/results/predictions/full/electrode/tcn/seed_29/bandpass_n20002_cRA_covariance_s10.npz,76271,bd0e818b6b54f1b7a852d6043dab1292b868a0ba0861cd9f8d77f805ad4344cf
tcn,electrode,29,bandpass_n20002_cRA_covariance_s5,phase2/results/predictions/full/electrode/tcn/seed_29/bandpass_n20002_cRA_covariance_s5.npz,76066,7e1651788893da456577bd0b1f47ca31c3736f88b98f3a8c122d2702c75de341
tcn,electrode,29,bandpass_n20002_cRA_covariance_s0,phase2/results/predictions/full/electrode/tcn/seed_29/bandpass_n20002_cRA_covariance_s0.npz,75647,0c21a0ff30689710e81a8c53425528487decc936c61cdfb50ad974e6d1458532
tcn,electrode,29,bandpass_n20002_cLA_independent_rms_s20,phase2/results/predictions/full/electrode/tcn/seed_29/bandpass_n20002_cLA_independent_rms_s20.npz,76372,d995342dbd034f6b9f6d99a152189c7acb571eeca8988bd7d105a5daa4b4a583
tcn,electrode,29,bandpass_n20002_cLA_independent_rms_s15,phase2/results/predictions/full/electrode/tcn/seed_29/bandpass_n20002_cLA_independent_rms_s15.npz,76385,30127c72e8d6b9611a3a8f219a60531f46e906ea57d9c591092b8d1a5e3ff881
tcn,electrode,29,bandpass_n20002_cLA_independent_rms_s10,phase2/results/predictions/full/electrode/tcn/seed_29/bandpass_n20002_cLA_independent_rms_s10.npz,76332,c460de7c36e1520e4d9f3f2d130c49bfa090c0c5e455344e7ca18ca4b280f7a0
tcn,electrode,29,bandpass_n20002_cLA_independent_rms_s5,phase2/results/predictions/full/electrode/tcn/seed_29/bandpass_n20002_cLA_independent_rms_s5.npz,76243,6a6802cb19c5a81449962a37fbd23757da65e37baab01315f1abadc9d769baea
tcn,electrode,29,bandpass_n20002_cLA_independent_rms_s0,phase2/results/predictions/full/electrode/tcn/seed_29/bandpass_n20002_cLA_independent_rms_s0.npz,75983,2d15903b7a3edbc7a34f2d31f8c422b01527b7c4100ccba9db39f921130b8088
tcn,electrode,29,bandpass_n20002_cLA_electrode_s20,phase2/results/predictions/full/electrode/tcn/seed_29/bandpass_n20002_cLA_electrode_s20.npz,76353,98565c4af68484d1cd8415d2e6b400b9ca72ad3a9ca6860a66e4e8571acb7b8e
tcn,electrode,29,bandpass_n20002_cLA_electrode_s15,phase2/results/predictions/full/electrode/tcn/seed_29/bandpass_n20002_cLA_electrode_s15.npz,76332,8b3180ca2970941be7ac2200f041bb52e4cebe94653e735ef082d4a3efd7c4d2
tcn,electrode,29,bandpass_n20002_cLA_electrode_s10,phase2/results/predictions/full/electrode/tcn/seed_29/bandpass_n20002_cLA_electrode_s10.npz,76303,d7eafceecdf1eec3dea34130d3100054232182186f7144130c1bf96f74b2023b
tcn,electrode,29,bandpass_n20002_cLA_electrode_s5,phase2/results/predictions/full/electrode/tcn/seed_29/bandpass_n20002_cLA_electrode_s5.npz,76177,a82fe5bb5532eece4ece6f39621612cd6a599451c0aaca88e9366afb39e8c218
tcn,electrode,29,bandpass_n20002_cLA_electrode_s0,phase2/results/predictions/full/electrode/tcn/seed_29/bandpass_n20002_cLA_electrode_s0.npz,75878,17ccd7a28a45e6d7ad9f1eefc2afafefcd07e5366c4d103ed84be7e497ee0205
tcn,electrode,29,bandpass_n20002_cLA_covariance_s20,phase2/results/predictions/full/electrode/tcn/seed_29/bandpass_n20002_cLA_covariance_s20.npz,76355,b8a18c9c17d7f4301f46ca7b990eee64a22cd4f9a037ad48faafd1116c32f727
tcn,electrode,29,bandpass_n20002_cLA_covariance_s15,phase2/results/predictions/full/electrode/tcn/seed_29/bandpass_n20002_cLA_covariance_s15.npz,76345,2d005c75ff630e92e07398e6b1f085371087d2d937e076a3b601c90d37c9ad05
tcn,electrode,29,bandpass_n20002_cLA_covariance_s10,phase2/results/predictions/full/electrode/tcn/seed_29/bandpass_n20002_cLA_covariance_s10.npz,76282,6f0e1c16f968b423ea70d4b7961d98cf7033bbac24bc1f53f5cdc67c57ce778c
tcn,electrode,29,bandpass_n20002_cLA_covariance_s5,phase2/results/predictions/full/electrode/tcn/seed_29/bandpass_n20002_cLA_covariance_s5.npz,76188,7f6ce8b157e64b0d2e7ede09080ee4e5c2a5f1b752ca561c12501f25878f83d5
tcn,electrode,29,bandpass_n20002_cLA_covariance_s0,phase2/results/predictions/full/electrode/tcn/seed_29/bandpass_n20002_cLA_covariance_s0.npz,75859,17dd60e6423647db7592375f014e54cf8a98faf03f65d1a12e269ded87c30ff6
tcn,electrode,29,bandpass_n20002_cLL_independent_rms_s20,phase2/results/predictions/full/electrode/tcn/seed_29/bandpass_n20002_cLL_independent_rms_s20.npz,76384,c0f5b1afdfe618c865efd9a673eea6d2bbb0d1d359583744f90d90a646c8ec18
tcn,electrode,29,bandpass_n20002_cLL_independent_rms_s15,phase2/results/predictions/full/electrode/tcn/seed_29/bandpass_n20002_cLL_independent_rms_s15.npz,76375,e45eb16a73bfa76a8178150f2564f5ef7efbf989e624cb446a01b2482a0ef0f6
tcn,electrode,29,bandpass_n20002_cLL_independent_rms_s10,phase2/results/predictions/full/electrode/tcn/seed_29/bandpass_n20002_cLL_independent_rms_s10.npz,76359,c9ed97c9f1145d890e8f79a7e8a989f1c72531e63fc3e0569858001d3cf87826
tcn,electrode,29,bandpass_n20002_cLL_independent_rms_s5,phase2/results/predictions/full/electrode/tcn/seed_29/bandpass_n20002_cLL_independent_rms_s5.npz,76246,e33d030fc4af55c094c03b062a84a3c2947f8329fe26ab7ea1f476cb2332fe8a
tcn,electrode,29,bandpass_n20002_cLL_independent_rms_s0,phase2/results/predictions/full/electrode/tcn/seed_29/bandpass_n20002_cLL_independent_rms_s0.npz,75941,ed17d63780266e45391039977090bce12f4bf6fd386d3e8c762ea870878c50d3
tcn,electrode,29,bandpass_n20002_cLL_electrode_s20,phase2/results/predictions/full/electrode/tcn/seed_29/bandpass_n20002_cLL_electrode_s20.npz,76348,8c2dad0bfb6cbf95858e6f0d1e8d8e97e9f667801fbe7efcb662da529475361d
tcn,electrode,29,bandpass_n20002_cLL_electrode_s15,phase2/results/predictions/full/electrode/tcn/seed_29/bandpass_n20002_cLL_electrode_s15.npz,76339,254d0609a19fefa24d325e470f50aca74a3325bd956b81572e37ccd484b42367
tcn,electrode,29,bandpass_n20002_cLL_electrode_s10,phase2/results/predictions/full/electrode/tcn/seed_29/bandpass_n20002_cLL_electrode_s10.npz,76287,5ef1b4a9c07e6cef232a976755b668f3c4e41eab849ae49c2bc7a6f9c13663cc
tcn,electrode,29,bandpass_n20002_cLL_electrode_s5,phase2/results/predictions/full/electrode/tcn/seed_29/bandpass_n20002_cLL_electrode_s5.npz,76178,64c2d4ae1f0e4d3663866d81deaf1e5f4b300b394dbaaaf34957670b8f5b4ba2
tcn,electrode,29,bandpass_n20002_cLL_electrode_s0,phase2/results/predictions/full/electrode/tcn/seed_29/bandpass_n20002_cLL_electrode_s0.npz,75874,db06514a6e0ab01983e9d7061461e9f4032c3880b75d957078dbd6cc840ea7df
tcn,electrode,29,bandpass_n20002_cLL_covariance_s20,phase2/results/predictions/full/electrode/tcn/seed_29/bandpass_n20002_cLL_covariance_s20.npz,76320,497c109acd35b03af01c6a8b6bbc8d14e2763cb986458b132f7b1667c3a56fbf
tcn,electrode,29,bandpass_n20002_cLL_covariance_s15,phase2/results/predictions/full/electrode/tcn/seed_29/bandpass_n20002_cLL_covariance_s15.npz,76338,70b253c66235dbb1dd4a920fb62bdb3cd2ae62f267a048321acb6fe87b09e4c8
tcn,electrode,29,bandpass_n20002_cLL_covariance_s10,phase2/results/predictions/full/electrode/tcn/seed_29/bandpass_n20002_cLL_covariance_s10.npz,76344,f3f93baf1dc99cae4f9ede2f7785f87ae746610e660f64e78912507b216d3b3c
tcn,electrode,29,bandpass_n20002_cLL_covariance_s5,phase2/results/predictions/full/electrode/tcn/seed_29/bandpass_n20002_cLL_covariance_s5.npz,76158,fa5eb10af43b31056f4e37bb6e6389be55cb0f7de8898e107970e5f7098930d7
tcn,electrode,29,bandpass_n20002_cLL_covariance_s0,phase2/results/predictions/full/electrode/tcn/seed_29/bandpass_n20002_cLL_covariance_s0.npz,75857,cc3d89aa05655c94431e4c14587cf7ecbdd0697ce0ce3e53f5a057f54806fd97
tcn,electrode,29,bandpass_n20002_cRA_V1_independent_rms_s20,phase2/results/predictions/full/electrode/tcn/seed_29/bandpass_n20002_cRA_V1_independent_rms_s20.npz,76381,bf186b9ebfeaaf3f190ff5c17f86798f51a713e15d67066440aeaa0cb99043b2
tcn,electrode,29,bandpass_n20002_cRA_V1_independent_rms_s15,phase2/results/predictions/full/electrode/tcn/seed_29/bandpass_n20002_cRA_V1_independent_rms_s15.npz,76398,114f7270389e79a872f3d72d8382c24e72d99257880174df102905676715d4f5
tcn,electrode,29,bandpass_n20002_cRA_V1_independent_rms_s10,phase2/results/predictions/full/electrode/tcn/seed_29/bandpass_n20002_cRA_V1_independent_rms_s10.npz,76338,3eed93110b3ef2306fb066326af50fc1d3b0361a7b21d1fd7212fa0e4d849be9
tcn,electrode,29,bandpass_n20002_cRA_V1_independent_rms_s5,phase2/results/predictions/full/electrode/tcn/seed_29/bandpass_n20002_cRA_V1_independent_rms_s5.npz,76199,629ae3e53d69f740426c53282dc1ac6d9ca18d522a669688028f28518695096b
tcn,electrode,29,bandpass_n20002_cRA_V1_independent_rms_s0,phase2/results/predictions/full/electrode/tcn/seed_29/bandpass_n20002_cRA_V1_independent_rms_s0.npz,75917,5195b7b5cdcbbbdbd5ea351ce6c986b93909848463b2a36a78ccb152fe48dccd
tcn,electrode,29,bandpass_n20002_cRA_V1_electrode_s20,phase2/results/predictions/full/electrode/tcn/seed_29/bandpass_n20002_cRA_V1_electrode_s20.npz,76366,588bf5c9881b8679f0aace0b292472283d4e2a7c475712ac35a9a41a3b378624
tcn,electrode,29,bandpass_n20002_cRA_V1_electrode_s15,phase2/results/predictions/full/electrode/tcn/seed_29/bandpass_n20002_cRA_V1_electrode_s15.npz,76350,85e56b7c81f50735a0ea20f4270561ae221cf63738a84c8afe915ce34666b25e
tcn,electrode,29,bandpass_n20002_cRA_V1_electrode_s10,phase2/results/predictions/full/electrode/tcn/seed_29/bandpass_n20002_cRA_V1_electrode_s10.npz,76273,8004acab9b967efc68291faf8bdc9c97e8b861acd808777f6ca60f5197b29454
tcn,electrode,29,bandpass_n20002_cRA_V1_electrode_s5,phase2/results/predictions/full/electrode/tcn/seed_29/bandpass_n20002_cRA_V1_electrode_s5.npz,76124,d07c1646a0f0e90a75e29b036d390df93809d3a5475c2a89802f403fab692855
tcn,electrode,29,bandpass_n20002_cRA_V1_electrode_s0,phase2/results/predictions/full/electrode/tcn/seed_29/bandpass_n20002_cRA_V1_electrode_s0.npz,75567,33cb15d34e45830151ab4d1ab985173099f7f602388609fe33344670ea7e3480
tcn,electrode,29,bandpass_n20002_cRA_V1_covariance_s20,phase2/results/predictions/full/electrode/tcn/seed_29/bandpass_n20002_cRA_V1_covariance_s20.npz,76374,e85928d574308adc52af9a514f5f9b7cc88f13012f7956fab149b3a50713cab8
tcn,electrode,29,bandpass_n20002_cRA_V1_covariance_s15,phase2/results/predictions/full/electrode/tcn/seed_29/bandpass_n20002_cRA_V1_covariance_s15.npz,76371,a531f999386181df2f6e9a56cac99c805949eb9d4548008d2d2e491c86aa1245
tcn,electrode,29,bandpass_n20002_cRA_V1_covariance_s10,phase2/results/predictions/full/electrode/tcn/seed_29/bandpass_n20002_cRA_V1_covariance_s10.npz,76266,09a4ef8e552b2a6f4c7cd775f7fbbf799c8c1f5a0d8465560e34752b5808398f
tcn,electrode,29,bandpass_n20002_cRA_V1_covariance_s5,phase2/results/predictions/full/electrode/tcn/seed_29/bandpass_n20002_cRA_V1_covariance_s5.npz,76097,bb0c9c74e6f49819386cb8ad22615c4e30ce0459a3b5c92ea924401b9e4a53ab
tcn,electrode,29,bandpass_n20002_cRA_V1_covariance_s0,phase2/results/predictions/full/electrode/tcn/seed_29/bandpass_n20002_cRA_V1_covariance_s0.npz,75596,77318f4a16e80bbe3d81908e961d2f1de5b3b089813695134b991168ef53bbca
tcn,electrode,29,bandpass_n20002_cLA_V6_independent_rms_s20,phase2/results/predictions/full/electrode/tcn/seed_29/bandpass_n20002_cLA_V6_independent_rms_s20.npz,76397,171206f52184e59d9e6b149f30466003a9fe19ca49a068802cd9e07c7a5dbd08
tcn,electrode,29,bandpass_n20002_cLA_V6_independent_rms_s15,phase2/results/predictions/full/electrode/tcn/seed_29/bandpass_n20002_cLA_V6_independent_rms_s15.npz,76388,7bba7aedfa621fb24f3502cd4d8c5e469ab3b8c23acd76c3d3698d504c8d85f4
tcn,electrode,29,bandpass_n20002_cLA_V6_independent_rms_s10,phase2/results/predictions/full/electrode/tcn/seed_29/bandpass_n20002_cLA_V6_independent_rms_s10.npz,76382,c5effaee90d8fd04b5cd2dfd245c64ca5b8238b77aabae0e959f241a310c2c74
tcn,electrode,29,bandpass_n20002_cLA_V6_independent_rms_s5,phase2/results/predictions/full/electrode/tcn/seed_29/bandpass_n20002_cLA_V6_independent_rms_s5.npz,76245,c61f4f3254605b5f11093af1a79149bfc11d55fa07d00ae2e7534ebd16f7eea9
tcn,electrode,29,bandpass_n20002_cLA_V6_independent_rms_s0,phase2/results/predictions/full/electrode/tcn/seed_29/bandpass_n20002_cLA_V6_independent_rms_s0.npz,75993,62d25c1968027ce1c5211a252f1084cade96d3c2a7e08f9b654e13451b50bd82
tcn,electrode,29,bandpass_n20002_cLA_V6_electrode_s20,phase2/results/predictions/full/electrode/tcn/seed_29/bandpass_n20002_cLA_V6_electrode_s20.npz,76387,b0cb5c7c734e14deb029798de204053135a3993acef63a1dcaf0d6884cf656b8
tcn,electrode,29,bandpass_n20002_cLA_V6_electrode_s15,phase2/results/predictions/full/electrode/tcn/seed_29/bandpass_n20002_cLA_V6_electrode_s15.npz,76368,15d3309f187b756421ac3efa6907fe127cbf59b2805e04c1da6a8f7346723b79
tcn,electrode,29,bandpass_n20002_cLA_V6_electrode_s10,phase2/results/predictions/full/electrode/tcn/seed_29/bandpass_n20002_cLA_V6_electrode_s10.npz,76299,054ed073681fe4eaf8d7d3996aa5514ee58a9c67c8c70c61b0f9c45120ee9052
tcn,electrode,29,bandpass_n20002_cLA_V6_electrode_s5,phase2/results/predictions/full/electrode/tcn/seed_29/bandpass_n20002_cLA_V6_electrode_s5.npz,76213,6cb9c44333aca02b86295f0ee50c8709d6c7ab71e757aa0fd7e6cf37372d27b2
tcn,electrode,29,bandpass_n20002_cLA_V6_electrode_s0,phase2/results/predictions/full/electrode/tcn/seed_29/bandpass_n20002_cLA_V6_electrode_s0.npz,75864,1e9c97b7a33ece66fc55854eac0f4e48d3a2028942dfec6f713678833b93f71d
tcn,electrode,29,bandpass_n20002_cLA_V6_covariance_s20,phase2/results/predictions/full/electrode/tcn/seed_29/bandpass_n20002_cLA_V6_covariance_s20.npz,76374,e39acd4d938bb201386a931b27311a88e0d8a4c2f608d8b3c5fd36d3c5b95104
tcn,electrode,29,bandpass_n20002_cLA_V6_covariance_s15,phase2/results/predictions/full/electrode/tcn/seed_29/bandpass_n20002_cLA_V6_covariance_s15.npz,76333,4773571786c5b0231d17478b8c82657e5aeba55a29732c6b0da7b777b0b9b5d9
tcn,electrode,29,bandpass_n20002_cLA_V6_covariance_s10,phase2/results/predictions/full/electrode/tcn/seed_29/bandpass_n20002_cLA_V6_covariance_s10.npz,76314,51947aee9214eacbae3a5e08610c42ceef5008e1fa2e00a7b19111d9701a1b71
tcn,electrode,29,bandpass_n20002_cLA_V6_covariance_s5,phase2/results/predictions/full/electrode/tcn/seed_29/bandpass_n20002_cLA_V6_covariance_s5.npz,76200,892153ab0dc6aa1d2ea7cdf22db738872e22958c047292be640c154c56000a87
tcn,electrode,29,bandpass_n20002_cLA_V6_covariance_s0,phase2/results/predictions/full/electrode/tcn/seed_29/bandpass_n20002_cLA_V6_covariance_s0.npz,75857,cf36281f7e3ea3620b8767d1a7af13140dce4e24460fd8d2d025ac9c251d1d66
tcn,electrode,29,bandpass_n20002_cLL_V4_independent_rms_s20,phase2/results/predictions/full/electrode/tcn/seed_29/bandpass_n20002_cLL_V4_independent_rms_s20.npz,76392,641640b32692438a2e5e311f5e21acc7d803ea0b3a4f33436563e185ca761d7c
tcn,electrode,29,bandpass_n20002_cLL_V4_independent_rms_s15,phase2/results/predictions/full/electrode/tcn/seed_29/bandpass_n20002_cLL_V4_independent_rms_s15.npz,76395,8a31e26bab41f6a719a2f26eea8e7f1a56556974ec2f8d92d462db940baac78f
tcn,electrode,29,bandpass_n20002_cLL_V4_independent_rms_s10,phase2/results/predictions/full/electrode/tcn/seed_29/bandpass_n20002_cLL_V4_independent_rms_s10.npz,76349,09658b79fb3931e0eb1bc29932cf1be953d6d8f5b6a50c5f83ec47c1240fd261
tcn,electrode,29,bandpass_n20002_cLL_V4_independent_rms_s5,phase2/results/predictions/full/electrode/tcn/seed_29/bandpass_n20002_cLL_V4_independent_rms_s5.npz,76252,7aa23ce088f938df1ee9102b405b8d8eee5d6a3213c5dfd0e5fd666364688797
tcn,electrode,29,bandpass_n20002_cLL_V4_independent_rms_s0,phase2/results/predictions/full/electrode/tcn/seed_29/bandpass_n20002_cLL_V4_independent_rms_s0.npz,75966,6d012debf9d06a874f7f597a1c1509d73c30590e5827a36897ced473a020503f
tcn,electrode,29,bandpass_n20002_cLL_V4_electrode_s20,phase2/results/predictions/full/electrode/tcn/seed_29/bandpass_n20002_cLL_V4_electrode_s20.npz,76380,96c88074b43f054978c7c03a2b6e88802e7de63f553e55e306376b75e561193f
tcn,electrode,29,bandpass_n20002_cLL_V4_electrode_s15,phase2/results/predictions/full/electrode/tcn/seed_29/bandpass_n20002_cLL_V4_electrode_s15.npz,76349,85425f4cafe207ddc57a041c091113b4212c7c6f1a18ad0e6175e5b59640665c
tcn,electrode,29,bandpass_n20002_cLL_V4_electrode_s10,phase2/results/predictions/full/electrode/tcn/seed_29/bandpass_n20002_cLL_V4_electrode_s10.npz,76315,f2e39fbefa3e9dd43cd21289c2bde86fd254208f75623c42c88d3ecab47d6493
tcn,electrode,29,bandpass_n20002_cLL_V4_electrode_s5,phase2/results/predictions/full/electrode/tcn/seed_29/bandpass_n20002_cLL_V4_electrode_s5.npz,76205,421a1d500e010187c380f531ff74bd3f5af4a1f7e3ed5197b8886bd52c1fa185
tcn,electrode,29,bandpass_n20002_cLL_V4_electrode_s0,phase2/results/predictions/full/electrode/tcn/seed_29/bandpass_n20002_cLL_V4_electrode_s0.npz,75868,3725653babf0c7e0e45246047385dedc3ec030dbe0f063a97eab89c17c2bbd10
tcn,electrode,29,bandpass_n20002_cLL_V4_covariance_s20,phase2/results/predictions/full/electrode/tcn/seed_29/bandpass_n20002_cLL_V4_covariance_s20.npz,76403,25669237f38f7aa08b2f9088d088b8e7960f6bf2eed74727c05230b6597f5721
tcn,electrode,29,bandpass_n20002_cLL_V4_covariance_s15,phase2/results/predictions/full/electrode/tcn/seed_29/bandpass_n20002_cLL_V4_covariance_s15.npz,76382,af0da14d808ec3b40ae096500db79e84c6337576393df8ed2e262f06451e29df
tcn,electrode,29,bandpass_n20002_cLL_V4_covariance_s10,phase2/results/predictions/full/electrode/tcn/seed_29/bandpass_n20002_cLL_V4_covariance_s10.npz,76328,8faab2033044d22cba7a533697b04578bbf5c940887fabf805da3e297268f06e
tcn,electrode,29,bandpass_n20002_cLL_V4_covariance_s5,phase2/results/predictions/full/electrode/tcn/seed_29/bandpass_n20002_cLL_V4_covariance_s5.npz,76242,2ba13ef300af27b2566c78efd7808b18f1727322b29c9105e9a90e3478c38334
tcn,electrode,29,bandpass_n20002_cLL_V4_covariance_s0,phase2/results/predictions/full/electrode/tcn/seed_29/bandpass_n20002_cLL_V4_covariance_s0.npz,75918,41f7e5d2009cb6f8ca7574256a44ff9898746db49d50641e18c2e9f2d6dff2f0
tcn,electrode,29,bandpass_n20002_cRA_LA_V1_V6_independent_rms_s20,phase2/results/predictions/full/electrode/tcn/seed_29/bandpass_n20002_cRA_LA_V1_V6_independent_rms_s20.npz,76413,cd89835cb22665d414663c59655850369bd425e17a36f6e2c69fe617f83466c6
tcn,electrode,29,bandpass_n20002_cRA_LA_V1_V6_independent_rms_s15,phase2/results/predictions/full/electrode/tcn/seed_29/bandpass_n20002_cRA_LA_V1_V6_independent_rms_s15.npz,76400,f40221fcc0f84418cbd508954c5a2ab5526944028bdb8d83efbee7cde55ebf15
tcn,electrode,29,bandpass_n20002_cRA_LA_V1_V6_independent_rms_s10,phase2/results/predictions/full/electrode/tcn/seed_29/bandpass_n20002_cRA_LA_V1_V6_independent_rms_s10.npz,76375,9dea30319eb198bf5b11c5a902f8bccdb9396e4633559bd426d0ad64822a062f
tcn,electrode,29,bandpass_n20002_cRA_LA_V1_V6_independent_rms_s5,phase2/results/predictions/full/electrode/tcn/seed_29/bandpass_n20002_cRA_LA_V1_V6_independent_rms_s5.npz,76230,bde2b82184b146698d06e82265ff4553a7679220fe7f04f3f0e9a4ba93f1c1f2
tcn,electrode,29,bandpass_n20002_cRA_LA_V1_V6_independent_rms_s0,phase2/results/predictions/full/electrode/tcn/seed_29/bandpass_n20002_cRA_LA_V1_V6_independent_rms_s0.npz,75947,4c850d1de6c68968e93c6d961bfaa1a7cd60e4a9deb61145abf4da914273bb6f
tcn,electrode,29,bandpass_n20002_cRA_LA_V1_V6_electrode_s20,phase2/results/predictions/full/electrode/tcn/seed_29/bandpass_n20002_cRA_LA_V1_V6_electrode_s20.npz,76381,e4596bcd0fb92d0877b571fa85e76954d40cd704ef094d75f97de1e2bfef1209
tcn,electrode,29,bandpass_n20002_cRA_LA_V1_V6_electrode_s15,phase2/results/predictions/full/electrode/tcn/seed_29/bandpass_n20002_cRA_LA_V1_V6_electrode_s15.npz,76382,ba319c50c0b88149cbe2faf3ef6a13b3dae2dc7285dc7bcbaa84d1291393e8ef
tcn,electrode,29,bandpass_n20002_cRA_LA_V1_V6_electrode_s10,phase2/results/predictions/full/electrode/tcn/seed_29/bandpass_n20002_cRA_LA_V1_V6_electrode_s10.npz,76301,e125e999abb80a1d5dd1a7ec45b0a36edf6cfac75c456ed9a7fc0aae0547de81
tcn,electrode,29,bandpass_n20002_cRA_LA_V1_V6_electrode_s5,phase2/results/predictions/full/electrode/tcn/seed_29/bandpass_n20002_cRA_LA_V1_V6_electrode_s5.npz,76126,0a11bfb352e3519d60a5f0d7493defd830b2e245b750a6dadbf040d77781c068
tcn,electrode,29,bandpass_n20002_cRA_LA_V1_V6_electrode_s0,phase2/results/predictions/full/electrode/tcn/seed_29/bandpass_n20002_cRA_LA_V1_V6_electrode_s0.npz,75745,52450af2ad5b2f50098b68378d9410beb40cc2a002b286e17618c90c500dc176
tcn,electrode,29,bandpass_n20002_cRA_LA_V1_V6_covariance_s20,phase2/results/predictions/full/electrode/tcn/seed_29/bandpass_n20002_cRA_LA_V1_V6_covariance_s20.npz,76379,52436b22354a786a8d87da2454a991edbb77d730827567a9117fe7d271152718
tcn,electrode,29,bandpass_n20002_cRA_LA_V1_V6_covariance_s15,phase2/results/predictions/full/electrode/tcn/seed_29/bandpass_n20002_cRA_LA_V1_V6_covariance_s15.npz,76358,9e5ff4e158b9510144c17bd5debf47124d776e333561ede692b5fc78b3f70309
tcn,electrode,29,bandpass_n20002_cRA_LA_V1_V6_covariance_s10,phase2/results/predictions/full/electrode/tcn/seed_29/bandpass_n20002_cRA_LA_V1_V6_covariance_s10.npz,76306,a69a438134825a668b26813ec4da50dc38ea7be2a56155cf7dadefb486e8defb
tcn,electrode,29,bandpass_n20002_cRA_LA_V1_V6_covariance_s5,phase2/results/predictions/full/electrode/tcn/seed_29/bandpass_n20002_cRA_LA_V1_V6_covariance_s5.npz,76179,2b38ab847c5c6fdabe6d8920879f1eeb10186b4a0d96b4b9ad795aab71ed49a2
tcn,electrode,29,bandpass_n20002_cRA_LA_V1_V6_covariance_s0,phase2/results/predictions/full/electrode/tcn/seed_29/bandpass_n20002_cRA_LA_V1_V6_covariance_s0.npz,75704,6bbdf51dbd9c62a9af540728a6e02679b186b74ae5011188b5ec3caea6011b7a
tcn,electrode,29,bandpass_n20002_cRA_V2_V5_independent_rms_s20,phase2/results/predictions/full/electrode/tcn/seed_29/bandpass_n20002_cRA_V2_V5_independent_rms_s20.npz,76407,e15b97ff4d7b03ef89c5bc716e98b1449ef48e4a85dd7e1b10dc4ab48c7882bc
tcn,electrode,29,bandpass_n20002_cRA_V2_V5_independent_rms_s15,phase2/results/predictions/full/electrode/tcn/seed_29/bandpass_n20002_cRA_V2_V5_independent_rms_s15.npz,76410,3aa2fb2e6233cef11afd68fac48aa79f9e567ac2df9e329fe37639f38dd1fefd
tcn,electrode,29,bandpass_n20002_cRA_V2_V5_independent_rms_s10,phase2/results/predictions/full/electrode/tcn/seed_29/bandpass_n20002_cRA_V2_V5_independent_rms_s10.npz,76346,dfec5396e3b8faa937b73da3a41a3b5a8547b870f3b6636c42f34be7cda0591b
tcn,electrode,29,bandpass_n20002_cRA_V2_V5_independent_rms_s5,phase2/results/predictions/full/electrode/tcn/seed_29/bandpass_n20002_cRA_V2_V5_independent_rms_s5.npz,76233,6762e39418bf937b3f3764bebb050169f715f212c89f4c9571e1d4bc59181123
tcn,electrode,29,bandpass_n20002_cRA_V2_V5_independent_rms_s0,phase2/results/predictions/full/electrode/tcn/seed_29/bandpass_n20002_cRA_V2_V5_independent_rms_s0.npz,75962,fcc6bd978546f1a094f5de5b49d0c94975c9a060ce6ebdd3e5451d23d596ce9d
tcn,electrode,29,bandpass_n20002_cRA_V2_V5_electrode_s20,phase2/results/predictions/full/electrode/tcn/seed_29/bandpass_n20002_cRA_V2_V5_electrode_s20.npz,76408,baeb7c2de9b26422a5b3bcebd8263e5451f870fdf1dcb27eeff22ad2433b9520
tcn,electrode,29,bandpass_n20002_cRA_V2_V5_electrode_s15,phase2/results/predictions/full/electrode/tcn/seed_29/bandpass_n20002_cRA_V2_V5_electrode_s15.npz,76364,003c5402dfb4f78094dc5b8f3a25b2ccde335bed9b0e4f05edb0de45b9e9349e
tcn,electrode,29,bandpass_n20002_cRA_V2_V5_electrode_s10,phase2/results/predictions/full/electrode/tcn/seed_29/bandpass_n20002_cRA_V2_V5_electrode_s10.npz,76299,d432ffe8bfa1c5110af6db75df08eaa03d233d94ce5fc49d6094fb785c133843
tcn,electrode,29,bandpass_n20002_cRA_V2_V5_electrode_s5,phase2/results/predictions/full/electrode/tcn/seed_29/bandpass_n20002_cRA_V2_V5_electrode_s5.npz,76186,51a3da5017b3ef1a4124c1fea855795e3fba5f2214b0f778f5c21a3780d539d3
tcn,electrode,29,bandpass_n20002_cRA_V2_V5_electrode_s0,phase2/results/predictions/full/electrode/tcn/seed_29/bandpass_n20002_cRA_V2_V5_electrode_s0.npz,75718,bd27df606c7abd300315cf9fedf48f15c6bfa1b66289d5f26f35b6464c06de17
tcn,electrode,29,bandpass_n20002_cRA_V2_V5_covariance_s20,phase2/results/predictions/full/electrode/tcn/seed_29/bandpass_n20002_cRA_V2_V5_covariance_s20.npz,76352,25513aaa0c278798f3342f4f12107c2d01233c7983ec829a6f98128b2f5607a9
tcn,electrode,29,bandpass_n20002_cRA_V2_V5_covariance_s15,phase2/results/predictions/full/electrode/tcn/seed_29/bandpass_n20002_cRA_V2_V5_covariance_s15.npz,76356,4ea043d2879d37f732f57736c6e644af096977424efdacb2bf80a194d45f25a8
tcn,electrode,29,bandpass_n20002_cRA_V2_V5_covariance_s10,phase2/results/predictions/full/electrode/tcn/seed_29/bandpass_n20002_cRA_V2_V5_covariance_s10.npz,76309,8b413061512945b57d7f0dd5d82467e0e3aff93dfcd979ef2c9e599579adfd60
tcn,electrode,29,bandpass_n20002_cRA_V2_V5_covariance_s5,phase2/results/predictions/full/electrode/tcn/seed_29/bandpass_n20002_cRA_V2_V5_covariance_s5.npz,76142,ab515188601500c7b96fb92e84e2e6a8817e0dc468f279196fd9e48231eaed7a
tcn,electrode,29,bandpass_n20002_cRA_V2_V5_covariance_s0,phase2/results/predictions/full/electrode/tcn/seed_29/bandpass_n20002_cRA_V2_V5_covariance_s0.npz,75733,b39448dc97b099a7414fc3a31713c4b1e96b76c3e9b90bb2fa35ae8cf7ccf791
tcn,electrode,29,bandpass_n20002_cLA_V3_V6_independent_rms_s20,phase2/results/predictions/full/electrode/tcn/seed_29/bandpass_n20002_cLA_V3_V6_independent_rms_s20.npz,76406,ecb2ec96e0b4b6a29d5ad10e764ee4fa4d7c1d4f8277016fcda543875cea16db
tcn,electrode,29,bandpass_n20002_cLA_V3_V6_independent_rms_s15,phase2/results/predictions/full/electrode/tcn/seed_29/bandpass_n20002_cLA_V3_V6_independent_rms_s15.npz,76406,7c957d6948e56ba34d5c7e1dbd4c9c18ca6bf565772614c4096f322f7694444b
tcn,electrode,29,bandpass_n20002_cLA_V3_V6_independent_rms_s10,phase2/results/predictions/full/electrode/tcn/seed_29/bandpass_n20002_cLA_V3_V6_independent_rms_s10.npz,76352,fc0a0841a0c8d787e35446eab97e79b05afa47abdc4cc4f3c50c06c96cc887fb
tcn,electrode,29,bandpass_n20002_cLA_V3_V6_independent_rms_s5,phase2/results/predictions/full/electrode/tcn/seed_29/bandpass_n20002_cLA_V3_V6_independent_rms_s5.npz,76268,094c4366dd45c91e9f937d0dca08e029b3c5f74fcd40f5b81554c832c3a86249
tcn,electrode,29,bandpass_n20002_cLA_V3_V6_independent_rms_s0,phase2/results/predictions/full/electrode/tcn/seed_29/bandpass_n20002_cLA_V3_V6_independent_rms_s0.npz,76021,ad9ce3ca9e45b91b88f5a9474049400df3df66d8ab2e3ff0d4991162b2eacb11
tcn,electrode,29,bandpass_n20002_cLA_V3_V6_electrode_s20,phase2/results/predictions/full/electrode/tcn/seed_29/bandpass_n20002_cLA_V3_V6_electrode_s20.npz,76366,36434c8f21ef43bdb00f4367d5573559e42983af5f90e4c4f9ab0a16697895db
tcn,electrode,29,bandpass_n20002_cLA_V3_V6_electrode_s15,phase2/results/predictions/full/electrode/tcn/seed_29/bandpass_n20002_cLA_V3_V6_electrode_s15.npz,76404,211bcf9261a5e9b7e5471903b03c8be4411846b07d420e604d8d16c22f3c59b4
tcn,electrode,29,bandpass_n20002_cLA_V3_V6_electrode_s10,phase2/results/predictions/full/electrode/tcn/seed_29/bandpass_n20002_cLA_V3_V6_electrode_s10.npz,76336,d695c3db677b5b05f90538f522efd2ee4d8abf5a0b454f900ff4756be55ff684
tcn,electrode,29,bandpass_n20002_cLA_V3_V6_electrode_s5,phase2/results/predictions/full/electrode/tcn/seed_29/bandpass_n20002_cLA_V3_V6_electrode_s5.npz,76235,43d04e3cc6b8f6bd9dced02c4a7373630ce945dea900739348bcd4a7382233e1
tcn,electrode,29,bandpass_n20002_cLA_V3_V6_electrode_s0,phase2/results/predictions/full/electrode/tcn/seed_29/bandpass_n20002_cLA_V3_V6_electrode_s0.npz,75934,22ae1093a933175d1ec3d28cbfa3500dc20e31a48bc8a119f43c965b5ca6cb90
tcn,electrode,29,bandpass_n20002_cLA_V3_V6_covariance_s20,phase2/results/predictions/full/electrode/tcn/seed_29/bandpass_n20002_cLA_V3_V6_covariance_s20.npz,76403,a7ac08772610efec0dc0c4ad4764be143541895b3709c15d716027997f232643
tcn,electrode,29,bandpass_n20002_cLA_V3_V6_covariance_s15,phase2/results/predictions/full/electrode/tcn/seed_29/bandpass_n20002_cLA_V3_V6_covariance_s15.npz,76359,474ae0a2c3c1239d93e6db01640bdef3e8aad5e3382915c6fd5ce1a5f37f02b2
tcn,electrode,29,bandpass_n20002_cLA_V3_V6_covariance_s10,phase2/results/predictions/full/electrode/tcn/seed_29/bandpass_n20002_cLA_V3_V6_covariance_s10.npz,76346,8aee63ee304314eecbfc578ebf65c36c85a8da499b1bd63c199fe1160f677e9a
tcn,electrode,29,bandpass_n20002_cLA_V3_V6_covariance_s5,phase2/results/predictions/full/electrode/tcn/seed_29/bandpass_n20002_cLA_V3_V6_covariance_s5.npz,76218,0483d6d1458aa4a01c03e40a1c95cc98e985a23718a55c8202832956f561d09a
tcn,electrode,29,bandpass_n20002_cLA_V3_V6_covariance_s0,phase2/results/predictions/full/electrode/tcn/seed_29/bandpass_n20002_cLA_V3_V6_covariance_s0.npz,75939,11dadaeafe5f2fc836b6e4d57479bfed3b2df8dc085369cd544f17b9653eaac1
tcn,electrode,29,bandpass_n20002_cLL_V1_V4_independent_rms_s20,phase2/results/predictions/full/electrode/tcn/seed_29/bandpass_n20002_cLL_V1_V4_independent_rms_s20.npz,76382,b8cd239434aeb887787a9a23c5695159045ac1a60bb6243ece7bae17f1b8d610
tcn,electrode,29,bandpass_n20002_cLL_V1_V4_independent_rms_s15,phase2/results/predictions/full/electrode/tcn/seed_29/bandpass_n20002_cLL_V1_V4_independent_rms_s15.npz,76392,a58f34433a4cfe69b60ae60c7ef6b70cc8bc66672c3ed2dac347f3a16aee4031
tcn,electrode,29,bandpass_n20002_cLL_V1_V4_independent_rms_s10,phase2/results/predictions/full/electrode/tcn/seed_29/bandpass_n20002_cLL_V1_V4_independent_rms_s10.npz,76348,ededc84d2642dc227d9b62231169941dacb398f2df60269fae46dab0ed6ec63c
tcn,electrode,29,bandpass_n20002_cLL_V1_V4_independent_rms_s5,phase2/results/predictions/full/electrode/tcn/seed_29/bandpass_n20002_cLL_V1_V4_independent_rms_s5.npz,76235,ed77ec85d22b5a7f0d14245b633b2d4b56d953ea83944877c661923b79146e7d
tcn,electrode,29,bandpass_n20002_cLL_V1_V4_independent_rms_s0,phase2/results/predictions/full/electrode/tcn/seed_29/bandpass_n20002_cLL_V1_V4_independent_rms_s0.npz,75959,b8b0a5091761a1bd4b5b5ae03c05211f0005e0180d4eec6b3ed630b92ee9a74e
tcn,electrode,29,bandpass_n20002_cLL_V1_V4_electrode_s20,phase2/results/predictions/full/electrode/tcn/seed_29/bandpass_n20002_cLL_V1_V4_electrode_s20.npz,76353,25eb084e3f75465655f0f9d842b0063487fa26e239fad1ab8905dc5a5ae8862b
tcn,electrode,29,bandpass_n20002_cLL_V1_V4_electrode_s15,phase2/results/predictions/full/electrode/tcn/seed_29/bandpass_n20002_cLL_V1_V4_electrode_s15.npz,76376,ebc746b088415afed76fafddf50fd621ab97b6ee7020755a4a238b114526e330
tcn,electrode,29,bandpass_n20002_cLL_V1_V4_electrode_s10,phase2/results/predictions/full/electrode/tcn/seed_29/bandpass_n20002_cLL_V1_V4_electrode_s10.npz,76299,93ac777a4d9ed1c98e59687df18c3d31da465ef7da9eebb9884c4e6d1d611f45
tcn,electrode,29,bandpass_n20002_cLL_V1_V4_electrode_s5,phase2/results/predictions/full/electrode/tcn/seed_29/bandpass_n20002_cLL_V1_V4_electrode_s5.npz,76182,960a9471acc7af21e3ecc93d17e4bd53eeeca9445d3dcfa049c93f50a4ed21c0
tcn,electrode,29,bandpass_n20002_cLL_V1_V4_electrode_s0,phase2/results/predictions/full/electrode/tcn/seed_29/bandpass_n20002_cLL_V1_V4_electrode_s0.npz,75899,c7e92994575b2ddd57e701904bdc40940821862354c3c40f6f6259ab8bb45053
tcn,electrode,29,bandpass_n20002_cLL_V1_V4_covariance_s20,phase2/results/predictions/full/electrode/tcn/seed_29/bandpass_n20002_cLL_V1_V4_covariance_s20.npz,76366,8155c4997c4b1265ccb1cbef7f2aaa38fbd9ab55dd1bef2c16504540022fbb00
tcn,electrode,29,bandpass_n20002_cLL_V1_V4_covariance_s15,phase2/results/predictions/full/electrode/tcn/seed_29/bandpass_n20002_cLL_V1_V4_covariance_s15.npz,76361,e415f17d63a945b222a4b690de51b8947d29a37b88d1268ea58af065beae637c
tcn,electrode,29,bandpass_n20002_cLL_V1_V4_covariance_s10,phase2/results/predictions/full/electrode/tcn/seed_29/bandpass_n20002_cLL_V1_V4_covariance_s10.npz,76323,0a6c641b38ff7040422c4282eb79e72a4f92901c3039dc4175323722f9808606
tcn,electrode,29,bandpass_n20002_cLL_V1_V4_covariance_s5,phase2/results/predictions/full/electrode/tcn/seed_29/bandpass_n20002_cLL_V1_V4_covariance_s5.npz,76215,220ef1eafa7ccd3089425f1372b68c5301b339992d8c1e5e4ef4982ea4dc39da
tcn,electrode,29,bandpass_n20002_cLL_V1_V4_covariance_s0,phase2/results/predictions/full/electrode/tcn/seed_29/bandpass_n20002_cLL_V1_V4_covariance_s0.npz,75873,8243e8d41e56e9cee91fec1e2d3aa8b6bc72952dc120426f9d3375b7b352e43d
tcn,electrode,29,bandpass_n20002_call_independent_rms_s20,phase2/results/predictions/full/electrode/tcn/seed_29/bandpass_n20002_call_independent_rms_s20.npz,76380,3771235906d0799b54c08285fd403715673af1d5d3c4e2eff7c3076b548f2608
tcn,electrode,29,bandpass_n20002_call_independent_rms_s15,phase2/results/predictions/full/electrode/tcn/seed_29/bandpass_n20002_call_independent_rms_s15.npz,76349,a460a76ee95b31027c439a2d8bb6bd337517d6109fc32349b087f1d09e7894ce
tcn,electrode,29,bandpass_n20002_call_independent_rms_s10,phase2/results/predictions/full/electrode/tcn/seed_29/bandpass_n20002_call_independent_rms_s10.npz,76330,da8cbf5b786c88cd99c271662327d76cb9f59c533ed46e6b275725c260a013b5
tcn,electrode,29,bandpass_n20002_call_independent_rms_s5,phase2/results/predictions/full/electrode/tcn/seed_29/bandpass_n20002_call_independent_rms_s5.npz,76184,e362c540686c979fa297a74626d208d5bbae6230262da27923d03aaa0536808a
tcn,electrode,29,bandpass_n20002_call_independent_rms_s0,phase2/results/predictions/full/electrode/tcn/seed_29/bandpass_n20002_call_independent_rms_s0.npz,75920,de046e4a19c036a02847cae9d01c8cef9a7245707e104d45198b0c44f5825c2a
tcn,electrode,29,bandpass_n20002_call_electrode_s20,phase2/results/predictions/full/electrode/tcn/seed_29/bandpass_n20002_call_electrode_s20.npz,76371,8484d72aab71af2f8a74b0458c34c9a646f42e36d15672ed93f89618d802767c
tcn,electrode,29,bandpass_n20002_call_electrode_s15,phase2/results/predictions/full/electrode/tcn/seed_29/bandpass_n20002_call_electrode_s15.npz,76343,8c55af14d097b8b28a1dd847f7fb75808b203adf5da75780b3bd355d2b0806a8
tcn,electrode,29,bandpass_n20002_call_electrode_s10,phase2/results/predictions/full/electrode/tcn/seed_29/bandpass_n20002_call_electrode_s10.npz,76273,17a4b603ad780d8f7f5e96de24f9e012f4d2ebfea731bd073746c2e4c8478b66
tcn,electrode,29,bandpass_n20002_call_electrode_s5,phase2/results/predictions/full/electrode/tcn/seed_29/bandpass_n20002_call_electrode_s5.npz,76175,e3f1b31f3bcacde9741f4bb47f64af0a6ee9cd4f5c6a5a6e565055599ee2b80e
tcn,electrode,29,bandpass_n20002_call_electrode_s0,phase2/results/predictions/full/electrode/tcn/seed_29/bandpass_n20002_call_electrode_s0.npz,75815,29c91c148119dd48289a6156d9bc7dbed335eaa4dd0aec10cb54e17b52ee498f
tcn,electrode,29,bandpass_n20002_call_covariance_s20,phase2/results/predictions/full/electrode/tcn/seed_29/bandpass_n20002_call_covariance_s20.npz,76315,5b608d21519e7b1824ca258c69d96850c9937f3e15f5fa7fbefab47c4ba13bc9
tcn,electrode,29,bandpass_n20002_call_covariance_s15,phase2/results/predictions/full/electrode/tcn/seed_29/bandpass_n20002_call_covariance_s15.npz,76347,55f1a9785e6a1008c9338fa5edff8729a15f34289b21f9f41748af7a26a7b107
tcn,electrode,29,bandpass_n20002_call_covariance_s10,phase2/results/predictions/full/electrode/tcn/seed_29/bandpass_n20002_call_covariance_s10.npz,76270,04fc610eafb16b87fa175cf50099564e650e612230bf9bf52882ca3421437306
tcn,electrode,29,bandpass_n20002_call_covariance_s5,phase2/results/predictions/full/electrode/tcn/seed_29/bandpass_n20002_call_covariance_s5.npz,76209,216af2097fb8a228fe2a968349dfabb3b212b370168c9752549f431e710589d4
tcn,electrode,29,bandpass_n20002_call_covariance_s0,phase2/results/predictions/full/electrode/tcn/seed_29/bandpass_n20002_call_covariance_s0.npz,75786,7610cf568faa677655996d672574a497719d8bc3b60f5be66e4b75464a93990c
tcn,electrode,29,bandpass_n20003_cRA_LA_LL_independent_rms_s20,phase2/results/predictions/full/electrode/tcn/seed_29/bandpass_n20003_cRA_LA_LL_independent_rms_s20.npz,76388,4c5833a96561e89180804ad720766f654b7eb03a0a0d4e7859a621d32f1a9669
tcn,electrode,29,bandpass_n20003_cRA_LA_LL_independent_rms_s15,phase2/results/predictions/full/electrode/tcn/seed_29/bandpass_n20003_cRA_LA_LL_independent_rms_s15.npz,76368,458e3b67f8416c2cea02b7a9c555a27b8a3e6ffb67a6ea965064f02b166ca418
tcn,electrode,29,bandpass_n20003_cRA_LA_LL_independent_rms_s10,phase2/results/predictions/full/electrode/tcn/seed_29/bandpass_n20003_cRA_LA_LL_independent_rms_s10.npz,76325,21d2135f9a2c9081f738818bc0522fe28c06da93622c7b3ca538f97b7e71f289
tcn,electrode,29,bandpass_n20003_cRA_LA_LL_independent_rms_s5,phase2/results/predictions/full/electrode/tcn/seed_29/bandpass_n20003_cRA_LA_LL_independent_rms_s5.npz,76256,6d86dc07f6b54adc3b2ade3505698d2593c0a17f5b786a4dd877dc11bfc98fa5
tcn,electrode,29,bandpass_n20003_cRA_LA_LL_independent_rms_s0,phase2/results/predictions/full/electrode/tcn/seed_29/bandpass_n20003_cRA_LA_LL_independent_rms_s0.npz,75890,6e3a0976020de9c8437f937b3bd28b41aaec5436113509da68325baae76f0616
tcn,electrode,29,bandpass_n20003_cRA_LA_LL_electrode_s20,phase2/results/predictions/full/electrode/tcn/seed_29/bandpass_n20003_cRA_LA_LL_electrode_s20.npz,76348,0fc9a59395e4f288a232468a9e5d74af1d4071047e3666914ef9f85f3f52b595
tcn,electrode,29,bandpass_n20003_cRA_LA_LL_electrode_s15,phase2/results/predictions/full/electrode/tcn/seed_29/bandpass_n20003_cRA_LA_LL_electrode_s15.npz,76328,2c7da351a69f91be2b7e92013c0e21cdf51279e1b37b1a820b4791714986e796
tcn,electrode,29,bandpass_n20003_cRA_LA_LL_electrode_s10,phase2/results/predictions/full/electrode/tcn/seed_29/bandpass_n20003_cRA_LA_LL_electrode_s10.npz,76260,d4a6a80a09ffea8789cc296606500db237261ebf166b87155221060d6c2c574b
tcn,electrode,29,bandpass_n20003_cRA_LA_LL_electrode_s5,phase2/results/predictions/full/electrode/tcn/seed_29/bandpass_n20003_cRA_LA_LL_electrode_s5.npz,76164,a8ed73d1ed01ccd079be00efdfb0f9a7dd53b52f1b7143297996c513fa6cdef7
tcn,electrode,29,bandpass_n20003_cRA_LA_LL_electrode_s0,phase2/results/predictions/full/electrode/tcn/seed_29/bandpass_n20003_cRA_LA_LL_electrode_s0.npz,75717,fcfee6578f44d03ed1f081bd528d3bd4ca73c151dfbff1fc91953901a719286c
tcn,electrode,29,bandpass_n20003_cRA_LA_LL_covariance_s20,phase2/results/predictions/full/electrode/tcn/seed_29/bandpass_n20003_cRA_LA_LL_covariance_s20.npz,76362,76d64aed80b0bd5bd87592a594bae06db7fff477163404122ac5a0cec3a1b13e
tcn,electrode,29,bandpass_n20003_cRA_LA_LL_covariance_s15,phase2/results/predictions/full/electrode/tcn/seed_29/bandpass_n20003_cRA_LA_LL_covariance_s15.npz,76341,03cb6507467fd5a36a01a05abf69272dfc4a5c87ee32f38646135dd3aab9985b
tcn,electrode,29,bandpass_n20003_cRA_LA_LL_covariance_s10,phase2/results/predictions/full/electrode/tcn/seed_29/bandpass_n20003_cRA_LA_LL_covariance_s10.npz,76302,58106f94fa7a02551722a6ae1a532546f64b8c9b8e3d05535ca39bbd430c5141
tcn,electrode,29,bandpass_n20003_cRA_LA_LL_covariance_s5,phase2/results/predictions/full/electrode/tcn/seed_29/bandpass_n20003_cRA_LA_LL_covariance_s5.npz,76167,c06b456f03aa2c82ba934dae63bb870f1e2b5727deffd62d3658337f235c69d3
tcn,electrode,29,bandpass_n20003_cRA_LA_LL_covariance_s0,phase2/results/predictions/full/electrode/tcn/seed_29/bandpass_n20003_cRA_LA_LL_covariance_s0.npz,75729,c228925ec8028de5b63cf6737b723051171f605ed8b8c593fd8c8777be81c5ad
tcn,electrode,29,bandpass_n20003_cV1_independent_rms_s20,phase2/results/predictions/full/electrode/tcn/seed_29/bandpass_n20003_cV1_independent_rms_s20.npz,76356,22c6c16beb9902cd111df77c5e2995556ff1c739af11ba11292f7d4b2eeb24a4
tcn,electrode,29,bandpass_n20003_cV1_independent_rms_s15,phase2/results/predictions/full/electrode/tcn/seed_29/bandpass_n20003_cV1_independent_rms_s15.npz,76390,b4bd18f1644a7f502f64416856a5d0fb7a8ded102da35661900bddbd8ebde9dc
tcn,electrode,29,bandpass_n20003_cV1_independent_rms_s10,phase2/results/predictions/full/electrode/tcn/seed_29/bandpass_n20003_cV1_independent_rms_s10.npz,76296,08ed6afc66197737e1f018d3de59de2df7169920fbd2808071da6a3411d82fac
tcn,electrode,29,bandpass_n20003_cV1_independent_rms_s5,phase2/results/predictions/full/electrode/tcn/seed_29/bandpass_n20003_cV1_independent_rms_s5.npz,76168,8d34f2eaca8328a296ffff63f61e52f1cbb3964c4d691556a3994fe290bd4054
tcn,electrode,29,bandpass_n20003_cV1_independent_rms_s0,phase2/results/predictions/full/electrode/tcn/seed_29/bandpass_n20003_cV1_independent_rms_s0.npz,75828,c47fd3f62c30e705f28109df49d1a2f8ae4a57df7232dcfb0beb64515045064d
tcn,electrode,29,bandpass_n20003_cV1_electrode_s20,phase2/results/predictions/full/electrode/tcn/seed_29/bandpass_n20003_cV1_electrode_s20.npz,76353,1209b256cf4442151812ab6ab1c1b2204e025743ba724696c4503c1e2ed594e2
tcn,electrode,29,bandpass_n20003_cV1_electrode_s15,phase2/results/predictions/full/electrode/tcn/seed_29/bandpass_n20003_cV1_electrode_s15.npz,76365,2d3abaacae608a961328be35567e3dd28ef8450674848ba198dd0a29fd873288
tcn,electrode,29,bandpass_n20003_cV1_electrode_s10,phase2/results/predictions/full/electrode/tcn/seed_29/bandpass_n20003_cV1_electrode_s10.npz,76276,9911232497265b6f022f7a6510783b017e63aa1a08fbb611b6fa00613e71f4b0
tcn,electrode,29,bandpass_n20003_cV1_electrode_s5,phase2/results/predictions/full/electrode/tcn/seed_29/bandpass_n20003_cV1_electrode_s5.npz,76160,3f55f352a5718c15c477eb6ce8fe6da8655aa0546812dea5371dff8511eec2dc
tcn,electrode,29,bandpass_n20003_cV1_electrode_s0,phase2/results/predictions/full/electrode/tcn/seed_29/bandpass_n20003_cV1_electrode_s0.npz,75786,74c1bc3e5c6121c34e504e54dc185e829b91f3e919859cb2d1df2c55d9da39ab
tcn,electrode,29,bandpass_n20003_cV1_covariance_s20,phase2/results/predictions/full/electrode/tcn/seed_29/bandpass_n20003_cV1_covariance_s20.npz,76359,3eafc42c35162da68bbcdec5d1df833b76e2c990d279ded1a778bdf33ebd00c3
tcn,electrode,29,bandpass_n20003_cV1_covariance_s15,phase2/results/predictions/full/electrode/tcn/seed_29/bandpass_n20003_cV1_covariance_s15.npz,76373,37f175d3b72c3b94de4cb83295e288d60c6518b9989693512043bedc915581dc
tcn,electrode,29,bandpass_n20003_cV1_covariance_s10,phase2/results/predictions/full/electrode/tcn/seed_29/bandpass_n20003_cV1_covariance_s10.npz,76299,a719c0c1d1ba1ae475703e6a9e80f28ac2bd6013046598b9fa9a328ed747cea7
tcn,electrode,29,bandpass_n20003_cV1_covariance_s5,phase2/results/predictions/full/electrode/tcn/seed_29/bandpass_n20003_cV1_covariance_s5.npz,76182,9feb324224cb05f8be9b8c5269788ae242514ae99f73f591b1b7c3f216ac127d
tcn,electrode,29,bandpass_n20003_cV1_covariance_s0,phase2/results/predictions/full/electrode/tcn/seed_29/bandpass_n20003_cV1_covariance_s0.npz,75812,b797d195772a76b2cf9fb1a398709f3e866427051ba98457e46327fa0a7f90cd
tcn,electrode,29,bandpass_n20003_cV2_independent_rms_s20,phase2/results/predictions/full/electrode/tcn/seed_29/bandpass_n20003_cV2_independent_rms_s20.npz,76343,df951524c5b145041fa720527268a4ec519529c089f52150e929688a29ad033e
tcn,electrode,29,bandpass_n20003_cV2_independent_rms_s15,phase2/results/predictions/full/electrode/tcn/seed_29/bandpass_n20003_cV2_independent_rms_s15.npz,76351,e5e1631aa9dc0ec5293a1256eedb8126931d4c1fdcbb61809be4df603f03f0b6
tcn,electrode,29,bandpass_n20003_cV2_independent_rms_s10,phase2/results/predictions/full/electrode/tcn/seed_29/bandpass_n20003_cV2_independent_rms_s10.npz,76297,3728c353a80a3bc185b994ec90908749a726be13040967f0c0d651d9df9b352d
tcn,electrode,29,bandpass_n20003_cV2_independent_rms_s5,phase2/results/predictions/full/electrode/tcn/seed_29/bandpass_n20003_cV2_independent_rms_s5.npz,76241,c1ba4421cd07ceab28f155d50aac71948639fae450226b629406a6d2ab42ed3d
tcn,electrode,29,bandpass_n20003_cV2_independent_rms_s0,phase2/results/predictions/full/electrode/tcn/seed_29/bandpass_n20003_cV2_independent_rms_s0.npz,75936,3673e66a9ae3c0ccae3d69ad57084594a2dd501120774b7cafeffd4ee898eca6
tcn,electrode,29,bandpass_n20003_cV2_electrode_s20,phase2/results/predictions/full/electrode/tcn/seed_29/bandpass_n20003_cV2_electrode_s20.npz,76374,dc9fef8dcf33942fdc13699bcecf840b90dacb46eb66bb7267b6ef497a5955c4
tcn,electrode,29,bandpass_n20003_cV2_electrode_s15,phase2/results/predictions/full/electrode/tcn/seed_29/bandpass_n20003_cV2_electrode_s15.npz,76334,11198746c68397feaad4ce5b927778bc3af160a80ce1d6e07054f035d30c68ac
tcn,electrode,29,bandpass_n20003_cV2_electrode_s10,phase2/results/predictions/full/electrode/tcn/seed_29/bandpass_n20003_cV2_electrode_s10.npz,76303,e15e017e78fc5218395b8912c9dd508a2bc002e4bacab7814b762b5d27ecbd8b
tcn,electrode,29,bandpass_n20003_cV2_electrode_s5,phase2/results/predictions/full/electrode/tcn/seed_29/bandpass_n20003_cV2_electrode_s5.npz,76211,177223a69e4d9de7b0b55f1aa8ba1b17af8eb1639add02502b305cd612b21af3
tcn,electrode,29,bandpass_n20003_cV2_electrode_s0,phase2/results/predictions/full/electrode/tcn/seed_29/bandpass_n20003_cV2_electrode_s0.npz,75939,6a01870ca033acf89377b7ee0935882894af742f0b19aca9a405d0f88bd71cf0
tcn,electrode,29,bandpass_n20003_cV2_covariance_s20,phase2/results/predictions/full/electrode/tcn/seed_29/bandpass_n20003_cV2_covariance_s20.npz,76354,e9b0df1de45abc536b4ed52879e653e658700d116a62135c08cc63cd159efb84
tcn,electrode,29,bandpass_n20003_cV2_covariance_s15,phase2/results/predictions/full/electrode/tcn/seed_29/bandpass_n20003_cV2_covariance_s15.npz,76330,8ce978fb1c93745189e43f26470a11accec6663ea1246b53104856dc409dd46b
tcn,electrode,29,bandpass_n20003_cV2_covariance_s10,phase2/results/predictions/full/electrode/tcn/seed_29/bandpass_n20003_cV2_covariance_s10.npz,76296,b77ad2c245e451acaa0ff9c448a5d27e971e0f77219b40b11e854b34f7b9cfd9
tcn,electrode,29,bandpass_n20003_cV2_covariance_s5,phase2/results/predictions/full/electrode/tcn/seed_29/bandpass_n20003_cV2_covariance_s5.npz,76198,d2e85841571ded6883f9c0a3e7d81d258346d2159a8b595eed5f1789784fb4cc
tcn,electrode,29,bandpass_n20003_cV2_covariance_s0,phase2/results/predictions/full/electrode/tcn/seed_29/bandpass_n20003_cV2_covariance_s0.npz,75951,9591a07918bc77c933d238123b8b275e4013fa3edf5679f410df176324fdfc3e
tcn,electrode,29,bandpass_n20003_cV3_independent_rms_s20,phase2/results/predictions/full/electrode/tcn/seed_29/bandpass_n20003_cV3_independent_rms_s20.npz,76356,6f4a12eed954ffcf0be94d3af862f87473b8682b718e5605bb789105ccccdc88
tcn,electrode,29,bandpass_n20003_cV3_independent_rms_s15,phase2/results/predictions/full/electrode/tcn/seed_29/bandpass_n20003_cV3_independent_rms_s15.npz,76371,5959c6ad912165e1fdcecd55eebe12eb8981a4111ef5eb5bf720a0915b5a0e4d
tcn,electrode,29,bandpass_n20003_cV3_independent_rms_s10,phase2/results/predictions/full/electrode/tcn/seed_29/bandpass_n20003_cV3_independent_rms_s10.npz,76358,4e13cc2043526c7ed92c29bafb0815b7a95e279d5ad66174b44b3eabd962bf66
tcn,electrode,29,bandpass_n20003_cV3_independent_rms_s5,phase2/results/predictions/full/electrode/tcn/seed_29/bandpass_n20003_cV3_independent_rms_s5.npz,76329,c0b362695a171bca3635f865640372b5371f6636e74ca1fe4db58392877f162f
tcn,electrode,29,bandpass_n20003_cV3_independent_rms_s0,phase2/results/predictions/full/electrode/tcn/seed_29/bandpass_n20003_cV3_independent_rms_s0.npz,76225,0059d0af3f01718dd9fd5ebb0b269cb1880e8497b53cfffe3f9b3a8c5a5659d5
tcn,electrode,29,bandpass_n20003_cV3_electrode_s20,phase2/results/predictions/full/electrode/tcn/seed_29/bandpass_n20003_cV3_electrode_s20.npz,76380,b97fc273069ac9f79517146a1f33965c04a228e76b73322d433c5d74036d78da
tcn,electrode,29,bandpass_n20003_cV3_electrode_s15,phase2/results/predictions/full/electrode/tcn/seed_29/bandpass_n20003_cV3_electrode_s15.npz,76327,a1542258d6fab8a8c1615fe0cee24d3b60764b01fc63e9fbb71d3e8e33f87ce1
tcn,electrode,29,bandpass_n20003_cV3_electrode_s10,phase2/results/predictions/full/electrode/tcn/seed_29/bandpass_n20003_cV3_electrode_s10.npz,76338,27a708885eb1ed64c899f967c09240473adbaf7401750a03c9fa2f3d2b16bf0d
tcn,electrode,29,bandpass_n20003_cV3_electrode_s5,phase2/results/predictions/full/electrode/tcn/seed_29/bandpass_n20003_cV3_electrode_s5.npz,76306,e88e2b30d2dfc1301449f9e45166dbc7f1b22beb47e838363c1b0b03d3c50747
tcn,electrode,29,bandpass_n20003_cV3_electrode_s0,phase2/results/predictions/full/electrode/tcn/seed_29/bandpass_n20003_cV3_electrode_s0.npz,76207,735711cc5a3a6c61203e13d6cc1418d293cbe78dfecb80cfc9fe4398b8da9380
tcn,electrode,29,bandpass_n20003_cV3_covariance_s20,phase2/results/predictions/full/electrode/tcn/seed_29/bandpass_n20003_cV3_covariance_s20.npz,76374,e0ece2684c47bf1d79961ca88fd4594266e683d1503f301f97ba2e1a5937e3e2
tcn,electrode,29,bandpass_n20003_cV3_covariance_s15,phase2/results/predictions/full/electrode/tcn/seed_29/bandpass_n20003_cV3_covariance_s15.npz,76364,eb8c2c8b35a9c3e1b654b1d848e138e31a35a8718f7d8148de6227aa3b86a643
tcn,electrode,29,bandpass_n20003_cV3_covariance_s10,phase2/results/predictions/full/electrode/tcn/seed_29/bandpass_n20003_cV3_covariance_s10.npz,76377,333fb9a5f9fd3ff78a9b86d0ff440d365a27a218ed8eb8d7d9049e2bd168b9e2
tcn,electrode,29,bandpass_n20003_cV3_covariance_s5,phase2/results/predictions/full/electrode/tcn/seed_29/bandpass_n20003_cV3_covariance_s5.npz,76334,394c2afb23eac98737a44c6c7e2de95202ebe783ad1dc5d17a6c27757c0ebcaf
tcn,electrode,29,bandpass_n20003_cV3_covariance_s0,phase2/results/predictions/full/electrode/tcn/seed_29/bandpass_n20003_cV3_covariance_s0.npz,76260,bfe2f3011cd6229178b69428aa73cdd91eba3d08b1b28c4968e454beb89dabb3
tcn,electrode,29,bandpass_n20003_cV4_independent_rms_s20,phase2/results/predictions/full/electrode/tcn/seed_29/bandpass_n20003_cV4_independent_rms_s20.npz,76349,e28db3880e6564d5c8dd6822fe4af97bebfd836ec0f901fdbaccf69564d08773
tcn,electrode,29,bandpass_n20003_cV4_independent_rms_s15,phase2/results/predictions/full/electrode/tcn/seed_29/bandpass_n20003_cV4_independent_rms_s15.npz,76334,799d0eb285ef799bc2edab4c05d54c98b6f9cd627269a4380c8da322f36c5147
tcn,electrode,29,bandpass_n20003_cV4_independent_rms_s10,phase2/results/predictions/full/electrode/tcn/seed_29/bandpass_n20003_cV4_independent_rms_s10.npz,76349,d8bea2fa961132c823ba2ec2379cafe6efe8031040c35827fa191afcb88102d2
tcn,electrode,29,bandpass_n20003_cV4_independent_rms_s5,phase2/results/predictions/full/electrode/tcn/seed_29/bandpass_n20003_cV4_independent_rms_s5.npz,76286,4098b8669764de710b581f8ad193426fa5b91d6565bffd590d929f4afbe58eee
tcn,electrode,29,bandpass_n20003_cV4_independent_rms_s0,phase2/results/predictions/full/electrode/tcn/seed_29/bandpass_n20003_cV4_independent_rms_s0.npz,76119,e0d85d23520be11c6f47068eb2204255ffcb9718cba630508213c3485ea90340
tcn,electrode,29,bandpass_n20003_cV4_electrode_s20,phase2/results/predictions/full/electrode/tcn/seed_29/bandpass_n20003_cV4_electrode_s20.npz,76362,7252690ce63be02f4c25da7acf0a65114879b310091e8f144f109d7a6b14c0de
tcn,electrode,29,bandpass_n20003_cV4_electrode_s15,phase2/results/predictions/full/electrode/tcn/seed_29/bandpass_n20003_cV4_electrode_s15.npz,76360,ef387b8726aa5411d8780921e18ab02e49d34061a355b1d702b8e3f45d4a34f3
tcn,electrode,29,bandpass_n20003_cV4_electrode_s10,phase2/results/predictions/full/electrode/tcn/seed_29/bandpass_n20003_cV4_electrode_s10.npz,76317,752c97fa2468e27beb30291b9fc751fb286615a3836e5bc3cbe0d3b6e0b3aeea
tcn,electrode,29,bandpass_n20003_cV4_electrode_s5,phase2/results/predictions/full/electrode/tcn/seed_29/bandpass_n20003_cV4_electrode_s5.npz,76267,6e8fa3ab3c19d4a8d7e49225d20866f4133fb857968db7f82def203c7e5d49e3
tcn,electrode,29,bandpass_n20003_cV4_electrode_s0,phase2/results/predictions/full/electrode/tcn/seed_29/bandpass_n20003_cV4_electrode_s0.npz,76100,57993fb5ff021aa49503f019f411ee117b943d5cf800fbcc120192ad30369d6c
tcn,electrode,29,bandpass_n20003_cV4_covariance_s20,phase2/results/predictions/full/electrode/tcn/seed_29/bandpass_n20003_cV4_covariance_s20.npz,76370,0af4fb14b5cf6d5437af491fd3bed2392ceed23fb0e01346ec8db59cf1895d67
tcn,electrode,29,bandpass_n20003_cV4_covariance_s15,phase2/results/predictions/full/electrode/tcn/seed_29/bandpass_n20003_cV4_covariance_s15.npz,76358,9f33dc7640e8dc2fa2f5946cf3d01463e3d0d88fa5d908fe98714371a876009c
tcn,electrode,29,bandpass_n20003_cV4_covariance_s10,phase2/results/predictions/full/electrode/tcn/seed_29/bandpass_n20003_cV4_covariance_s10.npz,76355,52012976ff3e86a3ba51e3481200e855c7a58d67738e51fd2dece8bb32e24c21
tcn,electrode,29,bandpass_n20003_cV4_covariance_s5,phase2/results/predictions/full/electrode/tcn/seed_29/bandpass_n20003_cV4_covariance_s5.npz,76270,df6b22208e8c1676b5751b9e5b8d3d903568abfc9c92bfa4807c69f7deb4c23e
tcn,electrode,29,bandpass_n20003_cV4_covariance_s0,phase2/results/predictions/full/electrode/tcn/seed_29/bandpass_n20003_cV4_covariance_s0.npz,76110,a4440bfe18cfe6464f7fc69b2ea96327c2b5a9cef7010c7e3b49cfd26a39c6f5
tcn,electrode,29,bandpass_n20003_cV5_independent_rms_s20,phase2/results/predictions/full/electrode/tcn/seed_29/bandpass_n20003_cV5_independent_rms_s20.npz,76357,4653ec6fc8f5eeb492e2984c99dad720fbb2851e0ddca28e1956424cd3fe1d77
tcn,electrode,29,bandpass_n20003_cV5_independent_rms_s15,phase2/results/predictions/full/electrode/tcn/seed_29/bandpass_n20003_cV5_independent_rms_s15.npz,76378,4394b7ae7519c7ec038f69e466a104c10a09ff135ab5865f786e1834cbb8edc5
tcn,electrode,29,bandpass_n20003_cV5_independent_rms_s10,phase2/results/predictions/full/electrode/tcn/seed_29/bandpass_n20003_cV5_independent_rms_s10.npz,76341,38033339c5ccebcc365851b7b82a7487a21a633c3c1ae784d6cd5ccd717e4be6
tcn,electrode,29,bandpass_n20003_cV5_independent_rms_s5,phase2/results/predictions/full/electrode/tcn/seed_29/bandpass_n20003_cV5_independent_rms_s5.npz,76277,d39642a4cd1298504e95094b94892b2aeb19c2dd4a37e3ee6cd782e2f8ba106b
tcn,electrode,29,bandpass_n20003_cV5_independent_rms_s0,phase2/results/predictions/full/electrode/tcn/seed_29/bandpass_n20003_cV5_independent_rms_s0.npz,76089,f2e188d8cca029ffb34c227f57fb2177558d136110835ac6fd20ae29adb13565
tcn,electrode,29,bandpass_n20003_cV5_electrode_s20,phase2/results/predictions/full/electrode/tcn/seed_29/bandpass_n20003_cV5_electrode_s20.npz,76374,b09e14161913f5059c6c5d9a3206c610a5cce39ae28def42af566ebc7ece1438
tcn,electrode,29,bandpass_n20003_cV5_electrode_s15,phase2/results/predictions/full/electrode/tcn/seed_29/bandpass_n20003_cV5_electrode_s15.npz,76354,df2dd22a60383585ba0f678a1482ed4b3c5080f54b52b9e548eb9c712b6007ef
tcn,electrode,29,bandpass_n20003_cV5_electrode_s10,phase2/results/predictions/full/electrode/tcn/seed_29/bandpass_n20003_cV5_electrode_s10.npz,76373,3a017942355756d0d7fe299eb49ce5cd4aec5530a0a72768f5eb7ed6483cb467
tcn,electrode,29,bandpass_n20003_cV5_electrode_s5,phase2/results/predictions/full/electrode/tcn/seed_29/bandpass_n20003_cV5_electrode_s5.npz,76251,fa8cb7681dde73dd7823f77dd8f5aa5a50ae0d63ac516d97b63aff1071ab1caa
tcn,electrode,29,bandpass_n20003_cV5_electrode_s0,phase2/results/predictions/full/electrode/tcn/seed_29/bandpass_n20003_cV5_electrode_s0.npz,76092,8b58f731dabdf3c58a7804dd4ad6a5f3588bda02b2c90c03ba37dba347ce805c
tcn,electrode,29,bandpass_n20003_cV5_covariance_s20,phase2/results/predictions/full/electrode/tcn/seed_29/bandpass_n20003_cV5_covariance_s20.npz,76377,1531e3b952c1224aa502bd077f403a83b25d253b8cd1ddaf603e16ea1802d4c5
tcn,electrode,29,bandpass_n20003_cV5_covariance_s15,phase2/results/predictions/full/electrode/tcn/seed_29/bandpass_n20003_cV5_covariance_s15.npz,76361,8f2e943d966eb929e9bf38cee74aeaa2d7987004d825ea99bbca67ccb2dce338
tcn,electrode,29,bandpass_n20003_cV5_covariance_s10,phase2/results/predictions/full/electrode/tcn/seed_29/bandpass_n20003_cV5_covariance_s10.npz,76359,cf77a384cf62cccc29f3f8bdc70412a2bb38ef0b88c1e0ead81a5b4bc2a799ad
tcn,electrode,29,bandpass_n20003_cV5_covariance_s5,phase2/results/predictions/full/electrode/tcn/seed_29/bandpass_n20003_cV5_covariance_s5.npz,76271,051680274d4c0be73b9ef7d572a3eef00d020fcfa5fa8eb427d2bbdbc7187ab0
tcn,electrode,29,bandpass_n20003_cV5_covariance_s0,phase2/results/predictions/full/electrode/tcn/seed_29/bandpass_n20003_cV5_covariance_s0.npz,76085,f5e77cd7525f9b836af9ab5705680d8ecc1f8f0d9955f8862127a4d6515154bf
tcn,electrode,29,bandpass_n20003_cV6_independent_rms_s20,phase2/results/predictions/full/electrode/tcn/seed_29/bandpass_n20003_cV6_independent_rms_s20.npz,76354,83239c280b2b3f8b2cb2805121a585eccbb51ed2de02ccf1aba8e90cfa81b4ca
tcn,electrode,29,bandpass_n20003_cV6_independent_rms_s15,phase2/results/predictions/full/electrode/tcn/seed_29/bandpass_n20003_cV6_independent_rms_s15.npz,76379,59aad9d23b56580e71604c37bd23beba4a4bb1577f38f842fcad03c73b595d07
tcn,electrode,29,bandpass_n20003_cV6_independent_rms_s10,phase2/results/predictions/full/electrode/tcn/seed_29/bandpass_n20003_cV6_independent_rms_s10.npz,76331,5540ccbef5979dfb97266ddfa61ea94f8c28d261068d05eda828c6c9ed1b4cf4
tcn,electrode,29,bandpass_n20003_cV6_independent_rms_s5,phase2/results/predictions/full/electrode/tcn/seed_29/bandpass_n20003_cV6_independent_rms_s5.npz,76215,97aea6c65c56a6f609a64ae8c8bc4aacf196ee00cd033b49d0517d1d36866dd2
tcn,electrode,29,bandpass_n20003_cV6_independent_rms_s0,phase2/results/predictions/full/electrode/tcn/seed_29/bandpass_n20003_cV6_independent_rms_s0.npz,76035,9779db1e6a544c740034edc19fb6333a23845195c302bd843596f3605167e7ed
tcn,electrode,29,bandpass_n20003_cV6_electrode_s20,phase2/results/predictions/full/electrode/tcn/seed_29/bandpass_n20003_cV6_electrode_s20.npz,76364,bbdf0c1265431b771903447d8ef11702cf0ba2f6dc3f6c34a8465ab49e93a94a
tcn,electrode,29,bandpass_n20003_cV6_electrode_s15,phase2/results/predictions/full/electrode/tcn/seed_29/bandpass_n20003_cV6_electrode_s15.npz,76344,0c0a04e0c469b507c2c0e201430de267ca5f410e7e58bdac00f4c33069cf7100
tcn,electrode,29,bandpass_n20003_cV6_electrode_s10,phase2/results/predictions/full/electrode/tcn/seed_29/bandpass_n20003_cV6_electrode_s10.npz,76322,5076ea61f7ca69bba1da7c5c7ec97f6445c30ad9f56fcccdc8dbb920def9e833
tcn,electrode,29,bandpass_n20003_cV6_electrode_s5,phase2/results/predictions/full/electrode/tcn/seed_29/bandpass_n20003_cV6_electrode_s5.npz,76185,a58c6f2abe61511561aa69c1f0a6a2998f823dae1d22a45ec0b8ed501ddfc961
tcn,electrode,29,bandpass_n20003_cV6_electrode_s0,phase2/results/predictions/full/electrode/tcn/seed_29/bandpass_n20003_cV6_electrode_s0.npz,75976,66f97127da3eacbc3e96eb1e8d54c8430efc7a5058ec361b4e4def7975c67c86
tcn,electrode,29,bandpass_n20003_cV6_covariance_s20,phase2/results/predictions/full/electrode/tcn/seed_29/bandpass_n20003_cV6_covariance_s20.npz,76375,70df42312668cecd601cb6d7665f36fda5e27343959ba081fb5a8f3d7bf95777
tcn,electrode,29,bandpass_n20003_cV6_covariance_s15,phase2/results/predictions/full/electrode/tcn/seed_29/bandpass_n20003_cV6_covariance_s15.npz,76375,cf8d79b2c47146359f8a185a0d329f5ee10c578cdfc57e31d716093a852a54b8
tcn,electrode,29,bandpass_n20003_cV6_covariance_s10,phase2/results/predictions/full/electrode/tcn/seed_29/bandpass_n20003_cV6_covariance_s10.npz,76343,05de84ef5735d5d879e8f6c84786fd75148411be872f83d14990de63e6c40479
tcn,electrode,29,bandpass_n20003_cV6_covariance_s5,phase2/results/predictions/full/electrode/tcn/seed_29/bandpass_n20003_cV6_covariance_s5.npz,76225,dc2d7cac064f686a6783d311b4f61514d8647ba7df368ae88bc4db5af1fc1058
tcn,electrode,29,bandpass_n20003_cV6_covariance_s0,phase2/results/predictions/full/electrode/tcn/seed_29/bandpass_n20003_cV6_covariance_s0.npz,75989,4912a4c3d1db0e0143bea1c91e7343da238ef410a8bec1d4956b73ef08888416
tcn,electrode,29,bandpass_n20003_cRA_LA_independent_rms_s20,phase2/results/predictions/full/electrode/tcn/seed_29/bandpass_n20003_cRA_LA_independent_rms_s20.npz,76359,35e60c009e46cba799e081efc956e6868b03263d8a5625134b325f81171dd424
tcn,electrode,29,bandpass_n20003_cRA_LA_independent_rms_s15,phase2/results/predictions/full/electrode/tcn/seed_29/bandpass_n20003_cRA_LA_independent_rms_s15.npz,76375,859a1555acdb230d47b770c10a706ead0e5407420590f505767f412f3cb26bc9
tcn,electrode,29,bandpass_n20003_cRA_LA_independent_rms_s10,phase2/results/predictions/full/electrode/tcn/seed_29/bandpass_n20003_cRA_LA_independent_rms_s10.npz,76338,9a95874efd80a155b424c5f68504b48f3ae838b2b41a49ba378c5f2bd403fa9d
tcn,electrode,29,bandpass_n20003_cRA_LA_independent_rms_s5,phase2/results/predictions/full/electrode/tcn/seed_29/bandpass_n20003_cRA_LA_independent_rms_s5.npz,76218,dcf69f42ed0a2914593dbaabfecaffd3294c22269914ef993b6ec1f72ccae07f
tcn,electrode,29,bandpass_n20003_cRA_LA_independent_rms_s0,phase2/results/predictions/full/electrode/tcn/seed_29/bandpass_n20003_cRA_LA_independent_rms_s0.npz,75925,d31ef3f393001351e0b38a739872250c50a6fe819afa51731d49724204f3078d
tcn,electrode,29,bandpass_n20003_cRA_LA_electrode_s20,phase2/results/predictions/full/electrode/tcn/seed_29/bandpass_n20003_cRA_LA_electrode_s20.npz,76385,7d4a79b6a92a146bfb2b3e66075233ee408575e64de2e68873a5dfa182c06c16
tcn,electrode,29,bandpass_n20003_cRA_LA_electrode_s15,phase2/results/predictions/full/electrode/tcn/seed_29/bandpass_n20003_cRA_LA_electrode_s15.npz,76331,439484e546d458e8f7f67d8434771bd2c8418e8facb4103a5e5287c4d5823fb3
tcn,electrode,29,bandpass_n20003_cRA_LA_electrode_s10,phase2/results/predictions/full/electrode/tcn/seed_29/bandpass_n20003_cRA_LA_electrode_s10.npz,76261,e66b401a501703ed3390f5476f18f6412f5ac9dab8e100f9b2f29c84c0e4186c
tcn,electrode,29,bandpass_n20003_cRA_LA_electrode_s5,phase2/results/predictions/full/electrode/tcn/seed_29/bandpass_n20003_cRA_LA_electrode_s5.npz,76166,f16ad1ce09978e7a01b67f0895751f524f118fcb0ec4021b3901283dd85345bc
tcn,electrode,29,bandpass_n20003_cRA_LA_electrode_s0,phase2/results/predictions/full/electrode/tcn/seed_29/bandpass_n20003_cRA_LA_electrode_s0.npz,75673,8374ed3e869e1773e0cb4a482a2f3af7273fd1b863f342e09be27a84b64af2ae
tcn,electrode,29,bandpass_n20003_cRA_LA_covariance_s20,phase2/results/predictions/full/electrode/tcn/seed_29/bandpass_n20003_cRA_LA_covariance_s20.npz,76340,e7c347aac377d567d7adc59be8a289f285601fc04ed6beb61e4cf642f6a7bf50
tcn,electrode,29,bandpass_n20003_cRA_LA_covariance_s15,phase2/results/predictions/full/electrode/tcn/seed_29/bandpass_n20003_cRA_LA_covariance_s15.npz,76361,7fdacc8830d9803048a4c84c86522173896c076a4f9d7b4037b044a8169e40f0
tcn,electrode,29,bandpass_n20003_cRA_LA_covariance_s10,phase2/results/predictions/full/electrode/tcn/seed_29/bandpass_n20003_cRA_LA_covariance_s10.npz,76287,f027ceb1ae09e202287695dbba9e7a98c0b2a2744eb1ff4f2c29721acfcfafbc
tcn,electrode,29,bandpass_n20003_cRA_LA_covariance_s5,phase2/results/predictions/full/electrode/tcn/seed_29/bandpass_n20003_cRA_LA_covariance_s5.npz,76163,8ae587f7740318120f2ed3739f944ba7601cee2fa0e351ab1c5349ff1a57a1c6
tcn,electrode,29,bandpass_n20003_cRA_LA_covariance_s0,phase2/results/predictions/full/electrode/tcn/seed_29/bandpass_n20003_cRA_LA_covariance_s0.npz,75685,fcc5e2c1d66e872fb32b26bbdec00077fb91afb0b6aa1d16e9557fac9fa8241d
tcn,electrode,29,bandpass_n20003_cLA_LL_independent_rms_s20,phase2/results/predictions/full/electrode/tcn/seed_29/bandpass_n20003_cLA_LL_independent_rms_s20.npz,76385,3a3989e69dc827d2fdf642931bdd2ea74df52ddf25876ed6b405d51fdca026d7
tcn,electrode,29,bandpass_n20003_cLA_LL_independent_rms_s15,phase2/results/predictions/full/electrode/tcn/seed_29/bandpass_n20003_cLA_LL_independent_rms_s15.npz,76385,4cbcc6c05c1c91a30dd4cba94137b0dc8e22eeacb87c70eb4ad4b18162930a2b
tcn,electrode,29,bandpass_n20003_cLA_LL_independent_rms_s10,phase2/results/predictions/full/electrode/tcn/seed_29/bandpass_n20003_cLA_LL_independent_rms_s10.npz,76344,42344757698f54a07fa5ddfa5ea5010c7569d5aad373f337d7bf9faae19045b5
tcn,electrode,29,bandpass_n20003_cLA_LL_independent_rms_s5,phase2/results/predictions/full/electrode/tcn/seed_29/bandpass_n20003_cLA_LL_independent_rms_s5.npz,76248,01bb04941ecb7bbd7b54069ebc7f4d26c0e1b82ad60de75d25e6429ef4e436f7
tcn,electrode,29,bandpass_n20003_cLA_LL_independent_rms_s0,phase2/results/predictions/full/electrode/tcn/seed_29/bandpass_n20003_cLA_LL_independent_rms_s0.npz,75959,35cb7453c7d227ff237f004ea352ef691cb0bfd9318f0f9e040653aa4cbed84b
tcn,electrode,29,bandpass_n20003_cLA_LL_electrode_s20,phase2/results/predictions/full/electrode/tcn/seed_29/bandpass_n20003_cLA_LL_electrode_s20.npz,76359,be41c2763603aa9d161ff22a53c05eb75e245a8a0b48f7a97360ee14cbacfce5
tcn,electrode,29,bandpass_n20003_cLA_LL_electrode_s15,phase2/results/predictions/full/electrode/tcn/seed_29/bandpass_n20003_cLA_LL_electrode_s15.npz,76378,f74a4d875c0acb96a6de082223aef6fb5c4db7c4da13340e8e108e1d6fbc8fc6
tcn,electrode,29,bandpass_n20003_cLA_LL_electrode_s10,phase2/results/predictions/full/electrode/tcn/seed_29/bandpass_n20003_cLA_LL_electrode_s10.npz,76311,43f7aebc5f05274c78206687dce0f1d035c04735d1d3f52933543b3cf58ceffd
tcn,electrode,29,bandpass_n20003_cLA_LL_electrode_s5,phase2/results/predictions/full/electrode/tcn/seed_29/bandpass_n20003_cLA_LL_electrode_s5.npz,76177,c931afb6fde1875d6e1b328fde47472287e531d7755729b4e0dc572de170b5b9
tcn,electrode,29,bandpass_n20003_cLA_LL_electrode_s0,phase2/results/predictions/full/electrode/tcn/seed_29/bandpass_n20003_cLA_LL_electrode_s0.npz,75821,a03a5b5c90e3b0b63d5ae9185496d63cb46d1a757348ac99ada56ec7b16f851b
tcn,electrode,29,bandpass_n20003_cLA_LL_covariance_s20,phase2/results/predictions/full/electrode/tcn/seed_29/bandpass_n20003_cLA_LL_covariance_s20.npz,76388,7ce5708dbc2fe89019dfae2ce0a12eecace50e60c5b37b2ac3bd32975cfcb889
tcn,electrode,29,bandpass_n20003_cLA_LL_covariance_s15,phase2/results/predictions/full/electrode/tcn/seed_29/bandpass_n20003_cLA_LL_covariance_s15.npz,76351,f5f1143daabcbbfb613ddc0850d9a2577d8ef951ba4248f9c791a0583a8c7343
tcn,electrode,29,bandpass_n20003_cLA_LL_covariance_s10,phase2/results/predictions/full/electrode/tcn/seed_29/bandpass_n20003_cLA_LL_covariance_s10.npz,76304,fac35341be5e610344448488669e74f246260e9d0cb2ea31e68b6a0cb34ace43
tcn,electrode,29,bandpass_n20003_cLA_LL_covariance_s5,phase2/results/predictions/full/electrode/tcn/seed_29/bandpass_n20003_cLA_LL_covariance_s5.npz,76196,4acf1878855f144a0bd47b05ae2ae18236e3aa9ca86566f72db8b62a5331592a
tcn,electrode,29,bandpass_n20003_cLA_LL_covariance_s0,phase2/results/predictions/full/electrode/tcn/seed_29/bandpass_n20003_cLA_LL_covariance_s0.npz,75852,8232fb46b1dc1d5cc594e16e29fbb8f16845204a5724ac2d4ed65d3320946dd7
tcn,electrode,29,bandpass_n20003_cRA_LL_independent_rms_s20,phase2/results/predictions/full/electrode/tcn/seed_29/bandpass_n20003_cRA_LL_independent_rms_s20.npz,76354,98f247fd9e7ef837c7cf5c04fc73d8d8b5873e56c666618d509e5411a2b8f942
tcn,electrode,29,bandpass_n20003_cRA_LL_independent_rms_s15,phase2/results/predictions/full/electrode/tcn/seed_29/bandpass_n20003_cRA_LL_independent_rms_s15.npz,76362,db4e73bf0f79723bb6381c4af78e453110f70736ba9fd80a82619a45c50f475e
tcn,electrode,29,bandpass_n20003_cRA_LL_independent_rms_s10,phase2/results/predictions/full/electrode/tcn/seed_29/bandpass_n20003_cRA_LL_independent_rms_s10.npz,76350,9809e9c1de2194482cdfd3a778a5acbc4c98d88a00391a90eb09af45a47b83b8
tcn,electrode,29,bandpass_n20003_cRA_LL_independent_rms_s5,phase2/results/predictions/full/electrode/tcn/seed_29/bandpass_n20003_cRA_LL_independent_rms_s5.npz,76234,0fed7d7e7491b82512bc105716d71b328382a0356f602364bed415eb044228f7
tcn,electrode,29,bandpass_n20003_cRA_LL_independent_rms_s0,phase2/results/predictions/full/electrode/tcn/seed_29/bandpass_n20003_cRA_LL_independent_rms_s0.npz,75967,d927d1374370dd9011e7a962fcbd5bb97945700ee6a6878a3b4c1bf9bf88ce66
tcn,electrode,29,bandpass_n20003_cRA_LL_electrode_s20,phase2/results/predictions/full/electrode/tcn/seed_29/bandpass_n20003_cRA_LL_electrode_s20.npz,76351,459337b22d7c7643399b7212016a191bbb9cba98294ab6a33332f4ad8101e803
tcn,electrode,29,bandpass_n20003_cRA_LL_electrode_s15,phase2/results/predictions/full/electrode/tcn/seed_29/bandpass_n20003_cRA_LL_electrode_s15.npz,76342,d12c1659914ed4168d9ebc087d63f55e56c68784b747b41e1274cf98932c344f
tcn,electrode,29,bandpass_n20003_cRA_LL_electrode_s10,phase2/results/predictions/full/electrode/tcn/seed_29/bandpass_n20003_cRA_LL_electrode_s10.npz,76275,5502ab7ab5ea7d3ef0c639a6713f1589af97064e5660eab99cf0fae69153f054
tcn,electrode,29,bandpass_n20003_cRA_LL_electrode_s5,phase2/results/predictions/full/electrode/tcn/seed_29/bandpass_n20003_cRA_LL_electrode_s5.npz,76128,f20e952c7fdab0475b7264a52cf36481e25acacf200b1a3e11007a7020189775
tcn,electrode,29,bandpass_n20003_cRA_LL_electrode_s0,phase2/results/predictions/full/electrode/tcn/seed_29/bandpass_n20003_cRA_LL_electrode_s0.npz,75668,4961ec2d4ec1c2bf34c489a6c6865b7ddfdf4efecc7ea752752324e565661aa6
tcn,electrode,29,bandpass_n20003_cRA_LL_covariance_s20,phase2/results/predictions/full/electrode/tcn/seed_29/bandpass_n20003_cRA_LL_covariance_s20.npz,76370,800085cc9b8d6c27addd4184b732991047f4fa5ef52572a9f9c10a363542c079
tcn,electrode,29,bandpass_n20003_cRA_LL_covariance_s15,phase2/results/predictions/full/electrode/tcn/seed_29/bandpass_n20003_cRA_LL_covariance_s15.npz,76349,9b2419f73730082b90aecd2372b10deec2786960975a81e8211920bcf13f4f88
tcn,electrode,29,bandpass_n20003_cRA_LL_covariance_s10,phase2/results/predictions/full/electrode/tcn/seed_29/bandpass_n20003_cRA_LL_covariance_s10.npz,76265,b908e33fecf86d1bbab962f283e09c7fd0907748edee349c377958dba20d6311
tcn,electrode,29,bandpass_n20003_cRA_LL_covariance_s5,phase2/results/predictions/full/electrode/tcn/seed_29/bandpass_n20003_cRA_LL_covariance_s5.npz,76092,a7005e617f08a4e870442f9947f320af2eb5e7092f78aa78dcb7ddc6838fecb9
tcn,electrode,29,bandpass_n20003_cRA_LL_covariance_s0,phase2/results/predictions/full/electrode/tcn/seed_29/bandpass_n20003_cRA_LL_covariance_s0.npz,75683,167e9de8f4f223acfecdf67a6f13a2707adde0162ba2bb3050e675eecc6f02ff
tcn,electrode,29,bandpass_n20003_cRA_independent_rms_s20,phase2/results/predictions/full/electrode/tcn/seed_29/bandpass_n20003_cRA_independent_rms_s20.npz,76361,5f57fc8bca3bf02e2dc9e129e6cc564ab40e91b7533e2ccf7c7d5d245283a7a0
tcn,electrode,29,bandpass_n20003_cRA_independent_rms_s15,phase2/results/predictions/full/electrode/tcn/seed_29/bandpass_n20003_cRA_independent_rms_s15.npz,76364,6cbfadc93d342504fc457de2edba2e5b92a6916db37ab86c68af3a127fa223d4
tcn,electrode,29,bandpass_n20003_cRA_independent_rms_s10,phase2/results/predictions/full/electrode/tcn/seed_29/bandpass_n20003_cRA_independent_rms_s10.npz,76303,8630c61ebd5db9fc31a56445504b4ddffd322e2a28c881b24fa4c4cf89b1238c
tcn,electrode,29,bandpass_n20003_cRA_independent_rms_s5,phase2/results/predictions/full/electrode/tcn/seed_29/bandpass_n20003_cRA_independent_rms_s5.npz,76218,fa3c2017afe54f25f8692400864aac5ea13ad3b47d811eade7cd7a2436bdfeae
tcn,electrode,29,bandpass_n20003_cRA_independent_rms_s0,phase2/results/predictions/full/electrode/tcn/seed_29/bandpass_n20003_cRA_independent_rms_s0.npz,75948,3a7414d185bfdcad5fa0a2656f3920acd63dd1a91c2b13356598982c07c2bf2e
tcn,electrode,29,bandpass_n20003_cRA_electrode_s20,phase2/results/predictions/full/electrode/tcn/seed_29/bandpass_n20003_cRA_electrode_s20.npz,76353,7292581c5613c5eecb2edee60642325d4ffadf272e73dcfbc21c122b5ec4da43
tcn,electrode,29,bandpass_n20003_cRA_electrode_s15,phase2/results/predictions/full/electrode/tcn/seed_29/bandpass_n20003_cRA_electrode_s15.npz,76312,3c487c4fd4128572a385ad1d890a50f409efed9a3e5a12436dfb0a1d03ad6aed
tcn,electrode,29,bandpass_n20003_cRA_electrode_s10,phase2/results/predictions/full/electrode/tcn/seed_29/bandpass_n20003_cRA_electrode_s10.npz,76247,3b1858d9b7dbb827d2b6072b7780804a72d1c92dd6bb9cdea2e20df0cad8bc54
tcn,electrode,29,bandpass_n20003_cRA_electrode_s5,phase2/results/predictions/full/electrode/tcn/seed_29/bandpass_n20003_cRA_electrode_s5.npz,76082,9fe3d437e422d3f1f0d522ba40842e40cd967ec6376df37b55725b2dff200da0
tcn,electrode,29,bandpass_n20003_cRA_electrode_s0,phase2/results/predictions/full/electrode/tcn/seed_29/bandpass_n20003_cRA_electrode_s0.npz,75593,be1dbdddf2bdfd0f291b430a1d382dadf909a9721043ca4f778821f99ba0c751
tcn,electrode,29,bandpass_n20003_cRA_covariance_s20,phase2/results/predictions/full/electrode/tcn/seed_29/bandpass_n20003_cRA_covariance_s20.npz,76384,51ff208fbb36b9817247282ffd95828947ab13d13ecae97d955fa05b8154e9f5
tcn,electrode,29,bandpass_n20003_cRA_covariance_s15,phase2/results/predictions/full/electrode/tcn/seed_29/bandpass_n20003_cRA_covariance_s15.npz,76343,0754d4c2fcdc6b42b726827a32fd204aec0ec50aafce47973ef2b3dd3cd8643b
tcn,electrode,29,bandpass_n20003_cRA_covariance_s10,phase2/results/predictions/full/electrode/tcn/seed_29/bandpass_n20003_cRA_covariance_s10.npz,76251,a6436c706077ce0d9121024854e2b3dba18e9fe8b77de5bedcecd9c852f984f1
tcn,electrode,29,bandpass_n20003_cRA_covariance_s5,phase2/results/predictions/full/electrode/tcn/seed_29/bandpass_n20003_cRA_covariance_s5.npz,76110,7796cc3de94685e6763e7dea33269a211ec637c0433fb85454decbfd8b473133
tcn,electrode,29,bandpass_n20003_cRA_covariance_s0,phase2/results/predictions/full/electrode/tcn/seed_29/bandpass_n20003_cRA_covariance_s0.npz,75593,d15eab9922514ca6b42b244b2878a86ef51e1ef03be269464fb71b14ec541d61
tcn,electrode,29,bandpass_n20003_cLA_independent_rms_s20,phase2/results/predictions/full/electrode/tcn/seed_29/bandpass_n20003_cLA_independent_rms_s20.npz,76364,a8faebd9eed51e9f166113b836a2249c05f0b1c80cea96b68ae4c48114b3570f
tcn,electrode,29,bandpass_n20003_cLA_independent_rms_s15,phase2/results/predictions/full/electrode/tcn/seed_29/bandpass_n20003_cLA_independent_rms_s15.npz,76350,947fdcd67e798bf26426e3c36bce17512993b85b54c430785bb00739eabf1af6
tcn,electrode,29,bandpass_n20003_cLA_independent_rms_s10,phase2/results/predictions/full/electrode/tcn/seed_29/bandpass_n20003_cLA_independent_rms_s10.npz,76338,319c9429f765ef2fab284199051e2b495a561e8c0d850878828c9dc4c51c0f4f
tcn,electrode,29,bandpass_n20003_cLA_independent_rms_s5,phase2/results/predictions/full/electrode/tcn/seed_29/bandpass_n20003_cLA_independent_rms_s5.npz,76250,be7beabd0adf106415fa3a7dbf83fe33bf029cb05316e1df2ac3edc00d1c0dd8
tcn,electrode,29,bandpass_n20003_cLA_independent_rms_s0,phase2/results/predictions/full/electrode/tcn/seed_29/bandpass_n20003_cLA_independent_rms_s0.npz,75930,1817dda93a0e80b666c87e8502cec96732c065964c6af14327d5debe05e9a99b
tcn,electrode,29,bandpass_n20003_cLA_electrode_s20,phase2/results/predictions/full/electrode/tcn/seed_29/bandpass_n20003_cLA_electrode_s20.npz,76374,36b11446ecc5a8d52e67fce0b1292ea23b3d5ad32ac33ed932a4043b0975afdf
tcn,electrode,29,bandpass_n20003_cLA_electrode_s15,phase2/results/predictions/full/electrode/tcn/seed_29/bandpass_n20003_cLA_electrode_s15.npz,76334,da5d709100166ad48f076715fb47b7effc8d68f0e0a1aeeb083eea574b45fff7
tcn,electrode,29,bandpass_n20003_cLA_electrode_s10,phase2/results/predictions/full/electrode/tcn/seed_29/bandpass_n20003_cLA_electrode_s10.npz,76304,06d2917fed12466b9e09eb73569a871f6a2e44211328b19c4052fced4a15de3b
tcn,electrode,29,bandpass_n20003_cLA_electrode_s5,phase2/results/predictions/full/electrode/tcn/seed_29/bandpass_n20003_cLA_electrode_s5.npz,76156,2a365ba2bd7093c11f587f6b4a10188c982c150f340be93c1434b8cac367892c
tcn,electrode,29,bandpass_n20003_cLA_electrode_s0,phase2/results/predictions/full/electrode/tcn/seed_29/bandpass_n20003_cLA_electrode_s0.npz,75847,d55365159396cb4304f0fcf984af6a059ff93025e690347c706eefa48b99b0b8
tcn,electrode,29,bandpass_n20003_cLA_covariance_s20,phase2/results/predictions/full/electrode/tcn/seed_29/bandpass_n20003_cLA_covariance_s20.npz,76352,8f5ab1477d8b030bb2ac4e24e7061fd893ac2fb77fba66a671a808b615eb9597
tcn,electrode,29,bandpass_n20003_cLA_covariance_s15,phase2/results/predictions/full/electrode/tcn/seed_29/bandpass_n20003_cLA_covariance_s15.npz,76355,f4bd5e7d48300d4e6e7181513fee6261c696a29fd40412b7456d79f09c8f7362
tcn,electrode,29,bandpass_n20003_cLA_covariance_s10,phase2/results/predictions/full/electrode/tcn/seed_29/bandpass_n20003_cLA_covariance_s10.npz,76257,32c0072c0fe07aa383b3c7e6268e77baae4685b4ec38de011febe60e07644a88
tcn,electrode,29,bandpass_n20003_cLA_covariance_s5,phase2/results/predictions/full/electrode/tcn/seed_29/bandpass_n20003_cLA_covariance_s5.npz,76201,c3669bc7cd86b0bc7376b1f010f236cf8ad4e0cc29accf59d99377042f72eb22
tcn,electrode,29,bandpass_n20003_cLA_covariance_s0,phase2/results/predictions/full/electrode/tcn/seed_29/bandpass_n20003_cLA_covariance_s0.npz,75858,1361cc13cac43c52688b6b816e865b1293a4d4320bb05ee5408d3ac0255bf51a
tcn,electrode,29,bandpass_n20003_cLL_independent_rms_s20,phase2/results/predictions/full/electrode/tcn/seed_29/bandpass_n20003_cLL_independent_rms_s20.npz,76348,597799071309f0abeb94e041daff6e188b25258e38f82519c0d56339c7fbdbcc
tcn,electrode,29,bandpass_n20003_cLL_independent_rms_s15,phase2/results/predictions/full/electrode/tcn/seed_29/bandpass_n20003_cLL_independent_rms_s15.npz,76368,5a02e9d18cc9fa5e39d7267f772d6b0752135a09552a06d64e74a282ec29ca84
tcn,electrode,29,bandpass_n20003_cLL_independent_rms_s10,phase2/results/predictions/full/electrode/tcn/seed_29/bandpass_n20003_cLL_independent_rms_s10.npz,76341,fdb3611661f1300aa5fd46b3495b92a0948c6f4af0f4d7a04c52d2f0d7909d0a
tcn,electrode,29,bandpass_n20003_cLL_independent_rms_s5,phase2/results/predictions/full/electrode/tcn/seed_29/bandpass_n20003_cLL_independent_rms_s5.npz,76217,da15002597f9160096eab6c456f3bcd559166e0a313bbd8f93b8a8950140abed
tcn,electrode,29,bandpass_n20003_cLL_independent_rms_s0,phase2/results/predictions/full/electrode/tcn/seed_29/bandpass_n20003_cLL_independent_rms_s0.npz,75958,781e11645b6f942b0b13e556246788e2af8ddd7ced88e35b49c4e60a7546ba5a
tcn,electrode,29,bandpass_n20003_cLL_electrode_s20,phase2/results/predictions/full/electrode/tcn/seed_29/bandpass_n20003_cLL_electrode_s20.npz,76342,0d6d572c05423fc6d4e4a6fc18e4385a497c4676860eefce2dbb0f3a9ab5c86b
tcn,electrode,29,bandpass_n20003_cLL_electrode_s15,phase2/results/predictions/full/electrode/tcn/seed_29/bandpass_n20003_cLL_electrode_s15.npz,76360,e986ed78062c224498bce7747c45c201bf9f5b495e5db6946df5a07a54064d54
tcn,electrode,29,bandpass_n20003_cLL_electrode_s10,phase2/results/predictions/full/electrode/tcn/seed_29/bandpass_n20003_cLL_electrode_s10.npz,76309,7774945b6b23544339a846b8eff7a316405bfdbc6f59687ec2ae457be7ab5abd
tcn,electrode,29,bandpass_n20003_cLL_electrode_s5,phase2/results/predictions/full/electrode/tcn/seed_29/bandpass_n20003_cLL_electrode_s5.npz,76188,9becbe99d2ccc3246eaaac7234d0286da44e203a3f1fd4ccc9430aa263c279a0
tcn,electrode,29,bandpass_n20003_cLL_electrode_s0,phase2/results/predictions/full/electrode/tcn/seed_29/bandpass_n20003_cLL_electrode_s0.npz,75876,7a9573bab27e9d26d54056838078e636a596a435e5ddc1318dd7a022a3c23630
tcn,electrode,29,bandpass_n20003_cLL_covariance_s20,phase2/results/predictions/full/electrode/tcn/seed_29/bandpass_n20003_cLL_covariance_s20.npz,76373,d5cf31f25dc9d32e128a2a61b25638bb8106061096b42f0747208d29fa4b347e
tcn,electrode,29,bandpass_n20003_cLL_covariance_s15,phase2/results/predictions/full/electrode/tcn/seed_29/bandpass_n20003_cLL_covariance_s15.npz,76332,4aa026ab8daf44de3dc5581ec523929a1b3d9684d94a8ae8a2b65ab5534932f7
tcn,electrode,29,bandpass_n20003_cLL_covariance_s10,phase2/results/predictions/full/electrode/tcn/seed_29/bandpass_n20003_cLL_covariance_s10.npz,76309,60e25032acdb97c552dc0a6ad27e8be72496044e9d3b7757de8688d52e333d2a
tcn,electrode,29,bandpass_n20003_cLL_covariance_s5,phase2/results/predictions/full/electrode/tcn/seed_29/bandpass_n20003_cLL_covariance_s5.npz,76156,0964d5a2f4842257be0bc319d53131b2dd4f05402e93678c8ba45e74f59e6096
tcn,electrode,29,bandpass_n20003_cLL_covariance_s0,phase2/results/predictions/full/electrode/tcn/seed_29/bandpass_n20003_cLL_covariance_s0.npz,75843,c84f9de457d3a8ebdb2e1283c230b5c8590b99950c4c47fb45aff78fc25f2f24
tcn,electrode,29,bandpass_n20003_cRA_V1_independent_rms_s20,phase2/results/predictions/full/electrode/tcn/seed_29/bandpass_n20003_cRA_V1_independent_rms_s20.npz,76378,a48631d56bdbbd8331541159fa1809623cb54d592787d1cc4f5c6397638099b3
tcn,electrode,29,bandpass_n20003_cRA_V1_independent_rms_s15,phase2/results/predictions/full/electrode/tcn/seed_29/bandpass_n20003_cRA_V1_independent_rms_s15.npz,76404,ee219c75fc0b6918e1a615589730e262f85898af0ae52496587964b2a9a3c45f
tcn,electrode,29,bandpass_n20003_cRA_V1_independent_rms_s10,phase2/results/predictions/full/electrode/tcn/seed_29/bandpass_n20003_cRA_V1_independent_rms_s10.npz,76339,77ae93e42b4ff4a901c2d4fd89db666a6922843e146f10e520bdf2821a77fe0b
tcn,electrode,29,bandpass_n20003_cRA_V1_independent_rms_s5,phase2/results/predictions/full/electrode/tcn/seed_29/bandpass_n20003_cRA_V1_independent_rms_s5.npz,76240,c77d654565b43e790ef297e9ad7c7ad94716ebf2587d2baff1b9e2d37a598673
tcn,electrode,29,bandpass_n20003_cRA_V1_independent_rms_s0,phase2/results/predictions/full/electrode/tcn/seed_29/bandpass_n20003_cRA_V1_independent_rms_s0.npz,75900,06048e4cbf5cd931ea0796ec9afe30c3617636e82de9e78c7efa8614c6b990a5
tcn,electrode,29,bandpass_n20003_cRA_V1_electrode_s20,phase2/results/predictions/full/electrode/tcn/seed_29/bandpass_n20003_cRA_V1_electrode_s20.npz,76352,29dd2fefa8769ec71db93c96e393ce4057c53d00d3cac48f3e07275e586f7a3d
tcn,electrode,29,bandpass_n20003_cRA_V1_electrode_s15,phase2/results/predictions/full/electrode/tcn/seed_29/bandpass_n20003_cRA_V1_electrode_s15.npz,76351,b7d8fe46ccffa57348e5bb8ed5c7fcebac24f7e990fc679d2eaaae556693b820
tcn,electrode,29,bandpass_n20003_cRA_V1_electrode_s10,phase2/results/predictions/full/electrode/tcn/seed_29/bandpass_n20003_cRA_V1_electrode_s10.npz,76270,1a5d74230eb485272236fd80c37f31df262c567985f3d5d092e8a69e57fe44c3
tcn,electrode,29,bandpass_n20003_cRA_V1_electrode_s5,phase2/results/predictions/full/electrode/tcn/seed_29/bandpass_n20003_cRA_V1_electrode_s5.npz,76103,e7a1b54d62572f7595e53f161cbc7bee0b67f5d79a1624ef266fad46f2da85b2
tcn,electrode,29,bandpass_n20003_cRA_V1_electrode_s0,phase2/results/predictions/full/electrode/tcn/seed_29/bandpass_n20003_cRA_V1_electrode_s0.npz,75613,e52d43ef4040c379e0fa613f7673540efd3eedb0c212e2cc39d4aa188b488040
tcn,electrode,29,bandpass_n20003_cRA_V1_covariance_s20,phase2/results/predictions/full/electrode/tcn/seed_29/bandpass_n20003_cRA_V1_covariance_s20.npz,76349,51b89e8f22cb11f319da2220e9d0b33f61b96eb29099b7ebc48b5b6bbf25929b
tcn,electrode,29,bandpass_n20003_cRA_V1_covariance_s15,phase2/results/predictions/full/electrode/tcn/seed_29/bandpass_n20003_cRA_V1_covariance_s15.npz,76325,1b56ad16243df912ac02b0801c4db2cd70eac19d193fdd01f13999be32d38e7c
tcn,electrode,29,bandpass_n20003_cRA_V1_covariance_s10,phase2/results/predictions/full/electrode/tcn/seed_29/bandpass_n20003_cRA_V1_covariance_s10.npz,76260,8c07d00f276331f04b4aafca5153ac7b4c1b42a846793abfb0ba9afba847f1cc
tcn,electrode,29,bandpass_n20003_cRA_V1_covariance_s5,phase2/results/predictions/full/electrode/tcn/seed_29/bandpass_n20003_cRA_V1_covariance_s5.npz,76125,83dfb99644682cef50c496b755c93ac9fb74e622155875a7aa4cdba9beb0ad87
tcn,electrode,29,bandpass_n20003_cRA_V1_covariance_s0,phase2/results/predictions/full/electrode/tcn/seed_29/bandpass_n20003_cRA_V1_covariance_s0.npz,75593,df4836d89726b30b309568ebdb0faa16ef8d0cff51f4f6518becb5972564054e
tcn,electrode,29,bandpass_n20003_cLA_V6_independent_rms_s20,phase2/results/predictions/full/electrode/tcn/seed_29/bandpass_n20003_cLA_V6_independent_rms_s20.npz,76380,0d490252db7b1768edb7ffee08361dd6f1feabd6fce91bacce4d80808456f084
tcn,electrode,29,bandpass_n20003_cLA_V6_independent_rms_s15,phase2/results/predictions/full/electrode/tcn/seed_29/bandpass_n20003_cLA_V6_independent_rms_s15.npz,76409,13fb45cc80762c4b1f3ad7c2fe6505c0e460686c3e9bd89801c2bad59d66eeaa
tcn,electrode,29,bandpass_n20003_cLA_V6_independent_rms_s10,phase2/results/predictions/full/electrode/tcn/seed_29/bandpass_n20003_cLA_V6_independent_rms_s10.npz,76383,c57a8b0eba082181fbd4f35880533db4db75a0f3bbec83b3e31207839ffb3f21
tcn,electrode,29,bandpass_n20003_cLA_V6_independent_rms_s5,phase2/results/predictions/full/electrode/tcn/seed_29/bandpass_n20003_cLA_V6_independent_rms_s5.npz,76265,0e53b95e99110e67ef60d370ba629a90bcbc32f9a2c1ac336ef932f0704fe8a4
tcn,electrode,29,bandpass_n20003_cLA_V6_independent_rms_s0,phase2/results/predictions/full/electrode/tcn/seed_29/bandpass_n20003_cLA_V6_independent_rms_s0.npz,75938,97c497f3b4dd11c88db86993a0777764e50ba75ae3ebdfeb530617d3a9124ba2
tcn,electrode,29,bandpass_n20003_cLA_V6_electrode_s20,phase2/results/predictions/full/electrode/tcn/seed_29/bandpass_n20003_cLA_V6_electrode_s20.npz,76370,77779aa529efc3be2221ca734b0cc28515adaaa06c0f79ff610d0d0fc71f8bfb
tcn,electrode,29,bandpass_n20003_cLA_V6_electrode_s15,phase2/results/predictions/full/electrode/tcn/seed_29/bandpass_n20003_cLA_V6_electrode_s15.npz,76354,ceb6de598e1e49a29ce158ffdbbb7a38af9632b8e4ec90904eece59934ef72ca
tcn,electrode,29,bandpass_n20003_cLA_V6_electrode_s10,phase2/results/predictions/full/electrode/tcn/seed_29/bandpass_n20003_cLA_V6_electrode_s10.npz,76304,7a084ca8e05127e104bebc34e9c522e04aada4aa5396d3b4b98dc680677515be
tcn,electrode,29,bandpass_n20003_cLA_V6_electrode_s5,phase2/results/predictions/full/electrode/tcn/seed_29/bandpass_n20003_cLA_V6_electrode_s5.npz,76202,f9cc13a8357d9307160e184f651c8fd2da511db163029913fd6c34693acef9e2
tcn,electrode,29,bandpass_n20003_cLA_V6_electrode_s0,phase2/results/predictions/full/electrode/tcn/seed_29/bandpass_n20003_cLA_V6_electrode_s0.npz,75886,bfc0aa8e1033e3d115de280e0d02dcfca91efb413ceed52bc761291415362c8a
tcn,electrode,29,bandpass_n20003_cLA_V6_covariance_s20,phase2/results/predictions/full/electrode/tcn/seed_29/bandpass_n20003_cLA_V6_covariance_s20.npz,76401,ccce9712fef42307fc1891c5839df1e99d1b9d370a3c35d6b51c0775e0c43646
tcn,electrode,29,bandpass_n20003_cLA_V6_covariance_s15,phase2/results/predictions/full/electrode/tcn/seed_29/bandpass_n20003_cLA_V6_covariance_s15.npz,76382,7639be32bde5f84f5c28a55ae9de6ba3dd42a861b0c1dd20786aaae4389d54ac
tcn,electrode,29,bandpass_n20003_cLA_V6_covariance_s10,phase2/results/predictions/full/electrode/tcn/seed_29/bandpass_n20003_cLA_V6_covariance_s10.npz,76329,aa17f59f183481f4d16382125bac53d2c180ab4770b6156143c0862bb42683e2
tcn,electrode,29,bandpass_n20003_cLA_V6_covariance_s5,phase2/results/predictions/full/electrode/tcn/seed_29/bandpass_n20003_cLA_V6_covariance_s5.npz,76183,b630cd9b84fa5ec6edb8376262d9c9dce18ebd16c0e8d8ae19ce0c6b0f7b9bf1
tcn,electrode,29,bandpass_n20003_cLA_V6_covariance_s0,phase2/results/predictions/full/electrode/tcn/seed_29/bandpass_n20003_cLA_V6_covariance_s0.npz,75860,f509534aa4284091db907153e69183e6d139f9a43a107c61d170ad734887eb60
tcn,electrode,29,bandpass_n20003_cLL_V4_independent_rms_s20,phase2/results/predictions/full/electrode/tcn/seed_29/bandpass_n20003_cLL_V4_independent_rms_s20.npz,76388,e45e58df1d22f68d9b37111a3149d5133c8cd87ba50b613055dd3144852c22c1
tcn,electrode,29,bandpass_n20003_cLL_V4_independent_rms_s15,phase2/results/predictions/full/electrode/tcn/seed_29/bandpass_n20003_cLL_V4_independent_rms_s15.npz,76361,09a1b8c720c1d48ccc823f85e104660d02b18dc2dc2685a62937eb8d4c530bfb
tcn,electrode,29,bandpass_n20003_cLL_V4_independent_rms_s10,phase2/results/predictions/full/electrode/tcn/seed_29/bandpass_n20003_cLL_V4_independent_rms_s10.npz,76345,9c86deb088962a9fdeaf16c0921598f48bd3aefabda20b015f96e935832c9000
tcn,electrode,29,bandpass_n20003_cLL_V4_independent_rms_s5,phase2/results/predictions/full/electrode/tcn/seed_29/bandpass_n20003_cLL_V4_independent_rms_s5.npz,76294,33f29e794e0ea3d70c690011403138bd3bfd8115352e9d6c0942392d1c33765f
tcn,electrode,29,bandpass_n20003_cLL_V4_independent_rms_s0,phase2/results/predictions/full/electrode/tcn/seed_29/bandpass_n20003_cLL_V4_independent_rms_s0.npz,76002,fbb27e1112013a1c6cb3ee052d7790a791f5fdbf74e113ab5fe067cc0432054a
tcn,electrode,29,bandpass_n20003_cLL_V4_electrode_s20,phase2/results/predictions/full/electrode/tcn/seed_29/bandpass_n20003_cLL_V4_electrode_s20.npz,76371,2da004c485b8ed6f3caa0ab8c8a3ce5b70a8d776136afbc8c8819b5e56846ecf
tcn,electrode,29,bandpass_n20003_cLL_V4_electrode_s15,phase2/results/predictions/full/electrode/tcn/seed_29/bandpass_n20003_cLL_V4_electrode_s15.npz,76371,100acebf4b73189673dbcfc53060cb3f9bc94b2fa56cae6415c35380a6efe732
tcn,electrode,29,bandpass_n20003_cLL_V4_electrode_s10,phase2/results/predictions/full/electrode/tcn/seed_29/bandpass_n20003_cLL_V4_electrode_s10.npz,76310,aee2eed49af633f733717abeaf6cfd71ff27f4bf6e26877ae135b01c113fc664
tcn,electrode,29,bandpass_n20003_cLL_V4_electrode_s5,phase2/results/predictions/full/electrode/tcn/seed_29/bandpass_n20003_cLL_V4_electrode_s5.npz,76178,2762c5e0e98e441347d0fa2ab29ba8efcf2d0f0045c8ec0ceef991fdee38236b
tcn,electrode,29,bandpass_n20003_cLL_V4_electrode_s0,phase2/results/predictions/full/electrode/tcn/seed_29/bandpass_n20003_cLL_V4_electrode_s0.npz,75897,8450fbf21504cf3d004a9f63ca40aaec60fd9fdb33d06399f99820faef5af72f
tcn,electrode,29,bandpass_n20003_cLL_V4_covariance_s20,phase2/results/predictions/full/electrode/tcn/seed_29/bandpass_n20003_cLL_V4_covariance_s20.npz,76399,3c1de6bb289e6eccd1022735918dd68a90b311190e098c8241c1188b07a94c98
tcn,electrode,29,bandpass_n20003_cLL_V4_covariance_s15,phase2/results/predictions/full/electrode/tcn/seed_29/bandpass_n20003_cLL_V4_covariance_s15.npz,76373,8c74f36eff24d364f6e8b2302d4efb49105c0952e7546222fb74a5126a706fad
tcn,electrode,29,bandpass_n20003_cLL_V4_covariance_s10,phase2/results/predictions/full/electrode/tcn/seed_29/bandpass_n20003_cLL_V4_covariance_s10.npz,76341,1e62c2e5b7b40ca00c717e829e497662680b29d441075fb9ec8477ae18f0532b
tcn,electrode,29,bandpass_n20003_cLL_V4_covariance_s5,phase2/results/predictions/full/electrode/tcn/seed_29/bandpass_n20003_cLL_V4_covariance_s5.npz,76217,0667e036e466744152f7f5e932cd72b7ef9b441dc0d21de4b202fe7a4fe5cd7b
tcn,electrode,29,bandpass_n20003_cLL_V4_covariance_s0,phase2/results/predictions/full/electrode/tcn/seed_29/bandpass_n20003_cLL_V4_covariance_s0.npz,75858,075519aec81e1336b3d4e2d45eb301933dd6b83d41538a660b3d93f52600e933
tcn,electrode,29,bandpass_n20003_cRA_LA_V1_V6_independent_rms_s20,phase2/results/predictions/full/electrode/tcn/seed_29/bandpass_n20003_cRA_LA_V1_V6_independent_rms_s20.npz,76374,5793304070e60182285f3596a170bd420d0b0dd3f8a49857b3c5575645d1cc16
tcn,electrode,29,bandpass_n20003_cRA_LA_V1_V6_independent_rms_s15,phase2/results/predictions/full/electrode/tcn/seed_29/bandpass_n20003_cRA_LA_V1_V6_independent_rms_s15.npz,76377,615003942ab771b92b1a18076605f30278b9077fad20a2e3b6de16e3dc158685
tcn,electrode,29,bandpass_n20003_cRA_LA_V1_V6_independent_rms_s10,phase2/results/predictions/full/electrode/tcn/seed_29/bandpass_n20003_cRA_LA_V1_V6_independent_rms_s10.npz,76347,8124eac35a6bd658d5873fbc1847bb5b749b5b669134680d8384cf0d41853bd7
tcn,electrode,29,bandpass_n20003_cRA_LA_V1_V6_independent_rms_s5,phase2/results/predictions/full/electrode/tcn/seed_29/bandpass_n20003_cRA_LA_V1_V6_independent_rms_s5.npz,76270,f024aa6725d38fd35cd590fdd237ca8c4376ddf14e9b702b79b825db75dce517
tcn,electrode,29,bandpass_n20003_cRA_LA_V1_V6_independent_rms_s0,phase2/results/predictions/full/electrode/tcn/seed_29/bandpass_n20003_cRA_LA_V1_V6_independent_rms_s0.npz,75937,5cce7495a87c93c8324a47112c8fabd9c0fb28d53ef916b77bd3a0b7616a52d3
tcn,electrode,29,bandpass_n20003_cRA_LA_V1_V6_electrode_s20,phase2/results/predictions/full/electrode/tcn/seed_29/bandpass_n20003_cRA_LA_V1_V6_electrode_s20.npz,76393,4db5cf60e4fde48d530c84e9a72dee9bcdf0551a2c532b888439af306bb6cbd2
tcn,electrode,29,bandpass_n20003_cRA_LA_V1_V6_electrode_s15,phase2/results/predictions/full/electrode/tcn/seed_29/bandpass_n20003_cRA_LA_V1_V6_electrode_s15.npz,76367,148c732b16b62fef81e38e74d3b8de982b083a96bf4b11f0debb8a9e18d06980
tcn,electrode,29,bandpass_n20003_cRA_LA_V1_V6_electrode_s10,phase2/results/predictions/full/electrode/tcn/seed_29/bandpass_n20003_cRA_LA_V1_V6_electrode_s10.npz,76328,a5e81b280435cbc132ed25b705462d4f95d4ad55efbbe0b63fb033bd50b021d8
tcn,electrode,29,bandpass_n20003_cRA_LA_V1_V6_electrode_s5,phase2/results/predictions/full/electrode/tcn/seed_29/bandpass_n20003_cRA_LA_V1_V6_electrode_s5.npz,76162,99387d64ff503b4b077e763b35511c765776785815e49def74ff80dac35f591f
tcn,electrode,29,bandpass_n20003_cRA_LA_V1_V6_electrode_s0,phase2/results/predictions/full/electrode/tcn/seed_29/bandpass_n20003_cRA_LA_V1_V6_electrode_s0.npz,75708,d1d1655c17ee4e49204a5c2d451de38af4a2393838d266069175145f820f14b8
tcn,electrode,29,bandpass_n20003_cRA_LA_V1_V6_covariance_s20,phase2/results/predictions/full/electrode/tcn/seed_29/bandpass_n20003_cRA_LA_V1_V6_covariance_s20.npz,76421,df5e2029c4e2637257cb10a903ac6ffbf1c7d9271630ba6b0e5a8d081edf1edb
tcn,electrode,29,bandpass_n20003_cRA_LA_V1_V6_covariance_s15,phase2/results/predictions/full/electrode/tcn/seed_29/bandpass_n20003_cRA_LA_V1_V6_covariance_s15.npz,76382,b52b70df782209ce6558623917bdae0a413e5650113619023897bc165cfc2175
tcn,electrode,29,bandpass_n20003_cRA_LA_V1_V6_covariance_s10,phase2/results/predictions/full/electrode/tcn/seed_29/bandpass_n20003_cRA_LA_V1_V6_covariance_s10.npz,76252,4b2555f5eb89f90b320c4c115dd36048eddd9c4d7c0d282c611a46003f6ab0f0
tcn,electrode,29,bandpass_n20003_cRA_LA_V1_V6_covariance_s5,phase2/results/predictions/full/electrode/tcn/seed_29/bandpass_n20003_cRA_LA_V1_V6_covariance_s5.npz,76157,146211bd63168e810a69ad0fe27a03732e9e5d4b568f642b3e86aeef13e5a57a
tcn,electrode,29,bandpass_n20003_cRA_LA_V1_V6_covariance_s0,phase2/results/predictions/full/electrode/tcn/seed_29/bandpass_n20003_cRA_LA_V1_V6_covariance_s0.npz,75739,3b73d59e0262276ea6a0411db4a6d81686167f8b137a24cf7072ae22296809ac
tcn,electrode,29,bandpass_n20003_cRA_V2_V5_independent_rms_s20,phase2/results/predictions/full/electrode/tcn/seed_29/bandpass_n20003_cRA_V2_V5_independent_rms_s20.npz,76407,0c852156fe02575b33d55819b0b81dec4b646398bf2dfa09ea6eea474e0ed0ef
tcn,electrode,29,bandpass_n20003_cRA_V2_V5_independent_rms_s15,phase2/results/predictions/full/electrode/tcn/seed_29/bandpass_n20003_cRA_V2_V5_independent_rms_s15.npz,76401,3eed90ca844fe08083072bfd38c6579a955f77037b7f73971211b0ed57c85c79
tcn,electrode,29,bandpass_n20003_cRA_V2_V5_independent_rms_s10,phase2/results/predictions/full/electrode/tcn/seed_29/bandpass_n20003_cRA_V2_V5_independent_rms_s10.npz,76335,e0564681dd33767191d18288c0226eba4f4a2321a1bd4a3607afae310894ac9e
tcn,electrode,29,bandpass_n20003_cRA_V2_V5_independent_rms_s5,phase2/results/predictions/full/electrode/tcn/seed_29/bandpass_n20003_cRA_V2_V5_independent_rms_s5.npz,76236,165319e3a4bbda59bdb03a5c1a5be581a02676aecf7de90505dfa8fdeff083fc
tcn,electrode,29,bandpass_n20003_cRA_V2_V5_independent_rms_s0,phase2/results/predictions/full/electrode/tcn/seed_29/bandpass_n20003_cRA_V2_V5_independent_rms_s0.npz,75970,ef9d14e787fb9b302e1edc8827b1330e60a1c4e2f0b6d43d27919c08dfe5f9eb
tcn,electrode,29,bandpass_n20003_cRA_V2_V5_electrode_s20,phase2/results/predictions/full/electrode/tcn/seed_29/bandpass_n20003_cRA_V2_V5_electrode_s20.npz,76356,20f80d825cc205b779da9a8d556d1a80a06696b89a71370e40d97c33d826a9a3
tcn,electrode,29,bandpass_n20003_cRA_V2_V5_electrode_s15,phase2/results/predictions/full/electrode/tcn/seed_29/bandpass_n20003_cRA_V2_V5_electrode_s15.npz,76359,db0cebf5da2431413d8a495a1a1da8665e329a96a7b137bd9fe5ad6693f79ffb
tcn,electrode,29,bandpass_n20003_cRA_V2_V5_electrode_s10,phase2/results/predictions/full/electrode/tcn/seed_29/bandpass_n20003_cRA_V2_V5_electrode_s10.npz,76298,b0100b6f58f2e1ec1c540867939d0853b136213db2a5b780481199dc8397e2ea
tcn,electrode,29,bandpass_n20003_cRA_V2_V5_electrode_s5,phase2/results/predictions/full/electrode/tcn/seed_29/bandpass_n20003_cRA_V2_V5_electrode_s5.npz,76149,a725e3cd5a34ade93d003ed147bcbc2863b45aca9d3b356f4a97a3804880ebc9
tcn,electrode,29,bandpass_n20003_cRA_V2_V5_electrode_s0,phase2/results/predictions/full/electrode/tcn/seed_29/bandpass_n20003_cRA_V2_V5_electrode_s0.npz,75725,be95a75f58a254605ee7c3cf7a36af76d5037a793a41998e277020736e43caf2
tcn,electrode,29,bandpass_n20003_cRA_V2_V5_covariance_s20,phase2/results/predictions/full/electrode/tcn/seed_29/bandpass_n20003_cRA_V2_V5_covariance_s20.npz,76351,1bfb4c452839a9342969641c84a08b51ee348482d3fb4132837e698d23ec228f
tcn,electrode,29,bandpass_n20003_cRA_V2_V5_covariance_s15,phase2/results/predictions/full/electrode/tcn/seed_29/bandpass_n20003_cRA_V2_V5_covariance_s15.npz,76354,f379d7692a0907631345bb123400b8cd2c4fd5031f88345b36df03ba93a4a4b0
tcn,electrode,29,bandpass_n20003_cRA_V2_V5_covariance_s10,phase2/results/predictions/full/electrode/tcn/seed_29/bandpass_n20003_cRA_V2_V5_covariance_s10.npz,76287,dcedaf17680062864935de1157ac3698d940f41e32bfc3323004db63e718eb63
tcn,electrode,29,bandpass_n20003_cRA_V2_V5_covariance_s5,phase2/results/predictions/full/electrode/tcn/seed_29/bandpass_n20003_cRA_V2_V5_covariance_s5.npz,76159,1eccc853eae368f89ef228477d2d85896b2b39a5151c56761548f7a9b73ed5be
tcn,electrode,29,bandpass_n20003_cRA_V2_V5_covariance_s0,phase2/results/predictions/full/electrode/tcn/seed_29/bandpass_n20003_cRA_V2_V5_covariance_s0.npz,75727,910eff0f8190bf03dfd826dcc7c3f8d0abe20546a9393b2698dfcdfdccf4bfd4
tcn,electrode,29,bandpass_n20003_cLA_V3_V6_independent_rms_s20,phase2/results/predictions/full/electrode/tcn/seed_29/bandpass_n20003_cLA_V3_V6_independent_rms_s20.npz,76407,84f832e2ca82aa2914ab67eafcd26b9c336b22cb3eae0fd3d4f107d23015bac6
tcn,electrode,29,bandpass_n20003_cLA_V3_V6_independent_rms_s15,phase2/results/predictions/full/electrode/tcn/seed_29/bandpass_n20003_cLA_V3_V6_independent_rms_s15.npz,76373,fc5b7c7bd24d1ce1d7dc5e84d2c53ec4f589200e21aa6d77e19f739770caa58e
tcn,electrode,29,bandpass_n20003_cLA_V3_V6_independent_rms_s10,phase2/results/predictions/full/electrode/tcn/seed_29/bandpass_n20003_cLA_V3_V6_independent_rms_s10.npz,76328,9e069543d79bb5c9a0d21b5ac3eb9fb7da9893ec5e5c2b9cf4215c3122728101
tcn,electrode,29,bandpass_n20003_cLA_V3_V6_independent_rms_s5,phase2/results/predictions/full/electrode/tcn/seed_29/bandpass_n20003_cLA_V3_V6_independent_rms_s5.npz,76265,a10fed8787e8dda2cf1bf3fbd8608b8d731fe5bff0f2b9b9f5b2d269fa0ba5d1
tcn,electrode,29,bandpass_n20003_cLA_V3_V6_independent_rms_s0,phase2/results/predictions/full/electrode/tcn/seed_29/bandpass_n20003_cLA_V3_V6_independent_rms_s0.npz,76005,2ba574a4ca4a54aad63801c97fdf7d3ba042c81503ed3639945d89db819c6d88
tcn,electrode,29,bandpass_n20003_cLA_V3_V6_electrode_s20,phase2/results/predictions/full/electrode/tcn/seed_29/bandpass_n20003_cLA_V3_V6_electrode_s20.npz,76412,9914f9ee429bf780adf30f792dba2c102df7bcf6a5f042f7dab934b1400b27e0
tcn,electrode,29,bandpass_n20003_cLA_V3_V6_electrode_s15,phase2/results/predictions/full/electrode/tcn/seed_29/bandpass_n20003_cLA_V3_V6_electrode_s15.npz,76367,e9c13681bf5b428823c775476d992f97c121f26fba01264bada47b9fd7347c15
tcn,electrode,29,bandpass_n20003_cLA_V3_V6_electrode_s10,phase2/results/predictions/full/electrode/tcn/seed_29/bandpass_n20003_cLA_V3_V6_electrode_s10.npz,76299,cf8494456054f1d10f98d352d306295869a3a36b3c94e9b63f001d6400783572
tcn,electrode,29,bandpass_n20003_cLA_V3_V6_electrode_s5,phase2/results/predictions/full/electrode/tcn/seed_29/bandpass_n20003_cLA_V3_V6_electrode_s5.npz,76216,033940a6e330276f5616896028f4fa4252ceffe3bf743faf43b6e1a40db42cce
tcn,electrode,29,bandpass_n20003_cLA_V3_V6_electrode_s0,phase2/results/predictions/full/electrode/tcn/seed_29/bandpass_n20003_cLA_V3_V6_electrode_s0.npz,75912,5e6cc57c84b7cdfebf893448164c9fb9d2f2886bfeb7556947b256be1f2f7ee5
tcn,electrode,29,bandpass_n20003_cLA_V3_V6_covariance_s20,phase2/results/predictions/full/electrode/tcn/seed_29/bandpass_n20003_cLA_V3_V6_covariance_s20.npz,76385,d138a49ac19805183daa9befa236a9d697ec0e13bbc7b95ea7e9efa6cf602472
tcn,electrode,29,bandpass_n20003_cLA_V3_V6_covariance_s15,phase2/results/predictions/full/electrode/tcn/seed_29/bandpass_n20003_cLA_V3_V6_covariance_s15.npz,76366,f78aa8fc7fdf6fc0923a9badd18fc62da5aa1972401197f47ba8263e48fa4996
tcn,electrode,29,bandpass_n20003_cLA_V3_V6_covariance_s10,phase2/results/predictions/full/electrode/tcn/seed_29/bandpass_n20003_cLA_V3_V6_covariance_s10.npz,76345,39cfdc74d4c0fd30fb71ec1aa052666ef0c3ff86441cd0f903a4b2a8e5d75905
tcn,electrode,29,bandpass_n20003_cLA_V3_V6_covariance_s5,phase2/results/predictions/full/electrode/tcn/seed_29/bandpass_n20003_cLA_V3_V6_covariance_s5.npz,76193,f3f6b3df2cf6dd49050df91d10cf2ca1211d179b5c83956843153a67ff16abeb
tcn,electrode,29,bandpass_n20003_cLA_V3_V6_covariance_s0,phase2/results/predictions/full/electrode/tcn/seed_29/bandpass_n20003_cLA_V3_V6_covariance_s0.npz,75924,6a4421934a647d4ea9be6eef92ef63addd4dd8459dcbc5f0f89b3819e3edf561
tcn,electrode,29,bandpass_n20003_cLL_V1_V4_independent_rms_s20,phase2/results/predictions/full/electrode/tcn/seed_29/bandpass_n20003_cLL_V1_V4_independent_rms_s20.npz,76388,5a054417c07e359f87ba228b499d0e03d208b169121a69b4a120a951124732e0
tcn,electrode,29,bandpass_n20003_cLL_V1_V4_independent_rms_s15,phase2/results/predictions/full/electrode/tcn/seed_29/bandpass_n20003_cLL_V1_V4_independent_rms_s15.npz,76390,720f838e67aa369696a02e3d5b500fd5fd26806af0eb6bc96e173cce3fb3770c
tcn,electrode,29,bandpass_n20003_cLL_V1_V4_independent_rms_s10,phase2/results/predictions/full/electrode/tcn/seed_29/bandpass_n20003_cLL_V1_V4_independent_rms_s10.npz,76311,dcf04191d272c48a9ba481f1a6fccfad196fa494582495e5ee8cd433d2c453bb
tcn,electrode,29,bandpass_n20003_cLL_V1_V4_independent_rms_s5,phase2/results/predictions/full/electrode/tcn/seed_29/bandpass_n20003_cLL_V1_V4_independent_rms_s5.npz,76240,e2ea59cfd6d870759e35bda1c4d9813bfec5656ba1cae234a059c2c71a8969f6
tcn,electrode,29,bandpass_n20003_cLL_V1_V4_independent_rms_s0,phase2/results/predictions/full/electrode/tcn/seed_29/bandpass_n20003_cLL_V1_V4_independent_rms_s0.npz,75953,5f28df8ce77fa54d208f0561126b85ce55b9c7f9dd16b57be876ea377ffcab41
tcn,electrode,29,bandpass_n20003_cLL_V1_V4_electrode_s20,phase2/results/predictions/full/electrode/tcn/seed_29/bandpass_n20003_cLL_V1_V4_electrode_s20.npz,76418,8b247bcb6c74c5612cb63b7074820418413ad6eaaa013ac8f7dcd8ffb791b6cf
tcn,electrode,29,bandpass_n20003_cLL_V1_V4_electrode_s15,phase2/results/predictions/full/electrode/tcn/seed_29/bandpass_n20003_cLL_V1_V4_electrode_s15.npz,76385,984b3b7ebfe007250caa8e87c58c9d68856692eb70649d29c1c2cc6502ae187e
tcn,electrode,29,bandpass_n20003_cLL_V1_V4_electrode_s10,phase2/results/predictions/full/electrode/tcn/seed_29/bandpass_n20003_cLL_V1_V4_electrode_s10.npz,76311,e0964c0a8261c7b56646adc2649d8eb93c93526a0a6c8dbc59e65b5d86c8db9a
tcn,electrode,29,bandpass_n20003_cLL_V1_V4_electrode_s5,phase2/results/predictions/full/electrode/tcn/seed_29/bandpass_n20003_cLL_V1_V4_electrode_s5.npz,76235,0a4a605916bf6037e7c96c34ecfe46702a4f0a10ebafcb9e3c3af9fe404c7200
tcn,electrode,29,bandpass_n20003_cLL_V1_V4_electrode_s0,phase2/results/predictions/full/electrode/tcn/seed_29/bandpass_n20003_cLL_V1_V4_electrode_s0.npz,75909,343a19022e524baa6a7390a794e9b4476a451c5238e73ad868e0877fe3b6b628
tcn,electrode,29,bandpass_n20003_cLL_V1_V4_covariance_s20,phase2/results/predictions/full/electrode/tcn/seed_29/bandpass_n20003_cLL_V1_V4_covariance_s20.npz,76386,bec254a7c3fb725b5baea761ee1ab364c5cfb3935c75c91ee290210c34880bb4
tcn,electrode,29,bandpass_n20003_cLL_V1_V4_covariance_s15,phase2/results/predictions/full/electrode/tcn/seed_29/bandpass_n20003_cLL_V1_V4_covariance_s15.npz,76348,cc84f09abab576268f9bc57b6d2116f99951d6883e8162c679847f83edf6471a
tcn,electrode,29,bandpass_n20003_cLL_V1_V4_covariance_s10,phase2/results/predictions/full/electrode/tcn/seed_29/bandpass_n20003_cLL_V1_V4_covariance_s10.npz,76309,4be3b4199eb2a5f168975d2cc9299ae191c581e16b7e41fc783216d1c9b0f9ee
tcn,electrode,29,bandpass_n20003_cLL_V1_V4_covariance_s5,phase2/results/predictions/full/electrode/tcn/seed_29/bandpass_n20003_cLL_V1_V4_covariance_s5.npz,76239,67a99344e54e009e9fab62decdbffa097d1d7ba8e42cadeaa4e2c65ab5f31da5
tcn,electrode,29,bandpass_n20003_cLL_V1_V4_covariance_s0,phase2/results/predictions/full/electrode/tcn/seed_29/bandpass_n20003_cLL_V1_V4_covariance_s0.npz,75882,a9803ac66ea036e7507c5deb42ff50193bff271fd2069b3278edab25fbc695c3
tcn,electrode,29,bandpass_n20003_call_independent_rms_s20,phase2/results/predictions/full/electrode/tcn/seed_29/bandpass_n20003_call_independent_rms_s20.npz,76371,d7c3f66cb2ae5b829c0fcd4f7cf3705c56726a7e3e449aab2422cf227473a4cc
tcn,electrode,29,bandpass_n20003_call_independent_rms_s15,phase2/results/predictions/full/electrode/tcn/seed_29/bandpass_n20003_call_independent_rms_s15.npz,76360,5aef5fe1ee8fc44c335f2922268ad30f02185ee492d5e972081a9978409585c8
tcn,electrode,29,bandpass_n20003_call_independent_rms_s10,phase2/results/predictions/full/electrode/tcn/seed_29/bandpass_n20003_call_independent_rms_s10.npz,76276,46483b395abef6bf56b26a92bbc9740a2f8942b323f5a16dc231e62848c8618a
tcn,electrode,29,bandpass_n20003_call_independent_rms_s5,phase2/results/predictions/full/electrode/tcn/seed_29/bandpass_n20003_call_independent_rms_s5.npz,76230,a9d3f7262f891d25de41291ce45078a5fc88e51e4aa68b73b9a20c9cd0b1e7d6
tcn,electrode,29,bandpass_n20003_call_independent_rms_s0,phase2/results/predictions/full/electrode/tcn/seed_29/bandpass_n20003_call_independent_rms_s0.npz,75945,1b1e58f3fe45a6fd59e8cb0075768020c197382abe861157f0ddd98c40be34be
tcn,electrode,29,bandpass_n20003_call_electrode_s20,phase2/results/predictions/full/electrode/tcn/seed_29/bandpass_n20003_call_electrode_s20.npz,76344,8202ea78364109f1a2a518f3626b59559fb4c9bccc5004e0eeca75f9b3090eac
tcn,electrode,29,bandpass_n20003_call_electrode_s15,phase2/results/predictions/full/electrode/tcn/seed_29/bandpass_n20003_call_electrode_s15.npz,76345,b6562f8a5463e906fad53f37c9e70cc80cf2f08657db3d539167cb566b2eabe6
tcn,electrode,29,bandpass_n20003_call_electrode_s10,phase2/results/predictions/full/electrode/tcn/seed_29/bandpass_n20003_call_electrode_s10.npz,76262,76e43dfbc9df57a3cccbe95cfacfa35da24194258172aa562d0b622c9970a0df
tcn,electrode,29,bandpass_n20003_call_electrode_s5,phase2/results/predictions/full/electrode/tcn/seed_29/bandpass_n20003_call_electrode_s5.npz,76175,ebff3a7717efb4ca20bdf46378b17f398b2ec10728d9618597504f7e705548b1
tcn,electrode,29,bandpass_n20003_call_electrode_s0,phase2/results/predictions/full/electrode/tcn/seed_29/bandpass_n20003_call_electrode_s0.npz,75788,2cca50f1b306eeacc431ee8f81d450a969206289ac4302c1e16d2910df8c54b8
tcn,electrode,29,bandpass_n20003_call_covariance_s20,phase2/results/predictions/full/electrode/tcn/seed_29/bandpass_n20003_call_covariance_s20.npz,76346,01b6bc8a9e0083670a23c88d571b391bd742d927440a60cabf589f0619f090bc
tcn,electrode,29,bandpass_n20003_call_covariance_s15,phase2/results/predictions/full/electrode/tcn/seed_29/bandpass_n20003_call_covariance_s15.npz,76358,874c6ecdf6d10c64f4032b546129e84de232df9492ab79bbc9c0db5dc1df868e
tcn,electrode,29,bandpass_n20003_call_covariance_s10,phase2/results/predictions/full/electrode/tcn/seed_29/bandpass_n20003_call_covariance_s10.npz,76278,4678040e4874f3dccd40281c1712ccd04d892a409532d9a0405d4cc1aaecfa50
tcn,electrode,29,bandpass_n20003_call_covariance_s5,phase2/results/predictions/full/electrode/tcn/seed_29/bandpass_n20003_call_covariance_s5.npz,76145,b27d270658abb93ecd0aa85e08291620e8e36df586a41920a868eeb04a4d82eb
tcn,electrode,29,bandpass_n20003_call_covariance_s0,phase2/results/predictions/full/electrode/tcn/seed_29/bandpass_n20003_call_covariance_s0.npz,75814,6626eb3a3484442aeefd628a9e6da67d549cbd94aba15d0298768131a49925dc
tcn,electrode,29,bandpass_n20004_cRA_LA_LL_independent_rms_s20,phase2/results/predictions/full/electrode/tcn/seed_29/bandpass_n20004_cRA_LA_LL_independent_rms_s20.npz,76385,b172dcf074af9061345d9c933ae9e53ef26e82d50724dfa6b83700bfcaa9ac60
tcn,electrode,29,bandpass_n20004_cRA_LA_LL_independent_rms_s15,phase2/results/predictions/full/electrode/tcn/seed_29/bandpass_n20004_cRA_LA_LL_independent_rms_s15.npz,76384,d8d8e03e394592c1330e55260316ffb8fc30e92f3b79ea398d243d473ea3abaf
tcn,electrode,29,bandpass_n20004_cRA_LA_LL_independent_rms_s10,phase2/results/predictions/full/electrode/tcn/seed_29/bandpass_n20004_cRA_LA_LL_independent_rms_s10.npz,76324,acec0345de6fe0c10a15593788db6b3fb44449e033f877a04539edfac66d3c0d
tcn,electrode,29,bandpass_n20004_cRA_LA_LL_independent_rms_s5,phase2/results/predictions/full/electrode/tcn/seed_29/bandpass_n20004_cRA_LA_LL_independent_rms_s5.npz,76228,91b313cc29cc307eba691d6b6648d62af8d2a743e1240bc1fe08d2907dc2edf9
tcn,electrode,29,bandpass_n20004_cRA_LA_LL_independent_rms_s0,phase2/results/predictions/full/electrode/tcn/seed_29/bandpass_n20004_cRA_LA_LL_independent_rms_s0.npz,75949,0662c806fa439ca6faa9f14fe0b3abfddde158d85161c8b754a122c19051f841
tcn,electrode,29,bandpass_n20004_cRA_LA_LL_electrode_s20,phase2/results/predictions/full/electrode/tcn/seed_29/bandpass_n20004_cRA_LA_LL_electrode_s20.npz,76361,5f64506f586069bcda74e2f1125907d81ada3540ead6d465fa9a77940e6ace49
tcn,electrode,29,bandpass_n20004_cRA_LA_LL_electrode_s15,phase2/results/predictions/full/electrode/tcn/seed_29/bandpass_n20004_cRA_LA_LL_electrode_s15.npz,76350,f2fcc4fd16ef31c204395d3baa0172985d86be95b1b423578c965df42420dcb6
tcn,electrode,29,bandpass_n20004_cRA_LA_LL_electrode_s10,phase2/results/predictions/full/electrode/tcn/seed_29/bandpass_n20004_cRA_LA_LL_electrode_s10.npz,76308,302fd9200a6c66ccab4271146b9146c835aea4eefbc6ef94518917b444a89443
tcn,electrode,29,bandpass_n20004_cRA_LA_LL_electrode_s5,phase2/results/predictions/full/electrode/tcn/seed_29/bandpass_n20004_cRA_LA_LL_electrode_s5.npz,76162,40104258c2e3e9a944f496633b69136e91aee24dfa00285665befb2fa7591098
tcn,electrode,29,bandpass_n20004_cRA_LA_LL_electrode_s0,phase2/results/predictions/full/electrode/tcn/seed_29/bandpass_n20004_cRA_LA_LL_electrode_s0.npz,75733,ca3585fcc196edba536596e93511c2a9504a9aa748bf41346048b49455193b1a
tcn,electrode,29,bandpass_n20004_cRA_LA_LL_covariance_s20,phase2/results/predictions/full/electrode/tcn/seed_29/bandpass_n20004_cRA_LA_LL_covariance_s20.npz,76401,4201d7ae7ce894557cf217beae783f3fc6c3af8d06167d402600c10fc9e3c31d
tcn,electrode,29,bandpass_n20004_cRA_LA_LL_covariance_s15,phase2/results/predictions/full/electrode/tcn/seed_29/bandpass_n20004_cRA_LA_LL_covariance_s15.npz,76369,4fd159327d095155f7c3f376f681899248e1dc73e59bbf405bb59db01c7af303
tcn,electrode,29,bandpass_n20004_cRA_LA_LL_covariance_s10,phase2/results/predictions/full/electrode/tcn/seed_29/bandpass_n20004_cRA_LA_LL_covariance_s10.npz,76290,09326b699c96ee0ee5dc4ddfe4723d5862f98202e5611941b9ca4865a9b46337
tcn,electrode,29,bandpass_n20004_cRA_LA_LL_covariance_s5,phase2/results/predictions/full/electrode/tcn/seed_29/bandpass_n20004_cRA_LA_LL_covariance_s5.npz,76188,60381256d3738c7a15c0fb5e62d816a3a9ad692571f7a297252156fdc2f84fba
tcn,electrode,29,bandpass_n20004_cRA_LA_LL_covariance_s0,phase2/results/predictions/full/electrode/tcn/seed_29/bandpass_n20004_cRA_LA_LL_covariance_s0.npz,75722,e4f2357e75c90ffc0e4e4b511820a55411795a152426eb5585e26694c752d4d6
tcn,electrode,29,bandpass_n20004_cV1_independent_rms_s20,phase2/results/predictions/full/electrode/tcn/seed_29/bandpass_n20004_cV1_independent_rms_s20.npz,76343,945f14138f075578d25aa59c8fcb2834b8fa7fa70ac72553ec0913a96e77eef5
tcn,electrode,29,bandpass_n20004_cV1_independent_rms_s15,phase2/results/predictions/full/electrode/tcn/seed_29/bandpass_n20004_cV1_independent_rms_s15.npz,76344,3eff2d760d2d7148a22dacff087701e5c5422dcf0577723cf9bbc433244e0a44
tcn,electrode,29,bandpass_n20004_cV1_independent_rms_s10,phase2/results/predictions/full/electrode/tcn/seed_29/bandpass_n20004_cV1_independent_rms_s10.npz,76325,8818aaef531609015787c94b1931a68b7d13c02826703882f6ef2933d5cd94d2
tcn,electrode,29,bandpass_n20004_cV1_independent_rms_s5,phase2/results/predictions/full/electrode/tcn/seed_29/bandpass_n20004_cV1_independent_rms_s5.npz,76181,0148425db5029f731d6e44caa7db2d82d436b4e3a82619c48ac3af09803ee089
tcn,electrode,29,bandpass_n20004_cV1_independent_rms_s0,phase2/results/predictions/full/electrode/tcn/seed_29/bandpass_n20004_cV1_independent_rms_s0.npz,75772,38470febc1848cfada49211badbd521aa97bd979039a132c444e657111d7ba8a
tcn,electrode,29,bandpass_n20004_cV1_electrode_s20,phase2/results/predictions/full/electrode/tcn/seed_29/bandpass_n20004_cV1_electrode_s20.npz,76342,fb8119c10fb17b7b3fc1bbf6f3b654f1f0cb55080e7307bf0468c7d5a9bc168b
tcn,electrode,29,bandpass_n20004_cV1_electrode_s15,phase2/results/predictions/full/electrode/tcn/seed_29/bandpass_n20004_cV1_electrode_s15.npz,76356,bf0d843b4ae86501a2e8809ba1da9314c649581a94ec6a43e46ff3ecda04bca2
tcn,electrode,29,bandpass_n20004_cV1_electrode_s10,phase2/results/predictions/full/electrode/tcn/seed_29/bandpass_n20004_cV1_electrode_s10.npz,76299,423af0a791a0081bbf32ccef513bcb9536a801d4116b7ace6f828de2b36bf061
tcn,electrode,29,bandpass_n20004_cV1_electrode_s5,phase2/results/predictions/full/electrode/tcn/seed_29/bandpass_n20004_cV1_electrode_s5.npz,76160,c4c3544d7fd171ec7d1a400c6dc08dabf95bfcb07eda4c8ac22fe71938ab84e9
tcn,electrode,29,bandpass_n20004_cV1_electrode_s0,phase2/results/predictions/full/electrode/tcn/seed_29/bandpass_n20004_cV1_electrode_s0.npz,75794,7a2de80e1f26578915e97893523c0aef8ea436ec4e6caa5d8ae4763befacce36
tcn,electrode,29,bandpass_n20004_cV1_covariance_s20,phase2/results/predictions/full/electrode/tcn/seed_29/bandpass_n20004_cV1_covariance_s20.npz,76337,6d757812691b6fbe728c1ab2c9c0df6b26443c5e767f1f96deda0a3e2541aea0
tcn,electrode,29,bandpass_n20004_cV1_covariance_s15,phase2/results/predictions/full/electrode/tcn/seed_29/bandpass_n20004_cV1_covariance_s15.npz,76364,a576260b0b8cbbd1e0e818e31145aeef9b7881ecc378dcf236469f31eab36f4b
tcn,electrode,29,bandpass_n20004_cV1_covariance_s10,phase2/results/predictions/full/electrode/tcn/seed_29/bandpass_n20004_cV1_covariance_s10.npz,76315,741690e322b58891a27b43b125ca2bac257133f7441d147f5c200fc56a81ec26
tcn,electrode,29,bandpass_n20004_cV1_covariance_s5,phase2/results/predictions/full/electrode/tcn/seed_29/bandpass_n20004_cV1_covariance_s5.npz,76207,a2c776aeb78ed0f0e3771f9d32f337c4cf4aebba6fccb488095325cfeee44a27
tcn,electrode,29,bandpass_n20004_cV1_covariance_s0,phase2/results/predictions/full/electrode/tcn/seed_29/bandpass_n20004_cV1_covariance_s0.npz,75805,0db130e04afbe0cd423af65d0d197f5400faa2afd6bf31c5dc3f9648d38cb5a8
tcn,electrode,29,bandpass_n20004_cV2_independent_rms_s20,phase2/results/predictions/full/electrode/tcn/seed_29/bandpass_n20004_cV2_independent_rms_s20.npz,76384,9222ca32cd50d5b76672e4b4d8884158b711919f4401372e5729302e2d39ba51
tcn,electrode,29,bandpass_n20004_cV2_independent_rms_s15,phase2/results/predictions/full/electrode/tcn/seed_29/bandpass_n20004_cV2_independent_rms_s15.npz,76353,16826be768b0252f534bf82413a486b902091bbaeceb3489bef72eaa9e9022e5
tcn,electrode,29,bandpass_n20004_cV2_independent_rms_s10,phase2/results/predictions/full/electrode/tcn/seed_29/bandpass_n20004_cV2_independent_rms_s10.npz,76310,997946ddff8d43ae1e69e59d3b51ad9e5291b2f9171f65c68b3ea25d0b6edfc6
tcn,electrode,29,bandpass_n20004_cV2_independent_rms_s5,phase2/results/predictions/full/electrode/tcn/seed_29/bandpass_n20004_cV2_independent_rms_s5.npz,76239,112d5350f2b42737be363d25bc207c5966a338a4555dfdf22b3e7e774e19c76f
tcn,electrode,29,bandpass_n20004_cV2_independent_rms_s0,phase2/results/predictions/full/electrode/tcn/seed_29/bandpass_n20004_cV2_independent_rms_s0.npz,75953,fe21b29fef36fdf9da9fda729a6013f642eaafaca56d45ae1a684489ede2e3f5
tcn,electrode,29,bandpass_n20004_cV2_electrode_s20,phase2/results/predictions/full/electrode/tcn/seed_29/bandpass_n20004_cV2_electrode_s20.npz,76356,4100a60fe4c0f45eeeddc20e2c03ed1fede0c678cd167826cf0a51837f61e0ee
tcn,electrode,29,bandpass_n20004_cV2_electrode_s15,phase2/results/predictions/full/electrode/tcn/seed_29/bandpass_n20004_cV2_electrode_s15.npz,76343,965a50c9370903d26fe699396ff35c7e30743e154b889849d7425f24dd8c7364
tcn,electrode,29,bandpass_n20004_cV2_electrode_s10,phase2/results/predictions/full/electrode/tcn/seed_29/bandpass_n20004_cV2_electrode_s10.npz,76276,92bcd9340c651ce22ca9e3c6443850fd4397ae58ea09dff791828c4982fb2e29
tcn,electrode,29,bandpass_n20004_cV2_electrode_s5,phase2/results/predictions/full/electrode/tcn/seed_29/bandpass_n20004_cV2_electrode_s5.npz,76194,7f2462fa640a211990b024a05fff9121e4c2d4b2598d6bc09a5a99554bcd185c
tcn,electrode,29,bandpass_n20004_cV2_electrode_s0,phase2/results/predictions/full/electrode/tcn/seed_29/bandpass_n20004_cV2_electrode_s0.npz,75960,9137116f104536a895e9d57b9762ffbacb390887877338fb12994cfbfdf91b5d
tcn,electrode,29,bandpass_n20004_cV2_covariance_s20,phase2/results/predictions/full/electrode/tcn/seed_29/bandpass_n20004_cV2_covariance_s20.npz,76337,f54d71334feab9dcb8d636e6f361ddfc63061e361fac3cae09aed4603cb6c3e2
tcn,electrode,29,bandpass_n20004_cV2_covariance_s15,phase2/results/predictions/full/electrode/tcn/seed_29/bandpass_n20004_cV2_covariance_s15.npz,76355,6123555a4d552efa610dec79dcdef8defd22906c2a444af75e98f7ab858169ca
tcn,electrode,29,bandpass_n20004_cV2_covariance_s10,phase2/results/predictions/full/electrode/tcn/seed_29/bandpass_n20004_cV2_covariance_s10.npz,76321,2676d4731a2f78f796a806cd174131129350089bef59706b4d787420671db6b9
tcn,electrode,29,bandpass_n20004_cV2_covariance_s5,phase2/results/predictions/full/electrode/tcn/seed_29/bandpass_n20004_cV2_covariance_s5.npz,76183,6d476435bb094ba72aaff4a5690dd135e725af67cf778fa20d9ca017d9669b50
tcn,electrode,29,bandpass_n20004_cV2_covariance_s0,phase2/results/predictions/full/electrode/tcn/seed_29/bandpass_n20004_cV2_covariance_s0.npz,75942,853302dd2091d707173ff9e250b062ffaceb30172dbac74123441873cab80688
tcn,electrode,29,bandpass_n20004_cV3_independent_rms_s20,phase2/results/predictions/full/electrode/tcn/seed_29/bandpass_n20004_cV3_independent_rms_s20.npz,76386,27a226bfd4af4ac0dc71bb39e603c56a5d8284eb5026702e9dd110e098a6be26
tcn,electrode,29,bandpass_n20004_cV3_independent_rms_s15,phase2/results/predictions/full/electrode/tcn/seed_29/bandpass_n20004_cV3_independent_rms_s15.npz,76373,c3492781fd93c42f3248eb897fb47609e5be1b8d58fbd4547aed58e7855094e2
tcn,electrode,29,bandpass_n20004_cV3_independent_rms_s10,phase2/results/predictions/full/electrode/tcn/seed_29/bandpass_n20004_cV3_independent_rms_s10.npz,76351,f50013cd0ef3793fc53cfa23b07cd88443d91a68d9ac7c95e28efa9efc1cdb6a
tcn,electrode,29,bandpass_n20004_cV3_independent_rms_s5,phase2/results/predictions/full/electrode/tcn/seed_29/bandpass_n20004_cV3_independent_rms_s5.npz,76311,cc4cb172c4018281edcde95c83525bea30d6a6b3e67d4f9f6bed1d55939fb527
tcn,electrode,29,bandpass_n20004_cV3_independent_rms_s0,phase2/results/predictions/full/electrode/tcn/seed_29/bandpass_n20004_cV3_independent_rms_s0.npz,76199,a6adba55d491bb1585246071746f241438c36539602d4d5120d1b5695a93ff9b
tcn,electrode,29,bandpass_n20004_cV3_electrode_s20,phase2/results/predictions/full/electrode/tcn/seed_29/bandpass_n20004_cV3_electrode_s20.npz,76349,67a34f827c0b1912c9a122ea6e816d6e6ad116ba9838f713af45273bf7ba8660
tcn,electrode,29,bandpass_n20004_cV3_electrode_s15,phase2/results/predictions/full/electrode/tcn/seed_29/bandpass_n20004_cV3_electrode_s15.npz,76359,500344661c86210557f4697dff940590fd9b30e7cb647994309316ac13df25b8
tcn,electrode,29,bandpass_n20004_cV3_electrode_s10,phase2/results/predictions/full/electrode/tcn/seed_29/bandpass_n20004_cV3_electrode_s10.npz,76342,37aed4ef0a5b3fe27460a03abbed54b5841c56c6fd08cfbe7b0df3d42e6fce73
tcn,electrode,29,bandpass_n20004_cV3_electrode_s5,phase2/results/predictions/full/electrode/tcn/seed_29/bandpass_n20004_cV3_electrode_s5.npz,76313,c3f7f3668d8f3f72a038c0e53a6ae2f41862aa998217edc1759dedcb3b6d7e7f
tcn,electrode,29,bandpass_n20004_cV3_electrode_s0,phase2/results/predictions/full/electrode/tcn/seed_29/bandpass_n20004_cV3_electrode_s0.npz,76212,a0dfd5a85ad55d23bdf89e39d6895d3603237be5c8e06af6eb05280dcbe3171f
tcn,electrode,29,bandpass_n20004_cV3_covariance_s20,phase2/results/predictions/full/electrode/tcn/seed_29/bandpass_n20004_cV3_covariance_s20.npz,76378,61853691f32e48aa04ef0a74f1f0a06375508cdf7797c1bc80cbf107a5b766d4
tcn,electrode,29,bandpass_n20004_cV3_covariance_s15,phase2/results/predictions/full/electrode/tcn/seed_29/bandpass_n20004_cV3_covariance_s15.npz,76339,f9fc27c32da0960d83f9b73543f9f0d56261ecd54967ffeb171c9044211a43ec
tcn,electrode,29,bandpass_n20004_cV3_covariance_s10,phase2/results/predictions/full/electrode/tcn/seed_29/bandpass_n20004_cV3_covariance_s10.npz,76373,e74c78a16a0e4cb0cb8164e7292ffea8fb359088673b2a03fb42fc5164912bbd
tcn,electrode,29,bandpass_n20004_cV3_covariance_s5,phase2/results/predictions/full/electrode/tcn/seed_29/bandpass_n20004_cV3_covariance_s5.npz,76325,c861223b4cf18cf0456b1ea32975a6116d7ed06e8aa31b4a55bf7ed20c628e00
tcn,electrode,29,bandpass_n20004_cV3_covariance_s0,phase2/results/predictions/full/electrode/tcn/seed_29/bandpass_n20004_cV3_covariance_s0.npz,76197,614c721eb1c92c2bf54355aa8b8ee5caaa026b5e369dd4e628053d6aaf4afe10
tcn,electrode,29,bandpass_n20004_cV4_independent_rms_s20,phase2/results/predictions/full/electrode/tcn/seed_29/bandpass_n20004_cV4_independent_rms_s20.npz,76362,69dbbd0daca5dcceab3636a270c81bd50083c4833bd6c8b98a87e03c01bb26df
tcn,electrode,29,bandpass_n20004_cV4_independent_rms_s15,phase2/results/predictions/full/electrode/tcn/seed_29/bandpass_n20004_cV4_independent_rms_s15.npz,76393,e52eb0875af14ba0c86968bbbc96ca690713b552497e6101ae10de13881eb3b5
tcn,electrode,29,bandpass_n20004_cV4_independent_rms_s10,phase2/results/predictions/full/electrode/tcn/seed_29/bandpass_n20004_cV4_independent_rms_s10.npz,76363,f10686580c99ab9a70011191f63bbe29cda6d4ade196c7dc867e7f7e882fc561
tcn,electrode,29,bandpass_n20004_cV4_independent_rms_s5,phase2/results/predictions/full/electrode/tcn/seed_29/bandpass_n20004_cV4_independent_rms_s5.npz,76281,84147a700786b2d8e8be58f63d50c8d7c2e59d1da8773d2fb0085b9791350360
tcn,electrode,29,bandpass_n20004_cV4_independent_rms_s0,phase2/results/predictions/full/electrode/tcn/seed_29/bandpass_n20004_cV4_independent_rms_s0.npz,76123,c47c54f1d884592cb4a14bb718455ac2927ce290514c9fb853b1740481f95899
tcn,electrode,29,bandpass_n20004_cV4_electrode_s20,phase2/results/predictions/full/electrode/tcn/seed_29/bandpass_n20004_cV4_electrode_s20.npz,76351,807abf93edc3d1c74f7b6acffebff7b2d82031ae234f32d979133ace4b96b212
tcn,electrode,29,bandpass_n20004_cV4_electrode_s15,phase2/results/predictions/full/electrode/tcn/seed_29/bandpass_n20004_cV4_electrode_s15.npz,76348,2a0f14bf67c10b5a9132f0582e15339d45e9e3f4bc195a325a8e54ff50ad31e2
tcn,electrode,29,bandpass_n20004_cV4_electrode_s10,phase2/results/predictions/full/electrode/tcn/seed_29/bandpass_n20004_cV4_electrode_s10.npz,76340,1e8c216acb419486e5cf65aa00cbbb5ab056f1510d21c74bcb550adbd0b0aa1a
tcn,electrode,29,bandpass_n20004_cV4_electrode_s5,phase2/results/predictions/full/electrode/tcn/seed_29/bandpass_n20004_cV4_electrode_s5.npz,76273,21edbead486e704fceb3fa44fbecb47a96f1745184754198f7b0870c58bfa453
tcn,electrode,29,bandpass_n20004_cV4_electrode_s0,phase2/results/predictions/full/electrode/tcn/seed_29/bandpass_n20004_cV4_electrode_s0.npz,76098,1fa98194fc0231a3b50613df3c087ce622a8b4921e782fde5bb81de8f3eab9a0
tcn,electrode,29,bandpass_n20004_cV4_covariance_s20,phase2/results/predictions/full/electrode/tcn/seed_29/bandpass_n20004_cV4_covariance_s20.npz,76392,3d38c0e4f80882e67465c5a4f87fd23b33bb099285a808d2c1e0ec7ad0e166ac
tcn,electrode,29,bandpass_n20004_cV4_covariance_s15,phase2/results/predictions/full/electrode/tcn/seed_29/bandpass_n20004_cV4_covariance_s15.npz,76383,37ac7ba00ca285c33ecf59c5f350a3c2c9838e70ee76773e2903430e9b81a693
tcn,electrode,29,bandpass_n20004_cV4_covariance_s10,phase2/results/predictions/full/electrode/tcn/seed_29/bandpass_n20004_cV4_covariance_s10.npz,76326,b90453deddd6c2001de3df89ad40f97d12f060e6b8efb47c5d4fec65bbddc384
tcn,electrode,29,bandpass_n20004_cV4_covariance_s5,phase2/results/predictions/full/electrode/tcn/seed_29/bandpass_n20004_cV4_covariance_s5.npz,76274,607c54db3b30fba47a80898b6af1bdb5830a14283c0c238378c1af0a6e7bb98d
tcn,electrode,29,bandpass_n20004_cV4_covariance_s0,phase2/results/predictions/full/electrode/tcn/seed_29/bandpass_n20004_cV4_covariance_s0.npz,76086,0457e2fb6fb06a22e061f8a29fc89384985cf1fc821659c38be92940e622f339
tcn,electrode,29,bandpass_n20004_cV5_independent_rms_s20,phase2/results/predictions/full/electrode/tcn/seed_29/bandpass_n20004_cV5_independent_rms_s20.npz,76378,f6b555ba485bcb0f3445ccfee1c655871ef434e34970b7776a793e2b4302483b
tcn,electrode,29,bandpass_n20004_cV5_independent_rms_s15,phase2/results/predictions/full/electrode/tcn/seed_29/bandpass_n20004_cV5_independent_rms_s15.npz,76336,d60b87d5d8a08646f218413b86f7ce6eafe7ba17d17b231bafd9c2715f025a4d
tcn,electrode,29,bandpass_n20004_cV5_independent_rms_s10,phase2/results/predictions/full/electrode/tcn/seed_29/bandpass_n20004_cV5_independent_rms_s10.npz,76386,21d8ae4df30c3bc9f44c0c5302e65563406947b66db30c2368a2cb3573780e4a
tcn,electrode,29,bandpass_n20004_cV5_independent_rms_s5,phase2/results/predictions/full/electrode/tcn/seed_29/bandpass_n20004_cV5_independent_rms_s5.npz,76276,f84a28b415fd2058ff9b4267dd9360a8147f0216e1898627b38deed9f565a93b
tcn,electrode,29,bandpass_n20004_cV5_independent_rms_s0,phase2/results/predictions/full/electrode/tcn/seed_29/bandpass_n20004_cV5_independent_rms_s0.npz,76100,bcc13a4e9cb55d8124220511857185de455eb0ac2d1fa67b18324cdd8e8f7b02
tcn,electrode,29,bandpass_n20004_cV5_electrode_s20,phase2/results/predictions/full/electrode/tcn/seed_29/bandpass_n20004_cV5_electrode_s20.npz,76362,512f55bf5666605b01dc91ef4a545b01214139d127bfb066f1a616a697475804
tcn,electrode,29,bandpass_n20004_cV5_electrode_s15,phase2/results/predictions/full/electrode/tcn/seed_29/bandpass_n20004_cV5_electrode_s15.npz,76391,e519c661d0fde14773bbffbfa358535d912719328043e9f83661fccb9983cb6a
tcn,electrode,29,bandpass_n20004_cV5_electrode_s10,phase2/results/predictions/full/electrode/tcn/seed_29/bandpass_n20004_cV5_electrode_s10.npz,76330,71668a485d0ad1018160409db8e531a23f61f340c4a203b431e6689c74ef0329
tcn,electrode,29,bandpass_n20004_cV5_electrode_s5,phase2/results/predictions/full/electrode/tcn/seed_29/bandpass_n20004_cV5_electrode_s5.npz,76248,0cc56e6693d283738c950967fe60498ced51d917454e106cbe94a9c516753204
tcn,electrode,29,bandpass_n20004_cV5_electrode_s0,phase2/results/predictions/full/electrode/tcn/seed_29/bandpass_n20004_cV5_electrode_s0.npz,76083,8aef3bf70fe216da697adcc53d908bdeb8fbee7b7c7ee8734ed1f437b4b89d8e
tcn,electrode,29,bandpass_n20004_cV5_covariance_s20,phase2/results/predictions/full/electrode/tcn/seed_29/bandpass_n20004_cV5_covariance_s20.npz,76364,a10f0868417dc851ab2a3265bcdb5b318b51d9ce384e49db586a5572987d7a02
tcn,electrode,29,bandpass_n20004_cV5_covariance_s15,phase2/results/predictions/full/electrode/tcn/seed_29/bandpass_n20004_cV5_covariance_s15.npz,76341,a8b4465c34d371f24af20a0a34e39e41541e58c13e8dd6ec283ac682d1f4ef8e
tcn,electrode,29,bandpass_n20004_cV5_covariance_s10,phase2/results/predictions/full/electrode/tcn/seed_29/bandpass_n20004_cV5_covariance_s10.npz,76370,89ed5debb2245765ec1f2158b57f802bf448f4839237764e8a715b173bec96a7
tcn,electrode,29,bandpass_n20004_cV5_covariance_s5,phase2/results/predictions/full/electrode/tcn/seed_29/bandpass_n20004_cV5_covariance_s5.npz,76251,d34812afb549b1683ab5d9282c50894e88d5710b44e728c5c86a78f4d57bef89
tcn,electrode,29,bandpass_n20004_cV5_covariance_s0,phase2/results/predictions/full/electrode/tcn/seed_29/bandpass_n20004_cV5_covariance_s0.npz,76108,344820acf7ff0fdb484419a09a9abb35166a1855ddd3154cbf7360cfdb1709e4
tcn,electrode,29,bandpass_n20004_cV6_independent_rms_s20,phase2/results/predictions/full/electrode/tcn/seed_29/bandpass_n20004_cV6_independent_rms_s20.npz,76390,aae1798f64fc4c1419ade2d119e33ea8a53845647629d5204c2eee6e0df73570
tcn,electrode,29,bandpass_n20004_cV6_independent_rms_s15,phase2/results/predictions/full/electrode/tcn/seed_29/bandpass_n20004_cV6_independent_rms_s15.npz,76347,e034c3ddb71bb0b187e09f32888dc59d9d15f06f060feb303574c400dfb2b178
tcn,electrode,29,bandpass_n20004_cV6_independent_rms_s10,phase2/results/predictions/full/electrode/tcn/seed_29/bandpass_n20004_cV6_independent_rms_s10.npz,76336,8e975c1c6f636cf8f7ed013fb97c5cbb477f0d49971c1d1948f3c1f27a797c45
tcn,electrode,29,bandpass_n20004_cV6_independent_rms_s5,phase2/results/predictions/full/electrode/tcn/seed_29/bandpass_n20004_cV6_independent_rms_s5.npz,76224,0ee8468da842e3f42273b89b621f9f0a9ff65e1354b35543cc1ab2e7d9af786c
tcn,electrode,29,bandpass_n20004_cV6_independent_rms_s0,phase2/results/predictions/full/electrode/tcn/seed_29/bandpass_n20004_cV6_independent_rms_s0.npz,76013,fa723054e084f5bdb8172f9eac0dba3d9498335ae568d50a5c22e486fbc24cbb
tcn,electrode,29,bandpass_n20004_cV6_electrode_s20,phase2/results/predictions/full/electrode/tcn/seed_29/bandpass_n20004_cV6_electrode_s20.npz,76349,1327c67a6cdd17647a436fb2bd5334c61b5a0b0b8dd5b794130899ebe0f342b1
tcn,electrode,29,bandpass_n20004_cV6_electrode_s15,phase2/results/predictions/full/electrode/tcn/seed_29/bandpass_n20004_cV6_electrode_s15.npz,76325,77d14495e6b6dff5e16ce42ab865a79bb2959285c2fab1d8e30bbc0f647c274b
tcn,electrode,29,bandpass_n20004_cV6_electrode_s10,phase2/results/predictions/full/electrode/tcn/seed_29/bandpass_n20004_cV6_electrode_s10.npz,76313,40d9218e5454d90c113e9f633294f103e0ba8287d170c9f537f24e388a85acfb
tcn,electrode,29,bandpass_n20004_cV6_electrode_s5,phase2/results/predictions/full/electrode/tcn/seed_29/bandpass_n20004_cV6_electrode_s5.npz,76205,055d83a9674eaf1116dd0a96d0ded28c86da41a30d01d24d1a90a9e0f91d4b02
tcn,electrode,29,bandpass_n20004_cV6_electrode_s0,phase2/results/predictions/full/electrode/tcn/seed_29/bandpass_n20004_cV6_electrode_s0.npz,75999,1ab929fe5ccb2e301a8b85f9f796d2069d89b349aaea6b1839418068274b499b
tcn,electrode,29,bandpass_n20004_cV6_covariance_s20,phase2/results/predictions/full/electrode/tcn/seed_29/bandpass_n20004_cV6_covariance_s20.npz,76358,80bb0d1146ff6afce7610b2bac9514dbeeae60d0c837fb763195103a973e4f79
tcn,electrode,29,bandpass_n20004_cV6_covariance_s15,phase2/results/predictions/full/electrode/tcn/seed_29/bandpass_n20004_cV6_covariance_s15.npz,76352,58e5d2256ae89d9cf969b344c8682c1e65b8b9506793ffffc4bf1239cd610186
tcn,electrode,29,bandpass_n20004_cV6_covariance_s10,phase2/results/predictions/full/electrode/tcn/seed_29/bandpass_n20004_cV6_covariance_s10.npz,76334,fce955424e4db8e0a1e70eaa899ba4eaa7c9ef3a2b9c611102b2c22f59cf8f18
tcn,electrode,29,bandpass_n20004_cV6_covariance_s5,phase2/results/predictions/full/electrode/tcn/seed_29/bandpass_n20004_cV6_covariance_s5.npz,76210,a21652167f126aa22d5ae423653bf2ac72a04fcd82a78361e2bfe2afeaaf0b58
tcn,electrode,29,bandpass_n20004_cV6_covariance_s0,phase2/results/predictions/full/electrode/tcn/seed_29/bandpass_n20004_cV6_covariance_s0.npz,75975,92a1e088087df7a6e99f8683ca0b75a1efc8be41d3742a49617a5b9ba5588cb1
tcn,electrode,29,bandpass_n20004_cRA_LA_independent_rms_s20,phase2/results/predictions/full/electrode/tcn/seed_29/bandpass_n20004_cRA_LA_independent_rms_s20.npz,76374,c022181417f541297402b5464686ba2e06cca00506cc548a4378573857dddb33
tcn,electrode,29,bandpass_n20004_cRA_LA_independent_rms_s15,phase2/results/predictions/full/electrode/tcn/seed_29/bandpass_n20004_cRA_LA_independent_rms_s15.npz,76374,c7524644f0aecd31986aa8039fdf3598c3362f423d82567f95ba77350066a716
tcn,electrode,29,bandpass_n20004_cRA_LA_independent_rms_s10,phase2/results/predictions/full/electrode/tcn/seed_29/bandpass_n20004_cRA_LA_independent_rms_s10.npz,76335,c0768ee1b3045b00d2c2de18daec3bba6d915b52558cd1851f5d71ccc73fbbd8
tcn,electrode,29,bandpass_n20004_cRA_LA_independent_rms_s5,phase2/results/predictions/full/electrode/tcn/seed_29/bandpass_n20004_cRA_LA_independent_rms_s5.npz,76231,5e299fe4bef0b7545036d6fd06eba41ac8f77f82af9c1ff6fa951769fc2f619c
tcn,electrode,29,bandpass_n20004_cRA_LA_independent_rms_s0,phase2/results/predictions/full/electrode/tcn/seed_29/bandpass_n20004_cRA_LA_independent_rms_s0.npz,75911,a9b3f7fcb093e2c84ad68f583cda192b8517b3e78ec15bfc879437fdbb4f9cd0
tcn,electrode,29,bandpass_n20004_cRA_LA_electrode_s20,phase2/results/predictions/full/electrode/tcn/seed_29/bandpass_n20004_cRA_LA_electrode_s20.npz,76379,fd93e833d3cbdb9595ed9fa0e249dd39ec961e9ec115a8acdc9addcd0b91d1f8
tcn,electrode,29,bandpass_n20004_cRA_LA_electrode_s15,phase2/results/predictions/full/electrode/tcn/seed_29/bandpass_n20004_cRA_LA_electrode_s15.npz,76321,b68d437729f0ab081f7c5401b2f26947ba8050ca5c9baa519a9c1dfe8a3a3883
tcn,electrode,29,bandpass_n20004_cRA_LA_electrode_s10,phase2/results/predictions/full/electrode/tcn/seed_29/bandpass_n20004_cRA_LA_electrode_s10.npz,76252,deaadb32b438c8458a355fcf7da073c0ab5b04c71ef31f42e8f394abbf5488bb
tcn,electrode,29,bandpass_n20004_cRA_LA_electrode_s5,phase2/results/predictions/full/electrode/tcn/seed_29/bandpass_n20004_cRA_LA_electrode_s5.npz,76133,4c5a4dcc291e9dee58590672615a4f3cc16b59b4cd75f76c56e4b55eeebe552f
tcn,electrode,29,bandpass_n20004_cRA_LA_electrode_s0,phase2/results/predictions/full/electrode/tcn/seed_29/bandpass_n20004_cRA_LA_electrode_s0.npz,75690,58f479f6f894274b0992649ee4c048c7eddec39f0d2910b451df3db2ca1ed260
tcn,electrode,29,bandpass_n20004_cRA_LA_covariance_s20,phase2/results/predictions/full/electrode/tcn/seed_29/bandpass_n20004_cRA_LA_covariance_s20.npz,76359,798e7c9b19acd7354834d659bdb8c7d0a2afff5fbc04f0cd2e58551966d52557
tcn,electrode,29,bandpass_n20004_cRA_LA_covariance_s15,phase2/results/predictions/full/electrode/tcn/seed_29/bandpass_n20004_cRA_LA_covariance_s15.npz,76358,3a19a304796dbe2e84354679f185ac979425acb4986259e72afbcd091db40475
tcn,electrode,29,bandpass_n20004_cRA_LA_covariance_s10,phase2/results/predictions/full/electrode/tcn/seed_29/bandpass_n20004_cRA_LA_covariance_s10.npz,76265,b7f0725bfbf03658eda75be0d75536eaf148ddd6726e96870d09a7fbdbf7e89c
tcn,electrode,29,bandpass_n20004_cRA_LA_covariance_s5,phase2/results/predictions/full/electrode/tcn/seed_29/bandpass_n20004_cRA_LA_covariance_s5.npz,76121,3fddc3097ef5b73e7af4497a8302c6bba0b849c531a696e1b7507e2a571c173f
tcn,electrode,29,bandpass_n20004_cRA_LA_covariance_s0,phase2/results/predictions/full/electrode/tcn/seed_29/bandpass_n20004_cRA_LA_covariance_s0.npz,75700,78951458e7718840bb10b9bea8bfb9dcd08a3e57cdb955f820fea2319309509b
tcn,electrode,29,bandpass_n20004_cLA_LL_independent_rms_s20,phase2/results/predictions/full/electrode/tcn/seed_29/bandpass_n20004_cLA_LL_independent_rms_s20.npz,76365,9d006a8624bd2d4ba52231825f4f8de560c8ec0700d2bbb9fb82d5f5effc8168
tcn,electrode,29,bandpass_n20004_cLA_LL_independent_rms_s15,phase2/results/predictions/full/electrode/tcn/seed_29/bandpass_n20004_cLA_LL_independent_rms_s15.npz,76363,cba5a5301176159a46f7f55c97ab47f5f4a97337e1a0b735787c85b6c069b697
tcn,electrode,29,bandpass_n20004_cLA_LL_independent_rms_s10,phase2/results/predictions/full/electrode/tcn/seed_29/bandpass_n20004_cLA_LL_independent_rms_s10.npz,76323,1201512a210164e8be3915ebc1870199d21ebe721cb526f3398eca63aae73909
tcn,electrode,29,bandpass_n20004_cLA_LL_independent_rms_s5,phase2/results/predictions/full/electrode/tcn/seed_29/bandpass_n20004_cLA_LL_independent_rms_s5.npz,76241,84b8217d6f2216cc7116244c4a6e2da3cb9182c909ca6bbacf4bf2999836c020
tcn,electrode,29,bandpass_n20004_cLA_LL_independent_rms_s0,phase2/results/predictions/full/electrode/tcn/seed_29/bandpass_n20004_cLA_LL_independent_rms_s0.npz,75940,cd650b363a13e0a6cbf96c1f2739fb6433fe42ddf13783ad6cf8af52f8b124ca
tcn,electrode,29,bandpass_n20004_cLA_LL_electrode_s20,phase2/results/predictions/full/electrode/tcn/seed_29/bandpass_n20004_cLA_LL_electrode_s20.npz,76392,0e063b60f6e561874a7300809a39d3722f87f0057ac43ccbc915afd199d3a7f2
tcn,electrode,29,bandpass_n20004_cLA_LL_electrode_s15,phase2/results/predictions/full/electrode/tcn/seed_29/bandpass_n20004_cLA_LL_electrode_s15.npz,76363,3125c5c2814b9c8d8760e9e76a4e1836fcb9bf1415b0f76e38e8bcdd105a9b70
tcn,electrode,29,bandpass_n20004_cLA_LL_electrode_s10,phase2/results/predictions/full/electrode/tcn/seed_29/bandpass_n20004_cLA_LL_electrode_s10.npz,76342,e376f34f377daf97a8af9c4398c939135b82d772a281ca69caefa8f3f8f4336e
tcn,electrode,29,bandpass_n20004_cLA_LL_electrode_s5,phase2/results/predictions/full/electrode/tcn/seed_29/bandpass_n20004_cLA_LL_electrode_s5.npz,76182,e9d1b54b46616214f26546560795aa1d6a98bfc1a85c119e0a5981b1338be8cb
tcn,electrode,29,bandpass_n20004_cLA_LL_electrode_s0,phase2/results/predictions/full/electrode/tcn/seed_29/bandpass_n20004_cLA_LL_electrode_s0.npz,75861,50508d010384d4e30f1361268350c1cad4875da9fafae9fa3260c27a1a960d06
tcn,electrode,29,bandpass_n20004_cLA_LL_covariance_s20,phase2/results/predictions/full/electrode/tcn/seed_29/bandpass_n20004_cLA_LL_covariance_s20.npz,76345,245832b9ca29fc9d032974dc63829ed781e7627a02fae53443a4cc3ce63a66bf
tcn,electrode,29,bandpass_n20004_cLA_LL_covariance_s15,phase2/results/predictions/full/electrode/tcn/seed_29/bandpass_n20004_cLA_LL_covariance_s15.npz,76362,40817a6a14961846afdc5d9f732a0db555af1392ed25cd085dfc488548d42e56
tcn,electrode,29,bandpass_n20004_cLA_LL_covariance_s10,phase2/results/predictions/full/electrode/tcn/seed_29/bandpass_n20004_cLA_LL_covariance_s10.npz,76301,9df48efc1a7ba799ac013ecdafcf5671812255a3a2fe366f68399611d3266a96
tcn,electrode,29,bandpass_n20004_cLA_LL_covariance_s5,phase2/results/predictions/full/electrode/tcn/seed_29/bandpass_n20004_cLA_LL_covariance_s5.npz,76157,1180eb7ca3d5723040eec9038b5d53c521d9097c9b3da692bffaef22bb846a98
tcn,electrode,29,bandpass_n20004_cLA_LL_covariance_s0,phase2/results/predictions/full/electrode/tcn/seed_29/bandpass_n20004_cLA_LL_covariance_s0.npz,75845,5b23bdb885abef3e96e32052cffcea36ba4b3fd742fcd81d1c5eba3b6ced3167
tcn,electrode,29,bandpass_n20004_cRA_LL_independent_rms_s20,phase2/results/predictions/full/electrode/tcn/seed_29/bandpass_n20004_cRA_LL_independent_rms_s20.npz,76362,12c33f9ed296891d953495ffe4a95f489694e32eb9442c5636c1d4f4474c870e
tcn,electrode,29,bandpass_n20004_cRA_LL_independent_rms_s15,phase2/results/predictions/full/electrode/tcn/seed_29/bandpass_n20004_cRA_LL_independent_rms_s15.npz,76382,d6ea1f7d591a0cc7a70e7f23c45f5a775868f8c41018b462238352dda9c62579
tcn,electrode,29,bandpass_n20004_cRA_LL_independent_rms_s10,phase2/results/predictions/full/electrode/tcn/seed_29/bandpass_n20004_cRA_LL_independent_rms_s10.npz,76301,1a585f7f5c162408eb6ca792b086225d3789422918b00da7d64b6666444f6c5f
tcn,electrode,29,bandpass_n20004_cRA_LL_independent_rms_s5,phase2/results/predictions/full/electrode/tcn/seed_29/bandpass_n20004_cRA_LL_independent_rms_s5.npz,76247,6be925e05302957a4f296038e9681a851172bd62e2790c3cde303219b8f4f610
tcn,electrode,29,bandpass_n20004_cRA_LL_independent_rms_s0,phase2/results/predictions/full/electrode/tcn/seed_29/bandpass_n20004_cRA_LL_independent_rms_s0.npz,75938,0cb35e77d2edb40d9bd5b18067ffab564dcab6887cba0cd16e53c8b9ca2f2d41
tcn,electrode,29,bandpass_n20004_cRA_LL_electrode_s20,phase2/results/predictions/full/electrode/tcn/seed_29/bandpass_n20004_cRA_LL_electrode_s20.npz,76388,676a479808269d8a80e0c8108940c60f372620b6f6a7102d57cc03ffb2754e47
tcn,electrode,29,bandpass_n20004_cRA_LL_electrode_s15,phase2/results/predictions/full/electrode/tcn/seed_29/bandpass_n20004_cRA_LL_electrode_s15.npz,76367,f8bbef32b90783f3bda78f485201179fd98e281ab29001df4672df6b42aeb2ee
tcn,electrode,29,bandpass_n20004_cRA_LL_electrode_s10,phase2/results/predictions/full/electrode/tcn/seed_29/bandpass_n20004_cRA_LL_electrode_s10.npz,76284,db6b6f63f0c8876c339ba0159d47211b2705637d0fa0ba13cd99258d6c74b828
tcn,electrode,29,bandpass_n20004_cRA_LL_electrode_s5,phase2/results/predictions/full/electrode/tcn/seed_29/bandpass_n20004_cRA_LL_electrode_s5.npz,76166,2a0355847567253035b3df282109b9315d39d1fd96fc0ed104bf5f183a40ac48
tcn,electrode,29,bandpass_n20004_cRA_LL_electrode_s0,phase2/results/predictions/full/electrode/tcn/seed_29/bandpass_n20004_cRA_LL_electrode_s0.npz,75652,a94847a6472be0657bc48471d6d64cf98478385a92a00b613c2cd8d75fa9f31c
tcn,electrode,29,bandpass_n20004_cRA_LL_covariance_s20,phase2/results/predictions/full/electrode/tcn/seed_29/bandpass_n20004_cRA_LL_covariance_s20.npz,76363,2472bdf1d3057b094ee7d80e5b05d4bd521295d32cb460c2c5e47faa8f218f39
tcn,electrode,29,bandpass_n20004_cRA_LL_covariance_s15,phase2/results/predictions/full/electrode/tcn/seed_29/bandpass_n20004_cRA_LL_covariance_s15.npz,76372,5e7431ddccda039cacd3fb2a51d0902b3a469d32aaf61ece499e2b66ebf167d3
tcn,electrode,29,bandpass_n20004_cRA_LL_covariance_s10,phase2/results/predictions/full/electrode/tcn/seed_29/bandpass_n20004_cRA_LL_covariance_s10.npz,76274,a2d49587881a03fbdec9aa0716ceac198f2d534182bf18d93b00ec92224734e7
tcn,electrode,29,bandpass_n20004_cRA_LL_covariance_s5,phase2/results/predictions/full/electrode/tcn/seed_29/bandpass_n20004_cRA_LL_covariance_s5.npz,76142,77ddde189f27c7a9addfe3205b0f7e2c407102f50980ef83bea7178da5bcbde4
tcn,electrode,29,bandpass_n20004_cRA_LL_covariance_s0,phase2/results/predictions/full/electrode/tcn/seed_29/bandpass_n20004_cRA_LL_covariance_s0.npz,75625,a870f24010f22a6aeba69956380e22bc31e024abccfe7a8ae496e0e837b38c8d
tcn,electrode,29,bandpass_n20004_cRA_independent_rms_s20,phase2/results/predictions/full/electrode/tcn/seed_29/bandpass_n20004_cRA_independent_rms_s20.npz,76364,4bef6c9d79bdf7559f5c631932a419e39da3743eb153c5b2aaf6d62d29dbc240
tcn,electrode,29,bandpass_n20004_cRA_independent_rms_s15,phase2/results/predictions/full/electrode/tcn/seed_29/bandpass_n20004_cRA_independent_rms_s15.npz,76345,f45cae7c9047a3cd44d68919b1c3d70cdd7786077e3fc691e9c110e82eb544c6
tcn,electrode,29,bandpass_n20004_cRA_independent_rms_s10,phase2/results/predictions/full/electrode/tcn/seed_29/bandpass_n20004_cRA_independent_rms_s10.npz,76318,583c31343f49e29a5ab52d574ffab341c778cf7c26298a68863fdc691420033b
tcn,electrode,29,bandpass_n20004_cRA_independent_rms_s5,phase2/results/predictions/full/electrode/tcn/seed_29/bandpass_n20004_cRA_independent_rms_s5.npz,76239,00688277b686f2091f5b7e442cf795e23803daba3dde03451ceaf8e7aa454105
tcn,electrode,29,bandpass_n20004_cRA_independent_rms_s0,phase2/results/predictions/full/electrode/tcn/seed_29/bandpass_n20004_cRA_independent_rms_s0.npz,75898,8bebbfcd14fa3ba6d96d96fe62dd7ddbe89623cd37c570acfe4ea96172dc2810
tcn,electrode,29,bandpass_n20004_cRA_electrode_s20,phase2/results/predictions/full/electrode/tcn/seed_29/bandpass_n20004_cRA_electrode_s20.npz,76339,c0a7fc40257320865916a8b95cb6e218ee2e3ae5cd66f97583e65550be4620f3
tcn,electrode,29,bandpass_n20004_cRA_electrode_s15,phase2/results/predictions/full/electrode/tcn/seed_29/bandpass_n20004_cRA_electrode_s15.npz,76338,8cc402530805489e02b43e94933e73c73a6dccbf1c3788801ea7dbaa9c1d5d3f
tcn,electrode,29,bandpass_n20004_cRA_electrode_s10,phase2/results/predictions/full/electrode/tcn/seed_29/bandpass_n20004_cRA_electrode_s10.npz,76273,ba0f601b5829d8a218b3a32b4f39f219636fcdbfd244238d95a0c96314789000
tcn,electrode,29,bandpass_n20004_cRA_electrode_s5,phase2/results/predictions/full/electrode/tcn/seed_29/bandpass_n20004_cRA_electrode_s5.npz,76096,e671a9cb0783a13bc533d1162ad4a01eea76744c45db91902c97455948de72b9
tcn,electrode,29,bandpass_n20004_cRA_electrode_s0,phase2/results/predictions/full/electrode/tcn/seed_29/bandpass_n20004_cRA_electrode_s0.npz,75581,39e41d8f169a9ebcc76bf8ac98e2f35ae837453169d4827b70039dc800ee62ce
tcn,electrode,29,bandpass_n20004_cRA_covariance_s20,phase2/results/predictions/full/electrode/tcn/seed_29/bandpass_n20004_cRA_covariance_s20.npz,76345,02c381de6b8f1c78f5bac0e79023bcbcfa9cb15af3efe22348ad11bee1c60d10
tcn,electrode,29,bandpass_n20004_cRA_covariance_s15,phase2/results/predictions/full/electrode/tcn/seed_29/bandpass_n20004_cRA_covariance_s15.npz,76345,26940e4dac01cbc384e0e906ba9df1a664100a96cb1ef159500a10a17028d87d
tcn,electrode,29,bandpass_n20004_cRA_covariance_s10,phase2/results/predictions/full/electrode/tcn/seed_29/bandpass_n20004_cRA_covariance_s10.npz,76295,e585b63952c6bebb9c1c08e6a9d815515b6f70d5cd72c77aca4dd86871f40706
tcn,electrode,29,bandpass_n20004_cRA_covariance_s5,phase2/results/predictions/full/electrode/tcn/seed_29/bandpass_n20004_cRA_covariance_s5.npz,76082,fc9a34c3a606906aaabe397dbd1972701c2f360dbca8c83a1797ffebb65984bf
tcn,electrode,29,bandpass_n20004_cRA_covariance_s0,phase2/results/predictions/full/electrode/tcn/seed_29/bandpass_n20004_cRA_covariance_s0.npz,75598,e2fcb38b6d8a9c7b6d468be40d15fdcd5d9245366a248f1e4838dd46c697f8b1
tcn,electrode,29,bandpass_n20004_cLA_independent_rms_s20,phase2/results/predictions/full/electrode/tcn/seed_29/bandpass_n20004_cLA_independent_rms_s20.npz,76368,60549e2b4ce114acd3d35493ff640522f2f4549dad3c56a35f0f75a7a59c74e9
tcn,electrode,29,bandpass_n20004_cLA_independent_rms_s15,phase2/results/predictions/full/electrode/tcn/seed_29/bandpass_n20004_cLA_independent_rms_s15.npz,76354,c24b99311a7291ac22590e583b018a53bbbfd2d29e6b0ed57ba5aa4f74b1bc44
tcn,electrode,29,bandpass_n20004_cLA_independent_rms_s10,phase2/results/predictions/full/electrode/tcn/seed_29/bandpass_n20004_cLA_independent_rms_s10.npz,76309,b63704af7929683608af500368ebc60aeb9bb923990eacaceb52ad8aa5c8646b
tcn,electrode,29,bandpass_n20004_cLA_independent_rms_s5,phase2/results/predictions/full/electrode/tcn/seed_29/bandpass_n20004_cLA_independent_rms_s5.npz,76259,8525660380bc8c22c3f1c0c2aae34453d02fbf2bea1bf5e762a925e2ad15fb15
tcn,electrode,29,bandpass_n20004_cLA_independent_rms_s0,phase2/results/predictions/full/electrode/tcn/seed_29/bandpass_n20004_cLA_independent_rms_s0.npz,75924,a663c6e616562eb1dd7d2fb1d9b56e4cf3bc3847c0a5b410ec23335bcf1ad307
tcn,electrode,29,bandpass_n20004_cLA_electrode_s20,phase2/results/predictions/full/electrode/tcn/seed_29/bandpass_n20004_cLA_electrode_s20.npz,76369,9e2e8e23683b4568c7cc8fc80ab56550b1e7443064fea40e18a385120a687dee
tcn,electrode,29,bandpass_n20004_cLA_electrode_s15,phase2/results/predictions/full/electrode/tcn/seed_29/bandpass_n20004_cLA_electrode_s15.npz,76344,9eb9812eebd4389a05ac8fd703c656928d64529ce65aa4e0b73e4bdf2cc6acd3
tcn,electrode,29,bandpass_n20004_cLA_electrode_s10,phase2/results/predictions/full/electrode/tcn/seed_29/bandpass_n20004_cLA_electrode_s10.npz,76282,a6275e21d75817199f39efeef4efb534e23e2363d53e24e4fb425daf891e9fa6
tcn,electrode,29,bandpass_n20004_cLA_electrode_s5,phase2/results/predictions/full/electrode/tcn/seed_29/bandpass_n20004_cLA_electrode_s5.npz,76167,c704f54e73677ec52db5803ee8a9e38a01619e7e56bf3c8a6f2593beaa8023d7
tcn,electrode,29,bandpass_n20004_cLA_electrode_s0,phase2/results/predictions/full/electrode/tcn/seed_29/bandpass_n20004_cLA_electrode_s0.npz,75857,c158ce3dd4072e03b6b30b93d62d73db0195e4d29001cac4310e9f3b5ed8a8f7
tcn,electrode,29,bandpass_n20004_cLA_covariance_s20,phase2/results/predictions/full/electrode/tcn/seed_29/bandpass_n20004_cLA_covariance_s20.npz,76391,d1dc362f00f06c4ae68e8f84a96ab05f05876f296bf8bfabb8948462f0e0907f
tcn,electrode,29,bandpass_n20004_cLA_covariance_s15,phase2/results/predictions/full/electrode/tcn/seed_29/bandpass_n20004_cLA_covariance_s15.npz,76318,97879580c4d015aaeee7fad3331fbb75b88804e8d5d564bf536d2252dc2ab420
tcn,electrode,29,bandpass_n20004_cLA_covariance_s10,phase2/results/predictions/full/electrode/tcn/seed_29/bandpass_n20004_cLA_covariance_s10.npz,76303,caebb521ba9b6d5069d73b1cdc25703fdfee83d1408450ea0310b7813a152eef
tcn,electrode,29,bandpass_n20004_cLA_covariance_s5,phase2/results/predictions/full/electrode/tcn/seed_29/bandpass_n20004_cLA_covariance_s5.npz,76191,926015f2241696ec1a18b86c3fd55aa639f875b99d9efed0b331c17b6c5e2dcc
tcn,electrode,29,bandpass_n20004_cLA_covariance_s0,phase2/results/predictions/full/electrode/tcn/seed_29/bandpass_n20004_cLA_covariance_s0.npz,75867,2a2d612da2707115f7be52b7cda2cb9e54633e240e914afb426a9217fa4fd52a
tcn,electrode,29,bandpass_n20004_cLL_independent_rms_s20,phase2/results/predictions/full/electrode/tcn/seed_29/bandpass_n20004_cLL_independent_rms_s20.npz,76351,46c353ad0f3f588edb966b559a3310e27c222054010f801aa0392cc48cec3f2b
tcn,electrode,29,bandpass_n20004_cLL_independent_rms_s15,phase2/results/predictions/full/electrode/tcn/seed_29/bandpass_n20004_cLL_independent_rms_s15.npz,76362,a369e100876164373543280359bf7177a62d6b23d13e110b56fe3676968e6302
tcn,electrode,29,bandpass_n20004_cLL_independent_rms_s10,phase2/results/predictions/full/electrode/tcn/seed_29/bandpass_n20004_cLL_independent_rms_s10.npz,76320,2765e5b8c1fbe3504eb079bf9964e1d2aacb93059b25a9e15e1d007d5fcc815c
tcn,electrode,29,bandpass_n20004_cLL_independent_rms_s5,phase2/results/predictions/full/electrode/tcn/seed_29/bandpass_n20004_cLL_independent_rms_s5.npz,76216,02eae3ecfb3c977830026f1a0e69ba066df652a3298d7fe6218a7f3ed3b1318c
tcn,electrode,29,bandpass_n20004_cLL_independent_rms_s0,phase2/results/predictions/full/electrode/tcn/seed_29/bandpass_n20004_cLL_independent_rms_s0.npz,75958,1dfa1ff4d4b84f674693b2a8264750e452456ed4f779249cf062f58ccab631e2
tcn,electrode,29,bandpass_n20004_cLL_electrode_s20,phase2/results/predictions/full/electrode/tcn/seed_29/bandpass_n20004_cLL_electrode_s20.npz,76365,cfdef754abac177f8cb1b196d5000d4241d966d3a82564afcc262f2e23b3432e
tcn,electrode,29,bandpass_n20004_cLL_electrode_s15,phase2/results/predictions/full/electrode/tcn/seed_29/bandpass_n20004_cLL_electrode_s15.npz,76345,a425e672aaf611b2480683953f8e90a30cb481d35798d18d7dfdbc66515e7ec9
tcn,electrode,29,bandpass_n20004_cLL_electrode_s10,phase2/results/predictions/full/electrode/tcn/seed_29/bandpass_n20004_cLL_electrode_s10.npz,76307,888160015a8201dfeef865b805bacdec8dc399d32ee4c5a6302e2ba126624711
tcn,electrode,29,bandpass_n20004_cLL_electrode_s5,phase2/results/predictions/full/electrode/tcn/seed_29/bandpass_n20004_cLL_electrode_s5.npz,76176,e7da1d7190890c9eb6f9116348ba0d0ad2bdfba42c2410722c226c2c1380a8a1
tcn,electrode,29,bandpass_n20004_cLL_electrode_s0,phase2/results/predictions/full/electrode/tcn/seed_29/bandpass_n20004_cLL_electrode_s0.npz,75853,8b02f1c79edabb69801f5b906e61f5f9b91d893d81fdd5b4f4b8333667bd1aff
tcn,electrode,29,bandpass_n20004_cLL_covariance_s20,phase2/results/predictions/full/electrode/tcn/seed_29/bandpass_n20004_cLL_covariance_s20.npz,76376,1a86ed32513beb8fe0aec72b190bbe408e12a1bd99edc4ea58efe7016d265f38
tcn,electrode,29,bandpass_n20004_cLL_covariance_s15,phase2/results/predictions/full/electrode/tcn/seed_29/bandpass_n20004_cLL_covariance_s15.npz,76347,d4d210c7dacc4783181d430cd9ce010b40c885e18fb3dd5c6fa87cec3c6a8c17
tcn,electrode,29,bandpass_n20004_cLL_covariance_s10,phase2/results/predictions/full/electrode/tcn/seed_29/bandpass_n20004_cLL_covariance_s10.npz,76297,cdcd9c81bba110e600452b7d734bc2b0391f8abdcea27b92df4d4d0203400cab
tcn,electrode,29,bandpass_n20004_cLL_covariance_s5,phase2/results/predictions/full/electrode/tcn/seed_29/bandpass_n20004_cLL_covariance_s5.npz,76199,21f05fa28d1562489ac8e02d54422cfaf5a1240d53d741122fc1aeba6241daac
tcn,electrode,29,bandpass_n20004_cLL_covariance_s0,phase2/results/predictions/full/electrode/tcn/seed_29/bandpass_n20004_cLL_covariance_s0.npz,75860,432bb505065c056faf2b714aefb1d17b28183e40c0f98860e9295128bcdeaaab
tcn,electrode,29,bandpass_n20004_cRA_V1_independent_rms_s20,phase2/results/predictions/full/electrode/tcn/seed_29/bandpass_n20004_cRA_V1_independent_rms_s20.npz,76399,3f3fe9d56800422569c5ff54b8cf79bccee1e89d449bfa740d71067a4a8c2fd0
tcn,electrode,29,bandpass_n20004_cRA_V1_independent_rms_s15,phase2/results/predictions/full/electrode/tcn/seed_29/bandpass_n20004_cRA_V1_independent_rms_s15.npz,76356,d5d2b0ca126f492b389e8fedafac89f96f4b9b2f7327156c232c2f54f1b2a553
tcn,electrode,29,bandpass_n20004_cRA_V1_independent_rms_s10,phase2/results/predictions/full/electrode/tcn/seed_29/bandpass_n20004_cRA_V1_independent_rms_s10.npz,76326,0cc66d8ba5d8d17bd025085b0f7ca71182e8e2e75b7f8f06ae9a3456b48f4095
tcn,electrode,29,bandpass_n20004_cRA_V1_independent_rms_s5,phase2/results/predictions/full/electrode/tcn/seed_29/bandpass_n20004_cRA_V1_independent_rms_s5.npz,76206,dcd45ca8c586c87fb82e93aca0c966d61a94038d43fd1388488cbf70d793b334
tcn,electrode,29,bandpass_n20004_cRA_V1_independent_rms_s0,phase2/results/predictions/full/electrode/tcn/seed_29/bandpass_n20004_cRA_V1_independent_rms_s0.npz,75908,9501ca316d1b62b00549af92a50511e78ad16ec8df0fe429b3dc7304113e25c3
tcn,electrode,29,bandpass_n20004_cRA_V1_electrode_s20,phase2/results/predictions/full/electrode/tcn/seed_29/bandpass_n20004_cRA_V1_electrode_s20.npz,76370,9e3899d8269abefcf78e744ff6c0a81311f82642214f9fc0f0c499c03660e09e
tcn,electrode,29,bandpass_n20004_cRA_V1_electrode_s15,phase2/results/predictions/full/electrode/tcn/seed_29/bandpass_n20004_cRA_V1_electrode_s15.npz,76325,467f224bc1ae29a20e0660e99796a9c5f822a0ba21396ef99c34a573ef7c3c03
tcn,electrode,29,bandpass_n20004_cRA_V1_electrode_s10,phase2/results/predictions/full/electrode/tcn/seed_29/bandpass_n20004_cRA_V1_electrode_s10.npz,76280,4ceb1a480e75605326145eeba43a1909a6947d78b4f3d87d374ce0350cdded38
tcn,electrode,29,bandpass_n20004_cRA_V1_electrode_s5,phase2/results/predictions/full/electrode/tcn/seed_29/bandpass_n20004_cRA_V1_electrode_s5.npz,76108,1a1e1628901d9a3a4a4bd4c6a7053ba658aaa69f00023b4863b245a1f5fdf44c
tcn,electrode,29,bandpass_n20004_cRA_V1_electrode_s0,phase2/results/predictions/full/electrode/tcn/seed_29/bandpass_n20004_cRA_V1_electrode_s0.npz,75567,b17916e645057d4bc7b3e6343f19617a7174e2e038b1e48144f556b62368082f
tcn,electrode,29,bandpass_n20004_cRA_V1_covariance_s20,phase2/results/predictions/full/electrode/tcn/seed_29/bandpass_n20004_cRA_V1_covariance_s20.npz,76377,c021af5e45f590fd81286589a10134765df2dc300083d22a82d4433802f02900
tcn,electrode,29,bandpass_n20004_cRA_V1_covariance_s15,phase2/results/predictions/full/electrode/tcn/seed_29/bandpass_n20004_cRA_V1_covariance_s15.npz,76372,38698eb637f2f27032608f3d8ab350675868d0aca5044b21fd4d08fffcda8c91
tcn,electrode,29,bandpass_n20004_cRA_V1_covariance_s10,phase2/results/predictions/full/electrode/tcn/seed_29/bandpass_n20004_cRA_V1_covariance_s10.npz,76252,0b0b9b0821c3206713ff8f4e270ede8200b367bbc8d01fc7e5be8d4004580ac0
tcn,electrode,29,bandpass_n20004_cRA_V1_covariance_s5,phase2/results/predictions/full/electrode/tcn/seed_29/bandpass_n20004_cRA_V1_covariance_s5.npz,76094,da42a10b677e8704e0c465c694bfd56f314bbd756756b2579421b88637708ef7
tcn,electrode,29,bandpass_n20004_cRA_V1_covariance_s0,phase2/results/predictions/full/electrode/tcn/seed_29/bandpass_n20004_cRA_V1_covariance_s0.npz,75570,525a92674fad7efa54f8c0cfaf5fa655d3f8f272e5d6196f94372bc68c2e8733
tcn,electrode,29,bandpass_n20004_cLA_V6_independent_rms_s20,phase2/results/predictions/full/electrode/tcn/seed_29/bandpass_n20004_cLA_V6_independent_rms_s20.npz,76409,7105c085210674669032006bdfd5e2eb95cc9676ca1afa5f2db337a4ab5bad04
tcn,electrode,29,bandpass_n20004_cLA_V6_independent_rms_s15,phase2/results/predictions/full/electrode/tcn/seed_29/bandpass_n20004_cLA_V6_independent_rms_s15.npz,76371,bf350e96f425dcdcac0c7b9dc410916db1714f0eb2e16547c26f7a3a74a2fc88
tcn,electrode,29,bandpass_n20004_cLA_V6_independent_rms_s10,phase2/results/predictions/full/electrode/tcn/seed_29/bandpass_n20004_cLA_V6_independent_rms_s10.npz,76350,60b07f184026623e627d195be9be449121225d50337d633d3b348110bb0236d0
tcn,electrode,29,bandpass_n20004_cLA_V6_independent_rms_s5,phase2/results/predictions/full/electrode/tcn/seed_29/bandpass_n20004_cLA_V6_independent_rms_s5.npz,76260,b2c2bccbdd9de566cfa523df945024c0d511444e677a568ae4d2c8685e38715a
tcn,electrode,29,bandpass_n20004_cLA_V6_independent_rms_s0,phase2/results/predictions/full/electrode/tcn/seed_29/bandpass_n20004_cLA_V6_independent_rms_s0.npz,75962,1e56a7ef5e7a32b8795baab1d61a3f431fb023c9302266c8e063d13ace172178
tcn,electrode,29,bandpass_n20004_cLA_V6_electrode_s20,phase2/results/predictions/full/electrode/tcn/seed_29/bandpass_n20004_cLA_V6_electrode_s20.npz,76377,9fcad2df4461e61c6d71f83250d8509bf3187ba71ac3ec4232015932a708c483
tcn,electrode,29,bandpass_n20004_cLA_V6_electrode_s15,phase2/results/predictions/full/electrode/tcn/seed_29/bandpass_n20004_cLA_V6_electrode_s15.npz,76387,c97ed683de076d351acbd0e01ee68900355a1de1df4387314a9ac56420cceac7
tcn,electrode,29,bandpass_n20004_cLA_V6_electrode_s10,phase2/results/predictions/full/electrode/tcn/seed_29/bandpass_n20004_cLA_V6_electrode_s10.npz,76306,79b1d8170d501bddd46904f4b69f997a7471a56d0ea0fdea782924022daa37d3
tcn,electrode,29,bandpass_n20004_cLA_V6_electrode_s5,phase2/results/predictions/full/electrode/tcn/seed_29/bandpass_n20004_cLA_V6_electrode_s5.npz,76202,1599f126518f1661e9c6c638c5dff3b0d190fa5f5d65ad807eef565255da1af6
tcn,electrode,29,bandpass_n20004_cLA_V6_electrode_s0,phase2/results/predictions/full/electrode/tcn/seed_29/bandpass_n20004_cLA_V6_electrode_s0.npz,75878,d2a1351028c22763b85186a6db81407cc5a8374f5956d47981f541eeda9a9c7d
tcn,electrode,29,bandpass_n20004_cLA_V6_covariance_s20,phase2/results/predictions/full/electrode/tcn/seed_29/bandpass_n20004_cLA_V6_covariance_s20.npz,76374,2a927fae4d5706e675b4e7c888b1fef300499eaf57dd3f7730d2f18d84b17ed9
tcn,electrode,29,bandpass_n20004_cLA_V6_covariance_s15,phase2/results/predictions/full/electrode/tcn/seed_29/bandpass_n20004_cLA_V6_covariance_s15.npz,76385,8cf593f90bb4a4c8d36870ec533b89461e8995cc3c7151eaf52da06301de4cc9
tcn,electrode,29,bandpass_n20004_cLA_V6_covariance_s10,phase2/results/predictions/full/electrode/tcn/seed_29/bandpass_n20004_cLA_V6_covariance_s10.npz,76346,999b15893836f00c10c72fb58c61698eceb2d5b0cc6a996aa33ea16762610bd1
tcn,electrode,29,bandpass_n20004_cLA_V6_covariance_s5,phase2/results/predictions/full/electrode/tcn/seed_29/bandpass_n20004_cLA_V6_covariance_s5.npz,76203,cae3feb8694aa33530d81564aff6b84e84a932d2e67eb99e81336a573728d6a4
tcn,electrode,29,bandpass_n20004_cLA_V6_covariance_s0,phase2/results/predictions/full/electrode/tcn/seed_29/bandpass_n20004_cLA_V6_covariance_s0.npz,75876,9759d9ee7fbb8131acd7042722d530ec7ac2c27bee01cffd675d4892a5738a0a
tcn,electrode,29,bandpass_n20004_cLL_V4_independent_rms_s20,phase2/results/predictions/full/electrode/tcn/seed_29/bandpass_n20004_cLL_V4_independent_rms_s20.npz,76383,86a1bfa3f497bec1f26d2605ed8540756eecf57aeaf78dd4708ba3c7c220302c
tcn,electrode,29,bandpass_n20004_cLL_V4_independent_rms_s15,phase2/results/predictions/full/electrode/tcn/seed_29/bandpass_n20004_cLL_V4_independent_rms_s15.npz,76385,c6c58b0f12c1fda22d0515bb1135bc3987fb4d18b0d5d7d861bb034d1f833f80
tcn,electrode,29,bandpass_n20004_cLL_V4_independent_rms_s10,phase2/results/predictions/full/electrode/tcn/seed_29/bandpass_n20004_cLL_V4_independent_rms_s10.npz,76336,387a8db7a42a86ab611fdf579c75ad6c640d4353f0365dea6ffc37f05d164d05
tcn,electrode,29,bandpass_n20004_cLL_V4_independent_rms_s5,phase2/results/predictions/full/electrode/tcn/seed_29/bandpass_n20004_cLL_V4_independent_rms_s5.npz,76273,6234f9e1895db4b7b8711949f8ee9c328dd8e59720632c5f066e4bcff7066278
tcn,electrode,29,bandpass_n20004_cLL_V4_independent_rms_s0,phase2/results/predictions/full/electrode/tcn/seed_29/bandpass_n20004_cLL_V4_independent_rms_s0.npz,76010,3b16274bdfc7ce40ed99f0042d0158aeebf558b8043d67209a6ada37d20c868f
tcn,electrode,29,bandpass_n20004_cLL_V4_electrode_s20,phase2/results/predictions/full/electrode/tcn/seed_29/bandpass_n20004_cLL_V4_electrode_s20.npz,76393,3ba27642528a439aff0a9f15110a6d1d8551b218088e71753f10bdbbb5b690ca
tcn,electrode,29,bandpass_n20004_cLL_V4_electrode_s15,phase2/results/predictions/full/electrode/tcn/seed_29/bandpass_n20004_cLL_V4_electrode_s15.npz,76369,499a87b68005c2cd204c6a939651e6c6f5ccd98c4fc703e01b9e7e39056a5a08
tcn,electrode,29,bandpass_n20004_cLL_V4_electrode_s10,phase2/results/predictions/full/electrode/tcn/seed_29/bandpass_n20004_cLL_V4_electrode_s10.npz,76298,b05daa0ee3090aca2f8901b2ad8ee36cebfcd2a1360344789706d2a134d8d998
tcn,electrode,29,bandpass_n20004_cLL_V4_electrode_s5,phase2/results/predictions/full/electrode/tcn/seed_29/bandpass_n20004_cLL_V4_electrode_s5.npz,76199,3d09c32777be916cd5b4de669ccb1e0a51186cc061e57bf432db6e6af24c6b2f
tcn,electrode,29,bandpass_n20004_cLL_V4_electrode_s0,phase2/results/predictions/full/electrode/tcn/seed_29/bandpass_n20004_cLL_V4_electrode_s0.npz,75902,d51357e9872391903775e3510a9d8f75a7a027abd8b32867ca859799ed02dcfb
tcn,electrode,29,bandpass_n20004_cLL_V4_covariance_s20,phase2/results/predictions/full/electrode/tcn/seed_29/bandpass_n20004_cLL_V4_covariance_s20.npz,76380,6a830a16503da6791abd2c943eece979b714f4a114e176313fe78d4d5b34fb9f
tcn,electrode,29,bandpass_n20004_cLL_V4_covariance_s15,phase2/results/predictions/full/electrode/tcn/seed_29/bandpass_n20004_cLL_V4_covariance_s15.npz,76385,889fb7dfb3160a4b14db181e39c4a4afa0281d4250f36814c6451342be03bbe7
tcn,electrode,29,bandpass_n20004_cLL_V4_covariance_s10,phase2/results/predictions/full/electrode/tcn/seed_29/bandpass_n20004_cLL_V4_covariance_s10.npz,76298,47fbf8a251a48f4d0f05207a64879d7af7e0e1a8b9872b28860e858336914f0c
tcn,electrode,29,bandpass_n20004_cLL_V4_covariance_s5,phase2/results/predictions/full/electrode/tcn/seed_29/bandpass_n20004_cLL_V4_covariance_s5.npz,76204,8de503dac359f58729b4fa91cd529d4124b61b08ee8678a8d4048beea0975abd
tcn,electrode,29,bandpass_n20004_cLL_V4_covariance_s0,phase2/results/predictions/full/electrode/tcn/seed_29/bandpass_n20004_cLL_V4_covariance_s0.npz,75915,a12150b9900324d318a12e09cf433dd089f3f007caff86b889c91581db2889c7
tcn,electrode,29,bandpass_n20004_cRA_LA_V1_V6_independent_rms_s20,phase2/results/predictions/full/electrode/tcn/seed_29/bandpass_n20004_cRA_LA_V1_V6_independent_rms_s20.npz,76390,e18cebe59428dfddac9d4283a76de10bf4bcbff341572081f89b8ed523d58142
tcn,electrode,29,bandpass_n20004_cRA_LA_V1_V6_independent_rms_s15,phase2/results/predictions/full/electrode/tcn/seed_29/bandpass_n20004_cRA_LA_V1_V6_independent_rms_s15.npz,76398,ae5d77148f3e71742218c8a206082d49f796a555ea076a984f55791622a344ba
tcn,electrode,29,bandpass_n20004_cRA_LA_V1_V6_independent_rms_s10,phase2/results/predictions/full/electrode/tcn/seed_29/bandpass_n20004_cRA_LA_V1_V6_independent_rms_s10.npz,76339,45ac0343a94e6bad2b8243ec287f09d423e9fa6ccbbd0648e2612b43f4c93407
tcn,electrode,29,bandpass_n20004_cRA_LA_V1_V6_independent_rms_s5,phase2/results/predictions/full/electrode/tcn/seed_29/bandpass_n20004_cRA_LA_V1_V6_independent_rms_s5.npz,76268,e5360441ee2022eb2509e790b0508ad36828708af30ae6d0fe0ef74919cff66c
tcn,electrode,29,bandpass_n20004_cRA_LA_V1_V6_independent_rms_s0,phase2/results/predictions/full/electrode/tcn/seed_29/bandpass_n20004_cRA_LA_V1_V6_independent_rms_s0.npz,75907,7921ba1f7ca249fabc2416f34e18880861c0e6b1cdea5b36c3a45fe641fd0bec
tcn,electrode,29,bandpass_n20004_cRA_LA_V1_V6_electrode_s20,phase2/results/predictions/full/electrode/tcn/seed_29/bandpass_n20004_cRA_LA_V1_V6_electrode_s20.npz,76378,70f92e60c949d1016aebeb3c03763771f758c331f3b2cd66ba50e3248852b6db
tcn,electrode,29,bandpass_n20004_cRA_LA_V1_V6_electrode_s15,phase2/results/predictions/full/electrode/tcn/seed_29/bandpass_n20004_cRA_LA_V1_V6_electrode_s15.npz,76386,6bb06024bdf71872fdfbc209d5377efe13b0c76c55259faa9f58c5f98195c16b
tcn,electrode,29,bandpass_n20004_cRA_LA_V1_V6_electrode_s10,phase2/results/predictions/full/electrode/tcn/seed_29/bandpass_n20004_cRA_LA_V1_V6_electrode_s10.npz,76282,edccd7c153b305b8e68eb7e30ced7ee863b39fe08911562ed9417b5863718fe8
tcn,electrode,29,bandpass_n20004_cRA_LA_V1_V6_electrode_s5,phase2/results/predictions/full/electrode/tcn/seed_29/bandpass_n20004_cRA_LA_V1_V6_electrode_s5.npz,76160,1cdca4c5d0ae5835066073939f478c0815f57e795ddc98b837c0b99f976c4373
tcn,electrode,29,bandpass_n20004_cRA_LA_V1_V6_electrode_s0,phase2/results/predictions/full/electrode/tcn/seed_29/bandpass_n20004_cRA_LA_V1_V6_electrode_s0.npz,75745,da3ef68d4ac378ece69ec0bcb124f539298537e8a60a7cae8080c290cf5a1c16
tcn,electrode,29,bandpass_n20004_cRA_LA_V1_V6_covariance_s20,phase2/results/predictions/full/electrode/tcn/seed_29/bandpass_n20004_cRA_LA_V1_V6_covariance_s20.npz,76365,2ffdbb1d27c7a434de9a79d942cc2f76ba3ce9fd344721a92ac5203fc41bfbb0
tcn,electrode,29,bandpass_n20004_cRA_LA_V1_V6_covariance_s15,phase2/results/predictions/full/electrode/tcn/seed_29/bandpass_n20004_cRA_LA_V1_V6_covariance_s15.npz,76381,f33d8f4f56838f558cb24f580ac4b32cd7a65feaed0e1b5dc7f1d25f00fd79c0
tcn,electrode,29,bandpass_n20004_cRA_LA_V1_V6_covariance_s10,phase2/results/predictions/full/electrode/tcn/seed_29/bandpass_n20004_cRA_LA_V1_V6_covariance_s10.npz,76308,fddf618c831ac004d5d5e7e7ff784ef65235d68cab39654488a153891deacc9d
tcn,electrode,29,bandpass_n20004_cRA_LA_V1_V6_covariance_s5,phase2/results/predictions/full/electrode/tcn/seed_29/bandpass_n20004_cRA_LA_V1_V6_covariance_s5.npz,76192,2ae10d79ea769be85abf98c89d774932c0a3783079f6aa04c81a433e241a2bc8
tcn,electrode,29,bandpass_n20004_cRA_LA_V1_V6_covariance_s0,phase2/results/predictions/full/electrode/tcn/seed_29/bandpass_n20004_cRA_LA_V1_V6_covariance_s0.npz,75747,d3e970a350c81df0224048040cd28cc2d6f4e2bf486d7497da4be15ca3266a30
tcn,electrode,29,bandpass_n20004_cRA_V2_V5_independent_rms_s20,phase2/results/predictions/full/electrode/tcn/seed_29/bandpass_n20004_cRA_V2_V5_independent_rms_s20.npz,76405,64f0620e09d486e7a8c24300991478415ee0e4a8139deaf31522ff01f300c1b0
tcn,electrode,29,bandpass_n20004_cRA_V2_V5_independent_rms_s15,phase2/results/predictions/full/electrode/tcn/seed_29/bandpass_n20004_cRA_V2_V5_independent_rms_s15.npz,76373,6877301814e904a686e9ffab0f8be3b71e8ee2a79c69389b0b9368ad5284c356
tcn,electrode,29,bandpass_n20004_cRA_V2_V5_independent_rms_s10,phase2/results/predictions/full/electrode/tcn/seed_29/bandpass_n20004_cRA_V2_V5_independent_rms_s10.npz,76327,628bf6d69a56a6abd5eedeb271624806ec858fe11cb585662ff2599b990d8f7f
tcn,electrode,29,bandpass_n20004_cRA_V2_V5_independent_rms_s5,phase2/results/predictions/full/electrode/tcn/seed_29/bandpass_n20004_cRA_V2_V5_independent_rms_s5.npz,76238,12c8be3c078cfddb2e8572a798bdf1a7352f5435c8e6eb5e2e91e5dba6d696bf
tcn,electrode,29,bandpass_n20004_cRA_V2_V5_independent_rms_s0,phase2/results/predictions/full/electrode/tcn/seed_29/bandpass_n20004_cRA_V2_V5_independent_rms_s0.npz,75957,b8ccea6b49910b79b777fa8b720c473ea875a9eb0144811e76f7daf3d8bdbb2e
tcn,electrode,29,bandpass_n20004_cRA_V2_V5_electrode_s20,phase2/results/predictions/full/electrode/tcn/seed_29/bandpass_n20004_cRA_V2_V5_electrode_s20.npz,76387,6801d1cb16c13f22625b1203e156cf014f1e9055589c6cb5f765ce2523531a80
tcn,electrode,29,bandpass_n20004_cRA_V2_V5_electrode_s15,phase2/results/predictions/full/electrode/tcn/seed_29/bandpass_n20004_cRA_V2_V5_electrode_s15.npz,76338,87ad56cd052b94e6b45ca24870f2e3b7f1659b78011d4d25e40029be4f3b1052
tcn,electrode,29,bandpass_n20004_cRA_V2_V5_electrode_s10,phase2/results/predictions/full/electrode/tcn/seed_29/bandpass_n20004_cRA_V2_V5_electrode_s10.npz,76301,ae78c3f03a444622993dc256d40450172316c91fb55b612a5dbe40a5d958aa25
tcn,electrode,29,bandpass_n20004_cRA_V2_V5_electrode_s5,phase2/results/predictions/full/electrode/tcn/seed_29/bandpass_n20004_cRA_V2_V5_electrode_s5.npz,76150,9333ab94386e9767c5dcd941a86526a189c75a97cc0fb8b3bf77ad0ea49b6309
tcn,electrode,29,bandpass_n20004_cRA_V2_V5_electrode_s0,phase2/results/predictions/full/electrode/tcn/seed_29/bandpass_n20004_cRA_V2_V5_electrode_s0.npz,75742,135776d1dcd8b0823a292ec52adbdc3176f5cbf1aff8dd2bf4ce199a71c8bd2a
tcn,electrode,29,bandpass_n20004_cRA_V2_V5_covariance_s20,phase2/results/predictions/full/electrode/tcn/seed_29/bandpass_n20004_cRA_V2_V5_covariance_s20.npz,76394,c78d1b8c60c7eb2d76ff70f9698d5cddb985998bcc4cfdb55d44ff78f88685dd
tcn,electrode,29,bandpass_n20004_cRA_V2_V5_covariance_s15,phase2/results/predictions/full/electrode/tcn/seed_29/bandpass_n20004_cRA_V2_V5_covariance_s15.npz,76383,b7dcea7df1d81d1398ca21ba1d02ab8d17f50b2f7176c3ce073e1bc4fdd1e84e
tcn,electrode,29,bandpass_n20004_cRA_V2_V5_covariance_s10,phase2/results/predictions/full/electrode/tcn/seed_29/bandpass_n20004_cRA_V2_V5_covariance_s10.npz,76306,6f74524b8372e75ee08d71c6ea2123a8a412117b0b19e0908fac9dffc811eed0
tcn,electrode,29,bandpass_n20004_cRA_V2_V5_covariance_s5,phase2/results/predictions/full/electrode/tcn/seed_29/bandpass_n20004_cRA_V2_V5_covariance_s5.npz,76183,d0889c3bd1a6871bfee5a81bacfada23bfa5a7bc8c49050413355cf678237f15
tcn,electrode,29,bandpass_n20004_cRA_V2_V5_covariance_s0,phase2/results/predictions/full/electrode/tcn/seed_29/bandpass_n20004_cRA_V2_V5_covariance_s0.npz,75725,31a89a3a221002392eec289234b43aed5adc6c60256cbf1a54a9445d44ab2bf4
tcn,electrode,29,bandpass_n20004_cLA_V3_V6_independent_rms_s20,phase2/results/predictions/full/electrode/tcn/seed_29/bandpass_n20004_cLA_V3_V6_independent_rms_s20.npz,76364,5df6b2e8f887c451f1615a5926169751190bb42e402dd80e53714a8826e3fff9
tcn,electrode,29,bandpass_n20004_cLA_V3_V6_independent_rms_s15,phase2/results/predictions/full/electrode/tcn/seed_29/bandpass_n20004_cLA_V3_V6_independent_rms_s15.npz,76374,807d0ca8cfe42d3be733d1da195eb28064f1d457152f9ca15002c15edd3ce0aa
tcn,electrode,29,bandpass_n20004_cLA_V3_V6_independent_rms_s10,phase2/results/predictions/full/electrode/tcn/seed_29/bandpass_n20004_cLA_V3_V6_independent_rms_s10.npz,76359,90089790e030b2ad0296db248a2016adf08f08809b9c1e951d832bee1cf8d086
tcn,electrode,29,bandpass_n20004_cLA_V3_V6_independent_rms_s5,phase2/results/predictions/full/electrode/tcn/seed_29/bandpass_n20004_cLA_V3_V6_independent_rms_s5.npz,76227,d0f2135ddf27a862ca8c093b1bf6f2e72a2832b13771e7bd848e90f38f3c1f02
tcn,electrode,29,bandpass_n20004_cLA_V3_V6_independent_rms_s0,phase2/results/predictions/full/electrode/tcn/seed_29/bandpass_n20004_cLA_V3_V6_independent_rms_s0.npz,75987,30cf9d8635e6b80a636a2179f7508711694d0b3e4a0898ac85a572d55bca04d3
tcn,electrode,29,bandpass_n20004_cLA_V3_V6_electrode_s20,phase2/results/predictions/full/electrode/tcn/seed_29/bandpass_n20004_cLA_V3_V6_electrode_s20.npz,76361,5990d0e455ea1380529dc4a171e8c5c09b756a6f58d4dde256243840da1bd182
tcn,electrode,29,bandpass_n20004_cLA_V3_V6_electrode_s15,phase2/results/predictions/full/electrode/tcn/seed_29/bandpass_n20004_cLA_V3_V6_electrode_s15.npz,76354,7d9cb53604300c5b6ae508dce6b8fb695b08e19be27fee20a89a04200a7d43bc
tcn,electrode,29,bandpass_n20004_cLA_V3_V6_electrode_s10,phase2/results/predictions/full/electrode/tcn/seed_29/bandpass_n20004_cLA_V3_V6_electrode_s10.npz,76336,e12563f71a54b59ae0c509a5d70dd346e759da5c9dd883884de6f61b845d8e5c
tcn,electrode,29,bandpass_n20004_cLA_V3_V6_electrode_s5,phase2/results/predictions/full/electrode/tcn/seed_29/bandpass_n20004_cLA_V3_V6_electrode_s5.npz,76215,6af9eb7504251b919096d18779b19138c5b2f5026f3beea76a70646a753d4d87
tcn,electrode,29,bandpass_n20004_cLA_V3_V6_electrode_s0,phase2/results/predictions/full/electrode/tcn/seed_29/bandpass_n20004_cLA_V3_V6_electrode_s0.npz,75909,0d7d85c1a8bc3c62c3111d89b4b44ceb0b688993e72a76954a7a9a3884243509
tcn,electrode,29,bandpass_n20004_cLA_V3_V6_covariance_s20,phase2/results/predictions/full/electrode/tcn/seed_29/bandpass_n20004_cLA_V3_V6_covariance_s20.npz,76410,7b022580c4c52a432b71c98dd48b906beaf28a150bb16aee932660d62fe3bca1
tcn,electrode,29,bandpass_n20004_cLA_V3_V6_covariance_s15,phase2/results/predictions/full/electrode/tcn/seed_29/bandpass_n20004_cLA_V3_V6_covariance_s15.npz,76356,03176cf8097666e15bbcc7caa0410e350f1e95172984914986ee69051f5dbb35
tcn,electrode,29,bandpass_n20004_cLA_V3_V6_covariance_s10,phase2/results/predictions/full/electrode/tcn/seed_29/bandpass_n20004_cLA_V3_V6_covariance_s10.npz,76334,b1d75565715456386a8331b8adc7a5f4bc21ae114440295e68246c2be3470b05
tcn,electrode,29,bandpass_n20004_cLA_V3_V6_covariance_s5,phase2/results/predictions/full/electrode/tcn/seed_29/bandpass_n20004_cLA_V3_V6_covariance_s5.npz,76213,ef1185530377f19aec5c0fd3d09a793aff5dfa836f40faa58e419d442802c293
tcn,electrode,29,bandpass_n20004_cLA_V3_V6_covariance_s0,phase2/results/predictions/full/electrode/tcn/seed_29/bandpass_n20004_cLA_V3_V6_covariance_s0.npz,75908,0c4661e2b9ae75cf08dc70f3499b0ae30f8c2cb41845b0d96eeda1cf32d9af94
tcn,electrode,29,bandpass_n20004_cLL_V1_V4_independent_rms_s20,phase2/results/predictions/full/electrode/tcn/seed_29/bandpass_n20004_cLL_V1_V4_independent_rms_s20.npz,76412,7bc377b06548cc8a96f8055b458862fec519ef7117715aadf4649916019656f4
tcn,electrode,29,bandpass_n20004_cLL_V1_V4_independent_rms_s15,phase2/results/predictions/full/electrode/tcn/seed_29/bandpass_n20004_cLL_V1_V4_independent_rms_s15.npz,76365,257b983b66c470846b1781eb46241020f081185375d0c5bf5f97b5352b207013
tcn,electrode,29,bandpass_n20004_cLL_V1_V4_independent_rms_s10,phase2/results/predictions/full/electrode/tcn/seed_29/bandpass_n20004_cLL_V1_V4_independent_rms_s10.npz,76334,fa56af2faa78e2e18717dba6005b5e65166f3bcdc64fccc2a96c53a37447b8c6
tcn,electrode,29,bandpass_n20004_cLL_V1_V4_independent_rms_s5,phase2/results/predictions/full/electrode/tcn/seed_29/bandpass_n20004_cLL_V1_V4_independent_rms_s5.npz,76280,dfbabb356a7661f42daf29a3aa40274bea62207dd7bc7dc285b94e22696cb793
tcn,electrode,29,bandpass_n20004_cLL_V1_V4_independent_rms_s0,phase2/results/predictions/full/electrode/tcn/seed_29/bandpass_n20004_cLL_V1_V4_independent_rms_s0.npz,75960,18fa363146197f5d086601343d6a69f820760a63f0a9b2d2117f8c3eda49deca
tcn,electrode,29,bandpass_n20004_cLL_V1_V4_electrode_s20,phase2/results/predictions/full/electrode/tcn/seed_29/bandpass_n20004_cLL_V1_V4_electrode_s20.npz,76392,40cc2e0a19b894949e314451854e9d75c8765f683841ea7e62c2593112e671d1
tcn,electrode,29,bandpass_n20004_cLL_V1_V4_electrode_s15,phase2/results/predictions/full/electrode/tcn/seed_29/bandpass_n20004_cLL_V1_V4_electrode_s15.npz,76356,f93076004c9c4c3bcf8184888e6d266dcb7338dc1387db74b8740b97d8d1138a
tcn,electrode,29,bandpass_n20004_cLL_V1_V4_electrode_s10,phase2/results/predictions/full/electrode/tcn/seed_29/bandpass_n20004_cLL_V1_V4_electrode_s10.npz,76338,30362e693b6db38c8f23f9e087372d9a84df8cbb3937818519c9c9b76b7930e6
tcn,electrode,29,bandpass_n20004_cLL_V1_V4_electrode_s5,phase2/results/predictions/full/electrode/tcn/seed_29/bandpass_n20004_cLL_V1_V4_electrode_s5.npz,76195,6b7ad5fddf07bfc4723cd3f6eedfb1b6fd52d6e71b0d30cb0a579981fecfeb28
tcn,electrode,29,bandpass_n20004_cLL_V1_V4_electrode_s0,phase2/results/predictions/full/electrode/tcn/seed_29/bandpass_n20004_cLL_V1_V4_electrode_s0.npz,75901,03f996bbe2f3abacbfebebfe9e3b3f85d5b88b19cdc852cedeffad23cc4f796d
tcn,electrode,29,bandpass_n20004_cLL_V1_V4_covariance_s20,phase2/results/predictions/full/electrode/tcn/seed_29/bandpass_n20004_cLL_V1_V4_covariance_s20.npz,76410,c0207f6d6862edeb84d6a0a63a322650c553dc06880213ff35f48fe1ba8927bf
tcn,electrode,29,bandpass_n20004_cLL_V1_V4_covariance_s15,phase2/results/predictions/full/electrode/tcn/seed_29/bandpass_n20004_cLL_V1_V4_covariance_s15.npz,76388,40daca7907743f6e991f302d3e5f4914e8d394a83eb8dc2fecf9b03a8cd69d97
tcn,electrode,29,bandpass_n20004_cLL_V1_V4_covariance_s10,phase2/results/predictions/full/electrode/tcn/seed_29/bandpass_n20004_cLL_V1_V4_covariance_s10.npz,76329,51c0946f38a928d0461d4e62cf55761a47c73a43e8f79e96010d5431d6115963
tcn,electrode,29,bandpass_n20004_cLL_V1_V4_covariance_s5,phase2/results/predictions/full/electrode/tcn/seed_29/bandpass_n20004_cLL_V1_V4_covariance_s5.npz,76245,e063769f7b5a4fd7f86f1678642e5824100ee47923cade6b4af6ad701455e56b
tcn,electrode,29,bandpass_n20004_cLL_V1_V4_covariance_s0,phase2/results/predictions/full/electrode/tcn/seed_29/bandpass_n20004_cLL_V1_V4_covariance_s0.npz,75910,8d5298d7e897674632298528332bb648203bd3db1bb5efa8c777ea3bf0707087
tcn,electrode,29,bandpass_n20004_call_independent_rms_s20,phase2/results/predictions/full/electrode/tcn/seed_29/bandpass_n20004_call_independent_rms_s20.npz,76363,37e81750b07929b91d44e81323bdf863deeab2976c7253214e460d1a0788184b
tcn,electrode,29,bandpass_n20004_call_independent_rms_s15,phase2/results/predictions/full/electrode/tcn/seed_29/bandpass_n20004_call_independent_rms_s15.npz,76345,dde7dc3ca309767756f06ec3074f48b8f3230fa2112b00410de8755c3498d560
tcn,electrode,29,bandpass_n20004_call_independent_rms_s10,phase2/results/predictions/full/electrode/tcn/seed_29/bandpass_n20004_call_independent_rms_s10.npz,76315,15711dad69d767cf7a81c5e5842868e99ad9dc042b219e677ee707838a799b0c
tcn,electrode,29,bandpass_n20004_call_independent_rms_s5,phase2/results/predictions/full/electrode/tcn/seed_29/bandpass_n20004_call_independent_rms_s5.npz,76219,f80518630d8ec514b67ed334d78f4be1e495675e499577d88ab36a97d17257cb
tcn,electrode,29,bandpass_n20004_call_independent_rms_s0,phase2/results/predictions/full/electrode/tcn/seed_29/bandpass_n20004_call_independent_rms_s0.npz,75925,e321dd38e03577ad621d7fb316b31f2aae0d53ec5eb5868ff5934e539d1ca65d
tcn,electrode,29,bandpass_n20004_call_electrode_s20,phase2/results/predictions/full/electrode/tcn/seed_29/bandpass_n20004_call_electrode_s20.npz,76332,06d7f7dda6c0354d7c67bac5198efa8c545fe0c24d948ef77e0f5c1eb7edfe40
tcn,electrode,29,bandpass_n20004_call_electrode_s15,phase2/results/predictions/full/electrode/tcn/seed_29/bandpass_n20004_call_electrode_s15.npz,76325,6b021b2223b35ff13c032d71c10b088d80cff31911b40f07b748d685eaca2e14
tcn,electrode,29,bandpass_n20004_call_electrode_s10,phase2/results/predictions/full/electrode/tcn/seed_29/bandpass_n20004_call_electrode_s10.npz,76321,f36766749ad2b0a4ec729ea668fd416a733a750813cedbd0dcdac0b6dc616378
tcn,electrode,29,bandpass_n20004_call_electrode_s5,phase2/results/predictions/full/electrode/tcn/seed_29/bandpass_n20004_call_electrode_s5.npz,76169,270dd7000ec4f139dd3fe7321629d130242fa31c7bf514e410b8fd40e7902038
tcn,electrode,29,bandpass_n20004_call_electrode_s0,phase2/results/predictions/full/electrode/tcn/seed_29/bandpass_n20004_call_electrode_s0.npz,75793,954813c9dfb137911b4ce8e644a5f80a92da7fb83d97e5af9a23719ab41b09e6
tcn,electrode,29,bandpass_n20004_call_covariance_s20,phase2/results/predictions/full/electrode/tcn/seed_29/bandpass_n20004_call_covariance_s20.npz,76371,e2e8133d7af6d439ac671b3794dd7491eb1c190bc9313cf6753a5ff5df580fc7
tcn,electrode,29,bandpass_n20004_call_covariance_s15,phase2/results/predictions/full/electrode/tcn/seed_29/bandpass_n20004_call_covariance_s15.npz,76355,ddc1787eb726df285aee26a4fc4cf13c34535add401fdef7653805133f804603
tcn,electrode,29,bandpass_n20004_call_covariance_s10,phase2/results/predictions/full/electrode/tcn/seed_29/bandpass_n20004_call_covariance_s10.npz,76293,47d8a80d5c7783fffc9032d5efa2c8db27503b35215199e6df90cd6992e86528
tcn,electrode,29,bandpass_n20004_call_covariance_s5,phase2/results/predictions/full/electrode/tcn/seed_29/bandpass_n20004_call_covariance_s5.npz,76157,6a6dace9d3bd794121e7f08667015d8711432cfd15a96cb96fb6681bbb740930
tcn,electrode,29,bandpass_n20004_call_covariance_s0,phase2/results/predictions/full/electrode/tcn/seed_29/bandpass_n20004_call_covariance_s0.npz,75788,497d8683b88a487a0ce80634de055ab7082af1e2e0239c46c09adadbc321d7b4
tcn,electrode,29,bandpass_n20005_cRA_LA_LL_independent_rms_s20,phase2/results/predictions/full/electrode/tcn/seed_29/bandpass_n20005_cRA_LA_LL_independent_rms_s20.npz,76394,b26725a51264c708b60592eeeae6ee043cafeef728e7ec503a2e80a137cdf691
tcn,electrode,29,bandpass_n20005_cRA_LA_LL_independent_rms_s15,phase2/results/predictions/full/electrode/tcn/seed_29/bandpass_n20005_cRA_LA_LL_independent_rms_s15.npz,76391,d0c40253dbd7969910fcae1a0f3664fdec0364437647c81274128e60c2e7e787
tcn,electrode,29,bandpass_n20005_cRA_LA_LL_independent_rms_s10,phase2/results/predictions/full/electrode/tcn/seed_29/bandpass_n20005_cRA_LA_LL_independent_rms_s10.npz,76347,aec426b0a447564f698ccc1f2e6d74fa4094d37e3dc043fa50cbc45c12445133
tcn,electrode,29,bandpass_n20005_cRA_LA_LL_independent_rms_s5,phase2/results/predictions/full/electrode/tcn/seed_29/bandpass_n20005_cRA_LA_LL_independent_rms_s5.npz,76236,dc464b4d417a6afdf7935a747201294eaddc22a15a5c700fe6a1f33abb45a117
tcn,electrode,29,bandpass_n20005_cRA_LA_LL_independent_rms_s0,phase2/results/predictions/full/electrode/tcn/seed_29/bandpass_n20005_cRA_LA_LL_independent_rms_s0.npz,75937,e76d9efb91453485e3f2ed26fd1bb46e83aa9be6509b207c73c81935adc4b9a2
tcn,electrode,29,bandpass_n20005_cRA_LA_LL_electrode_s20,phase2/results/predictions/full/electrode/tcn/seed_29/bandpass_n20005_cRA_LA_LL_electrode_s20.npz,76367,b3e24d54a79b5dc4e34152f22ba248d0a3eb6e30415821ddb07c156cd1787df4
tcn,electrode,29,bandpass_n20005_cRA_LA_LL_electrode_s15,phase2/results/predictions/full/electrode/tcn/seed_29/bandpass_n20005_cRA_LA_LL_electrode_s15.npz,76386,8bc0406d1337ca0188f6bc2fbae8eb702f7ccf26b08fcd9cba893b5904f27b1e
tcn,electrode,29,bandpass_n20005_cRA_LA_LL_electrode_s10,phase2/results/predictions/full/electrode/tcn/seed_29/bandpass_n20005_cRA_LA_LL_electrode_s10.npz,76273,a3d15c0320809b9cb505672cf86cd7f748fa4a7f83101c84589a2727369e626d
tcn,electrode,29,bandpass_n20005_cRA_LA_LL_electrode_s5,phase2/results/predictions/full/electrode/tcn/seed_29/bandpass_n20005_cRA_LA_LL_electrode_s5.npz,76196,8ce3998406b3654104924f7be903e902f1c5b68dcb9473004f1897034e7a835d
tcn,electrode,29,bandpass_n20005_cRA_LA_LL_electrode_s0,phase2/results/predictions/full/electrode/tcn/seed_29/bandpass_n20005_cRA_LA_LL_electrode_s0.npz,75727,1da7a4eca831ca56633c7dab561fcfdfbd5e14221d04ba8165b87dfb12784ad1
tcn,electrode,29,bandpass_n20005_cRA_LA_LL_covariance_s20,phase2/results/predictions/full/electrode/tcn/seed_29/bandpass_n20005_cRA_LA_LL_covariance_s20.npz,76402,89aa5d790276ebcba00dc9a51afc60a1d5824dd08a19e6d4225e5d5ef5d30bb1
tcn,electrode,29,bandpass_n20005_cRA_LA_LL_covariance_s15,phase2/results/predictions/full/electrode/tcn/seed_29/bandpass_n20005_cRA_LA_LL_covariance_s15.npz,76358,eb24b401912db0a6cbc1127ac3f3a7ee2e46cd64423ad8f13b465a879b549d99
tcn,electrode,29,bandpass_n20005_cRA_LA_LL_covariance_s10,phase2/results/predictions/full/electrode/tcn/seed_29/bandpass_n20005_cRA_LA_LL_covariance_s10.npz,76293,265722268327d5ef97196ff0481af616f80841c4e35cc99a90a68bfbd696b9c6
tcn,electrode,29,bandpass_n20005_cRA_LA_LL_covariance_s5,phase2/results/predictions/full/electrode/tcn/seed_29/bandpass_n20005_cRA_LA_LL_covariance_s5.npz,76160,6494f1d4db42dd3a4391b1140d158388df35038925e70d4cb303d86104f1b851
tcn,electrode,29,bandpass_n20005_cRA_LA_LL_covariance_s0,phase2/results/predictions/full/electrode/tcn/seed_29/bandpass_n20005_cRA_LA_LL_covariance_s0.npz,75715,18d89bef397e40b00059cb2c13851a3b89230b79a2d13b24624f92e3e1b373b9
tcn,electrode,29,bandpass_n20005_cV1_independent_rms_s20,phase2/results/predictions/full/electrode/tcn/seed_29/bandpass_n20005_cV1_independent_rms_s20.npz,76360,a46d7e13ca4f5d13efe362b80c39156c435dd84542e7d57f2a03a64ee156c7dd
tcn,electrode,29,bandpass_n20005_cV1_independent_rms_s15,phase2/results/predictions/full/electrode/tcn/seed_29/bandpass_n20005_cV1_independent_rms_s15.npz,76396,faa90b1265d85d0577ff9f1f364224b88f59e069790e2b71f89a33e6b69622c8
tcn,electrode,29,bandpass_n20005_cV1_independent_rms_s10,phase2/results/predictions/full/electrode/tcn/seed_29/bandpass_n20005_cV1_independent_rms_s10.npz,76303,335d01f274c4ea4d4a5590cc3d62d12707666e19f124d59e69af027315ad1805
tcn,electrode,29,bandpass_n20005_cV1_independent_rms_s5,phase2/results/predictions/full/electrode/tcn/seed_29/bandpass_n20005_cV1_independent_rms_s5.npz,76190,20cf38f197fb9d81d87abd4220d845fe1bcbc6303f01c8f813b7cac05b41b3b2
tcn,electrode,29,bandpass_n20005_cV1_independent_rms_s0,phase2/results/predictions/full/electrode/tcn/seed_29/bandpass_n20005_cV1_independent_rms_s0.npz,75794,584c6ba5cf2b47acecce3b6ee701a78aefe55d7eb1e1b966d10d1767fa70e510
tcn,electrode,29,bandpass_n20005_cV1_electrode_s20,phase2/results/predictions/full/electrode/tcn/seed_29/bandpass_n20005_cV1_electrode_s20.npz,76328,57905423699b2594cae77b7c3f51e966875cb12e0636c87761d1466e648f559e
tcn,electrode,29,bandpass_n20005_cV1_electrode_s15,phase2/results/predictions/full/electrode/tcn/seed_29/bandpass_n20005_cV1_electrode_s15.npz,76357,4ccc260b4d6d0b6b014ad609278c94b55ee2b2f4d8e955947592d6428bac2c2d
tcn,electrode,29,bandpass_n20005_cV1_electrode_s10,phase2/results/predictions/full/electrode/tcn/seed_29/bandpass_n20005_cV1_electrode_s10.npz,76315,f4bfe62136f5699257ed9dbd9eb824f6ffcf6e85764e728eed9c95a2ffa66e01
tcn,electrode,29,bandpass_n20005_cV1_electrode_s5,phase2/results/predictions/full/electrode/tcn/seed_29/bandpass_n20005_cV1_electrode_s5.npz,76167,afe70fffe5c9407cd78b582f4a6fef51ef019bac68cdbef508d83cadde9f6311
tcn,electrode,29,bandpass_n20005_cV1_electrode_s0,phase2/results/predictions/full/electrode/tcn/seed_29/bandpass_n20005_cV1_electrode_s0.npz,75807,bd4d54d72d8a4d7d6b19ee98f149c01bbfcc22ed5e92436db6ba7835feb54642
tcn,electrode,29,bandpass_n20005_cV1_covariance_s20,phase2/results/predictions/full/electrode/tcn/seed_29/bandpass_n20005_cV1_covariance_s20.npz,76352,1e23cbb14310c6d7f6297204adafc5fd7e3566671cc98f86da604e4c610e4000
tcn,electrode,29,bandpass_n20005_cV1_covariance_s15,phase2/results/predictions/full/electrode/tcn/seed_29/bandpass_n20005_cV1_covariance_s15.npz,76363,08727e760a420fa02cdb3a94851da78620c746d50d7dd5ceef842f1dba00cc2f
tcn,electrode,29,bandpass_n20005_cV1_covariance_s10,phase2/results/predictions/full/electrode/tcn/seed_29/bandpass_n20005_cV1_covariance_s10.npz,76292,78a0d63ddc3f014b784eca1f98ee5ea5fc8226d1e5a8a160e6d32693c2bcc2ff
tcn,electrode,29,bandpass_n20005_cV1_covariance_s5,phase2/results/predictions/full/electrode/tcn/seed_29/bandpass_n20005_cV1_covariance_s5.npz,76179,4066bdf381d297a2a41adf990e2732224c42daa1ea98c56c5b107c4405088455
tcn,electrode,29,bandpass_n20005_cV1_covariance_s0,phase2/results/predictions/full/electrode/tcn/seed_29/bandpass_n20005_cV1_covariance_s0.npz,75810,6293ae0ec7eee9bde7b8843b724abb63a1fe8b7302ca9333c88ca6396cf80977
tcn,electrode,29,bandpass_n20005_cV2_independent_rms_s20,phase2/results/predictions/full/electrode/tcn/seed_29/bandpass_n20005_cV2_independent_rms_s20.npz,76370,575cd16ef3245d80fe59eb92357c3d3e9e744c54cb5ba2708abb481ebb35f65b
tcn,electrode,29,bandpass_n20005_cV2_independent_rms_s15,phase2/results/predictions/full/electrode/tcn/seed_29/bandpass_n20005_cV2_independent_rms_s15.npz,76370,f5184f475d1dd1066ae3fb30a72df79d4b3f73c0f198287c4f1c1997abf4ee8b
tcn,electrode,29,bandpass_n20005_cV2_independent_rms_s10,phase2/results/predictions/full/electrode/tcn/seed_29/bandpass_n20005_cV2_independent_rms_s10.npz,76324,ed5a784f3e4e21c0edc98bf9ec265042831ccae1e8b57d3fc6f3b8fe79674310
tcn,electrode,29,bandpass_n20005_cV2_independent_rms_s5,phase2/results/predictions/full/electrode/tcn/seed_29/bandpass_n20005_cV2_independent_rms_s5.npz,76242,b6ddc4f96604224cb3bf34038fa8adad2ea779ade120783b5fba75f6d705fe16
tcn,electrode,29,bandpass_n20005_cV2_independent_rms_s0,phase2/results/predictions/full/electrode/tcn/seed_29/bandpass_n20005_cV2_independent_rms_s0.npz,75933,3be82cf02429661427544494b4a6dcb1cd8cbaf01668505cbab047f008782676
tcn,electrode,29,bandpass_n20005_cV2_electrode_s20,phase2/results/predictions/full/electrode/tcn/seed_29/bandpass_n20005_cV2_electrode_s20.npz,76382,ca415d44a9fb6f20c2fdd11559c6071a7eb55d0323dce13849b7bb17f65f3560
tcn,electrode,29,bandpass_n20005_cV2_electrode_s15,phase2/results/predictions/full/electrode/tcn/seed_29/bandpass_n20005_cV2_electrode_s15.npz,76352,fc7125ac229ef643589c00cfcae52b5b91805ca54dd1ae46986fe3a30c19833d
tcn,electrode,29,bandpass_n20005_cV2_electrode_s10,phase2/results/predictions/full/electrode/tcn/seed_29/bandpass_n20005_cV2_electrode_s10.npz,76294,71d6e0d9d3643617c16840eb80e1c5a3efd0c301aa5814f0de531837ab8a7e5b
tcn,electrode,29,bandpass_n20005_cV2_electrode_s5,phase2/results/predictions/full/electrode/tcn/seed_29/bandpass_n20005_cV2_electrode_s5.npz,76203,a60a0236ed0c4fa09b44dadc6a7611983fb19606eedc394ed9b00866005be89f
tcn,electrode,29,bandpass_n20005_cV2_electrode_s0,phase2/results/predictions/full/electrode/tcn/seed_29/bandpass_n20005_cV2_electrode_s0.npz,75968,5b63616225778a21f6b7e42ba290cc4058874434c029fb5a7fa7d40a8b816a87
tcn,electrode,29,bandpass_n20005_cV2_covariance_s20,phase2/results/predictions/full/electrode/tcn/seed_29/bandpass_n20005_cV2_covariance_s20.npz,76349,c882285f54aadf298f48098606a5c10f434f079a6b54d79911bc93ed890c588e
tcn,electrode,29,bandpass_n20005_cV2_covariance_s15,phase2/results/predictions/full/electrode/tcn/seed_29/bandpass_n20005_cV2_covariance_s15.npz,76354,638634cabeb0381329cebeca140824d2a388be123dd52c00b9f0652a0efe86f4
tcn,electrode,29,bandpass_n20005_cV2_covariance_s10,phase2/results/predictions/full/electrode/tcn/seed_29/bandpass_n20005_cV2_covariance_s10.npz,76311,f679f3c56011691e8f5938129cfc5b2764e41a206964def9e1656701c2c0bb95
tcn,electrode,29,bandpass_n20005_cV2_covariance_s5,phase2/results/predictions/full/electrode/tcn/seed_29/bandpass_n20005_cV2_covariance_s5.npz,76193,752a5fd7ee1e5191dfc46d3038cbb1b6f167a02742115f06d2ff404a669a6fff
tcn,electrode,29,bandpass_n20005_cV2_covariance_s0,phase2/results/predictions/full/electrode/tcn/seed_29/bandpass_n20005_cV2_covariance_s0.npz,75947,6d3792abbc8922eb0f3ff853086647784a3f80ce13cf80c60dff8a06bfd7a3c4
tcn,electrode,29,bandpass_n20005_cV3_independent_rms_s20,phase2/results/predictions/full/electrode/tcn/seed_29/bandpass_n20005_cV3_independent_rms_s20.npz,76392,51c636b1c58822e357f57bababce26b2b559052db9bade0032c9f11b571e132f
tcn,electrode,29,bandpass_n20005_cV3_independent_rms_s15,phase2/results/predictions/full/electrode/tcn/seed_29/bandpass_n20005_cV3_independent_rms_s15.npz,76366,61976f48e6a4b5c3a540a5d2f9b62fe0213e0f44774a6b68e55e9b7838954be8
tcn,electrode,29,bandpass_n20005_cV3_independent_rms_s10,phase2/results/predictions/full/electrode/tcn/seed_29/bandpass_n20005_cV3_independent_rms_s10.npz,76335,d26f86c47af53959e159b924ecbba0ca2dd32a19245b1524d17f53b56e41129f
tcn,electrode,29,bandpass_n20005_cV3_independent_rms_s5,phase2/results/predictions/full/electrode/tcn/seed_29/bandpass_n20005_cV3_independent_rms_s5.npz,76296,e1e9d91a828ee42c18d73a7ca34f506e81cf155921426c2a4035fbfb04bbd79b
tcn,electrode,29,bandpass_n20005_cV3_independent_rms_s0,phase2/results/predictions/full/electrode/tcn/seed_29/bandpass_n20005_cV3_independent_rms_s0.npz,76230,a4b54c1c8e844752096df9b3192ea8435cb6df7b023b4bc668418d94bc0489af
tcn,electrode,29,bandpass_n20005_cV3_electrode_s20,phase2/results/predictions/full/electrode/tcn/seed_29/bandpass_n20005_cV3_electrode_s20.npz,76355,06e6e17ee99814c8f802f9e9a77b82e4765a07ba7b379defe5f4a6ca5e92150b
tcn,electrode,29,bandpass_n20005_cV3_electrode_s15,phase2/results/predictions/full/electrode/tcn/seed_29/bandpass_n20005_cV3_electrode_s15.npz,76371,d2fe3ccd3479edd7c54058465888849e8100e900a1b13a4b96aa81fd2490f5ef
tcn,electrode,29,bandpass_n20005_cV3_electrode_s10,phase2/results/predictions/full/electrode/tcn/seed_29/bandpass_n20005_cV3_electrode_s10.npz,76373,29f166bd2750ff43e1b29ac0e678242420f8a2380aa4e4ad849e8b667d78fcfd
tcn,electrode,29,bandpass_n20005_cV3_electrode_s5,phase2/results/predictions/full/electrode/tcn/seed_29/bandpass_n20005_cV3_electrode_s5.npz,76298,f36a5e0a7a6509e0a2467d860f5c9e56508574660019b5c90614cc9ae99b5e0b
tcn,electrode,29,bandpass_n20005_cV3_electrode_s0,phase2/results/predictions/full/electrode/tcn/seed_29/bandpass_n20005_cV3_electrode_s0.npz,76233,75f9c207af5e1186e9a0dad53d0a58512d20205f25f6feaee6250491a72130ad
tcn,electrode,29,bandpass_n20005_cV3_covariance_s20,phase2/results/predictions/full/electrode/tcn/seed_29/bandpass_n20005_cV3_covariance_s20.npz,76335,c07f9ea89cb4241f3cce213b7d8e184dcf500b1f6506228afbf5721783a38d85
tcn,electrode,29,bandpass_n20005_cV3_covariance_s15,phase2/results/predictions/full/electrode/tcn/seed_29/bandpass_n20005_cV3_covariance_s15.npz,76357,9cc1000c4a7b8e94bec298bd3125143b5eb30255198204a38e2d96c27b94a1cc
tcn,electrode,29,bandpass_n20005_cV3_covariance_s10,phase2/results/predictions/full/electrode/tcn/seed_29/bandpass_n20005_cV3_covariance_s10.npz,76346,4bc50beb9131d74fffbeaafff7a4b941d2cf72fd903d2e418053c7b6532de597
tcn,electrode,29,bandpass_n20005_cV3_covariance_s5,phase2/results/predictions/full/electrode/tcn/seed_29/bandpass_n20005_cV3_covariance_s5.npz,76347,1993c414a78dfc8ec8a8050817a27d1f54393ae2241db9526cb512d055ee7ee1
tcn,electrode,29,bandpass_n20005_cV3_covariance_s0,phase2/results/predictions/full/electrode/tcn/seed_29/bandpass_n20005_cV3_covariance_s0.npz,76232,729fc31553b3e18b8cd68b5ed632587ae671d8b258d3a91cd756406c0fa21261
tcn,electrode,29,bandpass_n20005_cV4_independent_rms_s20,phase2/results/predictions/full/electrode/tcn/seed_29/bandpass_n20005_cV4_independent_rms_s20.npz,76347,e07c267331275bf400cf81eb00698afe4847309fca8ba6868365eecc79e30d28
tcn,electrode,29,bandpass_n20005_cV4_independent_rms_s15,phase2/results/predictions/full/electrode/tcn/seed_29/bandpass_n20005_cV4_independent_rms_s15.npz,76368,7d47731004e4e29fc1b0420ea779698320cd3ca4fcf63b54510522c992712762
tcn,electrode,29,bandpass_n20005_cV4_independent_rms_s10,phase2/results/predictions/full/electrode/tcn/seed_29/bandpass_n20005_cV4_independent_rms_s10.npz,76353,1fa3a734c100b80829c5c24df5f6c6398819968f3c2750af9ba3b6387e920e17
tcn,electrode,29,bandpass_n20005_cV4_independent_rms_s5,phase2/results/predictions/full/electrode/tcn/seed_29/bandpass_n20005_cV4_independent_rms_s5.npz,76272,1a9111319bae76bd21032c49b39cb089063ca555f473903e9ef69d8b3a2b34c5
tcn,electrode,29,bandpass_n20005_cV4_independent_rms_s0,phase2/results/predictions/full/electrode/tcn/seed_29/bandpass_n20005_cV4_independent_rms_s0.npz,76143,0850f9d609e4af7cd1c1259940c6b94c93809fbfd316f92d40694e70607ff8f2
tcn,electrode,29,bandpass_n20005_cV4_electrode_s20,phase2/results/predictions/full/electrode/tcn/seed_29/bandpass_n20005_cV4_electrode_s20.npz,76359,75f572b3e6664ab03380e9acbccd203d32c0fb09dd420dd7b053ac89ae9f9b9d
tcn,electrode,29,bandpass_n20005_cV4_electrode_s15,phase2/results/predictions/full/electrode/tcn/seed_29/bandpass_n20005_cV4_electrode_s15.npz,76347,d52910310b8bc3818c8de86be446a43f12358de98a17374b3887bfaf2d64afbe
tcn,electrode,29,bandpass_n20005_cV4_electrode_s10,phase2/results/predictions/full/electrode/tcn/seed_29/bandpass_n20005_cV4_electrode_s10.npz,76356,a5c6a633b9f03856a3361caa8da8aff73e076f9d4e5fe34f928aba632f32773b
tcn,electrode,29,bandpass_n20005_cV4_electrode_s5,phase2/results/predictions/full/electrode/tcn/seed_29/bandpass_n20005_cV4_electrode_s5.npz,76285,cb1ef483ab130c171bfb396421d8031213c2908de47bdecfdcc1ec00ba5c0c42
tcn,electrode,29,bandpass_n20005_cV4_electrode_s0,phase2/results/predictions/full/electrode/tcn/seed_29/bandpass_n20005_cV4_electrode_s0.npz,76117,db389f1868b7c35ecbbe381d69356d2761e013068e0b6760582c71c1123129dc
tcn,electrode,29,bandpass_n20005_cV4_covariance_s20,phase2/results/predictions/full/electrode/tcn/seed_29/bandpass_n20005_cV4_covariance_s20.npz,76350,4cb6f32ebf7bbb533f10444cc0b6846c035bb61efc519a185e4a51e1f53a648a
tcn,electrode,29,bandpass_n20005_cV4_covariance_s15,phase2/results/predictions/full/electrode/tcn/seed_29/bandpass_n20005_cV4_covariance_s15.npz,76368,997a5d790f4af67219f27ee40293e6e3105fa29c14c58b88a5bfbc8d572df11a
tcn,electrode,29,bandpass_n20005_cV4_covariance_s10,phase2/results/predictions/full/electrode/tcn/seed_29/bandpass_n20005_cV4_covariance_s10.npz,76343,053625b957114a757ec816941d50a449e57d3a97e651bff8e1e52f83ef6156a8
tcn,electrode,29,bandpass_n20005_cV4_covariance_s5,phase2/results/predictions/full/electrode/tcn/seed_29/bandpass_n20005_cV4_covariance_s5.npz,76246,a5129e83cae7ee282165157897899ffee68ba3638b493803eef1e53ee8cbda08
tcn,electrode,29,bandpass_n20005_cV4_covariance_s0,phase2/results/predictions/full/electrode/tcn/seed_29/bandpass_n20005_cV4_covariance_s0.npz,76096,2ccdcc581366d432e439eeb69074984b5dc9aa1b765e6a003dc0ef898da89bb0
tcn,electrode,29,bandpass_n20005_cV5_independent_rms_s20,phase2/results/predictions/full/electrode/tcn/seed_29/bandpass_n20005_cV5_independent_rms_s20.npz,76389,2a71ded0a125d11a2a277ed90533c1afa0fe2ea5e2a0ec70e8bc42633f2545ac
tcn,electrode,29,bandpass_n20005_cV5_independent_rms_s15,phase2/results/predictions/full/electrode/tcn/seed_29/bandpass_n20005_cV5_independent_rms_s15.npz,76374,4716ec6a024cb9880991aab7e66b45d01834cf56508e4d0cbafa6a17c6e905f3
tcn,electrode,29,bandpass_n20005_cV5_independent_rms_s10,phase2/results/predictions/full/electrode/tcn/seed_29/bandpass_n20005_cV5_independent_rms_s10.npz,76352,ebd72e0ecf74730d1ff4b410af41aea6c6e84a9de560ceda54234a66cb9de8ca
tcn,electrode,29,bandpass_n20005_cV5_independent_rms_s5,phase2/results/predictions/full/electrode/tcn/seed_29/bandpass_n20005_cV5_independent_rms_s5.npz,76290,ceb1f86c0ff49ebc7239ea4012ece8d432706aa56044941f5a3ef5b9d1d9bf85
tcn,electrode,29,bandpass_n20005_cV5_independent_rms_s0,phase2/results/predictions/full/electrode/tcn/seed_29/bandpass_n20005_cV5_independent_rms_s0.npz,76124,d4ee11b76b3bca00b268a599296b23e73254babb8f291555f0ee7f665981ee77
tcn,electrode,29,bandpass_n20005_cV5_electrode_s20,phase2/results/predictions/full/electrode/tcn/seed_29/bandpass_n20005_cV5_electrode_s20.npz,76350,b840c38c1167ed2b6bac02a7ab637d03343634eac7344367b10ba04c557e185c
tcn,electrode,29,bandpass_n20005_cV5_electrode_s15,phase2/results/predictions/full/electrode/tcn/seed_29/bandpass_n20005_cV5_electrode_s15.npz,76359,b98451b3ea76dac5824368a94db3aba44cb2bed58a304c65f1073dcf4f33739c
tcn,electrode,29,bandpass_n20005_cV5_electrode_s10,phase2/results/predictions/full/electrode/tcn/seed_29/bandpass_n20005_cV5_electrode_s10.npz,76327,8a099c5c18966d3780885ad7613b443015661db6dbb67d8e672340bccad214b0
tcn,electrode,29,bandpass_n20005_cV5_electrode_s5,phase2/results/predictions/full/electrode/tcn/seed_29/bandpass_n20005_cV5_electrode_s5.npz,76293,f37f9fbc80c30c6ce56acd3ff8bb80cc73f9cefb4ad9326434c5afa5c1c9e8b3
tcn,electrode,29,bandpass_n20005_cV5_electrode_s0,phase2/results/predictions/full/electrode/tcn/seed_29/bandpass_n20005_cV5_electrode_s0.npz,76092,cb258ea2bf9f6c35320d87fd2841c0de92d1056f3dc29219dfe7944fa9e4a7b2
tcn,electrode,29,bandpass_n20005_cV5_covariance_s20,phase2/results/predictions/full/electrode/tcn/seed_29/bandpass_n20005_cV5_covariance_s20.npz,76355,b9ad32271f2b2775fe1ff00ee0a216570ede9e0d0093ecba69f4542a403b4f80
tcn,electrode,29,bandpass_n20005_cV5_covariance_s15,phase2/results/predictions/full/electrode/tcn/seed_29/bandpass_n20005_cV5_covariance_s15.npz,76350,54363a7cbe5272573b02a3a20737b2ac746151c2e493ff70c9116d9990c481d6
tcn,electrode,29,bandpass_n20005_cV5_covariance_s10,phase2/results/predictions/full/electrode/tcn/seed_29/bandpass_n20005_cV5_covariance_s10.npz,76331,ec30057ff87122bd3f0164435ae8a94ddc41afb89146443160cd28f29fe0305e
tcn,electrode,29,bandpass_n20005_cV5_covariance_s5,phase2/results/predictions/full/electrode/tcn/seed_29/bandpass_n20005_cV5_covariance_s5.npz,76254,f01a98a355f3caf3909d1c89b7b192148a797af2c7615c2d145d8b31cfe66e55
tcn,electrode,29,bandpass_n20005_cV5_covariance_s0,phase2/results/predictions/full/electrode/tcn/seed_29/bandpass_n20005_cV5_covariance_s0.npz,76068,1aa36ccfad32359113b56fb62baaa334a24f1cb00f0f966b2c8a3e22e0dc0043
tcn,electrode,29,bandpass_n20005_cV6_independent_rms_s20,phase2/results/predictions/full/electrode/tcn/seed_29/bandpass_n20005_cV6_independent_rms_s20.npz,76357,0b61c876e5075ce4c0b5d8b0836d5b7fe09c1869e134c4fe787d42572df7ea80
tcn,electrode,29,bandpass_n20005_cV6_independent_rms_s15,phase2/results/predictions/full/electrode/tcn/seed_29/bandpass_n20005_cV6_independent_rms_s15.npz,76342,cb3357725f6e106a55b0f3b547a584f4a43bd00422dc72175b57e420ef9748b7
tcn,electrode,29,bandpass_n20005_cV6_independent_rms_s10,phase2/results/predictions/full/electrode/tcn/seed_29/bandpass_n20005_cV6_independent_rms_s10.npz,76330,b131112edb44b718f8864a3149aab06fe3b1ccb57e62dd5ab989edd4a0ff6e57
tcn,electrode,29,bandpass_n20005_cV6_independent_rms_s5,phase2/results/predictions/full/electrode/tcn/seed_29/bandpass_n20005_cV6_independent_rms_s5.npz,76206,209e46edfd8b616bb0d637e7b31959fe06d2651d7033dc7887d292cb8bd917f3
tcn,electrode,29,bandpass_n20005_cV6_independent_rms_s0,phase2/results/predictions/full/electrode/tcn/seed_29/bandpass_n20005_cV6_independent_rms_s0.npz,76018,9fcae1de057c324a057ea2ff4603c400d7682710695b3eba5cb3cbb7c11164b0
tcn,electrode,29,bandpass_n20005_cV6_electrode_s20,phase2/results/predictions/full/electrode/tcn/seed_29/bandpass_n20005_cV6_electrode_s20.npz,76330,920e56364ab394b384e967d3548b2d13455cee42d23d5c995723501e9a2d6129
tcn,electrode,29,bandpass_n20005_cV6_electrode_s15,phase2/results/predictions/full/electrode/tcn/seed_29/bandpass_n20005_cV6_electrode_s15.npz,76367,6649cc079eab1358af5bd22cdcc60097cb80a36429ea000de57d4fbf0fa04fb9
tcn,electrode,29,bandpass_n20005_cV6_electrode_s10,phase2/results/predictions/full/electrode/tcn/seed_29/bandpass_n20005_cV6_electrode_s10.npz,76309,02c837c43684ac5a2c5753ff07251969f9169c8d9a5464822e0439866936a742
tcn,electrode,29,bandpass_n20005_cV6_electrode_s5,phase2/results/predictions/full/electrode/tcn/seed_29/bandpass_n20005_cV6_electrode_s5.npz,76227,026c29284044317ec49060f07d62dd9726be2475827bf62ba3fc28240fde97b8
tcn,electrode,29,bandpass_n20005_cV6_electrode_s0,phase2/results/predictions/full/electrode/tcn/seed_29/bandpass_n20005_cV6_electrode_s0.npz,75978,0bbfc64f87d7199bc10f8868d582d816f7d29365f80078cbeb8bf96075d9877d
tcn,electrode,29,bandpass_n20005_cV6_covariance_s20,phase2/results/predictions/full/electrode/tcn/seed_29/bandpass_n20005_cV6_covariance_s20.npz,76377,9a5c841ee0688f38962d9a527939729bae165578f750a1899c8e8c30f86e9399
tcn,electrode,29,bandpass_n20005_cV6_covariance_s15,phase2/results/predictions/full/electrode/tcn/seed_29/bandpass_n20005_cV6_covariance_s15.npz,76366,b297abf601f1b3c80960adc23289c8403d91dc36897f731c02d74aa98acbb363
tcn,electrode,29,bandpass_n20005_cV6_covariance_s10,phase2/results/predictions/full/electrode/tcn/seed_29/bandpass_n20005_cV6_covariance_s10.npz,76330,b42d0d9a5ac46914bcd1e8ea6bd95a60669759f3c7ca813fbef68c6e7c539e36
tcn,electrode,29,bandpass_n20005_cV6_covariance_s5,phase2/results/predictions/full/electrode/tcn/seed_29/bandpass_n20005_cV6_covariance_s5.npz,76224,dfec7416e04af6362024e4db20db0f8fa8492e37a27a5dd54ee92eaefb104a34
tcn,electrode,29,bandpass_n20005_cV6_covariance_s0,phase2/results/predictions/full/electrode/tcn/seed_29/bandpass_n20005_cV6_covariance_s0.npz,75966,8e6a39f160622914488c9785b02e02a1dc0ee6fbf70bcba4eb5fcf5f16e71f4d
tcn,electrode,29,bandpass_n20005_cRA_LA_independent_rms_s20,phase2/results/predictions/full/electrode/tcn/seed_29/bandpass_n20005_cRA_LA_independent_rms_s20.npz,76365,464c7295edb4c1cbdf010225de31982b24a95364e7a8508227eababbc67bbe22
tcn,electrode,29,bandpass_n20005_cRA_LA_independent_rms_s15,phase2/results/predictions/full/electrode/tcn/seed_29/bandpass_n20005_cRA_LA_independent_rms_s15.npz,76397,398f8d8eec284bd1eb51aa0d751a18000f112ccf608697f07bba75848c45e388
tcn,electrode,29,bandpass_n20005_cRA_LA_independent_rms_s10,phase2/results/predictions/full/electrode/tcn/seed_29/bandpass_n20005_cRA_LA_independent_rms_s10.npz,76324,da5cf0282ff36414516407f4256fcc9767b9619be260a6172d4bfd81ec82006a
tcn,electrode,29,bandpass_n20005_cRA_LA_independent_rms_s5,phase2/results/predictions/full/electrode/tcn/seed_29/bandpass_n20005_cRA_LA_independent_rms_s5.npz,76190,cd1e67feead57d68af43ec1e36e91ee294a7475379070e921de2603580064f06
tcn,electrode,29,bandpass_n20005_cRA_LA_independent_rms_s0,phase2/results/predictions/full/electrode/tcn/seed_29/bandpass_n20005_cRA_LA_independent_rms_s0.npz,75930,5e6b1f44fa2197e76827cf5c0ad3e436d3bbb52a10d4385f845927d849945092
tcn,electrode,29,bandpass_n20005_cRA_LA_electrode_s20,phase2/results/predictions/full/electrode/tcn/seed_29/bandpass_n20005_cRA_LA_electrode_s20.npz,76350,75c4b4eea95b1841932fcbd855c3ab61241663b465f77a8890adc86dca0ae76d
tcn,electrode,29,bandpass_n20005_cRA_LA_electrode_s15,phase2/results/predictions/full/electrode/tcn/seed_29/bandpass_n20005_cRA_LA_electrode_s15.npz,76353,5b29a621a43042016885947065dbf7187ae34493ab58b00fb52f92867e9f5fd1
tcn,electrode,29,bandpass_n20005_cRA_LA_electrode_s10,phase2/results/predictions/full/electrode/tcn/seed_29/bandpass_n20005_cRA_LA_electrode_s10.npz,76274,8f744a72cd995f40cf1db36bc62d75c28cf9e3d3a1ac907c8a4d370f780c99ba
tcn,electrode,29,bandpass_n20005_cRA_LA_electrode_s5,phase2/results/predictions/full/electrode/tcn/seed_29/bandpass_n20005_cRA_LA_electrode_s5.npz,76135,ae7ded41352f8209983b3e03f4c6dcfe0b9d6b45ad0260b5b5d6a358a5179468
tcn,electrode,29,bandpass_n20005_cRA_LA_electrode_s0,phase2/results/predictions/full/electrode/tcn/seed_29/bandpass_n20005_cRA_LA_electrode_s0.npz,75710,8d7d4daeb4c88f7b7ae6b90fdcc16419b7bd4b92bc351a64ae053b1687f920c3
tcn,electrode,29,bandpass_n20005_cRA_LA_covariance_s20,phase2/results/predictions/full/electrode/tcn/seed_29/bandpass_n20005_cRA_LA_covariance_s20.npz,76368,64eb8becffde9ddd7f54f8a140d62bf0dcafbda91d9c85b3e51db6d9d74a206a
tcn,electrode,29,bandpass_n20005_cRA_LA_covariance_s15,phase2/results/predictions/full/electrode/tcn/seed_29/bandpass_n20005_cRA_LA_covariance_s15.npz,76331,35eee33d5f3dbd3e6c14aafdda95ec7a611fc4a2dd54af505e650538eb56c821
tcn,electrode,29,bandpass_n20005_cRA_LA_covariance_s10,phase2/results/predictions/full/electrode/tcn/seed_29/bandpass_n20005_cRA_LA_covariance_s10.npz,76278,9e7420a0a336e775f3bdba3a9a8e140ce5f57d4dab841c1b5c9c44002c91c6cb
tcn,electrode,29,bandpass_n20005_cRA_LA_covariance_s5,phase2/results/predictions/full/electrode/tcn/seed_29/bandpass_n20005_cRA_LA_covariance_s5.npz,76141,3e95ca2002c50131f7553511f35e30d3bd98e084ae96383ca908ef67cabfb2d8
tcn,electrode,29,bandpass_n20005_cRA_LA_covariance_s0,phase2/results/predictions/full/electrode/tcn/seed_29/bandpass_n20005_cRA_LA_covariance_s0.npz,75684,1191d5280a08cb2489afdce045d0b20951ffabb59a8d9e94bff0c5c8640d61ed
tcn,electrode,29,bandpass_n20005_cLA_LL_independent_rms_s20,phase2/results/predictions/full/electrode/tcn/seed_29/bandpass_n20005_cLA_LL_independent_rms_s20.npz,76369,4de1a4b2130bfc83138f2e39b8600eccbfaeb99677cf61cbaac1c6e8ec44a4fe
tcn,electrode,29,bandpass_n20005_cLA_LL_independent_rms_s15,phase2/results/predictions/full/electrode/tcn/seed_29/bandpass_n20005_cLA_LL_independent_rms_s15.npz,76400,479188f0f2a5047c40ac83da70f7b07d08aee6c4740c0548a03ec6d2d6ae5fac
tcn,electrode,29,bandpass_n20005_cLA_LL_independent_rms_s10,phase2/results/predictions/full/electrode/tcn/seed_29/bandpass_n20005_cLA_LL_independent_rms_s10.npz,76342,e9ee13048a48327a438326d0cec4a292c89cd7802f2d020857746b4cbd571fa7
tcn,electrode,29,bandpass_n20005_cLA_LL_independent_rms_s5,phase2/results/predictions/full/electrode/tcn/seed_29/bandpass_n20005_cLA_LL_independent_rms_s5.npz,76237,2506f21d503ee9cd98e0699bee76756c6046dbdcb39f6323b53bf1067fa62dd3
tcn,electrode,29,bandpass_n20005_cLA_LL_independent_rms_s0,phase2/results/predictions/full/electrode/tcn/seed_29/bandpass_n20005_cLA_LL_independent_rms_s0.npz,75940,3c274f2e178739d006d4230253c7655453b4c409efc067f7efcca6442e51acd9
tcn,electrode,29,bandpass_n20005_cLA_LL_electrode_s20,phase2/results/predictions/full/electrode/tcn/seed_29/bandpass_n20005_cLA_LL_electrode_s20.npz,76377,b6a00702464816d9475aa4309a56c948ac48aeed72a963995a915b0808de341c
tcn,electrode,29,bandpass_n20005_cLA_LL_electrode_s15,phase2/results/predictions/full/electrode/tcn/seed_29/bandpass_n20005_cLA_LL_electrode_s15.npz,76366,be3594ee69793140ce197cbb3e9253863fc99a113c63f970ec1c4dbb83098fa8
tcn,electrode,29,bandpass_n20005_cLA_LL_electrode_s10,phase2/results/predictions/full/electrode/tcn/seed_29/bandpass_n20005_cLA_LL_electrode_s10.npz,76302,51b7c84595b5d5e62c274777e6dbada9931a7e8f9fd0f971ffe3ba372120c152
tcn,electrode,29,bandpass_n20005_cLA_LL_electrode_s5,phase2/results/predictions/full/electrode/tcn/seed_29/bandpass_n20005_cLA_LL_electrode_s5.npz,76162,b6a9a402e20fe3fa35233d4243618e72d19a2333eb3fd971068be45ad885791a
tcn,electrode,29,bandpass_n20005_cLA_LL_electrode_s0,phase2/results/predictions/full/electrode/tcn/seed_29/bandpass_n20005_cLA_LL_electrode_s0.npz,75887,d9141d5ae2adad51fa09460c35f3c3d6867faa8e8cf88214e1c1e1d6f098bc0a
tcn,electrode,29,bandpass_n20005_cLA_LL_covariance_s20,phase2/results/predictions/full/electrode/tcn/seed_29/bandpass_n20005_cLA_LL_covariance_s20.npz,76357,59281e99bf29f9ab8b32e2d678a395bcc50a8110611e344b0a021e96176fb094
tcn,electrode,29,bandpass_n20005_cLA_LL_covariance_s15,phase2/results/predictions/full/electrode/tcn/seed_29/bandpass_n20005_cLA_LL_covariance_s15.npz,76371,19581d5fe3ee4c77ea79b5ba2ccceb8f4f894b289cda1bd0c9171b9454f92709
tcn,electrode,29,bandpass_n20005_cLA_LL_covariance_s10,phase2/results/predictions/full/electrode/tcn/seed_29/bandpass_n20005_cLA_LL_covariance_s10.npz,76326,3e8df7383d73ed585c9c31518dc68b409d219d15f5de66d4be8ea75464d4a60a
tcn,electrode,29,bandpass_n20005_cLA_LL_covariance_s5,phase2/results/predictions/full/electrode/tcn/seed_29/bandpass_n20005_cLA_LL_covariance_s5.npz,76200,21d0349edca085213f01fc6bd44ed1c4ae300cfb846c20066df37c3ddb9ac904
tcn,electrode,29,bandpass_n20005_cLA_LL_covariance_s0,phase2/results/predictions/full/electrode/tcn/seed_29/bandpass_n20005_cLA_LL_covariance_s0.npz,75815,43601a26e7410bd9fceb97745cf08943cbd881da929bbd06ca6df6d87836b8d7
tcn,electrode,29,bandpass_n20005_cRA_LL_independent_rms_s20,phase2/results/predictions/full/electrode/tcn/seed_29/bandpass_n20005_cRA_LL_independent_rms_s20.npz,76393,284f03a7649685f206c330ae00903d0c3a4395c79cafec4cd48b28f5af5ed30d
tcn,electrode,29,bandpass_n20005_cRA_LL_independent_rms_s15,phase2/results/predictions/full/electrode/tcn/seed_29/bandpass_n20005_cRA_LL_independent_rms_s15.npz,76391,dd56be3de5ad1aca38d87dee7c0ffe1bbbc2db5d40125eee8e0b6d8056c77bfa
tcn,electrode,29,bandpass_n20005_cRA_LL_independent_rms_s10,phase2/results/predictions/full/electrode/tcn/seed_29/bandpass_n20005_cRA_LL_independent_rms_s10.npz,76332,19d12fffb622697dcaec2f37f785464dec5e76d8a36ece208afa29ee152b0c0f
tcn,electrode,29,bandpass_n20005_cRA_LL_independent_rms_s5,phase2/results/predictions/full/electrode/tcn/seed_29/bandpass_n20005_cRA_LL_independent_rms_s5.npz,76257,badc94c98737e0da73b6837f9f4d2fc6d796fbdef56545f7c4b07be9cb6ddcec
tcn,electrode,29,bandpass_n20005_cRA_LL_independent_rms_s0,phase2/results/predictions/full/electrode/tcn/seed_29/bandpass_n20005_cRA_LL_independent_rms_s0.npz,75963,0d105ecbdd07df2119ac24558013bf7e67ac205f93910b5e57d04474db0e611f
tcn,electrode,29,bandpass_n20005_cRA_LL_electrode_s20,phase2/results/predictions/full/electrode/tcn/seed_29/bandpass_n20005_cRA_LL_electrode_s20.npz,76374,97dfe3f4b29ffa47dcab8bab07b88df40ed9b7265cae31303645a9bf0668458f
tcn,electrode,29,bandpass_n20005_cRA_LL_electrode_s15,phase2/results/predictions/full/electrode/tcn/seed_29/bandpass_n20005_cRA_LL_electrode_s15.npz,76367,bda8e0d9ed377c2f1ccfc118b1a7a1652c4b873b930202749cae670f3d0e0269
tcn,electrode,29,bandpass_n20005_cRA_LL_electrode_s10,phase2/results/predictions/full/electrode/tcn/seed_29/bandpass_n20005_cRA_LL_electrode_s10.npz,76265,fc9ce4e38522bb049627acd0d39c93b723b828ce018214d68382e846266a32a6
tcn,electrode,29,bandpass_n20005_cRA_LL_electrode_s5,phase2/results/predictions/full/electrode/tcn/seed_29/bandpass_n20005_cRA_LL_electrode_s5.npz,76143,781bceba5c0a8a9dd18737c2377f37a8ea99a5acdf8157df29f051196f5cdb60
tcn,electrode,29,bandpass_n20005_cRA_LL_electrode_s0,phase2/results/predictions/full/electrode/tcn/seed_29/bandpass_n20005_cRA_LL_electrode_s0.npz,75670,f04e63ca77352f68581928679f29d68ead6ed73262371a7e3f43aaeb6519b1d1
tcn,electrode,29,bandpass_n20005_cRA_LL_covariance_s20,phase2/results/predictions/full/electrode/tcn/seed_29/bandpass_n20005_cRA_LL_covariance_s20.npz,76361,2a4035bf5aec3245ed551f5813539ebf683e60ffe61bf91f25d6f58a604dc018
tcn,electrode,29,bandpass_n20005_cRA_LL_covariance_s15,phase2/results/predictions/full/electrode/tcn/seed_29/bandpass_n20005_cRA_LL_covariance_s15.npz,76357,741111c0f5e1e81a8a8ac0b449a5a4aaafe12dc7fa62a0b0ffde65875662d31a
tcn,electrode,29,bandpass_n20005_cRA_LL_covariance_s10,phase2/results/predictions/full/electrode/tcn/seed_29/bandpass_n20005_cRA_LL_covariance_s10.npz,76297,f368e390b6a4e0aa30ee5bde8474cdcc79ceb2647af61823f589fdc3bbb08479
tcn,electrode,29,bandpass_n20005_cRA_LL_covariance_s5,phase2/results/predictions/full/electrode/tcn/seed_29/bandpass_n20005_cRA_LL_covariance_s5.npz,76135,efd3b35b7e1a024f58886a7722820eebc617f21316e41c41a8b90f10ea52af44
tcn,electrode,29,bandpass_n20005_cRA_LL_covariance_s0,phase2/results/predictions/full/electrode/tcn/seed_29/bandpass_n20005_cRA_LL_covariance_s0.npz,75663,da0fb16f6c517b090628db90283fc6eeca758d1e51228936d351f147e5fe3ed1
tcn,electrode,29,bandpass_n20005_cRA_independent_rms_s20,phase2/results/predictions/full/electrode/tcn/seed_29/bandpass_n20005_cRA_independent_rms_s20.npz,76364,6aa0bc5ea7524e3939880536d72efad7af21e60f7ee7d13cf1332ad117bc7811
tcn,electrode,29,bandpass_n20005_cRA_independent_rms_s15,phase2/results/predictions/full/electrode/tcn/seed_29/bandpass_n20005_cRA_independent_rms_s15.npz,76379,2181895ef68cb6730dc42a9d0f8fdf48a2f52b9a5ff167aa3aa6b3d0dcff8b43
tcn,electrode,29,bandpass_n20005_cRA_independent_rms_s10,phase2/results/predictions/full/electrode/tcn/seed_29/bandpass_n20005_cRA_independent_rms_s10.npz,76330,0fb386eacd471d1382944890e243e7fb62bb5e4e8c7a0237f57e705b481e38b4
tcn,electrode,29,bandpass_n20005_cRA_independent_rms_s5,phase2/results/predictions/full/electrode/tcn/seed_29/bandpass_n20005_cRA_independent_rms_s5.npz,76242,f4e2289f9b0a7cdc51c79a74dac5502d241d5931b8d32311a7516fde9bc5c8f4
tcn,electrode,29,bandpass_n20005_cRA_independent_rms_s0,phase2/results/predictions/full/electrode/tcn/seed_29/bandpass_n20005_cRA_independent_rms_s0.npz,75925,92cb04462c82ca1eb0a28a754e13219f71a84ee536366ce0a17829c53d398662
tcn,electrode,29,bandpass_n20005_cRA_electrode_s20,phase2/results/predictions/full/electrode/tcn/seed_29/bandpass_n20005_cRA_electrode_s20.npz,76366,11d6002acf00a3172ee185d156d5e9dc0a47bd2deef932f734ec831e607d8a02
tcn,electrode,29,bandpass_n20005_cRA_electrode_s15,phase2/results/predictions/full/electrode/tcn/seed_29/bandpass_n20005_cRA_electrode_s15.npz,76351,bfe1e4c96da09c3249ffee55309313b6c9d113b11b111d2e9203783744e47608
tcn,electrode,29,bandpass_n20005_cRA_electrode_s10,phase2/results/predictions/full/electrode/tcn/seed_29/bandpass_n20005_cRA_electrode_s10.npz,76288,8a493a0075dfb88cb4a83d04cadc65b49b703f9cd5446c9bdb0ba1d85f91f253
tcn,electrode,29,bandpass_n20005_cRA_electrode_s5,phase2/results/predictions/full/electrode/tcn/seed_29/bandpass_n20005_cRA_electrode_s5.npz,76079,5a3fc602ffcd591824d9a4eccacb84381042f182e4bdd500a0035bb66e94a8ee
tcn,electrode,29,bandpass_n20005_cRA_electrode_s0,phase2/results/predictions/full/electrode/tcn/seed_29/bandpass_n20005_cRA_electrode_s0.npz,75597,e97d151791cfe0dffc6baa7993cb58d0556b726287cff3539365723f07ae73f6
tcn,electrode,29,bandpass_n20005_cRA_covariance_s20,phase2/results/predictions/full/electrode/tcn/seed_29/bandpass_n20005_cRA_covariance_s20.npz,76363,437e4fb09a41ad019da5a7f9739f778f41c035996d0cf465e2116e88eb9ddfaf
tcn,electrode,29,bandpass_n20005_cRA_covariance_s15,phase2/results/predictions/full/electrode/tcn/seed_29/bandpass_n20005_cRA_covariance_s15.npz,76343,c148de5a1f7332bfc1d5920538a04cad2e5fb7126f03ffd70213d83a6b503f18
tcn,electrode,29,bandpass_n20005_cRA_covariance_s10,phase2/results/predictions/full/electrode/tcn/seed_29/bandpass_n20005_cRA_covariance_s10.npz,76257,3312ec4715ad1dbbf5fb093310441f526daf74f16dbbadf3dd3b3ef2a4734e06
tcn,electrode,29,bandpass_n20005_cRA_covariance_s5,phase2/results/predictions/full/electrode/tcn/seed_29/bandpass_n20005_cRA_covariance_s5.npz,76049,b6bdd365347c1db38be14cb11b3b17c852fd90cea49a58f93db095d194ea5056
tcn,electrode,29,bandpass_n20005_cRA_covariance_s0,phase2/results/predictions/full/electrode/tcn/seed_29/bandpass_n20005_cRA_covariance_s0.npz,75613,93ab56412e0dfc7b0aae7fcde58deff535fa53d4de42389e5fd4c97d1a527858
tcn,electrode,29,bandpass_n20005_cLA_independent_rms_s20,phase2/results/predictions/full/electrode/tcn/seed_29/bandpass_n20005_cLA_independent_rms_s20.npz,76364,b4ddc129203cd25abe73b686a1dd9faaf0b813a334a3639d312edc14d84045fa
tcn,electrode,29,bandpass_n20005_cLA_independent_rms_s15,phase2/results/predictions/full/electrode/tcn/seed_29/bandpass_n20005_cLA_independent_rms_s15.npz,76389,aba3baf6c34e989007f3f19441109fae37cc81b69d09978020d542d32efc30ca
tcn,electrode,29,bandpass_n20005_cLA_independent_rms_s10,phase2/results/predictions/full/electrode/tcn/seed_29/bandpass_n20005_cLA_independent_rms_s10.npz,76372,a5dbc909339ecf3e82e989cdc26c88b7307bbfb4384084dd17d92cb084a31061
tcn,electrode,29,bandpass_n20005_cLA_independent_rms_s5,phase2/results/predictions/full/electrode/tcn/seed_29/bandpass_n20005_cLA_independent_rms_s5.npz,76213,b19f10e4847e7c2618e34dd124b5794315b3d40e0a9de427c0b6f05c88ab4649
tcn,electrode,29,bandpass_n20005_cLA_independent_rms_s0,phase2/results/predictions/full/electrode/tcn/seed_29/bandpass_n20005_cLA_independent_rms_s0.npz,75946,77e8601c420cc56b5ededb5512122a7050972ec53688862e17a4cc938215370e
tcn,electrode,29,bandpass_n20005_cLA_electrode_s20,phase2/results/predictions/full/electrode/tcn/seed_29/bandpass_n20005_cLA_electrode_s20.npz,76379,ecd20cc7ae8e04daacb557c06ce42b9e2c754568f5a518260cb68ebc9e88c576
tcn,electrode,29,bandpass_n20005_cLA_electrode_s15,phase2/results/predictions/full/electrode/tcn/seed_29/bandpass_n20005_cLA_electrode_s15.npz,76342,652aabc88f13e02f6e4b3421b00d8bf02240b0191a4a542d50dce62414fb0145
tcn,electrode,29,bandpass_n20005_cLA_electrode_s10,phase2/results/predictions/full/electrode/tcn/seed_29/bandpass_n20005_cLA_electrode_s10.npz,76301,bc78e238fdf29a4864efda0ca0bd593fe3899bbf51a41f8000b64eed7104bbc1
tcn,electrode,29,bandpass_n20005_cLA_electrode_s5,phase2/results/predictions/full/electrode/tcn/seed_29/bandpass_n20005_cLA_electrode_s5.npz,76142,da0f61e4dc2109af72cf9926321ce5c60f58dfaa69e1807513617b3fb9daf571
tcn,electrode,29,bandpass_n20005_cLA_electrode_s0,phase2/results/predictions/full/electrode/tcn/seed_29/bandpass_n20005_cLA_electrode_s0.npz,75874,f85e5895d469874459d5881bb458ed01e66b26f6ddce983160d172e6cf2f2437
tcn,electrode,29,bandpass_n20005_cLA_covariance_s20,phase2/results/predictions/full/electrode/tcn/seed_29/bandpass_n20005_cLA_covariance_s20.npz,76364,7cf2e9e9441c331aa7872591fa101bef8155f2566f6902c6a87a1580dc70ded6
tcn,electrode,29,bandpass_n20005_cLA_covariance_s15,phase2/results/predictions/full/electrode/tcn/seed_29/bandpass_n20005_cLA_covariance_s15.npz,76376,10b866497ec51a3be8f7d1ca37d6b083ff49f2ec86323bd6db035a42fe50de5e
tcn,electrode,29,bandpass_n20005_cLA_covariance_s10,phase2/results/predictions/full/electrode/tcn/seed_29/bandpass_n20005_cLA_covariance_s10.npz,76325,f619888a31911e79823e8a67fa63af509faf219a985cfc0dd4016bebff59752e
tcn,electrode,29,bandpass_n20005_cLA_covariance_s5,phase2/results/predictions/full/electrode/tcn/seed_29/bandpass_n20005_cLA_covariance_s5.npz,76146,7b2dad21b95917472e8b9ab64f099a11f13ae212125d3cc59dd68d6f0d1228b3
tcn,electrode,29,bandpass_n20005_cLA_covariance_s0,phase2/results/predictions/full/electrode/tcn/seed_29/bandpass_n20005_cLA_covariance_s0.npz,75873,1662addf14026a2170e974053d975f577699214c6045f43edfcf346ad5d387ce
tcn,electrode,29,bandpass_n20005_cLL_independent_rms_s20,phase2/results/predictions/full/electrode/tcn/seed_29/bandpass_n20005_cLL_independent_rms_s20.npz,76389,1335edf49e5c8364d85352e105df1b017dfc16b9757dcf44edf2021d80ff5550
tcn,electrode,29,bandpass_n20005_cLL_independent_rms_s15,phase2/results/predictions/full/electrode/tcn/seed_29/bandpass_n20005_cLL_independent_rms_s15.npz,76383,388d0113354568b30085467c1c88317437a3d3b47df05f82f979f3f542c0fd32
tcn,electrode,29,bandpass_n20005_cLL_independent_rms_s10,phase2/results/predictions/full/electrode/tcn/seed_29/bandpass_n20005_cLL_independent_rms_s10.npz,76386,a207a310110437cbf0a6b88cdbac9f308f3e52cb8fa206b43bdaed77fb09d7f4
tcn,electrode,29,bandpass_n20005_cLL_independent_rms_s5,phase2/results/predictions/full/electrode/tcn/seed_29/bandpass_n20005_cLL_independent_rms_s5.npz,76233,858de736a8a1f00a6b279be6da20184e01f6b3f78167e722683e80d998573857
tcn,electrode,29,bandpass_n20005_cLL_independent_rms_s0,phase2/results/predictions/full/electrode/tcn/seed_29/bandpass_n20005_cLL_independent_rms_s0.npz,75964,155c7769eb8daf16208fbba869eab7678049ff88c22967ceee9f4dc670a2c1e3
tcn,electrode,29,bandpass_n20005_cLL_electrode_s20,phase2/results/predictions/full/electrode/tcn/seed_29/bandpass_n20005_cLL_electrode_s20.npz,76350,d97623985bccb8c5fbfd8fee3cf520f43595c5e75d0db24a7bd6b945c490ca91
tcn,electrode,29,bandpass_n20005_cLL_electrode_s15,phase2/results/predictions/full/electrode/tcn/seed_29/bandpass_n20005_cLL_electrode_s15.npz,76344,8df99f2d93517a505200c885eb64e1b01ce97bbba8d98d62bbacf52ce39155a0
tcn,electrode,29,bandpass_n20005_cLL_electrode_s10,phase2/results/predictions/full/electrode/tcn/seed_29/bandpass_n20005_cLL_electrode_s10.npz,76324,4865ce8a2e2c4414fc207f0122e593cdc4301738c1c70c868f8fcec9991a56a7
tcn,electrode,29,bandpass_n20005_cLL_electrode_s5,phase2/results/predictions/full/electrode/tcn/seed_29/bandpass_n20005_cLL_electrode_s5.npz,76158,e16d0dd9a366c1a8078076a50ec5d7a9ae154d7301aec99d494686e11a8b6029
tcn,electrode,29,bandpass_n20005_cLL_electrode_s0,phase2/results/predictions/full/electrode/tcn/seed_29/bandpass_n20005_cLL_electrode_s0.npz,75896,7f3462ede39bbce5d7831c098eadeb27665c134ce94b9f2b528c1557edd3c157
tcn,electrode,29,bandpass_n20005_cLL_covariance_s20,phase2/results/predictions/full/electrode/tcn/seed_29/bandpass_n20005_cLL_covariance_s20.npz,76356,8d0bcf650391b8d6478701010201c80adfe4addec445ac9dca18f1627b98bbb3
tcn,electrode,29,bandpass_n20005_cLL_covariance_s15,phase2/results/predictions/full/electrode/tcn/seed_29/bandpass_n20005_cLL_covariance_s15.npz,76337,afc84be658c29c1c9c6e0335225ddeed1ad9d8850a185fb98248e071434611b1
tcn,electrode,29,bandpass_n20005_cLL_covariance_s10,phase2/results/predictions/full/electrode/tcn/seed_29/bandpass_n20005_cLL_covariance_s10.npz,76293,28dcda8187dde920717bfc68a00393d28795945e2f286b5190cea0b246f0214f
tcn,electrode,29,bandpass_n20005_cLL_covariance_s5,phase2/results/predictions/full/electrode/tcn/seed_29/bandpass_n20005_cLL_covariance_s5.npz,76186,f33f59dd01a83f1c2531c9ab7595ebdced7f6b7d7c9c3772bd0a8d4e7cc3458f
tcn,electrode,29,bandpass_n20005_cLL_covariance_s0,phase2/results/predictions/full/electrode/tcn/seed_29/bandpass_n20005_cLL_covariance_s0.npz,75862,e6da5f8ae330c396817f44b5c1123467fd73232766af9e591992ffad4fdf373d
tcn,electrode,29,bandpass_n20005_cRA_V1_independent_rms_s20,phase2/results/predictions/full/electrode/tcn/seed_29/bandpass_n20005_cRA_V1_independent_rms_s20.npz,76383,214cdda5a507176a42dbb3cae43fb4bbaec72c57aac0400d4ff5d2c3f1928306
tcn,electrode,29,bandpass_n20005_cRA_V1_independent_rms_s15,phase2/results/predictions/full/electrode/tcn/seed_29/bandpass_n20005_cRA_V1_independent_rms_s15.npz,76354,70537c7c67d84e7ed8ca4739f3776f5509b139da3fa2a2c59487263f42c33624
tcn,electrode,29,bandpass_n20005_cRA_V1_independent_rms_s10,phase2/results/predictions/full/electrode/tcn/seed_29/bandpass_n20005_cRA_V1_independent_rms_s10.npz,76328,71bb17fceddcd05e462e317b93712a21f8ded3ac4b72eacf33d64b1b0a321154
tcn,electrode,29,bandpass_n20005_cRA_V1_independent_rms_s5,phase2/results/predictions/full/electrode/tcn/seed_29/bandpass_n20005_cRA_V1_independent_rms_s5.npz,76216,320cc4b1a5b2c83bce92aa0b16c19893a42eb8b1e22524c1659e016d23429fea
tcn,electrode,29,bandpass_n20005_cRA_V1_independent_rms_s0,phase2/results/predictions/full/electrode/tcn/seed_29/bandpass_n20005_cRA_V1_independent_rms_s0.npz,75903,9afc4108748568d7afed4ec0ff8eba960efa33c753aa04f79a0a685b6447da0c
tcn,electrode,29,bandpass_n20005_cRA_V1_electrode_s20,phase2/results/predictions/full/electrode/tcn/seed_29/bandpass_n20005_cRA_V1_electrode_s20.npz,76376,a4ab990c75b7bcc6893414e41da0a434f6463be5f3be3779bab504f582115d50
tcn,electrode,29,bandpass_n20005_cRA_V1_electrode_s15,phase2/results/predictions/full/electrode/tcn/seed_29/bandpass_n20005_cRA_V1_electrode_s15.npz,76334,766e489044553c03afdc5eff402a64cdff17183e393f4d3ab9c2ff17763af85a
tcn,electrode,29,bandpass_n20005_cRA_V1_electrode_s10,phase2/results/predictions/full/electrode/tcn/seed_29/bandpass_n20005_cRA_V1_electrode_s10.npz,76273,f0cf42f537543cd6128a0f773d1a7adf21d047e8b86bc8611933abb77ef3a02b
tcn,electrode,29,bandpass_n20005_cRA_V1_electrode_s5,phase2/results/predictions/full/electrode/tcn/seed_29/bandpass_n20005_cRA_V1_electrode_s5.npz,76108,191233694d168fbb561537b4c0b8c74946d5353e60d35b985fdf21ccf13c64b9
tcn,electrode,29,bandpass_n20005_cRA_V1_electrode_s0,phase2/results/predictions/full/electrode/tcn/seed_29/bandpass_n20005_cRA_V1_electrode_s0.npz,75556,b0e26582fa9ca38fba6c5a62537cb6d8a2c0b9fdf0f5a23747e93670e612a9ca
tcn,electrode,29,bandpass_n20005_cRA_V1_covariance_s20,phase2/results/predictions/full/electrode/tcn/seed_29/bandpass_n20005_cRA_V1_covariance_s20.npz,76422,1cdb165d281e8f2f3cc7f9a84cd43efb8287d17fdba2e48bf1cc602ecd3a9d83
tcn,electrode,29,bandpass_n20005_cRA_V1_covariance_s15,phase2/results/predictions/full/electrode/tcn/seed_29/bandpass_n20005_cRA_V1_covariance_s15.npz,76365,5dd23f3bd4601f5144131b22faed03604be2595003be1c4747a8f114d3cbdd63
tcn,electrode,29,bandpass_n20005_cRA_V1_covariance_s10,phase2/results/predictions/full/electrode/tcn/seed_29/bandpass_n20005_cRA_V1_covariance_s10.npz,76276,600df8c5c668e4926cfe9ad0ce602cf56af30b828a983b9d20ba72818b0edb55
tcn,electrode,29,bandpass_n20005_cRA_V1_covariance_s5,phase2/results/predictions/full/electrode/tcn/seed_29/bandpass_n20005_cRA_V1_covariance_s5.npz,76101,74eac0a0c9b5c787b1a15766b72b3bb7e94b484bc2ac3bb6fcc796260138dd25
tcn,electrode,29,bandpass_n20005_cRA_V1_covariance_s0,phase2/results/predictions/full/electrode/tcn/seed_29/bandpass_n20005_cRA_V1_covariance_s0.npz,75615,4be85939fbbce0118ee47e2ebdf87e83f19e9f0c27ee6ea8b2df2431343f7234
tcn,electrode,29,bandpass_n20005_cLA_V6_independent_rms_s20,phase2/results/predictions/full/electrode/tcn/seed_29/bandpass_n20005_cLA_V6_independent_rms_s20.npz,76389,48eea64471365be2b2638722a0cc185060204e5d3fc784bb238aa10c2716dd31
tcn,electrode,29,bandpass_n20005_cLA_V6_independent_rms_s15,phase2/results/predictions/full/electrode/tcn/seed_29/bandpass_n20005_cLA_V6_independent_rms_s15.npz,76361,5601766ad6a308dd18b4ced743439e887cf317a23f4e9236cc2868d1047fb45c
tcn,electrode,29,bandpass_n20005_cLA_V6_independent_rms_s10,phase2/results/predictions/full/electrode/tcn/seed_29/bandpass_n20005_cLA_V6_independent_rms_s10.npz,76363,6fec266c2b4b240b3338cf312b938f75ed3340ca6569edcce291670a7940e0ba
tcn,electrode,29,bandpass_n20005_cLA_V6_independent_rms_s5,phase2/results/predictions/full/electrode/tcn/seed_29/bandpass_n20005_cLA_V6_independent_rms_s5.npz,76250,4f8c25aecec01e47e0d8e93cf78498b18654f5f8010ebbdd85b8054c20e980aa
tcn,electrode,29,bandpass_n20005_cLA_V6_independent_rms_s0,phase2/results/predictions/full/electrode/tcn/seed_29/bandpass_n20005_cLA_V6_independent_rms_s0.npz,75967,1af0b0198e9a72dd3c8921abe260d9c7e6a1cafb7a6daff0e90c6a7f5860a427
tcn,electrode,29,bandpass_n20005_cLA_V6_electrode_s20,phase2/results/predictions/full/electrode/tcn/seed_29/bandpass_n20005_cLA_V6_electrode_s20.npz,76357,d225f11081c5061a3f9670178a45b563f16ee60ffb403ba2b423d39c8f0236d3
tcn,electrode,29,bandpass_n20005_cLA_V6_electrode_s15,phase2/results/predictions/full/electrode/tcn/seed_29/bandpass_n20005_cLA_V6_electrode_s15.npz,76348,02fbf7b3c1ebb5c6620df5efac73fb73d8375d08517dbac6e7dca69b0eaf0889
tcn,electrode,29,bandpass_n20005_cLA_V6_electrode_s10,phase2/results/predictions/full/electrode/tcn/seed_29/bandpass_n20005_cLA_V6_electrode_s10.npz,76311,6d21b03448201b5b1283238def4fd963e264a8d277f29b70133eb62ea7b5c188
tcn,electrode,29,bandpass_n20005_cLA_V6_electrode_s5,phase2/results/predictions/full/electrode/tcn/seed_29/bandpass_n20005_cLA_V6_electrode_s5.npz,76160,f3d86dac53f216acd8721e6144c45d76f82b40a6e7fa5ac853a2812128a2a141
tcn,electrode,29,bandpass_n20005_cLA_V6_electrode_s0,phase2/results/predictions/full/electrode/tcn/seed_29/bandpass_n20005_cLA_V6_electrode_s0.npz,75851,5400f18e17a735e6c1e69f909d5225a5f48ff85e69d7c511b65ce7431b41a3e2
tcn,electrode,29,bandpass_n20005_cLA_V6_covariance_s20,phase2/results/predictions/full/electrode/tcn/seed_29/bandpass_n20005_cLA_V6_covariance_s20.npz,76363,757308b0daacfb91299a7bb3cd05924e8935e55ae78e24f32e23364ec455c280
tcn,electrode,29,bandpass_n20005_cLA_V6_covariance_s15,phase2/results/predictions/full/electrode/tcn/seed_29/bandpass_n20005_cLA_V6_covariance_s15.npz,76401,0077a75ba8418363d4084b96f93d6781016ee00a1fc829b4ccea19077b9de8d6
tcn,electrode,29,bandpass_n20005_cLA_V6_covariance_s10,phase2/results/predictions/full/electrode/tcn/seed_29/bandpass_n20005_cLA_V6_covariance_s10.npz,76351,12faef075ffb5c107e5f821221eb01c1e19fa9e10e8408a8f284b82e7f3dec2d
tcn,electrode,29,bandpass_n20005_cLA_V6_covariance_s5,phase2/results/predictions/full/electrode/tcn/seed_29/bandpass_n20005_cLA_V6_covariance_s5.npz,76191,4fedd25d5cc4e26eeab8169330d101a552ea6f47d5afed60650fd05824726448
tcn,electrode,29,bandpass_n20005_cLA_V6_covariance_s0,phase2/results/predictions/full/electrode/tcn/seed_29/bandpass_n20005_cLA_V6_covariance_s0.npz,75905,88757521f72cc726c0b1253137dc86924885fdbcc7250c22f03e6acc71e07473
tcn,electrode,29,bandpass_n20005_cLL_V4_independent_rms_s20,phase2/results/predictions/full/electrode/tcn/seed_29/bandpass_n20005_cLL_V4_independent_rms_s20.npz,76389,6aea9f9ea10234ab9a43d61fc9197bebb84b663f972b07830bada0d2e48d18f3
tcn,electrode,29,bandpass_n20005_cLL_V4_independent_rms_s15,phase2/results/predictions/full/electrode/tcn/seed_29/bandpass_n20005_cLL_V4_independent_rms_s15.npz,76412,296be06e4b8e275ae0c991af351f18b975ed0003413e4a68f878bb5353918cb6
tcn,electrode,29,bandpass_n20005_cLL_V4_independent_rms_s10,phase2/results/predictions/full/electrode/tcn/seed_29/bandpass_n20005_cLL_V4_independent_rms_s10.npz,76355,90232c17c43ea6189572f08c6c1b2b78874c71d52ba4b3de8498f94a0455939c
tcn,electrode,29,bandpass_n20005_cLL_V4_independent_rms_s5,phase2/results/predictions/full/electrode/tcn/seed_29/bandpass_n20005_cLL_V4_independent_rms_s5.npz,76254,b3d027ecc4474be8df5a6780dcbe9497698920b095bebf705cf386c454b639c8
tcn,electrode,29,bandpass_n20005_cLL_V4_independent_rms_s0,phase2/results/predictions/full/electrode/tcn/seed_29/bandpass_n20005_cLL_V4_independent_rms_s0.npz,75970,4fbe5406fa8cd6790d1205b2545012543dc58994003c0b4320c718821d8a77a3
tcn,electrode,29,bandpass_n20005_cLL_V4_electrode_s20,phase2/results/predictions/full/electrode/tcn/seed_29/bandpass_n20005_cLL_V4_electrode_s20.npz,76400,4506fd5fcd981c14f624647f2353c96ce4509edea0535c0ebed855fb2dd21338
tcn,electrode,29,bandpass_n20005_cLL_V4_electrode_s15,phase2/results/predictions/full/electrode/tcn/seed_29/bandpass_n20005_cLL_V4_electrode_s15.npz,76383,b6f371f97b2d694bfafc35a2bf4e5d8ec1397f03ed6c96d44bebf8727cd4b992
tcn,electrode,29,bandpass_n20005_cLL_V4_electrode_s10,phase2/results/predictions/full/electrode/tcn/seed_29/bandpass_n20005_cLL_V4_electrode_s10.npz,76301,8bd297f3230f7f23640322c65958eddb10096130bee948cfd154f47a4afdebc2
tcn,electrode,29,bandpass_n20005_cLL_V4_electrode_s5,phase2/results/predictions/full/electrode/tcn/seed_29/bandpass_n20005_cLL_V4_electrode_s5.npz,76245,3b63f60099fc0a52c4fda615bd002b4721c3771519ad5492b2f7dd9339655f6b
tcn,electrode,29,bandpass_n20005_cLL_V4_electrode_s0,phase2/results/predictions/full/electrode/tcn/seed_29/bandpass_n20005_cLL_V4_electrode_s0.npz,75897,78247e4ffe6c97ed8f6aadc29f7e987e25acf41ecfa3dea785a0f1cd8da9d2bf
tcn,electrode,29,bandpass_n20005_cLL_V4_covariance_s20,phase2/results/predictions/full/electrode/tcn/seed_29/bandpass_n20005_cLL_V4_covariance_s20.npz,76357,d5c130358f921b35a5776d28bd097b698a5af1a9db1cad2ac8b5ce0421973f36
tcn,electrode,29,bandpass_n20005_cLL_V4_covariance_s15,phase2/results/predictions/full/electrode/tcn/seed_29/bandpass_n20005_cLL_V4_covariance_s15.npz,76365,48dac171f6f37dc85053a615a8ee54217fdaad2e38e964c963fdf7458a3a05a6
tcn,electrode,29,bandpass_n20005_cLL_V4_covariance_s10,phase2/results/predictions/full/electrode/tcn/seed_29/bandpass_n20005_cLL_V4_covariance_s10.npz,76305,dbb457d1be988e8a9557bb6daed5042d24429abe967bcf9106ab05a2f0bc9f62
tcn,electrode,29,bandpass_n20005_cLL_V4_covariance_s5,phase2/results/predictions/full/electrode/tcn/seed_29/bandpass_n20005_cLL_V4_covariance_s5.npz,76204,41223c26715345b63e92d4164aae930d5a5c79e12980ffa6ae01c30afa9cea20
tcn,electrode,29,bandpass_n20005_cLL_V4_covariance_s0,phase2/results/predictions/full/electrode/tcn/seed_29/bandpass_n20005_cLL_V4_covariance_s0.npz,75937,d695b83a54f68e2e6de647e5bf9f7baa8d39baa8fddf5c3fa4adcc81715eb12a
tcn,electrode,29,bandpass_n20005_cRA_LA_V1_V6_independent_rms_s20,phase2/results/predictions/full/electrode/tcn/seed_29/bandpass_n20005_cRA_LA_V1_V6_independent_rms_s20.npz,76387,548ada350ced24ed141040b03a299ecae6cda249603d64b130ff367b67c630a6
tcn,electrode,29,bandpass_n20005_cRA_LA_V1_V6_independent_rms_s15,phase2/results/predictions/full/electrode/tcn/seed_29/bandpass_n20005_cRA_LA_V1_V6_independent_rms_s15.npz,76400,1821f5184fc404faa4ee141672a16ae05a5bc345332ee6151f0388a523eb6fc7
tcn,electrode,29,bandpass_n20005_cRA_LA_V1_V6_independent_rms_s10,phase2/results/predictions/full/electrode/tcn/seed_29/bandpass_n20005_cRA_LA_V1_V6_independent_rms_s10.npz,76369,a62f690e1b7cf388b98a651df23b294d32bb00707ad99211461fdb76fed595b5
tcn,electrode,29,bandpass_n20005_cRA_LA_V1_V6_independent_rms_s5,phase2/results/predictions/full/electrode/tcn/seed_29/bandpass_n20005_cRA_LA_V1_V6_independent_rms_s5.npz,76252,236662d60c712cf2b7d7800dff27a90b169bf2e4cd53a11464ed049e3038602a
tcn,electrode,29,bandpass_n20005_cRA_LA_V1_V6_independent_rms_s0,phase2/results/predictions/full/electrode/tcn/seed_29/bandpass_n20005_cRA_LA_V1_V6_independent_rms_s0.npz,75969,14187d77d907f51b0748d9e1e3fc1c4deb180edddeb3490859d49a9777dbe05f
tcn,electrode,29,bandpass_n20005_cRA_LA_V1_V6_electrode_s20,phase2/results/predictions/full/electrode/tcn/seed_29/bandpass_n20005_cRA_LA_V1_V6_electrode_s20.npz,76400,87fb04e977815fdda16565d6e9d86ba0a109ebef4cb3f8e583abf7874c504929
tcn,electrode,29,bandpass_n20005_cRA_LA_V1_V6_electrode_s15,phase2/results/predictions/full/electrode/tcn/seed_29/bandpass_n20005_cRA_LA_V1_V6_electrode_s15.npz,76342,f244d72a3b2d15a9d7b5cad83102c1ae183961d22956e80e6353f68046c36670
tcn,electrode,29,bandpass_n20005_cRA_LA_V1_V6_electrode_s10,phase2/results/predictions/full/electrode/tcn/seed_29/bandpass_n20005_cRA_LA_V1_V6_electrode_s10.npz,76281,e8f9fa0039f48b581562fc390636a09dbc56e16f87ab4330bb64dbbcb9048e1d
tcn,electrode,29,bandpass_n20005_cRA_LA_V1_V6_electrode_s5,phase2/results/predictions/full/electrode/tcn/seed_29/bandpass_n20005_cRA_LA_V1_V6_electrode_s5.npz,76187,b2e663f04fe17e8e2162ff7b9c61e912f12dde2bc196bdc9df0c9965a78009c5
tcn,electrode,29,bandpass_n20005_cRA_LA_V1_V6_electrode_s0,phase2/results/predictions/full/electrode/tcn/seed_29/bandpass_n20005_cRA_LA_V1_V6_electrode_s0.npz,75731,55a36c4f2567d0c9d3d257a4ce13db1ec7a79fc7120871551e7376f6a5167f97
tcn,electrode,29,bandpass_n20005_cRA_LA_V1_V6_covariance_s20,phase2/results/predictions/full/electrode/tcn/seed_29/bandpass_n20005_cRA_LA_V1_V6_covariance_s20.npz,76385,d637f8f482712798b6fce656e2c4d4fb4bd07f8d90de94768464802bbca24b21
tcn,electrode,29,bandpass_n20005_cRA_LA_V1_V6_covariance_s15,phase2/results/predictions/full/electrode/tcn/seed_29/bandpass_n20005_cRA_LA_V1_V6_covariance_s15.npz,76394,2879d372cc0b28d1273e5c89c42fed72fbed974e4b756aac6139c400246a15b0
tcn,electrode,29,bandpass_n20005_cRA_LA_V1_V6_covariance_s10,phase2/results/predictions/full/electrode/tcn/seed_29/bandpass_n20005_cRA_LA_V1_V6_covariance_s10.npz,76289,72139913cbcbed81db6a9f97cd8ccefd27546db6bca567f8ea009eee86348b67
tcn,electrode,29,bandpass_n20005_cRA_LA_V1_V6_covariance_s5,phase2/results/predictions/full/electrode/tcn/seed_29/bandpass_n20005_cRA_LA_V1_V6_covariance_s5.npz,76165,6d621ab0d00c36522a581bc724f27c466939cc11d13d01c4bdceaa698b43acdb
tcn,electrode,29,bandpass_n20005_cRA_LA_V1_V6_covariance_s0,phase2/results/predictions/full/electrode/tcn/seed_29/bandpass_n20005_cRA_LA_V1_V6_covariance_s0.npz,75757,ef157552052cedb539a199d37f29b0325727999f52824d2ab60d679500e69594
tcn,electrode,29,bandpass_n20005_cRA_V2_V5_independent_rms_s20,phase2/results/predictions/full/electrode/tcn/seed_29/bandpass_n20005_cRA_V2_V5_independent_rms_s20.npz,76382,74e5e7a7c4b3df2585774e80c290c0f967a370302747c7f621afc75a60b8cda5
tcn,electrode,29,bandpass_n20005_cRA_V2_V5_independent_rms_s15,phase2/results/predictions/full/electrode/tcn/seed_29/bandpass_n20005_cRA_V2_V5_independent_rms_s15.npz,76400,3f1bb631af59fd3174ffeea822282757e4af41d07f6bc3ff16cd08126f1dda02
tcn,electrode,29,bandpass_n20005_cRA_V2_V5_independent_rms_s10,phase2/results/predictions/full/electrode/tcn/seed_29/bandpass_n20005_cRA_V2_V5_independent_rms_s10.npz,76377,13049a40fbfd29032350ad2ddda534e10a5c7b807a320d0ffc4b23a989876aaa
tcn,electrode,29,bandpass_n20005_cRA_V2_V5_independent_rms_s5,phase2/results/predictions/full/electrode/tcn/seed_29/bandpass_n20005_cRA_V2_V5_independent_rms_s5.npz,76269,cc4b3def38a6c92ee1bf53e2ef29e11a1da82918ad488f0fce7b8dc0db1672f4
tcn,electrode,29,bandpass_n20005_cRA_V2_V5_independent_rms_s0,phase2/results/predictions/full/electrode/tcn/seed_29/bandpass_n20005_cRA_V2_V5_independent_rms_s0.npz,75975,9455d37895ecef6bcd3010d872ab096e58dbbdc2e1cf26019105cf87a618370a
tcn,electrode,29,bandpass_n20005_cRA_V2_V5_electrode_s20,phase2/results/predictions/full/electrode/tcn/seed_29/bandpass_n20005_cRA_V2_V5_electrode_s20.npz,76374,eb58acd8d79870c504a8436736610f0170d845e058c66b6cd84f5b1c0e326dc2
tcn,electrode,29,bandpass_n20005_cRA_V2_V5_electrode_s15,phase2/results/predictions/full/electrode/tcn/seed_29/bandpass_n20005_cRA_V2_V5_electrode_s15.npz,76364,8241d0be4011eb8b1ebc4f242e22f4e0c163b8c7eb2e7949a3e8a6f51cc474b4
tcn,electrode,29,bandpass_n20005_cRA_V2_V5_electrode_s10,phase2/results/predictions/full/electrode/tcn/seed_29/bandpass_n20005_cRA_V2_V5_electrode_s10.npz,76306,84ee19d91e2e0ec1f05f928f6f47b4ff31b0ea4c89bf672a222bbd1461e2e458
tcn,electrode,29,bandpass_n20005_cRA_V2_V5_electrode_s5,phase2/results/predictions/full/electrode/tcn/seed_29/bandpass_n20005_cRA_V2_V5_electrode_s5.npz,76165,ad2a67c3e21dc794e93cf4af906f7b42963e2a83809480339ba4e4b84c40c480
tcn,electrode,29,bandpass_n20005_cRA_V2_V5_electrode_s0,phase2/results/predictions/full/electrode/tcn/seed_29/bandpass_n20005_cRA_V2_V5_electrode_s0.npz,75741,fa66bb302233c3e1fc8f9bd0ff61ab3324e6ab327222b0ab93dd49a1905e481a
tcn,electrode,29,bandpass_n20005_cRA_V2_V5_covariance_s20,phase2/results/predictions/full/electrode/tcn/seed_29/bandpass_n20005_cRA_V2_V5_covariance_s20.npz,76415,a2e004c73a47db4bcd250311e8d2c97d1f13c116e49163f087dd9405aef9cbff
tcn,electrode,29,bandpass_n20005_cRA_V2_V5_covariance_s15,phase2/results/predictions/full/electrode/tcn/seed_29/bandpass_n20005_cRA_V2_V5_covariance_s15.npz,76388,c9d9b70251a2a8fa1c8acb7818a73e346c1fd2a395a6b3c076bece1ccaf452f6
tcn,electrode,29,bandpass_n20005_cRA_V2_V5_covariance_s10,phase2/results/predictions/full/electrode/tcn/seed_29/bandpass_n20005_cRA_V2_V5_covariance_s10.npz,76332,013491ef47b208a1a64a4cf00158444a3890775a5fdbb64e97243d99a91ceaf6
tcn,electrode,29,bandpass_n20005_cRA_V2_V5_covariance_s5,phase2/results/predictions/full/electrode/tcn/seed_29/bandpass_n20005_cRA_V2_V5_covariance_s5.npz,76162,cdffd33442498032021899a5594d212ed735e83f79226c1570d7ec2be5424b9a
tcn,electrode,29,bandpass_n20005_cRA_V2_V5_covariance_s0,phase2/results/predictions/full/electrode/tcn/seed_29/bandpass_n20005_cRA_V2_V5_covariance_s0.npz,75744,58ecedfacc927d0603733e2b21bace399fdc4f5f1c687ab99b1a029d0ff93fba
tcn,electrode,29,bandpass_n20005_cLA_V3_V6_independent_rms_s20,phase2/results/predictions/full/electrode/tcn/seed_29/bandpass_n20005_cLA_V3_V6_independent_rms_s20.npz,76392,0f66a68c8a4e329b0907771b189dfdb3deed0a57ea1f4e69eefe1315f1549755
tcn,electrode,29,bandpass_n20005_cLA_V3_V6_independent_rms_s15,phase2/results/predictions/full/electrode/tcn/seed_29/bandpass_n20005_cLA_V3_V6_independent_rms_s15.npz,76385,d0ede25f36d5a57e901b1b72efc845899a36814642613f4f8fa3c68fa22c8603
tcn,electrode,29,bandpass_n20005_cLA_V3_V6_independent_rms_s10,phase2/results/predictions/full/electrode/tcn/seed_29/bandpass_n20005_cLA_V3_V6_independent_rms_s10.npz,76357,53eb5764e261e5216e8bd993cba5db272a48658ca5314e60bbb2e6936563c34a
tcn,electrode,29,bandpass_n20005_cLA_V3_V6_independent_rms_s5,phase2/results/predictions/full/electrode/tcn/seed_29/bandpass_n20005_cLA_V3_V6_independent_rms_s5.npz,76264,84e40f8e0ab90f6679892e4907989b7a15075f9e09cdc99b4ed6ce8bced95470
tcn,electrode,29,bandpass_n20005_cLA_V3_V6_independent_rms_s0,phase2/results/predictions/full/electrode/tcn/seed_29/bandpass_n20005_cLA_V3_V6_independent_rms_s0.npz,76010,c5b295aac40383eb38308144526ddd784f1a157b0cb1b7b635e7de3959b4e051
tcn,electrode,29,bandpass_n20005_cLA_V3_V6_electrode_s20,phase2/results/predictions/full/electrode/tcn/seed_29/bandpass_n20005_cLA_V3_V6_electrode_s20.npz,76391,60864df105b3cc9f13936844647013042fc29cc110a43f21397e93d378432d13
tcn,electrode,29,bandpass_n20005_cLA_V3_V6_electrode_s15,phase2/results/predictions/full/electrode/tcn/seed_29/bandpass_n20005_cLA_V3_V6_electrode_s15.npz,76352,3c18cf1cac95f7472b96779a3fd31088b876a34985a0a2ca24d0d1650ce63c17
tcn,electrode,29,bandpass_n20005_cLA_V3_V6_electrode_s10,phase2/results/predictions/full/electrode/tcn/seed_29/bandpass_n20005_cLA_V3_V6_electrode_s10.npz,76338,ab54fe4bb27427f0e6a79ffe5313b2e3f69da63c56b739c79465272f53e044ba
tcn,electrode,29,bandpass_n20005_cLA_V3_V6_electrode_s5,phase2/results/predictions/full/electrode/tcn/seed_29/bandpass_n20005_cLA_V3_V6_electrode_s5.npz,76189,19aab4e08527a29faff6ed4c626b60c0d9e172922c403750cdf75a2fb3f2c0b4
tcn,electrode,29,bandpass_n20005_cLA_V3_V6_electrode_s0,phase2/results/predictions/full/electrode/tcn/seed_29/bandpass_n20005_cLA_V3_V6_electrode_s0.npz,75934,44c8ba74d3274174657ce55d6e78bf42249204d34f4d877d439196545b0f4565
tcn,electrode,29,bandpass_n20005_cLA_V3_V6_covariance_s20,phase2/results/predictions/full/electrode/tcn/seed_29/bandpass_n20005_cLA_V3_V6_covariance_s20.npz,76405,862899a0e95581104398a4cb0f8a9dcb9ce66b12afcb7e7d0b28b515cf2481db
tcn,electrode,29,bandpass_n20005_cLA_V3_V6_covariance_s15,phase2/results/predictions/full/electrode/tcn/seed_29/bandpass_n20005_cLA_V3_V6_covariance_s15.npz,76367,8868096ee505948d4d46311fcc879af5b6250833505679b0efc9fbf0b21884c3
tcn,electrode,29,bandpass_n20005_cLA_V3_V6_covariance_s10,phase2/results/predictions/full/electrode/tcn/seed_29/bandpass_n20005_cLA_V3_V6_covariance_s10.npz,76325,d1da414025b0ceff6444a0b96cc0f155ca8a224ad7ec92780c712ecaec6de455
tcn,electrode,29,bandpass_n20005_cLA_V3_V6_covariance_s5,phase2/results/predictions/full/electrode/tcn/seed_29/bandpass_n20005_cLA_V3_V6_covariance_s5.npz,76219,c628dcaea0f1639b58da25edc20b5de68776db7162b1ae49bd603bd88ab6d5db
tcn,electrode,29,bandpass_n20005_cLA_V3_V6_covariance_s0,phase2/results/predictions/full/electrode/tcn/seed_29/bandpass_n20005_cLA_V3_V6_covariance_s0.npz,75923,b30d79f4fbcbb05ef63632551cc38535ed943e40624ffba210b045038022df63
tcn,electrode,29,bandpass_n20005_cLL_V1_V4_independent_rms_s20,phase2/results/predictions/full/electrode/tcn/seed_29/bandpass_n20005_cLL_V1_V4_independent_rms_s20.npz,76391,1f33903e50b025f9363a5bc3e30560bf675d96c948cb5f7a5d34a5e955956751
tcn,electrode,29,bandpass_n20005_cLL_V1_V4_independent_rms_s15,phase2/results/predictions/full/electrode/tcn/seed_29/bandpass_n20005_cLL_V1_V4_independent_rms_s15.npz,76410,0ac3a6e7faf019a28ab98357d567ec5a60fccdd4619b80ed0432f4fa231bef3d
tcn,electrode,29,bandpass_n20005_cLL_V1_V4_independent_rms_s10,phase2/results/predictions/full/electrode/tcn/seed_29/bandpass_n20005_cLL_V1_V4_independent_rms_s10.npz,76373,29a6a3be304f9ef0976fd2d944de7dbbcf963367ca7ae75bb95e2189fd7477f5
tcn,electrode,29,bandpass_n20005_cLL_V1_V4_independent_rms_s5,phase2/results/predictions/full/electrode/tcn/seed_29/bandpass_n20005_cLL_V1_V4_independent_rms_s5.npz,76233,813ba03442907bcd264b6b7ae3810986608f05a21952d1865816c7466512e203
tcn,electrode,29,bandpass_n20005_cLL_V1_V4_independent_rms_s0,phase2/results/predictions/full/electrode/tcn/seed_29/bandpass_n20005_cLL_V1_V4_independent_rms_s0.npz,75941,57fb7b748eef0b92da453b2ea582d3b5a5387c71eacc19a8ad8462fb2f814c74
tcn,electrode,29,bandpass_n20005_cLL_V1_V4_electrode_s20,phase2/results/predictions/full/electrode/tcn/seed_29/bandpass_n20005_cLL_V1_V4_electrode_s20.npz,76377,cd984513893d3dc7a0235c9a5da7de20a055f66b12fc20af21f2162805b41082
tcn,electrode,29,bandpass_n20005_cLL_V1_V4_electrode_s15,phase2/results/predictions/full/electrode/tcn/seed_29/bandpass_n20005_cLL_V1_V4_electrode_s15.npz,76344,51a5796102a25a0968dd2e031f36c61056464af729dc80d378950485ba50ad15
tcn,electrode,29,bandpass_n20005_cLL_V1_V4_electrode_s10,phase2/results/predictions/full/electrode/tcn/seed_29/bandpass_n20005_cLL_V1_V4_electrode_s10.npz,76316,51684b9da50ffb6bbbd9808e7069d80f03ad03634355eeb644752f07f366e1da
tcn,electrode,29,bandpass_n20005_cLL_V1_V4_electrode_s5,phase2/results/predictions/full/electrode/tcn/seed_29/bandpass_n20005_cLL_V1_V4_electrode_s5.npz,76169,364df668ed984b0b7170b60851c297054d0cf180a8688289cdb8c7a7aad4d922
tcn,electrode,29,bandpass_n20005_cLL_V1_V4_electrode_s0,phase2/results/predictions/full/electrode/tcn/seed_29/bandpass_n20005_cLL_V1_V4_electrode_s0.npz,75873,13ff61a51be96bacb5909443c8edee3fc6e2114178bc0d5da812a102943587ca
tcn,electrode,29,bandpass_n20005_cLL_V1_V4_covariance_s20,phase2/results/predictions/full/electrode/tcn/seed_29/bandpass_n20005_cLL_V1_V4_covariance_s20.npz,76389,d442db1d5e7e292836bc455fb6d43acbb0b43d066c51ad965ef1af63a2ecc691
tcn,electrode,29,bandpass_n20005_cLL_V1_V4_covariance_s15,phase2/results/predictions/full/electrode/tcn/seed_29/bandpass_n20005_cLL_V1_V4_covariance_s15.npz,76374,a93ce35cebb3411ecc7a401c7813ef60d193cfbf5d67cc13bc34e07704295249
tcn,electrode,29,bandpass_n20005_cLL_V1_V4_covariance_s10,phase2/results/predictions/full/electrode/tcn/seed_29/bandpass_n20005_cLL_V1_V4_covariance_s10.npz,76315,23cc30f384fd03727280d758a99380e0eb69da7890b21ede3fabf5e7302b1f70
tcn,electrode,29,bandpass_n20005_cLL_V1_V4_covariance_s5,phase2/results/predictions/full/electrode/tcn/seed_29/bandpass_n20005_cLL_V1_V4_covariance_s5.npz,76209,24faa30011ac0cfff82306b61cfb6e68a951a53b6ab388520d0bc607a913e317
tcn,electrode,29,bandpass_n20005_cLL_V1_V4_covariance_s0,phase2/results/predictions/full/electrode/tcn/seed_29/bandpass_n20005_cLL_V1_V4_covariance_s0.npz,75875,248bbf9ae7e18656d3afd0f18218a97c109f067da9ec45cf9a52a3e1a5376803
tcn,electrode,29,bandpass_n20005_call_independent_rms_s20,phase2/results/predictions/full/electrode/tcn/seed_29/bandpass_n20005_call_independent_rms_s20.npz,76372,ce05386918c91cd928e393dbc3cfc3ab7af3f53582dac32c497af9a6e4585f38
tcn,electrode,29,bandpass_n20005_call_independent_rms_s15,phase2/results/predictions/full/electrode/tcn/seed_29/bandpass_n20005_call_independent_rms_s15.npz,76392,dee20f474cb5b68ce94a5dc24bcf3b1e475184a75a5849e9f2975662ac369c5a
tcn,electrode,29,bandpass_n20005_call_independent_rms_s10,phase2/results/predictions/full/electrode/tcn/seed_29/bandpass_n20005_call_independent_rms_s10.npz,76313,238aec996602c6a984089c06b90aee6a526c5f490b4b6be8bdd7313dfcc73d07
tcn,electrode,29,bandpass_n20005_call_independent_rms_s5,phase2/results/predictions/full/electrode/tcn/seed_29/bandpass_n20005_call_independent_rms_s5.npz,76213,079906cd831fd70bd35e1b7f0aca6abf34cea1a6845dda087318f70642515666
tcn,electrode,29,bandpass_n20005_call_independent_rms_s0,phase2/results/predictions/full/electrode/tcn/seed_29/bandpass_n20005_call_independent_rms_s0.npz,75939,b258abab88d129d40c1138a4f6b9cb3431d9bc094660d0160b54aea94c981dee
tcn,electrode,29,bandpass_n20005_call_electrode_s20,phase2/results/predictions/full/electrode/tcn/seed_29/bandpass_n20005_call_electrode_s20.npz,76353,cb3c5836e8468f0e50a860e867253c13c60e72e9df0c785aa723ea9e66477759
tcn,electrode,29,bandpass_n20005_call_electrode_s15,phase2/results/predictions/full/electrode/tcn/seed_29/bandpass_n20005_call_electrode_s15.npz,76347,13286e0ba162949f10e406b602fe3936836df5ffe3298b18ebccb4321062e1d9
tcn,electrode,29,bandpass_n20005_call_electrode_s10,phase2/results/predictions/full/electrode/tcn/seed_29/bandpass_n20005_call_electrode_s10.npz,76283,013ff5a5b16d1ca24659d16626b2f2471bc42ce5a390d139c9d3d34c07add606
tcn,electrode,29,bandpass_n20005_call_electrode_s5,phase2/results/predictions/full/electrode/tcn/seed_29/bandpass_n20005_call_electrode_s5.npz,76166,12fb788b19a146e10acff1281ac3a529f33753506ffb5edba26c1808f8e91eca
tcn,electrode,29,bandpass_n20005_call_electrode_s0,phase2/results/predictions/full/electrode/tcn/seed_29/bandpass_n20005_call_electrode_s0.npz,75752,cef0a0d4545e6d0337f2323f16cf7f6ae73115e64dedece343e60144bfedc9e2
tcn,electrode,29,bandpass_n20005_call_covariance_s20,phase2/results/predictions/full/electrode/tcn/seed_29/bandpass_n20005_call_covariance_s20.npz,76361,e372c4544e5c2a14f5c3ed54d4b363caf21c9530d269d59459957733ff1973b8
tcn,electrode,29,bandpass_n20005_call_covariance_s15,phase2/results/predictions/full/electrode/tcn/seed_29/bandpass_n20005_call_covariance_s15.npz,76367,0025fd13d4d7e3842a4a04ad13e028d835dc64cdbba29d313035eae600469288
tcn,electrode,29,bandpass_n20005_call_covariance_s10,phase2/results/predictions/full/electrode/tcn/seed_29/bandpass_n20005_call_covariance_s10.npz,76292,168f8e0d7796817f69406109169d5b95a8bf1495f3e1269d09ed8e528e600e0e
tcn,electrode,29,bandpass_n20005_call_covariance_s5,phase2/results/predictions/full/electrode/tcn/seed_29/bandpass_n20005_call_covariance_s5.npz,76201,d317e9dec2c9fec96208b052a0de3bbeb5342f3ab04f7e3b3998097b7cebb56b
tcn,electrode,29,bandpass_n20005_call_covariance_s0,phase2/results/predictions/full/electrode/tcn/seed_29/bandpass_n20005_call_covariance_s0.npz,75788,7f6b7fc457ab0d4b9b7f3a7abba0e7232a68e774727114a784d7852cf8dc791b
tcn,electrode,29,bw_n20001_call_independent_rms_s20,phase2/results/predictions/full/electrode/tcn/seed_29/bw_n20001_call_independent_rms_s20.npz,76389,b3b605edad2939bc5a189bd622d227fc1ce5c6a2ed2957a047819e13362b604f
tcn,electrode,29,bw_n20001_call_independent_rms_s10,phase2/results/predictions/full/electrode/tcn/seed_29/bw_n20001_call_independent_rms_s10.npz,76314,d4d8a4cb6b596113f03ba6705127d8826d35ee3aef6278e2234c6a35ceb17e77
tcn,electrode,29,bw_n20001_call_independent_rms_s0,phase2/results/predictions/full/electrode/tcn/seed_29/bw_n20001_call_independent_rms_s0.npz,76093,3ff3ecb662b7feae0a31555b3541c5742738ffd1b83b740a3ab16498829b9bc1
tcn,electrode,29,bw_n20001_call_electrode_s20,phase2/results/predictions/full/electrode/tcn/seed_29/bw_n20001_call_electrode_s20.npz,76359,96712b541254a9bb04105e92a79f374412149522a8fcf801d35e6503bf1a279e
tcn,electrode,29,bw_n20001_call_electrode_s10,phase2/results/predictions/full/electrode/tcn/seed_29/bw_n20001_call_electrode_s10.npz,76282,307db4511a47cf45d94a4494211ea7309508e2e4c33fd853a6e8232562d8e96b
tcn,electrode,29,bw_n20001_call_electrode_s0,phase2/results/predictions/full/electrode/tcn/seed_29/bw_n20001_call_electrode_s0.npz,76089,dd63faee91a763bad1f34385e757bc7fef679e56f50c4d10f099e33f6ec5b201
tcn,electrode,29,bw_n20001_call_covariance_s20,phase2/results/predictions/full/electrode/tcn/seed_29/bw_n20001_call_covariance_s20.npz,76360,96e3a3c48b0d2bff26ca2916f2e57cb7d9dcee360d8bbf169afdc9527b344032
tcn,electrode,29,bw_n20001_call_covariance_s10,phase2/results/predictions/full/electrode/tcn/seed_29/bw_n20001_call_covariance_s10.npz,76302,e65dfa243017969d5c9a6c6e2b06a7e279b52125bd10278015a5f8b6ba49e809
tcn,electrode,29,bw_n20001_call_covariance_s0,phase2/results/predictions/full/electrode/tcn/seed_29/bw_n20001_call_covariance_s0.npz,76095,a4cda551ed3c22818dc6c2ec913189746b876909355d18a3d7facb56e192e7b4
tcn,electrode,29,bw_n20002_call_independent_rms_s20,phase2/results/predictions/full/electrode/tcn/seed_29/bw_n20002_call_independent_rms_s20.npz,76294,95b949d059094c94bb2e0539eb7b8bb97d0056caac3d771d0016e0b052253d3c
tcn,electrode,29,bw_n20002_call_independent_rms_s10,phase2/results/predictions/full/electrode/tcn/seed_29/bw_n20002_call_independent_rms_s10.npz,76344,e1be964479c7a47697b4045a38303d57ea5c22536f610c5d9f5a9dd598e3be3e
tcn,electrode,29,bw_n20002_call_independent_rms_s0,phase2/results/predictions/full/electrode/tcn/seed_29/bw_n20002_call_independent_rms_s0.npz,76113,318cb61323cd1d9e792b2ac8cc4578ac017bf6c8e7995d3918fa840f53c678de
tcn,electrode,29,bw_n20002_call_electrode_s20,phase2/results/predictions/full/electrode/tcn/seed_29/bw_n20002_call_electrode_s20.npz,76352,43febec93bbd0da172d0f31aceaffdac72e947e2fdea09edede543d4a2612d95
tcn,electrode,29,bw_n20002_call_electrode_s10,phase2/results/predictions/full/electrode/tcn/seed_29/bw_n20002_call_electrode_s10.npz,76286,e61c0a69461f1c6bc50bd64e2d230dcb2a7d37989043d4e8f0c25dc333416dfe
tcn,electrode,29,bw_n20002_call_electrode_s0,phase2/results/predictions/full/electrode/tcn/seed_29/bw_n20002_call_electrode_s0.npz,76057,8f2e8eb6a3d520c8d56f5c6ca47e767aa1721bdaab6e3a71f03fe1ac15516616
tcn,electrode,29,bw_n20002_call_covariance_s20,phase2/results/predictions/full/electrode/tcn/seed_29/bw_n20002_call_covariance_s20.npz,76345,a5fc52abe6b9c16489c2afb60dc49fbc2fdc3e5bb3e8a0b682a453fbb96eba54
tcn,electrode,29,bw_n20002_call_covariance_s10,phase2/results/predictions/full/electrode/tcn/seed_29/bw_n20002_call_covariance_s10.npz,76272,2d524873ec66678c49674a3a13bdffe89cfc20439bc8b35981836de6522911df
tcn,electrode,29,bw_n20002_call_covariance_s0,phase2/results/predictions/full/electrode/tcn/seed_29/bw_n20002_call_covariance_s0.npz,76085,ae2a4aae7f2821f904e1e3178a3ec5d74316e95ab8316ab444722b1cdf74b08c
tcn,electrode,29,bw_n20003_call_independent_rms_s20,phase2/results/predictions/full/electrode/tcn/seed_29/bw_n20003_call_independent_rms_s20.npz,76363,f782741b0d90118ef9be7ae5380e4fd44cf08e7c287f1369a2398607c8a904c1
tcn,electrode,29,bw_n20003_call_independent_rms_s10,phase2/results/predictions/full/electrode/tcn/seed_29/bw_n20003_call_independent_rms_s10.npz,76329,3627f635e63aad8b8d52db7678513c0b1694699cf4ea14a2a055d5717fa83027
tcn,electrode,29,bw_n20003_call_independent_rms_s0,phase2/results/predictions/full/electrode/tcn/seed_29/bw_n20003_call_independent_rms_s0.npz,76123,1f57e77b448dff35a35d3400dee56bcb126f92aa33f230d43b789c708099047d
tcn,electrode,29,bw_n20003_call_electrode_s20,phase2/results/predictions/full/electrode/tcn/seed_29/bw_n20003_call_electrode_s20.npz,76330,9bc8352d8e8f4bd68ccb4c02de1613aaf282baf1f560a35c0decea4e28b8c864
tcn,electrode,29,bw_n20003_call_electrode_s10,phase2/results/predictions/full/electrode/tcn/seed_29/bw_n20003_call_electrode_s10.npz,76300,2444802b2fd0c980ca220b1977def7b5066e932d4edbf34b6992bbc985542a39
tcn,electrode,29,bw_n20003_call_electrode_s0,phase2/results/predictions/full/electrode/tcn/seed_29/bw_n20003_call_electrode_s0.npz,76090,11371a11f96433594e245f7f51cf64366cc0575bba0ea123e65c04014a0f7dda
tcn,electrode,29,bw_n20003_call_covariance_s20,phase2/results/predictions/full/electrode/tcn/seed_29/bw_n20003_call_covariance_s20.npz,76325,d38168805112e78a0d6c0bcab229554c35dc826c72a9299b184f3737d9b09786
tcn,electrode,29,bw_n20003_call_covariance_s10,phase2/results/predictions/full/electrode/tcn/seed_29/bw_n20003_call_covariance_s10.npz,76281,83cf90e7d0fe8570097331e103e869e3d5ee66704bb0db7bc9738b8581e3dab3
tcn,electrode,29,bw_n20003_call_covariance_s0,phase2/results/predictions/full/electrode/tcn/seed_29/bw_n20003_call_covariance_s0.npz,76056,da9956fbae83fa7e42b8aed0f4a598a962e43a771d1d70464284e41c4bb76ea1
tcn,electrode,29,bw_n20004_call_independent_rms_s20,phase2/results/predictions/full/electrode/tcn/seed_29/bw_n20004_call_independent_rms_s20.npz,76377,48191bb5a8e569e72ebf9c7dfc729619339c5efd4ce7bb2d07409326aff9b0a2
tcn,electrode,29,bw_n20004_call_independent_rms_s10,phase2/results/predictions/full/electrode/tcn/seed_29/bw_n20004_call_independent_rms_s10.npz,76316,df45608e65f206d593fb984936cc835765cd649a0f7e8e59ee1202b6ea4f0c7b
tcn,electrode,29,bw_n20004_call_independent_rms_s0,phase2/results/predictions/full/electrode/tcn/seed_29/bw_n20004_call_independent_rms_s0.npz,76121,4fb131f82eb73927eddcaf70391364f22f19fff50f42b6c96e53a2c95f22c38b
tcn,electrode,29,bw_n20004_call_electrode_s20,phase2/results/predictions/full/electrode/tcn/seed_29/bw_n20004_call_electrode_s20.npz,76285,942e786014ba1a1e802777818c7d7ed7cf2f470ce49d8fbc47ae89c4bd4fb855
tcn,electrode,29,bw_n20004_call_electrode_s10,phase2/results/predictions/full/electrode/tcn/seed_29/bw_n20004_call_electrode_s10.npz,76324,b8a440f93e2d87d775233808c835cf77282834070d19f9845013728c4b5df1b9
tcn,electrode,29,bw_n20004_call_electrode_s0,phase2/results/predictions/full/electrode/tcn/seed_29/bw_n20004_call_electrode_s0.npz,76093,3a2266f3aa56a234a5373e9ef130a3eda6b55a181688f171c60ca180a4e1729d
tcn,electrode,29,bw_n20004_call_covariance_s20,phase2/results/predictions/full/electrode/tcn/seed_29/bw_n20004_call_covariance_s20.npz,76331,8626690d5884cc11f02b7cc273fd501c7997a15250fdc489ce7dfea277cb795c
tcn,electrode,29,bw_n20004_call_covariance_s10,phase2/results/predictions/full/electrode/tcn/seed_29/bw_n20004_call_covariance_s10.npz,76314,a9b171ec2c683c0d653f390971b0e613347af71494da0456b53bcbd523de1149
tcn,electrode,29,bw_n20004_call_covariance_s0,phase2/results/predictions/full/electrode/tcn/seed_29/bw_n20004_call_covariance_s0.npz,76106,0671c9a169a937bd83f2dbc3b8c1620f006f9c4d7f2c19abd4f27e6f0e507d88
tcn,electrode,29,bw_n20005_call_independent_rms_s20,phase2/results/predictions/full/electrode/tcn/seed_29/bw_n20005_call_independent_rms_s20.npz,76375,ef729444b82eb46140e8aad009b3566093385ff28b8d1859bfddc60cff46d94f
tcn,electrode,29,bw_n20005_call_independent_rms_s10,phase2/results/predictions/full/electrode/tcn/seed_29/bw_n20005_call_independent_rms_s10.npz,76326,9a35a4d6d072edb53ce89ce44d0ab589a9d4ce902cb402ef9e891e572204d080
tcn,electrode,29,bw_n20005_call_independent_rms_s0,phase2/results/predictions/full/electrode/tcn/seed_29/bw_n20005_call_independent_rms_s0.npz,76148,77386f42d9607520c4634d930d023bec2e398fdc491d2c81f356572e36960e49
tcn,electrode,29,bw_n20005_call_electrode_s20,phase2/results/predictions/full/electrode/tcn/seed_29/bw_n20005_call_electrode_s20.npz,76337,2cbe78ef07d1a04780c724488c25b217e338e50be5ee3dcf5b843751f0ee24db
tcn,electrode,29,bw_n20005_call_electrode_s10,phase2/results/predictions/full/electrode/tcn/seed_29/bw_n20005_call_electrode_s10.npz,76293,8c2f36b0aed11b8c4d273635d63f4b05af76fda21cec04b58dcaca011c8960f3
tcn,electrode,29,bw_n20005_call_electrode_s0,phase2/results/predictions/full/electrode/tcn/seed_29/bw_n20005_call_electrode_s0.npz,76097,d5014b62134b584a5e7faa91259724e995160f22d8bd976414a50ce7dfaa28bf
tcn,electrode,29,bw_n20005_call_covariance_s20,phase2/results/predictions/full/electrode/tcn/seed_29/bw_n20005_call_covariance_s20.npz,76358,2aeb1a72d544301adde15f1c992f0bfbaf5f70d2a7fc0bd34dd400c5603aac47
tcn,electrode,29,bw_n20005_call_covariance_s10,phase2/results/predictions/full/electrode/tcn/seed_29/bw_n20005_call_covariance_s10.npz,76283,24ccdd8f0c03ae73b540e2ed6eb31039c426b829698a1ce6f4dd2e0271bd5961
tcn,electrode,29,bw_n20005_call_covariance_s0,phase2/results/predictions/full/electrode/tcn/seed_29/bw_n20005_call_covariance_s0.npz,76094,ae7fdbafe9c80918a8062c1942ed9083b239c45092c950593e75ecd49a81e78e
tcn,electrode,29,ma_n20001_call_independent_rms_s20,phase2/results/predictions/full/electrode/tcn/seed_29/ma_n20001_call_independent_rms_s20.npz,76364,e037c54e73ae2db7d353e17724d4425261c3844172887fb54ebc9e89a3186412
tcn,electrode,29,ma_n20001_call_independent_rms_s10,phase2/results/predictions/full/electrode/tcn/seed_29/ma_n20001_call_independent_rms_s10.npz,76342,a3159fa4bd40e1ea7b535d6fb8a85b9eefe1edcd5afbf5f86e29e6385138ff33
tcn,electrode,29,ma_n20001_call_independent_rms_s0,phase2/results/predictions/full/electrode/tcn/seed_29/ma_n20001_call_independent_rms_s0.npz,76091,12a379e14378b5aeb6a55faa9accf5c6d2c0db14f04baa4d0eaedcba41c44bd8
tcn,electrode,29,ma_n20001_call_electrode_s20,phase2/results/predictions/full/electrode/tcn/seed_29/ma_n20001_call_electrode_s20.npz,76315,f832fb6923674d3092fd40f9d350e91b27e9c93c705961babb8456568d776f0c
tcn,electrode,29,ma_n20001_call_electrode_s10,phase2/results/predictions/full/electrode/tcn/seed_29/ma_n20001_call_electrode_s10.npz,76303,dc7a4efc3f05dd77539666032037972778e73195f64ced8ebb158264e087127a
tcn,electrode,29,ma_n20001_call_electrode_s0,phase2/results/predictions/full/electrode/tcn/seed_29/ma_n20001_call_electrode_s0.npz,76032,6b2200f48b954591dbc5452a9881bfeef270ca8bd0ca9cd2c393acaad0ef44a4
tcn,electrode,29,ma_n20001_call_covariance_s20,phase2/results/predictions/full/electrode/tcn/seed_29/ma_n20001_call_covariance_s20.npz,76324,465347a71dd96440d9e68effaa6942c2752d871c1aa48679725e24ed0f92175d
tcn,electrode,29,ma_n20001_call_covariance_s10,phase2/results/predictions/full/electrode/tcn/seed_29/ma_n20001_call_covariance_s10.npz,76304,c25c760a9722218ff80afa21d3f62e6030239f25c3e6de3a98395f2a988375d2
tcn,electrode,29,ma_n20001_call_covariance_s0,phase2/results/predictions/full/electrode/tcn/seed_29/ma_n20001_call_covariance_s0.npz,76043,9e9ca7409c19699fcb70a2548ce58be6daad5ce3049103bdcb70dc13b41cdc09
tcn,electrode,29,ma_n20002_call_independent_rms_s20,phase2/results/predictions/full/electrode/tcn/seed_29/ma_n20002_call_independent_rms_s20.npz,76329,4ca02569c16212a27bfd9e63342502e817d6c20e9025f6322beca1c0ad86da50
tcn,electrode,29,ma_n20002_call_independent_rms_s10,phase2/results/predictions/full/electrode/tcn/seed_29/ma_n20002_call_independent_rms_s10.npz,76291,43f9e8221caa5016a9ac51975ae922dd8071d1646810ffa629b3b3cdebe8d3dd
tcn,electrode,29,ma_n20002_call_independent_rms_s0,phase2/results/predictions/full/electrode/tcn/seed_29/ma_n20002_call_independent_rms_s0.npz,76067,f8289ff7fd26f3f0768b042b16e6ee16d2a3174645b4c11aabcc76af247c0ce5
tcn,electrode,29,ma_n20002_call_electrode_s20,phase2/results/predictions/full/electrode/tcn/seed_29/ma_n20002_call_electrode_s20.npz,76354,fd53fab6d1ac306252de43fc05faa1452583a38d5a2473b46abb15ffe56c74fe
tcn,electrode,29,ma_n20002_call_electrode_s10,phase2/results/predictions/full/electrode/tcn/seed_29/ma_n20002_call_electrode_s10.npz,76318,04571133087f935fe9950cc17212e736d77eda2493e0654dd66e08affadc54ec
tcn,electrode,29,ma_n20002_call_electrode_s0,phase2/results/predictions/full/electrode/tcn/seed_29/ma_n20002_call_electrode_s0.npz,76038,2e12c6f64e1a9f707ae5dc62f0752d8c8fc03a252174d11980a1fb01b52ee2db
tcn,electrode,29,ma_n20002_call_covariance_s20,phase2/results/predictions/full/electrode/tcn/seed_29/ma_n20002_call_covariance_s20.npz,76347,e6e6259a52d1fe4b10f87ea207269542ccf3d8dd5aa3a0689a335ae6ab123a23
tcn,electrode,29,ma_n20002_call_covariance_s10,phase2/results/predictions/full/electrode/tcn/seed_29/ma_n20002_call_covariance_s10.npz,76287,692fe7910ee6450b41a6b199072d5c4d2715b799b1e7c1620140a17711bb9b74
tcn,electrode,29,ma_n20002_call_covariance_s0,phase2/results/predictions/full/electrode/tcn/seed_29/ma_n20002_call_covariance_s0.npz,76030,0eb3db84f95bae82ca9304213996fdc83c71b2f9351f59cbeeea9a58e26dcc81
tcn,electrode,29,ma_n20003_call_independent_rms_s20,phase2/results/predictions/full/electrode/tcn/seed_29/ma_n20003_call_independent_rms_s20.npz,76329,7f92249664570f1bb60fa4e478b7d0bd84be8ea0b055b093d09f3739d5f43130
tcn,electrode,29,ma_n20003_call_independent_rms_s10,phase2/results/predictions/full/electrode/tcn/seed_29/ma_n20003_call_independent_rms_s10.npz,76356,e94075e56dfaf7a900e65d4b68be5a568c5cc93c11a5a1d42c307cc61c4e37f3
tcn,electrode,29,ma_n20003_call_independent_rms_s0,phase2/results/predictions/full/electrode/tcn/seed_29/ma_n20003_call_independent_rms_s0.npz,76030,dd4f08712fe46604a89ada0933e1750214ffcaa2b550decb8b7b9acaffbc45a9
tcn,electrode,29,ma_n20003_call_electrode_s20,phase2/results/predictions/full/electrode/tcn/seed_29/ma_n20003_call_electrode_s20.npz,76345,8677cf1242c2dd4f0ae5d56dae3f3596eb115e5209129f50be3788a4d97c5007
tcn,electrode,29,ma_n20003_call_electrode_s10,phase2/results/predictions/full/electrode/tcn/seed_29/ma_n20003_call_electrode_s10.npz,76266,7ab9c61bf5a5fd583744f6cd5afd962fb57a210aae4db8f2c9659401109f190e
tcn,electrode,29,ma_n20003_call_electrode_s0,phase2/results/predictions/full/electrode/tcn/seed_29/ma_n20003_call_electrode_s0.npz,76032,1000bedae46775e79e5c97996eb44ec68fbd8f3aa3d1c6f84cb2789f0f19d4aa
tcn,electrode,29,ma_n20003_call_covariance_s20,phase2/results/predictions/full/electrode/tcn/seed_29/ma_n20003_call_covariance_s20.npz,76346,14f81f20e7c9587dedd35426634a2b2a77e5d098b2cf5aaac7368435c24047d5
tcn,electrode,29,ma_n20003_call_covariance_s10,phase2/results/predictions/full/electrode/tcn/seed_29/ma_n20003_call_covariance_s10.npz,76289,15cc1342de54612d06167d517bac193f34a0f0e9ab47b9fc4d1721e352fdbb0a
tcn,electrode,29,ma_n20003_call_covariance_s0,phase2/results/predictions/full/electrode/tcn/seed_29/ma_n20003_call_covariance_s0.npz,76040,88b8c8c00a5a9405907548ad6ef6c96cef64e5869f195f8ac938993f68630775
tcn,electrode,29,ma_n20004_call_independent_rms_s20,phase2/results/predictions/full/electrode/tcn/seed_29/ma_n20004_call_independent_rms_s20.npz,76353,0d4668db01986ee6ea25d890f845b9e323b19d0cfbd8165074f02f7fc24b3647
tcn,electrode,29,ma_n20004_call_independent_rms_s10,phase2/results/predictions/full/electrode/tcn/seed_29/ma_n20004_call_independent_rms_s10.npz,76327,21edfdd8717322cbf6a399765f07ef43db17c4520a277fa38bbe00afb1e03e2b
tcn,electrode,29,ma_n20004_call_independent_rms_s0,phase2/results/predictions/full/electrode/tcn/seed_29/ma_n20004_call_independent_rms_s0.npz,76075,c734e662298ee6f92ba3985a69458e4e27735bc9776cccb6ee78d81e554ce29b
tcn,electrode,29,ma_n20004_call_electrode_s20,phase2/results/predictions/full/electrode/tcn/seed_29/ma_n20004_call_electrode_s20.npz,76328,644d19ac2b4f2f2c83f67b2ef9362497e1969bc043254d7232c1acae55355a45
tcn,electrode,29,ma_n20004_call_electrode_s10,phase2/results/predictions/full/electrode/tcn/seed_29/ma_n20004_call_electrode_s10.npz,76282,2bdf562f292b69e9643655804026463d374b61da11afac0153a2f8436829961e
tcn,electrode,29,ma_n20004_call_electrode_s0,phase2/results/predictions/full/electrode/tcn/seed_29/ma_n20004_call_electrode_s0.npz,76001,cd0e181a5759350a4a8121b7812cd7c87ffd01c9f761de9d68616669942bdcdd
tcn,electrode,29,ma_n20004_call_covariance_s20,phase2/results/predictions/full/electrode/tcn/seed_29/ma_n20004_call_covariance_s20.npz,76338,6356284d180f931a1b453025d2b2f26144ccd546078e903ff057df923a2579fc
tcn,electrode,29,ma_n20004_call_covariance_s10,phase2/results/predictions/full/electrode/tcn/seed_29/ma_n20004_call_covariance_s10.npz,76254,99627341a86781192c7abffd6ce5bf6fac93299c88282b9d02f88fa2e7b814dd
tcn,electrode,29,ma_n20004_call_covariance_s0,phase2/results/predictions/full/electrode/tcn/seed_29/ma_n20004_call_covariance_s0.npz,76028,32d0dd384818ef97dd3619c570b087f2e48a9d19c4a51db87e74be5c920ece0b
tcn,electrode,29,ma_n20005_call_independent_rms_s20,phase2/results/predictions/full/electrode/tcn/seed_29/ma_n20005_call_independent_rms_s20.npz,76366,a086cec9783bd05400af95328e2ee4a97248280c1343321b9df00946ad74f582
tcn,electrode,29,ma_n20005_call_independent_rms_s10,phase2/results/predictions/full/electrode/tcn/seed_29/ma_n20005_call_independent_rms_s10.npz,76310,4d62ad47fa350737d36b66472e2af0bd37848642ed4301a10961ea49c191e2d4
tcn,electrode,29,ma_n20005_call_independent_rms_s0,phase2/results/predictions/full/electrode/tcn/seed_29/ma_n20005_call_independent_rms_s0.npz,76086,edd20212c98d7854930e41f7ff682cc5ee23c74aa00306e7119f3567e9d5a21f
tcn,electrode,29,ma_n20005_call_electrode_s20,phase2/results/predictions/full/electrode/tcn/seed_29/ma_n20005_call_electrode_s20.npz,76324,d8281ca8d64a70d89cccdfd2905bbcc26f460c2a76f5b2377d3018be9c09cc67
tcn,electrode,29,ma_n20005_call_electrode_s10,phase2/results/predictions/full/electrode/tcn/seed_29/ma_n20005_call_electrode_s10.npz,76283,d01955c42ef4700fb40e29e85fd545377ec68a3f556e5ac7d08142739db5597f
tcn,electrode,29,ma_n20005_call_electrode_s0,phase2/results/predictions/full/electrode/tcn/seed_29/ma_n20005_call_electrode_s0.npz,76018,439734ba4131ba58adf489096f25309878a176e93712f2801316aad5d8f34b4b
tcn,electrode,29,ma_n20005_call_covariance_s20,phase2/results/predictions/full/electrode/tcn/seed_29/ma_n20005_call_covariance_s20.npz,76341,60d963ebc9e017f1cec37d39860e1cce554ec1f5eaf27eefa25af6836f0bb920
tcn,electrode,29,ma_n20005_call_covariance_s10,phase2/results/predictions/full/electrode/tcn/seed_29/ma_n20005_call_covariance_s10.npz,76288,c23f0dcfa9a862db260028946042b703824b0826a98bcb65bfc78c41d234e301
tcn,electrode,29,ma_n20005_call_covariance_s0,phase2/results/predictions/full/electrode/tcn/seed_29/ma_n20005_call_covariance_s0.npz,76043,72b1457bbf34bf31dc62647ff0cc3f8acf267fcdfecac3f7bcd8ad522cf93593
tcn,electrode,29,em_n20001_call_independent_rms_s20,phase2/results/predictions/full/electrode/tcn/seed_29/em_n20001_call_independent_rms_s20.npz,76331,90807cff56e9876a2b043bb3446e47669d96c32f63266be59514a0a34db3895b
tcn,electrode,29,em_n20001_call_independent_rms_s10,phase2/results/predictions/full/electrode/tcn/seed_29/em_n20001_call_independent_rms_s10.npz,76335,4b31b083b99ac95203378a5e0a144413b09fbbc68e5e3c0a59772c68931b47a2
tcn,electrode,29,em_n20001_call_independent_rms_s0,phase2/results/predictions/full/electrode/tcn/seed_29/em_n20001_call_independent_rms_s0.npz,76020,f1b5d469020b802c707ae866b7f7d99b114fedef032f33e76d41d096d7bd5633
tcn,electrode,29,em_n20001_call_electrode_s20,phase2/results/predictions/full/electrode/tcn/seed_29/em_n20001_call_electrode_s20.npz,76340,10481c5b957c35e21a61443b46a8c055864ae37b83216c908b0d8a173d2c60d2
tcn,electrode,29,em_n20001_call_electrode_s10,phase2/results/predictions/full/electrode/tcn/seed_29/em_n20001_call_electrode_s10.npz,76258,fcfaae7f0eb52f8b380af4da9d1ca8e37efabf5989b8eaf9399e18c4101c5a94
tcn,electrode,29,em_n20001_call_electrode_s0,phase2/results/predictions/full/electrode/tcn/seed_29/em_n20001_call_electrode_s0.npz,75858,da6c1cf24d253b512f8ca3e5ab4b9c0429dac9971facf72369a0f45840d9302e
tcn,electrode,29,em_n20001_call_covariance_s20,phase2/results/predictions/full/electrode/tcn/seed_29/em_n20001_call_covariance_s20.npz,76343,acee600cb807f773503d311b8682e06b6bd4b263d46d22df8c441ab7e7b9b7c6
tcn,electrode,29,em_n20001_call_covariance_s10,phase2/results/predictions/full/electrode/tcn/seed_29/em_n20001_call_covariance_s10.npz,76243,15904af4857ad67d17ab2236bf2242f11ec927e71bf68dedd8031b8a1c6c7358
tcn,electrode,29,em_n20001_call_covariance_s0,phase2/results/predictions/full/electrode/tcn/seed_29/em_n20001_call_covariance_s0.npz,75864,2da9b7149d11ad95660eb4a981496447dc53db4abba9826a140ba752f2d9291b
tcn,electrode,29,em_n20002_call_independent_rms_s20,phase2/results/predictions/full/electrode/tcn/seed_29/em_n20002_call_independent_rms_s20.npz,76329,3d370d554f28164447e324d1ae298b23f4fbd831a80916d34f8bea89701bca92
tcn,electrode,29,em_n20002_call_independent_rms_s10,phase2/results/predictions/full/electrode/tcn/seed_29/em_n20002_call_independent_rms_s10.npz,76325,e961291fed3ecb7b06c513b5e80c90310c92438628f08fe49017c31d21dcb341
tcn,electrode,29,em_n20002_call_independent_rms_s0,phase2/results/predictions/full/electrode/tcn/seed_29/em_n20002_call_independent_rms_s0.npz,76054,2c7dd14af904d838095ed6628553591af668452f6c802612b7b8298ebd3340bd
tcn,electrode,29,em_n20002_call_electrode_s20,phase2/results/predictions/full/electrode/tcn/seed_29/em_n20002_call_electrode_s20.npz,76332,28c1332d714e53bcb61b508f12d9feae2a3a1e0743af4ada091032f15a1efb85
tcn,electrode,29,em_n20002_call_electrode_s10,phase2/results/predictions/full/electrode/tcn/seed_29/em_n20002_call_electrode_s10.npz,76231,68c8c6a4c43645fe56b79f1d578cb2bfdd3005c3591a568c52735a2df10e5da0
tcn,electrode,29,em_n20002_call_electrode_s0,phase2/results/predictions/full/electrode/tcn/seed_29/em_n20002_call_electrode_s0.npz,75883,2efebc2d34d3942fc1bae749a577d272321ad730aec07850969c954930080053
tcn,electrode,29,em_n20002_call_covariance_s20,phase2/results/predictions/full/electrode/tcn/seed_29/em_n20002_call_covariance_s20.npz,76304,e1421a46e3025446a0d882e9a840b4c1a7ccbd33b2b9e1b5627c11509f94e6ea
tcn,electrode,29,em_n20002_call_covariance_s10,phase2/results/predictions/full/electrode/tcn/seed_29/em_n20002_call_covariance_s10.npz,76249,39d6a45d98fb2db57395e1ea40990084e1fde4f525bba27c7128aaf8918221a4
tcn,electrode,29,em_n20002_call_covariance_s0,phase2/results/predictions/full/electrode/tcn/seed_29/em_n20002_call_covariance_s0.npz,75857,eab61e8a6eb89f6900abbce6b14c7edc6fb28001679bebb74e16ec10603c6ea2
tcn,electrode,29,em_n20003_call_independent_rms_s20,phase2/results/predictions/full/electrode/tcn/seed_29/em_n20003_call_independent_rms_s20.npz,76367,c615b56bcbe2e3386b16b7015270f9c13dc82f118f076a0cf255462cdf52fc2e
tcn,electrode,29,em_n20003_call_independent_rms_s10,phase2/results/predictions/full/electrode/tcn/seed_29/em_n20003_call_independent_rms_s10.npz,76320,0c08d763c2be625db81689ee746b8a22613df92f9bef1829c656552910e6228e
tcn,electrode,29,em_n20003_call_independent_rms_s0,phase2/results/predictions/full/electrode/tcn/seed_29/em_n20003_call_independent_rms_s0.npz,76020,4416d52b46b53bde38de6903f221a5f3be71960ada0da23f6fe585caf4121237
tcn,electrode,29,em_n20003_call_electrode_s20,phase2/results/predictions/full/electrode/tcn/seed_29/em_n20003_call_electrode_s20.npz,76325,122ca94dc86af1ac2ac2d8e2e5910ecfda293c88b61f1975d0dc4361a1d8a58e
tcn,electrode,29,em_n20003_call_electrode_s10,phase2/results/predictions/full/electrode/tcn/seed_29/em_n20003_call_electrode_s10.npz,76282,bd52ff1aeac288f659931f75768d8fa58c0207693c56dd022a33200deb8ed0a7
tcn,electrode,29,em_n20003_call_electrode_s0,phase2/results/predictions/full/electrode/tcn/seed_29/em_n20003_call_electrode_s0.npz,75871,5b9306d82d7ed581fba016e36972f8823a56292df3477422ba495abc5a95bf9a
tcn,electrode,29,em_n20003_call_covariance_s20,phase2/results/predictions/full/electrode/tcn/seed_29/em_n20003_call_covariance_s20.npz,76322,705509e58652c85c7cb59c7c9e7e5e4c385c92b007e855007d1f42db6ee61fbc
tcn,electrode,29,em_n20003_call_covariance_s10,phase2/results/predictions/full/electrode/tcn/seed_29/em_n20003_call_covariance_s10.npz,76267,857940c00c4a58046872a937aa02c6a6ddbffb088d0471778cdace47466ae494
tcn,electrode,29,em_n20003_call_covariance_s0,phase2/results/predictions/full/electrode/tcn/seed_29/em_n20003_call_covariance_s0.npz,75868,f2afec98407e6f1d66d0b65e67d17c9feaf83eca278d636cb2ba848f4808b153
tcn,electrode,29,em_n20004_call_independent_rms_s20,phase2/results/predictions/full/electrode/tcn/seed_29/em_n20004_call_independent_rms_s20.npz,76368,90edcf0f025cb8bc5c5caf3f492e8e37724041306a76b7c78cc1129799b5bb4c
tcn,electrode,29,em_n20004_call_independent_rms_s10,phase2/results/predictions/full/electrode/tcn/seed_29/em_n20004_call_independent_rms_s10.npz,76298,bb5432bbb6ee316547a01e9cac81a24da5802b43650611fd78b29972a4faca2c
tcn,electrode,29,em_n20004_call_independent_rms_s0,phase2/results/predictions/full/electrode/tcn/seed_29/em_n20004_call_independent_rms_s0.npz,75999,ea86e5bd2fd783ecdd2bec7be55c8f767ad8362a2b6d48132cea0b22ccc2ba13
tcn,electrode,29,em_n20004_call_electrode_s20,phase2/results/predictions/full/electrode/tcn/seed_29/em_n20004_call_electrode_s20.npz,76339,a9141be54243d66b710534c2e272a85ff6697ddc558ba8f4095fab3d33ff2b2e
tcn,electrode,29,em_n20004_call_electrode_s10,phase2/results/predictions/full/electrode/tcn/seed_29/em_n20004_call_electrode_s10.npz,76270,ad93e76fa36e21c8eb280c4de44c56834f920ff71032922d84e0a0740ee1af39
tcn,electrode,29,em_n20004_call_electrode_s0,phase2/results/predictions/full/electrode/tcn/seed_29/em_n20004_call_electrode_s0.npz,75913,728f0125d034fa9856fb018dc3e7c5be3e1637f83ea8dfe6581d717e9031f927
tcn,electrode,29,em_n20004_call_covariance_s20,phase2/results/predictions/full/electrode/tcn/seed_29/em_n20004_call_covariance_s20.npz,76310,29ddd204af75f0507cc48dd85c837a155a998659829bc5ea890ee17125b19437
tcn,electrode,29,em_n20004_call_covariance_s10,phase2/results/predictions/full/electrode/tcn/seed_29/em_n20004_call_covariance_s10.npz,76242,f8a584f1f164ee6ea00d1be1cda672013b389595b2c13a38499c0f306aca1e6d
tcn,electrode,29,em_n20004_call_covariance_s0,phase2/results/predictions/full/electrode/tcn/seed_29/em_n20004_call_covariance_s0.npz,75876,c7c51cf1a2aa873506431605baddb0ac27bd7117eb1bbf8dc4ba4f988a8c4404
tcn,electrode,29,em_n20005_call_independent_rms_s20,phase2/results/predictions/full/electrode/tcn/seed_29/em_n20005_call_independent_rms_s20.npz,76348,95562a9020f855690e6f2b70374e9b81ac4b31c42d4a624b66c1ac404d662781
tcn,electrode,29,em_n20005_call_independent_rms_s10,phase2/results/predictions/full/electrode/tcn/seed_29/em_n20005_call_independent_rms_s10.npz,76328,e8cce4ca0f8c7dc498b25496e75aea44b1f537973786da3b68a76a35c823dafe
tcn,electrode,29,em_n20005_call_independent_rms_s0,phase2/results/predictions/full/electrode/tcn/seed_29/em_n20005_call_independent_rms_s0.npz,76003,20ace9cb269dc1446b77f6b5eb7ff252332311e53ef2da17f056deb2c603296f
tcn,electrode,29,em_n20005_call_electrode_s20,phase2/results/predictions/full/electrode/tcn/seed_29/em_n20005_call_electrode_s20.npz,76336,e6d625ba7613abdcb2e24ae316b7c37385f9371b26ddfd8476bda3dbe17232c0
tcn,electrode,29,em_n20005_call_electrode_s10,phase2/results/predictions/full/electrode/tcn/seed_29/em_n20005_call_electrode_s10.npz,76248,089f267a74df989305ee0b0936ce4e3621b30c1b30854e38acba8993bdde2661
tcn,electrode,29,em_n20005_call_electrode_s0,phase2/results/predictions/full/electrode/tcn/seed_29/em_n20005_call_electrode_s0.npz,75872,3bd5ccb79c07635cfac84040e12f1c7003539fe7fb12487f03d217c99aa13acb
tcn,electrode,29,em_n20005_call_covariance_s20,phase2/results/predictions/full/electrode/tcn/seed_29/em_n20005_call_covariance_s20.npz,76327,3ec2bc09c070e315b910c8ac5b828e09af765043674c1b06bbd387ca24c3208a
tcn,electrode,29,em_n20005_call_covariance_s10,phase2/results/predictions/full/electrode/tcn/seed_29/em_n20005_call_covariance_s10.npz,76229,1e4a5e1e57659b4dfd49b1108c7ef608c8c9e368dbd4877560da588712b7e328
tcn,electrode,29,em_n20005_call_covariance_s0,phase2/results/predictions/full/electrode/tcn/seed_29/em_n20005_call_covariance_s0.npz,75886,ea7a402cf21caa69c3d94046565c099395a6e986e452540e757513c5bcff7069
tcn,mixed,29,clean,phase2/results/predictions/full/mixed/tcn/seed_29/clean.npz,76319,736d915d0081323d89ac9361f47c4d839622ec24c1466e0a8a06c17ce410f2ce
tcn,mixed,29,bandpass_n20001_cRA_LA_LL_independent_rms_s20,phase2/results/predictions/full/mixed/tcn/seed_29/bandpass_n20001_cRA_LA_LL_independent_rms_s20.npz,76408,332a907a1246b4e8098467499ce0d396ed72f8b90f3776ea3eced255146b5b0d
tcn,mixed,29,bandpass_n20001_cRA_LA_LL_independent_rms_s15,phase2/results/predictions/full/mixed/tcn/seed_29/bandpass_n20001_cRA_LA_LL_independent_rms_s15.npz,76367,dda3495f3c253751a7ca6f4bf7624264c6ba55e1449319f560cfda64c6fbfb64
tcn,mixed,29,bandpass_n20001_cRA_LA_LL_independent_rms_s10,phase2/results/predictions/full/mixed/tcn/seed_29/bandpass_n20001_cRA_LA_LL_independent_rms_s10.npz,76360,ad8ec6399c70de0d4ad1a3e362123e640f6e88f2f302fa611c6a601fc21b1f57
tcn,mixed,29,bandpass_n20001_cRA_LA_LL_independent_rms_s5,phase2/results/predictions/full/mixed/tcn/seed_29/bandpass_n20001_cRA_LA_LL_independent_rms_s5.npz,76250,953057f8d31d8ca79c1bd3d54ab2a821d96b058a60aaa0af40b32f7a68c5188a
tcn,mixed,29,bandpass_n20001_cRA_LA_LL_independent_rms_s0,phase2/results/predictions/full/mixed/tcn/seed_29/bandpass_n20001_cRA_LA_LL_independent_rms_s0.npz,75940,6271189565e8245852d65c903720b1d66cf90bd6bc96bcca61cf4981265011a5
tcn,mixed,29,bandpass_n20001_cRA_LA_LL_electrode_s20,phase2/results/predictions/full/mixed/tcn/seed_29/bandpass_n20001_cRA_LA_LL_electrode_s20.npz,76357,e8be145e573ccf7085425e1757c214028d269915adbd71a89e21d140487a7317
tcn,mixed,29,bandpass_n20001_cRA_LA_LL_electrode_s15,phase2/results/predictions/full/mixed/tcn/seed_29/bandpass_n20001_cRA_LA_LL_electrode_s15.npz,76341,dcb15e291b48a6ccc564ee61f863d157a23d751554fdc61c25598fb5e487602e
tcn,mixed,29,bandpass_n20001_cRA_LA_LL_electrode_s10,phase2/results/predictions/full/mixed/tcn/seed_29/bandpass_n20001_cRA_LA_LL_electrode_s10.npz,76267,77a5b56d13a6ab59ddae3c5e3bf7047ae615cc858eb4bc7712f4be70a48fb98b
tcn,mixed,29,bandpass_n20001_cRA_LA_LL_electrode_s5,phase2/results/predictions/full/mixed/tcn/seed_29/bandpass_n20001_cRA_LA_LL_electrode_s5.npz,76116,06b5bb18d0dc175198f412a1196379590f6f74a7e0d3801335421b4c703abc99
tcn,mixed,29,bandpass_n20001_cRA_LA_LL_electrode_s0,phase2/results/predictions/full/mixed/tcn/seed_29/bandpass_n20001_cRA_LA_LL_electrode_s0.npz,75631,1d2d2381e3c0aa55465dda37f351d49ecbb989f8534e7445cb72953ddddf114d
tcn,mixed,29,bandpass_n20001_cRA_LA_LL_covariance_s20,phase2/results/predictions/full/mixed/tcn/seed_29/bandpass_n20001_cRA_LA_LL_covariance_s20.npz,76369,887f3b0b5d058a25358cac4f99db77afaa6ab5cc0153cd2de842e31206d93eeb
tcn,mixed,29,bandpass_n20001_cRA_LA_LL_covariance_s15,phase2/results/predictions/full/mixed/tcn/seed_29/bandpass_n20001_cRA_LA_LL_covariance_s15.npz,76366,41e93a74d3af4a5527582a292ffbdb8d58f17f4704f555e6eb14c4af9fce4f16
tcn,mixed,29,bandpass_n20001_cRA_LA_LL_covariance_s10,phase2/results/predictions/full/mixed/tcn/seed_29/bandpass_n20001_cRA_LA_LL_covariance_s10.npz,76301,b258927ebebce0a52089a1dcbec183839fa772d720e9ea0a7f005851c5d0e019
tcn,mixed,29,bandpass_n20001_cRA_LA_LL_covariance_s5,phase2/results/predictions/full/mixed/tcn/seed_29/bandpass_n20001_cRA_LA_LL_covariance_s5.npz,76127,1d3fc95faca5c0d99e23929471ae7fb1eb85e3b5ccfa29ec51b07f97565990f5
tcn,mixed,29,bandpass_n20001_cRA_LA_LL_covariance_s0,phase2/results/predictions/full/mixed/tcn/seed_29/bandpass_n20001_cRA_LA_LL_covariance_s0.npz,75648,7da7fccc06d2d3ab5bd038df46e5e736457d1aefc4ccba79e55c49118bbcb70a
tcn,mixed,29,bandpass_n20001_cV1_independent_rms_s20,phase2/results/predictions/full/mixed/tcn/seed_29/bandpass_n20001_cV1_independent_rms_s20.npz,76366,ccbcaeebb2f396c4c4038091004e099aa7791f35598896f35432718287cf817f
tcn,mixed,29,bandpass_n20001_cV1_independent_rms_s15,phase2/results/predictions/full/mixed/tcn/seed_29/bandpass_n20001_cV1_independent_rms_s15.npz,76351,703ed0b6dc81819ae8c43213312e862d2722da988a145fecbf187cc8dae78e96
tcn,mixed,29,bandpass_n20001_cV1_independent_rms_s10,phase2/results/predictions/full/mixed/tcn/seed_29/bandpass_n20001_cV1_independent_rms_s10.npz,76267,c972f1b3841d798ff5857b01ce67bf1ae114ecd22682939fd6290ce99085c433
tcn,mixed,29,bandpass_n20001_cV1_independent_rms_s5,phase2/results/predictions/full/mixed/tcn/seed_29/bandpass_n20001_cV1_independent_rms_s5.npz,76171,26971173c62395b754856328741ad5ccf0cc69c40b2fe0b0255e7bd21bbf46f5
tcn,mixed,29,bandpass_n20001_cV1_independent_rms_s0,phase2/results/predictions/full/mixed/tcn/seed_29/bandpass_n20001_cV1_independent_rms_s0.npz,75822,f8534266ab4c9986048de1cf46361d47a8b3092932349ba565cd11a6f4571f8c
tcn,mixed,29,bandpass_n20001_cV1_electrode_s20,phase2/results/predictions/full/mixed/tcn/seed_29/bandpass_n20001_cV1_electrode_s20.npz,76361,0c896dc5a3bbc56ee3731c264b354974e3d704f78c228fc4ce83c6fcfc670681
tcn,mixed,29,bandpass_n20001_cV1_electrode_s15,phase2/results/predictions/full/mixed/tcn/seed_29/bandpass_n20001_cV1_electrode_s15.npz,76334,da01be243fb8890fb513175ef9aac15644eb7d917da595eac1db07076d1dd20a
tcn,mixed,29,bandpass_n20001_cV1_electrode_s10,phase2/results/predictions/full/mixed/tcn/seed_29/bandpass_n20001_cV1_electrode_s10.npz,76266,8c5bb0476571917c37c862b77cf63e2a2be3633d93f2006c6ab065e856e19b32
tcn,mixed,29,bandpass_n20001_cV1_electrode_s5,phase2/results/predictions/full/mixed/tcn/seed_29/bandpass_n20001_cV1_electrode_s5.npz,76176,fe00dede5dd30694a641d2f37a1c9c94b7a79ccc585b6de86d181d7988e8cf4a
tcn,mixed,29,bandpass_n20001_cV1_electrode_s0,phase2/results/predictions/full/mixed/tcn/seed_29/bandpass_n20001_cV1_electrode_s0.npz,75858,a045ec1ed7193825fb3ad074e0ec60c9648c74f1ea87fe83460a6c7b5b12e15b
tcn,mixed,29,bandpass_n20001_cV1_covariance_s20,phase2/results/predictions/full/mixed/tcn/seed_29/bandpass_n20001_cV1_covariance_s20.npz,76336,c267dcec26f54fc4ebc0efc9208d3fe8d02af43c3e9f0cf304c2722ef62f21c4
tcn,mixed,29,bandpass_n20001_cV1_covariance_s15,phase2/results/predictions/full/mixed/tcn/seed_29/bandpass_n20001_cV1_covariance_s15.npz,76341,bd8b5ecf11eb8e2f68aad7d6cc70aa125da1e9b6649e6b12302af1aefc680a4d
tcn,mixed,29,bandpass_n20001_cV1_covariance_s10,phase2/results/predictions/full/mixed/tcn/seed_29/bandpass_n20001_cV1_covariance_s10.npz,76251,30e9fedc402a519a35432043a805dffc654d3f909928f4298f5b387e097ac4b3
tcn,mixed,29,bandpass_n20001_cV1_covariance_s5,phase2/results/predictions/full/mixed/tcn/seed_29/bandpass_n20001_cV1_covariance_s5.npz,76163,17e5b7844d12d890101ec171f2c8f69d1a6edb68c74adf8bc544e3a324e417d7
tcn,mixed,29,bandpass_n20001_cV1_covariance_s0,phase2/results/predictions/full/mixed/tcn/seed_29/bandpass_n20001_cV1_covariance_s0.npz,75831,ce7da7ae4c776979b5bfe75823949f02c5acd2c9c1e9e918b9000c2872c34dc4
tcn,mixed,29,bandpass_n20001_cV2_independent_rms_s20,phase2/results/predictions/full/mixed/tcn/seed_29/bandpass_n20001_cV2_independent_rms_s20.npz,76382,1b65f18a98ac206942b8f451f553cbc9a7030f65ef7ea82f23a674c643370f85
tcn,mixed,29,bandpass_n20001_cV2_independent_rms_s15,phase2/results/predictions/full/mixed/tcn/seed_29/bandpass_n20001_cV2_independent_rms_s15.npz,76370,91e9beafb0053a6b0f6f95bc880f6dad5951a557abbfeeac5507390ebe090488
tcn,mixed,29,bandpass_n20001_cV2_independent_rms_s10,phase2/results/predictions/full/mixed/tcn/seed_29/bandpass_n20001_cV2_independent_rms_s10.npz,76324,cffb0d7cba367be4f1fb5b64a1485742cc30edec3c8204e72dd33c04042f872a
tcn,mixed,29,bandpass_n20001_cV2_independent_rms_s5,phase2/results/predictions/full/mixed/tcn/seed_29/bandpass_n20001_cV2_independent_rms_s5.npz,76182,257e220fa7f9d21e97c4d26dfbe03ddf3996d0ba977fc4e1ab3f1ba231d2b89a
tcn,mixed,29,bandpass_n20001_cV2_independent_rms_s0,phase2/results/predictions/full/mixed/tcn/seed_29/bandpass_n20001_cV2_independent_rms_s0.npz,75920,2a1a4408ae9b5d70732faa89174f9f09d91f8940d016c4f08248147dbf99a88b
tcn,mixed,29,bandpass_n20001_cV2_electrode_s20,phase2/results/predictions/full/mixed/tcn/seed_29/bandpass_n20001_cV2_electrode_s20.npz,76348,febd92f9865321627700ddb854edc0e13d478909b84cabecd73cb5ac10f8d5da
tcn,mixed,29,bandpass_n20001_cV2_electrode_s15,phase2/results/predictions/full/mixed/tcn/seed_29/bandpass_n20001_cV2_electrode_s15.npz,76336,7aa5585f9baed83dd37cc8a45f9a7c8c4798036b6fa95e134e872b732c273595
tcn,mixed,29,bandpass_n20001_cV2_electrode_s10,phase2/results/predictions/full/mixed/tcn/seed_29/bandpass_n20001_cV2_electrode_s10.npz,76304,1a135906b87bcb074f8e56b1a2c5b459a7b77837e67a4607cd8d81e349429d09
tcn,mixed,29,bandpass_n20001_cV2_electrode_s5,phase2/results/predictions/full/mixed/tcn/seed_29/bandpass_n20001_cV2_electrode_s5.npz,76172,e57f7984c90079f6187667255eaf401998ee731a6c18b9a3ff7474bce909a616
tcn,mixed,29,bandpass_n20001_cV2_electrode_s0,phase2/results/predictions/full/mixed/tcn/seed_29/bandpass_n20001_cV2_electrode_s0.npz,75950,57aa4139fd6b028185707a8c6eacb9a5b5de6c583b3642d87d41e4e52bceaa0b
tcn,mixed,29,bandpass_n20001_cV2_covariance_s20,phase2/results/predictions/full/mixed/tcn/seed_29/bandpass_n20001_cV2_covariance_s20.npz,76335,3ddab6bbf7ab2ff255b087f68293712255e1c0fcfd05d25e31fc36114ee54b4b
tcn,mixed,29,bandpass_n20001_cV2_covariance_s15,phase2/results/predictions/full/mixed/tcn/seed_29/bandpass_n20001_cV2_covariance_s15.npz,76361,c9b0d70356e4bc68c94809410631fd5ea5ea59977137aec349d44e2f122a9d46
tcn,mixed,29,bandpass_n20001_cV2_covariance_s10,phase2/results/predictions/full/mixed/tcn/seed_29/bandpass_n20001_cV2_covariance_s10.npz,76301,c8a0920bef8deec09e319d43492e8cb4259371810b143cbbabde208099237510
tcn,mixed,29,bandpass_n20001_cV2_covariance_s5,phase2/results/predictions/full/mixed/tcn/seed_29/bandpass_n20001_cV2_covariance_s5.npz,76155,8b3825fc2c730c8a43ebccd41a9aefcc1f63dc025cf43ed4cf17f08d79e33477
tcn,mixed,29,bandpass_n20001_cV2_covariance_s0,phase2/results/predictions/full/mixed/tcn/seed_29/bandpass_n20001_cV2_covariance_s0.npz,75934,caf3344efb5040620ecc2e6e87842e90c520550934c9ac1f68216992cf9af08a
tcn,mixed,29,bandpass_n20001_cV3_independent_rms_s20,phase2/results/predictions/full/mixed/tcn/seed_29/bandpass_n20001_cV3_independent_rms_s20.npz,76394,6835c0c95f165c9724ec88fae0bf197836c9e6ca1b1a248486dcea9f7b60f9b3
tcn,mixed,29,bandpass_n20001_cV3_independent_rms_s15,phase2/results/predictions/full/mixed/tcn/seed_29/bandpass_n20001_cV3_independent_rms_s15.npz,76391,2269cc3d0a9ee3fdefcdf6b853147424b87002f1ff6706249b199ac4dea94ea3
tcn,mixed,29,bandpass_n20001_cV3_independent_rms_s10,phase2/results/predictions/full/mixed/tcn/seed_29/bandpass_n20001_cV3_independent_rms_s10.npz,76371,f40d292e88fa6f5a397957d1f5938fac935bc7c427d1b9cbbac6ecb19f0d89e3
tcn,mixed,29,bandpass_n20001_cV3_independent_rms_s5,phase2/results/predictions/full/mixed/tcn/seed_29/bandpass_n20001_cV3_independent_rms_s5.npz,76345,88d0c192400931929e82a429c197416b8a3e35750333aa8b0f718c36c8f3e8ac
tcn,mixed,29,bandpass_n20001_cV3_independent_rms_s0,phase2/results/predictions/full/mixed/tcn/seed_29/bandpass_n20001_cV3_independent_rms_s0.npz,76248,556a49d1edfa0f6238816fed4c37c82f451ecaf90d5a989e5f071793473dd8ce
tcn,mixed,29,bandpass_n20001_cV3_electrode_s20,phase2/results/predictions/full/mixed/tcn/seed_29/bandpass_n20001_cV3_electrode_s20.npz,76370,9a7ff58af2d68609c58d7f4cdd00363d2cd6e7cebce438c207d3c2f5347af414
tcn,mixed,29,bandpass_n20001_cV3_electrode_s15,phase2/results/predictions/full/mixed/tcn/seed_29/bandpass_n20001_cV3_electrode_s15.npz,76349,52daf4d3fc4753758b70e40b13949d0c38df44882e1617f210cef0c83ad223e5
tcn,mixed,29,bandpass_n20001_cV3_electrode_s10,phase2/results/predictions/full/mixed/tcn/seed_29/bandpass_n20001_cV3_electrode_s10.npz,76370,fbdea7a6841b8bb1436116d3b718ea0997b842ac563cf29e7342c562532b3ca7
tcn,mixed,29,bandpass_n20001_cV3_electrode_s5,phase2/results/predictions/full/mixed/tcn/seed_29/bandpass_n20001_cV3_electrode_s5.npz,76323,7af03dbd4445ba419a922253a22b238064963d25d396368208c4a843d1f193bd
tcn,mixed,29,bandpass_n20001_cV3_electrode_s0,phase2/results/predictions/full/mixed/tcn/seed_29/bandpass_n20001_cV3_electrode_s0.npz,76217,39551133ed94efff4eb329d24ff1c5e8e94f5a5d3e7e64f4fe0547119d6202bb
tcn,mixed,29,bandpass_n20001_cV3_covariance_s20,phase2/results/predictions/full/mixed/tcn/seed_29/bandpass_n20001_cV3_covariance_s20.npz,76372,15d4f4a5144c3996eec13b9489848262daf876a8c54ffb1adcd84337d0df5de8
tcn,mixed,29,bandpass_n20001_cV3_covariance_s15,phase2/results/predictions/full/mixed/tcn/seed_29/bandpass_n20001_cV3_covariance_s15.npz,76364,c0409a41cffcf384e682ffc9ac3f7f39551628b72024977899ee3840d9919669
tcn,mixed,29,bandpass_n20001_cV3_covariance_s10,phase2/results/predictions/full/mixed/tcn/seed_29/bandpass_n20001_cV3_covariance_s10.npz,76322,6fb7485d526c53752f91b7fc8e13ddbd656b23dc83f77969f6f16fe5be45a14d
tcn,mixed,29,bandpass_n20001_cV3_covariance_s5,phase2/results/predictions/full/mixed/tcn/seed_29/bandpass_n20001_cV3_covariance_s5.npz,76294,fcde67b93d0b27b53d053d50a7f1d666041388f9c401dea48952ad65a6f7483e
tcn,mixed,29,bandpass_n20001_cV3_covariance_s0,phase2/results/predictions/full/mixed/tcn/seed_29/bandpass_n20001_cV3_covariance_s0.npz,76196,7c4fc9f7f3a244333fcc5dad197df63f5abe8de1a1939d8723a47492a3970512
tcn,mixed,29,bandpass_n20001_cV4_independent_rms_s20,phase2/results/predictions/full/mixed/tcn/seed_29/bandpass_n20001_cV4_independent_rms_s20.npz,76390,f1fda0f0e1e51cb4890eec8a2fa004833cba75f6a3df4b4c314ca7b6a8271ce9
tcn,mixed,29,bandpass_n20001_cV4_independent_rms_s15,phase2/results/predictions/full/mixed/tcn/seed_29/bandpass_n20001_cV4_independent_rms_s15.npz,76368,28fbc979dc76e2ac226df892dee7ad3df30839d748dc230936f58c5029497a63
tcn,mixed,29,bandpass_n20001_cV4_independent_rms_s10,phase2/results/predictions/full/mixed/tcn/seed_29/bandpass_n20001_cV4_independent_rms_s10.npz,76373,1e16fae328da3bcfaaefca04e571e2d12369b9ce0323ecc2df84b56eab5b6be8
tcn,mixed,29,bandpass_n20001_cV4_independent_rms_s5,phase2/results/predictions/full/mixed/tcn/seed_29/bandpass_n20001_cV4_independent_rms_s5.npz,76267,2df68c4f528fa95e8f3105819169b1c741a8b39c4f43f4bf1e894128bc548fe7
tcn,mixed,29,bandpass_n20001_cV4_independent_rms_s0,phase2/results/predictions/full/mixed/tcn/seed_29/bandpass_n20001_cV4_independent_rms_s0.npz,76114,ddff8051be2a7b0cddf4671dd8f94447264d44392b4f0d68c63ee9e6d5318bd3
tcn,mixed,29,bandpass_n20001_cV4_electrode_s20,phase2/results/predictions/full/mixed/tcn/seed_29/bandpass_n20001_cV4_electrode_s20.npz,76365,cb9bba99a0193995714f2bdab64e79aef92e99b5d5c412a5f8e09fb52c4b21f3
tcn,mixed,29,bandpass_n20001_cV4_electrode_s15,phase2/results/predictions/full/mixed/tcn/seed_29/bandpass_n20001_cV4_electrode_s15.npz,76346,6c5998c29eed417ae6b7906a60840a88a519874b99d91e51a23a5c58fa44cdc1
tcn,mixed,29,bandpass_n20001_cV4_electrode_s10,phase2/results/predictions/full/mixed/tcn/seed_29/bandpass_n20001_cV4_electrode_s10.npz,76334,3f984e746896f2991e1c32662c56376079b7b3a2dc57d5cbb8261c838280f6fc
tcn,mixed,29,bandpass_n20001_cV4_electrode_s5,phase2/results/predictions/full/mixed/tcn/seed_29/bandpass_n20001_cV4_electrode_s5.npz,76266,14cd32a9857a3264f172843518736c4194a4168c3a98faf1c80a98f421ebd55f
tcn,mixed,29,bandpass_n20001_cV4_electrode_s0,phase2/results/predictions/full/mixed/tcn/seed_29/bandpass_n20001_cV4_electrode_s0.npz,76108,5d7e8567d708f1fc09a8d7d0e552453df9aacc38217b5683e6af23779b9c5837
tcn,mixed,29,bandpass_n20001_cV4_covariance_s20,phase2/results/predictions/full/mixed/tcn/seed_29/bandpass_n20001_cV4_covariance_s20.npz,76360,cf02c5f7e8e111bcefa19dd21c216167ddaccd01c3a70d0b62b4be5c38cda0d4
tcn,mixed,29,bandpass_n20001_cV4_covariance_s15,phase2/results/predictions/full/mixed/tcn/seed_29/bandpass_n20001_cV4_covariance_s15.npz,76354,7cdd14b1a58aae5fa4d6be3691b17209a94eb606a92c98858fa7bbfeda589a27
tcn,mixed,29,bandpass_n20001_cV4_covariance_s10,phase2/results/predictions/full/mixed/tcn/seed_29/bandpass_n20001_cV4_covariance_s10.npz,76349,f9065f889e6dc18e920668a9d07109a45c8bca51cfeef967a0072af5cfaa524e
tcn,mixed,29,bandpass_n20001_cV4_covariance_s5,phase2/results/predictions/full/mixed/tcn/seed_29/bandpass_n20001_cV4_covariance_s5.npz,76254,9e4488920b76fac940e2874a5c116b5d81139bf89cc6e6fcb9847a2863aaf5cb
tcn,mixed,29,bandpass_n20001_cV4_covariance_s0,phase2/results/predictions/full/mixed/tcn/seed_29/bandpass_n20001_cV4_covariance_s0.npz,76098,3f53f6ff379763aa4cc08f0ed2757da22a0ff20819b5fc5eaa072595f1cfbf87
tcn,mixed,29,bandpass_n20001_cV5_independent_rms_s20,phase2/results/predictions/full/mixed/tcn/seed_29/bandpass_n20001_cV5_independent_rms_s20.npz,76394,c765f271e2e6784e7c07f9206bbc13549a7b626d8e221faa6ee99a8dbe084bd8
tcn,mixed,29,bandpass_n20001_cV5_independent_rms_s15,phase2/results/predictions/full/mixed/tcn/seed_29/bandpass_n20001_cV5_independent_rms_s15.npz,76372,004f45f01c6c6fe71d9b90c2f25dffe6dc2ea62e9b203df76969a2b5f51f3b6b
tcn,mixed,29,bandpass_n20001_cV5_independent_rms_s10,phase2/results/predictions/full/mixed/tcn/seed_29/bandpass_n20001_cV5_independent_rms_s10.npz,76329,14c12b63ba5c022fcca01753f4684a6095656f54df285a07cda1ef5c72e6a814
tcn,mixed,29,bandpass_n20001_cV5_independent_rms_s5,phase2/results/predictions/full/mixed/tcn/seed_29/bandpass_n20001_cV5_independent_rms_s5.npz,76293,e876c564b88e97cf14004cb9ca026446b09410c8f4fda577cd8565fc6f97a372
tcn,mixed,29,bandpass_n20001_cV5_independent_rms_s0,phase2/results/predictions/full/mixed/tcn/seed_29/bandpass_n20001_cV5_independent_rms_s0.npz,76045,b8ef7d9d99ba330fa344c209b3d0e83a323ab0b13e6676e77e25ba64330e67cf
tcn,mixed,29,bandpass_n20001_cV5_electrode_s20,phase2/results/predictions/full/mixed/tcn/seed_29/bandpass_n20001_cV5_electrode_s20.npz,76356,019d72a1b4bd3426c18b04bcadfe14aebad800168dc3694a1a6e020c32e461d2
tcn,mixed,29,bandpass_n20001_cV5_electrode_s15,phase2/results/predictions/full/mixed/tcn/seed_29/bandpass_n20001_cV5_electrode_s15.npz,76378,e12e41262fa3e5b9cc2881e6cd6b58d161c6f013a195a82923377a4766619af7
tcn,mixed,29,bandpass_n20001_cV5_electrode_s10,phase2/results/predictions/full/mixed/tcn/seed_29/bandpass_n20001_cV5_electrode_s10.npz,76382,e5a944568d8de44d35f9dcc2a953942fcddc204cc732cdeed4c54a1e0b4d9228
tcn,mixed,29,bandpass_n20001_cV5_electrode_s5,phase2/results/predictions/full/mixed/tcn/seed_29/bandpass_n20001_cV5_electrode_s5.npz,76238,d8130298f15ee2de72e1b6ebfdb47cadc819b8b83b65285686167572e2f7955e
tcn,mixed,29,bandpass_n20001_cV5_electrode_s0,phase2/results/predictions/full/mixed/tcn/seed_29/bandpass_n20001_cV5_electrode_s0.npz,76073,4ace15b0afe8689c623ebf9cd8d175160b4a6b02c7846baf4bf21d0b5d0b08dc
tcn,mixed,29,bandpass_n20001_cV5_covariance_s20,phase2/results/predictions/full/mixed/tcn/seed_29/bandpass_n20001_cV5_covariance_s20.npz,76391,83e5dcbd3fb99e9d811ad55f2a858c094b88931f261f5a20f884d984d65dff28
tcn,mixed,29,bandpass_n20001_cV5_covariance_s15,phase2/results/predictions/full/mixed/tcn/seed_29/bandpass_n20001_cV5_covariance_s15.npz,76342,fa2136568dc0cefa17dc3a2c9c47bfdb523c4eac05da0ff94d0ece8e662628f8
tcn,mixed,29,bandpass_n20001_cV5_covariance_s10,phase2/results/predictions/full/mixed/tcn/seed_29/bandpass_n20001_cV5_covariance_s10.npz,76348,90e4d18a99cb12a98e99133165febcd6a2ed207e3982c646830aade019895b22
tcn,mixed,29,bandpass_n20001_cV5_covariance_s5,phase2/results/predictions/full/mixed/tcn/seed_29/bandpass_n20001_cV5_covariance_s5.npz,76265,4a2eeb18abba0178da8a5b26c3c80e4b35305d30f3aa57b48ba304c702626788
tcn,mixed,29,bandpass_n20001_cV5_covariance_s0,phase2/results/predictions/full/mixed/tcn/seed_29/bandpass_n20001_cV5_covariance_s0.npz,76050,0000e1651e8740cf4315e6c118cc4e42e3d091bf1884881e35e58dc9f51ff05d
tcn,mixed,29,bandpass_n20001_cV6_independent_rms_s20,phase2/results/predictions/full/mixed/tcn/seed_29/bandpass_n20001_cV6_independent_rms_s20.npz,76382,609609bf93a882ef314445129abee42a7541d6b86aefbd8282a2bc9355b83f6f
tcn,mixed,29,bandpass_n20001_cV6_independent_rms_s15,phase2/results/predictions/full/mixed/tcn/seed_29/bandpass_n20001_cV6_independent_rms_s15.npz,76365,756443163f26020d8c889e1653c5c2a028d823b8aacc8fbc55e89493022c155e
tcn,mixed,29,bandpass_n20001_cV6_independent_rms_s10,phase2/results/predictions/full/mixed/tcn/seed_29/bandpass_n20001_cV6_independent_rms_s10.npz,76308,a4d8164e5e04946492c220fdb7053817390859c65868768e8f331567c2f8ca4c
tcn,mixed,29,bandpass_n20001_cV6_independent_rms_s5,phase2/results/predictions/full/mixed/tcn/seed_29/bandpass_n20001_cV6_independent_rms_s5.npz,76189,2e7efe8c762eb4d670b7856be3f4eb14326c8d1620b8ac3bfc4fef83988a9748
tcn,mixed,29,bandpass_n20001_cV6_independent_rms_s0,phase2/results/predictions/full/mixed/tcn/seed_29/bandpass_n20001_cV6_independent_rms_s0.npz,75981,c4cd551285532f6f36f1855c481e921dc168813fbce828bf7776d261a4520071
tcn,mixed,29,bandpass_n20001_cV6_electrode_s20,phase2/results/predictions/full/mixed/tcn/seed_29/bandpass_n20001_cV6_electrode_s20.npz,76351,04dae830fd0d35effaf069ccd5d505d7b6dc2f937811c0fb733251b8152fcb5a
tcn,mixed,29,bandpass_n20001_cV6_electrode_s15,phase2/results/predictions/full/mixed/tcn/seed_29/bandpass_n20001_cV6_electrode_s15.npz,76356,e839694ac03b0121747eee7da62361c30699430b4242e2fb5f364cad0342e149
tcn,mixed,29,bandpass_n20001_cV6_electrode_s10,phase2/results/predictions/full/mixed/tcn/seed_29/bandpass_n20001_cV6_electrode_s10.npz,76325,dfa91b49a66b3320fdff6b1e88f1dc079ed3856aab1fb31ab59d7b1b1d1ca3b6
tcn,mixed,29,bandpass_n20001_cV6_electrode_s5,phase2/results/predictions/full/mixed/tcn/seed_29/bandpass_n20001_cV6_electrode_s5.npz,76240,cf417244a4b66b880d3eb027e59f8c71d4f7f138b730a4d1cac7e8b0ee7fbc27
tcn,mixed,29,bandpass_n20001_cV6_electrode_s0,phase2/results/predictions/full/mixed/tcn/seed_29/bandpass_n20001_cV6_electrode_s0.npz,75942,6f2516146e8404b109eecef0417506e498b9bac3cd153a108d3e169f1087dc2e
tcn,mixed,29,bandpass_n20001_cV6_covariance_s20,phase2/results/predictions/full/mixed/tcn/seed_29/bandpass_n20001_cV6_covariance_s20.npz,76364,3d2f3952742f1374329c507dc2e9ee098fc3f477ea542732a459d2844c4097b9
tcn,mixed,29,bandpass_n20001_cV6_covariance_s15,phase2/results/predictions/full/mixed/tcn/seed_29/bandpass_n20001_cV6_covariance_s15.npz,76354,4b60b5ff87a1fbd49bfc8945551c1f537d6f73b19bfb01c647fdfa8eae7b6cc9
tcn,mixed,29,bandpass_n20001_cV6_covariance_s10,phase2/results/predictions/full/mixed/tcn/seed_29/bandpass_n20001_cV6_covariance_s10.npz,76322,78cb22eb21a3c49f60e5149e46f291c78dc29ee7ba1d57497deb5bcb29a6275f
tcn,mixed,29,bandpass_n20001_cV6_covariance_s5,phase2/results/predictions/full/mixed/tcn/seed_29/bandpass_n20001_cV6_covariance_s5.npz,76196,d69ed729b8194d9fb411829d217ffbe36c22a5754720cd976ddb209e699134ed
tcn,mixed,29,bandpass_n20001_cV6_covariance_s0,phase2/results/predictions/full/mixed/tcn/seed_29/bandpass_n20001_cV6_covariance_s0.npz,75951,402684e33970fa445b98a8f63a614bc8021fa59fb1d52b6e03668717aa27ed1f
tcn,mixed,29,bandpass_n20001_cRA_LA_independent_rms_s20,phase2/results/predictions/full/mixed/tcn/seed_29/bandpass_n20001_cRA_LA_independent_rms_s20.npz,76376,014b59e87d4ff972badc4b5da0fb51599fa2cf3b4f2e9d9e36f8aac183b536b8
tcn,mixed,29,bandpass_n20001_cRA_LA_independent_rms_s15,phase2/results/predictions/full/mixed/tcn/seed_29/bandpass_n20001_cRA_LA_independent_rms_s15.npz,76389,daf81290d79162f2bf337bf9cca64d4d64f2ff13c2422f9541d918f3949e1c36
tcn,mixed,29,bandpass_n20001_cRA_LA_independent_rms_s10,phase2/results/predictions/full/mixed/tcn/seed_29/bandpass_n20001_cRA_LA_independent_rms_s10.npz,76343,deb2690e64b974180ed7b59a2caa9443d15489305831556eb7ccd201dd5695f9
tcn,mixed,29,bandpass_n20001_cRA_LA_independent_rms_s5,phase2/results/predictions/full/mixed/tcn/seed_29/bandpass_n20001_cRA_LA_independent_rms_s5.npz,76231,b01a2d9339941af13adb1866aa7d6eb6868c685d9338703734fe71d9cad825c5
tcn,mixed,29,bandpass_n20001_cRA_LA_independent_rms_s0,phase2/results/predictions/full/mixed/tcn/seed_29/bandpass_n20001_cRA_LA_independent_rms_s0.npz,75912,151f11d310f56ed72694fddcedc212e08a89e7bb5f0defde94e636672237f7a8
tcn,mixed,29,bandpass_n20001_cRA_LA_electrode_s20,phase2/results/predictions/full/mixed/tcn/seed_29/bandpass_n20001_cRA_LA_electrode_s20.npz,76368,b0009a766f0432e9ccb4836d43167111cc226e1fd4dc4470bd1e61228549a20b
tcn,mixed,29,bandpass_n20001_cRA_LA_electrode_s15,phase2/results/predictions/full/mixed/tcn/seed_29/bandpass_n20001_cRA_LA_electrode_s15.npz,76348,2e581715bbe69616506566e8816b532419730073590d07e762b65ebecdfd3cf9
tcn,mixed,29,bandpass_n20001_cRA_LA_electrode_s10,phase2/results/predictions/full/mixed/tcn/seed_29/bandpass_n20001_cRA_LA_electrode_s10.npz,76266,b3631cf9e318c14664ae4085430d006a45987cb08f0143c119759ae316d237fa
tcn,mixed,29,bandpass_n20001_cRA_LA_electrode_s5,phase2/results/predictions/full/mixed/tcn/seed_29/bandpass_n20001_cRA_LA_electrode_s5.npz,76085,668f3e86588aef64609f0c4221b726517f115da779cd3d205b7fdf8c3e45bb62
tcn,mixed,29,bandpass_n20001_cRA_LA_electrode_s0,phase2/results/predictions/full/mixed/tcn/seed_29/bandpass_n20001_cRA_LA_electrode_s0.npz,75603,fd93ad32a41cd850005fa6f79c74cd677e81252a12bc7ac548c08a646dcf0da9
tcn,mixed,29,bandpass_n20001_cRA_LA_covariance_s20,phase2/results/predictions/full/mixed/tcn/seed_29/bandpass_n20001_cRA_LA_covariance_s20.npz,76370,8cce5ec5d0b81726bde31e13780d3fab33be5bb98024036ebc18e279ad604639
tcn,mixed,29,bandpass_n20001_cRA_LA_covariance_s15,phase2/results/predictions/full/mixed/tcn/seed_29/bandpass_n20001_cRA_LA_covariance_s15.npz,76342,116c6c41aae96791b1348b6501d4a0835a73ce1922c534775a9d80859bdfa4dc
tcn,mixed,29,bandpass_n20001_cRA_LA_covariance_s10,phase2/results/predictions/full/mixed/tcn/seed_29/bandpass_n20001_cRA_LA_covariance_s10.npz,76276,eabd5db57e7f71e3a3d4ee36b4d8c273b87f196a1729adf67378914366b7b21f
tcn,mixed,29,bandpass_n20001_cRA_LA_covariance_s5,phase2/results/predictions/full/mixed/tcn/seed_29/bandpass_n20001_cRA_LA_covariance_s5.npz,76088,6a1fa066ba848ae8035c3599f3bc55f7e6c9348985369e6e39d2fa8c1eea1566
tcn,mixed,29,bandpass_n20001_cRA_LA_covariance_s0,phase2/results/predictions/full/mixed/tcn/seed_29/bandpass_n20001_cRA_LA_covariance_s0.npz,75647,9089594bbd78fcc03f8d0c1403da15c60d3915a28c65bb462b0589ed2ff5fc1c
tcn,mixed,29,bandpass_n20001_cLA_LL_independent_rms_s20,phase2/results/predictions/full/mixed/tcn/seed_29/bandpass_n20001_cLA_LL_independent_rms_s20.npz,76408,af3522d7679ec9e201b520cc973d7cade6e6e57057c481a9c6734d14c69dc859
tcn,mixed,29,bandpass_n20001_cLA_LL_independent_rms_s15,phase2/results/predictions/full/mixed/tcn/seed_29/bandpass_n20001_cLA_LL_independent_rms_s15.npz,76382,abe957a5cd4f7d7676af6dd593ad7e01d98cd37b2bca6ce696a33adf955ed8ab
tcn,mixed,29,bandpass_n20001_cLA_LL_independent_rms_s10,phase2/results/predictions/full/mixed/tcn/seed_29/bandpass_n20001_cLA_LL_independent_rms_s10.npz,76340,b3485d13b8f8f7b44e72acbcf6ea69193cc034255501eee827d59f1b5f0ce2e4
tcn,mixed,29,bandpass_n20001_cLA_LL_independent_rms_s5,phase2/results/predictions/full/mixed/tcn/seed_29/bandpass_n20001_cLA_LL_independent_rms_s5.npz,76228,26d7d1971a30c77f9ec7d4076662a40f8bfd1f842e653d0929a863d1b3b8a35b
tcn,mixed,29,bandpass_n20001_cLA_LL_independent_rms_s0,phase2/results/predictions/full/mixed/tcn/seed_29/bandpass_n20001_cLA_LL_independent_rms_s0.npz,75921,8ea9d3cb91f034fc612e63f59a500cf88489236e98050b794a8dd8e989b58277
tcn,mixed,29,bandpass_n20001_cLA_LL_electrode_s20,phase2/results/predictions/full/mixed/tcn/seed_29/bandpass_n20001_cLA_LL_electrode_s20.npz,76354,b40f0a77861999278da82c18a0827df4b1418b61afe78f666a551385a4566436
tcn,mixed,29,bandpass_n20001_cLA_LL_electrode_s15,phase2/results/predictions/full/mixed/tcn/seed_29/bandpass_n20001_cLA_LL_electrode_s15.npz,76360,0e30427eea87c685fecf1e6b5f61e33806d064e9979fdd620416add417b06dfb
tcn,mixed,29,bandpass_n20001_cLA_LL_electrode_s10,phase2/results/predictions/full/mixed/tcn/seed_29/bandpass_n20001_cLA_LL_electrode_s10.npz,76266,d6e179cf9a94ec23243a67a5f3bb23cd70f97196c07a8485225f03643e83d069
tcn,mixed,29,bandpass_n20001_cLA_LL_electrode_s5,phase2/results/predictions/full/mixed/tcn/seed_29/bandpass_n20001_cLA_LL_electrode_s5.npz,76165,82e28b68a77adead125f6a17ee633eaeaef2a676123e63b431475067a1bc3f58
tcn,mixed,29,bandpass_n20001_cLA_LL_electrode_s0,phase2/results/predictions/full/mixed/tcn/seed_29/bandpass_n20001_cLA_LL_electrode_s0.npz,75746,f993bb7e63b06f28d657cec789b5b7f0f76c3ab60668ca19829af848a33813c9
tcn,mixed,29,bandpass_n20001_cLA_LL_covariance_s20,phase2/results/predictions/full/mixed/tcn/seed_29/bandpass_n20001_cLA_LL_covariance_s20.npz,76353,ef95cfd61729ab1f6dc18c00afe1fd703c1ce59dcbe0c491a00fbd0b7b00b35b
tcn,mixed,29,bandpass_n20001_cLA_LL_covariance_s15,phase2/results/predictions/full/mixed/tcn/seed_29/bandpass_n20001_cLA_LL_covariance_s15.npz,76338,0b54f324bebcdd6324a21d77d55c107eee5d2e6ca74525bd98bf3118ef664bfc
tcn,mixed,29,bandpass_n20001_cLA_LL_covariance_s10,phase2/results/predictions/full/mixed/tcn/seed_29/bandpass_n20001_cLA_LL_covariance_s10.npz,76294,0bdd55f3cff5a228dda1375927c164d3fa738ae7e812da3d46614873e4ebe581
tcn,mixed,29,bandpass_n20001_cLA_LL_covariance_s5,phase2/results/predictions/full/mixed/tcn/seed_29/bandpass_n20001_cLA_LL_covariance_s5.npz,76134,d0f426cab34f806ad5f19055c70363092b176a964c51a9c5200d5c4c99364899
tcn,mixed,29,bandpass_n20001_cLA_LL_covariance_s0,phase2/results/predictions/full/mixed/tcn/seed_29/bandpass_n20001_cLA_LL_covariance_s0.npz,75785,813471a991519f5c2ceed00ff96b1d27d723b2af0c7a7663beb23a90264a8a34
tcn,mixed,29,bandpass_n20001_cRA_LL_independent_rms_s20,phase2/results/predictions/full/mixed/tcn/seed_29/bandpass_n20001_cRA_LL_independent_rms_s20.npz,76404,cc2b7a8c955012550fe2a76d77407ca3b0fffc2c3047c8d9be31160f3292afcf
tcn,mixed,29,bandpass_n20001_cRA_LL_independent_rms_s15,phase2/results/predictions/full/mixed/tcn/seed_29/bandpass_n20001_cRA_LL_independent_rms_s15.npz,76383,ec4a97431019c5b2a1b6563017c4da70e3a078570ff8c0a62e28e4f6db56892e
tcn,mixed,29,bandpass_n20001_cRA_LL_independent_rms_s10,phase2/results/predictions/full/mixed/tcn/seed_29/bandpass_n20001_cRA_LL_independent_rms_s10.npz,76314,87780b504925cc59f55a7e3cc86202502c3f933b992f3faaf9ed8cacc4d687d2
tcn,mixed,29,bandpass_n20001_cRA_LL_independent_rms_s5,phase2/results/predictions/full/mixed/tcn/seed_29/bandpass_n20001_cRA_LL_independent_rms_s5.npz,76245,787e0199676d98fcb197788e7c6953399d79b274ab4a1e9dcc711c5b7b3266d5
tcn,mixed,29,bandpass_n20001_cRA_LL_independent_rms_s0,phase2/results/predictions/full/mixed/tcn/seed_29/bandpass_n20001_cRA_LL_independent_rms_s0.npz,75919,4264c72db37427bc8029e579d74a3b159b3cb0a0a8f64685f3097cc3b4752a57
tcn,mixed,29,bandpass_n20001_cRA_LL_electrode_s20,phase2/results/predictions/full/mixed/tcn/seed_29/bandpass_n20001_cRA_LL_electrode_s20.npz,76354,6a6794880a2b6e6d18f9ff73f52838f01e47f08bc7e7d22544ed63ff79315077
tcn,mixed,29,bandpass_n20001_cRA_LL_electrode_s15,phase2/results/predictions/full/mixed/tcn/seed_29/bandpass_n20001_cRA_LL_electrode_s15.npz,76311,4461fa1808914a85607fac9e1d137f665b4d6fd4813c3d365ae03e083984dcea
tcn,mixed,29,bandpass_n20001_cRA_LL_electrode_s10,phase2/results/predictions/full/mixed/tcn/seed_29/bandpass_n20001_cRA_LL_electrode_s10.npz,76270,35f6747f65078ab20b93a36d16be6ee01a9ba23edbfada58b752c2b5d8aac1ab
tcn,mixed,29,bandpass_n20001_cRA_LL_electrode_s5,phase2/results/predictions/full/mixed/tcn/seed_29/bandpass_n20001_cRA_LL_electrode_s5.npz,76061,6a5773be47581154a8371a8b5bc45c3ffdef0f9290aaaad3549630b3e219aa6b
tcn,mixed,29,bandpass_n20001_cRA_LL_electrode_s0,phase2/results/predictions/full/mixed/tcn/seed_29/bandpass_n20001_cRA_LL_electrode_s0.npz,75558,59af2c55776f300de5245cb570048e4ec17ad5c67f7258f74e628bafe4bebf23
tcn,mixed,29,bandpass_n20001_cRA_LL_covariance_s20,phase2/results/predictions/full/mixed/tcn/seed_29/bandpass_n20001_cRA_LL_covariance_s20.npz,76373,f1071a0e5a985c1f165fb5c0c158e1449110ea334b98d2b4c582c8dd4e4568aa
tcn,mixed,29,bandpass_n20001_cRA_LL_covariance_s15,phase2/results/predictions/full/mixed/tcn/seed_29/bandpass_n20001_cRA_LL_covariance_s15.npz,76315,3fab55fdf67a02a9e058c7f4cb0986c753983a15f21abbee2175b0f00ee9d2f6
tcn,mixed,29,bandpass_n20001_cRA_LL_covariance_s10,phase2/results/predictions/full/mixed/tcn/seed_29/bandpass_n20001_cRA_LL_covariance_s10.npz,76257,e8dfb79a7ebce12d39b2a1c0ef47bbc443eed09acc19720a2f1a3b61753afb72
tcn,mixed,29,bandpass_n20001_cRA_LL_covariance_s5,phase2/results/predictions/full/mixed/tcn/seed_29/bandpass_n20001_cRA_LL_covariance_s5.npz,76089,7f11e87b6f708ece733b70ddf099f22298b987c6b3b877b68367900196b7472d
tcn,mixed,29,bandpass_n20001_cRA_LL_covariance_s0,phase2/results/predictions/full/mixed/tcn/seed_29/bandpass_n20001_cRA_LL_covariance_s0.npz,75584,92e88ecf58d95144dc286a53b9576dc78f32f00af9109bdbb9ee0a0ea79f98df
tcn,mixed,29,bandpass_n20001_cRA_independent_rms_s20,phase2/results/predictions/full/mixed/tcn/seed_29/bandpass_n20001_cRA_independent_rms_s20.npz,76361,20d3b23cdf54c7e3e8e5bb52cbe3219e92e9f7404f80cf1be205fd4301917c1e
tcn,mixed,29,bandpass_n20001_cRA_independent_rms_s15,phase2/results/predictions/full/mixed/tcn/seed_29/bandpass_n20001_cRA_independent_rms_s15.npz,76372,ec9b7d858ed3b8c2fd586caa4dbcd5b9f708bd63e26096d4afdfc8e78149b26e
tcn,mixed,29,bandpass_n20001_cRA_independent_rms_s10,phase2/results/predictions/full/mixed/tcn/seed_29/bandpass_n20001_cRA_independent_rms_s10.npz,76344,7c993d5917750ef570dbb03962c33fa49cb1a2e0e284678016675e1898d22d87
tcn,mixed,29,bandpass_n20001_cRA_independent_rms_s5,phase2/results/predictions/full/mixed/tcn/seed_29/bandpass_n20001_cRA_independent_rms_s5.npz,76226,8f5e7316d433468df0b226fc3650648efe840f61b71a30bf7ed011860134ae43
tcn,mixed,29,bandpass_n20001_cRA_independent_rms_s0,phase2/results/predictions/full/mixed/tcn/seed_29/bandpass_n20001_cRA_independent_rms_s0.npz,75926,81d5ce1d600df95c4143026cf1f709071c52c6130eb494f6a3ebd4a842a93fd9
tcn,mixed,29,bandpass_n20001_cRA_electrode_s20,phase2/results/predictions/full/mixed/tcn/seed_29/bandpass_n20001_cRA_electrode_s20.npz,76371,e2713010969caf8ce165ba65dda51b56593c154513140570afc5eee5b6d78a3c
tcn,mixed,29,bandpass_n20001_cRA_electrode_s15,phase2/results/predictions/full/mixed/tcn/seed_29/bandpass_n20001_cRA_electrode_s15.npz,76343,7b70438a56e2a7968046d66ed81bdde54b41dbd5010101903c4631cfb6da6b76
tcn,mixed,29,bandpass_n20001_cRA_electrode_s10,phase2/results/predictions/full/mixed/tcn/seed_29/bandpass_n20001_cRA_electrode_s10.npz,76200,76e7bb1a6b323627d169a9bc8cf11ba4956f34145b6316262a52fe1875a3f5ef
tcn,mixed,29,bandpass_n20001_cRA_electrode_s5,phase2/results/predictions/full/mixed/tcn/seed_29/bandpass_n20001_cRA_electrode_s5.npz,76067,68f0612c509a9dedc578333e73878dcc329b0c5fa250cc5002cc7c1f1f360734
tcn,mixed,29,bandpass_n20001_cRA_electrode_s0,phase2/results/predictions/full/mixed/tcn/seed_29/bandpass_n20001_cRA_electrode_s0.npz,75495,cf2ef2808754d47952db3073b0def746d1c71c638cff8977f55a0c85078b8973
tcn,mixed,29,bandpass_n20001_cRA_covariance_s20,phase2/results/predictions/full/mixed/tcn/seed_29/bandpass_n20001_cRA_covariance_s20.npz,76347,b4ecbf98a001991b68637f92a6ed7491429b9a33125f236d251694d4c3d6e1be
tcn,mixed,29,bandpass_n20001_cRA_covariance_s15,phase2/results/predictions/full/mixed/tcn/seed_29/bandpass_n20001_cRA_covariance_s15.npz,76337,4fa2b0905e2aaa3f2d8e45deb6835c503752657c20c79241fb84f587af56b96a
tcn,mixed,29,bandpass_n20001_cRA_covariance_s10,phase2/results/predictions/full/mixed/tcn/seed_29/bandpass_n20001_cRA_covariance_s10.npz,76211,1a2fab2f65587e85d3af7767ce1657896da45ac43a940a69831b7e4a811bf5d7
tcn,mixed,29,bandpass_n20001_cRA_covariance_s5,phase2/results/predictions/full/mixed/tcn/seed_29/bandpass_n20001_cRA_covariance_s5.npz,76033,da90a0c57244d40ad1ca7d8bc71964591f14c59c660a9ae036c7e172c75b659d
tcn,mixed,29,bandpass_n20001_cRA_covariance_s0,phase2/results/predictions/full/mixed/tcn/seed_29/bandpass_n20001_cRA_covariance_s0.npz,75461,cf600b6602d53f8a5408bafdb50414cf14d057840bdcc32b0e7519100154b9ec
tcn,mixed,29,bandpass_n20001_cLA_independent_rms_s20,phase2/results/predictions/full/mixed/tcn/seed_29/bandpass_n20001_cLA_independent_rms_s20.npz,76393,3a54b07da1512c08af38a7f170a2931f02834af3ce529acc556750b2df362ba7
tcn,mixed,29,bandpass_n20001_cLA_independent_rms_s15,phase2/results/predictions/full/mixed/tcn/seed_29/bandpass_n20001_cLA_independent_rms_s15.npz,76394,a0f65c8fa034799028043e4b77f942d38c24d69683940b6fe37ac05ea46bb9c7
tcn,mixed,29,bandpass_n20001_cLA_independent_rms_s10,phase2/results/predictions/full/mixed/tcn/seed_29/bandpass_n20001_cLA_independent_rms_s10.npz,76308,f0ef54b51ec7deed32faa35dc9a9014cf3376057593f737ee7cc1c52f096a938
tcn,mixed,29,bandpass_n20001_cLA_independent_rms_s5,phase2/results/predictions/full/mixed/tcn/seed_29/bandpass_n20001_cLA_independent_rms_s5.npz,76253,0fb63d800031f84843d59538da2dbf5cd1da498b56ac7513595b8c195c0acb37
tcn,mixed,29,bandpass_n20001_cLA_independent_rms_s0,phase2/results/predictions/full/mixed/tcn/seed_29/bandpass_n20001_cLA_independent_rms_s0.npz,75885,e447b2deb3c8ac617508ca3d7c1550cd1efc88c956f29e1c369ea3407ca9468a
tcn,mixed,29,bandpass_n20001_cLA_electrode_s20,phase2/results/predictions/full/mixed/tcn/seed_29/bandpass_n20001_cLA_electrode_s20.npz,76357,14fc976bf0d6e4d415b72ea1d3b1e6fbb2fa3d3d13b9609a9a90fad2bc7547bf
tcn,mixed,29,bandpass_n20001_cLA_electrode_s15,phase2/results/predictions/full/mixed/tcn/seed_29/bandpass_n20001_cLA_electrode_s15.npz,76362,f641111ead1fca51c8a1d9815635db8a285e827fa7d44ac6c8b55d80d85e4c56
tcn,mixed,29,bandpass_n20001_cLA_electrode_s10,phase2/results/predictions/full/mixed/tcn/seed_29/bandpass_n20001_cLA_electrode_s10.npz,76284,72fe6d31986922fc110222c6c3164faec10e87bbe1dbf3830a72f5d04662b9fb
tcn,mixed,29,bandpass_n20001_cLA_electrode_s5,phase2/results/predictions/full/mixed/tcn/seed_29/bandpass_n20001_cLA_electrode_s5.npz,76118,bf5348994e45d166df26f4fa0e0083178dabe0b6f778cf4362a3ad1311d0cfb8
tcn,mixed,29,bandpass_n20001_cLA_electrode_s0,phase2/results/predictions/full/mixed/tcn/seed_29/bandpass_n20001_cLA_electrode_s0.npz,75807,4d625e1f488dbf5232d240ea70765d6d38f53ebf7ef7f921cefb0957c1abdae7
tcn,mixed,29,bandpass_n20001_cLA_covariance_s20,phase2/results/predictions/full/mixed/tcn/seed_29/bandpass_n20001_cLA_covariance_s20.npz,76349,21b8eac2bb9ef99ba9eb9d44d2a15ae82e3ced2cd02f55efaa677c176066a7c7
tcn,mixed,29,bandpass_n20001_cLA_covariance_s15,phase2/results/predictions/full/mixed/tcn/seed_29/bandpass_n20001_cLA_covariance_s15.npz,76339,045c081fdb5aa5757d476384ebd33d035338743ddb1d3c182f57ae5452b02601
tcn,mixed,29,bandpass_n20001_cLA_covariance_s10,phase2/results/predictions/full/mixed/tcn/seed_29/bandpass_n20001_cLA_covariance_s10.npz,76306,833932ae5b15384965aa9d3e7fab2d2ceea7c0b8993d63abb8531306fbcea614
tcn,mixed,29,bandpass_n20001_cLA_covariance_s5,phase2/results/predictions/full/mixed/tcn/seed_29/bandpass_n20001_cLA_covariance_s5.npz,76163,f7bd0d4fe428a928c0fcccb6aef204e3f5e00c2991ffb596aad0fde66413603d
tcn,mixed,29,bandpass_n20001_cLA_covariance_s0,phase2/results/predictions/full/mixed/tcn/seed_29/bandpass_n20001_cLA_covariance_s0.npz,75830,52eb0602dea3b2b442590b301c34a2f0107f3fbba68d52b984d1e754a1614807
tcn,mixed,29,bandpass_n20001_cLL_independent_rms_s20,phase2/results/predictions/full/mixed/tcn/seed_29/bandpass_n20001_cLL_independent_rms_s20.npz,76359,09cae2c005b0449d711b2fedc11ed2edd119d7466c7f39cc27b9c9752b100656
tcn,mixed,29,bandpass_n20001_cLL_independent_rms_s15,phase2/results/predictions/full/mixed/tcn/seed_29/bandpass_n20001_cLL_independent_rms_s15.npz,76375,1442bdd979c61493833ff52d4ab2c3e633fce03333955cf512268f232b6cffdb
tcn,mixed,29,bandpass_n20001_cLL_independent_rms_s10,phase2/results/predictions/full/mixed/tcn/seed_29/bandpass_n20001_cLL_independent_rms_s10.npz,76344,caa258f3a375bf459625b548019ba68a46d876edbe6a26c423976e2c15f4c4f2
tcn,mixed,29,bandpass_n20001_cLL_independent_rms_s5,phase2/results/predictions/full/mixed/tcn/seed_29/bandpass_n20001_cLL_independent_rms_s5.npz,76210,db4b2eb33a94d40ae739d23af1b5340ae848c72a249400b695c79608fa3b3ef9
tcn,mixed,29,bandpass_n20001_cLL_independent_rms_s0,phase2/results/predictions/full/mixed/tcn/seed_29/bandpass_n20001_cLL_independent_rms_s0.npz,75929,a4de229d6dabd6843d127f7e3bd98cbc3e9c1af934b5fae58d2dc161333bb9cc
tcn,mixed,29,bandpass_n20001_cLL_electrode_s20,phase2/results/predictions/full/mixed/tcn/seed_29/bandpass_n20001_cLL_electrode_s20.npz,76352,9f1f005e2ccc75b39e59fe98398751b936eb27f25c1c084cbbd360cb327e018a
tcn,mixed,29,bandpass_n20001_cLL_electrode_s15,phase2/results/predictions/full/mixed/tcn/seed_29/bandpass_n20001_cLL_electrode_s15.npz,76369,67c06308090f9c70e9c6be908455d5e469b1d555dd1598d573f0612649415c1c
tcn,mixed,29,bandpass_n20001_cLL_electrode_s10,phase2/results/predictions/full/mixed/tcn/seed_29/bandpass_n20001_cLL_electrode_s10.npz,76269,26c3e5599a8688d1ed1b7bfc3c876396ddc6c7e5b88a1420aa629fae9c987400
tcn,mixed,29,bandpass_n20001_cLL_electrode_s5,phase2/results/predictions/full/mixed/tcn/seed_29/bandpass_n20001_cLL_electrode_s5.npz,76125,8da37cfc729b72fdfac5c5204dca504d39bf8eb4ae2505d0de0a0b3e13ccc0a6
tcn,mixed,29,bandpass_n20001_cLL_electrode_s0,phase2/results/predictions/full/mixed/tcn/seed_29/bandpass_n20001_cLL_electrode_s0.npz,75816,ab17c4731273c93726d99372994741eb34d4e92b15b967ff3abee3c8d849a921
tcn,mixed,29,bandpass_n20001_cLL_covariance_s20,phase2/results/predictions/full/mixed/tcn/seed_29/bandpass_n20001_cLL_covariance_s20.npz,76364,ced29c08e61ccd868507903137efeb450ccc638ef87e969e1d98120fd7170fed
tcn,mixed,29,bandpass_n20001_cLL_covariance_s15,phase2/results/predictions/full/mixed/tcn/seed_29/bandpass_n20001_cLL_covariance_s15.npz,76335,a88ca3858ab387c1f532eca89eba5582c3350114b9d9b5871e0645b1ba9d417f
tcn,mixed,29,bandpass_n20001_cLL_covariance_s10,phase2/results/predictions/full/mixed/tcn/seed_29/bandpass_n20001_cLL_covariance_s10.npz,76315,63065da111f1641c319b30fb034672986280d15aa851d1c0160128a49c356202
tcn,mixed,29,bandpass_n20001_cLL_covariance_s5,phase2/results/predictions/full/mixed/tcn/seed_29/bandpass_n20001_cLL_covariance_s5.npz,76140,d2e0095d55d58e956a84203a0b2430d21ab3fc3ea5f2b14d5145c35d5bee16e1
tcn,mixed,29,bandpass_n20001_cLL_covariance_s0,phase2/results/predictions/full/mixed/tcn/seed_29/bandpass_n20001_cLL_covariance_s0.npz,75857,664cfa68c04758e6608ef16ec69f36dbdb3f24ac0fed50e9f9eaf8fac9c988aa
tcn,mixed,29,bandpass_n20001_cRA_V1_independent_rms_s20,phase2/results/predictions/full/mixed/tcn/seed_29/bandpass_n20001_cRA_V1_independent_rms_s20.npz,76386,31606b6999b53c95429716324abfe862a86772c4ce5bd67b6086ef221139f4d3
tcn,mixed,29,bandpass_n20001_cRA_V1_independent_rms_s15,phase2/results/predictions/full/mixed/tcn/seed_29/bandpass_n20001_cRA_V1_independent_rms_s15.npz,76380,5afc127c5811148b6caa2b396f8612000a7af336b7f1919ce241d438aa8a6ef7
tcn,mixed,29,bandpass_n20001_cRA_V1_independent_rms_s10,phase2/results/predictions/full/mixed/tcn/seed_29/bandpass_n20001_cRA_V1_independent_rms_s10.npz,76358,a4901f984ab20c9eb7d41037f3d292d1b4f55cfbc2243005cdeb587d27f57508
tcn,mixed,29,bandpass_n20001_cRA_V1_independent_rms_s5,phase2/results/predictions/full/mixed/tcn/seed_29/bandpass_n20001_cRA_V1_independent_rms_s5.npz,76228,789476d061133aceb43dc59ee162f546dd1cf351c87ce87c93ba86a050955b44
tcn,mixed,29,bandpass_n20001_cRA_V1_independent_rms_s0,phase2/results/predictions/full/mixed/tcn/seed_29/bandpass_n20001_cRA_V1_independent_rms_s0.npz,75886,aa5ba13fe7c70cb067377be0d202934a88bd55d7518ee7e5d1eb16e941644c6c
tcn,mixed,29,bandpass_n20001_cRA_V1_electrode_s20,phase2/results/predictions/full/mixed/tcn/seed_29/bandpass_n20001_cRA_V1_electrode_s20.npz,76343,148be37b29c6a174387788be32ec7721f3c0d4fe6c8ae413980f3ac8a1636ad8
tcn,mixed,29,bandpass_n20001_cRA_V1_electrode_s15,phase2/results/predictions/full/mixed/tcn/seed_29/bandpass_n20001_cRA_V1_electrode_s15.npz,76326,6e41a52f78c7b3418e4736fc4b8c163261f10432028a98ea5fa6b8a2cf67db23
tcn,mixed,29,bandpass_n20001_cRA_V1_electrode_s10,phase2/results/predictions/full/mixed/tcn/seed_29/bandpass_n20001_cRA_V1_electrode_s10.npz,76245,1591a56929d955e3d1d6086016d1e1e4f7923e3f0d084af0af06b6cef9411880
tcn,mixed,29,bandpass_n20001_cRA_V1_electrode_s5,phase2/results/predictions/full/mixed/tcn/seed_29/bandpass_n20001_cRA_V1_electrode_s5.npz,76043,1b314c24ea9b9107b0016aab849d1e9ba11f0a8ec87e890ab96cee77503f1de6
tcn,mixed,29,bandpass_n20001_cRA_V1_electrode_s0,phase2/results/predictions/full/mixed/tcn/seed_29/bandpass_n20001_cRA_V1_electrode_s0.npz,75504,c0091b8845f7267a505c960551fecc823d9cd6e526bac27089e93327630d8f6a
tcn,mixed,29,bandpass_n20001_cRA_V1_covariance_s20,phase2/results/predictions/full/mixed/tcn/seed_29/bandpass_n20001_cRA_V1_covariance_s20.npz,76366,393dc1426de0bf97d4ed0a8f23eea3db14d2f40c0a5e108d76daf1fe357eee0b
tcn,mixed,29,bandpass_n20001_cRA_V1_covariance_s15,phase2/results/predictions/full/mixed/tcn/seed_29/bandpass_n20001_cRA_V1_covariance_s15.npz,76346,399e2fbd71bda0b50c3fbff09e88eb27a93ebe03abebdf27ef85e0078f4f99bb
tcn,mixed,29,bandpass_n20001_cRA_V1_covariance_s10,phase2/results/predictions/full/mixed/tcn/seed_29/bandpass_n20001_cRA_V1_covariance_s10.npz,76251,f73f618cc105a9579b89586187b881046d7ac300e226bcf3efb0d4c307e73098
tcn,mixed,29,bandpass_n20001_cRA_V1_covariance_s5,phase2/results/predictions/full/mixed/tcn/seed_29/bandpass_n20001_cRA_V1_covariance_s5.npz,76038,1b5b6213c832b905b6f59b83de768b393476e011e2d77298ea956da8e8fdf4e6
tcn,mixed,29,bandpass_n20001_cRA_V1_covariance_s0,phase2/results/predictions/full/mixed/tcn/seed_29/bandpass_n20001_cRA_V1_covariance_s0.npz,75491,1cc16abee310073d4059a64c643913b75084dcefab66a37aaf9ae84be9f9233c
tcn,mixed,29,bandpass_n20001_cLA_V6_independent_rms_s20,phase2/results/predictions/full/mixed/tcn/seed_29/bandpass_n20001_cLA_V6_independent_rms_s20.npz,76368,03cf03643347feb8f4761f67e0c95462c7572f90c6da4cec088b7bf9a4dbc7f6
tcn,mixed,29,bandpass_n20001_cLA_V6_independent_rms_s15,phase2/results/predictions/full/mixed/tcn/seed_29/bandpass_n20001_cLA_V6_independent_rms_s15.npz,76376,02f5818eecf39854d7d6a425a5a59c9863f644cbea29dc49696eff90b8512962
tcn,mixed,29,bandpass_n20001_cLA_V6_independent_rms_s10,phase2/results/predictions/full/mixed/tcn/seed_29/bandpass_n20001_cLA_V6_independent_rms_s10.npz,76342,29ee4b6c8c018b87b5c2e5bd82f879cffcb6ef4c9b6ba5d540cb1c7f69f46156
tcn,mixed,29,bandpass_n20001_cLA_V6_independent_rms_s5,phase2/results/predictions/full/mixed/tcn/seed_29/bandpass_n20001_cLA_V6_independent_rms_s5.npz,76251,574fa0c8a5df5492b157829d58ffec36f93afdf12112c12a8a405c76cb2c9e8a
tcn,mixed,29,bandpass_n20001_cLA_V6_independent_rms_s0,phase2/results/predictions/full/mixed/tcn/seed_29/bandpass_n20001_cLA_V6_independent_rms_s0.npz,75948,9f6058ea433be8bb809af5d47cb8b121ae80ad361872a77278cd900d99206a21
tcn,mixed,29,bandpass_n20001_cLA_V6_electrode_s20,phase2/results/predictions/full/mixed/tcn/seed_29/bandpass_n20001_cLA_V6_electrode_s20.npz,76363,feabc24da715cf5d47c9f71949bf95dcab8c7fa60b8dad2acb04f557f8ec8ab7
tcn,mixed,29,bandpass_n20001_cLA_V6_electrode_s15,phase2/results/predictions/full/mixed/tcn/seed_29/bandpass_n20001_cLA_V6_electrode_s15.npz,76348,64b0c8c8a6bc60702a2310ed55f9df70acb38c39b0cefeb927c532399fddadc0
tcn,mixed,29,bandpass_n20001_cLA_V6_electrode_s10,phase2/results/predictions/full/mixed/tcn/seed_29/bandpass_n20001_cLA_V6_electrode_s10.npz,76301,c7c3b32d8f0e558e6e6cf6cd3b03061f9e931980c5815ad1667581c26777cf68
tcn,mixed,29,bandpass_n20001_cLA_V6_electrode_s5,phase2/results/predictions/full/mixed/tcn/seed_29/bandpass_n20001_cLA_V6_electrode_s5.npz,76177,cbf02ccc0372293bbf139b007039e661a232002f7e49e10e7f2d77ae281ac6d8
tcn,mixed,29,bandpass_n20001_cLA_V6_electrode_s0,phase2/results/predictions/full/mixed/tcn/seed_29/bandpass_n20001_cLA_V6_electrode_s0.npz,75828,7fa2b7bacc6ef200b0b58c5b88b6334f9bae5e598667f6a9ba86075c9659e3af
tcn,mixed,29,bandpass_n20001_cLA_V6_covariance_s20,phase2/results/predictions/full/mixed/tcn/seed_29/bandpass_n20001_cLA_V6_covariance_s20.npz,76387,7f73a54895243dc5e5bd3e8ff7d4db2f3d91331568271b13331a7142280e95ad
tcn,mixed,29,bandpass_n20001_cLA_V6_covariance_s15,phase2/results/predictions/full/mixed/tcn/seed_29/bandpass_n20001_cLA_V6_covariance_s15.npz,76373,bdb887bfadf0ef8564edf732b28205a3561497e34b7f127747f0b58977983bd5
tcn,mixed,29,bandpass_n20001_cLA_V6_covariance_s10,phase2/results/predictions/full/mixed/tcn/seed_29/bandpass_n20001_cLA_V6_covariance_s10.npz,76321,7bd087255eff6a6107fb82a2f3f12e3565f21528642a9a9a071fa2802433b4b9
tcn,mixed,29,bandpass_n20001_cLA_V6_covariance_s5,phase2/results/predictions/full/mixed/tcn/seed_29/bandpass_n20001_cLA_V6_covariance_s5.npz,76174,208947d1924c4e9119ed2dbca75ff5e1ecba8bdbeb5d2441c7d7c37bf07fd7ae
tcn,mixed,29,bandpass_n20001_cLA_V6_covariance_s0,phase2/results/predictions/full/mixed/tcn/seed_29/bandpass_n20001_cLA_V6_covariance_s0.npz,75854,266bf4bb04523c4992b51d74ba348d880a7807853e8f5dd25da80ca3a5510b18
tcn,mixed,29,bandpass_n20001_cLL_V4_independent_rms_s20,phase2/results/predictions/full/mixed/tcn/seed_29/bandpass_n20001_cLL_V4_independent_rms_s20.npz,76394,b923bc7240be9ba473d2fff16ecdc643d3881773043b2c44a52f8c7b4dfaffce
tcn,mixed,29,bandpass_n20001_cLL_V4_independent_rms_s15,phase2/results/predictions/full/mixed/tcn/seed_29/bandpass_n20001_cLL_V4_independent_rms_s15.npz,76384,9f6056906f65a325c2b21ce1a4950419301dc628602521af401c8d64fadac9a4
tcn,mixed,29,bandpass_n20001_cLL_V4_independent_rms_s10,phase2/results/predictions/full/mixed/tcn/seed_29/bandpass_n20001_cLL_V4_independent_rms_s10.npz,76346,d727e446e3a8bdc4c9902cda40ce25e67786747e7874faa3387d86dfe56ec612
tcn,mixed,29,bandpass_n20001_cLL_V4_independent_rms_s5,phase2/results/predictions/full/mixed/tcn/seed_29/bandpass_n20001_cLL_V4_independent_rms_s5.npz,76241,600d8bddb8680051d00b9ef01c9a5489884a1a35d130e662edea51b8106024b9
tcn,mixed,29,bandpass_n20001_cLL_V4_independent_rms_s0,phase2/results/predictions/full/mixed/tcn/seed_29/bandpass_n20001_cLL_V4_independent_rms_s0.npz,75981,61e41280f85a8525b24fd811dbdeca2432871b5a38800e5da113da5b4d5ec419
tcn,mixed,29,bandpass_n20001_cLL_V4_electrode_s20,phase2/results/predictions/full/mixed/tcn/seed_29/bandpass_n20001_cLL_V4_electrode_s20.npz,76389,1ee3ec4b35c3986ccd95e1858821e3152008020d8e3e6acbdd1d8ce3a3f64a58
tcn,mixed,29,bandpass_n20001_cLL_V4_electrode_s15,phase2/results/predictions/full/mixed/tcn/seed_29/bandpass_n20001_cLL_V4_electrode_s15.npz,76348,fe195e92b94d562726d2ce9b9c17aba2cdbc0a011ffe95b91c980e9cac29238a
tcn,mixed,29,bandpass_n20001_cLL_V4_electrode_s10,phase2/results/predictions/full/mixed/tcn/seed_29/bandpass_n20001_cLL_V4_electrode_s10.npz,76320,7e18ebd523a727f8626802d6e61b210f3f96fb798f233006481a97bbe2547ccd
tcn,mixed,29,bandpass_n20001_cLL_V4_electrode_s5,phase2/results/predictions/full/mixed/tcn/seed_29/bandpass_n20001_cLL_V4_electrode_s5.npz,76195,97874961035c354cea268a8c70b783116ed759d1705cf744a5889518d3d64d22
tcn,mixed,29,bandpass_n20001_cLL_V4_electrode_s0,phase2/results/predictions/full/mixed/tcn/seed_29/bandpass_n20001_cLL_V4_electrode_s0.npz,75888,a7e03dcc028ac898210c2d6d8c6df06388f60d0162748e321e6fbc9b1ce34b7b
tcn,mixed,29,bandpass_n20001_cLL_V4_covariance_s20,phase2/results/predictions/full/mixed/tcn/seed_29/bandpass_n20001_cLL_V4_covariance_s20.npz,76395,f1318e1abfc050f0a04484ffae1c4cc333dcf2b2ba9fee5bc6d237e53039019a
tcn,mixed,29,bandpass_n20001_cLL_V4_covariance_s15,phase2/results/predictions/full/mixed/tcn/seed_29/bandpass_n20001_cLL_V4_covariance_s15.npz,76359,a7f493fe6f7ed00853b8621af6744910e3a6d8acd6c98874b668b01cf7f5432b
tcn,mixed,29,bandpass_n20001_cLL_V4_covariance_s10,phase2/results/predictions/full/mixed/tcn/seed_29/bandpass_n20001_cLL_V4_covariance_s10.npz,76317,d224903270ff9f4ee419a089180df8193a4fa3193bf2dd17512c869586e50276
tcn,mixed,29,bandpass_n20001_cLL_V4_covariance_s5,phase2/results/predictions/full/mixed/tcn/seed_29/bandpass_n20001_cLL_V4_covariance_s5.npz,76163,1819eab9ee97bce2a238cb49ee6d9d5fb124fb9262cf26815e36af01f778001a
tcn,mixed,29,bandpass_n20001_cLL_V4_covariance_s0,phase2/results/predictions/full/mixed/tcn/seed_29/bandpass_n20001_cLL_V4_covariance_s0.npz,75862,da9ca68a88ae805148ca84b39c9ce3114c489827fb9f16e0da628bb071022824
tcn,mixed,29,bandpass_n20001_cRA_LA_V1_V6_independent_rms_s20,phase2/results/predictions/full/mixed/tcn/seed_29/bandpass_n20001_cRA_LA_V1_V6_independent_rms_s20.npz,76410,a4d1009b91a640a91218a0f3876425fec72af0a43e1924fe099f8c66366c624b
tcn,mixed,29,bandpass_n20001_cRA_LA_V1_V6_independent_rms_s15,phase2/results/predictions/full/mixed/tcn/seed_29/bandpass_n20001_cRA_LA_V1_V6_independent_rms_s15.npz,76401,c62eb942ce5762c3e0091535a80e117c5f096f09c1f6518089ae45a0651028e3
tcn,mixed,29,bandpass_n20001_cRA_LA_V1_V6_independent_rms_s10,phase2/results/predictions/full/mixed/tcn/seed_29/bandpass_n20001_cRA_LA_V1_V6_independent_rms_s10.npz,76371,428f496cdd246a6d782f0c949fe916c26e8bee507a6616e1d375fa879ac83793
tcn,mixed,29,bandpass_n20001_cRA_LA_V1_V6_independent_rms_s5,phase2/results/predictions/full/mixed/tcn/seed_29/bandpass_n20001_cRA_LA_V1_V6_independent_rms_s5.npz,76248,49a92b155b6da115f6b29f3cf856e007911ebb717a4dbb101d91c564c1a5af6e
tcn,mixed,29,bandpass_n20001_cRA_LA_V1_V6_independent_rms_s0,phase2/results/predictions/full/mixed/tcn/seed_29/bandpass_n20001_cRA_LA_V1_V6_independent_rms_s0.npz,75942,8d9b6cea7caadf94248a105fc014e31a3b4325db19978af4bde4d4f68f9efb87
tcn,mixed,29,bandpass_n20001_cRA_LA_V1_V6_electrode_s20,phase2/results/predictions/full/mixed/tcn/seed_29/bandpass_n20001_cRA_LA_V1_V6_electrode_s20.npz,76367,13aea7a5fe3e7e60a4ad87792f83f3c3ee85027be58831227f712f1d00857dc5
tcn,mixed,29,bandpass_n20001_cRA_LA_V1_V6_electrode_s15,phase2/results/predictions/full/mixed/tcn/seed_29/bandpass_n20001_cRA_LA_V1_V6_electrode_s15.npz,76366,fdc00524f951cc0682c10588106d41f231f500f3648905ddb480da88bbb42482
tcn,mixed,29,bandpass_n20001_cRA_LA_V1_V6_electrode_s10,phase2/results/predictions/full/mixed/tcn/seed_29/bandpass_n20001_cRA_LA_V1_V6_electrode_s10.npz,76283,0ff5a91332495ad929791538873ef8bb11f3b1cecd1798d2bcee192371b43b38
tcn,mixed,29,bandpass_n20001_cRA_LA_V1_V6_electrode_s5,phase2/results/predictions/full/mixed/tcn/seed_29/bandpass_n20001_cRA_LA_V1_V6_electrode_s5.npz,76134,2db2d32dba4ef59e5906def10074ab4650459a69291aae0579af68cf902a3ce4
tcn,mixed,29,bandpass_n20001_cRA_LA_V1_V6_electrode_s0,phase2/results/predictions/full/mixed/tcn/seed_29/bandpass_n20001_cRA_LA_V1_V6_electrode_s0.npz,75673,655a5b5a4686a1398bce9e4b40929af7180aeef32e076d9ebf97d1741952b1d6
tcn,mixed,29,bandpass_n20001_cRA_LA_V1_V6_covariance_s20,phase2/results/predictions/full/mixed/tcn/seed_29/bandpass_n20001_cRA_LA_V1_V6_covariance_s20.npz,76381,65bbc0b3888b7a2838a2693e44e2ad828f1245fa13d5169f8be1fc8e8dca0764
tcn,mixed,29,bandpass_n20001_cRA_LA_V1_V6_covariance_s15,phase2/results/predictions/full/mixed/tcn/seed_29/bandpass_n20001_cRA_LA_V1_V6_covariance_s15.npz,76387,f4c000101bd27034f691e57c8b4c9cff0e24958d91160a7c514cbb9ba2266db8
tcn,mixed,29,bandpass_n20001_cRA_LA_V1_V6_covariance_s10,phase2/results/predictions/full/mixed/tcn/seed_29/bandpass_n20001_cRA_LA_V1_V6_covariance_s10.npz,76291,2a9f344d646770427427a51eaf2d44dc575bb7df7a7384d4bf1a50db599dd6f9
tcn,mixed,29,bandpass_n20001_cRA_LA_V1_V6_covariance_s5,phase2/results/predictions/full/mixed/tcn/seed_29/bandpass_n20001_cRA_LA_V1_V6_covariance_s5.npz,76129,ee0c9a40f0683c171877905477c3b8877c93e71c02c09ccfa28c536d241390cb
tcn,mixed,29,bandpass_n20001_cRA_LA_V1_V6_covariance_s0,phase2/results/predictions/full/mixed/tcn/seed_29/bandpass_n20001_cRA_LA_V1_V6_covariance_s0.npz,75688,e39e552f4ec82dec89acc17a552fbfc825138845d418637c90e03aaf31d22797
tcn,mixed,29,bandpass_n20001_cRA_V2_V5_independent_rms_s20,phase2/results/predictions/full/mixed/tcn/seed_29/bandpass_n20001_cRA_V2_V5_independent_rms_s20.npz,76383,10a2112588f734fce624e799b6d930315a5593e9394d6e5bcafc7a1467af4f69
tcn,mixed,29,bandpass_n20001_cRA_V2_V5_independent_rms_s15,phase2/results/predictions/full/mixed/tcn/seed_29/bandpass_n20001_cRA_V2_V5_independent_rms_s15.npz,76385,c75fdd495a6dfff9c362368e3499ee0c28947814ffc041ceb65bd4ccc009fdaf
tcn,mixed,29,bandpass_n20001_cRA_V2_V5_independent_rms_s10,phase2/results/predictions/full/mixed/tcn/seed_29/bandpass_n20001_cRA_V2_V5_independent_rms_s10.npz,76347,4d544d491ad7eacf249b268c2c0fb36febd76fb265ab7803cfeb120e56ea3a67
tcn,mixed,29,bandpass_n20001_cRA_V2_V5_independent_rms_s5,phase2/results/predictions/full/mixed/tcn/seed_29/bandpass_n20001_cRA_V2_V5_independent_rms_s5.npz,76217,c0b60c4abf062962a30f393540ff976bd79e5ed0c3ab1a572c34488ff2c1cbde
tcn,mixed,29,bandpass_n20001_cRA_V2_V5_independent_rms_s0,phase2/results/predictions/full/mixed/tcn/seed_29/bandpass_n20001_cRA_V2_V5_independent_rms_s0.npz,75972,cb60cf49f18204c6dbc28b41bdd4c395520d17d4a2a77934a0e259fab0200f2b
tcn,mixed,29,bandpass_n20001_cRA_V2_V5_electrode_s20,phase2/results/predictions/full/mixed/tcn/seed_29/bandpass_n20001_cRA_V2_V5_electrode_s20.npz,76382,5db46fd27d3cc0cff746cb13aa462882547149c38e1ee419eeb8f0d67b517664
tcn,mixed,29,bandpass_n20001_cRA_V2_V5_electrode_s15,phase2/results/predictions/full/mixed/tcn/seed_29/bandpass_n20001_cRA_V2_V5_electrode_s15.npz,76354,75c00bcaa2b21039444e0c5fe6fd86ff5ef7a200bfeec8967ea6e33157b9294f
tcn,mixed,29,bandpass_n20001_cRA_V2_V5_electrode_s10,phase2/results/predictions/full/mixed/tcn/seed_29/bandpass_n20001_cRA_V2_V5_electrode_s10.npz,76281,0c44495a73402be1608b27636ea1e3a1dd56cd7fe9215654bf14a9c8c6a67850
tcn,mixed,29,bandpass_n20001_cRA_V2_V5_electrode_s5,phase2/results/predictions/full/mixed/tcn/seed_29/bandpass_n20001_cRA_V2_V5_electrode_s5.npz,76147,a720eaab52dbb6c99cf2b23c0808ff96633fd94339cc0b30e12c43fb2d929f5d
tcn,mixed,29,bandpass_n20001_cRA_V2_V5_electrode_s0,phase2/results/predictions/full/mixed/tcn/seed_29/bandpass_n20001_cRA_V2_V5_electrode_s0.npz,75634,0cbbd17b8ca25d59ac3731e3ce87236aa97fa2bc5cea3e78bbc74ff437fee974
tcn,mixed,29,bandpass_n20001_cRA_V2_V5_covariance_s20,phase2/results/predictions/full/mixed/tcn/seed_29/bandpass_n20001_cRA_V2_V5_covariance_s20.npz,76390,4eab0321112dca5f2e91b3728941dfc139231467b789aee726d58cf7cbbb24d3
tcn,mixed,29,bandpass_n20001_cRA_V2_V5_covariance_s15,phase2/results/predictions/full/mixed/tcn/seed_29/bandpass_n20001_cRA_V2_V5_covariance_s15.npz,76357,3e3f849ec07410a6e636c649ec119dda77e2e119f76cda24c716d2da8d75b185
tcn,mixed,29,bandpass_n20001_cRA_V2_V5_covariance_s10,phase2/results/predictions/full/mixed/tcn/seed_29/bandpass_n20001_cRA_V2_V5_covariance_s10.npz,76260,c17a3ac4f240779fc82adb7157e872b00c14427839fb5da5c95fe6447e006c63
tcn,mixed,29,bandpass_n20001_cRA_V2_V5_covariance_s5,phase2/results/predictions/full/mixed/tcn/seed_29/bandpass_n20001_cRA_V2_V5_covariance_s5.npz,76127,4d151bb3873f8a5ac45152cb0d99316dd11e1b1e3a7777b13d6878a8cf5e9365
tcn,mixed,29,bandpass_n20001_cRA_V2_V5_covariance_s0,phase2/results/predictions/full/mixed/tcn/seed_29/bandpass_n20001_cRA_V2_V5_covariance_s0.npz,75625,ca310e0358442232f444777630b8b48404d45801de224ae3dc348068f8ece793
tcn,mixed,29,bandpass_n20001_cLA_V3_V6_independent_rms_s20,phase2/results/predictions/full/mixed/tcn/seed_29/bandpass_n20001_cLA_V3_V6_independent_rms_s20.npz,76397,fd478049741c63ccfe0eb9d8cbe5634dd6ab23f6a39d07869ff406fd952df94e
tcn,mixed,29,bandpass_n20001_cLA_V3_V6_independent_rms_s15,phase2/results/predictions/full/mixed/tcn/seed_29/bandpass_n20001_cLA_V3_V6_independent_rms_s15.npz,76409,0815baea04cefd23bb61beb9313e9b92edcbc0953dadc6d55fd190a4a04b361a
tcn,mixed,29,bandpass_n20001_cLA_V3_V6_independent_rms_s10,phase2/results/predictions/full/mixed/tcn/seed_29/bandpass_n20001_cLA_V3_V6_independent_rms_s10.npz,76356,f94cd1884423a4cec6913b3cdad2b8bc2f0fabc68fde17fc1959ca10c768c4d3
tcn,mixed,29,bandpass_n20001_cLA_V3_V6_independent_rms_s5,phase2/results/predictions/full/mixed/tcn/seed_29/bandpass_n20001_cLA_V3_V6_independent_rms_s5.npz,76249,66774731bfc06b231dded0b14a73860e1ac7d77fbde945f394d3a69654c8678c
tcn,mixed,29,bandpass_n20001_cLA_V3_V6_independent_rms_s0,phase2/results/predictions/full/mixed/tcn/seed_29/bandpass_n20001_cLA_V3_V6_independent_rms_s0.npz,75996,af5610efe5d3f86ba7a7ca4e63ef467b393fd5e6aa7aa9349f84bafde077121a
tcn,mixed,29,bandpass_n20001_cLA_V3_V6_electrode_s20,phase2/results/predictions/full/mixed/tcn/seed_29/bandpass_n20001_cLA_V3_V6_electrode_s20.npz,76346,60218d312680abe1681a092b9f6dd2d13ef10ac557238b76c95071e7c5db2299
tcn,mixed,29,bandpass_n20001_cLA_V3_V6_electrode_s15,phase2/results/predictions/full/mixed/tcn/seed_29/bandpass_n20001_cLA_V3_V6_electrode_s15.npz,76381,3a60d3406c674ced5489329f12db49eb39f903ec2b25801d5f117a4768edbbb7
tcn,mixed,29,bandpass_n20001_cLA_V3_V6_electrode_s10,phase2/results/predictions/full/mixed/tcn/seed_29/bandpass_n20001_cLA_V3_V6_electrode_s10.npz,76326,7b3cec7ce2f489b9e2855a3dcef81d623ff9c015e592e89214f40556f3b00753
tcn,mixed,29,bandpass_n20001_cLA_V3_V6_electrode_s5,phase2/results/predictions/full/mixed/tcn/seed_29/bandpass_n20001_cLA_V3_V6_electrode_s5.npz,76181,27608eec037ee72c7a2c373dc3b98e3cf71a0b56a5d8a10e00e96b60b3f1842f
tcn,mixed,29,bandpass_n20001_cLA_V3_V6_electrode_s0,phase2/results/predictions/full/mixed/tcn/seed_29/bandpass_n20001_cLA_V3_V6_electrode_s0.npz,75897,2588d16902bc12529e22b6b4fdd5071bec5e3807baae7414f2a153e63afc72c7
tcn,mixed,29,bandpass_n20001_cLA_V3_V6_covariance_s20,phase2/results/predictions/full/mixed/tcn/seed_29/bandpass_n20001_cLA_V3_V6_covariance_s20.npz,76392,26738ee8e567edf5caac8e94e76ae0d9ce0edd9dcdf01fb8cc08ee16312d165d
tcn,mixed,29,bandpass_n20001_cLA_V3_V6_covariance_s15,phase2/results/predictions/full/mixed/tcn/seed_29/bandpass_n20001_cLA_V3_V6_covariance_s15.npz,76371,f647cb2933850f4655544d363698702804764435b11ed6458fd8e52188729960
tcn,mixed,29,bandpass_n20001_cLA_V3_V6_covariance_s10,phase2/results/predictions/full/mixed/tcn/seed_29/bandpass_n20001_cLA_V3_V6_covariance_s10.npz,76350,b4deb638156f8113cb365c818f5a151cdd58f01f2522db72510a58537f91e8a3
tcn,mixed,29,bandpass_n20001_cLA_V3_V6_covariance_s5,phase2/results/predictions/full/mixed/tcn/seed_29/bandpass_n20001_cLA_V3_V6_covariance_s5.npz,76210,8f0ba186730df68137328ab4d35869eba85d00de0c51947df395b267d64ddebc
tcn,mixed,29,bandpass_n20001_cLA_V3_V6_covariance_s0,phase2/results/predictions/full/mixed/tcn/seed_29/bandpass_n20001_cLA_V3_V6_covariance_s0.npz,75882,adff7f6882d4f12fd64c585d49033be5867d7b020b9ae0e6a84ab5a0880c7867
tcn,mixed,29,bandpass_n20001_cLL_V1_V4_independent_rms_s20,phase2/results/predictions/full/mixed/tcn/seed_29/bandpass_n20001_cLL_V1_V4_independent_rms_s20.npz,76388,d6d775fd6c0d39cfbf3368076b00134ab79bc5ec0e384f110abeb9cb6cbe1f3e
tcn,mixed,29,bandpass_n20001_cLL_V1_V4_independent_rms_s15,phase2/results/predictions/full/mixed/tcn/seed_29/bandpass_n20001_cLL_V1_V4_independent_rms_s15.npz,76370,2a736e7a148a673c0ab5de59bbf767e8b3f2b7e82f80d2c4d738aa951ffa3576
tcn,mixed,29,bandpass_n20001_cLL_V1_V4_independent_rms_s10,phase2/results/predictions/full/mixed/tcn/seed_29/bandpass_n20001_cLL_V1_V4_independent_rms_s10.npz,76345,09bdc4a27ab1239c3667ad20b8fce19ec4966f11546685ad29be3eb3fee8df27
tcn,mixed,29,bandpass_n20001_cLL_V1_V4_independent_rms_s5,phase2/results/predictions/full/mixed/tcn/seed_29/bandpass_n20001_cLL_V1_V4_independent_rms_s5.npz,76243,58e39842bbd806de3a8100a81c2599d1006c20f93c427fd8e05372a5c411e643
tcn,mixed,29,bandpass_n20001_cLL_V1_V4_independent_rms_s0,phase2/results/predictions/full/mixed/tcn/seed_29/bandpass_n20001_cLL_V1_V4_independent_rms_s0.npz,75943,5085010326f6e391100f0e4fd5a6596de1b6f09557d056af91a76912791a80e8
tcn,mixed,29,bandpass_n20001_cLL_V1_V4_electrode_s20,phase2/results/predictions/full/mixed/tcn/seed_29/bandpass_n20001_cLL_V1_V4_electrode_s20.npz,76358,d829850a266e99c156a8120b6f876ec41d2a3267310a6252ab776976ec60244c
tcn,mixed,29,bandpass_n20001_cLL_V1_V4_electrode_s15,phase2/results/predictions/full/mixed/tcn/seed_29/bandpass_n20001_cLL_V1_V4_electrode_s15.npz,76374,242a3cfcb835594d7be0ddfd5049bf846b049933080e83c581ce7490eb8b3272
tcn,mixed,29,bandpass_n20001_cLL_V1_V4_electrode_s10,phase2/results/predictions/full/mixed/tcn/seed_29/bandpass_n20001_cLL_V1_V4_electrode_s10.npz,76317,1461bc21ee6a31886e255f915753f30607757f6fe22f70f6311f308af693b37d
tcn,mixed,29,bandpass_n20001_cLL_V1_V4_electrode_s5,phase2/results/predictions/full/mixed/tcn/seed_29/bandpass_n20001_cLL_V1_V4_electrode_s5.npz,76174,29cf46357854911ea8e8f31217a939cad98ba85d231f2c2b47a528e41b1405a2
tcn,mixed,29,bandpass_n20001_cLL_V1_V4_electrode_s0,phase2/results/predictions/full/mixed/tcn/seed_29/bandpass_n20001_cLL_V1_V4_electrode_s0.npz,75847,f317e79ae5e409b5a273ca82dc4a50267bee04de53ee61427914217afe3c482a
tcn,mixed,29,bandpass_n20001_cLL_V1_V4_covariance_s20,phase2/results/predictions/full/mixed/tcn/seed_29/bandpass_n20001_cLL_V1_V4_covariance_s20.npz,76393,b2718e1774e1dc6ae250a8b286eb4d105b4f358f326ff523ac6322be55f36291
tcn,mixed,29,bandpass_n20001_cLL_V1_V4_covariance_s15,phase2/results/predictions/full/mixed/tcn/seed_29/bandpass_n20001_cLL_V1_V4_covariance_s15.npz,76354,e360bf610b918d99678d3224661c072605ce6f97ab2b77284003e4c0cc6e5d01
tcn,mixed,29,bandpass_n20001_cLL_V1_V4_covariance_s10,phase2/results/predictions/full/mixed/tcn/seed_29/bandpass_n20001_cLL_V1_V4_covariance_s10.npz,76307,b3d53a3df8de6f91e1fd364af8526df6a016281b74833bb75ca8311b3d1a5313
tcn,mixed,29,bandpass_n20001_cLL_V1_V4_covariance_s5,phase2/results/predictions/full/mixed/tcn/seed_29/bandpass_n20001_cLL_V1_V4_covariance_s5.npz,76178,29647fac24fe579de059e717258adbe24b9cb1f966e62a6db44d2d576d971e1c
tcn,mixed,29,bandpass_n20001_cLL_V1_V4_covariance_s0,phase2/results/predictions/full/mixed/tcn/seed_29/bandpass_n20001_cLL_V1_V4_covariance_s0.npz,75869,f4013b765f351cdaf00fae0623bdcf08447fe5e01a279e815f749d9790a98566
tcn,mixed,29,bandpass_n20001_call_independent_rms_s20,phase2/results/predictions/full/mixed/tcn/seed_29/bandpass_n20001_call_independent_rms_s20.npz,76327,eb8b8e9d4d40684bef9ed4ae55a28f380ff87f0b8466d965b390862be63e1479
tcn,mixed,29,bandpass_n20001_call_independent_rms_s15,phase2/results/predictions/full/mixed/tcn/seed_29/bandpass_n20001_call_independent_rms_s15.npz,76364,258811759469e4089c3f2e85bf44a9c96ec2e99637ce8868bd72991e0c466f1d
tcn,mixed,29,bandpass_n20001_call_independent_rms_s10,phase2/results/predictions/full/mixed/tcn/seed_29/bandpass_n20001_call_independent_rms_s10.npz,76349,d73029c82426b84e99a1189f8fbf65fcce071331d489e53c1b84a947ab51df95
tcn,mixed,29,bandpass_n20001_call_independent_rms_s5,phase2/results/predictions/full/mixed/tcn/seed_29/bandpass_n20001_call_independent_rms_s5.npz,76217,fe0ec3d1029d703f585b8bbd42a6ec3bcb8ce6e8f393eb3af7ad3341b2af247d
tcn,mixed,29,bandpass_n20001_call_independent_rms_s0,phase2/results/predictions/full/mixed/tcn/seed_29/bandpass_n20001_call_independent_rms_s0.npz,75922,3dd9bed4a3ada86f6573662005103108c726d4e87e0d949ef6db33d75a7e7907
tcn,mixed,29,bandpass_n20001_call_electrode_s20,phase2/results/predictions/full/mixed/tcn/seed_29/bandpass_n20001_call_electrode_s20.npz,76342,eaad7a67b82cd48103deb2b2292546d40731563177512466c8bb84417666972c
tcn,mixed,29,bandpass_n20001_call_electrode_s15,phase2/results/predictions/full/mixed/tcn/seed_29/bandpass_n20001_call_electrode_s15.npz,76305,c80ae6cfd953f963ff5c799eeb302f58163eaac5ae9ba72fb177b4f0b2d2f23b
tcn,mixed,29,bandpass_n20001_call_electrode_s10,phase2/results/predictions/full/mixed/tcn/seed_29/bandpass_n20001_call_electrode_s10.npz,76281,79bc1460822c537022924df69eb10aa623fe3047818fbaf0938085676bbbc3d4
tcn,mixed,29,bandpass_n20001_call_electrode_s5,phase2/results/predictions/full/mixed/tcn/seed_29/bandpass_n20001_call_electrode_s5.npz,76135,9d07d0e611d85ea586bbc787efee882b3134baf1533ea41a3f299294fefa75d3
tcn,mixed,29,bandpass_n20001_call_electrode_s0,phase2/results/predictions/full/mixed/tcn/seed_29/bandpass_n20001_call_electrode_s0.npz,75721,3a5697f9a72367f23c917d9c68f82dd08e8eecfa73dbced0ead914db41291068
tcn,mixed,29,bandpass_n20001_call_covariance_s20,phase2/results/predictions/full/mixed/tcn/seed_29/bandpass_n20001_call_covariance_s20.npz,76330,65cb74d27b61b677371f6b7efb82e3e978439386d18b5c6328e9f22a2d2f8e45
tcn,mixed,29,bandpass_n20001_call_covariance_s15,phase2/results/predictions/full/mixed/tcn/seed_29/bandpass_n20001_call_covariance_s15.npz,76343,e9b9deaf2144bd52eaa23666676cb0f03e02f4516a297f125199eee893a5cdc1
tcn,mixed,29,bandpass_n20001_call_covariance_s10,phase2/results/predictions/full/mixed/tcn/seed_29/bandpass_n20001_call_covariance_s10.npz,76297,301a7d5d8691e537187b2ec1746f99624d3b894df1f27e7103e5da60bea2f5f4
tcn,mixed,29,bandpass_n20001_call_covariance_s5,phase2/results/predictions/full/mixed/tcn/seed_29/bandpass_n20001_call_covariance_s5.npz,76118,f201cdc2babf209f69527e65d1f4262939744ace2826223a15a0be65b1b44d55
tcn,mixed,29,bandpass_n20001_call_covariance_s0,phase2/results/predictions/full/mixed/tcn/seed_29/bandpass_n20001_call_covariance_s0.npz,75722,a636a8b9e6b8c0d7187416f0af6a9531c1630bce0fcf85455edb8e288e2e6bad
tcn,mixed,29,bandpass_n20002_cRA_LA_LL_independent_rms_s20,phase2/results/predictions/full/mixed/tcn/seed_29/bandpass_n20002_cRA_LA_LL_independent_rms_s20.npz,76381,269257abc38a1ad401c0778d6d96f90a3a6b478b1dcf0bafafaba9321f68ae9a
tcn,mixed,29,bandpass_n20002_cRA_LA_LL_independent_rms_s15,phase2/results/predictions/full/mixed/tcn/seed_29/bandpass_n20002_cRA_LA_LL_independent_rms_s15.npz,76380,5e27b91038adff644e5391fdb5d95fbf4504d05024bc631f27d2e94eff902e52
tcn,mixed,29,bandpass_n20002_cRA_LA_LL_independent_rms_s10,phase2/results/predictions/full/mixed/tcn/seed_29/bandpass_n20002_cRA_LA_LL_independent_rms_s10.npz,76376,7c62995f8347d09d15ac657a235020e17062592fe669ea687f5ddc5b3b601bf7
tcn,mixed,29,bandpass_n20002_cRA_LA_LL_independent_rms_s5,phase2/results/predictions/full/mixed/tcn/seed_29/bandpass_n20002_cRA_LA_LL_independent_rms_s5.npz,76244,5cb07ef3ffd93b6dad23fc25c611e066924020b004e0c4b0b6793a01ade5dc76
tcn,mixed,29,bandpass_n20002_cRA_LA_LL_independent_rms_s0,phase2/results/predictions/full/mixed/tcn/seed_29/bandpass_n20002_cRA_LA_LL_independent_rms_s0.npz,75935,dfd859b81e1428da4cace01094a7635890224e7c00f09aa2b9a5dc7b4f3048d0
tcn,mixed,29,bandpass_n20002_cRA_LA_LL_electrode_s20,phase2/results/predictions/full/mixed/tcn/seed_29/bandpass_n20002_cRA_LA_LL_electrode_s20.npz,76367,82553f766b7e1a9878a28e968eba288305e6781157c33ec275cde2e4a87641cb
tcn,mixed,29,bandpass_n20002_cRA_LA_LL_electrode_s15,phase2/results/predictions/full/mixed/tcn/seed_29/bandpass_n20002_cRA_LA_LL_electrode_s15.npz,76358,eec26cbbf931e37201627dbf2969cc4f903c45e7530add881da1e994fa3659ba
tcn,mixed,29,bandpass_n20002_cRA_LA_LL_electrode_s10,phase2/results/predictions/full/mixed/tcn/seed_29/bandpass_n20002_cRA_LA_LL_electrode_s10.npz,76277,2c906c5e9751117ce157b85aad4245a3141d9f47478dd8628146467ea38eb529
tcn,mixed,29,bandpass_n20002_cRA_LA_LL_electrode_s5,phase2/results/predictions/full/mixed/tcn/seed_29/bandpass_n20002_cRA_LA_LL_electrode_s5.npz,76107,4b95ba0f987f813bdfa2458c334929be858696698bafb1735ab94c902ef88049
tcn,mixed,29,bandpass_n20002_cRA_LA_LL_electrode_s0,phase2/results/predictions/full/mixed/tcn/seed_29/bandpass_n20002_cRA_LA_LL_electrode_s0.npz,75657,bb0ed5beb6523ae3fb7d8bb98e0bcceaca1c0d9ccb89366132bab8fc7bd997f7
tcn,mixed,29,bandpass_n20002_cRA_LA_LL_covariance_s20,phase2/results/predictions/full/mixed/tcn/seed_29/bandpass_n20002_cRA_LA_LL_covariance_s20.npz,76366,8002f993efb3c9c9c6eca5729d983d9df373f849ba0ad218218946b3423834e8
tcn,mixed,29,bandpass_n20002_cRA_LA_LL_covariance_s15,phase2/results/predictions/full/mixed/tcn/seed_29/bandpass_n20002_cRA_LA_LL_covariance_s15.npz,76351,e00867ddc34634589b6afb4e33591ce7fe5738f50ee1b75a579858e0a5931846
tcn,mixed,29,bandpass_n20002_cRA_LA_LL_covariance_s10,phase2/results/predictions/full/mixed/tcn/seed_29/bandpass_n20002_cRA_LA_LL_covariance_s10.npz,76246,fc101d8e7413432470982aff1390d5d14af0c720a90449e576e947f6a799055a
tcn,mixed,29,bandpass_n20002_cRA_LA_LL_covariance_s5,phase2/results/predictions/full/mixed/tcn/seed_29/bandpass_n20002_cRA_LA_LL_covariance_s5.npz,76129,cf9f37a6d076ced89583dff1c0fcff8db26e8ea046539001227a634602b15f23
tcn,mixed,29,bandpass_n20002_cRA_LA_LL_covariance_s0,phase2/results/predictions/full/mixed/tcn/seed_29/bandpass_n20002_cRA_LA_LL_covariance_s0.npz,75631,4e9c8a2cc95949aba39b1cefbc7e3e1988a81867afa6ddfc488901caf1272f9f
tcn,mixed,29,bandpass_n20002_cV1_independent_rms_s20,phase2/results/predictions/full/mixed/tcn/seed_29/bandpass_n20002_cV1_independent_rms_s20.npz,76370,ec7a1f91e1164cef73c2d4978e11f7f69668b5db7bde6829c38a354549abc310
tcn,mixed,29,bandpass_n20002_cV1_independent_rms_s15,phase2/results/predictions/full/mixed/tcn/seed_29/bandpass_n20002_cV1_independent_rms_s15.npz,76319,d336949da9f2f959208a2e8b01bd4d282faa0972c9f24460a4b2b89a89e65f27
tcn,mixed,29,bandpass_n20002_cV1_independent_rms_s10,phase2/results/predictions/full/mixed/tcn/seed_29/bandpass_n20002_cV1_independent_rms_s10.npz,76313,6b3a5ba1aa8139f54f7e5c1a992b0849fed82509a322cc5fc6e5340f9d5c43d8
tcn,mixed,29,bandpass_n20002_cV1_independent_rms_s5,phase2/results/predictions/full/mixed/tcn/seed_29/bandpass_n20002_cV1_independent_rms_s5.npz,76168,d612814c1eba410318cca9100bc94e7427c4bbb3fb20356cf139beececc0f58a
tcn,mixed,29,bandpass_n20002_cV1_independent_rms_s0,phase2/results/predictions/full/mixed/tcn/seed_29/bandpass_n20002_cV1_independent_rms_s0.npz,75833,9c29b9e15e7eb26034f720abc02f69a310e5779c2b4164b439037cad24689b75
tcn,mixed,29,bandpass_n20002_cV1_electrode_s20,phase2/results/predictions/full/mixed/tcn/seed_29/bandpass_n20002_cV1_electrode_s20.npz,76333,7525b20500d3204d7230d296aa7dedd5eb237f82e7f4978959e014d9479b0a3d
tcn,mixed,29,bandpass_n20002_cV1_electrode_s15,phase2/results/predictions/full/mixed/tcn/seed_29/bandpass_n20002_cV1_electrode_s15.npz,76333,02987751716529e235a4337d3a59887ef05a1985364f31d0676fe648e914e6c6
tcn,mixed,29,bandpass_n20002_cV1_electrode_s10,phase2/results/predictions/full/mixed/tcn/seed_29/bandpass_n20002_cV1_electrode_s10.npz,76281,39ca6b561397e51a10434af87e17cd891ff3e98fd8075186124b3a7ea7a1efac
tcn,mixed,29,bandpass_n20002_cV1_electrode_s5,phase2/results/predictions/full/mixed/tcn/seed_29/bandpass_n20002_cV1_electrode_s5.npz,76176,ce9f1f8927e82ae5e1844f8dbb6f8a46cc6e9edb52f841e99bb1a985adf20733
tcn,mixed,29,bandpass_n20002_cV1_electrode_s0,phase2/results/predictions/full/mixed/tcn/seed_29/bandpass_n20002_cV1_electrode_s0.npz,75823,ce273bb9a363446452a8ba68d375fd9d8a2f11b0f99fc7bf2b9a53852a09414b
tcn,mixed,29,bandpass_n20002_cV1_covariance_s20,phase2/results/predictions/full/mixed/tcn/seed_29/bandpass_n20002_cV1_covariance_s20.npz,76339,172c408e39e7e519e9b73f82d714c7fdf13952e463a175c614d1d83bfeef9370
tcn,mixed,29,bandpass_n20002_cV1_covariance_s15,phase2/results/predictions/full/mixed/tcn/seed_29/bandpass_n20002_cV1_covariance_s15.npz,76348,8ae7e9896cd5430fa313f64636d5b7621c0e54c59eef27aab1abdb434cd8aaac
tcn,mixed,29,bandpass_n20002_cV1_covariance_s10,phase2/results/predictions/full/mixed/tcn/seed_29/bandpass_n20002_cV1_covariance_s10.npz,76305,c943c814f32ff8011a1297294cad449e9b452ec36ae8045d554f0140760678d9
tcn,mixed,29,bandpass_n20002_cV1_covariance_s5,phase2/results/predictions/full/mixed/tcn/seed_29/bandpass_n20002_cV1_covariance_s5.npz,76161,e44f2e814fc0b0e2af42b46c9128e06c6f3b6bc5684d8ccbf55f07d5652b016c
tcn,mixed,29,bandpass_n20002_cV1_covariance_s0,phase2/results/predictions/full/mixed/tcn/seed_29/bandpass_n20002_cV1_covariance_s0.npz,75818,3399f7172246b56a0d1924a32c3feb33c23121cc6782e17afc7f5029bdd10d6f
tcn,mixed,29,bandpass_n20002_cV2_independent_rms_s20,phase2/results/predictions/full/mixed/tcn/seed_29/bandpass_n20002_cV2_independent_rms_s20.npz,76338,73b0a628f3e497252a26e27528372d618895fc65db2ac1684095544f7337e076
tcn,mixed,29,bandpass_n20002_cV2_independent_rms_s15,phase2/results/predictions/full/mixed/tcn/seed_29/bandpass_n20002_cV2_independent_rms_s15.npz,76393,4249374377b2f8ad45b476de5da3f2a856c80bbaebd00f4ec61bcf73b7cf5f1c
tcn,mixed,29,bandpass_n20002_cV2_independent_rms_s10,phase2/results/predictions/full/mixed/tcn/seed_29/bandpass_n20002_cV2_independent_rms_s10.npz,76297,653e3554b28f4e8af2a3dde38636ae74e84db2d29bb0da28ff8efd38a5a916c5
tcn,mixed,29,bandpass_n20002_cV2_independent_rms_s5,phase2/results/predictions/full/mixed/tcn/seed_29/bandpass_n20002_cV2_independent_rms_s5.npz,76192,88a9ab2db284792afc5b4bdf6ebb513d7538e5433abb4d587e6ed8a66404ea08
tcn,mixed,29,bandpass_n20002_cV2_independent_rms_s0,phase2/results/predictions/full/mixed/tcn/seed_29/bandpass_n20002_cV2_independent_rms_s0.npz,75921,12bbd8810f8182de1947b5411b050d98a1fe56b7e200b92997f836d31747f692
tcn,mixed,29,bandpass_n20002_cV2_electrode_s20,phase2/results/predictions/full/mixed/tcn/seed_29/bandpass_n20002_cV2_electrode_s20.npz,76371,3ca96405e383ce6ce6b0e680c10e428180f1baa2610404fce47818137970d32f
tcn,mixed,29,bandpass_n20002_cV2_electrode_s15,phase2/results/predictions/full/mixed/tcn/seed_29/bandpass_n20002_cV2_electrode_s15.npz,76392,c3cd8eda79f385ff845f2ef6626ce3f8d3415dc414b57ed7cbee6076e3a4f883
tcn,mixed,29,bandpass_n20002_cV2_electrode_s10,phase2/results/predictions/full/mixed/tcn/seed_29/bandpass_n20002_cV2_electrode_s10.npz,76334,869e6186c211264f4efef6588d82d812d56fa2f092c7e8a6cff9679242301dba
tcn,mixed,29,bandpass_n20002_cV2_electrode_s5,phase2/results/predictions/full/mixed/tcn/seed_29/bandpass_n20002_cV2_electrode_s5.npz,76192,268b912eeb2f706165b1bb5d28b406ab8aef9b2f58c12e2cbd8004b0a0b51c32
tcn,mixed,29,bandpass_n20002_cV2_electrode_s0,phase2/results/predictions/full/mixed/tcn/seed_29/bandpass_n20002_cV2_electrode_s0.npz,75931,c652e1a6a37a571910dd2ff1fec1effa9e94db5d120e77eaee58883b567651b7
tcn,mixed,29,bandpass_n20002_cV2_covariance_s20,phase2/results/predictions/full/mixed/tcn/seed_29/bandpass_n20002_cV2_covariance_s20.npz,76360,99a6a530fd38e0f9fc9d5f1bbc0bc9604a3af40e903655391d2fedcee73c83de
tcn,mixed,29,bandpass_n20002_cV2_covariance_s15,phase2/results/predictions/full/mixed/tcn/seed_29/bandpass_n20002_cV2_covariance_s15.npz,76377,48ba601377fe74f3e0a953b91d385a85fe6ce87522e05467fcb9abceecee5faa
tcn,mixed,29,bandpass_n20002_cV2_covariance_s10,phase2/results/predictions/full/mixed/tcn/seed_29/bandpass_n20002_cV2_covariance_s10.npz,76312,a2d79dea66f186cac3d97155cc4f12c0dbbbc4cab1333c552b806cea4ca4f01e
tcn,mixed,29,bandpass_n20002_cV2_covariance_s5,phase2/results/predictions/full/mixed/tcn/seed_29/bandpass_n20002_cV2_covariance_s5.npz,76176,29c6afcea9a757aeca1bd6ab733d1072fdbbf532292cea51758615c64bce33b2
tcn,mixed,29,bandpass_n20002_cV2_covariance_s0,phase2/results/predictions/full/mixed/tcn/seed_29/bandpass_n20002_cV2_covariance_s0.npz,75916,dcaa7f0d03791b3579cec3eb19d26c7476ce045ed30aac950e44a2068dd4e210
tcn,mixed,29,bandpass_n20002_cV3_independent_rms_s20,phase2/results/predictions/full/mixed/tcn/seed_29/bandpass_n20002_cV3_independent_rms_s20.npz,76366,0400d6fd0fd28b9d08c55e1131d07e8c9690093ec3ea60458addbad61bfa42cb
tcn,mixed,29,bandpass_n20002_cV3_independent_rms_s15,phase2/results/predictions/full/mixed/tcn/seed_29/bandpass_n20002_cV3_independent_rms_s15.npz,76366,421e7552757d7251d3fa4bd97a0169e5feb4cffb86fe1154f5da17b7665a0577
tcn,mixed,29,bandpass_n20002_cV3_independent_rms_s10,phase2/results/predictions/full/mixed/tcn/seed_29/bandpass_n20002_cV3_independent_rms_s10.npz,76361,fcdb1e7dd8e1b096a22322048b5dd8f7ed053405aebdf7c58fc4b7112ec367a3
tcn,mixed,29,bandpass_n20002_cV3_independent_rms_s5,phase2/results/predictions/full/mixed/tcn/seed_29/bandpass_n20002_cV3_independent_rms_s5.npz,76312,b4391038264c0e5772cab22af4408001fe21ffc99b02c0d052d13ec717d01477
tcn,mixed,29,bandpass_n20002_cV3_independent_rms_s0,phase2/results/predictions/full/mixed/tcn/seed_29/bandpass_n20002_cV3_independent_rms_s0.npz,76207,7d6e9268a1e8d7ddaa7d688b93f49ccfd9ebf450d816ca3fbd36a571895ef4fb
tcn,mixed,29,bandpass_n20002_cV3_electrode_s20,phase2/results/predictions/full/mixed/tcn/seed_29/bandpass_n20002_cV3_electrode_s20.npz,76326,c7d93241e8410c09b18d85881764598fb4c46622851836f6d22bd6f704282304
tcn,mixed,29,bandpass_n20002_cV3_electrode_s15,phase2/results/predictions/full/mixed/tcn/seed_29/bandpass_n20002_cV3_electrode_s15.npz,76363,9c1a6f49f5ecc61e8581ee1be5cbbaac1219cb44f09c3d0dba9f1f8ee73ef1ad
tcn,mixed,29,bandpass_n20002_cV3_electrode_s10,phase2/results/predictions/full/mixed/tcn/seed_29/bandpass_n20002_cV3_electrode_s10.npz,76336,7607262c504e3d2b71eeb6bc6efdc8a936f546da6968cfe9c3f23a4cc0efa9c0
tcn,mixed,29,bandpass_n20002_cV3_electrode_s5,phase2/results/predictions/full/mixed/tcn/seed_29/bandpass_n20002_cV3_electrode_s5.npz,76336,ae995dcc01c9db20e5fbc2fcfa1c6edaea23dada0126d319678bd93597b78abf
tcn,mixed,29,bandpass_n20002_cV3_electrode_s0,phase2/results/predictions/full/mixed/tcn/seed_29/bandpass_n20002_cV3_electrode_s0.npz,76225,7facdea55f9a592ec263dd8a6028c7d6ec01a804d097e2fd25a7eb0d980fc756
tcn,mixed,29,bandpass_n20002_cV3_covariance_s20,phase2/results/predictions/full/mixed/tcn/seed_29/bandpass_n20002_cV3_covariance_s20.npz,76359,f41a9584577e199b5f9c7507009b114ad14d10df809bb9a0ac38530bd0151bc3
tcn,mixed,29,bandpass_n20002_cV3_covariance_s15,phase2/results/predictions/full/mixed/tcn/seed_29/bandpass_n20002_cV3_covariance_s15.npz,76346,c30973daabfd386d66f313024b591a383ac36f54718177ddb3da8ae6cb7b22bb
tcn,mixed,29,bandpass_n20002_cV3_covariance_s10,phase2/results/predictions/full/mixed/tcn/seed_29/bandpass_n20002_cV3_covariance_s10.npz,76354,9e2f63f50e5050689d74bd703e73829261c57a31d865b47b2429818d9c05f2fc
tcn,mixed,29,bandpass_n20002_cV3_covariance_s5,phase2/results/predictions/full/mixed/tcn/seed_29/bandpass_n20002_cV3_covariance_s5.npz,76339,d78cc25fca68d0ad7a7e79082669ed89bebbb2d6e17105e149c1a4bfac43b098
tcn,mixed,29,bandpass_n20002_cV3_covariance_s0,phase2/results/predictions/full/mixed/tcn/seed_29/bandpass_n20002_cV3_covariance_s0.npz,76209,b555f107787bf8f7dc24a45054ce20b40303dfd012fe935fb0895f9980f55f21
tcn,mixed,29,bandpass_n20002_cV4_independent_rms_s20,phase2/results/predictions/full/mixed/tcn/seed_29/bandpass_n20002_cV4_independent_rms_s20.npz,76380,a7bca7e5e3cb4b9ea97e87198634974ceb681f54fa35d6c6f60cbdcc4b6c963f
tcn,mixed,29,bandpass_n20002_cV4_independent_rms_s15,phase2/results/predictions/full/mixed/tcn/seed_29/bandpass_n20002_cV4_independent_rms_s15.npz,76368,2ac7e0226f14b7d01ac56f2697a8300a420d196aad978bbdcc583ea8af00d2f7
tcn,mixed,29,bandpass_n20002_cV4_independent_rms_s10,phase2/results/predictions/full/mixed/tcn/seed_29/bandpass_n20002_cV4_independent_rms_s10.npz,76379,2ced2ab4baa65a122bbb26088a712efebd79542cef3e3321c1b1341f757dc350
tcn,mixed,29,bandpass_n20002_cV4_independent_rms_s5,phase2/results/predictions/full/mixed/tcn/seed_29/bandpass_n20002_cV4_independent_rms_s5.npz,76262,2c39797fc49d2fb8686ef3f42c19b6962c10769abe44a88abdbb833a28dfb4e6
tcn,mixed,29,bandpass_n20002_cV4_independent_rms_s0,phase2/results/predictions/full/mixed/tcn/seed_29/bandpass_n20002_cV4_independent_rms_s0.npz,76093,299dafef53e9f6b33053f7ee16f47288d4b4a5e4c40f2dbeafd3f750adbaa7ee
tcn,mixed,29,bandpass_n20002_cV4_electrode_s20,phase2/results/predictions/full/mixed/tcn/seed_29/bandpass_n20002_cV4_electrode_s20.npz,76353,34b51341945ef4ece04416c38ff58cce863197e17fb1c9b39765ec9a9bad196f
tcn,mixed,29,bandpass_n20002_cV4_electrode_s15,phase2/results/predictions/full/mixed/tcn/seed_29/bandpass_n20002_cV4_electrode_s15.npz,76371,7d600f4585d3e0377719195cc77f490b5eb5bd3e1118d85a96303606eb70df0f
tcn,mixed,29,bandpass_n20002_cV4_electrode_s10,phase2/results/predictions/full/mixed/tcn/seed_29/bandpass_n20002_cV4_electrode_s10.npz,76350,6f22d9eb948196111eb9f51a93f5b74fcb0401e2265d50a1af0836c40ec658c0
tcn,mixed,29,bandpass_n20002_cV4_electrode_s5,phase2/results/predictions/full/mixed/tcn/seed_29/bandpass_n20002_cV4_electrode_s5.npz,76278,2d71563bc5bc5bdc6438368737f9a68573a29f0e6f1dac64dd7d5f40a4374c62
tcn,mixed,29,bandpass_n20002_cV4_electrode_s0,phase2/results/predictions/full/mixed/tcn/seed_29/bandpass_n20002_cV4_electrode_s0.npz,76113,24eb530c07def715ce8e8d51dbb4aa9a4764c05d42750bcffc47873efec5946e
tcn,mixed,29,bandpass_n20002_cV4_covariance_s20,phase2/results/predictions/full/mixed/tcn/seed_29/bandpass_n20002_cV4_covariance_s20.npz,76370,7875c29e43d234bc3edb8454a1a26d1c7a89f8a36e935be57cfd254f26539069
tcn,mixed,29,bandpass_n20002_cV4_covariance_s15,phase2/results/predictions/full/mixed/tcn/seed_29/bandpass_n20002_cV4_covariance_s15.npz,76341,e1eb051fdd0bcdc0e23c0f6a587b9fd5d4767881b31471d996dac6bc202c6b14
tcn,mixed,29,bandpass_n20002_cV4_covariance_s10,phase2/results/predictions/full/mixed/tcn/seed_29/bandpass_n20002_cV4_covariance_s10.npz,76354,1e1141deeb1e2db749d9a10aaa88b2c18b6aac8f6b38d934ec852efd052ce507
tcn,mixed,29,bandpass_n20002_cV4_covariance_s5,phase2/results/predictions/full/mixed/tcn/seed_29/bandpass_n20002_cV4_covariance_s5.npz,76267,e96d7a63cb0a45c43a3acc159cf56eca7011c12615e3a82b876da7996410df86
tcn,mixed,29,bandpass_n20002_cV4_covariance_s0,phase2/results/predictions/full/mixed/tcn/seed_29/bandpass_n20002_cV4_covariance_s0.npz,76062,a46d08b31c490984ef0c70edf0645241e9b2dd2afad9b70dc678412822d9259a
tcn,mixed,29,bandpass_n20002_cV5_independent_rms_s20,phase2/results/predictions/full/mixed/tcn/seed_29/bandpass_n20002_cV5_independent_rms_s20.npz,76366,a177532a8ac703f03734b812af269bb49b612b97a0a43d63120e0610d4ee3945
tcn,mixed,29,bandpass_n20002_cV5_independent_rms_s15,phase2/results/predictions/full/mixed/tcn/seed_29/bandpass_n20002_cV5_independent_rms_s15.npz,76347,1d0885362ac25bbec79ce4d744da28ebf93d83eb51b65feb58245bcd550a09fa
tcn,mixed,29,bandpass_n20002_cV5_independent_rms_s10,phase2/results/predictions/full/mixed/tcn/seed_29/bandpass_n20002_cV5_independent_rms_s10.npz,76352,79906bca60d4b04db0ca3c09b81a2233667abeb209ced7c8944263cd3e387c4f
tcn,mixed,29,bandpass_n20002_cV5_independent_rms_s5,phase2/results/predictions/full/mixed/tcn/seed_29/bandpass_n20002_cV5_independent_rms_s5.npz,76293,1c1e63dc67f0b237abf2bf8d43fa2a8b4ba83232915a33d3bc6f858df12b99c4
tcn,mixed,29,bandpass_n20002_cV5_independent_rms_s0,phase2/results/predictions/full/mixed/tcn/seed_29/bandpass_n20002_cV5_independent_rms_s0.npz,76086,b31d96bc46be74be655a1b1cc1c6ffeab03786aa3d3375c0472899cfa379d552
tcn,mixed,29,bandpass_n20002_cV5_electrode_s20,phase2/results/predictions/full/mixed/tcn/seed_29/bandpass_n20002_cV5_electrode_s20.npz,76334,868b7fd937ac7af63970b91674e88071643fcfc58532ebe28b7a5f1c7db1c13b
tcn,mixed,29,bandpass_n20002_cV5_electrode_s15,phase2/results/predictions/full/mixed/tcn/seed_29/bandpass_n20002_cV5_electrode_s15.npz,76346,cf8b1f4bceae70ef1ca6427be9529c3bdf8c7a26f3d1384d8d1f37b8d9f43667
tcn,mixed,29,bandpass_n20002_cV5_electrode_s10,phase2/results/predictions/full/mixed/tcn/seed_29/bandpass_n20002_cV5_electrode_s10.npz,76342,dcbfef89a27eaca2864ffac26f95d52e6e6a66ce01e7c33bf46175628f78fe7b
tcn,mixed,29,bandpass_n20002_cV5_electrode_s5,phase2/results/predictions/full/mixed/tcn/seed_29/bandpass_n20002_cV5_electrode_s5.npz,76257,3553b379226c45f27d2febf5e7f127cff6043db9ed51f9ec0cfa52eb62f75268
tcn,mixed,29,bandpass_n20002_cV5_electrode_s0,phase2/results/predictions/full/mixed/tcn/seed_29/bandpass_n20002_cV5_electrode_s0.npz,76092,bd0e2f3bd3689f83142c02685ae3e4cafccec3e40edbd9fde0b6de018f061996
tcn,mixed,29,bandpass_n20002_cV5_covariance_s20,phase2/results/predictions/full/mixed/tcn/seed_29/bandpass_n20002_cV5_covariance_s20.npz,76355,e1d56eb9f133069475e561e280c99577f2beed513b82691ed9275fa5d5fa166d
tcn,mixed,29,bandpass_n20002_cV5_covariance_s15,phase2/results/predictions/full/mixed/tcn/seed_29/bandpass_n20002_cV5_covariance_s15.npz,76367,d34bee3fd25d835eb551d55e4dca1afc8f7c1fafa8a6ea01603ea576e7d0e02b
tcn,mixed,29,bandpass_n20002_cV5_covariance_s10,phase2/results/predictions/full/mixed/tcn/seed_29/bandpass_n20002_cV5_covariance_s10.npz,76333,fb9774906f1706debed4cbbcc65cdd1638b375a00e5aee14fb926f58c110da62
tcn,mixed,29,bandpass_n20002_cV5_covariance_s5,phase2/results/predictions/full/mixed/tcn/seed_29/bandpass_n20002_cV5_covariance_s5.npz,76256,8c864c25753c7a2ed0a79e86d77501bb36d06a66c1c1edb335d8d9e92fdf70ea
tcn,mixed,29,bandpass_n20002_cV5_covariance_s0,phase2/results/predictions/full/mixed/tcn/seed_29/bandpass_n20002_cV5_covariance_s0.npz,76052,d38da0307bacb243bf38c175eeb4276d6afc80be2008ce75d43243d68fe13679
tcn,mixed,29,bandpass_n20002_cV6_independent_rms_s20,phase2/results/predictions/full/mixed/tcn/seed_29/bandpass_n20002_cV6_independent_rms_s20.npz,76379,2983384688b3c5a0ecf18267b15888a41467a510bf22fd8e05e019e312ee9f77
tcn,mixed,29,bandpass_n20002_cV6_independent_rms_s15,phase2/results/predictions/full/mixed/tcn/seed_29/bandpass_n20002_cV6_independent_rms_s15.npz,76373,a4edd7dbf193866079f59e2c59909254935525c656a7a36b82187dee2f15ee81
tcn,mixed,29,bandpass_n20002_cV6_independent_rms_s10,phase2/results/predictions/full/mixed/tcn/seed_29/bandpass_n20002_cV6_independent_rms_s10.npz,76338,584caf617feb4cf2e61a8a94cf4c96c67112a9f1b85db5a0171aa1ef8f39c0d3
tcn,mixed,29,bandpass_n20002_cV6_independent_rms_s5,phase2/results/predictions/full/mixed/tcn/seed_29/bandpass_n20002_cV6_independent_rms_s5.npz,76229,e10c62df32ffb31d0647f64724e934a66367cdce988aa8fed804e899efb93755
tcn,mixed,29,bandpass_n20002_cV6_independent_rms_s0,phase2/results/predictions/full/mixed/tcn/seed_29/bandpass_n20002_cV6_independent_rms_s0.npz,76001,3b28c8138c191fd9f06e2f06b0f5ad23c258076b13977f14c980d825dc1e6cc8
tcn,mixed,29,bandpass_n20002_cV6_electrode_s20,phase2/results/predictions/full/mixed/tcn/seed_29/bandpass_n20002_cV6_electrode_s20.npz,76368,472f8f80d8eb1ff96c1938d3590da8684b26c804135e7cde82d7cd8d5c9c82af
tcn,mixed,29,bandpass_n20002_cV6_electrode_s15,phase2/results/predictions/full/mixed/tcn/seed_29/bandpass_n20002_cV6_electrode_s15.npz,76360,4c96b0d2b3845a50585a6af1f923ac7f69f04c6296c1a5ad501dea4bcaf7c39a
tcn,mixed,29,bandpass_n20002_cV6_electrode_s10,phase2/results/predictions/full/mixed/tcn/seed_29/bandpass_n20002_cV6_electrode_s10.npz,76323,ceece54fff2ad5ae5550853f0c36357aadc289e9ac396dfee55536128b84e84e
tcn,mixed,29,bandpass_n20002_cV6_electrode_s5,phase2/results/predictions/full/mixed/tcn/seed_29/bandpass_n20002_cV6_electrode_s5.npz,76218,1f0b529096b4921fcf9d69e5a938aa6a34691fc27cb745294ab1e9d414250074
tcn,mixed,29,bandpass_n20002_cV6_electrode_s0,phase2/results/predictions/full/mixed/tcn/seed_29/bandpass_n20002_cV6_electrode_s0.npz,75974,e18f3f177c8b00c3294a2512ed4dbbc0a74fdb62cbfac501012b4d4959ad395a
tcn,mixed,29,bandpass_n20002_cV6_covariance_s20,phase2/results/predictions/full/mixed/tcn/seed_29/bandpass_n20002_cV6_covariance_s20.npz,76366,0732e70a1a7f6aed51e161ae16e91b7fc2dbf00d7479989a869de33be8b568c5
tcn,mixed,29,bandpass_n20002_cV6_covariance_s15,phase2/results/predictions/full/mixed/tcn/seed_29/bandpass_n20002_cV6_covariance_s15.npz,76336,22b59a4cca71da67728fa61d7294e8eee3bca4e58d8ab4fb6d27a78a988aff5b
tcn,mixed,29,bandpass_n20002_cV6_covariance_s10,phase2/results/predictions/full/mixed/tcn/seed_29/bandpass_n20002_cV6_covariance_s10.npz,76337,b3d4eb2baad9c10b7c0523213a201feafdf706eaf5739bdfbaac77f00b52acaf
tcn,mixed,29,bandpass_n20002_cV6_covariance_s5,phase2/results/predictions/full/mixed/tcn/seed_29/bandpass_n20002_cV6_covariance_s5.npz,76192,00d893039584b610978527500a624bc61c19da31cf0a8755dc17db0c27939624
tcn,mixed,29,bandpass_n20002_cV6_covariance_s0,phase2/results/predictions/full/mixed/tcn/seed_29/bandpass_n20002_cV6_covariance_s0.npz,75966,f3ac5698404f4d11ed79711a387c5004bfcadd9bc30511ec4a83e66f49da4c8a
tcn,mixed,29,bandpass_n20002_cRA_LA_independent_rms_s20,phase2/results/predictions/full/mixed/tcn/seed_29/bandpass_n20002_cRA_LA_independent_rms_s20.npz,76384,425010a10e41642a4559bbd854c9cff4c766a6c1567080fb621c6505ae5fbd83
tcn,mixed,29,bandpass_n20002_cRA_LA_independent_rms_s15,phase2/results/predictions/full/mixed/tcn/seed_29/bandpass_n20002_cRA_LA_independent_rms_s15.npz,76378,533b6ef1fc907e170f56d3bf9ef7a698736883ebcb3f4089c4326fa95977c762
tcn,mixed,29,bandpass_n20002_cRA_LA_independent_rms_s10,phase2/results/predictions/full/mixed/tcn/seed_29/bandpass_n20002_cRA_LA_independent_rms_s10.npz,76328,a5384ad33494c42b84c78fcddfcd8feb9e9d0019e62a0e7fd7a5375e06ca090f
tcn,mixed,29,bandpass_n20002_cRA_LA_independent_rms_s5,phase2/results/predictions/full/mixed/tcn/seed_29/bandpass_n20002_cRA_LA_independent_rms_s5.npz,76223,1ec51c9a7c73abe974f2137ba6ef0cc35aed096047f78c4ea4a032df4d7eb3ae
tcn,mixed,29,bandpass_n20002_cRA_LA_independent_rms_s0,phase2/results/predictions/full/mixed/tcn/seed_29/bandpass_n20002_cRA_LA_independent_rms_s0.npz,75916,adc6508737bea7cfc37eabb067725fc9093a8c87692fb524c51a2770ba5ac88b
tcn,mixed,29,bandpass_n20002_cRA_LA_electrode_s20,phase2/results/predictions/full/mixed/tcn/seed_29/bandpass_n20002_cRA_LA_electrode_s20.npz,76320,f078409e3502cc7ef1b2725190911360ebb017e4ed3abd9fe5e540308bf17d9f
tcn,mixed,29,bandpass_n20002_cRA_LA_electrode_s15,phase2/results/predictions/full/mixed/tcn/seed_29/bandpass_n20002_cRA_LA_electrode_s15.npz,76335,5aa7ee8603b044e65260d1c5871d5b6df98da8d7939274b3b272527b7ea113d5
tcn,mixed,29,bandpass_n20002_cRA_LA_electrode_s10,phase2/results/predictions/full/mixed/tcn/seed_29/bandpass_n20002_cRA_LA_electrode_s10.npz,76277,fb61c94d0836cedbb7f42974ed0dff35ad87f580b3792047c1c3ae21d15f34b2
tcn,mixed,29,bandpass_n20002_cRA_LA_electrode_s5,phase2/results/predictions/full/mixed/tcn/seed_29/bandpass_n20002_cRA_LA_electrode_s5.npz,76070,f208079dbe2b034c2b5c0c814e1f550c6dddc4ff9a397fe46f20439e7a40bc9b
tcn,mixed,29,bandpass_n20002_cRA_LA_electrode_s0,phase2/results/predictions/full/mixed/tcn/seed_29/bandpass_n20002_cRA_LA_electrode_s0.npz,75607,c31b7c202c23af599a38d96f695df22739c27e661406a0aa1027926248678620
tcn,mixed,29,bandpass_n20002_cRA_LA_covariance_s20,phase2/results/predictions/full/mixed/tcn/seed_29/bandpass_n20002_cRA_LA_covariance_s20.npz,76378,559daf7eb13f0799d064ef17afec380ec1cc34e3dc9775943d7d93f60f928935
tcn,mixed,29,bandpass_n20002_cRA_LA_covariance_s15,phase2/results/predictions/full/mixed/tcn/seed_29/bandpass_n20002_cRA_LA_covariance_s15.npz,76364,caffe5fdc7d6a124a962744088e654536d0098f6509911c110448cad854f2978
tcn,mixed,29,bandpass_n20002_cRA_LA_covariance_s10,phase2/results/predictions/full/mixed/tcn/seed_29/bandpass_n20002_cRA_LA_covariance_s10.npz,76278,cb5dcbc2dd484b2471861e69401815b1c85d5ff37eea133ed065a8f3ed0e1c30
tcn,mixed,29,bandpass_n20002_cRA_LA_covariance_s5,phase2/results/predictions/full/mixed/tcn/seed_29/bandpass_n20002_cRA_LA_covariance_s5.npz,76097,b365f476e5306671a4bd57878999767f4cff40ee27c02795f82d1d72f2ee565a
tcn,mixed,29,bandpass_n20002_cRA_LA_covariance_s0,phase2/results/predictions/full/mixed/tcn/seed_29/bandpass_n20002_cRA_LA_covariance_s0.npz,75639,3f22aff39e6a51826f4b348109db4b3a0e3b3a02d79ea32d3c8a4db540360991
tcn,mixed,29,bandpass_n20002_cLA_LL_independent_rms_s20,phase2/results/predictions/full/mixed/tcn/seed_29/bandpass_n20002_cLA_LL_independent_rms_s20.npz,76381,18e602873678b851dec14e6ca0ee9b3dcf4fd0ead7a23dae3e0aa6b0a261853e
tcn,mixed,29,bandpass_n20002_cLA_LL_independent_rms_s15,phase2/results/predictions/full/mixed/tcn/seed_29/bandpass_n20002_cLA_LL_independent_rms_s15.npz,76364,91bae8ac5500b1208c9d0891aaea5c850015112d7fe588c99fc079e6992d10af
tcn,mixed,29,bandpass_n20002_cLA_LL_independent_rms_s10,phase2/results/predictions/full/mixed/tcn/seed_29/bandpass_n20002_cLA_LL_independent_rms_s10.npz,76347,50de5bd21ada1eaf6e9292e9a49a3844377667773b711fee82ec468222001916
tcn,mixed,29,bandpass_n20002_cLA_LL_independent_rms_s5,phase2/results/predictions/full/mixed/tcn/seed_29/bandpass_n20002_cLA_LL_independent_rms_s5.npz,76215,32d8bf1040a5cedea8ee3bcf290ba9a3ecbebf6e5f8f88585bec3f332148f62b
tcn,mixed,29,bandpass_n20002_cLA_LL_independent_rms_s0,phase2/results/predictions/full/mixed/tcn/seed_29/bandpass_n20002_cLA_LL_independent_rms_s0.npz,75896,1f62b43a16ab53af6f19f265c7ff858ce0d167ba579c8c513295769496da2f29
tcn,mixed,29,bandpass_n20002_cLA_LL_electrode_s20,phase2/results/predictions/full/mixed/tcn/seed_29/bandpass_n20002_cLA_LL_electrode_s20.npz,76377,3b18a523a02b3fb663e54533a5a971dbbbfca85e575c9b3df7637d2c57ab362f
tcn,mixed,29,bandpass_n20002_cLA_LL_electrode_s15,phase2/results/predictions/full/mixed/tcn/seed_29/bandpass_n20002_cLA_LL_electrode_s15.npz,76378,b1b4604e4d221c02531c95ab0abb1c5d4cfcdee27421a5a1f3bf9ed94fe47dd0
tcn,mixed,29,bandpass_n20002_cLA_LL_electrode_s10,phase2/results/predictions/full/mixed/tcn/seed_29/bandpass_n20002_cLA_LL_electrode_s10.npz,76288,75e340f2fda51dfa33a4496ae1a209ece8f50a54a01494fa2ad6016bcff90a62
tcn,mixed,29,bandpass_n20002_cLA_LL_electrode_s5,phase2/results/predictions/full/mixed/tcn/seed_29/bandpass_n20002_cLA_LL_electrode_s5.npz,76124,77faa1b05839e9c55d69f298fb4c33c7722fe3253fe261beaf5ffa60e0db0dfb
tcn,mixed,29,bandpass_n20002_cLA_LL_electrode_s0,phase2/results/predictions/full/mixed/tcn/seed_29/bandpass_n20002_cLA_LL_electrode_s0.npz,75800,5b5ca70d279ad3054055600bf202c33b87de904391f3f9d209f709cd3f3ecb72
tcn,mixed,29,bandpass_n20002_cLA_LL_covariance_s20,phase2/results/predictions/full/mixed/tcn/seed_29/bandpass_n20002_cLA_LL_covariance_s20.npz,76340,2ea1b35a2ffae6c1c4ecba510953b82911264ee9e72fda46ef41c4f12ec5abf7
tcn,mixed,29,bandpass_n20002_cLA_LL_covariance_s15,phase2/results/predictions/full/mixed/tcn/seed_29/bandpass_n20002_cLA_LL_covariance_s15.npz,76351,3650b5eee1139fed4accb2130d1e66557cddd669aebbc4b37e303543161aab9a
tcn,mixed,29,bandpass_n20002_cLA_LL_covariance_s10,phase2/results/predictions/full/mixed/tcn/seed_29/bandpass_n20002_cLA_LL_covariance_s10.npz,76301,7f0ee45b7a4529fe9886517f10a0ff65cb880ca74f5aab4745e7b823254ec900
tcn,mixed,29,bandpass_n20002_cLA_LL_covariance_s5,phase2/results/predictions/full/mixed/tcn/seed_29/bandpass_n20002_cLA_LL_covariance_s5.npz,76132,1254f8fc5df96c69be4e9de770812e54b132d871e8ecbc58911622b9fc6c2c93
tcn,mixed,29,bandpass_n20002_cLA_LL_covariance_s0,phase2/results/predictions/full/mixed/tcn/seed_29/bandpass_n20002_cLA_LL_covariance_s0.npz,75815,af0066339d048090f711e7a02dec79d29d5c0c1f6cb69433eeff6f90eaaa9ddb
tcn,mixed,29,bandpass_n20002_cRA_LL_independent_rms_s20,phase2/results/predictions/full/mixed/tcn/seed_29/bandpass_n20002_cRA_LL_independent_rms_s20.npz,76388,ddc43602061596232ed603f9aebed81fcf4b0cc87f4c71d739909b966e7e2abd
tcn,mixed,29,bandpass_n20002_cRA_LL_independent_rms_s15,phase2/results/predictions/full/mixed/tcn/seed_29/bandpass_n20002_cRA_LL_independent_rms_s15.npz,76375,6c6057268c8c9dbbcfd5a31638f36d6f7a69652e39bb5aae48947d85f8a36357
tcn,mixed,29,bandpass_n20002_cRA_LL_independent_rms_s10,phase2/results/predictions/full/mixed/tcn/seed_29/bandpass_n20002_cRA_LL_independent_rms_s10.npz,76319,1feda9774893e5f3ee66b03616812f12b4a644bad790db7b9e8af473b393bb52
tcn,mixed,29,bandpass_n20002_cRA_LL_independent_rms_s5,phase2/results/predictions/full/mixed/tcn/seed_29/bandpass_n20002_cRA_LL_independent_rms_s5.npz,76228,c2468521ec209ac28408908ed38a522cb3ccd0816993f638ea7760ce9688411e
tcn,mixed,29,bandpass_n20002_cRA_LL_independent_rms_s0,phase2/results/predictions/full/mixed/tcn/seed_29/bandpass_n20002_cRA_LL_independent_rms_s0.npz,75948,a742003cbe1c985eb604173b1e565c10ad833628f8781f7740adaa4847eb61aa
tcn,mixed,29,bandpass_n20002_cRA_LL_electrode_s20,phase2/results/predictions/full/mixed/tcn/seed_29/bandpass_n20002_cRA_LL_electrode_s20.npz,76352,6afc2f39dc4012986ff0a3449185b4147ff777f12d452b585fe570a0ace6be88
tcn,mixed,29,bandpass_n20002_cRA_LL_electrode_s15,phase2/results/predictions/full/mixed/tcn/seed_29/bandpass_n20002_cRA_LL_electrode_s15.npz,76368,f264fcd8f09d789acbd46206920e1690d9e9f5748da37bd3682e9906a7974e97
tcn,mixed,29,bandpass_n20002_cRA_LL_electrode_s10,phase2/results/predictions/full/mixed/tcn/seed_29/bandpass_n20002_cRA_LL_electrode_s10.npz,76251,b860fc2b4e68bca03954dc05e37bb600ccb0819340c7a6ae04622d37b78026a0
tcn,mixed,29,bandpass_n20002_cRA_LL_electrode_s5,phase2/results/predictions/full/mixed/tcn/seed_29/bandpass_n20002_cRA_LL_electrode_s5.npz,76079,9fc6df3a433ad53373de4594805d9853ad526a5d8144531a3372e3a1c3e9a26e
tcn,mixed,29,bandpass_n20002_cRA_LL_electrode_s0,phase2/results/predictions/full/mixed/tcn/seed_29/bandpass_n20002_cRA_LL_electrode_s0.npz,75586,9524613898f1030b0c016e90a480d207e27ac40917ba556c6f817a7e93443915
tcn,mixed,29,bandpass_n20002_cRA_LL_covariance_s20,phase2/results/predictions/full/mixed/tcn/seed_29/bandpass_n20002_cRA_LL_covariance_s20.npz,76375,b46885d9e50f9a0789ba4031f97e0b21ddd818994652ce0121707d74235223e3
tcn,mixed,29,bandpass_n20002_cRA_LL_covariance_s15,phase2/results/predictions/full/mixed/tcn/seed_29/bandpass_n20002_cRA_LL_covariance_s15.npz,76339,97cc21f1bf0dc36c55aba8ca3e3ef3fe74f8f63740f1e973b98bb00528c50c7d
tcn,mixed,29,bandpass_n20002_cRA_LL_covariance_s10,phase2/results/predictions/full/mixed/tcn/seed_29/bandpass_n20002_cRA_LL_covariance_s10.npz,76253,455efdd22d51e6e603e5e85821a9f45c61a34273926d49af6373f8d118455314
tcn,mixed,29,bandpass_n20002_cRA_LL_covariance_s5,phase2/results/predictions/full/mixed/tcn/seed_29/bandpass_n20002_cRA_LL_covariance_s5.npz,76067,5587fcbe4e03ad80ff2f075db45d60bc1bc0b4d7b645ce88eb289ea46da0d133
tcn,mixed,29,bandpass_n20002_cRA_LL_covariance_s0,phase2/results/predictions/full/mixed/tcn/seed_29/bandpass_n20002_cRA_LL_covariance_s0.npz,75582,d54e1c506190d2745ea0e05339f78dc70dd57623ab538cd79599badc0ecf13c1
tcn,mixed,29,bandpass_n20002_cRA_independent_rms_s20,phase2/results/predictions/full/mixed/tcn/seed_29/bandpass_n20002_cRA_independent_rms_s20.npz,76373,2e2ea6a5b7e562c232b1ca84cfd2c054125236419e4d643e0226de296dfa5d70
tcn,mixed,29,bandpass_n20002_cRA_independent_rms_s15,phase2/results/predictions/full/mixed/tcn/seed_29/bandpass_n20002_cRA_independent_rms_s15.npz,76402,6245d18d17095b76f57ef62d02c210f071e0aa395b7d4c43318deab4e20b6801
tcn,mixed,29,bandpass_n20002_cRA_independent_rms_s10,phase2/results/predictions/full/mixed/tcn/seed_29/bandpass_n20002_cRA_independent_rms_s10.npz,76350,eca9f4b96d676e6402867f46b22d5594fc34159207bf07fc767cb756df1af4a0
tcn,mixed,29,bandpass_n20002_cRA_independent_rms_s5,phase2/results/predictions/full/mixed/tcn/seed_29/bandpass_n20002_cRA_independent_rms_s5.npz,76206,9d28a653b3fe989b01a70102cc84bc8525ffa93e36d4b981eadf4fa5024a221a
tcn,mixed,29,bandpass_n20002_cRA_independent_rms_s0,phase2/results/predictions/full/mixed/tcn/seed_29/bandpass_n20002_cRA_independent_rms_s0.npz,75923,b703bdcb369af092c69f4a6ba62595f1a13412b36a20b01b60c97d310c38611a
tcn,mixed,29,bandpass_n20002_cRA_electrode_s20,phase2/results/predictions/full/mixed/tcn/seed_29/bandpass_n20002_cRA_electrode_s20.npz,76388,55c107eb5da2bfd60bf873c141881acc7badb6819c454bc527b1b52865950b42
tcn,mixed,29,bandpass_n20002_cRA_electrode_s15,phase2/results/predictions/full/mixed/tcn/seed_29/bandpass_n20002_cRA_electrode_s15.npz,76343,24307a9182c6fb964292bb315ce059896baf4c762ad108f587e93831248ca61a
tcn,mixed,29,bandpass_n20002_cRA_electrode_s10,phase2/results/predictions/full/mixed/tcn/seed_29/bandpass_n20002_cRA_electrode_s10.npz,76207,997d15a0c3a0d88cee10e935fc3f2d36a6a4a10b87b89504ccc29604080d285d
tcn,mixed,29,bandpass_n20002_cRA_electrode_s5,phase2/results/predictions/full/mixed/tcn/seed_29/bandpass_n20002_cRA_electrode_s5.npz,76034,e606469e25b016bb60dfe505cae5a65736719e064b870fd6835916d28ef7eaa5
tcn,mixed,29,bandpass_n20002_cRA_electrode_s0,phase2/results/predictions/full/mixed/tcn/seed_29/bandpass_n20002_cRA_electrode_s0.npz,75477,3d049a583deeb3df4fc401d4b57f859959213725ddea070393e22cf0e684f2f4
tcn,mixed,29,bandpass_n20002_cRA_covariance_s20,phase2/results/predictions/full/mixed/tcn/seed_29/bandpass_n20002_cRA_covariance_s20.npz,76339,bda532d198214bc37382d29aee18389722ed69f37eebb76304146e079e52017e
tcn,mixed,29,bandpass_n20002_cRA_covariance_s15,phase2/results/predictions/full/mixed/tcn/seed_29/bandpass_n20002_cRA_covariance_s15.npz,76313,23253354e144fa98c09df70868c7aeb7e704cfc25f85d4f9f5caec86d7c751af
tcn,mixed,29,bandpass_n20002_cRA_covariance_s10,phase2/results/predictions/full/mixed/tcn/seed_29/bandpass_n20002_cRA_covariance_s10.npz,76211,f17edbf4218ce0cfc21f75c06407b0e60a68108d21732aef8370ec5edeaeea79
tcn,mixed,29,bandpass_n20002_cRA_covariance_s5,phase2/results/predictions/full/mixed/tcn/seed_29/bandpass_n20002_cRA_covariance_s5.npz,76004,06ceca13bd12a8af776cc01e00bb1f8535848851b9d7d4f279f62010116eafc7
tcn,mixed,29,bandpass_n20002_cRA_covariance_s0,phase2/results/predictions/full/mixed/tcn/seed_29/bandpass_n20002_cRA_covariance_s0.npz,75504,d8159959c90e87b96eb3cf9415d2ac1604cc0c73d4d45c37ba67c313b2b52fe1
tcn,mixed,29,bandpass_n20002_cLA_independent_rms_s20,phase2/results/predictions/full/mixed/tcn/seed_29/bandpass_n20002_cLA_independent_rms_s20.npz,76402,ee92e8612f4cbed1c625d71e34eb527102038a7069917406fb6ec4a812c0e0e4
tcn,mixed,29,bandpass_n20002_cLA_independent_rms_s15,phase2/results/predictions/full/mixed/tcn/seed_29/bandpass_n20002_cLA_independent_rms_s15.npz,76383,422e1d5deb3507d2fc6f5503f811861fb15ea7fcae7ff374dbfc631b1806bb2b
tcn,mixed,29,bandpass_n20002_cLA_independent_rms_s10,phase2/results/predictions/full/mixed/tcn/seed_29/bandpass_n20002_cLA_independent_rms_s10.npz,76351,99f84dc12442de763cda223919c366d4b2b6d7bb10d1f651715de3af912a2fcb
tcn,mixed,29,bandpass_n20002_cLA_independent_rms_s5,phase2/results/predictions/full/mixed/tcn/seed_29/bandpass_n20002_cLA_independent_rms_s5.npz,76232,64c6988ac9a35ff7d4c51a716fdab39c19172591ab94d91e53d6f35314ea3912
tcn,mixed,29,bandpass_n20002_cLA_independent_rms_s0,phase2/results/predictions/full/mixed/tcn/seed_29/bandpass_n20002_cLA_independent_rms_s0.npz,75937,0c47c96f391032c478f1603a778f5b37736dd7e64d574fbc03c10aedd58d4130
tcn,mixed,29,bandpass_n20002_cLA_electrode_s20,phase2/results/predictions/full/mixed/tcn/seed_29/bandpass_n20002_cLA_electrode_s20.npz,76377,a2e305b5d5470406f453a8e2e491b7a28a48490eb90ae9e69c51faaf8b724ee1
tcn,mixed,29,bandpass_n20002_cLA_electrode_s15,phase2/results/predictions/full/mixed/tcn/seed_29/bandpass_n20002_cLA_electrode_s15.npz,76344,c928be66c2ae012ca7ec16642d677c4afa2f277e3d0dfb5850d3a9730daa12a8
tcn,mixed,29,bandpass_n20002_cLA_electrode_s10,phase2/results/predictions/full/mixed/tcn/seed_29/bandpass_n20002_cLA_electrode_s10.npz,76296,28cd37199af2698ba713e6ad7e5b3b8f21ec1ae7ac5bec3758552cbca18fcc07
tcn,mixed,29,bandpass_n20002_cLA_electrode_s5,phase2/results/predictions/full/mixed/tcn/seed_29/bandpass_n20002_cLA_electrode_s5.npz,76117,f09bf05ee85b796e3f94756293e9a3f5b3763bc2fa73c44e240e060b1e7998d1
tcn,mixed,29,bandpass_n20002_cLA_electrode_s0,phase2/results/predictions/full/mixed/tcn/seed_29/bandpass_n20002_cLA_electrode_s0.npz,75799,c0c2874fdf1dec3afdd185f7874c9e5343bea3caba4b5eb15526ab1c1e535b71
tcn,mixed,29,bandpass_n20002_cLA_covariance_s20,phase2/results/predictions/full/mixed/tcn/seed_29/bandpass_n20002_cLA_covariance_s20.npz,76363,e09275d2ed8901aa30c0c9fabca5dac4403aacfa48e603c467d138e5636a01ba
tcn,mixed,29,bandpass_n20002_cLA_covariance_s15,phase2/results/predictions/full/mixed/tcn/seed_29/bandpass_n20002_cLA_covariance_s15.npz,76376,cb77e1e51bee0a39f20c304fa10498868a45b2af27e84b744615edcbff883577
tcn,mixed,29,bandpass_n20002_cLA_covariance_s10,phase2/results/predictions/full/mixed/tcn/seed_29/bandpass_n20002_cLA_covariance_s10.npz,76298,255a2cee112a278d45a0408b08a58e4f05ca757b88b5b2dcb380e3d97c8ac255
tcn,mixed,29,bandpass_n20002_cLA_covariance_s5,phase2/results/predictions/full/mixed/tcn/seed_29/bandpass_n20002_cLA_covariance_s5.npz,76160,b100c6b24a4ed839d6730e36bacf1245ff2e8429cd5c13ebe4aa075d2bbd100a
tcn,mixed,29,bandpass_n20002_cLA_covariance_s0,phase2/results/predictions/full/mixed/tcn/seed_29/bandpass_n20002_cLA_covariance_s0.npz,75822,a1fdc4c8ec9bcc9ded3c5bbc647aa6519c3e489ebb5490bc73ca54258b72ba55
tcn,mixed,29,bandpass_n20002_cLL_independent_rms_s20,phase2/results/predictions/full/mixed/tcn/seed_29/bandpass_n20002_cLL_independent_rms_s20.npz,76378,93db7f1e2d8bc1807fd9ad729a5561507a035631a45110f8bed487eec28e8fdf
tcn,mixed,29,bandpass_n20002_cLL_independent_rms_s15,phase2/results/predictions/full/mixed/tcn/seed_29/bandpass_n20002_cLL_independent_rms_s15.npz,76388,fe77455459e49d5770ab14c97af31a6752324faf6aa06591b4d39f29ff0ac643
tcn,mixed,29,bandpass_n20002_cLL_independent_rms_s10,phase2/results/predictions/full/mixed/tcn/seed_29/bandpass_n20002_cLL_independent_rms_s10.npz,76350,a1d84331cfae77b0132d402eb1f6e9001a958c151620a936e52c0cf4cabbdb44
tcn,mixed,29,bandpass_n20002_cLL_independent_rms_s5,phase2/results/predictions/full/mixed/tcn/seed_29/bandpass_n20002_cLL_independent_rms_s5.npz,76224,0d595bf43199c0f547f1f1a7cd8bcefeec8d572ed981b342c3833b7e568d30aa
tcn,mixed,29,bandpass_n20002_cLL_independent_rms_s0,phase2/results/predictions/full/mixed/tcn/seed_29/bandpass_n20002_cLL_independent_rms_s0.npz,75936,7e3726e8d925e326cb1c3a9ea1adf8b272bfba904dbb2243fca3190b2e205405
tcn,mixed,29,bandpass_n20002_cLL_electrode_s20,phase2/results/predictions/full/mixed/tcn/seed_29/bandpass_n20002_cLL_electrode_s20.npz,76346,097d7da70da4537ea0dcac57aa5e92e6986026bf942f3e5b949aed8f3b5a7acd
tcn,mixed,29,bandpass_n20002_cLL_electrode_s15,phase2/results/predictions/full/mixed/tcn/seed_29/bandpass_n20002_cLL_electrode_s15.npz,76334,593ff024d4b1d1e32a86af431f4a1f11a7f00560559ee91b49b3b43d8591afbf
tcn,mixed,29,bandpass_n20002_cLL_electrode_s10,phase2/results/predictions/full/mixed/tcn/seed_29/bandpass_n20002_cLL_electrode_s10.npz,76284,09184e950ab572112eddf404f44070cc407dd910412017e4a805ca62419295b9
tcn,mixed,29,bandpass_n20002_cLL_electrode_s5,phase2/results/predictions/full/mixed/tcn/seed_29/bandpass_n20002_cLL_electrode_s5.npz,76113,8b2ffd230906dccfa1830064dd49c304ffb027db1f76e7e1410d06db457bc3b2
tcn,mixed,29,bandpass_n20002_cLL_electrode_s0,phase2/results/predictions/full/mixed/tcn/seed_29/bandpass_n20002_cLL_electrode_s0.npz,75846,af08ca8a72a976a1b87eed4fddd2ebe8b1395627fdc4237c91826cdb6c759c51
tcn,mixed,29,bandpass_n20002_cLL_covariance_s20,phase2/results/predictions/full/mixed/tcn/seed_29/bandpass_n20002_cLL_covariance_s20.npz,76369,4f4cff93d23760fb71119aecccffae9170bd84a3dda03304396931920e9d7a8b
tcn,mixed,29,bandpass_n20002_cLL_covariance_s15,phase2/results/predictions/full/mixed/tcn/seed_29/bandpass_n20002_cLL_covariance_s15.npz,76358,859249b40c446c6c5e60c01c70601339ed0d556cc11cce52100d716998f82ea3
tcn,mixed,29,bandpass_n20002_cLL_covariance_s10,phase2/results/predictions/full/mixed/tcn/seed_29/bandpass_n20002_cLL_covariance_s10.npz,76275,f42fd526850ccc952fa12adcbb2b8654844b081e2af9fb6695e9ed5a3a4289b7
tcn,mixed,29,bandpass_n20002_cLL_covariance_s5,phase2/results/predictions/full/mixed/tcn/seed_29/bandpass_n20002_cLL_covariance_s5.npz,76131,34d473bde0f676a2027599acee0cebe6b6e145a3f0e6f34f618115b0ccc91845
tcn,mixed,29,bandpass_n20002_cLL_covariance_s0,phase2/results/predictions/full/mixed/tcn/seed_29/bandpass_n20002_cLL_covariance_s0.npz,75831,cbe030165fcc2c720784a84efe82a71ab9a2fd98f32fb299e11d750302b591c4
tcn,mixed,29,bandpass_n20002_cRA_V1_independent_rms_s20,phase2/results/predictions/full/mixed/tcn/seed_29/bandpass_n20002_cRA_V1_independent_rms_s20.npz,76410,f663ddbd27dbacec91211160a7e04ddafe7c42805f4b32560704c2d39e529673
tcn,mixed,29,bandpass_n20002_cRA_V1_independent_rms_s15,phase2/results/predictions/full/mixed/tcn/seed_29/bandpass_n20002_cRA_V1_independent_rms_s15.npz,76399,580e09471e493be24a5b228b759a236bc1ed4d75991f2e1b52587974177551fa
tcn,mixed,29,bandpass_n20002_cRA_V1_independent_rms_s10,phase2/results/predictions/full/mixed/tcn/seed_29/bandpass_n20002_cRA_V1_independent_rms_s10.npz,76329,63c1c9f56490259987207b3d4d9fe7ea323ab0b043964e902a8eb94fa316a706
tcn,mixed,29,bandpass_n20002_cRA_V1_independent_rms_s5,phase2/results/predictions/full/mixed/tcn/seed_29/bandpass_n20002_cRA_V1_independent_rms_s5.npz,76226,b1850a68c1c07ff4c336d69034413697769b3abd52c404068350484c30cd25fa
tcn,mixed,29,bandpass_n20002_cRA_V1_independent_rms_s0,phase2/results/predictions/full/mixed/tcn/seed_29/bandpass_n20002_cRA_V1_independent_rms_s0.npz,75880,454dd8aa50ff9f5ac1e48930ed7ac8756b45b8ea769c370489855d7411acdfed
tcn,mixed,29,bandpass_n20002_cRA_V1_electrode_s20,phase2/results/predictions/full/mixed/tcn/seed_29/bandpass_n20002_cRA_V1_electrode_s20.npz,76373,bd38dec4e6c9614098bf22b9985837389be6a2e98b8b2bc3d69fc3112fea1dcb
tcn,mixed,29,bandpass_n20002_cRA_V1_electrode_s15,phase2/results/predictions/full/mixed/tcn/seed_29/bandpass_n20002_cRA_V1_electrode_s15.npz,76353,6e551bf4f89ccb6508ad86af5ad6da136c81843c9fbbbf37db64c05cd976e8b2
tcn,mixed,29,bandpass_n20002_cRA_V1_electrode_s10,phase2/results/predictions/full/mixed/tcn/seed_29/bandpass_n20002_cRA_V1_electrode_s10.npz,76226,5a31e5acfc565cbe875a824f2a62c3dd2a4420f0945447d04ffe9fa15e6562fb
tcn,mixed,29,bandpass_n20002_cRA_V1_electrode_s5,phase2/results/predictions/full/mixed/tcn/seed_29/bandpass_n20002_cRA_V1_electrode_s5.npz,76037,713005c68932cae57e44adfdfcc6d16215373e3d6eded2ed11e487aedf163eca
tcn,mixed,29,bandpass_n20002_cRA_V1_electrode_s0,phase2/results/predictions/full/mixed/tcn/seed_29/bandpass_n20002_cRA_V1_electrode_s0.npz,75472,b9b4d10344519d327024aa0366deac7dc4fdb38d57793edd74f0df61e50bb73a
tcn,mixed,29,bandpass_n20002_cRA_V1_covariance_s20,phase2/results/predictions/full/mixed/tcn/seed_29/bandpass_n20002_cRA_V1_covariance_s20.npz,76383,7055e375a22c1e23c3fde4b7e0294c1fafb2a843248b61e89da57de2ca029490
tcn,mixed,29,bandpass_n20002_cRA_V1_covariance_s15,phase2/results/predictions/full/mixed/tcn/seed_29/bandpass_n20002_cRA_V1_covariance_s15.npz,76349,443f799cbf1efa778a494a4fc16e8b8e1348655fb8690d53d59df1b9ff7c0390
tcn,mixed,29,bandpass_n20002_cRA_V1_covariance_s10,phase2/results/predictions/full/mixed/tcn/seed_29/bandpass_n20002_cRA_V1_covariance_s10.npz,76219,de579fb3b1d0e1cfb788550e23a5e3acdf6408da332b0071302fc2351f12fde2
tcn,mixed,29,bandpass_n20002_cRA_V1_covariance_s5,phase2/results/predictions/full/mixed/tcn/seed_29/bandpass_n20002_cRA_V1_covariance_s5.npz,76068,afae8ac92fb67f249025f8e2265e1ad4ef954659a0d7b3f68971b4e60b5e66be
tcn,mixed,29,bandpass_n20002_cRA_V1_covariance_s0,phase2/results/predictions/full/mixed/tcn/seed_29/bandpass_n20002_cRA_V1_covariance_s0.npz,75511,c26658e2ef80ef5c9267fdd824f05cb5b1bcebd83a4958d9d45ce3e6ed09cdd2
tcn,mixed,29,bandpass_n20002_cLA_V6_independent_rms_s20,phase2/results/predictions/full/mixed/tcn/seed_29/bandpass_n20002_cLA_V6_independent_rms_s20.npz,76397,ec37623caa09c7baa1e6f741789854671a86d45be2d5f50dd17d655a5c3f9422
tcn,mixed,29,bandpass_n20002_cLA_V6_independent_rms_s15,phase2/results/predictions/full/mixed/tcn/seed_29/bandpass_n20002_cLA_V6_independent_rms_s15.npz,76387,83b1739d3e7e3fe82aedbd07568bd6b71131f5bfe501edcf4e73c085d1ddc4a8
tcn,mixed,29,bandpass_n20002_cLA_V6_independent_rms_s10,phase2/results/predictions/full/mixed/tcn/seed_29/bandpass_n20002_cLA_V6_independent_rms_s10.npz,76356,4280fe5770e7c84f65bfe29ce2e745bfc1883412da467e8693b6b5ae7f51786d
tcn,mixed,29,bandpass_n20002_cLA_V6_independent_rms_s5,phase2/results/predictions/full/mixed/tcn/seed_29/bandpass_n20002_cLA_V6_independent_rms_s5.npz,76230,5ec0469639e0b56ff952dc0531d6677e7963223179f28db5e3a2698a21407b8f
tcn,mixed,29,bandpass_n20002_cLA_V6_independent_rms_s0,phase2/results/predictions/full/mixed/tcn/seed_29/bandpass_n20002_cLA_V6_independent_rms_s0.npz,75955,bf79d0ed1b286bf430713f4dbcb95a11f02c6a4a30c58e21a14cf51b80a54981
tcn,mixed,29,bandpass_n20002_cLA_V6_electrode_s20,phase2/results/predictions/full/mixed/tcn/seed_29/bandpass_n20002_cLA_V6_electrode_s20.npz,76398,6f3eede1b88c96c8bd3defa4ce15349c801a64cbabecbadcc335ebadfe8cbcdc
tcn,mixed,29,bandpass_n20002_cLA_V6_electrode_s15,phase2/results/predictions/full/mixed/tcn/seed_29/bandpass_n20002_cLA_V6_electrode_s15.npz,76368,496ad4dae69c8572f5e2f5d96ab5fc4bd315041fba5a381feb8c1f6191a8b4d4
tcn,mixed,29,bandpass_n20002_cLA_V6_electrode_s10,phase2/results/predictions/full/mixed/tcn/seed_29/bandpass_n20002_cLA_V6_electrode_s10.npz,76303,398b1d3d1bf5b467ce4c6e2b3787fd02b96287e99aaed37181bb0961dacf9a1c
tcn,mixed,29,bandpass_n20002_cLA_V6_electrode_s5,phase2/results/predictions/full/mixed/tcn/seed_29/bandpass_n20002_cLA_V6_electrode_s5.npz,76198,d9912469bd929375650b8cf017df8b9bec6a0d9bc2f800e12bae0c5a096e7305
tcn,mixed,29,bandpass_n20002_cLA_V6_electrode_s0,phase2/results/predictions/full/mixed/tcn/seed_29/bandpass_n20002_cLA_V6_electrode_s0.npz,75824,0e759fc34a327cd767f644f173dd84a3062890a1b73211af616541eaea234e16
tcn,mixed,29,bandpass_n20002_cLA_V6_covariance_s20,phase2/results/predictions/full/mixed/tcn/seed_29/bandpass_n20002_cLA_V6_covariance_s20.npz,76379,82aac36004cefd7adea875777aff1dc112ab085a937fe54660b5c769301492b9
tcn,mixed,29,bandpass_n20002_cLA_V6_covariance_s15,phase2/results/predictions/full/mixed/tcn/seed_29/bandpass_n20002_cLA_V6_covariance_s15.npz,76355,1acacd148efff28249b2b0c24ab4dab8f75008448b04dd894cd0fb15c2f2b426
tcn,mixed,29,bandpass_n20002_cLA_V6_covariance_s10,phase2/results/predictions/full/mixed/tcn/seed_29/bandpass_n20002_cLA_V6_covariance_s10.npz,76303,abf5e68032ad495e5104801789eeb64c09d72a622f8ffc541956f469c8126473
tcn,mixed,29,bandpass_n20002_cLA_V6_covariance_s5,phase2/results/predictions/full/mixed/tcn/seed_29/bandpass_n20002_cLA_V6_covariance_s5.npz,76183,6d9ddb9813a236fa0f858def4c71f76609789a567429377bf7a3be3cfdeef002
tcn,mixed,29,bandpass_n20002_cLA_V6_covariance_s0,phase2/results/predictions/full/mixed/tcn/seed_29/bandpass_n20002_cLA_V6_covariance_s0.npz,75831,32242c08ebd4fd0ea7f8b42df22a21b7d739c664b7ba21fb26bed823010cd987
tcn,mixed,29,bandpass_n20002_cLL_V4_independent_rms_s20,phase2/results/predictions/full/mixed/tcn/seed_29/bandpass_n20002_cLL_V4_independent_rms_s20.npz,76377,a93700ce8b1c2a9b5692ae192d777708971c970af02d98bace8d6221c232a260
tcn,mixed,29,bandpass_n20002_cLL_V4_independent_rms_s15,phase2/results/predictions/full/mixed/tcn/seed_29/bandpass_n20002_cLL_V4_independent_rms_s15.npz,76405,5007cbec74ff14e7b9e38f0818338bf978eaa9daffaf0808172f5e3fb85e5fbc
tcn,mixed,29,bandpass_n20002_cLL_V4_independent_rms_s10,phase2/results/predictions/full/mixed/tcn/seed_29/bandpass_n20002_cLL_V4_independent_rms_s10.npz,76339,831d24f49803edae43cfa812d0948a3975500bc5dfb0c4cdfeaed452cceec665
tcn,mixed,29,bandpass_n20002_cLL_V4_independent_rms_s5,phase2/results/predictions/full/mixed/tcn/seed_29/bandpass_n20002_cLL_V4_independent_rms_s5.npz,76258,443d12f6b819f2fc22ef9322771e94ca263f11df16fa77590049b6bdff005041
tcn,mixed,29,bandpass_n20002_cLL_V4_independent_rms_s0,phase2/results/predictions/full/mixed/tcn/seed_29/bandpass_n20002_cLL_V4_independent_rms_s0.npz,75971,83138fee1be736d5b411b5684ea5ac89c2c123c73f7b341a11b837b378fd3279
tcn,mixed,29,bandpass_n20002_cLL_V4_electrode_s20,phase2/results/predictions/full/mixed/tcn/seed_29/bandpass_n20002_cLL_V4_electrode_s20.npz,76398,de5ff8bdc5570709c195857526734fd0c56a9a803c8174f6c49639e63f6213e3
tcn,mixed,29,bandpass_n20002_cLL_V4_electrode_s15,phase2/results/predictions/full/mixed/tcn/seed_29/bandpass_n20002_cLL_V4_electrode_s15.npz,76364,c320fd7633feb45f54922d9edb7690c0515342e784c1f90512868714db1b17d4
tcn,mixed,29,bandpass_n20002_cLL_V4_electrode_s10,phase2/results/predictions/full/mixed/tcn/seed_29/bandpass_n20002_cLL_V4_electrode_s10.npz,76305,2f53beb013f71bebef6c77657766c2b65716cf83710ade58dc67b1757d53869b
tcn,mixed,29,bandpass_n20002_cLL_V4_electrode_s5,phase2/results/predictions/full/mixed/tcn/seed_29/bandpass_n20002_cLL_V4_electrode_s5.npz,76179,be6164351fd7ae1b20004b460ce9bef0d07bdb29b7792eb4c0cc239135e868de
tcn,mixed,29,bandpass_n20002_cLL_V4_electrode_s0,phase2/results/predictions/full/mixed/tcn/seed_29/bandpass_n20002_cLL_V4_electrode_s0.npz,75881,c8334246dc558cce5f4ea248f688a18d418f87010b304a6859038314689dd65c
tcn,mixed,29,bandpass_n20002_cLL_V4_covariance_s20,phase2/results/predictions/full/mixed/tcn/seed_29/bandpass_n20002_cLL_V4_covariance_s20.npz,76390,6a0b54e4a9b9983ba62554bb17f02f1f4e80a5e8429b9442a1ef92748a180330
tcn,mixed,29,bandpass_n20002_cLL_V4_covariance_s15,phase2/results/predictions/full/mixed/tcn/seed_29/bandpass_n20002_cLL_V4_covariance_s15.npz,76357,9104688547723e681bb0f5b6621d11a44fe0107e909d4bbfcdd9f3aed12ecf43
tcn,mixed,29,bandpass_n20002_cLL_V4_covariance_s10,phase2/results/predictions/full/mixed/tcn/seed_29/bandpass_n20002_cLL_V4_covariance_s10.npz,76271,7548a46776f1d2dea0d82583e4e95c61d84e252e5733d12884ab9befd43f3da6
tcn,mixed,29,bandpass_n20002_cLL_V4_covariance_s5,phase2/results/predictions/full/mixed/tcn/seed_29/bandpass_n20002_cLL_V4_covariance_s5.npz,76187,f2d1bf9577ece905ffae8de79daf18f28cb2def038669aa5875f2363c6de8c81
tcn,mixed,29,bandpass_n20002_cLL_V4_covariance_s0,phase2/results/predictions/full/mixed/tcn/seed_29/bandpass_n20002_cLL_V4_covariance_s0.npz,75861,f96f54656f9b12fe40837eed4c2d1cb71b03c80a7452e9060d6058180fbab610
tcn,mixed,29,bandpass_n20002_cRA_LA_V1_V6_independent_rms_s20,phase2/results/predictions/full/mixed/tcn/seed_29/bandpass_n20002_cRA_LA_V1_V6_independent_rms_s20.npz,76388,98e23cc7bcf2cbab2487e3cc7e0c44b0142436f493626bc59097d7b22de2f74a
tcn,mixed,29,bandpass_n20002_cRA_LA_V1_V6_independent_rms_s15,phase2/results/predictions/full/mixed/tcn/seed_29/bandpass_n20002_cRA_LA_V1_V6_independent_rms_s15.npz,76417,495f5ac4309e44bee030921e3313750d9e56c38f13a6607ff162900147b78a6d
tcn,mixed,29,bandpass_n20002_cRA_LA_V1_V6_independent_rms_s10,phase2/results/predictions/full/mixed/tcn/seed_29/bandpass_n20002_cRA_LA_V1_V6_independent_rms_s10.npz,76380,82bb34a00a4a0847dffacdc05539efbbc289b6ca292ae9e7d5d25876d31e74e4
tcn,mixed,29,bandpass_n20002_cRA_LA_V1_V6_independent_rms_s5,phase2/results/predictions/full/mixed/tcn/seed_29/bandpass_n20002_cRA_LA_V1_V6_independent_rms_s5.npz,76236,6c5b58ed67c2334aafe9700c32e7b1ca53f9d9f7a37a348fb8fb7102157a0283
tcn,mixed,29,bandpass_n20002_cRA_LA_V1_V6_independent_rms_s0,phase2/results/predictions/full/mixed/tcn/seed_29/bandpass_n20002_cRA_LA_V1_V6_independent_rms_s0.npz,75927,12ce599847151a1a1c81c1ecbe93f83c6bed846d9baba97b4be527d5ca6473bc
tcn,mixed,29,bandpass_n20002_cRA_LA_V1_V6_electrode_s20,phase2/results/predictions/full/mixed/tcn/seed_29/bandpass_n20002_cRA_LA_V1_V6_electrode_s20.npz,76355,707d21f875e07fc7fa93a79e9f9fc4ea3c0bed6c640af9589d15ccd4a8afebd5
tcn,mixed,29,bandpass_n20002_cRA_LA_V1_V6_electrode_s15,phase2/results/predictions/full/mixed/tcn/seed_29/bandpass_n20002_cRA_LA_V1_V6_electrode_s15.npz,76380,7c69b951591778923a629704b1101a6b6e9f2890dba8a8eb26c4f955daf924e4
tcn,mixed,29,bandpass_n20002_cRA_LA_V1_V6_electrode_s10,phase2/results/predictions/full/mixed/tcn/seed_29/bandpass_n20002_cRA_LA_V1_V6_electrode_s10.npz,76278,bd1e93d2a96d19d950fea24ca680919775c1df1ece9983961d027442e45354ff
tcn,mixed,29,bandpass_n20002_cRA_LA_V1_V6_electrode_s5,phase2/results/predictions/full/mixed/tcn/seed_29/bandpass_n20002_cRA_LA_V1_V6_electrode_s5.npz,76101,79dfb5ffe013193d66e9cf8425a563118594484f51115a7cdf2c342400bac845
tcn,mixed,29,bandpass_n20002_cRA_LA_V1_V6_electrode_s0,phase2/results/predictions/full/mixed/tcn/seed_29/bandpass_n20002_cRA_LA_V1_V6_electrode_s0.npz,75660,275cf1fd460bcb193116fd532ec9e9d2338a690239c44e692243842bb5cfaa29
tcn,mixed,29,bandpass_n20002_cRA_LA_V1_V6_covariance_s20,phase2/results/predictions/full/mixed/tcn/seed_29/bandpass_n20002_cRA_LA_V1_V6_covariance_s20.npz,76396,34ccb1841df8cd547da5e6c9333590bd838dedde7005339a86e328fc18e2adec
tcn,mixed,29,bandpass_n20002_cRA_LA_V1_V6_covariance_s15,phase2/results/predictions/full/mixed/tcn/seed_29/bandpass_n20002_cRA_LA_V1_V6_covariance_s15.npz,76353,3ab5681b1ce559d5229ceea69bcd8ba353f01a2452b47996bdeb60ec450a0e50
tcn,mixed,29,bandpass_n20002_cRA_LA_V1_V6_covariance_s10,phase2/results/predictions/full/mixed/tcn/seed_29/bandpass_n20002_cRA_LA_V1_V6_covariance_s10.npz,76267,ae4a41e14b24ed693ccfdc16594fff461165a929adc61dfbcb95e4e7ed9e7404
tcn,mixed,29,bandpass_n20002_cRA_LA_V1_V6_covariance_s5,phase2/results/predictions/full/mixed/tcn/seed_29/bandpass_n20002_cRA_LA_V1_V6_covariance_s5.npz,76117,fcd2d77c0c22b0ab654c9a03b337413aa912faad77f7008149201d436fc20011
tcn,mixed,29,bandpass_n20002_cRA_LA_V1_V6_covariance_s0,phase2/results/predictions/full/mixed/tcn/seed_29/bandpass_n20002_cRA_LA_V1_V6_covariance_s0.npz,75670,5d2ad8e5cc0a58b029469b26ec36a8138203a777bf6bc680dd7bb60fb7a5b684
tcn,mixed,29,bandpass_n20002_cRA_V2_V5_independent_rms_s20,phase2/results/predictions/full/mixed/tcn/seed_29/bandpass_n20002_cRA_V2_V5_independent_rms_s20.npz,76404,5b4024c7e2924ef657d89a6bce0a849cf8c633cd26fcc61f629d7176e064f339
tcn,mixed,29,bandpass_n20002_cRA_V2_V5_independent_rms_s15,phase2/results/predictions/full/mixed/tcn/seed_29/bandpass_n20002_cRA_V2_V5_independent_rms_s15.npz,76402,17e795d2ccb03b95960493f7ee0498cf83872c61022473f80fa81bfcf59eb43d
tcn,mixed,29,bandpass_n20002_cRA_V2_V5_independent_rms_s10,phase2/results/predictions/full/mixed/tcn/seed_29/bandpass_n20002_cRA_V2_V5_independent_rms_s10.npz,76355,6511e440cc4739db77d85f19e2d778e26f8e0bbb294130bc27533c96551753fa
tcn,mixed,29,bandpass_n20002_cRA_V2_V5_independent_rms_s5,phase2/results/predictions/full/mixed/tcn/seed_29/bandpass_n20002_cRA_V2_V5_independent_rms_s5.npz,76239,c6f417713fd58d0aab2fef4c56a514c46cdca33b3d8e5eed33760a713ca188ff
tcn,mixed,29,bandpass_n20002_cRA_V2_V5_independent_rms_s0,phase2/results/predictions/full/mixed/tcn/seed_29/bandpass_n20002_cRA_V2_V5_independent_rms_s0.npz,75924,118d6973d50ba381d7429450c2bfb410156509de9312445e3b07833e991a5dd9
tcn,mixed,29,bandpass_n20002_cRA_V2_V5_electrode_s20,phase2/results/predictions/full/mixed/tcn/seed_29/bandpass_n20002_cRA_V2_V5_electrode_s20.npz,76385,484207b3d406c2839054d08d7f016dcafa0483610aa22a65ca4a0b4731d39b13
tcn,mixed,29,bandpass_n20002_cRA_V2_V5_electrode_s15,phase2/results/predictions/full/mixed/tcn/seed_29/bandpass_n20002_cRA_V2_V5_electrode_s15.npz,76380,18ae8bdebce967f2daf7b2740254689972a3a66c82cd591c0c94d6c1dfc43bad
tcn,mixed,29,bandpass_n20002_cRA_V2_V5_electrode_s10,phase2/results/predictions/full/mixed/tcn/seed_29/bandpass_n20002_cRA_V2_V5_electrode_s10.npz,76299,41e1985d063bbbb78bd8093ed7f471150ca08c338b42dc80189dd8fe91265704
tcn,mixed,29,bandpass_n20002_cRA_V2_V5_electrode_s5,phase2/results/predictions/full/mixed/tcn/seed_29/bandpass_n20002_cRA_V2_V5_electrode_s5.npz,76107,54b9dc40d8e2772a859066dbeaefd3f56648f289a9113cce753b00e4a624b0b0
tcn,mixed,29,bandpass_n20002_cRA_V2_V5_electrode_s0,phase2/results/predictions/full/mixed/tcn/seed_29/bandpass_n20002_cRA_V2_V5_electrode_s0.npz,75627,2a00115ea4071037a5fe59c06fada0fc78f5b353ff8186d7e75d61052d4ae870
tcn,mixed,29,bandpass_n20002_cRA_V2_V5_covariance_s20,phase2/results/predictions/full/mixed/tcn/seed_29/bandpass_n20002_cRA_V2_V5_covariance_s20.npz,76414,7a3ef14e12cd1f906e565cd0efc3f440e260f7e283bdfb22913a98cd232dc928
tcn,mixed,29,bandpass_n20002_cRA_V2_V5_covariance_s15,phase2/results/predictions/full/mixed/tcn/seed_29/bandpass_n20002_cRA_V2_V5_covariance_s15.npz,76338,97cf3911cd80d6c244782d2d38553bae89fc920c71824a4b605dd7f3ff9ee4c5
tcn,mixed,29,bandpass_n20002_cRA_V2_V5_covariance_s10,phase2/results/predictions/full/mixed/tcn/seed_29/bandpass_n20002_cRA_V2_V5_covariance_s10.npz,76245,20ec758c202d5e4582616d3ad6ccba33737626793f01a9b5eec1fc480b2a52dc
tcn,mixed,29,bandpass_n20002_cRA_V2_V5_covariance_s5,phase2/results/predictions/full/mixed/tcn/seed_29/bandpass_n20002_cRA_V2_V5_covariance_s5.npz,76132,4ae940183d95f1e8631aa5b702cf3b863608405c053d62b22781cdfbf06ae21e
tcn,mixed,29,bandpass_n20002_cRA_V2_V5_covariance_s0,phase2/results/predictions/full/mixed/tcn/seed_29/bandpass_n20002_cRA_V2_V5_covariance_s0.npz,75666,e78e200d5879a291afb4bd71d6d95f3a907b123b64f27acf5174946e6efc794d
tcn,mixed,29,bandpass_n20002_cLA_V3_V6_independent_rms_s20,phase2/results/predictions/full/mixed/tcn/seed_29/bandpass_n20002_cLA_V3_V6_independent_rms_s20.npz,76416,fd6a7fc6bd5fe0fc9ebc424aed204debe9e6e50d6fc50c0731793844b18a5060
tcn,mixed,29,bandpass_n20002_cLA_V3_V6_independent_rms_s15,phase2/results/predictions/full/mixed/tcn/seed_29/bandpass_n20002_cLA_V3_V6_independent_rms_s15.npz,76412,e4496300f120367988b2b6dedbdb785ceaa6db5f1007e9e9efcf7704315908fb
tcn,mixed,29,bandpass_n20002_cLA_V3_V6_independent_rms_s10,phase2/results/predictions/full/mixed/tcn/seed_29/bandpass_n20002_cLA_V3_V6_independent_rms_s10.npz,76375,f9d71e0cea4678d5e248ff9083ad7f04a19b8b35247ebe3f9e407b3a9e70ac17
tcn,mixed,29,bandpass_n20002_cLA_V3_V6_independent_rms_s5,phase2/results/predictions/full/mixed/tcn/seed_29/bandpass_n20002_cLA_V3_V6_independent_rms_s5.npz,76283,535e83bba78126d1a69c3ece4e6232639aa5f97d91097bcce1174d4774582aa7
tcn,mixed,29,bandpass_n20002_cLA_V3_V6_independent_rms_s0,phase2/results/predictions/full/mixed/tcn/seed_29/bandpass_n20002_cLA_V3_V6_independent_rms_s0.npz,75967,ae03f32189a830b7d064326701cba46ae173147c6b1e4cac6fb597726a6f56a5
tcn,mixed,29,bandpass_n20002_cLA_V3_V6_electrode_s20,phase2/results/predictions/full/mixed/tcn/seed_29/bandpass_n20002_cLA_V3_V6_electrode_s20.npz,76372,43eb2b24ebef602c277f230e0115f83e4fe77d5d9b866a991a2c7a311b4613b4
tcn,mixed,29,bandpass_n20002_cLA_V3_V6_electrode_s15,phase2/results/predictions/full/mixed/tcn/seed_29/bandpass_n20002_cLA_V3_V6_electrode_s15.npz,76388,0e448416aa9628ca1ba26a06ea2c5aedaa827e2e8ac6622929a897a58d51dca2
tcn,mixed,29,bandpass_n20002_cLA_V3_V6_electrode_s10,phase2/results/predictions/full/mixed/tcn/seed_29/bandpass_n20002_cLA_V3_V6_electrode_s10.npz,76321,8d9f81c6c0a8c447bb0a758d1c0a315ff62f6af260d47a36c9dd244f47b51b7a
tcn,mixed,29,bandpass_n20002_cLA_V3_V6_electrode_s5,phase2/results/predictions/full/mixed/tcn/seed_29/bandpass_n20002_cLA_V3_V6_electrode_s5.npz,76210,f080336de6d2e6e03ed294c1c0492dd59363de8097e7885413867af57b5ed101
tcn,mixed,29,bandpass_n20002_cLA_V3_V6_electrode_s0,phase2/results/predictions/full/mixed/tcn/seed_29/bandpass_n20002_cLA_V3_V6_electrode_s0.npz,75892,539c7770b553f2c9dce7bbabcac1097b9356b7798dafdc70df50bb48beb2142e
tcn,mixed,29,bandpass_n20002_cLA_V3_V6_covariance_s20,phase2/results/predictions/full/mixed/tcn/seed_29/bandpass_n20002_cLA_V3_V6_covariance_s20.npz,76390,7b32f11402960bf97b49e724941420762f694ca05d41a306c5ef9eaaad82268b
tcn,mixed,29,bandpass_n20002_cLA_V3_V6_covariance_s15,phase2/results/predictions/full/mixed/tcn/seed_29/bandpass_n20002_cLA_V3_V6_covariance_s15.npz,76381,f94926e1c3e192a2ff271ed5ff5f004b1e219696cc5818c1e2b2cf24313d6fc1
tcn,mixed,29,bandpass_n20002_cLA_V3_V6_covariance_s10,phase2/results/predictions/full/mixed/tcn/seed_29/bandpass_n20002_cLA_V3_V6_covariance_s10.npz,76306,9120d6cdd385494d642933a81ad04ae091c8259858f28ba3e80572da6b28924c
tcn,mixed,29,bandpass_n20002_cLA_V3_V6_covariance_s5,phase2/results/predictions/full/mixed/tcn/seed_29/bandpass_n20002_cLA_V3_V6_covariance_s5.npz,76192,e74d749f027376eeb6a5d0dc5f3af69e428d5113c95ead964942629e492c5045
tcn,mixed,29,bandpass_n20002_cLA_V3_V6_covariance_s0,phase2/results/predictions/full/mixed/tcn/seed_29/bandpass_n20002_cLA_V3_V6_covariance_s0.npz,75898,ca98577582afe560e8c2f4abdb3c465e50b7b40b117144b6453522bc37b2ecd5
tcn,mixed,29,bandpass_n20002_cLL_V1_V4_independent_rms_s20,phase2/results/predictions/full/mixed/tcn/seed_29/bandpass_n20002_cLL_V1_V4_independent_rms_s20.npz,76381,09e9313c87092b842e96fa6400e98eb6834a3665b0683f4ed20a85db62f10b72
tcn,mixed,29,bandpass_n20002_cLL_V1_V4_independent_rms_s15,phase2/results/predictions/full/mixed/tcn/seed_29/bandpass_n20002_cLL_V1_V4_independent_rms_s15.npz,76389,4a71d0ccd75efaea9d3a32cd3d2aba1a08a7f2d164ff0ed9be547ced3b225fd7
tcn,mixed,29,bandpass_n20002_cLL_V1_V4_independent_rms_s10,phase2/results/predictions/full/mixed/tcn/seed_29/bandpass_n20002_cLL_V1_V4_independent_rms_s10.npz,76341,e59e6e5faaef37116aafde59043dcd6aed721a6e2a9c8d4a575244addae0fd16
tcn,mixed,29,bandpass_n20002_cLL_V1_V4_independent_rms_s5,phase2/results/predictions/full/mixed/tcn/seed_29/bandpass_n20002_cLL_V1_V4_independent_rms_s5.npz,76251,76507bcd93c584cdceb485189f0cd337654613c15c16985cc2c7a0aed235df92
tcn,mixed,29,bandpass_n20002_cLL_V1_V4_independent_rms_s0,phase2/results/predictions/full/mixed/tcn/seed_29/bandpass_n20002_cLL_V1_V4_independent_rms_s0.npz,75952,ab41c6fb3c78a73a67d44b2880299ac86ef784009b2ad437ed4360600de7a765
tcn,mixed,29,bandpass_n20002_cLL_V1_V4_electrode_s20,phase2/results/predictions/full/mixed/tcn/seed_29/bandpass_n20002_cLL_V1_V4_electrode_s20.npz,76375,5ca5d7034cd970b6879d0f3adc82cb9579a5a2c0253ab8abd4c13320763ca510
tcn,mixed,29,bandpass_n20002_cLL_V1_V4_electrode_s15,phase2/results/predictions/full/mixed/tcn/seed_29/bandpass_n20002_cLL_V1_V4_electrode_s15.npz,76375,0e38d0d1280d6845ddc7844c2e94c503831d6537ee09516927fb0d771840efc8
tcn,mixed,29,bandpass_n20002_cLL_V1_V4_electrode_s10,phase2/results/predictions/full/mixed/tcn/seed_29/bandpass_n20002_cLL_V1_V4_electrode_s10.npz,76295,6551e063354302f59f684605dd0fe19a6df68aa500e13eb2e376b51d738e8817
tcn,mixed,29,bandpass_n20002_cLL_V1_V4_electrode_s5,phase2/results/predictions/full/mixed/tcn/seed_29/bandpass_n20002_cLL_V1_V4_electrode_s5.npz,76174,5a696edd1b61ba15f1e803dad3e11e9954c4a8a32888b7eeefb44bf8fb9567c8
tcn,mixed,29,bandpass_n20002_cLL_V1_V4_electrode_s0,phase2/results/predictions/full/mixed/tcn/seed_29/bandpass_n20002_cLL_V1_V4_electrode_s0.npz,75882,56474d9d2da17a0fe90dd0d9bd5565914c33a8f68f990c863e18c850ab5ec610
tcn,mixed,29,bandpass_n20002_cLL_V1_V4_covariance_s20,phase2/results/predictions/full/mixed/tcn/seed_29/bandpass_n20002_cLL_V1_V4_covariance_s20.npz,76383,2fa87d184a921603bd5a31c23cb92f6f44bdcf05947779d808ff77810dd1b129
tcn,mixed,29,bandpass_n20002_cLL_V1_V4_covariance_s15,phase2/results/predictions/full/mixed/tcn/seed_29/bandpass_n20002_cLL_V1_V4_covariance_s15.npz,76368,8086ce625e2b8bfda1a597a0bca13902e8b623bd2319bb39a450c73e9611c5f8
tcn,mixed,29,bandpass_n20002_cLL_V1_V4_covariance_s10,phase2/results/predictions/full/mixed/tcn/seed_29/bandpass_n20002_cLL_V1_V4_covariance_s10.npz,76308,478829b4068afba22699e6ec0632af2be67e02251ab1d0635c016ef03e14ddca
tcn,mixed,29,bandpass_n20002_cLL_V1_V4_covariance_s5,phase2/results/predictions/full/mixed/tcn/seed_29/bandpass_n20002_cLL_V1_V4_covariance_s5.npz,76202,2fc93e25271a7dada920d57e222be3b30e0539d073e2ce38fba583c26f9cafc4
tcn,mixed,29,bandpass_n20002_cLL_V1_V4_covariance_s0,phase2/results/predictions/full/mixed/tcn/seed_29/bandpass_n20002_cLL_V1_V4_covariance_s0.npz,75861,3ff2ebb12da9fa9633ef3985f3907e08deb70470bcdb3fba6d98396ac1646e54
tcn,mixed,29,bandpass_n20002_call_independent_rms_s20,phase2/results/predictions/full/mixed/tcn/seed_29/bandpass_n20002_call_independent_rms_s20.npz,76370,5a2b100472dce431bd782a6513e4334751d9934b8076affd978b709df55c141c
tcn,mixed,29,bandpass_n20002_call_independent_rms_s15,phase2/results/predictions/full/mixed/tcn/seed_29/bandpass_n20002_call_independent_rms_s15.npz,76361,79107434d14e421538901d215395d9a38b890a61a01626e8bd5b59ad90cd92d3
tcn,mixed,29,bandpass_n20002_call_independent_rms_s10,phase2/results/predictions/full/mixed/tcn/seed_29/bandpass_n20002_call_independent_rms_s10.npz,76371,a0fe15995bc3b31f567d4486aceee697cd7295f9e09d4203823c03478caf2643
tcn,mixed,29,bandpass_n20002_call_independent_rms_s5,phase2/results/predictions/full/mixed/tcn/seed_29/bandpass_n20002_call_independent_rms_s5.npz,76228,1d5bbcf0730d5c1915983780f52676d0d2a0cfb6d226c663f57e948fef2c15b8
tcn,mixed,29,bandpass_n20002_call_independent_rms_s0,phase2/results/predictions/full/mixed/tcn/seed_29/bandpass_n20002_call_independent_rms_s0.npz,75922,9f0d1832c2e996905128c6e74186c4bcac5356d9d6c898b1e8ff62a1596b3514
tcn,mixed,29,bandpass_n20002_call_electrode_s20,phase2/results/predictions/full/mixed/tcn/seed_29/bandpass_n20002_call_electrode_s20.npz,76366,636c985062fc823c60d4caeafcd9434e26b57ccd63861bfe1d8a0a1a094ffe2d
tcn,mixed,29,bandpass_n20002_call_electrode_s15,phase2/results/predictions/full/mixed/tcn/seed_29/bandpass_n20002_call_electrode_s15.npz,76348,7faadd5cbd0d959221b46598b8eafb973ca7da157dfa5162723d814c4cfea64e
tcn,mixed,29,bandpass_n20002_call_electrode_s10,phase2/results/predictions/full/mixed/tcn/seed_29/bandpass_n20002_call_electrode_s10.npz,76283,068e417b47bab52ea80a1b645d7a9dbb6c4538d7ff7d303bac322872806d1037
tcn,mixed,29,bandpass_n20002_call_electrode_s5,phase2/results/predictions/full/mixed/tcn/seed_29/bandpass_n20002_call_electrode_s5.npz,76102,135ce0152f984e0e33bcef40e8560f0b8f2029805a89ea6e157e8a62d00d89c7
tcn,mixed,29,bandpass_n20002_call_electrode_s0,phase2/results/predictions/full/mixed/tcn/seed_29/bandpass_n20002_call_electrode_s0.npz,75714,8b317507c3bde311c2b7a34af82fdcf80af418872492be5d53f91d392be51006
tcn,mixed,29,bandpass_n20002_call_covariance_s20,phase2/results/predictions/full/mixed/tcn/seed_29/bandpass_n20002_call_covariance_s20.npz,76324,7022684e1c082ca91d3700a9f4816c593b0c425100b0c5bc1da96a43e0161ea9
tcn,mixed,29,bandpass_n20002_call_covariance_s15,phase2/results/predictions/full/mixed/tcn/seed_29/bandpass_n20002_call_covariance_s15.npz,76325,c9977648fd5d1f320bb75cb3910a19b41252ed9de631665b4a9685585de57405
tcn,mixed,29,bandpass_n20002_call_covariance_s10,phase2/results/predictions/full/mixed/tcn/seed_29/bandpass_n20002_call_covariance_s10.npz,76282,b48b8749b948ea009b69170b3df8c57a1ed4efed55b1e1f33d06a58f53296d64
tcn,mixed,29,bandpass_n20002_call_covariance_s5,phase2/results/predictions/full/mixed/tcn/seed_29/bandpass_n20002_call_covariance_s5.npz,76127,84b8fa036f95363b184b93ecb3e52563438eeaff836594257b64b94cda22a6c1
tcn,mixed,29,bandpass_n20002_call_covariance_s0,phase2/results/predictions/full/mixed/tcn/seed_29/bandpass_n20002_call_covariance_s0.npz,75711,09fea648266cf2647f25eadfc024ac7d5c19216adc0d4913cead4a6dac46bbcb
tcn,mixed,29,bandpass_n20003_cRA_LA_LL_independent_rms_s20,phase2/results/predictions/full/mixed/tcn/seed_29/bandpass_n20003_cRA_LA_LL_independent_rms_s20.npz,76387,ab2cdae568de08035c25871cbf8e1e3ea7ced0f4618b4e6149a3a745d0110b6a
tcn,mixed,29,bandpass_n20003_cRA_LA_LL_independent_rms_s15,phase2/results/predictions/full/mixed/tcn/seed_29/bandpass_n20003_cRA_LA_LL_independent_rms_s15.npz,76385,5cf66215d41f2863732c472cffbca5831512889edfbdaec7ce3bbed6f34a0a84
tcn,mixed,29,bandpass_n20003_cRA_LA_LL_independent_rms_s10,phase2/results/predictions/full/mixed/tcn/seed_29/bandpass_n20003_cRA_LA_LL_independent_rms_s10.npz,76344,1f0f94071e24c959747032dff667946ec8d0865c178addd3b268dc55337e4cda
tcn,mixed,29,bandpass_n20003_cRA_LA_LL_independent_rms_s5,phase2/results/predictions/full/mixed/tcn/seed_29/bandpass_n20003_cRA_LA_LL_independent_rms_s5.npz,76213,666e374a5f7545fcc4558f9df50595e58167350d13f7c7f57b5e138795910a9f
tcn,mixed,29,bandpass_n20003_cRA_LA_LL_independent_rms_s0,phase2/results/predictions/full/mixed/tcn/seed_29/bandpass_n20003_cRA_LA_LL_independent_rms_s0.npz,75917,86eceebf9ec88ebc1dfa892a7db7591613f3580bed27d1fd097e642cad340093
tcn,mixed,29,bandpass_n20003_cRA_LA_LL_electrode_s20,phase2/results/predictions/full/mixed/tcn/seed_29/bandpass_n20003_cRA_LA_LL_electrode_s20.npz,76369,b9cee416269f6b17b6ed2e19c4964d7ebb887fc1ee7a68d56960cf1cf6a19eaf
tcn,mixed,29,bandpass_n20003_cRA_LA_LL_electrode_s15,phase2/results/predictions/full/mixed/tcn/seed_29/bandpass_n20003_cRA_LA_LL_electrode_s15.npz,76341,bc72daa5f2ee5f7928ba722f46c2c3e24d0a9a2539465210a25531ad335e3787
tcn,mixed,29,bandpass_n20003_cRA_LA_LL_electrode_s10,phase2/results/predictions/full/mixed/tcn/seed_29/bandpass_n20003_cRA_LA_LL_electrode_s10.npz,76273,880fb57751297da6c218d5f76c51717043286ff4e2241519e2a0f6ee8d1606ea
tcn,mixed,29,bandpass_n20003_cRA_LA_LL_electrode_s5,phase2/results/predictions/full/mixed/tcn/seed_29/bandpass_n20003_cRA_LA_LL_electrode_s5.npz,76121,e0b9a9797479871632222ce9a078ad6c4213413dfb374db86a99ddd3d7f72cf7
tcn,mixed,29,bandpass_n20003_cRA_LA_LL_electrode_s0,phase2/results/predictions/full/mixed/tcn/seed_29/bandpass_n20003_cRA_LA_LL_electrode_s0.npz,75641,0f898377ac2245dc4cb09ae2cc2788aa4843e30e9e61bb73740637a33fc73569
tcn,mixed,29,bandpass_n20003_cRA_LA_LL_covariance_s20,phase2/results/predictions/full/mixed/tcn/seed_29/bandpass_n20003_cRA_LA_LL_covariance_s20.npz,76369,4d28923dd76ce3451c7be38aebcf2401f1070670e68f12ebc0939b7dca0eef0d
tcn,mixed,29,bandpass_n20003_cRA_LA_LL_covariance_s15,phase2/results/predictions/full/mixed/tcn/seed_29/bandpass_n20003_cRA_LA_LL_covariance_s15.npz,76335,0e4b7751c7a715fe511318c7a6444885141098617dd1013ab9c7dff38bdbc23a
tcn,mixed,29,bandpass_n20003_cRA_LA_LL_covariance_s10,phase2/results/predictions/full/mixed/tcn/seed_29/bandpass_n20003_cRA_LA_LL_covariance_s10.npz,76258,737e161f11eaf65db8750b6d1973840b81c072649fead6392b3ea02e892b0f13
tcn,mixed,29,bandpass_n20003_cRA_LA_LL_covariance_s5,phase2/results/predictions/full/mixed/tcn/seed_29/bandpass_n20003_cRA_LA_LL_covariance_s5.npz,76119,017f37d2dd69d402d3adaab94049b6e9fd9fe317d68fe4f97be65b8e96fb9f46
tcn,mixed,29,bandpass_n20003_cRA_LA_LL_covariance_s0,phase2/results/predictions/full/mixed/tcn/seed_29/bandpass_n20003_cRA_LA_LL_covariance_s0.npz,75613,177fd4e58c36ee25afbbabb2f26fcee9ad28eb06c5421cc02a5cb0aec38f2b42
tcn,mixed,29,bandpass_n20003_cV1_independent_rms_s20,phase2/results/predictions/full/mixed/tcn/seed_29/bandpass_n20003_cV1_independent_rms_s20.npz,76385,cd51756bfb78db3cea6081a6e6446c3e7d2fc27dd3b6e7d76e73226d2ba08872
tcn,mixed,29,bandpass_n20003_cV1_independent_rms_s15,phase2/results/predictions/full/mixed/tcn/seed_29/bandpass_n20003_cV1_independent_rms_s15.npz,76378,62a1866fa1b159c844f8477c0948f8d83ed6b8ac9cc3c2577fd9d68daa74af77
tcn,mixed,29,bandpass_n20003_cV1_independent_rms_s10,phase2/results/predictions/full/mixed/tcn/seed_29/bandpass_n20003_cV1_independent_rms_s10.npz,76322,5e5e2d00e34ae4c93a56427e8c8c4ea9874dfe33d8f4918179d83929caab260d
tcn,mixed,29,bandpass_n20003_cV1_independent_rms_s5,phase2/results/predictions/full/mixed/tcn/seed_29/bandpass_n20003_cV1_independent_rms_s5.npz,76197,c938494452d76c3a2c0a9866a5a32b6dab50032d5732c4983ed0fd189ec0c65a
tcn,mixed,29,bandpass_n20003_cV1_independent_rms_s0,phase2/results/predictions/full/mixed/tcn/seed_29/bandpass_n20003_cV1_independent_rms_s0.npz,75839,5d5e331ccfe2fac31dc1492ddc6e9f66f524bc8e33df44c045f74612b7681255
tcn,mixed,29,bandpass_n20003_cV1_electrode_s20,phase2/results/predictions/full/mixed/tcn/seed_29/bandpass_n20003_cV1_electrode_s20.npz,76352,840121429d25e7d4048d6d650950c7482501d737d4d7740c691b4359e76788e2
tcn,mixed,29,bandpass_n20003_cV1_electrode_s15,phase2/results/predictions/full/mixed/tcn/seed_29/bandpass_n20003_cV1_electrode_s15.npz,76345,1abc00546628aff7bc350521e849872ee2233432960ae869db3a3f6282473568
tcn,mixed,29,bandpass_n20003_cV1_electrode_s10,phase2/results/predictions/full/mixed/tcn/seed_29/bandpass_n20003_cV1_electrode_s10.npz,76261,214b3277cf62e0010bd89da2dcb614f46af09aee22fb93ed311ff14396cbc380
tcn,mixed,29,bandpass_n20003_cV1_electrode_s5,phase2/results/predictions/full/mixed/tcn/seed_29/bandpass_n20003_cV1_electrode_s5.npz,76161,95a8e74cb1d49debe50b098c5cef1fb47a4406a3d465fac26b47a7ca49f3d309
tcn,mixed,29,bandpass_n20003_cV1_electrode_s0,phase2/results/predictions/full/mixed/tcn/seed_29/bandpass_n20003_cV1_electrode_s0.npz,75812,89ca709c2f88e3ead64fe5af6197bd8b011450d7b112c9f699f68481b52317b6
tcn,mixed,29,bandpass_n20003_cV1_covariance_s20,phase2/results/predictions/full/mixed/tcn/seed_29/bandpass_n20003_cV1_covariance_s20.npz,76372,22a9475d0d226247a0aa3dcc0a347a234054a99cd5f987f555ec0acaf0cba78e
tcn,mixed,29,bandpass_n20003_cV1_covariance_s15,phase2/results/predictions/full/mixed/tcn/seed_29/bandpass_n20003_cV1_covariance_s15.npz,76386,65c38266c4de5de31ee583d4fac4c657dce33e61dadae674b458c9b352a69b01
tcn,mixed,29,bandpass_n20003_cV1_covariance_s10,phase2/results/predictions/full/mixed/tcn/seed_29/bandpass_n20003_cV1_covariance_s10.npz,76248,78927d7eaa92bf11a6ffc4d6a70f9a74d4d58d249d50ece76450e8d09e25ce2f
tcn,mixed,29,bandpass_n20003_cV1_covariance_s5,phase2/results/predictions/full/mixed/tcn/seed_29/bandpass_n20003_cV1_covariance_s5.npz,76184,a7ac621a04a16bd271f063141164378cf34755765c0f04ec43111947371ca62f
tcn,mixed,29,bandpass_n20003_cV1_covariance_s0,phase2/results/predictions/full/mixed/tcn/seed_29/bandpass_n20003_cV1_covariance_s0.npz,75827,1525765e88732ef730539d72cec2036b1cc3557574a091cf22f9be720d689153
tcn,mixed,29,bandpass_n20003_cV2_independent_rms_s20,phase2/results/predictions/full/mixed/tcn/seed_29/bandpass_n20003_cV2_independent_rms_s20.npz,76356,68b4e4c2f1bd6b312c38bf5f9432129e861c84eea4f608e50fdb8bc9f78fd11d
tcn,mixed,29,bandpass_n20003_cV2_independent_rms_s15,phase2/results/predictions/full/mixed/tcn/seed_29/bandpass_n20003_cV2_independent_rms_s15.npz,76363,fb4de740f3b4f5c20eadffd256abfafb2ee7d4aade1f5dddb7ec9fdc187d5fd7
tcn,mixed,29,bandpass_n20003_cV2_independent_rms_s10,phase2/results/predictions/full/mixed/tcn/seed_29/bandpass_n20003_cV2_independent_rms_s10.npz,76316,84a9493421fec1b41652d9976b1481cec8727a65182f6671ce8073adf0fdaed1
tcn,mixed,29,bandpass_n20003_cV2_independent_rms_s5,phase2/results/predictions/full/mixed/tcn/seed_29/bandpass_n20003_cV2_independent_rms_s5.npz,76225,86bc69aff0e95b6d7c433ba5c350bff74b08a7f701e4266e63c227f111eeba6f
tcn,mixed,29,bandpass_n20003_cV2_independent_rms_s0,phase2/results/predictions/full/mixed/tcn/seed_29/bandpass_n20003_cV2_independent_rms_s0.npz,75948,6602a82f72c11147ece3030a1ae41e569ac57cb27969d316ed254a7fb09b0292
tcn,mixed,29,bandpass_n20003_cV2_electrode_s20,phase2/results/predictions/full/mixed/tcn/seed_29/bandpass_n20003_cV2_electrode_s20.npz,76355,ee84ff50b1f621eb4fdda3b3ab047a7dd94afca833a2d4256a2b04e555df0a9d
tcn,mixed,29,bandpass_n20003_cV2_electrode_s15,phase2/results/predictions/full/mixed/tcn/seed_29/bandpass_n20003_cV2_electrode_s15.npz,76347,0ef9b5223baa86ab3b5fbcc596f6db198d739ddb700e241e442fe13ee44c30a1
tcn,mixed,29,bandpass_n20003_cV2_electrode_s10,phase2/results/predictions/full/mixed/tcn/seed_29/bandpass_n20003_cV2_electrode_s10.npz,76305,e6458530c403af63a8284f826fca702c50dc92934697f1b9f490a820ad78fdfc
tcn,mixed,29,bandpass_n20003_cV2_electrode_s5,phase2/results/predictions/full/mixed/tcn/seed_29/bandpass_n20003_cV2_electrode_s5.npz,76186,26052c6d3debb97fff644e01401f2ec01bedd3f24527565846c7d70b5fdad854
tcn,mixed,29,bandpass_n20003_cV2_electrode_s0,phase2/results/predictions/full/mixed/tcn/seed_29/bandpass_n20003_cV2_electrode_s0.npz,75909,c5a882bd9cc9b65c2008f133bfed2052958d2c77a74e6991506b19c44753761e
tcn,mixed,29,bandpass_n20003_cV2_covariance_s20,phase2/results/predictions/full/mixed/tcn/seed_29/bandpass_n20003_cV2_covariance_s20.npz,76347,fb1f15406297abc4641b098a6ce9f5b68cb15fd7f715fd64ef0ee3fe85137dbe
tcn,mixed,29,bandpass_n20003_cV2_covariance_s15,phase2/results/predictions/full/mixed/tcn/seed_29/bandpass_n20003_cV2_covariance_s15.npz,76368,f133a5180aa83d6aa8c0e9217805709f131cc86d6a3f1db4af963c2c50c61e99
tcn,mixed,29,bandpass_n20003_cV2_covariance_s10,phase2/results/predictions/full/mixed/tcn/seed_29/bandpass_n20003_cV2_covariance_s10.npz,76294,3174d568a20015317a6407b13a865ad76adaf1983d7822796cda0d9105079857
tcn,mixed,29,bandpass_n20003_cV2_covariance_s5,phase2/results/predictions/full/mixed/tcn/seed_29/bandpass_n20003_cV2_covariance_s5.npz,76187,151c4fb38ab0117a04808e9cd8fc5035bee6a321cbe618f76a515447888b5311
tcn,mixed,29,bandpass_n20003_cV2_covariance_s0,phase2/results/predictions/full/mixed/tcn/seed_29/bandpass_n20003_cV2_covariance_s0.npz,75921,cce20fb1e178a6af60a130514072f4bd381363ad05c1d8e90f310c9b0f1069cd
tcn,mixed,29,bandpass_n20003_cV3_independent_rms_s20,phase2/results/predictions/full/mixed/tcn/seed_29/bandpass_n20003_cV3_independent_rms_s20.npz,76366,d5cd6726133154a365bac54cb8a4a252d27148b793bb0661bb8fe729eb0f9b50
tcn,mixed,29,bandpass_n20003_cV3_independent_rms_s15,phase2/results/predictions/full/mixed/tcn/seed_29/bandpass_n20003_cV3_independent_rms_s15.npz,76373,9cc873272aa546dff6d15fe66a4a6ee87bc475eec8c4f9ff22a82c9d04e80c85
tcn,mixed,29,bandpass_n20003_cV3_independent_rms_s10,phase2/results/predictions/full/mixed/tcn/seed_29/bandpass_n20003_cV3_independent_rms_s10.npz,76366,7b8de31945c4a3fc5e2488170c56999095f4cd76fbd12f8a451fd23d97a899e5
tcn,mixed,29,bandpass_n20003_cV3_independent_rms_s5,phase2/results/predictions/full/mixed/tcn/seed_29/bandpass_n20003_cV3_independent_rms_s5.npz,76301,13d720db1c5c4b549454526b728a6ab1eec855ecb870d2ebd3827b77b20b7508
tcn,mixed,29,bandpass_n20003_cV3_independent_rms_s0,phase2/results/predictions/full/mixed/tcn/seed_29/bandpass_n20003_cV3_independent_rms_s0.npz,76198,ccf751dd48883aa136c74ba931cfff0c73531f9fdfffa25dc6fbda102fb03927
tcn,mixed,29,bandpass_n20003_cV3_electrode_s20,phase2/results/predictions/full/mixed/tcn/seed_29/bandpass_n20003_cV3_electrode_s20.npz,76356,9e2cf4122387a175edeaf8e31023c3910bd78f8836010ab1fb6a3f206c4bc59c
tcn,mixed,29,bandpass_n20003_cV3_electrode_s15,phase2/results/predictions/full/mixed/tcn/seed_29/bandpass_n20003_cV3_electrode_s15.npz,76348,a19fedde8ee0e0b47fecf43504cd50aaeb58a352126a6ca6190e2d05f88401b0
tcn,mixed,29,bandpass_n20003_cV3_electrode_s10,phase2/results/predictions/full/mixed/tcn/seed_29/bandpass_n20003_cV3_electrode_s10.npz,76354,d3ea7b45791fb23fa1af893548fca1380d628c8dcb8aaf0d6a656393d4ebb0f6
tcn,mixed,29,bandpass_n20003_cV3_electrode_s5,phase2/results/predictions/full/mixed/tcn/seed_29/bandpass_n20003_cV3_electrode_s5.npz,76303,0f18368b533df233bf2cb5949e673f876a5d09d8804ab1c41fee4d964c53cbff
tcn,mixed,29,bandpass_n20003_cV3_electrode_s0,phase2/results/predictions/full/mixed/tcn/seed_29/bandpass_n20003_cV3_electrode_s0.npz,76212,7cc462e730a61b8e8ffb41d4239a2902315fa4221783029669943405f8e95307
tcn,mixed,29,bandpass_n20003_cV3_covariance_s20,phase2/results/predictions/full/mixed/tcn/seed_29/bandpass_n20003_cV3_covariance_s20.npz,76353,c9232e87cb5fe0c927cc4f40571ab553510ab25211624f0f9f46b11595d5ff94
tcn,mixed,29,bandpass_n20003_cV3_covariance_s15,phase2/results/predictions/full/mixed/tcn/seed_29/bandpass_n20003_cV3_covariance_s15.npz,76367,fdd0d73a24c455c25e379ac94c13cbce0ca87498e94fc49837bdcd47139de377
tcn,mixed,29,bandpass_n20003_cV3_covariance_s10,phase2/results/predictions/full/mixed/tcn/seed_29/bandpass_n20003_cV3_covariance_s10.npz,76362,48a519285ad029dcc70af9a07738dc2eb63ea1ce27670568c7459e9dee36273c
tcn,mixed,29,bandpass_n20003_cV3_covariance_s5,phase2/results/predictions/full/mixed/tcn/seed_29/bandpass_n20003_cV3_covariance_s5.npz,76308,1aa3bce9c8f64f1082bc92fba5d8bdadbd9ff643d534022ed0c78ed4d9c4d85e
tcn,mixed,29,bandpass_n20003_cV3_covariance_s0,phase2/results/predictions/full/mixed/tcn/seed_29/bandpass_n20003_cV3_covariance_s0.npz,76208,086eca340f5e4bfc2f1f8773ca7709ee5e8dd1401317444d80979cd52dde4cea
tcn,mixed,29,bandpass_n20003_cV4_independent_rms_s20,phase2/results/predictions/full/mixed/tcn/seed_29/bandpass_n20003_cV4_independent_rms_s20.npz,76372,5a4e746c8148febe09571ff022d45c9f5781e516d29c08f761bbb2c6e6ef97a2
tcn,mixed,29,bandpass_n20003_cV4_independent_rms_s15,phase2/results/predictions/full/mixed/tcn/seed_29/bandpass_n20003_cV4_independent_rms_s15.npz,76367,d21fa2ed362b514e522de2515ee1c4410467616dd9cdf7bf55ee74e99fb79e2b
tcn,mixed,29,bandpass_n20003_cV4_independent_rms_s10,phase2/results/predictions/full/mixed/tcn/seed_29/bandpass_n20003_cV4_independent_rms_s10.npz,76381,d99865c31d67cdf3a0c140b77530a77e99a800e97930ae59d409e07494f60773
tcn,mixed,29,bandpass_n20003_cV4_independent_rms_s5,phase2/results/predictions/full/mixed/tcn/seed_29/bandpass_n20003_cV4_independent_rms_s5.npz,76272,f8b4907b01a3880e1e7cc1a81e920574a3ad6e5684e877255fe6852d3d1330a7
tcn,mixed,29,bandpass_n20003_cV4_independent_rms_s0,phase2/results/predictions/full/mixed/tcn/seed_29/bandpass_n20003_cV4_independent_rms_s0.npz,76128,131fc9d6ae40cb9fb6c4ad41848dfbad41a44fe51a11739f28ab923f4d47b6fa
tcn,mixed,29,bandpass_n20003_cV4_electrode_s20,phase2/results/predictions/full/mixed/tcn/seed_29/bandpass_n20003_cV4_electrode_s20.npz,76376,f69992096c88f01082dfdcf22c8f48bdfb3e4a79b22f2bbcb0c976ad5f8cfc67
tcn,mixed,29,bandpass_n20003_cV4_electrode_s15,phase2/results/predictions/full/mixed/tcn/seed_29/bandpass_n20003_cV4_electrode_s15.npz,76364,5c991ff25115b9f8381398de4df318476832beddd8bb560f6a572db1fd7240f8
tcn,mixed,29,bandpass_n20003_cV4_electrode_s10,phase2/results/predictions/full/mixed/tcn/seed_29/bandpass_n20003_cV4_electrode_s10.npz,76341,34ba196ab6c1821ae4d79db253e82e8da60dea102e1bd475f07cdcdc9b596cab
tcn,mixed,29,bandpass_n20003_cV4_electrode_s5,phase2/results/predictions/full/mixed/tcn/seed_29/bandpass_n20003_cV4_electrode_s5.npz,76276,a4dcef6118f4530d2ec19753cbf0f20558b50325635f9d115a72e994f3f613c3
tcn,mixed,29,bandpass_n20003_cV4_electrode_s0,phase2/results/predictions/full/mixed/tcn/seed_29/bandpass_n20003_cV4_electrode_s0.npz,76130,445c23946e7db236d1c10b99e5fcacf3f7fa2b9f169373197d6015b97b2a3c4b
tcn,mixed,29,bandpass_n20003_cV4_covariance_s20,phase2/results/predictions/full/mixed/tcn/seed_29/bandpass_n20003_cV4_covariance_s20.npz,76373,3f5319c21cf26b5f7404e45f6acfb8c5fa1f6fa837cbbb9aece43ec6f568490c
tcn,mixed,29,bandpass_n20003_cV4_covariance_s15,phase2/results/predictions/full/mixed/tcn/seed_29/bandpass_n20003_cV4_covariance_s15.npz,76343,9c1cc8d5877aca447472f2a40ac93f3413df2a735790aa88bda87287cfa0e7ab
tcn,mixed,29,bandpass_n20003_cV4_covariance_s10,phase2/results/predictions/full/mixed/tcn/seed_29/bandpass_n20003_cV4_covariance_s10.npz,76339,745080e6fb5fa57a751b13f477868b600a5d75e59070fa4e659d5c9792261a06
tcn,mixed,29,bandpass_n20003_cV4_covariance_s5,phase2/results/predictions/full/mixed/tcn/seed_29/bandpass_n20003_cV4_covariance_s5.npz,76288,5fd5b1015f228e00feeab0bcc6dbe01bbff01800e299d837c005db71a69c68ff
tcn,mixed,29,bandpass_n20003_cV4_covariance_s0,phase2/results/predictions/full/mixed/tcn/seed_29/bandpass_n20003_cV4_covariance_s0.npz,76117,c3eb25a19c4618da67babe10f377fc75097701290fb83d6f376330e58ea6f18a
tcn,mixed,29,bandpass_n20003_cV5_independent_rms_s20,phase2/results/predictions/full/mixed/tcn/seed_29/bandpass_n20003_cV5_independent_rms_s20.npz,76362,f5b7e0aa131d4997c276cb53eb1eb6a74bf8f8c125532071a00e123c00ccf1cb
tcn,mixed,29,bandpass_n20003_cV5_independent_rms_s15,phase2/results/predictions/full/mixed/tcn/seed_29/bandpass_n20003_cV5_independent_rms_s15.npz,76362,300b9c51a5a4f6c3641cac9bf05cd8d670dbbe56bb0a73ee0e2ee690b1cfd97d
tcn,mixed,29,bandpass_n20003_cV5_independent_rms_s10,phase2/results/predictions/full/mixed/tcn/seed_29/bandpass_n20003_cV5_independent_rms_s10.npz,76348,3a6494c5d92925ed05112d371ba22db90289e5628fbf289a39b402376c0b3d4f
tcn,mixed,29,bandpass_n20003_cV5_independent_rms_s5,phase2/results/predictions/full/mixed/tcn/seed_29/bandpass_n20003_cV5_independent_rms_s5.npz,76286,308d13517514a281314f3c580595f0a816489c3fe49fe943dcaf6ba45ef29c88
tcn,mixed,29,bandpass_n20003_cV5_independent_rms_s0,phase2/results/predictions/full/mixed/tcn/seed_29/bandpass_n20003_cV5_independent_rms_s0.npz,76119,5dd9cd5a5416a30d28818cb6c045527baa75234b8a9aa9ee9930dadb75224e0d
tcn,mixed,29,bandpass_n20003_cV5_electrode_s20,phase2/results/predictions/full/mixed/tcn/seed_29/bandpass_n20003_cV5_electrode_s20.npz,76345,c3271e023a8ab207f3056ddb6c9d176118ba19531d58b13e73fbea4ae9023af5
tcn,mixed,29,bandpass_n20003_cV5_electrode_s15,phase2/results/predictions/full/mixed/tcn/seed_29/bandpass_n20003_cV5_electrode_s15.npz,76324,72564f1cb6bc062c8cfe475f7d9659f9964b3791f635b5c9f6a6daac41a0ae32
tcn,mixed,29,bandpass_n20003_cV5_electrode_s10,phase2/results/predictions/full/mixed/tcn/seed_29/bandpass_n20003_cV5_electrode_s10.npz,76337,6aea611063e664ce4c8ffe0b95723070a95545e5ddc7861293cf517e97868b71
tcn,mixed,29,bandpass_n20003_cV5_electrode_s5,phase2/results/predictions/full/mixed/tcn/seed_29/bandpass_n20003_cV5_electrode_s5.npz,76275,a7670b892f1ca6aa4aa8b9a827854f3bf10829f20006ae3f658143c871732551
tcn,mixed,29,bandpass_n20003_cV5_electrode_s0,phase2/results/predictions/full/mixed/tcn/seed_29/bandpass_n20003_cV5_electrode_s0.npz,76039,e2a68c44f13036526a929f446a0808788ad294131f2f67d45a3560207df61e89
tcn,mixed,29,bandpass_n20003_cV5_covariance_s20,phase2/results/predictions/full/mixed/tcn/seed_29/bandpass_n20003_cV5_covariance_s20.npz,76343,77ceb3c006a22c0d3dd393cb84256166e6a3d4c64ecac32518bf2289025cbee2
tcn,mixed,29,bandpass_n20003_cV5_covariance_s15,phase2/results/predictions/full/mixed/tcn/seed_29/bandpass_n20003_cV5_covariance_s15.npz,76343,a9dbaa09fc4e4d6b790342f2e96536d0a1005f215809248a0c6f559a795615a2
tcn,mixed,29,bandpass_n20003_cV5_covariance_s10,phase2/results/predictions/full/mixed/tcn/seed_29/bandpass_n20003_cV5_covariance_s10.npz,76346,e59a5b6b0ed70d4aa676f9a77626ad1198083bd2eacd3a7ec2e1fe61918252f8
tcn,mixed,29,bandpass_n20003_cV5_covariance_s5,phase2/results/predictions/full/mixed/tcn/seed_29/bandpass_n20003_cV5_covariance_s5.npz,76268,18e075312f395c5f638cd500cd714a8019779a671f2d5ce232031ce55bd09923
tcn,mixed,29,bandpass_n20003_cV5_covariance_s0,phase2/results/predictions/full/mixed/tcn/seed_29/bandpass_n20003_cV5_covariance_s0.npz,76067,f24ff9ad35ecc4e45c9644093a6fd41e18238b34084616e65d39124985faab37
tcn,mixed,29,bandpass_n20003_cV6_independent_rms_s20,phase2/results/predictions/full/mixed/tcn/seed_29/bandpass_n20003_cV6_independent_rms_s20.npz,76346,3f980ca75f95c564deebe28cf1f5e2a38268650a4bbae0f631ff5cbf12bf5249
tcn,mixed,29,bandpass_n20003_cV6_independent_rms_s15,phase2/results/predictions/full/mixed/tcn/seed_29/bandpass_n20003_cV6_independent_rms_s15.npz,76379,a73fad36d6e34c9c9eea3198ab589d7da34d30c23df6c39440c135bdd24583d8
tcn,mixed,29,bandpass_n20003_cV6_independent_rms_s10,phase2/results/predictions/full/mixed/tcn/seed_29/bandpass_n20003_cV6_independent_rms_s10.npz,76293,ebef15cea04e5bc3530952db0f71ea25b631e72b028092c38b647df94d8f081f
tcn,mixed,29,bandpass_n20003_cV6_independent_rms_s5,phase2/results/predictions/full/mixed/tcn/seed_29/bandpass_n20003_cV6_independent_rms_s5.npz,76213,862838905980b3a38f96587da4d1310991a773b6eadb2efe5b61dc07d25f97f6
tcn,mixed,29,bandpass_n20003_cV6_independent_rms_s0,phase2/results/predictions/full/mixed/tcn/seed_29/bandpass_n20003_cV6_independent_rms_s0.npz,76010,6adcfc49ebbd270cf86c1608b1bc3d07a6c97070cd5fc564efbcdf36e33a781d
tcn,mixed,29,bandpass_n20003_cV6_electrode_s20,phase2/results/predictions/full/mixed/tcn/seed_29/bandpass_n20003_cV6_electrode_s20.npz,76346,0c7fc7a886d3145b6dab20b18d1a3ceb0ffa558296188b795cc9ca986d7f1ea4
tcn,mixed,29,bandpass_n20003_cV6_electrode_s15,phase2/results/predictions/full/mixed/tcn/seed_29/bandpass_n20003_cV6_electrode_s15.npz,76374,8068482d0ebfbdc15038efd5a7b7cebe893e318ea70b7e75552f4e936f30c78c
tcn,mixed,29,bandpass_n20003_cV6_electrode_s10,phase2/results/predictions/full/mixed/tcn/seed_29/bandpass_n20003_cV6_electrode_s10.npz,76324,250e1d113dccc42efbddbfbdd809ff45f6cf2df9eba7a942d7b6b124120846f5
tcn,mixed,29,bandpass_n20003_cV6_electrode_s5,phase2/results/predictions/full/mixed/tcn/seed_29/bandpass_n20003_cV6_electrode_s5.npz,76206,adece04d36981b9b44f207fdfded811e8640f2b7c35f4ef06695e144499fee6f
tcn,mixed,29,bandpass_n20003_cV6_electrode_s0,phase2/results/predictions/full/mixed/tcn/seed_29/bandpass_n20003_cV6_electrode_s0.npz,75952,51ed81b8562e640ca36c6fb919b524684152e6883588ec9b658c7f517d8132fc
tcn,mixed,29,bandpass_n20003_cV6_covariance_s20,phase2/results/predictions/full/mixed/tcn/seed_29/bandpass_n20003_cV6_covariance_s20.npz,76370,cc5b1eac525853fae4800853e876766296587f1bab5fd6c779978716b1fe4821
tcn,mixed,29,bandpass_n20003_cV6_covariance_s15,phase2/results/predictions/full/mixed/tcn/seed_29/bandpass_n20003_cV6_covariance_s15.npz,76378,6f252548c485febda9abecb273cb4f7f448b9b23e4f13c601d6e8c89d4342c6c
tcn,mixed,29,bandpass_n20003_cV6_covariance_s10,phase2/results/predictions/full/mixed/tcn/seed_29/bandpass_n20003_cV6_covariance_s10.npz,76330,aa5c421ffd909ce3af61aa93b9aa7588ecca8999e26739e023456f33777c3f01
tcn,mixed,29,bandpass_n20003_cV6_covariance_s5,phase2/results/predictions/full/mixed/tcn/seed_29/bandpass_n20003_cV6_covariance_s5.npz,76215,379d6b282e61d43642721f6e3c20852203daaa325d1d7a85d01a2af697d384d8
tcn,mixed,29,bandpass_n20003_cV6_covariance_s0,phase2/results/predictions/full/mixed/tcn/seed_29/bandpass_n20003_cV6_covariance_s0.npz,75956,df8bd0ab9f9d81b6493fb8c20919c89a592f6f11cf7ad8526c82376644dd8229
tcn,mixed,29,bandpass_n20003_cRA_LA_independent_rms_s20,phase2/results/predictions/full/mixed/tcn/seed_29/bandpass_n20003_cRA_LA_independent_rms_s20.npz,76370,779233e8191cdad7432c0df1e5f177486c79c34b0cdaf12b42443406f11030b7
tcn,mixed,29,bandpass_n20003_cRA_LA_independent_rms_s15,phase2/results/predictions/full/mixed/tcn/seed_29/bandpass_n20003_cRA_LA_independent_rms_s15.npz,76388,433691b13f09e6bc39f68a78768c5374fe02fc407e97153e2a55b7e96d4b623c
tcn,mixed,29,bandpass_n20003_cRA_LA_independent_rms_s10,phase2/results/predictions/full/mixed/tcn/seed_29/bandpass_n20003_cRA_LA_independent_rms_s10.npz,76315,cf9ff0a20c7eb354bd9fd02013e580f513bee1d3545ffb8b5d65520b14570d73
tcn,mixed,29,bandpass_n20003_cRA_LA_independent_rms_s5,phase2/results/predictions/full/mixed/tcn/seed_29/bandpass_n20003_cRA_LA_independent_rms_s5.npz,76216,d600deccfe3154ac66646b9d1d199cfaf99606f472b7f2f0718323af93708cbc
tcn,mixed,29,bandpass_n20003_cRA_LA_independent_rms_s0,phase2/results/predictions/full/mixed/tcn/seed_29/bandpass_n20003_cRA_LA_independent_rms_s0.npz,75906,2c47aabf67d72dad4c6620d79698bb1d4efdadf3f928f31c01491dcff66c59cc
tcn,mixed,29,bandpass_n20003_cRA_LA_electrode_s20,phase2/results/predictions/full/mixed/tcn/seed_29/bandpass_n20003_cRA_LA_electrode_s20.npz,76354,092173b4a03c837daf9335bd2c95291968c405d884bf16e50ab4243a1a186119
tcn,mixed,29,bandpass_n20003_cRA_LA_electrode_s15,phase2/results/predictions/full/mixed/tcn/seed_29/bandpass_n20003_cRA_LA_electrode_s15.npz,76346,16726a2d963712fa5184347819eeaec7f5e80a6502ad2b20038dcaf64d141d7b
tcn,mixed,29,bandpass_n20003_cRA_LA_electrode_s10,phase2/results/predictions/full/mixed/tcn/seed_29/bandpass_n20003_cRA_LA_electrode_s10.npz,76232,1633581c8f81aac81d1aede01f122904d63caf7e414cfe25cce165d1a05fdb83
tcn,mixed,29,bandpass_n20003_cRA_LA_electrode_s5,phase2/results/predictions/full/mixed/tcn/seed_29/bandpass_n20003_cRA_LA_electrode_s5.npz,76080,0a393db93bf7cf67d5e893ad147641665f8ecb76bc831780030c11acb8ee052e
tcn,mixed,29,bandpass_n20003_cRA_LA_electrode_s0,phase2/results/predictions/full/mixed/tcn/seed_29/bandpass_n20003_cRA_LA_electrode_s0.npz,75599,78ca6d98d08f740d5750796a1ef2b61141c96e4a087c54c18e47d4060debf37a
tcn,mixed,29,bandpass_n20003_cRA_LA_covariance_s20,phase2/results/predictions/full/mixed/tcn/seed_29/bandpass_n20003_cRA_LA_covariance_s20.npz,76361,5a926ec6b22b28dd5364f010ced1e7ef552cea27b71b0ef05d94bb0da8a9095f
tcn,mixed,29,bandpass_n20003_cRA_LA_covariance_s15,phase2/results/predictions/full/mixed/tcn/seed_29/bandpass_n20003_cRA_LA_covariance_s15.npz,76354,6b0c0c5712a59773a52bdf9bfbb849bd89f45a864aae95488b5c30234fd18a7b
tcn,mixed,29,bandpass_n20003_cRA_LA_covariance_s10,phase2/results/predictions/full/mixed/tcn/seed_29/bandpass_n20003_cRA_LA_covariance_s10.npz,76238,cf22a5a125c2ebcfcbeae905ae076712621cf83747a9bfe6068180364e16256b
tcn,mixed,29,bandpass_n20003_cRA_LA_covariance_s5,phase2/results/predictions/full/mixed/tcn/seed_29/bandpass_n20003_cRA_LA_covariance_s5.npz,76101,340dd1f2c7e5dc5b3c94108210f988dddc80f63c6c967c0889ca45d020b9ec6f
tcn,mixed,29,bandpass_n20003_cRA_LA_covariance_s0,phase2/results/predictions/full/mixed/tcn/seed_29/bandpass_n20003_cRA_LA_covariance_s0.npz,75596,1f69a1946c566653189a57abac0810514c81ebc1b5f40ad4172a55093e1b3116
tcn,mixed,29,bandpass_n20003_cLA_LL_independent_rms_s20,phase2/results/predictions/full/mixed/tcn/seed_29/bandpass_n20003_cLA_LL_independent_rms_s20.npz,76391,5b282aa8a41f43e9e243c36d5a62cde9c568da1c188aac457282a945d385fc00
tcn,mixed,29,bandpass_n20003_cLA_LL_independent_rms_s15,phase2/results/predictions/full/mixed/tcn/seed_29/bandpass_n20003_cLA_LL_independent_rms_s15.npz,76401,8b45bd2731a0b374546a95b21c21018d0a9fe4dbecd855f26c6d529c4efb99ec
tcn,mixed,29,bandpass_n20003_cLA_LL_independent_rms_s10,phase2/results/predictions/full/mixed/tcn/seed_29/bandpass_n20003_cLA_LL_independent_rms_s10.npz,76332,9c9aafb4d86a8b11c1aa6cfc036030427fff685361173efe539bbf4c69875d75
tcn,mixed,29,bandpass_n20003_cLA_LL_independent_rms_s5,phase2/results/predictions/full/mixed/tcn/seed_29/bandpass_n20003_cLA_LL_independent_rms_s5.npz,76229,64721e82f5735f3b465a37aa6fbcb70284092ca6f8219dade33d0154896e41d9
tcn,mixed,29,bandpass_n20003_cLA_LL_independent_rms_s0,phase2/results/predictions/full/mixed/tcn/seed_29/bandpass_n20003_cLA_LL_independent_rms_s0.npz,75910,5c8ab79e600cfaf44f362918f41991010130f57e57508a5d451ecf9bdf93edaa
tcn,mixed,29,bandpass_n20003_cLA_LL_electrode_s20,phase2/results/predictions/full/mixed/tcn/seed_29/bandpass_n20003_cLA_LL_electrode_s20.npz,76339,68083460dd590900c1e343b9ee6d71beb78233b2200dd10d21590399f8164111
tcn,mixed,29,bandpass_n20003_cLA_LL_electrode_s15,phase2/results/predictions/full/mixed/tcn/seed_29/bandpass_n20003_cLA_LL_electrode_s15.npz,76344,59c5f1da94b88e78fa419c964b75d667cd11d45ac83a623b5fa6ac8551670b8a
tcn,mixed,29,bandpass_n20003_cLA_LL_electrode_s10,phase2/results/predictions/full/mixed/tcn/seed_29/bandpass_n20003_cLA_LL_electrode_s10.npz,76261,b28784d7239299449f667b8df437859f98be29e0921243f5ca99793c21a20b66
tcn,mixed,29,bandpass_n20003_cLA_LL_electrode_s5,phase2/results/predictions/full/mixed/tcn/seed_29/bandpass_n20003_cLA_LL_electrode_s5.npz,76146,9f8a0beab599d032cc23f60b5e4ca254700b61636bd93b95bd474f5ce8b73bdc
tcn,mixed,29,bandpass_n20003_cLA_LL_electrode_s0,phase2/results/predictions/full/mixed/tcn/seed_29/bandpass_n20003_cLA_LL_electrode_s0.npz,75794,ec91a64eb78ce7f48f554ac25b3a68c509a46cbf33144b4b5444ed78073afd53
tcn,mixed,29,bandpass_n20003_cLA_LL_covariance_s20,phase2/results/predictions/full/mixed/tcn/seed_29/bandpass_n20003_cLA_LL_covariance_s20.npz,76381,a7c284af9f45c113bf70a08054e97d81367c9f07eaf52cd5e39085430a7c4d22
tcn,mixed,29,bandpass_n20003_cLA_LL_covariance_s15,phase2/results/predictions/full/mixed/tcn/seed_29/bandpass_n20003_cLA_LL_covariance_s15.npz,76362,9256fc8dd35605f634311c965b2c4b460492113ba2453c5271ef82ea9cf4da66
tcn,mixed,29,bandpass_n20003_cLA_LL_covariance_s10,phase2/results/predictions/full/mixed/tcn/seed_29/bandpass_n20003_cLA_LL_covariance_s10.npz,76299,72183eb10216722131590d9dadc4804e4065802786d59fe28e1e7d19baa20efc
tcn,mixed,29,bandpass_n20003_cLA_LL_covariance_s5,phase2/results/predictions/full/mixed/tcn/seed_29/bandpass_n20003_cLA_LL_covariance_s5.npz,76116,7336b73eb6dfada7f4d46aa2e6e400a970edbd45be1d94edfa90674ce002a91e
tcn,mixed,29,bandpass_n20003_cLA_LL_covariance_s0,phase2/results/predictions/full/mixed/tcn/seed_29/bandpass_n20003_cLA_LL_covariance_s0.npz,75797,bbf726a691260b6790add2f8736c3f5c8582526cdb8967143ff8bfdfa4ebcf4d
tcn,mixed,29,bandpass_n20003_cRA_LL_independent_rms_s20,phase2/results/predictions/full/mixed/tcn/seed_29/bandpass_n20003_cRA_LL_independent_rms_s20.npz,76395,32b46645bad411d1192a17b97b8c778e4bf597e26f6f5ab284501783f3af302c
tcn,mixed,29,bandpass_n20003_cRA_LL_independent_rms_s15,phase2/results/predictions/full/mixed/tcn/seed_29/bandpass_n20003_cRA_LL_independent_rms_s15.npz,76394,5c06b2dd3a828ba1ed2734dd5dbf6217f60a26140080f3a0b1d125b90f626ed7
tcn,mixed,29,bandpass_n20003_cRA_LL_independent_rms_s10,phase2/results/predictions/full/mixed/tcn/seed_29/bandpass_n20003_cRA_LL_independent_rms_s10.npz,76328,7345d28df137d2cc5aa89175d8d1a3b4a8a809a4813e74f6e40107ee1f756d08
tcn,mixed,29,bandpass_n20003_cRA_LL_independent_rms_s5,phase2/results/predictions/full/mixed/tcn/seed_29/bandpass_n20003_cRA_LL_independent_rms_s5.npz,76205,a75c1067b9c6d06de2dd4bde3090a966c86370ea069d0a6ad42fd82fe94e46a6
tcn,mixed,29,bandpass_n20003_cRA_LL_independent_rms_s0,phase2/results/predictions/full/mixed/tcn/seed_29/bandpass_n20003_cRA_LL_independent_rms_s0.npz,75944,7d950102c9b4a1c44fdabf96457042c9ccc7e2c62e75e615f84c8418bce3b03e
tcn,mixed,29,bandpass_n20003_cRA_LL_electrode_s20,phase2/results/predictions/full/mixed/tcn/seed_29/bandpass_n20003_cRA_LL_electrode_s20.npz,76373,647c1a49b1d435e91c7d5154b06f0d589820434ee35667a781617ef6829f708d
tcn,mixed,29,bandpass_n20003_cRA_LL_electrode_s15,phase2/results/predictions/full/mixed/tcn/seed_29/bandpass_n20003_cRA_LL_electrode_s15.npz,76327,61ebb5c51885d1ec3d8c07b58be0dce517d4c08fee2a2de1849894191bd70908
tcn,mixed,29,bandpass_n20003_cRA_LL_electrode_s10,phase2/results/predictions/full/mixed/tcn/seed_29/bandpass_n20003_cRA_LL_electrode_s10.npz,76251,9a317c02263043f8a1f898e5aaf782012eef87f70ac7050c3d9ec6fe1cc1aad5
tcn,mixed,29,bandpass_n20003_cRA_LL_electrode_s5,phase2/results/predictions/full/mixed/tcn/seed_29/bandpass_n20003_cRA_LL_electrode_s5.npz,76083,be771e7e70b36bc30d6ea2d16840b923565f07f34e635f7a536cc630a933766e
tcn,mixed,29,bandpass_n20003_cRA_LL_electrode_s0,phase2/results/predictions/full/mixed/tcn/seed_29/bandpass_n20003_cRA_LL_electrode_s0.npz,75579,d70a8c98a0137cae6ea58770a963b115594ee4a4e8896a34f8aa7912014b096b
tcn,mixed,29,bandpass_n20003_cRA_LL_covariance_s20,phase2/results/predictions/full/mixed/tcn/seed_29/bandpass_n20003_cRA_LL_covariance_s20.npz,76393,5144276f2001b3fac8362bf97b59c42b4242e35f4cf41c5649d77090cca15347
tcn,mixed,29,bandpass_n20003_cRA_LL_covariance_s15,phase2/results/predictions/full/mixed/tcn/seed_29/bandpass_n20003_cRA_LL_covariance_s15.npz,76366,9193e972e5ac85df5e046b6016552d9d6d286d2d7b941420a07e1e12ac3b588e
tcn,mixed,29,bandpass_n20003_cRA_LL_covariance_s10,phase2/results/predictions/full/mixed/tcn/seed_29/bandpass_n20003_cRA_LL_covariance_s10.npz,76273,78a3690965fc5f3fd283fd183dc1c2a38faf443a68313c56c50138eb95f5ad3b
tcn,mixed,29,bandpass_n20003_cRA_LL_covariance_s5,phase2/results/predictions/full/mixed/tcn/seed_29/bandpass_n20003_cRA_LL_covariance_s5.npz,76078,7a79221c90056d55db8c2154d402a68284f454f63a5e5c40b42a4f431da49442
tcn,mixed,29,bandpass_n20003_cRA_LL_covariance_s0,phase2/results/predictions/full/mixed/tcn/seed_29/bandpass_n20003_cRA_LL_covariance_s0.npz,75582,02b10534b54e8081246d2d684d7212d704bbb3845670832f8cdb9fe220d8d987
tcn,mixed,29,bandpass_n20003_cRA_independent_rms_s20,phase2/results/predictions/full/mixed/tcn/seed_29/bandpass_n20003_cRA_independent_rms_s20.npz,76399,f73397eff733a1f6bf03c883f0831baf73841beca9dbc80e6f67c33973b991ed
tcn,mixed,29,bandpass_n20003_cRA_independent_rms_s15,phase2/results/predictions/full/mixed/tcn/seed_29/bandpass_n20003_cRA_independent_rms_s15.npz,76374,dfd03728c27c33d1b6108f49a09d9b8ee5adb0ddc2dc72185839552d91d027c7
tcn,mixed,29,bandpass_n20003_cRA_independent_rms_s10,phase2/results/predictions/full/mixed/tcn/seed_29/bandpass_n20003_cRA_independent_rms_s10.npz,76331,6bebeba5133a9c222e5ee90c0b3f2ec056ecffe8e264b634e4f0cb0102810d13
tcn,mixed,29,bandpass_n20003_cRA_independent_rms_s5,phase2/results/predictions/full/mixed/tcn/seed_29/bandpass_n20003_cRA_independent_rms_s5.npz,76223,6ed04c773f40c47e70c672b5a466f931f6d1266bea6248b92d84504ec18647a9
tcn,mixed,29,bandpass_n20003_cRA_independent_rms_s0,phase2/results/predictions/full/mixed/tcn/seed_29/bandpass_n20003_cRA_independent_rms_s0.npz,75893,ffa21227da070997ea8d77d6c671168b51cfc75e323065a096d87ae98a4f3ba8
tcn,mixed,29,bandpass_n20003_cRA_electrode_s20,phase2/results/predictions/full/mixed/tcn/seed_29/bandpass_n20003_cRA_electrode_s20.npz,76349,22dc56576b463c31c417de200ccc1a046e9d34c1e06fd943f8f0f85d50dcbf57
tcn,mixed,29,bandpass_n20003_cRA_electrode_s15,phase2/results/predictions/full/mixed/tcn/seed_29/bandpass_n20003_cRA_electrode_s15.npz,76303,29477ec5bbf1ba06f71c2591a4b62a0fe098e76ad4830c5a6ceb2e90d326704c
tcn,mixed,29,bandpass_n20003_cRA_electrode_s10,phase2/results/predictions/full/mixed/tcn/seed_29/bandpass_n20003_cRA_electrode_s10.npz,76212,9cd78d6c41f79948f3226633eb9684168d93d19ca8ddf8455008a75ca8626c2f
tcn,mixed,29,bandpass_n20003_cRA_electrode_s5,phase2/results/predictions/full/mixed/tcn/seed_29/bandpass_n20003_cRA_electrode_s5.npz,76050,d6bacbfe65a867df10d02dfc7943fa0de8866b0681bba7c1763452f255f06bde
tcn,mixed,29,bandpass_n20003_cRA_electrode_s0,phase2/results/predictions/full/mixed/tcn/seed_29/bandpass_n20003_cRA_electrode_s0.npz,75492,8c7b81ea9c360d475551934aaab87084157b7a712f6466ab2b37d7c4047577e7
tcn,mixed,29,bandpass_n20003_cRA_covariance_s20,phase2/results/predictions/full/mixed/tcn/seed_29/bandpass_n20003_cRA_covariance_s20.npz,76368,885397dd7932d09abbd26d76f70d409d81cfa5be1f4f5b5f47ea38676d8bb717
tcn,mixed,29,bandpass_n20003_cRA_covariance_s15,phase2/results/predictions/full/mixed/tcn/seed_29/bandpass_n20003_cRA_covariance_s15.npz,76373,8abd2d687061c9e55c760481381bca2a4db102916b8e2b7e77019e659ddc5dfd
tcn,mixed,29,bandpass_n20003_cRA_covariance_s10,phase2/results/predictions/full/mixed/tcn/seed_29/bandpass_n20003_cRA_covariance_s10.npz,76248,39959d734b86148f9ba2889e63199a5636be102d9a172fad2c82cec377531f1a
tcn,mixed,29,bandpass_n20003_cRA_covariance_s5,phase2/results/predictions/full/mixed/tcn/seed_29/bandpass_n20003_cRA_covariance_s5.npz,76006,9507fbad19aeb13dc9ad0c3f2b71ac561425d73b5de1dffa7ee42bd330f59279
tcn,mixed,29,bandpass_n20003_cRA_covariance_s0,phase2/results/predictions/full/mixed/tcn/seed_29/bandpass_n20003_cRA_covariance_s0.npz,75493,8bac04b2e8f1b62053e0e12aafeecc9f9ffcb07ab81899e801e13798f873a8ee
tcn,mixed,29,bandpass_n20003_cLA_independent_rms_s20,phase2/results/predictions/full/mixed/tcn/seed_29/bandpass_n20003_cLA_independent_rms_s20.npz,76364,763c507a5ed38e743ebe6c314dfa4e852e24f8106551b0663a87fb088f61332f
tcn,mixed,29,bandpass_n20003_cLA_independent_rms_s15,phase2/results/predictions/full/mixed/tcn/seed_29/bandpass_n20003_cLA_independent_rms_s15.npz,76395,e807b766719652b28568d14d8de843723a323c168c21e9dcdeaed10cea59bb56
tcn,mixed,29,bandpass_n20003_cLA_independent_rms_s10,phase2/results/predictions/full/mixed/tcn/seed_29/bandpass_n20003_cLA_independent_rms_s10.npz,76331,3ac91e33cd94a7f901c5176cf843ca7eb6f1d2822d15938049176baa2e769769
tcn,mixed,29,bandpass_n20003_cLA_independent_rms_s5,phase2/results/predictions/full/mixed/tcn/seed_29/bandpass_n20003_cLA_independent_rms_s5.npz,76214,34a1b3078071032f41b0557f7082dd6adf31808b85a2930bc7e981d6c83bbca7
tcn,mixed,29,bandpass_n20003_cLA_independent_rms_s0,phase2/results/predictions/full/mixed/tcn/seed_29/bandpass_n20003_cLA_independent_rms_s0.npz,75898,2f4a46cf24f5cc2d31c1ba473848664b295fbe74f0c5682130f87616e0c1bf3f
tcn,mixed,29,bandpass_n20003_cLA_electrode_s20,phase2/results/predictions/full/mixed/tcn/seed_29/bandpass_n20003_cLA_electrode_s20.npz,76374,ce8452d12f0687e2a92af471681f92bec2855089bcd48729265f6e89a784d8ba
tcn,mixed,29,bandpass_n20003_cLA_electrode_s15,phase2/results/predictions/full/mixed/tcn/seed_29/bandpass_n20003_cLA_electrode_s15.npz,76334,d396ca05b77e7c91533a48d712dd8821a88831c06999f02c5549382762554ca8
tcn,mixed,29,bandpass_n20003_cLA_electrode_s10,phase2/results/predictions/full/mixed/tcn/seed_29/bandpass_n20003_cLA_electrode_s10.npz,76319,e5388fc5bd110954205cceb4cb8e9d33aa0b08faee3e64cbb22d772e5998866d
tcn,mixed,29,bandpass_n20003_cLA_electrode_s5,phase2/results/predictions/full/mixed/tcn/seed_29/bandpass_n20003_cLA_electrode_s5.npz,76155,74efe10d053038c7f175174181e87cb0fb6121a45eb2739c36243eda1bb2a3ef
tcn,mixed,29,bandpass_n20003_cLA_electrode_s0,phase2/results/predictions/full/mixed/tcn/seed_29/bandpass_n20003_cLA_electrode_s0.npz,75816,f73e741c66cb1e9f0c47c75b00f877cf2d8d4643fc669ccb30c5e4670403b502
tcn,mixed,29,bandpass_n20003_cLA_covariance_s20,phase2/results/predictions/full/mixed/tcn/seed_29/bandpass_n20003_cLA_covariance_s20.npz,76371,2104a97a8b4ea41329843c5993c0c58cf5cef2db8e550667dc55973510ef07a4
tcn,mixed,29,bandpass_n20003_cLA_covariance_s15,phase2/results/predictions/full/mixed/tcn/seed_29/bandpass_n20003_cLA_covariance_s15.npz,76358,44fa850ae17f9ccf7c93d91bd86966d57ed244a4b59d70db14eba35142c671e4
tcn,mixed,29,bandpass_n20003_cLA_covariance_s10,phase2/results/predictions/full/mixed/tcn/seed_29/bandpass_n20003_cLA_covariance_s10.npz,76296,85e9d71db3e8ea3244c363126142dcae448fb958cc8940a6a6df4d740ba5228f
tcn,mixed,29,bandpass_n20003_cLA_covariance_s5,phase2/results/predictions/full/mixed/tcn/seed_29/bandpass_n20003_cLA_covariance_s5.npz,76166,7545e42df17dd81bbdab0f38c0375422845f7b524324f6471aaf3e4dad7bf7b6
tcn,mixed,29,bandpass_n20003_cLA_covariance_s0,phase2/results/predictions/full/mixed/tcn/seed_29/bandpass_n20003_cLA_covariance_s0.npz,75810,7e6ef3d9cee5507679444f05d30b08c82140850063bce2348fef2a229ca0c50b
tcn,mixed,29,bandpass_n20003_cLL_independent_rms_s20,phase2/results/predictions/full/mixed/tcn/seed_29/bandpass_n20003_cLL_independent_rms_s20.npz,76392,69af32885e2b856c83f23ce17f018f78300c92f66b0690220f777c1686b49320
tcn,mixed,29,bandpass_n20003_cLL_independent_rms_s15,phase2/results/predictions/full/mixed/tcn/seed_29/bandpass_n20003_cLL_independent_rms_s15.npz,76317,f4d6f9308395152b7e2ec43ec1985db8d3c6b409639d909282eff0a7e947aec5
tcn,mixed,29,bandpass_n20003_cLL_independent_rms_s10,phase2/results/predictions/full/mixed/tcn/seed_29/bandpass_n20003_cLL_independent_rms_s10.npz,76336,45f776e0ca60094b03d07171977246ffa349d1b8a1101b505a6c5d9c8b74bec2
tcn,mixed,29,bandpass_n20003_cLL_independent_rms_s5,phase2/results/predictions/full/mixed/tcn/seed_29/bandpass_n20003_cLL_independent_rms_s5.npz,76247,611dffb0958fc8b49c1edbfd25925a8c2aa3c0d821d57b360ca9c2d46c38f247
tcn,mixed,29,bandpass_n20003_cLL_independent_rms_s0,phase2/results/predictions/full/mixed/tcn/seed_29/bandpass_n20003_cLL_independent_rms_s0.npz,75935,45a6c8be711a5325cae4fcf847b29bf0dd9314d5a5b15eb3d47cb5ebc5b7dafe
tcn,mixed,29,bandpass_n20003_cLL_electrode_s20,phase2/results/predictions/full/mixed/tcn/seed_29/bandpass_n20003_cLL_electrode_s20.npz,76354,ac0648df168cace8cb966f8372fd0d31c5107c4e7855ac33d6a8188c55758554
tcn,mixed,29,bandpass_n20003_cLL_electrode_s15,phase2/results/predictions/full/mixed/tcn/seed_29/bandpass_n20003_cLL_electrode_s15.npz,76356,cbbb67857af8a0d7438aa4104ddc6f3cb7ea90911a3b3df8fb8027768d99335e
tcn,mixed,29,bandpass_n20003_cLL_electrode_s10,phase2/results/predictions/full/mixed/tcn/seed_29/bandpass_n20003_cLL_electrode_s10.npz,76274,5a97849f1700507af1a3a6ddc4801fb139c4b370935050892b4d9cdff2cfca7c
tcn,mixed,29,bandpass_n20003_cLL_electrode_s5,phase2/results/predictions/full/mixed/tcn/seed_29/bandpass_n20003_cLL_electrode_s5.npz,76138,ee2ee82aa6bbd97808c18f018b56646ba954895e7c1a8fc0fe7e4cbcc7c36d95
tcn,mixed,29,bandpass_n20003_cLL_electrode_s0,phase2/results/predictions/full/mixed/tcn/seed_29/bandpass_n20003_cLL_electrode_s0.npz,75854,6e3b8d62bff32f769f391d886326ccc057392a63b2eb366dfcf77102bd19bb1f
tcn,mixed,29,bandpass_n20003_cLL_covariance_s20,phase2/results/predictions/full/mixed/tcn/seed_29/bandpass_n20003_cLL_covariance_s20.npz,76389,5db571b75eaa6b51f5fb01dbc554021934d33c660950d2ad8f2e753f1ececb8d
tcn,mixed,29,bandpass_n20003_cLL_covariance_s15,phase2/results/predictions/full/mixed/tcn/seed_29/bandpass_n20003_cLL_covariance_s15.npz,76360,35f4b48e4e27ff5dba3aaf47207500bd269b680afdcd2ece1a7601cf962ca870
tcn,mixed,29,bandpass_n20003_cLL_covariance_s10,phase2/results/predictions/full/mixed/tcn/seed_29/bandpass_n20003_cLL_covariance_s10.npz,76302,25ee93404c07ee99bf583098739049ac05db61a5897f3e8802a6e12e5b684e53
tcn,mixed,29,bandpass_n20003_cLL_covariance_s5,phase2/results/predictions/full/mixed/tcn/seed_29/bandpass_n20003_cLL_covariance_s5.npz,76115,1288e905b4de8fbac1bfa1d80a01a4aa5e48a11907c470318b4ebd9f0f497b6b
tcn,mixed,29,bandpass_n20003_cLL_covariance_s0,phase2/results/predictions/full/mixed/tcn/seed_29/bandpass_n20003_cLL_covariance_s0.npz,75825,d4e8089ba9783bcc6e997dd92557afc4bfce94ad87f5a884baa19c7e97d800a9
tcn,mixed,29,bandpass_n20003_cRA_V1_independent_rms_s20,phase2/results/predictions/full/mixed/tcn/seed_29/bandpass_n20003_cRA_V1_independent_rms_s20.npz,76381,c68af38620f492985a15634521b2584d9b2a166f98a6a7d5fe51a8125e211c40
tcn,mixed,29,bandpass_n20003_cRA_V1_independent_rms_s15,phase2/results/predictions/full/mixed/tcn/seed_29/bandpass_n20003_cRA_V1_independent_rms_s15.npz,76383,05aa9c55dd096977144d405e4d2d58668c16e9b565230d7f736d1765a5aa04e3
tcn,mixed,29,bandpass_n20003_cRA_V1_independent_rms_s10,phase2/results/predictions/full/mixed/tcn/seed_29/bandpass_n20003_cRA_V1_independent_rms_s10.npz,76301,ea7701a98f51abef691a62667b0162962532653e73b69d52314013e5b32de1c8
tcn,mixed,29,bandpass_n20003_cRA_V1_independent_rms_s5,phase2/results/predictions/full/mixed/tcn/seed_29/bandpass_n20003_cRA_V1_independent_rms_s5.npz,76248,ca407189ae2ca062426b4a4e43886cdc5df1fb220b15d0e2fe8e6c2bf885e505
tcn,mixed,29,bandpass_n20003_cRA_V1_independent_rms_s0,phase2/results/predictions/full/mixed/tcn/seed_29/bandpass_n20003_cRA_V1_independent_rms_s0.npz,75875,8fd92da3344f8636c0f5a6ade82b2961ac9c2109a73a7d1d9617a0ee0b7f8790
tcn,mixed,29,bandpass_n20003_cRA_V1_electrode_s20,phase2/results/predictions/full/mixed/tcn/seed_29/bandpass_n20003_cRA_V1_electrode_s20.npz,76399,4cb926472935fd0b3785c37df4e9a8a76c4b1c1a5b6754c6f8512755ed1d141a
tcn,mixed,29,bandpass_n20003_cRA_V1_electrode_s15,phase2/results/predictions/full/mixed/tcn/seed_29/bandpass_n20003_cRA_V1_electrode_s15.npz,76343,578a78a6a5ce37c668d311a3a782f3e81b5b40bdbe570afb736a99b297fe63b3
tcn,mixed,29,bandpass_n20003_cRA_V1_electrode_s10,phase2/results/predictions/full/mixed/tcn/seed_29/bandpass_n20003_cRA_V1_electrode_s10.npz,76235,200bdccc608dc23f7da184b0416a0e9e0b02baaf35e354b1d6ea811965932faa
tcn,mixed,29,bandpass_n20003_cRA_V1_electrode_s5,phase2/results/predictions/full/mixed/tcn/seed_29/bandpass_n20003_cRA_V1_electrode_s5.npz,76081,69c211e07818e5f0e761f0f25e6b16940f17be65c4365b9a9020f28084b67039
tcn,mixed,29,bandpass_n20003_cRA_V1_electrode_s0,phase2/results/predictions/full/mixed/tcn/seed_29/bandpass_n20003_cRA_V1_electrode_s0.npz,75532,1a63c3be61dee96b8f8d2ba20c3079092f43b1f7dd30feb5d53b6c92142280b8
tcn,mixed,29,bandpass_n20003_cRA_V1_covariance_s20,phase2/results/predictions/full/mixed/tcn/seed_29/bandpass_n20003_cRA_V1_covariance_s20.npz,76369,0dd4c74a1f759114f495aeea2d60df381073274094aac9d44ede27e789ee58cc
tcn,mixed,29,bandpass_n20003_cRA_V1_covariance_s15,phase2/results/predictions/full/mixed/tcn/seed_29/bandpass_n20003_cRA_V1_covariance_s15.npz,76342,7aa8574a8b0a65835a64cf0c5ea76591c41c98ce44a1c2f9aa173139b733f34c
tcn,mixed,29,bandpass_n20003_cRA_V1_covariance_s10,phase2/results/predictions/full/mixed/tcn/seed_29/bandpass_n20003_cRA_V1_covariance_s10.npz,76261,4253af4550de11591d36c3ec40f7ad8a193c3cabe34c2c9b5f42bdda1e04a936
tcn,mixed,29,bandpass_n20003_cRA_V1_covariance_s5,phase2/results/predictions/full/mixed/tcn/seed_29/bandpass_n20003_cRA_V1_covariance_s5.npz,76067,929d8a163056d0ea0233cabe236526efdac2850d660700ab6216aebd592077cf
tcn,mixed,29,bandpass_n20003_cRA_V1_covariance_s0,phase2/results/predictions/full/mixed/tcn/seed_29/bandpass_n20003_cRA_V1_covariance_s0.npz,75504,c8826f028c73f1e9dbbf3e8f81d2ae59fec108320316193f7e154966e6f221d2
tcn,mixed,29,bandpass_n20003_cLA_V6_independent_rms_s20,phase2/results/predictions/full/mixed/tcn/seed_29/bandpass_n20003_cLA_V6_independent_rms_s20.npz,76372,6bb313ae060ede48c6bc3af4d708ab8987c3253cbb0fa1b397a7179393a7a196
tcn,mixed,29,bandpass_n20003_cLA_V6_independent_rms_s15,phase2/results/predictions/full/mixed/tcn/seed_29/bandpass_n20003_cLA_V6_independent_rms_s15.npz,76377,e1c15d5abd27a5e76b40232aaae41c42ce6c1c8e47a9ff2e3b6a05058cba0b24
tcn,mixed,29,bandpass_n20003_cLA_V6_independent_rms_s10,phase2/results/predictions/full/mixed/tcn/seed_29/bandpass_n20003_cLA_V6_independent_rms_s10.npz,76329,588eb7830457af6c6aa02422389e73491175de768929f0997edd3fb665e14a60
tcn,mixed,29,bandpass_n20003_cLA_V6_independent_rms_s5,phase2/results/predictions/full/mixed/tcn/seed_29/bandpass_n20003_cLA_V6_independent_rms_s5.npz,76230,dd8960cd6abdb246bae3c0f159d5d89ee36fdfe131fc3049cb6b81cf3056e223
tcn,mixed,29,bandpass_n20003_cLA_V6_independent_rms_s0,phase2/results/predictions/full/mixed/tcn/seed_29/bandpass_n20003_cLA_V6_independent_rms_s0.npz,75957,b91ec640cc1ce1bbdf91042fc86267ac0e46a86a8ef5eca288a7bfe2c2d3bcad
tcn,mixed,29,bandpass_n20003_cLA_V6_electrode_s20,phase2/results/predictions/full/mixed/tcn/seed_29/bandpass_n20003_cLA_V6_electrode_s20.npz,76374,59a87fed69b80379dcaa69d06406d56fb4218f6cb16e7cf78b6b224c4d4456ea
tcn,mixed,29,bandpass_n20003_cLA_V6_electrode_s15,phase2/results/predictions/full/mixed/tcn/seed_29/bandpass_n20003_cLA_V6_electrode_s15.npz,76353,6ce2a5f5c0122f6f4a4d203c2f9b1d934db1b758fea137008e90021ca038dcbb
tcn,mixed,29,bandpass_n20003_cLA_V6_electrode_s10,phase2/results/predictions/full/mixed/tcn/seed_29/bandpass_n20003_cLA_V6_electrode_s10.npz,76321,e5e3731ea603faf8bf817b460bee76db9a73f43333961898f6ae19859b581868
tcn,mixed,29,bandpass_n20003_cLA_V6_electrode_s5,phase2/results/predictions/full/mixed/tcn/seed_29/bandpass_n20003_cLA_V6_electrode_s5.npz,76201,3e2d9125b78c599b70f246d0eb471d941b419a59869ae1249a098b290d4af1c4
tcn,mixed,29,bandpass_n20003_cLA_V6_electrode_s0,phase2/results/predictions/full/mixed/tcn/seed_29/bandpass_n20003_cLA_V6_electrode_s0.npz,75830,d5f113ec2a7d86e1c74fb26cca5c22273b142903a480b68f5cde7f6426722c05
tcn,mixed,29,bandpass_n20003_cLA_V6_covariance_s20,phase2/results/predictions/full/mixed/tcn/seed_29/bandpass_n20003_cLA_V6_covariance_s20.npz,76355,cd662b923aa261e15baa81233a370f418fd3fc4e25ec21e93a2b657788150a01
tcn,mixed,29,bandpass_n20003_cLA_V6_covariance_s15,phase2/results/predictions/full/mixed/tcn/seed_29/bandpass_n20003_cLA_V6_covariance_s15.npz,76354,02f0636b96f729579a6cebe56c9bb7b4ae8fb5687794d79fcc9e9ced15663859
tcn,mixed,29,bandpass_n20003_cLA_V6_covariance_s10,phase2/results/predictions/full/mixed/tcn/seed_29/bandpass_n20003_cLA_V6_covariance_s10.npz,76291,6898654d0ffffe50bb5f3f4bbf25ddda1f3bd8803f6631ecde9b310430ce4b87
tcn,mixed,29,bandpass_n20003_cLA_V6_covariance_s5,phase2/results/predictions/full/mixed/tcn/seed_29/bandpass_n20003_cLA_V6_covariance_s5.npz,76179,fcf7a277a76b1873e6a5e0ad94a72e8c2a85ccf8a34fcab2fb8d198a34ad36a6
tcn,mixed,29,bandpass_n20003_cLA_V6_covariance_s0,phase2/results/predictions/full/mixed/tcn/seed_29/bandpass_n20003_cLA_V6_covariance_s0.npz,75852,4bc69c749f1c21a05b55289dc47e9a3b94b391f7d722d27dac45e15414b685b5
tcn,mixed,29,bandpass_n20003_cLL_V4_independent_rms_s20,phase2/results/predictions/full/mixed/tcn/seed_29/bandpass_n20003_cLL_V4_independent_rms_s20.npz,76385,a48104c9fec57106fce99d284be9b60e7cadcaf03655a0a42075df943a3ae843
tcn,mixed,29,bandpass_n20003_cLL_V4_independent_rms_s15,phase2/results/predictions/full/mixed/tcn/seed_29/bandpass_n20003_cLL_V4_independent_rms_s15.npz,76377,c888e2ddab5dab7ad0b9d2bb09f1899e607e8ffb92c657fc3e56e612d00f56d2
tcn,mixed,29,bandpass_n20003_cLL_V4_independent_rms_s10,phase2/results/predictions/full/mixed/tcn/seed_29/bandpass_n20003_cLL_V4_independent_rms_s10.npz,76330,871be7ee2d219850e7304b05bf73579e8dd62ce6649a7e140c467526b1f007f8
tcn,mixed,29,bandpass_n20003_cLL_V4_independent_rms_s5,phase2/results/predictions/full/mixed/tcn/seed_29/bandpass_n20003_cLL_V4_independent_rms_s5.npz,76239,e3db6931f76b3f5768cf8629810d3467d7ff63d5759f639137670d28547cb540
tcn,mixed,29,bandpass_n20003_cLL_V4_independent_rms_s0,phase2/results/predictions/full/mixed/tcn/seed_29/bandpass_n20003_cLL_V4_independent_rms_s0.npz,76000,1d686139b7f1774efd994cdc6fb328c2814f3031c1b1b799408db23902e8fc88
tcn,mixed,29,bandpass_n20003_cLL_V4_electrode_s20,phase2/results/predictions/full/mixed/tcn/seed_29/bandpass_n20003_cLL_V4_electrode_s20.npz,76364,262925577ee4eae487a5812bf71a6c457c5f7c21cfba81ff21137a1f6f271a6f
tcn,mixed,29,bandpass_n20003_cLL_V4_electrode_s15,phase2/results/predictions/full/mixed/tcn/seed_29/bandpass_n20003_cLL_V4_electrode_s15.npz,76348,04de23081a4c0e256239762475b6f88ccc633c282480c13f3dd4713e3d360671
tcn,mixed,29,bandpass_n20003_cLL_V4_electrode_s10,phase2/results/predictions/full/mixed/tcn/seed_29/bandpass_n20003_cLL_V4_electrode_s10.npz,76317,f0731f6ef3744c0a843a81e4b1f7988e30538b777c7a1ed882406afdf41246de
tcn,mixed,29,bandpass_n20003_cLL_V4_electrode_s5,phase2/results/predictions/full/mixed/tcn/seed_29/bandpass_n20003_cLL_V4_electrode_s5.npz,76163,e73d1a56665adbf3c5f354ec169fe9274ef27aa62f1c7b567823043ce7fd93da
tcn,mixed,29,bandpass_n20003_cLL_V4_electrode_s0,phase2/results/predictions/full/mixed/tcn/seed_29/bandpass_n20003_cLL_V4_electrode_s0.npz,75903,d6a50c2087e4ecfd025f6c8cb3ec2d8489aadd226ed13defee664ef980183c33
tcn,mixed,29,bandpass_n20003_cLL_V4_covariance_s20,phase2/results/predictions/full/mixed/tcn/seed_29/bandpass_n20003_cLL_V4_covariance_s20.npz,76379,778961e0a43577df044eca5b84173759b7213fb348acae1837f4d4d71666c538
tcn,mixed,29,bandpass_n20003_cLL_V4_covariance_s15,phase2/results/predictions/full/mixed/tcn/seed_29/bandpass_n20003_cLL_V4_covariance_s15.npz,76393,aa09679f5a45353423386cc41ca3ca25ba86a63cced22051a475a835d78652c2
tcn,mixed,29,bandpass_n20003_cLL_V4_covariance_s10,phase2/results/predictions/full/mixed/tcn/seed_29/bandpass_n20003_cLL_V4_covariance_s10.npz,76305,e06c1d0701f72b3d48bb4f217796af00bedc521b4a3470208eaf0eb6cb986a08
tcn,mixed,29,bandpass_n20003_cLL_V4_covariance_s5,phase2/results/predictions/full/mixed/tcn/seed_29/bandpass_n20003_cLL_V4_covariance_s5.npz,76189,0951f632e1b66a245e99788569ff5fbd1ad11f0b6097171ac9b147d583bb0eeb
tcn,mixed,29,bandpass_n20003_cLL_V4_covariance_s0,phase2/results/predictions/full/mixed/tcn/seed_29/bandpass_n20003_cLL_V4_covariance_s0.npz,75859,b6bc26ac2fd60095adff06db286493b87c3f02d759b529401f71734829ba699d
tcn,mixed,29,bandpass_n20003_cRA_LA_V1_V6_independent_rms_s20,phase2/results/predictions/full/mixed/tcn/seed_29/bandpass_n20003_cRA_LA_V1_V6_independent_rms_s20.npz,76372,957e658d2be245853877d516c6f0cfbbda9e85d0fc8c62b89a25481b2918c98e
tcn,mixed,29,bandpass_n20003_cRA_LA_V1_V6_independent_rms_s15,phase2/results/predictions/full/mixed/tcn/seed_29/bandpass_n20003_cRA_LA_V1_V6_independent_rms_s15.npz,76399,79cca7fb1ec1ed2d356847ddd873f8b265d375439776713a8bf23ff66c1937e6
tcn,mixed,29,bandpass_n20003_cRA_LA_V1_V6_independent_rms_s10,phase2/results/predictions/full/mixed/tcn/seed_29/bandpass_n20003_cRA_LA_V1_V6_independent_rms_s10.npz,76366,08a9b4e71c249a75e4fe10594258e310e743388760c7711dd1dcb3c2080879f0
tcn,mixed,29,bandpass_n20003_cRA_LA_V1_V6_independent_rms_s5,phase2/results/predictions/full/mixed/tcn/seed_29/bandpass_n20003_cRA_LA_V1_V6_independent_rms_s5.npz,76210,367a48d4f89a7ed4bc7129307f65f85b20b555f202133396526f13c27a661d9a
tcn,mixed,29,bandpass_n20003_cRA_LA_V1_V6_independent_rms_s0,phase2/results/predictions/full/mixed/tcn/seed_29/bandpass_n20003_cRA_LA_V1_V6_independent_rms_s0.npz,75952,76eba3e4fc34ad83d244d886eb0c8ea3949971241ad72dc36fee984cc9a6dfad
tcn,mixed,29,bandpass_n20003_cRA_LA_V1_V6_electrode_s20,phase2/results/predictions/full/mixed/tcn/seed_29/bandpass_n20003_cRA_LA_V1_V6_electrode_s20.npz,76383,ed9df4e94d462f19fa6fe0f5688ef27f296e7b8b02f5a648313068d64ea9ae5b
tcn,mixed,29,bandpass_n20003_cRA_LA_V1_V6_electrode_s15,phase2/results/predictions/full/mixed/tcn/seed_29/bandpass_n20003_cRA_LA_V1_V6_electrode_s15.npz,76349,da0b803f7fc2386ea2e03c97507706dde2409c1a519b6330c9d55eb5a947a7e0
tcn,mixed,29,bandpass_n20003_cRA_LA_V1_V6_electrode_s10,phase2/results/predictions/full/mixed/tcn/seed_29/bandpass_n20003_cRA_LA_V1_V6_electrode_s10.npz,76292,adc73dfaa121e5bf6968cac9d0aecb416c80a7960bbd7265a8dddbeaa58d9d76
tcn,mixed,29,bandpass_n20003_cRA_LA_V1_V6_electrode_s5,phase2/results/predictions/full/mixed/tcn/seed_29/bandpass_n20003_cRA_LA_V1_V6_electrode_s5.npz,76144,911416b25153f52c40ec60cd70965f76bb8257ae58b72c024ca848905193bf6c
tcn,mixed,29,bandpass_n20003_cRA_LA_V1_V6_electrode_s0,phase2/results/predictions/full/mixed/tcn/seed_29/bandpass_n20003_cRA_LA_V1_V6_electrode_s0.npz,75655,7458ae3989dd1717feb32dd845f4ee1e261c15b97c3969fe72a4dff5eb968b6c
tcn,mixed,29,bandpass_n20003_cRA_LA_V1_V6_covariance_s20,phase2/results/predictions/full/mixed/tcn/seed_29/bandpass_n20003_cRA_LA_V1_V6_covariance_s20.npz,76404,e4633d64732000c1fcee3ed5d6cfed6650ad1827fc26036e7ae2a631fdd6c24e
tcn,mixed,29,bandpass_n20003_cRA_LA_V1_V6_covariance_s15,phase2/results/predictions/full/mixed/tcn/seed_29/bandpass_n20003_cRA_LA_V1_V6_covariance_s15.npz,76351,cd58520323eedc7b4251b68a5720541172057af00c898ce6921df368fca5aec6
tcn,mixed,29,bandpass_n20003_cRA_LA_V1_V6_covariance_s10,phase2/results/predictions/full/mixed/tcn/seed_29/bandpass_n20003_cRA_LA_V1_V6_covariance_s10.npz,76285,4ddde8d06d868e627ea9262b0e17c10d31aa9a7ba9e5d0a5e05c787c7da06567
tcn,mixed,29,bandpass_n20003_cRA_LA_V1_V6_covariance_s5,phase2/results/predictions/full/mixed/tcn/seed_29/bandpass_n20003_cRA_LA_V1_V6_covariance_s5.npz,76130,22564c6b25a9768fac43dc2b9f8157e6eda122a980cc30bf2fdda8c4a6f921d1
tcn,mixed,29,bandpass_n20003_cRA_LA_V1_V6_covariance_s0,phase2/results/predictions/full/mixed/tcn/seed_29/bandpass_n20003_cRA_LA_V1_V6_covariance_s0.npz,75664,b7868d52fa8e167cd91299a08e68c5d065100bfc3b0dfda1ada470f6308c8a8e
tcn,mixed,29,bandpass_n20003_cRA_V2_V5_independent_rms_s20,phase2/results/predictions/full/mixed/tcn/seed_29/bandpass_n20003_cRA_V2_V5_independent_rms_s20.npz,76382,c6a81424babb826d9ed1f7b3358db7a837d2877eff6d0e378dfce4e5a72e1725
tcn,mixed,29,bandpass_n20003_cRA_V2_V5_independent_rms_s15,phase2/results/predictions/full/mixed/tcn/seed_29/bandpass_n20003_cRA_V2_V5_independent_rms_s15.npz,76399,b02dfba0a1d7a4df57b2ee4cec6b470fe243bca40d4c72c441bfad7731b0aeb3
tcn,mixed,29,bandpass_n20003_cRA_V2_V5_independent_rms_s10,phase2/results/predictions/full/mixed/tcn/seed_29/bandpass_n20003_cRA_V2_V5_independent_rms_s10.npz,76318,cc254c3e7435b585545bfefea5ec095d11300e3ece63e2cce1aecc3432cb5e9a
tcn,mixed,29,bandpass_n20003_cRA_V2_V5_independent_rms_s5,phase2/results/predictions/full/mixed/tcn/seed_29/bandpass_n20003_cRA_V2_V5_independent_rms_s5.npz,76239,19c366efdbea828938353cf5b2a3c0be2ae66a21ea816ac571cc57cb8442c256
tcn,mixed,29,bandpass_n20003_cRA_V2_V5_independent_rms_s0,phase2/results/predictions/full/mixed/tcn/seed_29/bandpass_n20003_cRA_V2_V5_independent_rms_s0.npz,75947,6ee21e78e17f9ea5ad7048b51de88c19c88804448ec072808b4a687a31c91be5
tcn,mixed,29,bandpass_n20003_cRA_V2_V5_electrode_s20,phase2/results/predictions/full/mixed/tcn/seed_29/bandpass_n20003_cRA_V2_V5_electrode_s20.npz,76349,2d4725c5daea2499e7c2efc9e77650ee70bec9836f8b7dc46722c0a7ea770a98
tcn,mixed,29,bandpass_n20003_cRA_V2_V5_electrode_s15,phase2/results/predictions/full/mixed/tcn/seed_29/bandpass_n20003_cRA_V2_V5_electrode_s15.npz,76373,7f679466e668b1aa663c01985db39093b986b952628af643c5c8c45850256e20
tcn,mixed,29,bandpass_n20003_cRA_V2_V5_electrode_s10,phase2/results/predictions/full/mixed/tcn/seed_29/bandpass_n20003_cRA_V2_V5_electrode_s10.npz,76283,1651cb3833916dc3dc38962c4e581b03bdac8501856ca0f1b726506609f93f61
tcn,mixed,29,bandpass_n20003_cRA_V2_V5_electrode_s5,phase2/results/predictions/full/mixed/tcn/seed_29/bandpass_n20003_cRA_V2_V5_electrode_s5.npz,76070,8a55db8327b45a606b03ca6cb28328a3943d8d0526b215a8c0016a47bc186435
tcn,mixed,29,bandpass_n20003_cRA_V2_V5_electrode_s0,phase2/results/predictions/full/mixed/tcn/seed_29/bandpass_n20003_cRA_V2_V5_electrode_s0.npz,75646,e001e49581fcbf93cf372631d0ded076992d42e45eec9fe497b0cd08706d7194
tcn,mixed,29,bandpass_n20003_cRA_V2_V5_covariance_s20,phase2/results/predictions/full/mixed/tcn/seed_29/bandpass_n20003_cRA_V2_V5_covariance_s20.npz,76345,33eed2e3e340c9a73c71dc6ffeccb06df25e41f80a3fb09556e8644147757961
tcn,mixed,29,bandpass_n20003_cRA_V2_V5_covariance_s15,phase2/results/predictions/full/mixed/tcn/seed_29/bandpass_n20003_cRA_V2_V5_covariance_s15.npz,76380,6d208162059be8c5fc9f7bf840b0fbdb4ca994d06eb676a775a4d0decc3e8330
tcn,mixed,29,bandpass_n20003_cRA_V2_V5_covariance_s10,phase2/results/predictions/full/mixed/tcn/seed_29/bandpass_n20003_cRA_V2_V5_covariance_s10.npz,76281,6a08868fbd9828e3d7f740673d7a13048011daf63d7ef27eb1d768e9f75ce470
tcn,mixed,29,bandpass_n20003_cRA_V2_V5_covariance_s5,phase2/results/predictions/full/mixed/tcn/seed_29/bandpass_n20003_cRA_V2_V5_covariance_s5.npz,76103,7bf45236450bc0acb17680071b979d5cb3814e7b685711732ea5b54f95f52f68
tcn,mixed,29,bandpass_n20003_cRA_V2_V5_covariance_s0,phase2/results/predictions/full/mixed/tcn/seed_29/bandpass_n20003_cRA_V2_V5_covariance_s0.npz,75657,ca13ec20107dcb7b1c0d41d1e459abce0aa228aa53d04eb68b68958b51e02602
tcn,mixed,29,bandpass_n20003_cLA_V3_V6_independent_rms_s20,phase2/results/predictions/full/mixed/tcn/seed_29/bandpass_n20003_cLA_V3_V6_independent_rms_s20.npz,76400,0fd23546593b2cd82147ee946ce9e070b4ab016ef63a29b4af74efb0c663c987
tcn,mixed,29,bandpass_n20003_cLA_V3_V6_independent_rms_s15,phase2/results/predictions/full/mixed/tcn/seed_29/bandpass_n20003_cLA_V3_V6_independent_rms_s15.npz,76391,8d2ecc350edbd52ed8c69b071ed79499b5314da16b6ff1c4e069dfc0ba4f348e
tcn,mixed,29,bandpass_n20003_cLA_V3_V6_independent_rms_s10,phase2/results/predictions/full/mixed/tcn/seed_29/bandpass_n20003_cLA_V3_V6_independent_rms_s10.npz,76348,9bc920661ebcac27442b5a254326a7bde1bad23de3f3ec969c18c056493c6654
tcn,mixed,29,bandpass_n20003_cLA_V3_V6_independent_rms_s5,phase2/results/predictions/full/mixed/tcn/seed_29/bandpass_n20003_cLA_V3_V6_independent_rms_s5.npz,76249,e7e002771299c89b0b73965965dcd40f4906a6abe743537556fa94e87f8b40c2
tcn,mixed,29,bandpass_n20003_cLA_V3_V6_independent_rms_s0,phase2/results/predictions/full/mixed/tcn/seed_29/bandpass_n20003_cLA_V3_V6_independent_rms_s0.npz,76002,c7456fc10876f6e57fb1d46cde07ee9c69d99d17a60d876ae88abdb47162003f
tcn,mixed,29,bandpass_n20003_cLA_V3_V6_electrode_s20,phase2/results/predictions/full/mixed/tcn/seed_29/bandpass_n20003_cLA_V3_V6_electrode_s20.npz,76376,406f1ade2e12bed82aea4b8715150742c21a0d08de1a5aaac672f981cf42b005
tcn,mixed,29,bandpass_n20003_cLA_V3_V6_electrode_s15,phase2/results/predictions/full/mixed/tcn/seed_29/bandpass_n20003_cLA_V3_V6_electrode_s15.npz,76390,1444502c8a3293203f032992eca0d70d1aa87c2024b3946c4244411071ce1be9
tcn,mixed,29,bandpass_n20003_cLA_V3_V6_electrode_s10,phase2/results/predictions/full/mixed/tcn/seed_29/bandpass_n20003_cLA_V3_V6_electrode_s10.npz,76330,6fa5c4b235e4d5ad710e144f76c8c8522b19a6c79948d48f956040c5683f7a23
tcn,mixed,29,bandpass_n20003_cLA_V3_V6_electrode_s5,phase2/results/predictions/full/mixed/tcn/seed_29/bandpass_n20003_cLA_V3_V6_electrode_s5.npz,76194,03ce4f5520a2b5753823fba770fd10bf01e3fa966db2b5a77a3355e217e6ebab
tcn,mixed,29,bandpass_n20003_cLA_V3_V6_electrode_s0,phase2/results/predictions/full/mixed/tcn/seed_29/bandpass_n20003_cLA_V3_V6_electrode_s0.npz,75909,fdefdac321d729c67b92e54789ecff4c9e6b81a7e2a044d71bde7454dee20f83
tcn,mixed,29,bandpass_n20003_cLA_V3_V6_covariance_s20,phase2/results/predictions/full/mixed/tcn/seed_29/bandpass_n20003_cLA_V3_V6_covariance_s20.npz,76414,93316d105a6e38686336a6d452921c4fc415c86ee3d12dd726df9cb1aa86f927
tcn,mixed,29,bandpass_n20003_cLA_V3_V6_covariance_s15,phase2/results/predictions/full/mixed/tcn/seed_29/bandpass_n20003_cLA_V3_V6_covariance_s15.npz,76383,eef71346c2f182ec04cd0e8c9150fb2b6fb737406ef3ebec3c258152ec7f181f
tcn,mixed,29,bandpass_n20003_cLA_V3_V6_covariance_s10,phase2/results/predictions/full/mixed/tcn/seed_29/bandpass_n20003_cLA_V3_V6_covariance_s10.npz,76319,e5c02cf224f35f3712e8ab5a5918fd0e1fc84e7ac343df73017694728cb18650
tcn,mixed,29,bandpass_n20003_cLA_V3_V6_covariance_s5,phase2/results/predictions/full/mixed/tcn/seed_29/bandpass_n20003_cLA_V3_V6_covariance_s5.npz,76189,065e749188da55d0f75b58b8475ba315ecae20a89a276139e06edba63849787a
tcn,mixed,29,bandpass_n20003_cLA_V3_V6_covariance_s0,phase2/results/predictions/full/mixed/tcn/seed_29/bandpass_n20003_cLA_V3_V6_covariance_s0.npz,75872,7d1718d7cfc727e80fff75d4eb7e4a07a10945117ad9b886292278905bf24448
tcn,mixed,29,bandpass_n20003_cLL_V1_V4_independent_rms_s20,phase2/results/predictions/full/mixed/tcn/seed_29/bandpass_n20003_cLL_V1_V4_independent_rms_s20.npz,76395,6b7f0d86134e3d7e47c91311d7f13db99f5fc8ac16a5841fecba0810aa16f749
tcn,mixed,29,bandpass_n20003_cLL_V1_V4_independent_rms_s15,phase2/results/predictions/full/mixed/tcn/seed_29/bandpass_n20003_cLL_V1_V4_independent_rms_s15.npz,76377,f4e5daaab26d98d68102c23aa3b1089923c2f950b843ec6b1aba52cdbf3d7f46
tcn,mixed,29,bandpass_n20003_cLL_V1_V4_independent_rms_s10,phase2/results/predictions/full/mixed/tcn/seed_29/bandpass_n20003_cLL_V1_V4_independent_rms_s10.npz,76337,c7f3f17aaed4b80c38931f5361a09db133f53a20e04c3188e3baec3673174836
tcn,mixed,29,bandpass_n20003_cLL_V1_V4_independent_rms_s5,phase2/results/predictions/full/mixed/tcn/seed_29/bandpass_n20003_cLL_V1_V4_independent_rms_s5.npz,76221,bec200ddacd984b9b8885a3c00d7cba4abc4c66859c4be8c1f9c81b05c98e559
tcn,mixed,29,bandpass_n20003_cLL_V1_V4_independent_rms_s0,phase2/results/predictions/full/mixed/tcn/seed_29/bandpass_n20003_cLL_V1_V4_independent_rms_s0.npz,75942,282262b68f852b01f9ad7080e2bee20599502065781d7e337a6c3f58a654f8c1
tcn,mixed,29,bandpass_n20003_cLL_V1_V4_electrode_s20,phase2/results/predictions/full/mixed/tcn/seed_29/bandpass_n20003_cLL_V1_V4_electrode_s20.npz,76373,0df455659ee22c365911f3a699da3c20b1c4415c605ce4d5b6c9688e17f2a593
tcn,mixed,29,bandpass_n20003_cLL_V1_V4_electrode_s15,phase2/results/predictions/full/mixed/tcn/seed_29/bandpass_n20003_cLL_V1_V4_electrode_s15.npz,76357,9fec2b8e0606dbe353bf54d6beb827f70e812145075068e328c9b6aa73b7dc8a
tcn,mixed,29,bandpass_n20003_cLL_V1_V4_electrode_s10,phase2/results/predictions/full/mixed/tcn/seed_29/bandpass_n20003_cLL_V1_V4_electrode_s10.npz,76329,95c9f1ff0a017afbda461a36d0947d1e8b0811cc8043205183c251a19cd95e40
tcn,mixed,29,bandpass_n20003_cLL_V1_V4_electrode_s5,phase2/results/predictions/full/mixed/tcn/seed_29/bandpass_n20003_cLL_V1_V4_electrode_s5.npz,76187,9fd50147fc73c39b028ff10a271934665b5c4262a9f0ccb0472eb505d7bf8960
tcn,mixed,29,bandpass_n20003_cLL_V1_V4_electrode_s0,phase2/results/predictions/full/mixed/tcn/seed_29/bandpass_n20003_cLL_V1_V4_electrode_s0.npz,75846,9fbdbd23dc380d1bd08aac6bdeb2f969a564a914261e78edcc77b5bf7f3a37ee
tcn,mixed,29,bandpass_n20003_cLL_V1_V4_covariance_s20,phase2/results/predictions/full/mixed/tcn/seed_29/bandpass_n20003_cLL_V1_V4_covariance_s20.npz,76421,defd29b9015d59bc5ac7e4e016f43f3e454fbe22873a107ca7a0c98e484ff26f
tcn,mixed,29,bandpass_n20003_cLL_V1_V4_covariance_s15,phase2/results/predictions/full/mixed/tcn/seed_29/bandpass_n20003_cLL_V1_V4_covariance_s15.npz,76360,732e402f34b76da05f94344ae31e04a9939b78c6d613df26e44f8371b7775ffa
tcn,mixed,29,bandpass_n20003_cLL_V1_V4_covariance_s10,phase2/results/predictions/full/mixed/tcn/seed_29/bandpass_n20003_cLL_V1_V4_covariance_s10.npz,76309,92c7303ba448636296c0357f577ae92ebee0e9b4212261f2d0022de791be8bcc
tcn,mixed,29,bandpass_n20003_cLL_V1_V4_covariance_s5,phase2/results/predictions/full/mixed/tcn/seed_29/bandpass_n20003_cLL_V1_V4_covariance_s5.npz,76185,a24d7d97ea936f0303137a1cea53a2cd6c02902fc1e630aab9dbc8a68f80da66
tcn,mixed,29,bandpass_n20003_cLL_V1_V4_covariance_s0,phase2/results/predictions/full/mixed/tcn/seed_29/bandpass_n20003_cLL_V1_V4_covariance_s0.npz,75856,f84698d24abdec037a97e1c8eb763fcbded2bad84a5af80cf5149901cbacbe52
tcn,mixed,29,bandpass_n20003_call_independent_rms_s20,phase2/results/predictions/full/mixed/tcn/seed_29/bandpass_n20003_call_independent_rms_s20.npz,76347,8f3f45b025b9e1f1de3f365e972fa3526aa023f590ff38becbe4fe8bb3f995bf
tcn,mixed,29,bandpass_n20003_call_independent_rms_s15,phase2/results/predictions/full/mixed/tcn/seed_29/bandpass_n20003_call_independent_rms_s15.npz,76374,041f87c4da059ee252511731c94f77af8746b980ce2b6f3b31c8dec358b4b49c
tcn,mixed,29,bandpass_n20003_call_independent_rms_s10,phase2/results/predictions/full/mixed/tcn/seed_29/bandpass_n20003_call_independent_rms_s10.npz,76312,018527aca597b8b9abc8847c355dc287d8eb135a469b621555d1673299cbaed0
tcn,mixed,29,bandpass_n20003_call_independent_rms_s5,phase2/results/predictions/full/mixed/tcn/seed_29/bandpass_n20003_call_independent_rms_s5.npz,76206,30545943043a2444e29b5713925fee27c1665548b36867268c1bc22d5fe6dd36
tcn,mixed,29,bandpass_n20003_call_independent_rms_s0,phase2/results/predictions/full/mixed/tcn/seed_29/bandpass_n20003_call_independent_rms_s0.npz,75931,437a161b668bcb87ff36ebacec5a48dfad24eeb00d59ededc3689307da697cfb
tcn,mixed,29,bandpass_n20003_call_electrode_s20,phase2/results/predictions/full/mixed/tcn/seed_29/bandpass_n20003_call_electrode_s20.npz,76360,0dcbf139ba50aea256051c44ea0434015e9afa3b5794e05dc41d83c064c8085d
tcn,mixed,29,bandpass_n20003_call_electrode_s15,phase2/results/predictions/full/mixed/tcn/seed_29/bandpass_n20003_call_electrode_s15.npz,76335,8e93a5e05fc2c174ffa9bcd2bca0545a3e0db7aefb443f9afb4a219095aadf58
tcn,mixed,29,bandpass_n20003_call_electrode_s10,phase2/results/predictions/full/mixed/tcn/seed_29/bandpass_n20003_call_electrode_s10.npz,76238,f1820e95d7d3c6da7fdfcb8be7ced126ba466826f3e39c9ec7d4db0586fcd3fa
tcn,mixed,29,bandpass_n20003_call_electrode_s5,phase2/results/predictions/full/mixed/tcn/seed_29/bandpass_n20003_call_electrode_s5.npz,76107,d106ce9a914ef43bfbbceb363600375089a68103d73b623cf390a8532905f8b4
tcn,mixed,29,bandpass_n20003_call_electrode_s0,phase2/results/predictions/full/mixed/tcn/seed_29/bandpass_n20003_call_electrode_s0.npz,75704,417f2159821c2523b8c9211605b5d46a8c1ae04386ec9f02a643bd3108dd2bb0
tcn,mixed,29,bandpass_n20003_call_covariance_s20,phase2/results/predictions/full/mixed/tcn/seed_29/bandpass_n20003_call_covariance_s20.npz,76342,d88a21a8d9a9cc26371c0f825048e0cce7d0879f01a3836b666584819167e045
tcn,mixed,29,bandpass_n20003_call_covariance_s15,phase2/results/predictions/full/mixed/tcn/seed_29/bandpass_n20003_call_covariance_s15.npz,76347,6161de2e6760e21e27e91f27d2c5894047f5888b266f263aa582db2e82d1f491
tcn,mixed,29,bandpass_n20003_call_covariance_s10,phase2/results/predictions/full/mixed/tcn/seed_29/bandpass_n20003_call_covariance_s10.npz,76254,d58b8e92a3e6c66d72cab5532fbc98f17088a54623b24be8b3f36b809fd067d4
tcn,mixed,29,bandpass_n20003_call_covariance_s5,phase2/results/predictions/full/mixed/tcn/seed_29/bandpass_n20003_call_covariance_s5.npz,76150,b02029fb37dba89a913f2d948e3174c92799efdf9cab74a5cbb4fe895e3c7809
tcn,mixed,29,bandpass_n20003_call_covariance_s0,phase2/results/predictions/full/mixed/tcn/seed_29/bandpass_n20003_call_covariance_s0.npz,75762,28b437fb0343368263c89c367319e40605a6f8c453b9e74adac3202f786e4b86
tcn,mixed,29,bandpass_n20004_cRA_LA_LL_independent_rms_s20,phase2/results/predictions/full/mixed/tcn/seed_29/bandpass_n20004_cRA_LA_LL_independent_rms_s20.npz,76374,21565492e03b5ad7b7a7be406338f8b1201a4480612cbfd19cb53f64d8f80ccf
tcn,mixed,29,bandpass_n20004_cRA_LA_LL_independent_rms_s15,phase2/results/predictions/full/mixed/tcn/seed_29/bandpass_n20004_cRA_LA_LL_independent_rms_s15.npz,76367,ed0018df66a1121c92d594980ff55f9acf21836d402da710140c3ca5290dc5f2
tcn,mixed,29,bandpass_n20004_cRA_LA_LL_independent_rms_s10,phase2/results/predictions/full/mixed/tcn/seed_29/bandpass_n20004_cRA_LA_LL_independent_rms_s10.npz,76319,27d1485eb59d76f952d3dbbd32485c2b333e185fe94153969d7eb9fdd849fc03
tcn,mixed,29,bandpass_n20004_cRA_LA_LL_independent_rms_s5,phase2/results/predictions/full/mixed/tcn/seed_29/bandpass_n20004_cRA_LA_LL_independent_rms_s5.npz,76233,6fd7ffae3eec17bfcb6322f239d769c4101308d63298b49ebed6146f7a7ff833
tcn,mixed,29,bandpass_n20004_cRA_LA_LL_independent_rms_s0,phase2/results/predictions/full/mixed/tcn/seed_29/bandpass_n20004_cRA_LA_LL_independent_rms_s0.npz,75927,9027ae781345f9806bc1ac9c0fefa3777da7afb0afd26caf4176794a237e12e0
tcn,mixed,29,bandpass_n20004_cRA_LA_LL_electrode_s20,phase2/results/predictions/full/mixed/tcn/seed_29/bandpass_n20004_cRA_LA_LL_electrode_s20.npz,76415,02f0b2aca5c5bb14778a446e0db4d02014c35ca1bc55740fa708fed35c30a3c0
tcn,mixed,29,bandpass_n20004_cRA_LA_LL_electrode_s15,phase2/results/predictions/full/mixed/tcn/seed_29/bandpass_n20004_cRA_LA_LL_electrode_s15.npz,76329,760a31308ae9928731e8961a71a017037b966cc0950f04144e4324a093947a1a
tcn,mixed,29,bandpass_n20004_cRA_LA_LL_electrode_s10,phase2/results/predictions/full/mixed/tcn/seed_29/bandpass_n20004_cRA_LA_LL_electrode_s10.npz,76264,ee2862bd027ab4fd84480aa9e6632658265affd514e536ee9177b5dcc7fb2949
tcn,mixed,29,bandpass_n20004_cRA_LA_LL_electrode_s5,phase2/results/predictions/full/mixed/tcn/seed_29/bandpass_n20004_cRA_LA_LL_electrode_s5.npz,76097,e664d5d70d16478fb4bc0d64b834e8f05107ab83866db2c7ea54b43074f5955a
tcn,mixed,29,bandpass_n20004_cRA_LA_LL_electrode_s0,phase2/results/predictions/full/mixed/tcn/seed_29/bandpass_n20004_cRA_LA_LL_electrode_s0.npz,75620,092c89ab200370ca155867d671e9f00453f75c591af058ce49707cab6ff4a4f8
tcn,mixed,29,bandpass_n20004_cRA_LA_LL_covariance_s20,phase2/results/predictions/full/mixed/tcn/seed_29/bandpass_n20004_cRA_LA_LL_covariance_s20.npz,76402,1a1e15175a8035920d138ecd95c705b8048a9a2ce019946c0ebfb8e72e31f096
tcn,mixed,29,bandpass_n20004_cRA_LA_LL_covariance_s15,phase2/results/predictions/full/mixed/tcn/seed_29/bandpass_n20004_cRA_LA_LL_covariance_s15.npz,76335,a0ce52bcf00b299c4b0e8bea7e122f83b860aa4462ab7d6dc85d5878d0b29271
tcn,mixed,29,bandpass_n20004_cRA_LA_LL_covariance_s10,phase2/results/predictions/full/mixed/tcn/seed_29/bandpass_n20004_cRA_LA_LL_covariance_s10.npz,76280,5ad6d2896929f2ef68c8297a6e6d54541581271cc11bdcb34cd0b43e34056fde
tcn,mixed,29,bandpass_n20004_cRA_LA_LL_covariance_s5,phase2/results/predictions/full/mixed/tcn/seed_29/bandpass_n20004_cRA_LA_LL_covariance_s5.npz,76105,647adefa67344678abd455b7c8a31aa7fcef24390df0d03bdebadaae98c95c9b
tcn,mixed,29,bandpass_n20004_cRA_LA_LL_covariance_s0,phase2/results/predictions/full/mixed/tcn/seed_29/bandpass_n20004_cRA_LA_LL_covariance_s0.npz,75637,ed8467c566844436aa2650f9558e2c3b35d9bdb7c6ae39f11c33f62e47fc3cb1
tcn,mixed,29,bandpass_n20004_cV1_independent_rms_s20,phase2/results/predictions/full/mixed/tcn/seed_29/bandpass_n20004_cV1_independent_rms_s20.npz,76355,941fcdc7f72f3bc300f3be34432d1a2e243339367d9d86145769a38786964dac
tcn,mixed,29,bandpass_n20004_cV1_independent_rms_s15,phase2/results/predictions/full/mixed/tcn/seed_29/bandpass_n20004_cV1_independent_rms_s15.npz,76384,98ec1a106a4fccd7cc5be01b4d4b1f0ad0a2ed7c9ed5f4936ce387c984d9c5f2
tcn,mixed,29,bandpass_n20004_cV1_independent_rms_s10,phase2/results/predictions/full/mixed/tcn/seed_29/bandpass_n20004_cV1_independent_rms_s10.npz,76291,5aa116bb2d1625903b2ac63cc70330eea40fd13fa9286dfac933bb7a82bd9641
tcn,mixed,29,bandpass_n20004_cV1_independent_rms_s5,phase2/results/predictions/full/mixed/tcn/seed_29/bandpass_n20004_cV1_independent_rms_s5.npz,76184,4c21f1d852a6f0539146c7853559cb09b34b94ea4e79d3a2ea3b5740ec404290
tcn,mixed,29,bandpass_n20004_cV1_independent_rms_s0,phase2/results/predictions/full/mixed/tcn/seed_29/bandpass_n20004_cV1_independent_rms_s0.npz,75835,e1d5b00315dbd39b01d2909e3db1f35e341c88bc26b9f818da44fd5dc1983abc
tcn,mixed,29,bandpass_n20004_cV1_electrode_s20,phase2/results/predictions/full/mixed/tcn/seed_29/bandpass_n20004_cV1_electrode_s20.npz,76363,c8da50346ba06bccbacc11a7949b3f1be259ef79a8f833ad02b66763553152c0
tcn,mixed,29,bandpass_n20004_cV1_electrode_s15,phase2/results/predictions/full/mixed/tcn/seed_29/bandpass_n20004_cV1_electrode_s15.npz,76293,bf911d4bcd089198bbebf39bf256ab7bb4277ec98d5f05c119374dc3a1baf935
tcn,mixed,29,bandpass_n20004_cV1_electrode_s10,phase2/results/predictions/full/mixed/tcn/seed_29/bandpass_n20004_cV1_electrode_s10.npz,76276,6d472f2f9ec4028949f2838669c64151990d266a1b0dd34ddab2242f925fa872
tcn,mixed,29,bandpass_n20004_cV1_electrode_s5,phase2/results/predictions/full/mixed/tcn/seed_29/bandpass_n20004_cV1_electrode_s5.npz,76162,0c903dade75e289d4d86bd0ebaa8bb660a63f8088d0be1ffa8a0fe8a852eca07
tcn,mixed,29,bandpass_n20004_cV1_electrode_s0,phase2/results/predictions/full/mixed/tcn/seed_29/bandpass_n20004_cV1_electrode_s0.npz,75821,16e1ed703a1922bcd46c4733e3f3dcb4560700cdf1e97adbd10a2e6e9c9b01c1
tcn,mixed,29,bandpass_n20004_cV1_covariance_s20,phase2/results/predictions/full/mixed/tcn/seed_29/bandpass_n20004_cV1_covariance_s20.npz,76380,81194229268f9935e4c2466bd657aafbd8d7df310f666bf73dfb264cd987b17e
tcn,mixed,29,bandpass_n20004_cV1_covariance_s15,phase2/results/predictions/full/mixed/tcn/seed_29/bandpass_n20004_cV1_covariance_s15.npz,76325,17dcfc8b422365f33df86655afd6bd99b4d661b0dcc7b66a96f590aa4ab0e311
tcn,mixed,29,bandpass_n20004_cV1_covariance_s10,phase2/results/predictions/full/mixed/tcn/seed_29/bandpass_n20004_cV1_covariance_s10.npz,76308,da7fac4c8383201f95f122d2afcb3a71ac7d988267839d39071b4eda4be724d3
tcn,mixed,29,bandpass_n20004_cV1_covariance_s5,phase2/results/predictions/full/mixed/tcn/seed_29/bandpass_n20004_cV1_covariance_s5.npz,76156,644ba31ff8cbb03530a0707be014a2da96e4430df338b97b142340b03e6408c5
tcn,mixed,29,bandpass_n20004_cV1_covariance_s0,phase2/results/predictions/full/mixed/tcn/seed_29/bandpass_n20004_cV1_covariance_s0.npz,75815,c74802c9badd8500d3bfe6a88b9ba11f37204fd05181cb0d5fc6bc242ef2b713
tcn,mixed,29,bandpass_n20004_cV2_independent_rms_s20,phase2/results/predictions/full/mixed/tcn/seed_29/bandpass_n20004_cV2_independent_rms_s20.npz,76382,cb4e1b6592b893c5e973e01396d9f5f38b0c3948baff7fe877a3e556fda16541
tcn,mixed,29,bandpass_n20004_cV2_independent_rms_s15,phase2/results/predictions/full/mixed/tcn/seed_29/bandpass_n20004_cV2_independent_rms_s15.npz,76354,a5e3f2611b8c2dcb80f6250fa8849827907256b2b1317b875e2f5ae4cb0a5afe
tcn,mixed,29,bandpass_n20004_cV2_independent_rms_s10,phase2/results/predictions/full/mixed/tcn/seed_29/bandpass_n20004_cV2_independent_rms_s10.npz,76301,f14e2c90109460aae09c7d086c993ff154768b69f8a5b11a4ed1fd585e1ab82a
tcn,mixed,29,bandpass_n20004_cV2_independent_rms_s5,phase2/results/predictions/full/mixed/tcn/seed_29/bandpass_n20004_cV2_independent_rms_s5.npz,76211,49705456babd46a5acce578d0afba096633f2f8212b07dfce13140b478403d91
tcn,mixed,29,bandpass_n20004_cV2_independent_rms_s0,phase2/results/predictions/full/mixed/tcn/seed_29/bandpass_n20004_cV2_independent_rms_s0.npz,75923,353983b47534676f31c2f67a78c34dfa292b705365b8bd48d60ed214ef496dc2
tcn,mixed,29,bandpass_n20004_cV2_electrode_s20,phase2/results/predictions/full/mixed/tcn/seed_29/bandpass_n20004_cV2_electrode_s20.npz,76379,6374ebb8b4f15f5f5edf5168937913cec72e849dd1a821605f3758ce57a67152
tcn,mixed,29,bandpass_n20004_cV2_electrode_s15,phase2/results/predictions/full/mixed/tcn/seed_29/bandpass_n20004_cV2_electrode_s15.npz,76376,f85e701be6159f314efb31b5ffdfefd310a8c5ce62fe8264330b6e56f867fc30
tcn,mixed,29,bandpass_n20004_cV2_electrode_s10,phase2/results/predictions/full/mixed/tcn/seed_29/bandpass_n20004_cV2_electrode_s10.npz,76314,410f454031ec0843b5c72527f61c515b4ce80725837ca3d7dc665ff9f2c0ea93
tcn,mixed,29,bandpass_n20004_cV2_electrode_s5,phase2/results/predictions/full/mixed/tcn/seed_29/bandpass_n20004_cV2_electrode_s5.npz,76216,06a6143a58d9f4f337c869fbcdf3e8b7eabeaa0ee65032ed0b973fff026b212e
tcn,mixed,29,bandpass_n20004_cV2_electrode_s0,phase2/results/predictions/full/mixed/tcn/seed_29/bandpass_n20004_cV2_electrode_s0.npz,75920,3385a5d3d80adf75cf927bb30c9ba0ec460f630e213f1e564208a514e6894b69
tcn,mixed,29,bandpass_n20004_cV2_covariance_s20,phase2/results/predictions/full/mixed/tcn/seed_29/bandpass_n20004_cV2_covariance_s20.npz,76370,0e2ad2a92df91f73b2a9aeae5570ff82a9b3c71575d5e06114409a1042d9b9b2
tcn,mixed,29,bandpass_n20004_cV2_covariance_s15,phase2/results/predictions/full/mixed/tcn/seed_29/bandpass_n20004_cV2_covariance_s15.npz,76344,8a8ac3cee9ad5d0a9d4693e0bbe9319831cd860f177359efc93574e2207d0b0a
tcn,mixed,29,bandpass_n20004_cV2_covariance_s10,phase2/results/predictions/full/mixed/tcn/seed_29/bandpass_n20004_cV2_covariance_s10.npz,76289,f8a1b2364b58e164914b00f05eb0890cf8d9d6a69c262143d7366fe7cdc1c34e
tcn,mixed,29,bandpass_n20004_cV2_covariance_s5,phase2/results/predictions/full/mixed/tcn/seed_29/bandpass_n20004_cV2_covariance_s5.npz,76172,7dbc39ee8085e65bd580187b63f3391dd435144a37982ad75c11d2b33244d840
tcn,mixed,29,bandpass_n20004_cV2_covariance_s0,phase2/results/predictions/full/mixed/tcn/seed_29/bandpass_n20004_cV2_covariance_s0.npz,75895,96d589f6ea67b593c03daa3bbf021904f80b0ea7da24e3abee5f385442c010a2
tcn,mixed,29,bandpass_n20004_cV3_independent_rms_s20,phase2/results/predictions/full/mixed/tcn/seed_29/bandpass_n20004_cV3_independent_rms_s20.npz,76378,1b27c9fe185d41ad8f5666a0292c8da302bfaa5b70389b0fda36ee37709f5f0d
tcn,mixed,29,bandpass_n20004_cV3_independent_rms_s15,phase2/results/predictions/full/mixed/tcn/seed_29/bandpass_n20004_cV3_independent_rms_s15.npz,76389,495c5559341e239a68b116eb5f7376c3ad9f7752e229508c81f953560eaeb1ce
tcn,mixed,29,bandpass_n20004_cV3_independent_rms_s10,phase2/results/predictions/full/mixed/tcn/seed_29/bandpass_n20004_cV3_independent_rms_s10.npz,76363,6a8f974226ed18259fe41d2f88fa03105cf83443f7d93235c2493e360597d6aa
tcn,mixed,29,bandpass_n20004_cV3_independent_rms_s5,phase2/results/predictions/full/mixed/tcn/seed_29/bandpass_n20004_cV3_independent_rms_s5.npz,76341,f7e9d327c2655d0462afdefa1b38a5c3efd9456d546f73c95bbed12ed70b31ac
tcn,mixed,29,bandpass_n20004_cV3_independent_rms_s0,phase2/results/predictions/full/mixed/tcn/seed_29/bandpass_n20004_cV3_independent_rms_s0.npz,76230,119538394248f15e86aceae3b023038da4ca0548d44e9dfe5c9079cb93e31981
tcn,mixed,29,bandpass_n20004_cV3_electrode_s20,phase2/results/predictions/full/mixed/tcn/seed_29/bandpass_n20004_cV3_electrode_s20.npz,76359,84bed28ea8c664cc939b02e909013e3dfa74245d9c65660a07d634d9493d7a6e
tcn,mixed,29,bandpass_n20004_cV3_electrode_s15,phase2/results/predictions/full/mixed/tcn/seed_29/bandpass_n20004_cV3_electrode_s15.npz,76346,ff18c958220bce2765b03de5435f249e94bfd741fa1762e9c2fd48283fe36029
tcn,mixed,29,bandpass_n20004_cV3_electrode_s10,phase2/results/predictions/full/mixed/tcn/seed_29/bandpass_n20004_cV3_electrode_s10.npz,76337,521811cc9a5572d233bc5d40a67969d84e44c62d98bed1424b5f631b283697fd
tcn,mixed,29,bandpass_n20004_cV3_electrode_s5,phase2/results/predictions/full/mixed/tcn/seed_29/bandpass_n20004_cV3_electrode_s5.npz,76304,505621970f24b41254db3671fc4e56e4a172219813c354dcf0e474b3c9f88d6f
tcn,mixed,29,bandpass_n20004_cV3_electrode_s0,phase2/results/predictions/full/mixed/tcn/seed_29/bandpass_n20004_cV3_electrode_s0.npz,76229,82438022ccf28e412f11c9e85e2ec4ee610ade48b001401db3b595827fec12de
tcn,mixed,29,bandpass_n20004_cV3_covariance_s20,phase2/results/predictions/full/mixed/tcn/seed_29/bandpass_n20004_cV3_covariance_s20.npz,76359,9cee32c5ad3a112348540ef0caf326f2999b362f0c214d5476c690080421f2e9
tcn,mixed,29,bandpass_n20004_cV3_covariance_s15,phase2/results/predictions/full/mixed/tcn/seed_29/bandpass_n20004_cV3_covariance_s15.npz,76358,f2cd0505d4b43c31da3fddad8c4a99550723f35161aa57e56de6cdc95bf10f34
tcn,mixed,29,bandpass_n20004_cV3_covariance_s10,phase2/results/predictions/full/mixed/tcn/seed_29/bandpass_n20004_cV3_covariance_s10.npz,76350,0fd6e4d7480de2ba9bd761ca4350f5a1a461f57476fc914997abcbe992e66bf7
tcn,mixed,29,bandpass_n20004_cV3_covariance_s5,phase2/results/predictions/full/mixed/tcn/seed_29/bandpass_n20004_cV3_covariance_s5.npz,76312,0fc72d8d4cfae3181bb49c9b0216deb4061d1f21e08ef7601d185885ceda3607
tcn,mixed,29,bandpass_n20004_cV3_covariance_s0,phase2/results/predictions/full/mixed/tcn/seed_29/bandpass_n20004_cV3_covariance_s0.npz,76215,fb76e9a0ae8d77f11355dbad264f61886be76667068b3fc89496e39df0c36442
tcn,mixed,29,bandpass_n20004_cV4_independent_rms_s20,phase2/results/predictions/full/mixed/tcn/seed_29/bandpass_n20004_cV4_independent_rms_s20.npz,76371,c228c087258d1110081e9c4b6ead30ef63c95cb3f89a834c5780378dfb092223
tcn,mixed,29,bandpass_n20004_cV4_independent_rms_s15,phase2/results/predictions/full/mixed/tcn/seed_29/bandpass_n20004_cV4_independent_rms_s15.npz,76341,07f9aac610e0fbb1a2ebe434bba3e006b6e13ecc6b98b09ad0ad93e0610f8010
tcn,mixed,29,bandpass_n20004_cV4_independent_rms_s10,phase2/results/predictions/full/mixed/tcn/seed_29/bandpass_n20004_cV4_independent_rms_s10.npz,76360,8857a0bb354e6cdd7e3639eb887476606f49814688a07e44989a48ca79e6b9a1
tcn,mixed,29,bandpass_n20004_cV4_independent_rms_s5,phase2/results/predictions/full/mixed/tcn/seed_29/bandpass_n20004_cV4_independent_rms_s5.npz,76287,64e48e15d5353db7ed3df78f209d390ba5b9f1bab2366aef6f266901b72a62ef
tcn,mixed,29,bandpass_n20004_cV4_independent_rms_s0,phase2/results/predictions/full/mixed/tcn/seed_29/bandpass_n20004_cV4_independent_rms_s0.npz,76106,fdff636c959f1dc5d3dcc83f88ffb65a26fa326903b133de567bd5e8c4287d30
tcn,mixed,29,bandpass_n20004_cV4_electrode_s20,phase2/results/predictions/full/mixed/tcn/seed_29/bandpass_n20004_cV4_electrode_s20.npz,76345,217a86321004ae80efd09f575282060eb7ec6fc197087d0a396d35f26fc091f6
tcn,mixed,29,bandpass_n20004_cV4_electrode_s15,phase2/results/predictions/full/mixed/tcn/seed_29/bandpass_n20004_cV4_electrode_s15.npz,76345,d70b9cc9ba020deacc93fa3f0ddf46a83ba5567b152b51c6e88d3fccf77f2600
tcn,mixed,29,bandpass_n20004_cV4_electrode_s10,phase2/results/predictions/full/mixed/tcn/seed_29/bandpass_n20004_cV4_electrode_s10.npz,76346,6b91a8dcc22b39fec1b87e3851e952a724ed22f7b01df7361214eb3a88964725
tcn,mixed,29,bandpass_n20004_cV4_electrode_s5,phase2/results/predictions/full/mixed/tcn/seed_29/bandpass_n20004_cV4_electrode_s5.npz,76252,6203c7a42461c4fa4d307f3efbaa61907e7763d87062a7a06bb8abe2f73671de
tcn,mixed,29,bandpass_n20004_cV4_electrode_s0,phase2/results/predictions/full/mixed/tcn/seed_29/bandpass_n20004_cV4_electrode_s0.npz,76119,3017553f793b52ca69468903f82a30f567691aa45feb338a4225d97610bfe343
tcn,mixed,29,bandpass_n20004_cV4_covariance_s20,phase2/results/predictions/full/mixed/tcn/seed_29/bandpass_n20004_cV4_covariance_s20.npz,76370,a3333ee462fd0a6f82ba877eb710cfd3314aa3202016286278518eef1dc804f1
tcn,mixed,29,bandpass_n20004_cV4_covariance_s15,phase2/results/predictions/full/mixed/tcn/seed_29/bandpass_n20004_cV4_covariance_s15.npz,76352,8de06aac0743705637bc7ae44850c2ca53fadd86b8832834c35c64fada625727
tcn,mixed,29,bandpass_n20004_cV4_covariance_s10,phase2/results/predictions/full/mixed/tcn/seed_29/bandpass_n20004_cV4_covariance_s10.npz,76366,fd82302918206d1cc9915edec1381648b0f4ff5bfd5ff7d20a327e973f26fae1
tcn,mixed,29,bandpass_n20004_cV4_covariance_s5,phase2/results/predictions/full/mixed/tcn/seed_29/bandpass_n20004_cV4_covariance_s5.npz,76281,6767cf874d55e07537f68ed1c5f38665786bad951fdb67c11671d03c486e9781
tcn,mixed,29,bandpass_n20004_cV4_covariance_s0,phase2/results/predictions/full/mixed/tcn/seed_29/bandpass_n20004_cV4_covariance_s0.npz,76108,559736b987242e68071a7c18b8047ebc83f0992977c468a374da27e1b1c9ef45
tcn,mixed,29,bandpass_n20004_cV5_independent_rms_s20,phase2/results/predictions/full/mixed/tcn/seed_29/bandpass_n20004_cV5_independent_rms_s20.npz,76358,e0510c6cfce331947fb0d3ee739072b7df7bd598e1c8591803a9507b5466fad2
tcn,mixed,29,bandpass_n20004_cV5_independent_rms_s15,phase2/results/predictions/full/mixed/tcn/seed_29/bandpass_n20004_cV5_independent_rms_s15.npz,76358,eb015da767efdbc3d4c7d0829352d085f00ed559c1f61e111cc16c38f2aa53fd
tcn,mixed,29,bandpass_n20004_cV5_independent_rms_s10,phase2/results/predictions/full/mixed/tcn/seed_29/bandpass_n20004_cV5_independent_rms_s10.npz,76365,a2a3e818a3c8fded89a385e4cdcb68937ea3876a2be427217712870aa6fc46d4
tcn,mixed,29,bandpass_n20004_cV5_independent_rms_s5,phase2/results/predictions/full/mixed/tcn/seed_29/bandpass_n20004_cV5_independent_rms_s5.npz,76258,41e14809a9f6ce281edea0153a3633f93885a8a507a5bf97e5b270124cb7782f
tcn,mixed,29,bandpass_n20004_cV5_independent_rms_s0,phase2/results/predictions/full/mixed/tcn/seed_29/bandpass_n20004_cV5_independent_rms_s0.npz,76064,0194800d95f62508f63542af1fd58c8c4fc57c24e61b1b94ab102bf36aa10823
tcn,mixed,29,bandpass_n20004_cV5_electrode_s20,phase2/results/predictions/full/mixed/tcn/seed_29/bandpass_n20004_cV5_electrode_s20.npz,76361,f68adece25b258d9d28585191a1d9988080efbe78b907923f5dcd9bcaca7f72b
tcn,mixed,29,bandpass_n20004_cV5_electrode_s15,phase2/results/predictions/full/mixed/tcn/seed_29/bandpass_n20004_cV5_electrode_s15.npz,76381,a4026969b0fba3501035c1bac40a73b769b571d28b7e635b14e190cea968f40f
tcn,mixed,29,bandpass_n20004_cV5_electrode_s10,phase2/results/predictions/full/mixed/tcn/seed_29/bandpass_n20004_cV5_electrode_s10.npz,76329,0c0e38713a438348ebf753e8d8c93cc34ca35b1da4932e39c2a5ce3468942ede
tcn,mixed,29,bandpass_n20004_cV5_electrode_s5,phase2/results/predictions/full/mixed/tcn/seed_29/bandpass_n20004_cV5_electrode_s5.npz,76258,fd1b7bc6436bc30dc1daeb56c4395544a1a9f0fa49df15ac7441a3c00b379316
tcn,mixed,29,bandpass_n20004_cV5_electrode_s0,phase2/results/predictions/full/mixed/tcn/seed_29/bandpass_n20004_cV5_electrode_s0.npz,76125,f617fc17e6096f21360de2bb40a905f5d84832e207a8abda30d126b23f91c14c
tcn,mixed,29,bandpass_n20004_cV5_covariance_s20,phase2/results/predictions/full/mixed/tcn/seed_29/bandpass_n20004_cV5_covariance_s20.npz,76348,a49208c0028ac9da20f648a6ae4e1999637f81ae2f045e23a176a6dac2abab1e
tcn,mixed,29,bandpass_n20004_cV5_covariance_s15,phase2/results/predictions/full/mixed/tcn/seed_29/bandpass_n20004_cV5_covariance_s15.npz,76344,109e01cbfd6b4cbb85ea7c086b470a7f41ec0c3975670e16a4d5fc226ee93229
tcn,mixed,29,bandpass_n20004_cV5_covariance_s10,phase2/results/predictions/full/mixed/tcn/seed_29/bandpass_n20004_cV5_covariance_s10.npz,76272,3de13fca2365cdd18b63cff018631b5656351d84cdf3d1cd7d31129466ed1694
tcn,mixed,29,bandpass_n20004_cV5_covariance_s5,phase2/results/predictions/full/mixed/tcn/seed_29/bandpass_n20004_cV5_covariance_s5.npz,76283,db8ce7b004b318ed86544837657d5160dc592b029ef4246fd6574e59710302d7
tcn,mixed,29,bandpass_n20004_cV5_covariance_s0,phase2/results/predictions/full/mixed/tcn/seed_29/bandpass_n20004_cV5_covariance_s0.npz,76075,1a0795b889390c19a2cb26de831143bc61e34f8d99080adbc2c43a15410cb362
tcn,mixed,29,bandpass_n20004_cV6_independent_rms_s20,phase2/results/predictions/full/mixed/tcn/seed_29/bandpass_n20004_cV6_independent_rms_s20.npz,76372,9e18fd93cc351edf66fdeb34c08b4f65709e8a8175dcb158813da1ba7738c770
tcn,mixed,29,bandpass_n20004_cV6_independent_rms_s15,phase2/results/predictions/full/mixed/tcn/seed_29/bandpass_n20004_cV6_independent_rms_s15.npz,76386,b37ce048ff9d505b762f3ad5e47f3c438f6385e88cef7d5a83b3e56882b9d3b3
tcn,mixed,29,bandpass_n20004_cV6_independent_rms_s10,phase2/results/predictions/full/mixed/tcn/seed_29/bandpass_n20004_cV6_independent_rms_s10.npz,76323,6ae14af933aa72fecce1afd8958ee1eab12b02df536ad24d1e6ef3e9930a238f
tcn,mixed,29,bandpass_n20004_cV6_independent_rms_s5,phase2/results/predictions/full/mixed/tcn/seed_29/bandpass_n20004_cV6_independent_rms_s5.npz,76205,ef136612b5ea63762708c4b891bdfb3af7d07085034d4fe03854e87c7762e366
tcn,mixed,29,bandpass_n20004_cV6_independent_rms_s0,phase2/results/predictions/full/mixed/tcn/seed_29/bandpass_n20004_cV6_independent_rms_s0.npz,75981,e7601bf14eae2ed9ef00e720e32c9d9b20c01dbe5202ab43354852f41d2766a3
tcn,mixed,29,bandpass_n20004_cV6_electrode_s20,phase2/results/predictions/full/mixed/tcn/seed_29/bandpass_n20004_cV6_electrode_s20.npz,76372,329bd9605241636550df8a1334b1a0c2d3d3d264e34bdc85239d06bac2a60bad
tcn,mixed,29,bandpass_n20004_cV6_electrode_s15,phase2/results/predictions/full/mixed/tcn/seed_29/bandpass_n20004_cV6_electrode_s15.npz,76365,dffa90a578d62f6f52ef59c0c6f082de2bcefcd41840d57813a85ae8ec56e009
tcn,mixed,29,bandpass_n20004_cV6_electrode_s10,phase2/results/predictions/full/mixed/tcn/seed_29/bandpass_n20004_cV6_electrode_s10.npz,76334,aa95507cdfd1b2cbddf9d63ee9a100a052807a0fa6ba9f024b7c5bf239ce7bd2
tcn,mixed,29,bandpass_n20004_cV6_electrode_s5,phase2/results/predictions/full/mixed/tcn/seed_29/bandpass_n20004_cV6_electrode_s5.npz,76191,3570a604efdc78d67b87299fc4321e01f24f7302f99a5f71f5d70ee2beea2897
tcn,mixed,29,bandpass_n20004_cV6_electrode_s0,phase2/results/predictions/full/mixed/tcn/seed_29/bandpass_n20004_cV6_electrode_s0.npz,75958,082f362febd348864e0cf5d5240d5b5925cb8ec3a5d33457a8ab8d46b844af4e
tcn,mixed,29,bandpass_n20004_cV6_covariance_s20,phase2/results/predictions/full/mixed/tcn/seed_29/bandpass_n20004_cV6_covariance_s20.npz,76382,acd28b87c4926fbf82331bda05652efeeb0a50d717b6d39d513608dba69da709
tcn,mixed,29,bandpass_n20004_cV6_covariance_s15,phase2/results/predictions/full/mixed/tcn/seed_29/bandpass_n20004_cV6_covariance_s15.npz,76365,fe00d79c56907eb92279d9d36c8c0a5e88235c7c059e916f1e4f69f592b0171a
tcn,mixed,29,bandpass_n20004_cV6_covariance_s10,phase2/results/predictions/full/mixed/tcn/seed_29/bandpass_n20004_cV6_covariance_s10.npz,76332,6d40d2be63c1d4abe097b805c75c7ab1abb69abde3ccfc86af40d4570fe5f0ab
tcn,mixed,29,bandpass_n20004_cV6_covariance_s5,phase2/results/predictions/full/mixed/tcn/seed_29/bandpass_n20004_cV6_covariance_s5.npz,76184,99be9dcb127861e588a15d3d1767d1407f846c2210db0a89cd64da4feffe9a0f
tcn,mixed,29,bandpass_n20004_cV6_covariance_s0,phase2/results/predictions/full/mixed/tcn/seed_29/bandpass_n20004_cV6_covariance_s0.npz,75961,091966cd8b0e374d40d0153cf9b227bdbbec6d43a0461380ea737a8e5855bc41
tcn,mixed,29,bandpass_n20004_cRA_LA_independent_rms_s20,phase2/results/predictions/full/mixed/tcn/seed_29/bandpass_n20004_cRA_LA_independent_rms_s20.npz,76370,670a7906704d8be995bfbdac545f1c20edf42d26d56b80c3985f636b93e23515
tcn,mixed,29,bandpass_n20004_cRA_LA_independent_rms_s15,phase2/results/predictions/full/mixed/tcn/seed_29/bandpass_n20004_cRA_LA_independent_rms_s15.npz,76357,08a86d7b5036ec4fa476bc982a9fe150dea098b9a8f68e4148c231ef50dfaa33
tcn,mixed,29,bandpass_n20004_cRA_LA_independent_rms_s10,phase2/results/predictions/full/mixed/tcn/seed_29/bandpass_n20004_cRA_LA_independent_rms_s10.npz,76369,0d85d13710227cf3665f654ae548f38cbf8388cc1fd65f46c60e1c7af1b85226
tcn,mixed,29,bandpass_n20004_cRA_LA_independent_rms_s5,phase2/results/predictions/full/mixed/tcn/seed_29/bandpass_n20004_cRA_LA_independent_rms_s5.npz,76202,ca9fe537411a282e2c7814c6121353ecb0422cdd1fa2643d39ab6e3f70fa7ad3
tcn,mixed,29,bandpass_n20004_cRA_LA_independent_rms_s0,phase2/results/predictions/full/mixed/tcn/seed_29/bandpass_n20004_cRA_LA_independent_rms_s0.npz,75906,dfb4f3a4e21fb07b95011d8c8b8415f7e3f8a18cc6a7d42d22fed17a47ec29bf
tcn,mixed,29,bandpass_n20004_cRA_LA_electrode_s20,phase2/results/predictions/full/mixed/tcn/seed_29/bandpass_n20004_cRA_LA_electrode_s20.npz,76340,67105a10740b90d69a1a7bf12ea945a8614b614fe555691c2faa8b284e9902be
tcn,mixed,29,bandpass_n20004_cRA_LA_electrode_s15,phase2/results/predictions/full/mixed/tcn/seed_29/bandpass_n20004_cRA_LA_electrode_s15.npz,76343,c58afc648c7a2a23c2982977ef62af75d984de0e3ea7f123c7d110b5a2cee527
tcn,mixed,29,bandpass_n20004_cRA_LA_electrode_s10,phase2/results/predictions/full/mixed/tcn/seed_29/bandpass_n20004_cRA_LA_electrode_s10.npz,76238,1f049ca437c19124dadd374e9e609ce0ae47558491504101b30b9936c3fee7ad
tcn,mixed,29,bandpass_n20004_cRA_LA_electrode_s5,phase2/results/predictions/full/mixed/tcn/seed_29/bandpass_n20004_cRA_LA_electrode_s5.npz,76114,481b4fbde3b9ba134c677f00937f40c608513991cfdba9fb32aea8a28b20f586
tcn,mixed,29,bandpass_n20004_cRA_LA_electrode_s0,phase2/results/predictions/full/mixed/tcn/seed_29/bandpass_n20004_cRA_LA_electrode_s0.npz,75587,3598949f9639dd137c14722cee5550f578e7cdb4f2f8c9237c2c172d2f7cdae2
tcn,mixed,29,bandpass_n20004_cRA_LA_covariance_s20,phase2/results/predictions/full/mixed/tcn/seed_29/bandpass_n20004_cRA_LA_covariance_s20.npz,76352,993d34b45c5b9e69b7081ccc4bb99dc20ed4d77c4aceff973e4f62feaa72efaa
tcn,mixed,29,bandpass_n20004_cRA_LA_covariance_s15,phase2/results/predictions/full/mixed/tcn/seed_29/bandpass_n20004_cRA_LA_covariance_s15.npz,76349,a353098c5b8577980bd1f1e7afa58030362d7406d360841590b7100c01907a22
tcn,mixed,29,bandpass_n20004_cRA_LA_covariance_s10,phase2/results/predictions/full/mixed/tcn/seed_29/bandpass_n20004_cRA_LA_covariance_s10.npz,76277,c6b54958d1b2c3bb0b6518e0c74086e89c052b8a76e46802a4fe6375ed68d62f
tcn,mixed,29,bandpass_n20004_cRA_LA_covariance_s5,phase2/results/predictions/full/mixed/tcn/seed_29/bandpass_n20004_cRA_LA_covariance_s5.npz,76085,9f9fc3be1f9b227703fe4946f97e227b734519db643eb7ec694698cb3e7e5cae
tcn,mixed,29,bandpass_n20004_cRA_LA_covariance_s0,phase2/results/predictions/full/mixed/tcn/seed_29/bandpass_n20004_cRA_LA_covariance_s0.npz,75591,4a8d68434297a591ee05d73fc69733255feb541df312c328fcf25bed2e58e8b4
tcn,mixed,29,bandpass_n20004_cLA_LL_independent_rms_s20,phase2/results/predictions/full/mixed/tcn/seed_29/bandpass_n20004_cLA_LL_independent_rms_s20.npz,76365,ba768ecc7184f07cb23d489f557b79f8684334e7d7e6f39beb1d85a3eb7944f6
tcn,mixed,29,bandpass_n20004_cLA_LL_independent_rms_s15,phase2/results/predictions/full/mixed/tcn/seed_29/bandpass_n20004_cLA_LL_independent_rms_s15.npz,76363,0b2a19007ac8ece3cd09bbe69e42dc3f06d03328d7c55b0965997b9d2d61d8a4
tcn,mixed,29,bandpass_n20004_cLA_LL_independent_rms_s10,phase2/results/predictions/full/mixed/tcn/seed_29/bandpass_n20004_cLA_LL_independent_rms_s10.npz,76346,d5e495d5c1d508b12c1c487856d0d0a7c947ef9c4c83bb40a658562ff3258f55
tcn,mixed,29,bandpass_n20004_cLA_LL_independent_rms_s5,phase2/results/predictions/full/mixed/tcn/seed_29/bandpass_n20004_cLA_LL_independent_rms_s5.npz,76231,48acba039b6758c89df94b1bdd86d5caa1109de44a7e1f72ee8e36b302ab21e7
tcn,mixed,29,bandpass_n20004_cLA_LL_independent_rms_s0,phase2/results/predictions/full/mixed/tcn/seed_29/bandpass_n20004_cLA_LL_independent_rms_s0.npz,75895,c624f69fc67ade4fba8fb79840b9120e8a45675ad1c462281600a8777da3ebed
tcn,mixed,29,bandpass_n20004_cLA_LL_electrode_s20,phase2/results/predictions/full/mixed/tcn/seed_29/bandpass_n20004_cLA_LL_electrode_s20.npz,76362,366c3557d1eaa5929c2522a02d1295790f3c437641e7c9cc6b65636cfd69af6a
tcn,mixed,29,bandpass_n20004_cLA_LL_electrode_s15,phase2/results/predictions/full/mixed/tcn/seed_29/bandpass_n20004_cLA_LL_electrode_s15.npz,76376,fa067b9327e77857affd220e2ba4a180759b81746caaf016a302c044b5779fea
tcn,mixed,29,bandpass_n20004_cLA_LL_electrode_s10,phase2/results/predictions/full/mixed/tcn/seed_29/bandpass_n20004_cLA_LL_electrode_s10.npz,76265,eb3e92cd8dc5d8bde6a504a30a79d4aaca6bf482f181ea257cd8efa1228c122d
tcn,mixed,29,bandpass_n20004_cLA_LL_electrode_s5,phase2/results/predictions/full/mixed/tcn/seed_29/bandpass_n20004_cLA_LL_electrode_s5.npz,76131,3c1bfc8ac200850fbd137bf4b4dc9fa5d71690d9ff5621475f31e0ecca68a6e6
tcn,mixed,29,bandpass_n20004_cLA_LL_electrode_s0,phase2/results/predictions/full/mixed/tcn/seed_29/bandpass_n20004_cLA_LL_electrode_s0.npz,75820,679c9f87f5153abe3cff3c113a8f5b34e63f9c54a77a27f57859984f993a8e18
tcn,mixed,29,bandpass_n20004_cLA_LL_covariance_s20,phase2/results/predictions/full/mixed/tcn/seed_29/bandpass_n20004_cLA_LL_covariance_s20.npz,76344,99e560032e9f7a603a3bad85e04fceb2f991d5b2938a72db19505c17f3ef1f21
tcn,mixed,29,bandpass_n20004_cLA_LL_covariance_s15,phase2/results/predictions/full/mixed/tcn/seed_29/bandpass_n20004_cLA_LL_covariance_s15.npz,76346,a3c6ac0fc3c6a76de024d231af0b8ec4a20cd47ce7f77d034632cc81d9df59d4
tcn,mixed,29,bandpass_n20004_cLA_LL_covariance_s10,phase2/results/predictions/full/mixed/tcn/seed_29/bandpass_n20004_cLA_LL_covariance_s10.npz,76288,536f9d85578e60350952fdb04d059eaf1209ee9128cde471222b1e3f761aa5af
tcn,mixed,29,bandpass_n20004_cLA_LL_covariance_s5,phase2/results/predictions/full/mixed/tcn/seed_29/bandpass_n20004_cLA_LL_covariance_s5.npz,76158,392ca1303838ae3d14b4cecabfc6a07751678a96da670fd16be801b0ad36501f
tcn,mixed,29,bandpass_n20004_cLA_LL_covariance_s0,phase2/results/predictions/full/mixed/tcn/seed_29/bandpass_n20004_cLA_LL_covariance_s0.npz,75771,f979c9b7b5992a88161b1c41d04daf46ddf7c1a0119326d60e69a6eeae20a4f8
tcn,mixed,29,bandpass_n20004_cRA_LL_independent_rms_s20,phase2/results/predictions/full/mixed/tcn/seed_29/bandpass_n20004_cRA_LL_independent_rms_s20.npz,76347,0d07ea25370770f7c19761e7d55e2482142f8ff7b6ce55f2d348fc9c592903de
tcn,mixed,29,bandpass_n20004_cRA_LL_independent_rms_s15,phase2/results/predictions/full/mixed/tcn/seed_29/bandpass_n20004_cRA_LL_independent_rms_s15.npz,76381,44cab2690138b36fe3dbf22d5466bec6e2310a2fc39147566aad90a4d09a4a65
tcn,mixed,29,bandpass_n20004_cRA_LL_independent_rms_s10,phase2/results/predictions/full/mixed/tcn/seed_29/bandpass_n20004_cRA_LL_independent_rms_s10.npz,76359,dc15ac266f21876a7f072f29c2b0c32b4d682440bf5ad84aec880d9d8e46afab
tcn,mixed,29,bandpass_n20004_cRA_LL_independent_rms_s5,phase2/results/predictions/full/mixed/tcn/seed_29/bandpass_n20004_cRA_LL_independent_rms_s5.npz,76266,2387ed6178b48a8c8ab14afc2c429ccebc3e18245508794963aa26a0840b2cca
tcn,mixed,29,bandpass_n20004_cRA_LL_independent_rms_s0,phase2/results/predictions/full/mixed/tcn/seed_29/bandpass_n20004_cRA_LL_independent_rms_s0.npz,75929,1514222acee4ae453a19621e69d593b82c48b1909669da297d154a2b3944475f
tcn,mixed,29,bandpass_n20004_cRA_LL_electrode_s20,phase2/results/predictions/full/mixed/tcn/seed_29/bandpass_n20004_cRA_LL_electrode_s20.npz,76345,17545d42eadb99cff5459edbc317fd673f3e23bd590e94a381c5e0027ef4f9b6
tcn,mixed,29,bandpass_n20004_cRA_LL_electrode_s15,phase2/results/predictions/full/mixed/tcn/seed_29/bandpass_n20004_cRA_LL_electrode_s15.npz,76331,4b593279592a90f1dd21789c1910a39e86867c633e49daccf4ca026ce0ec4cdf
tcn,mixed,29,bandpass_n20004_cRA_LL_electrode_s10,phase2/results/predictions/full/mixed/tcn/seed_29/bandpass_n20004_cRA_LL_electrode_s10.npz,76274,23813b38ccf649f217cd561bd3b82fc104b93b2de58bf0e2179cbddf1cfd7359
tcn,mixed,29,bandpass_n20004_cRA_LL_electrode_s5,phase2/results/predictions/full/mixed/tcn/seed_29/bandpass_n20004_cRA_LL_electrode_s5.npz,76091,7bf0d7d1820af687e8cce5ce27b8cddc8523f794cd8003e417cf4b014db0e41a
tcn,mixed,29,bandpass_n20004_cRA_LL_electrode_s0,phase2/results/predictions/full/mixed/tcn/seed_29/bandpass_n20004_cRA_LL_electrode_s0.npz,75569,43e2431d3f8a5a05c1f0115dc4daae4fceab5318ef0ba4789d4259b7a99237bc
tcn,mixed,29,bandpass_n20004_cRA_LL_covariance_s20,phase2/results/predictions/full/mixed/tcn/seed_29/bandpass_n20004_cRA_LL_covariance_s20.npz,76367,fab40862b90bd2d7526f0500fe5bf74627669f451084196eeac212786f068e32
tcn,mixed,29,bandpass_n20004_cRA_LL_covariance_s15,phase2/results/predictions/full/mixed/tcn/seed_29/bandpass_n20004_cRA_LL_covariance_s15.npz,76356,edf0f9ee2290422a447ce11357ca45fc55dbe5f34681d7c98446b5009e9b36e9
tcn,mixed,29,bandpass_n20004_cRA_LL_covariance_s10,phase2/results/predictions/full/mixed/tcn/seed_29/bandpass_n20004_cRA_LL_covariance_s10.npz,76242,d913d78aacede634a8fbb2b5d9115a1cfc74dc14cc44cb68b0cdf017395d2036
tcn,mixed,29,bandpass_n20004_cRA_LL_covariance_s5,phase2/results/predictions/full/mixed/tcn/seed_29/bandpass_n20004_cRA_LL_covariance_s5.npz,76078,47428e099ab50bea7cfcf2b3f2d263b5d8ede0541879bc0198c2fcad50f33580
tcn,mixed,29,bandpass_n20004_cRA_LL_covariance_s0,phase2/results/predictions/full/mixed/tcn/seed_29/bandpass_n20004_cRA_LL_covariance_s0.npz,75554,cc38ca34fff4b4cd039f9119ec503d755d725fa9e7d3a0c02612e91cf44a0b17
tcn,mixed,29,bandpass_n20004_cRA_independent_rms_s20,phase2/results/predictions/full/mixed/tcn/seed_29/bandpass_n20004_cRA_independent_rms_s20.npz,76380,de1c521d0df10e89d83b0cf183d39c3ead16265e15939242b4042f480c1d3d32
tcn,mixed,29,bandpass_n20004_cRA_independent_rms_s15,phase2/results/predictions/full/mixed/tcn/seed_29/bandpass_n20004_cRA_independent_rms_s15.npz,76389,ca497465d7f9493012336a36d3f99e3afa952b9cd5e04c96810f2791d24ef30e
tcn,mixed,29,bandpass_n20004_cRA_independent_rms_s10,phase2/results/predictions/full/mixed/tcn/seed_29/bandpass_n20004_cRA_independent_rms_s10.npz,76317,13fa3a2800eda3c531a5038c19af52b86c6386d4a6fbf9ba2ab048414bad03c2
tcn,mixed,29,bandpass_n20004_cRA_independent_rms_s5,phase2/results/predictions/full/mixed/tcn/seed_29/bandpass_n20004_cRA_independent_rms_s5.npz,76194,f452bf8b9fe4f3e3722f8cb60dc401553c48080841594c2a49187a31cc00fa24
tcn,mixed,29,bandpass_n20004_cRA_independent_rms_s0,phase2/results/predictions/full/mixed/tcn/seed_29/bandpass_n20004_cRA_independent_rms_s0.npz,75882,5d52b7e8c2e6c06c0c360a259e0f64d3d75f6d97137ac7cd05201da19956125e
tcn,mixed,29,bandpass_n20004_cRA_electrode_s20,phase2/results/predictions/full/mixed/tcn/seed_29/bandpass_n20004_cRA_electrode_s20.npz,76365,cd2a2be3ce72c0f477635d22c68004577e529cfbc5dc6b28e75244092df8e2ef
tcn,mixed,29,bandpass_n20004_cRA_electrode_s15,phase2/results/predictions/full/mixed/tcn/seed_29/bandpass_n20004_cRA_electrode_s15.npz,76334,8bc197a4a3212e279135d80adfaeacb11bc3365b168ea6def51ea8d519355f00
tcn,mixed,29,bandpass_n20004_cRA_electrode_s10,phase2/results/predictions/full/mixed/tcn/seed_29/bandpass_n20004_cRA_electrode_s10.npz,76251,94f8e610ab0a329d4315c0567c6da04273d11f2ad1ba31c7b94679030aa0ecd4
tcn,mixed,29,bandpass_n20004_cRA_electrode_s5,phase2/results/predictions/full/mixed/tcn/seed_29/bandpass_n20004_cRA_electrode_s5.npz,76040,adc075fc54ef2aacd45c7bb35edd92f09f5e7846e1399f9073e4a8237f0a14b5
tcn,mixed,29,bandpass_n20004_cRA_electrode_s0,phase2/results/predictions/full/mixed/tcn/seed_29/bandpass_n20004_cRA_electrode_s0.npz,75507,e5d123b012d515825559fcab8659e35367926d979b6031d209e032db5fb82b53
tcn,mixed,29,bandpass_n20004_cRA_covariance_s20,phase2/results/predictions/full/mixed/tcn/seed_29/bandpass_n20004_cRA_covariance_s20.npz,76329,53ff95006af86f78e827894abfb2e1d8382c618e548302401f6d88ed40ddacca
tcn,mixed,29,bandpass_n20004_cRA_covariance_s15,phase2/results/predictions/full/mixed/tcn/seed_29/bandpass_n20004_cRA_covariance_s15.npz,76337,b7419cd9aaae14d97facba76eaf74a40f922de552fc1b92d44a6b7afd14a47b4
tcn,mixed,29,bandpass_n20004_cRA_covariance_s10,phase2/results/predictions/full/mixed/tcn/seed_29/bandpass_n20004_cRA_covariance_s10.npz,76257,4652228c453879076a626e5cd014bacc97985e0298604714bea53ae2a82b1656
tcn,mixed,29,bandpass_n20004_cRA_covariance_s5,phase2/results/predictions/full/mixed/tcn/seed_29/bandpass_n20004_cRA_covariance_s5.npz,76045,4b4955ada1e4ba1e0e7b3956d898454e1a8b7e9d0ad14de6f672b23da6ac8941
tcn,mixed,29,bandpass_n20004_cRA_covariance_s0,phase2/results/predictions/full/mixed/tcn/seed_29/bandpass_n20004_cRA_covariance_s0.npz,75504,541f8e5bc0991681480b0af78707f902e7ce91b5a53c8da8e49e5b5e2c925c36
tcn,mixed,29,bandpass_n20004_cLA_independent_rms_s20,phase2/results/predictions/full/mixed/tcn/seed_29/bandpass_n20004_cLA_independent_rms_s20.npz,76383,88c62e8307534dcec750b9a9e7a8d4338824620f59729fc5e90c364b52d8e788
tcn,mixed,29,bandpass_n20004_cLA_independent_rms_s15,phase2/results/predictions/full/mixed/tcn/seed_29/bandpass_n20004_cLA_independent_rms_s15.npz,76393,85c96db24108c73829145393401fef44b8366b2dd1075157f645ddbfe6c07256
tcn,mixed,29,bandpass_n20004_cLA_independent_rms_s10,phase2/results/predictions/full/mixed/tcn/seed_29/bandpass_n20004_cLA_independent_rms_s10.npz,76359,7fd56827e9942bc492557db58091d0868fc3b8997894ac8a715f726dd9560435
tcn,mixed,29,bandpass_n20004_cLA_independent_rms_s5,phase2/results/predictions/full/mixed/tcn/seed_29/bandpass_n20004_cLA_independent_rms_s5.npz,76210,c190c9297ef4b5a6d19f21e2b7895de96ca4a2b2e655c5e86413fd3bc479a6ba
tcn,mixed,29,bandpass_n20004_cLA_independent_rms_s0,phase2/results/predictions/full/mixed/tcn/seed_29/bandpass_n20004_cLA_independent_rms_s0.npz,75917,832693df437b1727298591e759fb941b7788d8c0d04497509ff5436e8c3bfdbd
tcn,mixed,29,bandpass_n20004_cLA_electrode_s20,phase2/results/predictions/full/mixed/tcn/seed_29/bandpass_n20004_cLA_electrode_s20.npz,76362,a1eda3fa5428a872d10b4ccca30d9b47693b77255e0408f932e302d7b0b44d6c
tcn,mixed,29,bandpass_n20004_cLA_electrode_s15,phase2/results/predictions/full/mixed/tcn/seed_29/bandpass_n20004_cLA_electrode_s15.npz,76351,8f6323d920b72cdaa9d3e57ed9816ace27f5df4994145f45225e64836ac036ee
tcn,mixed,29,bandpass_n20004_cLA_electrode_s10,phase2/results/predictions/full/mixed/tcn/seed_29/bandpass_n20004_cLA_electrode_s10.npz,76295,8b3f08148951b679ffc577bd5681944d5beb2581034ed1d6c0bfed58ec6b4a41
tcn,mixed,29,bandpass_n20004_cLA_electrode_s5,phase2/results/predictions/full/mixed/tcn/seed_29/bandpass_n20004_cLA_electrode_s5.npz,76175,f5acf0a342097f75a691658198812408866314c266e3a6a8f935bb912ab2e474
tcn,mixed,29,bandpass_n20004_cLA_electrode_s0,phase2/results/predictions/full/mixed/tcn/seed_29/bandpass_n20004_cLA_electrode_s0.npz,75803,d35a81890ec740c7f97c4ce7361deb5739ceb12f9cb33b3963f54a380bff888a
tcn,mixed,29,bandpass_n20004_cLA_covariance_s20,phase2/results/predictions/full/mixed/tcn/seed_29/bandpass_n20004_cLA_covariance_s20.npz,76343,8554041ab025443d3a08b2e268b44da27cc41ad129aa5c9e24a98ad734acfce0
tcn,mixed,29,bandpass_n20004_cLA_covariance_s15,phase2/results/predictions/full/mixed/tcn/seed_29/bandpass_n20004_cLA_covariance_s15.npz,76353,160eecce84fb97ba140f26fc0965ece2b5dead04e8915f81d28502a2246a5bab
tcn,mixed,29,bandpass_n20004_cLA_covariance_s10,phase2/results/predictions/full/mixed/tcn/seed_29/bandpass_n20004_cLA_covariance_s10.npz,76288,3d440eb1d6954eeb50980fe0a1b353014a6fee55105d6b3e0aa2d052585442fa
tcn,mixed,29,bandpass_n20004_cLA_covariance_s5,phase2/results/predictions/full/mixed/tcn/seed_29/bandpass_n20004_cLA_covariance_s5.npz,76123,e4d73b7787574f63a85a793585f828f27a23a42fe33637e8ed504575799ba7da
tcn,mixed,29,bandpass_n20004_cLA_covariance_s0,phase2/results/predictions/full/mixed/tcn/seed_29/bandpass_n20004_cLA_covariance_s0.npz,75818,1c8d36260e673c50b131e34b013ed87e6279422986a192690b639e6d62203b6a
tcn,mixed,29,bandpass_n20004_cLL_independent_rms_s20,phase2/results/predictions/full/mixed/tcn/seed_29/bandpass_n20004_cLL_independent_rms_s20.npz,76361,fea9be34642c961692a7512a5b9e12b59bfe247e728644c924fbbffa066d60d8
tcn,mixed,29,bandpass_n20004_cLL_independent_rms_s15,phase2/results/predictions/full/mixed/tcn/seed_29/bandpass_n20004_cLL_independent_rms_s15.npz,76373,e2b9292cd6e57daf110b4243e58f60d4f4337e30a652952fc9eaa2a799d85e5b
tcn,mixed,29,bandpass_n20004_cLL_independent_rms_s10,phase2/results/predictions/full/mixed/tcn/seed_29/bandpass_n20004_cLL_independent_rms_s10.npz,76350,49a1763e0510e8bdb5d2acfb44b43f5905d06d88c532dff53d65957c3be2949d
tcn,mixed,29,bandpass_n20004_cLL_independent_rms_s5,phase2/results/predictions/full/mixed/tcn/seed_29/bandpass_n20004_cLL_independent_rms_s5.npz,76248,1d4fc7fc018d0ebf2b1c57e5416de05ec91eacd5782c0b2a0b5f6450faa7814d
tcn,mixed,29,bandpass_n20004_cLL_independent_rms_s0,phase2/results/predictions/full/mixed/tcn/seed_29/bandpass_n20004_cLL_independent_rms_s0.npz,75956,95ff260e1634147c434245fad3cd0bf83798a0174c4744c229fa9d59b5b9aca6
tcn,mixed,29,bandpass_n20004_cLL_electrode_s20,phase2/results/predictions/full/mixed/tcn/seed_29/bandpass_n20004_cLL_electrode_s20.npz,76325,29d9b26f188b7f8b065e43a73aa8267156d1629efed3ae104d944179df31cf99
tcn,mixed,29,bandpass_n20004_cLL_electrode_s15,phase2/results/predictions/full/mixed/tcn/seed_29/bandpass_n20004_cLL_electrode_s15.npz,76335,5fb24a7ff86eb0093284131ca9b1c5ed28706994976a6d5fcb424cfdd75a3e1c
tcn,mixed,29,bandpass_n20004_cLL_electrode_s10,phase2/results/predictions/full/mixed/tcn/seed_29/bandpass_n20004_cLL_electrode_s10.npz,76226,fe0b80ae833cf77277010d8c4c520064a9593a0df7975e7851c8ff0fa1809426
tcn,mixed,29,bandpass_n20004_cLL_electrode_s5,phase2/results/predictions/full/mixed/tcn/seed_29/bandpass_n20004_cLL_electrode_s5.npz,76154,0e73462c6358905280008935a1b7b6dea554f8373b2a76502268107ae6ce3b33
tcn,mixed,29,bandpass_n20004_cLL_electrode_s0,phase2/results/predictions/full/mixed/tcn/seed_29/bandpass_n20004_cLL_electrode_s0.npz,75799,87cbd8c2750f5bde8f1a55eff57f6db24c867bd89c7bdf94dc4c835bebe8ed51
tcn,mixed,29,bandpass_n20004_cLL_covariance_s20,phase2/results/predictions/full/mixed/tcn/seed_29/bandpass_n20004_cLL_covariance_s20.npz,76368,18dc39854d9d1ed74d523b0adb62506da5fefeeae5363146b2e94d5407641371
tcn,mixed,29,bandpass_n20004_cLL_covariance_s15,phase2/results/predictions/full/mixed/tcn/seed_29/bandpass_n20004_cLL_covariance_s15.npz,76351,255339c9e985f416aa87720d9b38f8200c66730fc6451861de152fdc3b8ed55a
tcn,mixed,29,bandpass_n20004_cLL_covariance_s10,phase2/results/predictions/full/mixed/tcn/seed_29/bandpass_n20004_cLL_covariance_s10.npz,76278,fbf8b16ed2f16d22854b8fb4d131330963f7f8f14614a983e79521460bcc11b8
tcn,mixed,29,bandpass_n20004_cLL_covariance_s5,phase2/results/predictions/full/mixed/tcn/seed_29/bandpass_n20004_cLL_covariance_s5.npz,76153,f61aaa4cfee1d767abdff0836d75e2dcb96de908d93c5fb50c719face855569f
tcn,mixed,29,bandpass_n20004_cLL_covariance_s0,phase2/results/predictions/full/mixed/tcn/seed_29/bandpass_n20004_cLL_covariance_s0.npz,75828,3d123dda827eef6201bb7dbb50bb2c4c3f93da84d8f3ee2b3423af0b7dadbfc5
tcn,mixed,29,bandpass_n20004_cRA_V1_independent_rms_s20,phase2/results/predictions/full/mixed/tcn/seed_29/bandpass_n20004_cRA_V1_independent_rms_s20.npz,76398,bcfc16f1bc26954e73f042f34aa210eb84c7e85877a35361b7f600ce91dd6be2
tcn,mixed,29,bandpass_n20004_cRA_V1_independent_rms_s15,phase2/results/predictions/full/mixed/tcn/seed_29/bandpass_n20004_cRA_V1_independent_rms_s15.npz,76375,25e717e5680276fceedc86a371a18746c3d74f3fce1c26aacb500ec4f6a75b95
tcn,mixed,29,bandpass_n20004_cRA_V1_independent_rms_s10,phase2/results/predictions/full/mixed/tcn/seed_29/bandpass_n20004_cRA_V1_independent_rms_s10.npz,76338,3dd8bf0cfa9fd1633303f1b753cd7c55892b5bbe390134ea066a7f25bb9ad8fc
tcn,mixed,29,bandpass_n20004_cRA_V1_independent_rms_s5,phase2/results/predictions/full/mixed/tcn/seed_29/bandpass_n20004_cRA_V1_independent_rms_s5.npz,76202,8659d8ae34a812d33559a42551964c78306c587b876a56b3954468c0ab466330
tcn,mixed,29,bandpass_n20004_cRA_V1_independent_rms_s0,phase2/results/predictions/full/mixed/tcn/seed_29/bandpass_n20004_cRA_V1_independent_rms_s0.npz,75896,e4893a334a7a9e0cdb06bc71f7579a2d4e00ed07a9f4101627673f96097f07af
tcn,mixed,29,bandpass_n20004_cRA_V1_electrode_s20,phase2/results/predictions/full/mixed/tcn/seed_29/bandpass_n20004_cRA_V1_electrode_s20.npz,76347,d0f5054cb4ca9d09d06cdedd2f511a87f922d1a4ee2acf50475de2b8ea2d50af
tcn,mixed,29,bandpass_n20004_cRA_V1_electrode_s15,phase2/results/predictions/full/mixed/tcn/seed_29/bandpass_n20004_cRA_V1_electrode_s15.npz,76336,15541c6ad3516e273e82efd1fbc28a72d9a72f7cf875d882b1f03a85b9f69b84
tcn,mixed,29,bandpass_n20004_cRA_V1_electrode_s10,phase2/results/predictions/full/mixed/tcn/seed_29/bandpass_n20004_cRA_V1_electrode_s10.npz,76285,ce21a2b9af8cb8dcf8af38c74130d475f78dac74cf29123f89761c475a0aa6d6
tcn,mixed,29,bandpass_n20004_cRA_V1_electrode_s5,phase2/results/predictions/full/mixed/tcn/seed_29/bandpass_n20004_cRA_V1_electrode_s5.npz,76081,2a237845776c363caf775e704c50bec28e28e2102b217ced41499a52be035a7f
tcn,mixed,29,bandpass_n20004_cRA_V1_electrode_s0,phase2/results/predictions/full/mixed/tcn/seed_29/bandpass_n20004_cRA_V1_electrode_s0.npz,75505,a410af5d193f49f2b74041a39166159cff7d52e439422de4a630f198f7959de7
tcn,mixed,29,bandpass_n20004_cRA_V1_covariance_s20,phase2/results/predictions/full/mixed/tcn/seed_29/bandpass_n20004_cRA_V1_covariance_s20.npz,76401,96e05bb8f77e69fc03002d09a8283b852407052b018a7ead5dea5768c6cfe179
tcn,mixed,29,bandpass_n20004_cRA_V1_covariance_s15,phase2/results/predictions/full/mixed/tcn/seed_29/bandpass_n20004_cRA_V1_covariance_s15.npz,76351,15ee07c85d5a930f440383fae5ed4501cf5cd4ebf16dfc06931339c0b079e66f
tcn,mixed,29,bandpass_n20004_cRA_V1_covariance_s10,phase2/results/predictions/full/mixed/tcn/seed_29/bandpass_n20004_cRA_V1_covariance_s10.npz,76257,07e9d15695557d17afc0845e487b5246d9943764e70235b982fff2a94161207c
tcn,mixed,29,bandpass_n20004_cRA_V1_covariance_s5,phase2/results/predictions/full/mixed/tcn/seed_29/bandpass_n20004_cRA_V1_covariance_s5.npz,76067,8dbd4c4c92cdbbf5f1231c354eabb7c38cd45f5f425becd3c025afe5832ecee8
tcn,mixed,29,bandpass_n20004_cRA_V1_covariance_s0,phase2/results/predictions/full/mixed/tcn/seed_29/bandpass_n20004_cRA_V1_covariance_s0.npz,75488,1b981b84b05068cd6eb2d7a8646704891a252f6ecb69bb34797f2bd873fb2600
tcn,mixed,29,bandpass_n20004_cLA_V6_independent_rms_s20,phase2/results/predictions/full/mixed/tcn/seed_29/bandpass_n20004_cLA_V6_independent_rms_s20.npz,76382,aa701480905c8e9ad581d7906d8f4578ed7e3ae425762fbcbd847558039ab5d9
tcn,mixed,29,bandpass_n20004_cLA_V6_independent_rms_s15,phase2/results/predictions/full/mixed/tcn/seed_29/bandpass_n20004_cLA_V6_independent_rms_s15.npz,76379,34687b59136757f49ee29f066b816a4047e0313fd51112c0d3f8aa2c75b3f98d
tcn,mixed,29,bandpass_n20004_cLA_V6_independent_rms_s10,phase2/results/predictions/full/mixed/tcn/seed_29/bandpass_n20004_cLA_V6_independent_rms_s10.npz,76345,dbc4c1ab9d403635c8ca129124a2683e0743da06d8b92eefc649ce0e31d6753d
tcn,mixed,29,bandpass_n20004_cLA_V6_independent_rms_s5,phase2/results/predictions/full/mixed/tcn/seed_29/bandpass_n20004_cLA_V6_independent_rms_s5.npz,76235,d7a064aaf999a18d1bfe3fc93fba8e2ec2a66b24e64520cd785a81f4a1d6e074
tcn,mixed,29,bandpass_n20004_cLA_V6_independent_rms_s0,phase2/results/predictions/full/mixed/tcn/seed_29/bandpass_n20004_cLA_V6_independent_rms_s0.npz,75933,1be0064bb70f17efbec806618f6ff81df01fdaa75ab80b21ee052f64514ca02d
tcn,mixed,29,bandpass_n20004_cLA_V6_electrode_s20,phase2/results/predictions/full/mixed/tcn/seed_29/bandpass_n20004_cLA_V6_electrode_s20.npz,76389,cd975759900fa4672700fc047af55a0112b1b34266b1b876816db764a4166b55
tcn,mixed,29,bandpass_n20004_cLA_V6_electrode_s15,phase2/results/predictions/full/mixed/tcn/seed_29/bandpass_n20004_cLA_V6_electrode_s15.npz,76341,f5e67aed95a3441a9605ad233b3118f04fc4cc2b33517dc723c70ec3bdaa4460
tcn,mixed,29,bandpass_n20004_cLA_V6_electrode_s10,phase2/results/predictions/full/mixed/tcn/seed_29/bandpass_n20004_cLA_V6_electrode_s10.npz,76292,03cc104b6566f72ad767190f21744725752146b66a6008245e85da4e68e847c7
tcn,mixed,29,bandpass_n20004_cLA_V6_electrode_s5,phase2/results/predictions/full/mixed/tcn/seed_29/bandpass_n20004_cLA_V6_electrode_s5.npz,76184,8015b34be94ce255c7c7c7aba6016603be34fd4b104789f0e0f5d2a1f7ba4f2c
tcn,mixed,29,bandpass_n20004_cLA_V6_electrode_s0,phase2/results/predictions/full/mixed/tcn/seed_29/bandpass_n20004_cLA_V6_electrode_s0.npz,75851,e1c06fd562437026e6d56b2342037d3158f3bd66e94f70e0fb62850ef5729245
tcn,mixed,29,bandpass_n20004_cLA_V6_covariance_s20,phase2/results/predictions/full/mixed/tcn/seed_29/bandpass_n20004_cLA_V6_covariance_s20.npz,76363,328ce5263a89324267d26836fa9deeca9833b115fceed94be3688f23dbeee18c
tcn,mixed,29,bandpass_n20004_cLA_V6_covariance_s15,phase2/results/predictions/full/mixed/tcn/seed_29/bandpass_n20004_cLA_V6_covariance_s15.npz,76357,26246b4ac4e8e79642f479bcee75759b53924f9f2ab1826c5ec85dab357e1999
tcn,mixed,29,bandpass_n20004_cLA_V6_covariance_s10,phase2/results/predictions/full/mixed/tcn/seed_29/bandpass_n20004_cLA_V6_covariance_s10.npz,76287,93292b1e8adf9bc7ab6607fcba85abe9075b1a2049ab6fbb891c3a6d8e5e6f03
tcn,mixed,29,bandpass_n20004_cLA_V6_covariance_s5,phase2/results/predictions/full/mixed/tcn/seed_29/bandpass_n20004_cLA_V6_covariance_s5.npz,76185,2648d83f97be4e0bb05fc210ee9e238a7b12d328ffee9312eb2c9e9094d8f07b
tcn,mixed,29,bandpass_n20004_cLA_V6_covariance_s0,phase2/results/predictions/full/mixed/tcn/seed_29/bandpass_n20004_cLA_V6_covariance_s0.npz,75843,53dcc7469214b4c1c1d83416f7b81e38ea65df2113bcd38b587ef6aca0107fc4
tcn,mixed,29,bandpass_n20004_cLL_V4_independent_rms_s20,phase2/results/predictions/full/mixed/tcn/seed_29/bandpass_n20004_cLL_V4_independent_rms_s20.npz,76382,36f73e2162fc2dbb879fdcaa548257ddee3fdc430b3031152d3c38810733a62d
tcn,mixed,29,bandpass_n20004_cLL_V4_independent_rms_s15,phase2/results/predictions/full/mixed/tcn/seed_29/bandpass_n20004_cLL_V4_independent_rms_s15.npz,76354,386cfa4a50cc1c8a3fbde9a8b38cb79f35954b77e57b8cad8d9b1c5fad3ed4cc
tcn,mixed,29,bandpass_n20004_cLL_V4_independent_rms_s10,phase2/results/predictions/full/mixed/tcn/seed_29/bandpass_n20004_cLL_V4_independent_rms_s10.npz,76359,40d5db1c86b125b6a0a503a0d6db74637918a15ba1e9beea5fe8b9cf90901f8b
tcn,mixed,29,bandpass_n20004_cLL_V4_independent_rms_s5,phase2/results/predictions/full/mixed/tcn/seed_29/bandpass_n20004_cLL_V4_independent_rms_s5.npz,76246,0d94aabecba2b3f5d0bb5fc36674fb8dd12dd03d63465633a29f0080857bae67
tcn,mixed,29,bandpass_n20004_cLL_V4_independent_rms_s0,phase2/results/predictions/full/mixed/tcn/seed_29/bandpass_n20004_cLL_V4_independent_rms_s0.npz,75967,a10b6cf53e338145698fce5cf49fc9a26cfd6cac439af1728b5d0330c006fe90
tcn,mixed,29,bandpass_n20004_cLL_V4_electrode_s20,phase2/results/predictions/full/mixed/tcn/seed_29/bandpass_n20004_cLL_V4_electrode_s20.npz,76348,76985aec8eaec5fcf61c9822ab2c5065c0a33a6c0b0e5a21207df8c89a9d39c2
tcn,mixed,29,bandpass_n20004_cLL_V4_electrode_s15,phase2/results/predictions/full/mixed/tcn/seed_29/bandpass_n20004_cLL_V4_electrode_s15.npz,76375,d8110aebe8cea2a27dea19624bc6213ef982dd9d9f8db550a31fc56ca88a421c
tcn,mixed,29,bandpass_n20004_cLL_V4_electrode_s10,phase2/results/predictions/full/mixed/tcn/seed_29/bandpass_n20004_cLL_V4_electrode_s10.npz,76308,b363002de2984bf5ea538b80ffbe72a2b18d7f0bc99bc05d2fe9b24f4b0a1e22
tcn,mixed,29,bandpass_n20004_cLL_V4_electrode_s5,phase2/results/predictions/full/mixed/tcn/seed_29/bandpass_n20004_cLL_V4_electrode_s5.npz,76163,34cbccc687e7e40aa2282b1f6c0511c8505fd84ae253405d75d42aa56c28552f
tcn,mixed,29,bandpass_n20004_cLL_V4_electrode_s0,phase2/results/predictions/full/mixed/tcn/seed_29/bandpass_n20004_cLL_V4_electrode_s0.npz,75858,691a838f05caf06119cb502cf0cab1f786e6f712dc5958679f1773c9f3b0ae69
tcn,mixed,29,bandpass_n20004_cLL_V4_covariance_s20,phase2/results/predictions/full/mixed/tcn/seed_29/bandpass_n20004_cLL_V4_covariance_s20.npz,76355,e6dd46da54457281cbcfaa147b828640e6bdbb60b6953a48eb6c37596d3c4f0d
tcn,mixed,29,bandpass_n20004_cLL_V4_covariance_s15,phase2/results/predictions/full/mixed/tcn/seed_29/bandpass_n20004_cLL_V4_covariance_s15.npz,76368,9c8251deec473b478716d59c127010e6fd5b0e54dbcea5a074bf83998e2fa5b5
tcn,mixed,29,bandpass_n20004_cLL_V4_covariance_s10,phase2/results/predictions/full/mixed/tcn/seed_29/bandpass_n20004_cLL_V4_covariance_s10.npz,76324,9c35a3d5b3ee642ab9a827c3b03b75b212c335ee9e1e4f6495a5ffc04573d439
tcn,mixed,29,bandpass_n20004_cLL_V4_covariance_s5,phase2/results/predictions/full/mixed/tcn/seed_29/bandpass_n20004_cLL_V4_covariance_s5.npz,76178,8b901e5abd1727274fe26614f571ab5b18c5b1da7c56a21062ebc7768019c898
tcn,mixed,29,bandpass_n20004_cLL_V4_covariance_s0,phase2/results/predictions/full/mixed/tcn/seed_29/bandpass_n20004_cLL_V4_covariance_s0.npz,75874,8c8fe6e35828266295e77cabae49035ff70f1d4cc100fb53cb353d16ace94593
tcn,mixed,29,bandpass_n20004_cRA_LA_V1_V6_independent_rms_s20,phase2/results/predictions/full/mixed/tcn/seed_29/bandpass_n20004_cRA_LA_V1_V6_independent_rms_s20.npz,76391,12d31155077c022f8baa89eb62224baa048fa781924484e8b9b5de7d5874701f
tcn,mixed,29,bandpass_n20004_cRA_LA_V1_V6_independent_rms_s15,phase2/results/predictions/full/mixed/tcn/seed_29/bandpass_n20004_cRA_LA_V1_V6_independent_rms_s15.npz,76403,db09e75152fdad74189f75618461c6cee1128e0dbb9377d9e597d1bce661f8b5
tcn,mixed,29,bandpass_n20004_cRA_LA_V1_V6_independent_rms_s10,phase2/results/predictions/full/mixed/tcn/seed_29/bandpass_n20004_cRA_LA_V1_V6_independent_rms_s10.npz,76355,124530bac96f2027caefeffb7e6af54e942e7944f7d5895b391e9d6bbaaf9052
tcn,mixed,29,bandpass_n20004_cRA_LA_V1_V6_independent_rms_s5,phase2/results/predictions/full/mixed/tcn/seed_29/bandpass_n20004_cRA_LA_V1_V6_independent_rms_s5.npz,76248,674cc07f15a8a4ad645867bdf4d06ae21e1049dc7a869384cd993dcfbce473c3
tcn,mixed,29,bandpass_n20004_cRA_LA_V1_V6_independent_rms_s0,phase2/results/predictions/full/mixed/tcn/seed_29/bandpass_n20004_cRA_LA_V1_V6_independent_rms_s0.npz,75915,1f675aede89add4914543da51706ed33f347872c47d9863db41a3a5dffc6a1ae
tcn,mixed,29,bandpass_n20004_cRA_LA_V1_V6_electrode_s20,phase2/results/predictions/full/mixed/tcn/seed_29/bandpass_n20004_cRA_LA_V1_V6_electrode_s20.npz,76383,33329e10495b88b6b87ed173ded9e24e142040c824509b9d61c099eb741a4171
tcn,mixed,29,bandpass_n20004_cRA_LA_V1_V6_electrode_s15,phase2/results/predictions/full/mixed/tcn/seed_29/bandpass_n20004_cRA_LA_V1_V6_electrode_s15.npz,76358,9fd44a9ff790a243d574a4ac52d423e8dc42648326a27535850a023f4619fc87
tcn,mixed,29,bandpass_n20004_cRA_LA_V1_V6_electrode_s10,phase2/results/predictions/full/mixed/tcn/seed_29/bandpass_n20004_cRA_LA_V1_V6_electrode_s10.npz,76294,36713b9423b11ffabdbb616129672e3d2957997b961d8780fabd002197809af4
tcn,mixed,29,bandpass_n20004_cRA_LA_V1_V6_electrode_s5,phase2/results/predictions/full/mixed/tcn/seed_29/bandpass_n20004_cRA_LA_V1_V6_electrode_s5.npz,76137,7f1c33ffc94a4d96e11e4e6691eec70cde2ebfbe0dc83b9d0c3df27065acd2a5
tcn,mixed,29,bandpass_n20004_cRA_LA_V1_V6_electrode_s0,phase2/results/predictions/full/mixed/tcn/seed_29/bandpass_n20004_cRA_LA_V1_V6_electrode_s0.npz,75639,a767c150f1daff1c29b2278d19563a31be1fd3505487a2bb59aa01090c3428f2
tcn,mixed,29,bandpass_n20004_cRA_LA_V1_V6_covariance_s20,phase2/results/predictions/full/mixed/tcn/seed_29/bandpass_n20004_cRA_LA_V1_V6_covariance_s20.npz,76415,d01fb467246b19da3167192dbccf673d14eee9d5ecc95869ce4c58ea6fd13561
tcn,mixed,29,bandpass_n20004_cRA_LA_V1_V6_covariance_s15,phase2/results/predictions/full/mixed/tcn/seed_29/bandpass_n20004_cRA_LA_V1_V6_covariance_s15.npz,76367,44cbdb05a79ada9d93809dd495cd8a20b7f81bfd45ca76cf68d005ba98567692
tcn,mixed,29,bandpass_n20004_cRA_LA_V1_V6_covariance_s10,phase2/results/predictions/full/mixed/tcn/seed_29/bandpass_n20004_cRA_LA_V1_V6_covariance_s10.npz,76303,1faf955917666c63083b40e6b6deb15abbf2630e48355694f3a48771fe60b017
tcn,mixed,29,bandpass_n20004_cRA_LA_V1_V6_covariance_s5,phase2/results/predictions/full/mixed/tcn/seed_29/bandpass_n20004_cRA_LA_V1_V6_covariance_s5.npz,76126,aa23e345cbeaf83e564f436981b4f76c88926766a18c643208f8cf0c7e9c3ab4
tcn,mixed,29,bandpass_n20004_cRA_LA_V1_V6_covariance_s0,phase2/results/predictions/full/mixed/tcn/seed_29/bandpass_n20004_cRA_LA_V1_V6_covariance_s0.npz,75654,37e102ca2546fcf5c6f9624adc30dc7d7678db18a8bc87954b38c6b066f55d95
tcn,mixed,29,bandpass_n20004_cRA_V2_V5_independent_rms_s20,phase2/results/predictions/full/mixed/tcn/seed_29/bandpass_n20004_cRA_V2_V5_independent_rms_s20.npz,76404,12d52127ff44cf2f770c03b8fae42449f7f1cfd520639b508130dde9ade0d7ed
tcn,mixed,29,bandpass_n20004_cRA_V2_V5_independent_rms_s15,phase2/results/predictions/full/mixed/tcn/seed_29/bandpass_n20004_cRA_V2_V5_independent_rms_s15.npz,76364,0d81e22793abee5f8e7d5dcfb77be7cb1e80609f90bac67de151030103c0c45c
tcn,mixed,29,bandpass_n20004_cRA_V2_V5_independent_rms_s10,phase2/results/predictions/full/mixed/tcn/seed_29/bandpass_n20004_cRA_V2_V5_independent_rms_s10.npz,76340,20fa9df4b106d3324946d096bef68aa2e8e6140ba40713558615d71289f34f45
tcn,mixed,29,bandpass_n20004_cRA_V2_V5_independent_rms_s5,phase2/results/predictions/full/mixed/tcn/seed_29/bandpass_n20004_cRA_V2_V5_independent_rms_s5.npz,76222,ee746716aef07ae695bcf235adf8151ff28074f295359a4925f4d06106662195
tcn,mixed,29,bandpass_n20004_cRA_V2_V5_independent_rms_s0,phase2/results/predictions/full/mixed/tcn/seed_29/bandpass_n20004_cRA_V2_V5_independent_rms_s0.npz,75968,8db65a37f0f1ff04cfd3d4058724d3068cbfe84ab15c2ac9a685ef3c3d734d01
tcn,mixed,29,bandpass_n20004_cRA_V2_V5_electrode_s20,phase2/results/predictions/full/mixed/tcn/seed_29/bandpass_n20004_cRA_V2_V5_electrode_s20.npz,76375,ed41b345031a76b8df5d2eb1da22b1eeaa4011afb08aa67546cb39573a59fd8d
tcn,mixed,29,bandpass_n20004_cRA_V2_V5_electrode_s15,phase2/results/predictions/full/mixed/tcn/seed_29/bandpass_n20004_cRA_V2_V5_electrode_s15.npz,76386,29a4507cd671c3e303048c28f587ed45280da95a4e7ba7a23d66b2006cabf059
tcn,mixed,29,bandpass_n20004_cRA_V2_V5_electrode_s10,phase2/results/predictions/full/mixed/tcn/seed_29/bandpass_n20004_cRA_V2_V5_electrode_s10.npz,76292,90a039033f591d68147da6c5b255272daad5407e5b7516f05d5ed3038fa5ad8f
tcn,mixed,29,bandpass_n20004_cRA_V2_V5_electrode_s5,phase2/results/predictions/full/mixed/tcn/seed_29/bandpass_n20004_cRA_V2_V5_electrode_s5.npz,76085,acf624de13ac6c68cb28a89ddf2641b7c19dad49d9012398f08f6ee863c43617
tcn,mixed,29,bandpass_n20004_cRA_V2_V5_electrode_s0,phase2/results/predictions/full/mixed/tcn/seed_29/bandpass_n20004_cRA_V2_V5_electrode_s0.npz,75640,9b7be179e72eaf372dc9b1fb7a06ff3935846f716d4a62bbed5c5118481f303d
tcn,mixed,29,bandpass_n20004_cRA_V2_V5_covariance_s20,phase2/results/predictions/full/mixed/tcn/seed_29/bandpass_n20004_cRA_V2_V5_covariance_s20.npz,76364,9541557419a71726b69127a57a012575d4b9745437245c8ed07c5db172a262b8
tcn,mixed,29,bandpass_n20004_cRA_V2_V5_covariance_s15,phase2/results/predictions/full/mixed/tcn/seed_29/bandpass_n20004_cRA_V2_V5_covariance_s15.npz,76333,8c5f2989a67dbff1022d86ac9751819cc6adc0d86c120d0eae165626ac1cd784
tcn,mixed,29,bandpass_n20004_cRA_V2_V5_covariance_s10,phase2/results/predictions/full/mixed/tcn/seed_29/bandpass_n20004_cRA_V2_V5_covariance_s10.npz,76274,e044857ae5d07c372ed9537eb673356791b8c0feadb9bae752640142305fc6f5
tcn,mixed,29,bandpass_n20004_cRA_V2_V5_covariance_s5,phase2/results/predictions/full/mixed/tcn/seed_29/bandpass_n20004_cRA_V2_V5_covariance_s5.npz,76128,c29a77d8bea8aaa8350765d2257ef7515b86cf049c02f5f763e586c9d54e9e45
tcn,mixed,29,bandpass_n20004_cRA_V2_V5_covariance_s0,phase2/results/predictions/full/mixed/tcn/seed_29/bandpass_n20004_cRA_V2_V5_covariance_s0.npz,75646,830ec39714fb34e072d8238868f09e7577bd0ad87d824897f82f6a3ca9d5daa5
tcn,mixed,29,bandpass_n20004_cLA_V3_V6_independent_rms_s20,phase2/results/predictions/full/mixed/tcn/seed_29/bandpass_n20004_cLA_V3_V6_independent_rms_s20.npz,76394,5e749a31f96dd774bf4af9944b4f445d0aa95cde8d332cddb113ce1b7adb3a61
tcn,mixed,29,bandpass_n20004_cLA_V3_V6_independent_rms_s15,phase2/results/predictions/full/mixed/tcn/seed_29/bandpass_n20004_cLA_V3_V6_independent_rms_s15.npz,76394,53b9024b4becb964a5d58410bc6e2a6e820e78eaa6e577628f3186640d9e5167
tcn,mixed,29,bandpass_n20004_cLA_V3_V6_independent_rms_s10,phase2/results/predictions/full/mixed/tcn/seed_29/bandpass_n20004_cLA_V3_V6_independent_rms_s10.npz,76355,51c75505c89a77c94b71ff166cdbd4f285c4e29bb0080ddd34d4f5126362f6fb
tcn,mixed,29,bandpass_n20004_cLA_V3_V6_independent_rms_s5,phase2/results/predictions/full/mixed/tcn/seed_29/bandpass_n20004_cLA_V3_V6_independent_rms_s5.npz,76233,ea13ff51a1c9261193bcd292f6e187796d376975546e44e5a6404ed21e587965
tcn,mixed,29,bandpass_n20004_cLA_V3_V6_independent_rms_s0,phase2/results/predictions/full/mixed/tcn/seed_29/bandpass_n20004_cLA_V3_V6_independent_rms_s0.npz,75995,08a54cc4645fd7941cf1de0f6ce45208cdd35f1dedeb0dd2e7802137a77b8300
tcn,mixed,29,bandpass_n20004_cLA_V3_V6_electrode_s20,phase2/results/predictions/full/mixed/tcn/seed_29/bandpass_n20004_cLA_V3_V6_electrode_s20.npz,76379,926922ed1d3617a0e9f7635d5fa5160eba27b03ee3d7de6acdf7a72e3057093d
tcn,mixed,29,bandpass_n20004_cLA_V3_V6_electrode_s15,phase2/results/predictions/full/mixed/tcn/seed_29/bandpass_n20004_cLA_V3_V6_electrode_s15.npz,76396,0a2a7c94e52cec7872143d9b48d6e5a3e500487b501f7ee7f9ae04d83d145140
tcn,mixed,29,bandpass_n20004_cLA_V3_V6_electrode_s10,phase2/results/predictions/full/mixed/tcn/seed_29/bandpass_n20004_cLA_V3_V6_electrode_s10.npz,76328,957284094209856614ddd5c71fbcce9dddb68cc677f0fd725b87529cd640b52e
tcn,mixed,29,bandpass_n20004_cLA_V3_V6_electrode_s5,phase2/results/predictions/full/mixed/tcn/seed_29/bandpass_n20004_cLA_V3_V6_electrode_s5.npz,76228,6ae88d9ef9142d1d432196f5aa66fafb238aa658166ec740d9365515ece854f0
tcn,mixed,29,bandpass_n20004_cLA_V3_V6_electrode_s0,phase2/results/predictions/full/mixed/tcn/seed_29/bandpass_n20004_cLA_V3_V6_electrode_s0.npz,75908,1e640f9ee3a90df77b6df5c8d6674584fb9054627abadff6cc9816e2d6f64d81
tcn,mixed,29,bandpass_n20004_cLA_V3_V6_covariance_s20,phase2/results/predictions/full/mixed/tcn/seed_29/bandpass_n20004_cLA_V3_V6_covariance_s20.npz,76374,35fbfd58e0619412275f64845b1ceaefb98b06ecc1c946576267a5355fd19e1a
tcn,mixed,29,bandpass_n20004_cLA_V3_V6_covariance_s15,phase2/results/predictions/full/mixed/tcn/seed_29/bandpass_n20004_cLA_V3_V6_covariance_s15.npz,76361,0b169c87d4367079ef036a3e17d3f113deb12baf8647947b51a326dc283d5c39
tcn,mixed,29,bandpass_n20004_cLA_V3_V6_covariance_s10,phase2/results/predictions/full/mixed/tcn/seed_29/bandpass_n20004_cLA_V3_V6_covariance_s10.npz,76342,ef6efc6c2093ff5913a5423dd2e88be3403f4dc79a7ae0b71bb4b149044f5ed8
tcn,mixed,29,bandpass_n20004_cLA_V3_V6_covariance_s5,phase2/results/predictions/full/mixed/tcn/seed_29/bandpass_n20004_cLA_V3_V6_covariance_s5.npz,76196,69fa4297161bd8baf05fdd4293cdef4cfb043e48faa923a5609576ae07b5d840
tcn,mixed,29,bandpass_n20004_cLA_V3_V6_covariance_s0,phase2/results/predictions/full/mixed/tcn/seed_29/bandpass_n20004_cLA_V3_V6_covariance_s0.npz,75891,b90e84c12ca905bdcc22d756f11b4fc8c59474b2248d50a50150b434e531e772
tcn,mixed,29,bandpass_n20004_cLL_V1_V4_independent_rms_s20,phase2/results/predictions/full/mixed/tcn/seed_29/bandpass_n20004_cLL_V1_V4_independent_rms_s20.npz,76401,da098bdac7c881fed885e17c39226772b252abf07b01afd9a8fac612c6cecc46
tcn,mixed,29,bandpass_n20004_cLL_V1_V4_independent_rms_s15,phase2/results/predictions/full/mixed/tcn/seed_29/bandpass_n20004_cLL_V1_V4_independent_rms_s15.npz,76370,60077c0e002b8ae3084b69def4752fa37b82f691f9763f7a7b433e0c3e28f25e
tcn,mixed,29,bandpass_n20004_cLL_V1_V4_independent_rms_s10,phase2/results/predictions/full/mixed/tcn/seed_29/bandpass_n20004_cLL_V1_V4_independent_rms_s10.npz,76319,310a77762941e3078945e37feef1a701ed5e05ad4f67a95cc477ecea9b022544
tcn,mixed,29,bandpass_n20004_cLL_V1_V4_independent_rms_s5,phase2/results/predictions/full/mixed/tcn/seed_29/bandpass_n20004_cLL_V1_V4_independent_rms_s5.npz,76246,3a362394fd27b3a77c0af17a31f8a765c555645777c2de36b9aa6f64a75cbfe4
tcn,mixed,29,bandpass_n20004_cLL_V1_V4_independent_rms_s0,phase2/results/predictions/full/mixed/tcn/seed_29/bandpass_n20004_cLL_V1_V4_independent_rms_s0.npz,75965,7ec93a758e4e20425358a35520ea9ff369bfe8df902e635a033265660bef8591
tcn,mixed,29,bandpass_n20004_cLL_V1_V4_electrode_s20,phase2/results/predictions/full/mixed/tcn/seed_29/bandpass_n20004_cLL_V1_V4_electrode_s20.npz,76380,19a420e340bbb0828102abcd5b2e6f9150f8985df305ba5c2163ead89ef34e46
tcn,mixed,29,bandpass_n20004_cLL_V1_V4_electrode_s15,phase2/results/predictions/full/mixed/tcn/seed_29/bandpass_n20004_cLL_V1_V4_electrode_s15.npz,76373,296dfca33c0cd402d73a724349de1609488a7843122ba088ea7c4cbdc0d395b6
tcn,mixed,29,bandpass_n20004_cLL_V1_V4_electrode_s10,phase2/results/predictions/full/mixed/tcn/seed_29/bandpass_n20004_cLL_V1_V4_electrode_s10.npz,76293,d53f54498e3024afed0c0eb25af01fc7d9e7dc654b7b8a0e6a4776ae7e025774
tcn,mixed,29,bandpass_n20004_cLL_V1_V4_electrode_s5,phase2/results/predictions/full/mixed/tcn/seed_29/bandpass_n20004_cLL_V1_V4_electrode_s5.npz,76196,5111304b6080136869090bee30557343c943ea7fbb51b5b9360eeb97e2e2f79e
tcn,mixed,29,bandpass_n20004_cLL_V1_V4_electrode_s0,phase2/results/predictions/full/mixed/tcn/seed_29/bandpass_n20004_cLL_V1_V4_electrode_s0.npz,75819,8ad8d347641e4febdc190bbc80bd00c73570616008a09b78c23313e51269220d
tcn,mixed,29,bandpass_n20004_cLL_V1_V4_covariance_s20,phase2/results/predictions/full/mixed/tcn/seed_29/bandpass_n20004_cLL_V1_V4_covariance_s20.npz,76371,16e775fd8b99c1af79bfab5b5d189ccffe3e426c9e72fa08afbcfdf4388adb08
tcn,mixed,29,bandpass_n20004_cLL_V1_V4_covariance_s15,phase2/results/predictions/full/mixed/tcn/seed_29/bandpass_n20004_cLL_V1_V4_covariance_s15.npz,76376,257d7bac3b8959fbe1969035c0167467b658903bc79d0eaaf5555cbdbba2bcca
tcn,mixed,29,bandpass_n20004_cLL_V1_V4_covariance_s10,phase2/results/predictions/full/mixed/tcn/seed_29/bandpass_n20004_cLL_V1_V4_covariance_s10.npz,76304,6963ed193f4db75093fac2f722c4c0fb153147c26153854a252ebec5e4740f6c
tcn,mixed,29,bandpass_n20004_cLL_V1_V4_covariance_s5,phase2/results/predictions/full/mixed/tcn/seed_29/bandpass_n20004_cLL_V1_V4_covariance_s5.npz,76165,c1bd807f3c5f3621f41b4d6f68f28830d5ab5102e06fa44ce982d2353db8621f
tcn,mixed,29,bandpass_n20004_cLL_V1_V4_covariance_s0,phase2/results/predictions/full/mixed/tcn/seed_29/bandpass_n20004_cLL_V1_V4_covariance_s0.npz,75835,c97d220f8da9608aab185e021e8ee8419e583e8643f17adee400ff51713e3fb2
tcn,mixed,29,bandpass_n20004_call_independent_rms_s20,phase2/results/predictions/full/mixed/tcn/seed_29/bandpass_n20004_call_independent_rms_s20.npz,76358,340c003195846aa4d182c4fc08337a4afd23342f39b1ffdf84f0540cd2a61e00
tcn,mixed,29,bandpass_n20004_call_independent_rms_s15,phase2/results/predictions/full/mixed/tcn/seed_29/bandpass_n20004_call_independent_rms_s15.npz,76349,47edfb558b622eb938b093cb9b1ff1b38767c9dddffa40bb16ef67c8351a0e96
tcn,mixed,29,bandpass_n20004_call_independent_rms_s10,phase2/results/predictions/full/mixed/tcn/seed_29/bandpass_n20004_call_independent_rms_s10.npz,76301,5bc57af49bb8ef8df857c9f3e0cdc3ca340d4adb801a02c703c21d898bed7bc5
tcn,mixed,29,bandpass_n20004_call_independent_rms_s5,phase2/results/predictions/full/mixed/tcn/seed_29/bandpass_n20004_call_independent_rms_s5.npz,76201,1540724dd4c21cdc9ad7567788ab39ef453e36ec59121873d80ef89a91201872
tcn,mixed,29,bandpass_n20004_call_independent_rms_s0,phase2/results/predictions/full/mixed/tcn/seed_29/bandpass_n20004_call_independent_rms_s0.npz,75934,e435cc9827c09d640977ca8e7dff6bf4e4e0526983b258021d1e7216ec9936b2
tcn,mixed,29,bandpass_n20004_call_electrode_s20,phase2/results/predictions/full/mixed/tcn/seed_29/bandpass_n20004_call_electrode_s20.npz,76325,b9865ab1dfa39760d01b373ebbaeeb3b2085c361f05e592ffe30f6eb1bb95e4c
tcn,mixed,29,bandpass_n20004_call_electrode_s15,phase2/results/predictions/full/mixed/tcn/seed_29/bandpass_n20004_call_electrode_s15.npz,76348,45fcdefda3539ba02a9b687fe7879da0f66fd1396b3633a9b8a6cf7c3bad8689
tcn,mixed,29,bandpass_n20004_call_electrode_s10,phase2/results/predictions/full/mixed/tcn/seed_29/bandpass_n20004_call_electrode_s10.npz,76287,6e77c50924230c11816c02c307824d233a6567ebeb7dc58f6db57145d7cc050b
tcn,mixed,29,bandpass_n20004_call_electrode_s5,phase2/results/predictions/full/mixed/tcn/seed_29/bandpass_n20004_call_electrode_s5.npz,76118,1fa1b8b5bfa5e3d856175b7e9b58d67430df3e66c157478d3a679d01dff73550
tcn,mixed,29,bandpass_n20004_call_electrode_s0,phase2/results/predictions/full/mixed/tcn/seed_29/bandpass_n20004_call_electrode_s0.npz,75737,f5505f5da526b92efb6863fb346bd94546cc0f0011652ab6f958ea6384a5a493
tcn,mixed,29,bandpass_n20004_call_covariance_s20,phase2/results/predictions/full/mixed/tcn/seed_29/bandpass_n20004_call_covariance_s20.npz,76345,29c52251af7c5ac9dcee4d1f55fa4eeeac30b7d0550145246e64c9be514b3a1e
tcn,mixed,29,bandpass_n20004_call_covariance_s15,phase2/results/predictions/full/mixed/tcn/seed_29/bandpass_n20004_call_covariance_s15.npz,76341,a87eb673a3fd78f4e455b6569773ac22879f3aa8a222189f623d81226896c430
tcn,mixed,29,bandpass_n20004_call_covariance_s10,phase2/results/predictions/full/mixed/tcn/seed_29/bandpass_n20004_call_covariance_s10.npz,76261,0202c85825359e43ad873bd131f590bacd3c3394eaed7567ec0e006253191251
tcn,mixed,29,bandpass_n20004_call_covariance_s5,phase2/results/predictions/full/mixed/tcn/seed_29/bandpass_n20004_call_covariance_s5.npz,76143,de61d48bfbaf2cc3c0491ac3bc9bf93d8c3eb434face2d55ac22ef66b4ae0ae1
tcn,mixed,29,bandpass_n20004_call_covariance_s0,phase2/results/predictions/full/mixed/tcn/seed_29/bandpass_n20004_call_covariance_s0.npz,75751,1e71fe338249cad9337bee75d387b89e3e1137e4148a82c0b96e4024bb86d35e
tcn,mixed,29,bandpass_n20005_cRA_LA_LL_independent_rms_s20,phase2/results/predictions/full/mixed/tcn/seed_29/bandpass_n20005_cRA_LA_LL_independent_rms_s20.npz,76355,712eb5c0c3a762ebfeab2b686d1b8814754d6bc7a76cdfa2b54e74b22508aedd
tcn,mixed,29,bandpass_n20005_cRA_LA_LL_independent_rms_s15,phase2/results/predictions/full/mixed/tcn/seed_29/bandpass_n20005_cRA_LA_LL_independent_rms_s15.npz,76378,87e7e70a9e9b92fdb45647c0c6502f570e987c1964973d19a99ee90e78c335fb
tcn,mixed,29,bandpass_n20005_cRA_LA_LL_independent_rms_s10,phase2/results/predictions/full/mixed/tcn/seed_29/bandpass_n20005_cRA_LA_LL_independent_rms_s10.npz,76354,07398cb05b2c939ca86197bc8a3c7b85d77358c911ea43d2936d53c04a6d70ff
tcn,mixed,29,bandpass_n20005_cRA_LA_LL_independent_rms_s5,phase2/results/predictions/full/mixed/tcn/seed_29/bandpass_n20005_cRA_LA_LL_independent_rms_s5.npz,76214,52d79e358464e1d9e4082b7f7b8aa0a440b412b5c6ea1730abbff04f8a887fb0
tcn,mixed,29,bandpass_n20005_cRA_LA_LL_independent_rms_s0,phase2/results/predictions/full/mixed/tcn/seed_29/bandpass_n20005_cRA_LA_LL_independent_rms_s0.npz,75923,a8c7ab2680a1f6ef5ea67ba15fa6bffd8e8c95852cc39f3bd42d525bab0d1010
tcn,mixed,29,bandpass_n20005_cRA_LA_LL_electrode_s20,phase2/results/predictions/full/mixed/tcn/seed_29/bandpass_n20005_cRA_LA_LL_electrode_s20.npz,76329,ae241aea4ac549e1c8fd04ababa9065f64e9f9422c0e5bc6f42d0a266215da20
tcn,mixed,29,bandpass_n20005_cRA_LA_LL_electrode_s15,phase2/results/predictions/full/mixed/tcn/seed_29/bandpass_n20005_cRA_LA_LL_electrode_s15.npz,76376,86574bf3524259cafdecb8e2a84185a53134c0a6483fe3151fb5b9fec81c3eb6
tcn,mixed,29,bandpass_n20005_cRA_LA_LL_electrode_s10,phase2/results/predictions/full/mixed/tcn/seed_29/bandpass_n20005_cRA_LA_LL_electrode_s10.npz,76284,f33a86e9f7cf9a221d5aecce80dab28208bf667974a8f561b726420f1125cecc
tcn,mixed,29,bandpass_n20005_cRA_LA_LL_electrode_s5,phase2/results/predictions/full/mixed/tcn/seed_29/bandpass_n20005_cRA_LA_LL_electrode_s5.npz,76114,aec0356e7fe3a8cf4e6c66c97ccc90e1b42646aa5d3841358673de07522fe0c6
tcn,mixed,29,bandpass_n20005_cRA_LA_LL_electrode_s0,phase2/results/predictions/full/mixed/tcn/seed_29/bandpass_n20005_cRA_LA_LL_electrode_s0.npz,75614,af2d612a56626f57f5ae4613441da29ad83b7896ceb3ad24553f7db7a59c7b2b
tcn,mixed,29,bandpass_n20005_cRA_LA_LL_covariance_s20,phase2/results/predictions/full/mixed/tcn/seed_29/bandpass_n20005_cRA_LA_LL_covariance_s20.npz,76351,f8fcadb7a595d803ff49ca16f62b3689fd36c3a9024d477688f01e0443508b7f
tcn,mixed,29,bandpass_n20005_cRA_LA_LL_covariance_s15,phase2/results/predictions/full/mixed/tcn/seed_29/bandpass_n20005_cRA_LA_LL_covariance_s15.npz,76360,f40ccb175e27acc764982eb58dfa032ec7251d8a845f6a4f7d12f7c800ddce9d
tcn,mixed,29,bandpass_n20005_cRA_LA_LL_covariance_s10,phase2/results/predictions/full/mixed/tcn/seed_29/bandpass_n20005_cRA_LA_LL_covariance_s10.npz,76295,212e6bb43628af2d889034ea34aa0398064958d39fe8853486e2fbbeeb4e1436
tcn,mixed,29,bandpass_n20005_cRA_LA_LL_covariance_s5,phase2/results/predictions/full/mixed/tcn/seed_29/bandpass_n20005_cRA_LA_LL_covariance_s5.npz,76091,3e304fc75d8e50fa20e9aa15d63aebfd3139d84fc637dec90dd1746f08dafa06
tcn,mixed,29,bandpass_n20005_cRA_LA_LL_covariance_s0,phase2/results/predictions/full/mixed/tcn/seed_29/bandpass_n20005_cRA_LA_LL_covariance_s0.npz,75614,448429cfe22d8293720d2869c23ccce1b63c8a4c8f127f78ccc5423aba863445
tcn,mixed,29,bandpass_n20005_cV1_independent_rms_s20,phase2/results/predictions/full/mixed/tcn/seed_29/bandpass_n20005_cV1_independent_rms_s20.npz,76369,0c9f3ad9dc460b643ef9a6be9cc62841f438580a77b18fa2d750331240771d9c
tcn,mixed,29,bandpass_n20005_cV1_independent_rms_s15,phase2/results/predictions/full/mixed/tcn/seed_29/bandpass_n20005_cV1_independent_rms_s15.npz,76332,832ac2dfb8bc4df8feed14f806f98a129510f991dc981e9b7cb002dbd8c64b5e
tcn,mixed,29,bandpass_n20005_cV1_independent_rms_s10,phase2/results/predictions/full/mixed/tcn/seed_29/bandpass_n20005_cV1_independent_rms_s10.npz,76298,f0bff807fd43f0bb43b2ebb664bee9d64574559274bd2613ed187eb463c2c38f
tcn,mixed,29,bandpass_n20005_cV1_independent_rms_s5,phase2/results/predictions/full/mixed/tcn/seed_29/bandpass_n20005_cV1_independent_rms_s5.npz,76155,d6b7f0e1c426606de9925375ee365a7d0f9b9f9f653da262c657683bfa61de84
tcn,mixed,29,bandpass_n20005_cV1_independent_rms_s0,phase2/results/predictions/full/mixed/tcn/seed_29/bandpass_n20005_cV1_independent_rms_s0.npz,75817,a35eca1e47f69e78891bb6382a6a2ddbe07b233ac7ee331987f3e126cc975a29
tcn,mixed,29,bandpass_n20005_cV1_electrode_s20,phase2/results/predictions/full/mixed/tcn/seed_29/bandpass_n20005_cV1_electrode_s20.npz,76339,cedd19cc8d76de6c36e665198969854be5eb94df7e15e317b2116f95e9856daa
tcn,mixed,29,bandpass_n20005_cV1_electrode_s15,phase2/results/predictions/full/mixed/tcn/seed_29/bandpass_n20005_cV1_electrode_s15.npz,76336,d1f89b31fa71e79984d7af0a5f57f7341e8a88c66aa86b54d1aa4e29f8fdd2d1
tcn,mixed,29,bandpass_n20005_cV1_electrode_s10,phase2/results/predictions/full/mixed/tcn/seed_29/bandpass_n20005_cV1_electrode_s10.npz,76306,f95bbf7cd3145a95a97ea9cd43cb98d6e65f26cd9c62725f2bad2ff53c8235a7
tcn,mixed,29,bandpass_n20005_cV1_electrode_s5,phase2/results/predictions/full/mixed/tcn/seed_29/bandpass_n20005_cV1_electrode_s5.npz,76152,a590573dc7d209ba798727b1586792a890b8bff5748f86ee79b1483360b7bd01
tcn,mixed,29,bandpass_n20005_cV1_electrode_s0,phase2/results/predictions/full/mixed/tcn/seed_29/bandpass_n20005_cV1_electrode_s0.npz,75799,9b4e35aaf0bd1005afad92f7f4c5dc1d2ab62a28d7aaca5a89430f58cb0c9b30
tcn,mixed,29,bandpass_n20005_cV1_covariance_s20,phase2/results/predictions/full/mixed/tcn/seed_29/bandpass_n20005_cV1_covariance_s20.npz,76372,b248a7a0772ce4dbe434c56b0919b84e0001635c7699a4ccad369dd60fa5c1be
tcn,mixed,29,bandpass_n20005_cV1_covariance_s15,phase2/results/predictions/full/mixed/tcn/seed_29/bandpass_n20005_cV1_covariance_s15.npz,76318,8796a2f7b74336ef028e391fcdb0ac13d4c55e79684710ccdeb65c2b7761bc1d
tcn,mixed,29,bandpass_n20005_cV1_covariance_s10,phase2/results/predictions/full/mixed/tcn/seed_29/bandpass_n20005_cV1_covariance_s10.npz,76301,abec4e4239a851ad9555fe700654744ed575c844930a1a43f3540727131402ca
tcn,mixed,29,bandpass_n20005_cV1_covariance_s5,phase2/results/predictions/full/mixed/tcn/seed_29/bandpass_n20005_cV1_covariance_s5.npz,76133,b0907e5c62654e6d4c23fb9aeb303d29b58a5a30e1beec1dba4ef1e3e17b3102
tcn,mixed,29,bandpass_n20005_cV1_covariance_s0,phase2/results/predictions/full/mixed/tcn/seed_29/bandpass_n20005_cV1_covariance_s0.npz,75822,e02cfa4f3888b4ece651b10941a40fbc3b506922aecbb1c08a9bfedc78ad52a7
tcn,mixed,29,bandpass_n20005_cV2_independent_rms_s20,phase2/results/predictions/full/mixed/tcn/seed_29/bandpass_n20005_cV2_independent_rms_s20.npz,76385,526ccde392e9f90b9a4dde26d5425d75fc607e4f4da00d65533bad0c5ca4910b
tcn,mixed,29,bandpass_n20005_cV2_independent_rms_s15,phase2/results/predictions/full/mixed/tcn/seed_29/bandpass_n20005_cV2_independent_rms_s15.npz,76371,01ccfd5345b2fd83f203fef9673194eafb0841cd0e7c9a1467e7b423298a4a2b
tcn,mixed,29,bandpass_n20005_cV2_independent_rms_s10,phase2/results/predictions/full/mixed/tcn/seed_29/bandpass_n20005_cV2_independent_rms_s10.npz,76316,b78ee4f976cd2de75626eaa8b585dc3f6b3ad08e48290328915b51a081e72d25
tcn,mixed,29,bandpass_n20005_cV2_independent_rms_s5,phase2/results/predictions/full/mixed/tcn/seed_29/bandpass_n20005_cV2_independent_rms_s5.npz,76179,faf5cc5a0518f503d5180bf61326ffcd9dec79dd05f470e5db22fdc01d7f1bbf
tcn,mixed,29,bandpass_n20005_cV2_independent_rms_s0,phase2/results/predictions/full/mixed/tcn/seed_29/bandpass_n20005_cV2_independent_rms_s0.npz,75917,0b2dbb483408b192e5ec85271737cd2ec6e2a1bce0d3fb93a5e18929ed2424a7
tcn,mixed,29,bandpass_n20005_cV2_electrode_s20,phase2/results/predictions/full/mixed/tcn/seed_29/bandpass_n20005_cV2_electrode_s20.npz,76355,9deff6caaed9766acc8739c39551c7ff5613d30efed180e8e9fd20f2bc5f5b88
tcn,mixed,29,bandpass_n20005_cV2_electrode_s15,phase2/results/predictions/full/mixed/tcn/seed_29/bandpass_n20005_cV2_electrode_s15.npz,76332,4de08e8d69c1ff63f1449d8815d5f436b6365724cd167deda76849dd6b5d684c
tcn,mixed,29,bandpass_n20005_cV2_electrode_s10,phase2/results/predictions/full/mixed/tcn/seed_29/bandpass_n20005_cV2_electrode_s10.npz,76331,380684098b161d410a21ba87648dd5f12c6c39f83098a5183ed0d8d8ea3c0775
tcn,mixed,29,bandpass_n20005_cV2_electrode_s5,phase2/results/predictions/full/mixed/tcn/seed_29/bandpass_n20005_cV2_electrode_s5.npz,76208,08c873797be848f99b28be67eb7296ec0323bd4df553780c7d617b5bf6057030
tcn,mixed,29,bandpass_n20005_cV2_electrode_s0,phase2/results/predictions/full/mixed/tcn/seed_29/bandpass_n20005_cV2_electrode_s0.npz,75911,13af931c216087a46d0e503e0206d56519dc68e7673a298f65b0b89605396679
tcn,mixed,29,bandpass_n20005_cV2_covariance_s20,phase2/results/predictions/full/mixed/tcn/seed_29/bandpass_n20005_cV2_covariance_s20.npz,76355,e10b8f4eac0a1f7d8a36629426190804bc5e8f6e10135651f88135104f3b7a7e
tcn,mixed,29,bandpass_n20005_cV2_covariance_s15,phase2/results/predictions/full/mixed/tcn/seed_29/bandpass_n20005_cV2_covariance_s15.npz,76347,112a10c41f8d0582c7d4bed4342da1a615b27ea5a07ebf86cf8d75379a0e5aca
tcn,mixed,29,bandpass_n20005_cV2_covariance_s10,phase2/results/predictions/full/mixed/tcn/seed_29/bandpass_n20005_cV2_covariance_s10.npz,76318,3e6b64d4f07ab16da3360b493baa3054220b6dfb1e4a7af025669cca906ce9f9
tcn,mixed,29,bandpass_n20005_cV2_covariance_s5,phase2/results/predictions/full/mixed/tcn/seed_29/bandpass_n20005_cV2_covariance_s5.npz,76216,34033f51962376f1db11e9a93b4e5cdeefcbe2026de864382fe2be98e370d4f5
tcn,mixed,29,bandpass_n20005_cV2_covariance_s0,phase2/results/predictions/full/mixed/tcn/seed_29/bandpass_n20005_cV2_covariance_s0.npz,75925,ad6d9cd742178409e19254468d048d34b5402c60a75aabb84ad916aecd1b09b4
tcn,mixed,29,bandpass_n20005_cV3_independent_rms_s20,phase2/results/predictions/full/mixed/tcn/seed_29/bandpass_n20005_cV3_independent_rms_s20.npz,76385,604b0062189de49d385828a5ae2312305254ce13cc5087035caab0a57392de69
tcn,mixed,29,bandpass_n20005_cV3_independent_rms_s15,phase2/results/predictions/full/mixed/tcn/seed_29/bandpass_n20005_cV3_independent_rms_s15.npz,76357,6f2d8eb8f836736d9980583cb3e77376be95f3452bdee1efc5a228dbfd18f2ce
tcn,mixed,29,bandpass_n20005_cV3_independent_rms_s10,phase2/results/predictions/full/mixed/tcn/seed_29/bandpass_n20005_cV3_independent_rms_s10.npz,76360,d518778374c399a51a3e48560ea2da2beb324a6f18cddf186c788440603dc30d
tcn,mixed,29,bandpass_n20005_cV3_independent_rms_s5,phase2/results/predictions/full/mixed/tcn/seed_29/bandpass_n20005_cV3_independent_rms_s5.npz,76309,9c4287a1d7bab7ad21774b2deb623011853b7ce90fb69c19fd60dccfbbc52793
tcn,mixed,29,bandpass_n20005_cV3_independent_rms_s0,phase2/results/predictions/full/mixed/tcn/seed_29/bandpass_n20005_cV3_independent_rms_s0.npz,76250,234687ec4b834c8043db82c3bb80e17515e82cd3c8d57b35e28d99890a0af23d
tcn,mixed,29,bandpass_n20005_cV3_electrode_s20,phase2/results/predictions/full/mixed/tcn/seed_29/bandpass_n20005_cV3_electrode_s20.npz,76327,f8198c82b04a2f4eed526264d51f96802302a472e0b6289dd77c7e40abdad7b3
tcn,mixed,29,bandpass_n20005_cV3_electrode_s15,phase2/results/predictions/full/mixed/tcn/seed_29/bandpass_n20005_cV3_electrode_s15.npz,76337,f013c548f1cfd4a171fe10bef7168cd95fb79fc6c95bc4a3eaa8efce9fb5d3ce
tcn,mixed,29,bandpass_n20005_cV3_electrode_s10,phase2/results/predictions/full/mixed/tcn/seed_29/bandpass_n20005_cV3_electrode_s10.npz,76366,39dd1b4e3b2247fdd9cc80cef325e16edef53da6366be09e3201c60c4a450024
tcn,mixed,29,bandpass_n20005_cV3_electrode_s5,phase2/results/predictions/full/mixed/tcn/seed_29/bandpass_n20005_cV3_electrode_s5.npz,76303,3761218fde212fb0b9d2e2368202d4e0c3c42c3a4bf62d48085641409c7570e8
tcn,mixed,29,bandpass_n20005_cV3_electrode_s0,phase2/results/predictions/full/mixed/tcn/seed_29/bandpass_n20005_cV3_electrode_s0.npz,76200,88bdc9d3db6cc6c84132954ade286b1347307bd120c18d36600384df600e9fe6
tcn,mixed,29,bandpass_n20005_cV3_covariance_s20,phase2/results/predictions/full/mixed/tcn/seed_29/bandpass_n20005_cV3_covariance_s20.npz,76359,5555192d0157ab7d79fcaef860d10e8d9d4aa9f98b67ede21d462954bc47edfc
tcn,mixed,29,bandpass_n20005_cV3_covariance_s15,phase2/results/predictions/full/mixed/tcn/seed_29/bandpass_n20005_cV3_covariance_s15.npz,76337,75c9ba3a3e8811b0100ab846f8e0eadfba60b9f07fe2b8df8f0891d8d34671e8
tcn,mixed,29,bandpass_n20005_cV3_covariance_s10,phase2/results/predictions/full/mixed/tcn/seed_29/bandpass_n20005_cV3_covariance_s10.npz,76351,4a1df275191f6af0aa90123e01fe0920629ac5ee5ffe9c08e9ca70ed4d478136
tcn,mixed,29,bandpass_n20005_cV3_covariance_s5,phase2/results/predictions/full/mixed/tcn/seed_29/bandpass_n20005_cV3_covariance_s5.npz,76313,3d0f9c27ac5ee72d18c930a7c11b1365faf35b3a46a3542eaf42bc2d68172330
tcn,mixed,29,bandpass_n20005_cV3_covariance_s0,phase2/results/predictions/full/mixed/tcn/seed_29/bandpass_n20005_cV3_covariance_s0.npz,76219,d65b455bd7161007889867420cdf45c7a20128502ef12bd05e963bfeeaed7eb2
tcn,mixed,29,bandpass_n20005_cV4_independent_rms_s20,phase2/results/predictions/full/mixed/tcn/seed_29/bandpass_n20005_cV4_independent_rms_s20.npz,76357,c7d424b23eadff4c25d76bf52887f12f82042fdbe91dadf1ebb35083015dfe1a
tcn,mixed,29,bandpass_n20005_cV4_independent_rms_s15,phase2/results/predictions/full/mixed/tcn/seed_29/bandpass_n20005_cV4_independent_rms_s15.npz,76389,32072f70d910d9cb42bb1c321640e06b9543ee0c3c91cc70647f496298c592a0
tcn,mixed,29,bandpass_n20005_cV4_independent_rms_s10,phase2/results/predictions/full/mixed/tcn/seed_29/bandpass_n20005_cV4_independent_rms_s10.npz,76350,e7719b42b2c80f6b94a3da8412f088c197697d1c1438412045cb89b6080868aa
tcn,mixed,29,bandpass_n20005_cV4_independent_rms_s5,phase2/results/predictions/full/mixed/tcn/seed_29/bandpass_n20005_cV4_independent_rms_s5.npz,76290,11ed5749e47ae9149e7df187b40fe73574e87115dadea8c1c1ec22cb801ca5b9
tcn,mixed,29,bandpass_n20005_cV4_independent_rms_s0,phase2/results/predictions/full/mixed/tcn/seed_29/bandpass_n20005_cV4_independent_rms_s0.npz,76110,75c616f95892a1edbde1351c1e7ed69eaadd251f410f5c596875351af4bdc4e6
tcn,mixed,29,bandpass_n20005_cV4_electrode_s20,phase2/results/predictions/full/mixed/tcn/seed_29/bandpass_n20005_cV4_electrode_s20.npz,76361,f0f7c8d22b59f8b2c43b0ec34980e2968ce8637fbd5c22d4b532ee01cda6a9fd
tcn,mixed,29,bandpass_n20005_cV4_electrode_s15,phase2/results/predictions/full/mixed/tcn/seed_29/bandpass_n20005_cV4_electrode_s15.npz,76342,87ad39c666d5eb80185defca8755377efbaa120f95b57d2907283889864a1afc
tcn,mixed,29,bandpass_n20005_cV4_electrode_s10,phase2/results/predictions/full/mixed/tcn/seed_29/bandpass_n20005_cV4_electrode_s10.npz,76369,9041bf0dd13bb8ef98432f406d8434f61d77afb48557c34e2f844f88c3381098
tcn,mixed,29,bandpass_n20005_cV4_electrode_s5,phase2/results/predictions/full/mixed/tcn/seed_29/bandpass_n20005_cV4_electrode_s5.npz,76281,a69219128780a3434da58286baf8d1c3098a12141b483404b27949834e48e06c
tcn,mixed,29,bandpass_n20005_cV4_electrode_s0,phase2/results/predictions/full/mixed/tcn/seed_29/bandpass_n20005_cV4_electrode_s0.npz,76112,49ce854a4344b40093761a929538b57b5c4ee168f58e33e745e9ff1b501a697f
tcn,mixed,29,bandpass_n20005_cV4_covariance_s20,phase2/results/predictions/full/mixed/tcn/seed_29/bandpass_n20005_cV4_covariance_s20.npz,76335,6780a8eac914b68dd512f9373e8e99e0361b531779d259290dfce49d03fa0027
tcn,mixed,29,bandpass_n20005_cV4_covariance_s15,phase2/results/predictions/full/mixed/tcn/seed_29/bandpass_n20005_cV4_covariance_s15.npz,76369,151b5941caf91647b829a10ff3f6399058b9dd497576c2d7457b87018175815f
tcn,mixed,29,bandpass_n20005_cV4_covariance_s10,phase2/results/predictions/full/mixed/tcn/seed_29/bandpass_n20005_cV4_covariance_s10.npz,76318,2ef4cb0bb17ec981ab6270bde754a29401ed0c29dbaa4a1ce362f094aa235500
tcn,mixed,29,bandpass_n20005_cV4_covariance_s5,phase2/results/predictions/full/mixed/tcn/seed_29/bandpass_n20005_cV4_covariance_s5.npz,76252,ed3e10632c7edb7501e5df693572fac6254301849caecb4abcbe4c566fae5490
tcn,mixed,29,bandpass_n20005_cV4_covariance_s0,phase2/results/predictions/full/mixed/tcn/seed_29/bandpass_n20005_cV4_covariance_s0.npz,76097,8383b28130d0a91d58eb403d40a1fe96fbd3c5293ddec1165570b59c7227daab
tcn,mixed,29,bandpass_n20005_cV5_independent_rms_s20,phase2/results/predictions/full/mixed/tcn/seed_29/bandpass_n20005_cV5_independent_rms_s20.npz,76370,06be5587f5062888b165c9cb1c5fa8c5aab30e59cb821c6b7f080e2e83c7f16c
tcn,mixed,29,bandpass_n20005_cV5_independent_rms_s15,phase2/results/predictions/full/mixed/tcn/seed_29/bandpass_n20005_cV5_independent_rms_s15.npz,76384,f78fbbd4196e2d3c1e5da32ab0c6c6fee14480cffdc82cce60ab1a33f6e010a4
tcn,mixed,29,bandpass_n20005_cV5_independent_rms_s10,phase2/results/predictions/full/mixed/tcn/seed_29/bandpass_n20005_cV5_independent_rms_s10.npz,76355,917b00e791b098d6501d040fd9de3b7b6a6f609538f7872a2c06633572df32a0
tcn,mixed,29,bandpass_n20005_cV5_independent_rms_s5,phase2/results/predictions/full/mixed/tcn/seed_29/bandpass_n20005_cV5_independent_rms_s5.npz,76251,d6c7250c250bb90aec9232e52e2e2e0d6e2822dd0af81627820abbc030c25b90
tcn,mixed,29,bandpass_n20005_cV5_independent_rms_s0,phase2/results/predictions/full/mixed/tcn/seed_29/bandpass_n20005_cV5_independent_rms_s0.npz,76034,26b8d0b2be487797b4928911df3993e79a6e1286ef80433517635955f8a90cc7
tcn,mixed,29,bandpass_n20005_cV5_electrode_s20,phase2/results/predictions/full/mixed/tcn/seed_29/bandpass_n20005_cV5_electrode_s20.npz,76376,694ba080523ee055d69f43998c58865a119641bec4db8dedcbb2ba1a8be30e83
tcn,mixed,29,bandpass_n20005_cV5_electrode_s15,phase2/results/predictions/full/mixed/tcn/seed_29/bandpass_n20005_cV5_electrode_s15.npz,76354,0e6060e73a6ae87ecf56ceaf7b51fc784a56a12c8e93e7dd68d79803da231578
tcn,mixed,29,bandpass_n20005_cV5_electrode_s10,phase2/results/predictions/full/mixed/tcn/seed_29/bandpass_n20005_cV5_electrode_s10.npz,76329,30105d7c66e9f719ba3cc16a262a2692184f97cb96c1b33bf84b8a330c8897a3
tcn,mixed,29,bandpass_n20005_cV5_electrode_s5,phase2/results/predictions/full/mixed/tcn/seed_29/bandpass_n20005_cV5_electrode_s5.npz,76273,3bad0027f1c4e9db88333339a69dfe35ca8838732d669f079ec3b90fb5288cdb
tcn,mixed,29,bandpass_n20005_cV5_electrode_s0,phase2/results/predictions/full/mixed/tcn/seed_29/bandpass_n20005_cV5_electrode_s0.npz,76092,7831c44870ca5194514071bf1fb7a65eed7016eb376a7768a7d4c33f036c2e5c
tcn,mixed,29,bandpass_n20005_cV5_covariance_s20,phase2/results/predictions/full/mixed/tcn/seed_29/bandpass_n20005_cV5_covariance_s20.npz,76353,642ae81b829863f6a547111be01ffcf2f91e9c565b5de5ed4a9bfd58596b6d04
tcn,mixed,29,bandpass_n20005_cV5_covariance_s15,phase2/results/predictions/full/mixed/tcn/seed_29/bandpass_n20005_cV5_covariance_s15.npz,76355,98e63f25a96d5f40240d8d2fbaff74b3d0435a0c233cbb5b56a66b8fe4d2200a
tcn,mixed,29,bandpass_n20005_cV5_covariance_s10,phase2/results/predictions/full/mixed/tcn/seed_29/bandpass_n20005_cV5_covariance_s10.npz,76345,cf21fc51e57dc184a3315c67ada82339bfb46c0b48a3d4a3f16002ee3cd6c748
tcn,mixed,29,bandpass_n20005_cV5_covariance_s5,phase2/results/predictions/full/mixed/tcn/seed_29/bandpass_n20005_cV5_covariance_s5.npz,76276,c27a26c28487bf717b684492d8993e4bb10726a37abdd8f5acef412ee6c36cb9
tcn,mixed,29,bandpass_n20005_cV5_covariance_s0,phase2/results/predictions/full/mixed/tcn/seed_29/bandpass_n20005_cV5_covariance_s0.npz,76087,ee0f1a4318ba22fdaaeb4e7d6750f46b8374132861ec1996ec6da9975310bd12
tcn,mixed,29,bandpass_n20005_cV6_independent_rms_s20,phase2/results/predictions/full/mixed/tcn/seed_29/bandpass_n20005_cV6_independent_rms_s20.npz,76396,7613bc9e8c2927bd6ced0839e848062b6cb7552182973a76eb566e446447ae3f
tcn,mixed,29,bandpass_n20005_cV6_independent_rms_s15,phase2/results/predictions/full/mixed/tcn/seed_29/bandpass_n20005_cV6_independent_rms_s15.npz,76357,4be603fb06c25b3186b9efd01ba6fbeb06ee7d52dadc8693f440f65a37a5e0c1
tcn,mixed,29,bandpass_n20005_cV6_independent_rms_s10,phase2/results/predictions/full/mixed/tcn/seed_29/bandpass_n20005_cV6_independent_rms_s10.npz,76347,cdec171a5fb176505b7eceb7472947a319baf43c00601b88b26005604c3e9a3b
tcn,mixed,29,bandpass_n20005_cV6_independent_rms_s5,phase2/results/predictions/full/mixed/tcn/seed_29/bandpass_n20005_cV6_independent_rms_s5.npz,76217,79de63963ad5898c0fb1d803caeac21d04e664ac970d2b16c974fab56fbbf90e
tcn,mixed,29,bandpass_n20005_cV6_independent_rms_s0,phase2/results/predictions/full/mixed/tcn/seed_29/bandpass_n20005_cV6_independent_rms_s0.npz,75954,7d47e1eb31bab3a67d7b397943e723033b20d9691269a964765bb66e8399b3af
tcn,mixed,29,bandpass_n20005_cV6_electrode_s20,phase2/results/predictions/full/mixed/tcn/seed_29/bandpass_n20005_cV6_electrode_s20.npz,76366,02ba9bcde806322ff7da71ffa7f8c222a49e867e5f624b45052f47ffb3dd721d
tcn,mixed,29,bandpass_n20005_cV6_electrode_s15,phase2/results/predictions/full/mixed/tcn/seed_29/bandpass_n20005_cV6_electrode_s15.npz,76364,f26f655b77a3705e0af94df2e557e6d4cadf5aa1ed79935963c8164868b6d1d3
tcn,mixed,29,bandpass_n20005_cV6_electrode_s10,phase2/results/predictions/full/mixed/tcn/seed_29/bandpass_n20005_cV6_electrode_s10.npz,76307,9fc06177d40aedc9eb0e3d9c447879748058452df9c3ffa3ad7d013efda036b1
tcn,mixed,29,bandpass_n20005_cV6_electrode_s5,phase2/results/predictions/full/mixed/tcn/seed_29/bandpass_n20005_cV6_electrode_s5.npz,76242,e001f7618ec0064cba5fdc0a4d11cd5a6eba74dc6d94b93908d6428fff04aacb
tcn,mixed,29,bandpass_n20005_cV6_electrode_s0,phase2/results/predictions/full/mixed/tcn/seed_29/bandpass_n20005_cV6_electrode_s0.npz,75974,85b0aa6d5cced0ea8200bd3c867025c603e8584fd67e5887069936676ed4ebdd
tcn,mixed,29,bandpass_n20005_cV6_covariance_s20,phase2/results/predictions/full/mixed/tcn/seed_29/bandpass_n20005_cV6_covariance_s20.npz,76327,d7405920a6fc7673849c7fa50df54f2c94942780d8dd9031c786f777ee16f55f
tcn,mixed,29,bandpass_n20005_cV6_covariance_s15,phase2/results/predictions/full/mixed/tcn/seed_29/bandpass_n20005_cV6_covariance_s15.npz,76373,f81e2014f76b2934638fe3378b87c1acb4c70263274fca5411eb8cc1c4b09b4f
tcn,mixed,29,bandpass_n20005_cV6_covariance_s10,phase2/results/predictions/full/mixed/tcn/seed_29/bandpass_n20005_cV6_covariance_s10.npz,76309,62f3b4658583faf7cdfbf007493fb6c324929df4c1300e7a935436345e109a43
tcn,mixed,29,bandpass_n20005_cV6_covariance_s5,phase2/results/predictions/full/mixed/tcn/seed_29/bandpass_n20005_cV6_covariance_s5.npz,76209,c3c8af57654572f0917ac468eaad3589f154e3939b6f8f385614aec3f9bcbaac
tcn,mixed,29,bandpass_n20005_cV6_covariance_s0,phase2/results/predictions/full/mixed/tcn/seed_29/bandpass_n20005_cV6_covariance_s0.npz,75941,d7ad80eb3564c8844606d3b62007972f38aa0d5f103fd1a2a6c2b61ea1c56830
tcn,mixed,29,bandpass_n20005_cRA_LA_independent_rms_s20,phase2/results/predictions/full/mixed/tcn/seed_29/bandpass_n20005_cRA_LA_independent_rms_s20.npz,76372,b4ae1559cf8aa98fe09a8c1f5c2426368a23abfc94a0bc00d2fa33a176e95c90
tcn,mixed,29,bandpass_n20005_cRA_LA_independent_rms_s15,phase2/results/predictions/full/mixed/tcn/seed_29/bandpass_n20005_cRA_LA_independent_rms_s15.npz,76383,e602270c67f06461dc59750d65d7becb3c3b78ddc916ace04206b6e4049a145d
tcn,mixed,29,bandpass_n20005_cRA_LA_independent_rms_s10,phase2/results/predictions/full/mixed/tcn/seed_29/bandpass_n20005_cRA_LA_independent_rms_s10.npz,76327,4dce5e0793cd936e001dc8e723a1402832a11138fa58ac46c230a22b7f7051c5
tcn,mixed,29,bandpass_n20005_cRA_LA_independent_rms_s5,phase2/results/predictions/full/mixed/tcn/seed_29/bandpass_n20005_cRA_LA_independent_rms_s5.npz,76238,bb11587d5b6fd77a08e144581b46f629ab4bbc6f9486995ca9e416ea8d3801ce
tcn,mixed,29,bandpass_n20005_cRA_LA_independent_rms_s0,phase2/results/predictions/full/mixed/tcn/seed_29/bandpass_n20005_cRA_LA_independent_rms_s0.npz,75933,ec647c3754e841a5ac5230946cc0d00b71e452ca849233cee670751836a36b4b
tcn,mixed,29,bandpass_n20005_cRA_LA_electrode_s20,phase2/results/predictions/full/mixed/tcn/seed_29/bandpass_n20005_cRA_LA_electrode_s20.npz,76365,1abc1b51d53874a52818032ea7865159e212b55ae679ec76a70c4d304ad8df6f
tcn,mixed,29,bandpass_n20005_cRA_LA_electrode_s15,phase2/results/predictions/full/mixed/tcn/seed_29/bandpass_n20005_cRA_LA_electrode_s15.npz,76342,3fe50fc2ef3671aed963e2e859b190875b9067a87f8e2b9193f3a0a326bd52c7
tcn,mixed,29,bandpass_n20005_cRA_LA_electrode_s10,phase2/results/predictions/full/mixed/tcn/seed_29/bandpass_n20005_cRA_LA_electrode_s10.npz,76262,418f37318bb065dfea699362ab6eda93c1d27a9f6217702dfc6e0c535d1e3791
tcn,mixed,29,bandpass_n20005_cRA_LA_electrode_s5,phase2/results/predictions/full/mixed/tcn/seed_29/bandpass_n20005_cRA_LA_electrode_s5.npz,76073,9153be0bd42b9ce68392c98639bc60132f4b90cddea862fef19662e78e5bfc28
tcn,mixed,29,bandpass_n20005_cRA_LA_electrode_s0,phase2/results/predictions/full/mixed/tcn/seed_29/bandpass_n20005_cRA_LA_electrode_s0.npz,75629,43953a35f722948477ccaf921a0fed1fcbcca377b9547deccb229254df988fa8
tcn,mixed,29,bandpass_n20005_cRA_LA_covariance_s20,phase2/results/predictions/full/mixed/tcn/seed_29/bandpass_n20005_cRA_LA_covariance_s20.npz,76345,8edf6a56cfc59cff6c743ac8c33df9d37784e45a9a415df21d70b4c012ac68ab
tcn,mixed,29,bandpass_n20005_cRA_LA_covariance_s15,phase2/results/predictions/full/mixed/tcn/seed_29/bandpass_n20005_cRA_LA_covariance_s15.npz,76347,f142f16a1a08ce3642fccde4776c107c5780bf558d02df7262b406874da8028d
tcn,mixed,29,bandpass_n20005_cRA_LA_covariance_s10,phase2/results/predictions/full/mixed/tcn/seed_29/bandpass_n20005_cRA_LA_covariance_s10.npz,76286,2d2b7b4e8f4c1f4846ab9afce4047452fcf8339b269853b7b49af2fd8c7b5994
tcn,mixed,29,bandpass_n20005_cRA_LA_covariance_s5,phase2/results/predictions/full/mixed/tcn/seed_29/bandpass_n20005_cRA_LA_covariance_s5.npz,76098,2fdb258d4b26c0aef3f8a4a09567aa521feaa1e15df278b2800ea724f6796e63
tcn,mixed,29,bandpass_n20005_cRA_LA_covariance_s0,phase2/results/predictions/full/mixed/tcn/seed_29/bandpass_n20005_cRA_LA_covariance_s0.npz,75625,0ac39e0c823a41d35ecc9389162b2d0b6c7ed6e846403f7c899d393b5ff1ffcf
tcn,mixed,29,bandpass_n20005_cLA_LL_independent_rms_s20,phase2/results/predictions/full/mixed/tcn/seed_29/bandpass_n20005_cLA_LL_independent_rms_s20.npz,76391,c1b2290e584646427bf4e62e0bd0f9e8d843d2e45b57098a873a291b6ff5c558
tcn,mixed,29,bandpass_n20005_cLA_LL_independent_rms_s15,phase2/results/predictions/full/mixed/tcn/seed_29/bandpass_n20005_cLA_LL_independent_rms_s15.npz,76395,1723df722923e3ab91962ea91c45f27ce0f3ddc43649fbd4b7ee250a850aae67
tcn,mixed,29,bandpass_n20005_cLA_LL_independent_rms_s10,phase2/results/predictions/full/mixed/tcn/seed_29/bandpass_n20005_cLA_LL_independent_rms_s10.npz,76344,8e8fa9f9a988cf030ce699f868c721e96c9eafa232f0549f0a67f19de76f143b
tcn,mixed,29,bandpass_n20005_cLA_LL_independent_rms_s5,phase2/results/predictions/full/mixed/tcn/seed_29/bandpass_n20005_cLA_LL_independent_rms_s5.npz,76255,da1eb5d9b12a23d7fd2c3f29054eb678e2ade7a4f3fdf5889b5c61d8f01dbacf
tcn,mixed,29,bandpass_n20005_cLA_LL_independent_rms_s0,phase2/results/predictions/full/mixed/tcn/seed_29/bandpass_n20005_cLA_LL_independent_rms_s0.npz,75929,5b178e1979036005adbb29fe894e33d0f1da1af6ad3a9b2d68a470829593a472
tcn,mixed,29,bandpass_n20005_cLA_LL_electrode_s20,phase2/results/predictions/full/mixed/tcn/seed_29/bandpass_n20005_cLA_LL_electrode_s20.npz,76338,950de00bc419d4b4c547fb40e92d9092bf2549076b6fe8d6902863038e1d96f3
tcn,mixed,29,bandpass_n20005_cLA_LL_electrode_s15,phase2/results/predictions/full/mixed/tcn/seed_29/bandpass_n20005_cLA_LL_electrode_s15.npz,76354,1dd262303750f71b741f0384fc3a09c0e4bc82885cb57ee1b82c3574dacf9438
tcn,mixed,29,bandpass_n20005_cLA_LL_electrode_s10,phase2/results/predictions/full/mixed/tcn/seed_29/bandpass_n20005_cLA_LL_electrode_s10.npz,76301,c753e0184efc2f6b7a9550bcd7442233024080c55e5a4de3434caf150c9d827b
tcn,mixed,29,bandpass_n20005_cLA_LL_electrode_s5,phase2/results/predictions/full/mixed/tcn/seed_29/bandpass_n20005_cLA_LL_electrode_s5.npz,76157,69216f41c203529f7269bbf058be57912fdf0b40d60ff8e25eb5cb2e45dcd03f
tcn,mixed,29,bandpass_n20005_cLA_LL_electrode_s0,phase2/results/predictions/full/mixed/tcn/seed_29/bandpass_n20005_cLA_LL_electrode_s0.npz,75795,5335a6a45d4425ccbd671bb829aefb57dc65a98777882933f7ac060c51f5e5fb
tcn,mixed,29,bandpass_n20005_cLA_LL_covariance_s20,phase2/results/predictions/full/mixed/tcn/seed_29/bandpass_n20005_cLA_LL_covariance_s20.npz,76402,6cb3c698804f642615e5ab55e3639b4208cfc1d401cf28f4098308ef2ad1d79f
tcn,mixed,29,bandpass_n20005_cLA_LL_covariance_s15,phase2/results/predictions/full/mixed/tcn/seed_29/bandpass_n20005_cLA_LL_covariance_s15.npz,76379,783a727457c6e0f6544e6cbb55843e68b04fdb974a27b62fd1ff85d7e78fa7f0
tcn,mixed,29,bandpass_n20005_cLA_LL_covariance_s10,phase2/results/predictions/full/mixed/tcn/seed_29/bandpass_n20005_cLA_LL_covariance_s10.npz,76297,1e1cf6bf75c119d1a916e4b3d521fe3bb71717e4c626d35237754bf03d016451
tcn,mixed,29,bandpass_n20005_cLA_LL_covariance_s5,phase2/results/predictions/full/mixed/tcn/seed_29/bandpass_n20005_cLA_LL_covariance_s5.npz,76126,fe094432d721d0964976088ae2e85b43877d79b5362b39ac67c17558389635f0
tcn,mixed,29,bandpass_n20005_cLA_LL_covariance_s0,phase2/results/predictions/full/mixed/tcn/seed_29/bandpass_n20005_cLA_LL_covariance_s0.npz,75789,b606a287f7a118a1adbe4e50322b522df1c3c3958ee5f4ebb6f17499daa3558a
tcn,mixed,29,bandpass_n20005_cRA_LL_independent_rms_s20,phase2/results/predictions/full/mixed/tcn/seed_29/bandpass_n20005_cRA_LL_independent_rms_s20.npz,76393,244275349159bbe4a82910ed4a8d6d43ca904ef4dae2c278d8c9d78d2b3b3c0f
tcn,mixed,29,bandpass_n20005_cRA_LL_independent_rms_s15,phase2/results/predictions/full/mixed/tcn/seed_29/bandpass_n20005_cRA_LL_independent_rms_s15.npz,76327,a718704fc6c50e716ec096b9c8f11dc04623b1e00582c6e15bcb1965315ea0f2
tcn,mixed,29,bandpass_n20005_cRA_LL_independent_rms_s10,phase2/results/predictions/full/mixed/tcn/seed_29/bandpass_n20005_cRA_LL_independent_rms_s10.npz,76331,a09d10d274bcc7f6f6cbee8d2948e52d7976027b25505b08606918f98993c33e
tcn,mixed,29,bandpass_n20005_cRA_LL_independent_rms_s5,phase2/results/predictions/full/mixed/tcn/seed_29/bandpass_n20005_cRA_LL_independent_rms_s5.npz,76220,750d6f59bffb48f730c88171297dc423ff4f9601de20c3b77cf5c06b3a656b00
tcn,mixed,29,bandpass_n20005_cRA_LL_independent_rms_s0,phase2/results/predictions/full/mixed/tcn/seed_29/bandpass_n20005_cRA_LL_independent_rms_s0.npz,75930,f9372924d9fe3299c923b880861d8ac45abe8b46eed3673000c229bbef7e798e
tcn,mixed,29,bandpass_n20005_cRA_LL_electrode_s20,phase2/results/predictions/full/mixed/tcn/seed_29/bandpass_n20005_cRA_LL_electrode_s20.npz,76354,c36255abae8d734f0c014142953493c0b41aa88bf6bf70078715d2a80cbe93d4
tcn,mixed,29,bandpass_n20005_cRA_LL_electrode_s15,phase2/results/predictions/full/mixed/tcn/seed_29/bandpass_n20005_cRA_LL_electrode_s15.npz,76327,53e96e8447894e616b9501e0e7d1ff3f941a2811afa8e44bc889da69dda3d591
tcn,mixed,29,bandpass_n20005_cRA_LL_electrode_s10,phase2/results/predictions/full/mixed/tcn/seed_29/bandpass_n20005_cRA_LL_electrode_s10.npz,76250,8c67a5c919993b9f6dc7d30b0eb7cec70d1c1b8af5a8891c9f7a71a958694aaf
tcn,mixed,29,bandpass_n20005_cRA_LL_electrode_s5,phase2/results/predictions/full/mixed/tcn/seed_29/bandpass_n20005_cRA_LL_electrode_s5.npz,76076,1faaabd014cd150ebba1306a83d0aad76a6e0a9dad3f708dbdb873bfcf467cee
tcn,mixed,29,bandpass_n20005_cRA_LL_electrode_s0,phase2/results/predictions/full/mixed/tcn/seed_29/bandpass_n20005_cRA_LL_electrode_s0.npz,75593,a5794aa92a87b6d32fc8c80d353c0a330b648e6efa94d0f7369e7599fe5a8a80
tcn,mixed,29,bandpass_n20005_cRA_LL_covariance_s20,phase2/results/predictions/full/mixed/tcn/seed_29/bandpass_n20005_cRA_LL_covariance_s20.npz,76376,e7c1e47cd2c68693c4bcf058dfb764614773f0ecba7440652447a16f2d9f8f1e
tcn,mixed,29,bandpass_n20005_cRA_LL_covariance_s15,phase2/results/predictions/full/mixed/tcn/seed_29/bandpass_n20005_cRA_LL_covariance_s15.npz,76345,c1ea9baa6eedc1a453262f0b35e2290ca73a2ecb227822395af72086bf64b8c2
tcn,mixed,29,bandpass_n20005_cRA_LL_covariance_s10,phase2/results/predictions/full/mixed/tcn/seed_29/bandpass_n20005_cRA_LL_covariance_s10.npz,76253,e0018a686edd546833d4f6a5b7d8ad687298949efad4c4a9b417cb19c984f4ae
tcn,mixed,29,bandpass_n20005_cRA_LL_covariance_s5,phase2/results/predictions/full/mixed/tcn/seed_29/bandpass_n20005_cRA_LL_covariance_s5.npz,76114,0ebefb35bfeb2af511c6a5128ab5e57e54357d7d6d58534809f778a4548124d9
tcn,mixed,29,bandpass_n20005_cRA_LL_covariance_s0,phase2/results/predictions/full/mixed/tcn/seed_29/bandpass_n20005_cRA_LL_covariance_s0.npz,75533,942067f867dc1e62ab5c113ee43165313c712569a9ff47bb7bc91bfc9bca22c1
tcn,mixed,29,bandpass_n20005_cRA_independent_rms_s20,phase2/results/predictions/full/mixed/tcn/seed_29/bandpass_n20005_cRA_independent_rms_s20.npz,76377,3e2029821bc1fed0186506e5d3e486a642ac7b8741b13803419856a8a806821e
tcn,mixed,29,bandpass_n20005_cRA_independent_rms_s15,phase2/results/predictions/full/mixed/tcn/seed_29/bandpass_n20005_cRA_independent_rms_s15.npz,76357,d045b9caf0d34a0b7b6da6e30bc1e57b48900920d0afae8566762fae1bb0e3de
tcn,mixed,29,bandpass_n20005_cRA_independent_rms_s10,phase2/results/predictions/full/mixed/tcn/seed_29/bandpass_n20005_cRA_independent_rms_s10.npz,76346,5c4231a31d9f0a531d15a9324b73ae11763de94369bb746eaae98bca4b71e66f
tcn,mixed,29,bandpass_n20005_cRA_independent_rms_s5,phase2/results/predictions/full/mixed/tcn/seed_29/bandpass_n20005_cRA_independent_rms_s5.npz,76200,da05936b6818f8522a21ed0141c55f2599543fd7021bb9069ac7c5c429556083
tcn,mixed,29,bandpass_n20005_cRA_independent_rms_s0,phase2/results/predictions/full/mixed/tcn/seed_29/bandpass_n20005_cRA_independent_rms_s0.npz,75907,cf6268fc86095f21fd3b8ca0cf8b710fc591e4d994c454f0ca3810c8740a1030
tcn,mixed,29,bandpass_n20005_cRA_electrode_s20,phase2/results/predictions/full/mixed/tcn/seed_29/bandpass_n20005_cRA_electrode_s20.npz,76347,9e4222b8618da4478405e01d807bef3a87a5bddc8b9f98de8c9fad8954a715fb
tcn,mixed,29,bandpass_n20005_cRA_electrode_s15,phase2/results/predictions/full/mixed/tcn/seed_29/bandpass_n20005_cRA_electrode_s15.npz,76348,7f9b28fd0a132e38a2079df29173c653fe5b011771361248cd72ecb682179c42
tcn,mixed,29,bandpass_n20005_cRA_electrode_s10,phase2/results/predictions/full/mixed/tcn/seed_29/bandpass_n20005_cRA_electrode_s10.npz,76247,4bfaeb6fd682aaf540644545574198f33caa4e1945259ffa29e9d820e0d6fbb9
tcn,mixed,29,bandpass_n20005_cRA_electrode_s5,phase2/results/predictions/full/mixed/tcn/seed_29/bandpass_n20005_cRA_electrode_s5.npz,76038,da42c43a440ca0b9ae68af43ee4572c85deb25e9dc16a9a6f1071f00732f58a2
tcn,mixed,29,bandpass_n20005_cRA_electrode_s0,phase2/results/predictions/full/mixed/tcn/seed_29/bandpass_n20005_cRA_electrode_s0.npz,75521,ad415826886d71b137237834f2741912418c25160e9e715135b919b543a85a74
tcn,mixed,29,bandpass_n20005_cRA_covariance_s20,phase2/results/predictions/full/mixed/tcn/seed_29/bandpass_n20005_cRA_covariance_s20.npz,76357,fd690fdb27245fb489cbee851494975cbce01a15323d470db32989af6fef3405
tcn,mixed,29,bandpass_n20005_cRA_covariance_s15,phase2/results/predictions/full/mixed/tcn/seed_29/bandpass_n20005_cRA_covariance_s15.npz,76334,d13ca05614db09f999e0f88f5049e0491370214e0eb29904e0dc4b6a073d5f4c
tcn,mixed,29,bandpass_n20005_cRA_covariance_s10,phase2/results/predictions/full/mixed/tcn/seed_29/bandpass_n20005_cRA_covariance_s10.npz,76264,ce516b96012355f9b0bb3e09c9e3e005391277c13324480f8dff92474f0026e6
tcn,mixed,29,bandpass_n20005_cRA_covariance_s5,phase2/results/predictions/full/mixed/tcn/seed_29/bandpass_n20005_cRA_covariance_s5.npz,76045,d537822162d1218c7267884ac436610854ab0783e2b186468e1b79bfefead948
tcn,mixed,29,bandpass_n20005_cRA_covariance_s0,phase2/results/predictions/full/mixed/tcn/seed_29/bandpass_n20005_cRA_covariance_s0.npz,75501,3620504c128270e7566a313826a0c1d613bd51bb2da472f0765dc319200721ea
tcn,mixed,29,bandpass_n20005_cLA_independent_rms_s20,phase2/results/predictions/full/mixed/tcn/seed_29/bandpass_n20005_cLA_independent_rms_s20.npz,76387,d56dccf954d786abc948b81888b8de843a304f3c34ebe2584109bbd881258515
tcn,mixed,29,bandpass_n20005_cLA_independent_rms_s15,phase2/results/predictions/full/mixed/tcn/seed_29/bandpass_n20005_cLA_independent_rms_s15.npz,76346,7466dcb7ceb221a8a1abf43d399a749c8ca82b1b551bae16e3f97245793ff01f
tcn,mixed,29,bandpass_n20005_cLA_independent_rms_s10,phase2/results/predictions/full/mixed/tcn/seed_29/bandpass_n20005_cLA_independent_rms_s10.npz,76337,9a760a38a5ab4683fc3e19eede108ce1dbdc5f059b87c9ef23a00852b34a9051
tcn,mixed,29,bandpass_n20005_cLA_independent_rms_s5,phase2/results/predictions/full/mixed/tcn/seed_29/bandpass_n20005_cLA_independent_rms_s5.npz,76210,4529bd461d7515dde95690d7fbb1c6b6ee5ec12bd458a87a7936a42ee122457e
tcn,mixed,29,bandpass_n20005_cLA_independent_rms_s0,phase2/results/predictions/full/mixed/tcn/seed_29/bandpass_n20005_cLA_independent_rms_s0.npz,75895,39bcc38702c4de95e26839fe1656b05886f004f46e9bc096a46e5b9fb48c877b
tcn,mixed,29,bandpass_n20005_cLA_electrode_s20,phase2/results/predictions/full/mixed/tcn/seed_29/bandpass_n20005_cLA_electrode_s20.npz,76354,9a86c7c9dbac8cc83d0ad97ce3a9d57bfd9ffc32a0a355fa5d56f9b24a909d90
tcn,mixed,29,bandpass_n20005_cLA_electrode_s15,phase2/results/predictions/full/mixed/tcn/seed_29/bandpass_n20005_cLA_electrode_s15.npz,76359,6ca339096124e3bcae0f8ac01c8653e3a18866becb454f87cf570ce0a1103361
tcn,mixed,29,bandpass_n20005_cLA_electrode_s10,phase2/results/predictions/full/mixed/tcn/seed_29/bandpass_n20005_cLA_electrode_s10.npz,76282,65e893dc72a7e53925361afc7a02eeb6bd01914b4f9cf74bcdde49b06227570f
tcn,mixed,29,bandpass_n20005_cLA_electrode_s5,phase2/results/predictions/full/mixed/tcn/seed_29/bandpass_n20005_cLA_electrode_s5.npz,76147,f555b1e8742affb6ec74c43fd57a59ba103763a7507d73dec023a0c588dd4786
tcn,mixed,29,bandpass_n20005_cLA_electrode_s0,phase2/results/predictions/full/mixed/tcn/seed_29/bandpass_n20005_cLA_electrode_s0.npz,75818,9dc86011db815c60bfed7e5034156f58df2bdf312e65dc799a048754a7154987
tcn,mixed,29,bandpass_n20005_cLA_covariance_s20,phase2/results/predictions/full/mixed/tcn/seed_29/bandpass_n20005_cLA_covariance_s20.npz,76335,28fe0b5ce0b6ed8847403643db9fa4352ab9c0c06009712168a752ae91d3df47
tcn,mixed,29,bandpass_n20005_cLA_covariance_s15,phase2/results/predictions/full/mixed/tcn/seed_29/bandpass_n20005_cLA_covariance_s15.npz,76363,9f317bbd094df8987bf9752d6cdaedc2957220fb019034cf79e9c2e481e47c83
tcn,mixed,29,bandpass_n20005_cLA_covariance_s10,phase2/results/predictions/full/mixed/tcn/seed_29/bandpass_n20005_cLA_covariance_s10.npz,76271,2d244e58cc56e004dbe1b372f08988c1acab5f1183767d59f394070474937513
tcn,mixed,29,bandpass_n20005_cLA_covariance_s5,phase2/results/predictions/full/mixed/tcn/seed_29/bandpass_n20005_cLA_covariance_s5.npz,76163,8940b7ab028d11ba4f9ae98d784579740ef50e4300def09b84c1a1ef783145c4
tcn,mixed,29,bandpass_n20005_cLA_covariance_s0,phase2/results/predictions/full/mixed/tcn/seed_29/bandpass_n20005_cLA_covariance_s0.npz,75833,f264a689767886c748da3b90af7923ad970085de187ef7be4b47fa4d10d5c021
tcn,mixed,29,bandpass_n20005_cLL_independent_rms_s20,phase2/results/predictions/full/mixed/tcn/seed_29/bandpass_n20005_cLL_independent_rms_s20.npz,76375,c04a0896444ddd7d1794eabf1d3180fc06cc3733e3251db23f001c3d191b7067
tcn,mixed,29,bandpass_n20005_cLL_independent_rms_s15,phase2/results/predictions/full/mixed/tcn/seed_29/bandpass_n20005_cLL_independent_rms_s15.npz,76341,d6f049b05bd7c78a645143ebc91c54941d057797dfb3c148a6be3745353e36bd
tcn,mixed,29,bandpass_n20005_cLL_independent_rms_s10,phase2/results/predictions/full/mixed/tcn/seed_29/bandpass_n20005_cLL_independent_rms_s10.npz,76348,9ff912aa196ddce9cc6ca42732da822edc39e575df81817467c88013157a806a
tcn,mixed,29,bandpass_n20005_cLL_independent_rms_s5,phase2/results/predictions/full/mixed/tcn/seed_29/bandpass_n20005_cLL_independent_rms_s5.npz,76189,0e4b91f696eb7987b9d64cbcd715d6fc7399576bfb1f0819946a49faaea505d5
tcn,mixed,29,bandpass_n20005_cLL_independent_rms_s0,phase2/results/predictions/full/mixed/tcn/seed_29/bandpass_n20005_cLL_independent_rms_s0.npz,75936,e384da8a815abb2c1d74b31bd5448a8bbb506faa4c541cf36290c048e7b185d6
tcn,mixed,29,bandpass_n20005_cLL_electrode_s20,phase2/results/predictions/full/mixed/tcn/seed_29/bandpass_n20005_cLL_electrode_s20.npz,76382,b3dc2e65f5d43b3e0be13bc8b7b7ca7c74b6ed1f53e622897904fc78038da2b4
tcn,mixed,29,bandpass_n20005_cLL_electrode_s15,phase2/results/predictions/full/mixed/tcn/seed_29/bandpass_n20005_cLL_electrode_s15.npz,76355,bfd60854e3c686757b33251ed8bd9be950c6905d373c8454944a61311430f6f3
tcn,mixed,29,bandpass_n20005_cLL_electrode_s10,phase2/results/predictions/full/mixed/tcn/seed_29/bandpass_n20005_cLL_electrode_s10.npz,76268,bedb7b105f82cb3bbe2fb3e1ffe5ae1e2ace4d4e223b261fe495baefa47e2911
tcn,mixed,29,bandpass_n20005_cLL_electrode_s5,phase2/results/predictions/full/mixed/tcn/seed_29/bandpass_n20005_cLL_electrode_s5.npz,76110,76eaf900eff74982822893554f196d6061e79d6448511d4358f4d880aeea1496
tcn,mixed,29,bandpass_n20005_cLL_electrode_s0,phase2/results/predictions/full/mixed/tcn/seed_29/bandpass_n20005_cLL_electrode_s0.npz,75869,d06feb65d37b72e3058dcd73fc1ca0f2db2ebc5cd7e4fe56419fcb339fda012d
tcn,mixed,29,bandpass_n20005_cLL_covariance_s20,phase2/results/predictions/full/mixed/tcn/seed_29/bandpass_n20005_cLL_covariance_s20.npz,76360,4011f37baf7f2c7234b1ce84506a4c0d0aace661eda179560bdb13247348544a
tcn,mixed,29,bandpass_n20005_cLL_covariance_s15,phase2/results/predictions/full/mixed/tcn/seed_29/bandpass_n20005_cLL_covariance_s15.npz,76341,c9e6f8372c42f3cb08626022890119b975a6c8609ad95fad8f4b153bfc422427
tcn,mixed,29,bandpass_n20005_cLL_covariance_s10,phase2/results/predictions/full/mixed/tcn/seed_29/bandpass_n20005_cLL_covariance_s10.npz,76266,1ccf3011a09ae97a4f285e7adee614fcfd3387b8152a9872b10de3bf21186067
tcn,mixed,29,bandpass_n20005_cLL_covariance_s5,phase2/results/predictions/full/mixed/tcn/seed_29/bandpass_n20005_cLL_covariance_s5.npz,76106,038d649cc0e88f3aebb810c35b4a95bd0ea07df24f5f506f6906962f80e23d25
tcn,mixed,29,bandpass_n20005_cLL_covariance_s0,phase2/results/predictions/full/mixed/tcn/seed_29/bandpass_n20005_cLL_covariance_s0.npz,75843,f812e0de5efe938af764769fc666e701446401ffc8e7f67d081089a649727ad5
tcn,mixed,29,bandpass_n20005_cRA_V1_independent_rms_s20,phase2/results/predictions/full/mixed/tcn/seed_29/bandpass_n20005_cRA_V1_independent_rms_s20.npz,76371,2b958909dc1fd55e0d3451bae00644195785ebf05a0135949c2b66474a8e0104
tcn,mixed,29,bandpass_n20005_cRA_V1_independent_rms_s15,phase2/results/predictions/full/mixed/tcn/seed_29/bandpass_n20005_cRA_V1_independent_rms_s15.npz,76382,9efb1df8f045ad6b1a5fa279e5e61d54d48cd4f6f37973f40b0e3456fb6c6d98
tcn,mixed,29,bandpass_n20005_cRA_V1_independent_rms_s10,phase2/results/predictions/full/mixed/tcn/seed_29/bandpass_n20005_cRA_V1_independent_rms_s10.npz,76339,b8891e792bcde23c4dae4c70ff2a8587f8aba71e6740862d197679010348d2d4
tcn,mixed,29,bandpass_n20005_cRA_V1_independent_rms_s5,phase2/results/predictions/full/mixed/tcn/seed_29/bandpass_n20005_cRA_V1_independent_rms_s5.npz,76216,d538ec1cf3e0df7ac3f8edc79551e4ca4da477ffa12d5d46adca88fb4c035217
tcn,mixed,29,bandpass_n20005_cRA_V1_independent_rms_s0,phase2/results/predictions/full/mixed/tcn/seed_29/bandpass_n20005_cRA_V1_independent_rms_s0.npz,75890,60ce1f351fa68e409488c55b01bec84d6358eb06999cc2e46d39f9163d401959
tcn,mixed,29,bandpass_n20005_cRA_V1_electrode_s20,phase2/results/predictions/full/mixed/tcn/seed_29/bandpass_n20005_cRA_V1_electrode_s20.npz,76357,a6d952e8d0d0350c321d46050c9b9856f02a0defa778135f3916d92def6d822c
tcn,mixed,29,bandpass_n20005_cRA_V1_electrode_s15,phase2/results/predictions/full/mixed/tcn/seed_29/bandpass_n20005_cRA_V1_electrode_s15.npz,76353,02cbab3e79d4bbc3ec6486d5f32f80739ba443ff32a8aa2339caeafaf3d42a91
tcn,mixed,29,bandpass_n20005_cRA_V1_electrode_s10,phase2/results/predictions/full/mixed/tcn/seed_29/bandpass_n20005_cRA_V1_electrode_s10.npz,76268,f6ca06138509f07ee18b71d15c62dd38b1d3b5063bc361553b7995f07b24f36c
tcn,mixed,29,bandpass_n20005_cRA_V1_electrode_s5,phase2/results/predictions/full/mixed/tcn/seed_29/bandpass_n20005_cRA_V1_electrode_s5.npz,76060,72e219f479f4c16df5fa62a78de2f8ae86e296348cf9dcd1c149f06e647a4049
tcn,mixed,29,bandpass_n20005_cRA_V1_electrode_s0,phase2/results/predictions/full/mixed/tcn/seed_29/bandpass_n20005_cRA_V1_electrode_s0.npz,75500,17325977100f7041a32e3f867cbf0c09fea3217b0f21114896fb9ee4646babb1
tcn,mixed,29,bandpass_n20005_cRA_V1_covariance_s20,phase2/results/predictions/full/mixed/tcn/seed_29/bandpass_n20005_cRA_V1_covariance_s20.npz,76335,f006b516b2e64311adb839418514092cdb499cfab327f223286084daf50ea53c
tcn,mixed,29,bandpass_n20005_cRA_V1_covariance_s15,phase2/results/predictions/full/mixed/tcn/seed_29/bandpass_n20005_cRA_V1_covariance_s15.npz,76367,1569456069d9d5ba819b5c08d16a1ac9f530461d03a1b48df6fa44c4caf527bb
tcn,mixed,29,bandpass_n20005_cRA_V1_covariance_s10,phase2/results/predictions/full/mixed/tcn/seed_29/bandpass_n20005_cRA_V1_covariance_s10.npz,76272,72cf391d3d97bc1f0977cd0fe6ce2057ee33a5ab3efb093564aaafd391232efb
tcn,mixed,29,bandpass_n20005_cRA_V1_covariance_s5,phase2/results/predictions/full/mixed/tcn/seed_29/bandpass_n20005_cRA_V1_covariance_s5.npz,76059,6a694e7900dc97efda4b824e171846122932fbedb5f53c5c5851db5f304d71b3
tcn,mixed,29,bandpass_n20005_cRA_V1_covariance_s0,phase2/results/predictions/full/mixed/tcn/seed_29/bandpass_n20005_cRA_V1_covariance_s0.npz,75494,3ff9eb8dbfbd6a44bb39abff181d0d81f94f441291d9fc015dded5a6e7c7524a
tcn,mixed,29,bandpass_n20005_cLA_V6_independent_rms_s20,phase2/results/predictions/full/mixed/tcn/seed_29/bandpass_n20005_cLA_V6_independent_rms_s20.npz,76360,7236477dbb35db068fdd45625b67605d61c9734efe621321f716d74aea0072e6
tcn,mixed,29,bandpass_n20005_cLA_V6_independent_rms_s15,phase2/results/predictions/full/mixed/tcn/seed_29/bandpass_n20005_cLA_V6_independent_rms_s15.npz,76381,a9f32c2a9c98e984f3b9b1ed2e8b572d99db2ba4fb9e9beb5beb6479fe31c0f0
tcn,mixed,29,bandpass_n20005_cLA_V6_independent_rms_s10,phase2/results/predictions/full/mixed/tcn/seed_29/bandpass_n20005_cLA_V6_independent_rms_s10.npz,76366,a551a0af432bff1bbfb61b49439b977032e98eca839fbee75129af853026dec8
tcn,mixed,29,bandpass_n20005_cLA_V6_independent_rms_s5,phase2/results/predictions/full/mixed/tcn/seed_29/bandpass_n20005_cLA_V6_independent_rms_s5.npz,76230,6092c36edc20df36846b7ef54fd2cdf9dcfec3e991be51513c90265bb1229374
tcn,mixed,29,bandpass_n20005_cLA_V6_independent_rms_s0,phase2/results/predictions/full/mixed/tcn/seed_29/bandpass_n20005_cLA_V6_independent_rms_s0.npz,75941,115b6c8315642fb48e6bb913806c691855c16ee484e4c472684ee2f292c3c470
tcn,mixed,29,bandpass_n20005_cLA_V6_electrode_s20,phase2/results/predictions/full/mixed/tcn/seed_29/bandpass_n20005_cLA_V6_electrode_s20.npz,76346,ba95aa8749da659d207247e5a9829268bbfb1a57b9ba3018561c9676292458bf
tcn,mixed,29,bandpass_n20005_cLA_V6_electrode_s15,phase2/results/predictions/full/mixed/tcn/seed_29/bandpass_n20005_cLA_V6_electrode_s15.npz,76352,5f3044faf721c43daa70f089ea6f08d3ba296da75f5b164bf2901906cc5e90f4
tcn,mixed,29,bandpass_n20005_cLA_V6_electrode_s10,phase2/results/predictions/full/mixed/tcn/seed_29/bandpass_n20005_cLA_V6_electrode_s10.npz,76308,131e2dc4abc9cbc74e7c9de66e840859e6bd260e0a78c25ad423f2c8db51e2e9
tcn,mixed,29,bandpass_n20005_cLA_V6_electrode_s5,phase2/results/predictions/full/mixed/tcn/seed_29/bandpass_n20005_cLA_V6_electrode_s5.npz,76182,09f0593328acd56eaeae731a4e793bedd2d2fae35d8bbcb93a224fa26e74155d
tcn,mixed,29,bandpass_n20005_cLA_V6_electrode_s0,phase2/results/predictions/full/mixed/tcn/seed_29/bandpass_n20005_cLA_V6_electrode_s0.npz,75810,4cefe24904c6f7f7610a6669262fc7544ae92b4bda1d2711f7cd2501e4079fe5
tcn,mixed,29,bandpass_n20005_cLA_V6_covariance_s20,phase2/results/predictions/full/mixed/tcn/seed_29/bandpass_n20005_cLA_V6_covariance_s20.npz,76387,688fc854eddc9e1a178a06762d80aab41886fbaed98a84fb2acd7cf1452c3619
tcn,mixed,29,bandpass_n20005_cLA_V6_covariance_s15,phase2/results/predictions/full/mixed/tcn/seed_29/bandpass_n20005_cLA_V6_covariance_s15.npz,76377,1b735244b85d31b4e575f8065aa712f77a66deb05471434d0f8101d9bfede5b7
tcn,mixed,29,bandpass_n20005_cLA_V6_covariance_s10,phase2/results/predictions/full/mixed/tcn/seed_29/bandpass_n20005_cLA_V6_covariance_s10.npz,76317,f211b75e8a8f5b213adfdfef0544f8252a1c887bd653ae6f1042095eed3a737a
tcn,mixed,29,bandpass_n20005_cLA_V6_covariance_s5,phase2/results/predictions/full/mixed/tcn/seed_29/bandpass_n20005_cLA_V6_covariance_s5.npz,76157,8db61b8438e4d4e44ba7c70430425a7d498a689aa1a4fc5a0ae176cfcc664e29
tcn,mixed,29,bandpass_n20005_cLA_V6_covariance_s0,phase2/results/predictions/full/mixed/tcn/seed_29/bandpass_n20005_cLA_V6_covariance_s0.npz,75833,42f61d88d031d00ebed9c4c2657d6380c67deb7ae33f702cc3712ef0d1eb3984
tcn,mixed,29,bandpass_n20005_cLL_V4_independent_rms_s20,phase2/results/predictions/full/mixed/tcn/seed_29/bandpass_n20005_cLL_V4_independent_rms_s20.npz,76388,9947d28f5434b071d0d6d5002ecd06f863bac94007d8a2bdb05d6359dd273a9e
tcn,mixed,29,bandpass_n20005_cLL_V4_independent_rms_s15,phase2/results/predictions/full/mixed/tcn/seed_29/bandpass_n20005_cLL_V4_independent_rms_s15.npz,76389,fd833542d26058921b6e9d752e294f73f5a1752f872ac2438ccc2afacfd7c963
tcn,mixed,29,bandpass_n20005_cLL_V4_independent_rms_s10,phase2/results/predictions/full/mixed/tcn/seed_29/bandpass_n20005_cLL_V4_independent_rms_s10.npz,76334,02ce2a0b8bc35b1778d4c484638246b615d9a762d42135a3f012345ccc8f7c74
tcn,mixed,29,bandpass_n20005_cLL_V4_independent_rms_s5,phase2/results/predictions/full/mixed/tcn/seed_29/bandpass_n20005_cLL_V4_independent_rms_s5.npz,76230,ba204f166758ae95f3376fef560002e30b63a4eb1ff83d174d351708f821c44d
tcn,mixed,29,bandpass_n20005_cLL_V4_independent_rms_s0,phase2/results/predictions/full/mixed/tcn/seed_29/bandpass_n20005_cLL_V4_independent_rms_s0.npz,75944,fc9c94d3d84e71bc6565e537cce096b1f4d2cf5383c32913af295ca0059ebaf5
tcn,mixed,29,bandpass_n20005_cLL_V4_electrode_s20,phase2/results/predictions/full/mixed/tcn/seed_29/bandpass_n20005_cLL_V4_electrode_s20.npz,76383,7e909f0342b3cfa9ab239fa71a4bc08354e5a7ca37a0456780e94b4fcd1f0473
tcn,mixed,29,bandpass_n20005_cLL_V4_electrode_s15,phase2/results/predictions/full/mixed/tcn/seed_29/bandpass_n20005_cLL_V4_electrode_s15.npz,76341,dd33ec084bd3ea95c5e893a419c25a527259038d64c1212a581b5a5f28c4fa5c
tcn,mixed,29,bandpass_n20005_cLL_V4_electrode_s10,phase2/results/predictions/full/mixed/tcn/seed_29/bandpass_n20005_cLL_V4_electrode_s10.npz,76329,e3a4e50dee0c2c735fc5ef84e79da014b189b647201f14c2a530433e9d6cba4c
tcn,mixed,29,bandpass_n20005_cLL_V4_electrode_s5,phase2/results/predictions/full/mixed/tcn/seed_29/bandpass_n20005_cLL_V4_electrode_s5.npz,76161,83fa49273190c1ee46a32e9dbc33e8bee7274175d0a418f7ba88ea1f47e26bb9
tcn,mixed,29,bandpass_n20005_cLL_V4_electrode_s0,phase2/results/predictions/full/mixed/tcn/seed_29/bandpass_n20005_cLL_V4_electrode_s0.npz,75867,175b54e26cdc1abd8813649397739951cca59d4348c8c54304af2435bc27712c
tcn,mixed,29,bandpass_n20005_cLL_V4_covariance_s20,phase2/results/predictions/full/mixed/tcn/seed_29/bandpass_n20005_cLL_V4_covariance_s20.npz,76356,b1a93fc54fc5eca4b25ecb59abf48dcda5ec4cbf3e49c1e17db1ba0c9ea810f6
tcn,mixed,29,bandpass_n20005_cLL_V4_covariance_s15,phase2/results/predictions/full/mixed/tcn/seed_29/bandpass_n20005_cLL_V4_covariance_s15.npz,76372,28887e812c868680f39c30176018290e90ae39fe2449a601ad1e024053ca52cb
tcn,mixed,29,bandpass_n20005_cLL_V4_covariance_s10,phase2/results/predictions/full/mixed/tcn/seed_29/bandpass_n20005_cLL_V4_covariance_s10.npz,76302,a2a4f68d6c722b0bf4f9c105b480d50f43585e9de2f67561ea5c9a348fe1d121
tcn,mixed,29,bandpass_n20005_cLL_V4_covariance_s5,phase2/results/predictions/full/mixed/tcn/seed_29/bandpass_n20005_cLL_V4_covariance_s5.npz,76200,974f743720fa4c80f63a9f10e462b0682d833940b3b7c4b5474f437e942e705d
tcn,mixed,29,bandpass_n20005_cLL_V4_covariance_s0,phase2/results/predictions/full/mixed/tcn/seed_29/bandpass_n20005_cLL_V4_covariance_s0.npz,75870,20300ec5eea72106f28ea0f7d85a325669238c7b96889537c1a3eafd154bb00c
tcn,mixed,29,bandpass_n20005_cRA_LA_V1_V6_independent_rms_s20,phase2/results/predictions/full/mixed/tcn/seed_29/bandpass_n20005_cRA_LA_V1_V6_independent_rms_s20.npz,76354,8e2bc30a9b0f020b76aca8ae5d4714e1d570c93215d746f430284876fc871441
tcn,mixed,29,bandpass_n20005_cRA_LA_V1_V6_independent_rms_s15,phase2/results/predictions/full/mixed/tcn/seed_29/bandpass_n20005_cRA_LA_V1_V6_independent_rms_s15.npz,76419,e06c38dd25c0e93f2e8bd316de51fd1791c9a922cf40e3fecc57ea763977f6f2
tcn,mixed,29,bandpass_n20005_cRA_LA_V1_V6_independent_rms_s10,phase2/results/predictions/full/mixed/tcn/seed_29/bandpass_n20005_cRA_LA_V1_V6_independent_rms_s10.npz,76325,139021c9e10afb30e412f0ec2b07cc684c61d8ee33603c59096f5848edf03440
tcn,mixed,29,bandpass_n20005_cRA_LA_V1_V6_independent_rms_s5,phase2/results/predictions/full/mixed/tcn/seed_29/bandpass_n20005_cRA_LA_V1_V6_independent_rms_s5.npz,76266,bfaf05c87621ebc574da511f5e9ed7ef9ef028305bc4e47ab7ad5e7f78ea50e4
tcn,mixed,29,bandpass_n20005_cRA_LA_V1_V6_independent_rms_s0,phase2/results/predictions/full/mixed/tcn/seed_29/bandpass_n20005_cRA_LA_V1_V6_independent_rms_s0.npz,75916,3721f37bd50ef2799c2ec97c3b60f04945bf094bef764c4486f0ebbdf13454b1
tcn,mixed,29,bandpass_n20005_cRA_LA_V1_V6_electrode_s20,phase2/results/predictions/full/mixed/tcn/seed_29/bandpass_n20005_cRA_LA_V1_V6_electrode_s20.npz,76381,ef6eb2360ecffcd875450931b5dd74d76be3d299b108ed3dbd5e479fa347d5cc
tcn,mixed,29,bandpass_n20005_cRA_LA_V1_V6_electrode_s15,phase2/results/predictions/full/mixed/tcn/seed_29/bandpass_n20005_cRA_LA_V1_V6_electrode_s15.npz,76372,e7abd82c428ce889f5bc76d0a0673bdcb4177e24131f0ddc64f03c77961c830d
tcn,mixed,29,bandpass_n20005_cRA_LA_V1_V6_electrode_s10,phase2/results/predictions/full/mixed/tcn/seed_29/bandpass_n20005_cRA_LA_V1_V6_electrode_s10.npz,76299,b9d497f3afa33398585582a4f1ce00c130ea29cf182729e0f29e39eaf17f7643
tcn,mixed,29,bandpass_n20005_cRA_LA_V1_V6_electrode_s5,phase2/results/predictions/full/mixed/tcn/seed_29/bandpass_n20005_cRA_LA_V1_V6_electrode_s5.npz,76130,53249929bb667d23da11c68704bf277926c5b0c289d0af85e376c9f6ac288ef9
tcn,mixed,29,bandpass_n20005_cRA_LA_V1_V6_electrode_s0,phase2/results/predictions/full/mixed/tcn/seed_29/bandpass_n20005_cRA_LA_V1_V6_electrode_s0.npz,75635,1bce111d0a59b929c2eeffa9a1f192792f0ec56d5bc5ab7716dfeaaf71a0019a
tcn,mixed,29,bandpass_n20005_cRA_LA_V1_V6_covariance_s20,phase2/results/predictions/full/mixed/tcn/seed_29/bandpass_n20005_cRA_LA_V1_V6_covariance_s20.npz,76383,9c5861017621007d31761a69fef864df626da23e41fd2d58cd32e3af67a67e02
tcn,mixed,29,bandpass_n20005_cRA_LA_V1_V6_covariance_s15,phase2/results/predictions/full/mixed/tcn/seed_29/bandpass_n20005_cRA_LA_V1_V6_covariance_s15.npz,76365,4c974a9d370df3b07f1b569a3e4d1783a94c2207293d1089abee4b883e9a9138
tcn,mixed,29,bandpass_n20005_cRA_LA_V1_V6_covariance_s10,phase2/results/predictions/full/mixed/tcn/seed_29/bandpass_n20005_cRA_LA_V1_V6_covariance_s10.npz,76305,970fedceac30e22875d8008a68c1afee1dd6204e57cf41cad2c7d591a2cf4ee3
tcn,mixed,29,bandpass_n20005_cRA_LA_V1_V6_covariance_s5,phase2/results/predictions/full/mixed/tcn/seed_29/bandpass_n20005_cRA_LA_V1_V6_covariance_s5.npz,76124,f7a7a29b2fd9c9b73042a86912ab8685dd43f14ed1b1ad4c3926e61c47592e22
tcn,mixed,29,bandpass_n20005_cRA_LA_V1_V6_covariance_s0,phase2/results/predictions/full/mixed/tcn/seed_29/bandpass_n20005_cRA_LA_V1_V6_covariance_s0.npz,75653,9dfdb5443a32497a133174246ec39104361840a58a9903aef51e3c5384ce997c
tcn,mixed,29,bandpass_n20005_cRA_V2_V5_independent_rms_s20,phase2/results/predictions/full/mixed/tcn/seed_29/bandpass_n20005_cRA_V2_V5_independent_rms_s20.npz,76389,fe4eb730820feb17ef57918db0d408cada043446fcfabea4f9a7aa0d78868fba
tcn,mixed,29,bandpass_n20005_cRA_V2_V5_independent_rms_s15,phase2/results/predictions/full/mixed/tcn/seed_29/bandpass_n20005_cRA_V2_V5_independent_rms_s15.npz,76414,1200d27336516368f284821e3608849e07b33aaac53012aaf6a71570b41b73cc
tcn,mixed,29,bandpass_n20005_cRA_V2_V5_independent_rms_s10,phase2/results/predictions/full/mixed/tcn/seed_29/bandpass_n20005_cRA_V2_V5_independent_rms_s10.npz,76358,460d65eb3ec33cafac5cea1572053e47a38f7249e446d75325ed205083cd8efd
tcn,mixed,29,bandpass_n20005_cRA_V2_V5_independent_rms_s5,phase2/results/predictions/full/mixed/tcn/seed_29/bandpass_n20005_cRA_V2_V5_independent_rms_s5.npz,76236,05b634f24823285313cb114112c39af5e43bb0e398d218170f689e236cb30b22
tcn,mixed,29,bandpass_n20005_cRA_V2_V5_independent_rms_s0,phase2/results/predictions/full/mixed/tcn/seed_29/bandpass_n20005_cRA_V2_V5_independent_rms_s0.npz,75947,dbff6961344bceb4736cf65ec925ff518eca130b111a2aeb0122e361c4cbff92
tcn,mixed,29,bandpass_n20005_cRA_V2_V5_electrode_s20,phase2/results/predictions/full/mixed/tcn/seed_29/bandpass_n20005_cRA_V2_V5_electrode_s20.npz,76399,7fb824bf3f886318dce3f24f9e6f304737c88d45a5dd7376aa449adc74128aed
tcn,mixed,29,bandpass_n20005_cRA_V2_V5_electrode_s15,phase2/results/predictions/full/mixed/tcn/seed_29/bandpass_n20005_cRA_V2_V5_electrode_s15.npz,76348,a86f83c313bb5c1c26951abbe7a164e3aaf78fc4dac394c38ddbe951af9f53fc
tcn,mixed,29,bandpass_n20005_cRA_V2_V5_electrode_s10,phase2/results/predictions/full/mixed/tcn/seed_29/bandpass_n20005_cRA_V2_V5_electrode_s10.npz,76282,d415a7c72a8c073b4b2a5f5022d56b12dccfc1ff7092effcc100c7a8ab3c1156
tcn,mixed,29,bandpass_n20005_cRA_V2_V5_electrode_s5,phase2/results/predictions/full/mixed/tcn/seed_29/bandpass_n20005_cRA_V2_V5_electrode_s5.npz,76079,65a88c4aa9c29373fe056063f0ad1e416b7f7c88cf61134f9c595d2349c4a2bb
tcn,mixed,29,bandpass_n20005_cRA_V2_V5_electrode_s0,phase2/results/predictions/full/mixed/tcn/seed_29/bandpass_n20005_cRA_V2_V5_electrode_s0.npz,75668,1d6d540568e5f956344c84d40758e80d9a9ad20723fdeb068a1bba0f3a412971
tcn,mixed,29,bandpass_n20005_cRA_V2_V5_covariance_s20,phase2/results/predictions/full/mixed/tcn/seed_29/bandpass_n20005_cRA_V2_V5_covariance_s20.npz,76383,28951837a4ec4b69674471c5034e6b97fabe98267bbcf91d70c0747d54f3d526
tcn,mixed,29,bandpass_n20005_cRA_V2_V5_covariance_s15,phase2/results/predictions/full/mixed/tcn/seed_29/bandpass_n20005_cRA_V2_V5_covariance_s15.npz,76356,1e6bdde05d6d1641bd435adb7f1eef2558811005c650df6f5fa53c49a5dccc25
tcn,mixed,29,bandpass_n20005_cRA_V2_V5_covariance_s10,phase2/results/predictions/full/mixed/tcn/seed_29/bandpass_n20005_cRA_V2_V5_covariance_s10.npz,76292,1c743088b6621f48a00b66b2995345c64bf8febe3cf29cf1a606d85d2e871a68
tcn,mixed,29,bandpass_n20005_cRA_V2_V5_covariance_s5,phase2/results/predictions/full/mixed/tcn/seed_29/bandpass_n20005_cRA_V2_V5_covariance_s5.npz,76102,f76d28c43e59b0c244a6a0800698a4a485eee701a0bd31164b4139e06a6df398
tcn,mixed,29,bandpass_n20005_cRA_V2_V5_covariance_s0,phase2/results/predictions/full/mixed/tcn/seed_29/bandpass_n20005_cRA_V2_V5_covariance_s0.npz,75671,5838c99ac52589082496c4cf62ef917a0736f5991de5c92e54510543870dac6c
tcn,mixed,29,bandpass_n20005_cLA_V3_V6_independent_rms_s20,phase2/results/predictions/full/mixed/tcn/seed_29/bandpass_n20005_cLA_V3_V6_independent_rms_s20.npz,76398,f9c798037e8f74f359a8bae3577502b78b17a806e849d15e3fe1e6af8d8a3936
tcn,mixed,29,bandpass_n20005_cLA_V3_V6_independent_rms_s15,phase2/results/predictions/full/mixed/tcn/seed_29/bandpass_n20005_cLA_V3_V6_independent_rms_s15.npz,76362,a341097c8fa6253fd7e95f5b4dac9ec99e6907e71f52dd651eb841e6adc5367b
tcn,mixed,29,bandpass_n20005_cLA_V3_V6_independent_rms_s10,phase2/results/predictions/full/mixed/tcn/seed_29/bandpass_n20005_cLA_V3_V6_independent_rms_s10.npz,76363,3c976d39b6fc5121a9c51819b7389b68b61743c10d32cc14b75d3ef88187015a
tcn,mixed,29,bandpass_n20005_cLA_V3_V6_independent_rms_s5,phase2/results/predictions/full/mixed/tcn/seed_29/bandpass_n20005_cLA_V3_V6_independent_rms_s5.npz,76264,0f07a72412382af102fe490ca3ebe9f12a3ee91e422ac88d2a5539c3206a2ec2
tcn,mixed,29,bandpass_n20005_cLA_V3_V6_independent_rms_s0,phase2/results/predictions/full/mixed/tcn/seed_29/bandpass_n20005_cLA_V3_V6_independent_rms_s0.npz,75998,b9205b0f06201aa6c674a9ba1c3ad5df27300e21d803fe406ce096814077bf8a
tcn,mixed,29,bandpass_n20005_cLA_V3_V6_electrode_s20,phase2/results/predictions/full/mixed/tcn/seed_29/bandpass_n20005_cLA_V3_V6_electrode_s20.npz,76374,96e41aaadf950247f186d9fa48faba54dd3f49bb2b81a73ff0681a2087d876fb
tcn,mixed,29,bandpass_n20005_cLA_V3_V6_electrode_s15,phase2/results/predictions/full/mixed/tcn/seed_29/bandpass_n20005_cLA_V3_V6_electrode_s15.npz,76366,d3daa0c99e283449a744733ee74b2ef07c692d925f5ba08795d5acac299be934
tcn,mixed,29,bandpass_n20005_cLA_V3_V6_electrode_s10,phase2/results/predictions/full/mixed/tcn/seed_29/bandpass_n20005_cLA_V3_V6_electrode_s10.npz,76296,69bc368e78e3abefbf104f8dea1431ddea6a38edbabe2fc128c854f74d54224a
tcn,mixed,29,bandpass_n20005_cLA_V3_V6_electrode_s5,phase2/results/predictions/full/mixed/tcn/seed_29/bandpass_n20005_cLA_V3_V6_electrode_s5.npz,76208,5fa07567f7d8330ae5d59d4ec4c4e130cf1143d76c4d9f6218c368ce389ccbbc
tcn,mixed,29,bandpass_n20005_cLA_V3_V6_electrode_s0,phase2/results/predictions/full/mixed/tcn/seed_29/bandpass_n20005_cLA_V3_V6_electrode_s0.npz,75885,0ad10f74f2c6dd7e8decb27d5b5010c7cafbc70eee10f07fba891f43d2f38cea
tcn,mixed,29,bandpass_n20005_cLA_V3_V6_covariance_s20,phase2/results/predictions/full/mixed/tcn/seed_29/bandpass_n20005_cLA_V3_V6_covariance_s20.npz,76383,9c29a18c3a6793fb5744245e1bd41624528b1775ed49c22f02e44e7118035645
tcn,mixed,29,bandpass_n20005_cLA_V3_V6_covariance_s15,phase2/results/predictions/full/mixed/tcn/seed_29/bandpass_n20005_cLA_V3_V6_covariance_s15.npz,76364,700749472623cce569ea76d6edfb3dc51d18f1eeba8f5fe3a98fa7b56abbc7cb
tcn,mixed,29,bandpass_n20005_cLA_V3_V6_covariance_s10,phase2/results/predictions/full/mixed/tcn/seed_29/bandpass_n20005_cLA_V3_V6_covariance_s10.npz,76307,a07d31a77920b0079078349f619424ddb3755c0ed471d46804fca1c7bc095b33
tcn,mixed,29,bandpass_n20005_cLA_V3_V6_covariance_s5,phase2/results/predictions/full/mixed/tcn/seed_29/bandpass_n20005_cLA_V3_V6_covariance_s5.npz,76234,a1beade9b6e4147961a5a1e1b53917874ab5c03bbda16dd1a4c1f9563c06583f
tcn,mixed,29,bandpass_n20005_cLA_V3_V6_covariance_s0,phase2/results/predictions/full/mixed/tcn/seed_29/bandpass_n20005_cLA_V3_V6_covariance_s0.npz,75867,9bbb7252a54e89a18ecf92e6355e78528b501df7683db0593f45293aa4c5e2c7
tcn,mixed,29,bandpass_n20005_cLL_V1_V4_independent_rms_s20,phase2/results/predictions/full/mixed/tcn/seed_29/bandpass_n20005_cLL_V1_V4_independent_rms_s20.npz,76379,b6b748d5f16ce4ff342bc35f50c5a86819787d0c067cdeea37e14c0c97972c18
tcn,mixed,29,bandpass_n20005_cLL_V1_V4_independent_rms_s15,phase2/results/predictions/full/mixed/tcn/seed_29/bandpass_n20005_cLL_V1_V4_independent_rms_s15.npz,76364,3788d6e6433c5b29efe67c5ed1c394de6e06172622f76fcd1f23dd8efd44c2c4
tcn,mixed,29,bandpass_n20005_cLL_V1_V4_independent_rms_s10,phase2/results/predictions/full/mixed/tcn/seed_29/bandpass_n20005_cLL_V1_V4_independent_rms_s10.npz,76372,8013fab8bb0060318074c08dac827d7f162589affc3a07e9b9f1251deb9b3a47
tcn,mixed,29,bandpass_n20005_cLL_V1_V4_independent_rms_s5,phase2/results/predictions/full/mixed/tcn/seed_29/bandpass_n20005_cLL_V1_V4_independent_rms_s5.npz,76230,54b5f559de844106c541e4530a7fd0c1328c48f76200272ed644d7f672688ecd
tcn,mixed,29,bandpass_n20005_cLL_V1_V4_independent_rms_s0,phase2/results/predictions/full/mixed/tcn/seed_29/bandpass_n20005_cLL_V1_V4_independent_rms_s0.npz,75935,3b41baebcd12d00afbb0604de7c97f08929ccbd369570fb710bc4807940ceb65
tcn,mixed,29,bandpass_n20005_cLL_V1_V4_electrode_s20,phase2/results/predictions/full/mixed/tcn/seed_29/bandpass_n20005_cLL_V1_V4_electrode_s20.npz,76342,3011f37e11702a83b0e74f6ba248408f1c558837a94926604ed79e2592ad72fd
tcn,mixed,29,bandpass_n20005_cLL_V1_V4_electrode_s15,phase2/results/predictions/full/mixed/tcn/seed_29/bandpass_n20005_cLL_V1_V4_electrode_s15.npz,76358,00359955a8d16bd63305435481e0b62f3a1ca2b3a1de34842523bf3f03e62e40
tcn,mixed,29,bandpass_n20005_cLL_V1_V4_electrode_s10,phase2/results/predictions/full/mixed/tcn/seed_29/bandpass_n20005_cLL_V1_V4_electrode_s10.npz,76335,d70143cff31df2b3f9e0a398daf7a9763e42aac3441d214cd76636799b6c45a8
tcn,mixed,29,bandpass_n20005_cLL_V1_V4_electrode_s5,phase2/results/predictions/full/mixed/tcn/seed_29/bandpass_n20005_cLL_V1_V4_electrode_s5.npz,76153,04077c7aa75eccbb5e934b16cc161f37c4b602db6b1ae77ccd9bfce2676a5a88
tcn,mixed,29,bandpass_n20005_cLL_V1_V4_electrode_s0,phase2/results/predictions/full/mixed/tcn/seed_29/bandpass_n20005_cLL_V1_V4_electrode_s0.npz,75841,895ed925b853c777b4f5c54ebb9b7371aefc99e9feae3dac69060423bb21de22
tcn,mixed,29,bandpass_n20005_cLL_V1_V4_covariance_s20,phase2/results/predictions/full/mixed/tcn/seed_29/bandpass_n20005_cLL_V1_V4_covariance_s20.npz,76371,a2091c5132505a324e277ba64c136d2935789b5b372b00c805feef815081783b
tcn,mixed,29,bandpass_n20005_cLL_V1_V4_covariance_s15,phase2/results/predictions/full/mixed/tcn/seed_29/bandpass_n20005_cLL_V1_V4_covariance_s15.npz,76381,bb585f328e18e1d4f1cbbe2f6077d4ea128a7b73024b3dc11afd8d5d0b626b82
tcn,mixed,29,bandpass_n20005_cLL_V1_V4_covariance_s10,phase2/results/predictions/full/mixed/tcn/seed_29/bandpass_n20005_cLL_V1_V4_covariance_s10.npz,76328,9dfe0d4e13db8a0af33c1c709315c0f6bf7f41b75e95a2d5d223b0c4ab7b4ca0
tcn,mixed,29,bandpass_n20005_cLL_V1_V4_covariance_s5,phase2/results/predictions/full/mixed/tcn/seed_29/bandpass_n20005_cLL_V1_V4_covariance_s5.npz,76185,9f2c2daf73c697b9922e059c063fecbce806ef491e2e2023358117d9afabc05e
tcn,mixed,29,bandpass_n20005_cLL_V1_V4_covariance_s0,phase2/results/predictions/full/mixed/tcn/seed_29/bandpass_n20005_cLL_V1_V4_covariance_s0.npz,75846,66f36b41b93e9a9780461bca3acc67f02fcd982d1500b878463eff1f570f7883
tcn,mixed,29,bandpass_n20005_call_independent_rms_s20,phase2/results/predictions/full/mixed/tcn/seed_29/bandpass_n20005_call_independent_rms_s20.npz,76368,0d4b61f35235d43b2ed7db8a1a102f9cc37a7df6687e558623a864541f1190a6
tcn,mixed,29,bandpass_n20005_call_independent_rms_s15,phase2/results/predictions/full/mixed/tcn/seed_29/bandpass_n20005_call_independent_rms_s15.npz,76364,11ee40a68e82f762654cfeead86861881305b5df8420f26ba90b16f09081fe41
tcn,mixed,29,bandpass_n20005_call_independent_rms_s10,phase2/results/predictions/full/mixed/tcn/seed_29/bandpass_n20005_call_independent_rms_s10.npz,76314,d79b8ec77d09a859db8ad264425920d9850c4dda3e6b6c8b0b0da96a9e9e5588
tcn,mixed,29,bandpass_n20005_call_independent_rms_s5,phase2/results/predictions/full/mixed/tcn/seed_29/bandpass_n20005_call_independent_rms_s5.npz,76247,f54f1860505f5218befc8f31b78b740e8209107b16be797c6bb447fdbc2ef037
tcn,mixed,29,bandpass_n20005_call_independent_rms_s0,phase2/results/predictions/full/mixed/tcn/seed_29/bandpass_n20005_call_independent_rms_s0.npz,75919,2fc925f0edd33dfaa6aa127cd7124f3ae7500dbd607ddfb7ff4ab0376c6ad2e7
tcn,mixed,29,bandpass_n20005_call_electrode_s20,phase2/results/predictions/full/mixed/tcn/seed_29/bandpass_n20005_call_electrode_s20.npz,76356,133d89aeef077775146553142711053ff8f3f5d43687eb5744ef16615c2b65d9
tcn,mixed,29,bandpass_n20005_call_electrode_s15,phase2/results/predictions/full/mixed/tcn/seed_29/bandpass_n20005_call_electrode_s15.npz,76333,c783d713ceae1945ef339560ded14122c44bdc554c6b88e718c0af7545fc6f51
tcn,mixed,29,bandpass_n20005_call_electrode_s10,phase2/results/predictions/full/mixed/tcn/seed_29/bandpass_n20005_call_electrode_s10.npz,76247,608bcb0b6dd4208baab50716e8118337247ae348e6fc85a8dd5bd48cd13f5132
tcn,mixed,29,bandpass_n20005_call_electrode_s5,phase2/results/predictions/full/mixed/tcn/seed_29/bandpass_n20005_call_electrode_s5.npz,76138,ed24e4ed5e106294cd576ebdec0a8537a948ce8c342de5dbfa3d52fd0d2603d1
tcn,mixed,29,bandpass_n20005_call_electrode_s0,phase2/results/predictions/full/mixed/tcn/seed_29/bandpass_n20005_call_electrode_s0.npz,75726,5bd73c458b221decbc5496f16e6349092d85ed215ea4c5729411650515c0cae8
tcn,mixed,29,bandpass_n20005_call_covariance_s20,phase2/results/predictions/full/mixed/tcn/seed_29/bandpass_n20005_call_covariance_s20.npz,76366,0df3937ed5620c46f52219bf992a4c01786c7872bb1039198afc70a9e07374ea
tcn,mixed,29,bandpass_n20005_call_covariance_s15,phase2/results/predictions/full/mixed/tcn/seed_29/bandpass_n20005_call_covariance_s15.npz,76345,33d03a9ae6a531675dfc659341ad9e15b3c7462644cffcde16022a4f3dc68d3b
tcn,mixed,29,bandpass_n20005_call_covariance_s10,phase2/results/predictions/full/mixed/tcn/seed_29/bandpass_n20005_call_covariance_s10.npz,76257,3e7789fef181ecbd7b8829f9be5529c799d97f9ea8bf9aceb268ab641099ac54
tcn,mixed,29,bandpass_n20005_call_covariance_s5,phase2/results/predictions/full/mixed/tcn/seed_29/bandpass_n20005_call_covariance_s5.npz,76140,75bd0c86584fe817d2beefd7ec44aecf943429a6f77fd047de779c2fe5266923
tcn,mixed,29,bandpass_n20005_call_covariance_s0,phase2/results/predictions/full/mixed/tcn/seed_29/bandpass_n20005_call_covariance_s0.npz,75726,cd81af5a30063955c32948dc77f89d716a378b2349ec866f221395ebce62d837
tcn,mixed,29,bw_n20001_call_independent_rms_s20,phase2/results/predictions/full/mixed/tcn/seed_29/bw_n20001_call_independent_rms_s20.npz,76345,952d65f8827031773fdba72ecf8385012321aa7921474afebd2ce76893599b2a
tcn,mixed,29,bw_n20001_call_independent_rms_s10,phase2/results/predictions/full/mixed/tcn/seed_29/bw_n20001_call_independent_rms_s10.npz,76352,87cffca6a8bb878102f48d4bdbcd0ed9ae8b331aec8a50f93f224ec52f3b4405
tcn,mixed,29,bw_n20001_call_independent_rms_s0,phase2/results/predictions/full/mixed/tcn/seed_29/bw_n20001_call_independent_rms_s0.npz,76106,02d85daf013b3f8c39f22f9ea88b9c011e280d668a8a5cde5ee27620ef3455f5
tcn,mixed,29,bw_n20001_call_electrode_s20,phase2/results/predictions/full/mixed/tcn/seed_29/bw_n20001_call_electrode_s20.npz,76353,840892e497adcd3c47e890ea254e9d1599fd0dd1efb85b7c9e89a53a466d0e17
tcn,mixed,29,bw_n20001_call_electrode_s10,phase2/results/predictions/full/mixed/tcn/seed_29/bw_n20001_call_electrode_s10.npz,76283,1f1924bb7507c836437f9de8b65e2cec902ab01e1f703ddb2eaf5ce95b0388a4
tcn,mixed,29,bw_n20001_call_electrode_s0,phase2/results/predictions/full/mixed/tcn/seed_29/bw_n20001_call_electrode_s0.npz,76040,379246c19d3d8a756af4a4fc013f186a2f9f8cdb0ac96a074aadabaa21450aca
tcn,mixed,29,bw_n20001_call_covariance_s20,phase2/results/predictions/full/mixed/tcn/seed_29/bw_n20001_call_covariance_s20.npz,76336,becc7c9ebb6c9f92e6a76325b8673c883bd50e453d551fc2bd310fbec8d50fc0
tcn,mixed,29,bw_n20001_call_covariance_s10,phase2/results/predictions/full/mixed/tcn/seed_29/bw_n20001_call_covariance_s10.npz,76278,ba6f43e71264939460502be55d2f715f83927422e01ad92e8ea33145731de023
tcn,mixed,29,bw_n20001_call_covariance_s0,phase2/results/predictions/full/mixed/tcn/seed_29/bw_n20001_call_covariance_s0.npz,76069,d83aa1245eef71fbe5ce91fe1db747d4a1e6b63b150b2a5f740b5f3dc9ff67fd
tcn,mixed,29,bw_n20002_call_independent_rms_s20,phase2/results/predictions/full/mixed/tcn/seed_29/bw_n20002_call_independent_rms_s20.npz,76355,2aaff1007eea2e32233c25ac5e6dec7bd36c0aa1916601d1fd1ff20a7215d191
tcn,mixed,29,bw_n20002_call_independent_rms_s10,phase2/results/predictions/full/mixed/tcn/seed_29/bw_n20002_call_independent_rms_s10.npz,76350,b16fddb060ddca30fdbc0fe45bf6ff77711ea09912b2819338774c552f6fadcd
tcn,mixed,29,bw_n20002_call_independent_rms_s0,phase2/results/predictions/full/mixed/tcn/seed_29/bw_n20002_call_independent_rms_s0.npz,76115,e1c2f1cfb3a2b7fc0ac1eff8ad4ace8294453e1b1ea260f93eeb16efbeb3f746
tcn,mixed,29,bw_n20002_call_electrode_s20,phase2/results/predictions/full/mixed/tcn/seed_29/bw_n20002_call_electrode_s20.npz,76346,3df9a0d606ef4d4296191b186be2f1eb00f15d3d47c2741796e75639e2d3f7dc
tcn,mixed,29,bw_n20002_call_electrode_s10,phase2/results/predictions/full/mixed/tcn/seed_29/bw_n20002_call_electrode_s10.npz,76316,c72ee2a4c32534fdd4f58c8e1f13c012bbd6a41a6732a63e40d2c455173f35ce
tcn,mixed,29,bw_n20002_call_electrode_s0,phase2/results/predictions/full/mixed/tcn/seed_29/bw_n20002_call_electrode_s0.npz,76063,d2c84fcfb80925bcc09ce47cd61280b11acd62455d87ac891526da90c6b44019
tcn,mixed,29,bw_n20002_call_covariance_s20,phase2/results/predictions/full/mixed/tcn/seed_29/bw_n20002_call_covariance_s20.npz,76299,a1c7eac9c403753d3d8d72bd81e489a2f4c896eb41b8a52e73954ece5d7c0211
tcn,mixed,29,bw_n20002_call_covariance_s10,phase2/results/predictions/full/mixed/tcn/seed_29/bw_n20002_call_covariance_s10.npz,76306,b474277db341d4271379a21b124a3e9e7a229963b1c102843bffd0210f5f6ae0
tcn,mixed,29,bw_n20002_call_covariance_s0,phase2/results/predictions/full/mixed/tcn/seed_29/bw_n20002_call_covariance_s0.npz,76071,1b69cf22a2760408d1e949783bed58918dc379f5fc9e308600a8cca0cdc1adc8
tcn,mixed,29,bw_n20003_call_independent_rms_s20,phase2/results/predictions/full/mixed/tcn/seed_29/bw_n20003_call_independent_rms_s20.npz,76334,cb792b328c2a4ee8b1d96ddee1d0066065471ce613b8064fb0c8f236f24eba10
tcn,mixed,29,bw_n20003_call_independent_rms_s10,phase2/results/predictions/full/mixed/tcn/seed_29/bw_n20003_call_independent_rms_s10.npz,76317,157bd1a657af390820c0f7c0e45b7b028c3d7651f76b4ab2f9cdde37f28449a8
tcn,mixed,29,bw_n20003_call_independent_rms_s0,phase2/results/predictions/full/mixed/tcn/seed_29/bw_n20003_call_independent_rms_s0.npz,76100,599f9fbf457b60f73f79e219b8d925b6560fbbc5e3615ba5245cf38526643596
tcn,mixed,29,bw_n20003_call_electrode_s20,phase2/results/predictions/full/mixed/tcn/seed_29/bw_n20003_call_electrode_s20.npz,76329,06bc69da4c40aa189d7bd0b89da433e3c04c0234a16d31c51af3a831e5fadd9b
tcn,mixed,29,bw_n20003_call_electrode_s10,phase2/results/predictions/full/mixed/tcn/seed_29/bw_n20003_call_electrode_s10.npz,76271,4204379ec7c269020c4bcd9c3fdede09063a18e0e42457d4c0901cee8b4d392e
tcn,mixed,29,bw_n20003_call_electrode_s0,phase2/results/predictions/full/mixed/tcn/seed_29/bw_n20003_call_electrode_s0.npz,76063,4159f1186895cdc16c36b44c132165db1401ac91b106713da5c399b111b251ac
tcn,mixed,29,bw_n20003_call_covariance_s20,phase2/results/predictions/full/mixed/tcn/seed_29/bw_n20003_call_covariance_s20.npz,76317,625fd61f1a4d19d5254f9e6733fc84715b2ac402f0be7e84850f766fe36e8725
tcn,mixed,29,bw_n20003_call_covariance_s10,phase2/results/predictions/full/mixed/tcn/seed_29/bw_n20003_call_covariance_s10.npz,76303,f2f08ad7c0006ab383f193c16201f7932ef97bacf1b61ae42d82672c081e3a59
tcn,mixed,29,bw_n20003_call_covariance_s0,phase2/results/predictions/full/mixed/tcn/seed_29/bw_n20003_call_covariance_s0.npz,76053,cf9681723dab3113b6330be724dbee1ff2ea8a29f1d9942272f1d734886a2480
tcn,mixed,29,bw_n20004_call_independent_rms_s20,phase2/results/predictions/full/mixed/tcn/seed_29/bw_n20004_call_independent_rms_s20.npz,76341,553ae1232e61a955c96f64452ed7e67bf1d56a2d2b44087a4914e0d9d39be094
tcn,mixed,29,bw_n20004_call_independent_rms_s10,phase2/results/predictions/full/mixed/tcn/seed_29/bw_n20004_call_independent_rms_s10.npz,76326,9955628344a21c4e262124ad7d61074aa7d9cf58457577c350de5a29f2e24254
tcn,mixed,29,bw_n20004_call_independent_rms_s0,phase2/results/predictions/full/mixed/tcn/seed_29/bw_n20004_call_independent_rms_s0.npz,76090,532298abc1ec0870165d02f6315bab1c5ca797a0b01c56dbdb32ea0e6aecb5c9
tcn,mixed,29,bw_n20004_call_electrode_s20,phase2/results/predictions/full/mixed/tcn/seed_29/bw_n20004_call_electrode_s20.npz,76317,7a2c4ea7bc64b1f8c1293a2668609ea7afda7ce7eab819a32074484782308dce
tcn,mixed,29,bw_n20004_call_electrode_s10,phase2/results/predictions/full/mixed/tcn/seed_29/bw_n20004_call_electrode_s10.npz,76313,8001eb88fc1cd4f168c13a7a64c0a03c155096a7d7e78e77b1817f75dd2260bc
tcn,mixed,29,bw_n20004_call_electrode_s0,phase2/results/predictions/full/mixed/tcn/seed_29/bw_n20004_call_electrode_s0.npz,76047,5f1b4b5417ddfe1f093237c87009ebca77e5a71353cee690706c2eb71c947a81
tcn,mixed,29,bw_n20004_call_covariance_s20,phase2/results/predictions/full/mixed/tcn/seed_29/bw_n20004_call_covariance_s20.npz,76328,6191957a0c9be86f4945bd9673ab1a7f124e0fe947f579e6e85780b49efd09a7
tcn,mixed,29,bw_n20004_call_covariance_s10,phase2/results/predictions/full/mixed/tcn/seed_29/bw_n20004_call_covariance_s10.npz,76286,77b2080acf0a4bd45ae58d153d9f852cda974ac62568b5b995934b7cade05b28
tcn,mixed,29,bw_n20004_call_covariance_s0,phase2/results/predictions/full/mixed/tcn/seed_29/bw_n20004_call_covariance_s0.npz,76083,fe257968ba437344578282da64642586a66b601511ca8e17a32a42498f5e79e3
tcn,mixed,29,bw_n20005_call_independent_rms_s20,phase2/results/predictions/full/mixed/tcn/seed_29/bw_n20005_call_independent_rms_s20.npz,76349,49870da57efa70e66ca60b9c33164490d41332cdb5ac024f521199f3c053b907
tcn,mixed,29,bw_n20005_call_independent_rms_s10,phase2/results/predictions/full/mixed/tcn/seed_29/bw_n20005_call_independent_rms_s10.npz,76329,78665ae5bcc9c5ba4e31b75cda9acca07ba0f989bf838df49bb5e71aab3c5ca0
tcn,mixed,29,bw_n20005_call_independent_rms_s0,phase2/results/predictions/full/mixed/tcn/seed_29/bw_n20005_call_independent_rms_s0.npz,76117,ba84533b0fc918df0f183f38b27a7ad65e3f8ba9051097586f610ee300501179
tcn,mixed,29,bw_n20005_call_electrode_s20,phase2/results/predictions/full/mixed/tcn/seed_29/bw_n20005_call_electrode_s20.npz,76346,ffcfe59e5468c72e1cf485850dc369556b63a70f6374937dbcda3d6fcc7878b4
tcn,mixed,29,bw_n20005_call_electrode_s10,phase2/results/predictions/full/mixed/tcn/seed_29/bw_n20005_call_electrode_s10.npz,76279,e0c2f0cd309e3bbe952060deb19acf209da361b3a62cbd96c2f51035c5153bb6
tcn,mixed,29,bw_n20005_call_electrode_s0,phase2/results/predictions/full/mixed/tcn/seed_29/bw_n20005_call_electrode_s0.npz,76052,8235f26d10a91f76a46ebb4b9e888f1e1f81d477922d8ea11020ffb42760cb2c
tcn,mixed,29,bw_n20005_call_covariance_s20,phase2/results/predictions/full/mixed/tcn/seed_29/bw_n20005_call_covariance_s20.npz,76331,791fc11fb69e73894057cb080a657da669344a8edc53ec36dbc05f5618e28aae
tcn,mixed,29,bw_n20005_call_covariance_s10,phase2/results/predictions/full/mixed/tcn/seed_29/bw_n20005_call_covariance_s10.npz,76295,a4eb7b7c089c709f37d1cc06f95e35cf7e23ffd3912909d31643df28f2015cec
tcn,mixed,29,bw_n20005_call_covariance_s0,phase2/results/predictions/full/mixed/tcn/seed_29/bw_n20005_call_covariance_s0.npz,76042,144d6aab3909e9c1963ff5bc08446b0375d249392715072bf1524d756ba08a66
tcn,mixed,29,ma_n20001_call_independent_rms_s20,phase2/results/predictions/full/mixed/tcn/seed_29/ma_n20001_call_independent_rms_s20.npz,76346,f2645819810a322f3abf66644fe26ee9199ad7616c9753dc2006738e663bca32
tcn,mixed,29,ma_n20001_call_independent_rms_s10,phase2/results/predictions/full/mixed/tcn/seed_29/ma_n20001_call_independent_rms_s10.npz,76344,c2e3efdeac2d504a04ae6f6e99bc339f74fdddce78a77136e8ce17d59969c995
tcn,mixed,29,ma_n20001_call_independent_rms_s0,phase2/results/predictions/full/mixed/tcn/seed_29/ma_n20001_call_independent_rms_s0.npz,76088,b173966db53079f66824a1692c267db72064ae8e99da8acffddbb21638ffe27d
tcn,mixed,29,ma_n20001_call_electrode_s20,phase2/results/predictions/full/mixed/tcn/seed_29/ma_n20001_call_electrode_s20.npz,76330,0e4e3566d8f3f2d6d0ff5496be8c1d03179a15dbec2ce69780230fa1ef14cd27
tcn,mixed,29,ma_n20001_call_electrode_s10,phase2/results/predictions/full/mixed/tcn/seed_29/ma_n20001_call_electrode_s10.npz,76294,b09c7b5d7bfeba699254198824e4d0054ce4cfa17cecf6f5de85c0ff19108365
tcn,mixed,29,ma_n20001_call_electrode_s0,phase2/results/predictions/full/mixed/tcn/seed_29/ma_n20001_call_electrode_s0.npz,76002,581e787d3dc6e67c65b8aeb44222420b964dc08cf559a13b030b98130ac443b1
tcn,mixed,29,ma_n20001_call_covariance_s20,phase2/results/predictions/full/mixed/tcn/seed_29/ma_n20001_call_covariance_s20.npz,76352,1c4ee7cc20d40a5d67f171bb49e79d2a8065177f97a12dda56bcc864b14027d1
tcn,mixed,29,ma_n20001_call_covariance_s10,phase2/results/predictions/full/mixed/tcn/seed_29/ma_n20001_call_covariance_s10.npz,76314,118621bd3a08087cac213bc7df849c9877cf55f32ddcea331f71ad7a3996f412
tcn,mixed,29,ma_n20001_call_covariance_s0,phase2/results/predictions/full/mixed/tcn/seed_29/ma_n20001_call_covariance_s0.npz,75979,e19ea18d545f160bbe6eb25f069eef4401c7637c2a103ea93806f5ee2a64feb9
tcn,mixed,29,ma_n20002_call_independent_rms_s20,phase2/results/predictions/full/mixed/tcn/seed_29/ma_n20002_call_independent_rms_s20.npz,76345,4be266738d9b3ea885a388b73ed538e4c3022e583ee0a44c1937d5a8b0cd28bd
tcn,mixed,29,ma_n20002_call_independent_rms_s10,phase2/results/predictions/full/mixed/tcn/seed_29/ma_n20002_call_independent_rms_s10.npz,76347,b149cbb2f9f9256a71c97d624570e30c6c0302e227a1b0f5e637f025e9f0d6ce
tcn,mixed,29,ma_n20002_call_independent_rms_s0,phase2/results/predictions/full/mixed/tcn/seed_29/ma_n20002_call_independent_rms_s0.npz,76084,f658bb84390fc989c67a98001a753d3dde88a5ad0a0626b15912649e766393e3
tcn,mixed,29,ma_n20002_call_electrode_s20,phase2/results/predictions/full/mixed/tcn/seed_29/ma_n20002_call_electrode_s20.npz,76323,25b7b46aa98c68b2993e5ee4f97e9f5646be2694093762e4a3dccfbd687581e7
tcn,mixed,29,ma_n20002_call_electrode_s10,phase2/results/predictions/full/mixed/tcn/seed_29/ma_n20002_call_electrode_s10.npz,76283,224ed19e0b67b9f9a068f3635acc132c7561e8f619cb3ae9924de29eb674a6e2
tcn,mixed,29,ma_n20002_call_electrode_s0,phase2/results/predictions/full/mixed/tcn/seed_29/ma_n20002_call_electrode_s0.npz,76029,b9dae268793fd7c6b4d245811a640172102dc313db3e2ac9dfac854070c55eb1
tcn,mixed,29,ma_n20002_call_covariance_s20,phase2/results/predictions/full/mixed/tcn/seed_29/ma_n20002_call_covariance_s20.npz,76363,90ef4c2817d836b93636e206b56babd5af7bf71697ac3edcc73dd355eed6fba6
tcn,mixed,29,ma_n20002_call_covariance_s10,phase2/results/predictions/full/mixed/tcn/seed_29/ma_n20002_call_covariance_s10.npz,76285,3bd83c3e65f72652727b54522535618605e6f43fccc5883face23e27a0b30482
tcn,mixed,29,ma_n20002_call_covariance_s0,phase2/results/predictions/full/mixed/tcn/seed_29/ma_n20002_call_covariance_s0.npz,76017,7315ac632af84289e10dba3c1099e053402b84099352f46b9e16f4cf60b95458
tcn,mixed,29,ma_n20003_call_independent_rms_s20,phase2/results/predictions/full/mixed/tcn/seed_29/ma_n20003_call_independent_rms_s20.npz,76358,dfcb457de64db2e60aa1f4cd01a35737178b2c3c2fd040c19ffc2c87f4f6e11b
tcn,mixed,29,ma_n20003_call_independent_rms_s10,phase2/results/predictions/full/mixed/tcn/seed_29/ma_n20003_call_independent_rms_s10.npz,76338,7277ec58fbb895187b8a740f50738d1cbc92db77011da0395908b65935b68ddc
tcn,mixed,29,ma_n20003_call_independent_rms_s0,phase2/results/predictions/full/mixed/tcn/seed_29/ma_n20003_call_independent_rms_s0.npz,76065,5362b42c916528ae28ff5d0e20a10937fa6e5b7e75b783a439b3dcdae79b5614
tcn,mixed,29,ma_n20003_call_electrode_s20,phase2/results/predictions/full/mixed/tcn/seed_29/ma_n20003_call_electrode_s20.npz,76343,0257a431ea5b11c6fb88c8f15b7a13de07c93aef59e909bbb400a50795818fb6
tcn,mixed,29,ma_n20003_call_electrode_s10,phase2/results/predictions/full/mixed/tcn/seed_29/ma_n20003_call_electrode_s10.npz,76281,0c5bab73750498c221490cfec3fa92375e6317f8f152d17a856e427bacaae294
tcn,mixed,29,ma_n20003_call_electrode_s0,phase2/results/predictions/full/mixed/tcn/seed_29/ma_n20003_call_electrode_s0.npz,76009,924701a64199e9f8f6507263fbfdc3f74203f8a9e8cc2626f3e9fc2b52c15244
tcn,mixed,29,ma_n20003_call_covariance_s20,phase2/results/predictions/full/mixed/tcn/seed_29/ma_n20003_call_covariance_s20.npz,76343,254978a6375d0c9c93db3fae2bdf39d9715f33c43c9dbbfd64cd30f1e9521e36
tcn,mixed,29,ma_n20003_call_covariance_s10,phase2/results/predictions/full/mixed/tcn/seed_29/ma_n20003_call_covariance_s10.npz,76307,60924af80342b1226e9de9df96e3f3b93e615d0c108128de87e26dd92a53ede0
tcn,mixed,29,ma_n20003_call_covariance_s0,phase2/results/predictions/full/mixed/tcn/seed_29/ma_n20003_call_covariance_s0.npz,76043,9216f15b15e9fd86e4b19ec49b15976580e2098d152f931287835c1c45724556
tcn,mixed,29,ma_n20004_call_independent_rms_s20,phase2/results/predictions/full/mixed/tcn/seed_29/ma_n20004_call_independent_rms_s20.npz,76332,fbc12fcb06cc28001fcf70adbdf1466fb48c2a27d7cc537c7cd1891771def941
tcn,mixed,29,ma_n20004_call_independent_rms_s10,phase2/results/predictions/full/mixed/tcn/seed_29/ma_n20004_call_independent_rms_s10.npz,76339,3a3e560cf0e36fd8829a945fad7c60b7d85cd4b2982a2468c27f382069d4527f
tcn,mixed,29,ma_n20004_call_independent_rms_s0,phase2/results/predictions/full/mixed/tcn/seed_29/ma_n20004_call_independent_rms_s0.npz,76046,7d91401a1f7ba28cfc5b13e74d89ea4f2ac8eadd7ffd2562b1c5305a6af2631a
tcn,mixed,29,ma_n20004_call_electrode_s20,phase2/results/predictions/full/mixed/tcn/seed_29/ma_n20004_call_electrode_s20.npz,76340,4e102cd344548101b8766f6afaaf3700b27f56c547731192f28d36efcec7335d
tcn,mixed,29,ma_n20004_call_electrode_s10,phase2/results/predictions/full/mixed/tcn/seed_29/ma_n20004_call_electrode_s10.npz,76307,0ecdbf23f354a3f89e4b693109531a346ecd039f5cfae6d8a7dd7bb7f9c4571c
tcn,mixed,29,ma_n20004_call_electrode_s0,phase2/results/predictions/full/mixed/tcn/seed_29/ma_n20004_call_electrode_s0.npz,76006,5fe6f2628967fc9a77cde9602959be1e3890bfaf14627f2da2ff59a9ca4733c3
tcn,mixed,29,ma_n20004_call_covariance_s20,phase2/results/predictions/full/mixed/tcn/seed_29/ma_n20004_call_covariance_s20.npz,76333,66534f1d86598639c2677433fe7ef44e7f9bc84400a73743ccde8fb8cc0be34a
tcn,mixed,29,ma_n20004_call_covariance_s10,phase2/results/predictions/full/mixed/tcn/seed_29/ma_n20004_call_covariance_s10.npz,76313,374bb027a2c889e6b9415ab07210518788c49493ff2cb71ebb01bec0b8ddcda4
tcn,mixed,29,ma_n20004_call_covariance_s0,phase2/results/predictions/full/mixed/tcn/seed_29/ma_n20004_call_covariance_s0.npz,75985,b1101627cdda76f2439a4c2e66b6680ced92b2ed90e4597b192645d984096d25
tcn,mixed,29,ma_n20005_call_independent_rms_s20,phase2/results/predictions/full/mixed/tcn/seed_29/ma_n20005_call_independent_rms_s20.npz,76368,96bfd7f1a6eaab0cecfb60d8da56ea4f5c262e81abf0a585a6fceb07d9d52fdc
tcn,mixed,29,ma_n20005_call_independent_rms_s10,phase2/results/predictions/full/mixed/tcn/seed_29/ma_n20005_call_independent_rms_s10.npz,76307,240046450f15ff19a89256383a821fb4612f4e242e9ac4e1b678096bc3c8148c
tcn,mixed,29,ma_n20005_call_independent_rms_s0,phase2/results/predictions/full/mixed/tcn/seed_29/ma_n20005_call_independent_rms_s0.npz,76066,d54e0a7cf1c13a9dd144d09e0c3368cd2e198582d0cac86f4d1eb042bc82762b
tcn,mixed,29,ma_n20005_call_electrode_s20,phase2/results/predictions/full/mixed/tcn/seed_29/ma_n20005_call_electrode_s20.npz,76336,40c431fef6ea718a521d90a8181d3c6650ec4fd24e21ea2cded5c0c25a02dc5c
tcn,mixed,29,ma_n20005_call_electrode_s10,phase2/results/predictions/full/mixed/tcn/seed_29/ma_n20005_call_electrode_s10.npz,76303,75c707ba23fcab6a692cfda13ecc782a86816ee945a13b20c9d2faf012cc89c1
tcn,mixed,29,ma_n20005_call_electrode_s0,phase2/results/predictions/full/mixed/tcn/seed_29/ma_n20005_call_electrode_s0.npz,75963,6126bb7a99abfa35734aed9c3a632431cce452c28b051815fb681976febbe4ca
tcn,mixed,29,ma_n20005_call_covariance_s20,phase2/results/predictions/full/mixed/tcn/seed_29/ma_n20005_call_covariance_s20.npz,76328,f40af49a2d6ebe13ffa04b39cb56f63bc6166d07214ea54e5c14425d7ea52215
tcn,mixed,29,ma_n20005_call_covariance_s10,phase2/results/predictions/full/mixed/tcn/seed_29/ma_n20005_call_covariance_s10.npz,76295,c78ef78ce43fd55f8bdc62476220d453f8aa1110ebbe5d4c2aa0327e2ccfc6b5
tcn,mixed,29,ma_n20005_call_covariance_s0,phase2/results/predictions/full/mixed/tcn/seed_29/ma_n20005_call_covariance_s0.npz,76034,e84ac1918d16e9b2706f7fd3e02cc1bf6eef85ef73fb844c4456d58d02c6cfff
tcn,mixed,29,em_n20001_call_independent_rms_s20,phase2/results/predictions/full/mixed/tcn/seed_29/em_n20001_call_independent_rms_s20.npz,76345,1d4017ef9f39d89347c7d71423aa1bd8a0ee20d266464364f350df1821e57833
tcn,mixed,29,em_n20001_call_independent_rms_s10,phase2/results/predictions/full/mixed/tcn/seed_29/em_n20001_call_independent_rms_s10.npz,76323,914cdaa43eb4990d91c04b23f906884db9b954f20bfe1dc73676559846bbd7fc
tcn,mixed,29,em_n20001_call_independent_rms_s0,phase2/results/predictions/full/mixed/tcn/seed_29/em_n20001_call_independent_rms_s0.npz,76001,55a86c07a6d333a2b12f21482da143ac0f9b4441f7ff3d7e53a261d74247feb6
tcn,mixed,29,em_n20001_call_electrode_s20,phase2/results/predictions/full/mixed/tcn/seed_29/em_n20001_call_electrode_s20.npz,76331,827100d283b96b232c270372bd5d40bd72106705393c665914a1466bcb1dc142
tcn,mixed,29,em_n20001_call_electrode_s10,phase2/results/predictions/full/mixed/tcn/seed_29/em_n20001_call_electrode_s10.npz,76196,babc1be2fa7da68e7de6f2c2c82fcc38d05d8306f20edb0893946836198853d1
tcn,mixed,29,em_n20001_call_electrode_s0,phase2/results/predictions/full/mixed/tcn/seed_29/em_n20001_call_electrode_s0.npz,75835,728bdcb1d33a03a2096fd8f84ce61d3c8864686d157eb657048571a6dfa3d5c4
tcn,mixed,29,em_n20001_call_covariance_s20,phase2/results/predictions/full/mixed/tcn/seed_29/em_n20001_call_covariance_s20.npz,76342,63a26b0c32ba706f46d9c75f29ed662b0634cfdae22d6b24b92a9e79e8c74aa3
tcn,mixed,29,em_n20001_call_covariance_s10,phase2/results/predictions/full/mixed/tcn/seed_29/em_n20001_call_covariance_s10.npz,76263,6ac45a95d33d8ef71041a250786a1f465ffb2905ed787469e25a3d7840b14da5
tcn,mixed,29,em_n20001_call_covariance_s0,phase2/results/predictions/full/mixed/tcn/seed_29/em_n20001_call_covariance_s0.npz,75832,79bbd3f851bc021235e6c5c5b65e0f42c735c47cc07fe06ce47075db022f8af2
tcn,mixed,29,em_n20002_call_independent_rms_s20,phase2/results/predictions/full/mixed/tcn/seed_29/em_n20002_call_independent_rms_s20.npz,76371,16af2714c513f0b014f15806e91ebfc62dbe88143889634c3804a072ddcc1064
tcn,mixed,29,em_n20002_call_independent_rms_s10,phase2/results/predictions/full/mixed/tcn/seed_29/em_n20002_call_independent_rms_s10.npz,76327,bcc5f3ec4b03212a56e4d77537e98dc2a0c3d026c6ed2ed2163221d367be43c9
tcn,mixed,29,em_n20002_call_independent_rms_s0,phase2/results/predictions/full/mixed/tcn/seed_29/em_n20002_call_independent_rms_s0.npz,75981,235cdc74d7f8cfb369e3905c24d0369a8d57204cb56eea8671febc4dc6fb9239
tcn,mixed,29,em_n20002_call_electrode_s20,phase2/results/predictions/full/mixed/tcn/seed_29/em_n20002_call_electrode_s20.npz,76315,92c0b5dd412f9007a2a1893ecae33820b6986abd6f9eb499eae5201139eeaaae
tcn,mixed,29,em_n20002_call_electrode_s10,phase2/results/predictions/full/mixed/tcn/seed_29/em_n20002_call_electrode_s10.npz,76242,065d7d74b40d4aacb13ac8959707d7b57c27fd839f8fc76381de380db81f7e1f
tcn,mixed,29,em_n20002_call_electrode_s0,phase2/results/predictions/full/mixed/tcn/seed_29/em_n20002_call_electrode_s0.npz,75862,20a1015b4bb122e7096095c7c962a04e92dd721001656ae6f4e3ed8d507446d3
tcn,mixed,29,em_n20002_call_covariance_s20,phase2/results/predictions/full/mixed/tcn/seed_29/em_n20002_call_covariance_s20.npz,76356,12c4675de487526260bbc5038f7dac1bb6e0d64ca0d57b8f2f2ded0d0628fc3f
tcn,mixed,29,em_n20002_call_covariance_s10,phase2/results/predictions/full/mixed/tcn/seed_29/em_n20002_call_covariance_s10.npz,76269,ad142ea2ea7289f213ba8c8d40914d50ef85e5f1b3ba1c1a380e4b08cfb7ea9a
tcn,mixed,29,em_n20002_call_covariance_s0,phase2/results/predictions/full/mixed/tcn/seed_29/em_n20002_call_covariance_s0.npz,75875,29d5457e8cb6c7cb2bcc8c717ea79fce3ddf2d7b8aff796de030b27a73e82117
tcn,mixed,29,em_n20003_call_independent_rms_s20,phase2/results/predictions/full/mixed/tcn/seed_29/em_n20003_call_independent_rms_s20.npz,76348,88216c58344cf29778c7a4b03d2b5a986a8c00678a38725ebb16b92355e52184
tcn,mixed,29,em_n20003_call_independent_rms_s10,phase2/results/predictions/full/mixed/tcn/seed_29/em_n20003_call_independent_rms_s10.npz,76275,e3afb1ebe21b6728937875d2c7054be946692fce7e68dc9494b36df77e3b7b13
tcn,mixed,29,em_n20003_call_independent_rms_s0,phase2/results/predictions/full/mixed/tcn/seed_29/em_n20003_call_independent_rms_s0.npz,76021,efced15e0eeba5a45830c613d626483d3ecc2c1b9181d63472a28e4bde65587b
tcn,mixed,29,em_n20003_call_electrode_s20,phase2/results/predictions/full/mixed/tcn/seed_29/em_n20003_call_electrode_s20.npz,76324,a7d4d2a80699751c0d054120bf067499b5eee7c48284ee9aefd93ba59999353e
tcn,mixed,29,em_n20003_call_electrode_s10,phase2/results/predictions/full/mixed/tcn/seed_29/em_n20003_call_electrode_s10.npz,76260,b8ca7512d12d5950c67173a92170c1686670acb555e2a2249f54f078e505fd4b
tcn,mixed,29,em_n20003_call_electrode_s0,phase2/results/predictions/full/mixed/tcn/seed_29/em_n20003_call_electrode_s0.npz,75829,43ee5494bd692f1578ed08bdd8e5f7841698b295b33f4061a6ced08a95fb8c85
tcn,mixed,29,em_n20003_call_covariance_s20,phase2/results/predictions/full/mixed/tcn/seed_29/em_n20003_call_covariance_s20.npz,76317,93eff6e57a6ecc4fbc91b8a4501691e71f67f69e3de70b1d3bb5ac430e3112a9
tcn,mixed,29,em_n20003_call_covariance_s10,phase2/results/predictions/full/mixed/tcn/seed_29/em_n20003_call_covariance_s10.npz,76283,a2af9eefb597dd2e33cc4b537d1acc98ad3f3cc417c4ce9fe61cc8351d6290ec
tcn,mixed,29,em_n20003_call_covariance_s0,phase2/results/predictions/full/mixed/tcn/seed_29/em_n20003_call_covariance_s0.npz,75870,24575adfe4cd0f3c23ba95cca44aaec32e456616f15fcec4ab16d4810e35cb10
tcn,mixed,29,em_n20004_call_independent_rms_s20,phase2/results/predictions/full/mixed/tcn/seed_29/em_n20004_call_independent_rms_s20.npz,76325,e9fff41e7f8c4643ad15e7322654ff5f123ade2403de94a83418c919f28c1b40
tcn,mixed,29,em_n20004_call_independent_rms_s10,phase2/results/predictions/full/mixed/tcn/seed_29/em_n20004_call_independent_rms_s10.npz,76302,75b085a366e0569ec36e5820e59d1db9648d7bf70c3ac3a8f1456c99ee3aa5c3
tcn,mixed,29,em_n20004_call_independent_rms_s0,phase2/results/predictions/full/mixed/tcn/seed_29/em_n20004_call_independent_rms_s0.npz,76020,86ceb948f3d519a3dbdc0e9acadc145c498684f3978d651904f443d40c2d10bb
tcn,mixed,29,em_n20004_call_electrode_s20,phase2/results/predictions/full/mixed/tcn/seed_29/em_n20004_call_electrode_s20.npz,76351,4d8be2a0e99c4342b1fe1b7eb5f75754da5b3a403c81683355845617588e4695
tcn,mixed,29,em_n20004_call_electrode_s10,phase2/results/predictions/full/mixed/tcn/seed_29/em_n20004_call_electrode_s10.npz,76263,18fb08b7f6e9449f972b77f4262264d1adeb0581ab5e386aa0846f775afdf140
tcn,mixed,29,em_n20004_call_electrode_s0,phase2/results/predictions/full/mixed/tcn/seed_29/em_n20004_call_electrode_s0.npz,75870,86632236f25d90c9d85c6ae326ae41022f0d20f14ddbf6bd42459f1469832d6b
tcn,mixed,29,em_n20004_call_covariance_s20,phase2/results/predictions/full/mixed/tcn/seed_29/em_n20004_call_covariance_s20.npz,76321,2609b9bbc18a81405528cbd4661f465726fa6411a3840b380e09f174163d1f05
tcn,mixed,29,em_n20004_call_covariance_s10,phase2/results/predictions/full/mixed/tcn/seed_29/em_n20004_call_covariance_s10.npz,76272,22d8369bc90fbb2faaa11687d4481ce581631a7078f3b9e608272d62233050f0
tcn,mixed,29,em_n20004_call_covariance_s0,phase2/results/predictions/full/mixed/tcn/seed_29/em_n20004_call_covariance_s0.npz,75877,0057e58905845e16ee0ffe416bbc49e05581a4739b0a64a8002da93a994f074b
tcn,mixed,29,em_n20005_call_independent_rms_s20,phase2/results/predictions/full/mixed/tcn/seed_29/em_n20005_call_independent_rms_s20.npz,76342,887d04f171d1c6ad4ac008db522e4d46336667f0e4a679e1b28f7dc44a27091d
tcn,mixed,29,em_n20005_call_independent_rms_s10,phase2/results/predictions/full/mixed/tcn/seed_29/em_n20005_call_independent_rms_s10.npz,76341,b57cb255384a8879f1a3063efeee271871147215bb31f443bb2caaebc27e3473
tcn,mixed,29,em_n20005_call_independent_rms_s0,phase2/results/predictions/full/mixed/tcn/seed_29/em_n20005_call_independent_rms_s0.npz,75989,5826ff810a1cf2235ffc6b1ad79e6697e1f5aaeb88c3e3a006b52386b5871da7
tcn,mixed,29,em_n20005_call_electrode_s20,phase2/results/predictions/full/mixed/tcn/seed_29/em_n20005_call_electrode_s20.npz,76350,cf13c53042ceed0a360a7350b9992200724891dbbaf65644bc198aeb8acdc7e6
tcn,mixed,29,em_n20005_call_electrode_s10,phase2/results/predictions/full/mixed/tcn/seed_29/em_n20005_call_electrode_s10.npz,76210,15461e5f1f459368f2018878d903bd1ccc375457c4e6dcd75be54c28726b65a3
tcn,mixed,29,em_n20005_call_electrode_s0,phase2/results/predictions/full/mixed/tcn/seed_29/em_n20005_call_electrode_s0.npz,75855,dd742fb1b2458d658696236a2e915ee8a05e0270c06fefb140b33e7292c92f4e
tcn,mixed,29,em_n20005_call_covariance_s20,phase2/results/predictions/full/mixed/tcn/seed_29/em_n20005_call_covariance_s20.npz,76332,e23d0065d362693894cc94721c7353a6f0ad34dc192cb25732de2e6b93324c21
tcn,mixed,29,em_n20005_call_covariance_s10,phase2/results/predictions/full/mixed/tcn/seed_29/em_n20005_call_covariance_s10.npz,76246,38387279a99d6ad5ddfe0f95542fded3ef76915b8ab43d43248824df97858b43
tcn,mixed,29,em_n20005_call_covariance_s0,phase2/results/predictions/full/mixed/tcn/seed_29/em_n20005_call_covariance_s0.npz,75878,733a465381028b1051dceec4b046a066c3a144d5cb859ff7cc2d32116d211178
tcn,clean_only,43,clean,phase2/results/predictions/full/clean_only/tcn/seed_43/clean.npz,76351,e6b00f103592343e40308cb6bda8dd6ee162e66d7f7af4f7a4040f33bed766ed
tcn,clean_only,43,bandpass_n20001_cRA_LA_LL_independent_rms_s20,phase2/results/predictions/full/clean_only/tcn/seed_43/bandpass_n20001_cRA_LA_LL_independent_rms_s20.npz,76429,caf704dbd5e0be7578983b10cbe713418e16bedc5d02aa0df62a22dc4c93466b
tcn,clean_only,43,bandpass_n20001_cRA_LA_LL_independent_rms_s15,phase2/results/predictions/full/clean_only/tcn/seed_43/bandpass_n20001_cRA_LA_LL_independent_rms_s15.npz,76424,2215fccc6f40c937fd9c1f9d7ea71473cdddab8341bba0b301dc0233c23b3826
tcn,clean_only,43,bandpass_n20001_cRA_LA_LL_independent_rms_s10,phase2/results/predictions/full/clean_only/tcn/seed_43/bandpass_n20001_cRA_LA_LL_independent_rms_s10.npz,76370,be82c31f6047d9391b29999305d9a250b1e81ef7763101a75a29b645928d58b5
tcn,clean_only,43,bandpass_n20001_cRA_LA_LL_independent_rms_s5,phase2/results/predictions/full/clean_only/tcn/seed_43/bandpass_n20001_cRA_LA_LL_independent_rms_s5.npz,76178,519acdedb0334f705a5a913b19ccb39e0c33a9944f22655d6269da5b44014145
tcn,clean_only,43,bandpass_n20001_cRA_LA_LL_independent_rms_s0,phase2/results/predictions/full/clean_only/tcn/seed_43/bandpass_n20001_cRA_LA_LL_independent_rms_s0.npz,75825,7f3837b081fd9b887d383fc85a69235ecf0ca0e0f14f42d16f5935305314aa9e
tcn,clean_only,43,bandpass_n20001_cRA_LA_LL_electrode_s20,phase2/results/predictions/full/clean_only/tcn/seed_43/bandpass_n20001_cRA_LA_LL_electrode_s20.npz,76418,a02587caf10f21e60924184edc80701d7afda78e452b001a4189b406518eff5d
tcn,clean_only,43,bandpass_n20001_cRA_LA_LL_electrode_s15,phase2/results/predictions/full/clean_only/tcn/seed_43/bandpass_n20001_cRA_LA_LL_electrode_s15.npz,76374,3e90c510b6f02893a7aeefc5dfaf678395d084f24ebbfa788f8747f6a026a137
tcn,clean_only,43,bandpass_n20001_cRA_LA_LL_electrode_s10,phase2/results/predictions/full/clean_only/tcn/seed_43/bandpass_n20001_cRA_LA_LL_electrode_s10.npz,76219,997ae9f749d00a043230321c3647ba180cfd17dad22e77d8b1aa6082176385d1
tcn,clean_only,43,bandpass_n20001_cRA_LA_LL_electrode_s5,phase2/results/predictions/full/clean_only/tcn/seed_43/bandpass_n20001_cRA_LA_LL_electrode_s5.npz,76009,8e67f07fc38d85a84df83703455b8c340b39b35e1184e9b668585b141128eeee
tcn,clean_only,43,bandpass_n20001_cRA_LA_LL_electrode_s0,phase2/results/predictions/full/clean_only/tcn/seed_43/bandpass_n20001_cRA_LA_LL_electrode_s0.npz,75425,4daddcc9c1f12ab4bc60d38a3def35cf5f47b302a30945c960a5364cf3e5f29e
tcn,clean_only,43,bandpass_n20001_cRA_LA_LL_covariance_s20,phase2/results/predictions/full/clean_only/tcn/seed_43/bandpass_n20001_cRA_LA_LL_covariance_s20.npz,76409,8dcfa1946086305b1b76bea940f085683e30f12e2ad152a217bec65e9bc85396
tcn,clean_only,43,bandpass_n20001_cRA_LA_LL_covariance_s15,phase2/results/predictions/full/clean_only/tcn/seed_43/bandpass_n20001_cRA_LA_LL_covariance_s15.npz,76348,284685bf211faa188319bce2a0f98baae2d1c276fc76fea01974a743cc1ec07c
tcn,clean_only,43,bandpass_n20001_cRA_LA_LL_covariance_s10,phase2/results/predictions/full/clean_only/tcn/seed_43/bandpass_n20001_cRA_LA_LL_covariance_s10.npz,76262,158f55c1d9b8f623cc58a9d65c33108b092d326018ce3e0f0ff228ae44c7537e
tcn,clean_only,43,bandpass_n20001_cRA_LA_LL_covariance_s5,phase2/results/predictions/full/clean_only/tcn/seed_43/bandpass_n20001_cRA_LA_LL_covariance_s5.npz,75986,7e3bcec4a6fd70a69372dfbcf2b7219dcd2a989461cd26f02f3f79f1b10ab9e8
tcn,clean_only,43,bandpass_n20001_cRA_LA_LL_covariance_s0,phase2/results/predictions/full/clean_only/tcn/seed_43/bandpass_n20001_cRA_LA_LL_covariance_s0.npz,75427,333fcb4310a0f80b8516400eef45e621298f30001000abb7e4076bd6fa4b3beb
tcn,clean_only,43,bandpass_n20001_cV1_independent_rms_s20,phase2/results/predictions/full/clean_only/tcn/seed_43/bandpass_n20001_cV1_independent_rms_s20.npz,76418,94aab1d1c1098b37f414cdebab2b6a8380be2da8393f23d9adcffd45b76f662c
tcn,clean_only,43,bandpass_n20001_cV1_independent_rms_s15,phase2/results/predictions/full/clean_only/tcn/seed_43/bandpass_n20001_cV1_independent_rms_s15.npz,76366,3573244c9c5101c61b421ad3990ec0e960fd0fb929b284e3ee996e39a1580ab5
tcn,clean_only,43,bandpass_n20001_cV1_independent_rms_s10,phase2/results/predictions/full/clean_only/tcn/seed_43/bandpass_n20001_cV1_independent_rms_s10.npz,76319,5f390be135a1de60a186bbdd0cf0fca3803331fc9aa9e7e2e18f6110e12ae1e8
tcn,clean_only,43,bandpass_n20001_cV1_independent_rms_s5,phase2/results/predictions/full/clean_only/tcn/seed_43/bandpass_n20001_cV1_independent_rms_s5.npz,76157,d747a31443e34f28a24b6a727fb20463768941388d304c1740b432cbafaa2bce
tcn,clean_only,43,bandpass_n20001_cV1_independent_rms_s0,phase2/results/predictions/full/clean_only/tcn/seed_43/bandpass_n20001_cV1_independent_rms_s0.npz,75844,00c387428f141690d42e56547c7be7c70801fb498d05070c3e900add9668c168
tcn,clean_only,43,bandpass_n20001_cV1_electrode_s20,phase2/results/predictions/full/clean_only/tcn/seed_43/bandpass_n20001_cV1_electrode_s20.npz,76404,eb8236364326cfe2822db9670c16da0ceee5c4662ea63fb254d01391bedbf257
tcn,clean_only,43,bandpass_n20001_cV1_electrode_s15,phase2/results/predictions/full/clean_only/tcn/seed_43/bandpass_n20001_cV1_electrode_s15.npz,76375,0718cff44241fec68f0c08199a0ae172797f422d06d45209266669d561e87391
tcn,clean_only,43,bandpass_n20001_cV1_electrode_s10,phase2/results/predictions/full/clean_only/tcn/seed_43/bandpass_n20001_cV1_electrode_s10.npz,76301,0e34da7c041015bd45bfc1cd8d7401c344cd7bceddc43c4b025708e9f3cc637e
tcn,clean_only,43,bandpass_n20001_cV1_electrode_s5,phase2/results/predictions/full/clean_only/tcn/seed_43/bandpass_n20001_cV1_electrode_s5.npz,76153,7d1efc679f48c99be8b84dae97214d873708539e03bf93c188bfa69d8fc6cd71
tcn,clean_only,43,bandpass_n20001_cV1_electrode_s0,phase2/results/predictions/full/clean_only/tcn/seed_43/bandpass_n20001_cV1_electrode_s0.npz,75795,44a95b5ff20914fe6e8833d19034a7fffc2b03d0574847ab5b5df7469b99161c
tcn,clean_only,43,bandpass_n20001_cV1_covariance_s20,phase2/results/predictions/full/clean_only/tcn/seed_43/bandpass_n20001_cV1_covariance_s20.npz,76384,e9cfa9b38da0f13170dd2517096af7efc04d25067bcd86351a4748f1141259ee
tcn,clean_only,43,bandpass_n20001_cV1_covariance_s15,phase2/results/predictions/full/clean_only/tcn/seed_43/bandpass_n20001_cV1_covariance_s15.npz,76380,d1cc2a3f828346b0fbe551d93e7d9197bdf742e9c130f6adab2505f782620daa
tcn,clean_only,43,bandpass_n20001_cV1_covariance_s10,phase2/results/predictions/full/clean_only/tcn/seed_43/bandpass_n20001_cV1_covariance_s10.npz,76308,f24dd823c87563838cafd01b124def07dc189e47246de1468f3a162411705547
tcn,clean_only,43,bandpass_n20001_cV1_covariance_s5,phase2/results/predictions/full/clean_only/tcn/seed_43/bandpass_n20001_cV1_covariance_s5.npz,76145,e8cccfc9e9c39c496625abeb380cd9eb0454911ec0a9c5f1b6d5602bbdbb7832
tcn,clean_only,43,bandpass_n20001_cV1_covariance_s0,phase2/results/predictions/full/clean_only/tcn/seed_43/bandpass_n20001_cV1_covariance_s0.npz,75826,9dbeda4db729930504996f54cb9e483b3dc48525ab614a92e1c6f99f02ed3b5f
tcn,clean_only,43,bandpass_n20001_cV2_independent_rms_s20,phase2/results/predictions/full/clean_only/tcn/seed_43/bandpass_n20001_cV2_independent_rms_s20.npz,76439,0686748776ab4718e40475d4c2af6517777d8ef93c73cccf0eb0eaeed5094acf
tcn,clean_only,43,bandpass_n20001_cV2_independent_rms_s15,phase2/results/predictions/full/clean_only/tcn/seed_43/bandpass_n20001_cV2_independent_rms_s15.npz,76430,e2f1ced40679135b74037696b5a6c80d0051b43921aa19f48c3a68a9b06b9efe
tcn,clean_only,43,bandpass_n20001_cV2_independent_rms_s10,phase2/results/predictions/full/clean_only/tcn/seed_43/bandpass_n20001_cV2_independent_rms_s10.npz,76362,938a611544435d4c41034d88aa78af773c4100769978d84d36ad1dad1e1d31a0
tcn,clean_only,43,bandpass_n20001_cV2_independent_rms_s5,phase2/results/predictions/full/clean_only/tcn/seed_43/bandpass_n20001_cV2_independent_rms_s5.npz,76252,a8407b78de12d88e790916e1ca76093518007b4d4a58753f7f0a137d38f7bc8e
tcn,clean_only,43,bandpass_n20001_cV2_independent_rms_s0,phase2/results/predictions/full/clean_only/tcn/seed_43/bandpass_n20001_cV2_independent_rms_s0.npz,75950,ff385e05ba94dca1ed2eb5bacfc2c20637dde473e08172e2da8c6e65abd23232
tcn,clean_only,43,bandpass_n20001_cV2_electrode_s20,phase2/results/predictions/full/clean_only/tcn/seed_43/bandpass_n20001_cV2_electrode_s20.npz,76418,3995a69e85832b9ed35d907913179940db5b56ed2f8eca9f032cca1766dca423
tcn,clean_only,43,bandpass_n20001_cV2_electrode_s15,phase2/results/predictions/full/clean_only/tcn/seed_43/bandpass_n20001_cV2_electrode_s15.npz,76404,67b7d04886dfe17a50350ede478cedada4ce39dd2c178903a0bd084a908bd0ef
tcn,clean_only,43,bandpass_n20001_cV2_electrode_s10,phase2/results/predictions/full/clean_only/tcn/seed_43/bandpass_n20001_cV2_electrode_s10.npz,76329,f5e842071e6a00f8f676fb7a6110e322112053e09a7a66fb17bcd89dce2d00f6
tcn,clean_only,43,bandpass_n20001_cV2_electrode_s5,phase2/results/predictions/full/clean_only/tcn/seed_43/bandpass_n20001_cV2_electrode_s5.npz,76212,c9982a25b973f6c863b27a48ac332bde3d60ed02d0ad471622e9e5338c9c0c61
tcn,clean_only,43,bandpass_n20001_cV2_electrode_s0,phase2/results/predictions/full/clean_only/tcn/seed_43/bandpass_n20001_cV2_electrode_s0.npz,75991,7899d0b538d24d93dacb673185a2592198772b21386687dd1bfc3524b2659a87
tcn,clean_only,43,bandpass_n20001_cV2_covariance_s20,phase2/results/predictions/full/clean_only/tcn/seed_43/bandpass_n20001_cV2_covariance_s20.npz,76404,6ec06067acfcd1d428fa0309e8dba68af84dfdaa45bf8106820b9ac52e14dd3d
tcn,clean_only,43,bandpass_n20001_cV2_covariance_s15,phase2/results/predictions/full/clean_only/tcn/seed_43/bandpass_n20001_cV2_covariance_s15.npz,76377,a9c0aa36ae51dc5b3de2ce4facd6c269ad965cdbc66d9bcb959517352b9a7060
tcn,clean_only,43,bandpass_n20001_cV2_covariance_s10,phase2/results/predictions/full/clean_only/tcn/seed_43/bandpass_n20001_cV2_covariance_s10.npz,76342,eeb3980c11e8f29a143365a170cbe810d65470fcf4e017d31ec8a16513b559bf
tcn,clean_only,43,bandpass_n20001_cV2_covariance_s5,phase2/results/predictions/full/clean_only/tcn/seed_43/bandpass_n20001_cV2_covariance_s5.npz,76195,5c6e4c1ff9d19e932c232569b06ed7c05f346b7b4d3414cc175167b30f620fa7
tcn,clean_only,43,bandpass_n20001_cV2_covariance_s0,phase2/results/predictions/full/clean_only/tcn/seed_43/bandpass_n20001_cV2_covariance_s0.npz,75965,008fa76b79ac4b3ef95cbec04855f1449dfb9ff117a7ac98c86de9f0ac39b284
tcn,clean_only,43,bandpass_n20001_cV3_independent_rms_s20,phase2/results/predictions/full/clean_only/tcn/seed_43/bandpass_n20001_cV3_independent_rms_s20.npz,76429,27a643a17acab9af58d0a7cd91300e3451d961d14d785c3a82e1a3fe804c2ce7
tcn,clean_only,43,bandpass_n20001_cV3_independent_rms_s15,phase2/results/predictions/full/clean_only/tcn/seed_43/bandpass_n20001_cV3_independent_rms_s15.npz,76404,302addd890de43113503dcfbb227dfa23a0c63f5a679ddc475dd55d00a194fda
tcn,clean_only,43,bandpass_n20001_cV3_independent_rms_s10,phase2/results/predictions/full/clean_only/tcn/seed_43/bandpass_n20001_cV3_independent_rms_s10.npz,76434,bb23dde12ebb47b7ffcec18889666ee54ba77e481e7585dc8b3608e70b8355e2
tcn,clean_only,43,bandpass_n20001_cV3_independent_rms_s5,phase2/results/predictions/full/clean_only/tcn/seed_43/bandpass_n20001_cV3_independent_rms_s5.npz,76333,14a6ec53652572b838964dff3c7d0cae45cdc17e54202cd2b5d6134e8be8130f
tcn,clean_only,43,bandpass_n20001_cV3_independent_rms_s0,phase2/results/predictions/full/clean_only/tcn/seed_43/bandpass_n20001_cV3_independent_rms_s0.npz,76206,b9220f1eeda022208bfa2f50e71472e442cf280d03232bff5dd51b85d4e21c3a
tcn,clean_only,43,bandpass_n20001_cV3_electrode_s20,phase2/results/predictions/full/clean_only/tcn/seed_43/bandpass_n20001_cV3_electrode_s20.npz,76382,f5cd6443d9b93e43b8559913cf96ba99637e862e16c059efb47905fb8d8d4b6c
tcn,clean_only,43,bandpass_n20001_cV3_electrode_s15,phase2/results/predictions/full/clean_only/tcn/seed_43/bandpass_n20001_cV3_electrode_s15.npz,76399,f1b44c2f6518db8e28f4f6f0cf9812df4b29799b8606d4bb6a265b415c07afca
tcn,clean_only,43,bandpass_n20001_cV3_electrode_s10,phase2/results/predictions/full/clean_only/tcn/seed_43/bandpass_n20001_cV3_electrode_s10.npz,76385,11af2b5bcc166b1bcaad538ebbde02eab6d2c3e31f0917654614f437edf1406e
tcn,clean_only,43,bandpass_n20001_cV3_electrode_s5,phase2/results/predictions/full/clean_only/tcn/seed_43/bandpass_n20001_cV3_electrode_s5.npz,76340,28f0ad140ae32e3540103d961c1dcd1dc15b2bce2b1586d428af822428c9ca8f
tcn,clean_only,43,bandpass_n20001_cV3_electrode_s0,phase2/results/predictions/full/clean_only/tcn/seed_43/bandpass_n20001_cV3_electrode_s0.npz,76163,98e04df1371c965a5aa6d41c5668384914fe7f74081171d4ed6c73e589cc35e1
tcn,clean_only,43,bandpass_n20001_cV3_covariance_s20,phase2/results/predictions/full/clean_only/tcn/seed_43/bandpass_n20001_cV3_covariance_s20.npz,76430,338d285e77953cf47086466d2ed931a7526a755033ba811f78d5ad6a97807cb9
tcn,clean_only,43,bandpass_n20001_cV3_covariance_s15,phase2/results/predictions/full/clean_only/tcn/seed_43/bandpass_n20001_cV3_covariance_s15.npz,76398,d76d65bf5a2668eb672c18f82fbd0b951c21bc41c6a203d629aadc6b8eb3b1fb
tcn,clean_only,43,bandpass_n20001_cV3_covariance_s10,phase2/results/predictions/full/clean_only/tcn/seed_43/bandpass_n20001_cV3_covariance_s10.npz,76424,a6ea8c4b05b5dfe644a6dfeb9e1a8d9fac79e0e2c1fd4da3ec32ba4c7c69df18
tcn,clean_only,43,bandpass_n20001_cV3_covariance_s5,phase2/results/predictions/full/clean_only/tcn/seed_43/bandpass_n20001_cV3_covariance_s5.npz,76344,759181fa99b7061e276c150fc98e3acb6119ed14301a7318f8e625fdd2ca9126
tcn,clean_only,43,bandpass_n20001_cV3_covariance_s0,phase2/results/predictions/full/clean_only/tcn/seed_43/bandpass_n20001_cV3_covariance_s0.npz,76155,f951946cc542ba0b8df674d4d642e785e4adb36e4196e2e87f9c1b4b160ab2ed
tcn,clean_only,43,bandpass_n20001_cV4_independent_rms_s20,phase2/results/predictions/full/clean_only/tcn/seed_43/bandpass_n20001_cV4_independent_rms_s20.npz,76411,b38809cf5cfe2e2161519de5e3f9e7263279e1c0deabbab8d941d042b7bc282c
tcn,clean_only,43,bandpass_n20001_cV4_independent_rms_s15,phase2/results/predictions/full/clean_only/tcn/seed_43/bandpass_n20001_cV4_independent_rms_s15.npz,76426,a5dec477f97ee1b94ef325fac211e29c6072ef0aa2d9a0b972ee5c0f5aa744ee
tcn,clean_only,43,bandpass_n20001_cV4_independent_rms_s10,phase2/results/predictions/full/clean_only/tcn/seed_43/bandpass_n20001_cV4_independent_rms_s10.npz,76370,3a1513ff84cf8d73e561ad2836af63a28b6a10701afc5a43f1adfbd0df079a87
tcn,clean_only,43,bandpass_n20001_cV4_independent_rms_s5,phase2/results/predictions/full/clean_only/tcn/seed_43/bandpass_n20001_cV4_independent_rms_s5.npz,76292,e682cebf2e0419b02e448a09f751441c01f1177f745f9c8882d01ef73deebfc3
tcn,clean_only,43,bandpass_n20001_cV4_independent_rms_s0,phase2/results/predictions/full/clean_only/tcn/seed_43/bandpass_n20001_cV4_independent_rms_s0.npz,76049,b930135b79838448b0186d36bf6e14a91046e21af330268b3e9646b9551fe6a5
tcn,clean_only,43,bandpass_n20001_cV4_electrode_s20,phase2/results/predictions/full/clean_only/tcn/seed_43/bandpass_n20001_cV4_electrode_s20.npz,76415,02c22e569b8ac5fcde89f2d7e5b8bbde47d1bfb406aac22e839a41c76a18b419
tcn,clean_only,43,bandpass_n20001_cV4_electrode_s15,phase2/results/predictions/full/clean_only/tcn/seed_43/bandpass_n20001_cV4_electrode_s15.npz,76388,7f4c01fc375e3ba63645a9e6be58d7465d9bf7e664842ef8fbd59d758237f5ff
tcn,clean_only,43,bandpass_n20001_cV4_electrode_s10,phase2/results/predictions/full/clean_only/tcn/seed_43/bandpass_n20001_cV4_electrode_s10.npz,76354,239d857b89dbc8a0b2b9b1135c93d34267826a9bc9e6cd1a4fd75ae5dc57258f
tcn,clean_only,43,bandpass_n20001_cV4_electrode_s5,phase2/results/predictions/full/clean_only/tcn/seed_43/bandpass_n20001_cV4_electrode_s5.npz,76245,fc3cf2fee78680a0437f1d3a0fd47991fd031659e2ee9d9664fd729513ff6140
tcn,clean_only,43,bandpass_n20001_cV4_electrode_s0,phase2/results/predictions/full/clean_only/tcn/seed_43/bandpass_n20001_cV4_electrode_s0.npz,76031,f173e5930670ba7c590096d79cfcc707ee3564b89b63ffd1e68816cc44adf22b
tcn,clean_only,43,bandpass_n20001_cV4_covariance_s20,phase2/results/predictions/full/clean_only/tcn/seed_43/bandpass_n20001_cV4_covariance_s20.npz,76410,fadda76ef0cd99609d3bd08512528dd862bed41364b462796a84407d87768ed8
tcn,clean_only,43,bandpass_n20001_cV4_covariance_s15,phase2/results/predictions/full/clean_only/tcn/seed_43/bandpass_n20001_cV4_covariance_s15.npz,76410,98e9ea8ba38d9aa62c804183a9fbb68249eb4f4ee37d2c252498db804dc70f36
tcn,clean_only,43,bandpass_n20001_cV4_covariance_s10,phase2/results/predictions/full/clean_only/tcn/seed_43/bandpass_n20001_cV4_covariance_s10.npz,76390,3b6b5972e1db994528a143e49ca5d442221b5bec04ea472cb63731416bdc726e
tcn,clean_only,43,bandpass_n20001_cV4_covariance_s5,phase2/results/predictions/full/clean_only/tcn/seed_43/bandpass_n20001_cV4_covariance_s5.npz,76243,b0aeff99e8018195c606251d66b04130eb17ddf5053547a663fa8ef44fcbcb24
tcn,clean_only,43,bandpass_n20001_cV4_covariance_s0,phase2/results/predictions/full/clean_only/tcn/seed_43/bandpass_n20001_cV4_covariance_s0.npz,75993,1616fce93abf06f046eac9a9eaa75f8120731ebe6f65d2b75cb365c36c570eb0
tcn,clean_only,43,bandpass_n20001_cV5_independent_rms_s20,phase2/results/predictions/full/clean_only/tcn/seed_43/bandpass_n20001_cV5_independent_rms_s20.npz,76409,31f2e8ee3c686e594fba3b8d0808655a4cc05287eb3ba710f9f16b5411029db5
tcn,clean_only,43,bandpass_n20001_cV5_independent_rms_s15,phase2/results/predictions/full/clean_only/tcn/seed_43/bandpass_n20001_cV5_independent_rms_s15.npz,76386,e942457a516a6ee19f66e6cac1bdbd811885cca4a462b066c3261a7c3d6cdd69
tcn,clean_only,43,bandpass_n20001_cV5_independent_rms_s10,phase2/results/predictions/full/clean_only/tcn/seed_43/bandpass_n20001_cV5_independent_rms_s10.npz,76378,461195bfc425da8c857a7474d6aabe7af5d0ea59cb747517d3a08e34a9de0161
tcn,clean_only,43,bandpass_n20001_cV5_independent_rms_s5,phase2/results/predictions/full/clean_only/tcn/seed_43/bandpass_n20001_cV5_independent_rms_s5.npz,76231,081238a38b98c91bfdc2d356ece7aa5dbe3aff0dad5d5c28ca11a0e6a264dcf6
tcn,clean_only,43,bandpass_n20001_cV5_independent_rms_s0,phase2/results/predictions/full/clean_only/tcn/seed_43/bandpass_n20001_cV5_independent_rms_s0.npz,75913,dea2cdbc064f1300ed720be4a9674edc26831d81949ed9dec8e82ae09aaf498b
tcn,clean_only,43,bandpass_n20001_cV5_electrode_s20,phase2/results/predictions/full/clean_only/tcn/seed_43/bandpass_n20001_cV5_electrode_s20.npz,76385,94f8d0a1928450ef0aa23e504f72469e9f13952b1f6e2ac4ad4fd7566aef0fdd
tcn,clean_only,43,bandpass_n20001_cV5_electrode_s15,phase2/results/predictions/full/clean_only/tcn/seed_43/bandpass_n20001_cV5_electrode_s15.npz,76401,f7926866c4bbd7713ad4b64c6be6d7d2a998f814d536145e8115c64221a24de0
tcn,clean_only,43,bandpass_n20001_cV5_electrode_s10,phase2/results/predictions/full/clean_only/tcn/seed_43/bandpass_n20001_cV5_electrode_s10.npz,76308,92bc02f78da502af1eea51aa7b5aa5d9556cc8f508ba9ded430e8f11d8429d71
tcn,clean_only,43,bandpass_n20001_cV5_electrode_s5,phase2/results/predictions/full/clean_only/tcn/seed_43/bandpass_n20001_cV5_electrode_s5.npz,76256,c28fd48b3037f9f98517ceb0edefe1e2abc92391e3f08c648a03a884dbf73a77
tcn,clean_only,43,bandpass_n20001_cV5_electrode_s0,phase2/results/predictions/full/clean_only/tcn/seed_43/bandpass_n20001_cV5_electrode_s0.npz,75921,6c1d1ebac4da381162a2761070381099f06f322425ac12f21cc730f1127768e7
tcn,clean_only,43,bandpass_n20001_cV5_covariance_s20,phase2/results/predictions/full/clean_only/tcn/seed_43/bandpass_n20001_cV5_covariance_s20.npz,76409,5ea0d0517592e2e21cefcfcf165d818dac936513ee9f46894d09f8f71c2d876e
tcn,clean_only,43,bandpass_n20001_cV5_covariance_s15,phase2/results/predictions/full/clean_only/tcn/seed_43/bandpass_n20001_cV5_covariance_s15.npz,76389,707a5159deafcb169fc80f9a09ee8def6d569eddd828d19ce856e00f27afb916
tcn,clean_only,43,bandpass_n20001_cV5_covariance_s10,phase2/results/predictions/full/clean_only/tcn/seed_43/bandpass_n20001_cV5_covariance_s10.npz,76361,382c5895d4bccea271bf37c785c6ec7539444b82dba3bdfb84e78d9bf0a1ddec
tcn,clean_only,43,bandpass_n20001_cV5_covariance_s5,phase2/results/predictions/full/clean_only/tcn/seed_43/bandpass_n20001_cV5_covariance_s5.npz,76225,6836e0fa3c82452057ba4b1f45d526d9cf8e121307f006fc87c843de8d2a9fe1
tcn,clean_only,43,bandpass_n20001_cV5_covariance_s0,phase2/results/predictions/full/clean_only/tcn/seed_43/bandpass_n20001_cV5_covariance_s0.npz,75930,91e7076863f6f98a5603f323dec808ad11968c66c56652add6d7a71d68ad4545
tcn,clean_only,43,bandpass_n20001_cV6_independent_rms_s20,phase2/results/predictions/full/clean_only/tcn/seed_43/bandpass_n20001_cV6_independent_rms_s20.npz,76420,84e5eed9a3f2dfae6d851cc3cb157ad4dd79d5a66a194e35e23151ddb50cdaa8
tcn,clean_only,43,bandpass_n20001_cV6_independent_rms_s15,phase2/results/predictions/full/clean_only/tcn/seed_43/bandpass_n20001_cV6_independent_rms_s15.npz,76391,431f44f7d173e76d092b15d11686af030ee50ae47c33cbc53a729a1ac1672f37
tcn,clean_only,43,bandpass_n20001_cV6_independent_rms_s10,phase2/results/predictions/full/clean_only/tcn/seed_43/bandpass_n20001_cV6_independent_rms_s10.npz,76339,24a8dcca85a10da10febb710cb8655b4ad3f2974cd4962241cbfdcfcbe85b09a
tcn,clean_only,43,bandpass_n20001_cV6_independent_rms_s5,phase2/results/predictions/full/clean_only/tcn/seed_43/bandpass_n20001_cV6_independent_rms_s5.npz,76234,ecf434c941a008007d90ae101da8b9f82fb1fa9068045482eac7bfdc539f98e4
tcn,clean_only,43,bandpass_n20001_cV6_independent_rms_s0,phase2/results/predictions/full/clean_only/tcn/seed_43/bandpass_n20001_cV6_independent_rms_s0.npz,75981,82d1fe952fc63085bb544931a7d50def9ad46da4bb5172b08215aad25e8e3fbd
tcn,clean_only,43,bandpass_n20001_cV6_electrode_s20,phase2/results/predictions/full/clean_only/tcn/seed_43/bandpass_n20001_cV6_electrode_s20.npz,76425,dc01b41bbf787b07bf5ece81d6d979b735d9867f2787b011b66183e0354c9e40
tcn,clean_only,43,bandpass_n20001_cV6_electrode_s15,phase2/results/predictions/full/clean_only/tcn/seed_43/bandpass_n20001_cV6_electrode_s15.npz,76392,dcb7c52ad971ccafe8800cd017e8ab8c8f05f6943f9f11c38aaabf82272dc876
tcn,clean_only,43,bandpass_n20001_cV6_electrode_s10,phase2/results/predictions/full/clean_only/tcn/seed_43/bandpass_n20001_cV6_electrode_s10.npz,76354,704de0f379cc003d79f41c96736d556d1ee784d22df6e2be20f41c6284f7a9bf
tcn,clean_only,43,bandpass_n20001_cV6_electrode_s5,phase2/results/predictions/full/clean_only/tcn/seed_43/bandpass_n20001_cV6_electrode_s5.npz,76198,d2ea57c52f044835789f9000f19d65bbb6e5c8b3aa38d296744477642bd0272f
tcn,clean_only,43,bandpass_n20001_cV6_electrode_s0,phase2/results/predictions/full/clean_only/tcn/seed_43/bandpass_n20001_cV6_electrode_s0.npz,75998,83df1542fdc2dda0523e21c8b34056a38c7da1d5207909694d81bb94d53052a8
tcn,clean_only,43,bandpass_n20001_cV6_covariance_s20,phase2/results/predictions/full/clean_only/tcn/seed_43/bandpass_n20001_cV6_covariance_s20.npz,76412,2d57fd82ef2c00dc0aad12d6e9c151d83faa3cfea59be01a753c413bc1df348c
tcn,clean_only,43,bandpass_n20001_cV6_covariance_s15,phase2/results/predictions/full/clean_only/tcn/seed_43/bandpass_n20001_cV6_covariance_s15.npz,76436,241e7436e3f99a51e4a1a9b5eb723add35f36386a2fd6e7647eb920a4d0b3ded
tcn,clean_only,43,bandpass_n20001_cV6_covariance_s10,phase2/results/predictions/full/clean_only/tcn/seed_43/bandpass_n20001_cV6_covariance_s10.npz,76376,e76ad43ac7daf6e26c88600ade3ef37d31201f727f65907117e364cdc28ec501
tcn,clean_only,43,bandpass_n20001_cV6_covariance_s5,phase2/results/predictions/full/clean_only/tcn/seed_43/bandpass_n20001_cV6_covariance_s5.npz,76211,e6da82b2ede9d395023a8d285cccd9649d246706a45c28b86a543bf6b44c6cf9
tcn,clean_only,43,bandpass_n20001_cV6_covariance_s0,phase2/results/predictions/full/clean_only/tcn/seed_43/bandpass_n20001_cV6_covariance_s0.npz,75973,3568e4263fa465f639355435ec072f041b5224ea9fccbc10331ac7944e7e6951
tcn,clean_only,43,bandpass_n20001_cRA_LA_independent_rms_s20,phase2/results/predictions/full/clean_only/tcn/seed_43/bandpass_n20001_cRA_LA_independent_rms_s20.npz,76443,101e41eb7a436ded0bb3f16ac3215d369f5401555a2bff942d4bc821de7e4bcf
tcn,clean_only,43,bandpass_n20001_cRA_LA_independent_rms_s15,phase2/results/predictions/full/clean_only/tcn/seed_43/bandpass_n20001_cRA_LA_independent_rms_s15.npz,76399,e13a283a4ae042fd7dd0a79dac277033188d572aadf04d98085573e9d46706ed
tcn,clean_only,43,bandpass_n20001_cRA_LA_independent_rms_s10,phase2/results/predictions/full/clean_only/tcn/seed_43/bandpass_n20001_cRA_LA_independent_rms_s10.npz,76340,409779972442e9c76cb19635740421ec4da7a2bd14cad62466f819fffe7d49cd
tcn,clean_only,43,bandpass_n20001_cRA_LA_independent_rms_s5,phase2/results/predictions/full/clean_only/tcn/seed_43/bandpass_n20001_cRA_LA_independent_rms_s5.npz,76171,9f24a379b7be9486c9c2d8aa7a287896950f8a99df46b8d0c0b06afda41a506a
tcn,clean_only,43,bandpass_n20001_cRA_LA_independent_rms_s0,phase2/results/predictions/full/clean_only/tcn/seed_43/bandpass_n20001_cRA_LA_independent_rms_s0.npz,75808,7472d96959b56c6f4bee6db8d30ea9b5e8d99a9c2b6a94d3aa1d76be8a1eadba
tcn,clean_only,43,bandpass_n20001_cRA_LA_electrode_s20,phase2/results/predictions/full/clean_only/tcn/seed_43/bandpass_n20001_cRA_LA_electrode_s20.npz,76408,b6b7b9577e64bdb6a4f6d891b596a09da36691282ab69f34c33bae74a5847416
tcn,clean_only,43,bandpass_n20001_cRA_LA_electrode_s15,phase2/results/predictions/full/clean_only/tcn/seed_43/bandpass_n20001_cRA_LA_electrode_s15.npz,76382,4b7bb48d99132b24c731432eccaa2606fa9c37d32d04d43ab4bb599216737a5f
tcn,clean_only,43,bandpass_n20001_cRA_LA_electrode_s10,phase2/results/predictions/full/clean_only/tcn/seed_43/bandpass_n20001_cRA_LA_electrode_s10.npz,76241,e448a61e60e60be42e137acb761641da813403d758a9017436ee0f6910e68463
tcn,clean_only,43,bandpass_n20001_cRA_LA_electrode_s5,phase2/results/predictions/full/clean_only/tcn/seed_43/bandpass_n20001_cRA_LA_electrode_s5.npz,75948,287e3f8e1b26bb9cdf00757a529b02b445776f9b34757dccb21233e48434629d
tcn,clean_only,43,bandpass_n20001_cRA_LA_electrode_s0,phase2/results/predictions/full/clean_only/tcn/seed_43/bandpass_n20001_cRA_LA_electrode_s0.npz,75360,0d38d5bdcaa50a2f77d2d22ff6a9ddf94431970f7fcbc6a5b0db8c591346bb29
tcn,clean_only,43,bandpass_n20001_cRA_LA_covariance_s20,phase2/results/predictions/full/clean_only/tcn/seed_43/bandpass_n20001_cRA_LA_covariance_s20.npz,76378,5d54059a3247d19d94a52c463bd3110de2e57ad9572ce7eda74f94bf44d33751
tcn,clean_only,43,bandpass_n20001_cRA_LA_covariance_s15,phase2/results/predictions/full/clean_only/tcn/seed_43/bandpass_n20001_cRA_LA_covariance_s15.npz,76372,fb9ca7f14728645ca81431e48b2ce3f0aa588f5f0fc8d0b746692d249fcf90b9
tcn,clean_only,43,bandpass_n20001_cRA_LA_covariance_s10,phase2/results/predictions/full/clean_only/tcn/seed_43/bandpass_n20001_cRA_LA_covariance_s10.npz,76249,3072518418f8ae320838aac786b89512aaf81295df1d57cde072d9b58f70ecf3
tcn,clean_only,43,bandpass_n20001_cRA_LA_covariance_s5,phase2/results/predictions/full/clean_only/tcn/seed_43/bandpass_n20001_cRA_LA_covariance_s5.npz,75966,f249cba4ff8fc952e8732735d2305091a657f0ef2991a86ed5bb46ca2df88a80
tcn,clean_only,43,bandpass_n20001_cRA_LA_covariance_s0,phase2/results/predictions/full/clean_only/tcn/seed_43/bandpass_n20001_cRA_LA_covariance_s0.npz,75352,f68d4f24e086507c788f454530a98465202e994a764d6420f3558892cd7c1762
tcn,clean_only,43,bandpass_n20001_cLA_LL_independent_rms_s20,phase2/results/predictions/full/clean_only/tcn/seed_43/bandpass_n20001_cLA_LL_independent_rms_s20.npz,76423,51fde8af79e05bc85a8cde9d27c11586e0a1c376b0b7bda14445e511deedeb0b
tcn,clean_only,43,bandpass_n20001_cLA_LL_independent_rms_s15,phase2/results/predictions/full/clean_only/tcn/seed_43/bandpass_n20001_cLA_LL_independent_rms_s15.npz,76412,54a977d0c65fbf1443d39f87587cdd770cf747330ae54bd4bef1a2123b8ee9fb
tcn,clean_only,43,bandpass_n20001_cLA_LL_independent_rms_s10,phase2/results/predictions/full/clean_only/tcn/seed_43/bandpass_n20001_cLA_LL_independent_rms_s10.npz,76353,35b0666e3a5328b31751ab748ea03ddd9c6d3cf8ce293a2b20e27116b77663e8
tcn,clean_only,43,bandpass_n20001_cLA_LL_independent_rms_s5,phase2/results/predictions/full/clean_only/tcn/seed_43/bandpass_n20001_cLA_LL_independent_rms_s5.npz,76187,4be7c020e5940dd1bc735ea9b92fe3552e435b44b3ddf7bafa91b162651467c3
tcn,clean_only,43,bandpass_n20001_cLA_LL_independent_rms_s0,phase2/results/predictions/full/clean_only/tcn/seed_43/bandpass_n20001_cLA_LL_independent_rms_s0.npz,75845,220715dccb1806c38a45a237cccced9c6bacc1977aa208c36ab886f38c9b1f6f
tcn,clean_only,43,bandpass_n20001_cLA_LL_electrode_s20,phase2/results/predictions/full/clean_only/tcn/seed_43/bandpass_n20001_cLA_LL_electrode_s20.npz,76422,20cf477cd6f6fcfe6982bd3981c215f99f15c30eda038d259011571cf81bd462
tcn,clean_only,43,bandpass_n20001_cLA_LL_electrode_s15,phase2/results/predictions/full/clean_only/tcn/seed_43/bandpass_n20001_cLA_LL_electrode_s15.npz,76366,9369009e22a016c5b1aefd3ed5b25cf64b052af9aab9827f62312584e75cf97e
tcn,clean_only,43,bandpass_n20001_cLA_LL_electrode_s10,phase2/results/predictions/full/clean_only/tcn/seed_43/bandpass_n20001_cLA_LL_electrode_s10.npz,76287,37f33b33f7402fa8094d321c71fbeb61702c36959d5ead73ecdaf44202821c6c
tcn,clean_only,43,bandpass_n20001_cLA_LL_electrode_s5,phase2/results/predictions/full/clean_only/tcn/seed_43/bandpass_n20001_cLA_LL_electrode_s5.npz,76045,19394a4aa5b3fc7fc380f6af969750dadad875904fc0125d1d0522de87d86bdc
tcn,clean_only,43,bandpass_n20001_cLA_LL_electrode_s0,phase2/results/predictions/full/clean_only/tcn/seed_43/bandpass_n20001_cLA_LL_electrode_s0.npz,75560,5776aec5cb6ff159cc9ad93af4e34cc9fdf8e64d67905ff2445c4464fa4d8d2f
tcn,clean_only,43,bandpass_n20001_cLA_LL_covariance_s20,phase2/results/predictions/full/clean_only/tcn/seed_43/bandpass_n20001_cLA_LL_covariance_s20.npz,76426,7eef76fe8b4723ad54d265f1870b28aa31d5986efe9aede76fb28f1d6b58e2a6
tcn,clean_only,43,bandpass_n20001_cLA_LL_covariance_s15,phase2/results/predictions/full/clean_only/tcn/seed_43/bandpass_n20001_cLA_LL_covariance_s15.npz,76410,3903e6565514258e0be8321b5dd81bb4bfe51b1da2fc841b3b13bd7760f946b3
tcn,clean_only,43,bandpass_n20001_cLA_LL_covariance_s10,phase2/results/predictions/full/clean_only/tcn/seed_43/bandpass_n20001_cLA_LL_covariance_s10.npz,76289,7f0701565c2e7216a665a35813aedd25b38c4804f3fd982a3ec2b36777f54a5a
tcn,clean_only,43,bandpass_n20001_cLA_LL_covariance_s5,phase2/results/predictions/full/clean_only/tcn/seed_43/bandpass_n20001_cLA_LL_covariance_s5.npz,76062,9bd382bacd7e65d150778dab505b0e299dc4c784f5e34b3dcba808dd8ebfe53f
tcn,clean_only,43,bandpass_n20001_cLA_LL_covariance_s0,phase2/results/predictions/full/clean_only/tcn/seed_43/bandpass_n20001_cLA_LL_covariance_s0.npz,75580,d8544d6b66322fb5fb573ae919f863cebe9cae1a3f259bb09a43de8e1d5ac372
tcn,clean_only,43,bandpass_n20001_cRA_LL_independent_rms_s20,phase2/results/predictions/full/clean_only/tcn/seed_43/bandpass_n20001_cRA_LL_independent_rms_s20.npz,76415,695ccdd94f3791e48117f086e55190b846ae5832f24905d549e07942a20216f4
tcn,clean_only,43,bandpass_n20001_cRA_LL_independent_rms_s15,phase2/results/predictions/full/clean_only/tcn/seed_43/bandpass_n20001_cRA_LL_independent_rms_s15.npz,76405,f139b5c58ce15336a3dbad2b35484458105a4706ec8f082b66ba9ba808cef4bf
tcn,clean_only,43,bandpass_n20001_cRA_LL_independent_rms_s10,phase2/results/predictions/full/clean_only/tcn/seed_43/bandpass_n20001_cRA_LL_independent_rms_s10.npz,76340,6a92792306dad95d315835a5dd2021a2ab3b0de9cf038d6bb0e0f966df51ed39
tcn,clean_only,43,bandpass_n20001_cRA_LL_independent_rms_s5,phase2/results/predictions/full/clean_only/tcn/seed_43/bandpass_n20001_cRA_LL_independent_rms_s5.npz,76199,4916e9cd043e15ddfd4b5013ecb46b825c487df20d371eb928e7330fc8f67077
tcn,clean_only,43,bandpass_n20001_cRA_LL_independent_rms_s0,phase2/results/predictions/full/clean_only/tcn/seed_43/bandpass_n20001_cRA_LL_independent_rms_s0.npz,75825,70348b17d357d0f2e538f9d108be77f79b17fae9f4d820797f559154fbf47be9
tcn,clean_only,43,bandpass_n20001_cRA_LL_electrode_s20,phase2/results/predictions/full/clean_only/tcn/seed_43/bandpass_n20001_cRA_LL_electrode_s20.npz,76387,b303419e3f187ad04d83a589463a0ba3e472177d0d019158ab50331e99aa2d1f
tcn,clean_only,43,bandpass_n20001_cRA_LL_electrode_s15,phase2/results/predictions/full/clean_only/tcn/seed_43/bandpass_n20001_cRA_LL_electrode_s15.npz,76320,3441e4b88af789126f536e5dbd04d02a7af049358113ac2f4e5fa0223ca39024
tcn,clean_only,43,bandpass_n20001_cRA_LL_electrode_s10,phase2/results/predictions/full/clean_only/tcn/seed_43/bandpass_n20001_cRA_LL_electrode_s10.npz,76237,a039c5229ad88bc99f6d81fdf8ffea5dd6f21b6d96177da52ea7ff7afaea3d88
tcn,clean_only,43,bandpass_n20001_cRA_LL_electrode_s5,phase2/results/predictions/full/clean_only/tcn/seed_43/bandpass_n20001_cRA_LL_electrode_s5.npz,75997,0d6dadcad85040a61dd80807d7fa258a33639c12ad87a4ce2f4fb6ff5bec5094
tcn,clean_only,43,bandpass_n20001_cRA_LL_electrode_s0,phase2/results/predictions/full/clean_only/tcn/seed_43/bandpass_n20001_cRA_LL_electrode_s0.npz,75426,fa430386a673572ecc6acf09abf47351dd246af8fb88f5daea142983d09e7f6f
tcn,clean_only,43,bandpass_n20001_cRA_LL_covariance_s20,phase2/results/predictions/full/clean_only/tcn/seed_43/bandpass_n20001_cRA_LL_covariance_s20.npz,76412,a84ea68e5aa633cda3998eff253fc310329d92df4f1a706e24c8dbf0eabb52ab
tcn,clean_only,43,bandpass_n20001_cRA_LL_covariance_s15,phase2/results/predictions/full/clean_only/tcn/seed_43/bandpass_n20001_cRA_LL_covariance_s15.npz,76353,d2870ef8aca4cdc33d020b947a3bdfa4546d760720ff027f1f428dd4dd2927b6
tcn,clean_only,43,bandpass_n20001_cRA_LL_covariance_s10,phase2/results/predictions/full/clean_only/tcn/seed_43/bandpass_n20001_cRA_LL_covariance_s10.npz,76241,0b8ad0edef14956e261c10f0b6efb41a502218d4b319ebc309f0c9953c601739
tcn,clean_only,43,bandpass_n20001_cRA_LL_covariance_s5,phase2/results/predictions/full/clean_only/tcn/seed_43/bandpass_n20001_cRA_LL_covariance_s5.npz,76039,91388263fabb18c12090fb0efdabca4dad06fe1e58b22841ffb0a2913254b202
tcn,clean_only,43,bandpass_n20001_cRA_LL_covariance_s0,phase2/results/predictions/full/clean_only/tcn/seed_43/bandpass_n20001_cRA_LL_covariance_s0.npz,75449,6ebc78eac379f43773bb84d117443496a702bf9ca117fce53373a37deea5eb6a
tcn,clean_only,43,bandpass_n20001_cRA_independent_rms_s20,phase2/results/predictions/full/clean_only/tcn/seed_43/bandpass_n20001_cRA_independent_rms_s20.npz,76395,96d99ae77016633c0d1ed43f2508ca31831a629b113e38ff9ebe943b5c7ef93c
tcn,clean_only,43,bandpass_n20001_cRA_independent_rms_s15,phase2/results/predictions/full/clean_only/tcn/seed_43/bandpass_n20001_cRA_independent_rms_s15.npz,76414,b6fd367bfbe625c52b850dc18a76b10a5e11c61c14bd464d15b9710125f5923d
tcn,clean_only,43,bandpass_n20001_cRA_independent_rms_s10,phase2/results/predictions/full/clean_only/tcn/seed_43/bandpass_n20001_cRA_independent_rms_s10.npz,76369,94fdbe9a2d6d552b7bd80d594d88e343485cc2e926e003f45247bfc22656cf03
tcn,clean_only,43,bandpass_n20001_cRA_independent_rms_s5,phase2/results/predictions/full/clean_only/tcn/seed_43/bandpass_n20001_cRA_independent_rms_s5.npz,76219,c251d858ebb90aee81d891f195f416391aafa8ad5b17de1908129f16b750c3bb
tcn,clean_only,43,bandpass_n20001_cRA_independent_rms_s0,phase2/results/predictions/full/clean_only/tcn/seed_43/bandpass_n20001_cRA_independent_rms_s0.npz,75872,9b5922b92ea7ddef535b62debead8733c98aba9370d383eaa2dabeb1755867c2
tcn,clean_only,43,bandpass_n20001_cRA_electrode_s20,phase2/results/predictions/full/clean_only/tcn/seed_43/bandpass_n20001_cRA_electrode_s20.npz,76389,d0a6cd06dcc3b81e772f3a0b188db8cc8f05c1b2510e11a7327a6a6d8dba97a1
tcn,clean_only,43,bandpass_n20001_cRA_electrode_s15,phase2/results/predictions/full/clean_only/tcn/seed_43/bandpass_n20001_cRA_electrode_s15.npz,76354,47402d6982d0281371a01458979c860647c5349bbb6c73dbd28ca059910e0e03
tcn,clean_only,43,bandpass_n20001_cRA_electrode_s10,phase2/results/predictions/full/clean_only/tcn/seed_43/bandpass_n20001_cRA_electrode_s10.npz,76216,f40e32b079625451b873a31eeef8ee57c5d684db29e44f2b0b9cfc8d8a06b5d7
tcn,clean_only,43,bandpass_n20001_cRA_electrode_s5,phase2/results/predictions/full/clean_only/tcn/seed_43/bandpass_n20001_cRA_electrode_s5.npz,75953,3ec3267ffbc1f6003db814a48b6d65dbfeca86b9c2f944862431f5e526401e29
tcn,clean_only,43,bandpass_n20001_cRA_electrode_s0,phase2/results/predictions/full/clean_only/tcn/seed_43/bandpass_n20001_cRA_electrode_s0.npz,75307,9119a4d37df06d67d4084036acdf81bc504653a3713efa4f94eb662631e13305
tcn,clean_only,43,bandpass_n20001_cRA_covariance_s20,phase2/results/predictions/full/clean_only/tcn/seed_43/bandpass_n20001_cRA_covariance_s20.npz,76406,31044f62d8f046f620802e9ff6e2cb5400d23adb201401a5859343ae69ec998f
tcn,clean_only,43,bandpass_n20001_cRA_covariance_s15,phase2/results/predictions/full/clean_only/tcn/seed_43/bandpass_n20001_cRA_covariance_s15.npz,76344,263b86327d01c87fd8f651204d9d1da1b133937ed8f689e948d3e80c5554d954
tcn,clean_only,43,bandpass_n20001_cRA_covariance_s10,phase2/results/predictions/full/clean_only/tcn/seed_43/bandpass_n20001_cRA_covariance_s10.npz,76228,1df1a2a58ee516d41cf9ef223804635e6047993dd720058b5026a827bbed27a9
tcn,clean_only,43,bandpass_n20001_cRA_covariance_s5,phase2/results/predictions/full/clean_only/tcn/seed_43/bandpass_n20001_cRA_covariance_s5.npz,75936,ff335d4d8584b44a84a273f12e837f8e8df5251e8a729f345a5a7d6426ede1bd
tcn,clean_only,43,bandpass_n20001_cRA_covariance_s0,phase2/results/predictions/full/clean_only/tcn/seed_43/bandpass_n20001_cRA_covariance_s0.npz,75315,e1ee3dd75c4fa176a308e4acfc306560721c068636b5e07c602181fb265fc316
tcn,clean_only,43,bandpass_n20001_cLA_independent_rms_s20,phase2/results/predictions/full/clean_only/tcn/seed_43/bandpass_n20001_cLA_independent_rms_s20.npz,76404,acf8e0628df32888e7171eb6bb5042ac805cf516404cb02fb04f88a61eb482a0
tcn,clean_only,43,bandpass_n20001_cLA_independent_rms_s15,phase2/results/predictions/full/clean_only/tcn/seed_43/bandpass_n20001_cLA_independent_rms_s15.npz,76395,93476bf7ce30ee48a3209efd3af34cd9888a69f1fdf796e4e48fa8c274b1d74f
tcn,clean_only,43,bandpass_n20001_cLA_independent_rms_s10,phase2/results/predictions/full/clean_only/tcn/seed_43/bandpass_n20001_cLA_independent_rms_s10.npz,76344,bc007b77a931efa368e2c458f86b12141a37607d8d1714bd0d2a09163ac6f5c4
tcn,clean_only,43,bandpass_n20001_cLA_independent_rms_s5,phase2/results/predictions/full/clean_only/tcn/seed_43/bandpass_n20001_cLA_independent_rms_s5.npz,76161,9a77e618a692b73caa9aadb39f89f43248545bfdf5fabe4dd5026008b240b7ec
tcn,clean_only,43,bandpass_n20001_cLA_independent_rms_s0,phase2/results/predictions/full/clean_only/tcn/seed_43/bandpass_n20001_cLA_independent_rms_s0.npz,75755,6aa042779929538c27ceb961a98d20e1296aac60aaab633d58e30ed69d3f27ba
tcn,clean_only,43,bandpass_n20001_cLA_electrode_s20,phase2/results/predictions/full/clean_only/tcn/seed_43/bandpass_n20001_cLA_electrode_s20.npz,76413,f98566f79bfe2cd603afe8c02054aadf4f0cec2d891eb335ca0d64d6299686e3
tcn,clean_only,43,bandpass_n20001_cLA_electrode_s15,phase2/results/predictions/full/clean_only/tcn/seed_43/bandpass_n20001_cLA_electrode_s15.npz,76394,1b8d5677c6c53c73f45acbd16a7580fc2fe9e530df00e4c24dfd6cb7b7c60d3b
tcn,clean_only,43,bandpass_n20001_cLA_electrode_s10,phase2/results/predictions/full/clean_only/tcn/seed_43/bandpass_n20001_cLA_electrode_s10.npz,76265,2b644332d38e5f5fcceb64aab81a56c1060da27ef97d717e8025d5b6bcf44b0a
tcn,clean_only,43,bandpass_n20001_cLA_electrode_s5,phase2/results/predictions/full/clean_only/tcn/seed_43/bandpass_n20001_cLA_electrode_s5.npz,76085,19a272253ade0a0a16c74bb6746776e5ef235bf0d303977ab861d8276de6c0ac
tcn,clean_only,43,bandpass_n20001_cLA_electrode_s0,phase2/results/predictions/full/clean_only/tcn/seed_43/bandpass_n20001_cLA_electrode_s0.npz,75563,fa3a462ba246353e7ca290b0da340141fb5ce8007fb901a084e8f5e610d5af5d
tcn,clean_only,43,bandpass_n20001_cLA_covariance_s20,phase2/results/predictions/full/clean_only/tcn/seed_43/bandpass_n20001_cLA_covariance_s20.npz,76403,98394b7bd431ddc9f7a259f365b572389775c6574957eb78aa5f1b30ea46ba9b
tcn,clean_only,43,bandpass_n20001_cLA_covariance_s15,phase2/results/predictions/full/clean_only/tcn/seed_43/bandpass_n20001_cLA_covariance_s15.npz,76380,552b42ec86e1cfa18fb1e82a07352797bd8db8e4a31e84cb1e9675524396d837
tcn,clean_only,43,bandpass_n20001_cLA_covariance_s10,phase2/results/predictions/full/clean_only/tcn/seed_43/bandpass_n20001_cLA_covariance_s10.npz,76269,3e99ddd9aad8a113bacaacb0b2c451f03eaba5356abe0ced47c3f5b75537658e
tcn,clean_only,43,bandpass_n20001_cLA_covariance_s5,phase2/results/predictions/full/clean_only/tcn/seed_43/bandpass_n20001_cLA_covariance_s5.npz,76060,dfa57fdd7736a6ff7385c67db0502a9443a8765a3dbf165c5e7f7dbf6c139ec7
tcn,clean_only,43,bandpass_n20001_cLA_covariance_s0,phase2/results/predictions/full/clean_only/tcn/seed_43/bandpass_n20001_cLA_covariance_s0.npz,75592,adfba649305c32e68cd8ad09650059ae00be5fb73f8a0b40077c1879c7368597
tcn,clean_only,43,bandpass_n20001_cLL_independent_rms_s20,phase2/results/predictions/full/clean_only/tcn/seed_43/bandpass_n20001_cLL_independent_rms_s20.npz,76414,37774bfc919776a65b5783b42c381d1f7b3f59904577034f53100fea8cfe3be3
tcn,clean_only,43,bandpass_n20001_cLL_independent_rms_s15,phase2/results/predictions/full/clean_only/tcn/seed_43/bandpass_n20001_cLL_independent_rms_s15.npz,76432,378d4f7061149443ae2f51092aabc80bc2a0cf1fb1c32cdadd0866bce8c022c9
tcn,clean_only,43,bandpass_n20001_cLL_independent_rms_s10,phase2/results/predictions/full/clean_only/tcn/seed_43/bandpass_n20001_cLL_independent_rms_s10.npz,76354,839b39bac0e532b320c495d97247c29c1b37dd8065ac9f46996241260375dba8
tcn,clean_only,43,bandpass_n20001_cLL_independent_rms_s5,phase2/results/predictions/full/clean_only/tcn/seed_43/bandpass_n20001_cLL_independent_rms_s5.npz,76181,749b9439586d85dc0c9c58a55ee94e38c4e7310f97b9d79e4226356c5950e277
tcn,clean_only,43,bandpass_n20001_cLL_independent_rms_s0,phase2/results/predictions/full/clean_only/tcn/seed_43/bandpass_n20001_cLL_independent_rms_s0.npz,75823,d923d912490058af0735f740e708e375ed05128aa72bb78c638186f08209c38a
tcn,clean_only,43,bandpass_n20001_cLL_electrode_s20,phase2/results/predictions/full/clean_only/tcn/seed_43/bandpass_n20001_cLL_electrode_s20.npz,76402,b0f04d625439c62ca5f55060dec05a50cb1446ceab9a2ba7bcc8da1016adf14d
tcn,clean_only,43,bandpass_n20001_cLL_electrode_s15,phase2/results/predictions/full/clean_only/tcn/seed_43/bandpass_n20001_cLL_electrode_s15.npz,76341,225f088a1e421ac70b5ae7498cf56bb208aa9be9fd6b14a5bff31f4bf2bd63aa
tcn,clean_only,43,bandpass_n20001_cLL_electrode_s10,phase2/results/predictions/full/clean_only/tcn/seed_43/bandpass_n20001_cLL_electrode_s10.npz,76268,30fbbb985cac7ae20a437e0723f5aa145b41589ee1c9224e7a77c641c6fc388e
tcn,clean_only,43,bandpass_n20001_cLL_electrode_s5,phase2/results/predictions/full/clean_only/tcn/seed_43/bandpass_n20001_cLL_electrode_s5.npz,76049,078de295f0cf8242b74967f62b18275804871c286d0ae4d621cb06b92df22e65
tcn,clean_only,43,bandpass_n20001_cLL_electrode_s0,phase2/results/predictions/full/clean_only/tcn/seed_43/bandpass_n20001_cLL_electrode_s0.npz,75728,b32ac12995acceb87206d2af3322134defc2614e308cf1480cd32a29a7d2e774
tcn,clean_only,43,bandpass_n20001_cLL_covariance_s20,phase2/results/predictions/full/clean_only/tcn/seed_43/bandpass_n20001_cLL_covariance_s20.npz,76428,d9d13f70de740dff9286c858787888584c83a1a6464fbce2823f114786cc01f2
tcn,clean_only,43,bandpass_n20001_cLL_covariance_s15,phase2/results/predictions/full/clean_only/tcn/seed_43/bandpass_n20001_cLL_covariance_s15.npz,76401,99a58adfa2b22afc3717952b9effea41dc811c737a6932e757a2aea8d07445c6
tcn,clean_only,43,bandpass_n20001_cLL_covariance_s10,phase2/results/predictions/full/clean_only/tcn/seed_43/bandpass_n20001_cLL_covariance_s10.npz,76283,7ce56620f5864a48247182730fc4b3787b71d174d6aaf19c39a888d56a8a18bb
tcn,clean_only,43,bandpass_n20001_cLL_covariance_s5,phase2/results/predictions/full/clean_only/tcn/seed_43/bandpass_n20001_cLL_covariance_s5.npz,76052,a61b04110b32b0904c1b12f67ae8ec0b30f8f2bd8821a0fb8e6cd0a184574fb7
tcn,clean_only,43,bandpass_n20001_cLL_covariance_s0,phase2/results/predictions/full/clean_only/tcn/seed_43/bandpass_n20001_cLL_covariance_s0.npz,75708,9695bbb4c10c977e8101949eab4bbd55be23da1e7fcf096cd64c01ceea125800
tcn,clean_only,43,bandpass_n20001_cRA_V1_independent_rms_s20,phase2/results/predictions/full/clean_only/tcn/seed_43/bandpass_n20001_cRA_V1_independent_rms_s20.npz,76384,141086cf431d89acac1a0ee1c4d931e26e6a490229dc98bd3df21287cef92353
tcn,clean_only,43,bandpass_n20001_cRA_V1_independent_rms_s15,phase2/results/predictions/full/clean_only/tcn/seed_43/bandpass_n20001_cRA_V1_independent_rms_s15.npz,76407,040c83b23e5b4ba1bc3698f7e8df49388f77019a71c66433b9c3926149381905
tcn,clean_only,43,bandpass_n20001_cRA_V1_independent_rms_s10,phase2/results/predictions/full/clean_only/tcn/seed_43/bandpass_n20001_cRA_V1_independent_rms_s10.npz,76377,749b1c557a1eb346fd686f871240727ecd682825a76929ab49dbad379a46c56b
tcn,clean_only,43,bandpass_n20001_cRA_V1_independent_rms_s5,phase2/results/predictions/full/clean_only/tcn/seed_43/bandpass_n20001_cRA_V1_independent_rms_s5.npz,76186,5c25de89907df7518b0b71dda75bf103388073348a5157bfbb613fb01f1c8c58
tcn,clean_only,43,bandpass_n20001_cRA_V1_independent_rms_s0,phase2/results/predictions/full/clean_only/tcn/seed_43/bandpass_n20001_cRA_V1_independent_rms_s0.npz,75848,b9d6094d0acaf897b492121316136e9876ec8a1bad1e180cd26391df16dbd5b1
tcn,clean_only,43,bandpass_n20001_cRA_V1_electrode_s20,phase2/results/predictions/full/clean_only/tcn/seed_43/bandpass_n20001_cRA_V1_electrode_s20.npz,76407,122e681d406f5e95ce8d082e23011e7b0a9b8ce90702374c9d696d22b1eef5b8
tcn,clean_only,43,bandpass_n20001_cRA_V1_electrode_s15,phase2/results/predictions/full/clean_only/tcn/seed_43/bandpass_n20001_cRA_V1_electrode_s15.npz,76348,a80ce192240de15f908ef2c63c99cae7854ea73578459de9ce33e80baba65106
tcn,clean_only,43,bandpass_n20001_cRA_V1_electrode_s10,phase2/results/predictions/full/clean_only/tcn/seed_43/bandpass_n20001_cRA_V1_electrode_s10.npz,76216,da2a01deb7d678b56bcb8c5307e0a9e3379bf8b087b4dc4ccc923ca753fa2530
tcn,clean_only,43,bandpass_n20001_cRA_V1_electrode_s5,phase2/results/predictions/full/clean_only/tcn/seed_43/bandpass_n20001_cRA_V1_electrode_s5.npz,75974,1737b8d8f845cc605b42e0c319b26fa34bea24620f46a7b637c3620a9da43c05
tcn,clean_only,43,bandpass_n20001_cRA_V1_electrode_s0,phase2/results/predictions/full/clean_only/tcn/seed_43/bandpass_n20001_cRA_V1_electrode_s0.npz,75367,792a5de05464c84d7db2d8f537075b633a180022d31ace6cdebe7098b4237123
tcn,clean_only,43,bandpass_n20001_cRA_V1_covariance_s20,phase2/results/predictions/full/clean_only/tcn/seed_43/bandpass_n20001_cRA_V1_covariance_s20.npz,76418,1691d6dee22814030f8878e3510c20c43a9cd47acd78cf490ce8b85421feab41
tcn,clean_only,43,bandpass_n20001_cRA_V1_covariance_s15,phase2/results/predictions/full/clean_only/tcn/seed_43/bandpass_n20001_cRA_V1_covariance_s15.npz,76362,08fec8883ca3de5dd76373d461d11099a2dd1b222e4336ed2b277a254a6a44d4
tcn,clean_only,43,bandpass_n20001_cRA_V1_covariance_s10,phase2/results/predictions/full/clean_only/tcn/seed_43/bandpass_n20001_cRA_V1_covariance_s10.npz,76220,b2e3ddfffb4f2588aec3ded689a6290368ae0c6fe7e661c064ab4e2a65c81ba0
tcn,clean_only,43,bandpass_n20001_cRA_V1_covariance_s5,phase2/results/predictions/full/clean_only/tcn/seed_43/bandpass_n20001_cRA_V1_covariance_s5.npz,75988,9394d58e02c647e1be1d616258b003d0bc4b6fdd3aaaf16d126e366796a8cd19
tcn,clean_only,43,bandpass_n20001_cRA_V1_covariance_s0,phase2/results/predictions/full/clean_only/tcn/seed_43/bandpass_n20001_cRA_V1_covariance_s0.npz,75347,5ca604c9c069e42691cdfc13b133fbebf3abf27c5c267d4f949e87d7400bcf37
tcn,clean_only,43,bandpass_n20001_cLA_V6_independent_rms_s20,phase2/results/predictions/full/clean_only/tcn/seed_43/bandpass_n20001_cLA_V6_independent_rms_s20.npz,76419,fd7189d6578df036c019d3f4c92da2a9eb8d711c86d64d51cd139eafe32b76f9
tcn,clean_only,43,bandpass_n20001_cLA_V6_independent_rms_s15,phase2/results/predictions/full/clean_only/tcn/seed_43/bandpass_n20001_cLA_V6_independent_rms_s15.npz,76424,73cd573099cc202d906bdca491d31b34b75968a54cd506d583c76ab239168753
tcn,clean_only,43,bandpass_n20001_cLA_V6_independent_rms_s10,phase2/results/predictions/full/clean_only/tcn/seed_43/bandpass_n20001_cLA_V6_independent_rms_s10.npz,76351,89b322654c3f91c9de6f7a5d0b014c99361b03689fa0afd2a6767f567b9ae274
tcn,clean_only,43,bandpass_n20001_cLA_V6_independent_rms_s5,phase2/results/predictions/full/clean_only/tcn/seed_43/bandpass_n20001_cLA_V6_independent_rms_s5.npz,76168,8e301c896d89ffa2ed6808c6c48192950a2fc9779604226104f73498e668cfef
tcn,clean_only,43,bandpass_n20001_cLA_V6_independent_rms_s0,phase2/results/predictions/full/clean_only/tcn/seed_43/bandpass_n20001_cLA_V6_independent_rms_s0.npz,75847,65e7cc668296c4a194e785d38bd48aaf9a2141be1eb115f347d1fbb767efc2f6
tcn,clean_only,43,bandpass_n20001_cLA_V6_electrode_s20,phase2/results/predictions/full/clean_only/tcn/seed_43/bandpass_n20001_cLA_V6_electrode_s20.npz,76416,b3019e043b471a134686e6c6d8b3c3d552f4b387bee152fb31a1fc89660865b1
tcn,clean_only,43,bandpass_n20001_cLA_V6_electrode_s15,phase2/results/predictions/full/clean_only/tcn/seed_43/bandpass_n20001_cLA_V6_electrode_s15.npz,76398,a27fd45144f0593db03244796ce1a80b0893cbe355bc6a063fde6514ca856b6e
tcn,clean_only,43,bandpass_n20001_cLA_V6_electrode_s10,phase2/results/predictions/full/clean_only/tcn/seed_43/bandpass_n20001_cLA_V6_electrode_s10.npz,76300,777b53432f34712f5b414849ab63a61a4ec52ed5c33c93e869e0fa1ca4e21385
tcn,clean_only,43,bandpass_n20001_cLA_V6_electrode_s5,phase2/results/predictions/full/clean_only/tcn/seed_43/bandpass_n20001_cLA_V6_electrode_s5.npz,76093,52f84c00718f988b4e635697d8c12979a2d30cf2499b3874ef3f96cafeff146b
tcn,clean_only,43,bandpass_n20001_cLA_V6_electrode_s0,phase2/results/predictions/full/clean_only/tcn/seed_43/bandpass_n20001_cLA_V6_electrode_s0.npz,75573,7038d4054e7a33a2010d47e07d82a420b3dfaef23f19428314a25ff8dfa3ab26
tcn,clean_only,43,bandpass_n20001_cLA_V6_covariance_s20,phase2/results/predictions/full/clean_only/tcn/seed_43/bandpass_n20001_cLA_V6_covariance_s20.npz,76411,9f1a8c5511f16c734aa801687a65e4022986385a88510d99a0c64e8a622b19c4
tcn,clean_only,43,bandpass_n20001_cLA_V6_covariance_s15,phase2/results/predictions/full/clean_only/tcn/seed_43/bandpass_n20001_cLA_V6_covariance_s15.npz,76390,fdbaf69b66e7249cdb60ad5f98caf3a4393fcaf8eac359ae5df551ede2894ca4
tcn,clean_only,43,bandpass_n20001_cLA_V6_covariance_s10,phase2/results/predictions/full/clean_only/tcn/seed_43/bandpass_n20001_cLA_V6_covariance_s10.npz,76276,0a9b46c988bc5a6d878d865b3a74dadcc0f98bdd02fa3418fa600ff7c24e8ec2
tcn,clean_only,43,bandpass_n20001_cLA_V6_covariance_s5,phase2/results/predictions/full/clean_only/tcn/seed_43/bandpass_n20001_cLA_V6_covariance_s5.npz,76125,f30868560daee8d30387f33d9ae3281631cb255243e89a746d085ef5f23a2603
tcn,clean_only,43,bandpass_n20001_cLA_V6_covariance_s0,phase2/results/predictions/full/clean_only/tcn/seed_43/bandpass_n20001_cLA_V6_covariance_s0.npz,75586,7dc4dca1b99a0c904307d96d7d970f8a94bf156d93999464379a770f559b2bdc
tcn,clean_only,43,bandpass_n20001_cLL_V4_independent_rms_s20,phase2/results/predictions/full/clean_only/tcn/seed_43/bandpass_n20001_cLL_V4_independent_rms_s20.npz,76443,40c899db121100956e3af0ad81a1ce5902bd134e3e16972625294da9e9c1658c
tcn,clean_only,43,bandpass_n20001_cLL_V4_independent_rms_s15,phase2/results/predictions/full/clean_only/tcn/seed_43/bandpass_n20001_cLL_V4_independent_rms_s15.npz,76416,f287f26d24f70fca544b88a0f3b7efbd89ff8a2f5c5adb6d19612536deb31304
tcn,clean_only,43,bandpass_n20001_cLL_V4_independent_rms_s10,phase2/results/predictions/full/clean_only/tcn/seed_43/bandpass_n20001_cLL_V4_independent_rms_s10.npz,76371,b49eff296e97c126d017fb6dee9fe49707be581a7d508ba51896afd259e9a353
tcn,clean_only,43,bandpass_n20001_cLL_V4_independent_rms_s5,phase2/results/predictions/full/clean_only/tcn/seed_43/bandpass_n20001_cLL_V4_independent_rms_s5.npz,76219,3928b6866a4f27e4070f6698fb6f8280ed08dff55f5e19d09bff0e61655af1d6
tcn,clean_only,43,bandpass_n20001_cLL_V4_independent_rms_s0,phase2/results/predictions/full/clean_only/tcn/seed_43/bandpass_n20001_cLL_V4_independent_rms_s0.npz,75908,26a5afe92c2021ab28a1e3866b05fb9af55c34ccee1f64ac7d39f5bd2a971d8b
tcn,clean_only,43,bandpass_n20001_cLL_V4_electrode_s20,phase2/results/predictions/full/clean_only/tcn/seed_43/bandpass_n20001_cLL_V4_electrode_s20.npz,76441,964e68f605efbf0fa3eac31c4f61d7e8eb44f4e5a197415dc1d990f139a65530
tcn,clean_only,43,bandpass_n20001_cLL_V4_electrode_s15,phase2/results/predictions/full/clean_only/tcn/seed_43/bandpass_n20001_cLL_V4_electrode_s15.npz,76380,b89311724d173a36f3595067a97327c478101f1d9e419563532537b806341a78
tcn,clean_only,43,bandpass_n20001_cLL_V4_electrode_s10,phase2/results/predictions/full/clean_only/tcn/seed_43/bandpass_n20001_cLL_V4_electrode_s10.npz,76278,67586f9b76fd07763c6917d2495d4783d1517510fada289cade0bc73bf554346
tcn,clean_only,43,bandpass_n20001_cLL_V4_electrode_s5,phase2/results/predictions/full/clean_only/tcn/seed_43/bandpass_n20001_cLL_V4_electrode_s5.npz,76133,0d5c8cd988b60cfe2d999bc9e90948849884ba0382be44dbcea74c22873cde52
tcn,clean_only,43,bandpass_n20001_cLL_V4_electrode_s0,phase2/results/predictions/full/clean_only/tcn/seed_43/bandpass_n20001_cLL_V4_electrode_s0.npz,75736,3ae531513c0f38a0883d1f19a8d04f931906d4fba964e30429562817c1c7c1b2
tcn,clean_only,43,bandpass_n20001_cLL_V4_covariance_s20,phase2/results/predictions/full/clean_only/tcn/seed_43/bandpass_n20001_cLL_V4_covariance_s20.npz,76407,761a673a77696f3afef84f68eeab04ec486ce2472d0c3da7b4c7d9130ef14b60
tcn,clean_only,43,bandpass_n20001_cLL_V4_covariance_s15,phase2/results/predictions/full/clean_only/tcn/seed_43/bandpass_n20001_cLL_V4_covariance_s15.npz,76424,6be06f3778adf7f7ab80251cf04c2c362e93f8432c7c59e5568c05a43508c724
tcn,clean_only,43,bandpass_n20001_cLL_V4_covariance_s10,phase2/results/predictions/full/clean_only/tcn/seed_43/bandpass_n20001_cLL_V4_covariance_s10.npz,76293,b326f44acfe853748ceb98bf5522893d10d3178daf8fadd8a0fe1db9be6b440e
tcn,clean_only,43,bandpass_n20001_cLL_V4_covariance_s5,phase2/results/predictions/full/clean_only/tcn/seed_43/bandpass_n20001_cLL_V4_covariance_s5.npz,76146,1e20ab501b6d443276a1a1a43fa1682e71a09e8fe1c3bc15ed13bb8b650ae041
tcn,clean_only,43,bandpass_n20001_cLL_V4_covariance_s0,phase2/results/predictions/full/clean_only/tcn/seed_43/bandpass_n20001_cLL_V4_covariance_s0.npz,75733,7ae523f619c3bc5b0959ca012800aeb390e7b666879df12f482ed6b5e0f89520
tcn,clean_only,43,bandpass_n20001_cRA_LA_V1_V6_independent_rms_s20,phase2/results/predictions/full/clean_only/tcn/seed_43/bandpass_n20001_cRA_LA_V1_V6_independent_rms_s20.npz,76425,dc0ccbaf70d68f63b72ab840380620be0cf61243cbdbf42dc1acf5df7f91764c
tcn,clean_only,43,bandpass_n20001_cRA_LA_V1_V6_independent_rms_s15,phase2/results/predictions/full/clean_only/tcn/seed_43/bandpass_n20001_cRA_LA_V1_V6_independent_rms_s15.npz,76429,76dd6d1ba1f9aa729606cb94e624794ccd54bf14e7fc19e8ac64a4d5481bb03f
tcn,clean_only,43,bandpass_n20001_cRA_LA_V1_V6_independent_rms_s10,phase2/results/predictions/full/clean_only/tcn/seed_43/bandpass_n20001_cRA_LA_V1_V6_independent_rms_s10.npz,76363,9dd6db24b0e224203bc7bb9e69eba0403b790dba1a5376b4498c2846d90a0e0e
tcn,clean_only,43,bandpass_n20001_cRA_LA_V1_V6_independent_rms_s5,phase2/results/predictions/full/clean_only/tcn/seed_43/bandpass_n20001_cRA_LA_V1_V6_independent_rms_s5.npz,76215,3165920f32ed0215e44f137feb1cf8196e99a8b1ef67208dd48b1a79a209be28
tcn,clean_only,43,bandpass_n20001_cRA_LA_V1_V6_independent_rms_s0,phase2/results/predictions/full/clean_only/tcn/seed_43/bandpass_n20001_cRA_LA_V1_V6_independent_rms_s0.npz,75827,e31311c631eebd9b192b6dbf6f831110600b5e75732716dbd698babce5bbae5f
tcn,clean_only,43,bandpass_n20001_cRA_LA_V1_V6_electrode_s20,phase2/results/predictions/full/clean_only/tcn/seed_43/bandpass_n20001_cRA_LA_V1_V6_electrode_s20.npz,76420,47cc6aff708b374ef955935bdf507abb77d819544c8318c846ddadfe978d09f8
tcn,clean_only,43,bandpass_n20001_cRA_LA_V1_V6_electrode_s15,phase2/results/predictions/full/clean_only/tcn/seed_43/bandpass_n20001_cRA_LA_V1_V6_electrode_s15.npz,76428,7cf8fc238bdabe0e4423a3abc9ced96acc439e98ef80dbbdb63587f7b029d33c
tcn,clean_only,43,bandpass_n20001_cRA_LA_V1_V6_electrode_s10,phase2/results/predictions/full/clean_only/tcn/seed_43/bandpass_n20001_cRA_LA_V1_V6_electrode_s10.npz,76268,cdfab51c6a86c8bdac1a1bcbda3e149ee16eb9729fe2278b164b8d23201d1e6a
tcn,clean_only,43,bandpass_n20001_cRA_LA_V1_V6_electrode_s5,phase2/results/predictions/full/clean_only/tcn/seed_43/bandpass_n20001_cRA_LA_V1_V6_electrode_s5.npz,76030,9a9caaf4c99ab701c582eb3bf931d37df4cd756f16a265bc4af54026741944c7
tcn,clean_only,43,bandpass_n20001_cRA_LA_V1_V6_electrode_s0,phase2/results/predictions/full/clean_only/tcn/seed_43/bandpass_n20001_cRA_LA_V1_V6_electrode_s0.npz,75432,6591f119ebfaf99235a098b79bba20bfa2882faa213d20a760373b505af1b979
tcn,clean_only,43,bandpass_n20001_cRA_LA_V1_V6_covariance_s20,phase2/results/predictions/full/clean_only/tcn/seed_43/bandpass_n20001_cRA_LA_V1_V6_covariance_s20.npz,76411,41836177c10dd46b540c84dd49c9dd0b22b97ed7bc45ad4cf77774e8b8c65ec6
tcn,clean_only,43,bandpass_n20001_cRA_LA_V1_V6_covariance_s15,phase2/results/predictions/full/clean_only/tcn/seed_43/bandpass_n20001_cRA_LA_V1_V6_covariance_s15.npz,76389,486e2a7b8b07207acb31917d1d3053234051368850700df32c1a7aefd3d40266
tcn,clean_only,43,bandpass_n20001_cRA_LA_V1_V6_covariance_s10,phase2/results/predictions/full/clean_only/tcn/seed_43/bandpass_n20001_cRA_LA_V1_V6_covariance_s10.npz,76289,d08231ed687b14d2473b4fc175ce3433ad45baeda79fd0d4b5b5b19c475983af
tcn,clean_only,43,bandpass_n20001_cRA_LA_V1_V6_covariance_s5,phase2/results/predictions/full/clean_only/tcn/seed_43/bandpass_n20001_cRA_LA_V1_V6_covariance_s5.npz,76030,c624614b665667ceb77786ff68a4587588641be5e0acdb49f9c6f24888da91f2
tcn,clean_only,43,bandpass_n20001_cRA_LA_V1_V6_covariance_s0,phase2/results/predictions/full/clean_only/tcn/seed_43/bandpass_n20001_cRA_LA_V1_V6_covariance_s0.npz,75419,ca55aa45ed287a4553fa6d14b5458fe42479179f6906a15413e4cd811b5df594
tcn,clean_only,43,bandpass_n20001_cRA_V2_V5_independent_rms_s20,phase2/results/predictions/full/clean_only/tcn/seed_43/bandpass_n20001_cRA_V2_V5_independent_rms_s20.npz,76392,e708c2167c3d1c0f3d020e01b4c64e1714efa097f6e1010bb51c4c666f703527
tcn,clean_only,43,bandpass_n20001_cRA_V2_V5_independent_rms_s15,phase2/results/predictions/full/clean_only/tcn/seed_43/bandpass_n20001_cRA_V2_V5_independent_rms_s15.npz,76431,608ab75010585ff8c73098f6f287bee879497b4407960eeb9a4bdcfedcbbb88a
tcn,clean_only,43,bandpass_n20001_cRA_V2_V5_independent_rms_s10,phase2/results/predictions/full/clean_only/tcn/seed_43/bandpass_n20001_cRA_V2_V5_independent_rms_s10.npz,76370,a16c1ebf8f9dd179c0eb23df06becd7699cf8bd2001b958a3e58760a81ea2ec5
tcn,clean_only,43,bandpass_n20001_cRA_V2_V5_independent_rms_s5,phase2/results/predictions/full/clean_only/tcn/seed_43/bandpass_n20001_cRA_V2_V5_independent_rms_s5.npz,76210,4c9216241d518a6770e33e8b2b48208ae2f320c659eedb4e5ea1d51d794adc5b
tcn,clean_only,43,bandpass_n20001_cRA_V2_V5_independent_rms_s0,phase2/results/predictions/full/clean_only/tcn/seed_43/bandpass_n20001_cRA_V2_V5_independent_rms_s0.npz,75862,33b42fcaae4e3cef565d8d6fabe9b4266e7b7a0151cb9bc20fd8b339e28b519c
tcn,clean_only,43,bandpass_n20001_cRA_V2_V5_electrode_s20,phase2/results/predictions/full/clean_only/tcn/seed_43/bandpass_n20001_cRA_V2_V5_electrode_s20.npz,76437,b9cbfa98667c305ac8ce5ee1e1d0b5b880894f2179f5316c57c91b7479dea7cc
tcn,clean_only,43,bandpass_n20001_cRA_V2_V5_electrode_s15,phase2/results/predictions/full/clean_only/tcn/seed_43/bandpass_n20001_cRA_V2_V5_electrode_s15.npz,76351,c3be9e3783fa16962845bfa7bf8507e56104f9b61e67b382797fc82d50723c64
tcn,clean_only,43,bandpass_n20001_cRA_V2_V5_electrode_s10,phase2/results/predictions/full/clean_only/tcn/seed_43/bandpass_n20001_cRA_V2_V5_electrode_s10.npz,76306,af0c2b23df33874b501ee01a2ef1cf4a31dbf7aad2e84e2e6c7194395cfc1696
tcn,clean_only,43,bandpass_n20001_cRA_V2_V5_electrode_s5,phase2/results/predictions/full/clean_only/tcn/seed_43/bandpass_n20001_cRA_V2_V5_electrode_s5.npz,76035,80da9c3dc4d52122cf050c2b7200a13e9f9489a5fd4f44a1e53a180168ac91f5
tcn,clean_only,43,bandpass_n20001_cRA_V2_V5_electrode_s0,phase2/results/predictions/full/clean_only/tcn/seed_43/bandpass_n20001_cRA_V2_V5_electrode_s0.npz,75449,92dd698c7f9d5bf9183eaff1b537772bb8f937268c7eb85ca2f03b86b8072117
tcn,clean_only,43,bandpass_n20001_cRA_V2_V5_covariance_s20,phase2/results/predictions/full/clean_only/tcn/seed_43/bandpass_n20001_cRA_V2_V5_covariance_s20.npz,76412,1dc2ea58afa09d0ca9c0b4937d8f46286052178eadf75d6e1a292ea791c37928
tcn,clean_only,43,bandpass_n20001_cRA_V2_V5_covariance_s15,phase2/results/predictions/full/clean_only/tcn/seed_43/bandpass_n20001_cRA_V2_V5_covariance_s15.npz,76392,92fea1fc9c2efc67126f1828d2dfc058d408520f83f7ba71941869da96dc2625
tcn,clean_only,43,bandpass_n20001_cRA_V2_V5_covariance_s10,phase2/results/predictions/full/clean_only/tcn/seed_43/bandpass_n20001_cRA_V2_V5_covariance_s10.npz,76259,6241e58384f42c98cabf6498f6f7c511bb7e8417f947164c6b8079a143d9fac0
tcn,clean_only,43,bandpass_n20001_cRA_V2_V5_covariance_s5,phase2/results/predictions/full/clean_only/tcn/seed_43/bandpass_n20001_cRA_V2_V5_covariance_s5.npz,76061,cd0f0edcb85b5fa9322251849c92ab5fc2bd0551180eb04d2b56ddcf61d44921
tcn,clean_only,43,bandpass_n20001_cRA_V2_V5_covariance_s0,phase2/results/predictions/full/clean_only/tcn/seed_43/bandpass_n20001_cRA_V2_V5_covariance_s0.npz,75422,befc9dc532f630bf8cedbc69d70bb984832f0d451adc38e0eac416ab47676cd5
tcn,clean_only,43,bandpass_n20001_cLA_V3_V6_independent_rms_s20,phase2/results/predictions/full/clean_only/tcn/seed_43/bandpass_n20001_cLA_V3_V6_independent_rms_s20.npz,76435,681415800404c1e33583eaf4874140fe9b9479a8c35dbc0ddedf6fc5c446ea13
tcn,clean_only,43,bandpass_n20001_cLA_V3_V6_independent_rms_s15,phase2/results/predictions/full/clean_only/tcn/seed_43/bandpass_n20001_cLA_V3_V6_independent_rms_s15.npz,76445,d6d2d4d268d7e919cf0cc80beb06469ece9f07cec617566b2996690f6a9baf77
tcn,clean_only,43,bandpass_n20001_cLA_V3_V6_independent_rms_s10,phase2/results/predictions/full/clean_only/tcn/seed_43/bandpass_n20001_cLA_V3_V6_independent_rms_s10.npz,76405,7902b5a431142f36eb63ad05ca27c583984ccf120135dfa4c6a91a9d8ce6a296
tcn,clean_only,43,bandpass_n20001_cLA_V3_V6_independent_rms_s5,phase2/results/predictions/full/clean_only/tcn/seed_43/bandpass_n20001_cLA_V3_V6_independent_rms_s5.npz,76254,a0d352bb65fe0305014677f69b628fbae244d5fefceaea9da4694472731102fb
tcn,clean_only,43,bandpass_n20001_cLA_V3_V6_independent_rms_s0,phase2/results/predictions/full/clean_only/tcn/seed_43/bandpass_n20001_cLA_V3_V6_independent_rms_s0.npz,75888,f5f01a3b0d584277d4bbebdda61f106241d1ff5ddd0946ed9c58de365703350d
tcn,clean_only,43,bandpass_n20001_cLA_V3_V6_electrode_s20,phase2/results/predictions/full/clean_only/tcn/seed_43/bandpass_n20001_cLA_V3_V6_electrode_s20.npz,76424,3191a91fad74fa17bac1714db24e3d6747520102c2412b560402e1e470e926e0
tcn,clean_only,43,bandpass_n20001_cLA_V3_V6_electrode_s15,phase2/results/predictions/full/clean_only/tcn/seed_43/bandpass_n20001_cLA_V3_V6_electrode_s15.npz,76426,c63b595ccd54468d97746b0783feff6b213150bd1cb811423b75bbca5981c4f5
tcn,clean_only,43,bandpass_n20001_cLA_V3_V6_electrode_s10,phase2/results/predictions/full/clean_only/tcn/seed_43/bandpass_n20001_cLA_V3_V6_electrode_s10.npz,76324,2a35a1e357061530b7512b395d0101a5290bf9d28e06844d6dfa67ce6331304e
tcn,clean_only,43,bandpass_n20001_cLA_V3_V6_electrode_s5,phase2/results/predictions/full/clean_only/tcn/seed_43/bandpass_n20001_cLA_V3_V6_electrode_s5.npz,76120,f20193664117f3a4aeda1991c67efc6d7638c830b445d62480551eea0ddc477b
tcn,clean_only,43,bandpass_n20001_cLA_V3_V6_electrode_s0,phase2/results/predictions/full/clean_only/tcn/seed_43/bandpass_n20001_cLA_V3_V6_electrode_s0.npz,75685,676da392fa7835d443bea486922079d2e0aca835df5ac3aad4ffe68481393b9a
tcn,clean_only,43,bandpass_n20001_cLA_V3_V6_covariance_s20,phase2/results/predictions/full/clean_only/tcn/seed_43/bandpass_n20001_cLA_V3_V6_covariance_s20.npz,76430,bfc40e2a035bd9ca453a2c425ef58e861b96c51ab304926d656448e83fd2634a
tcn,clean_only,43,bandpass_n20001_cLA_V3_V6_covariance_s15,phase2/results/predictions/full/clean_only/tcn/seed_43/bandpass_n20001_cLA_V3_V6_covariance_s15.npz,76375,304f05b8409f6400cb070f724bc33d9123e99cf6769fb09ec2bfe1019ffc0ba9
tcn,clean_only,43,bandpass_n20001_cLA_V3_V6_covariance_s10,phase2/results/predictions/full/clean_only/tcn/seed_43/bandpass_n20001_cLA_V3_V6_covariance_s10.npz,76320,478e0a7e0176bee31e5614a5140b04b208dde86aeb8452ab465f22fb64c32542
tcn,clean_only,43,bandpass_n20001_cLA_V3_V6_covariance_s5,phase2/results/predictions/full/clean_only/tcn/seed_43/bandpass_n20001_cLA_V3_V6_covariance_s5.npz,76175,346df564f44ac5bb3493885ea98245d242653afa9f5d7f2754903839a57a5518
tcn,clean_only,43,bandpass_n20001_cLA_V3_V6_covariance_s0,phase2/results/predictions/full/clean_only/tcn/seed_43/bandpass_n20001_cLA_V3_V6_covariance_s0.npz,75707,85f429633e6ec6a8cb6c0b1c477acee9a12fd3642974046957fae7f3b3de1efc
tcn,clean_only,43,bandpass_n20001_cLL_V1_V4_independent_rms_s20,phase2/results/predictions/full/clean_only/tcn/seed_43/bandpass_n20001_cLL_V1_V4_independent_rms_s20.npz,76422,2d445af815ece5f6256cf45d934090be090137ba5aa2ae7a99c1d7a7bf92039a
tcn,clean_only,43,bandpass_n20001_cLL_V1_V4_independent_rms_s15,phase2/results/predictions/full/clean_only/tcn/seed_43/bandpass_n20001_cLL_V1_V4_independent_rms_s15.npz,76422,e0abc643867029ede8154ce9e316822638e57d203aec6c5c1b93d6d82561fac7
tcn,clean_only,43,bandpass_n20001_cLL_V1_V4_independent_rms_s10,phase2/results/predictions/full/clean_only/tcn/seed_43/bandpass_n20001_cLL_V1_V4_independent_rms_s10.npz,76353,698fc160e72544737262c36507cb58bb0cd7db0257be8871ccfa12012b90cf8c
tcn,clean_only,43,bandpass_n20001_cLL_V1_V4_independent_rms_s5,phase2/results/predictions/full/clean_only/tcn/seed_43/bandpass_n20001_cLL_V1_V4_independent_rms_s5.npz,76233,abdd562c65957c20bd9e3e4ea73348834e17d8172ecf2826dedbcf3ab6940f6f
tcn,clean_only,43,bandpass_n20001_cLL_V1_V4_independent_rms_s0,phase2/results/predictions/full/clean_only/tcn/seed_43/bandpass_n20001_cLL_V1_V4_independent_rms_s0.npz,75869,3cf3a2cd2e645de8d2ebe92ac038f9c6834dfbe3131289c6886df47091e9f05b
tcn,clean_only,43,bandpass_n20001_cLL_V1_V4_electrode_s20,phase2/results/predictions/full/clean_only/tcn/seed_43/bandpass_n20001_cLL_V1_V4_electrode_s20.npz,76423,bcc1f121d69db61ed843ac85241414af26d1affb35675cd49787f97087158684
tcn,clean_only,43,bandpass_n20001_cLL_V1_V4_electrode_s15,phase2/results/predictions/full/clean_only/tcn/seed_43/bandpass_n20001_cLL_V1_V4_electrode_s15.npz,76382,1b879654bc43f3d136b2aca33ff31efbbb87aa2e324f46a09e8d9a487c413e48
tcn,clean_only,43,bandpass_n20001_cLL_V1_V4_electrode_s10,phase2/results/predictions/full/clean_only/tcn/seed_43/bandpass_n20001_cLL_V1_V4_electrode_s10.npz,76310,3bd0c76d83361dd664361b9a56e7f393afc05710c4ed515711c0e646bc3e9ae1
tcn,clean_only,43,bandpass_n20001_cLL_V1_V4_electrode_s5,phase2/results/predictions/full/clean_only/tcn/seed_43/bandpass_n20001_cLL_V1_V4_electrode_s5.npz,76144,52fb9b986c1564c4df4b5fb2a44ab5e605f43395426829d2b684b0df0539e34c
tcn,clean_only,43,bandpass_n20001_cLL_V1_V4_electrode_s0,phase2/results/predictions/full/clean_only/tcn/seed_43/bandpass_n20001_cLL_V1_V4_electrode_s0.npz,75740,87f2dbe2457a53743ec264d5f3a4918eb59e7fc6f81f37c627e3e1dd827c7b12
tcn,clean_only,43,bandpass_n20001_cLL_V1_V4_covariance_s20,phase2/results/predictions/full/clean_only/tcn/seed_43/bandpass_n20001_cLL_V1_V4_covariance_s20.npz,76412,2e733ba66e5d4667751fe7921f813121862b889541cb5eeec9aa418dd309145c
tcn,clean_only,43,bandpass_n20001_cLL_V1_V4_covariance_s15,phase2/results/predictions/full/clean_only/tcn/seed_43/bandpass_n20001_cLL_V1_V4_covariance_s15.npz,76386,4d5c2758c2f09e0a9056779052d9d236701634d2e411ad165ad0cf1c7af619c0
tcn,clean_only,43,bandpass_n20001_cLL_V1_V4_covariance_s10,phase2/results/predictions/full/clean_only/tcn/seed_43/bandpass_n20001_cLL_V1_V4_covariance_s10.npz,76292,2a79fb7622ca79b927ecb6233bfdbc8f9e7a3e539435497e9085ef61f2d769ef
tcn,clean_only,43,bandpass_n20001_cLL_V1_V4_covariance_s5,phase2/results/predictions/full/clean_only/tcn/seed_43/bandpass_n20001_cLL_V1_V4_covariance_s5.npz,76112,e5dab8d4382c1a960dc08fc5d8debf8361fe31c9a95e951a3f3e8eb3c7bb93bb
tcn,clean_only,43,bandpass_n20001_cLL_V1_V4_covariance_s0,phase2/results/predictions/full/clean_only/tcn/seed_43/bandpass_n20001_cLL_V1_V4_covariance_s0.npz,75729,ab1cbaff2979f1fc939742c8c9cf0333df2501f1e66711fdac3c12e3cc8a333b
tcn,clean_only,43,bandpass_n20001_call_independent_rms_s20,phase2/results/predictions/full/clean_only/tcn/seed_43/bandpass_n20001_call_independent_rms_s20.npz,76397,e3cb0e30e680d6b586589a564deed1dc736f8458ad177df6cc434dc496fc7b83
tcn,clean_only,43,bandpass_n20001_call_independent_rms_s15,phase2/results/predictions/full/clean_only/tcn/seed_43/bandpass_n20001_call_independent_rms_s15.npz,76385,dcfbf032f0aa03fe9f35cbe81a65cfd4cbd77a74580ad0f79ad47e1b9a7df559
tcn,clean_only,43,bandpass_n20001_call_independent_rms_s10,phase2/results/predictions/full/clean_only/tcn/seed_43/bandpass_n20001_call_independent_rms_s10.npz,76331,414461b2df2602c39e0233087e345d602020a932c579cd19a09bca82dee1f826
tcn,clean_only,43,bandpass_n20001_call_independent_rms_s5,phase2/results/predictions/full/clean_only/tcn/seed_43/bandpass_n20001_call_independent_rms_s5.npz,76174,147a2a133258b7936b4201fe494d836638415278cd32433c7d64826ab81f984b
tcn,clean_only,43,bandpass_n20001_call_independent_rms_s0,phase2/results/predictions/full/clean_only/tcn/seed_43/bandpass_n20001_call_independent_rms_s0.npz,75878,480b6e9abf0a5bfa8a87b1fa4832eb558defe6337dc6037e55d4fed2fce8f433
tcn,clean_only,43,bandpass_n20001_call_electrode_s20,phase2/results/predictions/full/clean_only/tcn/seed_43/bandpass_n20001_call_electrode_s20.npz,76377,95c0505a38a43264248d24eb279bc2cb26f06fb94e8026d9048873edc9f71034
tcn,clean_only,43,bandpass_n20001_call_electrode_s15,phase2/results/predictions/full/clean_only/tcn/seed_43/bandpass_n20001_call_electrode_s15.npz,76369,488859b2b5af779ba46ab7fe1ea375caea1fb8ec7ba6f71b74a64528d7a13543
tcn,clean_only,43,bandpass_n20001_call_electrode_s10,phase2/results/predictions/full/clean_only/tcn/seed_43/bandpass_n20001_call_electrode_s10.npz,76271,bcdccfe29028a9e761dff004cfdde8da66f4f777038b082684b37127cc16760a
tcn,clean_only,43,bandpass_n20001_call_electrode_s5,phase2/results/predictions/full/clean_only/tcn/seed_43/bandpass_n20001_call_electrode_s5.npz,76040,5934a49eb9442779e42ef75cc2a6949e0415101028419c14ef818bbae71dfedc
tcn,clean_only,43,bandpass_n20001_call_electrode_s0,phase2/results/predictions/full/clean_only/tcn/seed_43/bandpass_n20001_call_electrode_s0.npz,75512,e89f264b5cbf9cb74b8ca59b1a1d66e5f495117aa6b04661f65f9e49aa33f96f
tcn,clean_only,43,bandpass_n20001_call_covariance_s20,phase2/results/predictions/full/clean_only/tcn/seed_43/bandpass_n20001_call_covariance_s20.npz,76401,4e611a716e69226d239e68cfdb47e4abd3fc4502cccb06f42f4a71b8448d76bf
tcn,clean_only,43,bandpass_n20001_call_covariance_s15,phase2/results/predictions/full/clean_only/tcn/seed_43/bandpass_n20001_call_covariance_s15.npz,76375,571546318d5716eb752c2bd9c2a29046e5528ca963d192d763aa9d4c22693ac4
tcn,clean_only,43,bandpass_n20001_call_covariance_s10,phase2/results/predictions/full/clean_only/tcn/seed_43/bandpass_n20001_call_covariance_s10.npz,76265,a28dd30a81d4d7f6701baf5f97de13cb17231492b7b699142158aec89a279554
tcn,clean_only,43,bandpass_n20001_call_covariance_s5,phase2/results/predictions/full/clean_only/tcn/seed_43/bandpass_n20001_call_covariance_s5.npz,76062,3f9e0473f6cc2316db72506150bb10c4b3bc7eb12b9b3bbabdc570196192db08
tcn,clean_only,43,bandpass_n20001_call_covariance_s0,phase2/results/predictions/full/clean_only/tcn/seed_43/bandpass_n20001_call_covariance_s0.npz,75519,b0cc866851cb07b1311c3eb805d0a1cc6482bb10390315ddda31a626b68f441d
tcn,clean_only,43,bandpass_n20002_cRA_LA_LL_independent_rms_s20,phase2/results/predictions/full/clean_only/tcn/seed_43/bandpass_n20002_cRA_LA_LL_independent_rms_s20.npz,76436,e622e965652668d1b6250ee5fef76ce9a96ca5c2e978eb7071e8113f56f22bc7
tcn,clean_only,43,bandpass_n20002_cRA_LA_LL_independent_rms_s15,phase2/results/predictions/full/clean_only/tcn/seed_43/bandpass_n20002_cRA_LA_LL_independent_rms_s15.npz,76454,9f92214004084fc885392d5e62dfbe5893d4a8faf67527b9492bddafa5eebee3
tcn,clean_only,43,bandpass_n20002_cRA_LA_LL_independent_rms_s10,phase2/results/predictions/full/clean_only/tcn/seed_43/bandpass_n20002_cRA_LA_LL_independent_rms_s10.npz,76320,14a48d4ea04776ce89566808c5addc00a3065f62f8d5c9fdf31d22b0a2e27c93
tcn,clean_only,43,bandpass_n20002_cRA_LA_LL_independent_rms_s5,phase2/results/predictions/full/clean_only/tcn/seed_43/bandpass_n20002_cRA_LA_LL_independent_rms_s5.npz,76198,d6388ef818f947126c048e18c01f5bee833522d4da4689c63b856eec777b956e
tcn,clean_only,43,bandpass_n20002_cRA_LA_LL_independent_rms_s0,phase2/results/predictions/full/clean_only/tcn/seed_43/bandpass_n20002_cRA_LA_LL_independent_rms_s0.npz,75817,091fda9ef07aaac3018e47c957d953ecad794bfef25876d52ecd948727435e90
tcn,clean_only,43,bandpass_n20002_cRA_LA_LL_electrode_s20,phase2/results/predictions/full/clean_only/tcn/seed_43/bandpass_n20002_cRA_LA_LL_electrode_s20.npz,76398,b3c19f19c068f78138633ae2d6b484f3388bf13ee06ed243fe80027643011665
tcn,clean_only,43,bandpass_n20002_cRA_LA_LL_electrode_s15,phase2/results/predictions/full/clean_only/tcn/seed_43/bandpass_n20002_cRA_LA_LL_electrode_s15.npz,76350,a173767fcda7d6b1ec773a675a05dca071458ed16a0f5b1d15a9a48fb248efdd
tcn,clean_only,43,bandpass_n20002_cRA_LA_LL_electrode_s10,phase2/results/predictions/full/clean_only/tcn/seed_43/bandpass_n20002_cRA_LA_LL_electrode_s10.npz,76258,59d39921a4d2b23404c3520c55fa0535d4af241fe5974e0459ecf3b88ef8b876
tcn,clean_only,43,bandpass_n20002_cRA_LA_LL_electrode_s5,phase2/results/predictions/full/clean_only/tcn/seed_43/bandpass_n20002_cRA_LA_LL_electrode_s5.npz,76008,74aa250a7fd5f1a7a42e5d0086d828547b77d8c34058649356e5b6ebca955ebb
tcn,clean_only,43,bandpass_n20002_cRA_LA_LL_electrode_s0,phase2/results/predictions/full/clean_only/tcn/seed_43/bandpass_n20002_cRA_LA_LL_electrode_s0.npz,75438,d34253c8ad4d26ca82ce627661ce3e47a491dd8c600c5793309144edcdbaa3b5
tcn,clean_only,43,bandpass_n20002_cRA_LA_LL_covariance_s20,phase2/results/predictions/full/clean_only/tcn/seed_43/bandpass_n20002_cRA_LA_LL_covariance_s20.npz,76375,69712ee890c8d5f1a9c450c5ea8e2b2ac0804f638993cc1efe483642d7413d8e
tcn,clean_only,43,bandpass_n20002_cRA_LA_LL_covariance_s15,phase2/results/predictions/full/clean_only/tcn/seed_43/bandpass_n20002_cRA_LA_LL_covariance_s15.npz,76403,a128d118e82b385efbb5fea675a15362bcc42db720b450ce189609ab457c7bbf
tcn,clean_only,43,bandpass_n20002_cRA_LA_LL_covariance_s10,phase2/results/predictions/full/clean_only/tcn/seed_43/bandpass_n20002_cRA_LA_LL_covariance_s10.npz,76282,5ac7b887ccdbc7e9a5bcbfbbeadafe9ae52f02f1787f2de51b969ac5c33e8281
tcn,clean_only,43,bandpass_n20002_cRA_LA_LL_covariance_s5,phase2/results/predictions/full/clean_only/tcn/seed_43/bandpass_n20002_cRA_LA_LL_covariance_s5.npz,76033,3c91238c5b2e2ace7562dd43a7299323348aa7986cdca42ba07d50ebc2742fb7
tcn,clean_only,43,bandpass_n20002_cRA_LA_LL_covariance_s0,phase2/results/predictions/full/clean_only/tcn/seed_43/bandpass_n20002_cRA_LA_LL_covariance_s0.npz,75430,4aa9e1240bcd4b3cf0ad87676610024c1514f5e7ffd967a8dffb3897e1b33b5f
tcn,clean_only,43,bandpass_n20002_cV1_independent_rms_s20,phase2/results/predictions/full/clean_only/tcn/seed_43/bandpass_n20002_cV1_independent_rms_s20.npz,76445,7272059eef1a1d80887a1951da5e441476a354c44c921af5374c3a0d70126340
tcn,clean_only,43,bandpass_n20002_cV1_independent_rms_s15,phase2/results/predictions/full/clean_only/tcn/seed_43/bandpass_n20002_cV1_independent_rms_s15.npz,76417,9c1c651c58869b13bfc86b7491c966fc3874df97012b3d250f6e2b24b7b7b7cc
tcn,clean_only,43,bandpass_n20002_cV1_independent_rms_s10,phase2/results/predictions/full/clean_only/tcn/seed_43/bandpass_n20002_cV1_independent_rms_s10.npz,76291,6371cc9c26a536feac470f05739010bba4de63b74a8db1383eea31dd1089e880
tcn,clean_only,43,bandpass_n20002_cV1_independent_rms_s5,phase2/results/predictions/full/clean_only/tcn/seed_43/bandpass_n20002_cV1_independent_rms_s5.npz,76164,883a3512101c3d928c8f80308eecc092776a5cd9fc174141254748f8183a06f8
tcn,clean_only,43,bandpass_n20002_cV1_independent_rms_s0,phase2/results/predictions/full/clean_only/tcn/seed_43/bandpass_n20002_cV1_independent_rms_s0.npz,75846,02ba17dab250e55b52e8f79d280bc1a903e48ab85bbddf42159e190d306b2fc7
tcn,clean_only,43,bandpass_n20002_cV1_electrode_s20,phase2/results/predictions/full/clean_only/tcn/seed_43/bandpass_n20002_cV1_electrode_s20.npz,76399,2cd9d6fb24362015464bc3ce627ae7f6c1246dcb98825bc59d8fecc8b38d03bc
tcn,clean_only,43,bandpass_n20002_cV1_electrode_s15,phase2/results/predictions/full/clean_only/tcn/seed_43/bandpass_n20002_cV1_electrode_s15.npz,76388,229dadfd432bb7c6fc09ba4d37ab7c3c6f3aa259ea7d917799d09057cb536b85
tcn,clean_only,43,bandpass_n20002_cV1_electrode_s10,phase2/results/predictions/full/clean_only/tcn/seed_43/bandpass_n20002_cV1_electrode_s10.npz,76323,ca60f6d3722128b3bce0576f503fbf6e350111b5e84df0be9127795e53e42fc7
tcn,clean_only,43,bandpass_n20002_cV1_electrode_s5,phase2/results/predictions/full/clean_only/tcn/seed_43/bandpass_n20002_cV1_electrode_s5.npz,76117,a14bc0d70ca1c1c559e1cf0203f6de81539034b694c646b652797a787f19cfa4
tcn,clean_only,43,bandpass_n20002_cV1_electrode_s0,phase2/results/predictions/full/clean_only/tcn/seed_43/bandpass_n20002_cV1_electrode_s0.npz,75846,f6bf79f15795dbb8f1e5cc9121b68b2ca5391b735819c31679eb279fa9bd00e9
tcn,clean_only,43,bandpass_n20002_cV1_covariance_s20,phase2/results/predictions/full/clean_only/tcn/seed_43/bandpass_n20002_cV1_covariance_s20.npz,76426,7f2e164043b039ff4b7edc469ef963e28fc6b6b2e8aa4d97ece06b05f461cf83
tcn,clean_only,43,bandpass_n20002_cV1_covariance_s15,phase2/results/predictions/full/clean_only/tcn/seed_43/bandpass_n20002_cV1_covariance_s15.npz,76403,1660f79aabf8c3432d0c113451021bbae252711c6ef678727f7483c7f96594a9
tcn,clean_only,43,bandpass_n20002_cV1_covariance_s10,phase2/results/predictions/full/clean_only/tcn/seed_43/bandpass_n20002_cV1_covariance_s10.npz,76301,57a79232dc39f2ce562f7dc6ac290f3dc0550e522cf07f3196d0e619c78362d8
tcn,clean_only,43,bandpass_n20002_cV1_covariance_s5,phase2/results/predictions/full/clean_only/tcn/seed_43/bandpass_n20002_cV1_covariance_s5.npz,76147,6aff1a5ef0552b2def161bc01a424572e22836d50eb7c625dc52b9ba56ca576c
tcn,clean_only,43,bandpass_n20002_cV1_covariance_s0,phase2/results/predictions/full/clean_only/tcn/seed_43/bandpass_n20002_cV1_covariance_s0.npz,75827,f54e384c854a15d6819998a4ffc66fffb451f5c80b3c45e2e60f6cff54d905fd
tcn,clean_only,43,bandpass_n20002_cV2_independent_rms_s20,phase2/results/predictions/full/clean_only/tcn/seed_43/bandpass_n20002_cV2_independent_rms_s20.npz,76388,9d4d86d47b8a0c2045dd289085d3629ab2e22230883e1023aede99aeba9b604d
tcn,clean_only,43,bandpass_n20002_cV2_independent_rms_s15,phase2/results/predictions/full/clean_only/tcn/seed_43/bandpass_n20002_cV2_independent_rms_s15.npz,76390,8d3be8091684d5f5526083ece4e59f762be017c26f4bae1e7938445f38554a3c
tcn,clean_only,43,bandpass_n20002_cV2_independent_rms_s10,phase2/results/predictions/full/clean_only/tcn/seed_43/bandpass_n20002_cV2_independent_rms_s10.npz,76365,29e209c196ab66b942fc7003cda9d3a44487e5d33c52fcae12dca91927b1fd1d
tcn,clean_only,43,bandpass_n20002_cV2_independent_rms_s5,phase2/results/predictions/full/clean_only/tcn/seed_43/bandpass_n20002_cV2_independent_rms_s5.npz,76223,81c705938e8716be1af5f6f12c6e786bc01090bd28e16ab74e95b1c7cb41aebd
tcn,clean_only,43,bandpass_n20002_cV2_independent_rms_s0,phase2/results/predictions/full/clean_only/tcn/seed_43/bandpass_n20002_cV2_independent_rms_s0.npz,75943,452d43410dfab3ed2ba28d53826ac9871d557afd742daddf2c4d2b8bae33a907
tcn,clean_only,43,bandpass_n20002_cV2_electrode_s20,phase2/results/predictions/full/clean_only/tcn/seed_43/bandpass_n20002_cV2_electrode_s20.npz,76388,f909df61eff44b85f770c364e3609de014579ec1413e0090af59f50b7e066f94
tcn,clean_only,43,bandpass_n20002_cV2_electrode_s15,phase2/results/predictions/full/clean_only/tcn/seed_43/bandpass_n20002_cV2_electrode_s15.npz,76414,387cb9ec1c55f23cacf5e54bc1db3ce8c4fcb3f29dc58fb9c0e257ce578d7e35
tcn,clean_only,43,bandpass_n20002_cV2_electrode_s10,phase2/results/predictions/full/clean_only/tcn/seed_43/bandpass_n20002_cV2_electrode_s10.npz,76353,9677ac6e1cd8d3525954f7ea2e2788a1e3857f2a87ccaafc4db5b4ccb628e97b
tcn,clean_only,43,bandpass_n20002_cV2_electrode_s5,phase2/results/predictions/full/clean_only/tcn/seed_43/bandpass_n20002_cV2_electrode_s5.npz,76230,56ca0eb8768e70d5897dbb6282cede2fee4494af7fedf0f855aa695b110ffd4c
tcn,clean_only,43,bandpass_n20002_cV2_electrode_s0,phase2/results/predictions/full/clean_only/tcn/seed_43/bandpass_n20002_cV2_electrode_s0.npz,75942,ff3da3e125f3e90fe9d2c3b407fbfabc0e999a3d5f8cb4ae87f3b78916a8a08c
tcn,clean_only,43,bandpass_n20002_cV2_covariance_s20,phase2/results/predictions/full/clean_only/tcn/seed_43/bandpass_n20002_cV2_covariance_s20.npz,76395,da4c2085b7f6f7cb47365ab2c03caa522c41b42f1e1d8d4f71e46f864dbaf03e
tcn,clean_only,43,bandpass_n20002_cV2_covariance_s15,phase2/results/predictions/full/clean_only/tcn/seed_43/bandpass_n20002_cV2_covariance_s15.npz,76390,69e69be19c6514436041ed7877e60b04b300794cf95baaa3b1c47ee6e54e0f70
tcn,clean_only,43,bandpass_n20002_cV2_covariance_s10,phase2/results/predictions/full/clean_only/tcn/seed_43/bandpass_n20002_cV2_covariance_s10.npz,76344,5adf61f005606de7e8a54c55941b9404d387e4400c75a7afb47c0f36701af316
tcn,clean_only,43,bandpass_n20002_cV2_covariance_s5,phase2/results/predictions/full/clean_only/tcn/seed_43/bandpass_n20002_cV2_covariance_s5.npz,76232,279f5eeb3dbd8426435104b442e6026deb710047079d125a4acc692aa7675829
tcn,clean_only,43,bandpass_n20002_cV2_covariance_s0,phase2/results/predictions/full/clean_only/tcn/seed_43/bandpass_n20002_cV2_covariance_s0.npz,75944,550eaea21c4947ea79a99443e83d334b72f9abc5188756855960687a0123ba55
tcn,clean_only,43,bandpass_n20002_cV3_independent_rms_s20,phase2/results/predictions/full/clean_only/tcn/seed_43/bandpass_n20002_cV3_independent_rms_s20.npz,76423,b1b15fe873ea8cdd4bdc46dfdeb93f79ec6e0f0d1e866d5f9b308153723876f1
tcn,clean_only,43,bandpass_n20002_cV3_independent_rms_s15,phase2/results/predictions/full/clean_only/tcn/seed_43/bandpass_n20002_cV3_independent_rms_s15.npz,76431,384d77ea3cfe08a6f487d28a6cd7974b9c745677ec3d0d6ad15a5ba8d16872ac
tcn,clean_only,43,bandpass_n20002_cV3_independent_rms_s10,phase2/results/predictions/full/clean_only/tcn/seed_43/bandpass_n20002_cV3_independent_rms_s10.npz,76398,eef7b52ec0fb64a7fc6e380121bcec1779b71a24bb4aa9dd302d305e0aa71287
tcn,clean_only,43,bandpass_n20002_cV3_independent_rms_s5,phase2/results/predictions/full/clean_only/tcn/seed_43/bandpass_n20002_cV3_independent_rms_s5.npz,76330,45c957172b39f9ed013f58995f0dc0548839ae086d5e28817487f903e6444925
tcn,clean_only,43,bandpass_n20002_cV3_independent_rms_s0,phase2/results/predictions/full/clean_only/tcn/seed_43/bandpass_n20002_cV3_independent_rms_s0.npz,76194,3fd91f76c175e15fa7c0f3b3da3f7cd6eb23d6486fa45a9fe4d42ba226a13645
tcn,clean_only,43,bandpass_n20002_cV3_electrode_s20,phase2/results/predictions/full/clean_only/tcn/seed_43/bandpass_n20002_cV3_electrode_s20.npz,76399,310d4f9e5f485ad2e74468762f61fd85ac0714d8fcc69cf306fd79ddda59a84c
tcn,clean_only,43,bandpass_n20002_cV3_electrode_s15,phase2/results/predictions/full/clean_only/tcn/seed_43/bandpass_n20002_cV3_electrode_s15.npz,76396,4ff3a1e9f979a6b0908b61f414c02c582f4692248ff8307435ee736fa06714f7
tcn,clean_only,43,bandpass_n20002_cV3_electrode_s10,phase2/results/predictions/full/clean_only/tcn/seed_43/bandpass_n20002_cV3_electrode_s10.npz,76367,e2c6aab5831dfbb02d92d4438ce1e4cdeeee44a21935ffe93519242056fc632f
tcn,clean_only,43,bandpass_n20002_cV3_electrode_s5,phase2/results/predictions/full/clean_only/tcn/seed_43/bandpass_n20002_cV3_electrode_s5.npz,76323,578cf344ff58c86c27728432a016eff6dfa3cb0ea932367712d340eba9d9e45e
tcn,clean_only,43,bandpass_n20002_cV3_electrode_s0,phase2/results/predictions/full/clean_only/tcn/seed_43/bandpass_n20002_cV3_electrode_s0.npz,76155,59f89b060c90e3cc109833d39b0dfc441354d875326065855476219b55d1ab96
tcn,clean_only,43,bandpass_n20002_cV3_covariance_s20,phase2/results/predictions/full/clean_only/tcn/seed_43/bandpass_n20002_cV3_covariance_s20.npz,76403,9321bb9c7a07469d2e499dda685a422a78631c3938e0e59d77bb3cb1f7a69dcc
tcn,clean_only,43,bandpass_n20002_cV3_covariance_s15,phase2/results/predictions/full/clean_only/tcn/seed_43/bandpass_n20002_cV3_covariance_s15.npz,76415,e91922290ee5a0c05ac95aa44e3839239f55d8315e9f051c7ece5a6cd3e43ac7
tcn,clean_only,43,bandpass_n20002_cV3_covariance_s10,phase2/results/predictions/full/clean_only/tcn/seed_43/bandpass_n20002_cV3_covariance_s10.npz,76407,7612f426e6828e90e1963329c04326819193d266bd3725fdac4f8d8e71bae34b
tcn,clean_only,43,bandpass_n20002_cV3_covariance_s5,phase2/results/predictions/full/clean_only/tcn/seed_43/bandpass_n20002_cV3_covariance_s5.npz,76333,215a4b3fc501f6c576d85bba86bda9989757dce3fe435e1123bd2974a94fc3c7
tcn,clean_only,43,bandpass_n20002_cV3_covariance_s0,phase2/results/predictions/full/clean_only/tcn/seed_43/bandpass_n20002_cV3_covariance_s0.npz,76159,45359b3c09d1624107c51c02591fca1949427ca14211a9fdde36c4e35f1aa324
tcn,clean_only,43,bandpass_n20002_cV4_independent_rms_s20,phase2/results/predictions/full/clean_only/tcn/seed_43/bandpass_n20002_cV4_independent_rms_s20.npz,76425,f746223c42fdabfc3afba4dfe902082302d00da9fb2393aa978cab5a9b203763
tcn,clean_only,43,bandpass_n20002_cV4_independent_rms_s15,phase2/results/predictions/full/clean_only/tcn/seed_43/bandpass_n20002_cV4_independent_rms_s15.npz,76419,d34d97c658970094ba2b6edf7dcdb18e667979eed1760b64e9cce032c05234b8
tcn,clean_only,43,bandpass_n20002_cV4_independent_rms_s10,phase2/results/predictions/full/clean_only/tcn/seed_43/bandpass_n20002_cV4_independent_rms_s10.npz,76377,2125283d346ccfed26d7ee07e785dddaa9215bdfe8c7cd0aba137182f493c7ed
tcn,clean_only,43,bandpass_n20002_cV4_independent_rms_s5,phase2/results/predictions/full/clean_only/tcn/seed_43/bandpass_n20002_cV4_independent_rms_s5.npz,76284,50d8ea35b1741d7627deb2c415cb0a3301e564835d29a7020c780a8c53f91e26
tcn,clean_only,43,bandpass_n20002_cV4_independent_rms_s0,phase2/results/predictions/full/clean_only/tcn/seed_43/bandpass_n20002_cV4_independent_rms_s0.npz,76048,2cf261e61fbda2e99caa141abe3be473f677d16336ce6c0ce7d7749fb98acc2f
tcn,clean_only,43,bandpass_n20002_cV4_electrode_s20,phase2/results/predictions/full/clean_only/tcn/seed_43/bandpass_n20002_cV4_electrode_s20.npz,76402,9a0cf0e598b84e6c0f16289e93c8a5a8e3800f960da2f873778ca3661532fa03
tcn,clean_only,43,bandpass_n20002_cV4_electrode_s15,phase2/results/predictions/full/clean_only/tcn/seed_43/bandpass_n20002_cV4_electrode_s15.npz,76408,e0084eb00e514a5796f994b4a2b39a0aa55075511d889174cb912373815d70f7
tcn,clean_only,43,bandpass_n20002_cV4_electrode_s10,phase2/results/predictions/full/clean_only/tcn/seed_43/bandpass_n20002_cV4_electrode_s10.npz,76348,4d5c25d5114d0aee2c012c986c4fb34ceab792139dd4c54d32f122b3c81d5792
tcn,clean_only,43,bandpass_n20002_cV4_electrode_s5,phase2/results/predictions/full/clean_only/tcn/seed_43/bandpass_n20002_cV4_electrode_s5.npz,76279,954d1dba5ad6720cf85a28e3340f9627c4915dad5d105270cd9c74f0040f0486
tcn,clean_only,43,bandpass_n20002_cV4_electrode_s0,phase2/results/predictions/full/clean_only/tcn/seed_43/bandpass_n20002_cV4_electrode_s0.npz,76058,4dabb5871a9beac30440c415f66e9769a451b3e38d38a3ab693590762a888c0d
tcn,clean_only,43,bandpass_n20002_cV4_covariance_s20,phase2/results/predictions/full/clean_only/tcn/seed_43/bandpass_n20002_cV4_covariance_s20.npz,76383,9e28fa57c6672baad293afa64bf170b5243ec204990f956eefb34d1357ee8868
tcn,clean_only,43,bandpass_n20002_cV4_covariance_s15,phase2/results/predictions/full/clean_only/tcn/seed_43/bandpass_n20002_cV4_covariance_s15.npz,76407,951448040fa55244950fdd8a635fc32f4a635470d6963e73b4e3490fa8e4908f
tcn,clean_only,43,bandpass_n20002_cV4_covariance_s10,phase2/results/predictions/full/clean_only/tcn/seed_43/bandpass_n20002_cV4_covariance_s10.npz,76376,5714175e8682680e162d2d61f949858be9d7230406346f6607a04088853c3a57
tcn,clean_only,43,bandpass_n20002_cV4_covariance_s5,phase2/results/predictions/full/clean_only/tcn/seed_43/bandpass_n20002_cV4_covariance_s5.npz,76273,403626cc67d54e6598425dc1493b9f9edf3a35f2f765daa4ca7ae9a1905761fd
tcn,clean_only,43,bandpass_n20002_cV4_covariance_s0,phase2/results/predictions/full/clean_only/tcn/seed_43/bandpass_n20002_cV4_covariance_s0.npz,76037,7b0d95f325b95be4b808ff6a83e126a4703dd5fca111120e265eaabb7e84e03d
tcn,clean_only,43,bandpass_n20002_cV5_independent_rms_s20,phase2/results/predictions/full/clean_only/tcn/seed_43/bandpass_n20002_cV5_independent_rms_s20.npz,76408,ecaae155852a7883b37f0e2744b197955765de766a5b8631804cb877fd990b3e
tcn,clean_only,43,bandpass_n20002_cV5_independent_rms_s15,phase2/results/predictions/full/clean_only/tcn/seed_43/bandpass_n20002_cV5_independent_rms_s15.npz,76431,386849375fa323ebc41ba5181db23c9d177ba1d3b81e5a2b94195e86c4f95dbe
tcn,clean_only,43,bandpass_n20002_cV5_independent_rms_s10,phase2/results/predictions/full/clean_only/tcn/seed_43/bandpass_n20002_cV5_independent_rms_s10.npz,76347,17ad83783c243f508fb0797bd60877d823ddc00f87514d720e08f917b283b1e0
tcn,clean_only,43,bandpass_n20002_cV5_independent_rms_s5,phase2/results/predictions/full/clean_only/tcn/seed_43/bandpass_n20002_cV5_independent_rms_s5.npz,76203,c3fd1320ffd8588b505e94544c6f6a3c8be597c3617a66e618ca1eb751f36be6
tcn,clean_only,43,bandpass_n20002_cV5_independent_rms_s0,phase2/results/predictions/full/clean_only/tcn/seed_43/bandpass_n20002_cV5_independent_rms_s0.npz,75921,1a382aad5466d4b53cfacb5832988edb0f02c681117cd36f2b8f9e88cbed127c
tcn,clean_only,43,bandpass_n20002_cV5_electrode_s20,phase2/results/predictions/full/clean_only/tcn/seed_43/bandpass_n20002_cV5_electrode_s20.npz,76395,f252b5c06de9890d3fe1c4f1d13eabedf10a05b42ed04c3b5ee1f28503093fd8
tcn,clean_only,43,bandpass_n20002_cV5_electrode_s15,phase2/results/predictions/full/clean_only/tcn/seed_43/bandpass_n20002_cV5_electrode_s15.npz,76389,410f5d1f7c4de6eb99f9be87d4b562f39d2712d4a5c55f23e55f2d278ae2460d
tcn,clean_only,43,bandpass_n20002_cV5_electrode_s10,phase2/results/predictions/full/clean_only/tcn/seed_43/bandpass_n20002_cV5_electrode_s10.npz,76377,671cf895ba55ff47a2018f8ea6f309f8758c90d00d852d99e636fa0a672d9948
tcn,clean_only,43,bandpass_n20002_cV5_electrode_s5,phase2/results/predictions/full/clean_only/tcn/seed_43/bandpass_n20002_cV5_electrode_s5.npz,76215,7303bbcf4106f3ba9dd80bc62ad62df6940f6d27ecc61a3fffdad540c045ade9
tcn,clean_only,43,bandpass_n20002_cV5_electrode_s0,phase2/results/predictions/full/clean_only/tcn/seed_43/bandpass_n20002_cV5_electrode_s0.npz,75910,d4bd498a723805cb7a1d1ff83be7c7f8a44581b2f952fe81a97d5088e6c9ae91
tcn,clean_only,43,bandpass_n20002_cV5_covariance_s20,phase2/results/predictions/full/clean_only/tcn/seed_43/bandpass_n20002_cV5_covariance_s20.npz,76402,db6f28206e787016d0a7beed9a3ad20de885e5cb8b5e74bb9298734e4a6b2c6c
tcn,clean_only,43,bandpass_n20002_cV5_covariance_s15,phase2/results/predictions/full/clean_only/tcn/seed_43/bandpass_n20002_cV5_covariance_s15.npz,76413,dd1c42760df0ae9236a1f99c085a9fda2abfb487be45a8e1350c587558dd8e51
tcn,clean_only,43,bandpass_n20002_cV5_covariance_s10,phase2/results/predictions/full/clean_only/tcn/seed_43/bandpass_n20002_cV5_covariance_s10.npz,76332,79ad97a399019d6ca4e3f2078357dee83576acd7fb95f1557b02809203d27723
tcn,clean_only,43,bandpass_n20002_cV5_covariance_s5,phase2/results/predictions/full/clean_only/tcn/seed_43/bandpass_n20002_cV5_covariance_s5.npz,76215,2b085fd3bcf96457bab5974cb8056568e05a15b3424b0a17ba984e6210d9c95f
tcn,clean_only,43,bandpass_n20002_cV5_covariance_s0,phase2/results/predictions/full/clean_only/tcn/seed_43/bandpass_n20002_cV5_covariance_s0.npz,75907,8f764991911441d9303e755580cdac7861e8c49429a00d03bf644f1bba41f392
tcn,clean_only,43,bandpass_n20002_cV6_independent_rms_s20,phase2/results/predictions/full/clean_only/tcn/seed_43/bandpass_n20002_cV6_independent_rms_s20.npz,76444,9dfb0eefa1f85290a899ca1c8b0efdd886284f66fa1d31d69344284e8e231a85
tcn,clean_only,43,bandpass_n20002_cV6_independent_rms_s15,phase2/results/predictions/full/clean_only/tcn/seed_43/bandpass_n20002_cV6_independent_rms_s15.npz,76423,e127d68fd499bbad43202fff34780c0252ce5ba1e566983f2a10d5445093f1ec
tcn,clean_only,43,bandpass_n20002_cV6_independent_rms_s10,phase2/results/predictions/full/clean_only/tcn/seed_43/bandpass_n20002_cV6_independent_rms_s10.npz,76354,2ea5305b2c7d807f5c5d03655af81122e153fd31f96c569d428d0dd7ca52beb5
tcn,clean_only,43,bandpass_n20002_cV6_independent_rms_s5,phase2/results/predictions/full/clean_only/tcn/seed_43/bandpass_n20002_cV6_independent_rms_s5.npz,76254,b45aa398a67a1a0ad3b597b47a8f2c1dd2345e7f521a61453fab5472c15afa49
tcn,clean_only,43,bandpass_n20002_cV6_independent_rms_s0,phase2/results/predictions/full/clean_only/tcn/seed_43/bandpass_n20002_cV6_independent_rms_s0.npz,75986,d07d67a39b9349fa2aad8d80439043e6e89218b6c530dc70cee106c9abe7d455
tcn,clean_only,43,bandpass_n20002_cV6_electrode_s20,phase2/results/predictions/full/clean_only/tcn/seed_43/bandpass_n20002_cV6_electrode_s20.npz,76373,5638bbbbfe95ca6b65c8a6c5902194803e495c2cbea6eac2e4af24da62848061
tcn,clean_only,43,bandpass_n20002_cV6_electrode_s15,phase2/results/predictions/full/clean_only/tcn/seed_43/bandpass_n20002_cV6_electrode_s15.npz,76395,16f77199fb7e261f8f4cf880baaf7583c0f03c54361217de3f6474ddb0e666cc
tcn,clean_only,43,bandpass_n20002_cV6_electrode_s10,phase2/results/predictions/full/clean_only/tcn/seed_43/bandpass_n20002_cV6_electrode_s10.npz,76339,fa4c4a870647f6bf7cd5c1b6fd50cabe26137b262c7f1415763f027a1e962631
tcn,clean_only,43,bandpass_n20002_cV6_electrode_s5,phase2/results/predictions/full/clean_only/tcn/seed_43/bandpass_n20002_cV6_electrode_s5.npz,76258,cf89b043be04169653723b614e3b61a1e92ee72eba86ba6b4668c2cee06d66a2
tcn,clean_only,43,bandpass_n20002_cV6_electrode_s0,phase2/results/predictions/full/clean_only/tcn/seed_43/bandpass_n20002_cV6_electrode_s0.npz,75996,d0e142238017ac62d5a5c813f90dad01de607afaf57dbc1b150df0782e8a1154
tcn,clean_only,43,bandpass_n20002_cV6_covariance_s20,phase2/results/predictions/full/clean_only/tcn/seed_43/bandpass_n20002_cV6_covariance_s20.npz,76397,6d1de1e965b74fde185a65358baa3f4180cac8ccdcee3b63194be63ab95ed72f
tcn,clean_only,43,bandpass_n20002_cV6_covariance_s15,phase2/results/predictions/full/clean_only/tcn/seed_43/bandpass_n20002_cV6_covariance_s15.npz,76409,b4f15b1adfd1c8342c64ea8afa3dc0281edfd3b640e7f88ec40a04774a18068a
tcn,clean_only,43,bandpass_n20002_cV6_covariance_s10,phase2/results/predictions/full/clean_only/tcn/seed_43/bandpass_n20002_cV6_covariance_s10.npz,76341,b4b224d36fd1f225016f7d8ddd72c82f8824b535c1e58109630f833b5d845d64
tcn,clean_only,43,bandpass_n20002_cV6_covariance_s5,phase2/results/predictions/full/clean_only/tcn/seed_43/bandpass_n20002_cV6_covariance_s5.npz,76219,4a034b2ba83ffc784542c219c6e36bab1a62e4a9794e677179cc99bceafb00ae
tcn,clean_only,43,bandpass_n20002_cV6_covariance_s0,phase2/results/predictions/full/clean_only/tcn/seed_43/bandpass_n20002_cV6_covariance_s0.npz,75967,2be95aaaaecc0e5490140734bdf2d554a6527df4ce52b0fac4c165e507d6089e
tcn,clean_only,43,bandpass_n20002_cRA_LA_independent_rms_s20,phase2/results/predictions/full/clean_only/tcn/seed_43/bandpass_n20002_cRA_LA_independent_rms_s20.npz,76396,142cc22e9696315bd7894abbaf6f70cbec5dff77f0ac031784945f9ad3b8cb8a
tcn,clean_only,43,bandpass_n20002_cRA_LA_independent_rms_s15,phase2/results/predictions/full/clean_only/tcn/seed_43/bandpass_n20002_cRA_LA_independent_rms_s15.npz,76433,da994c65e8795e82541dcf7d139aa3ccbb7af0144aaeb4ff63dd8696aec73667
tcn,clean_only,43,bandpass_n20002_cRA_LA_independent_rms_s10,phase2/results/predictions/full/clean_only/tcn/seed_43/bandpass_n20002_cRA_LA_independent_rms_s10.npz,76377,203a98d586dc0f8d95620dfee10470985dd53d465faae0a3e0293aadc51b93a9
tcn,clean_only,43,bandpass_n20002_cRA_LA_independent_rms_s5,phase2/results/predictions/full/clean_only/tcn/seed_43/bandpass_n20002_cRA_LA_independent_rms_s5.npz,76208,c803f543abc8845d2113cbbf1dd4b91bbbac8e99b903e28f57c085f0895e3c08
tcn,clean_only,43,bandpass_n20002_cRA_LA_independent_rms_s0,phase2/results/predictions/full/clean_only/tcn/seed_43/bandpass_n20002_cRA_LA_independent_rms_s0.npz,75786,1919bf6ab3bfe53a74a0399a9926ddacd7c9df0943b8384bae207ce1f1ca6acb
tcn,clean_only,43,bandpass_n20002_cRA_LA_electrode_s20,phase2/results/predictions/full/clean_only/tcn/seed_43/bandpass_n20002_cRA_LA_electrode_s20.npz,76403,06b8bc431ec4dd52f09ebd376b7679775d8c8493c268ad27ee1e843612708dac
tcn,clean_only,43,bandpass_n20002_cRA_LA_electrode_s15,phase2/results/predictions/full/clean_only/tcn/seed_43/bandpass_n20002_cRA_LA_electrode_s15.npz,76358,c60ea6af2afc04592a12235533df5ce7b374421f08edfbf4d1089a9cff081388
tcn,clean_only,43,bandpass_n20002_cRA_LA_electrode_s10,phase2/results/predictions/full/clean_only/tcn/seed_43/bandpass_n20002_cRA_LA_electrode_s10.npz,76206,719442e1e59dfddb2a507d451a0a24973ba6fa1e5ee6c737a4fae3a9764277dd
tcn,clean_only,43,bandpass_n20002_cRA_LA_electrode_s5,phase2/results/predictions/full/clean_only/tcn/seed_43/bandpass_n20002_cRA_LA_electrode_s5.npz,75986,24b3d26ba69a1f4554c988b4592c6df62b3399e897fedc05601311545fa1656d
tcn,clean_only,43,bandpass_n20002_cRA_LA_electrode_s0,phase2/results/predictions/full/clean_only/tcn/seed_43/bandpass_n20002_cRA_LA_electrode_s0.npz,75341,c509438d8bb706430868560ec518af6554b6e1f8762b3a796ba18844258923a7
tcn,clean_only,43,bandpass_n20002_cRA_LA_covariance_s20,phase2/results/predictions/full/clean_only/tcn/seed_43/bandpass_n20002_cRA_LA_covariance_s20.npz,76404,5ccc9a9432eecf780a78a57fbe044dd15b54b32cdc8c1568e2989c76ef39be3b
tcn,clean_only,43,bandpass_n20002_cRA_LA_covariance_s15,phase2/results/predictions/full/clean_only/tcn/seed_43/bandpass_n20002_cRA_LA_covariance_s15.npz,76372,433f28d9a28eba70062ebc88efd7eb489f61a5c6ae3a4224e1aeb63821b4aa24
tcn,clean_only,43,bandpass_n20002_cRA_LA_covariance_s10,phase2/results/predictions/full/clean_only/tcn/seed_43/bandpass_n20002_cRA_LA_covariance_s10.npz,76243,d402aaeda8b869a152634d9c6e8db94906e7f52bbcf18c24d0705a30faf7ab63
tcn,clean_only,43,bandpass_n20002_cRA_LA_covariance_s5,phase2/results/predictions/full/clean_only/tcn/seed_43/bandpass_n20002_cRA_LA_covariance_s5.npz,75986,a79e7e176de637e12903bd74dd8d419b53ab66cc942ad92d802b9795997e3456
tcn,clean_only,43,bandpass_n20002_cRA_LA_covariance_s0,phase2/results/predictions/full/clean_only/tcn/seed_43/bandpass_n20002_cRA_LA_covariance_s0.npz,75342,39398e96acf5e46108e1e10a503712d81db64ebe7844a604cf28ba9686249903
tcn,clean_only,43,bandpass_n20002_cLA_LL_independent_rms_s20,phase2/results/predictions/full/clean_only/tcn/seed_43/bandpass_n20002_cLA_LL_independent_rms_s20.npz,76433,b468b7761afa427a743de759ec2d3d606643e28c2db4e94f5fba8a75cdc48dce
tcn,clean_only,43,bandpass_n20002_cLA_LL_independent_rms_s15,phase2/results/predictions/full/clean_only/tcn/seed_43/bandpass_n20002_cLA_LL_independent_rms_s15.npz,76387,08f99db20de2d3033c497d53954fb53b5f0c446ab9cfcf7b2c41cfb8f7afd72d
tcn,clean_only,43,bandpass_n20002_cLA_LL_independent_rms_s10,phase2/results/predictions/full/clean_only/tcn/seed_43/bandpass_n20002_cLA_LL_independent_rms_s10.npz,76346,7481e402a39c323ffc116b22a5ac5f2e165c5ab3efa48f54f3b13d99c81009d0
tcn,clean_only,43,bandpass_n20002_cLA_LL_independent_rms_s5,phase2/results/predictions/full/clean_only/tcn/seed_43/bandpass_n20002_cLA_LL_independent_rms_s5.npz,76197,ec3aab13d3cc53a00bd6d82a684d354582716b014290a705dcfb36c80544532c
tcn,clean_only,43,bandpass_n20002_cLA_LL_independent_rms_s0,phase2/results/predictions/full/clean_only/tcn/seed_43/bandpass_n20002_cLA_LL_independent_rms_s0.npz,75811,6d30b6b4a1f61b7ca7fdc303b3c5ca0b1fd22fa43944de61100fca259aa37487
tcn,clean_only,43,bandpass_n20002_cLA_LL_electrode_s20,phase2/results/predictions/full/clean_only/tcn/seed_43/bandpass_n20002_cLA_LL_electrode_s20.npz,76437,7d2b92e8cf4710e92f3e26ecc0b7b251be8e2ec5557e0defc4f32ccb02a48c11
tcn,clean_only,43,bandpass_n20002_cLA_LL_electrode_s15,phase2/results/predictions/full/clean_only/tcn/seed_43/bandpass_n20002_cLA_LL_electrode_s15.npz,76382,bd864bdef1336b9172bca47cdcbb3f31aa3f897d946ef5fedd8562ac93abd43d
tcn,clean_only,43,bandpass_n20002_cLA_LL_electrode_s10,phase2/results/predictions/full/clean_only/tcn/seed_43/bandpass_n20002_cLA_LL_electrode_s10.npz,76251,3ee2b12a8583bbfd11889326acd78108691af94bb933be979a9b006e61ff2fad
tcn,clean_only,43,bandpass_n20002_cLA_LL_electrode_s5,phase2/results/predictions/full/clean_only/tcn/seed_43/bandpass_n20002_cLA_LL_electrode_s5.npz,76047,634d4dca2fecf58f23eb994845cf1b1a81c0f066231e43e999863ce6b636d524
tcn,clean_only,43,bandpass_n20002_cLA_LL_electrode_s0,phase2/results/predictions/full/clean_only/tcn/seed_43/bandpass_n20002_cLA_LL_electrode_s0.npz,75568,b9779462170931fda8d7e4ce40ee44f13ba35593016f2ef159819f160d57251d
tcn,clean_only,43,bandpass_n20002_cLA_LL_covariance_s20,phase2/results/predictions/full/clean_only/tcn/seed_43/bandpass_n20002_cLA_LL_covariance_s20.npz,76403,0db01a6c17765b4f1481460ad48170923773cec83197ad75bafeebf3682341c3
tcn,clean_only,43,bandpass_n20002_cLA_LL_covariance_s15,phase2/results/predictions/full/clean_only/tcn/seed_43/bandpass_n20002_cLA_LL_covariance_s15.npz,76401,2dc4737377340f18b6b9bc42bc5072e441e5f0935aaffd4fc8fefde094dd6f23
tcn,clean_only,43,bandpass_n20002_cLA_LL_covariance_s10,phase2/results/predictions/full/clean_only/tcn/seed_43/bandpass_n20002_cLA_LL_covariance_s10.npz,76267,fec61c4b61c970e3a3a67bfe71e539d8379d23fc8ad0a830fdf1c46337b0ac5d
tcn,clean_only,43,bandpass_n20002_cLA_LL_covariance_s5,phase2/results/predictions/full/clean_only/tcn/seed_43/bandpass_n20002_cLA_LL_covariance_s5.npz,76038,7f82f41b7ba534ca2d90110d771cf67fca149eaffcfd587c87feabdcb051a27e
tcn,clean_only,43,bandpass_n20002_cLA_LL_covariance_s0,phase2/results/predictions/full/clean_only/tcn/seed_43/bandpass_n20002_cLA_LL_covariance_s0.npz,75600,48459bf8d703662b47425fd142a7ce089c14fced2dd90cc0657871b2467fc73f
tcn,clean_only,43,bandpass_n20002_cRA_LL_independent_rms_s20,phase2/results/predictions/full/clean_only/tcn/seed_43/bandpass_n20002_cRA_LL_independent_rms_s20.npz,76434,09f25f0b019f6dac1406b7957bdf2a8b6f62b9cbe258440de288f57f9eb48bac
tcn,clean_only,43,bandpass_n20002_cRA_LL_independent_rms_s15,phase2/results/predictions/full/clean_only/tcn/seed_43/bandpass_n20002_cRA_LL_independent_rms_s15.npz,76406,ed9a34d7d3c12a01e660603700edbc0c63c72033102360ebb98f68252c2081bd
tcn,clean_only,43,bandpass_n20002_cRA_LL_independent_rms_s10,phase2/results/predictions/full/clean_only/tcn/seed_43/bandpass_n20002_cRA_LL_independent_rms_s10.npz,76353,8a8491aeee914821b6eaed9ef0e901d1bd40c58d58e3df65a19f74e4c51adcef
tcn,clean_only,43,bandpass_n20002_cRA_LL_independent_rms_s5,phase2/results/predictions/full/clean_only/tcn/seed_43/bandpass_n20002_cRA_LL_independent_rms_s5.npz,76191,bb59a7972400a350d43770d88938c0d7ab2a2a40dd70f407afbbe4b73398358d
tcn,clean_only,43,bandpass_n20002_cRA_LL_independent_rms_s0,phase2/results/predictions/full/clean_only/tcn/seed_43/bandpass_n20002_cRA_LL_independent_rms_s0.npz,75848,0a8a87974bbc692a2c2d8994c33b98cdf798e4b0a54e2ba7413dcec673a32121
tcn,clean_only,43,bandpass_n20002_cRA_LL_electrode_s20,phase2/results/predictions/full/clean_only/tcn/seed_43/bandpass_n20002_cRA_LL_electrode_s20.npz,76396,5adb1fb1927a1b723e887810252bd78b5057ec8ce7fe626d91f2cfb9fccab8a0
tcn,clean_only,43,bandpass_n20002_cRA_LL_electrode_s15,phase2/results/predictions/full/clean_only/tcn/seed_43/bandpass_n20002_cRA_LL_electrode_s15.npz,76407,7be76e7a1fcad35ca262e66265a248a64f8c897d779003fca1dc4eb28d959bfc
tcn,clean_only,43,bandpass_n20002_cRA_LL_electrode_s10,phase2/results/predictions/full/clean_only/tcn/seed_43/bandpass_n20002_cRA_LL_electrode_s10.npz,76222,387640508b41a84623a9933afce52b38475c10ad04f2bb6de2c6c04a6b74aaf1
tcn,clean_only,43,bandpass_n20002_cRA_LL_electrode_s5,phase2/results/predictions/full/clean_only/tcn/seed_43/bandpass_n20002_cRA_LL_electrode_s5.npz,76004,6f0859d221c789937cdb3dd9785962eb5807c394bbf0b890e0e51a7245101eea
tcn,clean_only,43,bandpass_n20002_cRA_LL_electrode_s0,phase2/results/predictions/full/clean_only/tcn/seed_43/bandpass_n20002_cRA_LL_electrode_s0.npz,75421,cd760f5784f7f3f58ab5aa27e828b94c908932341808dd2b1a76a81ceb1d1302
tcn,clean_only,43,bandpass_n20002_cRA_LL_covariance_s20,phase2/results/predictions/full/clean_only/tcn/seed_43/bandpass_n20002_cRA_LL_covariance_s20.npz,76389,66908843b193537a8d1f2699b6c4b75161095f082821dd5242d6ce337e2a8a74
tcn,clean_only,43,bandpass_n20002_cRA_LL_covariance_s15,phase2/results/predictions/full/clean_only/tcn/seed_43/bandpass_n20002_cRA_LL_covariance_s15.npz,76354,bfad7c79868b4b6cdce728129e0bc1b49b8f49aaba2a237fb5147cec576f70ae
tcn,clean_only,43,bandpass_n20002_cRA_LL_covariance_s10,phase2/results/predictions/full/clean_only/tcn/seed_43/bandpass_n20002_cRA_LL_covariance_s10.npz,76245,20c39829d4b2dff63a89bab4ea3e18051d73f746ecc0390f1808e26e67ab3816
tcn,clean_only,43,bandpass_n20002_cRA_LL_covariance_s5,phase2/results/predictions/full/clean_only/tcn/seed_43/bandpass_n20002_cRA_LL_covariance_s5.npz,75990,41e79ecd5a40ad7f889d8d581130a2f652ce81339e7d521b217b80a7952fb470
tcn,clean_only,43,bandpass_n20002_cRA_LL_covariance_s0,phase2/results/predictions/full/clean_only/tcn/seed_43/bandpass_n20002_cRA_LL_covariance_s0.npz,75442,e6349d2245720fe607347315589b89912591e3375c0e1762f2d13d0c3d763400
tcn,clean_only,43,bandpass_n20002_cRA_independent_rms_s20,phase2/results/predictions/full/clean_only/tcn/seed_43/bandpass_n20002_cRA_independent_rms_s20.npz,76419,5c6d19bbd9ed02a88d9acc656cfdeab116c0b131d83f2157ed91422f4c9689f2
tcn,clean_only,43,bandpass_n20002_cRA_independent_rms_s15,phase2/results/predictions/full/clean_only/tcn/seed_43/bandpass_n20002_cRA_independent_rms_s15.npz,76400,026ca0d9e1f7b1de12b0b989cb0d03a25841d4c0f0e35ac30dbb33e3af96cb6b
tcn,clean_only,43,bandpass_n20002_cRA_independent_rms_s10,phase2/results/predictions/full/clean_only/tcn/seed_43/bandpass_n20002_cRA_independent_rms_s10.npz,76378,28a843c4f100359c49f04722cb540695585744aca7bd2412bef2d5a6eb5dd782
tcn,clean_only,43,bandpass_n20002_cRA_independent_rms_s5,phase2/results/predictions/full/clean_only/tcn/seed_43/bandpass_n20002_cRA_independent_rms_s5.npz,76199,f9042a381e454f024a0580f165107921da268bc335c70804bd19bda958013469
tcn,clean_only,43,bandpass_n20002_cRA_independent_rms_s0,phase2/results/predictions/full/clean_only/tcn/seed_43/bandpass_n20002_cRA_independent_rms_s0.npz,75820,434b8c485a1fbe7e300215486130e0ac2e8cd2a3b15fee8024ba0c798b164cf7
tcn,clean_only,43,bandpass_n20002_cRA_electrode_s20,phase2/results/predictions/full/clean_only/tcn/seed_43/bandpass_n20002_cRA_electrode_s20.npz,76395,c64e88cb14d7f0be038e1aff93e826b26becc533cfd88acd78e6b09bb7b0638b
tcn,clean_only,43,bandpass_n20002_cRA_electrode_s15,phase2/results/predictions/full/clean_only/tcn/seed_43/bandpass_n20002_cRA_electrode_s15.npz,76339,d9acc8618452d90647ff701231214c1a3df3c44818db1d2602e63436adf46eee
tcn,clean_only,43,bandpass_n20002_cRA_electrode_s10,phase2/results/predictions/full/clean_only/tcn/seed_43/bandpass_n20002_cRA_electrode_s10.npz,76214,6d5770dd7e6d7bea885a207c80ac5e5c9ef48778aa5181281c135d0d6963f05f
tcn,clean_only,43,bandpass_n20002_cRA_electrode_s5,phase2/results/predictions/full/clean_only/tcn/seed_43/bandpass_n20002_cRA_electrode_s5.npz,75969,3529a6f965e92ed5068e0d137a6e463012f37c1c009121bc8abb9b02a1fb9c69
tcn,clean_only,43,bandpass_n20002_cRA_electrode_s0,phase2/results/predictions/full/clean_only/tcn/seed_43/bandpass_n20002_cRA_electrode_s0.npz,75334,424d9cfa8443a19e397871c427abdd6a6d3386219cecd064eaa3d8efe3f2c043
tcn,clean_only,43,bandpass_n20002_cRA_covariance_s20,phase2/results/predictions/full/clean_only/tcn/seed_43/bandpass_n20002_cRA_covariance_s20.npz,76404,29e600c17b4292454dc315e8f5067919f0c063cf9b475637f16d136ce363532d
tcn,clean_only,43,bandpass_n20002_cRA_covariance_s15,phase2/results/predictions/full/clean_only/tcn/seed_43/bandpass_n20002_cRA_covariance_s15.npz,76365,d30d3a8cbbcd96071ad7f0408c0863ca012baa2662aa6bf4a588e33ba027c2a3
tcn,clean_only,43,bandpass_n20002_cRA_covariance_s10,phase2/results/predictions/full/clean_only/tcn/seed_43/bandpass_n20002_cRA_covariance_s10.npz,76230,987287c74def58fbf13a12fcf212d48c4dd1b3da4b6b324700c3e2a0b24421a1
tcn,clean_only,43,bandpass_n20002_cRA_covariance_s5,phase2/results/predictions/full/clean_only/tcn/seed_43/bandpass_n20002_cRA_covariance_s5.npz,75939,22781248320661adffd4cbb66e14d0395b5e91d36935323100fc101ef1dc4e08
tcn,clean_only,43,bandpass_n20002_cRA_covariance_s0,phase2/results/predictions/full/clean_only/tcn/seed_43/bandpass_n20002_cRA_covariance_s0.npz,75317,f7dd047ef203998879858f6dc15bcda1eda3e65c904c33c8401f603a0f9b23a2
tcn,clean_only,43,bandpass_n20002_cLA_independent_rms_s20,phase2/results/predictions/full/clean_only/tcn/seed_43/bandpass_n20002_cLA_independent_rms_s20.npz,76404,14e86cbe19d11d1b2ea634e8766034bb144b404471b4d1d9b16d7e11bcf7fe87
tcn,clean_only,43,bandpass_n20002_cLA_independent_rms_s15,phase2/results/predictions/full/clean_only/tcn/seed_43/bandpass_n20002_cLA_independent_rms_s15.npz,76424,70bf459c644ac3791095bf0eda61c228943e5d4258bc351a03d0eae5221b97c3
tcn,clean_only,43,bandpass_n20002_cLA_independent_rms_s10,phase2/results/predictions/full/clean_only/tcn/seed_43/bandpass_n20002_cLA_independent_rms_s10.npz,76346,49639cfe1f82d0126a4c578de83c5240a405476189aea7ce069dc5745a7f68eb
tcn,clean_only,43,bandpass_n20002_cLA_independent_rms_s5,phase2/results/predictions/full/clean_only/tcn/seed_43/bandpass_n20002_cLA_independent_rms_s5.npz,76187,8f7ab3eb3b3da66294d1cb4323f0db36f496ba69904a320684037b8b074b0177
tcn,clean_only,43,bandpass_n20002_cLA_independent_rms_s0,phase2/results/predictions/full/clean_only/tcn/seed_43/bandpass_n20002_cLA_independent_rms_s0.npz,75767,211b2110e663287d628c6b92ea4d65cc0d7942d7bf27709d71ec5cfb05357e69
tcn,clean_only,43,bandpass_n20002_cLA_electrode_s20,phase2/results/predictions/full/clean_only/tcn/seed_43/bandpass_n20002_cLA_electrode_s20.npz,76380,339b5a3dc0360cc3a2482d18f6025d91c7379732d8af2845cf42be0488379106
tcn,clean_only,43,bandpass_n20002_cLA_electrode_s15,phase2/results/predictions/full/clean_only/tcn/seed_43/bandpass_n20002_cLA_electrode_s15.npz,76350,9a3bad680dfe3f5d387ff5a50b9d08b86f8bc7185f711d06a9edaaf110ceba1a
tcn,clean_only,43,bandpass_n20002_cLA_electrode_s10,phase2/results/predictions/full/clean_only/tcn/seed_43/bandpass_n20002_cLA_electrode_s10.npz,76278,19684b8f259b2845ded00105dd811d4f386e41684457fe06ef7590d83e66e630
tcn,clean_only,43,bandpass_n20002_cLA_electrode_s5,phase2/results/predictions/full/clean_only/tcn/seed_43/bandpass_n20002_cLA_electrode_s5.npz,76029,296e00661b76cf7d906d3d10459f669c24f5f53887c318adfe94a9ebf0aee942
tcn,clean_only,43,bandpass_n20002_cLA_electrode_s0,phase2/results/predictions/full/clean_only/tcn/seed_43/bandpass_n20002_cLA_electrode_s0.npz,75576,e876b3e5fa48361751e979f7c05c9051d12d14427d9eae12ebb03d089132ef6c
tcn,clean_only,43,bandpass_n20002_cLA_covariance_s20,phase2/results/predictions/full/clean_only/tcn/seed_43/bandpass_n20002_cLA_covariance_s20.npz,76377,ebc008cdb2fed0455c191cd5d20175a3e7a4e78127d02bfb3e4f704a9c92af89
tcn,clean_only,43,bandpass_n20002_cLA_covariance_s15,phase2/results/predictions/full/clean_only/tcn/seed_43/bandpass_n20002_cLA_covariance_s15.npz,76377,ab5c6420124c5df4198654e7129108bec2cb69d6fd0ab83a9936dfb3c041c574
tcn,clean_only,43,bandpass_n20002_cLA_covariance_s10,phase2/results/predictions/full/clean_only/tcn/seed_43/bandpass_n20002_cLA_covariance_s10.npz,76286,e54554adc82938c24123f05e75ee6d4609bd1a4b52a779c93273e3478a3cf518
tcn,clean_only,43,bandpass_n20002_cLA_covariance_s5,phase2/results/predictions/full/clean_only/tcn/seed_43/bandpass_n20002_cLA_covariance_s5.npz,76059,b353e7b93dd343ed7f4e2f44fce8054b63a21506ebfc01c56d9d10839345ba59
tcn,clean_only,43,bandpass_n20002_cLA_covariance_s0,phase2/results/predictions/full/clean_only/tcn/seed_43/bandpass_n20002_cLA_covariance_s0.npz,75586,fbb9d3977bad982734c52d8c99064579d3d3008baeda6ee2a7c21a4a74382626
tcn,clean_only,43,bandpass_n20002_cLL_independent_rms_s20,phase2/results/predictions/full/clean_only/tcn/seed_43/bandpass_n20002_cLL_independent_rms_s20.npz,76429,50ee0cfdf7da1f4b411247735376c304cc751c4ae79b12f0c89d7c6ab291e62c
tcn,clean_only,43,bandpass_n20002_cLL_independent_rms_s15,phase2/results/predictions/full/clean_only/tcn/seed_43/bandpass_n20002_cLL_independent_rms_s15.npz,76413,68bc008f6e304e00d678d7821e9bb48b3144b3295a6f302f0c00b2147931367e
tcn,clean_only,43,bandpass_n20002_cLL_independent_rms_s10,phase2/results/predictions/full/clean_only/tcn/seed_43/bandpass_n20002_cLL_independent_rms_s10.npz,76334,87599f060f3a7ef4774eff35f33092668aca7f59add578408e7fe5be4ff64679
tcn,clean_only,43,bandpass_n20002_cLL_independent_rms_s5,phase2/results/predictions/full/clean_only/tcn/seed_43/bandpass_n20002_cLL_independent_rms_s5.npz,76207,76c76f634ea241a450d44bfc0f3063c79487255af3daffbe11158342c376d51f
tcn,clean_only,43,bandpass_n20002_cLL_independent_rms_s0,phase2/results/predictions/full/clean_only/tcn/seed_43/bandpass_n20002_cLL_independent_rms_s0.npz,75823,8be36ea0d1aa2bc955a95140584a974eb4d34f680a927448076b83053e2870fe
tcn,clean_only,43,bandpass_n20002_cLL_electrode_s20,phase2/results/predictions/full/clean_only/tcn/seed_43/bandpass_n20002_cLL_electrode_s20.npz,76413,02cb4015a06e781a1659d03cd7ae4cda9213d4b415be116203280c8bdf636bfa
tcn,clean_only,43,bandpass_n20002_cLL_electrode_s15,phase2/results/predictions/full/clean_only/tcn/seed_43/bandpass_n20002_cLL_electrode_s15.npz,76330,daa10361ce9d73deee7998a39f830c3664e9236a3b57795e5b4f0f16bbd0b671
tcn,clean_only,43,bandpass_n20002_cLL_electrode_s10,phase2/results/predictions/full/clean_only/tcn/seed_43/bandpass_n20002_cLL_electrode_s10.npz,76297,38d33df3a6a519ac590606358ba0cdc20dcc2aadfa511bdb67e83961a42f1754
tcn,clean_only,43,bandpass_n20002_cLL_electrode_s5,phase2/results/predictions/full/clean_only/tcn/seed_43/bandpass_n20002_cLL_electrode_s5.npz,76070,8f9905318b60b1817fe5699a326a0558913238c2a0d9bd16944801e94110637f
tcn,clean_only,43,bandpass_n20002_cLL_electrode_s0,phase2/results/predictions/full/clean_only/tcn/seed_43/bandpass_n20002_cLL_electrode_s0.npz,75699,59097536d5ce1e4a9ace31cce3f25bb110ea2b265bd436b31e5642b05831dd89
tcn,clean_only,43,bandpass_n20002_cLL_covariance_s20,phase2/results/predictions/full/clean_only/tcn/seed_43/bandpass_n20002_cLL_covariance_s20.npz,76393,be0d87a505e9e2fcd0d81d15c12cb67f62d5a82467379377a112ddcdd56c791b
tcn,clean_only,43,bandpass_n20002_cLL_covariance_s15,phase2/results/predictions/full/clean_only/tcn/seed_43/bandpass_n20002_cLL_covariance_s15.npz,76354,67de5679192334084dcc27fb5c056250d6000f280e269f21d5c71b04c81ae1fb
tcn,clean_only,43,bandpass_n20002_cLL_covariance_s10,phase2/results/predictions/full/clean_only/tcn/seed_43/bandpass_n20002_cLL_covariance_s10.npz,76243,8110dcdbc9a6afe276f27d1e68a7406242612cf13cd77b824c4c7a1264a6a81e
tcn,clean_only,43,bandpass_n20002_cLL_covariance_s5,phase2/results/predictions/full/clean_only/tcn/seed_43/bandpass_n20002_cLL_covariance_s5.npz,76076,f341934111bc3050625dc9b811387ca4ccba48a1f2ebaaa80ba78fb159b0b52f
tcn,clean_only,43,bandpass_n20002_cLL_covariance_s0,phase2/results/predictions/full/clean_only/tcn/seed_43/bandpass_n20002_cLL_covariance_s0.npz,75714,515079a4dfbd5ded214aa2864f47c193251f104abede29a042cd467c142a73f0
tcn,clean_only,43,bandpass_n20002_cRA_V1_independent_rms_s20,phase2/results/predictions/full/clean_only/tcn/seed_43/bandpass_n20002_cRA_V1_independent_rms_s20.npz,76419,f3665f7c7f6b48ffd4a6c5658339e8f781d501d949e1e1aacc61a102b9ecc640
tcn,clean_only,43,bandpass_n20002_cRA_V1_independent_rms_s15,phase2/results/predictions/full/clean_only/tcn/seed_43/bandpass_n20002_cRA_V1_independent_rms_s15.npz,76439,9f021cd4edef4a134848fbcd8f782176be69f94015d723d250b31d27d147f196
tcn,clean_only,43,bandpass_n20002_cRA_V1_independent_rms_s10,phase2/results/predictions/full/clean_only/tcn/seed_43/bandpass_n20002_cRA_V1_independent_rms_s10.npz,76367,91d37e17404be624ccd81038ceb733f9ad61583c7995e5d4517cace3c3ffc99f
tcn,clean_only,43,bandpass_n20002_cRA_V1_independent_rms_s5,phase2/results/predictions/full/clean_only/tcn/seed_43/bandpass_n20002_cRA_V1_independent_rms_s5.npz,76185,609b425d4c03fad427092d48e1eb63889c53d8cd8e32ed8c0a337f34f6be878c
tcn,clean_only,43,bandpass_n20002_cRA_V1_independent_rms_s0,phase2/results/predictions/full/clean_only/tcn/seed_43/bandpass_n20002_cRA_V1_independent_rms_s0.npz,75839,4c0225876a25c0269d06cdc2b0f2c25475ffee2fa4aa8d1c5c7e34ed5dab7186
tcn,clean_only,43,bandpass_n20002_cRA_V1_electrode_s20,phase2/results/predictions/full/clean_only/tcn/seed_43/bandpass_n20002_cRA_V1_electrode_s20.npz,76385,e57e790a520dcf3b5a7e530c4f5dd4e4dc4ae4cdeceaa196022bc233ecf1c692
tcn,clean_only,43,bandpass_n20002_cRA_V1_electrode_s15,phase2/results/predictions/full/clean_only/tcn/seed_43/bandpass_n20002_cRA_V1_electrode_s15.npz,76386,6aaf713e3a604c9ada94ee5626ecb0144145fdc290f94c8f9fdd4df993833bdd
tcn,clean_only,43,bandpass_n20002_cRA_V1_electrode_s10,phase2/results/predictions/full/clean_only/tcn/seed_43/bandpass_n20002_cRA_V1_electrode_s10.npz,76257,baa3a6d8f79e7cb4b54f60f129f1cf8f02d3e8977b79a1e3a7297fbd58a887f1
tcn,clean_only,43,bandpass_n20002_cRA_V1_electrode_s5,phase2/results/predictions/full/clean_only/tcn/seed_43/bandpass_n20002_cRA_V1_electrode_s5.npz,76011,01aaf2f512f7f40e0850ace88153797175447803706de73393b55ef9c703eee8
tcn,clean_only,43,bandpass_n20002_cRA_V1_electrode_s0,phase2/results/predictions/full/clean_only/tcn/seed_43/bandpass_n20002_cRA_V1_electrode_s0.npz,75380,875a60f56ae57397e07581b239270bc90fd883993b2019b79b84bb53e49eb9f5
tcn,clean_only,43,bandpass_n20002_cRA_V1_covariance_s20,phase2/results/predictions/full/clean_only/tcn/seed_43/bandpass_n20002_cRA_V1_covariance_s20.npz,76403,d4f0dfa5ea1de53df9fb8e951b917add0b3a623a20b3aa6ae6c34b602071810d
tcn,clean_only,43,bandpass_n20002_cRA_V1_covariance_s15,phase2/results/predictions/full/clean_only/tcn/seed_43/bandpass_n20002_cRA_V1_covariance_s15.npz,76376,0448ee4154c0043f98778e119ffae60959f3c5c3ff638f607a6092eed5c3c1fb
tcn,clean_only,43,bandpass_n20002_cRA_V1_covariance_s10,phase2/results/predictions/full/clean_only/tcn/seed_43/bandpass_n20002_cRA_V1_covariance_s10.npz,76242,287be973d745cca9faa5d2b276ee0028a3012583bafc85988d24826a75078c6f
tcn,clean_only,43,bandpass_n20002_cRA_V1_covariance_s5,phase2/results/predictions/full/clean_only/tcn/seed_43/bandpass_n20002_cRA_V1_covariance_s5.npz,75974,193f5b5b579e62c5e59f2f89e966ed45c71e9183a4e92d4de1ddb87284766b29
tcn,clean_only,43,bandpass_n20002_cRA_V1_covariance_s0,phase2/results/predictions/full/clean_only/tcn/seed_43/bandpass_n20002_cRA_V1_covariance_s0.npz,75380,99c43195789006edd7df6fc8729a2dec20a6a1ded4b1882f79d3768d16a38e40
tcn,clean_only,43,bandpass_n20002_cLA_V6_independent_rms_s20,phase2/results/predictions/full/clean_only/tcn/seed_43/bandpass_n20002_cLA_V6_independent_rms_s20.npz,76410,eeb7c5c6abcac41cd2de0078eb6c404231b21f62e46e9cde3840fdd8523579d2
tcn,clean_only,43,bandpass_n20002_cLA_V6_independent_rms_s15,phase2/results/predictions/full/clean_only/tcn/seed_43/bandpass_n20002_cLA_V6_independent_rms_s15.npz,76415,82b8954bcc9ea848ccd18ad248d7275ac31037ef5586ac045f2ecd595b9f7630
tcn,clean_only,43,bandpass_n20002_cLA_V6_independent_rms_s10,phase2/results/predictions/full/clean_only/tcn/seed_43/bandpass_n20002_cLA_V6_independent_rms_s10.npz,76348,754e627501b7a5f34ffcb70fac77cbb946969a002ce7a50683fcf1ecbe4a5551
tcn,clean_only,43,bandpass_n20002_cLA_V6_independent_rms_s5,phase2/results/predictions/full/clean_only/tcn/seed_43/bandpass_n20002_cLA_V6_independent_rms_s5.npz,76184,22029c7532774c6e2e92e909e2a8b2e8ab9511117176ddc6c1046e54fad65d20
tcn,clean_only,43,bandpass_n20002_cLA_V6_independent_rms_s0,phase2/results/predictions/full/clean_only/tcn/seed_43/bandpass_n20002_cLA_V6_independent_rms_s0.npz,75815,c066c488b4cce7d7b4320d42dcf0170c6f6dee5ecc46c31e58e752a6975256a7
tcn,clean_only,43,bandpass_n20002_cLA_V6_electrode_s20,phase2/results/predictions/full/clean_only/tcn/seed_43/bandpass_n20002_cLA_V6_electrode_s20.npz,76432,6c8f76c0eec41a7545250094d9e0f56e6ecccc3c5e57a5c49b2f0d450cd3803c
tcn,clean_only,43,bandpass_n20002_cLA_V6_electrode_s15,phase2/results/predictions/full/clean_only/tcn/seed_43/bandpass_n20002_cLA_V6_electrode_s15.npz,76388,6193a6e85edc1d37f1b3d495078393ad287bbb221fe87e763ef7910a4cf0afdf
tcn,clean_only,43,bandpass_n20002_cLA_V6_electrode_s10,phase2/results/predictions/full/clean_only/tcn/seed_43/bandpass_n20002_cLA_V6_electrode_s10.npz,76307,38595aa1242e2c77996e055cdb3832da28c990c14d91032c43585554da1be9ad
tcn,clean_only,43,bandpass_n20002_cLA_V6_electrode_s5,phase2/results/predictions/full/clean_only/tcn/seed_43/bandpass_n20002_cLA_V6_electrode_s5.npz,76121,f37ab45b672e5ad262519e8aab0ddd672a00f38f41a4f1e636de10331b207c95
tcn,clean_only,43,bandpass_n20002_cLA_V6_electrode_s0,phase2/results/predictions/full/clean_only/tcn/seed_43/bandpass_n20002_cLA_V6_electrode_s0.npz,75582,a7612f93b5027300f1b036dae17aa387d70916f78c5a4532daa678ebedc53619
tcn,clean_only,43,bandpass_n20002_cLA_V6_covariance_s20,phase2/results/predictions/full/clean_only/tcn/seed_43/bandpass_n20002_cLA_V6_covariance_s20.npz,76414,82f74fe12e48f91b401491cbb100927d6d6a60485feb208ae094a7b94fbd9460
tcn,clean_only,43,bandpass_n20002_cLA_V6_covariance_s15,phase2/results/predictions/full/clean_only/tcn/seed_43/bandpass_n20002_cLA_V6_covariance_s15.npz,76407,e5e17d0c1f5e0d139407dc90a4ad0037cb7a06a24e8ac51f12abee2303a91881
tcn,clean_only,43,bandpass_n20002_cLA_V6_covariance_s10,phase2/results/predictions/full/clean_only/tcn/seed_43/bandpass_n20002_cLA_V6_covariance_s10.npz,76282,56c3932c8dc80bab8c76b4e2fd5ed949cb347284cb0bdb5690b3c7ab983200db
tcn,clean_only,43,bandpass_n20002_cLA_V6_covariance_s5,phase2/results/predictions/full/clean_only/tcn/seed_43/bandpass_n20002_cLA_V6_covariance_s5.npz,76098,354b17e648323e35b14f7343e8ae5bd9dd85f2f14a245809faa4824e6352f14a
tcn,clean_only,43,bandpass_n20002_cLA_V6_covariance_s0,phase2/results/predictions/full/clean_only/tcn/seed_43/bandpass_n20002_cLA_V6_covariance_s0.npz,75580,99175f1275b1b9d6bcdc1b09290c67e0b40c42bd38884b60a767ff81dfa09739
tcn,clean_only,43,bandpass_n20002_cLL_V4_independent_rms_s20,phase2/results/predictions/full/clean_only/tcn/seed_43/bandpass_n20002_cLL_V4_independent_rms_s20.npz,76417,068c77ddcf6576a586419b6ea03baf1a4773d1a8d1343c0bdf21068800b2cc3c
tcn,clean_only,43,bandpass_n20002_cLL_V4_independent_rms_s15,phase2/results/predictions/full/clean_only/tcn/seed_43/bandpass_n20002_cLL_V4_independent_rms_s15.npz,76397,5c00f3a349c7b07f8d99b7a0dab0294414f5c23a91e5010eadd8a2506d8b4fef
tcn,clean_only,43,bandpass_n20002_cLL_V4_independent_rms_s10,phase2/results/predictions/full/clean_only/tcn/seed_43/bandpass_n20002_cLL_V4_independent_rms_s10.npz,76391,4c59fdd2d07daaf5b6470e89e2f995515abcdc1039bc86861fb3232052e0d994
tcn,clean_only,43,bandpass_n20002_cLL_V4_independent_rms_s5,phase2/results/predictions/full/clean_only/tcn/seed_43/bandpass_n20002_cLL_V4_independent_rms_s5.npz,76209,f5efb4d27be8c3411dad33e42581fbd4a4d5aa325b0700afcfaf0b9ed1b91364
tcn,clean_only,43,bandpass_n20002_cLL_V4_independent_rms_s0,phase2/results/predictions/full/clean_only/tcn/seed_43/bandpass_n20002_cLL_V4_independent_rms_s0.npz,75875,aad8a1631b86c238b30277e85245ff7f783c355e4db029cc2ccfa7e533c17f6f
tcn,clean_only,43,bandpass_n20002_cLL_V4_electrode_s20,phase2/results/predictions/full/clean_only/tcn/seed_43/bandpass_n20002_cLL_V4_electrode_s20.npz,76397,62829723af44165417dd319eb98ddaa330f7f2923dc61e670c32ea9869e595cb
tcn,clean_only,43,bandpass_n20002_cLL_V4_electrode_s15,phase2/results/predictions/full/clean_only/tcn/seed_43/bandpass_n20002_cLL_V4_electrode_s15.npz,76390,2696e1a27e38b09b90f08c09d8e60623d3997e1c6fbf9ff69518267734ee4087
tcn,clean_only,43,bandpass_n20002_cLL_V4_electrode_s10,phase2/results/predictions/full/clean_only/tcn/seed_43/bandpass_n20002_cLL_V4_electrode_s10.npz,76288,aba40f76316dcfb0d34a98e61576e4b05f126623242fc371fe3a75740817f2d6
tcn,clean_only,43,bandpass_n20002_cLL_V4_electrode_s5,phase2/results/predictions/full/clean_only/tcn/seed_43/bandpass_n20002_cLL_V4_electrode_s5.npz,76129,c8bb03df48c15e8bfdba87977f10a5683d722a1b34af3f45a9501002bbbd9b3a
tcn,clean_only,43,bandpass_n20002_cLL_V4_electrode_s0,phase2/results/predictions/full/clean_only/tcn/seed_43/bandpass_n20002_cLL_V4_electrode_s0.npz,75737,e432cbf2856eecff6aec7b568f8f506964466a92cb885340615333cd66ed9f1c
tcn,clean_only,43,bandpass_n20002_cLL_V4_covariance_s20,phase2/results/predictions/full/clean_only/tcn/seed_43/bandpass_n20002_cLL_V4_covariance_s20.npz,76383,6f90449d694582c14f523cf4873f0a453927c377eedb3aaf446de50be32dfdc8
tcn,clean_only,43,bandpass_n20002_cLL_V4_covariance_s15,phase2/results/predictions/full/clean_only/tcn/seed_43/bandpass_n20002_cLL_V4_covariance_s15.npz,76409,e8e5a0d04d27943d2ba248e26e7fe6628e4c02c6e48e4479b7883e843151b816
tcn,clean_only,43,bandpass_n20002_cLL_V4_covariance_s10,phase2/results/predictions/full/clean_only/tcn/seed_43/bandpass_n20002_cLL_V4_covariance_s10.npz,76268,e703391f254faf5468ad4af0c64060da119b18acfb20cbdce42692299b7e3024
tcn,clean_only,43,bandpass_n20002_cLL_V4_covariance_s5,phase2/results/predictions/full/clean_only/tcn/seed_43/bandpass_n20002_cLL_V4_covariance_s5.npz,76126,8b61ba905be0ba3bbac88a7a6ac296afe0c8447209548017aa2a80cd016fd9d2
tcn,clean_only,43,bandpass_n20002_cLL_V4_covariance_s0,phase2/results/predictions/full/clean_only/tcn/seed_43/bandpass_n20002_cLL_V4_covariance_s0.npz,75728,a238201f6b6a79a9c4ca8cc49cda1945e549e304f99110539c5f71f70cf30d94
tcn,clean_only,43,bandpass_n20002_cRA_LA_V1_V6_independent_rms_s20,phase2/results/predictions/full/clean_only/tcn/seed_43/bandpass_n20002_cRA_LA_V1_V6_independent_rms_s20.npz,76421,8b5ea7a5ecd4e9abec2f7ca8df479812cd129a5996cf07a00ad4eb438c0d3412
tcn,clean_only,43,bandpass_n20002_cRA_LA_V1_V6_independent_rms_s15,phase2/results/predictions/full/clean_only/tcn/seed_43/bandpass_n20002_cRA_LA_V1_V6_independent_rms_s15.npz,76422,6d498f35329718d3ff9ed1d09d0d14e76189938e02dce240bd38aeaee886040a
tcn,clean_only,43,bandpass_n20002_cRA_LA_V1_V6_independent_rms_s10,phase2/results/predictions/full/clean_only/tcn/seed_43/bandpass_n20002_cRA_LA_V1_V6_independent_rms_s10.npz,76378,70942295c5b89a9eadd3a178375aafe88438f88568f2cbe418543122f4d6f41d
tcn,clean_only,43,bandpass_n20002_cRA_LA_V1_V6_independent_rms_s5,phase2/results/predictions/full/clean_only/tcn/seed_43/bandpass_n20002_cRA_LA_V1_V6_independent_rms_s5.npz,76201,1324c3b55ee7dfc2c5a302ef9ee123d0853565886871ac20b26af16d9b6b2c6e
tcn,clean_only,43,bandpass_n20002_cRA_LA_V1_V6_independent_rms_s0,phase2/results/predictions/full/clean_only/tcn/seed_43/bandpass_n20002_cRA_LA_V1_V6_independent_rms_s0.npz,75811,16bfab360d1dcd80b21df562c6d3162f303fae8bfbb2ca3eda6b787fecf0b8af
tcn,clean_only,43,bandpass_n20002_cRA_LA_V1_V6_electrode_s20,phase2/results/predictions/full/clean_only/tcn/seed_43/bandpass_n20002_cRA_LA_V1_V6_electrode_s20.npz,76399,2e7bd89e57fb0c606e2cea4b9fba6df6144db27701463c8b45c968216023ea78
tcn,clean_only,43,bandpass_n20002_cRA_LA_V1_V6_electrode_s15,phase2/results/predictions/full/clean_only/tcn/seed_43/bandpass_n20002_cRA_LA_V1_V6_electrode_s15.npz,76408,94043980f209ad034d60a111520d87fcdb3f2c715eccf7b63bcc8d94853e0751
tcn,clean_only,43,bandpass_n20002_cRA_LA_V1_V6_electrode_s10,phase2/results/predictions/full/clean_only/tcn/seed_43/bandpass_n20002_cRA_LA_V1_V6_electrode_s10.npz,76280,37ee65f49cb09458a060cc02edcc306b731f6d490211fdab24b6383e58588f17
tcn,clean_only,43,bandpass_n20002_cRA_LA_V1_V6_electrode_s5,phase2/results/predictions/full/clean_only/tcn/seed_43/bandpass_n20002_cRA_LA_V1_V6_electrode_s5.npz,76036,341eef403b4bd344e5edaea8a1de13c128fea1a5fe30aee7c8b333fbd7f40fb7
tcn,clean_only,43,bandpass_n20002_cRA_LA_V1_V6_electrode_s0,phase2/results/predictions/full/clean_only/tcn/seed_43/bandpass_n20002_cRA_LA_V1_V6_electrode_s0.npz,75423,54d718c3ac4c2d037d2d89078e7a03bd0106c0ba4add055a55059a2107760493
tcn,clean_only,43,bandpass_n20002_cRA_LA_V1_V6_covariance_s20,phase2/results/predictions/full/clean_only/tcn/seed_43/bandpass_n20002_cRA_LA_V1_V6_covariance_s20.npz,76421,2c9866b21cd424b0088f730378100d480600fd8258b1457620e4aa712a2cc12b
tcn,clean_only,43,bandpass_n20002_cRA_LA_V1_V6_covariance_s15,phase2/results/predictions/full/clean_only/tcn/seed_43/bandpass_n20002_cRA_LA_V1_V6_covariance_s15.npz,76416,6f9ba32137bf9ceb76d33d97b297d6c5b79f072d44ec2593841e29692336df76
tcn,clean_only,43,bandpass_n20002_cRA_LA_V1_V6_covariance_s10,phase2/results/predictions/full/clean_only/tcn/seed_43/bandpass_n20002_cRA_LA_V1_V6_covariance_s10.npz,76295,dd303f7ceda62d3eab88c05b127df6b5ad9232772b0179341ea2ea56b6a60403
tcn,clean_only,43,bandpass_n20002_cRA_LA_V1_V6_covariance_s5,phase2/results/predictions/full/clean_only/tcn/seed_43/bandpass_n20002_cRA_LA_V1_V6_covariance_s5.npz,76038,b53e05690f86cbf43a818b2d877a2de4d4fb4a018a437cd2dbe120490f778452
tcn,clean_only,43,bandpass_n20002_cRA_LA_V1_V6_covariance_s0,phase2/results/predictions/full/clean_only/tcn/seed_43/bandpass_n20002_cRA_LA_V1_V6_covariance_s0.npz,75418,b7372ee1fdcf046bbeeb658ec13c74ef46ae0479b4f83b0ee700e979724555e4
tcn,clean_only,43,bandpass_n20002_cRA_V2_V5_independent_rms_s20,phase2/results/predictions/full/clean_only/tcn/seed_43/bandpass_n20002_cRA_V2_V5_independent_rms_s20.npz,76447,13bb094356bcd77cea583ffd5e4e963ebd503d7644ea4cb37f27967429a69a1f
tcn,clean_only,43,bandpass_n20002_cRA_V2_V5_independent_rms_s15,phase2/results/predictions/full/clean_only/tcn/seed_43/bandpass_n20002_cRA_V2_V5_independent_rms_s15.npz,76440,36d08109f80f695d5f200725f412d26c496abd0cdedb8bca671de9cdf609ec1f
tcn,clean_only,43,bandpass_n20002_cRA_V2_V5_independent_rms_s10,phase2/results/predictions/full/clean_only/tcn/seed_43/bandpass_n20002_cRA_V2_V5_independent_rms_s10.npz,76357,d5b42a357a28bdc271fa786752404f4be762d65dfda7e35919a50012f13126b6
tcn,clean_only,43,bandpass_n20002_cRA_V2_V5_independent_rms_s5,phase2/results/predictions/full/clean_only/tcn/seed_43/bandpass_n20002_cRA_V2_V5_independent_rms_s5.npz,76216,b987586d5fd13253b0d26cc7f4965b6938412f6c8b35fdffc7c15c23e5c684c3
tcn,clean_only,43,bandpass_n20002_cRA_V2_V5_independent_rms_s0,phase2/results/predictions/full/clean_only/tcn/seed_43/bandpass_n20002_cRA_V2_V5_independent_rms_s0.npz,75897,1489bef9c112def301a8d99712b069899398b010fe29927d43a44188a86cd564
tcn,clean_only,43,bandpass_n20002_cRA_V2_V5_electrode_s20,phase2/results/predictions/full/clean_only/tcn/seed_43/bandpass_n20002_cRA_V2_V5_electrode_s20.npz,76424,e38cc579bafb6fbda1009a35bfb96fbe3c687ec9f440b392cf475ac299be0868
tcn,clean_only,43,bandpass_n20002_cRA_V2_V5_electrode_s15,phase2/results/predictions/full/clean_only/tcn/seed_43/bandpass_n20002_cRA_V2_V5_electrode_s15.npz,76389,472e40ab2234f7b8a312f8f649390b52200fbe6d84d2134a74c053a550684b0f
tcn,clean_only,43,bandpass_n20002_cRA_V2_V5_electrode_s10,phase2/results/predictions/full/clean_only/tcn/seed_43/bandpass_n20002_cRA_V2_V5_electrode_s10.npz,76273,2b7cc768aa684ab3761b3c1ce65187abcf7aabdf1945d3aeb80bb476aa0c67c6
tcn,clean_only,43,bandpass_n20002_cRA_V2_V5_electrode_s5,phase2/results/predictions/full/clean_only/tcn/seed_43/bandpass_n20002_cRA_V2_V5_electrode_s5.npz,76032,5a2116e077b52dccb395bbf5f8a7e5cfd2d4e78abf0aa72b11dc713fa9c03ae5
tcn,clean_only,43,bandpass_n20002_cRA_V2_V5_electrode_s0,phase2/results/predictions/full/clean_only/tcn/seed_43/bandpass_n20002_cRA_V2_V5_electrode_s0.npz,75440,a974ca629469a7e5b4de1afe42c6709a917ae2345bf7f08f89f8c40815b9cb1d
tcn,clean_only,43,bandpass_n20002_cRA_V2_V5_covariance_s20,phase2/results/predictions/full/clean_only/tcn/seed_43/bandpass_n20002_cRA_V2_V5_covariance_s20.npz,76411,643fff30dcf3e5eeed2cde5d236dcb0a44d40b98d103a54c3dad910fd6cdfb22
tcn,clean_only,43,bandpass_n20002_cRA_V2_V5_covariance_s15,phase2/results/predictions/full/clean_only/tcn/seed_43/bandpass_n20002_cRA_V2_V5_covariance_s15.npz,76364,71ce37869e366c9720577d1ad2321a16832b8bb2c327599570aa41c03d58dee2
tcn,clean_only,43,bandpass_n20002_cRA_V2_V5_covariance_s10,phase2/results/predictions/full/clean_only/tcn/seed_43/bandpass_n20002_cRA_V2_V5_covariance_s10.npz,76275,57afa81c050b63835402d81ca9d7e478092d26de774b4d0867ac243e96e18e99
tcn,clean_only,43,bandpass_n20002_cRA_V2_V5_covariance_s5,phase2/results/predictions/full/clean_only/tcn/seed_43/bandpass_n20002_cRA_V2_V5_covariance_s5.npz,76066,b70b9da8aabd37f93c1464a3ea79e80188d528e14cd5ed12483552f61d33e3db
tcn,clean_only,43,bandpass_n20002_cRA_V2_V5_covariance_s0,phase2/results/predictions/full/clean_only/tcn/seed_43/bandpass_n20002_cRA_V2_V5_covariance_s0.npz,75456,36e231276ea07bf22cd4aa32eebe47cbf2844e87db95327d584baff48e3995a3
tcn,clean_only,43,bandpass_n20002_cLA_V3_V6_independent_rms_s20,phase2/results/predictions/full/clean_only/tcn/seed_43/bandpass_n20002_cLA_V3_V6_independent_rms_s20.npz,76454,013a062493985cfd91c2399424b164b10f17ddcb649660c7f81bfa341a60ab5a
tcn,clean_only,43,bandpass_n20002_cLA_V3_V6_independent_rms_s15,phase2/results/predictions/full/clean_only/tcn/seed_43/bandpass_n20002_cLA_V3_V6_independent_rms_s15.npz,76471,7708f39f3850d58606b7b128bc8143a75a455b1488585ad14a06c4dd2b9c4545
tcn,clean_only,43,bandpass_n20002_cLA_V3_V6_independent_rms_s10,phase2/results/predictions/full/clean_only/tcn/seed_43/bandpass_n20002_cLA_V3_V6_independent_rms_s10.npz,76366,2359ad1642917c26ac6e74d39692efa06a69809e2e5e4e8379f8a3851fce2e3e
tcn,clean_only,43,bandpass_n20002_cLA_V3_V6_independent_rms_s5,phase2/results/predictions/full/clean_only/tcn/seed_43/bandpass_n20002_cLA_V3_V6_independent_rms_s5.npz,76251,660ca453b9a796cd78ae6daf3ad87cca54ff8f8daa033102dd3900840eeb334b
tcn,clean_only,43,bandpass_n20002_cLA_V3_V6_independent_rms_s0,phase2/results/predictions/full/clean_only/tcn/seed_43/bandpass_n20002_cLA_V3_V6_independent_rms_s0.npz,75892,a773d50d8fdbdb0c0e00e2681cb6692f286938416c6feb5eee7d41d57a5e3d16
tcn,clean_only,43,bandpass_n20002_cLA_V3_V6_electrode_s20,phase2/results/predictions/full/clean_only/tcn/seed_43/bandpass_n20002_cLA_V3_V6_electrode_s20.npz,76414,470a091d107fc35454b8f10278b2c2b5f62b3fdfb354d86ce6f3cf5dae70069b
tcn,clean_only,43,bandpass_n20002_cLA_V3_V6_electrode_s15,phase2/results/predictions/full/clean_only/tcn/seed_43/bandpass_n20002_cLA_V3_V6_electrode_s15.npz,76422,470570ecec03456c3c6a2fd246734d06c7ed47dde573750ccb799fe9c8b637f7
tcn,clean_only,43,bandpass_n20002_cLA_V3_V6_electrode_s10,phase2/results/predictions/full/clean_only/tcn/seed_43/bandpass_n20002_cLA_V3_V6_electrode_s10.npz,76317,ed77e63be42d39da7fda001b9448facdf7bdc055b823e3fb75467e042a30b2b9
tcn,clean_only,43,bandpass_n20002_cLA_V3_V6_electrode_s5,phase2/results/predictions/full/clean_only/tcn/seed_43/bandpass_n20002_cLA_V3_V6_electrode_s5.npz,76146,048d991fecb736cf54caf33db9ea42d0b384eb8c50cbf971c902f4b28d17926c
tcn,clean_only,43,bandpass_n20002_cLA_V3_V6_electrode_s0,phase2/results/predictions/full/clean_only/tcn/seed_43/bandpass_n20002_cLA_V3_V6_electrode_s0.npz,75703,e0ba21942ee89adea8790e5fac3f71d6ed7644be636b8bb01592d5a92b2108de
tcn,clean_only,43,bandpass_n20002_cLA_V3_V6_covariance_s20,phase2/results/predictions/full/clean_only/tcn/seed_43/bandpass_n20002_cLA_V3_V6_covariance_s20.npz,76435,713f53e56a692ca14632d95aea0d2efb92b77c1ef7e1d3a58e9c7b007fc6655f
tcn,clean_only,43,bandpass_n20002_cLA_V3_V6_covariance_s15,phase2/results/predictions/full/clean_only/tcn/seed_43/bandpass_n20002_cLA_V3_V6_covariance_s15.npz,76393,4a471609015a7a3dae18133c0b9f447368b002fbf7df38be552266178bb2b059
tcn,clean_only,43,bandpass_n20002_cLA_V3_V6_covariance_s10,phase2/results/predictions/full/clean_only/tcn/seed_43/bandpass_n20002_cLA_V3_V6_covariance_s10.npz,76341,8cf1871f9dfa4f80af7f2289af6a0a2d4402c8cbcc9214cf91caacc025ef623d
tcn,clean_only,43,bandpass_n20002_cLA_V3_V6_covariance_s5,phase2/results/predictions/full/clean_only/tcn/seed_43/bandpass_n20002_cLA_V3_V6_covariance_s5.npz,76128,e4a2235145cfaa592185e818a07e6dd50b8b552342db04863fe34e58b3777979
tcn,clean_only,43,bandpass_n20002_cLA_V3_V6_covariance_s0,phase2/results/predictions/full/clean_only/tcn/seed_43/bandpass_n20002_cLA_V3_V6_covariance_s0.npz,75672,f7efbf59354d10d5a02b95decbc94e64f42f2b9e3abbcd5d822a33f87af736ed
tcn,clean_only,43,bandpass_n20002_cLL_V1_V4_independent_rms_s20,phase2/results/predictions/full/clean_only/tcn/seed_43/bandpass_n20002_cLL_V1_V4_independent_rms_s20.npz,76420,077cdc929f997f48a6e95fff1cfdf9ab66acaa23ce95bf9908d0febc8e603de8
tcn,clean_only,43,bandpass_n20002_cLL_V1_V4_independent_rms_s15,phase2/results/predictions/full/clean_only/tcn/seed_43/bandpass_n20002_cLL_V1_V4_independent_rms_s15.npz,76436,11f4857844185e1d1d55bb07e38f9802c8dabe424a499ab9bb62c56be8bb50eb
tcn,clean_only,43,bandpass_n20002_cLL_V1_V4_independent_rms_s10,phase2/results/predictions/full/clean_only/tcn/seed_43/bandpass_n20002_cLL_V1_V4_independent_rms_s10.npz,76391,f9e2deeee3d8cb920f459bbe76b245ec41eee1e900807dc2ce25b87ab907fd6b
tcn,clean_only,43,bandpass_n20002_cLL_V1_V4_independent_rms_s5,phase2/results/predictions/full/clean_only/tcn/seed_43/bandpass_n20002_cLL_V1_V4_independent_rms_s5.npz,76207,030aa37f91304fcbc20ca1839b51ec1f8f7583baef921d5144134b827c27daf4
tcn,clean_only,43,bandpass_n20002_cLL_V1_V4_independent_rms_s0,phase2/results/predictions/full/clean_only/tcn/seed_43/bandpass_n20002_cLL_V1_V4_independent_rms_s0.npz,75875,f4531c7ae3142c36140612983c78a4b1f0c70637f04127a605cb2cd7f595fcc1
tcn,clean_only,43,bandpass_n20002_cLL_V1_V4_electrode_s20,phase2/results/predictions/full/clean_only/tcn/seed_43/bandpass_n20002_cLL_V1_V4_electrode_s20.npz,76412,8a9baea22cb62bac055616d95bcbfe68a789fa995c04835b83774ae0e41167fa
tcn,clean_only,43,bandpass_n20002_cLL_V1_V4_electrode_s15,phase2/results/predictions/full/clean_only/tcn/seed_43/bandpass_n20002_cLL_V1_V4_electrode_s15.npz,76423,4eae553a38f092ffb2448ae35b08f5bd2f340c0025c10146302543d657d92bb4
tcn,clean_only,43,bandpass_n20002_cLL_V1_V4_electrode_s10,phase2/results/predictions/full/clean_only/tcn/seed_43/bandpass_n20002_cLL_V1_V4_electrode_s10.npz,76332,5f4d8ee76dd006972dea153e356f856541fdfc946bed8e9fdce1bf38059318e0
tcn,clean_only,43,bandpass_n20002_cLL_V1_V4_electrode_s5,phase2/results/predictions/full/clean_only/tcn/seed_43/bandpass_n20002_cLL_V1_V4_electrode_s5.npz,76116,40e59e1be528fd3c7dd0395410a25ea0d8e26c902400544d5f40caabebca0a26
tcn,clean_only,43,bandpass_n20002_cLL_V1_V4_electrode_s0,phase2/results/predictions/full/clean_only/tcn/seed_43/bandpass_n20002_cLL_V1_V4_electrode_s0.npz,75710,8aae857fa525915b44beb64ec625d6f9dc2e9061704f8474b6cf800128937812
tcn,clean_only,43,bandpass_n20002_cLL_V1_V4_covariance_s20,phase2/results/predictions/full/clean_only/tcn/seed_43/bandpass_n20002_cLL_V1_V4_covariance_s20.npz,76398,f1dea0b463a499a95f2369c2eb5dcf14efe0197e4febb44436cb6e27b74b0ad4
tcn,clean_only,43,bandpass_n20002_cLL_V1_V4_covariance_s15,phase2/results/predictions/full/clean_only/tcn/seed_43/bandpass_n20002_cLL_V1_V4_covariance_s15.npz,76394,976e819654b10748f164718b83de2ad5e224995dcfb1d0950fde60c316f9642e
tcn,clean_only,43,bandpass_n20002_cLL_V1_V4_covariance_s10,phase2/results/predictions/full/clean_only/tcn/seed_43/bandpass_n20002_cLL_V1_V4_covariance_s10.npz,76272,e8ab42953c390810bab4e7afb32599877f10250c6fa52e03438fe0621fef548c
tcn,clean_only,43,bandpass_n20002_cLL_V1_V4_covariance_s5,phase2/results/predictions/full/clean_only/tcn/seed_43/bandpass_n20002_cLL_V1_V4_covariance_s5.npz,76112,1841164dcd2270410c70ce3e834f6910fa07a75c3d8bf0b96848d14121ea7014
tcn,clean_only,43,bandpass_n20002_cLL_V1_V4_covariance_s0,phase2/results/predictions/full/clean_only/tcn/seed_43/bandpass_n20002_cLL_V1_V4_covariance_s0.npz,75700,1ab4b3bce3ef8356369a6957517b9dbc90b913b241e8513e29c997226a49fdee
tcn,clean_only,43,bandpass_n20002_call_independent_rms_s20,phase2/results/predictions/full/clean_only/tcn/seed_43/bandpass_n20002_call_independent_rms_s20.npz,76407,c1eb58cb2ae6406ea09f9742f53ca9c3c4da5761aa8fe3a38d5b1395d2f6cb3c
tcn,clean_only,43,bandpass_n20002_call_independent_rms_s15,phase2/results/predictions/full/clean_only/tcn/seed_43/bandpass_n20002_call_independent_rms_s15.npz,76406,ab8ccfdad6d7334f66ebe647d60d3785a27707524e0ed0c4dd776b09eee12891
tcn,clean_only,43,bandpass_n20002_call_independent_rms_s10,phase2/results/predictions/full/clean_only/tcn/seed_43/bandpass_n20002_call_independent_rms_s10.npz,76349,df7ea6ac0a448027ffd43cc33a1a1980fc04d19cc51d82daf957295049706d9b
tcn,clean_only,43,bandpass_n20002_call_independent_rms_s5,phase2/results/predictions/full/clean_only/tcn/seed_43/bandpass_n20002_call_independent_rms_s5.npz,76171,7ddb8ea50223ba83de4c5ed8e65a3d0b9a1988e7d308b2a3dbfeb93bf817ead8
tcn,clean_only,43,bandpass_n20002_call_independent_rms_s0,phase2/results/predictions/full/clean_only/tcn/seed_43/bandpass_n20002_call_independent_rms_s0.npz,75814,3947d13d1623688c389a8f62b3477126b5e7cae3ee98433194b3b13c8605108d
tcn,clean_only,43,bandpass_n20002_call_electrode_s20,phase2/results/predictions/full/clean_only/tcn/seed_43/bandpass_n20002_call_electrode_s20.npz,76372,f1796a97c6c3859353513ffb886aef78023991a26b07f17f4960f2345341f424
tcn,clean_only,43,bandpass_n20002_call_electrode_s15,phase2/results/predictions/full/clean_only/tcn/seed_43/bandpass_n20002_call_electrode_s15.npz,76342,c60ec0b88306cd6aec8e47344b8979ea8e7f045f7125ce16cdc93de0a84b61b2
tcn,clean_only,43,bandpass_n20002_call_electrode_s10,phase2/results/predictions/full/clean_only/tcn/seed_43/bandpass_n20002_call_electrode_s10.npz,76278,0ca9c283c95dcd3428efbc167ea6782077d34a4196e2ba709373a3b267029e89
tcn,clean_only,43,bandpass_n20002_call_electrode_s5,phase2/results/predictions/full/clean_only/tcn/seed_43/bandpass_n20002_call_electrode_s5.npz,76030,3abcc9289414727747e1960f3759f4d68f03e99be4a0dd6d577f21905f1e4e04
tcn,clean_only,43,bandpass_n20002_call_electrode_s0,phase2/results/predictions/full/clean_only/tcn/seed_43/bandpass_n20002_call_electrode_s0.npz,75485,d829ecdcdeb5da1b7c00586054da022a27dc90ae1c5f468281305fc7d1175603
tcn,clean_only,43,bandpass_n20002_call_covariance_s20,phase2/results/predictions/full/clean_only/tcn/seed_43/bandpass_n20002_call_covariance_s20.npz,76412,1f81ab8c80eb27d0893c5400024320498deee3a4125cd0ab6773c418b838ce62
tcn,clean_only,43,bandpass_n20002_call_covariance_s15,phase2/results/predictions/full/clean_only/tcn/seed_43/bandpass_n20002_call_covariance_s15.npz,76390,95f589cd4a266569bfbf734b517a67d803843f7a19cf9e6b772e973f69fb5205
tcn,clean_only,43,bandpass_n20002_call_covariance_s10,phase2/results/predictions/full/clean_only/tcn/seed_43/bandpass_n20002_call_covariance_s10.npz,76291,c78380840557d36e139e8779f08ec8689f2cec7bc330d85a8b85f6f82948ef4b
tcn,clean_only,43,bandpass_n20002_call_covariance_s5,phase2/results/predictions/full/clean_only/tcn/seed_43/bandpass_n20002_call_covariance_s5.npz,76063,06fa36e2ac60ce766a4630c17c096e9063b22fb0a27f7f506e554b9ca018450a
tcn,clean_only,43,bandpass_n20002_call_covariance_s0,phase2/results/predictions/full/clean_only/tcn/seed_43/bandpass_n20002_call_covariance_s0.npz,75453,da2797bd68a8c62c843abe553528d49b2dd864086b29824790f02bc67ffcf232
tcn,clean_only,43,bandpass_n20003_cRA_LA_LL_independent_rms_s20,phase2/results/predictions/full/clean_only/tcn/seed_43/bandpass_n20003_cRA_LA_LL_independent_rms_s20.npz,76421,5a2e898d64fb76f2021f1aed5aba98bf4c9a3359c14b609a4f1ca02dfebe51b4
tcn,clean_only,43,bandpass_n20003_cRA_LA_LL_independent_rms_s15,phase2/results/predictions/full/clean_only/tcn/seed_43/bandpass_n20003_cRA_LA_LL_independent_rms_s15.npz,76430,ac897addbeb5b3dfdc038a5d786ac5f1ff7ca807f6d4d761a28355c045b29dce
tcn,clean_only,43,bandpass_n20003_cRA_LA_LL_independent_rms_s10,phase2/results/predictions/full/clean_only/tcn/seed_43/bandpass_n20003_cRA_LA_LL_independent_rms_s10.npz,76367,ed523c4d99a0ec9b74f64ff157961195ff47bca480d40d91bf4813872f202fbc
tcn,clean_only,43,bandpass_n20003_cRA_LA_LL_independent_rms_s5,phase2/results/predictions/full/clean_only/tcn/seed_43/bandpass_n20003_cRA_LA_LL_independent_rms_s5.npz,76183,7b48ad1deefef8fe23efe3fcf4ccef7dda927bb6dc0aea467e38566e9fe3fe4e
tcn,clean_only,43,bandpass_n20003_cRA_LA_LL_independent_rms_s0,phase2/results/predictions/full/clean_only/tcn/seed_43/bandpass_n20003_cRA_LA_LL_independent_rms_s0.npz,75799,3dcb2225f2ece68bacf5a8dae06cd597193b5304e91e4edbb4b62faa5b61c79d
tcn,clean_only,43,bandpass_n20003_cRA_LA_LL_electrode_s20,phase2/results/predictions/full/clean_only/tcn/seed_43/bandpass_n20003_cRA_LA_LL_electrode_s20.npz,76404,bca0ff45a36895df0522a0584b29a8fe29172e2bf97677f5e203888567bf8478
tcn,clean_only,43,bandpass_n20003_cRA_LA_LL_electrode_s15,phase2/results/predictions/full/clean_only/tcn/seed_43/bandpass_n20003_cRA_LA_LL_electrode_s15.npz,76376,81363aee84ada5a1ed2910227aec04cd56f9ef595869ea1969daec6e94314253
tcn,clean_only,43,bandpass_n20003_cRA_LA_LL_electrode_s10,phase2/results/predictions/full/clean_only/tcn/seed_43/bandpass_n20003_cRA_LA_LL_electrode_s10.npz,76252,db18b6342148f5577bbdb90b799fa6e82c85a72c70b622a4e4dfc8be10e55bdc
tcn,clean_only,43,bandpass_n20003_cRA_LA_LL_electrode_s5,phase2/results/predictions/full/clean_only/tcn/seed_43/bandpass_n20003_cRA_LA_LL_electrode_s5.npz,75966,6e14c5b56610ea6b7ae6ffe1ce26f943862a83b36766773c69795b31f1bf0595
tcn,clean_only,43,bandpass_n20003_cRA_LA_LL_electrode_s0,phase2/results/predictions/full/clean_only/tcn/seed_43/bandpass_n20003_cRA_LA_LL_electrode_s0.npz,75446,2bc9f262f9b8d6495beb47e51884ace5c83dd8928e2d93e748242c2a58374f53
tcn,clean_only,43,bandpass_n20003_cRA_LA_LL_covariance_s20,phase2/results/predictions/full/clean_only/tcn/seed_43/bandpass_n20003_cRA_LA_LL_covariance_s20.npz,76387,e83aa0790392814e925a8b16aa98a9fa0c45db09957e94dff44aab2d89aad9d0
tcn,clean_only,43,bandpass_n20003_cRA_LA_LL_covariance_s15,phase2/results/predictions/full/clean_only/tcn/seed_43/bandpass_n20003_cRA_LA_LL_covariance_s15.npz,76380,cfb712add57e362295b3097c920783e5f04310ea370dedb9c984601a06bdc5cf
tcn,clean_only,43,bandpass_n20003_cRA_LA_LL_covariance_s10,phase2/results/predictions/full/clean_only/tcn/seed_43/bandpass_n20003_cRA_LA_LL_covariance_s10.npz,76246,619358664d78fca0d45332ce3ab42183b8ee65cb8814f570eeb7102e21cc6048
tcn,clean_only,43,bandpass_n20003_cRA_LA_LL_covariance_s5,phase2/results/predictions/full/clean_only/tcn/seed_43/bandpass_n20003_cRA_LA_LL_covariance_s5.npz,75987,4481b95d477ed0071948eb4aab263a41e1dec29ad4756f37723f8903174eca01
tcn,clean_only,43,bandpass_n20003_cRA_LA_LL_covariance_s0,phase2/results/predictions/full/clean_only/tcn/seed_43/bandpass_n20003_cRA_LA_LL_covariance_s0.npz,75436,9f6ee8bf98f44da8cd807daf61f88a27a4445f212defde4205e0b9827d5c4e53
tcn,clean_only,43,bandpass_n20003_cV1_independent_rms_s20,phase2/results/predictions/full/clean_only/tcn/seed_43/bandpass_n20003_cV1_independent_rms_s20.npz,76394,4c793237a4a1c89098b02772332fc3e2caec3efbc4aa2cc7e867552b87dd9b91
tcn,clean_only,43,bandpass_n20003_cV1_independent_rms_s15,phase2/results/predictions/full/clean_only/tcn/seed_43/bandpass_n20003_cV1_independent_rms_s15.npz,76371,327bd5a490f55dc2513309858999166959e1a2436b8320635ee508bc4fbbd437
tcn,clean_only,43,bandpass_n20003_cV1_independent_rms_s10,phase2/results/predictions/full/clean_only/tcn/seed_43/bandpass_n20003_cV1_independent_rms_s10.npz,76325,a2a6522e864ec314cda78ac9dd2dcc6fb9d1c5d00f3b5df60d61589de9997c52
tcn,clean_only,43,bandpass_n20003_cV1_independent_rms_s5,phase2/results/predictions/full/clean_only/tcn/seed_43/bandpass_n20003_cV1_independent_rms_s5.npz,76159,09efa44c0917f002cdb4da21367c0cc9b32305babcba8e5e96293b46d6767b6f
tcn,clean_only,43,bandpass_n20003_cV1_independent_rms_s0,phase2/results/predictions/full/clean_only/tcn/seed_43/bandpass_n20003_cV1_independent_rms_s0.npz,75839,bf47fb1a96e0cf548f0d8e125e717857f90a07aa180a5ca34bec44e4ddceb336
tcn,clean_only,43,bandpass_n20003_cV1_electrode_s20,phase2/results/predictions/full/clean_only/tcn/seed_43/bandpass_n20003_cV1_electrode_s20.npz,76408,2ff78d7b7e575d221b1005abbc6d887f0539e0b149b68228c3527e9c535b256f
tcn,clean_only,43,bandpass_n20003_cV1_electrode_s15,phase2/results/predictions/full/clean_only/tcn/seed_43/bandpass_n20003_cV1_electrode_s15.npz,76355,9666756f3136d175cf6a90b0881cb4d17d8add8f7be2115701b3bf062fa72bd9
tcn,clean_only,43,bandpass_n20003_cV1_electrode_s10,phase2/results/predictions/full/clean_only/tcn/seed_43/bandpass_n20003_cV1_electrode_s10.npz,76300,e9e5acf98dd6eb53d3ac6c81e5e7a6b779cbb3d6b19e9a27d23e9378278c64f2
tcn,clean_only,43,bandpass_n20003_cV1_electrode_s5,phase2/results/predictions/full/clean_only/tcn/seed_43/bandpass_n20003_cV1_electrode_s5.npz,76168,1add311b2f00dac0724d0aa362df3edfe52e6b979af66c72360ee27ec6b69db9
tcn,clean_only,43,bandpass_n20003_cV1_electrode_s0,phase2/results/predictions/full/clean_only/tcn/seed_43/bandpass_n20003_cV1_electrode_s0.npz,75841,ddb2348bea5e45d89bad573c0e85b6f1e09e923cbc5e4a7529a340696c70adf2
tcn,clean_only,43,bandpass_n20003_cV1_covariance_s20,phase2/results/predictions/full/clean_only/tcn/seed_43/bandpass_n20003_cV1_covariance_s20.npz,76401,feca516f94007b41e9c5f295972cbfcbd2c7a814c2b035358bb828fa8ce0b95b
tcn,clean_only,43,bandpass_n20003_cV1_covariance_s15,phase2/results/predictions/full/clean_only/tcn/seed_43/bandpass_n20003_cV1_covariance_s15.npz,76364,dc1cac405bb8e6e855b38d909ab58c73cbe12a0f956cf577d9f8eb5a6bfd78ec
tcn,clean_only,43,bandpass_n20003_cV1_covariance_s10,phase2/results/predictions/full/clean_only/tcn/seed_43/bandpass_n20003_cV1_covariance_s10.npz,76322,2f2d081ba146e283b64a98bb6e9bff268869f262996be0eb3b0cad774c84cbaf
tcn,clean_only,43,bandpass_n20003_cV1_covariance_s5,phase2/results/predictions/full/clean_only/tcn/seed_43/bandpass_n20003_cV1_covariance_s5.npz,76099,e4e8b88b265b30df90cb794e89a8abc571dc8d0c8159af1e889d6d05dbcd9732
tcn,clean_only,43,bandpass_n20003_cV1_covariance_s0,phase2/results/predictions/full/clean_only/tcn/seed_43/bandpass_n20003_cV1_covariance_s0.npz,75829,c835f92aff50ec1d09396ecf0af6f0dc0e5ee589ba5df8715ce1107e05ae07c0
tcn,clean_only,43,bandpass_n20003_cV2_independent_rms_s20,phase2/results/predictions/full/clean_only/tcn/seed_43/bandpass_n20003_cV2_independent_rms_s20.npz,76440,3f278a4527436b6d950d216daff3d7026279ae95acf3e6cac8f7e8c7bdbc0c63
tcn,clean_only,43,bandpass_n20003_cV2_independent_rms_s15,phase2/results/predictions/full/clean_only/tcn/seed_43/bandpass_n20003_cV2_independent_rms_s15.npz,76400,473680ee55b342493697e129ca9abdb75c4f01d3a2104b1d172398fe6b3ac9f0
tcn,clean_only,43,bandpass_n20003_cV2_independent_rms_s10,phase2/results/predictions/full/clean_only/tcn/seed_43/bandpass_n20003_cV2_independent_rms_s10.npz,76348,08082273e453542d6145c72f037b8d810537cf7546ffa5b82bfd31f563184410
tcn,clean_only,43,bandpass_n20003_cV2_independent_rms_s5,phase2/results/predictions/full/clean_only/tcn/seed_43/bandpass_n20003_cV2_independent_rms_s5.npz,76247,82fa97692ca60a3300f10a778987154e21fa5095f423ae8be7b61873f46e352c
tcn,clean_only,43,bandpass_n20003_cV2_independent_rms_s0,phase2/results/predictions/full/clean_only/tcn/seed_43/bandpass_n20003_cV2_independent_rms_s0.npz,75958,4b95b8f2345cc4f38661bd1344b7c9ebcf5b153f5a52209a5b49c3cf9d2e4b60
tcn,clean_only,43,bandpass_n20003_cV2_electrode_s20,phase2/results/predictions/full/clean_only/tcn/seed_43/bandpass_n20003_cV2_electrode_s20.npz,76401,04b499830cb150ee5cc883fe8616e1cb5ef5bda93858731514562291a20cbe4b
tcn,clean_only,43,bandpass_n20003_cV2_electrode_s15,phase2/results/predictions/full/clean_only/tcn/seed_43/bandpass_n20003_cV2_electrode_s15.npz,76417,8df11496d5ca57654861c7d1dc448ad63f983eeb3a1abcea644b61fa89f202c2
tcn,clean_only,43,bandpass_n20003_cV2_electrode_s10,phase2/results/predictions/full/clean_only/tcn/seed_43/bandpass_n20003_cV2_electrode_s10.npz,76354,a1c5d28da337529bf7df84f3a6486c8d18181316bfe5c72786f859a159f344be
tcn,clean_only,43,bandpass_n20003_cV2_electrode_s5,phase2/results/predictions/full/clean_only/tcn/seed_43/bandpass_n20003_cV2_electrode_s5.npz,76238,d2db50118d4e72eeee0a2d0e6709f9aea5b702289717a253081deaff4ab544b0
tcn,clean_only,43,bandpass_n20003_cV2_electrode_s0,phase2/results/predictions/full/clean_only/tcn/seed_43/bandpass_n20003_cV2_electrode_s0.npz,75973,3a4f53aeb5a88dd8c0ccb686208e051cdcca579f30bdfd5fcced194bd2360b0e
tcn,clean_only,43,bandpass_n20003_cV2_covariance_s20,phase2/results/predictions/full/clean_only/tcn/seed_43/bandpass_n20003_cV2_covariance_s20.npz,76397,eadc41acf9f2f6ee7c64a921d4dc918962ae47bde7d2cbff8a44b150853985f1
tcn,clean_only,43,bandpass_n20003_cV2_covariance_s15,phase2/results/predictions/full/clean_only/tcn/seed_43/bandpass_n20003_cV2_covariance_s15.npz,76416,e5332dbc91ba4727d5d58f7286f48242dddc2752861f5e60b6a4db57313ce9e1
tcn,clean_only,43,bandpass_n20003_cV2_covariance_s10,phase2/results/predictions/full/clean_only/tcn/seed_43/bandpass_n20003_cV2_covariance_s10.npz,76367,c1a94c9b8f32aabee76ebf01ae2d540f47ff9df8a8d2b37b05fb18b674c4bfac
tcn,clean_only,43,bandpass_n20003_cV2_covariance_s5,phase2/results/predictions/full/clean_only/tcn/seed_43/bandpass_n20003_cV2_covariance_s5.npz,76200,b42d7bd49a2ce26c13adb1120aaf3897a8f2d3705dee1b9313a3174d56940d6c
tcn,clean_only,43,bandpass_n20003_cV2_covariance_s0,phase2/results/predictions/full/clean_only/tcn/seed_43/bandpass_n20003_cV2_covariance_s0.npz,75947,ff84c93b7e87f15e20ee252af9496653008d7175d3cf822bcdb248daf3a2341a
tcn,clean_only,43,bandpass_n20003_cV3_independent_rms_s20,phase2/results/predictions/full/clean_only/tcn/seed_43/bandpass_n20003_cV3_independent_rms_s20.npz,76417,09c841fb0e8f49c38d9c859abab04037f732b2cb781dbbada40e4f78123a2b34
tcn,clean_only,43,bandpass_n20003_cV3_independent_rms_s15,phase2/results/predictions/full/clean_only/tcn/seed_43/bandpass_n20003_cV3_independent_rms_s15.npz,76399,abf350dc21fa5c8c7db5f5e821600ed9ead7428a73660725549a58f9d0795b88
tcn,clean_only,43,bandpass_n20003_cV3_independent_rms_s10,phase2/results/predictions/full/clean_only/tcn/seed_43/bandpass_n20003_cV3_independent_rms_s10.npz,76371,e43e8b4c1e4f338adc65780e076d0c57f81ebca28a6b851e6740c75fcff33692
tcn,clean_only,43,bandpass_n20003_cV3_independent_rms_s5,phase2/results/predictions/full/clean_only/tcn/seed_43/bandpass_n20003_cV3_independent_rms_s5.npz,76335,25eca956f12e30261a3c2012021af13501bfdbc868c7d17e2e63dda09c4c3c06
tcn,clean_only,43,bandpass_n20003_cV3_independent_rms_s0,phase2/results/predictions/full/clean_only/tcn/seed_43/bandpass_n20003_cV3_independent_rms_s0.npz,76189,d8f09d58ca862d6f1913c37f0c7194ebc99e4624ef190348a830a8caa5786489
tcn,clean_only,43,bandpass_n20003_cV3_electrode_s20,phase2/results/predictions/full/clean_only/tcn/seed_43/bandpass_n20003_cV3_electrode_s20.npz,76370,da6e714ea9e52dbeffd03ea97956fe77983ba616018163f2501d8c62cda4f0f7
tcn,clean_only,43,bandpass_n20003_cV3_electrode_s15,phase2/results/predictions/full/clean_only/tcn/seed_43/bandpass_n20003_cV3_electrode_s15.npz,76396,852eb458e6f1ac462986dada901995f82aeec3799662cf4512896d8501cdef21
tcn,clean_only,43,bandpass_n20003_cV3_electrode_s10,phase2/results/predictions/full/clean_only/tcn/seed_43/bandpass_n20003_cV3_electrode_s10.npz,76397,108b506ffa331db9a6ed7c0eece5431d4fe85b4c5f92cf21b10f16bf37c2497e
tcn,clean_only,43,bandpass_n20003_cV3_electrode_s5,phase2/results/predictions/full/clean_only/tcn/seed_43/bandpass_n20003_cV3_electrode_s5.npz,76326,d2e30bbb53b51b67b0dd7b2cb26565ab86910c58aa0b28159662580d7ace6602
tcn,clean_only,43,bandpass_n20003_cV3_electrode_s0,phase2/results/predictions/full/clean_only/tcn/seed_43/bandpass_n20003_cV3_electrode_s0.npz,76151,75ac4213223b4064f6cf90a6cd5619df5eaebe4f29b932653fbcd6fa2d34f736
tcn,clean_only,43,bandpass_n20003_cV3_covariance_s20,phase2/results/predictions/full/clean_only/tcn/seed_43/bandpass_n20003_cV3_covariance_s20.npz,76412,82b1ed77423baf91dbe05da7ece08d2d4e9e3a5bc649fe7e70c6bd46af8de267
tcn,clean_only,43,bandpass_n20003_cV3_covariance_s15,phase2/results/predictions/full/clean_only/tcn/seed_43/bandpass_n20003_cV3_covariance_s15.npz,76414,1d2500ca3d02f45387cf08b4ec137f89f3c0fa2c400f1d6694ceca4ee9837339
tcn,clean_only,43,bandpass_n20003_cV3_covariance_s10,phase2/results/predictions/full/clean_only/tcn/seed_43/bandpass_n20003_cV3_covariance_s10.npz,76364,43d8e4c78f69887e92c5ad4d64ed6b42ae44c3f161bfe70f632bd1743fc0d182
tcn,clean_only,43,bandpass_n20003_cV3_covariance_s5,phase2/results/predictions/full/clean_only/tcn/seed_43/bandpass_n20003_cV3_covariance_s5.npz,76327,c1643ab56cddfae8d1fe30fb542258a992eb1be66f9316e70ce0dead65344101
tcn,clean_only,43,bandpass_n20003_cV3_covariance_s0,phase2/results/predictions/full/clean_only/tcn/seed_43/bandpass_n20003_cV3_covariance_s0.npz,76157,eee90c5ade57f6269b439d43773ee4d9e90c7727846bcc1bb194dcbf71825e37
tcn,clean_only,43,bandpass_n20003_cV4_independent_rms_s20,phase2/results/predictions/full/clean_only/tcn/seed_43/bandpass_n20003_cV4_independent_rms_s20.npz,76458,170ee6bf9af1d420878c9e58aa51a7bfa3021d90acf35b535c8a2d162ca9335f
tcn,clean_only,43,bandpass_n20003_cV4_independent_rms_s15,phase2/results/predictions/full/clean_only/tcn/seed_43/bandpass_n20003_cV4_independent_rms_s15.npz,76391,6a4ab39db3d2859615cd5becccb38b751d0760f86d33b643b882467f14f43547
tcn,clean_only,43,bandpass_n20003_cV4_independent_rms_s10,phase2/results/predictions/full/clean_only/tcn/seed_43/bandpass_n20003_cV4_independent_rms_s10.npz,76365,0dcffdd63acdd0b1b630eec9d72cbaac60ed5b8b57b4001221d5513637a928a4
tcn,clean_only,43,bandpass_n20003_cV4_independent_rms_s5,phase2/results/predictions/full/clean_only/tcn/seed_43/bandpass_n20003_cV4_independent_rms_s5.npz,76269,e3fa64f5206586eced39a6ebc176231f9d61f209437e3d6ac1740f67bd3e9d08
tcn,clean_only,43,bandpass_n20003_cV4_independent_rms_s0,phase2/results/predictions/full/clean_only/tcn/seed_43/bandpass_n20003_cV4_independent_rms_s0.npz,76028,a628121a14db87c3ba727c5a3577eec8b102c107043a7d322b271d7c29f130b4
tcn,clean_only,43,bandpass_n20003_cV4_electrode_s20,phase2/results/predictions/full/clean_only/tcn/seed_43/bandpass_n20003_cV4_electrode_s20.npz,76402,d674bc9b1f0884f14e270aab87645634db2645650a23228631f32f5e9e1984d5
tcn,clean_only,43,bandpass_n20003_cV4_electrode_s15,phase2/results/predictions/full/clean_only/tcn/seed_43/bandpass_n20003_cV4_electrode_s15.npz,76413,f0e180712ae27c20a879788f8016e17c536ba31939615e6117941cb340f29f55
tcn,clean_only,43,bandpass_n20003_cV4_electrode_s10,phase2/results/predictions/full/clean_only/tcn/seed_43/bandpass_n20003_cV4_electrode_s10.npz,76354,1195d526206119568dc90b10564395d720cacaf243f0fa86d51eb8dc8b4e6200
tcn,clean_only,43,bandpass_n20003_cV4_electrode_s5,phase2/results/predictions/full/clean_only/tcn/seed_43/bandpass_n20003_cV4_electrode_s5.npz,76238,f14ece79d48a2a3a5f1dcb888f2b5cffbfaaeddc6a0bb6fc05ccc38a1c093ff4
tcn,clean_only,43,bandpass_n20003_cV4_electrode_s0,phase2/results/predictions/full/clean_only/tcn/seed_43/bandpass_n20003_cV4_electrode_s0.npz,76015,b6823e29e24915fa5077085766a6c26ab86e6f27fa1600e1618f40dea5d50736
tcn,clean_only,43,bandpass_n20003_cV4_covariance_s20,phase2/results/predictions/full/clean_only/tcn/seed_43/bandpass_n20003_cV4_covariance_s20.npz,76378,bcbef4aeda37d0885c1029dfbadc60a92c7b512ef1be9bc20538f0d632fd6d9a
tcn,clean_only,43,bandpass_n20003_cV4_covariance_s15,phase2/results/predictions/full/clean_only/tcn/seed_43/bandpass_n20003_cV4_covariance_s15.npz,76421,d8286b561a02d6200320a3f5b14e7ba3d87bb2d5b1322b9cf95560fcbca92df5
tcn,clean_only,43,bandpass_n20003_cV4_covariance_s10,phase2/results/predictions/full/clean_only/tcn/seed_43/bandpass_n20003_cV4_covariance_s10.npz,76351,9df81701c805450ca4bf68fa72a89726fca7c853ed829286bc0e5b816587d0b3
tcn,clean_only,43,bandpass_n20003_cV4_covariance_s5,phase2/results/predictions/full/clean_only/tcn/seed_43/bandpass_n20003_cV4_covariance_s5.npz,76293,44f1db9b82a0df4d7e591f2c944f585ca95689e36bbfaa946f4b11cc5f1c2902
tcn,clean_only,43,bandpass_n20003_cV4_covariance_s0,phase2/results/predictions/full/clean_only/tcn/seed_43/bandpass_n20003_cV4_covariance_s0.npz,76045,0c5a41370a8cb31fa4f510afe9a7ae938802a8d36a177dcfb52c86ae41e03026
tcn,clean_only,43,bandpass_n20003_cV5_independent_rms_s20,phase2/results/predictions/full/clean_only/tcn/seed_43/bandpass_n20003_cV5_independent_rms_s20.npz,76427,70c2014f489e19e1e22871b79be77d3fc47b19e6d9a5b6d930d433015dcbb5de
tcn,clean_only,43,bandpass_n20003_cV5_independent_rms_s15,phase2/results/predictions/full/clean_only/tcn/seed_43/bandpass_n20003_cV5_independent_rms_s15.npz,76387,137f48f5fd980ec5d0ecef25033c308380d25aa7f5c541447d129680c872dd4d
tcn,clean_only,43,bandpass_n20003_cV5_independent_rms_s10,phase2/results/predictions/full/clean_only/tcn/seed_43/bandpass_n20003_cV5_independent_rms_s10.npz,76398,af70fb5cee8135fd9ae39ad94ced64d2b19aa9edd80f784fbcded9f64253cdbb
tcn,clean_only,43,bandpass_n20003_cV5_independent_rms_s5,phase2/results/predictions/full/clean_only/tcn/seed_43/bandpass_n20003_cV5_independent_rms_s5.npz,76255,da4ffc9d978e85bc63ed5e942b71604d1385997a010bc8b3e39515e4148d2815
tcn,clean_only,43,bandpass_n20003_cV5_independent_rms_s0,phase2/results/predictions/full/clean_only/tcn/seed_43/bandpass_n20003_cV5_independent_rms_s0.npz,75938,e9a69e5f6f13ed83ff589c6b7f63b9201a7967e857e9cae86109ab2c8a34d05a
tcn,clean_only,43,bandpass_n20003_cV5_electrode_s20,phase2/results/predictions/full/clean_only/tcn/seed_43/bandpass_n20003_cV5_electrode_s20.npz,76374,3ef57ddf6b9364e1d57ef5fb0c180f62a8f37e5d7ee649028a89508c2e6284f9
tcn,clean_only,43,bandpass_n20003_cV5_electrode_s15,phase2/results/predictions/full/clean_only/tcn/seed_43/bandpass_n20003_cV5_electrode_s15.npz,76394,2267ac37a063aaa929c60aeadc5b2227e6b1cd10bf7d2ccf99cd068e00bb80ea
tcn,clean_only,43,bandpass_n20003_cV5_electrode_s10,phase2/results/predictions/full/clean_only/tcn/seed_43/bandpass_n20003_cV5_electrode_s10.npz,76329,8dab63fa55f9b9297ea0803e4e76f752bd21865caeb27223d7d2041c49c8d27e
tcn,clean_only,43,bandpass_n20003_cV5_electrode_s5,phase2/results/predictions/full/clean_only/tcn/seed_43/bandpass_n20003_cV5_electrode_s5.npz,76205,ecb49f75bd09590ce1a8e4eb7018bcfbb32ca211369fbf12a02383735ed0d6b2
tcn,clean_only,43,bandpass_n20003_cV5_electrode_s0,phase2/results/predictions/full/clean_only/tcn/seed_43/bandpass_n20003_cV5_electrode_s0.npz,75918,c80a9daa2e56746845da44613b2994d12a9a3b00cf41e7dfff8d7cda99b54693
tcn,clean_only,43,bandpass_n20003_cV5_covariance_s20,phase2/results/predictions/full/clean_only/tcn/seed_43/bandpass_n20003_cV5_covariance_s20.npz,76400,feab6b4613b802d798abc3e3dc4942ad28eaa94c91e2a619b7c978c9a9472488
tcn,clean_only,43,bandpass_n20003_cV5_covariance_s15,phase2/results/predictions/full/clean_only/tcn/seed_43/bandpass_n20003_cV5_covariance_s15.npz,76411,0334504d4d903453755c2f26f047f524aeba98494bdad5c07490bd762e582692
tcn,clean_only,43,bandpass_n20003_cV5_covariance_s10,phase2/results/predictions/full/clean_only/tcn/seed_43/bandpass_n20003_cV5_covariance_s10.npz,76347,7a154ba5838750eecd608f51b7cfef6d003b69cca06d90287bd4a5216f5d3486
tcn,clean_only,43,bandpass_n20003_cV5_covariance_s5,phase2/results/predictions/full/clean_only/tcn/seed_43/bandpass_n20003_cV5_covariance_s5.npz,76238,d0ff0083141ea64090dd1503784399ce1a3265de3b01588b62bbf4dacfa0150d
tcn,clean_only,43,bandpass_n20003_cV5_covariance_s0,phase2/results/predictions/full/clean_only/tcn/seed_43/bandpass_n20003_cV5_covariance_s0.npz,75919,bad746096015b9c23fb04ec2434b0c8a4d4aa9fbb2430bf3502a8f5a923ad1ef
tcn,clean_only,43,bandpass_n20003_cV6_independent_rms_s20,phase2/results/predictions/full/clean_only/tcn/seed_43/bandpass_n20003_cV6_independent_rms_s20.npz,76422,c748764ca685c0259c2501760ad105b3318da51b6f97a52de8f19b12b9a530ab
tcn,clean_only,43,bandpass_n20003_cV6_independent_rms_s15,phase2/results/predictions/full/clean_only/tcn/seed_43/bandpass_n20003_cV6_independent_rms_s15.npz,76429,6f0b96a2a7572e8996c5a4c9b69f3b4bb84ede5728e8bdf34ab6f09e301b3e1b
tcn,clean_only,43,bandpass_n20003_cV6_independent_rms_s10,phase2/results/predictions/full/clean_only/tcn/seed_43/bandpass_n20003_cV6_independent_rms_s10.npz,76349,ca8f59929facccbb99a1782af240872a3cece44069b2c3d11e5319ff3abacb3f
tcn,clean_only,43,bandpass_n20003_cV6_independent_rms_s5,phase2/results/predictions/full/clean_only/tcn/seed_43/bandpass_n20003_cV6_independent_rms_s5.npz,76225,ec2116799b7256b154f10edc584fbf4404120da318ee06399b0f83090df11469
tcn,clean_only,43,bandpass_n20003_cV6_independent_rms_s0,phase2/results/predictions/full/clean_only/tcn/seed_43/bandpass_n20003_cV6_independent_rms_s0.npz,76010,f9154e74d797453992e36bf580b980f593dfaa67078bce77506c735a53720925
tcn,clean_only,43,bandpass_n20003_cV6_electrode_s20,phase2/results/predictions/full/clean_only/tcn/seed_43/bandpass_n20003_cV6_electrode_s20.npz,76390,424e5ecd5464d42b8cb9473df3e40d4002311b9307c8d03aa02559f027b2c519
tcn,clean_only,43,bandpass_n20003_cV6_electrode_s15,phase2/results/predictions/full/clean_only/tcn/seed_43/bandpass_n20003_cV6_electrode_s15.npz,76395,67b6b2eaa0e4ba71ca65e3ad53d9b40cf9a1d5c8c7de46b111fa475ca5f5b45f
tcn,clean_only,43,bandpass_n20003_cV6_electrode_s10,phase2/results/predictions/full/clean_only/tcn/seed_43/bandpass_n20003_cV6_electrode_s10.npz,76350,3ee34b4501164800d86d9ac1198c16dd0bb7f0eb7bfcc0ff36c855d7c30b2a81
tcn,clean_only,43,bandpass_n20003_cV6_electrode_s5,phase2/results/predictions/full/clean_only/tcn/seed_43/bandpass_n20003_cV6_electrode_s5.npz,76246,3479dca7cae5c59583c20b905c9df8a3eb6ef10a46c5528ae55fd129b699e34b
tcn,clean_only,43,bandpass_n20003_cV6_electrode_s0,phase2/results/predictions/full/clean_only/tcn/seed_43/bandpass_n20003_cV6_electrode_s0.npz,75980,c71c9b7a7842b32165248240f1fd3de4a560adebc64e75414d9b62a898cb3726
tcn,clean_only,43,bandpass_n20003_cV6_covariance_s20,phase2/results/predictions/full/clean_only/tcn/seed_43/bandpass_n20003_cV6_covariance_s20.npz,76384,404ff8634eb43bd525d914ec30f6e4034ab3209ecee71d9f667900c04e6f07bb
tcn,clean_only,43,bandpass_n20003_cV6_covariance_s15,phase2/results/predictions/full/clean_only/tcn/seed_43/bandpass_n20003_cV6_covariance_s15.npz,76397,0fbeb1905e359592c208dc42a93f906f8b345de54b28dea94d18f3cae757d1f7
tcn,clean_only,43,bandpass_n20003_cV6_covariance_s10,phase2/results/predictions/full/clean_only/tcn/seed_43/bandpass_n20003_cV6_covariance_s10.npz,76348,156f093c3590d9753fa30957c056002bc4700e241c6aab3870e2ad4c8fd2dd6c
tcn,clean_only,43,bandpass_n20003_cV6_covariance_s5,phase2/results/predictions/full/clean_only/tcn/seed_43/bandpass_n20003_cV6_covariance_s5.npz,76239,b660f27a4891d6a6d98f4af351ec724b4d8eda42588cd7cc9f4ba681614d6432
tcn,clean_only,43,bandpass_n20003_cV6_covariance_s0,phase2/results/predictions/full/clean_only/tcn/seed_43/bandpass_n20003_cV6_covariance_s0.npz,76006,352a48e2451d0ce933783dbb0df677d4925a470fb5339a47547cc1bb96d3cb01
tcn,clean_only,43,bandpass_n20003_cRA_LA_independent_rms_s20,phase2/results/predictions/full/clean_only/tcn/seed_43/bandpass_n20003_cRA_LA_independent_rms_s20.npz,76449,994fbf48358bb62ea75207ccad42f540871e2318afddfc204695f23aa6267342
tcn,clean_only,43,bandpass_n20003_cRA_LA_independent_rms_s15,phase2/results/predictions/full/clean_only/tcn/seed_43/bandpass_n20003_cRA_LA_independent_rms_s15.npz,76400,f2badd05261df283392915d0f9ce6259ca305e69ce3d0fbddfc6c2d31f185141
tcn,clean_only,43,bandpass_n20003_cRA_LA_independent_rms_s10,phase2/results/predictions/full/clean_only/tcn/seed_43/bandpass_n20003_cRA_LA_independent_rms_s10.npz,76343,c4022e0aa4efe60e8701a36b6d3b3562342ef33f8c27e661cc149fb4ac407a70
tcn,clean_only,43,bandpass_n20003_cRA_LA_independent_rms_s5,phase2/results/predictions/full/clean_only/tcn/seed_43/bandpass_n20003_cRA_LA_independent_rms_s5.npz,76189,b8c972486567c8e0fb22e2b7ad228d20c2e901f023ee1660f95f0dd27b7aef0e
tcn,clean_only,43,bandpass_n20003_cRA_LA_independent_rms_s0,phase2/results/predictions/full/clean_only/tcn/seed_43/bandpass_n20003_cRA_LA_independent_rms_s0.npz,75794,8b0c9793832227df7b388a9e919f0edb29ecb86c1d0ac2d02f37414686b1d2e9
tcn,clean_only,43,bandpass_n20003_cRA_LA_electrode_s20,phase2/results/predictions/full/clean_only/tcn/seed_43/bandpass_n20003_cRA_LA_electrode_s20.npz,76368,cd4ff9755939f5aa5fef7af687107b9216547eda9be7946803333e0e0e7a32b6
tcn,clean_only,43,bandpass_n20003_cRA_LA_electrode_s15,phase2/results/predictions/full/clean_only/tcn/seed_43/bandpass_n20003_cRA_LA_electrode_s15.npz,76357,3d2d1ae807704d8ae750d099c9e7f0e605c3e1109bb4bf730dfb955b2602afc9
tcn,clean_only,43,bandpass_n20003_cRA_LA_electrode_s10,phase2/results/predictions/full/clean_only/tcn/seed_43/bandpass_n20003_cRA_LA_electrode_s10.npz,76239,8f4e3f288d182db3ba617549a0042437c8b47febcb3989f2d9354d482316c874
tcn,clean_only,43,bandpass_n20003_cRA_LA_electrode_s5,phase2/results/predictions/full/clean_only/tcn/seed_43/bandpass_n20003_cRA_LA_electrode_s5.npz,75949,6c55a3a584351ffa6580f317dfb73d0d9b856967e33e41d2564391cc38f4c6c5
tcn,clean_only,43,bandpass_n20003_cRA_LA_electrode_s0,phase2/results/predictions/full/clean_only/tcn/seed_43/bandpass_n20003_cRA_LA_electrode_s0.npz,75359,acef4183e29e89074fa37adaae4369e713cb19a8b490bf3233b912661109c209
tcn,clean_only,43,bandpass_n20003_cRA_LA_covariance_s20,phase2/results/predictions/full/clean_only/tcn/seed_43/bandpass_n20003_cRA_LA_covariance_s20.npz,76397,159a5527b2cbde971477a2c04558105c50d3752dac6b0b8fd030c0b5427edb8a
tcn,clean_only,43,bandpass_n20003_cRA_LA_covariance_s15,phase2/results/predictions/full/clean_only/tcn/seed_43/bandpass_n20003_cRA_LA_covariance_s15.npz,76367,d2da91855318dc04a130e4968099f98e89d5dd94bb8e7bcac02a4e9209c034db
tcn,clean_only,43,bandpass_n20003_cRA_LA_covariance_s10,phase2/results/predictions/full/clean_only/tcn/seed_43/bandpass_n20003_cRA_LA_covariance_s10.npz,76266,4c88407432ae85b94dd75f02174ce56de9c765e6003a58090d4a80da85e847c8
tcn,clean_only,43,bandpass_n20003_cRA_LA_covariance_s5,phase2/results/predictions/full/clean_only/tcn/seed_43/bandpass_n20003_cRA_LA_covariance_s5.npz,76006,9649cb9e625e8356d58f822ddc868cc4cb6a420e6cf612c14bfd913f569be8ca
tcn,clean_only,43,bandpass_n20003_cRA_LA_covariance_s0,phase2/results/predictions/full/clean_only/tcn/seed_43/bandpass_n20003_cRA_LA_covariance_s0.npz,75353,bfdb71c7ae6a1fc11b065e5738efc8a007f611ca708998fffad6342444302824
tcn,clean_only,43,bandpass_n20003_cLA_LL_independent_rms_s20,phase2/results/predictions/full/clean_only/tcn/seed_43/bandpass_n20003_cLA_LL_independent_rms_s20.npz,76398,720ec5577f7645b146982123880c08e5d4baf38a9ba27761fce25fea7d8a44c6
tcn,clean_only,43,bandpass_n20003_cLA_LL_independent_rms_s15,phase2/results/predictions/full/clean_only/tcn/seed_43/bandpass_n20003_cLA_LL_independent_rms_s15.npz,76418,5dfdfd7ea3ad15601347830e53a9ecac2e5619e2271847a006c69ca501ca8bbc
tcn,clean_only,43,bandpass_n20003_cLA_LL_independent_rms_s10,phase2/results/predictions/full/clean_only/tcn/seed_43/bandpass_n20003_cLA_LL_independent_rms_s10.npz,76336,e732e480fe5c8e8d58a8456ad38d75638fbfc9918a526e37b63d964f2e5a672f
tcn,clean_only,43,bandpass_n20003_cLA_LL_independent_rms_s5,phase2/results/predictions/full/clean_only/tcn/seed_43/bandpass_n20003_cLA_LL_independent_rms_s5.npz,76176,d42fe166d5e2e426efdfa14cdb54fd8554f53f3e9eee04d0cfb84f8889244549
tcn,clean_only,43,bandpass_n20003_cLA_LL_independent_rms_s0,phase2/results/predictions/full/clean_only/tcn/seed_43/bandpass_n20003_cLA_LL_independent_rms_s0.npz,75816,2ee753070bafd21cb75b934a4a1f086114729fd7f825eb21d12ea38b0ecd4470
tcn,clean_only,43,bandpass_n20003_cLA_LL_electrode_s20,phase2/results/predictions/full/clean_only/tcn/seed_43/bandpass_n20003_cLA_LL_electrode_s20.npz,76412,40f04534c1833cfeb9d610595380707dd20e2bc33416e223ea95eaa87e0898e4
tcn,clean_only,43,bandpass_n20003_cLA_LL_electrode_s15,phase2/results/predictions/full/clean_only/tcn/seed_43/bandpass_n20003_cLA_LL_electrode_s15.npz,76400,09c529c07835799f5cc66078a84eac02107b53065ad4bb56c4a480c4c6606296
tcn,clean_only,43,bandpass_n20003_cLA_LL_electrode_s10,phase2/results/predictions/full/clean_only/tcn/seed_43/bandpass_n20003_cLA_LL_electrode_s10.npz,76277,5b78d6af1761242d44d3fcc0cc1d67ee1c4b976f27057e7b6113d6b59df6641f
tcn,clean_only,43,bandpass_n20003_cLA_LL_electrode_s5,phase2/results/predictions/full/clean_only/tcn/seed_43/bandpass_n20003_cLA_LL_electrode_s5.npz,76023,2a762e67515fbad87199e25537ffe77e18aa8ae41cf1b300e1d4047c2d6b2447
tcn,clean_only,43,bandpass_n20003_cLA_LL_electrode_s0,phase2/results/predictions/full/clean_only/tcn/seed_43/bandpass_n20003_cLA_LL_electrode_s0.npz,75561,41a70fc73174e6c5912a9424682b05c1f5ce6a26cb6dfe73783134f9419367ae
tcn,clean_only,43,bandpass_n20003_cLA_LL_covariance_s20,phase2/results/predictions/full/clean_only/tcn/seed_43/bandpass_n20003_cLA_LL_covariance_s20.npz,76411,0432330ccc7231e123e15c841d540fdf8834d1ec1ce4c352e814ecc11f57ab30
tcn,clean_only,43,bandpass_n20003_cLA_LL_covariance_s15,phase2/results/predictions/full/clean_only/tcn/seed_43/bandpass_n20003_cLA_LL_covariance_s15.npz,76356,a6f6212294e3f93c59868a4db6016ad8e112b772ed847af55871083196367745
tcn,clean_only,43,bandpass_n20003_cLA_LL_covariance_s10,phase2/results/predictions/full/clean_only/tcn/seed_43/bandpass_n20003_cLA_LL_covariance_s10.npz,76302,5956fb21199ad4da6b088b5d16b244270a78243b2a039d8329028b5b249c476b
tcn,clean_only,43,bandpass_n20003_cLA_LL_covariance_s5,phase2/results/predictions/full/clean_only/tcn/seed_43/bandpass_n20003_cLA_LL_covariance_s5.npz,76047,7564b2307d8df02ef3c5bb34522a4b641e4feffc35f74d271f4038a78ced0487
tcn,clean_only,43,bandpass_n20003_cLA_LL_covariance_s0,phase2/results/predictions/full/clean_only/tcn/seed_43/bandpass_n20003_cLA_LL_covariance_s0.npz,75585,fd88b8eceee1a9454a98eb2c2f65454eece400f7d55540af6c7f0d5c9c660455
tcn,clean_only,43,bandpass_n20003_cRA_LL_independent_rms_s20,phase2/results/predictions/full/clean_only/tcn/seed_43/bandpass_n20003_cRA_LL_independent_rms_s20.npz,76427,94b3c02a987b6c45257db371f7b95fd4d06a57528a8dfbdb51551a609f024a9a
tcn,clean_only,43,bandpass_n20003_cRA_LL_independent_rms_s15,phase2/results/predictions/full/clean_only/tcn/seed_43/bandpass_n20003_cRA_LL_independent_rms_s15.npz,76425,f2a2a1d81610a0506f49b0c4a54364292b1f8f6545c800442996b5a0208033a7
tcn,clean_only,43,bandpass_n20003_cRA_LL_independent_rms_s10,phase2/results/predictions/full/clean_only/tcn/seed_43/bandpass_n20003_cRA_LL_independent_rms_s10.npz,76329,38c88f0d73658350c3fdab31c3574ed5c40c9b041400ff0b00dfa540913adea9
tcn,clean_only,43,bandpass_n20003_cRA_LL_independent_rms_s5,phase2/results/predictions/full/clean_only/tcn/seed_43/bandpass_n20003_cRA_LL_independent_rms_s5.npz,76210,5d706e42401f72f731138e0d4ad438127482815c387d84a7d5705cef2d756d8c
tcn,clean_only,43,bandpass_n20003_cRA_LL_independent_rms_s0,phase2/results/predictions/full/clean_only/tcn/seed_43/bandpass_n20003_cRA_LL_independent_rms_s0.npz,75850,89cfa8bce46d1f98893ad227068853689e5a292907c6b6a3c12f6295ca460e15
tcn,clean_only,43,bandpass_n20003_cRA_LL_electrode_s20,phase2/results/predictions/full/clean_only/tcn/seed_43/bandpass_n20003_cRA_LL_electrode_s20.npz,76402,47fb90a41c877be45555ec28ad920d9ee0c64d28453de13f926df18e2abb8c07
tcn,clean_only,43,bandpass_n20003_cRA_LL_electrode_s15,phase2/results/predictions/full/clean_only/tcn/seed_43/bandpass_n20003_cRA_LL_electrode_s15.npz,76400,c903b5478724ce6532b9859889a63265b69b2980e31b6eab0260a568e4b10a38
tcn,clean_only,43,bandpass_n20003_cRA_LL_electrode_s10,phase2/results/predictions/full/clean_only/tcn/seed_43/bandpass_n20003_cRA_LL_electrode_s10.npz,76248,6be2db8f43eb4e5628d63a90263d887fd2e1871062d8cb4966489d809aa0dd3a
tcn,clean_only,43,bandpass_n20003_cRA_LL_electrode_s5,phase2/results/predictions/full/clean_only/tcn/seed_43/bandpass_n20003_cRA_LL_electrode_s5.npz,75971,def22677f6d05aeb103e72cc1b1439565a0c63785a645a8801c50ac6e7cd1398
tcn,clean_only,43,bandpass_n20003_cRA_LL_electrode_s0,phase2/results/predictions/full/clean_only/tcn/seed_43/bandpass_n20003_cRA_LL_electrode_s0.npz,75450,51d16d8bdbabefa0f14e4f6820fbee681a56a37e0e33d4e8e13377cbbd292931
tcn,clean_only,43,bandpass_n20003_cRA_LL_covariance_s20,phase2/results/predictions/full/clean_only/tcn/seed_43/bandpass_n20003_cRA_LL_covariance_s20.npz,76381,d1b239c85e34921c5296e9a2c3e3a6a790ca5d42c6a8e3ab16855f7fea90c98f
tcn,clean_only,43,bandpass_n20003_cRA_LL_covariance_s15,phase2/results/predictions/full/clean_only/tcn/seed_43/bandpass_n20003_cRA_LL_covariance_s15.npz,76388,2dcc64b92ba8f5a7361cf6109d95e1dafeef62fdeb98f18901e1684651165f49
tcn,clean_only,43,bandpass_n20003_cRA_LL_covariance_s10,phase2/results/predictions/full/clean_only/tcn/seed_43/bandpass_n20003_cRA_LL_covariance_s10.npz,76221,dc69acbf45456089403ef65cbee730ebc17e4f143a55529ab985045d602f5cd6
tcn,clean_only,43,bandpass_n20003_cRA_LL_covariance_s5,phase2/results/predictions/full/clean_only/tcn/seed_43/bandpass_n20003_cRA_LL_covariance_s5.npz,75974,8ffb01a9b9fa4c66c7dc22d8dfc1b5168b60c94182a28dae42e76227b1f77732
tcn,clean_only,43,bandpass_n20003_cRA_LL_covariance_s0,phase2/results/predictions/full/clean_only/tcn/seed_43/bandpass_n20003_cRA_LL_covariance_s0.npz,75434,9d4a9a52a70c6ffb650c4f16f9060ad8c9c657e34a26eb2e961d4c9eacbf884d
tcn,clean_only,43,bandpass_n20003_cRA_independent_rms_s20,phase2/results/predictions/full/clean_only/tcn/seed_43/bandpass_n20003_cRA_independent_rms_s20.npz,76438,4ada33ad4d38418625424da80cb89512f37167c58322bc4169e2965814529fec
tcn,clean_only,43,bandpass_n20003_cRA_independent_rms_s15,phase2/results/predictions/full/clean_only/tcn/seed_43/bandpass_n20003_cRA_independent_rms_s15.npz,76419,9553f2fae9598bff79dfe293036cefd871dd803d3addde3f66d7f9d93be94992
tcn,clean_only,43,bandpass_n20003_cRA_independent_rms_s10,phase2/results/predictions/full/clean_only/tcn/seed_43/bandpass_n20003_cRA_independent_rms_s10.npz,76359,8300042fafeb1045e0fafef81bc447798d587d7ba45c6747f710d52572df6666
tcn,clean_only,43,bandpass_n20003_cRA_independent_rms_s5,phase2/results/predictions/full/clean_only/tcn/seed_43/bandpass_n20003_cRA_independent_rms_s5.npz,76176,a24e7ca9d5d95058ab3f00269d2cdf2231cb836c10ab02d6af593bfcd9f69808
tcn,clean_only,43,bandpass_n20003_cRA_independent_rms_s0,phase2/results/predictions/full/clean_only/tcn/seed_43/bandpass_n20003_cRA_independent_rms_s0.npz,75827,7a10ffcb27fa2398f3f960c57d5e0f6e82293feb08b1be7bcb072d5b2a247969
tcn,clean_only,43,bandpass_n20003_cRA_electrode_s20,phase2/results/predictions/full/clean_only/tcn/seed_43/bandpass_n20003_cRA_electrode_s20.npz,76368,276a33d02e6d644f8e6ffb420ce17a69cb76f69362d1eaa2030df15f6e56cdd0
tcn,clean_only,43,bandpass_n20003_cRA_electrode_s15,phase2/results/predictions/full/clean_only/tcn/seed_43/bandpass_n20003_cRA_electrode_s15.npz,76358,5216b7a9469f91ce4fc1e840a3d4d60e56ba9d5eadbfa89bf62b364c69c466d2
tcn,clean_only,43,bandpass_n20003_cRA_electrode_s10,phase2/results/predictions/full/clean_only/tcn/seed_43/bandpass_n20003_cRA_electrode_s10.npz,76228,d52cc97e30bb4d01053f64b6963ea725bbe48d380d8bc944464b0f2bb2f01951
tcn,clean_only,43,bandpass_n20003_cRA_electrode_s5,phase2/results/predictions/full/clean_only/tcn/seed_43/bandpass_n20003_cRA_electrode_s5.npz,75946,3b0b43072466900e4ae7e93589fdfdb9470804716c186c81e065f85f62a3ec94
tcn,clean_only,43,bandpass_n20003_cRA_electrode_s0,phase2/results/predictions/full/clean_only/tcn/seed_43/bandpass_n20003_cRA_electrode_s0.npz,75301,02b73ca96a87ebc3266e6a3d5f49f77987fb7584e0edf4189eb8b17a2d7c1c64
tcn,clean_only,43,bandpass_n20003_cRA_covariance_s20,phase2/results/predictions/full/clean_only/tcn/seed_43/bandpass_n20003_cRA_covariance_s20.npz,76382,a082465139848bc9850a675a6a0ac4e5e43a900d7d33d3277ab481c5a1316bb3
tcn,clean_only,43,bandpass_n20003_cRA_covariance_s15,phase2/results/predictions/full/clean_only/tcn/seed_43/bandpass_n20003_cRA_covariance_s15.npz,76338,ef97e292297275f884f19becd5e699231696eebc14882a8282c946744ad5a97c
tcn,clean_only,43,bandpass_n20003_cRA_covariance_s10,phase2/results/predictions/full/clean_only/tcn/seed_43/bandpass_n20003_cRA_covariance_s10.npz,76195,1ec2b54ed2e67d8399fb43fd8d7459eed8c500f03983f9446349066b1f6f4c24
tcn,clean_only,43,bandpass_n20003_cRA_covariance_s5,phase2/results/predictions/full/clean_only/tcn/seed_43/bandpass_n20003_cRA_covariance_s5.npz,75977,53ca45aa65febe184aa796c265277849b4c307448a465e1dd06fb7ba45caaf01
tcn,clean_only,43,bandpass_n20003_cRA_covariance_s0,phase2/results/predictions/full/clean_only/tcn/seed_43/bandpass_n20003_cRA_covariance_s0.npz,75313,fb819ce429d455a18a17715567fc66780e51af1e73b769c2539865fee2e56dfc
tcn,clean_only,43,bandpass_n20003_cLA_independent_rms_s20,phase2/results/predictions/full/clean_only/tcn/seed_43/bandpass_n20003_cLA_independent_rms_s20.npz,76415,71a61e47ec4167a105dec02afdb86c213b18224594f7dd47094a3e45684239df
tcn,clean_only,43,bandpass_n20003_cLA_independent_rms_s15,phase2/results/predictions/full/clean_only/tcn/seed_43/bandpass_n20003_cLA_independent_rms_s15.npz,76406,3cc8fe394d6cee2e171ec1c4d5aaed9ed88ef7ca2557309bc18bb6865e2906ed
tcn,clean_only,43,bandpass_n20003_cLA_independent_rms_s10,phase2/results/predictions/full/clean_only/tcn/seed_43/bandpass_n20003_cLA_independent_rms_s10.npz,76355,71c6a6fa0260793ede10e0e943434c8b4d29ee3988790f11b7c104a612f48664
tcn,clean_only,43,bandpass_n20003_cLA_independent_rms_s5,phase2/results/predictions/full/clean_only/tcn/seed_43/bandpass_n20003_cLA_independent_rms_s5.npz,76152,759d367af3bd0f8e85ec83fccdc49e809de2ac7ebc6ba5f2770b99dd685daaa6
tcn,clean_only,43,bandpass_n20003_cLA_independent_rms_s0,phase2/results/predictions/full/clean_only/tcn/seed_43/bandpass_n20003_cLA_independent_rms_s0.npz,75775,0e3578e7b3a339835871992f01beef006c949bff445f4818356426c9aa3c1235
tcn,clean_only,43,bandpass_n20003_cLA_electrode_s20,phase2/results/predictions/full/clean_only/tcn/seed_43/bandpass_n20003_cLA_electrode_s20.npz,76405,a6ccf90285f4aa4a72987299d9ddf17c9250720913f1b80af00a3d6dc5ad67e7
tcn,clean_only,43,bandpass_n20003_cLA_electrode_s15,phase2/results/predictions/full/clean_only/tcn/seed_43/bandpass_n20003_cLA_electrode_s15.npz,76390,b61d0330ebdfcbdbf6ca582b8f5b1ad31b1a97712415a4dc7a6356025be73f48
tcn,clean_only,43,bandpass_n20003_cLA_electrode_s10,phase2/results/predictions/full/clean_only/tcn/seed_43/bandpass_n20003_cLA_electrode_s10.npz,76312,9312d6da48c4ae033dce3924494af3d269c9e132df6cacac6a48071ed454655a
tcn,clean_only,43,bandpass_n20003_cLA_electrode_s5,phase2/results/predictions/full/clean_only/tcn/seed_43/bandpass_n20003_cLA_electrode_s5.npz,76028,dce5bf586c4d5fe257b0aba32f330a5f9e3880c9d849b42719373b5d99ce93d6
tcn,clean_only,43,bandpass_n20003_cLA_electrode_s0,phase2/results/predictions/full/clean_only/tcn/seed_43/bandpass_n20003_cLA_electrode_s0.npz,75545,db144edd4fdba13de30dde3b2f44809e23aaa5b155a7984e6ffe6f295ea3a82b
tcn,clean_only,43,bandpass_n20003_cLA_covariance_s20,phase2/results/predictions/full/clean_only/tcn/seed_43/bandpass_n20003_cLA_covariance_s20.npz,76399,5f581cca88c986e8751e82136f8dfc2681dffe847dcd94fefa2c2f4604944196
tcn,clean_only,43,bandpass_n20003_cLA_covariance_s15,phase2/results/predictions/full/clean_only/tcn/seed_43/bandpass_n20003_cLA_covariance_s15.npz,76384,e7c4c4848e0248491e8739c445552d4cc1ad85f301912329caf69d41b7fc648a
tcn,clean_only,43,bandpass_n20003_cLA_covariance_s10,phase2/results/predictions/full/clean_only/tcn/seed_43/bandpass_n20003_cLA_covariance_s10.npz,76284,ebcb6dd3fb5736115ee33a48d893c4fb9449ec93c8ee9947900f93a5ae3de746
tcn,clean_only,43,bandpass_n20003_cLA_covariance_s5,phase2/results/predictions/full/clean_only/tcn/seed_43/bandpass_n20003_cLA_covariance_s5.npz,76089,346145203801ea353a7968d1d88abe0f57fb5da14d9894338ec6034fc6726fcc
tcn,clean_only,43,bandpass_n20003_cLA_covariance_s0,phase2/results/predictions/full/clean_only/tcn/seed_43/bandpass_n20003_cLA_covariance_s0.npz,75581,969ac9e68b81faee3018a7d680ef99517a3ebe3e85fa3af0e530eee928e2de29
tcn,clean_only,43,bandpass_n20003_cLL_independent_rms_s20,phase2/results/predictions/full/clean_only/tcn/seed_43/bandpass_n20003_cLL_independent_rms_s20.npz,76422,395c8bb6656702f47ab50d3001cf27807afce1570d4ddab84d8f81578ba81ab9
tcn,clean_only,43,bandpass_n20003_cLL_independent_rms_s15,phase2/results/predictions/full/clean_only/tcn/seed_43/bandpass_n20003_cLL_independent_rms_s15.npz,76403,7089410e1fbf831a94ee6ada933658f004c46e38ac19ae6fb53b40553337cc3b
tcn,clean_only,43,bandpass_n20003_cLL_independent_rms_s10,phase2/results/predictions/full/clean_only/tcn/seed_43/bandpass_n20003_cLL_independent_rms_s10.npz,76365,248cd4c55dba278afdd5a3de5f4ad3c14948360100becffd538468547f1c9e16
tcn,clean_only,43,bandpass_n20003_cLL_independent_rms_s5,phase2/results/predictions/full/clean_only/tcn/seed_43/bandpass_n20003_cLL_independent_rms_s5.npz,76167,d2ed7e7acae1b0f07f3190a8a1e7ea3a241b6178daac3f00f5a3aab0db1374ad
tcn,clean_only,43,bandpass_n20003_cLL_independent_rms_s0,phase2/results/predictions/full/clean_only/tcn/seed_43/bandpass_n20003_cLL_independent_rms_s0.npz,75809,0d5fda021f4e8b1b0a9dfe6ea105bbaac1abe227b7acd4bbdb10637534360f06
tcn,clean_only,43,bandpass_n20003_cLL_electrode_s20,phase2/results/predictions/full/clean_only/tcn/seed_43/bandpass_n20003_cLL_electrode_s20.npz,76375,01d7748f12ad57b60d7292d6c63a05eef9f99e52538ee86e3fd5408322e0bff3
tcn,clean_only,43,bandpass_n20003_cLL_electrode_s15,phase2/results/predictions/full/clean_only/tcn/seed_43/bandpass_n20003_cLL_electrode_s15.npz,76381,521372937bae2c9f70381c7b24dde2faedd4eb475fa50a4a27c786197287a69c
tcn,clean_only,43,bandpass_n20003_cLL_electrode_s10,phase2/results/predictions/full/clean_only/tcn/seed_43/bandpass_n20003_cLL_electrode_s10.npz,76280,e46812ce7e0c645a04a8cd0d3534401b7bcf76e893ce1c28736b4f4b4b298601
tcn,clean_only,43,bandpass_n20003_cLL_electrode_s5,phase2/results/predictions/full/clean_only/tcn/seed_43/bandpass_n20003_cLL_electrode_s5.npz,76071,751c70c51479d51478f09e9f166c93f04d2aec44de1ddb170ca1b972bc750502
tcn,clean_only,43,bandpass_n20003_cLL_electrode_s0,phase2/results/predictions/full/clean_only/tcn/seed_43/bandpass_n20003_cLL_electrode_s0.npz,75708,60274080d2ea8e0286a73408b822bab00b7eff1b578097ac454bc7b6d7cb6911
tcn,clean_only,43,bandpass_n20003_cLL_covariance_s20,phase2/results/predictions/full/clean_only/tcn/seed_43/bandpass_n20003_cLL_covariance_s20.npz,76414,bb2a20cf0cd0b27347e61ef52a094f1c4972619dd3e052120380daa5a2515644
tcn,clean_only,43,bandpass_n20003_cLL_covariance_s15,phase2/results/predictions/full/clean_only/tcn/seed_43/bandpass_n20003_cLL_covariance_s15.npz,76377,2e24a7ab869d97cd2dbc9188ef6d9b49920269acc85d5732b75bf225ced1eb6a
tcn,clean_only,43,bandpass_n20003_cLL_covariance_s10,phase2/results/predictions/full/clean_only/tcn/seed_43/bandpass_n20003_cLL_covariance_s10.npz,76263,45ca27f6e2bd06212b6c6a804d87ae7e2ddab837b30cb61fdae7b66d96d6a93a
tcn,clean_only,43,bandpass_n20003_cLL_covariance_s5,phase2/results/predictions/full/clean_only/tcn/seed_43/bandpass_n20003_cLL_covariance_s5.npz,76082,67e74eff4ec84b7a90f59c2b444ff11c86e3b0098ea6e5d964857a0accbafe5b
tcn,clean_only,43,bandpass_n20003_cLL_covariance_s0,phase2/results/predictions/full/clean_only/tcn/seed_43/bandpass_n20003_cLL_covariance_s0.npz,75732,2eda4417e6c5a4906c65c1911bf03c0d0d231e70279620c1987d210d586326cf
tcn,clean_only,43,bandpass_n20003_cRA_V1_independent_rms_s20,phase2/results/predictions/full/clean_only/tcn/seed_43/bandpass_n20003_cRA_V1_independent_rms_s20.npz,76426,06c8aafd999b56d7dcc6a69963b8251536304a8f435a6dce68c20e83afb97c27
tcn,clean_only,43,bandpass_n20003_cRA_V1_independent_rms_s15,phase2/results/predictions/full/clean_only/tcn/seed_43/bandpass_n20003_cRA_V1_independent_rms_s15.npz,76407,23c5fb5179b910ef0eee7ea30b85e4000c4fc7f92deb8bad9b5a43d7492847e6
tcn,clean_only,43,bandpass_n20003_cRA_V1_independent_rms_s10,phase2/results/predictions/full/clean_only/tcn/seed_43/bandpass_n20003_cRA_V1_independent_rms_s10.npz,76364,088bfa3e09b14b494ce2351c09a8678147b609fe7e6a10c7f832fdeb6bd6b998
tcn,clean_only,43,bandpass_n20003_cRA_V1_independent_rms_s5,phase2/results/predictions/full/clean_only/tcn/seed_43/bandpass_n20003_cRA_V1_independent_rms_s5.npz,76195,54940b9e5ad2b489b44e6038f4b336bde8e2eb1116a8f12116b0f4495097ef69
tcn,clean_only,43,bandpass_n20003_cRA_V1_independent_rms_s0,phase2/results/predictions/full/clean_only/tcn/seed_43/bandpass_n20003_cRA_V1_independent_rms_s0.npz,75816,090a87b4a2853385786f6040c6666a29470fc62a792b448057759722986cab61
tcn,clean_only,43,bandpass_n20003_cRA_V1_electrode_s20,phase2/results/predictions/full/clean_only/tcn/seed_43/bandpass_n20003_cRA_V1_electrode_s20.npz,76408,456554d4d71ac8f9b7ebb8bc090ddf41f66a575cbc4eb94a68f6b6ad2e7af6e5
tcn,clean_only,43,bandpass_n20003_cRA_V1_electrode_s15,phase2/results/predictions/full/clean_only/tcn/seed_43/bandpass_n20003_cRA_V1_electrode_s15.npz,76368,1c646d7acede112fe555fb1b4a1c929e37ea95cd4212196ff44adbc3d64b3695
tcn,clean_only,43,bandpass_n20003_cRA_V1_electrode_s10,phase2/results/predictions/full/clean_only/tcn/seed_43/bandpass_n20003_cRA_V1_electrode_s10.npz,76227,6f7e70468ef59952cdc6a8147faaad53417946d19f1802277ccf898d99547b64
tcn,clean_only,43,bandpass_n20003_cRA_V1_electrode_s5,phase2/results/predictions/full/clean_only/tcn/seed_43/bandpass_n20003_cRA_V1_electrode_s5.npz,75983,fa198fde3235a778356fe5fd77efa6945db89b1095456b482e7a61ca11f905df
tcn,clean_only,43,bandpass_n20003_cRA_V1_electrode_s0,phase2/results/predictions/full/clean_only/tcn/seed_43/bandpass_n20003_cRA_V1_electrode_s0.npz,75376,d98c82cf5c554b18e69f952ab9143aa93c4c51104fbc33fbe1e4fa5bd4c9087d
tcn,clean_only,43,bandpass_n20003_cRA_V1_covariance_s20,phase2/results/predictions/full/clean_only/tcn/seed_43/bandpass_n20003_cRA_V1_covariance_s20.npz,76387,559e5ff0176918d56efb5319507c14ef54316cc043d3d2784b6d9c7a22109a80
tcn,clean_only,43,bandpass_n20003_cRA_V1_covariance_s15,phase2/results/predictions/full/clean_only/tcn/seed_43/bandpass_n20003_cRA_V1_covariance_s15.npz,76359,f338a7526f585e89396128f2f1fc69dc0c553d0585bc03af5f155c1c8c0a56df
tcn,clean_only,43,bandpass_n20003_cRA_V1_covariance_s10,phase2/results/predictions/full/clean_only/tcn/seed_43/bandpass_n20003_cRA_V1_covariance_s10.npz,76237,fd50610b622725b73eb793cef93b033005fe591eb6a01ca4f759914108867fa2
tcn,clean_only,43,bandpass_n20003_cRA_V1_covariance_s5,phase2/results/predictions/full/clean_only/tcn/seed_43/bandpass_n20003_cRA_V1_covariance_s5.npz,75979,41a402c8319f1a4298565e94b97ec090df3f9c2b6a9fc36d9a465f50eba11a7a
tcn,clean_only,43,bandpass_n20003_cRA_V1_covariance_s0,phase2/results/predictions/full/clean_only/tcn/seed_43/bandpass_n20003_cRA_V1_covariance_s0.npz,75367,f550b69e73b91a06fdd299f8eb69030e8673c281c65fae1e4d0fa7091c00fa99
tcn,clean_only,43,bandpass_n20003_cLA_V6_independent_rms_s20,phase2/results/predictions/full/clean_only/tcn/seed_43/bandpass_n20003_cLA_V6_independent_rms_s20.npz,76425,84462840ede89aad04e3cb8bb5cba26ec2dd5511ec069564832a811dc24667fc
tcn,clean_only,43,bandpass_n20003_cLA_V6_independent_rms_s15,phase2/results/predictions/full/clean_only/tcn/seed_43/bandpass_n20003_cLA_V6_independent_rms_s15.npz,76469,65b27235b49173c0ae40f19e27b1a66072772e6d246fd57c2e4f5c64f80ef692
tcn,clean_only,43,bandpass_n20003_cLA_V6_independent_rms_s10,phase2/results/predictions/full/clean_only/tcn/seed_43/bandpass_n20003_cLA_V6_independent_rms_s10.npz,76372,0b26a8207435d1ae193938bf2b43267b3f3c65011af85b6a89edff74f02107dc
tcn,clean_only,43,bandpass_n20003_cLA_V6_independent_rms_s5,phase2/results/predictions/full/clean_only/tcn/seed_43/bandpass_n20003_cLA_V6_independent_rms_s5.npz,76207,1412ff9f27928099694b4449da2d3d6b432c24189ce2ef281e645fcd09132ee7
tcn,clean_only,43,bandpass_n20003_cLA_V6_independent_rms_s0,phase2/results/predictions/full/clean_only/tcn/seed_43/bandpass_n20003_cLA_V6_independent_rms_s0.npz,75812,eaf690a9bf38be528bef8e4998243ff8e5d975c4e9b865e43168baf743fe0061
tcn,clean_only,43,bandpass_n20003_cLA_V6_electrode_s20,phase2/results/predictions/full/clean_only/tcn/seed_43/bandpass_n20003_cLA_V6_electrode_s20.npz,76439,766b1ab7debee9e6b1f95c266373349a48004023fa508a9411ed33bdcb6c1dbf
tcn,clean_only,43,bandpass_n20003_cLA_V6_electrode_s15,phase2/results/predictions/full/clean_only/tcn/seed_43/bandpass_n20003_cLA_V6_electrode_s15.npz,76395,e155861fa28c440f7afff9908037cd7a88ce9f26ffa97559457563807834e790
tcn,clean_only,43,bandpass_n20003_cLA_V6_electrode_s10,phase2/results/predictions/full/clean_only/tcn/seed_43/bandpass_n20003_cLA_V6_electrode_s10.npz,76310,dfc48e7ab7086777c69377d0fde0e2db95004ed4afd111865f0a68329162f942
tcn,clean_only,43,bandpass_n20003_cLA_V6_electrode_s5,phase2/results/predictions/full/clean_only/tcn/seed_43/bandpass_n20003_cLA_V6_electrode_s5.npz,76092,3f203906160f7b2c602b9a651b13a5e1ecafa317b1ec937b0724c45e1b06405d
tcn,clean_only,43,bandpass_n20003_cLA_V6_electrode_s0,phase2/results/predictions/full/clean_only/tcn/seed_43/bandpass_n20003_cLA_V6_electrode_s0.npz,75630,95644af38aaf7c97db86fde983739dfa050f6e75b5789ffc3939d505ee8715db
tcn,clean_only,43,bandpass_n20003_cLA_V6_covariance_s20,phase2/results/predictions/full/clean_only/tcn/seed_43/bandpass_n20003_cLA_V6_covariance_s20.npz,76416,8523209f162ee64979da0cba8c4a6fcc4604ae5e5ce0805e921c7d2864c59bfd
tcn,clean_only,43,bandpass_n20003_cLA_V6_covariance_s15,phase2/results/predictions/full/clean_only/tcn/seed_43/bandpass_n20003_cLA_V6_covariance_s15.npz,76362,e8e9c833a753931a16e7649ea8e86a63fb6bb9e50d1635b537face566c280f05
tcn,clean_only,43,bandpass_n20003_cLA_V6_covariance_s10,phase2/results/predictions/full/clean_only/tcn/seed_43/bandpass_n20003_cLA_V6_covariance_s10.npz,76312,67f29d86cef6d807e5508b115644ab3ef3e364ad2163cadfcd917c3499d84378
tcn,clean_only,43,bandpass_n20003_cLA_V6_covariance_s5,phase2/results/predictions/full/clean_only/tcn/seed_43/bandpass_n20003_cLA_V6_covariance_s5.npz,76113,82caa0ffa86c8aca11725a9dc29b6487f45b15e41f6b0f1eb79b7f330f990ce1
tcn,clean_only,43,bandpass_n20003_cLA_V6_covariance_s0,phase2/results/predictions/full/clean_only/tcn/seed_43/bandpass_n20003_cLA_V6_covariance_s0.npz,75607,31ca001cedee935a2974ad8db92ba51c3d86c21ecf8e071620694a246b3f54b2
tcn,clean_only,43,bandpass_n20003_cLL_V4_independent_rms_s20,phase2/results/predictions/full/clean_only/tcn/seed_43/bandpass_n20003_cLL_V4_independent_rms_s20.npz,76423,06aade4e89e783a2be264dc98a2588ab9775bb4a1182efba18d07720ef627f96
tcn,clean_only,43,bandpass_n20003_cLL_V4_independent_rms_s15,phase2/results/predictions/full/clean_only/tcn/seed_43/bandpass_n20003_cLL_V4_independent_rms_s15.npz,76411,646335ecbcb4b28c3c5850bc21a84149838ba6e2d21f8433625991f7a9aed47a
tcn,clean_only,43,bandpass_n20003_cLL_V4_independent_rms_s10,phase2/results/predictions/full/clean_only/tcn/seed_43/bandpass_n20003_cLL_V4_independent_rms_s10.npz,76344,3dd52267e22a81cb2839cd952880e1b1582b8988b8c92e7d313eaf76970670a5
tcn,clean_only,43,bandpass_n20003_cLL_V4_independent_rms_s5,phase2/results/predictions/full/clean_only/tcn/seed_43/bandpass_n20003_cLL_V4_independent_rms_s5.npz,76197,7b8d33ffd8e65ce17fb32475034c042679fa17cc2c539056de5d8fbe0caa5b36
tcn,clean_only,43,bandpass_n20003_cLL_V4_independent_rms_s0,phase2/results/predictions/full/clean_only/tcn/seed_43/bandpass_n20003_cLL_V4_independent_rms_s0.npz,75868,61c34022c0ef7f31b4a8087cfdc921a647055d15b40aa55ece4807b215bd3561
tcn,clean_only,43,bandpass_n20003_cLL_V4_electrode_s20,phase2/results/predictions/full/clean_only/tcn/seed_43/bandpass_n20003_cLL_V4_electrode_s20.npz,76397,e33d7b19652d69d5647a60cc311e68d674b62a4a2cd91b3db189a162317abc2c
tcn,clean_only,43,bandpass_n20003_cLL_V4_electrode_s15,phase2/results/predictions/full/clean_only/tcn/seed_43/bandpass_n20003_cLL_V4_electrode_s15.npz,76406,2005c7187c2fc9071aa9952b95e037c6aacb79727a14bfb5cd45c85dad6dbf49
tcn,clean_only,43,bandpass_n20003_cLL_V4_electrode_s10,phase2/results/predictions/full/clean_only/tcn/seed_43/bandpass_n20003_cLL_V4_electrode_s10.npz,76280,2a696277c93411df6eb71297d52797bc15fede3ce56d9eaf06df8508ac31305c
tcn,clean_only,43,bandpass_n20003_cLL_V4_electrode_s5,phase2/results/predictions/full/clean_only/tcn/seed_43/bandpass_n20003_cLL_V4_electrode_s5.npz,76114,0d5ac67f9ff172f681c8025d533a5a4e577cc1265e79d6b03cf65513426acf55
tcn,clean_only,43,bandpass_n20003_cLL_V4_electrode_s0,phase2/results/predictions/full/clean_only/tcn/seed_43/bandpass_n20003_cLL_V4_electrode_s0.npz,75750,d1743244801cbc891402dc893dc1f5ebb88d06d1d03fc0fc780065117c85bae1
tcn,clean_only,43,bandpass_n20003_cLL_V4_covariance_s20,phase2/results/predictions/full/clean_only/tcn/seed_43/bandpass_n20003_cLL_V4_covariance_s20.npz,76402,8b4a6357cfd0711eb1893e6dbf87312d471754fdce6aa234c81768c919942ca9
tcn,clean_only,43,bandpass_n20003_cLL_V4_covariance_s15,phase2/results/predictions/full/clean_only/tcn/seed_43/bandpass_n20003_cLL_V4_covariance_s15.npz,76392,e215e53919e973891e52fdb8bbc3d232b87d813f5a301704a37a0e0873dada50
tcn,clean_only,43,bandpass_n20003_cLL_V4_covariance_s10,phase2/results/predictions/full/clean_only/tcn/seed_43/bandpass_n20003_cLL_V4_covariance_s10.npz,76294,f9f003f2dd81d855a0049941b4b97d77beff5ec1f274b770f001c6a951c23afa
tcn,clean_only,43,bandpass_n20003_cLL_V4_covariance_s5,phase2/results/predictions/full/clean_only/tcn/seed_43/bandpass_n20003_cLL_V4_covariance_s5.npz,76084,633c4896914d9088e481e5cfad6f212148a4144ba77df530440cd4e596e46016
tcn,clean_only,43,bandpass_n20003_cLL_V4_covariance_s0,phase2/results/predictions/full/clean_only/tcn/seed_43/bandpass_n20003_cLL_V4_covariance_s0.npz,75747,c4a37d06e6594e9d61de2fb8b1dfe55c1fc1f23edbb1200ddcc8a0ffbe9f1123
tcn,clean_only,43,bandpass_n20003_cRA_LA_V1_V6_independent_rms_s20,phase2/results/predictions/full/clean_only/tcn/seed_43/bandpass_n20003_cRA_LA_V1_V6_independent_rms_s20.npz,76445,0f017eceed28d0aab5c4c2087b5abf9b2c3b725c732ec720c188f518e4ad9378
tcn,clean_only,43,bandpass_n20003_cRA_LA_V1_V6_independent_rms_s15,phase2/results/predictions/full/clean_only/tcn/seed_43/bandpass_n20003_cRA_LA_V1_V6_independent_rms_s15.npz,76428,5424e5bc06fa21ad1302e380dd02fa20f179e8603c305ed8ebd4d781777c85cd
tcn,clean_only,43,bandpass_n20003_cRA_LA_V1_V6_independent_rms_s10,phase2/results/predictions/full/clean_only/tcn/seed_43/bandpass_n20003_cRA_LA_V1_V6_independent_rms_s10.npz,76350,923bcaeb1f4fa4651921adaf8f7200d8d1ac2e78c43e1f78046ed7d1d3c5f5da
tcn,clean_only,43,bandpass_n20003_cRA_LA_V1_V6_independent_rms_s5,phase2/results/predictions/full/clean_only/tcn/seed_43/bandpass_n20003_cRA_LA_V1_V6_independent_rms_s5.npz,76196,ced86af98e663c48325a6b105e1b659ad4d92932fc5b4b0cd3c3948a911c0829
tcn,clean_only,43,bandpass_n20003_cRA_LA_V1_V6_independent_rms_s0,phase2/results/predictions/full/clean_only/tcn/seed_43/bandpass_n20003_cRA_LA_V1_V6_independent_rms_s0.npz,75819,317686dee03dc4e54d104f22d0b993880021636a157f954def1a64ea0f52f530
tcn,clean_only,43,bandpass_n20003_cRA_LA_V1_V6_electrode_s20,phase2/results/predictions/full/clean_only/tcn/seed_43/bandpass_n20003_cRA_LA_V1_V6_electrode_s20.npz,76411,e6aaead6ac09a8bcaad8d128e58bd707bf77d138fd812048fef24fbbd523c54a
tcn,clean_only,43,bandpass_n20003_cRA_LA_V1_V6_electrode_s15,phase2/results/predictions/full/clean_only/tcn/seed_43/bandpass_n20003_cRA_LA_V1_V6_electrode_s15.npz,76403,41cacc772f1f9aca127ecb41fb491f75a8fa13ded96360c671d38307f2fe05ff
tcn,clean_only,43,bandpass_n20003_cRA_LA_V1_V6_electrode_s10,phase2/results/predictions/full/clean_only/tcn/seed_43/bandpass_n20003_cRA_LA_V1_V6_electrode_s10.npz,76305,4e9a5a64a66ef89a7e0a0552dbca03e0a7e118c333b51fa76568faba403ef4bf
tcn,clean_only,43,bandpass_n20003_cRA_LA_V1_V6_electrode_s5,phase2/results/predictions/full/clean_only/tcn/seed_43/bandpass_n20003_cRA_LA_V1_V6_electrode_s5.npz,76043,90c99d0b0d35e35e41a8349a09a7b195cb8dad05ac779f952f8d4be0e8258f0e
tcn,clean_only,43,bandpass_n20003_cRA_LA_V1_V6_electrode_s0,phase2/results/predictions/full/clean_only/tcn/seed_43/bandpass_n20003_cRA_LA_V1_V6_electrode_s0.npz,75413,0c47a41ac3e06366e0513a6b9fdd16cb06e6e961591cd1cab7d45c1c32e01037
tcn,clean_only,43,bandpass_n20003_cRA_LA_V1_V6_covariance_s20,phase2/results/predictions/full/clean_only/tcn/seed_43/bandpass_n20003_cRA_LA_V1_V6_covariance_s20.npz,76426,f33c4a96ce5d77c203858db92cb385dd96116eccefb66ae1c63c7991c266f81a
tcn,clean_only,43,bandpass_n20003_cRA_LA_V1_V6_covariance_s15,phase2/results/predictions/full/clean_only/tcn/seed_43/bandpass_n20003_cRA_LA_V1_V6_covariance_s15.npz,76398,77d820c00c82f57e250d21b2cd12bd8f507dc434d7c33fe17218d7840f94c78c
tcn,clean_only,43,bandpass_n20003_cRA_LA_V1_V6_covariance_s10,phase2/results/predictions/full/clean_only/tcn/seed_43/bandpass_n20003_cRA_LA_V1_V6_covariance_s10.npz,76273,a85b6e902ed4b0ce3f1f20a72af1da0fc96855c416adb3b9484dd735f3ac3179
tcn,clean_only,43,bandpass_n20003_cRA_LA_V1_V6_covariance_s5,phase2/results/predictions/full/clean_only/tcn/seed_43/bandpass_n20003_cRA_LA_V1_V6_covariance_s5.npz,76032,ba6a7bd910d3eb088211523dfca459454aac05d7cb0fa9d5311356100c12f834
tcn,clean_only,43,bandpass_n20003_cRA_LA_V1_V6_covariance_s0,phase2/results/predictions/full/clean_only/tcn/seed_43/bandpass_n20003_cRA_LA_V1_V6_covariance_s0.npz,75424,41685ae9da7df393dc4eff9d009363f56dc1e0d13cb82046b117297abcbf61c0
tcn,clean_only,43,bandpass_n20003_cRA_V2_V5_independent_rms_s20,phase2/results/predictions/full/clean_only/tcn/seed_43/bandpass_n20003_cRA_V2_V5_independent_rms_s20.npz,76408,b10f5594785bb1b90bc48a149301849bd8a1effb021623d863d59bfdfbd096e7
tcn,clean_only,43,bandpass_n20003_cRA_V2_V5_independent_rms_s15,phase2/results/predictions/full/clean_only/tcn/seed_43/bandpass_n20003_cRA_V2_V5_independent_rms_s15.npz,76398,173697d795cfbcee222605f9c207930436080c6c482254fd48394892c7ac495f
tcn,clean_only,43,bandpass_n20003_cRA_V2_V5_independent_rms_s10,phase2/results/predictions/full/clean_only/tcn/seed_43/bandpass_n20003_cRA_V2_V5_independent_rms_s10.npz,76367,3f4ebef3c0d86652c29956f255fd5b921eb9f097909ccdef8130a0c24e772252
tcn,clean_only,43,bandpass_n20003_cRA_V2_V5_independent_rms_s5,phase2/results/predictions/full/clean_only/tcn/seed_43/bandpass_n20003_cRA_V2_V5_independent_rms_s5.npz,76204,cf61fdd23a4b352abce9cd15287c4433c8270a1b6f5f56c84e302c5e1ae2b3d5
tcn,clean_only,43,bandpass_n20003_cRA_V2_V5_independent_rms_s0,phase2/results/predictions/full/clean_only/tcn/seed_43/bandpass_n20003_cRA_V2_V5_independent_rms_s0.npz,75857,27c119cd67fe5feeb8d7edefc9094b631a599c3831a1f6775f8abf2a4e0ee06f
tcn,clean_only,43,bandpass_n20003_cRA_V2_V5_electrode_s20,phase2/results/predictions/full/clean_only/tcn/seed_43/bandpass_n20003_cRA_V2_V5_electrode_s20.npz,76377,c624da81cfed995361fe8b14f975e92217b4556ba66a3dcedd8193f0faf666f4
tcn,clean_only,43,bandpass_n20003_cRA_V2_V5_electrode_s15,phase2/results/predictions/full/clean_only/tcn/seed_43/bandpass_n20003_cRA_V2_V5_electrode_s15.npz,76393,315bf5b860a1480224d2d265dd24dce85cecb1567f20615cf0bb699381348b74
tcn,clean_only,43,bandpass_n20003_cRA_V2_V5_electrode_s10,phase2/results/predictions/full/clean_only/tcn/seed_43/bandpass_n20003_cRA_V2_V5_electrode_s10.npz,76273,88c7dcb5487d57b75826fb98ef3b87ac2493596ab76a430342232d9c408ad1ea
tcn,clean_only,43,bandpass_n20003_cRA_V2_V5_electrode_s5,phase2/results/predictions/full/clean_only/tcn/seed_43/bandpass_n20003_cRA_V2_V5_electrode_s5.npz,76013,b0022ac84ac6a74b9d972ca8cff8a287dee3280a702bbfd0956ece557ce9e7e9
tcn,clean_only,43,bandpass_n20003_cRA_V2_V5_electrode_s0,phase2/results/predictions/full/clean_only/tcn/seed_43/bandpass_n20003_cRA_V2_V5_electrode_s0.npz,75412,1dd443446326f45ea44f26931bf37756cabd34351ed6752e725d55f884359eb5
tcn,clean_only,43,bandpass_n20003_cRA_V2_V5_covariance_s20,phase2/results/predictions/full/clean_only/tcn/seed_43/bandpass_n20003_cRA_V2_V5_covariance_s20.npz,76419,3374756620d594d5d6322f3b880d1c0531f2a15d851b23660ac21e8a7c373b34
tcn,clean_only,43,bandpass_n20003_cRA_V2_V5_covariance_s15,phase2/results/predictions/full/clean_only/tcn/seed_43/bandpass_n20003_cRA_V2_V5_covariance_s15.npz,76365,c4c60bf78ccb8a57caeb7f96e5616413bb2acd367b2d06b071edf2ac9fb54534
tcn,clean_only,43,bandpass_n20003_cRA_V2_V5_covariance_s10,phase2/results/predictions/full/clean_only/tcn/seed_43/bandpass_n20003_cRA_V2_V5_covariance_s10.npz,76278,d9ac3f9c15244d117de360ad964fdf18c206d2a7c84901e6d135cb08f213e188
tcn,clean_only,43,bandpass_n20003_cRA_V2_V5_covariance_s5,phase2/results/predictions/full/clean_only/tcn/seed_43/bandpass_n20003_cRA_V2_V5_covariance_s5.npz,76023,177b6922ca7c26155f70492ec00818312cc461bfddbfb4337804b3533d66a225
tcn,clean_only,43,bandpass_n20003_cRA_V2_V5_covariance_s0,phase2/results/predictions/full/clean_only/tcn/seed_43/bandpass_n20003_cRA_V2_V5_covariance_s0.npz,75451,7bf6dcca1632f65f0c54fb5bde643ad651943fa1a0c4c40333559734939fb388
tcn,clean_only,43,bandpass_n20003_cLA_V3_V6_independent_rms_s20,phase2/results/predictions/full/clean_only/tcn/seed_43/bandpass_n20003_cLA_V3_V6_independent_rms_s20.npz,76445,92ae081f6e7a9f808e099ee4901c6b5960478aba7865f752ded3bd722097e01e
tcn,clean_only,43,bandpass_n20003_cLA_V3_V6_independent_rms_s15,phase2/results/predictions/full/clean_only/tcn/seed_43/bandpass_n20003_cLA_V3_V6_independent_rms_s15.npz,76416,7f82575155ba3fc4ecc78fa8836efb1b78e0cc60a36862fc17ebcb9d1859bfa5
tcn,clean_only,43,bandpass_n20003_cLA_V3_V6_independent_rms_s10,phase2/results/predictions/full/clean_only/tcn/seed_43/bandpass_n20003_cLA_V3_V6_independent_rms_s10.npz,76381,dc39ea3e2edbe9ae4109f344e56bcc989fc13a72dac1f345347f96b092f6c1f6
tcn,clean_only,43,bandpass_n20003_cLA_V3_V6_independent_rms_s5,phase2/results/predictions/full/clean_only/tcn/seed_43/bandpass_n20003_cLA_V3_V6_independent_rms_s5.npz,76205,999b7b15d556fed2cce292d855d91f992b8bc343d22f13185f2f484b1194ff98
tcn,clean_only,43,bandpass_n20003_cLA_V3_V6_independent_rms_s0,phase2/results/predictions/full/clean_only/tcn/seed_43/bandpass_n20003_cLA_V3_V6_independent_rms_s0.npz,75901,2046bef1d1d9a3ccef42c414650b5bd4ad699b2a3591d20a9379a000d82d3086
tcn,clean_only,43,bandpass_n20003_cLA_V3_V6_electrode_s20,phase2/results/predictions/full/clean_only/tcn/seed_43/bandpass_n20003_cLA_V3_V6_electrode_s20.npz,76417,36287d2b74773fc2f8b57ce73447d007940f48814b30cf001a716318031500b4
tcn,clean_only,43,bandpass_n20003_cLA_V3_V6_electrode_s15,phase2/results/predictions/full/clean_only/tcn/seed_43/bandpass_n20003_cLA_V3_V6_electrode_s15.npz,76426,ef1b9cc74efcadcb78936d89719a4e2358546257d02dbd0bd537b9ed2f4d583d
tcn,clean_only,43,bandpass_n20003_cLA_V3_V6_electrode_s10,phase2/results/predictions/full/clean_only/tcn/seed_43/bandpass_n20003_cLA_V3_V6_electrode_s10.npz,76296,bcb617750db9116a57cd100ca4b292d8e6d33a2cec14a136ba6ae776ee5390d5
tcn,clean_only,43,bandpass_n20003_cLA_V3_V6_electrode_s5,phase2/results/predictions/full/clean_only/tcn/seed_43/bandpass_n20003_cLA_V3_V6_electrode_s5.npz,76131,5bfe00736a499068687001aba6b64664148ea0437794b454c83cb99d84f9de39
tcn,clean_only,43,bandpass_n20003_cLA_V3_V6_electrode_s0,phase2/results/predictions/full/clean_only/tcn/seed_43/bandpass_n20003_cLA_V3_V6_electrode_s0.npz,75670,521af91e318b48d9bddfe515ffde1fbc85a3c8ddd146acd17867020bbb701484
tcn,clean_only,43,bandpass_n20003_cLA_V3_V6_covariance_s20,phase2/results/predictions/full/clean_only/tcn/seed_43/bandpass_n20003_cLA_V3_V6_covariance_s20.npz,76407,103fa82f9b55db9231d7d80300d19cae1e9ae98b1285bc2704d9375050a8a958
tcn,clean_only,43,bandpass_n20003_cLA_V3_V6_covariance_s15,phase2/results/predictions/full/clean_only/tcn/seed_43/bandpass_n20003_cLA_V3_V6_covariance_s15.npz,76390,b4a690c796d2ba8be9c1999826a7d251e06420ec575a0c5c69df82e06cc909cf
tcn,clean_only,43,bandpass_n20003_cLA_V3_V6_covariance_s10,phase2/results/predictions/full/clean_only/tcn/seed_43/bandpass_n20003_cLA_V3_V6_covariance_s10.npz,76321,80d604a0e50e217b5c3466533b7680c1747ad8bc196607c324dab4f5931b0502
tcn,clean_only,43,bandpass_n20003_cLA_V3_V6_covariance_s5,phase2/results/predictions/full/clean_only/tcn/seed_43/bandpass_n20003_cLA_V3_V6_covariance_s5.npz,76144,5086a137e8ffd3d3140c71d5fdbfd88d91d205b549eb95b33ee72b82d103d0ce
tcn,clean_only,43,bandpass_n20003_cLA_V3_V6_covariance_s0,phase2/results/predictions/full/clean_only/tcn/seed_43/bandpass_n20003_cLA_V3_V6_covariance_s0.npz,75674,93f6ca2ae1c8cd8759b8cfe0eb30316281764eb95e172b38505ab2328669fd62
tcn,clean_only,43,bandpass_n20003_cLL_V1_V4_independent_rms_s20,phase2/results/predictions/full/clean_only/tcn/seed_43/bandpass_n20003_cLL_V1_V4_independent_rms_s20.npz,76425,6e36863c3d1cf82181f10c383c10032154ee343906284f1cd9e9de8dbcc104c1
tcn,clean_only,43,bandpass_n20003_cLL_V1_V4_independent_rms_s15,phase2/results/predictions/full/clean_only/tcn/seed_43/bandpass_n20003_cLL_V1_V4_independent_rms_s15.npz,76432,68ac83b765907d57f32bb19be8d083463e89ca8d276092e85deacb5a22ff8a64
tcn,clean_only,43,bandpass_n20003_cLL_V1_V4_independent_rms_s10,phase2/results/predictions/full/clean_only/tcn/seed_43/bandpass_n20003_cLL_V1_V4_independent_rms_s10.npz,76371,f0bca9f6266eceb6ca5216c7e1a1e514bf305c5b6613d7c93c0f67ee284995ef
tcn,clean_only,43,bandpass_n20003_cLL_V1_V4_independent_rms_s5,phase2/results/predictions/full/clean_only/tcn/seed_43/bandpass_n20003_cLL_V1_V4_independent_rms_s5.npz,76234,32502bdc6f39d6b103c83fc55d0f4455a4a9f3436a24d50bf16246efe0f88b20
tcn,clean_only,43,bandpass_n20003_cLL_V1_V4_independent_rms_s0,phase2/results/predictions/full/clean_only/tcn/seed_43/bandpass_n20003_cLL_V1_V4_independent_rms_s0.npz,75870,6fe0a50acc9e622319b34dae14b0ce999a2408335ae98f73dcf0e4dba6a8792a
tcn,clean_only,43,bandpass_n20003_cLL_V1_V4_electrode_s20,phase2/results/predictions/full/clean_only/tcn/seed_43/bandpass_n20003_cLL_V1_V4_electrode_s20.npz,76433,5dfe4213c50b9b36db2b0e76d05ec47e9f9bc32ef85dfd7d99ae698dc9b393b6
tcn,clean_only,43,bandpass_n20003_cLL_V1_V4_electrode_s15,phase2/results/predictions/full/clean_only/tcn/seed_43/bandpass_n20003_cLL_V1_V4_electrode_s15.npz,76376,6b1f32361611572fb671c2db7b5f43d49ff8f2ae9401c2ede8203fe0700d9ba0
tcn,clean_only,43,bandpass_n20003_cLL_V1_V4_electrode_s10,phase2/results/predictions/full/clean_only/tcn/seed_43/bandpass_n20003_cLL_V1_V4_electrode_s10.npz,76287,042b776e23a43e38fda588369cd2f21c953d42486f50239b57d39339a960a607
tcn,clean_only,43,bandpass_n20003_cLL_V1_V4_electrode_s5,phase2/results/predictions/full/clean_only/tcn/seed_43/bandpass_n20003_cLL_V1_V4_electrode_s5.npz,76123,460e21ba8c38c222c8e7ad251ce093eed42d992166a774557f01320b137738b1
tcn,clean_only,43,bandpass_n20003_cLL_V1_V4_electrode_s0,phase2/results/predictions/full/clean_only/tcn/seed_43/bandpass_n20003_cLL_V1_V4_electrode_s0.npz,75767,98ee600d7e1b90112ebe2e0352a262e5cb1483de1460b34fa8e193f4f8ad11ba
tcn,clean_only,43,bandpass_n20003_cLL_V1_V4_covariance_s20,phase2/results/predictions/full/clean_only/tcn/seed_43/bandpass_n20003_cLL_V1_V4_covariance_s20.npz,76427,875acea153c1868253406a8fb5a8977fdedccbe28f65c9e1dbf81138975bac52
tcn,clean_only,43,bandpass_n20003_cLL_V1_V4_covariance_s15,phase2/results/predictions/full/clean_only/tcn/seed_43/bandpass_n20003_cLL_V1_V4_covariance_s15.npz,76398,2e4aafa2d942b8f5a73f288e88841ae2c564ed55b223bec5e6385c7067567143
tcn,clean_only,43,bandpass_n20003_cLL_V1_V4_covariance_s10,phase2/results/predictions/full/clean_only/tcn/seed_43/bandpass_n20003_cLL_V1_V4_covariance_s10.npz,76304,f8c7d2a2f25e7e14ad26c804c68239e341adfe16e49c91e2c6b906b192a8a0c7
tcn,clean_only,43,bandpass_n20003_cLL_V1_V4_covariance_s5,phase2/results/predictions/full/clean_only/tcn/seed_43/bandpass_n20003_cLL_V1_V4_covariance_s5.npz,76119,0d05b7364be36388e320400def0689f9ca576c920d31a6ed59abac5481c00306
tcn,clean_only,43,bandpass_n20003_cLL_V1_V4_covariance_s0,phase2/results/predictions/full/clean_only/tcn/seed_43/bandpass_n20003_cLL_V1_V4_covariance_s0.npz,75731,5139e0c85de397aa6cdfc6970cab4db0caa533da54a58d04d4a03b385c23141f
tcn,clean_only,43,bandpass_n20003_call_independent_rms_s20,phase2/results/predictions/full/clean_only/tcn/seed_43/bandpass_n20003_call_independent_rms_s20.npz,76409,9cd938a1bd9a129dfb7465ac3ae1e15699683dc2cde38f3b4e78075417f26178
tcn,clean_only,43,bandpass_n20003_call_independent_rms_s15,phase2/results/predictions/full/clean_only/tcn/seed_43/bandpass_n20003_call_independent_rms_s15.npz,76395,e83ac1d7283e7c5e1a42415015fec962b5ae082e05b44b80ddfae86ef691522e
tcn,clean_only,43,bandpass_n20003_call_independent_rms_s10,phase2/results/predictions/full/clean_only/tcn/seed_43/bandpass_n20003_call_independent_rms_s10.npz,76354,3e21c040ddd0451cf967ae507d48c11a9efb31fc36715a8b33a091b69f3c54a8
tcn,clean_only,43,bandpass_n20003_call_independent_rms_s5,phase2/results/predictions/full/clean_only/tcn/seed_43/bandpass_n20003_call_independent_rms_s5.npz,76189,62500576a1e87e3013e5c04b694043de891ea60ad374af175557ab140b5613ea
tcn,clean_only,43,bandpass_n20003_call_independent_rms_s0,phase2/results/predictions/full/clean_only/tcn/seed_43/bandpass_n20003_call_independent_rms_s0.npz,75881,d08c35d1c8a4ff8eb59f5cf59af667dd1888f07f3367b3b72e371d2b215c93a1
tcn,clean_only,43,bandpass_n20003_call_electrode_s20,phase2/results/predictions/full/clean_only/tcn/seed_43/bandpass_n20003_call_electrode_s20.npz,76390,0aba8b8ddefb2f87851c09f34fafbb5b55b5c60a618a1d4b016464842de77176
tcn,clean_only,43,bandpass_n20003_call_electrode_s15,phase2/results/predictions/full/clean_only/tcn/seed_43/bandpass_n20003_call_electrode_s15.npz,76358,39a3c2bf77848106b00f0be4a54c3aea083af2136b377a086743c3595320ab45
tcn,clean_only,43,bandpass_n20003_call_electrode_s10,phase2/results/predictions/full/clean_only/tcn/seed_43/bandpass_n20003_call_electrode_s10.npz,76223,4f059dbf4a54cb09df44c19609d83c7be2bc010a3afa514583e9ee35457416ca
tcn,clean_only,43,bandpass_n20003_call_electrode_s5,phase2/results/predictions/full/clean_only/tcn/seed_43/bandpass_n20003_call_electrode_s5.npz,76056,cdc9965fa5abc1733d63b2e74342adab33ed3c6e4440f74b265c8a122a54b699
tcn,clean_only,43,bandpass_n20003_call_electrode_s0,phase2/results/predictions/full/clean_only/tcn/seed_43/bandpass_n20003_call_electrode_s0.npz,75486,4831d6b5a772eab07efec32d33cbb0576ceeade92d65884fa93254d672036517
tcn,clean_only,43,bandpass_n20003_call_covariance_s20,phase2/results/predictions/full/clean_only/tcn/seed_43/bandpass_n20003_call_covariance_s20.npz,76405,17a8bd7a2fcc55bcc66d66210e34da871cc86b1d7a81c1519bd3ad4c6545f099
tcn,clean_only,43,bandpass_n20003_call_covariance_s15,phase2/results/predictions/full/clean_only/tcn/seed_43/bandpass_n20003_call_covariance_s15.npz,76364,33c27212d29bc0cb805a4dbc43f5cb22fd195c02b76d3bb8cde7febcc6ecbbb4
tcn,clean_only,43,bandpass_n20003_call_covariance_s10,phase2/results/predictions/full/clean_only/tcn/seed_43/bandpass_n20003_call_covariance_s10.npz,76272,9cc1c0c691c09e0415076654ca701bace98c21c9a68ebbb9a83acfb86df9a4b0
tcn,clean_only,43,bandpass_n20003_call_covariance_s5,phase2/results/predictions/full/clean_only/tcn/seed_43/bandpass_n20003_call_covariance_s5.npz,76064,49dee6e3dc95dc411597ca9af7e2a9673254ec7621e163d473462daacfb42130
tcn,clean_only,43,bandpass_n20003_call_covariance_s0,phase2/results/predictions/full/clean_only/tcn/seed_43/bandpass_n20003_call_covariance_s0.npz,75509,a2dbef26e29d162989556e50656d00d74fc78d21c25c06944508fe98060d44d4
tcn,clean_only,43,bandpass_n20004_cRA_LA_LL_independent_rms_s20,phase2/results/predictions/full/clean_only/tcn/seed_43/bandpass_n20004_cRA_LA_LL_independent_rms_s20.npz,76430,3e2c6cbac7ab72461c963c828069fcf642143a40623a97f55284dcaffcb79c82
tcn,clean_only,43,bandpass_n20004_cRA_LA_LL_independent_rms_s15,phase2/results/predictions/full/clean_only/tcn/seed_43/bandpass_n20004_cRA_LA_LL_independent_rms_s15.npz,76415,5c2375b0be5721a830aeca247e2d53d46d6083d7ca2a6fc82dfda94f37ab031d
tcn,clean_only,43,bandpass_n20004_cRA_LA_LL_independent_rms_s10,phase2/results/predictions/full/clean_only/tcn/seed_43/bandpass_n20004_cRA_LA_LL_independent_rms_s10.npz,76380,553940085733c7673908fc1e44d32052e4097f5cc8a137b0f51c0d8d3367cb27
tcn,clean_only,43,bandpass_n20004_cRA_LA_LL_independent_rms_s5,phase2/results/predictions/full/clean_only/tcn/seed_43/bandpass_n20004_cRA_LA_LL_independent_rms_s5.npz,76173,061673c32a259c03f9ca466a98172772fdb338b6192519849a07f72b2ea75c36
tcn,clean_only,43,bandpass_n20004_cRA_LA_LL_independent_rms_s0,phase2/results/predictions/full/clean_only/tcn/seed_43/bandpass_n20004_cRA_LA_LL_independent_rms_s0.npz,75830,693c22d269146c21266ca1dfdfb79ed8552281514066a7cefa81ce10b596183e
tcn,clean_only,43,bandpass_n20004_cRA_LA_LL_electrode_s20,phase2/results/predictions/full/clean_only/tcn/seed_43/bandpass_n20004_cRA_LA_LL_electrode_s20.npz,76402,9224f6988a12817f8bb49d936b0a1b28c23a95a6a6b113bbc513098297936974
tcn,clean_only,43,bandpass_n20004_cRA_LA_LL_electrode_s15,phase2/results/predictions/full/clean_only/tcn/seed_43/bandpass_n20004_cRA_LA_LL_electrode_s15.npz,76343,c81d4644129336c00da5d8d268121c08fe485a0a6d22bb1b9bacc37805dcebbe
tcn,clean_only,43,bandpass_n20004_cRA_LA_LL_electrode_s10,phase2/results/predictions/full/clean_only/tcn/seed_43/bandpass_n20004_cRA_LA_LL_electrode_s10.npz,76215,eb1abdd0b4b6b75769c588b25a23a1481bb5779396ac1172cdf73e121e166967
tcn,clean_only,43,bandpass_n20004_cRA_LA_LL_electrode_s5,phase2/results/predictions/full/clean_only/tcn/seed_43/bandpass_n20004_cRA_LA_LL_electrode_s5.npz,76012,dd904da94ffd04f1f99d7e96fe35b71e4e474b174dfa3702613aac86498632ab
tcn,clean_only,43,bandpass_n20004_cRA_LA_LL_electrode_s0,phase2/results/predictions/full/clean_only/tcn/seed_43/bandpass_n20004_cRA_LA_LL_electrode_s0.npz,75425,68e4414068dd22f04c7233f6c47a03eec9e60c0a03d370569fcf1ed4483aeefa
tcn,clean_only,43,bandpass_n20004_cRA_LA_LL_covariance_s20,phase2/results/predictions/full/clean_only/tcn/seed_43/bandpass_n20004_cRA_LA_LL_covariance_s20.npz,76415,21113ac9f1c51c24d27e500bb4431d31f18a42847ef2acdf67b71158d8ed6c4d
tcn,clean_only,43,bandpass_n20004_cRA_LA_LL_covariance_s15,phase2/results/predictions/full/clean_only/tcn/seed_43/bandpass_n20004_cRA_LA_LL_covariance_s15.npz,76337,2107e5022130e3b9c10dd96c5bb1b861927ffaec71da428db14c59cc9dd89328
tcn,clean_only,43,bandpass_n20004_cRA_LA_LL_covariance_s10,phase2/results/predictions/full/clean_only/tcn/seed_43/bandpass_n20004_cRA_LA_LL_covariance_s10.npz,76248,b8e068d6d1af466f8e340d8b799b931418abc05abc4bef00ad147c54cdbd5143
tcn,clean_only,43,bandpass_n20004_cRA_LA_LL_covariance_s5,phase2/results/predictions/full/clean_only/tcn/seed_43/bandpass_n20004_cRA_LA_LL_covariance_s5.npz,76004,6afa908d0e8a9a169805f0660141092e853d412f1afa4a1262a9441605e0e96b
tcn,clean_only,43,bandpass_n20004_cRA_LA_LL_covariance_s0,phase2/results/predictions/full/clean_only/tcn/seed_43/bandpass_n20004_cRA_LA_LL_covariance_s0.npz,75416,fca4971a3579a0f110fe2b5e49d030e9a0db2fee63dfe7b08843f88672043930
tcn,clean_only,43,bandpass_n20004_cV1_independent_rms_s20,phase2/results/predictions/full/clean_only/tcn/seed_43/bandpass_n20004_cV1_independent_rms_s20.npz,76412,5033c89ce69d2f2a026c38e75a9e4be891f881430cf97162492c02a5d70f1def
tcn,clean_only,43,bandpass_n20004_cV1_independent_rms_s15,phase2/results/predictions/full/clean_only/tcn/seed_43/bandpass_n20004_cV1_independent_rms_s15.npz,76418,b0212aa654122d3d8f236f54ed85b674842e701b26c1ee1380ee72067c3b5b0f
tcn,clean_only,43,bandpass_n20004_cV1_independent_rms_s10,phase2/results/predictions/full/clean_only/tcn/seed_43/bandpass_n20004_cV1_independent_rms_s10.npz,76310,d223fa923a13cb35a733614e74aba4556322f60a6563490c4fdb5733a975572f
tcn,clean_only,43,bandpass_n20004_cV1_independent_rms_s5,phase2/results/predictions/full/clean_only/tcn/seed_43/bandpass_n20004_cV1_independent_rms_s5.npz,76160,587d117b193764940b5493c95d8569031acd41d7cffb5d15af88366bd790097f
tcn,clean_only,43,bandpass_n20004_cV1_independent_rms_s0,phase2/results/predictions/full/clean_only/tcn/seed_43/bandpass_n20004_cV1_independent_rms_s0.npz,75861,b33feb7c66a39a6a81144aa8b4e67fda5773650b240fad8692efcdc11b0b9407
tcn,clean_only,43,bandpass_n20004_cV1_electrode_s20,phase2/results/predictions/full/clean_only/tcn/seed_43/bandpass_n20004_cV1_electrode_s20.npz,76381,ef48a5fd7b783f5a9a8de7bdbfa043b3a8f5ac7c0dea31129d339c32fd1bcc0d
tcn,clean_only,43,bandpass_n20004_cV1_electrode_s15,phase2/results/predictions/full/clean_only/tcn/seed_43/bandpass_n20004_cV1_electrode_s15.npz,76354,61be2a7f2f0d9398c6a44eb11b0a48f87adbd5a9b849cd6b1fdf05a36b0f45ba
tcn,clean_only,43,bandpass_n20004_cV1_electrode_s10,phase2/results/predictions/full/clean_only/tcn/seed_43/bandpass_n20004_cV1_electrode_s10.npz,76304,5e4ff1fb3eb3b5d6e0e91e895ef91059dbb223c800d733066cdd782fafde0774
tcn,clean_only,43,bandpass_n20004_cV1_electrode_s5,phase2/results/predictions/full/clean_only/tcn/seed_43/bandpass_n20004_cV1_electrode_s5.npz,76133,feac73886724f36c3093f743a568bd12c56a52a441105d9f648b8954c100c726
tcn,clean_only,43,bandpass_n20004_cV1_electrode_s0,phase2/results/predictions/full/clean_only/tcn/seed_43/bandpass_n20004_cV1_electrode_s0.npz,75803,b44f1c8c824a1b60d66c3447aa5dcfd316950b357febe7715f005df3beece63f
tcn,clean_only,43,bandpass_n20004_cV1_covariance_s20,phase2/results/predictions/full/clean_only/tcn/seed_43/bandpass_n20004_cV1_covariance_s20.npz,76400,83ef044ecf1276a4fb2ef0ec7a41833bb69583379844dac54b29bb0e359622cd
tcn,clean_only,43,bandpass_n20004_cV1_covariance_s15,phase2/results/predictions/full/clean_only/tcn/seed_43/bandpass_n20004_cV1_covariance_s15.npz,76406,98390b00a90347e71aabcd0e2343dbd02568dd2bd2856df4a22e75dadf11d595
tcn,clean_only,43,bandpass_n20004_cV1_covariance_s10,phase2/results/predictions/full/clean_only/tcn/seed_43/bandpass_n20004_cV1_covariance_s10.npz,76287,5617e2bb44f2a3f3a921a03906058c357d09e68db1afd0ba9b7a74d5b63cd29a
tcn,clean_only,43,bandpass_n20004_cV1_covariance_s5,phase2/results/predictions/full/clean_only/tcn/seed_43/bandpass_n20004_cV1_covariance_s5.npz,76119,4813fa824a5ed3efb9931d30967928bf32fe61a496138e0ba871699f40a52723
tcn,clean_only,43,bandpass_n20004_cV1_covariance_s0,phase2/results/predictions/full/clean_only/tcn/seed_43/bandpass_n20004_cV1_covariance_s0.npz,75811,34a658aa17732aa0e139cb19ffb2ad7a3f6dacdef6e3eb4fe8f7a617b188d0ba
tcn,clean_only,43,bandpass_n20004_cV2_independent_rms_s20,phase2/results/predictions/full/clean_only/tcn/seed_43/bandpass_n20004_cV2_independent_rms_s20.npz,76427,d4c5cbf805e67cd99dc1998aa11abb5f613c95b213ca36a7f2e7f63d8b5596fc
tcn,clean_only,43,bandpass_n20004_cV2_independent_rms_s15,phase2/results/predictions/full/clean_only/tcn/seed_43/bandpass_n20004_cV2_independent_rms_s15.npz,76422,145569f5ab02ff782ce520c6f3030e15712928aa276f84c94933d56797e8e656
tcn,clean_only,43,bandpass_n20004_cV2_independent_rms_s10,phase2/results/predictions/full/clean_only/tcn/seed_43/bandpass_n20004_cV2_independent_rms_s10.npz,76361,9f3ab73c1473566fb6781cf1872578c97191b083efc920570268525c926faca6
tcn,clean_only,43,bandpass_n20004_cV2_independent_rms_s5,phase2/results/predictions/full/clean_only/tcn/seed_43/bandpass_n20004_cV2_independent_rms_s5.npz,76240,f1225cffc2c8c27c08947edc4ca82404b791185b7c99a04bf8d8c5b9c77a0adb
tcn,clean_only,43,bandpass_n20004_cV2_independent_rms_s0,phase2/results/predictions/full/clean_only/tcn/seed_43/bandpass_n20004_cV2_independent_rms_s0.npz,75952,97fb850ae2d946ad41653e3a46538b91fd1596c3cd0d3afb53b0658b581fa00c
tcn,clean_only,43,bandpass_n20004_cV2_electrode_s20,phase2/results/predictions/full/clean_only/tcn/seed_43/bandpass_n20004_cV2_electrode_s20.npz,76406,6e151ba865eb70a976c6753d2e8df701044245e8c0cd30c765d84f7e9011e789
tcn,clean_only,43,bandpass_n20004_cV2_electrode_s15,phase2/results/predictions/full/clean_only/tcn/seed_43/bandpass_n20004_cV2_electrode_s15.npz,76389,b577b81874bdbe3880b9dd5c2c728aa7ddcbf3812e454040fa8f20b55da42bdb
tcn,clean_only,43,bandpass_n20004_cV2_electrode_s10,phase2/results/predictions/full/clean_only/tcn/seed_43/bandpass_n20004_cV2_electrode_s10.npz,76359,b1fa67e839e0194df2803d399392d0e2377f90ec60cf568e601aae0ec9001cec
tcn,clean_only,43,bandpass_n20004_cV2_electrode_s5,phase2/results/predictions/full/clean_only/tcn/seed_43/bandpass_n20004_cV2_electrode_s5.npz,76211,d5e4f2026f4553a6dd06c852c8386a906c65a95f4fa061fdab7bbe163bda5df8
tcn,clean_only,43,bandpass_n20004_cV2_electrode_s0,phase2/results/predictions/full/clean_only/tcn/seed_43/bandpass_n20004_cV2_electrode_s0.npz,75935,011f4ca65811117b015be5fd71d9fa51d11c0f703e985631affd1307c3ac06ed
tcn,clean_only,43,bandpass_n20004_cV2_covariance_s20,phase2/results/predictions/full/clean_only/tcn/seed_43/bandpass_n20004_cV2_covariance_s20.npz,76406,7ff03f333d83ecb90e3cf3b255b68c1b907bceeee207e305ae3d87bd80839ad4
tcn,clean_only,43,bandpass_n20004_cV2_covariance_s15,phase2/results/predictions/full/clean_only/tcn/seed_43/bandpass_n20004_cV2_covariance_s15.npz,76401,af0f92dd06b0dc877d72ffc83bd0e43242dae6a952dc830fbe2f778b226168cf
tcn,clean_only,43,bandpass_n20004_cV2_covariance_s10,phase2/results/predictions/full/clean_only/tcn/seed_43/bandpass_n20004_cV2_covariance_s10.npz,76341,1468b8c5a06a231f866fd8eb4f84315bf0c9e65e3ff372b609825148e19fbf15
tcn,clean_only,43,bandpass_n20004_cV2_covariance_s5,phase2/results/predictions/full/clean_only/tcn/seed_43/bandpass_n20004_cV2_covariance_s5.npz,76254,5af20fcad42a1d0e0448fb8d937312576cd9929cf2b344ed57ffa24747003543
tcn,clean_only,43,bandpass_n20004_cV2_covariance_s0,phase2/results/predictions/full/clean_only/tcn/seed_43/bandpass_n20004_cV2_covariance_s0.npz,75944,0be67f293fcee99ff479630a68601f9639d6668c0d9f38470c8d793f980623de
tcn,clean_only,43,bandpass_n20004_cV3_independent_rms_s20,phase2/results/predictions/full/clean_only/tcn/seed_43/bandpass_n20004_cV3_independent_rms_s20.npz,76438,de370bbc3cdeed15f7ec1324f27c3a010b70bb14412ca1f50d30edfb76fbb12f
tcn,clean_only,43,bandpass_n20004_cV3_independent_rms_s15,phase2/results/predictions/full/clean_only/tcn/seed_43/bandpass_n20004_cV3_independent_rms_s15.npz,76430,fc8e5e7437840df08200ac213a1da6d02c4f96a907e88c244a3fc1408cfcc96d
tcn,clean_only,43,bandpass_n20004_cV3_independent_rms_s10,phase2/results/predictions/full/clean_only/tcn/seed_43/bandpass_n20004_cV3_independent_rms_s10.npz,76418,46fd83cf209af11034ab4ada55232f22224bd05f93dbd5d3c008dfdc742b01b9
tcn,clean_only,43,bandpass_n20004_cV3_independent_rms_s5,phase2/results/predictions/full/clean_only/tcn/seed_43/bandpass_n20004_cV3_independent_rms_s5.npz,76356,458c589613df724c5043a349a6b5499eb17305d6f5371df0f4c943bf9b0d7251
tcn,clean_only,43,bandpass_n20004_cV3_independent_rms_s0,phase2/results/predictions/full/clean_only/tcn/seed_43/bandpass_n20004_cV3_independent_rms_s0.npz,76197,2fc36a88e34c4a61c16940016bfa923a7e10ca890bec8ff8fd296070f8d709e8
tcn,clean_only,43,bandpass_n20004_cV3_electrode_s20,phase2/results/predictions/full/clean_only/tcn/seed_43/bandpass_n20004_cV3_electrode_s20.npz,76417,32f6310aec737deadee20d879facde8471217b2df63fd77a34ceaac3c06019c2
tcn,clean_only,43,bandpass_n20004_cV3_electrode_s15,phase2/results/predictions/full/clean_only/tcn/seed_43/bandpass_n20004_cV3_electrode_s15.npz,76438,ad1763086c60bb0fadfe3b11bc06cecbd5d47f2d45215c668eb6d2497aae7933
tcn,clean_only,43,bandpass_n20004_cV3_electrode_s10,phase2/results/predictions/full/clean_only/tcn/seed_43/bandpass_n20004_cV3_electrode_s10.npz,76367,4127f923bc75538feb1fa37eb9e97c1ebf2a71f2b9226b2987d7b2e015b508c9
tcn,clean_only,43,bandpass_n20004_cV3_electrode_s5,phase2/results/predictions/full/clean_only/tcn/seed_43/bandpass_n20004_cV3_electrode_s5.npz,76311,418b78c52f3fa493b20f7d29bab78692772137056f2bd03917473ef48e001106
tcn,clean_only,43,bandpass_n20004_cV3_electrode_s0,phase2/results/predictions/full/clean_only/tcn/seed_43/bandpass_n20004_cV3_electrode_s0.npz,76166,12d89171160c722f794f5fbc20d4b6ad295b8fd498063091f838bffa8e588510
tcn,clean_only,43,bandpass_n20004_cV3_covariance_s20,phase2/results/predictions/full/clean_only/tcn/seed_43/bandpass_n20004_cV3_covariance_s20.npz,76405,a3df1bbf93c5f8c0b1ace1583086b81868e1546c8e656e736bb426764cf8d564
tcn,clean_only,43,bandpass_n20004_cV3_covariance_s15,phase2/results/predictions/full/clean_only/tcn/seed_43/bandpass_n20004_cV3_covariance_s15.npz,76410,8610085b202eb5ca2b5f43d20657dcb97fbfbd090b8f4205c73dcba5cc04ab75
tcn,clean_only,43,bandpass_n20004_cV3_covariance_s10,phase2/results/predictions/full/clean_only/tcn/seed_43/bandpass_n20004_cV3_covariance_s10.npz,76378,c6ea582417113a03dac2f2465bf64cbd6a32d7a4e1de469daea6c9e07f26ffbb
tcn,clean_only,43,bandpass_n20004_cV3_covariance_s5,phase2/results/predictions/full/clean_only/tcn/seed_43/bandpass_n20004_cV3_covariance_s5.npz,76303,b84203ab907bc618ed278f8b4539c87ed0378a99005bbb132a8f547989c5398b
tcn,clean_only,43,bandpass_n20004_cV3_covariance_s0,phase2/results/predictions/full/clean_only/tcn/seed_43/bandpass_n20004_cV3_covariance_s0.npz,76126,5ff9cb3ca34fb8955cb12273e2fabe2302f17e048b72c0ee3b42b53cf7bf91aa
tcn,clean_only,43,bandpass_n20004_cV4_independent_rms_s20,phase2/results/predictions/full/clean_only/tcn/seed_43/bandpass_n20004_cV4_independent_rms_s20.npz,76402,866530c09e54e1d778bb47e118d8fc125a41c8f46dd606caa89182dc35f18770
tcn,clean_only,43,bandpass_n20004_cV4_independent_rms_s15,phase2/results/predictions/full/clean_only/tcn/seed_43/bandpass_n20004_cV4_independent_rms_s15.npz,76429,a76544404e76c4077fd1898008397d9fed0ec4871e87a216ca7468669f83d68f
tcn,clean_only,43,bandpass_n20004_cV4_independent_rms_s10,phase2/results/predictions/full/clean_only/tcn/seed_43/bandpass_n20004_cV4_independent_rms_s10.npz,76413,a054bb7afbaf93d0cfa5da44a6245ec8e16d81bd7aef0029f6609d18fb56ec5f
tcn,clean_only,43,bandpass_n20004_cV4_independent_rms_s5,phase2/results/predictions/full/clean_only/tcn/seed_43/bandpass_n20004_cV4_independent_rms_s5.npz,76269,c7ce800cd6df43e493d7903d9e33a7413210872239e84b6c494f0ec10e97185c
tcn,clean_only,43,bandpass_n20004_cV4_independent_rms_s0,phase2/results/predictions/full/clean_only/tcn/seed_43/bandpass_n20004_cV4_independent_rms_s0.npz,76017,74b6b72b19880ace7977e56933819a1da5dd16a95f822b36eb250c8a35ffa159
tcn,clean_only,43,bandpass_n20004_cV4_electrode_s20,phase2/results/predictions/full/clean_only/tcn/seed_43/bandpass_n20004_cV4_electrode_s20.npz,76396,40f2e60eebbe96b32124d3b25ff9efcf320f81a13d22b79d6e6b194b42b79891
tcn,clean_only,43,bandpass_n20004_cV4_electrode_s15,phase2/results/predictions/full/clean_only/tcn/seed_43/bandpass_n20004_cV4_electrode_s15.npz,76419,bc6b0df14ee7ac145ca59958c649fa60d7f3007259391660a31044299a98696d
tcn,clean_only,43,bandpass_n20004_cV4_electrode_s10,phase2/results/predictions/full/clean_only/tcn/seed_43/bandpass_n20004_cV4_electrode_s10.npz,76352,cdae8ac26200617a310a6a15a6fc1f6dcfa6d035250121be69ba56dff2bfbfae
tcn,clean_only,43,bandpass_n20004_cV4_electrode_s5,phase2/results/predictions/full/clean_only/tcn/seed_43/bandpass_n20004_cV4_electrode_s5.npz,76247,f5a3d981d520bb77d6182a95ea5f00790ef21e4d52852056a2f01b8b8f3190db
tcn,clean_only,43,bandpass_n20004_cV4_electrode_s0,phase2/results/predictions/full/clean_only/tcn/seed_43/bandpass_n20004_cV4_electrode_s0.npz,76012,40bda5ed3a26932c2e35e9bbc3c38148f8f5b6f643f447dbe46bb1b16bb959ba
tcn,clean_only,43,bandpass_n20004_cV4_covariance_s20,phase2/results/predictions/full/clean_only/tcn/seed_43/bandpass_n20004_cV4_covariance_s20.npz,76402,26cc64c7e0b63a4a00c512679cf2f5115eb0221097f6679b4468f37b424a38d5
tcn,clean_only,43,bandpass_n20004_cV4_covariance_s15,phase2/results/predictions/full/clean_only/tcn/seed_43/bandpass_n20004_cV4_covariance_s15.npz,76425,e6a72eee977ac7a56a71f733d86b5c2e389a42756c4a9e5e1c8989f506e20f13
tcn,clean_only,43,bandpass_n20004_cV4_covariance_s10,phase2/results/predictions/full/clean_only/tcn/seed_43/bandpass_n20004_cV4_covariance_s10.npz,76361,05dd9bc156fc45127e96785837f4538949be7cf2671b7a0cef56b3ff2be68a3c
tcn,clean_only,43,bandpass_n20004_cV4_covariance_s5,phase2/results/predictions/full/clean_only/tcn/seed_43/bandpass_n20004_cV4_covariance_s5.npz,76266,2b8c3ee31d91ae9f41acfc254a88591c888f45800859e1730699e2a7b00d355a
tcn,clean_only,43,bandpass_n20004_cV4_covariance_s0,phase2/results/predictions/full/clean_only/tcn/seed_43/bandpass_n20004_cV4_covariance_s0.npz,76025,491b8bb348b4c044a07363379050820544fcceec8b8794ca726c83d90aaf7599
tcn,clean_only,43,bandpass_n20004_cV5_independent_rms_s20,phase2/results/predictions/full/clean_only/tcn/seed_43/bandpass_n20004_cV5_independent_rms_s20.npz,76404,69a79f94e619b8ae26c42e44d0b17f69deb17b4052cfeabc233d2cbf5aa1f103
tcn,clean_only,43,bandpass_n20004_cV5_independent_rms_s15,phase2/results/predictions/full/clean_only/tcn/seed_43/bandpass_n20004_cV5_independent_rms_s15.npz,76413,fe4afab45a93a5dbd16e9708114a29a615a13789ed82ee6bab6dfd7b64fb9650
tcn,clean_only,43,bandpass_n20004_cV5_independent_rms_s10,phase2/results/predictions/full/clean_only/tcn/seed_43/bandpass_n20004_cV5_independent_rms_s10.npz,76389,2f1002e07d40accdb3d9bf098c045e5386dc7d4660df7c2506b60855bc81698d
tcn,clean_only,43,bandpass_n20004_cV5_independent_rms_s5,phase2/results/predictions/full/clean_only/tcn/seed_43/bandpass_n20004_cV5_independent_rms_s5.npz,76215,9885e85d82d09024244256c67f1cd5f65f7a4fef716b6285870a2777de5abec6
tcn,clean_only,43,bandpass_n20004_cV5_independent_rms_s0,phase2/results/predictions/full/clean_only/tcn/seed_43/bandpass_n20004_cV5_independent_rms_s0.npz,75897,959c186264b627581a857ca4cb0d3a873d48664f33c3866f025d19ebbf50dbea
tcn,clean_only,43,bandpass_n20004_cV5_electrode_s20,phase2/results/predictions/full/clean_only/tcn/seed_43/bandpass_n20004_cV5_electrode_s20.npz,76421,6ff04dbcf20b3e73a3ea42d1840bad51d661c30fa4d84f918f7b245da9957c6f
tcn,clean_only,43,bandpass_n20004_cV5_electrode_s15,phase2/results/predictions/full/clean_only/tcn/seed_43/bandpass_n20004_cV5_electrode_s15.npz,76419,82c7bd2caf6cf55d536d49b83a29ba7b3e20cd9c169963accdbc58413e657728
tcn,clean_only,43,bandpass_n20004_cV5_electrode_s10,phase2/results/predictions/full/clean_only/tcn/seed_43/bandpass_n20004_cV5_electrode_s10.npz,76356,a26c8f389496a466e8fd320d2e9a6d36ee30a8a39834c81485cb48f65d4eab71
tcn,clean_only,43,bandpass_n20004_cV5_electrode_s5,phase2/results/predictions/full/clean_only/tcn/seed_43/bandpass_n20004_cV5_electrode_s5.npz,76254,b810af31af3aee11d30bfc19c073736aed05c6502f7017a926d39417e2dbdf10
tcn,clean_only,43,bandpass_n20004_cV5_electrode_s0,phase2/results/predictions/full/clean_only/tcn/seed_43/bandpass_n20004_cV5_electrode_s0.npz,75926,c112eb7f2245893417f3d4b411f209ce8a6cab057265bed44bd673c0b26cc666
tcn,clean_only,43,bandpass_n20004_cV5_covariance_s20,phase2/results/predictions/full/clean_only/tcn/seed_43/bandpass_n20004_cV5_covariance_s20.npz,76413,8eeacebf8148beecd165945d6cc2c021c51b604437a3bfa4532bb69e81488d8e
tcn,clean_only,43,bandpass_n20004_cV5_covariance_s15,phase2/results/predictions/full/clean_only/tcn/seed_43/bandpass_n20004_cV5_covariance_s15.npz,76372,8ddef66e343690f0b8da7f8903ffa1f73a28bcbf81f60096339f550353f34f1a
tcn,clean_only,43,bandpass_n20004_cV5_covariance_s10,phase2/results/predictions/full/clean_only/tcn/seed_43/bandpass_n20004_cV5_covariance_s10.npz,76339,b4ba5f140f145248f3146a214d121912578307c5ebe7df067e7de5da0992b0c1
tcn,clean_only,43,bandpass_n20004_cV5_covariance_s5,phase2/results/predictions/full/clean_only/tcn/seed_43/bandpass_n20004_cV5_covariance_s5.npz,76212,8b0997ccb4a4a83f8783bd1f9414b08180e33f3e49036bc00cda7566486f2173
tcn,clean_only,43,bandpass_n20004_cV5_covariance_s0,phase2/results/predictions/full/clean_only/tcn/seed_43/bandpass_n20004_cV5_covariance_s0.npz,75899,ebf744fd61875c38986fc407d387448c849bf4262c80cd408761fb2a8d47619a
tcn,clean_only,43,bandpass_n20004_cV6_independent_rms_s20,phase2/results/predictions/full/clean_only/tcn/seed_43/bandpass_n20004_cV6_independent_rms_s20.npz,76428,484f878dd931d76a73d0a8d3beb8563f5724393870a18ac766a55c893fca3678
tcn,clean_only,43,bandpass_n20004_cV6_independent_rms_s15,phase2/results/predictions/full/clean_only/tcn/seed_43/bandpass_n20004_cV6_independent_rms_s15.npz,76375,54e63ea0a3255889ec217d228938bc38b29ea97256eb4162ce576524dcd60327
tcn,clean_only,43,bandpass_n20004_cV6_independent_rms_s10,phase2/results/predictions/full/clean_only/tcn/seed_43/bandpass_n20004_cV6_independent_rms_s10.npz,76360,170028386c2bb0dd77eec30902539a2aa7e4a89fc9c63e55a44da52ed9c0f7a0
tcn,clean_only,43,bandpass_n20004_cV6_independent_rms_s5,phase2/results/predictions/full/clean_only/tcn/seed_43/bandpass_n20004_cV6_independent_rms_s5.npz,76264,ca3772faacf691d1e8b93de310baec2ecd51ba0e38976e81374f50c1d398b908
tcn,clean_only,43,bandpass_n20004_cV6_independent_rms_s0,phase2/results/predictions/full/clean_only/tcn/seed_43/bandpass_n20004_cV6_independent_rms_s0.npz,75996,a29fa18975e3ccc6944ec35c1e949f2a65591548e61fc69ce2d07caf066e079d
tcn,clean_only,43,bandpass_n20004_cV6_electrode_s20,phase2/results/predictions/full/clean_only/tcn/seed_43/bandpass_n20004_cV6_electrode_s20.npz,76382,f4e39f4ecb4d56cbda0436e325dff4051a3aaa42d866c65dc76cee9012166b2d
tcn,clean_only,43,bandpass_n20004_cV6_electrode_s15,phase2/results/predictions/full/clean_only/tcn/seed_43/bandpass_n20004_cV6_electrode_s15.npz,76421,9f5e0cffaa5d385d5ec68951993b3b6ffb803d4627d5153be177de58848e3078
tcn,clean_only,43,bandpass_n20004_cV6_electrode_s10,phase2/results/predictions/full/clean_only/tcn/seed_43/bandpass_n20004_cV6_electrode_s10.npz,76311,40905a327b7e11b2d0970c6f6c36938557a410754c9592a8cd209f908b78a0dc
tcn,clean_only,43,bandpass_n20004_cV6_electrode_s5,phase2/results/predictions/full/clean_only/tcn/seed_43/bandpass_n20004_cV6_electrode_s5.npz,76230,1e3f28dd8facaf5880537b8dadbfcd8af32b98911b3e4fb864bb614d464db5a8
tcn,clean_only,43,bandpass_n20004_cV6_electrode_s0,phase2/results/predictions/full/clean_only/tcn/seed_43/bandpass_n20004_cV6_electrode_s0.npz,75995,8707dddcd91a455a7bb5ada4988e7f7a651332cd6e89858484aec15000900c49
tcn,clean_only,43,bandpass_n20004_cV6_covariance_s20,phase2/results/predictions/full/clean_only/tcn/seed_43/bandpass_n20004_cV6_covariance_s20.npz,76409,885220b1343467846aa67250bcbf613676260ad0dace567d20314e6efa9f9f50
tcn,clean_only,43,bandpass_n20004_cV6_covariance_s15,phase2/results/predictions/full/clean_only/tcn/seed_43/bandpass_n20004_cV6_covariance_s15.npz,76416,c4bb381117e7350e56097dc4ff261a838d5c19b735a3f22a82e9dee95ae64270
tcn,clean_only,43,bandpass_n20004_cV6_covariance_s10,phase2/results/predictions/full/clean_only/tcn/seed_43/bandpass_n20004_cV6_covariance_s10.npz,76351,f1847c0d803c275386d4ddbcb296f7fcaacedcdc60b3efaa21d02600e927037c
tcn,clean_only,43,bandpass_n20004_cV6_covariance_s5,phase2/results/predictions/full/clean_only/tcn/seed_43/bandpass_n20004_cV6_covariance_s5.npz,76255,d096b0818394caa5db5ee95ca549adf79100fc74f3fae84ca2d594c17409ed67
tcn,clean_only,43,bandpass_n20004_cV6_covariance_s0,phase2/results/predictions/full/clean_only/tcn/seed_43/bandpass_n20004_cV6_covariance_s0.npz,75972,7b965043393cfbe0421c45b2bb369087af0bd93292e6e3fb12f49778e638a94f
tcn,clean_only,43,bandpass_n20004_cRA_LA_independent_rms_s20,phase2/results/predictions/full/clean_only/tcn/seed_43/bandpass_n20004_cRA_LA_independent_rms_s20.npz,76430,47590f61ac7263d48c4667c7f78c8ab4d2624394e8f4b73905984dbcc5309322
tcn,clean_only,43,bandpass_n20004_cRA_LA_independent_rms_s15,phase2/results/predictions/full/clean_only/tcn/seed_43/bandpass_n20004_cRA_LA_independent_rms_s15.npz,76410,ec0970259f442280cc7dd11fab6cd946f6326fd2d16ff6f08608c7208dc329a1
tcn,clean_only,43,bandpass_n20004_cRA_LA_independent_rms_s10,phase2/results/predictions/full/clean_only/tcn/seed_43/bandpass_n20004_cRA_LA_independent_rms_s10.npz,76354,89fc6a61963e886671d695a5624cf9fc2504396c8909e31d345fa279539d8be6
tcn,clean_only,43,bandpass_n20004_cRA_LA_independent_rms_s5,phase2/results/predictions/full/clean_only/tcn/seed_43/bandpass_n20004_cRA_LA_independent_rms_s5.npz,76183,c14d07c93148f62c4156cd85d49268f31b4ad857656619c6db328bb866654bd2
tcn,clean_only,43,bandpass_n20004_cRA_LA_independent_rms_s0,phase2/results/predictions/full/clean_only/tcn/seed_43/bandpass_n20004_cRA_LA_independent_rms_s0.npz,75792,bc41b8753fba705e2908f26e8f2a57ac633f46cf0546e68fc55f62cd9d20fd9e
tcn,clean_only,43,bandpass_n20004_cRA_LA_electrode_s20,phase2/results/predictions/full/clean_only/tcn/seed_43/bandpass_n20004_cRA_LA_electrode_s20.npz,76385,1c428e8e542455f170ded9b9bf72628c22b147c850d776ad9034b8d42ed5068a
tcn,clean_only,43,bandpass_n20004_cRA_LA_electrode_s15,phase2/results/predictions/full/clean_only/tcn/seed_43/bandpass_n20004_cRA_LA_electrode_s15.npz,76372,e069537ae7b49bca8bc01b28fcd311de0359bef639c7797dcb97e5d7f103bc5a
tcn,clean_only,43,bandpass_n20004_cRA_LA_electrode_s10,phase2/results/predictions/full/clean_only/tcn/seed_43/bandpass_n20004_cRA_LA_electrode_s10.npz,76248,4a67a361c7f7da84b0deaa3492746b3c0309d427517573d3979116fe5405bdcb
tcn,clean_only,43,bandpass_n20004_cRA_LA_electrode_s5,phase2/results/predictions/full/clean_only/tcn/seed_43/bandpass_n20004_cRA_LA_electrode_s5.npz,75976,7d2877fc9532f0ae44bb70bdcd49e46ec76a66d68185d8f7ede0994fd524a8c8
tcn,clean_only,43,bandpass_n20004_cRA_LA_electrode_s0,phase2/results/predictions/full/clean_only/tcn/seed_43/bandpass_n20004_cRA_LA_electrode_s0.npz,75389,92d3c5428bbecab60ccbd189821ee26c0849cd46700789cbb8c82791eadd6467
tcn,clean_only,43,bandpass_n20004_cRA_LA_covariance_s20,phase2/results/predictions/full/clean_only/tcn/seed_43/bandpass_n20004_cRA_LA_covariance_s20.npz,76394,62f93d5b4dd6809ecb983b27e20e2a74ee44c7408a7fc1227e6630c98de76dac
tcn,clean_only,43,bandpass_n20004_cRA_LA_covariance_s15,phase2/results/predictions/full/clean_only/tcn/seed_43/bandpass_n20004_cRA_LA_covariance_s15.npz,76360,2cd825aea6a67a0d9f2d2d9d339e7850f5b71efd8e9d9d38091a3a8f461f94c2
tcn,clean_only,43,bandpass_n20004_cRA_LA_covariance_s10,phase2/results/predictions/full/clean_only/tcn/seed_43/bandpass_n20004_cRA_LA_covariance_s10.npz,76250,fa9a7edc9e7a50ccd491a3b144fb66ba05ac1cbad32eeb7952194faa53dfdb32
tcn,clean_only,43,bandpass_n20004_cRA_LA_covariance_s5,phase2/results/predictions/full/clean_only/tcn/seed_43/bandpass_n20004_cRA_LA_covariance_s5.npz,75934,563990a3c56782d4265f86ab6f13912699c2027c563d7c4cd3d27210e4ca7707
tcn,clean_only,43,bandpass_n20004_cRA_LA_covariance_s0,phase2/results/predictions/full/clean_only/tcn/seed_43/bandpass_n20004_cRA_LA_covariance_s0.npz,75364,40565193d6728cce44b2718a50afb0f35f7b25d6833421fb8545f94347d1c499
tcn,clean_only,43,bandpass_n20004_cLA_LL_independent_rms_s20,phase2/results/predictions/full/clean_only/tcn/seed_43/bandpass_n20004_cLA_LL_independent_rms_s20.npz,76448,5b32b31133b92f5709c58806467b7c64bd44034a5266cf2a76217a8ebd1f7df0
tcn,clean_only,43,bandpass_n20004_cLA_LL_independent_rms_s15,phase2/results/predictions/full/clean_only/tcn/seed_43/bandpass_n20004_cLA_LL_independent_rms_s15.npz,76433,768fa3989c59c2df877fc2d0b37ae69b8e69747062885f67c77dc8ba75e3f23f
tcn,clean_only,43,bandpass_n20004_cLA_LL_independent_rms_s10,phase2/results/predictions/full/clean_only/tcn/seed_43/bandpass_n20004_cLA_LL_independent_rms_s10.npz,76328,afc66b6c4e6526acae93ff4c23943075f5843283ae72300472901eccb93885be
tcn,clean_only,43,bandpass_n20004_cLA_LL_independent_rms_s5,phase2/results/predictions/full/clean_only/tcn/seed_43/bandpass_n20004_cLA_LL_independent_rms_s5.npz,76148,213f6dfc6e4b76612c7ac801ebfdb530cf629b404c37cc1763cbd6ff542b0947
tcn,clean_only,43,bandpass_n20004_cLA_LL_independent_rms_s0,phase2/results/predictions/full/clean_only/tcn/seed_43/bandpass_n20004_cLA_LL_independent_rms_s0.npz,75799,48b91537736cd11d93bfcb5f381dc7c689e91b6cabdcbd09566131d7d6358528
tcn,clean_only,43,bandpass_n20004_cLA_LL_electrode_s20,phase2/results/predictions/full/clean_only/tcn/seed_43/bandpass_n20004_cLA_LL_electrode_s20.npz,76395,09ec89df7e11173a166c2bb73ac1593e195fb313addbf9c5dbf49da75db9174b
tcn,clean_only,43,bandpass_n20004_cLA_LL_electrode_s15,phase2/results/predictions/full/clean_only/tcn/seed_43/bandpass_n20004_cLA_LL_electrode_s15.npz,76328,e3a47a60a891bb485b6fe4f58b5d619fd7b9605834722d09efb05ec1769d20d6
tcn,clean_only,43,bandpass_n20004_cLA_LL_electrode_s10,phase2/results/predictions/full/clean_only/tcn/seed_43/bandpass_n20004_cLA_LL_electrode_s10.npz,76280,eeeae9ca3d120880a824c601845226d9acb8a669080d7fa1c52e676c8be54352
tcn,clean_only,43,bandpass_n20004_cLA_LL_electrode_s5,phase2/results/predictions/full/clean_only/tcn/seed_43/bandpass_n20004_cLA_LL_electrode_s5.npz,76031,30b7f9dfed932f764e8eda3e8e8c150a1806b1de93d97cbf44d08fac0cbc2733
tcn,clean_only,43,bandpass_n20004_cLA_LL_electrode_s0,phase2/results/predictions/full/clean_only/tcn/seed_43/bandpass_n20004_cLA_LL_electrode_s0.npz,75576,be62e36977efcbb8e9969a5ff6781b3ba069242c50bfc9520f806d1ef9fc9043
tcn,clean_only,43,bandpass_n20004_cLA_LL_covariance_s20,phase2/results/predictions/full/clean_only/tcn/seed_43/bandpass_n20004_cLA_LL_covariance_s20.npz,76418,a9a6ba3317a8cae7543ca4810c7bb5e3619dd525e75f3f2ad7166e6faca046d9
tcn,clean_only,43,bandpass_n20004_cLA_LL_covariance_s15,phase2/results/predictions/full/clean_only/tcn/seed_43/bandpass_n20004_cLA_LL_covariance_s15.npz,76368,3653c59a5180ce36fb38f764ff0dadf07140cf3f75cb20d35e4562507edf5a98
tcn,clean_only,43,bandpass_n20004_cLA_LL_covariance_s10,phase2/results/predictions/full/clean_only/tcn/seed_43/bandpass_n20004_cLA_LL_covariance_s10.npz,76262,973ade14e9d23b47dc395514f8bba07d25290c085b2656000c50c5cccb4d689f
tcn,clean_only,43,bandpass_n20004_cLA_LL_covariance_s5,phase2/results/predictions/full/clean_only/tcn/seed_43/bandpass_n20004_cLA_LL_covariance_s5.npz,76059,f21959c4e2071e2f9e5f1ea88effc1ec2c48b57f136368687db77ccccc2fe973
tcn,clean_only,43,bandpass_n20004_cLA_LL_covariance_s0,phase2/results/predictions/full/clean_only/tcn/seed_43/bandpass_n20004_cLA_LL_covariance_s0.npz,75558,415fd7ed195c674c29e26ec6b56982b0f37dc7e076c44de5214d735fcdc4fedd
tcn,clean_only,43,bandpass_n20004_cRA_LL_independent_rms_s20,phase2/results/predictions/full/clean_only/tcn/seed_43/bandpass_n20004_cRA_LL_independent_rms_s20.npz,76439,4afa7eba4b0b6033d3d0d405f89ebfff3ca512fbf84ab8fb681ad1b87a9d47f4
tcn,clean_only,43,bandpass_n20004_cRA_LL_independent_rms_s15,phase2/results/predictions/full/clean_only/tcn/seed_43/bandpass_n20004_cRA_LL_independent_rms_s15.npz,76423,152a41745f71b483e01195159349c2cfb4cb74e16b5d0260ea46ac4b47da76b2
tcn,clean_only,43,bandpass_n20004_cRA_LL_independent_rms_s10,phase2/results/predictions/full/clean_only/tcn/seed_43/bandpass_n20004_cRA_LL_independent_rms_s10.npz,76331,b9703edf6bfba6c4f5f7cfa578afec87927dcef39dc4f7a88289bde155916eed
tcn,clean_only,43,bandpass_n20004_cRA_LL_independent_rms_s5,phase2/results/predictions/full/clean_only/tcn/seed_43/bandpass_n20004_cRA_LL_independent_rms_s5.npz,76183,695525f4031addf641ac02340d256512b5e535635c34d2737fc4e21dc02b97c0
tcn,clean_only,43,bandpass_n20004_cRA_LL_independent_rms_s0,phase2/results/predictions/full/clean_only/tcn/seed_43/bandpass_n20004_cRA_LL_independent_rms_s0.npz,75809,1444176e2f7948093da7b35de2a0020dbf285937b1fb2b03636d6e381d44eeef
tcn,clean_only,43,bandpass_n20004_cRA_LL_electrode_s20,phase2/results/predictions/full/clean_only/tcn/seed_43/bandpass_n20004_cRA_LL_electrode_s20.npz,76379,5fad21ef5e1eb4bd4b30d241b34f5d72107222c7c73e1cb01af53e342c8bbb7c
tcn,clean_only,43,bandpass_n20004_cRA_LL_electrode_s15,phase2/results/predictions/full/clean_only/tcn/seed_43/bandpass_n20004_cRA_LL_electrode_s15.npz,76319,8004ee4d7810bbe6275968bd73417153e63a0a8bd0182502f9cda220627c81e9
tcn,clean_only,43,bandpass_n20004_cRA_LL_electrode_s10,phase2/results/predictions/full/clean_only/tcn/seed_43/bandpass_n20004_cRA_LL_electrode_s10.npz,76225,597fadc41c6cf7a70989064cbd8c6d13cecb62c4654d717ddc555ce55c0240f3
tcn,clean_only,43,bandpass_n20004_cRA_LL_electrode_s5,phase2/results/predictions/full/clean_only/tcn/seed_43/bandpass_n20004_cRA_LL_electrode_s5.npz,75992,c2761c3de10ac8fba9a90c439dbcf85ff44a071e73452645aba729f513adf862
tcn,clean_only,43,bandpass_n20004_cRA_LL_electrode_s0,phase2/results/predictions/full/clean_only/tcn/seed_43/bandpass_n20004_cRA_LL_electrode_s0.npz,75413,b2e58fec4e570212c085dcc7c145c65cd508572051b1749d6b12b8f785e3705f
tcn,clean_only,43,bandpass_n20004_cRA_LL_covariance_s20,phase2/results/predictions/full/clean_only/tcn/seed_43/bandpass_n20004_cRA_LL_covariance_s20.npz,76410,9eac25c726d19daf79948f6d755addf88cef6c3632948fdcd160868e57bf3414
tcn,clean_only,43,bandpass_n20004_cRA_LL_covariance_s15,phase2/results/predictions/full/clean_only/tcn/seed_43/bandpass_n20004_cRA_LL_covariance_s15.npz,76377,cc80c62461d266f81735bfa055f3d25b80a10e5e7fd08d67e04374c8101fc191
tcn,clean_only,43,bandpass_n20004_cRA_LL_covariance_s10,phase2/results/predictions/full/clean_only/tcn/seed_43/bandpass_n20004_cRA_LL_covariance_s10.npz,76268,eccf19587eced75a3b372e8523a5df2766ba2bbf1e753b054d4d3193d3d9d850
tcn,clean_only,43,bandpass_n20004_cRA_LL_covariance_s5,phase2/results/predictions/full/clean_only/tcn/seed_43/bandpass_n20004_cRA_LL_covariance_s5.npz,75968,dda8cd64a8f3811e971e668624f8c14347706ecff2ead6eb6230dd44225acc9a
tcn,clean_only,43,bandpass_n20004_cRA_LL_covariance_s0,phase2/results/predictions/full/clean_only/tcn/seed_43/bandpass_n20004_cRA_LL_covariance_s0.npz,75469,0715d6156d7abca0a740f753c69080983464c116cb6501226d1f1f04dda41209
tcn,clean_only,43,bandpass_n20004_cRA_independent_rms_s20,phase2/results/predictions/full/clean_only/tcn/seed_43/bandpass_n20004_cRA_independent_rms_s20.npz,76412,4a4c7e12c8510a03a180bf80b7a709e901cf8bae5b562dd64e3e5b40f98bf23a
tcn,clean_only,43,bandpass_n20004_cRA_independent_rms_s15,phase2/results/predictions/full/clean_only/tcn/seed_43/bandpass_n20004_cRA_independent_rms_s15.npz,76418,7fb242ed84967ebdff80eeffb46d49bec6e37599e117ed060c32daba704c5131
tcn,clean_only,43,bandpass_n20004_cRA_independent_rms_s10,phase2/results/predictions/full/clean_only/tcn/seed_43/bandpass_n20004_cRA_independent_rms_s10.npz,76404,976e69648486f1373973cf6f1b2e2feeb066e69b6a1ffbf3740c6112b531732e
tcn,clean_only,43,bandpass_n20004_cRA_independent_rms_s5,phase2/results/predictions/full/clean_only/tcn/seed_43/bandpass_n20004_cRA_independent_rms_s5.npz,76207,a93d62b64073340fa54da7b5c344b4c72250757c271f8008d7859dc0729d719a
tcn,clean_only,43,bandpass_n20004_cRA_independent_rms_s0,phase2/results/predictions/full/clean_only/tcn/seed_43/bandpass_n20004_cRA_independent_rms_s0.npz,75847,fe0c85832962bf10d69bf1b58aaaa1930d94203c4927dd0aa1cebaeb08da7b13
tcn,clean_only,43,bandpass_n20004_cRA_electrode_s20,phase2/results/predictions/full/clean_only/tcn/seed_43/bandpass_n20004_cRA_electrode_s20.npz,76402,05cea52b8531768f5d95df37c505db0b571d055ddbdca28c9f176edf257aac9d
tcn,clean_only,43,bandpass_n20004_cRA_electrode_s15,phase2/results/predictions/full/clean_only/tcn/seed_43/bandpass_n20004_cRA_electrode_s15.npz,76328,cdda8c0c611347558eec6b9b51f2710330e62d9eface32246e62532d53f1da40
tcn,clean_only,43,bandpass_n20004_cRA_electrode_s10,phase2/results/predictions/full/clean_only/tcn/seed_43/bandpass_n20004_cRA_electrode_s10.npz,76188,09632ead1cd209bfc63e4e1a5a9965bd05aa3f65b02bd88632a43bf606918c54
tcn,clean_only,43,bandpass_n20004_cRA_electrode_s5,phase2/results/predictions/full/clean_only/tcn/seed_43/bandpass_n20004_cRA_electrode_s5.npz,75930,e1968682f22bead32213b3c4eb5dcc2c9c3c84ab013297330e8fba15f2ebdfbe
tcn,clean_only,43,bandpass_n20004_cRA_electrode_s0,phase2/results/predictions/full/clean_only/tcn/seed_43/bandpass_n20004_cRA_electrode_s0.npz,75309,7ccf42e14abd18a5e492362b75a45ac9cf51077ac5aa633306dcd9e1e35d1429
tcn,clean_only,43,bandpass_n20004_cRA_covariance_s20,phase2/results/predictions/full/clean_only/tcn/seed_43/bandpass_n20004_cRA_covariance_s20.npz,76420,090910c68491326b22accf6d789871c5c5a04ed7758d10cf0017bba5276547b6
tcn,clean_only,43,bandpass_n20004_cRA_covariance_s15,phase2/results/predictions/full/clean_only/tcn/seed_43/bandpass_n20004_cRA_covariance_s15.npz,76333,a36b8b030e10781db4471521fc6b247cd7b818fe1743cd491daef8e1a6e40bb6
tcn,clean_only,43,bandpass_n20004_cRA_covariance_s10,phase2/results/predictions/full/clean_only/tcn/seed_43/bandpass_n20004_cRA_covariance_s10.npz,76193,a2e93f982bf8ed21b04bf0178b41d9eb9545bd0805f5b42d6e6039c53bd3f439
tcn,clean_only,43,bandpass_n20004_cRA_covariance_s5,phase2/results/predictions/full/clean_only/tcn/seed_43/bandpass_n20004_cRA_covariance_s5.npz,75941,977bfd58ef211a3864c413aa45817942974bdd42347b5ece0d0e916caad5b882
tcn,clean_only,43,bandpass_n20004_cRA_covariance_s0,phase2/results/predictions/full/clean_only/tcn/seed_43/bandpass_n20004_cRA_covariance_s0.npz,75328,316a62de4037bce325fb6c448414403cb81d311325f9c90910ad792b5bb3bd76
tcn,clean_only,43,bandpass_n20004_cLA_independent_rms_s20,phase2/results/predictions/full/clean_only/tcn/seed_43/bandpass_n20004_cLA_independent_rms_s20.npz,76424,6fa64d81d903aa88a107ef92de6c8a5ba56568dd6312577f582293eb511abafd
tcn,clean_only,43,bandpass_n20004_cLA_independent_rms_s15,phase2/results/predictions/full/clean_only/tcn/seed_43/bandpass_n20004_cLA_independent_rms_s15.npz,76390,a7b8c67ddd7d587a36f4c05c2499244729da2df4aa9bcb7230624772176cee19
tcn,clean_only,43,bandpass_n20004_cLA_independent_rms_s10,phase2/results/predictions/full/clean_only/tcn/seed_43/bandpass_n20004_cLA_independent_rms_s10.npz,76364,de71c82b23d5969b83183c3ca58c49a25c09d1080a66aa2689f1787985810384
tcn,clean_only,43,bandpass_n20004_cLA_independent_rms_s5,phase2/results/predictions/full/clean_only/tcn/seed_43/bandpass_n20004_cLA_independent_rms_s5.npz,76197,0488358c6f29d0ab27b3ad5822481a9df1b912684bcfe43f72d8a56693d05062
tcn,clean_only,43,bandpass_n20004_cLA_independent_rms_s0,phase2/results/predictions/full/clean_only/tcn/seed_43/bandpass_n20004_cLA_independent_rms_s0.npz,75770,85d1d63f8dc2dc46797eed2545f1c600584288b6d83de558c0a28f19017884e3
tcn,clean_only,43,bandpass_n20004_cLA_electrode_s20,phase2/results/predictions/full/clean_only/tcn/seed_43/bandpass_n20004_cLA_electrode_s20.npz,76384,62e206630aa4e879f1b0f72aeaec91803dbe50bad50482a2f3babe0b7fc249f5
tcn,clean_only,43,bandpass_n20004_cLA_electrode_s15,phase2/results/predictions/full/clean_only/tcn/seed_43/bandpass_n20004_cLA_electrode_s15.npz,76375,9f56990e8a0fc5f5c1852964c77f60d521fef1ee8595f38279548a3103571f69
tcn,clean_only,43,bandpass_n20004_cLA_electrode_s10,phase2/results/predictions/full/clean_only/tcn/seed_43/bandpass_n20004_cLA_electrode_s10.npz,76274,1a04aa5cf5fe1bc2cd56dfcbbd09de5693edd0a6e2cabeb46a549efbd2ad021b
tcn,clean_only,43,bandpass_n20004_cLA_electrode_s5,phase2/results/predictions/full/clean_only/tcn/seed_43/bandpass_n20004_cLA_electrode_s5.npz,76066,288abf46887d85df7e8dc767b9cf18c5bccaaeabf53332e3f561e1800bddf350
tcn,clean_only,43,bandpass_n20004_cLA_electrode_s0,phase2/results/predictions/full/clean_only/tcn/seed_43/bandpass_n20004_cLA_electrode_s0.npz,75573,f32c371cfd1b14c657d62e9fa5ab5331b68854527296bb4f390a045076a8211c
tcn,clean_only,43,bandpass_n20004_cLA_covariance_s20,phase2/results/predictions/full/clean_only/tcn/seed_43/bandpass_n20004_cLA_covariance_s20.npz,76405,53a3249b12754847cbb45b4cbc649eb6c6682b32bdec430fe9bd8d6e3160b55a
tcn,clean_only,43,bandpass_n20004_cLA_covariance_s15,phase2/results/predictions/full/clean_only/tcn/seed_43/bandpass_n20004_cLA_covariance_s15.npz,76362,a34f2e54318551435cdfcd0075b38421d289c3969913e61344d5d63b74d322f6
tcn,clean_only,43,bandpass_n20004_cLA_covariance_s10,phase2/results/predictions/full/clean_only/tcn/seed_43/bandpass_n20004_cLA_covariance_s10.npz,76279,00eb450c2025188ebe918483a3a6c4010a676d5ef43ac882db90008c04282d38
tcn,clean_only,43,bandpass_n20004_cLA_covariance_s5,phase2/results/predictions/full/clean_only/tcn/seed_43/bandpass_n20004_cLA_covariance_s5.npz,76037,e56e5468897f52567be2dcda8ea93894d92e3bead107a1216767cd359e5bb743
tcn,clean_only,43,bandpass_n20004_cLA_covariance_s0,phase2/results/predictions/full/clean_only/tcn/seed_43/bandpass_n20004_cLA_covariance_s0.npz,75548,47bfc37409b5eea36348214df4d146c799f01151b830828a42494fe1c20a3554
tcn,clean_only,43,bandpass_n20004_cLL_independent_rms_s20,phase2/results/predictions/full/clean_only/tcn/seed_43/bandpass_n20004_cLL_independent_rms_s20.npz,76397,9e0222e9804f0441c01bf6c6b772d75b1b6fcd7ad786c151425d8133edd8c2a6
tcn,clean_only,43,bandpass_n20004_cLL_independent_rms_s15,phase2/results/predictions/full/clean_only/tcn/seed_43/bandpass_n20004_cLL_independent_rms_s15.npz,76422,e3b0c5b926cdff5cd0c9cd89851108f129b3709da884d0ad23247abab67cbfaf
tcn,clean_only,43,bandpass_n20004_cLL_independent_rms_s10,phase2/results/predictions/full/clean_only/tcn/seed_43/bandpass_n20004_cLL_independent_rms_s10.npz,76357,0f7fe805ac82a2e7b5f74f32adcbda005708b8418f8bac12fd3e453077299f7a
tcn,clean_only,43,bandpass_n20004_cLL_independent_rms_s5,phase2/results/predictions/full/clean_only/tcn/seed_43/bandpass_n20004_cLL_independent_rms_s5.npz,76197,3e942c35e55ee62a9755ebeab7c329ffecf1c8bf7bec7992c78a03605a32ab3f
tcn,clean_only,43,bandpass_n20004_cLL_independent_rms_s0,phase2/results/predictions/full/clean_only/tcn/seed_43/bandpass_n20004_cLL_independent_rms_s0.npz,75822,be643ec1397a99886eba5d3fa4ef6db6b2de708de5deeaa75b6e5613db7a3492
tcn,clean_only,43,bandpass_n20004_cLL_electrode_s20,phase2/results/predictions/full/clean_only/tcn/seed_43/bandpass_n20004_cLL_electrode_s20.npz,76413,59694a2a22bee5a4b2e226c3a4d1c7d4e5c1336dc0aa05715da2397a276ef883
tcn,clean_only,43,bandpass_n20004_cLL_electrode_s15,phase2/results/predictions/full/clean_only/tcn/seed_43/bandpass_n20004_cLL_electrode_s15.npz,76361,14beb00e611cd00950518f1b68c901346fcb83822652bca64698bbd8f9673d63
tcn,clean_only,43,bandpass_n20004_cLL_electrode_s10,phase2/results/predictions/full/clean_only/tcn/seed_43/bandpass_n20004_cLL_electrode_s10.npz,76265,6cab2958610d719dc6f4a61353a698fdf7e0bd1213d0d49f73b0b18d86f24d58
tcn,clean_only,43,bandpass_n20004_cLL_electrode_s5,phase2/results/predictions/full/clean_only/tcn/seed_43/bandpass_n20004_cLL_electrode_s5.npz,76055,451cb24db861be5a1c02e8bf1a5c0d2c4b6649614e68a924e428db67e05ffe18
tcn,clean_only,43,bandpass_n20004_cLL_electrode_s0,phase2/results/predictions/full/clean_only/tcn/seed_43/bandpass_n20004_cLL_electrode_s0.npz,75720,cb5df5583605107c21ad35a36f616a264f9cb6447b7978d3a4596a74027b44c8
tcn,clean_only,43,bandpass_n20004_cLL_covariance_s20,phase2/results/predictions/full/clean_only/tcn/seed_43/bandpass_n20004_cLL_covariance_s20.npz,76403,f5fc40ec524db1f55aeede006754172d7c8302c8ebe927a0a11e86b25ea81087
tcn,clean_only,43,bandpass_n20004_cLL_covariance_s15,phase2/results/predictions/full/clean_only/tcn/seed_43/bandpass_n20004_cLL_covariance_s15.npz,76359,f51ca57411cc60c3e8ae4d337bf8a6b8e79d38a6aca4945b74baea11a41280c6
tcn,clean_only,43,bandpass_n20004_cLL_covariance_s10,phase2/results/predictions/full/clean_only/tcn/seed_43/bandpass_n20004_cLL_covariance_s10.npz,76262,97d019e92eaafa82c93216bbb16774c4f2734311408042ba161e34bbd9c210fa
tcn,clean_only,43,bandpass_n20004_cLL_covariance_s5,phase2/results/predictions/full/clean_only/tcn/seed_43/bandpass_n20004_cLL_covariance_s5.npz,76073,5ddd8f2380837c6249c46cfde4ffbd307b8f2b9773866e01be6b0ee3fa48e7fa
tcn,clean_only,43,bandpass_n20004_cLL_covariance_s0,phase2/results/predictions/full/clean_only/tcn/seed_43/bandpass_n20004_cLL_covariance_s0.npz,75737,5b568c5a1a0487dd9e11ef17b9c45f9e24d57bb5a74267829d0e852b7c63a318
tcn,clean_only,43,bandpass_n20004_cRA_V1_independent_rms_s20,phase2/results/predictions/full/clean_only/tcn/seed_43/bandpass_n20004_cRA_V1_independent_rms_s20.npz,76427,45725a6645ca69fab44666bced9d610357680d42c7d1e054813eb6fe5207185f
tcn,clean_only,43,bandpass_n20004_cRA_V1_independent_rms_s15,phase2/results/predictions/full/clean_only/tcn/seed_43/bandpass_n20004_cRA_V1_independent_rms_s15.npz,76411,0e237431a228ffb6930992cc52fb3351c460285a95bbbcedc9f9028f6daa2c58
tcn,clean_only,43,bandpass_n20004_cRA_V1_independent_rms_s10,phase2/results/predictions/full/clean_only/tcn/seed_43/bandpass_n20004_cRA_V1_independent_rms_s10.npz,76386,6a7d20768ca0482cfb39b0f684751219b243eaed287fdae39c1d89f69672e5d7
tcn,clean_only,43,bandpass_n20004_cRA_V1_independent_rms_s5,phase2/results/predictions/full/clean_only/tcn/seed_43/bandpass_n20004_cRA_V1_independent_rms_s5.npz,76205,12368ad34ab7b685d9ad8138eef20a8a830f6743c93c9b36a001194b1e8ae6dd
tcn,clean_only,43,bandpass_n20004_cRA_V1_independent_rms_s0,phase2/results/predictions/full/clean_only/tcn/seed_43/bandpass_n20004_cRA_V1_independent_rms_s0.npz,75834,65f3618eb031c7ff29a274e201202dd353dc8bc63b8350307c5b43cdcf514721
tcn,clean_only,43,bandpass_n20004_cRA_V1_electrode_s20,phase2/results/predictions/full/clean_only/tcn/seed_43/bandpass_n20004_cRA_V1_electrode_s20.npz,76381,9a2abf62f922e218e3f7fffe7848c221a1ea8043d4cecc726cc30a8b3d7a6bec
tcn,clean_only,43,bandpass_n20004_cRA_V1_electrode_s15,phase2/results/predictions/full/clean_only/tcn/seed_43/bandpass_n20004_cRA_V1_electrode_s15.npz,76378,293a59a84abf6326f742a671e1c326efbfda8df160bb35ec55a6352dacee2743
tcn,clean_only,43,bandpass_n20004_cRA_V1_electrode_s10,phase2/results/predictions/full/clean_only/tcn/seed_43/bandpass_n20004_cRA_V1_electrode_s10.npz,76232,b4459ea32ff7c6013fc0f3e043307ed8162a376c39ef1f4331231701e6e42343
tcn,clean_only,43,bandpass_n20004_cRA_V1_electrode_s5,phase2/results/predictions/full/clean_only/tcn/seed_43/bandpass_n20004_cRA_V1_electrode_s5.npz,76005,3ded89d8d19c05ce2b8bce400cfaaee3fcb048defdb92083fb084edd3efb7627
tcn,clean_only,43,bandpass_n20004_cRA_V1_electrode_s0,phase2/results/predictions/full/clean_only/tcn/seed_43/bandpass_n20004_cRA_V1_electrode_s0.npz,75384,c4122367b04f3ed4deae921aa99220c8948f10977f6992cd0ed40e730c185cbc
tcn,clean_only,43,bandpass_n20004_cRA_V1_covariance_s20,phase2/results/predictions/full/clean_only/tcn/seed_43/bandpass_n20004_cRA_V1_covariance_s20.npz,76415,f8a6df93a4a79b21d1a2b2ebc401bda84fbd04e5e51091caca57078657acb710
tcn,clean_only,43,bandpass_n20004_cRA_V1_covariance_s15,phase2/results/predictions/full/clean_only/tcn/seed_43/bandpass_n20004_cRA_V1_covariance_s15.npz,76337,53a2c33413e839a698da8466f5e7a3e0e7fba020a9b3544a6057e69cdecb9874
tcn,clean_only,43,bandpass_n20004_cRA_V1_covariance_s10,phase2/results/predictions/full/clean_only/tcn/seed_43/bandpass_n20004_cRA_V1_covariance_s10.npz,76250,66c473ed1a4f9cd6f8b7d048ccea04454480a8358e2001e648d053c84f3ea53a
tcn,clean_only,43,bandpass_n20004_cRA_V1_covariance_s5,phase2/results/predictions/full/clean_only/tcn/seed_43/bandpass_n20004_cRA_V1_covariance_s5.npz,76001,571533ab803b8a4cb3316ec0baa75b1ef1ba5af351e71c07312092295864a74b
tcn,clean_only,43,bandpass_n20004_cRA_V1_covariance_s0,phase2/results/predictions/full/clean_only/tcn/seed_43/bandpass_n20004_cRA_V1_covariance_s0.npz,75395,b2be83611c0f95e3f2bf6d40c89ec88b5f2548b5df809c6a61aa875bbfa1fcee
tcn,clean_only,43,bandpass_n20004_cLA_V6_independent_rms_s20,phase2/results/predictions/full/clean_only/tcn/seed_43/bandpass_n20004_cLA_V6_independent_rms_s20.npz,76449,c8c9380b9f513c101fb1b1e9cc1cdcb279877df2c7ab7ece915658055dc00bab
tcn,clean_only,43,bandpass_n20004_cLA_V6_independent_rms_s15,phase2/results/predictions/full/clean_only/tcn/seed_43/bandpass_n20004_cLA_V6_independent_rms_s15.npz,76437,cf480b0d974be934c257f540a4ce226ee1225f9be09fbbee6afc61893ec06948
tcn,clean_only,43,bandpass_n20004_cLA_V6_independent_rms_s10,phase2/results/predictions/full/clean_only/tcn/seed_43/bandpass_n20004_cLA_V6_independent_rms_s10.npz,76371,63399ba797a890ca7e6b449006c411b2de94a1f06e1b26731d6f347b61db3cb0
tcn,clean_only,43,bandpass_n20004_cLA_V6_independent_rms_s5,phase2/results/predictions/full/clean_only/tcn/seed_43/bandpass_n20004_cLA_V6_independent_rms_s5.npz,76200,12bdcb57b1d78a1f009b15d97ff8ca0767e54175374f6e1d67e9858dfcfd2073
tcn,clean_only,43,bandpass_n20004_cLA_V6_independent_rms_s0,phase2/results/predictions/full/clean_only/tcn/seed_43/bandpass_n20004_cLA_V6_independent_rms_s0.npz,75826,b0f028727178ed018f5f10e2da48e8887fe836fa4935197313d013fc3d6d334b
tcn,clean_only,43,bandpass_n20004_cLA_V6_electrode_s20,phase2/results/predictions/full/clean_only/tcn/seed_43/bandpass_n20004_cLA_V6_electrode_s20.npz,76411,f299782a7b9ea5fd6ba5846361aa2e1957af8309e87dd4212d5de7fa6ecbd5f3
tcn,clean_only,43,bandpass_n20004_cLA_V6_electrode_s15,phase2/results/predictions/full/clean_only/tcn/seed_43/bandpass_n20004_cLA_V6_electrode_s15.npz,76409,12a6231b10ca030aaedff641f9aacb501f305a4fc8263d2bc39ef813a3fb1f2d
tcn,clean_only,43,bandpass_n20004_cLA_V6_electrode_s10,phase2/results/predictions/full/clean_only/tcn/seed_43/bandpass_n20004_cLA_V6_electrode_s10.npz,76331,25aa8e487c3e56ee1bda8413df8485384067beec45b424291a2546317980301e
tcn,clean_only,43,bandpass_n20004_cLA_V6_electrode_s5,phase2/results/predictions/full/clean_only/tcn/seed_43/bandpass_n20004_cLA_V6_electrode_s5.npz,76101,3d12ddc9eb8d971e8ba841b6e935dc5468787b237de35367c424206ee3a3a989
tcn,clean_only,43,bandpass_n20004_cLA_V6_electrode_s0,phase2/results/predictions/full/clean_only/tcn/seed_43/bandpass_n20004_cLA_V6_electrode_s0.npz,75569,cc6dd5748e2072d814ae7f3c677d271ee852e3ad380e672a0f4dbfaed70e22f4
tcn,clean_only,43,bandpass_n20004_cLA_V6_covariance_s20,phase2/results/predictions/full/clean_only/tcn/seed_43/bandpass_n20004_cLA_V6_covariance_s20.npz,76432,0cb80f0911891831ba7f83c14693eb288ff8455d77230bd9774973c4889d2485
tcn,clean_only,43,bandpass_n20004_cLA_V6_covariance_s15,phase2/results/predictions/full/clean_only/tcn/seed_43/bandpass_n20004_cLA_V6_covariance_s15.npz,76383,41b5cabc5c5f42132160148fa77e2f756bc86dae8aaef4de6d437eb180d7fd1b
tcn,clean_only,43,bandpass_n20004_cLA_V6_covariance_s10,phase2/results/predictions/full/clean_only/tcn/seed_43/bandpass_n20004_cLA_V6_covariance_s10.npz,76307,0b7e09e35c6046e4b4c3f6f2ca07ba4d3ccb4b16d334553b5c75e2b56105b031
tcn,clean_only,43,bandpass_n20004_cLA_V6_covariance_s5,phase2/results/predictions/full/clean_only/tcn/seed_43/bandpass_n20004_cLA_V6_covariance_s5.npz,76101,8ddbc9b1982811b7898ceb1c073dea6fb3ed06b7b1cff371c76258bb3fcfca9d
tcn,clean_only,43,bandpass_n20004_cLA_V6_covariance_s0,phase2/results/predictions/full/clean_only/tcn/seed_43/bandpass_n20004_cLA_V6_covariance_s0.npz,75569,2e963421059e2d7ab066d0e788feee94c0077031bcb8e5ab01173f00171acace
tcn,clean_only,43,bandpass_n20004_cLL_V4_independent_rms_s20,phase2/results/predictions/full/clean_only/tcn/seed_43/bandpass_n20004_cLL_V4_independent_rms_s20.npz,76434,40842036747d53c47cb619dc5895c7e0af86b2efcd80e12665c42147e8d4a6eb
tcn,clean_only,43,bandpass_n20004_cLL_V4_independent_rms_s15,phase2/results/predictions/full/clean_only/tcn/seed_43/bandpass_n20004_cLL_V4_independent_rms_s15.npz,76402,b1f486ca813de114b492c563f9bc161adec42195ad386f1a5af2f1001af7fbbe
tcn,clean_only,43,bandpass_n20004_cLL_V4_independent_rms_s10,phase2/results/predictions/full/clean_only/tcn/seed_43/bandpass_n20004_cLL_V4_independent_rms_s10.npz,76333,466a1addc6a7ea735fee858f78aca5a0980bc3cfc31509fb5665bbbd2b7e2f6c
tcn,clean_only,43,bandpass_n20004_cLL_V4_independent_rms_s5,phase2/results/predictions/full/clean_only/tcn/seed_43/bandpass_n20004_cLL_V4_independent_rms_s5.npz,76231,8df0232da019e5c13fd69876b5f17e606f81723b9e50d561a70df3a9cc722071
tcn,clean_only,43,bandpass_n20004_cLL_V4_independent_rms_s0,phase2/results/predictions/full/clean_only/tcn/seed_43/bandpass_n20004_cLL_V4_independent_rms_s0.npz,75874,9f5d77b56d1e0d66c366880c7c8dacd66958b44294c59672b83a3b08c456a433
tcn,clean_only,43,bandpass_n20004_cLL_V4_electrode_s20,phase2/results/predictions/full/clean_only/tcn/seed_43/bandpass_n20004_cLL_V4_electrode_s20.npz,76419,3793168ca76282448704869d49fcd488450a07be2948f559c931e1ef703800f6
tcn,clean_only,43,bandpass_n20004_cLL_V4_electrode_s15,phase2/results/predictions/full/clean_only/tcn/seed_43/bandpass_n20004_cLL_V4_electrode_s15.npz,76399,b89f72baa7ebfea62a2ad99e61a053370eae1cafd894547ec09deef3aa4abf42
tcn,clean_only,43,bandpass_n20004_cLL_V4_electrode_s10,phase2/results/predictions/full/clean_only/tcn/seed_43/bandpass_n20004_cLL_V4_electrode_s10.npz,76284,a72de5f06c890f1487793173b4162cd021941988055baec1588fb45878ea0f71
tcn,clean_only,43,bandpass_n20004_cLL_V4_electrode_s5,phase2/results/predictions/full/clean_only/tcn/seed_43/bandpass_n20004_cLL_V4_electrode_s5.npz,76104,588a0b959dde8063afbe4d3bef2a9231d4b83ae5758f97c66f4da3cdc3dcf7c1
tcn,clean_only,43,bandpass_n20004_cLL_V4_electrode_s0,phase2/results/predictions/full/clean_only/tcn/seed_43/bandpass_n20004_cLL_V4_electrode_s0.npz,75734,d0b3002b2125436a9e0616a5d336c5aea3f3a4d24bcac6c8bf883a253c1e4dc3
tcn,clean_only,43,bandpass_n20004_cLL_V4_covariance_s20,phase2/results/predictions/full/clean_only/tcn/seed_43/bandpass_n20004_cLL_V4_covariance_s20.npz,76444,cfafdcfc99b986ad077f8d6a08ebc792070a9be62be27292377c45bff4861335
tcn,clean_only,43,bandpass_n20004_cLL_V4_covariance_s15,phase2/results/predictions/full/clean_only/tcn/seed_43/bandpass_n20004_cLL_V4_covariance_s15.npz,76395,87977dbd417b2a43c8096c0e0a73bd0986c90948a27cbc2719bc328c8aa448a7
tcn,clean_only,43,bandpass_n20004_cLL_V4_covariance_s10,phase2/results/predictions/full/clean_only/tcn/seed_43/bandpass_n20004_cLL_V4_covariance_s10.npz,76285,9aaae411bfddb1bd12e2aac48a239819701f4391146116dea373b273c0f038f3
tcn,clean_only,43,bandpass_n20004_cLL_V4_covariance_s5,phase2/results/predictions/full/clean_only/tcn/seed_43/bandpass_n20004_cLL_V4_covariance_s5.npz,76129,579c2081ed48f1f8c4f377134bc70a350c6c0007bcc8eb2629eb36fa096af1b3
tcn,clean_only,43,bandpass_n20004_cLL_V4_covariance_s0,phase2/results/predictions/full/clean_only/tcn/seed_43/bandpass_n20004_cLL_V4_covariance_s0.npz,75698,31974197a39932798bc50391170b721030feac571fca1b7517f65a4949d1ef06
tcn,clean_only,43,bandpass_n20004_cRA_LA_V1_V6_independent_rms_s20,phase2/results/predictions/full/clean_only/tcn/seed_43/bandpass_n20004_cRA_LA_V1_V6_independent_rms_s20.npz,76454,015f67135800130d4551e5dbad7097d9a3b1ab8cec9fc28a045522b1dc016fd2
tcn,clean_only,43,bandpass_n20004_cRA_LA_V1_V6_independent_rms_s15,phase2/results/predictions/full/clean_only/tcn/seed_43/bandpass_n20004_cRA_LA_V1_V6_independent_rms_s15.npz,76435,af6e7ccc9fff3583d155735220ba844ed5c8b837e4e86add435c3f396cc62b57
tcn,clean_only,43,bandpass_n20004_cRA_LA_V1_V6_independent_rms_s10,phase2/results/predictions/full/clean_only/tcn/seed_43/bandpass_n20004_cRA_LA_V1_V6_independent_rms_s10.npz,76366,b4a93570beefc5a621a95c9b18eb39ca5b50e775b8986f9a8eda3a4a0378e8cb
tcn,clean_only,43,bandpass_n20004_cRA_LA_V1_V6_independent_rms_s5,phase2/results/predictions/full/clean_only/tcn/seed_43/bandpass_n20004_cRA_LA_V1_V6_independent_rms_s5.npz,76215,d35fd38755bdd81c4c66e1b4716041bd7becd68077dc80e3d728a73b18866da5
tcn,clean_only,43,bandpass_n20004_cRA_LA_V1_V6_independent_rms_s0,phase2/results/predictions/full/clean_only/tcn/seed_43/bandpass_n20004_cRA_LA_V1_V6_independent_rms_s0.npz,75841,ae87afd4a5d6c9f10ee9953eb62a2921792f88f58f00dfae88acdca4b037a7c1
tcn,clean_only,43,bandpass_n20004_cRA_LA_V1_V6_electrode_s20,phase2/results/predictions/full/clean_only/tcn/seed_43/bandpass_n20004_cRA_LA_V1_V6_electrode_s20.npz,76435,5352c153973fc8cdb33669e4973a1c9f12e9e28183604712872d8840f877566e
tcn,clean_only,43,bandpass_n20004_cRA_LA_V1_V6_electrode_s15,phase2/results/predictions/full/clean_only/tcn/seed_43/bandpass_n20004_cRA_LA_V1_V6_electrode_s15.npz,76403,ec7ea36fec1c9395e7d576246a6e4e2cc5a2943851df3588f7cbbc08c236dd86
tcn,clean_only,43,bandpass_n20004_cRA_LA_V1_V6_electrode_s10,phase2/results/predictions/full/clean_only/tcn/seed_43/bandpass_n20004_cRA_LA_V1_V6_electrode_s10.npz,76288,9a89825226d95774f96618acab8eada362f2d73ad5b2b106f456ffbec9493e10
tcn,clean_only,43,bandpass_n20004_cRA_LA_V1_V6_electrode_s5,phase2/results/predictions/full/clean_only/tcn/seed_43/bandpass_n20004_cRA_LA_V1_V6_electrode_s5.npz,76054,af5d54cebddb7ab00d88fdcb4700b6172834355241c09732ced80625b9ca22a2
tcn,clean_only,43,bandpass_n20004_cRA_LA_V1_V6_electrode_s0,phase2/results/predictions/full/clean_only/tcn/seed_43/bandpass_n20004_cRA_LA_V1_V6_electrode_s0.npz,75418,9c511e293763855fe9ff42b162bb2d1e29e4e3f2cbde787443ecbc1bcda64385
tcn,clean_only,43,bandpass_n20004_cRA_LA_V1_V6_covariance_s20,phase2/results/predictions/full/clean_only/tcn/seed_43/bandpass_n20004_cRA_LA_V1_V6_covariance_s20.npz,76458,36ddbc8528994739934e50942553fd829c2254dd16cc6d83296f1b2f6b2b3ae5
tcn,clean_only,43,bandpass_n20004_cRA_LA_V1_V6_covariance_s15,phase2/results/predictions/full/clean_only/tcn/seed_43/bandpass_n20004_cRA_LA_V1_V6_covariance_s15.npz,76400,a345730311d317729be423ec388ac2b6c0dc1a0c968b36cb787b26061dc75294
tcn,clean_only,43,bandpass_n20004_cRA_LA_V1_V6_covariance_s10,phase2/results/predictions/full/clean_only/tcn/seed_43/bandpass_n20004_cRA_LA_V1_V6_covariance_s10.npz,76310,0796a0f25f03e1bd961057ff2c3f0baf8647c217fc0455cf85f4bab6ebc01026
tcn,clean_only,43,bandpass_n20004_cRA_LA_V1_V6_covariance_s5,phase2/results/predictions/full/clean_only/tcn/seed_43/bandpass_n20004_cRA_LA_V1_V6_covariance_s5.npz,76075,b0491e990974d7aacfe0f24821798c77260a501b8f77d0163fc9cabc77a63fc8
tcn,clean_only,43,bandpass_n20004_cRA_LA_V1_V6_covariance_s0,phase2/results/predictions/full/clean_only/tcn/seed_43/bandpass_n20004_cRA_LA_V1_V6_covariance_s0.npz,75429,f0c434623bb929cedf29dc85f95a3a53e13e914370f3af2ef42115099a67ac27
tcn,clean_only,43,bandpass_n20004_cRA_V2_V5_independent_rms_s20,phase2/results/predictions/full/clean_only/tcn/seed_43/bandpass_n20004_cRA_V2_V5_independent_rms_s20.npz,76418,66c0c05580ecb6e06f09f556526500ec18313e8dfa943ff9d85d5c6069e0a451
tcn,clean_only,43,bandpass_n20004_cRA_V2_V5_independent_rms_s15,phase2/results/predictions/full/clean_only/tcn/seed_43/bandpass_n20004_cRA_V2_V5_independent_rms_s15.npz,76428,14310a0530c512e55b39d4f6aa875b19a3b7be375beb8e1671f6a496e19bf18b
tcn,clean_only,43,bandpass_n20004_cRA_V2_V5_independent_rms_s10,phase2/results/predictions/full/clean_only/tcn/seed_43/bandpass_n20004_cRA_V2_V5_independent_rms_s10.npz,76368,cd3855015d0e4d9315f390c24d87b73c4de6e67920e21514d25e9be3c0f973de
tcn,clean_only,43,bandpass_n20004_cRA_V2_V5_independent_rms_s5,phase2/results/predictions/full/clean_only/tcn/seed_43/bandpass_n20004_cRA_V2_V5_independent_rms_s5.npz,76244,d9e76154e0f9b3d9bac6a6b3f93084e47585c61a928bbe8f9a4b003c71289ec2
tcn,clean_only,43,bandpass_n20004_cRA_V2_V5_independent_rms_s0,phase2/results/predictions/full/clean_only/tcn/seed_43/bandpass_n20004_cRA_V2_V5_independent_rms_s0.npz,75887,cfb9158850d0af1097210c5afc3187aa73a0f5cac881ef8d3795f168eef1a712
tcn,clean_only,43,bandpass_n20004_cRA_V2_V5_electrode_s20,phase2/results/predictions/full/clean_only/tcn/seed_43/bandpass_n20004_cRA_V2_V5_electrode_s20.npz,76415,5ac17cc96734a02e0f64d62a8768b98b035f9e258e5ae4905d738a77aeb0ff0b
tcn,clean_only,43,bandpass_n20004_cRA_V2_V5_electrode_s15,phase2/results/predictions/full/clean_only/tcn/seed_43/bandpass_n20004_cRA_V2_V5_electrode_s15.npz,76401,d374d1597f96e2bf5984fb3ab6e7bf36f02dd9e76362c0065e64c0e59d8d15b4
tcn,clean_only,43,bandpass_n20004_cRA_V2_V5_electrode_s10,phase2/results/predictions/full/clean_only/tcn/seed_43/bandpass_n20004_cRA_V2_V5_electrode_s10.npz,76262,502f12eee560ac1b839e67b536d5ad44435480222139eb5af81c98781327b447
tcn,clean_only,43,bandpass_n20004_cRA_V2_V5_electrode_s5,phase2/results/predictions/full/clean_only/tcn/seed_43/bandpass_n20004_cRA_V2_V5_electrode_s5.npz,76057,82abb36168154c74f43c01c842486ca2d5169c7d1e473bb863cc0c528c1e986a
tcn,clean_only,43,bandpass_n20004_cRA_V2_V5_electrode_s0,phase2/results/predictions/full/clean_only/tcn/seed_43/bandpass_n20004_cRA_V2_V5_electrode_s0.npz,75437,2ec8ec75b160ebb72c95168bf2d5f95c512bcd1b93f3b947a73d9d9252220ade
tcn,clean_only,43,bandpass_n20004_cRA_V2_V5_covariance_s20,phase2/results/predictions/full/clean_only/tcn/seed_43/bandpass_n20004_cRA_V2_V5_covariance_s20.npz,76435,f2738c853c57d6e364168f802766e47cab9131c90c5288ee4ce3f141e55e86be
tcn,clean_only,43,bandpass_n20004_cRA_V2_V5_covariance_s15,phase2/results/predictions/full/clean_only/tcn/seed_43/bandpass_n20004_cRA_V2_V5_covariance_s15.npz,76406,d2526960a6c1a823e76ef1739678bd225e66ddb6e748d95a1bb7dedbd6d5b83c
tcn,clean_only,43,bandpass_n20004_cRA_V2_V5_covariance_s10,phase2/results/predictions/full/clean_only/tcn/seed_43/bandpass_n20004_cRA_V2_V5_covariance_s10.npz,76278,c7eb746334625c935ef38226195640c9bd73e21fe5ce7b4e72f9fe1d98be9b35
tcn,clean_only,43,bandpass_n20004_cRA_V2_V5_covariance_s5,phase2/results/predictions/full/clean_only/tcn/seed_43/bandpass_n20004_cRA_V2_V5_covariance_s5.npz,76050,07cd1c047d6820156da34642f3451625df25e196f4fe961dbbbe1302d008491e
tcn,clean_only,43,bandpass_n20004_cRA_V2_V5_covariance_s0,phase2/results/predictions/full/clean_only/tcn/seed_43/bandpass_n20004_cRA_V2_V5_covariance_s0.npz,75425,74331156fba31a646d356b7af7c8078f4840a47da27383a3159cd97f81aecd98
tcn,clean_only,43,bandpass_n20004_cLA_V3_V6_independent_rms_s20,phase2/results/predictions/full/clean_only/tcn/seed_43/bandpass_n20004_cLA_V3_V6_independent_rms_s20.npz,76447,00e123ce16b1c8eb93be9cf9e5416e4497c3902ca6e5909946b597ad457a3825
tcn,clean_only,43,bandpass_n20004_cLA_V3_V6_independent_rms_s15,phase2/results/predictions/full/clean_only/tcn/seed_43/bandpass_n20004_cLA_V3_V6_independent_rms_s15.npz,76408,c9f5e28427ccd2485143b8c50459b54abbc7de1603c32c2ec27f0fe450216379
tcn,clean_only,43,bandpass_n20004_cLA_V3_V6_independent_rms_s10,phase2/results/predictions/full/clean_only/tcn/seed_43/bandpass_n20004_cLA_V3_V6_independent_rms_s10.npz,76391,ecd24d6dc2512feeca7df0d11d34c4ccf7bc9087b9b76e55549214c11f39c788
tcn,clean_only,43,bandpass_n20004_cLA_V3_V6_independent_rms_s5,phase2/results/predictions/full/clean_only/tcn/seed_43/bandpass_n20004_cLA_V3_V6_independent_rms_s5.npz,76225,91ca3d99a8bc8d46383da236b088a7b5f72ba90f25838d0a5cc0efa432aeab07
tcn,clean_only,43,bandpass_n20004_cLA_V3_V6_independent_rms_s0,phase2/results/predictions/full/clean_only/tcn/seed_43/bandpass_n20004_cLA_V3_V6_independent_rms_s0.npz,75884,ee64b831f787e387eef53b3cedfc0731075dfbb368b7d411f0478be6183f1b0d
tcn,clean_only,43,bandpass_n20004_cLA_V3_V6_electrode_s20,phase2/results/predictions/full/clean_only/tcn/seed_43/bandpass_n20004_cLA_V3_V6_electrode_s20.npz,76426,236cccee72de21b3f929aecb5e7af8b269c68d34886a82daab3e53146b67f811
tcn,clean_only,43,bandpass_n20004_cLA_V3_V6_electrode_s15,phase2/results/predictions/full/clean_only/tcn/seed_43/bandpass_n20004_cLA_V3_V6_electrode_s15.npz,76429,725d506c736b4e415590728e782bddacd623e2451a927eccc4ff008849d2e374
tcn,clean_only,43,bandpass_n20004_cLA_V3_V6_electrode_s10,phase2/results/predictions/full/clean_only/tcn/seed_43/bandpass_n20004_cLA_V3_V6_electrode_s10.npz,76356,e6c470f8083739759924ac45a0b4ec9a6ef85851c3131f369e40533676dcee3a
tcn,clean_only,43,bandpass_n20004_cLA_V3_V6_electrode_s5,phase2/results/predictions/full/clean_only/tcn/seed_43/bandpass_n20004_cLA_V3_V6_electrode_s5.npz,76171,13704d79079597427d6130e6989544dfbbc051ab31fcea7ecb056435efcd97c2
tcn,clean_only,43,bandpass_n20004_cLA_V3_V6_electrode_s0,phase2/results/predictions/full/clean_only/tcn/seed_43/bandpass_n20004_cLA_V3_V6_electrode_s0.npz,75689,a02f65beac5d9faead9edfdf2ed46ccf1d005fa8201091c4a0f18d0155405782
tcn,clean_only,43,bandpass_n20004_cLA_V3_V6_covariance_s20,phase2/results/predictions/full/clean_only/tcn/seed_43/bandpass_n20004_cLA_V3_V6_covariance_s20.npz,76428,40ff79bccfb7f5a66bd701d521185caac00f5712ba98cb2e76a209227e3eae8a
tcn,clean_only,43,bandpass_n20004_cLA_V3_V6_covariance_s15,phase2/results/predictions/full/clean_only/tcn/seed_43/bandpass_n20004_cLA_V3_V6_covariance_s15.npz,76379,4c99616975f23d062675dc4ec084807ba3b291129ec0be48b1fd8601da17beb1
tcn,clean_only,43,bandpass_n20004_cLA_V3_V6_covariance_s10,phase2/results/predictions/full/clean_only/tcn/seed_43/bandpass_n20004_cLA_V3_V6_covariance_s10.npz,76346,76668912917f4e84d27268e9638d70d9e6ac6e5c9964a421ef7423f3c73262d9
tcn,clean_only,43,bandpass_n20004_cLA_V3_V6_covariance_s5,phase2/results/predictions/full/clean_only/tcn/seed_43/bandpass_n20004_cLA_V3_V6_covariance_s5.npz,76118,bd0b1ed48ce9ba869407d602bbb0bffa6d40e43a9e1d34e8cc920c8f271ca8b3
tcn,clean_only,43,bandpass_n20004_cLA_V3_V6_covariance_s0,phase2/results/predictions/full/clean_only/tcn/seed_43/bandpass_n20004_cLA_V3_V6_covariance_s0.npz,75657,42961cc61d26ceb764f6b47d3a92f53e84bc5fe064006375520f006af4dbcbe0
tcn,clean_only,43,bandpass_n20004_cLL_V1_V4_independent_rms_s20,phase2/results/predictions/full/clean_only/tcn/seed_43/bandpass_n20004_cLL_V1_V4_independent_rms_s20.npz,76438,b879f8d871997f6ad15909ac66b0f0f0655f91c2bc2ff7e49b0a4aa195ab7487
tcn,clean_only,43,bandpass_n20004_cLL_V1_V4_independent_rms_s15,phase2/results/predictions/full/clean_only/tcn/seed_43/bandpass_n20004_cLL_V1_V4_independent_rms_s15.npz,76399,80dce39899b3bdde8b94c267ddcc53964d8913eb59862cc6e5732ed0df7c4c6f
tcn,clean_only,43,bandpass_n20004_cLL_V1_V4_independent_rms_s10,phase2/results/predictions/full/clean_only/tcn/seed_43/bandpass_n20004_cLL_V1_V4_independent_rms_s10.npz,76365,f8a4eb5f3e53edbb0312ca23da8c834292c71eeb8f9dc59d8ac067f3120da109
tcn,clean_only,43,bandpass_n20004_cLL_V1_V4_independent_rms_s5,phase2/results/predictions/full/clean_only/tcn/seed_43/bandpass_n20004_cLL_V1_V4_independent_rms_s5.npz,76227,1906b9edfc93b8719cf5605fc99e14855a73a66a798fd0acff43a987b52d34b5
tcn,clean_only,43,bandpass_n20004_cLL_V1_V4_independent_rms_s0,phase2/results/predictions/full/clean_only/tcn/seed_43/bandpass_n20004_cLL_V1_V4_independent_rms_s0.npz,75892,dea6464602bd67af50106f6ce590f8b7befe637df10f4b1c618e68268f28e563
tcn,clean_only,43,bandpass_n20004_cLL_V1_V4_electrode_s20,phase2/results/predictions/full/clean_only/tcn/seed_43/bandpass_n20004_cLL_V1_V4_electrode_s20.npz,76426,17851ee0284a610c16a1a88142737188819a01e265995890ee1adae7fc942074
tcn,clean_only,43,bandpass_n20004_cLL_V1_V4_electrode_s15,phase2/results/predictions/full/clean_only/tcn/seed_43/bandpass_n20004_cLL_V1_V4_electrode_s15.npz,76419,50c99f917c3432827a8a64e091ea57794d915336bf73595e620529683eb4d9f4
tcn,clean_only,43,bandpass_n20004_cLL_V1_V4_electrode_s10,phase2/results/predictions/full/clean_only/tcn/seed_43/bandpass_n20004_cLL_V1_V4_electrode_s10.npz,76288,0e3ef8207aa4760f81c661697d6a7ae889995ba5473232731e8a74423bd933d2
tcn,clean_only,43,bandpass_n20004_cLL_V1_V4_electrode_s5,phase2/results/predictions/full/clean_only/tcn/seed_43/bandpass_n20004_cLL_V1_V4_electrode_s5.npz,76113,2d699c7ad2ce66d254f88ff166615e9e93d6d84ca958d51afe4a45db6c666dc0
tcn,clean_only,43,bandpass_n20004_cLL_V1_V4_electrode_s0,phase2/results/predictions/full/clean_only/tcn/seed_43/bandpass_n20004_cLL_V1_V4_electrode_s0.npz,75697,ca3055096aa83c41f18dbf7fc324f6d560a9e41ef5f6b00e0a7acc8950e95a59
tcn,clean_only,43,bandpass_n20004_cLL_V1_V4_covariance_s20,phase2/results/predictions/full/clean_only/tcn/seed_43/bandpass_n20004_cLL_V1_V4_covariance_s20.npz,76446,f53b68ef63fa8f7ded751ed9a930a3e259dc2517994713502cc779327f92a042
tcn,clean_only,43,bandpass_n20004_cLL_V1_V4_covariance_s15,phase2/results/predictions/full/clean_only/tcn/seed_43/bandpass_n20004_cLL_V1_V4_covariance_s15.npz,76402,dcb4e1aebf5934d9789623f14720b3f7a7e321f4bddb502d3f311551f4b1868d
tcn,clean_only,43,bandpass_n20004_cLL_V1_V4_covariance_s10,phase2/results/predictions/full/clean_only/tcn/seed_43/bandpass_n20004_cLL_V1_V4_covariance_s10.npz,76295,1a71b4acca861a325b2e9a2e1db4ad0c6507d34395295036882dfc272d09547b
tcn,clean_only,43,bandpass_n20004_cLL_V1_V4_covariance_s5,phase2/results/predictions/full/clean_only/tcn/seed_43/bandpass_n20004_cLL_V1_V4_covariance_s5.npz,76089,b2426b0916ad70817d741692ce86bd9f898668c41d58e0c0e518a25b7004e7a8
tcn,clean_only,43,bandpass_n20004_cLL_V1_V4_covariance_s0,phase2/results/predictions/full/clean_only/tcn/seed_43/bandpass_n20004_cLL_V1_V4_covariance_s0.npz,75712,40f8c7c6be28b877f5c5014b0783ec138dcd684c6d134460f0ddf3b5471b4946
tcn,clean_only,43,bandpass_n20004_call_independent_rms_s20,phase2/results/predictions/full/clean_only/tcn/seed_43/bandpass_n20004_call_independent_rms_s20.npz,76426,3f0df31fa5172cf8b5a38344c29840b5d41d5ac71117f9dc55f330ce8f8b653d
tcn,clean_only,43,bandpass_n20004_call_independent_rms_s15,phase2/results/predictions/full/clean_only/tcn/seed_43/bandpass_n20004_call_independent_rms_s15.npz,76372,6b5a2bb1638337593cfe01a90a47caf9f24bee0ffb2cb78c743093f796292cee
tcn,clean_only,43,bandpass_n20004_call_independent_rms_s10,phase2/results/predictions/full/clean_only/tcn/seed_43/bandpass_n20004_call_independent_rms_s10.npz,76351,33d1be1f96b50ed7b747aaea5de987baded26fd59630698e5fdc452f561fe15b
tcn,clean_only,43,bandpass_n20004_call_independent_rms_s5,phase2/results/predictions/full/clean_only/tcn/seed_43/bandpass_n20004_call_independent_rms_s5.npz,76191,2bb4eac986dab367eec95748e597108cba0e94c7a1d1accbe503bd1ba267757d
tcn,clean_only,43,bandpass_n20004_call_independent_rms_s0,phase2/results/predictions/full/clean_only/tcn/seed_43/bandpass_n20004_call_independent_rms_s0.npz,75840,1c7c0cf628cd936380ce63aead86ebceb1e0d1e803efbb76ba76ab48fe1361e6
tcn,clean_only,43,bandpass_n20004_call_electrode_s20,phase2/results/predictions/full/clean_only/tcn/seed_43/bandpass_n20004_call_electrode_s20.npz,76393,8261076b5a9c8beb48fb8264cc0facc7f1d4113a2f6e8bd6afb88ddb32432d52
tcn,clean_only,43,bandpass_n20004_call_electrode_s15,phase2/results/predictions/full/clean_only/tcn/seed_43/bandpass_n20004_call_electrode_s15.npz,76338,772e77dd8b0a5ea62956a5dc8f4236f75415488eaa18665ad820cce8d46a2365
tcn,clean_only,43,bandpass_n20004_call_electrode_s10,phase2/results/predictions/full/clean_only/tcn/seed_43/bandpass_n20004_call_electrode_s10.npz,76268,6389a46f4c4b27303d30366611237ab0560a04738828a8025a82eab1f43bc4c9
tcn,clean_only,43,bandpass_n20004_call_electrode_s5,phase2/results/predictions/full/clean_only/tcn/seed_43/bandpass_n20004_call_electrode_s5.npz,76054,14833f35d6bf2f800498265df081d92aae2ae02a9a0143527f28c96cb0d913d1
tcn,clean_only,43,bandpass_n20004_call_electrode_s0,phase2/results/predictions/full/clean_only/tcn/seed_43/bandpass_n20004_call_electrode_s0.npz,75507,3706b057d5f158a98f01c7c33e24ae44b6e8b41a8d18fc0523793fd5ef63aa8a
tcn,clean_only,43,bandpass_n20004_call_covariance_s20,phase2/results/predictions/full/clean_only/tcn/seed_43/bandpass_n20004_call_covariance_s20.npz,76396,18b0c6044751ac2b613689b23945149babf2c43b3d67452bc35e250edf575b8b
tcn,clean_only,43,bandpass_n20004_call_covariance_s15,phase2/results/predictions/full/clean_only/tcn/seed_43/bandpass_n20004_call_covariance_s15.npz,76353,9d74becb48cb3e9500abb7ce02ee2dc6c22dbdc160522bcdd753ac5663b086aa
tcn,clean_only,43,bandpass_n20004_call_covariance_s10,phase2/results/predictions/full/clean_only/tcn/seed_43/bandpass_n20004_call_covariance_s10.npz,76292,75ac20775f692d1fed1efb73fe20dfc95cbdf85dd7e901d17a2ec1813eed1fce
tcn,clean_only,43,bandpass_n20004_call_covariance_s5,phase2/results/predictions/full/clean_only/tcn/seed_43/bandpass_n20004_call_covariance_s5.npz,76056,528f080d3c2b9b871e564549ba0131bfcc1bb49c99a88ae93533b24cc5c1f3a2
tcn,clean_only,43,bandpass_n20004_call_covariance_s0,phase2/results/predictions/full/clean_only/tcn/seed_43/bandpass_n20004_call_covariance_s0.npz,75481,fcfb18da19fcb925f402754b98c884991191e7d3fa37e8c66f9b6157b6f2201e
tcn,clean_only,43,bandpass_n20005_cRA_LA_LL_independent_rms_s20,phase2/results/predictions/full/clean_only/tcn/seed_43/bandpass_n20005_cRA_LA_LL_independent_rms_s20.npz,76400,c1066c0d70ba1faa3a500ad293ca9d271baec438e5ce48aaca5a0c0533998fcd
tcn,clean_only,43,bandpass_n20005_cRA_LA_LL_independent_rms_s15,phase2/results/predictions/full/clean_only/tcn/seed_43/bandpass_n20005_cRA_LA_LL_independent_rms_s15.npz,76391,a89e39bb8ebff8b2beee4d9c7f00e9af7783eba6df9c229aa9bbf0ecb51b7a6d
tcn,clean_only,43,bandpass_n20005_cRA_LA_LL_independent_rms_s10,phase2/results/predictions/full/clean_only/tcn/seed_43/bandpass_n20005_cRA_LA_LL_independent_rms_s10.npz,76343,28b78eba346eda26056282fe95b4c03cfda90ec01d2360d5a4e517692a68510b
tcn,clean_only,43,bandpass_n20005_cRA_LA_LL_independent_rms_s5,phase2/results/predictions/full/clean_only/tcn/seed_43/bandpass_n20005_cRA_LA_LL_independent_rms_s5.npz,76162,506b70989df88fabf80e43f9d56ee02773a10fba15852187c2a86371701831fc
tcn,clean_only,43,bandpass_n20005_cRA_LA_LL_independent_rms_s0,phase2/results/predictions/full/clean_only/tcn/seed_43/bandpass_n20005_cRA_LA_LL_independent_rms_s0.npz,75771,87b5c6524a9c1104992d1f9eac456e571889a8bd20d647c52b0371f2e21cfd59
tcn,clean_only,43,bandpass_n20005_cRA_LA_LL_electrode_s20,phase2/results/predictions/full/clean_only/tcn/seed_43/bandpass_n20005_cRA_LA_LL_electrode_s20.npz,76421,c5c5cc9df30e1c9c73d630baf1e9b56d80939b44b7a768267f59577c67e19c88
tcn,clean_only,43,bandpass_n20005_cRA_LA_LL_electrode_s15,phase2/results/predictions/full/clean_only/tcn/seed_43/bandpass_n20005_cRA_LA_LL_electrode_s15.npz,76351,c5f7aea2a3b36a91ee9689293ee2cca892427c33a506c5c5193f94c4f798b209
tcn,clean_only,43,bandpass_n20005_cRA_LA_LL_electrode_s10,phase2/results/predictions/full/clean_only/tcn/seed_43/bandpass_n20005_cRA_LA_LL_electrode_s10.npz,76258,df6ba082650bd6a98be969e961fd7adc7d4a1604fc2de5369f4960133431b62e
tcn,clean_only,43,bandpass_n20005_cRA_LA_LL_electrode_s5,phase2/results/predictions/full/clean_only/tcn/seed_43/bandpass_n20005_cRA_LA_LL_electrode_s5.npz,76012,f61329a7549eb56df0bdc49a1fbddc90f1c62a3c848b77f0212d64ebdc3a1e8c
tcn,clean_only,43,bandpass_n20005_cRA_LA_LL_electrode_s0,phase2/results/predictions/full/clean_only/tcn/seed_43/bandpass_n20005_cRA_LA_LL_electrode_s0.npz,75438,21866e0ee8f9bbf1ed507fdb3a69402f487b71f7c95154988c3132e225c68578
tcn,clean_only,43,bandpass_n20005_cRA_LA_LL_covariance_s20,phase2/results/predictions/full/clean_only/tcn/seed_43/bandpass_n20005_cRA_LA_LL_covariance_s20.npz,76404,7b3605e9497db090c5a912a0eab74f8fdf85e6abda9362ee3af7644627c355ec
tcn,clean_only,43,bandpass_n20005_cRA_LA_LL_covariance_s15,phase2/results/predictions/full/clean_only/tcn/seed_43/bandpass_n20005_cRA_LA_LL_covariance_s15.npz,76351,696ed08380bd6033291f80a4e8da58c97442b71849ce3cf75b1c86eb0150bdec
tcn,clean_only,43,bandpass_n20005_cRA_LA_LL_covariance_s10,phase2/results/predictions/full/clean_only/tcn/seed_43/bandpass_n20005_cRA_LA_LL_covariance_s10.npz,76258,969c5b591b82e5f7ac40d56a18f290727ded874e882e1b3b67b1113fba0cc657
tcn,clean_only,43,bandpass_n20005_cRA_LA_LL_covariance_s5,phase2/results/predictions/full/clean_only/tcn/seed_43/bandpass_n20005_cRA_LA_LL_covariance_s5.npz,76007,5e5f0e0ebc2aa0c99e127f3dc103714c4c76d03ab42a58c7fb540c12a6a1dd64
tcn,clean_only,43,bandpass_n20005_cRA_LA_LL_covariance_s0,phase2/results/predictions/full/clean_only/tcn/seed_43/bandpass_n20005_cRA_LA_LL_covariance_s0.npz,75415,0df3a787d762b4482b4b8a87ca8d3d4f38c9b0acd32f4bdae0e982cbbf986fa2
tcn,clean_only,43,bandpass_n20005_cV1_independent_rms_s20,phase2/results/predictions/full/clean_only/tcn/seed_43/bandpass_n20005_cV1_independent_rms_s20.npz,76423,43bc188cbcd9cf63db34316cc21ee2d1e223518f7215e097802a7ac49000ca2d
tcn,clean_only,43,bandpass_n20005_cV1_independent_rms_s15,phase2/results/predictions/full/clean_only/tcn/seed_43/bandpass_n20005_cV1_independent_rms_s15.npz,76378,eef969fedf5d40e45198ce03ba9689ca5bfb26747ec9ddeb8f853e83a667fa96
tcn,clean_only,43,bandpass_n20005_cV1_independent_rms_s10,phase2/results/predictions/full/clean_only/tcn/seed_43/bandpass_n20005_cV1_independent_rms_s10.npz,76303,35900fcd154ff05c22549c39464ee79664fe977ee2acea5fb07f05973888e443
tcn,clean_only,43,bandpass_n20005_cV1_independent_rms_s5,phase2/results/predictions/full/clean_only/tcn/seed_43/bandpass_n20005_cV1_independent_rms_s5.npz,76165,dcaeb25c0bf90ff1ea323eb9b886733e16293666114e9ec50f3e6c8dc60cca97
tcn,clean_only,43,bandpass_n20005_cV1_independent_rms_s0,phase2/results/predictions/full/clean_only/tcn/seed_43/bandpass_n20005_cV1_independent_rms_s0.npz,75825,3110025c2e1e3dde7c343686b9454f9212b822d4893b65f41373d07b6045380d
tcn,clean_only,43,bandpass_n20005_cV1_electrode_s20,phase2/results/predictions/full/clean_only/tcn/seed_43/bandpass_n20005_cV1_electrode_s20.npz,76390,e3a7b5c2fcf162d5a7653d9879b9b08c69369af54c06ce85065cc86764f63237
tcn,clean_only,43,bandpass_n20005_cV1_electrode_s15,phase2/results/predictions/full/clean_only/tcn/seed_43/bandpass_n20005_cV1_electrode_s15.npz,76382,015261b5e92982aa7f706d25ec3ea073ed6366b2d2df2261c2115cc34b8cd371
tcn,clean_only,43,bandpass_n20005_cV1_electrode_s10,phase2/results/predictions/full/clean_only/tcn/seed_43/bandpass_n20005_cV1_electrode_s10.npz,76281,17bbf421541db3cbd137f3d539ea80e9fde79388eaa4a34d9433ffcf6d0528e6
tcn,clean_only,43,bandpass_n20005_cV1_electrode_s5,phase2/results/predictions/full/clean_only/tcn/seed_43/bandpass_n20005_cV1_electrode_s5.npz,76139,5aa7dc977376a7aabb0f35e9392a646e288009a3e97bb94e3c5fcb9e4f86f741
tcn,clean_only,43,bandpass_n20005_cV1_electrode_s0,phase2/results/predictions/full/clean_only/tcn/seed_43/bandpass_n20005_cV1_electrode_s0.npz,75816,bf6905f61c11353531a16879e31a499fb6393ebfb57eaa2f4fea7bde6032decf
tcn,clean_only,43,bandpass_n20005_cV1_covariance_s20,phase2/results/predictions/full/clean_only/tcn/seed_43/bandpass_n20005_cV1_covariance_s20.npz,76407,a28cc0cea4da0960a062c0df7965089c2909f7ae0e84463d6ed88746290c108c
tcn,clean_only,43,bandpass_n20005_cV1_covariance_s15,phase2/results/predictions/full/clean_only/tcn/seed_43/bandpass_n20005_cV1_covariance_s15.npz,76370,0fe7a3f9712bde7ee33a8d308470f7adfc96a200d4824fe30e749b19b3dcaf0d
tcn,clean_only,43,bandpass_n20005_cV1_covariance_s10,phase2/results/predictions/full/clean_only/tcn/seed_43/bandpass_n20005_cV1_covariance_s10.npz,76309,7588488ea95cc5be2e2e55b90746979bd0882b43c7c8e721d3ccd72bce7e1dce
tcn,clean_only,43,bandpass_n20005_cV1_covariance_s5,phase2/results/predictions/full/clean_only/tcn/seed_43/bandpass_n20005_cV1_covariance_s5.npz,76149,c65630a44365b8a61243fee2d6f37db6f31f1bd388dc085a674c4513ac64d424
tcn,clean_only,43,bandpass_n20005_cV1_covariance_s0,phase2/results/predictions/full/clean_only/tcn/seed_43/bandpass_n20005_cV1_covariance_s0.npz,75833,2edc1d7c40eca62969809857f6a662797b2900574173c7937ca39a1226702b50
tcn,clean_only,43,bandpass_n20005_cV2_independent_rms_s20,phase2/results/predictions/full/clean_only/tcn/seed_43/bandpass_n20005_cV2_independent_rms_s20.npz,76419,c396466402f06431fe11c1367b8ab40058ca08ac7ac13c603a6b45f5d2310c67
tcn,clean_only,43,bandpass_n20005_cV2_independent_rms_s15,phase2/results/predictions/full/clean_only/tcn/seed_43/bandpass_n20005_cV2_independent_rms_s15.npz,76389,d99fd8cc8f562a7fe6817b142177f32d1b4ac5b804312e4979ff00889a40072b
tcn,clean_only,43,bandpass_n20005_cV2_independent_rms_s10,phase2/results/predictions/full/clean_only/tcn/seed_43/bandpass_n20005_cV2_independent_rms_s10.npz,76345,9c0e992ebfa7e21a171774ef7e07a340ae5fa157be997dfafcc60c3ac70a0268
tcn,clean_only,43,bandpass_n20005_cV2_independent_rms_s5,phase2/results/predictions/full/clean_only/tcn/seed_43/bandpass_n20005_cV2_independent_rms_s5.npz,76252,218599443e04d672ad17d26ebd963e0d96e36ccd6ca48cc05fd45fe9f91554a6
tcn,clean_only,43,bandpass_n20005_cV2_independent_rms_s0,phase2/results/predictions/full/clean_only/tcn/seed_43/bandpass_n20005_cV2_independent_rms_s0.npz,75960,a3a8edf972e29f5421f317521458a6f65cd3b9d0a8db0df41d44e476c2fe4eaf
tcn,clean_only,43,bandpass_n20005_cV2_electrode_s20,phase2/results/predictions/full/clean_only/tcn/seed_43/bandpass_n20005_cV2_electrode_s20.npz,76392,dd6066da9c7020378e792809c25dea1b2fad44fed4890772eafa2240cb6721a7
tcn,clean_only,43,bandpass_n20005_cV2_electrode_s15,phase2/results/predictions/full/clean_only/tcn/seed_43/bandpass_n20005_cV2_electrode_s15.npz,76393,17f4851fc4de4b64dc4c8254e450f7c6b550555ff064d4fcbe50f635ae580df1
tcn,clean_only,43,bandpass_n20005_cV2_electrode_s10,phase2/results/predictions/full/clean_only/tcn/seed_43/bandpass_n20005_cV2_electrode_s10.npz,76399,947ee39451e1833eea094fbd0ce6c0df2e7d5144959dba36659efe8d3c94430e
tcn,clean_only,43,bandpass_n20005_cV2_electrode_s5,phase2/results/predictions/full/clean_only/tcn/seed_43/bandpass_n20005_cV2_electrode_s5.npz,76213,da1c16e8d444e5d0a9583ec252f5eb13f03bcbc40a67f7e179847f1cebf9d457
tcn,clean_only,43,bandpass_n20005_cV2_electrode_s0,phase2/results/predictions/full/clean_only/tcn/seed_43/bandpass_n20005_cV2_electrode_s0.npz,75951,01464fa341bbf32143a0e81a6a05b6cfb980e751b2d579b7b6648ae301cc105c
tcn,clean_only,43,bandpass_n20005_cV2_covariance_s20,phase2/results/predictions/full/clean_only/tcn/seed_43/bandpass_n20005_cV2_covariance_s20.npz,76421,365cd5a1e7eef8cfe4ba96316bcc2ac12c7f59263725ce0c48b884a54fd21d81
tcn,clean_only,43,bandpass_n20005_cV2_covariance_s15,phase2/results/predictions/full/clean_only/tcn/seed_43/bandpass_n20005_cV2_covariance_s15.npz,76363,28da336ee4f618b9b6d361ddcefdb0a17dc72fab39a64c5aaadf8b49d57a7848
tcn,clean_only,43,bandpass_n20005_cV2_covariance_s10,phase2/results/predictions/full/clean_only/tcn/seed_43/bandpass_n20005_cV2_covariance_s10.npz,76366,cba4eb99dca7910c9d15608c8f24465d9103705a06e3b99fae5a81ff2c29ca3a
tcn,clean_only,43,bandpass_n20005_cV2_covariance_s5,phase2/results/predictions/full/clean_only/tcn/seed_43/bandpass_n20005_cV2_covariance_s5.npz,76205,bf81f79be6c0791e5b7b1b6b4d599faccf5516cd297de7d25de47cb29318bca6
tcn,clean_only,43,bandpass_n20005_cV2_covariance_s0,phase2/results/predictions/full/clean_only/tcn/seed_43/bandpass_n20005_cV2_covariance_s0.npz,75977,c7f9ae33c0f62d4a222863016cac93a5be087d9a1acc110ddaf213d7f8448999
tcn,clean_only,43,bandpass_n20005_cV3_independent_rms_s20,phase2/results/predictions/full/clean_only/tcn/seed_43/bandpass_n20005_cV3_independent_rms_s20.npz,76423,909bb3d713ac64ba56de5156fd1bc020d62c3cd42fa8e5452659dc294a3c41bc
tcn,clean_only,43,bandpass_n20005_cV3_independent_rms_s15,phase2/results/predictions/full/clean_only/tcn/seed_43/bandpass_n20005_cV3_independent_rms_s15.npz,76409,5f3fb5d5c63429529b8e59cf3e9a705b82a7fb744169bd276d48f0737f49d09e
tcn,clean_only,43,bandpass_n20005_cV3_independent_rms_s10,phase2/results/predictions/full/clean_only/tcn/seed_43/bandpass_n20005_cV3_independent_rms_s10.npz,76411,1caa5078b6847e88c2aba3e4239cbf4b861e157254715264f8b657bdd5e97473
tcn,clean_only,43,bandpass_n20005_cV3_independent_rms_s5,phase2/results/predictions/full/clean_only/tcn/seed_43/bandpass_n20005_cV3_independent_rms_s5.npz,76366,73bf206c09990453b10a79e2b59c858a1a961b37fb657c6de6494733d6728401
tcn,clean_only,43,bandpass_n20005_cV3_independent_rms_s0,phase2/results/predictions/full/clean_only/tcn/seed_43/bandpass_n20005_cV3_independent_rms_s0.npz,76206,4f85c80b0870bd7e10a1beabcf1c14d3a3e3222b081e563f0dacff3e0d8cc96f
tcn,clean_only,43,bandpass_n20005_cV3_electrode_s20,phase2/results/predictions/full/clean_only/tcn/seed_43/bandpass_n20005_cV3_electrode_s20.npz,76392,381ada380d837fb65f2cb0c3368c74aa9dd36106cf032db965a16723843a9aa0
tcn,clean_only,43,bandpass_n20005_cV3_electrode_s15,phase2/results/predictions/full/clean_only/tcn/seed_43/bandpass_n20005_cV3_electrode_s15.npz,76393,b9ffae6adc2e18298db3e9829daa501faaa3c2b331bbb8cac555e538b7ec5f11
tcn,clean_only,43,bandpass_n20005_cV3_electrode_s10,phase2/results/predictions/full/clean_only/tcn/seed_43/bandpass_n20005_cV3_electrode_s10.npz,76368,a63fe44dec1cd1981b30b5119659d40d3f6850da56ed814076c1a172759265bd
tcn,clean_only,43,bandpass_n20005_cV3_electrode_s5,phase2/results/predictions/full/clean_only/tcn/seed_43/bandpass_n20005_cV3_electrode_s5.npz,76330,6f2404f1921009018ffc18ebed54ca63a133e85169c3201acb9717eedae8ab19
tcn,clean_only,43,bandpass_n20005_cV3_electrode_s0,phase2/results/predictions/full/clean_only/tcn/seed_43/bandpass_n20005_cV3_electrode_s0.npz,76175,c5e029d4f53282f50af8e19b74a0af0e744f1eb007c9d23c5fe3770e49dddf7d
tcn,clean_only,43,bandpass_n20005_cV3_covariance_s20,phase2/results/predictions/full/clean_only/tcn/seed_43/bandpass_n20005_cV3_covariance_s20.npz,76406,6603d2745b1e56727cb3fc40c081d9ba65c2b498f7d5590ebe7bffc37b889d63
tcn,clean_only,43,bandpass_n20005_cV3_covariance_s15,phase2/results/predictions/full/clean_only/tcn/seed_43/bandpass_n20005_cV3_covariance_s15.npz,76393,dce7560bb8151fa5b437939c16272243468e446c2e59072b1640df99b5110e43
tcn,clean_only,43,bandpass_n20005_cV3_covariance_s10,phase2/results/predictions/full/clean_only/tcn/seed_43/bandpass_n20005_cV3_covariance_s10.npz,76376,f9326589fefaa3131d1990bf6f2781d0ff5632b5bf38be3ac750dd837b92042b
tcn,clean_only,43,bandpass_n20005_cV3_covariance_s5,phase2/results/predictions/full/clean_only/tcn/seed_43/bandpass_n20005_cV3_covariance_s5.npz,76343,0b81a0f4b9e10ee680afffc4d3c81cbc6946b96be1aac3eadf54b264dec9744d
tcn,clean_only,43,bandpass_n20005_cV3_covariance_s0,phase2/results/predictions/full/clean_only/tcn/seed_43/bandpass_n20005_cV3_covariance_s0.npz,76152,75c270bb118ff10c7e5f55b7acc2f0bc598d0d953698ce1b339b13d27d319e70
tcn,clean_only,43,bandpass_n20005_cV4_independent_rms_s20,phase2/results/predictions/full/clean_only/tcn/seed_43/bandpass_n20005_cV4_independent_rms_s20.npz,76439,b25f92ee57c28f647f4a02d5ec1510e634a027a1b40bc30f8c726ce4974636ef
tcn,clean_only,43,bandpass_n20005_cV4_independent_rms_s15,phase2/results/predictions/full/clean_only/tcn/seed_43/bandpass_n20005_cV4_independent_rms_s15.npz,76445,3dd25ff2cd310438b5f837d202c4af3f5f4e4612572e2b5cebe9284b65b74938
tcn,clean_only,43,bandpass_n20005_cV4_independent_rms_s10,phase2/results/predictions/full/clean_only/tcn/seed_43/bandpass_n20005_cV4_independent_rms_s10.npz,76398,80aef23d08ee20a3973ecab4ca6da6581bafe69d40461fb15d528ba5bf3fa699
tcn,clean_only,43,bandpass_n20005_cV4_independent_rms_s5,phase2/results/predictions/full/clean_only/tcn/seed_43/bandpass_n20005_cV4_independent_rms_s5.npz,76246,b8e9b3f73e881936924a5b9e7374bfe2ae9446148f54956199d78a1639f706f0
tcn,clean_only,43,bandpass_n20005_cV4_independent_rms_s0,phase2/results/predictions/full/clean_only/tcn/seed_43/bandpass_n20005_cV4_independent_rms_s0.npz,76074,c375986ee810f00cefd73203cbae5d7cff992918fdd394f565a5b53b2fbc60c7
tcn,clean_only,43,bandpass_n20005_cV4_electrode_s20,phase2/results/predictions/full/clean_only/tcn/seed_43/bandpass_n20005_cV4_electrode_s20.npz,76415,92f9f8074a50c0fefb510a8e98005c226be902c1a53fd00e814a2735e95147ee
tcn,clean_only,43,bandpass_n20005_cV4_electrode_s15,phase2/results/predictions/full/clean_only/tcn/seed_43/bandpass_n20005_cV4_electrode_s15.npz,76386,48383faf6c29e42d16217c8f5a13ed70f8f955a1a31a61561189bca26e965701
tcn,clean_only,43,bandpass_n20005_cV4_electrode_s10,phase2/results/predictions/full/clean_only/tcn/seed_43/bandpass_n20005_cV4_electrode_s10.npz,76369,691c7b0d372a8627dea9c4e142cf86cf2bb1c77ebbe53db1bb2e83c039ad434e
tcn,clean_only,43,bandpass_n20005_cV4_electrode_s5,phase2/results/predictions/full/clean_only/tcn/seed_43/bandpass_n20005_cV4_electrode_s5.npz,76232,1c83fd2aa71f8957e5cd5db5805f4d61a2882e3ff72043fcffd6fd31432879c5
tcn,clean_only,43,bandpass_n20005_cV4_electrode_s0,phase2/results/predictions/full/clean_only/tcn/seed_43/bandpass_n20005_cV4_electrode_s0.npz,76037,38e0a39cc486dbe137f1451f7704b34323aac90e5dd64df7a4739adca8300b8e
tcn,clean_only,43,bandpass_n20005_cV4_covariance_s20,phase2/results/predictions/full/clean_only/tcn/seed_43/bandpass_n20005_cV4_covariance_s20.npz,76403,c25a96287ac7c5cffcf68f9df119027497d82ae92bcef78aef1f76d6a3c8460e
tcn,clean_only,43,bandpass_n20005_cV4_covariance_s15,phase2/results/predictions/full/clean_only/tcn/seed_43/bandpass_n20005_cV4_covariance_s15.npz,76417,6458397941d20de7c97e2cd35ec75c3f5d9c697cf90ed52f43228870d10b80c9
tcn,clean_only,43,bandpass_n20005_cV4_covariance_s10,phase2/results/predictions/full/clean_only/tcn/seed_43/bandpass_n20005_cV4_covariance_s10.npz,76360,19a92ba57605df4eddbacf9ec99f7f5d0cf5b9750dc6dca12e9fa52817553039
tcn,clean_only,43,bandpass_n20005_cV4_covariance_s5,phase2/results/predictions/full/clean_only/tcn/seed_43/bandpass_n20005_cV4_covariance_s5.npz,76258,e1b4700e23249762cbc9eaf9b1c5f718c98bfde12c166af37a97126c741fcb1c
tcn,clean_only,43,bandpass_n20005_cV4_covariance_s0,phase2/results/predictions/full/clean_only/tcn/seed_43/bandpass_n20005_cV4_covariance_s0.npz,76049,2e4afc06bdcb0181a3e11cbfc220a8dde324a600639d00a5fca0347fa82bb6a6
tcn,clean_only,43,bandpass_n20005_cV5_independent_rms_s20,phase2/results/predictions/full/clean_only/tcn/seed_43/bandpass_n20005_cV5_independent_rms_s20.npz,76419,499fb6020fbcee851307cf3b733ea3c61414d9fc050c992e68c722786a11b771
tcn,clean_only,43,bandpass_n20005_cV5_independent_rms_s15,phase2/results/predictions/full/clean_only/tcn/seed_43/bandpass_n20005_cV5_independent_rms_s15.npz,76399,180f41d32ab5b74f09a109e2dce7938b8b1711a099ac7bfe00e578c6d8a7b1ab
tcn,clean_only,43,bandpass_n20005_cV5_independent_rms_s10,phase2/results/predictions/full/clean_only/tcn/seed_43/bandpass_n20005_cV5_independent_rms_s10.npz,76349,b7286a2fee169262c799d3b5da0b6c4d5b6eff63096fa10aa514aae6fe4fbd1a
tcn,clean_only,43,bandpass_n20005_cV5_independent_rms_s5,phase2/results/predictions/full/clean_only/tcn/seed_43/bandpass_n20005_cV5_independent_rms_s5.npz,76217,1d95bdea1ac0f33a5ff3ed95ef0f8fadd463a7faf46086ab0ca4ca7d704b3329
tcn,clean_only,43,bandpass_n20005_cV5_independent_rms_s0,phase2/results/predictions/full/clean_only/tcn/seed_43/bandpass_n20005_cV5_independent_rms_s0.npz,75931,4ec5dce871d51616b1a580592e0b12e33eb4106bbe94ac3c4a568f06427f3bcf
tcn,clean_only,43,bandpass_n20005_cV5_electrode_s20,phase2/results/predictions/full/clean_only/tcn/seed_43/bandpass_n20005_cV5_electrode_s20.npz,76410,253d6d68efd1913a16c73a591d10a6c287c3fe5aa06ce83e7e3d32cb6985afb6
tcn,clean_only,43,bandpass_n20005_cV5_electrode_s15,phase2/results/predictions/full/clean_only/tcn/seed_43/bandpass_n20005_cV5_electrode_s15.npz,76397,54b58dd205513fe132bf7de0d06f2467008db549ce8385dcb79ab6a3fda1fe18
tcn,clean_only,43,bandpass_n20005_cV5_electrode_s10,phase2/results/predictions/full/clean_only/tcn/seed_43/bandpass_n20005_cV5_electrode_s10.npz,76343,2818c6e47af93e6a5ede18444d83f81ad000b2f78930e6a86b6179275feb782e
tcn,clean_only,43,bandpass_n20005_cV5_electrode_s5,phase2/results/predictions/full/clean_only/tcn/seed_43/bandpass_n20005_cV5_electrode_s5.npz,76188,e71c0d2d23d413f412235fa4213ff25f6fa9366be6341d8c4e2f7a23f0e3a8a4
tcn,clean_only,43,bandpass_n20005_cV5_electrode_s0,phase2/results/predictions/full/clean_only/tcn/seed_43/bandpass_n20005_cV5_electrode_s0.npz,75918,e15d373be4bdd44bf287f543fd5777a080ace7f5086324f7bdca0c4c6cf28360
tcn,clean_only,43,bandpass_n20005_cV5_covariance_s20,phase2/results/predictions/full/clean_only/tcn/seed_43/bandpass_n20005_cV5_covariance_s20.npz,76425,7bd503dd1a981371a7ae664eea4970a1993318a0da0ecab6eb57a3c4cf163af1
tcn,clean_only,43,bandpass_n20005_cV5_covariance_s15,phase2/results/predictions/full/clean_only/tcn/seed_43/bandpass_n20005_cV5_covariance_s15.npz,76419,1e4ba27c9387aecda09a37310a299f24c419539ac6c1295cdd425ec10b10e980
tcn,clean_only,43,bandpass_n20005_cV5_covariance_s10,phase2/results/predictions/full/clean_only/tcn/seed_43/bandpass_n20005_cV5_covariance_s10.npz,76358,f12a6d1861f1ec52336a0b4e525463289359d0ef98a267ab40010a1a042480db
tcn,clean_only,43,bandpass_n20005_cV5_covariance_s5,phase2/results/predictions/full/clean_only/tcn/seed_43/bandpass_n20005_cV5_covariance_s5.npz,76219,0f2e37a2a42da5786761acd319d80f08e277063d8d5bea9ea9803876acb576df
tcn,clean_only,43,bandpass_n20005_cV5_covariance_s0,phase2/results/predictions/full/clean_only/tcn/seed_43/bandpass_n20005_cV5_covariance_s0.npz,75935,898cce91acc672ee8b9aaf41117165a1969a18b665b25f932a4d1dd81523aedb
tcn,clean_only,43,bandpass_n20005_cV6_independent_rms_s20,phase2/results/predictions/full/clean_only/tcn/seed_43/bandpass_n20005_cV6_independent_rms_s20.npz,76409,cb682b1bc3a230e4cff203d47d28ad309983e630938c15d855d8baaa97b00c78
tcn,clean_only,43,bandpass_n20005_cV6_independent_rms_s15,phase2/results/predictions/full/clean_only/tcn/seed_43/bandpass_n20005_cV6_independent_rms_s15.npz,76413,f2a1658fa95d718a534bbe1a4dc739a9a26d8d0319a6f3d2ef78d855e50d4f61
tcn,clean_only,43,bandpass_n20005_cV6_independent_rms_s10,phase2/results/predictions/full/clean_only/tcn/seed_43/bandpass_n20005_cV6_independent_rms_s10.npz,76387,ed07c3afa1eeaec676de62a19be007b3577a4c9ecf922adc4a5255c18d80d73b
tcn,clean_only,43,bandpass_n20005_cV6_independent_rms_s5,phase2/results/predictions/full/clean_only/tcn/seed_43/bandpass_n20005_cV6_independent_rms_s5.npz,76244,2a2808e47f91040b84f6ab379883c2de530c8fca17813ac3b73ddf4167c96cb2
tcn,clean_only,43,bandpass_n20005_cV6_independent_rms_s0,phase2/results/predictions/full/clean_only/tcn/seed_43/bandpass_n20005_cV6_independent_rms_s0.npz,75978,2bb69fb2a69ad16576f07c4c6d21e49a1efb311875d53627dc69dc21a2b5655a
tcn,clean_only,43,bandpass_n20005_cV6_electrode_s20,phase2/results/predictions/full/clean_only/tcn/seed_43/bandpass_n20005_cV6_electrode_s20.npz,76406,89eed5b4c91a513f869ba16fe7f54b622cf97f539f732930630069e6ddcd46da
tcn,clean_only,43,bandpass_n20005_cV6_electrode_s15,phase2/results/predictions/full/clean_only/tcn/seed_43/bandpass_n20005_cV6_electrode_s15.npz,76374,f9e7597dab115e29de747027e7584c73e143b84d7e76ac7e870e30938ddd7ef4
tcn,clean_only,43,bandpass_n20005_cV6_electrode_s10,phase2/results/predictions/full/clean_only/tcn/seed_43/bandpass_n20005_cV6_electrode_s10.npz,76353,9b8215d5005fb7739e8475f2a1cc3395ca1a9aabfd201435c08f0739fecfe76e
tcn,clean_only,43,bandpass_n20005_cV6_electrode_s5,phase2/results/predictions/full/clean_only/tcn/seed_43/bandpass_n20005_cV6_electrode_s5.npz,76241,4f0606c130e31306e48e901e486d0eef4c18826a173885f0a9dde85c4ffbdb2b
tcn,clean_only,43,bandpass_n20005_cV6_electrode_s0,phase2/results/predictions/full/clean_only/tcn/seed_43/bandpass_n20005_cV6_electrode_s0.npz,75978,d9bddd38930d6a4d66413ae5b8919f4e0a70fb5ed6afb6238ab082b9573ae1d9
tcn,clean_only,43,bandpass_n20005_cV6_covariance_s20,phase2/results/predictions/full/clean_only/tcn/seed_43/bandpass_n20005_cV6_covariance_s20.npz,76413,5fb38223411b551e4f4bc8c8ffb1d369d1928495b0a971635a91bce37a72bfd1
tcn,clean_only,43,bandpass_n20005_cV6_covariance_s15,phase2/results/predictions/full/clean_only/tcn/seed_43/bandpass_n20005_cV6_covariance_s15.npz,76391,fa73a9ce6efae2934d2f1335cf74d466c8c67401cc7d84f9907028fa63dea531
tcn,clean_only,43,bandpass_n20005_cV6_covariance_s10,phase2/results/predictions/full/clean_only/tcn/seed_43/bandpass_n20005_cV6_covariance_s10.npz,76385,17172c115861d61edd7c3297d72c87c7f754d73c72775682ed46e77c3e4ab8f1
tcn,clean_only,43,bandpass_n20005_cV6_covariance_s5,phase2/results/predictions/full/clean_only/tcn/seed_43/bandpass_n20005_cV6_covariance_s5.npz,76216,5acb69696e60ae02cdc5a6285dee78a35d82eadf6e6c4f329fda68f9cd709f8a
tcn,clean_only,43,bandpass_n20005_cV6_covariance_s0,phase2/results/predictions/full/clean_only/tcn/seed_43/bandpass_n20005_cV6_covariance_s0.npz,75962,d9c1b184fc9aeca50aa3467b17ff6e38c801431ddc5c21c493fe54dc8cff3daa
tcn,clean_only,43,bandpass_n20005_cRA_LA_independent_rms_s20,phase2/results/predictions/full/clean_only/tcn/seed_43/bandpass_n20005_cRA_LA_independent_rms_s20.npz,76413,3db6b372d73758a1d3c7ca9c4943c483f191753c6eefe955541c4c9e44d15d0f
tcn,clean_only,43,bandpass_n20005_cRA_LA_independent_rms_s15,phase2/results/predictions/full/clean_only/tcn/seed_43/bandpass_n20005_cRA_LA_independent_rms_s15.npz,76371,ed67c13cf726c83d5e7658ba979a3b8ff3f201394ca40d49c6fb49fee3deffa9
tcn,clean_only,43,bandpass_n20005_cRA_LA_independent_rms_s10,phase2/results/predictions/full/clean_only/tcn/seed_43/bandpass_n20005_cRA_LA_independent_rms_s10.npz,76354,5acc4642996291a6122ca59a8c53225f6019d110e82d8cc238eaad276ffb47eb
tcn,clean_only,43,bandpass_n20005_cRA_LA_independent_rms_s5,phase2/results/predictions/full/clean_only/tcn/seed_43/bandpass_n20005_cRA_LA_independent_rms_s5.npz,76177,f0ca2dfbd7318de4e2d04fbfabb40ea774959bc77386a9110cfaaf33193a17c3
tcn,clean_only,43,bandpass_n20005_cRA_LA_independent_rms_s0,phase2/results/predictions/full/clean_only/tcn/seed_43/bandpass_n20005_cRA_LA_independent_rms_s0.npz,75834,7e9bd2d2d3ae21e9bfad4e0095e7cde5802790e304a0a06b6b5016d1e39f5d47
tcn,clean_only,43,bandpass_n20005_cRA_LA_electrode_s20,phase2/results/predictions/full/clean_only/tcn/seed_43/bandpass_n20005_cRA_LA_electrode_s20.npz,76367,94b7cfc513cc79dac70f274bea9e90de1278727d98e70fcb3f81b481bba7a509
tcn,clean_only,43,bandpass_n20005_cRA_LA_electrode_s15,phase2/results/predictions/full/clean_only/tcn/seed_43/bandpass_n20005_cRA_LA_electrode_s15.npz,76359,dd05c6bf5ebe8a7017e80332b389afbfe1e037cbbe686edcee3f0c4e7bfd5f93
tcn,clean_only,43,bandpass_n20005_cRA_LA_electrode_s10,phase2/results/predictions/full/clean_only/tcn/seed_43/bandpass_n20005_cRA_LA_electrode_s10.npz,76247,8e2ad3ed5bacdfeb2df4e279190a2ae0865b9d38548d976b0ed2bfe43ae9e395
tcn,clean_only,43,bandpass_n20005_cRA_LA_electrode_s5,phase2/results/predictions/full/clean_only/tcn/seed_43/bandpass_n20005_cRA_LA_electrode_s5.npz,75991,cd0c9b97674927bbb384bf5cccb187aceb366d16cf4a36b5d5bd928ec45af889
tcn,clean_only,43,bandpass_n20005_cRA_LA_electrode_s0,phase2/results/predictions/full/clean_only/tcn/seed_43/bandpass_n20005_cRA_LA_electrode_s0.npz,75360,1c3733b81ebea0a69a3124b859cfa2468d56e6a5269d170858558413e6dec4d5
tcn,clean_only,43,bandpass_n20005_cRA_LA_covariance_s20,phase2/results/predictions/full/clean_only/tcn/seed_43/bandpass_n20005_cRA_LA_covariance_s20.npz,76390,567902c51016bbeea5a357b3d9789f07e2143fd59fa187656c60ef81b99875ff
tcn,clean_only,43,bandpass_n20005_cRA_LA_covariance_s15,phase2/results/predictions/full/clean_only/tcn/seed_43/bandpass_n20005_cRA_LA_covariance_s15.npz,76384,e59234ac509b00fd986c6cfcb01ecf6d04de21f92aa002770b00c849864dadd9
tcn,clean_only,43,bandpass_n20005_cRA_LA_covariance_s10,phase2/results/predictions/full/clean_only/tcn/seed_43/bandpass_n20005_cRA_LA_covariance_s10.npz,76237,2d9307121413c73409aadc29f91257bdf23005cf36f7849b30853657b9f126e7
tcn,clean_only,43,bandpass_n20005_cRA_LA_covariance_s5,phase2/results/predictions/full/clean_only/tcn/seed_43/bandpass_n20005_cRA_LA_covariance_s5.npz,75963,d512dcd68fc3d144eac3b630802501d21a565091ed8f8038c888a98330c21913
tcn,clean_only,43,bandpass_n20005_cRA_LA_covariance_s0,phase2/results/predictions/full/clean_only/tcn/seed_43/bandpass_n20005_cRA_LA_covariance_s0.npz,75364,1a8f10a8a18b1fb6951e666750a1ee1fab6bcd5f43766272a7be8a5b65a28e6e
tcn,clean_only,43,bandpass_n20005_cLA_LL_independent_rms_s20,phase2/results/predictions/full/clean_only/tcn/seed_43/bandpass_n20005_cLA_LL_independent_rms_s20.npz,76456,68f79ec77f714cdd83a219de57529311455fb4b76c73e996a3fb1ea1ffb7269f
tcn,clean_only,43,bandpass_n20005_cLA_LL_independent_rms_s15,phase2/results/predictions/full/clean_only/tcn/seed_43/bandpass_n20005_cLA_LL_independent_rms_s15.npz,76416,d880e845b29326b8a5cb934e86d9fe36f6a2e851f63c3966a4867e798f8f26c6
tcn,clean_only,43,bandpass_n20005_cLA_LL_independent_rms_s10,phase2/results/predictions/full/clean_only/tcn/seed_43/bandpass_n20005_cLA_LL_independent_rms_s10.npz,76323,d228d5754e7335ac24202887442fb8db9dd60932f5b372e5119c030f10bef5f0
tcn,clean_only,43,bandpass_n20005_cLA_LL_independent_rms_s5,phase2/results/predictions/full/clean_only/tcn/seed_43/bandpass_n20005_cLA_LL_independent_rms_s5.npz,76182,b5f65b501d2f2d550710edbca119b626c79775ff7b040f4ee4823b28e2e8bcfe
tcn,clean_only,43,bandpass_n20005_cLA_LL_independent_rms_s0,phase2/results/predictions/full/clean_only/tcn/seed_43/bandpass_n20005_cLA_LL_independent_rms_s0.npz,75788,13dbffa630dfcaae71a7691706c9908412c6c0522c30fbe347ab953d7af69804
tcn,clean_only,43,bandpass_n20005_cLA_LL_electrode_s20,phase2/results/predictions/full/clean_only/tcn/seed_43/bandpass_n20005_cLA_LL_electrode_s20.npz,76411,f9d12b3cd672bd10a4e71e55db73987cc2eafb2f5fe315fcc686108fe9e9ad57
tcn,clean_only,43,bandpass_n20005_cLA_LL_electrode_s15,phase2/results/predictions/full/clean_only/tcn/seed_43/bandpass_n20005_cLA_LL_electrode_s15.npz,76352,9c920b49adb9d82750f5413c2082ec4e9fd0fd72e044221743199f8505f7d8cc
tcn,clean_only,43,bandpass_n20005_cLA_LL_electrode_s10,phase2/results/predictions/full/clean_only/tcn/seed_43/bandpass_n20005_cLA_LL_electrode_s10.npz,76277,0c9407dbdf1deb5ac36a4f68f8bbb3ccccaf757130c399d5fa9ba9fa59108101
tcn,clean_only,43,bandpass_n20005_cLA_LL_electrode_s5,phase2/results/predictions/full/clean_only/tcn/seed_43/bandpass_n20005_cLA_LL_electrode_s5.npz,76033,297f42f9067049ff17a512055bcb713fff806842320ced63cecf6336621df8d0
tcn,clean_only,43,bandpass_n20005_cLA_LL_electrode_s0,phase2/results/predictions/full/clean_only/tcn/seed_43/bandpass_n20005_cLA_LL_electrode_s0.npz,75562,7dff4a1b12321237da5241de5e853f059f1240af6478eb9eb05c077a450a0c0f
tcn,clean_only,43,bandpass_n20005_cLA_LL_covariance_s20,phase2/results/predictions/full/clean_only/tcn/seed_43/bandpass_n20005_cLA_LL_covariance_s20.npz,76415,52664573e27a6b86238cc29f662c8c28d7ba53bb994a4baf4ee0e6ec6f87f929
tcn,clean_only,43,bandpass_n20005_cLA_LL_covariance_s15,phase2/results/predictions/full/clean_only/tcn/seed_43/bandpass_n20005_cLA_LL_covariance_s15.npz,76335,aaffabc6c3b4b80f1b1cf1c6a6068f1582978e003093feef71c15e3aaac12755
tcn,clean_only,43,bandpass_n20005_cLA_LL_covariance_s10,phase2/results/predictions/full/clean_only/tcn/seed_43/bandpass_n20005_cLA_LL_covariance_s10.npz,76302,29e804c72b061b30cdf1b653cabdd8aeb17717442a989f49ae31310337c2c245
tcn,clean_only,43,bandpass_n20005_cLA_LL_covariance_s5,phase2/results/predictions/full/clean_only/tcn/seed_43/bandpass_n20005_cLA_LL_covariance_s5.npz,76076,ac71a95e1c959cadbff17d9a6040660cb0868714bc563282d35474a76903d659
tcn,clean_only,43,bandpass_n20005_cLA_LL_covariance_s0,phase2/results/predictions/full/clean_only/tcn/seed_43/bandpass_n20005_cLA_LL_covariance_s0.npz,75579,1354e501c7249fbe6d96ab40881b59ea16b6de0fa4457acf56169c569b8292c5
tcn,clean_only,43,bandpass_n20005_cRA_LL_independent_rms_s20,phase2/results/predictions/full/clean_only/tcn/seed_43/bandpass_n20005_cRA_LL_independent_rms_s20.npz,76424,2766ef3e07ba7cc8ec16e46bf777bef567b7915afd975d73298c52937448ad18
tcn,clean_only,43,bandpass_n20005_cRA_LL_independent_rms_s15,phase2/results/predictions/full/clean_only/tcn/seed_43/bandpass_n20005_cRA_LL_independent_rms_s15.npz,76422,51261465d8dc5564f26daa571b0fec587c51fcc3af8d151b91f732d9e0c3987d
tcn,clean_only,43,bandpass_n20005_cRA_LL_independent_rms_s10,phase2/results/predictions/full/clean_only/tcn/seed_43/bandpass_n20005_cRA_LL_independent_rms_s10.npz,76354,30ff9829a9a5c32dff1f3855a9c49b6355e3773a33fdd7209030ec624ad4391a
tcn,clean_only,43,bandpass_n20005_cRA_LL_independent_rms_s5,phase2/results/predictions/full/clean_only/tcn/seed_43/bandpass_n20005_cRA_LL_independent_rms_s5.npz,76166,8b7485769e6d64404d00167c0a58a9d572a8ef6fc18eeb200224c16546d9950a
tcn,clean_only,43,bandpass_n20005_cRA_LL_independent_rms_s0,phase2/results/predictions/full/clean_only/tcn/seed_43/bandpass_n20005_cRA_LL_independent_rms_s0.npz,75833,8abb373091605f8b8a8d16bb3e35b2edad286f7fedf4d094e70de3a6412259d1
tcn,clean_only,43,bandpass_n20005_cRA_LL_electrode_s20,phase2/results/predictions/full/clean_only/tcn/seed_43/bandpass_n20005_cRA_LL_electrode_s20.npz,76419,ffce6cae52df1160dc7212c9d76218b3d9ccd29de53c2f12120db7f33df3bb7c
tcn,clean_only,43,bandpass_n20005_cRA_LL_electrode_s15,phase2/results/predictions/full/clean_only/tcn/seed_43/bandpass_n20005_cRA_LL_electrode_s15.npz,76362,d4cdaae9a1a67594b23e690654d97785b5b6f7b1d5a5b0f86a06b056e0080a4e
tcn,clean_only,43,bandpass_n20005_cRA_LL_electrode_s10,phase2/results/predictions/full/clean_only/tcn/seed_43/bandpass_n20005_cRA_LL_electrode_s10.npz,76243,57a9863cf83e31810e16c13fe1fde2f8ee808a30d92e4c705a56c795d188c2e4
tcn,clean_only,43,bandpass_n20005_cRA_LL_electrode_s5,phase2/results/predictions/full/clean_only/tcn/seed_43/bandpass_n20005_cRA_LL_electrode_s5.npz,75968,3d6256d55a7aed9700234cc5eaf13799c1a39cc3197593cd592ea286946a0f96
tcn,clean_only,43,bandpass_n20005_cRA_LL_electrode_s0,phase2/results/predictions/full/clean_only/tcn/seed_43/bandpass_n20005_cRA_LL_electrode_s0.npz,75436,44280f7ccf3073245293467e38288383575c9949cd8750d009e0cc11bffaf646
tcn,clean_only,43,bandpass_n20005_cRA_LL_covariance_s20,phase2/results/predictions/full/clean_only/tcn/seed_43/bandpass_n20005_cRA_LL_covariance_s20.npz,76417,24dfddd167b0bd1869e6a7907dbc2528fb43933b4d30d53ddabeffb445dc7d9a
tcn,clean_only,43,bandpass_n20005_cRA_LL_covariance_s15,phase2/results/predictions/full/clean_only/tcn/seed_43/bandpass_n20005_cRA_LL_covariance_s15.npz,76375,45c40176eb9b7b73b00bb07c454014206e0f3164cc0e407f84879ae27cca9b72
tcn,clean_only,43,bandpass_n20005_cRA_LL_covariance_s10,phase2/results/predictions/full/clean_only/tcn/seed_43/bandpass_n20005_cRA_LL_covariance_s10.npz,76208,fecfcc1b441525d0c4a9d1d496fedc443a8941e5cc578c08d820f2ca08038472
tcn,clean_only,43,bandpass_n20005_cRA_LL_covariance_s5,phase2/results/predictions/full/clean_only/tcn/seed_43/bandpass_n20005_cRA_LL_covariance_s5.npz,75986,9f1c81498c2fced2d69e7bd39bc0d4e12dbabc957bd8b28411e30734ec61f544
tcn,clean_only,43,bandpass_n20005_cRA_LL_covariance_s0,phase2/results/predictions/full/clean_only/tcn/seed_43/bandpass_n20005_cRA_LL_covariance_s0.npz,75431,1eceb9e834ad7ed5ff3eb497984187b4fc7ea66f9b908fdd039108d664763223
tcn,clean_only,43,bandpass_n20005_cRA_independent_rms_s20,phase2/results/predictions/full/clean_only/tcn/seed_43/bandpass_n20005_cRA_independent_rms_s20.npz,76431,a2b06b9bd9daf3036224635b45a27c0237cae9db4956e499e84cb297c850b7ba
tcn,clean_only,43,bandpass_n20005_cRA_independent_rms_s15,phase2/results/predictions/full/clean_only/tcn/seed_43/bandpass_n20005_cRA_independent_rms_s15.npz,76420,040e13d6ecad6fa9fe0573df36dd0b04a6770dd9050ad6f07a841ab5e5f1c876
tcn,clean_only,43,bandpass_n20005_cRA_independent_rms_s10,phase2/results/predictions/full/clean_only/tcn/seed_43/bandpass_n20005_cRA_independent_rms_s10.npz,76339,c52f39820373f5d9a8aace7771e2378fedb08ba9d5a7b1f86308f69274b68518
tcn,clean_only,43,bandpass_n20005_cRA_independent_rms_s5,phase2/results/predictions/full/clean_only/tcn/seed_43/bandpass_n20005_cRA_independent_rms_s5.npz,76204,8d256c4bee357752b8d56a06e3f5e1bd6220d17320df80ff6c5261ebee4218de
tcn,clean_only,43,bandpass_n20005_cRA_independent_rms_s0,phase2/results/predictions/full/clean_only/tcn/seed_43/bandpass_n20005_cRA_independent_rms_s0.npz,75848,a6a276bf864bd16db378ab4bf4067447ea00b31f15086c656f2d406a25e6b97d
tcn,clean_only,43,bandpass_n20005_cRA_electrode_s20,phase2/results/predictions/full/clean_only/tcn/seed_43/bandpass_n20005_cRA_electrode_s20.npz,76384,6df6ca4a8228112136a508f7d90a34a9377a485954109c0de32a8783e86e3fe2
tcn,clean_only,43,bandpass_n20005_cRA_electrode_s15,phase2/results/predictions/full/clean_only/tcn/seed_43/bandpass_n20005_cRA_electrode_s15.npz,76350,cd76291abee985fffda2d4c94f13f005dccc027e1ebac35a16201ff7466cf36b
tcn,clean_only,43,bandpass_n20005_cRA_electrode_s10,phase2/results/predictions/full/clean_only/tcn/seed_43/bandpass_n20005_cRA_electrode_s10.npz,76197,f021144e0f4af389da575f785dfab12b605913239534db97563b334b3de66898
tcn,clean_only,43,bandpass_n20005_cRA_electrode_s5,phase2/results/predictions/full/clean_only/tcn/seed_43/bandpass_n20005_cRA_electrode_s5.npz,75933,c033625e6fc4d7088d3abd72f588aa2c4c68edcb50902ee959715b2f9dddf44f
tcn,clean_only,43,bandpass_n20005_cRA_electrode_s0,phase2/results/predictions/full/clean_only/tcn/seed_43/bandpass_n20005_cRA_electrode_s0.npz,75359,7305f31bc43827dccffccf79969bb865530d2b72ddfe928f073ed3973d237b6f
tcn,clean_only,43,bandpass_n20005_cRA_covariance_s20,phase2/results/predictions/full/clean_only/tcn/seed_43/bandpass_n20005_cRA_covariance_s20.npz,76394,31173d49e3cd2fc084c4fd832aa3afe29c4288fd03e366edb0758e558a35ca46
tcn,clean_only,43,bandpass_n20005_cRA_covariance_s15,phase2/results/predictions/full/clean_only/tcn/seed_43/bandpass_n20005_cRA_covariance_s15.npz,76349,87a5bbe4181ac7d7354ad98385a270c68d146e1cb333ec47dcde76b9f95b5e23
tcn,clean_only,43,bandpass_n20005_cRA_covariance_s10,phase2/results/predictions/full/clean_only/tcn/seed_43/bandpass_n20005_cRA_covariance_s10.npz,76220,50cd6709bb181159859d00fda53ed8d74e399081c32c97898fba0431c52dc0b9
tcn,clean_only,43,bandpass_n20005_cRA_covariance_s5,phase2/results/predictions/full/clean_only/tcn/seed_43/bandpass_n20005_cRA_covariance_s5.npz,75943,d1b682cdbe6ed9fab8bea0e4e756e4693d84a77c9f3c3b0367830d3a2e3dafcd
tcn,clean_only,43,bandpass_n20005_cRA_covariance_s0,phase2/results/predictions/full/clean_only/tcn/seed_43/bandpass_n20005_cRA_covariance_s0.npz,75303,49dc68a006164a24116d508e7362be941d18a1985729b1a4222efc097da03782
tcn,clean_only,43,bandpass_n20005_cLA_independent_rms_s20,phase2/results/predictions/full/clean_only/tcn/seed_43/bandpass_n20005_cLA_independent_rms_s20.npz,76420,6941a1ec2956fd05b1c6e7c4c0a762d0b29d1cfdbedf99ba19685c630aebca1e
tcn,clean_only,43,bandpass_n20005_cLA_independent_rms_s15,phase2/results/predictions/full/clean_only/tcn/seed_43/bandpass_n20005_cLA_independent_rms_s15.npz,76381,d7ef34bf3811c03906a42eb1ee253877bf9cb8a383efe60e18f51f4776d18c1f
tcn,clean_only,43,bandpass_n20005_cLA_independent_rms_s10,phase2/results/predictions/full/clean_only/tcn/seed_43/bandpass_n20005_cLA_independent_rms_s10.npz,76316,fcac5a8eaebcc3378b96bab78e3cc034f23aa6baad7fb30fe908fd9fb2791577
tcn,clean_only,43,bandpass_n20005_cLA_independent_rms_s5,phase2/results/predictions/full/clean_only/tcn/seed_43/bandpass_n20005_cLA_independent_rms_s5.npz,76175,c435ffd16c4fe9c39fa2cfd5a3d96eac23f4691b6b316dc1423dd46338218d9b
tcn,clean_only,43,bandpass_n20005_cLA_independent_rms_s0,phase2/results/predictions/full/clean_only/tcn/seed_43/bandpass_n20005_cLA_independent_rms_s0.npz,75782,fcf0da68d783e4b1a6e1ba9fb15daa890c8f58f4bab9510a65b2da1f43add735
tcn,clean_only,43,bandpass_n20005_cLA_electrode_s20,phase2/results/predictions/full/clean_only/tcn/seed_43/bandpass_n20005_cLA_electrode_s20.npz,76399,a1294ff44071ec128a8d00b9c6eb0be2e4e4765c1e4526997291c0d44c3dfd38
tcn,clean_only,43,bandpass_n20005_cLA_electrode_s15,phase2/results/predictions/full/clean_only/tcn/seed_43/bandpass_n20005_cLA_electrode_s15.npz,76346,989ff6ca74cb7193b207a18ff2cd47ec9b15caa5d759329284821ead666d4b8a
tcn,clean_only,43,bandpass_n20005_cLA_electrode_s10,phase2/results/predictions/full/clean_only/tcn/seed_43/bandpass_n20005_cLA_electrode_s10.npz,76277,3d0e6e1a849de8dd6577ee1de7fe76d8c570714eb407b2b820304e0c24ebadd7
tcn,clean_only,43,bandpass_n20005_cLA_electrode_s5,phase2/results/predictions/full/clean_only/tcn/seed_43/bandpass_n20005_cLA_electrode_s5.npz,76048,8d3a84b5d3950c0af2163af56214c8b749d87c640dc930d961cd440b2521f003
tcn,clean_only,43,bandpass_n20005_cLA_electrode_s0,phase2/results/predictions/full/clean_only/tcn/seed_43/bandpass_n20005_cLA_electrode_s0.npz,75550,85dc2727c3a4ee9c31a1d1882216bd342b07b8e8f78bed992092ba51f12dacde
tcn,clean_only,43,bandpass_n20005_cLA_covariance_s20,phase2/results/predictions/full/clean_only/tcn/seed_43/bandpass_n20005_cLA_covariance_s20.npz,76394,b03b3c99652ff4c94b37860210ab03adb6f2feef8db57397cfa03c4946d87cdd
tcn,clean_only,43,bandpass_n20005_cLA_covariance_s15,phase2/results/predictions/full/clean_only/tcn/seed_43/bandpass_n20005_cLA_covariance_s15.npz,76375,86cf3d55f22e31444b02a9071e0f380c4dcd55f8292f8cf5379d6a1d201de063
tcn,clean_only,43,bandpass_n20005_cLA_covariance_s10,phase2/results/predictions/full/clean_only/tcn/seed_43/bandpass_n20005_cLA_covariance_s10.npz,76267,5f4af94afdeae41f5841e4c78a80756114fc2782520de5454eb07f50f751510f
tcn,clean_only,43,bandpass_n20005_cLA_covariance_s5,phase2/results/predictions/full/clean_only/tcn/seed_43/bandpass_n20005_cLA_covariance_s5.npz,76041,d01c1c50034125037d866d02ae8d63e39abfc3d951740b3596f9de32f8ba6734
tcn,clean_only,43,bandpass_n20005_cLA_covariance_s0,phase2/results/predictions/full/clean_only/tcn/seed_43/bandpass_n20005_cLA_covariance_s0.npz,75573,e918a8bb20664770a59ee708396b7dc838c059f7b0dfc323037ec109c8a97fab
tcn,clean_only,43,bandpass_n20005_cLL_independent_rms_s20,phase2/results/predictions/full/clean_only/tcn/seed_43/bandpass_n20005_cLL_independent_rms_s20.npz,76416,025f2cbe57bb7c25bb261d3b77ae123cd17ba98d18aef8c9e16416892f1b5073
tcn,clean_only,43,bandpass_n20005_cLL_independent_rms_s15,phase2/results/predictions/full/clean_only/tcn/seed_43/bandpass_n20005_cLL_independent_rms_s15.npz,76425,7eb3d1ac91fb1bee115d3e3cb543a36a4bbb1b3e433ddcdffc2509a9aab71ec3
tcn,clean_only,43,bandpass_n20005_cLL_independent_rms_s10,phase2/results/predictions/full/clean_only/tcn/seed_43/bandpass_n20005_cLL_independent_rms_s10.npz,76326,24aca03beb8aca1880a6d02e3ff1b81702016eebc3ea5e3c1cf0389595f9185d
tcn,clean_only,43,bandpass_n20005_cLL_independent_rms_s5,phase2/results/predictions/full/clean_only/tcn/seed_43/bandpass_n20005_cLL_independent_rms_s5.npz,76162,379261366af77ffdb8c2829960d400cbb353e20d82e1d08dd8c2138b18e323c9
tcn,clean_only,43,bandpass_n20005_cLL_independent_rms_s0,phase2/results/predictions/full/clean_only/tcn/seed_43/bandpass_n20005_cLL_independent_rms_s0.npz,75818,9056c19487bf8149d6b84869f1491a05af3ccdfbca693aacd014704d3b6d63e5
tcn,clean_only,43,bandpass_n20005_cLL_electrode_s20,phase2/results/predictions/full/clean_only/tcn/seed_43/bandpass_n20005_cLL_electrode_s20.npz,76390,f16acc27acbf5c11c68c6aeb5a677b8214ed34a7b8f00e37184b120f1a038439
tcn,clean_only,43,bandpass_n20005_cLL_electrode_s15,phase2/results/predictions/full/clean_only/tcn/seed_43/bandpass_n20005_cLL_electrode_s15.npz,76391,5ad661d8e1ae3fdf5e9f4e954b0187abb0ae5b24f4acfa42026f37a4709e9dcd
tcn,clean_only,43,bandpass_n20005_cLL_electrode_s10,phase2/results/predictions/full/clean_only/tcn/seed_43/bandpass_n20005_cLL_electrode_s10.npz,76300,7ff1ca947b91a9a94f04152f02ae524b21de10ddb5052a483355e2f53c8b16b0
tcn,clean_only,43,bandpass_n20005_cLL_electrode_s5,phase2/results/predictions/full/clean_only/tcn/seed_43/bandpass_n20005_cLL_electrode_s5.npz,76040,31eae5399c129d94a43e4312905edbcad1d10737018f469bbfe8fa3f2670f4eb
tcn,clean_only,43,bandpass_n20005_cLL_electrode_s0,phase2/results/predictions/full/clean_only/tcn/seed_43/bandpass_n20005_cLL_electrode_s0.npz,75710,cb167dd7bab1860b33139fcb5964465a6af338838d398863657bb1e24d23e75c
tcn,clean_only,43,bandpass_n20005_cLL_covariance_s20,phase2/results/predictions/full/clean_only/tcn/seed_43/bandpass_n20005_cLL_covariance_s20.npz,76401,3a32c94159e97607520402c4bddf10e40f69d94e352026bf0becc91f18970447
tcn,clean_only,43,bandpass_n20005_cLL_covariance_s15,phase2/results/predictions/full/clean_only/tcn/seed_43/bandpass_n20005_cLL_covariance_s15.npz,76365,92a42673e3a172bba5338440173e333bb9029a015c6f20727bc39155ba64757e
tcn,clean_only,43,bandpass_n20005_cLL_covariance_s10,phase2/results/predictions/full/clean_only/tcn/seed_43/bandpass_n20005_cLL_covariance_s10.npz,76283,638ab7db77aafcdb6302e8576d3e771d7e52a7505dba476eb14315ab9073703e
tcn,clean_only,43,bandpass_n20005_cLL_covariance_s5,phase2/results/predictions/full/clean_only/tcn/seed_43/bandpass_n20005_cLL_covariance_s5.npz,76080,3f55ae88596f016cdd9b8805fea0d8bb9eb4458bc238e09191ac0b8a1724a651
tcn,clean_only,43,bandpass_n20005_cLL_covariance_s0,phase2/results/predictions/full/clean_only/tcn/seed_43/bandpass_n20005_cLL_covariance_s0.npz,75718,95cf720bd975d70eef17a4cb22005f309b569a5f4e4ed3d19d7da73818410c06
tcn,clean_only,43,bandpass_n20005_cRA_V1_independent_rms_s20,phase2/results/predictions/full/clean_only/tcn/seed_43/bandpass_n20005_cRA_V1_independent_rms_s20.npz,76431,c00a9f4778e3a6b6e5ced76ca05cdd482584fb12f1b032218ec4b1eaaeddc7a1
tcn,clean_only,43,bandpass_n20005_cRA_V1_independent_rms_s15,phase2/results/predictions/full/clean_only/tcn/seed_43/bandpass_n20005_cRA_V1_independent_rms_s15.npz,76426,fa4e3c278281c9f5eae914dc64f45e4aec3ef1d2c0ed6139c54e09b98a45bb61
tcn,clean_only,43,bandpass_n20005_cRA_V1_independent_rms_s10,phase2/results/predictions/full/clean_only/tcn/seed_43/bandpass_n20005_cRA_V1_independent_rms_s10.npz,76328,ec06d63a4efdbf95c52207ae0f235e845f834427bb0b46e3fd340773cb9abe83
tcn,clean_only,43,bandpass_n20005_cRA_V1_independent_rms_s5,phase2/results/predictions/full/clean_only/tcn/seed_43/bandpass_n20005_cRA_V1_independent_rms_s5.npz,76171,7e0c557309e01aa945c0ea622877482cf8f1c7200de858b2a39b0ae3b87c5551
tcn,clean_only,43,bandpass_n20005_cRA_V1_independent_rms_s0,phase2/results/predictions/full/clean_only/tcn/seed_43/bandpass_n20005_cRA_V1_independent_rms_s0.npz,75820,62fa08df6b607fa68d164e28e6dac5efcfeda72e190bf9897915308906d42d6d
tcn,clean_only,43,bandpass_n20005_cRA_V1_electrode_s20,phase2/results/predictions/full/clean_only/tcn/seed_43/bandpass_n20005_cRA_V1_electrode_s20.npz,76385,20afa0c307caad4d960e895a5c15450ad51c4680ba3936053c62089490742262
tcn,clean_only,43,bandpass_n20005_cRA_V1_electrode_s15,phase2/results/predictions/full/clean_only/tcn/seed_43/bandpass_n20005_cRA_V1_electrode_s15.npz,76372,bccd0f19d3084fe1876521d5ac4ad84dc5f94268ea647b0b9bd55dd822984815
tcn,clean_only,43,bandpass_n20005_cRA_V1_electrode_s10,phase2/results/predictions/full/clean_only/tcn/seed_43/bandpass_n20005_cRA_V1_electrode_s10.npz,76270,b63c3b94b5a496dd002f0a2f7980092eabf182d0cc1ff9ef8ccf03ffd6812507
tcn,clean_only,43,bandpass_n20005_cRA_V1_electrode_s5,phase2/results/predictions/full/clean_only/tcn/seed_43/bandpass_n20005_cRA_V1_electrode_s5.npz,76018,003d78d25e9f3ffa74748c3eb7c9d0b1737b8ca07260374cf5798929b0377021
tcn,clean_only,43,bandpass_n20005_cRA_V1_electrode_s0,phase2/results/predictions/full/clean_only/tcn/seed_43/bandpass_n20005_cRA_V1_electrode_s0.npz,75392,b8d1e0557c153911f1032111fbb813c98c709b6ca4ddeaacdff5cd1636b915d5
tcn,clean_only,43,bandpass_n20005_cRA_V1_covariance_s20,phase2/results/predictions/full/clean_only/tcn/seed_43/bandpass_n20005_cRA_V1_covariance_s20.npz,76410,eb1a2c3e08fd7fe6f9cbcd43916a195a8d39bc7950fd292f2a4ae14fb55dae41
tcn,clean_only,43,bandpass_n20005_cRA_V1_covariance_s15,phase2/results/predictions/full/clean_only/tcn/seed_43/bandpass_n20005_cRA_V1_covariance_s15.npz,76410,dcfae539383dfc018dad248a36b7ea1a900eb0bce6e6918334a526b60fd4caed
tcn,clean_only,43,bandpass_n20005_cRA_V1_covariance_s10,phase2/results/predictions/full/clean_only/tcn/seed_43/bandpass_n20005_cRA_V1_covariance_s10.npz,76274,bc7b701b9bb3f4fd343aa10678424d382f5626036df1ab25d5bbb575afd6d076
tcn,clean_only,43,bandpass_n20005_cRA_V1_covariance_s5,phase2/results/predictions/full/clean_only/tcn/seed_43/bandpass_n20005_cRA_V1_covariance_s5.npz,75984,969308812db41db3a8e0c3f8f677cbcc268736964fc7a65a2ba04ad719e46141
tcn,clean_only,43,bandpass_n20005_cRA_V1_covariance_s0,phase2/results/predictions/full/clean_only/tcn/seed_43/bandpass_n20005_cRA_V1_covariance_s0.npz,75373,e62fa98718a600e5cfced6b731f66c61237441613512a17bfa14212d8cb2eb84
tcn,clean_only,43,bandpass_n20005_cLA_V6_independent_rms_s20,phase2/results/predictions/full/clean_only/tcn/seed_43/bandpass_n20005_cLA_V6_independent_rms_s20.npz,76447,78ab74c8dfb460aa446f641794fbcd376e58db3d0290febcbe93997888d874e4
tcn,clean_only,43,bandpass_n20005_cLA_V6_independent_rms_s15,phase2/results/predictions/full/clean_only/tcn/seed_43/bandpass_n20005_cLA_V6_independent_rms_s15.npz,76414,adefd5f5b5d9fa7d32d1878ac52ad739af2f43a1ee294b104601d11f984cf94e
tcn,clean_only,43,bandpass_n20005_cLA_V6_independent_rms_s10,phase2/results/predictions/full/clean_only/tcn/seed_43/bandpass_n20005_cLA_V6_independent_rms_s10.npz,76374,8c235d980a03e0f15a6ae3fffcbd810010519af1d7b65c5301d36d0b26c10a14
tcn,clean_only,43,bandpass_n20005_cLA_V6_independent_rms_s5,phase2/results/predictions/full/clean_only/tcn/seed_43/bandpass_n20005_cLA_V6_independent_rms_s5.npz,76174,c7424d1a86abd955991b3dbb17ca0ef5c842402bf6e63bc8707bc98ef0fe9a89
tcn,clean_only,43,bandpass_n20005_cLA_V6_independent_rms_s0,phase2/results/predictions/full/clean_only/tcn/seed_43/bandpass_n20005_cLA_V6_independent_rms_s0.npz,75802,1c2b63da2943f1737d76433afb50704332199d46e800a101ec813343da7e9af4
tcn,clean_only,43,bandpass_n20005_cLA_V6_electrode_s20,phase2/results/predictions/full/clean_only/tcn/seed_43/bandpass_n20005_cLA_V6_electrode_s20.npz,76365,c9b71926377c5c756e3bfbb753114435f9d2a9854da2d58a676f8e7c6f47c37d
tcn,clean_only,43,bandpass_n20005_cLA_V6_electrode_s15,phase2/results/predictions/full/clean_only/tcn/seed_43/bandpass_n20005_cLA_V6_electrode_s15.npz,76388,8f0d9783af30f6eeaf2b652f8a84445864e0fe4a702ddb48ae9e446c1284468a
tcn,clean_only,43,bandpass_n20005_cLA_V6_electrode_s10,phase2/results/predictions/full/clean_only/tcn/seed_43/bandpass_n20005_cLA_V6_electrode_s10.npz,76297,a256fbb0d4fbe059c8b5eea818d7a2b05bb7e0f41b59a939f74727c8e8ab9a90
tcn,clean_only,43,bandpass_n20005_cLA_V6_electrode_s5,phase2/results/predictions/full/clean_only/tcn/seed_43/bandpass_n20005_cLA_V6_electrode_s5.npz,76094,e442a63d82f2e0fcaa7340dc2a6e9aa361faa3ce3113acb4532511d78545ed33
tcn,clean_only,43,bandpass_n20005_cLA_V6_electrode_s0,phase2/results/predictions/full/clean_only/tcn/seed_43/bandpass_n20005_cLA_V6_electrode_s0.npz,75591,4f0ba3d2a7324b03d18b6de18f253413ea4548273bddd5cab7f62652456a80b9
tcn,clean_only,43,bandpass_n20005_cLA_V6_covariance_s20,phase2/results/predictions/full/clean_only/tcn/seed_43/bandpass_n20005_cLA_V6_covariance_s20.npz,76428,b0b421692b7d6daf72bf8780dd9a950608ebbdc0f4b63042e48d4639d4ecb678
tcn,clean_only,43,bandpass_n20005_cLA_V6_covariance_s15,phase2/results/predictions/full/clean_only/tcn/seed_43/bandpass_n20005_cLA_V6_covariance_s15.npz,76407,932ea867d9248d5645849647bd7e24b850b458ffbaa6da550af7398742c412bf
tcn,clean_only,43,bandpass_n20005_cLA_V6_covariance_s10,phase2/results/predictions/full/clean_only/tcn/seed_43/bandpass_n20005_cLA_V6_covariance_s10.npz,76308,19f4b88bac2e551bccb35706d3e61ad43f5c23c99dc1adad6d4f45bfb7df3031
tcn,clean_only,43,bandpass_n20005_cLA_V6_covariance_s5,phase2/results/predictions/full/clean_only/tcn/seed_43/bandpass_n20005_cLA_V6_covariance_s5.npz,76096,f1230d040201e6a58cca6fa57407876568ae95c134c30ea35a443d83c269bbf1
tcn,clean_only,43,bandpass_n20005_cLA_V6_covariance_s0,phase2/results/predictions/full/clean_only/tcn/seed_43/bandpass_n20005_cLA_V6_covariance_s0.npz,75633,45c48ba9b6f5ad6db318038e12a4881055dbdc2407d3ee1ae0bf315f018ac8b9
tcn,clean_only,43,bandpass_n20005_cLL_V4_independent_rms_s20,phase2/results/predictions/full/clean_only/tcn/seed_43/bandpass_n20005_cLL_V4_independent_rms_s20.npz,76426,4031bf202f819ba95f03e7d0dfae4e69ba0cb8025b4599c85b2049f6898d5d94
tcn,clean_only,43,bandpass_n20005_cLL_V4_independent_rms_s15,phase2/results/predictions/full/clean_only/tcn/seed_43/bandpass_n20005_cLL_V4_independent_rms_s15.npz,76411,b0435f45f7377f4992849c5083f53725951b1dbb61ceb49eea79b878f922f51a
tcn,clean_only,43,bandpass_n20005_cLL_V4_independent_rms_s10,phase2/results/predictions/full/clean_only/tcn/seed_43/bandpass_n20005_cLL_V4_independent_rms_s10.npz,76336,78577429eba9b43cf1968fc33504815aaf054cb897a76963638bf64422b49a6b
tcn,clean_only,43,bandpass_n20005_cLL_V4_independent_rms_s5,phase2/results/predictions/full/clean_only/tcn/seed_43/bandpass_n20005_cLL_V4_independent_rms_s5.npz,76200,f8d14cfbb18dac6db6a5215294c5204befbf3fddfdb0a6b1f8f2c52d922b5019
tcn,clean_only,43,bandpass_n20005_cLL_V4_independent_rms_s0,phase2/results/predictions/full/clean_only/tcn/seed_43/bandpass_n20005_cLL_V4_independent_rms_s0.npz,75848,23c56de976e49bd1d81332b1055ae6083ed29ae1a801d1c102a9b38cc89793ec
tcn,clean_only,43,bandpass_n20005_cLL_V4_electrode_s20,phase2/results/predictions/full/clean_only/tcn/seed_43/bandpass_n20005_cLL_V4_electrode_s20.npz,76441,752e9e3773c54ae81d84f6b1c331b664c229722e794774533315740cf03da6fd
tcn,clean_only,43,bandpass_n20005_cLL_V4_electrode_s15,phase2/results/predictions/full/clean_only/tcn/seed_43/bandpass_n20005_cLL_V4_electrode_s15.npz,76358,017e4fdb0d34d69afa380033ef9665667660ca0b0504f586f6eed94cb1574dbc
tcn,clean_only,43,bandpass_n20005_cLL_V4_electrode_s10,phase2/results/predictions/full/clean_only/tcn/seed_43/bandpass_n20005_cLL_V4_electrode_s10.npz,76285,9a95806c016d9d827e32ac463fc2d6a8d11b851aefc9c4a8893383fef199d3f4
tcn,clean_only,43,bandpass_n20005_cLL_V4_electrode_s5,phase2/results/predictions/full/clean_only/tcn/seed_43/bandpass_n20005_cLL_V4_electrode_s5.npz,76122,ab0ad4fa02cb882c2c15789ae5e681ad381505de18d104a68ee9d0c096cb09ab
tcn,clean_only,43,bandpass_n20005_cLL_V4_electrode_s0,phase2/results/predictions/full/clean_only/tcn/seed_43/bandpass_n20005_cLL_V4_electrode_s0.npz,75707,ba3a30961d8e8f55e11395bbfdb122e924b4f5d1beeea551d4d165810ccfe3f6
tcn,clean_only,43,bandpass_n20005_cLL_V4_covariance_s20,phase2/results/predictions/full/clean_only/tcn/seed_43/bandpass_n20005_cLL_V4_covariance_s20.npz,76387,625c1478963704312a65ec903681bae79560db0728dca0cda747294a18ec8160
tcn,clean_only,43,bandpass_n20005_cLL_V4_covariance_s15,phase2/results/predictions/full/clean_only/tcn/seed_43/bandpass_n20005_cLL_V4_covariance_s15.npz,76392,df77b6b48d936c8f6f897990c0892e504ae49e54d51dd5529050a40d40d4c89f
tcn,clean_only,43,bandpass_n20005_cLL_V4_covariance_s10,phase2/results/predictions/full/clean_only/tcn/seed_43/bandpass_n20005_cLL_V4_covariance_s10.npz,76312,0736e569c4fcd14fb4744acd81cd21e376695df6f0edbc4d7d204fe3b0d0ff07
tcn,clean_only,43,bandpass_n20005_cLL_V4_covariance_s5,phase2/results/predictions/full/clean_only/tcn/seed_43/bandpass_n20005_cLL_V4_covariance_s5.npz,76124,40a8db8fedf1e9b9d8f90ea0f7c8e274dbc47c1271967a2ead7438932f4568b5
tcn,clean_only,43,bandpass_n20005_cLL_V4_covariance_s0,phase2/results/predictions/full/clean_only/tcn/seed_43/bandpass_n20005_cLL_V4_covariance_s0.npz,75724,fa5b609e82612f9db4f50dea668c2e4c94f2515caedc1a4e210e6663e90a96ba
tcn,clean_only,43,bandpass_n20005_cRA_LA_V1_V6_independent_rms_s20,phase2/results/predictions/full/clean_only/tcn/seed_43/bandpass_n20005_cRA_LA_V1_V6_independent_rms_s20.npz,76455,9e62fb31ee3cf5b5e14bf4f734f641c55000e1558bb8c2e42e2ae0b6d71e8b99
tcn,clean_only,43,bandpass_n20005_cRA_LA_V1_V6_independent_rms_s15,phase2/results/predictions/full/clean_only/tcn/seed_43/bandpass_n20005_cRA_LA_V1_V6_independent_rms_s15.npz,76411,831f456f2f0261c6fb0761b0707ce643e742264bd5f45d7342b28478ced0dcf8
tcn,clean_only,43,bandpass_n20005_cRA_LA_V1_V6_independent_rms_s10,phase2/results/predictions/full/clean_only/tcn/seed_43/bandpass_n20005_cRA_LA_V1_V6_independent_rms_s10.npz,76380,6c405a2e1303fd6ba470fb28d3d24314314cd6249ba36d82bfbd8ce4d2261a01
tcn,clean_only,43,bandpass_n20005_cRA_LA_V1_V6_independent_rms_s5,phase2/results/predictions/full/clean_only/tcn/seed_43/bandpass_n20005_cRA_LA_V1_V6_independent_rms_s5.npz,76178,78ab8edbc105c814ae991ce28d469341370d1f710420573bb61c4219fc618806
tcn,clean_only,43,bandpass_n20005_cRA_LA_V1_V6_independent_rms_s0,phase2/results/predictions/full/clean_only/tcn/seed_43/bandpass_n20005_cRA_LA_V1_V6_independent_rms_s0.npz,75852,e2bbf832527f118301d3e0c54193fe56295e95ac5891c753092faf4923e2c544
tcn,clean_only,43,bandpass_n20005_cRA_LA_V1_V6_electrode_s20,phase2/results/predictions/full/clean_only/tcn/seed_43/bandpass_n20005_cRA_LA_V1_V6_electrode_s20.npz,76428,1ded94c90e2b823c7a8ee5acf6bf916db03cb64e8f36cf18543505cb51325cea
tcn,clean_only,43,bandpass_n20005_cRA_LA_V1_V6_electrode_s15,phase2/results/predictions/full/clean_only/tcn/seed_43/bandpass_n20005_cRA_LA_V1_V6_electrode_s15.npz,76415,b09dab3600dc30f1f89b3a0b595f0ad3b1cf659b0e3a8f09113ac91e603476c2
tcn,clean_only,43,bandpass_n20005_cRA_LA_V1_V6_electrode_s10,phase2/results/predictions/full/clean_only/tcn/seed_43/bandpass_n20005_cRA_LA_V1_V6_electrode_s10.npz,76236,8bb95e272bee74d1fa31e6d02b9703851ee1d1c161d3cd87c81a2e3c1c75dd47
tcn,clean_only,43,bandpass_n20005_cRA_LA_V1_V6_electrode_s5,phase2/results/predictions/full/clean_only/tcn/seed_43/bandpass_n20005_cRA_LA_V1_V6_electrode_s5.npz,76026,3c6b942f39162b1bcfbc0c560359c463c6a4765c5837e67451341b3e3857ded4
tcn,clean_only,43,bandpass_n20005_cRA_LA_V1_V6_electrode_s0,phase2/results/predictions/full/clean_only/tcn/seed_43/bandpass_n20005_cRA_LA_V1_V6_electrode_s0.npz,75408,e5921e18ec15cd2e960e26d1763aa79d61ab09b9380e294f21c14aea5ba998c4
tcn,clean_only,43,bandpass_n20005_cRA_LA_V1_V6_covariance_s20,phase2/results/predictions/full/clean_only/tcn/seed_43/bandpass_n20005_cRA_LA_V1_V6_covariance_s20.npz,76409,ea721fd22d3799ad77a14b34b573ee8e5049a80715777b4982a9d411c373838e
tcn,clean_only,43,bandpass_n20005_cRA_LA_V1_V6_covariance_s15,phase2/results/predictions/full/clean_only/tcn/seed_43/bandpass_n20005_cRA_LA_V1_V6_covariance_s15.npz,76398,7cd5fc10a2292a8442bd4061bc24952cc9ae681d8fe902551ab4fe61c9bc8d58
tcn,clean_only,43,bandpass_n20005_cRA_LA_V1_V6_covariance_s10,phase2/results/predictions/full/clean_only/tcn/seed_43/bandpass_n20005_cRA_LA_V1_V6_covariance_s10.npz,76310,ad055e11f6a5489deecdcd14ffeaff3afa3b0139faced98b000d385cb8d2fa10
tcn,clean_only,43,bandpass_n20005_cRA_LA_V1_V6_covariance_s5,phase2/results/predictions/full/clean_only/tcn/seed_43/bandpass_n20005_cRA_LA_V1_V6_covariance_s5.npz,76044,1fbd543ad0324a460fe6796522455f980634b50becc006e8c319fb6cc6994cc2
tcn,clean_only,43,bandpass_n20005_cRA_LA_V1_V6_covariance_s0,phase2/results/predictions/full/clean_only/tcn/seed_43/bandpass_n20005_cRA_LA_V1_V6_covariance_s0.npz,75429,89ade3df78dec0f3dcc540dd5154257858f9800f8658eee378efa45bf540af72
tcn,clean_only,43,bandpass_n20005_cRA_V2_V5_independent_rms_s20,phase2/results/predictions/full/clean_only/tcn/seed_43/bandpass_n20005_cRA_V2_V5_independent_rms_s20.npz,76455,b419a331d3a39f01c0d0d634dd932619af4b96386cc5a55a97d3b255b1c00ec4
tcn,clean_only,43,bandpass_n20005_cRA_V2_V5_independent_rms_s15,phase2/results/predictions/full/clean_only/tcn/seed_43/bandpass_n20005_cRA_V2_V5_independent_rms_s15.npz,76417,19d221f9eb29aacadfc64c29de5d11a9f3d7adc42251c0229d8e11459564b035
tcn,clean_only,43,bandpass_n20005_cRA_V2_V5_independent_rms_s10,phase2/results/predictions/full/clean_only/tcn/seed_43/bandpass_n20005_cRA_V2_V5_independent_rms_s10.npz,76360,a73f90b2e15b4fb80c8764647ce90c55aa1fc03fbe4c0363f76c84344e77cdf2
tcn,clean_only,43,bandpass_n20005_cRA_V2_V5_independent_rms_s5,phase2/results/predictions/full/clean_only/tcn/seed_43/bandpass_n20005_cRA_V2_V5_independent_rms_s5.npz,76188,2ea697ff826a422500eab13775ed510517f35d9d109cfb3fd5c430df975b02e3
tcn,clean_only,43,bandpass_n20005_cRA_V2_V5_independent_rms_s0,phase2/results/predictions/full/clean_only/tcn/seed_43/bandpass_n20005_cRA_V2_V5_independent_rms_s0.npz,75900,ab415e70206c9479ede1ff7136483582f3f1d046eca0b1f743e4b71a087afe59
tcn,clean_only,43,bandpass_n20005_cRA_V2_V5_electrode_s20,phase2/results/predictions/full/clean_only/tcn/seed_43/bandpass_n20005_cRA_V2_V5_electrode_s20.npz,76424,b4f18edede3ee7f291b00c8f6b3e0783646cff01e7ff4b5666a9d8b9d13bb78a
tcn,clean_only,43,bandpass_n20005_cRA_V2_V5_electrode_s15,phase2/results/predictions/full/clean_only/tcn/seed_43/bandpass_n20005_cRA_V2_V5_electrode_s15.npz,76392,5ddd45448d37a747ba5d5e7ec190c477e2a43e804c8a3645d0e5c5aa436c82c8
tcn,clean_only,43,bandpass_n20005_cRA_V2_V5_electrode_s10,phase2/results/predictions/full/clean_only/tcn/seed_43/bandpass_n20005_cRA_V2_V5_electrode_s10.npz,76299,7373248ad01ccaaf61f26e5e910da912f4008020a3eda3b9f7f22ccdc79d0e70
tcn,clean_only,43,bandpass_n20005_cRA_V2_V5_electrode_s5,phase2/results/predictions/full/clean_only/tcn/seed_43/bandpass_n20005_cRA_V2_V5_electrode_s5.npz,76062,49180b5aae73e4c00a88b2e3b53aaf779896d16a2e66faa3d1cde48c2ef334a0
tcn,clean_only,43,bandpass_n20005_cRA_V2_V5_electrode_s0,phase2/results/predictions/full/clean_only/tcn/seed_43/bandpass_n20005_cRA_V2_V5_electrode_s0.npz,75453,f88f1bf4877061fa05ed90176d523403022e53ee31a51f7d0f41156d104077f7
tcn,clean_only,43,bandpass_n20005_cRA_V2_V5_covariance_s20,phase2/results/predictions/full/clean_only/tcn/seed_43/bandpass_n20005_cRA_V2_V5_covariance_s20.npz,76443,1736eee09196b5c016d404597a125cb6f33aa1b27fabe85659d9efc0d8df28bc
tcn,clean_only,43,bandpass_n20005_cRA_V2_V5_covariance_s15,phase2/results/predictions/full/clean_only/tcn/seed_43/bandpass_n20005_cRA_V2_V5_covariance_s15.npz,76383,b01b86e8883dfdc5b6503379dbcc6f4724343326a4522789811f10eff2aa6819
tcn,clean_only,43,bandpass_n20005_cRA_V2_V5_covariance_s10,phase2/results/predictions/full/clean_only/tcn/seed_43/bandpass_n20005_cRA_V2_V5_covariance_s10.npz,76282,f5e87cc744b3551960d23c035a8c853cf8a7e5fa76cb04f295866ce0d6a52800
tcn,clean_only,43,bandpass_n20005_cRA_V2_V5_covariance_s5,phase2/results/predictions/full/clean_only/tcn/seed_43/bandpass_n20005_cRA_V2_V5_covariance_s5.npz,76051,a3045913d42d4205967916bf8adbe966f9034e1f44b4b92e0b73004c433f8431
tcn,clean_only,43,bandpass_n20005_cRA_V2_V5_covariance_s0,phase2/results/predictions/full/clean_only/tcn/seed_43/bandpass_n20005_cRA_V2_V5_covariance_s0.npz,75425,8d1a34d262337b136b54de0e92b99125c239bc2d19fce3eb44f2c93654bc1163
tcn,clean_only,43,bandpass_n20005_cLA_V3_V6_independent_rms_s20,phase2/results/predictions/full/clean_only/tcn/seed_43/bandpass_n20005_cLA_V3_V6_independent_rms_s20.npz,76430,d888d3c9fed46223392b8ed4fc6e6c750254d5339015056e2d8a8d4d13c9c3ce
tcn,clean_only,43,bandpass_n20005_cLA_V3_V6_independent_rms_s15,phase2/results/predictions/full/clean_only/tcn/seed_43/bandpass_n20005_cLA_V3_V6_independent_rms_s15.npz,76380,c7f52eb8a04c5c0eec1dd5e52c93ed2033a4cb8ba33e0fd7e4fe178d5dedd26f
tcn,clean_only,43,bandpass_n20005_cLA_V3_V6_independent_rms_s10,phase2/results/predictions/full/clean_only/tcn/seed_43/bandpass_n20005_cLA_V3_V6_independent_rms_s10.npz,76372,e98de8aae4be95cdc8fc45aa50b0931746fe7bd56618a07840d3137191fc755f
tcn,clean_only,43,bandpass_n20005_cLA_V3_V6_independent_rms_s5,phase2/results/predictions/full/clean_only/tcn/seed_43/bandpass_n20005_cLA_V3_V6_independent_rms_s5.npz,76240,851c49bdba89fe54a20a2d0f3cc1af01c57f2cb93ceabe9694d2acae0ab0f3bf
tcn,clean_only,43,bandpass_n20005_cLA_V3_V6_independent_rms_s0,phase2/results/predictions/full/clean_only/tcn/seed_43/bandpass_n20005_cLA_V3_V6_independent_rms_s0.npz,75915,7210a69d96031dfccb1ae5a0714c110d303d616054d9d49ef1ac2bd64a35d54b
tcn,clean_only,43,bandpass_n20005_cLA_V3_V6_electrode_s20,phase2/results/predictions/full/clean_only/tcn/seed_43/bandpass_n20005_cLA_V3_V6_electrode_s20.npz,76444,33e621557932b6aac6ad13cb9604ce42cf5125b28aca813a117a5fd33da77d9e
tcn,clean_only,43,bandpass_n20005_cLA_V3_V6_electrode_s15,phase2/results/predictions/full/clean_only/tcn/seed_43/bandpass_n20005_cLA_V3_V6_electrode_s15.npz,76405,897970e1fee2d48bf92815a3a9c868768d7499e6c9ebdf14aae0e4d617d79809
tcn,clean_only,43,bandpass_n20005_cLA_V3_V6_electrode_s10,phase2/results/predictions/full/clean_only/tcn/seed_43/bandpass_n20005_cLA_V3_V6_electrode_s10.npz,76328,9d887394bec7f00230574731292d940b5dff13487af154504d52fbd7675a6103
tcn,clean_only,43,bandpass_n20005_cLA_V3_V6_electrode_s5,phase2/results/predictions/full/clean_only/tcn/seed_43/bandpass_n20005_cLA_V3_V6_electrode_s5.npz,76152,34b60665c4aca1462f2af0c6fced548fcefee2033c7b2d06a3946b011cd824e4
tcn,clean_only,43,bandpass_n20005_cLA_V3_V6_electrode_s0,phase2/results/predictions/full/clean_only/tcn/seed_43/bandpass_n20005_cLA_V3_V6_electrode_s0.npz,75666,3643db7a7edfa560d582cee096472a9f39aac29bc0b85944259f519bae13eddc
tcn,clean_only,43,bandpass_n20005_cLA_V3_V6_covariance_s20,phase2/results/predictions/full/clean_only/tcn/seed_43/bandpass_n20005_cLA_V3_V6_covariance_s20.npz,76412,5dbaa831f49bca23b064048dcb21e091771e43609e771b5ce9ab6e4231ab2758
tcn,clean_only,43,bandpass_n20005_cLA_V3_V6_covariance_s15,phase2/results/predictions/full/clean_only/tcn/seed_43/bandpass_n20005_cLA_V3_V6_covariance_s15.npz,76405,6c6c38eb48a72e9a279d458ae3ed704bb87dd7647c69fd09d3e629eb8c5065c0
tcn,clean_only,43,bandpass_n20005_cLA_V3_V6_covariance_s10,phase2/results/predictions/full/clean_only/tcn/seed_43/bandpass_n20005_cLA_V3_V6_covariance_s10.npz,76326,859b1fdfbabacd8cf8adb5cc5e3df0699da43e3d81295c6709e081ba1f7dfc2d
tcn,clean_only,43,bandpass_n20005_cLA_V3_V6_covariance_s5,phase2/results/predictions/full/clean_only/tcn/seed_43/bandpass_n20005_cLA_V3_V6_covariance_s5.npz,76141,7576f622f21bf2e7df38d66b7220fbb4b260948b04fc62f4e7cd6d75945b3745
tcn,clean_only,43,bandpass_n20005_cLA_V3_V6_covariance_s0,phase2/results/predictions/full/clean_only/tcn/seed_43/bandpass_n20005_cLA_V3_V6_covariance_s0.npz,75688,6a7ad9f7a6287c5dda4d29f7e097466ec184701493d77b748a2b4c83ce7c7f01
tcn,clean_only,43,bandpass_n20005_cLL_V1_V4_independent_rms_s20,phase2/results/predictions/full/clean_only/tcn/seed_43/bandpass_n20005_cLL_V1_V4_independent_rms_s20.npz,76453,94347bedb15acf249894db31e027569fe16d0c05a4f2eccee518b594f73d0d07
tcn,clean_only,43,bandpass_n20005_cLL_V1_V4_independent_rms_s15,phase2/results/predictions/full/clean_only/tcn/seed_43/bandpass_n20005_cLL_V1_V4_independent_rms_s15.npz,76417,83a5130ec8f66dca2acbdb1f147f70c1e9fd2ab9ea7eb9631798875113e51228
tcn,clean_only,43,bandpass_n20005_cLL_V1_V4_independent_rms_s10,phase2/results/predictions/full/clean_only/tcn/seed_43/bandpass_n20005_cLL_V1_V4_independent_rms_s10.npz,76343,dbdeb338c851bcbc5b25c6859b54c901be97882a7225fc8655c2d881a3f74db2
tcn,clean_only,43,bandpass_n20005_cLL_V1_V4_independent_rms_s5,phase2/results/predictions/full/clean_only/tcn/seed_43/bandpass_n20005_cLL_V1_V4_independent_rms_s5.npz,76185,36c9d92f5257b9dfbf41733b23532fb035814c9e068601b04a61457ea550d4bc
tcn,clean_only,43,bandpass_n20005_cLL_V1_V4_independent_rms_s0,phase2/results/predictions/full/clean_only/tcn/seed_43/bandpass_n20005_cLL_V1_V4_independent_rms_s0.npz,75857,005c182e9ae2503ab4094735300900f70944331ec1b55678b4da138d934f5833
tcn,clean_only,43,bandpass_n20005_cLL_V1_V4_electrode_s20,phase2/results/predictions/full/clean_only/tcn/seed_43/bandpass_n20005_cLL_V1_V4_electrode_s20.npz,76439,a6c5f3fd26dd94eacfe7f2a8a6b4a143b77a836295d80f287afa3082ccf32806
tcn,clean_only,43,bandpass_n20005_cLL_V1_V4_electrode_s15,phase2/results/predictions/full/clean_only/tcn/seed_43/bandpass_n20005_cLL_V1_V4_electrode_s15.npz,76397,1654dd795c4a5f36f7ef8444168abf62c1ea6e3904e4e511d7d54b057e563fa3
tcn,clean_only,43,bandpass_n20005_cLL_V1_V4_electrode_s10,phase2/results/predictions/full/clean_only/tcn/seed_43/bandpass_n20005_cLL_V1_V4_electrode_s10.npz,76290,11235df1db6ab6ac5ea20578d0169a48d746a4f2964bec91ffbda6e0d88a3ae2
tcn,clean_only,43,bandpass_n20005_cLL_V1_V4_electrode_s5,phase2/results/predictions/full/clean_only/tcn/seed_43/bandpass_n20005_cLL_V1_V4_electrode_s5.npz,76125,4b10eac967a459f6a01a9d7422c41c743de3cbd6cfa4177d160100c9606734dd
tcn,clean_only,43,bandpass_n20005_cLL_V1_V4_electrode_s0,phase2/results/predictions/full/clean_only/tcn/seed_43/bandpass_n20005_cLL_V1_V4_electrode_s0.npz,75723,3594f661bf492db158446d9bafebd99cec4c5f30d23d2ab3a280529145db79b4
tcn,clean_only,43,bandpass_n20005_cLL_V1_V4_covariance_s20,phase2/results/predictions/full/clean_only/tcn/seed_43/bandpass_n20005_cLL_V1_V4_covariance_s20.npz,76412,d614a8c490f17c0f1938c1dcecd84762d2919b519c5f27a873ea466f05502ccd
tcn,clean_only,43,bandpass_n20005_cLL_V1_V4_covariance_s15,phase2/results/predictions/full/clean_only/tcn/seed_43/bandpass_n20005_cLL_V1_V4_covariance_s15.npz,76404,7af0e1ffce979f2d3b504acaaad73e0a6ef97f93625a17516ce482c86abd445e
tcn,clean_only,43,bandpass_n20005_cLL_V1_V4_covariance_s10,phase2/results/predictions/full/clean_only/tcn/seed_43/bandpass_n20005_cLL_V1_V4_covariance_s10.npz,76299,a11932efb81b6e81acca725027d460d02c7a064601d812a8e64df50b2806ddaf
tcn,clean_only,43,bandpass_n20005_cLL_V1_V4_covariance_s5,phase2/results/predictions/full/clean_only/tcn/seed_43/bandpass_n20005_cLL_V1_V4_covariance_s5.npz,76132,c4133cb118bc4cf2a5d2b8689276fc8dd6d44b87bebf19f65e839dcceae81b0a
tcn,clean_only,43,bandpass_n20005_cLL_V1_V4_covariance_s0,phase2/results/predictions/full/clean_only/tcn/seed_43/bandpass_n20005_cLL_V1_V4_covariance_s0.npz,75744,0a57f84a69925ac44d2df69a44cc64b963c8ccb518d11f44176100a6cd70fcf1
tcn,clean_only,43,bandpass_n20005_call_independent_rms_s20,phase2/results/predictions/full/clean_only/tcn/seed_43/bandpass_n20005_call_independent_rms_s20.npz,76369,6ef7dfda8925739fa5907851b74752693083d8bdbc6cc6793e688b77666ed4db
tcn,clean_only,43,bandpass_n20005_call_independent_rms_s15,phase2/results/predictions/full/clean_only/tcn/seed_43/bandpass_n20005_call_independent_rms_s15.npz,76404,083c7237b3f92bf9a958b672bf925a24d09c9e27868eba4ebb9cced602bacf8a
tcn,clean_only,43,bandpass_n20005_call_independent_rms_s10,phase2/results/predictions/full/clean_only/tcn/seed_43/bandpass_n20005_call_independent_rms_s10.npz,76343,09a0fa4736de66eb273a5089877f67341053c54a9f00a030b42613f62001d62c
tcn,clean_only,43,bandpass_n20005_call_independent_rms_s5,phase2/results/predictions/full/clean_only/tcn/seed_43/bandpass_n20005_call_independent_rms_s5.npz,76192,8fe57e84e77ca9a317c4ac27bfc15b9e9d410aa99ac60abe1bc3498ec5428122
tcn,clean_only,43,bandpass_n20005_call_independent_rms_s0,phase2/results/predictions/full/clean_only/tcn/seed_43/bandpass_n20005_call_independent_rms_s0.npz,75843,3791be0df798ab703c3af11faf461a98b3bc3826d0408b13d138c4e6bdc88e5a
tcn,clean_only,43,bandpass_n20005_call_electrode_s20,phase2/results/predictions/full/clean_only/tcn/seed_43/bandpass_n20005_call_electrode_s20.npz,76380,37d4e6fea02278f45b92ac89bff63c14db8e7185316f78899b3ca352abbc68bb
tcn,clean_only,43,bandpass_n20005_call_electrode_s15,phase2/results/predictions/full/clean_only/tcn/seed_43/bandpass_n20005_call_electrode_s15.npz,76363,05f0594d0c11140d1199054e55e2ed22c086387cc0368059663dfeff8bea44e4
tcn,clean_only,43,bandpass_n20005_call_electrode_s10,phase2/results/predictions/full/clean_only/tcn/seed_43/bandpass_n20005_call_electrode_s10.npz,76313,9c7a125193d16369a67b8d94c8aecafb13ed1a4876d7276e79e057781bb9d379
tcn,clean_only,43,bandpass_n20005_call_electrode_s5,phase2/results/predictions/full/clean_only/tcn/seed_43/bandpass_n20005_call_electrode_s5.npz,76033,f2da678ad7c99bc9c4b736ba1af34449a9f1a8ffd8e8fee7686c8e087d9beffa
tcn,clean_only,43,bandpass_n20005_call_electrode_s0,phase2/results/predictions/full/clean_only/tcn/seed_43/bandpass_n20005_call_electrode_s0.npz,75484,4bbc337e86a9708347f1b8b80925518060ce208e88ae48d17be78844f6eac09e
tcn,clean_only,43,bandpass_n20005_call_covariance_s20,phase2/results/predictions/full/clean_only/tcn/seed_43/bandpass_n20005_call_covariance_s20.npz,76374,f1a2d8be3201e778e7aba9d3a545e396ebc2441e4f0c188be66ab65355056861
tcn,clean_only,43,bandpass_n20005_call_covariance_s15,phase2/results/predictions/full/clean_only/tcn/seed_43/bandpass_n20005_call_covariance_s15.npz,76337,a1c375a9ad765937ab9a7d7cec80158b56fc962db07c6be8670767986382dee2
tcn,clean_only,43,bandpass_n20005_call_covariance_s10,phase2/results/predictions/full/clean_only/tcn/seed_43/bandpass_n20005_call_covariance_s10.npz,76284,d9705395a19f1db21928a0b88bbe0bcc092b93123b191d5a2eb28b41ea2db09f
tcn,clean_only,43,bandpass_n20005_call_covariance_s5,phase2/results/predictions/full/clean_only/tcn/seed_43/bandpass_n20005_call_covariance_s5.npz,76073,b5d48e658aac73a39cabd5b7f61246af897c5fa2f82291fbda1a628f46069c0f
tcn,clean_only,43,bandpass_n20005_call_covariance_s0,phase2/results/predictions/full/clean_only/tcn/seed_43/bandpass_n20005_call_covariance_s0.npz,75514,b49f936849e5c49af9ef4338855afa6fc8f70544834cf5797e15aa60643694d2
tcn,clean_only,43,bw_n20001_call_independent_rms_s20,phase2/results/predictions/full/clean_only/tcn/seed_43/bw_n20001_call_independent_rms_s20.npz,76391,70cab512559600a4655545e586890c1e1a60864671a081fac16f2a4e22302567
tcn,clean_only,43,bw_n20001_call_independent_rms_s10,phase2/results/predictions/full/clean_only/tcn/seed_43/bw_n20001_call_independent_rms_s10.npz,76401,9b40f3e7034743679e2dbd1ad0c89745f795dcc809c72f461147af786c30f28c
tcn,clean_only,43,bw_n20001_call_independent_rms_s0,phase2/results/predictions/full/clean_only/tcn/seed_43/bw_n20001_call_independent_rms_s0.npz,76127,a032a8bcfe0b4645b68c32bd40124deafe84add4f5369d301fa2f8636ff95e6e
tcn,clean_only,43,bw_n20001_call_electrode_s20,phase2/results/predictions/full/clean_only/tcn/seed_43/bw_n20001_call_electrode_s20.npz,76399,207e8e460be0bfeb956b0a57458ce954190645b51d6ef1c9094c3ab325851991
tcn,clean_only,43,bw_n20001_call_electrode_s10,phase2/results/predictions/full/clean_only/tcn/seed_43/bw_n20001_call_electrode_s10.npz,76388,5d59a9eea514851178732de11a4062a4bc65c3f40438449ea25b1fc690aa1669
tcn,clean_only,43,bw_n20001_call_electrode_s0,phase2/results/predictions/full/clean_only/tcn/seed_43/bw_n20001_call_electrode_s0.npz,76135,e06c0926399778f64a34e5f86f127307e83a88ced9e9e585cbfb06aa462e51db
tcn,clean_only,43,bw_n20001_call_covariance_s20,phase2/results/predictions/full/clean_only/tcn/seed_43/bw_n20001_call_covariance_s20.npz,76379,c8b7704caee83ee2f6f632409b2f901afc922ce0275b0ec06be9573cd29c9f73
tcn,clean_only,43,bw_n20001_call_covariance_s10,phase2/results/predictions/full/clean_only/tcn/seed_43/bw_n20001_call_covariance_s10.npz,76376,18a709cb24bf926778da4ca1da4bfbafa66e594a8533d4ec41ed9c215cab1961
tcn,clean_only,43,bw_n20001_call_covariance_s0,phase2/results/predictions/full/clean_only/tcn/seed_43/bw_n20001_call_covariance_s0.npz,76134,ab3f93082783c4a0d04f859c63dcbac20e84a6298ae64f2c2c81cc6712b81e5d
tcn,clean_only,43,bw_n20002_call_independent_rms_s20,phase2/results/predictions/full/clean_only/tcn/seed_43/bw_n20002_call_independent_rms_s20.npz,76385,0bb484f70e88d541e55c38b55d8933af84ffd8c70c2e5d9415ee82f0ed093973
tcn,clean_only,43,bw_n20002_call_independent_rms_s10,phase2/results/predictions/full/clean_only/tcn/seed_43/bw_n20002_call_independent_rms_s10.npz,76358,da4241f511203548528424efcfcab6bbe21f91b25e6deab0da3a8537f3ce16e9
tcn,clean_only,43,bw_n20002_call_independent_rms_s0,phase2/results/predictions/full/clean_only/tcn/seed_43/bw_n20002_call_independent_rms_s0.npz,76122,2bb581aa05799d685d788cf1794846dd27f6160ede8fc1b409f450a504041f2c
tcn,clean_only,43,bw_n20002_call_electrode_s20,phase2/results/predictions/full/clean_only/tcn/seed_43/bw_n20002_call_electrode_s20.npz,76391,f97a81d8b18b53c6d5136e15326f3514104d7af6244de323f4fe1cc18f58f6db
tcn,clean_only,43,bw_n20002_call_electrode_s10,phase2/results/predictions/full/clean_only/tcn/seed_43/bw_n20002_call_electrode_s10.npz,76353,3a8ac2146f601c946391a25e1c9bb7d4dfd9da9e9174674c8e4d0aebeeb3e6b9
tcn,clean_only,43,bw_n20002_call_electrode_s0,phase2/results/predictions/full/clean_only/tcn/seed_43/bw_n20002_call_electrode_s0.npz,76142,d108cf95a23cd7654772b540fd51cbcb57d322c7f49098259dea0845aede1c04
tcn,clean_only,43,bw_n20002_call_covariance_s20,phase2/results/predictions/full/clean_only/tcn/seed_43/bw_n20002_call_covariance_s20.npz,76405,bcd20bfbd0c7b44aa90efe76012cdf9e9f27ace0e103225347690ced9767599f
tcn,clean_only,43,bw_n20002_call_covariance_s10,phase2/results/predictions/full/clean_only/tcn/seed_43/bw_n20002_call_covariance_s10.npz,76368,5446279e8d2ed7ac14b616304cc9a6577b44c55f5e3b4b2ae0c38f06f5ac7a1e
tcn,clean_only,43,bw_n20002_call_covariance_s0,phase2/results/predictions/full/clean_only/tcn/seed_43/bw_n20002_call_covariance_s0.npz,76116,5528de8b41560fe19ecbe9ca3bfdb094ce37085e0f9edf34118e84b5858dfd10
tcn,clean_only,43,bw_n20003_call_independent_rms_s20,phase2/results/predictions/full/clean_only/tcn/seed_43/bw_n20003_call_independent_rms_s20.npz,76418,ad5461c85b95af40252ec8033c56725171f69d78f2f18e1a713c9ba6a8a04a4a
tcn,clean_only,43,bw_n20003_call_independent_rms_s10,phase2/results/predictions/full/clean_only/tcn/seed_43/bw_n20003_call_independent_rms_s10.npz,76395,3bfef6cb30ee4f4b827462e4519b66c3d6158953d8b0314bdb182d72f0e3e76c
tcn,clean_only,43,bw_n20003_call_independent_rms_s0,phase2/results/predictions/full/clean_only/tcn/seed_43/bw_n20003_call_independent_rms_s0.npz,76155,ff4190ad6a079d99402de156cc7eba9b2bf93e5f833bf5a7be6b419e56e55ab3
tcn,clean_only,43,bw_n20003_call_electrode_s20,phase2/results/predictions/full/clean_only/tcn/seed_43/bw_n20003_call_electrode_s20.npz,76374,eb84490575a9790ea60b93dbc6ac43911bcbd518d5bd33dbfb774c4d321eba1e
tcn,clean_only,43,bw_n20003_call_electrode_s10,phase2/results/predictions/full/clean_only/tcn/seed_43/bw_n20003_call_electrode_s10.npz,76360,e7dff3dbadbe75eb5c6aa4acb164f120f3d9f73240e3808fa5c27c315d2ab2ce
tcn,clean_only,43,bw_n20003_call_electrode_s0,phase2/results/predictions/full/clean_only/tcn/seed_43/bw_n20003_call_electrode_s0.npz,76132,59d67134ead67d7872c1554aa3110cab3a938812415718212f8b545949c4dc28
tcn,clean_only,43,bw_n20003_call_covariance_s20,phase2/results/predictions/full/clean_only/tcn/seed_43/bw_n20003_call_covariance_s20.npz,76378,8084a0c81f543fe5ae50ca687c7334a4583a72b038bf391ba612dcf89572a6f0
tcn,clean_only,43,bw_n20003_call_covariance_s10,phase2/results/predictions/full/clean_only/tcn/seed_43/bw_n20003_call_covariance_s10.npz,76364,5d82db96ccd2e001a134114e703e49158b862c260f5dd9324eb4970d677438b0
tcn,clean_only,43,bw_n20003_call_covariance_s0,phase2/results/predictions/full/clean_only/tcn/seed_43/bw_n20003_call_covariance_s0.npz,76128,d890ccbd173aae19b75b56657fdf0ed447499df5b9865c6aeea4825356fc2e04
tcn,clean_only,43,bw_n20004_call_independent_rms_s20,phase2/results/predictions/full/clean_only/tcn/seed_43/bw_n20004_call_independent_rms_s20.npz,76390,d7989a3db9263abbdef284ba0b28b441eea56fed1918b394fce03eecb23344fb
tcn,clean_only,43,bw_n20004_call_independent_rms_s10,phase2/results/predictions/full/clean_only/tcn/seed_43/bw_n20004_call_independent_rms_s10.npz,76389,f48116b2519889bd5f0da83a9fece5d7e3a32fbe92ecd8ac9696f8826408b81a
tcn,clean_only,43,bw_n20004_call_independent_rms_s0,phase2/results/predictions/full/clean_only/tcn/seed_43/bw_n20004_call_independent_rms_s0.npz,76143,1089659cac2fc132c9ff9967cb89db6d582dab3b47c8fb1f0a7a27c2941c5cb0
tcn,clean_only,43,bw_n20004_call_electrode_s20,phase2/results/predictions/full/clean_only/tcn/seed_43/bw_n20004_call_electrode_s20.npz,76369,eb8a89279e42115c1c0687611a71bbcf027e0805e27287c592758aa13082dbac
tcn,clean_only,43,bw_n20004_call_electrode_s10,phase2/results/predictions/full/clean_only/tcn/seed_43/bw_n20004_call_electrode_s10.npz,76363,d701053d361672bda119750b884e5048583824be67b0020f6bfc0dc46722856f
tcn,clean_only,43,bw_n20004_call_electrode_s0,phase2/results/predictions/full/clean_only/tcn/seed_43/bw_n20004_call_electrode_s0.npz,76119,00c4a744e97a3d6ac6b15af1e2b2bbddfbdc4371495e62b2658f11a7fff6c730
tcn,clean_only,43,bw_n20004_call_covariance_s20,phase2/results/predictions/full/clean_only/tcn/seed_43/bw_n20004_call_covariance_s20.npz,76354,4b3dd21467b81f057fa97ac201ee7755a5ab6776d8f1b0a815b78209c4176d0b
tcn,clean_only,43,bw_n20004_call_covariance_s10,phase2/results/predictions/full/clean_only/tcn/seed_43/bw_n20004_call_covariance_s10.npz,76358,f1af97a7ed505546f7cdb5183c6899d46b9f678fe0d86f9102167b7ec31a3180
tcn,clean_only,43,bw_n20004_call_covariance_s0,phase2/results/predictions/full/clean_only/tcn/seed_43/bw_n20004_call_covariance_s0.npz,76130,aee2e7c868c283bf8db9d417d9f8e99172d62a434314a9058e3798e597a65e7f
tcn,clean_only,43,bw_n20005_call_independent_rms_s20,phase2/results/predictions/full/clean_only/tcn/seed_43/bw_n20005_call_independent_rms_s20.npz,76397,d3b59776b44b087c62cfbbe31310148ce9dceb18627f58df403852d41909b34e
tcn,clean_only,43,bw_n20005_call_independent_rms_s10,phase2/results/predictions/full/clean_only/tcn/seed_43/bw_n20005_call_independent_rms_s10.npz,76381,c87f4f78bc13518213872a54b253cb713ff749048efc2cb939baa5a88c2d1446
tcn,clean_only,43,bw_n20005_call_independent_rms_s0,phase2/results/predictions/full/clean_only/tcn/seed_43/bw_n20005_call_independent_rms_s0.npz,76114,f0951d6a0a5bb2ddc1f448b28eba8666e155a1b428bd386cb3fbd4915f6ba812
tcn,clean_only,43,bw_n20005_call_electrode_s20,phase2/results/predictions/full/clean_only/tcn/seed_43/bw_n20005_call_electrode_s20.npz,76381,15990c5086f46f42c759916a3a0035c3007837ad9475ad8b8618942a6be0e5e7
tcn,clean_only,43,bw_n20005_call_electrode_s10,phase2/results/predictions/full/clean_only/tcn/seed_43/bw_n20005_call_electrode_s10.npz,76344,e34eece05a8f391ad148f85dc2c3684b1601ec3bc62f78d88ac3f03d9dd4ed34
tcn,clean_only,43,bw_n20005_call_electrode_s0,phase2/results/predictions/full/clean_only/tcn/seed_43/bw_n20005_call_electrode_s0.npz,76131,9beac9d4ddaa217ea9ff49b249ea9fb121342879d871e566b5b1d7cfbf64cb9c
tcn,clean_only,43,bw_n20005_call_covariance_s20,phase2/results/predictions/full/clean_only/tcn/seed_43/bw_n20005_call_covariance_s20.npz,76373,004d65267b47d021a35c0913b0e5e9d5f7812fd268cb2fdabf60afa36a390792
tcn,clean_only,43,bw_n20005_call_covariance_s10,phase2/results/predictions/full/clean_only/tcn/seed_43/bw_n20005_call_covariance_s10.npz,76383,ad50982ff03c14a647b7c404da32f13675062f460799c7f9eb8b5fdbd59c4b14
tcn,clean_only,43,bw_n20005_call_covariance_s0,phase2/results/predictions/full/clean_only/tcn/seed_43/bw_n20005_call_covariance_s0.npz,76159,a812dd46520c73c151b42d55d3be9f09e0c397124ea94db3d3f865db9bbed7f1
tcn,clean_only,43,ma_n20001_call_independent_rms_s20,phase2/results/predictions/full/clean_only/tcn/seed_43/ma_n20001_call_independent_rms_s20.npz,76412,cc18d6c01e51c9cd113e3010910afffe1fc7c9670feed288098f188bacd8df7c
tcn,clean_only,43,ma_n20001_call_independent_rms_s10,phase2/results/predictions/full/clean_only/tcn/seed_43/ma_n20001_call_independent_rms_s10.npz,76376,937daec647add606dfc6cf4a9840814bf3c270e832f7219657decac7f2106a30
tcn,clean_only,43,ma_n20001_call_independent_rms_s0,phase2/results/predictions/full/clean_only/tcn/seed_43/ma_n20001_call_independent_rms_s0.npz,76047,24df8073a0dd2aaf93927c57a2ce6e7f30752098608f2f564621bafda735ab9f
tcn,clean_only,43,ma_n20001_call_electrode_s20,phase2/results/predictions/full/clean_only/tcn/seed_43/ma_n20001_call_electrode_s20.npz,76360,cfd6452e8aa849e4f7a1ce3a0230689df4645cb6703c1edadf8f461211c1c04d
tcn,clean_only,43,ma_n20001_call_electrode_s10,phase2/results/predictions/full/clean_only/tcn/seed_43/ma_n20001_call_electrode_s10.npz,76375,7419e3d93dc0329ed23f0fabf769435593fbe52f232b1f6ad891bf304bbc1550
tcn,clean_only,43,ma_n20001_call_electrode_s0,phase2/results/predictions/full/clean_only/tcn/seed_43/ma_n20001_call_electrode_s0.npz,76056,1e092b617d5b085d0dbcdb722efb595130c9e7b60cb3b4f4f2fcb62a8b4e10db
tcn,clean_only,43,ma_n20001_call_covariance_s20,phase2/results/predictions/full/clean_only/tcn/seed_43/ma_n20001_call_covariance_s20.npz,76355,a646af053c336fc8f4940bbe43d7ff3c69123c221bbf277f3c66367307171e05
tcn,clean_only,43,ma_n20001_call_covariance_s10,phase2/results/predictions/full/clean_only/tcn/seed_43/ma_n20001_call_covariance_s10.npz,76350,4b28a77c0b61f0acb10c01864b3a270f4574c37695ab9c0dbd78ddf3711d81b1
tcn,clean_only,43,ma_n20001_call_covariance_s0,phase2/results/predictions/full/clean_only/tcn/seed_43/ma_n20001_call_covariance_s0.npz,76034,33220c8b3d8c810101765c9c3eeba186ce86ba24dca00c25425643473951b26f
tcn,clean_only,43,ma_n20002_call_independent_rms_s20,phase2/results/predictions/full/clean_only/tcn/seed_43/ma_n20002_call_independent_rms_s20.npz,76388,d16679c022375bdfb6c21201b9248c0071122c83c94dcb944dc1aaeb5338a593
tcn,clean_only,43,ma_n20002_call_independent_rms_s10,phase2/results/predictions/full/clean_only/tcn/seed_43/ma_n20002_call_independent_rms_s10.npz,76421,62cd8c1ab9a47c7e2f155749ef19c936d6cebde782854fd8b11635cf01d2992e
tcn,clean_only,43,ma_n20002_call_independent_rms_s0,phase2/results/predictions/full/clean_only/tcn/seed_43/ma_n20002_call_independent_rms_s0.npz,76062,a8f6bf8d7751d080c7f4f98ee48558cfdda031d7141e6bc107975e0700939fe6
tcn,clean_only,43,ma_n20002_call_electrode_s20,phase2/results/predictions/full/clean_only/tcn/seed_43/ma_n20002_call_electrode_s20.npz,76405,639c98afd44d85ecadf7b812ab5af7af4844d6ba14ac491984a745a27f66368e
tcn,clean_only,43,ma_n20002_call_electrode_s10,phase2/results/predictions/full/clean_only/tcn/seed_43/ma_n20002_call_electrode_s10.npz,76336,6ef8e375846d76d8b64b9347b2372cb71481b95f7f6dfca322ac7bfa4cec7201
tcn,clean_only,43,ma_n20002_call_electrode_s0,phase2/results/predictions/full/clean_only/tcn/seed_43/ma_n20002_call_electrode_s0.npz,76011,a7d617a06c728cc8f072efad3f76aee4832552fcff723644a606bac3add60eb9
tcn,clean_only,43,ma_n20002_call_covariance_s20,phase2/results/predictions/full/clean_only/tcn/seed_43/ma_n20002_call_covariance_s20.npz,76403,387bbae238cda08ca9434b49977cebb981b7bc37c3782205b25d7d206671ffb3
tcn,clean_only,43,ma_n20002_call_covariance_s10,phase2/results/predictions/full/clean_only/tcn/seed_43/ma_n20002_call_covariance_s10.npz,76330,2cb09b6ba439362a3d781008c32f825177e2a581649edc923a07520651f85d7b
tcn,clean_only,43,ma_n20002_call_covariance_s0,phase2/results/predictions/full/clean_only/tcn/seed_43/ma_n20002_call_covariance_s0.npz,76036,aef13c4b843a884f8d81b5e9d6713478ee4889810449ea3592adc295df38577a
tcn,clean_only,43,ma_n20003_call_independent_rms_s20,phase2/results/predictions/full/clean_only/tcn/seed_43/ma_n20003_call_independent_rms_s20.npz,76417,8cc9de6bb8cbd253334f4e662de948dfa19c03025e11c0dfa02209b1cd792718
tcn,clean_only,43,ma_n20003_call_independent_rms_s10,phase2/results/predictions/full/clean_only/tcn/seed_43/ma_n20003_call_independent_rms_s10.npz,76388,8c440371f54cb2c53380158394b18e2ad813a1d77d1cfb42ea8b58ca74039656
tcn,clean_only,43,ma_n20003_call_independent_rms_s0,phase2/results/predictions/full/clean_only/tcn/seed_43/ma_n20003_call_independent_rms_s0.npz,76064,3954a828b0e8e47137a87a757a5ebf32b6a3a673edcb168e299b49734accbe1d
tcn,clean_only,43,ma_n20003_call_electrode_s20,phase2/results/predictions/full/clean_only/tcn/seed_43/ma_n20003_call_electrode_s20.npz,76376,14653eced5b9249ee4a9d7f14b3eab3cb66d35c8ea3dec34aaeb8ef03d7c908c
tcn,clean_only,43,ma_n20003_call_electrode_s10,phase2/results/predictions/full/clean_only/tcn/seed_43/ma_n20003_call_electrode_s10.npz,76367,b7e364d0575a871027aee988b933942f6ae58fea949516388ebba10ffae7d2c1
tcn,clean_only,43,ma_n20003_call_electrode_s0,phase2/results/predictions/full/clean_only/tcn/seed_43/ma_n20003_call_electrode_s0.npz,76014,5882cfb2c14daad904238cab39b36084b811a305b6fa647c992f3ce80d557129
tcn,clean_only,43,ma_n20003_call_covariance_s20,phase2/results/predictions/full/clean_only/tcn/seed_43/ma_n20003_call_covariance_s20.npz,76390,b58f2b478b61881fff7d995ad355dabde8e1ddeed79bf1e0714d4865c9219d01
tcn,clean_only,43,ma_n20003_call_covariance_s10,phase2/results/predictions/full/clean_only/tcn/seed_43/ma_n20003_call_covariance_s10.npz,76348,58bf549f4b8be0428a21b6b0a265da15fecaebf9692a72f88951669bb3734795
tcn,clean_only,43,ma_n20003_call_covariance_s0,phase2/results/predictions/full/clean_only/tcn/seed_43/ma_n20003_call_covariance_s0.npz,76082,27dac0205230802dcb960d7a3206767054450cf44d86574d6423203db1ecfbe4
tcn,clean_only,43,ma_n20004_call_independent_rms_s20,phase2/results/predictions/full/clean_only/tcn/seed_43/ma_n20004_call_independent_rms_s20.npz,76395,34ddf0a691afb54e1348f41539ba80080f416f1c353ebd35b3508347b29f68cc
tcn,clean_only,43,ma_n20004_call_independent_rms_s10,phase2/results/predictions/full/clean_only/tcn/seed_43/ma_n20004_call_independent_rms_s10.npz,76330,4cddbdc52d20b1fc8b3eede7760060f68610153ba32bf388bfbe57ebdeed0702
tcn,clean_only,43,ma_n20004_call_independent_rms_s0,phase2/results/predictions/full/clean_only/tcn/seed_43/ma_n20004_call_independent_rms_s0.npz,76084,dfff8339e7d52c5fb49c0177d1b290775b1dfe33115c528eb53b1ff96f879d6e
tcn,clean_only,43,ma_n20004_call_electrode_s20,phase2/results/predictions/full/clean_only/tcn/seed_43/ma_n20004_call_electrode_s20.npz,76368,84ff3f3f1eba89517951bb99fb3698eac882e0c246dcfd2a1aaeef9b509194e2
tcn,clean_only,43,ma_n20004_call_electrode_s10,phase2/results/predictions/full/clean_only/tcn/seed_43/ma_n20004_call_electrode_s10.npz,76351,f3fe6780015d53039ad00adcb54f4bb34a8bdf9d7ac3cf6d8d600e94bc90863a
tcn,clean_only,43,ma_n20004_call_electrode_s0,phase2/results/predictions/full/clean_only/tcn/seed_43/ma_n20004_call_electrode_s0.npz,76038,529985168f063848c2394f6aa4501e2e36802a38b74c208a086d480025a02386
tcn,clean_only,43,ma_n20004_call_covariance_s20,phase2/results/predictions/full/clean_only/tcn/seed_43/ma_n20004_call_covariance_s20.npz,76367,74ee83cfc405456d7a4f12b42f32d9f3ee885377df96c79a34f64127bcc738f1
tcn,clean_only,43,ma_n20004_call_covariance_s10,phase2/results/predictions/full/clean_only/tcn/seed_43/ma_n20004_call_covariance_s10.npz,76364,263b3c7dabd9b93b0b19e7cbb3e32d07e734c11e57a9e379ae9ed0ca78d21470
tcn,clean_only,43,ma_n20004_call_covariance_s0,phase2/results/predictions/full/clean_only/tcn/seed_43/ma_n20004_call_covariance_s0.npz,76054,51f670d6f49b7f94e3380a3efbb046234ffb9cee4b24f7180f24bf54c56f30f1
tcn,clean_only,43,ma_n20005_call_independent_rms_s20,phase2/results/predictions/full/clean_only/tcn/seed_43/ma_n20005_call_independent_rms_s20.npz,76432,c45f3ebe5876ffe9109fb0a59fb400772db4ca2166ab00053ab0100f9fefca2c
tcn,clean_only,43,ma_n20005_call_independent_rms_s10,phase2/results/predictions/full/clean_only/tcn/seed_43/ma_n20005_call_independent_rms_s10.npz,76379,1f04e7bd839bfdec1a5e9231d6e4f332058cb8e80cf004719ab66f40392cd003
tcn,clean_only,43,ma_n20005_call_independent_rms_s0,phase2/results/predictions/full/clean_only/tcn/seed_43/ma_n20005_call_independent_rms_s0.npz,76035,9655fd170ef9b17c451f839839c285d3530ea54824837dd17ac18820796aa46b
tcn,clean_only,43,ma_n20005_call_electrode_s20,phase2/results/predictions/full/clean_only/tcn/seed_43/ma_n20005_call_electrode_s20.npz,76368,ed94ad1ffc12f042f366cbac3c15f4b0f26c7da3de94e402cab323279d98e208
tcn,clean_only,43,ma_n20005_call_electrode_s10,phase2/results/predictions/full/clean_only/tcn/seed_43/ma_n20005_call_electrode_s10.npz,76372,0b5258c6c4ecaff6e1b7e935545f079f72f96228413641b7684b6c7b467c9f44
tcn,clean_only,43,ma_n20005_call_electrode_s0,phase2/results/predictions/full/clean_only/tcn/seed_43/ma_n20005_call_electrode_s0.npz,75983,15d7b7283ce86743845e43bcbca240070e8aa9af3bce225a6d128340b72c5072
tcn,clean_only,43,ma_n20005_call_covariance_s20,phase2/results/predictions/full/clean_only/tcn/seed_43/ma_n20005_call_covariance_s20.npz,76395,0fff0c6f80d2506c0fe8dee03863f50a1adc671fe74aa32f6eeffd0c9ced3e2c
tcn,clean_only,43,ma_n20005_call_covariance_s10,phase2/results/predictions/full/clean_only/tcn/seed_43/ma_n20005_call_covariance_s10.npz,76381,33054ff2b8543cb771f9581d3e0d8a4251620c47c3dc4d81986f11f2d7755bac
tcn,clean_only,43,ma_n20005_call_covariance_s0,phase2/results/predictions/full/clean_only/tcn/seed_43/ma_n20005_call_covariance_s0.npz,76040,03362bfdba10af25cfb1a81472af63281d02ced80092ef5238c8b066423a8a79
tcn,clean_only,43,em_n20001_call_independent_rms_s20,phase2/results/predictions/full/clean_only/tcn/seed_43/em_n20001_call_independent_rms_s20.npz,76366,05362e316905e440d4a22506324d5080f652c8a4e7eec1b2550e8d8ec0ff43e9
tcn,clean_only,43,em_n20001_call_independent_rms_s10,phase2/results/predictions/full/clean_only/tcn/seed_43/em_n20001_call_independent_rms_s10.npz,76358,5f5b9f93d4c4d848a7510eb5cde4a28b1bb279ffb50f98f4b71674ff15446714
tcn,clean_only,43,em_n20001_call_independent_rms_s0,phase2/results/predictions/full/clean_only/tcn/seed_43/em_n20001_call_independent_rms_s0.npz,75998,259c94b728180e8b53add6cb1d356076af38c13e01a6e61b7698368b3dc0eb4e
tcn,clean_only,43,em_n20001_call_electrode_s20,phase2/results/predictions/full/clean_only/tcn/seed_43/em_n20001_call_electrode_s20.npz,76377,303303f521025abed2ca07ae15dc070f7207cab16ee4be20e4d350dba0224eff
tcn,clean_only,43,em_n20001_call_electrode_s10,phase2/results/predictions/full/clean_only/tcn/seed_43/em_n20001_call_electrode_s10.npz,76312,e89047f94ab78365cd7b0daf691d329c615328537e3936818f9cf7857de674bd
tcn,clean_only,43,em_n20001_call_electrode_s0,phase2/results/predictions/full/clean_only/tcn/seed_43/em_n20001_call_electrode_s0.npz,75838,b70f7c416b50573b9d6a19b7a823b6adc72bdea86019032928d450dbc03eab28
tcn,clean_only,43,em_n20001_call_covariance_s20,phase2/results/predictions/full/clean_only/tcn/seed_43/em_n20001_call_covariance_s20.npz,76411,0fcae2605c09af40ad9b10d726a87cfedae0c7ea24db558ed58f60a7cc2ec576
tcn,clean_only,43,em_n20001_call_covariance_s10,phase2/results/predictions/full/clean_only/tcn/seed_43/em_n20001_call_covariance_s10.npz,76287,b40a15e2a9ce428929a3194e3dda8e40cb39d77471cf5b83d19d611ce353f938
tcn,clean_only,43,em_n20001_call_covariance_s0,phase2/results/predictions/full/clean_only/tcn/seed_43/em_n20001_call_covariance_s0.npz,75822,d933ebb94b6289ddec207766b12e237d0b9fa1a382a0c04d4ed574b6817e82fd
tcn,clean_only,43,em_n20002_call_independent_rms_s20,phase2/results/predictions/full/clean_only/tcn/seed_43/em_n20002_call_independent_rms_s20.npz,76377,414ccf9dc5452c23e110153f909a23fca3878eea28fd9f58f4622d65ff5a1a48
tcn,clean_only,43,em_n20002_call_independent_rms_s10,phase2/results/predictions/full/clean_only/tcn/seed_43/em_n20002_call_independent_rms_s10.npz,76363,7041c7b20c73cbdd9881c1663541c3b68a8f2c3d11eb42cb35886a9c99333d9c
tcn,clean_only,43,em_n20002_call_independent_rms_s0,phase2/results/predictions/full/clean_only/tcn/seed_43/em_n20002_call_independent_rms_s0.npz,75997,633cbf93a29b48793f694357e3b79cb19733bedc7958a8af7e64963c44788bc9
tcn,clean_only,43,em_n20002_call_electrode_s20,phase2/results/predictions/full/clean_only/tcn/seed_43/em_n20002_call_electrode_s20.npz,76362,916a0f9857dfb4f483bc42653ebc36d0a7d2309a728ea48e8b5edd58080ffcc0
tcn,clean_only,43,em_n20002_call_electrode_s10,phase2/results/predictions/full/clean_only/tcn/seed_43/em_n20002_call_electrode_s10.npz,76322,eb301ccdaafacd9be40099935dbc1e4c6a79b85d151481d3c3d01ba0d1fb3d28
tcn,clean_only,43,em_n20002_call_electrode_s0,phase2/results/predictions/full/clean_only/tcn/seed_43/em_n20002_call_electrode_s0.npz,75836,dd10ad327c156f25bdbda4341e69b28ab1db6aa4721c5d3247226c19f0a31742
tcn,clean_only,43,em_n20002_call_covariance_s20,phase2/results/predictions/full/clean_only/tcn/seed_43/em_n20002_call_covariance_s20.npz,76399,dcdb2a5ca5247f24e183e02357bc5865b4a247f1f8263e6ddcee420a952614e8
tcn,clean_only,43,em_n20002_call_covariance_s10,phase2/results/predictions/full/clean_only/tcn/seed_43/em_n20002_call_covariance_s10.npz,76310,6d31f5181bfd58dfad43920eb93ce21e5c55e60734c03bebe6d591ada61d0a46
tcn,clean_only,43,em_n20002_call_covariance_s0,phase2/results/predictions/full/clean_only/tcn/seed_43/em_n20002_call_covariance_s0.npz,75802,5e82bdea4f80d7710318473a7b76eed333d2c97aab5b4c2ce79c8450e27c4031
tcn,clean_only,43,em_n20003_call_independent_rms_s20,phase2/results/predictions/full/clean_only/tcn/seed_43/em_n20003_call_independent_rms_s20.npz,76405,c83fdf47868ed327e3e6e7cfc02a66c56b12835f8867ff526235f16e53909af5
tcn,clean_only,43,em_n20003_call_independent_rms_s10,phase2/results/predictions/full/clean_only/tcn/seed_43/em_n20003_call_independent_rms_s10.npz,76366,50f60d9871ff82a31d3008917870e3f433c2425056041ee565c332f7498604da
tcn,clean_only,43,em_n20003_call_independent_rms_s0,phase2/results/predictions/full/clean_only/tcn/seed_43/em_n20003_call_independent_rms_s0.npz,76018,5ba5ad2189c6e1cffdf2ef6c8210643d5ec63c52c358b23b2bb7127828e3331d
tcn,clean_only,43,em_n20003_call_electrode_s20,phase2/results/predictions/full/clean_only/tcn/seed_43/em_n20003_call_electrode_s20.npz,76356,8a8e4782a60fc9df1462fe444ddd22af0a5baa03018bd669e42230f9dacf87f7
tcn,clean_only,43,em_n20003_call_electrode_s10,phase2/results/predictions/full/clean_only/tcn/seed_43/em_n20003_call_electrode_s10.npz,76312,039a88809e5804b942f19f50f35ee64ce959d9cac9d678992df99086d50e09c1
tcn,clean_only,43,em_n20003_call_electrode_s0,phase2/results/predictions/full/clean_only/tcn/seed_43/em_n20003_call_electrode_s0.npz,75844,cd75ce1cc2bb8e5744ac3f6325d2a109be34550ebbaa533b32d7f6cf8eb3f3c4
tcn,clean_only,43,em_n20003_call_covariance_s20,phase2/results/predictions/full/clean_only/tcn/seed_43/em_n20003_call_covariance_s20.npz,76373,89e4e6a9c674a00113b05f97ebd04ff869db36f6e9a59f449970deaee1a6f9d1
tcn,clean_only,43,em_n20003_call_covariance_s10,phase2/results/predictions/full/clean_only/tcn/seed_43/em_n20003_call_covariance_s10.npz,76280,310850b092e06dc287660e91b751b0e592217b8123593968b11aaa75bbae2555
tcn,clean_only,43,em_n20003_call_covariance_s0,phase2/results/predictions/full/clean_only/tcn/seed_43/em_n20003_call_covariance_s0.npz,75828,ebd6480c9af644533e4cf5727f406a22df0891593f03b1ce245b8e4db23feed5
tcn,clean_only,43,em_n20004_call_independent_rms_s20,phase2/results/predictions/full/clean_only/tcn/seed_43/em_n20004_call_independent_rms_s20.npz,76409,87ff37828e4a7bab6e381bdb0dbed297e7d03c630fa6fa70a5b0e66a66c5ef73
tcn,clean_only,43,em_n20004_call_independent_rms_s10,phase2/results/predictions/full/clean_only/tcn/seed_43/em_n20004_call_independent_rms_s10.npz,76347,0d7e70572c817b2c30c3aed36ea1f4cd0b3ba028f66ca595f815a3cdf349968f
tcn,clean_only,43,em_n20004_call_independent_rms_s0,phase2/results/predictions/full/clean_only/tcn/seed_43/em_n20004_call_independent_rms_s0.npz,76012,aa809e001adb6a3dc8aa285187d49116aea81804467fa1c9caac2741adf001ee
tcn,clean_only,43,em_n20004_call_electrode_s20,phase2/results/predictions/full/clean_only/tcn/seed_43/em_n20004_call_electrode_s20.npz,76354,136001cf8e7076d447151a74425ce000a2b1e0b088625afe2240bda0059564ab
tcn,clean_only,43,em_n20004_call_electrode_s10,phase2/results/predictions/full/clean_only/tcn/seed_43/em_n20004_call_electrode_s10.npz,76298,05bbc6872e23cf745e97e5699c458dcf6b34c41d75e2d0d3c502f0c343551983
tcn,clean_only,43,em_n20004_call_electrode_s0,phase2/results/predictions/full/clean_only/tcn/seed_43/em_n20004_call_electrode_s0.npz,75844,d28ea9d99aac7f8592a01166a9684236fe96b7fb4ddfc90dfa5fa8f8b84aa1ff
tcn,clean_only,43,em_n20004_call_covariance_s20,phase2/results/predictions/full/clean_only/tcn/seed_43/em_n20004_call_covariance_s20.npz,76409,7d523e00d2a20e8a06c366c4532c3a64e7a5dd463410fa5db1f4e9ecf3430372
tcn,clean_only,43,em_n20004_call_covariance_s10,phase2/results/predictions/full/clean_only/tcn/seed_43/em_n20004_call_covariance_s10.npz,76293,d6a455452ce38c185b1a91b9856a4ba673888f8c92b216eb793d6f48cfc78e33
tcn,clean_only,43,em_n20004_call_covariance_s0,phase2/results/predictions/full/clean_only/tcn/seed_43/em_n20004_call_covariance_s0.npz,75818,0cb1efc418aeec9123453b95978c075fbce67c2d714849c105d9c7b3c0a02d3e
tcn,clean_only,43,em_n20005_call_independent_rms_s20,phase2/results/predictions/full/clean_only/tcn/seed_43/em_n20005_call_independent_rms_s20.npz,76384,14799ebc5132601a697971df46d2778dfae7ef4f796e86e3d482117dbbf957ab
tcn,clean_only,43,em_n20005_call_independent_rms_s10,phase2/results/predictions/full/clean_only/tcn/seed_43/em_n20005_call_independent_rms_s10.npz,76346,6c43c0f4ada2ae0036b718dfe60df2110ac32296e842f1b7a5abae433fea9291
tcn,clean_only,43,em_n20005_call_independent_rms_s0,phase2/results/predictions/full/clean_only/tcn/seed_43/em_n20005_call_independent_rms_s0.npz,75986,17edda3940838a8ba4213959646224d9f80b481bf0867e73a544a1d23ac66b08
tcn,clean_only,43,em_n20005_call_electrode_s20,phase2/results/predictions/full/clean_only/tcn/seed_43/em_n20005_call_electrode_s20.npz,76367,7560bbce0167b189a4d611c7039698d3f472da9beeefc2017e18c1afa73ec9ee
tcn,clean_only,43,em_n20005_call_electrode_s10,phase2/results/predictions/full/clean_only/tcn/seed_43/em_n20005_call_electrode_s10.npz,76274,b78a715ac0c4672d712d36fe4dfcb9fe9be1825a734c57369f991b2e4c0e5288
tcn,clean_only,43,em_n20005_call_electrode_s0,phase2/results/predictions/full/clean_only/tcn/seed_43/em_n20005_call_electrode_s0.npz,75810,31e5ee26666f6ed48b68b0c39d2458af9ff3912a422bb09dd303d464f89f3d58
tcn,clean_only,43,em_n20005_call_covariance_s20,phase2/results/predictions/full/clean_only/tcn/seed_43/em_n20005_call_covariance_s20.npz,76352,2b4cd2d6e0b3d7227911d765e9fe35b0e12ded8ecb6a9e4dee1632e9856e6ee1
tcn,clean_only,43,em_n20005_call_covariance_s10,phase2/results/predictions/full/clean_only/tcn/seed_43/em_n20005_call_covariance_s10.npz,76291,ec7e95f5485040750dcfb6bf6d48e74bf92ede028a2588c7bc7e074729caf133
tcn,clean_only,43,em_n20005_call_covariance_s0,phase2/results/predictions/full/clean_only/tcn/seed_43/em_n20005_call_covariance_s0.npz,75818,5c7649f5894dc16cdba006d1179078b3dbad4d183d2999e7e59a87b5c66323bf
tcn,independent_rms,43,clean,phase2/results/predictions/full/independent_rms/tcn/seed_43/clean.npz,76323,781349c6d37580b80fb49b5757ef374ef4d916bb7bfa1589f8089f3e1b4e22a8
tcn,independent_rms,43,bandpass_n20001_cRA_LA_LL_independent_rms_s20,phase2/results/predictions/full/independent_rms/tcn/seed_43/bandpass_n20001_cRA_LA_LL_independent_rms_s20.npz,76389,ab3a6ad69daa8bd7fc024f45d4d2e1e8c004b042abfacd49454f5a8ee66d560d
tcn,independent_rms,43,bandpass_n20001_cRA_LA_LL_independent_rms_s15,phase2/results/predictions/full/independent_rms/tcn/seed_43/bandpass_n20001_cRA_LA_LL_independent_rms_s15.npz,76390,fcbdb7e2ccb971c4c5eed2d17346455e563088da61f654bbbd5a5ccbc2896e61
tcn,independent_rms,43,bandpass_n20001_cRA_LA_LL_independent_rms_s10,phase2/results/predictions/full/independent_rms/tcn/seed_43/bandpass_n20001_cRA_LA_LL_independent_rms_s10.npz,76366,4238defd8788808ab68613b062995f06e46fabb50993a161e158bc20398e7d75
tcn,independent_rms,43,bandpass_n20001_cRA_LA_LL_independent_rms_s5,phase2/results/predictions/full/independent_rms/tcn/seed_43/bandpass_n20001_cRA_LA_LL_independent_rms_s5.npz,76219,421320eceebad3e310a0879c451779aaf678d829e3010ca1aa6a3b2553e79257
tcn,independent_rms,43,bandpass_n20001_cRA_LA_LL_independent_rms_s0,phase2/results/predictions/full/independent_rms/tcn/seed_43/bandpass_n20001_cRA_LA_LL_independent_rms_s0.npz,75934,d4d1a500f6192f76bb57e71666c6b44fd3c416835aeaca59807b0eaf681d5d32
tcn,independent_rms,43,bandpass_n20001_cRA_LA_LL_electrode_s20,phase2/results/predictions/full/independent_rms/tcn/seed_43/bandpass_n20001_cRA_LA_LL_electrode_s20.npz,76403,a55ee9326d346173a40180a321266ba27f002f4f4ec83d419f6fd92dc82132fb
tcn,independent_rms,43,bandpass_n20001_cRA_LA_LL_electrode_s15,phase2/results/predictions/full/independent_rms/tcn/seed_43/bandpass_n20001_cRA_LA_LL_electrode_s15.npz,76360,60eee0972375e5e7d9a54d48ec82a75c8ac0daa69c273fe5a74178784017cafa
tcn,independent_rms,43,bandpass_n20001_cRA_LA_LL_electrode_s10,phase2/results/predictions/full/independent_rms/tcn/seed_43/bandpass_n20001_cRA_LA_LL_electrode_s10.npz,76277,ed347e3f5c535a7d5527791417e10061c303e8616b9addbf8fc6192fd4b89a84
tcn,independent_rms,43,bandpass_n20001_cRA_LA_LL_electrode_s5,phase2/results/predictions/full/independent_rms/tcn/seed_43/bandpass_n20001_cRA_LA_LL_electrode_s5.npz,76073,3bfdf875d9c4f24e76383c519cd5ed239a582c92614c5e2a3108202d23d64988
tcn,independent_rms,43,bandpass_n20001_cRA_LA_LL_electrode_s0,phase2/results/predictions/full/independent_rms/tcn/seed_43/bandpass_n20001_cRA_LA_LL_electrode_s0.npz,75521,421a7dfc698c78793986e11428fac1917fcc1a1ee13ebefe2925721cd8e0f1cb
tcn,independent_rms,43,bandpass_n20001_cRA_LA_LL_covariance_s20,phase2/results/predictions/full/independent_rms/tcn/seed_43/bandpass_n20001_cRA_LA_LL_covariance_s20.npz,76360,78abc279612e2bcdf1a6555351247d83bd352d269b1073b8e41dda63c5882ce2
tcn,independent_rms,43,bandpass_n20001_cRA_LA_LL_covariance_s15,phase2/results/predictions/full/independent_rms/tcn/seed_43/bandpass_n20001_cRA_LA_LL_covariance_s15.npz,76335,44ba60d26b0d9cc1d9c17ae6d89306898c846e1cc6a4397c20d8b50ae0b6eaa2
tcn,independent_rms,43,bandpass_n20001_cRA_LA_LL_covariance_s10,phase2/results/predictions/full/independent_rms/tcn/seed_43/bandpass_n20001_cRA_LA_LL_covariance_s10.npz,76263,0b2aba187a6a4e0029e569f6ca3c1363516acdc6c719f290d557dc079732ef9e
tcn,independent_rms,43,bandpass_n20001_cRA_LA_LL_covariance_s5,phase2/results/predictions/full/independent_rms/tcn/seed_43/bandpass_n20001_cRA_LA_LL_covariance_s5.npz,76051,eefe3e50eed375fbe3183a58158bba48dfac05002d983f9e6410568e496c479c
tcn,independent_rms,43,bandpass_n20001_cRA_LA_LL_covariance_s0,phase2/results/predictions/full/independent_rms/tcn/seed_43/bandpass_n20001_cRA_LA_LL_covariance_s0.npz,75559,6f3aa3d2119effd8c82143995d2de7979eb73d0b735dc8314795135ad76c61db
tcn,independent_rms,43,bandpass_n20001_cV1_independent_rms_s20,phase2/results/predictions/full/independent_rms/tcn/seed_43/bandpass_n20001_cV1_independent_rms_s20.npz,76399,c186503085673b724d90eba5e3517235a23d3e15b0c284122c97210789b38644
tcn,independent_rms,43,bandpass_n20001_cV1_independent_rms_s15,phase2/results/predictions/full/independent_rms/tcn/seed_43/bandpass_n20001_cV1_independent_rms_s15.npz,76330,930d11835bdb1279b13f25a195eaa3dbb934227d0171ddf00fd8a4183892c866
tcn,independent_rms,43,bandpass_n20001_cV1_independent_rms_s10,phase2/results/predictions/full/independent_rms/tcn/seed_43/bandpass_n20001_cV1_independent_rms_s10.npz,76317,c486380e93b1f68c206e5c584dd09663dc38532d6c726f158d01a1dc0141b47a
tcn,independent_rms,43,bandpass_n20001_cV1_independent_rms_s5,phase2/results/predictions/full/independent_rms/tcn/seed_43/bandpass_n20001_cV1_independent_rms_s5.npz,76190,8f1b1322cd4aeb646bd21346409ea4e2e2c84934e525b176228707003b430aa2
tcn,independent_rms,43,bandpass_n20001_cV1_independent_rms_s0,phase2/results/predictions/full/independent_rms/tcn/seed_43/bandpass_n20001_cV1_independent_rms_s0.npz,75896,84cbeddc00cd0feaeb9621c3cccf6abfc68c8dac582a14267d8e2faaa88f1bef
tcn,independent_rms,43,bandpass_n20001_cV1_electrode_s20,phase2/results/predictions/full/independent_rms/tcn/seed_43/bandpass_n20001_cV1_electrode_s20.npz,76386,970938c3bb2e9a6f76e5ed2ac59e7baa88beb6567eb6a8c403f789ca046fc4be
tcn,independent_rms,43,bandpass_n20001_cV1_electrode_s15,phase2/results/predictions/full/independent_rms/tcn/seed_43/bandpass_n20001_cV1_electrode_s15.npz,76358,dff4f6982c8b2167bd1fe3ab00f2aec2308480314cf77eef7693a964a122d17c
tcn,independent_rms,43,bandpass_n20001_cV1_electrode_s10,phase2/results/predictions/full/independent_rms/tcn/seed_43/bandpass_n20001_cV1_electrode_s10.npz,76328,43929c1824e2ebdf8187c93abf30a4dd2787d80929a2e42a2e382684029c833d
tcn,independent_rms,43,bandpass_n20001_cV1_electrode_s5,phase2/results/predictions/full/independent_rms/tcn/seed_43/bandpass_n20001_cV1_electrode_s5.npz,76164,9aa73e2d4bd9be2d798175d40a2ea30215418d6cd15a088b4249b6d17028b377
tcn,independent_rms,43,bandpass_n20001_cV1_electrode_s0,phase2/results/predictions/full/independent_rms/tcn/seed_43/bandpass_n20001_cV1_electrode_s0.npz,75919,728f34f0ea191f2011222cf54cef0c829992e36faa5c6999ac3cd0b29344609c
tcn,independent_rms,43,bandpass_n20001_cV1_covariance_s20,phase2/results/predictions/full/independent_rms/tcn/seed_43/bandpass_n20001_cV1_covariance_s20.npz,76398,b7f2f1023e883bce4fb3a3f923233b29609fe3923b0b33cc5dccf2e3fc80b841
tcn,independent_rms,43,bandpass_n20001_cV1_covariance_s15,phase2/results/predictions/full/independent_rms/tcn/seed_43/bandpass_n20001_cV1_covariance_s15.npz,76343,5e8114ae1268a43ea6e68bc7c7af41dfcae8625d06edaaea9ab424fdf3fac1f6
tcn,independent_rms,43,bandpass_n20001_cV1_covariance_s10,phase2/results/predictions/full/independent_rms/tcn/seed_43/bandpass_n20001_cV1_covariance_s10.npz,76311,ed8cfc7932452d619add888879149537505590ff2ed990357cca571eec0be264
tcn,independent_rms,43,bandpass_n20001_cV1_covariance_s5,phase2/results/predictions/full/independent_rms/tcn/seed_43/bandpass_n20001_cV1_covariance_s5.npz,76151,0fc62800baec83ff75a8e4840b024dd327f67e5ea8dce820ca3f5edb000735a8
tcn,independent_rms,43,bandpass_n20001_cV1_covariance_s0,phase2/results/predictions/full/independent_rms/tcn/seed_43/bandpass_n20001_cV1_covariance_s0.npz,75924,115700c9ab638c29751d9a95429ad2204bc6f24699d1e8f387d04d3a555d5d06
tcn,independent_rms,43,bandpass_n20001_cV2_independent_rms_s20,phase2/results/predictions/full/independent_rms/tcn/seed_43/bandpass_n20001_cV2_independent_rms_s20.npz,76401,f8a5315a5e30a6e4d943a2f9de54fc27e60469c18c318ad5266bdcaad410c3ba
tcn,independent_rms,43,bandpass_n20001_cV2_independent_rms_s15,phase2/results/predictions/full/independent_rms/tcn/seed_43/bandpass_n20001_cV2_independent_rms_s15.npz,76369,7cfa9722b94440dd78246c05d9b3a5b0648733aac85656ff769100823451cc8e
tcn,independent_rms,43,bandpass_n20001_cV2_independent_rms_s10,phase2/results/predictions/full/independent_rms/tcn/seed_43/bandpass_n20001_cV2_independent_rms_s10.npz,76322,e489858863f57e17e4b9b0f8d3f5d53c31ce2a9cc0ee0cd5d560b7cf459cede0
tcn,independent_rms,43,bandpass_n20001_cV2_independent_rms_s5,phase2/results/predictions/full/independent_rms/tcn/seed_43/bandpass_n20001_cV2_independent_rms_s5.npz,76227,c7d8bdc0870efffef7e98f20ff04e03aa9d3f48ad28eb2ddbd0412f2538445cc
tcn,independent_rms,43,bandpass_n20001_cV2_independent_rms_s0,phase2/results/predictions/full/independent_rms/tcn/seed_43/bandpass_n20001_cV2_independent_rms_s0.npz,75957,d22459879b151a14b80f2dd528c1c042f65df78b00abfaba2009f11ead87ba1b
tcn,independent_rms,43,bandpass_n20001_cV2_electrode_s20,phase2/results/predictions/full/independent_rms/tcn/seed_43/bandpass_n20001_cV2_electrode_s20.npz,76387,bcf7e3b3fe150402894e33c9186243aa67e5c054558b1eb35eed208838ef260e
tcn,independent_rms,43,bandpass_n20001_cV2_electrode_s15,phase2/results/predictions/full/independent_rms/tcn/seed_43/bandpass_n20001_cV2_electrode_s15.npz,76336,8ef5bde2ba52f051f4bc58100d0e5a01062cad361477b3369c1100fdeafb4e69
tcn,independent_rms,43,bandpass_n20001_cV2_electrode_s10,phase2/results/predictions/full/independent_rms/tcn/seed_43/bandpass_n20001_cV2_electrode_s10.npz,76296,0fa555a499ee23ec1ad64e6ecac4caaacb7fd8cc3b21a3586954504ef98a2f79
tcn,independent_rms,43,bandpass_n20001_cV2_electrode_s5,phase2/results/predictions/full/independent_rms/tcn/seed_43/bandpass_n20001_cV2_electrode_s5.npz,76216,bcc35b35f2640623d83e1bf2c7feb74d1b45f15178ed185affbc1055df1cba5e
tcn,independent_rms,43,bandpass_n20001_cV2_electrode_s0,phase2/results/predictions/full/independent_rms/tcn/seed_43/bandpass_n20001_cV2_electrode_s0.npz,75953,e322662cc0c1c29c6448580ef18a84d8863f4e83dd6b15ed54e900aa94eb98dd
tcn,independent_rms,43,bandpass_n20001_cV2_covariance_s20,phase2/results/predictions/full/independent_rms/tcn/seed_43/bandpass_n20001_cV2_covariance_s20.npz,76344,a823f9e630940622407cb2c29f780e83d18c5a8904f8a6dd64b3896e38c108a7
tcn,independent_rms,43,bandpass_n20001_cV2_covariance_s15,phase2/results/predictions/full/independent_rms/tcn/seed_43/bandpass_n20001_cV2_covariance_s15.npz,76402,0ba3e627c23af900263f69dee8ea6d50da1a2d63ff16ea0eec1c42ead295b717
tcn,independent_rms,43,bandpass_n20001_cV2_covariance_s10,phase2/results/predictions/full/independent_rms/tcn/seed_43/bandpass_n20001_cV2_covariance_s10.npz,76330,3df793c3f5a67288be28b23edf9bf4c12561684af1dfbe5c09639c79932bf45f
tcn,independent_rms,43,bandpass_n20001_cV2_covariance_s5,phase2/results/predictions/full/independent_rms/tcn/seed_43/bandpass_n20001_cV2_covariance_s5.npz,76234,baf89bc9180e5ee05c18cb5dd5f3647a54fbed0bb52bf8753670f2c5945d5ea5
tcn,independent_rms,43,bandpass_n20001_cV2_covariance_s0,phase2/results/predictions/full/independent_rms/tcn/seed_43/bandpass_n20001_cV2_covariance_s0.npz,75988,d2f806bd9f668f89eb0a408165cde6e68d3f384377e5649d2f8524a30e796b84
tcn,independent_rms,43,bandpass_n20001_cV3_independent_rms_s20,phase2/results/predictions/full/independent_rms/tcn/seed_43/bandpass_n20001_cV3_independent_rms_s20.npz,76398,4b22dd43148915806c662c71a3ed16c6111cce71b57ad4786f3f13397864e5a1
tcn,independent_rms,43,bandpass_n20001_cV3_independent_rms_s15,phase2/results/predictions/full/independent_rms/tcn/seed_43/bandpass_n20001_cV3_independent_rms_s15.npz,76389,a0951474a1e9878323fca484e9e39496a07c4d253524e5c57ed75a2f47b8f9f6
tcn,independent_rms,43,bandpass_n20001_cV3_independent_rms_s10,phase2/results/predictions/full/independent_rms/tcn/seed_43/bandpass_n20001_cV3_independent_rms_s10.npz,76413,b0e0016fcd74a0b64d1ad76e83f354ef4c08974ed0e001d559e5ba51d83d806f
tcn,independent_rms,43,bandpass_n20001_cV3_independent_rms_s5,phase2/results/predictions/full/independent_rms/tcn/seed_43/bandpass_n20001_cV3_independent_rms_s5.npz,76299,30f6fbea85ca483af9fb326128a8bd09947657daa2546906167a17d3459d950a
tcn,independent_rms,43,bandpass_n20001_cV3_independent_rms_s0,phase2/results/predictions/full/independent_rms/tcn/seed_43/bandpass_n20001_cV3_independent_rms_s0.npz,76162,10ca1147618797eca034b53432e36de3160f96d0ac07b1d480a901b8a96f5de5
tcn,independent_rms,43,bandpass_n20001_cV3_electrode_s20,phase2/results/predictions/full/independent_rms/tcn/seed_43/bandpass_n20001_cV3_electrode_s20.npz,76375,7807406aada6c9d0c9ef59c2a563adc48afa5bbd488f373f2ab15c5900ad9aa8
tcn,independent_rms,43,bandpass_n20001_cV3_electrode_s15,phase2/results/predictions/full/independent_rms/tcn/seed_43/bandpass_n20001_cV3_electrode_s15.npz,76380,b44c0f493b5bbbc7fa9aa772642471f0d3e9e2f8fc7065317d5a15c9104c082a
tcn,independent_rms,43,bandpass_n20001_cV3_electrode_s10,phase2/results/predictions/full/independent_rms/tcn/seed_43/bandpass_n20001_cV3_electrode_s10.npz,76312,13220dfa568ff404999d7f1ec4e0deff70070a2a0ce683614b844013972a1a0a
tcn,independent_rms,43,bandpass_n20001_cV3_electrode_s5,phase2/results/predictions/full/independent_rms/tcn/seed_43/bandpass_n20001_cV3_electrode_s5.npz,76318,b7bf7819635eaaff5159f13d1634e464363496279d9470bdca4361062736ddb1
tcn,independent_rms,43,bandpass_n20001_cV3_electrode_s0,phase2/results/predictions/full/independent_rms/tcn/seed_43/bandpass_n20001_cV3_electrode_s0.npz,76174,7607827fd107697cd6082c8a55c9bf83327f5ed288e73ce7b6bb3581d74eefeb
tcn,independent_rms,43,bandpass_n20001_cV3_covariance_s20,phase2/results/predictions/full/independent_rms/tcn/seed_43/bandpass_n20001_cV3_covariance_s20.npz,76373,70f00c9b87eae489cbd52a385526982ce60ccf3cf0fc6d33a3cf67735d8f79a6
tcn,independent_rms,43,bandpass_n20001_cV3_covariance_s15,phase2/results/predictions/full/independent_rms/tcn/seed_43/bandpass_n20001_cV3_covariance_s15.npz,76348,2a7bb9a9ade0972d1adae7e0bc46715dcf8a18377b02ad537ca043b5cd466202
tcn,independent_rms,43,bandpass_n20001_cV3_covariance_s10,phase2/results/predictions/full/independent_rms/tcn/seed_43/bandpass_n20001_cV3_covariance_s10.npz,76319,2aa2c2e087af672e1ceac6d069f2631e802421d60738b16f190ade6e6de2cc03
tcn,independent_rms,43,bandpass_n20001_cV3_covariance_s5,phase2/results/predictions/full/independent_rms/tcn/seed_43/bandpass_n20001_cV3_covariance_s5.npz,76317,7cc06db1d6535f831636490ba40af99fa49c3846f4bbad992cde6e1b7ef33e3c
tcn,independent_rms,43,bandpass_n20001_cV3_covariance_s0,phase2/results/predictions/full/independent_rms/tcn/seed_43/bandpass_n20001_cV3_covariance_s0.npz,76144,a9b29f2b4479b8e0805c05c19a3877740484ca71dd8827a4d59c5ede3f259856
tcn,independent_rms,43,bandpass_n20001_cV4_independent_rms_s20,phase2/results/predictions/full/independent_rms/tcn/seed_43/bandpass_n20001_cV4_independent_rms_s20.npz,76397,c966a6495437b02dd692e41d44f0610c9b1785d299b4305f35a2841d92bca8c5
tcn,independent_rms,43,bandpass_n20001_cV4_independent_rms_s15,phase2/results/predictions/full/independent_rms/tcn/seed_43/bandpass_n20001_cV4_independent_rms_s15.npz,76387,2ca968c6552717816ce5cca767991549ab73b19a74ad987fab107bb34e006ec7
tcn,independent_rms,43,bandpass_n20001_cV4_independent_rms_s10,phase2/results/predictions/full/independent_rms/tcn/seed_43/bandpass_n20001_cV4_independent_rms_s10.npz,76376,65d2518ed792958aed50a92efb24e65d0d1c555f618c1deeb66c5e2c0bcf9f74
tcn,independent_rms,43,bandpass_n20001_cV4_independent_rms_s5,phase2/results/predictions/full/independent_rms/tcn/seed_43/bandpass_n20001_cV4_independent_rms_s5.npz,76271,aaa2061ae43cb6217cc5ab891c52b52ea76015e4628d11cd5d48c5664797cfd7
tcn,independent_rms,43,bandpass_n20001_cV4_independent_rms_s0,phase2/results/predictions/full/independent_rms/tcn/seed_43/bandpass_n20001_cV4_independent_rms_s0.npz,76042,53183883e31c8747599ffd791b7d4a4af8ff7272fef29406512faae63a9e178a
tcn,independent_rms,43,bandpass_n20001_cV4_electrode_s20,phase2/results/predictions/full/independent_rms/tcn/seed_43/bandpass_n20001_cV4_electrode_s20.npz,76390,0b4933268181a313ff1b48349943b516609cf2d27f6b355f34653af479ac48b0
tcn,independent_rms,43,bandpass_n20001_cV4_electrode_s15,phase2/results/predictions/full/independent_rms/tcn/seed_43/bandpass_n20001_cV4_electrode_s15.npz,76378,45491602482bdd6e635f8faf99c69efe40dd5111b00e3d9fdb9de2f1f88f43d0
tcn,independent_rms,43,bandpass_n20001_cV4_electrode_s10,phase2/results/predictions/full/independent_rms/tcn/seed_43/bandpass_n20001_cV4_electrode_s10.npz,76343,f3f632dd4225d9e6d4b51f0ed711ea605c68913603ff3f5419a7f7956756055d
tcn,independent_rms,43,bandpass_n20001_cV4_electrode_s5,phase2/results/predictions/full/independent_rms/tcn/seed_43/bandpass_n20001_cV4_electrode_s5.npz,76246,21626c0ac5583a1430f47fda5f1e73c0894d664944e93024fc1d72a9ed0bf0e9
tcn,independent_rms,43,bandpass_n20001_cV4_electrode_s0,phase2/results/predictions/full/independent_rms/tcn/seed_43/bandpass_n20001_cV4_electrode_s0.npz,76064,e480bef5e4efd05dc764ffc0b45aa741bd6de02bc93f7331c28a8f90a637aafb
tcn,independent_rms,43,bandpass_n20001_cV4_covariance_s20,phase2/results/predictions/full/independent_rms/tcn/seed_43/bandpass_n20001_cV4_covariance_s20.npz,76404,18264bbf7520272e5ffe46bb548813793d0b242e0872ca9fc266fb3716d44c42
tcn,independent_rms,43,bandpass_n20001_cV4_covariance_s15,phase2/results/predictions/full/independent_rms/tcn/seed_43/bandpass_n20001_cV4_covariance_s15.npz,76385,349b4a70752e6b70d01ade89fc590d4dc20bff6009c4ace6b7ca3dbe49eb5615
tcn,independent_rms,43,bandpass_n20001_cV4_covariance_s10,phase2/results/predictions/full/independent_rms/tcn/seed_43/bandpass_n20001_cV4_covariance_s10.npz,76318,519b1ffae2b5b3ea891c472fdc7ec279756759c6bcbf796c9775d44e03a358fb
tcn,independent_rms,43,bandpass_n20001_cV4_covariance_s5,phase2/results/predictions/full/independent_rms/tcn/seed_43/bandpass_n20001_cV4_covariance_s5.npz,76260,0481441fb197edd4f59b8841df6e4f11564ddd48564098c8539841d7de967159
tcn,independent_rms,43,bandpass_n20001_cV4_covariance_s0,phase2/results/predictions/full/independent_rms/tcn/seed_43/bandpass_n20001_cV4_covariance_s0.npz,76044,933aa89f6baa7b38c8457a8c331463de029201d8c183c1f9c46f6bdf760b17d2
tcn,independent_rms,43,bandpass_n20001_cV5_independent_rms_s20,phase2/results/predictions/full/independent_rms/tcn/seed_43/bandpass_n20001_cV5_independent_rms_s20.npz,76382,d865ec638d59a9c16d747943e36478ee5940d826d42ee0c72e08b528c5660727
tcn,independent_rms,43,bandpass_n20001_cV5_independent_rms_s15,phase2/results/predictions/full/independent_rms/tcn/seed_43/bandpass_n20001_cV5_independent_rms_s15.npz,76399,a30370841acff4f8290e300e68d7f32aa722187c4cdf024220dcdae93f029651
tcn,independent_rms,43,bandpass_n20001_cV5_independent_rms_s10,phase2/results/predictions/full/independent_rms/tcn/seed_43/bandpass_n20001_cV5_independent_rms_s10.npz,76372,d29cc34e346e22bcbe8ba535c88b67746faf4e9586c7260cc027264e9e70d0b9
tcn,independent_rms,43,bandpass_n20001_cV5_independent_rms_s5,phase2/results/predictions/full/independent_rms/tcn/seed_43/bandpass_n20001_cV5_independent_rms_s5.npz,76238,b68cd72c7f93211b65efe00074708ef9a590d6c711fd410e6ff7bc3c48c23a86
tcn,independent_rms,43,bandpass_n20001_cV5_independent_rms_s0,phase2/results/predictions/full/independent_rms/tcn/seed_43/bandpass_n20001_cV5_independent_rms_s0.npz,75952,a7087705d5cc4e242f3d3449daebe0c6b617c394c11c5a15b1e357213f94dba9
tcn,independent_rms,43,bandpass_n20001_cV5_electrode_s20,phase2/results/predictions/full/independent_rms/tcn/seed_43/bandpass_n20001_cV5_electrode_s20.npz,76371,01afb0800d315f45bf1ffe0ae29c4a460f6e7aef81b660af720f549ce04f61a9
tcn,independent_rms,43,bandpass_n20001_cV5_electrode_s15,phase2/results/predictions/full/independent_rms/tcn/seed_43/bandpass_n20001_cV5_electrode_s15.npz,76378,cd42bed2865174c6123bc733be6316a8e49badb6dd3031133c81e0510c4a80c5
tcn,independent_rms,43,bandpass_n20001_cV5_electrode_s10,phase2/results/predictions/full/independent_rms/tcn/seed_43/bandpass_n20001_cV5_electrode_s10.npz,76370,0a4a59a8b6270ca5b92e5f586805bb8920e715f0254a2ceb9c7064fb5a441659
tcn,independent_rms,43,bandpass_n20001_cV5_electrode_s5,phase2/results/predictions/full/independent_rms/tcn/seed_43/bandpass_n20001_cV5_electrode_s5.npz,76212,eefd771f40e131683576d5ac99a104586df55785e90a88ac029a8c88083d0227
tcn,independent_rms,43,bandpass_n20001_cV5_electrode_s0,phase2/results/predictions/full/independent_rms/tcn/seed_43/bandpass_n20001_cV5_electrode_s0.npz,75928,fc721281fbe1413e0207fc9f060b0c0f057204db683b4eafdf18df2fefea4b43
tcn,independent_rms,43,bandpass_n20001_cV5_covariance_s20,phase2/results/predictions/full/independent_rms/tcn/seed_43/bandpass_n20001_cV5_covariance_s20.npz,76351,f313464973d17d03527cd395eb96e29574670799cf08622e24cb42bf6a129640
tcn,independent_rms,43,bandpass_n20001_cV5_covariance_s15,phase2/results/predictions/full/independent_rms/tcn/seed_43/bandpass_n20001_cV5_covariance_s15.npz,76321,a0c8c6cf28f210ee488aadf4b3e21b7fa5459e4285e61d0adb1c36f924b5d60a
tcn,independent_rms,43,bandpass_n20001_cV5_covariance_s10,phase2/results/predictions/full/independent_rms/tcn/seed_43/bandpass_n20001_cV5_covariance_s10.npz,76350,9d27e9254fb82be3f95fdb55cf2f9cd454803fe227ee45c93453bf1eddf82fdc
tcn,independent_rms,43,bandpass_n20001_cV5_covariance_s5,phase2/results/predictions/full/independent_rms/tcn/seed_43/bandpass_n20001_cV5_covariance_s5.npz,76192,bfc126c24cc4a4c76ffc788ed95f4153548a8224d57856ab3225fd7383f49ea3
tcn,independent_rms,43,bandpass_n20001_cV5_covariance_s0,phase2/results/predictions/full/independent_rms/tcn/seed_43/bandpass_n20001_cV5_covariance_s0.npz,75950,c8de4bc5a660bfa22509427ca6bcb77576db941e3278e8fe1b0d667634923c3f
tcn,independent_rms,43,bandpass_n20001_cV6_independent_rms_s20,phase2/results/predictions/full/independent_rms/tcn/seed_43/bandpass_n20001_cV6_independent_rms_s20.npz,76393,ffb0e1264d7dc2267e6fd74802b589b1bfd6413b7f430680fb31a220a360333e
tcn,independent_rms,43,bandpass_n20001_cV6_independent_rms_s15,phase2/results/predictions/full/independent_rms/tcn/seed_43/bandpass_n20001_cV6_independent_rms_s15.npz,76367,944fbec7310280d0598f58894045881229e6c97ab53eee32577992bb18ca0c04
tcn,independent_rms,43,bandpass_n20001_cV6_independent_rms_s10,phase2/results/predictions/full/independent_rms/tcn/seed_43/bandpass_n20001_cV6_independent_rms_s10.npz,76357,ad5669ecba5e79520c37e2049e980218513c42ceafcb4635fbea9fe0caad5a58
tcn,independent_rms,43,bandpass_n20001_cV6_independent_rms_s5,phase2/results/predictions/full/independent_rms/tcn/seed_43/bandpass_n20001_cV6_independent_rms_s5.npz,76243,385a91e602bcd474279b674e27459cf57400d7cb28505c42fad301c346536fd1
tcn,independent_rms,43,bandpass_n20001_cV6_independent_rms_s0,phase2/results/predictions/full/independent_rms/tcn/seed_43/bandpass_n20001_cV6_independent_rms_s0.npz,75992,4ede9944497143ae6cc92195b6f5f41f130aaa63bf569ea9dc1e6f4884b6d35f
tcn,independent_rms,43,bandpass_n20001_cV6_electrode_s20,phase2/results/predictions/full/independent_rms/tcn/seed_43/bandpass_n20001_cV6_electrode_s20.npz,76358,9630a40e825d80735d250cb7e1e331e069c880ae8cb9618bd65258d1ece4a776
tcn,independent_rms,43,bandpass_n20001_cV6_electrode_s15,phase2/results/predictions/full/independent_rms/tcn/seed_43/bandpass_n20001_cV6_electrode_s15.npz,76361,15abed19a156bc06731a699f059f7143edb1c4880e516afff84acbb6939dbf81
tcn,independent_rms,43,bandpass_n20001_cV6_electrode_s10,phase2/results/predictions/full/independent_rms/tcn/seed_43/bandpass_n20001_cV6_electrode_s10.npz,76324,3772c144d1972fc44b87deca5b1e26f37e9e329dcb7d1812b8f769164901c2fc
tcn,independent_rms,43,bandpass_n20001_cV6_electrode_s5,phase2/results/predictions/full/independent_rms/tcn/seed_43/bandpass_n20001_cV6_electrode_s5.npz,76245,594f51d8aad9dfb41a233ad1e57f39fd61764f91d18232bf4d5b3df18a52cb45
tcn,independent_rms,43,bandpass_n20001_cV6_electrode_s0,phase2/results/predictions/full/independent_rms/tcn/seed_43/bandpass_n20001_cV6_electrode_s0.npz,75980,baef34631886536df7bfa4b2bb0aae8a6474004a10b1c0ae548929da5763f627
tcn,independent_rms,43,bandpass_n20001_cV6_covariance_s20,phase2/results/predictions/full/independent_rms/tcn/seed_43/bandpass_n20001_cV6_covariance_s20.npz,76390,e7616f0cf53b7e14c123222704f6bd7784bb774cdf80ba56b07666bc6e339099
tcn,independent_rms,43,bandpass_n20001_cV6_covariance_s15,phase2/results/predictions/full/independent_rms/tcn/seed_43/bandpass_n20001_cV6_covariance_s15.npz,76367,3d3bd58150f0a5d3253ca38ae60ed660681721e0151ebca9592490808dbbdbed
tcn,independent_rms,43,bandpass_n20001_cV6_covariance_s10,phase2/results/predictions/full/independent_rms/tcn/seed_43/bandpass_n20001_cV6_covariance_s10.npz,76310,ce6f697f252608dc46964b757ab48d712e7c9065ea23f1ad15362903de8ea586
tcn,independent_rms,43,bandpass_n20001_cV6_covariance_s5,phase2/results/predictions/full/independent_rms/tcn/seed_43/bandpass_n20001_cV6_covariance_s5.npz,76218,d3ac8bbbc6cf0c72ea7cec433d81d311d6b76e6b52d3e5bb38db0a8f6b76d7a3
tcn,independent_rms,43,bandpass_n20001_cV6_covariance_s0,phase2/results/predictions/full/independent_rms/tcn/seed_43/bandpass_n20001_cV6_covariance_s0.npz,76004,49e9101fd23424fa7c9f967399224ead51ad0f1deafbca6ab9d4145542a5fff3
tcn,independent_rms,43,bandpass_n20001_cRA_LA_independent_rms_s20,phase2/results/predictions/full/independent_rms/tcn/seed_43/bandpass_n20001_cRA_LA_independent_rms_s20.npz,76409,ab2cec518cc749d58de06ad9c1a24463dcb1871c3f8b2125e3c527c22f89d4db
tcn,independent_rms,43,bandpass_n20001_cRA_LA_independent_rms_s15,phase2/results/predictions/full/independent_rms/tcn/seed_43/bandpass_n20001_cRA_LA_independent_rms_s15.npz,76411,435247919288d16c83c84b4aad22aaf667fd55905ef770e1ff74a53877d2cb49
tcn,independent_rms,43,bandpass_n20001_cRA_LA_independent_rms_s10,phase2/results/predictions/full/independent_rms/tcn/seed_43/bandpass_n20001_cRA_LA_independent_rms_s10.npz,76335,b08b0c079769db87bc9e6543d8a3f9adb8901ab6dc2e58f5a76b34c903ccf364
tcn,independent_rms,43,bandpass_n20001_cRA_LA_independent_rms_s5,phase2/results/predictions/full/independent_rms/tcn/seed_43/bandpass_n20001_cRA_LA_independent_rms_s5.npz,76206,f9e2151a3a42e3bdec4b84bea1d1f352cf4e3ee98eb3078f63a530b444c6ad42
tcn,independent_rms,43,bandpass_n20001_cRA_LA_independent_rms_s0,phase2/results/predictions/full/independent_rms/tcn/seed_43/bandpass_n20001_cRA_LA_independent_rms_s0.npz,75936,2e877a3971ee6282fb1f32507be85e310ebd377ece7e4e67b1716ed1bd097390
tcn,independent_rms,43,bandpass_n20001_cRA_LA_electrode_s20,phase2/results/predictions/full/independent_rms/tcn/seed_43/bandpass_n20001_cRA_LA_electrode_s20.npz,76375,73e55e268886e37101ac7005df1c7f1fb9e5813afbbe89ad0c3145bd54f86030
tcn,independent_rms,43,bandpass_n20001_cRA_LA_electrode_s15,phase2/results/predictions/full/independent_rms/tcn/seed_43/bandpass_n20001_cRA_LA_electrode_s15.npz,76348,fac6544b241a96cd1d38621af0a70bc86079ed2a902d3985b6421b6a76275e93
tcn,independent_rms,43,bandpass_n20001_cRA_LA_electrode_s10,phase2/results/predictions/full/independent_rms/tcn/seed_43/bandpass_n20001_cRA_LA_electrode_s10.npz,76254,8f1ef32d1833543d1f1affcae86f60d5ee1d2cdccc0aeea4d48b4e65d66a4668
tcn,independent_rms,43,bandpass_n20001_cRA_LA_electrode_s5,phase2/results/predictions/full/independent_rms/tcn/seed_43/bandpass_n20001_cRA_LA_electrode_s5.npz,76000,29d0936336282d274a01eca734b0f1ed47c861bf457169e60486492b7c3e1891
tcn,independent_rms,43,bandpass_n20001_cRA_LA_electrode_s0,phase2/results/predictions/full/independent_rms/tcn/seed_43/bandpass_n20001_cRA_LA_electrode_s0.npz,75515,2bec15f95cb23e6175e572a721bbbf07c81720ca5e79651a2e66e801251a9a30
tcn,independent_rms,43,bandpass_n20001_cRA_LA_covariance_s20,phase2/results/predictions/full/independent_rms/tcn/seed_43/bandpass_n20001_cRA_LA_covariance_s20.npz,76405,2bc927950b4db0363aec0f8d755953d021e2ab432fba9907129ce2692d2eb5fa
tcn,independent_rms,43,bandpass_n20001_cRA_LA_covariance_s15,phase2/results/predictions/full/independent_rms/tcn/seed_43/bandpass_n20001_cRA_LA_covariance_s15.npz,76379,9ec8752ec8042c987c2b77d596c137d6338173ab84b8349e01f0e8d31530ae4d
tcn,independent_rms,43,bandpass_n20001_cRA_LA_covariance_s10,phase2/results/predictions/full/independent_rms/tcn/seed_43/bandpass_n20001_cRA_LA_covariance_s10.npz,76226,aa5d79aa05a793419cef36c084e43cec93a8e988bf13765dfddc92d505820b77
tcn,independent_rms,43,bandpass_n20001_cRA_LA_covariance_s5,phase2/results/predictions/full/independent_rms/tcn/seed_43/bandpass_n20001_cRA_LA_covariance_s5.npz,76014,836aa6d8515054e7897dad12466325052e2d4aeebc839cd98c91757c37f3932b
tcn,independent_rms,43,bandpass_n20001_cRA_LA_covariance_s0,phase2/results/predictions/full/independent_rms/tcn/seed_43/bandpass_n20001_cRA_LA_covariance_s0.npz,75522,460d1e12574519d518180f41de0d0a9715db75f783408df6da279e6d394a01c5
tcn,independent_rms,43,bandpass_n20001_cLA_LL_independent_rms_s20,phase2/results/predictions/full/independent_rms/tcn/seed_43/bandpass_n20001_cLA_LL_independent_rms_s20.npz,76376,dd320f19c0f38a3a04d5ae5d6c8167df3a2f22b169134a94f0ecdd526f97f798
tcn,independent_rms,43,bandpass_n20001_cLA_LL_independent_rms_s15,phase2/results/predictions/full/independent_rms/tcn/seed_43/bandpass_n20001_cLA_LL_independent_rms_s15.npz,76371,560d2bdbb9d902603be11ad49b60738f9d060743242180e885f202c0b33b5967
tcn,independent_rms,43,bandpass_n20001_cLA_LL_independent_rms_s10,phase2/results/predictions/full/independent_rms/tcn/seed_43/bandpass_n20001_cLA_LL_independent_rms_s10.npz,76346,4292fb47dd4960b4a83c92d6fe7484793dc0114abd6f16f941ad4adfa9e6f34d
tcn,independent_rms,43,bandpass_n20001_cLA_LL_independent_rms_s5,phase2/results/predictions/full/independent_rms/tcn/seed_43/bandpass_n20001_cLA_LL_independent_rms_s5.npz,76211,1db3644afea05221ecbe7d4f3a61d1ed06bb2ebef3dbb3451e2f6ca112e3c560
tcn,independent_rms,43,bandpass_n20001_cLA_LL_independent_rms_s0,phase2/results/predictions/full/independent_rms/tcn/seed_43/bandpass_n20001_cLA_LL_independent_rms_s0.npz,75917,7a474ee4cd3787142bb65f976e346088e94e6b0393e53a7846c8b6f4360e27e6
tcn,independent_rms,43,bandpass_n20001_cLA_LL_electrode_s20,phase2/results/predictions/full/independent_rms/tcn/seed_43/bandpass_n20001_cLA_LL_electrode_s20.npz,76390,14749eea31e61a092baa77cf19d801d7f29972645febbee024c5cc5175a38858
tcn,independent_rms,43,bandpass_n20001_cLA_LL_electrode_s15,phase2/results/predictions/full/independent_rms/tcn/seed_43/bandpass_n20001_cLA_LL_electrode_s15.npz,76340,82db020e97e2a3344fdca010d40c0b104870aaeb37d5e4cdce5a2a33ebb27927
tcn,independent_rms,43,bandpass_n20001_cLA_LL_electrode_s10,phase2/results/predictions/full/independent_rms/tcn/seed_43/bandpass_n20001_cLA_LL_electrode_s10.npz,76294,fc999e8d45450acd235b355655ab7f72b16d0de2b07c4bf679adb1655a77659b
tcn,independent_rms,43,bandpass_n20001_cLA_LL_electrode_s5,phase2/results/predictions/full/independent_rms/tcn/seed_43/bandpass_n20001_cLA_LL_electrode_s5.npz,76087,c36f1069cc5fc21ab12429426fee4ca6834ff056d19fcd49723abd6cfdc7aa8b
tcn,independent_rms,43,bandpass_n20001_cLA_LL_electrode_s0,phase2/results/predictions/full/independent_rms/tcn/seed_43/bandpass_n20001_cLA_LL_electrode_s0.npz,75685,9c2351b8126267229128195460852aff498507d3cfc890d31e0c34a4dc0dd3c7
tcn,independent_rms,43,bandpass_n20001_cLA_LL_covariance_s20,phase2/results/predictions/full/independent_rms/tcn/seed_43/bandpass_n20001_cLA_LL_covariance_s20.npz,76380,4f3e4ae9621f0ab90462be2bf4199364e73e01d35bdc179ad41f76ea83f85575
tcn,independent_rms,43,bandpass_n20001_cLA_LL_covariance_s15,phase2/results/predictions/full/independent_rms/tcn/seed_43/bandpass_n20001_cLA_LL_covariance_s15.npz,76371,94ddf4b0875ad8613fb3e87a6a27376d0936aabed0795109be2a3e8ef30af49d
tcn,independent_rms,43,bandpass_n20001_cLA_LL_covariance_s10,phase2/results/predictions/full/independent_rms/tcn/seed_43/bandpass_n20001_cLA_LL_covariance_s10.npz,76281,793f4b50527f5b4b63c9836f23af0245624cfea7894a2b62985803b78647f905
tcn,independent_rms,43,bandpass_n20001_cLA_LL_covariance_s5,phase2/results/predictions/full/independent_rms/tcn/seed_43/bandpass_n20001_cLA_LL_covariance_s5.npz,76110,c57ae2e881af6ae2135250d1a5da6880ae60dd0f017c50f7c0e25cd22889ebc3
tcn,independent_rms,43,bandpass_n20001_cLA_LL_covariance_s0,phase2/results/predictions/full/independent_rms/tcn/seed_43/bandpass_n20001_cLA_LL_covariance_s0.npz,75699,419369ac65eee02df6c276230a6b14d6fabb1de198ea59849f412f1492e3fbde
tcn,independent_rms,43,bandpass_n20001_cRA_LL_independent_rms_s20,phase2/results/predictions/full/independent_rms/tcn/seed_43/bandpass_n20001_cRA_LL_independent_rms_s20.npz,76394,edb02944fc2ce3d3470a2bad3f36a61a6e99e8b509ae0329e54ac832cc6719fd
tcn,independent_rms,43,bandpass_n20001_cRA_LL_independent_rms_s15,phase2/results/predictions/full/independent_rms/tcn/seed_43/bandpass_n20001_cRA_LL_independent_rms_s15.npz,76408,2149279748dc1247c9b6714eb24918df37abb8e4edfda5dba761df79288a9602
tcn,independent_rms,43,bandpass_n20001_cRA_LL_independent_rms_s10,phase2/results/predictions/full/independent_rms/tcn/seed_43/bandpass_n20001_cRA_LL_independent_rms_s10.npz,76336,8393a1635ae0f0219ffe99314a929187dac45526e0868143e4d7e8f7f57532a3
tcn,independent_rms,43,bandpass_n20001_cRA_LL_independent_rms_s5,phase2/results/predictions/full/independent_rms/tcn/seed_43/bandpass_n20001_cRA_LL_independent_rms_s5.npz,76199,8f5e23e369a299bd5ed7c5357bdb5f7a426687bc7efe9370a2e9849622f87c76
tcn,independent_rms,43,bandpass_n20001_cRA_LL_independent_rms_s0,phase2/results/predictions/full/independent_rms/tcn/seed_43/bandpass_n20001_cRA_LL_independent_rms_s0.npz,75929,95cc6b61fc42090626a09756a64ea0530a7a6e74fd4dc9a888fd8f0c2c38aab5
tcn,independent_rms,43,bandpass_n20001_cRA_LL_electrode_s20,phase2/results/predictions/full/independent_rms/tcn/seed_43/bandpass_n20001_cRA_LL_electrode_s20.npz,76394,64479ead37b5c8d2b49989d7b8536313f1ad323d453bea5c573c1f1249423a5d
tcn,independent_rms,43,bandpass_n20001_cRA_LL_electrode_s15,phase2/results/predictions/full/independent_rms/tcn/seed_43/bandpass_n20001_cRA_LL_electrode_s15.npz,76364,270e69162fd3cf8564294daf2f3d4e3a424acaf7de789f62b22bee20cfa9cfe6
tcn,independent_rms,43,bandpass_n20001_cRA_LL_electrode_s10,phase2/results/predictions/full/independent_rms/tcn/seed_43/bandpass_n20001_cRA_LL_electrode_s10.npz,76258,6833097d6ad25d0e170d658dd7c29dacc006b1dd729743bd216e763a3716ea3f
tcn,independent_rms,43,bandpass_n20001_cRA_LL_electrode_s5,phase2/results/predictions/full/independent_rms/tcn/seed_43/bandpass_n20001_cRA_LL_electrode_s5.npz,75993,b7d99fec6f53a74b947725af8dc9a1706656a29520f0f810f243d313deb0b233
tcn,independent_rms,43,bandpass_n20001_cRA_LL_electrode_s0,phase2/results/predictions/full/independent_rms/tcn/seed_43/bandpass_n20001_cRA_LL_electrode_s0.npz,75502,32d3acfbf3e3f4ee111174742a0a9eb38dd0e38a0b720084a521aedc6563db58
tcn,independent_rms,43,bandpass_n20001_cRA_LL_covariance_s20,phase2/results/predictions/full/independent_rms/tcn/seed_43/bandpass_n20001_cRA_LL_covariance_s20.npz,76356,146866f0da3e3b1c9748aa3f7009cc7cb070e3031f406735533e738587038ecc
tcn,independent_rms,43,bandpass_n20001_cRA_LL_covariance_s15,phase2/results/predictions/full/independent_rms/tcn/seed_43/bandpass_n20001_cRA_LL_covariance_s15.npz,76330,fe31a6a0eb6bf6d2021ce31088ea72b1706bda626cc66f5ec4a53c39461b8709
tcn,independent_rms,43,bandpass_n20001_cRA_LL_covariance_s10,phase2/results/predictions/full/independent_rms/tcn/seed_43/bandpass_n20001_cRA_LL_covariance_s10.npz,76217,cdf811f023a2ae84defe98ad82913957979667c871aeeed1c536c507db784673
tcn,independent_rms,43,bandpass_n20001_cRA_LL_covariance_s5,phase2/results/predictions/full/independent_rms/tcn/seed_43/bandpass_n20001_cRA_LL_covariance_s5.npz,76007,288ba20f070c2361fe1001039558c8794127e53879aad3cd3341c61ab6a3501e
tcn,independent_rms,43,bandpass_n20001_cRA_LL_covariance_s0,phase2/results/predictions/full/independent_rms/tcn/seed_43/bandpass_n20001_cRA_LL_covariance_s0.npz,75502,65d265f5d4311570980674e0f78ca0c48dbad466853f581a0aa0f2b251878cc8
tcn,independent_rms,43,bandpass_n20001_cRA_independent_rms_s20,phase2/results/predictions/full/independent_rms/tcn/seed_43/bandpass_n20001_cRA_independent_rms_s20.npz,76399,8937b64eabac88c71981b2e3da5006f03f2bb6242ad4a3afd5a330d45067bbe9
tcn,independent_rms,43,bandpass_n20001_cRA_independent_rms_s15,phase2/results/predictions/full/independent_rms/tcn/seed_43/bandpass_n20001_cRA_independent_rms_s15.npz,76361,6855e5bf236a830f785eeb60a7ed9e39308f2109b6c6cf2c6a8fafad298f8fd1
tcn,independent_rms,43,bandpass_n20001_cRA_independent_rms_s10,phase2/results/predictions/full/independent_rms/tcn/seed_43/bandpass_n20001_cRA_independent_rms_s10.npz,76368,75a5fd123bae86e7c7024f27015ac1e30a89383c167d059fdeefddec84c9f87c
tcn,independent_rms,43,bandpass_n20001_cRA_independent_rms_s5,phase2/results/predictions/full/independent_rms/tcn/seed_43/bandpass_n20001_cRA_independent_rms_s5.npz,76208,a875e30d19b668f2059b6906f5ae8715939948ef6e997d018c99845bf7d10fba
tcn,independent_rms,43,bandpass_n20001_cRA_independent_rms_s0,phase2/results/predictions/full/independent_rms/tcn/seed_43/bandpass_n20001_cRA_independent_rms_s0.npz,75942,56203488dc1c0a9688fedf5da0e1d068d08b0cc46786a7870ea88902ccb59fc1
tcn,independent_rms,43,bandpass_n20001_cRA_electrode_s20,phase2/results/predictions/full/independent_rms/tcn/seed_43/bandpass_n20001_cRA_electrode_s20.npz,76371,54b026ad010381e544eb666ecd3ee1069c0cdee469d53947e59386133314165d
tcn,independent_rms,43,bandpass_n20001_cRA_electrode_s15,phase2/results/predictions/full/independent_rms/tcn/seed_43/bandpass_n20001_cRA_electrode_s15.npz,76346,b9253ee558280356a6eb199bdfddb3726440e3041a2d9209f0e1b55814673095
tcn,independent_rms,43,bandpass_n20001_cRA_electrode_s10,phase2/results/predictions/full/independent_rms/tcn/seed_43/bandpass_n20001_cRA_electrode_s10.npz,76204,fe84a414dfadd5ca4600bb8813897211770a16df38b6d18992766f191c1e4399
tcn,independent_rms,43,bandpass_n20001_cRA_electrode_s5,phase2/results/predictions/full/independent_rms/tcn/seed_43/bandpass_n20001_cRA_electrode_s5.npz,75939,c7ec503bdfde61164542c118bf282736f32a9a039d759f8fd71084845971ff03
tcn,independent_rms,43,bandpass_n20001_cRA_electrode_s0,phase2/results/predictions/full/independent_rms/tcn/seed_43/bandpass_n20001_cRA_electrode_s0.npz,75424,cecaef67d71a39a40bb17a1e6a43f8d09babadd2487321c8e35c4c9964557931
tcn,independent_rms,43,bandpass_n20001_cRA_covariance_s20,phase2/results/predictions/full/independent_rms/tcn/seed_43/bandpass_n20001_cRA_covariance_s20.npz,76366,e64c3a166ef63bfdd9338ac350508f5195bb94171269aef15a6a47c419cc2676
tcn,independent_rms,43,bandpass_n20001_cRA_covariance_s15,phase2/results/predictions/full/independent_rms/tcn/seed_43/bandpass_n20001_cRA_covariance_s15.npz,76322,915da909700d977150a494ab0ca26f83a2d5dd858725be48a3facddfdd422e3c
tcn,independent_rms,43,bandpass_n20001_cRA_covariance_s10,phase2/results/predictions/full/independent_rms/tcn/seed_43/bandpass_n20001_cRA_covariance_s10.npz,76204,f7bf2ca2fa16d53e0489d653b669936dc4cf9bd35fb321720098f6402bc3f3f6
tcn,independent_rms,43,bandpass_n20001_cRA_covariance_s5,phase2/results/predictions/full/independent_rms/tcn/seed_43/bandpass_n20001_cRA_covariance_s5.npz,75944,d584b02854e7e7ee8306f9d059a56ebbe0a9e52cdf7246f39f52bf871c9813f5
tcn,independent_rms,43,bandpass_n20001_cRA_covariance_s0,phase2/results/predictions/full/independent_rms/tcn/seed_43/bandpass_n20001_cRA_covariance_s0.npz,75435,ab6c124b376745f6035e98b86d1d4419796ddb4a3de81b0cbe18c5cbc78c973a
tcn,independent_rms,43,bandpass_n20001_cLA_independent_rms_s20,phase2/results/predictions/full/independent_rms/tcn/seed_43/bandpass_n20001_cLA_independent_rms_s20.npz,76393,6bcc39b86ad216d8917936a7b859ac11794b8603a7fa7330e669608e06e9f202
tcn,independent_rms,43,bandpass_n20001_cLA_independent_rms_s15,phase2/results/predictions/full/independent_rms/tcn/seed_43/bandpass_n20001_cLA_independent_rms_s15.npz,76362,b83fd4c16838a56c2cc6c20227de456114b7b3f80d503198c287384c049ab938
tcn,independent_rms,43,bandpass_n20001_cLA_independent_rms_s10,phase2/results/predictions/full/independent_rms/tcn/seed_43/bandpass_n20001_cLA_independent_rms_s10.npz,76323,6cbdc58e57c9b55ac7cf3d9cdcbc0b814c0d844ffede68281d6fb175228d37d7
tcn,independent_rms,43,bandpass_n20001_cLA_independent_rms_s5,phase2/results/predictions/full/independent_rms/tcn/seed_43/bandpass_n20001_cLA_independent_rms_s5.npz,76207,a7961f48b62894e9bbf3d78f5e3a11463f1510daf99fc939816e422350057724
tcn,independent_rms,43,bandpass_n20001_cLA_independent_rms_s0,phase2/results/predictions/full/independent_rms/tcn/seed_43/bandpass_n20001_cLA_independent_rms_s0.npz,75927,4c73455f13db02140e998d2ef09fcf4dec0ed1acb574073374300383e1d7e5df
tcn,independent_rms,43,bandpass_n20001_cLA_electrode_s20,phase2/results/predictions/full/independent_rms/tcn/seed_43/bandpass_n20001_cLA_electrode_s20.npz,76353,842cedeeba392ae9673f26068bf89c11edd3fdc2f9ff8444490aa88c5c8d877b
tcn,independent_rms,43,bandpass_n20001_cLA_electrode_s15,phase2/results/predictions/full/independent_rms/tcn/seed_43/bandpass_n20001_cLA_electrode_s15.npz,76356,b998f6d7cb984d38d03a5645a27b6e83b9fbd76edaf2adf1752cda9355b16b03
tcn,independent_rms,43,bandpass_n20001_cLA_electrode_s10,phase2/results/predictions/full/independent_rms/tcn/seed_43/bandpass_n20001_cLA_electrode_s10.npz,76277,b6b5eb6326f8d1659dac382180a3581287c5277808c2a551559ddb0d938df870
tcn,independent_rms,43,bandpass_n20001_cLA_electrode_s5,phase2/results/predictions/full/independent_rms/tcn/seed_43/bandpass_n20001_cLA_electrode_s5.npz,76148,0f315270f89df4c83f2941d012d303ac41d0c9c4eb6fa177dca113f27c6330e1
tcn,independent_rms,43,bandpass_n20001_cLA_electrode_s0,phase2/results/predictions/full/independent_rms/tcn/seed_43/bandpass_n20001_cLA_electrode_s0.npz,75716,f156661486f4694405396328662ebbca2b7770fa11d41696ccf0938818a8a7b3
tcn,independent_rms,43,bandpass_n20001_cLA_covariance_s20,phase2/results/predictions/full/independent_rms/tcn/seed_43/bandpass_n20001_cLA_covariance_s20.npz,76404,b91dbacbc0fef9ae62eb372e40e2e0353651d0a90ed91f6ef1e5ba06abc6bbb2
tcn,independent_rms,43,bandpass_n20001_cLA_covariance_s15,phase2/results/predictions/full/independent_rms/tcn/seed_43/bandpass_n20001_cLA_covariance_s15.npz,76380,50b719fb069daf6b0e7a676b9885c69117df0062f205a08e2c4b60df26d5549f
tcn,independent_rms,43,bandpass_n20001_cLA_covariance_s10,phase2/results/predictions/full/independent_rms/tcn/seed_43/bandpass_n20001_cLA_covariance_s10.npz,76263,18296d913b2e2101482d09d24c12a1abf6a98a67304a9d815502e73caa9e9446
tcn,independent_rms,43,bandpass_n20001_cLA_covariance_s5,phase2/results/predictions/full/independent_rms/tcn/seed_43/bandpass_n20001_cLA_covariance_s5.npz,76140,b29eece558098db8568a17fbc52eb803b69a7485b489fc29560dddc3748d09ad
tcn,independent_rms,43,bandpass_n20001_cLA_covariance_s0,phase2/results/predictions/full/independent_rms/tcn/seed_43/bandpass_n20001_cLA_covariance_s0.npz,75717,0872b50dce10d815be7967d680f920a3814ef7074340ff9f5133b45b3eb8b053
tcn,independent_rms,43,bandpass_n20001_cLL_independent_rms_s20,phase2/results/predictions/full/independent_rms/tcn/seed_43/bandpass_n20001_cLL_independent_rms_s20.npz,76380,905f6969d1ede242bb17a4b8ac5d9e25d8fe9eb69f8086b9087cd1a851935037
tcn,independent_rms,43,bandpass_n20001_cLL_independent_rms_s15,phase2/results/predictions/full/independent_rms/tcn/seed_43/bandpass_n20001_cLL_independent_rms_s15.npz,76371,b1974e35dc3d51fe36d0ac8f251db44aa0904f7c628e5622801a77f0ae4ba12e
tcn,independent_rms,43,bandpass_n20001_cLL_independent_rms_s10,phase2/results/predictions/full/independent_rms/tcn/seed_43/bandpass_n20001_cLL_independent_rms_s10.npz,76326,8cc8e0e60b8d0e30faa5ce69566eb89f0d283ebbc01a181883f3403cd98a86b2
tcn,independent_rms,43,bandpass_n20001_cLL_independent_rms_s5,phase2/results/predictions/full/independent_rms/tcn/seed_43/bandpass_n20001_cLL_independent_rms_s5.npz,76241,49c38a66c94a90fb9a97f9b72134053b445324863d7943339520fa266116c345
tcn,independent_rms,43,bandpass_n20001_cLL_independent_rms_s0,phase2/results/predictions/full/independent_rms/tcn/seed_43/bandpass_n20001_cLL_independent_rms_s0.npz,75930,2ede789375b92c2bcdca6aff4e0c9b739c19241b75070f731a3c3b0e043a81d1
tcn,independent_rms,43,bandpass_n20001_cLL_electrode_s20,phase2/results/predictions/full/independent_rms/tcn/seed_43/bandpass_n20001_cLL_electrode_s20.npz,76357,3a0ca153d88ccdfe281e6c9ecefb51c7c37386a9f7b6db2e9fcad95b6347584d
tcn,independent_rms,43,bandpass_n20001_cLL_electrode_s15,phase2/results/predictions/full/independent_rms/tcn/seed_43/bandpass_n20001_cLL_electrode_s15.npz,76364,91b8aa49689b75dcffcacb927c8bdcfa8546cb6367de6016b2748f2d966c959b
tcn,independent_rms,43,bandpass_n20001_cLL_electrode_s10,phase2/results/predictions/full/independent_rms/tcn/seed_43/bandpass_n20001_cLL_electrode_s10.npz,76270,0641521cc5e64ef56cb9f8a010796a077d144dc8820c715a6e5edfde0e8903ce
tcn,independent_rms,43,bandpass_n20001_cLL_electrode_s5,phase2/results/predictions/full/independent_rms/tcn/seed_43/bandpass_n20001_cLL_electrode_s5.npz,76073,d19eed0c437ca8665f6647e0044a5bbc1b144a69a4867fc55114e6f99c8c3c3b
tcn,independent_rms,43,bandpass_n20001_cLL_electrode_s0,phase2/results/predictions/full/independent_rms/tcn/seed_43/bandpass_n20001_cLL_electrode_s0.npz,75783,e67a7f092ecbdf710b3bd09434fad1ff7a60e439e48abbc24a589f97d8e397e5
tcn,independent_rms,43,bandpass_n20001_cLL_covariance_s20,phase2/results/predictions/full/independent_rms/tcn/seed_43/bandpass_n20001_cLL_covariance_s20.npz,76382,5aafe6a7083bdf0cf295cff9e8310f784c56f10bebcd5064c7a58498647e919f
tcn,independent_rms,43,bandpass_n20001_cLL_covariance_s15,phase2/results/predictions/full/independent_rms/tcn/seed_43/bandpass_n20001_cLL_covariance_s15.npz,76370,3262a657d27ff85e7e77f56cbd6e25237a58d905248d9320b1df59d8b76ba5d9
tcn,independent_rms,43,bandpass_n20001_cLL_covariance_s10,phase2/results/predictions/full/independent_rms/tcn/seed_43/bandpass_n20001_cLL_covariance_s10.npz,76299,d4ee4a4335f8e42b291e73f582271235383fd38fe1c54aeb528d2039f55bd609
tcn,independent_rms,43,bandpass_n20001_cLL_covariance_s5,phase2/results/predictions/full/independent_rms/tcn/seed_43/bandpass_n20001_cLL_covariance_s5.npz,76093,8a8a5fce349f7b67a53edbe9ab523ccd4f924f8a0dd1ecac141d874b8f91e3ab
tcn,independent_rms,43,bandpass_n20001_cLL_covariance_s0,phase2/results/predictions/full/independent_rms/tcn/seed_43/bandpass_n20001_cLL_covariance_s0.npz,75785,73d3f73e50efa5e4911e793e004c5dc0e03be1384db7cb3218e005716dd1b04b
tcn,independent_rms,43,bandpass_n20001_cRA_V1_independent_rms_s20,phase2/results/predictions/full/independent_rms/tcn/seed_43/bandpass_n20001_cRA_V1_independent_rms_s20.npz,76408,775c6e65e501976cd1a00fac864057e76ec15bb75eeb80568a1d8457b22b3370
tcn,independent_rms,43,bandpass_n20001_cRA_V1_independent_rms_s15,phase2/results/predictions/full/independent_rms/tcn/seed_43/bandpass_n20001_cRA_V1_independent_rms_s15.npz,76400,b97960238e82bd1b3d9c9ea346a8362cf68d2592fce803cd5d59ef251001309a
tcn,independent_rms,43,bandpass_n20001_cRA_V1_independent_rms_s10,phase2/results/predictions/full/independent_rms/tcn/seed_43/bandpass_n20001_cRA_V1_independent_rms_s10.npz,76347,e764820489f79492b292d0198e8460fe636cdd68429cbb659f7d71e319a52cf1
tcn,independent_rms,43,bandpass_n20001_cRA_V1_independent_rms_s5,phase2/results/predictions/full/independent_rms/tcn/seed_43/bandpass_n20001_cRA_V1_independent_rms_s5.npz,76196,9959001e0920f49a15952824587bae5f5fd6ee4e5f2c7c2bae43e969061f03b1
tcn,independent_rms,43,bandpass_n20001_cRA_V1_independent_rms_s0,phase2/results/predictions/full/independent_rms/tcn/seed_43/bandpass_n20001_cRA_V1_independent_rms_s0.npz,75940,a6261e1a8afb217c22450f90fd76235c064d3a611f91e1de81a1c86963d53c99
tcn,independent_rms,43,bandpass_n20001_cRA_V1_electrode_s20,phase2/results/predictions/full/independent_rms/tcn/seed_43/bandpass_n20001_cRA_V1_electrode_s20.npz,76363,54c28d4d416f149b95aaad29b04ae07aff14b921b6b1ff03320edaf3610f50dc
tcn,independent_rms,43,bandpass_n20001_cRA_V1_electrode_s15,phase2/results/predictions/full/independent_rms/tcn/seed_43/bandpass_n20001_cRA_V1_electrode_s15.npz,76352,dafb14e70bddf06f0fbd5c533a68db5a9eebaefffccbe41579f14eb20d7b4014
tcn,independent_rms,43,bandpass_n20001_cRA_V1_electrode_s10,phase2/results/predictions/full/independent_rms/tcn/seed_43/bandpass_n20001_cRA_V1_electrode_s10.npz,76204,9f2d5bb392fae140acc82c6f50ec1d394206c090da40bb341bb5138d8bc967f2
tcn,independent_rms,43,bandpass_n20001_cRA_V1_electrode_s5,phase2/results/predictions/full/independent_rms/tcn/seed_43/bandpass_n20001_cRA_V1_electrode_s5.npz,76000,a3a23af5541a9599e4a6365cb043fe7ab061e73f3df1d559f76f63d3c72c8c6c
tcn,independent_rms,43,bandpass_n20001_cRA_V1_electrode_s0,phase2/results/predictions/full/independent_rms/tcn/seed_43/bandpass_n20001_cRA_V1_electrode_s0.npz,75453,58903bc00bb1ec57510c7ec2a7ba4bd45ce653d27c05949fdf1e52c79dbaa8b5
tcn,independent_rms,43,bandpass_n20001_cRA_V1_covariance_s20,phase2/results/predictions/full/independent_rms/tcn/seed_43/bandpass_n20001_cRA_V1_covariance_s20.npz,76373,281e9d499c2fbb6a8dde0453f3eb73355a93507785cef8c45481ec4d3e5c1bef
tcn,independent_rms,43,bandpass_n20001_cRA_V1_covariance_s15,phase2/results/predictions/full/independent_rms/tcn/seed_43/bandpass_n20001_cRA_V1_covariance_s15.npz,76344,71f4f86f3d3f618ff44c405028c5f31eeb6fa2a1dd2373d1a23613ac0fa9e04e
tcn,independent_rms,43,bandpass_n20001_cRA_V1_covariance_s10,phase2/results/predictions/full/independent_rms/tcn/seed_43/bandpass_n20001_cRA_V1_covariance_s10.npz,76214,026a1f8fe46c851602d477ec254f37dd1c24f7f2e74d304f7c60d74e0d36fa09
tcn,independent_rms,43,bandpass_n20001_cRA_V1_covariance_s5,phase2/results/predictions/full/independent_rms/tcn/seed_43/bandpass_n20001_cRA_V1_covariance_s5.npz,76002,c79d7e5103a73d38e2f9edfe3e75c49ae59981605beba27b4920e3513a46df4d
tcn,independent_rms,43,bandpass_n20001_cRA_V1_covariance_s0,phase2/results/predictions/full/independent_rms/tcn/seed_43/bandpass_n20001_cRA_V1_covariance_s0.npz,75465,68dca1e6516f3bafb9918320e66418724e8bc8b7766470de9e927f1feccc3a71
tcn,independent_rms,43,bandpass_n20001_cLA_V6_independent_rms_s20,phase2/results/predictions/full/independent_rms/tcn/seed_43/bandpass_n20001_cLA_V6_independent_rms_s20.npz,76404,1e65c3654f902ffee33f5441830cac2077cbbea75d922764b240c76910e10aba
tcn,independent_rms,43,bandpass_n20001_cLA_V6_independent_rms_s15,phase2/results/predictions/full/independent_rms/tcn/seed_43/bandpass_n20001_cLA_V6_independent_rms_s15.npz,76388,c2764911cac995a21cfd62c5450b7bd0e1b717311488b725da87ab141c6e1ea7
tcn,independent_rms,43,bandpass_n20001_cLA_V6_independent_rms_s10,phase2/results/predictions/full/independent_rms/tcn/seed_43/bandpass_n20001_cLA_V6_independent_rms_s10.npz,76337,621e20448932dec0101b18c7e4ca0ffd4a85b9874758b66f4f1d59b1a3763186
tcn,independent_rms,43,bandpass_n20001_cLA_V6_independent_rms_s5,phase2/results/predictions/full/independent_rms/tcn/seed_43/bandpass_n20001_cLA_V6_independent_rms_s5.npz,76227,65804296c0d8a942598b5f3bddc5cdec50e222d250b60f8b89af82c4026e99b5
tcn,independent_rms,43,bandpass_n20001_cLA_V6_independent_rms_s0,phase2/results/predictions/full/independent_rms/tcn/seed_43/bandpass_n20001_cLA_V6_independent_rms_s0.npz,75938,55d5df2dd744d59efea605e35acf7be6cb9d5c4f64a8e1750709648d0019c3ba
tcn,independent_rms,43,bandpass_n20001_cLA_V6_electrode_s20,phase2/results/predictions/full/independent_rms/tcn/seed_43/bandpass_n20001_cLA_V6_electrode_s20.npz,76399,137ae851fd53d40812eba0f3882ad7663c4af339de72ef15bb07b4bd2f306a51
tcn,independent_rms,43,bandpass_n20001_cLA_V6_electrode_s15,phase2/results/predictions/full/independent_rms/tcn/seed_43/bandpass_n20001_cLA_V6_electrode_s15.npz,76380,a05d6d595ffe9463ec5add3287513f413700f590b886f618f5b705d705c6384f
tcn,independent_rms,43,bandpass_n20001_cLA_V6_electrode_s10,phase2/results/predictions/full/independent_rms/tcn/seed_43/bandpass_n20001_cLA_V6_electrode_s10.npz,76300,a410e5d0be0cb777ac9d51c66dda7e7c22f63219bccdd78fb6d1a7c131a50430
tcn,independent_rms,43,bandpass_n20001_cLA_V6_electrode_s5,phase2/results/predictions/full/independent_rms/tcn/seed_43/bandpass_n20001_cLA_V6_electrode_s5.npz,76149,7dbfb0158ed038e570b5caa8247ab3ed50dd34f66e7fd94b011b10faca94a5cc
tcn,independent_rms,43,bandpass_n20001_cLA_V6_electrode_s0,phase2/results/predictions/full/independent_rms/tcn/seed_43/bandpass_n20001_cLA_V6_electrode_s0.npz,75734,8363a64e09ac82156c513f1fcd18e961247b47c156fb920ffca58b373aafe33f
tcn,independent_rms,43,bandpass_n20001_cLA_V6_covariance_s20,phase2/results/predictions/full/independent_rms/tcn/seed_43/bandpass_n20001_cLA_V6_covariance_s20.npz,76402,f8ca8cf8683452dda87762e12c33291d85397d50c332ba59467c8d98a3b61fc7
tcn,independent_rms,43,bandpass_n20001_cLA_V6_covariance_s15,phase2/results/predictions/full/independent_rms/tcn/seed_43/bandpass_n20001_cLA_V6_covariance_s15.npz,76392,16498c775fdd2e85a2e73b0ab7fc569fe8c2636651bad0f771b2eda85a3517d1
tcn,independent_rms,43,bandpass_n20001_cLA_V6_covariance_s10,phase2/results/predictions/full/independent_rms/tcn/seed_43/bandpass_n20001_cLA_V6_covariance_s10.npz,76310,98826c1e7cee01d786622df474766b762f1c71c7a697bc5abbd27ea7ae33c6a7
tcn,independent_rms,43,bandpass_n20001_cLA_V6_covariance_s5,phase2/results/predictions/full/independent_rms/tcn/seed_43/bandpass_n20001_cLA_V6_covariance_s5.npz,76175,9285720cf0fb39ce6993f956af815c1308d332f6fe1d61773bcd432ec4980643
tcn,independent_rms,43,bandpass_n20001_cLA_V6_covariance_s0,phase2/results/predictions/full/independent_rms/tcn/seed_43/bandpass_n20001_cLA_V6_covariance_s0.npz,75742,78db23f5460968a4c4fe9399939163833ac63983a001b1044a8a18ca3c8d3472
tcn,independent_rms,43,bandpass_n20001_cLL_V4_independent_rms_s20,phase2/results/predictions/full/independent_rms/tcn/seed_43/bandpass_n20001_cLL_V4_independent_rms_s20.npz,76399,f66df8890697401f98a1db389345c5b6fc482ebdad0f6cd8d45f6c5b4309f352
tcn,independent_rms,43,bandpass_n20001_cLL_V4_independent_rms_s15,phase2/results/predictions/full/independent_rms/tcn/seed_43/bandpass_n20001_cLL_V4_independent_rms_s15.npz,76379,fe8636fdea353738ff808bf23ede2c9023c6e765b6d9c929f4951480114298da
tcn,independent_rms,43,bandpass_n20001_cLL_V4_independent_rms_s10,phase2/results/predictions/full/independent_rms/tcn/seed_43/bandpass_n20001_cLL_V4_independent_rms_s10.npz,76347,ec2d5527ac322ad29f8947ed07401a32452f79937a279c19f14cf11f74e68175
tcn,independent_rms,43,bandpass_n20001_cLL_V4_independent_rms_s5,phase2/results/predictions/full/independent_rms/tcn/seed_43/bandpass_n20001_cLL_V4_independent_rms_s5.npz,76230,a468e0e4c34fb45f51c2f3c741faa4a22b798bb4ea60c812e5591f9a0403af53
tcn,independent_rms,43,bandpass_n20001_cLL_V4_independent_rms_s0,phase2/results/predictions/full/independent_rms/tcn/seed_43/bandpass_n20001_cLL_V4_independent_rms_s0.npz,75921,c74585a6cbc4fb95d0c7f0134da44f6fa6acaa51169022fba43dcba86cdb2991
tcn,independent_rms,43,bandpass_n20001_cLL_V4_electrode_s20,phase2/results/predictions/full/independent_rms/tcn/seed_43/bandpass_n20001_cLL_V4_electrode_s20.npz,76391,c171833200258aa36be7430952b7bae1d9d1d461f67ca7e0a5f191576807cfe9
tcn,independent_rms,43,bandpass_n20001_cLL_V4_electrode_s15,phase2/results/predictions/full/independent_rms/tcn/seed_43/bandpass_n20001_cLL_V4_electrode_s15.npz,76347,8cebff2bdca2b6da0eead305afdf9fc558bc564bb302a160929fd489327ce7cb
tcn,independent_rms,43,bandpass_n20001_cLL_V4_electrode_s10,phase2/results/predictions/full/independent_rms/tcn/seed_43/bandpass_n20001_cLL_V4_electrode_s10.npz,76313,99d11523332c5f2a7ba5e5ab0c7e9ad0c623cf547dcd8c6a315d5c5798c8013b
tcn,independent_rms,43,bandpass_n20001_cLL_V4_electrode_s5,phase2/results/predictions/full/independent_rms/tcn/seed_43/bandpass_n20001_cLL_V4_electrode_s5.npz,76152,6f842d1c2e2e399857c34b4884a9eff9d1d9b9512e26337801f08081ea203815
tcn,independent_rms,43,bandpass_n20001_cLL_V4_electrode_s0,phase2/results/predictions/full/independent_rms/tcn/seed_43/bandpass_n20001_cLL_V4_electrode_s0.npz,75801,f0107038dfc468e5724340d79405fff996f60f571679148d969f3ae061b4a1f3
tcn,independent_rms,43,bandpass_n20001_cLL_V4_covariance_s20,phase2/results/predictions/full/independent_rms/tcn/seed_43/bandpass_n20001_cLL_V4_covariance_s20.npz,76370,62d621164f7e82ab1fa620e4b12824087127edd469265c3f405818e007180b0f
tcn,independent_rms,43,bandpass_n20001_cLL_V4_covariance_s15,phase2/results/predictions/full/independent_rms/tcn/seed_43/bandpass_n20001_cLL_V4_covariance_s15.npz,76365,bb42a9f60c3ce63fae735d3d9f056f59ba13bba590523cfb7d87eba53e63e959
tcn,independent_rms,43,bandpass_n20001_cLL_V4_covariance_s10,phase2/results/predictions/full/independent_rms/tcn/seed_43/bandpass_n20001_cLL_V4_covariance_s10.npz,76297,8abdef2f23535a77c18fde6d04d90c2378a40818c5bca0eb1568917c0f901625
tcn,independent_rms,43,bandpass_n20001_cLL_V4_covariance_s5,phase2/results/predictions/full/independent_rms/tcn/seed_43/bandpass_n20001_cLL_V4_covariance_s5.npz,76184,6aee48680f5914b730dc23ccac26218122dc1026255eaa5ccf878522edd570c3
tcn,independent_rms,43,bandpass_n20001_cLL_V4_covariance_s0,phase2/results/predictions/full/independent_rms/tcn/seed_43/bandpass_n20001_cLL_V4_covariance_s0.npz,75806,95f5b71fb174fe7298f0bcf5e30f3cd84f9e37778ee57e1038c2e9d1760f3a8b
tcn,independent_rms,43,bandpass_n20001_cRA_LA_V1_V6_independent_rms_s20,phase2/results/predictions/full/independent_rms/tcn/seed_43/bandpass_n20001_cRA_LA_V1_V6_independent_rms_s20.npz,76415,8bbe1d0ee17b9cd333492142e20679bf0c9ec27df9f5bf6d49eb6529bd82cfc1
tcn,independent_rms,43,bandpass_n20001_cRA_LA_V1_V6_independent_rms_s15,phase2/results/predictions/full/independent_rms/tcn/seed_43/bandpass_n20001_cRA_LA_V1_V6_independent_rms_s15.npz,76413,b4255db120792cde2dafe3b3c44fc5fc31a23e0081a286f3d3920aa79e9d68fa
tcn,independent_rms,43,bandpass_n20001_cRA_LA_V1_V6_independent_rms_s10,phase2/results/predictions/full/independent_rms/tcn/seed_43/bandpass_n20001_cRA_LA_V1_V6_independent_rms_s10.npz,76366,42d2486750b35b2da0532045def2ba89082c558bb657f1ea21ff293874c60e0b
tcn,independent_rms,43,bandpass_n20001_cRA_LA_V1_V6_independent_rms_s5,phase2/results/predictions/full/independent_rms/tcn/seed_43/bandpass_n20001_cRA_LA_V1_V6_independent_rms_s5.npz,76246,6e9d1ad01dc0cda9070dc78cbb9920338e481ddd8a84ceb86694045ae23b6cc6
tcn,independent_rms,43,bandpass_n20001_cRA_LA_V1_V6_independent_rms_s0,phase2/results/predictions/full/independent_rms/tcn/seed_43/bandpass_n20001_cRA_LA_V1_V6_independent_rms_s0.npz,75960,46b310014cf058de7cf01019cd22bca3a315920dc4a3fb823f25ca9c62654b3b
tcn,independent_rms,43,bandpass_n20001_cRA_LA_V1_V6_electrode_s20,phase2/results/predictions/full/independent_rms/tcn/seed_43/bandpass_n20001_cRA_LA_V1_V6_electrode_s20.npz,76364,e9305c47f63a5c68d0b418e47cb1aeabc917c2301adb978cf54e70d115217e65
tcn,independent_rms,43,bandpass_n20001_cRA_LA_V1_V6_electrode_s15,phase2/results/predictions/full/independent_rms/tcn/seed_43/bandpass_n20001_cRA_LA_V1_V6_electrode_s15.npz,76363,573faa0830a167f1a06d10fa51f092d248dbf17cd3d701d5bae14fb15337a508
tcn,independent_rms,43,bandpass_n20001_cRA_LA_V1_V6_electrode_s10,phase2/results/predictions/full/independent_rms/tcn/seed_43/bandpass_n20001_cRA_LA_V1_V6_electrode_s10.npz,76277,04a8bbd7d176541326ed8c8a50a905bf9bea51cc1538fd8a8145026de3c572d4
tcn,independent_rms,43,bandpass_n20001_cRA_LA_V1_V6_electrode_s5,phase2/results/predictions/full/independent_rms/tcn/seed_43/bandpass_n20001_cRA_LA_V1_V6_electrode_s5.npz,76086,5b2d6e11a5d5989176bc820e84b317971c53c5bb09616628e62f9d85de393aa5
tcn,independent_rms,43,bandpass_n20001_cRA_LA_V1_V6_electrode_s0,phase2/results/predictions/full/independent_rms/tcn/seed_43/bandpass_n20001_cRA_LA_V1_V6_electrode_s0.npz,75567,3d72049b8988c4ba332d63cb380895f46a43e1518a0a0f25d1af50e20cab0d71
tcn,independent_rms,43,bandpass_n20001_cRA_LA_V1_V6_covariance_s20,phase2/results/predictions/full/independent_rms/tcn/seed_43/bandpass_n20001_cRA_LA_V1_V6_covariance_s20.npz,76386,3635d7a464cdb8360ddec046d4f3120cbc9ca53712a0a09351f1af0ffb65065d
tcn,independent_rms,43,bandpass_n20001_cRA_LA_V1_V6_covariance_s15,phase2/results/predictions/full/independent_rms/tcn/seed_43/bandpass_n20001_cRA_LA_V1_V6_covariance_s15.npz,76373,8353ec70eddd2f8b2142179ac08ac91629f35357500971848e8cb79193155250
tcn,independent_rms,43,bandpass_n20001_cRA_LA_V1_V6_covariance_s10,phase2/results/predictions/full/independent_rms/tcn/seed_43/bandpass_n20001_cRA_LA_V1_V6_covariance_s10.npz,76273,a110fcb77e202f45658f1b0d2bfef4fda6119acf873a279925aecb65f32d2ddd
tcn,independent_rms,43,bandpass_n20001_cRA_LA_V1_V6_covariance_s5,phase2/results/predictions/full/independent_rms/tcn/seed_43/bandpass_n20001_cRA_LA_V1_V6_covariance_s5.npz,76039,f733ca973103435eae0ae3697d9081723f20ea540db02ea106d1cb744888987e
tcn,independent_rms,43,bandpass_n20001_cRA_LA_V1_V6_covariance_s0,phase2/results/predictions/full/independent_rms/tcn/seed_43/bandpass_n20001_cRA_LA_V1_V6_covariance_s0.npz,75571,c169cc4720a22b5661dd32a52a8e58487db976f13ea0f556d85d1f85bd5d179f
tcn,independent_rms,43,bandpass_n20001_cRA_V2_V5_independent_rms_s20,phase2/results/predictions/full/independent_rms/tcn/seed_43/bandpass_n20001_cRA_V2_V5_independent_rms_s20.npz,76418,89f38f5ab136d684ba4e047372f2be263e9f9a82063ca08a53d4205727a36cd2
tcn,independent_rms,43,bandpass_n20001_cRA_V2_V5_independent_rms_s15,phase2/results/predictions/full/independent_rms/tcn/seed_43/bandpass_n20001_cRA_V2_V5_independent_rms_s15.npz,76416,5b215c0f325e4e5c6ea30226b7922ba4b1a694f86aa3b0570d637dab42970ab7
tcn,independent_rms,43,bandpass_n20001_cRA_V2_V5_independent_rms_s10,phase2/results/predictions/full/independent_rms/tcn/seed_43/bandpass_n20001_cRA_V2_V5_independent_rms_s10.npz,76346,d9cd667be9e518376a3c6abeb50b6b84e4e4b057ba61fcebd238cff4daaec2ef
tcn,independent_rms,43,bandpass_n20001_cRA_V2_V5_independent_rms_s5,phase2/results/predictions/full/independent_rms/tcn/seed_43/bandpass_n20001_cRA_V2_V5_independent_rms_s5.npz,76222,bdbcb780b1c9bf4abf7c31c3718302389dbe849615e5a9dd6ef2a50a83847a38
tcn,independent_rms,43,bandpass_n20001_cRA_V2_V5_independent_rms_s0,phase2/results/predictions/full/independent_rms/tcn/seed_43/bandpass_n20001_cRA_V2_V5_independent_rms_s0.npz,75945,d346b1926ff09531c378299188d0b5953ce5ffbe1dc1aed39b7c39ab80533b9d
tcn,independent_rms,43,bandpass_n20001_cRA_V2_V5_electrode_s20,phase2/results/predictions/full/independent_rms/tcn/seed_43/bandpass_n20001_cRA_V2_V5_electrode_s20.npz,76381,2b58c6cb4d737de6ed23ed7e3e597f28838c914eb39c9db732fd8eb9dd4bba2c
tcn,independent_rms,43,bandpass_n20001_cRA_V2_V5_electrode_s15,phase2/results/predictions/full/independent_rms/tcn/seed_43/bandpass_n20001_cRA_V2_V5_electrode_s15.npz,76348,9cddf254f9e069beab4353191955fcd79ac571c4a5d3fb49302f7a02c4355457
tcn,independent_rms,43,bandpass_n20001_cRA_V2_V5_electrode_s10,phase2/results/predictions/full/independent_rms/tcn/seed_43/bandpass_n20001_cRA_V2_V5_electrode_s10.npz,76257,acf1aaa4e0c86671c8b7ca9644578b35b9e66bef8ee688be092409333065f3a0
tcn,independent_rms,43,bandpass_n20001_cRA_V2_V5_electrode_s5,phase2/results/predictions/full/independent_rms/tcn/seed_43/bandpass_n20001_cRA_V2_V5_electrode_s5.npz,76055,cdee63932562fbf18dbaeddeb6a96e0c127f84a052e8b8088569b0c2d3bbdf94
tcn,independent_rms,43,bandpass_n20001_cRA_V2_V5_electrode_s0,phase2/results/predictions/full/independent_rms/tcn/seed_43/bandpass_n20001_cRA_V2_V5_electrode_s0.npz,75553,6f0ea41ab02064ed384e91aee30795488df316717c57f5f77184b6f5cb015d1d
tcn,independent_rms,43,bandpass_n20001_cRA_V2_V5_covariance_s20,phase2/results/predictions/full/independent_rms/tcn/seed_43/bandpass_n20001_cRA_V2_V5_covariance_s20.npz,76389,dfd11ec33e5163c5b788e7e36ae81b169e51a75c35d5f3940769fd1d9cc66aac
tcn,independent_rms,43,bandpass_n20001_cRA_V2_V5_covariance_s15,phase2/results/predictions/full/independent_rms/tcn/seed_43/bandpass_n20001_cRA_V2_V5_covariance_s15.npz,76347,f2c87e4aba902b6fd7356ff4631e9e3e55cdcaa89810644f20fc03bc6ef118b9
tcn,independent_rms,43,bandpass_n20001_cRA_V2_V5_covariance_s10,phase2/results/predictions/full/independent_rms/tcn/seed_43/bandpass_n20001_cRA_V2_V5_covariance_s10.npz,76256,e6e26fb9c6922c032b279f594cd74cf8dd0458ce55f3b91dcfa9fd7a4f269a2e
tcn,independent_rms,43,bandpass_n20001_cRA_V2_V5_covariance_s5,phase2/results/predictions/full/independent_rms/tcn/seed_43/bandpass_n20001_cRA_V2_V5_covariance_s5.npz,76035,593c8130e999f3820ced3e8e25bb3d7ece601c7816540468c4b92e5d6a6e4622
tcn,independent_rms,43,bandpass_n20001_cRA_V2_V5_covariance_s0,phase2/results/predictions/full/independent_rms/tcn/seed_43/bandpass_n20001_cRA_V2_V5_covariance_s0.npz,75540,6a9219ad0ca5f99eb141d738ac9b7061bdb0a3e07dc8bc90e533d9fd0476f4a3
tcn,independent_rms,43,bandpass_n20001_cLA_V3_V6_independent_rms_s20,phase2/results/predictions/full/independent_rms/tcn/seed_43/bandpass_n20001_cLA_V3_V6_independent_rms_s20.npz,76415,02597b9c66f0d9adfbe16911f4078d6fd31b152a3fb107c8649bfdff3c5fd9aa
tcn,independent_rms,43,bandpass_n20001_cLA_V3_V6_independent_rms_s15,phase2/results/predictions/full/independent_rms/tcn/seed_43/bandpass_n20001_cLA_V3_V6_independent_rms_s15.npz,76348,d22764598dcc63a565d572b3fd50565f1c21f6af0cb4d4eecf2e7e42d461ff3c
tcn,independent_rms,43,bandpass_n20001_cLA_V3_V6_independent_rms_s10,phase2/results/predictions/full/independent_rms/tcn/seed_43/bandpass_n20001_cLA_V3_V6_independent_rms_s10.npz,76363,c0b11184bc4f2dcf15001dec86d4fd6980ced76cfc88a21ee1d2c386f24033f2
tcn,independent_rms,43,bandpass_n20001_cLA_V3_V6_independent_rms_s5,phase2/results/predictions/full/independent_rms/tcn/seed_43/bandpass_n20001_cLA_V3_V6_independent_rms_s5.npz,76264,311af5f6171665f45b5b9e4adc91a5ebfc86d28723efb5534cd6f57d8d2d1d6b
tcn,independent_rms,43,bandpass_n20001_cLA_V3_V6_independent_rms_s0,phase2/results/predictions/full/independent_rms/tcn/seed_43/bandpass_n20001_cLA_V3_V6_independent_rms_s0.npz,75994,2bd93650b8b61978ab495f3c5f9eee48720ea22b6a259d521b8b30ec23baff3b
tcn,independent_rms,43,bandpass_n20001_cLA_V3_V6_electrode_s20,phase2/results/predictions/full/independent_rms/tcn/seed_43/bandpass_n20001_cLA_V3_V6_electrode_s20.npz,76389,1be66216981e9141c39b9c5217227151e14d080ac052d56b275286f02f5f39e7
tcn,independent_rms,43,bandpass_n20001_cLA_V3_V6_electrode_s15,phase2/results/predictions/full/independent_rms/tcn/seed_43/bandpass_n20001_cLA_V3_V6_electrode_s15.npz,76387,9d93a426ea028a60ae8c27d4399e237c5cfdabb59b7c0b13965aa077fd3b31b0
tcn,independent_rms,43,bandpass_n20001_cLA_V3_V6_electrode_s10,phase2/results/predictions/full/independent_rms/tcn/seed_43/bandpass_n20001_cLA_V3_V6_electrode_s10.npz,76355,30415fa5eb6c68e697b54501c761f108c47f3c50ade612bd508e1ab39cda7b79
tcn,independent_rms,43,bandpass_n20001_cLA_V3_V6_electrode_s5,phase2/results/predictions/full/independent_rms/tcn/seed_43/bandpass_n20001_cLA_V3_V6_electrode_s5.npz,76166,5e9055b7e6c5d53119df82cf77048b4fa451009a5595e566a9624832c9179297
tcn,independent_rms,43,bandpass_n20001_cLA_V3_V6_electrode_s0,phase2/results/predictions/full/independent_rms/tcn/seed_43/bandpass_n20001_cLA_V3_V6_electrode_s0.npz,75812,09f958ce212e42df016c8aa078d6b9a53c4d9f9ca61c42879cfb1d595966e48f
tcn,independent_rms,43,bandpass_n20001_cLA_V3_V6_covariance_s20,phase2/results/predictions/full/independent_rms/tcn/seed_43/bandpass_n20001_cLA_V3_V6_covariance_s20.npz,76426,07015c157eff698477e6339db673ff7db4d0b8fe7a618f7bb4782e85207945d3
tcn,independent_rms,43,bandpass_n20001_cLA_V3_V6_covariance_s15,phase2/results/predictions/full/independent_rms/tcn/seed_43/bandpass_n20001_cLA_V3_V6_covariance_s15.npz,76381,db5e084bbe87c08e71b11b4c69921d1a63f5c1735c1f17bec8a2b5fad58fd1ab
tcn,independent_rms,43,bandpass_n20001_cLA_V3_V6_covariance_s10,phase2/results/predictions/full/independent_rms/tcn/seed_43/bandpass_n20001_cLA_V3_V6_covariance_s10.npz,76325,676c629e4ef2116a466122c556051ebf893c79d65b5ffe57954769976753381d
tcn,independent_rms,43,bandpass_n20001_cLA_V3_V6_covariance_s5,phase2/results/predictions/full/independent_rms/tcn/seed_43/bandpass_n20001_cLA_V3_V6_covariance_s5.npz,76161,4cf277858e55c7b47e12afacd989d709b5657ac2016c92795547e1102e787bbc
tcn,independent_rms,43,bandpass_n20001_cLA_V3_V6_covariance_s0,phase2/results/predictions/full/independent_rms/tcn/seed_43/bandpass_n20001_cLA_V3_V6_covariance_s0.npz,75834,b8f06f6fcbf3aba1477975734d1173abcb8dbbfbe743aeb11f3478d3e75f7aaf
tcn,independent_rms,43,bandpass_n20001_cLL_V1_V4_independent_rms_s20,phase2/results/predictions/full/independent_rms/tcn/seed_43/bandpass_n20001_cLL_V1_V4_independent_rms_s20.npz,76366,7dd7c3eefd166b81dfc97f20c56400f657edce5014fd145218dcb0d9b90f4e56
tcn,independent_rms,43,bandpass_n20001_cLL_V1_V4_independent_rms_s15,phase2/results/predictions/full/independent_rms/tcn/seed_43/bandpass_n20001_cLL_V1_V4_independent_rms_s15.npz,76403,33f3175b7eba36853c2b78e38fed0aab4e7df0672c8177a33d30293df23d5c0b
tcn,independent_rms,43,bandpass_n20001_cLL_V1_V4_independent_rms_s10,phase2/results/predictions/full/independent_rms/tcn/seed_43/bandpass_n20001_cLL_V1_V4_independent_rms_s10.npz,76332,3df827201e8a4439741221c214b1169e55f0b998924568229058bd5dbb68c2ab
tcn,independent_rms,43,bandpass_n20001_cLL_V1_V4_independent_rms_s5,phase2/results/predictions/full/independent_rms/tcn/seed_43/bandpass_n20001_cLL_V1_V4_independent_rms_s5.npz,76231,06ceb370179df6a2fa1343b0d55baf487e0fd1d08f917ddd5d9165920359ff74
tcn,independent_rms,43,bandpass_n20001_cLL_V1_V4_independent_rms_s0,phase2/results/predictions/full/independent_rms/tcn/seed_43/bandpass_n20001_cLL_V1_V4_independent_rms_s0.npz,75950,e8220212ed827010a0d78f38efbd035d6fe32b43398c5941a5c6c8566d1f84c4
tcn,independent_rms,43,bandpass_n20001_cLL_V1_V4_electrode_s20,phase2/results/predictions/full/independent_rms/tcn/seed_43/bandpass_n20001_cLL_V1_V4_electrode_s20.npz,76420,b0251367e3ba82ae0024028394955f7c10a148c55b576a6c3b90e0733562c06e
tcn,independent_rms,43,bandpass_n20001_cLL_V1_V4_electrode_s15,phase2/results/predictions/full/independent_rms/tcn/seed_43/bandpass_n20001_cLL_V1_V4_electrode_s15.npz,76370,1247fc8353338798ae4aa48d4d00622027970ab6bfdf5ebbc47910fa68259536
tcn,independent_rms,43,bandpass_n20001_cLL_V1_V4_electrode_s10,phase2/results/predictions/full/independent_rms/tcn/seed_43/bandpass_n20001_cLL_V1_V4_electrode_s10.npz,76299,606909192660983e141eccb6e4569e944c841db1a0ee33aacce8ee17c4b53407
tcn,independent_rms,43,bandpass_n20001_cLL_V1_V4_electrode_s5,phase2/results/predictions/full/independent_rms/tcn/seed_43/bandpass_n20001_cLL_V1_V4_electrode_s5.npz,76139,38f463de418dd933c4cfe8766d934898055016523bbf57f8b3d974c47ba71573
tcn,independent_rms,43,bandpass_n20001_cLL_V1_V4_electrode_s0,phase2/results/predictions/full/independent_rms/tcn/seed_43/bandpass_n20001_cLL_V1_V4_electrode_s0.npz,75799,44bbf0a562e57757b14579cc96146210ebb496d7eea6d8dc847fd5f4c2e48788
tcn,independent_rms,43,bandpass_n20001_cLL_V1_V4_covariance_s20,phase2/results/predictions/full/independent_rms/tcn/seed_43/bandpass_n20001_cLL_V1_V4_covariance_s20.npz,76406,2023a994be923b2b4ec8a109ebba1a9b1d71b49e9b836286df3a2d211aaaee48
tcn,independent_rms,43,bandpass_n20001_cLL_V1_V4_covariance_s15,phase2/results/predictions/full/independent_rms/tcn/seed_43/bandpass_n20001_cLL_V1_V4_covariance_s15.npz,76365,178804ef121f850aa336ea429f7dc92024693470abfd89576d218ddb828d737e
tcn,independent_rms,43,bandpass_n20001_cLL_V1_V4_covariance_s10,phase2/results/predictions/full/independent_rms/tcn/seed_43/bandpass_n20001_cLL_V1_V4_covariance_s10.npz,76315,e92932b7518d482b190a70541b169fbe0f128fe0eedad23697ff562dbc7f82f4
tcn,independent_rms,43,bandpass_n20001_cLL_V1_V4_covariance_s5,phase2/results/predictions/full/independent_rms/tcn/seed_43/bandpass_n20001_cLL_V1_V4_covariance_s5.npz,76164,0c0e6161c8115570896955ed63b032d8335583fb09cf2b624101871b8cc72ff5
tcn,independent_rms,43,bandpass_n20001_cLL_V1_V4_covariance_s0,phase2/results/predictions/full/independent_rms/tcn/seed_43/bandpass_n20001_cLL_V1_V4_covariance_s0.npz,75798,4f7c3ab0996424355e7aaed6476e3ec01e9e34d1eb389e40c7d6e7c1681450f7
tcn,independent_rms,43,bandpass_n20001_call_independent_rms_s20,phase2/results/predictions/full/independent_rms/tcn/seed_43/bandpass_n20001_call_independent_rms_s20.npz,76374,4a74abc0e315d2504174fe160007478c19d00381287e9edd2761121d632b19f3
tcn,independent_rms,43,bandpass_n20001_call_independent_rms_s15,phase2/results/predictions/full/independent_rms/tcn/seed_43/bandpass_n20001_call_independent_rms_s15.npz,76375,a4834ea29fd20f0118f096c2ba33d178d191eeb4286bdab38e99ba283ec9cea4
tcn,independent_rms,43,bandpass_n20001_call_independent_rms_s10,phase2/results/predictions/full/independent_rms/tcn/seed_43/bandpass_n20001_call_independent_rms_s10.npz,76317,4618485e348f8d38d3663f1d79ccb923d51c747cd1ba5cbc9fed31edec89035f
tcn,independent_rms,43,bandpass_n20001_call_independent_rms_s5,phase2/results/predictions/full/independent_rms/tcn/seed_43/bandpass_n20001_call_independent_rms_s5.npz,76208,e8aa979e59b8e0c020b989b5de5bcc75ef7b087d58ff2a3ed1aedadcdeae45b5
tcn,independent_rms,43,bandpass_n20001_call_independent_rms_s0,phase2/results/predictions/full/independent_rms/tcn/seed_43/bandpass_n20001_call_independent_rms_s0.npz,75909,cd27965feab4624471eb6d727adde48b0822f9e159e28bfd37d23100ccd869b5
tcn,independent_rms,43,bandpass_n20001_call_electrode_s20,phase2/results/predictions/full/independent_rms/tcn/seed_43/bandpass_n20001_call_electrode_s20.npz,76341,eb519f450ac6038265ac3ecf22c8be1e8aca67d721ef3e9490cc820cea7cb125
tcn,independent_rms,43,bandpass_n20001_call_electrode_s15,phase2/results/predictions/full/independent_rms/tcn/seed_43/bandpass_n20001_call_electrode_s15.npz,76351,964bdafb97273ac2959bdc95fec52c18fcd34a9dae58ae8418e51c1250f58b83
tcn,independent_rms,43,bandpass_n20001_call_electrode_s10,phase2/results/predictions/full/independent_rms/tcn/seed_43/bandpass_n20001_call_electrode_s10.npz,76245,4551b07283539394ca06df521a7ea90b7ab8c00fdd5687bc6de2dd54740844e9
tcn,independent_rms,43,bandpass_n20001_call_electrode_s5,phase2/results/predictions/full/independent_rms/tcn/seed_43/bandpass_n20001_call_electrode_s5.npz,76081,4a3a26f30e1d3f52afed9aed8e8b8d890076fc812bd1eadce6e6ee425bf9b658
tcn,independent_rms,43,bandpass_n20001_call_electrode_s0,phase2/results/predictions/full/independent_rms/tcn/seed_43/bandpass_n20001_call_electrode_s0.npz,75591,602c205575a4bb2ae5aa1235b41cb189d1bf2e1416447472e403839906067da0
tcn,independent_rms,43,bandpass_n20001_call_covariance_s20,phase2/results/predictions/full/independent_rms/tcn/seed_43/bandpass_n20001_call_covariance_s20.npz,76351,60fba8efe37ebbb2087a0648eae22fcd25c8d709ee1facaa7dfbd8dd5a062ea7
tcn,independent_rms,43,bandpass_n20001_call_covariance_s15,phase2/results/predictions/full/independent_rms/tcn/seed_43/bandpass_n20001_call_covariance_s15.npz,76344,0f4b2bb607aba4586add4ea5cd737ebe45291120052758ac2dff602d8d597cf1
tcn,independent_rms,43,bandpass_n20001_call_covariance_s10,phase2/results/predictions/full/independent_rms/tcn/seed_43/bandpass_n20001_call_covariance_s10.npz,76254,a7985fcbd1ea2216c4fb906fb7b5d52077bf4afbb7087132c202d005e4c24d9b
tcn,independent_rms,43,bandpass_n20001_call_covariance_s5,phase2/results/predictions/full/independent_rms/tcn/seed_43/bandpass_n20001_call_covariance_s5.npz,76113,ad1788bd71ea0daab153ea3d7cb4299525afef51b0b45bf064eefa3b8159ae64
tcn,independent_rms,43,bandpass_n20001_call_covariance_s0,phase2/results/predictions/full/independent_rms/tcn/seed_43/bandpass_n20001_call_covariance_s0.npz,75623,d749d3ee4e8a4c9b0ee1a307f5106e6c1d1b58c975fd73e28ddd9bc9dabe6a6d
tcn,independent_rms,43,bandpass_n20002_cRA_LA_LL_independent_rms_s20,phase2/results/predictions/full/independent_rms/tcn/seed_43/bandpass_n20002_cRA_LA_LL_independent_rms_s20.npz,76361,a32a632c6540d84e0addd05666866eca684abf4e9c2c1338a31ec1a7c5fc41a6
tcn,independent_rms,43,bandpass_n20002_cRA_LA_LL_independent_rms_s15,phase2/results/predictions/full/independent_rms/tcn/seed_43/bandpass_n20002_cRA_LA_LL_independent_rms_s15.npz,76385,25ff5fb1a1be2cb6fe1b11382df8dcd1830e638408825592061255952b1f61a6
tcn,independent_rms,43,bandpass_n20002_cRA_LA_LL_independent_rms_s10,phase2/results/predictions/full/independent_rms/tcn/seed_43/bandpass_n20002_cRA_LA_LL_independent_rms_s10.npz,76349,d30dc3c2a7c1a5cf04cfd06a268572bfa8e9b6dcb78cfaca260a7af106b5f76a
tcn,independent_rms,43,bandpass_n20002_cRA_LA_LL_independent_rms_s5,phase2/results/predictions/full/independent_rms/tcn/seed_43/bandpass_n20002_cRA_LA_LL_independent_rms_s5.npz,76202,2edd0cc3afd4f1f08d637492ed77b58d0bc82f36fd0d82cfe7aded43b8eae2dc
tcn,independent_rms,43,bandpass_n20002_cRA_LA_LL_independent_rms_s0,phase2/results/predictions/full/independent_rms/tcn/seed_43/bandpass_n20002_cRA_LA_LL_independent_rms_s0.npz,75876,b01745a952277fb1174d16d231f2200252bfc56d140b5452b196f197be40fc46
tcn,independent_rms,43,bandpass_n20002_cRA_LA_LL_electrode_s20,phase2/results/predictions/full/independent_rms/tcn/seed_43/bandpass_n20002_cRA_LA_LL_electrode_s20.npz,76388,295a440c22762c66818952b4dbb3c2135a1ec62d68d2a5caa2de6b1a2975fe78
tcn,independent_rms,43,bandpass_n20002_cRA_LA_LL_electrode_s15,phase2/results/predictions/full/independent_rms/tcn/seed_43/bandpass_n20002_cRA_LA_LL_electrode_s15.npz,76345,0554b918e4210f756a8e6139491c865caacb5a3e3dee280467bf75993dea9f33
tcn,independent_rms,43,bandpass_n20002_cRA_LA_LL_electrode_s10,phase2/results/predictions/full/independent_rms/tcn/seed_43/bandpass_n20002_cRA_LA_LL_electrode_s10.npz,76243,1be6ec9ef0148a72e951cc5ab0708636117fe8b775279d6d2406776d8d4cb1a2
tcn,independent_rms,43,bandpass_n20002_cRA_LA_LL_electrode_s5,phase2/results/predictions/full/independent_rms/tcn/seed_43/bandpass_n20002_cRA_LA_LL_electrode_s5.npz,76022,f99c7cf631f2c6cebfc67d88049139576a3e8a7819f51d1f9dac672cd80d55af
tcn,independent_rms,43,bandpass_n20002_cRA_LA_LL_electrode_s0,phase2/results/predictions/full/independent_rms/tcn/seed_43/bandpass_n20002_cRA_LA_LL_electrode_s0.npz,75564,2d8ec6586b3e9b4cd4c2c508a3b979b57594fa94cdb4da967648fb07b172b63b
tcn,independent_rms,43,bandpass_n20002_cRA_LA_LL_covariance_s20,phase2/results/predictions/full/independent_rms/tcn/seed_43/bandpass_n20002_cRA_LA_LL_covariance_s20.npz,76390,f540f3d911d6db9eb612ce1462825e637e33e8524d898426b1632cad72fa085a
tcn,independent_rms,43,bandpass_n20002_cRA_LA_LL_covariance_s15,phase2/results/predictions/full/independent_rms/tcn/seed_43/bandpass_n20002_cRA_LA_LL_covariance_s15.npz,76351,6c193f3776c2c487284b030d87bd21631368799c71cf5351e34fa55bd19df1ad
tcn,independent_rms,43,bandpass_n20002_cRA_LA_LL_covariance_s10,phase2/results/predictions/full/independent_rms/tcn/seed_43/bandpass_n20002_cRA_LA_LL_covariance_s10.npz,76251,6f1dc139bece7697eab4e6a39aa7a90ea1b6d68293915d8db80c44d2f30c0654
tcn,independent_rms,43,bandpass_n20002_cRA_LA_LL_covariance_s5,phase2/results/predictions/full/independent_rms/tcn/seed_43/bandpass_n20002_cRA_LA_LL_covariance_s5.npz,76024,233759484a637d339e0dc82710648464a22d7de79d12f413d34415bd490fb194
tcn,independent_rms,43,bandpass_n20002_cRA_LA_LL_covariance_s0,phase2/results/predictions/full/independent_rms/tcn/seed_43/bandpass_n20002_cRA_LA_LL_covariance_s0.npz,75502,9b03d4e8adca210ad489868647f9909c9f750be53e1f20a41d506cdbd2f21b4a
tcn,independent_rms,43,bandpass_n20002_cV1_independent_rms_s20,phase2/results/predictions/full/independent_rms/tcn/seed_43/bandpass_n20002_cV1_independent_rms_s20.npz,76416,5d3f8dff1d87e4bf33831d81a12c894fd10a5859156ac05f0004d27e1b6c390e
tcn,independent_rms,43,bandpass_n20002_cV1_independent_rms_s15,phase2/results/predictions/full/independent_rms/tcn/seed_43/bandpass_n20002_cV1_independent_rms_s15.npz,76391,3b5f8552aa96c9dd63e7996ee827f7faaa792b68618e87b9f12cb60ce44f1e25
tcn,independent_rms,43,bandpass_n20002_cV1_independent_rms_s10,phase2/results/predictions/full/independent_rms/tcn/seed_43/bandpass_n20002_cV1_independent_rms_s10.npz,76306,fb71ed6604879d16746ac5db7926b133dfa6248903729cf7348e807c6ed75911
tcn,independent_rms,43,bandpass_n20002_cV1_independent_rms_s5,phase2/results/predictions/full/independent_rms/tcn/seed_43/bandpass_n20002_cV1_independent_rms_s5.npz,76197,cc1a042421baf263bfd3adfb6d938032388a51f2be5478c83498f4a442fddbc6
tcn,independent_rms,43,bandpass_n20002_cV1_independent_rms_s0,phase2/results/predictions/full/independent_rms/tcn/seed_43/bandpass_n20002_cV1_independent_rms_s0.npz,75947,22bf604c325ee54797bf52063c2b44f82aa5f8a96a73473cce4a14f3146e5b2d
tcn,independent_rms,43,bandpass_n20002_cV1_electrode_s20,phase2/results/predictions/full/independent_rms/tcn/seed_43/bandpass_n20002_cV1_electrode_s20.npz,76378,9ad81e7ce9c0a30582c41cbc7d1fbf67da904f4138586576693b4a77f5ca2600
tcn,independent_rms,43,bandpass_n20002_cV1_electrode_s15,phase2/results/predictions/full/independent_rms/tcn/seed_43/bandpass_n20002_cV1_electrode_s15.npz,76335,72224b36bb978446fda6eeafc98865305001ccf641f949a5bea9e6b22bba7686
tcn,independent_rms,43,bandpass_n20002_cV1_electrode_s10,phase2/results/predictions/full/independent_rms/tcn/seed_43/bandpass_n20002_cV1_electrode_s10.npz,76288,caa80c4aee6e3115b3392532cda3a4c98178573d567b0706e300fbeea35453fb
tcn,independent_rms,43,bandpass_n20002_cV1_electrode_s5,phase2/results/predictions/full/independent_rms/tcn/seed_43/bandpass_n20002_cV1_electrode_s5.npz,76199,4abdcf6e04d89414c8d0762788f2efef741e1e220e1a3cafe26529f75c6f3e8d
tcn,independent_rms,43,bandpass_n20002_cV1_electrode_s0,phase2/results/predictions/full/independent_rms/tcn/seed_43/bandpass_n20002_cV1_electrode_s0.npz,75905,56e7f1134b4b835eba4244772806305c57d70499a88befc32e16e0e111807823
tcn,independent_rms,43,bandpass_n20002_cV1_covariance_s20,phase2/results/predictions/full/independent_rms/tcn/seed_43/bandpass_n20002_cV1_covariance_s20.npz,76391,bbbada6508a87727bc2a9ec48465ae930fe098e33d959777722b47853f1d9812
tcn,independent_rms,43,bandpass_n20002_cV1_covariance_s15,phase2/results/predictions/full/independent_rms/tcn/seed_43/bandpass_n20002_cV1_covariance_s15.npz,76394,27bf979d5a76f93d74cb3a695567411b4e135c67107b150397869ac880cffd11
tcn,independent_rms,43,bandpass_n20002_cV1_covariance_s10,phase2/results/predictions/full/independent_rms/tcn/seed_43/bandpass_n20002_cV1_covariance_s10.npz,76304,a046eca074d259181d64b5b209322a98f1c6230e3cbab88ea1bdc56a9b133f2a
tcn,independent_rms,43,bandpass_n20002_cV1_covariance_s5,phase2/results/predictions/full/independent_rms/tcn/seed_43/bandpass_n20002_cV1_covariance_s5.npz,76206,286890677590f61bb8aa99fb7286fc360931ef6b25a2df4962c932a111569e4e
tcn,independent_rms,43,bandpass_n20002_cV1_covariance_s0,phase2/results/predictions/full/independent_rms/tcn/seed_43/bandpass_n20002_cV1_covariance_s0.npz,75878,d470c001a87c38cac3f3c35cb37020d89d4746fd77e92488cfbe70d4a03d9050
tcn,independent_rms,43,bandpass_n20002_cV2_independent_rms_s20,phase2/results/predictions/full/independent_rms/tcn/seed_43/bandpass_n20002_cV2_independent_rms_s20.npz,76397,067ae32348328b55b223b6168c9c1126d76345eb3af8fda6f60fbf59f8e68d44
tcn,independent_rms,43,bandpass_n20002_cV2_independent_rms_s15,phase2/results/predictions/full/independent_rms/tcn/seed_43/bandpass_n20002_cV2_independent_rms_s15.npz,76379,7db5dcfa37381c5b2563c15ce4d02df9a5e225b2b245bc6234031cc4a9273273
tcn,independent_rms,43,bandpass_n20002_cV2_independent_rms_s10,phase2/results/predictions/full/independent_rms/tcn/seed_43/bandpass_n20002_cV2_independent_rms_s10.npz,76334,adc42e35e11181f344c730883e734d707ab942e90f690492190764617a8ffa72
tcn,independent_rms,43,bandpass_n20002_cV2_independent_rms_s5,phase2/results/predictions/full/independent_rms/tcn/seed_43/bandpass_n20002_cV2_independent_rms_s5.npz,76216,cb28172af1e3dd835d8e95463711554d4ed9f86ce131dbb0bd88d4df17aed398
tcn,independent_rms,43,bandpass_n20002_cV2_independent_rms_s0,phase2/results/predictions/full/independent_rms/tcn/seed_43/bandpass_n20002_cV2_independent_rms_s0.npz,75970,d30980d743ebc221ba77ff471522ca7ec745fed981cb25edb30317d895bbf431
tcn,independent_rms,43,bandpass_n20002_cV2_electrode_s20,phase2/results/predictions/full/independent_rms/tcn/seed_43/bandpass_n20002_cV2_electrode_s20.npz,76371,99b78baafda8e77d79be65e56f066901b4da1d077b7884abf03ea562fe06578c
tcn,independent_rms,43,bandpass_n20002_cV2_electrode_s15,phase2/results/predictions/full/independent_rms/tcn/seed_43/bandpass_n20002_cV2_electrode_s15.npz,76366,653f924aafd09883e090e9cbcf08f55e83af1aea14b28f654d9ea87bb27936bb
tcn,independent_rms,43,bandpass_n20002_cV2_electrode_s10,phase2/results/predictions/full/independent_rms/tcn/seed_43/bandpass_n20002_cV2_electrode_s10.npz,76324,f934be4ec636ab4358cc5377e958b5e26b4602e6eb6e1033da5e6aae3cd34865
tcn,independent_rms,43,bandpass_n20002_cV2_electrode_s5,phase2/results/predictions/full/independent_rms/tcn/seed_43/bandpass_n20002_cV2_electrode_s5.npz,76221,d4df9bed5b3707f32d5c834ced54d11d87d5d225418b08b404790a59a51cf4b1
tcn,independent_rms,43,bandpass_n20002_cV2_electrode_s0,phase2/results/predictions/full/independent_rms/tcn/seed_43/bandpass_n20002_cV2_electrode_s0.npz,75953,300347c3a15dd49ab0577eaaa2fe134b8ff77902499c2162b880858dd4fa09ae
tcn,independent_rms,43,bandpass_n20002_cV2_covariance_s20,phase2/results/predictions/full/independent_rms/tcn/seed_43/bandpass_n20002_cV2_covariance_s20.npz,76400,15c6d0d7b169f31ea65269b4c469bbee450b10409456230f6f814a02ab0f4503
tcn,independent_rms,43,bandpass_n20002_cV2_covariance_s15,phase2/results/predictions/full/independent_rms/tcn/seed_43/bandpass_n20002_cV2_covariance_s15.npz,76379,26d5f5e101588a2a5e570b24d41c25383194ecf517c84a173ff9772cb2e9dc21
tcn,independent_rms,43,bandpass_n20002_cV2_covariance_s10,phase2/results/predictions/full/independent_rms/tcn/seed_43/bandpass_n20002_cV2_covariance_s10.npz,76325,9848b9f5416c353f649267952086517eed5a1c1b585302f76dca27ec8437a5ca
tcn,independent_rms,43,bandpass_n20002_cV2_covariance_s5,phase2/results/predictions/full/independent_rms/tcn/seed_43/bandpass_n20002_cV2_covariance_s5.npz,76206,9ec013a9afc63d36f9afa6ffe65f1ab8bfa9788ae6275ed77996a164655fdbf8
tcn,independent_rms,43,bandpass_n20002_cV2_covariance_s0,phase2/results/predictions/full/independent_rms/tcn/seed_43/bandpass_n20002_cV2_covariance_s0.npz,75948,f051a4779f25fc164e2e74f7ba6ba869f98e867ddfdf87e5e40135f1cbe14cdd
tcn,independent_rms,43,bandpass_n20002_cV3_independent_rms_s20,phase2/results/predictions/full/independent_rms/tcn/seed_43/bandpass_n20002_cV3_independent_rms_s20.npz,76398,3aea6d81d01958e26c1a6095921b10ea08d22b3751cad00068cda325adb4aad2
tcn,independent_rms,43,bandpass_n20002_cV3_independent_rms_s15,phase2/results/predictions/full/independent_rms/tcn/seed_43/bandpass_n20002_cV3_independent_rms_s15.npz,76380,23e4d36d50955e6afc3e00915d32f5149e5e32ae0f622da07baaaf1660ac5980
tcn,independent_rms,43,bandpass_n20002_cV3_independent_rms_s10,phase2/results/predictions/full/independent_rms/tcn/seed_43/bandpass_n20002_cV3_independent_rms_s10.npz,76373,16bbb610ff82239b48f253a2a9b87d32d4ed8ca8f41211c1a65e5cdf9d2ff434
tcn,independent_rms,43,bandpass_n20002_cV3_independent_rms_s5,phase2/results/predictions/full/independent_rms/tcn/seed_43/bandpass_n20002_cV3_independent_rms_s5.npz,76315,59b1ec433ede014c35c96ad6d867646b47a91a86261adcdd128e61f1c16f3850
tcn,independent_rms,43,bandpass_n20002_cV3_independent_rms_s0,phase2/results/predictions/full/independent_rms/tcn/seed_43/bandpass_n20002_cV3_independent_rms_s0.npz,76149,72b2aeaccb121a6c976316a1345e00ba5ebcecbb2510a0b97f82cc0c8237bd12
tcn,independent_rms,43,bandpass_n20002_cV3_electrode_s20,phase2/results/predictions/full/independent_rms/tcn/seed_43/bandpass_n20002_cV3_electrode_s20.npz,76388,2e741425aaa24a2ffb986646edb67484afdd976135fad0b8b50d753d6ef1fab7
tcn,independent_rms,43,bandpass_n20002_cV3_electrode_s15,phase2/results/predictions/full/independent_rms/tcn/seed_43/bandpass_n20002_cV3_electrode_s15.npz,76378,5c9307380846e8e85336a1c2ed5d54e04c62ae5880164bcc062c48fd0ca3954f
tcn,independent_rms,43,bandpass_n20002_cV3_electrode_s10,phase2/results/predictions/full/independent_rms/tcn/seed_43/bandpass_n20002_cV3_electrode_s10.npz,76333,fb691f655b710e42d5843191346aecdd70b14cf41a493c6fa9831a502305f064
tcn,independent_rms,43,bandpass_n20002_cV3_electrode_s5,phase2/results/predictions/full/independent_rms/tcn/seed_43/bandpass_n20002_cV3_electrode_s5.npz,76288,d65a97d2ec9ad3991399a203f320d262c84ef6183272f3d49853b76d6f77c82d
tcn,independent_rms,43,bandpass_n20002_cV3_electrode_s0,phase2/results/predictions/full/independent_rms/tcn/seed_43/bandpass_n20002_cV3_electrode_s0.npz,76130,798af87b56b79029a05b60cd5acbfc71690709b3ef0fe52d2ec574a94540a6f1
tcn,independent_rms,43,bandpass_n20002_cV3_covariance_s20,phase2/results/predictions/full/independent_rms/tcn/seed_43/bandpass_n20002_cV3_covariance_s20.npz,76390,2b2163bb0e534d78fce2b7b23b06b9561459bf49b0d5c1868172d3af6f408c15
tcn,independent_rms,43,bandpass_n20002_cV3_covariance_s15,phase2/results/predictions/full/independent_rms/tcn/seed_43/bandpass_n20002_cV3_covariance_s15.npz,76400,b6a995a44188c416cf7c3afcd90ef76a8589f39616db4d85a11300caa3809512
tcn,independent_rms,43,bandpass_n20002_cV3_covariance_s10,phase2/results/predictions/full/independent_rms/tcn/seed_43/bandpass_n20002_cV3_covariance_s10.npz,76350,d20778d4cc77be15ef2b50e5978a0a76eaeaba908e8451b4a22bae2c7a271084
tcn,independent_rms,43,bandpass_n20002_cV3_covariance_s5,phase2/results/predictions/full/independent_rms/tcn/seed_43/bandpass_n20002_cV3_covariance_s5.npz,76290,ef071486ee81d0e298d8fe73c559b63af9c4c2c4e5de1602e2f8f3e913ffee99
tcn,independent_rms,43,bandpass_n20002_cV3_covariance_s0,phase2/results/predictions/full/independent_rms/tcn/seed_43/bandpass_n20002_cV3_covariance_s0.npz,76168,d5f26b1b2ed931d528a131329f896fc423b13242a8298db5cf60c7bbb5f0b174
tcn,independent_rms,43,bandpass_n20002_cV4_independent_rms_s20,phase2/results/predictions/full/independent_rms/tcn/seed_43/bandpass_n20002_cV4_independent_rms_s20.npz,76373,f4fab614953f93321f98143bf201a95cc4904c929f353f9d3c4ee3849637301f
tcn,independent_rms,43,bandpass_n20002_cV4_independent_rms_s15,phase2/results/predictions/full/independent_rms/tcn/seed_43/bandpass_n20002_cV4_independent_rms_s15.npz,76381,5431fed79c18a52fd46bb3065ad35b9fd6fbd057f87ba309b4c475d4e2c5af14
tcn,independent_rms,43,bandpass_n20002_cV4_independent_rms_s10,phase2/results/predictions/full/independent_rms/tcn/seed_43/bandpass_n20002_cV4_independent_rms_s10.npz,76353,53b5c71aa04f099f2a2a4d9a4477096aa5949df1fb3df876c186c627fe488705
tcn,independent_rms,43,bandpass_n20002_cV4_independent_rms_s5,phase2/results/predictions/full/independent_rms/tcn/seed_43/bandpass_n20002_cV4_independent_rms_s5.npz,76277,2f7ce09b9cc37cbe8dc848c8196072cf89932c9bdc8fc67926707e680bf4c7d1
tcn,independent_rms,43,bandpass_n20002_cV4_independent_rms_s0,phase2/results/predictions/full/independent_rms/tcn/seed_43/bandpass_n20002_cV4_independent_rms_s0.npz,76083,f228c493d83ae4cb11bbab543d70f418626e2554e02b15c137ac19a724698265
tcn,independent_rms,43,bandpass_n20002_cV4_electrode_s20,phase2/results/predictions/full/independent_rms/tcn/seed_43/bandpass_n20002_cV4_electrode_s20.npz,76405,bfd731195de650223adb05c4bfdf07476649dc7a6940e5a9ffbc1ed99aaf19d4
tcn,independent_rms,43,bandpass_n20002_cV4_electrode_s15,phase2/results/predictions/full/independent_rms/tcn/seed_43/bandpass_n20002_cV4_electrode_s15.npz,76378,c6bc3f9d488f41b14d8e5ef689c76ba85912fd6b2403fd9564334c2fb4c77d68
tcn,independent_rms,43,bandpass_n20002_cV4_electrode_s10,phase2/results/predictions/full/independent_rms/tcn/seed_43/bandpass_n20002_cV4_electrode_s10.npz,76335,ace9f1a8a8b9c37aae8eb91bd486a7661e67e82d7c820acd59f031b78aad641a
tcn,independent_rms,43,bandpass_n20002_cV4_electrode_s5,phase2/results/predictions/full/independent_rms/tcn/seed_43/bandpass_n20002_cV4_electrode_s5.npz,76258,6b6cbe93daac824facbec24a572c3bf8260bade1274202455eb21b801698e67b
tcn,independent_rms,43,bandpass_n20002_cV4_electrode_s0,phase2/results/predictions/full/independent_rms/tcn/seed_43/bandpass_n20002_cV4_electrode_s0.npz,76047,92ebcf400dc2fa9d32e0c676a0b71e1338f0ed1795d9c869290b8f65904063ab
tcn,independent_rms,43,bandpass_n20002_cV4_covariance_s20,phase2/results/predictions/full/independent_rms/tcn/seed_43/bandpass_n20002_cV4_covariance_s20.npz,76360,2085e01100a455aca2a59ccf0e7d897ca1fc16055ae935e7d4be127d7a1a6aff
tcn,independent_rms,43,bandpass_n20002_cV4_covariance_s15,phase2/results/predictions/full/independent_rms/tcn/seed_43/bandpass_n20002_cV4_covariance_s15.npz,76341,1fbe1cc9231914daaf52b22923e29bffa6aafc8d39e2191eec5ce98c4f9d25cd
tcn,independent_rms,43,bandpass_n20002_cV4_covariance_s10,phase2/results/predictions/full/independent_rms/tcn/seed_43/bandpass_n20002_cV4_covariance_s10.npz,76352,315f13347da0be71acff15139521d938eb2633def0a185180cf209b83c515a2b
tcn,independent_rms,43,bandpass_n20002_cV4_covariance_s5,phase2/results/predictions/full/independent_rms/tcn/seed_43/bandpass_n20002_cV4_covariance_s5.npz,76267,c6abb627e6355359f464c2d3edc6ad38d7282c01cd95fd684f63c829fa5f671b
tcn,independent_rms,43,bandpass_n20002_cV4_covariance_s0,phase2/results/predictions/full/independent_rms/tcn/seed_43/bandpass_n20002_cV4_covariance_s0.npz,76045,4afab055db0dc45ee1e11fdd47f4848c29748fda2cc75269493d31454f71df2b
tcn,independent_rms,43,bandpass_n20002_cV5_independent_rms_s20,phase2/results/predictions/full/independent_rms/tcn/seed_43/bandpass_n20002_cV5_independent_rms_s20.npz,76384,b3ced0134d86514ca678ec32b37fcb9a0a34b6b4b174e99030956919c74149b0
tcn,independent_rms,43,bandpass_n20002_cV5_independent_rms_s15,phase2/results/predictions/full/independent_rms/tcn/seed_43/bandpass_n20002_cV5_independent_rms_s15.npz,76366,a61ee8e7546949c5842f3b719fff59c6a71f2ed0fa9d01e341009b4eba1f208e
tcn,independent_rms,43,bandpass_n20002_cV5_independent_rms_s10,phase2/results/predictions/full/independent_rms/tcn/seed_43/bandpass_n20002_cV5_independent_rms_s10.npz,76320,a5ef337ae79c98fa77dcea4fdbbf8a93f3517d688ac6e08327b33be9a9dcc6c0
tcn,independent_rms,43,bandpass_n20002_cV5_independent_rms_s5,phase2/results/predictions/full/independent_rms/tcn/seed_43/bandpass_n20002_cV5_independent_rms_s5.npz,76247,740b2f79667538511176331116facf1aeba471baabba6ea3b7436e2a26eb1ddf
tcn,independent_rms,43,bandpass_n20002_cV5_independent_rms_s0,phase2/results/predictions/full/independent_rms/tcn/seed_43/bandpass_n20002_cV5_independent_rms_s0.npz,75968,0a358599258090720bc02f980428ba3f69becd70b158ec1a60c7a15d4aa23fb2
tcn,independent_rms,43,bandpass_n20002_cV5_electrode_s20,phase2/results/predictions/full/independent_rms/tcn/seed_43/bandpass_n20002_cV5_electrode_s20.npz,76402,cb75acae7725ab4cc0f813e300b88884fe814503095263d20d1ffd04f395df70
tcn,independent_rms,43,bandpass_n20002_cV5_electrode_s15,phase2/results/predictions/full/independent_rms/tcn/seed_43/bandpass_n20002_cV5_electrode_s15.npz,76378,800df9a28647ab4ab64719bcc9c5d61e169e7aede112b2e32562fb4e1793d095
tcn,independent_rms,43,bandpass_n20002_cV5_electrode_s10,phase2/results/predictions/full/independent_rms/tcn/seed_43/bandpass_n20002_cV5_electrode_s10.npz,76356,aaf7138b29c8241bd93f907d7a261a01afa2f33a5da4220523453cb2963dc60e
tcn,independent_rms,43,bandpass_n20002_cV5_electrode_s5,phase2/results/predictions/full/independent_rms/tcn/seed_43/bandpass_n20002_cV5_electrode_s5.npz,76207,0653004b7a8258dbf4cf7a63035040c43369389c13a696b8fe747f5d13f0fad6
tcn,independent_rms,43,bandpass_n20002_cV5_electrode_s0,phase2/results/predictions/full/independent_rms/tcn/seed_43/bandpass_n20002_cV5_electrode_s0.npz,75967,95ab21edd37e7c5397be88c220afe4cb70f30ec5ac762de85dc1ed2d94c84a52
tcn,independent_rms,43,bandpass_n20002_cV5_covariance_s20,phase2/results/predictions/full/independent_rms/tcn/seed_43/bandpass_n20002_cV5_covariance_s20.npz,76363,0d82a26eae5d2c340094fc35643753f73571c4c50ace0d6ad4dbbfff78b04c3d
tcn,independent_rms,43,bandpass_n20002_cV5_covariance_s15,phase2/results/predictions/full/independent_rms/tcn/seed_43/bandpass_n20002_cV5_covariance_s15.npz,76391,740c2a66867d08921f51aaa4fa72c647a4726060d94d26e72fbbcf459244710e
tcn,independent_rms,43,bandpass_n20002_cV5_covariance_s10,phase2/results/predictions/full/independent_rms/tcn/seed_43/bandpass_n20002_cV5_covariance_s10.npz,76354,da39bb4db2ffec049bc11e7def19a7d57c49d86ddf12c03defc28516baa66b2e
tcn,independent_rms,43,bandpass_n20002_cV5_covariance_s5,phase2/results/predictions/full/independent_rms/tcn/seed_43/bandpass_n20002_cV5_covariance_s5.npz,76233,10a64ba2d345c983e8c4e2b0e3dc59ebfaae698a450819fdcf8e46f023e208e7
tcn,independent_rms,43,bandpass_n20002_cV5_covariance_s0,phase2/results/predictions/full/independent_rms/tcn/seed_43/bandpass_n20002_cV5_covariance_s0.npz,75974,cd44bbc3552fddd0cf1c7047caa45877d94a4ab3202f65feef6393c012d1db15
tcn,independent_rms,43,bandpass_n20002_cV6_independent_rms_s20,phase2/results/predictions/full/independent_rms/tcn/seed_43/bandpass_n20002_cV6_independent_rms_s20.npz,76386,de093d104a2cde1ed902d42444749c7e10fe27c3c5e1dcde3e2d5e85691e9058
tcn,independent_rms,43,bandpass_n20002_cV6_independent_rms_s15,phase2/results/predictions/full/independent_rms/tcn/seed_43/bandpass_n20002_cV6_independent_rms_s15.npz,76371,4b926db0c474fde166656f444b4d0c4fdc41156f5d4f8feb82ce20241d594bdb
tcn,independent_rms,43,bandpass_n20002_cV6_independent_rms_s10,phase2/results/predictions/full/independent_rms/tcn/seed_43/bandpass_n20002_cV6_independent_rms_s10.npz,76346,04bca72bca003513e4a571761e51d2dfcf2148c716927fa0718faeafcfd1314e
tcn,independent_rms,43,bandpass_n20002_cV6_independent_rms_s5,phase2/results/predictions/full/independent_rms/tcn/seed_43/bandpass_n20002_cV6_independent_rms_s5.npz,76225,cf4436783d7a42517de205f9323f78d663a97537b04ec75a95d6fc6abe8954bb
tcn,independent_rms,43,bandpass_n20002_cV6_independent_rms_s0,phase2/results/predictions/full/independent_rms/tcn/seed_43/bandpass_n20002_cV6_independent_rms_s0.npz,75992,4daac755a2982938eec75e77564c55b4d1882f9d64cfcda58d16c888c1332e62
tcn,independent_rms,43,bandpass_n20002_cV6_electrode_s20,phase2/results/predictions/full/independent_rms/tcn/seed_43/bandpass_n20002_cV6_electrode_s20.npz,76356,602da8fa94ac265057e394f889cfc70cda1dc6efc1a3f57a8a44e08466ac2bf7
tcn,independent_rms,43,bandpass_n20002_cV6_electrode_s15,phase2/results/predictions/full/independent_rms/tcn/seed_43/bandpass_n20002_cV6_electrode_s15.npz,76366,61caee9098cf4a94cfb3095e566d3a19db32d2eb6e4d330d7cf679717241051d
tcn,independent_rms,43,bandpass_n20002_cV6_electrode_s10,phase2/results/predictions/full/independent_rms/tcn/seed_43/bandpass_n20002_cV6_electrode_s10.npz,76341,505050ffee20910beba7f396dd22c0abf42c7a41c65ffd22c5349054b0c3a4bb
tcn,independent_rms,43,bandpass_n20002_cV6_electrode_s5,phase2/results/predictions/full/independent_rms/tcn/seed_43/bandpass_n20002_cV6_electrode_s5.npz,76208,fafc79f2e72b90d7f3cdd379ca69377a7f7f752945df6c813252a3bdf4b045e3
tcn,independent_rms,43,bandpass_n20002_cV6_electrode_s0,phase2/results/predictions/full/independent_rms/tcn/seed_43/bandpass_n20002_cV6_electrode_s0.npz,75983,1e6e97d82cd9f3f59f2565a6b0ce1bea32403673cea29b1f7f3ce2d88486027c
tcn,independent_rms,43,bandpass_n20002_cV6_covariance_s20,phase2/results/predictions/full/independent_rms/tcn/seed_43/bandpass_n20002_cV6_covariance_s20.npz,76381,0f1eb25cc763a05c3e61824568f231b55c9147405d9d04bce58471c8a5e4a9ad
tcn,independent_rms,43,bandpass_n20002_cV6_covariance_s15,phase2/results/predictions/full/independent_rms/tcn/seed_43/bandpass_n20002_cV6_covariance_s15.npz,76377,d4500449af6b557acc384f60fa0983e23f42f750ad2e1e6f76b8ce2262dd25b6
tcn,independent_rms,43,bandpass_n20002_cV6_covariance_s10,phase2/results/predictions/full/independent_rms/tcn/seed_43/bandpass_n20002_cV6_covariance_s10.npz,76321,1e48437bcf1fb81aa738a45e8ab21c93e13323774961a27bf31773eddfd813a3
tcn,independent_rms,43,bandpass_n20002_cV6_covariance_s5,phase2/results/predictions/full/independent_rms/tcn/seed_43/bandpass_n20002_cV6_covariance_s5.npz,76220,7a5ca4ef1ffb05e07a288075ebd8f54db669dd1f3deb70f9d6a827b95945573f
tcn,independent_rms,43,bandpass_n20002_cV6_covariance_s0,phase2/results/predictions/full/independent_rms/tcn/seed_43/bandpass_n20002_cV6_covariance_s0.npz,75984,e7d74488ad4a8df6bd3f54ba04aaaa2aafb467bcf3f9aa5517d08acb57a09dcf
tcn,independent_rms,43,bandpass_n20002_cRA_LA_independent_rms_s20,phase2/results/predictions/full/independent_rms/tcn/seed_43/bandpass_n20002_cRA_LA_independent_rms_s20.npz,76416,4dd284735593be8700067aed99edc4bd4916423f1b591abe6b48320212deef9c
tcn,independent_rms,43,bandpass_n20002_cRA_LA_independent_rms_s15,phase2/results/predictions/full/independent_rms/tcn/seed_43/bandpass_n20002_cRA_LA_independent_rms_s15.npz,76400,480dd4b8faa667987c7be658d7e83df5e29adcc127c96a1c32eb8d87a14581de
tcn,independent_rms,43,bandpass_n20002_cRA_LA_independent_rms_s10,phase2/results/predictions/full/independent_rms/tcn/seed_43/bandpass_n20002_cRA_LA_independent_rms_s10.npz,76353,49b9414915131bdbf3e8eab4ba394d1190495a101afd0b5d4892041abc2b7bfa
tcn,independent_rms,43,bandpass_n20002_cRA_LA_independent_rms_s5,phase2/results/predictions/full/independent_rms/tcn/seed_43/bandpass_n20002_cRA_LA_independent_rms_s5.npz,76201,21d0e0cf2aa23585fcbfca91a7980976ed15792c586ec8107bdc341028bf90b2
tcn,independent_rms,43,bandpass_n20002_cRA_LA_independent_rms_s0,phase2/results/predictions/full/independent_rms/tcn/seed_43/bandpass_n20002_cRA_LA_independent_rms_s0.npz,75894,4a2a1f733484d7e15fd25a18a03d6429fa3284527ce78965d2cc7a22c9645da4
tcn,independent_rms,43,bandpass_n20002_cRA_LA_electrode_s20,phase2/results/predictions/full/independent_rms/tcn/seed_43/bandpass_n20002_cRA_LA_electrode_s20.npz,76368,139348cb70b00c0880a33b294645d854cbd0977bef0eb613c082ceeafa61acf1
tcn,independent_rms,43,bandpass_n20002_cRA_LA_electrode_s15,phase2/results/predictions/full/independent_rms/tcn/seed_43/bandpass_n20002_cRA_LA_electrode_s15.npz,76376,8578b4cbad2416a085d8d8831b797fa5cf566e439a3be173e02d5cecfe232920
tcn,independent_rms,43,bandpass_n20002_cRA_LA_electrode_s10,phase2/results/predictions/full/independent_rms/tcn/seed_43/bandpass_n20002_cRA_LA_electrode_s10.npz,76222,a7f262021084049495bc30c32da3d0a6d125b3c7dc40ce8d5f1ca5547ce07178
tcn,independent_rms,43,bandpass_n20002_cRA_LA_electrode_s5,phase2/results/predictions/full/independent_rms/tcn/seed_43/bandpass_n20002_cRA_LA_electrode_s5.npz,76006,5b79b51bc515304ed223c3c2d59642505ba2f4bbd65c04dc4c2211d98f197388
tcn,independent_rms,43,bandpass_n20002_cRA_LA_electrode_s0,phase2/results/predictions/full/independent_rms/tcn/seed_43/bandpass_n20002_cRA_LA_electrode_s0.npz,75538,a16fba0c0487cfd2c2295cd4aff52beb499daeb9e17b9399b5d86dc5f8ac16d9
tcn,independent_rms,43,bandpass_n20002_cRA_LA_covariance_s20,phase2/results/predictions/full/independent_rms/tcn/seed_43/bandpass_n20002_cRA_LA_covariance_s20.npz,76381,187fdc686059fe261573caad1ad5aab1a3feb532b31ea4bc953f0268d10e8f24
tcn,independent_rms,43,bandpass_n20002_cRA_LA_covariance_s15,phase2/results/predictions/full/independent_rms/tcn/seed_43/bandpass_n20002_cRA_LA_covariance_s15.npz,76338,aca0a8dbceba5107031402b7e3fb34f9dc91bba98a71ea73e8809aa9d2a897d6
tcn,independent_rms,43,bandpass_n20002_cRA_LA_covariance_s10,phase2/results/predictions/full/independent_rms/tcn/seed_43/bandpass_n20002_cRA_LA_covariance_s10.npz,76231,e0d6c1eb758b27bfe1e29a69a1ea904c75fc209c276db711960ec2807b17483b
tcn,independent_rms,43,bandpass_n20002_cRA_LA_covariance_s5,phase2/results/predictions/full/independent_rms/tcn/seed_43/bandpass_n20002_cRA_LA_covariance_s5.npz,76050,6ad3e1ffe755afc774d820d7b9b7ce756f32c2c9fce1d13b4db327e6918c7bd5
tcn,independent_rms,43,bandpass_n20002_cRA_LA_covariance_s0,phase2/results/predictions/full/independent_rms/tcn/seed_43/bandpass_n20002_cRA_LA_covariance_s0.npz,75501,847e30f6311d75e1793224cdb2bc986d9cac65080b495b8e59980b57173969f0
tcn,independent_rms,43,bandpass_n20002_cLA_LL_independent_rms_s20,phase2/results/predictions/full/independent_rms/tcn/seed_43/bandpass_n20002_cLA_LL_independent_rms_s20.npz,76391,16a9cc9a36db5b4263113f7a456d37ea2664a66fa68b548a7e8a4af031934ab4
tcn,independent_rms,43,bandpass_n20002_cLA_LL_independent_rms_s15,phase2/results/predictions/full/independent_rms/tcn/seed_43/bandpass_n20002_cLA_LL_independent_rms_s15.npz,76389,dfad9de07808f105b1a20d061d44e3ad6ddf1c46e8c5f78e4c282205a298c7d9
tcn,independent_rms,43,bandpass_n20002_cLA_LL_independent_rms_s10,phase2/results/predictions/full/independent_rms/tcn/seed_43/bandpass_n20002_cLA_LL_independent_rms_s10.npz,76342,048a4bf485f50e130c8f0563d995299fd2c865288a953dcb678f2d20e989b939
tcn,independent_rms,43,bandpass_n20002_cLA_LL_independent_rms_s5,phase2/results/predictions/full/independent_rms/tcn/seed_43/bandpass_n20002_cLA_LL_independent_rms_s5.npz,76224,7acf775b8ddd0b1517bc1463cfc5c1089be05ab546884a13a5338ebd5e70922f
tcn,independent_rms,43,bandpass_n20002_cLA_LL_independent_rms_s0,phase2/results/predictions/full/independent_rms/tcn/seed_43/bandpass_n20002_cLA_LL_independent_rms_s0.npz,75914,3077ab97292ab16ec97cd6bdbe5e656d2fcaa2a7dbc22018f243d37edb61a64c
tcn,independent_rms,43,bandpass_n20002_cLA_LL_electrode_s20,phase2/results/predictions/full/independent_rms/tcn/seed_43/bandpass_n20002_cLA_LL_electrode_s20.npz,76387,e2b793737490be6e330c5c578aa4613b37104ad5d0532171fb437d316629b33d
tcn,independent_rms,43,bandpass_n20002_cLA_LL_electrode_s15,phase2/results/predictions/full/independent_rms/tcn/seed_43/bandpass_n20002_cLA_LL_electrode_s15.npz,76351,380ac03f7da1f3b15d128adea214df9f34ff162fe3b00164651620350ff50611
tcn,independent_rms,43,bandpass_n20002_cLA_LL_electrode_s10,phase2/results/predictions/full/independent_rms/tcn/seed_43/bandpass_n20002_cLA_LL_electrode_s10.npz,76242,755f3a09d717690775362297ca5bce3dcdfadf24c24f6a829cf67ff2983df5ab
tcn,independent_rms,43,bandpass_n20002_cLA_LL_electrode_s5,phase2/results/predictions/full/independent_rms/tcn/seed_43/bandpass_n20002_cLA_LL_electrode_s5.npz,76095,38209cd3cfe21ffe9eee7fb91caf6a332a39e057405ce73ee573722875b10433
tcn,independent_rms,43,bandpass_n20002_cLA_LL_electrode_s0,phase2/results/predictions/full/independent_rms/tcn/seed_43/bandpass_n20002_cLA_LL_electrode_s0.npz,75700,7c6387df941e28aa328215a68d8d8b6ac471d116259df11621745f8ff24b1167
tcn,independent_rms,43,bandpass_n20002_cLA_LL_covariance_s20,phase2/results/predictions/full/independent_rms/tcn/seed_43/bandpass_n20002_cLA_LL_covariance_s20.npz,76386,5139a1bcbd77df59dfa19fde12b88ee21afd9631a2d309f198b7810fa52e0e2c
tcn,independent_rms,43,bandpass_n20002_cLA_LL_covariance_s15,phase2/results/predictions/full/independent_rms/tcn/seed_43/bandpass_n20002_cLA_LL_covariance_s15.npz,76334,da4269c6e57dc520e3438e645e74dd75e02d590dafec96519fc2b03d8acae334
tcn,independent_rms,43,bandpass_n20002_cLA_LL_covariance_s10,phase2/results/predictions/full/independent_rms/tcn/seed_43/bandpass_n20002_cLA_LL_covariance_s10.npz,76254,979aa58bc83277dda65fd8d36c92f1abf19b9324de833e040d8ff2856cb5f42f
tcn,independent_rms,43,bandpass_n20002_cLA_LL_covariance_s5,phase2/results/predictions/full/independent_rms/tcn/seed_43/bandpass_n20002_cLA_LL_covariance_s5.npz,76094,e513d79e7ce56ffb59fbde780bbc2e94f359a9a4559857be106bd03fb04f44ba
tcn,independent_rms,43,bandpass_n20002_cLA_LL_covariance_s0,phase2/results/predictions/full/independent_rms/tcn/seed_43/bandpass_n20002_cLA_LL_covariance_s0.npz,75702,17da6c69aa7e3cf4652f7acbf9d30ad5b21ff476c27f7a288f6f4d8632ceca7d
tcn,independent_rms,43,bandpass_n20002_cRA_LL_independent_rms_s20,phase2/results/predictions/full/independent_rms/tcn/seed_43/bandpass_n20002_cRA_LL_independent_rms_s20.npz,76382,ecc67e0a90c46f868fce0f1ddce641ed2ce1783f7d329d06ad9ac2d199a0b931
tcn,independent_rms,43,bandpass_n20002_cRA_LL_independent_rms_s15,phase2/results/predictions/full/independent_rms/tcn/seed_43/bandpass_n20002_cRA_LL_independent_rms_s15.npz,76383,e89a44d71dd28bfc36b27d4a977f1bb6d7f5161c6e31e38d1232e230942a5f0b
tcn,independent_rms,43,bandpass_n20002_cRA_LL_independent_rms_s10,phase2/results/predictions/full/independent_rms/tcn/seed_43/bandpass_n20002_cRA_LL_independent_rms_s10.npz,76348,30a0913fd4fc5f362db878bf739fc3437db84ab303439cb28cbcfcd9b047fc5d
tcn,independent_rms,43,bandpass_n20002_cRA_LL_independent_rms_s5,phase2/results/predictions/full/independent_rms/tcn/seed_43/bandpass_n20002_cRA_LL_independent_rms_s5.npz,76202,e8f61106e3cdefefb7350631764b89355a026bccf6f0265e326fb666b5c2725e
tcn,independent_rms,43,bandpass_n20002_cRA_LL_independent_rms_s0,phase2/results/predictions/full/independent_rms/tcn/seed_43/bandpass_n20002_cRA_LL_independent_rms_s0.npz,75949,b2f7645f426826cc330779986832a0ba32b06b018e8b5134078c41bf58b04e76
tcn,independent_rms,43,bandpass_n20002_cRA_LL_electrode_s20,phase2/results/predictions/full/independent_rms/tcn/seed_43/bandpass_n20002_cRA_LL_electrode_s20.npz,76341,b1892c3ac6a30bb50be95c74dfa6e0e4b964144d9379b2cba49a31f5add1bd16
tcn,independent_rms,43,bandpass_n20002_cRA_LL_electrode_s15,phase2/results/predictions/full/independent_rms/tcn/seed_43/bandpass_n20002_cRA_LL_electrode_s15.npz,76369,7aadc1ba15ffbd9cfdb423382e418abef260509c174a0e6eea49adb4d18c19fd
tcn,independent_rms,43,bandpass_n20002_cRA_LL_electrode_s10,phase2/results/predictions/full/independent_rms/tcn/seed_43/bandpass_n20002_cRA_LL_electrode_s10.npz,76226,ce49944286c952b760896e3d6cd99051922ae2c11f3d27ece142f4c30e374c1a
tcn,independent_rms,43,bandpass_n20002_cRA_LL_electrode_s5,phase2/results/predictions/full/independent_rms/tcn/seed_43/bandpass_n20002_cRA_LL_electrode_s5.npz,76028,d5437237564f3694fc73ba67e1be310c5bd439e6466c45672e09cc8980cd3039
tcn,independent_rms,43,bandpass_n20002_cRA_LL_electrode_s0,phase2/results/predictions/full/independent_rms/tcn/seed_43/bandpass_n20002_cRA_LL_electrode_s0.npz,75507,294a5978adc44ff9fedc05246a238eb311a1f6c062719e0e30aa1da24f311fc3
tcn,independent_rms,43,bandpass_n20002_cRA_LL_covariance_s20,phase2/results/predictions/full/independent_rms/tcn/seed_43/bandpass_n20002_cRA_LL_covariance_s20.npz,76374,6d546284ca48b590240b59473f28fb25192b7edb637b5057d4bbbc5c10c90911
tcn,independent_rms,43,bandpass_n20002_cRA_LL_covariance_s15,phase2/results/predictions/full/independent_rms/tcn/seed_43/bandpass_n20002_cRA_LL_covariance_s15.npz,76358,5e363199991aae9ab0a2b258de8bf372414b8a9d09eb6b4fdecec5863c10333e
tcn,independent_rms,43,bandpass_n20002_cRA_LL_covariance_s10,phase2/results/predictions/full/independent_rms/tcn/seed_43/bandpass_n20002_cRA_LL_covariance_s10.npz,76271,87b893aec3aac828eb50f73c01bb7502e12753c33e91c4242bcec63f54c5da35
tcn,independent_rms,43,bandpass_n20002_cRA_LL_covariance_s5,phase2/results/predictions/full/independent_rms/tcn/seed_43/bandpass_n20002_cRA_LL_covariance_s5.npz,76004,896c885d3be104a8354147132ec95496d39a6f9ef6ae6534ea9966358c501ed7
tcn,independent_rms,43,bandpass_n20002_cRA_LL_covariance_s0,phase2/results/predictions/full/independent_rms/tcn/seed_43/bandpass_n20002_cRA_LL_covariance_s0.npz,75479,28416303cb9c3e84444d43a5330ce7f940040c585da8808ce91e8f4b09c42156
tcn,independent_rms,43,bandpass_n20002_cRA_independent_rms_s20,phase2/results/predictions/full/independent_rms/tcn/seed_43/bandpass_n20002_cRA_independent_rms_s20.npz,76391,fa441015aee9175b71a0f1d9857f4d2cbc592295de7b8c63a7a2db6554cd0e24
tcn,independent_rms,43,bandpass_n20002_cRA_independent_rms_s15,phase2/results/predictions/full/independent_rms/tcn/seed_43/bandpass_n20002_cRA_independent_rms_s15.npz,76388,119d69080c3752f4be9e570ff1096ecded910464bc090b1f1d6b627fc757639d
tcn,independent_rms,43,bandpass_n20002_cRA_independent_rms_s10,phase2/results/predictions/full/independent_rms/tcn/seed_43/bandpass_n20002_cRA_independent_rms_s10.npz,76342,d67f54b46ed8cdbd752c31963d765e12680c0da6c264df4d6f0864a80412f69a
tcn,independent_rms,43,bandpass_n20002_cRA_independent_rms_s5,phase2/results/predictions/full/independent_rms/tcn/seed_43/bandpass_n20002_cRA_independent_rms_s5.npz,76213,8e73d9118c6aef8edc71434a1fdfeac0db251fa6f73f0fbe2c8d044520df35a8
tcn,independent_rms,43,bandpass_n20002_cRA_independent_rms_s0,phase2/results/predictions/full/independent_rms/tcn/seed_43/bandpass_n20002_cRA_independent_rms_s0.npz,75917,2d6465df781c52838433e9216c81123f53bb54b755587e2f495232d6f8690df8
tcn,independent_rms,43,bandpass_n20002_cRA_electrode_s20,phase2/results/predictions/full/independent_rms/tcn/seed_43/bandpass_n20002_cRA_electrode_s20.npz,76361,7706b649091ee4b649cafbfdb7f8819737dc281455467670764d34af50e218ff
tcn,independent_rms,43,bandpass_n20002_cRA_electrode_s15,phase2/results/predictions/full/independent_rms/tcn/seed_43/bandpass_n20002_cRA_electrode_s15.npz,76330,6b852eb9b4349ae41f8098d8b2b607fb7e958fe8ea80e21a02ed6cce083c1c60
tcn,independent_rms,43,bandpass_n20002_cRA_electrode_s10,phase2/results/predictions/full/independent_rms/tcn/seed_43/bandpass_n20002_cRA_electrode_s10.npz,76200,10f0eba5a726125610256c2770bb40b81a966b30c6e81f470dda224bac7920cd
tcn,independent_rms,43,bandpass_n20002_cRA_electrode_s5,phase2/results/predictions/full/independent_rms/tcn/seed_43/bandpass_n20002_cRA_electrode_s5.npz,75950,15c247976bcc61c40d137782f0c9dcfdaf3977d7f5ca18157e74a466a3647907
tcn,independent_rms,43,bandpass_n20002_cRA_electrode_s0,phase2/results/predictions/full/independent_rms/tcn/seed_43/bandpass_n20002_cRA_electrode_s0.npz,75443,05cd9fa0cf7eb7c858d4b72d92d6aa821ffc2dbc383afa9606b4f40a3bb0036a
tcn,independent_rms,43,bandpass_n20002_cRA_covariance_s20,phase2/results/predictions/full/independent_rms/tcn/seed_43/bandpass_n20002_cRA_covariance_s20.npz,76356,f2b32f30099b2c2fd3176ae1eace9a78c6f07d17619d84c3c0cda72be16d387a
tcn,independent_rms,43,bandpass_n20002_cRA_covariance_s15,phase2/results/predictions/full/independent_rms/tcn/seed_43/bandpass_n20002_cRA_covariance_s15.npz,76338,641266f67ce882edc5fa32bbc6058c568c7dd079b370e91ae5a15a9130343d34
tcn,independent_rms,43,bandpass_n20002_cRA_covariance_s10,phase2/results/predictions/full/independent_rms/tcn/seed_43/bandpass_n20002_cRA_covariance_s10.npz,76233,1b27c9a14d4ccedccfcb7a566ff4181d9002096ec66fcc1466393993e8ea0b09
tcn,independent_rms,43,bandpass_n20002_cRA_covariance_s5,phase2/results/predictions/full/independent_rms/tcn/seed_43/bandpass_n20002_cRA_covariance_s5.npz,75941,0fbb4207c58ff855be15ad47b5f1b334279b84813537102569a4c590b410acbe
tcn,independent_rms,43,bandpass_n20002_cRA_covariance_s0,phase2/results/predictions/full/independent_rms/tcn/seed_43/bandpass_n20002_cRA_covariance_s0.npz,75417,8091fbc3fcccdd02cf98fb47e53b73c0ce9af59ea624f02dbb13c282220db9eb
tcn,independent_rms,43,bandpass_n20002_cLA_independent_rms_s20,phase2/results/predictions/full/independent_rms/tcn/seed_43/bandpass_n20002_cLA_independent_rms_s20.npz,76395,811a094e7ffa63ac33c7f8be3cbff2a79484b280ec2b20d8a9997d8d744a2eeb
tcn,independent_rms,43,bandpass_n20002_cLA_independent_rms_s15,phase2/results/predictions/full/independent_rms/tcn/seed_43/bandpass_n20002_cLA_independent_rms_s15.npz,76354,9c500ee6d96ac71a8f5b00f051b34c59645b79e292424ae0f041295513ce0d0a
tcn,independent_rms,43,bandpass_n20002_cLA_independent_rms_s10,phase2/results/predictions/full/independent_rms/tcn/seed_43/bandpass_n20002_cLA_independent_rms_s10.npz,76348,19f1a8454f653c403427c1fc32b2b0536b16d619d783887b632b1f7ec8c49d2c
tcn,independent_rms,43,bandpass_n20002_cLA_independent_rms_s5,phase2/results/predictions/full/independent_rms/tcn/seed_43/bandpass_n20002_cLA_independent_rms_s5.npz,76205,6b41d183ae0e03d1b6d21e8ce304da9e1797961688a46a0051d9be89c9aec03e
tcn,independent_rms,43,bandpass_n20002_cLA_independent_rms_s0,phase2/results/predictions/full/independent_rms/tcn/seed_43/bandpass_n20002_cLA_independent_rms_s0.npz,75906,99ad2c64fc7726d08779fcf038a0d2001d186b00d8e5c8516daa88e9396860d6
tcn,independent_rms,43,bandpass_n20002_cLA_electrode_s20,phase2/results/predictions/full/independent_rms/tcn/seed_43/bandpass_n20002_cLA_electrode_s20.npz,76387,fb1f51fcedd17b1e01b644768615a31f1887f17c657e6de53e9973b33d0ea949
tcn,independent_rms,43,bandpass_n20002_cLA_electrode_s15,phase2/results/predictions/full/independent_rms/tcn/seed_43/bandpass_n20002_cLA_electrode_s15.npz,76371,25e51c42360e9518009803b8287d59b84ec8f26ea0f2b47f6df8d9496a69641d
tcn,independent_rms,43,bandpass_n20002_cLA_electrode_s10,phase2/results/predictions/full/independent_rms/tcn/seed_43/bandpass_n20002_cLA_electrode_s10.npz,76278,03fe7b23a257c6ee7be87530c3cb274e51412ee2faa11bdf3e398d2425d67ac6
tcn,independent_rms,43,bandpass_n20002_cLA_electrode_s5,phase2/results/predictions/full/independent_rms/tcn/seed_43/bandpass_n20002_cLA_electrode_s5.npz,76123,4122819204325d2f2ce6079faed96b30376267f8d1bd8b4d683b83743eba307b
tcn,independent_rms,43,bandpass_n20002_cLA_electrode_s0,phase2/results/predictions/full/independent_rms/tcn/seed_43/bandpass_n20002_cLA_electrode_s0.npz,75719,b5f8ca118ab4d4ba2aed8eb21683ce05631f18fa975a7d39edbefb26aafeb877
tcn,independent_rms,43,bandpass_n20002_cLA_covariance_s20,phase2/results/predictions/full/independent_rms/tcn/seed_43/bandpass_n20002_cLA_covariance_s20.npz,76402,19cdb44f402bb2d3cc0d58add3a6b79677c9d199c658abf6ab2e3fba7733cb60
tcn,independent_rms,43,bandpass_n20002_cLA_covariance_s15,phase2/results/predictions/full/independent_rms/tcn/seed_43/bandpass_n20002_cLA_covariance_s15.npz,76327,116bf44c6b26c7cf3707ed7756bf5154bb8bdd5de295e805141d51d390bb1334
tcn,independent_rms,43,bandpass_n20002_cLA_covariance_s10,phase2/results/predictions/full/independent_rms/tcn/seed_43/bandpass_n20002_cLA_covariance_s10.npz,76272,d900b84b28b1e01fb8559af7a578fa83c23c4fc2dfd04d5218647ad04f9d84b9
tcn,independent_rms,43,bandpass_n20002_cLA_covariance_s5,phase2/results/predictions/full/independent_rms/tcn/seed_43/bandpass_n20002_cLA_covariance_s5.npz,76101,fdc638141164c370d7bc7c736e9f87ffaa66237a4dbc5eef34d4f92fbb8e5004
tcn,independent_rms,43,bandpass_n20002_cLA_covariance_s0,phase2/results/predictions/full/independent_rms/tcn/seed_43/bandpass_n20002_cLA_covariance_s0.npz,75753,7468fcb170134c52f4c0ba6afb8b5e44f46bc62593cce668fa428da9bcea02ad
tcn,independent_rms,43,bandpass_n20002_cLL_independent_rms_s20,phase2/results/predictions/full/independent_rms/tcn/seed_43/bandpass_n20002_cLL_independent_rms_s20.npz,76401,3715a50ddc8525e626da0bf7a4b858e95a4f34718f51e2a10a5befa2d39f073c
tcn,independent_rms,43,bandpass_n20002_cLL_independent_rms_s15,phase2/results/predictions/full/independent_rms/tcn/seed_43/bandpass_n20002_cLL_independent_rms_s15.npz,76375,1aab80a9d28aef577b679f799128dcfdf2c885fea609c760856ea1bd18679df6
tcn,independent_rms,43,bandpass_n20002_cLL_independent_rms_s10,phase2/results/predictions/full/independent_rms/tcn/seed_43/bandpass_n20002_cLL_independent_rms_s10.npz,76351,ce052028395e50a63103151e5f7257d00549f5813be956caa552a78bce2e524d
tcn,independent_rms,43,bandpass_n20002_cLL_independent_rms_s5,phase2/results/predictions/full/independent_rms/tcn/seed_43/bandpass_n20002_cLL_independent_rms_s5.npz,76212,88dabdb26ba832dbb3c77e416bc9326e2bc13932ef95794311e6f9e500364299
tcn,independent_rms,43,bandpass_n20002_cLL_independent_rms_s0,phase2/results/predictions/full/independent_rms/tcn/seed_43/bandpass_n20002_cLL_independent_rms_s0.npz,75907,93281c2f1fa9e9167dc9d94b48f2d7f5500b12d12acfa2220d5f62adab6417c0
tcn,independent_rms,43,bandpass_n20002_cLL_electrode_s20,phase2/results/predictions/full/independent_rms/tcn/seed_43/bandpass_n20002_cLL_electrode_s20.npz,76380,c80404d9e3d79730e9342a3053cabd4f29f872e5380d546eb2e107968cf42d5d
tcn,independent_rms,43,bandpass_n20002_cLL_electrode_s15,phase2/results/predictions/full/independent_rms/tcn/seed_43/bandpass_n20002_cLL_electrode_s15.npz,76356,411d8a6ff031f23e58b487d87f8dbb2c85075db3b3c0d8f3edf16e0d9a0df855
tcn,independent_rms,43,bandpass_n20002_cLL_electrode_s10,phase2/results/predictions/full/independent_rms/tcn/seed_43/bandpass_n20002_cLL_electrode_s10.npz,76245,b3b7fdfeb7a5e715c503166d274c768f740c4ac6e5758465bcdc321eefa14688
tcn,independent_rms,43,bandpass_n20002_cLL_electrode_s5,phase2/results/predictions/full/independent_rms/tcn/seed_43/bandpass_n20002_cLL_electrode_s5.npz,76100,1a4b56f724634f8f0d57cbf897c03865ea3f0e8fc437b5ef52646ba2b6f04243
tcn,independent_rms,43,bandpass_n20002_cLL_electrode_s0,phase2/results/predictions/full/independent_rms/tcn/seed_43/bandpass_n20002_cLL_electrode_s0.npz,75798,f19322301711a7e0fef7acea9cc6d32715ab9485b07b653800f09d3b250dd0f4
tcn,independent_rms,43,bandpass_n20002_cLL_covariance_s20,phase2/results/predictions/full/independent_rms/tcn/seed_43/bandpass_n20002_cLL_covariance_s20.npz,76376,3d2168c1ed1221ef1ce5aafef97d2cfa559532327ad52ba2783f67cd77c3cd4c
tcn,independent_rms,43,bandpass_n20002_cLL_covariance_s15,phase2/results/predictions/full/independent_rms/tcn/seed_43/bandpass_n20002_cLL_covariance_s15.npz,76361,b01bff19a0bfeeef8782663fa13e2b7bda96ba31b9184a3839f2330afd3b9295
tcn,independent_rms,43,bandpass_n20002_cLL_covariance_s10,phase2/results/predictions/full/independent_rms/tcn/seed_43/bandpass_n20002_cLL_covariance_s10.npz,76282,02a65109aecc29a068554718ea9d64d049e0e63084e2884626bacba8f633b82a
tcn,independent_rms,43,bandpass_n20002_cLL_covariance_s5,phase2/results/predictions/full/independent_rms/tcn/seed_43/bandpass_n20002_cLL_covariance_s5.npz,76093,80596601d3236a40bd71b307499954f135ea93b994372763c3882da94709feca
tcn,independent_rms,43,bandpass_n20002_cLL_covariance_s0,phase2/results/predictions/full/independent_rms/tcn/seed_43/bandpass_n20002_cLL_covariance_s0.npz,75779,19b0ce19c1dbfcd6cc20fb9fc4a16d34ede2aa89be11855e271d92ec7b46b82f
tcn,independent_rms,43,bandpass_n20002_cRA_V1_independent_rms_s20,phase2/results/predictions/full/independent_rms/tcn/seed_43/bandpass_n20002_cRA_V1_independent_rms_s20.npz,76408,f70458704d1eadb6379204b2549a5737882c0e9735773b6623245018da60ef7c
tcn,independent_rms,43,bandpass_n20002_cRA_V1_independent_rms_s15,phase2/results/predictions/full/independent_rms/tcn/seed_43/bandpass_n20002_cRA_V1_independent_rms_s15.npz,76372,57fe360355fe9dd9c16767919b5c8a590eeb2b30a65b77524714631c5697ace4
tcn,independent_rms,43,bandpass_n20002_cRA_V1_independent_rms_s10,phase2/results/predictions/full/independent_rms/tcn/seed_43/bandpass_n20002_cRA_V1_independent_rms_s10.npz,76348,04e88bc76a087a095f7a8297d18f401b00eb33f3ce7b69b2efba537bc22f810e
tcn,independent_rms,43,bandpass_n20002_cRA_V1_independent_rms_s5,phase2/results/predictions/full/independent_rms/tcn/seed_43/bandpass_n20002_cRA_V1_independent_rms_s5.npz,76218,3d21fad09f8bdac47ea109a7a2841fc6cb38a435cd6800208040c3a6362a0348
tcn,independent_rms,43,bandpass_n20002_cRA_V1_independent_rms_s0,phase2/results/predictions/full/independent_rms/tcn/seed_43/bandpass_n20002_cRA_V1_independent_rms_s0.npz,75914,6c830a26c92f1107df8669416105df6698bc6d7c37b4686c528c8f36926437b2
tcn,independent_rms,43,bandpass_n20002_cRA_V1_electrode_s20,phase2/results/predictions/full/independent_rms/tcn/seed_43/bandpass_n20002_cRA_V1_electrode_s20.npz,76388,197b0398ae9f67cc34e9c4e4a5c716c73815759663da0a33516fc6497a9c1eee
tcn,independent_rms,43,bandpass_n20002_cRA_V1_electrode_s15,phase2/results/predictions/full/independent_rms/tcn/seed_43/bandpass_n20002_cRA_V1_electrode_s15.npz,76326,ea4ed82ad7fa67d953e56813821ba51f27d60f81d200aa39b81a33be291de1b1
tcn,independent_rms,43,bandpass_n20002_cRA_V1_electrode_s10,phase2/results/predictions/full/independent_rms/tcn/seed_43/bandpass_n20002_cRA_V1_electrode_s10.npz,76238,2548b64b1e02ba11b165d3e66b49f8c8e6a56d1fe4829c753cda9403849fe92d
tcn,independent_rms,43,bandpass_n20002_cRA_V1_electrode_s5,phase2/results/predictions/full/independent_rms/tcn/seed_43/bandpass_n20002_cRA_V1_electrode_s5.npz,75977,43f94d6a6105f0ed3a7735f64fb9bb07c6eaab1d0b5c9455f419efe2ffcf0a13
tcn,independent_rms,43,bandpass_n20002_cRA_V1_electrode_s0,phase2/results/predictions/full/independent_rms/tcn/seed_43/bandpass_n20002_cRA_V1_electrode_s0.npz,75496,af50ce2a3db74b61d746e43d6ea3132cecedaaae94beea8b671b3537d5bc6d85
tcn,independent_rms,43,bandpass_n20002_cRA_V1_covariance_s20,phase2/results/predictions/full/independent_rms/tcn/seed_43/bandpass_n20002_cRA_V1_covariance_s20.npz,76393,3b760a6a281e9a14b02ae2a8ebdc4b887c0da5e8e2ac9fbbb7fbcfc6cde738ef
tcn,independent_rms,43,bandpass_n20002_cRA_V1_covariance_s15,phase2/results/predictions/full/independent_rms/tcn/seed_43/bandpass_n20002_cRA_V1_covariance_s15.npz,76359,20dfd45492b04184f9dbb37eff884243a6b9ce653f2564ecf794bd2ef68ad112
tcn,independent_rms,43,bandpass_n20002_cRA_V1_covariance_s10,phase2/results/predictions/full/independent_rms/tcn/seed_43/bandpass_n20002_cRA_V1_covariance_s10.npz,76242,10c4e3e5c1c4a85af006c2b7d2b79a2a98e5a0468d155be4823d3eb7f7719ce3
tcn,independent_rms,43,bandpass_n20002_cRA_V1_covariance_s5,phase2/results/predictions/full/independent_rms/tcn/seed_43/bandpass_n20002_cRA_V1_covariance_s5.npz,75990,51e0c44490e96540cb347d6318c0370f6a506ba36e2c7af84a87a5177f7a2f14
tcn,independent_rms,43,bandpass_n20002_cRA_V1_covariance_s0,phase2/results/predictions/full/independent_rms/tcn/seed_43/bandpass_n20002_cRA_V1_covariance_s0.npz,75409,90e861d3fa4520de0d906bfd025a0226735cba81cb336511b157e0ad88a8e037
tcn,independent_rms,43,bandpass_n20002_cLA_V6_independent_rms_s20,phase2/results/predictions/full/independent_rms/tcn/seed_43/bandpass_n20002_cLA_V6_independent_rms_s20.npz,76399,c12ec062ba2be8d2fddd2f6621c32a30c745563e8c256ae2da89b01d09fb3441
tcn,independent_rms,43,bandpass_n20002_cLA_V6_independent_rms_s15,phase2/results/predictions/full/independent_rms/tcn/seed_43/bandpass_n20002_cLA_V6_independent_rms_s15.npz,76381,41cc79193ebe86a5a59f0aeb30a4d4fa3eb859728a70c6a5af74d6effcf95842
tcn,independent_rms,43,bandpass_n20002_cLA_V6_independent_rms_s10,phase2/results/predictions/full/independent_rms/tcn/seed_43/bandpass_n20002_cLA_V6_independent_rms_s10.npz,76348,0026b6707e22354430e5aa1b6daf1e83b57e12b9bef1cdc2a3eca9892556b6c8
tcn,independent_rms,43,bandpass_n20002_cLA_V6_independent_rms_s5,phase2/results/predictions/full/independent_rms/tcn/seed_43/bandpass_n20002_cLA_V6_independent_rms_s5.npz,76237,5353e4c623c614de1a265270f731374cc98653820aa736ef43b6d460b1f1245c
tcn,independent_rms,43,bandpass_n20002_cLA_V6_independent_rms_s0,phase2/results/predictions/full/independent_rms/tcn/seed_43/bandpass_n20002_cLA_V6_independent_rms_s0.npz,75931,bd3b1fb0348af5e41345b4acd4246f984234099fd9ed1e05fe8047ad83803fa9
tcn,independent_rms,43,bandpass_n20002_cLA_V6_electrode_s20,phase2/results/predictions/full/independent_rms/tcn/seed_43/bandpass_n20002_cLA_V6_electrode_s20.npz,76385,3403c55b4e53d3db16c2ef83d9f88942a8751d3b8012f3b091332d94cbbec5db
tcn,independent_rms,43,bandpass_n20002_cLA_V6_electrode_s15,phase2/results/predictions/full/independent_rms/tcn/seed_43/bandpass_n20002_cLA_V6_electrode_s15.npz,76389,2a45913216509a634e45ad4515323b3bb2a0656211bfbfbdce1afa80b1ac6521
tcn,independent_rms,43,bandpass_n20002_cLA_V6_electrode_s10,phase2/results/predictions/full/independent_rms/tcn/seed_43/bandpass_n20002_cLA_V6_electrode_s10.npz,76300,9100ec61bb1cc5f6fa7ea37b7241c7fd6baff4a4fc0075ea3112f721632e2cf2
tcn,independent_rms,43,bandpass_n20002_cLA_V6_electrode_s5,phase2/results/predictions/full/independent_rms/tcn/seed_43/bandpass_n20002_cLA_V6_electrode_s5.npz,76199,c1932e501a2ba8270c610c093b3435ea1742cd31ce32e328838928834b3a8fd6
tcn,independent_rms,43,bandpass_n20002_cLA_V6_electrode_s0,phase2/results/predictions/full/independent_rms/tcn/seed_43/bandpass_n20002_cLA_V6_electrode_s0.npz,75765,645aea22cd22c370705d8209e5b27a59b72ffd46eb05539e93f555c4363a4de6
tcn,independent_rms,43,bandpass_n20002_cLA_V6_covariance_s20,phase2/results/predictions/full/independent_rms/tcn/seed_43/bandpass_n20002_cLA_V6_covariance_s20.npz,76380,c4caa909d3352699343337c84437002424083744289e3519d2ce78c323d6eded
tcn,independent_rms,43,bandpass_n20002_cLA_V6_covariance_s15,phase2/results/predictions/full/independent_rms/tcn/seed_43/bandpass_n20002_cLA_V6_covariance_s15.npz,76384,4b055e038fbda6ade0a582ef9a3642e49eaf4e018c52d1dd6b6dbb793f1ecdbe
tcn,independent_rms,43,bandpass_n20002_cLA_V6_covariance_s10,phase2/results/predictions/full/independent_rms/tcn/seed_43/bandpass_n20002_cLA_V6_covariance_s10.npz,76303,0d2067aabea9b95b314cc25d620cc7c6ef9a0d236684f589b57af0844bc0a098
tcn,independent_rms,43,bandpass_n20002_cLA_V6_covariance_s5,phase2/results/predictions/full/independent_rms/tcn/seed_43/bandpass_n20002_cLA_V6_covariance_s5.npz,76135,b21e62ed349a9bf3ce61078e3e122e6a0f08b1d0709e238501a04e4c1126cc76
tcn,independent_rms,43,bandpass_n20002_cLA_V6_covariance_s0,phase2/results/predictions/full/independent_rms/tcn/seed_43/bandpass_n20002_cLA_V6_covariance_s0.npz,75771,23d5d66108240f9b034fe6cc73ccd86f599c5a15085c425bb91c6527ddb8e24b
tcn,independent_rms,43,bandpass_n20002_cLL_V4_independent_rms_s20,phase2/results/predictions/full/independent_rms/tcn/seed_43/bandpass_n20002_cLL_V4_independent_rms_s20.npz,76417,0233cca207244dac651e877d10072745a08b7aac30fc2c98e2b2edbaab1de270
tcn,independent_rms,43,bandpass_n20002_cLL_V4_independent_rms_s15,phase2/results/predictions/full/independent_rms/tcn/seed_43/bandpass_n20002_cLL_V4_independent_rms_s15.npz,76376,65922cc9e9aeb4144e3c6e25fa895859c3bf01009448861546eecf1cd11e6632
tcn,independent_rms,43,bandpass_n20002_cLL_V4_independent_rms_s10,phase2/results/predictions/full/independent_rms/tcn/seed_43/bandpass_n20002_cLL_V4_independent_rms_s10.npz,76341,17a0df0911123b71719d1cce1da705b3f26dd39402a9e96d54126623567d0772
tcn,independent_rms,43,bandpass_n20002_cLL_V4_independent_rms_s5,phase2/results/predictions/full/independent_rms/tcn/seed_43/bandpass_n20002_cLL_V4_independent_rms_s5.npz,76229,13ff2246c8f9019bd75e931ed682154347cbbb597f7db722c841b1422ef94b2b
tcn,independent_rms,43,bandpass_n20002_cLL_V4_independent_rms_s0,phase2/results/predictions/full/independent_rms/tcn/seed_43/bandpass_n20002_cLL_V4_independent_rms_s0.npz,75932,0f66b4de18ffd2838faa2fd5217c3c9c368a078888d65fb0f7096257cd14f42f
tcn,independent_rms,43,bandpass_n20002_cLL_V4_electrode_s20,phase2/results/predictions/full/independent_rms/tcn/seed_43/bandpass_n20002_cLL_V4_electrode_s20.npz,76376,d91fbe1e614d3ef0fdd509fa6e9379f4dafa2e38161ec446d72828be94c7680c
tcn,independent_rms,43,bandpass_n20002_cLL_V4_electrode_s15,phase2/results/predictions/full/independent_rms/tcn/seed_43/bandpass_n20002_cLL_V4_electrode_s15.npz,76364,a36bc9dc4e37ceb134769ab645de1d33de2f00328923223c97f8d3b1badef6ae
tcn,independent_rms,43,bandpass_n20002_cLL_V4_electrode_s10,phase2/results/predictions/full/independent_rms/tcn/seed_43/bandpass_n20002_cLL_V4_electrode_s10.npz,76288,b810cc604b0877119fd8ecba2a4108480017ec389176bb725c769c11d8392e89
tcn,independent_rms,43,bandpass_n20002_cLL_V4_electrode_s5,phase2/results/predictions/full/independent_rms/tcn/seed_43/bandpass_n20002_cLL_V4_electrode_s5.npz,76136,6944a8b01e8d5b5426a58ab17a05d616c83a5c8d8cd6889458f00a68e1373261
tcn,independent_rms,43,bandpass_n20002_cLL_V4_electrode_s0,phase2/results/predictions/full/independent_rms/tcn/seed_43/bandpass_n20002_cLL_V4_electrode_s0.npz,75813,a1266487640815b25b44837d36623c87f7f29587cd04b2771442cda1889b78b5
tcn,independent_rms,43,bandpass_n20002_cLL_V4_covariance_s20,phase2/results/predictions/full/independent_rms/tcn/seed_43/bandpass_n20002_cLL_V4_covariance_s20.npz,76389,e032605341aec8b34e9255566143ba883a33e8a44971dcfc6a374392ba9b880d
tcn,independent_rms,43,bandpass_n20002_cLL_V4_covariance_s15,phase2/results/predictions/full/independent_rms/tcn/seed_43/bandpass_n20002_cLL_V4_covariance_s15.npz,76365,0312af7eb46bca0443164be4cb88047d605b0634e21c2d345b1029adf057eb73
tcn,independent_rms,43,bandpass_n20002_cLL_V4_covariance_s10,phase2/results/predictions/full/independent_rms/tcn/seed_43/bandpass_n20002_cLL_V4_covariance_s10.npz,76311,31c9f8946b7d9fd692d496f76638bf7036d5ed204653b96b7b9675d810951dac
tcn,independent_rms,43,bandpass_n20002_cLL_V4_covariance_s5,phase2/results/predictions/full/independent_rms/tcn/seed_43/bandpass_n20002_cLL_V4_covariance_s5.npz,76178,0c158b97c1429c4eab0c8ef640d305a7f2038ca98a1d329ff5c911f2cce6486f
tcn,independent_rms,43,bandpass_n20002_cLL_V4_covariance_s0,phase2/results/predictions/full/independent_rms/tcn/seed_43/bandpass_n20002_cLL_V4_covariance_s0.npz,75827,c2e67cc47ee8b8af5421bb56f50775dd91254f2d52ba39270441475597d17738
tcn,independent_rms,43,bandpass_n20002_cRA_LA_V1_V6_independent_rms_s20,phase2/results/predictions/full/independent_rms/tcn/seed_43/bandpass_n20002_cRA_LA_V1_V6_independent_rms_s20.npz,76415,7f40aba023657dfc2f379f584941778b30adaac12be9302b73c89d220895086d
tcn,independent_rms,43,bandpass_n20002_cRA_LA_V1_V6_independent_rms_s15,phase2/results/predictions/full/independent_rms/tcn/seed_43/bandpass_n20002_cRA_LA_V1_V6_independent_rms_s15.npz,76402,94e78aa07da7fb50a4f6e89458f941a428516de4f212eb909072c530c788cba7
tcn,independent_rms,43,bandpass_n20002_cRA_LA_V1_V6_independent_rms_s10,phase2/results/predictions/full/independent_rms/tcn/seed_43/bandpass_n20002_cRA_LA_V1_V6_independent_rms_s10.npz,76368,8a34a9fa7f7bc9fbeb50689bedfa140e96eab3517e433c49ec39798f0ba4fc44
tcn,independent_rms,43,bandpass_n20002_cRA_LA_V1_V6_independent_rms_s5,phase2/results/predictions/full/independent_rms/tcn/seed_43/bandpass_n20002_cRA_LA_V1_V6_independent_rms_s5.npz,76212,1c0e693fc611be50967e849c3ead5b57d5a3bdadb1f5d16fabe0d3402367fc36
tcn,independent_rms,43,bandpass_n20002_cRA_LA_V1_V6_independent_rms_s0,phase2/results/predictions/full/independent_rms/tcn/seed_43/bandpass_n20002_cRA_LA_V1_V6_independent_rms_s0.npz,75917,4a9bd397c30d206b48af5652bf82248475b33d64ea25eb1a52d876591fb154f5
tcn,independent_rms,43,bandpass_n20002_cRA_LA_V1_V6_electrode_s20,phase2/results/predictions/full/independent_rms/tcn/seed_43/bandpass_n20002_cRA_LA_V1_V6_electrode_s20.npz,76394,fce86c323f73892df828f84d28c8ac9765e5e6ae2301d46af756acde18373fb1
tcn,independent_rms,43,bandpass_n20002_cRA_LA_V1_V6_electrode_s15,phase2/results/predictions/full/independent_rms/tcn/seed_43/bandpass_n20002_cRA_LA_V1_V6_electrode_s15.npz,76364,580c500c54d22a123ce965bbadf016ba7d19b8586a596fa146f0613f61869083
tcn,independent_rms,43,bandpass_n20002_cRA_LA_V1_V6_electrode_s10,phase2/results/predictions/full/independent_rms/tcn/seed_43/bandpass_n20002_cRA_LA_V1_V6_electrode_s10.npz,76320,9ca22c1b79eab5b2015287a9e759fbf597588346863414f9d4c33f82b8a04814
tcn,independent_rms,43,bandpass_n20002_cRA_LA_V1_V6_electrode_s5,phase2/results/predictions/full/independent_rms/tcn/seed_43/bandpass_n20002_cRA_LA_V1_V6_electrode_s5.npz,76078,3903c716db633206d481bab268a1c23c30efd6f9034c9bb707457adb5de5c78f
tcn,independent_rms,43,bandpass_n20002_cRA_LA_V1_V6_electrode_s0,phase2/results/predictions/full/independent_rms/tcn/seed_43/bandpass_n20002_cRA_LA_V1_V6_electrode_s0.npz,75572,c27cbc18460b3ad72dd10cee7c8baf1db0d1f72141da727062d0376fe3fb462f
tcn,independent_rms,43,bandpass_n20002_cRA_LA_V1_V6_covariance_s20,phase2/results/predictions/full/independent_rms/tcn/seed_43/bandpass_n20002_cRA_LA_V1_V6_covariance_s20.npz,76391,0fc0e166842e037713e69834b9d146495e4884b059d338cac9251470096a5e54
tcn,independent_rms,43,bandpass_n20002_cRA_LA_V1_V6_covariance_s15,phase2/results/predictions/full/independent_rms/tcn/seed_43/bandpass_n20002_cRA_LA_V1_V6_covariance_s15.npz,76357,484be1db5ba8ad9508c65d1fe97937686650e8cee3d5484080926c42eb04f582
tcn,independent_rms,43,bandpass_n20002_cRA_LA_V1_V6_covariance_s10,phase2/results/predictions/full/independent_rms/tcn/seed_43/bandpass_n20002_cRA_LA_V1_V6_covariance_s10.npz,76286,af506c638fa2fe7424b72f68949b80d40011a421dc2fa7151917af561cfe95a1
tcn,independent_rms,43,bandpass_n20002_cRA_LA_V1_V6_covariance_s5,phase2/results/predictions/full/independent_rms/tcn/seed_43/bandpass_n20002_cRA_LA_V1_V6_covariance_s5.npz,76055,8f3f68086d9fa261c2e4649d2416ebcfe439d74ccbdb5bda1b77db3371e96968
tcn,independent_rms,43,bandpass_n20002_cRA_LA_V1_V6_covariance_s0,phase2/results/predictions/full/independent_rms/tcn/seed_43/bandpass_n20002_cRA_LA_V1_V6_covariance_s0.npz,75543,fafd1fc61f6c597b9e5f5f16249a7ea5ece69f55ab89650a5909e65e7a00d9db
tcn,independent_rms,43,bandpass_n20002_cRA_V2_V5_independent_rms_s20,phase2/results/predictions/full/independent_rms/tcn/seed_43/bandpass_n20002_cRA_V2_V5_independent_rms_s20.npz,76398,2d13239433ee7e273222009c94b9eb934236ab0e8212f7f7ca288531d0704587
tcn,independent_rms,43,bandpass_n20002_cRA_V2_V5_independent_rms_s15,phase2/results/predictions/full/independent_rms/tcn/seed_43/bandpass_n20002_cRA_V2_V5_independent_rms_s15.npz,76391,00a46447375fa47fbb4d7717810e2c0c827b33b78b0e229429fcca977f68c522
tcn,independent_rms,43,bandpass_n20002_cRA_V2_V5_independent_rms_s10,phase2/results/predictions/full/independent_rms/tcn/seed_43/bandpass_n20002_cRA_V2_V5_independent_rms_s10.npz,76356,0ff0ded1100b2b9ea159eeb7c637cb42b89b2838050d2d1b14db0e3a3dd2a224
tcn,independent_rms,43,bandpass_n20002_cRA_V2_V5_independent_rms_s5,phase2/results/predictions/full/independent_rms/tcn/seed_43/bandpass_n20002_cRA_V2_V5_independent_rms_s5.npz,76247,6d7bde3b80178653c54f3778f85d1dce4e364cfc51164d20d84fe1faf6ee9ee3
tcn,independent_rms,43,bandpass_n20002_cRA_V2_V5_independent_rms_s0,phase2/results/predictions/full/independent_rms/tcn/seed_43/bandpass_n20002_cRA_V2_V5_independent_rms_s0.npz,75941,f8561dc9f322b8df420013179afdfb55d0aa50a2b88316d111ed67b16b0386a0
tcn,independent_rms,43,bandpass_n20002_cRA_V2_V5_electrode_s20,phase2/results/predictions/full/independent_rms/tcn/seed_43/bandpass_n20002_cRA_V2_V5_electrode_s20.npz,76399,07ccec4c0e4935c2f719fe65973a4dcbd6dac2bef909731e9dca244fb5350311
tcn,independent_rms,43,bandpass_n20002_cRA_V2_V5_electrode_s15,phase2/results/predictions/full/independent_rms/tcn/seed_43/bandpass_n20002_cRA_V2_V5_electrode_s15.npz,76351,80b64b8f87fcaca6dc8c9c48381215806dc3568193af37ad94d61a41ff059fed
tcn,independent_rms,43,bandpass_n20002_cRA_V2_V5_electrode_s10,phase2/results/predictions/full/independent_rms/tcn/seed_43/bandpass_n20002_cRA_V2_V5_electrode_s10.npz,76216,cc1b28293b1c45a5b9104f73a448697b3dc75f8f37554ed867f4f51182f8f650
tcn,independent_rms,43,bandpass_n20002_cRA_V2_V5_electrode_s5,phase2/results/predictions/full/independent_rms/tcn/seed_43/bandpass_n20002_cRA_V2_V5_electrode_s5.npz,76034,f31b650e5035fab5b6c74f750eec8c556f61229499531bc3733eae51a9f6cfb8
tcn,independent_rms,43,bandpass_n20002_cRA_V2_V5_electrode_s0,phase2/results/predictions/full/independent_rms/tcn/seed_43/bandpass_n20002_cRA_V2_V5_electrode_s0.npz,75531,df65cd5797793aadc0c3d6d3083e1cf52133a8bcd77f8f92f4a8d4982751629a
tcn,independent_rms,43,bandpass_n20002_cRA_V2_V5_covariance_s20,phase2/results/predictions/full/independent_rms/tcn/seed_43/bandpass_n20002_cRA_V2_V5_covariance_s20.npz,76392,b5e9272d10212bcc626cf6c3538d59663ab82554046da03e57fa5b5d6ef2b2ce
tcn,independent_rms,43,bandpass_n20002_cRA_V2_V5_covariance_s15,phase2/results/predictions/full/independent_rms/tcn/seed_43/bandpass_n20002_cRA_V2_V5_covariance_s15.npz,76355,9187b3de94e97f32f78ec7a03f76934c280bed68e374a6ec555e2e0e5c975886
tcn,independent_rms,43,bandpass_n20002_cRA_V2_V5_covariance_s10,phase2/results/predictions/full/independent_rms/tcn/seed_43/bandpass_n20002_cRA_V2_V5_covariance_s10.npz,76242,6be474ed1b5f16bc51fe5ad51dbf5ce1cd56366bd2f44af5f9c4932d5979f8aa
tcn,independent_rms,43,bandpass_n20002_cRA_V2_V5_covariance_s5,phase2/results/predictions/full/independent_rms/tcn/seed_43/bandpass_n20002_cRA_V2_V5_covariance_s5.npz,76057,a7086b47a3aea226f40b9d99a4bd488a6a05af3ac5302f17f8ed93799e7341b5
tcn,independent_rms,43,bandpass_n20002_cRA_V2_V5_covariance_s0,phase2/results/predictions/full/independent_rms/tcn/seed_43/bandpass_n20002_cRA_V2_V5_covariance_s0.npz,75536,4df21d0cd349885914322635cefa8ddc38db1d86940d225a5a26d9bb2350b250
tcn,independent_rms,43,bandpass_n20002_cLA_V3_V6_independent_rms_s20,phase2/results/predictions/full/independent_rms/tcn/seed_43/bandpass_n20002_cLA_V3_V6_independent_rms_s20.npz,76418,d860ffafadd854928bd7b43efbf9501647ea2b1d3e22c628fe923aa2e9a66d28
tcn,independent_rms,43,bandpass_n20002_cLA_V3_V6_independent_rms_s15,phase2/results/predictions/full/independent_rms/tcn/seed_43/bandpass_n20002_cLA_V3_V6_independent_rms_s15.npz,76418,43f26071ce0fdd7018a04ad26de61b31d680de2be7b5865f9f71bd698b582b2b
tcn,independent_rms,43,bandpass_n20002_cLA_V3_V6_independent_rms_s10,phase2/results/predictions/full/independent_rms/tcn/seed_43/bandpass_n20002_cLA_V3_V6_independent_rms_s10.npz,76378,875a93b72c40c56bfd4c0d1e70c4e59c7ea87a0e9f57c8fe921f3fc52173f0c4
tcn,independent_rms,43,bandpass_n20002_cLA_V3_V6_independent_rms_s5,phase2/results/predictions/full/independent_rms/tcn/seed_43/bandpass_n20002_cLA_V3_V6_independent_rms_s5.npz,76280,b7491acc15c61962fb9d7855886542dcfede1a5a358c519ad92e418ca9482731
tcn,independent_rms,43,bandpass_n20002_cLA_V3_V6_independent_rms_s0,phase2/results/predictions/full/independent_rms/tcn/seed_43/bandpass_n20002_cLA_V3_V6_independent_rms_s0.npz,75967,77e143017b42ce64d5564b27dbbe8ec4536a306cbf37a9faed90c6147715a961
tcn,independent_rms,43,bandpass_n20002_cLA_V3_V6_electrode_s20,phase2/results/predictions/full/independent_rms/tcn/seed_43/bandpass_n20002_cLA_V3_V6_electrode_s20.npz,76391,cc133d095b451e007e8cc50487605a0ad5e717c0ea0d7edcabae9f78f6946e9a
tcn,independent_rms,43,bandpass_n20002_cLA_V3_V6_electrode_s15,phase2/results/predictions/full/independent_rms/tcn/seed_43/bandpass_n20002_cLA_V3_V6_electrode_s15.npz,76370,b27bbe696c77ba3b5f671608a09f033e374d8b6a7f9e292949621785b1f9e5b6
tcn,independent_rms,43,bandpass_n20002_cLA_V3_V6_electrode_s10,phase2/results/predictions/full/independent_rms/tcn/seed_43/bandpass_n20002_cLA_V3_V6_electrode_s10.npz,76334,a352a7917f23e8ea0d3322fbc9f660300109ede6d3ed7d36a75d3d0d8e257980
tcn,independent_rms,43,bandpass_n20002_cLA_V3_V6_electrode_s5,phase2/results/predictions/full/independent_rms/tcn/seed_43/bandpass_n20002_cLA_V3_V6_electrode_s5.npz,76158,d771ba4344c0ad0a8cf1a983f537d35e1ac4fc3c3e943d52ec525e7522f58339
tcn,independent_rms,43,bandpass_n20002_cLA_V3_V6_electrode_s0,phase2/results/predictions/full/independent_rms/tcn/seed_43/bandpass_n20002_cLA_V3_V6_electrode_s0.npz,75791,8a0e82abdeae9e2c7977b35046bd0e8b3197c813cde9f742f8dc878e124af22c
tcn,independent_rms,43,bandpass_n20002_cLA_V3_V6_covariance_s20,phase2/results/predictions/full/independent_rms/tcn/seed_43/bandpass_n20002_cLA_V3_V6_covariance_s20.npz,76400,5b4e4c275d2e547b24197b5544bfdb0147b549b77af3f5f9997a0c7d3cafa12b
tcn,independent_rms,43,bandpass_n20002_cLA_V3_V6_covariance_s15,phase2/results/predictions/full/independent_rms/tcn/seed_43/bandpass_n20002_cLA_V3_V6_covariance_s15.npz,76416,c1c7036e89b2e77e750d438e41546c68989ac0394e6ce91ba92dc23c4c1c577e
tcn,independent_rms,43,bandpass_n20002_cLA_V3_V6_covariance_s10,phase2/results/predictions/full/independent_rms/tcn/seed_43/bandpass_n20002_cLA_V3_V6_covariance_s10.npz,76319,bca9a1ce532c268eca1c7423caeae26d5dd46309ea7c2dfc06ea7e4822fe3802
tcn,independent_rms,43,bandpass_n20002_cLA_V3_V6_covariance_s5,phase2/results/predictions/full/independent_rms/tcn/seed_43/bandpass_n20002_cLA_V3_V6_covariance_s5.npz,76193,68790104da503683c707c8353a4531d00862c61060f156f8829e5596406a8eb8
tcn,independent_rms,43,bandpass_n20002_cLA_V3_V6_covariance_s0,phase2/results/predictions/full/independent_rms/tcn/seed_43/bandpass_n20002_cLA_V3_V6_covariance_s0.npz,75830,6ef955ba5aa8de2bd5ec26628a08d8cb66206e61c1dc284d21e4ee10e655412e
tcn,independent_rms,43,bandpass_n20002_cLL_V1_V4_independent_rms_s20,phase2/results/predictions/full/independent_rms/tcn/seed_43/bandpass_n20002_cLL_V1_V4_independent_rms_s20.npz,76395,77e339b3b3a30ffc6008a6072e5ae575a327ad70f46acd2d2cbb2c2dc4ee807f
tcn,independent_rms,43,bandpass_n20002_cLL_V1_V4_independent_rms_s15,phase2/results/predictions/full/independent_rms/tcn/seed_43/bandpass_n20002_cLL_V1_V4_independent_rms_s15.npz,76385,ebb8be8dfb7963e0064087b485990b1df2395965117acad64aca823a8c72e545
tcn,independent_rms,43,bandpass_n20002_cLL_V1_V4_independent_rms_s10,phase2/results/predictions/full/independent_rms/tcn/seed_43/bandpass_n20002_cLL_V1_V4_independent_rms_s10.npz,76330,49541796514b02da2071900cc90c4c3d776bec19c402fadc996611fc78d2a60c
tcn,independent_rms,43,bandpass_n20002_cLL_V1_V4_independent_rms_s5,phase2/results/predictions/full/independent_rms/tcn/seed_43/bandpass_n20002_cLL_V1_V4_independent_rms_s5.npz,76254,819e795f7b1a6a03cd687a24078dccdc7625c620cd58f382d03c04ffc0aadb3c
tcn,independent_rms,43,bandpass_n20002_cLL_V1_V4_independent_rms_s0,phase2/results/predictions/full/independent_rms/tcn/seed_43/bandpass_n20002_cLL_V1_V4_independent_rms_s0.npz,75954,b28bcb44ec2ec1a2323a39679261af5d28332791f98452a5ce70657b4e0eac47
tcn,independent_rms,43,bandpass_n20002_cLL_V1_V4_electrode_s20,phase2/results/predictions/full/independent_rms/tcn/seed_43/bandpass_n20002_cLL_V1_V4_electrode_s20.npz,76390,33fc7f4bb735cde4d5c5f96d0039adc275212be0c4143d78cb633de549e87d7e
tcn,independent_rms,43,bandpass_n20002_cLL_V1_V4_electrode_s15,phase2/results/predictions/full/independent_rms/tcn/seed_43/bandpass_n20002_cLL_V1_V4_electrode_s15.npz,76353,c507057e5fadc75f22cd40140c77e6b3c1e4bb8ec64af3d270fba0a2fb693e8f
tcn,independent_rms,43,bandpass_n20002_cLL_V1_V4_electrode_s10,phase2/results/predictions/full/independent_rms/tcn/seed_43/bandpass_n20002_cLL_V1_V4_electrode_s10.npz,76293,0273f3373310afb9cb191f9a0a06895d4adffb2c0044f496192527fa9c07fbb4
tcn,independent_rms,43,bandpass_n20002_cLL_V1_V4_electrode_s5,phase2/results/predictions/full/independent_rms/tcn/seed_43/bandpass_n20002_cLL_V1_V4_electrode_s5.npz,76150,cf7857be94ec4efd1d0e31bd18f86dce4adb944c5a652a2cb99607d9fc483d44
tcn,independent_rms,43,bandpass_n20002_cLL_V1_V4_electrode_s0,phase2/results/predictions/full/independent_rms/tcn/seed_43/bandpass_n20002_cLL_V1_V4_electrode_s0.npz,75825,85e7847be3c87cc72c07452a8e8f7fcf87760cb82af7288cdabca7b315822c97
tcn,independent_rms,43,bandpass_n20002_cLL_V1_V4_covariance_s20,phase2/results/predictions/full/independent_rms/tcn/seed_43/bandpass_n20002_cLL_V1_V4_covariance_s20.npz,76399,2606ced31b1de36c9ee8291c1b11bb9b91c53dbc083a8d992e6fe8cb9d02755b
tcn,independent_rms,43,bandpass_n20002_cLL_V1_V4_covariance_s15,phase2/results/predictions/full/independent_rms/tcn/seed_43/bandpass_n20002_cLL_V1_V4_covariance_s15.npz,76368,92bf039c7402cd5dbba126a9094ef404e1df6abf576ab992b9e20c2b8e531fbf
tcn,independent_rms,43,bandpass_n20002_cLL_V1_V4_covariance_s10,phase2/results/predictions/full/independent_rms/tcn/seed_43/bandpass_n20002_cLL_V1_V4_covariance_s10.npz,76305,9e93267169ea855388b0747643d7dfcf7763b5e103b2ee1607543f3a8e58f6d5
tcn,independent_rms,43,bandpass_n20002_cLL_V1_V4_covariance_s5,phase2/results/predictions/full/independent_rms/tcn/seed_43/bandpass_n20002_cLL_V1_V4_covariance_s5.npz,76145,ed2a0107082022c9dec156eb435849d8198dc65c5d2fd795d777998979e383df
tcn,independent_rms,43,bandpass_n20002_cLL_V1_V4_covariance_s0,phase2/results/predictions/full/independent_rms/tcn/seed_43/bandpass_n20002_cLL_V1_V4_covariance_s0.npz,75783,dccda774de28d01875c19cd1b180bd7e3b03b6a792540809786abe21022bf7fc
tcn,independent_rms,43,bandpass_n20002_call_independent_rms_s20,phase2/results/predictions/full/independent_rms/tcn/seed_43/bandpass_n20002_call_independent_rms_s20.npz,76374,bfeef1e3e5c096137418350937216a2efb7f4b6d8d796dd7c6b25c492f7df924
tcn,independent_rms,43,bandpass_n20002_call_independent_rms_s15,phase2/results/predictions/full/independent_rms/tcn/seed_43/bandpass_n20002_call_independent_rms_s15.npz,76376,45453c866be967ae189a0f83d9347cce73d0465e4239b20a5168b089060d9cfe
tcn,independent_rms,43,bandpass_n20002_call_independent_rms_s10,phase2/results/predictions/full/independent_rms/tcn/seed_43/bandpass_n20002_call_independent_rms_s10.npz,76314,0cf2c018b3e7346fd11d94f388bf92652633c2127bcd050ef8e3e8ef9cbb0204
tcn,independent_rms,43,bandpass_n20002_call_independent_rms_s5,phase2/results/predictions/full/independent_rms/tcn/seed_43/bandpass_n20002_call_independent_rms_s5.npz,76185,e3574628374c2f259c04348a9050ea9fc7d1f4e17009a35e1e2e5c42e8d43e26
tcn,independent_rms,43,bandpass_n20002_call_independent_rms_s0,phase2/results/predictions/full/independent_rms/tcn/seed_43/bandpass_n20002_call_independent_rms_s0.npz,75897,70fe6e80394b624b4a669d030ab16f495515de50c7062b800f7727e2576c1f1f
tcn,independent_rms,43,bandpass_n20002_call_electrode_s20,phase2/results/predictions/full/independent_rms/tcn/seed_43/bandpass_n20002_call_electrode_s20.npz,76368,0dec050dd3b1715ef70e879d2f94f32f27ace643ab497d4fa5f9db45bce293c8
tcn,independent_rms,43,bandpass_n20002_call_electrode_s15,phase2/results/predictions/full/independent_rms/tcn/seed_43/bandpass_n20002_call_electrode_s15.npz,76347,a87eb00de78274fd8d293802a2d9cd30f05878b47b942b333f5f6e0501111d64
tcn,independent_rms,43,bandpass_n20002_call_electrode_s10,phase2/results/predictions/full/independent_rms/tcn/seed_43/bandpass_n20002_call_electrode_s10.npz,76241,40ccf11fb8051ed2f1efba545c46d530ada854dfa708fa5a8f9aaae9cabd75cb
tcn,independent_rms,43,bandpass_n20002_call_electrode_s5,phase2/results/predictions/full/independent_rms/tcn/seed_43/bandpass_n20002_call_electrode_s5.npz,76062,69578cca6149e449c0fb3d499b8b63937d59a3c3c6755ad334bf38942e216f89
tcn,independent_rms,43,bandpass_n20002_call_electrode_s0,phase2/results/predictions/full/independent_rms/tcn/seed_43/bandpass_n20002_call_electrode_s0.npz,75595,cd53ff0058e4fbccc63a2c044ee7ef3e863bf631a0126c5ff5896dcd2011cabb
tcn,independent_rms,43,bandpass_n20002_call_covariance_s20,phase2/results/predictions/full/independent_rms/tcn/seed_43/bandpass_n20002_call_covariance_s20.npz,76368,d2b590c33ac5bbc5f6b02f7de6c847fcf5043f6264c4cb8a96e796b92ea1b5d2
tcn,independent_rms,43,bandpass_n20002_call_covariance_s15,phase2/results/predictions/full/independent_rms/tcn/seed_43/bandpass_n20002_call_covariance_s15.npz,76331,08a9d65ca9cdf90804915367e600b04bf5b4a11d92cc94a0585623a041a66062
tcn,independent_rms,43,bandpass_n20002_call_covariance_s10,phase2/results/predictions/full/independent_rms/tcn/seed_43/bandpass_n20002_call_covariance_s10.npz,76259,62edc82b44a27f5f85b66a3ff18ca04dd7ee349910c6adf27d1290898311eba3
tcn,independent_rms,43,bandpass_n20002_call_covariance_s5,phase2/results/predictions/full/independent_rms/tcn/seed_43/bandpass_n20002_call_covariance_s5.npz,76088,8f481c5b04b59886142f31ef5683480091227fc296bf5deb7f1cf81d507f2676
tcn,independent_rms,43,bandpass_n20002_call_covariance_s0,phase2/results/predictions/full/independent_rms/tcn/seed_43/bandpass_n20002_call_covariance_s0.npz,75592,7564609128419a10d8fd9fe9a670e77f0470173a9d738d39a9bc7fc38ea1152e
tcn,independent_rms,43,bandpass_n20003_cRA_LA_LL_independent_rms_s20,phase2/results/predictions/full/independent_rms/tcn/seed_43/bandpass_n20003_cRA_LA_LL_independent_rms_s20.npz,76385,326356dd9f5b9bb3a80d524562c6ea887d077fb8ec96e21d30e0d895357717f1
tcn,independent_rms,43,bandpass_n20003_cRA_LA_LL_independent_rms_s15,phase2/results/predictions/full/independent_rms/tcn/seed_43/bandpass_n20003_cRA_LA_LL_independent_rms_s15.npz,76413,7f0957e0f9b19a4e43e9167dca1e381059596a7ae7628fd3cc342f393fc4794d
tcn,independent_rms,43,bandpass_n20003_cRA_LA_LL_independent_rms_s10,phase2/results/predictions/full/independent_rms/tcn/seed_43/bandpass_n20003_cRA_LA_LL_independent_rms_s10.npz,76345,a81b3cdd48ef50ea38d903be4881d4064139dcd38f4215e8f1bd514ef6d8758f
tcn,independent_rms,43,bandpass_n20003_cRA_LA_LL_independent_rms_s5,phase2/results/predictions/full/independent_rms/tcn/seed_43/bandpass_n20003_cRA_LA_LL_independent_rms_s5.npz,76206,68e6b1a8f612dd91082404e8c969af89cea5bc2ff8e991631ebc80ff7a7310eb
tcn,independent_rms,43,bandpass_n20003_cRA_LA_LL_independent_rms_s0,phase2/results/predictions/full/independent_rms/tcn/seed_43/bandpass_n20003_cRA_LA_LL_independent_rms_s0.npz,75913,7b86195e16d3d97fd594481d4415a4dfabbe5156ee6efeb27f6d74625a14619a
tcn,independent_rms,43,bandpass_n20003_cRA_LA_LL_electrode_s20,phase2/results/predictions/full/independent_rms/tcn/seed_43/bandpass_n20003_cRA_LA_LL_electrode_s20.npz,76393,ada6be1e23e6b12e474d64c0f620f924f132c29bd7d667935ff5af10d0159832
tcn,independent_rms,43,bandpass_n20003_cRA_LA_LL_electrode_s15,phase2/results/predictions/full/independent_rms/tcn/seed_43/bandpass_n20003_cRA_LA_LL_electrode_s15.npz,76360,89f0c1200b7aa52dbbfc27e8e6e0ea58cff55f36caae66fbb0318467c4f58ee7
tcn,independent_rms,43,bandpass_n20003_cRA_LA_LL_electrode_s10,phase2/results/predictions/full/independent_rms/tcn/seed_43/bandpass_n20003_cRA_LA_LL_electrode_s10.npz,76250,0ab58d85001d1e2deea16aae3b9cc196cb3de637156c2de9dc16f18a88faffcb
tcn,independent_rms,43,bandpass_n20003_cRA_LA_LL_electrode_s5,phase2/results/predictions/full/independent_rms/tcn/seed_43/bandpass_n20003_cRA_LA_LL_electrode_s5.npz,75998,a96d26b59ff2a3c14fc29f833146d9cc469ed22823f8d206adbd46418f53b2e6
tcn,independent_rms,43,bandpass_n20003_cRA_LA_LL_electrode_s0,phase2/results/predictions/full/independent_rms/tcn/seed_43/bandpass_n20003_cRA_LA_LL_electrode_s0.npz,75542,ceb947246e438a3dc7b92a2a182eb87456c26c2eb616a09458babbf95cc4ba73
tcn,independent_rms,43,bandpass_n20003_cRA_LA_LL_covariance_s20,phase2/results/predictions/full/independent_rms/tcn/seed_43/bandpass_n20003_cRA_LA_LL_covariance_s20.npz,76386,29f2744f4b71fc69fe1b23e988fd65e8d3a39a616f0f275af7a54e81169cd178
tcn,independent_rms,43,bandpass_n20003_cRA_LA_LL_covariance_s15,phase2/results/predictions/full/independent_rms/tcn/seed_43/bandpass_n20003_cRA_LA_LL_covariance_s15.npz,76344,42e723c172a7cac02a9a49ece2078f23d3f5808d47449c02515485c4a3263150
tcn,independent_rms,43,bandpass_n20003_cRA_LA_LL_covariance_s10,phase2/results/predictions/full/independent_rms/tcn/seed_43/bandpass_n20003_cRA_LA_LL_covariance_s10.npz,76253,1b3deb2fe408398fb9faa423e87a8a9a7d87250073b3354169f285553ab97377
tcn,independent_rms,43,bandpass_n20003_cRA_LA_LL_covariance_s5,phase2/results/predictions/full/independent_rms/tcn/seed_43/bandpass_n20003_cRA_LA_LL_covariance_s5.npz,76030,dfcb1e6fba10c3ab2eefbe708e05a6012b42c84d096a28d64f7e1034e20ebbf9
tcn,independent_rms,43,bandpass_n20003_cRA_LA_LL_covariance_s0,phase2/results/predictions/full/independent_rms/tcn/seed_43/bandpass_n20003_cRA_LA_LL_covariance_s0.npz,75513,eca2008907b136309bb7faf8d398e4e6f3082521729d443f2a98c2a5186caa41
tcn,independent_rms,43,bandpass_n20003_cV1_independent_rms_s20,phase2/results/predictions/full/independent_rms/tcn/seed_43/bandpass_n20003_cV1_independent_rms_s20.npz,76364,dcf9e7f3969cc9361a4d96eb0ad3cc69a7424cfdf87ae85951112d0678e4d571
tcn,independent_rms,43,bandpass_n20003_cV1_independent_rms_s15,phase2/results/predictions/full/independent_rms/tcn/seed_43/bandpass_n20003_cV1_independent_rms_s15.npz,76342,6535f455822409b926262786b57200f6330eaa702c138829c92c1aec78c61f3b
tcn,independent_rms,43,bandpass_n20003_cV1_independent_rms_s10,phase2/results/predictions/full/independent_rms/tcn/seed_43/bandpass_n20003_cV1_independent_rms_s10.npz,76283,3147ffb8581a791c3e9093325926a20a89e2142d894087d7b719f7371327aa09
tcn,independent_rms,43,bandpass_n20003_cV1_independent_rms_s5,phase2/results/predictions/full/independent_rms/tcn/seed_43/bandpass_n20003_cV1_independent_rms_s5.npz,76180,ee3e1dd65a410ae5058f4cd45c89c47e07f09c458066a7281b988044ae6d2db8
tcn,independent_rms,43,bandpass_n20003_cV1_independent_rms_s0,phase2/results/predictions/full/independent_rms/tcn/seed_43/bandpass_n20003_cV1_independent_rms_s0.npz,75911,c375381d1faa50a176f2af75bcc6665dd4c398ec65ebb81db5c2c4f60dcf20cb
tcn,independent_rms,43,bandpass_n20003_cV1_electrode_s20,phase2/results/predictions/full/independent_rms/tcn/seed_43/bandpass_n20003_cV1_electrode_s20.npz,76369,a864a54fe461a262c70ce2461ac8745a18a79499b3025257c40f382265328a9f
tcn,independent_rms,43,bandpass_n20003_cV1_electrode_s15,phase2/results/predictions/full/independent_rms/tcn/seed_43/bandpass_n20003_cV1_electrode_s15.npz,76371,9a40044b0bebf9ce87107bf271be2cdcbea23f63badff273050ec23234adcdcf
tcn,independent_rms,43,bandpass_n20003_cV1_electrode_s10,phase2/results/predictions/full/independent_rms/tcn/seed_43/bandpass_n20003_cV1_electrode_s10.npz,76325,1916298e841464746c070b7b53ea4c5a54f6fb7266652ccacfaa4e3ba3e3eb0c
tcn,independent_rms,43,bandpass_n20003_cV1_electrode_s5,phase2/results/predictions/full/independent_rms/tcn/seed_43/bandpass_n20003_cV1_electrode_s5.npz,76197,592b628fe4de7ef235288c78e421043e46f76892e12f568c668e6d2b1e8aeea5
tcn,independent_rms,43,bandpass_n20003_cV1_electrode_s0,phase2/results/predictions/full/independent_rms/tcn/seed_43/bandpass_n20003_cV1_electrode_s0.npz,75854,fbaf80a18082a04efde057d9ae1ef40597bdbc9e20c710d55116021fd0648de5
tcn,independent_rms,43,bandpass_n20003_cV1_covariance_s20,phase2/results/predictions/full/independent_rms/tcn/seed_43/bandpass_n20003_cV1_covariance_s20.npz,76376,bbd7b22f77db41abde82f1ff3b0469f216f94aadc58416b2f3160282dc831fd0
tcn,independent_rms,43,bandpass_n20003_cV1_covariance_s15,phase2/results/predictions/full/independent_rms/tcn/seed_43/bandpass_n20003_cV1_covariance_s15.npz,76363,dc1bc9e04626695df5c233491f6780f2738daad87223bbc5f343b70cca5e0927
tcn,independent_rms,43,bandpass_n20003_cV1_covariance_s10,phase2/results/predictions/full/independent_rms/tcn/seed_43/bandpass_n20003_cV1_covariance_s10.npz,76298,5c4f49fb67f95c242c50c09e1280ccd016ae826e1bffa83483d704ad35b183f3
tcn,independent_rms,43,bandpass_n20003_cV1_covariance_s5,phase2/results/predictions/full/independent_rms/tcn/seed_43/bandpass_n20003_cV1_covariance_s5.npz,76151,3c89b233346a9d10784e2b073e744ff1fd82005bb49f2bef85ac9fb7036f8925
tcn,independent_rms,43,bandpass_n20003_cV1_covariance_s0,phase2/results/predictions/full/independent_rms/tcn/seed_43/bandpass_n20003_cV1_covariance_s0.npz,75878,00f88f613485388176a388a687ba09889605a914bb203be0ab76717f7ef15aa2
tcn,independent_rms,43,bandpass_n20003_cV2_independent_rms_s20,phase2/results/predictions/full/independent_rms/tcn/seed_43/bandpass_n20003_cV2_independent_rms_s20.npz,76406,489b0c424e0a1e92e9d145e63951bb080867a36203f5223ea10d42db4bc3ed2f
tcn,independent_rms,43,bandpass_n20003_cV2_independent_rms_s15,phase2/results/predictions/full/independent_rms/tcn/seed_43/bandpass_n20003_cV2_independent_rms_s15.npz,76371,225801368c78cffb44fce53b5dc433ec7ff27d8bc4040a9ce10194a7c05bfaf4
tcn,independent_rms,43,bandpass_n20003_cV2_independent_rms_s10,phase2/results/predictions/full/independent_rms/tcn/seed_43/bandpass_n20003_cV2_independent_rms_s10.npz,76370,a4897f1490c18003da28e777f4d009dee1dde75991b074af0f386bf40c4a2d92
tcn,independent_rms,43,bandpass_n20003_cV2_independent_rms_s5,phase2/results/predictions/full/independent_rms/tcn/seed_43/bandpass_n20003_cV2_independent_rms_s5.npz,76177,20f773fe743d14990d3738f43b10f59df37c8a45fc24f4cd42e7f21766f06428
tcn,independent_rms,43,bandpass_n20003_cV2_independent_rms_s0,phase2/results/predictions/full/independent_rms/tcn/seed_43/bandpass_n20003_cV2_independent_rms_s0.npz,75958,0373b915a0eddcb58d739763ec0c22b936fcf9c22803366e29b50b2629d62ff0
tcn,independent_rms,43,bandpass_n20003_cV2_electrode_s20,phase2/results/predictions/full/independent_rms/tcn/seed_43/bandpass_n20003_cV2_electrode_s20.npz,76365,af5cabe27fdb9bd26307ae4870b351d7a1d8da694fb4477803266e6f6a479208
tcn,independent_rms,43,bandpass_n20003_cV2_electrode_s15,phase2/results/predictions/full/independent_rms/tcn/seed_43/bandpass_n20003_cV2_electrode_s15.npz,76361,02a4ae581da84ac2177da7714aa75c506d806656394f426fcb33399ac239b257
tcn,independent_rms,43,bandpass_n20003_cV2_electrode_s10,phase2/results/predictions/full/independent_rms/tcn/seed_43/bandpass_n20003_cV2_electrode_s10.npz,76325,5c37a036462a01e27a4db1163d7af038f4b2d9a0d13ac52cec12c367bd8a4314
tcn,independent_rms,43,bandpass_n20003_cV2_electrode_s5,phase2/results/predictions/full/independent_rms/tcn/seed_43/bandpass_n20003_cV2_electrode_s5.npz,76218,d67cbbdc20605575d5607822633382e944d31ce5df5453726d0303ba28de5e56
tcn,independent_rms,43,bandpass_n20003_cV2_electrode_s0,phase2/results/predictions/full/independent_rms/tcn/seed_43/bandpass_n20003_cV2_electrode_s0.npz,75962,d56c3972e2c628644fc31460fa83c0cd88a391711ccab6af4d90d48ca1c8ae98
tcn,independent_rms,43,bandpass_n20003_cV2_covariance_s20,phase2/results/predictions/full/independent_rms/tcn/seed_43/bandpass_n20003_cV2_covariance_s20.npz,76375,38ffd678b963da34cd5e5210e9e8c6ef2ef235c1c7e2954e51ef489cd4f4c3fd
tcn,independent_rms,43,bandpass_n20003_cV2_covariance_s15,phase2/results/predictions/full/independent_rms/tcn/seed_43/bandpass_n20003_cV2_covariance_s15.npz,76383,7bc13c82dd5a748e1a59558de8595ac5df6e65f603925a846131c71309f10658
tcn,independent_rms,43,bandpass_n20003_cV2_covariance_s10,phase2/results/predictions/full/independent_rms/tcn/seed_43/bandpass_n20003_cV2_covariance_s10.npz,76339,1cdf3888e7b5ce6e01883b88e0f1ee596cd9f1ca2fcffb919dd49812883c3ec4
tcn,independent_rms,43,bandpass_n20003_cV2_covariance_s5,phase2/results/predictions/full/independent_rms/tcn/seed_43/bandpass_n20003_cV2_covariance_s5.npz,76210,98de85d31c96b10bee1643ecb45fd0b0aa8c700df80703919dce594de6632a6d
tcn,independent_rms,43,bandpass_n20003_cV2_covariance_s0,phase2/results/predictions/full/independent_rms/tcn/seed_43/bandpass_n20003_cV2_covariance_s0.npz,75955,b4b4c8e97705198d933bdd03847e2eb1f22a2aa6ac07f3d33915e947700ce420
tcn,independent_rms,43,bandpass_n20003_cV3_independent_rms_s20,phase2/results/predictions/full/independent_rms/tcn/seed_43/bandpass_n20003_cV3_independent_rms_s20.npz,76354,a6a2ad84006eda1af9044edcd0b0bf9ac63a527945a555737cf297ad90e178c0
tcn,independent_rms,43,bandpass_n20003_cV3_independent_rms_s15,phase2/results/predictions/full/independent_rms/tcn/seed_43/bandpass_n20003_cV3_independent_rms_s15.npz,76380,523bae69f5c9c85e2e5f634e90fb06d33ccd668fb5667836e96da895f4e0f5c4
tcn,independent_rms,43,bandpass_n20003_cV3_independent_rms_s10,phase2/results/predictions/full/independent_rms/tcn/seed_43/bandpass_n20003_cV3_independent_rms_s10.npz,76359,eff2a6a44d72512e63157036b493f3963f2a23c2b4507af657e4f4ba3524f9e6
tcn,independent_rms,43,bandpass_n20003_cV3_independent_rms_s5,phase2/results/predictions/full/independent_rms/tcn/seed_43/bandpass_n20003_cV3_independent_rms_s5.npz,76323,ea22f9158bca9ffda8bd0c1d91755d2008a1fc15f0888f9894d9e8bfed44715e
tcn,independent_rms,43,bandpass_n20003_cV3_independent_rms_s0,phase2/results/predictions/full/independent_rms/tcn/seed_43/bandpass_n20003_cV3_independent_rms_s0.npz,76165,af25cdbf79af5efc32980563fd7a26a6176e745946e9ccb88ceea702ab3a301c
tcn,independent_rms,43,bandpass_n20003_cV3_electrode_s20,phase2/results/predictions/full/independent_rms/tcn/seed_43/bandpass_n20003_cV3_electrode_s20.npz,76379,5f9835820708ddc00823e943918e6c64ad7c95c6792f13d642bcb7f2110bfe6e
tcn,independent_rms,43,bandpass_n20003_cV3_electrode_s15,phase2/results/predictions/full/independent_rms/tcn/seed_43/bandpass_n20003_cV3_electrode_s15.npz,76405,e4fc0972db5b4c261b56644dd2b98a09c4f5f8ad79291d81e147de28a3c3e208
tcn,independent_rms,43,bandpass_n20003_cV3_electrode_s10,phase2/results/predictions/full/independent_rms/tcn/seed_43/bandpass_n20003_cV3_electrode_s10.npz,76359,776f057ba29cf5a6943c3a86eb0a62081a0d58a4a424d756c2b13bce420bb130
tcn,independent_rms,43,bandpass_n20003_cV3_electrode_s5,phase2/results/predictions/full/independent_rms/tcn/seed_43/bandpass_n20003_cV3_electrode_s5.npz,76323,97519f6c9bab4a43348f3bdd394e9e620007544c97be2c39a893c993b9b915a3
tcn,independent_rms,43,bandpass_n20003_cV3_electrode_s0,phase2/results/predictions/full/independent_rms/tcn/seed_43/bandpass_n20003_cV3_electrode_s0.npz,76148,30868799a338eb7f9a0bf9f7164bd68c2673ba47791c73ee907590b284b60c94
tcn,independent_rms,43,bandpass_n20003_cV3_covariance_s20,phase2/results/predictions/full/independent_rms/tcn/seed_43/bandpass_n20003_cV3_covariance_s20.npz,76368,eccc595e3cfdeb85fb85fe149d300a6542628b3272c5de2396fb20e9c3ca726f
tcn,independent_rms,43,bandpass_n20003_cV3_covariance_s15,phase2/results/predictions/full/independent_rms/tcn/seed_43/bandpass_n20003_cV3_covariance_s15.npz,76394,ffc33464570f056fa1c2926dd88b421bf52cbd2cc9daf08f1446314e550a18a0
tcn,independent_rms,43,bandpass_n20003_cV3_covariance_s10,phase2/results/predictions/full/independent_rms/tcn/seed_43/bandpass_n20003_cV3_covariance_s10.npz,76365,5c12e7bab95a7d861a36de1cd850f2c51cb171105bb52f6f61ff1d021d95c4ef
tcn,independent_rms,43,bandpass_n20003_cV3_covariance_s5,phase2/results/predictions/full/independent_rms/tcn/seed_43/bandpass_n20003_cV3_covariance_s5.npz,76277,1f28ca69e8e867eca5d134cb2aca90b20df68853bd4cad5af9ffda889a1c6bda
tcn,independent_rms,43,bandpass_n20003_cV3_covariance_s0,phase2/results/predictions/full/independent_rms/tcn/seed_43/bandpass_n20003_cV3_covariance_s0.npz,76140,f564477a1b63090accda37d64e5813e0fd70c9f07f81fc70b6f924be6b6bcbf8
tcn,independent_rms,43,bandpass_n20003_cV4_independent_rms_s20,phase2/results/predictions/full/independent_rms/tcn/seed_43/bandpass_n20003_cV4_independent_rms_s20.npz,76368,d71340d042500163842103e72b1582489530de6804ae1ff3930643426833637b
tcn,independent_rms,43,bandpass_n20003_cV4_independent_rms_s15,phase2/results/predictions/full/independent_rms/tcn/seed_43/bandpass_n20003_cV4_independent_rms_s15.npz,76356,f00e0acf54f746dcc193a40ca18ceadc2de3c547c86a43a6b567d11d62a9aeba
tcn,independent_rms,43,bandpass_n20003_cV4_independent_rms_s10,phase2/results/predictions/full/independent_rms/tcn/seed_43/bandpass_n20003_cV4_independent_rms_s10.npz,76343,91caa9082ff159ff7a74715d8f5bee1f979200f68c1f0c3e3e4133d68c38ebe4
tcn,independent_rms,43,bandpass_n20003_cV4_independent_rms_s5,phase2/results/predictions/full/independent_rms/tcn/seed_43/bandpass_n20003_cV4_independent_rms_s5.npz,76263,be13dd97437ffde484a35e06d39e2b7d9bb451d2dfaef90e338a78103ff9e762
tcn,independent_rms,43,bandpass_n20003_cV4_independent_rms_s0,phase2/results/predictions/full/independent_rms/tcn/seed_43/bandpass_n20003_cV4_independent_rms_s0.npz,76082,f8cc885cb25bea39673c28c123c093ddcbfc5281003c01cd16ff4b4319aba64f
tcn,independent_rms,43,bandpass_n20003_cV4_electrode_s20,phase2/results/predictions/full/independent_rms/tcn/seed_43/bandpass_n20003_cV4_electrode_s20.npz,76354,582a14fcd0d56696e657f95d1918037627b08690c443d9a7397640118b0bc306
tcn,independent_rms,43,bandpass_n20003_cV4_electrode_s15,phase2/results/predictions/full/independent_rms/tcn/seed_43/bandpass_n20003_cV4_electrode_s15.npz,76346,1d16a875db27f4034dba272662d0f87d4e46da9d6a949a23ae2085d5a067ac6a
tcn,independent_rms,43,bandpass_n20003_cV4_electrode_s10,phase2/results/predictions/full/independent_rms/tcn/seed_43/bandpass_n20003_cV4_electrode_s10.npz,76349,8d8e647d8f8ce980d2fce0e1b9430b48a5bf35a2e2983b65ea1c3f971a189051
tcn,independent_rms,43,bandpass_n20003_cV4_electrode_s5,phase2/results/predictions/full/independent_rms/tcn/seed_43/bandpass_n20003_cV4_electrode_s5.npz,76272,cf8792828581992f2b58058a95ad61c5dc209c9fe15646b960e1e7aeb51ab267
tcn,independent_rms,43,bandpass_n20003_cV4_electrode_s0,phase2/results/predictions/full/independent_rms/tcn/seed_43/bandpass_n20003_cV4_electrode_s0.npz,76052,ff2a0d9a8d5f16db7e9ff67cd175496ae292d97b7c39900e8066a0b46d9ec638
tcn,independent_rms,43,bandpass_n20003_cV4_covariance_s20,phase2/results/predictions/full/independent_rms/tcn/seed_43/bandpass_n20003_cV4_covariance_s20.npz,76385,cd1b0b5c42035b4243b201e706e317bd39bf312d8ed68fe9fcf60a0c446774e6
tcn,independent_rms,43,bandpass_n20003_cV4_covariance_s15,phase2/results/predictions/full/independent_rms/tcn/seed_43/bandpass_n20003_cV4_covariance_s15.npz,76355,348f297ca476bc8c0a957dcb2b8aed7c7efbcddd8bfa26d2a226f24fd1f06835
tcn,independent_rms,43,bandpass_n20003_cV4_covariance_s10,phase2/results/predictions/full/independent_rms/tcn/seed_43/bandpass_n20003_cV4_covariance_s10.npz,76344,38200fc0edbde1f28b3a68f579c6c89cbae10135c31f26dde1622cd32e825537
tcn,independent_rms,43,bandpass_n20003_cV4_covariance_s5,phase2/results/predictions/full/independent_rms/tcn/seed_43/bandpass_n20003_cV4_covariance_s5.npz,76235,7ad8b1601bb444788d2dda4e18ecfcbee181e6b593b7d95e1807b85ccdb71351
tcn,independent_rms,43,bandpass_n20003_cV4_covariance_s0,phase2/results/predictions/full/independent_rms/tcn/seed_43/bandpass_n20003_cV4_covariance_s0.npz,76056,c61c20b69ec745e0b50408c362283cc83d0ba4d9e6a1730946250594cd55ad7a
tcn,independent_rms,43,bandpass_n20003_cV5_independent_rms_s20,phase2/results/predictions/full/independent_rms/tcn/seed_43/bandpass_n20003_cV5_independent_rms_s20.npz,76371,93b307172ba04189ebbbaa708f4fa82c092905a3eda49b3114f3c593ed9dae19
tcn,independent_rms,43,bandpass_n20003_cV5_independent_rms_s15,phase2/results/predictions/full/independent_rms/tcn/seed_43/bandpass_n20003_cV5_independent_rms_s15.npz,76405,b6fda52d338ca2bd12c92baf602a06e09d7bc1e6affa56b0f5f81451a4991a8a
tcn,independent_rms,43,bandpass_n20003_cV5_independent_rms_s10,phase2/results/predictions/full/independent_rms/tcn/seed_43/bandpass_n20003_cV5_independent_rms_s10.npz,76362,c6de5512705313e89a1f5d57e66dbd321959b9605a21916871d7b3fa8833cd00
tcn,independent_rms,43,bandpass_n20003_cV5_independent_rms_s5,phase2/results/predictions/full/independent_rms/tcn/seed_43/bandpass_n20003_cV5_independent_rms_s5.npz,76256,05a1209a481c7f15557d114765af188bbf86979712e16c8d0fd405e3a4f2a238
tcn,independent_rms,43,bandpass_n20003_cV5_independent_rms_s0,phase2/results/predictions/full/independent_rms/tcn/seed_43/bandpass_n20003_cV5_independent_rms_s0.npz,75980,8caef715a56068aeb39bc246f711ca8bd8da4688a1328ec9a68c4d2754c819bf
tcn,independent_rms,43,bandpass_n20003_cV5_electrode_s20,phase2/results/predictions/full/independent_rms/tcn/seed_43/bandpass_n20003_cV5_electrode_s20.npz,76351,7267d1a6e38d00e371ff9bab2538b81bf3e3ba89df0d4cb887c347c424c8dc29
tcn,independent_rms,43,bandpass_n20003_cV5_electrode_s15,phase2/results/predictions/full/independent_rms/tcn/seed_43/bandpass_n20003_cV5_electrode_s15.npz,76365,310cc5c65aaed976d885ded33f6c102055c499fd27124c804fa460808be5f2d6
tcn,independent_rms,43,bandpass_n20003_cV5_electrode_s10,phase2/results/predictions/full/independent_rms/tcn/seed_43/bandpass_n20003_cV5_electrode_s10.npz,76302,aecd06770384fbd65c4c5cca3985fe11de258a404d6d9d54a9d3f909d77ecf7c
tcn,independent_rms,43,bandpass_n20003_cV5_electrode_s5,phase2/results/predictions/full/independent_rms/tcn/seed_43/bandpass_n20003_cV5_electrode_s5.npz,76226,e876e23b0b24d4b32a96a67b0d6379fb1fb2980f6268f909b431de1a4f56ec65
tcn,independent_rms,43,bandpass_n20003_cV5_electrode_s0,phase2/results/predictions/full/independent_rms/tcn/seed_43/bandpass_n20003_cV5_electrode_s0.npz,75973,8a1de02b5219829b4603d5d0fd4e78cc8a3cdb42eb1f9eb0c204a735601ada83
tcn,independent_rms,43,bandpass_n20003_cV5_covariance_s20,phase2/results/predictions/full/independent_rms/tcn/seed_43/bandpass_n20003_cV5_covariance_s20.npz,76400,6d2170507fbb9de40d6580e3aa15070c5d585c1c1327bbebe81326d8467134dc
tcn,independent_rms,43,bandpass_n20003_cV5_covariance_s15,phase2/results/predictions/full/independent_rms/tcn/seed_43/bandpass_n20003_cV5_covariance_s15.npz,76389,a6d562ca6367e83822b63e0b2f039fc01761f6d76a830c1e783fcd668c08b9dc
tcn,independent_rms,43,bandpass_n20003_cV5_covariance_s10,phase2/results/predictions/full/independent_rms/tcn/seed_43/bandpass_n20003_cV5_covariance_s10.npz,76324,8040c0c03f4fa2ad135335895a448eba81a065ca916ec89c0e1f3115362cd774
tcn,independent_rms,43,bandpass_n20003_cV5_covariance_s5,phase2/results/predictions/full/independent_rms/tcn/seed_43/bandpass_n20003_cV5_covariance_s5.npz,76222,e4a915cceb1a75d720544ce26cc68c08fbd993299554c81b35e25f596f186c37
tcn,independent_rms,43,bandpass_n20003_cV5_covariance_s0,phase2/results/predictions/full/independent_rms/tcn/seed_43/bandpass_n20003_cV5_covariance_s0.npz,75940,c5a3bdf93cf467589b26e229f0bff8f72a40627fccced851635b91f86580c4c2
tcn,independent_rms,43,bandpass_n20003_cV6_independent_rms_s20,phase2/results/predictions/full/independent_rms/tcn/seed_43/bandpass_n20003_cV6_independent_rms_s20.npz,76414,b90228628f07cb18f01b288096465ee76d0a825b2439e295f1efdb691e9ace86
tcn,independent_rms,43,bandpass_n20003_cV6_independent_rms_s15,phase2/results/predictions/full/independent_rms/tcn/seed_43/bandpass_n20003_cV6_independent_rms_s15.npz,76384,52821c8c15cfc9ecc3099a5570570b61365d41edb8e659700d9b3bda4ae40b2f
tcn,independent_rms,43,bandpass_n20003_cV6_independent_rms_s10,phase2/results/predictions/full/independent_rms/tcn/seed_43/bandpass_n20003_cV6_independent_rms_s10.npz,76349,ad3a9d1fab2595e00ca5222754adf87d30021945931c65a50e162cbc4321cc09
tcn,independent_rms,43,bandpass_n20003_cV6_independent_rms_s5,phase2/results/predictions/full/independent_rms/tcn/seed_43/bandpass_n20003_cV6_independent_rms_s5.npz,76251,fa4b59effba41508e950e44566438a0fb82e1dc28765cedb3a5e0ee47669a5da
tcn,independent_rms,43,bandpass_n20003_cV6_independent_rms_s0,phase2/results/predictions/full/independent_rms/tcn/seed_43/bandpass_n20003_cV6_independent_rms_s0.npz,75994,8ce4ef6f4614e61dc15f6fbade90f15933ec319b620e8dc4be73b21b4a4fe60f
tcn,independent_rms,43,bandpass_n20003_cV6_electrode_s20,phase2/results/predictions/full/independent_rms/tcn/seed_43/bandpass_n20003_cV6_electrode_s20.npz,76411,49f57c20336ddab0335f0df5fd9b0dbbf8027db9dc182fa5a5451f9a4d225f01
tcn,independent_rms,43,bandpass_n20003_cV6_electrode_s15,phase2/results/predictions/full/independent_rms/tcn/seed_43/bandpass_n20003_cV6_electrode_s15.npz,76338,d5c90f36124ae04a89d33699eb98def03d332456e6d335d71abac0f375524769
tcn,independent_rms,43,bandpass_n20003_cV6_electrode_s10,phase2/results/predictions/full/independent_rms/tcn/seed_43/bandpass_n20003_cV6_electrode_s10.npz,76308,df0a8acfb471bc87a5f4a9d19e57419d3149b5e04ffc8bf9d372641df203b180
tcn,independent_rms,43,bandpass_n20003_cV6_electrode_s5,phase2/results/predictions/full/independent_rms/tcn/seed_43/bandpass_n20003_cV6_electrode_s5.npz,76228,50984fbe09203f473731c30d90778918fdb88970baaf69553d4d183401649e0a
tcn,independent_rms,43,bandpass_n20003_cV6_electrode_s0,phase2/results/predictions/full/independent_rms/tcn/seed_43/bandpass_n20003_cV6_electrode_s0.npz,76023,01fe21f016cd01e112a7aac4b8e259633fb77f02aad004ae24259193bd064a08
tcn,independent_rms,43,bandpass_n20003_cV6_covariance_s20,phase2/results/predictions/full/independent_rms/tcn/seed_43/bandpass_n20003_cV6_covariance_s20.npz,76352,b015db0a99d04ca91797e63b14ae5e6a7f9734829dfd44613f3fb908b0f81a51
tcn,independent_rms,43,bandpass_n20003_cV6_covariance_s15,phase2/results/predictions/full/independent_rms/tcn/seed_43/bandpass_n20003_cV6_covariance_s15.npz,76371,77851df7f56038c0b58629ab8835bd22905ce4da60e15c391498b35b114d7ee0
tcn,independent_rms,43,bandpass_n20003_cV6_covariance_s10,phase2/results/predictions/full/independent_rms/tcn/seed_43/bandpass_n20003_cV6_covariance_s10.npz,76325,15026c0dbdb94af9aee882f5cdf555b5e81d7aee037b2bf782d6554412e6f42a
tcn,independent_rms,43,bandpass_n20003_cV6_covariance_s5,phase2/results/predictions/full/independent_rms/tcn/seed_43/bandpass_n20003_cV6_covariance_s5.npz,76244,efcaa7f9f9281747ebbcc45bf727c8ba3916bf942234909313cb736f3af0836d
tcn,independent_rms,43,bandpass_n20003_cV6_covariance_s0,phase2/results/predictions/full/independent_rms/tcn/seed_43/bandpass_n20003_cV6_covariance_s0.npz,75982,85679211d4d440ba0a505c14a282aec2a41d8b14fb4161efc49da4fc4ebf0a41
tcn,independent_rms,43,bandpass_n20003_cRA_LA_independent_rms_s20,phase2/results/predictions/full/independent_rms/tcn/seed_43/bandpass_n20003_cRA_LA_independent_rms_s20.npz,76397,e077d7a0ab9f449a8cd6ab06d9911e8dc89374835200a0873f280c35ebb2c639
tcn,independent_rms,43,bandpass_n20003_cRA_LA_independent_rms_s15,phase2/results/predictions/full/independent_rms/tcn/seed_43/bandpass_n20003_cRA_LA_independent_rms_s15.npz,76397,99f32ecd127dd5064e8efd41169477b79a90d247612901fe65699df69e71b3b5
tcn,independent_rms,43,bandpass_n20003_cRA_LA_independent_rms_s10,phase2/results/predictions/full/independent_rms/tcn/seed_43/bandpass_n20003_cRA_LA_independent_rms_s10.npz,76400,95aaafb992029ffaf10b57c098fc8803c2134f8a2b0ce77dc9a01a76a18c59b2
tcn,independent_rms,43,bandpass_n20003_cRA_LA_independent_rms_s5,phase2/results/predictions/full/independent_rms/tcn/seed_43/bandpass_n20003_cRA_LA_independent_rms_s5.npz,76184,0fea0fb4813c62cf60d45c7a044391f6878b13882540a702b3faf7a9def5ae98
tcn,independent_rms,43,bandpass_n20003_cRA_LA_independent_rms_s0,phase2/results/predictions/full/independent_rms/tcn/seed_43/bandpass_n20003_cRA_LA_independent_rms_s0.npz,75928,4e374f8ce9b50b4a34a66ed2386dc1599df7f9fc4285e3033716d0a63dff5274
tcn,independent_rms,43,bandpass_n20003_cRA_LA_electrode_s20,phase2/results/predictions/full/independent_rms/tcn/seed_43/bandpass_n20003_cRA_LA_electrode_s20.npz,76353,3e4a837313190934b7946d49aa178ea44125ed342e4c3ec0e558d9be8332a865
tcn,independent_rms,43,bandpass_n20003_cRA_LA_electrode_s15,phase2/results/predictions/full/independent_rms/tcn/seed_43/bandpass_n20003_cRA_LA_electrode_s15.npz,76352,42da61e50f5e557a7a5217ee54d2a55a5bcaa074eb8ac4ec0ecabb98969f2be9
tcn,independent_rms,43,bandpass_n20003_cRA_LA_electrode_s10,phase2/results/predictions/full/independent_rms/tcn/seed_43/bandpass_n20003_cRA_LA_electrode_s10.npz,76223,212e122d01f4b77f14796c0895c9bb198d54ed16f65d44f98a0e50df874986f4
tcn,independent_rms,43,bandpass_n20003_cRA_LA_electrode_s5,phase2/results/predictions/full/independent_rms/tcn/seed_43/bandpass_n20003_cRA_LA_electrode_s5.npz,76033,614844f6ce9812f295c4006fef9e61717f1e46214df6d0610c002c2c6c9e2da8
tcn,independent_rms,43,bandpass_n20003_cRA_LA_electrode_s0,phase2/results/predictions/full/independent_rms/tcn/seed_43/bandpass_n20003_cRA_LA_electrode_s0.npz,75507,1c9d48f48429fca758afd3947bf78f97143c8f19c7d232057ec9ca0933592b29
tcn,independent_rms,43,bandpass_n20003_cRA_LA_covariance_s20,phase2/results/predictions/full/independent_rms/tcn/seed_43/bandpass_n20003_cRA_LA_covariance_s20.npz,76378,149c7f5be4fbaf01da5bfb34e85db373ff56d9c62686a28205a49c77697bd67f
tcn,independent_rms,43,bandpass_n20003_cRA_LA_covariance_s15,phase2/results/predictions/full/independent_rms/tcn/seed_43/bandpass_n20003_cRA_LA_covariance_s15.npz,76391,21ec6f0da3a0b909acb52653dd5b3a739e52c9ecb15cad4302b8c52ed18bcff9
tcn,independent_rms,43,bandpass_n20003_cRA_LA_covariance_s10,phase2/results/predictions/full/independent_rms/tcn/seed_43/bandpass_n20003_cRA_LA_covariance_s10.npz,76251,111e91d920f9023a44e57cd1c2694a87ef09c67817de096c28e5cb287b920a94
tcn,independent_rms,43,bandpass_n20003_cRA_LA_covariance_s5,phase2/results/predictions/full/independent_rms/tcn/seed_43/bandpass_n20003_cRA_LA_covariance_s5.npz,76031,d4838d32c62e9a4e461998dcd5a11f77630a4df0ec99c9761fe067395689826b
tcn,independent_rms,43,bandpass_n20003_cRA_LA_covariance_s0,phase2/results/predictions/full/independent_rms/tcn/seed_43/bandpass_n20003_cRA_LA_covariance_s0.npz,75497,5079354a4947923bf5c5b9549890ca905f358574726efea748bcffd492ee36e0
tcn,independent_rms,43,bandpass_n20003_cLA_LL_independent_rms_s20,phase2/results/predictions/full/independent_rms/tcn/seed_43/bandpass_n20003_cLA_LL_independent_rms_s20.npz,76384,e927b12d3782875d152f5526e22e724073093eeab306a51877c079925c1bab41
tcn,independent_rms,43,bandpass_n20003_cLA_LL_independent_rms_s15,phase2/results/predictions/full/independent_rms/tcn/seed_43/bandpass_n20003_cLA_LL_independent_rms_s15.npz,76387,a58a9ac65552e10520c310da2e3e3d090a9cc5fc48795edf3f7bb618fe351a18
tcn,independent_rms,43,bandpass_n20003_cLA_LL_independent_rms_s10,phase2/results/predictions/full/independent_rms/tcn/seed_43/bandpass_n20003_cLA_LL_independent_rms_s10.npz,76341,0c0089f477368b2cf04a5fe55a6a1171a75ed99b41ff964a07024c3a117c3698
tcn,independent_rms,43,bandpass_n20003_cLA_LL_independent_rms_s5,phase2/results/predictions/full/independent_rms/tcn/seed_43/bandpass_n20003_cLA_LL_independent_rms_s5.npz,76203,0d66bb57c08d88e4c53e873e2a3af1558b0e18ec99c6fb345a7505e5507d90d3
tcn,independent_rms,43,bandpass_n20003_cLA_LL_independent_rms_s0,phase2/results/predictions/full/independent_rms/tcn/seed_43/bandpass_n20003_cLA_LL_independent_rms_s0.npz,75934,8458c7c997322e86e0160e7670e4b1faf8d664d2416833c5506f8d0f1af7705c
tcn,independent_rms,43,bandpass_n20003_cLA_LL_electrode_s20,phase2/results/predictions/full/independent_rms/tcn/seed_43/bandpass_n20003_cLA_LL_electrode_s20.npz,76366,3426ccf1bb2c21d5b80747193643ceb87f78a4ead7c6b5f64d11d3b08f87a4a7
tcn,independent_rms,43,bandpass_n20003_cLA_LL_electrode_s15,phase2/results/predictions/full/independent_rms/tcn/seed_43/bandpass_n20003_cLA_LL_electrode_s15.npz,76376,6869e282abd78912fb4df0c997cff08d11a23127694654f10d33ad67f7fca5d6
tcn,independent_rms,43,bandpass_n20003_cLA_LL_electrode_s10,phase2/results/predictions/full/independent_rms/tcn/seed_43/bandpass_n20003_cLA_LL_electrode_s10.npz,76316,df30eda55f57167d0441d70ca4f0069bfa71346bb6f2fab6397f8bb5a924c959
tcn,independent_rms,43,bandpass_n20003_cLA_LL_electrode_s5,phase2/results/predictions/full/independent_rms/tcn/seed_43/bandpass_n20003_cLA_LL_electrode_s5.npz,76107,9a25bbd4d35697a11d79907355c024e15f144b0f21c39c5435d5c95e2c741807
tcn,independent_rms,43,bandpass_n20003_cLA_LL_electrode_s0,phase2/results/predictions/full/independent_rms/tcn/seed_43/bandpass_n20003_cLA_LL_electrode_s0.npz,75719,258954c0ac704f90a7337d5952ae137d9b223e4938518e2dd1f63e3626a99f9d
tcn,independent_rms,43,bandpass_n20003_cLA_LL_covariance_s20,phase2/results/predictions/full/independent_rms/tcn/seed_43/bandpass_n20003_cLA_LL_covariance_s20.npz,76420,4ab4369e99cfb386bfe2b6a1d8f4f1080d33d63b1751b1cbdd57861c7882be3a
tcn,independent_rms,43,bandpass_n20003_cLA_LL_covariance_s15,phase2/results/predictions/full/independent_rms/tcn/seed_43/bandpass_n20003_cLA_LL_covariance_s15.npz,76362,8d023837118ed0032bc64bed80b19d19d083960f6567369206d1307374b77dc2
tcn,independent_rms,43,bandpass_n20003_cLA_LL_covariance_s10,phase2/results/predictions/full/independent_rms/tcn/seed_43/bandpass_n20003_cLA_LL_covariance_s10.npz,76251,db5a80152de905706c17191496140c79c4e4a40819d1b25434781647f661d672
tcn,independent_rms,43,bandpass_n20003_cLA_LL_covariance_s5,phase2/results/predictions/full/independent_rms/tcn/seed_43/bandpass_n20003_cLA_LL_covariance_s5.npz,76122,8aea7f874fea6152c8368fe94ec724d0a28d1c2d2b19b6a16b65444e7dfa3700
tcn,independent_rms,43,bandpass_n20003_cLA_LL_covariance_s0,phase2/results/predictions/full/independent_rms/tcn/seed_43/bandpass_n20003_cLA_LL_covariance_s0.npz,75700,edd4ad3453a867efadc5109cca73a88256e45608148e2f64259cbae8ab8f1179
tcn,independent_rms,43,bandpass_n20003_cRA_LL_independent_rms_s20,phase2/results/predictions/full/independent_rms/tcn/seed_43/bandpass_n20003_cRA_LL_independent_rms_s20.npz,76413,677309104e788ad90a96368d7a028976a7452bc5e04ac12801037ec165ef7277
tcn,independent_rms,43,bandpass_n20003_cRA_LL_independent_rms_s15,phase2/results/predictions/full/independent_rms/tcn/seed_43/bandpass_n20003_cRA_LL_independent_rms_s15.npz,76400,b707cde968b78b9e59eea6d3dca33b96dd939ad54234b644c14c6e222a469ed9
tcn,independent_rms,43,bandpass_n20003_cRA_LL_independent_rms_s10,phase2/results/predictions/full/independent_rms/tcn/seed_43/bandpass_n20003_cRA_LL_independent_rms_s10.npz,76347,358fa9c68a000079ba0159a7a7e306bcb5ee2fd790416e54b50756c51c9c8392
tcn,independent_rms,43,bandpass_n20003_cRA_LL_independent_rms_s5,phase2/results/predictions/full/independent_rms/tcn/seed_43/bandpass_n20003_cRA_LL_independent_rms_s5.npz,76199,2c63557b273fb796c245f065466c2213bad725c1e96b1c66fad8c23cf69a7a60
tcn,independent_rms,43,bandpass_n20003_cRA_LL_independent_rms_s0,phase2/results/predictions/full/independent_rms/tcn/seed_43/bandpass_n20003_cRA_LL_independent_rms_s0.npz,75919,cbbe4e33d5825a75bbfa5f59dfff1d23bcbd2394829ef45b892585ea2e8748cb
tcn,independent_rms,43,bandpass_n20003_cRA_LL_electrode_s20,phase2/results/predictions/full/independent_rms/tcn/seed_43/bandpass_n20003_cRA_LL_electrode_s20.npz,76338,2c4d082c1778b81802a5524589861eac2cfa8b9d3fcbd2dcafa028a2429f4f2c
tcn,independent_rms,43,bandpass_n20003_cRA_LL_electrode_s15,phase2/results/predictions/full/independent_rms/tcn/seed_43/bandpass_n20003_cRA_LL_electrode_s15.npz,76321,e832b728be8aa7f13e9b9f4ed0e7e00e2712d9b85e6fabb07572289d1bbfe6fa
tcn,independent_rms,43,bandpass_n20003_cRA_LL_electrode_s10,phase2/results/predictions/full/independent_rms/tcn/seed_43/bandpass_n20003_cRA_LL_electrode_s10.npz,76243,d19a5b9ad2fb577abbed80fad965f9f71a7db65f5a2c3bf089fb69e540d20eb9
tcn,independent_rms,43,bandpass_n20003_cRA_LL_electrode_s5,phase2/results/predictions/full/independent_rms/tcn/seed_43/bandpass_n20003_cRA_LL_electrode_s5.npz,76007,e21f9dcfb13c2ae1cbf9985caf1dad45f4f450ed5ce406b8d5b0c36fd3169a7e
tcn,independent_rms,43,bandpass_n20003_cRA_LL_electrode_s0,phase2/results/predictions/full/independent_rms/tcn/seed_43/bandpass_n20003_cRA_LL_electrode_s0.npz,75504,3273c3f5679d0e568b697a3f241f134cfae5a59e4c04e81d3f69ce19430d0101
tcn,independent_rms,43,bandpass_n20003_cRA_LL_covariance_s20,phase2/results/predictions/full/independent_rms/tcn/seed_43/bandpass_n20003_cRA_LL_covariance_s20.npz,76383,f527f0d0377af5c4aa9f224cd9c80ba319ba73a8bd0680220228b0db738d2af1
tcn,independent_rms,43,bandpass_n20003_cRA_LL_covariance_s15,phase2/results/predictions/full/independent_rms/tcn/seed_43/bandpass_n20003_cRA_LL_covariance_s15.npz,76325,16c969e28439c29f1c756a7c10f8a38d2c2606971f94ca23aa7ea2969a772d24
tcn,independent_rms,43,bandpass_n20003_cRA_LL_covariance_s10,phase2/results/predictions/full/independent_rms/tcn/seed_43/bandpass_n20003_cRA_LL_covariance_s10.npz,76237,66f0d32700a109d0049ce466752b1a45dfc7ab525c83a976ebf78df036cc110d
tcn,independent_rms,43,bandpass_n20003_cRA_LL_covariance_s5,phase2/results/predictions/full/independent_rms/tcn/seed_43/bandpass_n20003_cRA_LL_covariance_s5.npz,75992,19e4f657e8a77fe78213f2c297df2f9f694f33bacde7d52b071330875e7783d3
tcn,independent_rms,43,bandpass_n20003_cRA_LL_covariance_s0,phase2/results/predictions/full/independent_rms/tcn/seed_43/bandpass_n20003_cRA_LL_covariance_s0.npz,75489,f74933072a43500f2d74dc9f87248ad2c8039f9a246e6f5b31df456c571f4ae8
tcn,independent_rms,43,bandpass_n20003_cRA_independent_rms_s20,phase2/results/predictions/full/independent_rms/tcn/seed_43/bandpass_n20003_cRA_independent_rms_s20.npz,76398,8c9be6d8c98d20200b76bdecde0d1d992970855a36c53272f331891438131d49
tcn,independent_rms,43,bandpass_n20003_cRA_independent_rms_s15,phase2/results/predictions/full/independent_rms/tcn/seed_43/bandpass_n20003_cRA_independent_rms_s15.npz,76411,00316965c4dbcd765cbdb4026867264e804e51e732a45fd7004ecb584500b8f6
tcn,independent_rms,43,bandpass_n20003_cRA_independent_rms_s10,phase2/results/predictions/full/independent_rms/tcn/seed_43/bandpass_n20003_cRA_independent_rms_s10.npz,76360,ae060838b381cf8efa746c490e906726f3b36dae392553adeb18ce23e1e1daf4
tcn,independent_rms,43,bandpass_n20003_cRA_independent_rms_s5,phase2/results/predictions/full/independent_rms/tcn/seed_43/bandpass_n20003_cRA_independent_rms_s5.npz,76194,bc7fddaa6cf212655c4f33435564a58a95b33087acc8df573c26357e00051650
tcn,independent_rms,43,bandpass_n20003_cRA_independent_rms_s0,phase2/results/predictions/full/independent_rms/tcn/seed_43/bandpass_n20003_cRA_independent_rms_s0.npz,75929,b4fff39ca11339ca598a96d3ca66685c829c8fa936a8f3e3632707449f32bf56
tcn,independent_rms,43,bandpass_n20003_cRA_electrode_s20,phase2/results/predictions/full/independent_rms/tcn/seed_43/bandpass_n20003_cRA_electrode_s20.npz,76390,bebcc226aea009a31c5a4bb47064cce3fd425b72ca0134dd3be6c3e90df4e26e
tcn,independent_rms,43,bandpass_n20003_cRA_electrode_s15,phase2/results/predictions/full/independent_rms/tcn/seed_43/bandpass_n20003_cRA_electrode_s15.npz,76328,b6dface63e7f007234828de991f3ab276e10e6bf4f6f70ce7f84223b06d99660
tcn,independent_rms,43,bandpass_n20003_cRA_electrode_s10,phase2/results/predictions/full/independent_rms/tcn/seed_43/bandpass_n20003_cRA_electrode_s10.npz,76187,49d1a559ef34222e077593a3f0417ccdf31e2dd75d36c18f10fa371a34be8d74
tcn,independent_rms,43,bandpass_n20003_cRA_electrode_s5,phase2/results/predictions/full/independent_rms/tcn/seed_43/bandpass_n20003_cRA_electrode_s5.npz,75937,7000c42cf193ee1f2943ac880a8e12e4d83d3282118bef35205a4f2097784fc6
tcn,independent_rms,43,bandpass_n20003_cRA_electrode_s0,phase2/results/predictions/full/independent_rms/tcn/seed_43/bandpass_n20003_cRA_electrode_s0.npz,75420,8d81a4f95e1860ac41478c7bc28aa3067e7f134a29b4db8033f7082c19e33d8e
tcn,independent_rms,43,bandpass_n20003_cRA_covariance_s20,phase2/results/predictions/full/independent_rms/tcn/seed_43/bandpass_n20003_cRA_covariance_s20.npz,76394,ab2cc840baf9b346ee132976ef5e6eb9dcd58e8f8623e41e12b8e31d3cac7434
tcn,independent_rms,43,bandpass_n20003_cRA_covariance_s15,phase2/results/predictions/full/independent_rms/tcn/seed_43/bandpass_n20003_cRA_covariance_s15.npz,76349,07895de35c3daaed83fb04335b53e9c8bd91d0e9f1fcef4e6e678ee5ebbb23f3
tcn,independent_rms,43,bandpass_n20003_cRA_covariance_s10,phase2/results/predictions/full/independent_rms/tcn/seed_43/bandpass_n20003_cRA_covariance_s10.npz,76205,08f7f1f49d15ed5f6692e4e5d52d71b0f7a5e03bff8b728f546e684a9a772aa3
tcn,independent_rms,43,bandpass_n20003_cRA_covariance_s5,phase2/results/predictions/full/independent_rms/tcn/seed_43/bandpass_n20003_cRA_covariance_s5.npz,75933,b1a0b4e02e05cd837c115fe66507c1cf7a146cf1918d9dac3af8da65edcffe9a
tcn,independent_rms,43,bandpass_n20003_cRA_covariance_s0,phase2/results/predictions/full/independent_rms/tcn/seed_43/bandpass_n20003_cRA_covariance_s0.npz,75421,7cb8aa3c659e73b723b2702253cede394f7d746f890b3c7661dfb16b5dbec572
tcn,independent_rms,43,bandpass_n20003_cLA_independent_rms_s20,phase2/results/predictions/full/independent_rms/tcn/seed_43/bandpass_n20003_cLA_independent_rms_s20.npz,76413,5be905c089880a5231bb2fc5d48540e28077143974b5628a894c49010985c815
tcn,independent_rms,43,bandpass_n20003_cLA_independent_rms_s15,phase2/results/predictions/full/independent_rms/tcn/seed_43/bandpass_n20003_cLA_independent_rms_s15.npz,76382,fa83c7dbf078eb8f2f69360870f5dfb88be5661fcd73a1fc333d4efc5d235a1d
tcn,independent_rms,43,bandpass_n20003_cLA_independent_rms_s10,phase2/results/predictions/full/independent_rms/tcn/seed_43/bandpass_n20003_cLA_independent_rms_s10.npz,76328,5396b99b9781c88261d387971d77562ad60b0df7a62cada542b46abdf216eadb
tcn,independent_rms,43,bandpass_n20003_cLA_independent_rms_s5,phase2/results/predictions/full/independent_rms/tcn/seed_43/bandpass_n20003_cLA_independent_rms_s5.npz,76187,bded531dc9378bd83d3e926e4778c95e9e8e3a007a853ecc760ddd98611b8626
tcn,independent_rms,43,bandpass_n20003_cLA_independent_rms_s0,phase2/results/predictions/full/independent_rms/tcn/seed_43/bandpass_n20003_cLA_independent_rms_s0.npz,75920,3b601702ec52890a80e8fcf6de1948574066945ade0eddc2d833aeb1b75bd8d8
tcn,independent_rms,43,bandpass_n20003_cLA_electrode_s20,phase2/results/predictions/full/independent_rms/tcn/seed_43/bandpass_n20003_cLA_electrode_s20.npz,76367,0dad62a9fe45f5eb22f7849b2c3a2e1ba92b595da1705999831ebba6691463dc
tcn,independent_rms,43,bandpass_n20003_cLA_electrode_s15,phase2/results/predictions/full/independent_rms/tcn/seed_43/bandpass_n20003_cLA_electrode_s15.npz,76348,0fa8d1492d5073b313ba96ec25837743623f4260d80ddf825dec3f81f2427aa3
tcn,independent_rms,43,bandpass_n20003_cLA_electrode_s10,phase2/results/predictions/full/independent_rms/tcn/seed_43/bandpass_n20003_cLA_electrode_s10.npz,76301,dd4b7f51aaeb1ba1e8f15b60cccaf3293945a98408885b45359c894e2652a9f7
tcn,independent_rms,43,bandpass_n20003_cLA_electrode_s5,phase2/results/predictions/full/independent_rms/tcn/seed_43/bandpass_n20003_cLA_electrode_s5.npz,76134,4f7e021de1a72e8893b466b40b4a28b1abec71061c294220875fd3b8a4297e7f
tcn,independent_rms,43,bandpass_n20003_cLA_electrode_s0,phase2/results/predictions/full/independent_rms/tcn/seed_43/bandpass_n20003_cLA_electrode_s0.npz,75757,97ff53c0bc454428a6cea0c82af5d7ef5e249c527ea0ec7f4551ef3e78e54ee5
tcn,independent_rms,43,bandpass_n20003_cLA_covariance_s20,phase2/results/predictions/full/independent_rms/tcn/seed_43/bandpass_n20003_cLA_covariance_s20.npz,76414,16252a29d79a3f16e3953e54691f24f9e96523f8a000d0152daf048f3cce2219
tcn,independent_rms,43,bandpass_n20003_cLA_covariance_s15,phase2/results/predictions/full/independent_rms/tcn/seed_43/bandpass_n20003_cLA_covariance_s15.npz,76364,557d5d6fb41e229fe2a43d123a7240c2a3ddfcda0294384fb4398a736824d1ef
tcn,independent_rms,43,bandpass_n20003_cLA_covariance_s10,phase2/results/predictions/full/independent_rms/tcn/seed_43/bandpass_n20003_cLA_covariance_s10.npz,76282,dde22c922c8ebf8792e4a862574ed9a741add7f4fcf3ee0235c9195945697c71
tcn,independent_rms,43,bandpass_n20003_cLA_covariance_s5,phase2/results/predictions/full/independent_rms/tcn/seed_43/bandpass_n20003_cLA_covariance_s5.npz,76151,f90ff729ac40f65803d19aa17d21dd5c940f96120321e30e37193180405e5bc6
tcn,independent_rms,43,bandpass_n20003_cLA_covariance_s0,phase2/results/predictions/full/independent_rms/tcn/seed_43/bandpass_n20003_cLA_covariance_s0.npz,75756,ec3f8f70a7aecfd3b08b4fd81b4c844764e7d297b5ed94abb22d7711e7fbc8f3
tcn,independent_rms,43,bandpass_n20003_cLL_independent_rms_s20,phase2/results/predictions/full/independent_rms/tcn/seed_43/bandpass_n20003_cLL_independent_rms_s20.npz,76365,db9db6abdaf0eb7bea903dcfcf05702cc497e3813ffa9eefc19f7f591ad224d2
tcn,independent_rms,43,bandpass_n20003_cLL_independent_rms_s15,phase2/results/predictions/full/independent_rms/tcn/seed_43/bandpass_n20003_cLL_independent_rms_s15.npz,76372,1f9b2efa38747ebdd1e66b259b4e8ff265e4ed278ba8d2010616345e9b8932d8
tcn,independent_rms,43,bandpass_n20003_cLL_independent_rms_s10,phase2/results/predictions/full/independent_rms/tcn/seed_43/bandpass_n20003_cLL_independent_rms_s10.npz,76347,f1fbe712a8532d3eedc053fc51bbfe8a11f83fcd2f80080266c318f25c6c701e
tcn,independent_rms,43,bandpass_n20003_cLL_independent_rms_s5,phase2/results/predictions/full/independent_rms/tcn/seed_43/bandpass_n20003_cLL_independent_rms_s5.npz,76207,6a52ef06dc46bf6eac085698013c9fa38b8f5ea3cba71fdb263b767d3561c48a
tcn,independent_rms,43,bandpass_n20003_cLL_independent_rms_s0,phase2/results/predictions/full/independent_rms/tcn/seed_43/bandpass_n20003_cLL_independent_rms_s0.npz,75889,80637b768cef2480bd5e65752eec063aef037b0e30cc92c4b81191c4710c28fa
tcn,independent_rms,43,bandpass_n20003_cLL_electrode_s20,phase2/results/predictions/full/independent_rms/tcn/seed_43/bandpass_n20003_cLL_electrode_s20.npz,76380,41e5bb6dc06d4f876176cab4bae99af3637ee1b5f4b3003487633253efb565f5
tcn,independent_rms,43,bandpass_n20003_cLL_electrode_s15,phase2/results/predictions/full/independent_rms/tcn/seed_43/bandpass_n20003_cLL_electrode_s15.npz,76364,d17dea09ccc754789403f57decc8a35fe4fc14ce3ba6224a8e4923ba8315b90e
tcn,independent_rms,43,bandpass_n20003_cLL_electrode_s10,phase2/results/predictions/full/independent_rms/tcn/seed_43/bandpass_n20003_cLL_electrode_s10.npz,76302,19adf1fbe9c612a0eb23b83bee4e96b53f66bcf6b0a5d1fc3847d65331eb700f
tcn,independent_rms,43,bandpass_n20003_cLL_electrode_s5,phase2/results/predictions/full/independent_rms/tcn/seed_43/bandpass_n20003_cLL_electrode_s5.npz,76087,b8c6223ae37a67b1b9b82feff030521c6fb8b2f8b13ff697746599e6c6810f02
tcn,independent_rms,43,bandpass_n20003_cLL_electrode_s0,phase2/results/predictions/full/independent_rms/tcn/seed_43/bandpass_n20003_cLL_electrode_s0.npz,75758,c876da95aa4d73b09dc3be0010590938964a929d65a584d1096354ae54b7ccdd
tcn,independent_rms,43,bandpass_n20003_cLL_covariance_s20,phase2/results/predictions/full/independent_rms/tcn/seed_43/bandpass_n20003_cLL_covariance_s20.npz,76363,a0675d234c2005465a3e8a4f33fa6c3a0738834aff1fd8418ff49fd07986f4f4
tcn,independent_rms,43,bandpass_n20003_cLL_covariance_s15,phase2/results/predictions/full/independent_rms/tcn/seed_43/bandpass_n20003_cLL_covariance_s15.npz,76321,c55b5ee9c38b6205fcf1a5043e3fdfc97b0c86b4bd11dc43c8cf2ae1e81464ae
tcn,independent_rms,43,bandpass_n20003_cLL_covariance_s10,phase2/results/predictions/full/independent_rms/tcn/seed_43/bandpass_n20003_cLL_covariance_s10.npz,76265,8217ee99410ff34439f9e7c356ab796f0167614c4d23f23e2e9bc77c8206dcbe
tcn,independent_rms,43,bandpass_n20003_cLL_covariance_s5,phase2/results/predictions/full/independent_rms/tcn/seed_43/bandpass_n20003_cLL_covariance_s5.npz,76094,11c35d225e6cd380c04fb830ad3644f95315d2d750f2b2c0b3cfb728742f2687
tcn,independent_rms,43,bandpass_n20003_cLL_covariance_s0,phase2/results/predictions/full/independent_rms/tcn/seed_43/bandpass_n20003_cLL_covariance_s0.npz,75780,e206af35bfee5367a5a69958ec89bd7b0652bbc8ab22997c9aee176f80d7fd3a
tcn,independent_rms,43,bandpass_n20003_cRA_V1_independent_rms_s20,phase2/results/predictions/full/independent_rms/tcn/seed_43/bandpass_n20003_cRA_V1_independent_rms_s20.npz,76402,10f72c02c38f0dd261456f8567a8075ab01444c1c0149bfeb4688636a8209182
tcn,independent_rms,43,bandpass_n20003_cRA_V1_independent_rms_s15,phase2/results/predictions/full/independent_rms/tcn/seed_43/bandpass_n20003_cRA_V1_independent_rms_s15.npz,76398,7086b8812a12c489f1830fbf91318bf520fd514da358d8c4ef0c358cb060f5e4
tcn,independent_rms,43,bandpass_n20003_cRA_V1_independent_rms_s10,phase2/results/predictions/full/independent_rms/tcn/seed_43/bandpass_n20003_cRA_V1_independent_rms_s10.npz,76360,bde4d8299cee5619ed1c1d4601e8f841d6158f147cfe81d34a9f246ad7baaf00
tcn,independent_rms,43,bandpass_n20003_cRA_V1_independent_rms_s5,phase2/results/predictions/full/independent_rms/tcn/seed_43/bandpass_n20003_cRA_V1_independent_rms_s5.npz,76208,a24f5f27c3f80ea766457b6248f8976e52b1e2185a5e7759229fba5b78ffaacb
tcn,independent_rms,43,bandpass_n20003_cRA_V1_independent_rms_s0,phase2/results/predictions/full/independent_rms/tcn/seed_43/bandpass_n20003_cRA_V1_independent_rms_s0.npz,75917,44eef0e58b73b7848ab1a0d4a487bd50accff338a875193efbc6324f7a50c849
tcn,independent_rms,43,bandpass_n20003_cRA_V1_electrode_s20,phase2/results/predictions/full/independent_rms/tcn/seed_43/bandpass_n20003_cRA_V1_electrode_s20.npz,76386,2bee25b545f4dcba1ddb198c1693a74ecaa9a8f336c36cfc63e1ee1bf089bd29
tcn,independent_rms,43,bandpass_n20003_cRA_V1_electrode_s15,phase2/results/predictions/full/independent_rms/tcn/seed_43/bandpass_n20003_cRA_V1_electrode_s15.npz,76331,8797b23ef64f402cbed80c975da4b81136200a95a8c6fb7be3227624e0eecb82
tcn,independent_rms,43,bandpass_n20003_cRA_V1_electrode_s10,phase2/results/predictions/full/independent_rms/tcn/seed_43/bandpass_n20003_cRA_V1_electrode_s10.npz,76231,c4f00600eaa0d70dd9bd8cf0cf221ab45d312d54c9160a6474f77aeb32a3f810
tcn,independent_rms,43,bandpass_n20003_cRA_V1_electrode_s5,phase2/results/predictions/full/independent_rms/tcn/seed_43/bandpass_n20003_cRA_V1_electrode_s5.npz,75980,4bbc2980ef693f3a307a0b7556fa7f0c4c3e60f59963becd01237b1b48159f55
tcn,independent_rms,43,bandpass_n20003_cRA_V1_electrode_s0,phase2/results/predictions/full/independent_rms/tcn/seed_43/bandpass_n20003_cRA_V1_electrode_s0.npz,75434,73a8eff9938250e70664e005067e6ed9f61bc746d9b256bd6800fcb386c0125b
tcn,independent_rms,43,bandpass_n20003_cRA_V1_covariance_s20,phase2/results/predictions/full/independent_rms/tcn/seed_43/bandpass_n20003_cRA_V1_covariance_s20.npz,76410,e5d00686ce81d31833b5649dec5f15f58787d94209bb4a166b862accb13a4d06
tcn,independent_rms,43,bandpass_n20003_cRA_V1_covariance_s15,phase2/results/predictions/full/independent_rms/tcn/seed_43/bandpass_n20003_cRA_V1_covariance_s15.npz,76321,07ba7f1824aa90d588213c8c040efa600c606b2bd0841996852c4ae35457f623
tcn,independent_rms,43,bandpass_n20003_cRA_V1_covariance_s10,phase2/results/predictions/full/independent_rms/tcn/seed_43/bandpass_n20003_cRA_V1_covariance_s10.npz,76219,fceb2c9300606a1dc288181c18162a84422136f85a5760a91dad6384e32406fc
tcn,independent_rms,43,bandpass_n20003_cRA_V1_covariance_s5,phase2/results/predictions/full/independent_rms/tcn/seed_43/bandpass_n20003_cRA_V1_covariance_s5.npz,75996,2a2d1e845178ce232c8e92f92cd4d6d425cb865936f97db82493f1a49b242b9a
tcn,independent_rms,43,bandpass_n20003_cRA_V1_covariance_s0,phase2/results/predictions/full/independent_rms/tcn/seed_43/bandpass_n20003_cRA_V1_covariance_s0.npz,75467,729b476608ecbfc7eeaaba94b4d543cd525c35307c083835c652458743a58734
tcn,independent_rms,43,bandpass_n20003_cLA_V6_independent_rms_s20,phase2/results/predictions/full/independent_rms/tcn/seed_43/bandpass_n20003_cLA_V6_independent_rms_s20.npz,76409,ec52b4c6d9ba2168d7a567d474ec1e4155cf9f3ffa46c3ef7cf6d307aa757186
tcn,independent_rms,43,bandpass_n20003_cLA_V6_independent_rms_s15,phase2/results/predictions/full/independent_rms/tcn/seed_43/bandpass_n20003_cLA_V6_independent_rms_s15.npz,76392,c2f1fc252a1a95ad8048e72a6e2995b1f1fc842098b54999eb6d32f7d0764012
tcn,independent_rms,43,bandpass_n20003_cLA_V6_independent_rms_s10,phase2/results/predictions/full/independent_rms/tcn/seed_43/bandpass_n20003_cLA_V6_independent_rms_s10.npz,76349,cb0940af6f9185e26209fb637edd63a09a28e82d601efb0eb6beae8cb1e4b533
tcn,independent_rms,43,bandpass_n20003_cLA_V6_independent_rms_s5,phase2/results/predictions/full/independent_rms/tcn/seed_43/bandpass_n20003_cLA_V6_independent_rms_s5.npz,76221,9a0b5393d3e412e1b61977e481ae79c1d7f5bc970ec8778d15ffe623e89dd39a
tcn,independent_rms,43,bandpass_n20003_cLA_V6_independent_rms_s0,phase2/results/predictions/full/independent_rms/tcn/seed_43/bandpass_n20003_cLA_V6_independent_rms_s0.npz,75925,a207496ecee7a1c545850f4d99d73513823a6c0cb244eb14da3ae61942cb0f33
tcn,independent_rms,43,bandpass_n20003_cLA_V6_electrode_s20,phase2/results/predictions/full/independent_rms/tcn/seed_43/bandpass_n20003_cLA_V6_electrode_s20.npz,76398,14360fd9f48a4ff0e3bca5be48723be1e5aef9286756e487414e479f1f4f4950
tcn,independent_rms,43,bandpass_n20003_cLA_V6_electrode_s15,phase2/results/predictions/full/independent_rms/tcn/seed_43/bandpass_n20003_cLA_V6_electrode_s15.npz,76375,18ebbbb6e25d2bc6f62464fa73a8d2424ab0c303cbce4c63f87223ce882e9c2d
tcn,independent_rms,43,bandpass_n20003_cLA_V6_electrode_s10,phase2/results/predictions/full/independent_rms/tcn/seed_43/bandpass_n20003_cLA_V6_electrode_s10.npz,76317,a9cb0b6f9b3a5d525b42e74999bf5ee88695a40f9bd54c9ef78fe1609b776f25
tcn,independent_rms,43,bandpass_n20003_cLA_V6_electrode_s5,phase2/results/predictions/full/independent_rms/tcn/seed_43/bandpass_n20003_cLA_V6_electrode_s5.npz,76138,a6a9fdbd136f9c1b31422e4068dec96bdc485bee1fa69db3d80e33350ad35ca4
tcn,independent_rms,43,bandpass_n20003_cLA_V6_electrode_s0,phase2/results/predictions/full/independent_rms/tcn/seed_43/bandpass_n20003_cLA_V6_electrode_s0.npz,75756,9bda1549109705e2e925e30a56ee20dab41553732ed010763d0e164f21aa964a
tcn,independent_rms,43,bandpass_n20003_cLA_V6_covariance_s20,phase2/results/predictions/full/independent_rms/tcn/seed_43/bandpass_n20003_cLA_V6_covariance_s20.npz,76412,9d7fe4c7eb2b3a9e51f1646c72343bda85984a775fde5b7f7e288577f28f9198
tcn,independent_rms,43,bandpass_n20003_cLA_V6_covariance_s15,phase2/results/predictions/full/independent_rms/tcn/seed_43/bandpass_n20003_cLA_V6_covariance_s15.npz,76354,27c9928d640831212a370d8bd7d9692d6fa10e756a6c51be0550bdb25abe5372
tcn,independent_rms,43,bandpass_n20003_cLA_V6_covariance_s10,phase2/results/predictions/full/independent_rms/tcn/seed_43/bandpass_n20003_cLA_V6_covariance_s10.npz,76338,a95ffaf1eb48a979d6e2b18c9d5c91ad60b1b32455984ed5413a6b889b68562a
tcn,independent_rms,43,bandpass_n20003_cLA_V6_covariance_s5,phase2/results/predictions/full/independent_rms/tcn/seed_43/bandpass_n20003_cLA_V6_covariance_s5.npz,76179,3dbaf43a8ed666e8d84ec914b1c4ef7c45d11d13eeb3091edc5ffd2eecafe0f4
tcn,independent_rms,43,bandpass_n20003_cLA_V6_covariance_s0,phase2/results/predictions/full/independent_rms/tcn/seed_43/bandpass_n20003_cLA_V6_covariance_s0.npz,75729,ca6aa582175f2f3e3c1bfb499ded3b27cacb3ca43e31fb74aa35b1da8379f693
tcn,independent_rms,43,bandpass_n20003_cLL_V4_independent_rms_s20,phase2/results/predictions/full/independent_rms/tcn/seed_43/bandpass_n20003_cLL_V4_independent_rms_s20.npz,76384,29fb71a49e6a7ead12776c87465fd934c0c691a9df2e6bc70b1aacd6323aea7a
tcn,independent_rms,43,bandpass_n20003_cLL_V4_independent_rms_s15,phase2/results/predictions/full/independent_rms/tcn/seed_43/bandpass_n20003_cLL_V4_independent_rms_s15.npz,76422,adeedf223e8bc4c6d0c4eaa2844bc240864597972dbbe2f029e26b34f664a1a8
tcn,independent_rms,43,bandpass_n20003_cLL_V4_independent_rms_s10,phase2/results/predictions/full/independent_rms/tcn/seed_43/bandpass_n20003_cLL_V4_independent_rms_s10.npz,76351,c31022bdf46c22be52cc16e395f0a6ed5e98d3217186fd0883f5b245acb39a9c
tcn,independent_rms,43,bandpass_n20003_cLL_V4_independent_rms_s5,phase2/results/predictions/full/independent_rms/tcn/seed_43/bandpass_n20003_cLL_V4_independent_rms_s5.npz,76233,8d5cc53e0fd4e967b0583b536e793f6b631e6a8e84342992d58d2f4a69466840
tcn,independent_rms,43,bandpass_n20003_cLL_V4_independent_rms_s0,phase2/results/predictions/full/independent_rms/tcn/seed_43/bandpass_n20003_cLL_V4_independent_rms_s0.npz,75916,1342e6c636af6b7e37c1788d07cfe7e308ef9e318d9687d5e110bc78fd4f5510
tcn,independent_rms,43,bandpass_n20003_cLL_V4_electrode_s20,phase2/results/predictions/full/independent_rms/tcn/seed_43/bandpass_n20003_cLL_V4_electrode_s20.npz,76356,7fe3c162b1d7733c26c0fded2029bbdd537fd8757b92ba3c4f469c34da77596a
tcn,independent_rms,43,bandpass_n20003_cLL_V4_electrode_s15,phase2/results/predictions/full/independent_rms/tcn/seed_43/bandpass_n20003_cLL_V4_electrode_s15.npz,76360,dff760259af56dc8391807720280f22afbbf8a7a64bd47d3b2c73efde6550721
tcn,independent_rms,43,bandpass_n20003_cLL_V4_electrode_s10,phase2/results/predictions/full/independent_rms/tcn/seed_43/bandpass_n20003_cLL_V4_electrode_s10.npz,76321,526d279db39cae1442ed3e7a9b3bcc64b4774495e5106664ac278e4474964b06
tcn,independent_rms,43,bandpass_n20003_cLL_V4_electrode_s5,phase2/results/predictions/full/independent_rms/tcn/seed_43/bandpass_n20003_cLL_V4_electrode_s5.npz,76162,9f8c52ce2dd171accd4cd3e5777e0799c931c01954a86ebb5df9b72c309b2e94
tcn,independent_rms,43,bandpass_n20003_cLL_V4_electrode_s0,phase2/results/predictions/full/independent_rms/tcn/seed_43/bandpass_n20003_cLL_V4_electrode_s0.npz,75795,b8bc2bac271ff678d4c2357b28be7a0bce2eb72c3378100a59962cbf4d3e3be1
tcn,independent_rms,43,bandpass_n20003_cLL_V4_covariance_s20,phase2/results/predictions/full/independent_rms/tcn/seed_43/bandpass_n20003_cLL_V4_covariance_s20.npz,76353,9f7823066826afc6dc5f9790b7fe61c1dcc6e02b78d571729ce54c46dfde8e3f
tcn,independent_rms,43,bandpass_n20003_cLL_V4_covariance_s15,phase2/results/predictions/full/independent_rms/tcn/seed_43/bandpass_n20003_cLL_V4_covariance_s15.npz,76363,37b036a1398b559f47f6fd6800aa21c007fcf156fe14f5bd54d9509e80b5f933
tcn,independent_rms,43,bandpass_n20003_cLL_V4_covariance_s10,phase2/results/predictions/full/independent_rms/tcn/seed_43/bandpass_n20003_cLL_V4_covariance_s10.npz,76266,52ca66fff165a7d565eba940a409f34aaaa3ab74e33db490665c10492b4bc06a
tcn,independent_rms,43,bandpass_n20003_cLL_V4_covariance_s5,phase2/results/predictions/full/independent_rms/tcn/seed_43/bandpass_n20003_cLL_V4_covariance_s5.npz,76147,8951aef1971c45242f1e0c562dad44fa4be64677295fdd8fabd6b06ee8a17ef6
tcn,independent_rms,43,bandpass_n20003_cLL_V4_covariance_s0,phase2/results/predictions/full/independent_rms/tcn/seed_43/bandpass_n20003_cLL_V4_covariance_s0.npz,75783,0b7b948dc90625de8817d57091baf7c93ac9921c4173e135a14d58c2bd78bfa6
tcn,independent_rms,43,bandpass_n20003_cRA_LA_V1_V6_independent_rms_s20,phase2/results/predictions/full/independent_rms/tcn/seed_43/bandpass_n20003_cRA_LA_V1_V6_independent_rms_s20.npz,76408,3f01af892b1a85ba6a8408d34f0ca37dd4c17515a49de8b2afb1b2c116142969
tcn,independent_rms,43,bandpass_n20003_cRA_LA_V1_V6_independent_rms_s15,phase2/results/predictions/full/independent_rms/tcn/seed_43/bandpass_n20003_cRA_LA_V1_V6_independent_rms_s15.npz,76382,d572d5fbac7309336c083ddaa454465b7a101dc3b4ebec78d63e46bbe4685830
tcn,independent_rms,43,bandpass_n20003_cRA_LA_V1_V6_independent_rms_s10,phase2/results/predictions/full/independent_rms/tcn/seed_43/bandpass_n20003_cRA_LA_V1_V6_independent_rms_s10.npz,76378,6699aa19ea8c294b6c6e6411614a374345a73098bdc2f0290465c7e24461f8ed
tcn,independent_rms,43,bandpass_n20003_cRA_LA_V1_V6_independent_rms_s5,phase2/results/predictions/full/independent_rms/tcn/seed_43/bandpass_n20003_cRA_LA_V1_V6_independent_rms_s5.npz,76205,f798669eea8a019afe048918725b16b8476ad5dc0728018063d7ebd3c18126ab
tcn,independent_rms,43,bandpass_n20003_cRA_LA_V1_V6_independent_rms_s0,phase2/results/predictions/full/independent_rms/tcn/seed_43/bandpass_n20003_cRA_LA_V1_V6_independent_rms_s0.npz,75950,ebd1f10f75852f404cf579e722d7a92e67295228331ee056fdf3fe34c74a0237
tcn,independent_rms,43,bandpass_n20003_cRA_LA_V1_V6_electrode_s20,phase2/results/predictions/full/independent_rms/tcn/seed_43/bandpass_n20003_cRA_LA_V1_V6_electrode_s20.npz,76387,47be620903fbf6dd87a4173e372f0377f1013709897f7ad6be51db7ca34b3c05
tcn,independent_rms,43,bandpass_n20003_cRA_LA_V1_V6_electrode_s15,phase2/results/predictions/full/independent_rms/tcn/seed_43/bandpass_n20003_cRA_LA_V1_V6_electrode_s15.npz,76365,ece585f4d6fc92ad3c6025ccd89905bbf559f4865e7f87a86c8c1845c62cf036
tcn,independent_rms,43,bandpass_n20003_cRA_LA_V1_V6_electrode_s10,phase2/results/predictions/full/independent_rms/tcn/seed_43/bandpass_n20003_cRA_LA_V1_V6_electrode_s10.npz,76259,2a400b1fee20caf14526d8eed276bb7ef79c8ad6afe2a3e01063d145d955b46e
tcn,independent_rms,43,bandpass_n20003_cRA_LA_V1_V6_electrode_s5,phase2/results/predictions/full/independent_rms/tcn/seed_43/bandpass_n20003_cRA_LA_V1_V6_electrode_s5.npz,76059,44b3e3b824e04ff0d0bc232c4667160745992dd0ef5e1d14d49859a0f49dd1ed
tcn,independent_rms,43,bandpass_n20003_cRA_LA_V1_V6_electrode_s0,phase2/results/predictions/full/independent_rms/tcn/seed_43/bandpass_n20003_cRA_LA_V1_V6_electrode_s0.npz,75565,adcb431fc00617c7ac90a346973c41002fda5ea40483fe603a33aca0c5d98c0b
tcn,independent_rms,43,bandpass_n20003_cRA_LA_V1_V6_covariance_s20,phase2/results/predictions/full/independent_rms/tcn/seed_43/bandpass_n20003_cRA_LA_V1_V6_covariance_s20.npz,76399,2658ae6d8db38e91295f99ebd99b8062250ccc808eab4b7fa726e644fdcee8d7
tcn,independent_rms,43,bandpass_n20003_cRA_LA_V1_V6_covariance_s15,phase2/results/predictions/full/independent_rms/tcn/seed_43/bandpass_n20003_cRA_LA_V1_V6_covariance_s15.npz,76366,d88a9bd9d91d0cdc5a6f7e32e2be10a6330380acbe6208b4bdde3609dcc31dcc
tcn,independent_rms,43,bandpass_n20003_cRA_LA_V1_V6_covariance_s10,phase2/results/predictions/full/independent_rms/tcn/seed_43/bandpass_n20003_cRA_LA_V1_V6_covariance_s10.npz,76262,0207c6da94fb53ebea57998ab266d8d851d930084b7b5b73652a1b25c99fa703
tcn,independent_rms,43,bandpass_n20003_cRA_LA_V1_V6_covariance_s5,phase2/results/predictions/full/independent_rms/tcn/seed_43/bandpass_n20003_cRA_LA_V1_V6_covariance_s5.npz,76064,f4ece84c10b918f51b310723b763d724e15e39a15164a0b294aabb124d13e913
tcn,independent_rms,43,bandpass_n20003_cRA_LA_V1_V6_covariance_s0,phase2/results/predictions/full/independent_rms/tcn/seed_43/bandpass_n20003_cRA_LA_V1_V6_covariance_s0.npz,75565,ee07252756e1b24c534f0808c9397ff91956013b635365ef241630dbd12dd9ae
tcn,independent_rms,43,bandpass_n20003_cRA_V2_V5_independent_rms_s20,phase2/results/predictions/full/independent_rms/tcn/seed_43/bandpass_n20003_cRA_V2_V5_independent_rms_s20.npz,76409,2e9ab917115f46e01ecc0461e434571165d57e30705caa2ab97b552216a481ae
tcn,independent_rms,43,bandpass_n20003_cRA_V2_V5_independent_rms_s15,phase2/results/predictions/full/independent_rms/tcn/seed_43/bandpass_n20003_cRA_V2_V5_independent_rms_s15.npz,76386,984c165cd1fdef9dbf48b32066aeeb32dc171ae6a50f1228fb189f2ef3a21bb9
tcn,independent_rms,43,bandpass_n20003_cRA_V2_V5_independent_rms_s10,phase2/results/predictions/full/independent_rms/tcn/seed_43/bandpass_n20003_cRA_V2_V5_independent_rms_s10.npz,76351,864da3e5e02ac11130247f2419310eb49abbef1c5845cdb803b7d123be9e5256
tcn,independent_rms,43,bandpass_n20003_cRA_V2_V5_independent_rms_s5,phase2/results/predictions/full/independent_rms/tcn/seed_43/bandpass_n20003_cRA_V2_V5_independent_rms_s5.npz,76239,fba498515517763cecb422fb735b10d2087b2e91b3b09609c05c3b1cb55af9dd
tcn,independent_rms,43,bandpass_n20003_cRA_V2_V5_independent_rms_s0,phase2/results/predictions/full/independent_rms/tcn/seed_43/bandpass_n20003_cRA_V2_V5_independent_rms_s0.npz,75951,5799f95f479c481df457004aef7caf0e0a982da646a3b2747c59158e2a42ee39
tcn,independent_rms,43,bandpass_n20003_cRA_V2_V5_electrode_s20,phase2/results/predictions/full/independent_rms/tcn/seed_43/bandpass_n20003_cRA_V2_V5_electrode_s20.npz,76391,c7d45a61b7711b69c5a16eb03b19ad8ed85ccd06dfee5d953b3a6e1130c805e3
tcn,independent_rms,43,bandpass_n20003_cRA_V2_V5_electrode_s15,phase2/results/predictions/full/independent_rms/tcn/seed_43/bandpass_n20003_cRA_V2_V5_electrode_s15.npz,76385,5c04b03c361a377d29cc86ba66d288144286237f00973060d3ca7818642aee72
tcn,independent_rms,43,bandpass_n20003_cRA_V2_V5_electrode_s10,phase2/results/predictions/full/independent_rms/tcn/seed_43/bandpass_n20003_cRA_V2_V5_electrode_s10.npz,76269,7893e7bbef4982054468d81cfd5f3470f84f784a12bdea24e3e00a23ea3f0397
tcn,independent_rms,43,bandpass_n20003_cRA_V2_V5_electrode_s5,phase2/results/predictions/full/independent_rms/tcn/seed_43/bandpass_n20003_cRA_V2_V5_electrode_s5.npz,76023,6d0e8424f35e80cf1e56d102118ec8522ad62bbe03fecf9a8e6f34209f4d5173
tcn,independent_rms,43,bandpass_n20003_cRA_V2_V5_electrode_s0,phase2/results/predictions/full/independent_rms/tcn/seed_43/bandpass_n20003_cRA_V2_V5_electrode_s0.npz,75510,3fa3f8d8d3d349a92e2787d35d1b88bf8835cef60079517205700a446d495fb6
tcn,independent_rms,43,bandpass_n20003_cRA_V2_V5_covariance_s20,phase2/results/predictions/full/independent_rms/tcn/seed_43/bandpass_n20003_cRA_V2_V5_covariance_s20.npz,76398,a15ff8fe6f37146aadb7e4a8b13a9c8c79bf3ce5193a0c99e826611d948abe33
tcn,independent_rms,43,bandpass_n20003_cRA_V2_V5_covariance_s15,phase2/results/predictions/full/independent_rms/tcn/seed_43/bandpass_n20003_cRA_V2_V5_covariance_s15.npz,76355,70b2285fe3a4abd26236409fa6265513d360bc76bcf873579a73fea38578a279
tcn,independent_rms,43,bandpass_n20003_cRA_V2_V5_covariance_s10,phase2/results/predictions/full/independent_rms/tcn/seed_43/bandpass_n20003_cRA_V2_V5_covariance_s10.npz,76253,68d54382a994741714e6d83b1c4279407da771d2a6637a70eb4ea8c648ee0dc3
tcn,independent_rms,43,bandpass_n20003_cRA_V2_V5_covariance_s5,phase2/results/predictions/full/independent_rms/tcn/seed_43/bandpass_n20003_cRA_V2_V5_covariance_s5.npz,76013,01daa4766f23fe5faa1d1a35792dc1b11adce568155eead674e6197898b69cba
tcn,independent_rms,43,bandpass_n20003_cRA_V2_V5_covariance_s0,phase2/results/predictions/full/independent_rms/tcn/seed_43/bandpass_n20003_cRA_V2_V5_covariance_s0.npz,75515,0c173408dc165e9c31b0756ab9303e89b2cfa5234e705a0e3ab6d414aa94f6ed
tcn,independent_rms,43,bandpass_n20003_cLA_V3_V6_independent_rms_s20,phase2/results/predictions/full/independent_rms/tcn/seed_43/bandpass_n20003_cLA_V3_V6_independent_rms_s20.npz,76422,d0e02b354998bcc09a160bd268a1063a59c9a237c4e758de9ab33ea2f938f99f
tcn,independent_rms,43,bandpass_n20003_cLA_V3_V6_independent_rms_s15,phase2/results/predictions/full/independent_rms/tcn/seed_43/bandpass_n20003_cLA_V3_V6_independent_rms_s15.npz,76401,5712bf99aa36422b17a206608bf5c6bdcef2eccd585524034112b4981bb42efe
tcn,independent_rms,43,bandpass_n20003_cLA_V3_V6_independent_rms_s10,phase2/results/predictions/full/independent_rms/tcn/seed_43/bandpass_n20003_cLA_V3_V6_independent_rms_s10.npz,76349,33970525831720d9e61c01f9595d921ce35295a0e6574ad30dc897f72a26140f
tcn,independent_rms,43,bandpass_n20003_cLA_V3_V6_independent_rms_s5,phase2/results/predictions/full/independent_rms/tcn/seed_43/bandpass_n20003_cLA_V3_V6_independent_rms_s5.npz,76227,19dca095db0b65f4d51a6438ca02074f8008070958b979281d02984c575d0f12
tcn,independent_rms,43,bandpass_n20003_cLA_V3_V6_independent_rms_s0,phase2/results/predictions/full/independent_rms/tcn/seed_43/bandpass_n20003_cLA_V3_V6_independent_rms_s0.npz,75986,82349496c305bce478d210d82948099361ae09c515a0a610fa4c169cfcc7e09d
tcn,independent_rms,43,bandpass_n20003_cLA_V3_V6_electrode_s20,phase2/results/predictions/full/independent_rms/tcn/seed_43/bandpass_n20003_cLA_V3_V6_electrode_s20.npz,76382,34f78adde64bd7ef301dfef9aee4a2be2a6dffbcf5f21cbdf8ad198faa8b4f23
tcn,independent_rms,43,bandpass_n20003_cLA_V3_V6_electrode_s15,phase2/results/predictions/full/independent_rms/tcn/seed_43/bandpass_n20003_cLA_V3_V6_electrode_s15.npz,76373,8aa67795c8c5c60b4b469689fda742eccfe8710c02b984ad557d1956fa965a3a
tcn,independent_rms,43,bandpass_n20003_cLA_V3_V6_electrode_s10,phase2/results/predictions/full/independent_rms/tcn/seed_43/bandpass_n20003_cLA_V3_V6_electrode_s10.npz,76332,7c867649e6adbfe4aea779d5043e20882085146f10e145ce837de27a46965c51
tcn,independent_rms,43,bandpass_n20003_cLA_V3_V6_electrode_s5,phase2/results/predictions/full/independent_rms/tcn/seed_43/bandpass_n20003_cLA_V3_V6_electrode_s5.npz,76192,73c58008a9c4f452adcfaaec6c0c6b1e48f4ae445f8db3b9625043ebc33724fc
tcn,independent_rms,43,bandpass_n20003_cLA_V3_V6_electrode_s0,phase2/results/predictions/full/independent_rms/tcn/seed_43/bandpass_n20003_cLA_V3_V6_electrode_s0.npz,75855,53a17d0deba18c4cb9ff19fd82033dbb133a9ee1af928d61d28466fc82e2e7ec
tcn,independent_rms,43,bandpass_n20003_cLA_V3_V6_covariance_s20,phase2/results/predictions/full/independent_rms/tcn/seed_43/bandpass_n20003_cLA_V3_V6_covariance_s20.npz,76386,431aff1a42c72ecd7e6d8c1245e8c9e37eff4e3f3fb1326594184928ec0152f8
tcn,independent_rms,43,bandpass_n20003_cLA_V3_V6_covariance_s15,phase2/results/predictions/full/independent_rms/tcn/seed_43/bandpass_n20003_cLA_V3_V6_covariance_s15.npz,76376,3ff71f1973b3d79bad5b99cf458dabd13eb3942786e786685e60fff92b394dcf
tcn,independent_rms,43,bandpass_n20003_cLA_V3_V6_covariance_s10,phase2/results/predictions/full/independent_rms/tcn/seed_43/bandpass_n20003_cLA_V3_V6_covariance_s10.npz,76313,783cb3a9677e0732ff74d3ebab55215f0a759a8d41c0b6d61c4c0c0090a42a1e
tcn,independent_rms,43,bandpass_n20003_cLA_V3_V6_covariance_s5,phase2/results/predictions/full/independent_rms/tcn/seed_43/bandpass_n20003_cLA_V3_V6_covariance_s5.npz,76182,5ca9fb4ba06f74ec4742f74f4e0eadfbaa95a99588daaee9941cd399f0a11786
tcn,independent_rms,43,bandpass_n20003_cLA_V3_V6_covariance_s0,phase2/results/predictions/full/independent_rms/tcn/seed_43/bandpass_n20003_cLA_V3_V6_covariance_s0.npz,75804,88cd473e91502bbd104642e8e14565a16e31f0d2015d2fa735e51e7d8484c807
tcn,independent_rms,43,bandpass_n20003_cLL_V1_V4_independent_rms_s20,phase2/results/predictions/full/independent_rms/tcn/seed_43/bandpass_n20003_cLL_V1_V4_independent_rms_s20.npz,76412,1d13f71512f101173138db704641997a62e1d37a2d23517105d56219e5b10339
tcn,independent_rms,43,bandpass_n20003_cLL_V1_V4_independent_rms_s15,phase2/results/predictions/full/independent_rms/tcn/seed_43/bandpass_n20003_cLL_V1_V4_independent_rms_s15.npz,76389,f5a2db5ab03e03003bb04ee4bbb7ece649a7498abd39b16fe4b9e8e261f3b304
tcn,independent_rms,43,bandpass_n20003_cLL_V1_V4_independent_rms_s10,phase2/results/predictions/full/independent_rms/tcn/seed_43/bandpass_n20003_cLL_V1_V4_independent_rms_s10.npz,76353,6be49403d872705ed2cecfc0b54400f7492226e288a0309a48e4d3adb2058659
tcn,independent_rms,43,bandpass_n20003_cLL_V1_V4_independent_rms_s5,phase2/results/predictions/full/independent_rms/tcn/seed_43/bandpass_n20003_cLL_V1_V4_independent_rms_s5.npz,76245,ec8195587ca866250e668865d4d5205a7abe8c5e8e94d8253255b56e2c1719a7
tcn,independent_rms,43,bandpass_n20003_cLL_V1_V4_independent_rms_s0,phase2/results/predictions/full/independent_rms/tcn/seed_43/bandpass_n20003_cLL_V1_V4_independent_rms_s0.npz,75934,9353cf14f122c4119ee17f7170517dd1806585724467b8ee1733a7ef3b207963
tcn,independent_rms,43,bandpass_n20003_cLL_V1_V4_electrode_s20,phase2/results/predictions/full/independent_rms/tcn/seed_43/bandpass_n20003_cLL_V1_V4_electrode_s20.npz,76379,846431fec081f712b9e40afe73bb4f48112762ca9a04372a48057209fa70dd49
tcn,independent_rms,43,bandpass_n20003_cLL_V1_V4_electrode_s15,phase2/results/predictions/full/independent_rms/tcn/seed_43/bandpass_n20003_cLL_V1_V4_electrode_s15.npz,76364,df6be9af93d13756b3b1d418cb4544af407ebf2c2c4eddf075705ed347580d30
tcn,independent_rms,43,bandpass_n20003_cLL_V1_V4_electrode_s10,phase2/results/predictions/full/independent_rms/tcn/seed_43/bandpass_n20003_cLL_V1_V4_electrode_s10.npz,76323,fe68ab8042083eb999ddd711e2de11d0905288549e529ff50a22104f1c09b607
tcn,independent_rms,43,bandpass_n20003_cLL_V1_V4_electrode_s5,phase2/results/predictions/full/independent_rms/tcn/seed_43/bandpass_n20003_cLL_V1_V4_electrode_s5.npz,76139,0ec007aef4aa41aa03383ee24f38510c244aaec105dfddfd1bcf6ee3d2f9cb12
tcn,independent_rms,43,bandpass_n20003_cLL_V1_V4_electrode_s0,phase2/results/predictions/full/independent_rms/tcn/seed_43/bandpass_n20003_cLL_V1_V4_electrode_s0.npz,75795,e7542309ff2684b5e8bd7c7c63f50cdbdc4286926136173ede7b6fa3a03d4d6a
tcn,independent_rms,43,bandpass_n20003_cLL_V1_V4_covariance_s20,phase2/results/predictions/full/independent_rms/tcn/seed_43/bandpass_n20003_cLL_V1_V4_covariance_s20.npz,76379,05de6d3d5cc477b103838666d9a630558f5bc02378722bd029fb256890b6be85
tcn,independent_rms,43,bandpass_n20003_cLL_V1_V4_covariance_s15,phase2/results/predictions/full/independent_rms/tcn/seed_43/bandpass_n20003_cLL_V1_V4_covariance_s15.npz,76393,599c88a228aa4659c86eee68649c51273874a6828830f7872502256d51e337db
tcn,independent_rms,43,bandpass_n20003_cLL_V1_V4_covariance_s10,phase2/results/predictions/full/independent_rms/tcn/seed_43/bandpass_n20003_cLL_V1_V4_covariance_s10.npz,76309,0ee518da0f0dd300be11d0590702f4cdd3cd1a5119b2cba38469665584ac36d0
tcn,independent_rms,43,bandpass_n20003_cLL_V1_V4_covariance_s5,phase2/results/predictions/full/independent_rms/tcn/seed_43/bandpass_n20003_cLL_V1_V4_covariance_s5.npz,76143,448a844a44cdf670c618b86f26e5b16f06910e697a3ba2950e063f30a64dfd0c
tcn,independent_rms,43,bandpass_n20003_cLL_V1_V4_covariance_s0,phase2/results/predictions/full/independent_rms/tcn/seed_43/bandpass_n20003_cLL_V1_V4_covariance_s0.npz,75819,df98a9a77c35c678141385279061f800e02f4e4b9c16283b5e2e3d63eac61bee
tcn,independent_rms,43,bandpass_n20003_call_independent_rms_s20,phase2/results/predictions/full/independent_rms/tcn/seed_43/bandpass_n20003_call_independent_rms_s20.npz,76343,f18c8566e71b961c12002775c74f162845f54b0d2ee39981a8f6221b8d29e981
tcn,independent_rms,43,bandpass_n20003_call_independent_rms_s15,phase2/results/predictions/full/independent_rms/tcn/seed_43/bandpass_n20003_call_independent_rms_s15.npz,76367,eba37089cefc298e69f55e8ba44c2b0d1d03b31c200888a88cced87c26ef92fb
tcn,independent_rms,43,bandpass_n20003_call_independent_rms_s10,phase2/results/predictions/full/independent_rms/tcn/seed_43/bandpass_n20003_call_independent_rms_s10.npz,76342,d2effe5176bf4af4cfeed49a2cba6a2451ad6810417144e21bbf0b566c43d016
tcn,independent_rms,43,bandpass_n20003_call_independent_rms_s5,phase2/results/predictions/full/independent_rms/tcn/seed_43/bandpass_n20003_call_independent_rms_s5.npz,76220,8edae2fca9182790f9a4f50d40d44a17953ddea6c43f581359d233682a9c8bb8
tcn,independent_rms,43,bandpass_n20003_call_independent_rms_s0,phase2/results/predictions/full/independent_rms/tcn/seed_43/bandpass_n20003_call_independent_rms_s0.npz,75895,e2b30d4c587103da68360224dc53d5a30940a83ba0d351ec3e5703e7ae908b36
tcn,independent_rms,43,bandpass_n20003_call_electrode_s20,phase2/results/predictions/full/independent_rms/tcn/seed_43/bandpass_n20003_call_electrode_s20.npz,76361,bf61de1cbb638b923d593efbc2da764104063454a4ff2868d649f6f1aa600df8
tcn,independent_rms,43,bandpass_n20003_call_electrode_s15,phase2/results/predictions/full/independent_rms/tcn/seed_43/bandpass_n20003_call_electrode_s15.npz,76345,9d6be8d3f08bdcaa13fad5bcf731e2a4db24a6649cafddcd18910b850c13039e
tcn,independent_rms,43,bandpass_n20003_call_electrode_s10,phase2/results/predictions/full/independent_rms/tcn/seed_43/bandpass_n20003_call_electrode_s10.npz,76231,924a77d577544fe3215fdd0ed8604b8726bd9564104821e834f11cb4305c0159
tcn,independent_rms,43,bandpass_n20003_call_electrode_s5,phase2/results/predictions/full/independent_rms/tcn/seed_43/bandpass_n20003_call_electrode_s5.npz,76102,88bbc74baff00baefb955f00fac30952e151357d3c632b92c2c6e2a937f27a27
tcn,independent_rms,43,bandpass_n20003_call_electrode_s0,phase2/results/predictions/full/independent_rms/tcn/seed_43/bandpass_n20003_call_electrode_s0.npz,75605,f1c1cbc2d808a161911f80616507e7cfddb673088600c7bb39aef2e293ccfa30
tcn,independent_rms,43,bandpass_n20003_call_covariance_s20,phase2/results/predictions/full/independent_rms/tcn/seed_43/bandpass_n20003_call_covariance_s20.npz,76364,495eb20d596bd6b00a158de8697376c545fe979d83326db96fdb7972208e0d59
tcn,independent_rms,43,bandpass_n20003_call_covariance_s15,phase2/results/predictions/full/independent_rms/tcn/seed_43/bandpass_n20003_call_covariance_s15.npz,76360,63b632eadd16ab6f47376dfd1e1a545c4b42f6584e75dcf77f0a6e611db61554
tcn,independent_rms,43,bandpass_n20003_call_covariance_s10,phase2/results/predictions/full/independent_rms/tcn/seed_43/bandpass_n20003_call_covariance_s10.npz,76271,e5b6d298813d3c7d185f076ae3db687f4f91789de969a97ae62c512f02c59b3f
tcn,independent_rms,43,bandpass_n20003_call_covariance_s5,phase2/results/predictions/full/independent_rms/tcn/seed_43/bandpass_n20003_call_covariance_s5.npz,76099,c4542bc023098d09a21d8a326600f051d754b9cf51993e754faece42505d045f
tcn,independent_rms,43,bandpass_n20003_call_covariance_s0,phase2/results/predictions/full/independent_rms/tcn/seed_43/bandpass_n20003_call_covariance_s0.npz,75606,91733e25c6750dfb4ccafc1c809b95f276864af8dc29684f1be1cf9d82b63941
tcn,independent_rms,43,bandpass_n20004_cRA_LA_LL_independent_rms_s20,phase2/results/predictions/full/independent_rms/tcn/seed_43/bandpass_n20004_cRA_LA_LL_independent_rms_s20.npz,76389,0bc3238a21990db9e27b10501e613be9397a6b6f38c5df4dc88c0fcf2ae5c370
tcn,independent_rms,43,bandpass_n20004_cRA_LA_LL_independent_rms_s15,phase2/results/predictions/full/independent_rms/tcn/seed_43/bandpass_n20004_cRA_LA_LL_independent_rms_s15.npz,76400,500ec593dc6006a6afc1037406b914c5e9962f35ca0de2e38225c218910fc03a
tcn,independent_rms,43,bandpass_n20004_cRA_LA_LL_independent_rms_s10,phase2/results/predictions/full/independent_rms/tcn/seed_43/bandpass_n20004_cRA_LA_LL_independent_rms_s10.npz,76373,5c19114a4e4d8ed5e4369a31e8d12ae0374a499ae0b4137f8e5af8eba31016d0
tcn,independent_rms,43,bandpass_n20004_cRA_LA_LL_independent_rms_s5,phase2/results/predictions/full/independent_rms/tcn/seed_43/bandpass_n20004_cRA_LA_LL_independent_rms_s5.npz,76213,bbf09ca877a81a03bb7985353306b6726ca8bd611c409656fa31b9c1e37832e4
tcn,independent_rms,43,bandpass_n20004_cRA_LA_LL_independent_rms_s0,phase2/results/predictions/full/independent_rms/tcn/seed_43/bandpass_n20004_cRA_LA_LL_independent_rms_s0.npz,75920,a5354faa3521ab390e6d43f5b7421fcb879f5152e8b9e66ba1381047065b6c51
tcn,independent_rms,43,bandpass_n20004_cRA_LA_LL_electrode_s20,phase2/results/predictions/full/independent_rms/tcn/seed_43/bandpass_n20004_cRA_LA_LL_electrode_s20.npz,76361,eddb0fce33a1d413de62907a4400751dc98ea7f5cf0234b2f4b1091afbf1f87e
tcn,independent_rms,43,bandpass_n20004_cRA_LA_LL_electrode_s15,phase2/results/predictions/full/independent_rms/tcn/seed_43/bandpass_n20004_cRA_LA_LL_electrode_s15.npz,76342,b0baa08fea5e53bcc9ec5addacdf63b1bdb8d49e038ee0e3c15eaca32da30da8
tcn,independent_rms,43,bandpass_n20004_cRA_LA_LL_electrode_s10,phase2/results/predictions/full/independent_rms/tcn/seed_43/bandpass_n20004_cRA_LA_LL_electrode_s10.npz,76241,ec7079338b3950bc90c60aa120abfd051945b69077ed8a66e193f74ec457e78d
tcn,independent_rms,43,bandpass_n20004_cRA_LA_LL_electrode_s5,phase2/results/predictions/full/independent_rms/tcn/seed_43/bandpass_n20004_cRA_LA_LL_electrode_s5.npz,76040,21e5a417910bba9af5163af242b1f9fe6920dd9ad2e6b546b03f97f9886e6fe6
tcn,independent_rms,43,bandpass_n20004_cRA_LA_LL_electrode_s0,phase2/results/predictions/full/independent_rms/tcn/seed_43/bandpass_n20004_cRA_LA_LL_electrode_s0.npz,75510,756e99e08a04c3ef83087dd928c1b99a4400d06b4b7a66a61b8b1278a9c96887
tcn,independent_rms,43,bandpass_n20004_cRA_LA_LL_covariance_s20,phase2/results/predictions/full/independent_rms/tcn/seed_43/bandpass_n20004_cRA_LA_LL_covariance_s20.npz,76378,8927c32b4c2361b1f8a23055995fcaec0844448c0fb0824530cca8a65267f7ed
tcn,independent_rms,43,bandpass_n20004_cRA_LA_LL_covariance_s15,phase2/results/predictions/full/independent_rms/tcn/seed_43/bandpass_n20004_cRA_LA_LL_covariance_s15.npz,76336,59155a1aa94fa70b19f0cf5b9f2d2faf05c01b67d6eea233712f6dd6ac95351d
tcn,independent_rms,43,bandpass_n20004_cRA_LA_LL_covariance_s10,phase2/results/predictions/full/independent_rms/tcn/seed_43/bandpass_n20004_cRA_LA_LL_covariance_s10.npz,76231,259c6d70b6f8e303a553b0dc38b9c34a1f22f72227f8e0c2847a19ee0ac4319a
tcn,independent_rms,43,bandpass_n20004_cRA_LA_LL_covariance_s5,phase2/results/predictions/full/independent_rms/tcn/seed_43/bandpass_n20004_cRA_LA_LL_covariance_s5.npz,76035,73421d5d084efff6d553fce1d8953edfb28c2965ff93e6563b34cd45949bc842
tcn,independent_rms,43,bandpass_n20004_cRA_LA_LL_covariance_s0,phase2/results/predictions/full/independent_rms/tcn/seed_43/bandpass_n20004_cRA_LA_LL_covariance_s0.npz,75542,ab8d7932b7fe0cdb46e42972584c70b76aec768be421b6288c10e87c01e05b3b
tcn,independent_rms,43,bandpass_n20004_cV1_independent_rms_s20,phase2/results/predictions/full/independent_rms/tcn/seed_43/bandpass_n20004_cV1_independent_rms_s20.npz,76354,73a8824a3a02213e3f4d7edcebfc67fd0382adc4da3667ee8b8a446c7044aed9
tcn,independent_rms,43,bandpass_n20004_cV1_independent_rms_s15,phase2/results/predictions/full/independent_rms/tcn/seed_43/bandpass_n20004_cV1_independent_rms_s15.npz,76353,1bbb6bb41576e3229c64710639489d3b171a6c38b42d941d7656e06439bd19f7
tcn,independent_rms,43,bandpass_n20004_cV1_independent_rms_s10,phase2/results/predictions/full/independent_rms/tcn/seed_43/bandpass_n20004_cV1_independent_rms_s10.npz,76316,887129130113487230ad2b03464d4ee3f1f5e62d28846f66b9392b634a3f1bd8
tcn,independent_rms,43,bandpass_n20004_cV1_independent_rms_s5,phase2/results/predictions/full/independent_rms/tcn/seed_43/bandpass_n20004_cV1_independent_rms_s5.npz,76168,ec32513faa242a3e8add42355d1ec231932166f08751b1501939dbac211bda8e
tcn,independent_rms,43,bandpass_n20004_cV1_independent_rms_s0,phase2/results/predictions/full/independent_rms/tcn/seed_43/bandpass_n20004_cV1_independent_rms_s0.npz,75897,a08ca03f210e235c2c685164749ef42bb40091dc0b8a2b7c31396ae7be12cd2c
tcn,independent_rms,43,bandpass_n20004_cV1_electrode_s20,phase2/results/predictions/full/independent_rms/tcn/seed_43/bandpass_n20004_cV1_electrode_s20.npz,76385,7b16936df8ee7a19c8104773fc53e1f3050e25ca7807aa29a63a093ef361b081
tcn,independent_rms,43,bandpass_n20004_cV1_electrode_s15,phase2/results/predictions/full/independent_rms/tcn/seed_43/bandpass_n20004_cV1_electrode_s15.npz,76367,74e22345a7c6616d298afd7eef5abda25b3ae6feb8d65c9fb9023cd6a41e504d
tcn,independent_rms,43,bandpass_n20004_cV1_electrode_s10,phase2/results/predictions/full/independent_rms/tcn/seed_43/bandpass_n20004_cV1_electrode_s10.npz,76311,cdb917bca844b002f0101a5186713cd05b62c174df586bc4782a523651d61968
tcn,independent_rms,43,bandpass_n20004_cV1_electrode_s5,phase2/results/predictions/full/independent_rms/tcn/seed_43/bandpass_n20004_cV1_electrode_s5.npz,76144,13bfb50e53791e165a65fcc1883004b8581c830241a70b9b0c15e639b2be1804
tcn,independent_rms,43,bandpass_n20004_cV1_electrode_s0,phase2/results/predictions/full/independent_rms/tcn/seed_43/bandpass_n20004_cV1_electrode_s0.npz,75913,72e1d37959b81559a0684d2ea373a8b915a82aad9b619deeb31586ebcd39b1f1
tcn,independent_rms,43,bandpass_n20004_cV1_covariance_s20,phase2/results/predictions/full/independent_rms/tcn/seed_43/bandpass_n20004_cV1_covariance_s20.npz,76371,554929ae286c7784233cbecfe3d8441fae3a97decbbe59e88c3eca3b5afff9ea
tcn,independent_rms,43,bandpass_n20004_cV1_covariance_s15,phase2/results/predictions/full/independent_rms/tcn/seed_43/bandpass_n20004_cV1_covariance_s15.npz,76368,a1da826c2fc456e34419ed7acaee0d6d615087d289f0332484637a7aff207ae8
tcn,independent_rms,43,bandpass_n20004_cV1_covariance_s10,phase2/results/predictions/full/independent_rms/tcn/seed_43/bandpass_n20004_cV1_covariance_s10.npz,76293,fff2a04fc9724023661e766ffe50cf79ad2103b53b2d3bcf062a73f97993cb13
tcn,independent_rms,43,bandpass_n20004_cV1_covariance_s5,phase2/results/predictions/full/independent_rms/tcn/seed_43/bandpass_n20004_cV1_covariance_s5.npz,76164,3cd3862509d42d41d688ac926dcb532298e098b6ecacbe7861f4ced707991e44
tcn,independent_rms,43,bandpass_n20004_cV1_covariance_s0,phase2/results/predictions/full/independent_rms/tcn/seed_43/bandpass_n20004_cV1_covariance_s0.npz,75893,4c3cb5c6b71689a5606555798a84736032992f00275aab6efb022d8b0b250ff9
tcn,independent_rms,43,bandpass_n20004_cV2_independent_rms_s20,phase2/results/predictions/full/independent_rms/tcn/seed_43/bandpass_n20004_cV2_independent_rms_s20.npz,76384,e4eb3f2d01b3eb8db5b0101dd7d7d0331b6db702fa8143447902674520798378
tcn,independent_rms,43,bandpass_n20004_cV2_independent_rms_s15,phase2/results/predictions/full/independent_rms/tcn/seed_43/bandpass_n20004_cV2_independent_rms_s15.npz,76376,f67fcdfeb882304bcd01363c1250fc30b869ae73aaebf917d28b6acd1a0598cd
tcn,independent_rms,43,bandpass_n20004_cV2_independent_rms_s10,phase2/results/predictions/full/independent_rms/tcn/seed_43/bandpass_n20004_cV2_independent_rms_s10.npz,76313,606363a8462fc75c034d061fd251573751a505946c6205b4dccc3dd52f7dccf7
tcn,independent_rms,43,bandpass_n20004_cV2_independent_rms_s5,phase2/results/predictions/full/independent_rms/tcn/seed_43/bandpass_n20004_cV2_independent_rms_s5.npz,76214,a83f6aadda38b663781535ba086d7df4eb50ea03f544476f9505f2254ebe8327
tcn,independent_rms,43,bandpass_n20004_cV2_independent_rms_s0,phase2/results/predictions/full/independent_rms/tcn/seed_43/bandpass_n20004_cV2_independent_rms_s0.npz,75970,12c4cbe8e8bd16ec417a85945267fc04affde2891733ab53c4ec173c3e331912
tcn,independent_rms,43,bandpass_n20004_cV2_electrode_s20,phase2/results/predictions/full/independent_rms/tcn/seed_43/bandpass_n20004_cV2_electrode_s20.npz,76375,2731065195dca25557a45b9d698a1d9cfdbb0ceafa41f1c7f8d4bd605cdd8e57
tcn,independent_rms,43,bandpass_n20004_cV2_electrode_s15,phase2/results/predictions/full/independent_rms/tcn/seed_43/bandpass_n20004_cV2_electrode_s15.npz,76387,bc05b8cf6adc4490d52fea77d9ad24e294b34ef9acc8b558fb621c4e58e3fc5e
tcn,independent_rms,43,bandpass_n20004_cV2_electrode_s10,phase2/results/predictions/full/independent_rms/tcn/seed_43/bandpass_n20004_cV2_electrode_s10.npz,76284,72fbcc0ac8c58938092214bc9ba48ffb0af914ea8ee232a55ffd46af89f7ad77
tcn,independent_rms,43,bandpass_n20004_cV2_electrode_s5,phase2/results/predictions/full/independent_rms/tcn/seed_43/bandpass_n20004_cV2_electrode_s5.npz,76231,b73a8a3b41b4be2bfb27fda689d4e0abfbb46e4bbcc0d4d00bcac0f69c61c4cc
tcn,independent_rms,43,bandpass_n20004_cV2_electrode_s0,phase2/results/predictions/full/independent_rms/tcn/seed_43/bandpass_n20004_cV2_electrode_s0.npz,75984,b1a691a6f5778bd635f57ac06d92b3d5bb95dd5a76f5f3e67c7d63db1b35645a
tcn,independent_rms,43,bandpass_n20004_cV2_covariance_s20,phase2/results/predictions/full/independent_rms/tcn/seed_43/bandpass_n20004_cV2_covariance_s20.npz,76362,33fc6d0bd018b884e6273da513f8c6e3921f775b340bca7697c6a9e002f145c8
tcn,independent_rms,43,bandpass_n20004_cV2_covariance_s15,phase2/results/predictions/full/independent_rms/tcn/seed_43/bandpass_n20004_cV2_covariance_s15.npz,76373,b90ac3f398fc6133043168860dffbd2c1bd306ff4856af029e7c55e583b25f20
tcn,independent_rms,43,bandpass_n20004_cV2_covariance_s10,phase2/results/predictions/full/independent_rms/tcn/seed_43/bandpass_n20004_cV2_covariance_s10.npz,76323,5cd4d54c751c72de969d0041048ff9f3a4bb250e553059cb4e03c065ab290bef
tcn,independent_rms,43,bandpass_n20004_cV2_covariance_s5,phase2/results/predictions/full/independent_rms/tcn/seed_43/bandpass_n20004_cV2_covariance_s5.npz,76212,793b726469114499ed1b76a3f18ee8897f61be65939a483a662f4246398362b2
tcn,independent_rms,43,bandpass_n20004_cV2_covariance_s0,phase2/results/predictions/full/independent_rms/tcn/seed_43/bandpass_n20004_cV2_covariance_s0.npz,75941,73595a8f22d502133db2c987cf8a4056bf7b40163972015fa5ac617a40242d33
tcn,independent_rms,43,bandpass_n20004_cV3_independent_rms_s20,phase2/results/predictions/full/independent_rms/tcn/seed_43/bandpass_n20004_cV3_independent_rms_s20.npz,76359,ff7339e786e6cf05e22a71807c47f6f052e9e964817a5b80fd4275d39a720b9f
tcn,independent_rms,43,bandpass_n20004_cV3_independent_rms_s15,phase2/results/predictions/full/independent_rms/tcn/seed_43/bandpass_n20004_cV3_independent_rms_s15.npz,76350,73462f97925f230c60eab5c2cff6d2b7ff39bf6bf99c03f75432aa3f792d3195
tcn,independent_rms,43,bandpass_n20004_cV3_independent_rms_s10,phase2/results/predictions/full/independent_rms/tcn/seed_43/bandpass_n20004_cV3_independent_rms_s10.npz,76386,9188a572b3b29e43eb4d9b5fdabb13a1ffacfe3c6f9e6803b02fe94e06c4b3e9
tcn,independent_rms,43,bandpass_n20004_cV3_independent_rms_s5,phase2/results/predictions/full/independent_rms/tcn/seed_43/bandpass_n20004_cV3_independent_rms_s5.npz,76348,f45c7d8ee9e0ce590cf0198b3063868fc719cbe8141af32a3bf82df948fd5326
tcn,independent_rms,43,bandpass_n20004_cV3_independent_rms_s0,phase2/results/predictions/full/independent_rms/tcn/seed_43/bandpass_n20004_cV3_independent_rms_s0.npz,76174,69e583d0825551c0fc9383d59c9cf42315f79a75857e52b4055caac7f134288a
tcn,independent_rms,43,bandpass_n20004_cV3_electrode_s20,phase2/results/predictions/full/independent_rms/tcn/seed_43/bandpass_n20004_cV3_electrode_s20.npz,76328,d77f7b66847084d121c815723db61d988e3f8acf0bca4ed64ed39a8da1688e41
tcn,independent_rms,43,bandpass_n20004_cV3_electrode_s15,phase2/results/predictions/full/independent_rms/tcn/seed_43/bandpass_n20004_cV3_electrode_s15.npz,76391,320854208dbec9ffd453ff51db5b4825d8dc5d85907c6b4138f12b2d21cc8082
tcn,independent_rms,43,bandpass_n20004_cV3_electrode_s10,phase2/results/predictions/full/independent_rms/tcn/seed_43/bandpass_n20004_cV3_electrode_s10.npz,76346,427ae52296c9807b046be1fb318a3f4c17d3648a2ab2d5c53b63505f5febc410
tcn,independent_rms,43,bandpass_n20004_cV3_electrode_s5,phase2/results/predictions/full/independent_rms/tcn/seed_43/bandpass_n20004_cV3_electrode_s5.npz,76287,cf876ca7babdd4baf8e5eebe64d5925b28c9246a9e6d1811f72cb8aaf398b217
tcn,independent_rms,43,bandpass_n20004_cV3_electrode_s0,phase2/results/predictions/full/independent_rms/tcn/seed_43/bandpass_n20004_cV3_electrode_s0.npz,76114,2641972658862e855dd2b1064e452ae227de0c8207b6aadcdffc6158a53bd691
tcn,independent_rms,43,bandpass_n20004_cV3_covariance_s20,phase2/results/predictions/full/independent_rms/tcn/seed_43/bandpass_n20004_cV3_covariance_s20.npz,76391,b2d436810be3ac8641a9e89caf8ca8232f638f56a0c02e9b4eeb01e4c9690451
tcn,independent_rms,43,bandpass_n20004_cV3_covariance_s15,phase2/results/predictions/full/independent_rms/tcn/seed_43/bandpass_n20004_cV3_covariance_s15.npz,76357,cee8be99349c4f0de65cab6cc29bc23d0833379daaa5afd68b205ad0f6eb8971
tcn,independent_rms,43,bandpass_n20004_cV3_covariance_s10,phase2/results/predictions/full/independent_rms/tcn/seed_43/bandpass_n20004_cV3_covariance_s10.npz,76356,5d53193e5c424a52a9db7ea4920c82a30f49f65624286659d135a95ce4c0a4c1
tcn,independent_rms,43,bandpass_n20004_cV3_covariance_s5,phase2/results/predictions/full/independent_rms/tcn/seed_43/bandpass_n20004_cV3_covariance_s5.npz,76314,567552454975b86907216881956d4dd8930c954e6e958ada668f53cd6da4c497
tcn,independent_rms,43,bandpass_n20004_cV3_covariance_s0,phase2/results/predictions/full/independent_rms/tcn/seed_43/bandpass_n20004_cV3_covariance_s0.npz,76157,d12800b051ef49f60c343b4613a5d2067be3121dd749e5bfa7979c609331fb8b
tcn,independent_rms,43,bandpass_n20004_cV4_independent_rms_s20,phase2/results/predictions/full/independent_rms/tcn/seed_43/bandpass_n20004_cV4_independent_rms_s20.npz,76377,b9ccdd21dae9982ff4a01d06a3c8c3ece9254cf38a5191d2d4d27b2a16017d9f
tcn,independent_rms,43,bandpass_n20004_cV4_independent_rms_s15,phase2/results/predictions/full/independent_rms/tcn/seed_43/bandpass_n20004_cV4_independent_rms_s15.npz,76372,197d5f0c0e6a8b53684f512883974b6c1cb76648266bf367740750f9ddb11f3a
tcn,independent_rms,43,bandpass_n20004_cV4_independent_rms_s10,phase2/results/predictions/full/independent_rms/tcn/seed_43/bandpass_n20004_cV4_independent_rms_s10.npz,76375,de3dfcf0dec4f667be6ff25f15f501b53634a3cc77bac9805f60f3a2fd0ff7be
tcn,independent_rms,43,bandpass_n20004_cV4_independent_rms_s5,phase2/results/predictions/full/independent_rms/tcn/seed_43/bandpass_n20004_cV4_independent_rms_s5.npz,76248,ad9c07bcada1c27eaec2a716a47d6e7ec0193daa24e8153e386dca90f7816b0c
tcn,independent_rms,43,bandpass_n20004_cV4_independent_rms_s0,phase2/results/predictions/full/independent_rms/tcn/seed_43/bandpass_n20004_cV4_independent_rms_s0.npz,76060,193f871e5602cc8633a0e2fa1690649d7f7f0e5ad20c361c5f1152752e25564a
tcn,independent_rms,43,bandpass_n20004_cV4_electrode_s20,phase2/results/predictions/full/independent_rms/tcn/seed_43/bandpass_n20004_cV4_electrode_s20.npz,76374,8813a6cfb8a499b805e7b7ac99d9cddc6fc33f7995e3ab92ab03cd3c257fffb1
tcn,independent_rms,43,bandpass_n20004_cV4_electrode_s15,phase2/results/predictions/full/independent_rms/tcn/seed_43/bandpass_n20004_cV4_electrode_s15.npz,76362,6125a923d6b3a1e6c1e461b5fe9e47dd40c19899785e5e5cabbee2fa79cab6c6
tcn,independent_rms,43,bandpass_n20004_cV4_electrode_s10,phase2/results/predictions/full/independent_rms/tcn/seed_43/bandpass_n20004_cV4_electrode_s10.npz,76346,9ac20ccda7f2be02bb9788743df1c2495994b24c296134d83002e0754b78679f
tcn,independent_rms,43,bandpass_n20004_cV4_electrode_s5,phase2/results/predictions/full/independent_rms/tcn/seed_43/bandpass_n20004_cV4_electrode_s5.npz,76239,3ef25562720bfca39b192510459fa67dd0a540a667d80b867dfc9fd0356d3032
tcn,independent_rms,43,bandpass_n20004_cV4_electrode_s0,phase2/results/predictions/full/independent_rms/tcn/seed_43/bandpass_n20004_cV4_electrode_s0.npz,76045,18f7291caa6704e5451b46d04d448b16b84c1e8b2954bba6b288b26195b2dee9
tcn,independent_rms,43,bandpass_n20004_cV4_covariance_s20,phase2/results/predictions/full/independent_rms/tcn/seed_43/bandpass_n20004_cV4_covariance_s20.npz,76387,ba87b593fc29690c04616fb148da0b4e9cface27eb9bb505c19349a65d7cd722
tcn,independent_rms,43,bandpass_n20004_cV4_covariance_s15,phase2/results/predictions/full/independent_rms/tcn/seed_43/bandpass_n20004_cV4_covariance_s15.npz,76366,afa15c57e335d817458b79bb2402027f9840c981f3fedb906798546f56ea7825
tcn,independent_rms,43,bandpass_n20004_cV4_covariance_s10,phase2/results/predictions/full/independent_rms/tcn/seed_43/bandpass_n20004_cV4_covariance_s10.npz,76334,46443928036f5d0faf63856a695f3e84a92d78eccb4e71fed8a87a52ac2c4eec
tcn,independent_rms,43,bandpass_n20004_cV4_covariance_s5,phase2/results/predictions/full/independent_rms/tcn/seed_43/bandpass_n20004_cV4_covariance_s5.npz,76261,e82c95c7425859a82a88886a2ac4b70157df6008b5fa2f6233517abfed116a2b
tcn,independent_rms,43,bandpass_n20004_cV4_covariance_s0,phase2/results/predictions/full/independent_rms/tcn/seed_43/bandpass_n20004_cV4_covariance_s0.npz,76070,35b897686b48d23fef9713ce13224c8f47139b51435af99cfbf0f02019a5614b
tcn,independent_rms,43,bandpass_n20004_cV5_independent_rms_s20,phase2/results/predictions/full/independent_rms/tcn/seed_43/bandpass_n20004_cV5_independent_rms_s20.npz,76375,bd3c712ad6ac3ba2c8d3e28fde6afef6628c2ba04b53a983c8fb3a40037a2a3d
tcn,independent_rms,43,bandpass_n20004_cV5_independent_rms_s15,phase2/results/predictions/full/independent_rms/tcn/seed_43/bandpass_n20004_cV5_independent_rms_s15.npz,76410,73bd8229b8921f7e2c7df2f9f74f5946a0399011f95c5d62e1512ad56a1c01cf
tcn,independent_rms,43,bandpass_n20004_cV5_independent_rms_s10,phase2/results/predictions/full/independent_rms/tcn/seed_43/bandpass_n20004_cV5_independent_rms_s10.npz,76364,2bca7e3bce022272aaa7432cd3c727579cd27547f239ad89aecaf9e4542709c6
tcn,independent_rms,43,bandpass_n20004_cV5_independent_rms_s5,phase2/results/predictions/full/independent_rms/tcn/seed_43/bandpass_n20004_cV5_independent_rms_s5.npz,76234,b9c46e2c9c331a1a1d29313f53646bf0f92b96f94741b654bcf681d686f70042
tcn,independent_rms,43,bandpass_n20004_cV5_independent_rms_s0,phase2/results/predictions/full/independent_rms/tcn/seed_43/bandpass_n20004_cV5_independent_rms_s0.npz,75971,fa9629870a14aae752774da21f02ce0d1eb284853264e2ba2bd6271a8aecdcd1
tcn,independent_rms,43,bandpass_n20004_cV5_electrode_s20,phase2/results/predictions/full/independent_rms/tcn/seed_43/bandpass_n20004_cV5_electrode_s20.npz,76384,bc9cc8c982323d74a6c37bb6224c25d0799e68a0ba36dbe03dfd1dcffd8cf1d5
tcn,independent_rms,43,bandpass_n20004_cV5_electrode_s15,phase2/results/predictions/full/independent_rms/tcn/seed_43/bandpass_n20004_cV5_electrode_s15.npz,76361,3626f4225b7b6972ba7287616bab3c1852d7b73415631f3ac2854d44c55cad5f
tcn,independent_rms,43,bandpass_n20004_cV5_electrode_s10,phase2/results/predictions/full/independent_rms/tcn/seed_43/bandpass_n20004_cV5_electrode_s10.npz,76355,dafc6478a25ddc77f67abd6e857bf77b973388a2b1b3af1c55e58927386732e9
tcn,independent_rms,43,bandpass_n20004_cV5_electrode_s5,phase2/results/predictions/full/independent_rms/tcn/seed_43/bandpass_n20004_cV5_electrode_s5.npz,76232,126b3b48e496029702d9cebe596ac1b9f9d1090ed52f1f449bdd39f617b30bde
tcn,independent_rms,43,bandpass_n20004_cV5_electrode_s0,phase2/results/predictions/full/independent_rms/tcn/seed_43/bandpass_n20004_cV5_electrode_s0.npz,75917,2f72cbeed787615210c300d1099ee072c0182d5f004072e77121f72ecf359582
tcn,independent_rms,43,bandpass_n20004_cV5_covariance_s20,phase2/results/predictions/full/independent_rms/tcn/seed_43/bandpass_n20004_cV5_covariance_s20.npz,76386,e64ed4ec71cf1ca5dbd27a0a92be1bbd3cd415c6a98e0cab36a820f919b81035
tcn,independent_rms,43,bandpass_n20004_cV5_covariance_s15,phase2/results/predictions/full/independent_rms/tcn/seed_43/bandpass_n20004_cV5_covariance_s15.npz,76355,b6461f8809a3e85ace59fc8297dc6706fd0882f2e87e4476cc13be7b7cf4399e
tcn,independent_rms,43,bandpass_n20004_cV5_covariance_s10,phase2/results/predictions/full/independent_rms/tcn/seed_43/bandpass_n20004_cV5_covariance_s10.npz,76310,93a05c52d30a4952eebe49880a3a8e645e0787876f8e5add08e95e2bf6ef2354
tcn,independent_rms,43,bandpass_n20004_cV5_covariance_s5,phase2/results/predictions/full/independent_rms/tcn/seed_43/bandpass_n20004_cV5_covariance_s5.npz,76223,aa13f3ba1a7bfd9f6a9d35f6be9cb39a7b45bda61bd295ea8cd482aec953d267
tcn,independent_rms,43,bandpass_n20004_cV5_covariance_s0,phase2/results/predictions/full/independent_rms/tcn/seed_43/bandpass_n20004_cV5_covariance_s0.npz,75921,c6689f1d517a8eb5e52758339c50646318da774e6b549d3023c46863c6f2316f
tcn,independent_rms,43,bandpass_n20004_cV6_independent_rms_s20,phase2/results/predictions/full/independent_rms/tcn/seed_43/bandpass_n20004_cV6_independent_rms_s20.npz,76379,4b4a79bcaa2c1b5c24588f5d8cc8cc4206f0406ff8f6d7b6f800dd6f4b411021
tcn,independent_rms,43,bandpass_n20004_cV6_independent_rms_s15,phase2/results/predictions/full/independent_rms/tcn/seed_43/bandpass_n20004_cV6_independent_rms_s15.npz,76370,c6eb0232bdbfac15fd44232f4fed5fd1be9d2595aa2819b6caa15cac63d35bdc
tcn,independent_rms,43,bandpass_n20004_cV6_independent_rms_s10,phase2/results/predictions/full/independent_rms/tcn/seed_43/bandpass_n20004_cV6_independent_rms_s10.npz,76342,707f47e3b791fdf279fc98bea48fd055a7e6aa2f97b679493c66a5db44aef0da
tcn,independent_rms,43,bandpass_n20004_cV6_independent_rms_s5,phase2/results/predictions/full/independent_rms/tcn/seed_43/bandpass_n20004_cV6_independent_rms_s5.npz,76260,f1526baef02c546df9eaec43a16ae9ce63b6f9ad774fe128fee8c0a3d36540e5
tcn,independent_rms,43,bandpass_n20004_cV6_independent_rms_s0,phase2/results/predictions/full/independent_rms/tcn/seed_43/bandpass_n20004_cV6_independent_rms_s0.npz,75978,efd49bf356d2fa35b050ab5290889e8f80b749a172212cf148def5a318cced53
tcn,independent_rms,43,bandpass_n20004_cV6_electrode_s20,phase2/results/predictions/full/independent_rms/tcn/seed_43/bandpass_n20004_cV6_electrode_s20.npz,76392,5eaea8649926aff88b0dea9f13e8ce4564c1d91ef33bfcbeb27084407d19ae17
tcn,independent_rms,43,bandpass_n20004_cV6_electrode_s15,phase2/results/predictions/full/independent_rms/tcn/seed_43/bandpass_n20004_cV6_electrode_s15.npz,76352,5c66a3b8c9c670bccb633fcbefa869a5750bba28b5fe47de734fe4f57ba0e639
tcn,independent_rms,43,bandpass_n20004_cV6_electrode_s10,phase2/results/predictions/full/independent_rms/tcn/seed_43/bandpass_n20004_cV6_electrode_s10.npz,76318,792596af97a2172f06ed0754c5fe6bf433da0bdd9153e319458d1707061a9afe
tcn,independent_rms,43,bandpass_n20004_cV6_electrode_s5,phase2/results/predictions/full/independent_rms/tcn/seed_43/bandpass_n20004_cV6_electrode_s5.npz,76217,e8ba92467eb7c4181230fe7fa7e8493d42a4f4768ee26ee83861e7e2be121916
tcn,independent_rms,43,bandpass_n20004_cV6_electrode_s0,phase2/results/predictions/full/independent_rms/tcn/seed_43/bandpass_n20004_cV6_electrode_s0.npz,76008,105904687b5e39c787bb16d3218e5fe1e6f0b13497918f871b17ab22c0c26841
tcn,independent_rms,43,bandpass_n20004_cV6_covariance_s20,phase2/results/predictions/full/independent_rms/tcn/seed_43/bandpass_n20004_cV6_covariance_s20.npz,76408,5f6dff4ba711a17539cd512306a3108781db1af28c0f657f5e7a774a76764f6d
tcn,independent_rms,43,bandpass_n20004_cV6_covariance_s15,phase2/results/predictions/full/independent_rms/tcn/seed_43/bandpass_n20004_cV6_covariance_s15.npz,76344,beb5762070c4ff248328baa671c257f4acda1b404771921e8b5ba577bbd96341
tcn,independent_rms,43,bandpass_n20004_cV6_covariance_s10,phase2/results/predictions/full/independent_rms/tcn/seed_43/bandpass_n20004_cV6_covariance_s10.npz,76309,2854070230c9417a6c748fd8b488907953e7711f530ee633537567759d06016a
tcn,independent_rms,43,bandpass_n20004_cV6_covariance_s5,phase2/results/predictions/full/independent_rms/tcn/seed_43/bandpass_n20004_cV6_covariance_s5.npz,76214,4072a131c16c7032aaa30c6f974b8be0b16d203437a4846a7a0915a263b249b3
tcn,independent_rms,43,bandpass_n20004_cV6_covariance_s0,phase2/results/predictions/full/independent_rms/tcn/seed_43/bandpass_n20004_cV6_covariance_s0.npz,76013,468e684f5896c6805b7ed0808e09db87ebe568e04d8e6d447fbaca00c0b0958f
tcn,independent_rms,43,bandpass_n20004_cRA_LA_independent_rms_s20,phase2/results/predictions/full/independent_rms/tcn/seed_43/bandpass_n20004_cRA_LA_independent_rms_s20.npz,76381,02112cd99aec651d217a05fa638887319a04f8cb04900c5b41772bce147a39ab
tcn,independent_rms,43,bandpass_n20004_cRA_LA_independent_rms_s15,phase2/results/predictions/full/independent_rms/tcn/seed_43/bandpass_n20004_cRA_LA_independent_rms_s15.npz,76394,3a3f2bd666fd29ebe530cb5980ffa59017b7237fc180c8de1693cb648fe4eefa
tcn,independent_rms,43,bandpass_n20004_cRA_LA_independent_rms_s10,phase2/results/predictions/full/independent_rms/tcn/seed_43/bandpass_n20004_cRA_LA_independent_rms_s10.npz,76362,8545ffb7924c0bbd9558bad98a456586d5736c83963b3b05700e36c55634914c
tcn,independent_rms,43,bandpass_n20004_cRA_LA_independent_rms_s5,phase2/results/predictions/full/independent_rms/tcn/seed_43/bandpass_n20004_cRA_LA_independent_rms_s5.npz,76231,bd1608d243c27db90a4de06bf0990826c9edd1ec280a456e0c178c790da0c27c
tcn,independent_rms,43,bandpass_n20004_cRA_LA_independent_rms_s0,phase2/results/predictions/full/independent_rms/tcn/seed_43/bandpass_n20004_cRA_LA_independent_rms_s0.npz,75896,3cbdfc10ce3ccbd1fb09c0ef2a21bb4e45871fe689d305f79a39120c319fda9b
tcn,independent_rms,43,bandpass_n20004_cRA_LA_electrode_s20,phase2/results/predictions/full/independent_rms/tcn/seed_43/bandpass_n20004_cRA_LA_electrode_s20.npz,76384,d920672ce00f2e38430839dd6e789f23bdb706d71f4fef118fcc34aa156aaa9d
tcn,independent_rms,43,bandpass_n20004_cRA_LA_electrode_s15,phase2/results/predictions/full/independent_rms/tcn/seed_43/bandpass_n20004_cRA_LA_electrode_s15.npz,76367,b7c8554c2f99bc763e43f41a4ca13b1536c4208ceb09936fa667f936f17c3c61
tcn,independent_rms,43,bandpass_n20004_cRA_LA_electrode_s10,phase2/results/predictions/full/independent_rms/tcn/seed_43/bandpass_n20004_cRA_LA_electrode_s10.npz,76243,a4e723dff4b386e1642675495d77cf1c2609243b6325abff5be17891746fab0e
tcn,independent_rms,43,bandpass_n20004_cRA_LA_electrode_s5,phase2/results/predictions/full/independent_rms/tcn/seed_43/bandpass_n20004_cRA_LA_electrode_s5.npz,76013,a6ed2cf12624136ef484a2b49455e70078535a144fce94834a4703b18308db0c
tcn,independent_rms,43,bandpass_n20004_cRA_LA_electrode_s0,phase2/results/predictions/full/independent_rms/tcn/seed_43/bandpass_n20004_cRA_LA_electrode_s0.npz,75519,dff6f6fafb46625d9f59e83558ca3008e5ba294229a2813cf150b3fbca9cff07
tcn,independent_rms,43,bandpass_n20004_cRA_LA_covariance_s20,phase2/results/predictions/full/independent_rms/tcn/seed_43/bandpass_n20004_cRA_LA_covariance_s20.npz,76350,0b8f40f6dfe411ed6ae0dc3a8c0254b71a73e0f39466e8e9236c9e0116a97c92
tcn,independent_rms,43,bandpass_n20004_cRA_LA_covariance_s15,phase2/results/predictions/full/independent_rms/tcn/seed_43/bandpass_n20004_cRA_LA_covariance_s15.npz,76339,19b68a7dd6d6bc28b73506895f53f95a044735baad9487d54ffc07f3307a4fb8
tcn,independent_rms,43,bandpass_n20004_cRA_LA_covariance_s10,phase2/results/predictions/full/independent_rms/tcn/seed_43/bandpass_n20004_cRA_LA_covariance_s10.npz,76263,56ccdeee6192da83500789febbca3a8d527a8648fc498fbf17c86cc8b1433e4c
tcn,independent_rms,43,bandpass_n20004_cRA_LA_covariance_s5,phase2/results/predictions/full/independent_rms/tcn/seed_43/bandpass_n20004_cRA_LA_covariance_s5.npz,76020,6baf17dfcd6c9789a1fc6641b1860c091ba3492dd9116067cdc59ac034172dad
tcn,independent_rms,43,bandpass_n20004_cRA_LA_covariance_s0,phase2/results/predictions/full/independent_rms/tcn/seed_43/bandpass_n20004_cRA_LA_covariance_s0.npz,75538,53eb245fb934126196801caeef36d1bd8dc8beffc259b15b96d701639cbc5e12
tcn,independent_rms,43,bandpass_n20004_cLA_LL_independent_rms_s20,phase2/results/predictions/full/independent_rms/tcn/seed_43/bandpass_n20004_cLA_LL_independent_rms_s20.npz,76402,4f605aa916e62b712edea5e762c0d7d3d4d42c5dba6f94d1da61f096dd3ce4d7
tcn,independent_rms,43,bandpass_n20004_cLA_LL_independent_rms_s15,phase2/results/predictions/full/independent_rms/tcn/seed_43/bandpass_n20004_cLA_LL_independent_rms_s15.npz,76374,ed52f60638e9be53f6fd1a76660b54046074b40cd93d603c4529033db528cce7
tcn,independent_rms,43,bandpass_n20004_cLA_LL_independent_rms_s10,phase2/results/predictions/full/independent_rms/tcn/seed_43/bandpass_n20004_cLA_LL_independent_rms_s10.npz,76343,af551cbc15ddf512e1d528871ec783090dc2e952b460f25122ea843fd06d5a88
tcn,independent_rms,43,bandpass_n20004_cLA_LL_independent_rms_s5,phase2/results/predictions/full/independent_rms/tcn/seed_43/bandpass_n20004_cLA_LL_independent_rms_s5.npz,76230,316fdc642942ed1054dba02e9813abac5dfa400501e7cc2c061d8e61e04f1d09
tcn,independent_rms,43,bandpass_n20004_cLA_LL_independent_rms_s0,phase2/results/predictions/full/independent_rms/tcn/seed_43/bandpass_n20004_cLA_LL_independent_rms_s0.npz,75885,fc2426156f9d2628cd86d11a56e271d58a4ba18e600dbe239af693aace41f12f
tcn,independent_rms,43,bandpass_n20004_cLA_LL_electrode_s20,phase2/results/predictions/full/independent_rms/tcn/seed_43/bandpass_n20004_cLA_LL_electrode_s20.npz,76397,d1103a36e2c60e715690dab1c55012229df8246d8d0091df7ace734994bfbfc5
tcn,independent_rms,43,bandpass_n20004_cLA_LL_electrode_s15,phase2/results/predictions/full/independent_rms/tcn/seed_43/bandpass_n20004_cLA_LL_electrode_s15.npz,76354,6e134188a0e974981b715e85f2301961db25621a40b28a1db16b9efee9749deb
tcn,independent_rms,43,bandpass_n20004_cLA_LL_electrode_s10,phase2/results/predictions/full/independent_rms/tcn/seed_43/bandpass_n20004_cLA_LL_electrode_s10.npz,76265,3a99b9dab77b973add49ff610ed6655e3544d05a0505119efff84b428f3ca299
tcn,independent_rms,43,bandpass_n20004_cLA_LL_electrode_s5,phase2/results/predictions/full/independent_rms/tcn/seed_43/bandpass_n20004_cLA_LL_electrode_s5.npz,76130,89d55dd4e601a53c39f6ba8a672d3a9fe2269bb7798d48c464a5eeaa803b7adc
tcn,independent_rms,43,bandpass_n20004_cLA_LL_electrode_s0,phase2/results/predictions/full/independent_rms/tcn/seed_43/bandpass_n20004_cLA_LL_electrode_s0.npz,75727,f5ca97f9165606c0ee8e359eedb8dc01fe06217ea85f06ad82e587180b756cbf
tcn,independent_rms,43,bandpass_n20004_cLA_LL_covariance_s20,phase2/results/predictions/full/independent_rms/tcn/seed_43/bandpass_n20004_cLA_LL_covariance_s20.npz,76391,a042ca63705c7b9541b0b0feab2b09ba6af6888a07c19b115e0b9ddc740bf591
tcn,independent_rms,43,bandpass_n20004_cLA_LL_covariance_s15,phase2/results/predictions/full/independent_rms/tcn/seed_43/bandpass_n20004_cLA_LL_covariance_s15.npz,76339,b14ad8a230c65da8ad5545dcf851270bc7eb645fbb865ace48f7de613da903fa
tcn,independent_rms,43,bandpass_n20004_cLA_LL_covariance_s10,phase2/results/predictions/full/independent_rms/tcn/seed_43/bandpass_n20004_cLA_LL_covariance_s10.npz,76256,3113f54341f41a02819860c05a4cf8942104b4020877bed27e9e2319455eaa6e
tcn,independent_rms,43,bandpass_n20004_cLA_LL_covariance_s5,phase2/results/predictions/full/independent_rms/tcn/seed_43/bandpass_n20004_cLA_LL_covariance_s5.npz,76092,682effa768d15ca116ea19ce26b0afacdc666de140ed6cae6e8cf9495177a0fe
tcn,independent_rms,43,bandpass_n20004_cLA_LL_covariance_s0,phase2/results/predictions/full/independent_rms/tcn/seed_43/bandpass_n20004_cLA_LL_covariance_s0.npz,75712,4702a0b1ad05944112fec7cd64800d46532176f214289c86e6416ea72d5e3e8e
tcn,independent_rms,43,bandpass_n20004_cRA_LL_independent_rms_s20,phase2/results/predictions/full/independent_rms/tcn/seed_43/bandpass_n20004_cRA_LL_independent_rms_s20.npz,76398,b8f77c70ed8d5954239fa0f848c724fd9d3048ee1d834c84bd4658a2219863f7
tcn,independent_rms,43,bandpass_n20004_cRA_LL_independent_rms_s15,phase2/results/predictions/full/independent_rms/tcn/seed_43/bandpass_n20004_cRA_LL_independent_rms_s15.npz,76378,1cb919d74b51ecb67c02e44a24e6145c9f2af860acd7c2f227cdf44f7586d445
tcn,independent_rms,43,bandpass_n20004_cRA_LL_independent_rms_s10,phase2/results/predictions/full/independent_rms/tcn/seed_43/bandpass_n20004_cRA_LL_independent_rms_s10.npz,76342,91ed2fa0d769e98c6080eb61abc229df52fe76fb33f08bb29db0fe8c08c91f61
tcn,independent_rms,43,bandpass_n20004_cRA_LL_independent_rms_s5,phase2/results/predictions/full/independent_rms/tcn/seed_43/bandpass_n20004_cRA_LL_independent_rms_s5.npz,76217,df381031be78449d55429200b2e8ce564c9be72633bd375e6017302449ac4862
tcn,independent_rms,43,bandpass_n20004_cRA_LL_independent_rms_s0,phase2/results/predictions/full/independent_rms/tcn/seed_43/bandpass_n20004_cRA_LL_independent_rms_s0.npz,75893,86f3a5e3b7d947a5f36676b05094b518b70dbc1323b04027098d996c92bd9dce
tcn,independent_rms,43,bandpass_n20004_cRA_LL_electrode_s20,phase2/results/predictions/full/independent_rms/tcn/seed_43/bandpass_n20004_cRA_LL_electrode_s20.npz,76387,56d5425fa8fb8469e6118e89701679827fcd343910c8b2a2fb29feaf8141214b
tcn,independent_rms,43,bandpass_n20004_cRA_LL_electrode_s15,phase2/results/predictions/full/independent_rms/tcn/seed_43/bandpass_n20004_cRA_LL_electrode_s15.npz,76343,17928ef2490700d6af51b04c182281fd0b97d3389bdc4c95ebf01158905b4d9d
tcn,independent_rms,43,bandpass_n20004_cRA_LL_electrode_s10,phase2/results/predictions/full/independent_rms/tcn/seed_43/bandpass_n20004_cRA_LL_electrode_s10.npz,76232,a1e7fbee4bf4ebf4a182f89aa91f0b42a4e0481aef0d89c3f334c0851fd54d4e
tcn,independent_rms,43,bandpass_n20004_cRA_LL_electrode_s5,phase2/results/predictions/full/independent_rms/tcn/seed_43/bandpass_n20004_cRA_LL_electrode_s5.npz,75983,6952ce267c8044463f37467bf5794478ed0df8cec5a4ec4aeb5c92cce5267278
tcn,independent_rms,43,bandpass_n20004_cRA_LL_electrode_s0,phase2/results/predictions/full/independent_rms/tcn/seed_43/bandpass_n20004_cRA_LL_electrode_s0.npz,75494,7863bb0d2e476955a151560fbaef2c44e8acc14e5b14c7a770d75136fe18de7a
tcn,independent_rms,43,bandpass_n20004_cRA_LL_covariance_s20,phase2/results/predictions/full/independent_rms/tcn/seed_43/bandpass_n20004_cRA_LL_covariance_s20.npz,76373,a4de15df90d6fe6d25eeb75f3dee1af4fb8abbf3c10044f321edc9d2d707ed50
tcn,independent_rms,43,bandpass_n20004_cRA_LL_covariance_s15,phase2/results/predictions/full/independent_rms/tcn/seed_43/bandpass_n20004_cRA_LL_covariance_s15.npz,76345,66fabd10d23eecd0f8a7c30d31f2e488fcf9e19df019f793618492bbcce79db2
tcn,independent_rms,43,bandpass_n20004_cRA_LL_covariance_s10,phase2/results/predictions/full/independent_rms/tcn/seed_43/bandpass_n20004_cRA_LL_covariance_s10.npz,76251,75943986f2c2ba1fca39967f6b7438ad3417d418fe3243af527b96439aad26bc
tcn,independent_rms,43,bandpass_n20004_cRA_LL_covariance_s5,phase2/results/predictions/full/independent_rms/tcn/seed_43/bandpass_n20004_cRA_LL_covariance_s5.npz,76008,0a00dd48a79a3c42a3b9aba0d4bf10f2c6c53b11b3541a6c7e63c61570c97832
tcn,independent_rms,43,bandpass_n20004_cRA_LL_covariance_s0,phase2/results/predictions/full/independent_rms/tcn/seed_43/bandpass_n20004_cRA_LL_covariance_s0.npz,75524,8dc76f6f765b5df9a2fcfea5592aad4732d27c39d812b9974a36bb126eed5863
tcn,independent_rms,43,bandpass_n20004_cRA_independent_rms_s20,phase2/results/predictions/full/independent_rms/tcn/seed_43/bandpass_n20004_cRA_independent_rms_s20.npz,76404,77ec19c50ebcf79c4478019b2dc3329d7c654d656989ce37dbb280f2171006ca
tcn,independent_rms,43,bandpass_n20004_cRA_independent_rms_s15,phase2/results/predictions/full/independent_rms/tcn/seed_43/bandpass_n20004_cRA_independent_rms_s15.npz,76375,cb5ed1235ff5a756b9c04ed661e72abc702deb6407fedcd28d262051d9cb3289
tcn,independent_rms,43,bandpass_n20004_cRA_independent_rms_s10,phase2/results/predictions/full/independent_rms/tcn/seed_43/bandpass_n20004_cRA_independent_rms_s10.npz,76324,563f3b0c5f6552d707f5589abbaf0bd5a0fe533e93baac7a4061ae6cb737aaef
tcn,independent_rms,43,bandpass_n20004_cRA_independent_rms_s5,phase2/results/predictions/full/independent_rms/tcn/seed_43/bandpass_n20004_cRA_independent_rms_s5.npz,76209,3ae0240f2d4f36bdc582fc6e8cdd2775f7862565e3f2de1378bd4a1ef4a1ffa6
tcn,independent_rms,43,bandpass_n20004_cRA_independent_rms_s0,phase2/results/predictions/full/independent_rms/tcn/seed_43/bandpass_n20004_cRA_independent_rms_s0.npz,75894,e72c6d36be0e3e740e38cf9b95fdfacabe6e34a47aa8773d470219d4b70cd211
tcn,independent_rms,43,bandpass_n20004_cRA_electrode_s20,phase2/results/predictions/full/independent_rms/tcn/seed_43/bandpass_n20004_cRA_electrode_s20.npz,76406,519a4a6313bdf0a63636097100c3e0499093cb8db17031e0e34a53ab0fb864fe
tcn,independent_rms,43,bandpass_n20004_cRA_electrode_s15,phase2/results/predictions/full/independent_rms/tcn/seed_43/bandpass_n20004_cRA_electrode_s15.npz,76316,3cb3ef94660cc7a100f2a19868e79c353f296083117fca02b506f14fa626082a
tcn,independent_rms,43,bandpass_n20004_cRA_electrode_s10,phase2/results/predictions/full/independent_rms/tcn/seed_43/bandpass_n20004_cRA_electrode_s10.npz,76201,0f07fdc9317f5a5293c9a6243175356957ed44a5deedd8ac4f215b76d0f887e0
tcn,independent_rms,43,bandpass_n20004_cRA_electrode_s5,phase2/results/predictions/full/independent_rms/tcn/seed_43/bandpass_n20004_cRA_electrode_s5.npz,75950,f6a28046c4414f5f5c092bb31b2c57612086149c1df79affadc2bb9a1a98c29c
tcn,independent_rms,43,bandpass_n20004_cRA_electrode_s0,phase2/results/predictions/full/independent_rms/tcn/seed_43/bandpass_n20004_cRA_electrode_s0.npz,75443,73b3751c4fdc19d16a6c62a226982578e71617b190f7ee5871c59ef6cdee6a03
tcn,independent_rms,43,bandpass_n20004_cRA_covariance_s20,phase2/results/predictions/full/independent_rms/tcn/seed_43/bandpass_n20004_cRA_covariance_s20.npz,76372,ed0dc0af01c862d246d5cf3313fbf5ae93c49dcbb91be950c88c85af6cf4d097
tcn,independent_rms,43,bandpass_n20004_cRA_covariance_s15,phase2/results/predictions/full/independent_rms/tcn/seed_43/bandpass_n20004_cRA_covariance_s15.npz,76313,b451027bc3e82e0fd5aafda1a1a261af232cd532923bfabc55512cc64ae70071
tcn,independent_rms,43,bandpass_n20004_cRA_covariance_s10,phase2/results/predictions/full/independent_rms/tcn/seed_43/bandpass_n20004_cRA_covariance_s10.npz,76204,5d0146c930a9192d8ee0428e1db5296fde098d4fd35ffa2772dd6100617339f7
tcn,independent_rms,43,bandpass_n20004_cRA_covariance_s5,phase2/results/predictions/full/independent_rms/tcn/seed_43/bandpass_n20004_cRA_covariance_s5.npz,75969,824a825dfd0c48a49869387e1031d8fb549901dd4228428b0d08a265930a849a
tcn,independent_rms,43,bandpass_n20004_cRA_covariance_s0,phase2/results/predictions/full/independent_rms/tcn/seed_43/bandpass_n20004_cRA_covariance_s0.npz,75442,72dbc5e4ff68dc5e977b2451af747ad14d95ea7fd458767f282bef79461c95cc
tcn,independent_rms,43,bandpass_n20004_cLA_independent_rms_s20,phase2/results/predictions/full/independent_rms/tcn/seed_43/bandpass_n20004_cLA_independent_rms_s20.npz,76367,5b1dd9e63354065296e64d5aba673a8c8b4763f5d449501ec3f56668425002b5
tcn,independent_rms,43,bandpass_n20004_cLA_independent_rms_s15,phase2/results/predictions/full/independent_rms/tcn/seed_43/bandpass_n20004_cLA_independent_rms_s15.npz,76366,5caa294b670e0642abb5300b0f74a448cd4e6256873606006928d7fff8ffe4b0
tcn,independent_rms,43,bandpass_n20004_cLA_independent_rms_s10,phase2/results/predictions/full/independent_rms/tcn/seed_43/bandpass_n20004_cLA_independent_rms_s10.npz,76328,8dad47b6dfb91bfff34b7b41684c8f7e8c0f14835b7d8ccbc871dd5b09d22484
tcn,independent_rms,43,bandpass_n20004_cLA_independent_rms_s5,phase2/results/predictions/full/independent_rms/tcn/seed_43/bandpass_n20004_cLA_independent_rms_s5.npz,76228,836aa404b393b592cf269d9d654768e0fa99883c9397f2d78978c3fdcc357a9c
tcn,independent_rms,43,bandpass_n20004_cLA_independent_rms_s0,phase2/results/predictions/full/independent_rms/tcn/seed_43/bandpass_n20004_cLA_independent_rms_s0.npz,75924,3f869ac6a83beb7e3639cd5d258da0a9cd3f511d9fa87e754dfe6f94e8c7c452
tcn,independent_rms,43,bandpass_n20004_cLA_electrode_s20,phase2/results/predictions/full/independent_rms/tcn/seed_43/bandpass_n20004_cLA_electrode_s20.npz,76337,e153b933e3d90522222ac701d25d73a6e799a937bdbde2128893c4f706ae1186
tcn,independent_rms,43,bandpass_n20004_cLA_electrode_s15,phase2/results/predictions/full/independent_rms/tcn/seed_43/bandpass_n20004_cLA_electrode_s15.npz,76327,783a69d3ef1b88490c3ceff79baedeef925e09b050782dd7a64561a03eb860e4
tcn,independent_rms,43,bandpass_n20004_cLA_electrode_s10,phase2/results/predictions/full/independent_rms/tcn/seed_43/bandpass_n20004_cLA_electrode_s10.npz,76280,97e45ea2a6e1e113788ec15f20a4e0050a9484e285c54d6a2986ccb96c80a0e9
tcn,independent_rms,43,bandpass_n20004_cLA_electrode_s5,phase2/results/predictions/full/independent_rms/tcn/seed_43/bandpass_n20004_cLA_electrode_s5.npz,76137,d65279e2abd2def5ee7d81a9750347c05080b3a4a29379a4fecff8be1cc3fc38
tcn,independent_rms,43,bandpass_n20004_cLA_electrode_s0,phase2/results/predictions/full/independent_rms/tcn/seed_43/bandpass_n20004_cLA_electrode_s0.npz,75754,20fea1a09b91698da4e76564fd60d90560db5593997f02c41a09b778f2a926d6
tcn,independent_rms,43,bandpass_n20004_cLA_covariance_s20,phase2/results/predictions/full/independent_rms/tcn/seed_43/bandpass_n20004_cLA_covariance_s20.npz,76398,f5b884170503fa0a4c40e63fd5a0a77070f871fed7caa1b1680cda5f31c2b7f3
tcn,independent_rms,43,bandpass_n20004_cLA_covariance_s15,phase2/results/predictions/full/independent_rms/tcn/seed_43/bandpass_n20004_cLA_covariance_s15.npz,76353,2fc5e024033986d3b398308fc5d4faef2e82df21fa52ded3826ad581d75c4b05
tcn,independent_rms,43,bandpass_n20004_cLA_covariance_s10,phase2/results/predictions/full/independent_rms/tcn/seed_43/bandpass_n20004_cLA_covariance_s10.npz,76316,14190ab1ca8897222d7420bb7bf5af531915a0f5dc9dc0f9111d0b89a98f079a
tcn,independent_rms,43,bandpass_n20004_cLA_covariance_s5,phase2/results/predictions/full/independent_rms/tcn/seed_43/bandpass_n20004_cLA_covariance_s5.npz,76124,3ad864d3589c3aba9ebbf36607f70edded978ea4c49b885b77eca5addf7f7929
tcn,independent_rms,43,bandpass_n20004_cLA_covariance_s0,phase2/results/predictions/full/independent_rms/tcn/seed_43/bandpass_n20004_cLA_covariance_s0.npz,75742,f520de8796c80bb81cd6596ca74b1e915ae8ce1d41dbf746d978a80c347ecb60
tcn,independent_rms,43,bandpass_n20004_cLL_independent_rms_s20,phase2/results/predictions/full/independent_rms/tcn/seed_43/bandpass_n20004_cLL_independent_rms_s20.npz,76399,3f1a9b6ea8225503c2f3f7433d976ff2674415ad92b2fb7dd35317e264db631d
tcn,independent_rms,43,bandpass_n20004_cLL_independent_rms_s15,phase2/results/predictions/full/independent_rms/tcn/seed_43/bandpass_n20004_cLL_independent_rms_s15.npz,76351,38dc8e2237aabf530c724344a01bb79e0aef928bdf6abd67a613c24eb3281d9c
tcn,independent_rms,43,bandpass_n20004_cLL_independent_rms_s10,phase2/results/predictions/full/independent_rms/tcn/seed_43/bandpass_n20004_cLL_independent_rms_s10.npz,76328,ff08279624354a0deeade73f90948bd71ae6950040fe645d3c79e5d45e226b3a
tcn,independent_rms,43,bandpass_n20004_cLL_independent_rms_s5,phase2/results/predictions/full/independent_rms/tcn/seed_43/bandpass_n20004_cLL_independent_rms_s5.npz,76184,2c540f89eea662eb05683a1524f04a522f52043c419ab99af1a861fc375c20c1
tcn,independent_rms,43,bandpass_n20004_cLL_independent_rms_s0,phase2/results/predictions/full/independent_rms/tcn/seed_43/bandpass_n20004_cLL_independent_rms_s0.npz,75929,1ce676324cf36f31961ff2798b4d113dcf08a0ff8b68534dd69026f744ecc940
tcn,independent_rms,43,bandpass_n20004_cLL_electrode_s20,phase2/results/predictions/full/independent_rms/tcn/seed_43/bandpass_n20004_cLL_electrode_s20.npz,76379,4f6f3af7983cc0af687c30d97e236da8e5da7e252d526cc83224cd5b1c8af163
tcn,independent_rms,43,bandpass_n20004_cLL_electrode_s15,phase2/results/predictions/full/independent_rms/tcn/seed_43/bandpass_n20004_cLL_electrode_s15.npz,76352,f17cf4fc9c25af9b8f07261f5899084c11b4ffaa94ac882be7bef4658522394a
tcn,independent_rms,43,bandpass_n20004_cLL_electrode_s10,phase2/results/predictions/full/independent_rms/tcn/seed_43/bandpass_n20004_cLL_electrode_s10.npz,76280,e232f4fb7037c9ef90c81be91c0bb945da2731c10f23121854627a73a5e1e823
tcn,independent_rms,43,bandpass_n20004_cLL_electrode_s5,phase2/results/predictions/full/independent_rms/tcn/seed_43/bandpass_n20004_cLL_electrode_s5.npz,76087,4dd9635aa911b19a07d270554a8442fc00c6aa5b9ad24d42761d768d4a5ec420
tcn,independent_rms,43,bandpass_n20004_cLL_electrode_s0,phase2/results/predictions/full/independent_rms/tcn/seed_43/bandpass_n20004_cLL_electrode_s0.npz,75779,105362b3d8d9efd3099e76d18ab99c305aa4d698ba076329200cc75b466307ec
tcn,independent_rms,43,bandpass_n20004_cLL_covariance_s20,phase2/results/predictions/full/independent_rms/tcn/seed_43/bandpass_n20004_cLL_covariance_s20.npz,76366,8f906ce7c6614a1bbdbd41313401598bb5c492d27d477e5d4b0987b58e23a0a4
tcn,independent_rms,43,bandpass_n20004_cLL_covariance_s15,phase2/results/predictions/full/independent_rms/tcn/seed_43/bandpass_n20004_cLL_covariance_s15.npz,76313,9233a74e7a5b13598adea3e40a9e545d27798eb3d37353f39932f202e3f5f04a
tcn,independent_rms,43,bandpass_n20004_cLL_covariance_s10,phase2/results/predictions/full/independent_rms/tcn/seed_43/bandpass_n20004_cLL_covariance_s10.npz,76240,e92280b51932e92baf3a1e52193f246352f6955951fe4f766a1817c4b48c7c53
tcn,independent_rms,43,bandpass_n20004_cLL_covariance_s5,phase2/results/predictions/full/independent_rms/tcn/seed_43/bandpass_n20004_cLL_covariance_s5.npz,76089,4fc8cf759b652e2345e5528647ead94e1fc3feb3825c8380232b2326223ca6de
tcn,independent_rms,43,bandpass_n20004_cLL_covariance_s0,phase2/results/predictions/full/independent_rms/tcn/seed_43/bandpass_n20004_cLL_covariance_s0.npz,75770,4a3cd378563898db94c4fc1009458b09be1185762f6b36e0ba50283543e19630
tcn,independent_rms,43,bandpass_n20004_cRA_V1_independent_rms_s20,phase2/results/predictions/full/independent_rms/tcn/seed_43/bandpass_n20004_cRA_V1_independent_rms_s20.npz,76430,63400426dc9292c74af4ee8ae0b456a4d2463bb5e885f5eaa6237199f2c9226b
tcn,independent_rms,43,bandpass_n20004_cRA_V1_independent_rms_s15,phase2/results/predictions/full/independent_rms/tcn/seed_43/bandpass_n20004_cRA_V1_independent_rms_s15.npz,76389,e2eb4490c0775f039c78a610b67e605e821b8122439a4481f8a23068b054a492
tcn,independent_rms,43,bandpass_n20004_cRA_V1_independent_rms_s10,phase2/results/predictions/full/independent_rms/tcn/seed_43/bandpass_n20004_cRA_V1_independent_rms_s10.npz,76337,308398453c5c479eb06ede925f6d890313fafee5ce89589f7efc2933fa0bf735
tcn,independent_rms,43,bandpass_n20004_cRA_V1_independent_rms_s5,phase2/results/predictions/full/independent_rms/tcn/seed_43/bandpass_n20004_cRA_V1_independent_rms_s5.npz,76226,5091395fe130ccd695f51ee5d9fb107666d107584745d3126b6582d66e16e6f7
tcn,independent_rms,43,bandpass_n20004_cRA_V1_independent_rms_s0,phase2/results/predictions/full/independent_rms/tcn/seed_43/bandpass_n20004_cRA_V1_independent_rms_s0.npz,75951,cdbaa1ca019f2cd9b40bdb10ae8240215e3f35baced7231b1da356b4155ae0f3
tcn,independent_rms,43,bandpass_n20004_cRA_V1_electrode_s20,phase2/results/predictions/full/independent_rms/tcn/seed_43/bandpass_n20004_cRA_V1_electrode_s20.npz,76397,d513d5f243b6be818dbc559f9def9ab61022bfb473583110e67513d12fcee102
tcn,independent_rms,43,bandpass_n20004_cRA_V1_electrode_s15,phase2/results/predictions/full/independent_rms/tcn/seed_43/bandpass_n20004_cRA_V1_electrode_s15.npz,76294,30f5b0e68f3891eb0491ea9ce40188d13e3add5c5a6d5976b604adffc4930804
tcn,independent_rms,43,bandpass_n20004_cRA_V1_electrode_s10,phase2/results/predictions/full/independent_rms/tcn/seed_43/bandpass_n20004_cRA_V1_electrode_s10.npz,76249,d4ebac0fbda169fbdcea1a63626efa8a12c730275bc2ee9fcc38587d42b789b8
tcn,independent_rms,43,bandpass_n20004_cRA_V1_electrode_s5,phase2/results/predictions/full/independent_rms/tcn/seed_43/bandpass_n20004_cRA_V1_electrode_s5.npz,75991,ef1a6c26e2859882906ff89fa0778b7260b0334bafcb9d321547791b6a45db23
tcn,independent_rms,43,bandpass_n20004_cRA_V1_electrode_s0,phase2/results/predictions/full/independent_rms/tcn/seed_43/bandpass_n20004_cRA_V1_electrode_s0.npz,75452,31dc96ad40b72117c4064fe10a4d5a9590b7c31a24f379ac765efd697e186868
tcn,independent_rms,43,bandpass_n20004_cRA_V1_covariance_s20,phase2/results/predictions/full/independent_rms/tcn/seed_43/bandpass_n20004_cRA_V1_covariance_s20.npz,76349,0250b8fda7d2158c042fc8dd4a3ddb98e3ae195d50a1d5960a01c973cc4bd222
tcn,independent_rms,43,bandpass_n20004_cRA_V1_covariance_s15,phase2/results/predictions/full/independent_rms/tcn/seed_43/bandpass_n20004_cRA_V1_covariance_s15.npz,76350,5a3326cc947a3dc002c1834e10bbb8ed3a036cb424d93e4d7f53c44fb93d2abc
tcn,independent_rms,43,bandpass_n20004_cRA_V1_covariance_s10,phase2/results/predictions/full/independent_rms/tcn/seed_43/bandpass_n20004_cRA_V1_covariance_s10.npz,76219,45b4f638668560a90a319de0e106df893b8a124c810f62c574a0518cfbcfcf9b
tcn,independent_rms,43,bandpass_n20004_cRA_V1_covariance_s5,phase2/results/predictions/full/independent_rms/tcn/seed_43/bandpass_n20004_cRA_V1_covariance_s5.npz,75991,a0d84db5799e408271d4e1e5fba6e2b22a63b3d46d2c1049f928c1dfe1f74abb
tcn,independent_rms,43,bandpass_n20004_cRA_V1_covariance_s0,phase2/results/predictions/full/independent_rms/tcn/seed_43/bandpass_n20004_cRA_V1_covariance_s0.npz,75425,15b885ee55302a5efff0d1481e2e8f95c67a24930c51bfceba4a3b404c675a6c
tcn,independent_rms,43,bandpass_n20004_cLA_V6_independent_rms_s20,phase2/results/predictions/full/independent_rms/tcn/seed_43/bandpass_n20004_cLA_V6_independent_rms_s20.npz,76383,5b42dd188e16a6a6510f9e17cb3570feb9b9875af1fcf95dc0fe4e17c9342e43
tcn,independent_rms,43,bandpass_n20004_cLA_V6_independent_rms_s15,phase2/results/predictions/full/independent_rms/tcn/seed_43/bandpass_n20004_cLA_V6_independent_rms_s15.npz,76395,40d4bcf033490d9eb2f287642c6597eff3c54158db4ca8ae5a358d20004635eb
tcn,independent_rms,43,bandpass_n20004_cLA_V6_independent_rms_s10,phase2/results/predictions/full/independent_rms/tcn/seed_43/bandpass_n20004_cLA_V6_independent_rms_s10.npz,76317,49c1ce55f1376d389969c27cf1dc6c20e478030dd49046ffc06f10b2bdd4426b
tcn,independent_rms,43,bandpass_n20004_cLA_V6_independent_rms_s5,phase2/results/predictions/full/independent_rms/tcn/seed_43/bandpass_n20004_cLA_V6_independent_rms_s5.npz,76218,6bbdb5fa0aaa99091a33c1781f5a676ec53ab68bfe873b9b4b9404962ece68ca
tcn,independent_rms,43,bandpass_n20004_cLA_V6_independent_rms_s0,phase2/results/predictions/full/independent_rms/tcn/seed_43/bandpass_n20004_cLA_V6_independent_rms_s0.npz,75925,f4a2b2f51c4c5b806ee2ece4161184fa812c391091a0448156b1aa9053b8f26a
tcn,independent_rms,43,bandpass_n20004_cLA_V6_electrode_s20,phase2/results/predictions/full/independent_rms/tcn/seed_43/bandpass_n20004_cLA_V6_electrode_s20.npz,76364,a007d3a1cb3fd18ff4f59fb9609caff8c1a2e39aef84736f7c6e91e72d78e683
tcn,independent_rms,43,bandpass_n20004_cLA_V6_electrode_s15,phase2/results/predictions/full/independent_rms/tcn/seed_43/bandpass_n20004_cLA_V6_electrode_s15.npz,76340,f4dd8a35a3b48b28e678753469d77db263cb818c357e8731563bd2e8fece65c6
tcn,independent_rms,43,bandpass_n20004_cLA_V6_electrode_s10,phase2/results/predictions/full/independent_rms/tcn/seed_43/bandpass_n20004_cLA_V6_electrode_s10.npz,76336,e4007d9e40195e2c942fedb9e3879a33d86e17b5cbccbf2f01393c673eb69090
tcn,independent_rms,43,bandpass_n20004_cLA_V6_electrode_s5,phase2/results/predictions/full/independent_rms/tcn/seed_43/bandpass_n20004_cLA_V6_electrode_s5.npz,76162,141de1b5f93a4f1178f52e3e7c89c8a74c161ae20f1322c1c1e2f5466a804b19
tcn,independent_rms,43,bandpass_n20004_cLA_V6_electrode_s0,phase2/results/predictions/full/independent_rms/tcn/seed_43/bandpass_n20004_cLA_V6_electrode_s0.npz,75778,bf45f7900fb078edf1a8e1f9d9eb87be1429a0e736775b1eef0ff5feff2d5fe0
tcn,independent_rms,43,bandpass_n20004_cLA_V6_covariance_s20,phase2/results/predictions/full/independent_rms/tcn/seed_43/bandpass_n20004_cLA_V6_covariance_s20.npz,76386,597c763e1a2066d6c759bcc4d21e89efc628d2133630dbc84ceac6511c25a590
tcn,independent_rms,43,bandpass_n20004_cLA_V6_covariance_s15,phase2/results/predictions/full/independent_rms/tcn/seed_43/bandpass_n20004_cLA_V6_covariance_s15.npz,76385,955a43cf3f84e26fd5ea386fbb80a015735b7988bf681fd7e6748c6f7b14577e
tcn,independent_rms,43,bandpass_n20004_cLA_V6_covariance_s10,phase2/results/predictions/full/independent_rms/tcn/seed_43/bandpass_n20004_cLA_V6_covariance_s10.npz,76324,87b5c9a499c26e799fc6ff55edfdea9830bdbc85a50c2b13367926358372fb79
tcn,independent_rms,43,bandpass_n20004_cLA_V6_covariance_s5,phase2/results/predictions/full/independent_rms/tcn/seed_43/bandpass_n20004_cLA_V6_covariance_s5.npz,76169,c93422b5c64b3261b20cf27bd985cd45386bcaa274b34bed03d1eb80cd95613d
tcn,independent_rms,43,bandpass_n20004_cLA_V6_covariance_s0,phase2/results/predictions/full/independent_rms/tcn/seed_43/bandpass_n20004_cLA_V6_covariance_s0.npz,75772,5661cb76b927a764402d944133f1b795c3783b236e90bd5ebf5b65f4cfcfb177
tcn,independent_rms,43,bandpass_n20004_cLL_V4_independent_rms_s20,phase2/results/predictions/full/independent_rms/tcn/seed_43/bandpass_n20004_cLL_V4_independent_rms_s20.npz,76410,08832367c0785f7cec432f5f3f1f2aa4c8d0a260376d2092203a661399ac8398
tcn,independent_rms,43,bandpass_n20004_cLL_V4_independent_rms_s15,phase2/results/predictions/full/independent_rms/tcn/seed_43/bandpass_n20004_cLL_V4_independent_rms_s15.npz,76393,0baed9cd46d17dbbc55fd5e3f987ed71a68c752fbfdb525a059a8bee932e8633
tcn,independent_rms,43,bandpass_n20004_cLL_V4_independent_rms_s10,phase2/results/predictions/full/independent_rms/tcn/seed_43/bandpass_n20004_cLL_V4_independent_rms_s10.npz,76335,44bd64ad662b3285517f3fb2ea4a795f1fcafcf18c2b62d4517a76574a93cd24
tcn,independent_rms,43,bandpass_n20004_cLL_V4_independent_rms_s5,phase2/results/predictions/full/independent_rms/tcn/seed_43/bandpass_n20004_cLL_V4_independent_rms_s5.npz,76204,fce4efae646c534f8fe657ab841196383f3f759f8fd4353ea3ac5d1addea3637
tcn,independent_rms,43,bandpass_n20004_cLL_V4_independent_rms_s0,phase2/results/predictions/full/independent_rms/tcn/seed_43/bandpass_n20004_cLL_V4_independent_rms_s0.npz,75973,3168e2e8444e4270d23567ab33e89385aa4eb6189827e494a268d453997fa1db
tcn,independent_rms,43,bandpass_n20004_cLL_V4_electrode_s20,phase2/results/predictions/full/independent_rms/tcn/seed_43/bandpass_n20004_cLL_V4_electrode_s20.npz,76384,11eeec41a02adf96d5bfa547fee7b6d28a033a850c8266bb9a723790842859cb
tcn,independent_rms,43,bandpass_n20004_cLL_V4_electrode_s15,phase2/results/predictions/full/independent_rms/tcn/seed_43/bandpass_n20004_cLL_V4_electrode_s15.npz,76369,5c180d903e22d4da4c1a15299d04e983df6201908f325cfcbb4075c359312337
tcn,independent_rms,43,bandpass_n20004_cLL_V4_electrode_s10,phase2/results/predictions/full/independent_rms/tcn/seed_43/bandpass_n20004_cLL_V4_electrode_s10.npz,76301,ef3522facfbf5b225309f44cc9c595447e5c77f8561d1cf2ff4e8ae2db1bb6fb
tcn,independent_rms,43,bandpass_n20004_cLL_V4_electrode_s5,phase2/results/predictions/full/independent_rms/tcn/seed_43/bandpass_n20004_cLL_V4_electrode_s5.npz,76107,d4c8da0d29d717e650c734cc976060d03c4f7e2ef5cce7d80866889953be6d25
tcn,independent_rms,43,bandpass_n20004_cLL_V4_electrode_s0,phase2/results/predictions/full/independent_rms/tcn/seed_43/bandpass_n20004_cLL_V4_electrode_s0.npz,75825,b831052ba824b16f23641276a73f2e7e0eda1ed18329c65ae9902111b6df18cd
tcn,independent_rms,43,bandpass_n20004_cLL_V4_covariance_s20,phase2/results/predictions/full/independent_rms/tcn/seed_43/bandpass_n20004_cLL_V4_covariance_s20.npz,76387,1a2f2789782bb046874f9bc5e1923d651b8fad75ce456c8e224b95c1ef282a78
tcn,independent_rms,43,bandpass_n20004_cLL_V4_covariance_s15,phase2/results/predictions/full/independent_rms/tcn/seed_43/bandpass_n20004_cLL_V4_covariance_s15.npz,76371,bbfb9d69061619bb3a257e6ffad41d1121ed363d2f43de4b9a2cc57d3e4091e2
tcn,independent_rms,43,bandpass_n20004_cLL_V4_covariance_s10,phase2/results/predictions/full/independent_rms/tcn/seed_43/bandpass_n20004_cLL_V4_covariance_s10.npz,76276,3bc8ebc5eeae9744cf2a22caa2cd3a38b80f0d5249b9693f64c39077483cfad9
tcn,independent_rms,43,bandpass_n20004_cLL_V4_covariance_s5,phase2/results/predictions/full/independent_rms/tcn/seed_43/bandpass_n20004_cLL_V4_covariance_s5.npz,76139,d7a12fad3f38a5dfda9123f055d8a3662db190853694c1f9c88dc50a5dd9c216
tcn,independent_rms,43,bandpass_n20004_cLL_V4_covariance_s0,phase2/results/predictions/full/independent_rms/tcn/seed_43/bandpass_n20004_cLL_V4_covariance_s0.npz,75824,3aa0de2c19ead8f5daa665c2f38e8445d389bdbae90df7d506a11d927896bee2
tcn,independent_rms,43,bandpass_n20004_cRA_LA_V1_V6_independent_rms_s20,phase2/results/predictions/full/independent_rms/tcn/seed_43/bandpass_n20004_cRA_LA_V1_V6_independent_rms_s20.npz,76407,a5fdc0e82fed08f8b3f7379b02ea125146ff1417ed815be71988d06c0749cef8
tcn,independent_rms,43,bandpass_n20004_cRA_LA_V1_V6_independent_rms_s15,phase2/results/predictions/full/independent_rms/tcn/seed_43/bandpass_n20004_cRA_LA_V1_V6_independent_rms_s15.npz,76393,0c8b6d07d973f20c4dca6245724e8725b0764792a4d1484d8b137bb58a8f1522
tcn,independent_rms,43,bandpass_n20004_cRA_LA_V1_V6_independent_rms_s10,phase2/results/predictions/full/independent_rms/tcn/seed_43/bandpass_n20004_cRA_LA_V1_V6_independent_rms_s10.npz,76316,882551c0ed16634293e08989f5e9282bd8f341f4649537409d7a7ce362e06d7f
tcn,independent_rms,43,bandpass_n20004_cRA_LA_V1_V6_independent_rms_s5,phase2/results/predictions/full/independent_rms/tcn/seed_43/bandpass_n20004_cRA_LA_V1_V6_independent_rms_s5.npz,76225,d2d07c76edc5eae5962906490f477a6d40e2c01540847f38c585b2cec5a6f5a1
tcn,independent_rms,43,bandpass_n20004_cRA_LA_V1_V6_independent_rms_s0,phase2/results/predictions/full/independent_rms/tcn/seed_43/bandpass_n20004_cRA_LA_V1_V6_independent_rms_s0.npz,75938,a323d6b69b4a3ce9a25d450bee22052cfb78fabd89905b76ad3f1dbebffa5493
tcn,independent_rms,43,bandpass_n20004_cRA_LA_V1_V6_electrode_s20,phase2/results/predictions/full/independent_rms/tcn/seed_43/bandpass_n20004_cRA_LA_V1_V6_electrode_s20.npz,76398,aa9a9769cc5093a56390b7e399e1225b1f5575b3809fe36de9ea89ab37fbf099
tcn,independent_rms,43,bandpass_n20004_cRA_LA_V1_V6_electrode_s15,phase2/results/predictions/full/independent_rms/tcn/seed_43/bandpass_n20004_cRA_LA_V1_V6_electrode_s15.npz,76413,c6ec6142d395e627ec2cd225e78d6d8ff5a6ba3c9a4625e7350650e040cad98b
tcn,independent_rms,43,bandpass_n20004_cRA_LA_V1_V6_electrode_s10,phase2/results/predictions/full/independent_rms/tcn/seed_43/bandpass_n20004_cRA_LA_V1_V6_electrode_s10.npz,76264,74a3c91946b90f340dee1ea3e868d801cab45a953467662f78a5ff8223abe095
tcn,independent_rms,43,bandpass_n20004_cRA_LA_V1_V6_electrode_s5,phase2/results/predictions/full/independent_rms/tcn/seed_43/bandpass_n20004_cRA_LA_V1_V6_electrode_s5.npz,76048,539a4981735cb415b1fd7058586817ec5e14f72e50ec7961071bcb3605a2002b
tcn,independent_rms,43,bandpass_n20004_cRA_LA_V1_V6_electrode_s0,phase2/results/predictions/full/independent_rms/tcn/seed_43/bandpass_n20004_cRA_LA_V1_V6_electrode_s0.npz,75565,9bc9e0773e796054af1c2d4d58a889b37301935e3cba2f7f6e7c8931a5cf6575
tcn,independent_rms,43,bandpass_n20004_cRA_LA_V1_V6_covariance_s20,phase2/results/predictions/full/independent_rms/tcn/seed_43/bandpass_n20004_cRA_LA_V1_V6_covariance_s20.npz,76400,c9358d3e96e054ccf0aba591216383afd1767a5922174fa3bea1c9087d6d4eba
tcn,independent_rms,43,bandpass_n20004_cRA_LA_V1_V6_covariance_s15,phase2/results/predictions/full/independent_rms/tcn/seed_43/bandpass_n20004_cRA_LA_V1_V6_covariance_s15.npz,76383,675d1948f65243f09a6a395213e33bf869d65a7d168b242426f60e9afe8c6d77
tcn,independent_rms,43,bandpass_n20004_cRA_LA_V1_V6_covariance_s10,phase2/results/predictions/full/independent_rms/tcn/seed_43/bandpass_n20004_cRA_LA_V1_V6_covariance_s10.npz,76283,eb904352eb9eb5df40762087742e95ccc4d8dec4b2c95b16a2eb62990ccad10d
tcn,independent_rms,43,bandpass_n20004_cRA_LA_V1_V6_covariance_s5,phase2/results/predictions/full/independent_rms/tcn/seed_43/bandpass_n20004_cRA_LA_V1_V6_covariance_s5.npz,76099,29c41863f57f7cd9a312f452d75cffe05a227f6c8b6f5fdb29e61c013b762cea
tcn,independent_rms,43,bandpass_n20004_cRA_LA_V1_V6_covariance_s0,phase2/results/predictions/full/independent_rms/tcn/seed_43/bandpass_n20004_cRA_LA_V1_V6_covariance_s0.npz,75578,7de7b463ab42a3a595808aa4eb7475701d9f51b00912ac94d3eb53bb0edd89ff
tcn,independent_rms,43,bandpass_n20004_cRA_V2_V5_independent_rms_s20,phase2/results/predictions/full/independent_rms/tcn/seed_43/bandpass_n20004_cRA_V2_V5_independent_rms_s20.npz,76412,fdad65000921fe7d521b7cace18c92b95b3764dc109bfe9e96a8fa0b5b73d12f
tcn,independent_rms,43,bandpass_n20004_cRA_V2_V5_independent_rms_s15,phase2/results/predictions/full/independent_rms/tcn/seed_43/bandpass_n20004_cRA_V2_V5_independent_rms_s15.npz,76368,6162f3539eb06ff64a22b03e15932bb961b80711ac6e33155560fa4b855d3bca
tcn,independent_rms,43,bandpass_n20004_cRA_V2_V5_independent_rms_s10,phase2/results/predictions/full/independent_rms/tcn/seed_43/bandpass_n20004_cRA_V2_V5_independent_rms_s10.npz,76393,ce2f4aa4f48b7ae721ec9bed4ed02f1b8b4f69f9df49248acd3942d09e11f94d
tcn,independent_rms,43,bandpass_n20004_cRA_V2_V5_independent_rms_s5,phase2/results/predictions/full/independent_rms/tcn/seed_43/bandpass_n20004_cRA_V2_V5_independent_rms_s5.npz,76243,eeff838b317a0e94804b2dfcfcd363bf84cbb83ad5af70f94b24ef5cb23307c9
tcn,independent_rms,43,bandpass_n20004_cRA_V2_V5_independent_rms_s0,phase2/results/predictions/full/independent_rms/tcn/seed_43/bandpass_n20004_cRA_V2_V5_independent_rms_s0.npz,75944,fe9318aac9696639281698adde5f174b7292ed12f52eb08940377eeb2c2bbbdd
tcn,independent_rms,43,bandpass_n20004_cRA_V2_V5_electrode_s20,phase2/results/predictions/full/independent_rms/tcn/seed_43/bandpass_n20004_cRA_V2_V5_electrode_s20.npz,76387,7edbb22f1feecd6916672888c004c8ae33128b80637de51fdf3cd637446540cd
tcn,independent_rms,43,bandpass_n20004_cRA_V2_V5_electrode_s15,phase2/results/predictions/full/independent_rms/tcn/seed_43/bandpass_n20004_cRA_V2_V5_electrode_s15.npz,76393,231b96e44b9037a109c8703bf0faba703063fbe73b948b35e01b98b9a6a40aed
tcn,independent_rms,43,bandpass_n20004_cRA_V2_V5_electrode_s10,phase2/results/predictions/full/independent_rms/tcn/seed_43/bandpass_n20004_cRA_V2_V5_electrode_s10.npz,76269,1ec689104122a3c028351509457c7e8844980768444f4e192ac52f82d9edd137
tcn,independent_rms,43,bandpass_n20004_cRA_V2_V5_electrode_s5,phase2/results/predictions/full/independent_rms/tcn/seed_43/bandpass_n20004_cRA_V2_V5_electrode_s5.npz,76020,643ab3d3add76e122537d1cc099c9af092824a379bd13551c618cc7e13871cbb
tcn,independent_rms,43,bandpass_n20004_cRA_V2_V5_electrode_s0,phase2/results/predictions/full/independent_rms/tcn/seed_43/bandpass_n20004_cRA_V2_V5_electrode_s0.npz,75506,740256e6047e79d3f4fc0aa836d698e7d18efdd5fe31c7fa3f0a3b5ea20f4060
tcn,independent_rms,43,bandpass_n20004_cRA_V2_V5_covariance_s20,phase2/results/predictions/full/independent_rms/tcn/seed_43/bandpass_n20004_cRA_V2_V5_covariance_s20.npz,76385,77cee7fb6ce9a768d5bde6751de6b28a1eaa7e8bff72284b63f6268d33a4a034
tcn,independent_rms,43,bandpass_n20004_cRA_V2_V5_covariance_s15,phase2/results/predictions/full/independent_rms/tcn/seed_43/bandpass_n20004_cRA_V2_V5_covariance_s15.npz,76346,f86e04199abca018cd830da189252d20cf806a1c590e00051ee047f7f23b069c
tcn,independent_rms,43,bandpass_n20004_cRA_V2_V5_covariance_s10,phase2/results/predictions/full/independent_rms/tcn/seed_43/bandpass_n20004_cRA_V2_V5_covariance_s10.npz,76266,a4d039bbd0e6e6811b4bccf6719af3d5b65c54174867127d3feb294ca3d08660
tcn,independent_rms,43,bandpass_n20004_cRA_V2_V5_covariance_s5,phase2/results/predictions/full/independent_rms/tcn/seed_43/bandpass_n20004_cRA_V2_V5_covariance_s5.npz,76057,d7a278df7d8e4cd602544c59b1a78a680b0cc64ca632d40059eb071a9bd46c49
tcn,independent_rms,43,bandpass_n20004_cRA_V2_V5_covariance_s0,phase2/results/predictions/full/independent_rms/tcn/seed_43/bandpass_n20004_cRA_V2_V5_covariance_s0.npz,75550,06f9d2148019c8e173f21effc06dfcfb885940265133ecbbc682aa4a533a35ad
tcn,independent_rms,43,bandpass_n20004_cLA_V3_V6_independent_rms_s20,phase2/results/predictions/full/independent_rms/tcn/seed_43/bandpass_n20004_cLA_V3_V6_independent_rms_s20.npz,76407,30e13b4526c84b9e3232d5aa9a96f09ea7637ce22eb00c0abfd669f662044d80
tcn,independent_rms,43,bandpass_n20004_cLA_V3_V6_independent_rms_s15,phase2/results/predictions/full/independent_rms/tcn/seed_43/bandpass_n20004_cLA_V3_V6_independent_rms_s15.npz,76402,ca96556d26caf834be0907a9dcb7ef71f214ce647499ba71370c90d9c517784a
tcn,independent_rms,43,bandpass_n20004_cLA_V3_V6_independent_rms_s10,phase2/results/predictions/full/independent_rms/tcn/seed_43/bandpass_n20004_cLA_V3_V6_independent_rms_s10.npz,76347,5a7347c9d70304c0cc8716d2b7e879d59beabdef572d46bbb127a6f65fd79302
tcn,independent_rms,43,bandpass_n20004_cLA_V3_V6_independent_rms_s5,phase2/results/predictions/full/independent_rms/tcn/seed_43/bandpass_n20004_cLA_V3_V6_independent_rms_s5.npz,76239,1fa8164d4187b06bb5a613edbbe9bc4023c2d09d2a6368748db6b498979ce5f3
tcn,independent_rms,43,bandpass_n20004_cLA_V3_V6_independent_rms_s0,phase2/results/predictions/full/independent_rms/tcn/seed_43/bandpass_n20004_cLA_V3_V6_independent_rms_s0.npz,75965,c4f86df7466694b232a4d2a2bec7357a835b4576152e3b3c5b7944dbfb23b4f4
tcn,independent_rms,43,bandpass_n20004_cLA_V3_V6_electrode_s20,phase2/results/predictions/full/independent_rms/tcn/seed_43/bandpass_n20004_cLA_V3_V6_electrode_s20.npz,76409,11b4534aa2d445b8d62955d1e83d7810f3e533da963baef1ffceac9e743e822e
tcn,independent_rms,43,bandpass_n20004_cLA_V3_V6_electrode_s15,phase2/results/predictions/full/independent_rms/tcn/seed_43/bandpass_n20004_cLA_V3_V6_electrode_s15.npz,76411,01f4f7a88031c1c6bc4b62f6f0ee8fca81747f4f708d35addacabc7b3e02e7ff
tcn,independent_rms,43,bandpass_n20004_cLA_V3_V6_electrode_s10,phase2/results/predictions/full/independent_rms/tcn/seed_43/bandpass_n20004_cLA_V3_V6_electrode_s10.npz,76333,40ee1d90a69469ce97bb1453f3df5614f89bd06634149dd3049991ce52d9ea36
tcn,independent_rms,43,bandpass_n20004_cLA_V3_V6_electrode_s5,phase2/results/predictions/full/independent_rms/tcn/seed_43/bandpass_n20004_cLA_V3_V6_electrode_s5.npz,76174,ebea72db99c36aade1211703539b4ff4157bfefb2d25b4f0fa510e6b62ada9a3
tcn,independent_rms,43,bandpass_n20004_cLA_V3_V6_electrode_s0,phase2/results/predictions/full/independent_rms/tcn/seed_43/bandpass_n20004_cLA_V3_V6_electrode_s0.npz,75823,722fd20b1ce9e5754cb63b650840d46aabdd58f6f8b16badccd3a71734f20019
tcn,independent_rms,43,bandpass_n20004_cLA_V3_V6_covariance_s20,phase2/results/predictions/full/independent_rms/tcn/seed_43/bandpass_n20004_cLA_V3_V6_covariance_s20.npz,76414,2d3d1b0a35a4b8f47bc9b0b9fbdc5b63caae982e130756ef05076bf93df248d4
tcn,independent_rms,43,bandpass_n20004_cLA_V3_V6_covariance_s15,phase2/results/predictions/full/independent_rms/tcn/seed_43/bandpass_n20004_cLA_V3_V6_covariance_s15.npz,76362,e4bc4083aa1b1b2ca6d26db8003db65ccd838a94716bbfa47de6f2772f22f378
tcn,independent_rms,43,bandpass_n20004_cLA_V3_V6_covariance_s10,phase2/results/predictions/full/independent_rms/tcn/seed_43/bandpass_n20004_cLA_V3_V6_covariance_s10.npz,76351,cbb98b31bb9b524e8e896db35d3321bcf01ebb7fb1c68d18f56687c6f2127c5d
tcn,independent_rms,43,bandpass_n20004_cLA_V3_V6_covariance_s5,phase2/results/predictions/full/independent_rms/tcn/seed_43/bandpass_n20004_cLA_V3_V6_covariance_s5.npz,76134,a55539510ae04eb347480d506cb272d865670f2e40796135250427deea5fa8ab
tcn,independent_rms,43,bandpass_n20004_cLA_V3_V6_covariance_s0,phase2/results/predictions/full/independent_rms/tcn/seed_43/bandpass_n20004_cLA_V3_V6_covariance_s0.npz,75801,402ae982f21720bb09dd651350591d0ddac41a4805ebfad514c589f92329f962
tcn,independent_rms,43,bandpass_n20004_cLL_V1_V4_independent_rms_s20,phase2/results/predictions/full/independent_rms/tcn/seed_43/bandpass_n20004_cLL_V1_V4_independent_rms_s20.npz,76417,318012b8f9837292f01d97ba4c0e4876ace34f8f03e826047514ffd33a739ba5
tcn,independent_rms,43,bandpass_n20004_cLL_V1_V4_independent_rms_s15,phase2/results/predictions/full/independent_rms/tcn/seed_43/bandpass_n20004_cLL_V1_V4_independent_rms_s15.npz,76386,1d5642e893385613eafd5cef14e2869119248018add214faef1959315de97b1a
tcn,independent_rms,43,bandpass_n20004_cLL_V1_V4_independent_rms_s10,phase2/results/predictions/full/independent_rms/tcn/seed_43/bandpass_n20004_cLL_V1_V4_independent_rms_s10.npz,76359,756ade508e7d74f6401a0ab9d61890a81c4de8d1a9936f4aeeba22c6300e0c11
tcn,independent_rms,43,bandpass_n20004_cLL_V1_V4_independent_rms_s5,phase2/results/predictions/full/independent_rms/tcn/seed_43/bandpass_n20004_cLL_V1_V4_independent_rms_s5.npz,76230,a02a47fa05db28f87147079153a3f58af661b10f9400679941a49ad55b5a68b3
tcn,independent_rms,43,bandpass_n20004_cLL_V1_V4_independent_rms_s0,phase2/results/predictions/full/independent_rms/tcn/seed_43/bandpass_n20004_cLL_V1_V4_independent_rms_s0.npz,75936,6e13e7b6287a7aac30dd65e7a4409071c32e0ecd0fcd03c25abcf4bd9aef344c
tcn,independent_rms,43,bandpass_n20004_cLL_V1_V4_electrode_s20,phase2/results/predictions/full/independent_rms/tcn/seed_43/bandpass_n20004_cLL_V1_V4_electrode_s20.npz,76403,2362a389c71192d846ff5c3df8aefa4dd3e86d90b0ae28c0046349d9fdf756f8
tcn,independent_rms,43,bandpass_n20004_cLL_V1_V4_electrode_s15,phase2/results/predictions/full/independent_rms/tcn/seed_43/bandpass_n20004_cLL_V1_V4_electrode_s15.npz,76342,e95feb5380d6d6d8fc13f0a730e22968870198a57f8b9837747295943c1a14a1
tcn,independent_rms,43,bandpass_n20004_cLL_V1_V4_electrode_s10,phase2/results/predictions/full/independent_rms/tcn/seed_43/bandpass_n20004_cLL_V1_V4_electrode_s10.npz,76307,0b6813e3dca2aa839fa25b9ce2bafaf7b71642b8f3d7a4454b8f537f2f0dd496
tcn,independent_rms,43,bandpass_n20004_cLL_V1_V4_electrode_s5,phase2/results/predictions/full/independent_rms/tcn/seed_43/bandpass_n20004_cLL_V1_V4_electrode_s5.npz,76154,d097f4cd289bf4a459332238506c867a1af05dbd07bf5103519c3c1abab84f23
tcn,independent_rms,43,bandpass_n20004_cLL_V1_V4_electrode_s0,phase2/results/predictions/full/independent_rms/tcn/seed_43/bandpass_n20004_cLL_V1_V4_electrode_s0.npz,75806,4449ea722d1013073ec0b39665079c4a791c9384f83926d1b8c61736b7ce9562
tcn,independent_rms,43,bandpass_n20004_cLL_V1_V4_covariance_s20,phase2/results/predictions/full/independent_rms/tcn/seed_43/bandpass_n20004_cLL_V1_V4_covariance_s20.npz,76407,d23c6093568a5713b2dcc60a045fa2d15d4558c98f75c73332eb757554866e16
tcn,independent_rms,43,bandpass_n20004_cLL_V1_V4_covariance_s15,phase2/results/predictions/full/independent_rms/tcn/seed_43/bandpass_n20004_cLL_V1_V4_covariance_s15.npz,76371,f4bf5139a494b038c9fc6216f15f1aad82f4a0bb1cac8434049bbda336f0ee67
tcn,independent_rms,43,bandpass_n20004_cLL_V1_V4_covariance_s10,phase2/results/predictions/full/independent_rms/tcn/seed_43/bandpass_n20004_cLL_V1_V4_covariance_s10.npz,76291,0277fe62f651ebdc620bf4dad25ccc1546e3861eb4a7379d1d3cbc68163d71ea
tcn,independent_rms,43,bandpass_n20004_cLL_V1_V4_covariance_s5,phase2/results/predictions/full/independent_rms/tcn/seed_43/bandpass_n20004_cLL_V1_V4_covariance_s5.npz,76140,b15eff78353ecabdf4668f0b57f90012675c17cc3e24ddceeb9294d9ee8e7349
tcn,independent_rms,43,bandpass_n20004_cLL_V1_V4_covariance_s0,phase2/results/predictions/full/independent_rms/tcn/seed_43/bandpass_n20004_cLL_V1_V4_covariance_s0.npz,75811,cc771c4d577c2b5054e3978c89558d43af8acf3ba96360ca24d69bd73396528e
tcn,independent_rms,43,bandpass_n20004_call_independent_rms_s20,phase2/results/predictions/full/independent_rms/tcn/seed_43/bandpass_n20004_call_independent_rms_s20.npz,76375,d95886c13cc80f365943cbc6d8843aa75ae3afbee7e3461ef4a8accf0e22992a
tcn,independent_rms,43,bandpass_n20004_call_independent_rms_s15,phase2/results/predictions/full/independent_rms/tcn/seed_43/bandpass_n20004_call_independent_rms_s15.npz,76373,b287581e781ceba5ee13ee372762cedf3ec060a0d79aacb733e4c228cf7780f6
tcn,independent_rms,43,bandpass_n20004_call_independent_rms_s10,phase2/results/predictions/full/independent_rms/tcn/seed_43/bandpass_n20004_call_independent_rms_s10.npz,76332,629b917d4622d9860aa29c56b46d509d34c11888888ded8b97f8ae2680dd510f
tcn,independent_rms,43,bandpass_n20004_call_independent_rms_s5,phase2/results/predictions/full/independent_rms/tcn/seed_43/bandpass_n20004_call_independent_rms_s5.npz,76186,f5edb3b998acdd944dd46310084f39f1d90283cabefaffca19492e7bf7febca3
tcn,independent_rms,43,bandpass_n20004_call_independent_rms_s0,phase2/results/predictions/full/independent_rms/tcn/seed_43/bandpass_n20004_call_independent_rms_s0.npz,75900,9a9e2691dbd7ee6b78184929632a19becb56058991eebf234ae6b69b6f9aa4b9
tcn,independent_rms,43,bandpass_n20004_call_electrode_s20,phase2/results/predictions/full/independent_rms/tcn/seed_43/bandpass_n20004_call_electrode_s20.npz,76364,c3f012902b4336b1b4147aeddbb896204099dda901fb19f5cf173933f582b9bd
tcn,independent_rms,43,bandpass_n20004_call_electrode_s15,phase2/results/predictions/full/independent_rms/tcn/seed_43/bandpass_n20004_call_electrode_s15.npz,76374,15c7ea01d56db608c965c4d93b885a1a11b312c47adcdb477e50446c7c53fd28
tcn,independent_rms,43,bandpass_n20004_call_electrode_s10,phase2/results/predictions/full/independent_rms/tcn/seed_43/bandpass_n20004_call_electrode_s10.npz,76252,d830e12c221340754e3f54a77a765c5052957709487f5ec4bb8b2b2aacb4fe28
tcn,independent_rms,43,bandpass_n20004_call_electrode_s5,phase2/results/predictions/full/independent_rms/tcn/seed_43/bandpass_n20004_call_electrode_s5.npz,76069,0bc315e18aae2b0af389d5c4e40c939ffaca9aedcd52babc9aa365dbc5dd19bc
tcn,independent_rms,43,bandpass_n20004_call_electrode_s0,phase2/results/predictions/full/independent_rms/tcn/seed_43/bandpass_n20004_call_electrode_s0.npz,75593,e2821a33decf8dc615c207d4a456d9fb8422db0a7a9ab22d3551901deb43252a
tcn,independent_rms,43,bandpass_n20004_call_covariance_s20,phase2/results/predictions/full/independent_rms/tcn/seed_43/bandpass_n20004_call_covariance_s20.npz,76357,fa0ce040d1fe94e141d7b60f6f878c6f0430f71df56e4e69972b09d00b10d303
tcn,independent_rms,43,bandpass_n20004_call_covariance_s15,phase2/results/predictions/full/independent_rms/tcn/seed_43/bandpass_n20004_call_covariance_s15.npz,76356,54d7c928eb88507520e2ac40cc5de533579c3cd8dc5339bbd3795da4bad89818
tcn,independent_rms,43,bandpass_n20004_call_covariance_s10,phase2/results/predictions/full/independent_rms/tcn/seed_43/bandpass_n20004_call_covariance_s10.npz,76240,3aa534ffcd8a41d56c7225f0e0ac7535e85600cd9870d28f5b065ba23fa31689
tcn,independent_rms,43,bandpass_n20004_call_covariance_s5,phase2/results/predictions/full/independent_rms/tcn/seed_43/bandpass_n20004_call_covariance_s5.npz,76095,42180b677a5bfe6c087f200ddcd7e7e4f5eb95523f2efbed0929faedfbf446ca
tcn,independent_rms,43,bandpass_n20004_call_covariance_s0,phase2/results/predictions/full/independent_rms/tcn/seed_43/bandpass_n20004_call_covariance_s0.npz,75628,e4ff727217fad2b899fbf7691e59a77091f56fc7b490f21be7f7ce6005c31547
tcn,independent_rms,43,bandpass_n20005_cRA_LA_LL_independent_rms_s20,phase2/results/predictions/full/independent_rms/tcn/seed_43/bandpass_n20005_cRA_LA_LL_independent_rms_s20.npz,76405,3cc7e7856ce464d83674f692ca1f0bcb6ff54839e688f0edb3e47aac1776928a
tcn,independent_rms,43,bandpass_n20005_cRA_LA_LL_independent_rms_s15,phase2/results/predictions/full/independent_rms/tcn/seed_43/bandpass_n20005_cRA_LA_LL_independent_rms_s15.npz,76363,f9e6b0da3d25014a434feee143a7730b4186437db83649f5755d3dc2c6052e5e
tcn,independent_rms,43,bandpass_n20005_cRA_LA_LL_independent_rms_s10,phase2/results/predictions/full/independent_rms/tcn/seed_43/bandpass_n20005_cRA_LA_LL_independent_rms_s10.npz,76369,d190ddc9cb8159cea58b08f678bf2f4b6f496e2b7ee9f6bafd00fdf0954664f1
tcn,independent_rms,43,bandpass_n20005_cRA_LA_LL_independent_rms_s5,phase2/results/predictions/full/independent_rms/tcn/seed_43/bandpass_n20005_cRA_LA_LL_independent_rms_s5.npz,76230,50eac14bd6cd3762269b596e44031df9ede19bbe8bbc3598f68e6c51c715cd4a
tcn,independent_rms,43,bandpass_n20005_cRA_LA_LL_independent_rms_s0,phase2/results/predictions/full/independent_rms/tcn/seed_43/bandpass_n20005_cRA_LA_LL_independent_rms_s0.npz,75918,f4cad475e2be557e15df70a858d70853896220bb1404aaf67987572e38d854e8
tcn,independent_rms,43,bandpass_n20005_cRA_LA_LL_electrode_s20,phase2/results/predictions/full/independent_rms/tcn/seed_43/bandpass_n20005_cRA_LA_LL_electrode_s20.npz,76409,491b23cceb15b767232c8a7f270c4cbeb180c19aae3dc93a1f8d534f97d487fb
tcn,independent_rms,43,bandpass_n20005_cRA_LA_LL_electrode_s15,phase2/results/predictions/full/independent_rms/tcn/seed_43/bandpass_n20005_cRA_LA_LL_electrode_s15.npz,76372,61c88723bf0b134b528f19ed18ef04b1b58129a3220def305d4ddecdeccea274
tcn,independent_rms,43,bandpass_n20005_cRA_LA_LL_electrode_s10,phase2/results/predictions/full/independent_rms/tcn/seed_43/bandpass_n20005_cRA_LA_LL_electrode_s10.npz,76262,acbc7a5e9c9b1d1dd97a4897d298c2d0d74b1e3a2c6b49b703cdff4c119271bf
tcn,independent_rms,43,bandpass_n20005_cRA_LA_LL_electrode_s5,phase2/results/predictions/full/independent_rms/tcn/seed_43/bandpass_n20005_cRA_LA_LL_electrode_s5.npz,76012,05ba39ed48887e063e267721bc7745f94ecea6248224ab92596513096d289a4e
tcn,independent_rms,43,bandpass_n20005_cRA_LA_LL_electrode_s0,phase2/results/predictions/full/independent_rms/tcn/seed_43/bandpass_n20005_cRA_LA_LL_electrode_s0.npz,75584,bb0acf556b6350341a49ed3bd26c4f510f265943da61dbae9a9273cfa429ea92
tcn,independent_rms,43,bandpass_n20005_cRA_LA_LL_covariance_s20,phase2/results/predictions/full/independent_rms/tcn/seed_43/bandpass_n20005_cRA_LA_LL_covariance_s20.npz,76400,0e5cfa54a088af25c4f8fe5917d012ef95b5fe559585b32c804d4c767692d059
tcn,independent_rms,43,bandpass_n20005_cRA_LA_LL_covariance_s15,phase2/results/predictions/full/independent_rms/tcn/seed_43/bandpass_n20005_cRA_LA_LL_covariance_s15.npz,76370,f3412af2f2bd4f64215067f6170d240e7a13fde955a23fb0d02a220f5253779f
tcn,independent_rms,43,bandpass_n20005_cRA_LA_LL_covariance_s10,phase2/results/predictions/full/independent_rms/tcn/seed_43/bandpass_n20005_cRA_LA_LL_covariance_s10.npz,76249,fd6cc79fe2453c069eb4134723c958ce30dccef3e649b4bc5674753f01c74898
tcn,independent_rms,43,bandpass_n20005_cRA_LA_LL_covariance_s5,phase2/results/predictions/full/independent_rms/tcn/seed_43/bandpass_n20005_cRA_LA_LL_covariance_s5.npz,76064,b92d7aa32d66d657effa9dbb16a19cac339ab6e62d26c5165b54daceda63807d
tcn,independent_rms,43,bandpass_n20005_cRA_LA_LL_covariance_s0,phase2/results/predictions/full/independent_rms/tcn/seed_43/bandpass_n20005_cRA_LA_LL_covariance_s0.npz,75547,3b00ad3360f0ab190e5cc9949166390f7257a9ea3e0fc0b9174550223b2f5799
tcn,independent_rms,43,bandpass_n20005_cV1_independent_rms_s20,phase2/results/predictions/full/independent_rms/tcn/seed_43/bandpass_n20005_cV1_independent_rms_s20.npz,76380,73ba8f747c52f3b8f336b56025ec62714c9acae2319a94ece43aefad7a86eb33
tcn,independent_rms,43,bandpass_n20005_cV1_independent_rms_s15,phase2/results/predictions/full/independent_rms/tcn/seed_43/bandpass_n20005_cV1_independent_rms_s15.npz,76367,aaa113739572d638572280b9eb26f4cb751a0a24bb3a457b600d85319a5fe20e
tcn,independent_rms,43,bandpass_n20005_cV1_independent_rms_s10,phase2/results/predictions/full/independent_rms/tcn/seed_43/bandpass_n20005_cV1_independent_rms_s10.npz,76320,f594c3cb608c55ea81c886498d9c3ea70937f8ca561652135423cdca47ddfc8a
tcn,independent_rms,43,bandpass_n20005_cV1_independent_rms_s5,phase2/results/predictions/full/independent_rms/tcn/seed_43/bandpass_n20005_cV1_independent_rms_s5.npz,76211,11ffeabdfd3a818b1cb689f631ab4a87a1bab934449797499f6d4ec53604ab47
tcn,independent_rms,43,bandpass_n20005_cV1_independent_rms_s0,phase2/results/predictions/full/independent_rms/tcn/seed_43/bandpass_n20005_cV1_independent_rms_s0.npz,75882,f1b6151d743d9dee26b862932cdf956c42fdf7edc09fe3bb04dfdf9f5ec0c58c
tcn,independent_rms,43,bandpass_n20005_cV1_electrode_s20,phase2/results/predictions/full/independent_rms/tcn/seed_43/bandpass_n20005_cV1_electrode_s20.npz,76362,1d67ce3cda1d791fb9d102a62c84fdafc475e2b5f3c158166eb6416de5c751dc
tcn,independent_rms,43,bandpass_n20005_cV1_electrode_s15,phase2/results/predictions/full/independent_rms/tcn/seed_43/bandpass_n20005_cV1_electrode_s15.npz,76344,2c73f219670094aea6774009df0881b23c7551c2b677ffe7005475b54c4727c2
tcn,independent_rms,43,bandpass_n20005_cV1_electrode_s10,phase2/results/predictions/full/independent_rms/tcn/seed_43/bandpass_n20005_cV1_electrode_s10.npz,76287,2cc40c9431d14bc4884609e016251ff21a80694c572e9e29b856ac759af628dc
tcn,independent_rms,43,bandpass_n20005_cV1_electrode_s5,phase2/results/predictions/full/independent_rms/tcn/seed_43/bandpass_n20005_cV1_electrode_s5.npz,76180,77e2b200226e77f3a551320696925028634a90189bc8d1addfc3a0a062073743
tcn,independent_rms,43,bandpass_n20005_cV1_electrode_s0,phase2/results/predictions/full/independent_rms/tcn/seed_43/bandpass_n20005_cV1_electrode_s0.npz,75881,c25c2da45b9b637beb1fcb8604e822b6b368f7958e5e55cace84320a2eb0512b
tcn,independent_rms,43,bandpass_n20005_cV1_covariance_s20,phase2/results/predictions/full/independent_rms/tcn/seed_43/bandpass_n20005_cV1_covariance_s20.npz,76342,48de464e8d267cb7a1d46c7d1e09d2969cf09e4299cd3a0c1db92705b5a8b8e0
tcn,independent_rms,43,bandpass_n20005_cV1_covariance_s15,phase2/results/predictions/full/independent_rms/tcn/seed_43/bandpass_n20005_cV1_covariance_s15.npz,76382,0041d4212f53d1c081ae79b739fb9a4a192a414528a954f7113549e42273504a
tcn,independent_rms,43,bandpass_n20005_cV1_covariance_s10,phase2/results/predictions/full/independent_rms/tcn/seed_43/bandpass_n20005_cV1_covariance_s10.npz,76349,b49f01eda7f522b9e0e905c8bc1e47cb130737e4590808f3c419ebb1ccfa43a3
tcn,independent_rms,43,bandpass_n20005_cV1_covariance_s5,phase2/results/predictions/full/independent_rms/tcn/seed_43/bandpass_n20005_cV1_covariance_s5.npz,76182,25b070d387849751303f028a4dc34ce721301d3f37fbe9cf73c727a22ea0cee2
tcn,independent_rms,43,bandpass_n20005_cV1_covariance_s0,phase2/results/predictions/full/independent_rms/tcn/seed_43/bandpass_n20005_cV1_covariance_s0.npz,75900,8732d79c7a4d9d184b2f7462a4e8b15e20ea0c5a430b306cf5bc522d69812219
tcn,independent_rms,43,bandpass_n20005_cV2_independent_rms_s20,phase2/results/predictions/full/independent_rms/tcn/seed_43/bandpass_n20005_cV2_independent_rms_s20.npz,76371,3f019e1427e7bdeb5fe4d1b5afa95fec7b8ca65c89b00f3686a1fc7252ef8042
tcn,independent_rms,43,bandpass_n20005_cV2_independent_rms_s15,phase2/results/predictions/full/independent_rms/tcn/seed_43/bandpass_n20005_cV2_independent_rms_s15.npz,76346,94bf9e344645fa3d6e66d845b7fc704e336879f04801c321e089a6e45c5e2899
tcn,independent_rms,43,bandpass_n20005_cV2_independent_rms_s10,phase2/results/predictions/full/independent_rms/tcn/seed_43/bandpass_n20005_cV2_independent_rms_s10.npz,76323,5988140839730350e6bff3068ff01eb6d9f619d12b884b4bfd3a41543451f4b0
tcn,independent_rms,43,bandpass_n20005_cV2_independent_rms_s5,phase2/results/predictions/full/independent_rms/tcn/seed_43/bandpass_n20005_cV2_independent_rms_s5.npz,76216,1e17ac466cb7003e2706f6544e3a4bab4e492c5882f73caf53dfae947ca74711
tcn,independent_rms,43,bandpass_n20005_cV2_independent_rms_s0,phase2/results/predictions/full/independent_rms/tcn/seed_43/bandpass_n20005_cV2_independent_rms_s0.npz,75966,f7b966287125bfa081b305ee943e0cf98fbbd35a796580cde660831748147ee1
tcn,independent_rms,43,bandpass_n20005_cV2_electrode_s20,phase2/results/predictions/full/independent_rms/tcn/seed_43/bandpass_n20005_cV2_electrode_s20.npz,76371,fdd924d3d3f2751932fadad6c8da6348035993548be737090a986386baa9d541
tcn,independent_rms,43,bandpass_n20005_cV2_electrode_s15,phase2/results/predictions/full/independent_rms/tcn/seed_43/bandpass_n20005_cV2_electrode_s15.npz,76368,3f8e45f4b5e2796eacdac212c6f9a1360ba118a6aee63a8507b4a56c82b94507
tcn,independent_rms,43,bandpass_n20005_cV2_electrode_s10,phase2/results/predictions/full/independent_rms/tcn/seed_43/bandpass_n20005_cV2_electrode_s10.npz,76319,796e68981a1634f51be652bc47a93f6d58c77b2401a2e3511946c480c1df399a
tcn,independent_rms,43,bandpass_n20005_cV2_electrode_s5,phase2/results/predictions/full/independent_rms/tcn/seed_43/bandpass_n20005_cV2_electrode_s5.npz,76220,6635c4f1b2fd544543a0608504b923297418d56d34a483408bd7c2a476c257ab
tcn,independent_rms,43,bandpass_n20005_cV2_electrode_s0,phase2/results/predictions/full/independent_rms/tcn/seed_43/bandpass_n20005_cV2_electrode_s0.npz,75992,cc5ace233ea8e5c69ddea7088141fe640b16955cf969fd2be7055f5faad7b041
tcn,independent_rms,43,bandpass_n20005_cV2_covariance_s20,phase2/results/predictions/full/independent_rms/tcn/seed_43/bandpass_n20005_cV2_covariance_s20.npz,76396,6db2aa3893b07fb18bcece683e53ea2dc5e26f6544f147fbf5b37502f3bc63c9
tcn,independent_rms,43,bandpass_n20005_cV2_covariance_s15,phase2/results/predictions/full/independent_rms/tcn/seed_43/bandpass_n20005_cV2_covariance_s15.npz,76376,b09f21828278ef8aab9f1ff3175e51d222291134bb5e80c933485c7014934e48
tcn,independent_rms,43,bandpass_n20005_cV2_covariance_s10,phase2/results/predictions/full/independent_rms/tcn/seed_43/bandpass_n20005_cV2_covariance_s10.npz,76311,8d10c0507d9d4327cc18745186d0b77b47c97335b880d652def01e3081a60b49
tcn,independent_rms,43,bandpass_n20005_cV2_covariance_s5,phase2/results/predictions/full/independent_rms/tcn/seed_43/bandpass_n20005_cV2_covariance_s5.npz,76167,f11b61038acc9e65108266cc78091e5fe0aede2844c4cf091367bb3ce2239c45
tcn,independent_rms,43,bandpass_n20005_cV2_covariance_s0,phase2/results/predictions/full/independent_rms/tcn/seed_43/bandpass_n20005_cV2_covariance_s0.npz,75970,28df76ddffa63c7db188fb90bfd3125e63996159b8815cc1a1fcda39a5a10f16
tcn,independent_rms,43,bandpass_n20005_cV3_independent_rms_s20,phase2/results/predictions/full/independent_rms/tcn/seed_43/bandpass_n20005_cV3_independent_rms_s20.npz,76386,8e0b5793f0a07991f64ab5bf1b3bd191d3757833b9c16dee39fef1efdca2c2d9
tcn,independent_rms,43,bandpass_n20005_cV3_independent_rms_s15,phase2/results/predictions/full/independent_rms/tcn/seed_43/bandpass_n20005_cV3_independent_rms_s15.npz,76393,091487b157c65327eaa903ef2e784ea864af4b2c3c37207b9df73dd8584a3259
tcn,independent_rms,43,bandpass_n20005_cV3_independent_rms_s10,phase2/results/predictions/full/independent_rms/tcn/seed_43/bandpass_n20005_cV3_independent_rms_s10.npz,76379,6d083187c17e82eeb989adff2b04df2de1b1c1b82da5e64f2fcf4c80a7e65c09
tcn,independent_rms,43,bandpass_n20005_cV3_independent_rms_s5,phase2/results/predictions/full/independent_rms/tcn/seed_43/bandpass_n20005_cV3_independent_rms_s5.npz,76316,0bb60e2eff71fa9a8d3ba1e0d66484eef86fc3eefddc79734dec43e1c0702c97
tcn,independent_rms,43,bandpass_n20005_cV3_independent_rms_s0,phase2/results/predictions/full/independent_rms/tcn/seed_43/bandpass_n20005_cV3_independent_rms_s0.npz,76162,53787d41b237b87927174c58412f254a49b272a245d10d457e1eb5b1a8c726c2
tcn,independent_rms,43,bandpass_n20005_cV3_electrode_s20,phase2/results/predictions/full/independent_rms/tcn/seed_43/bandpass_n20005_cV3_electrode_s20.npz,76391,7e76690211c1e678ac3e020059c5b8fbad63ebc5f73f6ec3bad2ccc5860d3536
tcn,independent_rms,43,bandpass_n20005_cV3_electrode_s15,phase2/results/predictions/full/independent_rms/tcn/seed_43/bandpass_n20005_cV3_electrode_s15.npz,76379,6c5a443e08b9cda65d7604729b471b3ee7c8af366ef6fb3ba36555b9735f2ec1
tcn,independent_rms,43,bandpass_n20005_cV3_electrode_s10,phase2/results/predictions/full/independent_rms/tcn/seed_43/bandpass_n20005_cV3_electrode_s10.npz,76372,28d54c6c73ad27d82633df6530dca0f9ca3d88812fa6b533fb5257849d1db3ce
tcn,independent_rms,43,bandpass_n20005_cV3_electrode_s5,phase2/results/predictions/full/independent_rms/tcn/seed_43/bandpass_n20005_cV3_electrode_s5.npz,76310,0195af6e51da1cea27a24f6d29e4aa770970ea2d162468eb70408a36d0c4fd01
tcn,independent_rms,43,bandpass_n20005_cV3_electrode_s0,phase2/results/predictions/full/independent_rms/tcn/seed_43/bandpass_n20005_cV3_electrode_s0.npz,76159,653fe3a71e3c46679b1c46841e5b59989f4f7f1061b0b837ea197ad99c70e0fb
tcn,independent_rms,43,bandpass_n20005_cV3_covariance_s20,phase2/results/predictions/full/independent_rms/tcn/seed_43/bandpass_n20005_cV3_covariance_s20.npz,76402,c7a932b6223ffde369345f4fad944743da36b57211c4f3bf7393640130e3e955
tcn,independent_rms,43,bandpass_n20005_cV3_covariance_s15,phase2/results/predictions/full/independent_rms/tcn/seed_43/bandpass_n20005_cV3_covariance_s15.npz,76386,2e5dc3b2b109b491c0fd840954dbbe0dcd6c4119d48ed009f5c97e6abd7b4a37
tcn,independent_rms,43,bandpass_n20005_cV3_covariance_s10,phase2/results/predictions/full/independent_rms/tcn/seed_43/bandpass_n20005_cV3_covariance_s10.npz,76399,668b4480ac9b102a0076d9ffcd7dae08212902b0e55348f2ad256851258a95e9
tcn,independent_rms,43,bandpass_n20005_cV3_covariance_s5,phase2/results/predictions/full/independent_rms/tcn/seed_43/bandpass_n20005_cV3_covariance_s5.npz,76298,a44b1dfbf7b7509e0e7758827eda07cdfcf1a379d51c847a72d6fcc69eb59cbb
tcn,independent_rms,43,bandpass_n20005_cV3_covariance_s0,phase2/results/predictions/full/independent_rms/tcn/seed_43/bandpass_n20005_cV3_covariance_s0.npz,76132,4e6ef0f46aeef85ee2d48c367594819cb92ec17bee5f53b422bd776f3754b0d4
tcn,independent_rms,43,bandpass_n20005_cV4_independent_rms_s20,phase2/results/predictions/full/independent_rms/tcn/seed_43/bandpass_n20005_cV4_independent_rms_s20.npz,76371,e1bd63284573360025559bf123d93750862125be979bdd53d4f48ebbf4f5e56f
tcn,independent_rms,43,bandpass_n20005_cV4_independent_rms_s15,phase2/results/predictions/full/independent_rms/tcn/seed_43/bandpass_n20005_cV4_independent_rms_s15.npz,76385,e52875e9b066589cc6df9bc4159bb8b3bc8d2b4a81d28a6242a42d78f12f6e40
tcn,independent_rms,43,bandpass_n20005_cV4_independent_rms_s10,phase2/results/predictions/full/independent_rms/tcn/seed_43/bandpass_n20005_cV4_independent_rms_s10.npz,76363,04a1c27835dcc25075e4970dd709b18dff4387418f1370032227ce06b2b4938d
tcn,independent_rms,43,bandpass_n20005_cV4_independent_rms_s5,phase2/results/predictions/full/independent_rms/tcn/seed_43/bandpass_n20005_cV4_independent_rms_s5.npz,76248,2d7dcb11f3d2867523ef1c9791321511927f51de930cfcf921d948835d6985cf
tcn,independent_rms,43,bandpass_n20005_cV4_independent_rms_s0,phase2/results/predictions/full/independent_rms/tcn/seed_43/bandpass_n20005_cV4_independent_rms_s0.npz,76073,472402ca983f9c379f3546859b818b66c350ab45b67d99d16ea10288466d7d2c
tcn,independent_rms,43,bandpass_n20005_cV4_electrode_s20,phase2/results/predictions/full/independent_rms/tcn/seed_43/bandpass_n20005_cV4_electrode_s20.npz,76391,f767533036951848fc6d9466d866f8c11eeea24c0b3be13ce1863af6759b6e2a
tcn,independent_rms,43,bandpass_n20005_cV4_electrode_s15,phase2/results/predictions/full/independent_rms/tcn/seed_43/bandpass_n20005_cV4_electrode_s15.npz,76365,1e6db390f7f0074b7ce59218c53e70501c57b0d6b86c08bcb426ee2b2a6ef1cc
tcn,independent_rms,43,bandpass_n20005_cV4_electrode_s10,phase2/results/predictions/full/independent_rms/tcn/seed_43/bandpass_n20005_cV4_electrode_s10.npz,76334,77b50658011ef197010360858f9d053c36506dba09393fd746e35971aa83b86e
tcn,independent_rms,43,bandpass_n20005_cV4_electrode_s5,phase2/results/predictions/full/independent_rms/tcn/seed_43/bandpass_n20005_cV4_electrode_s5.npz,76251,093e5e4efd83e1c0c59d87748cc08fcadd97bae0bc7571b329a0c049800df9ad
tcn,independent_rms,43,bandpass_n20005_cV4_electrode_s0,phase2/results/predictions/full/independent_rms/tcn/seed_43/bandpass_n20005_cV4_electrode_s0.npz,76040,1fa321fd3915c33c3302ddf1fbca474439073175ad8e1aa0103c03821aac5279
tcn,independent_rms,43,bandpass_n20005_cV4_covariance_s20,phase2/results/predictions/full/independent_rms/tcn/seed_43/bandpass_n20005_cV4_covariance_s20.npz,76384,beee0de767cad54cd2b5a02ad1bac85160089a96997ce35c844ad34c524dce8a
tcn,independent_rms,43,bandpass_n20005_cV4_covariance_s15,phase2/results/predictions/full/independent_rms/tcn/seed_43/bandpass_n20005_cV4_covariance_s15.npz,76387,f97f46f878515ab3e003cf278aca6ccd7e05f4bca635db851d162677370959dc
tcn,independent_rms,43,bandpass_n20005_cV4_covariance_s10,phase2/results/predictions/full/independent_rms/tcn/seed_43/bandpass_n20005_cV4_covariance_s10.npz,76333,1022d15eb043f3efd18693ca418f1d8cb2fd8161b4e02245eb17c34688466d9a
tcn,independent_rms,43,bandpass_n20005_cV4_covariance_s5,phase2/results/predictions/full/independent_rms/tcn/seed_43/bandpass_n20005_cV4_covariance_s5.npz,76255,0d5819a6f7f003e5bb73c046c416a69544f84b554e226dcf2d99d79f8e5ad3ae
tcn,independent_rms,43,bandpass_n20005_cV4_covariance_s0,phase2/results/predictions/full/independent_rms/tcn/seed_43/bandpass_n20005_cV4_covariance_s0.npz,76058,04fe0bd2a893ff32c10c49a48ae9a6de192877a4f42380eba2dc960980469cf5
tcn,independent_rms,43,bandpass_n20005_cV5_independent_rms_s20,phase2/results/predictions/full/independent_rms/tcn/seed_43/bandpass_n20005_cV5_independent_rms_s20.npz,76398,80f7700e21d232143148087a062dfec890fbf1a132064d9ad785a1fcd835bfb6
tcn,independent_rms,43,bandpass_n20005_cV5_independent_rms_s15,phase2/results/predictions/full/independent_rms/tcn/seed_43/bandpass_n20005_cV5_independent_rms_s15.npz,76385,70155e14eea3ddbf3ca70e5e005dd37903e87342c51285fe0326a9d655f6aaa0
tcn,independent_rms,43,bandpass_n20005_cV5_independent_rms_s10,phase2/results/predictions/full/independent_rms/tcn/seed_43/bandpass_n20005_cV5_independent_rms_s10.npz,76344,048b70080c5648e064fb388c7519390aff3eb8ba8a4291ede1760631021fd2b8
tcn,independent_rms,43,bandpass_n20005_cV5_independent_rms_s5,phase2/results/predictions/full/independent_rms/tcn/seed_43/bandpass_n20005_cV5_independent_rms_s5.npz,76223,448877a85bebf76544c93259f4f9a012883f8a3126efeb890ce68f28db71780d
tcn,independent_rms,43,bandpass_n20005_cV5_independent_rms_s0,phase2/results/predictions/full/independent_rms/tcn/seed_43/bandpass_n20005_cV5_independent_rms_s0.npz,75950,71e22256769acbadd4a8fdc94999bc3917f40de563569183c8851d1bfc03df2b
tcn,independent_rms,43,bandpass_n20005_cV5_electrode_s20,phase2/results/predictions/full/independent_rms/tcn/seed_43/bandpass_n20005_cV5_electrode_s20.npz,76367,e4a5afd1ca99f2633c36ff62f247c2aeae8a686b460c224a22bf2a9e7ad37a4c
tcn,independent_rms,43,bandpass_n20005_cV5_electrode_s15,phase2/results/predictions/full/independent_rms/tcn/seed_43/bandpass_n20005_cV5_electrode_s15.npz,76354,6ee5daa9e9d14c31072197ac63d15596806fed3771bf7ed8decf9e22424938fe
tcn,independent_rms,43,bandpass_n20005_cV5_electrode_s10,phase2/results/predictions/full/independent_rms/tcn/seed_43/bandpass_n20005_cV5_electrode_s10.npz,76345,a09d02de9ffcffbb46333feb7893c9491b0a5604fccb5f7eef8e66357138b0fb
tcn,independent_rms,43,bandpass_n20005_cV5_electrode_s5,phase2/results/predictions/full/independent_rms/tcn/seed_43/bandpass_n20005_cV5_electrode_s5.npz,76200,79b7071d7f047cd2d62d4f284c959593055819c2d14f969009bc231d0bd055f2
tcn,independent_rms,43,bandpass_n20005_cV5_electrode_s0,phase2/results/predictions/full/independent_rms/tcn/seed_43/bandpass_n20005_cV5_electrode_s0.npz,75925,46a70336f0e815d9e72a39dac1b53867aaee5ebb0ac21ebae2552b40a93049a1
tcn,independent_rms,43,bandpass_n20005_cV5_covariance_s20,phase2/results/predictions/full/independent_rms/tcn/seed_43/bandpass_n20005_cV5_covariance_s20.npz,76342,eb7b04408bdb0f6e8d1c393af0d857044cda589dba07d29bbc240c60f50bc18a
tcn,independent_rms,43,bandpass_n20005_cV5_covariance_s15,phase2/results/predictions/full/independent_rms/tcn/seed_43/bandpass_n20005_cV5_covariance_s15.npz,76396,f9d0bff7a88242e839c217c0b545decbb75d81da3f530e2951ddb0c59bca93b1
tcn,independent_rms,43,bandpass_n20005_cV5_covariance_s10,phase2/results/predictions/full/independent_rms/tcn/seed_43/bandpass_n20005_cV5_covariance_s10.npz,76349,574c926277740b5ffd75605706b5a079f8dfef62b1917c08a1e42c446ee95e5e
tcn,independent_rms,43,bandpass_n20005_cV5_covariance_s5,phase2/results/predictions/full/independent_rms/tcn/seed_43/bandpass_n20005_cV5_covariance_s5.npz,76227,0d4533b1e9acda9f55a061c2bbed7609dd9b3f4967d2bb0b97474c73b3f1bead
tcn,independent_rms,43,bandpass_n20005_cV5_covariance_s0,phase2/results/predictions/full/independent_rms/tcn/seed_43/bandpass_n20005_cV5_covariance_s0.npz,75944,1501285995c48e745fa3add8d15c330ae0f22d82cad4a718490bc6a6addaba38
tcn,independent_rms,43,bandpass_n20005_cV6_independent_rms_s20,phase2/results/predictions/full/independent_rms/tcn/seed_43/bandpass_n20005_cV6_independent_rms_s20.npz,76407,990d80d4e5f03f09e1d61297b97b8169e7511f3ee6102515fcb42ed3898c1f7b
tcn,independent_rms,43,bandpass_n20005_cV6_independent_rms_s15,phase2/results/predictions/full/independent_rms/tcn/seed_43/bandpass_n20005_cV6_independent_rms_s15.npz,76363,972f471d6e371856bee3a030fffe86cc083f9973606d931aeb3c30b10f2a2748
tcn,independent_rms,43,bandpass_n20005_cV6_independent_rms_s10,phase2/results/predictions/full/independent_rms/tcn/seed_43/bandpass_n20005_cV6_independent_rms_s10.npz,76351,cb723665953adc94615dbbe023d5ff1b9c7a8a665ada42cd7b63dd322edc58de
tcn,independent_rms,43,bandpass_n20005_cV6_independent_rms_s5,phase2/results/predictions/full/independent_rms/tcn/seed_43/bandpass_n20005_cV6_independent_rms_s5.npz,76221,c3547e93728bab072c091cf629ee4bdd84e25167417d879af4b59a522b35f693
tcn,independent_rms,43,bandpass_n20005_cV6_independent_rms_s0,phase2/results/predictions/full/independent_rms/tcn/seed_43/bandpass_n20005_cV6_independent_rms_s0.npz,76012,b36ce17ed18ff5c34ba3703f6553d44d4f6b0b76f5898f45a13a062c5cc01f64
tcn,independent_rms,43,bandpass_n20005_cV6_electrode_s20,phase2/results/predictions/full/independent_rms/tcn/seed_43/bandpass_n20005_cV6_electrode_s20.npz,76384,68ca412563fb1723b6ae36590b2ad33962d0ae60d423ea4266f3021b68d8fd0c
tcn,independent_rms,43,bandpass_n20005_cV6_electrode_s15,phase2/results/predictions/full/independent_rms/tcn/seed_43/bandpass_n20005_cV6_electrode_s15.npz,76330,ca4513ae6139edde0a89056e086bd355ef66bb8b0bbf82708ae2a0c98a78fdf8
tcn,independent_rms,43,bandpass_n20005_cV6_electrode_s10,phase2/results/predictions/full/independent_rms/tcn/seed_43/bandpass_n20005_cV6_electrode_s10.npz,76319,92cd3e474a6a09698abd5592e7ffd11b492cfc4fcded70f557ccb2d7a31cec09
tcn,independent_rms,43,bandpass_n20005_cV6_electrode_s5,phase2/results/predictions/full/independent_rms/tcn/seed_43/bandpass_n20005_cV6_electrode_s5.npz,76239,b1b8ca8af31fc0730f43aeca045522bcb8dc3d368efa05fd357d7abfc6f1b533
tcn,independent_rms,43,bandpass_n20005_cV6_electrode_s0,phase2/results/predictions/full/independent_rms/tcn/seed_43/bandpass_n20005_cV6_electrode_s0.npz,75974,c9ee4b452bb66da466180ad4c8a5c741399cfb2c6c9a2a89d5dd359311e8c34c
tcn,independent_rms,43,bandpass_n20005_cV6_covariance_s20,phase2/results/predictions/full/independent_rms/tcn/seed_43/bandpass_n20005_cV6_covariance_s20.npz,76366,4f85dc7f16a06de1d0be5a5b60103508ae9b4acdfdd0afa54f3c170f780b0729
tcn,independent_rms,43,bandpass_n20005_cV6_covariance_s15,phase2/results/predictions/full/independent_rms/tcn/seed_43/bandpass_n20005_cV6_covariance_s15.npz,76369,782bea53c806a8522f6fc8f128c7626f0164921a2c73060ec8c9ae7110ccc042
tcn,independent_rms,43,bandpass_n20005_cV6_covariance_s10,phase2/results/predictions/full/independent_rms/tcn/seed_43/bandpass_n20005_cV6_covariance_s10.npz,76307,856833a8a9d347696ed121790aa7d2389f750c5943ff1e15e0026842795e1933
tcn,independent_rms,43,bandpass_n20005_cV6_covariance_s5,phase2/results/predictions/full/independent_rms/tcn/seed_43/bandpass_n20005_cV6_covariance_s5.npz,76232,a9835b05a08871bc01a2c30133bc4d234c9880e7e81b46fb95563ba2e84e5913
tcn,independent_rms,43,bandpass_n20005_cV6_covariance_s0,phase2/results/predictions/full/independent_rms/tcn/seed_43/bandpass_n20005_cV6_covariance_s0.npz,75977,22219837e65f28234a4486ca04a5adf577bcddc1238e1b9733e36ee335418ab4
tcn,independent_rms,43,bandpass_n20005_cRA_LA_independent_rms_s20,phase2/results/predictions/full/independent_rms/tcn/seed_43/bandpass_n20005_cRA_LA_independent_rms_s20.npz,76388,67fe9b6fb44aecb5e3ef6c6a02bdc5592ae3adf5d2e9f7067f26014ca7b06a36
tcn,independent_rms,43,bandpass_n20005_cRA_LA_independent_rms_s15,phase2/results/predictions/full/independent_rms/tcn/seed_43/bandpass_n20005_cRA_LA_independent_rms_s15.npz,76388,8b7d310b962e46254be9653dbd5e9d9bbbb2764102610fc60a0302315fb351cd
tcn,independent_rms,43,bandpass_n20005_cRA_LA_independent_rms_s10,phase2/results/predictions/full/independent_rms/tcn/seed_43/bandpass_n20005_cRA_LA_independent_rms_s10.npz,76345,56015ca15ae5ee5a3d8ba833ba6459366c7a5a3669d062b932cf7838a48fa8c3
tcn,independent_rms,43,bandpass_n20005_cRA_LA_independent_rms_s5,phase2/results/predictions/full/independent_rms/tcn/seed_43/bandpass_n20005_cRA_LA_independent_rms_s5.npz,76206,66a3d876dabd1a50fdefcdd0bb92fe33a304f8cd29927705634e7db122a1847d
tcn,independent_rms,43,bandpass_n20005_cRA_LA_independent_rms_s0,phase2/results/predictions/full/independent_rms/tcn/seed_43/bandpass_n20005_cRA_LA_independent_rms_s0.npz,75936,99c02ba7cb8f7255512be7147dac4e69ab150275c7baa00e16529b634c9eeece
tcn,independent_rms,43,bandpass_n20005_cRA_LA_electrode_s20,phase2/results/predictions/full/independent_rms/tcn/seed_43/bandpass_n20005_cRA_LA_electrode_s20.npz,76382,8f2ebe8d794884101756ea7ded6c211ce6a57cf360036c616667679119286382
tcn,independent_rms,43,bandpass_n20005_cRA_LA_electrode_s15,phase2/results/predictions/full/independent_rms/tcn/seed_43/bandpass_n20005_cRA_LA_electrode_s15.npz,76330,4300450b333749238cc62898d2209f5f4d007b1e4a84509a6b5451e23acb8c27
tcn,independent_rms,43,bandpass_n20005_cRA_LA_electrode_s10,phase2/results/predictions/full/independent_rms/tcn/seed_43/bandpass_n20005_cRA_LA_electrode_s10.npz,76269,af6139ae30b9957b45855544fc135588b0a61c81789899982b0b8122a22ab282
tcn,independent_rms,43,bandpass_n20005_cRA_LA_electrode_s5,phase2/results/predictions/full/independent_rms/tcn/seed_43/bandpass_n20005_cRA_LA_electrode_s5.npz,76034,bdfd4f07bd632ea66ab5086c07cea6c05d2310123d07fca73f723b39019cb162
tcn,independent_rms,43,bandpass_n20005_cRA_LA_electrode_s0,phase2/results/predictions/full/independent_rms/tcn/seed_43/bandpass_n20005_cRA_LA_electrode_s0.npz,75516,8a7860fe4ed78d957b541dcc1ef2e278460dd662c8f18bc9500934adab67d739
tcn,independent_rms,43,bandpass_n20005_cRA_LA_covariance_s20,phase2/results/predictions/full/independent_rms/tcn/seed_43/bandpass_n20005_cRA_LA_covariance_s20.npz,76363,0de65e4f98c1e288e5616d77d7455066e80d1ad702dabb55ce75e5f35a5518a1
tcn,independent_rms,43,bandpass_n20005_cRA_LA_covariance_s15,phase2/results/predictions/full/independent_rms/tcn/seed_43/bandpass_n20005_cRA_LA_covariance_s15.npz,76374,7b477072d1187fc376be9e574462ff24bac7261ee331a02f50a9d616afb51846
tcn,independent_rms,43,bandpass_n20005_cRA_LA_covariance_s10,phase2/results/predictions/full/independent_rms/tcn/seed_43/bandpass_n20005_cRA_LA_covariance_s10.npz,76229,a662b1345c9f02a4764431b9db9c976af89fd8b1647b55d84ccd9e344a64504a
tcn,independent_rms,43,bandpass_n20005_cRA_LA_covariance_s5,phase2/results/predictions/full/independent_rms/tcn/seed_43/bandpass_n20005_cRA_LA_covariance_s5.npz,76004,38a21ee429dc5d2121e904d61707cb9b0e8eb14a6ff61e1fbdf939c23212a241
tcn,independent_rms,43,bandpass_n20005_cRA_LA_covariance_s0,phase2/results/predictions/full/independent_rms/tcn/seed_43/bandpass_n20005_cRA_LA_covariance_s0.npz,75519,3348b6f6105a5bbd2b87e088c28972d497e638c80ab57c9b6a8c8b576e3dafc9
tcn,independent_rms,43,bandpass_n20005_cLA_LL_independent_rms_s20,phase2/results/predictions/full/independent_rms/tcn/seed_43/bandpass_n20005_cLA_LL_independent_rms_s20.npz,76414,22a0a77f3dd396b6a2623824e3632806bc2e59f27699e01e40ccb86241f0c317
tcn,independent_rms,43,bandpass_n20005_cLA_LL_independent_rms_s15,phase2/results/predictions/full/independent_rms/tcn/seed_43/bandpass_n20005_cLA_LL_independent_rms_s15.npz,76395,615f747fc483caff051910c8a4e7e112c84a8a19f7a3004777485cf2668188c5
tcn,independent_rms,43,bandpass_n20005_cLA_LL_independent_rms_s10,phase2/results/predictions/full/independent_rms/tcn/seed_43/bandpass_n20005_cLA_LL_independent_rms_s10.npz,76367,3057abe9b73d1d17e734b3aa188b5f0ef5badc43a055c6f138031c2f882845d5
tcn,independent_rms,43,bandpass_n20005_cLA_LL_independent_rms_s5,phase2/results/predictions/full/independent_rms/tcn/seed_43/bandpass_n20005_cLA_LL_independent_rms_s5.npz,76221,097d0fd7df4aba75993ad6804a185823a3876861016251e1d1e8e97c4dd719cb
tcn,independent_rms,43,bandpass_n20005_cLA_LL_independent_rms_s0,phase2/results/predictions/full/independent_rms/tcn/seed_43/bandpass_n20005_cLA_LL_independent_rms_s0.npz,75902,4f0d24a32c1796d7fe43dfaa50ba576e69b5182c5a60e973612184c848787d8e
tcn,independent_rms,43,bandpass_n20005_cLA_LL_electrode_s20,phase2/results/predictions/full/independent_rms/tcn/seed_43/bandpass_n20005_cLA_LL_electrode_s20.npz,76377,220e1a688a997dc5b8b84b13ac9dbc72bc3e17002da67cc49386cac352abcf35
tcn,independent_rms,43,bandpass_n20005_cLA_LL_electrode_s15,phase2/results/predictions/full/independent_rms/tcn/seed_43/bandpass_n20005_cLA_LL_electrode_s15.npz,76366,a2280d6f8071880cb3caeef32c4c875183933cb620cefcf53c7aa870967fd579
tcn,independent_rms,43,bandpass_n20005_cLA_LL_electrode_s10,phase2/results/predictions/full/independent_rms/tcn/seed_43/bandpass_n20005_cLA_LL_electrode_s10.npz,76275,9397d20b633e7b3b32c1ecdc8a369e334715878fd165ad8f323c23f65c44aed8
tcn,independent_rms,43,bandpass_n20005_cLA_LL_electrode_s5,phase2/results/predictions/full/independent_rms/tcn/seed_43/bandpass_n20005_cLA_LL_electrode_s5.npz,76091,e0a80cb5c46ae4dda462050cabe76a7bd78e5eddf518e4296712c83073a06b77
tcn,independent_rms,43,bandpass_n20005_cLA_LL_electrode_s0,phase2/results/predictions/full/independent_rms/tcn/seed_43/bandpass_n20005_cLA_LL_electrode_s0.npz,75727,bcb99f32e910a181d6ed03f1ece536016ed9b599cb987506f3b3f8e43e105242
tcn,independent_rms,43,bandpass_n20005_cLA_LL_covariance_s20,phase2/results/predictions/full/independent_rms/tcn/seed_43/bandpass_n20005_cLA_LL_covariance_s20.npz,76395,464024dd2a6c99bc3d30ad6144ccd7c19ad18bc58ad73c8540d7c84d33aec22e
tcn,independent_rms,43,bandpass_n20005_cLA_LL_covariance_s15,phase2/results/predictions/full/independent_rms/tcn/seed_43/bandpass_n20005_cLA_LL_covariance_s15.npz,76334,899e888dca4982d40ba0a667ceee6584b22c6db126b9cb90688606e75743ebb9
tcn,independent_rms,43,bandpass_n20005_cLA_LL_covariance_s10,phase2/results/predictions/full/independent_rms/tcn/seed_43/bandpass_n20005_cLA_LL_covariance_s10.npz,76278,99e15b6dd7c2095fadae18cd1d806e4ce37c4c7c10f54feb284a320235363472
tcn,independent_rms,43,bandpass_n20005_cLA_LL_covariance_s5,phase2/results/predictions/full/independent_rms/tcn/seed_43/bandpass_n20005_cLA_LL_covariance_s5.npz,76117,3b879de710d9f475f32db0daaa5344ecb8666f2c6ab3ff7794e23d59669a0761
tcn,independent_rms,43,bandpass_n20005_cLA_LL_covariance_s0,phase2/results/predictions/full/independent_rms/tcn/seed_43/bandpass_n20005_cLA_LL_covariance_s0.npz,75718,6ce8f59d1e05fd094852498fac71e9fcc5996888ceef9eaa66a0d6366372cd2d
tcn,independent_rms,43,bandpass_n20005_cRA_LL_independent_rms_s20,phase2/results/predictions/full/independent_rms/tcn/seed_43/bandpass_n20005_cRA_LL_independent_rms_s20.npz,76398,823014f8d4416a35744cb352cb600bc324667968832e7534fba7ff79b4faec60
tcn,independent_rms,43,bandpass_n20005_cRA_LL_independent_rms_s15,phase2/results/predictions/full/independent_rms/tcn/seed_43/bandpass_n20005_cRA_LL_independent_rms_s15.npz,76382,0088596ab11252be1e9354d646d8a7fef39c7a573a93e4b493c5e663c27aa958
tcn,independent_rms,43,bandpass_n20005_cRA_LL_independent_rms_s10,phase2/results/predictions/full/independent_rms/tcn/seed_43/bandpass_n20005_cRA_LL_independent_rms_s10.npz,76344,6652c1bba9f8e2e45f3b9bcbb820ec10b7d227d71511638b30ddd621a513654c
tcn,independent_rms,43,bandpass_n20005_cRA_LL_independent_rms_s5,phase2/results/predictions/full/independent_rms/tcn/seed_43/bandpass_n20005_cRA_LL_independent_rms_s5.npz,76191,0c93c467a15b5fee045c7c67f28f3b8eb6ebbd6ab10e89de9fbf80be538e339b
tcn,independent_rms,43,bandpass_n20005_cRA_LL_independent_rms_s0,phase2/results/predictions/full/independent_rms/tcn/seed_43/bandpass_n20005_cRA_LL_independent_rms_s0.npz,75897,6b4224d3746393d23a439389643486c1046f80993ff127452e574f41139c760f
tcn,independent_rms,43,bandpass_n20005_cRA_LL_electrode_s20,phase2/results/predictions/full/independent_rms/tcn/seed_43/bandpass_n20005_cRA_LL_electrode_s20.npz,76404,bb5b3a00f59f3d7dc65546f4a73426e803467e6575afd6558da3f7e3692602f9
tcn,independent_rms,43,bandpass_n20005_cRA_LL_electrode_s15,phase2/results/predictions/full/independent_rms/tcn/seed_43/bandpass_n20005_cRA_LL_electrode_s15.npz,76352,ee1faded305811a505aca2741fd5914770d023643ce4fa3982a7fa7b8cc08194
tcn,independent_rms,43,bandpass_n20005_cRA_LL_electrode_s10,phase2/results/predictions/full/independent_rms/tcn/seed_43/bandpass_n20005_cRA_LL_electrode_s10.npz,76230,d1bbf7e2e6f397dd604eeef66a595fe3de3bec3d371913de457775f824ef5c2b
tcn,independent_rms,43,bandpass_n20005_cRA_LL_electrode_s5,phase2/results/predictions/full/independent_rms/tcn/seed_43/bandpass_n20005_cRA_LL_electrode_s5.npz,76014,2ebd3ece4cdc59de7abfc6db67e92efddec061498e62fd8efdc6d4366183d174
tcn,independent_rms,43,bandpass_n20005_cRA_LL_electrode_s0,phase2/results/predictions/full/independent_rms/tcn/seed_43/bandpass_n20005_cRA_LL_electrode_s0.npz,75499,eaaac9ea08f93a2c49d4f523808ab8f29c56455c3a4a6116c9182bc43fac6af4
tcn,independent_rms,43,bandpass_n20005_cRA_LL_covariance_s20,phase2/results/predictions/full/independent_rms/tcn/seed_43/bandpass_n20005_cRA_LL_covariance_s20.npz,76392,6fbc2a4ac9248d98366f82d1e45ca7474d3d5c6e6a2857e64c3e505b719f2806
tcn,independent_rms,43,bandpass_n20005_cRA_LL_covariance_s15,phase2/results/predictions/full/independent_rms/tcn/seed_43/bandpass_n20005_cRA_LL_covariance_s15.npz,76321,8d9fd3be23b2404e10002aa380266231f78ff9e3053af6abae0a919b0e19ef15
tcn,independent_rms,43,bandpass_n20005_cRA_LL_covariance_s10,phase2/results/predictions/full/independent_rms/tcn/seed_43/bandpass_n20005_cRA_LL_covariance_s10.npz,76236,fc76c02b057b953e79a4ba4ad9b8c8f57a3bda3fb8c30036e3bac3f682ac668d
tcn,independent_rms,43,bandpass_n20005_cRA_LL_covariance_s5,phase2/results/predictions/full/independent_rms/tcn/seed_43/bandpass_n20005_cRA_LL_covariance_s5.npz,75988,1b71bdb786e611e038141888d3a77528379f64bf7e23c05f3245ba68383ec9ef
tcn,independent_rms,43,bandpass_n20005_cRA_LL_covariance_s0,phase2/results/predictions/full/independent_rms/tcn/seed_43/bandpass_n20005_cRA_LL_covariance_s0.npz,75483,546ed6a3222001c90ea4ec2c457cccb9a982c509ee66750ea0a0c3105e3a01a9
tcn,independent_rms,43,bandpass_n20005_cRA_independent_rms_s20,phase2/results/predictions/full/independent_rms/tcn/seed_43/bandpass_n20005_cRA_independent_rms_s20.npz,76394,d417bf715ac68509edda2ac7673f82c1f455ba1cdd564fa9f30ca2c95ca6a406
tcn,independent_rms,43,bandpass_n20005_cRA_independent_rms_s15,phase2/results/predictions/full/independent_rms/tcn/seed_43/bandpass_n20005_cRA_independent_rms_s15.npz,76377,717b1b823bd610501a795f4815faa1295abadf3c15a68cb420bf50055ed7e821
tcn,independent_rms,43,bandpass_n20005_cRA_independent_rms_s10,phase2/results/predictions/full/independent_rms/tcn/seed_43/bandpass_n20005_cRA_independent_rms_s10.npz,76338,884ce83042becae14e3aafb67a1618b875fee63bd1558bada0b1eb04dc0a0739
tcn,independent_rms,43,bandpass_n20005_cRA_independent_rms_s5,phase2/results/predictions/full/independent_rms/tcn/seed_43/bandpass_n20005_cRA_independent_rms_s5.npz,76209,c8ea85bdb8c3c137e77248b823da4e082fbf61c421a427bdd77ee3497a6039a9
tcn,independent_rms,43,bandpass_n20005_cRA_independent_rms_s0,phase2/results/predictions/full/independent_rms/tcn/seed_43/bandpass_n20005_cRA_independent_rms_s0.npz,75897,e49fd00606d72047ee4bfcbd4e7a49a49048faed8d552e81abe6da7598183e85
tcn,independent_rms,43,bandpass_n20005_cRA_electrode_s20,phase2/results/predictions/full/independent_rms/tcn/seed_43/bandpass_n20005_cRA_electrode_s20.npz,76371,010a31309a32cfbb7c96c818ef83563d263e3be6834a7d81f7a6adca4e89e4f6
tcn,independent_rms,43,bandpass_n20005_cRA_electrode_s15,phase2/results/predictions/full/independent_rms/tcn/seed_43/bandpass_n20005_cRA_electrode_s15.npz,76333,22dcbae4de82a3b413daeb92abe74a105b12b5678c1c0d85c256171139d6caf8
tcn,independent_rms,43,bandpass_n20005_cRA_electrode_s10,phase2/results/predictions/full/independent_rms/tcn/seed_43/bandpass_n20005_cRA_electrode_s10.npz,76216,0428dd51c7f00219b49400e6a9ae30aabe7d1455e740825216090b0439da6f4b
tcn,independent_rms,43,bandpass_n20005_cRA_electrode_s5,phase2/results/predictions/full/independent_rms/tcn/seed_43/bandpass_n20005_cRA_electrode_s5.npz,75938,56c251888d7d0841a65da94ad9226c55c216925116cc0b960c96abeaba933937
tcn,independent_rms,43,bandpass_n20005_cRA_electrode_s0,phase2/results/predictions/full/independent_rms/tcn/seed_43/bandpass_n20005_cRA_electrode_s0.npz,75419,1f48845054467e017b95ea5de9dc29e8696e54f476baf0ec5daf558170424ad0
tcn,independent_rms,43,bandpass_n20005_cRA_covariance_s20,phase2/results/predictions/full/independent_rms/tcn/seed_43/bandpass_n20005_cRA_covariance_s20.npz,76407,d394756e74d2d869acf49ddcd69798862b7e0464428a5b097eb5057ea69c31fe
tcn,independent_rms,43,bandpass_n20005_cRA_covariance_s15,phase2/results/predictions/full/independent_rms/tcn/seed_43/bandpass_n20005_cRA_covariance_s15.npz,76330,1d56c8017a58d29fe2028e2270b5f7007e7c2deff80398f3ec39202c9fc0615f
tcn,independent_rms,43,bandpass_n20005_cRA_covariance_s10,phase2/results/predictions/full/independent_rms/tcn/seed_43/bandpass_n20005_cRA_covariance_s10.npz,76210,6bc572081f4d908816abd10317041e9a688854d714f6c2a6f20b52bccf6ccfff
tcn,independent_rms,43,bandpass_n20005_cRA_covariance_s5,phase2/results/predictions/full/independent_rms/tcn/seed_43/bandpass_n20005_cRA_covariance_s5.npz,75952,bab7d75635a65d1a8c79fe8a4c59755ee41871e121b7e720a7b81eba7fbf4361
tcn,independent_rms,43,bandpass_n20005_cRA_covariance_s0,phase2/results/predictions/full/independent_rms/tcn/seed_43/bandpass_n20005_cRA_covariance_s0.npz,75415,db271a952a72579e5433bf4fe2c4f347affba426412df7fdcd4a828ed2919cf4
tcn,independent_rms,43,bandpass_n20005_cLA_independent_rms_s20,phase2/results/predictions/full/independent_rms/tcn/seed_43/bandpass_n20005_cLA_independent_rms_s20.npz,76387,5574145c522871df8c9e6cf41ac0fc7438e27ac7b7876e87ca7ab18edf2479a4
tcn,independent_rms,43,bandpass_n20005_cLA_independent_rms_s15,phase2/results/predictions/full/independent_rms/tcn/seed_43/bandpass_n20005_cLA_independent_rms_s15.npz,76406,2b5cf6b53fe32a91877829a0fe25133d40783ba307e9939036536b6f5eda5759
tcn,independent_rms,43,bandpass_n20005_cLA_independent_rms_s10,phase2/results/predictions/full/independent_rms/tcn/seed_43/bandpass_n20005_cLA_independent_rms_s10.npz,76342,3ef0a57d988ec22e3bafeee09aee34dda4ae3bdc2a4bd98b59d8793f5930d211
tcn,independent_rms,43,bandpass_n20005_cLA_independent_rms_s5,phase2/results/predictions/full/independent_rms/tcn/seed_43/bandpass_n20005_cLA_independent_rms_s5.npz,76225,838a6778b2755110639a60667b476cb71d22265d9005304c1c7309749707fd25
tcn,independent_rms,43,bandpass_n20005_cLA_independent_rms_s0,phase2/results/predictions/full/independent_rms/tcn/seed_43/bandpass_n20005_cLA_independent_rms_s0.npz,75889,e6dbfe728d9ba2412a4bb04064dfa55829c9849dc2b4bba9cbd7a29e685fe382
tcn,independent_rms,43,bandpass_n20005_cLA_electrode_s20,phase2/results/predictions/full/independent_rms/tcn/seed_43/bandpass_n20005_cLA_electrode_s20.npz,76359,07e38bfd2134054ced86d991df289a8ca885b1025255921d695495e11c61f8a7
tcn,independent_rms,43,bandpass_n20005_cLA_electrode_s15,phase2/results/predictions/full/independent_rms/tcn/seed_43/bandpass_n20005_cLA_electrode_s15.npz,76334,e55212a819d81ac8edab67127e542c79511f663441fba0745caafe9f73d8bb3a
tcn,independent_rms,43,bandpass_n20005_cLA_electrode_s10,phase2/results/predictions/full/independent_rms/tcn/seed_43/bandpass_n20005_cLA_electrode_s10.npz,76292,7556c46a1e8e4a7f7890a3321c950be12dc1a9375b1b48b50fdbb9bbd5712aac
tcn,independent_rms,43,bandpass_n20005_cLA_electrode_s5,phase2/results/predictions/full/independent_rms/tcn/seed_43/bandpass_n20005_cLA_electrode_s5.npz,76119,f6119d675210f9a2c571f277d30b7df5143c544f374f29923f6c6799b1b23311
tcn,independent_rms,43,bandpass_n20005_cLA_electrode_s0,phase2/results/predictions/full/independent_rms/tcn/seed_43/bandpass_n20005_cLA_electrode_s0.npz,75756,1fe82eb74c4f70f8c94665c67dcd6393e24c95aff7a47121934e9cbb43de0f77
tcn,independent_rms,43,bandpass_n20005_cLA_covariance_s20,phase2/results/predictions/full/independent_rms/tcn/seed_43/bandpass_n20005_cLA_covariance_s20.npz,76396,8c4f8917672381962edd3ee9a26d6d8788617f0dd954c8e03c9ee959bf3c936d
tcn,independent_rms,43,bandpass_n20005_cLA_covariance_s15,phase2/results/predictions/full/independent_rms/tcn/seed_43/bandpass_n20005_cLA_covariance_s15.npz,76372,677fb5678fbe096363ee5fda80f3c350a9d53a3ce5f275f1d384028d85958be5
tcn,independent_rms,43,bandpass_n20005_cLA_covariance_s10,phase2/results/predictions/full/independent_rms/tcn/seed_43/bandpass_n20005_cLA_covariance_s10.npz,76275,61507b2fc63f522268b4b6d206a07fe33e54163090486d79b7b3cef0ccbc419a
tcn,independent_rms,43,bandpass_n20005_cLA_covariance_s5,phase2/results/predictions/full/independent_rms/tcn/seed_43/bandpass_n20005_cLA_covariance_s5.npz,76120,bb373e83bb096731780f2f8158b630a6bbd6d712f5cff67ce8cca6cbcd4d7e1e
tcn,independent_rms,43,bandpass_n20005_cLA_covariance_s0,phase2/results/predictions/full/independent_rms/tcn/seed_43/bandpass_n20005_cLA_covariance_s0.npz,75738,423ad9554a8f3c2f6891247e62554a30a5539dac75e2b1b34df313d61817c27a
tcn,independent_rms,43,bandpass_n20005_cLL_independent_rms_s20,phase2/results/predictions/full/independent_rms/tcn/seed_43/bandpass_n20005_cLL_independent_rms_s20.npz,76429,0f30ea08291a68de38d72f204a5b503de3becdb34d2cbae7a0b78dbf1f57aed8
tcn,independent_rms,43,bandpass_n20005_cLL_independent_rms_s15,phase2/results/predictions/full/independent_rms/tcn/seed_43/bandpass_n20005_cLL_independent_rms_s15.npz,76374,9805434f6a05fa796eb221b725ba2661137920e1c39cea575720772356d0a88d
tcn,independent_rms,43,bandpass_n20005_cLL_independent_rms_s10,phase2/results/predictions/full/independent_rms/tcn/seed_43/bandpass_n20005_cLL_independent_rms_s10.npz,76322,478d13185ee8d6b2e2d7be8c7c8ac48322efcfffb941df95aa95982c96f20bb5
tcn,independent_rms,43,bandpass_n20005_cLL_independent_rms_s5,phase2/results/predictions/full/independent_rms/tcn/seed_43/bandpass_n20005_cLL_independent_rms_s5.npz,76213,ea2962131ec057122db1ea4ee243b3124a92be3b7c8557d9ff3f09718118d8d2
tcn,independent_rms,43,bandpass_n20005_cLL_independent_rms_s0,phase2/results/predictions/full/independent_rms/tcn/seed_43/bandpass_n20005_cLL_independent_rms_s0.npz,75937,6dcf206bdd41a6ee3fa3f3f27e44dc8a2631f6076f06ba20290e6c3e3fcc639c
tcn,independent_rms,43,bandpass_n20005_cLL_electrode_s20,phase2/results/predictions/full/independent_rms/tcn/seed_43/bandpass_n20005_cLL_electrode_s20.npz,76378,4b51ccc5e6df755457c346f15ea3d8c88b6f42b29e9ad3ad1804fb278aa6f32b
tcn,independent_rms,43,bandpass_n20005_cLL_electrode_s15,phase2/results/predictions/full/independent_rms/tcn/seed_43/bandpass_n20005_cLL_electrode_s15.npz,76352,b1aed5a27bf825bbabb06bdeefa63446fd68f3736c3a4bb61c21923909c59149
tcn,independent_rms,43,bandpass_n20005_cLL_electrode_s10,phase2/results/predictions/full/independent_rms/tcn/seed_43/bandpass_n20005_cLL_electrode_s10.npz,76245,654d5d8517134f09d418300fc18a2310e7cba01d1b1b61b8b29a4a0fff71ef79
tcn,independent_rms,43,bandpass_n20005_cLL_electrode_s5,phase2/results/predictions/full/independent_rms/tcn/seed_43/bandpass_n20005_cLL_electrode_s5.npz,76120,6986c63791fa0b513480dbf800c3ac89fb5951c3132e7ed3ab956a4cb857a99d
tcn,independent_rms,43,bandpass_n20005_cLL_electrode_s0,phase2/results/predictions/full/independent_rms/tcn/seed_43/bandpass_n20005_cLL_electrode_s0.npz,75768,8b88d28a4e3171d8cbb92f3aea11a8742b5b1c9b6648f395216d4593576b59c1
tcn,independent_rms,43,bandpass_n20005_cLL_covariance_s20,phase2/results/predictions/full/independent_rms/tcn/seed_43/bandpass_n20005_cLL_covariance_s20.npz,76383,55c7b77294ead64e31894cc749199b1360599ddd41806ca46c712b9aff4a185e
tcn,independent_rms,43,bandpass_n20005_cLL_covariance_s15,phase2/results/predictions/full/independent_rms/tcn/seed_43/bandpass_n20005_cLL_covariance_s15.npz,76350,f9d52e4c4506cac8528777051ce0b4980fbb4c64d8471289cb42128ee7e6a26b
tcn,independent_rms,43,bandpass_n20005_cLL_covariance_s10,phase2/results/predictions/full/independent_rms/tcn/seed_43/bandpass_n20005_cLL_covariance_s10.npz,76236,d8ff5463ddc507b6fd4ebc3ce85d6db1900fe34e53863e5f5086309c46898f76
tcn,independent_rms,43,bandpass_n20005_cLL_covariance_s5,phase2/results/predictions/full/independent_rms/tcn/seed_43/bandpass_n20005_cLL_covariance_s5.npz,76075,b133a813e302148af28850b4cf2dca8fe8a5100d408d6bc97b958541d3ba322c
tcn,independent_rms,43,bandpass_n20005_cLL_covariance_s0,phase2/results/predictions/full/independent_rms/tcn/seed_43/bandpass_n20005_cLL_covariance_s0.npz,75750,1f8d5f4e2654e5df0728628de1cf1a76382c024d989fba9e489b3d4db14b87fa
tcn,independent_rms,43,bandpass_n20005_cRA_V1_independent_rms_s20,phase2/results/predictions/full/independent_rms/tcn/seed_43/bandpass_n20005_cRA_V1_independent_rms_s20.npz,76383,a24c18263206945efb0174d8f0659f755bc32b612dd6f0583d5b625115d87947
tcn,independent_rms,43,bandpass_n20005_cRA_V1_independent_rms_s15,phase2/results/predictions/full/independent_rms/tcn/seed_43/bandpass_n20005_cRA_V1_independent_rms_s15.npz,76389,7bd6d4fb410aa7277aa09150403bce2546be5afa3e54f0e2a2dbacfe9fdaca9c
tcn,independent_rms,43,bandpass_n20005_cRA_V1_independent_rms_s10,phase2/results/predictions/full/independent_rms/tcn/seed_43/bandpass_n20005_cRA_V1_independent_rms_s10.npz,76358,4e9fd9de1db29ff4a9836f88c9755c2ef08b33eb5c395e53de1dac0bac6a5a36
tcn,independent_rms,43,bandpass_n20005_cRA_V1_independent_rms_s5,phase2/results/predictions/full/independent_rms/tcn/seed_43/bandpass_n20005_cRA_V1_independent_rms_s5.npz,76212,963165544f73243a1316cb4e263bd7ad5296e5b0b6eb269628ac488e0629553d
tcn,independent_rms,43,bandpass_n20005_cRA_V1_independent_rms_s0,phase2/results/predictions/full/independent_rms/tcn/seed_43/bandpass_n20005_cRA_V1_independent_rms_s0.npz,75953,2083c3da2bb94be7c0a0957cb433c451d7b3361d8e9d33697cb3bf834d511d6d
tcn,independent_rms,43,bandpass_n20005_cRA_V1_electrode_s20,phase2/results/predictions/full/independent_rms/tcn/seed_43/bandpass_n20005_cRA_V1_electrode_s20.npz,76395,a3dc23023ede9a1efa91be9c9d4b9af84b08d9753e62124eaafa1b07570e9746
tcn,independent_rms,43,bandpass_n20005_cRA_V1_electrode_s15,phase2/results/predictions/full/independent_rms/tcn/seed_43/bandpass_n20005_cRA_V1_electrode_s15.npz,76335,d04e026e1a0139379e625bf6e924ef6799bf2d55e02b2a1317aaea242e13d6f1
tcn,independent_rms,43,bandpass_n20005_cRA_V1_electrode_s10,phase2/results/predictions/full/independent_rms/tcn/seed_43/bandpass_n20005_cRA_V1_electrode_s10.npz,76228,4ed44186c9a95199e11cc9bdddf622e4b833a4bc3f5dd24fdd14e137085f78ad
tcn,independent_rms,43,bandpass_n20005_cRA_V1_electrode_s5,phase2/results/predictions/full/independent_rms/tcn/seed_43/bandpass_n20005_cRA_V1_electrode_s5.npz,76013,59ce8a920a77f3b0b2b988a1205f68f72459a2c0206af193d5f100af7c245ad2
tcn,independent_rms,43,bandpass_n20005_cRA_V1_electrode_s0,phase2/results/predictions/full/independent_rms/tcn/seed_43/bandpass_n20005_cRA_V1_electrode_s0.npz,75444,659d50bd10207db7b5ec3a2bbc4499831d4c8a8e577a8141dd0f4b6ca0551e9b
tcn,independent_rms,43,bandpass_n20005_cRA_V1_covariance_s20,phase2/results/predictions/full/independent_rms/tcn/seed_43/bandpass_n20005_cRA_V1_covariance_s20.npz,76375,2e262064a2a94dfec0096b884c7e66d0f4dd5499a5c0cf70f5471b7cf3a51a6d
tcn,independent_rms,43,bandpass_n20005_cRA_V1_covariance_s15,phase2/results/predictions/full/independent_rms/tcn/seed_43/bandpass_n20005_cRA_V1_covariance_s15.npz,76362,0a0c8b6543dcf5f98204448addd28757fa16eafd1ebcb69f3c08e5dbf83fc4da
tcn,independent_rms,43,bandpass_n20005_cRA_V1_covariance_s10,phase2/results/predictions/full/independent_rms/tcn/seed_43/bandpass_n20005_cRA_V1_covariance_s10.npz,76230,97fd7a184ca240f11c3441cca7e0690d43d73aaadee3cb0b2c90a6c06e4531a7
tcn,independent_rms,43,bandpass_n20005_cRA_V1_covariance_s5,phase2/results/predictions/full/independent_rms/tcn/seed_43/bandpass_n20005_cRA_V1_covariance_s5.npz,75964,0a22bb5945d7c2a358066986de8b59f6636ec81975676e125f5c542295b51ef0
tcn,independent_rms,43,bandpass_n20005_cRA_V1_covariance_s0,phase2/results/predictions/full/independent_rms/tcn/seed_43/bandpass_n20005_cRA_V1_covariance_s0.npz,75466,f1e5d9e82c554023713e8855f99a4d38dd19175b45dfba809fda7507f68c3710
tcn,independent_rms,43,bandpass_n20005_cLA_V6_independent_rms_s20,phase2/results/predictions/full/independent_rms/tcn/seed_43/bandpass_n20005_cLA_V6_independent_rms_s20.npz,76385,ff2832bcadeb0c627f9093149c244f538efd6a78bb1899c45d49265e080ea1c1
tcn,independent_rms,43,bandpass_n20005_cLA_V6_independent_rms_s15,phase2/results/predictions/full/independent_rms/tcn/seed_43/bandpass_n20005_cLA_V6_independent_rms_s15.npz,76386,f2a3a49037e86292d3d3985be0fed087d544e6565d242aa6e729016610f7f748
tcn,independent_rms,43,bandpass_n20005_cLA_V6_independent_rms_s10,phase2/results/predictions/full/independent_rms/tcn/seed_43/bandpass_n20005_cLA_V6_independent_rms_s10.npz,76356,37587f72153f2a61bfa0362eadf1bab9b73883821f8c8cbd4dbc8db93b8ced8e
tcn,independent_rms,43,bandpass_n20005_cLA_V6_independent_rms_s5,phase2/results/predictions/full/independent_rms/tcn/seed_43/bandpass_n20005_cLA_V6_independent_rms_s5.npz,76210,3f24538c7ffc534deb14881df6d6bde3b528196c9e3c86a978ab3945753c679a
tcn,independent_rms,43,bandpass_n20005_cLA_V6_independent_rms_s0,phase2/results/predictions/full/independent_rms/tcn/seed_43/bandpass_n20005_cLA_V6_independent_rms_s0.npz,75902,cdadb036abf99b1bccc3eedd13e01b67a4c332815ba6e676120ebabc7a00c5e4
tcn,independent_rms,43,bandpass_n20005_cLA_V6_electrode_s20,phase2/results/predictions/full/independent_rms/tcn/seed_43/bandpass_n20005_cLA_V6_electrode_s20.npz,76392,09c5955c137ee834b54ce56e19ab664b59a1cfc38cfd2c4d03319df82c248735
tcn,independent_rms,43,bandpass_n20005_cLA_V6_electrode_s15,phase2/results/predictions/full/independent_rms/tcn/seed_43/bandpass_n20005_cLA_V6_electrode_s15.npz,76355,2dfe20c55cb4599a944960c376203d79ed3950748c089406141b1a5e365f6456
tcn,independent_rms,43,bandpass_n20005_cLA_V6_electrode_s10,phase2/results/predictions/full/independent_rms/tcn/seed_43/bandpass_n20005_cLA_V6_electrode_s10.npz,76297,439e7fbff8d2fbb2903240985181483fd5b5ede94148ede7662f7ed38726772a
tcn,independent_rms,43,bandpass_n20005_cLA_V6_electrode_s5,phase2/results/predictions/full/independent_rms/tcn/seed_43/bandpass_n20005_cLA_V6_electrode_s5.npz,76129,cc8b830fbcdd064fca9350afa13ce006e0939095bc19c6ce010544dbf0602842
tcn,independent_rms,43,bandpass_n20005_cLA_V6_electrode_s0,phase2/results/predictions/full/independent_rms/tcn/seed_43/bandpass_n20005_cLA_V6_electrode_s0.npz,75752,18fc95744959d6331bcdd2e9d864633fe45fe4a4bc753eb826b6b2250e7b11a0
tcn,independent_rms,43,bandpass_n20005_cLA_V6_covariance_s20,phase2/results/predictions/full/independent_rms/tcn/seed_43/bandpass_n20005_cLA_V6_covariance_s20.npz,76390,1fd830c16c668bc6c9252fa07365183226f2e9f641d5429a4ffabd91dec82b3a
tcn,independent_rms,43,bandpass_n20005_cLA_V6_covariance_s15,phase2/results/predictions/full/independent_rms/tcn/seed_43/bandpass_n20005_cLA_V6_covariance_s15.npz,76368,1bcc5698c16fd15c2e10dacb79aadb9e683219439bf5c3fb4415d81671830894
tcn,independent_rms,43,bandpass_n20005_cLA_V6_covariance_s10,phase2/results/predictions/full/independent_rms/tcn/seed_43/bandpass_n20005_cLA_V6_covariance_s10.npz,76311,8103edaea0ada1d398a078365f70afa3dbdc0ac7c333112a91544bbfef95f4a5
tcn,independent_rms,43,bandpass_n20005_cLA_V6_covariance_s5,phase2/results/predictions/full/independent_rms/tcn/seed_43/bandpass_n20005_cLA_V6_covariance_s5.npz,76155,a7ffd8bbe97941fa87b62e4199b6935007d8ab58ee0def1f94c74bf56448e48c
tcn,independent_rms,43,bandpass_n20005_cLA_V6_covariance_s0,phase2/results/predictions/full/independent_rms/tcn/seed_43/bandpass_n20005_cLA_V6_covariance_s0.npz,75788,8f2fd6d048a8c3d490090a7a91d275576c5fb15a9372f9bc273bedf639a95939
tcn,independent_rms,43,bandpass_n20005_cLL_V4_independent_rms_s20,phase2/results/predictions/full/independent_rms/tcn/seed_43/bandpass_n20005_cLL_V4_independent_rms_s20.npz,76409,83d09df8bbc8402a1070a429a8ec70712e1d3e6583ff79b3dcec4a7577543f6a
tcn,independent_rms,43,bandpass_n20005_cLL_V4_independent_rms_s15,phase2/results/predictions/full/independent_rms/tcn/seed_43/bandpass_n20005_cLL_V4_independent_rms_s15.npz,76366,9bf651c12ba02da6e0c3cdeaffc3c519ec7785ff1c1eadf28699e3a62273e04e
tcn,independent_rms,43,bandpass_n20005_cLL_V4_independent_rms_s10,phase2/results/predictions/full/independent_rms/tcn/seed_43/bandpass_n20005_cLL_V4_independent_rms_s10.npz,76337,8a1866972352861457389749c481234f8f97a9250be0a7b17a2a1042ccc67d5e
tcn,independent_rms,43,bandpass_n20005_cLL_V4_independent_rms_s5,phase2/results/predictions/full/independent_rms/tcn/seed_43/bandpass_n20005_cLL_V4_independent_rms_s5.npz,76207,722663bc5124c4348c24648ade9e6dec54d2be87e18a0b89a7f1953b71cd40b9
tcn,independent_rms,43,bandpass_n20005_cLL_V4_independent_rms_s0,phase2/results/predictions/full/independent_rms/tcn/seed_43/bandpass_n20005_cLL_V4_independent_rms_s0.npz,75904,282281f8c3ef523c357c19f275813eb0528ae32d5fd2c3863aad177f3a3065b8
tcn,independent_rms,43,bandpass_n20005_cLL_V4_electrode_s20,phase2/results/predictions/full/independent_rms/tcn/seed_43/bandpass_n20005_cLL_V4_electrode_s20.npz,76408,4a56fecd3881b8b62585c8f0d587ac7009f8b71b44eff864f966a08eb0bb6986
tcn,independent_rms,43,bandpass_n20005_cLL_V4_electrode_s15,phase2/results/predictions/full/independent_rms/tcn/seed_43/bandpass_n20005_cLL_V4_electrode_s15.npz,76363,2debf9d28465f24cea164fdd4e1da30f49111cf6f038f3633524bb3290ccd4a9
tcn,independent_rms,43,bandpass_n20005_cLL_V4_electrode_s10,phase2/results/predictions/full/independent_rms/tcn/seed_43/bandpass_n20005_cLL_V4_electrode_s10.npz,76275,671569aa8898897530fa827342913b86cd6aa09f5bfd660f7ac4d7a34f64c11b
tcn,independent_rms,43,bandpass_n20005_cLL_V4_electrode_s5,phase2/results/predictions/full/independent_rms/tcn/seed_43/bandpass_n20005_cLL_V4_electrode_s5.npz,76136,e3afca82ad48e1f965002e5cc36464ec71cb65da4782bb72a6bef565bbf1f3f6
tcn,independent_rms,43,bandpass_n20005_cLL_V4_electrode_s0,phase2/results/predictions/full/independent_rms/tcn/seed_43/bandpass_n20005_cLL_V4_electrode_s0.npz,75799,0b0c6fc89a07c8502de458f8459629a7ac0e55c01282fbd186f295eb46cedc55
tcn,independent_rms,43,bandpass_n20005_cLL_V4_covariance_s20,phase2/results/predictions/full/independent_rms/tcn/seed_43/bandpass_n20005_cLL_V4_covariance_s20.npz,76349,e576ff15c0cf0581a8bca94e44d44915580a972be4504ee1be072bcae65ff340
tcn,independent_rms,43,bandpass_n20005_cLL_V4_covariance_s15,phase2/results/predictions/full/independent_rms/tcn/seed_43/bandpass_n20005_cLL_V4_covariance_s15.npz,76348,fa3c935b86684c463d318e48f3adcb5f6820b9bb3841c4a2828b290ab6a992f1
tcn,independent_rms,43,bandpass_n20005_cLL_V4_covariance_s10,phase2/results/predictions/full/independent_rms/tcn/seed_43/bandpass_n20005_cLL_V4_covariance_s10.npz,76302,51059fe32b9e06431a4f44f9bbf6db194be305376a0df70a7b4255736b7d993e
tcn,independent_rms,43,bandpass_n20005_cLL_V4_covariance_s5,phase2/results/predictions/full/independent_rms/tcn/seed_43/bandpass_n20005_cLL_V4_covariance_s5.npz,76131,c3569c21a09af16a17e0b5892a6cd188087bf92b0dd0aca1eb563177e477260f
tcn,independent_rms,43,bandpass_n20005_cLL_V4_covariance_s0,phase2/results/predictions/full/independent_rms/tcn/seed_43/bandpass_n20005_cLL_V4_covariance_s0.npz,75775,fdb4bb08f3702f5c66d9d8e4b97d4eb807e1e8a83ed983f53aede50e4236a549
tcn,independent_rms,43,bandpass_n20005_cRA_LA_V1_V6_independent_rms_s20,phase2/results/predictions/full/independent_rms/tcn/seed_43/bandpass_n20005_cRA_LA_V1_V6_independent_rms_s20.npz,76393,edb53bf7d7735c68eb955805c9a76182097f323523433b01eed9c63b83e2ec57
tcn,independent_rms,43,bandpass_n20005_cRA_LA_V1_V6_independent_rms_s15,phase2/results/predictions/full/independent_rms/tcn/seed_43/bandpass_n20005_cRA_LA_V1_V6_independent_rms_s15.npz,76401,53162cb1b5c2237d62a865241ce4624f2feacb57021a57db7ade3e01e785e00c
tcn,independent_rms,43,bandpass_n20005_cRA_LA_V1_V6_independent_rms_s10,phase2/results/predictions/full/independent_rms/tcn/seed_43/bandpass_n20005_cRA_LA_V1_V6_independent_rms_s10.npz,76367,68d6793f212479128b4c80ec02a34e5244ba9dec99f6d052d6bfdd302811ed0d
tcn,independent_rms,43,bandpass_n20005_cRA_LA_V1_V6_independent_rms_s5,phase2/results/predictions/full/independent_rms/tcn/seed_43/bandpass_n20005_cRA_LA_V1_V6_independent_rms_s5.npz,76224,7e33aeb145daa3255b2a00840da5081452c2e6fb95db39aa64f5217981a69314
tcn,independent_rms,43,bandpass_n20005_cRA_LA_V1_V6_independent_rms_s0,phase2/results/predictions/full/independent_rms/tcn/seed_43/bandpass_n20005_cRA_LA_V1_V6_independent_rms_s0.npz,75981,a08f5464dfa17ae9fc0836289a40eb79448a7f4109fed5a315ad4425976a3930
tcn,independent_rms,43,bandpass_n20005_cRA_LA_V1_V6_electrode_s20,phase2/results/predictions/full/independent_rms/tcn/seed_43/bandpass_n20005_cRA_LA_V1_V6_electrode_s20.npz,76421,9cecfb3378bcb61b7a0fc8a21d968dd29badce3c616781975013ae92253e7893
tcn,independent_rms,43,bandpass_n20005_cRA_LA_V1_V6_electrode_s15,phase2/results/predictions/full/independent_rms/tcn/seed_43/bandpass_n20005_cRA_LA_V1_V6_electrode_s15.npz,76358,d9306ccd73d71a1a889ac7a3a6629dc66edb45e03a59159e1dbffb3a7381a856
tcn,independent_rms,43,bandpass_n20005_cRA_LA_V1_V6_electrode_s10,phase2/results/predictions/full/independent_rms/tcn/seed_43/bandpass_n20005_cRA_LA_V1_V6_electrode_s10.npz,76281,7eebcb2cadc3ab41fadb6d5b1d06e7171c27faf98964885f4f32bb4d5104871c
tcn,independent_rms,43,bandpass_n20005_cRA_LA_V1_V6_electrode_s5,phase2/results/predictions/full/independent_rms/tcn/seed_43/bandpass_n20005_cRA_LA_V1_V6_electrode_s5.npz,76074,ed10012936b8b27024721d5b95ba1771590ca4ea475954381bf1329e94b8882e
tcn,independent_rms,43,bandpass_n20005_cRA_LA_V1_V6_electrode_s0,phase2/results/predictions/full/independent_rms/tcn/seed_43/bandpass_n20005_cRA_LA_V1_V6_electrode_s0.npz,75559,caee6e411d94b40357bb35f7ab7492f08cd4f51ea47d548ae8ff2696068b82d5
tcn,independent_rms,43,bandpass_n20005_cRA_LA_V1_V6_covariance_s20,phase2/results/predictions/full/independent_rms/tcn/seed_43/bandpass_n20005_cRA_LA_V1_V6_covariance_s20.npz,76403,f427124c1c79c0a2700417663c87c354511a7155a85a35701f8bb15586787f4a
tcn,independent_rms,43,bandpass_n20005_cRA_LA_V1_V6_covariance_s15,phase2/results/predictions/full/independent_rms/tcn/seed_43/bandpass_n20005_cRA_LA_V1_V6_covariance_s15.npz,76381,416a5690e4efff59b05dd09cb9a8a9564a05ee1bcc175fc08ccb9703501a548f
tcn,independent_rms,43,bandpass_n20005_cRA_LA_V1_V6_covariance_s10,phase2/results/predictions/full/independent_rms/tcn/seed_43/bandpass_n20005_cRA_LA_V1_V6_covariance_s10.npz,76271,cf7b90fc07ed82c7a76f8f08b61c5031d8449bdaa620b5d6ee071c2029858dd2
tcn,independent_rms,43,bandpass_n20005_cRA_LA_V1_V6_covariance_s5,phase2/results/predictions/full/independent_rms/tcn/seed_43/bandpass_n20005_cRA_LA_V1_V6_covariance_s5.npz,76072,f7a4b8df4e2acb2ff40a80d0ee0248c576c71110c15173cf431093ffa2bc62bf
tcn,independent_rms,43,bandpass_n20005_cRA_LA_V1_V6_covariance_s0,phase2/results/predictions/full/independent_rms/tcn/seed_43/bandpass_n20005_cRA_LA_V1_V6_covariance_s0.npz,75573,1ec3352624fb74515bbfcb01be9e3e8e3549204fa43f49ba3f373b785b09d70c
tcn,independent_rms,43,bandpass_n20005_cRA_V2_V5_independent_rms_s20,phase2/results/predictions/full/independent_rms/tcn/seed_43/bandpass_n20005_cRA_V2_V5_independent_rms_s20.npz,76415,65599e1c4d4ef3b68142f8ef11608dc99b3a69e212ffa1412d54328c346b3193
tcn,independent_rms,43,bandpass_n20005_cRA_V2_V5_independent_rms_s15,phase2/results/predictions/full/independent_rms/tcn/seed_43/bandpass_n20005_cRA_V2_V5_independent_rms_s15.npz,76408,ae4570da4cb49dbe2618dd116ac3c772f62d0f1f19537642beea656b426d7420
tcn,independent_rms,43,bandpass_n20005_cRA_V2_V5_independent_rms_s10,phase2/results/predictions/full/independent_rms/tcn/seed_43/bandpass_n20005_cRA_V2_V5_independent_rms_s10.npz,76370,591db9beb212682eee68875d7ed0fd3e9685e61c2ffce5e967d48a9e5c62e08c
tcn,independent_rms,43,bandpass_n20005_cRA_V2_V5_independent_rms_s5,phase2/results/predictions/full/independent_rms/tcn/seed_43/bandpass_n20005_cRA_V2_V5_independent_rms_s5.npz,76251,a22d2b12cbe14a8105efb55ba03b9c0339f109759757ab5805fd020e874cb755
tcn,independent_rms,43,bandpass_n20005_cRA_V2_V5_independent_rms_s0,phase2/results/predictions/full/independent_rms/tcn/seed_43/bandpass_n20005_cRA_V2_V5_independent_rms_s0.npz,75929,8ce75f6df8e942f122be7b2a0c5ac3bf07d64da53815432ff5dbcdb4fcc317e2
tcn,independent_rms,43,bandpass_n20005_cRA_V2_V5_electrode_s20,phase2/results/predictions/full/independent_rms/tcn/seed_43/bandpass_n20005_cRA_V2_V5_electrode_s20.npz,76376,f054b86aff929c8a3916b79a2452d157c96fed1f1b2cfa23b7030716a8b3123d
tcn,independent_rms,43,bandpass_n20005_cRA_V2_V5_electrode_s15,phase2/results/predictions/full/independent_rms/tcn/seed_43/bandpass_n20005_cRA_V2_V5_electrode_s15.npz,76341,eb1271f4046d51aa38379639529d7a376a98f2fdbc8fbd73ef93dd795b0a658d
tcn,independent_rms,43,bandpass_n20005_cRA_V2_V5_electrode_s10,phase2/results/predictions/full/independent_rms/tcn/seed_43/bandpass_n20005_cRA_V2_V5_electrode_s10.npz,76260,0d2cbef77acd8c09b01a66b5cbf0b8a1c645cb2456199a1c5be1b3d7fb903b45
tcn,independent_rms,43,bandpass_n20005_cRA_V2_V5_electrode_s5,phase2/results/predictions/full/independent_rms/tcn/seed_43/bandpass_n20005_cRA_V2_V5_electrode_s5.npz,76045,ad5d7c7b59888c393b78972926a3bf4b20842462ba84b5efc480d9db8d729965
tcn,independent_rms,43,bandpass_n20005_cRA_V2_V5_electrode_s0,phase2/results/predictions/full/independent_rms/tcn/seed_43/bandpass_n20005_cRA_V2_V5_electrode_s0.npz,75514,5c5725e705305640bf7d09f1fe04b47b9e6ba460aba73dace28720bcf6240998
tcn,independent_rms,43,bandpass_n20005_cRA_V2_V5_covariance_s20,phase2/results/predictions/full/independent_rms/tcn/seed_43/bandpass_n20005_cRA_V2_V5_covariance_s20.npz,76385,1898c6bbfb4456b6952ef3a769a0a261514d39f32a240cedbd4c25708e61d6d4
tcn,independent_rms,43,bandpass_n20005_cRA_V2_V5_covariance_s15,phase2/results/predictions/full/independent_rms/tcn/seed_43/bandpass_n20005_cRA_V2_V5_covariance_s15.npz,76360,0c1e9338d42ebdc6e10eb43369cd8dfb80491fc76164d0860d43f90f7c5bc340
tcn,independent_rms,43,bandpass_n20005_cRA_V2_V5_covariance_s10,phase2/results/predictions/full/independent_rms/tcn/seed_43/bandpass_n20005_cRA_V2_V5_covariance_s10.npz,76265,c9d332b77e3be4bd03b5b7f326e4990719db920ff3c4728c5958cd4014635455
tcn,independent_rms,43,bandpass_n20005_cRA_V2_V5_covariance_s5,phase2/results/predictions/full/independent_rms/tcn/seed_43/bandpass_n20005_cRA_V2_V5_covariance_s5.npz,76034,75628429b412c0137a01273a62c439e38203673bc41bf1a4cfcd5180fca84542
tcn,independent_rms,43,bandpass_n20005_cRA_V2_V5_covariance_s0,phase2/results/predictions/full/independent_rms/tcn/seed_43/bandpass_n20005_cRA_V2_V5_covariance_s0.npz,75538,5fab7e20e29e7fcbd28efb920160474d4a73838b37b172b57685095313984b74
tcn,independent_rms,43,bandpass_n20005_cLA_V3_V6_independent_rms_s20,phase2/results/predictions/full/independent_rms/tcn/seed_43/bandpass_n20005_cLA_V3_V6_independent_rms_s20.npz,76389,453567c620544826d6d4c88a69a4fb17dd5cf08f4b93e5a5d4eb23ce2b6fb4cf
tcn,independent_rms,43,bandpass_n20005_cLA_V3_V6_independent_rms_s15,phase2/results/predictions/full/independent_rms/tcn/seed_43/bandpass_n20005_cLA_V3_V6_independent_rms_s15.npz,76417,0eba97b8ba562c2d617785d2633325e413459b68acc3626e4233f8e0edeacade
tcn,independent_rms,43,bandpass_n20005_cLA_V3_V6_independent_rms_s10,phase2/results/predictions/full/independent_rms/tcn/seed_43/bandpass_n20005_cLA_V3_V6_independent_rms_s10.npz,76358,5cc219c2e2910bab6263f618250d2f2246a01b84b21772a2590770f4a62586b3
tcn,independent_rms,43,bandpass_n20005_cLA_V3_V6_independent_rms_s5,phase2/results/predictions/full/independent_rms/tcn/seed_43/bandpass_n20005_cLA_V3_V6_independent_rms_s5.npz,76262,22b7c1b8ee4df66ad8311c91ee4767314a4e7055931c4d87a8f40bd7aae1794d
tcn,independent_rms,43,bandpass_n20005_cLA_V3_V6_independent_rms_s0,phase2/results/predictions/full/independent_rms/tcn/seed_43/bandpass_n20005_cLA_V3_V6_independent_rms_s0.npz,75983,242ff52a7b120573ff347432393d11f3f5f5b8dc05836f6718dca0a08699ef54
tcn,independent_rms,43,bandpass_n20005_cLA_V3_V6_electrode_s20,phase2/results/predictions/full/independent_rms/tcn/seed_43/bandpass_n20005_cLA_V3_V6_electrode_s20.npz,76376,57dc64b1ec530370707d14d2c2613d4ca1d29733ef5f12216035b78bc000f93c
tcn,independent_rms,43,bandpass_n20005_cLA_V3_V6_electrode_s15,phase2/results/predictions/full/independent_rms/tcn/seed_43/bandpass_n20005_cLA_V3_V6_electrode_s15.npz,76373,fa180a006d967ea9cf73fe3512d61853b434f54ef1d0da8dbf1fe1d4aca33ae1
tcn,independent_rms,43,bandpass_n20005_cLA_V3_V6_electrode_s10,phase2/results/predictions/full/independent_rms/tcn/seed_43/bandpass_n20005_cLA_V3_V6_electrode_s10.npz,76299,32fb1f5f6e4684e713e7d52146fa9ee8d520a5bb72c20f27dcfd90baa63c5578
tcn,independent_rms,43,bandpass_n20005_cLA_V3_V6_electrode_s5,phase2/results/predictions/full/independent_rms/tcn/seed_43/bandpass_n20005_cLA_V3_V6_electrode_s5.npz,76204,c58dde08dd76493d5b19aeefe78bf4909ac67a505f0e09bbb92360846d5702a9
tcn,independent_rms,43,bandpass_n20005_cLA_V3_V6_electrode_s0,phase2/results/predictions/full/independent_rms/tcn/seed_43/bandpass_n20005_cLA_V3_V6_electrode_s0.npz,75785,b1cab601ff43937acb5797d927047c3d9ef600ec094212481ece6a08209735aa
tcn,independent_rms,43,bandpass_n20005_cLA_V3_V6_covariance_s20,phase2/results/predictions/full/independent_rms/tcn/seed_43/bandpass_n20005_cLA_V3_V6_covariance_s20.npz,76401,febdd9cd5086241378f5c646fa73de4a57417646799126b69ec884522e79c6ef
tcn,independent_rms,43,bandpass_n20005_cLA_V3_V6_covariance_s15,phase2/results/predictions/full/independent_rms/tcn/seed_43/bandpass_n20005_cLA_V3_V6_covariance_s15.npz,76372,8d1a4a506d945a3be405440d4504ebd5dae26ed29fe3cfbd6ae29f5532ddedfd
tcn,independent_rms,43,bandpass_n20005_cLA_V3_V6_covariance_s10,phase2/results/predictions/full/independent_rms/tcn/seed_43/bandpass_n20005_cLA_V3_V6_covariance_s10.npz,76339,98feab4c0a5fb9c845ff66a4b2c6e55eb8ef95592e9275b17b68f46df45579a2
tcn,independent_rms,43,bandpass_n20005_cLA_V3_V6_covariance_s5,phase2/results/predictions/full/independent_rms/tcn/seed_43/bandpass_n20005_cLA_V3_V6_covariance_s5.npz,76157,f1b5972c29f54ba90df036950a77a55da7ff0a9ac1f6b0729fe66018247b2196
tcn,independent_rms,43,bandpass_n20005_cLA_V3_V6_covariance_s0,phase2/results/predictions/full/independent_rms/tcn/seed_43/bandpass_n20005_cLA_V3_V6_covariance_s0.npz,75844,7db45445ef0957f74d658cd9e0667fa3cc18d4ec52a4454a5d91390c28563b66
tcn,independent_rms,43,bandpass_n20005_cLL_V1_V4_independent_rms_s20,phase2/results/predictions/full/independent_rms/tcn/seed_43/bandpass_n20005_cLL_V1_V4_independent_rms_s20.npz,76402,9346ee13a2603b6da10a03c5aff1e677b6cd4d917fbae78a88534f6950464ea6
tcn,independent_rms,43,bandpass_n20005_cLL_V1_V4_independent_rms_s15,phase2/results/predictions/full/independent_rms/tcn/seed_43/bandpass_n20005_cLL_V1_V4_independent_rms_s15.npz,76416,6a67d6ba2254de39047da10c81c069c6985ac26c17f0c2c720fe5f6cb6100d71
tcn,independent_rms,43,bandpass_n20005_cLL_V1_V4_independent_rms_s10,phase2/results/predictions/full/independent_rms/tcn/seed_43/bandpass_n20005_cLL_V1_V4_independent_rms_s10.npz,76358,34b4623147b1b05233b49b7dd62b9fb1600643355873f905a82e589d58c53ff9
tcn,independent_rms,43,bandpass_n20005_cLL_V1_V4_independent_rms_s5,phase2/results/predictions/full/independent_rms/tcn/seed_43/bandpass_n20005_cLL_V1_V4_independent_rms_s5.npz,76205,b2096412cf2c88b2d15446102d5d4434f3f77d8e5e37497b73fb095d33c65aa5
tcn,independent_rms,43,bandpass_n20005_cLL_V1_V4_independent_rms_s0,phase2/results/predictions/full/independent_rms/tcn/seed_43/bandpass_n20005_cLL_V1_V4_independent_rms_s0.npz,75941,12be079ee2e9d5c73ae06a6a64b1c5f381dfb83e68aabaaa291c065e0c7b9c6e
tcn,independent_rms,43,bandpass_n20005_cLL_V1_V4_electrode_s20,phase2/results/predictions/full/independent_rms/tcn/seed_43/bandpass_n20005_cLL_V1_V4_electrode_s20.npz,76378,669da15a43a987d6b70a93ce1b47f071bed87c15a4ca32c802dce54ff4e18c48
tcn,independent_rms,43,bandpass_n20005_cLL_V1_V4_electrode_s15,phase2/results/predictions/full/independent_rms/tcn/seed_43/bandpass_n20005_cLL_V1_V4_electrode_s15.npz,76368,9b723b10c3110fe5e4bf1f4eecaa869b1610484fd4385364a7f098ee32dc324c
tcn,independent_rms,43,bandpass_n20005_cLL_V1_V4_electrode_s10,phase2/results/predictions/full/independent_rms/tcn/seed_43/bandpass_n20005_cLL_V1_V4_electrode_s10.npz,76287,08788433b66e9eeefd97dad40b5045cdf065a0d45d1e729d5ef1e007255b607c
tcn,independent_rms,43,bandpass_n20005_cLL_V1_V4_electrode_s5,phase2/results/predictions/full/independent_rms/tcn/seed_43/bandpass_n20005_cLL_V1_V4_electrode_s5.npz,76175,02c572fbd032c912eafecaa480c78308ad062c92d22a456fc59c24f8411f87a6
tcn,independent_rms,43,bandpass_n20005_cLL_V1_V4_electrode_s0,phase2/results/predictions/full/independent_rms/tcn/seed_43/bandpass_n20005_cLL_V1_V4_electrode_s0.npz,75813,ade65d08702f1071a5f50ab59e60ca8fc3a02225d22c71098a345db103688650
tcn,independent_rms,43,bandpass_n20005_cLL_V1_V4_covariance_s20,phase2/results/predictions/full/independent_rms/tcn/seed_43/bandpass_n20005_cLL_V1_V4_covariance_s20.npz,76387,9de01cd4f34acb79619100c78af1c8ef1fad1c6bf5f77b2bc432e49a432513ef
tcn,independent_rms,43,bandpass_n20005_cLL_V1_V4_covariance_s15,phase2/results/predictions/full/independent_rms/tcn/seed_43/bandpass_n20005_cLL_V1_V4_covariance_s15.npz,76364,d9dc1ab291150d729c2f147ce2039b460715875cf6b9349bbeff6ae379c96ec5
tcn,independent_rms,43,bandpass_n20005_cLL_V1_V4_covariance_s10,phase2/results/predictions/full/independent_rms/tcn/seed_43/bandpass_n20005_cLL_V1_V4_covariance_s10.npz,76306,a4d2dba2676ac9518a368548a4c2bf99e073ea722057b0765b9c17eb0993270b
tcn,independent_rms,43,bandpass_n20005_cLL_V1_V4_covariance_s5,phase2/results/predictions/full/independent_rms/tcn/seed_43/bandpass_n20005_cLL_V1_V4_covariance_s5.npz,76161,56aa514e304f046e5ec65b66f4eec49e268ed6e584d3e726c5b0329cc91c2304
tcn,independent_rms,43,bandpass_n20005_cLL_V1_V4_covariance_s0,phase2/results/predictions/full/independent_rms/tcn/seed_43/bandpass_n20005_cLL_V1_V4_covariance_s0.npz,75790,11a72386d063546bf1f9936b702949c92b6c7215853b470dc647cebf68481deb
tcn,independent_rms,43,bandpass_n20005_call_independent_rms_s20,phase2/results/predictions/full/independent_rms/tcn/seed_43/bandpass_n20005_call_independent_rms_s20.npz,76376,5f0f384d7423fddd143a24b77e5835c10e075ef5dc1adcf6c5079ce4412e87b3
tcn,independent_rms,43,bandpass_n20005_call_independent_rms_s15,phase2/results/predictions/full/independent_rms/tcn/seed_43/bandpass_n20005_call_independent_rms_s15.npz,76360,16b0f4854d95abbb14f78fcafd0c6fb7ca696ffb74182e182a9c809f986f50b2
tcn,independent_rms,43,bandpass_n20005_call_independent_rms_s10,phase2/results/predictions/full/independent_rms/tcn/seed_43/bandpass_n20005_call_independent_rms_s10.npz,76309,b93f7622551a6ef153a70cf133f64af7153bedae81467bfa3746539a570a4bcc
tcn,independent_rms,43,bandpass_n20005_call_independent_rms_s5,phase2/results/predictions/full/independent_rms/tcn/seed_43/bandpass_n20005_call_independent_rms_s5.npz,76233,312cef94d25cfaa0fd6c52199677c379252f2c55c4ed9a845e9d27df6c2514ad
tcn,independent_rms,43,bandpass_n20005_call_independent_rms_s0,phase2/results/predictions/full/independent_rms/tcn/seed_43/bandpass_n20005_call_independent_rms_s0.npz,75903,8d08857e64432faec0e7fc14d1bc4af5db9b878c054aef3114690e162f134ca5
tcn,independent_rms,43,bandpass_n20005_call_electrode_s20,phase2/results/predictions/full/independent_rms/tcn/seed_43/bandpass_n20005_call_electrode_s20.npz,76360,8116478ade1c8840a3a2132d33d3693a0084d94384f1cd22b15d6484c9e9da17
tcn,independent_rms,43,bandpass_n20005_call_electrode_s15,phase2/results/predictions/full/independent_rms/tcn/seed_43/bandpass_n20005_call_electrode_s15.npz,76363,6f0f2189469e67ae1e28a9ac99e54cb5d7a4c888e8d9fadfb4fadae799d069c2
tcn,independent_rms,43,bandpass_n20005_call_electrode_s10,phase2/results/predictions/full/independent_rms/tcn/seed_43/bandpass_n20005_call_electrode_s10.npz,76260,09d1dd668177cdbabe3aee90e83df3e342ad294ccdbc778f40630f62ec50d4d1
tcn,independent_rms,43,bandpass_n20005_call_electrode_s5,phase2/results/predictions/full/independent_rms/tcn/seed_43/bandpass_n20005_call_electrode_s5.npz,76099,82a8bf8019b131f57e2396d4317e71fe13047f769c60c1bb89ba9d2b37591d86
tcn,independent_rms,43,bandpass_n20005_call_electrode_s0,phase2/results/predictions/full/independent_rms/tcn/seed_43/bandpass_n20005_call_electrode_s0.npz,75629,7e92cae8938a730d2931a4d40084e95b2e087281a86d73225055568fb69c0a2d
tcn,independent_rms,43,bandpass_n20005_call_covariance_s20,phase2/results/predictions/full/independent_rms/tcn/seed_43/bandpass_n20005_call_covariance_s20.npz,76356,c301b4ca475a19276b4dfddb0c01216e1904744200f82e7a8b37f2f44defabe1
tcn,independent_rms,43,bandpass_n20005_call_covariance_s15,phase2/results/predictions/full/independent_rms/tcn/seed_43/bandpass_n20005_call_covariance_s15.npz,76377,26cf7bdb8d128cf2a237df641e5b69addd7b5139fdae7b713ffd0091a0b8e022
tcn,independent_rms,43,bandpass_n20005_call_covariance_s10,phase2/results/predictions/full/independent_rms/tcn/seed_43/bandpass_n20005_call_covariance_s10.npz,76263,62c5a4b7ae9ccfc1b1cb771b5d311d212c120ce74986d64d682c608cc9818db4
tcn,independent_rms,43,bandpass_n20005_call_covariance_s5,phase2/results/predictions/full/independent_rms/tcn/seed_43/bandpass_n20005_call_covariance_s5.npz,76089,ec07e41d131b501e40dfe1a9360a495ffaab97864848460f214484bdfab23f70
tcn,independent_rms,43,bandpass_n20005_call_covariance_s0,phase2/results/predictions/full/independent_rms/tcn/seed_43/bandpass_n20005_call_covariance_s0.npz,75576,174738bb484fe4973ee45b84db99e391e690fffc31f5750a124fa1984ca763db
tcn,independent_rms,43,bw_n20001_call_independent_rms_s20,phase2/results/predictions/full/independent_rms/tcn/seed_43/bw_n20001_call_independent_rms_s20.npz,76365,8daa6828288590f0f0e7bc5d98983efc2980209f67e1681bddf355f29db50b93
tcn,independent_rms,43,bw_n20001_call_independent_rms_s10,phase2/results/predictions/full/independent_rms/tcn/seed_43/bw_n20001_call_independent_rms_s10.npz,76342,d9bf89b9f797980bb8b718e3f5ddd306d3466d22834c86db3135e6e984580de1
tcn,independent_rms,43,bw_n20001_call_independent_rms_s0,phase2/results/predictions/full/independent_rms/tcn/seed_43/bw_n20001_call_independent_rms_s0.npz,76130,57c92e3b6413dc0d39770051dc342a49abfcc03cf2704e456ee83c5c8fea29aa
tcn,independent_rms,43,bw_n20001_call_electrode_s20,phase2/results/predictions/full/independent_rms/tcn/seed_43/bw_n20001_call_electrode_s20.npz,76339,a3ca15f3636f1cf7be58c765caeae4b0f0cacb2baf9687bdcefa19e386be0736
tcn,independent_rms,43,bw_n20001_call_electrode_s10,phase2/results/predictions/full/independent_rms/tcn/seed_43/bw_n20001_call_electrode_s10.npz,76318,015d8111c489596ee57846fc28fff571753a257cf07a0223745336feb715f0d5
tcn,independent_rms,43,bw_n20001_call_electrode_s0,phase2/results/predictions/full/independent_rms/tcn/seed_43/bw_n20001_call_electrode_s0.npz,76075,3259208d50907654561f0a61db380cbbe592611ad7686f05d22ee9257370abcf
tcn,independent_rms,43,bw_n20001_call_covariance_s20,phase2/results/predictions/full/independent_rms/tcn/seed_43/bw_n20001_call_covariance_s20.npz,76364,e64c1ca890e81b8ba25ba95b1cc135a441434ddbea52d270adcdcfcca016ac81
tcn,independent_rms,43,bw_n20001_call_covariance_s10,phase2/results/predictions/full/independent_rms/tcn/seed_43/bw_n20001_call_covariance_s10.npz,76313,100649e25696a1bb3dccfd17aa153a01d5b52d07caae7ad158f57a6973bfb13b
tcn,independent_rms,43,bw_n20001_call_covariance_s0,phase2/results/predictions/full/independent_rms/tcn/seed_43/bw_n20001_call_covariance_s0.npz,76063,41715eddde15c5cff6d9ee363dbe86e937262a5ab6273a1225fe55ed0a17ab4f
tcn,independent_rms,43,bw_n20002_call_independent_rms_s20,phase2/results/predictions/full/independent_rms/tcn/seed_43/bw_n20002_call_independent_rms_s20.npz,76362,984efd8e8ac8189302f7f8ba982bd55fdc6209a52ed858f239208b6b8514cbd9
tcn,independent_rms,43,bw_n20002_call_independent_rms_s10,phase2/results/predictions/full/independent_rms/tcn/seed_43/bw_n20002_call_independent_rms_s10.npz,76349,849ca398bc0142a7e2278f42ec2468ccb2112f40a849abbd59b095b76ce65f04
tcn,independent_rms,43,bw_n20002_call_independent_rms_s0,phase2/results/predictions/full/independent_rms/tcn/seed_43/bw_n20002_call_independent_rms_s0.npz,76129,7116a28b320c76eea208a872b1ef3577d29066e1a3a0f6d01ad08df28459117b
tcn,independent_rms,43,bw_n20002_call_electrode_s20,phase2/results/predictions/full/independent_rms/tcn/seed_43/bw_n20002_call_electrode_s20.npz,76343,0707d339a84d063d6f66996f943af3c98a3ab49dfcd9784dac216cad6d45cca3
tcn,independent_rms,43,bw_n20002_call_electrode_s10,phase2/results/predictions/full/independent_rms/tcn/seed_43/bw_n20002_call_electrode_s10.npz,76333,0ffa866d296ab78ef9669b8b728719b5d0573a13ca19fdb99152ba563fd36b29
tcn,independent_rms,43,bw_n20002_call_electrode_s0,phase2/results/predictions/full/independent_rms/tcn/seed_43/bw_n20002_call_electrode_s0.npz,76029,1e79055f6e5faa6ad4aa9bbca3d4154f9601cd08dd24c220bbc79abd5d6c0db1
tcn,independent_rms,43,bw_n20002_call_covariance_s20,phase2/results/predictions/full/independent_rms/tcn/seed_43/bw_n20002_call_covariance_s20.npz,76340,d4b1201f87e595d488ed4cfa409fd9773a51f5be49354813834f22faecf81817
tcn,independent_rms,43,bw_n20002_call_covariance_s10,phase2/results/predictions/full/independent_rms/tcn/seed_43/bw_n20002_call_covariance_s10.npz,76308,6c461dc41cd46d00fc58a2e498f023894c6e470a4d97291d03225f0e3a43becb
tcn,independent_rms,43,bw_n20002_call_covariance_s0,phase2/results/predictions/full/independent_rms/tcn/seed_43/bw_n20002_call_covariance_s0.npz,76063,fe39c12ea53f6df7ad962f1f2e1a306f97e935cc426f568c337b14f2840cfd3b
tcn,independent_rms,43,bw_n20003_call_independent_rms_s20,phase2/results/predictions/full/independent_rms/tcn/seed_43/bw_n20003_call_independent_rms_s20.npz,76372,257322cfdcddd57d7c2967664990f80281cbedd93e98407c9106940462658c1e
tcn,independent_rms,43,bw_n20003_call_independent_rms_s10,phase2/results/predictions/full/independent_rms/tcn/seed_43/bw_n20003_call_independent_rms_s10.npz,76350,55f221ef71646d84ad9b3230fbf5d4bb8c9d94d21d82ddaa1afaaad4d882339d
tcn,independent_rms,43,bw_n20003_call_independent_rms_s0,phase2/results/predictions/full/independent_rms/tcn/seed_43/bw_n20003_call_independent_rms_s0.npz,76101,04b21150592ac0f04125dd967a217ee9ea48e00a5fbed185f6591124bbbdda57
tcn,independent_rms,43,bw_n20003_call_electrode_s20,phase2/results/predictions/full/independent_rms/tcn/seed_43/bw_n20003_call_electrode_s20.npz,76357,d1a7a111c40d382c2a106ee0c5bbc9d49b5e6679da6d8c04acd77b0e413f5ec2
tcn,independent_rms,43,bw_n20003_call_electrode_s10,phase2/results/predictions/full/independent_rms/tcn/seed_43/bw_n20003_call_electrode_s10.npz,76327,a0a3a1dc6b373b6bb5aacdb69682114372a37d7101e12bdef02ef13dd87a4775
tcn,independent_rms,43,bw_n20003_call_electrode_s0,phase2/results/predictions/full/independent_rms/tcn/seed_43/bw_n20003_call_electrode_s0.npz,76082,e778e85e8cc61141eaba8e7e6aac57dfba129702714737bcc3594bec4cada47f
tcn,independent_rms,43,bw_n20003_call_covariance_s20,phase2/results/predictions/full/independent_rms/tcn/seed_43/bw_n20003_call_covariance_s20.npz,76356,80a5d2324fe67d2611d079595d2863080f5ada221b0e3474e49012068721ea80
tcn,independent_rms,43,bw_n20003_call_covariance_s10,phase2/results/predictions/full/independent_rms/tcn/seed_43/bw_n20003_call_covariance_s10.npz,76306,d3f1a4be003e8fc736cc1f967120bd906bb229750bc41816119ac1b8b474ba13
tcn,independent_rms,43,bw_n20003_call_covariance_s0,phase2/results/predictions/full/independent_rms/tcn/seed_43/bw_n20003_call_covariance_s0.npz,76064,50ab8276983163ffa1d772839588c91f25448489eea16d98f1dc28a8d35d29a5
tcn,independent_rms,43,bw_n20004_call_independent_rms_s20,phase2/results/predictions/full/independent_rms/tcn/seed_43/bw_n20004_call_independent_rms_s20.npz,76351,1208f963028a51af6db1c114d95b05f851dda5e00ccd9ff6e225d4068e1957cf
tcn,independent_rms,43,bw_n20004_call_independent_rms_s10,phase2/results/predictions/full/independent_rms/tcn/seed_43/bw_n20004_call_independent_rms_s10.npz,76362,e5d42d3980c2b98d6827502402fd1da28286a859ccdac113ec0ff280336f9ac3
tcn,independent_rms,43,bw_n20004_call_independent_rms_s0,phase2/results/predictions/full/independent_rms/tcn/seed_43/bw_n20004_call_independent_rms_s0.npz,76120,b2b8b8de8646f37b06b9e97f66413a08ae8b5f4bfdba99de045c6fb3d1f61cd7
tcn,independent_rms,43,bw_n20004_call_electrode_s20,phase2/results/predictions/full/independent_rms/tcn/seed_43/bw_n20004_call_electrode_s20.npz,76364,225282036268e429848eb411fc36e787c69855f29e73934469447d1c59e793a3
tcn,independent_rms,43,bw_n20004_call_electrode_s10,phase2/results/predictions/full/independent_rms/tcn/seed_43/bw_n20004_call_electrode_s10.npz,76313,7b2cc225499b1013945ac5eeed9e29097136670c6c45f6fa6448cd4a7d212073
tcn,independent_rms,43,bw_n20004_call_electrode_s0,phase2/results/predictions/full/independent_rms/tcn/seed_43/bw_n20004_call_electrode_s0.npz,76058,62129a162ed708f841176711055bf4ddba110c9a6e7d153b304ba6e90ea6fd5f
tcn,independent_rms,43,bw_n20004_call_covariance_s20,phase2/results/predictions/full/independent_rms/tcn/seed_43/bw_n20004_call_covariance_s20.npz,76345,9b5cd8a4a90a0018c6f97d185556042545a94b2b9dd4bbee68e910b4450cc875
tcn,independent_rms,43,bw_n20004_call_covariance_s10,phase2/results/predictions/full/independent_rms/tcn/seed_43/bw_n20004_call_covariance_s10.npz,76306,a95f2c1e163fd3ad46c40b0f6f8fdcda09a6eeadd0581d1affaee12bebaf641e
tcn,independent_rms,43,bw_n20004_call_covariance_s0,phase2/results/predictions/full/independent_rms/tcn/seed_43/bw_n20004_call_covariance_s0.npz,76078,bc252820fae9968606045a0d08202e1e29af79f870f2edafbefe559dea43a2b2
tcn,independent_rms,43,bw_n20005_call_independent_rms_s20,phase2/results/predictions/full/independent_rms/tcn/seed_43/bw_n20005_call_independent_rms_s20.npz,76357,85258064432da0f1527f2643b8d261c31e55ee32dfd3f9aaf66b1d21643108d2
tcn,independent_rms,43,bw_n20005_call_independent_rms_s10,phase2/results/predictions/full/independent_rms/tcn/seed_43/bw_n20005_call_independent_rms_s10.npz,76360,ee4735985407411d500b7dcb32703f8dc59121f7d020eb852e5daa6ecf372e02
tcn,independent_rms,43,bw_n20005_call_independent_rms_s0,phase2/results/predictions/full/independent_rms/tcn/seed_43/bw_n20005_call_independent_rms_s0.npz,76144,d2a4a55b0bc7261ce59429e386a3f09d0eda62d92df65c26a5b87db277af7c18
tcn,independent_rms,43,bw_n20005_call_electrode_s20,phase2/results/predictions/full/independent_rms/tcn/seed_43/bw_n20005_call_electrode_s20.npz,76307,38be81ee19ffceb66d1d59e3a2364df37b28d6800ba1e306ee730d4d1edc657a
tcn,independent_rms,43,bw_n20005_call_electrode_s10,phase2/results/predictions/full/independent_rms/tcn/seed_43/bw_n20005_call_electrode_s10.npz,76299,87b333f9c1c3499c2fad1b5754f154f329f72e97ff253669d56297c98e0b7b10
tcn,independent_rms,43,bw_n20005_call_electrode_s0,phase2/results/predictions/full/independent_rms/tcn/seed_43/bw_n20005_call_electrode_s0.npz,76085,896272c315fc81d168cf4f8dfa764c6d5d5695996a8e39d5cfc0c77fed438040
tcn,independent_rms,43,bw_n20005_call_covariance_s20,phase2/results/predictions/full/independent_rms/tcn/seed_43/bw_n20005_call_covariance_s20.npz,76362,20940116c96896bbe54a6d77f4fed87ed38c34f04e82d7bc8c352d771bb91568
tcn,independent_rms,43,bw_n20005_call_covariance_s10,phase2/results/predictions/full/independent_rms/tcn/seed_43/bw_n20005_call_covariance_s10.npz,76310,f06b1fd4fd4e71d68dddb0d4f316121974778d93e217c52dbfe4cd5f15169589
tcn,independent_rms,43,bw_n20005_call_covariance_s0,phase2/results/predictions/full/independent_rms/tcn/seed_43/bw_n20005_call_covariance_s0.npz,76042,4f621d4d09b71f5be26b4f75da052880ff3c8cdc0c221ebe6078cd567d27be92
tcn,independent_rms,43,ma_n20001_call_independent_rms_s20,phase2/results/predictions/full/independent_rms/tcn/seed_43/ma_n20001_call_independent_rms_s20.npz,76370,08c0b669197a6e5cdb1b264c178ec921e157b712b9a4a2818639ee68b5f08f10
tcn,independent_rms,43,ma_n20001_call_independent_rms_s10,phase2/results/predictions/full/independent_rms/tcn/seed_43/ma_n20001_call_independent_rms_s10.npz,76329,d4e90b8e6ba95ad19159d20f518d99349d778addab16839168b59343ab777ca8
tcn,independent_rms,43,ma_n20001_call_independent_rms_s0,phase2/results/predictions/full/independent_rms/tcn/seed_43/ma_n20001_call_independent_rms_s0.npz,76063,d88ac92777947c8656d76ab12bdbe2afc5d8e1d042f00e6b88341b1c1d2f10b0
tcn,independent_rms,43,ma_n20001_call_electrode_s20,phase2/results/predictions/full/independent_rms/tcn/seed_43/ma_n20001_call_electrode_s20.npz,76345,6746a5888136a67541bc8df912aa7463cae3ef9fbbf88d9e67d50554c49ecd8d
tcn,independent_rms,43,ma_n20001_call_electrode_s10,phase2/results/predictions/full/independent_rms/tcn/seed_43/ma_n20001_call_electrode_s10.npz,76296,9400ac273761268f25e3b08c522d28cafb83d9e77af51f907f8fb6f0d1ed3f0e
tcn,independent_rms,43,ma_n20001_call_electrode_s0,phase2/results/predictions/full/independent_rms/tcn/seed_43/ma_n20001_call_electrode_s0.npz,75993,02437a6ae280ebf2b8636db32d5c1e2e4a5717cefd755fc78adf5ae4716bb0cb
tcn,independent_rms,43,ma_n20001_call_covariance_s20,phase2/results/predictions/full/independent_rms/tcn/seed_43/ma_n20001_call_covariance_s20.npz,76358,a5e4d33d9021d065832d81374ff54d11cc19669c50f6c944a89b076ca63fe277
tcn,independent_rms,43,ma_n20001_call_covariance_s10,phase2/results/predictions/full/independent_rms/tcn/seed_43/ma_n20001_call_covariance_s10.npz,76296,72b50a904113cd6afad769b9426e3dfab101e369b10b8fb13e6bb8d3382de31e
tcn,independent_rms,43,ma_n20001_call_covariance_s0,phase2/results/predictions/full/independent_rms/tcn/seed_43/ma_n20001_call_covariance_s0.npz,75996,4a42a4cfc7859ddbe5536408d0846396167b286cd74d26922e3178ec9e0f2c2f
tcn,independent_rms,43,ma_n20002_call_independent_rms_s20,phase2/results/predictions/full/independent_rms/tcn/seed_43/ma_n20002_call_independent_rms_s20.npz,76349,b8b175a158daad64676e6d5c4daede259134f400851d9d1bd3a0d840388ce5c7
tcn,independent_rms,43,ma_n20002_call_independent_rms_s10,phase2/results/predictions/full/independent_rms/tcn/seed_43/ma_n20002_call_independent_rms_s10.npz,76349,a8092fdccc7c6e0bcf8c4b5dc7d76a164373a10a9730ffba3fc3ced26dd11c42
tcn,independent_rms,43,ma_n20002_call_independent_rms_s0,phase2/results/predictions/full/independent_rms/tcn/seed_43/ma_n20002_call_independent_rms_s0.npz,76106,a1522c2057bd5f248fd589e4dc068ea4db6951cb8f2dcc9790b87f05cc196d77
tcn,independent_rms,43,ma_n20002_call_electrode_s20,phase2/results/predictions/full/independent_rms/tcn/seed_43/ma_n20002_call_electrode_s20.npz,76363,c29a9330e2470c70b499005bcae262e28226f6236aaca59297fab86da6a15baa
tcn,independent_rms,43,ma_n20002_call_electrode_s10,phase2/results/predictions/full/independent_rms/tcn/seed_43/ma_n20002_call_electrode_s10.npz,76305,e8497c737c1db59c81498f82916981bf64801e4452c284197f1ab913543bbd88
tcn,independent_rms,43,ma_n20002_call_electrode_s0,phase2/results/predictions/full/independent_rms/tcn/seed_43/ma_n20002_call_electrode_s0.npz,75967,08d91e978eb2555dfdac61ecd2aac7b1f1145dd08db3547b224d1e756e6ec662
tcn,independent_rms,43,ma_n20002_call_covariance_s20,phase2/results/predictions/full/independent_rms/tcn/seed_43/ma_n20002_call_covariance_s20.npz,76350,9159410c63143430521300f284cfa51300a7236afd75031330c37e4c7d5f72be
tcn,independent_rms,43,ma_n20002_call_covariance_s10,phase2/results/predictions/full/independent_rms/tcn/seed_43/ma_n20002_call_covariance_s10.npz,76316,f514770bb35720ffdffa2ccc393fe2fbc868dda604a8da266a7bb9716977cfff
tcn,independent_rms,43,ma_n20002_call_covariance_s0,phase2/results/predictions/full/independent_rms/tcn/seed_43/ma_n20002_call_covariance_s0.npz,76046,37e18f70595b4e7e3c573e97ae307769519da2560c1cd99ba3c270002a61f7e4
tcn,independent_rms,43,ma_n20003_call_independent_rms_s20,phase2/results/predictions/full/independent_rms/tcn/seed_43/ma_n20003_call_independent_rms_s20.npz,76334,e5c1772324d822da07f6ce1e6d927e7febb5dddd03a3cf6857f4164f6b3a5364
tcn,independent_rms,43,ma_n20003_call_independent_rms_s10,phase2/results/predictions/full/independent_rms/tcn/seed_43/ma_n20003_call_independent_rms_s10.npz,76322,25481004028d56b8dbabfdb4773d34e66c73a24500f7b9ac6223131e40331e38
tcn,independent_rms,43,ma_n20003_call_independent_rms_s0,phase2/results/predictions/full/independent_rms/tcn/seed_43/ma_n20003_call_independent_rms_s0.npz,76068,6254f102728052dd22b39917392722feb8a46487ffad3872a56db7c9ced7e9a0
tcn,independent_rms,43,ma_n20003_call_electrode_s20,phase2/results/predictions/full/independent_rms/tcn/seed_43/ma_n20003_call_electrode_s20.npz,76350,9f3d8734abc2e1897dae94b8f3a48748f633e5e43bd0baecbd03b55a8bcbe2b0
tcn,independent_rms,43,ma_n20003_call_electrode_s10,phase2/results/predictions/full/independent_rms/tcn/seed_43/ma_n20003_call_electrode_s10.npz,76315,f833c3590b12eef09d1dea5ae584adb175b081d602c43cd8c9d74039ccb490f5
tcn,independent_rms,43,ma_n20003_call_electrode_s0,phase2/results/predictions/full/independent_rms/tcn/seed_43/ma_n20003_call_electrode_s0.npz,76014,9bfeec47580eb2ad4193fd7e191bbbe1415420de6e338258253e18df71006e75
tcn,independent_rms,43,ma_n20003_call_covariance_s20,phase2/results/predictions/full/independent_rms/tcn/seed_43/ma_n20003_call_covariance_s20.npz,76346,04f7893e13fc7ccef955583cdaa879a47aece0b75d0b51391c839828e2048a81
tcn,independent_rms,43,ma_n20003_call_covariance_s10,phase2/results/predictions/full/independent_rms/tcn/seed_43/ma_n20003_call_covariance_s10.npz,76300,d9fbe3be0274348fa825b33b3fb9a42901d5673f83ebb7e966d737d296e03c5c
tcn,independent_rms,43,ma_n20003_call_covariance_s0,phase2/results/predictions/full/independent_rms/tcn/seed_43/ma_n20003_call_covariance_s0.npz,76043,bb0b9dc1e31a6211436ff120e2438c8f271d2682d785fac2ffc46d15086cd1e3
tcn,independent_rms,43,ma_n20004_call_independent_rms_s20,phase2/results/predictions/full/independent_rms/tcn/seed_43/ma_n20004_call_independent_rms_s20.npz,76328,c8f0b630fef493988094b05010faac58e723a9c83eb2eabfd2fe3a50930ced6a
tcn,independent_rms,43,ma_n20004_call_independent_rms_s10,phase2/results/predictions/full/independent_rms/tcn/seed_43/ma_n20004_call_independent_rms_s10.npz,76312,5176595c38ea661e75d587000b41ef18157e07d16ca5450ce9620cc7ecc60ccd
tcn,independent_rms,43,ma_n20004_call_independent_rms_s0,phase2/results/predictions/full/independent_rms/tcn/seed_43/ma_n20004_call_independent_rms_s0.npz,76066,6a6144b989a4803dd0382262e6c40093ef2f98e2d4b28a60b6092a798313c2ca
tcn,independent_rms,43,ma_n20004_call_electrode_s20,phase2/results/predictions/full/independent_rms/tcn/seed_43/ma_n20004_call_electrode_s20.npz,76379,cfe59ef3be8bec005ef7005b115baf11bfef963b846aab53d8b4d2fad9c4b97d
tcn,independent_rms,43,ma_n20004_call_electrode_s10,phase2/results/predictions/full/independent_rms/tcn/seed_43/ma_n20004_call_electrode_s10.npz,76296,0a4c98fea21a5e4cfb9353f7a1a36447b1db2d6ef841e61065bbdbbd949da2df
tcn,independent_rms,43,ma_n20004_call_electrode_s0,phase2/results/predictions/full/independent_rms/tcn/seed_43/ma_n20004_call_electrode_s0.npz,75987,d8367de4ae6c2ee4921a755624390ab62e7891ecfe3cb5c90952c3926d174a4f
tcn,independent_rms,43,ma_n20004_call_covariance_s20,phase2/results/predictions/full/independent_rms/tcn/seed_43/ma_n20004_call_covariance_s20.npz,76365,c673a077d679570b44210b56ea703ade0083df85165968c5c78296b5700317ff
tcn,independent_rms,43,ma_n20004_call_covariance_s10,phase2/results/predictions/full/independent_rms/tcn/seed_43/ma_n20004_call_covariance_s10.npz,76302,21d38208d199252b1acde1290d9169ea7405ed5c8bca6fc4b2b0bcaf4596888c
tcn,independent_rms,43,ma_n20004_call_covariance_s0,phase2/results/predictions/full/independent_rms/tcn/seed_43/ma_n20004_call_covariance_s0.npz,76021,704a9eff1d856bf21f9be7a8c622da4d2a54b7bc1629006b8a66cc7d2cdfa34c
tcn,independent_rms,43,ma_n20005_call_independent_rms_s20,phase2/results/predictions/full/independent_rms/tcn/seed_43/ma_n20005_call_independent_rms_s20.npz,76365,05379477b7891c924e13c95df45361bd47540a4aa1662185e27c880584fc438b
tcn,independent_rms,43,ma_n20005_call_independent_rms_s10,phase2/results/predictions/full/independent_rms/tcn/seed_43/ma_n20005_call_independent_rms_s10.npz,76336,19657a307c2d00a4e8b313bb43253d901377c2604394849fcc9ceb8a75955b38
tcn,independent_rms,43,ma_n20005_call_independent_rms_s0,phase2/results/predictions/full/independent_rms/tcn/seed_43/ma_n20005_call_independent_rms_s0.npz,76065,e9750b9f9abb0e7891d5b643c951ad11f30ce6bc07ba213717d34a252050626f
tcn,independent_rms,43,ma_n20005_call_electrode_s20,phase2/results/predictions/full/independent_rms/tcn/seed_43/ma_n20005_call_electrode_s20.npz,76346,558cf4d8b6d8a5ca2ceaf33366554dca286d45d2e3fbb5cc0a1b9d806379ab31
tcn,independent_rms,43,ma_n20005_call_electrode_s10,phase2/results/predictions/full/independent_rms/tcn/seed_43/ma_n20005_call_electrode_s10.npz,76329,71337bbca24f5e3ce02abba3029b378f08b9a6e27bd140682058896dde542998
tcn,independent_rms,43,ma_n20005_call_electrode_s0,phase2/results/predictions/full/independent_rms/tcn/seed_43/ma_n20005_call_electrode_s0.npz,75979,d0149aa8d0d3e64baa227ca5531e5da5ca0b18156ba6ec2f6f9b2d11a430c20c
tcn,independent_rms,43,ma_n20005_call_covariance_s20,phase2/results/predictions/full/independent_rms/tcn/seed_43/ma_n20005_call_covariance_s20.npz,76324,ef3c4143b17124d70b1fcd775e138cc4b9c06a7955a085659e25d162bd071104
tcn,independent_rms,43,ma_n20005_call_covariance_s10,phase2/results/predictions/full/independent_rms/tcn/seed_43/ma_n20005_call_covariance_s10.npz,76313,ccc162be3beb3df9254e37bf3e3614f11290af4be340c4f1b449a225012c786a
tcn,independent_rms,43,ma_n20005_call_covariance_s0,phase2/results/predictions/full/independent_rms/tcn/seed_43/ma_n20005_call_covariance_s0.npz,76009,2b7b0f9aea61ad8f8e8b0ef1ffab6e47ddb072bd7587ceda47b58fd8e11ca50f
tcn,independent_rms,43,em_n20001_call_independent_rms_s20,phase2/results/predictions/full/independent_rms/tcn/seed_43/em_n20001_call_independent_rms_s20.npz,76367,8dd72091a238229bc10324fd4188ffdd764225c2ebd9a012eabf8d1535079669
tcn,independent_rms,43,em_n20001_call_independent_rms_s10,phase2/results/predictions/full/independent_rms/tcn/seed_43/em_n20001_call_independent_rms_s10.npz,76329,6937ce2d5a35c25e2dbc978f3fbef848dad22cd1ddd8fd074d042272e87596c7
tcn,independent_rms,43,em_n20001_call_independent_rms_s0,phase2/results/predictions/full/independent_rms/tcn/seed_43/em_n20001_call_independent_rms_s0.npz,75964,fa517f2fb17cd153944842d839be42c8004f4d9b090d9b8dcfeca5da75caca98
tcn,independent_rms,43,em_n20001_call_electrode_s20,phase2/results/predictions/full/independent_rms/tcn/seed_43/em_n20001_call_electrode_s20.npz,76371,fc3cc91dd389f9b6aaa9c358355be3db60fb65a28a08a8a62fed06a66edef539
tcn,independent_rms,43,em_n20001_call_electrode_s10,phase2/results/predictions/full/independent_rms/tcn/seed_43/em_n20001_call_electrode_s10.npz,76280,b423d082cc2c98711d60870457de9248a1892cb12945cf3d9ddde39b0ddfe889
tcn,independent_rms,43,em_n20001_call_electrode_s0,phase2/results/predictions/full/independent_rms/tcn/seed_43/em_n20001_call_electrode_s0.npz,75805,dd53b73313b6634830010f4d47f1a0522fb9412ae3fdf5787b38e1902411425c
tcn,independent_rms,43,em_n20001_call_covariance_s20,phase2/results/predictions/full/independent_rms/tcn/seed_43/em_n20001_call_covariance_s20.npz,76347,7944c7bb3875249dc44b64e98b4153e46321ac54f59d31f6935282dfa9adfa36
tcn,independent_rms,43,em_n20001_call_covariance_s10,phase2/results/predictions/full/independent_rms/tcn/seed_43/em_n20001_call_covariance_s10.npz,76244,07bdf11aef25818cebf2089c7c1441c9d2ff493b5cd8bc428b455ff510b1d71b
tcn,independent_rms,43,em_n20001_call_covariance_s0,phase2/results/predictions/full/independent_rms/tcn/seed_43/em_n20001_call_covariance_s0.npz,75791,fd4e53922a3ed55b99e30fec820f9945ecf5dfb2c7e547a4b0975f4ad2431f00
tcn,independent_rms,43,em_n20002_call_independent_rms_s20,phase2/results/predictions/full/independent_rms/tcn/seed_43/em_n20002_call_independent_rms_s20.npz,76374,6a350119fc7edad1aacd0919f0ea49e47e3c3cf1d764c827a597e703450aabe4
tcn,independent_rms,43,em_n20002_call_independent_rms_s10,phase2/results/predictions/full/independent_rms/tcn/seed_43/em_n20002_call_independent_rms_s10.npz,76346,426c2f43371763071b0961f0f537dcec1fe43d13c918d9731911bc17b81f6d7f
tcn,independent_rms,43,em_n20002_call_independent_rms_s0,phase2/results/predictions/full/independent_rms/tcn/seed_43/em_n20002_call_independent_rms_s0.npz,76007,a3d70069e898281aac073cdcc4fb490cbf7e3961abeccf4271988af9ef54420a
tcn,independent_rms,43,em_n20002_call_electrode_s20,phase2/results/predictions/full/independent_rms/tcn/seed_43/em_n20002_call_electrode_s20.npz,76339,78c4fe03d7225b5a17eed8b996cf2a5f69ac7550c3bf6b5b2390abe85770d44d
tcn,independent_rms,43,em_n20002_call_electrode_s10,phase2/results/predictions/full/independent_rms/tcn/seed_43/em_n20002_call_electrode_s10.npz,76254,ce55c612ba21c1ff883de4d7f65caa97b888564a176762ae5c5f0be5a24c08c0
tcn,independent_rms,43,em_n20002_call_electrode_s0,phase2/results/predictions/full/independent_rms/tcn/seed_43/em_n20002_call_electrode_s0.npz,75781,aade45ed586716bebfdd5a460b732429437e05e7ee8668452311169aaca8f8b8
tcn,independent_rms,43,em_n20002_call_covariance_s20,phase2/results/predictions/full/independent_rms/tcn/seed_43/em_n20002_call_covariance_s20.npz,76355,ae3695f4a2d0324614b0df86c365fc180cbf077f82c7768178832aebc2e548dc
tcn,independent_rms,43,em_n20002_call_covariance_s10,phase2/results/predictions/full/independent_rms/tcn/seed_43/em_n20002_call_covariance_s10.npz,76246,6ab286bfa623bab0c63d4357047dfa1f1d2238e95904b7fc17b2b50796676acd
tcn,independent_rms,43,em_n20002_call_covariance_s0,phase2/results/predictions/full/independent_rms/tcn/seed_43/em_n20002_call_covariance_s0.npz,75788,0f0b4d930cd7f63300b26d1ec1465f77151b5be293a67ab3a4fe2c2f63a79faf
tcn,independent_rms,43,em_n20003_call_independent_rms_s20,phase2/results/predictions/full/independent_rms/tcn/seed_43/em_n20003_call_independent_rms_s20.npz,76368,4fb9668c946f9da3cb535a712ce4c1abd5c500334fbd3ca89a7fe687ce33792e
tcn,independent_rms,43,em_n20003_call_independent_rms_s10,phase2/results/predictions/full/independent_rms/tcn/seed_43/em_n20003_call_independent_rms_s10.npz,76335,47af1072a903104ec4bdb40264af27bd881995d4bdf8b6900d49cdbd298f1b29
tcn,independent_rms,43,em_n20003_call_independent_rms_s0,phase2/results/predictions/full/independent_rms/tcn/seed_43/em_n20003_call_independent_rms_s0.npz,76027,a7111a6b306346304e5e39c939852446f95e47ab2524f9ac15a2af7a9ba09a00
tcn,independent_rms,43,em_n20003_call_electrode_s20,phase2/results/predictions/full/independent_rms/tcn/seed_43/em_n20003_call_electrode_s20.npz,76353,fd7e64dc70a76103bf8f7f2a2cb3156c305f43148bd6f6976775d4511d3ece90
tcn,independent_rms,43,em_n20003_call_electrode_s10,phase2/results/predictions/full/independent_rms/tcn/seed_43/em_n20003_call_electrode_s10.npz,76257,7d5419f3c9b7067a2ae1e87f3946416281cf5f3f53f56b6f614061740cc5b1c7
tcn,independent_rms,43,em_n20003_call_electrode_s0,phase2/results/predictions/full/independent_rms/tcn/seed_43/em_n20003_call_electrode_s0.npz,75797,28c84b361f91bed363fcee708c2daa07dee8bcce3413252545d1c38b5d20b732
tcn,independent_rms,43,em_n20003_call_covariance_s20,phase2/results/predictions/full/independent_rms/tcn/seed_43/em_n20003_call_covariance_s20.npz,76352,f84a1d6e2f662504a64d41d1aefc1d598fc01dd8763c082029a8f184cff33ae2
tcn,independent_rms,43,em_n20003_call_covariance_s10,phase2/results/predictions/full/independent_rms/tcn/seed_43/em_n20003_call_covariance_s10.npz,76281,1f5d0ad8dea1715ff6e366474016ca0218d637a76d5f8454c7aa8c80c12d29e4
tcn,independent_rms,43,em_n20003_call_covariance_s0,phase2/results/predictions/full/independent_rms/tcn/seed_43/em_n20003_call_covariance_s0.npz,75817,8d472e86c7588b46ab895eea0ecba904d9b1dcbc2221b927847789e8fb439942
tcn,independent_rms,43,em_n20004_call_independent_rms_s20,phase2/results/predictions/full/independent_rms/tcn/seed_43/em_n20004_call_independent_rms_s20.npz,76393,b963fa776a8dbb8cb09608077dbeab9b034f63ef36c031b6484b7558c0aa9a49
tcn,independent_rms,43,em_n20004_call_independent_rms_s10,phase2/results/predictions/full/independent_rms/tcn/seed_43/em_n20004_call_independent_rms_s10.npz,76350,75a83e62a90375c36f09a790015183c84641b27c330adcfd4c8d697b13dd7cc2
tcn,independent_rms,43,em_n20004_call_independent_rms_s0,phase2/results/predictions/full/independent_rms/tcn/seed_43/em_n20004_call_independent_rms_s0.npz,76019,fe5e4e246d79b16d873e14915e2fc9d62ef37b566a9d8ad71e4e42143b3f54ef
tcn,independent_rms,43,em_n20004_call_electrode_s20,phase2/results/predictions/full/independent_rms/tcn/seed_43/em_n20004_call_electrode_s20.npz,76349,32ad2acdca5fde43df140f3054361ffdcbfe49d012d3220e4454cda8060d6fab
tcn,independent_rms,43,em_n20004_call_electrode_s10,phase2/results/predictions/full/independent_rms/tcn/seed_43/em_n20004_call_electrode_s10.npz,76283,a0aa10195db41dbdcfafddbdbe402a94d15ac6e33e1a02b026a50180dbb26016
tcn,independent_rms,43,em_n20004_call_electrode_s0,phase2/results/predictions/full/independent_rms/tcn/seed_43/em_n20004_call_electrode_s0.npz,75814,34d4fc72bd54de3f11f5ea412bcf21116b89512c41b3e71abe4780422b3f9d6e
tcn,independent_rms,43,em_n20004_call_covariance_s20,phase2/results/predictions/full/independent_rms/tcn/seed_43/em_n20004_call_covariance_s20.npz,76353,960c09b3287596e1066e021cf4da41db1f75de8d1cf9f692e42643f23b4573cb
tcn,independent_rms,43,em_n20004_call_covariance_s10,phase2/results/predictions/full/independent_rms/tcn/seed_43/em_n20004_call_covariance_s10.npz,76247,004a1e7c1dc64d5542e1774fe69fd39e720201615eaef04675f69500b2a1436b
tcn,independent_rms,43,em_n20004_call_covariance_s0,phase2/results/predictions/full/independent_rms/tcn/seed_43/em_n20004_call_covariance_s0.npz,75780,25dfdd04a3b81d0a5406eb91ac94594e3f3dbf3871155fbd8ca53cfd867802f6
tcn,independent_rms,43,em_n20005_call_independent_rms_s20,phase2/results/predictions/full/independent_rms/tcn/seed_43/em_n20005_call_independent_rms_s20.npz,76350,835b6148452a392895622234d588e75497391cb2217a742d30921a555b7b51ce
tcn,independent_rms,43,em_n20005_call_independent_rms_s10,phase2/results/predictions/full/independent_rms/tcn/seed_43/em_n20005_call_independent_rms_s10.npz,76353,5b2d5c4ef067828c3bbd0d76c45ed76cc406797abd61147eb7ff85f36e886acb
tcn,independent_rms,43,em_n20005_call_independent_rms_s0,phase2/results/predictions/full/independent_rms/tcn/seed_43/em_n20005_call_independent_rms_s0.npz,75971,c607d09f8929c936e5b747e04a38fb17e7de263749917d50e12abed60bfccef2
tcn,independent_rms,43,em_n20005_call_electrode_s20,phase2/results/predictions/full/independent_rms/tcn/seed_43/em_n20005_call_electrode_s20.npz,76347,edac3c8560d2b9d798a3a63ee773a958ec248b9afabe6cde00c471e6263455e3
tcn,independent_rms,43,em_n20005_call_electrode_s10,phase2/results/predictions/full/independent_rms/tcn/seed_43/em_n20005_call_electrode_s10.npz,76254,f00c7633332c8a47b956b13eb1834d6f0c358495a5a03cb5bd8309c0a3dd38f2
tcn,independent_rms,43,em_n20005_call_electrode_s0,phase2/results/predictions/full/independent_rms/tcn/seed_43/em_n20005_call_electrode_s0.npz,75789,c9e39c3238ccbd690ecac5d950dad93c595d8a1a54f7e5a3605548464268ee22
tcn,independent_rms,43,em_n20005_call_covariance_s20,phase2/results/predictions/full/independent_rms/tcn/seed_43/em_n20005_call_covariance_s20.npz,76358,ee584fe55c52ca607e4125461521438b66c919a92349922bea561917007dfd0f
tcn,independent_rms,43,em_n20005_call_covariance_s10,phase2/results/predictions/full/independent_rms/tcn/seed_43/em_n20005_call_covariance_s10.npz,76252,d0cf542a5235cb041c2c75a3e40ac0658a4afe6a121fb638d4a39ebbb583aa3d
tcn,independent_rms,43,em_n20005_call_covariance_s0,phase2/results/predictions/full/independent_rms/tcn/seed_43/em_n20005_call_covariance_s0.npz,75810,03ee2edb68e8f0a2e00d4eeaca259d99f55fad73d5594610ff947a3cfd8ff23a
tcn,electrode,43,clean,phase2/results/predictions/full/electrode/tcn/seed_43/clean.npz,76321,2b0d57208ce0f2cd46f2b2714b892c321ab3d338e70794de35187e13178749e0
tcn,electrode,43,bandpass_n20001_cRA_LA_LL_independent_rms_s20,phase2/results/predictions/full/electrode/tcn/seed_43/bandpass_n20001_cRA_LA_LL_independent_rms_s20.npz,76418,e1ff8fdce52b2c83ae1e4959269a559f697b799de97beb2d607fe63e31204460
tcn,electrode,43,bandpass_n20001_cRA_LA_LL_independent_rms_s15,phase2/results/predictions/full/electrode/tcn/seed_43/bandpass_n20001_cRA_LA_LL_independent_rms_s15.npz,76404,d7ac054a72118939d585da693d4b480d4f6a18a254d456db749cde10a895c699
tcn,electrode,43,bandpass_n20001_cRA_LA_LL_independent_rms_s10,phase2/results/predictions/full/electrode/tcn/seed_43/bandpass_n20001_cRA_LA_LL_independent_rms_s10.npz,76340,da50130a640c66d50945871162c049ba41b928e9171737e6e585176f63fa88e2
tcn,electrode,43,bandpass_n20001_cRA_LA_LL_independent_rms_s5,phase2/results/predictions/full/electrode/tcn/seed_43/bandpass_n20001_cRA_LA_LL_independent_rms_s5.npz,76270,f7180c9fdb5ecf6194fb002d8b84c76e1282988fff8ea836003f3d7c30695005
tcn,electrode,43,bandpass_n20001_cRA_LA_LL_independent_rms_s0,phase2/results/predictions/full/electrode/tcn/seed_43/bandpass_n20001_cRA_LA_LL_independent_rms_s0.npz,75957,e60f8194550b39de2a04aaec372c118e1b327e3fcedb23d92cadb38faaf8e8e8
tcn,electrode,43,bandpass_n20001_cRA_LA_LL_electrode_s20,phase2/results/predictions/full/electrode/tcn/seed_43/bandpass_n20001_cRA_LA_LL_electrode_s20.npz,76388,3fd311a8b85efe42e19a1d9a82a76434dc6bcf955cadc982c335cf26ed20d51a
tcn,electrode,43,bandpass_n20001_cRA_LA_LL_electrode_s15,phase2/results/predictions/full/electrode/tcn/seed_43/bandpass_n20001_cRA_LA_LL_electrode_s15.npz,76385,65b80f6252567cda81899548987211ad4c799ca9961252df02f3a072fc286c82
tcn,electrode,43,bandpass_n20001_cRA_LA_LL_electrode_s10,phase2/results/predictions/full/electrode/tcn/seed_43/bandpass_n20001_cRA_LA_LL_electrode_s10.npz,76292,64823b4c14af94fb3c991ec335c4e7af9858cf8950d7b84b1719d67f580c1b42
tcn,electrode,43,bandpass_n20001_cRA_LA_LL_electrode_s5,phase2/results/predictions/full/electrode/tcn/seed_43/bandpass_n20001_cRA_LA_LL_electrode_s5.npz,76123,227c3e65ee5b15fce7fb64c2a8fd35836e4f91125f6d1298bad8a34e6ab3997e
tcn,electrode,43,bandpass_n20001_cRA_LA_LL_electrode_s0,phase2/results/predictions/full/electrode/tcn/seed_43/bandpass_n20001_cRA_LA_LL_electrode_s0.npz,75651,d47d0d7cabc67ea613033df8093cf4adeabc6e49666946d78537d136796542af
tcn,electrode,43,bandpass_n20001_cRA_LA_LL_covariance_s20,phase2/results/predictions/full/electrode/tcn/seed_43/bandpass_n20001_cRA_LA_LL_covariance_s20.npz,76402,e793fdcda8dac274c78a4f9d7a6da069349cd3d7280afd84d5f7219720737184
tcn,electrode,43,bandpass_n20001_cRA_LA_LL_covariance_s15,phase2/results/predictions/full/electrode/tcn/seed_43/bandpass_n20001_cRA_LA_LL_covariance_s15.npz,76337,b186f1b1eef0ccdc6c5623c460aef72ac9474f8ee8309315b7b0497c72f9e182
tcn,electrode,43,bandpass_n20001_cRA_LA_LL_covariance_s10,phase2/results/predictions/full/electrode/tcn/seed_43/bandpass_n20001_cRA_LA_LL_covariance_s10.npz,76278,c81710b7184fd1c99d73b7799643397b7548936fefaef1e2aa1d444e1e4d0f5a
tcn,electrode,43,bandpass_n20001_cRA_LA_LL_covariance_s5,phase2/results/predictions/full/electrode/tcn/seed_43/bandpass_n20001_cRA_LA_LL_covariance_s5.npz,76111,50a8c394b8e28063cc2198d4a466260e582dedae9380b83e4083fc39e914211d
tcn,electrode,43,bandpass_n20001_cRA_LA_LL_covariance_s0,phase2/results/predictions/full/electrode/tcn/seed_43/bandpass_n20001_cRA_LA_LL_covariance_s0.npz,75669,e1d0cf4ccec77db923c24d370ba98e546fc50f03d86b723379cd81912e24bd80
tcn,electrode,43,bandpass_n20001_cV1_independent_rms_s20,phase2/results/predictions/full/electrode/tcn/seed_43/bandpass_n20001_cV1_independent_rms_s20.npz,76361,4c0fb0e0eaed805d702ef5ca74fd5d33c46e306627d1b370517f8142b9c408ed
tcn,electrode,43,bandpass_n20001_cV1_independent_rms_s15,phase2/results/predictions/full/electrode/tcn/seed_43/bandpass_n20001_cV1_independent_rms_s15.npz,76357,ebfb72ee75156ce35187e9c5e7e41e7c061ff732f3f1a5eba3ed8a9ef7739e16
tcn,electrode,43,bandpass_n20001_cV1_independent_rms_s10,phase2/results/predictions/full/electrode/tcn/seed_43/bandpass_n20001_cV1_independent_rms_s10.npz,76317,08e38326b2bf194ae43281460dc2e5fba0d89502189a89b88255e7f433f15163
tcn,electrode,43,bandpass_n20001_cV1_independent_rms_s5,phase2/results/predictions/full/electrode/tcn/seed_43/bandpass_n20001_cV1_independent_rms_s5.npz,76204,004842b96d8088a60634bc3e9d7c9cbff7a0cfd292e3cdab52038824996acb46
tcn,electrode,43,bandpass_n20001_cV1_independent_rms_s0,phase2/results/predictions/full/electrode/tcn/seed_43/bandpass_n20001_cV1_independent_rms_s0.npz,75917,8e830d9bc7510ca0e06c211b18ce1d5bb7a74c881f2e98372e726552defafd35
tcn,electrode,43,bandpass_n20001_cV1_electrode_s20,phase2/results/predictions/full/electrode/tcn/seed_43/bandpass_n20001_cV1_electrode_s20.npz,76362,59550407a4cc645f987b1d7c3679c7aad7970fa68edf16206d0f8f2353d41ace
tcn,electrode,43,bandpass_n20001_cV1_electrode_s15,phase2/results/predictions/full/electrode/tcn/seed_43/bandpass_n20001_cV1_electrode_s15.npz,76375,e660f8258cea9b8e54e4563285b10b44b8c2b5f4ac3b526c5dd4e4aa880880ce
tcn,electrode,43,bandpass_n20001_cV1_electrode_s10,phase2/results/predictions/full/electrode/tcn/seed_43/bandpass_n20001_cV1_electrode_s10.npz,76271,638d89f0491be98b577df2f25afc78e42f405bc0c5f76aad6e0acc3adad5eaa2
tcn,electrode,43,bandpass_n20001_cV1_electrode_s5,phase2/results/predictions/full/electrode/tcn/seed_43/bandpass_n20001_cV1_electrode_s5.npz,76187,8e082429ef60f3e8967544a7571a3a7af51cbdeed9bde16cb1c693c90220824b
tcn,electrode,43,bandpass_n20001_cV1_electrode_s0,phase2/results/predictions/full/electrode/tcn/seed_43/bandpass_n20001_cV1_electrode_s0.npz,75923,1ac4928ef7019a14c43f624228db6e0a49dd8acb4f4870163262ba33f432d183
tcn,electrode,43,bandpass_n20001_cV1_covariance_s20,phase2/results/predictions/full/electrode/tcn/seed_43/bandpass_n20001_cV1_covariance_s20.npz,76365,daf526a873b4c99cc452eac362d367c94e5c443ac87171babec5839384045f71
tcn,electrode,43,bandpass_n20001_cV1_covariance_s15,phase2/results/predictions/full/electrode/tcn/seed_43/bandpass_n20001_cV1_covariance_s15.npz,76354,7087f6d9e02693e12e64bd2eb49961862982539771c31e267d132c893cb253d1
tcn,electrode,43,bandpass_n20001_cV1_covariance_s10,phase2/results/predictions/full/electrode/tcn/seed_43/bandpass_n20001_cV1_covariance_s10.npz,76285,440a620f3322baadf5515a8809eee210ab55692d3a7482208b05ca2875d74f8c
tcn,electrode,43,bandpass_n20001_cV1_covariance_s5,phase2/results/predictions/full/electrode/tcn/seed_43/bandpass_n20001_cV1_covariance_s5.npz,76165,1c3ed180d512aeef97c055c8c2d24067cf2a8ec08fab94b5572e51c621569e63
tcn,electrode,43,bandpass_n20001_cV1_covariance_s0,phase2/results/predictions/full/electrode/tcn/seed_43/bandpass_n20001_cV1_covariance_s0.npz,75901,6023fc2d8d05b095ab6d79d2cd22095bb9a72be2dcb00cf28fa2bb9e0f8c8850
tcn,electrode,43,bandpass_n20001_cV2_independent_rms_s20,phase2/results/predictions/full/electrode/tcn/seed_43/bandpass_n20001_cV2_independent_rms_s20.npz,76387,20a4dbf6323678baba470a76d676a9124a95f89e5a0bd89a18517d1727fbfe50
tcn,electrode,43,bandpass_n20001_cV2_independent_rms_s15,phase2/results/predictions/full/electrode/tcn/seed_43/bandpass_n20001_cV2_independent_rms_s15.npz,76389,88d3117a50910669197a108b3901b4aa0b4e839683a645e39eec84b4b82c5ccc
tcn,electrode,43,bandpass_n20001_cV2_independent_rms_s10,phase2/results/predictions/full/electrode/tcn/seed_43/bandpass_n20001_cV2_independent_rms_s10.npz,76329,541dbbf7493b5cd8cf5fc68b620cf159980675cab590b3f9aa0188316bc9ffc6
tcn,electrode,43,bandpass_n20001_cV2_independent_rms_s5,phase2/results/predictions/full/electrode/tcn/seed_43/bandpass_n20001_cV2_independent_rms_s5.npz,76210,4ca9ac8f1b23e726090d61ed74ace8469e390cf7f8543e9c874d3ded9a3c1e97
tcn,electrode,43,bandpass_n20001_cV2_independent_rms_s0,phase2/results/predictions/full/electrode/tcn/seed_43/bandpass_n20001_cV2_independent_rms_s0.npz,75993,737e86b31e29cb425b94abd948925cd0a9c1c1e5b25fec5d8d4986a3e6b897b3
tcn,electrode,43,bandpass_n20001_cV2_electrode_s20,phase2/results/predictions/full/electrode/tcn/seed_43/bandpass_n20001_cV2_electrode_s20.npz,76356,cf967bfa015d94a974559c9da9373434b0cfcf34c124b4844ea5920ec2a90b66
tcn,electrode,43,bandpass_n20001_cV2_electrode_s15,phase2/results/predictions/full/electrode/tcn/seed_43/bandpass_n20001_cV2_electrode_s15.npz,76348,6203d439b274c1604d2fcb2e68c178d6c441f9d70a19ab4f9dc699235cf49513
tcn,electrode,43,bandpass_n20001_cV2_electrode_s10,phase2/results/predictions/full/electrode/tcn/seed_43/bandpass_n20001_cV2_electrode_s10.npz,76290,23194dc79edc2fca370576198ac86d4a803c3ad8e0207c798bf377082faf48bc
tcn,electrode,43,bandpass_n20001_cV2_electrode_s5,phase2/results/predictions/full/electrode/tcn/seed_43/bandpass_n20001_cV2_electrode_s5.npz,76235,4e4ae75b93b56a7b38ea9f430a15eb5abdaa433104f6eb0ecdff5f31fa44f9a1
tcn,electrode,43,bandpass_n20001_cV2_electrode_s0,phase2/results/predictions/full/electrode/tcn/seed_43/bandpass_n20001_cV2_electrode_s0.npz,76016,e70a7f8154625df7575a87909c2645919459b24684d01b2de216f37aef677361
tcn,electrode,43,bandpass_n20001_cV2_covariance_s20,phase2/results/predictions/full/electrode/tcn/seed_43/bandpass_n20001_cV2_covariance_s20.npz,76395,be937d02bce9a815bffd676be93d12f4e65102e51c73f7a339daa6ba3af2d4e8
tcn,electrode,43,bandpass_n20001_cV2_covariance_s15,phase2/results/predictions/full/electrode/tcn/seed_43/bandpass_n20001_cV2_covariance_s15.npz,76367,69283a307b09b2cc1506304b630be134a904525a1e1daffdd4e83269b38fb010
tcn,electrode,43,bandpass_n20001_cV2_covariance_s10,phase2/results/predictions/full/electrode/tcn/seed_43/bandpass_n20001_cV2_covariance_s10.npz,76357,e86e548444ce2f759315d081133e0dc63a82a70bcff35831c92e5c3d70711871
tcn,electrode,43,bandpass_n20001_cV2_covariance_s5,phase2/results/predictions/full/electrode/tcn/seed_43/bandpass_n20001_cV2_covariance_s5.npz,76232,3d2ffd84c1ccd3f91d69d4e5a9beb41d5c7cf99bd35379162949339e5057fba9
tcn,electrode,43,bandpass_n20001_cV2_covariance_s0,phase2/results/predictions/full/electrode/tcn/seed_43/bandpass_n20001_cV2_covariance_s0.npz,75984,c714d42ff969fb8d9e1d8f499fa9fb3beef756f86c4700ba996c0f87a429c730
tcn,electrode,43,bandpass_n20001_cV3_independent_rms_s20,phase2/results/predictions/full/electrode/tcn/seed_43/bandpass_n20001_cV3_independent_rms_s20.npz,76356,10a0a43e8993c01a44b99b90a644840a3b414b57f10680d10e656d8935116365
tcn,electrode,43,bandpass_n20001_cV3_independent_rms_s15,phase2/results/predictions/full/electrode/tcn/seed_43/bandpass_n20001_cV3_independent_rms_s15.npz,76380,b40ce657647b2a35bdbaaf7f96065db18af1ddf3db339e019eb326630a2c6402
tcn,electrode,43,bandpass_n20001_cV3_independent_rms_s10,phase2/results/predictions/full/electrode/tcn/seed_43/bandpass_n20001_cV3_independent_rms_s10.npz,76362,b1bf403d68398358b1a81aadf79259277e65da8f081211ec385ebc47737143f2
tcn,electrode,43,bandpass_n20001_cV3_independent_rms_s5,phase2/results/predictions/full/electrode/tcn/seed_43/bandpass_n20001_cV3_independent_rms_s5.npz,76359,dbc521b1315c36c9b1a70f5fcbfc27080129e13ee80730c8de3c8703b2355030
tcn,electrode,43,bandpass_n20001_cV3_independent_rms_s0,phase2/results/predictions/full/electrode/tcn/seed_43/bandpass_n20001_cV3_independent_rms_s0.npz,76184,1d642b959c37ec9b9365424fb267cd9d72bc6bf3ba74dcb3b02c50436e7de836
tcn,electrode,43,bandpass_n20001_cV3_electrode_s20,phase2/results/predictions/full/electrode/tcn/seed_43/bandpass_n20001_cV3_electrode_s20.npz,76377,11a32ec4631ef94e92abe38fcf1d5816a27d70b83cb99594c50d42a34caee613
tcn,electrode,43,bandpass_n20001_cV3_electrode_s15,phase2/results/predictions/full/electrode/tcn/seed_43/bandpass_n20001_cV3_electrode_s15.npz,76349,94f8101b96fa2a6532dae4f44703f6dc45e367d50dc8dcbf7b3cd19f156cc0af
tcn,electrode,43,bandpass_n20001_cV3_electrode_s10,phase2/results/predictions/full/electrode/tcn/seed_43/bandpass_n20001_cV3_electrode_s10.npz,76345,e1e284f6c710ce91eeff61a365c7d6d6c908dbe8130e71b54da407cb4ebb99aa
tcn,electrode,43,bandpass_n20001_cV3_electrode_s5,phase2/results/predictions/full/electrode/tcn/seed_43/bandpass_n20001_cV3_electrode_s5.npz,76327,88cfa34c8ee8074b2a9cfd7aad0ee76b9b5f515a0f04d54fb9aeab10e8a2d17d
tcn,electrode,43,bandpass_n20001_cV3_electrode_s0,phase2/results/predictions/full/electrode/tcn/seed_43/bandpass_n20001_cV3_electrode_s0.npz,76136,4622852e7bcce61371a4f2c93552c57aa82e84a5f9fce8ae81812fb08a7e13c5
tcn,electrode,43,bandpass_n20001_cV3_covariance_s20,phase2/results/predictions/full/electrode/tcn/seed_43/bandpass_n20001_cV3_covariance_s20.npz,76354,99b3badcd2f974dd8000c7568c487ddfbf0c5850514e262a115812a72c86f785
tcn,electrode,43,bandpass_n20001_cV3_covariance_s15,phase2/results/predictions/full/electrode/tcn/seed_43/bandpass_n20001_cV3_covariance_s15.npz,76352,969149d661b1ef80f1f3c662fcc8241cad96c23244111f0b14f8a3e02e6bcd4b
tcn,electrode,43,bandpass_n20001_cV3_covariance_s10,phase2/results/predictions/full/electrode/tcn/seed_43/bandpass_n20001_cV3_covariance_s10.npz,76372,e3443baa6d9fed98f4525c710f03c69b9f8f4ebd8cc4471d907817725402a961
tcn,electrode,43,bandpass_n20001_cV3_covariance_s5,phase2/results/predictions/full/electrode/tcn/seed_43/bandpass_n20001_cV3_covariance_s5.npz,76327,118083063649dca92e7c04adabb7df4e77fca90781b84c83354e0674ac9d3ac9
tcn,electrode,43,bandpass_n20001_cV3_covariance_s0,phase2/results/predictions/full/electrode/tcn/seed_43/bandpass_n20001_cV3_covariance_s0.npz,76174,83dda82a12e61fef41049abae0434c370d848b188c06064543af43572624d910
tcn,electrode,43,bandpass_n20001_cV4_independent_rms_s20,phase2/results/predictions/full/electrode/tcn/seed_43/bandpass_n20001_cV4_independent_rms_s20.npz,76380,ab3764699af96421e30999e06145ec35285a0eb8b054a6e513ef0f403dc64ffd
tcn,electrode,43,bandpass_n20001_cV4_independent_rms_s15,phase2/results/predictions/full/electrode/tcn/seed_43/bandpass_n20001_cV4_independent_rms_s15.npz,76399,5867b1669d33f418f1d092db0dca41a182cc18ffc9aa8e298b3bc2789766002c
tcn,electrode,43,bandpass_n20001_cV4_independent_rms_s10,phase2/results/predictions/full/electrode/tcn/seed_43/bandpass_n20001_cV4_independent_rms_s10.npz,76322,046b0595b879c4bd0cf81399b2a2b66a55a1147111473391f4f9b292f7167271
tcn,electrode,43,bandpass_n20001_cV4_independent_rms_s5,phase2/results/predictions/full/electrode/tcn/seed_43/bandpass_n20001_cV4_independent_rms_s5.npz,76273,809124565aa80c3c8e47794d9e655460eb857a8f1ad3ddd6a3950520226762b3
tcn,electrode,43,bandpass_n20001_cV4_independent_rms_s0,phase2/results/predictions/full/electrode/tcn/seed_43/bandpass_n20001_cV4_independent_rms_s0.npz,76069,0b19aa2d70bc47d5e7d825be3b552da27ddb5ed783f06f1eece0da2cfa78bd23
tcn,electrode,43,bandpass_n20001_cV4_electrode_s20,phase2/results/predictions/full/electrode/tcn/seed_43/bandpass_n20001_cV4_electrode_s20.npz,76351,d698ad83b514273d76a4b2f0e08620e24632f02306bf505c49ff171cbe7092db
tcn,electrode,43,bandpass_n20001_cV4_electrode_s15,phase2/results/predictions/full/electrode/tcn/seed_43/bandpass_n20001_cV4_electrode_s15.npz,76388,b4c2bea8623b2756ac8f3d043796d7a00a5e7cedd69be3688fd276780f5c5e38
tcn,electrode,43,bandpass_n20001_cV4_electrode_s10,phase2/results/predictions/full/electrode/tcn/seed_43/bandpass_n20001_cV4_electrode_s10.npz,76332,e572e0c075206d29e8e565d1869be57da57b6c88f9d817774ee37e8f0bccef16
tcn,electrode,43,bandpass_n20001_cV4_electrode_s5,phase2/results/predictions/full/electrode/tcn/seed_43/bandpass_n20001_cV4_electrode_s5.npz,76223,fa1b1a28342030e9c01f8c31e6bf4a1ed9c18faf1ee0795129ab14a45dee9cdb
tcn,electrode,43,bandpass_n20001_cV4_electrode_s0,phase2/results/predictions/full/electrode/tcn/seed_43/bandpass_n20001_cV4_electrode_s0.npz,76089,f0a6bb8c5c4a97b3bf43c03b64e4fa7060dbed3f0a26c1d9c26b5df372b5decb
tcn,electrode,43,bandpass_n20001_cV4_covariance_s20,phase2/results/predictions/full/electrode/tcn/seed_43/bandpass_n20001_cV4_covariance_s20.npz,76361,1ea574695b95c1d6e6473acd464d206bafd6560a07bf1437ea28a0eff89eba92
tcn,electrode,43,bandpass_n20001_cV4_covariance_s15,phase2/results/predictions/full/electrode/tcn/seed_43/bandpass_n20001_cV4_covariance_s15.npz,76366,1058e9f9976c63a4177e65c5f28e6a311268b76cc0dfe7412ad4a930ca0fe928
tcn,electrode,43,bandpass_n20001_cV4_covariance_s10,phase2/results/predictions/full/electrode/tcn/seed_43/bandpass_n20001_cV4_covariance_s10.npz,76339,5a79389a107b0965f3bda9bbf008463911cb979ec87ce97d378bd40b7580912c
tcn,electrode,43,bandpass_n20001_cV4_covariance_s5,phase2/results/predictions/full/electrode/tcn/seed_43/bandpass_n20001_cV4_covariance_s5.npz,76263,97d2473df1425a265200c3c85ce27e71bfc241bd04881ee681e846fd17c984b4
tcn,electrode,43,bandpass_n20001_cV4_covariance_s0,phase2/results/predictions/full/electrode/tcn/seed_43/bandpass_n20001_cV4_covariance_s0.npz,76086,52a755c22cd61917563e40fe68e4df4f4392fdc05130ac4b602bfa35aa85dae4
tcn,electrode,43,bandpass_n20001_cV5_independent_rms_s20,phase2/results/predictions/full/electrode/tcn/seed_43/bandpass_n20001_cV5_independent_rms_s20.npz,76362,9f25dfe350ce1853c0332fb79d7d2727e3b7264ad3f832c1f1f32af0a0b99466
tcn,electrode,43,bandpass_n20001_cV5_independent_rms_s15,phase2/results/predictions/full/electrode/tcn/seed_43/bandpass_n20001_cV5_independent_rms_s15.npz,76371,e393818aecd8dd2f58b31ce1598463864f347ebe40885cb6f36062cfb2fe1360
tcn,electrode,43,bandpass_n20001_cV5_independent_rms_s10,phase2/results/predictions/full/electrode/tcn/seed_43/bandpass_n20001_cV5_independent_rms_s10.npz,76339,61e80afb617687e55ca8b8621b52bac530f273d7bb44830e2c7ccc8fa2592d85
tcn,electrode,43,bandpass_n20001_cV5_independent_rms_s5,phase2/results/predictions/full/electrode/tcn/seed_43/bandpass_n20001_cV5_independent_rms_s5.npz,76253,12d02600c2fed44cf9a270e7910afd371bea38a5d530b17b5b46ab9a2eb6e171
tcn,electrode,43,bandpass_n20001_cV5_independent_rms_s0,phase2/results/predictions/full/electrode/tcn/seed_43/bandpass_n20001_cV5_independent_rms_s0.npz,75973,2811e0dc6f3df2b62a3bb139311abb1adfef6ed9d721e259b9f8eb4e30ff3f5e
tcn,electrode,43,bandpass_n20001_cV5_electrode_s20,phase2/results/predictions/full/electrode/tcn/seed_43/bandpass_n20001_cV5_electrode_s20.npz,76362,7544b6c588bdce930604d372ee84958da6d47b06fe570f5d3278e51a0aaf4915
tcn,electrode,43,bandpass_n20001_cV5_electrode_s15,phase2/results/predictions/full/electrode/tcn/seed_43/bandpass_n20001_cV5_electrode_s15.npz,76365,f8368cf2a0a1ccd2e56d3986e89e58d5eb5ce0e58d67690690043e1ab28233fb
tcn,electrode,43,bandpass_n20001_cV5_electrode_s10,phase2/results/predictions/full/electrode/tcn/seed_43/bandpass_n20001_cV5_electrode_s10.npz,76313,5d5fdeba9bd82db34fcf5d8b9a4a38500c2e537755aeeb5f359189405adaa83f
tcn,electrode,43,bandpass_n20001_cV5_electrode_s5,phase2/results/predictions/full/electrode/tcn/seed_43/bandpass_n20001_cV5_electrode_s5.npz,76210,c21151a5da0120e84ec2d9f514c7adeab5b59153f83e9474ea07fd4f821e917d
tcn,electrode,43,bandpass_n20001_cV5_electrode_s0,phase2/results/predictions/full/electrode/tcn/seed_43/bandpass_n20001_cV5_electrode_s0.npz,75974,77bdbe842d9c232e31fcca4fa428a95355af2d453f4ebaa4d5920b61ac1ba0dc
tcn,electrode,43,bandpass_n20001_cV5_covariance_s20,phase2/results/predictions/full/electrode/tcn/seed_43/bandpass_n20001_cV5_covariance_s20.npz,76370,983bdb0bdb06ee44e33179580c14786f49bf811bb2e274209d083cdf92953049
tcn,electrode,43,bandpass_n20001_cV5_covariance_s15,phase2/results/predictions/full/electrode/tcn/seed_43/bandpass_n20001_cV5_covariance_s15.npz,76358,7960ec7e5f3a614c3e789c8435061fcff0603a8b49cd0d397a38367e28942a04
tcn,electrode,43,bandpass_n20001_cV5_covariance_s10,phase2/results/predictions/full/electrode/tcn/seed_43/bandpass_n20001_cV5_covariance_s10.npz,76362,39acd04f5e3f9b3e5681dd1d36ee94cb70a6b8e9e84ee185bff24b65c159c643
tcn,electrode,43,bandpass_n20001_cV5_covariance_s5,phase2/results/predictions/full/electrode/tcn/seed_43/bandpass_n20001_cV5_covariance_s5.npz,76219,3da55e546c3bb96d3d4cead77f2732d2cf02ac2d1fc87a4fcba59c2ee4f00f64
tcn,electrode,43,bandpass_n20001_cV5_covariance_s0,phase2/results/predictions/full/electrode/tcn/seed_43/bandpass_n20001_cV5_covariance_s0.npz,75969,4fab688bde495a7a798ae3a611f773b7f3b79b9080e2b1ff265415d7733baa24
tcn,electrode,43,bandpass_n20001_cV6_independent_rms_s20,phase2/results/predictions/full/electrode/tcn/seed_43/bandpass_n20001_cV6_independent_rms_s20.npz,76404,0122a4efac915159f71d6e101ba154ae96f760167198c3fd8ad2283c452bbb0c
tcn,electrode,43,bandpass_n20001_cV6_independent_rms_s15,phase2/results/predictions/full/electrode/tcn/seed_43/bandpass_n20001_cV6_independent_rms_s15.npz,76359,90d7639b6515e9ddfc55021879a2b8edc5297ece378eb8e4ec97c11686d3f557
tcn,electrode,43,bandpass_n20001_cV6_independent_rms_s10,phase2/results/predictions/full/electrode/tcn/seed_43/bandpass_n20001_cV6_independent_rms_s10.npz,76348,71401d62c10aed767340822e6d2348d36a16c4f401036597621f828e61a12d60
tcn,electrode,43,bandpass_n20001_cV6_independent_rms_s5,phase2/results/predictions/full/electrode/tcn/seed_43/bandpass_n20001_cV6_independent_rms_s5.npz,76267,98f26d6aeffdb209daaadf4022dd83c02f1ff554952760a72a9212357d46f11e
tcn,electrode,43,bandpass_n20001_cV6_independent_rms_s0,phase2/results/predictions/full/electrode/tcn/seed_43/bandpass_n20001_cV6_independent_rms_s0.npz,76011,fbcff12ef04602b54d824e0496516a40657c622ce844bc1e63f28dc7c7c08e28
tcn,electrode,43,bandpass_n20001_cV6_electrode_s20,phase2/results/predictions/full/electrode/tcn/seed_43/bandpass_n20001_cV6_electrode_s20.npz,76359,86d04f7a60ac2e918f5eeea444f732d01ef4eccf640404b18a13dc6d9cf1d210
tcn,electrode,43,bandpass_n20001_cV6_electrode_s15,phase2/results/predictions/full/electrode/tcn/seed_43/bandpass_n20001_cV6_electrode_s15.npz,76358,96aa0a24f96a86273db91452427e817e6bc46ed639e4451ed813314f7a3454c4
tcn,electrode,43,bandpass_n20001_cV6_electrode_s10,phase2/results/predictions/full/electrode/tcn/seed_43/bandpass_n20001_cV6_electrode_s10.npz,76311,2d0eb3c683af24ec74254d0d3d29c06256ad81973996784ee1554135ce67abb8
tcn,electrode,43,bandpass_n20001_cV6_electrode_s5,phase2/results/predictions/full/electrode/tcn/seed_43/bandpass_n20001_cV6_electrode_s5.npz,76253,84f0a59531573b11444d2c43e46c547e292021a680efbeaa9bcd67cb9340f3fd
tcn,electrode,43,bandpass_n20001_cV6_electrode_s0,phase2/results/predictions/full/electrode/tcn/seed_43/bandpass_n20001_cV6_electrode_s0.npz,76020,5b5913a54341a122ae31ea99b8ecb2ebbd65580b38aef6d99f481725af5874b3
tcn,electrode,43,bandpass_n20001_cV6_covariance_s20,phase2/results/predictions/full/electrode/tcn/seed_43/bandpass_n20001_cV6_covariance_s20.npz,76381,f8702c38625a14b595e65bea46e7127eeb2bb444ad76efd14241f88a08f25c47
tcn,electrode,43,bandpass_n20001_cV6_covariance_s15,phase2/results/predictions/full/electrode/tcn/seed_43/bandpass_n20001_cV6_covariance_s15.npz,76367,3e4f45a09ab441892488218662c25d92b4e1a00947117940fbdaa38f3581734b
tcn,electrode,43,bandpass_n20001_cV6_covariance_s10,phase2/results/predictions/full/electrode/tcn/seed_43/bandpass_n20001_cV6_covariance_s10.npz,76334,649f5440fc1a3577898bbc194b5f6dd9cdd6c09cfe292ed70d8af9770c444ea5
tcn,electrode,43,bandpass_n20001_cV6_covariance_s5,phase2/results/predictions/full/electrode/tcn/seed_43/bandpass_n20001_cV6_covariance_s5.npz,76202,b8fb29b75ba4e1c3b31734cebeb5546e9285ff4a1042db88bf87eab793775aab
tcn,electrode,43,bandpass_n20001_cV6_covariance_s0,phase2/results/predictions/full/electrode/tcn/seed_43/bandpass_n20001_cV6_covariance_s0.npz,76033,92e78f51c836708a81919bad451d970ce0468574235c29e364b01692d98365db
tcn,electrode,43,bandpass_n20001_cRA_LA_independent_rms_s20,phase2/results/predictions/full/electrode/tcn/seed_43/bandpass_n20001_cRA_LA_independent_rms_s20.npz,76372,3648d98fc5a7f05cef4f40496cb910ebac1c49c5251231e06a2cdf7b05e1fcdd
tcn,electrode,43,bandpass_n20001_cRA_LA_independent_rms_s15,phase2/results/predictions/full/electrode/tcn/seed_43/bandpass_n20001_cRA_LA_independent_rms_s15.npz,76403,ddefb55ee680216fe12a9d0bd3d5de4c20ca0af7ba56ce9d9730a0a8c7e50697
tcn,electrode,43,bandpass_n20001_cRA_LA_independent_rms_s10,phase2/results/predictions/full/electrode/tcn/seed_43/bandpass_n20001_cRA_LA_independent_rms_s10.npz,76343,ec79c1da7a40c630043bde7d75b6774d519731e93a81c6b3de78420bc86f3d09
tcn,electrode,43,bandpass_n20001_cRA_LA_independent_rms_s5,phase2/results/predictions/full/electrode/tcn/seed_43/bandpass_n20001_cRA_LA_independent_rms_s5.npz,76227,41bb54d7139f2a165cd398affebf795864447d9b6057c5f1581763396d525740
tcn,electrode,43,bandpass_n20001_cRA_LA_independent_rms_s0,phase2/results/predictions/full/electrode/tcn/seed_43/bandpass_n20001_cRA_LA_independent_rms_s0.npz,75994,79f7c6739503a2e660af015f569918d4b6d62b1edb9e6c708cd20eab0de810fc
tcn,electrode,43,bandpass_n20001_cRA_LA_electrode_s20,phase2/results/predictions/full/electrode/tcn/seed_43/bandpass_n20001_cRA_LA_electrode_s20.npz,76348,a13d49713672006f17e5417d26e68df9d5d84deb5de78a7c227748a79410ad15
tcn,electrode,43,bandpass_n20001_cRA_LA_electrode_s15,phase2/results/predictions/full/electrode/tcn/seed_43/bandpass_n20001_cRA_LA_electrode_s15.npz,76346,cd2dcc554557cfcb2a565cb23fd154865f5ba6d1216cfd37fa13957d968f75bd
tcn,electrode,43,bandpass_n20001_cRA_LA_electrode_s10,phase2/results/predictions/full/electrode/tcn/seed_43/bandpass_n20001_cRA_LA_electrode_s10.npz,76285,7670fa2b2557c45039a32482e871c487d3b565dc417bf05d012dd3f7b4e3c913
tcn,electrode,43,bandpass_n20001_cRA_LA_electrode_s5,phase2/results/predictions/full/electrode/tcn/seed_43/bandpass_n20001_cRA_LA_electrode_s5.npz,76107,433140121d296fc1d87118fbe40caea60e5770f3da6ebd225659ced0a7716343
tcn,electrode,43,bandpass_n20001_cRA_LA_electrode_s0,phase2/results/predictions/full/electrode/tcn/seed_43/bandpass_n20001_cRA_LA_electrode_s0.npz,75652,2750329ade63bf1b8580a8c4636bd0aac0c749bc2ea7d99f33cbffc768c855a4
tcn,electrode,43,bandpass_n20001_cRA_LA_covariance_s20,phase2/results/predictions/full/electrode/tcn/seed_43/bandpass_n20001_cRA_LA_covariance_s20.npz,76392,f6dbe4c90546284760259d71672b717751214b6b6ea4f66f51a4b75bb087675c
tcn,electrode,43,bandpass_n20001_cRA_LA_covariance_s15,phase2/results/predictions/full/electrode/tcn/seed_43/bandpass_n20001_cRA_LA_covariance_s15.npz,76327,2b40c6285c443c5e31ce8f7d05465e17c5ec584466bfb185eecc00038b2c83e4
tcn,electrode,43,bandpass_n20001_cRA_LA_covariance_s10,phase2/results/predictions/full/electrode/tcn/seed_43/bandpass_n20001_cRA_LA_covariance_s10.npz,76295,ba5f07d730a27898c9ec14ee4edaeec3e45db0eea322f48dd5074a527c9207f9
tcn,electrode,43,bandpass_n20001_cRA_LA_covariance_s5,phase2/results/predictions/full/electrode/tcn/seed_43/bandpass_n20001_cRA_LA_covariance_s5.npz,76109,36dcb6be05d0d295c03c83e66753c8f50687cb8ea81bfc08566b8947e7a54e34
tcn,electrode,43,bandpass_n20001_cRA_LA_covariance_s0,phase2/results/predictions/full/electrode/tcn/seed_43/bandpass_n20001_cRA_LA_covariance_s0.npz,75637,625e1e68f3392d7402febf8f198b78494975dcf26967aaa2315f2dc16e5cc23f
tcn,electrode,43,bandpass_n20001_cLA_LL_independent_rms_s20,phase2/results/predictions/full/electrode/tcn/seed_43/bandpass_n20001_cLA_LL_independent_rms_s20.npz,76380,da99f77a5e68fa0be3c46a8439d6edc98668c48ee78b8f103de6f75e0565db0b
tcn,electrode,43,bandpass_n20001_cLA_LL_independent_rms_s15,phase2/results/predictions/full/electrode/tcn/seed_43/bandpass_n20001_cLA_LL_independent_rms_s15.npz,76397,91bf7918380ba37ea34795716fc675bc924316517f59dffb5ac00eb553c4cb53
tcn,electrode,43,bandpass_n20001_cLA_LL_independent_rms_s10,phase2/results/predictions/full/electrode/tcn/seed_43/bandpass_n20001_cLA_LL_independent_rms_s10.npz,76338,4591febf28f45bb89fd40db1020771a8544470624a9cb17d3e26222dcdd12a69
tcn,electrode,43,bandpass_n20001_cLA_LL_independent_rms_s5,phase2/results/predictions/full/electrode/tcn/seed_43/bandpass_n20001_cLA_LL_independent_rms_s5.npz,76203,886aaef38b5efcee3184cb311371a82080892d5b3cdc4e1c9fed0f5c956a026f
tcn,electrode,43,bandpass_n20001_cLA_LL_independent_rms_s0,phase2/results/predictions/full/electrode/tcn/seed_43/bandpass_n20001_cLA_LL_independent_rms_s0.npz,75938,0bdaa47167f1517a63c5001ef2d875ed694359b2005c3f709e305dd997144e74
tcn,electrode,43,bandpass_n20001_cLA_LL_electrode_s20,phase2/results/predictions/full/electrode/tcn/seed_43/bandpass_n20001_cLA_LL_electrode_s20.npz,76376,3bcd7907b0605d9ca07072ec8bc72f7d105455d1dea0a211011ded24e9c09f97
tcn,electrode,43,bandpass_n20001_cLA_LL_electrode_s15,phase2/results/predictions/full/electrode/tcn/seed_43/bandpass_n20001_cLA_LL_electrode_s15.npz,76372,c935d25b93f9468001ff35b2e479ed65ce1e51d5a746bd89944e9c987b652ad0
tcn,electrode,43,bandpass_n20001_cLA_LL_electrode_s10,phase2/results/predictions/full/electrode/tcn/seed_43/bandpass_n20001_cLA_LL_electrode_s10.npz,76322,926dd9d352ed52a4e0801f7d940cf9826570430b44ed7acbd2c0d1b7e60b3925
tcn,electrode,43,bandpass_n20001_cLA_LL_electrode_s5,phase2/results/predictions/full/electrode/tcn/seed_43/bandpass_n20001_cLA_LL_electrode_s5.npz,76139,b8250438945fbe80336689cdcc951728eef3736e7a79c173538d393a2af29d2a
tcn,electrode,43,bandpass_n20001_cLA_LL_electrode_s0,phase2/results/predictions/full/electrode/tcn/seed_43/bandpass_n20001_cLA_LL_electrode_s0.npz,75840,9fb4449f3f91474d972fcb7caff5414d2c84b332efcd0270e8abf19912fffa26
tcn,electrode,43,bandpass_n20001_cLA_LL_covariance_s20,phase2/results/predictions/full/electrode/tcn/seed_43/bandpass_n20001_cLA_LL_covariance_s20.npz,76412,c622f80466088bfb1586a0fe9045e77acdbfddab472b3dfa067cc90c6dc896d7
tcn,electrode,43,bandpass_n20001_cLA_LL_covariance_s15,phase2/results/predictions/full/electrode/tcn/seed_43/bandpass_n20001_cLA_LL_covariance_s15.npz,76390,d0256d88c0cc95fc67a0870ed3e89a0fd68cf876e05a9262f2ef30ee18d67e01
tcn,electrode,43,bandpass_n20001_cLA_LL_covariance_s10,phase2/results/predictions/full/electrode/tcn/seed_43/bandpass_n20001_cLA_LL_covariance_s10.npz,76317,67b9a9296b5994ca3cc439a5e1ca8f225cd93469d1d209656e593ff51b2ec227
tcn,electrode,43,bandpass_n20001_cLA_LL_covariance_s5,phase2/results/predictions/full/electrode/tcn/seed_43/bandpass_n20001_cLA_LL_covariance_s5.npz,76194,b3560e0412a9e0c587209f3ad556ba8e8870c1bcec3684e6bbed602cd4f93402
tcn,electrode,43,bandpass_n20001_cLA_LL_covariance_s0,phase2/results/predictions/full/electrode/tcn/seed_43/bandpass_n20001_cLA_LL_covariance_s0.npz,75865,d707e9ae8c4302bc41976865eafeb482a9627ef717dc4afaeb3a8c16a76579ae
tcn,electrode,43,bandpass_n20001_cRA_LL_independent_rms_s20,phase2/results/predictions/full/electrode/tcn/seed_43/bandpass_n20001_cRA_LL_independent_rms_s20.npz,76412,26907fd87d576515682f6db60457e32a280c4e145a73b05477f9db38296095fb
tcn,electrode,43,bandpass_n20001_cRA_LL_independent_rms_s15,phase2/results/predictions/full/electrode/tcn/seed_43/bandpass_n20001_cRA_LL_independent_rms_s15.npz,76392,e9244a9443de8177d98996526411b763668c2541740e659a2614825302b7f2e4
tcn,electrode,43,bandpass_n20001_cRA_LL_independent_rms_s10,phase2/results/predictions/full/electrode/tcn/seed_43/bandpass_n20001_cRA_LL_independent_rms_s10.npz,76364,ba325f1f7483e6b8b7cbca47702c8d9661f573b69800117230c162bd6739342e
tcn,electrode,43,bandpass_n20001_cRA_LL_independent_rms_s5,phase2/results/predictions/full/electrode/tcn/seed_43/bandpass_n20001_cRA_LL_independent_rms_s5.npz,76212,723a2b4c2156a1700866cf000ae3ee21aa5a7a0ece21ad151780bcf7c5cd1d40
tcn,electrode,43,bandpass_n20001_cRA_LL_independent_rms_s0,phase2/results/predictions/full/electrode/tcn/seed_43/bandpass_n20001_cRA_LL_independent_rms_s0.npz,75989,78ad816813374a6ce85ad0591f7892416dc026c7d30a2e089b8a36fd028890f6
tcn,electrode,43,bandpass_n20001_cRA_LL_electrode_s20,phase2/results/predictions/full/electrode/tcn/seed_43/bandpass_n20001_cRA_LL_electrode_s20.npz,76336,266ea56b2175a1a35426480e89cb629612a5ea6f0565cb6ada0c993e20c7dd49
tcn,electrode,43,bandpass_n20001_cRA_LL_electrode_s15,phase2/results/predictions/full/electrode/tcn/seed_43/bandpass_n20001_cRA_LL_electrode_s15.npz,76347,6e250a8ccc8d6db1ae5310d5d68860c71cb753db8d5440e1622525f44832aa70
tcn,electrode,43,bandpass_n20001_cRA_LL_electrode_s10,phase2/results/predictions/full/electrode/tcn/seed_43/bandpass_n20001_cRA_LL_electrode_s10.npz,76282,545d50fb6ffc09df41de252742e532d5505993d0be15ae4d27dd7005cdb9c47e
tcn,electrode,43,bandpass_n20001_cRA_LL_electrode_s5,phase2/results/predictions/full/electrode/tcn/seed_43/bandpass_n20001_cRA_LL_electrode_s5.npz,76086,366ee2ac76767e9e819b53d2de8f090a7cf555720be940ffe033f288b91a5a83
tcn,electrode,43,bandpass_n20001_cRA_LL_electrode_s0,phase2/results/predictions/full/electrode/tcn/seed_43/bandpass_n20001_cRA_LL_electrode_s0.npz,75606,ed475e12bc8f143bfe03310bf31c1316f53c67d6e4ee720900804b351e6560e7
tcn,electrode,43,bandpass_n20001_cRA_LL_covariance_s20,phase2/results/predictions/full/electrode/tcn/seed_43/bandpass_n20001_cRA_LL_covariance_s20.npz,76357,00225ea9ee24b9735c2b7b0d03662d0bffdf0e590335ccfa2907a5606278909a
tcn,electrode,43,bandpass_n20001_cRA_LL_covariance_s15,phase2/results/predictions/full/electrode/tcn/seed_43/bandpass_n20001_cRA_LL_covariance_s15.npz,76366,08fd71b28fbb849f1029478a6a8d8ca7861bb25f1691177be13ec8345e89ef6d
tcn,electrode,43,bandpass_n20001_cRA_LL_covariance_s10,phase2/results/predictions/full/electrode/tcn/seed_43/bandpass_n20001_cRA_LL_covariance_s10.npz,76272,1bd29854bcc99405b50bc681205c0b05fdbe844268b6197905d432dc48852ed5
tcn,electrode,43,bandpass_n20001_cRA_LL_covariance_s5,phase2/results/predictions/full/electrode/tcn/seed_43/bandpass_n20001_cRA_LL_covariance_s5.npz,76090,3b7b1bcbc438d8b75cb5022b53e1ffa3c63cf36f8766ebeaeed9a226c66516d8
tcn,electrode,43,bandpass_n20001_cRA_LL_covariance_s0,phase2/results/predictions/full/electrode/tcn/seed_43/bandpass_n20001_cRA_LL_covariance_s0.npz,75624,d220c0486a03ec4494706fd219265d887534fb0691c826cb5e802f78d0302e1a
tcn,electrode,43,bandpass_n20001_cRA_independent_rms_s20,phase2/results/predictions/full/electrode/tcn/seed_43/bandpass_n20001_cRA_independent_rms_s20.npz,76360,71e3d1b4101ff69b8ff329c939d3ad90cafcda2936e389bfee699ab63681d1a0
tcn,electrode,43,bandpass_n20001_cRA_independent_rms_s15,phase2/results/predictions/full/electrode/tcn/seed_43/bandpass_n20001_cRA_independent_rms_s15.npz,76393,905947fc5c710b801cd95351b65075eeb0eea4b022bf6daf269f3ebfefef6b44
tcn,electrode,43,bandpass_n20001_cRA_independent_rms_s10,phase2/results/predictions/full/electrode/tcn/seed_43/bandpass_n20001_cRA_independent_rms_s10.npz,76358,44f71b4cc929375909d48d764f82df4f6f1f1f30739bea0b6339fabf457f2562
tcn,electrode,43,bandpass_n20001_cRA_independent_rms_s5,phase2/results/predictions/full/electrode/tcn/seed_43/bandpass_n20001_cRA_independent_rms_s5.npz,76246,a732cd4801e57e850588aa7fbf564853c02ad121e28cfc3c46f16af5ab161215
tcn,electrode,43,bandpass_n20001_cRA_independent_rms_s0,phase2/results/predictions/full/electrode/tcn/seed_43/bandpass_n20001_cRA_independent_rms_s0.npz,75976,9e44307756b80ebbc2245862865638a3462039f13aa4d749701882dee45f1d6e
tcn,electrode,43,bandpass_n20001_cRA_electrode_s20,phase2/results/predictions/full/electrode/tcn/seed_43/bandpass_n20001_cRA_electrode_s20.npz,76372,2cbab226f078dd0ca75ee2737fa8f60c52fdcedd70305d0aef335d69851679d1
tcn,electrode,43,bandpass_n20001_cRA_electrode_s15,phase2/results/predictions/full/electrode/tcn/seed_43/bandpass_n20001_cRA_electrode_s15.npz,76336,027ec459bffbffbd1172599b720131ca5d90b0ae3a8dbe84117f87eb771d565a
tcn,electrode,43,bandpass_n20001_cRA_electrode_s10,phase2/results/predictions/full/electrode/tcn/seed_43/bandpass_n20001_cRA_electrode_s10.npz,76232,c9d8280695b11342ad38db5af239dda7838d6549e2bc71f9afcb07c9ee3e1a1d
tcn,electrode,43,bandpass_n20001_cRA_electrode_s5,phase2/results/predictions/full/electrode/tcn/seed_43/bandpass_n20001_cRA_electrode_s5.npz,76039,acf1f9300b5ea8647dc17b2be7afc4df7820a1028a3dbaa7d8647f8b1dc92c7b
tcn,electrode,43,bandpass_n20001_cRA_electrode_s0,phase2/results/predictions/full/electrode/tcn/seed_43/bandpass_n20001_cRA_electrode_s0.npz,75527,6a283f8cd37b7edc7d759ec9ac82b5064018da0ba124c4c5b89b797896d4f483
tcn,electrode,43,bandpass_n20001_cRA_covariance_s20,phase2/results/predictions/full/electrode/tcn/seed_43/bandpass_n20001_cRA_covariance_s20.npz,76364,0ac05bdbdd6b4852425739658f65790d40e47a2f0c1137d61dc48c565b273815
tcn,electrode,43,bandpass_n20001_cRA_covariance_s15,phase2/results/predictions/full/electrode/tcn/seed_43/bandpass_n20001_cRA_covariance_s15.npz,76335,0ec0cf0cca73c77f1864695b8d7119da487ffe99b781ccc85674144ade67f81f
tcn,electrode,43,bandpass_n20001_cRA_covariance_s10,phase2/results/predictions/full/electrode/tcn/seed_43/bandpass_n20001_cRA_covariance_s10.npz,76257,a80c4c39b2ea308c1c7d1e213c73b738218bee5127757417e442ce8c57d54b0b
tcn,electrode,43,bandpass_n20001_cRA_covariance_s5,phase2/results/predictions/full/electrode/tcn/seed_43/bandpass_n20001_cRA_covariance_s5.npz,76032,06030bf07e276e52eda49c6cf657163994ed0c2494271c80fc161d206462126f
tcn,electrode,43,bandpass_n20001_cRA_covariance_s0,phase2/results/predictions/full/electrode/tcn/seed_43/bandpass_n20001_cRA_covariance_s0.npz,75510,aacc52928572c3fa5912588203f4a44b5ae50739bf1b8aeb6dc4547733394dd3
tcn,electrode,43,bandpass_n20001_cLA_independent_rms_s20,phase2/results/predictions/full/electrode/tcn/seed_43/bandpass_n20001_cLA_independent_rms_s20.npz,76391,1a7d4c1ad3ecf1fae145a37cc9b73cad62debaddf6477826f71944565a5d3c82
tcn,electrode,43,bandpass_n20001_cLA_independent_rms_s15,phase2/results/predictions/full/electrode/tcn/seed_43/bandpass_n20001_cLA_independent_rms_s15.npz,76374,f671b2c72cecbfa794d1e5b7de463c637c70be9ab5dda2483cd6c3d6eca44f5a
tcn,electrode,43,bandpass_n20001_cLA_independent_rms_s10,phase2/results/predictions/full/electrode/tcn/seed_43/bandpass_n20001_cLA_independent_rms_s10.npz,76344,62a9d7d02ff36d8d1e193ed9e865032c604c5005b2047b12faa05465c854ff53
tcn,electrode,43,bandpass_n20001_cLA_independent_rms_s5,phase2/results/predictions/full/electrode/tcn/seed_43/bandpass_n20001_cLA_independent_rms_s5.npz,76262,ccc633d0a73727258455be58780c60a3c473e189714d4da59deef2c5e3ffae57
tcn,electrode,43,bandpass_n20001_cLA_independent_rms_s0,phase2/results/predictions/full/electrode/tcn/seed_43/bandpass_n20001_cLA_independent_rms_s0.npz,75951,7ebe58d96c531fceb93d9a283e3bbd7216cfceb6b90ecd0e70cd8f8fdbd55fb6
tcn,electrode,43,bandpass_n20001_cLA_electrode_s20,phase2/results/predictions/full/electrode/tcn/seed_43/bandpass_n20001_cLA_electrode_s20.npz,76366,c5771d1423154360b1e0e63402077bf1fbd07c5a2a5726266d39102408eef9c0
tcn,electrode,43,bandpass_n20001_cLA_electrode_s15,phase2/results/predictions/full/electrode/tcn/seed_43/bandpass_n20001_cLA_electrode_s15.npz,76362,a6850eedfadbb5e8d6cc34aaa965b2c17dccd07d0f02f2a952f8d75931d2a9eb
tcn,electrode,43,bandpass_n20001_cLA_electrode_s10,phase2/results/predictions/full/electrode/tcn/seed_43/bandpass_n20001_cLA_electrode_s10.npz,76343,39ec45dfff9e92ebfded16945efcbdc312d4bfdc32a39f99ef1cec9016ee98d9
tcn,electrode,43,bandpass_n20001_cLA_electrode_s5,phase2/results/predictions/full/electrode/tcn/seed_43/bandpass_n20001_cLA_electrode_s5.npz,76170,f98dd0534150005191504e7fa7b15f0a1a04daeae2bc277052e56cc46448eb53
tcn,electrode,43,bandpass_n20001_cLA_electrode_s0,phase2/results/predictions/full/electrode/tcn/seed_43/bandpass_n20001_cLA_electrode_s0.npz,75885,b31259d71a7343eccd25a711c6e8f4259216c136afa71e68dbe1ba0f5158ae22
tcn,electrode,43,bandpass_n20001_cLA_covariance_s20,phase2/results/predictions/full/electrode/tcn/seed_43/bandpass_n20001_cLA_covariance_s20.npz,76416,b275d65b26dde77763fe95f2cb655ecfc96c55e716b30d42e615433e8d8a10ee
tcn,electrode,43,bandpass_n20001_cLA_covariance_s15,phase2/results/predictions/full/electrode/tcn/seed_43/bandpass_n20001_cLA_covariance_s15.npz,76352,6c3133b7aa2431945987562235a1b904b60f5f3255d6c97bc2f8a65530d8bd7e
tcn,electrode,43,bandpass_n20001_cLA_covariance_s10,phase2/results/predictions/full/electrode/tcn/seed_43/bandpass_n20001_cLA_covariance_s10.npz,76302,60a257584f1d5817c4d483e64b87d229878c30a46c46d3575b29a21e891b3ee8
tcn,electrode,43,bandpass_n20001_cLA_covariance_s5,phase2/results/predictions/full/electrode/tcn/seed_43/bandpass_n20001_cLA_covariance_s5.npz,76171,fbef022231d9b0d12717a51dc847a6f250b4030bfdd15e812dd683edfebcf27e
tcn,electrode,43,bandpass_n20001_cLA_covariance_s0,phase2/results/predictions/full/electrode/tcn/seed_43/bandpass_n20001_cLA_covariance_s0.npz,75920,32808f5ac7834e8b497f8f3dd527590b767f048923cab515ac55a9f00f8ad19f
tcn,electrode,43,bandpass_n20001_cLL_independent_rms_s20,phase2/results/predictions/full/electrode/tcn/seed_43/bandpass_n20001_cLL_independent_rms_s20.npz,76375,51d40f9f162af98e0b77d2b8fe42cdfa6157092d5565e3fcbbd5ab6f8b7678de
tcn,electrode,43,bandpass_n20001_cLL_independent_rms_s15,phase2/results/predictions/full/electrode/tcn/seed_43/bandpass_n20001_cLL_independent_rms_s15.npz,76370,7329d1801128a62572f7d551f80d8340b4af1d5354a54293eaf5d673563860c6
tcn,electrode,43,bandpass_n20001_cLL_independent_rms_s10,phase2/results/predictions/full/electrode/tcn/seed_43/bandpass_n20001_cLL_independent_rms_s10.npz,76343,722f2fbbf5e72dfc1277013dbe05f8061c31d1ad3e5b6e08b436915454bac08d
tcn,electrode,43,bandpass_n20001_cLL_independent_rms_s5,phase2/results/predictions/full/electrode/tcn/seed_43/bandpass_n20001_cLL_independent_rms_s5.npz,76245,8cd620a710bf1f3e37de39fbf7e4138096690b0b520fee1e13de78d35c67856f
tcn,electrode,43,bandpass_n20001_cLL_independent_rms_s0,phase2/results/predictions/full/electrode/tcn/seed_43/bandpass_n20001_cLL_independent_rms_s0.npz,75972,da8aae1f3426f06a43a6013b23506b4d56f10390a880972bf014a54c51836935
tcn,electrode,43,bandpass_n20001_cLL_electrode_s20,phase2/results/predictions/full/electrode/tcn/seed_43/bandpass_n20001_cLL_electrode_s20.npz,76309,4148b2fd510ce110ae5843d41c149ee478756b1adbe029e9c3f08403bf0d786b
tcn,electrode,43,bandpass_n20001_cLL_electrode_s15,phase2/results/predictions/full/electrode/tcn/seed_43/bandpass_n20001_cLL_electrode_s15.npz,76357,506e8916ca7a5005cd9d667c779c45d359c9550c2136b224951eea4dbc6f563b
tcn,electrode,43,bandpass_n20001_cLL_electrode_s10,phase2/results/predictions/full/electrode/tcn/seed_43/bandpass_n20001_cLL_electrode_s10.npz,76306,3894c8aaf240dba4f6263dd4ff6f38950ff8eda615f5c544eb9993aa8aa14220
tcn,electrode,43,bandpass_n20001_cLL_electrode_s5,phase2/results/predictions/full/electrode/tcn/seed_43/bandpass_n20001_cLL_electrode_s5.npz,76155,f2d6762e9d53885ef5857f9e79baee0b1893e1ffa0daaf7999c3b79145756dbe
tcn,electrode,43,bandpass_n20001_cLL_electrode_s0,phase2/results/predictions/full/electrode/tcn/seed_43/bandpass_n20001_cLL_electrode_s0.npz,75842,65a118e6e26c183a3d81af496c791fa207c463c93d685640b2022ec6e5923c40
tcn,electrode,43,bandpass_n20001_cLL_covariance_s20,phase2/results/predictions/full/electrode/tcn/seed_43/bandpass_n20001_cLL_covariance_s20.npz,76368,f13900890b7d650b9e681f49ee864554c6e1ad4c06ca65112739911091e6ec29
tcn,electrode,43,bandpass_n20001_cLL_covariance_s15,phase2/results/predictions/full/electrode/tcn/seed_43/bandpass_n20001_cLL_covariance_s15.npz,76362,e79476e3c852285aa3df36fc6edf8613108f101a66c6dd50a694df12da998faa
tcn,electrode,43,bandpass_n20001_cLL_covariance_s10,phase2/results/predictions/full/electrode/tcn/seed_43/bandpass_n20001_cLL_covariance_s10.npz,76330,b278f14c742ab1a4ff5119b03a381bf3e99a57711f1346983b421bccdfc0af8f
tcn,electrode,43,bandpass_n20001_cLL_covariance_s5,phase2/results/predictions/full/electrode/tcn/seed_43/bandpass_n20001_cLL_covariance_s5.npz,76166,7b5a30133fe310928ecc1902667655edc76698907183668d7aa95367aa92b3d7
tcn,electrode,43,bandpass_n20001_cLL_covariance_s0,phase2/results/predictions/full/electrode/tcn/seed_43/bandpass_n20001_cLL_covariance_s0.npz,75887,ec75869a86c1807a1818589ce9af25a05f18f540e8c457311c166bf8bd72fb7b
tcn,electrode,43,bandpass_n20001_cRA_V1_independent_rms_s20,phase2/results/predictions/full/electrode/tcn/seed_43/bandpass_n20001_cRA_V1_independent_rms_s20.npz,76383,8495b779ef137887e9b9882edcff823e54ef18e4886b0a9e8de52d47be466ea3
tcn,electrode,43,bandpass_n20001_cRA_V1_independent_rms_s15,phase2/results/predictions/full/electrode/tcn/seed_43/bandpass_n20001_cRA_V1_independent_rms_s15.npz,76401,b7e42af46a7b0e9ae5bec178ebc4bd2e381802a719cd4712e167355e2568e739
tcn,electrode,43,bandpass_n20001_cRA_V1_independent_rms_s10,phase2/results/predictions/full/electrode/tcn/seed_43/bandpass_n20001_cRA_V1_independent_rms_s10.npz,76347,13ea4bac8ee3ccdf4a905d3b112933b39c21037e62fdc48c3fa7149eabe97820
tcn,electrode,43,bandpass_n20001_cRA_V1_independent_rms_s5,phase2/results/predictions/full/electrode/tcn/seed_43/bandpass_n20001_cRA_V1_independent_rms_s5.npz,76223,45788e822cfb8208f968b48c493e7fa9bed4ff62b294fca38aff89044c6a1b4a
tcn,electrode,43,bandpass_n20001_cRA_V1_independent_rms_s0,phase2/results/predictions/full/electrode/tcn/seed_43/bandpass_n20001_cRA_V1_independent_rms_s0.npz,76014,bf8ec05aa334fca9e596b5a2a2e76553add4f36a2a9793e9c67d4a88251230bf
tcn,electrode,43,bandpass_n20001_cRA_V1_electrode_s20,phase2/results/predictions/full/electrode/tcn/seed_43/bandpass_n20001_cRA_V1_electrode_s20.npz,76391,96b211eebf44767c1f9b9bfaaf21d89e03e7e495a3acdeb4d7d4e427d5c23963
tcn,electrode,43,bandpass_n20001_cRA_V1_electrode_s15,phase2/results/predictions/full/electrode/tcn/seed_43/bandpass_n20001_cRA_V1_electrode_s15.npz,76367,cc266811a28705d526dfcef559209919c47c7d3533fb23b7842a6d37008828ef
tcn,electrode,43,bandpass_n20001_cRA_V1_electrode_s10,phase2/results/predictions/full/electrode/tcn/seed_43/bandpass_n20001_cRA_V1_electrode_s10.npz,76266,ac9f7f0c0c0c72ebbaf546c2420931921b722fd808b402bdd7dc7d69d911fbd6
tcn,electrode,43,bandpass_n20001_cRA_V1_electrode_s5,phase2/results/predictions/full/electrode/tcn/seed_43/bandpass_n20001_cRA_V1_electrode_s5.npz,76069,0d079f67512262eb381fea36b16c90a5f533ec5fae1f062326671fb2b13fd9f5
tcn,electrode,43,bandpass_n20001_cRA_V1_electrode_s0,phase2/results/predictions/full/electrode/tcn/seed_43/bandpass_n20001_cRA_V1_electrode_s0.npz,75571,e907578fb774c478685fab91479dde9ee4babca7dcc4add52d23b81747872b88
tcn,electrode,43,bandpass_n20001_cRA_V1_covariance_s20,phase2/results/predictions/full/electrode/tcn/seed_43/bandpass_n20001_cRA_V1_covariance_s20.npz,76360,79d0b204a91eaa44c70f73a772fae6488a1b301e3b42eed6f4f62cabc936102f
tcn,electrode,43,bandpass_n20001_cRA_V1_covariance_s15,phase2/results/predictions/full/electrode/tcn/seed_43/bandpass_n20001_cRA_V1_covariance_s15.npz,76325,8b9ae507161fbd7d33cd9317b71f6cc63f089174b281f49f65a85c40042b58b5
tcn,electrode,43,bandpass_n20001_cRA_V1_covariance_s10,phase2/results/predictions/full/electrode/tcn/seed_43/bandpass_n20001_cRA_V1_covariance_s10.npz,76251,d760547645b1cb6d0e5c6e1e81f867c7ea68be470d39dd87460801d3f0459dc0
tcn,electrode,43,bandpass_n20001_cRA_V1_covariance_s5,phase2/results/predictions/full/electrode/tcn/seed_43/bandpass_n20001_cRA_V1_covariance_s5.npz,76072,58c31749546f74fb726c3cff0bbfbd66fdf15bca6c7a7896f700eaac4f0c8730
tcn,electrode,43,bandpass_n20001_cRA_V1_covariance_s0,phase2/results/predictions/full/electrode/tcn/seed_43/bandpass_n20001_cRA_V1_covariance_s0.npz,75548,340a45051ac9f2e351182f57c2eab3099de2d65f8281fe480d99138366b2e37c
tcn,electrode,43,bandpass_n20001_cLA_V6_independent_rms_s20,phase2/results/predictions/full/electrode/tcn/seed_43/bandpass_n20001_cLA_V6_independent_rms_s20.npz,76404,c3b5a7753ef4e285ab45c530b78e631b130468f46fd2208d4d9ddc29f4f20a53
tcn,electrode,43,bandpass_n20001_cLA_V6_independent_rms_s15,phase2/results/predictions/full/electrode/tcn/seed_43/bandpass_n20001_cLA_V6_independent_rms_s15.npz,76390,bf3a801cd9968190e0dd1ac1ed663941a7e4841de04269d2aacc25b772ceeee9
tcn,electrode,43,bandpass_n20001_cLA_V6_independent_rms_s10,phase2/results/predictions/full/electrode/tcn/seed_43/bandpass_n20001_cLA_V6_independent_rms_s10.npz,76352,f45990063d1987e42f7ec829d57941de5aeafcd26cfc6eeecaf9ced892aabe06
tcn,electrode,43,bandpass_n20001_cLA_V6_independent_rms_s5,phase2/results/predictions/full/electrode/tcn/seed_43/bandpass_n20001_cLA_V6_independent_rms_s5.npz,76251,40c56133490e6a0fd0b68975025e93be687fdd86fd84d06faeb9319bd92fcf0f
tcn,electrode,43,bandpass_n20001_cLA_V6_independent_rms_s0,phase2/results/predictions/full/electrode/tcn/seed_43/bandpass_n20001_cLA_V6_independent_rms_s0.npz,75995,00a05e756f0c1a90359bc41562f4971db6d22e7d7a393af5041923ce3fb61e79
tcn,electrode,43,bandpass_n20001_cLA_V6_electrode_s20,phase2/results/predictions/full/electrode/tcn/seed_43/bandpass_n20001_cLA_V6_electrode_s20.npz,76392,a125d206a578f5de78d696ef160b7b04d88aee56d01eab3da7112deb5146b2b3
tcn,electrode,43,bandpass_n20001_cLA_V6_electrode_s15,phase2/results/predictions/full/electrode/tcn/seed_43/bandpass_n20001_cLA_V6_electrode_s15.npz,76371,69fb6e06baa3d70545a499cdb3da3cd320a4228ce96872e98c37362216d36571
tcn,electrode,43,bandpass_n20001_cLA_V6_electrode_s10,phase2/results/predictions/full/electrode/tcn/seed_43/bandpass_n20001_cLA_V6_electrode_s10.npz,76337,2534c471760c9305ce159ff7b6d2bd79a4a84002912eaf9c64ae05422f5a6f7a
tcn,electrode,43,bandpass_n20001_cLA_V6_electrode_s5,phase2/results/predictions/full/electrode/tcn/seed_43/bandpass_n20001_cLA_V6_electrode_s5.npz,76184,f981e94227e144419c82f686e93bc9efb19479ffc886062c4c1bee49ea3542ac
tcn,electrode,43,bandpass_n20001_cLA_V6_electrode_s0,phase2/results/predictions/full/electrode/tcn/seed_43/bandpass_n20001_cLA_V6_electrode_s0.npz,75867,60b450b58d0ab1bda02897bf6216516bf4079a60613f9bc72560e8c30a8fa3f3
tcn,electrode,43,bandpass_n20001_cLA_V6_covariance_s20,phase2/results/predictions/full/electrode/tcn/seed_43/bandpass_n20001_cLA_V6_covariance_s20.npz,76409,6e7316cd4e44c0dd9124ad46b43399409231559a155ee6ad3e526e91598a8e37
tcn,electrode,43,bandpass_n20001_cLA_V6_covariance_s15,phase2/results/predictions/full/electrode/tcn/seed_43/bandpass_n20001_cLA_V6_covariance_s15.npz,76401,1b6b1ae80f5845e889429165bd00d4e21ffcf64d1f66ff8ee6677bdb5a736449
tcn,electrode,43,bandpass_n20001_cLA_V6_covariance_s10,phase2/results/predictions/full/electrode/tcn/seed_43/bandpass_n20001_cLA_V6_covariance_s10.npz,76355,a582bbe6177e8e06133c3e3489d6a67ff96dd68d961e391f5943fe686ab465f6
tcn,electrode,43,bandpass_n20001_cLA_V6_covariance_s5,phase2/results/predictions/full/electrode/tcn/seed_43/bandpass_n20001_cLA_V6_covariance_s5.npz,76215,cc281e0504987232d6da7bd52e7ccb734655e96a148afe455f1482f2ed56aa57
tcn,electrode,43,bandpass_n20001_cLA_V6_covariance_s0,phase2/results/predictions/full/electrode/tcn/seed_43/bandpass_n20001_cLA_V6_covariance_s0.npz,75869,fc3ec76038dd69541174b277dead234dff4f9b75c36a22b32f32396f253b70c4
tcn,electrode,43,bandpass_n20001_cLL_V4_independent_rms_s20,phase2/results/predictions/full/electrode/tcn/seed_43/bandpass_n20001_cLL_V4_independent_rms_s20.npz,76407,2f460cc889b71e3d04a2a2ced2d19c2eb3f9556f618ac15055a820b3473aab2c
tcn,electrode,43,bandpass_n20001_cLL_V4_independent_rms_s15,phase2/results/predictions/full/electrode/tcn/seed_43/bandpass_n20001_cLL_V4_independent_rms_s15.npz,76382,3597752544fc3c0d407006c75695394defa27da66bb8916a76e52307cb197866
tcn,electrode,43,bandpass_n20001_cLL_V4_independent_rms_s10,phase2/results/predictions/full/electrode/tcn/seed_43/bandpass_n20001_cLL_V4_independent_rms_s10.npz,76367,d3949cbfb235ebc3248b29730f12907bbae1fc3098c6d90008a42d149376729c
tcn,electrode,43,bandpass_n20001_cLL_V4_independent_rms_s5,phase2/results/predictions/full/electrode/tcn/seed_43/bandpass_n20001_cLL_V4_independent_rms_s5.npz,76290,7396159d7b7e25fe39294ca2917186c6f6fa7714f0fc194fe990b0babc1dd241
tcn,electrode,43,bandpass_n20001_cLL_V4_independent_rms_s0,phase2/results/predictions/full/electrode/tcn/seed_43/bandpass_n20001_cLL_V4_independent_rms_s0.npz,76006,0bb13a53636a8ac14d1210114095ea6652a8c7725d72541a7dbd7e95e9edcfd4
tcn,electrode,43,bandpass_n20001_cLL_V4_electrode_s20,phase2/results/predictions/full/electrode/tcn/seed_43/bandpass_n20001_cLL_V4_electrode_s20.npz,76398,ca1d2a0e5f4e6721f80f1aeb0a40f3128d96a99d133a29078bba152602c4c679
tcn,electrode,43,bandpass_n20001_cLL_V4_electrode_s15,phase2/results/predictions/full/electrode/tcn/seed_43/bandpass_n20001_cLL_V4_electrode_s15.npz,76352,2478412b8bd198fcb4aba2f3248e895c9eaee1a96445a9433b336093ccd233ee
tcn,electrode,43,bandpass_n20001_cLL_V4_electrode_s10,phase2/results/predictions/full/electrode/tcn/seed_43/bandpass_n20001_cLL_V4_electrode_s10.npz,76319,e40175a65436b370934ad1caf43a85c44770e503dd7e9ffd09200a45f8b5fcb9
tcn,electrode,43,bandpass_n20001_cLL_V4_electrode_s5,phase2/results/predictions/full/electrode/tcn/seed_43/bandpass_n20001_cLL_V4_electrode_s5.npz,76169,1e8e06121864799a9828be62a2a60487e7fa4b595378d0e8e819c4fadb98f11d
tcn,electrode,43,bandpass_n20001_cLL_V4_electrode_s0,phase2/results/predictions/full/electrode/tcn/seed_43/bandpass_n20001_cLL_V4_electrode_s0.npz,75898,2fcdcbf7773e222ee8059ec2d019162ce76ddfd2404c32a397629ab1ba80efc6
tcn,electrode,43,bandpass_n20001_cLL_V4_covariance_s20,phase2/results/predictions/full/electrode/tcn/seed_43/bandpass_n20001_cLL_V4_covariance_s20.npz,76365,245c3b071935035f061a142ab02509e7edb79a31a436475ad352cbda5f277fba
tcn,electrode,43,bandpass_n20001_cLL_V4_covariance_s15,phase2/results/predictions/full/electrode/tcn/seed_43/bandpass_n20001_cLL_V4_covariance_s15.npz,76378,7061f82ff0aa5cde9b14f31d54da658ba862e55b0b02f72c2c65802443c4d271
tcn,electrode,43,bandpass_n20001_cLL_V4_covariance_s10,phase2/results/predictions/full/electrode/tcn/seed_43/bandpass_n20001_cLL_V4_covariance_s10.npz,76295,5c26214707d208be43c2a99034597a6fde8363d4f8eace30e3c3a9a9b481647f
tcn,electrode,43,bandpass_n20001_cLL_V4_covariance_s5,phase2/results/predictions/full/electrode/tcn/seed_43/bandpass_n20001_cLL_V4_covariance_s5.npz,76215,d6d65941943fe0b08c73398853aa7274ef89f4cd49aa0dc5297c1f01f5744bbb
tcn,electrode,43,bandpass_n20001_cLL_V4_covariance_s0,phase2/results/predictions/full/electrode/tcn/seed_43/bandpass_n20001_cLL_V4_covariance_s0.npz,75895,16e1f9df5a0c3ab9730b1092e9bb478d7124104b989fcb239daf6bb2c894961f
tcn,electrode,43,bandpass_n20001_cRA_LA_V1_V6_independent_rms_s20,phase2/results/predictions/full/electrode/tcn/seed_43/bandpass_n20001_cRA_LA_V1_V6_independent_rms_s20.npz,76418,38caa54553cf7fe2e8610e7a5184b0b55244aadc45163d41aaac0cd4c187efd2
tcn,electrode,43,bandpass_n20001_cRA_LA_V1_V6_independent_rms_s15,phase2/results/predictions/full/electrode/tcn/seed_43/bandpass_n20001_cRA_LA_V1_V6_independent_rms_s15.npz,76409,d93f296d8dad068850a0feb19559bb22fc936705a6824a4ccf3295b12a7ceb50
tcn,electrode,43,bandpass_n20001_cRA_LA_V1_V6_independent_rms_s10,phase2/results/predictions/full/electrode/tcn/seed_43/bandpass_n20001_cRA_LA_V1_V6_independent_rms_s10.npz,76360,23cf4c525a3c3b04cf62b9c65073c235b1017ecc751a7f0d7785530e18a9ab72
tcn,electrode,43,bandpass_n20001_cRA_LA_V1_V6_independent_rms_s5,phase2/results/predictions/full/electrode/tcn/seed_43/bandpass_n20001_cRA_LA_V1_V6_independent_rms_s5.npz,76256,6fae76b5ffdbc766c6903db3d80a7ecd961ade5c241779cf0da3b92f335f2bfc
tcn,electrode,43,bandpass_n20001_cRA_LA_V1_V6_independent_rms_s0,phase2/results/predictions/full/electrode/tcn/seed_43/bandpass_n20001_cRA_LA_V1_V6_independent_rms_s0.npz,75972,4071dc83dad94f893cd50a8f233a1f4d15e97933381f20ee60d71751d4c37dd5
tcn,electrode,43,bandpass_n20001_cRA_LA_V1_V6_electrode_s20,phase2/results/predictions/full/electrode/tcn/seed_43/bandpass_n20001_cRA_LA_V1_V6_electrode_s20.npz,76401,d74906a169fc5100dfa3f91ee157a0f56596ce00c3048271ccd98d41c6f52cd6
tcn,electrode,43,bandpass_n20001_cRA_LA_V1_V6_electrode_s15,phase2/results/predictions/full/electrode/tcn/seed_43/bandpass_n20001_cRA_LA_V1_V6_electrode_s15.npz,76347,5e3374432e9f726e549290b5e5bf95b3566037cc93a79ee79a8c2d5d985b35fd
tcn,electrode,43,bandpass_n20001_cRA_LA_V1_V6_electrode_s10,phase2/results/predictions/full/electrode/tcn/seed_43/bandpass_n20001_cRA_LA_V1_V6_electrode_s10.npz,76286,6b4b739d193fc3b4bc242355cbbbdbf579d757f7c0ec8989ce21d09af5ee2451
tcn,electrode,43,bandpass_n20001_cRA_LA_V1_V6_electrode_s5,phase2/results/predictions/full/electrode/tcn/seed_43/bandpass_n20001_cRA_LA_V1_V6_electrode_s5.npz,76153,4b61b49e121ac321fd54bdd3c9b80823bbc44f39b5234806b9fee7ebe77bcd23
tcn,electrode,43,bandpass_n20001_cRA_LA_V1_V6_electrode_s0,phase2/results/predictions/full/electrode/tcn/seed_43/bandpass_n20001_cRA_LA_V1_V6_electrode_s0.npz,75733,e65c8f9ecbbcfd9ea22d1ce497ce57d582e531a43f5bef882bb0ee23da7fc23a
tcn,electrode,43,bandpass_n20001_cRA_LA_V1_V6_covariance_s20,phase2/results/predictions/full/electrode/tcn/seed_43/bandpass_n20001_cRA_LA_V1_V6_covariance_s20.npz,76379,7e9b962708b7edfcd685b846c3cbc1c33eff5445b144686bc5476544da0beb15
tcn,electrode,43,bandpass_n20001_cRA_LA_V1_V6_covariance_s15,phase2/results/predictions/full/electrode/tcn/seed_43/bandpass_n20001_cRA_LA_V1_V6_covariance_s15.npz,76391,990a1a3abede7a9c70aaf4aca4e96511ec165deb474b3249d524ab12ecbdeae0
tcn,electrode,43,bandpass_n20001_cRA_LA_V1_V6_covariance_s10,phase2/results/predictions/full/electrode/tcn/seed_43/bandpass_n20001_cRA_LA_V1_V6_covariance_s10.npz,76291,5876a0ae6c0cadbd731ca5a01c97f552d78b167e70b5e4be0b06397bf569fbda
tcn,electrode,43,bandpass_n20001_cRA_LA_V1_V6_covariance_s5,phase2/results/predictions/full/electrode/tcn/seed_43/bandpass_n20001_cRA_LA_V1_V6_covariance_s5.npz,76156,3e70ba52aa29ff62c74b6f51325e1e5365117868a061336dafe48dc8cd85afaa
tcn,electrode,43,bandpass_n20001_cRA_LA_V1_V6_covariance_s0,phase2/results/predictions/full/electrode/tcn/seed_43/bandpass_n20001_cRA_LA_V1_V6_covariance_s0.npz,75706,8d5f468b41682ced88392e388a56409d16b68f516ac2d141a3f22cca57da1945
tcn,electrode,43,bandpass_n20001_cRA_V2_V5_independent_rms_s20,phase2/results/predictions/full/electrode/tcn/seed_43/bandpass_n20001_cRA_V2_V5_independent_rms_s20.npz,76420,8a3e806c47461190739bb04f264f68505c86d9a5bf8c72a252f839a203046c5b
tcn,electrode,43,bandpass_n20001_cRA_V2_V5_independent_rms_s15,phase2/results/predictions/full/electrode/tcn/seed_43/bandpass_n20001_cRA_V2_V5_independent_rms_s15.npz,76410,7932d62da30a721fa20ac11dfcb5ff22f1f0311cf69e14fe6d8464ecbbb738c7
tcn,electrode,43,bandpass_n20001_cRA_V2_V5_independent_rms_s10,phase2/results/predictions/full/electrode/tcn/seed_43/bandpass_n20001_cRA_V2_V5_independent_rms_s10.npz,76355,9aea449307fa7ea48fd4e5931f021e7cc75d85816701c7045870b38e09473b0f
tcn,electrode,43,bandpass_n20001_cRA_V2_V5_independent_rms_s5,phase2/results/predictions/full/electrode/tcn/seed_43/bandpass_n20001_cRA_V2_V5_independent_rms_s5.npz,76257,31c15b6159befdf7a3a7299414438457550a934b062e21a648d7edcf8a5a3a75
tcn,electrode,43,bandpass_n20001_cRA_V2_V5_independent_rms_s0,phase2/results/predictions/full/electrode/tcn/seed_43/bandpass_n20001_cRA_V2_V5_independent_rms_s0.npz,75988,ef2f3d6e44554c78a98e3a5c3b470b0889b3fda9944f0d7e2b1062254aaa87af
tcn,electrode,43,bandpass_n20001_cRA_V2_V5_electrode_s20,phase2/results/predictions/full/electrode/tcn/seed_43/bandpass_n20001_cRA_V2_V5_electrode_s20.npz,76393,af5cf126820db9ea06defb09af5fd2db4250a8a9f5a19c9e8bf29dee820756a8
tcn,electrode,43,bandpass_n20001_cRA_V2_V5_electrode_s15,phase2/results/predictions/full/electrode/tcn/seed_43/bandpass_n20001_cRA_V2_V5_electrode_s15.npz,76379,b43f2261ed28a58c3291c170d9c5609b55fb4a34b5a275f569d7a8228370bf50
tcn,electrode,43,bandpass_n20001_cRA_V2_V5_electrode_s10,phase2/results/predictions/full/electrode/tcn/seed_43/bandpass_n20001_cRA_V2_V5_electrode_s10.npz,76281,707e42fcbd4ebd6df839fba27aba7a98693ff4c2d5440adb055fc398a4715e92
tcn,electrode,43,bandpass_n20001_cRA_V2_V5_electrode_s5,phase2/results/predictions/full/electrode/tcn/seed_43/bandpass_n20001_cRA_V2_V5_electrode_s5.npz,76135,450a67e306990f0bf21c60114d9bd5bd9b89649e0b199f857e2e537b8926561d
tcn,electrode,43,bandpass_n20001_cRA_V2_V5_electrode_s0,phase2/results/predictions/full/electrode/tcn/seed_43/bandpass_n20001_cRA_V2_V5_electrode_s0.npz,75648,3e50801e073853f81540c36ee05fe734c4b1b3dca05852cf37c60d49e7fee7d1
tcn,electrode,43,bandpass_n20001_cRA_V2_V5_covariance_s20,phase2/results/predictions/full/electrode/tcn/seed_43/bandpass_n20001_cRA_V2_V5_covariance_s20.npz,76384,a9849b6d5e2b5efa8fb13e128efe63a63b13283c898c93dfe49eaeea532878f4
tcn,electrode,43,bandpass_n20001_cRA_V2_V5_covariance_s15,phase2/results/predictions/full/electrode/tcn/seed_43/bandpass_n20001_cRA_V2_V5_covariance_s15.npz,76375,ac8d8483994acaa4274a6dd79ebac216a4e81bc2e032809731635e07d62f067e
tcn,electrode,43,bandpass_n20001_cRA_V2_V5_covariance_s10,phase2/results/predictions/full/electrode/tcn/seed_43/bandpass_n20001_cRA_V2_V5_covariance_s10.npz,76292,a1ba4145ca6c792a1827049c33437956ec2118f485849a39b759e991c1560c68
tcn,electrode,43,bandpass_n20001_cRA_V2_V5_covariance_s5,phase2/results/predictions/full/electrode/tcn/seed_43/bandpass_n20001_cRA_V2_V5_covariance_s5.npz,76116,5fe8e4464c2cb38284277ecf13ee691a45915a9719c3af27a63f11616a5077b5
tcn,electrode,43,bandpass_n20001_cRA_V2_V5_covariance_s0,phase2/results/predictions/full/electrode/tcn/seed_43/bandpass_n20001_cRA_V2_V5_covariance_s0.npz,75654,4adc275de21dae9b701074322779b7632b1e30f0c7bd64d0f473701f55e59cc0
tcn,electrode,43,bandpass_n20001_cLA_V3_V6_independent_rms_s20,phase2/results/predictions/full/electrode/tcn/seed_43/bandpass_n20001_cLA_V3_V6_independent_rms_s20.npz,76409,501301771f24c909c77d52ebb5a16aae61dd3409055708f61dd4274e5c6e8e45
tcn,electrode,43,bandpass_n20001_cLA_V3_V6_independent_rms_s15,phase2/results/predictions/full/electrode/tcn/seed_43/bandpass_n20001_cLA_V3_V6_independent_rms_s15.npz,76417,e638c23bff074c0371235bfdc7fb3202b6e977c10f0b215c9fa9d6b859987c2b
tcn,electrode,43,bandpass_n20001_cLA_V3_V6_independent_rms_s10,phase2/results/predictions/full/electrode/tcn/seed_43/bandpass_n20001_cLA_V3_V6_independent_rms_s10.npz,76377,fe52535461034cf7d3f6a774a6cb0e37f642c88eb97d02fe5cc84f175c599090
tcn,electrode,43,bandpass_n20001_cLA_V3_V6_independent_rms_s5,phase2/results/predictions/full/electrode/tcn/seed_43/bandpass_n20001_cLA_V3_V6_independent_rms_s5.npz,76238,57515fe60e20418ce4e511d6106888ccf8883d9c4c3cc9b443a5442f305b2cef
tcn,electrode,43,bandpass_n20001_cLA_V3_V6_independent_rms_s0,phase2/results/predictions/full/electrode/tcn/seed_43/bandpass_n20001_cLA_V3_V6_independent_rms_s0.npz,76007,64c2f654cd54823b2f63e2dfb79f623196665f8c5e618bfbfa78ae0346039d0c
tcn,electrode,43,bandpass_n20001_cLA_V3_V6_electrode_s20,phase2/results/predictions/full/electrode/tcn/seed_43/bandpass_n20001_cLA_V3_V6_electrode_s20.npz,76407,b55efe1d022692d821726f5016f0fab70778891dd1b1172e3c80815073b3fd7a
tcn,electrode,43,bandpass_n20001_cLA_V3_V6_electrode_s15,phase2/results/predictions/full/electrode/tcn/seed_43/bandpass_n20001_cLA_V3_V6_electrode_s15.npz,76368,b178f02eceec05b67781b23e2b87401ce06fb26f8b1014556e00902101041c96
tcn,electrode,43,bandpass_n20001_cLA_V3_V6_electrode_s10,phase2/results/predictions/full/electrode/tcn/seed_43/bandpass_n20001_cLA_V3_V6_electrode_s10.npz,76342,554658f423a7d98220eee6b448736f93135df2dc912c01779a54f2b8199c2f69
tcn,electrode,43,bandpass_n20001_cLA_V3_V6_electrode_s5,phase2/results/predictions/full/electrode/tcn/seed_43/bandpass_n20001_cLA_V3_V6_electrode_s5.npz,76205,2a5426feaa5477d98e2d74c837212692668482cb55cb101860392959a6ffd7f3
tcn,electrode,43,bandpass_n20001_cLA_V3_V6_electrode_s0,phase2/results/predictions/full/electrode/tcn/seed_43/bandpass_n20001_cLA_V3_V6_electrode_s0.npz,75942,e0337998ad591e97e3edd1d4c5aa46f5dcce704ceeb890b6fcf1a65ac17d0175
tcn,electrode,43,bandpass_n20001_cLA_V3_V6_covariance_s20,phase2/results/predictions/full/electrode/tcn/seed_43/bandpass_n20001_cLA_V3_V6_covariance_s20.npz,76378,11bd4117343a82cef5ebf3757c1cf0941338c184b50271d37a23a0c60f867f44
tcn,electrode,43,bandpass_n20001_cLA_V3_V6_covariance_s15,phase2/results/predictions/full/electrode/tcn/seed_43/bandpass_n20001_cLA_V3_V6_covariance_s15.npz,76391,4e20046d8456fd2a27bac6e5833117666e9b122c02a59d46b3b3aa50be3b4eb5
tcn,electrode,43,bandpass_n20001_cLA_V3_V6_covariance_s10,phase2/results/predictions/full/electrode/tcn/seed_43/bandpass_n20001_cLA_V3_V6_covariance_s10.npz,76352,10d4fc5a0774a96b1c24fd67c2619cbef720f986f97e892be9cea0ae905f5b2a
tcn,electrode,43,bandpass_n20001_cLA_V3_V6_covariance_s5,phase2/results/predictions/full/electrode/tcn/seed_43/bandpass_n20001_cLA_V3_V6_covariance_s5.npz,76250,6fa5e1f1bc098889b274afc3a84bd1914ebe4eff536233e74f6b18add0ca8349
tcn,electrode,43,bandpass_n20001_cLA_V3_V6_covariance_s0,phase2/results/predictions/full/electrode/tcn/seed_43/bandpass_n20001_cLA_V3_V6_covariance_s0.npz,75931,cf4fb62e8483a2d90d43077daf7f38bc8ed36ab43afe5708791279312dbe18c7
tcn,electrode,43,bandpass_n20001_cLL_V1_V4_independent_rms_s20,phase2/results/predictions/full/electrode/tcn/seed_43/bandpass_n20001_cLL_V1_V4_independent_rms_s20.npz,76411,3d8b7e9d4bf6e1872d8459aed27ebfaed9c0b1dccf6cd6d6edc669e0e3b5dd05
tcn,electrode,43,bandpass_n20001_cLL_V1_V4_independent_rms_s15,phase2/results/predictions/full/electrode/tcn/seed_43/bandpass_n20001_cLL_V1_V4_independent_rms_s15.npz,76345,2e449bdc561b6a28ea75195a81af240d9e41752480b467a35b27cfe85154a31a
tcn,electrode,43,bandpass_n20001_cLL_V1_V4_independent_rms_s10,phase2/results/predictions/full/electrode/tcn/seed_43/bandpass_n20001_cLL_V1_V4_independent_rms_s10.npz,76356,9b38c9bbc288e0675eade386c860cc244d7efc77df08f2208171601865b8381b
tcn,electrode,43,bandpass_n20001_cLL_V1_V4_independent_rms_s5,phase2/results/predictions/full/electrode/tcn/seed_43/bandpass_n20001_cLL_V1_V4_independent_rms_s5.npz,76260,7d01ced012cacac26d3e386259fe0752124411347d0c4f5d4b6a7e75601842c5
tcn,electrode,43,bandpass_n20001_cLL_V1_V4_independent_rms_s0,phase2/results/predictions/full/electrode/tcn/seed_43/bandpass_n20001_cLL_V1_V4_independent_rms_s0.npz,75992,94499e574ce359b98bc567759afcd87f545d4baea33679bee6305f98f60be877
tcn,electrode,43,bandpass_n20001_cLL_V1_V4_electrode_s20,phase2/results/predictions/full/electrode/tcn/seed_43/bandpass_n20001_cLL_V1_V4_electrode_s20.npz,76395,6a80d482f59ece705716be78a5bd8ecaa155ebad0b7d57c3860ba633e033cf4c
tcn,electrode,43,bandpass_n20001_cLL_V1_V4_electrode_s15,phase2/results/predictions/full/electrode/tcn/seed_43/bandpass_n20001_cLL_V1_V4_electrode_s15.npz,76374,536f3a2a39625dd41776fc510988fdfe2c95cd5eab84dcc47233568e370b0b24
tcn,electrode,43,bandpass_n20001_cLL_V1_V4_electrode_s10,phase2/results/predictions/full/electrode/tcn/seed_43/bandpass_n20001_cLL_V1_V4_electrode_s10.npz,76324,ec39f2c62682cfc315055cc32f6dd56295e6c116cbfdf451497bf42a4ed56487
tcn,electrode,43,bandpass_n20001_cLL_V1_V4_electrode_s5,phase2/results/predictions/full/electrode/tcn/seed_43/bandpass_n20001_cLL_V1_V4_electrode_s5.npz,76186,8ccddffa9394b789a78465d47df53527c5b321208065b9f97f655104da2d2285
tcn,electrode,43,bandpass_n20001_cLL_V1_V4_electrode_s0,phase2/results/predictions/full/electrode/tcn/seed_43/bandpass_n20001_cLL_V1_V4_electrode_s0.npz,75885,aa5de64f7f823f3506387c3f6dd6c4078852f1d87c4c98b9a08cf1b574ec4402
tcn,electrode,43,bandpass_n20001_cLL_V1_V4_covariance_s20,phase2/results/predictions/full/electrode/tcn/seed_43/bandpass_n20001_cLL_V1_V4_covariance_s20.npz,76405,ed7aed10db2b275c18039344b41aaf872fc3828ff8700aa966bd173f31f34803
tcn,electrode,43,bandpass_n20001_cLL_V1_V4_covariance_s15,phase2/results/predictions/full/electrode/tcn/seed_43/bandpass_n20001_cLL_V1_V4_covariance_s15.npz,76357,3df0b86adc4a84a36b9f0ccd1fb2f5ac0a622c95529c5ddbb97988afd1539dda
tcn,electrode,43,bandpass_n20001_cLL_V1_V4_covariance_s10,phase2/results/predictions/full/electrode/tcn/seed_43/bandpass_n20001_cLL_V1_V4_covariance_s10.npz,76313,25ac744c011208ae1b7d409094d95a2bfa12579df0655222636c6f0edf18752d
tcn,electrode,43,bandpass_n20001_cLL_V1_V4_covariance_s5,phase2/results/predictions/full/electrode/tcn/seed_43/bandpass_n20001_cLL_V1_V4_covariance_s5.npz,76175,9efc9450af18730aa2b4d5c963dae1457290947c4734834db07fe881023e6244
tcn,electrode,43,bandpass_n20001_cLL_V1_V4_covariance_s0,phase2/results/predictions/full/electrode/tcn/seed_43/bandpass_n20001_cLL_V1_V4_covariance_s0.npz,75917,469fef4ac5d450fded7bcb70137cb7172d255e1d1ced45cfbc1a7b4f44c5d994
tcn,electrode,43,bandpass_n20001_call_independent_rms_s20,phase2/results/predictions/full/electrode/tcn/seed_43/bandpass_n20001_call_independent_rms_s20.npz,76368,9378171c901e621f949ba9a5a80e631f108db1b82f6e96e0a2f638d553f121d7
tcn,electrode,43,bandpass_n20001_call_independent_rms_s15,phase2/results/predictions/full/electrode/tcn/seed_43/bandpass_n20001_call_independent_rms_s15.npz,76334,6862fcf15dc7744f610919ee3e3ec88fc756019758b4b00f0ff25a39e600971c
tcn,electrode,43,bandpass_n20001_call_independent_rms_s10,phase2/results/predictions/full/electrode/tcn/seed_43/bandpass_n20001_call_independent_rms_s10.npz,76342,53bb065bd297cb618909d06ad6f0c81825f984a2c25cb1a9ada0634db3e80fbf
tcn,electrode,43,bandpass_n20001_call_independent_rms_s5,phase2/results/predictions/full/electrode/tcn/seed_43/bandpass_n20001_call_independent_rms_s5.npz,76197,f2a0c9348ac20486db4c92cb13fea7c9ada3829951b5146ec8a6aae6812ee311
tcn,electrode,43,bandpass_n20001_call_independent_rms_s0,phase2/results/predictions/full/electrode/tcn/seed_43/bandpass_n20001_call_independent_rms_s0.npz,75965,7706b1250933b7b694e91a24839c94acba9d86a5a49ba1c98317933677447bb5
tcn,electrode,43,bandpass_n20001_call_electrode_s20,phase2/results/predictions/full/electrode/tcn/seed_43/bandpass_n20001_call_electrode_s20.npz,76366,319b1ae608454da574880ecb30d486e1ac134ffc0bb56164002949a0109aeeef
tcn,electrode,43,bandpass_n20001_call_electrode_s15,phase2/results/predictions/full/electrode/tcn/seed_43/bandpass_n20001_call_electrode_s15.npz,76343,c5bef3d6bb7490deb3be2c4e99b076aaa6ecfe76ec5fe51533f835218cc004f9
tcn,electrode,43,bandpass_n20001_call_electrode_s10,phase2/results/predictions/full/electrode/tcn/seed_43/bandpass_n20001_call_electrode_s10.npz,76294,5f1f3264ce6b392d6fd98d0f5652fa442e4df8a4ba5168c98e32a27a88c06ee4
tcn,electrode,43,bandpass_n20001_call_electrode_s5,phase2/results/predictions/full/electrode/tcn/seed_43/bandpass_n20001_call_electrode_s5.npz,76117,9d3214611eaad1dc6fcdb986d23b4a16c9ced51f1b38a0dee01be9a02808fe15
tcn,electrode,43,bandpass_n20001_call_electrode_s0,phase2/results/predictions/full/electrode/tcn/seed_43/bandpass_n20001_call_electrode_s0.npz,75734,df65f4674fedd50a64e2f1f6361f383e7566a99e4780a2289cac07a17d60832e
tcn,electrode,43,bandpass_n20001_call_covariance_s20,phase2/results/predictions/full/electrode/tcn/seed_43/bandpass_n20001_call_covariance_s20.npz,76391,d84dd04b34f2554a6aaaf52fe4d2d4faa2b5498e1a683c1d3c934c242c18571c
tcn,electrode,43,bandpass_n20001_call_covariance_s15,phase2/results/predictions/full/electrode/tcn/seed_43/bandpass_n20001_call_covariance_s15.npz,76313,ff54d688997f66209dc61e6ee4729b0d207522e9c629e7a0183184993191c0be
tcn,electrode,43,bandpass_n20001_call_covariance_s10,phase2/results/predictions/full/electrode/tcn/seed_43/bandpass_n20001_call_covariance_s10.npz,76290,6c176574a63ede097494c316dbb14869c237e6d789c3b2572e2231dd830ce2c9
tcn,electrode,43,bandpass_n20001_call_covariance_s5,phase2/results/predictions/full/electrode/tcn/seed_43/bandpass_n20001_call_covariance_s5.npz,76136,3af7c0ef2a6fb6a884a4d4a97cc235a15dcdf74a9b441b2a9ac6a1f50aad35ae
tcn,electrode,43,bandpass_n20001_call_covariance_s0,phase2/results/predictions/full/electrode/tcn/seed_43/bandpass_n20001_call_covariance_s0.npz,75764,fb315ee7119869889d2bae927be7abf6604a52ef9668cdacfc46706155b50a48
tcn,electrode,43,bandpass_n20002_cRA_LA_LL_independent_rms_s20,phase2/results/predictions/full/electrode/tcn/seed_43/bandpass_n20002_cRA_LA_LL_independent_rms_s20.npz,76422,9a70e037392d72233db3702f6e52e1cb0b688fb3f1e3a197aa6ab3a50c3c406b
tcn,electrode,43,bandpass_n20002_cRA_LA_LL_independent_rms_s15,phase2/results/predictions/full/electrode/tcn/seed_43/bandpass_n20002_cRA_LA_LL_independent_rms_s15.npz,76388,ff66c75b1081d404fbbd1383b9281965ea6b233f42ef9d5e663b09d35130c61f
tcn,electrode,43,bandpass_n20002_cRA_LA_LL_independent_rms_s10,phase2/results/predictions/full/electrode/tcn/seed_43/bandpass_n20002_cRA_LA_LL_independent_rms_s10.npz,76362,47b3f678c11f4d0122c5880b4fbbcb87ed09b95d1a07a40efed3acc362cd7cbf
tcn,electrode,43,bandpass_n20002_cRA_LA_LL_independent_rms_s5,phase2/results/predictions/full/electrode/tcn/seed_43/bandpass_n20002_cRA_LA_LL_independent_rms_s5.npz,76217,7e3a04154db33c60ec94497a3fee1a385c3a786a2df009a05b5b44f28aab6b60
tcn,electrode,43,bandpass_n20002_cRA_LA_LL_independent_rms_s0,phase2/results/predictions/full/electrode/tcn/seed_43/bandpass_n20002_cRA_LA_LL_independent_rms_s0.npz,75965,1aff5c6de8e07d662671e130c3c1d02911bd66b0650c03702f70b50b27f205df
tcn,electrode,43,bandpass_n20002_cRA_LA_LL_electrode_s20,phase2/results/predictions/full/electrode/tcn/seed_43/bandpass_n20002_cRA_LA_LL_electrode_s20.npz,76367,eecf8e83483dfada26f197aa40c3d7a51137fee0c209370a88e915d543bf7d73
tcn,electrode,43,bandpass_n20002_cRA_LA_LL_electrode_s15,phase2/results/predictions/full/electrode/tcn/seed_43/bandpass_n20002_cRA_LA_LL_electrode_s15.npz,76348,70fe1685545a0cbaa1b558d338ba2584c633788a703c6264e7f19322fd22439e
tcn,electrode,43,bandpass_n20002_cRA_LA_LL_electrode_s10,phase2/results/predictions/full/electrode/tcn/seed_43/bandpass_n20002_cRA_LA_LL_electrode_s10.npz,76279,4244cb01f440567f40650d9f3f8e6000a736161ea8698e0322deba48ccdf4a40
tcn,electrode,43,bandpass_n20002_cRA_LA_LL_electrode_s5,phase2/results/predictions/full/electrode/tcn/seed_43/bandpass_n20002_cRA_LA_LL_electrode_s5.npz,76143,e44bc2bfba7804f05b302d4037797d942a47eedb1337717eac992db399edd4a1
tcn,electrode,43,bandpass_n20002_cRA_LA_LL_electrode_s0,phase2/results/predictions/full/electrode/tcn/seed_43/bandpass_n20002_cRA_LA_LL_electrode_s0.npz,75625,7abb856b2bd23a605965c3f7c8ebe78ee1e91aaddd4752c1256c427250c0d616
tcn,electrode,43,bandpass_n20002_cRA_LA_LL_covariance_s20,phase2/results/predictions/full/electrode/tcn/seed_43/bandpass_n20002_cRA_LA_LL_covariance_s20.npz,76394,42ec5d21a50ab84404312631f55138a022223759f663d311982154565e13c113
tcn,electrode,43,bandpass_n20002_cRA_LA_LL_covariance_s15,phase2/results/predictions/full/electrode/tcn/seed_43/bandpass_n20002_cRA_LA_LL_covariance_s15.npz,76343,e3fcac5d9cd70fabfa0d289c7267d88bba8d45e620a246e8c204d6218cab0de0
tcn,electrode,43,bandpass_n20002_cRA_LA_LL_covariance_s10,phase2/results/predictions/full/electrode/tcn/seed_43/bandpass_n20002_cRA_LA_LL_covariance_s10.npz,76302,85f4a6be89b8c60b775f5176ac6bc264db1d4ec6dea20919fd0435759329d1e0
tcn,electrode,43,bandpass_n20002_cRA_LA_LL_covariance_s5,phase2/results/predictions/full/electrode/tcn/seed_43/bandpass_n20002_cRA_LA_LL_covariance_s5.npz,76140,5501ca1c47c4aa17e7ec9153923b1f49efca6976ea60dcf6717be75414f415b7
tcn,electrode,43,bandpass_n20002_cRA_LA_LL_covariance_s0,phase2/results/predictions/full/electrode/tcn/seed_43/bandpass_n20002_cRA_LA_LL_covariance_s0.npz,75700,28d235bd9b6348dbc66a3678f18147facfc6b68fc2c1efbdbeae654203afdda7
tcn,electrode,43,bandpass_n20002_cV1_independent_rms_s20,phase2/results/predictions/full/electrode/tcn/seed_43/bandpass_n20002_cV1_independent_rms_s20.npz,76394,4070216d5c14eb1f52271e59cde3a90f03a936ca18c2d9cde84b706fc65a86f8
tcn,electrode,43,bandpass_n20002_cV1_independent_rms_s15,phase2/results/predictions/full/electrode/tcn/seed_43/bandpass_n20002_cV1_independent_rms_s15.npz,76349,b852bda032e1fbaa0a9bb450f83baf05beb0ef24c2edac11dc603b9397fb5705
tcn,electrode,43,bandpass_n20002_cV1_independent_rms_s10,phase2/results/predictions/full/electrode/tcn/seed_43/bandpass_n20002_cV1_independent_rms_s10.npz,76308,8f11940844289406a95725590a640890ee624cd74ada5ef073eb6eaf84693ed1
tcn,electrode,43,bandpass_n20002_cV1_independent_rms_s5,phase2/results/predictions/full/electrode/tcn/seed_43/bandpass_n20002_cV1_independent_rms_s5.npz,76177,9c25c99b5f0d52c647794e4261d06e3560aff4fe38830e071e5147fae10fb99e
tcn,electrode,43,bandpass_n20002_cV1_independent_rms_s0,phase2/results/predictions/full/electrode/tcn/seed_43/bandpass_n20002_cV1_independent_rms_s0.npz,75929,7bb9859fae09e9e946ec49388cbc388080b944c98ef3ccc955c9feb6fd2b146b
tcn,electrode,43,bandpass_n20002_cV1_electrode_s20,phase2/results/predictions/full/electrode/tcn/seed_43/bandpass_n20002_cV1_electrode_s20.npz,76380,bb2b143fafa9855e67e2f914a868b46150589fdefe2cd16fa54fc68722203170
tcn,electrode,43,bandpass_n20002_cV1_electrode_s15,phase2/results/predictions/full/electrode/tcn/seed_43/bandpass_n20002_cV1_electrode_s15.npz,76346,854935e9bb34948db82e9d43f2f67b2c82e33a60bafa5520f2412202375f649a
tcn,electrode,43,bandpass_n20002_cV1_electrode_s10,phase2/results/predictions/full/electrode/tcn/seed_43/bandpass_n20002_cV1_electrode_s10.npz,76323,2cf63478bc1309a43b52881b4744aaeff939a1f76a318c0c309afdcd2d9b3681
tcn,electrode,43,bandpass_n20002_cV1_electrode_s5,phase2/results/predictions/full/electrode/tcn/seed_43/bandpass_n20002_cV1_electrode_s5.npz,76167,283a9476ead9237bb104a39277d0a751f13a8e5d6a0d18345df7b857f42ef8dc
tcn,electrode,43,bandpass_n20002_cV1_electrode_s0,phase2/results/predictions/full/electrode/tcn/seed_43/bandpass_n20002_cV1_electrode_s0.npz,75930,23d0506bc4e372887b26df262cb2ba6bca91254708d0d6c43e6485e847ce7cf0
tcn,electrode,43,bandpass_n20002_cV1_covariance_s20,phase2/results/predictions/full/electrode/tcn/seed_43/bandpass_n20002_cV1_covariance_s20.npz,76376,20482cce584234a65bda0673983052fc56b218a2da8132831611e9c12ab4a69a
tcn,electrode,43,bandpass_n20002_cV1_covariance_s15,phase2/results/predictions/full/electrode/tcn/seed_43/bandpass_n20002_cV1_covariance_s15.npz,76349,288f61906aaab06eb2f851228bafac67bceb4320463471684005dadd76196887
tcn,electrode,43,bandpass_n20002_cV1_covariance_s10,phase2/results/predictions/full/electrode/tcn/seed_43/bandpass_n20002_cV1_covariance_s10.npz,76340,2db5c5a4f8ffa83a016e0742383d636c66c283459ea853ff5e509abd4237d16d
tcn,electrode,43,bandpass_n20002_cV1_covariance_s5,phase2/results/predictions/full/electrode/tcn/seed_43/bandpass_n20002_cV1_covariance_s5.npz,76190,24bb7b31077d5609514ae159b2edae7505edb97be9a8f8b8ce9ca81acec06e50
tcn,electrode,43,bandpass_n20002_cV1_covariance_s0,phase2/results/predictions/full/electrode/tcn/seed_43/bandpass_n20002_cV1_covariance_s0.npz,75934,52f017f0a03065563b34f5041c59d024bafaf70188ae61b5e588ddb388bb9949
tcn,electrode,43,bandpass_n20002_cV2_independent_rms_s20,phase2/results/predictions/full/electrode/tcn/seed_43/bandpass_n20002_cV2_independent_rms_s20.npz,76387,1668e895fc8f98c829a12a891ad5c064256e46dc53448a7f5639ded678eb5b2b
tcn,electrode,43,bandpass_n20002_cV2_independent_rms_s15,phase2/results/predictions/full/electrode/tcn/seed_43/bandpass_n20002_cV2_independent_rms_s15.npz,76385,af29193f3c026a744f1442f655f4e89f13be4e01e8e4ab307d883bb1d55972f7
tcn,electrode,43,bandpass_n20002_cV2_independent_rms_s10,phase2/results/predictions/full/electrode/tcn/seed_43/bandpass_n20002_cV2_independent_rms_s10.npz,76354,db45023683fda94704eb00e39dba48ad182c2b1dd4150f2d095535515383e5db
tcn,electrode,43,bandpass_n20002_cV2_independent_rms_s5,phase2/results/predictions/full/electrode/tcn/seed_43/bandpass_n20002_cV2_independent_rms_s5.npz,76246,503b3d6dced4285f7b3f249e56b22803cadf2f5f9f5f768dd007edbb92c3434c
tcn,electrode,43,bandpass_n20002_cV2_independent_rms_s0,phase2/results/predictions/full/electrode/tcn/seed_43/bandpass_n20002_cV2_independent_rms_s0.npz,75992,920bb290ebb0ef77387d0a797889b44ad9d1f140c7b34431c993a9ff8eeec970
tcn,electrode,43,bandpass_n20002_cV2_electrode_s20,phase2/results/predictions/full/electrode/tcn/seed_43/bandpass_n20002_cV2_electrode_s20.npz,76390,5c34da0e24157a7b4e523fff3b4d8bc6ceaff6523da15b2a94f631b9bebee660
tcn,electrode,43,bandpass_n20002_cV2_electrode_s15,phase2/results/predictions/full/electrode/tcn/seed_43/bandpass_n20002_cV2_electrode_s15.npz,76354,602a1535f0833c3a1c40326315c9c917057978ff2d9a3d7a202b8fddfc035fe3
tcn,electrode,43,bandpass_n20002_cV2_electrode_s10,phase2/results/predictions/full/electrode/tcn/seed_43/bandpass_n20002_cV2_electrode_s10.npz,76326,e37e39f89926893104de68d0e1cf1be22da3521094567b455d95dad655ca221f
tcn,electrode,43,bandpass_n20002_cV2_electrode_s5,phase2/results/predictions/full/electrode/tcn/seed_43/bandpass_n20002_cV2_electrode_s5.npz,76218,52025483092b4659f5fcf35feca0e3e05b1c4c03e1aa639f679e7b1a89f5470c
tcn,electrode,43,bandpass_n20002_cV2_electrode_s0,phase2/results/predictions/full/electrode/tcn/seed_43/bandpass_n20002_cV2_electrode_s0.npz,75987,5234e152d80597a023a9a50e3dac6b63527640e0d729da620e2c775d93c34673
tcn,electrode,43,bandpass_n20002_cV2_covariance_s20,phase2/results/predictions/full/electrode/tcn/seed_43/bandpass_n20002_cV2_covariance_s20.npz,76382,9c31f0f0fb8031470125004519d37291809e2e914640178fb489336811709684
tcn,electrode,43,bandpass_n20002_cV2_covariance_s15,phase2/results/predictions/full/electrode/tcn/seed_43/bandpass_n20002_cV2_covariance_s15.npz,76376,5fd228eb045af455c3b9ac0197dc1bb1582792f8f8b8df7b795b27113e7da9da
tcn,electrode,43,bandpass_n20002_cV2_covariance_s10,phase2/results/predictions/full/electrode/tcn/seed_43/bandpass_n20002_cV2_covariance_s10.npz,76367,7f7aa96c25d7e9216426a434eca9ac1d41c8a06339c1b9fd9fc3f9032a59da9c
tcn,electrode,43,bandpass_n20002_cV2_covariance_s5,phase2/results/predictions/full/electrode/tcn/seed_43/bandpass_n20002_cV2_covariance_s5.npz,76196,dcb7e52a82fa467dde4d671a1eb65f57a4fe7883c31e25e7d1b90907355649af
tcn,electrode,43,bandpass_n20002_cV2_covariance_s0,phase2/results/predictions/full/electrode/tcn/seed_43/bandpass_n20002_cV2_covariance_s0.npz,75967,b3c9581294ed83d977f6248dfce19fe8ecc002a7cc6140eca593d305817c735f
tcn,electrode,43,bandpass_n20002_cV3_independent_rms_s20,phase2/results/predictions/full/electrode/tcn/seed_43/bandpass_n20002_cV3_independent_rms_s20.npz,76380,98512c776425d130ad6ee1fe3d4c1180234086a0a8102d206ff3d7e2b4c6e281
tcn,electrode,43,bandpass_n20002_cV3_independent_rms_s15,phase2/results/predictions/full/electrode/tcn/seed_43/bandpass_n20002_cV3_independent_rms_s15.npz,76390,66600d1e66be3b146e01d05df1ef3bdce9a0334ef8ae5e4f9dda6ebb5b726bc0
tcn,electrode,43,bandpass_n20002_cV3_independent_rms_s10,phase2/results/predictions/full/electrode/tcn/seed_43/bandpass_n20002_cV3_independent_rms_s10.npz,76365,547c8f7df8cc0b2104369441bf43be61630515f0461621c914c1c1c13590f2fb
tcn,electrode,43,bandpass_n20002_cV3_independent_rms_s5,phase2/results/predictions/full/electrode/tcn/seed_43/bandpass_n20002_cV3_independent_rms_s5.npz,76336,305ac26fca96743858ccbe8432f01925a146899307888ec6049d4a9dcf55d702
tcn,electrode,43,bandpass_n20002_cV3_independent_rms_s0,phase2/results/predictions/full/electrode/tcn/seed_43/bandpass_n20002_cV3_independent_rms_s0.npz,76157,8b06086e31100d37698b28b08e43ef7763d8af76959b09e3d71b759c341dba90
tcn,electrode,43,bandpass_n20002_cV3_electrode_s20,phase2/results/predictions/full/electrode/tcn/seed_43/bandpass_n20002_cV3_electrode_s20.npz,76396,bd36958810a5a3205699072f8665cbe29f4847b4b1bf9a32196bf12e232696c0
tcn,electrode,43,bandpass_n20002_cV3_electrode_s15,phase2/results/predictions/full/electrode/tcn/seed_43/bandpass_n20002_cV3_electrode_s15.npz,76377,9226b233f1aa7e087282b1f5553b94ed6309d3d4d22b49460a610df1baccc202
tcn,electrode,43,bandpass_n20002_cV3_electrode_s10,phase2/results/predictions/full/electrode/tcn/seed_43/bandpass_n20002_cV3_electrode_s10.npz,76338,db7e398b7d19cb27e0ecdb09f94ab4bbc1cb68fc9f19397239daef7d92f9a26f
tcn,electrode,43,bandpass_n20002_cV3_electrode_s5,phase2/results/predictions/full/electrode/tcn/seed_43/bandpass_n20002_cV3_electrode_s5.npz,76310,ffeff7337a82239664a2b04f2ddd8072ea568c526ae6b59036bdd767300c1bfb
tcn,electrode,43,bandpass_n20002_cV3_electrode_s0,phase2/results/predictions/full/electrode/tcn/seed_43/bandpass_n20002_cV3_electrode_s0.npz,76161,68589f3de279c08f344bf32e13a8ecd2539add4e74d20ffa27e6e5eb67def133
tcn,electrode,43,bandpass_n20002_cV3_covariance_s20,phase2/results/predictions/full/electrode/tcn/seed_43/bandpass_n20002_cV3_covariance_s20.npz,76365,7a3a5be8725084c357c036f5ed1886eb9ed493c52ad02c892f48a81281114f8c
tcn,electrode,43,bandpass_n20002_cV3_covariance_s15,phase2/results/predictions/full/electrode/tcn/seed_43/bandpass_n20002_cV3_covariance_s15.npz,76376,3756394db2eebfef64651b18d85005ac9b028926805760b439ea3ff7abbe2315
tcn,electrode,43,bandpass_n20002_cV3_covariance_s10,phase2/results/predictions/full/electrode/tcn/seed_43/bandpass_n20002_cV3_covariance_s10.npz,76352,1488bde2c9dbd5c53d8acf6ac529cf812c169a97587db9c67634e68004683e53
tcn,electrode,43,bandpass_n20002_cV3_covariance_s5,phase2/results/predictions/full/electrode/tcn/seed_43/bandpass_n20002_cV3_covariance_s5.npz,76301,96e15cda034091389908f2e5b734ea45f923d7e984ac829f710c79f964cda2a3
tcn,electrode,43,bandpass_n20002_cV3_covariance_s0,phase2/results/predictions/full/electrode/tcn/seed_43/bandpass_n20002_cV3_covariance_s0.npz,76152,fca8dc6656fff29d35411bdcfb27561bc4b688ec38eb0ddb856254c1ec6ba87a
tcn,electrode,43,bandpass_n20002_cV4_independent_rms_s20,phase2/results/predictions/full/electrode/tcn/seed_43/bandpass_n20002_cV4_independent_rms_s20.npz,76389,c0495999dc7d5f39816818b7523e1fa29b8f9735afed43b3f5b94d0edd254d2b
tcn,electrode,43,bandpass_n20002_cV4_independent_rms_s15,phase2/results/predictions/full/electrode/tcn/seed_43/bandpass_n20002_cV4_independent_rms_s15.npz,76361,ecdea569b4be332c122591538de0793998d337482d60bacdc3c690ae1123ae3e
tcn,electrode,43,bandpass_n20002_cV4_independent_rms_s10,phase2/results/predictions/full/electrode/tcn/seed_43/bandpass_n20002_cV4_independent_rms_s10.npz,76353,0c5196dca5039e02d3d22faf5ac8095a65a5db25ad12642c6ac891f874a3027c
tcn,electrode,43,bandpass_n20002_cV4_independent_rms_s5,phase2/results/predictions/full/electrode/tcn/seed_43/bandpass_n20002_cV4_independent_rms_s5.npz,76269,c8bd3eb470aae3492206658e3e60f81f9b65394733946412ae0dcff61c2312fe
tcn,electrode,43,bandpass_n20002_cV4_independent_rms_s0,phase2/results/predictions/full/electrode/tcn/seed_43/bandpass_n20002_cV4_independent_rms_s0.npz,76059,d912408c9552f65725d9ab4c0fbfd9bbc65bdf3e3adc17e8403ee672d9f25ce2
tcn,electrode,43,bandpass_n20002_cV4_electrode_s20,phase2/results/predictions/full/electrode/tcn/seed_43/bandpass_n20002_cV4_electrode_s20.npz,76368,489c667a3109059de2526aca833ce0c3d7110040702cf6983fe3593d3f01f7d3
tcn,electrode,43,bandpass_n20002_cV4_electrode_s15,phase2/results/predictions/full/electrode/tcn/seed_43/bandpass_n20002_cV4_electrode_s15.npz,76376,7890c1137d51b74d264a87ae2bee144cc2d87d42b3bc40b52857ad018605982a
tcn,electrode,43,bandpass_n20002_cV4_electrode_s10,phase2/results/predictions/full/electrode/tcn/seed_43/bandpass_n20002_cV4_electrode_s10.npz,76339,7006ca0e107fb08d13fad29aadde3a49ebc8b5b515b155c5e17466b9396b84e6
tcn,electrode,43,bandpass_n20002_cV4_electrode_s5,phase2/results/predictions/full/electrode/tcn/seed_43/bandpass_n20002_cV4_electrode_s5.npz,76241,effbc5c5cab90167410273d3892b0f4079c3e201bfe8705ad0c0bc1211454c61
tcn,electrode,43,bandpass_n20002_cV4_electrode_s0,phase2/results/predictions/full/electrode/tcn/seed_43/bandpass_n20002_cV4_electrode_s0.npz,76047,436849c4ae43477bc3afdf7df8e0b0c908cb2aa7b63312407cf7aeeadc7a9002
tcn,electrode,43,bandpass_n20002_cV4_covariance_s20,phase2/results/predictions/full/electrode/tcn/seed_43/bandpass_n20002_cV4_covariance_s20.npz,76360,e552732be3485d8cd05d7d927d66a5eb6a6cbb7cfb15d3ac1810e1977bccf140
tcn,electrode,43,bandpass_n20002_cV4_covariance_s15,phase2/results/predictions/full/electrode/tcn/seed_43/bandpass_n20002_cV4_covariance_s15.npz,76343,2bd49c70d72af4e5e232c1d806643c9041d16e4541cd0409701802aa00657517
tcn,electrode,43,bandpass_n20002_cV4_covariance_s10,phase2/results/predictions/full/electrode/tcn/seed_43/bandpass_n20002_cV4_covariance_s10.npz,76346,eca429bc89565ab350da2880859081d3ce1beafc16ed7118f33e7b8b28852b06
tcn,electrode,43,bandpass_n20002_cV4_covariance_s5,phase2/results/predictions/full/electrode/tcn/seed_43/bandpass_n20002_cV4_covariance_s5.npz,76259,5f3240befa523c32657550a9ceabc96ec49b855426bbdd93b97c8c5684fa75dd
tcn,electrode,43,bandpass_n20002_cV4_covariance_s0,phase2/results/predictions/full/electrode/tcn/seed_43/bandpass_n20002_cV4_covariance_s0.npz,76062,d703ecf77edee4980f352c8e45e3abfd1172c8987a83db804a4ee800266b3929
tcn,electrode,43,bandpass_n20002_cV5_independent_rms_s20,phase2/results/predictions/full/electrode/tcn/seed_43/bandpass_n20002_cV5_independent_rms_s20.npz,76384,53bcad9e769461c3734b1c080edc1d7dbaa7d1145b174de7e9406c4e970c0ba8
tcn,electrode,43,bandpass_n20002_cV5_independent_rms_s15,phase2/results/predictions/full/electrode/tcn/seed_43/bandpass_n20002_cV5_independent_rms_s15.npz,76345,75c177968d2ad17c0f20dd0501f2a7443f3c23d6103221c4ce34ecd7c00bdfbf
tcn,electrode,43,bandpass_n20002_cV5_independent_rms_s10,phase2/results/predictions/full/electrode/tcn/seed_43/bandpass_n20002_cV5_independent_rms_s10.npz,76348,ba55dd2a39aa8e7fdca33685043535db45fbc4a30b90b918634ef1f6d37dc32a
tcn,electrode,43,bandpass_n20002_cV5_independent_rms_s5,phase2/results/predictions/full/electrode/tcn/seed_43/bandpass_n20002_cV5_independent_rms_s5.npz,76217,0e5dd23befc0e3b97e345840b2ba0a59f4474b56ab9a986079ffdc944a3c1296
tcn,electrode,43,bandpass_n20002_cV5_independent_rms_s0,phase2/results/predictions/full/electrode/tcn/seed_43/bandpass_n20002_cV5_independent_rms_s0.npz,75938,5bbd443cb00dd18fe3ebb3b4876c3718cdf3f9b1c3841883df6452c2c16b4829
tcn,electrode,43,bandpass_n20002_cV5_electrode_s20,phase2/results/predictions/full/electrode/tcn/seed_43/bandpass_n20002_cV5_electrode_s20.npz,76373,f85b1392f80c373145c9709bd16c2b5882b756fd543c4e66b9936e935988b49d
tcn,electrode,43,bandpass_n20002_cV5_electrode_s15,phase2/results/predictions/full/electrode/tcn/seed_43/bandpass_n20002_cV5_electrode_s15.npz,76352,67d6ed667d2705078b4448ab90fffe6d672409af042e27619b5d34e0be54ec4c
tcn,electrode,43,bandpass_n20002_cV5_electrode_s10,phase2/results/predictions/full/electrode/tcn/seed_43/bandpass_n20002_cV5_electrode_s10.npz,76307,42a69907c3f51c4c3e9ba645084e8b0cee82fa566784942d1b48408e443c6608
tcn,electrode,43,bandpass_n20002_cV5_electrode_s5,phase2/results/predictions/full/electrode/tcn/seed_43/bandpass_n20002_cV5_electrode_s5.npz,76181,dadd874cd4f25653e33b6974da911950000ffb9285d47d243779eaba81874cd4
tcn,electrode,43,bandpass_n20002_cV5_electrode_s0,phase2/results/predictions/full/electrode/tcn/seed_43/bandpass_n20002_cV5_electrode_s0.npz,75963,23e184aff057d04eeda89dae93f716c40403b95b3b61dd82c4e833f18ed18377
tcn,electrode,43,bandpass_n20002_cV5_covariance_s20,phase2/results/predictions/full/electrode/tcn/seed_43/bandpass_n20002_cV5_covariance_s20.npz,76366,b86aa0315ebcfd282dc0c603342e71677c267964ac4533ed3fa352f8d2662de9
tcn,electrode,43,bandpass_n20002_cV5_covariance_s15,phase2/results/predictions/full/electrode/tcn/seed_43/bandpass_n20002_cV5_covariance_s15.npz,76364,c0b2ef1f576b7e0aef612baf58cb26c7fe273db83228cc22daab0dcc01eebe9d
tcn,electrode,43,bandpass_n20002_cV5_covariance_s10,phase2/results/predictions/full/electrode/tcn/seed_43/bandpass_n20002_cV5_covariance_s10.npz,76333,39ce75b43339cebc646db96b9919b728559d90ffbad16d27c268f0aef06b397d
tcn,electrode,43,bandpass_n20002_cV5_covariance_s5,phase2/results/predictions/full/electrode/tcn/seed_43/bandpass_n20002_cV5_covariance_s5.npz,76227,6f4b384a604afb14190f1b16f063ab817591506500d2b960178526511b57ce6a
tcn,electrode,43,bandpass_n20002_cV5_covariance_s0,phase2/results/predictions/full/electrode/tcn/seed_43/bandpass_n20002_cV5_covariance_s0.npz,75974,07a3d5766be2e34cdc0298f4864bf1baab075c31a7453f6926308890908712a9
tcn,electrode,43,bandpass_n20002_cV6_independent_rms_s20,phase2/results/predictions/full/electrode/tcn/seed_43/bandpass_n20002_cV6_independent_rms_s20.npz,76348,e6713a8ce75afbab062c7272f5e8bc4043918ef1a92a7607ee361db2df3f0935
tcn,electrode,43,bandpass_n20002_cV6_independent_rms_s15,phase2/results/predictions/full/electrode/tcn/seed_43/bandpass_n20002_cV6_independent_rms_s15.npz,76389,6e24a8daa48268ac86a6ace9e6dd96ac86b27d70be9528bdba085116bd448052
tcn,electrode,43,bandpass_n20002_cV6_independent_rms_s10,phase2/results/predictions/full/electrode/tcn/seed_43/bandpass_n20002_cV6_independent_rms_s10.npz,76348,98517bdfa2cf1e6fd17e4d5b863e316914cfb8d988abfc85081e5e387adca113
tcn,electrode,43,bandpass_n20002_cV6_independent_rms_s5,phase2/results/predictions/full/electrode/tcn/seed_43/bandpass_n20002_cV6_independent_rms_s5.npz,76243,f4523669f6c3a45be2cb98dff1d8b1bdead0104ababe5fc84ecc624195c48ae8
tcn,electrode,43,bandpass_n20002_cV6_independent_rms_s0,phase2/results/predictions/full/electrode/tcn/seed_43/bandpass_n20002_cV6_independent_rms_s0.npz,76026,49b7e90c117cbc619a4e580dfd39089c60025ef1e3b9ef22fdf9e2bf3ae1bc41
tcn,electrode,43,bandpass_n20002_cV6_electrode_s20,phase2/results/predictions/full/electrode/tcn/seed_43/bandpass_n20002_cV6_electrode_s20.npz,76343,b73fa016cd4b037055bb1d6c7270da74e16918c7ddbc74f02f8e98be7137f6cb
tcn,electrode,43,bandpass_n20002_cV6_electrode_s15,phase2/results/predictions/full/electrode/tcn/seed_43/bandpass_n20002_cV6_electrode_s15.npz,76372,ce4af54becab31e8cade153034fe2c5a05a0b920bd31d8404e88cdfb06bfd83b
tcn,electrode,43,bandpass_n20002_cV6_electrode_s10,phase2/results/predictions/full/electrode/tcn/seed_43/bandpass_n20002_cV6_electrode_s10.npz,76353,fa20ae8f59ff45f180558f4537770791b23f307f05602bda354f065ad678e958
tcn,electrode,43,bandpass_n20002_cV6_electrode_s5,phase2/results/predictions/full/electrode/tcn/seed_43/bandpass_n20002_cV6_electrode_s5.npz,76213,05ec265a439790ecfaca297ac8ff3cae6f904f68ee1cfae3002e2b01cf0fcac7
tcn,electrode,43,bandpass_n20002_cV6_electrode_s0,phase2/results/predictions/full/electrode/tcn/seed_43/bandpass_n20002_cV6_electrode_s0.npz,76006,b1656f22b5c78d38ef4b6bb88fe6a52cc70b9f2520195ccf2e292ade269cb26b
tcn,electrode,43,bandpass_n20002_cV6_covariance_s20,phase2/results/predictions/full/electrode/tcn/seed_43/bandpass_n20002_cV6_covariance_s20.npz,76342,a0cb2710df60dd46728254c9716df63d3599f3c7fefbf41848b3b9c77d91be6d
tcn,electrode,43,bandpass_n20002_cV6_covariance_s15,phase2/results/predictions/full/electrode/tcn/seed_43/bandpass_n20002_cV6_covariance_s15.npz,76367,c6b518bf289d090919de204e7f5d3ad9e067875f763f23be644955e4b60aa7ff
tcn,electrode,43,bandpass_n20002_cV6_covariance_s10,phase2/results/predictions/full/electrode/tcn/seed_43/bandpass_n20002_cV6_covariance_s10.npz,76351,a4e54e205716a46c0e6fe70a15cbaee6d6640695cc906b5abc5f62f6fd94de01
tcn,electrode,43,bandpass_n20002_cV6_covariance_s5,phase2/results/predictions/full/electrode/tcn/seed_43/bandpass_n20002_cV6_covariance_s5.npz,76235,f374de03ddfc352c682f6f89a5f8778bf94325b24a0b6bf8fab8af9ab622c549
tcn,electrode,43,bandpass_n20002_cV6_covariance_s0,phase2/results/predictions/full/electrode/tcn/seed_43/bandpass_n20002_cV6_covariance_s0.npz,75992,27dca9c64f67b2d5270f352864bd11eeae5a802bbfbd0bcab218bdbd7489f4ba
tcn,electrode,43,bandpass_n20002_cRA_LA_independent_rms_s20,phase2/results/predictions/full/electrode/tcn/seed_43/bandpass_n20002_cRA_LA_independent_rms_s20.npz,76380,0ef7c633a6e40613cf4d409222617b2e5f7af2db9bf721f13e45a2e9d964590e
tcn,electrode,43,bandpass_n20002_cRA_LA_independent_rms_s15,phase2/results/predictions/full/electrode/tcn/seed_43/bandpass_n20002_cRA_LA_independent_rms_s15.npz,76354,120c5b98b064e54dfdafb910782824381731a740eba24537ba710ffef1292029
tcn,electrode,43,bandpass_n20002_cRA_LA_independent_rms_s10,phase2/results/predictions/full/electrode/tcn/seed_43/bandpass_n20002_cRA_LA_independent_rms_s10.npz,76340,7e30b7a9ac2caedbe40b663a7a300fbada0f4352d599e8bc7e8a916d05da28d7
tcn,electrode,43,bandpass_n20002_cRA_LA_independent_rms_s5,phase2/results/predictions/full/electrode/tcn/seed_43/bandpass_n20002_cRA_LA_independent_rms_s5.npz,76249,02d87a76b35f266434e11cb26b68ab84c9dc5042041e33ca22fd1d50e28d1f10
tcn,electrode,43,bandpass_n20002_cRA_LA_independent_rms_s0,phase2/results/predictions/full/electrode/tcn/seed_43/bandpass_n20002_cRA_LA_independent_rms_s0.npz,75962,1f20819ed2e5117b23427f5ebd5b50d2ce8671500e998f6c1d21cdf68103106f
tcn,electrode,43,bandpass_n20002_cRA_LA_electrode_s20,phase2/results/predictions/full/electrode/tcn/seed_43/bandpass_n20002_cRA_LA_electrode_s20.npz,76376,62110990d26ebdf3008a79072929b1a7f5d7348df2e05e0e0c23e6e16b643a66
tcn,electrode,43,bandpass_n20002_cRA_LA_electrode_s15,phase2/results/predictions/full/electrode/tcn/seed_43/bandpass_n20002_cRA_LA_electrode_s15.npz,76340,13c26fb1866ac157a8092a7be2c36e0c53b2028fc4e498b47f5974c8210783a3
tcn,electrode,43,bandpass_n20002_cRA_LA_electrode_s10,phase2/results/predictions/full/electrode/tcn/seed_43/bandpass_n20002_cRA_LA_electrode_s10.npz,76274,02ebd1e35264d0ef8f2c0196c25e8980d5573541e335e715a4dd9f4215f5f202
tcn,electrode,43,bandpass_n20002_cRA_LA_electrode_s5,phase2/results/predictions/full/electrode/tcn/seed_43/bandpass_n20002_cRA_LA_electrode_s5.npz,76101,91bcf75205b5c0c9b821d5cc58ae2a0f51bfefa1fa684de8c882fde453039086
tcn,electrode,43,bandpass_n20002_cRA_LA_electrode_s0,phase2/results/predictions/full/electrode/tcn/seed_43/bandpass_n20002_cRA_LA_electrode_s0.npz,75619,d2109a233da46224ebebb6c0e9d9c89ac05f4a99bf16c3e8985c2ec9e05d93a3
tcn,electrode,43,bandpass_n20002_cRA_LA_covariance_s20,phase2/results/predictions/full/electrode/tcn/seed_43/bandpass_n20002_cRA_LA_covariance_s20.npz,76367,fd5f078f11b6f5dc506de005d5491ce68ba23f1c2276dbbb62fff657a2bd5323
tcn,electrode,43,bandpass_n20002_cRA_LA_covariance_s15,phase2/results/predictions/full/electrode/tcn/seed_43/bandpass_n20002_cRA_LA_covariance_s15.npz,76364,509dbf27bb5053fc80ccc3e788f4f69637aec9e2c01222b9a51881f9c9763623
tcn,electrode,43,bandpass_n20002_cRA_LA_covariance_s10,phase2/results/predictions/full/electrode/tcn/seed_43/bandpass_n20002_cRA_LA_covariance_s10.npz,76269,496759da8cb9e5542c16826f02450112c9c258b211798b927fc7bea0958e0902
tcn,electrode,43,bandpass_n20002_cRA_LA_covariance_s5,phase2/results/predictions/full/electrode/tcn/seed_43/bandpass_n20002_cRA_LA_covariance_s5.npz,76062,03bc3c27024984935e59364cba50f2773f2ccee2b7b5ed01e8039d489725deb9
tcn,electrode,43,bandpass_n20002_cRA_LA_covariance_s0,phase2/results/predictions/full/electrode/tcn/seed_43/bandpass_n20002_cRA_LA_covariance_s0.npz,75679,acffa644d2ac637473e12ab290c9ee64e35320ff3f42be18f7abf7cf9257700c
tcn,electrode,43,bandpass_n20002_cLA_LL_independent_rms_s20,phase2/results/predictions/full/electrode/tcn/seed_43/bandpass_n20002_cLA_LL_independent_rms_s20.npz,76394,480aba6b3546d75ef703f127112caa88b6055a2cf1e22c3c4339111b1ebf615b
tcn,electrode,43,bandpass_n20002_cLA_LL_independent_rms_s15,phase2/results/predictions/full/electrode/tcn/seed_43/bandpass_n20002_cLA_LL_independent_rms_s15.npz,76401,cce7672e98878064ef2b801a52692352846f990baadab9609fc5b502a81be69a
tcn,electrode,43,bandpass_n20002_cLA_LL_independent_rms_s10,phase2/results/predictions/full/electrode/tcn/seed_43/bandpass_n20002_cLA_LL_independent_rms_s10.npz,76323,17de660334199b10c42767ee2d617efc96aae264b8ede97ccf7c95e9ef5ae69e
tcn,electrode,43,bandpass_n20002_cLA_LL_independent_rms_s5,phase2/results/predictions/full/electrode/tcn/seed_43/bandpass_n20002_cLA_LL_independent_rms_s5.npz,76243,abe349ac50d504d8ad6363ecea5d85b89fe5064e6d05b8847c13aca2bf217cd2
tcn,electrode,43,bandpass_n20002_cLA_LL_independent_rms_s0,phase2/results/predictions/full/electrode/tcn/seed_43/bandpass_n20002_cLA_LL_independent_rms_s0.npz,75956,6d4d349e7bafbaa6c23f886b95af49ebdc55195682746e507b4984b8e4758283
tcn,electrode,43,bandpass_n20002_cLA_LL_electrode_s20,phase2/results/predictions/full/electrode/tcn/seed_43/bandpass_n20002_cLA_LL_electrode_s20.npz,76381,1292dfa7705aff5006bd2701d3db130ec8c6b4f49427ec5dadb17e1ea4c5b8e3
tcn,electrode,43,bandpass_n20002_cLA_LL_electrode_s15,phase2/results/predictions/full/electrode/tcn/seed_43/bandpass_n20002_cLA_LL_electrode_s15.npz,76372,08ace1668b3803aa0709554eb7584f64ec122aa73f5f0341e5e8108d6aaf48d1
tcn,electrode,43,bandpass_n20002_cLA_LL_electrode_s10,phase2/results/predictions/full/electrode/tcn/seed_43/bandpass_n20002_cLA_LL_electrode_s10.npz,76331,0221744f5d80e9ed3261a7e1459eb599f3ed82175e69c148c01f658aaf04c76f
tcn,electrode,43,bandpass_n20002_cLA_LL_electrode_s5,phase2/results/predictions/full/electrode/tcn/seed_43/bandpass_n20002_cLA_LL_electrode_s5.npz,76159,c3ee80646a109f252deed5393d875674b49c8e99207019ca26b8db1d206a7c89
tcn,electrode,43,bandpass_n20002_cLA_LL_electrode_s0,phase2/results/predictions/full/electrode/tcn/seed_43/bandpass_n20002_cLA_LL_electrode_s0.npz,75847,1fe9df0b844db8e6a59a91cf3f473448d4f5b088a6c0f9c52747b04cdbfa8533
tcn,electrode,43,bandpass_n20002_cLA_LL_covariance_s20,phase2/results/predictions/full/electrode/tcn/seed_43/bandpass_n20002_cLA_LL_covariance_s20.npz,76405,7967b557e5c3a684538eda5d66b36c0ffc8b817585846d832eee2605047175b3
tcn,electrode,43,bandpass_n20002_cLA_LL_covariance_s15,phase2/results/predictions/full/electrode/tcn/seed_43/bandpass_n20002_cLA_LL_covariance_s15.npz,76348,118ae7045317f341cdecf6ca50a61ab77290d50e6edb03732ecf4ea978532b25
tcn,electrode,43,bandpass_n20002_cLA_LL_covariance_s10,phase2/results/predictions/full/electrode/tcn/seed_43/bandpass_n20002_cLA_LL_covariance_s10.npz,76304,328c97df9e428483179078832268c842cf812ead25d542fbdc6a9c50f0e0f8a8
tcn,electrode,43,bandpass_n20002_cLA_LL_covariance_s5,phase2/results/predictions/full/electrode/tcn/seed_43/bandpass_n20002_cLA_LL_covariance_s5.npz,76185,1e657293ebc070a019fa91eb975d03f812dbe1a40b6cf048fe0dad787d2f1d03
tcn,electrode,43,bandpass_n20002_cLA_LL_covariance_s0,phase2/results/predictions/full/electrode/tcn/seed_43/bandpass_n20002_cLA_LL_covariance_s0.npz,75857,ab6daec1d01c7db48d89e61c0563b59b0d9dd731dc829f9ec7ac256f0bc256ce
tcn,electrode,43,bandpass_n20002_cRA_LL_independent_rms_s20,phase2/results/predictions/full/electrode/tcn/seed_43/bandpass_n20002_cRA_LL_independent_rms_s20.npz,76356,4c5022facdd733ce34fb3ba4245a6763ad2c90291b2efbfe0dfd6512aa0c3f7d
tcn,electrode,43,bandpass_n20002_cRA_LL_independent_rms_s15,phase2/results/predictions/full/electrode/tcn/seed_43/bandpass_n20002_cRA_LL_independent_rms_s15.npz,76382,3cb1b6a406e3c4f52299d3e04a9934498816b39ee7e8084b361336dff1c391d2
tcn,electrode,43,bandpass_n20002_cRA_LL_independent_rms_s10,phase2/results/predictions/full/electrode/tcn/seed_43/bandpass_n20002_cRA_LL_independent_rms_s10.npz,76308,d4b4419b4f78087c2151ba5b2ed5d19745d28f7dcbabb5b3a2adfeac9029bac6
tcn,electrode,43,bandpass_n20002_cRA_LL_independent_rms_s5,phase2/results/predictions/full/electrode/tcn/seed_43/bandpass_n20002_cRA_LL_independent_rms_s5.npz,76244,dc838aaa87468b6d53098fc9af8aa684fec871a80be5699625aaa5579e891d1b
tcn,electrode,43,bandpass_n20002_cRA_LL_independent_rms_s0,phase2/results/predictions/full/electrode/tcn/seed_43/bandpass_n20002_cRA_LL_independent_rms_s0.npz,75978,39ba08bf088df31f28a8cce782ec91b3a2e24697a6b4f8ad1be0c33f3c6f407e
tcn,electrode,43,bandpass_n20002_cRA_LL_electrode_s20,phase2/results/predictions/full/electrode/tcn/seed_43/bandpass_n20002_cRA_LL_electrode_s20.npz,76358,12fe2b99f507d029fb336ee4d09a6b7fd48f82c237e9216ad85a0e09c83f358a
tcn,electrode,43,bandpass_n20002_cRA_LL_electrode_s15,phase2/results/predictions/full/electrode/tcn/seed_43/bandpass_n20002_cRA_LL_electrode_s15.npz,76367,9b9e53277f4f8ebcfd83582030cc65b8f1ccf726c9fba9e3ba8e34da0e3d3f1d
tcn,electrode,43,bandpass_n20002_cRA_LL_electrode_s10,phase2/results/predictions/full/electrode/tcn/seed_43/bandpass_n20002_cRA_LL_electrode_s10.npz,76271,fd599f7d07a5f19805c7f0a318eb9edc96e99fb8a84391f92cf92231f4b0489c
tcn,electrode,43,bandpass_n20002_cRA_LL_electrode_s5,phase2/results/predictions/full/electrode/tcn/seed_43/bandpass_n20002_cRA_LL_electrode_s5.npz,76098,edc1c445ad075f2a9ff888f65eb7aeac0209718a9354c96b6853aa6f28ae0c65
tcn,electrode,43,bandpass_n20002_cRA_LL_electrode_s0,phase2/results/predictions/full/electrode/tcn/seed_43/bandpass_n20002_cRA_LL_electrode_s0.npz,75601,84f4889ba5cc7b2104a686018ec1b6d282c0901c0355f79820faf841d00cbd52
tcn,electrode,43,bandpass_n20002_cRA_LL_covariance_s20,phase2/results/predictions/full/electrode/tcn/seed_43/bandpass_n20002_cRA_LL_covariance_s20.npz,76374,1f39f7c3e2314a5890329d9050fd81ee3d0795958285f9a752a48294a3f23a4a
tcn,electrode,43,bandpass_n20002_cRA_LL_covariance_s15,phase2/results/predictions/full/electrode/tcn/seed_43/bandpass_n20002_cRA_LL_covariance_s15.npz,76330,0fc63b204b825124ad7cb83980181ac2d920855786583423335f472254be7e6a
tcn,electrode,43,bandpass_n20002_cRA_LL_covariance_s10,phase2/results/predictions/full/electrode/tcn/seed_43/bandpass_n20002_cRA_LL_covariance_s10.npz,76280,3c79463d90076703b598c82d39c2d4702d01d17bb3194664517e34e9956a8dc7
tcn,electrode,43,bandpass_n20002_cRA_LL_covariance_s5,phase2/results/predictions/full/electrode/tcn/seed_43/bandpass_n20002_cRA_LL_covariance_s5.npz,76081,479d12ec2be6064c3a997ca74654017b332d086576185437f452dfb51179b1ec
tcn,electrode,43,bandpass_n20002_cRA_LL_covariance_s0,phase2/results/predictions/full/electrode/tcn/seed_43/bandpass_n20002_cRA_LL_covariance_s0.npz,75597,fa044a66603d6d85747c764eed3f3935d83800f96cd7ae39d3c7596c0d51634b
tcn,electrode,43,bandpass_n20002_cRA_independent_rms_s20,phase2/results/predictions/full/electrode/tcn/seed_43/bandpass_n20002_cRA_independent_rms_s20.npz,76361,25f6226f43f67f502bdb24f84fb30bcdcdd07f1295a371569b3a005fe03b5412
tcn,electrode,43,bandpass_n20002_cRA_independent_rms_s15,phase2/results/predictions/full/electrode/tcn/seed_43/bandpass_n20002_cRA_independent_rms_s15.npz,76379,5d7b3177db6c11bc5f558b0a1422b91d5264ec6d43ff5c981e42bf453bae19ae
tcn,electrode,43,bandpass_n20002_cRA_independent_rms_s10,phase2/results/predictions/full/electrode/tcn/seed_43/bandpass_n20002_cRA_independent_rms_s10.npz,76345,78e7cbcf22527fa93483111a4220bbb3ced08212c65850ee95674935aa44da2c
tcn,electrode,43,bandpass_n20002_cRA_independent_rms_s5,phase2/results/predictions/full/electrode/tcn/seed_43/bandpass_n20002_cRA_independent_rms_s5.npz,76234,258f3476d597d622fcd98b837902b4749d9033d3757856bf94629e4a6021daf2
tcn,electrode,43,bandpass_n20002_cRA_independent_rms_s0,phase2/results/predictions/full/electrode/tcn/seed_43/bandpass_n20002_cRA_independent_rms_s0.npz,75985,a26c837af56e5ccd0ce8bc082c0b74def92ca72316906df9652bf0cc2649034a
tcn,electrode,43,bandpass_n20002_cRA_electrode_s20,phase2/results/predictions/full/electrode/tcn/seed_43/bandpass_n20002_cRA_electrode_s20.npz,76396,c3ba6a518404671363efd1dd8e6b69424d739b374a2376c1159063b8e003a8eb
tcn,electrode,43,bandpass_n20002_cRA_electrode_s15,phase2/results/predictions/full/electrode/tcn/seed_43/bandpass_n20002_cRA_electrode_s15.npz,76315,edbad48319796494a1ea9e3c3a10291f8b68a716447d9ad84a0084de79ff9887
tcn,electrode,43,bandpass_n20002_cRA_electrode_s10,phase2/results/predictions/full/electrode/tcn/seed_43/bandpass_n20002_cRA_electrode_s10.npz,76248,bea59ce78b7fee8f56c95f5f19a618d8939eae60145918afe4ad418c81c1c6ef
tcn,electrode,43,bandpass_n20002_cRA_electrode_s5,phase2/results/predictions/full/electrode/tcn/seed_43/bandpass_n20002_cRA_electrode_s5.npz,76036,821e6aa52f219a01a38e0b27a4678ff6497edc52eba29e3d15270bd1a0b906d1
tcn,electrode,43,bandpass_n20002_cRA_electrode_s0,phase2/results/predictions/full/electrode/tcn/seed_43/bandpass_n20002_cRA_electrode_s0.npz,75524,1a3d99c618cae5141c62ccd2adad4bfec73ea2b7ac265a28cfb4c2e38b4bceba
tcn,electrode,43,bandpass_n20002_cRA_covariance_s20,phase2/results/predictions/full/electrode/tcn/seed_43/bandpass_n20002_cRA_covariance_s20.npz,76338,3a6b5d35b90fca465dd6a4c0807ecceff9f39510ca97f03b78c5c89dedbdc378
tcn,electrode,43,bandpass_n20002_cRA_covariance_s15,phase2/results/predictions/full/electrode/tcn/seed_43/bandpass_n20002_cRA_covariance_s15.npz,76336,619169560b6b203a5b8e0c24d97d06225f753d48bcb8e9d67156040d10ce08d9
tcn,electrode,43,bandpass_n20002_cRA_covariance_s10,phase2/results/predictions/full/electrode/tcn/seed_43/bandpass_n20002_cRA_covariance_s10.npz,76238,69a1baaab9079e0e4cf0ea466c0210e6367323abc2e6cf9f9670be6085b3aa74
tcn,electrode,43,bandpass_n20002_cRA_covariance_s5,phase2/results/predictions/full/electrode/tcn/seed_43/bandpass_n20002_cRA_covariance_s5.npz,76038,7551ab09ae0dd266d8900d8e75a948840e4fdae48383ae7f3c15fe9288a4cdff
tcn,electrode,43,bandpass_n20002_cRA_covariance_s0,phase2/results/predictions/full/electrode/tcn/seed_43/bandpass_n20002_cRA_covariance_s0.npz,75498,672e9cf7b776be23fad6fed04c9f12e4696b93753bc557b24448a3a173aecc13
tcn,electrode,43,bandpass_n20002_cLA_independent_rms_s20,phase2/results/predictions/full/electrode/tcn/seed_43/bandpass_n20002_cLA_independent_rms_s20.npz,76369,6a8cced7e644aa681ed017be209b47d45a2e5ecb7f09f371003465fe68b520d3
tcn,electrode,43,bandpass_n20002_cLA_independent_rms_s15,phase2/results/predictions/full/electrode/tcn/seed_43/bandpass_n20002_cLA_independent_rms_s15.npz,76361,7c49f7e83d397c1031a08d74f5579acb22ed5ed5cd0f1d2e2d3816f36a22d295
tcn,electrode,43,bandpass_n20002_cLA_independent_rms_s10,phase2/results/predictions/full/electrode/tcn/seed_43/bandpass_n20002_cLA_independent_rms_s10.npz,76329,3ec0f7c40e9e9e79f97c9baf1a1522498e981b9006991e5d9817f8b5671b9077
tcn,electrode,43,bandpass_n20002_cLA_independent_rms_s5,phase2/results/predictions/full/electrode/tcn/seed_43/bandpass_n20002_cLA_independent_rms_s5.npz,76237,3af5c556bd9ef5ba2b616f2955f1871deb04a199b16d8b7d56f9a9c02f7a291c
tcn,electrode,43,bandpass_n20002_cLA_independent_rms_s0,phase2/results/predictions/full/electrode/tcn/seed_43/bandpass_n20002_cLA_independent_rms_s0.npz,75964,058dd439ce1562ca4351320dcf3b279424fd404b2e778e56e696d3c8e37ab7fa
tcn,electrode,43,bandpass_n20002_cLA_electrode_s20,phase2/results/predictions/full/electrode/tcn/seed_43/bandpass_n20002_cLA_electrode_s20.npz,76368,57e546306d7a229b09f06bea70295896d6c3b5d5118e13b61ab00cab3ee7af09
tcn,electrode,43,bandpass_n20002_cLA_electrode_s15,phase2/results/predictions/full/electrode/tcn/seed_43/bandpass_n20002_cLA_electrode_s15.npz,76356,cd6658e806e0c21b3c1fa9f66c25226a0a043ea0687aa272761fdde7f86eb887
tcn,electrode,43,bandpass_n20002_cLA_electrode_s10,phase2/results/predictions/full/electrode/tcn/seed_43/bandpass_n20002_cLA_electrode_s10.npz,76336,bc60653cb35bc8ac4741c32b62f68ad0169835b7564b930c173f48ba12adc0b3
tcn,electrode,43,bandpass_n20002_cLA_electrode_s5,phase2/results/predictions/full/electrode/tcn/seed_43/bandpass_n20002_cLA_electrode_s5.npz,76198,1494fee949db871a6eb091b24d0e29c7227047bf6c855623c7487ca7ed5ebf43
tcn,electrode,43,bandpass_n20002_cLA_electrode_s0,phase2/results/predictions/full/electrode/tcn/seed_43/bandpass_n20002_cLA_electrode_s0.npz,75880,af12dd63934ae200d69ac9d3a6c9af78da02950e6471c67abca40c3ac9a1122a
tcn,electrode,43,bandpass_n20002_cLA_covariance_s20,phase2/results/predictions/full/electrode/tcn/seed_43/bandpass_n20002_cLA_covariance_s20.npz,76403,197ee3370483d14f6e61a69b7abad0b85f8fb4f5e02e6d698766107d030d1200
tcn,electrode,43,bandpass_n20002_cLA_covariance_s15,phase2/results/predictions/full/electrode/tcn/seed_43/bandpass_n20002_cLA_covariance_s15.npz,76326,25c150adc936d3653ff5d513e00349603acaf8508a2dd43cb463443ee383aa68
tcn,electrode,43,bandpass_n20002_cLA_covariance_s10,phase2/results/predictions/full/electrode/tcn/seed_43/bandpass_n20002_cLA_covariance_s10.npz,76301,8109c2d685cfeeae6cf47c673cdc1f4d9bdaa3c7398206c30eac017a37c9a0b9
tcn,electrode,43,bandpass_n20002_cLA_covariance_s5,phase2/results/predictions/full/electrode/tcn/seed_43/bandpass_n20002_cLA_covariance_s5.npz,76194,d42a59c9a45334a5f953f96a13a24045f44a7ac67da14f645ac2d1c1ca3ab632
tcn,electrode,43,bandpass_n20002_cLA_covariance_s0,phase2/results/predictions/full/electrode/tcn/seed_43/bandpass_n20002_cLA_covariance_s0.npz,75885,49fe32324e0c432ccb7a0330e36c7d63f8be664413b843e66511f72c0cee671f
tcn,electrode,43,bandpass_n20002_cLL_independent_rms_s20,phase2/results/predictions/full/electrode/tcn/seed_43/bandpass_n20002_cLL_independent_rms_s20.npz,76403,0eaca3a4cbfb5c5a814c92d92daf0abe2212a9bb34dadfbe0c2b6a49e625424c
tcn,electrode,43,bandpass_n20002_cLL_independent_rms_s15,phase2/results/predictions/full/electrode/tcn/seed_43/bandpass_n20002_cLL_independent_rms_s15.npz,76377,cd7ffb22a50a0de83e8a9233e160206436d0c9ac62b07cdb6413d66d51a38ca3
tcn,electrode,43,bandpass_n20002_cLL_independent_rms_s10,phase2/results/predictions/full/electrode/tcn/seed_43/bandpass_n20002_cLL_independent_rms_s10.npz,76343,f89f6d8e0556209db035f215adeafd90c18c4b611ea2777058f974fa98b9703a
tcn,electrode,43,bandpass_n20002_cLL_independent_rms_s5,phase2/results/predictions/full/electrode/tcn/seed_43/bandpass_n20002_cLL_independent_rms_s5.npz,76188,cfffc4d55e11c1c7c433c6f388158dcf1c14cd3a468175a28581d4223ed20542
tcn,electrode,43,bandpass_n20002_cLL_independent_rms_s0,phase2/results/predictions/full/electrode/tcn/seed_43/bandpass_n20002_cLL_independent_rms_s0.npz,75997,a41b9e1c822f10ec3255891a9c6bbf40e87ae6da76eccaedccd6617349fc17d8
tcn,electrode,43,bandpass_n20002_cLL_electrode_s20,phase2/results/predictions/full/electrode/tcn/seed_43/bandpass_n20002_cLL_electrode_s20.npz,76381,f65f928082d061940148b72300296bdbfb5cda0a764753095a4b09f32da7df2a
tcn,electrode,43,bandpass_n20002_cLL_electrode_s15,phase2/results/predictions/full/electrode/tcn/seed_43/bandpass_n20002_cLL_electrode_s15.npz,76341,42068827621332284f3ee44de05bc48a4a915311b95ee0aad2459e19811cd745
tcn,electrode,43,bandpass_n20002_cLL_electrode_s10,phase2/results/predictions/full/electrode/tcn/seed_43/bandpass_n20002_cLL_electrode_s10.npz,76305,6bd0c0d0a0f0a085f9ffc5824eba68ea1fd43da2a902d19d6f13daa175ad34c4
tcn,electrode,43,bandpass_n20002_cLL_electrode_s5,phase2/results/predictions/full/electrode/tcn/seed_43/bandpass_n20002_cLL_electrode_s5.npz,76163,133ad2a1e45752281fc4dac6a6714d4b4619bf3722554e73a3bc6e5014e76163
tcn,electrode,43,bandpass_n20002_cLL_electrode_s0,phase2/results/predictions/full/electrode/tcn/seed_43/bandpass_n20002_cLL_electrode_s0.npz,75880,3232e83c364d7a4f913d7b54644d352c56731eab237da525d8e0ed82ca3b03c1
tcn,electrode,43,bandpass_n20002_cLL_covariance_s20,phase2/results/predictions/full/electrode/tcn/seed_43/bandpass_n20002_cLL_covariance_s20.npz,76374,be72d21e3e722aa4373f5439916eceb865e00111eb52b72a2d5f3349e08dec43
tcn,electrode,43,bandpass_n20002_cLL_covariance_s15,phase2/results/predictions/full/electrode/tcn/seed_43/bandpass_n20002_cLL_covariance_s15.npz,76353,15c8ea15316ffdbfc4a11b681e56e2fd3142f4c3ae21d22847a909b321793f38
tcn,electrode,43,bandpass_n20002_cLL_covariance_s10,phase2/results/predictions/full/electrode/tcn/seed_43/bandpass_n20002_cLL_covariance_s10.npz,76299,571ad2ec3e8f9d094e63e73e999351bb1636b9814a3fe6b7f25f183f43c1aa4b
tcn,electrode,43,bandpass_n20002_cLL_covariance_s5,phase2/results/predictions/full/electrode/tcn/seed_43/bandpass_n20002_cLL_covariance_s5.npz,76162,5a4e7294e4878ba04c4168647ae232a4e16349555c2129456917ce08d30cb37f
tcn,electrode,43,bandpass_n20002_cLL_covariance_s0,phase2/results/predictions/full/electrode/tcn/seed_43/bandpass_n20002_cLL_covariance_s0.npz,75837,65b0cec3ea74c23c536f7cbe30c67fa1485766caab694dcf58491510628357ff
tcn,electrode,43,bandpass_n20002_cRA_V1_independent_rms_s20,phase2/results/predictions/full/electrode/tcn/seed_43/bandpass_n20002_cRA_V1_independent_rms_s20.npz,76385,8695adb34f3cd7b725ae7bfbe081678a45426e9b0ef123819d3bc5d2db2a630f
tcn,electrode,43,bandpass_n20002_cRA_V1_independent_rms_s15,phase2/results/predictions/full/electrode/tcn/seed_43/bandpass_n20002_cRA_V1_independent_rms_s15.npz,76386,63781ab0d4b05cb1df53ea3b6c2660acbd4700d8ae7c1881a02e961e994d6eab
tcn,electrode,43,bandpass_n20002_cRA_V1_independent_rms_s10,phase2/results/predictions/full/electrode/tcn/seed_43/bandpass_n20002_cRA_V1_independent_rms_s10.npz,76364,a7685c96d22b628f7ed0d1e9c6077a2b1ab6b5c4da86fec3870660bdd8eaf7bd
tcn,electrode,43,bandpass_n20002_cRA_V1_independent_rms_s5,phase2/results/predictions/full/electrode/tcn/seed_43/bandpass_n20002_cRA_V1_independent_rms_s5.npz,76207,a7ed8312a423e3812a311f96375dc2b34fe1161bb9510cbe03e9b3e39987cd6c
tcn,electrode,43,bandpass_n20002_cRA_V1_independent_rms_s0,phase2/results/predictions/full/electrode/tcn/seed_43/bandpass_n20002_cRA_V1_independent_rms_s0.npz,75960,ae4582e3c7ea351637c74adfaa74a9fcbd17f1ea3551d7bf1f8a6d71ab600bf7
tcn,electrode,43,bandpass_n20002_cRA_V1_electrode_s20,phase2/results/predictions/full/electrode/tcn/seed_43/bandpass_n20002_cRA_V1_electrode_s20.npz,76346,430a9d6bf1604974b874ea9a9eef87cbfe7cd88f2cf9da661b6e7f62a4830e3d
tcn,electrode,43,bandpass_n20002_cRA_V1_electrode_s15,phase2/results/predictions/full/electrode/tcn/seed_43/bandpass_n20002_cRA_V1_electrode_s15.npz,76319,1f384814f5cd791e154eee40cc2143d822c36586647d39131374152a8ad3cb66
tcn,electrode,43,bandpass_n20002_cRA_V1_electrode_s10,phase2/results/predictions/full/electrode/tcn/seed_43/bandpass_n20002_cRA_V1_electrode_s10.npz,76230,ecdc23d39c22df90383d432d93421a8c20ed4761240703eb9eba319b38590aa2
tcn,electrode,43,bandpass_n20002_cRA_V1_electrode_s5,phase2/results/predictions/full/electrode/tcn/seed_43/bandpass_n20002_cRA_V1_electrode_s5.npz,76064,dd9829f10a1f28ff4640dcf7faf45e40ac6ed37544d1d3c801bfadd7e056fc0e
tcn,electrode,43,bandpass_n20002_cRA_V1_electrode_s0,phase2/results/predictions/full/electrode/tcn/seed_43/bandpass_n20002_cRA_V1_electrode_s0.npz,75563,32b260f3b97b3fb9034aa3b91bdb84c50105e5b58c092343101df2b7ffca850a
tcn,electrode,43,bandpass_n20002_cRA_V1_covariance_s20,phase2/results/predictions/full/electrode/tcn/seed_43/bandpass_n20002_cRA_V1_covariance_s20.npz,76395,ddbbfe71c2cea71130813e19ba33bde81b59263c6d7f5711104bee15cdbae965
tcn,electrode,43,bandpass_n20002_cRA_V1_covariance_s15,phase2/results/predictions/full/electrode/tcn/seed_43/bandpass_n20002_cRA_V1_covariance_s15.npz,76356,1064d99d695f7ded6dcded25ffc3a1746aec100fb882df21aae4e6a354183a31
tcn,electrode,43,bandpass_n20002_cRA_V1_covariance_s10,phase2/results/predictions/full/electrode/tcn/seed_43/bandpass_n20002_cRA_V1_covariance_s10.npz,76257,228b0e002297c4f8887191152bb47daa3978fec360f9c6f957c5d29015635959
tcn,electrode,43,bandpass_n20002_cRA_V1_covariance_s5,phase2/results/predictions/full/electrode/tcn/seed_43/bandpass_n20002_cRA_V1_covariance_s5.npz,76088,2974b99923d168ca56d092de64a96471f721f79453d6db3dc65df57307729014
tcn,electrode,43,bandpass_n20002_cRA_V1_covariance_s0,phase2/results/predictions/full/electrode/tcn/seed_43/bandpass_n20002_cRA_V1_covariance_s0.npz,75531,ac6b256180964bbbafd0f724979f18d9e1d6da1414f8951f6d839af35bf3b182
tcn,electrode,43,bandpass_n20002_cLA_V6_independent_rms_s20,phase2/results/predictions/full/electrode/tcn/seed_43/bandpass_n20002_cLA_V6_independent_rms_s20.npz,76401,3844dee7cb8b847a8c8b90ea6bb27a2743de0b2266b6a44ce493f1613248deb3
tcn,electrode,43,bandpass_n20002_cLA_V6_independent_rms_s15,phase2/results/predictions/full/electrode/tcn/seed_43/bandpass_n20002_cLA_V6_independent_rms_s15.npz,76362,503c6ab87e941f24618b1a6b01c9e5b7e9dca412bc3ce474ec7ec97b3ecfb33c
tcn,electrode,43,bandpass_n20002_cLA_V6_independent_rms_s10,phase2/results/predictions/full/electrode/tcn/seed_43/bandpass_n20002_cLA_V6_independent_rms_s10.npz,76360,14449a5901608a971ea283ac7f8ac3a2508eb7765a32ed88f10fdd107ec8ce27
tcn,electrode,43,bandpass_n20002_cLA_V6_independent_rms_s5,phase2/results/predictions/full/electrode/tcn/seed_43/bandpass_n20002_cLA_V6_independent_rms_s5.npz,76221,d9c3f1f1fab52dd1d83752f1a6ae4a3e5f54ce8f423a49e5d42f1ad13c1890b4
tcn,electrode,43,bandpass_n20002_cLA_V6_independent_rms_s0,phase2/results/predictions/full/electrode/tcn/seed_43/bandpass_n20002_cLA_V6_independent_rms_s0.npz,75955,e5bdb085450cdc636e2009d8c02ccd93f75c252ba4be3d9b66b240b91bed9cd9
tcn,electrode,43,bandpass_n20002_cLA_V6_electrode_s20,phase2/results/predictions/full/electrode/tcn/seed_43/bandpass_n20002_cLA_V6_electrode_s20.npz,76383,93a94a7309622761e0e08038b2a4b021518abc2525a4b1eea4944ff23c2544ed
tcn,electrode,43,bandpass_n20002_cLA_V6_electrode_s15,phase2/results/predictions/full/electrode/tcn/seed_43/bandpass_n20002_cLA_V6_electrode_s15.npz,76367,5f9574b098f34fbea3442d4a6e846808de067b88d196b4c67dffb1290ccc24c6
tcn,electrode,43,bandpass_n20002_cLA_V6_electrode_s10,phase2/results/predictions/full/electrode/tcn/seed_43/bandpass_n20002_cLA_V6_electrode_s10.npz,76359,9f59d082b2a370d0d12b656306a31526691752880072856ff31609b127f79f0b
tcn,electrode,43,bandpass_n20002_cLA_V6_electrode_s5,phase2/results/predictions/full/electrode/tcn/seed_43/bandpass_n20002_cLA_V6_electrode_s5.npz,76204,fb5644c77aa0471b9bc9cf6593a5752bf86e16062e48989bb7478eaa9b673a26
tcn,electrode,43,bandpass_n20002_cLA_V6_electrode_s0,phase2/results/predictions/full/electrode/tcn/seed_43/bandpass_n20002_cLA_V6_electrode_s0.npz,75888,3f2c91a9909d99dfc324d3000cd08ca44761c1fb7913aef95f3990db7e677c4e
tcn,electrode,43,bandpass_n20002_cLA_V6_covariance_s20,phase2/results/predictions/full/electrode/tcn/seed_43/bandpass_n20002_cLA_V6_covariance_s20.npz,76376,fe3f87d85d9f1215ada9fd1d66e4332d39edef02f9935a8406b2521fa5b80a27
tcn,electrode,43,bandpass_n20002_cLA_V6_covariance_s15,phase2/results/predictions/full/electrode/tcn/seed_43/bandpass_n20002_cLA_V6_covariance_s15.npz,76398,125b68e4831f1b86833b45ee53c25c6363ca36c6b2506506cb48ceb753d2ae94
tcn,electrode,43,bandpass_n20002_cLA_V6_covariance_s10,phase2/results/predictions/full/electrode/tcn/seed_43/bandpass_n20002_cLA_V6_covariance_s10.npz,76346,3b598dfc0cef6d23079e86960623324e32e709776ce0e13cbc92793fe3617a11
tcn,electrode,43,bandpass_n20002_cLA_V6_covariance_s5,phase2/results/predictions/full/electrode/tcn/seed_43/bandpass_n20002_cLA_V6_covariance_s5.npz,76214,6ba3877c149d1bc0cf5ab5c1cbc21a67ed2a1fb770e2ee4bac5361b5508ceb2f
tcn,electrode,43,bandpass_n20002_cLA_V6_covariance_s0,phase2/results/predictions/full/electrode/tcn/seed_43/bandpass_n20002_cLA_V6_covariance_s0.npz,75935,0e10e03f1902b2fd90b4174b6928654d5ee3c8db43fe30064311c608b794f3de
tcn,electrode,43,bandpass_n20002_cLL_V4_independent_rms_s20,phase2/results/predictions/full/electrode/tcn/seed_43/bandpass_n20002_cLL_V4_independent_rms_s20.npz,76402,40a09a9420f5503f6ed68ee1ad8b63b9d1458247d058b0c7f3bfeb6a77c153eb
tcn,electrode,43,bandpass_n20002_cLL_V4_independent_rms_s15,phase2/results/predictions/full/electrode/tcn/seed_43/bandpass_n20002_cLL_V4_independent_rms_s15.npz,76390,dd2862137145cb79aba776834a5622a714955a69da3e29c59fa0a8605a792904
tcn,electrode,43,bandpass_n20002_cLL_V4_independent_rms_s10,phase2/results/predictions/full/electrode/tcn/seed_43/bandpass_n20002_cLL_V4_independent_rms_s10.npz,76352,393a77a402b0d5c9f911325a7228c9421c98451568326bb640848ca3c1cbc2ea
tcn,electrode,43,bandpass_n20002_cLL_V4_independent_rms_s5,phase2/results/predictions/full/electrode/tcn/seed_43/bandpass_n20002_cLL_V4_independent_rms_s5.npz,76276,5254a7baa5f798a0e3a412b9dc089ba176d1b7cab15ad8327ec981599c802a91
tcn,electrode,43,bandpass_n20002_cLL_V4_independent_rms_s0,phase2/results/predictions/full/electrode/tcn/seed_43/bandpass_n20002_cLL_V4_independent_rms_s0.npz,76014,72807b1ca0c64fd876745a5bd1e492c7c0d418e9ac3e2fb8bbd13736cb676e7d
tcn,electrode,43,bandpass_n20002_cLL_V4_electrode_s20,phase2/results/predictions/full/electrode/tcn/seed_43/bandpass_n20002_cLL_V4_electrode_s20.npz,76392,aae8dee96d2f1995813e066c5fcc40ddbcbcc95b14bd828e013aa352622fd1e1
tcn,electrode,43,bandpass_n20002_cLL_V4_electrode_s15,phase2/results/predictions/full/electrode/tcn/seed_43/bandpass_n20002_cLL_V4_electrode_s15.npz,76364,9c0d7bf701d42c4d5a61972eb4c7d60633187cd49af74e06c7c425c9a53eea7f
tcn,electrode,43,bandpass_n20002_cLL_V4_electrode_s10,phase2/results/predictions/full/electrode/tcn/seed_43/bandpass_n20002_cLL_V4_electrode_s10.npz,76311,9b2bc0979ac633b847a135ff0b37ba809c668fb87c8b0c243d5cb1d477b9d68c
tcn,electrode,43,bandpass_n20002_cLL_V4_electrode_s5,phase2/results/predictions/full/electrode/tcn/seed_43/bandpass_n20002_cLL_V4_electrode_s5.npz,76196,afcfa7d8bc0bd5bf98306742b6db20fd83e06d30f29094ce31e088673a0fa499
tcn,electrode,43,bandpass_n20002_cLL_V4_electrode_s0,phase2/results/predictions/full/electrode/tcn/seed_43/bandpass_n20002_cLL_V4_electrode_s0.npz,75895,342a9fc3defd1cde11c9dfe85582d6b6aa776b1b3814be98092f2cc3ff951996
tcn,electrode,43,bandpass_n20002_cLL_V4_covariance_s20,phase2/results/predictions/full/electrode/tcn/seed_43/bandpass_n20002_cLL_V4_covariance_s20.npz,76395,37edbc0bff05b8dc6eec5977ea467eae6c3090745d66df4b89c500ab85e2d227
tcn,electrode,43,bandpass_n20002_cLL_V4_covariance_s15,phase2/results/predictions/full/electrode/tcn/seed_43/bandpass_n20002_cLL_V4_covariance_s15.npz,76360,a1e1579190165b73d30c0dd901493f63ef00aaa7f752121146bf43e35044fa2a
tcn,electrode,43,bandpass_n20002_cLL_V4_covariance_s10,phase2/results/predictions/full/electrode/tcn/seed_43/bandpass_n20002_cLL_V4_covariance_s10.npz,76308,533373c205a6c22c50351ecc901ce377218c25aea69fd449613c6119fbc9fa55
tcn,electrode,43,bandpass_n20002_cLL_V4_covariance_s5,phase2/results/predictions/full/electrode/tcn/seed_43/bandpass_n20002_cLL_V4_covariance_s5.npz,76175,4bf8f0baaf847bae770b4890ee7e5606707de8eeae6583e94e4c4d1ea26c15d5
tcn,electrode,43,bandpass_n20002_cLL_V4_covariance_s0,phase2/results/predictions/full/electrode/tcn/seed_43/bandpass_n20002_cLL_V4_covariance_s0.npz,75868,33425c92ceef7e75747d10ca19df8ec86aa9e4a5daad51252e5e97d25faa05f0
tcn,electrode,43,bandpass_n20002_cRA_LA_V1_V6_independent_rms_s20,phase2/results/predictions/full/electrode/tcn/seed_43/bandpass_n20002_cRA_LA_V1_V6_independent_rms_s20.npz,76406,503c84691716bb2cee176febab8c252788bdcae6e494d66a222a389303aa87a7
tcn,electrode,43,bandpass_n20002_cRA_LA_V1_V6_independent_rms_s15,phase2/results/predictions/full/electrode/tcn/seed_43/bandpass_n20002_cRA_LA_V1_V6_independent_rms_s15.npz,76413,a8268f607238c7fafeaaf404ac830f7693d5ff1543aab4b48cf877c25f0c197b
tcn,electrode,43,bandpass_n20002_cRA_LA_V1_V6_independent_rms_s10,phase2/results/predictions/full/electrode/tcn/seed_43/bandpass_n20002_cRA_LA_V1_V6_independent_rms_s10.npz,76362,563f8861671426bf74ab9e8b8bf3633c5ead14821f4663f9941d301021d456a4
tcn,electrode,43,bandpass_n20002_cRA_LA_V1_V6_independent_rms_s5,phase2/results/predictions/full/electrode/tcn/seed_43/bandpass_n20002_cRA_LA_V1_V6_independent_rms_s5.npz,76240,62b8c3d978d1271a56af70f9d5b488defab51008f05c521de69984d71f980cd9
tcn,electrode,43,bandpass_n20002_cRA_LA_V1_V6_independent_rms_s0,phase2/results/predictions/full/electrode/tcn/seed_43/bandpass_n20002_cRA_LA_V1_V6_independent_rms_s0.npz,75987,11382b7484c7e76481d6e7f2e49265aeda7e81ac14c7473b3c70d43e0bb07ae1
tcn,electrode,43,bandpass_n20002_cRA_LA_V1_V6_electrode_s20,phase2/results/predictions/full/electrode/tcn/seed_43/bandpass_n20002_cRA_LA_V1_V6_electrode_s20.npz,76407,11cb8c496ff32d34f5679e9474b2233261e3eeba56ca8345e902cdb78f584ad3
tcn,electrode,43,bandpass_n20002_cRA_LA_V1_V6_electrode_s15,phase2/results/predictions/full/electrode/tcn/seed_43/bandpass_n20002_cRA_LA_V1_V6_electrode_s15.npz,76388,92c6666cd90ff05aaa94837dc6c4da39fb5298c2955ac391b3bc25acd663eae0
tcn,electrode,43,bandpass_n20002_cRA_LA_V1_V6_electrode_s10,phase2/results/predictions/full/electrode/tcn/seed_43/bandpass_n20002_cRA_LA_V1_V6_electrode_s10.npz,76315,9fdad98c6a2d71fbeb805f3afafb10a5beab3eb70b70e520670b8940b815dbd9
tcn,electrode,43,bandpass_n20002_cRA_LA_V1_V6_electrode_s5,phase2/results/predictions/full/electrode/tcn/seed_43/bandpass_n20002_cRA_LA_V1_V6_electrode_s5.npz,76146,ca2900309ba83e442a81615ad2de5ef264382cc673e3be31194daba958224b0d
tcn,electrode,43,bandpass_n20002_cRA_LA_V1_V6_electrode_s0,phase2/results/predictions/full/electrode/tcn/seed_43/bandpass_n20002_cRA_LA_V1_V6_electrode_s0.npz,75696,0693f912035521ecc24faad42b262c25ece9224364401b08836f73377356de4d
tcn,electrode,43,bandpass_n20002_cRA_LA_V1_V6_covariance_s20,phase2/results/predictions/full/electrode/tcn/seed_43/bandpass_n20002_cRA_LA_V1_V6_covariance_s20.npz,76373,c4ff88e3723bce0ee385cfcf162e896365ad7f0c71c33a71e7a5eb12d931f0d6
tcn,electrode,43,bandpass_n20002_cRA_LA_V1_V6_covariance_s15,phase2/results/predictions/full/electrode/tcn/seed_43/bandpass_n20002_cRA_LA_V1_V6_covariance_s15.npz,76385,4f7a8b5853be1f112f1d6e03f04eeb2e0a9c5209a55918c5f9de313250bf5a21
tcn,electrode,43,bandpass_n20002_cRA_LA_V1_V6_covariance_s10,phase2/results/predictions/full/electrode/tcn/seed_43/bandpass_n20002_cRA_LA_V1_V6_covariance_s10.npz,76318,e76c78603ab07b4c1d7cf6cd06ed6e4faf6cd0e8fe1324190152e0f58cb1a82a
tcn,electrode,43,bandpass_n20002_cRA_LA_V1_V6_covariance_s5,phase2/results/predictions/full/electrode/tcn/seed_43/bandpass_n20002_cRA_LA_V1_V6_covariance_s5.npz,76165,05f7496b195387b89eb283405bbce1644b55f34d2bd2d6219e36709ffca6e439
tcn,electrode,43,bandpass_n20002_cRA_LA_V1_V6_covariance_s0,phase2/results/predictions/full/electrode/tcn/seed_43/bandpass_n20002_cRA_LA_V1_V6_covariance_s0.npz,75672,855f884e208fa94c8f71209adb9c59574d44ce9c5c5a33e751a1b7fe18938016
tcn,electrode,43,bandpass_n20002_cRA_V2_V5_independent_rms_s20,phase2/results/predictions/full/electrode/tcn/seed_43/bandpass_n20002_cRA_V2_V5_independent_rms_s20.npz,76402,2965ddb88ffec9a91391a4868e6bae8e08f256c72cb5dbc873e84beb53eca1de
tcn,electrode,43,bandpass_n20002_cRA_V2_V5_independent_rms_s15,phase2/results/predictions/full/electrode/tcn/seed_43/bandpass_n20002_cRA_V2_V5_independent_rms_s15.npz,76421,9973ab481d60d659f84cd6bbdfc3934db2c47bec140112ce6c81f18ec52507bd
tcn,electrode,43,bandpass_n20002_cRA_V2_V5_independent_rms_s10,phase2/results/predictions/full/electrode/tcn/seed_43/bandpass_n20002_cRA_V2_V5_independent_rms_s10.npz,76384,189f50727ba7721057370fc7e447e37a5daf2967bed5034d22fc3c795bb4ec85
tcn,electrode,43,bandpass_n20002_cRA_V2_V5_independent_rms_s5,phase2/results/predictions/full/electrode/tcn/seed_43/bandpass_n20002_cRA_V2_V5_independent_rms_s5.npz,76240,23459441477ee0d54e8a27795ddb767577e0a70863cefcdca71561678c51033d
tcn,electrode,43,bandpass_n20002_cRA_V2_V5_independent_rms_s0,phase2/results/predictions/full/electrode/tcn/seed_43/bandpass_n20002_cRA_V2_V5_independent_rms_s0.npz,75970,7da51a00e90687d04ffe56a0c5a937dda93d7b61651c2fecde5ad37d55fc6dd5
tcn,electrode,43,bandpass_n20002_cRA_V2_V5_electrode_s20,phase2/results/predictions/full/electrode/tcn/seed_43/bandpass_n20002_cRA_V2_V5_electrode_s20.npz,76395,5bc656a0f98c60140b2f5ef1c3ada65a2eabe519fc640113e153aebc5098e1f8
tcn,electrode,43,bandpass_n20002_cRA_V2_V5_electrode_s15,phase2/results/predictions/full/electrode/tcn/seed_43/bandpass_n20002_cRA_V2_V5_electrode_s15.npz,76351,d7c7dec722419350c042ef54ea0ccc3d4d6af7f3b5856ca89ea3a90333834bb5
tcn,electrode,43,bandpass_n20002_cRA_V2_V5_electrode_s10,phase2/results/predictions/full/electrode/tcn/seed_43/bandpass_n20002_cRA_V2_V5_electrode_s10.npz,76290,dce34dcb8050587aabe81b58f500ff8437535e903454591df9c6e60bd0cf9201
tcn,electrode,43,bandpass_n20002_cRA_V2_V5_electrode_s5,phase2/results/predictions/full/electrode/tcn/seed_43/bandpass_n20002_cRA_V2_V5_electrode_s5.npz,76113,5b6500e93128479b68fe5a55db0e9bdc6e18799d2d9c2c5cc0690331c6cc6d19
tcn,electrode,43,bandpass_n20002_cRA_V2_V5_electrode_s0,phase2/results/predictions/full/electrode/tcn/seed_43/bandpass_n20002_cRA_V2_V5_electrode_s0.npz,75681,5e2c5569d39fef1772eb5571acb72215dccff26bb72c50083ac1086251bb7252
tcn,electrode,43,bandpass_n20002_cRA_V2_V5_covariance_s20,phase2/results/predictions/full/electrode/tcn/seed_43/bandpass_n20002_cRA_V2_V5_covariance_s20.npz,76389,9d5c14d9f7c3efaf958a44db8687a26e55dc934d12136e8f2628779506169ffe
tcn,electrode,43,bandpass_n20002_cRA_V2_V5_covariance_s15,phase2/results/predictions/full/electrode/tcn/seed_43/bandpass_n20002_cRA_V2_V5_covariance_s15.npz,76358,8a74c36aa62d245fe1980af7b3fa4449b410ac32fe7479ebebbbcf2258080f25
tcn,electrode,43,bandpass_n20002_cRA_V2_V5_covariance_s10,phase2/results/predictions/full/electrode/tcn/seed_43/bandpass_n20002_cRA_V2_V5_covariance_s10.npz,76275,bd0b96b82c0bd5a35858948dec46bd565fd84420909f90ea8204249945fe7ecf
tcn,electrode,43,bandpass_n20002_cRA_V2_V5_covariance_s5,phase2/results/predictions/full/electrode/tcn/seed_43/bandpass_n20002_cRA_V2_V5_covariance_s5.npz,76100,144b07ef870664e4d8e40792fc6713e4deb11da6849313bbd2ccda158526ffcd
tcn,electrode,43,bandpass_n20002_cRA_V2_V5_covariance_s0,phase2/results/predictions/full/electrode/tcn/seed_43/bandpass_n20002_cRA_V2_V5_covariance_s0.npz,75661,103e1b3c1b62cf6adb833fceb683c9f41dcef1ee1b8e3529a6197ebb8d156044
tcn,electrode,43,bandpass_n20002_cLA_V3_V6_independent_rms_s20,phase2/results/predictions/full/electrode/tcn/seed_43/bandpass_n20002_cLA_V3_V6_independent_rms_s20.npz,76415,c7a2779b79d8f68d9b3095dbe8d8aa80237df3ba1a6054d67b7894327a1f88ea
tcn,electrode,43,bandpass_n20002_cLA_V3_V6_independent_rms_s15,phase2/results/predictions/full/electrode/tcn/seed_43/bandpass_n20002_cLA_V3_V6_independent_rms_s15.npz,76365,bb519124c2ef66b836671c1704a3340e26aea878a865767805cb71b145812a5e
tcn,electrode,43,bandpass_n20002_cLA_V3_V6_independent_rms_s10,phase2/results/predictions/full/electrode/tcn/seed_43/bandpass_n20002_cLA_V3_V6_independent_rms_s10.npz,76371,f3be9a1a253451768923c1e93c02d42ff262a1ab27743c2bae77eb269bf0e5c6
tcn,electrode,43,bandpass_n20002_cLA_V3_V6_independent_rms_s5,phase2/results/predictions/full/electrode/tcn/seed_43/bandpass_n20002_cLA_V3_V6_independent_rms_s5.npz,76232,6c789ec6bf7b23e3c696d445fa7404bc78857e40377b9bc64ba0b61ae9cdb397
tcn,electrode,43,bandpass_n20002_cLA_V3_V6_independent_rms_s0,phase2/results/predictions/full/electrode/tcn/seed_43/bandpass_n20002_cLA_V3_V6_independent_rms_s0.npz,76028,19dc8f036bf85e740d93fbfcf5f4084760c7c170718e2e8a1a006b2bb483260d
tcn,electrode,43,bandpass_n20002_cLA_V3_V6_electrode_s20,phase2/results/predictions/full/electrode/tcn/seed_43/bandpass_n20002_cLA_V3_V6_electrode_s20.npz,76399,45391617905ff72b443cd48e2fe6b3f3980a7717dd4c92e9ced8c30da9090212
tcn,electrode,43,bandpass_n20002_cLA_V3_V6_electrode_s15,phase2/results/predictions/full/electrode/tcn/seed_43/bandpass_n20002_cLA_V3_V6_electrode_s15.npz,76372,23154ccfecb149f1f3d17dafaecf8f0a6b5fcc52d46c1589c0a05d1248a7e47d
tcn,electrode,43,bandpass_n20002_cLA_V3_V6_electrode_s10,phase2/results/predictions/full/electrode/tcn/seed_43/bandpass_n20002_cLA_V3_V6_electrode_s10.npz,76370,9ae51c5ae6241fb83149c0a3df1b5983987a296a7536d3250e20c992cb09e3b4
tcn,electrode,43,bandpass_n20002_cLA_V3_V6_electrode_s5,phase2/results/predictions/full/electrode/tcn/seed_43/bandpass_n20002_cLA_V3_V6_electrode_s5.npz,76207,376641693f1c1f15dd184e6f00ae055c227c943b90f8d215fe05f2b00955f879
tcn,electrode,43,bandpass_n20002_cLA_V3_V6_electrode_s0,phase2/results/predictions/full/electrode/tcn/seed_43/bandpass_n20002_cLA_V3_V6_electrode_s0.npz,75940,f2c43ad714f3c1270aac55ed04de6572e11275dde36a3d51ea1844db9d406533
tcn,electrode,43,bandpass_n20002_cLA_V3_V6_covariance_s20,phase2/results/predictions/full/electrode/tcn/seed_43/bandpass_n20002_cLA_V3_V6_covariance_s20.npz,76426,58745cb19d428218ab8ac494b9b18de8005176ab00e3f0343fbc495e5a51f8b3
tcn,electrode,43,bandpass_n20002_cLA_V3_V6_covariance_s15,phase2/results/predictions/full/electrode/tcn/seed_43/bandpass_n20002_cLA_V3_V6_covariance_s15.npz,76401,3bbf6510b8bce427b90c61746d27c2788d9eb160acfb64f8dcec208113ea62b6
tcn,electrode,43,bandpass_n20002_cLA_V3_V6_covariance_s10,phase2/results/predictions/full/electrode/tcn/seed_43/bandpass_n20002_cLA_V3_V6_covariance_s10.npz,76345,b6eb39abd02eb4d17fac781710b4d240fc9d13a6438458e437ebfe1b0a49078d
tcn,electrode,43,bandpass_n20002_cLA_V3_V6_covariance_s5,phase2/results/predictions/full/electrode/tcn/seed_43/bandpass_n20002_cLA_V3_V6_covariance_s5.npz,76260,9ad706577474de12bf59fb3c07b38fd64c0cdcd9159d0d1d81d75f1847ff3e8d
tcn,electrode,43,bandpass_n20002_cLA_V3_V6_covariance_s0,phase2/results/predictions/full/electrode/tcn/seed_43/bandpass_n20002_cLA_V3_V6_covariance_s0.npz,75953,c9f843d447455c90d8042ea3aff611022bdf266500a4ae2dd00f1971ead77b1d
tcn,electrode,43,bandpass_n20002_cLL_V1_V4_independent_rms_s20,phase2/results/predictions/full/electrode/tcn/seed_43/bandpass_n20002_cLL_V1_V4_independent_rms_s20.npz,76380,a67403ad90943cbd95c54cbdd6b0884a4429812b2f5640339a87b1ec3dbe763c
tcn,electrode,43,bandpass_n20002_cLL_V1_V4_independent_rms_s15,phase2/results/predictions/full/electrode/tcn/seed_43/bandpass_n20002_cLL_V1_V4_independent_rms_s15.npz,76395,1aa7855fd2079372a7df021001c95e3963aaeeff3733d78ac3204620119c2541
tcn,electrode,43,bandpass_n20002_cLL_V1_V4_independent_rms_s10,phase2/results/predictions/full/electrode/tcn/seed_43/bandpass_n20002_cLL_V1_V4_independent_rms_s10.npz,76385,8250a1120480348374953c8dda24ddda2f190d7c950325f93be44fdecc95c934
tcn,electrode,43,bandpass_n20002_cLL_V1_V4_independent_rms_s5,phase2/results/predictions/full/electrode/tcn/seed_43/bandpass_n20002_cLL_V1_V4_independent_rms_s5.npz,76228,a15fbc641d2685a6de00d5a6566adbde970b8c725d6de2d1e90c875a99c4021d
tcn,electrode,43,bandpass_n20002_cLL_V1_V4_independent_rms_s0,phase2/results/predictions/full/electrode/tcn/seed_43/bandpass_n20002_cLL_V1_V4_independent_rms_s0.npz,75984,3dad4f639f62d6a1eb770ee33a97e12323b155ea92aeedf542dcd88e78840d71
tcn,electrode,43,bandpass_n20002_cLL_V1_V4_electrode_s20,phase2/results/predictions/full/electrode/tcn/seed_43/bandpass_n20002_cLL_V1_V4_electrode_s20.npz,76420,20262fae8e6f0353b029003637640f23b141f70ad6a132b7dbaf44bf44ec7f58
tcn,electrode,43,bandpass_n20002_cLL_V1_V4_electrode_s15,phase2/results/predictions/full/electrode/tcn/seed_43/bandpass_n20002_cLL_V1_V4_electrode_s15.npz,76426,778375e1f588d6997ffadd4a2b596375d35b05e7eb457210c51518fb7b75bff9
tcn,electrode,43,bandpass_n20002_cLL_V1_V4_electrode_s10,phase2/results/predictions/full/electrode/tcn/seed_43/bandpass_n20002_cLL_V1_V4_electrode_s10.npz,76338,bd35670054d5fd2a8c7ef5f3827a950467c2b9df5093ca8b85ad968709817b6d
tcn,electrode,43,bandpass_n20002_cLL_V1_V4_electrode_s5,phase2/results/predictions/full/electrode/tcn/seed_43/bandpass_n20002_cLL_V1_V4_electrode_s5.npz,76207,33d02505e18848b0ec00c0f1cf7d33a7350fbcaa8b8c80dd12e8e4e144262319
tcn,electrode,43,bandpass_n20002_cLL_V1_V4_electrode_s0,phase2/results/predictions/full/electrode/tcn/seed_43/bandpass_n20002_cLL_V1_V4_electrode_s0.npz,75911,cfcd6064a3f7b2ecec513e48757f86dfd2b824d4ac5713cbb138c947f7395904
tcn,electrode,43,bandpass_n20002_cLL_V1_V4_covariance_s20,phase2/results/predictions/full/electrode/tcn/seed_43/bandpass_n20002_cLL_V1_V4_covariance_s20.npz,76389,45eb1a2b3eac7b78b41fbc53702bc3ec36257af565eb35153b8393d2e05c8337
tcn,electrode,43,bandpass_n20002_cLL_V1_V4_covariance_s15,phase2/results/predictions/full/electrode/tcn/seed_43/bandpass_n20002_cLL_V1_V4_covariance_s15.npz,76391,46a307a5a268381d4ef2ea024b26b044873400546a89e1a42a62f03847d383e9
tcn,electrode,43,bandpass_n20002_cLL_V1_V4_covariance_s10,phase2/results/predictions/full/electrode/tcn/seed_43/bandpass_n20002_cLL_V1_V4_covariance_s10.npz,76337,69a70011fd115df00f42e6cc17c62756be018949dd09b047b468b38e05cc8c4c
tcn,electrode,43,bandpass_n20002_cLL_V1_V4_covariance_s5,phase2/results/predictions/full/electrode/tcn/seed_43/bandpass_n20002_cLL_V1_V4_covariance_s5.npz,76206,6e47e490576a718cf5b27bbd488378c59c45fa5001714fcf74ad086d9138297c
tcn,electrode,43,bandpass_n20002_cLL_V1_V4_covariance_s0,phase2/results/predictions/full/electrode/tcn/seed_43/bandpass_n20002_cLL_V1_V4_covariance_s0.npz,75910,245853ea8b07efe9eaa55086a7608eb2c5f078b0a855f63a68299345c025f44d
tcn,electrode,43,bandpass_n20002_call_independent_rms_s20,phase2/results/predictions/full/electrode/tcn/seed_43/bandpass_n20002_call_independent_rms_s20.npz,76365,54f738b6a7fad4f28419ced0cb04d6989efb553ce52554f990dc140dad64f0e2
tcn,electrode,43,bandpass_n20002_call_independent_rms_s15,phase2/results/predictions/full/electrode/tcn/seed_43/bandpass_n20002_call_independent_rms_s15.npz,76371,86f3f00e666cbab9de84222ab118d6f8ecd48e79557482e4df49971a2b316396
tcn,electrode,43,bandpass_n20002_call_independent_rms_s10,phase2/results/predictions/full/electrode/tcn/seed_43/bandpass_n20002_call_independent_rms_s10.npz,76349,6a596a4e25cd3d09833c1262099fe27e0b53b6b8864666a7d6c8551524528e65
tcn,electrode,43,bandpass_n20002_call_independent_rms_s5,phase2/results/predictions/full/electrode/tcn/seed_43/bandpass_n20002_call_independent_rms_s5.npz,76223,70f181717d31798d2ac8fe2ceffe9f10e9fcba42419927cd9db8a21adb8b5197
tcn,electrode,43,bandpass_n20002_call_independent_rms_s0,phase2/results/predictions/full/electrode/tcn/seed_43/bandpass_n20002_call_independent_rms_s0.npz,75958,b94075eab99a8b6842c84a00a8dc979d0289a1d54358400094a4107366c8c679
tcn,electrode,43,bandpass_n20002_call_electrode_s20,phase2/results/predictions/full/electrode/tcn/seed_43/bandpass_n20002_call_electrode_s20.npz,76360,97ccc4a6dcf4b61b52cc6f823729768b47eda362ba2150aa8ac04084ecfb01bd
tcn,electrode,43,bandpass_n20002_call_electrode_s15,phase2/results/predictions/full/electrode/tcn/seed_43/bandpass_n20002_call_electrode_s15.npz,76323,e484a91a7a42b1f7a0ed83af1a1c223cd04bb601139cff28b4d5ea1a9d25a032
tcn,electrode,43,bandpass_n20002_call_electrode_s10,phase2/results/predictions/full/electrode/tcn/seed_43/bandpass_n20002_call_electrode_s10.npz,76250,25adbf1034301e709b067fbbf7878ce449c8f491109f4c1199c79191c5d85c21
tcn,electrode,43,bandpass_n20002_call_electrode_s5,phase2/results/predictions/full/electrode/tcn/seed_43/bandpass_n20002_call_electrode_s5.npz,76123,e430867a5f6e66b54b5f55868af969b9a12903d1bbe0cf79a57fb356b1d7c864
tcn,electrode,43,bandpass_n20002_call_electrode_s0,phase2/results/predictions/full/electrode/tcn/seed_43/bandpass_n20002_call_electrode_s0.npz,75742,e4187e255f6855c5d474eba152861b3aee1df8bb95c883b1e7078cb2d2bde5fa
tcn,electrode,43,bandpass_n20002_call_covariance_s20,phase2/results/predictions/full/electrode/tcn/seed_43/bandpass_n20002_call_covariance_s20.npz,76365,d63d649d65b90d7be255d7259278205a63884730f63d741da60cadb7a49c7239
tcn,electrode,43,bandpass_n20002_call_covariance_s15,phase2/results/predictions/full/electrode/tcn/seed_43/bandpass_n20002_call_covariance_s15.npz,76366,8a66cc3882e6d6d3aa7de9c6c3ddaa32ad22f5f688d09aa16497f986a4bc6601
tcn,electrode,43,bandpass_n20002_call_covariance_s10,phase2/results/predictions/full/electrode/tcn/seed_43/bandpass_n20002_call_covariance_s10.npz,76287,15d59996e5ab1c7eba1bfd2f8c57e95c8fffc09857274e2aa00fd0fd8499db86
tcn,electrode,43,bandpass_n20002_call_covariance_s5,phase2/results/predictions/full/electrode/tcn/seed_43/bandpass_n20002_call_covariance_s5.npz,76139,22dd25d2cf7b5ac707415b4883be50e9ec53413821065c2088afcc4a16b2f7d4
tcn,electrode,43,bandpass_n20002_call_covariance_s0,phase2/results/predictions/full/electrode/tcn/seed_43/bandpass_n20002_call_covariance_s0.npz,75767,16d737ebbbb32308768b2a805c16d8715f7c580cd13c353eef878b14c7fcf77e
tcn,electrode,43,bandpass_n20003_cRA_LA_LL_independent_rms_s20,phase2/results/predictions/full/electrode/tcn/seed_43/bandpass_n20003_cRA_LA_LL_independent_rms_s20.npz,76385,155a487d8fb2aa464b2b6db8f530524fdbed3b2c78a097c897cb8544a681c63b
tcn,electrode,43,bandpass_n20003_cRA_LA_LL_independent_rms_s15,phase2/results/predictions/full/electrode/tcn/seed_43/bandpass_n20003_cRA_LA_LL_independent_rms_s15.npz,76389,6b976dcaced16548b078c3b2034d99c8e3b49db2c39aec72df74ecdf2c5d29b0
tcn,electrode,43,bandpass_n20003_cRA_LA_LL_independent_rms_s10,phase2/results/predictions/full/electrode/tcn/seed_43/bandpass_n20003_cRA_LA_LL_independent_rms_s10.npz,76331,c3d7a96f83b6e18746e3a5443e9bc2137fe6fd35a0526f3a9e6613aae52b04c8
tcn,electrode,43,bandpass_n20003_cRA_LA_LL_independent_rms_s5,phase2/results/predictions/full/electrode/tcn/seed_43/bandpass_n20003_cRA_LA_LL_independent_rms_s5.npz,76253,0bc121174a2a9065f3b118dbe31ce13d1fef240cbfaf573f6986fba79070af35
tcn,electrode,43,bandpass_n20003_cRA_LA_LL_independent_rms_s0,phase2/results/predictions/full/electrode/tcn/seed_43/bandpass_n20003_cRA_LA_LL_independent_rms_s0.npz,75975,55f7fc6c4fc549344f4a3556b4a41a498ec8acc4f4cd2292b376b4bf28789688
tcn,electrode,43,bandpass_n20003_cRA_LA_LL_electrode_s20,phase2/results/predictions/full/electrode/tcn/seed_43/bandpass_n20003_cRA_LA_LL_electrode_s20.npz,76366,252047f127cf49ebe5913413f6761a95298cda8d18eb36d8a8d107583508c4bc
tcn,electrode,43,bandpass_n20003_cRA_LA_LL_electrode_s15,phase2/results/predictions/full/electrode/tcn/seed_43/bandpass_n20003_cRA_LA_LL_electrode_s15.npz,76366,1e8e5209daf057ea8a5ec15f96a587175c378de785da90297e3870a8ee0386a2
tcn,electrode,43,bandpass_n20003_cRA_LA_LL_electrode_s10,phase2/results/predictions/full/electrode/tcn/seed_43/bandpass_n20003_cRA_LA_LL_electrode_s10.npz,76285,d470e483758e6cba9dbeef25c9926c3ac4b3c635ac8dc7bfe3041e5194004bd8
tcn,electrode,43,bandpass_n20003_cRA_LA_LL_electrode_s5,phase2/results/predictions/full/electrode/tcn/seed_43/bandpass_n20003_cRA_LA_LL_electrode_s5.npz,76117,b294b1285f1e781baff37f30ed14ed876eda84610c82fc6032aec6dac28302ce
tcn,electrode,43,bandpass_n20003_cRA_LA_LL_electrode_s0,phase2/results/predictions/full/electrode/tcn/seed_43/bandpass_n20003_cRA_LA_LL_electrode_s0.npz,75668,d3150e29ef8fdd3067ff76187e34bf4a9fdfdb559233992cc928ff05c575011f
tcn,electrode,43,bandpass_n20003_cRA_LA_LL_covariance_s20,phase2/results/predictions/full/electrode/tcn/seed_43/bandpass_n20003_cRA_LA_LL_covariance_s20.npz,76367,a268fe1f461701c1730dac673d903d3ce29838f10053e4b642dd9b21d7b0e0a2
tcn,electrode,43,bandpass_n20003_cRA_LA_LL_covariance_s15,phase2/results/predictions/full/electrode/tcn/seed_43/bandpass_n20003_cRA_LA_LL_covariance_s15.npz,76343,510879fdceb5b990eb9d7afdb18989422abe5de977471f08a4748f9eda301538
tcn,electrode,43,bandpass_n20003_cRA_LA_LL_covariance_s10,phase2/results/predictions/full/electrode/tcn/seed_43/bandpass_n20003_cRA_LA_LL_covariance_s10.npz,76288,48eededef36cbdd568d724788fd02403d7e3cd53dc9db87df772fc0a6753b193
tcn,electrode,43,bandpass_n20003_cRA_LA_LL_covariance_s5,phase2/results/predictions/full/electrode/tcn/seed_43/bandpass_n20003_cRA_LA_LL_covariance_s5.npz,76094,06b8a60b06359d2fae817ed6967c9512d1d9a089299a9cff476df1231e38b8c2
tcn,electrode,43,bandpass_n20003_cRA_LA_LL_covariance_s0,phase2/results/predictions/full/electrode/tcn/seed_43/bandpass_n20003_cRA_LA_LL_covariance_s0.npz,75684,f7c9ac8a5be928dd352110f445999a524f688c7a0817d4560bd95e5d1b37a206
tcn,electrode,43,bandpass_n20003_cV1_independent_rms_s20,phase2/results/predictions/full/electrode/tcn/seed_43/bandpass_n20003_cV1_independent_rms_s20.npz,76391,d7b1aa65b9f028e329cfce0be4f9870dafdb2c60ed6ac63dfd92d53912aa9ada
tcn,electrode,43,bandpass_n20003_cV1_independent_rms_s15,phase2/results/predictions/full/electrode/tcn/seed_43/bandpass_n20003_cV1_independent_rms_s15.npz,76390,b36eebf4d6c6336f9553bb7e96aa534df4dde796771c03734af3d82fe2d06629
tcn,electrode,43,bandpass_n20003_cV1_independent_rms_s10,phase2/results/predictions/full/electrode/tcn/seed_43/bandpass_n20003_cV1_independent_rms_s10.npz,76314,e9450643b5cc6f89de3d94c90bc9ece599fdab8febf2ebd5ad02f7f54f700e65
tcn,electrode,43,bandpass_n20003_cV1_independent_rms_s5,phase2/results/predictions/full/electrode/tcn/seed_43/bandpass_n20003_cV1_independent_rms_s5.npz,76201,fd2445c814f28416e7e39cb44e455468be4ee465876ab0faeb1b7e2ae411de68
tcn,electrode,43,bandpass_n20003_cV1_independent_rms_s0,phase2/results/predictions/full/electrode/tcn/seed_43/bandpass_n20003_cV1_independent_rms_s0.npz,75932,83275f15cf1e76e1594e1604f821a8dec9ab7a78cb39c7e327ccd9f9d80875b8
tcn,electrode,43,bandpass_n20003_cV1_electrode_s20,phase2/results/predictions/full/electrode/tcn/seed_43/bandpass_n20003_cV1_electrode_s20.npz,76350,ada6e180232d81255163ff4c6b2b33a685f2b433219df87d3b42a83f3634203f
tcn,electrode,43,bandpass_n20003_cV1_electrode_s15,phase2/results/predictions/full/electrode/tcn/seed_43/bandpass_n20003_cV1_electrode_s15.npz,76360,8d30d4f183b508cadc815a699f8ddba9b08a8c5a94623973f1aa203b2b6ae873
tcn,electrode,43,bandpass_n20003_cV1_electrode_s10,phase2/results/predictions/full/electrode/tcn/seed_43/bandpass_n20003_cV1_electrode_s10.npz,76285,e1cf677ac44b6ba4797ad862b9e6a22311c2b479472b16c7db1221a7c160b8af
tcn,electrode,43,bandpass_n20003_cV1_electrode_s5,phase2/results/predictions/full/electrode/tcn/seed_43/bandpass_n20003_cV1_electrode_s5.npz,76193,fc5ec7927f0df88d66534f5953de99cd9c07878385e658be0e17c2094242e83c
tcn,electrode,43,bandpass_n20003_cV1_electrode_s0,phase2/results/predictions/full/electrode/tcn/seed_43/bandpass_n20003_cV1_electrode_s0.npz,75922,1e812f2c5f5090c01ce723081223cae667660826ce3e3bed6770b7cc3daca401
tcn,electrode,43,bandpass_n20003_cV1_covariance_s20,phase2/results/predictions/full/electrode/tcn/seed_43/bandpass_n20003_cV1_covariance_s20.npz,76373,73b38d8ebdac343a79e5609e85b72a2253ca3606559bd4e66b1cf9262bff77de
tcn,electrode,43,bandpass_n20003_cV1_covariance_s15,phase2/results/predictions/full/electrode/tcn/seed_43/bandpass_n20003_cV1_covariance_s15.npz,76363,926b7df0cb340da423ceb080b4ab2094f18c13ab23bb5e58fa1379850b5b8570
tcn,electrode,43,bandpass_n20003_cV1_covariance_s10,phase2/results/predictions/full/electrode/tcn/seed_43/bandpass_n20003_cV1_covariance_s10.npz,76290,49851dd456936bb2acfcbc03bcc0f4b55c6276b088f4fce51a8f5317cfffca8c
tcn,electrode,43,bandpass_n20003_cV1_covariance_s5,phase2/results/predictions/full/electrode/tcn/seed_43/bandpass_n20003_cV1_covariance_s5.npz,76192,8cb993353f26c60b428077d9f16850c7b9ee784eedc69e8f0cc611593df06da7
tcn,electrode,43,bandpass_n20003_cV1_covariance_s0,phase2/results/predictions/full/electrode/tcn/seed_43/bandpass_n20003_cV1_covariance_s0.npz,75918,0f24a07cac0aa719353e39c687d7506533290a11fd741e67e27f6afb6e31d405
tcn,electrode,43,bandpass_n20003_cV2_independent_rms_s20,phase2/results/predictions/full/electrode/tcn/seed_43/bandpass_n20003_cV2_independent_rms_s20.npz,76405,d2f39796743b8b96ba51b700e850cd454814a1e477166f65082b545029c64434
tcn,electrode,43,bandpass_n20003_cV2_independent_rms_s15,phase2/results/predictions/full/electrode/tcn/seed_43/bandpass_n20003_cV2_independent_rms_s15.npz,76363,a46febf77800dbce0d7c8277a8b3da21ef727b5379e8a757f199e6a2396960da
tcn,electrode,43,bandpass_n20003_cV2_independent_rms_s10,phase2/results/predictions/full/electrode/tcn/seed_43/bandpass_n20003_cV2_independent_rms_s10.npz,76351,6b1561a738990207302bbeffe487b7750b137627af1480060686f93e5447c9c7
tcn,electrode,43,bandpass_n20003_cV2_independent_rms_s5,phase2/results/predictions/full/electrode/tcn/seed_43/bandpass_n20003_cV2_independent_rms_s5.npz,76263,891dd0980d1c9890fde85abbd68b805c5164b2d6871f802758f7a7b2242e9d45
tcn,electrode,43,bandpass_n20003_cV2_independent_rms_s0,phase2/results/predictions/full/electrode/tcn/seed_43/bandpass_n20003_cV2_independent_rms_s0.npz,75963,6e198e5a06b24e9e2759793e5b63b1d610a2d97271314c1d6c4e9a3be5d104b1
tcn,electrode,43,bandpass_n20003_cV2_electrode_s20,phase2/results/predictions/full/electrode/tcn/seed_43/bandpass_n20003_cV2_electrode_s20.npz,76359,652d8c159e1e6940c6beda506c6b20be1b6a37ff570cfb8dceddd487a5aca08c
tcn,electrode,43,bandpass_n20003_cV2_electrode_s15,phase2/results/predictions/full/electrode/tcn/seed_43/bandpass_n20003_cV2_electrode_s15.npz,76352,8d6f3cc344a8ee3dec4a654955695bf1357e15ba1037926919e85aecfa520493
tcn,electrode,43,bandpass_n20003_cV2_electrode_s10,phase2/results/predictions/full/electrode/tcn/seed_43/bandpass_n20003_cV2_electrode_s10.npz,76322,f0894916a94a720651a61534de1fa034363141c837a6487f3be018dec0b2d707
tcn,electrode,43,bandpass_n20003_cV2_electrode_s5,phase2/results/predictions/full/electrode/tcn/seed_43/bandpass_n20003_cV2_electrode_s5.npz,76226,635a5a2a4ced5839cc81c57f72117b0e2d7f2285b322d890d0fd8a096b781100
tcn,electrode,43,bandpass_n20003_cV2_electrode_s0,phase2/results/predictions/full/electrode/tcn/seed_43/bandpass_n20003_cV2_electrode_s0.npz,75977,f9a2a8c215db42d326c68cc92d1d2caea2cef25a4ce66c6d6c7208fa9b4ebd9f
tcn,electrode,43,bandpass_n20003_cV2_covariance_s20,phase2/results/predictions/full/electrode/tcn/seed_43/bandpass_n20003_cV2_covariance_s20.npz,76349,aae69ca42038084c1e3b8d5179df856a4839f83e73452502fbaa6a46a3a554f0
tcn,electrode,43,bandpass_n20003_cV2_covariance_s15,phase2/results/predictions/full/electrode/tcn/seed_43/bandpass_n20003_cV2_covariance_s15.npz,76377,83cb0f2d2ef9eb4d4ac90b578a975199f37ea7b73c2cfc1f23269f50c2a73589
tcn,electrode,43,bandpass_n20003_cV2_covariance_s10,phase2/results/predictions/full/electrode/tcn/seed_43/bandpass_n20003_cV2_covariance_s10.npz,76304,8d4d72ebb57df3a53a311153be1355b7a8afdea94930bd3834b53c95e3f024e6
tcn,electrode,43,bandpass_n20003_cV2_covariance_s5,phase2/results/predictions/full/electrode/tcn/seed_43/bandpass_n20003_cV2_covariance_s5.npz,76205,369b14b38ad1b6c2ed89af8e22cc26287f730c14bfdd80a1c4d3a2cbc44d0125
tcn,electrode,43,bandpass_n20003_cV2_covariance_s0,phase2/results/predictions/full/electrode/tcn/seed_43/bandpass_n20003_cV2_covariance_s0.npz,75988,474a287ad4287179020e5accb30fb382849f2d8924484aca8164b13cfd6005e0
tcn,electrode,43,bandpass_n20003_cV3_independent_rms_s20,phase2/results/predictions/full/electrode/tcn/seed_43/bandpass_n20003_cV3_independent_rms_s20.npz,76355,86fc0ff283edb12a7839059be7f42ed05482daba43f2da8ded69fce0eec3c831
tcn,electrode,43,bandpass_n20003_cV3_independent_rms_s15,phase2/results/predictions/full/electrode/tcn/seed_43/bandpass_n20003_cV3_independent_rms_s15.npz,76401,6b9ecc82f78079f10d2906d6a961604caef0f59be0936dcae11365eac520d753
tcn,electrode,43,bandpass_n20003_cV3_independent_rms_s10,phase2/results/predictions/full/electrode/tcn/seed_43/bandpass_n20003_cV3_independent_rms_s10.npz,76358,f222510d6b46990fd228f5df8527a9aea45f56d6265990c9e47a8edd80436011
tcn,electrode,43,bandpass_n20003_cV3_independent_rms_s5,phase2/results/predictions/full/electrode/tcn/seed_43/bandpass_n20003_cV3_independent_rms_s5.npz,76360,c3bfc4e4e1a101dde0ca36dce2b5ac6f7ce9c33e1af9f84a4a961c106cbb2fb5
tcn,electrode,43,bandpass_n20003_cV3_independent_rms_s0,phase2/results/predictions/full/electrode/tcn/seed_43/bandpass_n20003_cV3_independent_rms_s0.npz,76184,c792de8d76dd88973b88ca39f68521861743fb43ec7f76d223eb0f09cb93305b
tcn,electrode,43,bandpass_n20003_cV3_electrode_s20,phase2/results/predictions/full/electrode/tcn/seed_43/bandpass_n20003_cV3_electrode_s20.npz,76355,5bd486ee6f7ca1def55a1d75c039f3ec107607fe5c6c6b3e2ee691b9e9a6a8e4
tcn,electrode,43,bandpass_n20003_cV3_electrode_s15,phase2/results/predictions/full/electrode/tcn/seed_43/bandpass_n20003_cV3_electrode_s15.npz,76390,28da266c90fbc847f7ff7f49d5513ab662965cff2b483d6361b11dcb61e46086
tcn,electrode,43,bandpass_n20003_cV3_electrode_s10,phase2/results/predictions/full/electrode/tcn/seed_43/bandpass_n20003_cV3_electrode_s10.npz,76373,18755b26deeefaeb57e301289f24d8f0ec5c5091e669cede52ea39f6d10bcb0d
tcn,electrode,43,bandpass_n20003_cV3_electrode_s5,phase2/results/predictions/full/electrode/tcn/seed_43/bandpass_n20003_cV3_electrode_s5.npz,76370,0ff2e8e58ad7b7ecb71144b481cdb44b333fca0b0f156695c7a62d618d9b5917
tcn,electrode,43,bandpass_n20003_cV3_electrode_s0,phase2/results/predictions/full/electrode/tcn/seed_43/bandpass_n20003_cV3_electrode_s0.npz,76196,7ea8f17fb04a1760e279d84a43141df564792047da8c5065e4c667103c004d8c
tcn,electrode,43,bandpass_n20003_cV3_covariance_s20,phase2/results/predictions/full/electrode/tcn/seed_43/bandpass_n20003_cV3_covariance_s20.npz,76378,2ff76c079223b85bea65f1cefb0480b8284c751b9df1678a980726371e63c38a
tcn,electrode,43,bandpass_n20003_cV3_covariance_s15,phase2/results/predictions/full/electrode/tcn/seed_43/bandpass_n20003_cV3_covariance_s15.npz,76379,cd1a8d2ff27bee179a63d9c7eb10e1ae1f54ce50fb3b6957be021ea0d87f7032
tcn,electrode,43,bandpass_n20003_cV3_covariance_s10,phase2/results/predictions/full/electrode/tcn/seed_43/bandpass_n20003_cV3_covariance_s10.npz,76344,b0937529a9aa120103e365f0c868a32bbaa245551bf251ab13dde7563c1dec86
tcn,electrode,43,bandpass_n20003_cV3_covariance_s5,phase2/results/predictions/full/electrode/tcn/seed_43/bandpass_n20003_cV3_covariance_s5.npz,76250,87f6ad1ae45e86156cda666b20af09d55bc9a30949f5efeb0ac30d376bfb0937
tcn,electrode,43,bandpass_n20003_cV3_covariance_s0,phase2/results/predictions/full/electrode/tcn/seed_43/bandpass_n20003_cV3_covariance_s0.npz,76185,3692eb9387094853ff6090650bf178ba00eb0f63acdca81010e641eb2223705f
tcn,electrode,43,bandpass_n20003_cV4_independent_rms_s20,phase2/results/predictions/full/electrode/tcn/seed_43/bandpass_n20003_cV4_independent_rms_s20.npz,76393,0f386089b29073aaf04c981b184fd59378fc3d0b19cc01da4d7203ef6ee0149f
tcn,electrode,43,bandpass_n20003_cV4_independent_rms_s15,phase2/results/predictions/full/electrode/tcn/seed_43/bandpass_n20003_cV4_independent_rms_s15.npz,76386,41969a15bad9df5d40071ff6b219ca22ef1058a34f69b4950222984812f2b520
tcn,electrode,43,bandpass_n20003_cV4_independent_rms_s10,phase2/results/predictions/full/electrode/tcn/seed_43/bandpass_n20003_cV4_independent_rms_s10.npz,76351,0dd2a7f0d85d31ea0c4a8fd418ee1204b9db09e289b0e9bf24129d9deffc9245
tcn,electrode,43,bandpass_n20003_cV4_independent_rms_s5,phase2/results/predictions/full/electrode/tcn/seed_43/bandpass_n20003_cV4_independent_rms_s5.npz,76255,072a141e1513278e0be14246e57ba60cd489835fd3e7a053b41e8147603b3b46
tcn,electrode,43,bandpass_n20003_cV4_independent_rms_s0,phase2/results/predictions/full/electrode/tcn/seed_43/bandpass_n20003_cV4_independent_rms_s0.npz,76092,fccf5dae69532284d9c0c4d2001cdcdb9b472d055a08b59e43c1382ab8b4ddae
tcn,electrode,43,bandpass_n20003_cV4_electrode_s20,phase2/results/predictions/full/electrode/tcn/seed_43/bandpass_n20003_cV4_electrode_s20.npz,76370,59fe840f50e6670007324c2143f851782a4d2b4e23713160cdf8046134c4c71a
tcn,electrode,43,bandpass_n20003_cV4_electrode_s15,phase2/results/predictions/full/electrode/tcn/seed_43/bandpass_n20003_cV4_electrode_s15.npz,76371,7416d4c0d0e9ebb54abc71839289208c333c4506b7af82a7925540ed3043d0c1
tcn,electrode,43,bandpass_n20003_cV4_electrode_s10,phase2/results/predictions/full/electrode/tcn/seed_43/bandpass_n20003_cV4_electrode_s10.npz,76358,c47ebdf1dd12c9e13b488b291abee1bac09a30bbfa83f21584c4df383585578c
tcn,electrode,43,bandpass_n20003_cV4_electrode_s5,phase2/results/predictions/full/electrode/tcn/seed_43/bandpass_n20003_cV4_electrode_s5.npz,76226,a947a5da61910d2a6c3cbd47801a74361fd54ed9f2d49de3de38c3df6561b4a6
tcn,electrode,43,bandpass_n20003_cV4_electrode_s0,phase2/results/predictions/full/electrode/tcn/seed_43/bandpass_n20003_cV4_electrode_s0.npz,76086,090ba2b4fed4dc36191de893b79946a7470b2ee99182f1089bacc8436310caaf
tcn,electrode,43,bandpass_n20003_cV4_covariance_s20,phase2/results/predictions/full/electrode/tcn/seed_43/bandpass_n20003_cV4_covariance_s20.npz,76363,253936b80e69daa394c4bec180bff8ffcb1ceaeacb9280b4bff2d63131ffaab2
tcn,electrode,43,bandpass_n20003_cV4_covariance_s15,phase2/results/predictions/full/electrode/tcn/seed_43/bandpass_n20003_cV4_covariance_s15.npz,76363,164c384d519aae4003b69c33add23e279f883d6cf82ae9aff3323c705520e4f4
tcn,electrode,43,bandpass_n20003_cV4_covariance_s10,phase2/results/predictions/full/electrode/tcn/seed_43/bandpass_n20003_cV4_covariance_s10.npz,76312,f57e330e7547175bb7ff15c15c4ce9f2b7234c8b00f71ee066253cdca6627ccd
tcn,electrode,43,bandpass_n20003_cV4_covariance_s5,phase2/results/predictions/full/electrode/tcn/seed_43/bandpass_n20003_cV4_covariance_s5.npz,76263,fd0d93f3a1df85795f7973713385fc569d6797784172ec2615f9c3ed7633cabd
tcn,electrode,43,bandpass_n20003_cV4_covariance_s0,phase2/results/predictions/full/electrode/tcn/seed_43/bandpass_n20003_cV4_covariance_s0.npz,76065,a0e20da541963ed0184acdeeec5f50a23f8a1bb64b9c151565bcb74609edb041
tcn,electrode,43,bandpass_n20003_cV5_independent_rms_s20,phase2/results/predictions/full/electrode/tcn/seed_43/bandpass_n20003_cV5_independent_rms_s20.npz,76384,3f070d2accc558cd8213e688db8fed5d857ed826bf06d13529355604abf22f66
tcn,electrode,43,bandpass_n20003_cV5_independent_rms_s15,phase2/results/predictions/full/electrode/tcn/seed_43/bandpass_n20003_cV5_independent_rms_s15.npz,76390,2bca250aaedce714d282887e02d7fcfd419a1fe29c7223179664abffb02c09c9
tcn,electrode,43,bandpass_n20003_cV5_independent_rms_s10,phase2/results/predictions/full/electrode/tcn/seed_43/bandpass_n20003_cV5_independent_rms_s10.npz,76350,d6b7798eb016a64142dba5f71b37a8fdb00d71a3b32243c173eb07f4673a2ade
tcn,electrode,43,bandpass_n20003_cV5_independent_rms_s5,phase2/results/predictions/full/electrode/tcn/seed_43/bandpass_n20003_cV5_independent_rms_s5.npz,76235,ddd428fb925ba6588fd0c61b460d2493f4e2cc060635ac7a5af55733017dcb4e
tcn,electrode,43,bandpass_n20003_cV5_independent_rms_s0,phase2/results/predictions/full/electrode/tcn/seed_43/bandpass_n20003_cV5_independent_rms_s0.npz,75958,52415b1d167a966e0f739bace6f5fd77ffcbb58f2ada08a5d7af5020074f947b
tcn,electrode,43,bandpass_n20003_cV5_electrode_s20,phase2/results/predictions/full/electrode/tcn/seed_43/bandpass_n20003_cV5_electrode_s20.npz,76407,5794e6482609bfcddedf91e92bf5522358e721b01976dc06d17048defecdaeca
tcn,electrode,43,bandpass_n20003_cV5_electrode_s15,phase2/results/predictions/full/electrode/tcn/seed_43/bandpass_n20003_cV5_electrode_s15.npz,76363,6dd87f29575e107843f9f089d44640f55ea042dda6c855b986b186437cfbcc10
tcn,electrode,43,bandpass_n20003_cV5_electrode_s10,phase2/results/predictions/full/electrode/tcn/seed_43/bandpass_n20003_cV5_electrode_s10.npz,76321,406761af78a43cf19ca2177c8cad5ff46e2326191e0fc357515cf52bf0943f39
tcn,electrode,43,bandpass_n20003_cV5_electrode_s5,phase2/results/predictions/full/electrode/tcn/seed_43/bandpass_n20003_cV5_electrode_s5.npz,76220,7ade840111941c9bb2f89ba105acb6fed16551c67fd1a4bd04c517d44fb366e8
tcn,electrode,43,bandpass_n20003_cV5_electrode_s0,phase2/results/predictions/full/electrode/tcn/seed_43/bandpass_n20003_cV5_electrode_s0.npz,75967,0e65ba16604c92872bfda4d50957eda26e0c716352f3d5cd7e9de781b9478079
tcn,electrode,43,bandpass_n20003_cV5_covariance_s20,phase2/results/predictions/full/electrode/tcn/seed_43/bandpass_n20003_cV5_covariance_s20.npz,76349,f4610e3af0933ab76388462e8a3b8303f8f462c445a44020522229367cfe338f
tcn,electrode,43,bandpass_n20003_cV5_covariance_s15,phase2/results/predictions/full/electrode/tcn/seed_43/bandpass_n20003_cV5_covariance_s15.npz,76363,58ebffef0dce88986ec10ae79325ee0da5411860b3e4786ca34914260feeea27
tcn,electrode,43,bandpass_n20003_cV5_covariance_s10,phase2/results/predictions/full/electrode/tcn/seed_43/bandpass_n20003_cV5_covariance_s10.npz,76326,cfd93b78f3b7e3bbbbea8e63e7d650b83b02264343b0c743bdcd2f12b4e5d15f
tcn,electrode,43,bandpass_n20003_cV5_covariance_s5,phase2/results/predictions/full/electrode/tcn/seed_43/bandpass_n20003_cV5_covariance_s5.npz,76224,2bce6e30e1e321129bc202890c8aac87d33c2b5e58d936a2b24223d38182692c
tcn,electrode,43,bandpass_n20003_cV5_covariance_s0,phase2/results/predictions/full/electrode/tcn/seed_43/bandpass_n20003_cV5_covariance_s0.npz,75946,35c73fe9ac5b5cd4aa95759e4b607a9d9f399ab1040bd1b244c27dd671b177d4
tcn,electrode,43,bandpass_n20003_cV6_independent_rms_s20,phase2/results/predictions/full/electrode/tcn/seed_43/bandpass_n20003_cV6_independent_rms_s20.npz,76372,6f1d81b07c424e2e6709d82443613f64609fec68852fb52cfd1f6b9cdcc0bcc9
tcn,electrode,43,bandpass_n20003_cV6_independent_rms_s15,phase2/results/predictions/full/electrode/tcn/seed_43/bandpass_n20003_cV6_independent_rms_s15.npz,76368,e85f0cc81aa3701937c9286fc11b55a57e3efc8451fc296566ec3640e3f62208
tcn,electrode,43,bandpass_n20003_cV6_independent_rms_s10,phase2/results/predictions/full/electrode/tcn/seed_43/bandpass_n20003_cV6_independent_rms_s10.npz,76320,c2e4c926f3639d0e2f20e3a8528c96eb9d52b36c309c44bfa757a21b469ef591
tcn,electrode,43,bandpass_n20003_cV6_independent_rms_s5,phase2/results/predictions/full/electrode/tcn/seed_43/bandpass_n20003_cV6_independent_rms_s5.npz,76257,e8d07688c2da215c2adcea7d101fe278dec08b3439588a29f793f2716d5df35b
tcn,electrode,43,bandpass_n20003_cV6_independent_rms_s0,phase2/results/predictions/full/electrode/tcn/seed_43/bandpass_n20003_cV6_independent_rms_s0.npz,76003,c3977049acaa181e123abec37c95371520efc227600b642c6f17eb146a96b50a
tcn,electrode,43,bandpass_n20003_cV6_electrode_s20,phase2/results/predictions/full/electrode/tcn/seed_43/bandpass_n20003_cV6_electrode_s20.npz,76365,e5cf8fb047a6d853e4c9c9550045bc0efc66c15b2170d69de04bcca54f677a03
tcn,electrode,43,bandpass_n20003_cV6_electrode_s15,phase2/results/predictions/full/electrode/tcn/seed_43/bandpass_n20003_cV6_electrode_s15.npz,76345,bb79b4839e5557bd4df1ad4748144f9fe6e3f8fb0db3a24b4f7494a4f14f0763
tcn,electrode,43,bandpass_n20003_cV6_electrode_s10,phase2/results/predictions/full/electrode/tcn/seed_43/bandpass_n20003_cV6_electrode_s10.npz,76331,1c12b1c0bc7c42121811dad94aeb4c9d64c43c68bba3c85d23c3974cfc12e920
tcn,electrode,43,bandpass_n20003_cV6_electrode_s5,phase2/results/predictions/full/electrode/tcn/seed_43/bandpass_n20003_cV6_electrode_s5.npz,76228,6653075f3ed8b658d5b61a6977596958701fb814d9bf988cacff9ad5e5b634f6
tcn,electrode,43,bandpass_n20003_cV6_electrode_s0,phase2/results/predictions/full/electrode/tcn/seed_43/bandpass_n20003_cV6_electrode_s0.npz,76036,9e9d22c3c5378b1fd3e4bc17337b9887f8d01bac70ebe4a73793f5d4c16b050d
tcn,electrode,43,bandpass_n20003_cV6_covariance_s20,phase2/results/predictions/full/electrode/tcn/seed_43/bandpass_n20003_cV6_covariance_s20.npz,76382,ae70c3b1236856384572442c9d57f727fcbe17678702d55727d5f2301b88340a
tcn,electrode,43,bandpass_n20003_cV6_covariance_s15,phase2/results/predictions/full/electrode/tcn/seed_43/bandpass_n20003_cV6_covariance_s15.npz,76365,a0886242bc21da2a6b0b05dfaf9a11a8acd972d89e9dcc439bedbd4bb4e6b60b
tcn,electrode,43,bandpass_n20003_cV6_covariance_s10,phase2/results/predictions/full/electrode/tcn/seed_43/bandpass_n20003_cV6_covariance_s10.npz,76285,72673efc4479bd956aff018ddffb852a85889119f5d3b96d6c5caced8330269e
tcn,electrode,43,bandpass_n20003_cV6_covariance_s5,phase2/results/predictions/full/electrode/tcn/seed_43/bandpass_n20003_cV6_covariance_s5.npz,76213,a67057d589787624ad5c94ff23adf48de6c7a48e6e27e2624a3089fa8f7bd77a
tcn,electrode,43,bandpass_n20003_cV6_covariance_s0,phase2/results/predictions/full/electrode/tcn/seed_43/bandpass_n20003_cV6_covariance_s0.npz,75980,caed08ed148ecfcab983524063fce7cc3199547a2e074719ca10f9ce6b5d1de4
tcn,electrode,43,bandpass_n20003_cRA_LA_independent_rms_s20,phase2/results/predictions/full/electrode/tcn/seed_43/bandpass_n20003_cRA_LA_independent_rms_s20.npz,76397,fb9166bd6a3860a4981eac6f3980a8135c81a6eaa97dc16136a33e182d117e85
tcn,electrode,43,bandpass_n20003_cRA_LA_independent_rms_s15,phase2/results/predictions/full/electrode/tcn/seed_43/bandpass_n20003_cRA_LA_independent_rms_s15.npz,76373,2e73807763055bd5bd642dfec0d910e653af77c8a63750e3252eb7b575fbfcea
tcn,electrode,43,bandpass_n20003_cRA_LA_independent_rms_s10,phase2/results/predictions/full/electrode/tcn/seed_43/bandpass_n20003_cRA_LA_independent_rms_s10.npz,76329,c8d14783ad97d96cba3a27d845a31e17a38272ebf15ae403597c4d53a5ad85d7
tcn,electrode,43,bandpass_n20003_cRA_LA_independent_rms_s5,phase2/results/predictions/full/electrode/tcn/seed_43/bandpass_n20003_cRA_LA_independent_rms_s5.npz,76235,5c54f3576f5241041b106197f9a7ac9db477243c64d280d497083957069087b1
tcn,electrode,43,bandpass_n20003_cRA_LA_independent_rms_s0,phase2/results/predictions/full/electrode/tcn/seed_43/bandpass_n20003_cRA_LA_independent_rms_s0.npz,75959,7c9f4cac39239c72e7660ffc7718b25eae7515b2a5f61df7fc1389aa03ed0cff
tcn,electrode,43,bandpass_n20003_cRA_LA_electrode_s20,phase2/results/predictions/full/electrode/tcn/seed_43/bandpass_n20003_cRA_LA_electrode_s20.npz,76400,d2879fc19d30451bda5bd0aace8a8e02c7600e160a2be7a5448f75eb6c43d410
tcn,electrode,43,bandpass_n20003_cRA_LA_electrode_s15,phase2/results/predictions/full/electrode/tcn/seed_43/bandpass_n20003_cRA_LA_electrode_s15.npz,76376,3cfca0359b978e6aaa2f128c0dcdaea459cabda83f217872c4b4fc0d9af1cc7b
tcn,electrode,43,bandpass_n20003_cRA_LA_electrode_s10,phase2/results/predictions/full/electrode/tcn/seed_43/bandpass_n20003_cRA_LA_electrode_s10.npz,76249,53ebb51a1927bc86bac82bc1d5b486242b98750f2e1cd4b5024f501a2acdd8b5
tcn,electrode,43,bandpass_n20003_cRA_LA_electrode_s5,phase2/results/predictions/full/electrode/tcn/seed_43/bandpass_n20003_cRA_LA_electrode_s5.npz,76073,e9f6ab3f33c97d1b5b47961a94cf6f3564891f52972875e15c5697ac08309c0d
tcn,electrode,43,bandpass_n20003_cRA_LA_electrode_s0,phase2/results/predictions/full/electrode/tcn/seed_43/bandpass_n20003_cRA_LA_electrode_s0.npz,75632,c59ca314bd6744b41a7aab4010dcc9d91d23f8fa06c8623d215d52e073e7a2fb
tcn,electrode,43,bandpass_n20003_cRA_LA_covariance_s20,phase2/results/predictions/full/electrode/tcn/seed_43/bandpass_n20003_cRA_LA_covariance_s20.npz,76359,dfe36927d69df5b14cbb3a95ac3dc86f5a2ffe615a6451d90ff10266222f5920
tcn,electrode,43,bandpass_n20003_cRA_LA_covariance_s15,phase2/results/predictions/full/electrode/tcn/seed_43/bandpass_n20003_cRA_LA_covariance_s15.npz,76373,af1d8e0b8577d8cf6b8296894a90c09110391ae17761a61899baa10ad689604d
tcn,electrode,43,bandpass_n20003_cRA_LA_covariance_s10,phase2/results/predictions/full/electrode/tcn/seed_43/bandpass_n20003_cRA_LA_covariance_s10.npz,76281,e8e3bc6e6bf5d5e49bb7b0f92fdc682bfc4d5b0fd65d263472e1980649608e88
tcn,electrode,43,bandpass_n20003_cRA_LA_covariance_s5,phase2/results/predictions/full/electrode/tcn/seed_43/bandpass_n20003_cRA_LA_covariance_s5.npz,76150,59af7f39bd9d4ace68c9c2816f00087b4f2b37f3928990bd39351cd72a64088c
tcn,electrode,43,bandpass_n20003_cRA_LA_covariance_s0,phase2/results/predictions/full/electrode/tcn/seed_43/bandpass_n20003_cRA_LA_covariance_s0.npz,75650,a92e5e4029c5faebfba6ade254d531b5c25bcf49d1562445d0f16fefe99f4b1f
tcn,electrode,43,bandpass_n20003_cLA_LL_independent_rms_s20,phase2/results/predictions/full/electrode/tcn/seed_43/bandpass_n20003_cLA_LL_independent_rms_s20.npz,76382,51b0d17b8e4f3513f1a8d31b2f35d81a487299237767ab0901bf31e6c0f2b681
tcn,electrode,43,bandpass_n20003_cLA_LL_independent_rms_s15,phase2/results/predictions/full/electrode/tcn/seed_43/bandpass_n20003_cLA_LL_independent_rms_s15.npz,76374,4a3dc4f518c4cf93b2c5779c42f210a1876a3459e31bec23c076e683a4fd38cf
tcn,electrode,43,bandpass_n20003_cLA_LL_independent_rms_s10,phase2/results/predictions/full/electrode/tcn/seed_43/bandpass_n20003_cLA_LL_independent_rms_s10.npz,76309,3a7a84527aa4a63c5eb5ee5a36f8f306e98cacd2da7ce61828103bda15440378
tcn,electrode,43,bandpass_n20003_cLA_LL_independent_rms_s5,phase2/results/predictions/full/electrode/tcn/seed_43/bandpass_n20003_cLA_LL_independent_rms_s5.npz,76242,320657df57856334ca98ad61d5ce6450a041a0bc1e2090f7c75bcbe894fecbd0
tcn,electrode,43,bandpass_n20003_cLA_LL_independent_rms_s0,phase2/results/predictions/full/electrode/tcn/seed_43/bandpass_n20003_cLA_LL_independent_rms_s0.npz,75971,8619b2c71647fc37d40be4cb5216a33eafcf4aedc5b7fe3e0dcb86e79d531c8e
tcn,electrode,43,bandpass_n20003_cLA_LL_electrode_s20,phase2/results/predictions/full/electrode/tcn/seed_43/bandpass_n20003_cLA_LL_electrode_s20.npz,76354,c3bf842b26fe180be13b7696a1f3732b58ff50ab671116b17daa96f2013786b6
tcn,electrode,43,bandpass_n20003_cLA_LL_electrode_s15,phase2/results/predictions/full/electrode/tcn/seed_43/bandpass_n20003_cLA_LL_electrode_s15.npz,76343,90d23e107413ef7c43a745ad21918e62a0781a88f458a202d56f8547e9618618
tcn,electrode,43,bandpass_n20003_cLA_LL_electrode_s10,phase2/results/predictions/full/electrode/tcn/seed_43/bandpass_n20003_cLA_LL_electrode_s10.npz,76311,25ddbe44de5b816bf4dd179c1b7edf6a01ff895a5cb52baa3352504e566fcc6a
tcn,electrode,43,bandpass_n20003_cLA_LL_electrode_s5,phase2/results/predictions/full/electrode/tcn/seed_43/bandpass_n20003_cLA_LL_electrode_s5.npz,76161,27ed51aec5f66b70d277ecdc67d5eb074fd7385ab931cdd1246dbdd28a53920b
tcn,electrode,43,bandpass_n20003_cLA_LL_electrode_s0,phase2/results/predictions/full/electrode/tcn/seed_43/bandpass_n20003_cLA_LL_electrode_s0.npz,75834,f464f1e98df0ddcb97ca9e592814226d9eed1ca55c42a10d4efb976995a659af
tcn,electrode,43,bandpass_n20003_cLA_LL_covariance_s20,phase2/results/predictions/full/electrode/tcn/seed_43/bandpass_n20003_cLA_LL_covariance_s20.npz,76376,4b72e4b153beca9f8ba8e891ec763fb825ce39b33115bb4a7349c668dc462d16
tcn,electrode,43,bandpass_n20003_cLA_LL_covariance_s15,phase2/results/predictions/full/electrode/tcn/seed_43/bandpass_n20003_cLA_LL_covariance_s15.npz,76362,277a5fb8457881ce99b2e585a685dbe3bdf4d149eabe35cc8e07f86fc710e01b
tcn,electrode,43,bandpass_n20003_cLA_LL_covariance_s10,phase2/results/predictions/full/electrode/tcn/seed_43/bandpass_n20003_cLA_LL_covariance_s10.npz,76341,f90d86c083753081781195ba0ff15e7bd988bd7986cc8909d3f9e21ca139cd75
tcn,electrode,43,bandpass_n20003_cLA_LL_covariance_s5,phase2/results/predictions/full/electrode/tcn/seed_43/bandpass_n20003_cLA_LL_covariance_s5.npz,76186,c8e1f55e1ad101ae71e47ab9f38c823a6cee13e25ae5b2027ea72dc5970855b4
tcn,electrode,43,bandpass_n20003_cLA_LL_covariance_s0,phase2/results/predictions/full/electrode/tcn/seed_43/bandpass_n20003_cLA_LL_covariance_s0.npz,75836,69b836d7ce84356550b80314aee458009a664a304c3d3c4bed8e20626857fd8e
tcn,electrode,43,bandpass_n20003_cRA_LL_independent_rms_s20,phase2/results/predictions/full/electrode/tcn/seed_43/bandpass_n20003_cRA_LL_independent_rms_s20.npz,76414,9276b167ed831d1b5fe676f8a5c279bcbf5fd28bcfa480b1b3fbcd87e41b5377
tcn,electrode,43,bandpass_n20003_cRA_LL_independent_rms_s15,phase2/results/predictions/full/electrode/tcn/seed_43/bandpass_n20003_cRA_LL_independent_rms_s15.npz,76403,5bae538781ee92641a88be9e6b17d5d5e139c274bc1d4dae44c68a91118c5387
tcn,electrode,43,bandpass_n20003_cRA_LL_independent_rms_s10,phase2/results/predictions/full/electrode/tcn/seed_43/bandpass_n20003_cRA_LL_independent_rms_s10.npz,76322,9aeb341237b155ba422f69f6823edca0652922bc12f5f138309b517838f3c497
tcn,electrode,43,bandpass_n20003_cRA_LL_independent_rms_s5,phase2/results/predictions/full/electrode/tcn/seed_43/bandpass_n20003_cRA_LL_independent_rms_s5.npz,76233,68f4bc01c916cdd7ff9fec23671b9c09974b8397ad456d2e3ae924ab6fd23a0a
tcn,electrode,43,bandpass_n20003_cRA_LL_independent_rms_s0,phase2/results/predictions/full/electrode/tcn/seed_43/bandpass_n20003_cRA_LL_independent_rms_s0.npz,76000,7bbd91e6cbdb3b014f5b144fec37a2feeb9b851df33a7e329bd705e30acadbcc
tcn,electrode,43,bandpass_n20003_cRA_LL_electrode_s20,phase2/results/predictions/full/electrode/tcn/seed_43/bandpass_n20003_cRA_LL_electrode_s20.npz,76371,fbc220695612f87ecf4d69c9ada4036f09cb39a4c6e70f734d4de618092113f1
tcn,electrode,43,bandpass_n20003_cRA_LL_electrode_s15,phase2/results/predictions/full/electrode/tcn/seed_43/bandpass_n20003_cRA_LL_electrode_s15.npz,76336,09fce27e74fea6a5467cd771ff018d16bcfd5b648b2085cc5961ce9dba62fc85
tcn,electrode,43,bandpass_n20003_cRA_LL_electrode_s10,phase2/results/predictions/full/electrode/tcn/seed_43/bandpass_n20003_cRA_LL_electrode_s10.npz,76262,7aa227b3d442e7376f32d1d5bdb72f6fcacf12db30b85687f345039aca51b726
tcn,electrode,43,bandpass_n20003_cRA_LL_electrode_s5,phase2/results/predictions/full/electrode/tcn/seed_43/bandpass_n20003_cRA_LL_electrode_s5.npz,76080,f0c7146af179de9f367e87e7d57afe149123069a7b1660a4d7f911c28cc6675b
tcn,electrode,43,bandpass_n20003_cRA_LL_electrode_s0,phase2/results/predictions/full/electrode/tcn/seed_43/bandpass_n20003_cRA_LL_electrode_s0.npz,75597,1b375b81f211ff705626bdb9b3badb95fe7f4d0d2af6cc4d65797ddbfde08b45
tcn,electrode,43,bandpass_n20003_cRA_LL_covariance_s20,phase2/results/predictions/full/electrode/tcn/seed_43/bandpass_n20003_cRA_LL_covariance_s20.npz,76337,734aa0f0a82f2139911e98f2f1afb31d51131d7879f601c097733c6f266b9f39
tcn,electrode,43,bandpass_n20003_cRA_LL_covariance_s15,phase2/results/predictions/full/electrode/tcn/seed_43/bandpass_n20003_cRA_LL_covariance_s15.npz,76328,2b7c4b95aa4185c6b66b18ed3252e0dbffbc72fc22b59535d78e59238b5bb5d6
tcn,electrode,43,bandpass_n20003_cRA_LL_covariance_s10,phase2/results/predictions/full/electrode/tcn/seed_43/bandpass_n20003_cRA_LL_covariance_s10.npz,76305,bd3180b1b3a022e2aa24e8c665e7f763ce2c59d91b9500df52f30f47871e21cf
tcn,electrode,43,bandpass_n20003_cRA_LL_covariance_s5,phase2/results/predictions/full/electrode/tcn/seed_43/bandpass_n20003_cRA_LL_covariance_s5.npz,76081,07404ad21ec1a78a2b1a116b90838543d57e574b80485edfefb81c846d81f73b
tcn,electrode,43,bandpass_n20003_cRA_LL_covariance_s0,phase2/results/predictions/full/electrode/tcn/seed_43/bandpass_n20003_cRA_LL_covariance_s0.npz,75585,0d32aaba82f7c598a5d48d9ab33c5f94e0a1aa63fad111677ed4c679a9a63549
tcn,electrode,43,bandpass_n20003_cRA_independent_rms_s20,phase2/results/predictions/full/electrode/tcn/seed_43/bandpass_n20003_cRA_independent_rms_s20.npz,76406,5ca0b0d8f41e78d200bc23ba65671e47c1b89bc50d540dc9f9ab42d0fba6671c
tcn,electrode,43,bandpass_n20003_cRA_independent_rms_s15,phase2/results/predictions/full/electrode/tcn/seed_43/bandpass_n20003_cRA_independent_rms_s15.npz,76382,0aa3098b6a55b7327c673e1dd39fad8f5aad43394c53262c06e32f97a52ef546
tcn,electrode,43,bandpass_n20003_cRA_independent_rms_s10,phase2/results/predictions/full/electrode/tcn/seed_43/bandpass_n20003_cRA_independent_rms_s10.npz,76330,c983ff5c793085ad91fdf1d3c1f83be65afe1fadab8db172b0d7f11010032d70
tcn,electrode,43,bandpass_n20003_cRA_independent_rms_s5,phase2/results/predictions/full/electrode/tcn/seed_43/bandpass_n20003_cRA_independent_rms_s5.npz,76217,283b2d26810764443e4cddf36b347c0cba347ec328fa33b5071fffdc57e69ce4
tcn,electrode,43,bandpass_n20003_cRA_independent_rms_s0,phase2/results/predictions/full/electrode/tcn/seed_43/bandpass_n20003_cRA_independent_rms_s0.npz,75962,2db2402d40b90ad82e5bd8351b4a3456df8e15503864756a4b3b7e8f96c6d19e
tcn,electrode,43,bandpass_n20003_cRA_electrode_s20,phase2/results/predictions/full/electrode/tcn/seed_43/bandpass_n20003_cRA_electrode_s20.npz,76383,7dfd06b2d2d1d72c3efb0624acb41a11d1c0b6a48fa7ae4246e03132599a2178
tcn,electrode,43,bandpass_n20003_cRA_electrode_s15,phase2/results/predictions/full/electrode/tcn/seed_43/bandpass_n20003_cRA_electrode_s15.npz,76338,b486c87eab4ee537d54661780328aeb1679660c38036fac56aa3ea15ede3d5c2
tcn,electrode,43,bandpass_n20003_cRA_electrode_s10,phase2/results/predictions/full/electrode/tcn/seed_43/bandpass_n20003_cRA_electrode_s10.npz,76229,cbfdbfa74fded78a8428823a74dad48972fc74a02c819debb4100b79ee5f0c9e
tcn,electrode,43,bandpass_n20003_cRA_electrode_s5,phase2/results/predictions/full/electrode/tcn/seed_43/bandpass_n20003_cRA_electrode_s5.npz,76035,b27a18b5153538100e414203fe0b9feeb32009cdabcfbedc4b7abf4a9cefca2a
tcn,electrode,43,bandpass_n20003_cRA_electrode_s0,phase2/results/predictions/full/electrode/tcn/seed_43/bandpass_n20003_cRA_electrode_s0.npz,75543,9735c51f5617632e740083db9744c7681ecef22fbe38b0456d812e180db9569e
tcn,electrode,43,bandpass_n20003_cRA_covariance_s20,phase2/results/predictions/full/electrode/tcn/seed_43/bandpass_n20003_cRA_covariance_s20.npz,76355,b22e364512044311360b0a141fe16441b7bccd0758945d5470b9ec8003d7b660
tcn,electrode,43,bandpass_n20003_cRA_covariance_s15,phase2/results/predictions/full/electrode/tcn/seed_43/bandpass_n20003_cRA_covariance_s15.npz,76359,82ee7d8cb8e226263efc8d84f6361bd435c7ea0f0a7539f6661bd707c4947a58
tcn,electrode,43,bandpass_n20003_cRA_covariance_s10,phase2/results/predictions/full/electrode/tcn/seed_43/bandpass_n20003_cRA_covariance_s10.npz,76210,e3e887eaa6e06fc97fd0cdf71e3d7baae952304a2cae3d117e59929d850f49e8
tcn,electrode,43,bandpass_n20003_cRA_covariance_s5,phase2/results/predictions/full/electrode/tcn/seed_43/bandpass_n20003_cRA_covariance_s5.npz,76068,820194e7275cabb421a3ac809cce328dccab65e9352230f863e5ff3574865b28
tcn,electrode,43,bandpass_n20003_cRA_covariance_s0,phase2/results/predictions/full/electrode/tcn/seed_43/bandpass_n20003_cRA_covariance_s0.npz,75496,cf4917aecf80a01f224b1b337f0c47a777d11dfe28a309c9178c6f3a9d62e27f
tcn,electrode,43,bandpass_n20003_cLA_independent_rms_s20,phase2/results/predictions/full/electrode/tcn/seed_43/bandpass_n20003_cLA_independent_rms_s20.npz,76367,3095b884e164b37c1c730f2e1294805773d401fcddc52313fea230b1150434aa
tcn,electrode,43,bandpass_n20003_cLA_independent_rms_s15,phase2/results/predictions/full/electrode/tcn/seed_43/bandpass_n20003_cLA_independent_rms_s15.npz,76396,f5f23c3ad2e76be159d60a5ddc812c78ffab923e49b02d1f5de18d60bc47320a
tcn,electrode,43,bandpass_n20003_cLA_independent_rms_s10,phase2/results/predictions/full/electrode/tcn/seed_43/bandpass_n20003_cLA_independent_rms_s10.npz,76349,50db5d2f28218699603c3141462d3388c14947e25ba167789022df5ccbdc27bf
tcn,electrode,43,bandpass_n20003_cLA_independent_rms_s5,phase2/results/predictions/full/electrode/tcn/seed_43/bandpass_n20003_cLA_independent_rms_s5.npz,76220,c7b101a95c7ca329372509b850d6290db3b0d725a8c9772019cb66c9fbb176b1
tcn,electrode,43,bandpass_n20003_cLA_independent_rms_s0,phase2/results/predictions/full/electrode/tcn/seed_43/bandpass_n20003_cLA_independent_rms_s0.npz,75947,59b9b13c54d2b8c9d6e2f9fe1c0cd70eb8c0d64627e90c40a4ed1704283e0820
tcn,electrode,43,bandpass_n20003_cLA_electrode_s20,phase2/results/predictions/full/electrode/tcn/seed_43/bandpass_n20003_cLA_electrode_s20.npz,76365,d49d92558aeddbfc2457cdf74e34642c6422427d93e494b4edd921cf4ebb9cf7
tcn,electrode,43,bandpass_n20003_cLA_electrode_s15,phase2/results/predictions/full/electrode/tcn/seed_43/bandpass_n20003_cLA_electrode_s15.npz,76366,562eac085462c88dc4f148b99bf968dff72c49cb85655c65f0eb3e7f7f189c7b
tcn,electrode,43,bandpass_n20003_cLA_electrode_s10,phase2/results/predictions/full/electrode/tcn/seed_43/bandpass_n20003_cLA_electrode_s10.npz,76348,76e750eaf873f235a9999d41aa02155367c69ac7c9bb8e59a20c30d9713eaff4
tcn,electrode,43,bandpass_n20003_cLA_electrode_s5,phase2/results/predictions/full/electrode/tcn/seed_43/bandpass_n20003_cLA_electrode_s5.npz,76174,20b7f9edcc6623e258fdc5a4f7a7becdd607b9c0fe7c7b4aa8e13eb735138e9a
tcn,electrode,43,bandpass_n20003_cLA_electrode_s0,phase2/results/predictions/full/electrode/tcn/seed_43/bandpass_n20003_cLA_electrode_s0.npz,75877,564cc9efb3b8734d612ee7147ff541d10c7c0b2e6ef4057611cfb55baf23fe9f
tcn,electrode,43,bandpass_n20003_cLA_covariance_s20,phase2/results/predictions/full/electrode/tcn/seed_43/bandpass_n20003_cLA_covariance_s20.npz,76388,b91f8d0259c2064ca2dedec834c440c8d165447eb4e1f6081bbf549b747ecf7c
tcn,electrode,43,bandpass_n20003_cLA_covariance_s15,phase2/results/predictions/full/electrode/tcn/seed_43/bandpass_n20003_cLA_covariance_s15.npz,76369,f20006c0dc23160304caf5b356c5d68cbe0f6e42c591e5c52ea62ccbdc33fef8
tcn,electrode,43,bandpass_n20003_cLA_covariance_s10,phase2/results/predictions/full/electrode/tcn/seed_43/bandpass_n20003_cLA_covariance_s10.npz,76292,7487af7e5e6411af49c296f3ac89bf18aae9ba945a94600415db0a06a693cdf7
tcn,electrode,43,bandpass_n20003_cLA_covariance_s5,phase2/results/predictions/full/electrode/tcn/seed_43/bandpass_n20003_cLA_covariance_s5.npz,76182,c532b041772a67dfcb57fcfcca0b2a554a16e3c95290323ad833c2d628b5cfbe
tcn,electrode,43,bandpass_n20003_cLA_covariance_s0,phase2/results/predictions/full/electrode/tcn/seed_43/bandpass_n20003_cLA_covariance_s0.npz,75866,62370717c0c143b6f31dd992991d7e4c3ddebeeab2ad28560ce081dbb79701ee
tcn,electrode,43,bandpass_n20003_cLL_independent_rms_s20,phase2/results/predictions/full/electrode/tcn/seed_43/bandpass_n20003_cLL_independent_rms_s20.npz,76398,e982db2ba42549c982e027dcc1d68ea54d6812cbde6820dfd9905d17ed3e71ae
tcn,electrode,43,bandpass_n20003_cLL_independent_rms_s15,phase2/results/predictions/full/electrode/tcn/seed_43/bandpass_n20003_cLL_independent_rms_s15.npz,76375,719f5c24e5daf53f8d107ef85fe2d407840eb80a3c481169923501adfd0bcb8a
tcn,electrode,43,bandpass_n20003_cLL_independent_rms_s10,phase2/results/predictions/full/electrode/tcn/seed_43/bandpass_n20003_cLL_independent_rms_s10.npz,76342,945f5f552535fcceb3760b91b961f16998134fa046e11052220b69fd14ac9109
tcn,electrode,43,bandpass_n20003_cLL_independent_rms_s5,phase2/results/predictions/full/electrode/tcn/seed_43/bandpass_n20003_cLL_independent_rms_s5.npz,76223,57e3fefd21f8229a2b878b75c1277990987c88f5f7ae337a80ff5164f49a3626
tcn,electrode,43,bandpass_n20003_cLL_independent_rms_s0,phase2/results/predictions/full/electrode/tcn/seed_43/bandpass_n20003_cLL_independent_rms_s0.npz,75971,81f37f72253d61ebe830c21b71c585b409e6030748b0926edc3e859e412ccb79
tcn,electrode,43,bandpass_n20003_cLL_electrode_s20,phase2/results/predictions/full/electrode/tcn/seed_43/bandpass_n20003_cLL_electrode_s20.npz,76351,aa4dde01117b0b3c649da5f80838ed688a029aab824f1b3782263eb3f4766199
tcn,electrode,43,bandpass_n20003_cLL_electrode_s15,phase2/results/predictions/full/electrode/tcn/seed_43/bandpass_n20003_cLL_electrode_s15.npz,76364,80c1f12da3360627d6c28d388fd742fa2b2c4c86250698f1eb045ef5e3e33ece
tcn,electrode,43,bandpass_n20003_cLL_electrode_s10,phase2/results/predictions/full/electrode/tcn/seed_43/bandpass_n20003_cLL_electrode_s10.npz,76291,87f147ee49b2fd68c218589df84b074bd38d0c8575be6ae78e17c347c00c00b0
tcn,electrode,43,bandpass_n20003_cLL_electrode_s5,phase2/results/predictions/full/electrode/tcn/seed_43/bandpass_n20003_cLL_electrode_s5.npz,76166,66f777536c390733dbf5c2bc1f372dd9d31b9fc3903bfea35a83f3699f156d68
tcn,electrode,43,bandpass_n20003_cLL_electrode_s0,phase2/results/predictions/full/electrode/tcn/seed_43/bandpass_n20003_cLL_electrode_s0.npz,75905,b06c1088cca4883af780b9a3e8cfea528cc922f8de8f06864d98c2233138d97c
tcn,electrode,43,bandpass_n20003_cLL_covariance_s20,phase2/results/predictions/full/electrode/tcn/seed_43/bandpass_n20003_cLL_covariance_s20.npz,76388,4676ae7c5814b756e467d76714d4d675766c43d80169fa3f7a40aec9afb64acb
tcn,electrode,43,bandpass_n20003_cLL_covariance_s15,phase2/results/predictions/full/electrode/tcn/seed_43/bandpass_n20003_cLL_covariance_s15.npz,76374,01a8238d8ec500821f01e8c510812f3fbd5ca5f994d8776d24908523c363ceb4
tcn,electrode,43,bandpass_n20003_cLL_covariance_s10,phase2/results/predictions/full/electrode/tcn/seed_43/bandpass_n20003_cLL_covariance_s10.npz,76275,4f0d11aa73560b3292461f8ba4043bc2dbf443cd8e2d04d7855feeebd25237b8
tcn,electrode,43,bandpass_n20003_cLL_covariance_s5,phase2/results/predictions/full/electrode/tcn/seed_43/bandpass_n20003_cLL_covariance_s5.npz,76130,86cd375ea2781f1a0b3883f9656f0710aade0b5e2a9b7d8adbafdbd368af9e25
tcn,electrode,43,bandpass_n20003_cLL_covariance_s0,phase2/results/predictions/full/electrode/tcn/seed_43/bandpass_n20003_cLL_covariance_s0.npz,75890,2240d2bcc07619d45f5b3a163f57ede8c3c556a42616c9846a10a4a3b9ad3f27
tcn,electrode,43,bandpass_n20003_cRA_V1_independent_rms_s20,phase2/results/predictions/full/electrode/tcn/seed_43/bandpass_n20003_cRA_V1_independent_rms_s20.npz,76393,982a6d66d194529d686d051f337ec0818ba0e61eaca880d0a982015f4efad149
tcn,electrode,43,bandpass_n20003_cRA_V1_independent_rms_s15,phase2/results/predictions/full/electrode/tcn/seed_43/bandpass_n20003_cRA_V1_independent_rms_s15.npz,76385,7a494be4f11fc230e2061b175a83616e66428e13d5270a388982e4d29186f03f
tcn,electrode,43,bandpass_n20003_cRA_V1_independent_rms_s10,phase2/results/predictions/full/electrode/tcn/seed_43/bandpass_n20003_cRA_V1_independent_rms_s10.npz,76373,160e8ba6293dde933da08bede302c4671b220a8b211f8e49495d6b816ae9e13b
tcn,electrode,43,bandpass_n20003_cRA_V1_independent_rms_s5,phase2/results/predictions/full/electrode/tcn/seed_43/bandpass_n20003_cRA_V1_independent_rms_s5.npz,76249,1cd51e0b8cea268d355224dde63693aaee30eefee4e1f8a9a24f3f2929d70759
tcn,electrode,43,bandpass_n20003_cRA_V1_independent_rms_s0,phase2/results/predictions/full/electrode/tcn/seed_43/bandpass_n20003_cRA_V1_independent_rms_s0.npz,75950,1f352a9a4abe27447c65b8e69a50f4b69ae72856f83232c4da40cda016269a0e
tcn,electrode,43,bandpass_n20003_cRA_V1_electrode_s20,phase2/results/predictions/full/electrode/tcn/seed_43/bandpass_n20003_cRA_V1_electrode_s20.npz,76369,3b9b814343db48b24c101c4d862eb375ce7f182fcf0d4eb4a99d5ec1f66b65eb
tcn,electrode,43,bandpass_n20003_cRA_V1_electrode_s15,phase2/results/predictions/full/electrode/tcn/seed_43/bandpass_n20003_cRA_V1_electrode_s15.npz,76384,0a4f3bd9c66339e8dc5e88062ebe725a7028780f71371f045fe24841ff5bc21b
tcn,electrode,43,bandpass_n20003_cRA_V1_electrode_s10,phase2/results/predictions/full/electrode/tcn/seed_43/bandpass_n20003_cRA_V1_electrode_s10.npz,76266,621640a01a656f34e6ba77f09daea3553b47d123f379eca59f8d6298028b50a1
tcn,electrode,43,bandpass_n20003_cRA_V1_electrode_s5,phase2/results/predictions/full/electrode/tcn/seed_43/bandpass_n20003_cRA_V1_electrode_s5.npz,76086,e9ff72ff73e1a04126385f6e47d166b112ef2a323d7f1d69bef3f32df1692ac9
tcn,electrode,43,bandpass_n20003_cRA_V1_electrode_s0,phase2/results/predictions/full/electrode/tcn/seed_43/bandpass_n20003_cRA_V1_electrode_s0.npz,75553,8ab652659f912c732866741e1215386f6ad1c24fd672a3884479848bdb410b53
tcn,electrode,43,bandpass_n20003_cRA_V1_covariance_s20,phase2/results/predictions/full/electrode/tcn/seed_43/bandpass_n20003_cRA_V1_covariance_s20.npz,76371,6ddb496aaf4030946625b47a35f0898c269fa55f44779eb07728daa4486cbb3b
tcn,electrode,43,bandpass_n20003_cRA_V1_covariance_s15,phase2/results/predictions/full/electrode/tcn/seed_43/bandpass_n20003_cRA_V1_covariance_s15.npz,76372,526ca313ec701f402b78118b7ebab806e625ba669727ffdef1e098d86f6dcd77
tcn,electrode,43,bandpass_n20003_cRA_V1_covariance_s10,phase2/results/predictions/full/electrode/tcn/seed_43/bandpass_n20003_cRA_V1_covariance_s10.npz,76244,6923faddfd7c46ff704813aec7bce1c9736a076bfdddfb4f45a52c3a84374cf7
tcn,electrode,43,bandpass_n20003_cRA_V1_covariance_s5,phase2/results/predictions/full/electrode/tcn/seed_43/bandpass_n20003_cRA_V1_covariance_s5.npz,76104,386d9e96effeba736e4268e8dcfa16c01fe01381c22f4260c13855d968680a01
tcn,electrode,43,bandpass_n20003_cRA_V1_covariance_s0,phase2/results/predictions/full/electrode/tcn/seed_43/bandpass_n20003_cRA_V1_covariance_s0.npz,75582,eeb7a008367786959579275e489fa4bdbbdc150fd50b5095a87ef85366e773a7
tcn,electrode,43,bandpass_n20003_cLA_V6_independent_rms_s20,phase2/results/predictions/full/electrode/tcn/seed_43/bandpass_n20003_cLA_V6_independent_rms_s20.npz,76401,3b87a565e032ed7d1c6bb5797243d890da3d25e3389585b9f4bdb4da994b8833
tcn,electrode,43,bandpass_n20003_cLA_V6_independent_rms_s15,phase2/results/predictions/full/electrode/tcn/seed_43/bandpass_n20003_cLA_V6_independent_rms_s15.npz,76377,210b1091393cc589b4b1f78ebe45ce7936d4d3153bdd4ab1e50a4dc6dfd36e14
tcn,electrode,43,bandpass_n20003_cLA_V6_independent_rms_s10,phase2/results/predictions/full/electrode/tcn/seed_43/bandpass_n20003_cLA_V6_independent_rms_s10.npz,76357,225f19874719813717193e3d45b60c2f36d750e43fe0298cdcf4905bbfdde5a2
tcn,electrode,43,bandpass_n20003_cLA_V6_independent_rms_s5,phase2/results/predictions/full/electrode/tcn/seed_43/bandpass_n20003_cLA_V6_independent_rms_s5.npz,76231,1a308c240fba5b245a9854bb2d5ad4cbc880e04ab8436d339911061fef2b70b8
tcn,electrode,43,bandpass_n20003_cLA_V6_independent_rms_s0,phase2/results/predictions/full/electrode/tcn/seed_43/bandpass_n20003_cLA_V6_independent_rms_s0.npz,75947,54486e6135f039fb0aa80da2fcb527e128b96863e5897d4705d40a1375c2a128
tcn,electrode,43,bandpass_n20003_cLA_V6_electrode_s20,phase2/results/predictions/full/electrode/tcn/seed_43/bandpass_n20003_cLA_V6_electrode_s20.npz,76405,9008f02d74b3f9637e76d52bc1ffafb85902883ae0e22339a2a011134f22c243
tcn,electrode,43,bandpass_n20003_cLA_V6_electrode_s15,phase2/results/predictions/full/electrode/tcn/seed_43/bandpass_n20003_cLA_V6_electrode_s15.npz,76385,e354cd611ea22ba164471dca4ea3363689be7f9a0a7303bacd5f6ba18dd25382
tcn,electrode,43,bandpass_n20003_cLA_V6_electrode_s10,phase2/results/predictions/full/electrode/tcn/seed_43/bandpass_n20003_cLA_V6_electrode_s10.npz,76347,080fb661549e65f1da2582afcc35dd2d1053ba5caa3171afa7e24aaaa12cc533
tcn,electrode,43,bandpass_n20003_cLA_V6_electrode_s5,phase2/results/predictions/full/electrode/tcn/seed_43/bandpass_n20003_cLA_V6_electrode_s5.npz,76198,a8936c7eb76e09965a99d7a4beb89b45a4d684a981fc4464f0f83006b0d962ef
tcn,electrode,43,bandpass_n20003_cLA_V6_electrode_s0,phase2/results/predictions/full/electrode/tcn/seed_43/bandpass_n20003_cLA_V6_electrode_s0.npz,75908,556f5f4b9e819cb23bef0b0cef1e2bc61f984fb48f13381a97a75ecbcaee7c37
tcn,electrode,43,bandpass_n20003_cLA_V6_covariance_s20,phase2/results/predictions/full/electrode/tcn/seed_43/bandpass_n20003_cLA_V6_covariance_s20.npz,76385,a94fc48a7293b0ee53ff7c1251a81be06da1d37818195b75088cda7898ece5fe
tcn,electrode,43,bandpass_n20003_cLA_V6_covariance_s15,phase2/results/predictions/full/electrode/tcn/seed_43/bandpass_n20003_cLA_V6_covariance_s15.npz,76369,3a596dd11a690a4c2ff0d6bf07755f48dcd960f01d9f3f16d51d47d68e10310e
tcn,electrode,43,bandpass_n20003_cLA_V6_covariance_s10,phase2/results/predictions/full/electrode/tcn/seed_43/bandpass_n20003_cLA_V6_covariance_s10.npz,76364,f43fa087b08086be548d62124d8a9727ae70f250f83762e2d184525045d0ef27
tcn,electrode,43,bandpass_n20003_cLA_V6_covariance_s5,phase2/results/predictions/full/electrode/tcn/seed_43/bandpass_n20003_cLA_V6_covariance_s5.npz,76221,d018c1539141a2ac1b9a73641d357d421c4f687b3d083bc32341d781972f7239
tcn,electrode,43,bandpass_n20003_cLA_V6_covariance_s0,phase2/results/predictions/full/electrode/tcn/seed_43/bandpass_n20003_cLA_V6_covariance_s0.npz,75927,ed3433d24b679b7795109245b8faabca96c0260318d6c8533e94e321d3adb268
tcn,electrode,43,bandpass_n20003_cLL_V4_independent_rms_s20,phase2/results/predictions/full/electrode/tcn/seed_43/bandpass_n20003_cLL_V4_independent_rms_s20.npz,76398,4fd49b608ae755e1319d7f1d4c18cfd385a667bf59c4606982dac8a988293739
tcn,electrode,43,bandpass_n20003_cLL_V4_independent_rms_s15,phase2/results/predictions/full/electrode/tcn/seed_43/bandpass_n20003_cLL_V4_independent_rms_s15.npz,76371,0b9af55fe2ac165a20ef041ec457680d171b8ab8f14cdb1f3578f86ab708e1e9
tcn,electrode,43,bandpass_n20003_cLL_V4_independent_rms_s10,phase2/results/predictions/full/electrode/tcn/seed_43/bandpass_n20003_cLL_V4_independent_rms_s10.npz,76367,02ca5165707b45bfddcf824f1650143a1a86fef391f3f30c8bbed528244a8d54
tcn,electrode,43,bandpass_n20003_cLL_V4_independent_rms_s5,phase2/results/predictions/full/electrode/tcn/seed_43/bandpass_n20003_cLL_V4_independent_rms_s5.npz,76251,57f4892210559e27c7f2100ef67303246a6d810acd115d8129bcbfc2911ae6e5
tcn,electrode,43,bandpass_n20003_cLL_V4_independent_rms_s0,phase2/results/predictions/full/electrode/tcn/seed_43/bandpass_n20003_cLL_V4_independent_rms_s0.npz,76010,a121ff19c4b74fe67dacff3aedf4b2bc7034836f15fefbc1bcdd35afcee0580a
tcn,electrode,43,bandpass_n20003_cLL_V4_electrode_s20,phase2/results/predictions/full/electrode/tcn/seed_43/bandpass_n20003_cLL_V4_electrode_s20.npz,76381,f0e9608a28d9ac8bcb7e749d98d1ebbb0736001abf5a2e5f1fa614edab09331a
tcn,electrode,43,bandpass_n20003_cLL_V4_electrode_s15,phase2/results/predictions/full/electrode/tcn/seed_43/bandpass_n20003_cLL_V4_electrode_s15.npz,76383,ee603d2e68d58b7e06dabcad0f399f5b6dc4543cd3494e96cfe978bfc3396b6f
tcn,electrode,43,bandpass_n20003_cLL_V4_electrode_s10,phase2/results/predictions/full/electrode/tcn/seed_43/bandpass_n20003_cLL_V4_electrode_s10.npz,76330,b6feb6ae2283dc602f3e2fd5caf7a544c0e5dd0ac1f116c8a07203d7c23d6065
tcn,electrode,43,bandpass_n20003_cLL_V4_electrode_s5,phase2/results/predictions/full/electrode/tcn/seed_43/bandpass_n20003_cLL_V4_electrode_s5.npz,76178,85f138a16e10f1074385cee5028fb4428184ba10b1ac753621d1ea39d18ff504
tcn,electrode,43,bandpass_n20003_cLL_V4_electrode_s0,phase2/results/predictions/full/electrode/tcn/seed_43/bandpass_n20003_cLL_V4_electrode_s0.npz,75858,0ea4eefd452b68241efccedc6202260db974b602aa553440169a6b5f99eb139a
tcn,electrode,43,bandpass_n20003_cLL_V4_covariance_s20,phase2/results/predictions/full/electrode/tcn/seed_43/bandpass_n20003_cLL_V4_covariance_s20.npz,76383,022467f03b01721be477b3d89e28defeaecd640dc2432b6c6a36c1db7a15f642
tcn,electrode,43,bandpass_n20003_cLL_V4_covariance_s15,phase2/results/predictions/full/electrode/tcn/seed_43/bandpass_n20003_cLL_V4_covariance_s15.npz,76376,73ce5652b0a6b48b940abd5a4f152693dc2c45acab79430db0f2f2da5bea6f72
tcn,electrode,43,bandpass_n20003_cLL_V4_covariance_s10,phase2/results/predictions/full/electrode/tcn/seed_43/bandpass_n20003_cLL_V4_covariance_s10.npz,76313,afc6fa708ff0c65f50306fee10a36b3bec6255db7801871f8fb54380b11d3162
tcn,electrode,43,bandpass_n20003_cLL_V4_covariance_s5,phase2/results/predictions/full/electrode/tcn/seed_43/bandpass_n20003_cLL_V4_covariance_s5.npz,76165,d6ee03903a655039f07e8a27a3d5478393024e8f7b7217bcfa2397e8af72f2c1
tcn,electrode,43,bandpass_n20003_cLL_V4_covariance_s0,phase2/results/predictions/full/electrode/tcn/seed_43/bandpass_n20003_cLL_V4_covariance_s0.npz,75897,61ceceaa1ead183b53ab095e6318de2985cdcf5d304331ff0df5731d682e0233
tcn,electrode,43,bandpass_n20003_cRA_LA_V1_V6_independent_rms_s20,phase2/results/predictions/full/electrode/tcn/seed_43/bandpass_n20003_cRA_LA_V1_V6_independent_rms_s20.npz,76420,322cad34f878c4f2237646f8282cd9d685f0e9be02b2f54e7ce1a636d360ca6e
tcn,electrode,43,bandpass_n20003_cRA_LA_V1_V6_independent_rms_s15,phase2/results/predictions/full/electrode/tcn/seed_43/bandpass_n20003_cRA_LA_V1_V6_independent_rms_s15.npz,76389,5599c7d7ba8a22b94585af860d63ad2bb20d913d7d9483cb065b3ac4e399ec07
tcn,electrode,43,bandpass_n20003_cRA_LA_V1_V6_independent_rms_s10,phase2/results/predictions/full/electrode/tcn/seed_43/bandpass_n20003_cRA_LA_V1_V6_independent_rms_s10.npz,76360,fbcf12e5f2bfb0c9f97a046c1e08ffbdbf5f0ec61d263cc7e34a3f9a7d85afd8
tcn,electrode,43,bandpass_n20003_cRA_LA_V1_V6_independent_rms_s5,phase2/results/predictions/full/electrode/tcn/seed_43/bandpass_n20003_cRA_LA_V1_V6_independent_rms_s5.npz,76245,df933ac2cb59f2c8b9a2ae5c2eeaf336826cb593a9e4038ba433c4878d6da199
tcn,electrode,43,bandpass_n20003_cRA_LA_V1_V6_independent_rms_s0,phase2/results/predictions/full/electrode/tcn/seed_43/bandpass_n20003_cRA_LA_V1_V6_independent_rms_s0.npz,75960,4eb3a87c7fbc34696f56b87b89e95936e0ae5b0e1d3799a5f3cae4b8c020e4d1
tcn,electrode,43,bandpass_n20003_cRA_LA_V1_V6_electrode_s20,phase2/results/predictions/full/electrode/tcn/seed_43/bandpass_n20003_cRA_LA_V1_V6_electrode_s20.npz,76388,43e557a3124d3d7c2058278a596732a4c2e6d8aeb1ce2b0af9bb32e8794134f0
tcn,electrode,43,bandpass_n20003_cRA_LA_V1_V6_electrode_s15,phase2/results/predictions/full/electrode/tcn/seed_43/bandpass_n20003_cRA_LA_V1_V6_electrode_s15.npz,76387,d5d2f585b2824d1f7b1212657f09b4ab05a2491e725761ea76747ada2d5d3ba8
tcn,electrode,43,bandpass_n20003_cRA_LA_V1_V6_electrode_s10,phase2/results/predictions/full/electrode/tcn/seed_43/bandpass_n20003_cRA_LA_V1_V6_electrode_s10.npz,76327,9ee3efe914ccbe9b930fce5e6a54e91b41b766dae4f89182b77a04a9c76df137
tcn,electrode,43,bandpass_n20003_cRA_LA_V1_V6_electrode_s5,phase2/results/predictions/full/electrode/tcn/seed_43/bandpass_n20003_cRA_LA_V1_V6_electrode_s5.npz,76134,2e86e5cb9288480567d38564b3e2ac0e3bfa6a1c32215d25ce90762231dd17f0
tcn,electrode,43,bandpass_n20003_cRA_LA_V1_V6_electrode_s0,phase2/results/predictions/full/electrode/tcn/seed_43/bandpass_n20003_cRA_LA_V1_V6_electrode_s0.npz,75699,8686cc32b5c19dcf787a0bcc4c3d7c3dc4a34c445a2e98894ba961e5a465dc59
tcn,electrode,43,bandpass_n20003_cRA_LA_V1_V6_covariance_s20,phase2/results/predictions/full/electrode/tcn/seed_43/bandpass_n20003_cRA_LA_V1_V6_covariance_s20.npz,76414,8cb58d540a8c64984e68c2ac82b6e0aa58fe479cd4792d5033b8ae2ca78b2302
tcn,electrode,43,bandpass_n20003_cRA_LA_V1_V6_covariance_s15,phase2/results/predictions/full/electrode/tcn/seed_43/bandpass_n20003_cRA_LA_V1_V6_covariance_s15.npz,76386,f5bd985ca370a1a35fd5ec415c27e73ea65798452ed478ff81fd939150fd0016
tcn,electrode,43,bandpass_n20003_cRA_LA_V1_V6_covariance_s10,phase2/results/predictions/full/electrode/tcn/seed_43/bandpass_n20003_cRA_LA_V1_V6_covariance_s10.npz,76313,b25f3bca06774422daa27c7c10d9cce80fe94bbdad3edc983439f12aa421e22f
tcn,electrode,43,bandpass_n20003_cRA_LA_V1_V6_covariance_s5,phase2/results/predictions/full/electrode/tcn/seed_43/bandpass_n20003_cRA_LA_V1_V6_covariance_s5.npz,76144,0f393c22e5d782f76e185b0f6dd56a57dcb1e89692970cfe84254d6354c3d25e
tcn,electrode,43,bandpass_n20003_cRA_LA_V1_V6_covariance_s0,phase2/results/predictions/full/electrode/tcn/seed_43/bandpass_n20003_cRA_LA_V1_V6_covariance_s0.npz,75726,c519adba06990b0aabfabe1f966e806c9672fff89a2bf97c783a657ef754fe1f
tcn,electrode,43,bandpass_n20003_cRA_V2_V5_independent_rms_s20,phase2/results/predictions/full/electrode/tcn/seed_43/bandpass_n20003_cRA_V2_V5_independent_rms_s20.npz,76409,72e1ba07e29ce4be659d6d669bef9e42b9892e6c3934776ccae656c18e410b9a
tcn,electrode,43,bandpass_n20003_cRA_V2_V5_independent_rms_s15,phase2/results/predictions/full/electrode/tcn/seed_43/bandpass_n20003_cRA_V2_V5_independent_rms_s15.npz,76367,cac1a76ef9b4fe394c8fa84fcca90b7921ce5ec7e21aefbbb81f36fc79281814
tcn,electrode,43,bandpass_n20003_cRA_V2_V5_independent_rms_s10,phase2/results/predictions/full/electrode/tcn/seed_43/bandpass_n20003_cRA_V2_V5_independent_rms_s10.npz,76374,d95a2887a6461d892d7b4fd0b93c352381f64282ce6abf412ee7073bd8b3b9a1
tcn,electrode,43,bandpass_n20003_cRA_V2_V5_independent_rms_s5,phase2/results/predictions/full/electrode/tcn/seed_43/bandpass_n20003_cRA_V2_V5_independent_rms_s5.npz,76237,81109d0ff4c3de8ba91c9eec1bea3d7b98b776286daf68e7bdbcbfb03aeda25b
tcn,electrode,43,bandpass_n20003_cRA_V2_V5_independent_rms_s0,phase2/results/predictions/full/electrode/tcn/seed_43/bandpass_n20003_cRA_V2_V5_independent_rms_s0.npz,75983,031f89e83534460cac82465df6127db968aca532476d5a25dac96dcbbbcbe6b2
tcn,electrode,43,bandpass_n20003_cRA_V2_V5_electrode_s20,phase2/results/predictions/full/electrode/tcn/seed_43/bandpass_n20003_cRA_V2_V5_electrode_s20.npz,76404,30505302fa7ce78c97e3e3d79c59babe7575fd811362ad610cf459e544706087
tcn,electrode,43,bandpass_n20003_cRA_V2_V5_electrode_s15,phase2/results/predictions/full/electrode/tcn/seed_43/bandpass_n20003_cRA_V2_V5_electrode_s15.npz,76353,8571257fb9f488cb9b1ab2ea0e60a7715bf63525b004700055b7ec1e043220e2
tcn,electrode,43,bandpass_n20003_cRA_V2_V5_electrode_s10,phase2/results/predictions/full/electrode/tcn/seed_43/bandpass_n20003_cRA_V2_V5_electrode_s10.npz,76289,2c79244dbe356489f4e19207ae1249eeb775571cbbe275a46b2362ff46c99243
tcn,electrode,43,bandpass_n20003_cRA_V2_V5_electrode_s5,phase2/results/predictions/full/electrode/tcn/seed_43/bandpass_n20003_cRA_V2_V5_electrode_s5.npz,76048,5c72cc5c6067cf32efe44ea3cb909773cf3959bbbd068ec1442216e6b3b93f37
tcn,electrode,43,bandpass_n20003_cRA_V2_V5_electrode_s0,phase2/results/predictions/full/electrode/tcn/seed_43/bandpass_n20003_cRA_V2_V5_electrode_s0.npz,75674,cdea1ab25193a35995b21e2dfaeeb179046f2dd666f01b2d94839514856f2b24
tcn,electrode,43,bandpass_n20003_cRA_V2_V5_covariance_s20,phase2/results/predictions/full/electrode/tcn/seed_43/bandpass_n20003_cRA_V2_V5_covariance_s20.npz,76401,89f6b9d3ecfa9b0002e002c047a353b50810fbb244a8de9d4cf57367d17d04e0
tcn,electrode,43,bandpass_n20003_cRA_V2_V5_covariance_s15,phase2/results/predictions/full/electrode/tcn/seed_43/bandpass_n20003_cRA_V2_V5_covariance_s15.npz,76433,d9344cb810a9bd3f870eddc6b29660a81a8bf421fa1aeb3b557ebdb34fd18260
tcn,electrode,43,bandpass_n20003_cRA_V2_V5_covariance_s10,phase2/results/predictions/full/electrode/tcn/seed_43/bandpass_n20003_cRA_V2_V5_covariance_s10.npz,76297,917ef32d0e15de69d8092a04413b52c819d3b74f341d0cbec6cad7d20ed0c26a
tcn,electrode,43,bandpass_n20003_cRA_V2_V5_covariance_s5,phase2/results/predictions/full/electrode/tcn/seed_43/bandpass_n20003_cRA_V2_V5_covariance_s5.npz,76141,65938ac3cd6905872edbcc21980688129cf218f138af29c1b48f27e5740b615f
tcn,electrode,43,bandpass_n20003_cRA_V2_V5_covariance_s0,phase2/results/predictions/full/electrode/tcn/seed_43/bandpass_n20003_cRA_V2_V5_covariance_s0.npz,75676,1d2c81b8227f5c6cba32a554ab725a8e1487b8e65a4896c45d7bfababf818852
tcn,electrode,43,bandpass_n20003_cLA_V3_V6_independent_rms_s20,phase2/results/predictions/full/electrode/tcn/seed_43/bandpass_n20003_cLA_V3_V6_independent_rms_s20.npz,76391,04b00b53105742f850e8562553b351dadbe42c874a0949167ebdaa95d62d6ba0
tcn,electrode,43,bandpass_n20003_cLA_V3_V6_independent_rms_s15,phase2/results/predictions/full/electrode/tcn/seed_43/bandpass_n20003_cLA_V3_V6_independent_rms_s15.npz,76375,1f000735eac7b84b86a3a18d6251c496966d80167b52f369598f561b0589d913
tcn,electrode,43,bandpass_n20003_cLA_V3_V6_independent_rms_s10,phase2/results/predictions/full/electrode/tcn/seed_43/bandpass_n20003_cLA_V3_V6_independent_rms_s10.npz,76387,125ad998221f1acd01af47f70ca3ff746b16483cca557d6606c37325f7034290
tcn,electrode,43,bandpass_n20003_cLA_V3_V6_independent_rms_s5,phase2/results/predictions/full/electrode/tcn/seed_43/bandpass_n20003_cLA_V3_V6_independent_rms_s5.npz,76254,61c29f6aa03d26a3fd3b679128212d3a316b4825879f143a0c9f15b0fbdfa45d
tcn,electrode,43,bandpass_n20003_cLA_V3_V6_independent_rms_s0,phase2/results/predictions/full/electrode/tcn/seed_43/bandpass_n20003_cLA_V3_V6_independent_rms_s0.npz,76006,9cfff51a81699413bbed564eff77c85b7fe1ffbf07399008c2725e5788442cfe
tcn,electrode,43,bandpass_n20003_cLA_V3_V6_electrode_s20,phase2/results/predictions/full/electrode/tcn/seed_43/bandpass_n20003_cLA_V3_V6_electrode_s20.npz,76380,df211980b2c2f8c2a4e48aebb53e018b1560f9586789fec5f792a2b7de47e146
tcn,electrode,43,bandpass_n20003_cLA_V3_V6_electrode_s15,phase2/results/predictions/full/electrode/tcn/seed_43/bandpass_n20003_cLA_V3_V6_electrode_s15.npz,76378,3e853b23eb5d6ff27b3bf31a3e041c18c0b13f92b9c12f05e3cad60fbed0cd2a
tcn,electrode,43,bandpass_n20003_cLA_V3_V6_electrode_s10,phase2/results/predictions/full/electrode/tcn/seed_43/bandpass_n20003_cLA_V3_V6_electrode_s10.npz,76329,560bf6d58a46728ebd6d554e14dfa4af0491500893b52e80e6449bbf2da460b4
tcn,electrode,43,bandpass_n20003_cLA_V3_V6_electrode_s5,phase2/results/predictions/full/electrode/tcn/seed_43/bandpass_n20003_cLA_V3_V6_electrode_s5.npz,76198,fe785a5fb05efe68b49960d72a6ae615128282f5619d6723921a3826b8bf1cde
tcn,electrode,43,bandpass_n20003_cLA_V3_V6_electrode_s0,phase2/results/predictions/full/electrode/tcn/seed_43/bandpass_n20003_cLA_V3_V6_electrode_s0.npz,75934,24458158b30ad6ebccef06897118fafd7648782506d473216832db7166b25f25
tcn,electrode,43,bandpass_n20003_cLA_V3_V6_covariance_s20,phase2/results/predictions/full/electrode/tcn/seed_43/bandpass_n20003_cLA_V3_V6_covariance_s20.npz,76396,34e64b24e93c24e6cd93b21a624f159b2fff263809e0bce043e82a02837fe54e
tcn,electrode,43,bandpass_n20003_cLA_V3_V6_covariance_s15,phase2/results/predictions/full/electrode/tcn/seed_43/bandpass_n20003_cLA_V3_V6_covariance_s15.npz,76375,0be3de3a8d084294e4d9dd830eb203d6e7b0a28ae074e565505b0c3ae471adff
tcn,electrode,43,bandpass_n20003_cLA_V3_V6_covariance_s10,phase2/results/predictions/full/electrode/tcn/seed_43/bandpass_n20003_cLA_V3_V6_covariance_s10.npz,76331,8303061faf493312e38b9d12ca018ee9c39d044fd1370531ec0b6073dbc39783
tcn,electrode,43,bandpass_n20003_cLA_V3_V6_covariance_s5,phase2/results/predictions/full/electrode/tcn/seed_43/bandpass_n20003_cLA_V3_V6_covariance_s5.npz,76212,772419aae7419071c21b1a04c4a28bf0318929a1e7d6c49b056110ef9224d6c9
tcn,electrode,43,bandpass_n20003_cLA_V3_V6_covariance_s0,phase2/results/predictions/full/electrode/tcn/seed_43/bandpass_n20003_cLA_V3_V6_covariance_s0.npz,75938,a306fba86adbc75d16ca45890fd017d4a21dc62c9a7cf244734889f4e05dfb3c
tcn,electrode,43,bandpass_n20003_cLL_V1_V4_independent_rms_s20,phase2/results/predictions/full/electrode/tcn/seed_43/bandpass_n20003_cLL_V1_V4_independent_rms_s20.npz,76409,0a1a605120967c7076c26895ab58c8b813537e8c5b7cdfddf74cecb74f1212a9
tcn,electrode,43,bandpass_n20003_cLL_V1_V4_independent_rms_s15,phase2/results/predictions/full/electrode/tcn/seed_43/bandpass_n20003_cLL_V1_V4_independent_rms_s15.npz,76387,3c624a32919dedcaedded7103365b3ae7b7f23489b53da6f1cb6ad9cc53f433a
tcn,electrode,43,bandpass_n20003_cLL_V1_V4_independent_rms_s10,phase2/results/predictions/full/electrode/tcn/seed_43/bandpass_n20003_cLL_V1_V4_independent_rms_s10.npz,76362,dbc7dc00ace56ecdab88cbe7e01e5df8fc04e64323eac8705e1e61f87b13b271
tcn,electrode,43,bandpass_n20003_cLL_V1_V4_independent_rms_s5,phase2/results/predictions/full/electrode/tcn/seed_43/bandpass_n20003_cLL_V1_V4_independent_rms_s5.npz,76249,97c44a1a4a5255aacdf3b01c4a0098f371df7923c034856398218263fbcbb128
tcn,electrode,43,bandpass_n20003_cLL_V1_V4_independent_rms_s0,phase2/results/predictions/full/electrode/tcn/seed_43/bandpass_n20003_cLL_V1_V4_independent_rms_s0.npz,75980,c1504adeb333269492b80915ddbfb9f6b9557b0da39fae29b6f79eeeafe9b1bb
tcn,electrode,43,bandpass_n20003_cLL_V1_V4_electrode_s20,phase2/results/predictions/full/electrode/tcn/seed_43/bandpass_n20003_cLL_V1_V4_electrode_s20.npz,76366,f316769d134e18be7ae0765287d19dba3eacf3f53de40f25a67fa4c9c9fbfce0
tcn,electrode,43,bandpass_n20003_cLL_V1_V4_electrode_s15,phase2/results/predictions/full/electrode/tcn/seed_43/bandpass_n20003_cLL_V1_V4_electrode_s15.npz,76387,f47fd326bb58926cdd0854bfcb0d4d2f1a69ada4b23a8b745ff73e50cee2bdf5
tcn,electrode,43,bandpass_n20003_cLL_V1_V4_electrode_s10,phase2/results/predictions/full/electrode/tcn/seed_43/bandpass_n20003_cLL_V1_V4_electrode_s10.npz,76320,9dd8cc7a96cf74625e12dd1eae36701f0ccebc48ee5159451ae3bb5d93b9dde2
tcn,electrode,43,bandpass_n20003_cLL_V1_V4_electrode_s5,phase2/results/predictions/full/electrode/tcn/seed_43/bandpass_n20003_cLL_V1_V4_electrode_s5.npz,76185,02153200dc43d0b79f3f4e57eadc5ba1862ed3da49127103a1cc2214fd82d888
tcn,electrode,43,bandpass_n20003_cLL_V1_V4_electrode_s0,phase2/results/predictions/full/electrode/tcn/seed_43/bandpass_n20003_cLL_V1_V4_electrode_s0.npz,75886,3f14fc257b17394ed11a287fc5507789760d1ce8e47f7e0dc05bd26df62a4104
tcn,electrode,43,bandpass_n20003_cLL_V1_V4_covariance_s20,phase2/results/predictions/full/electrode/tcn/seed_43/bandpass_n20003_cLL_V1_V4_covariance_s20.npz,76388,6c3a197bbe93cf7b39dee86dc32c6c6babf575e562ef712bea8f5449b9096c36
tcn,electrode,43,bandpass_n20003_cLL_V1_V4_covariance_s15,phase2/results/predictions/full/electrode/tcn/seed_43/bandpass_n20003_cLL_V1_V4_covariance_s15.npz,76360,0f036c1595d3e5dd6dcb777ee086f64364cb11beabc0edd1ff59e5a15bfbee0a
tcn,electrode,43,bandpass_n20003_cLL_V1_V4_covariance_s10,phase2/results/predictions/full/electrode/tcn/seed_43/bandpass_n20003_cLL_V1_V4_covariance_s10.npz,76351,691cf8c31df7e2606496804dc53be2c2872d5e8213092757f4c517d6093a0ac6
tcn,electrode,43,bandpass_n20003_cLL_V1_V4_covariance_s5,phase2/results/predictions/full/electrode/tcn/seed_43/bandpass_n20003_cLL_V1_V4_covariance_s5.npz,76174,f770fe77416896feb52a678bc5aea4e4b20a8e5d61bcf75d0fc47d74a6346757
tcn,electrode,43,bandpass_n20003_cLL_V1_V4_covariance_s0,phase2/results/predictions/full/electrode/tcn/seed_43/bandpass_n20003_cLL_V1_V4_covariance_s0.npz,75874,6afce893cc68fbc30168f09fa3a658f18b3b8a6414a53a80ced60c0e30489e54
tcn,electrode,43,bandpass_n20003_call_independent_rms_s20,phase2/results/predictions/full/electrode/tcn/seed_43/bandpass_n20003_call_independent_rms_s20.npz,76398,4dd2f45a68bcfe340e35283b95197b73d8d0eda4e96981d9006b420c49ec035b
tcn,electrode,43,bandpass_n20003_call_independent_rms_s15,phase2/results/predictions/full/electrode/tcn/seed_43/bandpass_n20003_call_independent_rms_s15.npz,76381,49777d67d94d0dffddddf9af45b455ef05ce7fe2777aebbab1edd534464e9bde
tcn,electrode,43,bandpass_n20003_call_independent_rms_s10,phase2/results/predictions/full/electrode/tcn/seed_43/bandpass_n20003_call_independent_rms_s10.npz,76316,e21403d7388f9feddefc6c593def800a4dc63c7b54561cc2f0dec475936d91d8
tcn,electrode,43,bandpass_n20003_call_independent_rms_s5,phase2/results/predictions/full/electrode/tcn/seed_43/bandpass_n20003_call_independent_rms_s5.npz,76199,32e2ab02302dd5bb1584e524f38e283900364fc61cc40f253e053216294d69e5
tcn,electrode,43,bandpass_n20003_call_independent_rms_s0,phase2/results/predictions/full/electrode/tcn/seed_43/bandpass_n20003_call_independent_rms_s0.npz,75950,6464d358cf29aae29ac97ee479faace9528b7f106336e79ec29d43eb670e3d23
tcn,electrode,43,bandpass_n20003_call_electrode_s20,phase2/results/predictions/full/electrode/tcn/seed_43/bandpass_n20003_call_electrode_s20.npz,76340,7c68df425a40fb1ea41872db78a2c625552af2537637e680739821fe86fb969e
tcn,electrode,43,bandpass_n20003_call_electrode_s15,phase2/results/predictions/full/electrode/tcn/seed_43/bandpass_n20003_call_electrode_s15.npz,76349,f5b3f66f1a15a3a17682ec748c9e6a6bd584bfd20fb4c6eda7a0347075058658
tcn,electrode,43,bandpass_n20003_call_electrode_s10,phase2/results/predictions/full/electrode/tcn/seed_43/bandpass_n20003_call_electrode_s10.npz,76296,1422aedee20270fdced2e4ecd781ab627c9f8c6a6978b9dc4a2ab268c2f9c411
tcn,electrode,43,bandpass_n20003_call_electrode_s5,phase2/results/predictions/full/electrode/tcn/seed_43/bandpass_n20003_call_electrode_s5.npz,76132,50f451854bdc2f40670140c2bf115ca4b881164f7a78beab97ea09042a9b397c
tcn,electrode,43,bandpass_n20003_call_electrode_s0,phase2/results/predictions/full/electrode/tcn/seed_43/bandpass_n20003_call_electrode_s0.npz,75776,681b988ffd61b576c1a5c269f3e578e870448bc416eae83f6910e8fad43183d0
tcn,electrode,43,bandpass_n20003_call_covariance_s20,phase2/results/predictions/full/electrode/tcn/seed_43/bandpass_n20003_call_covariance_s20.npz,76342,99263d6bc5ff792d08313fec19c8c29b7d937965e342f44e20b1411b1087aae0
tcn,electrode,43,bandpass_n20003_call_covariance_s15,phase2/results/predictions/full/electrode/tcn/seed_43/bandpass_n20003_call_covariance_s15.npz,76384,25d3e7792c25f153f68d0b725e2326ee3276ebf15c59bcc14f68e02ee81b6fed
tcn,electrode,43,bandpass_n20003_call_covariance_s10,phase2/results/predictions/full/electrode/tcn/seed_43/bandpass_n20003_call_covariance_s10.npz,76276,390f696f7536adb97dc80443252bdcbf220c156c7a983f7597401bf6713d8e1e
tcn,electrode,43,bandpass_n20003_call_covariance_s5,phase2/results/predictions/full/electrode/tcn/seed_43/bandpass_n20003_call_covariance_s5.npz,76134,9bcc094d967e3405de00af94287e331220105f65075cf7f26428a8680d6f62d9
tcn,electrode,43,bandpass_n20003_call_covariance_s0,phase2/results/predictions/full/electrode/tcn/seed_43/bandpass_n20003_call_covariance_s0.npz,75777,65b306e6b8dfb8615cb30fcd1834cd74720604467bd932f06afba4bb0515fe5a
tcn,electrode,43,bandpass_n20004_cRA_LA_LL_independent_rms_s20,phase2/results/predictions/full/electrode/tcn/seed_43/bandpass_n20004_cRA_LA_LL_independent_rms_s20.npz,76395,a8cd76a2a8114bb6808908618fdcad7a59ffa7906b155af57f7a64a573d4d411
tcn,electrode,43,bandpass_n20004_cRA_LA_LL_independent_rms_s15,phase2/results/predictions/full/electrode/tcn/seed_43/bandpass_n20004_cRA_LA_LL_independent_rms_s15.npz,76382,c53d228429f7b10686aa0b5d7fdec7e95006dce4566a951e327bed389ac46f0e
tcn,electrode,43,bandpass_n20004_cRA_LA_LL_independent_rms_s10,phase2/results/predictions/full/electrode/tcn/seed_43/bandpass_n20004_cRA_LA_LL_independent_rms_s10.npz,76316,853dae0aa3ce652dc774efa0bb87b50c03d3fc926e448ae2fa0ed1d8ea3448ec
tcn,electrode,43,bandpass_n20004_cRA_LA_LL_independent_rms_s5,phase2/results/predictions/full/electrode/tcn/seed_43/bandpass_n20004_cRA_LA_LL_independent_rms_s5.npz,76231,84bb1a86faedbea430b38117511fc5006e19bba701c4d45c30ed902394bfb6d1
tcn,electrode,43,bandpass_n20004_cRA_LA_LL_independent_rms_s0,phase2/results/predictions/full/electrode/tcn/seed_43/bandpass_n20004_cRA_LA_LL_independent_rms_s0.npz,75988,ebd1b1f83b2035cf1e718feb3da1df489693181180ab296abfce85aeac5aeb2e
tcn,electrode,43,bandpass_n20004_cRA_LA_LL_electrode_s20,phase2/results/predictions/full/electrode/tcn/seed_43/bandpass_n20004_cRA_LA_LL_electrode_s20.npz,76349,789e619490fb402a8035c6c38c2874fdd367bf0d0eb4d894a8ee9631d93cc2ef
tcn,electrode,43,bandpass_n20004_cRA_LA_LL_electrode_s15,phase2/results/predictions/full/electrode/tcn/seed_43/bandpass_n20004_cRA_LA_LL_electrode_s15.npz,76346,c243dc0e39b53a3a693f66aa7ce23294fe8fdbeee095efdbf7aa60ba4766edf8
tcn,electrode,43,bandpass_n20004_cRA_LA_LL_electrode_s10,phase2/results/predictions/full/electrode/tcn/seed_43/bandpass_n20004_cRA_LA_LL_electrode_s10.npz,76283,420cb3d38a7d7eba0759e17d7ebde5c179e099a4824150b4c05e3234b9de0488
tcn,electrode,43,bandpass_n20004_cRA_LA_LL_electrode_s5,phase2/results/predictions/full/electrode/tcn/seed_43/bandpass_n20004_cRA_LA_LL_electrode_s5.npz,76108,d3e37f76deace43ba113848ba4a87e01d3e4d408f894f7ecd0d40f0988d1b1db
tcn,electrode,43,bandpass_n20004_cRA_LA_LL_electrode_s0,phase2/results/predictions/full/electrode/tcn/seed_43/bandpass_n20004_cRA_LA_LL_electrode_s0.npz,75656,6642445241100945a3c1c1b6dc2d2fe0a6595a08a56eef4628e018597b8dc5d0
tcn,electrode,43,bandpass_n20004_cRA_LA_LL_covariance_s20,phase2/results/predictions/full/electrode/tcn/seed_43/bandpass_n20004_cRA_LA_LL_covariance_s20.npz,76375,d55853d5f7ced6bda3f06babbb1262f693b2e5156f6cff41b0fe4264e85e84dc
tcn,electrode,43,bandpass_n20004_cRA_LA_LL_covariance_s15,phase2/results/predictions/full/electrode/tcn/seed_43/bandpass_n20004_cRA_LA_LL_covariance_s15.npz,76353,ab281c9f267cbca21d1926c636acfc5c0389a96c09aa00d1cd710c1e70fe185f
tcn,electrode,43,bandpass_n20004_cRA_LA_LL_covariance_s10,phase2/results/predictions/full/electrode/tcn/seed_43/bandpass_n20004_cRA_LA_LL_covariance_s10.npz,76309,e0139bba50a63e96007c6670edf80fe3ac6c246f84dcbd558ebfb3b55cadec6e
tcn,electrode,43,bandpass_n20004_cRA_LA_LL_covariance_s5,phase2/results/predictions/full/electrode/tcn/seed_43/bandpass_n20004_cRA_LA_LL_covariance_s5.npz,76101,67ef29616ab090274a8341ddb2d557f71dd14a0cc467ba70e0729bfeeeaff8b1
tcn,electrode,43,bandpass_n20004_cRA_LA_LL_covariance_s0,phase2/results/predictions/full/electrode/tcn/seed_43/bandpass_n20004_cRA_LA_LL_covariance_s0.npz,75665,19dbc7bb0d22267b6eaccbe382540b4db4aa10b4a1082b7d1d8efd2346b29ca7
tcn,electrode,43,bandpass_n20004_cV1_independent_rms_s20,phase2/results/predictions/full/electrode/tcn/seed_43/bandpass_n20004_cV1_independent_rms_s20.npz,76409,49328a5e9c2fec3762cb4d679180e0ff024272d3897e4c3dcc8ff13f2d79f336
tcn,electrode,43,bandpass_n20004_cV1_independent_rms_s15,phase2/results/predictions/full/electrode/tcn/seed_43/bandpass_n20004_cV1_independent_rms_s15.npz,76365,2c875ca41be089cb955ac86777a192346fad45f38954f7f89adae7bee8d75fad
tcn,electrode,43,bandpass_n20004_cV1_independent_rms_s10,phase2/results/predictions/full/electrode/tcn/seed_43/bandpass_n20004_cV1_independent_rms_s10.npz,76342,90d31d6f80224bee56cde0b023c8201d765abec17bb0ec5f7550a739c72ea6ce
tcn,electrode,43,bandpass_n20004_cV1_independent_rms_s5,phase2/results/predictions/full/electrode/tcn/seed_43/bandpass_n20004_cV1_independent_rms_s5.npz,76196,68d80f98538adf5a7d1b2dba8178f35b75dfb685c495501393066c5109e10cd6
tcn,electrode,43,bandpass_n20004_cV1_independent_rms_s0,phase2/results/predictions/full/electrode/tcn/seed_43/bandpass_n20004_cV1_independent_rms_s0.npz,75922,c9aefdfe48d94d2ec8155c5c92bc18b38faca571c41ee9e8a5fdca72bd3ce886
tcn,electrode,43,bandpass_n20004_cV1_electrode_s20,phase2/results/predictions/full/electrode/tcn/seed_43/bandpass_n20004_cV1_electrode_s20.npz,76382,5c931807b55a540ad660647bf0b5d89dc59a3222e8290610a96d2e8a5b8ed23b
tcn,electrode,43,bandpass_n20004_cV1_electrode_s15,phase2/results/predictions/full/electrode/tcn/seed_43/bandpass_n20004_cV1_electrode_s15.npz,76349,18dacd474f966d1ff2fdb77f01e8b0ec14b96ee0af0d6d9afb539e81e723486b
tcn,electrode,43,bandpass_n20004_cV1_electrode_s10,phase2/results/predictions/full/electrode/tcn/seed_43/bandpass_n20004_cV1_electrode_s10.npz,76314,e9570b263dc2ee869c24576f6b54538fc2dde94f9e5f32ee4e539fbea125ae9a
tcn,electrode,43,bandpass_n20004_cV1_electrode_s5,phase2/results/predictions/full/electrode/tcn/seed_43/bandpass_n20004_cV1_electrode_s5.npz,76169,82aa8b04a36e5e45b03a7a11d54cccbfb660b81b0dcc896c2c319450ee9a0b61
tcn,electrode,43,bandpass_n20004_cV1_electrode_s0,phase2/results/predictions/full/electrode/tcn/seed_43/bandpass_n20004_cV1_electrode_s0.npz,75934,a937c1babb8663e55c945440e9da4b6bbe02fc82de33031707670a977dc71271
tcn,electrode,43,bandpass_n20004_cV1_covariance_s20,phase2/results/predictions/full/electrode/tcn/seed_43/bandpass_n20004_cV1_covariance_s20.npz,76384,572a062eb9046f288a4c6bd3aaeb7864a541adf9fbc71ac9c8eb141ccc47ca62
tcn,electrode,43,bandpass_n20004_cV1_covariance_s15,phase2/results/predictions/full/electrode/tcn/seed_43/bandpass_n20004_cV1_covariance_s15.npz,76350,b4995eade7b5d9a4a949ea616c3b8b6a439a499b2cfae26e1b249a5b370f36c8
tcn,electrode,43,bandpass_n20004_cV1_covariance_s10,phase2/results/predictions/full/electrode/tcn/seed_43/bandpass_n20004_cV1_covariance_s10.npz,76301,6d897661e22556e3edaffcc4e28e6c1606608d125fdbe1244108f5d5a5d0b11c
tcn,electrode,43,bandpass_n20004_cV1_covariance_s5,phase2/results/predictions/full/electrode/tcn/seed_43/bandpass_n20004_cV1_covariance_s5.npz,76179,da76434c03304ccf879a30fb326eacafdb3b4ef783c14c992beb52f8a4a322a8
tcn,electrode,43,bandpass_n20004_cV1_covariance_s0,phase2/results/predictions/full/electrode/tcn/seed_43/bandpass_n20004_cV1_covariance_s0.npz,75888,438976a2dcbfc2a4b42196c4b562731d333a27bceab055189674998b9eea1f06
tcn,electrode,43,bandpass_n20004_cV2_independent_rms_s20,phase2/results/predictions/full/electrode/tcn/seed_43/bandpass_n20004_cV2_independent_rms_s20.npz,76412,e83b7b790b9e568ff1458ea5bbbd94706592da0b8944466883a5c7c0b3d34b4b
tcn,electrode,43,bandpass_n20004_cV2_independent_rms_s15,phase2/results/predictions/full/electrode/tcn/seed_43/bandpass_n20004_cV2_independent_rms_s15.npz,76415,4f58fb7b7f6fc1734bd8a1482f4b9cacb1c364024767c5d5a4f83363efd0d0dc
tcn,electrode,43,bandpass_n20004_cV2_independent_rms_s10,phase2/results/predictions/full/electrode/tcn/seed_43/bandpass_n20004_cV2_independent_rms_s10.npz,76317,40c0dfef70c32805ae4a8797615454dde33668a0111133b604baa783080e788e
tcn,electrode,43,bandpass_n20004_cV2_independent_rms_s5,phase2/results/predictions/full/electrode/tcn/seed_43/bandpass_n20004_cV2_independent_rms_s5.npz,76241,a95ab7c96034f1db8a63f0d5a1ccda08eb56d292f02603e2cb4274e7d5ada4ae
tcn,electrode,43,bandpass_n20004_cV2_independent_rms_s0,phase2/results/predictions/full/electrode/tcn/seed_43/bandpass_n20004_cV2_independent_rms_s0.npz,75977,3d28de2e7ced01556ed2ae4f7c27c739bda0fc417f3baa29d145c224c0020996
tcn,electrode,43,bandpass_n20004_cV2_electrode_s20,phase2/results/predictions/full/electrode/tcn/seed_43/bandpass_n20004_cV2_electrode_s20.npz,76391,573d21f5720008554e2887e74c3ed65385fae56844bc454a984c07a4b98a257d
tcn,electrode,43,bandpass_n20004_cV2_electrode_s15,phase2/results/predictions/full/electrode/tcn/seed_43/bandpass_n20004_cV2_electrode_s15.npz,76357,d49d8ac93b57476f224b7668b13699467f00e21d2ea07c53df213579f7863576
tcn,electrode,43,bandpass_n20004_cV2_electrode_s10,phase2/results/predictions/full/electrode/tcn/seed_43/bandpass_n20004_cV2_electrode_s10.npz,76351,98a8a115e23c520e3f7cf8141077f6e46242dbb8542fc0a1ac8cd334ab3f5bff
tcn,electrode,43,bandpass_n20004_cV2_electrode_s5,phase2/results/predictions/full/electrode/tcn/seed_43/bandpass_n20004_cV2_electrode_s5.npz,76210,de8928b743e0250c93383604ad6195aec0ea93a917e5e0b7ff688c8580ad963f
tcn,electrode,43,bandpass_n20004_cV2_electrode_s0,phase2/results/predictions/full/electrode/tcn/seed_43/bandpass_n20004_cV2_electrode_s0.npz,75998,6c57ab594d144ff439b3a3336f1bf486916fa5d693982fd8a52fd8dea2614870
tcn,electrode,43,bandpass_n20004_cV2_covariance_s20,phase2/results/predictions/full/electrode/tcn/seed_43/bandpass_n20004_cV2_covariance_s20.npz,76399,3d1a61db9280dcfdee603322c36b9894936fea0c470638dca148420d627c750e
tcn,electrode,43,bandpass_n20004_cV2_covariance_s15,phase2/results/predictions/full/electrode/tcn/seed_43/bandpass_n20004_cV2_covariance_s15.npz,76373,7b44152fbdbdd575c64b04ac3b3d38a5c8808869b749f0f440573f21a310570e
tcn,electrode,43,bandpass_n20004_cV2_covariance_s10,phase2/results/predictions/full/electrode/tcn/seed_43/bandpass_n20004_cV2_covariance_s10.npz,76306,fabfaa6e92ac2ea082a24472ac4a00442aa519995ef066d4b71ff055954bc4d6
tcn,electrode,43,bandpass_n20004_cV2_covariance_s5,phase2/results/predictions/full/electrode/tcn/seed_43/bandpass_n20004_cV2_covariance_s5.npz,76198,8c33d6ccfc2c7017bd255ae3205c63b6690e2c78117ee206daeac801efd96b89
tcn,electrode,43,bandpass_n20004_cV2_covariance_s0,phase2/results/predictions/full/electrode/tcn/seed_43/bandpass_n20004_cV2_covariance_s0.npz,75973,b32281cef83c750740c4fce04b4c521979fe08205859b27c24ed1f2d6a0a680b
tcn,electrode,43,bandpass_n20004_cV3_independent_rms_s20,phase2/results/predictions/full/electrode/tcn/seed_43/bandpass_n20004_cV3_independent_rms_s20.npz,76414,2cdf28d0c37e6cd13ff16798080db87b9f6daf0398539f574ed99641e44d507d
tcn,electrode,43,bandpass_n20004_cV3_independent_rms_s15,phase2/results/predictions/full/electrode/tcn/seed_43/bandpass_n20004_cV3_independent_rms_s15.npz,76393,6bda06f80ac32a38a07aedaa4202156ff220453b0c1dd06cfa1d750b3c5dcfef
tcn,electrode,43,bandpass_n20004_cV3_independent_rms_s10,phase2/results/predictions/full/electrode/tcn/seed_43/bandpass_n20004_cV3_independent_rms_s10.npz,76367,0636a7347b95c75ea99cad81771dfc52c99e4c698f0ac423449456b08c917334
tcn,electrode,43,bandpass_n20004_cV3_independent_rms_s5,phase2/results/predictions/full/electrode/tcn/seed_43/bandpass_n20004_cV3_independent_rms_s5.npz,76337,7781d075b730c77c889d0c95bbaeecba18b9957a73d8066490d4ae193551b7cb
tcn,electrode,43,bandpass_n20004_cV3_independent_rms_s0,phase2/results/predictions/full/electrode/tcn/seed_43/bandpass_n20004_cV3_independent_rms_s0.npz,76181,8283dcc70068272a7d4549acce8fe647741e459a3028fe600c433601b4725547
tcn,electrode,43,bandpass_n20004_cV3_electrode_s20,phase2/results/predictions/full/electrode/tcn/seed_43/bandpass_n20004_cV3_electrode_s20.npz,76367,2d3137241dd908fbe0881176501d9e9e9687ba5def58c36f1547fdc372ea98b7
tcn,electrode,43,bandpass_n20004_cV3_electrode_s15,phase2/results/predictions/full/electrode/tcn/seed_43/bandpass_n20004_cV3_electrode_s15.npz,76365,b2d64e2a9db8972530e4cffcbc8f0c6299e06687d129fa0ced2760a521b3b294
tcn,electrode,43,bandpass_n20004_cV3_electrode_s10,phase2/results/predictions/full/electrode/tcn/seed_43/bandpass_n20004_cV3_electrode_s10.npz,76368,f4136ba0cd0f69a69ea519977034e77faefc78befb2a600b760dcc647b4687d6
tcn,electrode,43,bandpass_n20004_cV3_electrode_s5,phase2/results/predictions/full/electrode/tcn/seed_43/bandpass_n20004_cV3_electrode_s5.npz,76322,cd1d10982699404e5e94aa4ccef8c4f716708e151fcecfa1372c0993fe8b64a4
tcn,electrode,43,bandpass_n20004_cV3_electrode_s0,phase2/results/predictions/full/electrode/tcn/seed_43/bandpass_n20004_cV3_electrode_s0.npz,76166,c835c090b29993f140de39347bdbf821c24824042db2bcc95428f9922b77b696
tcn,electrode,43,bandpass_n20004_cV3_covariance_s20,phase2/results/predictions/full/electrode/tcn/seed_43/bandpass_n20004_cV3_covariance_s20.npz,76384,bf17c5530e45080a924f09c3881ecdd9ef3d2e75baad878ff6012929d3eb6104
tcn,electrode,43,bandpass_n20004_cV3_covariance_s15,phase2/results/predictions/full/electrode/tcn/seed_43/bandpass_n20004_cV3_covariance_s15.npz,76394,df5170203627a0a498720ac6e709fa62cfd9cd0e1410461084667bd8029ea573
tcn,electrode,43,bandpass_n20004_cV3_covariance_s10,phase2/results/predictions/full/electrode/tcn/seed_43/bandpass_n20004_cV3_covariance_s10.npz,76371,d4f837870cd4a433e57fe81bb95ea6271cef4ab0fb8021f251430e4a2a7cf319
tcn,electrode,43,bandpass_n20004_cV3_covariance_s5,phase2/results/predictions/full/electrode/tcn/seed_43/bandpass_n20004_cV3_covariance_s5.npz,76368,9c0b295b460a926b773126a55bc6421a34b000b7671efe0649412d8d8fe40c5a
tcn,electrode,43,bandpass_n20004_cV3_covariance_s0,phase2/results/predictions/full/electrode/tcn/seed_43/bandpass_n20004_cV3_covariance_s0.npz,76155,a6543197ec1da1a0fe2cacade59f4a571d40964f40620759017fc28e1b20dc53
tcn,electrode,43,bandpass_n20004_cV4_independent_rms_s20,phase2/results/predictions/full/electrode/tcn/seed_43/bandpass_n20004_cV4_independent_rms_s20.npz,76394,f5202c47fdc403c5e0fc932c2c45c056aeb0b0df6ed4a92178c8fbf786e6d597
tcn,electrode,43,bandpass_n20004_cV4_independent_rms_s15,phase2/results/predictions/full/electrode/tcn/seed_43/bandpass_n20004_cV4_independent_rms_s15.npz,76389,7aa01b59a4af3e275508d6e4a1337c4a9cb31d488e46446a900ea71038d93574
tcn,electrode,43,bandpass_n20004_cV4_independent_rms_s10,phase2/results/predictions/full/electrode/tcn/seed_43/bandpass_n20004_cV4_independent_rms_s10.npz,76377,9b558480a51dab2d58127e214dbc5e80b4aa3a07bbb977b93d47bb6eea7e1f34
tcn,electrode,43,bandpass_n20004_cV4_independent_rms_s5,phase2/results/predictions/full/electrode/tcn/seed_43/bandpass_n20004_cV4_independent_rms_s5.npz,76269,53ce5f6ef08f9f43a57832b8c94d586dd673cc7452330c40bc3da7654fa63e9a
tcn,electrode,43,bandpass_n20004_cV4_independent_rms_s0,phase2/results/predictions/full/electrode/tcn/seed_43/bandpass_n20004_cV4_independent_rms_s0.npz,76061,3f19f32e2297e6edf8c36b6d159ddfd59aee8cd0304ec8af1f37e66e6b90269f
tcn,electrode,43,bandpass_n20004_cV4_electrode_s20,phase2/results/predictions/full/electrode/tcn/seed_43/bandpass_n20004_cV4_electrode_s20.npz,76386,47b1f36ba6caf06644d470038da90d4214567c8d0e0bc045b2af2413f2c0bbeb
tcn,electrode,43,bandpass_n20004_cV4_electrode_s15,phase2/results/predictions/full/electrode/tcn/seed_43/bandpass_n20004_cV4_electrode_s15.npz,76370,f55ebd8a2a0989e52659527c9a62f079f8f831b934bfc9fbc6669dbfa712d92d
tcn,electrode,43,bandpass_n20004_cV4_electrode_s10,phase2/results/predictions/full/electrode/tcn/seed_43/bandpass_n20004_cV4_electrode_s10.npz,76369,887ffc372194411a70ada1a1525be91a2a8331bc541fde2e91a76411a8183730
tcn,electrode,43,bandpass_n20004_cV4_electrode_s5,phase2/results/predictions/full/electrode/tcn/seed_43/bandpass_n20004_cV4_electrode_s5.npz,76254,bc815f8c841a0d31db8c65ed4ac1d1183750de37971d7bcb149fa8faeba6858c
tcn,electrode,43,bandpass_n20004_cV4_electrode_s0,phase2/results/predictions/full/electrode/tcn/seed_43/bandpass_n20004_cV4_electrode_s0.npz,76048,820d5e44053fea72f6f649a5cfb799cd6d4976c3625d692d8a141e8ea4fb0eb0
tcn,electrode,43,bandpass_n20004_cV4_covariance_s20,phase2/results/predictions/full/electrode/tcn/seed_43/bandpass_n20004_cV4_covariance_s20.npz,76374,2ead24da2ea1a591362d1c5628e22386f27fb2898c2366ed8e1db39180bb1c0c
tcn,electrode,43,bandpass_n20004_cV4_covariance_s15,phase2/results/predictions/full/electrode/tcn/seed_43/bandpass_n20004_cV4_covariance_s15.npz,76362,20ab8c0b30aaaf9e642e93322ca3f0c8fb8ffb2f64dc150a0dd2590f21aebb69
tcn,electrode,43,bandpass_n20004_cV4_covariance_s10,phase2/results/predictions/full/electrode/tcn/seed_43/bandpass_n20004_cV4_covariance_s10.npz,76323,9bb7be0de52184f5bb1d99374f80900e53ed926be723dc0c645e6b1e171b1b13
tcn,electrode,43,bandpass_n20004_cV4_covariance_s5,phase2/results/predictions/full/electrode/tcn/seed_43/bandpass_n20004_cV4_covariance_s5.npz,76261,1841d10e8dcafcd89a77df24e3948f238339a630c126b8db945994f5e5af6d15
tcn,electrode,43,bandpass_n20004_cV4_covariance_s0,phase2/results/predictions/full/electrode/tcn/seed_43/bandpass_n20004_cV4_covariance_s0.npz,76053,e4c48b423f1b3ded9ba71eda1c6a14445a5a57059ab9ed4d16849ac21a1d1619
tcn,electrode,43,bandpass_n20004_cV5_independent_rms_s20,phase2/results/predictions/full/electrode/tcn/seed_43/bandpass_n20004_cV5_independent_rms_s20.npz,76413,711e6dc301536908e5dbda97869eb98e82016eb7283dc193e095bf5232249e4f
tcn,electrode,43,bandpass_n20004_cV5_independent_rms_s15,phase2/results/predictions/full/electrode/tcn/seed_43/bandpass_n20004_cV5_independent_rms_s15.npz,76374,2881621378420cf4bf233b0bc1e0b789ff7791e1f943ffccd72f8933f26e2158
tcn,electrode,43,bandpass_n20004_cV5_independent_rms_s10,phase2/results/predictions/full/electrode/tcn/seed_43/bandpass_n20004_cV5_independent_rms_s10.npz,76338,a0f80e45ee029ff80da83b76f4957a27f0c83f8261212c30edfcb81c80300ea3
tcn,electrode,43,bandpass_n20004_cV5_independent_rms_s5,phase2/results/predictions/full/electrode/tcn/seed_43/bandpass_n20004_cV5_independent_rms_s5.npz,76230,7b799727eea6fa13f26685e047e2b616aefa6fa3e85038edbcdb607e33f5320b
tcn,electrode,43,bandpass_n20004_cV5_independent_rms_s0,phase2/results/predictions/full/electrode/tcn/seed_43/bandpass_n20004_cV5_independent_rms_s0.npz,75961,47862911e024c260a4c1f8a06d40ede678513a304a6be60b5992a8cdc9ee7831
tcn,electrode,43,bandpass_n20004_cV5_electrode_s20,phase2/results/predictions/full/electrode/tcn/seed_43/bandpass_n20004_cV5_electrode_s20.npz,76375,f250744220ea2d9b813c6cc8cb54eb0ade759323f10ffde272b286dbe1ec1aeb
tcn,electrode,43,bandpass_n20004_cV5_electrode_s15,phase2/results/predictions/full/electrode/tcn/seed_43/bandpass_n20004_cV5_electrode_s15.npz,76339,e124299e8df1c40fdd5a804254a4dc8f6ef001c5a5f018ab465fe37d36f6e5da
tcn,electrode,43,bandpass_n20004_cV5_electrode_s10,phase2/results/predictions/full/electrode/tcn/seed_43/bandpass_n20004_cV5_electrode_s10.npz,76313,f8ea943bd20062725c6c54ef9ba114921caccc17e6fc1c6e5283f1b753b7ff2c
tcn,electrode,43,bandpass_n20004_cV5_electrode_s5,phase2/results/predictions/full/electrode/tcn/seed_43/bandpass_n20004_cV5_electrode_s5.npz,76214,df8ebed59b87f27898792a764b8dbeff36ae4768f1634940adef17f0aff8441a
tcn,electrode,43,bandpass_n20004_cV5_electrode_s0,phase2/results/predictions/full/electrode/tcn/seed_43/bandpass_n20004_cV5_electrode_s0.npz,75966,9152add8681e12345852d71b89c6c8a322c17f02fefd2ac1c11067bdc50d51cc
tcn,electrode,43,bandpass_n20004_cV5_covariance_s20,phase2/results/predictions/full/electrode/tcn/seed_43/bandpass_n20004_cV5_covariance_s20.npz,76383,9b4fa8e23390654dd0035264ab1082b20196b5a72e6e97dfbd9019eee90098ae
tcn,electrode,43,bandpass_n20004_cV5_covariance_s15,phase2/results/predictions/full/electrode/tcn/seed_43/bandpass_n20004_cV5_covariance_s15.npz,76377,80caea1d02e56183c1ecb06c9f881fb5eda5c4a7201d10c7ddb11fc9cd92688f
tcn,electrode,43,bandpass_n20004_cV5_covariance_s10,phase2/results/predictions/full/electrode/tcn/seed_43/bandpass_n20004_cV5_covariance_s10.npz,76339,91b0cb6d64190005eabab838243d8440ce4587ae362d2a2b88b4ffa3ff2541c9
tcn,electrode,43,bandpass_n20004_cV5_covariance_s5,phase2/results/predictions/full/electrode/tcn/seed_43/bandpass_n20004_cV5_covariance_s5.npz,76214,92fd6aa45f50239876ad6e8e6e2313ea8c1cdcb618d0ccbc6f066bc8230d7c6e
tcn,electrode,43,bandpass_n20004_cV5_covariance_s0,phase2/results/predictions/full/electrode/tcn/seed_43/bandpass_n20004_cV5_covariance_s0.npz,75952,dada1b7448f20eb411a518ebb3b098b43552bd1b5dff6925d257dbd4e359e602
tcn,electrode,43,bandpass_n20004_cV6_independent_rms_s20,phase2/results/predictions/full/electrode/tcn/seed_43/bandpass_n20004_cV6_independent_rms_s20.npz,76390,857d35a938733b7e41207fb391ce84d951f63b69a450603fcb097d36f1ec6bfa
tcn,electrode,43,bandpass_n20004_cV6_independent_rms_s15,phase2/results/predictions/full/electrode/tcn/seed_43/bandpass_n20004_cV6_independent_rms_s15.npz,76361,a3b09f66f2e36f22b17e75efd5064136d91dfbd20810e1927c8b1fc032fd99eb
tcn,electrode,43,bandpass_n20004_cV6_independent_rms_s10,phase2/results/predictions/full/electrode/tcn/seed_43/bandpass_n20004_cV6_independent_rms_s10.npz,76379,82ad76f3796f40ce4b2dabd4908cb87faa56f51d646707ebf33b1200bf776b08
tcn,electrode,43,bandpass_n20004_cV6_independent_rms_s5,phase2/results/predictions/full/electrode/tcn/seed_43/bandpass_n20004_cV6_independent_rms_s5.npz,76255,afd9c1138895ef26a14cd5a5c82ee3b8b3c2c353737f07cdd204fefeba8e4ae0
tcn,electrode,43,bandpass_n20004_cV6_independent_rms_s0,phase2/results/predictions/full/electrode/tcn/seed_43/bandpass_n20004_cV6_independent_rms_s0.npz,76011,1739395520b75cc80a4efe52b9484425812c79fe72ca68913a229100aa896ddd
tcn,electrode,43,bandpass_n20004_cV6_electrode_s20,phase2/results/predictions/full/electrode/tcn/seed_43/bandpass_n20004_cV6_electrode_s20.npz,76363,f41a6bd00b163c2c7df7f940123fcdbe9a68f3198a99e2eb71eb2dc2d634bc2d
tcn,electrode,43,bandpass_n20004_cV6_electrode_s15,phase2/results/predictions/full/electrode/tcn/seed_43/bandpass_n20004_cV6_electrode_s15.npz,76382,aa06f19d1de53c1149d843811b17c378c7379a5864ac53fe26f7e190a600cd7b
tcn,electrode,43,bandpass_n20004_cV6_electrode_s10,phase2/results/predictions/full/electrode/tcn/seed_43/bandpass_n20004_cV6_electrode_s10.npz,76329,0927a92ee54e2f24437dddbde3aa2d943eb58f9693d676f8dff7f9c3c226f5cd
tcn,electrode,43,bandpass_n20004_cV6_electrode_s5,phase2/results/predictions/full/electrode/tcn/seed_43/bandpass_n20004_cV6_electrode_s5.npz,76214,6a0f07b9408f39787af095acb64bde310c89e473702c2449b93bc533d94f6d41
tcn,electrode,43,bandpass_n20004_cV6_electrode_s0,phase2/results/predictions/full/electrode/tcn/seed_43/bandpass_n20004_cV6_electrode_s0.npz,76038,063195d8936fc1ec0f45fbc0b834810d2992b058bfb23dc1717fe497aa3ab639
tcn,electrode,43,bandpass_n20004_cV6_covariance_s20,phase2/results/predictions/full/electrode/tcn/seed_43/bandpass_n20004_cV6_covariance_s20.npz,76391,575bd07b7689976cfc7006732ec6f8e868dfc7a009cdb020ef83d13f7fb8c7da
tcn,electrode,43,bandpass_n20004_cV6_covariance_s15,phase2/results/predictions/full/electrode/tcn/seed_43/bandpass_n20004_cV6_covariance_s15.npz,76346,8006c3450844d371a5366ac47844f91ae9ea766579c9be3a4ef6cb43f0b1d2ba
tcn,electrode,43,bandpass_n20004_cV6_covariance_s10,phase2/results/predictions/full/electrode/tcn/seed_43/bandpass_n20004_cV6_covariance_s10.npz,76340,6ce806cd090ab98abbeba34c2d8b7ffca7d3aec501817a399a03aba5e314aa90
tcn,electrode,43,bandpass_n20004_cV6_covariance_s5,phase2/results/predictions/full/electrode/tcn/seed_43/bandpass_n20004_cV6_covariance_s5.npz,76223,765eaf8eca088dc4b2ebdfacc2c9e8fec318b324852c70f221c5835c6441c9e6
tcn,electrode,43,bandpass_n20004_cV6_covariance_s0,phase2/results/predictions/full/electrode/tcn/seed_43/bandpass_n20004_cV6_covariance_s0.npz,76012,ca0f6d916794e15766567e4b500fce57a11e74f4ea593633dede9cf2e1ed2945
tcn,electrode,43,bandpass_n20004_cRA_LA_independent_rms_s20,phase2/results/predictions/full/electrode/tcn/seed_43/bandpass_n20004_cRA_LA_independent_rms_s20.npz,76400,f966c7c0c638fe9ea53b19880baac5fd4df3d52e69e39f93f8550aa4fde1615e
tcn,electrode,43,bandpass_n20004_cRA_LA_independent_rms_s15,phase2/results/predictions/full/electrode/tcn/seed_43/bandpass_n20004_cRA_LA_independent_rms_s15.npz,76379,b42c52b7806aa72dac654d1e3312b9cdcbba66420764012d269830dd069d1c52
tcn,electrode,43,bandpass_n20004_cRA_LA_independent_rms_s10,phase2/results/predictions/full/electrode/tcn/seed_43/bandpass_n20004_cRA_LA_independent_rms_s10.npz,76351,39a8f051f19278646bfbb4090364d653d9c8ab7aef61da84bfaf74d06b43f842
tcn,electrode,43,bandpass_n20004_cRA_LA_independent_rms_s5,phase2/results/predictions/full/electrode/tcn/seed_43/bandpass_n20004_cRA_LA_independent_rms_s5.npz,76193,783b33193c4469fe11229b579f68d5d7586ad40326b0fd2cbea92d257f844510
tcn,electrode,43,bandpass_n20004_cRA_LA_independent_rms_s0,phase2/results/predictions/full/electrode/tcn/seed_43/bandpass_n20004_cRA_LA_independent_rms_s0.npz,75981,97117bb74415ae76e7fb62444b8d09f6daa3b82c5891faf6c7f6448a86f3098b
tcn,electrode,43,bandpass_n20004_cRA_LA_electrode_s20,phase2/results/predictions/full/electrode/tcn/seed_43/bandpass_n20004_cRA_LA_electrode_s20.npz,76375,6ef7b53597722abfe7f2344ecacf59d1d74f40ee4d9e5229f569f09c32c1ac57
tcn,electrode,43,bandpass_n20004_cRA_LA_electrode_s15,phase2/results/predictions/full/electrode/tcn/seed_43/bandpass_n20004_cRA_LA_electrode_s15.npz,76374,a0325bd6fcbd7c43d41bfbdd4d5140e063a9e5a00331f10899f983e83599dea2
tcn,electrode,43,bandpass_n20004_cRA_LA_electrode_s10,phase2/results/predictions/full/electrode/tcn/seed_43/bandpass_n20004_cRA_LA_electrode_s10.npz,76279,0633dbe5320b08ffc21f5c7d8d0ff2f584da81e99e320c5315930dfdd9f0bc9e
tcn,electrode,43,bandpass_n20004_cRA_LA_electrode_s5,phase2/results/predictions/full/electrode/tcn/seed_43/bandpass_n20004_cRA_LA_electrode_s5.npz,76093,a6f7c4a750974cf1f3c8bc4f63215888bcb6fef3688e56f73fcfebbab7c2dd91
tcn,electrode,43,bandpass_n20004_cRA_LA_electrode_s0,phase2/results/predictions/full/electrode/tcn/seed_43/bandpass_n20004_cRA_LA_electrode_s0.npz,75631,3f49b2317246ac6de2867c7e4d07dd02a4af46bff96263c2b8ed1e79e8be2c73
tcn,electrode,43,bandpass_n20004_cRA_LA_covariance_s20,phase2/results/predictions/full/electrode/tcn/seed_43/bandpass_n20004_cRA_LA_covariance_s20.npz,76401,60e9a50091e98c1274d133a4580d3f1c283b3d377a22cb677d845993232ca9b1
tcn,electrode,43,bandpass_n20004_cRA_LA_covariance_s15,phase2/results/predictions/full/electrode/tcn/seed_43/bandpass_n20004_cRA_LA_covariance_s15.npz,76359,4caffcd5bd6de339e40573f6987be27c3768c316a8c9a9365e5fdfbb597ad73e
tcn,electrode,43,bandpass_n20004_cRA_LA_covariance_s10,phase2/results/predictions/full/electrode/tcn/seed_43/bandpass_n20004_cRA_LA_covariance_s10.npz,76268,44cc784cc73b32bb875c35fb54a14a68ea81263d852a70321465b971e24a32da
tcn,electrode,43,bandpass_n20004_cRA_LA_covariance_s5,phase2/results/predictions/full/electrode/tcn/seed_43/bandpass_n20004_cRA_LA_covariance_s5.npz,76090,7b585834fa5d80910554406056affc4c1442a038039040d50447f78a481aed81
tcn,electrode,43,bandpass_n20004_cRA_LA_covariance_s0,phase2/results/predictions/full/electrode/tcn/seed_43/bandpass_n20004_cRA_LA_covariance_s0.npz,75656,e893b301cba2f65fb23db419a21f2f70c1daf4b30171433d84bee603f45cd017
tcn,electrode,43,bandpass_n20004_cLA_LL_independent_rms_s20,phase2/results/predictions/full/electrode/tcn/seed_43/bandpass_n20004_cLA_LL_independent_rms_s20.npz,76391,0c5d524b0b639c0191daf758b1b49a2ab5b98ddc0f35e0d3969d1ffe9276a9a1
tcn,electrode,43,bandpass_n20004_cLA_LL_independent_rms_s15,phase2/results/predictions/full/electrode/tcn/seed_43/bandpass_n20004_cLA_LL_independent_rms_s15.npz,76398,717c24bc65eab67219dc03a295cd2007f4ab362365aa84be27d168d6e8c86c61
tcn,electrode,43,bandpass_n20004_cLA_LL_independent_rms_s10,phase2/results/predictions/full/electrode/tcn/seed_43/bandpass_n20004_cLA_LL_independent_rms_s10.npz,76340,0c8b8027cc46c33cc2dc51b1a6d4d016b4eec86f1976a3183991974dc128ebda
tcn,electrode,43,bandpass_n20004_cLA_LL_independent_rms_s5,phase2/results/predictions/full/electrode/tcn/seed_43/bandpass_n20004_cLA_LL_independent_rms_s5.npz,76224,f63e5087f9875df1b9ed76181bdbacb1b186ce49a758bbd461c542f11c52d174
tcn,electrode,43,bandpass_n20004_cLA_LL_independent_rms_s0,phase2/results/predictions/full/electrode/tcn/seed_43/bandpass_n20004_cLA_LL_independent_rms_s0.npz,75961,e86ba8d726aa10a7c99a67ff9e8623d163cfa8ceb7de74ce84cddcfc03acbc09
tcn,electrode,43,bandpass_n20004_cLA_LL_electrode_s20,phase2/results/predictions/full/electrode/tcn/seed_43/bandpass_n20004_cLA_LL_electrode_s20.npz,76365,58b5905c4fcaf9f54fb93e3bd02db181bcebe8507e1d7bde0080f9613f700128
tcn,electrode,43,bandpass_n20004_cLA_LL_electrode_s15,phase2/results/predictions/full/electrode/tcn/seed_43/bandpass_n20004_cLA_LL_electrode_s15.npz,76383,acea9d9f66c1a3bade374a8a6d4d5ff6798f39f8067c3f6cdd1e463d5c40c1a6
tcn,electrode,43,bandpass_n20004_cLA_LL_electrode_s10,phase2/results/predictions/full/electrode/tcn/seed_43/bandpass_n20004_cLA_LL_electrode_s10.npz,76315,f2f2066a45818856bd942dc6246a392594c2a8a7d175653d4784c8f6acbaea6a
tcn,electrode,43,bandpass_n20004_cLA_LL_electrode_s5,phase2/results/predictions/full/electrode/tcn/seed_43/bandpass_n20004_cLA_LL_electrode_s5.npz,76165,a5ee788ebf0ac98414117b38a6083138bd8f15fb9b33d99578ca1dbde64cd241
tcn,electrode,43,bandpass_n20004_cLA_LL_electrode_s0,phase2/results/predictions/full/electrode/tcn/seed_43/bandpass_n20004_cLA_LL_electrode_s0.npz,75891,7e060b433587a17515f511e573ee9bf12b0a0f0ae8b8f5f1d5daa76cf61d7965
tcn,electrode,43,bandpass_n20004_cLA_LL_covariance_s20,phase2/results/predictions/full/electrode/tcn/seed_43/bandpass_n20004_cLA_LL_covariance_s20.npz,76373,1e77c0003fe5cfee3dff285620a964b4e56224495e104d57ad9d250fc63a59f7
tcn,electrode,43,bandpass_n20004_cLA_LL_covariance_s15,phase2/results/predictions/full/electrode/tcn/seed_43/bandpass_n20004_cLA_LL_covariance_s15.npz,76356,fa3475eb476339dd1658187267ba43c04dd16e33198c1093f0993dd679dbaba4
tcn,electrode,43,bandpass_n20004_cLA_LL_covariance_s10,phase2/results/predictions/full/electrode/tcn/seed_43/bandpass_n20004_cLA_LL_covariance_s10.npz,76329,c05d30f7a43302fce5296c3445fecb1b18cde1ead0c45dbd69cb42f619e9938c
tcn,electrode,43,bandpass_n20004_cLA_LL_covariance_s5,phase2/results/predictions/full/electrode/tcn/seed_43/bandpass_n20004_cLA_LL_covariance_s5.npz,76189,e88dda45821b7b3992b2dab7e0022c102472bdf9c87181e87f3f9c9e887a979c
tcn,electrode,43,bandpass_n20004_cLA_LL_covariance_s0,phase2/results/predictions/full/electrode/tcn/seed_43/bandpass_n20004_cLA_LL_covariance_s0.npz,75860,faff3d0d9d42b47529afe47ce3922fbcdb7413f17708f41cde935f56311267a0
tcn,electrode,43,bandpass_n20004_cRA_LL_independent_rms_s20,phase2/results/predictions/full/electrode/tcn/seed_43/bandpass_n20004_cRA_LL_independent_rms_s20.npz,76396,637d5c662a88c80f080a9412c87501542124c1f1b1768cd217953eba46022d9e
tcn,electrode,43,bandpass_n20004_cRA_LL_independent_rms_s15,phase2/results/predictions/full/electrode/tcn/seed_43/bandpass_n20004_cRA_LL_independent_rms_s15.npz,76394,7d2b557d8afdfbcc2917e9456adf6ad4c5b35e85a67ae928725d33d28363a287
tcn,electrode,43,bandpass_n20004_cRA_LL_independent_rms_s10,phase2/results/predictions/full/electrode/tcn/seed_43/bandpass_n20004_cRA_LL_independent_rms_s10.npz,76350,01ffd3e4ac526df1987a0c405d13dec597c6207ba0e4729bc380536d148abdd7
tcn,electrode,43,bandpass_n20004_cRA_LL_independent_rms_s5,phase2/results/predictions/full/electrode/tcn/seed_43/bandpass_n20004_cRA_LL_independent_rms_s5.npz,76218,4ce56e95c5d79117a7d2b8b1d926389882b87c932c4e06d8259d0f523ea93235
tcn,electrode,43,bandpass_n20004_cRA_LL_independent_rms_s0,phase2/results/predictions/full/electrode/tcn/seed_43/bandpass_n20004_cRA_LL_independent_rms_s0.npz,75987,525a65cfce2c84ab7f95946f49491b400669cf574ce7e9e8360896f1975cbd2f
tcn,electrode,43,bandpass_n20004_cRA_LL_electrode_s20,phase2/results/predictions/full/electrode/tcn/seed_43/bandpass_n20004_cRA_LL_electrode_s20.npz,76364,821c5639853cf8c34a57829fd35cb4271c68da5d7bf166a9d19d2f7232569b53
tcn,electrode,43,bandpass_n20004_cRA_LL_electrode_s15,phase2/results/predictions/full/electrode/tcn/seed_43/bandpass_n20004_cRA_LL_electrode_s15.npz,76342,d27c05ba4db1798e5907a9285c539531e9edc5d1dc136114f034cf0336e87e73
tcn,electrode,43,bandpass_n20004_cRA_LL_electrode_s10,phase2/results/predictions/full/electrode/tcn/seed_43/bandpass_n20004_cRA_LL_electrode_s10.npz,76259,5abdae9ef6fc1166fb48cee7804fca6d3064c890ec7ff572fff92e56258ce9d5
tcn,electrode,43,bandpass_n20004_cRA_LL_electrode_s5,phase2/results/predictions/full/electrode/tcn/seed_43/bandpass_n20004_cRA_LL_electrode_s5.npz,76080,daa65a19d139e77f96b61d0da9f439b775a4b58f79bd55d79f024d09d1b14d08
tcn,electrode,43,bandpass_n20004_cRA_LL_electrode_s0,phase2/results/predictions/full/electrode/tcn/seed_43/bandpass_n20004_cRA_LL_electrode_s0.npz,75576,6a419b949ffdef256a993ae122f3709af81a3e8b159c3ef0369456a1671b6fca
tcn,electrode,43,bandpass_n20004_cRA_LL_covariance_s20,phase2/results/predictions/full/electrode/tcn/seed_43/bandpass_n20004_cRA_LL_covariance_s20.npz,76335,a6dc8b852b7fdd484995f57303bb95d307527aa9a3ade8aa0afd56b7d8d228a0
tcn,electrode,43,bandpass_n20004_cRA_LL_covariance_s15,phase2/results/predictions/full/electrode/tcn/seed_43/bandpass_n20004_cRA_LL_covariance_s15.npz,76366,051b8c5bfbc5b6482ec0bfe636a9a3372ef7ce1bd783a29d00547cf38c66b4e0
tcn,electrode,43,bandpass_n20004_cRA_LL_covariance_s10,phase2/results/predictions/full/electrode/tcn/seed_43/bandpass_n20004_cRA_LL_covariance_s10.npz,76243,658de7409a58869bedfa5dc6b27554491b4e0d9225abde211f088d43b2d9a7b9
tcn,electrode,43,bandpass_n20004_cRA_LL_covariance_s5,phase2/results/predictions/full/electrode/tcn/seed_43/bandpass_n20004_cRA_LL_covariance_s5.npz,76111,3204a2082a1906e745e25e87f91fc23ed8163381a6d3c6eb0c31282b77a5e5e0
tcn,electrode,43,bandpass_n20004_cRA_LL_covariance_s0,phase2/results/predictions/full/electrode/tcn/seed_43/bandpass_n20004_cRA_LL_covariance_s0.npz,75616,5edccdb844aa4d85907a965a7f8aa08e969e17db355fb7fbb636455c722c8be0
tcn,electrode,43,bandpass_n20004_cRA_independent_rms_s20,phase2/results/predictions/full/electrode/tcn/seed_43/bandpass_n20004_cRA_independent_rms_s20.npz,76376,eb7ed00addc8c3eeb5d209ad0e5c5b3db8db4c1c0300d8e28b07e340c3037d5d
tcn,electrode,43,bandpass_n20004_cRA_independent_rms_s15,phase2/results/predictions/full/electrode/tcn/seed_43/bandpass_n20004_cRA_independent_rms_s15.npz,76398,1e28e6be610ea76052218d44b6170cfdb623f36556d2402eaaeed6f9541355a8
tcn,electrode,43,bandpass_n20004_cRA_independent_rms_s10,phase2/results/predictions/full/electrode/tcn/seed_43/bandpass_n20004_cRA_independent_rms_s10.npz,76329,942bd64dcfa4332fade5ca4e64334aeb04512a3505b46c4a535dc898a3acedd3
tcn,electrode,43,bandpass_n20004_cRA_independent_rms_s5,phase2/results/predictions/full/electrode/tcn/seed_43/bandpass_n20004_cRA_independent_rms_s5.npz,76224,9fa7378dc964bef07a8a1efa6f3ef1f65a18a764373e45bc02dd7a58f8829632
tcn,electrode,43,bandpass_n20004_cRA_independent_rms_s0,phase2/results/predictions/full/electrode/tcn/seed_43/bandpass_n20004_cRA_independent_rms_s0.npz,75985,0acbedf4c741dd7f4005a84fb77023efe982a03ba4dbb1a41db6bb7ff447d9f5
tcn,electrode,43,bandpass_n20004_cRA_electrode_s20,phase2/results/predictions/full/electrode/tcn/seed_43/bandpass_n20004_cRA_electrode_s20.npz,76363,efb66b030233632f014eef26827cb18a65820da0de0954749b9ebb7ba4ed654f
tcn,electrode,43,bandpass_n20004_cRA_electrode_s15,phase2/results/predictions/full/electrode/tcn/seed_43/bandpass_n20004_cRA_electrode_s15.npz,76352,f2fb52a8397c7f2e6e16c19d6bcad3f23d5359151fd7d15ad0003f9527230b71
tcn,electrode,43,bandpass_n20004_cRA_electrode_s10,phase2/results/predictions/full/electrode/tcn/seed_43/bandpass_n20004_cRA_electrode_s10.npz,76257,bc2a2b9f30c22b3e5820769309adf9667d199f758cfa943f2bcbd8a8e31f0c58
tcn,electrode,43,bandpass_n20004_cRA_electrode_s5,phase2/results/predictions/full/electrode/tcn/seed_43/bandpass_n20004_cRA_electrode_s5.npz,76043,de83bc9225c4db497ed141aad8e4d456e765ada2eed613e0981f735cf5eea1d7
tcn,electrode,43,bandpass_n20004_cRA_electrode_s0,phase2/results/predictions/full/electrode/tcn/seed_43/bandpass_n20004_cRA_electrode_s0.npz,75495,c26a287fb0d8c8db4daaddfa5c2ad0bfd6afc29c7e767230d19a6a3c7a1246ec
tcn,electrode,43,bandpass_n20004_cRA_covariance_s20,phase2/results/predictions/full/electrode/tcn/seed_43/bandpass_n20004_cRA_covariance_s20.npz,76380,f807d3483a4861c1afb6253061458b2a2a9078c30143079d2cc525c36066e87d
tcn,electrode,43,bandpass_n20004_cRA_covariance_s15,phase2/results/predictions/full/electrode/tcn/seed_43/bandpass_n20004_cRA_covariance_s15.npz,76371,77250691de59e099454847ca291fa7dbf4dcb1192a00261fc7398d9d6e3eae9a
tcn,electrode,43,bandpass_n20004_cRA_covariance_s10,phase2/results/predictions/full/electrode/tcn/seed_43/bandpass_n20004_cRA_covariance_s10.npz,76248,429f4e4599b185d1835aa68eefacc98776e617fba664170129a96414ba731671
tcn,electrode,43,bandpass_n20004_cRA_covariance_s5,phase2/results/predictions/full/electrode/tcn/seed_43/bandpass_n20004_cRA_covariance_s5.npz,76070,f65cbdd48e89a72958300dce62c0d30610fcff8bae2a57660bf98c5b9a2b5763
tcn,electrode,43,bandpass_n20004_cRA_covariance_s0,phase2/results/predictions/full/electrode/tcn/seed_43/bandpass_n20004_cRA_covariance_s0.npz,75539,4d3cf825f6220ef152dc17b906d649c76ed273aa08bb5e9789c5e87f870c6f0f
tcn,electrode,43,bandpass_n20004_cLA_independent_rms_s20,phase2/results/predictions/full/electrode/tcn/seed_43/bandpass_n20004_cLA_independent_rms_s20.npz,76356,404494fab3cc64d0d0d9e89d96a1136e25a58e983810b8c7291e64a0846630ba
tcn,electrode,43,bandpass_n20004_cLA_independent_rms_s15,phase2/results/predictions/full/electrode/tcn/seed_43/bandpass_n20004_cLA_independent_rms_s15.npz,76353,74bae2e282d3af0420d87e4806d846a128526534f853ad8ee3de4db0c6995d72
tcn,electrode,43,bandpass_n20004_cLA_independent_rms_s10,phase2/results/predictions/full/electrode/tcn/seed_43/bandpass_n20004_cLA_independent_rms_s10.npz,76300,81a626b002f0f160a8cd93e08a57d9ba0541ce21ffeba194901a19df87097d7a
tcn,electrode,43,bandpass_n20004_cLA_independent_rms_s5,phase2/results/predictions/full/electrode/tcn/seed_43/bandpass_n20004_cLA_independent_rms_s5.npz,76213,9aedc407c0fc138c3a80ef12ff93df2851861e8f5d71fb3908529287e87d293f
tcn,electrode,43,bandpass_n20004_cLA_independent_rms_s0,phase2/results/predictions/full/electrode/tcn/seed_43/bandpass_n20004_cLA_independent_rms_s0.npz,75984,326fdb84cb2a5ca553737e3445dcabe6bd6c2846ccddc15b4fe8bcfdb4dfeff8
tcn,electrode,43,bandpass_n20004_cLA_electrode_s20,phase2/results/predictions/full/electrode/tcn/seed_43/bandpass_n20004_cLA_electrode_s20.npz,76384,1f86c79ecb6ed89184e12c053925909f6cbf81dbbe90c6b32f2194dbcf7f93eb
tcn,electrode,43,bandpass_n20004_cLA_electrode_s15,phase2/results/predictions/full/electrode/tcn/seed_43/bandpass_n20004_cLA_electrode_s15.npz,76376,53a1ab0ccb4e984a4d499593477e0a052332bab94310f4afeb981acbdf5d41f9
tcn,electrode,43,bandpass_n20004_cLA_electrode_s10,phase2/results/predictions/full/electrode/tcn/seed_43/bandpass_n20004_cLA_electrode_s10.npz,76321,e64f6769946c5249a2b90e0b63f8bf9179068b338dca22a3985fb873d41b9112
tcn,electrode,43,bandpass_n20004_cLA_electrode_s5,phase2/results/predictions/full/electrode/tcn/seed_43/bandpass_n20004_cLA_electrode_s5.npz,76157,523abae4e70e9a6907a38dd07ae113bdfef1002a089e1f6b58d026097b6a20fe
tcn,electrode,43,bandpass_n20004_cLA_electrode_s0,phase2/results/predictions/full/electrode/tcn/seed_43/bandpass_n20004_cLA_electrode_s0.npz,75866,731a0a64b0a2250b023aa284e1a70f63eb6f0bf8c79306b45ec5358f430fa6f2
tcn,electrode,43,bandpass_n20004_cLA_covariance_s20,phase2/results/predictions/full/electrode/tcn/seed_43/bandpass_n20004_cLA_covariance_s20.npz,76394,7c8f98ccf424f072277112733cb1995aec775ddcbb1a6a9724f771b028a05ad9
tcn,electrode,43,bandpass_n20004_cLA_covariance_s15,phase2/results/predictions/full/electrode/tcn/seed_43/bandpass_n20004_cLA_covariance_s15.npz,76366,aa9ce1c3ac3573df8d7a12f9939fd4ef09d16a20475e508dd81518797de49155
tcn,electrode,43,bandpass_n20004_cLA_covariance_s10,phase2/results/predictions/full/electrode/tcn/seed_43/bandpass_n20004_cLA_covariance_s10.npz,76325,e93feab8bd8459831fadfc47b64e8b7f06c5e1b131c529b34dc6a0723d1af843
tcn,electrode,43,bandpass_n20004_cLA_covariance_s5,phase2/results/predictions/full/electrode/tcn/seed_43/bandpass_n20004_cLA_covariance_s5.npz,76202,0722b2c7b7a1d7328909ca4f965ca0b52fa6d5bedf265ef643a132f577c58be8
tcn,electrode,43,bandpass_n20004_cLA_covariance_s0,phase2/results/predictions/full/electrode/tcn/seed_43/bandpass_n20004_cLA_covariance_s0.npz,75866,c4e7e8ceffca5e7bed0e9cc74cc85519337d34a1fdbd4cc19af1a74d848a377e
tcn,electrode,43,bandpass_n20004_cLL_independent_rms_s20,phase2/results/predictions/full/electrode/tcn/seed_43/bandpass_n20004_cLL_independent_rms_s20.npz,76381,d52e2f01fef0e081076dbaed3bd10946534466e7fbf5e864563b0f4c1f9491ce
tcn,electrode,43,bandpass_n20004_cLL_independent_rms_s15,phase2/results/predictions/full/electrode/tcn/seed_43/bandpass_n20004_cLL_independent_rms_s15.npz,76370,4d305d5b5b04a6328da7014cf4a140d1bce7c01d634e22a0849fe325d1ba5742
tcn,electrode,43,bandpass_n20004_cLL_independent_rms_s10,phase2/results/predictions/full/electrode/tcn/seed_43/bandpass_n20004_cLL_independent_rms_s10.npz,76340,a7a0d5f8422dcec3bd6beb773deb9af8be5ae7ff9c82da6ba3d5e9c7f8d6fc15
tcn,electrode,43,bandpass_n20004_cLL_independent_rms_s5,phase2/results/predictions/full/electrode/tcn/seed_43/bandpass_n20004_cLL_independent_rms_s5.npz,76232,b3e83b8ac4ed6708b888e5f2b2557c35dab8e0007f7311fd5a3f063ae884a507
tcn,electrode,43,bandpass_n20004_cLL_independent_rms_s0,phase2/results/predictions/full/electrode/tcn/seed_43/bandpass_n20004_cLL_independent_rms_s0.npz,75957,e4f204e5c079755ae1d6baf5dde1d22b510d615711c7e1d6f509d979e15455fe
tcn,electrode,43,bandpass_n20004_cLL_electrode_s20,phase2/results/predictions/full/electrode/tcn/seed_43/bandpass_n20004_cLL_electrode_s20.npz,76335,315f224470bc0f0d0efb1f18e13a432e5492f5c776d4433ee64eb0b8035b0431
tcn,electrode,43,bandpass_n20004_cLL_electrode_s15,phase2/results/predictions/full/electrode/tcn/seed_43/bandpass_n20004_cLL_electrode_s15.npz,76347,03dd816eb389ff58314ac505b8c6c68e8b1f8c9ba0d2d9dc100bf7125e062ade
tcn,electrode,43,bandpass_n20004_cLL_electrode_s10,phase2/results/predictions/full/electrode/tcn/seed_43/bandpass_n20004_cLL_electrode_s10.npz,76281,9dd2040b5390235b9fea30744cb8b855e33d251d40f99738ac96c67ac81962a1
tcn,electrode,43,bandpass_n20004_cLL_electrode_s5,phase2/results/predictions/full/electrode/tcn/seed_43/bandpass_n20004_cLL_electrode_s5.npz,76118,84e94afe4a02a6ec6ed7e0ca49bab7d98cef5bbdc681b17eb17dc6c12ad96610
tcn,electrode,43,bandpass_n20004_cLL_electrode_s0,phase2/results/predictions/full/electrode/tcn/seed_43/bandpass_n20004_cLL_electrode_s0.npz,75851,1d279d6c9be51e1714fb00aec91472000f8899d8e3899d9e920e8cca89129d16
tcn,electrode,43,bandpass_n20004_cLL_covariance_s20,phase2/results/predictions/full/electrode/tcn/seed_43/bandpass_n20004_cLL_covariance_s20.npz,76370,d29c2a361484a02380acb7bf63285f699717fae2f9ff24e884dee0e97852c1b7
tcn,electrode,43,bandpass_n20004_cLL_covariance_s15,phase2/results/predictions/full/electrode/tcn/seed_43/bandpass_n20004_cLL_covariance_s15.npz,76367,091e3eb311de0d50fd79dd6042acce292836acc3c302623305eba7aa32622914
tcn,electrode,43,bandpass_n20004_cLL_covariance_s10,phase2/results/predictions/full/electrode/tcn/seed_43/bandpass_n20004_cLL_covariance_s10.npz,76312,2c3841609ca1addc981ce3433e5ab1c6b79bef13f5fbc1c73a10668a0dbdc140
tcn,electrode,43,bandpass_n20004_cLL_covariance_s5,phase2/results/predictions/full/electrode/tcn/seed_43/bandpass_n20004_cLL_covariance_s5.npz,76124,3c8331a97e9cb4975a5182580dda72a093762ca863e4573fe8140f1fd53f6b04
tcn,electrode,43,bandpass_n20004_cLL_covariance_s0,phase2/results/predictions/full/electrode/tcn/seed_43/bandpass_n20004_cLL_covariance_s0.npz,75871,2f40c3f7076b65f9a5bc122ab30869ea9f98d8d093fed8cae16b8be3a7937257
tcn,electrode,43,bandpass_n20004_cRA_V1_independent_rms_s20,phase2/results/predictions/full/electrode/tcn/seed_43/bandpass_n20004_cRA_V1_independent_rms_s20.npz,76427,a6ca4fd1971e945d413f7f4898fcfcb717dc47eebecb3538ba9a2010a4d11cc0
tcn,electrode,43,bandpass_n20004_cRA_V1_independent_rms_s15,phase2/results/predictions/full/electrode/tcn/seed_43/bandpass_n20004_cRA_V1_independent_rms_s15.npz,76378,6eaceb59ec15421a136f7b1c90afab62d786bfe89e676feca6f6fbc9091e59fe
tcn,electrode,43,bandpass_n20004_cRA_V1_independent_rms_s10,phase2/results/predictions/full/electrode/tcn/seed_43/bandpass_n20004_cRA_V1_independent_rms_s10.npz,76385,53dabd736590c7880017acf45bf321a91986cc589660b6d08db9bdaae65f85ad
tcn,electrode,43,bandpass_n20004_cRA_V1_independent_rms_s5,phase2/results/predictions/full/electrode/tcn/seed_43/bandpass_n20004_cRA_V1_independent_rms_s5.npz,76185,c10c241ee089b1a8bc510a604e3fe4b9eafcb71127653e234e18f183ef6a4119
tcn,electrode,43,bandpass_n20004_cRA_V1_independent_rms_s0,phase2/results/predictions/full/electrode/tcn/seed_43/bandpass_n20004_cRA_V1_independent_rms_s0.npz,75965,fd2205b57a26bacc013c84658d1fc3be8a21683ed72df11ce2e3f2f71452c1bd
tcn,electrode,43,bandpass_n20004_cRA_V1_electrode_s20,phase2/results/predictions/full/electrode/tcn/seed_43/bandpass_n20004_cRA_V1_electrode_s20.npz,76357,a6d8864e2229e1e7f8b98b794ea5576729a61b842ff728595e8b9bae3b6913b7
tcn,electrode,43,bandpass_n20004_cRA_V1_electrode_s15,phase2/results/predictions/full/electrode/tcn/seed_43/bandpass_n20004_cRA_V1_electrode_s15.npz,76374,e6291f3d732d66e3c8925ce689effd79474f4275caf4ce1ad7191cf250d04dc2
tcn,electrode,43,bandpass_n20004_cRA_V1_electrode_s10,phase2/results/predictions/full/electrode/tcn/seed_43/bandpass_n20004_cRA_V1_electrode_s10.npz,76287,953d5f460d1280aecf33eca6ebdc31c4a1091345451a3755f11424ee66559aff
tcn,electrode,43,bandpass_n20004_cRA_V1_electrode_s5,phase2/results/predictions/full/electrode/tcn/seed_43/bandpass_n20004_cRA_V1_electrode_s5.npz,76064,bbe71c312500336fa5fb18173f6d19b85869fa768dc0acf698b486cd0e8716d4
tcn,electrode,43,bandpass_n20004_cRA_V1_electrode_s0,phase2/results/predictions/full/electrode/tcn/seed_43/bandpass_n20004_cRA_V1_electrode_s0.npz,75538,36bf75c86a26d0f7892396cb31a064efba1d6e8c4d5071fc7a3bf9ca67c9990a
tcn,electrode,43,bandpass_n20004_cRA_V1_covariance_s20,phase2/results/predictions/full/electrode/tcn/seed_43/bandpass_n20004_cRA_V1_covariance_s20.npz,76378,01a39ab98190bb0b626440cf3c72f607830df73504908f46fb6842fd5c4641d6
tcn,electrode,43,bandpass_n20004_cRA_V1_covariance_s15,phase2/results/predictions/full/electrode/tcn/seed_43/bandpass_n20004_cRA_V1_covariance_s15.npz,76340,e80f32e6296f0fc4955ee3d54c3c25df6baef9c352a4c8107903e4ecc6f285bf
tcn,electrode,43,bandpass_n20004_cRA_V1_covariance_s10,phase2/results/predictions/full/electrode/tcn/seed_43/bandpass_n20004_cRA_V1_covariance_s10.npz,76252,7060131bb4ef781eb5608b193b8acc16cc3581fc0242ad9e3b1ec66195f85351
tcn,electrode,43,bandpass_n20004_cRA_V1_covariance_s5,phase2/results/predictions/full/electrode/tcn/seed_43/bandpass_n20004_cRA_V1_covariance_s5.npz,76082,253e4185cace2a56d056b33bd135951a36ba6ab27dbad9dec925364504f51816
tcn,electrode,43,bandpass_n20004_cRA_V1_covariance_s0,phase2/results/predictions/full/electrode/tcn/seed_43/bandpass_n20004_cRA_V1_covariance_s0.npz,75526,e16fdb0cfc9535ba817d23bd0f5c160c422a5141b6155d3e550b303f3c99cc4d
tcn,electrode,43,bandpass_n20004_cLA_V6_independent_rms_s20,phase2/results/predictions/full/electrode/tcn/seed_43/bandpass_n20004_cLA_V6_independent_rms_s20.npz,76408,94b69f9a899ba1cf173056307737d9fac39abc3957629097b3200d5f9fee8843
tcn,electrode,43,bandpass_n20004_cLA_V6_independent_rms_s15,phase2/results/predictions/full/electrode/tcn/seed_43/bandpass_n20004_cLA_V6_independent_rms_s15.npz,76353,1b55c75a250706d9b3d74abfa5f04b4b48d155ecdaa8210cddf3d4fa12417d00
tcn,electrode,43,bandpass_n20004_cLA_V6_independent_rms_s10,phase2/results/predictions/full/electrode/tcn/seed_43/bandpass_n20004_cLA_V6_independent_rms_s10.npz,76329,8e6854a3db90a25826b2d8e681cfcc73f617f7befa516348ab6c0afc3f23c49c
tcn,electrode,43,bandpass_n20004_cLA_V6_independent_rms_s5,phase2/results/predictions/full/electrode/tcn/seed_43/bandpass_n20004_cLA_V6_independent_rms_s5.npz,76235,65924609af2a531fee7b9802e699a4635ec7f9e8b9c7f4447611f84f05c7b437
tcn,electrode,43,bandpass_n20004_cLA_V6_independent_rms_s0,phase2/results/predictions/full/electrode/tcn/seed_43/bandpass_n20004_cLA_V6_independent_rms_s0.npz,75977,f4a99b330286c2dfc05921d6c9d4d8ce6cb118955e50f73e251edb5cadbc1a61
tcn,electrode,43,bandpass_n20004_cLA_V6_electrode_s20,phase2/results/predictions/full/electrode/tcn/seed_43/bandpass_n20004_cLA_V6_electrode_s20.npz,76383,29224dfcb2de86a97dc208b4094cf9ae321191feab79db0eb796f6f12495a9d3
tcn,electrode,43,bandpass_n20004_cLA_V6_electrode_s15,phase2/results/predictions/full/electrode/tcn/seed_43/bandpass_n20004_cLA_V6_electrode_s15.npz,76377,8b7bf75eb3477e6cb2f9dad203e53df260ef677af9f5ed303d9c34352fd6819a
tcn,electrode,43,bandpass_n20004_cLA_V6_electrode_s10,phase2/results/predictions/full/electrode/tcn/seed_43/bandpass_n20004_cLA_V6_electrode_s10.npz,76342,46f280168e566231af6d8aeb66886aebfcecd2e9c18e7013bf493f3e0c8211ad
tcn,electrode,43,bandpass_n20004_cLA_V6_electrode_s5,phase2/results/predictions/full/electrode/tcn/seed_43/bandpass_n20004_cLA_V6_electrode_s5.npz,76209,fdfd791611562bef3a8837ade3c96fadc2cccc842b012eff0cbcf838e93a9d9d
tcn,electrode,43,bandpass_n20004_cLA_V6_electrode_s0,phase2/results/predictions/full/electrode/tcn/seed_43/bandpass_n20004_cLA_V6_electrode_s0.npz,75871,88354ce538960d4c22215634f52fd86473546c92dbc3f5c8c3d41cfb35a31130
tcn,electrode,43,bandpass_n20004_cLA_V6_covariance_s20,phase2/results/predictions/full/electrode/tcn/seed_43/bandpass_n20004_cLA_V6_covariance_s20.npz,76398,f1c20e032c31fdd96743510b0599fdca4a06d7226566e1de85d785260678f726
tcn,electrode,43,bandpass_n20004_cLA_V6_covariance_s15,phase2/results/predictions/full/electrode/tcn/seed_43/bandpass_n20004_cLA_V6_covariance_s15.npz,76381,07cc6cb108ee9cbc2e8af523a9e32ae74b749e324d20b5e32315da2849c4ee22
tcn,electrode,43,bandpass_n20004_cLA_V6_covariance_s10,phase2/results/predictions/full/electrode/tcn/seed_43/bandpass_n20004_cLA_V6_covariance_s10.npz,76334,f4c8d899eadb42287df0a195221e2a1f04e886b3eeebc18634e23e6251c1509b
tcn,electrode,43,bandpass_n20004_cLA_V6_covariance_s5,phase2/results/predictions/full/electrode/tcn/seed_43/bandpass_n20004_cLA_V6_covariance_s5.npz,76184,11cf858d9bef035a2e8cffb63271bb1f03fa5fd23f276870fb5033364d8f6485
tcn,electrode,43,bandpass_n20004_cLA_V6_covariance_s0,phase2/results/predictions/full/electrode/tcn/seed_43/bandpass_n20004_cLA_V6_covariance_s0.npz,75892,df05d4b67beea19104a5f8216e36ada93a07b7c021014d151ed3c00986aa79a4
tcn,electrode,43,bandpass_n20004_cLL_V4_independent_rms_s20,phase2/results/predictions/full/electrode/tcn/seed_43/bandpass_n20004_cLL_V4_independent_rms_s20.npz,76385,98c711d83eb3a8d1ec45a1c2ebd73fe3f76c6a4fe6728bcb52996396c59afa8e
tcn,electrode,43,bandpass_n20004_cLL_V4_independent_rms_s15,phase2/results/predictions/full/electrode/tcn/seed_43/bandpass_n20004_cLL_V4_independent_rms_s15.npz,76403,ad54e9bd12d1aeebeecd93802ba1091d4985f486f25d6ffe36537e3a7becce65
tcn,electrode,43,bandpass_n20004_cLL_V4_independent_rms_s10,phase2/results/predictions/full/electrode/tcn/seed_43/bandpass_n20004_cLL_V4_independent_rms_s10.npz,76365,ff64796dcfbeafcff8f38398fa0a763cd977007c696a4d6687c259ec45157885
tcn,electrode,43,bandpass_n20004_cLL_V4_independent_rms_s5,phase2/results/predictions/full/electrode/tcn/seed_43/bandpass_n20004_cLL_V4_independent_rms_s5.npz,76237,aa7318d4ffc77084f0a4b5d1136013cd5741f4781d7e7274391d72fa94aa5113
tcn,electrode,43,bandpass_n20004_cLL_V4_independent_rms_s0,phase2/results/predictions/full/electrode/tcn/seed_43/bandpass_n20004_cLL_V4_independent_rms_s0.npz,76014,0c783d9090921c73e1e5a77c11db9228c16ce2602ee06a73a4f823654dcf4d5f
tcn,electrode,43,bandpass_n20004_cLL_V4_electrode_s20,phase2/results/predictions/full/electrode/tcn/seed_43/bandpass_n20004_cLL_V4_electrode_s20.npz,76380,2fb62f3882f835ee84a93fc2f7cd41ad80faf2ff05daa624ee629004aad780bc
tcn,electrode,43,bandpass_n20004_cLL_V4_electrode_s15,phase2/results/predictions/full/electrode/tcn/seed_43/bandpass_n20004_cLL_V4_electrode_s15.npz,76362,af8991e91d89dd657d7908abf8c39bd1dd36d323281095a895d75854dedce7ae
tcn,electrode,43,bandpass_n20004_cLL_V4_electrode_s10,phase2/results/predictions/full/electrode/tcn/seed_43/bandpass_n20004_cLL_V4_electrode_s10.npz,76312,e1d25fb8db463b3870a9cc7e9775d5b25e7f65f7495b524d22b6f517644d7876
tcn,electrode,43,bandpass_n20004_cLL_V4_electrode_s5,phase2/results/predictions/full/electrode/tcn/seed_43/bandpass_n20004_cLL_V4_electrode_s5.npz,76195,621fe1cff5c0ea9bac0a472dac8f9ad1245a52d326554a2b32940706de9ad267
tcn,electrode,43,bandpass_n20004_cLL_V4_electrode_s0,phase2/results/predictions/full/electrode/tcn/seed_43/bandpass_n20004_cLL_V4_electrode_s0.npz,75869,acf35cdb8752013daf7fc2212fbcfa4dc6421f7ecd1c24b69f7019ccdc109f0a
tcn,electrode,43,bandpass_n20004_cLL_V4_covariance_s20,phase2/results/predictions/full/electrode/tcn/seed_43/bandpass_n20004_cLL_V4_covariance_s20.npz,76392,eaa319ba82f3ed4efe46775ed0a51f716b27e7403b3e5e405ea6a3093ceb98f7
tcn,electrode,43,bandpass_n20004_cLL_V4_covariance_s15,phase2/results/predictions/full/electrode/tcn/seed_43/bandpass_n20004_cLL_V4_covariance_s15.npz,76373,17c566204c73e9c04034176b7a5a86febef578b15c8ae85cf4041e75f606c33a
tcn,electrode,43,bandpass_n20004_cLL_V4_covariance_s10,phase2/results/predictions/full/electrode/tcn/seed_43/bandpass_n20004_cLL_V4_covariance_s10.npz,76329,0c3dc78f3c0de99f116303444ac67be275e81798016c40a68e712dfc4d2c5cc1
tcn,electrode,43,bandpass_n20004_cLL_V4_covariance_s5,phase2/results/predictions/full/electrode/tcn/seed_43/bandpass_n20004_cLL_V4_covariance_s5.npz,76178,292b52573cea9e59cd7e32cf37ec530a48f907c334dc541fcaa346978e9549fb
tcn,electrode,43,bandpass_n20004_cLL_V4_covariance_s0,phase2/results/predictions/full/electrode/tcn/seed_43/bandpass_n20004_cLL_V4_covariance_s0.npz,75881,ecb3e0f8b0efa97eea0e6221a94c66170f48620ecd2a8d31e4be6e764af309e6
tcn,electrode,43,bandpass_n20004_cRA_LA_V1_V6_independent_rms_s20,phase2/results/predictions/full/electrode/tcn/seed_43/bandpass_n20004_cRA_LA_V1_V6_independent_rms_s20.npz,76431,b03b1abf84840eac64bf65a26f3aebea89ae42b370652f28f20e739fc993731b
tcn,electrode,43,bandpass_n20004_cRA_LA_V1_V6_independent_rms_s15,phase2/results/predictions/full/electrode/tcn/seed_43/bandpass_n20004_cRA_LA_V1_V6_independent_rms_s15.npz,76397,aa9896d264df3eee8086fb62cdb99d2fe68172051669c0a63356b14b50434c2e
tcn,electrode,43,bandpass_n20004_cRA_LA_V1_V6_independent_rms_s10,phase2/results/predictions/full/electrode/tcn/seed_43/bandpass_n20004_cRA_LA_V1_V6_independent_rms_s10.npz,76346,ca05f7f37e7e062c3e18a3314f1393fdc2f142322d5d6cdde04414a9c0014740
tcn,electrode,43,bandpass_n20004_cRA_LA_V1_V6_independent_rms_s5,phase2/results/predictions/full/electrode/tcn/seed_43/bandpass_n20004_cRA_LA_V1_V6_independent_rms_s5.npz,76248,734f5a0b0a01f8a3bb2b785c898e6d85edcd62e6d18d5d9b0f258be71142a12e
tcn,electrode,43,bandpass_n20004_cRA_LA_V1_V6_independent_rms_s0,phase2/results/predictions/full/electrode/tcn/seed_43/bandpass_n20004_cRA_LA_V1_V6_independent_rms_s0.npz,75995,12af1f84ee3671bfecf4a726f9a5a2e89ccce815bda8491372649bdcc1c520c9
tcn,electrode,43,bandpass_n20004_cRA_LA_V1_V6_electrode_s20,phase2/results/predictions/full/electrode/tcn/seed_43/bandpass_n20004_cRA_LA_V1_V6_electrode_s20.npz,76411,441ddaad633c6387488839c3ff8fd06f73c83b180d3143c70a7904d7d15088f2
tcn,electrode,43,bandpass_n20004_cRA_LA_V1_V6_electrode_s15,phase2/results/predictions/full/electrode/tcn/seed_43/bandpass_n20004_cRA_LA_V1_V6_electrode_s15.npz,76409,5a172a561795198980c9b0b79cc9f3b4b3015081c07947714c33212229c93641
tcn,electrode,43,bandpass_n20004_cRA_LA_V1_V6_electrode_s10,phase2/results/predictions/full/electrode/tcn/seed_43/bandpass_n20004_cRA_LA_V1_V6_electrode_s10.npz,76292,abfb0d03685650a5bf772ece36744e903675dbc28579a8e089b33f15a8dcfb73
tcn,electrode,43,bandpass_n20004_cRA_LA_V1_V6_electrode_s5,phase2/results/predictions/full/electrode/tcn/seed_43/bandpass_n20004_cRA_LA_V1_V6_electrode_s5.npz,76147,ffea8fd7d71a488428719b012e017bf705e4d90ab90237efc34a243df1585b02
tcn,electrode,43,bandpass_n20004_cRA_LA_V1_V6_electrode_s0,phase2/results/predictions/full/electrode/tcn/seed_43/bandpass_n20004_cRA_LA_V1_V6_electrode_s0.npz,75673,6c0853d36bd32a0c7404ac44686d27362941694ea1d9074b7db922e29b3874e3
tcn,electrode,43,bandpass_n20004_cRA_LA_V1_V6_covariance_s20,phase2/results/predictions/full/electrode/tcn/seed_43/bandpass_n20004_cRA_LA_V1_V6_covariance_s20.npz,76387,cee4d2f058589e25dbf5cad7fb192ea358aaa374bca2f33d53c6a37cad04bc83
tcn,electrode,43,bandpass_n20004_cRA_LA_V1_V6_covariance_s15,phase2/results/predictions/full/electrode/tcn/seed_43/bandpass_n20004_cRA_LA_V1_V6_covariance_s15.npz,76375,a118e04152be6a426df6fe3e4392b1cd4046aecb954371e9cec73b2d37c22dd5
tcn,electrode,43,bandpass_n20004_cRA_LA_V1_V6_covariance_s10,phase2/results/predictions/full/electrode/tcn/seed_43/bandpass_n20004_cRA_LA_V1_V6_covariance_s10.npz,76282,89651a4f6b405dd6c19a23f59181760ec2201bb4a4302b49e4fc4e76e9e9f94c
tcn,electrode,43,bandpass_n20004_cRA_LA_V1_V6_covariance_s5,phase2/results/predictions/full/electrode/tcn/seed_43/bandpass_n20004_cRA_LA_V1_V6_covariance_s5.npz,76145,8ab298dd10ec1fd92fd5eeef06351aaf6ae1e7cf8bc761f01b7240c94c20ba14
tcn,electrode,43,bandpass_n20004_cRA_LA_V1_V6_covariance_s0,phase2/results/predictions/full/electrode/tcn/seed_43/bandpass_n20004_cRA_LA_V1_V6_covariance_s0.npz,75726,a2e7fcf5e1ff84f114d30faa0daf5e99dddba654f3c6987a12773f69f0092f69
tcn,electrode,43,bandpass_n20004_cRA_V2_V5_independent_rms_s20,phase2/results/predictions/full/electrode/tcn/seed_43/bandpass_n20004_cRA_V2_V5_independent_rms_s20.npz,76411,3b9e04ab52fce633db6a61c97d49bd9e95fe2e46d60389aad6fe6975dc8cae27
tcn,electrode,43,bandpass_n20004_cRA_V2_V5_independent_rms_s15,phase2/results/predictions/full/electrode/tcn/seed_43/bandpass_n20004_cRA_V2_V5_independent_rms_s15.npz,76414,2f851ee98038539593cb9bc8004f3fd8ec9ba6170cb95e7d85110406296e3de1
tcn,electrode,43,bandpass_n20004_cRA_V2_V5_independent_rms_s10,phase2/results/predictions/full/electrode/tcn/seed_43/bandpass_n20004_cRA_V2_V5_independent_rms_s10.npz,76334,bf37e67c35b7a9057259034a89f11094f76af89da08384c1930e9c81a3befc0f
tcn,electrode,43,bandpass_n20004_cRA_V2_V5_independent_rms_s5,phase2/results/predictions/full/electrode/tcn/seed_43/bandpass_n20004_cRA_V2_V5_independent_rms_s5.npz,76257,ce3ca2b57e6d053067f43cac57a652504f3efcc64f85d754f23d25493cca5c4d
tcn,electrode,43,bandpass_n20004_cRA_V2_V5_independent_rms_s0,phase2/results/predictions/full/electrode/tcn/seed_43/bandpass_n20004_cRA_V2_V5_independent_rms_s0.npz,76008,aa562a3e351554d2cc5f000c0761d511f35e4f882a75719eda96efbeeafcf044
tcn,electrode,43,bandpass_n20004_cRA_V2_V5_electrode_s20,phase2/results/predictions/full/electrode/tcn/seed_43/bandpass_n20004_cRA_V2_V5_electrode_s20.npz,76421,271d4b1b60f0bc815aaa1af0322ef0085908ff0b7da8fff6d52db2f004c5f1cd
tcn,electrode,43,bandpass_n20004_cRA_V2_V5_electrode_s15,phase2/results/predictions/full/electrode/tcn/seed_43/bandpass_n20004_cRA_V2_V5_electrode_s15.npz,76361,cc41a843ea1cd15c655e28cf3fc42629ee1b6de371a8b78f49377c7ed158ecff
tcn,electrode,43,bandpass_n20004_cRA_V2_V5_electrode_s10,phase2/results/predictions/full/electrode/tcn/seed_43/bandpass_n20004_cRA_V2_V5_electrode_s10.npz,76281,8b5dbdaed8891f8c061f95f370a0b47189726136a1c61e650a50a4d1663a75d3
tcn,electrode,43,bandpass_n20004_cRA_V2_V5_electrode_s5,phase2/results/predictions/full/electrode/tcn/seed_43/bandpass_n20004_cRA_V2_V5_electrode_s5.npz,76117,e90ab069acacb8588d0ac3d891e6d3f9dbea58bb4c066de283e25342962f7f02
tcn,electrode,43,bandpass_n20004_cRA_V2_V5_electrode_s0,phase2/results/predictions/full/electrode/tcn/seed_43/bandpass_n20004_cRA_V2_V5_electrode_s0.npz,75670,bc7b100248ab87864c60220d1ee36169f4780067d0fa19353722efa55449550d
tcn,electrode,43,bandpass_n20004_cRA_V2_V5_covariance_s20,phase2/results/predictions/full/electrode/tcn/seed_43/bandpass_n20004_cRA_V2_V5_covariance_s20.npz,76360,abb1ec8845653a133f261a8b457d98e1ed1d3888b651b35711b0028797ae9781
tcn,electrode,43,bandpass_n20004_cRA_V2_V5_covariance_s15,phase2/results/predictions/full/electrode/tcn/seed_43/bandpass_n20004_cRA_V2_V5_covariance_s15.npz,76335,4bb8f0b2e159ebe06408efaa05b76b0b366e89715a72123ff71955a9ee84dffd
tcn,electrode,43,bandpass_n20004_cRA_V2_V5_covariance_s10,phase2/results/predictions/full/electrode/tcn/seed_43/bandpass_n20004_cRA_V2_V5_covariance_s10.npz,76279,1c4e7f6cc03299b7eb9f3d560ac17781dea12f80d46f0e47c92774df9bbf3455
tcn,electrode,43,bandpass_n20004_cRA_V2_V5_covariance_s5,phase2/results/predictions/full/electrode/tcn/seed_43/bandpass_n20004_cRA_V2_V5_covariance_s5.npz,76087,269892a4787ae2edb5367e24ba19ee98b370733ac5e6b92a39fd817ecff6b08d
tcn,electrode,43,bandpass_n20004_cRA_V2_V5_covariance_s0,phase2/results/predictions/full/electrode/tcn/seed_43/bandpass_n20004_cRA_V2_V5_covariance_s0.npz,75655,e57865dc584ccfd8efd01d083d53e11ec115b7ca38650848c7ceb9b9e753d733
tcn,electrode,43,bandpass_n20004_cLA_V3_V6_independent_rms_s20,phase2/results/predictions/full/electrode/tcn/seed_43/bandpass_n20004_cLA_V3_V6_independent_rms_s20.npz,76416,fcde6968f500883b2b8c9a33e26a23c50c1e14ac32c5ba5d889133f5e9fbec30
tcn,electrode,43,bandpass_n20004_cLA_V3_V6_independent_rms_s15,phase2/results/predictions/full/electrode/tcn/seed_43/bandpass_n20004_cLA_V3_V6_independent_rms_s15.npz,76377,9cf3e298a23064e63b58c64cc2ef75c1b58827051e21bd479538269692aa7dfe
tcn,electrode,43,bandpass_n20004_cLA_V3_V6_independent_rms_s10,phase2/results/predictions/full/electrode/tcn/seed_43/bandpass_n20004_cLA_V3_V6_independent_rms_s10.npz,76329,535077a6f305da1e0145efc5e172394c9ee1b978983354a45a70bad472bf8213
tcn,electrode,43,bandpass_n20004_cLA_V3_V6_independent_rms_s5,phase2/results/predictions/full/electrode/tcn/seed_43/bandpass_n20004_cLA_V3_V6_independent_rms_s5.npz,76251,8fecb275c69cc3bc0aa3d56020378517872d202e52396e0d2094bff6270202b9
tcn,electrode,43,bandpass_n20004_cLA_V3_V6_independent_rms_s0,phase2/results/predictions/full/electrode/tcn/seed_43/bandpass_n20004_cLA_V3_V6_independent_rms_s0.npz,76020,65804122ea8d9fb340bac058bad01e4653dd61693a9e4a012238b7c164f35ac3
tcn,electrode,43,bandpass_n20004_cLA_V3_V6_electrode_s20,phase2/results/predictions/full/electrode/tcn/seed_43/bandpass_n20004_cLA_V3_V6_electrode_s20.npz,76416,5fccebdead797342f089b7432cbd439237e0d8ebfb0c6923956c766b99f3a810
tcn,electrode,43,bandpass_n20004_cLA_V3_V6_electrode_s15,phase2/results/predictions/full/electrode/tcn/seed_43/bandpass_n20004_cLA_V3_V6_electrode_s15.npz,76383,b49c0049dc9f6df8a386f2d6a86cb6d76480b88abeb9ace1ca116058f2e13b46
tcn,electrode,43,bandpass_n20004_cLA_V3_V6_electrode_s10,phase2/results/predictions/full/electrode/tcn/seed_43/bandpass_n20004_cLA_V3_V6_electrode_s10.npz,76331,8774fd624cd90a1d312494b205e46ffd58ef3218bf5f6dfe585a56be53f168f9
tcn,electrode,43,bandpass_n20004_cLA_V3_V6_electrode_s5,phase2/results/predictions/full/electrode/tcn/seed_43/bandpass_n20004_cLA_V3_V6_electrode_s5.npz,76236,0e298ac18f62d7076cd51c3438c8d84a6fce5da347a45dabcff0e91fd1c2b9e8
tcn,electrode,43,bandpass_n20004_cLA_V3_V6_electrode_s0,phase2/results/predictions/full/electrode/tcn/seed_43/bandpass_n20004_cLA_V3_V6_electrode_s0.npz,75931,2636cfe03474de1052861fce4a85e60595ff93a3d2c839b21c48ce63974880cf
tcn,electrode,43,bandpass_n20004_cLA_V3_V6_covariance_s20,phase2/results/predictions/full/electrode/tcn/seed_43/bandpass_n20004_cLA_V3_V6_covariance_s20.npz,76399,d474cd355cdd53b3c900105f8fe149542ba49fba9180b9a72004399a6cb93898
tcn,electrode,43,bandpass_n20004_cLA_V3_V6_covariance_s15,phase2/results/predictions/full/electrode/tcn/seed_43/bandpass_n20004_cLA_V3_V6_covariance_s15.npz,76361,69ec2142a20a04296fca0813576f2e9d51cdc2f338f555256cda6651dcf9b1b3
tcn,electrode,43,bandpass_n20004_cLA_V3_V6_covariance_s10,phase2/results/predictions/full/electrode/tcn/seed_43/bandpass_n20004_cLA_V3_V6_covariance_s10.npz,76359,51e31fc1041fe7c2d00ec8e7f75ce5d59ee83db379ecec43b6b573b8b77e213e
tcn,electrode,43,bandpass_n20004_cLA_V3_V6_covariance_s5,phase2/results/predictions/full/electrode/tcn/seed_43/bandpass_n20004_cLA_V3_V6_covariance_s5.npz,76206,a97693c8c63ba64d86ea7c70778a0b0e16c9d89d152a37805c4832e7c8b58522
tcn,electrode,43,bandpass_n20004_cLA_V3_V6_covariance_s0,phase2/results/predictions/full/electrode/tcn/seed_43/bandpass_n20004_cLA_V3_V6_covariance_s0.npz,75949,5a3d962cc875b2cc9257ef8e01fb2bdba5c7421a993c58be813d94b28bef02c2
tcn,electrode,43,bandpass_n20004_cLL_V1_V4_independent_rms_s20,phase2/results/predictions/full/electrode/tcn/seed_43/bandpass_n20004_cLL_V1_V4_independent_rms_s20.npz,76391,c755f99e0c6629aae48f9268ada19b8fca8eeb3e47688705c1e6bf6c1101089e
tcn,electrode,43,bandpass_n20004_cLL_V1_V4_independent_rms_s15,phase2/results/predictions/full/electrode/tcn/seed_43/bandpass_n20004_cLL_V1_V4_independent_rms_s15.npz,76406,af8978845953c8646f088bc8c0ea6f64874ad0f56bda88f9a0bdab6a737871f8
tcn,electrode,43,bandpass_n20004_cLL_V1_V4_independent_rms_s10,phase2/results/predictions/full/electrode/tcn/seed_43/bandpass_n20004_cLL_V1_V4_independent_rms_s10.npz,76339,5ac3986841851b1502fa31abcfd077364d95f36f634c76d42df07dfc6b81de61
tcn,electrode,43,bandpass_n20004_cLL_V1_V4_independent_rms_s5,phase2/results/predictions/full/electrode/tcn/seed_43/bandpass_n20004_cLL_V1_V4_independent_rms_s5.npz,76255,339d8e4e5f7df9a99faa8ee1948850311c6140c3817e6c6c152a90694d0dc456
tcn,electrode,43,bandpass_n20004_cLL_V1_V4_independent_rms_s0,phase2/results/predictions/full/electrode/tcn/seed_43/bandpass_n20004_cLL_V1_V4_independent_rms_s0.npz,75994,8a140cb92297a4c06b897dbf938ef64b5366fc086033b1ff4503ce554f1bad45
tcn,electrode,43,bandpass_n20004_cLL_V1_V4_electrode_s20,phase2/results/predictions/full/electrode/tcn/seed_43/bandpass_n20004_cLL_V1_V4_electrode_s20.npz,76409,786e94220b9068a8d95b21710e7737f6ecdaac6bb05fd509be7bd198eb30cb2a
tcn,electrode,43,bandpass_n20004_cLL_V1_V4_electrode_s15,phase2/results/predictions/full/electrode/tcn/seed_43/bandpass_n20004_cLL_V1_V4_electrode_s15.npz,76386,32ea18875c2e036a6e5dcf15a28202799287f4de679183781523929af6a28ab7
tcn,electrode,43,bandpass_n20004_cLL_V1_V4_electrode_s10,phase2/results/predictions/full/electrode/tcn/seed_43/bandpass_n20004_cLL_V1_V4_electrode_s10.npz,76315,2e4f27c476420c868fe18bd5ede49fa036bc5673633a9d71c2070d10f7262a3a
tcn,electrode,43,bandpass_n20004_cLL_V1_V4_electrode_s5,phase2/results/predictions/full/electrode/tcn/seed_43/bandpass_n20004_cLL_V1_V4_electrode_s5.npz,76197,026070fcde2e05709ae330dab092f33e8d14199a9a36fc473bcdfa620acda8b9
tcn,electrode,43,bandpass_n20004_cLL_V1_V4_electrode_s0,phase2/results/predictions/full/electrode/tcn/seed_43/bandpass_n20004_cLL_V1_V4_electrode_s0.npz,75898,97b1b890bce4ec6297e21230ee878690156ae1f90244a9a83d1a432dc8d1a164
tcn,electrode,43,bandpass_n20004_cLL_V1_V4_covariance_s20,phase2/results/predictions/full/electrode/tcn/seed_43/bandpass_n20004_cLL_V1_V4_covariance_s20.npz,76390,f9203759a7e4d70ac3a01f5c6ceec9ab162e9f01d6530a5c66d40ef32fbf0902
tcn,electrode,43,bandpass_n20004_cLL_V1_V4_covariance_s15,phase2/results/predictions/full/electrode/tcn/seed_43/bandpass_n20004_cLL_V1_V4_covariance_s15.npz,76374,69ce9e458aa2026b521efc6e3bed533a4e47f2d1fdb76c3e4a91431a903458ec
tcn,electrode,43,bandpass_n20004_cLL_V1_V4_covariance_s10,phase2/results/predictions/full/electrode/tcn/seed_43/bandpass_n20004_cLL_V1_V4_covariance_s10.npz,76334,8f573aef803b3f9ce6cf906c3450ebbdcc9770abddaad1f4c91b1ad1eb01abd0
tcn,electrode,43,bandpass_n20004_cLL_V1_V4_covariance_s5,phase2/results/predictions/full/electrode/tcn/seed_43/bandpass_n20004_cLL_V1_V4_covariance_s5.npz,76175,adb130bbc6bbb9decb9dd23e6c737136888b86bede72c4eb1d7d0c758c08ccc4
tcn,electrode,43,bandpass_n20004_cLL_V1_V4_covariance_s0,phase2/results/predictions/full/electrode/tcn/seed_43/bandpass_n20004_cLL_V1_V4_covariance_s0.npz,75877,9be3bcfd3a5541158155e96240c8448ffb87cdc9c7c01f5d995b550362c8886a
tcn,electrode,43,bandpass_n20004_call_independent_rms_s20,phase2/results/predictions/full/electrode/tcn/seed_43/bandpass_n20004_call_independent_rms_s20.npz,76377,1b851a2c8b202dce19d41011f6e80847faeac13a918e712464e73580bb496894
tcn,electrode,43,bandpass_n20004_call_independent_rms_s15,phase2/results/predictions/full/electrode/tcn/seed_43/bandpass_n20004_call_independent_rms_s15.npz,76373,e9faea50f3712b8e85a5488bc06ca242f4c83fb31abb4caff370c51b037dd0a7
tcn,electrode,43,bandpass_n20004_call_independent_rms_s10,phase2/results/predictions/full/electrode/tcn/seed_43/bandpass_n20004_call_independent_rms_s10.npz,76341,5f75cf1d19be808a0d2882b3479a330c1dc380ccdb8cc00ce2e5e7c351b88884
tcn,electrode,43,bandpass_n20004_call_independent_rms_s5,phase2/results/predictions/full/electrode/tcn/seed_43/bandpass_n20004_call_independent_rms_s5.npz,76197,faaed1d6b72cb94e55871d05b8385f4d240072072eaed01f6b33797df6c1bf6c
tcn,electrode,43,bandpass_n20004_call_independent_rms_s0,phase2/results/predictions/full/electrode/tcn/seed_43/bandpass_n20004_call_independent_rms_s0.npz,75944,02e276d86d66f75e4edc86a80403b230aa21e76ac83b97d2115c693447ec1138
tcn,electrode,43,bandpass_n20004_call_electrode_s20,phase2/results/predictions/full/electrode/tcn/seed_43/bandpass_n20004_call_electrode_s20.npz,76343,818b8040825fea5606e76a0a05553fbaeba4bdb995c0abc3b6b0bdb1b0c7c6e2
tcn,electrode,43,bandpass_n20004_call_electrode_s15,phase2/results/predictions/full/electrode/tcn/seed_43/bandpass_n20004_call_electrode_s15.npz,76331,5173e437848786346a327b60146f780048212ae1a6db793aa660233fa133e0e9
tcn,electrode,43,bandpass_n20004_call_electrode_s10,phase2/results/predictions/full/electrode/tcn/seed_43/bandpass_n20004_call_electrode_s10.npz,76273,9c0532daac26cb9e6cdb9caceb91ff332ca44e49f2441915383be6dd484509a5
tcn,electrode,43,bandpass_n20004_call_electrode_s5,phase2/results/predictions/full/electrode/tcn/seed_43/bandpass_n20004_call_electrode_s5.npz,76122,aab1e5381bffe964edb00802f39ecb917930a37446a826363b6054a3492d801e
tcn,electrode,43,bandpass_n20004_call_electrode_s0,phase2/results/predictions/full/electrode/tcn/seed_43/bandpass_n20004_call_electrode_s0.npz,75747,63fe5d69fd33881c09c3741550dd1bdfe4e5ee74d7ce5be81cd5d5d5820d3bad
tcn,electrode,43,bandpass_n20004_call_covariance_s20,phase2/results/predictions/full/electrode/tcn/seed_43/bandpass_n20004_call_covariance_s20.npz,76365,6c159df04e6eb15db9ef991018f19112e42d564c684855ca1656c9c3e1ea4ca4
tcn,electrode,43,bandpass_n20004_call_covariance_s15,phase2/results/predictions/full/electrode/tcn/seed_43/bandpass_n20004_call_covariance_s15.npz,76352,efc659a6d8d9bc417ab38e3ea410ab7f3e1861134dfe9b51663a58cb693585fb
tcn,electrode,43,bandpass_n20004_call_covariance_s10,phase2/results/predictions/full/electrode/tcn/seed_43/bandpass_n20004_call_covariance_s10.npz,76276,4979f7a2318e25787b04a7304bf1126a498befd4d034232c56137a966b7cbd47
tcn,electrode,43,bandpass_n20004_call_covariance_s5,phase2/results/predictions/full/electrode/tcn/seed_43/bandpass_n20004_call_covariance_s5.npz,76156,69ec465c5674565a4104e01fa74b87c7f2b62853fe078458a944b45b0969dec7
tcn,electrode,43,bandpass_n20004_call_covariance_s0,phase2/results/predictions/full/electrode/tcn/seed_43/bandpass_n20004_call_covariance_s0.npz,75763,b535558e8ea87d81b406bfc16cf8f47e60e993c84180e1b06a8803fd4532ab30
tcn,electrode,43,bandpass_n20005_cRA_LA_LL_independent_rms_s20,phase2/results/predictions/full/electrode/tcn/seed_43/bandpass_n20005_cRA_LA_LL_independent_rms_s20.npz,76404,e5f66d849df902be878fdfdaf2f504f26943ccf00643fab49aeeb1e2e2d7728a
tcn,electrode,43,bandpass_n20005_cRA_LA_LL_independent_rms_s15,phase2/results/predictions/full/electrode/tcn/seed_43/bandpass_n20005_cRA_LA_LL_independent_rms_s15.npz,76330,481079e5d28a07785fd26f9b6e54b58cc198c55cf95d2c01faa8e7e0da5dde27
tcn,electrode,43,bandpass_n20005_cRA_LA_LL_independent_rms_s10,phase2/results/predictions/full/electrode/tcn/seed_43/bandpass_n20005_cRA_LA_LL_independent_rms_s10.npz,76331,136322a550ab02bcb2797ef4d80260f4cc06a2bc406ff17c9e5857be247c09ef
tcn,electrode,43,bandpass_n20005_cRA_LA_LL_independent_rms_s5,phase2/results/predictions/full/electrode/tcn/seed_43/bandpass_n20005_cRA_LA_LL_independent_rms_s5.npz,76220,c29354e6b6359d9c54a4b6fd775ec1abd9eeca6a9ed52578ce5474b387bb241e
tcn,electrode,43,bandpass_n20005_cRA_LA_LL_independent_rms_s0,phase2/results/predictions/full/electrode/tcn/seed_43/bandpass_n20005_cRA_LA_LL_independent_rms_s0.npz,75978,dd01d595b566174b80813d5ca5576e78753d3635cffc72ee7a4139049c4d5a28
tcn,electrode,43,bandpass_n20005_cRA_LA_LL_electrode_s20,phase2/results/predictions/full/electrode/tcn/seed_43/bandpass_n20005_cRA_LA_LL_electrode_s20.npz,76370,63e91b47dd98069756ae4458224f8cf73a8d8a33fd9cc533ba5fb01f7712f517
tcn,electrode,43,bandpass_n20005_cRA_LA_LL_electrode_s15,phase2/results/predictions/full/electrode/tcn/seed_43/bandpass_n20005_cRA_LA_LL_electrode_s15.npz,76383,5bd69926282088b86c24130edfbb7c1c1b21690040bcc740f09d1a5fecf49ff3
tcn,electrode,43,bandpass_n20005_cRA_LA_LL_electrode_s10,phase2/results/predictions/full/electrode/tcn/seed_43/bandpass_n20005_cRA_LA_LL_electrode_s10.npz,76294,fed80b621b1dd1bb9c47521e845a7ff9b831311d0d5ccf17df8d305248d1249d
tcn,electrode,43,bandpass_n20005_cRA_LA_LL_electrode_s5,phase2/results/predictions/full/electrode/tcn/seed_43/bandpass_n20005_cRA_LA_LL_electrode_s5.npz,76121,706c1be6b82924d3b3cb5401b5c6224e1d4b1fc620c2fde95fced6213777d3ce
tcn,electrode,43,bandpass_n20005_cRA_LA_LL_electrode_s0,phase2/results/predictions/full/electrode/tcn/seed_43/bandpass_n20005_cRA_LA_LL_electrode_s0.npz,75651,5a8bac088b2a152883c02aecd8e8a5616e0c5e4e38cb3c730ede0003a74c1c9d
tcn,electrode,43,bandpass_n20005_cRA_LA_LL_covariance_s20,phase2/results/predictions/full/electrode/tcn/seed_43/bandpass_n20005_cRA_LA_LL_covariance_s20.npz,76367,a75de6dd5edd9687b66b7c7e97d47508093384093327f14193979f5d8654f111
tcn,electrode,43,bandpass_n20005_cRA_LA_LL_covariance_s15,phase2/results/predictions/full/electrode/tcn/seed_43/bandpass_n20005_cRA_LA_LL_covariance_s15.npz,76370,df604f8f25c81c92d772aa68745d2834c3b3c45aead63be8547fa3d7dddd5e35
tcn,electrode,43,bandpass_n20005_cRA_LA_LL_covariance_s10,phase2/results/predictions/full/electrode/tcn/seed_43/bandpass_n20005_cRA_LA_LL_covariance_s10.npz,76296,58dec4d3594a2aa0649c0b388d50048535ace92bfd5c5a88f23d9feab0bb1082
tcn,electrode,43,bandpass_n20005_cRA_LA_LL_covariance_s5,phase2/results/predictions/full/electrode/tcn/seed_43/bandpass_n20005_cRA_LA_LL_covariance_s5.npz,76153,6c6493de97cd99c9cfb47a425a48a314d2c974a29b737391faa9532d2fc68cb8
tcn,electrode,43,bandpass_n20005_cRA_LA_LL_covariance_s0,phase2/results/predictions/full/electrode/tcn/seed_43/bandpass_n20005_cRA_LA_LL_covariance_s0.npz,75674,4de21e1410fc617b6005ea337f63803f94bfc91d4f48432e2079261807be04f8
tcn,electrode,43,bandpass_n20005_cV1_independent_rms_s20,phase2/results/predictions/full/electrode/tcn/seed_43/bandpass_n20005_cV1_independent_rms_s20.npz,76341,6a2d8d32bf2f66871e380e81332c98e3666926d5e6793a6b95173005d8262c68
tcn,electrode,43,bandpass_n20005_cV1_independent_rms_s15,phase2/results/predictions/full/electrode/tcn/seed_43/bandpass_n20005_cV1_independent_rms_s15.npz,76357,74b2a68f7b6448b4a227c3856cc3688ed97a37718785054e02adba9687280585
tcn,electrode,43,bandpass_n20005_cV1_independent_rms_s10,phase2/results/predictions/full/electrode/tcn/seed_43/bandpass_n20005_cV1_independent_rms_s10.npz,76303,5f5d4bb6307911fa2d2e365322e3fd731b8bbe86cba96ca253c6e80c15bc57dd
tcn,electrode,43,bandpass_n20005_cV1_independent_rms_s5,phase2/results/predictions/full/electrode/tcn/seed_43/bandpass_n20005_cV1_independent_rms_s5.npz,76199,0a3341566bcbd230d4f57f6378dd137698b5b46a42354bec3bcafa34fd2c2d06
tcn,electrode,43,bandpass_n20005_cV1_independent_rms_s0,phase2/results/predictions/full/electrode/tcn/seed_43/bandpass_n20005_cV1_independent_rms_s0.npz,75917,7f1db04ea2b768ed69efe0d5d1d016762a4419c3376902958a58156688ec85a0
tcn,electrode,43,bandpass_n20005_cV1_electrode_s20,phase2/results/predictions/full/electrode/tcn/seed_43/bandpass_n20005_cV1_electrode_s20.npz,76390,b11bb5fb4609d0c5eb46f99e48308f01817e667070649f99539d52256dec29b7
tcn,electrode,43,bandpass_n20005_cV1_electrode_s15,phase2/results/predictions/full/electrode/tcn/seed_43/bandpass_n20005_cV1_electrode_s15.npz,76336,3d97890cfda9acb9df07cb7e9b49d24e692cd4370dca6ef001622a54846d7bfb
tcn,electrode,43,bandpass_n20005_cV1_electrode_s10,phase2/results/predictions/full/electrode/tcn/seed_43/bandpass_n20005_cV1_electrode_s10.npz,76325,872452e074f768bff8ef38a9b5cab8f73a4009768a2c1895f8f1e9aee8821b2a
tcn,electrode,43,bandpass_n20005_cV1_electrode_s5,phase2/results/predictions/full/electrode/tcn/seed_43/bandpass_n20005_cV1_electrode_s5.npz,76188,6009d5fcf916cd2e9aff4b0574c5304da67ce63436681d236ff929e053f33303
tcn,electrode,43,bandpass_n20005_cV1_electrode_s0,phase2/results/predictions/full/electrode/tcn/seed_43/bandpass_n20005_cV1_electrode_s0.npz,75931,8e4534cde61bfe8325833aa74d94661a6975f6e4b5fed5e14c8b10d34c720c58
tcn,electrode,43,bandpass_n20005_cV1_covariance_s20,phase2/results/predictions/full/electrode/tcn/seed_43/bandpass_n20005_cV1_covariance_s20.npz,76362,cb2143b6a84777ad700fd4452c09b4dec75482c43fa89575d56f910223c25822
tcn,electrode,43,bandpass_n20005_cV1_covariance_s15,phase2/results/predictions/full/electrode/tcn/seed_43/bandpass_n20005_cV1_covariance_s15.npz,76362,18ec8a5c7b5e96c4af24353b126cc1e708dfae7c9e52ad78e81a16126cb0df1d
tcn,electrode,43,bandpass_n20005_cV1_covariance_s10,phase2/results/predictions/full/electrode/tcn/seed_43/bandpass_n20005_cV1_covariance_s10.npz,76313,ed0384ff355516e18ef5fda1cfc4d8034585fb8a0ac9649a078eee2b887f7fda
tcn,electrode,43,bandpass_n20005_cV1_covariance_s5,phase2/results/predictions/full/electrode/tcn/seed_43/bandpass_n20005_cV1_covariance_s5.npz,76139,47f29e19b25d09eabdfe342e550e6858b24c1ad20672d97c13b310539cf4c2c7
tcn,electrode,43,bandpass_n20005_cV1_covariance_s0,phase2/results/predictions/full/electrode/tcn/seed_43/bandpass_n20005_cV1_covariance_s0.npz,75939,b5bba2c1952ced94e1a2d38e23f20441f2fa84d4940402b7dca3654414b70c98
tcn,electrode,43,bandpass_n20005_cV2_independent_rms_s20,phase2/results/predictions/full/electrode/tcn/seed_43/bandpass_n20005_cV2_independent_rms_s20.npz,76390,9efeccb33e076e9106341493b62c86686aa6a6f9a482493759a4028defed59a8
tcn,electrode,43,bandpass_n20005_cV2_independent_rms_s15,phase2/results/predictions/full/electrode/tcn/seed_43/bandpass_n20005_cV2_independent_rms_s15.npz,76361,5ddaab726f8a0d625c3f3399c90393ae6cc24b83d01657396338f9a3afaadf83
tcn,electrode,43,bandpass_n20005_cV2_independent_rms_s10,phase2/results/predictions/full/electrode/tcn/seed_43/bandpass_n20005_cV2_independent_rms_s10.npz,76344,ce31a99141921896bd1f5c8d03f3f8a865c0804b796144728fd1f7d526966248
tcn,electrode,43,bandpass_n20005_cV2_independent_rms_s5,phase2/results/predictions/full/electrode/tcn/seed_43/bandpass_n20005_cV2_independent_rms_s5.npz,76224,61c8504aa2f8636c4b71e85a31517ac16c12c6904d89e29297c877dc218bd9f0
tcn,electrode,43,bandpass_n20005_cV2_independent_rms_s0,phase2/results/predictions/full/electrode/tcn/seed_43/bandpass_n20005_cV2_independent_rms_s0.npz,76025,5ef015b9fe856474824c92ab5539675ea768a2f6ff808372b082cbfce1d32e2e
tcn,electrode,43,bandpass_n20005_cV2_electrode_s20,phase2/results/predictions/full/electrode/tcn/seed_43/bandpass_n20005_cV2_electrode_s20.npz,76373,b4a08483b9eb5423d3b32e1ffa4e78b260158b9623115914d80602cbc31fdc0e
tcn,electrode,43,bandpass_n20005_cV2_electrode_s15,phase2/results/predictions/full/electrode/tcn/seed_43/bandpass_n20005_cV2_electrode_s15.npz,76377,0a8f478e89ff11a54d7aa04ea5a3c5a5233aae30752b490b757390a4ce2ae677
tcn,electrode,43,bandpass_n20005_cV2_electrode_s10,phase2/results/predictions/full/electrode/tcn/seed_43/bandpass_n20005_cV2_electrode_s10.npz,76345,c36d40db7ea72220b7adaad495c4c4a79a9b93258d5ab3513eae79bc6a2c8b3a
tcn,electrode,43,bandpass_n20005_cV2_electrode_s5,phase2/results/predictions/full/electrode/tcn/seed_43/bandpass_n20005_cV2_electrode_s5.npz,76220,cbc6be71c654b94cda3ffa0074ef4544eebb3831f07a154533cfd8bcbfebab31
tcn,electrode,43,bandpass_n20005_cV2_electrode_s0,phase2/results/predictions/full/electrode/tcn/seed_43/bandpass_n20005_cV2_electrode_s0.npz,75977,9337971c720c2460945ff0f08a85df1156b74b787aedce3e35103d89fc1e296e
tcn,electrode,43,bandpass_n20005_cV2_covariance_s20,phase2/results/predictions/full/electrode/tcn/seed_43/bandpass_n20005_cV2_covariance_s20.npz,76351,aca55e152f81fed53c70896ea652780a76e66f99000572ebd8a54df9711f1549
tcn,electrode,43,bandpass_n20005_cV2_covariance_s15,phase2/results/predictions/full/electrode/tcn/seed_43/bandpass_n20005_cV2_covariance_s15.npz,76374,8c962e4d779cb7489822cd79c480135b108159e80bf834f7b7a0dc5afb9b5fce
tcn,electrode,43,bandpass_n20005_cV2_covariance_s10,phase2/results/predictions/full/electrode/tcn/seed_43/bandpass_n20005_cV2_covariance_s10.npz,76340,cc605ed0ef5e2752e245db35df424c6927301cb1cab09bddfc6b0bb41e09e6e6
tcn,electrode,43,bandpass_n20005_cV2_covariance_s5,phase2/results/predictions/full/electrode/tcn/seed_43/bandpass_n20005_cV2_covariance_s5.npz,76207,ff58624ebc006edce59935d8944a9209945a94fdaf4f2e4ba178826d97e5285a
tcn,electrode,43,bandpass_n20005_cV2_covariance_s0,phase2/results/predictions/full/electrode/tcn/seed_43/bandpass_n20005_cV2_covariance_s0.npz,75971,f1a835c532edc6f6b31000724b64445095cb6734d609ce0932ee7f70b40b491f
tcn,electrode,43,bandpass_n20005_cV3_independent_rms_s20,phase2/results/predictions/full/electrode/tcn/seed_43/bandpass_n20005_cV3_independent_rms_s20.npz,76406,6e19349e4df7b5744c944f5f2615d552e724df0e40aef929042b2eed3c92b9e5
tcn,electrode,43,bandpass_n20005_cV3_independent_rms_s15,phase2/results/predictions/full/electrode/tcn/seed_43/bandpass_n20005_cV3_independent_rms_s15.npz,76389,fd7a8cfd91f85f2a9619a1d413aa5f165f5cfaaddd2b57fa31d8e670d64a8b80
tcn,electrode,43,bandpass_n20005_cV3_independent_rms_s10,phase2/results/predictions/full/electrode/tcn/seed_43/bandpass_n20005_cV3_independent_rms_s10.npz,76384,4c47b959cae3896c328485c485a243a595decf02295af64f0f34bad56590c6a7
tcn,electrode,43,bandpass_n20005_cV3_independent_rms_s5,phase2/results/predictions/full/electrode/tcn/seed_43/bandpass_n20005_cV3_independent_rms_s5.npz,76339,e6ba611ab11e6aa66d23e2445868263aaf3fe909600e4039295e0bade6d1a89e
tcn,electrode,43,bandpass_n20005_cV3_independent_rms_s0,phase2/results/predictions/full/electrode/tcn/seed_43/bandpass_n20005_cV3_independent_rms_s0.npz,76191,283a34368b66db0785c05db10a4a0c8d038e810f3a43cd2dc7ded796c30b06af
tcn,electrode,43,bandpass_n20005_cV3_electrode_s20,phase2/results/predictions/full/electrode/tcn/seed_43/bandpass_n20005_cV3_electrode_s20.npz,76377,8cd7586b8363003dbe5b3da930ab0860762e59336060c537c4476a39f01eeadd
tcn,electrode,43,bandpass_n20005_cV3_electrode_s15,phase2/results/predictions/full/electrode/tcn/seed_43/bandpass_n20005_cV3_electrode_s15.npz,76361,19037e5b75b45799f42645e4a68db843bc3476726d231c9b4a74546c6a896618
tcn,electrode,43,bandpass_n20005_cV3_electrode_s10,phase2/results/predictions/full/electrode/tcn/seed_43/bandpass_n20005_cV3_electrode_s10.npz,76368,a275b7d90434fd30ac6deb8dc8e748f988733bcd19a6ce375eb10567bcac4cf2
tcn,electrode,43,bandpass_n20005_cV3_electrode_s5,phase2/results/predictions/full/electrode/tcn/seed_43/bandpass_n20005_cV3_electrode_s5.npz,76331,4fcdf14bde7ca97970256a21fa4bed548890d0108c77a2f6da39ba7689bff7e9
tcn,electrode,43,bandpass_n20005_cV3_electrode_s0,phase2/results/predictions/full/electrode/tcn/seed_43/bandpass_n20005_cV3_electrode_s0.npz,76147,87cde944ba1e69c99c4d87c8ce49aca7c7102faf6153232bd7cd88c5cbc12330
tcn,electrode,43,bandpass_n20005_cV3_covariance_s20,phase2/results/predictions/full/electrode/tcn/seed_43/bandpass_n20005_cV3_covariance_s20.npz,76407,c35e3e3d52a29081e7f7c071e50e2f8fde1b69d962dc07f6f7f100942198279d
tcn,electrode,43,bandpass_n20005_cV3_covariance_s15,phase2/results/predictions/full/electrode/tcn/seed_43/bandpass_n20005_cV3_covariance_s15.npz,76403,ab9337982cc0263305a753cfc65fe2d58c7ada285fdb0cfb6d8150f3ea0583d8
tcn,electrode,43,bandpass_n20005_cV3_covariance_s10,phase2/results/predictions/full/electrode/tcn/seed_43/bandpass_n20005_cV3_covariance_s10.npz,76367,17d6a3cf49f6a88ed84680a6f3488b1a98d5dfe1c44a657f86036d77e02b1aa2
tcn,electrode,43,bandpass_n20005_cV3_covariance_s5,phase2/results/predictions/full/electrode/tcn/seed_43/bandpass_n20005_cV3_covariance_s5.npz,76351,d98d24e4af16c624cde229f95b5d17ea9d2851230eb50300283f16d97a51b89b
tcn,electrode,43,bandpass_n20005_cV3_covariance_s0,phase2/results/predictions/full/electrode/tcn/seed_43/bandpass_n20005_cV3_covariance_s0.npz,76163,18f901f6e5f45deb99f1831870b06bdc7d210aa1f4131322dddb5df79c084713
tcn,electrode,43,bandpass_n20005_cV4_independent_rms_s20,phase2/results/predictions/full/electrode/tcn/seed_43/bandpass_n20005_cV4_independent_rms_s20.npz,76378,4836c5c785d41c2a33e3f1ca9ebc7cfaf3c3c772b3313424abf03b96ea4dd4ae
tcn,electrode,43,bandpass_n20005_cV4_independent_rms_s15,phase2/results/predictions/full/electrode/tcn/seed_43/bandpass_n20005_cV4_independent_rms_s15.npz,76384,5d6f3d0cc19d3e057b45fd62dbb8c8c6069a05de88f5e5a9de94a55251cc4409
tcn,electrode,43,bandpass_n20005_cV4_independent_rms_s10,phase2/results/predictions/full/electrode/tcn/seed_43/bandpass_n20005_cV4_independent_rms_s10.npz,76341,65b9f0ff50967cec835712abb3d92d625997f4787e89942f0e9758d2227015e8
tcn,electrode,43,bandpass_n20005_cV4_independent_rms_s5,phase2/results/predictions/full/electrode/tcn/seed_43/bandpass_n20005_cV4_independent_rms_s5.npz,76268,360f04eaf8ee0cf515909c4ec03f96dd655466c1da64c663d9a7036868b8bd9e
tcn,electrode,43,bandpass_n20005_cV4_independent_rms_s0,phase2/results/predictions/full/electrode/tcn/seed_43/bandpass_n20005_cV4_independent_rms_s0.npz,76068,cf0daa08aadc9aed84495f471ae35c344a916829ef0fb36768f2b40937cf5b8c
tcn,electrode,43,bandpass_n20005_cV4_electrode_s20,phase2/results/predictions/full/electrode/tcn/seed_43/bandpass_n20005_cV4_electrode_s20.npz,76357,ed7da5277d629aef37800ef8cd7c918517b45b35f7db736bb8932864fef92545
tcn,electrode,43,bandpass_n20005_cV4_electrode_s15,phase2/results/predictions/full/electrode/tcn/seed_43/bandpass_n20005_cV4_electrode_s15.npz,76370,116287df5c0bbaaf8646917058e4c03e822c48d883f7961d98ea930474662912
tcn,electrode,43,bandpass_n20005_cV4_electrode_s10,phase2/results/predictions/full/electrode/tcn/seed_43/bandpass_n20005_cV4_electrode_s10.npz,76348,2d35b75436529dd012aae1b345e64a9ec762ec98114fb17968732af6a2d3dc4e
tcn,electrode,43,bandpass_n20005_cV4_electrode_s5,phase2/results/predictions/full/electrode/tcn/seed_43/bandpass_n20005_cV4_electrode_s5.npz,76271,d93e67313a95f93558ed99eca8478e2ebd3c9b5b77a1b21cc31800fa2cf8b3a1
tcn,electrode,43,bandpass_n20005_cV4_electrode_s0,phase2/results/predictions/full/electrode/tcn/seed_43/bandpass_n20005_cV4_electrode_s0.npz,76049,a41881a253915698ac7c533feba1edb160a6124c04f64cc8510a56de299129a7
tcn,electrode,43,bandpass_n20005_cV4_covariance_s20,phase2/results/predictions/full/electrode/tcn/seed_43/bandpass_n20005_cV4_covariance_s20.npz,76364,2172c3ba10069a8c610b3d7d5c0360804cb7082b6c4cab4462054674c2242bd9
tcn,electrode,43,bandpass_n20005_cV4_covariance_s15,phase2/results/predictions/full/electrode/tcn/seed_43/bandpass_n20005_cV4_covariance_s15.npz,76375,e01bbd7a53e668262cd99d4fb88c7e696860c29b2da48b8059ef8e88740c153d
tcn,electrode,43,bandpass_n20005_cV4_covariance_s10,phase2/results/predictions/full/electrode/tcn/seed_43/bandpass_n20005_cV4_covariance_s10.npz,76368,51dc5e64d1236c761fa6bafdb8db40bdfb0eb1b5de32dd43f91eeab4f413e9fc
tcn,electrode,43,bandpass_n20005_cV4_covariance_s5,phase2/results/predictions/full/electrode/tcn/seed_43/bandpass_n20005_cV4_covariance_s5.npz,76262,f5594f0adc2c7f8d3ee4055e9a25a99330c3cf7c5f39aedb29e0f6869871f632
tcn,electrode,43,bandpass_n20005_cV4_covariance_s0,phase2/results/predictions/full/electrode/tcn/seed_43/bandpass_n20005_cV4_covariance_s0.npz,76049,596267c7686d977d250a259e21e799e7f0cb4b6a3b7ee59dc95b7e80199ba430
tcn,electrode,43,bandpass_n20005_cV5_independent_rms_s20,phase2/results/predictions/full/electrode/tcn/seed_43/bandpass_n20005_cV5_independent_rms_s20.npz,76386,7e6f886b873d9e5c68bf53a94ba30dd586b458d8f65330132166c025b161711f
tcn,electrode,43,bandpass_n20005_cV5_independent_rms_s15,phase2/results/predictions/full/electrode/tcn/seed_43/bandpass_n20005_cV5_independent_rms_s15.npz,76344,76529de1d08b3672783c665aa3ef928b45844f37ebf9704974e80b18ad4e9ff6
tcn,electrode,43,bandpass_n20005_cV5_independent_rms_s10,phase2/results/predictions/full/electrode/tcn/seed_43/bandpass_n20005_cV5_independent_rms_s10.npz,76347,b3bf42795abf1ca5ed288f37fcf3f1e681f82bc087865b32f78c6a8953c4a7c3
tcn,electrode,43,bandpass_n20005_cV5_independent_rms_s5,phase2/results/predictions/full/electrode/tcn/seed_43/bandpass_n20005_cV5_independent_rms_s5.npz,76251,e8e640c99d60bbde605c800f247f0cf220b78abd31753de7bc301328a7a74269
tcn,electrode,43,bandpass_n20005_cV5_independent_rms_s0,phase2/results/predictions/full/electrode/tcn/seed_43/bandpass_n20005_cV5_independent_rms_s0.npz,75953,389949dc7f383775e14148fa6d4753f48064643a898422a6eca4d53e18256952
tcn,electrode,43,bandpass_n20005_cV5_electrode_s20,phase2/results/predictions/full/electrode/tcn/seed_43/bandpass_n20005_cV5_electrode_s20.npz,76355,2174c6148b134e5ad266c176966e65f3c350103dab17f910da84ea13320e7c71
tcn,electrode,43,bandpass_n20005_cV5_electrode_s15,phase2/results/predictions/full/electrode/tcn/seed_43/bandpass_n20005_cV5_electrode_s15.npz,76369,2e7c155dd3f2de55c414a80353108c941d2d6b0713ec9ff962db332c9d554cc8
tcn,electrode,43,bandpass_n20005_cV5_electrode_s10,phase2/results/predictions/full/electrode/tcn/seed_43/bandpass_n20005_cV5_electrode_s10.npz,76350,06405ba29ecd090bf3a4fd00f3cde437dafef90458c09024d26cb12374d84423
tcn,electrode,43,bandpass_n20005_cV5_electrode_s5,phase2/results/predictions/full/electrode/tcn/seed_43/bandpass_n20005_cV5_electrode_s5.npz,76214,f0976a51fd30faf5296dbd503d8764545fdddf14ae0a76c1daf424939bef52b8
tcn,electrode,43,bandpass_n20005_cV5_electrode_s0,phase2/results/predictions/full/electrode/tcn/seed_43/bandpass_n20005_cV5_electrode_s0.npz,75964,2653f3e8df7610a39af0f320f9b94fb56c2624d6f6f9014857a27524e120b9cf
tcn,electrode,43,bandpass_n20005_cV5_covariance_s20,phase2/results/predictions/full/electrode/tcn/seed_43/bandpass_n20005_cV5_covariance_s20.npz,76372,6ef6fda9c7ccbd5f266551e07dd67e15c15236a8719b8bcfac10f1c69a6766eb
tcn,electrode,43,bandpass_n20005_cV5_covariance_s15,phase2/results/predictions/full/electrode/tcn/seed_43/bandpass_n20005_cV5_covariance_s15.npz,76370,d3928f122a62b9a73301e8d57bc06901e7e9e9dc533858dab308bfe0f57e9766
tcn,electrode,43,bandpass_n20005_cV5_covariance_s10,phase2/results/predictions/full/electrode/tcn/seed_43/bandpass_n20005_cV5_covariance_s10.npz,76320,70eaccd087149cb1a1bed186afe6b5c97cb9c27aa27928dd2defaa51ec332d86
tcn,electrode,43,bandpass_n20005_cV5_covariance_s5,phase2/results/predictions/full/electrode/tcn/seed_43/bandpass_n20005_cV5_covariance_s5.npz,76205,5bcfa9d7e21063a8c6fd4410db09e64aa6a245a360ef485855a9a9c37bdaf06c
tcn,electrode,43,bandpass_n20005_cV5_covariance_s0,phase2/results/predictions/full/electrode/tcn/seed_43/bandpass_n20005_cV5_covariance_s0.npz,75950,c7e5df348f786ab3ae246564f0f4273bd403f987fd87ead97e51252fdb074e07
tcn,electrode,43,bandpass_n20005_cV6_independent_rms_s20,phase2/results/predictions/full/electrode/tcn/seed_43/bandpass_n20005_cV6_independent_rms_s20.npz,76415,225b9d62e4d239b00af84d7320de7d612e4d01afa6e3e4d85eba52476e5439fa
tcn,electrode,43,bandpass_n20005_cV6_independent_rms_s15,phase2/results/predictions/full/electrode/tcn/seed_43/bandpass_n20005_cV6_independent_rms_s15.npz,76358,8be572e75cbcfc693fdd38ca4c6f694c00446ae319bbf345a9bc7595f5285497
tcn,electrode,43,bandpass_n20005_cV6_independent_rms_s10,phase2/results/predictions/full/electrode/tcn/seed_43/bandpass_n20005_cV6_independent_rms_s10.npz,76318,b79435e4191e6b41dda0298fa32eec51086587d65e8ebaf75bfd1017e43c67df
tcn,electrode,43,bandpass_n20005_cV6_independent_rms_s5,phase2/results/predictions/full/electrode/tcn/seed_43/bandpass_n20005_cV6_independent_rms_s5.npz,76204,99344296b6d73473cbabd8cb9ea4d17572700c21201b89d906c20af189083ac3
tcn,electrode,43,bandpass_n20005_cV6_independent_rms_s0,phase2/results/predictions/full/electrode/tcn/seed_43/bandpass_n20005_cV6_independent_rms_s0.npz,76015,b5b4f6714c9b88a9118d38dbf72ce7da24ad93a9923efaef84ba0aab6c23ddaf
tcn,electrode,43,bandpass_n20005_cV6_electrode_s20,phase2/results/predictions/full/electrode/tcn/seed_43/bandpass_n20005_cV6_electrode_s20.npz,76366,aebeb4dff78e3da9e48b0753d42a2fff92104ab935a9209a11f417e206c11e09
tcn,electrode,43,bandpass_n20005_cV6_electrode_s15,phase2/results/predictions/full/electrode/tcn/seed_43/bandpass_n20005_cV6_electrode_s15.npz,76371,01a0cee97094a8c35f21c0cb90fd1f766144c9866f7ea07524ca90d04a5ac929
tcn,electrode,43,bandpass_n20005_cV6_electrode_s10,phase2/results/predictions/full/electrode/tcn/seed_43/bandpass_n20005_cV6_electrode_s10.npz,76340,d00df3ae3731d72321e772a145e441bbe8405e8b551ecbc53766094f32cc64f0
tcn,electrode,43,bandpass_n20005_cV6_electrode_s5,phase2/results/predictions/full/electrode/tcn/seed_43/bandpass_n20005_cV6_electrode_s5.npz,76225,6c5c53ab8e09370384891c285252e13c1012fe4d7ee43cbfac07a6f1c0dfc403
tcn,electrode,43,bandpass_n20005_cV6_electrode_s0,phase2/results/predictions/full/electrode/tcn/seed_43/bandpass_n20005_cV6_electrode_s0.npz,75996,934eea19e66debbb30a489e37f30b54496ebf9acf778d15882ef3527313ee41f
tcn,electrode,43,bandpass_n20005_cV6_covariance_s20,phase2/results/predictions/full/electrode/tcn/seed_43/bandpass_n20005_cV6_covariance_s20.npz,76369,0753a4d46775209d8d1e911dc63284edb10f1192d035e4a7e4d53418538be54a
tcn,electrode,43,bandpass_n20005_cV6_covariance_s15,phase2/results/predictions/full/electrode/tcn/seed_43/bandpass_n20005_cV6_covariance_s15.npz,76335,6fdc206e87af3cd9126d4d522c77abda41a3ba934ee73e6cca5a6be93df95c97
tcn,electrode,43,bandpass_n20005_cV6_covariance_s10,phase2/results/predictions/full/electrode/tcn/seed_43/bandpass_n20005_cV6_covariance_s10.npz,76355,e829c8002c9d3efc42a53a72f1c1de2f56c6f271b8dfb604c1858fc05cb4a524
tcn,electrode,43,bandpass_n20005_cV6_covariance_s5,phase2/results/predictions/full/electrode/tcn/seed_43/bandpass_n20005_cV6_covariance_s5.npz,76211,1056cb0f5e0d2429776bf1072216eac9fea8d70d2b7aa7a9190feb629ebb10d8
tcn,electrode,43,bandpass_n20005_cV6_covariance_s0,phase2/results/predictions/full/electrode/tcn/seed_43/bandpass_n20005_cV6_covariance_s0.npz,76024,3b6df61483fc71a7cec800f62253ae959a129efe11c0f96886f5eb8b569e2ade
tcn,electrode,43,bandpass_n20005_cRA_LA_independent_rms_s20,phase2/results/predictions/full/electrode/tcn/seed_43/bandpass_n20005_cRA_LA_independent_rms_s20.npz,76381,0577add9b8ff38c94566c121045080b8f58b454129af7ac04ee9000871c418ed
tcn,electrode,43,bandpass_n20005_cRA_LA_independent_rms_s15,phase2/results/predictions/full/electrode/tcn/seed_43/bandpass_n20005_cRA_LA_independent_rms_s15.npz,76364,81ac77dcf582803922312182b1b9ec30999982acaf7ebde5ec94808dcdbed412
tcn,electrode,43,bandpass_n20005_cRA_LA_independent_rms_s10,phase2/results/predictions/full/electrode/tcn/seed_43/bandpass_n20005_cRA_LA_independent_rms_s10.npz,76337,41c408304e4c13172eef07f5a18939e35b6762224f97d6ed485580fbc7cc07de
tcn,electrode,43,bandpass_n20005_cRA_LA_independent_rms_s5,phase2/results/predictions/full/electrode/tcn/seed_43/bandpass_n20005_cRA_LA_independent_rms_s5.npz,76228,579ef01967e8ffbeafb8cf6daf198bcb8ef3d4182bdf37586459144a98fcbadd
tcn,electrode,43,bandpass_n20005_cRA_LA_independent_rms_s0,phase2/results/predictions/full/electrode/tcn/seed_43/bandpass_n20005_cRA_LA_independent_rms_s0.npz,75963,32e02e776a8b4421b8ed00e6052fbcc4a109ddb38d0b6b0088360c042d6263a4
tcn,electrode,43,bandpass_n20005_cRA_LA_electrode_s20,phase2/results/predictions/full/electrode/tcn/seed_43/bandpass_n20005_cRA_LA_electrode_s20.npz,76350,c6e42d4a751b0324e6ce70209def68afc6ef89e2764e0e9f7ba664ee88dc3231
tcn,electrode,43,bandpass_n20005_cRA_LA_electrode_s15,phase2/results/predictions/full/electrode/tcn/seed_43/bandpass_n20005_cRA_LA_electrode_s15.npz,76333,17ed39d4478d92cc36272270fb518e030fa93c61ce34f8dd52b2717e70f2d82c
tcn,electrode,43,bandpass_n20005_cRA_LA_electrode_s10,phase2/results/predictions/full/electrode/tcn/seed_43/bandpass_n20005_cRA_LA_electrode_s10.npz,76292,c2930bab3f3b8c2988ca919423703e41d627652788b5947bf1e1993ec2acda06
tcn,electrode,43,bandpass_n20005_cRA_LA_electrode_s5,phase2/results/predictions/full/electrode/tcn/seed_43/bandpass_n20005_cRA_LA_electrode_s5.npz,76117,3ff25f82ae89ec8ad1f99c8589f39d90361300ce1d001dd68614ee84f42ea351
tcn,electrode,43,bandpass_n20005_cRA_LA_electrode_s0,phase2/results/predictions/full/electrode/tcn/seed_43/bandpass_n20005_cRA_LA_electrode_s0.npz,75645,298aad49702ed10ca68939ca97e73ae277d33fbb662df98a1b3b85ad2fafc283
tcn,electrode,43,bandpass_n20005_cRA_LA_covariance_s20,phase2/results/predictions/full/electrode/tcn/seed_43/bandpass_n20005_cRA_LA_covariance_s20.npz,76378,e628e9e1f6ea4b9d43835d46204cf0ae3c771b48e84c08b886bb2c0cfd2d44f4
tcn,electrode,43,bandpass_n20005_cRA_LA_covariance_s15,phase2/results/predictions/full/electrode/tcn/seed_43/bandpass_n20005_cRA_LA_covariance_s15.npz,76355,5b538d4d56cb92bb65b7ffafddae507eef659baa227edc524a795abdd0d28e8a
tcn,electrode,43,bandpass_n20005_cRA_LA_covariance_s10,phase2/results/predictions/full/electrode/tcn/seed_43/bandpass_n20005_cRA_LA_covariance_s10.npz,76288,c0b27d98c08c625e89db674437cbc2b8d93b058f33db680f5768aca3f34d4daf
tcn,electrode,43,bandpass_n20005_cRA_LA_covariance_s5,phase2/results/predictions/full/electrode/tcn/seed_43/bandpass_n20005_cRA_LA_covariance_s5.npz,76088,3cc83d2c891e5c4be9408f364859dda621d1149722c0fc37bdfd525239e2fb7d
tcn,electrode,43,bandpass_n20005_cRA_LA_covariance_s0,phase2/results/predictions/full/electrode/tcn/seed_43/bandpass_n20005_cRA_LA_covariance_s0.npz,75627,82ca3c592c11cc69fb1b66f0affd9b7911239c6d6b24e1a655bc9219da76ec41
tcn,electrode,43,bandpass_n20005_cLA_LL_independent_rms_s20,phase2/results/predictions/full/electrode/tcn/seed_43/bandpass_n20005_cLA_LL_independent_rms_s20.npz,76381,c75c36319860f9d32dc98d35d115bdb156a1079c6e05620ebb1bd9276251d28d
tcn,electrode,43,bandpass_n20005_cLA_LL_independent_rms_s15,phase2/results/predictions/full/electrode/tcn/seed_43/bandpass_n20005_cLA_LL_independent_rms_s15.npz,76381,0a4671d7ebe50c9e95c9ccd705ea1a032513794b0c7a15195da5554978fdde99
tcn,electrode,43,bandpass_n20005_cLA_LL_independent_rms_s10,phase2/results/predictions/full/electrode/tcn/seed_43/bandpass_n20005_cLA_LL_independent_rms_s10.npz,76344,e6d4d1f5c545217622b0393895b2f00cb1f5f0fc0e0b9d340f135d1aa9ff4b2f
tcn,electrode,43,bandpass_n20005_cLA_LL_independent_rms_s5,phase2/results/predictions/full/electrode/tcn/seed_43/bandpass_n20005_cLA_LL_independent_rms_s5.npz,76254,137e5b5cea6c08af190649c77e9754d91f71c306cc439d83f914b5bd00edc1b2
tcn,electrode,43,bandpass_n20005_cLA_LL_independent_rms_s0,phase2/results/predictions/full/electrode/tcn/seed_43/bandpass_n20005_cLA_LL_independent_rms_s0.npz,75969,8a1cab12eb3286ab7ba23e4c870aa5317bc8634418fe89a3758c2f6ee30998d0
tcn,electrode,43,bandpass_n20005_cLA_LL_electrode_s20,phase2/results/predictions/full/electrode/tcn/seed_43/bandpass_n20005_cLA_LL_electrode_s20.npz,76364,1889a09b9738615736ab1e2419e9f92ec92da9c0cc389ac037f7e2e5e2ceced3
tcn,electrode,43,bandpass_n20005_cLA_LL_electrode_s15,phase2/results/predictions/full/electrode/tcn/seed_43/bandpass_n20005_cLA_LL_electrode_s15.npz,76373,535de91f2a9b5abfde1a1a88632accced429f4ea6c0bb7a0cb70a068c168c3c9
tcn,electrode,43,bandpass_n20005_cLA_LL_electrode_s10,phase2/results/predictions/full/electrode/tcn/seed_43/bandpass_n20005_cLA_LL_electrode_s10.npz,76318,523b31aee60f6dca0569d684695432d33da82fee494d0c4ebcc69b2042a68d4f
tcn,electrode,43,bandpass_n20005_cLA_LL_electrode_s5,phase2/results/predictions/full/electrode/tcn/seed_43/bandpass_n20005_cLA_LL_electrode_s5.npz,76136,f978219602d63a2c6c79fa225bcc9037282639f67f66b3fa6c7c11b171501df5
tcn,electrode,43,bandpass_n20005_cLA_LL_electrode_s0,phase2/results/predictions/full/electrode/tcn/seed_43/bandpass_n20005_cLA_LL_electrode_s0.npz,75820,6c8af5036773a3562a919344e7f290cd7e8c3587e944bbbe3ec9763f8230c2c0
tcn,electrode,43,bandpass_n20005_cLA_LL_covariance_s20,phase2/results/predictions/full/electrode/tcn/seed_43/bandpass_n20005_cLA_LL_covariance_s20.npz,76358,90c247e872e2b38a5f13896178c85d26d3213a018fb0a64d72467aa8e5f1ad7e
tcn,electrode,43,bandpass_n20005_cLA_LL_covariance_s15,phase2/results/predictions/full/electrode/tcn/seed_43/bandpass_n20005_cLA_LL_covariance_s15.npz,76363,b9c1eb76c819adf6b08391d58b45863a4781edf928731c9ac0ee6c97c0badf2e
tcn,electrode,43,bandpass_n20005_cLA_LL_covariance_s10,phase2/results/predictions/full/electrode/tcn/seed_43/bandpass_n20005_cLA_LL_covariance_s10.npz,76299,cdbbbe603c3bab45c6b011493c29055f8505429dac92d9f06f6631b0d3112b6a
tcn,electrode,43,bandpass_n20005_cLA_LL_covariance_s5,phase2/results/predictions/full/electrode/tcn/seed_43/bandpass_n20005_cLA_LL_covariance_s5.npz,76168,fe898b1f53e04cba11dcc7599ea22131ec0e6aeb01740606ac71808ebacd9dc0
tcn,electrode,43,bandpass_n20005_cLA_LL_covariance_s0,phase2/results/predictions/full/electrode/tcn/seed_43/bandpass_n20005_cLA_LL_covariance_s0.npz,75869,1bf23b3e6d0dcaedec7c71a9eeeb6b5f981cfc57032a90537e1a63eadfa4b594
tcn,electrode,43,bandpass_n20005_cRA_LL_independent_rms_s20,phase2/results/predictions/full/electrode/tcn/seed_43/bandpass_n20005_cRA_LL_independent_rms_s20.npz,76404,4ac50c9c2fd15028b6b8f616222094d6c5e0266e3beceb0d7fa237b912652041
tcn,electrode,43,bandpass_n20005_cRA_LL_independent_rms_s15,phase2/results/predictions/full/electrode/tcn/seed_43/bandpass_n20005_cRA_LL_independent_rms_s15.npz,76352,742e8097b99bd3019d082292df3b728d460b61ed1212cb6779ff1562d8fb1a7f
tcn,electrode,43,bandpass_n20005_cRA_LL_independent_rms_s10,phase2/results/predictions/full/electrode/tcn/seed_43/bandpass_n20005_cRA_LL_independent_rms_s10.npz,76355,6cb7423fc70bfeaf92f459acd9a971c601c4a3e0f0fd76408a667a1e4779542f
tcn,electrode,43,bandpass_n20005_cRA_LL_independent_rms_s5,phase2/results/predictions/full/electrode/tcn/seed_43/bandpass_n20005_cRA_LL_independent_rms_s5.npz,76254,fd052cc21c84553fae8fe3762043caf24eb41e40331db840fd06e334aa4dc9cc
tcn,electrode,43,bandpass_n20005_cRA_LL_independent_rms_s0,phase2/results/predictions/full/electrode/tcn/seed_43/bandpass_n20005_cRA_LL_independent_rms_s0.npz,75997,360be99f7140129926e279c8e27dcf92a67977c4f17cbaba77d98821e4cc8274
tcn,electrode,43,bandpass_n20005_cRA_LL_electrode_s20,phase2/results/predictions/full/electrode/tcn/seed_43/bandpass_n20005_cRA_LL_electrode_s20.npz,76361,4e944026ffeabf05ea467728be04bd9937c9604db15ad3e6da4acc90aacf83e3
tcn,electrode,43,bandpass_n20005_cRA_LL_electrode_s15,phase2/results/predictions/full/electrode/tcn/seed_43/bandpass_n20005_cRA_LL_electrode_s15.npz,76353,17f95dfef2ab10976963c75c328701a7090824850cc114be17f38ff7a6740cb3
tcn,electrode,43,bandpass_n20005_cRA_LL_electrode_s10,phase2/results/predictions/full/electrode/tcn/seed_43/bandpass_n20005_cRA_LL_electrode_s10.npz,76264,41e87b19bbe538adc6310e5bc834add8af3a88af534dd92c58ad1cfdce261d17
tcn,electrode,43,bandpass_n20005_cRA_LL_electrode_s5,phase2/results/predictions/full/electrode/tcn/seed_43/bandpass_n20005_cRA_LL_electrode_s5.npz,76074,63c404601245776a94b6ac0c3bb0cae47efc9ad155ca78d271e829be68a48aa1
tcn,electrode,43,bandpass_n20005_cRA_LL_electrode_s0,phase2/results/predictions/full/electrode/tcn/seed_43/bandpass_n20005_cRA_LL_electrode_s0.npz,75581,6ec28927b8bcda50f968a36f821069c1dae69709b22526b31efdd6f0b8db5896
tcn,electrode,43,bandpass_n20005_cRA_LL_covariance_s20,phase2/results/predictions/full/electrode/tcn/seed_43/bandpass_n20005_cRA_LL_covariance_s20.npz,76382,827d851baf74ca44f1d4f72f7c6733afd028959ed57e7364936fcb6cf24ad589
tcn,electrode,43,bandpass_n20005_cRA_LL_covariance_s15,phase2/results/predictions/full/electrode/tcn/seed_43/bandpass_n20005_cRA_LL_covariance_s15.npz,76347,943c6070b864b76abbd5957d553606d41e68be227e0fa6411cbd9958164edb53
tcn,electrode,43,bandpass_n20005_cRA_LL_covariance_s10,phase2/results/predictions/full/electrode/tcn/seed_43/bandpass_n20005_cRA_LL_covariance_s10.npz,76249,90202a44732c6a6e9c918f9fe0781fb70c0d976dd06571a9e8ff35311ed50d87
tcn,electrode,43,bandpass_n20005_cRA_LL_covariance_s5,phase2/results/predictions/full/electrode/tcn/seed_43/bandpass_n20005_cRA_LL_covariance_s5.npz,76099,5aa80c72488cea605270536a35c7d85aa2431b46ae643d40a0fd6d32c2ffe386
tcn,electrode,43,bandpass_n20005_cRA_LL_covariance_s0,phase2/results/predictions/full/electrode/tcn/seed_43/bandpass_n20005_cRA_LL_covariance_s0.npz,75603,277784fc8c9501ddbac6cbb59d0d87fdd30922fc5639daf07a563bcc89b101a5
tcn,electrode,43,bandpass_n20005_cRA_independent_rms_s20,phase2/results/predictions/full/electrode/tcn/seed_43/bandpass_n20005_cRA_independent_rms_s20.npz,76369,079d0b82605ec7aa3d38ecf9f33679e74e099ef55467a9ed9a49df48f5281420
tcn,electrode,43,bandpass_n20005_cRA_independent_rms_s15,phase2/results/predictions/full/electrode/tcn/seed_43/bandpass_n20005_cRA_independent_rms_s15.npz,76354,382b6444b1ff5460e3adfa4c9478a10d7ee54fc30e706c00d557519b26ef430f
tcn,electrode,43,bandpass_n20005_cRA_independent_rms_s10,phase2/results/predictions/full/electrode/tcn/seed_43/bandpass_n20005_cRA_independent_rms_s10.npz,76346,04a7db40a643b403edf1829d6a4c07d895081a6e937da35f6fe5029efc77f364
tcn,electrode,43,bandpass_n20005_cRA_independent_rms_s5,phase2/results/predictions/full/electrode/tcn/seed_43/bandpass_n20005_cRA_independent_rms_s5.npz,76251,007b1a1a3e9b1611c36b9b1f934a0d9518f09ee0ccf1384ba10d1c64dd021e9f
tcn,electrode,43,bandpass_n20005_cRA_independent_rms_s0,phase2/results/predictions/full/electrode/tcn/seed_43/bandpass_n20005_cRA_independent_rms_s0.npz,75998,8292ed5527dd4a43bb3a444ac83eb131c14b2e0d30399f88d9aa48d135d5264f
tcn,electrode,43,bandpass_n20005_cRA_electrode_s20,phase2/results/predictions/full/electrode/tcn/seed_43/bandpass_n20005_cRA_electrode_s20.npz,76374,8cc518c468fe676249f6fc9b20cceeeb71289202f9239db145e6a29a83ea2559
tcn,electrode,43,bandpass_n20005_cRA_electrode_s15,phase2/results/predictions/full/electrode/tcn/seed_43/bandpass_n20005_cRA_electrode_s15.npz,76340,2c22c27300dd92b1e473a584e4f27c96a008200095ccfd898f687a3ad4237084
tcn,electrode,43,bandpass_n20005_cRA_electrode_s10,phase2/results/predictions/full/electrode/tcn/seed_43/bandpass_n20005_cRA_electrode_s10.npz,76231,099281dac61cc751a3369ddd78ac48070dbe23b9f7431fa19831ea36b0fe0449
tcn,electrode,43,bandpass_n20005_cRA_electrode_s5,phase2/results/predictions/full/electrode/tcn/seed_43/bandpass_n20005_cRA_electrode_s5.npz,76028,ab5a1ccbdd7a4445eec9db47a40558ea52e88efa8b11e5ef594bfba277fa015c
tcn,electrode,43,bandpass_n20005_cRA_electrode_s0,phase2/results/predictions/full/electrode/tcn/seed_43/bandpass_n20005_cRA_electrode_s0.npz,75501,42105883f5f12d428f795c66c7730aff8eabb05f7f7158815903ee50cb8eda4d
tcn,electrode,43,bandpass_n20005_cRA_covariance_s20,phase2/results/predictions/full/electrode/tcn/seed_43/bandpass_n20005_cRA_covariance_s20.npz,76389,510ac793a9645b30efb319b799d5ff8ebb08edf432d0e369435b6288e8e6bbc2
tcn,electrode,43,bandpass_n20005_cRA_covariance_s15,phase2/results/predictions/full/electrode/tcn/seed_43/bandpass_n20005_cRA_covariance_s15.npz,76356,f832762aa40d0a27fb264b975471598f470828c72f99456bdb6f28960a282dcf
tcn,electrode,43,bandpass_n20005_cRA_covariance_s10,phase2/results/predictions/full/electrode/tcn/seed_43/bandpass_n20005_cRA_covariance_s10.npz,76226,336e5794428c0ea2cb2e1dcf2e80f24908a36e8b5f04dfcfde31c3c99a2a7edf
tcn,electrode,43,bandpass_n20005_cRA_covariance_s5,phase2/results/predictions/full/electrode/tcn/seed_43/bandpass_n20005_cRA_covariance_s5.npz,76041,993f64a40107d645cf6205b3ae05a71492dadd264728493a739a83fae1c5bee4
tcn,electrode,43,bandpass_n20005_cRA_covariance_s0,phase2/results/predictions/full/electrode/tcn/seed_43/bandpass_n20005_cRA_covariance_s0.npz,75544,5144d01b49299baafc4b2e141401566a0424aefc5d91a642daaad577731ccb4a
tcn,electrode,43,bandpass_n20005_cLA_independent_rms_s20,phase2/results/predictions/full/electrode/tcn/seed_43/bandpass_n20005_cLA_independent_rms_s20.npz,76381,30d495891da2102a2bc27632d87fbbafed69f7f0286da113e90e54c702cf529a
tcn,electrode,43,bandpass_n20005_cLA_independent_rms_s15,phase2/results/predictions/full/electrode/tcn/seed_43/bandpass_n20005_cLA_independent_rms_s15.npz,76369,d47011a3a0b1c3a5a1fb5ec733e612be6fb5b3bee8edd2fe89547391bfeda7d8
tcn,electrode,43,bandpass_n20005_cLA_independent_rms_s10,phase2/results/predictions/full/electrode/tcn/seed_43/bandpass_n20005_cLA_independent_rms_s10.npz,76358,6cafb611ea52219fccafa9b3c7c786450bc44a80187e225f3fac2196fa06feab
tcn,electrode,43,bandpass_n20005_cLA_independent_rms_s5,phase2/results/predictions/full/electrode/tcn/seed_43/bandpass_n20005_cLA_independent_rms_s5.npz,76205,1bce514455e6d9656b94e2a2b9dcf9025f699bc3d12ac378d3f53238eb4f63e2
tcn,electrode,43,bandpass_n20005_cLA_independent_rms_s0,phase2/results/predictions/full/electrode/tcn/seed_43/bandpass_n20005_cLA_independent_rms_s0.npz,75958,01f6dc33d012f6e8b5f6f44d9ff573865c44f38ca675b6f9cdc04e5e0cc9b741
tcn,electrode,43,bandpass_n20005_cLA_electrode_s20,phase2/results/predictions/full/electrode/tcn/seed_43/bandpass_n20005_cLA_electrode_s20.npz,76359,84b5075d14c38c361aa801cae68812e40cec4fe63d72253492f09a27f56c6430
tcn,electrode,43,bandpass_n20005_cLA_electrode_s15,phase2/results/predictions/full/electrode/tcn/seed_43/bandpass_n20005_cLA_electrode_s15.npz,76351,8d8d12ed5d0b0a34c8705c891993dd17e4768155384348d7868e5918845a9c0f
tcn,electrode,43,bandpass_n20005_cLA_electrode_s10,phase2/results/predictions/full/electrode/tcn/seed_43/bandpass_n20005_cLA_electrode_s10.npz,76324,349768e49743f58bfeda5dc47e35d36f10aac0e562477519c0bca3bcd3706527
tcn,electrode,43,bandpass_n20005_cLA_electrode_s5,phase2/results/predictions/full/electrode/tcn/seed_43/bandpass_n20005_cLA_electrode_s5.npz,76185,fa884e52ba85ae7cc8a9f9ea43c653cd69e40a9364d3b412a2748932d19916c9
tcn,electrode,43,bandpass_n20005_cLA_electrode_s0,phase2/results/predictions/full/electrode/tcn/seed_43/bandpass_n20005_cLA_electrode_s0.npz,75896,04209d890e5dd4110d2c09e2784929e3904833fb28e4c9d62d82eb0888c5fd46
tcn,electrode,43,bandpass_n20005_cLA_covariance_s20,phase2/results/predictions/full/electrode/tcn/seed_43/bandpass_n20005_cLA_covariance_s20.npz,76382,18b17324155f31e4112386fa385acad678fef4191d5979eac960bf260773acc7
tcn,electrode,43,bandpass_n20005_cLA_covariance_s15,phase2/results/predictions/full/electrode/tcn/seed_43/bandpass_n20005_cLA_covariance_s15.npz,76346,4ce73a69a1c84d22d000d6aecc18a9e70e04c220dfc4212aa5c94fb94aaedac8
tcn,electrode,43,bandpass_n20005_cLA_covariance_s10,phase2/results/predictions/full/electrode/tcn/seed_43/bandpass_n20005_cLA_covariance_s10.npz,76301,ab3d833f7b0a224cd600a82277cd94f9a15ec73c989b63ed1e5d66842d88791e
tcn,electrode,43,bandpass_n20005_cLA_covariance_s5,phase2/results/predictions/full/electrode/tcn/seed_43/bandpass_n20005_cLA_covariance_s5.npz,76163,f3be658ac4058fdc206dbd77dd49df9bb0c2de139673edea8d5d1201dd2c1dab
tcn,electrode,43,bandpass_n20005_cLA_covariance_s0,phase2/results/predictions/full/electrode/tcn/seed_43/bandpass_n20005_cLA_covariance_s0.npz,75878,045b9784a451ddce72db1441ba4e8756e562ac225cd05998fb871c502f3e1103
tcn,electrode,43,bandpass_n20005_cLL_independent_rms_s20,phase2/results/predictions/full/electrode/tcn/seed_43/bandpass_n20005_cLL_independent_rms_s20.npz,76397,43553e642ac269007b5d91d1642d723d75a28065dabbb44a1b23ad81db0a4f55
tcn,electrode,43,bandpass_n20005_cLL_independent_rms_s15,phase2/results/predictions/full/electrode/tcn/seed_43/bandpass_n20005_cLL_independent_rms_s15.npz,76363,41d402a9a23030424c08d1ff0875ebbf37ac4b79e2f5909140454998c0c66f3c
tcn,electrode,43,bandpass_n20005_cLL_independent_rms_s10,phase2/results/predictions/full/electrode/tcn/seed_43/bandpass_n20005_cLL_independent_rms_s10.npz,76338,2cb31c0ca490b1918aaf4eeb560e52df638598a43944adb0afbd02cce7e1885b
tcn,electrode,43,bandpass_n20005_cLL_independent_rms_s5,phase2/results/predictions/full/electrode/tcn/seed_43/bandpass_n20005_cLL_independent_rms_s5.npz,76208,28887f3c9be816fa40daf832e473a535b16207877e8b11cd0806721008ee0fe5
tcn,electrode,43,bandpass_n20005_cLL_independent_rms_s0,phase2/results/predictions/full/electrode/tcn/seed_43/bandpass_n20005_cLL_independent_rms_s0.npz,75964,6bf7a98c9022e812eb28b496817f02aad813f0dfa2dcc7ce8027c65e2132b46e
tcn,electrode,43,bandpass_n20005_cLL_electrode_s20,phase2/results/predictions/full/electrode/tcn/seed_43/bandpass_n20005_cLL_electrode_s20.npz,76361,f31f6a4a9eca6eef2662e3ae07bd038ce751d50430d3f98724c7e88c4bb40f86
tcn,electrode,43,bandpass_n20005_cLL_electrode_s15,phase2/results/predictions/full/electrode/tcn/seed_43/bandpass_n20005_cLL_electrode_s15.npz,76368,6658469dcf98d0248f71d4c432091fb11cc7a38cd677c1c9fd8760348650be7d
tcn,electrode,43,bandpass_n20005_cLL_electrode_s10,phase2/results/predictions/full/electrode/tcn/seed_43/bandpass_n20005_cLL_electrode_s10.npz,76290,4b48dd38a117f313d14c2b03166cf7adb6d7c03da36a365e37f5c827f8d48ba0
tcn,electrode,43,bandpass_n20005_cLL_electrode_s5,phase2/results/predictions/full/electrode/tcn/seed_43/bandpass_n20005_cLL_electrode_s5.npz,76140,b79a398b204048735021ae4c6895431e839458c18ee8edf0741f77eabd12cf00
tcn,electrode,43,bandpass_n20005_cLL_electrode_s0,phase2/results/predictions/full/electrode/tcn/seed_43/bandpass_n20005_cLL_electrode_s0.npz,75853,79549c731685ac1f2ad2b368ddac743519c2795a4d4cef0cff8e957cadb8a425
tcn,electrode,43,bandpass_n20005_cLL_covariance_s20,phase2/results/predictions/full/electrode/tcn/seed_43/bandpass_n20005_cLL_covariance_s20.npz,76384,b5f792cebb4587920de9f8d1647570c703006f8bb40d79188c3322ebd0c53edb
tcn,electrode,43,bandpass_n20005_cLL_covariance_s15,phase2/results/predictions/full/electrode/tcn/seed_43/bandpass_n20005_cLL_covariance_s15.npz,76362,2e153490ceaf1db3f1620d32fe45b4f72e49bd45786a1238e9874e5adbeb0b14
tcn,electrode,43,bandpass_n20005_cLL_covariance_s10,phase2/results/predictions/full/electrode/tcn/seed_43/bandpass_n20005_cLL_covariance_s10.npz,76287,3dda0fab1a87b9dfdc7a44c48a38a0b224736ab49dd588c83969c67afb81d4fa
tcn,electrode,43,bandpass_n20005_cLL_covariance_s5,phase2/results/predictions/full/electrode/tcn/seed_43/bandpass_n20005_cLL_covariance_s5.npz,76166,f07d8232c4d18e7bc6fc66ec86bc884270580b375fe1770975364d6b06c9ac9b
tcn,electrode,43,bandpass_n20005_cLL_covariance_s0,phase2/results/predictions/full/electrode/tcn/seed_43/bandpass_n20005_cLL_covariance_s0.npz,75862,3168f3cee75b36690a5c8c5d9bed193becd6bd0c810a7e48ddf2fbd5ab6fec52
tcn,electrode,43,bandpass_n20005_cRA_V1_independent_rms_s20,phase2/results/predictions/full/electrode/tcn/seed_43/bandpass_n20005_cRA_V1_independent_rms_s20.npz,76430,1906e02a7e91534222e4d81f905c924d83ebf2beb26aa04a8b9d999797a5af7c
tcn,electrode,43,bandpass_n20005_cRA_V1_independent_rms_s15,phase2/results/predictions/full/electrode/tcn/seed_43/bandpass_n20005_cRA_V1_independent_rms_s15.npz,76385,3d7391ed0e60a108c5c43a93d9b2b835f1263562105de837a50834607931b29f
tcn,electrode,43,bandpass_n20005_cRA_V1_independent_rms_s10,phase2/results/predictions/full/electrode/tcn/seed_43/bandpass_n20005_cRA_V1_independent_rms_s10.npz,76339,7243f4a48ce74d1d2988396da0b3c5a67a701c561262090a3e25fe06585727f5
tcn,electrode,43,bandpass_n20005_cRA_V1_independent_rms_s5,phase2/results/predictions/full/electrode/tcn/seed_43/bandpass_n20005_cRA_V1_independent_rms_s5.npz,76233,5697a4d7d94e280ec47bc83996326823299c38ad046654b4bbd4adcc7ea23193
tcn,electrode,43,bandpass_n20005_cRA_V1_independent_rms_s0,phase2/results/predictions/full/electrode/tcn/seed_43/bandpass_n20005_cRA_V1_independent_rms_s0.npz,75985,16684f6f0dcb5d69dd0870733f6c1d1c258316d6cee5881a202a2449d846daa0
tcn,electrode,43,bandpass_n20005_cRA_V1_electrode_s20,phase2/results/predictions/full/electrode/tcn/seed_43/bandpass_n20005_cRA_V1_electrode_s20.npz,76353,f51bdbf20663d289a8d4bc2caff0fb2690787607c4015639f561c630bf850dba
tcn,electrode,43,bandpass_n20005_cRA_V1_electrode_s15,phase2/results/predictions/full/electrode/tcn/seed_43/bandpass_n20005_cRA_V1_electrode_s15.npz,76335,dc8c81aabba1ea2ee9e82aff874b1bd56097f129235d509dbff66d4fa53c558b
tcn,electrode,43,bandpass_n20005_cRA_V1_electrode_s10,phase2/results/predictions/full/electrode/tcn/seed_43/bandpass_n20005_cRA_V1_electrode_s10.npz,76249,fc0ce2c65fd1de02fa95f1f6e690bea1fb34a55bf84eb083058df80e072c31cd
tcn,electrode,43,bandpass_n20005_cRA_V1_electrode_s5,phase2/results/predictions/full/electrode/tcn/seed_43/bandpass_n20005_cRA_V1_electrode_s5.npz,76053,0f924c9905b06ada2b8dffc33081bfccd1e024e611468467426c3e66df64520f
tcn,electrode,43,bandpass_n20005_cRA_V1_electrode_s0,phase2/results/predictions/full/electrode/tcn/seed_43/bandpass_n20005_cRA_V1_electrode_s0.npz,75586,dc4a6cf01bfbf8a8257628a3b86199f27afcc8b325ef70e93437b638b4a497df
tcn,electrode,43,bandpass_n20005_cRA_V1_covariance_s20,phase2/results/predictions/full/electrode/tcn/seed_43/bandpass_n20005_cRA_V1_covariance_s20.npz,76371,52125faf7689f9041273750eeb14ead50c71a0218b580c4772d077e4030a4edd
tcn,electrode,43,bandpass_n20005_cRA_V1_covariance_s15,phase2/results/predictions/full/electrode/tcn/seed_43/bandpass_n20005_cRA_V1_covariance_s15.npz,76376,75249ba502a2f942f070accf2669ffa2891213ace96e3631358706d3acb92f29
tcn,electrode,43,bandpass_n20005_cRA_V1_covariance_s10,phase2/results/predictions/full/electrode/tcn/seed_43/bandpass_n20005_cRA_V1_covariance_s10.npz,76274,f53623b37dd62f3b18273cafac71363cf89fca27d19dd1601f3580427dc8e809
tcn,electrode,43,bandpass_n20005_cRA_V1_covariance_s5,phase2/results/predictions/full/electrode/tcn/seed_43/bandpass_n20005_cRA_V1_covariance_s5.npz,76049,ed39ff0402cf81b8afb6e2185cc0c186889786bccdedc8ae62e1ff2a13eb92d6
tcn,electrode,43,bandpass_n20005_cRA_V1_covariance_s0,phase2/results/predictions/full/electrode/tcn/seed_43/bandpass_n20005_cRA_V1_covariance_s0.npz,75555,c597312d711a1b35defce9b7bce6f9f9453df4c943c51a4979afd7747ed581d6
tcn,electrode,43,bandpass_n20005_cLA_V6_independent_rms_s20,phase2/results/predictions/full/electrode/tcn/seed_43/bandpass_n20005_cLA_V6_independent_rms_s20.npz,76408,38c0bf4ef176d324ae6524a7476e613243c925d5089a1ace7bb738e88b3f8365
tcn,electrode,43,bandpass_n20005_cLA_V6_independent_rms_s15,phase2/results/predictions/full/electrode/tcn/seed_43/bandpass_n20005_cLA_V6_independent_rms_s15.npz,76370,2136574e78c4be1e7882c8dd37c9b5ae1cb2692711e2836868e1ebd73ffec5da
tcn,electrode,43,bandpass_n20005_cLA_V6_independent_rms_s10,phase2/results/predictions/full/electrode/tcn/seed_43/bandpass_n20005_cLA_V6_independent_rms_s10.npz,76393,394819d7c80eb94c7d1f8e692036b221908e0a56153fb0dab11af39c5ffd0de4
tcn,electrode,43,bandpass_n20005_cLA_V6_independent_rms_s5,phase2/results/predictions/full/electrode/tcn/seed_43/bandpass_n20005_cLA_V6_independent_rms_s5.npz,76253,7f8f5016173f5145e622497bfac6c795820d0c9e04ef3fd0e56c4bbcc8c8ff66
tcn,electrode,43,bandpass_n20005_cLA_V6_independent_rms_s0,phase2/results/predictions/full/electrode/tcn/seed_43/bandpass_n20005_cLA_V6_independent_rms_s0.npz,75992,78a37493741929b69d66f68b5240866e9070c60b3b158a30be9532b53f9a3805
tcn,electrode,43,bandpass_n20005_cLA_V6_electrode_s20,phase2/results/predictions/full/electrode/tcn/seed_43/bandpass_n20005_cLA_V6_electrode_s20.npz,76373,2cb7b6cd635bab6b983a82af8db59a311de7e847c54624fa5b945a1622110510
tcn,electrode,43,bandpass_n20005_cLA_V6_electrode_s15,phase2/results/predictions/full/electrode/tcn/seed_43/bandpass_n20005_cLA_V6_electrode_s15.npz,76374,3ba958779ba39233fb22115b5a5386c79931630b8142cec6d321f2d2ef8dc7e1
tcn,electrode,43,bandpass_n20005_cLA_V6_electrode_s10,phase2/results/predictions/full/electrode/tcn/seed_43/bandpass_n20005_cLA_V6_electrode_s10.npz,76310,4378719a5da0586e8947e82dba4b920a72e586a243990495d206684cd385cb8a
tcn,electrode,43,bandpass_n20005_cLA_V6_electrode_s5,phase2/results/predictions/full/electrode/tcn/seed_43/bandpass_n20005_cLA_V6_electrode_s5.npz,76209,9db58f31314b1b769ec6669f3c60c29812ce232be523b06fb4f2ad096c16a0bc
tcn,electrode,43,bandpass_n20005_cLA_V6_electrode_s0,phase2/results/predictions/full/electrode/tcn/seed_43/bandpass_n20005_cLA_V6_electrode_s0.npz,75901,d497376d46b29f276fa194b1f392e1463f9d4ad3d5fc7291135e9da51685a9d1
tcn,electrode,43,bandpass_n20005_cLA_V6_covariance_s20,phase2/results/predictions/full/electrode/tcn/seed_43/bandpass_n20005_cLA_V6_covariance_s20.npz,76388,63d4a6d624ba802574f816b5eb2fbe36a99084de516285ab9e0d44f463d76490
tcn,electrode,43,bandpass_n20005_cLA_V6_covariance_s15,phase2/results/predictions/full/electrode/tcn/seed_43/bandpass_n20005_cLA_V6_covariance_s15.npz,76362,b4a49ff786c0a3ef941cd6b994e592eaf31361a7e5e4cdd1af676fc07ec2a019
tcn,electrode,43,bandpass_n20005_cLA_V6_covariance_s10,phase2/results/predictions/full/electrode/tcn/seed_43/bandpass_n20005_cLA_V6_covariance_s10.npz,76319,27cb2d815725858d280d6e465d0e8ebfe68577c7d332c5cdd7d830caa1adcd9a
tcn,electrode,43,bandpass_n20005_cLA_V6_covariance_s5,phase2/results/predictions/full/electrode/tcn/seed_43/bandpass_n20005_cLA_V6_covariance_s5.npz,76186,f9f22fecf886d0b348f8535de0af9dc0efa60dd0c1331d62df497cf26782eb5f
tcn,electrode,43,bandpass_n20005_cLA_V6_covariance_s0,phase2/results/predictions/full/electrode/tcn/seed_43/bandpass_n20005_cLA_V6_covariance_s0.npz,75915,941ef81d04b4b2169e865d1188b3c3511a9be32940d964448a3ad13c62c4f2d9
tcn,electrode,43,bandpass_n20005_cLL_V4_independent_rms_s20,phase2/results/predictions/full/electrode/tcn/seed_43/bandpass_n20005_cLL_V4_independent_rms_s20.npz,76413,592fe04c7100344b8fdc085807f5002322a683c1623a36111949772f4dd3cde5
tcn,electrode,43,bandpass_n20005_cLL_V4_independent_rms_s15,phase2/results/predictions/full/electrode/tcn/seed_43/bandpass_n20005_cLL_V4_independent_rms_s15.npz,76395,f01b32546fc85c672d4361f89d0be71dd4b04668779a4036191b3d478323e622
tcn,electrode,43,bandpass_n20005_cLL_V4_independent_rms_s10,phase2/results/predictions/full/electrode/tcn/seed_43/bandpass_n20005_cLL_V4_independent_rms_s10.npz,76358,5a5a1403a04e6d6c4c0e9dcf85576ccfb44bebad6fb92711149441f01f374528
tcn,electrode,43,bandpass_n20005_cLL_V4_independent_rms_s5,phase2/results/predictions/full/electrode/tcn/seed_43/bandpass_n20005_cLL_V4_independent_rms_s5.npz,76244,f378648323bd5a006c6cc1f85b56ed23efea6c25c9bce5227fcb52a5983e9e84
tcn,electrode,43,bandpass_n20005_cLL_V4_independent_rms_s0,phase2/results/predictions/full/electrode/tcn/seed_43/bandpass_n20005_cLL_V4_independent_rms_s0.npz,75980,8f233c6f94957f173272143de3a33fc5f54b47811385a2a40e383a3016bc194a
tcn,electrode,43,bandpass_n20005_cLL_V4_electrode_s20,phase2/results/predictions/full/electrode/tcn/seed_43/bandpass_n20005_cLL_V4_electrode_s20.npz,76386,0ea4d100934a49c141f54338b88744b4343a5579ce4eb2189b649401ae34575b
tcn,electrode,43,bandpass_n20005_cLL_V4_electrode_s15,phase2/results/predictions/full/electrode/tcn/seed_43/bandpass_n20005_cLL_V4_electrode_s15.npz,76347,02dce36f660372ae34e744ec5588bc373ab00d2e4963449dea162600bba5ca5a
tcn,electrode,43,bandpass_n20005_cLL_V4_electrode_s10,phase2/results/predictions/full/electrode/tcn/seed_43/bandpass_n20005_cLL_V4_electrode_s10.npz,76326,a49ec8a84f8880e1ec01eb2aab639b464474cba531f1a7777b5fe88d91e810cb
tcn,electrode,43,bandpass_n20005_cLL_V4_electrode_s5,phase2/results/predictions/full/electrode/tcn/seed_43/bandpass_n20005_cLL_V4_electrode_s5.npz,76180,4d3491f23aa4ce7fe204a00f63b092f6b0c4be39d802357cb75428d12a68a323
tcn,electrode,43,bandpass_n20005_cLL_V4_electrode_s0,phase2/results/predictions/full/electrode/tcn/seed_43/bandpass_n20005_cLL_V4_electrode_s0.npz,75883,b81598421ab7a6c9458f9752fe4372ff352ab775ec455ada725471aef169d61f
tcn,electrode,43,bandpass_n20005_cLL_V4_covariance_s20,phase2/results/predictions/full/electrode/tcn/seed_43/bandpass_n20005_cLL_V4_covariance_s20.npz,76384,bb1756dc737134c927ddfaeaf1c1cad4c6d06a5786a637ae7085c096120d236d
tcn,electrode,43,bandpass_n20005_cLL_V4_covariance_s15,phase2/results/predictions/full/electrode/tcn/seed_43/bandpass_n20005_cLL_V4_covariance_s15.npz,76355,e1a03fe035eccf497999928a40aa59e4d262338c413bf0b7ae2866493e92eb7a
tcn,electrode,43,bandpass_n20005_cLL_V4_covariance_s10,phase2/results/predictions/full/electrode/tcn/seed_43/bandpass_n20005_cLL_V4_covariance_s10.npz,76313,c53f65b410d2e4809600599e56bf32234e06d6bb6b894a69d7953b1478d1d172
tcn,electrode,43,bandpass_n20005_cLL_V4_covariance_s5,phase2/results/predictions/full/electrode/tcn/seed_43/bandpass_n20005_cLL_V4_covariance_s5.npz,76174,904e16ee0f315b9044933235dc295fbc6ba0ad8ebdf8be619a41f8393782b1ff
tcn,electrode,43,bandpass_n20005_cLL_V4_covariance_s0,phase2/results/predictions/full/electrode/tcn/seed_43/bandpass_n20005_cLL_V4_covariance_s0.npz,75852,fa43574ba27eb81d3d7bde3f743bf006dcff04f10599985a12075079dd83aedb
tcn,electrode,43,bandpass_n20005_cRA_LA_V1_V6_independent_rms_s20,phase2/results/predictions/full/electrode/tcn/seed_43/bandpass_n20005_cRA_LA_V1_V6_independent_rms_s20.npz,76419,9b0906c7ca78e601d1b18dfb964eae8ddfaaadeac8c3e73164ef8e9c28c91c97
tcn,electrode,43,bandpass_n20005_cRA_LA_V1_V6_independent_rms_s15,phase2/results/predictions/full/electrode/tcn/seed_43/bandpass_n20005_cRA_LA_V1_V6_independent_rms_s15.npz,76371,bbb101c4b18b3d931bbfaa582e9d975d3f4e6e28195af2f601e8cc576a814ce7
tcn,electrode,43,bandpass_n20005_cRA_LA_V1_V6_independent_rms_s10,phase2/results/predictions/full/electrode/tcn/seed_43/bandpass_n20005_cRA_LA_V1_V6_independent_rms_s10.npz,76371,1f048b7bddee4501a6cfcdd8fde09204eaff8b5ee8761fb85abfcfd6f0b3784c
tcn,electrode,43,bandpass_n20005_cRA_LA_V1_V6_independent_rms_s5,phase2/results/predictions/full/electrode/tcn/seed_43/bandpass_n20005_cRA_LA_V1_V6_independent_rms_s5.npz,76254,75232f67b32f1ab96c213c8acad3ef2d61acba63839521e337eed8a70946b4d9
tcn,electrode,43,bandpass_n20005_cRA_LA_V1_V6_independent_rms_s0,phase2/results/predictions/full/electrode/tcn/seed_43/bandpass_n20005_cRA_LA_V1_V6_independent_rms_s0.npz,75972,1d7208ed15b88781d3e21489f411f4c0852b3cd2c0e8a44d7ab62718f817f3ff
tcn,electrode,43,bandpass_n20005_cRA_LA_V1_V6_electrode_s20,phase2/results/predictions/full/electrode/tcn/seed_43/bandpass_n20005_cRA_LA_V1_V6_electrode_s20.npz,76426,8dc2f91be1e20c1e14697829e831421d2c646ae73ab2dd5582e514bbeb07d39a
tcn,electrode,43,bandpass_n20005_cRA_LA_V1_V6_electrode_s15,phase2/results/predictions/full/electrode/tcn/seed_43/bandpass_n20005_cRA_LA_V1_V6_electrode_s15.npz,76356,4fb4720b3b9783ecc37c35d4f2900c3310f98028113af659187c7317683f0a0c
tcn,electrode,43,bandpass_n20005_cRA_LA_V1_V6_electrode_s10,phase2/results/predictions/full/electrode/tcn/seed_43/bandpass_n20005_cRA_LA_V1_V6_electrode_s10.npz,76288,62d3bf9be7422ab8cb60ac5ac2b2fb1c1689e0952d30ae1a2ec311c4f040e0b0
tcn,electrode,43,bandpass_n20005_cRA_LA_V1_V6_electrode_s5,phase2/results/predictions/full/electrode/tcn/seed_43/bandpass_n20005_cRA_LA_V1_V6_electrode_s5.npz,76130,d381e9b7c84be695c439b0ea78ac2f92224375adb603ea8e3d83dd072171ac12
tcn,electrode,43,bandpass_n20005_cRA_LA_V1_V6_electrode_s0,phase2/results/predictions/full/electrode/tcn/seed_43/bandpass_n20005_cRA_LA_V1_V6_electrode_s0.npz,75712,a0e5fde15e543b947b727a94b2d371c42009cdaf917a69f6b3a4f1e6c9f07a62
tcn,electrode,43,bandpass_n20005_cRA_LA_V1_V6_covariance_s20,phase2/results/predictions/full/electrode/tcn/seed_43/bandpass_n20005_cRA_LA_V1_V6_covariance_s20.npz,76377,c37abb850489c361895fafadb7bed0e370e9430a5cc83a06c623682d009b5579
tcn,electrode,43,bandpass_n20005_cRA_LA_V1_V6_covariance_s15,phase2/results/predictions/full/electrode/tcn/seed_43/bandpass_n20005_cRA_LA_V1_V6_covariance_s15.npz,76392,64ba0c36d1053a442111320ed74b917eb7bf2db8483a3c599e77da1e14441684
tcn,electrode,43,bandpass_n20005_cRA_LA_V1_V6_covariance_s10,phase2/results/predictions/full/electrode/tcn/seed_43/bandpass_n20005_cRA_LA_V1_V6_covariance_s10.npz,76324,3251efb350a10e5f8b2cd2784f5d3cc2bdae49bfc2b6cc27c22c02fae45b9934
tcn,electrode,43,bandpass_n20005_cRA_LA_V1_V6_covariance_s5,phase2/results/predictions/full/electrode/tcn/seed_43/bandpass_n20005_cRA_LA_V1_V6_covariance_s5.npz,76131,c9f452830c58c96a0e64a6169e104bdb5d1d103e6992a9ac250e4cef0103704e
tcn,electrode,43,bandpass_n20005_cRA_LA_V1_V6_covariance_s0,phase2/results/predictions/full/electrode/tcn/seed_43/bandpass_n20005_cRA_LA_V1_V6_covariance_s0.npz,75705,38cb0a233183b94d87be218e478d5985754fa3da790586898a017e596f547972
tcn,electrode,43,bandpass_n20005_cRA_V2_V5_independent_rms_s20,phase2/results/predictions/full/electrode/tcn/seed_43/bandpass_n20005_cRA_V2_V5_independent_rms_s20.npz,76419,7900e8dfc396e306c64cde5978131e942cf6a0005b0a4d61f3daa480e1c086b4
tcn,electrode,43,bandpass_n20005_cRA_V2_V5_independent_rms_s15,phase2/results/predictions/full/electrode/tcn/seed_43/bandpass_n20005_cRA_V2_V5_independent_rms_s15.npz,76362,0eaf23cc5f257f2ca74f3cbc7130894051458e5f1fc6fda34ae778f0f094477e
tcn,electrode,43,bandpass_n20005_cRA_V2_V5_independent_rms_s10,phase2/results/predictions/full/electrode/tcn/seed_43/bandpass_n20005_cRA_V2_V5_independent_rms_s10.npz,76385,6e591b81a4bbf0591ae71945d95f689aa468d6718cea641b96528788842f3ac3
tcn,electrode,43,bandpass_n20005_cRA_V2_V5_independent_rms_s5,phase2/results/predictions/full/electrode/tcn/seed_43/bandpass_n20005_cRA_V2_V5_independent_rms_s5.npz,76250,8d8823c13e640a54c2714d5caf2b7852336a97c1a5e1aa1a95fb9121cc6f9190
tcn,electrode,43,bandpass_n20005_cRA_V2_V5_independent_rms_s0,phase2/results/predictions/full/electrode/tcn/seed_43/bandpass_n20005_cRA_V2_V5_independent_rms_s0.npz,75988,a389ebd029c02cfc811cb959e2c845f1c42d8ef47b26a10730cd33c5c2833f53
tcn,electrode,43,bandpass_n20005_cRA_V2_V5_electrode_s20,phase2/results/predictions/full/electrode/tcn/seed_43/bandpass_n20005_cRA_V2_V5_electrode_s20.npz,76384,ff65f73cebf9cfae82c0e3890f48385194f546936d65f70f92dc1b40a531f3e4
tcn,electrode,43,bandpass_n20005_cRA_V2_V5_electrode_s15,phase2/results/predictions/full/electrode/tcn/seed_43/bandpass_n20005_cRA_V2_V5_electrode_s15.npz,76393,2bac349f331b9b07f6b075c25ca3aa4eda2b15b6b502b814ffdb777d6468c74f
tcn,electrode,43,bandpass_n20005_cRA_V2_V5_electrode_s10,phase2/results/predictions/full/electrode/tcn/seed_43/bandpass_n20005_cRA_V2_V5_electrode_s10.npz,76305,93d2efcab0b172ed51295b93cc3b804a6d0c9bedc47ac2559274f0d72b632afa
tcn,electrode,43,bandpass_n20005_cRA_V2_V5_electrode_s5,phase2/results/predictions/full/electrode/tcn/seed_43/bandpass_n20005_cRA_V2_V5_electrode_s5.npz,76122,1cf557c09b8146b7d4c7da75dcdc80ac9afbc29ee62b0d8b57c343509698222a
tcn,electrode,43,bandpass_n20005_cRA_V2_V5_electrode_s0,phase2/results/predictions/full/electrode/tcn/seed_43/bandpass_n20005_cRA_V2_V5_electrode_s0.npz,75650,accb80f2570a4c844b3727fef6b42a6cf8c77386b0f5ccdb4d5c91b08fb47ae3
tcn,electrode,43,bandpass_n20005_cRA_V2_V5_covariance_s20,phase2/results/predictions/full/electrode/tcn/seed_43/bandpass_n20005_cRA_V2_V5_covariance_s20.npz,76401,0c2ff7681e6b2853ee525cb310f646835eecd8e7f0519fa491ddb6373abc2038
tcn,electrode,43,bandpass_n20005_cRA_V2_V5_covariance_s15,phase2/results/predictions/full/electrode/tcn/seed_43/bandpass_n20005_cRA_V2_V5_covariance_s15.npz,76364,2d42ecad31a0cdf78a2bacab397e4c56043317a70c4b582572eb0380bb9da31a
tcn,electrode,43,bandpass_n20005_cRA_V2_V5_covariance_s10,phase2/results/predictions/full/electrode/tcn/seed_43/bandpass_n20005_cRA_V2_V5_covariance_s10.npz,76279,3a28540cf60e2a120ddafc62b93610b753fefea7a0437100416cbe6d2394d5c5
tcn,electrode,43,bandpass_n20005_cRA_V2_V5_covariance_s5,phase2/results/predictions/full/electrode/tcn/seed_43/bandpass_n20005_cRA_V2_V5_covariance_s5.npz,76062,cec701273cb99d092524c6894d518af6dd5bdac22a55ebd09a61bd1d1b740ab6
tcn,electrode,43,bandpass_n20005_cRA_V2_V5_covariance_s0,phase2/results/predictions/full/electrode/tcn/seed_43/bandpass_n20005_cRA_V2_V5_covariance_s0.npz,75652,064b84487f94a88ba5eafb778ea5904f315f6a1b725b194e0a2a93eb3546eb44
tcn,electrode,43,bandpass_n20005_cLA_V3_V6_independent_rms_s20,phase2/results/predictions/full/electrode/tcn/seed_43/bandpass_n20005_cLA_V3_V6_independent_rms_s20.npz,76375,51da01fcf9b0717097465441ab6a32927ec13841ab96ae64bee0a8571c848cd4
tcn,electrode,43,bandpass_n20005_cLA_V3_V6_independent_rms_s15,phase2/results/predictions/full/electrode/tcn/seed_43/bandpass_n20005_cLA_V3_V6_independent_rms_s15.npz,76387,5799883872e32974a8e0851f5da5f35d9cb39751fbf5e3275621e6e083439ed8
tcn,electrode,43,bandpass_n20005_cLA_V3_V6_independent_rms_s10,phase2/results/predictions/full/electrode/tcn/seed_43/bandpass_n20005_cLA_V3_V6_independent_rms_s10.npz,76378,08e02bf732fc249d6e627be4486eb114a10de242cc8edf6194cd57df5c0d1e98
tcn,electrode,43,bandpass_n20005_cLA_V3_V6_independent_rms_s5,phase2/results/predictions/full/electrode/tcn/seed_43/bandpass_n20005_cLA_V3_V6_independent_rms_s5.npz,76273,d4b4d2e82bc5b3deeb651fd2fb937646b26c34320dc5238e947a171a48d8db23
tcn,electrode,43,bandpass_n20005_cLA_V3_V6_independent_rms_s0,phase2/results/predictions/full/electrode/tcn/seed_43/bandpass_n20005_cLA_V3_V6_independent_rms_s0.npz,76008,ce524d1daad2adc3c9089acd591cc50977a59a95f797cbb6555abf8f6d74bf60
tcn,electrode,43,bandpass_n20005_cLA_V3_V6_electrode_s20,phase2/results/predictions/full/electrode/tcn/seed_43/bandpass_n20005_cLA_V3_V6_electrode_s20.npz,76377,094b655a850a85b9d1d53b07aad4c19bf43ac8ae0b4ec66113b8036483bc9b96
tcn,electrode,43,bandpass_n20005_cLA_V3_V6_electrode_s15,phase2/results/predictions/full/electrode/tcn/seed_43/bandpass_n20005_cLA_V3_V6_electrode_s15.npz,76387,440c949773e0bbbb8027b5bcbce477b2b7d08aef48a03b92f994f849f30a1db2
tcn,electrode,43,bandpass_n20005_cLA_V3_V6_electrode_s10,phase2/results/predictions/full/electrode/tcn/seed_43/bandpass_n20005_cLA_V3_V6_electrode_s10.npz,76324,ad292912cc704c156a3e74ac24b34fbde8b61aeff44417df5a145cdb2f9b383c
tcn,electrode,43,bandpass_n20005_cLA_V3_V6_electrode_s5,phase2/results/predictions/full/electrode/tcn/seed_43/bandpass_n20005_cLA_V3_V6_electrode_s5.npz,76244,bc8959f9f2463391b56cd42ad65b45e8363bb39d934f69cb9b2e68020579b9cf
tcn,electrode,43,bandpass_n20005_cLA_V3_V6_electrode_s0,phase2/results/predictions/full/electrode/tcn/seed_43/bandpass_n20005_cLA_V3_V6_electrode_s0.npz,75938,7f55fe0f033dc329a7aa4d0174153db9ff06c0fb2a07c3700a654d9643d6a2db
tcn,electrode,43,bandpass_n20005_cLA_V3_V6_covariance_s20,phase2/results/predictions/full/electrode/tcn/seed_43/bandpass_n20005_cLA_V3_V6_covariance_s20.npz,76402,d313f89844171b0348b4210bd04b9aa7b3feb6dbc534385a8b861e812f9b121d
tcn,electrode,43,bandpass_n20005_cLA_V3_V6_covariance_s15,phase2/results/predictions/full/electrode/tcn/seed_43/bandpass_n20005_cLA_V3_V6_covariance_s15.npz,76398,f36898eca2fb42f1ad84c65f5b87b6be356900042f6735f173e1e98bba446ee1
tcn,electrode,43,bandpass_n20005_cLA_V3_V6_covariance_s10,phase2/results/predictions/full/electrode/tcn/seed_43/bandpass_n20005_cLA_V3_V6_covariance_s10.npz,76371,c53fd8fb8e0c6c2618f4cc57d52909b0a87ca208917d81d2522c03aa97b6f22e
tcn,electrode,43,bandpass_n20005_cLA_V3_V6_covariance_s5,phase2/results/predictions/full/electrode/tcn/seed_43/bandpass_n20005_cLA_V3_V6_covariance_s5.npz,76222,9e74ab2cf3db86ef62d66b814012b4f28f8944ab68047b20a79f34e8bdcc4647
tcn,electrode,43,bandpass_n20005_cLA_V3_V6_covariance_s0,phase2/results/predictions/full/electrode/tcn/seed_43/bandpass_n20005_cLA_V3_V6_covariance_s0.npz,75934,107b1595111fb11a3e596be383ddef792aa626d577a9336b5236e92c14d1c557
tcn,electrode,43,bandpass_n20005_cLL_V1_V4_independent_rms_s20,phase2/results/predictions/full/electrode/tcn/seed_43/bandpass_n20005_cLL_V1_V4_independent_rms_s20.npz,76412,472fb093eb0dd5df69316e06da812754a51bb8066ba9b1670ff7e069d2384fb6
tcn,electrode,43,bandpass_n20005_cLL_V1_V4_independent_rms_s15,phase2/results/predictions/full/electrode/tcn/seed_43/bandpass_n20005_cLL_V1_V4_independent_rms_s15.npz,76386,3b0b10c505b68bf56b38ddca9366431c7de57c778c8740189345a8db429c205f
tcn,electrode,43,bandpass_n20005_cLL_V1_V4_independent_rms_s10,phase2/results/predictions/full/electrode/tcn/seed_43/bandpass_n20005_cLL_V1_V4_independent_rms_s10.npz,76349,6fab2f42ff91a7adc2d7fff32fa80f8c9829be447fd442184bc9968a85861666
tcn,electrode,43,bandpass_n20005_cLL_V1_V4_independent_rms_s5,phase2/results/predictions/full/electrode/tcn/seed_43/bandpass_n20005_cLL_V1_V4_independent_rms_s5.npz,76249,9e691b352fc40e5ea3186ef6e225b17f0f5f74539f441945135db36088cd5021
tcn,electrode,43,bandpass_n20005_cLL_V1_V4_independent_rms_s0,phase2/results/predictions/full/electrode/tcn/seed_43/bandpass_n20005_cLL_V1_V4_independent_rms_s0.npz,75980,01b1b1ef43bd60fb42f145b0f12f37936dd61ecaeaba1b3a94f8adc799f66868
tcn,electrode,43,bandpass_n20005_cLL_V1_V4_electrode_s20,phase2/results/predictions/full/electrode/tcn/seed_43/bandpass_n20005_cLL_V1_V4_electrode_s20.npz,76373,3b0ed4cf98b7d7507ee0aaecb28b3f8cc59263020a8b3d6c359b52b1058a1767
tcn,electrode,43,bandpass_n20005_cLL_V1_V4_electrode_s15,phase2/results/predictions/full/electrode/tcn/seed_43/bandpass_n20005_cLL_V1_V4_electrode_s15.npz,76390,9e911a9b7e1dd15fecac1f01eace24f8e0b381ef0daf35631a89db2090f2ee42
tcn,electrode,43,bandpass_n20005_cLL_V1_V4_electrode_s10,phase2/results/predictions/full/electrode/tcn/seed_43/bandpass_n20005_cLL_V1_V4_electrode_s10.npz,76309,6aabb8064e8fbb5236da5e413fed27325d70d780152d0853fe249a6b3099b692
tcn,electrode,43,bandpass_n20005_cLL_V1_V4_electrode_s5,phase2/results/predictions/full/electrode/tcn/seed_43/bandpass_n20005_cLL_V1_V4_electrode_s5.npz,76191,aff30fc0be68b5550aa0c12ee25ffc984679d7a2d3b3e4f06c751740d0224b23
tcn,electrode,43,bandpass_n20005_cLL_V1_V4_electrode_s0,phase2/results/predictions/full/electrode/tcn/seed_43/bandpass_n20005_cLL_V1_V4_electrode_s0.npz,75912,9f780ec93ecbf3802a0ecd29b5b2390595e4e515e2c40bcc1758f9be4d7562e7
tcn,electrode,43,bandpass_n20005_cLL_V1_V4_covariance_s20,phase2/results/predictions/full/electrode/tcn/seed_43/bandpass_n20005_cLL_V1_V4_covariance_s20.npz,76383,1c5a5dd14591ee7deb9514ff510ba3414be42f524f646a19b3583eb464b004cb
tcn,electrode,43,bandpass_n20005_cLL_V1_V4_covariance_s15,phase2/results/predictions/full/electrode/tcn/seed_43/bandpass_n20005_cLL_V1_V4_covariance_s15.npz,76370,9c10f37b39e90cdf1812aa725d1014e923f5f576b47ce626b60b01e3ce0f306d
tcn,electrode,43,bandpass_n20005_cLL_V1_V4_covariance_s10,phase2/results/predictions/full/electrode/tcn/seed_43/bandpass_n20005_cLL_V1_V4_covariance_s10.npz,76333,9d76f5bd601547544f652755165fb21d24fea433a952e68270caf7419fd936d8
tcn,electrode,43,bandpass_n20005_cLL_V1_V4_covariance_s5,phase2/results/predictions/full/electrode/tcn/seed_43/bandpass_n20005_cLL_V1_V4_covariance_s5.npz,76167,fead2b5b13422501939ee48100283711733e14c1a3165af09dd1557a5c372a8c
tcn,electrode,43,bandpass_n20005_cLL_V1_V4_covariance_s0,phase2/results/predictions/full/electrode/tcn/seed_43/bandpass_n20005_cLL_V1_V4_covariance_s0.npz,75920,c0cdf1e96c69bac0b31abc2e80677b56abdc13b0997eb5244faae0049402b443
tcn,electrode,43,bandpass_n20005_call_independent_rms_s20,phase2/results/predictions/full/electrode/tcn/seed_43/bandpass_n20005_call_independent_rms_s20.npz,76385,39c20a98cd746490ad0216fe643851defd01fdab5b4cffc0f54b257d69ee1703
tcn,electrode,43,bandpass_n20005_call_independent_rms_s15,phase2/results/predictions/full/electrode/tcn/seed_43/bandpass_n20005_call_independent_rms_s15.npz,76330,380609222e680eb6678f470880c6fa715661072cad08d2dc6f02ac170bc78992
tcn,electrode,43,bandpass_n20005_call_independent_rms_s10,phase2/results/predictions/full/electrode/tcn/seed_43/bandpass_n20005_call_independent_rms_s10.npz,76300,eb1719ced409a5881aef8eba859338e28a9313cee5acbb9de855fca8511ac47c
tcn,electrode,43,bandpass_n20005_call_independent_rms_s5,phase2/results/predictions/full/electrode/tcn/seed_43/bandpass_n20005_call_independent_rms_s5.npz,76232,4540f376756a6ac2bf50b890a9109e4b7b17a1dc6692776b4a8530df899ecd9e
tcn,electrode,43,bandpass_n20005_call_independent_rms_s0,phase2/results/predictions/full/electrode/tcn/seed_43/bandpass_n20005_call_independent_rms_s0.npz,75967,c91066a901c8ed49b86237ba2512d37c8e43aeecf344c5820a706974ce7626dd
tcn,electrode,43,bandpass_n20005_call_electrode_s20,phase2/results/predictions/full/electrode/tcn/seed_43/bandpass_n20005_call_electrode_s20.npz,76346,f0e6a4dca7c971a759bf22d5e191506c34300300850ae6979b658f9adeff4dfb
tcn,electrode,43,bandpass_n20005_call_electrode_s15,phase2/results/predictions/full/electrode/tcn/seed_43/bandpass_n20005_call_electrode_s15.npz,76335,71ff22ac3a884b04f2f014e94efa8cbbca6599d25bdad5d9104e75c6108ac01a
tcn,electrode,43,bandpass_n20005_call_electrode_s10,phase2/results/predictions/full/electrode/tcn/seed_43/bandpass_n20005_call_electrode_s10.npz,76296,dc71df7ca9fc7dd3429b9b000a387624d0ee169534d116eca8f035652435307c
tcn,electrode,43,bandpass_n20005_call_electrode_s5,phase2/results/predictions/full/electrode/tcn/seed_43/bandpass_n20005_call_electrode_s5.npz,76144,74255117b1d67dff6ba360914c1fc787e1ce9425dd0a3b74bb1e6233b1cb6869
tcn,electrode,43,bandpass_n20005_call_electrode_s0,phase2/results/predictions/full/electrode/tcn/seed_43/bandpass_n20005_call_electrode_s0.npz,75763,cd10ff0d15b5a05574975b488e37e2dcf2fb906dd32dceeec91eb1b73b5d74af
tcn,electrode,43,bandpass_n20005_call_covariance_s20,phase2/results/predictions/full/electrode/tcn/seed_43/bandpass_n20005_call_covariance_s20.npz,76363,87fb204248a0fb69b47e48d0e43b92bdd9e2c571796600740de317b6f4d9bb68
tcn,electrode,43,bandpass_n20005_call_covariance_s15,phase2/results/predictions/full/electrode/tcn/seed_43/bandpass_n20005_call_covariance_s15.npz,76340,4ab327d29539fcb9773c4882497529930cd7b5e7942c752c222fe17bbe7e1c8f
tcn,electrode,43,bandpass_n20005_call_covariance_s10,phase2/results/predictions/full/electrode/tcn/seed_43/bandpass_n20005_call_covariance_s10.npz,76291,eba460ff85718c7791bbec701da3d9884c0fc3cfe4c113cf55a81e92b1c5b82b
tcn,electrode,43,bandpass_n20005_call_covariance_s5,phase2/results/predictions/full/electrode/tcn/seed_43/bandpass_n20005_call_covariance_s5.npz,76111,88075329b0d79cf73ebed03decf377b9f48f4e32597311dd9b3bf4f38736ae3f
tcn,electrode,43,bandpass_n20005_call_covariance_s0,phase2/results/predictions/full/electrode/tcn/seed_43/bandpass_n20005_call_covariance_s0.npz,75722,11c433d5a00b92d3eab5112a235499768ee8b9bc0b13930ba3349036287298a3
tcn,electrode,43,bw_n20001_call_independent_rms_s20,phase2/results/predictions/full/electrode/tcn/seed_43/bw_n20001_call_independent_rms_s20.npz,76358,dcec70c3a0bca94f420a5fe063f3fca4861dd04f538ac088501144814bc89bad
tcn,electrode,43,bw_n20001_call_independent_rms_s10,phase2/results/predictions/full/electrode/tcn/seed_43/bw_n20001_call_independent_rms_s10.npz,76391,2271b764462497f033772a29f115212c8e94d220bd069e7f506743390af4940e
tcn,electrode,43,bw_n20001_call_independent_rms_s0,phase2/results/predictions/full/electrode/tcn/seed_43/bw_n20001_call_independent_rms_s0.npz,76100,c1259511b53ad75eaceaa76fca107f5aca931b96363a9128c8b3f6fb3a672821
tcn,electrode,43,bw_n20001_call_electrode_s20,phase2/results/predictions/full/electrode/tcn/seed_43/bw_n20001_call_electrode_s20.npz,76325,65eed626494008b632a8335db2c309029dbbb295c15485ce5714404dc5ac70a9
tcn,electrode,43,bw_n20001_call_electrode_s10,phase2/results/predictions/full/electrode/tcn/seed_43/bw_n20001_call_electrode_s10.npz,76295,8e0c7d74b573b6f9353b0d1c5d22bb7e61f6922e47c0e7ae724992e86c1da5ba
tcn,electrode,43,bw_n20001_call_electrode_s0,phase2/results/predictions/full/electrode/tcn/seed_43/bw_n20001_call_electrode_s0.npz,76070,522ddde3b41d732827bb22072bf6104bafce18493da1628c7fcbf4c88694d4dd
tcn,electrode,43,bw_n20001_call_covariance_s20,phase2/results/predictions/full/electrode/tcn/seed_43/bw_n20001_call_covariance_s20.npz,76372,41e753f252ee08dbb215bd5e68c3c20c8b52d9314ca3f0e4e7af9898240e4afd
tcn,electrode,43,bw_n20001_call_covariance_s10,phase2/results/predictions/full/electrode/tcn/seed_43/bw_n20001_call_covariance_s10.npz,76327,9ffa7fba739de86399ddda4b3718cb533b331eeb0015d592ef0e785f7f160903
tcn,electrode,43,bw_n20001_call_covariance_s0,phase2/results/predictions/full/electrode/tcn/seed_43/bw_n20001_call_covariance_s0.npz,76077,b53c85b83eebdeb0516283deef19ba44bd6d80c41616225f658dad5041333b35
tcn,electrode,43,bw_n20002_call_independent_rms_s20,phase2/results/predictions/full/electrode/tcn/seed_43/bw_n20002_call_independent_rms_s20.npz,76369,d37f18fd3766c4295128c32fdc4f58662e6d66932af3b72943dfdc9828a3299c
tcn,electrode,43,bw_n20002_call_independent_rms_s10,phase2/results/predictions/full/electrode/tcn/seed_43/bw_n20002_call_independent_rms_s10.npz,76353,15ddaef62b468f3d2b87a9260fe5e1dc4804cba3229a0d07b8dea34c1aea98db
tcn,electrode,43,bw_n20002_call_independent_rms_s0,phase2/results/predictions/full/electrode/tcn/seed_43/bw_n20002_call_independent_rms_s0.npz,76084,63ccdc2fcd93449b1a7064d946558fa2aceb448eee48dc0e61696b73fae6a301
tcn,electrode,43,bw_n20002_call_electrode_s20,phase2/results/predictions/full/electrode/tcn/seed_43/bw_n20002_call_electrode_s20.npz,76349,8da2cdf5d8e511fa60db7bbadbf6672cd3c38626232828a80cc743f7ed8c6e5c
tcn,electrode,43,bw_n20002_call_electrode_s10,phase2/results/predictions/full/electrode/tcn/seed_43/bw_n20002_call_electrode_s10.npz,76336,30d2bef48e9ff0ee6dc3ebfea3b1f68d99e8423e37e697a48bf113dcb89e47a9
tcn,electrode,43,bw_n20002_call_electrode_s0,phase2/results/predictions/full/electrode/tcn/seed_43/bw_n20002_call_electrode_s0.npz,76078,3e7b883ab7b6202e997797c8e502d9ed7cff0685f52a4b201e0746611d581d54
tcn,electrode,43,bw_n20002_call_covariance_s20,phase2/results/predictions/full/electrode/tcn/seed_43/bw_n20002_call_covariance_s20.npz,76344,a6e875828294fd5dceb56baaf4ed4e4ff256a92aba0daaafb391a9c59438822e
tcn,electrode,43,bw_n20002_call_covariance_s10,phase2/results/predictions/full/electrode/tcn/seed_43/bw_n20002_call_covariance_s10.npz,76326,9a78fd0cc48ac6004c399ccf79c4c4a222a0cab9f3d67fcb40365b4500f3ffac
tcn,electrode,43,bw_n20002_call_covariance_s0,phase2/results/predictions/full/electrode/tcn/seed_43/bw_n20002_call_covariance_s0.npz,76101,01c76b7765e6c5653aa99c1a79c6cee50793e27c2832deb0842b7525e798aa00
tcn,electrode,43,bw_n20003_call_independent_rms_s20,phase2/results/predictions/full/electrode/tcn/seed_43/bw_n20003_call_independent_rms_s20.npz,76340,2031dc84a6cbb09c883e3877dfc77e7a65adfb1b8d098072a37c9dcca67e8e26
tcn,electrode,43,bw_n20003_call_independent_rms_s10,phase2/results/predictions/full/electrode/tcn/seed_43/bw_n20003_call_independent_rms_s10.npz,76348,c3535b9faf27de1885a033a471df48b8e84d05e902238ad641e6bed18c30a560
tcn,electrode,43,bw_n20003_call_independent_rms_s0,phase2/results/predictions/full/electrode/tcn/seed_43/bw_n20003_call_independent_rms_s0.npz,76077,5e7d7a4855db87d52dc86699f2919b7a9cae9ef158a66ea87c12c5eb721fd414
tcn,electrode,43,bw_n20003_call_electrode_s20,phase2/results/predictions/full/electrode/tcn/seed_43/bw_n20003_call_electrode_s20.npz,76377,80e3b5a3362a6442a35d8f3c251a06ea397419681b8469f7fceb3331d49b462f
tcn,electrode,43,bw_n20003_call_electrode_s10,phase2/results/predictions/full/electrode/tcn/seed_43/bw_n20003_call_electrode_s10.npz,76330,c627d33f2fe583d6f64a9e3e132abd3f3db7587fe7507b5383ba25448ac0d6c3
tcn,electrode,43,bw_n20003_call_electrode_s0,phase2/results/predictions/full/electrode/tcn/seed_43/bw_n20003_call_electrode_s0.npz,76070,b28aa0bcf2dc63b4a599a0d8a10234405186a123df2322c0f885db60e455f738
tcn,electrode,43,bw_n20003_call_covariance_s20,phase2/results/predictions/full/electrode/tcn/seed_43/bw_n20003_call_covariance_s20.npz,76368,88b154927f0c6f6e5739247f24a3669558df58a710843deedbcbc2d26da3c620
tcn,electrode,43,bw_n20003_call_covariance_s10,phase2/results/predictions/full/electrode/tcn/seed_43/bw_n20003_call_covariance_s10.npz,76298,7986374640a04793e31089beb705b8fab5be01ed05f686992b77755da2919a92
tcn,electrode,43,bw_n20003_call_covariance_s0,phase2/results/predictions/full/electrode/tcn/seed_43/bw_n20003_call_covariance_s0.npz,76054,dc4b8875f040d523cb48676f25326fc00373e4741a988f4a2c57828eee65cade
tcn,electrode,43,bw_n20004_call_independent_rms_s20,phase2/results/predictions/full/electrode/tcn/seed_43/bw_n20004_call_independent_rms_s20.npz,76392,4acd4cf160fa5b1695ef44a483405d467f8f1b82d51f218e65a9137dde2667fc
tcn,electrode,43,bw_n20004_call_independent_rms_s10,phase2/results/predictions/full/electrode/tcn/seed_43/bw_n20004_call_independent_rms_s10.npz,76353,aae7d8001277bf4ea9b70e9c37650b1f77bbdc7c376e6c38c0a811edf1c5db26
tcn,electrode,43,bw_n20004_call_independent_rms_s0,phase2/results/predictions/full/electrode/tcn/seed_43/bw_n20004_call_independent_rms_s0.npz,76139,bc875c450b6cf09482026737249b65643dd8a0c876bdaab048ce86dcc352897b
tcn,electrode,43,bw_n20004_call_electrode_s20,phase2/results/predictions/full/electrode/tcn/seed_43/bw_n20004_call_electrode_s20.npz,76324,174e5f924f1a5da9c8b2a9afd421b0e1542f1402d9836c33783fdd87589f4aab
tcn,electrode,43,bw_n20004_call_electrode_s10,phase2/results/predictions/full/electrode/tcn/seed_43/bw_n20004_call_electrode_s10.npz,76330,49fdd739d3b4ea1b7a9c9aa2a621da17181cd845f57f07bbc3c390c92f4aba96
tcn,electrode,43,bw_n20004_call_electrode_s0,phase2/results/predictions/full/electrode/tcn/seed_43/bw_n20004_call_electrode_s0.npz,76051,0611542750c753569d6f6db599a630bed5cc8e6635668165ed29332d8eeb4766
tcn,electrode,43,bw_n20004_call_covariance_s20,phase2/results/predictions/full/electrode/tcn/seed_43/bw_n20004_call_covariance_s20.npz,76328,5ba49ccdaf49e5567a413a70669d6f0602b07384d7ff48f1afa532f45457e94d
tcn,electrode,43,bw_n20004_call_covariance_s10,phase2/results/predictions/full/electrode/tcn/seed_43/bw_n20004_call_covariance_s10.npz,76346,2539e36f2b400894a5ee10312c6e70e6553821847dffb76b14e7b7f0303ac51f
tcn,electrode,43,bw_n20004_call_covariance_s0,phase2/results/predictions/full/electrode/tcn/seed_43/bw_n20004_call_covariance_s0.npz,76060,e724b57ec2bebbb91cacda0c99e47fb505aa9c0f928829087dfaa1c09a657f90
tcn,electrode,43,bw_n20005_call_independent_rms_s20,phase2/results/predictions/full/electrode/tcn/seed_43/bw_n20005_call_independent_rms_s20.npz,76357,ba0e14c9e8ff9c0e9bea6b4167bc9952f94b57ce842a5019605d06debc03d13d
tcn,electrode,43,bw_n20005_call_independent_rms_s10,phase2/results/predictions/full/electrode/tcn/seed_43/bw_n20005_call_independent_rms_s10.npz,76346,55c33a07855c00cca34a80a44cf879f723a919ae5dba3e6bcf4a6cafe71853d8
tcn,electrode,43,bw_n20005_call_independent_rms_s0,phase2/results/predictions/full/electrode/tcn/seed_43/bw_n20005_call_independent_rms_s0.npz,76126,23afd7ba3933658231427d9de659103af72bdbf5d898779b3986a6d2e2ba22f7
tcn,electrode,43,bw_n20005_call_electrode_s20,phase2/results/predictions/full/electrode/tcn/seed_43/bw_n20005_call_electrode_s20.npz,76340,2001a4c3081aa3ecab5b6ca89e49a8efc480f32be3b8af5d38104669b6c3b086
tcn,electrode,43,bw_n20005_call_electrode_s10,phase2/results/predictions/full/electrode/tcn/seed_43/bw_n20005_call_electrode_s10.npz,76300,63a75dc4d628802805bf692f2617d3b915adec8d3d492346f12c301f24dde999
tcn,electrode,43,bw_n20005_call_electrode_s0,phase2/results/predictions/full/electrode/tcn/seed_43/bw_n20005_call_electrode_s0.npz,76084,a57f1ca1f1702cc73e7cbdca0e05cfc2508a63c9d5a32eee5e619bf1cf1e5dfa
tcn,electrode,43,bw_n20005_call_covariance_s20,phase2/results/predictions/full/electrode/tcn/seed_43/bw_n20005_call_covariance_s20.npz,76365,deaaaa5530c2042d9742aed423cd82d77f53438f3683ce7a272fcd7b3914cfd1
tcn,electrode,43,bw_n20005_call_covariance_s10,phase2/results/predictions/full/electrode/tcn/seed_43/bw_n20005_call_covariance_s10.npz,76343,16fed5827b27da6e4fcad1d3bf74c9707984a8423136874b8ebf8a8c029ff4c7
tcn,electrode,43,bw_n20005_call_covariance_s0,phase2/results/predictions/full/electrode/tcn/seed_43/bw_n20005_call_covariance_s0.npz,76073,516a308bad08be0ade225f76ee1de01a0076bb5934ccb4671d7e130b78d0c857
tcn,electrode,43,ma_n20001_call_independent_rms_s20,phase2/results/predictions/full/electrode/tcn/seed_43/ma_n20001_call_independent_rms_s20.npz,76377,45de1e39dd83884b41ae5178c91597986d13fb79423420eea8be37a2e779ee37
tcn,electrode,43,ma_n20001_call_independent_rms_s10,phase2/results/predictions/full/electrode/tcn/seed_43/ma_n20001_call_independent_rms_s10.npz,76353,f93a470eb8dc56fa7452e39dbbc74730dc0e2ec909b8c4b1842251af812750a5
tcn,electrode,43,ma_n20001_call_independent_rms_s0,phase2/results/predictions/full/electrode/tcn/seed_43/ma_n20001_call_independent_rms_s0.npz,76084,d6931721b448356c44f4ac6154b4b502c32f2d0676df4a13b0c033a345cf75ad
tcn,electrode,43,ma_n20001_call_electrode_s20,phase2/results/predictions/full/electrode/tcn/seed_43/ma_n20001_call_electrode_s20.npz,76356,d72839d0df25b46fc609e2c3ce5410e0e8c8b48d6972f3ed82311fa57ada42a4
tcn,electrode,43,ma_n20001_call_electrode_s10,phase2/results/predictions/full/electrode/tcn/seed_43/ma_n20001_call_electrode_s10.npz,76338,420abfff16fceecbf9388ee06bdd96ec6954063b4428c5a2e02d59d392693c25
tcn,electrode,43,ma_n20001_call_electrode_s0,phase2/results/predictions/full/electrode/tcn/seed_43/ma_n20001_call_electrode_s0.npz,76085,21a93ce75237a3b7a9523ee27ce72b69566571fddf0ebb0f3d1251cc300f23c9
tcn,electrode,43,ma_n20001_call_covariance_s20,phase2/results/predictions/full/electrode/tcn/seed_43/ma_n20001_call_covariance_s20.npz,76336,9473bc3478448bac5ac53a40b661ed3ae010deb42cea30e159b30b41808f35aa
tcn,electrode,43,ma_n20001_call_covariance_s10,phase2/results/predictions/full/electrode/tcn/seed_43/ma_n20001_call_covariance_s10.npz,76321,3406fc9b663d7b03de899b0278bac8add21f7549ed56b12ddd9c2bdfaa89e771
tcn,electrode,43,ma_n20001_call_covariance_s0,phase2/results/predictions/full/electrode/tcn/seed_43/ma_n20001_call_covariance_s0.npz,76041,a68dfd8dd935305dfcedae7a32c8cbfbaadec17a56196c4814a160bd7d497441
tcn,electrode,43,ma_n20002_call_independent_rms_s20,phase2/results/predictions/full/electrode/tcn/seed_43/ma_n20002_call_independent_rms_s20.npz,76348,7d8087db3f80baca7e2da11794b2c848935cbdb2350d8e572bf4ad546947640b
tcn,electrode,43,ma_n20002_call_independent_rms_s10,phase2/results/predictions/full/electrode/tcn/seed_43/ma_n20002_call_independent_rms_s10.npz,76353,5675d637be8a86c229189bdcdf58c71c7dcc8568746dd0f3d424c30218f7a09a
tcn,electrode,43,ma_n20002_call_independent_rms_s0,phase2/results/predictions/full/electrode/tcn/seed_43/ma_n20002_call_independent_rms_s0.npz,76080,e844e76fac4716701335ef4a55f35677f9a90239aff44f010985be4201508f38
tcn,electrode,43,ma_n20002_call_electrode_s20,phase2/results/predictions/full/electrode/tcn/seed_43/ma_n20002_call_electrode_s20.npz,76317,2401c7d8373a75d80fb346a916324f80f9340306f8b18b453b7786eed6147a0d
tcn,electrode,43,ma_n20002_call_electrode_s10,phase2/results/predictions/full/electrode/tcn/seed_43/ma_n20002_call_electrode_s10.npz,76314,2df7c2e1c099aaf65abfa6de64596f0f7ea508db496a2c243608d9a421886d43
tcn,electrode,43,ma_n20002_call_electrode_s0,phase2/results/predictions/full/electrode/tcn/seed_43/ma_n20002_call_electrode_s0.npz,76016,c5e500d591096ceab0f4f245a14d688dc372e0041d562ac0b160b7fabb29432e
tcn,electrode,43,ma_n20002_call_covariance_s20,phase2/results/predictions/full/electrode/tcn/seed_43/ma_n20002_call_covariance_s20.npz,76351,7ba813a2de415b86c65b0b657ceda7cf41b8327e308cc831ff2b9b2668fcb8b5
tcn,electrode,43,ma_n20002_call_covariance_s10,phase2/results/predictions/full/electrode/tcn/seed_43/ma_n20002_call_covariance_s10.npz,76305,11d056e444f917628d53091fb8902475178ea28a01e007a2fd410f3fa3ca1c7e
tcn,electrode,43,ma_n20002_call_covariance_s0,phase2/results/predictions/full/electrode/tcn/seed_43/ma_n20002_call_covariance_s0.npz,76031,accd249ff0dd166a4b477e05f4aaa82f827d22e71ef8e069c0db9c63da155861
tcn,electrode,43,ma_n20003_call_independent_rms_s20,phase2/results/predictions/full/electrode/tcn/seed_43/ma_n20003_call_independent_rms_s20.npz,76362,55bada8f02d2671aee247f813c90f3bafa20b24c505bda0a5cbc1471f7098d3c
tcn,electrode,43,ma_n20003_call_independent_rms_s10,phase2/results/predictions/full/electrode/tcn/seed_43/ma_n20003_call_independent_rms_s10.npz,76358,a683023afcde34bcc5ae74edef31f8dd1de03ca6de60bbbc5a4f0ac1cd2b36dd
tcn,electrode,43,ma_n20003_call_independent_rms_s0,phase2/results/predictions/full/electrode/tcn/seed_43/ma_n20003_call_independent_rms_s0.npz,76065,4cdc3f29c7daf0f4f77087e284f1c9aa8d9b5fae797392ade6d4bd56bf6735d3
tcn,electrode,43,ma_n20003_call_electrode_s20,phase2/results/predictions/full/electrode/tcn/seed_43/ma_n20003_call_electrode_s20.npz,76344,fed64711681e38b0b808eb88e3614496e6f1f69af59957de2a29409edb6ba236
tcn,electrode,43,ma_n20003_call_electrode_s10,phase2/results/predictions/full/electrode/tcn/seed_43/ma_n20003_call_electrode_s10.npz,76293,26d3c72e87cf3ef5f236153fa0554e6ef88c99b2dbce2b9fd2c1ae38500ffd6a
tcn,electrode,43,ma_n20003_call_electrode_s0,phase2/results/predictions/full/electrode/tcn/seed_43/ma_n20003_call_electrode_s0.npz,76017,bbb20b340b563fd83eeac7139eaee66c93d4353e5701b9fb964a260d5de4034d
tcn,electrode,43,ma_n20003_call_covariance_s20,phase2/results/predictions/full/electrode/tcn/seed_43/ma_n20003_call_covariance_s20.npz,76377,7e1c8f38d1c56f5181c59986c1c08dcaebf58fd942288a41fa93f42ec73c783a
tcn,electrode,43,ma_n20003_call_covariance_s10,phase2/results/predictions/full/electrode/tcn/seed_43/ma_n20003_call_covariance_s10.npz,76351,37bac848835623fc6d671ee8943608672501a350d9d6414f237d3c78caaf46a0
tcn,electrode,43,ma_n20003_call_covariance_s0,phase2/results/predictions/full/electrode/tcn/seed_43/ma_n20003_call_covariance_s0.npz,76017,e13da2dcd2b5cf0e11edd7d2f115b8588beccdcd796a75df5db4d4fd2891ab87
tcn,electrode,43,ma_n20004_call_independent_rms_s20,phase2/results/predictions/full/electrode/tcn/seed_43/ma_n20004_call_independent_rms_s20.npz,76376,796d41a16f68abf4a6e7be724d8b5ad7771883dd519b9e0067993545f14ef2ba
tcn,electrode,43,ma_n20004_call_independent_rms_s10,phase2/results/predictions/full/electrode/tcn/seed_43/ma_n20004_call_independent_rms_s10.npz,76331,3c5591a9fea86977fbf26994b7147b3a7e17119a3a7a3ecae2f0f701501f4621
tcn,electrode,43,ma_n20004_call_independent_rms_s0,phase2/results/predictions/full/electrode/tcn/seed_43/ma_n20004_call_independent_rms_s0.npz,76082,84167bf172ff5e2eb64f293bff4ce6f79b6187042eaa4d550c804647707793ff
tcn,electrode,43,ma_n20004_call_electrode_s20,phase2/results/predictions/full/electrode/tcn/seed_43/ma_n20004_call_electrode_s20.npz,76326,cb95fc00be6658a8475268c990b761ad7e3474a536c1ba51c4853ef0ae1b59da
tcn,electrode,43,ma_n20004_call_electrode_s10,phase2/results/predictions/full/electrode/tcn/seed_43/ma_n20004_call_electrode_s10.npz,76317,805380ee91d0822f0520116c59fa2e1e8e9a3a3485c52bf6ea00777972f1d0d0
tcn,electrode,43,ma_n20004_call_electrode_s0,phase2/results/predictions/full/electrode/tcn/seed_43/ma_n20004_call_electrode_s0.npz,76026,2f8fee8ca3d12eb2009d049ab6f31c924e6396c3b1edc1a563bdbe5ec2008933
tcn,electrode,43,ma_n20004_call_covariance_s20,phase2/results/predictions/full/electrode/tcn/seed_43/ma_n20004_call_covariance_s20.npz,76349,ea3f0e6d79fb07b1391f2a2e6992ecf050f98f6a2356ec105a0f12cbd29fab6f
tcn,electrode,43,ma_n20004_call_covariance_s10,phase2/results/predictions/full/electrode/tcn/seed_43/ma_n20004_call_covariance_s10.npz,76341,d44f85ebb93710246461cd6e250aa3c62bbdac9dc1b02b924fbc5677c54fc8ee
tcn,electrode,43,ma_n20004_call_covariance_s0,phase2/results/predictions/full/electrode/tcn/seed_43/ma_n20004_call_covariance_s0.npz,76047,0a6b9b84077b864ce67b36e88b9c489f091ba85f696f92fb58e24fc960fe1a9c
tcn,electrode,43,ma_n20005_call_independent_rms_s20,phase2/results/predictions/full/electrode/tcn/seed_43/ma_n20005_call_independent_rms_s20.npz,76346,4482328099ed7ac2bde931cab9cc5fb41d20539d562d0dcb84848fe70dbbfd50
tcn,electrode,43,ma_n20005_call_independent_rms_s10,phase2/results/predictions/full/electrode/tcn/seed_43/ma_n20005_call_independent_rms_s10.npz,76321,fd773fc70d25f1e92f5cfbc28c8a6f83a9d95501af1438a4c96edfc2a06b2035
tcn,electrode,43,ma_n20005_call_independent_rms_s0,phase2/results/predictions/full/electrode/tcn/seed_43/ma_n20005_call_independent_rms_s0.npz,76081,b1a46d8621946e60fc0df96ea3558e026deb0af64264ea358061a2d994105543
tcn,electrode,43,ma_n20005_call_electrode_s20,phase2/results/predictions/full/electrode/tcn/seed_43/ma_n20005_call_electrode_s20.npz,76336,9b2b2d42d821748d00622cf6c9b2f25c96a12e9ff4e2740c2809b4962d7fe044
tcn,electrode,43,ma_n20005_call_electrode_s10,phase2/results/predictions/full/electrode/tcn/seed_43/ma_n20005_call_electrode_s10.npz,76300,0e037e647beb00bd385845362498edbd7ee0a75d77e67baa51a3d1e959ecb8bb
tcn,electrode,43,ma_n20005_call_electrode_s0,phase2/results/predictions/full/electrode/tcn/seed_43/ma_n20005_call_electrode_s0.npz,76018,92b9245fee7af47b4b6c0600dca825b9e86015e640bbbd8ab0a8c1fc5ce532a2
tcn,electrode,43,ma_n20005_call_covariance_s20,phase2/results/predictions/full/electrode/tcn/seed_43/ma_n20005_call_covariance_s20.npz,76331,73bd1228a5bc952591968e7ec61af2b7a82c794a20dea3f78d661ccd78623df1
tcn,electrode,43,ma_n20005_call_covariance_s10,phase2/results/predictions/full/electrode/tcn/seed_43/ma_n20005_call_covariance_s10.npz,76320,691de4853ac0255b3782257432d0f485b2b440ee51881846fb56173e7e5e3fb3
tcn,electrode,43,ma_n20005_call_covariance_s0,phase2/results/predictions/full/electrode/tcn/seed_43/ma_n20005_call_covariance_s0.npz,76019,c08c5bee38a3f90c005e7a32c3887711077a721d6346e12a8b6a954c2fa019fb
tcn,electrode,43,em_n20001_call_independent_rms_s20,phase2/results/predictions/full/electrode/tcn/seed_43/em_n20001_call_independent_rms_s20.npz,76364,e89c1d145a458eea0f555dd5761b8209e47b0bac3fda44c3b9d009714c93192c
tcn,electrode,43,em_n20001_call_independent_rms_s10,phase2/results/predictions/full/electrode/tcn/seed_43/em_n20001_call_independent_rms_s10.npz,76330,917872511e0aa81e59604fd1b67b0e5ce51995a26e5871b0918c6cf5d4444e07
tcn,electrode,43,em_n20001_call_independent_rms_s0,phase2/results/predictions/full/electrode/tcn/seed_43/em_n20001_call_independent_rms_s0.npz,76024,407fa331864867c95b434e5077891e4321c5c5ec4dda0eb997178d239b4ac11e
tcn,electrode,43,em_n20001_call_electrode_s20,phase2/results/predictions/full/electrode/tcn/seed_43/em_n20001_call_electrode_s20.npz,76348,a111080f856d3343c8daea847010eaf339fa5ccd8cd855b88f5cf04b5bc8c74c
tcn,electrode,43,em_n20001_call_electrode_s10,phase2/results/predictions/full/electrode/tcn/seed_43/em_n20001_call_electrode_s10.npz,76271,cafe0087d80f0239cd0a547b07ece75325c748da608f342176552899cf684046
tcn,electrode,43,em_n20001_call_electrode_s0,phase2/results/predictions/full/electrode/tcn/seed_43/em_n20001_call_electrode_s0.npz,75826,dc44b1e04d18e5a0a641f6a0b7361eec864a222ab8e298480919369d3bbb530c
tcn,electrode,43,em_n20001_call_covariance_s20,phase2/results/predictions/full/electrode/tcn/seed_43/em_n20001_call_covariance_s20.npz,76333,78b4d64c4df414afc5abc18869051a625473df0c905eb2074cd2fb7800da2593
tcn,electrode,43,em_n20001_call_covariance_s10,phase2/results/predictions/full/electrode/tcn/seed_43/em_n20001_call_covariance_s10.npz,76283,3ea4555340763bd1df60573525810f6b0e77a7c2c49e769e1071a36feae90a76
tcn,electrode,43,em_n20001_call_covariance_s0,phase2/results/predictions/full/electrode/tcn/seed_43/em_n20001_call_covariance_s0.npz,75854,9207ede20610a123ec9f00d94a67dea39db9bf2d93426864f3960ac9dc84ad2a
tcn,electrode,43,em_n20002_call_independent_rms_s20,phase2/results/predictions/full/electrode/tcn/seed_43/em_n20002_call_independent_rms_s20.npz,76351,b86583cbc6e3b5d834bfc110b10b4ab5bba70388a797c2fb0bc8ed2a78b3a7c4
tcn,electrode,43,em_n20002_call_independent_rms_s10,phase2/results/predictions/full/electrode/tcn/seed_43/em_n20002_call_independent_rms_s10.npz,76343,1803da3e054ba9c70f0f0410d30c7e365dc656421d5b428e6f4c5319b16e6f40
tcn,electrode,43,em_n20002_call_independent_rms_s0,phase2/results/predictions/full/electrode/tcn/seed_43/em_n20002_call_independent_rms_s0.npz,76026,97cddefcf46c087d53c68df2ec19454db5877ec322713b267d362905985027ff
tcn,electrode,43,em_n20002_call_electrode_s20,phase2/results/predictions/full/electrode/tcn/seed_43/em_n20002_call_electrode_s20.npz,76356,bb5f627585b6a37a76a47d92fd02e1d42df71fb1e8552a073653f677e94f343f
tcn,electrode,43,em_n20002_call_electrode_s10,phase2/results/predictions/full/electrode/tcn/seed_43/em_n20002_call_electrode_s10.npz,76263,95ac40b1268090e17a18d0886f26101ff9585353e7ddde88f5a40e8e95f801d0
tcn,electrode,43,em_n20002_call_electrode_s0,phase2/results/predictions/full/electrode/tcn/seed_43/em_n20002_call_electrode_s0.npz,75831,7095c63ec13409a3174d4335d05ddffd1b8a33d7611520491a14857e0489f561
tcn,electrode,43,em_n20002_call_covariance_s20,phase2/results/predictions/full/electrode/tcn/seed_43/em_n20002_call_covariance_s20.npz,76372,103fd06a2d5771a92d893271247132c85bc43b30240f1fb4cffb23d3f8101c29
tcn,electrode,43,em_n20002_call_covariance_s10,phase2/results/predictions/full/electrode/tcn/seed_43/em_n20002_call_covariance_s10.npz,76246,4c10ec4098f68592fe1994471d1fd88ee569b750de90709e539566956e86974a
tcn,electrode,43,em_n20002_call_covariance_s0,phase2/results/predictions/full/electrode/tcn/seed_43/em_n20002_call_covariance_s0.npz,75851,19a5da3be0fea027a036bb3f829170e8ecee52965f56d9014ef24258453d912a
tcn,electrode,43,em_n20003_call_independent_rms_s20,phase2/results/predictions/full/electrode/tcn/seed_43/em_n20003_call_independent_rms_s20.npz,76396,ff2793be720ea6524134f45f0a7eadfe187e123cb2b43d0fc32aeed7f20e12b4
tcn,electrode,43,em_n20003_call_independent_rms_s10,phase2/results/predictions/full/electrode/tcn/seed_43/em_n20003_call_independent_rms_s10.npz,76309,b7c2141e524d8de3664042b0c7740532bda1a2fad0947550e4b6ad3b6eb5dafb
tcn,electrode,43,em_n20003_call_independent_rms_s0,phase2/results/predictions/full/electrode/tcn/seed_43/em_n20003_call_independent_rms_s0.npz,76015,0931c4ba8922a39a347600bb61733eb3d3c7c55d2b8cb90179e0690dfd61425f
tcn,electrode,43,em_n20003_call_electrode_s20,phase2/results/predictions/full/electrode/tcn/seed_43/em_n20003_call_electrode_s20.npz,76337,ffc0c22e795184eeb7ffe73680928ab1665cc07ee727ff45cf351ccfaf9c2fad
tcn,electrode,43,em_n20003_call_electrode_s10,phase2/results/predictions/full/electrode/tcn/seed_43/em_n20003_call_electrode_s10.npz,76271,f81bb849f368f2e9b54d47df131372ecd8833d3d20654ec2462724622f02004b
tcn,electrode,43,em_n20003_call_electrode_s0,phase2/results/predictions/full/electrode/tcn/seed_43/em_n20003_call_electrode_s0.npz,75857,faa45531d91e5d938931efa4517d031c80d12d2ca9409f9353c990d59c3c62a5
tcn,electrode,43,em_n20003_call_covariance_s20,phase2/results/predictions/full/electrode/tcn/seed_43/em_n20003_call_covariance_s20.npz,76336,85c7032c6b7391b9482b271a649a56490befc6ed37e595c4aaaaac13e499d3bc
tcn,electrode,43,em_n20003_call_covariance_s10,phase2/results/predictions/full/electrode/tcn/seed_43/em_n20003_call_covariance_s10.npz,76269,19acd3c149a2369d239155a92f878038a4253ef67fd2e1c796fe4a25ef0aa13f
tcn,electrode,43,em_n20003_call_covariance_s0,phase2/results/predictions/full/electrode/tcn/seed_43/em_n20003_call_covariance_s0.npz,75850,0f400696391cb5d853f58c080b0b6a03c1f661ff3df126bdf768fb6844e56c41
tcn,electrode,43,em_n20004_call_independent_rms_s20,phase2/results/predictions/full/electrode/tcn/seed_43/em_n20004_call_independent_rms_s20.npz,76393,5a2f8173094ffbf4f745b7fdc06e720f9dfa575837cadee541e5eba6370e6037
tcn,electrode,43,em_n20004_call_independent_rms_s10,phase2/results/predictions/full/electrode/tcn/seed_43/em_n20004_call_independent_rms_s10.npz,76337,e510a39908aff3967618074147fa3894fb5e3eeb6a1540d7f2a7557d1918647d
tcn,electrode,43,em_n20004_call_independent_rms_s0,phase2/results/predictions/full/electrode/tcn/seed_43/em_n20004_call_independent_rms_s0.npz,75986,0a9bfac5aa2270797154722e8fd7197923f4924f6b01cfedda5085b1038495d3
tcn,electrode,43,em_n20004_call_electrode_s20,phase2/results/predictions/full/electrode/tcn/seed_43/em_n20004_call_electrode_s20.npz,76330,d338d424fbb86b4eb007c39f03e262cda996de403f5bea3b4d9a32b50eac110a
tcn,electrode,43,em_n20004_call_electrode_s10,phase2/results/predictions/full/electrode/tcn/seed_43/em_n20004_call_electrode_s10.npz,76273,e29b07e3861f3187f9b36b830c7b89bbb0069e966cb3b6bcbddab58ca5abf553
tcn,electrode,43,em_n20004_call_electrode_s0,phase2/results/predictions/full/electrode/tcn/seed_43/em_n20004_call_electrode_s0.npz,75857,6c5b091769933605797478d1d4999a1fd82a9e180c3cc416fc8c5d82162922a2
tcn,electrode,43,em_n20004_call_covariance_s20,phase2/results/predictions/full/electrode/tcn/seed_43/em_n20004_call_covariance_s20.npz,76338,b4f8a93951a33972c95bf2d7f17e284cfe39d4f52b3e30e81569b1db960a42a7
tcn,electrode,43,em_n20004_call_covariance_s10,phase2/results/predictions/full/electrode/tcn/seed_43/em_n20004_call_covariance_s10.npz,76274,c61c0d4af7096fa16783dcb2feb4e97c43f664091f719a34f79c17290812aa00
tcn,electrode,43,em_n20004_call_covariance_s0,phase2/results/predictions/full/electrode/tcn/seed_43/em_n20004_call_covariance_s0.npz,75851,e9ebd0458e83084cb9bf5ac16aa8a74c56aea6c75fb12d796be6a5da0340eb9e
tcn,electrode,43,em_n20005_call_independent_rms_s20,phase2/results/predictions/full/electrode/tcn/seed_43/em_n20005_call_independent_rms_s20.npz,76366,e1e7fc13c2e1a300dcd75fd88808f73d3c79d623d481a3724f84e4a437bccfaa
tcn,electrode,43,em_n20005_call_independent_rms_s10,phase2/results/predictions/full/electrode/tcn/seed_43/em_n20005_call_independent_rms_s10.npz,76281,1f0682a64facb45509476cbfa1d50657b8924ea1ee17a5f675cf1ab8a5c623d6
tcn,electrode,43,em_n20005_call_independent_rms_s0,phase2/results/predictions/full/electrode/tcn/seed_43/em_n20005_call_independent_rms_s0.npz,75951,7a2319143d95db1ffe1bf8f78f6465dd2b39d771f7afa29a9212b61d6c8e8605
tcn,electrode,43,em_n20005_call_electrode_s20,phase2/results/predictions/full/electrode/tcn/seed_43/em_n20005_call_electrode_s20.npz,76334,0f08a21d1fc7c681e23e156df418f9f22e73681542cc5e3cd7df009fa0093016
tcn,electrode,43,em_n20005_call_electrode_s10,phase2/results/predictions/full/electrode/tcn/seed_43/em_n20005_call_electrode_s10.npz,76290,c34c145cadff7fd6f2ad657e25083d6db04ec9dd765aa7fa86c7f2d0e0b32344
tcn,electrode,43,em_n20005_call_electrode_s0,phase2/results/predictions/full/electrode/tcn/seed_43/em_n20005_call_electrode_s0.npz,75824,11bd87a7b8ae0b3dd422a2bc3dea6e07f7f688bb63edc7d1ca14741794dd0eb2
tcn,electrode,43,em_n20005_call_covariance_s20,phase2/results/predictions/full/electrode/tcn/seed_43/em_n20005_call_covariance_s20.npz,76325,a820dc0f534bd1caac9bcf0d98b9f195b8f54cb4ba4d48afced0f73f5c7857fe
tcn,electrode,43,em_n20005_call_covariance_s10,phase2/results/predictions/full/electrode/tcn/seed_43/em_n20005_call_covariance_s10.npz,76278,3812b664d1633e1abfb86b985c54bbaeedc3a6db0e663be7ad6ce625185b2712
tcn,electrode,43,em_n20005_call_covariance_s0,phase2/results/predictions/full/electrode/tcn/seed_43/em_n20005_call_covariance_s0.npz,75856,6b8fc5e0d80cc8d7d26be56c758d0215866819191b7cbf6e8bc23247a8b376fa
tcn,mixed,43,clean,phase2/results/predictions/full/mixed/tcn/seed_43/clean.npz,76329,279461a61a9457b1202152cc34af309babb7bb3ff84a597ea7e28266ad3ace12
tcn,mixed,43,bandpass_n20001_cRA_LA_LL_independent_rms_s20,phase2/results/predictions/full/mixed/tcn/seed_43/bandpass_n20001_cRA_LA_LL_independent_rms_s20.npz,76392,8d8f38815b007ace1f48499d348fbfa0ae8dbf49f16c6873ac841eb8b527d673
tcn,mixed,43,bandpass_n20001_cRA_LA_LL_independent_rms_s15,phase2/results/predictions/full/mixed/tcn/seed_43/bandpass_n20001_cRA_LA_LL_independent_rms_s15.npz,76405,5ea931a705cf414874b4cbb801ae709f5ca411256f9062c9c106113f89366b99
tcn,mixed,43,bandpass_n20001_cRA_LA_LL_independent_rms_s10,phase2/results/predictions/full/mixed/tcn/seed_43/bandpass_n20001_cRA_LA_LL_independent_rms_s10.npz,76387,5338ffabcd440638a410eef603c413239419038c91a4f56bb2e4f345ca0c04a7
tcn,mixed,43,bandpass_n20001_cRA_LA_LL_independent_rms_s5,phase2/results/predictions/full/mixed/tcn/seed_43/bandpass_n20001_cRA_LA_LL_independent_rms_s5.npz,76268,9418eccc9a1aad13741209a129c66182c1a780deac152081dc1811cc9b0e5205
tcn,mixed,43,bandpass_n20001_cRA_LA_LL_independent_rms_s0,phase2/results/predictions/full/mixed/tcn/seed_43/bandpass_n20001_cRA_LA_LL_independent_rms_s0.npz,76039,14834037b2bdc6004365820e5dafe5bbff17b956534f389cba597a96b55ceb2d
tcn,mixed,43,bandpass_n20001_cRA_LA_LL_electrode_s20,phase2/results/predictions/full/mixed/tcn/seed_43/bandpass_n20001_cRA_LA_LL_electrode_s20.npz,76331,514c8ee14c3309889dcc2bd42e8a9446afbdb7fec871e4017d56b2b930268a48
tcn,mixed,43,bandpass_n20001_cRA_LA_LL_electrode_s15,phase2/results/predictions/full/mixed/tcn/seed_43/bandpass_n20001_cRA_LA_LL_electrode_s15.npz,76389,fff2ceeaa593a13591410ceca027092c70405d5d235046da9ff06ef5572464d1
tcn,mixed,43,bandpass_n20001_cRA_LA_LL_electrode_s10,phase2/results/predictions/full/mixed/tcn/seed_43/bandpass_n20001_cRA_LA_LL_electrode_s10.npz,76331,5663d9f3fceba6b9825b42e0fe7eb4d6f0998f2371677776ad5c29a8a82506a2
tcn,mixed,43,bandpass_n20001_cRA_LA_LL_electrode_s5,phase2/results/predictions/full/mixed/tcn/seed_43/bandpass_n20001_cRA_LA_LL_electrode_s5.npz,76168,c1aa9df316b767e190cd90db52e603a53815d33e0ecf1bceb7ba834004268463
tcn,mixed,43,bandpass_n20001_cRA_LA_LL_electrode_s0,phase2/results/predictions/full/mixed/tcn/seed_43/bandpass_n20001_cRA_LA_LL_electrode_s0.npz,75757,3fff609ee28fabee48cc2c3ed956b2c18832c7f5e75d4e2f87c2a0216f38a5fe
tcn,mixed,43,bandpass_n20001_cRA_LA_LL_covariance_s20,phase2/results/predictions/full/mixed/tcn/seed_43/bandpass_n20001_cRA_LA_LL_covariance_s20.npz,76398,b8074e1ffa51bcf750c465aebf5fba2b7f02b3cd7bc4d32127843f35b017b2d8
tcn,mixed,43,bandpass_n20001_cRA_LA_LL_covariance_s15,phase2/results/predictions/full/mixed/tcn/seed_43/bandpass_n20001_cRA_LA_LL_covariance_s15.npz,76357,817ecbcd119324c40237f7e4d9862094f213b4cc9019fcb19078a0bf861f8f8d
tcn,mixed,43,bandpass_n20001_cRA_LA_LL_covariance_s10,phase2/results/predictions/full/mixed/tcn/seed_43/bandpass_n20001_cRA_LA_LL_covariance_s10.npz,76302,3cb368de6388b93c11e83521ad60bf416144df2faeb822fd01805f3d6cf6ad7d
tcn,mixed,43,bandpass_n20001_cRA_LA_LL_covariance_s5,phase2/results/predictions/full/mixed/tcn/seed_43/bandpass_n20001_cRA_LA_LL_covariance_s5.npz,76147,ed69cafb5982e87818c827c4b33d852f391d1f6295e5affc4271b0bc39d258cc
tcn,mixed,43,bandpass_n20001_cRA_LA_LL_covariance_s0,phase2/results/predictions/full/mixed/tcn/seed_43/bandpass_n20001_cRA_LA_LL_covariance_s0.npz,75743,f14820223c155b15ea7193827a8930056b10e18711258a82d52a99b0f77c247d
tcn,mixed,43,bandpass_n20001_cV1_independent_rms_s20,phase2/results/predictions/full/mixed/tcn/seed_43/bandpass_n20001_cV1_independent_rms_s20.npz,76379,2bdb3e14137f7fc11928ee584617a86893ea5ea1e14c91e2dda9764a63968c86
tcn,mixed,43,bandpass_n20001_cV1_independent_rms_s15,phase2/results/predictions/full/mixed/tcn/seed_43/bandpass_n20001_cV1_independent_rms_s15.npz,76353,0f0ec8c300d49874079ab769ef9508546aa7ab43a364130dd37049fbc433d558
tcn,mixed,43,bandpass_n20001_cV1_independent_rms_s10,phase2/results/predictions/full/mixed/tcn/seed_43/bandpass_n20001_cV1_independent_rms_s10.npz,76324,0d5d29a378135267c66434a9a522e1de7b37414740c1dd2a9a1daa8d15a6c3a2
tcn,mixed,43,bandpass_n20001_cV1_independent_rms_s5,phase2/results/predictions/full/mixed/tcn/seed_43/bandpass_n20001_cV1_independent_rms_s5.npz,76219,71bcb5046c31173b8d3e6b16b7e534f8915fcb6b55fe42fa96c87ffe8c35a3fd
tcn,mixed,43,bandpass_n20001_cV1_independent_rms_s0,phase2/results/predictions/full/mixed/tcn/seed_43/bandpass_n20001_cV1_independent_rms_s0.npz,75965,fa8c4fd23d64248791d8e2275322c30d3b05dc88b249f97d8e7a94906fd7f7af
tcn,mixed,43,bandpass_n20001_cV1_electrode_s20,phase2/results/predictions/full/mixed/tcn/seed_43/bandpass_n20001_cV1_electrode_s20.npz,76370,3f0075ecb2ee0f4d36691ef3f22340b1cd6e8f65c40d8115e1ebf02a49e4d38e
tcn,mixed,43,bandpass_n20001_cV1_electrode_s15,phase2/results/predictions/full/mixed/tcn/seed_43/bandpass_n20001_cV1_electrode_s15.npz,76356,d08e0baf509570c6397e78bfe80bce7ad9f33b282cb5707a6388c44eadfd6724
tcn,mixed,43,bandpass_n20001_cV1_electrode_s10,phase2/results/predictions/full/mixed/tcn/seed_43/bandpass_n20001_cV1_electrode_s10.npz,76328,bd9b8a558716fea0151d0a09c7fc4c8c92eea4410f9734d006818b9f162a6fe9
tcn,mixed,43,bandpass_n20001_cV1_electrode_s5,phase2/results/predictions/full/mixed/tcn/seed_43/bandpass_n20001_cV1_electrode_s5.npz,76241,cc103aa666ffad86b21ed931b36785b86cfd62fbaf26b273a4af0dced36fc671
tcn,mixed,43,bandpass_n20001_cV1_electrode_s0,phase2/results/predictions/full/mixed/tcn/seed_43/bandpass_n20001_cV1_electrode_s0.npz,75970,1278dac3bafd7ab5fe79642b8e0f46bcda8603f16c1b7d76abe1d96ec671e6b6
tcn,mixed,43,bandpass_n20001_cV1_covariance_s20,phase2/results/predictions/full/mixed/tcn/seed_43/bandpass_n20001_cV1_covariance_s20.npz,76363,7e19bc647155f6c55d1f9cf68ce5ceab3d5228f765a1713f09f914eaf1c7d641
tcn,mixed,43,bandpass_n20001_cV1_covariance_s15,phase2/results/predictions/full/mixed/tcn/seed_43/bandpass_n20001_cV1_covariance_s15.npz,76361,fd1d932aaa6b0a6b149280dfa16753ea5d533dacb412bb50f7a1a4847ea21863
tcn,mixed,43,bandpass_n20001_cV1_covariance_s10,phase2/results/predictions/full/mixed/tcn/seed_43/bandpass_n20001_cV1_covariance_s10.npz,76356,e198b704a4a59ff964539bcce9790ae79e67323d53fcde72c4ca00982f1871ee
tcn,mixed,43,bandpass_n20001_cV1_covariance_s5,phase2/results/predictions/full/mixed/tcn/seed_43/bandpass_n20001_cV1_covariance_s5.npz,76200,31e56ef98f94a949d59f83fd735ba11b32fc5b4e5611ddab8277119ff9b375d4
tcn,mixed,43,bandpass_n20001_cV1_covariance_s0,phase2/results/predictions/full/mixed/tcn/seed_43/bandpass_n20001_cV1_covariance_s0.npz,75954,ba33591c6a8db17560f2b0f92b77c21ae8821970a09e33fd5502739a88b0b69c
tcn,mixed,43,bandpass_n20001_cV2_independent_rms_s20,phase2/results/predictions/full/mixed/tcn/seed_43/bandpass_n20001_cV2_independent_rms_s20.npz,76391,7e5fb9b91ab020115b1968ad9720e03e9ffeca63b346d5cabfcc4b97bf1f5b52
tcn,mixed,43,bandpass_n20001_cV2_independent_rms_s15,phase2/results/predictions/full/mixed/tcn/seed_43/bandpass_n20001_cV2_independent_rms_s15.npz,76365,82418c7d1a71991f03fe0adb5e0756a14dd4ce2c9c77e0278fc96bedc42342e9
tcn,mixed,43,bandpass_n20001_cV2_independent_rms_s10,phase2/results/predictions/full/mixed/tcn/seed_43/bandpass_n20001_cV2_independent_rms_s10.npz,76336,2f8399890a438572692906d64351a4cd0181359cb61a8f89dbe635731e7e2d6e
tcn,mixed,43,bandpass_n20001_cV2_independent_rms_s5,phase2/results/predictions/full/mixed/tcn/seed_43/bandpass_n20001_cV2_independent_rms_s5.npz,76294,2c3130fab22472c8e8184262b2c19540c22600076641b3143af3bf1648761e9b
tcn,mixed,43,bandpass_n20001_cV2_independent_rms_s0,phase2/results/predictions/full/mixed/tcn/seed_43/bandpass_n20001_cV2_independent_rms_s0.npz,76071,9a540e54ab2f0d7cbfe574900d2a5e3d9253ce7f7a1c15df28f5b88d99873abd
tcn,mixed,43,bandpass_n20001_cV2_electrode_s20,phase2/results/predictions/full/mixed/tcn/seed_43/bandpass_n20001_cV2_electrode_s20.npz,76336,33b268c63dd553595b32d7589ace8f0748f21f02e1649b20d17a7d82086adf3b
tcn,mixed,43,bandpass_n20001_cV2_electrode_s15,phase2/results/predictions/full/mixed/tcn/seed_43/bandpass_n20001_cV2_electrode_s15.npz,76335,f6c0f2dd812330f4aa60765826701fd459aaf613af337b280d226517b9c0cbea
tcn,mixed,43,bandpass_n20001_cV2_electrode_s10,phase2/results/predictions/full/mixed/tcn/seed_43/bandpass_n20001_cV2_electrode_s10.npz,76325,7ff66e3f64d62298b7a961ee8c8e5ae01ccf2ef91b4dad558e5030d1a7ba8af7
tcn,mixed,43,bandpass_n20001_cV2_electrode_s5,phase2/results/predictions/full/mixed/tcn/seed_43/bandpass_n20001_cV2_electrode_s5.npz,76292,753b33a908a05a1dcd0c3b25837e9947b47f33dc907b1cbc7cc39e3dd759353f
tcn,mixed,43,bandpass_n20001_cV2_electrode_s0,phase2/results/predictions/full/mixed/tcn/seed_43/bandpass_n20001_cV2_electrode_s0.npz,76049,0fa83e466c4bd733ab7d2d35bc2fa9ab278ad8614d5e24ee6f195b70d892703e
tcn,mixed,43,bandpass_n20001_cV2_covariance_s20,phase2/results/predictions/full/mixed/tcn/seed_43/bandpass_n20001_cV2_covariance_s20.npz,76385,7a967d638babf79df0344d2425b5c04319d7b284258a96f69642e168e2bd7282
tcn,mixed,43,bandpass_n20001_cV2_covariance_s15,phase2/results/predictions/full/mixed/tcn/seed_43/bandpass_n20001_cV2_covariance_s15.npz,76365,d9bf8448e96f5b445b268e7de598195dc9529a71922445a93c1718cf5f3d2ad4
tcn,mixed,43,bandpass_n20001_cV2_covariance_s10,phase2/results/predictions/full/mixed/tcn/seed_43/bandpass_n20001_cV2_covariance_s10.npz,76284,e778cbfd28e69089d341503572391da622deb44219757cbc0c57c0d8db858190
tcn,mixed,43,bandpass_n20001_cV2_covariance_s5,phase2/results/predictions/full/mixed/tcn/seed_43/bandpass_n20001_cV2_covariance_s5.npz,76248,5bd7e3ec2c203b265c217bc573c49d9a08afb4e8ecd02680c3628caca6841de6
tcn,mixed,43,bandpass_n20001_cV2_covariance_s0,phase2/results/predictions/full/mixed/tcn/seed_43/bandpass_n20001_cV2_covariance_s0.npz,76022,134e361367fb204d0847ca29e06798d4c7ede7a1ade4c299824d733f7a3a5df1
tcn,mixed,43,bandpass_n20001_cV3_independent_rms_s20,phase2/results/predictions/full/mixed/tcn/seed_43/bandpass_n20001_cV3_independent_rms_s20.npz,76388,3df6971b7525d31fddb527fa00c8500a98204225ce31ff736a1784abf828dedc
tcn,mixed,43,bandpass_n20001_cV3_independent_rms_s15,phase2/results/predictions/full/mixed/tcn/seed_43/bandpass_n20001_cV3_independent_rms_s15.npz,76383,692fb91f8522fe08610c7a54987de1067c82947b959f36a6d035b0464a899000
tcn,mixed,43,bandpass_n20001_cV3_independent_rms_s10,phase2/results/predictions/full/mixed/tcn/seed_43/bandpass_n20001_cV3_independent_rms_s10.npz,76393,4be57f4d3b10d6ded3e92ec7eb2e1c4eead397c1b7781e07289404884a41354f
tcn,mixed,43,bandpass_n20001_cV3_independent_rms_s5,phase2/results/predictions/full/mixed/tcn/seed_43/bandpass_n20001_cV3_independent_rms_s5.npz,76344,bffdbab5d1b65dc7998a1dffc76260ae1c654d56dd4b387ae0a7041beae7d271
tcn,mixed,43,bandpass_n20001_cV3_independent_rms_s0,phase2/results/predictions/full/mixed/tcn/seed_43/bandpass_n20001_cV3_independent_rms_s0.npz,76227,b19a4675ca61aa85a577708f159cc4e7491d085f94b4410ccebd30fb2b696798
tcn,mixed,43,bandpass_n20001_cV3_electrode_s20,phase2/results/predictions/full/mixed/tcn/seed_43/bandpass_n20001_cV3_electrode_s20.npz,76363,c1a1768296fd1172f9f9fab5cd6095dd9e802ab1fba21e8f2fc50d1c0659ee0f
tcn,mixed,43,bandpass_n20001_cV3_electrode_s15,phase2/results/predictions/full/mixed/tcn/seed_43/bandpass_n20001_cV3_electrode_s15.npz,76357,8abd9681483356e12fd5f780e6408b07ccb72a3c97477d8e88e8a0f8367f2cd8
tcn,mixed,43,bandpass_n20001_cV3_electrode_s10,phase2/results/predictions/full/mixed/tcn/seed_43/bandpass_n20001_cV3_electrode_s10.npz,76361,8b9f51c38cd2e08d5c1bf538b3de1c68949f70f5a573d3948ae79c4665aa0dc1
tcn,mixed,43,bandpass_n20001_cV3_electrode_s5,phase2/results/predictions/full/mixed/tcn/seed_43/bandpass_n20001_cV3_electrode_s5.npz,76332,5fd939cda87edf19198bf798553c0bce7826af6a09c0b859681108b3808da5e8
tcn,mixed,43,bandpass_n20001_cV3_electrode_s0,phase2/results/predictions/full/mixed/tcn/seed_43/bandpass_n20001_cV3_electrode_s0.npz,76197,f39760b501b260fe9ec261caf86c0c492d2606b1a250f81d0eb4ac146fccc915
tcn,mixed,43,bandpass_n20001_cV3_covariance_s20,phase2/results/predictions/full/mixed/tcn/seed_43/bandpass_n20001_cV3_covariance_s20.npz,76396,ccfbe94bf80c9e8761004a60f6946a6d068938a3b730912885a357e85630f06f
tcn,mixed,43,bandpass_n20001_cV3_covariance_s15,phase2/results/predictions/full/mixed/tcn/seed_43/bandpass_n20001_cV3_covariance_s15.npz,76350,2c5e5256775ae36537142793db4cf11a75757c1b653ce3e3508f3ef56bcc417b
tcn,mixed,43,bandpass_n20001_cV3_covariance_s10,phase2/results/predictions/full/mixed/tcn/seed_43/bandpass_n20001_cV3_covariance_s10.npz,76363,5e2d1b193561a3e0d424624a411001777e97c66fe6363bd6122792d26e4dddfa
tcn,mixed,43,bandpass_n20001_cV3_covariance_s5,phase2/results/predictions/full/mixed/tcn/seed_43/bandpass_n20001_cV3_covariance_s5.npz,76309,df0c8c42eda7762f7367a4fc5753bfdac8a93f005680bfacde2b66b68e6ebd09
tcn,mixed,43,bandpass_n20001_cV3_covariance_s0,phase2/results/predictions/full/mixed/tcn/seed_43/bandpass_n20001_cV3_covariance_s0.npz,76205,0209fbfd4add30f613e9edc212fbd019e4073f7e134cf10f3fbf1e174455d239
tcn,mixed,43,bandpass_n20001_cV4_independent_rms_s20,phase2/results/predictions/full/mixed/tcn/seed_43/bandpass_n20001_cV4_independent_rms_s20.npz,76376,2cd727629bae034f3083e80dbc06f1d6c5acdc6a2f7e0e0f42d13e317110cba1
tcn,mixed,43,bandpass_n20001_cV4_independent_rms_s15,phase2/results/predictions/full/mixed/tcn/seed_43/bandpass_n20001_cV4_independent_rms_s15.npz,76397,e1bed73c6e719e8d63c24eb6a5cac043cf4da6cec486ed34d87fc2c959b6e91b
tcn,mixed,43,bandpass_n20001_cV4_independent_rms_s10,phase2/results/predictions/full/mixed/tcn/seed_43/bandpass_n20001_cV4_independent_rms_s10.npz,76363,789209759b42c999d390b35ee846670735135520a3bc3a2602e8633608e368fb
tcn,mixed,43,bandpass_n20001_cV4_independent_rms_s5,phase2/results/predictions/full/mixed/tcn/seed_43/bandpass_n20001_cV4_independent_rms_s5.npz,76299,20b3e8867b5c3cbed1c4113fb572f0a8bdd9430a32e49492060f09b62567544c
tcn,mixed,43,bandpass_n20001_cV4_independent_rms_s0,phase2/results/predictions/full/mixed/tcn/seed_43/bandpass_n20001_cV4_independent_rms_s0.npz,76115,b7f1d5569d860a9773f354c0fefa86a401aedbe564e0f39cff767673586e66b2
tcn,mixed,43,bandpass_n20001_cV4_electrode_s20,phase2/results/predictions/full/mixed/tcn/seed_43/bandpass_n20001_cV4_electrode_s20.npz,76349,cabc1b61e148c56fb0b3d8d3b2b68e543128f707012995d443736556be61c8c6
tcn,mixed,43,bandpass_n20001_cV4_electrode_s15,phase2/results/predictions/full/mixed/tcn/seed_43/bandpass_n20001_cV4_electrode_s15.npz,76376,7425f343424d1bb3b1649dafddb42419b3b960a355a2e84355e9516b184a55a8
tcn,mixed,43,bandpass_n20001_cV4_electrode_s10,phase2/results/predictions/full/mixed/tcn/seed_43/bandpass_n20001_cV4_electrode_s10.npz,76395,e447e1a29f332bb5897983590a8dba890c35d1905a2a173958f2a2827e8fe6a7
tcn,mixed,43,bandpass_n20001_cV4_electrode_s5,phase2/results/predictions/full/mixed/tcn/seed_43/bandpass_n20001_cV4_electrode_s5.npz,76312,dab47177076b77813e029a3e91f4f67b07922298944b7e1c6ba516ca56363b56
tcn,mixed,43,bandpass_n20001_cV4_electrode_s0,phase2/results/predictions/full/mixed/tcn/seed_43/bandpass_n20001_cV4_electrode_s0.npz,76090,621866bb9c22f1cf001d3368b0003a93820d413004981bc10934fb2100c927e2
tcn,mixed,43,bandpass_n20001_cV4_covariance_s20,phase2/results/predictions/full/mixed/tcn/seed_43/bandpass_n20001_cV4_covariance_s20.npz,76388,7109113cba040fee6e46ddb5de874383a9e86f28caa893166c68ce8200e19cc5
tcn,mixed,43,bandpass_n20001_cV4_covariance_s15,phase2/results/predictions/full/mixed/tcn/seed_43/bandpass_n20001_cV4_covariance_s15.npz,76390,0e5d03bbd74169550a67f99efbca47524fddb107bc7cca7cba1734258fedc256
tcn,mixed,43,bandpass_n20001_cV4_covariance_s10,phase2/results/predictions/full/mixed/tcn/seed_43/bandpass_n20001_cV4_covariance_s10.npz,76333,42d10772752ab2580231ffee42366a3249c9f6779544c33a42e76c7fec101c32
tcn,mixed,43,bandpass_n20001_cV4_covariance_s5,phase2/results/predictions/full/mixed/tcn/seed_43/bandpass_n20001_cV4_covariance_s5.npz,76287,5da17ed01151a60276e945fc93112171097d27de1860ac89ce3e67afd2ee9dd8
tcn,mixed,43,bandpass_n20001_cV4_covariance_s0,phase2/results/predictions/full/mixed/tcn/seed_43/bandpass_n20001_cV4_covariance_s0.npz,76099,14a6dcae601a473f062f9c4beca221d88a0ec5770a644cd317a05b9d7f230ee6
tcn,mixed,43,bandpass_n20001_cV5_independent_rms_s20,phase2/results/predictions/full/mixed/tcn/seed_43/bandpass_n20001_cV5_independent_rms_s20.npz,76403,899183b89d6d7886e3f2a9274031ca1a0e6c0d28b3b5028e198a5253329fe2e8
tcn,mixed,43,bandpass_n20001_cV5_independent_rms_s15,phase2/results/predictions/full/mixed/tcn/seed_43/bandpass_n20001_cV5_independent_rms_s15.npz,76356,2025efedc4ebe980f4a796803a5f64c423be72a00c27a7e1e5f0bff0b3540be6
tcn,mixed,43,bandpass_n20001_cV5_independent_rms_s10,phase2/results/predictions/full/mixed/tcn/seed_43/bandpass_n20001_cV5_independent_rms_s10.npz,76377,f3d121d41b443836352d9427a0c29a2418331aa178f713820c61f900f3836918
tcn,mixed,43,bandpass_n20001_cV5_independent_rms_s5,phase2/results/predictions/full/mixed/tcn/seed_43/bandpass_n20001_cV5_independent_rms_s5.npz,76270,6c8a4669db3c6196c914b8a1cb4aa26b6b6c0d7c88652cd8429fd8440db04985
tcn,mixed,43,bandpass_n20001_cV5_independent_rms_s0,phase2/results/predictions/full/mixed/tcn/seed_43/bandpass_n20001_cV5_independent_rms_s0.npz,76055,c83d57d2e613d88f75de279083be4660094eadd6e5ee1b462abffa907df7aae9
tcn,mixed,43,bandpass_n20001_cV5_electrode_s20,phase2/results/predictions/full/mixed/tcn/seed_43/bandpass_n20001_cV5_electrode_s20.npz,76353,90c46af3d7dba281a550bd483ec46f96b8afe31e226284678982a9e56a80d821
tcn,mixed,43,bandpass_n20001_cV5_electrode_s15,phase2/results/predictions/full/mixed/tcn/seed_43/bandpass_n20001_cV5_electrode_s15.npz,76380,0edb1ee69243d1c67cf26ad81d60524eb3010e286d0e35d14fed912f7121d1e5
tcn,mixed,43,bandpass_n20001_cV5_electrode_s10,phase2/results/predictions/full/mixed/tcn/seed_43/bandpass_n20001_cV5_electrode_s10.npz,76341,1aa50e68826ea6d1ae7830e2eaae2893621339d78a28d75bfbb7486135c060a3
tcn,mixed,43,bandpass_n20001_cV5_electrode_s5,phase2/results/predictions/full/mixed/tcn/seed_43/bandpass_n20001_cV5_electrode_s5.npz,76254,8c792c4063c35862687acf214fc5438a7d87cb17d87cd3061a431c549fd07295
tcn,mixed,43,bandpass_n20001_cV5_electrode_s0,phase2/results/predictions/full/mixed/tcn/seed_43/bandpass_n20001_cV5_electrode_s0.npz,76003,246dca4cb4e0f1c6069c522fe0e60db2fb17b104e6409e0851d2300e9c3a9d55
tcn,mixed,43,bandpass_n20001_cV5_covariance_s20,phase2/results/predictions/full/mixed/tcn/seed_43/bandpass_n20001_cV5_covariance_s20.npz,76382,b1736ca610b7694db92fc60dce2e6d790c1e79bd46565bf6c0b3419cb6b5b03c
tcn,mixed,43,bandpass_n20001_cV5_covariance_s15,phase2/results/predictions/full/mixed/tcn/seed_43/bandpass_n20001_cV5_covariance_s15.npz,76386,de278a0cd3dad9a22b8d6ddf0af1829fd5380712eb2b9a330f5cb14ab07765df
tcn,mixed,43,bandpass_n20001_cV5_covariance_s10,phase2/results/predictions/full/mixed/tcn/seed_43/bandpass_n20001_cV5_covariance_s10.npz,76350,6d112f921abb0c63c716181899fb60d673db5cfb6ff2bb43356ab9c763094298
tcn,mixed,43,bandpass_n20001_cV5_covariance_s5,phase2/results/predictions/full/mixed/tcn/seed_43/bandpass_n20001_cV5_covariance_s5.npz,76245,8789aae9b4c1a39a5a7d16ea430f8c7d77cc0725c38ff3f3e538f48b12cc4b14
tcn,mixed,43,bandpass_n20001_cV5_covariance_s0,phase2/results/predictions/full/mixed/tcn/seed_43/bandpass_n20001_cV5_covariance_s0.npz,76028,80bf2a7b41127407911259429392e9dd6487b2ece639b12eb4e96fc136b6fd7e
tcn,mixed,43,bandpass_n20001_cV6_independent_rms_s20,phase2/results/predictions/full/mixed/tcn/seed_43/bandpass_n20001_cV6_independent_rms_s20.npz,76387,1d68f624626933ff12657d26fee33e8bed2464c719de0d23224aab2763c5fe01
tcn,mixed,43,bandpass_n20001_cV6_independent_rms_s15,phase2/results/predictions/full/mixed/tcn/seed_43/bandpass_n20001_cV6_independent_rms_s15.npz,76369,dc58f7462a91eed399e426a049ba69fca7c2b8cb7554d3f4a0e9a1b66e7c24d4
tcn,mixed,43,bandpass_n20001_cV6_independent_rms_s10,phase2/results/predictions/full/mixed/tcn/seed_43/bandpass_n20001_cV6_independent_rms_s10.npz,76368,c039c7c381a16f3b1b12d98bfb9ef58fec7cd975c5788d917d00d4151430d6ce
tcn,mixed,43,bandpass_n20001_cV6_independent_rms_s5,phase2/results/predictions/full/mixed/tcn/seed_43/bandpass_n20001_cV6_independent_rms_s5.npz,76269,ec569583b47b8345c6f704b187676623dbde578b6cb2e5b1f5bc2d3dc47e8c1d
tcn,mixed,43,bandpass_n20001_cV6_independent_rms_s0,phase2/results/predictions/full/mixed/tcn/seed_43/bandpass_n20001_cV6_independent_rms_s0.npz,76068,e6767593921a0b227d822fab893db583216f71edde0d5c5f206eaa18540182d4
tcn,mixed,43,bandpass_n20001_cV6_electrode_s20,phase2/results/predictions/full/mixed/tcn/seed_43/bandpass_n20001_cV6_electrode_s20.npz,76361,c89612964c7216d4b2a3071f8772b1f7972a76cc5385dac0aa60f314031ec3b3
tcn,mixed,43,bandpass_n20001_cV6_electrode_s15,phase2/results/predictions/full/mixed/tcn/seed_43/bandpass_n20001_cV6_electrode_s15.npz,76372,d1c0b47af66bf6ba28efd856f443e05344af418b79f09d55dea1949339aacb99
tcn,mixed,43,bandpass_n20001_cV6_electrode_s10,phase2/results/predictions/full/mixed/tcn/seed_43/bandpass_n20001_cV6_electrode_s10.npz,76319,e48319c62628be815b19f244b05192202adc26b6d28ad9088925d671ddec11af
tcn,mixed,43,bandpass_n20001_cV6_electrode_s5,phase2/results/predictions/full/mixed/tcn/seed_43/bandpass_n20001_cV6_electrode_s5.npz,76286,1fa12d4c37938ef443d2749c0e87ab7d8c4ad2ac6ed17819892e84846c754494
tcn,mixed,43,bandpass_n20001_cV6_electrode_s0,phase2/results/predictions/full/mixed/tcn/seed_43/bandpass_n20001_cV6_electrode_s0.npz,76059,d1d1d27544ccecbe0e13f722be57cf07b5c5cf194903b5765e50f74abbe24318
tcn,mixed,43,bandpass_n20001_cV6_covariance_s20,phase2/results/predictions/full/mixed/tcn/seed_43/bandpass_n20001_cV6_covariance_s20.npz,76385,1476e24ad178f323ceaefb38da379b223cca29127e79af12990eea67cae64d68
tcn,mixed,43,bandpass_n20001_cV6_covariance_s15,phase2/results/predictions/full/mixed/tcn/seed_43/bandpass_n20001_cV6_covariance_s15.npz,76383,89b224cace946faf8f56361394477007c09e87ba1edb7013441ec709055f2a5c
tcn,mixed,43,bandpass_n20001_cV6_covariance_s10,phase2/results/predictions/full/mixed/tcn/seed_43/bandpass_n20001_cV6_covariance_s10.npz,76356,8d95f2a6ad0aa61b446c6dd1873c9732d7d562aa15402b7ebbb4b2271bcb636c
tcn,mixed,43,bandpass_n20001_cV6_covariance_s5,phase2/results/predictions/full/mixed/tcn/seed_43/bandpass_n20001_cV6_covariance_s5.npz,76257,07f51e41e03c7258d483aea868b15ccb12ea76f7263cfd1c803d4dc47d5ecdd2
tcn,mixed,43,bandpass_n20001_cV6_covariance_s0,phase2/results/predictions/full/mixed/tcn/seed_43/bandpass_n20001_cV6_covariance_s0.npz,76064,8b3755f98c72333ad35a01a9e2fa90c35c636ceec5545ee33fd7c4024f43859f
tcn,mixed,43,bandpass_n20001_cRA_LA_independent_rms_s20,phase2/results/predictions/full/mixed/tcn/seed_43/bandpass_n20001_cRA_LA_independent_rms_s20.npz,76382,8679a62c7700e809e2aef2cf84e899bbe6d270b2203ef4736204b819026ac8f8
tcn,mixed,43,bandpass_n20001_cRA_LA_independent_rms_s15,phase2/results/predictions/full/mixed/tcn/seed_43/bandpass_n20001_cRA_LA_independent_rms_s15.npz,76373,f3bf56a5960d73688fbc0ab967d3251b9940d1207bd6c09555e167dfcb01ba95
tcn,mixed,43,bandpass_n20001_cRA_LA_independent_rms_s10,phase2/results/predictions/full/mixed/tcn/seed_43/bandpass_n20001_cRA_LA_independent_rms_s10.npz,76363,aeee0c1f3817f3427e743460d0bfee0e166a84527afd472d433eb487a9d01fdc
tcn,mixed,43,bandpass_n20001_cRA_LA_independent_rms_s5,phase2/results/predictions/full/mixed/tcn/seed_43/bandpass_n20001_cRA_LA_independent_rms_s5.npz,76274,fccf9cd68539f15645d74eb576a69e48a071ab9e0ca4e4e04fa98859159f445e
tcn,mixed,43,bandpass_n20001_cRA_LA_independent_rms_s0,phase2/results/predictions/full/mixed/tcn/seed_43/bandpass_n20001_cRA_LA_independent_rms_s0.npz,76028,be8dc911bf846c6b0e74079d9226519322f3fa951c157de5bccbb9130581a29a
tcn,mixed,43,bandpass_n20001_cRA_LA_electrode_s20,phase2/results/predictions/full/mixed/tcn/seed_43/bandpass_n20001_cRA_LA_electrode_s20.npz,76402,20c9deac9940e09a18ff5d90e49d432820cb3b14857af62461af7e917676ba1e
tcn,mixed,43,bandpass_n20001_cRA_LA_electrode_s15,phase2/results/predictions/full/mixed/tcn/seed_43/bandpass_n20001_cRA_LA_electrode_s15.npz,76373,012fadbb1ff2e80cd73da9a62be9900ba36286fe9be272fad6c066a1a36103b6
tcn,mixed,43,bandpass_n20001_cRA_LA_electrode_s10,phase2/results/predictions/full/mixed/tcn/seed_43/bandpass_n20001_cRA_LA_electrode_s10.npz,76315,7c755dce0d483cb6b4fcc37f20b8661216604b2d2bf7657d3cd8fa07088bfec2
tcn,mixed,43,bandpass_n20001_cRA_LA_electrode_s5,phase2/results/predictions/full/mixed/tcn/seed_43/bandpass_n20001_cRA_LA_electrode_s5.npz,76130,d671ab4369a68159444c32f1346a42234d1bcfca471a44cb942c2b5cf86a590d
tcn,mixed,43,bandpass_n20001_cRA_LA_electrode_s0,phase2/results/predictions/full/mixed/tcn/seed_43/bandpass_n20001_cRA_LA_electrode_s0.npz,75687,99c70b004f4cdc2359313c1e44f017c267108c18172e47f80503052e44026e06
tcn,mixed,43,bandpass_n20001_cRA_LA_covariance_s20,phase2/results/predictions/full/mixed/tcn/seed_43/bandpass_n20001_cRA_LA_covariance_s20.npz,76409,e6da75e7e4c4a8e0edb8b011a3f717dc3819e0cdc01b5fd1508c6044e0009f06
tcn,mixed,43,bandpass_n20001_cRA_LA_covariance_s15,phase2/results/predictions/full/mixed/tcn/seed_43/bandpass_n20001_cRA_LA_covariance_s15.npz,76370,a7fc6e589896a7ae879e852c6919036bba0b5a5872b8dfa767304f87a79fd83a
tcn,mixed,43,bandpass_n20001_cRA_LA_covariance_s10,phase2/results/predictions/full/mixed/tcn/seed_43/bandpass_n20001_cRA_LA_covariance_s10.npz,76307,6aeaaa58ecee1bd805a9cb2175440354c7a6ee96f1faee600f15b59fad274c63
tcn,mixed,43,bandpass_n20001_cRA_LA_covariance_s5,phase2/results/predictions/full/mixed/tcn/seed_43/bandpass_n20001_cRA_LA_covariance_s5.npz,76119,b75f7dcf6f89535fa080cc7c3d3f5092f08fa560aa4c03d4d5145b2c75c15371
tcn,mixed,43,bandpass_n20001_cRA_LA_covariance_s0,phase2/results/predictions/full/mixed/tcn/seed_43/bandpass_n20001_cRA_LA_covariance_s0.npz,75661,ea8e7aa57d0c3a863b8b7e58f660ec68cb1fb61c172a8dd2eaed9f8083f14947
tcn,mixed,43,bandpass_n20001_cLA_LL_independent_rms_s20,phase2/results/predictions/full/mixed/tcn/seed_43/bandpass_n20001_cLA_LL_independent_rms_s20.npz,76411,d4f5821ac094d972a7d51664d96e1cf0dc442894ae5ec642f8e3d2d8eb2b7067
tcn,mixed,43,bandpass_n20001_cLA_LL_independent_rms_s15,phase2/results/predictions/full/mixed/tcn/seed_43/bandpass_n20001_cLA_LL_independent_rms_s15.npz,76361,31caee424bf017adc5795615ecc9821cee04d8603af7b80fc2b0771a8f13f125
tcn,mixed,43,bandpass_n20001_cLA_LL_independent_rms_s10,phase2/results/predictions/full/mixed/tcn/seed_43/bandpass_n20001_cLA_LL_independent_rms_s10.npz,76348,a5cd542504624c24bdf7061c584c720b614caf1efafb1994dfe1f4a164b4647e
tcn,mixed,43,bandpass_n20001_cLA_LL_independent_rms_s5,phase2/results/predictions/full/mixed/tcn/seed_43/bandpass_n20001_cLA_LL_independent_rms_s5.npz,76277,ac50705eedd5c6182d990e130781ab2fbb53f009cd6d8a422acf7e3e66d80531
tcn,mixed,43,bandpass_n20001_cLA_LL_independent_rms_s0,phase2/results/predictions/full/mixed/tcn/seed_43/bandpass_n20001_cLA_LL_independent_rms_s0.npz,76039,1c433bd381d7118f18aa2765fa4020549f8be90dac1a586655fffe4a52c1aa1a
tcn,mixed,43,bandpass_n20001_cLA_LL_electrode_s20,phase2/results/predictions/full/mixed/tcn/seed_43/bandpass_n20001_cLA_LL_electrode_s20.npz,76392,2afa9113910fd69f988bcd0ef3d262bfb5c57b45e75413f412db8915bd515ccf
tcn,mixed,43,bandpass_n20001_cLA_LL_electrode_s15,phase2/results/predictions/full/mixed/tcn/seed_43/bandpass_n20001_cLA_LL_electrode_s15.npz,76359,18bc4f8075408310d59a0b634dc179a9d246d0a050ca618e36b09fe851b47594
tcn,mixed,43,bandpass_n20001_cLA_LL_electrode_s10,phase2/results/predictions/full/mixed/tcn/seed_43/bandpass_n20001_cLA_LL_electrode_s10.npz,76312,ab797f1e7aeecdc2748b997199caff20ce1c0ee35a34fdfcae944d6a4b6e2daf
tcn,mixed,43,bandpass_n20001_cLA_LL_electrode_s5,phase2/results/predictions/full/mixed/tcn/seed_43/bandpass_n20001_cLA_LL_electrode_s5.npz,76178,ce68688671ab63f936967b109816a97e3967875e02a4052b8fc2cd6df584ac13
tcn,mixed,43,bandpass_n20001_cLA_LL_electrode_s0,phase2/results/predictions/full/mixed/tcn/seed_43/bandpass_n20001_cLA_LL_electrode_s0.npz,75848,9bfa267a91f42ad7b9ce2a44adfd003f2e4a41c9ef3a59dab7e093a05b6e6584
tcn,mixed,43,bandpass_n20001_cLA_LL_covariance_s20,phase2/results/predictions/full/mixed/tcn/seed_43/bandpass_n20001_cLA_LL_covariance_s20.npz,76379,9fb881a643886691092c8f50746fddd2d90aac78f5f61c28f512f6039056e265
tcn,mixed,43,bandpass_n20001_cLA_LL_covariance_s15,phase2/results/predictions/full/mixed/tcn/seed_43/bandpass_n20001_cLA_LL_covariance_s15.npz,76388,b55a56bc7b2b290b650a0e25477bddddbe93e6986cc3f43fbc0be1232e1873e9
tcn,mixed,43,bandpass_n20001_cLA_LL_covariance_s10,phase2/results/predictions/full/mixed/tcn/seed_43/bandpass_n20001_cLA_LL_covariance_s10.npz,76312,66f65bd5436bd81f475cd77ac61a4793b4814f4c5bee6474f066441a910887a9
tcn,mixed,43,bandpass_n20001_cLA_LL_covariance_s5,phase2/results/predictions/full/mixed/tcn/seed_43/bandpass_n20001_cLA_LL_covariance_s5.npz,76183,12174e7cfeff2fab6f5dff3243042a72045e3a292d6e1695190e86b5dc776f14
tcn,mixed,43,bandpass_n20001_cLA_LL_covariance_s0,phase2/results/predictions/full/mixed/tcn/seed_43/bandpass_n20001_cLA_LL_covariance_s0.npz,75863,a04c851f255cfe16d1cc6746533ccc128a42678666cf5fa36ead529b25a7a0b0
tcn,mixed,43,bandpass_n20001_cRA_LL_independent_rms_s20,phase2/results/predictions/full/mixed/tcn/seed_43/bandpass_n20001_cRA_LL_independent_rms_s20.npz,76372,db48bb82fff5ab7dc8e1e1dcd8a5d01a1368cf183eb7fe4502ceaa148c702865
tcn,mixed,43,bandpass_n20001_cRA_LL_independent_rms_s15,phase2/results/predictions/full/mixed/tcn/seed_43/bandpass_n20001_cRA_LL_independent_rms_s15.npz,76393,d603a88fbf9f8dcea32004469285472d391e6cad48c9fcb18f8ce52c33113434
tcn,mixed,43,bandpass_n20001_cRA_LL_independent_rms_s10,phase2/results/predictions/full/mixed/tcn/seed_43/bandpass_n20001_cRA_LL_independent_rms_s10.npz,76369,c73c896255e02929455c182edd483bad5a55617569946c260bbf34197918b0c8
tcn,mixed,43,bandpass_n20001_cRA_LL_independent_rms_s5,phase2/results/predictions/full/mixed/tcn/seed_43/bandpass_n20001_cRA_LL_independent_rms_s5.npz,76266,4f9f80c3ecc991a807659910ca217e0a47ea89f975a5905219c5ceb46aadc633
tcn,mixed,43,bandpass_n20001_cRA_LL_independent_rms_s0,phase2/results/predictions/full/mixed/tcn/seed_43/bandpass_n20001_cRA_LL_independent_rms_s0.npz,76047,59598067ade709ad500eb153480c1098c73cf4f111d04ab2c8daf7bb66e7c737
tcn,mixed,43,bandpass_n20001_cRA_LL_electrode_s20,phase2/results/predictions/full/mixed/tcn/seed_43/bandpass_n20001_cRA_LL_electrode_s20.npz,76394,b9bf2d9319b254a0395fbc78ee2474e2a1594a5d174cf05983bbcca34201b8bf
tcn,mixed,43,bandpass_n20001_cRA_LL_electrode_s15,phase2/results/predictions/full/mixed/tcn/seed_43/bandpass_n20001_cRA_LL_electrode_s15.npz,76374,60742f859f96c2d2324895e16bb23681a50f078db256ec0ae9fa6cecd8f1a28e
tcn,mixed,43,bandpass_n20001_cRA_LL_electrode_s10,phase2/results/predictions/full/mixed/tcn/seed_43/bandpass_n20001_cRA_LL_electrode_s10.npz,76283,a6f9191d107c7b67b94c957fdb2fc815b23a097a8044634d61491680b6a9f85a
tcn,mixed,43,bandpass_n20001_cRA_LL_electrode_s5,phase2/results/predictions/full/mixed/tcn/seed_43/bandpass_n20001_cRA_LL_electrode_s5.npz,76099,ac488972a418ee8be5f107834035175c038255b9ab81275e9a5ca84c0cf141ff
tcn,mixed,43,bandpass_n20001_cRA_LL_electrode_s0,phase2/results/predictions/full/mixed/tcn/seed_43/bandpass_n20001_cRA_LL_electrode_s0.npz,75719,0a9faecbf443ffd5d401618b09b8c5f380b4fd9dc183229986646409970df001
tcn,mixed,43,bandpass_n20001_cRA_LL_covariance_s20,phase2/results/predictions/full/mixed/tcn/seed_43/bandpass_n20001_cRA_LL_covariance_s20.npz,76376,917df301dc8f06e5f55f162a35406b32aef94bf28388ca8f8276bb096dc8a1bb
tcn,mixed,43,bandpass_n20001_cRA_LL_covariance_s15,phase2/results/predictions/full/mixed/tcn/seed_43/bandpass_n20001_cRA_LL_covariance_s15.npz,76370,af8c57755e3f96ea4ac8d0e360d85c0f70a594a480c1b2ec2a26039aa92580d9
tcn,mixed,43,bandpass_n20001_cRA_LL_covariance_s10,phase2/results/predictions/full/mixed/tcn/seed_43/bandpass_n20001_cRA_LL_covariance_s10.npz,76305,842a66462a32fb5e085d0b1fc6e907bf00c26c9ad11e539a84c3ffccc1e7f712
tcn,mixed,43,bandpass_n20001_cRA_LL_covariance_s5,phase2/results/predictions/full/mixed/tcn/seed_43/bandpass_n20001_cRA_LL_covariance_s5.npz,76107,01a5ad2c4623d0fdfdab12b397c43c0d8744c31ecf4576e1a1f086d920386fe8
tcn,mixed,43,bandpass_n20001_cRA_LL_covariance_s0,phase2/results/predictions/full/mixed/tcn/seed_43/bandpass_n20001_cRA_LL_covariance_s0.npz,75718,e1285a7cbaba146061e7dfbce57249a56566dbb988068c22921df9ade60dcc81
tcn,mixed,43,bandpass_n20001_cRA_independent_rms_s20,phase2/results/predictions/full/mixed/tcn/seed_43/bandpass_n20001_cRA_independent_rms_s20.npz,76380,2798d5df436ebca0feda9baae7e871740b37544cb03dce3f6a1c710bf7458501
tcn,mixed,43,bandpass_n20001_cRA_independent_rms_s15,phase2/results/predictions/full/mixed/tcn/seed_43/bandpass_n20001_cRA_independent_rms_s15.npz,76383,a18bd7c11a3b166d2fb6f1ba54645e3c1100b6a248a2fdf6067f11e0f0fa9c11
tcn,mixed,43,bandpass_n20001_cRA_independent_rms_s10,phase2/results/predictions/full/mixed/tcn/seed_43/bandpass_n20001_cRA_independent_rms_s10.npz,76323,853ee303b795e46728acabee8567f344031e68f30175b0063a604a0924788a64
tcn,mixed,43,bandpass_n20001_cRA_independent_rms_s5,phase2/results/predictions/full/mixed/tcn/seed_43/bandpass_n20001_cRA_independent_rms_s5.npz,76239,d30641cab6ebbd4cd1a24bad4c671277c41e013d48a3eff0c0ef5ca9662bf815
tcn,mixed,43,bandpass_n20001_cRA_independent_rms_s0,phase2/results/predictions/full/mixed/tcn/seed_43/bandpass_n20001_cRA_independent_rms_s0.npz,76043,d00f42ef6ea320bda5d767b0cdda83809bae07aceae63ed48375ef698228bdd4
tcn,mixed,43,bandpass_n20001_cRA_electrode_s20,phase2/results/predictions/full/mixed/tcn/seed_43/bandpass_n20001_cRA_electrode_s20.npz,76384,65d5f452c74d25802d715c81e42cf9f937d02ef558bf7da7d7884d8a7341c220
tcn,mixed,43,bandpass_n20001_cRA_electrode_s15,phase2/results/predictions/full/mixed/tcn/seed_43/bandpass_n20001_cRA_electrode_s15.npz,76344,4fd0190cfb5cf7494726fcc5992390ed8d10c8a70f4ef033771669c0bd4430a0
tcn,mixed,43,bandpass_n20001_cRA_electrode_s10,phase2/results/predictions/full/mixed/tcn/seed_43/bandpass_n20001_cRA_electrode_s10.npz,76275,d46f1584f55214d75c01a6a240f2a141562800add5db5843d7f8bc917740dda3
tcn,mixed,43,bandpass_n20001_cRA_electrode_s5,phase2/results/predictions/full/mixed/tcn/seed_43/bandpass_n20001_cRA_electrode_s5.npz,76058,c913fdfccf79efd6209476fa761a59ebc636a85cd9cdd78d96a793057228b1e8
tcn,mixed,43,bandpass_n20001_cRA_electrode_s0,phase2/results/predictions/full/mixed/tcn/seed_43/bandpass_n20001_cRA_electrode_s0.npz,75509,f629befca59509c4f86d87a3c2119cb9e661f12cfb0e21c3bd776fd82116be70
tcn,mixed,43,bandpass_n20001_cRA_covariance_s20,phase2/results/predictions/full/mixed/tcn/seed_43/bandpass_n20001_cRA_covariance_s20.npz,76383,4041c0cf46d18eef88584ef75beaa21059b718917810adbe0c4eaaa845f13f92
tcn,mixed,43,bandpass_n20001_cRA_covariance_s15,phase2/results/predictions/full/mixed/tcn/seed_43/bandpass_n20001_cRA_covariance_s15.npz,76353,da12fb9b1fcc55e476cca7326eb78450bc4f68c69a6e1668a929f4a7e3d7bc0d
tcn,mixed,43,bandpass_n20001_cRA_covariance_s10,phase2/results/predictions/full/mixed/tcn/seed_43/bandpass_n20001_cRA_covariance_s10.npz,76213,d0871eabf42e1e94dbf22dc1cda41ef2aeef6c2ca01acdc51efcfd705a685218
tcn,mixed,43,bandpass_n20001_cRA_covariance_s5,phase2/results/predictions/full/mixed/tcn/seed_43/bandpass_n20001_cRA_covariance_s5.npz,76042,88718cd83e7ef96e82711c1c1ebcd53623ecb30370170ab04892f1ecb9631df4
tcn,mixed,43,bandpass_n20001_cRA_covariance_s0,phase2/results/predictions/full/mixed/tcn/seed_43/bandpass_n20001_cRA_covariance_s0.npz,75508,7c663eb72fd97070a2f07de1d43749e5bf30d4ec2edbf80e06c1b6f38bd3cd96
tcn,mixed,43,bandpass_n20001_cLA_independent_rms_s20,phase2/results/predictions/full/mixed/tcn/seed_43/bandpass_n20001_cLA_independent_rms_s20.npz,76408,4e7de9930429321410dbb5944c7609ae262db6e78d4dcd8dfab8fea542192efe
tcn,mixed,43,bandpass_n20001_cLA_independent_rms_s15,phase2/results/predictions/full/mixed/tcn/seed_43/bandpass_n20001_cLA_independent_rms_s15.npz,76384,6700bd23075462253da07165f2a90dd0136c23a78f4bfbc00260a7f18be259c5
tcn,mixed,43,bandpass_n20001_cLA_independent_rms_s10,phase2/results/predictions/full/mixed/tcn/seed_43/bandpass_n20001_cLA_independent_rms_s10.npz,76364,339dd15ba85452459c572d04f988ceb9139b9f5e084ba0426f2056efcb1c0dd6
tcn,mixed,43,bandpass_n20001_cLA_independent_rms_s5,phase2/results/predictions/full/mixed/tcn/seed_43/bandpass_n20001_cLA_independent_rms_s5.npz,76288,75e3eef4f17a39b88586e34e77c48e9028cedd44871a13d0f06ed8e3e950214f
tcn,mixed,43,bandpass_n20001_cLA_independent_rms_s0,phase2/results/predictions/full/mixed/tcn/seed_43/bandpass_n20001_cLA_independent_rms_s0.npz,76031,55d7a7cbd078ad8fcb346e1a03c9fbb9a0b9b6242279bf3284f156aaebc63b24
tcn,mixed,43,bandpass_n20001_cLA_electrode_s20,phase2/results/predictions/full/mixed/tcn/seed_43/bandpass_n20001_cLA_electrode_s20.npz,76370,60cb93ae5b72f345f4dbb2769ba03d566ca83fa334272f08e1e6c2e3aacaa787
tcn,mixed,43,bandpass_n20001_cLA_electrode_s15,phase2/results/predictions/full/mixed/tcn/seed_43/bandpass_n20001_cLA_electrode_s15.npz,76372,e7561fd0bc8e0501a5a4ac27d645752678d0253bf71145b8538265e3e090c7d1
tcn,mixed,43,bandpass_n20001_cLA_electrode_s10,phase2/results/predictions/full/mixed/tcn/seed_43/bandpass_n20001_cLA_electrode_s10.npz,76327,83302452c789f3911fe400a79d3114625dd4ba236a368f220555c4b8e009aa06
tcn,mixed,43,bandpass_n20001_cLA_electrode_s5,phase2/results/predictions/full/mixed/tcn/seed_43/bandpass_n20001_cLA_electrode_s5.npz,76203,fedecfe28440d9be21a4c56e710ecfbadea85757ac412a09ca1758b0006c5351
tcn,mixed,43,bandpass_n20001_cLA_electrode_s0,phase2/results/predictions/full/mixed/tcn/seed_43/bandpass_n20001_cLA_electrode_s0.npz,75858,1a9f4458e9d01c3a5ac34e43110c1457669bf1208bd484e601fa57f33c4ae346
tcn,mixed,43,bandpass_n20001_cLA_covariance_s20,phase2/results/predictions/full/mixed/tcn/seed_43/bandpass_n20001_cLA_covariance_s20.npz,76392,ab515aee40d02da75a8e77210bdfb260f123fd32b8b960b0228b566a7963ed76
tcn,mixed,43,bandpass_n20001_cLA_covariance_s15,phase2/results/predictions/full/mixed/tcn/seed_43/bandpass_n20001_cLA_covariance_s15.npz,76399,b31bfae59a84b963c0819f4ff5126b8d6535923d8b691f52d11b9d61295edd96
tcn,mixed,43,bandpass_n20001_cLA_covariance_s10,phase2/results/predictions/full/mixed/tcn/seed_43/bandpass_n20001_cLA_covariance_s10.npz,76343,a100ead167c1033e24e2c1f3a20104cb1fbd32b8fca7f2c37f07697721970576
tcn,mixed,43,bandpass_n20001_cLA_covariance_s5,phase2/results/predictions/full/mixed/tcn/seed_43/bandpass_n20001_cLA_covariance_s5.npz,76183,85353bf868358c0a8fb985b12e62c1cb3bad244906f2ebc4106379b8ad4ae8a7
tcn,mixed,43,bandpass_n20001_cLA_covariance_s0,phase2/results/predictions/full/mixed/tcn/seed_43/bandpass_n20001_cLA_covariance_s0.npz,75864,a28822add77d102faa69cdf8de45fbba2dcb26fd2a1ef8c705d10461b23b8d54
tcn,mixed,43,bandpass_n20001_cLL_independent_rms_s20,phase2/results/predictions/full/mixed/tcn/seed_43/bandpass_n20001_cLL_independent_rms_s20.npz,76378,be8ac5f50b8d7dc83cd261c739695aa85f0df14452bbb61ce34e3eaa6526f359
tcn,mixed,43,bandpass_n20001_cLL_independent_rms_s15,phase2/results/predictions/full/mixed/tcn/seed_43/bandpass_n20001_cLL_independent_rms_s15.npz,76375,b6bb0c02dc0d34115f60ef6f1aad9024288eeba3be8128f0ed246217eeb9e90e
tcn,mixed,43,bandpass_n20001_cLL_independent_rms_s10,phase2/results/predictions/full/mixed/tcn/seed_43/bandpass_n20001_cLL_independent_rms_s10.npz,76360,7c31bb1c57651a2b78d43f423bbb9c8a7b4860291b5f26ef294da77a738b5d52
tcn,mixed,43,bandpass_n20001_cLL_independent_rms_s5,phase2/results/predictions/full/mixed/tcn/seed_43/bandpass_n20001_cLL_independent_rms_s5.npz,76273,204226370aeb1d296ab9f3e2959f4854e6b655b33e41d515712dfbab71834ce6
tcn,mixed,43,bandpass_n20001_cLL_independent_rms_s0,phase2/results/predictions/full/mixed/tcn/seed_43/bandpass_n20001_cLL_independent_rms_s0.npz,76032,0731f91e6ca256916bb770b54adf93dff25cc1787ecc2476c1dfd41ec9c68736
tcn,mixed,43,bandpass_n20001_cLL_electrode_s20,phase2/results/predictions/full/mixed/tcn/seed_43/bandpass_n20001_cLL_electrode_s20.npz,76376,a576659323321a212109f3c9d8d1f58abc95eb2d6e3c664dd63863233cdde5d8
tcn,mixed,43,bandpass_n20001_cLL_electrode_s15,phase2/results/predictions/full/mixed/tcn/seed_43/bandpass_n20001_cLL_electrode_s15.npz,76380,9941e11be78671a102315ac2808c24704615bc74f77c7ee7abef4634d057fd21
tcn,mixed,43,bandpass_n20001_cLL_electrode_s10,phase2/results/predictions/full/mixed/tcn/seed_43/bandpass_n20001_cLL_electrode_s10.npz,76336,bb5dca855716a9d7c7f33b76c0fda9a352931db99a264f4eabf14af4bc536661
tcn,mixed,43,bandpass_n20001_cLL_electrode_s5,phase2/results/predictions/full/mixed/tcn/seed_43/bandpass_n20001_cLL_electrode_s5.npz,76172,69d124064731574ba11e5d7e379e63eb6b555d6ab6854c2998d18692bf11322d
tcn,mixed,43,bandpass_n20001_cLL_electrode_s0,phase2/results/predictions/full/mixed/tcn/seed_43/bandpass_n20001_cLL_electrode_s0.npz,75904,7cd77fb80de7943dbacc48a38951daad33a284794e53b10aef7a1ef06337ce58
tcn,mixed,43,bandpass_n20001_cLL_covariance_s20,phase2/results/predictions/full/mixed/tcn/seed_43/bandpass_n20001_cLL_covariance_s20.npz,76373,355ba8714d710ebfc4678673ecdeda1c422e6ac51f2256fc5e2e2bdd214d48c6
tcn,mixed,43,bandpass_n20001_cLL_covariance_s15,phase2/results/predictions/full/mixed/tcn/seed_43/bandpass_n20001_cLL_covariance_s15.npz,76368,af6974733f1a4d9f0de16723ce99e8913cf8f8b8e9505cf6830b96c781100ed2
tcn,mixed,43,bandpass_n20001_cLL_covariance_s10,phase2/results/predictions/full/mixed/tcn/seed_43/bandpass_n20001_cLL_covariance_s10.npz,76322,1fe66706764171ee2323acb849fb5ea8377e963655d63210ff7d9bb444372c83
tcn,mixed,43,bandpass_n20001_cLL_covariance_s5,phase2/results/predictions/full/mixed/tcn/seed_43/bandpass_n20001_cLL_covariance_s5.npz,76153,60c5df35786509d5fbaa79717c2a9d017d89369234e448075d7c6e1f00974e5e
tcn,mixed,43,bandpass_n20001_cLL_covariance_s0,phase2/results/predictions/full/mixed/tcn/seed_43/bandpass_n20001_cLL_covariance_s0.npz,75906,23e6f07f61368df845aa1340ff7f51bcbc3e38afa4e1478e81eac3c0a70aa974
tcn,mixed,43,bandpass_n20001_cRA_V1_independent_rms_s20,phase2/results/predictions/full/mixed/tcn/seed_43/bandpass_n20001_cRA_V1_independent_rms_s20.npz,76425,88e899c7fea90a516527f6e7b274c8557d42b3e324e7626d6b125354a6b12abc
tcn,mixed,43,bandpass_n20001_cRA_V1_independent_rms_s15,phase2/results/predictions/full/mixed/tcn/seed_43/bandpass_n20001_cRA_V1_independent_rms_s15.npz,76378,3830a546c41d0273c6b4f7977e28c634bd2c0d0f8ed4c35743bdd86024815ff0
tcn,mixed,43,bandpass_n20001_cRA_V1_independent_rms_s10,phase2/results/predictions/full/mixed/tcn/seed_43/bandpass_n20001_cRA_V1_independent_rms_s10.npz,76372,df231cf7b7a5889f4ece9f5a8cb751eda13854add96ad97035623dcd91cecfcd
tcn,mixed,43,bandpass_n20001_cRA_V1_independent_rms_s5,phase2/results/predictions/full/mixed/tcn/seed_43/bandpass_n20001_cRA_V1_independent_rms_s5.npz,76283,3e6df0dfc2ba27702e036de00babdf0959494db11f2f798ff25ba902e862df0b
tcn,mixed,43,bandpass_n20001_cRA_V1_independent_rms_s0,phase2/results/predictions/full/mixed/tcn/seed_43/bandpass_n20001_cRA_V1_independent_rms_s0.npz,76047,3880999254d782b1905765c3846d8c564d1d0c28059ba18c6f4c4d9a6c4734c9
tcn,mixed,43,bandpass_n20001_cRA_V1_electrode_s20,phase2/results/predictions/full/mixed/tcn/seed_43/bandpass_n20001_cRA_V1_electrode_s20.npz,76393,abc160ee9f8fae576b3a864d12bb9178d864a0ebf3b465c0670a56b346c5bd76
tcn,mixed,43,bandpass_n20001_cRA_V1_electrode_s15,phase2/results/predictions/full/mixed/tcn/seed_43/bandpass_n20001_cRA_V1_electrode_s15.npz,76358,37621d5035126004271c6dfd37acabf8e86fda7c809083b1609d7bb1f720cba7
tcn,mixed,43,bandpass_n20001_cRA_V1_electrode_s10,phase2/results/predictions/full/mixed/tcn/seed_43/bandpass_n20001_cRA_V1_electrode_s10.npz,76292,b4e88328cb5bd993701a19bd388ff1e3cc2181dadee506dd78a6f9384c94f9f6
tcn,mixed,43,bandpass_n20001_cRA_V1_electrode_s5,phase2/results/predictions/full/mixed/tcn/seed_43/bandpass_n20001_cRA_V1_electrode_s5.npz,76103,a3241f5323f497261dc343a2815671343c543e2a635d1020d1ca24bcbd1c0161
tcn,mixed,43,bandpass_n20001_cRA_V1_electrode_s0,phase2/results/predictions/full/mixed/tcn/seed_43/bandpass_n20001_cRA_V1_electrode_s0.npz,75593,4690cb5d2e0e396bddf439c39fa8046aff7e949123e161b75e1d7eef25fd785b
tcn,mixed,43,bandpass_n20001_cRA_V1_covariance_s20,phase2/results/predictions/full/mixed/tcn/seed_43/bandpass_n20001_cRA_V1_covariance_s20.npz,76398,93b44c22da4e7fea60f7a3f14887add8ceb064c2a017e9ca3057174a04c0b59c
tcn,mixed,43,bandpass_n20001_cRA_V1_covariance_s15,phase2/results/predictions/full/mixed/tcn/seed_43/bandpass_n20001_cRA_V1_covariance_s15.npz,76366,9ee7fe5c786f93725902e73885167b902c003d765071650e4d49cc6f4b1cd18d
tcn,mixed,43,bandpass_n20001_cRA_V1_covariance_s10,phase2/results/predictions/full/mixed/tcn/seed_43/bandpass_n20001_cRA_V1_covariance_s10.npz,76253,2889e11773d77133cc2a4f8167a6262e86e219575bb6b841f0510c2f9be70b3f
tcn,mixed,43,bandpass_n20001_cRA_V1_covariance_s5,phase2/results/predictions/full/mixed/tcn/seed_43/bandpass_n20001_cRA_V1_covariance_s5.npz,76084,2eb392e67908c6b9eacb0f0b17bb8182493677b9a9680cc53876a805dc15c96e
tcn,mixed,43,bandpass_n20001_cRA_V1_covariance_s0,phase2/results/predictions/full/mixed/tcn/seed_43/bandpass_n20001_cRA_V1_covariance_s0.npz,75607,18e48ae987733095c03a902b4ce3cf27164ca991a15e96568447871625ec0688
tcn,mixed,43,bandpass_n20001_cLA_V6_independent_rms_s20,phase2/results/predictions/full/mixed/tcn/seed_43/bandpass_n20001_cLA_V6_independent_rms_s20.npz,76433,51eb04ba16c87077b70ab9553f87923d20ab45929e5e5ef58bf9313de4b56c66
tcn,mixed,43,bandpass_n20001_cLA_V6_independent_rms_s15,phase2/results/predictions/full/mixed/tcn/seed_43/bandpass_n20001_cLA_V6_independent_rms_s15.npz,76414,0f7a099cf1ef82ae37ea1f240d28689e85c0d864e2022d98f21491b499cecf84
tcn,mixed,43,bandpass_n20001_cLA_V6_independent_rms_s10,phase2/results/predictions/full/mixed/tcn/seed_43/bandpass_n20001_cLA_V6_independent_rms_s10.npz,76371,c03e9e398935f93d131e12766dcfbb620156c0c5554375abc2d39cb1ae3086da
tcn,mixed,43,bandpass_n20001_cLA_V6_independent_rms_s5,phase2/results/predictions/full/mixed/tcn/seed_43/bandpass_n20001_cLA_V6_independent_rms_s5.npz,76307,09fbedad34fb39e9fe843d91e2b967ab0d50bc7a358ca0092696f3bfa54af946
tcn,mixed,43,bandpass_n20001_cLA_V6_independent_rms_s0,phase2/results/predictions/full/mixed/tcn/seed_43/bandpass_n20001_cLA_V6_independent_rms_s0.npz,76019,2c51d8ee702516471122183454dee5af79a3c5334363e32b5abb4b98d972c2de
tcn,mixed,43,bandpass_n20001_cLA_V6_electrode_s20,phase2/results/predictions/full/mixed/tcn/seed_43/bandpass_n20001_cLA_V6_electrode_s20.npz,76411,a1a46b61066997fca89997a1d80a13685028d9c92fd2ae8fa93ed745362c0542
tcn,mixed,43,bandpass_n20001_cLA_V6_electrode_s15,phase2/results/predictions/full/mixed/tcn/seed_43/bandpass_n20001_cLA_V6_electrode_s15.npz,76394,5ad6e1397a0f82e818f4bd9e7a2df9b15aad174f01d91241d681b6ab02dc0987
tcn,mixed,43,bandpass_n20001_cLA_V6_electrode_s10,phase2/results/predictions/full/mixed/tcn/seed_43/bandpass_n20001_cLA_V6_electrode_s10.npz,76374,693e42053174e3d62042c520de4887538979d1d34949632abc2041cebbfdf955
tcn,mixed,43,bandpass_n20001_cLA_V6_electrode_s5,phase2/results/predictions/full/mixed/tcn/seed_43/bandpass_n20001_cLA_V6_electrode_s5.npz,76205,35316a350af2137ad8748bb40e7fc432deb77e86ca95577991c8b86cb61ade5b
tcn,mixed,43,bandpass_n20001_cLA_V6_electrode_s0,phase2/results/predictions/full/mixed/tcn/seed_43/bandpass_n20001_cLA_V6_electrode_s0.npz,75921,afe5c7c7eddd7a4978f138740b616a8f301b40e5520bc7f1150cfacfe5f4fba1
tcn,mixed,43,bandpass_n20001_cLA_V6_covariance_s20,phase2/results/predictions/full/mixed/tcn/seed_43/bandpass_n20001_cLA_V6_covariance_s20.npz,76399,df5e6963954fe0e2235a21ce20f5a2d4c5f69893d339b81d26d244b88f6cfb7f
tcn,mixed,43,bandpass_n20001_cLA_V6_covariance_s15,phase2/results/predictions/full/mixed/tcn/seed_43/bandpass_n20001_cLA_V6_covariance_s15.npz,76405,362767cd107bdb92590c6a1e78a179e1fde3fbd45bf3f06c8635c35277097410
tcn,mixed,43,bandpass_n20001_cLA_V6_covariance_s10,phase2/results/predictions/full/mixed/tcn/seed_43/bandpass_n20001_cLA_V6_covariance_s10.npz,76324,eca742291b71ff09506277bd731e43dbe583aa87580018eae4cad4a630fa89fe
tcn,mixed,43,bandpass_n20001_cLA_V6_covariance_s5,phase2/results/predictions/full/mixed/tcn/seed_43/bandpass_n20001_cLA_V6_covariance_s5.npz,76230,0c572e96da50e05239399ac7f1e3eea6b5cd2e3c265c704330ff59fe1c3d1cfd
tcn,mixed,43,bandpass_n20001_cLA_V6_covariance_s0,phase2/results/predictions/full/mixed/tcn/seed_43/bandpass_n20001_cLA_V6_covariance_s0.npz,75887,f884e432a28fe49e08d1f2ad2fed236f0d6a87d80dba1159320e7dc0b69ab705
tcn,mixed,43,bandpass_n20001_cLL_V4_independent_rms_s20,phase2/results/predictions/full/mixed/tcn/seed_43/bandpass_n20001_cLL_V4_independent_rms_s20.npz,76398,d0a1218704248da6188feb323810704fef0e28c328d0e639820587272ac63833
tcn,mixed,43,bandpass_n20001_cLL_V4_independent_rms_s15,phase2/results/predictions/full/mixed/tcn/seed_43/bandpass_n20001_cLL_V4_independent_rms_s15.npz,76369,623dffb968c8946314dd83e655ad00a60cdb57f2ce1d866fe5c10997d2d0e19c
tcn,mixed,43,bandpass_n20001_cLL_V4_independent_rms_s10,phase2/results/predictions/full/mixed/tcn/seed_43/bandpass_n20001_cLL_V4_independent_rms_s10.npz,76388,14d934370e29383ff0fcdfb04433af0753854c6f75813974454647f61f4950e3
tcn,mixed,43,bandpass_n20001_cLL_V4_independent_rms_s5,phase2/results/predictions/full/mixed/tcn/seed_43/bandpass_n20001_cLL_V4_independent_rms_s5.npz,76294,583d5fad15c952a0a7fa4d582d80a11aa60fd07a5df4cc797a4eae5366fc2b30
tcn,mixed,43,bandpass_n20001_cLL_V4_independent_rms_s0,phase2/results/predictions/full/mixed/tcn/seed_43/bandpass_n20001_cLL_V4_independent_rms_s0.npz,76045,dbf204358c8c8b8c048681e8e3ef56c8b5d9b2b584bab1e1bb9bad9400aafaa5
tcn,mixed,43,bandpass_n20001_cLL_V4_electrode_s20,phase2/results/predictions/full/mixed/tcn/seed_43/bandpass_n20001_cLL_V4_electrode_s20.npz,76368,a4edd32861b755ba654a185ea7ed66d54615899461c09de05cf992bfed1222cb
tcn,mixed,43,bandpass_n20001_cLL_V4_electrode_s15,phase2/results/predictions/full/mixed/tcn/seed_43/bandpass_n20001_cLL_V4_electrode_s15.npz,76366,184795cba35456fb0678b739a4aa4d3e9aa320662404c9c9c2024b0a529fd447
tcn,mixed,43,bandpass_n20001_cLL_V4_electrode_s10,phase2/results/predictions/full/mixed/tcn/seed_43/bandpass_n20001_cLL_V4_electrode_s10.npz,76302,3d1a5ae2106f4001231309b258ff66cfcfdda48aa1b484baad6e543d9cf34f98
tcn,mixed,43,bandpass_n20001_cLL_V4_electrode_s5,phase2/results/predictions/full/mixed/tcn/seed_43/bandpass_n20001_cLL_V4_electrode_s5.npz,76224,087e42638c225c3eb4e1f3276daca57f9f5364c495e817f87f4fff8a2f1f3135
tcn,mixed,43,bandpass_n20001_cLL_V4_electrode_s0,phase2/results/predictions/full/mixed/tcn/seed_43/bandpass_n20001_cLL_V4_electrode_s0.npz,75933,7bd46bd20922aca80b6cc1f085fa3b37f2b3fe6253f680845cd8cac6a196d07f
tcn,mixed,43,bandpass_n20001_cLL_V4_covariance_s20,phase2/results/predictions/full/mixed/tcn/seed_43/bandpass_n20001_cLL_V4_covariance_s20.npz,76386,4ab23b1bb9b2fe37328c10dd9a18c19caf14b53b81afbdbb3ea61761c8384068
tcn,mixed,43,bandpass_n20001_cLL_V4_covariance_s15,phase2/results/predictions/full/mixed/tcn/seed_43/bandpass_n20001_cLL_V4_covariance_s15.npz,76364,d4ed2f775e1a4bb88f9be63fe47fb1f2d6ec9bc76c51e31f9eddae38755f4a6d
tcn,mixed,43,bandpass_n20001_cLL_V4_covariance_s10,phase2/results/predictions/full/mixed/tcn/seed_43/bandpass_n20001_cLL_V4_covariance_s10.npz,76355,4a50e2ed7c6ffbfc9e775f6bf8db8af287e84d652ff91f7560a20f75b2460ffb
tcn,mixed,43,bandpass_n20001_cLL_V4_covariance_s5,phase2/results/predictions/full/mixed/tcn/seed_43/bandpass_n20001_cLL_V4_covariance_s5.npz,76226,ffccecb26935618949761b7ddcbaa0ac1bd19f61c9862078d29e6a469fe5fa64
tcn,mixed,43,bandpass_n20001_cLL_V4_covariance_s0,phase2/results/predictions/full/mixed/tcn/seed_43/bandpass_n20001_cLL_V4_covariance_s0.npz,75905,014e27a95079692f3fa4de33b277dcb9c35427ab0ea761d9b488b5fada3ea1ba
tcn,mixed,43,bandpass_n20001_cRA_LA_V1_V6_independent_rms_s20,phase2/results/predictions/full/mixed/tcn/seed_43/bandpass_n20001_cRA_LA_V1_V6_independent_rms_s20.npz,76405,630fe610dfdd851916ca49d8a0d09dce7399c4d109e17ec57749fb0d4183cafb
tcn,mixed,43,bandpass_n20001_cRA_LA_V1_V6_independent_rms_s15,phase2/results/predictions/full/mixed/tcn/seed_43/bandpass_n20001_cRA_LA_V1_V6_independent_rms_s15.npz,76394,7d933ad015aaf2b704ae25afa7fcf31ef9d4a45306bb4a54bf3edad727dad2de
tcn,mixed,43,bandpass_n20001_cRA_LA_V1_V6_independent_rms_s10,phase2/results/predictions/full/mixed/tcn/seed_43/bandpass_n20001_cRA_LA_V1_V6_independent_rms_s10.npz,76410,03a9c38789db400168d12ab16364b322cc258fd4ce8d185a5cbd97eb635fbbcd
tcn,mixed,43,bandpass_n20001_cRA_LA_V1_V6_independent_rms_s5,phase2/results/predictions/full/mixed/tcn/seed_43/bandpass_n20001_cRA_LA_V1_V6_independent_rms_s5.npz,76266,249780106895793b13ce6aba89638962a0926f3952b4a7631658ca17c5cc33e6
tcn,mixed,43,bandpass_n20001_cRA_LA_V1_V6_independent_rms_s0,phase2/results/predictions/full/mixed/tcn/seed_43/bandpass_n20001_cRA_LA_V1_V6_independent_rms_s0.npz,76050,13c566a6c00cafddbf4f31268215ea72b13d5f87f0f03cf6e848e2251fa984bd
tcn,mixed,43,bandpass_n20001_cRA_LA_V1_V6_electrode_s20,phase2/results/predictions/full/mixed/tcn/seed_43/bandpass_n20001_cRA_LA_V1_V6_electrode_s20.npz,76408,d85ce2a402d9c7bebfb04ca77578d1e1917a20b2dd6d37ddb03745decba95d6f
tcn,mixed,43,bandpass_n20001_cRA_LA_V1_V6_electrode_s15,phase2/results/predictions/full/mixed/tcn/seed_43/bandpass_n20001_cRA_LA_V1_V6_electrode_s15.npz,76405,99e639734e02cbf990a401b12b1c1181dda367918abe703b642c80c2b9214a8e
tcn,mixed,43,bandpass_n20001_cRA_LA_V1_V6_electrode_s10,phase2/results/predictions/full/mixed/tcn/seed_43/bandpass_n20001_cRA_LA_V1_V6_electrode_s10.npz,76336,916bef9ef7e10094513b76fe16313261375813d5bf36081676c6cf18358b184f
tcn,mixed,43,bandpass_n20001_cRA_LA_V1_V6_electrode_s5,phase2/results/predictions/full/mixed/tcn/seed_43/bandpass_n20001_cRA_LA_V1_V6_electrode_s5.npz,76162,b10ca097c200f09ea6db2a0a19d363be543ae0d959f6a6a4bdc8b0510c8de5c1
tcn,mixed,43,bandpass_n20001_cRA_LA_V1_V6_electrode_s0,phase2/results/predictions/full/mixed/tcn/seed_43/bandpass_n20001_cRA_LA_V1_V6_electrode_s0.npz,75784,26ea3b8b18bdbb48eb518134e50b41c30be5a8cc85c4e642f1b364a90cf7bf6f
tcn,mixed,43,bandpass_n20001_cRA_LA_V1_V6_covariance_s20,phase2/results/predictions/full/mixed/tcn/seed_43/bandpass_n20001_cRA_LA_V1_V6_covariance_s20.npz,76412,b8cf49a610fd1e791e022727c9c7ec40121c56717ecf18b6402efc7fa851cad1
tcn,mixed,43,bandpass_n20001_cRA_LA_V1_V6_covariance_s15,phase2/results/predictions/full/mixed/tcn/seed_43/bandpass_n20001_cRA_LA_V1_V6_covariance_s15.npz,76364,6901f49297b85ecb8eee28b9beed1d81d02191ea0256bf431305f90804e58f05
tcn,mixed,43,bandpass_n20001_cRA_LA_V1_V6_covariance_s10,phase2/results/predictions/full/mixed/tcn/seed_43/bandpass_n20001_cRA_LA_V1_V6_covariance_s10.npz,76343,9ef7f2856e0d85442f3d1746d3fbaa469cb10286ebe61d8bb6f527ecb059a5a6
tcn,mixed,43,bandpass_n20001_cRA_LA_V1_V6_covariance_s5,phase2/results/predictions/full/mixed/tcn/seed_43/bandpass_n20001_cRA_LA_V1_V6_covariance_s5.npz,76152,67d01f89df2d75abe61b86b609d219793cddd74f4f83dcdacd8f92cda02aa36d
tcn,mixed,43,bandpass_n20001_cRA_LA_V1_V6_covariance_s0,phase2/results/predictions/full/mixed/tcn/seed_43/bandpass_n20001_cRA_LA_V1_V6_covariance_s0.npz,75772,2fa238755aec69183a33272b36abeccea9981c70a02c4493c7e2a2ce893b4757
tcn,mixed,43,bandpass_n20001_cRA_V2_V5_independent_rms_s20,phase2/results/predictions/full/mixed/tcn/seed_43/bandpass_n20001_cRA_V2_V5_independent_rms_s20.npz,76393,c8d25507a525f425d60089669e5531844681156123ecf0383b999f82a2b9ab45
tcn,mixed,43,bandpass_n20001_cRA_V2_V5_independent_rms_s15,phase2/results/predictions/full/mixed/tcn/seed_43/bandpass_n20001_cRA_V2_V5_independent_rms_s15.npz,76400,4fe171d8b6069b5389d296f0389bc06711ecd6f823154728c2402752a87abfcb
tcn,mixed,43,bandpass_n20001_cRA_V2_V5_independent_rms_s10,phase2/results/predictions/full/mixed/tcn/seed_43/bandpass_n20001_cRA_V2_V5_independent_rms_s10.npz,76358,8290b4126c84adc7eb0b88a420e1dc93061cb8b300f0fa139c7645870398c1f8
tcn,mixed,43,bandpass_n20001_cRA_V2_V5_independent_rms_s5,phase2/results/predictions/full/mixed/tcn/seed_43/bandpass_n20001_cRA_V2_V5_independent_rms_s5.npz,76273,2131902b99779cbb10e7ee11f3d1081768543e9a1653702a1f876aabf310162b
tcn,mixed,43,bandpass_n20001_cRA_V2_V5_independent_rms_s0,phase2/results/predictions/full/mixed/tcn/seed_43/bandpass_n20001_cRA_V2_V5_independent_rms_s0.npz,76041,cf40c753cfa4cc8ba73099fa4d5f232aef371f818709308f9ba0717515a28013
tcn,mixed,43,bandpass_n20001_cRA_V2_V5_electrode_s20,phase2/results/predictions/full/mixed/tcn/seed_43/bandpass_n20001_cRA_V2_V5_electrode_s20.npz,76397,7bfc047e1fd874a7a136811536f6477c86b778e62c59fa39633b0d4fa47d2c9d
tcn,mixed,43,bandpass_n20001_cRA_V2_V5_electrode_s15,phase2/results/predictions/full/mixed/tcn/seed_43/bandpass_n20001_cRA_V2_V5_electrode_s15.npz,76376,25cb03060e730602777875b51c2513076281c4dadea714b812b269a5f86be1aa
tcn,mixed,43,bandpass_n20001_cRA_V2_V5_electrode_s10,phase2/results/predictions/full/mixed/tcn/seed_43/bandpass_n20001_cRA_V2_V5_electrode_s10.npz,76335,81a8cd1d2de1c0cae234526df4bad7cf58c5230ae44d520be916f6b98335c80e
tcn,mixed,43,bandpass_n20001_cRA_V2_V5_electrode_s5,phase2/results/predictions/full/mixed/tcn/seed_43/bandpass_n20001_cRA_V2_V5_electrode_s5.npz,76151,ba86c43c5cc2d2f4da4ab286156941a64aff8b398b6e000bbee8db6e4082bf6a
tcn,mixed,43,bandpass_n20001_cRA_V2_V5_electrode_s0,phase2/results/predictions/full/mixed/tcn/seed_43/bandpass_n20001_cRA_V2_V5_electrode_s0.npz,75740,7f2599bdab1bb9594730f739dccabd0851f952dcc70afe4d47c7a3b39dbb5c9b
tcn,mixed,43,bandpass_n20001_cRA_V2_V5_covariance_s20,phase2/results/predictions/full/mixed/tcn/seed_43/bandpass_n20001_cRA_V2_V5_covariance_s20.npz,76373,6c0e37546c9df556c35dae92dd4211a8f99e2cf1bed0e155418f86625964e3d4
tcn,mixed,43,bandpass_n20001_cRA_V2_V5_covariance_s15,phase2/results/predictions/full/mixed/tcn/seed_43/bandpass_n20001_cRA_V2_V5_covariance_s15.npz,76382,e6c8279062327e8447738496a0cf31143d40464160ecdddd2ec1d1c067dc6921
tcn,mixed,43,bandpass_n20001_cRA_V2_V5_covariance_s10,phase2/results/predictions/full/mixed/tcn/seed_43/bandpass_n20001_cRA_V2_V5_covariance_s10.npz,76319,7e1cb268fc41944e6db528c71976213d3b306744cfe29779fd60336a90a0a1c5
tcn,mixed,43,bandpass_n20001_cRA_V2_V5_covariance_s5,phase2/results/predictions/full/mixed/tcn/seed_43/bandpass_n20001_cRA_V2_V5_covariance_s5.npz,76131,d258fd9260edd789d0f6ca2baa06c134bd4652bfdd0af0ae894402197f3e91b9
tcn,mixed,43,bandpass_n20001_cRA_V2_V5_covariance_s0,phase2/results/predictions/full/mixed/tcn/seed_43/bandpass_n20001_cRA_V2_V5_covariance_s0.npz,75720,f0a217a5ca756b958ceb43d51e47e5e87e10e52d3992aced1cd598da000054e3
tcn,mixed,43,bandpass_n20001_cLA_V3_V6_independent_rms_s20,phase2/results/predictions/full/mixed/tcn/seed_43/bandpass_n20001_cLA_V3_V6_independent_rms_s20.npz,76389,03db8b71d95de6c29b290dc22ec7daa224fd3316985e8e578198f2f15ea91a7f
tcn,mixed,43,bandpass_n20001_cLA_V3_V6_independent_rms_s15,phase2/results/predictions/full/mixed/tcn/seed_43/bandpass_n20001_cLA_V3_V6_independent_rms_s15.npz,76385,b8f264ad96fcd19ef77bf6ca1c8005a3601db040ca2ebdbaee422242452ddd02
tcn,mixed,43,bandpass_n20001_cLA_V3_V6_independent_rms_s10,phase2/results/predictions/full/mixed/tcn/seed_43/bandpass_n20001_cLA_V3_V6_independent_rms_s10.npz,76378,6087bebbb407bc6c456730942e99bd790d80a1f4577b5ff407d16dde171d5677
tcn,mixed,43,bandpass_n20001_cLA_V3_V6_independent_rms_s5,phase2/results/predictions/full/mixed/tcn/seed_43/bandpass_n20001_cLA_V3_V6_independent_rms_s5.npz,76306,7f1fdfd05fe86cc507b6330fa3bb2b92a565272846ae2dce43099d617d9445af
tcn,mixed,43,bandpass_n20001_cLA_V3_V6_independent_rms_s0,phase2/results/predictions/full/mixed/tcn/seed_43/bandpass_n20001_cLA_V3_V6_independent_rms_s0.npz,76069,0e4abdf3e578df4ca9238fc1ba28acc11f95c02b3038fb83282295c3711e3f58
tcn,mixed,43,bandpass_n20001_cLA_V3_V6_electrode_s20,phase2/results/predictions/full/mixed/tcn/seed_43/bandpass_n20001_cLA_V3_V6_electrode_s20.npz,76417,de37fd71293ec42e962e6a29e638faf4f41c9ecdfad8f9b7426ecc05d61c1d16
tcn,mixed,43,bandpass_n20001_cLA_V3_V6_electrode_s15,phase2/results/predictions/full/mixed/tcn/seed_43/bandpass_n20001_cLA_V3_V6_electrode_s15.npz,76402,97dd513666daa9188b7293b39bf3966c8f0f4141ee17bc2b4a18c7028572f3e5
tcn,mixed,43,bandpass_n20001_cLA_V3_V6_electrode_s10,phase2/results/predictions/full/mixed/tcn/seed_43/bandpass_n20001_cLA_V3_V6_electrode_s10.npz,76361,2cf492989ca0e92861f5169081bacc0e231d499a19ce48b35a41ff32d78e695a
tcn,mixed,43,bandpass_n20001_cLA_V3_V6_electrode_s5,phase2/results/predictions/full/mixed/tcn/seed_43/bandpass_n20001_cLA_V3_V6_electrode_s5.npz,76228,48b2659a5706afc91dad1f9c9a4988e82e2d63a9a4087b80fa6d0f3df3aed883
tcn,mixed,43,bandpass_n20001_cLA_V3_V6_electrode_s0,phase2/results/predictions/full/mixed/tcn/seed_43/bandpass_n20001_cLA_V3_V6_electrode_s0.npz,75947,6a2ca823331f0bb26e564de476614077cf78fcf4811275b4f082ca40c61277b9
tcn,mixed,43,bandpass_n20001_cLA_V3_V6_covariance_s20,phase2/results/predictions/full/mixed/tcn/seed_43/bandpass_n20001_cLA_V3_V6_covariance_s20.npz,76379,493ad1fc43d02978e836eff1f7a046a012d1fbac0a8cbc4ac30a4315f813f949
tcn,mixed,43,bandpass_n20001_cLA_V3_V6_covariance_s15,phase2/results/predictions/full/mixed/tcn/seed_43/bandpass_n20001_cLA_V3_V6_covariance_s15.npz,76427,72e3a1a7eb0b6942a1fa7b85caa857a754126c6eae6a8df5f7e00bc0fa4325f6
tcn,mixed,43,bandpass_n20001_cLA_V3_V6_covariance_s10,phase2/results/predictions/full/mixed/tcn/seed_43/bandpass_n20001_cLA_V3_V6_covariance_s10.npz,76389,6cb989f9a4a508301ca1a7f036572dccb88d07e613f1fe510b7135c6a55196cf
tcn,mixed,43,bandpass_n20001_cLA_V3_V6_covariance_s5,phase2/results/predictions/full/mixed/tcn/seed_43/bandpass_n20001_cLA_V3_V6_covariance_s5.npz,76260,d8e4550bef6313b107da33fa3075ac928424302c24756f526057604cd93d68ef
tcn,mixed,43,bandpass_n20001_cLA_V3_V6_covariance_s0,phase2/results/predictions/full/mixed/tcn/seed_43/bandpass_n20001_cLA_V3_V6_covariance_s0.npz,75963,0ccb2952c3570e1fbdc7a2887fade9e1a7da915bbcae8842936d1ebd1abf4991
tcn,mixed,43,bandpass_n20001_cLL_V1_V4_independent_rms_s20,phase2/results/predictions/full/mixed/tcn/seed_43/bandpass_n20001_cLL_V1_V4_independent_rms_s20.npz,76370,682641938dfd3b810bc466da8f98fd60eb3be1db3ffe1c8c0106b7cbdb1d6315
tcn,mixed,43,bandpass_n20001_cLL_V1_V4_independent_rms_s15,phase2/results/predictions/full/mixed/tcn/seed_43/bandpass_n20001_cLL_V1_V4_independent_rms_s15.npz,76402,2e327697ef338f064862a5f4df0b5f7dfa029693633f051a1ddf4263d19541f5
tcn,mixed,43,bandpass_n20001_cLL_V1_V4_independent_rms_s10,phase2/results/predictions/full/mixed/tcn/seed_43/bandpass_n20001_cLL_V1_V4_independent_rms_s10.npz,76361,6b05e38477aa6c1f1bfa0d19520e7220d53b0644f2ca7e762d42c5c1f042b1fc
tcn,mixed,43,bandpass_n20001_cLL_V1_V4_independent_rms_s5,phase2/results/predictions/full/mixed/tcn/seed_43/bandpass_n20001_cLL_V1_V4_independent_rms_s5.npz,76263,b3416d7dac1bb89496217dbdadeb6af3622bca1c71098700fed0f7c12dabe60e
tcn,mixed,43,bandpass_n20001_cLL_V1_V4_independent_rms_s0,phase2/results/predictions/full/mixed/tcn/seed_43/bandpass_n20001_cLL_V1_V4_independent_rms_s0.npz,76055,ff573f77c7852fba6e5f61a16acfa33ede9be3f43f38910ebf82cbe11be4abe9
tcn,mixed,43,bandpass_n20001_cLL_V1_V4_electrode_s20,phase2/results/predictions/full/mixed/tcn/seed_43/bandpass_n20001_cLL_V1_V4_electrode_s20.npz,76404,fb845f27e1005688e90c5efa06d297749ff8b47e793a1f85042e3e53ce0968c7
tcn,mixed,43,bandpass_n20001_cLL_V1_V4_electrode_s15,phase2/results/predictions/full/mixed/tcn/seed_43/bandpass_n20001_cLL_V1_V4_electrode_s15.npz,76379,74865eceed0d537509f19f1fa59eab64dc7f0987c216b9ce289620c09ed4feb5
tcn,mixed,43,bandpass_n20001_cLL_V1_V4_electrode_s10,phase2/results/predictions/full/mixed/tcn/seed_43/bandpass_n20001_cLL_V1_V4_electrode_s10.npz,76340,9f8358fa88cf5d5eaf2c1b8bd11d40ac774c25f1325819850af3859722c52148
tcn,mixed,43,bandpass_n20001_cLL_V1_V4_electrode_s5,phase2/results/predictions/full/mixed/tcn/seed_43/bandpass_n20001_cLL_V1_V4_electrode_s5.npz,76233,8ad84e8bc582fb6281df3ac1eda95d7256895ea0ea0326cc4eb7f6ad9681275c
tcn,mixed,43,bandpass_n20001_cLL_V1_V4_electrode_s0,phase2/results/predictions/full/mixed/tcn/seed_43/bandpass_n20001_cLL_V1_V4_electrode_s0.npz,75938,0ea12f65cc844e9091fa60b7cc63e51279750112f2c6b2eb79927240ef7718f3
tcn,mixed,43,bandpass_n20001_cLL_V1_V4_covariance_s20,phase2/results/predictions/full/mixed/tcn/seed_43/bandpass_n20001_cLL_V1_V4_covariance_s20.npz,76388,e7b3e798d2e077c40bfc22ab17799f82de3b8330b8db5ac6c83ae8c5f02c6800
tcn,mixed,43,bandpass_n20001_cLL_V1_V4_covariance_s15,phase2/results/predictions/full/mixed/tcn/seed_43/bandpass_n20001_cLL_V1_V4_covariance_s15.npz,76406,8e52ce25ad79a90156cb988edb2255341d84e95ff8749e23e1e65706e3979db1
tcn,mixed,43,bandpass_n20001_cLL_V1_V4_covariance_s10,phase2/results/predictions/full/mixed/tcn/seed_43/bandpass_n20001_cLL_V1_V4_covariance_s10.npz,76328,f3ad2423fb46062b11a2e2e6539ebc6f9ebef19e573e472d8de77670526d5f85
tcn,mixed,43,bandpass_n20001_cLL_V1_V4_covariance_s5,phase2/results/predictions/full/mixed/tcn/seed_43/bandpass_n20001_cLL_V1_V4_covariance_s5.npz,76225,6b04d580d7e6ad81fd4f2555e004934588e6f8809b0359d3811f2e294ef070e8
tcn,mixed,43,bandpass_n20001_cLL_V1_V4_covariance_s0,phase2/results/predictions/full/mixed/tcn/seed_43/bandpass_n20001_cLL_V1_V4_covariance_s0.npz,75991,716aaa683b0004ca511dda5839ef75a985246bb4de87336854a6b5cf7bfe9a71
tcn,mixed,43,bandpass_n20001_call_independent_rms_s20,phase2/results/predictions/full/mixed/tcn/seed_43/bandpass_n20001_call_independent_rms_s20.npz,76398,21f43ee72460a9150e2d589c81bd6cf3d0beb80ad4637d75d44df5d35ce73efb
tcn,mixed,43,bandpass_n20001_call_independent_rms_s15,phase2/results/predictions/full/mixed/tcn/seed_43/bandpass_n20001_call_independent_rms_s15.npz,76389,7f283ba489bdd9170bcccc79df81119bccf9e4350c7bde03d1d741a7a86c2081
tcn,mixed,43,bandpass_n20001_call_independent_rms_s10,phase2/results/predictions/full/mixed/tcn/seed_43/bandpass_n20001_call_independent_rms_s10.npz,76377,f006511e164365b26c464a0f9cf153b7773d5b03d9ed46aa0a36e7fe50c6bd4f
tcn,mixed,43,bandpass_n20001_call_independent_rms_s5,phase2/results/predictions/full/mixed/tcn/seed_43/bandpass_n20001_call_independent_rms_s5.npz,76262,aeb0b2c2ed03c0eaf4cca0133bc4f5bdae52f0be6164a9339f07efcd5b760044
tcn,mixed,43,bandpass_n20001_call_independent_rms_s0,phase2/results/predictions/full/mixed/tcn/seed_43/bandpass_n20001_call_independent_rms_s0.npz,76015,58c84e01bb6ca15a15085ebbf6a5eb57be6fbc7044abff094a2843bb26bed79f
tcn,mixed,43,bandpass_n20001_call_electrode_s20,phase2/results/predictions/full/mixed/tcn/seed_43/bandpass_n20001_call_electrode_s20.npz,76370,1e62e874b4a9b8b909e4100d8db596c3f5b025d8b96cb6af6cb84816a479289c
tcn,mixed,43,bandpass_n20001_call_electrode_s15,phase2/results/predictions/full/mixed/tcn/seed_43/bandpass_n20001_call_electrode_s15.npz,76346,83b721bd120691ba9b934b4e123505de5ad33f74d852c7ec8d88efb0d21a7a76
tcn,mixed,43,bandpass_n20001_call_electrode_s10,phase2/results/predictions/full/mixed/tcn/seed_43/bandpass_n20001_call_electrode_s10.npz,76317,c50dc84c94e9b88101c06b7bb3a40bf0bd1bc0d205a3c1553367ef42a13c1a35
tcn,mixed,43,bandpass_n20001_call_electrode_s5,phase2/results/predictions/full/mixed/tcn/seed_43/bandpass_n20001_call_electrode_s5.npz,76178,4db57bbd8f289de34a9372c6354974a603f5974cb88f4ee84ff70c1ed3008a7d
tcn,mixed,43,bandpass_n20001_call_electrode_s0,phase2/results/predictions/full/mixed/tcn/seed_43/bandpass_n20001_call_electrode_s0.npz,75822,a12d8f48c08ab65025097e611a3c6d457ec226fd8f5e150c6551bba3a55f7836
tcn,mixed,43,bandpass_n20001_call_covariance_s20,phase2/results/predictions/full/mixed/tcn/seed_43/bandpass_n20001_call_covariance_s20.npz,76345,c31a03f4dfac82cdae0262aea63fff596ded037af259514b4b8b44923dde2111
tcn,mixed,43,bandpass_n20001_call_covariance_s15,phase2/results/predictions/full/mixed/tcn/seed_43/bandpass_n20001_call_covariance_s15.npz,76370,e8704cd1f2421c0f6c8fbd64aef2f51ce7026d15ec976640f5cc3b4dccb0e98e
tcn,mixed,43,bandpass_n20001_call_covariance_s10,phase2/results/predictions/full/mixed/tcn/seed_43/bandpass_n20001_call_covariance_s10.npz,76309,edead282f1d8382cdbc68e3b858e9f15f61014ba7d362a22bfacfb6c5e7c14e4
tcn,mixed,43,bandpass_n20001_call_covariance_s5,phase2/results/predictions/full/mixed/tcn/seed_43/bandpass_n20001_call_covariance_s5.npz,76166,6beea812a679e6a9922b2a26d6c1a19b6406707a6d2363f947641b7f042e11e8
tcn,mixed,43,bandpass_n20001_call_covariance_s0,phase2/results/predictions/full/mixed/tcn/seed_43/bandpass_n20001_call_covariance_s0.npz,75873,4a9625ff30c5b68aa3fd7bd2061abacd9a5d59f0f1cf6f8dc67d83c487e7946c
tcn,mixed,43,bandpass_n20002_cRA_LA_LL_independent_rms_s20,phase2/results/predictions/full/mixed/tcn/seed_43/bandpass_n20002_cRA_LA_LL_independent_rms_s20.npz,76396,45ecb1a21167ccf6b09ab225cee1d1f3f22ceb178964fde474b3961f807d2405
tcn,mixed,43,bandpass_n20002_cRA_LA_LL_independent_rms_s15,phase2/results/predictions/full/mixed/tcn/seed_43/bandpass_n20002_cRA_LA_LL_independent_rms_s15.npz,76397,9027920d07fec71dbae876613e3235c35a9869cb6cbe563442bffef7d4b5ef3c
tcn,mixed,43,bandpass_n20002_cRA_LA_LL_independent_rms_s10,phase2/results/predictions/full/mixed/tcn/seed_43/bandpass_n20002_cRA_LA_LL_independent_rms_s10.npz,76379,df1699668cdb3e956d25715dd121cb3b54053a78bb574e5641a47a55509f8b7f
tcn,mixed,43,bandpass_n20002_cRA_LA_LL_independent_rms_s5,phase2/results/predictions/full/mixed/tcn/seed_43/bandpass_n20002_cRA_LA_LL_independent_rms_s5.npz,76290,e5c2e2f807be1a4169ccf416f7bc4cf5d83216fcfb6b13d84356b4625ba26414
tcn,mixed,43,bandpass_n20002_cRA_LA_LL_independent_rms_s0,phase2/results/predictions/full/mixed/tcn/seed_43/bandpass_n20002_cRA_LA_LL_independent_rms_s0.npz,76050,0d0e64b0d400cfd7386e12607ea9e3d55f10604f0991196947fdcda23826c287
tcn,mixed,43,bandpass_n20002_cRA_LA_LL_electrode_s20,phase2/results/predictions/full/mixed/tcn/seed_43/bandpass_n20002_cRA_LA_LL_electrode_s20.npz,76412,7275dccdb9163ae7dbc51da82cc2c9c2f7ed40608ef567a2480a9895827da8a7
tcn,mixed,43,bandpass_n20002_cRA_LA_LL_electrode_s15,phase2/results/predictions/full/mixed/tcn/seed_43/bandpass_n20002_cRA_LA_LL_electrode_s15.npz,76368,651df534aa07102f4ecc14167aa9da8021b26ca30b9b4ffcdd1148f742eae770
tcn,mixed,43,bandpass_n20002_cRA_LA_LL_electrode_s10,phase2/results/predictions/full/mixed/tcn/seed_43/bandpass_n20002_cRA_LA_LL_electrode_s10.npz,76304,aec7301f19bfb7e1bbf41bb5868fa189a6cbc5b9e38db18711c462cc963485b8
tcn,mixed,43,bandpass_n20002_cRA_LA_LL_electrode_s5,phase2/results/predictions/full/mixed/tcn/seed_43/bandpass_n20002_cRA_LA_LL_electrode_s5.npz,76158,557d84dfcc9e9c087997ad6ff371567cc8ceed5622eb40c9dffabfbbcbc30a42
tcn,mixed,43,bandpass_n20002_cRA_LA_LL_electrode_s0,phase2/results/predictions/full/mixed/tcn/seed_43/bandpass_n20002_cRA_LA_LL_electrode_s0.npz,75756,e4634f7776e1f6ecbcc435dea73c41ed55a56ebd0d27e76c591421d195cd7103
tcn,mixed,43,bandpass_n20002_cRA_LA_LL_covariance_s20,phase2/results/predictions/full/mixed/tcn/seed_43/bandpass_n20002_cRA_LA_LL_covariance_s20.npz,76417,46145e1392d794c289b3c22500bece5ee4510bca3fc7434c62b1456462f305d4
tcn,mixed,43,bandpass_n20002_cRA_LA_LL_covariance_s15,phase2/results/predictions/full/mixed/tcn/seed_43/bandpass_n20002_cRA_LA_LL_covariance_s15.npz,76375,b293f8b56869086ee8117f94dedb6f8dfed850482584f419175169a34fc93a50
tcn,mixed,43,bandpass_n20002_cRA_LA_LL_covariance_s10,phase2/results/predictions/full/mixed/tcn/seed_43/bandpass_n20002_cRA_LA_LL_covariance_s10.npz,76294,19445f5b7d5e33699817126e453a89d89af22bf67afa297d5163b42e3d822288
tcn,mixed,43,bandpass_n20002_cRA_LA_LL_covariance_s5,phase2/results/predictions/full/mixed/tcn/seed_43/bandpass_n20002_cRA_LA_LL_covariance_s5.npz,76123,5c40c97a0252dce76e792ab1bc303ae7474e5e645b1e21a168d45a41fdb3d79a
tcn,mixed,43,bandpass_n20002_cRA_LA_LL_covariance_s0,phase2/results/predictions/full/mixed/tcn/seed_43/bandpass_n20002_cRA_LA_LL_covariance_s0.npz,75771,44a38742a0ec24cd19fd49be8b70d7cffd1c76720187396f5b737c5b7828c610
tcn,mixed,43,bandpass_n20002_cV1_independent_rms_s20,phase2/results/predictions/full/mixed/tcn/seed_43/bandpass_n20002_cV1_independent_rms_s20.npz,76382,2d58ee0eaa393ef03a7931d7668def83d75d3b33889329b9ea0fb89096572b2b
tcn,mixed,43,bandpass_n20002_cV1_independent_rms_s15,phase2/results/predictions/full/mixed/tcn/seed_43/bandpass_n20002_cV1_independent_rms_s15.npz,76394,2b0ad14ea3bb84330e4eb35ac71b9c5dab575a5472dc9c8b1044378bf32db91d
tcn,mixed,43,bandpass_n20002_cV1_independent_rms_s10,phase2/results/predictions/full/mixed/tcn/seed_43/bandpass_n20002_cV1_independent_rms_s10.npz,76339,089874af4f653c10b2e307f7e052e9492d775eb0cebdbe661e40c4c990360d8e
tcn,mixed,43,bandpass_n20002_cV1_independent_rms_s5,phase2/results/predictions/full/mixed/tcn/seed_43/bandpass_n20002_cV1_independent_rms_s5.npz,76203,52e064cb1dd2ad00b8427c5e1dfe8f919b8c1eab5e4096d570a495b9636acfe2
tcn,mixed,43,bandpass_n20002_cV1_independent_rms_s0,phase2/results/predictions/full/mixed/tcn/seed_43/bandpass_n20002_cV1_independent_rms_s0.npz,75949,31465fa1bc0d6fc576ec83ba7fb932b54587275b2f417401787f723f01c22877
tcn,mixed,43,bandpass_n20002_cV1_electrode_s20,phase2/results/predictions/full/mixed/tcn/seed_43/bandpass_n20002_cV1_electrode_s20.npz,76365,5dde04796ec5ca692d769c4fc21c263f0d0e8a92fcfbcff1772ca990d1a86605
tcn,mixed,43,bandpass_n20002_cV1_electrode_s15,phase2/results/predictions/full/mixed/tcn/seed_43/bandpass_n20002_cV1_electrode_s15.npz,76355,873b2d58dab4525c878f2ebdd92d66863002e65a7b958c464ba54e149e5f840c
tcn,mixed,43,bandpass_n20002_cV1_electrode_s10,phase2/results/predictions/full/mixed/tcn/seed_43/bandpass_n20002_cV1_electrode_s10.npz,76324,973c9c6933bb23a3b468a7f3f62bf0c132e495d6db2c239cdd96cbb17c9b839a
tcn,mixed,43,bandpass_n20002_cV1_electrode_s5,phase2/results/predictions/full/mixed/tcn/seed_43/bandpass_n20002_cV1_electrode_s5.npz,76214,6cc0dac7071ed7854220a552f4a29e35a3d63a9e97aede152c10517f3675dac6
tcn,mixed,43,bandpass_n20002_cV1_electrode_s0,phase2/results/predictions/full/mixed/tcn/seed_43/bandpass_n20002_cV1_electrode_s0.npz,75949,93cab7b2e203f908e66cadc11ef6694b1d59731bbc1ff9492eb588ecee4478cd
tcn,mixed,43,bandpass_n20002_cV1_covariance_s20,phase2/results/predictions/full/mixed/tcn/seed_43/bandpass_n20002_cV1_covariance_s20.npz,76378,5d824d1b910666309294df3a2456f8f13147d8f1665270f8d59782553a49cc8b
tcn,mixed,43,bandpass_n20002_cV1_covariance_s15,phase2/results/predictions/full/mixed/tcn/seed_43/bandpass_n20002_cV1_covariance_s15.npz,76388,f08b06f0a48f6d48038b49542ca169cf9a6bb8bfd41c3281c85a2fa895b4c125
tcn,mixed,43,bandpass_n20002_cV1_covariance_s10,phase2/results/predictions/full/mixed/tcn/seed_43/bandpass_n20002_cV1_covariance_s10.npz,76360,4da97727973444657e9157f29f91675657454e484c525251f0894038d7b3991b
tcn,mixed,43,bandpass_n20002_cV1_covariance_s5,phase2/results/predictions/full/mixed/tcn/seed_43/bandpass_n20002_cV1_covariance_s5.npz,76247,7b41a3526918f6d13ddfb58185f85f34c12fdb8f7c4eeeb780d1534ed341aa0e
tcn,mixed,43,bandpass_n20002_cV1_covariance_s0,phase2/results/predictions/full/mixed/tcn/seed_43/bandpass_n20002_cV1_covariance_s0.npz,75973,ec8574bdf72a04c6bfc1cfe87d5461d8fd4e65c0148e651335478d6910ab9484
tcn,mixed,43,bandpass_n20002_cV2_independent_rms_s20,phase2/results/predictions/full/mixed/tcn/seed_43/bandpass_n20002_cV2_independent_rms_s20.npz,76370,b8caa8f1d94aed5baa8927c25f259bda4c0bdd98aae81377e1f20a16e0ca4b37
tcn,mixed,43,bandpass_n20002_cV2_independent_rms_s15,phase2/results/predictions/full/mixed/tcn/seed_43/bandpass_n20002_cV2_independent_rms_s15.npz,76381,b36b204f05a568b432d40e927b6453c4e4b8971510a8cdc2f79410694bc23709
tcn,mixed,43,bandpass_n20002_cV2_independent_rms_s10,phase2/results/predictions/full/mixed/tcn/seed_43/bandpass_n20002_cV2_independent_rms_s10.npz,76366,fc7a9b388f930ba5efb4e53b9bbb67c5f3d2ad4d0ffa2cbca4d532dee0697fff
tcn,mixed,43,bandpass_n20002_cV2_independent_rms_s5,phase2/results/predictions/full/mixed/tcn/seed_43/bandpass_n20002_cV2_independent_rms_s5.npz,76296,26196ad8089e4b69cb5bf15da3860874372ed7c5084bbe417a2b13bb5263fdb3
tcn,mixed,43,bandpass_n20002_cV2_independent_rms_s0,phase2/results/predictions/full/mixed/tcn/seed_43/bandpass_n20002_cV2_independent_rms_s0.npz,76057,23edcd91a82300efb02e4097a55f84aa42f3ed0c42efde9e1876363629ed2700
tcn,mixed,43,bandpass_n20002_cV2_electrode_s20,phase2/results/predictions/full/mixed/tcn/seed_43/bandpass_n20002_cV2_electrode_s20.npz,76353,9bcb5648f1be4ad68f0c3ce675b7dea738c4b1300b1a41ad5deb14e31c7b31f4
tcn,mixed,43,bandpass_n20002_cV2_electrode_s15,phase2/results/predictions/full/mixed/tcn/seed_43/bandpass_n20002_cV2_electrode_s15.npz,76391,b462b88b51e3cb5fb69205bca9aa49d27ae4dbc7bcb16eea486ca6b7f500b84b
tcn,mixed,43,bandpass_n20002_cV2_electrode_s10,phase2/results/predictions/full/mixed/tcn/seed_43/bandpass_n20002_cV2_electrode_s10.npz,76352,3a65cd2dc31ea56b20988075bfca0b1c300340de3b6bcffcaef7b50984e4982e
tcn,mixed,43,bandpass_n20002_cV2_electrode_s5,phase2/results/predictions/full/mixed/tcn/seed_43/bandpass_n20002_cV2_electrode_s5.npz,76233,d7dbdf67354c3abe0cc0d5544471df1b595616670cdb5c734dd769fc638980f5
tcn,mixed,43,bandpass_n20002_cV2_electrode_s0,phase2/results/predictions/full/mixed/tcn/seed_43/bandpass_n20002_cV2_electrode_s0.npz,76047,a33152da9839277333f24b8197207f52cb3c374340a2b9b1d89e6a777354c2c1
tcn,mixed,43,bandpass_n20002_cV2_covariance_s20,phase2/results/predictions/full/mixed/tcn/seed_43/bandpass_n20002_cV2_covariance_s20.npz,76375,b023244e58a1a2811c48fc52bd3d4064bd27d058e5cc5133ec0f311d2d2db5bb
tcn,mixed,43,bandpass_n20002_cV2_covariance_s15,phase2/results/predictions/full/mixed/tcn/seed_43/bandpass_n20002_cV2_covariance_s15.npz,76380,1baba38fc2e3c274fdc3bb16b050b8341f81b65c9bae42796de509fbaea6822d
tcn,mixed,43,bandpass_n20002_cV2_covariance_s10,phase2/results/predictions/full/mixed/tcn/seed_43/bandpass_n20002_cV2_covariance_s10.npz,76357,801d1c472b8b18f3ac2447a8db2de52bf0eca5f058bfefbd41be74e3f48a0e1f
tcn,mixed,43,bandpass_n20002_cV2_covariance_s5,phase2/results/predictions/full/mixed/tcn/seed_43/bandpass_n20002_cV2_covariance_s5.npz,76259,b413b2065850d2cbc1e9def834325fb8f0f140e1754b344f2e292ebb13b443e3
tcn,mixed,43,bandpass_n20002_cV2_covariance_s0,phase2/results/predictions/full/mixed/tcn/seed_43/bandpass_n20002_cV2_covariance_s0.npz,76047,d3e531175badb8bd989b6afe01b0c0c7b9330d0aef1180b3becfcb2aa6ac6e1d
tcn,mixed,43,bandpass_n20002_cV3_independent_rms_s20,phase2/results/predictions/full/mixed/tcn/seed_43/bandpass_n20002_cV3_independent_rms_s20.npz,76394,e835b5f82ff09bb8fd0c2aae3b088f8d9dbab15e568441fca4b85216665a8a62
tcn,mixed,43,bandpass_n20002_cV3_independent_rms_s15,phase2/results/predictions/full/mixed/tcn/seed_43/bandpass_n20002_cV3_independent_rms_s15.npz,76387,becc1510a317dadd29e3e4f7efac7e14073847344a106d4443ec7992bc8bc317
tcn,mixed,43,bandpass_n20002_cV3_independent_rms_s10,phase2/results/predictions/full/mixed/tcn/seed_43/bandpass_n20002_cV3_independent_rms_s10.npz,76363,b843d13532960258ee003e75054e123f3a2c9e0b8b8c604f1bd5fe8e8e8c35c3
tcn,mixed,43,bandpass_n20002_cV3_independent_rms_s5,phase2/results/predictions/full/mixed/tcn/seed_43/bandpass_n20002_cV3_independent_rms_s5.npz,76333,2c46fb58c805e3827d7b20f62658ebc155111d65268256969c7a067efb757e36
tcn,mixed,43,bandpass_n20002_cV3_independent_rms_s0,phase2/results/predictions/full/mixed/tcn/seed_43/bandpass_n20002_cV3_independent_rms_s0.npz,76224,2cd17a5fd98dac4e95882f4a153aa9eddd2c1c73db73df02a29d6dbd87316c75
tcn,mixed,43,bandpass_n20002_cV3_electrode_s20,phase2/results/predictions/full/mixed/tcn/seed_43/bandpass_n20002_cV3_electrode_s20.npz,76358,3c7c825a83a045d8aaf5cf18fc43800e93994632a4da44e31c94c98f3c754a36
tcn,mixed,43,bandpass_n20002_cV3_electrode_s15,phase2/results/predictions/full/mixed/tcn/seed_43/bandpass_n20002_cV3_electrode_s15.npz,76377,79b9be21e52c849aab9051c8de13acd1e77d43e6dc2a2719e54e3ce9c316cbe9
tcn,mixed,43,bandpass_n20002_cV3_electrode_s10,phase2/results/predictions/full/mixed/tcn/seed_43/bandpass_n20002_cV3_electrode_s10.npz,76368,12b1cddd8451ca82fcc6cbf83ac4e19f9203fd9be0a0ce6672ad6bccac698346
tcn,mixed,43,bandpass_n20002_cV3_electrode_s5,phase2/results/predictions/full/mixed/tcn/seed_43/bandpass_n20002_cV3_electrode_s5.npz,76338,f58dd97c638f8703cbe34067d182f1f711388b9915cebae1050461d1e19a601b
tcn,mixed,43,bandpass_n20002_cV3_electrode_s0,phase2/results/predictions/full/mixed/tcn/seed_43/bandpass_n20002_cV3_electrode_s0.npz,76189,7f3e948f2638633bc413cbe8172710090212a3ee87e04966a0612cc293c3c7a0
tcn,mixed,43,bandpass_n20002_cV3_covariance_s20,phase2/results/predictions/full/mixed/tcn/seed_43/bandpass_n20002_cV3_covariance_s20.npz,76362,aadc11375672fbe1ffae885502eeaf431397eaaeca9ce86632d4690e85c7b20c
tcn,mixed,43,bandpass_n20002_cV3_covariance_s15,phase2/results/predictions/full/mixed/tcn/seed_43/bandpass_n20002_cV3_covariance_s15.npz,76373,270d99cb05b2e8dacb0d5e5e5759c85833709bb2fcac82d22319c54aff2cab53
tcn,mixed,43,bandpass_n20002_cV3_covariance_s10,phase2/results/predictions/full/mixed/tcn/seed_43/bandpass_n20002_cV3_covariance_s10.npz,76340,8644eb518a0643fb50f65c6cca9386e31ed74d5d794c867a2b98d2e6f84abad8
tcn,mixed,43,bandpass_n20002_cV3_covariance_s5,phase2/results/predictions/full/mixed/tcn/seed_43/bandpass_n20002_cV3_covariance_s5.npz,76323,38bb7fee89d7697f23ad8c8f925158e843127551026ee1deb189a0d521c62bea
tcn,mixed,43,bandpass_n20002_cV3_covariance_s0,phase2/results/predictions/full/mixed/tcn/seed_43/bandpass_n20002_cV3_covariance_s0.npz,76210,8e74cae01500d8a1130dd2f2773506ae27b2a8b7d9bdb0ff47d74e24a640e679
tcn,mixed,43,bandpass_n20002_cV4_independent_rms_s20,phase2/results/predictions/full/mixed/tcn/seed_43/bandpass_n20002_cV4_independent_rms_s20.npz,76387,02fbc6e90585868d22ad1cd0cd1937797051d1b199b98ce7faea0e1ad2b5a7a4
tcn,mixed,43,bandpass_n20002_cV4_independent_rms_s15,phase2/results/predictions/full/mixed/tcn/seed_43/bandpass_n20002_cV4_independent_rms_s15.npz,76387,c0029c345d6519fef6d80a171c3952ac7a3fb1a83732b0b16c464726a2448fb8
tcn,mixed,43,bandpass_n20002_cV4_independent_rms_s10,phase2/results/predictions/full/mixed/tcn/seed_43/bandpass_n20002_cV4_independent_rms_s10.npz,76380,a4c5e1d7cb03033c3de7a54091ec8e9758fff6cf73ab4e103dd369c2358ada55
tcn,mixed,43,bandpass_n20002_cV4_independent_rms_s5,phase2/results/predictions/full/mixed/tcn/seed_43/bandpass_n20002_cV4_independent_rms_s5.npz,76277,cc1175c51ee53ba3cd5bf55c82c2d59d098a47f77b7f2e459e17a570aa7ea885
tcn,mixed,43,bandpass_n20002_cV4_independent_rms_s0,phase2/results/predictions/full/mixed/tcn/seed_43/bandpass_n20002_cV4_independent_rms_s0.npz,76100,e85b54d3ad5622034c901345486345aa0bb625c811c767be79ccced5b6c540f3
tcn,mixed,43,bandpass_n20002_cV4_electrode_s20,phase2/results/predictions/full/mixed/tcn/seed_43/bandpass_n20002_cV4_electrode_s20.npz,76398,af8f00756879e98b6d0af637e1676a1424999290df08972001109f79e87616f6
tcn,mixed,43,bandpass_n20002_cV4_electrode_s15,phase2/results/predictions/full/mixed/tcn/seed_43/bandpass_n20002_cV4_electrode_s15.npz,76366,fe0b2a8012297b81f253965f94c2ee321fd46efdf8eec46854c37d5d41f25c99
tcn,mixed,43,bandpass_n20002_cV4_electrode_s10,phase2/results/predictions/full/mixed/tcn/seed_43/bandpass_n20002_cV4_electrode_s10.npz,76339,b1da281669c5250d74de7e25632e63cd85fcc9ed98f7fbf96fb5e829c57c43ba
tcn,mixed,43,bandpass_n20002_cV4_electrode_s5,phase2/results/predictions/full/mixed/tcn/seed_43/bandpass_n20002_cV4_electrode_s5.npz,76283,8507e82dc6c1b88c3d67570a828fe0737238077b90e517dd56125e20d8b40b72
tcn,mixed,43,bandpass_n20002_cV4_electrode_s0,phase2/results/predictions/full/mixed/tcn/seed_43/bandpass_n20002_cV4_electrode_s0.npz,76081,4c420ce4ef5e991415eabc13ed9175d2229ce1df8e07f5b37e8e97392d0303bf
tcn,mixed,43,bandpass_n20002_cV4_covariance_s20,phase2/results/predictions/full/mixed/tcn/seed_43/bandpass_n20002_cV4_covariance_s20.npz,76380,e2408dfa7d2cb6ecfb5396ea6f8dd01a627bacdeeab8465def0ba53e84665f14
tcn,mixed,43,bandpass_n20002_cV4_covariance_s15,phase2/results/predictions/full/mixed/tcn/seed_43/bandpass_n20002_cV4_covariance_s15.npz,76385,8c0a2e8ee3bd4b466910b17b752412644a5afbcc5d4e6b26eccbce36c2e43453
tcn,mixed,43,bandpass_n20002_cV4_covariance_s10,phase2/results/predictions/full/mixed/tcn/seed_43/bandpass_n20002_cV4_covariance_s10.npz,76373,a883e8204b81aad75ff02bce353d0e70d486327ef1627e2a488e506943bf407e
tcn,mixed,43,bandpass_n20002_cV4_covariance_s5,phase2/results/predictions/full/mixed/tcn/seed_43/bandpass_n20002_cV4_covariance_s5.npz,76311,61fe459e1dcce1693b17cb045d99c3339f2cacd0de0126ff8f35b37b9a979d23
tcn,mixed,43,bandpass_n20002_cV4_covariance_s0,phase2/results/predictions/full/mixed/tcn/seed_43/bandpass_n20002_cV4_covariance_s0.npz,76062,969d4393cf71358101709d34c0d0b2bcb9989bc55d5bc8e21602c1ca701a1acd
tcn,mixed,43,bandpass_n20002_cV5_independent_rms_s20,phase2/results/predictions/full/mixed/tcn/seed_43/bandpass_n20002_cV5_independent_rms_s20.npz,76379,149b98020d0501f1bb26732da2d7ec2865fe7e5230d0fba014f4a83b98db6a92
tcn,mixed,43,bandpass_n20002_cV5_independent_rms_s15,phase2/results/predictions/full/mixed/tcn/seed_43/bandpass_n20002_cV5_independent_rms_s15.npz,76367,b649b58220756f47cac2c2c4579efa8a9102d5fc266fe891fd997c16e649e2c2
tcn,mixed,43,bandpass_n20002_cV5_independent_rms_s10,phase2/results/predictions/full/mixed/tcn/seed_43/bandpass_n20002_cV5_independent_rms_s10.npz,76323,727eacc1643fd0bfe6ef7b1cb85f4233d3f669818f010038ac2189599b83b161
tcn,mixed,43,bandpass_n20002_cV5_independent_rms_s5,phase2/results/predictions/full/mixed/tcn/seed_43/bandpass_n20002_cV5_independent_rms_s5.npz,76260,ed51046ef7aa60f3abbaea31d587f82902b2f3e198aa2d2b5f5e883667eefa12
tcn,mixed,43,bandpass_n20002_cV5_independent_rms_s0,phase2/results/predictions/full/mixed/tcn/seed_43/bandpass_n20002_cV5_independent_rms_s0.npz,76023,689ada18c5078f8a615d7f12ca70fe946176c40d7bccc10c75d8a34b888da2c4
tcn,mixed,43,bandpass_n20002_cV5_electrode_s20,phase2/results/predictions/full/mixed/tcn/seed_43/bandpass_n20002_cV5_electrode_s20.npz,76368,a2dedb6550a50f69441f28862c93b411170a9cf617d8e2f0e56de18545f08382
tcn,mixed,43,bandpass_n20002_cV5_electrode_s15,phase2/results/predictions/full/mixed/tcn/seed_43/bandpass_n20002_cV5_electrode_s15.npz,76371,261691b4221175944004b7fd73704e6d47251d672c811eceab7d771814853894
tcn,mixed,43,bandpass_n20002_cV5_electrode_s10,phase2/results/predictions/full/mixed/tcn/seed_43/bandpass_n20002_cV5_electrode_s10.npz,76374,67467efd5a039c2997b92c0adb28fd998fca8fbac3015163de26dac59100d001
tcn,mixed,43,bandpass_n20002_cV5_electrode_s5,phase2/results/predictions/full/mixed/tcn/seed_43/bandpass_n20002_cV5_electrode_s5.npz,76256,397f4b222eb0efb7895c799008f7f242a6573ba97f5304d0fe738a96588f3bfe
tcn,mixed,43,bandpass_n20002_cV5_electrode_s0,phase2/results/predictions/full/mixed/tcn/seed_43/bandpass_n20002_cV5_electrode_s0.npz,75990,d1af43d1618c10b64f0722cdaaf3b15184505abbfef82d3a9b508b63ce2602e4
tcn,mixed,43,bandpass_n20002_cV5_covariance_s20,phase2/results/predictions/full/mixed/tcn/seed_43/bandpass_n20002_cV5_covariance_s20.npz,76385,ba2cba3b8198d852ca8a44975e147b2be0ac4868fd0c96634915ef134034df80
tcn,mixed,43,bandpass_n20002_cV5_covariance_s15,phase2/results/predictions/full/mixed/tcn/seed_43/bandpass_n20002_cV5_covariance_s15.npz,76349,c441b3a6d7a693e9cd4ca006b4fc696e436ca56f7c5439fab87a03de4c7d82e0
tcn,mixed,43,bandpass_n20002_cV5_covariance_s10,phase2/results/predictions/full/mixed/tcn/seed_43/bandpass_n20002_cV5_covariance_s10.npz,76356,5be1c769e316d4983d13c72d03110d814e5d17db50c80f3282ef0308b5477670
tcn,mixed,43,bandpass_n20002_cV5_covariance_s5,phase2/results/predictions/full/mixed/tcn/seed_43/bandpass_n20002_cV5_covariance_s5.npz,76236,69f696fb3ac9a041f4d90a5e3b9ea17c1dc1ee89136b87d7430fec83d7877499
tcn,mixed,43,bandpass_n20002_cV5_covariance_s0,phase2/results/predictions/full/mixed/tcn/seed_43/bandpass_n20002_cV5_covariance_s0.npz,76007,fa1f44b2d33277afb460b48782717aeea7f0ce4e7a4ccc0cb921fe5a1f132ccd
tcn,mixed,43,bandpass_n20002_cV6_independent_rms_s20,phase2/results/predictions/full/mixed/tcn/seed_43/bandpass_n20002_cV6_independent_rms_s20.npz,76402,dd18db4733432350ffa7fd746bd8d3729939f10b25ce2f194ef54996b50f3ab7
tcn,mixed,43,bandpass_n20002_cV6_independent_rms_s15,phase2/results/predictions/full/mixed/tcn/seed_43/bandpass_n20002_cV6_independent_rms_s15.npz,76374,dbe8ebcf014b5ec6a156a9178529dac0e8ca8a17b7419256676bb3725cff49c9
tcn,mixed,43,bandpass_n20002_cV6_independent_rms_s10,phase2/results/predictions/full/mixed/tcn/seed_43/bandpass_n20002_cV6_independent_rms_s10.npz,76347,1b7fd8e5e5cc1bdc8ea941a1e1b7c23b27cc7109b7c21bf77663ac82bf25b858
tcn,mixed,43,bandpass_n20002_cV6_independent_rms_s5,phase2/results/predictions/full/mixed/tcn/seed_43/bandpass_n20002_cV6_independent_rms_s5.npz,76243,f045f9ece34f21fe74115644c9ec0698497fb44ca92d10981b64b1147d1a4fb0
tcn,mixed,43,bandpass_n20002_cV6_independent_rms_s0,phase2/results/predictions/full/mixed/tcn/seed_43/bandpass_n20002_cV6_independent_rms_s0.npz,76058,1b09539c441bac0a2bea326f0e5d3de52b6625a851470b8de4651643b9ef1f14
tcn,mixed,43,bandpass_n20002_cV6_electrode_s20,phase2/results/predictions/full/mixed/tcn/seed_43/bandpass_n20002_cV6_electrode_s20.npz,76398,1c6d15127094d3dbc96a4fa72e6424e6cc7c0082785cd533e6bad938ca04decc
tcn,mixed,43,bandpass_n20002_cV6_electrode_s15,phase2/results/predictions/full/mixed/tcn/seed_43/bandpass_n20002_cV6_electrode_s15.npz,76322,29c422840375167d78332305ab883195cb4fa4571683c9cabb997fafca1d162f
tcn,mixed,43,bandpass_n20002_cV6_electrode_s10,phase2/results/predictions/full/mixed/tcn/seed_43/bandpass_n20002_cV6_electrode_s10.npz,76312,3ab601122ea8eae62d1b159c14dffa445f771239a48e4e7929fc62af56428d90
tcn,mixed,43,bandpass_n20002_cV6_electrode_s5,phase2/results/predictions/full/mixed/tcn/seed_43/bandpass_n20002_cV6_electrode_s5.npz,76238,95de44dcac24bd035c3ea83511c3c16928c1a8a97c4b3a342213f99bead86185
tcn,mixed,43,bandpass_n20002_cV6_electrode_s0,phase2/results/predictions/full/mixed/tcn/seed_43/bandpass_n20002_cV6_electrode_s0.npz,76021,cef00174e13aaacbb025386624198006edd03027cf4413ddd7760829c5c023a6
tcn,mixed,43,bandpass_n20002_cV6_covariance_s20,phase2/results/predictions/full/mixed/tcn/seed_43/bandpass_n20002_cV6_covariance_s20.npz,76367,4b22a65576d47233e63a2306b6c6cc5eb6e954dcd795366e3dfde32ca7773d67
tcn,mixed,43,bandpass_n20002_cV6_covariance_s15,phase2/results/predictions/full/mixed/tcn/seed_43/bandpass_n20002_cV6_covariance_s15.npz,76349,e384ec939206694c509bd9986f09877167f7a48c35dd6a9dd9ac7ba881f7501c
tcn,mixed,43,bandpass_n20002_cV6_covariance_s10,phase2/results/predictions/full/mixed/tcn/seed_43/bandpass_n20002_cV6_covariance_s10.npz,76332,2ef01b76f2f2fea9ea6c9009fa53dd2c11ff1795508e937d1f2a197f8c7efcc4
tcn,mixed,43,bandpass_n20002_cV6_covariance_s5,phase2/results/predictions/full/mixed/tcn/seed_43/bandpass_n20002_cV6_covariance_s5.npz,76243,5a9797e7f8fd0be9664a761bbf8755e1d7c1c6b8210b8ecc46cd176a019b26c2
tcn,mixed,43,bandpass_n20002_cV6_covariance_s0,phase2/results/predictions/full/mixed/tcn/seed_43/bandpass_n20002_cV6_covariance_s0.npz,76059,14f54ca6f2b32c55fc9cc1202143d59b20a3b54a93b3a877a31823d43573386d
tcn,mixed,43,bandpass_n20002_cRA_LA_independent_rms_s20,phase2/results/predictions/full/mixed/tcn/seed_43/bandpass_n20002_cRA_LA_independent_rms_s20.npz,76381,9d586e00565f5e3a3883490cadfb06807730e7fdf9963f28e7d5a24b3dcf20e1
tcn,mixed,43,bandpass_n20002_cRA_LA_independent_rms_s15,phase2/results/predictions/full/mixed/tcn/seed_43/bandpass_n20002_cRA_LA_independent_rms_s15.npz,76376,afbbb7d8a5d9a18a10eefed59949a8303885fc8309f4af73aaa2b5277a90460b
tcn,mixed,43,bandpass_n20002_cRA_LA_independent_rms_s10,phase2/results/predictions/full/mixed/tcn/seed_43/bandpass_n20002_cRA_LA_independent_rms_s10.npz,76360,e218bb8c87c73790edb234cb8c536d7823b9e51a8b09c72ca9742b122a6cc88d
tcn,mixed,43,bandpass_n20002_cRA_LA_independent_rms_s5,phase2/results/predictions/full/mixed/tcn/seed_43/bandpass_n20002_cRA_LA_independent_rms_s5.npz,76266,22db9c0de099af0e28cc034c87b306c50303cdfaa10b7c9abc6e9f68f9eb3717
tcn,mixed,43,bandpass_n20002_cRA_LA_independent_rms_s0,phase2/results/predictions/full/mixed/tcn/seed_43/bandpass_n20002_cRA_LA_independent_rms_s0.npz,76008,adc336e54ea86e39bbed33dcdc976e10523b83f3087956eba45443445dedff05
tcn,mixed,43,bandpass_n20002_cRA_LA_electrode_s20,phase2/results/predictions/full/mixed/tcn/seed_43/bandpass_n20002_cRA_LA_electrode_s20.npz,76384,2c56d7450fefe8528d9c76be674e13f4d77e965806bd1315f3b340dcd944b027
tcn,mixed,43,bandpass_n20002_cRA_LA_electrode_s15,phase2/results/predictions/full/mixed/tcn/seed_43/bandpass_n20002_cRA_LA_electrode_s15.npz,76353,f4ca6df5251d80603c1cba343a5d2ebc16842bc80f68124d47943de13b23370d
tcn,mixed,43,bandpass_n20002_cRA_LA_electrode_s10,phase2/results/predictions/full/mixed/tcn/seed_43/bandpass_n20002_cRA_LA_electrode_s10.npz,76275,74e321d405376c2841bddf2e36b204cdabf5dcd2ce4dbfc2e290bd72e44db3ba
tcn,mixed,43,bandpass_n20002_cRA_LA_electrode_s5,phase2/results/predictions/full/mixed/tcn/seed_43/bandpass_n20002_cRA_LA_electrode_s5.npz,76125,d4627c859d67dea62d1b0768b04b2de2e6875acd05c75800a3d65609502fde5f
tcn,mixed,43,bandpass_n20002_cRA_LA_electrode_s0,phase2/results/predictions/full/mixed/tcn/seed_43/bandpass_n20002_cRA_LA_electrode_s0.npz,75663,3b4cdd8b4d5cdad964920ef5e6c7e93d53668978e5e8b497bcd6589f16106748
tcn,mixed,43,bandpass_n20002_cRA_LA_covariance_s20,phase2/results/predictions/full/mixed/tcn/seed_43/bandpass_n20002_cRA_LA_covariance_s20.npz,76374,e0265e00752d8dec6f9a7df56acc214bc87fd0168e6284d12cf20806d216acf5
tcn,mixed,43,bandpass_n20002_cRA_LA_covariance_s15,phase2/results/predictions/full/mixed/tcn/seed_43/bandpass_n20002_cRA_LA_covariance_s15.npz,76378,4679248194708ffeff715ea48f289b192752450f5f11ff00cbebdec69f77571e
tcn,mixed,43,bandpass_n20002_cRA_LA_covariance_s10,phase2/results/predictions/full/mixed/tcn/seed_43/bandpass_n20002_cRA_LA_covariance_s10.npz,76296,3ed94b78edb5e4d3df5f9f015b0ccfac24e7ee3d1ebc7cfbc9938f30dd6b4d83
tcn,mixed,43,bandpass_n20002_cRA_LA_covariance_s5,phase2/results/predictions/full/mixed/tcn/seed_43/bandpass_n20002_cRA_LA_covariance_s5.npz,76155,8f9f5a63312ce4c5e5faecf69d1700d1380da787c0ba9b74de9eea85fc5b5aa1
tcn,mixed,43,bandpass_n20002_cRA_LA_covariance_s0,phase2/results/predictions/full/mixed/tcn/seed_43/bandpass_n20002_cRA_LA_covariance_s0.npz,75693,c7e58682463ede0e77124956a4d589d992298d35e0978701f90bda5b578e2738
tcn,mixed,43,bandpass_n20002_cLA_LL_independent_rms_s20,phase2/results/predictions/full/mixed/tcn/seed_43/bandpass_n20002_cLA_LL_independent_rms_s20.npz,76381,7e9eae1446ad726badf7b4a02fe353eed519dd25c6d9c25160da45ff8305f125
tcn,mixed,43,bandpass_n20002_cLA_LL_independent_rms_s15,phase2/results/predictions/full/mixed/tcn/seed_43/bandpass_n20002_cLA_LL_independent_rms_s15.npz,76414,09ff8dc48a39776d794540cace6fc9d12bdfa358e194d3ea6de34969affca138
tcn,mixed,43,bandpass_n20002_cLA_LL_independent_rms_s10,phase2/results/predictions/full/mixed/tcn/seed_43/bandpass_n20002_cLA_LL_independent_rms_s10.npz,76334,3ae72aa48443cabaac1efd4e5070a24679ce25e61926f61f048ed415c2d0ede7
tcn,mixed,43,bandpass_n20002_cLA_LL_independent_rms_s5,phase2/results/predictions/full/mixed/tcn/seed_43/bandpass_n20002_cLA_LL_independent_rms_s5.npz,76257,99f44f0c3b9ce86bb4bd028e4eb5d96e4a4c48423a91a5f0675ab394419880e4
tcn,mixed,43,bandpass_n20002_cLA_LL_independent_rms_s0,phase2/results/predictions/full/mixed/tcn/seed_43/bandpass_n20002_cLA_LL_independent_rms_s0.npz,76047,27b5c549ac8239bf4470cfed75cba21da21ec4620e864d82e86e9d2e268dc8f0
tcn,mixed,43,bandpass_n20002_cLA_LL_electrode_s20,phase2/results/predictions/full/mixed/tcn/seed_43/bandpass_n20002_cLA_LL_electrode_s20.npz,76371,afc6b90b5d84927c2065e07f23b9d4d5281b5de0ccdf753bf2a3810108e0fc9b
tcn,mixed,43,bandpass_n20002_cLA_LL_electrode_s15,phase2/results/predictions/full/mixed/tcn/seed_43/bandpass_n20002_cLA_LL_electrode_s15.npz,76351,fb18398b1684cad533ea8efaae7afdb86c7dd7627090dfc596a88f7f6ffb37a2
tcn,mixed,43,bandpass_n20002_cLA_LL_electrode_s10,phase2/results/predictions/full/mixed/tcn/seed_43/bandpass_n20002_cLA_LL_electrode_s10.npz,76305,27b4d59072c6780e0c9f7f00ca373a44ea2b18597948e36116dcee18f5373263
tcn,mixed,43,bandpass_n20002_cLA_LL_electrode_s5,phase2/results/predictions/full/mixed/tcn/seed_43/bandpass_n20002_cLA_LL_electrode_s5.npz,76206,fffa2952643e8db8d7f7d3ed94bc6af79dbf4f09d0bba9aab5a372d7488d362c
tcn,mixed,43,bandpass_n20002_cLA_LL_electrode_s0,phase2/results/predictions/full/mixed/tcn/seed_43/bandpass_n20002_cLA_LL_electrode_s0.npz,75830,e23cbbdf4fb48dd8ac0e9cf549c55d26ef0ecf46ec57eff7bb4163c210eff4f0
tcn,mixed,43,bandpass_n20002_cLA_LL_covariance_s20,phase2/results/predictions/full/mixed/tcn/seed_43/bandpass_n20002_cLA_LL_covariance_s20.npz,76391,a810ccbd3e08e71f055342e49ea2873800d877a005041fbf902ecf2167f6c03f
tcn,mixed,43,bandpass_n20002_cLA_LL_covariance_s15,phase2/results/predictions/full/mixed/tcn/seed_43/bandpass_n20002_cLA_LL_covariance_s15.npz,76374,f60f0fe1611dfdae8a53169c18dde9cf89b3079cee2b89bbb114fba7baa5fe34
tcn,mixed,43,bandpass_n20002_cLA_LL_covariance_s10,phase2/results/predictions/full/mixed/tcn/seed_43/bandpass_n20002_cLA_LL_covariance_s10.npz,76341,f55a24f5e4fd363f8a6959074ee25df46d0a9e265cab570663e1de3149a51dca
tcn,mixed,43,bandpass_n20002_cLA_LL_covariance_s5,phase2/results/predictions/full/mixed/tcn/seed_43/bandpass_n20002_cLA_LL_covariance_s5.npz,76174,3c0f5f7c184d6372a90a0c83cfc6661345a47f1bb35321be543a7bd1c9dba61e
tcn,mixed,43,bandpass_n20002_cLA_LL_covariance_s0,phase2/results/predictions/full/mixed/tcn/seed_43/bandpass_n20002_cLA_LL_covariance_s0.npz,75882,79dcd47d94b539762faefff9328634b0a532e214511b4d3a8c91002e52dd5dae
tcn,mixed,43,bandpass_n20002_cRA_LL_independent_rms_s20,phase2/results/predictions/full/mixed/tcn/seed_43/bandpass_n20002_cRA_LL_independent_rms_s20.npz,76400,0d614e54356b76ce958c1c4dc8bb9c19fdc68ae9b1fc00da34608dcc5925e280
tcn,mixed,43,bandpass_n20002_cRA_LL_independent_rms_s15,phase2/results/predictions/full/mixed/tcn/seed_43/bandpass_n20002_cRA_LL_independent_rms_s15.npz,76403,6df78a22f3f3385b74f0db15acb98af6e633f1fc7430ec3cb2f1578ee97e825c
tcn,mixed,43,bandpass_n20002_cRA_LL_independent_rms_s10,phase2/results/predictions/full/mixed/tcn/seed_43/bandpass_n20002_cRA_LL_independent_rms_s10.npz,76329,05c75a8d082f043806cfbfc288df775703c057455f0d237785992be031899b3f
tcn,mixed,43,bandpass_n20002_cRA_LL_independent_rms_s5,phase2/results/predictions/full/mixed/tcn/seed_43/bandpass_n20002_cRA_LL_independent_rms_s5.npz,76247,175cc1336f74301e2068d451e098492d0f89fa7ed18968d3ccefd0ef38c3170c
tcn,mixed,43,bandpass_n20002_cRA_LL_independent_rms_s0,phase2/results/predictions/full/mixed/tcn/seed_43/bandpass_n20002_cRA_LL_independent_rms_s0.npz,76001,a505837583a3fc8de03cf3059b87a4625083b7ebbd4985f735790bb848fac8ee
tcn,mixed,43,bandpass_n20002_cRA_LL_electrode_s20,phase2/results/predictions/full/mixed/tcn/seed_43/bandpass_n20002_cRA_LL_electrode_s20.npz,76342,4748c920d760983efdc67ec43901b582f89ca166c77112d6e5e04d3030aa7608
tcn,mixed,43,bandpass_n20002_cRA_LL_electrode_s15,phase2/results/predictions/full/mixed/tcn/seed_43/bandpass_n20002_cRA_LL_electrode_s15.npz,76342,ccc8e82a33e5573fbc713094efaa43de39fb31a22d63537bca9c6f1e78c1794c
tcn,mixed,43,bandpass_n20002_cRA_LL_electrode_s10,phase2/results/predictions/full/mixed/tcn/seed_43/bandpass_n20002_cRA_LL_electrode_s10.npz,76330,f74942dbb1ddfbc7ff44227af20408552caecd68f8d69ec9ac45aabea04c8e6e
tcn,mixed,43,bandpass_n20002_cRA_LL_electrode_s5,phase2/results/predictions/full/mixed/tcn/seed_43/bandpass_n20002_cRA_LL_electrode_s5.npz,76121,b2597ccc6077f0ac6d5538ffa15fab6c3fc989a35207d1ba50d5612c60016c27
tcn,mixed,43,bandpass_n20002_cRA_LL_electrode_s0,phase2/results/predictions/full/mixed/tcn/seed_43/bandpass_n20002_cRA_LL_electrode_s0.npz,75677,ed950257e7fdb4d3cd030be977bfe0e43dc1d025e84f25f97a6fad0e5cdfecf6
tcn,mixed,43,bandpass_n20002_cRA_LL_covariance_s20,phase2/results/predictions/full/mixed/tcn/seed_43/bandpass_n20002_cRA_LL_covariance_s20.npz,76367,8e4c63f3c4e2d93f4786810ee8262d5708b235bc6581622f1b765b36fe75878a
tcn,mixed,43,bandpass_n20002_cRA_LL_covariance_s15,phase2/results/predictions/full/mixed/tcn/seed_43/bandpass_n20002_cRA_LL_covariance_s15.npz,76372,70e49580e7c748ee528e2660249edcb2763c01ea21f6ecea6e4066256e069112
tcn,mixed,43,bandpass_n20002_cRA_LL_covariance_s10,phase2/results/predictions/full/mixed/tcn/seed_43/bandpass_n20002_cRA_LL_covariance_s10.npz,76308,f95acbaecd50711e0ba37a298f17c359ea5dc1988b840992a5ad8690e37943ff
tcn,mixed,43,bandpass_n20002_cRA_LL_covariance_s5,phase2/results/predictions/full/mixed/tcn/seed_43/bandpass_n20002_cRA_LL_covariance_s5.npz,76125,3fafaaa5fa4ca9677ddc09dbe638f724bf322a705d8f53f126efdb66656a2054
tcn,mixed,43,bandpass_n20002_cRA_LL_covariance_s0,phase2/results/predictions/full/mixed/tcn/seed_43/bandpass_n20002_cRA_LL_covariance_s0.npz,75722,e63dedccafde077123e1333e1de87369910b95b23e62d96f6129dd06ad6927f4
tcn,mixed,43,bandpass_n20002_cRA_independent_rms_s20,phase2/results/predictions/full/mixed/tcn/seed_43/bandpass_n20002_cRA_independent_rms_s20.npz,76360,01c1f46895806e87dbfa57fb7e63826efc4ee12c76b6d3bb71eeeb8ac6164c59
tcn,mixed,43,bandpass_n20002_cRA_independent_rms_s15,phase2/results/predictions/full/mixed/tcn/seed_43/bandpass_n20002_cRA_independent_rms_s15.npz,76387,462d299196e1adea1f45101b5f30b3701b0a3094a4f9bc01501276d575c7fb4a
tcn,mixed,43,bandpass_n20002_cRA_independent_rms_s10,phase2/results/predictions/full/mixed/tcn/seed_43/bandpass_n20002_cRA_independent_rms_s10.npz,76392,c1e6652aa4c558c3c1f919caffd3f3bd0e1baedfd253c64c984ef0e9768962cc
tcn,mixed,43,bandpass_n20002_cRA_independent_rms_s5,phase2/results/predictions/full/mixed/tcn/seed_43/bandpass_n20002_cRA_independent_rms_s5.npz,76288,27d4ac11291d49804b6e64638a53bbcd7e4a02362bf8880de9f43433a5cbd160
tcn,mixed,43,bandpass_n20002_cRA_independent_rms_s0,phase2/results/predictions/full/mixed/tcn/seed_43/bandpass_n20002_cRA_independent_rms_s0.npz,76037,6fe45dd616a40e9cb49b918d34f76c4f9ed8373911b107d91387f4534f9dc068
tcn,mixed,43,bandpass_n20002_cRA_electrode_s20,phase2/results/predictions/full/mixed/tcn/seed_43/bandpass_n20002_cRA_electrode_s20.npz,76379,cb79ce92f40cca88b3a3c3b52f93cc00ed140cf265fd9b8a2dad2983e22a6c3c
tcn,mixed,43,bandpass_n20002_cRA_electrode_s15,phase2/results/predictions/full/mixed/tcn/seed_43/bandpass_n20002_cRA_electrode_s15.npz,76349,d2f01e15e3bf94e4b233e7ac914c055960f739f8dc7707a3ff6e15d181106ac5
tcn,mixed,43,bandpass_n20002_cRA_electrode_s10,phase2/results/predictions/full/mixed/tcn/seed_43/bandpass_n20002_cRA_electrode_s10.npz,76239,8d2868b50afa43a1e46066cd736122e944744ab95e2ce8a52db239b51c4408fc
tcn,mixed,43,bandpass_n20002_cRA_electrode_s5,phase2/results/predictions/full/mixed/tcn/seed_43/bandpass_n20002_cRA_electrode_s5.npz,76076,7835f16c3e262dc2c7e993bf41439686e3a1240997515a6325bbffe5c25b716b
tcn,mixed,43,bandpass_n20002_cRA_electrode_s0,phase2/results/predictions/full/mixed/tcn/seed_43/bandpass_n20002_cRA_electrode_s0.npz,75538,6953ee57a3ef45a3cc8265f6e1d409f445b9144d54ce7d67185a86dc72bab027
tcn,mixed,43,bandpass_n20002_cRA_covariance_s20,phase2/results/predictions/full/mixed/tcn/seed_43/bandpass_n20002_cRA_covariance_s20.npz,76389,35417d74a0f235b8c8aec88c75c7af0315957206f94ca77b2013ba127e42332f
tcn,mixed,43,bandpass_n20002_cRA_covariance_s15,phase2/results/predictions/full/mixed/tcn/seed_43/bandpass_n20002_cRA_covariance_s15.npz,76317,e8dc030d1cc2af40792fe402b64e8dc84e5137b522bb16c1500032dcb7510ad5
tcn,mixed,43,bandpass_n20002_cRA_covariance_s10,phase2/results/predictions/full/mixed/tcn/seed_43/bandpass_n20002_cRA_covariance_s10.npz,76258,5d141fc7792c5b3e8dcc6af9cc23b3346149d37dbb0eaa304394b798f490fbf5
tcn,mixed,43,bandpass_n20002_cRA_covariance_s5,phase2/results/predictions/full/mixed/tcn/seed_43/bandpass_n20002_cRA_covariance_s5.npz,76064,07eb9a95622a4444bcdffde1caa53ab92ae61e6a4ec32125d16bac85eb9f6598
tcn,mixed,43,bandpass_n20002_cRA_covariance_s0,phase2/results/predictions/full/mixed/tcn/seed_43/bandpass_n20002_cRA_covariance_s0.npz,75490,ed892c7a72b0bad89d1cc49b465b09b8d9b6a3c914199becac060a9c495efeca
tcn,mixed,43,bandpass_n20002_cLA_independent_rms_s20,phase2/results/predictions/full/mixed/tcn/seed_43/bandpass_n20002_cLA_independent_rms_s20.npz,76399,18164e747ddbf1f0f8fb1468ff0ad1744061ac8d5203d8bde7efe9f35ecc3d86
tcn,mixed,43,bandpass_n20002_cLA_independent_rms_s15,phase2/results/predictions/full/mixed/tcn/seed_43/bandpass_n20002_cLA_independent_rms_s15.npz,76392,77d2335f08f2ffc85e522d6da8a6a300432a9f04920c011d72c98bcc47f8541f
tcn,mixed,43,bandpass_n20002_cLA_independent_rms_s10,phase2/results/predictions/full/mixed/tcn/seed_43/bandpass_n20002_cLA_independent_rms_s10.npz,76370,107ac0587deab49b82f1e4f8f1df2dd6c06f2fa61df4ad7019776eaf373dd1d7
tcn,mixed,43,bandpass_n20002_cLA_independent_rms_s5,phase2/results/predictions/full/mixed/tcn/seed_43/bandpass_n20002_cLA_independent_rms_s5.npz,76289,eedba4ee266f2b8f45f4256bac85c5252e16c95b26e0fff4675c24687e301841
tcn,mixed,43,bandpass_n20002_cLA_independent_rms_s0,phase2/results/predictions/full/mixed/tcn/seed_43/bandpass_n20002_cLA_independent_rms_s0.npz,76008,404c830761c5d8e042fe50405a09788bd1928ba078c1257899fbbe9d70245ee3
tcn,mixed,43,bandpass_n20002_cLA_electrode_s20,phase2/results/predictions/full/mixed/tcn/seed_43/bandpass_n20002_cLA_electrode_s20.npz,76388,c0192b37d41d63d94f4f251db85240d0c5adf7ffc96d12759ddf3db50f953d7c
tcn,mixed,43,bandpass_n20002_cLA_electrode_s15,phase2/results/predictions/full/mixed/tcn/seed_43/bandpass_n20002_cLA_electrode_s15.npz,76375,981d6b4727bc438fd051793fcaacc9fb35e15b0a104f4608710b20facdafcae4
tcn,mixed,43,bandpass_n20002_cLA_electrode_s10,phase2/results/predictions/full/mixed/tcn/seed_43/bandpass_n20002_cLA_electrode_s10.npz,76309,2e7934f4e357ac6d80249f182399a6fc33fc4d58ef55bfd77d604e026501d552
tcn,mixed,43,bandpass_n20002_cLA_electrode_s5,phase2/results/predictions/full/mixed/tcn/seed_43/bandpass_n20002_cLA_electrode_s5.npz,76186,0351db6d3bb9e12c4700317d7d559d0955362dd4664231f9791e34a97e4c3100
tcn,mixed,43,bandpass_n20002_cLA_electrode_s0,phase2/results/predictions/full/mixed/tcn/seed_43/bandpass_n20002_cLA_electrode_s0.npz,75869,befb16ef38cf57e6b980f25044c6ff6c6a62514a296497431ed14634fc88646b
tcn,mixed,43,bandpass_n20002_cLA_covariance_s20,phase2/results/predictions/full/mixed/tcn/seed_43/bandpass_n20002_cLA_covariance_s20.npz,76342,4ddf6da3e388f72f6134ca45162e11b520681335382b320fcbd7c4ff76a50b12
tcn,mixed,43,bandpass_n20002_cLA_covariance_s15,phase2/results/predictions/full/mixed/tcn/seed_43/bandpass_n20002_cLA_covariance_s15.npz,76354,5a2a2346f3e9014d6bc1ecd097fc43ca57e60c6473ae7474798c0ec2e301c9d2
tcn,mixed,43,bandpass_n20002_cLA_covariance_s10,phase2/results/predictions/full/mixed/tcn/seed_43/bandpass_n20002_cLA_covariance_s10.npz,76323,0ae8fe301e90598676f049624349f0f3cad5f2f687050c3dbe04af797119daee
tcn,mixed,43,bandpass_n20002_cLA_covariance_s5,phase2/results/predictions/full/mixed/tcn/seed_43/bandpass_n20002_cLA_covariance_s5.npz,76203,06e634464c829f63a25abfaad27879d4f2b9f18e46726c71c12afceeeb03e82f
tcn,mixed,43,bandpass_n20002_cLA_covariance_s0,phase2/results/predictions/full/mixed/tcn/seed_43/bandpass_n20002_cLA_covariance_s0.npz,75880,be3cca93bbad9a553b2d9bcfa048224e4ff0853484a178817dd140823947d09c
tcn,mixed,43,bandpass_n20002_cLL_independent_rms_s20,phase2/results/predictions/full/mixed/tcn/seed_43/bandpass_n20002_cLL_independent_rms_s20.npz,76411,123e2c823fafe58be08e2963face2cd5ce3840e74d59facb8e65e86cf7328ac9
tcn,mixed,43,bandpass_n20002_cLL_independent_rms_s15,phase2/results/predictions/full/mixed/tcn/seed_43/bandpass_n20002_cLL_independent_rms_s15.npz,76375,f2d75a87016fbb0dc03c681909054f4ce703af0ba7fb4416684602b278a0affc
tcn,mixed,43,bandpass_n20002_cLL_independent_rms_s10,phase2/results/predictions/full/mixed/tcn/seed_43/bandpass_n20002_cLL_independent_rms_s10.npz,76327,394b6adba1db451bc279617104da7a83c3ce4dc4ef245f2b12bdb917304fd390
tcn,mixed,43,bandpass_n20002_cLL_independent_rms_s5,phase2/results/predictions/full/mixed/tcn/seed_43/bandpass_n20002_cLL_independent_rms_s5.npz,76262,c058526cb00d55694488211ce9024cc2eb98ad9002f77897ec7946e14032c4e4
tcn,mixed,43,bandpass_n20002_cLL_independent_rms_s0,phase2/results/predictions/full/mixed/tcn/seed_43/bandpass_n20002_cLL_independent_rms_s0.npz,76030,c04e1259db05a80db9ecda44037d7a3997c954746ddc8c5ccefc41440a990677
tcn,mixed,43,bandpass_n20002_cLL_electrode_s20,phase2/results/predictions/full/mixed/tcn/seed_43/bandpass_n20002_cLL_electrode_s20.npz,76361,1050e5235cb56d30251cf506d0337e6e4a853eb139ad5d18a4724d95b9441736
tcn,mixed,43,bandpass_n20002_cLL_electrode_s15,phase2/results/predictions/full/mixed/tcn/seed_43/bandpass_n20002_cLL_electrode_s15.npz,76364,9a6bd17852e3ddfb240d1daddf1b250c7cd5896a5c764aad419e7fc90f96db40
tcn,mixed,43,bandpass_n20002_cLL_electrode_s10,phase2/results/predictions/full/mixed/tcn/seed_43/bandpass_n20002_cLL_electrode_s10.npz,76318,cfe301e5afdf03d11871a0656392df251dcee7088c45b343403f6649b91e8f37
tcn,mixed,43,bandpass_n20002_cLL_electrode_s5,phase2/results/predictions/full/mixed/tcn/seed_43/bandpass_n20002_cLL_electrode_s5.npz,76172,0f512c58ed3041faadc032a733ed6c5bbaeb3dfc08c96573331241ab863ba4fa
tcn,mixed,43,bandpass_n20002_cLL_electrode_s0,phase2/results/predictions/full/mixed/tcn/seed_43/bandpass_n20002_cLL_electrode_s0.npz,75899,c90d89f1b39a4fa26fae17cbb6f51571116a1b818b1177667924b4653dcff4cf
tcn,mixed,43,bandpass_n20002_cLL_covariance_s20,phase2/results/predictions/full/mixed/tcn/seed_43/bandpass_n20002_cLL_covariance_s20.npz,76403,1975b63bfb356098ab28b862aea07f3d823b8aec61107e0276d55ff60d4efabb
tcn,mixed,43,bandpass_n20002_cLL_covariance_s15,phase2/results/predictions/full/mixed/tcn/seed_43/bandpass_n20002_cLL_covariance_s15.npz,76374,f09c9a9f1c4e954d59b9ee5d0bd82ab2518b2367afed6788ceb7b42d3c99b474
tcn,mixed,43,bandpass_n20002_cLL_covariance_s10,phase2/results/predictions/full/mixed/tcn/seed_43/bandpass_n20002_cLL_covariance_s10.npz,76322,e3d2ce26cfc54a3cfe079114b87f25edbd02ecb906aaaa1d7a8fa5dc26941c37
tcn,mixed,43,bandpass_n20002_cLL_covariance_s5,phase2/results/predictions/full/mixed/tcn/seed_43/bandpass_n20002_cLL_covariance_s5.npz,76172,2324cc32e437a20f5f51b14a07dd017a60b6bd6d0a461c967cedf495bf8bceeb
tcn,mixed,43,bandpass_n20002_cLL_covariance_s0,phase2/results/predictions/full/mixed/tcn/seed_43/bandpass_n20002_cLL_covariance_s0.npz,75870,b9f9ee7dd9197b3911bea389c953c6834ccf2620b7fe089279f074aa866ea279
tcn,mixed,43,bandpass_n20002_cRA_V1_independent_rms_s20,phase2/results/predictions/full/mixed/tcn/seed_43/bandpass_n20002_cRA_V1_independent_rms_s20.npz,76393,a64989481e140b37c99f8ec7f0cbad9a8ef257fb37d8167692e0b5b93ecf5c73
tcn,mixed,43,bandpass_n20002_cRA_V1_independent_rms_s15,phase2/results/predictions/full/mixed/tcn/seed_43/bandpass_n20002_cRA_V1_independent_rms_s15.npz,76402,4f378f08948e8e03d4b74ba819100943d85470c3ced017c76e65894687e0f8e7
tcn,mixed,43,bandpass_n20002_cRA_V1_independent_rms_s10,phase2/results/predictions/full/mixed/tcn/seed_43/bandpass_n20002_cRA_V1_independent_rms_s10.npz,76378,72ac32524a38a73f6fc32e24c047176bc0552665007ea24bfcefc070eaa30b01
tcn,mixed,43,bandpass_n20002_cRA_V1_independent_rms_s5,phase2/results/predictions/full/mixed/tcn/seed_43/bandpass_n20002_cRA_V1_independent_rms_s5.npz,76276,0236ff63d2405eb6e2c7216ffe5dee1e63e00fd879eb51ac70e4928a55fd9e83
tcn,mixed,43,bandpass_n20002_cRA_V1_independent_rms_s0,phase2/results/predictions/full/mixed/tcn/seed_43/bandpass_n20002_cRA_V1_independent_rms_s0.npz,76059,c84081f5950decdb4e2f4261ac96ba061cc6ea7ca396b377fc8b8476691a98f6
tcn,mixed,43,bandpass_n20002_cRA_V1_electrode_s20,phase2/results/predictions/full/mixed/tcn/seed_43/bandpass_n20002_cRA_V1_electrode_s20.npz,76404,c1b2fdcaf8b723c00967b54ac06ba8a08483e22c44966894a97a7bcdfc56803f
tcn,mixed,43,bandpass_n20002_cRA_V1_electrode_s15,phase2/results/predictions/full/mixed/tcn/seed_43/bandpass_n20002_cRA_V1_electrode_s15.npz,76361,740f660286cbbd3eae5fca775efd08784bdfcd19a6873a65337dabad7e0aaf4b
tcn,mixed,43,bandpass_n20002_cRA_V1_electrode_s10,phase2/results/predictions/full/mixed/tcn/seed_43/bandpass_n20002_cRA_V1_electrode_s10.npz,76277,65abce1090fbc3bf32cdac3353978458e6f1a2b554f1fb0463cec647a55bb94c
tcn,mixed,43,bandpass_n20002_cRA_V1_electrode_s5,phase2/results/predictions/full/mixed/tcn/seed_43/bandpass_n20002_cRA_V1_electrode_s5.npz,76092,64abd96040f4617e9bd1e90276431cb5aae118caec8f58969f039c1c4f79b108
tcn,mixed,43,bandpass_n20002_cRA_V1_electrode_s0,phase2/results/predictions/full/mixed/tcn/seed_43/bandpass_n20002_cRA_V1_electrode_s0.npz,75605,ad58a4a27875d991637ac341b9ea1eb57afc40ef5811d7300a965a43eab1faf7
tcn,mixed,43,bandpass_n20002_cRA_V1_covariance_s20,phase2/results/predictions/full/mixed/tcn/seed_43/bandpass_n20002_cRA_V1_covariance_s20.npz,76389,caf7956fecb108f54b92e7b6bbd5030060d43bff22cd40577fc7c1c6b16c2f39
tcn,mixed,43,bandpass_n20002_cRA_V1_covariance_s15,phase2/results/predictions/full/mixed/tcn/seed_43/bandpass_n20002_cRA_V1_covariance_s15.npz,76374,7cc412fe1862bdaee6d426d6b32ffae5f871b6fd1489095d744919b43f211880
tcn,mixed,43,bandpass_n20002_cRA_V1_covariance_s10,phase2/results/predictions/full/mixed/tcn/seed_43/bandpass_n20002_cRA_V1_covariance_s10.npz,76303,2d59ecb2b9a308e6968d330c72b08e64b34d526eb758d0fcac47dfcf094a6a58
tcn,mixed,43,bandpass_n20002_cRA_V1_covariance_s5,phase2/results/predictions/full/mixed/tcn/seed_43/bandpass_n20002_cRA_V1_covariance_s5.npz,76107,a4952c3a3b4a086d901caebfcea0607aa2d2208cf12c52db8a436e5d7a4b6541
tcn,mixed,43,bandpass_n20002_cRA_V1_covariance_s0,phase2/results/predictions/full/mixed/tcn/seed_43/bandpass_n20002_cRA_V1_covariance_s0.npz,75624,69003b19abe1d99f115efcdd821beffd9ac61fa63d804a4939ba2901d6f82e66
tcn,mixed,43,bandpass_n20002_cLA_V6_independent_rms_s20,phase2/results/predictions/full/mixed/tcn/seed_43/bandpass_n20002_cLA_V6_independent_rms_s20.npz,76372,c8b3f966e4a9474d3880ff1b22c0028d555a500586ebcd3119883326e8111157
tcn,mixed,43,bandpass_n20002_cLA_V6_independent_rms_s15,phase2/results/predictions/full/mixed/tcn/seed_43/bandpass_n20002_cLA_V6_independent_rms_s15.npz,76399,7215633cc3c1985e173328919f5460ee7e5c147be235b71976836090786bd77f
tcn,mixed,43,bandpass_n20002_cLA_V6_independent_rms_s10,phase2/results/predictions/full/mixed/tcn/seed_43/bandpass_n20002_cLA_V6_independent_rms_s10.npz,76381,1909afb923df94e2a46f459a7aa985085e2c328baae06ce513e1d0a8037c03f9
tcn,mixed,43,bandpass_n20002_cLA_V6_independent_rms_s5,phase2/results/predictions/full/mixed/tcn/seed_43/bandpass_n20002_cLA_V6_independent_rms_s5.npz,76246,a8fb86330009ae20ca56145b2a2c520336ed0e9dfc19106d696c0cb6e743e2f5
tcn,mixed,43,bandpass_n20002_cLA_V6_independent_rms_s0,phase2/results/predictions/full/mixed/tcn/seed_43/bandpass_n20002_cLA_V6_independent_rms_s0.npz,76024,f70fe8da850ff9e2aae8b7e9c1a6aa15d229a8ea9c819f4652552e7cbac81984
tcn,mixed,43,bandpass_n20002_cLA_V6_electrode_s20,phase2/results/predictions/full/mixed/tcn/seed_43/bandpass_n20002_cLA_V6_electrode_s20.npz,76413,059d0c69d6dd4635faf7ce21ef8e3a201fbc2b8feaca148f81b6c808d56991aa
tcn,mixed,43,bandpass_n20002_cLA_V6_electrode_s15,phase2/results/predictions/full/mixed/tcn/seed_43/bandpass_n20002_cLA_V6_electrode_s15.npz,76342,d41ebf2ee4bc7bd668a6e8bb9070c9e17d8dd9725ab30b9c4696a56f51b2be8e
tcn,mixed,43,bandpass_n20002_cLA_V6_electrode_s10,phase2/results/predictions/full/mixed/tcn/seed_43/bandpass_n20002_cLA_V6_electrode_s10.npz,76324,28a1a7a9ad10640947c08fbd36c9d365e9f78b49be5dc668e8a813947ff8f4e6
tcn,mixed,43,bandpass_n20002_cLA_V6_electrode_s5,phase2/results/predictions/full/mixed/tcn/seed_43/bandpass_n20002_cLA_V6_electrode_s5.npz,76207,420938af3b5e9a23f26dff4354a8ac4ce6d4297c06c298674bbab01c2dae43b6
tcn,mixed,43,bandpass_n20002_cLA_V6_electrode_s0,phase2/results/predictions/full/mixed/tcn/seed_43/bandpass_n20002_cLA_V6_electrode_s0.npz,75910,7f284457c5d40e62818e341cc192fe916e9f31fc6bc8282a3ef52dac4b9340b4
tcn,mixed,43,bandpass_n20002_cLA_V6_covariance_s20,phase2/results/predictions/full/mixed/tcn/seed_43/bandpass_n20002_cLA_V6_covariance_s20.npz,76386,0a1968a7540f4e201ddc92ccd7d8cd905689f7ab4428e8f2418f0a7a5ce732c7
tcn,mixed,43,bandpass_n20002_cLA_V6_covariance_s15,phase2/results/predictions/full/mixed/tcn/seed_43/bandpass_n20002_cLA_V6_covariance_s15.npz,76392,3f4e2f04c00d5ff0aaa628ba09b06b9680e7e78929ee4829ce453d152937e319
tcn,mixed,43,bandpass_n20002_cLA_V6_covariance_s10,phase2/results/predictions/full/mixed/tcn/seed_43/bandpass_n20002_cLA_V6_covariance_s10.npz,76335,6816c3a510df49d2c056ca2e7e27625bd85af452b8af89ebddd2e81bcc10690e
tcn,mixed,43,bandpass_n20002_cLA_V6_covariance_s5,phase2/results/predictions/full/mixed/tcn/seed_43/bandpass_n20002_cLA_V6_covariance_s5.npz,76219,df9225cb57c1975c1b4842289b563c878dded12973bc1ff0b68935a1f6b0be36
tcn,mixed,43,bandpass_n20002_cLA_V6_covariance_s0,phase2/results/predictions/full/mixed/tcn/seed_43/bandpass_n20002_cLA_V6_covariance_s0.npz,75896,7b8c5601a41b1ffc1931d4cdb2a85d0e833ba383d25460db85fd5459d9ee2332
tcn,mixed,43,bandpass_n20002_cLL_V4_independent_rms_s20,phase2/results/predictions/full/mixed/tcn/seed_43/bandpass_n20002_cLL_V4_independent_rms_s20.npz,76390,ca49002df8b6992920f0e89071fdc3e7f0731882eef84a778fbaa7eaab2c370e
tcn,mixed,43,bandpass_n20002_cLL_V4_independent_rms_s15,phase2/results/predictions/full/mixed/tcn/seed_43/bandpass_n20002_cLL_V4_independent_rms_s15.npz,76391,c5037ba5131463da3e1a2b32697897d5306f0a41bf56f8305c9269831582b6dc
tcn,mixed,43,bandpass_n20002_cLL_V4_independent_rms_s10,phase2/results/predictions/full/mixed/tcn/seed_43/bandpass_n20002_cLL_V4_independent_rms_s10.npz,76355,f8a16371e13fb9fbcd70a8a62c9d52561f78b8e8b98c451f825669ceb862dc22
tcn,mixed,43,bandpass_n20002_cLL_V4_independent_rms_s5,phase2/results/predictions/full/mixed/tcn/seed_43/bandpass_n20002_cLL_V4_independent_rms_s5.npz,76283,1a74ad1f90b64a7c757e8cf56e9f0e5ddc8973a77fde0fabebd20010a63005a0
tcn,mixed,43,bandpass_n20002_cLL_V4_independent_rms_s0,phase2/results/predictions/full/mixed/tcn/seed_43/bandpass_n20002_cLL_V4_independent_rms_s0.npz,76063,239dc390cd5ba7505ea5bdd687a36f77b26bfe719d6711fffee055984621c424
tcn,mixed,43,bandpass_n20002_cLL_V4_electrode_s20,phase2/results/predictions/full/mixed/tcn/seed_43/bandpass_n20002_cLL_V4_electrode_s20.npz,76367,f6911dd29e494c1c91683a8b7494c6e9df86edf68ad6f45b8210463c687c77d2
tcn,mixed,43,bandpass_n20002_cLL_V4_electrode_s15,phase2/results/predictions/full/mixed/tcn/seed_43/bandpass_n20002_cLL_V4_electrode_s15.npz,76388,e83f92575b7966bec9d07efc64da78aae1f571694e422b881af1a138806270cf
tcn,mixed,43,bandpass_n20002_cLL_V4_electrode_s10,phase2/results/predictions/full/mixed/tcn/seed_43/bandpass_n20002_cLL_V4_electrode_s10.npz,76352,b6e1183bb2f02b97fef7d3e457476eee7ab433777446931695dfbc166dc7a535
tcn,mixed,43,bandpass_n20002_cLL_V4_electrode_s5,phase2/results/predictions/full/mixed/tcn/seed_43/bandpass_n20002_cLL_V4_electrode_s5.npz,76193,0e579cb4a2e9ff8b851a4a71837df6f6d58427247d66674fc5e93bec6aaa0d3b
tcn,mixed,43,bandpass_n20002_cLL_V4_electrode_s0,phase2/results/predictions/full/mixed/tcn/seed_43/bandpass_n20002_cLL_V4_electrode_s0.npz,75971,ba7f716eca3c63126bfce4b30157c33f4439cd8520fd418c294257243bd67595
tcn,mixed,43,bandpass_n20002_cLL_V4_covariance_s20,phase2/results/predictions/full/mixed/tcn/seed_43/bandpass_n20002_cLL_V4_covariance_s20.npz,76409,60e99041bc0fecf3a0f0125bf059725cd7352f332bf043e3c6089400208c65bd
tcn,mixed,43,bandpass_n20002_cLL_V4_covariance_s15,phase2/results/predictions/full/mixed/tcn/seed_43/bandpass_n20002_cLL_V4_covariance_s15.npz,76397,2e7129ba69a3125a75bf4972b39bae418f6b4594d6c1d6b5b3eb2f2f28ff1ffb
tcn,mixed,43,bandpass_n20002_cLL_V4_covariance_s10,phase2/results/predictions/full/mixed/tcn/seed_43/bandpass_n20002_cLL_V4_covariance_s10.npz,76336,2218bae848dee71e9b395b46342762c5c9f26f82892b3bb86378f15965e4fe58
tcn,mixed,43,bandpass_n20002_cLL_V4_covariance_s5,phase2/results/predictions/full/mixed/tcn/seed_43/bandpass_n20002_cLL_V4_covariance_s5.npz,76182,0c64f6bc4c6442e6ce6ac1897d992e7262b32ec00baa8beadab634eb4bc56ba1
tcn,mixed,43,bandpass_n20002_cLL_V4_covariance_s0,phase2/results/predictions/full/mixed/tcn/seed_43/bandpass_n20002_cLL_V4_covariance_s0.npz,75936,cf5cadfa382b85d4f0d40a209e344220de441b1fab1c1ac570ab37128abfe88d
tcn,mixed,43,bandpass_n20002_cRA_LA_V1_V6_independent_rms_s20,phase2/results/predictions/full/mixed/tcn/seed_43/bandpass_n20002_cRA_LA_V1_V6_independent_rms_s20.npz,76385,6c67e8597bd13b19330b5100657fc46707d7e2a0b020e25d4dbedff2be2a2c5c
tcn,mixed,43,bandpass_n20002_cRA_LA_V1_V6_independent_rms_s15,phase2/results/predictions/full/mixed/tcn/seed_43/bandpass_n20002_cRA_LA_V1_V6_independent_rms_s15.npz,76416,5fd9ea4c4f15ee46d7974e72a95d23ef4131ca81741e1d9140c1573c40be0855
tcn,mixed,43,bandpass_n20002_cRA_LA_V1_V6_independent_rms_s10,phase2/results/predictions/full/mixed/tcn/seed_43/bandpass_n20002_cRA_LA_V1_V6_independent_rms_s10.npz,76359,81a00f25ec5879ac7323fc5dd4766fde080af6d1cc9a93a6ea2c15b4dcc4c8cd
tcn,mixed,43,bandpass_n20002_cRA_LA_V1_V6_independent_rms_s5,phase2/results/predictions/full/mixed/tcn/seed_43/bandpass_n20002_cRA_LA_V1_V6_independent_rms_s5.npz,76269,84509554e106e32a8fc2ac9a903ecb3b3774b09bd04ccedf5ec7f2c53731c4da
tcn,mixed,43,bandpass_n20002_cRA_LA_V1_V6_independent_rms_s0,phase2/results/predictions/full/mixed/tcn/seed_43/bandpass_n20002_cRA_LA_V1_V6_independent_rms_s0.npz,76054,0ed24ca46ff3970d22cd7ebe20b54ac941ae32176a8b691a7dea4993cc9986f2
tcn,mixed,43,bandpass_n20002_cRA_LA_V1_V6_electrode_s20,phase2/results/predictions/full/mixed/tcn/seed_43/bandpass_n20002_cRA_LA_V1_V6_electrode_s20.npz,76390,89f2251fecb6566aee544cfe520fb32194b568b4634d99740a8b595a336f6c42
tcn,mixed,43,bandpass_n20002_cRA_LA_V1_V6_electrode_s15,phase2/results/predictions/full/mixed/tcn/seed_43/bandpass_n20002_cRA_LA_V1_V6_electrode_s15.npz,76380,9e410d0443e2bd0475568cbfbf4e1ed273c3e93b59d41bd0d174a690e2e457dc
tcn,mixed,43,bandpass_n20002_cRA_LA_V1_V6_electrode_s10,phase2/results/predictions/full/mixed/tcn/seed_43/bandpass_n20002_cRA_LA_V1_V6_electrode_s10.npz,76335,c80b4e74e313edefb09f2421572dcd400f60cbfff537121235ce7a35d5486a5d
tcn,mixed,43,bandpass_n20002_cRA_LA_V1_V6_electrode_s5,phase2/results/predictions/full/mixed/tcn/seed_43/bandpass_n20002_cRA_LA_V1_V6_electrode_s5.npz,76188,1bcf7b693e70bfd74a5f2c78c53f57753692c87f41f3c4793d4521ca5fa919b0
tcn,mixed,43,bandpass_n20002_cRA_LA_V1_V6_electrode_s0,phase2/results/predictions/full/mixed/tcn/seed_43/bandpass_n20002_cRA_LA_V1_V6_electrode_s0.npz,75734,5458a6bf878106bd5586b0eaa4b5a320b53fcf8419b6a27cdaf17bcada83edb9
tcn,mixed,43,bandpass_n20002_cRA_LA_V1_V6_covariance_s20,phase2/results/predictions/full/mixed/tcn/seed_43/bandpass_n20002_cRA_LA_V1_V6_covariance_s20.npz,76424,28258db052124f2ad034b66a8b2c98a7bcc3d26fc2592d00ccbec1d5f1c44a37
tcn,mixed,43,bandpass_n20002_cRA_LA_V1_V6_covariance_s15,phase2/results/predictions/full/mixed/tcn/seed_43/bandpass_n20002_cRA_LA_V1_V6_covariance_s15.npz,76390,349cfc03c7ed3d9a4855649f832f8d01e172571bc752a25fcbe8d959f1ce3d05
tcn,mixed,43,bandpass_n20002_cRA_LA_V1_V6_covariance_s10,phase2/results/predictions/full/mixed/tcn/seed_43/bandpass_n20002_cRA_LA_V1_V6_covariance_s10.npz,76313,488a9ea5d7e0b483a0535353fc84d4e678fba512b464e3b206eb57dd305cdaed
tcn,mixed,43,bandpass_n20002_cRA_LA_V1_V6_covariance_s5,phase2/results/predictions/full/mixed/tcn/seed_43/bandpass_n20002_cRA_LA_V1_V6_covariance_s5.npz,76143,b99dd7b3ef3309e86cff62e688f6aa632f4db90b941738101223e4cf7c159640
tcn,mixed,43,bandpass_n20002_cRA_LA_V1_V6_covariance_s0,phase2/results/predictions/full/mixed/tcn/seed_43/bandpass_n20002_cRA_LA_V1_V6_covariance_s0.npz,75763,4be78bf81db27c56390d2f95c29f9402c2925475ffe807d5ae972df007639ddd
tcn,mixed,43,bandpass_n20002_cRA_V2_V5_independent_rms_s20,phase2/results/predictions/full/mixed/tcn/seed_43/bandpass_n20002_cRA_V2_V5_independent_rms_s20.npz,76387,327f68ba01202737f3e4b072f9b0fa3c481ee700a434561cae59a07c3fe3ef7b
tcn,mixed,43,bandpass_n20002_cRA_V2_V5_independent_rms_s15,phase2/results/predictions/full/mixed/tcn/seed_43/bandpass_n20002_cRA_V2_V5_independent_rms_s15.npz,76400,dc766607761c8eab3481389c6b2f2cf5a452b37e370fccc5ddbe5349eafb6cab
tcn,mixed,43,bandpass_n20002_cRA_V2_V5_independent_rms_s10,phase2/results/predictions/full/mixed/tcn/seed_43/bandpass_n20002_cRA_V2_V5_independent_rms_s10.npz,76409,7d4ca65f94530aa6f22a79d882bc7a9993b5c684543e163b9c5af47c71d5dcaf
tcn,mixed,43,bandpass_n20002_cRA_V2_V5_independent_rms_s5,phase2/results/predictions/full/mixed/tcn/seed_43/bandpass_n20002_cRA_V2_V5_independent_rms_s5.npz,76294,49d4f1c399b2a9a9e0c8dd8bb4d376c11323e0e10578922a058693e639c7d455
tcn,mixed,43,bandpass_n20002_cRA_V2_V5_independent_rms_s0,phase2/results/predictions/full/mixed/tcn/seed_43/bandpass_n20002_cRA_V2_V5_independent_rms_s0.npz,76060,b5ac96dba66721c4e58f457f89903c14abcc11a5fbed08af2dbbe9078c023b9e
tcn,mixed,43,bandpass_n20002_cRA_V2_V5_electrode_s20,phase2/results/predictions/full/mixed/tcn/seed_43/bandpass_n20002_cRA_V2_V5_electrode_s20.npz,76395,16a94afbb22668c99cb04f2bc83cc9a6f05b12e5b5a5688acb3b2b47268e0a67
tcn,mixed,43,bandpass_n20002_cRA_V2_V5_electrode_s15,phase2/results/predictions/full/mixed/tcn/seed_43/bandpass_n20002_cRA_V2_V5_electrode_s15.npz,76404,4c5c04e96209a2f45b8e7deabeaa11b897977ff682d3e1c5d00d5a48933f480c
tcn,mixed,43,bandpass_n20002_cRA_V2_V5_electrode_s10,phase2/results/predictions/full/mixed/tcn/seed_43/bandpass_n20002_cRA_V2_V5_electrode_s10.npz,76323,1d9f4f6f1bb2d9e15b75dfdd4a5118251b2ae17152295862e0f8552cd04bd575
tcn,mixed,43,bandpass_n20002_cRA_V2_V5_electrode_s5,phase2/results/predictions/full/mixed/tcn/seed_43/bandpass_n20002_cRA_V2_V5_electrode_s5.npz,76161,f413ad3747aeee94030dbf52b62579c50cc7b72ee6222e4b007f22c51bdc97e2
tcn,mixed,43,bandpass_n20002_cRA_V2_V5_electrode_s0,phase2/results/predictions/full/mixed/tcn/seed_43/bandpass_n20002_cRA_V2_V5_electrode_s0.npz,75715,289fdfb9bc6b7917baab80c16e0ea09ad9411a3256a393955d2885aec6b69882
tcn,mixed,43,bandpass_n20002_cRA_V2_V5_covariance_s20,phase2/results/predictions/full/mixed/tcn/seed_43/bandpass_n20002_cRA_V2_V5_covariance_s20.npz,76378,281723775d156bc14a7ab2e3113209528c682fd1e41fe79dec7d8f89c83c3171
tcn,mixed,43,bandpass_n20002_cRA_V2_V5_covariance_s15,phase2/results/predictions/full/mixed/tcn/seed_43/bandpass_n20002_cRA_V2_V5_covariance_s15.npz,76369,c0dd38c5b8c56eea724e6d2a0aee4a4f83b80f184ccabd0113da388a7efcafa1
tcn,mixed,43,bandpass_n20002_cRA_V2_V5_covariance_s10,phase2/results/predictions/full/mixed/tcn/seed_43/bandpass_n20002_cRA_V2_V5_covariance_s10.npz,76291,99c98638e86379151bd19d7580abe0b43221f12715fc83b8a17c248c94c34000
tcn,mixed,43,bandpass_n20002_cRA_V2_V5_covariance_s5,phase2/results/predictions/full/mixed/tcn/seed_43/bandpass_n20002_cRA_V2_V5_covariance_s5.npz,76144,5b72824cdc78af385668a8c07aba4ae7241fc6819fd3c9d671df14511977fd9b
tcn,mixed,43,bandpass_n20002_cRA_V2_V5_covariance_s0,phase2/results/predictions/full/mixed/tcn/seed_43/bandpass_n20002_cRA_V2_V5_covariance_s0.npz,75695,e55d3848043e573df072ebc449427b3cbf6ecc7b200c22e1c2d857a77f62deba
tcn,mixed,43,bandpass_n20002_cLA_V3_V6_independent_rms_s20,phase2/results/predictions/full/mixed/tcn/seed_43/bandpass_n20002_cLA_V3_V6_independent_rms_s20.npz,76439,92d25e19d9ffb07be38ddaaa27104c4135f22986ab584d2aec8866cb9abd9efc
tcn,mixed,43,bandpass_n20002_cLA_V3_V6_independent_rms_s15,phase2/results/predictions/full/mixed/tcn/seed_43/bandpass_n20002_cLA_V3_V6_independent_rms_s15.npz,76431,d5186599e9c7d9ff74e728038a85e930ea19cb854b5b5e19dae09c04439eb3f6
tcn,mixed,43,bandpass_n20002_cLA_V3_V6_independent_rms_s10,phase2/results/predictions/full/mixed/tcn/seed_43/bandpass_n20002_cLA_V3_V6_independent_rms_s10.npz,76379,66595bb6e7120c4634ae946ff5856e654e1911bf3a33f0980409d8b552caae3c
tcn,mixed,43,bandpass_n20002_cLA_V3_V6_independent_rms_s5,phase2/results/predictions/full/mixed/tcn/seed_43/bandpass_n20002_cLA_V3_V6_independent_rms_s5.npz,76314,c0cd95b1cf7892dbda4e423a8498f049f1026606ceb2ceca5d699c3da58a4e1c
tcn,mixed,43,bandpass_n20002_cLA_V3_V6_independent_rms_s0,phase2/results/predictions/full/mixed/tcn/seed_43/bandpass_n20002_cLA_V3_V6_independent_rms_s0.npz,76054,dbb25d6b9d8a3b249863d7363a12bd83c64bdbcddf6c1042522b5bff812043db
tcn,mixed,43,bandpass_n20002_cLA_V3_V6_electrode_s20,phase2/results/predictions/full/mixed/tcn/seed_43/bandpass_n20002_cLA_V3_V6_electrode_s20.npz,76385,d3a246a61dc51df0e224f396e393eacf290e2111456bd45645135e3ccc8c73cc
tcn,mixed,43,bandpass_n20002_cLA_V3_V6_electrode_s15,phase2/results/predictions/full/mixed/tcn/seed_43/bandpass_n20002_cLA_V3_V6_electrode_s15.npz,76374,7cd316826ac7c87aa6deab23a6dfcc70db67a2de7fc82f9b3052dcedd7410ad2
tcn,mixed,43,bandpass_n20002_cLA_V3_V6_electrode_s10,phase2/results/predictions/full/mixed/tcn/seed_43/bandpass_n20002_cLA_V3_V6_electrode_s10.npz,76368,469f1d68c10dc6e1ac22f7b1084d75e00da21e2220b783b15175279a2e97365d
tcn,mixed,43,bandpass_n20002_cLA_V3_V6_electrode_s5,phase2/results/predictions/full/mixed/tcn/seed_43/bandpass_n20002_cLA_V3_V6_electrode_s5.npz,76230,bc9f3dc57613f46fad6798baf74f6c264cc64964a18940d6a15b7059425d5b5f
tcn,mixed,43,bandpass_n20002_cLA_V3_V6_electrode_s0,phase2/results/predictions/full/mixed/tcn/seed_43/bandpass_n20002_cLA_V3_V6_electrode_s0.npz,75958,0d98824420a4a8bbf4e57c9167ea9b53b9a86d752f8535d9902a1629243f2c8f
tcn,mixed,43,bandpass_n20002_cLA_V3_V6_covariance_s20,phase2/results/predictions/full/mixed/tcn/seed_43/bandpass_n20002_cLA_V3_V6_covariance_s20.npz,76418,3dc300d2442bcdb07b1c8d468cb16fe4b8dfa2111632d2f580065649e03dcd37
tcn,mixed,43,bandpass_n20002_cLA_V3_V6_covariance_s15,phase2/results/predictions/full/mixed/tcn/seed_43/bandpass_n20002_cLA_V3_V6_covariance_s15.npz,76396,7a96f33af99ea352061db4959e44491537994e1f2b166c525b3557453b518a3c
tcn,mixed,43,bandpass_n20002_cLA_V3_V6_covariance_s10,phase2/results/predictions/full/mixed/tcn/seed_43/bandpass_n20002_cLA_V3_V6_covariance_s10.npz,76345,098acb59e6636d297b9780d123734fa09d4b11d2f1fe3ae4db863f2f34dd0f7b
tcn,mixed,43,bandpass_n20002_cLA_V3_V6_covariance_s5,phase2/results/predictions/full/mixed/tcn/seed_43/bandpass_n20002_cLA_V3_V6_covariance_s5.npz,76234,2d1cc807a85e569fa75f9e0b9e25203168e38aca5e6b7e77993892f5d8567f3c
tcn,mixed,43,bandpass_n20002_cLA_V3_V6_covariance_s0,phase2/results/predictions/full/mixed/tcn/seed_43/bandpass_n20002_cLA_V3_V6_covariance_s0.npz,75968,2ae02c0c7903c9228721fe08544ff23b796fff77a4878b2389be486128f07c2a
tcn,mixed,43,bandpass_n20002_cLL_V1_V4_independent_rms_s20,phase2/results/predictions/full/mixed/tcn/seed_43/bandpass_n20002_cLL_V1_V4_independent_rms_s20.npz,76386,028bb769af222bc8e20e55791f1a19728feebc779d28d73da9c93561a8075cf8
tcn,mixed,43,bandpass_n20002_cLL_V1_V4_independent_rms_s15,phase2/results/predictions/full/mixed/tcn/seed_43/bandpass_n20002_cLL_V1_V4_independent_rms_s15.npz,76393,5a18be21bb7c58fc2738874a92e17564a2f4fc4b410146b3c4a89947fc2d0512
tcn,mixed,43,bandpass_n20002_cLL_V1_V4_independent_rms_s10,phase2/results/predictions/full/mixed/tcn/seed_43/bandpass_n20002_cLL_V1_V4_independent_rms_s10.npz,76363,541b450979f6a78a97c0d6e550b296047276d4b19e2fff8e7cc35d36834b83de
tcn,mixed,43,bandpass_n20002_cLL_V1_V4_independent_rms_s5,phase2/results/predictions/full/mixed/tcn/seed_43/bandpass_n20002_cLL_V1_V4_independent_rms_s5.npz,76296,54ec5136f91f893de0d47a42989d533b772622a1f0cd0518b2c2611cf436f296
tcn,mixed,43,bandpass_n20002_cLL_V1_V4_independent_rms_s0,phase2/results/predictions/full/mixed/tcn/seed_43/bandpass_n20002_cLL_V1_V4_independent_rms_s0.npz,76061,d6af302299fb14faa1c766451b3b16221d9f4abef3e6b429672eeabae7b32278
tcn,mixed,43,bandpass_n20002_cLL_V1_V4_electrode_s20,phase2/results/predictions/full/mixed/tcn/seed_43/bandpass_n20002_cLL_V1_V4_electrode_s20.npz,76389,d740f9e36f486e3d0f315abc26de02fd88ea015d2d8b536c672d0a5013044be6
tcn,mixed,43,bandpass_n20002_cLL_V1_V4_electrode_s15,phase2/results/predictions/full/mixed/tcn/seed_43/bandpass_n20002_cLL_V1_V4_electrode_s15.npz,76388,b5cd8192d2280169b9928f4b1c6f5852058ff385ee17f7ddfea6c15a932a2aef
tcn,mixed,43,bandpass_n20002_cLL_V1_V4_electrode_s10,phase2/results/predictions/full/mixed/tcn/seed_43/bandpass_n20002_cLL_V1_V4_electrode_s10.npz,76366,7f5d49c30f381bfbf70bc61fe6b9efc8a6d64e88bfb80fe314c94ace3bcc2afb
tcn,mixed,43,bandpass_n20002_cLL_V1_V4_electrode_s5,phase2/results/predictions/full/mixed/tcn/seed_43/bandpass_n20002_cLL_V1_V4_electrode_s5.npz,76191,48baf4bd1249fdd7af77ef4cca723fbf571174788f88792e383c6dcbde35274c
tcn,mixed,43,bandpass_n20002_cLL_V1_V4_electrode_s0,phase2/results/predictions/full/mixed/tcn/seed_43/bandpass_n20002_cLL_V1_V4_electrode_s0.npz,75953,ed990a2c629911d326a41781ed779e8fbe7721a3d13832fc374f3962cac06bdb
tcn,mixed,43,bandpass_n20002_cLL_V1_V4_covariance_s20,phase2/results/predictions/full/mixed/tcn/seed_43/bandpass_n20002_cLL_V1_V4_covariance_s20.npz,76393,e2bdcf1562c625d176eb083562ad684769c0e0c7b660527a71a324e7efa8db35
tcn,mixed,43,bandpass_n20002_cLL_V1_V4_covariance_s15,phase2/results/predictions/full/mixed/tcn/seed_43/bandpass_n20002_cLL_V1_V4_covariance_s15.npz,76396,00e9a28a22a66e589e2a847754a9c8eecfd6942074cc0c05f3f6f2b13c14a747
tcn,mixed,43,bandpass_n20002_cLL_V1_V4_covariance_s10,phase2/results/predictions/full/mixed/tcn/seed_43/bandpass_n20002_cLL_V1_V4_covariance_s10.npz,76365,deb63c020d568e167c7d72b9642059b85754e64f4a22d5a85d00088539eaed8c
tcn,mixed,43,bandpass_n20002_cLL_V1_V4_covariance_s5,phase2/results/predictions/full/mixed/tcn/seed_43/bandpass_n20002_cLL_V1_V4_covariance_s5.npz,76199,dafe0dbd149e379acc32ee7088ff4c7343072a9e0c57d9f3203538d3d1182672
tcn,mixed,43,bandpass_n20002_cLL_V1_V4_covariance_s0,phase2/results/predictions/full/mixed/tcn/seed_43/bandpass_n20002_cLL_V1_V4_covariance_s0.npz,75949,80d463db4589f2308b96d999856c9389d502aa8f31c9f7b6613b5578a414f447
tcn,mixed,43,bandpass_n20002_call_independent_rms_s20,phase2/results/predictions/full/mixed/tcn/seed_43/bandpass_n20002_call_independent_rms_s20.npz,76395,c9cb0c7db99ebb797970699f3da300ad68df200848ea6dcc4462b93569e6cb46
tcn,mixed,43,bandpass_n20002_call_independent_rms_s15,phase2/results/predictions/full/mixed/tcn/seed_43/bandpass_n20002_call_independent_rms_s15.npz,76375,74b9d95bb0299e9a711453f60fdd361198d7d9f99bd9f9fdefb266403a84fbdc
tcn,mixed,43,bandpass_n20002_call_independent_rms_s10,phase2/results/predictions/full/mixed/tcn/seed_43/bandpass_n20002_call_independent_rms_s10.npz,76353,7c09eb7eeb6e960997801ca808f5ec2d905cc7cce096f15081eb81e3a3f819db
tcn,mixed,43,bandpass_n20002_call_independent_rms_s5,phase2/results/predictions/full/mixed/tcn/seed_43/bandpass_n20002_call_independent_rms_s5.npz,76251,ee61847b01a319b3160924769a6fda3c49184641ceb97f441125c1b18147225b
tcn,mixed,43,bandpass_n20002_call_independent_rms_s0,phase2/results/predictions/full/mixed/tcn/seed_43/bandpass_n20002_call_independent_rms_s0.npz,76022,976119e1e4dbbbe37f75b7172582768927ca754b31bb010bbe6921b1c9f88da5
tcn,mixed,43,bandpass_n20002_call_electrode_s20,phase2/results/predictions/full/mixed/tcn/seed_43/bandpass_n20002_call_electrode_s20.npz,76353,a0a78d5e3018dedad0ba27538685c485bd4b54dd0ed4196ee3afad38b2e8e7de
tcn,mixed,43,bandpass_n20002_call_electrode_s15,phase2/results/predictions/full/mixed/tcn/seed_43/bandpass_n20002_call_electrode_s15.npz,76364,e48c72d5faad7626c4e7c2d8fbb18844aec6ce0b2e4b4f651f5f85cb938efa97
tcn,mixed,43,bandpass_n20002_call_electrode_s10,phase2/results/predictions/full/mixed/tcn/seed_43/bandpass_n20002_call_electrode_s10.npz,76316,500aa42f0c6b6a10c45d7baf1f7c9eb2fe41ffd7b6083b983f179dcdb1a8bf9e
tcn,mixed,43,bandpass_n20002_call_electrode_s5,phase2/results/predictions/full/mixed/tcn/seed_43/bandpass_n20002_call_electrode_s5.npz,76147,f74c601ab86090250b0c26b05f604545deee1438b4ea1acd2a384aa8d5f1d828
tcn,mixed,43,bandpass_n20002_call_electrode_s0,phase2/results/predictions/full/mixed/tcn/seed_43/bandpass_n20002_call_electrode_s0.npz,75823,f9540285b1977c122a0b4be5b8cdc4cf34b64a8656b66f000148e923f4cfb764
tcn,mixed,43,bandpass_n20002_call_covariance_s20,phase2/results/predictions/full/mixed/tcn/seed_43/bandpass_n20002_call_covariance_s20.npz,76382,dca7558cf7aab73d7bdbba6a769edc384733a357974cd7011eac5e44cc603213
tcn,mixed,43,bandpass_n20002_call_covariance_s15,phase2/results/predictions/full/mixed/tcn/seed_43/bandpass_n20002_call_covariance_s15.npz,76354,af277d308c74026f5a0fbf83078915c5bad2b0ee99617da5cd8f4ac2f025c344
tcn,mixed,43,bandpass_n20002_call_covariance_s10,phase2/results/predictions/full/mixed/tcn/seed_43/bandpass_n20002_call_covariance_s10.npz,76306,1140302a05f2cd002e36a4e18260690a9b4a2ef24044af455b10b12048fd7fae
tcn,mixed,43,bandpass_n20002_call_covariance_s5,phase2/results/predictions/full/mixed/tcn/seed_43/bandpass_n20002_call_covariance_s5.npz,76157,2f5773dc69833c887fbbbff9e93a5b0d9b68505aa0ec1aa4e90c40f5ad7a7102
tcn,mixed,43,bandpass_n20002_call_covariance_s0,phase2/results/predictions/full/mixed/tcn/seed_43/bandpass_n20002_call_covariance_s0.npz,75836,c4a82cc63f965b6584b18af9f2c9e9306265ec6764badb785c6ffdee0d187e8e
tcn,mixed,43,bandpass_n20003_cRA_LA_LL_independent_rms_s20,phase2/results/predictions/full/mixed/tcn/seed_43/bandpass_n20003_cRA_LA_LL_independent_rms_s20.npz,76362,9e2baf302a329ab05793550ce156f5ecbfec34f5f672fe8ca05d1ec58f36852a
tcn,mixed,43,bandpass_n20003_cRA_LA_LL_independent_rms_s15,phase2/results/predictions/full/mixed/tcn/seed_43/bandpass_n20003_cRA_LA_LL_independent_rms_s15.npz,76404,d5b27479eab52fc84a9c1bb40b7762de302620121d1afb77ad5278a17fdcb9be
tcn,mixed,43,bandpass_n20003_cRA_LA_LL_independent_rms_s10,phase2/results/predictions/full/mixed/tcn/seed_43/bandpass_n20003_cRA_LA_LL_independent_rms_s10.npz,76384,02d0082a9ce35f373ff79cf5c0faf59b61a2b37b0da00b13aa543ccbf5e3509f
tcn,mixed,43,bandpass_n20003_cRA_LA_LL_independent_rms_s5,phase2/results/predictions/full/mixed/tcn/seed_43/bandpass_n20003_cRA_LA_LL_independent_rms_s5.npz,76301,b2f0ee620f7d9deb01631bb5c84e35f790be7a8a6baef6d9ea05e50547cbf1f1
tcn,mixed,43,bandpass_n20003_cRA_LA_LL_independent_rms_s0,phase2/results/predictions/full/mixed/tcn/seed_43/bandpass_n20003_cRA_LA_LL_independent_rms_s0.npz,76028,80d41b74d3fda34695e3f83c0f9c865243ff13fc5ca5c77c2b8a62354d1fbf34
tcn,mixed,43,bandpass_n20003_cRA_LA_LL_electrode_s20,phase2/results/predictions/full/mixed/tcn/seed_43/bandpass_n20003_cRA_LA_LL_electrode_s20.npz,76366,ce1593123688114b9b9cbf37aa4b3bbeac845bb844bdfec594e2c16b45762e97
tcn,mixed,43,bandpass_n20003_cRA_LA_LL_electrode_s15,phase2/results/predictions/full/mixed/tcn/seed_43/bandpass_n20003_cRA_LA_LL_electrode_s15.npz,76346,5b68bb3e694358003ac4a43ce02efc012e2198907648bc7d83877cd50903858a
tcn,mixed,43,bandpass_n20003_cRA_LA_LL_electrode_s10,phase2/results/predictions/full/mixed/tcn/seed_43/bandpass_n20003_cRA_LA_LL_electrode_s10.npz,76336,fe54582179cd1695445d447b00eb2dffe4b86226c2f4c1e71e7332d21f85ce8c
tcn,mixed,43,bandpass_n20003_cRA_LA_LL_electrode_s5,phase2/results/predictions/full/mixed/tcn/seed_43/bandpass_n20003_cRA_LA_LL_electrode_s5.npz,76152,d4b19ddb6419fb7649dbc7d67c182687b4417fbe1da2e4b6cc9b8643c709d038
tcn,mixed,43,bandpass_n20003_cRA_LA_LL_electrode_s0,phase2/results/predictions/full/mixed/tcn/seed_43/bandpass_n20003_cRA_LA_LL_electrode_s0.npz,75748,49eb8efa9af583838eb4428752db5a368c58fceae33043ada31bbc62d9c9226c
tcn,mixed,43,bandpass_n20003_cRA_LA_LL_covariance_s20,phase2/results/predictions/full/mixed/tcn/seed_43/bandpass_n20003_cRA_LA_LL_covariance_s20.npz,76390,d859e6ce214246b47273931f37b9fb69e280e86244bff1b1bc9a5c3438a07192
tcn,mixed,43,bandpass_n20003_cRA_LA_LL_covariance_s15,phase2/results/predictions/full/mixed/tcn/seed_43/bandpass_n20003_cRA_LA_LL_covariance_s15.npz,76386,692a86182f510851ace503ec71bf1ac4e116b0e629c83c85cf359665269ad8dd
tcn,mixed,43,bandpass_n20003_cRA_LA_LL_covariance_s10,phase2/results/predictions/full/mixed/tcn/seed_43/bandpass_n20003_cRA_LA_LL_covariance_s10.npz,76347,88a26e0fb6b49d1f1698d6ba3c3745be9dba1a2ff5a2bcff441424c27f02422d
tcn,mixed,43,bandpass_n20003_cRA_LA_LL_covariance_s5,phase2/results/predictions/full/mixed/tcn/seed_43/bandpass_n20003_cRA_LA_LL_covariance_s5.npz,76151,7bc95b8c29da360978e4e1e84ecc026f0ec889fdab70290b1b0434f66f290e01
tcn,mixed,43,bandpass_n20003_cRA_LA_LL_covariance_s0,phase2/results/predictions/full/mixed/tcn/seed_43/bandpass_n20003_cRA_LA_LL_covariance_s0.npz,75733,f8d70752b66808efe4e287543a5b82c9ed4c6be4b97d13a55b139987873b6721
tcn,mixed,43,bandpass_n20003_cV1_independent_rms_s20,phase2/results/predictions/full/mixed/tcn/seed_43/bandpass_n20003_cV1_independent_rms_s20.npz,76379,9fcdc826a0f36f71786dc4f7c88c2034175b15b40ad1dd6751f86284ac46ca54
tcn,mixed,43,bandpass_n20003_cV1_independent_rms_s15,phase2/results/predictions/full/mixed/tcn/seed_43/bandpass_n20003_cV1_independent_rms_s15.npz,76386,9f48c3c92846bbdcf1adda9e3d9799dfd5e314790b801384f8093e21bd48aaaa
tcn,mixed,43,bandpass_n20003_cV1_independent_rms_s10,phase2/results/predictions/full/mixed/tcn/seed_43/bandpass_n20003_cV1_independent_rms_s10.npz,76335,f6c6635f6de7de97e24bd627496e5c43e32acbe53426a423ee13f449dd4f28ec
tcn,mixed,43,bandpass_n20003_cV1_independent_rms_s5,phase2/results/predictions/full/mixed/tcn/seed_43/bandpass_n20003_cV1_independent_rms_s5.npz,76242,563cbe849ded1750af5165761c239f7684f1b355c32e3058eedfa900be4c52b4
tcn,mixed,43,bandpass_n20003_cV1_independent_rms_s0,phase2/results/predictions/full/mixed/tcn/seed_43/bandpass_n20003_cV1_independent_rms_s0.npz,75972,6f0dd4e6abe5144452ae1585467797dd717a6be98343bd700fb62745fe620ce5
tcn,mixed,43,bandpass_n20003_cV1_electrode_s20,phase2/results/predictions/full/mixed/tcn/seed_43/bandpass_n20003_cV1_electrode_s20.npz,76357,c096a72e706503194d92179dfe63ed765a536b992f58cce3d9f10a597a904537
tcn,mixed,43,bandpass_n20003_cV1_electrode_s15,phase2/results/predictions/full/mixed/tcn/seed_43/bandpass_n20003_cV1_electrode_s15.npz,76372,d738ed6a5621b1176ce8bf405d421b4e1b3706aab9ab32c076456c3582bba56b
tcn,mixed,43,bandpass_n20003_cV1_electrode_s10,phase2/results/predictions/full/mixed/tcn/seed_43/bandpass_n20003_cV1_electrode_s10.npz,76318,fc6393527426e7a13358b95a76dab8ecf6ddf631ee7984f032edc3f900f2bef9
tcn,mixed,43,bandpass_n20003_cV1_electrode_s5,phase2/results/predictions/full/mixed/tcn/seed_43/bandpass_n20003_cV1_electrode_s5.npz,76197,2b0b72e241ae5e58e8be32c6628995d963e96ed5b40abb44c65b5e2ef638c16a
tcn,mixed,43,bandpass_n20003_cV1_electrode_s0,phase2/results/predictions/full/mixed/tcn/seed_43/bandpass_n20003_cV1_electrode_s0.npz,75997,3d5e706196b9caa610bbdc5bfe7b90f25b3255c403222aa2fd4662fb24c93123
tcn,mixed,43,bandpass_n20003_cV1_covariance_s20,phase2/results/predictions/full/mixed/tcn/seed_43/bandpass_n20003_cV1_covariance_s20.npz,76357,cdd299ab289c99ebf0447611ac39f07b5d82ad7426aa146b637ab8354e8b1861
tcn,mixed,43,bandpass_n20003_cV1_covariance_s15,phase2/results/predictions/full/mixed/tcn/seed_43/bandpass_n20003_cV1_covariance_s15.npz,76339,5118f8c1802436591021a529807eb51249da95aefc15b6224e8a4b5f5bfbacd8
tcn,mixed,43,bandpass_n20003_cV1_covariance_s10,phase2/results/predictions/full/mixed/tcn/seed_43/bandpass_n20003_cV1_covariance_s10.npz,76340,d11afa605ec44536fe2cee93e2bd1f99f5f5dc00396767b9797c91b38c12beb6
tcn,mixed,43,bandpass_n20003_cV1_covariance_s5,phase2/results/predictions/full/mixed/tcn/seed_43/bandpass_n20003_cV1_covariance_s5.npz,76221,7412f84dd7f81669a1027ecece252b4d093a497a35368dc2ee5d8c001a40be57
tcn,mixed,43,bandpass_n20003_cV1_covariance_s0,phase2/results/predictions/full/mixed/tcn/seed_43/bandpass_n20003_cV1_covariance_s0.npz,75941,b453e48462b4317ab0b86cdd7864d6c034c096005a7ad976f6a6110356da5aa4
tcn,mixed,43,bandpass_n20003_cV2_independent_rms_s20,phase2/results/predictions/full/mixed/tcn/seed_43/bandpass_n20003_cV2_independent_rms_s20.npz,76366,433ab73b78a68b632a9787e246b02cc40498567feb729501b91c7899cfbdd10e
tcn,mixed,43,bandpass_n20003_cV2_independent_rms_s15,phase2/results/predictions/full/mixed/tcn/seed_43/bandpass_n20003_cV2_independent_rms_s15.npz,76375,3e34704554b754b63ae46f26517fe816fb732877786891cc623ccb0afcdc8932
tcn,mixed,43,bandpass_n20003_cV2_independent_rms_s10,phase2/results/predictions/full/mixed/tcn/seed_43/bandpass_n20003_cV2_independent_rms_s10.npz,76332,1d6162b24d8a3f24a8572cd04f81439b7bee56ec46e2c6b60df895bdaf95b4f1
tcn,mixed,43,bandpass_n20003_cV2_independent_rms_s5,phase2/results/predictions/full/mixed/tcn/seed_43/bandpass_n20003_cV2_independent_rms_s5.npz,76272,1d8890bc3ac2e53678bdbaf31d7d8211ca04d586dfd84c41dcbc475d365611c3
tcn,mixed,43,bandpass_n20003_cV2_independent_rms_s0,phase2/results/predictions/full/mixed/tcn/seed_43/bandpass_n20003_cV2_independent_rms_s0.npz,76054,14d38daa5a37ecacde42effbc040bd2e69cad41e24d1ca03baeed587dd90d59a
tcn,mixed,43,bandpass_n20003_cV2_electrode_s20,phase2/results/predictions/full/mixed/tcn/seed_43/bandpass_n20003_cV2_electrode_s20.npz,76397,32eb5233fe3f553ad651923ac455ef7e0aa234755e0fef0ec26fa467f95f2c67
tcn,mixed,43,bandpass_n20003_cV2_electrode_s15,phase2/results/predictions/full/mixed/tcn/seed_43/bandpass_n20003_cV2_electrode_s15.npz,76342,32504ba1d9a7c4a7261b179627592ec727d846321b70835baaa1c3f766cde85d
tcn,mixed,43,bandpass_n20003_cV2_electrode_s10,phase2/results/predictions/full/mixed/tcn/seed_43/bandpass_n20003_cV2_electrode_s10.npz,76324,75bcd965601e4c57c37aa7e5de9d5d9a0dee49dc478d8f42c2b0f66ba017581e
tcn,mixed,43,bandpass_n20003_cV2_electrode_s5,phase2/results/predictions/full/mixed/tcn/seed_43/bandpass_n20003_cV2_electrode_s5.npz,76269,480f9d0092c0a4e485895a358ec6a853039089cdb8df7c3212d90fba5d62eea8
tcn,mixed,43,bandpass_n20003_cV2_electrode_s0,phase2/results/predictions/full/mixed/tcn/seed_43/bandpass_n20003_cV2_electrode_s0.npz,76039,3456e0c25d499e39aff04c015e6251139f0b052024982c72973f8360a1b22062
tcn,mixed,43,bandpass_n20003_cV2_covariance_s20,phase2/results/predictions/full/mixed/tcn/seed_43/bandpass_n20003_cV2_covariance_s20.npz,76397,6b98aedb7cdd23fa1d848f27547440beda421954c1785953b4961486424c335c
tcn,mixed,43,bandpass_n20003_cV2_covariance_s15,phase2/results/predictions/full/mixed/tcn/seed_43/bandpass_n20003_cV2_covariance_s15.npz,76346,1e6f4407c23cf4ccc4b785dd591beb7b17ceccde77ca57094b0afc182cae72c2
tcn,mixed,43,bandpass_n20003_cV2_covariance_s10,phase2/results/predictions/full/mixed/tcn/seed_43/bandpass_n20003_cV2_covariance_s10.npz,76375,13093ef69c48130976762acd47760e620a181ef6da24a3e9eb64fd285d90bfc6
tcn,mixed,43,bandpass_n20003_cV2_covariance_s5,phase2/results/predictions/full/mixed/tcn/seed_43/bandpass_n20003_cV2_covariance_s5.npz,76263,15984a61f73dcb6ebf2f06c80392d4f415958795d64f3cb41d3b7f84ad951c3e
tcn,mixed,43,bandpass_n20003_cV2_covariance_s0,phase2/results/predictions/full/mixed/tcn/seed_43/bandpass_n20003_cV2_covariance_s0.npz,76036,244fcc8009bffa4eed30a85865be02dc21ba45dff43456fdc6bd8e2e0aec168e
tcn,mixed,43,bandpass_n20003_cV3_independent_rms_s20,phase2/results/predictions/full/mixed/tcn/seed_43/bandpass_n20003_cV3_independent_rms_s20.npz,76383,7771e8fe30c5b7dd1c1dd3b3a3b0207d856e5eb80a6541eab1f8ccd014ef8bdb
tcn,mixed,43,bandpass_n20003_cV3_independent_rms_s15,phase2/results/predictions/full/mixed/tcn/seed_43/bandpass_n20003_cV3_independent_rms_s15.npz,76381,d2c169e2183b000b22f902bd96e7bc3e8c13f0e532ad0a167f015cde5b21e1ec
tcn,mixed,43,bandpass_n20003_cV3_independent_rms_s10,phase2/results/predictions/full/mixed/tcn/seed_43/bandpass_n20003_cV3_independent_rms_s10.npz,76388,4218ee39c9b9b051d98744c60c8ef59c6f5196238ef9b597a2e5d63def83be6f
tcn,mixed,43,bandpass_n20003_cV3_independent_rms_s5,phase2/results/predictions/full/mixed/tcn/seed_43/bandpass_n20003_cV3_independent_rms_s5.npz,76310,23b17237695275e22ed2f0e23436240e276d5d4a9ffed38aae4b060cf69be910
tcn,mixed,43,bandpass_n20003_cV3_independent_rms_s0,phase2/results/predictions/full/mixed/tcn/seed_43/bandpass_n20003_cV3_independent_rms_s0.npz,76222,718124d5b6fa993b5f21cbfc5a754a90fc0a97834317afdbe39c4ed1a6e3df44
tcn,mixed,43,bandpass_n20003_cV3_electrode_s20,phase2/results/predictions/full/mixed/tcn/seed_43/bandpass_n20003_cV3_electrode_s20.npz,76376,697fe4ced5b3a09da5c25476193c7e2387c57e5f6e3094df03ab3da2d022ea0a
tcn,mixed,43,bandpass_n20003_cV3_electrode_s15,phase2/results/predictions/full/mixed/tcn/seed_43/bandpass_n20003_cV3_electrode_s15.npz,76371,7e921b00253cbe53c4d9a9c346ba17857a5e002afbeae390ef3ef7e44ce325cd
tcn,mixed,43,bandpass_n20003_cV3_electrode_s10,phase2/results/predictions/full/mixed/tcn/seed_43/bandpass_n20003_cV3_electrode_s10.npz,76398,d51f662b957c5e9407c999230815d9a9d1d49e99c968cd4f2d87b34118ed258e
tcn,mixed,43,bandpass_n20003_cV3_electrode_s5,phase2/results/predictions/full/mixed/tcn/seed_43/bandpass_n20003_cV3_electrode_s5.npz,76330,1a5a1dbb926a2bc3ce9f2c9497a233cfa385242b913c1f1a993f884dabb27e0c
tcn,mixed,43,bandpass_n20003_cV3_electrode_s0,phase2/results/predictions/full/mixed/tcn/seed_43/bandpass_n20003_cV3_electrode_s0.npz,76236,a9cbf0005e32f6784c0fb5d8d014490ead585013602f79ab817e5b7a09491ccd
tcn,mixed,43,bandpass_n20003_cV3_covariance_s20,phase2/results/predictions/full/mixed/tcn/seed_43/bandpass_n20003_cV3_covariance_s20.npz,76352,3ad3558140d46b1e4366319e13e26da0bb0c81d017b565834847c880a547a3e0
tcn,mixed,43,bandpass_n20003_cV3_covariance_s15,phase2/results/predictions/full/mixed/tcn/seed_43/bandpass_n20003_cV3_covariance_s15.npz,76401,93054657699c6536b0a012f9d2cee809cdfc5aaaf3ec3c188c261312e0f2d54a
tcn,mixed,43,bandpass_n20003_cV3_covariance_s10,phase2/results/predictions/full/mixed/tcn/seed_43/bandpass_n20003_cV3_covariance_s10.npz,76367,9c032a99859a6d025668aa6e4a6b110b2e98c81030e3767f218c2d6f270bf41a
tcn,mixed,43,bandpass_n20003_cV3_covariance_s5,phase2/results/predictions/full/mixed/tcn/seed_43/bandpass_n20003_cV3_covariance_s5.npz,76343,9c273e55fcabb826844e8f71af050207639ca69532e5762bfb05453021b22925
tcn,mixed,43,bandpass_n20003_cV3_covariance_s0,phase2/results/predictions/full/mixed/tcn/seed_43/bandpass_n20003_cV3_covariance_s0.npz,76213,ca74d8155a8a2e4d21ba6bd92787d2dcd6ea3be9231295e25eafce7d9bfd0194
tcn,mixed,43,bandpass_n20003_cV4_independent_rms_s20,phase2/results/predictions/full/mixed/tcn/seed_43/bandpass_n20003_cV4_independent_rms_s20.npz,76387,315a852057e7c45190322e6c451b2903962c546bcc1f41bfda42f523d9acb5a9
tcn,mixed,43,bandpass_n20003_cV4_independent_rms_s15,phase2/results/predictions/full/mixed/tcn/seed_43/bandpass_n20003_cV4_independent_rms_s15.npz,76405,4f7578777d8ded94e525eb360dc6e6b4acaf6fa18ef53f6cea10bf1751de7680
tcn,mixed,43,bandpass_n20003_cV4_independent_rms_s10,phase2/results/predictions/full/mixed/tcn/seed_43/bandpass_n20003_cV4_independent_rms_s10.npz,76361,895b7eb66ae9f8b05dc49b68085b27f88afc446afb787f5e857141a215d3d710
tcn,mixed,43,bandpass_n20003_cV4_independent_rms_s5,phase2/results/predictions/full/mixed/tcn/seed_43/bandpass_n20003_cV4_independent_rms_s5.npz,76303,b1a4c36efaad52e51464ed093df62f811aafa946720ef5130ccf271230cb5efa
tcn,mixed,43,bandpass_n20003_cV4_independent_rms_s0,phase2/results/predictions/full/mixed/tcn/seed_43/bandpass_n20003_cV4_independent_rms_s0.npz,76097,829046262995365c0a25f2feda01a4c6f33102ce546926c2de1857e25316bc5b
tcn,mixed,43,bandpass_n20003_cV4_electrode_s20,phase2/results/predictions/full/mixed/tcn/seed_43/bandpass_n20003_cV4_electrode_s20.npz,76353,a57759deaa2006e13fc84e545d67b7ea377d15163a2291523d30bb6b705ce495
tcn,mixed,43,bandpass_n20003_cV4_electrode_s15,phase2/results/predictions/full/mixed/tcn/seed_43/bandpass_n20003_cV4_electrode_s15.npz,76403,4c7dd75aefafd449bff37f17def265a080f19d2371ca25ce8970a6d10f16f431
tcn,mixed,43,bandpass_n20003_cV4_electrode_s10,phase2/results/predictions/full/mixed/tcn/seed_43/bandpass_n20003_cV4_electrode_s10.npz,76371,dca871b12ede7791e33dfd530c789aaa225b9278353ea2b653c126219356ebaf
tcn,mixed,43,bandpass_n20003_cV4_electrode_s5,phase2/results/predictions/full/mixed/tcn/seed_43/bandpass_n20003_cV4_electrode_s5.npz,76282,569299f487bd724fb5941aacac54dea5dff8d9829d2a30201b1d25ce5f164e42
tcn,mixed,43,bandpass_n20003_cV4_electrode_s0,phase2/results/predictions/full/mixed/tcn/seed_43/bandpass_n20003_cV4_electrode_s0.npz,76097,29521ccd458d7cef49fa31f215869d1b0e7f499eab50cf7c8dcda326cc965924
tcn,mixed,43,bandpass_n20003_cV4_covariance_s20,phase2/results/predictions/full/mixed/tcn/seed_43/bandpass_n20003_cV4_covariance_s20.npz,76377,9d40cc92d00f9f948d1f497f7886a18d54cba6b0c2f1a41ed1af954622951739
tcn,mixed,43,bandpass_n20003_cV4_covariance_s15,phase2/results/predictions/full/mixed/tcn/seed_43/bandpass_n20003_cV4_covariance_s15.npz,76370,e3a83df9f65b1168993652dc5106a61535346047026540e6fa81912a30334645
tcn,mixed,43,bandpass_n20003_cV4_covariance_s10,phase2/results/predictions/full/mixed/tcn/seed_43/bandpass_n20003_cV4_covariance_s10.npz,76378,747fe9a5d67ccc396b68f931d7eda971ab5aab06b7098b7d7400500e3376f583
tcn,mixed,43,bandpass_n20003_cV4_covariance_s5,phase2/results/predictions/full/mixed/tcn/seed_43/bandpass_n20003_cV4_covariance_s5.npz,76283,da9c67bd9580d085ea2ea5c5a391339deb606b56dc350a046b76c89dee703d4a
tcn,mixed,43,bandpass_n20003_cV4_covariance_s0,phase2/results/predictions/full/mixed/tcn/seed_43/bandpass_n20003_cV4_covariance_s0.npz,76083,da49b50c8f904c13e4954a7b3b6903d12b2b0f8d91307458c0361b43f358ca00
tcn,mixed,43,bandpass_n20003_cV5_independent_rms_s20,phase2/results/predictions/full/mixed/tcn/seed_43/bandpass_n20003_cV5_independent_rms_s20.npz,76373,75e5cdb077e0fb2d2da068da936c6460e26a0a7bc1661a6d080847b870962147
tcn,mixed,43,bandpass_n20003_cV5_independent_rms_s15,phase2/results/predictions/full/mixed/tcn/seed_43/bandpass_n20003_cV5_independent_rms_s15.npz,76392,5311577909a1c8a9ed032603510c2ab79664465e609bf1c2abfb8eb25162f83a
tcn,mixed,43,bandpass_n20003_cV5_independent_rms_s10,phase2/results/predictions/full/mixed/tcn/seed_43/bandpass_n20003_cV5_independent_rms_s10.npz,76359,d23c4a9cacc3d55ffce6fb582e7130783a37c38eb1b454f0b99a7b26ec5ad908
tcn,mixed,43,bandpass_n20003_cV5_independent_rms_s5,phase2/results/predictions/full/mixed/tcn/seed_43/bandpass_n20003_cV5_independent_rms_s5.npz,76254,cea8600619a7c9612747b28e836e61ba28af9e46ead80650aa8e80de7fd380d7
tcn,mixed,43,bandpass_n20003_cV5_independent_rms_s0,phase2/results/predictions/full/mixed/tcn/seed_43/bandpass_n20003_cV5_independent_rms_s0.npz,76022,54ae4d8f50a6eba9f78c386942c043b4f35754de01e683e2aca5cc1b8c527b1d
tcn,mixed,43,bandpass_n20003_cV5_electrode_s20,phase2/results/predictions/full/mixed/tcn/seed_43/bandpass_n20003_cV5_electrode_s20.npz,76371,9d8598648e3ddcc8ecf140a640aeed727862f64b2726edaf79c2e94ef8d31844
tcn,mixed,43,bandpass_n20003_cV5_electrode_s15,phase2/results/predictions/full/mixed/tcn/seed_43/bandpass_n20003_cV5_electrode_s15.npz,76366,76a5baed6ef4b466f174d21f1e94351aa71b848c2f5adf7064d5407db6a1b042
tcn,mixed,43,bandpass_n20003_cV5_electrode_s10,phase2/results/predictions/full/mixed/tcn/seed_43/bandpass_n20003_cV5_electrode_s10.npz,76355,ace704ff62169fce59ffdd3cd0edc34adb035f54032a2be31744eef312206ea9
tcn,mixed,43,bandpass_n20003_cV5_electrode_s5,phase2/results/predictions/full/mixed/tcn/seed_43/bandpass_n20003_cV5_electrode_s5.npz,76271,145f06603074659c1e2e1c8c5518899f696b7455380c096c4b6a5177017d8e83
tcn,mixed,43,bandpass_n20003_cV5_electrode_s0,phase2/results/predictions/full/mixed/tcn/seed_43/bandpass_n20003_cV5_electrode_s0.npz,76012,42ea5f2af995dbabf045bea18f609abaa85226ec94a1b927134b78d65e4efc85
tcn,mixed,43,bandpass_n20003_cV5_covariance_s20,phase2/results/predictions/full/mixed/tcn/seed_43/bandpass_n20003_cV5_covariance_s20.npz,76357,b45e8302d554222cec927b7b73a6445ba5c7a6eb148736e5bea7c6fd58671c6b
tcn,mixed,43,bandpass_n20003_cV5_covariance_s15,phase2/results/predictions/full/mixed/tcn/seed_43/bandpass_n20003_cV5_covariance_s15.npz,76372,ec88d16f2a316c80c6d28d579f68ea35a7f95f9bcbf587de581162a73e7bc01d
tcn,mixed,43,bandpass_n20003_cV5_covariance_s10,phase2/results/predictions/full/mixed/tcn/seed_43/bandpass_n20003_cV5_covariance_s10.npz,76336,33de2f58c8ca50440f1c8b82cbad65fd02d46def8b7217cc2751e239c1a1b142
tcn,mixed,43,bandpass_n20003_cV5_covariance_s5,phase2/results/predictions/full/mixed/tcn/seed_43/bandpass_n20003_cV5_covariance_s5.npz,76257,19d514834e46c96b8b5bddabfbd95408665d36afc7d2e915808b53a5a1b82ebd
tcn,mixed,43,bandpass_n20003_cV5_covariance_s0,phase2/results/predictions/full/mixed/tcn/seed_43/bandpass_n20003_cV5_covariance_s0.npz,76002,9bed28739ad5071cbafcce1dbbfe4e1b10e7dc5bd70c7b937a47a24dee04b0f7
tcn,mixed,43,bandpass_n20003_cV6_independent_rms_s20,phase2/results/predictions/full/mixed/tcn/seed_43/bandpass_n20003_cV6_independent_rms_s20.npz,76369,7c323f7a4294a10e5af9ae37eb5500ff9e79995896de68194bf4c0480859a33c
tcn,mixed,43,bandpass_n20003_cV6_independent_rms_s15,phase2/results/predictions/full/mixed/tcn/seed_43/bandpass_n20003_cV6_independent_rms_s15.npz,76404,da62af63829e94efa0cc64b7f4fb570f1429e5d109918e6ac31d8522685730d8
tcn,mixed,43,bandpass_n20003_cV6_independent_rms_s10,phase2/results/predictions/full/mixed/tcn/seed_43/bandpass_n20003_cV6_independent_rms_s10.npz,76356,5ea52ffad43b1162e50f4bfdc363e31bff9e7f22924944bc965be75e7d311c28
tcn,mixed,43,bandpass_n20003_cV6_independent_rms_s5,phase2/results/predictions/full/mixed/tcn/seed_43/bandpass_n20003_cV6_independent_rms_s5.npz,76280,2ea9709625f45a151baff36ffa468cf0ef08d4cfb3390f5bbe39a36c86136646
tcn,mixed,43,bandpass_n20003_cV6_independent_rms_s0,phase2/results/predictions/full/mixed/tcn/seed_43/bandpass_n20003_cV6_independent_rms_s0.npz,76076,8941d6858314fe3c8c5f638f7528f8ab9c6e59539c478dd3e4f3449c23a6f320
tcn,mixed,43,bandpass_n20003_cV6_electrode_s20,phase2/results/predictions/full/mixed/tcn/seed_43/bandpass_n20003_cV6_electrode_s20.npz,76358,87da655f2d2b30ef0c2ddeec59cbdd6d042edbfb1550f72ae08b4cac13daada3
tcn,mixed,43,bandpass_n20003_cV6_electrode_s15,phase2/results/predictions/full/mixed/tcn/seed_43/bandpass_n20003_cV6_electrode_s15.npz,76363,f2caeeebf0fb8ab1629bd18755a1b49443156e968b8d5f445d068ca15b39358d
tcn,mixed,43,bandpass_n20003_cV6_electrode_s10,phase2/results/predictions/full/mixed/tcn/seed_43/bandpass_n20003_cV6_electrode_s10.npz,76330,1d6400900e091cbf1a80c8ef59b50f48409a078c6e875b15004054cd4d49bed0
tcn,mixed,43,bandpass_n20003_cV6_electrode_s5,phase2/results/predictions/full/mixed/tcn/seed_43/bandpass_n20003_cV6_electrode_s5.npz,76277,3452645455d401c730c88e636b5b24a6050fe0653ac1442dce5efb5f5fa2debe
tcn,mixed,43,bandpass_n20003_cV6_electrode_s0,phase2/results/predictions/full/mixed/tcn/seed_43/bandpass_n20003_cV6_electrode_s0.npz,76057,d345b4ec2836dc0533c32cf16bd874145a5f91d74396dc7b750a5b3c21e4e079
tcn,mixed,43,bandpass_n20003_cV6_covariance_s20,phase2/results/predictions/full/mixed/tcn/seed_43/bandpass_n20003_cV6_covariance_s20.npz,76362,7767c509bf3eaf3ae105683bfc466b55c247e36ca6927a32180e7bff9e47b5d0
tcn,mixed,43,bandpass_n20003_cV6_covariance_s15,phase2/results/predictions/full/mixed/tcn/seed_43/bandpass_n20003_cV6_covariance_s15.npz,76381,1bb564821afda1caafc574ddc94dd1a882dd5a9a7cc89b520392477247f91551
tcn,mixed,43,bandpass_n20003_cV6_covariance_s10,phase2/results/predictions/full/mixed/tcn/seed_43/bandpass_n20003_cV6_covariance_s10.npz,76325,f1b0eff9da80011a3db9253778bd563cf339b712f4e41c374acc11896d027b68
tcn,mixed,43,bandpass_n20003_cV6_covariance_s5,phase2/results/predictions/full/mixed/tcn/seed_43/bandpass_n20003_cV6_covariance_s5.npz,76279,2c7e9a4ab9aa84d5bcaf26d4cd5dd817719ae8a5fedbd65ccac126823f46831b
tcn,mixed,43,bandpass_n20003_cV6_covariance_s0,phase2/results/predictions/full/mixed/tcn/seed_43/bandpass_n20003_cV6_covariance_s0.npz,76069,af47eab94bca872b33cd74f233c9eef382feae47ae314fb8ff0f32f0b3290c48
tcn,mixed,43,bandpass_n20003_cRA_LA_independent_rms_s20,phase2/results/predictions/full/mixed/tcn/seed_43/bandpass_n20003_cRA_LA_independent_rms_s20.npz,76389,2cef0fd688f52fd206f80d8ce71bb14f0a767744f282fb6dd67ceac2122b8135
tcn,mixed,43,bandpass_n20003_cRA_LA_independent_rms_s15,phase2/results/predictions/full/mixed/tcn/seed_43/bandpass_n20003_cRA_LA_independent_rms_s15.npz,76413,367c2c88617078d56528daff12a99b06804fd1a83c677526316bb846a4b50e92
tcn,mixed,43,bandpass_n20003_cRA_LA_independent_rms_s10,phase2/results/predictions/full/mixed/tcn/seed_43/bandpass_n20003_cRA_LA_independent_rms_s10.npz,76337,27917e38412b3a7b8836cfb253a4bc4addcf4f6bfd131763a168ab9a30c85145
tcn,mixed,43,bandpass_n20003_cRA_LA_independent_rms_s5,phase2/results/predictions/full/mixed/tcn/seed_43/bandpass_n20003_cRA_LA_independent_rms_s5.npz,76247,bd62aeb31c93fc208d2b61f333c45b12fc36145f92c038ed7ab0344ac85a3597
tcn,mixed,43,bandpass_n20003_cRA_LA_independent_rms_s0,phase2/results/predictions/full/mixed/tcn/seed_43/bandpass_n20003_cRA_LA_independent_rms_s0.npz,76057,b69581d0bb49363fbf1a503ef7c1c6cfcb13ccf26f9be337de7c2bd4beee22b6
tcn,mixed,43,bandpass_n20003_cRA_LA_electrode_s20,phase2/results/predictions/full/mixed/tcn/seed_43/bandpass_n20003_cRA_LA_electrode_s20.npz,76385,ed484e8ee65a850c10fecac851ce947169113057702b2ca097062653b61f19c1
tcn,mixed,43,bandpass_n20003_cRA_LA_electrode_s15,phase2/results/predictions/full/mixed/tcn/seed_43/bandpass_n20003_cRA_LA_electrode_s15.npz,76369,13e2d2a7b429b929b15733c75523e840e4601f8e32d54275782a8cd30f3f438b
tcn,mixed,43,bandpass_n20003_cRA_LA_electrode_s10,phase2/results/predictions/full/mixed/tcn/seed_43/bandpass_n20003_cRA_LA_electrode_s10.npz,76279,0b07b53be492e9ea63a94c765b90f78b7bcefd5215d19502d0ee579315b765c6
tcn,mixed,43,bandpass_n20003_cRA_LA_electrode_s5,phase2/results/predictions/full/mixed/tcn/seed_43/bandpass_n20003_cRA_LA_electrode_s5.npz,76147,4bd2b26b8dee6d493cb13dd5b622b046b573186fec866630d0f74b38781ad0bd
tcn,mixed,43,bandpass_n20003_cRA_LA_electrode_s0,phase2/results/predictions/full/mixed/tcn/seed_43/bandpass_n20003_cRA_LA_electrode_s0.npz,75673,ffdd25ecafd5743029c931be5954cdeb58a9d0b88872e8b9a128e1a9ca48ee95
tcn,mixed,43,bandpass_n20003_cRA_LA_covariance_s20,phase2/results/predictions/full/mixed/tcn/seed_43/bandpass_n20003_cRA_LA_covariance_s20.npz,76385,0d6089742af10e96a4ef256628ee0484f4775674a24018285c8736ba7cca9c9b
tcn,mixed,43,bandpass_n20003_cRA_LA_covariance_s15,phase2/results/predictions/full/mixed/tcn/seed_43/bandpass_n20003_cRA_LA_covariance_s15.npz,76380,4f5d86fd3768d121866979d78e5fa8480ba197b6cecee40532a99ec7b08bfe25
tcn,mixed,43,bandpass_n20003_cRA_LA_covariance_s10,phase2/results/predictions/full/mixed/tcn/seed_43/bandpass_n20003_cRA_LA_covariance_s10.npz,76311,061125b4ef3da5b71261c5d8057dcdd800af38f0f293e6555222103738491999
tcn,mixed,43,bandpass_n20003_cRA_LA_covariance_s5,phase2/results/predictions/full/mixed/tcn/seed_43/bandpass_n20003_cRA_LA_covariance_s5.npz,76116,8cab098972888dcb0689fc881fc973a311b7021808cb78f8268a6471a4a3e29c
tcn,mixed,43,bandpass_n20003_cRA_LA_covariance_s0,phase2/results/predictions/full/mixed/tcn/seed_43/bandpass_n20003_cRA_LA_covariance_s0.npz,75652,fe125fe47154c1f405c2ef199475abbf1bebf0e7e80957ee5bda6ecacbbbbc98
tcn,mixed,43,bandpass_n20003_cLA_LL_independent_rms_s20,phase2/results/predictions/full/mixed/tcn/seed_43/bandpass_n20003_cLA_LL_independent_rms_s20.npz,76369,f0a606b80b0061102cf94d8be5e81b2591f66b9d85f6a7bbaa2a2484a7cc23ec
tcn,mixed,43,bandpass_n20003_cLA_LL_independent_rms_s15,phase2/results/predictions/full/mixed/tcn/seed_43/bandpass_n20003_cLA_LL_independent_rms_s15.npz,76394,1511a288373e24e832c87768e97ee345d073158ba2c1bc36877ec812e485096e
tcn,mixed,43,bandpass_n20003_cLA_LL_independent_rms_s10,phase2/results/predictions/full/mixed/tcn/seed_43/bandpass_n20003_cLA_LL_independent_rms_s10.npz,76329,07dcad9915628d17bd4940c0b96859f7292bddb5d1b32ca5add7adedf92155db
tcn,mixed,43,bandpass_n20003_cLA_LL_independent_rms_s5,phase2/results/predictions/full/mixed/tcn/seed_43/bandpass_n20003_cLA_LL_independent_rms_s5.npz,76278,98875de5d11593148ca8ab8cc395bb1706dbb26af6212666ed60be5da8488271
tcn,mixed,43,bandpass_n20003_cLA_LL_independent_rms_s0,phase2/results/predictions/full/mixed/tcn/seed_43/bandpass_n20003_cLA_LL_independent_rms_s0.npz,76035,d9ed773cc715ab81ca5e593847aa91615c89ba8424c41438e2e3e9365f324012
tcn,mixed,43,bandpass_n20003_cLA_LL_electrode_s20,phase2/results/predictions/full/mixed/tcn/seed_43/bandpass_n20003_cLA_LL_electrode_s20.npz,76387,83e4010f7434834368f8a4203692093ade62613f1c8f72653260e31ea1eb3ac7
tcn,mixed,43,bandpass_n20003_cLA_LL_electrode_s15,phase2/results/predictions/full/mixed/tcn/seed_43/bandpass_n20003_cLA_LL_electrode_s15.npz,76359,48e0010f5d8f302e2b0aa46f004211f8dbb79333a84bafe6b9e53bb9b8e01974
tcn,mixed,43,bandpass_n20003_cLA_LL_electrode_s10,phase2/results/predictions/full/mixed/tcn/seed_43/bandpass_n20003_cLA_LL_electrode_s10.npz,76328,74309006666297167c3eae6c1ec770618ea4ff3f2e47b616247f236a8f57fe52
tcn,mixed,43,bandpass_n20003_cLA_LL_electrode_s5,phase2/results/predictions/full/mixed/tcn/seed_43/bandpass_n20003_cLA_LL_electrode_s5.npz,76178,49427718c6367e10c8cb7ca5ea572b083d402ab76c8e2b36f4a9f81d2b622228
tcn,mixed,43,bandpass_n20003_cLA_LL_electrode_s0,phase2/results/predictions/full/mixed/tcn/seed_43/bandpass_n20003_cLA_LL_electrode_s0.npz,75868,6a720b236af06bcc71b5466652d12c9c8feaf88d1b000c7a76a1fe08f2f87358
tcn,mixed,43,bandpass_n20003_cLA_LL_covariance_s20,phase2/results/predictions/full/mixed/tcn/seed_43/bandpass_n20003_cLA_LL_covariance_s20.npz,76384,1909227ae81f8aabada6797f1e8d0a433b71ca040f761ddf976ae7fb9147b2b0
tcn,mixed,43,bandpass_n20003_cLA_LL_covariance_s15,phase2/results/predictions/full/mixed/tcn/seed_43/bandpass_n20003_cLA_LL_covariance_s15.npz,76381,dbf29b11f4d0bad402edf73aae631644decdb5d63096a33f43fe5fa91105ddb6
tcn,mixed,43,bandpass_n20003_cLA_LL_covariance_s10,phase2/results/predictions/full/mixed/tcn/seed_43/bandpass_n20003_cLA_LL_covariance_s10.npz,76350,a7144c3dff9f038501d5a4f3c6f2f6c60e66678a3adb424b597dc5a60c181b9a
tcn,mixed,43,bandpass_n20003_cLA_LL_covariance_s5,phase2/results/predictions/full/mixed/tcn/seed_43/bandpass_n20003_cLA_LL_covariance_s5.npz,76197,111e11151e761fe425c68d7e3ac5064e39af283eddc1f5e4e6839840a9fe6e01
tcn,mixed,43,bandpass_n20003_cLA_LL_covariance_s0,phase2/results/predictions/full/mixed/tcn/seed_43/bandpass_n20003_cLA_LL_covariance_s0.npz,75848,18c8d5b08ae8e94d4843afee0bd74c8ee64cda0ba98838b357610ee2106923b1
tcn,mixed,43,bandpass_n20003_cRA_LL_independent_rms_s20,phase2/results/predictions/full/mixed/tcn/seed_43/bandpass_n20003_cRA_LL_independent_rms_s20.npz,76391,7778debbe0226a184c08588cc05b13f0edbdc48fd022e37702ac5275e5e12868
tcn,mixed,43,bandpass_n20003_cRA_LL_independent_rms_s15,phase2/results/predictions/full/mixed/tcn/seed_43/bandpass_n20003_cRA_LL_independent_rms_s15.npz,76398,9382969073909ed69b9a606f352a2eb0534babe30d9a9a69e62b2d44c4ca2f7e
tcn,mixed,43,bandpass_n20003_cRA_LL_independent_rms_s10,phase2/results/predictions/full/mixed/tcn/seed_43/bandpass_n20003_cRA_LL_independent_rms_s10.npz,76339,64d91e3c8fa2eb5145f86422a1de71078f080e56969ca33b98d4f0f7173064fb
tcn,mixed,43,bandpass_n20003_cRA_LL_independent_rms_s5,phase2/results/predictions/full/mixed/tcn/seed_43/bandpass_n20003_cRA_LL_independent_rms_s5.npz,76250,3bd7b21e7ea1965843ae29b8e5819035ab2993ee1312b45e3876f13237674a45
tcn,mixed,43,bandpass_n20003_cRA_LL_independent_rms_s0,phase2/results/predictions/full/mixed/tcn/seed_43/bandpass_n20003_cRA_LL_independent_rms_s0.npz,76036,01497f2566afa33c50716b091f380408e591c6e43076bcae1eb2ae80407b0415
tcn,mixed,43,bandpass_n20003_cRA_LL_electrode_s20,phase2/results/predictions/full/mixed/tcn/seed_43/bandpass_n20003_cRA_LL_electrode_s20.npz,76393,b49a2c2d24e6d5e2ad408627a68e264a7148e3a3b045be6663e81e9481ab48eb
tcn,mixed,43,bandpass_n20003_cRA_LL_electrode_s15,phase2/results/predictions/full/mixed/tcn/seed_43/bandpass_n20003_cRA_LL_electrode_s15.npz,76379,dfeac3024357a64818f689349c0c05408177db6eee33f64c6e9d4e838f16a800
tcn,mixed,43,bandpass_n20003_cRA_LL_electrode_s10,phase2/results/predictions/full/mixed/tcn/seed_43/bandpass_n20003_cRA_LL_electrode_s10.npz,76323,b5ef23e8214fdf86ae4b31e9754c5c0032d5856e69289fde9e25851bb5a8cb8d
tcn,mixed,43,bandpass_n20003_cRA_LL_electrode_s5,phase2/results/predictions/full/mixed/tcn/seed_43/bandpass_n20003_cRA_LL_electrode_s5.npz,76104,7d12d47e2bc1234eb82ce1fbc03da2836c7bd7217806dc37f89af34876ce4314
tcn,mixed,43,bandpass_n20003_cRA_LL_electrode_s0,phase2/results/predictions/full/mixed/tcn/seed_43/bandpass_n20003_cRA_LL_electrode_s0.npz,75681,4adc2f0c6a85699fc9b49383a7310385088bbe9666cbf29403ab03ee4d7537f1
tcn,mixed,43,bandpass_n20003_cRA_LL_covariance_s20,phase2/results/predictions/full/mixed/tcn/seed_43/bandpass_n20003_cRA_LL_covariance_s20.npz,76388,cf6ba324e95744790bdca109d7cbfd3ef59c9a19e339b02ef5488782831bebfb
tcn,mixed,43,bandpass_n20003_cRA_LL_covariance_s15,phase2/results/predictions/full/mixed/tcn/seed_43/bandpass_n20003_cRA_LL_covariance_s15.npz,76335,b8953394a56ecbd720890b8d662eabf3d7ce1366e938303d7bbe7e16ffd4e215
tcn,mixed,43,bandpass_n20003_cRA_LL_covariance_s10,phase2/results/predictions/full/mixed/tcn/seed_43/bandpass_n20003_cRA_LL_covariance_s10.npz,76289,671c27fa654c357083732c35952c088567ad561aad17ef9368f6f744ca3daef6
tcn,mixed,43,bandpass_n20003_cRA_LL_covariance_s5,phase2/results/predictions/full/mixed/tcn/seed_43/bandpass_n20003_cRA_LL_covariance_s5.npz,76121,05b2ff6c51ba980ef8b076d48c9459a4fe9df6f23063cc30023f071eb98ad811
tcn,mixed,43,bandpass_n20003_cRA_LL_covariance_s0,phase2/results/predictions/full/mixed/tcn/seed_43/bandpass_n20003_cRA_LL_covariance_s0.npz,75712,b505c1cb2c960c7a49b72aaf0d4150998a364bc2bfb6bd1f504182969223e2e4
tcn,mixed,43,bandpass_n20003_cRA_independent_rms_s20,phase2/results/predictions/full/mixed/tcn/seed_43/bandpass_n20003_cRA_independent_rms_s20.npz,76406,2e5e7dbb7aa9510cd6ffb4155b9d23bf659121f6fef01107033fae147e1bbda3
tcn,mixed,43,bandpass_n20003_cRA_independent_rms_s15,phase2/results/predictions/full/mixed/tcn/seed_43/bandpass_n20003_cRA_independent_rms_s15.npz,76417,0198f2ec4977b3151fcd690e41732332b87dffa5e4ba30196358e348773e9ddb
tcn,mixed,43,bandpass_n20003_cRA_independent_rms_s10,phase2/results/predictions/full/mixed/tcn/seed_43/bandpass_n20003_cRA_independent_rms_s10.npz,76370,ccf4647a049eec9bb07227eb66bb5b91f68a1ac0d246dda493a13e3ea997c466
tcn,mixed,43,bandpass_n20003_cRA_independent_rms_s5,phase2/results/predictions/full/mixed/tcn/seed_43/bandpass_n20003_cRA_independent_rms_s5.npz,76258,a080cef4c9fbd6b5e794df5581068a1fbc764ca290723322f83480ba7fa59dd1
tcn,mixed,43,bandpass_n20003_cRA_independent_rms_s0,phase2/results/predictions/full/mixed/tcn/seed_43/bandpass_n20003_cRA_independent_rms_s0.npz,76041,b1910f654f5d2acc6a6dcb5122a9fca8b106899f496c200cd6082d9611ebb9df
tcn,mixed,43,bandpass_n20003_cRA_electrode_s20,phase2/results/predictions/full/mixed/tcn/seed_43/bandpass_n20003_cRA_electrode_s20.npz,76358,a1426fa21123fe417070bef5c0165a733802c0b739f154c6cb15ebbde636b392
tcn,mixed,43,bandpass_n20003_cRA_electrode_s15,phase2/results/predictions/full/mixed/tcn/seed_43/bandpass_n20003_cRA_electrode_s15.npz,76357,5e1fb80f420907aa4f47cdf40dc59fff433a21ad4efa3456564911e31b3dbde3
tcn,mixed,43,bandpass_n20003_cRA_electrode_s10,phase2/results/predictions/full/mixed/tcn/seed_43/bandpass_n20003_cRA_electrode_s10.npz,76281,69166b43ee2e8d97aab5fc52b684030ccb4907320ce670befb9f92c1134ed183
tcn,mixed,43,bandpass_n20003_cRA_electrode_s5,phase2/results/predictions/full/mixed/tcn/seed_43/bandpass_n20003_cRA_electrode_s5.npz,76031,aecf0bcc3883027c3fe8fb9316fcb79e1f3bf75b5f4a9dc294650639553391c1
tcn,mixed,43,bandpass_n20003_cRA_electrode_s0,phase2/results/predictions/full/mixed/tcn/seed_43/bandpass_n20003_cRA_electrode_s0.npz,75490,2fd8f601421d8508d6a9094ea36023285b77750b8958900c4b70a79d7a728181
tcn,mixed,43,bandpass_n20003_cRA_covariance_s20,phase2/results/predictions/full/mixed/tcn/seed_43/bandpass_n20003_cRA_covariance_s20.npz,76383,6bf4ceb3f003173703e20f571dc5589f240200704aaeecf60ff4ef6c74947236
tcn,mixed,43,bandpass_n20003_cRA_covariance_s15,phase2/results/predictions/full/mixed/tcn/seed_43/bandpass_n20003_cRA_covariance_s15.npz,76357,407ecddac66a071c8400a826b26d4d78f28e87154550e4873a67c6ff3bfbcf12
tcn,mixed,43,bandpass_n20003_cRA_covariance_s10,phase2/results/predictions/full/mixed/tcn/seed_43/bandpass_n20003_cRA_covariance_s10.npz,76266,660f7a4e8a9bc4b23fbf55aaa28665710b1fee9bbee671beb1eb81ecfb7b2216
tcn,mixed,43,bandpass_n20003_cRA_covariance_s5,phase2/results/predictions/full/mixed/tcn/seed_43/bandpass_n20003_cRA_covariance_s5.npz,76078,6c417f54133be76dae631caebd02453b01f32424506b2f1128093e6a2ccbaacd
tcn,mixed,43,bandpass_n20003_cRA_covariance_s0,phase2/results/predictions/full/mixed/tcn/seed_43/bandpass_n20003_cRA_covariance_s0.npz,75505,3774344a1780d3dcee59fba04da0fb997905f2d603eba50d68e63a0986c3ef62
tcn,mixed,43,bandpass_n20003_cLA_independent_rms_s20,phase2/results/predictions/full/mixed/tcn/seed_43/bandpass_n20003_cLA_independent_rms_s20.npz,76384,cdfa6f582172066c2f1e841301cb0bb3b44d58eaf2c6f0a68b1b15574f8391d9
tcn,mixed,43,bandpass_n20003_cLA_independent_rms_s15,phase2/results/predictions/full/mixed/tcn/seed_43/bandpass_n20003_cLA_independent_rms_s15.npz,76395,5e263b196cd73e869fa4945ef28077f071fa0c4c2930bb328c036886a475323e
tcn,mixed,43,bandpass_n20003_cLA_independent_rms_s10,phase2/results/predictions/full/mixed/tcn/seed_43/bandpass_n20003_cLA_independent_rms_s10.npz,76368,48bfe7538947caf712b23f896f692d937c62bcea21d0d7675d7afd60035914dc
tcn,mixed,43,bandpass_n20003_cLA_independent_rms_s5,phase2/results/predictions/full/mixed/tcn/seed_43/bandpass_n20003_cLA_independent_rms_s5.npz,76242,0d138242cd26d4f1574222f49b16fdd771f127b1853b54ea8ab29481d69df372
tcn,mixed,43,bandpass_n20003_cLA_independent_rms_s0,phase2/results/predictions/full/mixed/tcn/seed_43/bandpass_n20003_cLA_independent_rms_s0.npz,76025,659f3f34c11541ba2af1731865450b5fd570132695be48590789975a65c789e1
tcn,mixed,43,bandpass_n20003_cLA_electrode_s20,phase2/results/predictions/full/mixed/tcn/seed_43/bandpass_n20003_cLA_electrode_s20.npz,76386,5e81424e0f66f6a9bdda667198f1143bf5f887043d023a116104760347888ea1
tcn,mixed,43,bandpass_n20003_cLA_electrode_s15,phase2/results/predictions/full/mixed/tcn/seed_43/bandpass_n20003_cLA_electrode_s15.npz,76363,e5acf269c601ad866bdba9731cd1b2c99a9945d2ca5f94c78e3d5f6b8cdd17dc
tcn,mixed,43,bandpass_n20003_cLA_electrode_s10,phase2/results/predictions/full/mixed/tcn/seed_43/bandpass_n20003_cLA_electrode_s10.npz,76327,0ba30c2adfe89057be5122c0427c3fec09ac5b50f4385f2ad9a3997acad28438
tcn,mixed,43,bandpass_n20003_cLA_electrode_s5,phase2/results/predictions/full/mixed/tcn/seed_43/bandpass_n20003_cLA_electrode_s5.npz,76184,0753743b75df24a39416208a0c4a6a75385706af093557de154b4073e99c1cc3
tcn,mixed,43,bandpass_n20003_cLA_electrode_s0,phase2/results/predictions/full/mixed/tcn/seed_43/bandpass_n20003_cLA_electrode_s0.npz,75851,8e5c3d7b30f1f5fb8e301458091960dfcd5b73b6c0dfd27209e9ab65fd7d4aef
tcn,mixed,43,bandpass_n20003_cLA_covariance_s20,phase2/results/predictions/full/mixed/tcn/seed_43/bandpass_n20003_cLA_covariance_s20.npz,76369,fd3385b1e5eb07ea65746b81e56d58a9c5acf53efb1212cce630bd44c0484f75
tcn,mixed,43,bandpass_n20003_cLA_covariance_s15,phase2/results/predictions/full/mixed/tcn/seed_43/bandpass_n20003_cLA_covariance_s15.npz,76354,4f7659810dcec4125c936579d6c6d224eec2b66bcf4b0625e2a79fd24a2df09b
tcn,mixed,43,bandpass_n20003_cLA_covariance_s10,phase2/results/predictions/full/mixed/tcn/seed_43/bandpass_n20003_cLA_covariance_s10.npz,76326,c9be82e5472f95e78c7690aa93c5efc32ae1cb8a2e378f03444be832ed5062b2
tcn,mixed,43,bandpass_n20003_cLA_covariance_s5,phase2/results/predictions/full/mixed/tcn/seed_43/bandpass_n20003_cLA_covariance_s5.npz,76180,4e8d0e64d3c56d1e88d187eafa0b8a90aa320ac0d2a935be968c55bf47a04447
tcn,mixed,43,bandpass_n20003_cLA_covariance_s0,phase2/results/predictions/full/mixed/tcn/seed_43/bandpass_n20003_cLA_covariance_s0.npz,75867,166a7a82bbfdcb5c4114e013a8e35eff7643f523962b6ea9bb0733df18edffe0
tcn,mixed,43,bandpass_n20003_cLL_independent_rms_s20,phase2/results/predictions/full/mixed/tcn/seed_43/bandpass_n20003_cLL_independent_rms_s20.npz,76401,ec8d4a3ea3e37ee993156d54678cfee3dead7c9062c4755ccf845853d3c0359b
tcn,mixed,43,bandpass_n20003_cLL_independent_rms_s15,phase2/results/predictions/full/mixed/tcn/seed_43/bandpass_n20003_cLL_independent_rms_s15.npz,76393,234ab9a2b621bb8c8f1757ee9b3459bbb10acb7d96bd4bce6dee08c407284235
tcn,mixed,43,bandpass_n20003_cLL_independent_rms_s10,phase2/results/predictions/full/mixed/tcn/seed_43/bandpass_n20003_cLL_independent_rms_s10.npz,76348,0da2e65ddf2169bb94786c3c7da813fdb6e8e1c141ee645a14cb3321d1673c8f
tcn,mixed,43,bandpass_n20003_cLL_independent_rms_s5,phase2/results/predictions/full/mixed/tcn/seed_43/bandpass_n20003_cLL_independent_rms_s5.npz,76275,4508290e416b7c8c25ae5a9409e8acf9e31728dad27ecd575d35ddbbc37cc015
tcn,mixed,43,bandpass_n20003_cLL_independent_rms_s0,phase2/results/predictions/full/mixed/tcn/seed_43/bandpass_n20003_cLL_independent_rms_s0.npz,76025,23c5a483cfa458e86255d6f32e6f95c0e608f285631fd5ac04ccdf422690b35b
tcn,mixed,43,bandpass_n20003_cLL_electrode_s20,phase2/results/predictions/full/mixed/tcn/seed_43/bandpass_n20003_cLL_electrode_s20.npz,76353,019e0511c3d95881830c008c8c648365eb484b3cca97128a75a38d3fbe10cd1e
tcn,mixed,43,bandpass_n20003_cLL_electrode_s15,phase2/results/predictions/full/mixed/tcn/seed_43/bandpass_n20003_cLL_electrode_s15.npz,76371,a9b8db934eb56c85f17a09a7c16b251e92c02f3999e299d4d85be3e49d0f4047
tcn,mixed,43,bandpass_n20003_cLL_electrode_s10,phase2/results/predictions/full/mixed/tcn/seed_43/bandpass_n20003_cLL_electrode_s10.npz,76306,565a1af97903dcc90301c497646cc7f77d97fbfcd41f32e3e5f1a8dbda01692c
tcn,mixed,43,bandpass_n20003_cLL_electrode_s5,phase2/results/predictions/full/mixed/tcn/seed_43/bandpass_n20003_cLL_electrode_s5.npz,76134,a17671eff7971a5b33e51094100725bf5bcf14570ac2779592aa854e7da039f8
tcn,mixed,43,bandpass_n20003_cLL_electrode_s0,phase2/results/predictions/full/mixed/tcn/seed_43/bandpass_n20003_cLL_electrode_s0.npz,75920,05b67d66a41533a04bef771544916310d1d4a2bfbb7fbca59d6cdac502876ef9
tcn,mixed,43,bandpass_n20003_cLL_covariance_s20,phase2/results/predictions/full/mixed/tcn/seed_43/bandpass_n20003_cLL_covariance_s20.npz,76385,a4a80e212c572488fe1b32a4fbbf75d2edd0438d87079217675054d63469d18f
tcn,mixed,43,bandpass_n20003_cLL_covariance_s15,phase2/results/predictions/full/mixed/tcn/seed_43/bandpass_n20003_cLL_covariance_s15.npz,76360,5d88e7e5d66a211dac1167094e2144fbd4a3ad00a465b9e82815a08ac940acbb
tcn,mixed,43,bandpass_n20003_cLL_covariance_s10,phase2/results/predictions/full/mixed/tcn/seed_43/bandpass_n20003_cLL_covariance_s10.npz,76320,7aaa1ddd622339e04ff3581ebf6ba57b409ed051460199821e04cdcefc64f8f3
tcn,mixed,43,bandpass_n20003_cLL_covariance_s5,phase2/results/predictions/full/mixed/tcn/seed_43/bandpass_n20003_cLL_covariance_s5.npz,76164,7bf986fb5edca8ba18980d8c3aecbf0e6b917d14d238d8512bd602521ed2eba0
tcn,mixed,43,bandpass_n20003_cLL_covariance_s0,phase2/results/predictions/full/mixed/tcn/seed_43/bandpass_n20003_cLL_covariance_s0.npz,75911,c53bc1debfb3d53c9c28103dec1ee8ebe195520fdc684a74274c45407da3f0ea
tcn,mixed,43,bandpass_n20003_cRA_V1_independent_rms_s20,phase2/results/predictions/full/mixed/tcn/seed_43/bandpass_n20003_cRA_V1_independent_rms_s20.npz,76392,a68c3366fadb3fbbba9833b3fe23c2034130bcac5e4e04f814fe9718a79dbb99
tcn,mixed,43,bandpass_n20003_cRA_V1_independent_rms_s15,phase2/results/predictions/full/mixed/tcn/seed_43/bandpass_n20003_cRA_V1_independent_rms_s15.npz,76393,403df8a24cda8a8eff44dc67492bc9b2405d4a12ca04f203d8533ed90b7ca6c4
tcn,mixed,43,bandpass_n20003_cRA_V1_independent_rms_s10,phase2/results/predictions/full/mixed/tcn/seed_43/bandpass_n20003_cRA_V1_independent_rms_s10.npz,76343,36cfb5fafa8788cfc0674e1104807b4ab4b676c0e8b88800bbeeeaeef639a64c
tcn,mixed,43,bandpass_n20003_cRA_V1_independent_rms_s5,phase2/results/predictions/full/mixed/tcn/seed_43/bandpass_n20003_cRA_V1_independent_rms_s5.npz,76287,e848c6becf008237dca89b0fd6fc3a159663fe560de6a18b94db6c59cab962f1
tcn,mixed,43,bandpass_n20003_cRA_V1_independent_rms_s0,phase2/results/predictions/full/mixed/tcn/seed_43/bandpass_n20003_cRA_V1_independent_rms_s0.npz,76052,2a359f720ee623336874ba84cb9bc1b0f92c05efb2125aa1bde8a0d4d8f88eea
tcn,mixed,43,bandpass_n20003_cRA_V1_electrode_s20,phase2/results/predictions/full/mixed/tcn/seed_43/bandpass_n20003_cRA_V1_electrode_s20.npz,76374,fd3f71072e00dfc4683324bff0e9ae3b15bbf6f92748a59b7cee88b11315e702
tcn,mixed,43,bandpass_n20003_cRA_V1_electrode_s15,phase2/results/predictions/full/mixed/tcn/seed_43/bandpass_n20003_cRA_V1_electrode_s15.npz,76375,353fdc1fef30a03dc14196967020d26ec1f4c963bffef830e8c355dff6dd7617
tcn,mixed,43,bandpass_n20003_cRA_V1_electrode_s10,phase2/results/predictions/full/mixed/tcn/seed_43/bandpass_n20003_cRA_V1_electrode_s10.npz,76266,54968dce4769f3b62cf7b7825b043a672aa3d8d18545fffe71988775c89a7eaf
tcn,mixed,43,bandpass_n20003_cRA_V1_electrode_s5,phase2/results/predictions/full/mixed/tcn/seed_43/bandpass_n20003_cRA_V1_electrode_s5.npz,76065,6006d9c4e70f68f8ef589eb9de81b199c9d7a679357f252313d1823d13ac24ad
tcn,mixed,43,bandpass_n20003_cRA_V1_electrode_s0,phase2/results/predictions/full/mixed/tcn/seed_43/bandpass_n20003_cRA_V1_electrode_s0.npz,75576,15cb6abb47ccea47a0e76b32fe531584fe635e5f06c4deff6367f8985c04a863
tcn,mixed,43,bandpass_n20003_cRA_V1_covariance_s20,phase2/results/predictions/full/mixed/tcn/seed_43/bandpass_n20003_cRA_V1_covariance_s20.npz,76383,b50a455e96352324b1714c667a47aaf75e80d611af4444cbc946dc2fd3a21b1d
tcn,mixed,43,bandpass_n20003_cRA_V1_covariance_s15,phase2/results/predictions/full/mixed/tcn/seed_43/bandpass_n20003_cRA_V1_covariance_s15.npz,76374,78bd61ad1604ea22d7a4f5edba485b30fde0e7357b3647ad5c2d93eebc548bac
tcn,mixed,43,bandpass_n20003_cRA_V1_covariance_s10,phase2/results/predictions/full/mixed/tcn/seed_43/bandpass_n20003_cRA_V1_covariance_s10.npz,76303,2dd32ddf7edb9e44586827afdaeb15457a732809c65750ad2a13d94a28f0301e
tcn,mixed,43,bandpass_n20003_cRA_V1_covariance_s5,phase2/results/predictions/full/mixed/tcn/seed_43/bandpass_n20003_cRA_V1_covariance_s5.npz,76063,8d315bdfe6353c207d5ab4b79588db26f672a8b796c2b095a5c179e9ff224a1c
tcn,mixed,43,bandpass_n20003_cRA_V1_covariance_s0,phase2/results/predictions/full/mixed/tcn/seed_43/bandpass_n20003_cRA_V1_covariance_s0.npz,75586,6f3e32ffe5f22221ac7aa02a45886d954a99e1165b7471e131f1d9750842880d
tcn,mixed,43,bandpass_n20003_cLA_V6_independent_rms_s20,phase2/results/predictions/full/mixed/tcn/seed_43/bandpass_n20003_cLA_V6_independent_rms_s20.npz,76407,3d39a4d5861a69bf15ba3afc8429dd8fd9eb4fd3971b237507902479b0b61975
tcn,mixed,43,bandpass_n20003_cLA_V6_independent_rms_s15,phase2/results/predictions/full/mixed/tcn/seed_43/bandpass_n20003_cLA_V6_independent_rms_s15.npz,76429,c38f919bda2b0e7fc13f6786e045f48c65bcbdedbc5572624349e2624928275d
tcn,mixed,43,bandpass_n20003_cLA_V6_independent_rms_s10,phase2/results/predictions/full/mixed/tcn/seed_43/bandpass_n20003_cLA_V6_independent_rms_s10.npz,76362,e11f66531a216fbdb9d9ce90908242d11be9626c5bc0796e560d37edb103b2f0
tcn,mixed,43,bandpass_n20003_cLA_V6_independent_rms_s5,phase2/results/predictions/full/mixed/tcn/seed_43/bandpass_n20003_cLA_V6_independent_rms_s5.npz,76270,40efe8b34bda76d2797cf9a8b6d5dd51f2a823a728ecba02fd5173550e0d2d77
tcn,mixed,43,bandpass_n20003_cLA_V6_independent_rms_s0,phase2/results/predictions/full/mixed/tcn/seed_43/bandpass_n20003_cLA_V6_independent_rms_s0.npz,76006,aedd7753d475ea22cc30e55654c73bcb9ee83aa4725fead48e7b8f9006fb6cfc
tcn,mixed,43,bandpass_n20003_cLA_V6_electrode_s20,phase2/results/predictions/full/mixed/tcn/seed_43/bandpass_n20003_cLA_V6_electrode_s20.npz,76396,609dcb0018684b948b41434a1dc383a590f83b487e23bd239c463487aceeff15
tcn,mixed,43,bandpass_n20003_cLA_V6_electrode_s15,phase2/results/predictions/full/mixed/tcn/seed_43/bandpass_n20003_cLA_V6_electrode_s15.npz,76373,13c9003423201718abedaf87d8e32a7b60a55be6deee219535379867a0da5f86
tcn,mixed,43,bandpass_n20003_cLA_V6_electrode_s10,phase2/results/predictions/full/mixed/tcn/seed_43/bandpass_n20003_cLA_V6_electrode_s10.npz,76321,393f0dea3233d6bf23f352ef21110db4ff810c47597fd74e68263f8baf02ab86
tcn,mixed,43,bandpass_n20003_cLA_V6_electrode_s5,phase2/results/predictions/full/mixed/tcn/seed_43/bandpass_n20003_cLA_V6_electrode_s5.npz,76233,9fcabd245f7c7ca2b35cc67e030d4aff73f515f8584f85d65869124175a5f6b5
tcn,mixed,43,bandpass_n20003_cLA_V6_electrode_s0,phase2/results/predictions/full/mixed/tcn/seed_43/bandpass_n20003_cLA_V6_electrode_s0.npz,75920,af9c5792951a202a83462100bfbb41160e8c83aaf7d25a864335e9a349b1ca0e
tcn,mixed,43,bandpass_n20003_cLA_V6_covariance_s20,phase2/results/predictions/full/mixed/tcn/seed_43/bandpass_n20003_cLA_V6_covariance_s20.npz,76387,51b5543c5e4db5e9eec90983aa001b0f60e3d744bff620c571f3690ec16adf8c
tcn,mixed,43,bandpass_n20003_cLA_V6_covariance_s15,phase2/results/predictions/full/mixed/tcn/seed_43/bandpass_n20003_cLA_V6_covariance_s15.npz,76390,7a6457fa02225d3a355d6354b65271595cd14b6ff119487189cadfa37a472968
tcn,mixed,43,bandpass_n20003_cLA_V6_covariance_s10,phase2/results/predictions/full/mixed/tcn/seed_43/bandpass_n20003_cLA_V6_covariance_s10.npz,76362,a85516c4c90665eff7ff4eaa625dc45f39087c94ab16c78414758134c9037925
tcn,mixed,43,bandpass_n20003_cLA_V6_covariance_s5,phase2/results/predictions/full/mixed/tcn/seed_43/bandpass_n20003_cLA_V6_covariance_s5.npz,76224,9c865444672fe63092b70882b3b2f5b4c62891c4c05d4f68b56ced94544e2173
tcn,mixed,43,bandpass_n20003_cLA_V6_covariance_s0,phase2/results/predictions/full/mixed/tcn/seed_43/bandpass_n20003_cLA_V6_covariance_s0.npz,75884,ce0180e0d0d0151758c12425aead22b495d6c2c9180635267be2575d09a8b824
tcn,mixed,43,bandpass_n20003_cLL_V4_independent_rms_s20,phase2/results/predictions/full/mixed/tcn/seed_43/bandpass_n20003_cLL_V4_independent_rms_s20.npz,76406,98fd63329fde5f4e5a63715a20d03aad381ff3a79657bcf1d8e433e8c34e4ffd
tcn,mixed,43,bandpass_n20003_cLL_V4_independent_rms_s15,phase2/results/predictions/full/mixed/tcn/seed_43/bandpass_n20003_cLL_V4_independent_rms_s15.npz,76407,6086fd99bd1e848e9f21b93eac618280e10df2558210618fd9fc6cf0d280419d
tcn,mixed,43,bandpass_n20003_cLL_V4_independent_rms_s10,phase2/results/predictions/full/mixed/tcn/seed_43/bandpass_n20003_cLL_V4_independent_rms_s10.npz,76356,80d608664994f38f7ebb58ebec5ae6a1d866eb6e102c572ae22e7d24d653077f
tcn,mixed,43,bandpass_n20003_cLL_V4_independent_rms_s5,phase2/results/predictions/full/mixed/tcn/seed_43/bandpass_n20003_cLL_V4_independent_rms_s5.npz,76276,02677675b931a09b31386b92f642a8de0bc28e5cbd47bc3b787d29e3457689dc
tcn,mixed,43,bandpass_n20003_cLL_V4_independent_rms_s0,phase2/results/predictions/full/mixed/tcn/seed_43/bandpass_n20003_cLL_V4_independent_rms_s0.npz,76065,78b461d6647782e22872325713f0befd99c3598ae2cc4d838215e01676ecfdf6
tcn,mixed,43,bandpass_n20003_cLL_V4_electrode_s20,phase2/results/predictions/full/mixed/tcn/seed_43/bandpass_n20003_cLL_V4_electrode_s20.npz,76402,d22f7d59d8eeac219e04b0e198afef2fa5a1c38d6163d3bbe345fb8562570dfe
tcn,mixed,43,bandpass_n20003_cLL_V4_electrode_s15,phase2/results/predictions/full/mixed/tcn/seed_43/bandpass_n20003_cLL_V4_electrode_s15.npz,76365,7c1e1885e5f1e8e0f5f28da6c066423c5b8fe319721745d068cecc012940a746
tcn,mixed,43,bandpass_n20003_cLL_V4_electrode_s10,phase2/results/predictions/full/mixed/tcn/seed_43/bandpass_n20003_cLL_V4_electrode_s10.npz,76328,8598c47cbf6ab986a7271a160c6288bb6042a062ac32f5b566118e878be67f02
tcn,mixed,43,bandpass_n20003_cLL_V4_electrode_s5,phase2/results/predictions/full/mixed/tcn/seed_43/bandpass_n20003_cLL_V4_electrode_s5.npz,76201,390923aa25354a74a89d89d213a06d227e367be9235fb930acc38b907df90957
tcn,mixed,43,bandpass_n20003_cLL_V4_electrode_s0,phase2/results/predictions/full/mixed/tcn/seed_43/bandpass_n20003_cLL_V4_electrode_s0.npz,75946,1fdfb128d1fcb33ac402f715e814d66dbf6c653e113c3af42c8589b31c6bb80d
tcn,mixed,43,bandpass_n20003_cLL_V4_covariance_s20,phase2/results/predictions/full/mixed/tcn/seed_43/bandpass_n20003_cLL_V4_covariance_s20.npz,76388,1cc1e37657cb61aa88cb95e308540c608f7f28ccb3f974a343ce9c87fa22b683
tcn,mixed,43,bandpass_n20003_cLL_V4_covariance_s15,phase2/results/predictions/full/mixed/tcn/seed_43/bandpass_n20003_cLL_V4_covariance_s15.npz,76409,6e874b04eecbb3c8869ee1ebaacdcced98a86e1887dc8eeab920bc62453cd3e6
tcn,mixed,43,bandpass_n20003_cLL_V4_covariance_s10,phase2/results/predictions/full/mixed/tcn/seed_43/bandpass_n20003_cLL_V4_covariance_s10.npz,76340,e6a572a9422d833f8145e5d1e6676068c2161d4e794a37c7fd35d77b153bdb8c
tcn,mixed,43,bandpass_n20003_cLL_V4_covariance_s5,phase2/results/predictions/full/mixed/tcn/seed_43/bandpass_n20003_cLL_V4_covariance_s5.npz,76192,c162db23ad7e8ed5336b17260f95ee4a3cd54b0de97d7ff053c2ce5fd2f731be
tcn,mixed,43,bandpass_n20003_cLL_V4_covariance_s0,phase2/results/predictions/full/mixed/tcn/seed_43/bandpass_n20003_cLL_V4_covariance_s0.npz,75945,91abb410ffa73ca1a6c3c5465c500326f2b3153af55f15a479f2d5a61ce3847c
tcn,mixed,43,bandpass_n20003_cRA_LA_V1_V6_independent_rms_s20,phase2/results/predictions/full/mixed/tcn/seed_43/bandpass_n20003_cRA_LA_V1_V6_independent_rms_s20.npz,76400,638ceba2b17d9d6b5090203e38808fa653f47ea03b5d686604e775e57661f1af
tcn,mixed,43,bandpass_n20003_cRA_LA_V1_V6_independent_rms_s15,phase2/results/predictions/full/mixed/tcn/seed_43/bandpass_n20003_cRA_LA_V1_V6_independent_rms_s15.npz,76421,683857d2046fd6ca30111b1504190a2f9882459c66b8c9ecfccc616702c37a22
tcn,mixed,43,bandpass_n20003_cRA_LA_V1_V6_independent_rms_s10,phase2/results/predictions/full/mixed/tcn/seed_43/bandpass_n20003_cRA_LA_V1_V6_independent_rms_s10.npz,76375,335606371ba6221cecb90e5cae9f91b39049a671f29d4584a9916493f5ebe3f0
tcn,mixed,43,bandpass_n20003_cRA_LA_V1_V6_independent_rms_s5,phase2/results/predictions/full/mixed/tcn/seed_43/bandpass_n20003_cRA_LA_V1_V6_independent_rms_s5.npz,76315,7ab5c5cc50c37f56a3f3656a5ac3b06dda8ea75379d42a99ea6046c296af4b49
tcn,mixed,43,bandpass_n20003_cRA_LA_V1_V6_independent_rms_s0,phase2/results/predictions/full/mixed/tcn/seed_43/bandpass_n20003_cRA_LA_V1_V6_independent_rms_s0.npz,76087,314db370bca2edafdb8284482f41294797c01da3935a956cf80bfde0906ceaf7
tcn,mixed,43,bandpass_n20003_cRA_LA_V1_V6_electrode_s20,phase2/results/predictions/full/mixed/tcn/seed_43/bandpass_n20003_cRA_LA_V1_V6_electrode_s20.npz,76401,23b1c86be0cd8d73205639da5dfb184e7b4058a0d7be84b7aba950b4ee9e3321
tcn,mixed,43,bandpass_n20003_cRA_LA_V1_V6_electrode_s15,phase2/results/predictions/full/mixed/tcn/seed_43/bandpass_n20003_cRA_LA_V1_V6_electrode_s15.npz,76355,2accd4b199dac726e8529d956e40bdfc7223c85815ef5f640872cba12fdc7911
tcn,mixed,43,bandpass_n20003_cRA_LA_V1_V6_electrode_s10,phase2/results/predictions/full/mixed/tcn/seed_43/bandpass_n20003_cRA_LA_V1_V6_electrode_s10.npz,76298,20486ea1800091b9bba7e2110814717575fc6e2024ec967146f60faa9ab119a8
tcn,mixed,43,bandpass_n20003_cRA_LA_V1_V6_electrode_s5,phase2/results/predictions/full/mixed/tcn/seed_43/bandpass_n20003_cRA_LA_V1_V6_electrode_s5.npz,76183,5f145363981f3ad2362b8064e333e722e764b054f31dea07037f1810567481db
tcn,mixed,43,bandpass_n20003_cRA_LA_V1_V6_electrode_s0,phase2/results/predictions/full/mixed/tcn/seed_43/bandpass_n20003_cRA_LA_V1_V6_electrode_s0.npz,75762,0329bf31246c1945c8656f3c86edb0c9a4411d466c90750a390245e76d1e2d8d
tcn,mixed,43,bandpass_n20003_cRA_LA_V1_V6_covariance_s20,phase2/results/predictions/full/mixed/tcn/seed_43/bandpass_n20003_cRA_LA_V1_V6_covariance_s20.npz,76373,0c79b7772a38b726b4efe244cb07f096bc7b756e21ceee8ff1fef3fa3f59eacc
tcn,mixed,43,bandpass_n20003_cRA_LA_V1_V6_covariance_s15,phase2/results/predictions/full/mixed/tcn/seed_43/bandpass_n20003_cRA_LA_V1_V6_covariance_s15.npz,76389,43d59084fd91688b5308a14cd7638e27625bc2efc84c2dcb3cdf197b71fdc57b
tcn,mixed,43,bandpass_n20003_cRA_LA_V1_V6_covariance_s10,phase2/results/predictions/full/mixed/tcn/seed_43/bandpass_n20003_cRA_LA_V1_V6_covariance_s10.npz,76330,792c9e556a2578f56fb129e1301a59def3208b92ac5ca94e8433ce5eb2c57c6e
tcn,mixed,43,bandpass_n20003_cRA_LA_V1_V6_covariance_s5,phase2/results/predictions/full/mixed/tcn/seed_43/bandpass_n20003_cRA_LA_V1_V6_covariance_s5.npz,76127,d766754a2d693f3f5059671d46f892a6e19bbeaa93d2655bd340b3efa97518e5
tcn,mixed,43,bandpass_n20003_cRA_LA_V1_V6_covariance_s0,phase2/results/predictions/full/mixed/tcn/seed_43/bandpass_n20003_cRA_LA_V1_V6_covariance_s0.npz,75772,22f4c81799e5dc6408487922b09a9057c83fac25dd99f7dc599b5ef7889b2b10
tcn,mixed,43,bandpass_n20003_cRA_V2_V5_independent_rms_s20,phase2/results/predictions/full/mixed/tcn/seed_43/bandpass_n20003_cRA_V2_V5_independent_rms_s20.npz,76451,4a1a1bc4d3ec79667f80bce1e05f3044755fbd0765de3b17c9765de9ad9fe93f
tcn,mixed,43,bandpass_n20003_cRA_V2_V5_independent_rms_s15,phase2/results/predictions/full/mixed/tcn/seed_43/bandpass_n20003_cRA_V2_V5_independent_rms_s15.npz,76408,882d5f56598232ef32404e8ed0632361dc56f9d7928661f2dcb7f7e64de71ab3
tcn,mixed,43,bandpass_n20003_cRA_V2_V5_independent_rms_s10,phase2/results/predictions/full/mixed/tcn/seed_43/bandpass_n20003_cRA_V2_V5_independent_rms_s10.npz,76354,77aac05d4b90a3cef49318e8933854796b7c700cbef5f39b8d6e8994c654a9bf
tcn,mixed,43,bandpass_n20003_cRA_V2_V5_independent_rms_s5,phase2/results/predictions/full/mixed/tcn/seed_43/bandpass_n20003_cRA_V2_V5_independent_rms_s5.npz,76320,263c27efa0579dd8a53aa7ba0e0206729a222555f5f3ee583875c13b9fbb42bb
tcn,mixed,43,bandpass_n20003_cRA_V2_V5_independent_rms_s0,phase2/results/predictions/full/mixed/tcn/seed_43/bandpass_n20003_cRA_V2_V5_independent_rms_s0.npz,76035,0055bf373f497f8de9fe0b94a8eda11ff6e64b583c55527229eb2bc9de2455a4
tcn,mixed,43,bandpass_n20003_cRA_V2_V5_electrode_s20,phase2/results/predictions/full/mixed/tcn/seed_43/bandpass_n20003_cRA_V2_V5_electrode_s20.npz,76399,efd56bbce1348aa4dfae080a15b0573f1bfa3d557e56509545d75e118479fda0
tcn,mixed,43,bandpass_n20003_cRA_V2_V5_electrode_s15,phase2/results/predictions/full/mixed/tcn/seed_43/bandpass_n20003_cRA_V2_V5_electrode_s15.npz,76374,8cd9e44080c68869c0cf6746efc89784b4f43e4ee4e908695551f45737685551
tcn,mixed,43,bandpass_n20003_cRA_V2_V5_electrode_s10,phase2/results/predictions/full/mixed/tcn/seed_43/bandpass_n20003_cRA_V2_V5_electrode_s10.npz,76321,112e8e0ea6a762b67231650db7e03a70059b14ab85d3e3e576dfca87cb734660
tcn,mixed,43,bandpass_n20003_cRA_V2_V5_electrode_s5,phase2/results/predictions/full/mixed/tcn/seed_43/bandpass_n20003_cRA_V2_V5_electrode_s5.npz,76138,201f686a346824e8d5050ef3286c3b3b83a8c6016d9a66da5ece3b73dd1b7496
tcn,mixed,43,bandpass_n20003_cRA_V2_V5_electrode_s0,phase2/results/predictions/full/mixed/tcn/seed_43/bandpass_n20003_cRA_V2_V5_electrode_s0.npz,75732,9d6ad3142cb4909c43a052c2263e1d5a957b75179e9a55a3b903c9f97b56fab6
tcn,mixed,43,bandpass_n20003_cRA_V2_V5_covariance_s20,phase2/results/predictions/full/mixed/tcn/seed_43/bandpass_n20003_cRA_V2_V5_covariance_s20.npz,76426,5bd99a7f1dc1c453f64af46942670d6c8b9e2607bb02f06fdcea65b1daebf699
tcn,mixed,43,bandpass_n20003_cRA_V2_V5_covariance_s15,phase2/results/predictions/full/mixed/tcn/seed_43/bandpass_n20003_cRA_V2_V5_covariance_s15.npz,76346,77a2a70b0e5a9983bc8095b96dc009ee56be5ad99cb8b87c03446ff59c7bca84
tcn,mixed,43,bandpass_n20003_cRA_V2_V5_covariance_s10,phase2/results/predictions/full/mixed/tcn/seed_43/bandpass_n20003_cRA_V2_V5_covariance_s10.npz,76311,19818bb8278b77f5730fdb27db09782c9b4b0e2533a64a9744a34b7ac3d21e8d
tcn,mixed,43,bandpass_n20003_cRA_V2_V5_covariance_s5,phase2/results/predictions/full/mixed/tcn/seed_43/bandpass_n20003_cRA_V2_V5_covariance_s5.npz,76154,55679eb166e58d199e27d320b49c390f6bc347024b2dbc70f3f3e3cf9be804f3
tcn,mixed,43,bandpass_n20003_cRA_V2_V5_covariance_s0,phase2/results/predictions/full/mixed/tcn/seed_43/bandpass_n20003_cRA_V2_V5_covariance_s0.npz,75707,a427a5f899fdf3c0c94b119897f4ac0bc92fe7499a39e446b5d80b8db1a65372
tcn,mixed,43,bandpass_n20003_cLA_V3_V6_independent_rms_s20,phase2/results/predictions/full/mixed/tcn/seed_43/bandpass_n20003_cLA_V3_V6_independent_rms_s20.npz,76424,ec6e9b27303c8f411ffe95a3cd2c69d2996c7b62a4234eba4ddc37f01382d96f
tcn,mixed,43,bandpass_n20003_cLA_V3_V6_independent_rms_s15,phase2/results/predictions/full/mixed/tcn/seed_43/bandpass_n20003_cLA_V3_V6_independent_rms_s15.npz,76406,2037fb68dc71b51308eb74818ea6de89215f59d3f567b8bf22053c12da1623a0
tcn,mixed,43,bandpass_n20003_cLA_V3_V6_independent_rms_s10,phase2/results/predictions/full/mixed/tcn/seed_43/bandpass_n20003_cLA_V3_V6_independent_rms_s10.npz,76382,001ca5945cc94b8ea60611b738f013bd5a17888003147a517c7ffdf0ff0ef3ee
tcn,mixed,43,bandpass_n20003_cLA_V3_V6_independent_rms_s5,phase2/results/predictions/full/mixed/tcn/seed_43/bandpass_n20003_cLA_V3_V6_independent_rms_s5.npz,76261,887c685524e593371fea8f09b9eb10af04e42aa753ed30e156e04007288d7757
tcn,mixed,43,bandpass_n20003_cLA_V3_V6_independent_rms_s0,phase2/results/predictions/full/mixed/tcn/seed_43/bandpass_n20003_cLA_V3_V6_independent_rms_s0.npz,76085,da6e8afd495495331d5d6369389bc517e41aa66353e690ed430d7366a6534579
tcn,mixed,43,bandpass_n20003_cLA_V3_V6_electrode_s20,phase2/results/predictions/full/mixed/tcn/seed_43/bandpass_n20003_cLA_V3_V6_electrode_s20.npz,76393,7030fa25473a2fff2170d36e12c998914fced63cf69b3f4bbe86e70c8fa88620
tcn,mixed,43,bandpass_n20003_cLA_V3_V6_electrode_s15,phase2/results/predictions/full/mixed/tcn/seed_43/bandpass_n20003_cLA_V3_V6_electrode_s15.npz,76379,9fbccfc9a984bc78035e1674635f8f3103d11daa3d5780229e74a94cc7883b77
tcn,mixed,43,bandpass_n20003_cLA_V3_V6_electrode_s10,phase2/results/predictions/full/mixed/tcn/seed_43/bandpass_n20003_cLA_V3_V6_electrode_s10.npz,76360,ec74c2babf675a204c7bb4b35c4774c6ef2a1aa9e712377df73b008af9f2a276
tcn,mixed,43,bandpass_n20003_cLA_V3_V6_electrode_s5,phase2/results/predictions/full/mixed/tcn/seed_43/bandpass_n20003_cLA_V3_V6_electrode_s5.npz,76223,764aeb82c5c7fadbbc9839c020e8efb9ca902f8ec0700b76497add985911e5e3
tcn,mixed,43,bandpass_n20003_cLA_V3_V6_electrode_s0,phase2/results/predictions/full/mixed/tcn/seed_43/bandpass_n20003_cLA_V3_V6_electrode_s0.npz,75956,5ad7c3a972e93d14651504686e1072b5bdbc07499f9b36ed25a2fe808669d84a
tcn,mixed,43,bandpass_n20003_cLA_V3_V6_covariance_s20,phase2/results/predictions/full/mixed/tcn/seed_43/bandpass_n20003_cLA_V3_V6_covariance_s20.npz,76413,60ca29815e174cee9e12d2589c57e6a9181d9388d702829611b40f6c45266b73
tcn,mixed,43,bandpass_n20003_cLA_V3_V6_covariance_s15,phase2/results/predictions/full/mixed/tcn/seed_43/bandpass_n20003_cLA_V3_V6_covariance_s15.npz,76403,220f43cbfe2c56cbc52acd68a22fec0fa304b87ffd84a7565b6ba62a5e4c89ed
tcn,mixed,43,bandpass_n20003_cLA_V3_V6_covariance_s10,phase2/results/predictions/full/mixed/tcn/seed_43/bandpass_n20003_cLA_V3_V6_covariance_s10.npz,76366,0d62d81ac3157992805b71cf103223c910abbefe35605365f8ad97fe4aa5ba0f
tcn,mixed,43,bandpass_n20003_cLA_V3_V6_covariance_s5,phase2/results/predictions/full/mixed/tcn/seed_43/bandpass_n20003_cLA_V3_V6_covariance_s5.npz,76230,faea8aee901a5a6d98915e0b7cfba95b7e4f0e83d4f8623b5b08afb61b851ed7
tcn,mixed,43,bandpass_n20003_cLA_V3_V6_covariance_s0,phase2/results/predictions/full/mixed/tcn/seed_43/bandpass_n20003_cLA_V3_V6_covariance_s0.npz,75953,a340d2d86e2408d9a598c0f4af6f3ad9e140aac889c925d3f6155112ac5f33bc
tcn,mixed,43,bandpass_n20003_cLL_V1_V4_independent_rms_s20,phase2/results/predictions/full/mixed/tcn/seed_43/bandpass_n20003_cLL_V1_V4_independent_rms_s20.npz,76411,577e540f868cf8a8d9053c4c8c91f4f089f3080c1bc5cabc810540039f7a960f
tcn,mixed,43,bandpass_n20003_cLL_V1_V4_independent_rms_s15,phase2/results/predictions/full/mixed/tcn/seed_43/bandpass_n20003_cLL_V1_V4_independent_rms_s15.npz,76386,6a5567489a530b89e091d317cbf6c2c69ef422cc598f022fc1d5cf0d1425f157
tcn,mixed,43,bandpass_n20003_cLL_V1_V4_independent_rms_s10,phase2/results/predictions/full/mixed/tcn/seed_43/bandpass_n20003_cLL_V1_V4_independent_rms_s10.npz,76374,26e8d9b8527ddcc9c3ac417006ade1c4bbde1c59264c736c0e8ef78de1713c23
tcn,mixed,43,bandpass_n20003_cLL_V1_V4_independent_rms_s5,phase2/results/predictions/full/mixed/tcn/seed_43/bandpass_n20003_cLL_V1_V4_independent_rms_s5.npz,76279,bfa3f1c1e1ae743f7506cb2fe222d8698c2a61b22409c25112a507b852d0a206
tcn,mixed,43,bandpass_n20003_cLL_V1_V4_independent_rms_s0,phase2/results/predictions/full/mixed/tcn/seed_43/bandpass_n20003_cLL_V1_V4_independent_rms_s0.npz,76057,78b0a0a092c88452a154a14744783f649d1112001fc7b5a56b47cd3b60a01768
tcn,mixed,43,bandpass_n20003_cLL_V1_V4_electrode_s20,phase2/results/predictions/full/mixed/tcn/seed_43/bandpass_n20003_cLL_V1_V4_electrode_s20.npz,76370,83c4a537bf5221fc89f8c1d6c2a6499b783195c6f936d8b902f6c7b42c0661c4
tcn,mixed,43,bandpass_n20003_cLL_V1_V4_electrode_s15,phase2/results/predictions/full/mixed/tcn/seed_43/bandpass_n20003_cLL_V1_V4_electrode_s15.npz,76384,cb0e69532af8543f96422ba127b4ea71b8309bd3dc901c0f031f47df36fe0655
tcn,mixed,43,bandpass_n20003_cLL_V1_V4_electrode_s10,phase2/results/predictions/full/mixed/tcn/seed_43/bandpass_n20003_cLL_V1_V4_electrode_s10.npz,76328,aaafa575e989bf71736e863b48af140a994b21ed01c8830bb2ba5ec3095467da
tcn,mixed,43,bandpass_n20003_cLL_V1_V4_electrode_s5,phase2/results/predictions/full/mixed/tcn/seed_43/bandpass_n20003_cLL_V1_V4_electrode_s5.npz,76199,e95e17a8af6f72216893992ca68bd771a8fe5fb4374fa48d2edb4d3ed66e8f1e
tcn,mixed,43,bandpass_n20003_cLL_V1_V4_electrode_s0,phase2/results/predictions/full/mixed/tcn/seed_43/bandpass_n20003_cLL_V1_V4_electrode_s0.npz,75941,5f8556d7e8492db803c65fb61db761e2655c5b410909f766f0d908b259197659
tcn,mixed,43,bandpass_n20003_cLL_V1_V4_covariance_s20,phase2/results/predictions/full/mixed/tcn/seed_43/bandpass_n20003_cLL_V1_V4_covariance_s20.npz,76422,edafdb3b206498e3fbef0e8ff618057cbf3dbe46fbb93cc428f78e78c1bb01cd
tcn,mixed,43,bandpass_n20003_cLL_V1_V4_covariance_s15,phase2/results/predictions/full/mixed/tcn/seed_43/bandpass_n20003_cLL_V1_V4_covariance_s15.npz,76369,10969605863f29c8a98afae08c89700f16232272712f233e2b06adb34771de67
tcn,mixed,43,bandpass_n20003_cLL_V1_V4_covariance_s10,phase2/results/predictions/full/mixed/tcn/seed_43/bandpass_n20003_cLL_V1_V4_covariance_s10.npz,76335,c2786079627ea047259440ceeb2f899b40daf35d640b3039a08d839391a933e7
tcn,mixed,43,bandpass_n20003_cLL_V1_V4_covariance_s5,phase2/results/predictions/full/mixed/tcn/seed_43/bandpass_n20003_cLL_V1_V4_covariance_s5.npz,76211,8e1f9f750a2b27a7cf4eb4dcfcace394899277e98bb01de3e526b23d7ef94cc0
tcn,mixed,43,bandpass_n20003_cLL_V1_V4_covariance_s0,phase2/results/predictions/full/mixed/tcn/seed_43/bandpass_n20003_cLL_V1_V4_covariance_s0.npz,75953,cd119ab24bd393fdf68f2f80832522678f7a09c793b19828175c562e7f37d74f
tcn,mixed,43,bandpass_n20003_call_independent_rms_s20,phase2/results/predictions/full/mixed/tcn/seed_43/bandpass_n20003_call_independent_rms_s20.npz,76391,8fa52edbbc2e79355da7fb42125e06710290385baa8404b5e9d9a30207ca67ec
tcn,mixed,43,bandpass_n20003_call_independent_rms_s15,phase2/results/predictions/full/mixed/tcn/seed_43/bandpass_n20003_call_independent_rms_s15.npz,76377,baa97fce6d28d6afed11fa30c5c00c29dc14e8b35b7de194c29aa7199cdc5412
tcn,mixed,43,bandpass_n20003_call_independent_rms_s10,phase2/results/predictions/full/mixed/tcn/seed_43/bandpass_n20003_call_independent_rms_s10.npz,76340,0a88bf629cc4b0984ec666f943488ac27e5583a1fbfbcc4a53f41a67490d211f
tcn,mixed,43,bandpass_n20003_call_independent_rms_s5,phase2/results/predictions/full/mixed/tcn/seed_43/bandpass_n20003_call_independent_rms_s5.npz,76291,7311fa7697abfe54a58c0e19cc8b30afc7af7602d4cddf38f45934eef06352e7
tcn,mixed,43,bandpass_n20003_call_independent_rms_s0,phase2/results/predictions/full/mixed/tcn/seed_43/bandpass_n20003_call_independent_rms_s0.npz,76020,ae2371d6e2cc77877676fcabe78dc4b18b8b3be36aaebe1ec42c774d2df05e43
tcn,mixed,43,bandpass_n20003_call_electrode_s20,phase2/results/predictions/full/mixed/tcn/seed_43/bandpass_n20003_call_electrode_s20.npz,76371,be53d7fa2633f0c4fc558bb2cee598d4ca9b97a951739638b44ac38fe06e994c
tcn,mixed,43,bandpass_n20003_call_electrode_s15,phase2/results/predictions/full/mixed/tcn/seed_43/bandpass_n20003_call_electrode_s15.npz,76345,7448155db34335cad4d6220379b4c7140ff9f063b34355b406cf0c14c51faaad
tcn,mixed,43,bandpass_n20003_call_electrode_s10,phase2/results/predictions/full/mixed/tcn/seed_43/bandpass_n20003_call_electrode_s10.npz,76316,a81c6eaf07117948cd4c8f75d26c5d26220dab74300577e21affee162accaa69
tcn,mixed,43,bandpass_n20003_call_electrode_s5,phase2/results/predictions/full/mixed/tcn/seed_43/bandpass_n20003_call_electrode_s5.npz,76155,d93eb53e3e8b53f0fcc8e05b08f57b2f08bf82dba5892912a385c6f9ff62059c
tcn,mixed,43,bandpass_n20003_call_electrode_s0,phase2/results/predictions/full/mixed/tcn/seed_43/bandpass_n20003_call_electrode_s0.npz,75850,ae6b7f3ca63ebada0f6ff1e03e6a282b486bb9bbf0dd1f90e8fcd9dca53a0602
tcn,mixed,43,bandpass_n20003_call_covariance_s20,phase2/results/predictions/full/mixed/tcn/seed_43/bandpass_n20003_call_covariance_s20.npz,76342,e5778eddb0c35e5ab81f6635c434280ea24a1453e08efa9f0bcd5e232cd61402
tcn,mixed,43,bandpass_n20003_call_covariance_s15,phase2/results/predictions/full/mixed/tcn/seed_43/bandpass_n20003_call_covariance_s15.npz,76388,c72e81e17ecefd58d75aa5217197febd281a208b742b71b7ebb79ef106c1db7b
tcn,mixed,43,bandpass_n20003_call_covariance_s10,phase2/results/predictions/full/mixed/tcn/seed_43/bandpass_n20003_call_covariance_s10.npz,76322,f210aaae65168ae54ef24fa4ab7ceefe8640700a78bbe2008dd0fc6a8c480329
tcn,mixed,43,bandpass_n20003_call_covariance_s5,phase2/results/predictions/full/mixed/tcn/seed_43/bandpass_n20003_call_covariance_s5.npz,76188,488d1f9bb14e31ca8663fd746857511513fe0901092580f0851e2e19368fabb5
tcn,mixed,43,bandpass_n20003_call_covariance_s0,phase2/results/predictions/full/mixed/tcn/seed_43/bandpass_n20003_call_covariance_s0.npz,75854,2311f41e38ecb8a4a533de6d7ac8b0a1b78e4aaa533000ca880c49fd0aecf9c4
tcn,mixed,43,bandpass_n20004_cRA_LA_LL_independent_rms_s20,phase2/results/predictions/full/mixed/tcn/seed_43/bandpass_n20004_cRA_LA_LL_independent_rms_s20.npz,76385,d0fd90386a0cff800131c071005ded697c0d5a8c207f5ebc355e73e306b071e1
tcn,mixed,43,bandpass_n20004_cRA_LA_LL_independent_rms_s15,phase2/results/predictions/full/mixed/tcn/seed_43/bandpass_n20004_cRA_LA_LL_independent_rms_s15.npz,76411,e48ef715167e9e0394a02077d3a0968855fc933733a87271bbe827a73710aeb8
tcn,mixed,43,bandpass_n20004_cRA_LA_LL_independent_rms_s10,phase2/results/predictions/full/mixed/tcn/seed_43/bandpass_n20004_cRA_LA_LL_independent_rms_s10.npz,76360,224134355871f13b6ba42b1b9a4899a43d1df81d5413c2ae45d48411a61996f4
tcn,mixed,43,bandpass_n20004_cRA_LA_LL_independent_rms_s5,phase2/results/predictions/full/mixed/tcn/seed_43/bandpass_n20004_cRA_LA_LL_independent_rms_s5.npz,76240,9216ca68220656cd2f1eb8bfdedbbf081a098d4919c8fee15391bf4f96e11bf4
tcn,mixed,43,bandpass_n20004_cRA_LA_LL_independent_rms_s0,phase2/results/predictions/full/mixed/tcn/seed_43/bandpass_n20004_cRA_LA_LL_independent_rms_s0.npz,76066,75d7e7127922eb6a4e17b3048c184c7b0439279ae930ec99426cd836fbf26614
tcn,mixed,43,bandpass_n20004_cRA_LA_LL_electrode_s20,phase2/results/predictions/full/mixed/tcn/seed_43/bandpass_n20004_cRA_LA_LL_electrode_s20.npz,76389,d7da6d768a1305ace24dfc04c19fb8810ca2b70457954b60f96e5e68bb1fae99
tcn,mixed,43,bandpass_n20004_cRA_LA_LL_electrode_s15,phase2/results/predictions/full/mixed/tcn/seed_43/bandpass_n20004_cRA_LA_LL_electrode_s15.npz,76388,94a87ed4b1b01a74e6b72285b3f58a5163c1fac9527b8e270b5e38cc96275057
tcn,mixed,43,bandpass_n20004_cRA_LA_LL_electrode_s10,phase2/results/predictions/full/mixed/tcn/seed_43/bandpass_n20004_cRA_LA_LL_electrode_s10.npz,76314,53240157124ba14bcc31515dbbc76f1db6b8e45784a9bbcca2f94f3cbd0d13d0
tcn,mixed,43,bandpass_n20004_cRA_LA_LL_electrode_s5,phase2/results/predictions/full/mixed/tcn/seed_43/bandpass_n20004_cRA_LA_LL_electrode_s5.npz,76120,538cd4ac1ceb53f6e5b557cce043ad29bd5d74253b23987ae95e7cd13d49abef
tcn,mixed,43,bandpass_n20004_cRA_LA_LL_electrode_s0,phase2/results/predictions/full/mixed/tcn/seed_43/bandpass_n20004_cRA_LA_LL_electrode_s0.npz,75762,27afb0cfbe33e683b3aeef08a74f2906c40b2648aa063153bb31b261eed86d91
tcn,mixed,43,bandpass_n20004_cRA_LA_LL_covariance_s20,phase2/results/predictions/full/mixed/tcn/seed_43/bandpass_n20004_cRA_LA_LL_covariance_s20.npz,76420,e164b09dcbe474c7bf73358d2a0d147c3defb71b0e83ee93c93c4d2ee08f2544
tcn,mixed,43,bandpass_n20004_cRA_LA_LL_covariance_s15,phase2/results/predictions/full/mixed/tcn/seed_43/bandpass_n20004_cRA_LA_LL_covariance_s15.npz,76373,af0a474e214533cd61c20c46d52495430091e5cc419f5114c1ea41b45aa872a9
tcn,mixed,43,bandpass_n20004_cRA_LA_LL_covariance_s10,phase2/results/predictions/full/mixed/tcn/seed_43/bandpass_n20004_cRA_LA_LL_covariance_s10.npz,76277,33aee95c5eaab59a12e907e0a0b7c2c502a2743fc5c001a742f4aecf8903e675
tcn,mixed,43,bandpass_n20004_cRA_LA_LL_covariance_s5,phase2/results/predictions/full/mixed/tcn/seed_43/bandpass_n20004_cRA_LA_LL_covariance_s5.npz,76148,58badca03a57068ad4a5cca2677bb6b4fa8f54f45b2dabe2c21fa625e358d411
tcn,mixed,43,bandpass_n20004_cRA_LA_LL_covariance_s0,phase2/results/predictions/full/mixed/tcn/seed_43/bandpass_n20004_cRA_LA_LL_covariance_s0.npz,75747,89fe826ec1b2e3c8b83fbbcb798d0dc69f637c82d4a9bea970b68f6613e459cb
tcn,mixed,43,bandpass_n20004_cV1_independent_rms_s20,phase2/results/predictions/full/mixed/tcn/seed_43/bandpass_n20004_cV1_independent_rms_s20.npz,76393,3973c8d8d5c56fc308f60e93ce9e6b49878ef9d33c1648aa1286a3345da30285
tcn,mixed,43,bandpass_n20004_cV1_independent_rms_s15,phase2/results/predictions/full/mixed/tcn/seed_43/bandpass_n20004_cV1_independent_rms_s15.npz,76369,b8713c56505d3b6b21818887f459ce16e6bdab016a6cfb92df1ffc3d17b3e82d
tcn,mixed,43,bandpass_n20004_cV1_independent_rms_s10,phase2/results/predictions/full/mixed/tcn/seed_43/bandpass_n20004_cV1_independent_rms_s10.npz,76341,9f6e2d6468e82c456ff6ba358e4779e164f77675f2987a85692f047c7cc551a1
tcn,mixed,43,bandpass_n20004_cV1_independent_rms_s5,phase2/results/predictions/full/mixed/tcn/seed_43/bandpass_n20004_cV1_independent_rms_s5.npz,76234,0f3a246d7b45b2a3ddacfdcc045b2b06e134c370ddae46493eff40f6c92769fb
tcn,mixed,43,bandpass_n20004_cV1_independent_rms_s0,phase2/results/predictions/full/mixed/tcn/seed_43/bandpass_n20004_cV1_independent_rms_s0.npz,75954,d7c103bd6258f8931597f060da75b04626cdcdaeca1e4ca8247fe0c4e6173423
tcn,mixed,43,bandpass_n20004_cV1_electrode_s20,phase2/results/predictions/full/mixed/tcn/seed_43/bandpass_n20004_cV1_electrode_s20.npz,76366,b5a12d604fd881c6b1e2119b69779142e259871f09627a492bdc43e1eb5f8928
tcn,mixed,43,bandpass_n20004_cV1_electrode_s15,phase2/results/predictions/full/mixed/tcn/seed_43/bandpass_n20004_cV1_electrode_s15.npz,76335,80ec44530ff01feca1e5627e7159fef1da7bb78cc45051ebbb818bd6fcaa871e
tcn,mixed,43,bandpass_n20004_cV1_electrode_s10,phase2/results/predictions/full/mixed/tcn/seed_43/bandpass_n20004_cV1_electrode_s10.npz,76311,13035c9754f78ec1ccb7084484d428487a724cdc2c45ba07edcc67f35d66a3f3
tcn,mixed,43,bandpass_n20004_cV1_electrode_s5,phase2/results/predictions/full/mixed/tcn/seed_43/bandpass_n20004_cV1_electrode_s5.npz,76210,5e04bcc3b73070bc2db419e906540a84f6de3399b1c00b44cc671e24bf558a71
tcn,mixed,43,bandpass_n20004_cV1_electrode_s0,phase2/results/predictions/full/mixed/tcn/seed_43/bandpass_n20004_cV1_electrode_s0.npz,75956,69cade0092d25dba3a88d724c1895b65e4714ceb1dc2b7c31e2c7cd81789f48c
tcn,mixed,43,bandpass_n20004_cV1_covariance_s20,phase2/results/predictions/full/mixed/tcn/seed_43/bandpass_n20004_cV1_covariance_s20.npz,76377,7053ccefc8601f631bcdfb66685c83fb5942c15a6135f677f0102089e06ed1e1
tcn,mixed,43,bandpass_n20004_cV1_covariance_s15,phase2/results/predictions/full/mixed/tcn/seed_43/bandpass_n20004_cV1_covariance_s15.npz,76382,73d44b0b18d9e084c9d23bc908dc5f66a3c545c653daac844569fe4a2b32fd86
tcn,mixed,43,bandpass_n20004_cV1_covariance_s10,phase2/results/predictions/full/mixed/tcn/seed_43/bandpass_n20004_cV1_covariance_s10.npz,76301,eaa9998baee95c9d292c60744e45a6d3c08778eaba116dc1a8fa745f214b1548
tcn,mixed,43,bandpass_n20004_cV1_covariance_s5,phase2/results/predictions/full/mixed/tcn/seed_43/bandpass_n20004_cV1_covariance_s5.npz,76235,905abc6574095abe127bddcf1205b21f1adcfa368be4bb452129c98354a49a69
tcn,mixed,43,bandpass_n20004_cV1_covariance_s0,phase2/results/predictions/full/mixed/tcn/seed_43/bandpass_n20004_cV1_covariance_s0.npz,75959,4889d23834867f9f5b3b990806750a9cf277dd10eaa9b2d474c702ee668ccc07
tcn,mixed,43,bandpass_n20004_cV2_independent_rms_s20,phase2/results/predictions/full/mixed/tcn/seed_43/bandpass_n20004_cV2_independent_rms_s20.npz,76400,4f30fea2471e0bb08b3a0511d6b2b8f7c823cd754ff60498a754d4b8e3d1bd25
tcn,mixed,43,bandpass_n20004_cV2_independent_rms_s15,phase2/results/predictions/full/mixed/tcn/seed_43/bandpass_n20004_cV2_independent_rms_s15.npz,76404,0ef516e4ae52f4f2fa641dc2d9169d43a887a5f7aa7d75bf2b6ac969354007da
tcn,mixed,43,bandpass_n20004_cV2_independent_rms_s10,phase2/results/predictions/full/mixed/tcn/seed_43/bandpass_n20004_cV2_independent_rms_s10.npz,76361,da53e56c82cf4d38d9a64403a784a783081b3fef8c36d551f7e66f18ceffdfce
tcn,mixed,43,bandpass_n20004_cV2_independent_rms_s5,phase2/results/predictions/full/mixed/tcn/seed_43/bandpass_n20004_cV2_independent_rms_s5.npz,76277,5cece675fcae4e53eb6cbe4f9b0a91d10407a6c8109dfe976826961c6cfb27a4
tcn,mixed,43,bandpass_n20004_cV2_independent_rms_s0,phase2/results/predictions/full/mixed/tcn/seed_43/bandpass_n20004_cV2_independent_rms_s0.npz,76100,8f5bea698743fe41ad56f1173c41a16d05bdb4b4874499f0166447d8a14e91c6
tcn,mixed,43,bandpass_n20004_cV2_electrode_s20,phase2/results/predictions/full/mixed/tcn/seed_43/bandpass_n20004_cV2_electrode_s20.npz,76364,f9c0b06a121539eb8d1e28bd2f113b4430abfe9bb32ba69895b682076082d4f1
tcn,mixed,43,bandpass_n20004_cV2_electrode_s15,phase2/results/predictions/full/mixed/tcn/seed_43/bandpass_n20004_cV2_electrode_s15.npz,76374,b450af32ef23e83dd594c82ab79b311f32e089f81af90d4efd7468cb02b5166e
tcn,mixed,43,bandpass_n20004_cV2_electrode_s10,phase2/results/predictions/full/mixed/tcn/seed_43/bandpass_n20004_cV2_electrode_s10.npz,76321,7335223c696d25354f85111bed14dd402940fdea35212325eca6a928677ef8e0
tcn,mixed,43,bandpass_n20004_cV2_electrode_s5,phase2/results/predictions/full/mixed/tcn/seed_43/bandpass_n20004_cV2_electrode_s5.npz,76270,806f5fa54370c1d1d5dcc202886e696ccbf06af61a350b9d9ad36611b6c9b2d5
tcn,mixed,43,bandpass_n20004_cV2_electrode_s0,phase2/results/predictions/full/mixed/tcn/seed_43/bandpass_n20004_cV2_electrode_s0.npz,76071,eff47ce931b0491ca8460c1e096be01bbe306850694d3356aa777383c8705837
tcn,mixed,43,bandpass_n20004_cV2_covariance_s20,phase2/results/predictions/full/mixed/tcn/seed_43/bandpass_n20004_cV2_covariance_s20.npz,76347,c457930bb6674cc93c01a9dc491f6ed1e6d86d0995e105b61faa093260d32e17
tcn,mixed,43,bandpass_n20004_cV2_covariance_s15,phase2/results/predictions/full/mixed/tcn/seed_43/bandpass_n20004_cV2_covariance_s15.npz,76387,6e91a50399eb38e32739b215fc8ff7b74fb52e69d76a3dcf744a87f7a73feb58
tcn,mixed,43,bandpass_n20004_cV2_covariance_s10,phase2/results/predictions/full/mixed/tcn/seed_43/bandpass_n20004_cV2_covariance_s10.npz,76351,973b855c9ed579f8bc1689b733b53af15bbf479e93890922e82ce124e006bb06
tcn,mixed,43,bandpass_n20004_cV2_covariance_s5,phase2/results/predictions/full/mixed/tcn/seed_43/bandpass_n20004_cV2_covariance_s5.npz,76248,efef1ae9db6d38f064dc228b25fb84e03853cd12936fae777a99a0e1dde26581
tcn,mixed,43,bandpass_n20004_cV2_covariance_s0,phase2/results/predictions/full/mixed/tcn/seed_43/bandpass_n20004_cV2_covariance_s0.npz,76034,885a7e9e53fa462b2286e25e145d8741d0baaa665d6bb4098dd6e5685e700ff4
tcn,mixed,43,bandpass_n20004_cV3_independent_rms_s20,phase2/results/predictions/full/mixed/tcn/seed_43/bandpass_n20004_cV3_independent_rms_s20.npz,76383,bfe6378d98365162d1979e87c68f3b10b4b3a39f85be22095a9a24cca55142b4
tcn,mixed,43,bandpass_n20004_cV3_independent_rms_s15,phase2/results/predictions/full/mixed/tcn/seed_43/bandpass_n20004_cV3_independent_rms_s15.npz,76380,8b6ef822ab5227f8556eeadd6765f406acca77981ca73a587937bef653929231
tcn,mixed,43,bandpass_n20004_cV3_independent_rms_s10,phase2/results/predictions/full/mixed/tcn/seed_43/bandpass_n20004_cV3_independent_rms_s10.npz,76376,1c59f0c033381fa4a7c7ee5d2113a1fa9c69a4b96cf14899f2482cea4f9f4673
tcn,mixed,43,bandpass_n20004_cV3_independent_rms_s5,phase2/results/predictions/full/mixed/tcn/seed_43/bandpass_n20004_cV3_independent_rms_s5.npz,76359,4865052ebd35820004938ce71160696de6c2b055471198af0a97db336bc5e77e
tcn,mixed,43,bandpass_n20004_cV3_independent_rms_s0,phase2/results/predictions/full/mixed/tcn/seed_43/bandpass_n20004_cV3_independent_rms_s0.npz,76241,6f6b739d9b500f68d89ff5d144ca08d1a975030da252022f10f4f8578cb2e755
tcn,mixed,43,bandpass_n20004_cV3_electrode_s20,phase2/results/predictions/full/mixed/tcn/seed_43/bandpass_n20004_cV3_electrode_s20.npz,76361,7d3373110b33a6857ba327a12e45c96e56bf803031e489cb3183a7ad360846ba
tcn,mixed,43,bandpass_n20004_cV3_electrode_s15,phase2/results/predictions/full/mixed/tcn/seed_43/bandpass_n20004_cV3_electrode_s15.npz,76398,ac50bd2b6b280f68a347c6707c8d23094ea89e13b617847734a9225ac09d0333
tcn,mixed,43,bandpass_n20004_cV3_electrode_s10,phase2/results/predictions/full/mixed/tcn/seed_43/bandpass_n20004_cV3_electrode_s10.npz,76347,1a96ff1e3305d40b449a1e6bfbde383b2f923c797d66dcdc0a7b37961c9345e6
tcn,mixed,43,bandpass_n20004_cV3_electrode_s5,phase2/results/predictions/full/mixed/tcn/seed_43/bandpass_n20004_cV3_electrode_s5.npz,76361,6a3761c4a06b84ea42b44746b701970f480748ddc592d0abad26d62e0a699da9
tcn,mixed,43,bandpass_n20004_cV3_electrode_s0,phase2/results/predictions/full/mixed/tcn/seed_43/bandpass_n20004_cV3_electrode_s0.npz,76222,e9c867156a8f4b6fdd7a23f7ebc07f7e063900edf642a9e7776e5af5fea62070
tcn,mixed,43,bandpass_n20004_cV3_covariance_s20,phase2/results/predictions/full/mixed/tcn/seed_43/bandpass_n20004_cV3_covariance_s20.npz,76382,05018c12568a60560c0ae7a9c28087fa3e4211d46be06b2a1bc807ecdb40ea29
tcn,mixed,43,bandpass_n20004_cV3_covariance_s15,phase2/results/predictions/full/mixed/tcn/seed_43/bandpass_n20004_cV3_covariance_s15.npz,76359,852944ed91949fd09fb94a5755c5b7e5989e71bb7f7150d19548d87f4daaf660
tcn,mixed,43,bandpass_n20004_cV3_covariance_s10,phase2/results/predictions/full/mixed/tcn/seed_43/bandpass_n20004_cV3_covariance_s10.npz,76374,80e19903e875c84a6eb08b61c174dd77df5a7322fc9c11c02a96fc494e8bee4e
tcn,mixed,43,bandpass_n20004_cV3_covariance_s5,phase2/results/predictions/full/mixed/tcn/seed_43/bandpass_n20004_cV3_covariance_s5.npz,76360,a332208cc74a129b53070848da31d1986fda80ab5b093248a56c9dc6dc930347
tcn,mixed,43,bandpass_n20004_cV3_covariance_s0,phase2/results/predictions/full/mixed/tcn/seed_43/bandpass_n20004_cV3_covariance_s0.npz,76234,5fdfb003855a4d5d8673f9ae572e29e8836ad4690f8e9eedd0e6bf09826dd5d2
tcn,mixed,43,bandpass_n20004_cV4_independent_rms_s20,phase2/results/predictions/full/mixed/tcn/seed_43/bandpass_n20004_cV4_independent_rms_s20.npz,76354,82fbbc61ec49f22bb9e53e2c789525f64976792f2d878d6225d2418c6f6669f0
tcn,mixed,43,bandpass_n20004_cV4_independent_rms_s15,phase2/results/predictions/full/mixed/tcn/seed_43/bandpass_n20004_cV4_independent_rms_s15.npz,76411,b6e0d69f3068447992977c421dd7563dd67250e6d9250f2d1db7e1fd4fe9744d
tcn,mixed,43,bandpass_n20004_cV4_independent_rms_s10,phase2/results/predictions/full/mixed/tcn/seed_43/bandpass_n20004_cV4_independent_rms_s10.npz,76373,0fa69e53dc4305a2dd1321571b7eaaa6c503c7ba9e229a1643944a354774829c
tcn,mixed,43,bandpass_n20004_cV4_independent_rms_s5,phase2/results/predictions/full/mixed/tcn/seed_43/bandpass_n20004_cV4_independent_rms_s5.npz,76298,0f80fd0df9ee9fc1b775ee6c7425997b2d6cbf91f4440bb86660cdfa36ea127b
tcn,mixed,43,bandpass_n20004_cV4_independent_rms_s0,phase2/results/predictions/full/mixed/tcn/seed_43/bandpass_n20004_cV4_independent_rms_s0.npz,76103,f8899390d92123b066aacb2a52751abee4f0c99594fdd206a865e75072a7fc61
tcn,mixed,43,bandpass_n20004_cV4_electrode_s20,phase2/results/predictions/full/mixed/tcn/seed_43/bandpass_n20004_cV4_electrode_s20.npz,76386,8b444189a85225b880bb160e784923c46aaf139cb2c9f4ea5d775b636ebb4bc2
tcn,mixed,43,bandpass_n20004_cV4_electrode_s15,phase2/results/predictions/full/mixed/tcn/seed_43/bandpass_n20004_cV4_electrode_s15.npz,76374,bca826564f19a9e081a630239842e3c6f2773036750e74e5e9ddf521a505da02
tcn,mixed,43,bandpass_n20004_cV4_electrode_s10,phase2/results/predictions/full/mixed/tcn/seed_43/bandpass_n20004_cV4_electrode_s10.npz,76348,8c759b8373d5af15b879b5481f88c5d97551594f1d4d7ab30df746a0f4bd2bcd
tcn,mixed,43,bandpass_n20004_cV4_electrode_s5,phase2/results/predictions/full/mixed/tcn/seed_43/bandpass_n20004_cV4_electrode_s5.npz,76269,4aa0d6fe4d3c40d0b742d2ea29c276223d03df7e9af88123b4591c2a5604426a
tcn,mixed,43,bandpass_n20004_cV4_electrode_s0,phase2/results/predictions/full/mixed/tcn/seed_43/bandpass_n20004_cV4_electrode_s0.npz,76074,d1745fc9cdd003edb6a6f25addda860d81a1fb77ba827f5c3d293012ce09e220
tcn,mixed,43,bandpass_n20004_cV4_covariance_s20,phase2/results/predictions/full/mixed/tcn/seed_43/bandpass_n20004_cV4_covariance_s20.npz,76345,d7290202149cfdccc6599272e35e473305f2efb80373d7040539a0da3d1f127c
tcn,mixed,43,bandpass_n20004_cV4_covariance_s15,phase2/results/predictions/full/mixed/tcn/seed_43/bandpass_n20004_cV4_covariance_s15.npz,76336,0ec77c885716ba59d7c4e86c8af61c2c3e704d23d03c8c4f4fceeeec803c3b7c
tcn,mixed,43,bandpass_n20004_cV4_covariance_s10,phase2/results/predictions/full/mixed/tcn/seed_43/bandpass_n20004_cV4_covariance_s10.npz,76345,0bc85860c3399ba25d749516a72b95693a670cf42a0109de5a0e661fa21146e6
tcn,mixed,43,bandpass_n20004_cV4_covariance_s5,phase2/results/predictions/full/mixed/tcn/seed_43/bandpass_n20004_cV4_covariance_s5.npz,76258,a0ab79d191fa75441126ec4b444a1f5df737323af8e6afb3c45c01ab4c76ac53
tcn,mixed,43,bandpass_n20004_cV4_covariance_s0,phase2/results/predictions/full/mixed/tcn/seed_43/bandpass_n20004_cV4_covariance_s0.npz,76111,6e36a6dd7fedba9adf998e779ee90b433cef01e2337295414366fe73778da1ba
tcn,mixed,43,bandpass_n20004_cV5_independent_rms_s20,phase2/results/predictions/full/mixed/tcn/seed_43/bandpass_n20004_cV5_independent_rms_s20.npz,76410,c203a1f3fe2ef9f818e969a30171f89576e30a4e201ca37716b709d797e6249d
tcn,mixed,43,bandpass_n20004_cV5_independent_rms_s15,phase2/results/predictions/full/mixed/tcn/seed_43/bandpass_n20004_cV5_independent_rms_s15.npz,76403,f94c0b7211db47f297c3837f7502624a8060d7456bb76f69e7a135003153ad18
tcn,mixed,43,bandpass_n20004_cV5_independent_rms_s10,phase2/results/predictions/full/mixed/tcn/seed_43/bandpass_n20004_cV5_independent_rms_s10.npz,76350,f441a78bac052253965ff02742d94362254f757bc0c3e08098d0ad67815225e9
tcn,mixed,43,bandpass_n20004_cV5_independent_rms_s5,phase2/results/predictions/full/mixed/tcn/seed_43/bandpass_n20004_cV5_independent_rms_s5.npz,76255,9f71ef6136fcc714a5216002cf15ce09cb45f786b5fc9441e500b2bbf0d765fb
tcn,mixed,43,bandpass_n20004_cV5_independent_rms_s0,phase2/results/predictions/full/mixed/tcn/seed_43/bandpass_n20004_cV5_independent_rms_s0.npz,76064,78dc52e34c608f49b4d1a843e59c5168dfbcda9f7e1c7dacad8e4ada9da0df90
tcn,mixed,43,bandpass_n20004_cV5_electrode_s20,phase2/results/predictions/full/mixed/tcn/seed_43/bandpass_n20004_cV5_electrode_s20.npz,76373,7f53a5c620e1e1611c2713ed609b1698a5ce7b657c58454c2def1444ac96c0c2
tcn,mixed,43,bandpass_n20004_cV5_electrode_s15,phase2/results/predictions/full/mixed/tcn/seed_43/bandpass_n20004_cV5_electrode_s15.npz,76376,8efb3653f0f8f7aefae9d3e3692f276fdaa25377193f30d71edd55d2c8673678
tcn,mixed,43,bandpass_n20004_cV5_electrode_s10,phase2/results/predictions/full/mixed/tcn/seed_43/bandpass_n20004_cV5_electrode_s10.npz,76351,d8792cd9c782a1ccbae1791fce42bcf3ad946cd05d3bdb24f3840db4e56b855b
tcn,mixed,43,bandpass_n20004_cV5_electrode_s5,phase2/results/predictions/full/mixed/tcn/seed_43/bandpass_n20004_cV5_electrode_s5.npz,76265,59d68bec591e5dda4710baea6c404d13e440b4fbcd59c8cf8c604ed0f657da52
tcn,mixed,43,bandpass_n20004_cV5_electrode_s0,phase2/results/predictions/full/mixed/tcn/seed_43/bandpass_n20004_cV5_electrode_s0.npz,76011,5a4293c96eaeb65c185ddd6ac27ea13e92cf1577179251dcd8708b70b814312f
tcn,mixed,43,bandpass_n20004_cV5_covariance_s20,phase2/results/predictions/full/mixed/tcn/seed_43/bandpass_n20004_cV5_covariance_s20.npz,76405,60d5ef368157a11d8ddecc8257e474911f108f6964e698f6913b758695dde954
tcn,mixed,43,bandpass_n20004_cV5_covariance_s15,phase2/results/predictions/full/mixed/tcn/seed_43/bandpass_n20004_cV5_covariance_s15.npz,76384,41f810ac46258d0cfc20d1905064dca73066859bcaf148ebf17d8a3322542ff5
tcn,mixed,43,bandpass_n20004_cV5_covariance_s10,phase2/results/predictions/full/mixed/tcn/seed_43/bandpass_n20004_cV5_covariance_s10.npz,76363,b53a9f5f2d3b76740c45d510cb0fbdf0f3a15840b969f13611c26f60c94425f1
tcn,mixed,43,bandpass_n20004_cV5_covariance_s5,phase2/results/predictions/full/mixed/tcn/seed_43/bandpass_n20004_cV5_covariance_s5.npz,76247,b52e4f6a40b4e901b763bcc377e42d45759dbf799f0475c4ea289f1cfcef3536
tcn,mixed,43,bandpass_n20004_cV5_covariance_s0,phase2/results/predictions/full/mixed/tcn/seed_43/bandpass_n20004_cV5_covariance_s0.npz,76052,c5a5b20ef7271c24dec4549ac6f738a7991e038bf38f589821fd15a2ec66ae2e
tcn,mixed,43,bandpass_n20004_cV6_independent_rms_s20,phase2/results/predictions/full/mixed/tcn/seed_43/bandpass_n20004_cV6_independent_rms_s20.npz,76399,8adc34cc94d04936b73a33e24d7dbc9fa80a7f4bbc140b25824c77c44d077973
tcn,mixed,43,bandpass_n20004_cV6_independent_rms_s15,phase2/results/predictions/full/mixed/tcn/seed_43/bandpass_n20004_cV6_independent_rms_s15.npz,76377,b89633b4583460984f02db8362ae0f3bb172399e6b94d981c3ed00d8f0399f89
tcn,mixed,43,bandpass_n20004_cV6_independent_rms_s10,phase2/results/predictions/full/mixed/tcn/seed_43/bandpass_n20004_cV6_independent_rms_s10.npz,76355,cb7af8f64b4e4d47d5e1809d95f19c2a697690d6abd9ec4356ee258b6efc7dab
tcn,mixed,43,bandpass_n20004_cV6_independent_rms_s5,phase2/results/predictions/full/mixed/tcn/seed_43/bandpass_n20004_cV6_independent_rms_s5.npz,76309,e5810af0a872b2cab1196f20e1a4e7577cb9b699fc2f0a4f28dd1b0fe13b5e33
tcn,mixed,43,bandpass_n20004_cV6_independent_rms_s0,phase2/results/predictions/full/mixed/tcn/seed_43/bandpass_n20004_cV6_independent_rms_s0.npz,76057,103b25a005d7959331b6c3d9912433726d561f9d92d7190a09935205c80288d4
tcn,mixed,43,bandpass_n20004_cV6_electrode_s20,phase2/results/predictions/full/mixed/tcn/seed_43/bandpass_n20004_cV6_electrode_s20.npz,76372,98e3d6f0f12306b789ccd271e9fa6c811a834314f725f889435e12d035b244b4
tcn,mixed,43,bandpass_n20004_cV6_electrode_s15,phase2/results/predictions/full/mixed/tcn/seed_43/bandpass_n20004_cV6_electrode_s15.npz,76363,28fdf36830e10cd7a2035f688907430e953f74dbbcea9d639892697600898824
tcn,mixed,43,bandpass_n20004_cV6_electrode_s10,phase2/results/predictions/full/mixed/tcn/seed_43/bandpass_n20004_cV6_electrode_s10.npz,76348,bdbcf86b28f65ff0d7e43efe5565f099a11eebdfef813ea8dc06fbc50f0e906c
tcn,mixed,43,bandpass_n20004_cV6_electrode_s5,phase2/results/predictions/full/mixed/tcn/seed_43/bandpass_n20004_cV6_electrode_s5.npz,76284,545711a623cc1a903730da27a372a9bc66d7bdebee2cfbb010913e9fd2c67597
tcn,mixed,43,bandpass_n20004_cV6_electrode_s0,phase2/results/predictions/full/mixed/tcn/seed_43/bandpass_n20004_cV6_electrode_s0.npz,76043,5b81a2d9cf3909c86bc24a84447e6e64331c995d46b4ad740946b4880ebcee00
tcn,mixed,43,bandpass_n20004_cV6_covariance_s20,phase2/results/predictions/full/mixed/tcn/seed_43/bandpass_n20004_cV6_covariance_s20.npz,76384,b6f02fe4de15b0e0d4b695753996fcc38990aa9dab04322a890c8a18febdfe82
tcn,mixed,43,bandpass_n20004_cV6_covariance_s15,phase2/results/predictions/full/mixed/tcn/seed_43/bandpass_n20004_cV6_covariance_s15.npz,76344,31240cc31530e7f32415e7a3cc405f88e0d5f323b9edc5dc51795c836c911710
tcn,mixed,43,bandpass_n20004_cV6_covariance_s10,phase2/results/predictions/full/mixed/tcn/seed_43/bandpass_n20004_cV6_covariance_s10.npz,76345,7468cc6067d22c9df71405c9b8aed3f7d17e9d02d23e4ab1c3d0c0aad83ef44a
tcn,mixed,43,bandpass_n20004_cV6_covariance_s5,phase2/results/predictions/full/mixed/tcn/seed_43/bandpass_n20004_cV6_covariance_s5.npz,76264,7374c1dc3cd97567a94c5b48a4a628ace29d1cd0049056680f9122dff1883d95
tcn,mixed,43,bandpass_n20004_cV6_covariance_s0,phase2/results/predictions/full/mixed/tcn/seed_43/bandpass_n20004_cV6_covariance_s0.npz,76048,1ff7f4256710665557a2a90d0e2bfd03c39dbcd56d044308e0327332c4dd3670
tcn,mixed,43,bandpass_n20004_cRA_LA_independent_rms_s20,phase2/results/predictions/full/mixed/tcn/seed_43/bandpass_n20004_cRA_LA_independent_rms_s20.npz,76406,49fa5a8d310575a96072ef8c2e218b3d0f9963d2989438da47f48d3bedde394f
tcn,mixed,43,bandpass_n20004_cRA_LA_independent_rms_s15,phase2/results/predictions/full/mixed/tcn/seed_43/bandpass_n20004_cRA_LA_independent_rms_s15.npz,76384,9a4aa57d3fb7a1a1e651fa06e0e372d66d09bb234e18ab5b6dce0623e228ede5
tcn,mixed,43,bandpass_n20004_cRA_LA_independent_rms_s10,phase2/results/predictions/full/mixed/tcn/seed_43/bandpass_n20004_cRA_LA_independent_rms_s10.npz,76371,cc1b9c6014df16839baea8a940bdf163d0a0f4d83d8f396e051d5f6f977c0e72
tcn,mixed,43,bandpass_n20004_cRA_LA_independent_rms_s5,phase2/results/predictions/full/mixed/tcn/seed_43/bandpass_n20004_cRA_LA_independent_rms_s5.npz,76275,53dee2888177e96b8bcb03bf333a15b4e9539d23dfe3c2636c794c5f7cd2ace0
tcn,mixed,43,bandpass_n20004_cRA_LA_independent_rms_s0,phase2/results/predictions/full/mixed/tcn/seed_43/bandpass_n20004_cRA_LA_independent_rms_s0.npz,75979,6f33f06b9111d4ca1ae4ab99c9c1e8757f33f74af4a859313899a03574c7e827
tcn,mixed,43,bandpass_n20004_cRA_LA_electrode_s20,phase2/results/predictions/full/mixed/tcn/seed_43/bandpass_n20004_cRA_LA_electrode_s20.npz,76372,3ae084d69eac17bde49400a0e3c333753b2541270bdd3069a1efd86a991654fb
tcn,mixed,43,bandpass_n20004_cRA_LA_electrode_s15,phase2/results/predictions/full/mixed/tcn/seed_43/bandpass_n20004_cRA_LA_electrode_s15.npz,76348,8374377d6435d267c19af55ca601750eb6c8225b8c55a3e0687dc1627ae8a846
tcn,mixed,43,bandpass_n20004_cRA_LA_electrode_s10,phase2/results/predictions/full/mixed/tcn/seed_43/bandpass_n20004_cRA_LA_electrode_s10.npz,76270,0ff50d928c5744f64bbe822f40b7ec4901e60fb1d7546e0ed3e16d84cfad08d7
tcn,mixed,43,bandpass_n20004_cRA_LA_electrode_s5,phase2/results/predictions/full/mixed/tcn/seed_43/bandpass_n20004_cRA_LA_electrode_s5.npz,76128,bac7e029367624f50364420ece684ee036cb233e28a8e3d5044866516706bf54
tcn,mixed,43,bandpass_n20004_cRA_LA_electrode_s0,phase2/results/predictions/full/mixed/tcn/seed_43/bandpass_n20004_cRA_LA_electrode_s0.npz,75680,336de078074e2c6bba6b30ed51ecb6dbcffbeb4abef1b332c07814ad9021818b
tcn,mixed,43,bandpass_n20004_cRA_LA_covariance_s20,phase2/results/predictions/full/mixed/tcn/seed_43/bandpass_n20004_cRA_LA_covariance_s20.npz,76365,68b28f1ed0a058bf375cd18d535305fde2b5c98e6e530f36cf8e3a4c80d07b52
tcn,mixed,43,bandpass_n20004_cRA_LA_covariance_s15,phase2/results/predictions/full/mixed/tcn/seed_43/bandpass_n20004_cRA_LA_covariance_s15.npz,76361,846909145d615884b33655ffcf168d6405a8301ffa3673d6f74eb00ac29375a9
tcn,mixed,43,bandpass_n20004_cRA_LA_covariance_s10,phase2/results/predictions/full/mixed/tcn/seed_43/bandpass_n20004_cRA_LA_covariance_s10.npz,76332,32ee702d24f97eb4d92980716082619e115db2982a9f5f801d9169010542ff77
tcn,mixed,43,bandpass_n20004_cRA_LA_covariance_s5,phase2/results/predictions/full/mixed/tcn/seed_43/bandpass_n20004_cRA_LA_covariance_s5.npz,76139,c046dfe3b186bf84b2069e5c37c76ac1ae7ac997a154adbe765106ee4ce19411
tcn,mixed,43,bandpass_n20004_cRA_LA_covariance_s0,phase2/results/predictions/full/mixed/tcn/seed_43/bandpass_n20004_cRA_LA_covariance_s0.npz,75674,e6534c95c8d8e5ea9ac6d0115e3ae67de7e7291fbc41fa21f8ab992986501c94
tcn,mixed,43,bandpass_n20004_cLA_LL_independent_rms_s20,phase2/results/predictions/full/mixed/tcn/seed_43/bandpass_n20004_cLA_LL_independent_rms_s20.npz,76399,e7d9bbcbda0863e159c6758b96f0dbb03e27ec796ff8bd0321ef6a95d491bc28
tcn,mixed,43,bandpass_n20004_cLA_LL_independent_rms_s15,phase2/results/predictions/full/mixed/tcn/seed_43/bandpass_n20004_cLA_LL_independent_rms_s15.npz,76374,98398ab803d9b63b9eccf9e19bfaa6e479563f983a739b16043cb70f3cfbc01d
tcn,mixed,43,bandpass_n20004_cLA_LL_independent_rms_s10,phase2/results/predictions/full/mixed/tcn/seed_43/bandpass_n20004_cLA_LL_independent_rms_s10.npz,76362,41ab72d874a1624d37f0d17de6b6e363d1cd6acdd27ad99bbb77c3abda6cbd22
tcn,mixed,43,bandpass_n20004_cLA_LL_independent_rms_s5,phase2/results/predictions/full/mixed/tcn/seed_43/bandpass_n20004_cLA_LL_independent_rms_s5.npz,76280,8d66896a363c3a83d9901eca4f2899d5d272fa59bc0629be3853f98b20db3ae1
tcn,mixed,43,bandpass_n20004_cLA_LL_independent_rms_s0,phase2/results/predictions/full/mixed/tcn/seed_43/bandpass_n20004_cLA_LL_independent_rms_s0.npz,76009,e03c97376cc438be48faf869fe3d188ff41664726dae5a90768078db442a9063
tcn,mixed,43,bandpass_n20004_cLA_LL_electrode_s20,phase2/results/predictions/full/mixed/tcn/seed_43/bandpass_n20004_cLA_LL_electrode_s20.npz,76369,0adb3ac783e352ab93c5082d596b8385ec6bd47e5802c5d41bf854dc764d2ba4
tcn,mixed,43,bandpass_n20004_cLA_LL_electrode_s15,phase2/results/predictions/full/mixed/tcn/seed_43/bandpass_n20004_cLA_LL_electrode_s15.npz,76358,11cf6aeb29a99b363a03412ee9fc137c022eb560c83739f3442576ad17e6f2d3
tcn,mixed,43,bandpass_n20004_cLA_LL_electrode_s10,phase2/results/predictions/full/mixed/tcn/seed_43/bandpass_n20004_cLA_LL_electrode_s10.npz,76339,2a8b3689b882ae84ef9497a24a2dad83d88493940eaa9277388c81e61043be44
tcn,mixed,43,bandpass_n20004_cLA_LL_electrode_s5,phase2/results/predictions/full/mixed/tcn/seed_43/bandpass_n20004_cLA_LL_electrode_s5.npz,76181,8234e67a79f83a3031cb7669552f137111aab4d851030b3fc78bce5814632745
tcn,mixed,43,bandpass_n20004_cLA_LL_electrode_s0,phase2/results/predictions/full/mixed/tcn/seed_43/bandpass_n20004_cLA_LL_electrode_s0.npz,75869,a89e210ddb8280a40c46c7d483a60fcc98f05612ae22db0ed9f94e5adb41313b
tcn,mixed,43,bandpass_n20004_cLA_LL_covariance_s20,phase2/results/predictions/full/mixed/tcn/seed_43/bandpass_n20004_cLA_LL_covariance_s20.npz,76386,55bee8b1015d9ba34a5a08f1ece9a0faee689a0d458cb4bcd29c59dbaebf8718
tcn,mixed,43,bandpass_n20004_cLA_LL_covariance_s15,phase2/results/predictions/full/mixed/tcn/seed_43/bandpass_n20004_cLA_LL_covariance_s15.npz,76378,f3a671cf76e657a299b515b71043898f304b03c3ef6cc8c743f46aeabe58deaf
tcn,mixed,43,bandpass_n20004_cLA_LL_covariance_s10,phase2/results/predictions/full/mixed/tcn/seed_43/bandpass_n20004_cLA_LL_covariance_s10.npz,76312,9448df12ca3f17b18eca4a94471b00231ea126743e666090f718d5164a18298b
tcn,mixed,43,bandpass_n20004_cLA_LL_covariance_s5,phase2/results/predictions/full/mixed/tcn/seed_43/bandpass_n20004_cLA_LL_covariance_s5.npz,76201,15f9671a1773c21c5ade63d0b754aa3787bad698fbf54ff81ebfa44531e62776
tcn,mixed,43,bandpass_n20004_cLA_LL_covariance_s0,phase2/results/predictions/full/mixed/tcn/seed_43/bandpass_n20004_cLA_LL_covariance_s0.npz,75834,9c927a9ff0d44a1b22279a3754601d34ffb353fda28154ab6f3d12a87824a679
tcn,mixed,43,bandpass_n20004_cRA_LL_independent_rms_s20,phase2/results/predictions/full/mixed/tcn/seed_43/bandpass_n20004_cRA_LL_independent_rms_s20.npz,76375,8e46fff0ee13804607349e5e425bda8ed165718728a48e21049cf1071b39d3ab
tcn,mixed,43,bandpass_n20004_cRA_LL_independent_rms_s15,phase2/results/predictions/full/mixed/tcn/seed_43/bandpass_n20004_cRA_LL_independent_rms_s15.npz,76389,f05086a0c38db54299d702de2008ff6f5c5216c640fc1cf187e7856d620e0b1f
tcn,mixed,43,bandpass_n20004_cRA_LL_independent_rms_s10,phase2/results/predictions/full/mixed/tcn/seed_43/bandpass_n20004_cRA_LL_independent_rms_s10.npz,76350,475515e4f608ae49e06f773a16681b3a8311aba7081ab71af91c31d0d29cc280
tcn,mixed,43,bandpass_n20004_cRA_LL_independent_rms_s5,phase2/results/predictions/full/mixed/tcn/seed_43/bandpass_n20004_cRA_LL_independent_rms_s5.npz,76258,f83947ef605f540981ca5cb098fe8a5d69fb7be1f74b19a53be8d123c26263b9
tcn,mixed,43,bandpass_n20004_cRA_LL_independent_rms_s0,phase2/results/predictions/full/mixed/tcn/seed_43/bandpass_n20004_cRA_LL_independent_rms_s0.npz,76057,b1e68ecc2d9a4e19eed452526034793c74ca313b3e1db017e5fc9f0944adc997
tcn,mixed,43,bandpass_n20004_cRA_LL_electrode_s20,phase2/results/predictions/full/mixed/tcn/seed_43/bandpass_n20004_cRA_LL_electrode_s20.npz,76389,fb02b57b8606e363cfa1a0439b3dee8e432d6848ec9c6c0e94f007b148b5af6e
tcn,mixed,43,bandpass_n20004_cRA_LL_electrode_s15,phase2/results/predictions/full/mixed/tcn/seed_43/bandpass_n20004_cRA_LL_electrode_s15.npz,76343,d91cd171b9fcf4ea5364366fef3f4f45ab8bef7ece385ed01eebecb59bf0933d
tcn,mixed,43,bandpass_n20004_cRA_LL_electrode_s10,phase2/results/predictions/full/mixed/tcn/seed_43/bandpass_n20004_cRA_LL_electrode_s10.npz,76310,0cce15be454c1a0597390b12341ae0b38e1b3e836338e3e70e1230a14fb55983
tcn,mixed,43,bandpass_n20004_cRA_LL_electrode_s5,phase2/results/predictions/full/mixed/tcn/seed_43/bandpass_n20004_cRA_LL_electrode_s5.npz,76111,0cbe1b97f308ba7906a305d7ae7ff4f1dd80227c70bbab924fbaa18d8e70a86f
tcn,mixed,43,bandpass_n20004_cRA_LL_electrode_s0,phase2/results/predictions/full/mixed/tcn/seed_43/bandpass_n20004_cRA_LL_electrode_s0.npz,75705,de41079de7e2742e838acb316bd614d87549d0a6acb6283bc15db700af152acb
tcn,mixed,43,bandpass_n20004_cRA_LL_covariance_s20,phase2/results/predictions/full/mixed/tcn/seed_43/bandpass_n20004_cRA_LL_covariance_s20.npz,76372,b8ed739cf62380e33432cb01addc9efe309c0c92f0405edfad266e34a5579943
tcn,mixed,43,bandpass_n20004_cRA_LL_covariance_s15,phase2/results/predictions/full/mixed/tcn/seed_43/bandpass_n20004_cRA_LL_covariance_s15.npz,76364,95624df01fa297d270e7ec25437a02ed6d5efcd927f21ad8a3cd9dfb90b75207
tcn,mixed,43,bandpass_n20004_cRA_LL_covariance_s10,phase2/results/predictions/full/mixed/tcn/seed_43/bandpass_n20004_cRA_LL_covariance_s10.npz,76304,9901b345ac6d8b081dac480e51f9dda94fd398f4861c486669682777361199d0
tcn,mixed,43,bandpass_n20004_cRA_LL_covariance_s5,phase2/results/predictions/full/mixed/tcn/seed_43/bandpass_n20004_cRA_LL_covariance_s5.npz,76113,a902acd3a0c2224b086f228720495f9e17134781693039c13ced82cdaa9b89f1
tcn,mixed,43,bandpass_n20004_cRA_LL_covariance_s0,phase2/results/predictions/full/mixed/tcn/seed_43/bandpass_n20004_cRA_LL_covariance_s0.npz,75702,463763762d958cc84f330175bf79887d90830ab79a4a3ce7fee6092b7390a2c8
tcn,mixed,43,bandpass_n20004_cRA_independent_rms_s20,phase2/results/predictions/full/mixed/tcn/seed_43/bandpass_n20004_cRA_independent_rms_s20.npz,76378,b30d046621cebfeb22c6b26c4cdc0e64c52073f0e94cc9130ea3206ab62d9cff
tcn,mixed,43,bandpass_n20004_cRA_independent_rms_s15,phase2/results/predictions/full/mixed/tcn/seed_43/bandpass_n20004_cRA_independent_rms_s15.npz,76359,e934dc30050fc2086d21e1ef48fee4d1700c1940acf2ddfe263dc803c6f1528b
tcn,mixed,43,bandpass_n20004_cRA_independent_rms_s10,phase2/results/predictions/full/mixed/tcn/seed_43/bandpass_n20004_cRA_independent_rms_s10.npz,76362,984665237941121119e3e6c5502571517c9e1009b26b071ae11c9f73abcb9071
tcn,mixed,43,bandpass_n20004_cRA_independent_rms_s5,phase2/results/predictions/full/mixed/tcn/seed_43/bandpass_n20004_cRA_independent_rms_s5.npz,76260,2a4b3c6dc04b495cfec4bb1c900cfe015e5f0120bc4ad6821cb87d25fb411627
tcn,mixed,43,bandpass_n20004_cRA_independent_rms_s0,phase2/results/predictions/full/mixed/tcn/seed_43/bandpass_n20004_cRA_independent_rms_s0.npz,76011,05d69b14c7f6302fd28c73128774470bb06f1966080b0f4353fc93968757e75a
tcn,mixed,43,bandpass_n20004_cRA_electrode_s20,phase2/results/predictions/full/mixed/tcn/seed_43/bandpass_n20004_cRA_electrode_s20.npz,76378,402a39e904d980d56dc20f800bc75658a0bf403a9162972ad14c1e9d4baf1aab
tcn,mixed,43,bandpass_n20004_cRA_electrode_s15,phase2/results/predictions/full/mixed/tcn/seed_43/bandpass_n20004_cRA_electrode_s15.npz,76333,d87a91d70d74d6b077f21c574180250a0716ee0f7d3e7e253fa4a4d0ff6e5ac9
tcn,mixed,43,bandpass_n20004_cRA_electrode_s10,phase2/results/predictions/full/mixed/tcn/seed_43/bandpass_n20004_cRA_electrode_s10.npz,76270,7a00c3cc0f359c293a4d160300a8c2836f2e591e7855d0d2df136ef7a0bc647a
tcn,mixed,43,bandpass_n20004_cRA_electrode_s5,phase2/results/predictions/full/mixed/tcn/seed_43/bandpass_n20004_cRA_electrode_s5.npz,76090,965f62eec570cd6351c7e97e907c59b0b31918991067b4b27dc9bd1586441b4b
tcn,mixed,43,bandpass_n20004_cRA_electrode_s0,phase2/results/predictions/full/mixed/tcn/seed_43/bandpass_n20004_cRA_electrode_s0.npz,75534,896f6c1f58a5f4925516240bfcf876621abca36a5d91322fd36af390b155bc78
tcn,mixed,43,bandpass_n20004_cRA_covariance_s20,phase2/results/predictions/full/mixed/tcn/seed_43/bandpass_n20004_cRA_covariance_s20.npz,76397,25742161eead5a8c15e373652dc829750af7e26d28aa1e1e4a85bcf84cf55d3e
tcn,mixed,43,bandpass_n20004_cRA_covariance_s15,phase2/results/predictions/full/mixed/tcn/seed_43/bandpass_n20004_cRA_covariance_s15.npz,76354,0efc26985e46c273d9311b08dc4cfe8455894da3dc32a7b88a103c07d4ecb952
tcn,mixed,43,bandpass_n20004_cRA_covariance_s10,phase2/results/predictions/full/mixed/tcn/seed_43/bandpass_n20004_cRA_covariance_s10.npz,76289,6b2f04e3bb5ed50bce7379f547764ed205a6df85286913e2e923c97588bddc69
tcn,mixed,43,bandpass_n20004_cRA_covariance_s5,phase2/results/predictions/full/mixed/tcn/seed_43/bandpass_n20004_cRA_covariance_s5.npz,76063,991eb411945586dd6e281b27416e8970e00a99920876b13a40f9fabd4ea5e40b
tcn,mixed,43,bandpass_n20004_cRA_covariance_s0,phase2/results/predictions/full/mixed/tcn/seed_43/bandpass_n20004_cRA_covariance_s0.npz,75492,d6021f0379a454f082391eedcd30003944e93bf5ff470b278649d77e652d81ff
tcn,mixed,43,bandpass_n20004_cLA_independent_rms_s20,phase2/results/predictions/full/mixed/tcn/seed_43/bandpass_n20004_cLA_independent_rms_s20.npz,76384,4bc22d0bb71e19b01b70836da85f746680915096949af74505c60df773e4512c
tcn,mixed,43,bandpass_n20004_cLA_independent_rms_s15,phase2/results/predictions/full/mixed/tcn/seed_43/bandpass_n20004_cLA_independent_rms_s15.npz,76403,42133feca72fd8b4c8c8e1fd5d6033633d0bd29b497d598b3cd96edbdfe16172
tcn,mixed,43,bandpass_n20004_cLA_independent_rms_s10,phase2/results/predictions/full/mixed/tcn/seed_43/bandpass_n20004_cLA_independent_rms_s10.npz,76321,73986c4fba93174222c961d5f005b3ce4adba8492c29da9c6f81674eaf6a5cb4
tcn,mixed,43,bandpass_n20004_cLA_independent_rms_s5,phase2/results/predictions/full/mixed/tcn/seed_43/bandpass_n20004_cLA_independent_rms_s5.npz,76249,5869f13cbc46522bc67ab084d3584de1dbe55018aaec7b2591d313682850bad3
tcn,mixed,43,bandpass_n20004_cLA_independent_rms_s0,phase2/results/predictions/full/mixed/tcn/seed_43/bandpass_n20004_cLA_independent_rms_s0.npz,76018,f001eda387135228c9da3660a1ee7afe7f808ae0fbfee3652f363ea676b31164
tcn,mixed,43,bandpass_n20004_cLA_electrode_s20,phase2/results/predictions/full/mixed/tcn/seed_43/bandpass_n20004_cLA_electrode_s20.npz,76381,c7ccce93e5ae83e241cbf51c9571a9e5180d91d50590d9d62dad1eb51d9274a3
tcn,mixed,43,bandpass_n20004_cLA_electrode_s15,phase2/results/predictions/full/mixed/tcn/seed_43/bandpass_n20004_cLA_electrode_s15.npz,76394,c78f4f4a3ffc3044ed9087413499824402b90e26007edf58d74a8cb8b7219b78
tcn,mixed,43,bandpass_n20004_cLA_electrode_s10,phase2/results/predictions/full/mixed/tcn/seed_43/bandpass_n20004_cLA_electrode_s10.npz,76324,b218019d2ce36cca7bad20d364f813df4892f911bdc2c1030b3a093583b26f6e
tcn,mixed,43,bandpass_n20004_cLA_electrode_s5,phase2/results/predictions/full/mixed/tcn/seed_43/bandpass_n20004_cLA_electrode_s5.npz,76149,3feb042a16eccc83a608ba40d23cb0069a4d6c42e7fb728318e863a3572a2ccf
tcn,mixed,43,bandpass_n20004_cLA_electrode_s0,phase2/results/predictions/full/mixed/tcn/seed_43/bandpass_n20004_cLA_electrode_s0.npz,75850,4ec8f43d20394ebc17eb2f531fa5037617180f62dedf680e42150c1d2b5b4841
tcn,mixed,43,bandpass_n20004_cLA_covariance_s20,phase2/results/predictions/full/mixed/tcn/seed_43/bandpass_n20004_cLA_covariance_s20.npz,76392,8cfca481ee382233d500519fcf280a648eba6d6849710646b2a6ead7d0ec8684
tcn,mixed,43,bandpass_n20004_cLA_covariance_s15,phase2/results/predictions/full/mixed/tcn/seed_43/bandpass_n20004_cLA_covariance_s15.npz,76344,827e63fb33f8a41e4e04987be9ddd34388bcadac26267f831ec37370a88b6f57
tcn,mixed,43,bandpass_n20004_cLA_covariance_s10,phase2/results/predictions/full/mixed/tcn/seed_43/bandpass_n20004_cLA_covariance_s10.npz,76309,04dfe654b0074fd402be66ba55631940533ce1df8427f5a2a067894af7ab40b1
tcn,mixed,43,bandpass_n20004_cLA_covariance_s5,phase2/results/predictions/full/mixed/tcn/seed_43/bandpass_n20004_cLA_covariance_s5.npz,76167,77aed2668e947e6c899d4dff6e5efe1610b96277e6b91e003b7dcc48720c5b8c
tcn,mixed,43,bandpass_n20004_cLA_covariance_s0,phase2/results/predictions/full/mixed/tcn/seed_43/bandpass_n20004_cLA_covariance_s0.npz,75873,5b6d852621a1f15a4a279b147f0771c3ffea9837508f517c1b0c83da1649c149
tcn,mixed,43,bandpass_n20004_cLL_independent_rms_s20,phase2/results/predictions/full/mixed/tcn/seed_43/bandpass_n20004_cLL_independent_rms_s20.npz,76398,633c39bd8218391bc1679a2f04733e796089520b2681ab7e784f2efb8216e130
tcn,mixed,43,bandpass_n20004_cLL_independent_rms_s15,phase2/results/predictions/full/mixed/tcn/seed_43/bandpass_n20004_cLL_independent_rms_s15.npz,76405,1c6ae0bbc5b9d36477b4fc0e823b52676464d8e5b09645a6f3d0c64b3cda08a1
tcn,mixed,43,bandpass_n20004_cLL_independent_rms_s10,phase2/results/predictions/full/mixed/tcn/seed_43/bandpass_n20004_cLL_independent_rms_s10.npz,76372,762f9afc194e515d9f077b6346704343799ca94a683c3268d7f4b78e10e5fbaa
tcn,mixed,43,bandpass_n20004_cLL_independent_rms_s5,phase2/results/predictions/full/mixed/tcn/seed_43/bandpass_n20004_cLL_independent_rms_s5.npz,76220,1eb7e255053e159da28c95152dda20a46e428b9d2e27fc6e09d7c1bb36e460d7
tcn,mixed,43,bandpass_n20004_cLL_independent_rms_s0,phase2/results/predictions/full/mixed/tcn/seed_43/bandpass_n20004_cLL_independent_rms_s0.npz,76009,5f2791824356626e70a383e0adaf62391cc15d1e589fe79731d645c14dd2651f
tcn,mixed,43,bandpass_n20004_cLL_electrode_s20,phase2/results/predictions/full/mixed/tcn/seed_43/bandpass_n20004_cLL_electrode_s20.npz,76367,e4fdc2c0a4cd854b606a12d6481fba535c6cbbdcddc40219f19f0bbcd0822897
tcn,mixed,43,bandpass_n20004_cLL_electrode_s15,phase2/results/predictions/full/mixed/tcn/seed_43/bandpass_n20004_cLL_electrode_s15.npz,76353,67ad426a86355c8b65aa2b9d5233999a28c06ab1a5f2ff787c2979375390eb37
tcn,mixed,43,bandpass_n20004_cLL_electrode_s10,phase2/results/predictions/full/mixed/tcn/seed_43/bandpass_n20004_cLL_electrode_s10.npz,76314,bd834d480f78f7ccd0bc57b1963364f5ec4b6364fb3aaf9fca9a97966ca944dd
tcn,mixed,43,bandpass_n20004_cLL_electrode_s5,phase2/results/predictions/full/mixed/tcn/seed_43/bandpass_n20004_cLL_electrode_s5.npz,76185,525f910a3b78bb7dcff7007ee738eda5d8222ba8d060c56503e7f7e9c795f10b
tcn,mixed,43,bandpass_n20004_cLL_electrode_s0,phase2/results/predictions/full/mixed/tcn/seed_43/bandpass_n20004_cLL_electrode_s0.npz,75903,02798d06fb35c9f09caa9e9dd0aa6daa0681a4d6aa0655ffb4fc1a92fea22e76
tcn,mixed,43,bandpass_n20004_cLL_covariance_s20,phase2/results/predictions/full/mixed/tcn/seed_43/bandpass_n20004_cLL_covariance_s20.npz,76428,ba8475b4d588d66963b7c493b6011f8ce332f9747c78984379fbce75ccf5e027
tcn,mixed,43,bandpass_n20004_cLL_covariance_s15,phase2/results/predictions/full/mixed/tcn/seed_43/bandpass_n20004_cLL_covariance_s15.npz,76354,f559c3bf6d4bfc780a8879d3b6b14f9f3563d5dadee2a59e961506144db7e661
tcn,mixed,43,bandpass_n20004_cLL_covariance_s10,phase2/results/predictions/full/mixed/tcn/seed_43/bandpass_n20004_cLL_covariance_s10.npz,76289,8ac580b64ce11af7949f4fb31f49e4c4e18029b995654e61690ea3ce9d42ca24
tcn,mixed,43,bandpass_n20004_cLL_covariance_s5,phase2/results/predictions/full/mixed/tcn/seed_43/bandpass_n20004_cLL_covariance_s5.npz,76173,9b67ebe9ad05258641bf91566c5edd8a74425231fc6b226e1b40d6be479a5c7e
tcn,mixed,43,bandpass_n20004_cLL_covariance_s0,phase2/results/predictions/full/mixed/tcn/seed_43/bandpass_n20004_cLL_covariance_s0.npz,75933,1475a370e122a1601932cd56d22f2db8ef2ebd2e9f317870ca4a241162ee545d
tcn,mixed,43,bandpass_n20004_cRA_V1_independent_rms_s20,phase2/results/predictions/full/mixed/tcn/seed_43/bandpass_n20004_cRA_V1_independent_rms_s20.npz,76376,6e20957f8ec74682eac54c52bc7255b620ee4a5362c8460698edd8d0ce9443b4
tcn,mixed,43,bandpass_n20004_cRA_V1_independent_rms_s15,phase2/results/predictions/full/mixed/tcn/seed_43/bandpass_n20004_cRA_V1_independent_rms_s15.npz,76359,b90608a57e1ae7360dab1bb3f94e6c8bac9962c55776d96b1c9409e575f2249f
tcn,mixed,43,bandpass_n20004_cRA_V1_independent_rms_s10,phase2/results/predictions/full/mixed/tcn/seed_43/bandpass_n20004_cRA_V1_independent_rms_s10.npz,76381,e2159f587aad5cc2f9d065e6589a5df09a93d8ffdeb401fa2c307215231af066
tcn,mixed,43,bandpass_n20004_cRA_V1_independent_rms_s5,phase2/results/predictions/full/mixed/tcn/seed_43/bandpass_n20004_cRA_V1_independent_rms_s5.npz,76277,93f1ff72d30f762e377cc788859aabe9f3ede9f78c57e87ace80553cb7a9f98d
tcn,mixed,43,bandpass_n20004_cRA_V1_independent_rms_s0,phase2/results/predictions/full/mixed/tcn/seed_43/bandpass_n20004_cRA_V1_independent_rms_s0.npz,76031,97f2e039a929ab60a4a381f852caa2ba80831f0c1f440fc30d9506a79126b1c2
tcn,mixed,43,bandpass_n20004_cRA_V1_electrode_s20,phase2/results/predictions/full/mixed/tcn/seed_43/bandpass_n20004_cRA_V1_electrode_s20.npz,76362,31099382972c57245dc79b00311dcf76c0a542273ea46e1d8b4fbcb18efbe8e8
tcn,mixed,43,bandpass_n20004_cRA_V1_electrode_s15,phase2/results/predictions/full/mixed/tcn/seed_43/bandpass_n20004_cRA_V1_electrode_s15.npz,76331,648d6fc8a3468e81e023f9eac45c35171a68628df19468230ecfc69246ce51ae
tcn,mixed,43,bandpass_n20004_cRA_V1_electrode_s10,phase2/results/predictions/full/mixed/tcn/seed_43/bandpass_n20004_cRA_V1_electrode_s10.npz,76290,e03c462f71f4504169f3d6aae9de7516a5f4a740478c78167f2cd6bfec3d0d89
tcn,mixed,43,bandpass_n20004_cRA_V1_electrode_s5,phase2/results/predictions/full/mixed/tcn/seed_43/bandpass_n20004_cRA_V1_electrode_s5.npz,76115,c4bea0505e7655bedd954b8efbc8f28c199c6ee234e63b6cd216e72066b44697
tcn,mixed,43,bandpass_n20004_cRA_V1_electrode_s0,phase2/results/predictions/full/mixed/tcn/seed_43/bandpass_n20004_cRA_V1_electrode_s0.npz,75577,df9b45efc09fd9d5be295e5ddf40c8a29fa016c665d543a868b083ebdd4394be
tcn,mixed,43,bandpass_n20004_cRA_V1_covariance_s20,phase2/results/predictions/full/mixed/tcn/seed_43/bandpass_n20004_cRA_V1_covariance_s20.npz,76392,a670f37d5e1c0ff9b05446e8e30690de6c4baea72bc66d24d80eff080fd6800a
tcn,mixed,43,bandpass_n20004_cRA_V1_covariance_s15,phase2/results/predictions/full/mixed/tcn/seed_43/bandpass_n20004_cRA_V1_covariance_s15.npz,76353,4a32c5ee74264a40b704dff479c56e53c0c1cdb7b059a79673121177320f7779
tcn,mixed,43,bandpass_n20004_cRA_V1_covariance_s10,phase2/results/predictions/full/mixed/tcn/seed_43/bandpass_n20004_cRA_V1_covariance_s10.npz,76255,320da7f2d87bf15242d73702f4ef9fe1c3bdda9a6f08ba01fb20e6dd38c0b45d
tcn,mixed,43,bandpass_n20004_cRA_V1_covariance_s5,phase2/results/predictions/full/mixed/tcn/seed_43/bandpass_n20004_cRA_V1_covariance_s5.npz,76114,de87152b917ced20eb43a3eb9e67b3547aacf26f7eff3a7010a1c9fc835c07fb
tcn,mixed,43,bandpass_n20004_cRA_V1_covariance_s0,phase2/results/predictions/full/mixed/tcn/seed_43/bandpass_n20004_cRA_V1_covariance_s0.npz,75589,94745ff90d73b70fd19df5a8f6babdb12b18a6a1802e6627730443553ed475ad
tcn,mixed,43,bandpass_n20004_cLA_V6_independent_rms_s20,phase2/results/predictions/full/mixed/tcn/seed_43/bandpass_n20004_cLA_V6_independent_rms_s20.npz,76392,fc38a45e6504bde55618ac6f335242448090c293a2a27e4c687aa1bc63d124b8
tcn,mixed,43,bandpass_n20004_cLA_V6_independent_rms_s15,phase2/results/predictions/full/mixed/tcn/seed_43/bandpass_n20004_cLA_V6_independent_rms_s15.npz,76413,ef740097a12633d554c77b22c0d9ec587aa4066fe61cc43c16aab0f4d9e75dce
tcn,mixed,43,bandpass_n20004_cLA_V6_independent_rms_s10,phase2/results/predictions/full/mixed/tcn/seed_43/bandpass_n20004_cLA_V6_independent_rms_s10.npz,76363,f168420abf7acc4e25fe9cf5f924fcc32d13834c790fe0bfb72a4a86fd8a008d
tcn,mixed,43,bandpass_n20004_cLA_V6_independent_rms_s5,phase2/results/predictions/full/mixed/tcn/seed_43/bandpass_n20004_cLA_V6_independent_rms_s5.npz,76248,098c3bec43473e535a2f4ef23952c4d73702c53a8285eec97b113080430f2748
tcn,mixed,43,bandpass_n20004_cLA_V6_independent_rms_s0,phase2/results/predictions/full/mixed/tcn/seed_43/bandpass_n20004_cLA_V6_independent_rms_s0.npz,76024,4b4e0a005222c861623adda12d3e68505276e4c0f649b9300cd61edfcf2d0e08
tcn,mixed,43,bandpass_n20004_cLA_V6_electrode_s20,phase2/results/predictions/full/mixed/tcn/seed_43/bandpass_n20004_cLA_V6_electrode_s20.npz,76385,3dab33ea89efe9444fee8ef87b6df8444a485afa2ea36394a2d954d353dd49ae
tcn,mixed,43,bandpass_n20004_cLA_V6_electrode_s15,phase2/results/predictions/full/mixed/tcn/seed_43/bandpass_n20004_cLA_V6_electrode_s15.npz,76380,254cfdf3b5dcdbe8b4f5495ac90af6d84d0a049159b73b02114a0fb9a1b87873
tcn,mixed,43,bandpass_n20004_cLA_V6_electrode_s10,phase2/results/predictions/full/mixed/tcn/seed_43/bandpass_n20004_cLA_V6_electrode_s10.npz,76360,f57fa283f9d300b4c89a3d72d2fdf02d41f2bd3ad1522dad724ba6ded4a844d8
tcn,mixed,43,bandpass_n20004_cLA_V6_electrode_s5,phase2/results/predictions/full/mixed/tcn/seed_43/bandpass_n20004_cLA_V6_electrode_s5.npz,76215,e881f763be988ce1ba208f6f9203a252b4bf0e151e3a1356d86437c60afad201
tcn,mixed,43,bandpass_n20004_cLA_V6_electrode_s0,phase2/results/predictions/full/mixed/tcn/seed_43/bandpass_n20004_cLA_V6_electrode_s0.npz,75856,01028b200114e18b9b21bc1bac8acc98d5793233062acdc0f67a1c8e944670ec
tcn,mixed,43,bandpass_n20004_cLA_V6_covariance_s20,phase2/results/predictions/full/mixed/tcn/seed_43/bandpass_n20004_cLA_V6_covariance_s20.npz,76373,62203af39cc2221923de72b0e8e0a2d17b417b330b604ccc00b0fbcc2a2013ff
tcn,mixed,43,bandpass_n20004_cLA_V6_covariance_s15,phase2/results/predictions/full/mixed/tcn/seed_43/bandpass_n20004_cLA_V6_covariance_s15.npz,76389,c8dd3ef6d9477be6ade37640168da6c01a214f2a9b8673f59bf4ec8140643130
tcn,mixed,43,bandpass_n20004_cLA_V6_covariance_s10,phase2/results/predictions/full/mixed/tcn/seed_43/bandpass_n20004_cLA_V6_covariance_s10.npz,76320,09a83ae4fa142226a20ecab4373284064143894aed8ecc4b85d983dcaa6f2e74
tcn,mixed,43,bandpass_n20004_cLA_V6_covariance_s5,phase2/results/predictions/full/mixed/tcn/seed_43/bandpass_n20004_cLA_V6_covariance_s5.npz,76195,e10d386a2627d2c18b7fef1f9456188852711227847d9edf95b6b2a45b7778b6
tcn,mixed,43,bandpass_n20004_cLA_V6_covariance_s0,phase2/results/predictions/full/mixed/tcn/seed_43/bandpass_n20004_cLA_V6_covariance_s0.npz,75901,f169b7a27a01256f8ba6d2bb60214a4a5e5a3fcf888a222c0cbd09acb8a8bd3a
tcn,mixed,43,bandpass_n20004_cLL_V4_independent_rms_s20,phase2/results/predictions/full/mixed/tcn/seed_43/bandpass_n20004_cLL_V4_independent_rms_s20.npz,76370,e8f693472e6b2fad6797dddcdb1e5edab5af54e83d3124a61f411da4eef966fd
tcn,mixed,43,bandpass_n20004_cLL_V4_independent_rms_s15,phase2/results/predictions/full/mixed/tcn/seed_43/bandpass_n20004_cLL_V4_independent_rms_s15.npz,76408,1fa6aa3e463f820bbb2eef67b17a74795d25cbf43495668fb8b5015261751bbb
tcn,mixed,43,bandpass_n20004_cLL_V4_independent_rms_s10,phase2/results/predictions/full/mixed/tcn/seed_43/bandpass_n20004_cLL_V4_independent_rms_s10.npz,76355,9e19844b517cae539eead5111f413350c66a5c81c5be70b1bc6619394fba842e
tcn,mixed,43,bandpass_n20004_cLL_V4_independent_rms_s5,phase2/results/predictions/full/mixed/tcn/seed_43/bandpass_n20004_cLL_V4_independent_rms_s5.npz,76280,3ba1cd8d083a3b27e66ea059be1c2139d153405f3ed12c3c95a598a37b44b950
tcn,mixed,43,bandpass_n20004_cLL_V4_independent_rms_s0,phase2/results/predictions/full/mixed/tcn/seed_43/bandpass_n20004_cLL_V4_independent_rms_s0.npz,76060,4638028d3d45a4b4187910a122bdbd3e726de5bc7ce5d8edc65f83711f8affbc
tcn,mixed,43,bandpass_n20004_cLL_V4_electrode_s20,phase2/results/predictions/full/mixed/tcn/seed_43/bandpass_n20004_cLL_V4_electrode_s20.npz,76397,422b1f6a1f23acb3f5df5ac4aa61ac16476457e97a89918ceb36e3c80243eebd
tcn,mixed,43,bandpass_n20004_cLL_V4_electrode_s15,phase2/results/predictions/full/mixed/tcn/seed_43/bandpass_n20004_cLL_V4_electrode_s15.npz,76367,40813acc7d7ced6b939bc2cbc5a54d371d8d8fad5de668fcbcebffbb10dcbcec
tcn,mixed,43,bandpass_n20004_cLL_V4_electrode_s10,phase2/results/predictions/full/mixed/tcn/seed_43/bandpass_n20004_cLL_V4_electrode_s10.npz,76339,0340c836dd08c0ccfe33c36e84d7f8faefe4afe5f7cc2f3b8096a17733902db9
tcn,mixed,43,bandpass_n20004_cLL_V4_electrode_s5,phase2/results/predictions/full/mixed/tcn/seed_43/bandpass_n20004_cLL_V4_electrode_s5.npz,76179,a7b37f5b62a5f5aed30d1a1a99cc516089e1b2988cfed5008f986a16a01c7712
tcn,mixed,43,bandpass_n20004_cLL_V4_electrode_s0,phase2/results/predictions/full/mixed/tcn/seed_43/bandpass_n20004_cLL_V4_electrode_s0.npz,75921,4c9bdb481487a8faf07145a5e5cb18af0abb29379cdf5d09e7936f1999d32e76
tcn,mixed,43,bandpass_n20004_cLL_V4_covariance_s20,phase2/results/predictions/full/mixed/tcn/seed_43/bandpass_n20004_cLL_V4_covariance_s20.npz,76393,823c52ee8b54ca11ff8baba30266359fccd6a78227e792088b70b490f3341f80
tcn,mixed,43,bandpass_n20004_cLL_V4_covariance_s15,phase2/results/predictions/full/mixed/tcn/seed_43/bandpass_n20004_cLL_V4_covariance_s15.npz,76407,dc33ffc46e30acabea5435438c40694f71b8fce1abcd9ad25cbbdd88ba3acfbd
tcn,mixed,43,bandpass_n20004_cLL_V4_covariance_s10,phase2/results/predictions/full/mixed/tcn/seed_43/bandpass_n20004_cLL_V4_covariance_s10.npz,76306,62e7f1f555df53fa89d08205cd343b5a86f7f6e22537596b2b73666158643a36
tcn,mixed,43,bandpass_n20004_cLL_V4_covariance_s5,phase2/results/predictions/full/mixed/tcn/seed_43/bandpass_n20004_cLL_V4_covariance_s5.npz,76175,b16bd79653d796c629f313506443a624b78985229f2fbb2ea144c887a7b4368e
tcn,mixed,43,bandpass_n20004_cLL_V4_covariance_s0,phase2/results/predictions/full/mixed/tcn/seed_43/bandpass_n20004_cLL_V4_covariance_s0.npz,75929,31c9044c643115b7b540851c3d1fad7c62cf80c4c951f849ce05f3dd8f1a25e9
tcn,mixed,43,bandpass_n20004_cRA_LA_V1_V6_independent_rms_s20,phase2/results/predictions/full/mixed/tcn/seed_43/bandpass_n20004_cRA_LA_V1_V6_independent_rms_s20.npz,76423,720aa9160b011ddb38e9e6facbd9dd76ae439d69d2eda5fb7a53eac8aa6f36ed
tcn,mixed,43,bandpass_n20004_cRA_LA_V1_V6_independent_rms_s15,phase2/results/predictions/full/mixed/tcn/seed_43/bandpass_n20004_cRA_LA_V1_V6_independent_rms_s15.npz,76446,27188eca19a6785a236a9e440bd3c863705fd93f52095c638798897458facb26
tcn,mixed,43,bandpass_n20004_cRA_LA_V1_V6_independent_rms_s10,phase2/results/predictions/full/mixed/tcn/seed_43/bandpass_n20004_cRA_LA_V1_V6_independent_rms_s10.npz,76367,21b3e6a5d9e48ac8c9156696dc300866aab814de2ee8fd6d56a8fe5d56f4ed70
tcn,mixed,43,bandpass_n20004_cRA_LA_V1_V6_independent_rms_s5,phase2/results/predictions/full/mixed/tcn/seed_43/bandpass_n20004_cRA_LA_V1_V6_independent_rms_s5.npz,76276,0e77d5e289096ee5fe8b717497e95ceed6fba1b13e2e96a594a3bde170ea39eb
tcn,mixed,43,bandpass_n20004_cRA_LA_V1_V6_independent_rms_s0,phase2/results/predictions/full/mixed/tcn/seed_43/bandpass_n20004_cRA_LA_V1_V6_independent_rms_s0.npz,76013,d166db14aceb1dafeda41f958d7fa086c2e107915e1311eb5014966cba1054ea
tcn,mixed,43,bandpass_n20004_cRA_LA_V1_V6_electrode_s20,phase2/results/predictions/full/mixed/tcn/seed_43/bandpass_n20004_cRA_LA_V1_V6_electrode_s20.npz,76390,da2bfe0424a7cbd8bf88bbbdff440b408a1d3486d0237ecf30a92caf798654c1
tcn,mixed,43,bandpass_n20004_cRA_LA_V1_V6_electrode_s15,phase2/results/predictions/full/mixed/tcn/seed_43/bandpass_n20004_cRA_LA_V1_V6_electrode_s15.npz,76368,04ddfcc2bfef30e19cb3c1b6f46acbdcd69246a924f7623586ebfb396474a837
tcn,mixed,43,bandpass_n20004_cRA_LA_V1_V6_electrode_s10,phase2/results/predictions/full/mixed/tcn/seed_43/bandpass_n20004_cRA_LA_V1_V6_electrode_s10.npz,76337,774fd04bdab0b49f88990ee5f2e2e0e58e05aca6f695cae4d62271e8a916a7ac
tcn,mixed,43,bandpass_n20004_cRA_LA_V1_V6_electrode_s5,phase2/results/predictions/full/mixed/tcn/seed_43/bandpass_n20004_cRA_LA_V1_V6_electrode_s5.npz,76140,e8f7099e5cb94d4922022dc01407d09b0ac338eb415273706f5d17b6cc2fbbd1
tcn,mixed,43,bandpass_n20004_cRA_LA_V1_V6_electrode_s0,phase2/results/predictions/full/mixed/tcn/seed_43/bandpass_n20004_cRA_LA_V1_V6_electrode_s0.npz,75741,bb428275423f724b4a655e2944a8331b80e021714f5c280d662c8e130550b04b
tcn,mixed,43,bandpass_n20004_cRA_LA_V1_V6_covariance_s20,phase2/results/predictions/full/mixed/tcn/seed_43/bandpass_n20004_cRA_LA_V1_V6_covariance_s20.npz,76390,912252dd2fe3ec664b87db1689fa6bd42c02bec1f718cbfd241b090f54ed8233
tcn,mixed,43,bandpass_n20004_cRA_LA_V1_V6_covariance_s15,phase2/results/predictions/full/mixed/tcn/seed_43/bandpass_n20004_cRA_LA_V1_V6_covariance_s15.npz,76376,cfd0b7ae143ef863e02458ec9dffbf9abe07d224dcf6c77bee465bf8c6275071
tcn,mixed,43,bandpass_n20004_cRA_LA_V1_V6_covariance_s10,phase2/results/predictions/full/mixed/tcn/seed_43/bandpass_n20004_cRA_LA_V1_V6_covariance_s10.npz,76339,002d0012f558c858eb650fc95941088723882ebc3b322ef684118d61c253c597
tcn,mixed,43,bandpass_n20004_cRA_LA_V1_V6_covariance_s5,phase2/results/predictions/full/mixed/tcn/seed_43/bandpass_n20004_cRA_LA_V1_V6_covariance_s5.npz,76218,d14ea37982cb497b5e28f15cf89a6b8a0fcae2a95926c7e49cd8e12ce85d9703
tcn,mixed,43,bandpass_n20004_cRA_LA_V1_V6_covariance_s0,phase2/results/predictions/full/mixed/tcn/seed_43/bandpass_n20004_cRA_LA_V1_V6_covariance_s0.npz,75763,66302b3e1d45a8a98c28855682d5e2720216b57670a9ef511f867404872261ee
tcn,mixed,43,bandpass_n20004_cRA_V2_V5_independent_rms_s20,phase2/results/predictions/full/mixed/tcn/seed_43/bandpass_n20004_cRA_V2_V5_independent_rms_s20.npz,76400,83df4859a865619b840cec0b176c31049e171743f74b3cf4e5ae49d00b26a003
tcn,mixed,43,bandpass_n20004_cRA_V2_V5_independent_rms_s15,phase2/results/predictions/full/mixed/tcn/seed_43/bandpass_n20004_cRA_V2_V5_independent_rms_s15.npz,76402,fcd08fd84bba14457a3a7881dae8366e19b097e1e43ffb8302b39ca2bb8708dc
tcn,mixed,43,bandpass_n20004_cRA_V2_V5_independent_rms_s10,phase2/results/predictions/full/mixed/tcn/seed_43/bandpass_n20004_cRA_V2_V5_independent_rms_s10.npz,76388,f4eb87dde197344c19d8af177f458beb8bd5a7ca7bfa22d5cb78ab1478da9528
tcn,mixed,43,bandpass_n20004_cRA_V2_V5_independent_rms_s5,phase2/results/predictions/full/mixed/tcn/seed_43/bandpass_n20004_cRA_V2_V5_independent_rms_s5.npz,76270,c9e5462a03ae634e2e4debee70b210750dc976b98082e544e4440df37d253531
tcn,mixed,43,bandpass_n20004_cRA_V2_V5_independent_rms_s0,phase2/results/predictions/full/mixed/tcn/seed_43/bandpass_n20004_cRA_V2_V5_independent_rms_s0.npz,76064,55c24b93f64dd0af0bc17ed822d723c8a57aa2f628c8c04e9f5e3cdadf3058ba
tcn,mixed,43,bandpass_n20004_cRA_V2_V5_electrode_s20,phase2/results/predictions/full/mixed/tcn/seed_43/bandpass_n20004_cRA_V2_V5_electrode_s20.npz,76375,df60a348edfa8f9f9fee859652492e45ca40572c00d68809f5d6cf7d15aa97ed
tcn,mixed,43,bandpass_n20004_cRA_V2_V5_electrode_s15,phase2/results/predictions/full/mixed/tcn/seed_43/bandpass_n20004_cRA_V2_V5_electrode_s15.npz,76406,90955045a06e3d7316e83d556eac2c061a5b63df70cf7fdd15d1d36935c1e4c9
tcn,mixed,43,bandpass_n20004_cRA_V2_V5_electrode_s10,phase2/results/predictions/full/mixed/tcn/seed_43/bandpass_n20004_cRA_V2_V5_electrode_s10.npz,76290,7ffb39aa17c365e623b3d9e8ceb8761014b0e2baf4ff6200d8d4f11f8e0e3e37
tcn,mixed,43,bandpass_n20004_cRA_V2_V5_electrode_s5,phase2/results/predictions/full/mixed/tcn/seed_43/bandpass_n20004_cRA_V2_V5_electrode_s5.npz,76156,285fb8b64a3661171ab1c593458f41083f6003b8b488fbbb7aa3123192aec592
tcn,mixed,43,bandpass_n20004_cRA_V2_V5_electrode_s0,phase2/results/predictions/full/mixed/tcn/seed_43/bandpass_n20004_cRA_V2_V5_electrode_s0.npz,75727,f56649678ce2b5bd819e8979b50ca5c833612676fafc522170ac3286107843de
tcn,mixed,43,bandpass_n20004_cRA_V2_V5_covariance_s20,phase2/results/predictions/full/mixed/tcn/seed_43/bandpass_n20004_cRA_V2_V5_covariance_s20.npz,76398,8b65d0c863620bd631771cf02d2f7f8d55092fc1c44c513950072d29a3e73c37
tcn,mixed,43,bandpass_n20004_cRA_V2_V5_covariance_s15,phase2/results/predictions/full/mixed/tcn/seed_43/bandpass_n20004_cRA_V2_V5_covariance_s15.npz,76362,f869db70667a26bc52f4b540a271d860b936ed80e7c1c727086a0f55fa442bdb
tcn,mixed,43,bandpass_n20004_cRA_V2_V5_covariance_s10,phase2/results/predictions/full/mixed/tcn/seed_43/bandpass_n20004_cRA_V2_V5_covariance_s10.npz,76307,a761cc887eadeae8bb2502a1a119ce3ac00b915782ef70c8c9b01df0f271e84f
tcn,mixed,43,bandpass_n20004_cRA_V2_V5_covariance_s5,phase2/results/predictions/full/mixed/tcn/seed_43/bandpass_n20004_cRA_V2_V5_covariance_s5.npz,76131,7f385d6960499c6429fa2937b99dc33ac6f04c71671ba17d6f1d4eae2c3ebd01
tcn,mixed,43,bandpass_n20004_cRA_V2_V5_covariance_s0,phase2/results/predictions/full/mixed/tcn/seed_43/bandpass_n20004_cRA_V2_V5_covariance_s0.npz,75718,fd27611bd2aff55007f186e6672143da474ed04377acca4da2be8f65d12c7bee
tcn,mixed,43,bandpass_n20004_cLA_V3_V6_independent_rms_s20,phase2/results/predictions/full/mixed/tcn/seed_43/bandpass_n20004_cLA_V3_V6_independent_rms_s20.npz,76382,fea7f15e89a3cc4252501cc9e93e6816e04346d2f21bd44fcf67d4efe14bbfd5
tcn,mixed,43,bandpass_n20004_cLA_V3_V6_independent_rms_s15,phase2/results/predictions/full/mixed/tcn/seed_43/bandpass_n20004_cLA_V3_V6_independent_rms_s15.npz,76429,70e643786d1524e2d0bdf1e26db93a6ac1d23b5ec5f8056e80785a1c26a85544
tcn,mixed,43,bandpass_n20004_cLA_V3_V6_independent_rms_s10,phase2/results/predictions/full/mixed/tcn/seed_43/bandpass_n20004_cLA_V3_V6_independent_rms_s10.npz,76357,7eaeb33ed5490d139ac0c0bbcdbe19a2586c030ecd0e5f0610a32cd1a7260509
tcn,mixed,43,bandpass_n20004_cLA_V3_V6_independent_rms_s5,phase2/results/predictions/full/mixed/tcn/seed_43/bandpass_n20004_cLA_V3_V6_independent_rms_s5.npz,76309,2ce5a3a0235df1db3379f8dee1b7d309c5d85d103463ac7ee90929880ce408d4
tcn,mixed,43,bandpass_n20004_cLA_V3_V6_independent_rms_s0,phase2/results/predictions/full/mixed/tcn/seed_43/bandpass_n20004_cLA_V3_V6_independent_rms_s0.npz,76063,faec54aed7dfaebed31025d577f95816045620582dc4a1bebce5b06920825f23
tcn,mixed,43,bandpass_n20004_cLA_V3_V6_electrode_s20,phase2/results/predictions/full/mixed/tcn/seed_43/bandpass_n20004_cLA_V3_V6_electrode_s20.npz,76393,8ba59340d0f7606355d02f13bea3cfb6a0d30ed99bf74253d5540399ec91a57b
tcn,mixed,43,bandpass_n20004_cLA_V3_V6_electrode_s15,phase2/results/predictions/full/mixed/tcn/seed_43/bandpass_n20004_cLA_V3_V6_electrode_s15.npz,76401,c42735d5fc9257fb3a225ca255ab8f8506e3b903341062598eb1dc81bede7468
tcn,mixed,43,bandpass_n20004_cLA_V3_V6_electrode_s10,phase2/results/predictions/full/mixed/tcn/seed_43/bandpass_n20004_cLA_V3_V6_electrode_s10.npz,76351,3925915c0436e3c1c157eea784e95ee73907894af2f8e22b81869f9d1363f04f
tcn,mixed,43,bandpass_n20004_cLA_V3_V6_electrode_s5,phase2/results/predictions/full/mixed/tcn/seed_43/bandpass_n20004_cLA_V3_V6_electrode_s5.npz,76238,fd811c13792c1b2f4095e1bd59d32e15edae870048f479ab87bb21402c596a2c
tcn,mixed,43,bandpass_n20004_cLA_V3_V6_electrode_s0,phase2/results/predictions/full/mixed/tcn/seed_43/bandpass_n20004_cLA_V3_V6_electrode_s0.npz,75959,4d42238ffb76550fba8d52581650c82712623451df4604d5987d837389fe77ed
tcn,mixed,43,bandpass_n20004_cLA_V3_V6_covariance_s20,phase2/results/predictions/full/mixed/tcn/seed_43/bandpass_n20004_cLA_V3_V6_covariance_s20.npz,76379,fb68f97e08155008339a638cd9417ca1a5313c55c882e20a0b1750a3eb16bd41
tcn,mixed,43,bandpass_n20004_cLA_V3_V6_covariance_s15,phase2/results/predictions/full/mixed/tcn/seed_43/bandpass_n20004_cLA_V3_V6_covariance_s15.npz,76407,59bd607973b2ab2f62dfe7b016427d9c461701bb587448f7c322e2e9ccc73e6b
tcn,mixed,43,bandpass_n20004_cLA_V3_V6_covariance_s10,phase2/results/predictions/full/mixed/tcn/seed_43/bandpass_n20004_cLA_V3_V6_covariance_s10.npz,76363,31deaff488e372f69b5c6e2b33b07c405a021773dc925a0fd208719d2d9b18f4
tcn,mixed,43,bandpass_n20004_cLA_V3_V6_covariance_s5,phase2/results/predictions/full/mixed/tcn/seed_43/bandpass_n20004_cLA_V3_V6_covariance_s5.npz,76239,b6eddb0638ef1a049084e64327b313868cb8087cd581ca32572e1da08b671cc8
tcn,mixed,43,bandpass_n20004_cLA_V3_V6_covariance_s0,phase2/results/predictions/full/mixed/tcn/seed_43/bandpass_n20004_cLA_V3_V6_covariance_s0.npz,75990,f5ff53144fc7f4e16e2192acb368213c3669f50cd5d7cc743cfb7efe480521cb
tcn,mixed,43,bandpass_n20004_cLL_V1_V4_independent_rms_s20,phase2/results/predictions/full/mixed/tcn/seed_43/bandpass_n20004_cLL_V1_V4_independent_rms_s20.npz,76378,35d3f8a8930448422b3f1bb8fb94aee70f841d1a8a58bee9bbd63dc95240f07d
tcn,mixed,43,bandpass_n20004_cLL_V1_V4_independent_rms_s15,phase2/results/predictions/full/mixed/tcn/seed_43/bandpass_n20004_cLL_V1_V4_independent_rms_s15.npz,76400,95c6cd72f44af5ce4ce2078e81e64f6ba3d76254083df74d66294bb633c3cebf
tcn,mixed,43,bandpass_n20004_cLL_V1_V4_independent_rms_s10,phase2/results/predictions/full/mixed/tcn/seed_43/bandpass_n20004_cLL_V1_V4_independent_rms_s10.npz,76360,0d4502b9b26b172602caf0a32774273801698361f30523fa73cded1d195a6c81
tcn,mixed,43,bandpass_n20004_cLL_V1_V4_independent_rms_s5,phase2/results/predictions/full/mixed/tcn/seed_43/bandpass_n20004_cLL_V1_V4_independent_rms_s5.npz,76280,a382d19a90229d4aa16385715b7cb4637c93b1945ca5eb77b72e0512ffe5ef79
tcn,mixed,43,bandpass_n20004_cLL_V1_V4_independent_rms_s0,phase2/results/predictions/full/mixed/tcn/seed_43/bandpass_n20004_cLL_V1_V4_independent_rms_s0.npz,76049,4f87652bc25d68c7975e2f7d4a08a2030e6fd77158948901d228b2a689f35f8e
tcn,mixed,43,bandpass_n20004_cLL_V1_V4_electrode_s20,phase2/results/predictions/full/mixed/tcn/seed_43/bandpass_n20004_cLL_V1_V4_electrode_s20.npz,76381,d1e96474632c32a7c035fe3ff00554efb5fee3b0683b3a3f51124393e282ed3c
tcn,mixed,43,bandpass_n20004_cLL_V1_V4_electrode_s15,phase2/results/predictions/full/mixed/tcn/seed_43/bandpass_n20004_cLL_V1_V4_electrode_s15.npz,76377,3d7dd01923d6d9d3c7add55c4d2e3fb35659c11a231700ea884ac98b59b04859
tcn,mixed,43,bandpass_n20004_cLL_V1_V4_electrode_s10,phase2/results/predictions/full/mixed/tcn/seed_43/bandpass_n20004_cLL_V1_V4_electrode_s10.npz,76368,903edc28347e70df316d64bd8a18d17a10dc10255663455d39b929887586ac60
tcn,mixed,43,bandpass_n20004_cLL_V1_V4_electrode_s5,phase2/results/predictions/full/mixed/tcn/seed_43/bandpass_n20004_cLL_V1_V4_electrode_s5.npz,76229,dc1dd4a4dc99a6160c2e7bb903c3eb695cb92ca76253b6e967bd5027790b5910
tcn,mixed,43,bandpass_n20004_cLL_V1_V4_electrode_s0,phase2/results/predictions/full/mixed/tcn/seed_43/bandpass_n20004_cLL_V1_V4_electrode_s0.npz,75947,b12214d428c022f87d819f13dbbbd5557b58d51b5d535f8ddb5138a99e88646a
tcn,mixed,43,bandpass_n20004_cLL_V1_V4_covariance_s20,phase2/results/predictions/full/mixed/tcn/seed_43/bandpass_n20004_cLL_V1_V4_covariance_s20.npz,76359,2d5d2c27d0c837fee3f173171d1085671067b77aad150f9ff419f7107460e8fd
tcn,mixed,43,bandpass_n20004_cLL_V1_V4_covariance_s15,phase2/results/predictions/full/mixed/tcn/seed_43/bandpass_n20004_cLL_V1_V4_covariance_s15.npz,76386,4d92735ad0f2b17647486a13a3827da1c7eef2d1527b01cb4dbed70c230c4c1c
tcn,mixed,43,bandpass_n20004_cLL_V1_V4_covariance_s10,phase2/results/predictions/full/mixed/tcn/seed_43/bandpass_n20004_cLL_V1_V4_covariance_s10.npz,76333,6276d0ba0509c4f9bd3479dba2b28cdaa4c262321bfd1ed8bb01ddd5285dee3c
tcn,mixed,43,bandpass_n20004_cLL_V1_V4_covariance_s5,phase2/results/predictions/full/mixed/tcn/seed_43/bandpass_n20004_cLL_V1_V4_covariance_s5.npz,76185,3099264b3bdc4be8d20c27aeace6927b4c56b3bc562804adf7b155a3d1a2792b
tcn,mixed,43,bandpass_n20004_cLL_V1_V4_covariance_s0,phase2/results/predictions/full/mixed/tcn/seed_43/bandpass_n20004_cLL_V1_V4_covariance_s0.npz,75941,a8b6045065ea134e41914c5d204e33a651437f12e2de733a1fbfa71534201872
tcn,mixed,43,bandpass_n20004_call_independent_rms_s20,phase2/results/predictions/full/mixed/tcn/seed_43/bandpass_n20004_call_independent_rms_s20.npz,76371,867eff514d986c8a817f84b8aa0d0e689f924587f6344a43bf3b14b4d3e475d2
tcn,mixed,43,bandpass_n20004_call_independent_rms_s15,phase2/results/predictions/full/mixed/tcn/seed_43/bandpass_n20004_call_independent_rms_s15.npz,76350,05ce98b2cae82340fb8cc170ea0ef6bb629d75fdb8e35642e492cfe605e4ea72
tcn,mixed,43,bandpass_n20004_call_independent_rms_s10,phase2/results/predictions/full/mixed/tcn/seed_43/bandpass_n20004_call_independent_rms_s10.npz,76361,0f2398c9d632f1d260cd526d5825b3d1a49db1a7788210ff562f458eaf674b3b
tcn,mixed,43,bandpass_n20004_call_independent_rms_s5,phase2/results/predictions/full/mixed/tcn/seed_43/bandpass_n20004_call_independent_rms_s5.npz,76220,0e6ca91d4a1410f154bc0d31de8305b882ce573891a240c30b8a3287aa1b24e3
tcn,mixed,43,bandpass_n20004_call_independent_rms_s0,phase2/results/predictions/full/mixed/tcn/seed_43/bandpass_n20004_call_independent_rms_s0.npz,76042,5eb0ea900eeef0bb5ed18e7a4268889f448c8fcbf8d1e46aa27435b1bac9dc1f
tcn,mixed,43,bandpass_n20004_call_electrode_s20,phase2/results/predictions/full/mixed/tcn/seed_43/bandpass_n20004_call_electrode_s20.npz,76377,88e0f62c10f5c62ab5076cbb3909f57d60cddee541bc5cdbf617253cdb552a18
tcn,mixed,43,bandpass_n20004_call_electrode_s15,phase2/results/predictions/full/mixed/tcn/seed_43/bandpass_n20004_call_electrode_s15.npz,76356,ce19804b93213251bdfe0c060fcd1effc551660fc61118c0ff41cf7641b399f7
tcn,mixed,43,bandpass_n20004_call_electrode_s10,phase2/results/predictions/full/mixed/tcn/seed_43/bandpass_n20004_call_electrode_s10.npz,76344,84883c0035d03fc2a978842ea82dacb109f028e7394a6716f4293110c053873a
tcn,mixed,43,bandpass_n20004_call_electrode_s5,phase2/results/predictions/full/mixed/tcn/seed_43/bandpass_n20004_call_electrode_s5.npz,76138,de66e0eb8ebb49536c5b5cb2bee485ef3b3265aa997933def2419a90aa91f916
tcn,mixed,43,bandpass_n20004_call_electrode_s0,phase2/results/predictions/full/mixed/tcn/seed_43/bandpass_n20004_call_electrode_s0.npz,75860,a753fa874945e7a811c1c91113a9f1c3c9c252d1c6cde277865d26f8f3a9ec51
tcn,mixed,43,bandpass_n20004_call_covariance_s20,phase2/results/predictions/full/mixed/tcn/seed_43/bandpass_n20004_call_covariance_s20.npz,76359,b91f66e3acc42319000933b3ae757f3a03188df35fc406096c32fdde42c52265
tcn,mixed,43,bandpass_n20004_call_covariance_s15,phase2/results/predictions/full/mixed/tcn/seed_43/bandpass_n20004_call_covariance_s15.npz,76343,38a6748f94928d1e0203c767e1a6f65afb9430b8017b6f95bfec86dd636230b0
tcn,mixed,43,bandpass_n20004_call_covariance_s10,phase2/results/predictions/full/mixed/tcn/seed_43/bandpass_n20004_call_covariance_s10.npz,76280,fc2117eedbdd5b96a45a8f7fc9bacd76d7e93546cb1851f554d96b4499115611
tcn,mixed,43,bandpass_n20004_call_covariance_s5,phase2/results/predictions/full/mixed/tcn/seed_43/bandpass_n20004_call_covariance_s5.npz,76156,85bf524aba6cdbf5106fb0f5d36d636ee2155a2760fbbb38de816f030373e66c
tcn,mixed,43,bandpass_n20004_call_covariance_s0,phase2/results/predictions/full/mixed/tcn/seed_43/bandpass_n20004_call_covariance_s0.npz,75844,b5d0c64bf4081e73cef27131ea408630caa03f692b980acb6d98ca9d6f419250
tcn,mixed,43,bandpass_n20005_cRA_LA_LL_independent_rms_s20,phase2/results/predictions/full/mixed/tcn/seed_43/bandpass_n20005_cRA_LA_LL_independent_rms_s20.npz,76388,79622cc75b2be9f72335ea28e3fb3e3e9c32dad2a8b52ab167a0d624313a0adc
tcn,mixed,43,bandpass_n20005_cRA_LA_LL_independent_rms_s15,phase2/results/predictions/full/mixed/tcn/seed_43/bandpass_n20005_cRA_LA_LL_independent_rms_s15.npz,76375,5c2b175b9db10c229a7c892f31783681329eee2ab533e66162f59855ba27b7f9
tcn,mixed,43,bandpass_n20005_cRA_LA_LL_independent_rms_s10,phase2/results/predictions/full/mixed/tcn/seed_43/bandpass_n20005_cRA_LA_LL_independent_rms_s10.npz,76345,1f557c2ea7a590e0613b560833e5699bd61d24adb3d7f9aa8364aa6f71e44e3c
tcn,mixed,43,bandpass_n20005_cRA_LA_LL_independent_rms_s5,phase2/results/predictions/full/mixed/tcn/seed_43/bandpass_n20005_cRA_LA_LL_independent_rms_s5.npz,76268,aa53a1606bf705f257bbd6afc5d81025eda36285a63b97622cdce477b92d371e
tcn,mixed,43,bandpass_n20005_cRA_LA_LL_independent_rms_s0,phase2/results/predictions/full/mixed/tcn/seed_43/bandpass_n20005_cRA_LA_LL_independent_rms_s0.npz,76018,511e4319b78bc70c1aa17842518ee7fc226958f71957359d5410b0460d29ec34
tcn,mixed,43,bandpass_n20005_cRA_LA_LL_electrode_s20,phase2/results/predictions/full/mixed/tcn/seed_43/bandpass_n20005_cRA_LA_LL_electrode_s20.npz,76378,f6d5dba86f0b053ec6d0860d0fc887b9f93c43872d045e5ec44dda2aad89370f
tcn,mixed,43,bandpass_n20005_cRA_LA_LL_electrode_s15,phase2/results/predictions/full/mixed/tcn/seed_43/bandpass_n20005_cRA_LA_LL_electrode_s15.npz,76367,5e624a34973d09478a141eb69a074d68d5c0d1d613445358a1912543fcc1b087
tcn,mixed,43,bandpass_n20005_cRA_LA_LL_electrode_s10,phase2/results/predictions/full/mixed/tcn/seed_43/bandpass_n20005_cRA_LA_LL_electrode_s10.npz,76328,a77dc9ca5fab976ed69b2e6657587039d9f3ecf60dd48d3f1100833fe3dd8f54
tcn,mixed,43,bandpass_n20005_cRA_LA_LL_electrode_s5,phase2/results/predictions/full/mixed/tcn/seed_43/bandpass_n20005_cRA_LA_LL_electrode_s5.npz,76148,2c304b42a5bad0966e7570c6ce76350d4120f4be5fa293ec81386aba1c47551a
tcn,mixed,43,bandpass_n20005_cRA_LA_LL_electrode_s0,phase2/results/predictions/full/mixed/tcn/seed_43/bandpass_n20005_cRA_LA_LL_electrode_s0.npz,75750,91b2368137d1eb9a4fc4905f12c7997d498dbe3fb9956137ca79d2f7f8296dc8
tcn,mixed,43,bandpass_n20005_cRA_LA_LL_covariance_s20,phase2/results/predictions/full/mixed/tcn/seed_43/bandpass_n20005_cRA_LA_LL_covariance_s20.npz,76388,2b441e1d4c3364fa5c5b4c8600e08c9675724d9bf67ed1a3071dde88e0933057
tcn,mixed,43,bandpass_n20005_cRA_LA_LL_covariance_s15,phase2/results/predictions/full/mixed/tcn/seed_43/bandpass_n20005_cRA_LA_LL_covariance_s15.npz,76366,f4cd9764eef076bfe15df5dd7fef44ad3add80cbc971666b57bb8da1a9d95cac
tcn,mixed,43,bandpass_n20005_cRA_LA_LL_covariance_s10,phase2/results/predictions/full/mixed/tcn/seed_43/bandpass_n20005_cRA_LA_LL_covariance_s10.npz,76332,ce5ad97ad943250def6e4cd1dc807e0d2804a6ad884637dc0f24ab90dec0f2e5
tcn,mixed,43,bandpass_n20005_cRA_LA_LL_covariance_s5,phase2/results/predictions/full/mixed/tcn/seed_43/bandpass_n20005_cRA_LA_LL_covariance_s5.npz,76147,9f98e2a9d8e86c5997e10b02ef01913f2fc4c7334083d1740aa9bc47b1ae1d82
tcn,mixed,43,bandpass_n20005_cRA_LA_LL_covariance_s0,phase2/results/predictions/full/mixed/tcn/seed_43/bandpass_n20005_cRA_LA_LL_covariance_s0.npz,75745,d0622d8a42f91e59d2cd0e108d35e0eb60bbdd9185e0fa79617bf44fd2dfd774
tcn,mixed,43,bandpass_n20005_cV1_independent_rms_s20,phase2/results/predictions/full/mixed/tcn/seed_43/bandpass_n20005_cV1_independent_rms_s20.npz,76375,ff390d606576f8390d59bb1f1d8eaa9f51fd02d9b59a329ae89cb27d801a4821
tcn,mixed,43,bandpass_n20005_cV1_independent_rms_s15,phase2/results/predictions/full/mixed/tcn/seed_43/bandpass_n20005_cV1_independent_rms_s15.npz,76371,3e90b56ea92f3d68ed4e3c1f30721243c999efb2a22e230ecc5fea542afb86ac
tcn,mixed,43,bandpass_n20005_cV1_independent_rms_s10,phase2/results/predictions/full/mixed/tcn/seed_43/bandpass_n20005_cV1_independent_rms_s10.npz,76320,8351565e82dda1c10dad0cd26e8d35c6234800f780baaf6f31f6bada3ed95da4
tcn,mixed,43,bandpass_n20005_cV1_independent_rms_s5,phase2/results/predictions/full/mixed/tcn/seed_43/bandpass_n20005_cV1_independent_rms_s5.npz,76224,d141f18660f57163d984dbef784aebc003a8fa154706671726d9244b3ef7ae10
tcn,mixed,43,bandpass_n20005_cV1_independent_rms_s0,phase2/results/predictions/full/mixed/tcn/seed_43/bandpass_n20005_cV1_independent_rms_s0.npz,75957,aa1569fe00d93fb662cb09ec1cbe0441e07c444199e41550374eb7d022670b0b
tcn,mixed,43,bandpass_n20005_cV1_electrode_s20,phase2/results/predictions/full/mixed/tcn/seed_43/bandpass_n20005_cV1_electrode_s20.npz,76364,7c4abcabd8b43ae6689c2842ff1aa956ae60c4b0f0122fbd42699224fe50b9d9
tcn,mixed,43,bandpass_n20005_cV1_electrode_s15,phase2/results/predictions/full/mixed/tcn/seed_43/bandpass_n20005_cV1_electrode_s15.npz,76359,6dcb4e71bc1f3485d36e652fabce2c7567a6550d2f7bca31aeb14f6cb717f958
tcn,mixed,43,bandpass_n20005_cV1_electrode_s10,phase2/results/predictions/full/mixed/tcn/seed_43/bandpass_n20005_cV1_electrode_s10.npz,76321,067b2580371a15970432bd9995ccbbe35513144a633324a3c5597990188732b2
tcn,mixed,43,bandpass_n20005_cV1_electrode_s5,phase2/results/predictions/full/mixed/tcn/seed_43/bandpass_n20005_cV1_electrode_s5.npz,76242,e42ab9e5253e6a53afa5bf7e5d4e188e01a6b7171625e2633650a984f3aeeff2
tcn,mixed,43,bandpass_n20005_cV1_electrode_s0,phase2/results/predictions/full/mixed/tcn/seed_43/bandpass_n20005_cV1_electrode_s0.npz,75967,29972bc759347b85a13f0ce46ff34a641b84df751e89b36059b527dc46304e3b
tcn,mixed,43,bandpass_n20005_cV1_covariance_s20,phase2/results/predictions/full/mixed/tcn/seed_43/bandpass_n20005_cV1_covariance_s20.npz,76376,294c157c1a73c3624cbf291e2384d8fc60660fde3270d33d9ecbc11624e35bc3
tcn,mixed,43,bandpass_n20005_cV1_covariance_s15,phase2/results/predictions/full/mixed/tcn/seed_43/bandpass_n20005_cV1_covariance_s15.npz,76352,f45d60eea62b66f1f33f70cb7e7d6e55f0cd080fed1c53e315a395dff1dba1e3
tcn,mixed,43,bandpass_n20005_cV1_covariance_s10,phase2/results/predictions/full/mixed/tcn/seed_43/bandpass_n20005_cV1_covariance_s10.npz,76328,b555a342d8e7e2592471a2de2a614ed31dff6825e87f0b799f0ba8b758fa9b7b
tcn,mixed,43,bandpass_n20005_cV1_covariance_s5,phase2/results/predictions/full/mixed/tcn/seed_43/bandpass_n20005_cV1_covariance_s5.npz,76220,61324dd913300a9ac10d66fa32da819c7795fde7c66c0f5f5c5d8bfa7a78929b
tcn,mixed,43,bandpass_n20005_cV1_covariance_s0,phase2/results/predictions/full/mixed/tcn/seed_43/bandpass_n20005_cV1_covariance_s0.npz,75965,06513e7c32981080d70b9b74ffe6c14eb8e56b2423ed1f087af740a761dfe5db
tcn,mixed,43,bandpass_n20005_cV2_independent_rms_s20,phase2/results/predictions/full/mixed/tcn/seed_43/bandpass_n20005_cV2_independent_rms_s20.npz,76365,4822ea04e799f62dd865c53947f0d214524799efead78ba9cbc593c928ff0a85
tcn,mixed,43,bandpass_n20005_cV2_independent_rms_s15,phase2/results/predictions/full/mixed/tcn/seed_43/bandpass_n20005_cV2_independent_rms_s15.npz,76384,5f021aeb2f49d01a6ff1a93d55e1c95e126279de0d6195a2c72f9570f095c6e3
tcn,mixed,43,bandpass_n20005_cV2_independent_rms_s10,phase2/results/predictions/full/mixed/tcn/seed_43/bandpass_n20005_cV2_independent_rms_s10.npz,76348,1162aa269c2bb73e764e0d8f21653ac89f594a2183de0a83b2fae84b39412787
tcn,mixed,43,bandpass_n20005_cV2_independent_rms_s5,phase2/results/predictions/full/mixed/tcn/seed_43/bandpass_n20005_cV2_independent_rms_s5.npz,76262,1facd772b6e14258d7d22fc6480883fc63873c36f22ee1d4032e091974588d24
tcn,mixed,43,bandpass_n20005_cV2_independent_rms_s0,phase2/results/predictions/full/mixed/tcn/seed_43/bandpass_n20005_cV2_independent_rms_s0.npz,76075,d3f01a53024f930acf961fd9794895fa95df34e1b6fdaf275d9d4a83dd286f77
tcn,mixed,43,bandpass_n20005_cV2_electrode_s20,phase2/results/predictions/full/mixed/tcn/seed_43/bandpass_n20005_cV2_electrode_s20.npz,76352,db77a848fa6aaf19ee33bda44e2064eb0bd0cee6fb6d1b968d6ea7dbd07e9cd8
tcn,mixed,43,bandpass_n20005_cV2_electrode_s15,phase2/results/predictions/full/mixed/tcn/seed_43/bandpass_n20005_cV2_electrode_s15.npz,76356,e2d8073e391c27cd4504453dafe6bf4c69d8841773729cd85b90ccd4c897758b
tcn,mixed,43,bandpass_n20005_cV2_electrode_s10,phase2/results/predictions/full/mixed/tcn/seed_43/bandpass_n20005_cV2_electrode_s10.npz,76332,d1b2cd410900b52d98e4293e5645b5be0ee665e302c71c0d345860c4e8b34246
tcn,mixed,43,bandpass_n20005_cV2_electrode_s5,phase2/results/predictions/full/mixed/tcn/seed_43/bandpass_n20005_cV2_electrode_s5.npz,76239,6d64c9cd1d1ce42e70217252b36087e4117ccdf7bf9b336db1e494a7ee8186f8
tcn,mixed,43,bandpass_n20005_cV2_electrode_s0,phase2/results/predictions/full/mixed/tcn/seed_43/bandpass_n20005_cV2_electrode_s0.npz,76054,a0d134dfc790316a22283c6ea18a7278422d1bc85503a0f975b273376155b6f7
tcn,mixed,43,bandpass_n20005_cV2_covariance_s20,phase2/results/predictions/full/mixed/tcn/seed_43/bandpass_n20005_cV2_covariance_s20.npz,76388,c0fdf180ebf04060cc4c32f1862667f70ea9d266d2a4e2eebdb3dc40f07b5f45
tcn,mixed,43,bandpass_n20005_cV2_covariance_s15,phase2/results/predictions/full/mixed/tcn/seed_43/bandpass_n20005_cV2_covariance_s15.npz,76334,50c53c3a3dba5a37382b93db8da75eea256e7098075aafd0da626790527ac9b2
tcn,mixed,43,bandpass_n20005_cV2_covariance_s10,phase2/results/predictions/full/mixed/tcn/seed_43/bandpass_n20005_cV2_covariance_s10.npz,76314,3360e120026aadee30e738623172868d9f2b38c88a622c394693e58d96224f9d
tcn,mixed,43,bandpass_n20005_cV2_covariance_s5,phase2/results/predictions/full/mixed/tcn/seed_43/bandpass_n20005_cV2_covariance_s5.npz,76254,36b8b3c430729ea7eea3cdd0875181c4446224f6cde1aa03b4af4397e9db92da
tcn,mixed,43,bandpass_n20005_cV2_covariance_s0,phase2/results/predictions/full/mixed/tcn/seed_43/bandpass_n20005_cV2_covariance_s0.npz,76054,eb61dbb7076514fb435232387e9db64fa768dba4a654ae8c722d2cd08d337001
tcn,mixed,43,bandpass_n20005_cV3_independent_rms_s20,phase2/results/predictions/full/mixed/tcn/seed_43/bandpass_n20005_cV3_independent_rms_s20.npz,76373,8a101582677d2b6616e6fc86b4568de4ef53906d09bdce467c48adbcd0141700
tcn,mixed,43,bandpass_n20005_cV3_independent_rms_s15,phase2/results/predictions/full/mixed/tcn/seed_43/bandpass_n20005_cV3_independent_rms_s15.npz,76391,b9e2e0c61740ec876ada28c01b94656bb4709698fb0c85011919fc05f2a28d61
tcn,mixed,43,bandpass_n20005_cV3_independent_rms_s10,phase2/results/predictions/full/mixed/tcn/seed_43/bandpass_n20005_cV3_independent_rms_s10.npz,76353,a955734cf796e4bfd6ada300916a8a21f2265f294754eecb7274bb8328823644
tcn,mixed,43,bandpass_n20005_cV3_independent_rms_s5,phase2/results/predictions/full/mixed/tcn/seed_43/bandpass_n20005_cV3_independent_rms_s5.npz,76347,a28a4d1d408e125634387ca9627e4605fe3e569d64413aca115997213087a710
tcn,mixed,43,bandpass_n20005_cV3_independent_rms_s0,phase2/results/predictions/full/mixed/tcn/seed_43/bandpass_n20005_cV3_independent_rms_s0.npz,76247,be762b07c419c258cfd6c92bdff3f6c34f81be6566a7cf62eb41af237deaab7e
tcn,mixed,43,bandpass_n20005_cV3_electrode_s20,phase2/results/predictions/full/mixed/tcn/seed_43/bandpass_n20005_cV3_electrode_s20.npz,76397,da22319c3a8733de1fd1927702f7c28ded5dd784b6236f40a8b33da6a885ad91
tcn,mixed,43,bandpass_n20005_cV3_electrode_s15,phase2/results/predictions/full/mixed/tcn/seed_43/bandpass_n20005_cV3_electrode_s15.npz,76394,285ed8ae8e341abce2f476dd341d272bc62f4f93d04704c8f93d09bb4d28bd52
tcn,mixed,43,bandpass_n20005_cV3_electrode_s10,phase2/results/predictions/full/mixed/tcn/seed_43/bandpass_n20005_cV3_electrode_s10.npz,76413,ed588f691660efe13e2b769cc23d8a862bc1795bd49676fa4134846ce18448b3
tcn,mixed,43,bandpass_n20005_cV3_electrode_s5,phase2/results/predictions/full/mixed/tcn/seed_43/bandpass_n20005_cV3_electrode_s5.npz,76330,696650b95903eaeb28ed7eed442adabccc08fb316da90908631ce370fa5ab535
tcn,mixed,43,bandpass_n20005_cV3_electrode_s0,phase2/results/predictions/full/mixed/tcn/seed_43/bandpass_n20005_cV3_electrode_s0.npz,76233,6d98a79ff6b15e7f437003c240c31c0d981be6ef5df019fbb7bf29cbebc9d005
tcn,mixed,43,bandpass_n20005_cV3_covariance_s20,phase2/results/predictions/full/mixed/tcn/seed_43/bandpass_n20005_cV3_covariance_s20.npz,76338,20643a67082412989971a973e85f99fc87e99c78b16ca2b217c016751abeda2c
tcn,mixed,43,bandpass_n20005_cV3_covariance_s15,phase2/results/predictions/full/mixed/tcn/seed_43/bandpass_n20005_cV3_covariance_s15.npz,76363,015b3301db6ea767a69cf40405fc41b2a1d30d4e7eb858eda31ba24c517df9f4
tcn,mixed,43,bandpass_n20005_cV3_covariance_s10,phase2/results/predictions/full/mixed/tcn/seed_43/bandpass_n20005_cV3_covariance_s10.npz,76368,0c4ad12d0aa5dc774750262e4091eee3adbee8e4e0d6b5ee704e9d1d68fc1202
tcn,mixed,43,bandpass_n20005_cV3_covariance_s5,phase2/results/predictions/full/mixed/tcn/seed_43/bandpass_n20005_cV3_covariance_s5.npz,76321,bce30a4b26ee09b6c564339fc1e9da4c49c1f7f2c6a4102049465bd6a8cb7e2e
tcn,mixed,43,bandpass_n20005_cV3_covariance_s0,phase2/results/predictions/full/mixed/tcn/seed_43/bandpass_n20005_cV3_covariance_s0.npz,76239,f97f48c8a373f692a025e92df4ff4a07cea033826fd7b3dfdf0cc008647c357e
tcn,mixed,43,bandpass_n20005_cV4_independent_rms_s20,phase2/results/predictions/full/mixed/tcn/seed_43/bandpass_n20005_cV4_independent_rms_s20.npz,76371,7799c412187a71e82762f0ee24ad999d9d9236b92fe5aeeda051e13d5f2bca32
tcn,mixed,43,bandpass_n20005_cV4_independent_rms_s15,phase2/results/predictions/full/mixed/tcn/seed_43/bandpass_n20005_cV4_independent_rms_s15.npz,76414,3bda9a3bbd9a699763a2426bd00270bdde02e7073937e05e6d6fd626260731da
tcn,mixed,43,bandpass_n20005_cV4_independent_rms_s10,phase2/results/predictions/full/mixed/tcn/seed_43/bandpass_n20005_cV4_independent_rms_s10.npz,76379,2d858fd14b8d458fbf14decfb968270f3730d8353419404aa800c00d5c22e71b
tcn,mixed,43,bandpass_n20005_cV4_independent_rms_s5,phase2/results/predictions/full/mixed/tcn/seed_43/bandpass_n20005_cV4_independent_rms_s5.npz,76296,f6b2a9849b0df4b31efe889a847c2a25d70415377b1b0ffc1e0786ba98b560dd
tcn,mixed,43,bandpass_n20005_cV4_independent_rms_s0,phase2/results/predictions/full/mixed/tcn/seed_43/bandpass_n20005_cV4_independent_rms_s0.npz,76080,8ed2139602de9cb4af2446b4d0bfda026b13fc59acd252933a2c7cee997f6f99
tcn,mixed,43,bandpass_n20005_cV4_electrode_s20,phase2/results/predictions/full/mixed/tcn/seed_43/bandpass_n20005_cV4_electrode_s20.npz,76344,bfeef0b37d62d920045876f0622b10e521e44d1de7a6bf42b755f0087984aab4
tcn,mixed,43,bandpass_n20005_cV4_electrode_s15,phase2/results/predictions/full/mixed/tcn/seed_43/bandpass_n20005_cV4_electrode_s15.npz,76369,63dd972f251e985296f3bfaff130a5ec3cb182ab041c84beebd8347f517daf1c
tcn,mixed,43,bandpass_n20005_cV4_electrode_s10,phase2/results/predictions/full/mixed/tcn/seed_43/bandpass_n20005_cV4_electrode_s10.npz,76366,4d329cceeca5a81c54021372ccdf82703f884b99533f7d67283a8d229f5330e7
tcn,mixed,43,bandpass_n20005_cV4_electrode_s5,phase2/results/predictions/full/mixed/tcn/seed_43/bandpass_n20005_cV4_electrode_s5.npz,76284,73775104e6f93d5d258dd0a24b8028bfff4b20c08baf592e842de232b0cd3060
tcn,mixed,43,bandpass_n20005_cV4_electrode_s0,phase2/results/predictions/full/mixed/tcn/seed_43/bandpass_n20005_cV4_electrode_s0.npz,76084,231728dbc4fc76e6c62cb54630646df8ce5584ce0eae40ba7e315ea5f338ac46
tcn,mixed,43,bandpass_n20005_cV4_covariance_s20,phase2/results/predictions/full/mixed/tcn/seed_43/bandpass_n20005_cV4_covariance_s20.npz,76368,e18619bf030640a1a6db430d69a5501fe4a9923677d69d95b6a27edc1ce8e120
tcn,mixed,43,bandpass_n20005_cV4_covariance_s15,phase2/results/predictions/full/mixed/tcn/seed_43/bandpass_n20005_cV4_covariance_s15.npz,76392,f2973f182996328d9db2ea5b46ab480fec8c7a558419b5534ad9d5a2959ab4d3
tcn,mixed,43,bandpass_n20005_cV4_covariance_s10,phase2/results/predictions/full/mixed/tcn/seed_43/bandpass_n20005_cV4_covariance_s10.npz,76352,0d3b453b46c57d056243ea8e0fd4896514292e9f390a2f334dfa278169af45b6
tcn,mixed,43,bandpass_n20005_cV4_covariance_s5,phase2/results/predictions/full/mixed/tcn/seed_43/bandpass_n20005_cV4_covariance_s5.npz,76285,21838887c4f598975215163a1a49c8f2a8993ebcbb948759a7a3f8211a1c3271
tcn,mixed,43,bandpass_n20005_cV4_covariance_s0,phase2/results/predictions/full/mixed/tcn/seed_43/bandpass_n20005_cV4_covariance_s0.npz,76088,a5c16df24efe9435e8901cc9fabe07767293c0e04b72dd3c33c06a0720f94616
tcn,mixed,43,bandpass_n20005_cV5_independent_rms_s20,phase2/results/predictions/full/mixed/tcn/seed_43/bandpass_n20005_cV5_independent_rms_s20.npz,76405,b808f91a2446c36bfe97780d52ff299e4743b04affb15bfd1be893c09c32e1de
tcn,mixed,43,bandpass_n20005_cV5_independent_rms_s15,phase2/results/predictions/full/mixed/tcn/seed_43/bandpass_n20005_cV5_independent_rms_s15.npz,76381,64f42e3b0e4a41922d3e3ec4944b50acde830ea2605cc88c64ec811f7af2d4ac
tcn,mixed,43,bandpass_n20005_cV5_independent_rms_s10,phase2/results/predictions/full/mixed/tcn/seed_43/bandpass_n20005_cV5_independent_rms_s10.npz,76353,f22d37681f2f78a4e9fa12ade418c390ba8e4a78beb51c0a6357b5f8d492896b
tcn,mixed,43,bandpass_n20005_cV5_independent_rms_s5,phase2/results/predictions/full/mixed/tcn/seed_43/bandpass_n20005_cV5_independent_rms_s5.npz,76262,058aad91a34c354e4a58072a0abedda1c77cffdb2e4825b6cc69c91b63f5a92d
tcn,mixed,43,bandpass_n20005_cV5_independent_rms_s0,phase2/results/predictions/full/mixed/tcn/seed_43/bandpass_n20005_cV5_independent_rms_s0.npz,76044,86af4a9167a788c543c37350a2e3ac3e14934eb8752e0ebcbd998babe27728c1
tcn,mixed,43,bandpass_n20005_cV5_electrode_s20,phase2/results/predictions/full/mixed/tcn/seed_43/bandpass_n20005_cV5_electrode_s20.npz,76360,c269ccf2d8000dbbc2474dcb30e732f26a4e03763d733ad27d1d99865dbc3e49
tcn,mixed,43,bandpass_n20005_cV5_electrode_s15,phase2/results/predictions/full/mixed/tcn/seed_43/bandpass_n20005_cV5_electrode_s15.npz,76382,22f59ffaf469cffa79960b704fe6494fbb3371ecfd053982f116c86517b5f373
tcn,mixed,43,bandpass_n20005_cV5_electrode_s10,phase2/results/predictions/full/mixed/tcn/seed_43/bandpass_n20005_cV5_electrode_s10.npz,76353,c69da50fe69ebaaa76aa6944a6888daac00fb55908af10bdaa51526e121ad506
tcn,mixed,43,bandpass_n20005_cV5_electrode_s5,phase2/results/predictions/full/mixed/tcn/seed_43/bandpass_n20005_cV5_electrode_s5.npz,76251,ef0be5deab2e976009bb987f2704e6c05c148281ec56eaecc011b5b95e77af90
tcn,mixed,43,bandpass_n20005_cV5_electrode_s0,phase2/results/predictions/full/mixed/tcn/seed_43/bandpass_n20005_cV5_electrode_s0.npz,76025,1ab7a9834d165d2673dca616c8773854b31a3ca3dc1ff5adcb6733a09165738b
tcn,mixed,43,bandpass_n20005_cV5_covariance_s20,phase2/results/predictions/full/mixed/tcn/seed_43/bandpass_n20005_cV5_covariance_s20.npz,76352,5e17f124acebaa825cab64b213cd04a87de090c3d32613be5165cdae98bbbcc8
tcn,mixed,43,bandpass_n20005_cV5_covariance_s15,phase2/results/predictions/full/mixed/tcn/seed_43/bandpass_n20005_cV5_covariance_s15.npz,76376,ec530e5709a63a35198a9d82cb5cbb0524f970c4b6a75b8e69e093bea90d62c1
tcn,mixed,43,bandpass_n20005_cV5_covariance_s10,phase2/results/predictions/full/mixed/tcn/seed_43/bandpass_n20005_cV5_covariance_s10.npz,76323,cbf3e04cbbfb949a7819e64ef670928fd8b5764df2402378b594e0042ce3474d
tcn,mixed,43,bandpass_n20005_cV5_covariance_s5,phase2/results/predictions/full/mixed/tcn/seed_43/bandpass_n20005_cV5_covariance_s5.npz,76262,0cd24eb944cfa5289cc72786f25d95664eecb43666f98695d22e771a2404c89a
tcn,mixed,43,bandpass_n20005_cV5_covariance_s0,phase2/results/predictions/full/mixed/tcn/seed_43/bandpass_n20005_cV5_covariance_s0.npz,76007,c54dde5f180386c9fcc8213d26706b4f36269af72cfd770fb2343886afc88e8e
tcn,mixed,43,bandpass_n20005_cV6_independent_rms_s20,phase2/results/predictions/full/mixed/tcn/seed_43/bandpass_n20005_cV6_independent_rms_s20.npz,76423,2587fb1656b458c7506edfd4e2e0c8e197e58852b03500f3cbfe3faa58a6a918
tcn,mixed,43,bandpass_n20005_cV6_independent_rms_s15,phase2/results/predictions/full/mixed/tcn/seed_43/bandpass_n20005_cV6_independent_rms_s15.npz,76354,90287d3eb02d49cf2b2f35ba222b9b0487242b80e57bef20dadf14afda51822d
tcn,mixed,43,bandpass_n20005_cV6_independent_rms_s10,phase2/results/predictions/full/mixed/tcn/seed_43/bandpass_n20005_cV6_independent_rms_s10.npz,76362,8dd77b294f84a6e42a7d653283d12284d236a42af327e40a5af0236b9506ad7a
tcn,mixed,43,bandpass_n20005_cV6_independent_rms_s5,phase2/results/predictions/full/mixed/tcn/seed_43/bandpass_n20005_cV6_independent_rms_s5.npz,76269,73b10b2c016f81f95ab5ad7cb09ea7bdf77bef2a8a4f83550bb826bc992058bb
tcn,mixed,43,bandpass_n20005_cV6_independent_rms_s0,phase2/results/predictions/full/mixed/tcn/seed_43/bandpass_n20005_cV6_independent_rms_s0.npz,76065,8fb3e193b03d5dd626ec8343b9602ff212ae84f791a80bfaae95046f36b727a8
tcn,mixed,43,bandpass_n20005_cV6_electrode_s20,phase2/results/predictions/full/mixed/tcn/seed_43/bandpass_n20005_cV6_electrode_s20.npz,76374,032be6b1b6f3db1270d3ae38c8e052086bf865db967fcc799ae4baeb975bbdd6
tcn,mixed,43,bandpass_n20005_cV6_electrode_s15,phase2/results/predictions/full/mixed/tcn/seed_43/bandpass_n20005_cV6_electrode_s15.npz,76360,52e3eccbcaf3c6a6a8cdc977bb89424cf39747dc1423f03924f7b483f9d67b67
tcn,mixed,43,bandpass_n20005_cV6_electrode_s10,phase2/results/predictions/full/mixed/tcn/seed_43/bandpass_n20005_cV6_electrode_s10.npz,76350,5d97a8fd28b379fd9578584dd1d35fdab52eedf7bebe3fbaf7020dba7f9fd34f
tcn,mixed,43,bandpass_n20005_cV6_electrode_s5,phase2/results/predictions/full/mixed/tcn/seed_43/bandpass_n20005_cV6_electrode_s5.npz,76273,b8be1b39369321e679384836c3c40100a714c86b5d8192ed1ad5e59577ff4181
tcn,mixed,43,bandpass_n20005_cV6_electrode_s0,phase2/results/predictions/full/mixed/tcn/seed_43/bandpass_n20005_cV6_electrode_s0.npz,76051,676f409a9ead4f872974e37a1b8a98ad3b8a0c5c37c0c5f43eead980bc123e61
tcn,mixed,43,bandpass_n20005_cV6_covariance_s20,phase2/results/predictions/full/mixed/tcn/seed_43/bandpass_n20005_cV6_covariance_s20.npz,76383,1d4b421d6708a0a0f3bd04d1720e8c6d6e6b4732ade759ce4cc52ae5c07f078f
tcn,mixed,43,bandpass_n20005_cV6_covariance_s15,phase2/results/predictions/full/mixed/tcn/seed_43/bandpass_n20005_cV6_covariance_s15.npz,76376,af026dad707a13e01a2ac68f1b21125ab7bce1592515915c7cf80f1a399c90b6
tcn,mixed,43,bandpass_n20005_cV6_covariance_s10,phase2/results/predictions/full/mixed/tcn/seed_43/bandpass_n20005_cV6_covariance_s10.npz,76321,ce054181eba1dc0a7a485a023d3d0a84deadb884dd667b95b1d092bd47d5ff5f
tcn,mixed,43,bandpass_n20005_cV6_covariance_s5,phase2/results/predictions/full/mixed/tcn/seed_43/bandpass_n20005_cV6_covariance_s5.npz,76260,2f00b05af2857fa72e58c887b7e62da02f449bd513b4c579cb3597630a954775
tcn,mixed,43,bandpass_n20005_cV6_covariance_s0,phase2/results/predictions/full/mixed/tcn/seed_43/bandpass_n20005_cV6_covariance_s0.npz,76048,433342b575293dfef31516c49c6796219ee9df46c265c3eb78501f0d91f7494d
tcn,mixed,43,bandpass_n20005_cRA_LA_independent_rms_s20,phase2/results/predictions/full/mixed/tcn/seed_43/bandpass_n20005_cRA_LA_independent_rms_s20.npz,76397,2e7a85c6c96524f8745f8d2ac0423c61a8589812b47c68aa186b739cef8eb98a
tcn,mixed,43,bandpass_n20005_cRA_LA_independent_rms_s15,phase2/results/predictions/full/mixed/tcn/seed_43/bandpass_n20005_cRA_LA_independent_rms_s15.npz,76372,13774e063272be6e01a8a1e7e8bc20f2690adb25bf6cd1d0f0a3cad230aa788a
tcn,mixed,43,bandpass_n20005_cRA_LA_independent_rms_s10,phase2/results/predictions/full/mixed/tcn/seed_43/bandpass_n20005_cRA_LA_independent_rms_s10.npz,76359,40d1fdd25a5516c41599850aaaeee7b90aefa0041df6e9c0c5c93bb6d8dab50b
tcn,mixed,43,bandpass_n20005_cRA_LA_independent_rms_s5,phase2/results/predictions/full/mixed/tcn/seed_43/bandpass_n20005_cRA_LA_independent_rms_s5.npz,76279,d6407511ddb70a5f8aee193614ca1ed97261dd1813dd8d6609b17c2a74f5f422
tcn,mixed,43,bandpass_n20005_cRA_LA_independent_rms_s0,phase2/results/predictions/full/mixed/tcn/seed_43/bandpass_n20005_cRA_LA_independent_rms_s0.npz,76020,c4a08c367f76d29e3ee87a858f64c01973fddcbdc5096496f46cc76579b668f8
tcn,mixed,43,bandpass_n20005_cRA_LA_electrode_s20,phase2/results/predictions/full/mixed/tcn/seed_43/bandpass_n20005_cRA_LA_electrode_s20.npz,76373,8149ae97ec87d963dd0a9701528a1f0b9a77a403a80237aa0e212f9c943964c1
tcn,mixed,43,bandpass_n20005_cRA_LA_electrode_s15,phase2/results/predictions/full/mixed/tcn/seed_43/bandpass_n20005_cRA_LA_electrode_s15.npz,76345,72be737cd1fb792a3bad403b5a7cd8f18498613bed87f41f63ae310ab24d8a59
tcn,mixed,43,bandpass_n20005_cRA_LA_electrode_s10,phase2/results/predictions/full/mixed/tcn/seed_43/bandpass_n20005_cRA_LA_electrode_s10.npz,76297,6e7090d3a4aea930ff03cc254981694fe609e282531601e52094f0b11d280309
tcn,mixed,43,bandpass_n20005_cRA_LA_electrode_s5,phase2/results/predictions/full/mixed/tcn/seed_43/bandpass_n20005_cRA_LA_electrode_s5.npz,76148,a8c4808e683b17b0e30b844314657ab77605d9a50b4c7452dfcd1a1426913a4e
tcn,mixed,43,bandpass_n20005_cRA_LA_electrode_s0,phase2/results/predictions/full/mixed/tcn/seed_43/bandpass_n20005_cRA_LA_electrode_s0.npz,75672,4a9ac37a23165983b9a6cd4e4629b70474baafc9b8b6be9f2c2b5d81e7311fee
tcn,mixed,43,bandpass_n20005_cRA_LA_covariance_s20,phase2/results/predictions/full/mixed/tcn/seed_43/bandpass_n20005_cRA_LA_covariance_s20.npz,76383,59b829d6ef7b9bbc1dc49c456fe73042cb4fddb0e86d7e147ecbbce426074099
tcn,mixed,43,bandpass_n20005_cRA_LA_covariance_s15,phase2/results/predictions/full/mixed/tcn/seed_43/bandpass_n20005_cRA_LA_covariance_s15.npz,76366,575e78c57aa989488087c27043b5535a91f87a123e6e4b31df6c109778490a31
tcn,mixed,43,bandpass_n20005_cRA_LA_covariance_s10,phase2/results/predictions/full/mixed/tcn/seed_43/bandpass_n20005_cRA_LA_covariance_s10.npz,76312,a2d3da0c9bc4badbb9b4c60815cca53c5bb26dbfe4aeff1d99b85f65ce066f39
tcn,mixed,43,bandpass_n20005_cRA_LA_covariance_s5,phase2/results/predictions/full/mixed/tcn/seed_43/bandpass_n20005_cRA_LA_covariance_s5.npz,76123,f0f0da68892052fd7c1802fb4cf18444b023c46ec8c6e4096b49609650424bf9
tcn,mixed,43,bandpass_n20005_cRA_LA_covariance_s0,phase2/results/predictions/full/mixed/tcn/seed_43/bandpass_n20005_cRA_LA_covariance_s0.npz,75693,1a57b4bc072ae5b5b3351fa89ab36953a9abdab24a2f8f8795891a7122ed19e7
tcn,mixed,43,bandpass_n20005_cLA_LL_independent_rms_s20,phase2/results/predictions/full/mixed/tcn/seed_43/bandpass_n20005_cLA_LL_independent_rms_s20.npz,76365,1df862b05043e572fd1a9906029a9a8034b5a408fd1a2eaaf411f46df09ced1a
tcn,mixed,43,bandpass_n20005_cLA_LL_independent_rms_s15,phase2/results/predictions/full/mixed/tcn/seed_43/bandpass_n20005_cLA_LL_independent_rms_s15.npz,76383,ef3b45dcf3b07399492065d8d622862a7a51ca9df90438065c838df340585578
tcn,mixed,43,bandpass_n20005_cLA_LL_independent_rms_s10,phase2/results/predictions/full/mixed/tcn/seed_43/bandpass_n20005_cLA_LL_independent_rms_s10.npz,76349,05f2a1627affc2f8c24d22f9906474b9f9f7c5876002c17b300ef217441f3ae2
tcn,mixed,43,bandpass_n20005_cLA_LL_independent_rms_s5,phase2/results/predictions/full/mixed/tcn/seed_43/bandpass_n20005_cLA_LL_independent_rms_s5.npz,76273,581f3f70fb044b9887f31768325b115641b9660ed3e19171d731f63b367c3a66
tcn,mixed,43,bandpass_n20005_cLA_LL_independent_rms_s0,phase2/results/predictions/full/mixed/tcn/seed_43/bandpass_n20005_cLA_LL_independent_rms_s0.npz,76033,d4b23714510f94d5e94f8f20a2bcb42c440f11c6764d27001666c6f72f42dbbd
tcn,mixed,43,bandpass_n20005_cLA_LL_electrode_s20,phase2/results/predictions/full/mixed/tcn/seed_43/bandpass_n20005_cLA_LL_electrode_s20.npz,76390,b5b99ec077e14bb69139bd882b31b00925de3c633ea8471285c7368d2350fc96
tcn,mixed,43,bandpass_n20005_cLA_LL_electrode_s15,phase2/results/predictions/full/mixed/tcn/seed_43/bandpass_n20005_cLA_LL_electrode_s15.npz,76366,6199413ad246e892b72a8e9eef2de6f68f7582cd55391b31b3c9a460afd30b0a
tcn,mixed,43,bandpass_n20005_cLA_LL_electrode_s10,phase2/results/predictions/full/mixed/tcn/seed_43/bandpass_n20005_cLA_LL_electrode_s10.npz,76316,e90fd15d1508d84cf4ef8b28d6619bcc7ae8d0139bcabb736b211e4d97f421a8
tcn,mixed,43,bandpass_n20005_cLA_LL_electrode_s5,phase2/results/predictions/full/mixed/tcn/seed_43/bandpass_n20005_cLA_LL_electrode_s5.npz,76175,cc1e3b0a1071d93a3384bfba5bd98374b3f1e2dd802547d250698b79a6869056
tcn,mixed,43,bandpass_n20005_cLA_LL_electrode_s0,phase2/results/predictions/full/mixed/tcn/seed_43/bandpass_n20005_cLA_LL_electrode_s0.npz,75838,325beaa17f39780bd5540064eb7bf324fbbd843d1a6eecdca59aaf363936766c
tcn,mixed,43,bandpass_n20005_cLA_LL_covariance_s20,phase2/results/predictions/full/mixed/tcn/seed_43/bandpass_n20005_cLA_LL_covariance_s20.npz,76356,41dff340d9771fa9fe8ef4c8415dd7428adce73bca6c4ca3d11552ade1498add
tcn,mixed,43,bandpass_n20005_cLA_LL_covariance_s15,phase2/results/predictions/full/mixed/tcn/seed_43/bandpass_n20005_cLA_LL_covariance_s15.npz,76392,67d0ca7aca8fdeb26f0de82e0f9142cedffcba7d99fe9cb71ae15d2b139604df
tcn,mixed,43,bandpass_n20005_cLA_LL_covariance_s10,phase2/results/predictions/full/mixed/tcn/seed_43/bandpass_n20005_cLA_LL_covariance_s10.npz,76336,9c18fa3481028d89d9516d113e0e18b7dd0452d26d80a5d29baa48070cea5004
tcn,mixed,43,bandpass_n20005_cLA_LL_covariance_s5,phase2/results/predictions/full/mixed/tcn/seed_43/bandpass_n20005_cLA_LL_covariance_s5.npz,76186,6b909078855f29ad9b526cad804f3566089436fb8d29e08bd5b9aaa0be7295ea
tcn,mixed,43,bandpass_n20005_cLA_LL_covariance_s0,phase2/results/predictions/full/mixed/tcn/seed_43/bandpass_n20005_cLA_LL_covariance_s0.npz,75866,230be6146ad38d68548c923bc2c59eea5a8afe42e84ccfa88060deb1fd7db3ab
tcn,mixed,43,bandpass_n20005_cRA_LL_independent_rms_s20,phase2/results/predictions/full/mixed/tcn/seed_43/bandpass_n20005_cRA_LL_independent_rms_s20.npz,76394,f5cd32d419ff656121380a865beec51cb5567c1a8d90380b5d5ab09ad93c4b09
tcn,mixed,43,bandpass_n20005_cRA_LL_independent_rms_s15,phase2/results/predictions/full/mixed/tcn/seed_43/bandpass_n20005_cRA_LL_independent_rms_s15.npz,76399,4e3a10f930d704841a52e3d32039afea5d9ef515a1cece389858171f79fc184d
tcn,mixed,43,bandpass_n20005_cRA_LL_independent_rms_s10,phase2/results/predictions/full/mixed/tcn/seed_43/bandpass_n20005_cRA_LL_independent_rms_s10.npz,76353,e1d60b45b3a97e2bd06b1009188df30d57980e7b77ee5075b85fd1a11f0d027a
tcn,mixed,43,bandpass_n20005_cRA_LL_independent_rms_s5,phase2/results/predictions/full/mixed/tcn/seed_43/bandpass_n20005_cRA_LL_independent_rms_s5.npz,76280,5084382010a3922613239e00f76b1ec485a3bf226041f48431f786227db23a20
tcn,mixed,43,bandpass_n20005_cRA_LL_independent_rms_s0,phase2/results/predictions/full/mixed/tcn/seed_43/bandpass_n20005_cRA_LL_independent_rms_s0.npz,76037,207440c66da2eb3e7175662d8310ee0745b2ee009153a5281f9ca8bfc7dfe496
tcn,mixed,43,bandpass_n20005_cRA_LL_electrode_s20,phase2/results/predictions/full/mixed/tcn/seed_43/bandpass_n20005_cRA_LL_electrode_s20.npz,76382,50e267a2cfe97a27e719aa81d47e3e2181b94429e37ad98f2b904bfcbe41496e
tcn,mixed,43,bandpass_n20005_cRA_LL_electrode_s15,phase2/results/predictions/full/mixed/tcn/seed_43/bandpass_n20005_cRA_LL_electrode_s15.npz,76355,6c45f40aa3475b0a0c7eed1ebea7e66371a6c3f6220b2ac9eaed55eb8de13608
tcn,mixed,43,bandpass_n20005_cRA_LL_electrode_s10,phase2/results/predictions/full/mixed/tcn/seed_43/bandpass_n20005_cRA_LL_electrode_s10.npz,76303,8b67385bdbec2e4942210699dd6798d77e5bcdeb9228305d0293f528431c7601
tcn,mixed,43,bandpass_n20005_cRA_LL_electrode_s5,phase2/results/predictions/full/mixed/tcn/seed_43/bandpass_n20005_cRA_LL_electrode_s5.npz,76132,1a3a2937f1521d68171b05cdf7662b4705f0a27b07e290e777a9b32f933eba4a
tcn,mixed,43,bandpass_n20005_cRA_LL_electrode_s0,phase2/results/predictions/full/mixed/tcn/seed_43/bandpass_n20005_cRA_LL_electrode_s0.npz,75720,73a630fb1d273bdaafa854ea86b486a9c947e9562f3545408b3f8aec5243bcbc
tcn,mixed,43,bandpass_n20005_cRA_LL_covariance_s20,phase2/results/predictions/full/mixed/tcn/seed_43/bandpass_n20005_cRA_LL_covariance_s20.npz,76388,99808a4b816d9cefcd3a5f26bce96feaf936536949387981b4c727e21238341e
tcn,mixed,43,bandpass_n20005_cRA_LL_covariance_s15,phase2/results/predictions/full/mixed/tcn/seed_43/bandpass_n20005_cRA_LL_covariance_s15.npz,76348,d55013f96dbef5753c866a1d5318f981f591e70d3e4966c57e85155930779c94
tcn,mixed,43,bandpass_n20005_cRA_LL_covariance_s10,phase2/results/predictions/full/mixed/tcn/seed_43/bandpass_n20005_cRA_LL_covariance_s10.npz,76317,8ff24bfcfc9e970feead50e8702d33431d1c447640335ec48a730a70d98f2507
tcn,mixed,43,bandpass_n20005_cRA_LL_covariance_s5,phase2/results/predictions/full/mixed/tcn/seed_43/bandpass_n20005_cRA_LL_covariance_s5.npz,76102,6d782abe32cb768e8d727f7cf771a77a0eb334ab5f5351299a8bb8c890fda4cb
tcn,mixed,43,bandpass_n20005_cRA_LL_covariance_s0,phase2/results/predictions/full/mixed/tcn/seed_43/bandpass_n20005_cRA_LL_covariance_s0.npz,75688,095e521c8a36fe8737986535c6017c6cfe0b0b8ddda418188839f50be9ee97f7
tcn,mixed,43,bandpass_n20005_cRA_independent_rms_s20,phase2/results/predictions/full/mixed/tcn/seed_43/bandpass_n20005_cRA_independent_rms_s20.npz,76426,9df255689c1e971522e34e920c813dc17e79f7d271138b59bc9a1f5302548316
tcn,mixed,43,bandpass_n20005_cRA_independent_rms_s15,phase2/results/predictions/full/mixed/tcn/seed_43/bandpass_n20005_cRA_independent_rms_s15.npz,76369,452847c480b3d67a860a1bcb9958a52a2f4c690958d52c05e5e2e75a02e644f3
tcn,mixed,43,bandpass_n20005_cRA_independent_rms_s10,phase2/results/predictions/full/mixed/tcn/seed_43/bandpass_n20005_cRA_independent_rms_s10.npz,76310,9ba7800197318ef0f8dda3c59531bdadbddedef7623434566d96643541b82ef4
tcn,mixed,43,bandpass_n20005_cRA_independent_rms_s5,phase2/results/predictions/full/mixed/tcn/seed_43/bandpass_n20005_cRA_independent_rms_s5.npz,76256,80a01c2dcc94e90f26265a58add2d1541d241642a616a02541af289aa4983168
tcn,mixed,43,bandpass_n20005_cRA_independent_rms_s0,phase2/results/predictions/full/mixed/tcn/seed_43/bandpass_n20005_cRA_independent_rms_s0.npz,76034,e5626cc7b66c061a46bda154984b390cfd8a9634f9856d8b1184a6f176a60342
tcn,mixed,43,bandpass_n20005_cRA_electrode_s20,phase2/results/predictions/full/mixed/tcn/seed_43/bandpass_n20005_cRA_electrode_s20.npz,76363,77fda5856bc587c9b2252ef4afe3be1fd61f2007792640503f40980b41eb9776
tcn,mixed,43,bandpass_n20005_cRA_electrode_s15,phase2/results/predictions/full/mixed/tcn/seed_43/bandpass_n20005_cRA_electrode_s15.npz,76367,70ade54a88f688e360b460dd1c9918b7dfb5d1dd1026cc8954446a5243b6b2a2
tcn,mixed,43,bandpass_n20005_cRA_electrode_s10,phase2/results/predictions/full/mixed/tcn/seed_43/bandpass_n20005_cRA_electrode_s10.npz,76267,d3ea5d91b2e516150acffac48071d000634701ed8dc0bf00de3f8f0769a90f72
tcn,mixed,43,bandpass_n20005_cRA_electrode_s5,phase2/results/predictions/full/mixed/tcn/seed_43/bandpass_n20005_cRA_electrode_s5.npz,76049,bf88021e4acf0587b23cdbad6b9bc78d3ff1e280c56111a4f44d4813660dc850
tcn,mixed,43,bandpass_n20005_cRA_electrode_s0,phase2/results/predictions/full/mixed/tcn/seed_43/bandpass_n20005_cRA_electrode_s0.npz,75524,084ed51f57b7589339906aca398d08006d7dd141bc8bfe3b8949b994ce63fc58
tcn,mixed,43,bandpass_n20005_cRA_covariance_s20,phase2/results/predictions/full/mixed/tcn/seed_43/bandpass_n20005_cRA_covariance_s20.npz,76379,ade0a3d9cff85a400d64a318ab584bad1fe8795edb7c1b7f50088538018fe20e
tcn,mixed,43,bandpass_n20005_cRA_covariance_s15,phase2/results/predictions/full/mixed/tcn/seed_43/bandpass_n20005_cRA_covariance_s15.npz,76322,d868a9027462d5284e52b69883ce4e0db2214c66929287c848ebddea515a7d0c
tcn,mixed,43,bandpass_n20005_cRA_covariance_s10,phase2/results/predictions/full/mixed/tcn/seed_43/bandpass_n20005_cRA_covariance_s10.npz,76278,fb3d4e7c153e7d8343e64029f4a0b41b199ff4cc3bcc3fdf63d3b06db2411f5f
tcn,mixed,43,bandpass_n20005_cRA_covariance_s5,phase2/results/predictions/full/mixed/tcn/seed_43/bandpass_n20005_cRA_covariance_s5.npz,76050,6de41a2f764dec5f103c74f9caf69ab73bc26f3eaf40e0cd79fd0be907854e17
tcn,mixed,43,bandpass_n20005_cRA_covariance_s0,phase2/results/predictions/full/mixed/tcn/seed_43/bandpass_n20005_cRA_covariance_s0.npz,75499,7c0b5917b903d3cf6d8e10d3608d8c348ea6ea37cd2dfe3ea4daa1e74df381fc
tcn,mixed,43,bandpass_n20005_cLA_independent_rms_s20,phase2/results/predictions/full/mixed/tcn/seed_43/bandpass_n20005_cLA_independent_rms_s20.npz,76377,41e13b4bfee5e14995019a11fb90952afcfee645564aa3577a2b9d757262da85
tcn,mixed,43,bandpass_n20005_cLA_independent_rms_s15,phase2/results/predictions/full/mixed/tcn/seed_43/bandpass_n20005_cLA_independent_rms_s15.npz,76417,38a5140d11ba97311910ffd1fa737d4cc44bfef7299a87384bc0a4bea6d2e624
tcn,mixed,43,bandpass_n20005_cLA_independent_rms_s10,phase2/results/predictions/full/mixed/tcn/seed_43/bandpass_n20005_cLA_independent_rms_s10.npz,76355,59920e42a3278eb760de480e3b54d16a3f4833f79ae112d40903d0c2c0e3d328
tcn,mixed,43,bandpass_n20005_cLA_independent_rms_s5,phase2/results/predictions/full/mixed/tcn/seed_43/bandpass_n20005_cLA_independent_rms_s5.npz,76261,ef04d1ddda140a8e279269f158f78d64f35a8cadc037b5d460417c04ae28e30d
tcn,mixed,43,bandpass_n20005_cLA_independent_rms_s0,phase2/results/predictions/full/mixed/tcn/seed_43/bandpass_n20005_cLA_independent_rms_s0.npz,76007,6fe6dc88de1319a1e9fda19130df701d457cc84222cddc59b940f114aad95b9e
tcn,mixed,43,bandpass_n20005_cLA_electrode_s20,phase2/results/predictions/full/mixed/tcn/seed_43/bandpass_n20005_cLA_electrode_s20.npz,76368,0a78618160140621a3721958682971c1adccc35545c212e15059ac9d1412d79d
tcn,mixed,43,bandpass_n20005_cLA_electrode_s15,phase2/results/predictions/full/mixed/tcn/seed_43/bandpass_n20005_cLA_electrode_s15.npz,76359,716678a8a29acdbbd438fe3c13985fe2ecbe92355863fa7af2e3cbefbc052a54
tcn,mixed,43,bandpass_n20005_cLA_electrode_s10,phase2/results/predictions/full/mixed/tcn/seed_43/bandpass_n20005_cLA_electrode_s10.npz,76335,dc5fa038f498673f355235034a3317c668434cd77aaab51e4d5520c063367808
tcn,mixed,43,bandpass_n20005_cLA_electrode_s5,phase2/results/predictions/full/mixed/tcn/seed_43/bandpass_n20005_cLA_electrode_s5.npz,76212,c172f701131a0f22b54aee6be5dce70b5c9576386334cdb7e380e695af4e8400
tcn,mixed,43,bandpass_n20005_cLA_electrode_s0,phase2/results/predictions/full/mixed/tcn/seed_43/bandpass_n20005_cLA_electrode_s0.npz,75860,adc85eb8f0ed626fa6f98cf09c22c51fb00fe4a72499e19c291437d89625d2d6
tcn,mixed,43,bandpass_n20005_cLA_covariance_s20,phase2/results/predictions/full/mixed/tcn/seed_43/bandpass_n20005_cLA_covariance_s20.npz,76377,d2b1ae5345f56d1aa151fd835125b801569972ef76db38f9243071f32f9fa05f
tcn,mixed,43,bandpass_n20005_cLA_covariance_s15,phase2/results/predictions/full/mixed/tcn/seed_43/bandpass_n20005_cLA_covariance_s15.npz,76358,4974ec1edf8ca0f2b5607286412e3d3303bf7055a7f06f8e44e3225c73bb1d59
tcn,mixed,43,bandpass_n20005_cLA_covariance_s10,phase2/results/predictions/full/mixed/tcn/seed_43/bandpass_n20005_cLA_covariance_s10.npz,76328,eac638e5d30023cbd95cdd7ffe687976f5e5f63c1322ea5d4ad936f145f30333
tcn,mixed,43,bandpass_n20005_cLA_covariance_s5,phase2/results/predictions/full/mixed/tcn/seed_43/bandpass_n20005_cLA_covariance_s5.npz,76199,81b05b3918ecbdec8370ade2afb50e7dec3fbaee5cdbdcb9efb918cbf75714fd
tcn,mixed,43,bandpass_n20005_cLA_covariance_s0,phase2/results/predictions/full/mixed/tcn/seed_43/bandpass_n20005_cLA_covariance_s0.npz,75861,44f1ee634ab656c0004d7b5ea2c5e16af2231e7a0f45ab173067e45864d6d45d
tcn,mixed,43,bandpass_n20005_cLL_independent_rms_s20,phase2/results/predictions/full/mixed/tcn/seed_43/bandpass_n20005_cLL_independent_rms_s20.npz,76388,a1053e54a3e27f9cb8a5ad79904c3ea9f941ae9a870471d327a7c2cf1df13c8c
tcn,mixed,43,bandpass_n20005_cLL_independent_rms_s15,phase2/results/predictions/full/mixed/tcn/seed_43/bandpass_n20005_cLL_independent_rms_s15.npz,76364,b42cc082984b08f5611ab2a448c95f85f5939d67ee1d9c638c387e1daa0a2e50
tcn,mixed,43,bandpass_n20005_cLL_independent_rms_s10,phase2/results/predictions/full/mixed/tcn/seed_43/bandpass_n20005_cLL_independent_rms_s10.npz,76363,9558765ccdad018fe58099ba42e1bdb4bcf788399781b1f5aa5f265a28792aae
tcn,mixed,43,bandpass_n20005_cLL_independent_rms_s5,phase2/results/predictions/full/mixed/tcn/seed_43/bandpass_n20005_cLL_independent_rms_s5.npz,76252,7e2d78404974e2c4bc6f2fce92e420dd766734ee843b7e53a9ff49af014fd255
tcn,mixed,43,bandpass_n20005_cLL_independent_rms_s0,phase2/results/predictions/full/mixed/tcn/seed_43/bandpass_n20005_cLL_independent_rms_s0.npz,76050,7fb107743cc80cecdf1c992108492cc1ad4896379630e367212ebd224ac1ede3
tcn,mixed,43,bandpass_n20005_cLL_electrode_s20,phase2/results/predictions/full/mixed/tcn/seed_43/bandpass_n20005_cLL_electrode_s20.npz,76371,40d1a3f4c3109e7102af82c7af6f753deef03e93c63a3ffbf054ef33f6768961
tcn,mixed,43,bandpass_n20005_cLL_electrode_s15,phase2/results/predictions/full/mixed/tcn/seed_43/bandpass_n20005_cLL_electrode_s15.npz,76364,09c4dd2ca09cc07461b466eb5a69bfcc866f9c9cb53d255b3bdbf1506428dc97
tcn,mixed,43,bandpass_n20005_cLL_electrode_s10,phase2/results/predictions/full/mixed/tcn/seed_43/bandpass_n20005_cLL_electrode_s10.npz,76304,9645c19bbfc5450cb66bb2c93bb52e68b81bf132ca830f73ef03818c3e63e8f8
tcn,mixed,43,bandpass_n20005_cLL_electrode_s5,phase2/results/predictions/full/mixed/tcn/seed_43/bandpass_n20005_cLL_electrode_s5.npz,76172,159190014c6fae0d49a957238b8de3a0a3905dc30a531aeb2dbc8a0256efa56c
tcn,mixed,43,bandpass_n20005_cLL_electrode_s0,phase2/results/predictions/full/mixed/tcn/seed_43/bandpass_n20005_cLL_electrode_s0.npz,75907,887beab1584e56ba8b2af857e7bba8649a24be7a7ff1b0c62b9bc3e9187063d2
tcn,mixed,43,bandpass_n20005_cLL_covariance_s20,phase2/results/predictions/full/mixed/tcn/seed_43/bandpass_n20005_cLL_covariance_s20.npz,76370,dbc451a92617bd6d630ab132a2f0dcd03065fde4d7bc076beee686fba67f159c
tcn,mixed,43,bandpass_n20005_cLL_covariance_s15,phase2/results/predictions/full/mixed/tcn/seed_43/bandpass_n20005_cLL_covariance_s15.npz,76369,61c775211a3469b86a034baef23f1af58aa6e9953a2f8b5434e5a206562c112c
tcn,mixed,43,bandpass_n20005_cLL_covariance_s10,phase2/results/predictions/full/mixed/tcn/seed_43/bandpass_n20005_cLL_covariance_s10.npz,76301,3f321cac142f94acdc9aad12f617e8e39d432634be2ba21fc4cf59828b27d9e7
tcn,mixed,43,bandpass_n20005_cLL_covariance_s5,phase2/results/predictions/full/mixed/tcn/seed_43/bandpass_n20005_cLL_covariance_s5.npz,76165,83ef597f0980c58854a89ec32b9f9d6382904cad9d57d979a4ee54bfd0ed47c4
tcn,mixed,43,bandpass_n20005_cLL_covariance_s0,phase2/results/predictions/full/mixed/tcn/seed_43/bandpass_n20005_cLL_covariance_s0.npz,75900,ae3c22a732b1421438fe31aaf186d598da7ee634389b8d28923d170db6a2baaa
tcn,mixed,43,bandpass_n20005_cRA_V1_independent_rms_s20,phase2/results/predictions/full/mixed/tcn/seed_43/bandpass_n20005_cRA_V1_independent_rms_s20.npz,76408,8eec83b322616fb52827b17af3281a63fce58df0919065d7d7fd51283c311b6f
tcn,mixed,43,bandpass_n20005_cRA_V1_independent_rms_s15,phase2/results/predictions/full/mixed/tcn/seed_43/bandpass_n20005_cRA_V1_independent_rms_s15.npz,76373,d210cafd961bdc9f78469d33fb4564a3c08078d8b8b7486c7213cbc78e2c798e
tcn,mixed,43,bandpass_n20005_cRA_V1_independent_rms_s10,phase2/results/predictions/full/mixed/tcn/seed_43/bandpass_n20005_cRA_V1_independent_rms_s10.npz,76383,fb1184bf76e9791e864132092e769dae15d3dc0107ebf1fa274dabeb0550f786
tcn,mixed,43,bandpass_n20005_cRA_V1_independent_rms_s5,phase2/results/predictions/full/mixed/tcn/seed_43/bandpass_n20005_cRA_V1_independent_rms_s5.npz,76268,4729d069aa7d2288f2e21bc8f6c70b2b868bc64d4fe1d8ff80cb62eb00a11e8d
tcn,mixed,43,bandpass_n20005_cRA_V1_independent_rms_s0,phase2/results/predictions/full/mixed/tcn/seed_43/bandpass_n20005_cRA_V1_independent_rms_s0.npz,76014,6979685a16c339960b0c29c290060d8732af8959aac75dd7b585d5ae8c80e00c
tcn,mixed,43,bandpass_n20005_cRA_V1_electrode_s20,phase2/results/predictions/full/mixed/tcn/seed_43/bandpass_n20005_cRA_V1_electrode_s20.npz,76392,b0f6fd4e767d23bb8703a64d883cdf3dd9c228a5ee3bdc9db210ee4d0c68066b
tcn,mixed,43,bandpass_n20005_cRA_V1_electrode_s15,phase2/results/predictions/full/mixed/tcn/seed_43/bandpass_n20005_cRA_V1_electrode_s15.npz,76389,00e77de3f6486c9a08033a3db3fb07827c2df6853ac27bb88cc8e4ba47c129b3
tcn,mixed,43,bandpass_n20005_cRA_V1_electrode_s10,phase2/results/predictions/full/mixed/tcn/seed_43/bandpass_n20005_cRA_V1_electrode_s10.npz,76290,ea3f3f4b131c84797f8b25edf9e4c2d7b38808cc5319c02eab477143e02ebeeb
tcn,mixed,43,bandpass_n20005_cRA_V1_electrode_s5,phase2/results/predictions/full/mixed/tcn/seed_43/bandpass_n20005_cRA_V1_electrode_s5.npz,76088,0a925b322be6cb990c0548848f9b89730c6fa70d33f74f3c46dc829ee53b2343
tcn,mixed,43,bandpass_n20005_cRA_V1_electrode_s0,phase2/results/predictions/full/mixed/tcn/seed_43/bandpass_n20005_cRA_V1_electrode_s0.npz,75612,197abb47c8bb1e24c503208ea678f8a9e388af8f8e8850a810cf2c39ce8e44e9
tcn,mixed,43,bandpass_n20005_cRA_V1_covariance_s20,phase2/results/predictions/full/mixed/tcn/seed_43/bandpass_n20005_cRA_V1_covariance_s20.npz,76423,d6346c486040a55ef350bcc0202bcbc4484d5ff2ed0df6f361cdf6fefb7f87e3
tcn,mixed,43,bandpass_n20005_cRA_V1_covariance_s15,phase2/results/predictions/full/mixed/tcn/seed_43/bandpass_n20005_cRA_V1_covariance_s15.npz,76339,8673f9cb89cd03ec46fffe0745cf4552d9e58fc1798b8daf8f714884adafb39b
tcn,mixed,43,bandpass_n20005_cRA_V1_covariance_s10,phase2/results/predictions/full/mixed/tcn/seed_43/bandpass_n20005_cRA_V1_covariance_s10.npz,76293,07b5b259c13b9a1bcd260c5a92b9861aef799c01960b30e4b7f7ba7d37f1eb68
tcn,mixed,43,bandpass_n20005_cRA_V1_covariance_s5,phase2/results/predictions/full/mixed/tcn/seed_43/bandpass_n20005_cRA_V1_covariance_s5.npz,76132,9f52f7acc4b76da315bdb0ef7a992faf1ff5223c81ec45bf01f925039e2c6933
tcn,mixed,43,bandpass_n20005_cRA_V1_covariance_s0,phase2/results/predictions/full/mixed/tcn/seed_43/bandpass_n20005_cRA_V1_covariance_s0.npz,75608,bcf598e345a9d40ef097e606876bfee2ebea54d0761de76073f31694c52a20f3
tcn,mixed,43,bandpass_n20005_cLA_V6_independent_rms_s20,phase2/results/predictions/full/mixed/tcn/seed_43/bandpass_n20005_cLA_V6_independent_rms_s20.npz,76447,a553104a9540170cc5481676d3339cc9bdcdcfc106fe7a63804e5fe9da7c0e45
tcn,mixed,43,bandpass_n20005_cLA_V6_independent_rms_s15,phase2/results/predictions/full/mixed/tcn/seed_43/bandpass_n20005_cLA_V6_independent_rms_s15.npz,76402,6e22e1a9829aefd24b7cd4e9925579977c4980a69a8b3545ff58d33a1bb5489e
tcn,mixed,43,bandpass_n20005_cLA_V6_independent_rms_s10,phase2/results/predictions/full/mixed/tcn/seed_43/bandpass_n20005_cLA_V6_independent_rms_s10.npz,76365,dfbe19d57b745948ca2aaa26b47ea0286048255847a73f44b53d5b40b821b8be
tcn,mixed,43,bandpass_n20005_cLA_V6_independent_rms_s5,phase2/results/predictions/full/mixed/tcn/seed_43/bandpass_n20005_cLA_V6_independent_rms_s5.npz,76311,370dad049ed929ef7084df9149ad7f4f2493d6c3448efb6fff750a8a6f4e38ae
tcn,mixed,43,bandpass_n20005_cLA_V6_independent_rms_s0,phase2/results/predictions/full/mixed/tcn/seed_43/bandpass_n20005_cLA_V6_independent_rms_s0.npz,76049,c28a670bfcaa09be908f998e978607e9b3ed5ff80e122be30c83f9f6df91f63e
tcn,mixed,43,bandpass_n20005_cLA_V6_electrode_s20,phase2/results/predictions/full/mixed/tcn/seed_43/bandpass_n20005_cLA_V6_electrode_s20.npz,76369,d4ce0441d9447129658951c530edd47932be39c018c2890534a7a478879c4148
tcn,mixed,43,bandpass_n20005_cLA_V6_electrode_s15,phase2/results/predictions/full/mixed/tcn/seed_43/bandpass_n20005_cLA_V6_electrode_s15.npz,76362,c3ef2c434371b6decd05465256d3a4f1919e46eefeef2a1e51621a3e5997dac6
tcn,mixed,43,bandpass_n20005_cLA_V6_electrode_s10,phase2/results/predictions/full/mixed/tcn/seed_43/bandpass_n20005_cLA_V6_electrode_s10.npz,76341,e8fb84f39bdb05a0d191f25ae11b0ef693c832304edfca7ed5406b44b15de5ca
tcn,mixed,43,bandpass_n20005_cLA_V6_electrode_s5,phase2/results/predictions/full/mixed/tcn/seed_43/bandpass_n20005_cLA_V6_electrode_s5.npz,76209,107aecaa4c2a40b916c0e60ffb11ee10fdbc72e395aa7e93c5be48fec8d9ddb7
tcn,mixed,43,bandpass_n20005_cLA_V6_electrode_s0,phase2/results/predictions/full/mixed/tcn/seed_43/bandpass_n20005_cLA_V6_electrode_s0.npz,75907,7c364b6865c6ca3bfcfb262a9571771e75dd5cfdc80081003fe41b0d34d934b2
tcn,mixed,43,bandpass_n20005_cLA_V6_covariance_s20,phase2/results/predictions/full/mixed/tcn/seed_43/bandpass_n20005_cLA_V6_covariance_s20.npz,76411,7a6874720d85a18afcaa46749bc073422052a224ec477ad6ad0878c3cd9dd8cd
tcn,mixed,43,bandpass_n20005_cLA_V6_covariance_s15,phase2/results/predictions/full/mixed/tcn/seed_43/bandpass_n20005_cLA_V6_covariance_s15.npz,76387,8fdd8c0905c3b33eee802325ee119d3c4ec2f8837aa090fab90febccb2ffd265
tcn,mixed,43,bandpass_n20005_cLA_V6_covariance_s10,phase2/results/predictions/full/mixed/tcn/seed_43/bandpass_n20005_cLA_V6_covariance_s10.npz,76363,0f8bc9b092d9765393de738019ca9e370cd0fcd4084bbecc4d53564181f30a44
tcn,mixed,43,bandpass_n20005_cLA_V6_covariance_s5,phase2/results/predictions/full/mixed/tcn/seed_43/bandpass_n20005_cLA_V6_covariance_s5.npz,76197,05cede0d2783c557d36688f291486d1439d58d172b0996703aaf3308e18979d5
tcn,mixed,43,bandpass_n20005_cLA_V6_covariance_s0,phase2/results/predictions/full/mixed/tcn/seed_43/bandpass_n20005_cLA_V6_covariance_s0.npz,75889,34addcd747640b23c3741f065d217045f60a9b4e8adcc7ad50954137ea482f3f
tcn,mixed,43,bandpass_n20005_cLL_V4_independent_rms_s20,phase2/results/predictions/full/mixed/tcn/seed_43/bandpass_n20005_cLL_V4_independent_rms_s20.npz,76418,1fca64205abd096d8c6e29dc55e95f6d41dead5a56b26f2609aa7bd8472814ca
tcn,mixed,43,bandpass_n20005_cLL_V4_independent_rms_s15,phase2/results/predictions/full/mixed/tcn/seed_43/bandpass_n20005_cLL_V4_independent_rms_s15.npz,76397,43e19f2ad13ea12d987c6dea1bb6ccfe7a63d04a6ab939f3d0f9ed35eb89d059
tcn,mixed,43,bandpass_n20005_cLL_V4_independent_rms_s10,phase2/results/predictions/full/mixed/tcn/seed_43/bandpass_n20005_cLL_V4_independent_rms_s10.npz,76353,57c612b53e2bf53a8c6f94edb678df8faf250a836a318595b6920870b885db48
tcn,mixed,43,bandpass_n20005_cLL_V4_independent_rms_s5,phase2/results/predictions/full/mixed/tcn/seed_43/bandpass_n20005_cLL_V4_independent_rms_s5.npz,76296,dd3a151dd104766685060a2953dc7e69ba0f05f0633746cfe90bd455c066e3ac
tcn,mixed,43,bandpass_n20005_cLL_V4_independent_rms_s0,phase2/results/predictions/full/mixed/tcn/seed_43/bandpass_n20005_cLL_V4_independent_rms_s0.npz,76039,237c72cebddf05120debf068b8fda0736ba8eee359efc2c74e20f9d7d2c78e2f
tcn,mixed,43,bandpass_n20005_cLL_V4_electrode_s20,phase2/results/predictions/full/mixed/tcn/seed_43/bandpass_n20005_cLL_V4_electrode_s20.npz,76382,4f09025f2bcb7507cbeab7345628ec32aebc81a87318d3ce8ccf75b8d1424cb2
tcn,mixed,43,bandpass_n20005_cLL_V4_electrode_s15,phase2/results/predictions/full/mixed/tcn/seed_43/bandpass_n20005_cLL_V4_electrode_s15.npz,76370,d77f6da9a56c7b1c89c342e279a00f708f939d3cfd0f3a7ea6639eb30c69306f
tcn,mixed,43,bandpass_n20005_cLL_V4_electrode_s10,phase2/results/predictions/full/mixed/tcn/seed_43/bandpass_n20005_cLL_V4_electrode_s10.npz,76328,2709254dd2cb4793bbf454266e20861e0b1f05e6ddfb5c944031e2ddc41eee73
tcn,mixed,43,bandpass_n20005_cLL_V4_electrode_s5,phase2/results/predictions/full/mixed/tcn/seed_43/bandpass_n20005_cLL_V4_electrode_s5.npz,76200,a9221ba03ae1dbc35548ca36f28aa05a4a57306de97929237aed00f2a35d0a08
tcn,mixed,43,bandpass_n20005_cLL_V4_electrode_s0,phase2/results/predictions/full/mixed/tcn/seed_43/bandpass_n20005_cLL_V4_electrode_s0.npz,75951,ab91bc7128e3bae59fcf208abb24fd6dfb817bd4c018e910666f1c9949906161
tcn,mixed,43,bandpass_n20005_cLL_V4_covariance_s20,phase2/results/predictions/full/mixed/tcn/seed_43/bandpass_n20005_cLL_V4_covariance_s20.npz,76375,8686679d05f58ea447d354091c85431debedecc983cbe01d29ca33cac0a243cb
tcn,mixed,43,bandpass_n20005_cLL_V4_covariance_s15,phase2/results/predictions/full/mixed/tcn/seed_43/bandpass_n20005_cLL_V4_covariance_s15.npz,76387,002700fcc763ba2e2b5efe37fd0a6709164c55191633e226ec7df622c3022359
tcn,mixed,43,bandpass_n20005_cLL_V4_covariance_s10,phase2/results/predictions/full/mixed/tcn/seed_43/bandpass_n20005_cLL_V4_covariance_s10.npz,76358,3ee9449407646b7d9c9fe367b3aee4bfa64ecece12672ddd9c2f70ff6fb1fc37
tcn,mixed,43,bandpass_n20005_cLL_V4_covariance_s5,phase2/results/predictions/full/mixed/tcn/seed_43/bandpass_n20005_cLL_V4_covariance_s5.npz,76214,79e165fb28cb94a251eca533e57d66d43b117d5309f82bc38a08a92da0182b30
tcn,mixed,43,bandpass_n20005_cLL_V4_covariance_s0,phase2/results/predictions/full/mixed/tcn/seed_43/bandpass_n20005_cLL_V4_covariance_s0.npz,75913,6dd7baf4671f4bf1d6423c8364b5a57e8a75966835bc12e3b05fe980b87c3695
tcn,mixed,43,bandpass_n20005_cRA_LA_V1_V6_independent_rms_s20,phase2/results/predictions/full/mixed/tcn/seed_43/bandpass_n20005_cRA_LA_V1_V6_independent_rms_s20.npz,76413,8418ce3879a8ed993d3353da2142be94468b5c6d99732ecf31b45203a79cca53
tcn,mixed,43,bandpass_n20005_cRA_LA_V1_V6_independent_rms_s15,phase2/results/predictions/full/mixed/tcn/seed_43/bandpass_n20005_cRA_LA_V1_V6_independent_rms_s15.npz,76388,cc4a7f4f4a60e093f9ba41966202e7839a883db4c2e819800138cb2a8203a70b
tcn,mixed,43,bandpass_n20005_cRA_LA_V1_V6_independent_rms_s10,phase2/results/predictions/full/mixed/tcn/seed_43/bandpass_n20005_cRA_LA_V1_V6_independent_rms_s10.npz,76407,29f893043ec15248c8302b0630266be24f901472de93dc8fc56322a159215f13
tcn,mixed,43,bandpass_n20005_cRA_LA_V1_V6_independent_rms_s5,phase2/results/predictions/full/mixed/tcn/seed_43/bandpass_n20005_cRA_LA_V1_V6_independent_rms_s5.npz,76271,92361e026151125424c33bcb7370867bcb8ad1306181d3e6b35684456184fb7e
tcn,mixed,43,bandpass_n20005_cRA_LA_V1_V6_independent_rms_s0,phase2/results/predictions/full/mixed/tcn/seed_43/bandpass_n20005_cRA_LA_V1_V6_independent_rms_s0.npz,76055,b831fa99915c43146b679a19377304cdda63c42b5d6d257526b160bad7d84b8d
tcn,mixed,43,bandpass_n20005_cRA_LA_V1_V6_electrode_s20,phase2/results/predictions/full/mixed/tcn/seed_43/bandpass_n20005_cRA_LA_V1_V6_electrode_s20.npz,76422,0a3153c806d97075e9e9d19c5cba8c024025a1182a56f40536dd16fa2f65db39
tcn,mixed,43,bandpass_n20005_cRA_LA_V1_V6_electrode_s15,phase2/results/predictions/full/mixed/tcn/seed_43/bandpass_n20005_cRA_LA_V1_V6_electrode_s15.npz,76379,ba7738da0b625ea3da297ce489331182b603a1c5b60cdd3245034b9be9ad3c68
tcn,mixed,43,bandpass_n20005_cRA_LA_V1_V6_electrode_s10,phase2/results/predictions/full/mixed/tcn/seed_43/bandpass_n20005_cRA_LA_V1_V6_electrode_s10.npz,76339,0ca86ad13e748513a0cf10b65744b2d718e500a1aba0927104d11530a4398d2f
tcn,mixed,43,bandpass_n20005_cRA_LA_V1_V6_electrode_s5,phase2/results/predictions/full/mixed/tcn/seed_43/bandpass_n20005_cRA_LA_V1_V6_electrode_s5.npz,76194,043bb0f93a29b0ceaba3cc47ba26f1ae475a5462191d47724b67710daf2fcedf
tcn,mixed,43,bandpass_n20005_cRA_LA_V1_V6_electrode_s0,phase2/results/predictions/full/mixed/tcn/seed_43/bandpass_n20005_cRA_LA_V1_V6_electrode_s0.npz,75799,99b82dc479fb9bbae8066066b635c2f7c37b6d378ff7aa38307effec91134d3e
tcn,mixed,43,bandpass_n20005_cRA_LA_V1_V6_covariance_s20,phase2/results/predictions/full/mixed/tcn/seed_43/bandpass_n20005_cRA_LA_V1_V6_covariance_s20.npz,76399,227075e50dc75ac3bc3fcd289ec2d6804f799d1ff168b818afa107ddf0f95a94
tcn,mixed,43,bandpass_n20005_cRA_LA_V1_V6_covariance_s15,phase2/results/predictions/full/mixed/tcn/seed_43/bandpass_n20005_cRA_LA_V1_V6_covariance_s15.npz,76386,153f6a3f538e9c68da096ac3c237c7670e6af60444a33bd91703a80a242e6725
tcn,mixed,43,bandpass_n20005_cRA_LA_V1_V6_covariance_s10,phase2/results/predictions/full/mixed/tcn/seed_43/bandpass_n20005_cRA_LA_V1_V6_covariance_s10.npz,76316,5311d09a0ac23a4beef7f63bf0e8577496c39466ade645aed4e9c096476611d7
tcn,mixed,43,bandpass_n20005_cRA_LA_V1_V6_covariance_s5,phase2/results/predictions/full/mixed/tcn/seed_43/bandpass_n20005_cRA_LA_V1_V6_covariance_s5.npz,76170,03c5e128b081c12ce79dcfcb2b05d4b974baea107cb8f0ae2db19ffe39ed913b
tcn,mixed,43,bandpass_n20005_cRA_LA_V1_V6_covariance_s0,phase2/results/predictions/full/mixed/tcn/seed_43/bandpass_n20005_cRA_LA_V1_V6_covariance_s0.npz,75799,938398f9f6feaea1c0dee1bd24f51f4b9a7a439cb9c5a5adabd3adfec4cedb09
tcn,mixed,43,bandpass_n20005_cRA_V2_V5_independent_rms_s20,phase2/results/predictions/full/mixed/tcn/seed_43/bandpass_n20005_cRA_V2_V5_independent_rms_s20.npz,76421,c0f76faadaedc2d1320e92b435bdfd63cc53b65a1d93a737b76cd14fae420799
tcn,mixed,43,bandpass_n20005_cRA_V2_V5_independent_rms_s15,phase2/results/predictions/full/mixed/tcn/seed_43/bandpass_n20005_cRA_V2_V5_independent_rms_s15.npz,76380,21c6ca6a13a152a44488ccad13fe7a22061e6a8dda5b8e65b15d29b25067ff27
tcn,mixed,43,bandpass_n20005_cRA_V2_V5_independent_rms_s10,phase2/results/predictions/full/mixed/tcn/seed_43/bandpass_n20005_cRA_V2_V5_independent_rms_s10.npz,76410,20726cbfea5175ab588b9a89cb935c6ecf09af56473c42575ac7de4a60e6fa12
tcn,mixed,43,bandpass_n20005_cRA_V2_V5_independent_rms_s5,phase2/results/predictions/full/mixed/tcn/seed_43/bandpass_n20005_cRA_V2_V5_independent_rms_s5.npz,76287,9c021ce27c4f867e5fc60f888bbde407cc29b326aa23459808f29c6cf8fa8608
tcn,mixed,43,bandpass_n20005_cRA_V2_V5_independent_rms_s0,phase2/results/predictions/full/mixed/tcn/seed_43/bandpass_n20005_cRA_V2_V5_independent_rms_s0.npz,76067,189fcd6420770c80eb1306bf368dc6d01969bfa64a9b77725eda24b3d24d8eb0
tcn,mixed,43,bandpass_n20005_cRA_V2_V5_electrode_s20,phase2/results/predictions/full/mixed/tcn/seed_43/bandpass_n20005_cRA_V2_V5_electrode_s20.npz,76396,3f66131f3cee2e5102c0d0a1d92d576884f9c2332dd8de828c6589e757a28d15
tcn,mixed,43,bandpass_n20005_cRA_V2_V5_electrode_s15,phase2/results/predictions/full/mixed/tcn/seed_43/bandpass_n20005_cRA_V2_V5_electrode_s15.npz,76363,68ed14afc7efa81c7ec80e5b48bf115c4ce1644d6f352d97b42e20571ffede29
tcn,mixed,43,bandpass_n20005_cRA_V2_V5_electrode_s10,phase2/results/predictions/full/mixed/tcn/seed_43/bandpass_n20005_cRA_V2_V5_electrode_s10.npz,76322,cb1c71620f35c90d75f6455fb3b9bd38ba9dc8f71f299b48ccb894d290e48a2b
tcn,mixed,43,bandpass_n20005_cRA_V2_V5_electrode_s5,phase2/results/predictions/full/mixed/tcn/seed_43/bandpass_n20005_cRA_V2_V5_electrode_s5.npz,76125,0331e4b525acb6e9e9995b6d19b897bdf14dcfd4212a9773bd363b6f102529e9
tcn,mixed,43,bandpass_n20005_cRA_V2_V5_electrode_s0,phase2/results/predictions/full/mixed/tcn/seed_43/bandpass_n20005_cRA_V2_V5_electrode_s0.npz,75708,0b1877d4dc4fb650e5efdd18c8e48a2a120ff138486bb8a0b009d3c6c92c33fa
tcn,mixed,43,bandpass_n20005_cRA_V2_V5_covariance_s20,phase2/results/predictions/full/mixed/tcn/seed_43/bandpass_n20005_cRA_V2_V5_covariance_s20.npz,76371,00b451d75f08afab18b136cd7ef3267dec1f7f8dcdc1042724d90f37c881e92b
tcn,mixed,43,bandpass_n20005_cRA_V2_V5_covariance_s15,phase2/results/predictions/full/mixed/tcn/seed_43/bandpass_n20005_cRA_V2_V5_covariance_s15.npz,76380,0e9543227499a849b6293eb105139a5ec3a1b9b243d80ceb3c72b3635f4b49c8
tcn,mixed,43,bandpass_n20005_cRA_V2_V5_covariance_s10,phase2/results/predictions/full/mixed/tcn/seed_43/bandpass_n20005_cRA_V2_V5_covariance_s10.npz,76291,c898f97708fc94329f76e4e71482c02fd43d2a579bc82e06dcea47aa34c8621f
tcn,mixed,43,bandpass_n20005_cRA_V2_V5_covariance_s5,phase2/results/predictions/full/mixed/tcn/seed_43/bandpass_n20005_cRA_V2_V5_covariance_s5.npz,76112,d753b4554ae1e4e66f1aed5b4955f3d10f0f6ec575515c2a656880c849e3be0e
tcn,mixed,43,bandpass_n20005_cRA_V2_V5_covariance_s0,phase2/results/predictions/full/mixed/tcn/seed_43/bandpass_n20005_cRA_V2_V5_covariance_s0.npz,75727,8f16e153c497c4f7d1ca03317d3dab8824d4b21039345c3c341db60ba0222ee9
tcn,mixed,43,bandpass_n20005_cLA_V3_V6_independent_rms_s20,phase2/results/predictions/full/mixed/tcn/seed_43/bandpass_n20005_cLA_V3_V6_independent_rms_s20.npz,76403,6189857064af55c4862a39ea5e3d894de2d1740f7cb87dd4f7707656a8699f32
tcn,mixed,43,bandpass_n20005_cLA_V3_V6_independent_rms_s15,phase2/results/predictions/full/mixed/tcn/seed_43/bandpass_n20005_cLA_V3_V6_independent_rms_s15.npz,76401,35e6f7a18580b4d5289928f4fb052210c522dad7a6975c01f20b13715227bcbf
tcn,mixed,43,bandpass_n20005_cLA_V3_V6_independent_rms_s10,phase2/results/predictions/full/mixed/tcn/seed_43/bandpass_n20005_cLA_V3_V6_independent_rms_s10.npz,76363,c207c0b1354e28ed1a747e933c5bf15f9d67618c95ddb5147a05178493a26bee
tcn,mixed,43,bandpass_n20005_cLA_V3_V6_independent_rms_s5,phase2/results/predictions/full/mixed/tcn/seed_43/bandpass_n20005_cLA_V3_V6_independent_rms_s5.npz,76332,6b6ca3388ad9762cbf29ec50ff94e1fe002bdadf5668b8610de2147b66c61a73
tcn,mixed,43,bandpass_n20005_cLA_V3_V6_independent_rms_s0,phase2/results/predictions/full/mixed/tcn/seed_43/bandpass_n20005_cLA_V3_V6_independent_rms_s0.npz,76077,ed8302264462a090fc6e60c80edb7f22198d245d8170dc38ffef4f0486411709
tcn,mixed,43,bandpass_n20005_cLA_V3_V6_electrode_s20,phase2/results/predictions/full/mixed/tcn/seed_43/bandpass_n20005_cLA_V3_V6_electrode_s20.npz,76404,cdd913cdec049a6fb9f06677f21c9f9b99f007ae1801b00b33d0d69deb26634a
tcn,mixed,43,bandpass_n20005_cLA_V3_V6_electrode_s15,phase2/results/predictions/full/mixed/tcn/seed_43/bandpass_n20005_cLA_V3_V6_electrode_s15.npz,76381,45803f02bfe76ecd58181004c77c2490b4a3db22686c6b42265140e691c98945
tcn,mixed,43,bandpass_n20005_cLA_V3_V6_electrode_s10,phase2/results/predictions/full/mixed/tcn/seed_43/bandpass_n20005_cLA_V3_V6_electrode_s10.npz,76342,1ee496be741b5ca198aabb7bbef75bbc755d656328ad7a8c8e2fbe8bd2dd9636
tcn,mixed,43,bandpass_n20005_cLA_V3_V6_electrode_s5,phase2/results/predictions/full/mixed/tcn/seed_43/bandpass_n20005_cLA_V3_V6_electrode_s5.npz,76264,e2292c539a67aad854043bd6921b54a2e91f81d1ed4fc844c947bda36610641b
tcn,mixed,43,bandpass_n20005_cLA_V3_V6_electrode_s0,phase2/results/predictions/full/mixed/tcn/seed_43/bandpass_n20005_cLA_V3_V6_electrode_s0.npz,75968,a41117b23f9100381e3a98bc100208e2db52542f452d9e8b50c14e7376079191
tcn,mixed,43,bandpass_n20005_cLA_V3_V6_covariance_s20,phase2/results/predictions/full/mixed/tcn/seed_43/bandpass_n20005_cLA_V3_V6_covariance_s20.npz,76392,67a74e7ab71458920ebb745e3bb3a4db1a8fdba7f96d55a8f5d583da0a8e9690
tcn,mixed,43,bandpass_n20005_cLA_V3_V6_covariance_s15,phase2/results/predictions/full/mixed/tcn/seed_43/bandpass_n20005_cLA_V3_V6_covariance_s15.npz,76399,a089331e65f8caac9e94eff33095f0fa8e044dbbbd6776e0475550b483a57ac6
tcn,mixed,43,bandpass_n20005_cLA_V3_V6_covariance_s10,phase2/results/predictions/full/mixed/tcn/seed_43/bandpass_n20005_cLA_V3_V6_covariance_s10.npz,76358,2baad2a84d6af7b0df51bd4c1b7b6006c8db84285067bf3fff79355c1221c7db
tcn,mixed,43,bandpass_n20005_cLA_V3_V6_covariance_s5,phase2/results/predictions/full/mixed/tcn/seed_43/bandpass_n20005_cLA_V3_V6_covariance_s5.npz,76259,6e586d38ad2f4770181bfa46678fac39b5434187a4988a14769d775e68328135
tcn,mixed,43,bandpass_n20005_cLA_V3_V6_covariance_s0,phase2/results/predictions/full/mixed/tcn/seed_43/bandpass_n20005_cLA_V3_V6_covariance_s0.npz,75970,1c6d5a56e6d00715b533cd5b04c38c1aee105386196d34fba474cc30c95e5c34
tcn,mixed,43,bandpass_n20005_cLL_V1_V4_independent_rms_s20,phase2/results/predictions/full/mixed/tcn/seed_43/bandpass_n20005_cLL_V1_V4_independent_rms_s20.npz,76384,71e9dd77ae7de422a97588e27ccc913c67c54269cbce496606fea06ac3150d08
tcn,mixed,43,bandpass_n20005_cLL_V1_V4_independent_rms_s15,phase2/results/predictions/full/mixed/tcn/seed_43/bandpass_n20005_cLL_V1_V4_independent_rms_s15.npz,76392,144f0c651853d2230df5191b047bea9d70d9a5c42c8b8e1f152414902e19cdf8
tcn,mixed,43,bandpass_n20005_cLL_V1_V4_independent_rms_s10,phase2/results/predictions/full/mixed/tcn/seed_43/bandpass_n20005_cLL_V1_V4_independent_rms_s10.npz,76377,d1ce0db64bccb1453a118288e3128bfafb9ae1c089dda66cf45e7f1f58a944cf
tcn,mixed,43,bandpass_n20005_cLL_V1_V4_independent_rms_s5,phase2/results/predictions/full/mixed/tcn/seed_43/bandpass_n20005_cLL_V1_V4_independent_rms_s5.npz,76260,118886bdd96c6f8085c29fb91e981aa692a66b2eb7e568037b10cde6cfeff4e2
tcn,mixed,43,bandpass_n20005_cLL_V1_V4_independent_rms_s0,phase2/results/predictions/full/mixed/tcn/seed_43/bandpass_n20005_cLL_V1_V4_independent_rms_s0.npz,76051,93e91fd293e10906b11cf270a322e0b8dfed4b87de85500ea5558d18417f1735
tcn,mixed,43,bandpass_n20005_cLL_V1_V4_electrode_s20,phase2/results/predictions/full/mixed/tcn/seed_43/bandpass_n20005_cLL_V1_V4_electrode_s20.npz,76422,2001b1661c360d7f700022ea4ca25875ae3fc7011fd386b474e8ce0865d47028
tcn,mixed,43,bandpass_n20005_cLL_V1_V4_electrode_s15,phase2/results/predictions/full/mixed/tcn/seed_43/bandpass_n20005_cLL_V1_V4_electrode_s15.npz,76380,0ec1b1c92854c412bd75db4a55a4976ed0b575ece9fddf4d138dcd222097d181
tcn,mixed,43,bandpass_n20005_cLL_V1_V4_electrode_s10,phase2/results/predictions/full/mixed/tcn/seed_43/bandpass_n20005_cLL_V1_V4_electrode_s10.npz,76349,ec984b12a2ffebc9f96a48e9c0ba9faef32129b7568f0ca1113f99af64b041c1
tcn,mixed,43,bandpass_n20005_cLL_V1_V4_electrode_s5,phase2/results/predictions/full/mixed/tcn/seed_43/bandpass_n20005_cLL_V1_V4_electrode_s5.npz,76221,2f898ebe7d25dd431d72682927c40473041c78304e46bb94e7742d671552491d
tcn,mixed,43,bandpass_n20005_cLL_V1_V4_electrode_s0,phase2/results/predictions/full/mixed/tcn/seed_43/bandpass_n20005_cLL_V1_V4_electrode_s0.npz,75967,f95808045d16b362df933ad0ea0c5a1ffa30d68d1d060d07b5264db54ce1d22c
tcn,mixed,43,bandpass_n20005_cLL_V1_V4_covariance_s20,phase2/results/predictions/full/mixed/tcn/seed_43/bandpass_n20005_cLL_V1_V4_covariance_s20.npz,76365,75580b539f4866167448cd6ced4c05258958bb680d9db85a9ea6665ea246caf8
tcn,mixed,43,bandpass_n20005_cLL_V1_V4_covariance_s15,phase2/results/predictions/full/mixed/tcn/seed_43/bandpass_n20005_cLL_V1_V4_covariance_s15.npz,76379,691ad50f8870d98d7057686793949f175b54d6f884137dc22a2f682641f7f72f
tcn,mixed,43,bandpass_n20005_cLL_V1_V4_covariance_s10,phase2/results/predictions/full/mixed/tcn/seed_43/bandpass_n20005_cLL_V1_V4_covariance_s10.npz,76364,90e6101cd87a60591d8852f55fbab3cea62431cfe8feed591f61d47283074b9b
tcn,mixed,43,bandpass_n20005_cLL_V1_V4_covariance_s5,phase2/results/predictions/full/mixed/tcn/seed_43/bandpass_n20005_cLL_V1_V4_covariance_s5.npz,76225,3f4519fdc720414226ad0d70e784e57a3652fa9483c8b0edb857ce5d96025adb
tcn,mixed,43,bandpass_n20005_cLL_V1_V4_covariance_s0,phase2/results/predictions/full/mixed/tcn/seed_43/bandpass_n20005_cLL_V1_V4_covariance_s0.npz,75950,bac9d911fc0a79ad0128bbe007c51a3563a95461632ade473600656508baee5a
tcn,mixed,43,bandpass_n20005_call_independent_rms_s20,phase2/results/predictions/full/mixed/tcn/seed_43/bandpass_n20005_call_independent_rms_s20.npz,76353,f3f456b97cde2518e21ff40d79faee46aef7e7ebd8b556a8011a89efa11223cf
tcn,mixed,43,bandpass_n20005_call_independent_rms_s15,phase2/results/predictions/full/mixed/tcn/seed_43/bandpass_n20005_call_independent_rms_s15.npz,76345,ba075eb7f70109df025c466e15c15f90f3fee54c6982656d6251dac6d2ea4865
tcn,mixed,43,bandpass_n20005_call_independent_rms_s10,phase2/results/predictions/full/mixed/tcn/seed_43/bandpass_n20005_call_independent_rms_s10.npz,76326,05062a5f57b4d2ee409b7e0d7782b6a2248ba14901a1e499078589c66e24a0f7
tcn,mixed,43,bandpass_n20005_call_independent_rms_s5,phase2/results/predictions/full/mixed/tcn/seed_43/bandpass_n20005_call_independent_rms_s5.npz,76237,6edda7efda7b6cf817c8876f47239b6439044d2770c323577dd8fd4ccde136b7
tcn,mixed,43,bandpass_n20005_call_independent_rms_s0,phase2/results/predictions/full/mixed/tcn/seed_43/bandpass_n20005_call_independent_rms_s0.npz,76019,9427a4186ab810cc931610ea121387685259eaad63afca9a65db1e0ef1508213
tcn,mixed,43,bandpass_n20005_call_electrode_s20,phase2/results/predictions/full/mixed/tcn/seed_43/bandpass_n20005_call_electrode_s20.npz,76349,bb7e1109943a5754b66644c17a4417338dc0dd004c1079d1aeaa7709a6a96ee6
tcn,mixed,43,bandpass_n20005_call_electrode_s15,phase2/results/predictions/full/mixed/tcn/seed_43/bandpass_n20005_call_electrode_s15.npz,76330,410ccb65ed88d900030619133ff4937ca8558eea2015340bf2b74e4937a2022f
tcn,mixed,43,bandpass_n20005_call_electrode_s10,phase2/results/predictions/full/mixed/tcn/seed_43/bandpass_n20005_call_electrode_s10.npz,76285,427e558c0528d9da6f51bd754b7c34e0f599a064bf05d29c42874224c01f9bb8
tcn,mixed,43,bandpass_n20005_call_electrode_s5,phase2/results/predictions/full/mixed/tcn/seed_43/bandpass_n20005_call_electrode_s5.npz,76175,96c9fb111954942c1becbb84d5f96dd28fe33855729022bc00b4035ddfd112cf
tcn,mixed,43,bandpass_n20005_call_electrode_s0,phase2/results/predictions/full/mixed/tcn/seed_43/bandpass_n20005_call_electrode_s0.npz,75829,7fd239d13cfbab84605d792f5f1669800c8d359a0abcd236cf864ce380189de6
tcn,mixed,43,bandpass_n20005_call_covariance_s20,phase2/results/predictions/full/mixed/tcn/seed_43/bandpass_n20005_call_covariance_s20.npz,76391,c154d81f1ec5ba514feb75eabef3488ecdd2728c8be8d0a1ebacc2f78c747a78
tcn,mixed,43,bandpass_n20005_call_covariance_s15,phase2/results/predictions/full/mixed/tcn/seed_43/bandpass_n20005_call_covariance_s15.npz,76346,9a1e85b64056d025a19bae7fa6bd080d484607e58c8f64d6b9f134d38a19508b
tcn,mixed,43,bandpass_n20005_call_covariance_s10,phase2/results/predictions/full/mixed/tcn/seed_43/bandpass_n20005_call_covariance_s10.npz,76316,7e948b2c4b45c9a1235daef105991cbb80f80ca7f23a12a275179927f27d829c
tcn,mixed,43,bandpass_n20005_call_covariance_s5,phase2/results/predictions/full/mixed/tcn/seed_43/bandpass_n20005_call_covariance_s5.npz,76170,3b65e47c415623765a1c70904053c6a0c2a7e8df43106f84cb52f34e96e111e3
tcn,mixed,43,bandpass_n20005_call_covariance_s0,phase2/results/predictions/full/mixed/tcn/seed_43/bandpass_n20005_call_covariance_s0.npz,75846,812ca9866c3ef9e88deff081048cd36406d6f8db87fe3b930438787839c58959
tcn,mixed,43,bw_n20001_call_independent_rms_s20,phase2/results/predictions/full/mixed/tcn/seed_43/bw_n20001_call_independent_rms_s20.npz,76375,c593f223f435274861308977f994bd8f2181c7f04ad1a6ead6736d98609221ba
tcn,mixed,43,bw_n20001_call_independent_rms_s10,phase2/results/predictions/full/mixed/tcn/seed_43/bw_n20001_call_independent_rms_s10.npz,76325,923cd19f24e3e97fe251501a48ddf2cfff571097cd426b6a8237b38272f855a0
tcn,mixed,43,bw_n20001_call_independent_rms_s0,phase2/results/predictions/full/mixed/tcn/seed_43/bw_n20001_call_independent_rms_s0.npz,76138,29100f8e7684ba70be241a48ed40fe4561767ddbdfb1789024eb7fe539eddc09
tcn,mixed,43,bw_n20001_call_electrode_s20,phase2/results/predictions/full/mixed/tcn/seed_43/bw_n20001_call_electrode_s20.npz,76361,46fd4950e0ab320c5e346127ade7c4584bdf850ab5755b4a77b000ea62b72501
tcn,mixed,43,bw_n20001_call_electrode_s10,phase2/results/predictions/full/mixed/tcn/seed_43/bw_n20001_call_electrode_s10.npz,76329,839f5cda455a62bb5db50b3fa237a5f405ee40f44e77013d85172873e3f2de52
tcn,mixed,43,bw_n20001_call_electrode_s0,phase2/results/predictions/full/mixed/tcn/seed_43/bw_n20001_call_electrode_s0.npz,76092,9c80995f2a6c1363b4fd8685cbd9fcb17bb6a2d5e3d992d2905d7232140e3770
tcn,mixed,43,bw_n20001_call_covariance_s20,phase2/results/predictions/full/mixed/tcn/seed_43/bw_n20001_call_covariance_s20.npz,76381,ea14af47af22affc7f2c5bb621bfbf3cd5b28dfb59245c08e9e96af19007d8a6
tcn,mixed,43,bw_n20001_call_covariance_s10,phase2/results/predictions/full/mixed/tcn/seed_43/bw_n20001_call_covariance_s10.npz,76335,1f98cd6e1a287741275ddd3f2a147081b6ab9eab8abe14c84757caf6a86126ae
tcn,mixed,43,bw_n20001_call_covariance_s0,phase2/results/predictions/full/mixed/tcn/seed_43/bw_n20001_call_covariance_s0.npz,76144,8341228bf3022ac8e03e897cc9afcbdf34add40ab755accddebe6dcb7395e064
tcn,mixed,43,bw_n20002_call_independent_rms_s20,phase2/results/predictions/full/mixed/tcn/seed_43/bw_n20002_call_independent_rms_s20.npz,76372,c2222675359c5709d7f71e25acbd1ff96a2d1516dc1d205b5c892587d9be475e
tcn,mixed,43,bw_n20002_call_independent_rms_s10,phase2/results/predictions/full/mixed/tcn/seed_43/bw_n20002_call_independent_rms_s10.npz,76348,609381453dc01ceb7a1434516dd9f1133aae06883a4fd3b52c90d30553f554a2
tcn,mixed,43,bw_n20002_call_independent_rms_s0,phase2/results/predictions/full/mixed/tcn/seed_43/bw_n20002_call_independent_rms_s0.npz,76127,61461285412c24a90650835f839f5054d123b7530969ffa3334dd1215e297492
tcn,mixed,43,bw_n20002_call_electrode_s20,phase2/results/predictions/full/mixed/tcn/seed_43/bw_n20002_call_electrode_s20.npz,76347,5eed933368f37874266c9a05992475d8ccf83ce0f5b884b763a2473db4bc8480
tcn,mixed,43,bw_n20002_call_electrode_s10,phase2/results/predictions/full/mixed/tcn/seed_43/bw_n20002_call_electrode_s10.npz,76349,24a0b9b38de1fcf870f4f019cb3fdaef72cc2a0ebfcdb819de904bdf1f65ce33
tcn,mixed,43,bw_n20002_call_electrode_s0,phase2/results/predictions/full/mixed/tcn/seed_43/bw_n20002_call_electrode_s0.npz,76133,9747fb8aab395aafc10737184b803569a53903d4c79fb82a6ffab8f6b8c30393
tcn,mixed,43,bw_n20002_call_covariance_s20,phase2/results/predictions/full/mixed/tcn/seed_43/bw_n20002_call_covariance_s20.npz,76342,f8756362456ee648c1554f1322a7832b6e037158a2db3351e088dba93d7a9874
tcn,mixed,43,bw_n20002_call_covariance_s10,phase2/results/predictions/full/mixed/tcn/seed_43/bw_n20002_call_covariance_s10.npz,76345,119f6c9efc71cf5462edba8e4c0ba6574fcc70bbd2146f3ccc4f7a3584dbe1d2
tcn,mixed,43,bw_n20002_call_covariance_s0,phase2/results/predictions/full/mixed/tcn/seed_43/bw_n20002_call_covariance_s0.npz,76118,f6609bfdc0276af999a15a150342bcf0804b20c1e3f649d062631ed2f5291a96
tcn,mixed,43,bw_n20003_call_independent_rms_s20,phase2/results/predictions/full/mixed/tcn/seed_43/bw_n20003_call_independent_rms_s20.npz,76368,0da08b5bfb81253112d0e3a2adec56c3417223744f1b88407de5632d01fa2f9d
tcn,mixed,43,bw_n20003_call_independent_rms_s10,phase2/results/predictions/full/mixed/tcn/seed_43/bw_n20003_call_independent_rms_s10.npz,76349,3a46f639f12053ae33f412547277534a1fe9f28fd2e9eae72eab4cb560c12167
tcn,mixed,43,bw_n20003_call_independent_rms_s0,phase2/results/predictions/full/mixed/tcn/seed_43/bw_n20003_call_independent_rms_s0.npz,76137,5afe4feb273fb858c7714ec00938e5ecc032925edd7362962671adbf11054e9b
tcn,mixed,43,bw_n20003_call_electrode_s20,phase2/results/predictions/full/mixed/tcn/seed_43/bw_n20003_call_electrode_s20.npz,76390,8ec94f4b90aee04ae3cffda78196fc751aeb2b6a97c415d937ccb7d05dcf3c3e
tcn,mixed,43,bw_n20003_call_electrode_s10,phase2/results/predictions/full/mixed/tcn/seed_43/bw_n20003_call_electrode_s10.npz,76348,9f2004a436a40c0a52266a3e49b0d6facc9e8330180ea2b94fbba79d4c1355b8
tcn,mixed,43,bw_n20003_call_electrode_s0,phase2/results/predictions/full/mixed/tcn/seed_43/bw_n20003_call_electrode_s0.npz,76108,3bd4a32e83e17b48464e5b542c1a04503f1b784f447461d9e3cc908097b891e6
tcn,mixed,43,bw_n20003_call_covariance_s20,phase2/results/predictions/full/mixed/tcn/seed_43/bw_n20003_call_covariance_s20.npz,76355,a0a74c7a67bfd8e01f75701aeea9ca9dc3ae4bdddf4674c275f7e8c18ae36203
tcn,mixed,43,bw_n20003_call_covariance_s10,phase2/results/predictions/full/mixed/tcn/seed_43/bw_n20003_call_covariance_s10.npz,76339,ae95605700c4c907cac96190d4388f7c30979020da7895016b6e76d4a66c7454
tcn,mixed,43,bw_n20003_call_covariance_s0,phase2/results/predictions/full/mixed/tcn/seed_43/bw_n20003_call_covariance_s0.npz,76124,989095d5a88551bca96a21919f1d8edd5fd5b4c1a77ca76131b386fb87565070
tcn,mixed,43,bw_n20004_call_independent_rms_s20,phase2/results/predictions/full/mixed/tcn/seed_43/bw_n20004_call_independent_rms_s20.npz,76354,39846363c677ee5d39d972fc115d948663042acf12a82430abcee82cc23e1c78
tcn,mixed,43,bw_n20004_call_independent_rms_s10,phase2/results/predictions/full/mixed/tcn/seed_43/bw_n20004_call_independent_rms_s10.npz,76345,df094451d099f2f7e931f5eb2d444aa6ca86510dc27a20af44e092d1703fd570
tcn,mixed,43,bw_n20004_call_independent_rms_s0,phase2/results/predictions/full/mixed/tcn/seed_43/bw_n20004_call_independent_rms_s0.npz,76158,408f349efa1d3b9f6852c4f800d6b1ae3c2184e323138d5d2b277bb3b31ccb9a
tcn,mixed,43,bw_n20004_call_electrode_s20,phase2/results/predictions/full/mixed/tcn/seed_43/bw_n20004_call_electrode_s20.npz,76344,35b82accfad2874a61640730db7e8f789c9e78536929bcbe93b5efad6421b871
tcn,mixed,43,bw_n20004_call_electrode_s10,phase2/results/predictions/full/mixed/tcn/seed_43/bw_n20004_call_electrode_s10.npz,76316,6bd441c78492e56f2d7ce23b5a6fe4c4f3c181def10f3e4f987da8c4359b9ca0
tcn,mixed,43,bw_n20004_call_electrode_s0,phase2/results/predictions/full/mixed/tcn/seed_43/bw_n20004_call_electrode_s0.npz,76137,3bce2a884df00092a2a21a128d72e51f083211cb7e32182a3d4a268172f97067
tcn,mixed,43,bw_n20004_call_covariance_s20,phase2/results/predictions/full/mixed/tcn/seed_43/bw_n20004_call_covariance_s20.npz,76343,5a133fe7e71f0c5f9388fb51e22457c701e0120a4ed874543f94f7afc670a88c
tcn,mixed,43,bw_n20004_call_covariance_s10,phase2/results/predictions/full/mixed/tcn/seed_43/bw_n20004_call_covariance_s10.npz,76310,4f841a64a465b16bbfd2dfc7733b780c9fb472d9a489725d4fbc7fac19333396
tcn,mixed,43,bw_n20004_call_covariance_s0,phase2/results/predictions/full/mixed/tcn/seed_43/bw_n20004_call_covariance_s0.npz,76101,5c9c47443b1eedd0043b7e0c41e3c25f3e044ac0731cc406f79228875caf44b2
tcn,mixed,43,bw_n20005_call_independent_rms_s20,phase2/results/predictions/full/mixed/tcn/seed_43/bw_n20005_call_independent_rms_s20.npz,76366,4044fdaecd95d7c519356d6ee3f005f660f4de180a2c26d1b8d83ff285bc229b
tcn,mixed,43,bw_n20005_call_independent_rms_s10,phase2/results/predictions/full/mixed/tcn/seed_43/bw_n20005_call_independent_rms_s10.npz,76366,059785fcd53ffbd941fe4810f7cff3e2fc3fc0824ca6e56cdf33d053af484471
tcn,mixed,43,bw_n20005_call_independent_rms_s0,phase2/results/predictions/full/mixed/tcn/seed_43/bw_n20005_call_independent_rms_s0.npz,76157,ac03c9d88c8c29c29fc794527d6e1edbc01ecffa68efee2b26e6e9c424346338
tcn,mixed,43,bw_n20005_call_electrode_s20,phase2/results/predictions/full/mixed/tcn/seed_43/bw_n20005_call_electrode_s20.npz,76330,64015f5a187640ad611e42f1fd657b56924f0b00c10cd22833022b3231d9bcc5
tcn,mixed,43,bw_n20005_call_electrode_s10,phase2/results/predictions/full/mixed/tcn/seed_43/bw_n20005_call_electrode_s10.npz,76293,e7bc5e8f6b407c1898d3b67765938108d7386f3617a063a83544022ed75d57b7
tcn,mixed,43,bw_n20005_call_electrode_s0,phase2/results/predictions/full/mixed/tcn/seed_43/bw_n20005_call_electrode_s0.npz,76100,600026d7543ae2290272001f132f80adfeeed65b23cf077c69efbc8f041256d1
tcn,mixed,43,bw_n20005_call_covariance_s20,phase2/results/predictions/full/mixed/tcn/seed_43/bw_n20005_call_covariance_s20.npz,76373,dbf4a296741b82ca8b74f49a8f59784047630c7f829008a9fa3c47192455bcc3
tcn,mixed,43,bw_n20005_call_covariance_s10,phase2/results/predictions/full/mixed/tcn/seed_43/bw_n20005_call_covariance_s10.npz,76345,c23b4b670e395cce36094454df4cb245a4fdc63352cf22e92363f5aca64572a7
tcn,mixed,43,bw_n20005_call_covariance_s0,phase2/results/predictions/full/mixed/tcn/seed_43/bw_n20005_call_covariance_s0.npz,76119,f26c0b860963ea62b6741b7140ecb6dc2f852365962999fddd6a4c9d26bb077e
tcn,mixed,43,ma_n20001_call_independent_rms_s20,phase2/results/predictions/full/mixed/tcn/seed_43/ma_n20001_call_independent_rms_s20.npz,76362,c7c3d0d3c86a2272543f55f6047cade6663dd89e2b55ff641176648f568dbac4
tcn,mixed,43,ma_n20001_call_independent_rms_s10,phase2/results/predictions/full/mixed/tcn/seed_43/ma_n20001_call_independent_rms_s10.npz,76332,a01389a83fdb543ed3a9a77a5eef6ba60b5962bb56cf679af189afbe17406880
tcn,mixed,43,ma_n20001_call_independent_rms_s0,phase2/results/predictions/full/mixed/tcn/seed_43/ma_n20001_call_independent_rms_s0.npz,76123,7c8dec885eb61701735b0373abb065ef74f18df634d18421cc5156decff115f1
tcn,mixed,43,ma_n20001_call_electrode_s20,phase2/results/predictions/full/mixed/tcn/seed_43/ma_n20001_call_electrode_s20.npz,76369,5bb5ef1440e035b29d23bed4ff37d1ff67473c42e04536254d655b704bed4a65
tcn,mixed,43,ma_n20001_call_electrode_s10,phase2/results/predictions/full/mixed/tcn/seed_43/ma_n20001_call_electrode_s10.npz,76327,625f329f48c8f5a903a9cd02052e2865bc1d93460195164b70c11f3d4b99df33
tcn,mixed,43,ma_n20001_call_electrode_s0,phase2/results/predictions/full/mixed/tcn/seed_43/ma_n20001_call_electrode_s0.npz,76080,65c0e386b889a9867cde9ce3a4e72261797f30d4312b376c796a0298001b1bf0
tcn,mixed,43,ma_n20001_call_covariance_s20,phase2/results/predictions/full/mixed/tcn/seed_43/ma_n20001_call_covariance_s20.npz,76325,af36909a61f78093a1b3d41b78cc03cb832e9722ad8f0a6666c20cfbf0a42bf7
tcn,mixed,43,ma_n20001_call_covariance_s10,phase2/results/predictions/full/mixed/tcn/seed_43/ma_n20001_call_covariance_s10.npz,76341,bba0f457f90ca6f86d6474ee34204809136a050045a650818634587e2c3e0aea
tcn,mixed,43,ma_n20001_call_covariance_s0,phase2/results/predictions/full/mixed/tcn/seed_43/ma_n20001_call_covariance_s0.npz,76067,693e2d88b485994b2dea0f558e9fe8c19317694bad017adc0372cc8b260a36be
tcn,mixed,43,ma_n20002_call_independent_rms_s20,phase2/results/predictions/full/mixed/tcn/seed_43/ma_n20002_call_independent_rms_s20.npz,76353,52368e202b34a21033effef8222d57dea57787d7c05eb05358310daaabc538aa
tcn,mixed,43,ma_n20002_call_independent_rms_s10,phase2/results/predictions/full/mixed/tcn/seed_43/ma_n20002_call_independent_rms_s10.npz,76375,b7abb36f566c91c26ca91dceeeb82d94313eae6ff15e8c2683d038790e9b2f78
tcn,mixed,43,ma_n20002_call_independent_rms_s0,phase2/results/predictions/full/mixed/tcn/seed_43/ma_n20002_call_independent_rms_s0.npz,76118,3a420139e7df25b0e30b7e3332f7d4e13661462662c24e20190f4c296035b093
tcn,mixed,43,ma_n20002_call_electrode_s20,phase2/results/predictions/full/mixed/tcn/seed_43/ma_n20002_call_electrode_s20.npz,76372,9bfc037c7c67c38cb49c2dd5b1536b1134b38896e5e37c27b054f6442b190473
tcn,mixed,43,ma_n20002_call_electrode_s10,phase2/results/predictions/full/mixed/tcn/seed_43/ma_n20002_call_electrode_s10.npz,76320,8639506bbd517c0533226b2809f9555e5c866490416bbb6584fff79cf0cf6159
tcn,mixed,43,ma_n20002_call_electrode_s0,phase2/results/predictions/full/mixed/tcn/seed_43/ma_n20002_call_electrode_s0.npz,76072,b4e51cb4d6e95fe95d3b83297587f88694ee0f46a409ad4e749095f08b4c879c
tcn,mixed,43,ma_n20002_call_covariance_s20,phase2/results/predictions/full/mixed/tcn/seed_43/ma_n20002_call_covariance_s20.npz,76386,ea537880e9519b9b08855e09c94bb1b771d0868b9a469d1608518616019d613c
tcn,mixed,43,ma_n20002_call_covariance_s10,phase2/results/predictions/full/mixed/tcn/seed_43/ma_n20002_call_covariance_s10.npz,76348,1ff013967ab366a588781cb9e03ab7d361040009e3538842a5be1896e86382bd
tcn,mixed,43,ma_n20002_call_covariance_s0,phase2/results/predictions/full/mixed/tcn/seed_43/ma_n20002_call_covariance_s0.npz,76120,3a8eddf511c5671a76dc252e8230415da217bbdb1a550d2707895474708217f9
tcn,mixed,43,ma_n20003_call_independent_rms_s20,phase2/results/predictions/full/mixed/tcn/seed_43/ma_n20003_call_independent_rms_s20.npz,76359,1a254b3a0fd241353de9f147a188ba1229775a2c18d67817f2fabf8f1ca98053
tcn,mixed,43,ma_n20003_call_independent_rms_s10,phase2/results/predictions/full/mixed/tcn/seed_43/ma_n20003_call_independent_rms_s10.npz,76360,9ab0489d5e402cb562c1aca64161560f836064acaa8b95821b3b5f29390f756d
tcn,mixed,43,ma_n20003_call_independent_rms_s0,phase2/results/predictions/full/mixed/tcn/seed_43/ma_n20003_call_independent_rms_s0.npz,76113,acd7ebc7a4a83fcebfa915ec074c0d29cca08c8eb23bad72aacf2d882ed54bd9
tcn,mixed,43,ma_n20003_call_electrode_s20,phase2/results/predictions/full/mixed/tcn/seed_43/ma_n20003_call_electrode_s20.npz,76349,5e36dcabbb0e9660c40cd37780436d6c80f09da51cbb6b2561470a9ddba235c7
tcn,mixed,43,ma_n20003_call_electrode_s10,phase2/results/predictions/full/mixed/tcn/seed_43/ma_n20003_call_electrode_s10.npz,76316,da4b7138ca00c928361254f4ecadc85e7f853aa17aaf70047df1426ef0ae39e2
tcn,mixed,43,ma_n20003_call_electrode_s0,phase2/results/predictions/full/mixed/tcn/seed_43/ma_n20003_call_electrode_s0.npz,76070,9181d7bb88f0894d105f6402a8fdaaeea28e9d0f7353c3207d6ea1c93016a18f
tcn,mixed,43,ma_n20003_call_covariance_s20,phase2/results/predictions/full/mixed/tcn/seed_43/ma_n20003_call_covariance_s20.npz,76342,ad697380d644daa0274a86f8510d483d3f82d714aea91d12513c178b0af7d899
tcn,mixed,43,ma_n20003_call_covariance_s10,phase2/results/predictions/full/mixed/tcn/seed_43/ma_n20003_call_covariance_s10.npz,76328,d2537945cd6c89cf0ea248a9d903f19a6e082baaaef90a63ef7a450366680fb4
tcn,mixed,43,ma_n20003_call_covariance_s0,phase2/results/predictions/full/mixed/tcn/seed_43/ma_n20003_call_covariance_s0.npz,76073,2979128549433ac82b7012cffa404575c99425e1e1f4503ed6e48fc974bb53ff
tcn,mixed,43,ma_n20004_call_independent_rms_s20,phase2/results/predictions/full/mixed/tcn/seed_43/ma_n20004_call_independent_rms_s20.npz,76364,13bf99c3574efbc08a11b89d8eedc219db210630a9ccaaec4e2fed67e19dcdc0
tcn,mixed,43,ma_n20004_call_independent_rms_s10,phase2/results/predictions/full/mixed/tcn/seed_43/ma_n20004_call_independent_rms_s10.npz,76340,0417b3ecd20a6166c043a7a3e2bc29abd36477447720ee4e3a2ab75a530c1232
tcn,mixed,43,ma_n20004_call_independent_rms_s0,phase2/results/predictions/full/mixed/tcn/seed_43/ma_n20004_call_independent_rms_s0.npz,76128,d85e974c4033a6f72bf1ee1ad41b77b56c238d1e047838e00f137641bde59539
tcn,mixed,43,ma_n20004_call_electrode_s20,phase2/results/predictions/full/mixed/tcn/seed_43/ma_n20004_call_electrode_s20.npz,76338,e358f080ceccaecba3089cf42760f699afab12e131969bf76ec6c622928854d9
tcn,mixed,43,ma_n20004_call_electrode_s10,phase2/results/predictions/full/mixed/tcn/seed_43/ma_n20004_call_electrode_s10.npz,76295,833b837047c44d2872ef035873b7d69272619eee6457677f05a1a81f486b6584
tcn,mixed,43,ma_n20004_call_electrode_s0,phase2/results/predictions/full/mixed/tcn/seed_43/ma_n20004_call_electrode_s0.npz,76070,00fbc4571993236f8ffca7b11719ea9b0842a23f5d5f7175118352a745f9c47f
tcn,mixed,43,ma_n20004_call_covariance_s20,phase2/results/predictions/full/mixed/tcn/seed_43/ma_n20004_call_covariance_s20.npz,76368,8c79941ccdf245e12afa31973898db18b2def0b32718087531d52801c4a8af3b
tcn,mixed,43,ma_n20004_call_covariance_s10,phase2/results/predictions/full/mixed/tcn/seed_43/ma_n20004_call_covariance_s10.npz,76351,21bf1eab9c50cc699b0ec94b5c14c7a07114f406edf23de41046c7997cc3e309
tcn,mixed,43,ma_n20004_call_covariance_s0,phase2/results/predictions/full/mixed/tcn/seed_43/ma_n20004_call_covariance_s0.npz,76052,e7d70d7c603de25426ffe045aee12ac495eee2a282d8d85ee4bc780613ab2abc
tcn,mixed,43,ma_n20005_call_independent_rms_s20,phase2/results/predictions/full/mixed/tcn/seed_43/ma_n20005_call_independent_rms_s20.npz,76385,2a445930386a97a24c194ee1163678255c9195078b3374d9388c9298e056ec10
tcn,mixed,43,ma_n20005_call_independent_rms_s10,phase2/results/predictions/full/mixed/tcn/seed_43/ma_n20005_call_independent_rms_s10.npz,76335,3cdca7ca13f793901b1f4f69898819defcc268218e0e7af8d2ff6e984e806f0b
tcn,mixed,43,ma_n20005_call_independent_rms_s0,phase2/results/predictions/full/mixed/tcn/seed_43/ma_n20005_call_independent_rms_s0.npz,76128,fcb47257c52a401ce24fc4923adbff2013bfc58ebb956f3cd23be7e5f305b58d
tcn,mixed,43,ma_n20005_call_electrode_s20,phase2/results/predictions/full/mixed/tcn/seed_43/ma_n20005_call_electrode_s20.npz,76367,3b57ffcab59a8d323ccdf8fcadac719aa3f5bbf67c266f50a4f1561090e22451
tcn,mixed,43,ma_n20005_call_electrode_s10,phase2/results/predictions/full/mixed/tcn/seed_43/ma_n20005_call_electrode_s10.npz,76327,301068dafc5b17ef357cf1345ed26f4861ae9d1e558c5017630a153c4fe6d13a
tcn,mixed,43,ma_n20005_call_electrode_s0,phase2/results/predictions/full/mixed/tcn/seed_43/ma_n20005_call_electrode_s0.npz,76080,53d8a30df0117cc7b52e17a48c742ad70f1dfb937cc047a92269cf831ce6ea50
tcn,mixed,43,ma_n20005_call_covariance_s20,phase2/results/predictions/full/mixed/tcn/seed_43/ma_n20005_call_covariance_s20.npz,76340,27884de514c0223e047bfdfc7c6fb45b64b25b95f48de4a2525f91bd10ade32f
tcn,mixed,43,ma_n20005_call_covariance_s10,phase2/results/predictions/full/mixed/tcn/seed_43/ma_n20005_call_covariance_s10.npz,76346,b4b1f9fe0c2fe50fc4b8d33e6d98ef033eaa190f33acd3369d9be2fe382d8d52
tcn,mixed,43,ma_n20005_call_covariance_s0,phase2/results/predictions/full/mixed/tcn/seed_43/ma_n20005_call_covariance_s0.npz,76096,cc6cb5bd67fa0eecfd464f72fee592f4a81b519c07e822afd8f39bf307e62839
tcn,mixed,43,em_n20001_call_independent_rms_s20,phase2/results/predictions/full/mixed/tcn/seed_43/em_n20001_call_independent_rms_s20.npz,76365,86406935143f8a103ecc5abe0899d48f56e7cde315a0bcf10f64be0f9e9dc656
tcn,mixed,43,em_n20001_call_independent_rms_s10,phase2/results/predictions/full/mixed/tcn/seed_43/em_n20001_call_independent_rms_s10.npz,76366,edbff04ff57b34c014472084c031a8bfc36caaca0e70f9e9543959704681cd10
tcn,mixed,43,em_n20001_call_independent_rms_s0,phase2/results/predictions/full/mixed/tcn/seed_43/em_n20001_call_independent_rms_s0.npz,75986,e9361f9729af3395f849c8da88edb02f8fd27924f27bf631f8bf66c0ddcbfb97
tcn,mixed,43,em_n20001_call_electrode_s20,phase2/results/predictions/full/mixed/tcn/seed_43/em_n20001_call_electrode_s20.npz,76369,4fd998eddaa5271157de4e44c8e1807654c8162052be79fd2efc110d3eb4528f
tcn,mixed,43,em_n20001_call_electrode_s10,phase2/results/predictions/full/mixed/tcn/seed_43/em_n20001_call_electrode_s10.npz,76263,aaa3d046031102cee2e9e0261c18ebe3a1fd8ef7332b9ad118afcbba1f3b5fda
tcn,mixed,43,em_n20001_call_electrode_s0,phase2/results/predictions/full/mixed/tcn/seed_43/em_n20001_call_electrode_s0.npz,75862,220de57419dff8bd9fffb3c636ed18b9ed2774507e04758864183d80af0cc315
tcn,mixed,43,em_n20001_call_covariance_s20,phase2/results/predictions/full/mixed/tcn/seed_43/em_n20001_call_covariance_s20.npz,76365,690ad3574e18c1a099353d711cecf93571e99742e8f55d72481216634b8d47df
tcn,mixed,43,em_n20001_call_covariance_s10,phase2/results/predictions/full/mixed/tcn/seed_43/em_n20001_call_covariance_s10.npz,76302,97ab1c3b2726911a14de6c2e9219dc289a123267713ead3c77d86440d680622f
tcn,mixed,43,em_n20001_call_covariance_s0,phase2/results/predictions/full/mixed/tcn/seed_43/em_n20001_call_covariance_s0.npz,75865,c2d7a48b7d5555ac02a2d387d1a4cd8d42ca8a5c9a545c32f32334e03cab4eb9
tcn,mixed,43,em_n20002_call_independent_rms_s20,phase2/results/predictions/full/mixed/tcn/seed_43/em_n20002_call_independent_rms_s20.npz,76372,93a9b2f7b9c27f6cfb26e0a5322a5065e2faeda93143483395c313bb4abaa555
tcn,mixed,43,em_n20002_call_independent_rms_s10,phase2/results/predictions/full/mixed/tcn/seed_43/em_n20002_call_independent_rms_s10.npz,76335,8c3eb492e0a280d9ee2eba6ce73d8c8edce914dcfaad07b011ec915d1409dd32
tcn,mixed,43,em_n20002_call_independent_rms_s0,phase2/results/predictions/full/mixed/tcn/seed_43/em_n20002_call_independent_rms_s0.npz,76035,51bf1f036915e1d03f2ace3b45956a4461dc30134104cf50c25ed5a2602cce25
tcn,mixed,43,em_n20002_call_electrode_s20,phase2/results/predictions/full/mixed/tcn/seed_43/em_n20002_call_electrode_s20.npz,76333,5a528e7846e704dde4e8eb2f13b2d2cd4da5c9dfcc05643b350fa4d8e28c1e0c
tcn,mixed,43,em_n20002_call_electrode_s10,phase2/results/predictions/full/mixed/tcn/seed_43/em_n20002_call_electrode_s10.npz,76312,d3f23e51c85314200f174e50348f967d845179d774936a6c3140287ca5c77479
tcn,mixed,43,em_n20002_call_electrode_s0,phase2/results/predictions/full/mixed/tcn/seed_43/em_n20002_call_electrode_s0.npz,75882,4883aa32a1001f695496a889a93d8e1ac91d7987181bd82832c6805d802a102f
tcn,mixed,43,em_n20002_call_covariance_s20,phase2/results/predictions/full/mixed/tcn/seed_43/em_n20002_call_covariance_s20.npz,76336,31c1a7d492b367cea78f0d8ab95387849f314f73fbfb1c59acb28d2c32924f1b
tcn,mixed,43,em_n20002_call_covariance_s10,phase2/results/predictions/full/mixed/tcn/seed_43/em_n20002_call_covariance_s10.npz,76280,c4d8b323f9e9fea8cf7f8ce935a55116376b226b14bcd96327f42db4048db457
tcn,mixed,43,em_n20002_call_covariance_s0,phase2/results/predictions/full/mixed/tcn/seed_43/em_n20002_call_covariance_s0.npz,75907,504548cda3f7224ea16e942961b9333855718a414d6f63d8e2e1329748cd08d6
tcn,mixed,43,em_n20003_call_independent_rms_s20,phase2/results/predictions/full/mixed/tcn/seed_43/em_n20003_call_independent_rms_s20.npz,76360,778e3a19c40a5d8ae334b416e9db5c756c1a1f65078af9aee2d71c5bdf328404
tcn,mixed,43,em_n20003_call_independent_rms_s10,phase2/results/predictions/full/mixed/tcn/seed_43/em_n20003_call_independent_rms_s10.npz,76333,b202a4bc1a6d3a4188563775f652e4b1b867238108f88aa8ecb322c2c679c4d8
tcn,mixed,43,em_n20003_call_independent_rms_s0,phase2/results/predictions/full/mixed/tcn/seed_43/em_n20003_call_independent_rms_s0.npz,76012,43271ccd99fe9bd82de105a2f19f251bf1299eb7a9d708a16c649adc105da37f
tcn,mixed,43,em_n20003_call_electrode_s20,phase2/results/predictions/full/mixed/tcn/seed_43/em_n20003_call_electrode_s20.npz,76351,9aa76affd7f4db6d69642579d003b2a726f167acd2b054ab19e9f59b8c992b71
tcn,mixed,43,em_n20003_call_electrode_s10,phase2/results/predictions/full/mixed/tcn/seed_43/em_n20003_call_electrode_s10.npz,76283,95d1247e4b966befc6ebecd9a40c5e71031938777991d5f74ef533d90a30533d
tcn,mixed,43,em_n20003_call_electrode_s0,phase2/results/predictions/full/mixed/tcn/seed_43/em_n20003_call_electrode_s0.npz,75853,c79e04449deac2e89515d0d75b26d9f5ff01af37d50e28a8fc9373c8ee83f7ac
tcn,mixed,43,em_n20003_call_covariance_s20,phase2/results/predictions/full/mixed/tcn/seed_43/em_n20003_call_covariance_s20.npz,76369,e8a47677035eef01560f7363e1512e8ff4adfdbdaa7b8ca055007d8ee410936b
tcn,mixed,43,em_n20003_call_covariance_s10,phase2/results/predictions/full/mixed/tcn/seed_43/em_n20003_call_covariance_s10.npz,76276,bfab6f229c7b0e968ae399ce59bc6235f283cd0b0a0b9100daf3e34e0df98d96
tcn,mixed,43,em_n20003_call_covariance_s0,phase2/results/predictions/full/mixed/tcn/seed_43/em_n20003_call_covariance_s0.npz,75891,b6e0f27c77db53b6e37416e128d75fcdfa6743ff30b5846a87ecda505be68d60
tcn,mixed,43,em_n20004_call_independent_rms_s20,phase2/results/predictions/full/mixed/tcn/seed_43/em_n20004_call_independent_rms_s20.npz,76392,78cf045e8fcd97aa37cefe73c2ee91491117d3219a892312d21a6eb54f2bb6b4
tcn,mixed,43,em_n20004_call_independent_rms_s10,phase2/results/predictions/full/mixed/tcn/seed_43/em_n20004_call_independent_rms_s10.npz,76342,a994afb3b5462000b84340241d77a79267506a6125e7691c5d42ab37aa9b7609
tcn,mixed,43,em_n20004_call_independent_rms_s0,phase2/results/predictions/full/mixed/tcn/seed_43/em_n20004_call_independent_rms_s0.npz,76030,af2888f5c29d536ffded6052f2f7016030247aba73d39936c5eee8affcfe2c83
tcn,mixed,43,em_n20004_call_electrode_s20,phase2/results/predictions/full/mixed/tcn/seed_43/em_n20004_call_electrode_s20.npz,76336,c3088a69be5820af9523f2b9556968f3a55f973c832f4e380ba8f8aab3985923
tcn,mixed,43,em_n20004_call_electrode_s10,phase2/results/predictions/full/mixed/tcn/seed_43/em_n20004_call_electrode_s10.npz,76293,033960bc3e3d97f9beb52ca0b26d0f0f528cdd5315dc1e338c5968c042cd417f
tcn,mixed,43,em_n20004_call_electrode_s0,phase2/results/predictions/full/mixed/tcn/seed_43/em_n20004_call_electrode_s0.npz,75873,7b3a45bcf1361d8ceddfe9d1e980ac0689539247e786244d38d295443168cb2a
tcn,mixed,43,em_n20004_call_covariance_s20,phase2/results/predictions/full/mixed/tcn/seed_43/em_n20004_call_covariance_s20.npz,76344,7e757ef5fed69b3a7318597db378bf57c1410bb3ed0990d9b9066e1985c45fef
tcn,mixed,43,em_n20004_call_covariance_s10,phase2/results/predictions/full/mixed/tcn/seed_43/em_n20004_call_covariance_s10.npz,76301,a2cbd2b8e7e903a93f02aed74db9c2c04d9215f0316f8f09284fa189ea0b6bc3
tcn,mixed,43,em_n20004_call_covariance_s0,phase2/results/predictions/full/mixed/tcn/seed_43/em_n20004_call_covariance_s0.npz,75869,f23bd4bc7c36d9282798d03d280126dd0d2ab659339644f06d6c5646c9ef4dfa
tcn,mixed,43,em_n20005_call_independent_rms_s20,phase2/results/predictions/full/mixed/tcn/seed_43/em_n20005_call_independent_rms_s20.npz,76394,cbbaeff7dbc7e7fbe0acda0b56938abec5f5325ba6a3bc900eceeaa1770e3506
tcn,mixed,43,em_n20005_call_independent_rms_s10,phase2/results/predictions/full/mixed/tcn/seed_43/em_n20005_call_independent_rms_s10.npz,76331,ecc4ccf6e25ccbd0ab19bf303addd9865e774a54043eb109f1401463d46553f7
tcn,mixed,43,em_n20005_call_independent_rms_s0,phase2/results/predictions/full/mixed/tcn/seed_43/em_n20005_call_independent_rms_s0.npz,76053,b2156ba264460827f504021a583eca5a19bb8660901ca1c26fb785252f2f107c
tcn,mixed,43,em_n20005_call_electrode_s20,phase2/results/predictions/full/mixed/tcn/seed_43/em_n20005_call_electrode_s20.npz,76349,3bfcfef1932d1ab3ce7505059a829aabb8f77fd3310b1f7cdb2b817223d37957
tcn,mixed,43,em_n20005_call_electrode_s10,phase2/results/predictions/full/mixed/tcn/seed_43/em_n20005_call_electrode_s10.npz,76274,2029ae48bb83015fe2cd98ff3855509c2e9e70b5bd34686e9c949ccc38d741e3
tcn,mixed,43,em_n20005_call_electrode_s0,phase2/results/predictions/full/mixed/tcn/seed_43/em_n20005_call_electrode_s0.npz,75847,9f1ddd9d5ce9b83bcb66fb5cd53bff0b418f69eeb04f350de4d711e7413da051
tcn,mixed,43,em_n20005_call_covariance_s20,phase2/results/predictions/full/mixed/tcn/seed_43/em_n20005_call_covariance_s20.npz,76341,8d764df9cd65c599259ec20c22ad47380131d4e8efd54134c0b5f05f6c241e84
tcn,mixed,43,em_n20005_call_covariance_s10,phase2/results/predictions/full/mixed/tcn/seed_43/em_n20005_call_covariance_s10.npz,76312,52df7bcbfed6b3b256cb0bb8fc4458cf9875b7477f430b126a3e053ee8d9352d
tcn,mixed,43,em_n20005_call_covariance_s0,phase2/results/predictions/full/mixed/tcn/seed_43/em_n20005_call_covariance_s0.npz,75878,4e85f669a14c01e33f8fc6692122b17871ecc7134bda6c918c7351ff3e86bac0
tcn,clean_only,101,clean,phase2/results/predictions/full/clean_only/tcn/seed_101/clean.npz,76333,add76d7b65e1cff199d24060cb27bcdc8c832f91846a44b251e7b9441d60354f
tcn,clean_only,101,bandpass_n20001_cRA_LA_LL_independent_rms_s20,phase2/results/predictions/full/clean_only/tcn/seed_101/bandpass_n20001_cRA_LA_LL_independent_rms_s20.npz,76419,229a988b63cb4beb7902e79db0dc2ae7a7b640758ff1ea7c7b80fb589a62d1c2
tcn,clean_only,101,bandpass_n20001_cRA_LA_LL_independent_rms_s15,phase2/results/predictions/full/clean_only/tcn/seed_101/bandpass_n20001_cRA_LA_LL_independent_rms_s15.npz,76413,e2f75f7124bea87fee7169967849264e8c98d836bad79b4a3deb55527a37c4a9
tcn,clean_only,101,bandpass_n20001_cRA_LA_LL_independent_rms_s10,phase2/results/predictions/full/clean_only/tcn/seed_101/bandpass_n20001_cRA_LA_LL_independent_rms_s10.npz,76343,bbfb56b6e950ac2982fe3a49e7b0b0b7ffe417e51780c37f937dd67bbf899169
tcn,clean_only,101,bandpass_n20001_cRA_LA_LL_independent_rms_s5,phase2/results/predictions/full/clean_only/tcn/seed_101/bandpass_n20001_cRA_LA_LL_independent_rms_s5.npz,76151,6242bb129efb768d09bb220e1b2d91261c78191911450aeb1ec18c9f2b5d395b
tcn,clean_only,101,bandpass_n20001_cRA_LA_LL_independent_rms_s0,phase2/results/predictions/full/clean_only/tcn/seed_101/bandpass_n20001_cRA_LA_LL_independent_rms_s0.npz,75759,93b9f7e7107fca9f8cfa10ae69a9ad45e1861921ac92237e1ff6d3497426d7b7
tcn,clean_only,101,bandpass_n20001_cRA_LA_LL_electrode_s20,phase2/results/predictions/full/clean_only/tcn/seed_101/bandpass_n20001_cRA_LA_LL_electrode_s20.npz,76405,5aaa8d142055cc3d962f1d45309e7511327a89fbbf925b0bb950bd63a95d6657
tcn,clean_only,101,bandpass_n20001_cRA_LA_LL_electrode_s15,phase2/results/predictions/full/clean_only/tcn/seed_101/bandpass_n20001_cRA_LA_LL_electrode_s15.npz,76370,03aecc3ab7baf6c2142bea628e277b94a786fa40024b615f81442e3f5006bc45
tcn,clean_only,101,bandpass_n20001_cRA_LA_LL_electrode_s10,phase2/results/predictions/full/clean_only/tcn/seed_101/bandpass_n20001_cRA_LA_LL_electrode_s10.npz,76247,a06f4243daea7a35ca914bf0da011f705bd2b9fe3f1c03d7e810be3d4a96c450
tcn,clean_only,101,bandpass_n20001_cRA_LA_LL_electrode_s5,phase2/results/predictions/full/clean_only/tcn/seed_101/bandpass_n20001_cRA_LA_LL_electrode_s5.npz,75946,97e9994b4b84f9a376e999de863e0f9112e106ad65cd2bd36017a509075519b9
tcn,clean_only,101,bandpass_n20001_cRA_LA_LL_electrode_s0,phase2/results/predictions/full/clean_only/tcn/seed_101/bandpass_n20001_cRA_LA_LL_electrode_s0.npz,75741,7c167f202af6645a2dda5fc1f4228456884b455c01d98741506c2ff1995a6617
tcn,clean_only,101,bandpass_n20001_cRA_LA_LL_covariance_s20,phase2/results/predictions/full/clean_only/tcn/seed_101/bandpass_n20001_cRA_LA_LL_covariance_s20.npz,76404,2a5ef6b01e07bffbc2cb83824702ec98076f999d49f7e9d89ea10d7c7c336fb9
tcn,clean_only,101,bandpass_n20001_cRA_LA_LL_covariance_s15,phase2/results/predictions/full/clean_only/tcn/seed_101/bandpass_n20001_cRA_LA_LL_covariance_s15.npz,76378,b76e931f3529b31248fdbbe32fc2a0c2cfb0f711e14bc206d2b8f776081742ea
tcn,clean_only,101,bandpass_n20001_cRA_LA_LL_covariance_s10,phase2/results/predictions/full/clean_only/tcn/seed_101/bandpass_n20001_cRA_LA_LL_covariance_s10.npz,76260,1e8f3b7215ac677e4723bf80325ffa802423be0901e31c72ab1ec9f3ebd6e2bc
tcn,clean_only,101,bandpass_n20001_cRA_LA_LL_covariance_s5,phase2/results/predictions/full/clean_only/tcn/seed_101/bandpass_n20001_cRA_LA_LL_covariance_s5.npz,75937,4b304460cc9735e3849496dc12ddb035ff2c29b855d28b64ec6d4d71365d9274
tcn,clean_only,101,bandpass_n20001_cRA_LA_LL_covariance_s0,phase2/results/predictions/full/clean_only/tcn/seed_101/bandpass_n20001_cRA_LA_LL_covariance_s0.npz,75774,17514e9e5a1c32f26eb560cc911141e5842ef1bd93cb8c19726bebf19dac8aab
tcn,clean_only,101,bandpass_n20001_cV1_independent_rms_s20,phase2/results/predictions/full/clean_only/tcn/seed_101/bandpass_n20001_cV1_independent_rms_s20.npz,76403,ace1e5bbefdb8f8f793d8978183d38927376e6fc9d0468b4a949f89773bb7fbe
tcn,clean_only,101,bandpass_n20001_cV1_independent_rms_s15,phase2/results/predictions/full/clean_only/tcn/seed_101/bandpass_n20001_cV1_independent_rms_s15.npz,76354,1277c6c2f2b2f71ae2781889ca744f8795e94b7695df6209062b10c447a0c6d7
tcn,clean_only,101,bandpass_n20001_cV1_independent_rms_s10,phase2/results/predictions/full/clean_only/tcn/seed_101/bandpass_n20001_cV1_independent_rms_s10.npz,76254,32fa128636f974089d3e109a4dc961e4cc79b33ad3dbd14e8c77f5e2f206369e
tcn,clean_only,101,bandpass_n20001_cV1_independent_rms_s5,phase2/results/predictions/full/clean_only/tcn/seed_101/bandpass_n20001_cV1_independent_rms_s5.npz,76024,e66e6b144b56794a056a1bab66133510f520e25e999d16e726bd064f94f44f98
tcn,clean_only,101,bandpass_n20001_cV1_independent_rms_s0,phase2/results/predictions/full/clean_only/tcn/seed_101/bandpass_n20001_cV1_independent_rms_s0.npz,75794,7c429646ff4e7c6e22540ac20b958d75d6ad85b202767b79d3907061f9f6787c
tcn,clean_only,101,bandpass_n20001_cV1_electrode_s20,phase2/results/predictions/full/clean_only/tcn/seed_101/bandpass_n20001_cV1_electrode_s20.npz,76409,f02188f87c0eba082dc6c9e00f25bb9f25552cfd4f78265328239e1e0dd594a0
tcn,clean_only,101,bandpass_n20001_cV1_electrode_s15,phase2/results/predictions/full/clean_only/tcn/seed_101/bandpass_n20001_cV1_electrode_s15.npz,76388,2c62d3d779d24604d405c7365678e0fc17148255688bf5235f8b0e473c7918f5
tcn,clean_only,101,bandpass_n20001_cV1_electrode_s10,phase2/results/predictions/full/clean_only/tcn/seed_101/bandpass_n20001_cV1_electrode_s10.npz,76260,af823aedc5aae42222f054bf8e3a8b49114214e855b4ff61522087f1649940d4
tcn,clean_only,101,bandpass_n20001_cV1_electrode_s5,phase2/results/predictions/full/clean_only/tcn/seed_101/bandpass_n20001_cV1_electrode_s5.npz,76003,415467b36f0fdcaf08faf26bab0a560050b55770260f753ed0c29138eb503d95
tcn,clean_only,101,bandpass_n20001_cV1_electrode_s0,phase2/results/predictions/full/clean_only/tcn/seed_101/bandpass_n20001_cV1_electrode_s0.npz,75792,54ca551f689eab0b42a1cc23bb0b2717d8cdba7c7ef4ce4edc9efca075966166
tcn,clean_only,101,bandpass_n20001_cV1_covariance_s20,phase2/results/predictions/full/clean_only/tcn/seed_101/bandpass_n20001_cV1_covariance_s20.npz,76409,257483eabaea0b9193d70de70d2c844ccbecc84eba0a468d654f4ee1d4096b08
tcn,clean_only,101,bandpass_n20001_cV1_covariance_s15,phase2/results/predictions/full/clean_only/tcn/seed_101/bandpass_n20001_cV1_covariance_s15.npz,76400,8ec8549009e8bc26fb2b56e89d3391577e641a43dac0db35de826f22f72af2e1
tcn,clean_only,101,bandpass_n20001_cV1_covariance_s10,phase2/results/predictions/full/clean_only/tcn/seed_101/bandpass_n20001_cV1_covariance_s10.npz,76273,d69cedae4d9cd006f864f25c321bf50693c380dd577146551c103c1b2bdeae8b
tcn,clean_only,101,bandpass_n20001_cV1_covariance_s5,phase2/results/predictions/full/clean_only/tcn/seed_101/bandpass_n20001_cV1_covariance_s5.npz,75986,43ae529540f192d5420bcd4bcb0e72133fb8c70e08def7e0706584d429548b9d
tcn,clean_only,101,bandpass_n20001_cV1_covariance_s0,phase2/results/predictions/full/clean_only/tcn/seed_101/bandpass_n20001_cV1_covariance_s0.npz,75816,1400d82ce619697eae4df87ab15dfc9e087ae85060e3da7b1c2a63e0804e62c8
tcn,clean_only,101,bandpass_n20001_cV2_independent_rms_s20,phase2/results/predictions/full/clean_only/tcn/seed_101/bandpass_n20001_cV2_independent_rms_s20.npz,76391,f03804e457776c5dd81bc883d640e69fb3eaf68e9b74f7879b4344019b5e3027
tcn,clean_only,101,bandpass_n20001_cV2_independent_rms_s15,phase2/results/predictions/full/clean_only/tcn/seed_101/bandpass_n20001_cV2_independent_rms_s15.npz,76396,1fe316d5e0aa8ea2ab7bf2ba6e4f20cc873e99f30395ce6f77335dadc5458eec
tcn,clean_only,101,bandpass_n20001_cV2_independent_rms_s10,phase2/results/predictions/full/clean_only/tcn/seed_101/bandpass_n20001_cV2_independent_rms_s10.npz,76350,edfe971afc6d3c7e1e5097180803e0dc5570ea6aded23112999de79f30c4d630
tcn,clean_only,101,bandpass_n20001_cV2_independent_rms_s5,phase2/results/predictions/full/clean_only/tcn/seed_101/bandpass_n20001_cV2_independent_rms_s5.npz,76196,1524309557273bab32eec0ee648c5908574d0380ee89acf0de955a028df805f2
tcn,clean_only,101,bandpass_n20001_cV2_independent_rms_s0,phase2/results/predictions/full/clean_only/tcn/seed_101/bandpass_n20001_cV2_independent_rms_s0.npz,75884,33959d61c2c8693e463934d2aa773787bd67e39b5b2bcde09091488f13684b36
tcn,clean_only,101,bandpass_n20001_cV2_electrode_s20,phase2/results/predictions/full/clean_only/tcn/seed_101/bandpass_n20001_cV2_electrode_s20.npz,76386,cd36a9d678c1020324c2edc124679172f2e071ad486089b73c4aa5a483d305f9
tcn,clean_only,101,bandpass_n20001_cV2_electrode_s15,phase2/results/predictions/full/clean_only/tcn/seed_101/bandpass_n20001_cV2_electrode_s15.npz,76354,e9d7c2e6d5c6d518014c768db42725352c101d74cc91cd6676f2f04d8a68ff9f
tcn,clean_only,101,bandpass_n20001_cV2_electrode_s10,phase2/results/predictions/full/clean_only/tcn/seed_101/bandpass_n20001_cV2_electrode_s10.npz,76334,f8f6ed3bdbaab350578e6366766d5999bafc9b8ed38fb2f6036e754e0304f346
tcn,clean_only,101,bandpass_n20001_cV2_electrode_s5,phase2/results/predictions/full/clean_only/tcn/seed_101/bandpass_n20001_cV2_electrode_s5.npz,76186,201f52363e1ac73022c44e10eb1dec23f2a98bd02cfa8776f09a9e93432756e5
tcn,clean_only,101,bandpass_n20001_cV2_electrode_s0,phase2/results/predictions/full/clean_only/tcn/seed_101/bandpass_n20001_cV2_electrode_s0.npz,75837,8e32b8863520e2612f316922a5ecc769e8d6ea3e363c7275b331877f1829926b
tcn,clean_only,101,bandpass_n20001_cV2_covariance_s20,phase2/results/predictions/full/clean_only/tcn/seed_101/bandpass_n20001_cV2_covariance_s20.npz,76406,124dce40b90b680b0e8aa4dbcdc6726d587fb74636eb1ba6f33a185ef18cbaf4
tcn,clean_only,101,bandpass_n20001_cV2_covariance_s15,phase2/results/predictions/full/clean_only/tcn/seed_101/bandpass_n20001_cV2_covariance_s15.npz,76360,80cb0b3b21b3dc73ad3cc4925624d2cfb0384f2f0c40f3124576e4cb9dbe3f82
tcn,clean_only,101,bandpass_n20001_cV2_covariance_s10,phase2/results/predictions/full/clean_only/tcn/seed_101/bandpass_n20001_cV2_covariance_s10.npz,76338,90c108e5038df987c364993e55128a7ddef17c0796a1a5df75870942770dbc2b
tcn,clean_only,101,bandpass_n20001_cV2_covariance_s5,phase2/results/predictions/full/clean_only/tcn/seed_101/bandpass_n20001_cV2_covariance_s5.npz,76139,681bd9222fca8290a15671aec109ab1960d81e744224afbaa33fcffeaf97aee4
tcn,clean_only,101,bandpass_n20001_cV2_covariance_s0,phase2/results/predictions/full/clean_only/tcn/seed_101/bandpass_n20001_cV2_covariance_s0.npz,75862,d21dfcdd10de926c946283b7bce79ab6c759c22fb40708825f885095a7fa4104
tcn,clean_only,101,bandpass_n20001_cV3_independent_rms_s20,phase2/results/predictions/full/clean_only/tcn/seed_101/bandpass_n20001_cV3_independent_rms_s20.npz,76424,527fef659b12ee122ba005f375f92b561ea3d28671f5acdc54df54618952fe08
tcn,clean_only,101,bandpass_n20001_cV3_independent_rms_s15,phase2/results/predictions/full/clean_only/tcn/seed_101/bandpass_n20001_cV3_independent_rms_s15.npz,76409,bc02046cb8b0e4131147d428231a39a561032f9ddc9d7154c7c7b7358739ae22
tcn,clean_only,101,bandpass_n20001_cV3_independent_rms_s10,phase2/results/predictions/full/clean_only/tcn/seed_101/bandpass_n20001_cV3_independent_rms_s10.npz,76347,d5cfb9cf16bec842526a285bffca59693e9b13c97d1066f137810ab862a6af0e
tcn,clean_only,101,bandpass_n20001_cV3_independent_rms_s5,phase2/results/predictions/full/clean_only/tcn/seed_101/bandpass_n20001_cV3_independent_rms_s5.npz,76207,1579bfa894c0184a6008f81f532d45333c614f89aa32603487f3781292d47754
tcn,clean_only,101,bandpass_n20001_cV3_independent_rms_s0,phase2/results/predictions/full/clean_only/tcn/seed_101/bandpass_n20001_cV3_independent_rms_s0.npz,75831,7c0590c7dc52f060e49d06ea85669ea5f727d57495297d4eddcbf35f658891e5
tcn,clean_only,101,bandpass_n20001_cV3_electrode_s20,phase2/results/predictions/full/clean_only/tcn/seed_101/bandpass_n20001_cV3_electrode_s20.npz,76384,b9829ff027cc8fe925f888028ed6f61e7602ac415c20d998d4a8f70ad17617db
tcn,clean_only,101,bandpass_n20001_cV3_electrode_s15,phase2/results/predictions/full/clean_only/tcn/seed_101/bandpass_n20001_cV3_electrode_s15.npz,76383,e8dab371bc5636d5768857f0aa18bc7cd90aa3fd8e31bd823c8c5e7e247c9cb5
tcn,clean_only,101,bandpass_n20001_cV3_electrode_s10,phase2/results/predictions/full/clean_only/tcn/seed_101/bandpass_n20001_cV3_electrode_s10.npz,76354,f45c2e6682a7dc8d59628f89990c27d95875f1677d90ae97f9b5e180734586ac
tcn,clean_only,101,bandpass_n20001_cV3_electrode_s5,phase2/results/predictions/full/clean_only/tcn/seed_101/bandpass_n20001_cV3_electrode_s5.npz,76198,57058ee39a3fac749705088ea9402a37627ac6da136bfd678bae72af2311ec10
tcn,clean_only,101,bandpass_n20001_cV3_electrode_s0,phase2/results/predictions/full/clean_only/tcn/seed_101/bandpass_n20001_cV3_electrode_s0.npz,75783,2c8831b12543ec720a943e22354c9082477979c09fbbdd1e89a95775e4cef08d
tcn,clean_only,101,bandpass_n20001_cV3_covariance_s20,phase2/results/predictions/full/clean_only/tcn/seed_101/bandpass_n20001_cV3_covariance_s20.npz,76376,16cbc30d88189bc81cd0eb21e92603ec43243df118d8fea261a45ad2d31fe940
tcn,clean_only,101,bandpass_n20001_cV3_covariance_s15,phase2/results/predictions/full/clean_only/tcn/seed_101/bandpass_n20001_cV3_covariance_s15.npz,76365,93471c8038b1dfeb0a3161ab24747fc30640ae0591617b1d1f42651be173017b
tcn,clean_only,101,bandpass_n20001_cV3_covariance_s10,phase2/results/predictions/full/clean_only/tcn/seed_101/bandpass_n20001_cV3_covariance_s10.npz,76348,c3ca28f5d6e97c4955f344eef5edc0289a32fe5f958e2119f45ff81e2b3e7d95
tcn,clean_only,101,bandpass_n20001_cV3_covariance_s5,phase2/results/predictions/full/clean_only/tcn/seed_101/bandpass_n20001_cV3_covariance_s5.npz,76166,8784227f6cfbd6701ed3e2d4a744e755c0a711ccd7f4e5a70f175cbb4e803022
tcn,clean_only,101,bandpass_n20001_cV3_covariance_s0,phase2/results/predictions/full/clean_only/tcn/seed_101/bandpass_n20001_cV3_covariance_s0.npz,75777,fe74e3c609dabe1b39bd78f45ca4917bca8fe597c46bf7e1d58dcffe3acc5461
tcn,clean_only,101,bandpass_n20001_cV4_independent_rms_s20,phase2/results/predictions/full/clean_only/tcn/seed_101/bandpass_n20001_cV4_independent_rms_s20.npz,76413,e95da7d1a804b54a26b8db8de755fdc4b3d7027b206d4a7c42bfeb2d97eaf22b
tcn,clean_only,101,bandpass_n20001_cV4_independent_rms_s15,phase2/results/predictions/full/clean_only/tcn/seed_101/bandpass_n20001_cV4_independent_rms_s15.npz,76426,1ef28b4f07063a2303fb8b5c579379f2ba5502842e49feda2c6ef7389cb33a47
tcn,clean_only,101,bandpass_n20001_cV4_independent_rms_s10,phase2/results/predictions/full/clean_only/tcn/seed_101/bandpass_n20001_cV4_independent_rms_s10.npz,76376,17b7d536a9d32a4effb24dcbe34b0bb74eee5641706db688688d8552f319dae3
tcn,clean_only,101,bandpass_n20001_cV4_independent_rms_s5,phase2/results/predictions/full/clean_only/tcn/seed_101/bandpass_n20001_cV4_independent_rms_s5.npz,76282,7a9a38af1189363e3343831eea2e2864b48a8e4c451f89990b27a3f5cae298d7
tcn,clean_only,101,bandpass_n20001_cV4_independent_rms_s0,phase2/results/predictions/full/clean_only/tcn/seed_101/bandpass_n20001_cV4_independent_rms_s0.npz,76018,ff3fef6f2ced1846055dfb6313ad50f993c8d09dab737984613d4a2f976ed5c8
tcn,clean_only,101,bandpass_n20001_cV4_electrode_s20,phase2/results/predictions/full/clean_only/tcn/seed_101/bandpass_n20001_cV4_electrode_s20.npz,76392,4c93eec948af9e5a67fdb2c938a088459709dc33636d402be5949e501f6862af
tcn,clean_only,101,bandpass_n20001_cV4_electrode_s15,phase2/results/predictions/full/clean_only/tcn/seed_101/bandpass_n20001_cV4_electrode_s15.npz,76395,fb9e0eb56df7d8197103a872a5d563b5f526b53ac042cccb091176c7c1bcdc2d
tcn,clean_only,101,bandpass_n20001_cV4_electrode_s10,phase2/results/predictions/full/clean_only/tcn/seed_101/bandpass_n20001_cV4_electrode_s10.npz,76347,9f77755cfa093e98d3a8ee186fff84994bdc02331946bff50b591ddac27521ab
tcn,clean_only,101,bandpass_n20001_cV4_electrode_s5,phase2/results/predictions/full/clean_only/tcn/seed_101/bandpass_n20001_cV4_electrode_s5.npz,76277,78e0f4fd9b5a7797479f1d9914a8482778b4f5c6ccc2f266998215273d563ad8
tcn,clean_only,101,bandpass_n20001_cV4_electrode_s0,phase2/results/predictions/full/clean_only/tcn/seed_101/bandpass_n20001_cV4_electrode_s0.npz,75981,ccb8c122e890b2f87ff2cf81baf5f3b67939be7a8ad20944527709832429504e
tcn,clean_only,101,bandpass_n20001_cV4_covariance_s20,phase2/results/predictions/full/clean_only/tcn/seed_101/bandpass_n20001_cV4_covariance_s20.npz,76380,f2061c4343873f9c840ce4369b91821ec879c5362ecab796d5c4db2f829c7c1a
tcn,clean_only,101,bandpass_n20001_cV4_covariance_s15,phase2/results/predictions/full/clean_only/tcn/seed_101/bandpass_n20001_cV4_covariance_s15.npz,76380,1ffe7e54e11d55ae39069a23f3da58db7c0ce4a2994cfc64ec5586559e9d47ae
tcn,clean_only,101,bandpass_n20001_cV4_covariance_s10,phase2/results/predictions/full/clean_only/tcn/seed_101/bandpass_n20001_cV4_covariance_s10.npz,76398,58ad0fe19602696a0c8b1ebfa87eddb2051e9a124f8cd4b6f279b30525273ae5
tcn,clean_only,101,bandpass_n20001_cV4_covariance_s5,phase2/results/predictions/full/clean_only/tcn/seed_101/bandpass_n20001_cV4_covariance_s5.npz,76280,9d496fe85ea2a3d6649d661fc8ede43b49c48cdf29d35ff14aa728ae1ff59292
tcn,clean_only,101,bandpass_n20001_cV4_covariance_s0,phase2/results/predictions/full/clean_only/tcn/seed_101/bandpass_n20001_cV4_covariance_s0.npz,76000,b2f62dfc0190652950e85e0017058820da2ebe676e8c54d06c098d71f135e668
tcn,clean_only,101,bandpass_n20001_cV5_independent_rms_s20,phase2/results/predictions/full/clean_only/tcn/seed_101/bandpass_n20001_cV5_independent_rms_s20.npz,76398,570158da50ec3495f65d650436ccb43c5de29c53e6702fb85a7cfc4add4e9264
tcn,clean_only,101,bandpass_n20001_cV5_independent_rms_s15,phase2/results/predictions/full/clean_only/tcn/seed_101/bandpass_n20001_cV5_independent_rms_s15.npz,76376,6dde11c05b5ebca9cee4d27e64aa2e5106ac988488f9014122243711963f777c
tcn,clean_only,101,bandpass_n20001_cV5_independent_rms_s10,phase2/results/predictions/full/clean_only/tcn/seed_101/bandpass_n20001_cV5_independent_rms_s10.npz,76343,ffa8f8e49eff5b0ab1a2416b931bcbf125c7117fcf588e94ae6a8edac9102624
tcn,clean_only,101,bandpass_n20001_cV5_independent_rms_s5,phase2/results/predictions/full/clean_only/tcn/seed_101/bandpass_n20001_cV5_independent_rms_s5.npz,76253,c8faa6aba22a1ab1d01f2fe8d432e72045dc7af2e584c679e571d70ed2ba15e5
tcn,clean_only,101,bandpass_n20001_cV5_independent_rms_s0,phase2/results/predictions/full/clean_only/tcn/seed_101/bandpass_n20001_cV5_independent_rms_s0.npz,75949,50e25c9e06d8a2ae83159ce765b329c5ef2a2d02dd28f938ef01eaa884059e92
tcn,clean_only,101,bandpass_n20001_cV5_electrode_s20,phase2/results/predictions/full/clean_only/tcn/seed_101/bandpass_n20001_cV5_electrode_s20.npz,76404,f80cafa042eed86030e1c92cf0c89a644e2eb2ea1cb633fef5128996bab44147
tcn,clean_only,101,bandpass_n20001_cV5_electrode_s15,phase2/results/predictions/full/clean_only/tcn/seed_101/bandpass_n20001_cV5_electrode_s15.npz,76372,f86153c530b357a9a9bc7c51d411439acbfd5a1b06077cd84b8bb84f87ee710e
tcn,clean_only,101,bandpass_n20001_cV5_electrode_s10,phase2/results/predictions/full/clean_only/tcn/seed_101/bandpass_n20001_cV5_electrode_s10.npz,76398,94f8f555d0f4268aece161a2b4c4c69e0706f55b6674793370f09bc381487ef0
tcn,clean_only,101,bandpass_n20001_cV5_electrode_s5,phase2/results/predictions/full/clean_only/tcn/seed_101/bandpass_n20001_cV5_electrode_s5.npz,76245,44f4dc9170b51cbb6cd0262d3bc04db211f3068b611f0a91196e00574fd10b21
tcn,clean_only,101,bandpass_n20001_cV5_electrode_s0,phase2/results/predictions/full/clean_only/tcn/seed_101/bandpass_n20001_cV5_electrode_s0.npz,75919,9cc50c63ae0b205bb20af37d33111da695d89ae9ff35e359c8ef7fb21d861853
tcn,clean_only,101,bandpass_n20001_cV5_covariance_s20,phase2/results/predictions/full/clean_only/tcn/seed_101/bandpass_n20001_cV5_covariance_s20.npz,76392,ce2053997bf14779a797378317d2771f316916ae89abfefe0d9f9f0a23de9773
tcn,clean_only,101,bandpass_n20001_cV5_covariance_s15,phase2/results/predictions/full/clean_only/tcn/seed_101/bandpass_n20001_cV5_covariance_s15.npz,76399,c26a0af87bba7979f9dfe5e26dcf14a04ca18f0cb6e48a0ef61afe36a59cb23f
tcn,clean_only,101,bandpass_n20001_cV5_covariance_s10,phase2/results/predictions/full/clean_only/tcn/seed_101/bandpass_n20001_cV5_covariance_s10.npz,76332,a24969adc24be724fa36d3544c4ddbcf88cee45423d9d94c4869bd0b3f1a9d41
tcn,clean_only,101,bandpass_n20001_cV5_covariance_s5,phase2/results/predictions/full/clean_only/tcn/seed_101/bandpass_n20001_cV5_covariance_s5.npz,76271,4089bfcdd3a00f9c18d68b143dcdc16daf7e3d22dfdd25c856f6bb6f940afd57
tcn,clean_only,101,bandpass_n20001_cV5_covariance_s0,phase2/results/predictions/full/clean_only/tcn/seed_101/bandpass_n20001_cV5_covariance_s0.npz,75923,33c9383f35fa898c3020a5f95f9f2e7c14e0b8a97bbe81a9c4f3d9bce2ae30f0
tcn,clean_only,101,bandpass_n20001_cV6_independent_rms_s20,phase2/results/predictions/full/clean_only/tcn/seed_101/bandpass_n20001_cV6_independent_rms_s20.npz,76371,bbd4031a99bb8538318c110c2b1684e512b8181487a0f430baacbf83c878e081
tcn,clean_only,101,bandpass_n20001_cV6_independent_rms_s15,phase2/results/predictions/full/clean_only/tcn/seed_101/bandpass_n20001_cV6_independent_rms_s15.npz,76415,5880978d8895e3b8e9862b98a0a1cc8248b0e7ee39776caf3fb458904bf6b5b4
tcn,clean_only,101,bandpass_n20001_cV6_independent_rms_s10,phase2/results/predictions/full/clean_only/tcn/seed_101/bandpass_n20001_cV6_independent_rms_s10.npz,76350,68cc3af6373d092a976757861b3c59ba3f6e226e5812558c4778aec856b06cea
tcn,clean_only,101,bandpass_n20001_cV6_independent_rms_s5,phase2/results/predictions/full/clean_only/tcn/seed_101/bandpass_n20001_cV6_independent_rms_s5.npz,76220,cc2e4ef82174f77a8323f6956c017a6a03029e69c1d5d12d99b1e147a5d64087
tcn,clean_only,101,bandpass_n20001_cV6_independent_rms_s0,phase2/results/predictions/full/clean_only/tcn/seed_101/bandpass_n20001_cV6_independent_rms_s0.npz,75948,84368985d33c7320f5323e5ebfe95d76eee7b1f90ae2657af9f0f13a3e8ea92e
tcn,clean_only,101,bandpass_n20001_cV6_electrode_s20,phase2/results/predictions/full/clean_only/tcn/seed_101/bandpass_n20001_cV6_electrode_s20.npz,76390,3d6ad569c6863e8e1e89967996bbd3ebe69fdb47bcead97a9edb049d220318c2
tcn,clean_only,101,bandpass_n20001_cV6_electrode_s15,phase2/results/predictions/full/clean_only/tcn/seed_101/bandpass_n20001_cV6_electrode_s15.npz,76386,7c05450557984f46075c7654f1c844b7500da012f2e0b3bc8c6effa7e9ec02ac
tcn,clean_only,101,bandpass_n20001_cV6_electrode_s10,phase2/results/predictions/full/clean_only/tcn/seed_101/bandpass_n20001_cV6_electrode_s10.npz,76360,cf80a90a70c563b248abc89e1bca968551f5a597d132e68ec43c3f1d2b385dd3
tcn,clean_only,101,bandpass_n20001_cV6_electrode_s5,phase2/results/predictions/full/clean_only/tcn/seed_101/bandpass_n20001_cV6_electrode_s5.npz,76198,361d1cbcb9ad3b28cc744b13a27633023f2169e312f7eabad7f63c7c73d73ce4
tcn,clean_only,101,bandpass_n20001_cV6_electrode_s0,phase2/results/predictions/full/clean_only/tcn/seed_101/bandpass_n20001_cV6_electrode_s0.npz,75960,60adb4caedb979aafa1c084b3c663c43b977bc44ef5b982990224e7bedae74d7
tcn,clean_only,101,bandpass_n20001_cV6_covariance_s20,phase2/results/predictions/full/clean_only/tcn/seed_101/bandpass_n20001_cV6_covariance_s20.npz,76391,067dcdd893f4d2f7ac03b16b8511aec153454f64208debeea25aff77a621f035
tcn,clean_only,101,bandpass_n20001_cV6_covariance_s15,phase2/results/predictions/full/clean_only/tcn/seed_101/bandpass_n20001_cV6_covariance_s15.npz,76374,06021a5a124e826688620d634dbe1cf34c0601e19cf516e996afba3ff05bb29c
tcn,clean_only,101,bandpass_n20001_cV6_covariance_s10,phase2/results/predictions/full/clean_only/tcn/seed_101/bandpass_n20001_cV6_covariance_s10.npz,76351,5aa4074d5e7e1d7585b74806e3114861d596a290db0447635417aa274b53ae90
tcn,clean_only,101,bandpass_n20001_cV6_covariance_s5,phase2/results/predictions/full/clean_only/tcn/seed_101/bandpass_n20001_cV6_covariance_s5.npz,76215,cb8b23bdd35f0bb5d2f6745d9ec466f757b8451eaa0fe78f38a5b1a049c657ac
tcn,clean_only,101,bandpass_n20001_cV6_covariance_s0,phase2/results/predictions/full/clean_only/tcn/seed_101/bandpass_n20001_cV6_covariance_s0.npz,75933,5afd43e55c9b3902cebde0cc900fd83868f3579e826eb3c935a13dd1c2b615a6
tcn,clean_only,101,bandpass_n20001_cRA_LA_independent_rms_s20,phase2/results/predictions/full/clean_only/tcn/seed_101/bandpass_n20001_cRA_LA_independent_rms_s20.npz,76434,ee38152a401d8793e290c592d3e91e6ca9990dd728a093767be0b5d60213c49a
tcn,clean_only,101,bandpass_n20001_cRA_LA_independent_rms_s15,phase2/results/predictions/full/clean_only/tcn/seed_101/bandpass_n20001_cRA_LA_independent_rms_s15.npz,76390,fb4a9a471a7d66e16877fa15f2ca46ebae2ba07c56816600b4479c6d31ce1f3a
tcn,clean_only,101,bandpass_n20001_cRA_LA_independent_rms_s10,phase2/results/predictions/full/clean_only/tcn/seed_101/bandpass_n20001_cRA_LA_independent_rms_s10.npz,76342,c57b42db76feab165c10b5b6e064ab96a09832503eea361ef236e7dca6d71676
tcn,clean_only,101,bandpass_n20001_cRA_LA_independent_rms_s5,phase2/results/predictions/full/clean_only/tcn/seed_101/bandpass_n20001_cRA_LA_independent_rms_s5.npz,76172,eba2766dd81e2b3c52d6f50bd36ce9d1665c9e28beb48ee9815ec21c4dec4efc
tcn,clean_only,101,bandpass_n20001_cRA_LA_independent_rms_s0,phase2/results/predictions/full/clean_only/tcn/seed_101/bandpass_n20001_cRA_LA_independent_rms_s0.npz,75749,e9302425ab16d56a226ae4d34dbc3f200bcf7272f81f4ef9ec7137274bfeb54b
tcn,clean_only,101,bandpass_n20001_cRA_LA_electrode_s20,phase2/results/predictions/full/clean_only/tcn/seed_101/bandpass_n20001_cRA_LA_electrode_s20.npz,76381,93f3c7b4922b8f0c2779df022e27b069c584dd3c4b709db0b916a293ae73cb5b
tcn,clean_only,101,bandpass_n20001_cRA_LA_electrode_s15,phase2/results/predictions/full/clean_only/tcn/seed_101/bandpass_n20001_cRA_LA_electrode_s15.npz,76396,7ef1b64068051176f9b5f41e925a60ed301988f6ace969b16e3c0360ca043d1d
tcn,clean_only,101,bandpass_n20001_cRA_LA_electrode_s10,phase2/results/predictions/full/clean_only/tcn/seed_101/bandpass_n20001_cRA_LA_electrode_s10.npz,76203,6bb7f098cb844f1da2578a761af2eaf8c2d32db60698d6ebeb8da85c12a44431
tcn,clean_only,101,bandpass_n20001_cRA_LA_electrode_s5,phase2/results/predictions/full/clean_only/tcn/seed_101/bandpass_n20001_cRA_LA_electrode_s5.npz,75955,471f29f7584fe0965425f1ff441a8e12cecb9356155714ed448085399575df0a
tcn,clean_only,101,bandpass_n20001_cRA_LA_electrode_s0,phase2/results/predictions/full/clean_only/tcn/seed_101/bandpass_n20001_cRA_LA_electrode_s0.npz,75650,ee7f6b8150e504f23c79d74d5c984340b76f6a4dfc342ccfe807478f7bcfc6dc
tcn,clean_only,101,bandpass_n20001_cRA_LA_covariance_s20,phase2/results/predictions/full/clean_only/tcn/seed_101/bandpass_n20001_cRA_LA_covariance_s20.npz,76362,cb4ca37533a1d6b6e292375bfbfc59e8860072d3a3c201988bfc96769e6f15d6
tcn,clean_only,101,bandpass_n20001_cRA_LA_covariance_s15,phase2/results/predictions/full/clean_only/tcn/seed_101/bandpass_n20001_cRA_LA_covariance_s15.npz,76368,3952c2ada00afa69ce9d4e5eede8fe3c67961e8a6592b484cf48cc99af3193fa
tcn,clean_only,101,bandpass_n20001_cRA_LA_covariance_s10,phase2/results/predictions/full/clean_only/tcn/seed_101/bandpass_n20001_cRA_LA_covariance_s10.npz,76230,0a23d2ca114ff5883b2615cf5a85bbd0de33b4016dd83e16ae08bdcf6b1aaa05
tcn,clean_only,101,bandpass_n20001_cRA_LA_covariance_s5,phase2/results/predictions/full/clean_only/tcn/seed_101/bandpass_n20001_cRA_LA_covariance_s5.npz,75960,09c34f690c8aa95406f3ee8dbdc993397c6ece5700a3942a13317d7baa4ffbbf
tcn,clean_only,101,bandpass_n20001_cRA_LA_covariance_s0,phase2/results/predictions/full/clean_only/tcn/seed_101/bandpass_n20001_cRA_LA_covariance_s0.npz,75694,4f729c254dc47ad3ac8074e20d25bbb0d9f0ad70970f0e34d7df2b7cd18e60fa
tcn,clean_only,101,bandpass_n20001_cLA_LL_independent_rms_s20,phase2/results/predictions/full/clean_only/tcn/seed_101/bandpass_n20001_cLA_LL_independent_rms_s20.npz,76405,db7d62720a348bbb056c752158eba4f762494b172401aa6afead502c2ad5a38a
tcn,clean_only,101,bandpass_n20001_cLA_LL_independent_rms_s15,phase2/results/predictions/full/clean_only/tcn/seed_101/bandpass_n20001_cLA_LL_independent_rms_s15.npz,76409,5afc30ee4dc1f4ff97ee2e01a27e9fe00a2c50444292e948e5ea98007389029b
tcn,clean_only,101,bandpass_n20001_cLA_LL_independent_rms_s10,phase2/results/predictions/full/clean_only/tcn/seed_101/bandpass_n20001_cLA_LL_independent_rms_s10.npz,76347,145376ef8e92f20c95aefbb73acd1838f1132a7ee0d220f98027bc46e7414d3b
tcn,clean_only,101,bandpass_n20001_cLA_LL_independent_rms_s5,phase2/results/predictions/full/clean_only/tcn/seed_101/bandpass_n20001_cLA_LL_independent_rms_s5.npz,76127,1a55e8cd23da1d938a2105dd2c9b9288257752212578e86291c6bca48dafdad2
tcn,clean_only,101,bandpass_n20001_cLA_LL_independent_rms_s0,phase2/results/predictions/full/clean_only/tcn/seed_101/bandpass_n20001_cLA_LL_independent_rms_s0.npz,75695,3b63b83f40128545a3f9ede54b38ad7fe7922c320853dc2f1543e3b648f7fe47
tcn,clean_only,101,bandpass_n20001_cLA_LL_electrode_s20,phase2/results/predictions/full/clean_only/tcn/seed_101/bandpass_n20001_cLA_LL_electrode_s20.npz,76391,a78d936d2b2e4f059b2fc160aa2e7766561321db56b478ea564ff2323ef8275d
tcn,clean_only,101,bandpass_n20001_cLA_LL_electrode_s15,phase2/results/predictions/full/clean_only/tcn/seed_101/bandpass_n20001_cLA_LL_electrode_s15.npz,76369,267f0abccb4152dee1cf7bf5a6bd6ff93e46bc5478fc107c90a75a9dde36feb5
tcn,clean_only,101,bandpass_n20001_cLA_LL_electrode_s10,phase2/results/predictions/full/clean_only/tcn/seed_101/bandpass_n20001_cLA_LL_electrode_s10.npz,76252,b8fd6f82777a6d5eaffb369fd3e99658c1e300d2e44cfc66512093c406104452
tcn,clean_only,101,bandpass_n20001_cLA_LL_electrode_s5,phase2/results/predictions/full/clean_only/tcn/seed_101/bandpass_n20001_cLA_LL_electrode_s5.npz,75961,1da8358e136ea2dac7fe0d375808ca27ada16e2697de2d5e4e8d825df2391a42
tcn,clean_only,101,bandpass_n20001_cLA_LL_electrode_s0,phase2/results/predictions/full/clean_only/tcn/seed_101/bandpass_n20001_cLA_LL_electrode_s0.npz,75858,f0f1f34b68349cf62609b0b1bbc9bb838f4cf5cac5d0fcc26cd4befde08fd368
tcn,clean_only,101,bandpass_n20001_cLA_LL_covariance_s20,phase2/results/predictions/full/clean_only/tcn/seed_101/bandpass_n20001_cLA_LL_covariance_s20.npz,76410,1ca48f1860dbf43342b122cb6c14d779687a4b707f2dc223ad45fdbd760b52bf
tcn,clean_only,101,bandpass_n20001_cLA_LL_covariance_s15,phase2/results/predictions/full/clean_only/tcn/seed_101/bandpass_n20001_cLA_LL_covariance_s15.npz,76376,ccec3c15e8e2de087cd79be8229d32553379c37eb5ee67e1b5999122f896c1f4
tcn,clean_only,101,bandpass_n20001_cLA_LL_covariance_s10,phase2/results/predictions/full/clean_only/tcn/seed_101/bandpass_n20001_cLA_LL_covariance_s10.npz,76260,f27d8d0c7f9812470a7aac20cbeece98cd909d11d90d9803030f8d878b0d9b73
tcn,clean_only,101,bandpass_n20001_cLA_LL_covariance_s5,phase2/results/predictions/full/clean_only/tcn/seed_101/bandpass_n20001_cLA_LL_covariance_s5.npz,75957,3a7360d606f9857f8d100fa057ffe082174303366950fb60a65928f36c62591a
tcn,clean_only,101,bandpass_n20001_cLA_LL_covariance_s0,phase2/results/predictions/full/clean_only/tcn/seed_101/bandpass_n20001_cLA_LL_covariance_s0.npz,75853,249ff4e8dbfafdd8b49310a50f2fe5bcafe822bb586ad6b8027e184b81f6a151
tcn,clean_only,101,bandpass_n20001_cRA_LL_independent_rms_s20,phase2/results/predictions/full/clean_only/tcn/seed_101/bandpass_n20001_cRA_LL_independent_rms_s20.npz,76413,a601564274ed746fcb39575f74052dccaf6966d02785b4e49826d470f7355d7b
tcn,clean_only,101,bandpass_n20001_cRA_LL_independent_rms_s15,phase2/results/predictions/full/clean_only/tcn/seed_101/bandpass_n20001_cRA_LL_independent_rms_s15.npz,76376,214243172443b80257ee27d2875f03c52491f8df42e9504ccfd3e8966e364b32
tcn,clean_only,101,bandpass_n20001_cRA_LL_independent_rms_s10,phase2/results/predictions/full/clean_only/tcn/seed_101/bandpass_n20001_cRA_LL_independent_rms_s10.npz,76367,b9128a79656974eedc5fab24b8b508fbb222c177788c1305d9d5e64da3d2b570
tcn,clean_only,101,bandpass_n20001_cRA_LL_independent_rms_s5,phase2/results/predictions/full/clean_only/tcn/seed_101/bandpass_n20001_cRA_LL_independent_rms_s5.npz,76138,5e16723fdbdd262db27ba751566f45ba6c97b8b96ad95d2b247f89b40cacdaaa
tcn,clean_only,101,bandpass_n20001_cRA_LL_independent_rms_s0,phase2/results/predictions/full/clean_only/tcn/seed_101/bandpass_n20001_cRA_LL_independent_rms_s0.npz,75745,506f9a9bbe05f54046b266260ae94ff481f0fb9a46e6eaee6ad8110dc146d6f0
tcn,clean_only,101,bandpass_n20001_cRA_LL_electrode_s20,phase2/results/predictions/full/clean_only/tcn/seed_101/bandpass_n20001_cRA_LL_electrode_s20.npz,76395,eb0558333467e3926f64b799f5415c623131903b7dc0c7452cec7f9c325eef0f
tcn,clean_only,101,bandpass_n20001_cRA_LL_electrode_s15,phase2/results/predictions/full/clean_only/tcn/seed_101/bandpass_n20001_cRA_LL_electrode_s15.npz,76381,8f1c4fe412eea74df6207d79b796c28ecb90daba71aa9ffdc6760f80cdd76d5b
tcn,clean_only,101,bandpass_n20001_cRA_LL_electrode_s10,phase2/results/predictions/full/clean_only/tcn/seed_101/bandpass_n20001_cRA_LL_electrode_s10.npz,76279,94911e348276d58b9bacebf15c041f843e2f32f2d59c441b5fb696b77dbd24ea
tcn,clean_only,101,bandpass_n20001_cRA_LL_electrode_s5,phase2/results/predictions/full/clean_only/tcn/seed_101/bandpass_n20001_cRA_LL_electrode_s5.npz,75946,8b5d1742702580381f96f5ea410dfadc1e60fffe5a36fceae7aa5a50bda2c366
tcn,clean_only,101,bandpass_n20001_cRA_LL_electrode_s0,phase2/results/predictions/full/clean_only/tcn/seed_101/bandpass_n20001_cRA_LL_electrode_s0.npz,75688,8d4fb9a984de243faf12329eb424bcd8a56583c4d4e8269daa2d9e397621424f
tcn,clean_only,101,bandpass_n20001_cRA_LL_covariance_s20,phase2/results/predictions/full/clean_only/tcn/seed_101/bandpass_n20001_cRA_LL_covariance_s20.npz,76390,1f9780cb5f0981c602fd1f235bd7e90b559d9f06e23f7d042971bac22d258cd5
tcn,clean_only,101,bandpass_n20001_cRA_LL_covariance_s15,phase2/results/predictions/full/clean_only/tcn/seed_101/bandpass_n20001_cRA_LL_covariance_s15.npz,76372,27d5787649c392bfa218e8b950e68d70e46ea72d64a55b8f1639bf3a5d2a1f13
tcn,clean_only,101,bandpass_n20001_cRA_LL_covariance_s10,phase2/results/predictions/full/clean_only/tcn/seed_101/bandpass_n20001_cRA_LL_covariance_s10.npz,76216,ec9f22d9d564fd3f52e57335d6892261e8bcb3184593f75e60fb004934b4dcd5
tcn,clean_only,101,bandpass_n20001_cRA_LL_covariance_s5,phase2/results/predictions/full/clean_only/tcn/seed_101/bandpass_n20001_cRA_LL_covariance_s5.npz,75954,10f35268b7e78d7efd803e63d9e4701dd02ac94ed34ab26ba8d4f927dbba34d7
tcn,clean_only,101,bandpass_n20001_cRA_LL_covariance_s0,phase2/results/predictions/full/clean_only/tcn/seed_101/bandpass_n20001_cRA_LL_covariance_s0.npz,75714,334064f182ffaa27b184522cb96153ba8367dff02b07ebdf3dbc77587c3c2fb4
tcn,clean_only,101,bandpass_n20001_cRA_independent_rms_s20,phase2/results/predictions/full/clean_only/tcn/seed_101/bandpass_n20001_cRA_independent_rms_s20.npz,76417,18dd7dcaf99662e78f3d43d977e1026a211784de50c08e9d6d4a47dbcfa91451
tcn,clean_only,101,bandpass_n20001_cRA_independent_rms_s15,phase2/results/predictions/full/clean_only/tcn/seed_101/bandpass_n20001_cRA_independent_rms_s15.npz,76387,04d30f62be1ee1490993c50229769bb534d00965944a0002b20c8da8fa88cabb
tcn,clean_only,101,bandpass_n20001_cRA_independent_rms_s10,phase2/results/predictions/full/clean_only/tcn/seed_101/bandpass_n20001_cRA_independent_rms_s10.npz,76370,745b777c7cb7bdfd7df5dd218347c1c8daf430c2f12d1fd8335b721b08101266
tcn,clean_only,101,bandpass_n20001_cRA_independent_rms_s5,phase2/results/predictions/full/clean_only/tcn/seed_101/bandpass_n20001_cRA_independent_rms_s5.npz,76142,3a1631e311e18c9b2f493b5ecc75dadb03a82fc398e150081fd0605529c396ec
tcn,clean_only,101,bandpass_n20001_cRA_independent_rms_s0,phase2/results/predictions/full/clean_only/tcn/seed_101/bandpass_n20001_cRA_independent_rms_s0.npz,75766,59637943489de262a30889c7874da17e6231681077509d4db0fcbeaa16a6736c
tcn,clean_only,101,bandpass_n20001_cRA_electrode_s20,phase2/results/predictions/full/clean_only/tcn/seed_101/bandpass_n20001_cRA_electrode_s20.npz,76376,371948f0e8a7fc0cfb7b4dd6843029a91c6a68120a5f794a01df4dab7be79caf
tcn,clean_only,101,bandpass_n20001_cRA_electrode_s15,phase2/results/predictions/full/clean_only/tcn/seed_101/bandpass_n20001_cRA_electrode_s15.npz,76349,26b1e517df8b22c23a347c2e2ea33c06994f296040675a3b59bd5a4a189c4da8
tcn,clean_only,101,bandpass_n20001_cRA_electrode_s10,phase2/results/predictions/full/clean_only/tcn/seed_101/bandpass_n20001_cRA_electrode_s10.npz,76237,40b18d8b2c41ab1287c8d3195ad40b18b493a67a51de7099889cb785f1e06470
tcn,clean_only,101,bandpass_n20001_cRA_electrode_s5,phase2/results/predictions/full/clean_only/tcn/seed_101/bandpass_n20001_cRA_electrode_s5.npz,75992,7e56705d35ae786243a4777193af860afe7ad63a1a76725d4ebe46276c93b6c0
tcn,clean_only,101,bandpass_n20001_cRA_electrode_s0,phase2/results/predictions/full/clean_only/tcn/seed_101/bandpass_n20001_cRA_electrode_s0.npz,75611,93b240c1870f01189f6e25099618dbb61cfb9f47b98dfbde438149649841728a
tcn,clean_only,101,bandpass_n20001_cRA_covariance_s20,phase2/results/predictions/full/clean_only/tcn/seed_101/bandpass_n20001_cRA_covariance_s20.npz,76373,93ea190e54c2037bc330098546c2c9894677e36fdd730d61b87f567bafa84ca3
tcn,clean_only,101,bandpass_n20001_cRA_covariance_s15,phase2/results/predictions/full/clean_only/tcn/seed_101/bandpass_n20001_cRA_covariance_s15.npz,76366,4ca48c213b492aa9bf081684e86e57375305a6a1aa755fd70e86313397b15b25
tcn,clean_only,101,bandpass_n20001_cRA_covariance_s10,phase2/results/predictions/full/clean_only/tcn/seed_101/bandpass_n20001_cRA_covariance_s10.npz,76273,279e5ce9a444bea6afd2fa1d032e6c470f533e50e2481d9f264be746bd37ada8
tcn,clean_only,101,bandpass_n20001_cRA_covariance_s5,phase2/results/predictions/full/clean_only/tcn/seed_101/bandpass_n20001_cRA_covariance_s5.npz,75960,8c8d5a608055ce1f3e614a20e395737bba139b60f01b9c06dc3c978be860d697
tcn,clean_only,101,bandpass_n20001_cRA_covariance_s0,phase2/results/predictions/full/clean_only/tcn/seed_101/bandpass_n20001_cRA_covariance_s0.npz,75612,8e2e57427f8b0406d8868eb6c948c4c5aa475eb0ac6aa50346ff32810cf26e2a
tcn,clean_only,101,bandpass_n20001_cLA_independent_rms_s20,phase2/results/predictions/full/clean_only/tcn/seed_101/bandpass_n20001_cLA_independent_rms_s20.npz,76384,d1f40c0f7349f414d7613fb8324fd7582a11053e6118abbca800057cf939487d
tcn,clean_only,101,bandpass_n20001_cLA_independent_rms_s15,phase2/results/predictions/full/clean_only/tcn/seed_101/bandpass_n20001_cLA_independent_rms_s15.npz,76408,e3b1ed118ddea90c9e2732b52780baa0f94593ba1f2dec82f53bb0d308d2dad8
tcn,clean_only,101,bandpass_n20001_cLA_independent_rms_s10,phase2/results/predictions/full/clean_only/tcn/seed_101/bandpass_n20001_cLA_independent_rms_s10.npz,76342,59a6594681aeedab2b6986e91e6d9eccdc45806ef1d0e63fba0c59b86660b360
tcn,clean_only,101,bandpass_n20001_cLA_independent_rms_s5,phase2/results/predictions/full/clean_only/tcn/seed_101/bandpass_n20001_cLA_independent_rms_s5.npz,76151,9a73005fbf80aefb8ddcd53b7ebdd919df46640fa1450c19349cdc7efd195ff9
tcn,clean_only,101,bandpass_n20001_cLA_independent_rms_s0,phase2/results/predictions/full/clean_only/tcn/seed_101/bandpass_n20001_cLA_independent_rms_s0.npz,75722,8ea7baafeee1af22e73d7fefe7d0709b3dd832af06373187d648b8757c168198
tcn,clean_only,101,bandpass_n20001_cLA_electrode_s20,phase2/results/predictions/full/clean_only/tcn/seed_101/bandpass_n20001_cLA_electrode_s20.npz,76377,35586f9efa556e406909c07ee0fbaf7d2e26458021410ea899caae5acc855537
tcn,clean_only,101,bandpass_n20001_cLA_electrode_s15,phase2/results/predictions/full/clean_only/tcn/seed_101/bandpass_n20001_cLA_electrode_s15.npz,76345,e882c1f3ad8b87de5acb1d7544af84a7d5018bed2df7f065fbe2540eb72e6564
tcn,clean_only,101,bandpass_n20001_cLA_electrode_s10,phase2/results/predictions/full/clean_only/tcn/seed_101/bandpass_n20001_cLA_electrode_s10.npz,76251,e5f2050b15a5bcd105d001c5a6094322666110c41b27c77748ac32d7368230c0
tcn,clean_only,101,bandpass_n20001_cLA_electrode_s5,phase2/results/predictions/full/clean_only/tcn/seed_101/bandpass_n20001_cLA_electrode_s5.npz,75958,708db8acb5490e946a9ae974f60258c0b326a47f6a95484a759d35bbffba9045
tcn,clean_only,101,bandpass_n20001_cLA_electrode_s0,phase2/results/predictions/full/clean_only/tcn/seed_101/bandpass_n20001_cLA_electrode_s0.npz,75836,9d81e06c450386362e23ba3d1bd20360b4f5742cb695e01b4008fd23528e29a5
tcn,clean_only,101,bandpass_n20001_cLA_covariance_s20,phase2/results/predictions/full/clean_only/tcn/seed_101/bandpass_n20001_cLA_covariance_s20.npz,76396,8fc60427b0986cfa7f63aa137137775a9b69cd4d44de65262fa7a58f107f1611
tcn,clean_only,101,bandpass_n20001_cLA_covariance_s15,phase2/results/predictions/full/clean_only/tcn/seed_101/bandpass_n20001_cLA_covariance_s15.npz,76410,72f155c4e1b486db53e781da6905d2ebf7cad7897f8a948c5e6fe6d0e46a8924
tcn,clean_only,101,bandpass_n20001_cLA_covariance_s10,phase2/results/predictions/full/clean_only/tcn/seed_101/bandpass_n20001_cLA_covariance_s10.npz,76248,f0551dc8aa7b80ab5ceb5c166f5f277ac11df092a04c9d0b93324e1876879576
tcn,clean_only,101,bandpass_n20001_cLA_covariance_s5,phase2/results/predictions/full/clean_only/tcn/seed_101/bandpass_n20001_cLA_covariance_s5.npz,75942,c16ede435871e36264675b551b83357e5f05f7e0ff5a5c7e7319b90f3ed05272
tcn,clean_only,101,bandpass_n20001_cLA_covariance_s0,phase2/results/predictions/full/clean_only/tcn/seed_101/bandpass_n20001_cLA_covariance_s0.npz,75859,912e13df9eb86f296a67bb6a96b64941d4814fdda296d73b02be97ba126fd854
tcn,clean_only,101,bandpass_n20001_cLL_independent_rms_s20,phase2/results/predictions/full/clean_only/tcn/seed_101/bandpass_n20001_cLL_independent_rms_s20.npz,76369,68392e45768baf3f4cddbb38fdfe75c0b9942cae453c70d43b86ff34f2e95c8d
tcn,clean_only,101,bandpass_n20001_cLL_independent_rms_s15,phase2/results/predictions/full/clean_only/tcn/seed_101/bandpass_n20001_cLL_independent_rms_s15.npz,76407,8c782433325bc0e2e3ba25c6fedc6454b79bc66ebb0fd2a6fc11a311957675fd
tcn,clean_only,101,bandpass_n20001_cLL_independent_rms_s10,phase2/results/predictions/full/clean_only/tcn/seed_101/bandpass_n20001_cLL_independent_rms_s10.npz,76324,0f48c82ddbc734107e2a566c8de74b59906b928fc9508548a7647cb59aa778c3
tcn,clean_only,101,bandpass_n20001_cLL_independent_rms_s5,phase2/results/predictions/full/clean_only/tcn/seed_101/bandpass_n20001_cLL_independent_rms_s5.npz,76135,8191a953caf62ae7725e74eadfa186701c9cc6378ba891beefd4873181440187
tcn,clean_only,101,bandpass_n20001_cLL_independent_rms_s0,phase2/results/predictions/full/clean_only/tcn/seed_101/bandpass_n20001_cLL_independent_rms_s0.npz,75719,62213c03c025adef9af332eb371e637b804133dd251045a6a96a7387bdd5a857
tcn,clean_only,101,bandpass_n20001_cLL_electrode_s20,phase2/results/predictions/full/clean_only/tcn/seed_101/bandpass_n20001_cLL_electrode_s20.npz,76389,31986c0a078955ad654455dfbef9a899a33634c867087b7455e9dda807f3500d
tcn,clean_only,101,bandpass_n20001_cLL_electrode_s15,phase2/results/predictions/full/clean_only/tcn/seed_101/bandpass_n20001_cLL_electrode_s15.npz,76376,79f2129ae183cb826f81fa37a38de6151b6185b1c15957e43ac5a7f03e01dff5
tcn,clean_only,101,bandpass_n20001_cLL_electrode_s10,phase2/results/predictions/full/clean_only/tcn/seed_101/bandpass_n20001_cLL_electrode_s10.npz,76263,761ede75d0c9d54cb77defc3423a1591add25c7f88a6b40e3cebeaf063398e1e
tcn,clean_only,101,bandpass_n20001_cLL_electrode_s5,phase2/results/predictions/full/clean_only/tcn/seed_101/bandpass_n20001_cLL_electrode_s5.npz,75966,4c6114da57b1f3c1d6470b4ddd5587f3cd32693bfe03fa83849dbf55100ddbe0
tcn,clean_only,101,bandpass_n20001_cLL_electrode_s0,phase2/results/predictions/full/clean_only/tcn/seed_101/bandpass_n20001_cLL_electrode_s0.npz,75783,f965be1aa534bbf9f5612916ebe702fd80c4e4bac116e5d325268110524c8007
tcn,clean_only,101,bandpass_n20001_cLL_covariance_s20,phase2/results/predictions/full/clean_only/tcn/seed_101/bandpass_n20001_cLL_covariance_s20.npz,76400,782d74b77e0b0064043503998524b12220ed778c02cf9fb7aadfce82aa2ba0d9
tcn,clean_only,101,bandpass_n20001_cLL_covariance_s15,phase2/results/predictions/full/clean_only/tcn/seed_101/bandpass_n20001_cLL_covariance_s15.npz,76404,02d32100e80124d346313e77506af14725835644ebe6444e73b098d86afcf907
tcn,clean_only,101,bandpass_n20001_cLL_covariance_s10,phase2/results/predictions/full/clean_only/tcn/seed_101/bandpass_n20001_cLL_covariance_s10.npz,76245,7b162ac73a48ac7be6daea7c978eb6d0be1ebc34baacd508034d41dbae958623
tcn,clean_only,101,bandpass_n20001_cLL_covariance_s5,phase2/results/predictions/full/clean_only/tcn/seed_101/bandpass_n20001_cLL_covariance_s5.npz,75975,3eabcdb1ec4a1bae19617523e7d9535d43f3ca393743d0375ffa2ac93b7539a8
tcn,clean_only,101,bandpass_n20001_cLL_covariance_s0,phase2/results/predictions/full/clean_only/tcn/seed_101/bandpass_n20001_cLL_covariance_s0.npz,75805,4fb062b306b129e13bbe8967c26ad8a44abe705696ccf6128cd825cd2f41c1e3
tcn,clean_only,101,bandpass_n20001_cRA_V1_independent_rms_s20,phase2/results/predictions/full/clean_only/tcn/seed_101/bandpass_n20001_cRA_V1_independent_rms_s20.npz,76414,71788e4a41c7f6c426c6bed359b6123ae62c4e121877139cdf338eb06793d52f
tcn,clean_only,101,bandpass_n20001_cRA_V1_independent_rms_s15,phase2/results/predictions/full/clean_only/tcn/seed_101/bandpass_n20001_cRA_V1_independent_rms_s15.npz,76408,5f55ecca7c0c66f5041733c7042939adf5a07ef80eed687356c7ddbc304fc276
tcn,clean_only,101,bandpass_n20001_cRA_V1_independent_rms_s10,phase2/results/predictions/full/clean_only/tcn/seed_101/bandpass_n20001_cRA_V1_independent_rms_s10.npz,76343,b90630d145279244ac20a64354da4f71e70ee07351ce12ba85d4d0c3ed6c7606
tcn,clean_only,101,bandpass_n20001_cRA_V1_independent_rms_s5,phase2/results/predictions/full/clean_only/tcn/seed_101/bandpass_n20001_cRA_V1_independent_rms_s5.npz,76153,6d9ce6d994231215c113a5e238996325efb3798e3edc3dfb21ac6cc0e304bacb
tcn,clean_only,101,bandpass_n20001_cRA_V1_independent_rms_s0,phase2/results/predictions/full/clean_only/tcn/seed_101/bandpass_n20001_cRA_V1_independent_rms_s0.npz,75732,8fbc3e514b964f0c9b5bf760cbfcb392d6fffab59f5328e85a833347e47da9c1
tcn,clean_only,101,bandpass_n20001_cRA_V1_electrode_s20,phase2/results/predictions/full/clean_only/tcn/seed_101/bandpass_n20001_cRA_V1_electrode_s20.npz,76395,62210a571fa79d70ab4a5e6361f82b7b1515e80acca83ee1125a34a0751b6d63
tcn,clean_only,101,bandpass_n20001_cRA_V1_electrode_s15,phase2/results/predictions/full/clean_only/tcn/seed_101/bandpass_n20001_cRA_V1_electrode_s15.npz,76362,adee4786827258d1c2b5031f0ae2fd1f5cc4230b4377b155d0aa8c1b57c35b76
tcn,clean_only,101,bandpass_n20001_cRA_V1_electrode_s10,phase2/results/predictions/full/clean_only/tcn/seed_101/bandpass_n20001_cRA_V1_electrode_s10.npz,76244,cd617690322928c8d537fe63921047ef18ddac164d3ee68fae7b9b3da9cfd623
tcn,clean_only,101,bandpass_n20001_cRA_V1_electrode_s5,phase2/results/predictions/full/clean_only/tcn/seed_101/bandpass_n20001_cRA_V1_electrode_s5.npz,75972,f09e1d1d77299bd14b70b466a9b93c543d7a3f55d7fc6db9aed1d56a3b7c72e1
tcn,clean_only,101,bandpass_n20001_cRA_V1_electrode_s0,phase2/results/predictions/full/clean_only/tcn/seed_101/bandpass_n20001_cRA_V1_electrode_s0.npz,75618,a78319bb933f52ed5412f81e7e6d2a27f60c86e54c3d2570029125a88763a077
tcn,clean_only,101,bandpass_n20001_cRA_V1_covariance_s20,phase2/results/predictions/full/clean_only/tcn/seed_101/bandpass_n20001_cRA_V1_covariance_s20.npz,76399,a240e1e60dd320b80161f6e3b47fc18cf21f22471cd29e8a34b44d849024517f
tcn,clean_only,101,bandpass_n20001_cRA_V1_covariance_s15,phase2/results/predictions/full/clean_only/tcn/seed_101/bandpass_n20001_cRA_V1_covariance_s15.npz,76368,16417582b0ef83e8993976e3731838da9124bd77ad6c56c0f3544004f5c04274
tcn,clean_only,101,bandpass_n20001_cRA_V1_covariance_s10,phase2/results/predictions/full/clean_only/tcn/seed_101/bandpass_n20001_cRA_V1_covariance_s10.npz,76291,0e4f64e9cc4d8a6de6b799cee59095d6f4461bbcef02854f16bd09fe12e064c7
tcn,clean_only,101,bandpass_n20001_cRA_V1_covariance_s5,phase2/results/predictions/full/clean_only/tcn/seed_101/bandpass_n20001_cRA_V1_covariance_s5.npz,75972,fefd590e5ee50bfa87103c03d7d7420396d820606e9977be73d8a1668df4678e
tcn,clean_only,101,bandpass_n20001_cRA_V1_covariance_s0,phase2/results/predictions/full/clean_only/tcn/seed_101/bandpass_n20001_cRA_V1_covariance_s0.npz,75623,3e7f88f33cac4174df99fe25d36284a80d760242a482ba57318456ef22ca3530
tcn,clean_only,101,bandpass_n20001_cLA_V6_independent_rms_s20,phase2/results/predictions/full/clean_only/tcn/seed_101/bandpass_n20001_cLA_V6_independent_rms_s20.npz,76428,c3e19502030c2b4b168a75e16ffbefe520bced3dd4d9642c6c10b47cfa3982d4
tcn,clean_only,101,bandpass_n20001_cLA_V6_independent_rms_s15,phase2/results/predictions/full/clean_only/tcn/seed_101/bandpass_n20001_cLA_V6_independent_rms_s15.npz,76419,8e0f1ca9a9a439fa2f0d9a107ade0a0c0a5ae23e4ac4123cc65df300aec18fac
tcn,clean_only,101,bandpass_n20001_cLA_V6_independent_rms_s10,phase2/results/predictions/full/clean_only/tcn/seed_101/bandpass_n20001_cLA_V6_independent_rms_s10.npz,76356,bd4f0157ca7039f962138fcb2b41a124fa3ee9b354f71bd2d9431af0ea61ba2a
tcn,clean_only,101,bandpass_n20001_cLA_V6_independent_rms_s5,phase2/results/predictions/full/clean_only/tcn/seed_101/bandpass_n20001_cLA_V6_independent_rms_s5.npz,76170,8deba390814e98afda82f36f93fe7e7f100bea0fd5d7977fe5c242ce5faee9ae
tcn,clean_only,101,bandpass_n20001_cLA_V6_independent_rms_s0,phase2/results/predictions/full/clean_only/tcn/seed_101/bandpass_n20001_cLA_V6_independent_rms_s0.npz,75756,525ab7a04e61e28e48829949c7d10a028892ced362338cfe3427c41c22212ece
tcn,clean_only,101,bandpass_n20001_cLA_V6_electrode_s20,phase2/results/predictions/full/clean_only/tcn/seed_101/bandpass_n20001_cLA_V6_electrode_s20.npz,76419,f33cf50c47b393e60917a1950d3c246ef4a50da2bda8573cdeaf5e2559535291
tcn,clean_only,101,bandpass_n20001_cLA_V6_electrode_s15,phase2/results/predictions/full/clean_only/tcn/seed_101/bandpass_n20001_cLA_V6_electrode_s15.npz,76391,b069962033bb9979c084cb8ec6e58e714bf2a71334105d13c8ace83251a45458
tcn,clean_only,101,bandpass_n20001_cLA_V6_electrode_s10,phase2/results/predictions/full/clean_only/tcn/seed_101/bandpass_n20001_cLA_V6_electrode_s10.npz,76281,141ab90923bab84f3c3904bbbd854311fc06991db683a783798f04262e5a5276
tcn,clean_only,101,bandpass_n20001_cLA_V6_electrode_s5,phase2/results/predictions/full/clean_only/tcn/seed_101/bandpass_n20001_cLA_V6_electrode_s5.npz,76003,53ab865629ef2b259517d6bfc28ff490b5d0cb3c4c34918e799c719532f77c3d
tcn,clean_only,101,bandpass_n20001_cLA_V6_electrode_s0,phase2/results/predictions/full/clean_only/tcn/seed_101/bandpass_n20001_cLA_V6_electrode_s0.npz,75816,50a76f0236511e8c056281c75ae6fc0403a4b36cad65b556d4e53bbcd446f0d3
tcn,clean_only,101,bandpass_n20001_cLA_V6_covariance_s20,phase2/results/predictions/full/clean_only/tcn/seed_101/bandpass_n20001_cLA_V6_covariance_s20.npz,76418,32ea81f1d0586a5f12e22a76cbad75e1aeac40942c74aff91feec4508525a4c1
tcn,clean_only,101,bandpass_n20001_cLA_V6_covariance_s15,phase2/results/predictions/full/clean_only/tcn/seed_101/bandpass_n20001_cLA_V6_covariance_s15.npz,76399,f0246f15d397570e06608f27824a1885223c4d9169d368c87a80fbb07d7f5392
tcn,clean_only,101,bandpass_n20001_cLA_V6_covariance_s10,phase2/results/predictions/full/clean_only/tcn/seed_101/bandpass_n20001_cLA_V6_covariance_s10.npz,76304,e8fbe5081f376451395e77192871fbd0fa33abbb23707263ddf751ef8d157e50
tcn,clean_only,101,bandpass_n20001_cLA_V6_covariance_s5,phase2/results/predictions/full/clean_only/tcn/seed_101/bandpass_n20001_cLA_V6_covariance_s5.npz,76009,ef24576da8d880fcca92be9d22dcc7fa24bd91c76a74e4e1adf6804450b15a86
tcn,clean_only,101,bandpass_n20001_cLA_V6_covariance_s0,phase2/results/predictions/full/clean_only/tcn/seed_101/bandpass_n20001_cLA_V6_covariance_s0.npz,75780,ade5c856c985d07a2a7f2ad0ae95fd04c8a7db06546b7d7671967d43fd532ded
tcn,clean_only,101,bandpass_n20001_cLL_V4_independent_rms_s20,phase2/results/predictions/full/clean_only/tcn/seed_101/bandpass_n20001_cLL_V4_independent_rms_s20.npz,76449,fb56ab624c65a9d7376eb940d37568a4f449c3e0b80985ec6861f7c076584f1e
tcn,clean_only,101,bandpass_n20001_cLL_V4_independent_rms_s15,phase2/results/predictions/full/clean_only/tcn/seed_101/bandpass_n20001_cLL_V4_independent_rms_s15.npz,76412,05940f8bfa8d2f5d80f63d2522e9e017313169bb0ec407c32ce18e4327438994
tcn,clean_only,101,bandpass_n20001_cLL_V4_independent_rms_s10,phase2/results/predictions/full/clean_only/tcn/seed_101/bandpass_n20001_cLL_V4_independent_rms_s10.npz,76344,f8359dfbf8104b3fb052fb3a3f339021bf07dd310f46adc269a509445b730b5c
tcn,clean_only,101,bandpass_n20001_cLL_V4_independent_rms_s5,phase2/results/predictions/full/clean_only/tcn/seed_101/bandpass_n20001_cLL_V4_independent_rms_s5.npz,76171,415379c4745051dd38a6453f1d2e5d48fd05abaf74a158be8f73015124f1fc72
tcn,clean_only,101,bandpass_n20001_cLL_V4_independent_rms_s0,phase2/results/predictions/full/clean_only/tcn/seed_101/bandpass_n20001_cLL_V4_independent_rms_s0.npz,75767,0f7cd8645586902affe3113d48dbf0a10165102db822c7bbb6a9a38524c3d94c
tcn,clean_only,101,bandpass_n20001_cLL_V4_electrode_s20,phase2/results/predictions/full/clean_only/tcn/seed_101/bandpass_n20001_cLL_V4_electrode_s20.npz,76399,a6020ac4d193c46251578bb8c43469e4598c2451a7e5eccb3da5def206347854
tcn,clean_only,101,bandpass_n20001_cLL_V4_electrode_s15,phase2/results/predictions/full/clean_only/tcn/seed_101/bandpass_n20001_cLL_V4_electrode_s15.npz,76430,5908ad32d800fb2aba0743f94193c2bd4739c14e619751f1a1258d94be5f6fbe
tcn,clean_only,101,bandpass_n20001_cLL_V4_electrode_s10,phase2/results/predictions/full/clean_only/tcn/seed_101/bandpass_n20001_cLL_V4_electrode_s10.npz,76293,1689a141e01979835653eee426d5bc3e0b13bf4cc064ecdcdb642a9017cf690e
tcn,clean_only,101,bandpass_n20001_cLL_V4_electrode_s5,phase2/results/predictions/full/clean_only/tcn/seed_101/bandpass_n20001_cLL_V4_electrode_s5.npz,76004,c1142e6169107c6b0e963a1e5406cde4e2cb6e3f24ca5f0a210b848749c68771
tcn,clean_only,101,bandpass_n20001_cLL_V4_electrode_s0,phase2/results/predictions/full/clean_only/tcn/seed_101/bandpass_n20001_cLL_V4_electrode_s0.npz,75754,a7ecec5817ea61628e578dacde5116fcd9bce8823caa81d32c5809953462fc54
tcn,clean_only,101,bandpass_n20001_cLL_V4_covariance_s20,phase2/results/predictions/full/clean_only/tcn/seed_101/bandpass_n20001_cLL_V4_covariance_s20.npz,76397,79d1b4d8272aa6692bd9b632ef8dfc4e4df722ece26933dd7d6a5b2edc5d77a1
tcn,clean_only,101,bandpass_n20001_cLL_V4_covariance_s15,phase2/results/predictions/full/clean_only/tcn/seed_101/bandpass_n20001_cLL_V4_covariance_s15.npz,76402,b8534dc4abcac7b8ca19eacdbdfc3f11753cd271001fe327bea2fb9c40099a3c
tcn,clean_only,101,bandpass_n20001_cLL_V4_covariance_s10,phase2/results/predictions/full/clean_only/tcn/seed_101/bandpass_n20001_cLL_V4_covariance_s10.npz,76297,b2c251fd7a88d66245fb463432a586175355ffcca9ba9e84fa36ad9637c1c09e
tcn,clean_only,101,bandpass_n20001_cLL_V4_covariance_s5,phase2/results/predictions/full/clean_only/tcn/seed_101/bandpass_n20001_cLL_V4_covariance_s5.npz,76031,3e3b2ef5dbe979d1245e25fa579b13b933a37daafa26497fa1b62089499c8c3c
tcn,clean_only,101,bandpass_n20001_cLL_V4_covariance_s0,phase2/results/predictions/full/clean_only/tcn/seed_101/bandpass_n20001_cLL_V4_covariance_s0.npz,75797,ae32fd5471b55525d507efa364df79a40699ab298752056eefbc3c64e1302819
tcn,clean_only,101,bandpass_n20001_cRA_LA_V1_V6_independent_rms_s20,phase2/results/predictions/full/clean_only/tcn/seed_101/bandpass_n20001_cRA_LA_V1_V6_independent_rms_s20.npz,76409,b450f300d1a65688c2977c139ee55b5911aedba232dc3acf87ae3c64af796b49
tcn,clean_only,101,bandpass_n20001_cRA_LA_V1_V6_independent_rms_s15,phase2/results/predictions/full/clean_only/tcn/seed_101/bandpass_n20001_cRA_LA_V1_V6_independent_rms_s15.npz,76402,888cd045137807be13f7ec60dfb8a90149e63f9feed38da7f039cc69d4e1240c
tcn,clean_only,101,bandpass_n20001_cRA_LA_V1_V6_independent_rms_s10,phase2/results/predictions/full/clean_only/tcn/seed_101/bandpass_n20001_cRA_LA_V1_V6_independent_rms_s10.npz,76368,469c4ba9f7919551cbf0db05c3b7c52e6439f20c455c58b5f2c5347784c21cb3
tcn,clean_only,101,bandpass_n20001_cRA_LA_V1_V6_independent_rms_s5,phase2/results/predictions/full/clean_only/tcn/seed_101/bandpass_n20001_cRA_LA_V1_V6_independent_rms_s5.npz,76179,e77195de4fcfbf20efecef7b7b170d876903f120877da1e3e7f50ed7c7ca8ed9
tcn,clean_only,101,bandpass_n20001_cRA_LA_V1_V6_independent_rms_s0,phase2/results/predictions/full/clean_only/tcn/seed_101/bandpass_n20001_cRA_LA_V1_V6_independent_rms_s0.npz,75785,4369a961cd89fd88ac0241865e1ca64e4f9f4639e9fdf66b87d31db923a31a2a
tcn,clean_only,101,bandpass_n20001_cRA_LA_V1_V6_electrode_s20,phase2/results/predictions/full/clean_only/tcn/seed_101/bandpass_n20001_cRA_LA_V1_V6_electrode_s20.npz,76402,a1af95eac655931628770f23e3afe3090ce0b77c9c99979d6fc908090bbc4e2d
tcn,clean_only,101,bandpass_n20001_cRA_LA_V1_V6_electrode_s15,phase2/results/predictions/full/clean_only/tcn/seed_101/bandpass_n20001_cRA_LA_V1_V6_electrode_s15.npz,76417,bbcbfb73ed3025dfc61c2ddfeeff42f0e07a092f33e737292ef066289f53e9e6
tcn,clean_only,101,bandpass_n20001_cRA_LA_V1_V6_electrode_s10,phase2/results/predictions/full/clean_only/tcn/seed_101/bandpass_n20001_cRA_LA_V1_V6_electrode_s10.npz,76299,a4ce55a8e7708a41303047e69791a197c0976d6d965a386c5879d7de16f441d0
tcn,clean_only,101,bandpass_n20001_cRA_LA_V1_V6_electrode_s5,phase2/results/predictions/full/clean_only/tcn/seed_101/bandpass_n20001_cRA_LA_V1_V6_electrode_s5.npz,75987,74ca332cb0c9a24dd6d7f73cd76efd144eeb7472c454f641103a6a8fd7ae5945
tcn,clean_only,101,bandpass_n20001_cRA_LA_V1_V6_electrode_s0,phase2/results/predictions/full/clean_only/tcn/seed_101/bandpass_n20001_cRA_LA_V1_V6_electrode_s0.npz,75715,6f4ea415012c01b34055ade92e51146936e97d45a7d170f9d9e5d516fe9c6f24
tcn,clean_only,101,bandpass_n20001_cRA_LA_V1_V6_covariance_s20,phase2/results/predictions/full/clean_only/tcn/seed_101/bandpass_n20001_cRA_LA_V1_V6_covariance_s20.npz,76438,f75bc2f1f818e855a3ea1656cd1a20c7ec2f52875dbc100f052ef6943530c611
tcn,clean_only,101,bandpass_n20001_cRA_LA_V1_V6_covariance_s15,phase2/results/predictions/full/clean_only/tcn/seed_101/bandpass_n20001_cRA_LA_V1_V6_covariance_s15.npz,76391,015f95bd8fb1e16ca07e8ac4511141543cd8dd2ee4d9342f2e9f10e3a82fe522
tcn,clean_only,101,bandpass_n20001_cRA_LA_V1_V6_covariance_s10,phase2/results/predictions/full/clean_only/tcn/seed_101/bandpass_n20001_cRA_LA_V1_V6_covariance_s10.npz,76264,c98d2e25376e7fd805aca542ae33353af0c1af333f0f32dc02e31e951600fc2b
tcn,clean_only,101,bandpass_n20001_cRA_LA_V1_V6_covariance_s5,phase2/results/predictions/full/clean_only/tcn/seed_101/bandpass_n20001_cRA_LA_V1_V6_covariance_s5.npz,75985,91f343cacf943baff9aedc1f8c7768570b48663d05f4273abaf9fa11abbb9879
tcn,clean_only,101,bandpass_n20001_cRA_LA_V1_V6_covariance_s0,phase2/results/predictions/full/clean_only/tcn/seed_101/bandpass_n20001_cRA_LA_V1_V6_covariance_s0.npz,75710,edcb566be288fd38f666202c458776610f851fe1aacbae526217da06af768751
tcn,clean_only,101,bandpass_n20001_cRA_V2_V5_independent_rms_s20,phase2/results/predictions/full/clean_only/tcn/seed_101/bandpass_n20001_cRA_V2_V5_independent_rms_s20.npz,76426,8c8fb12b6a1c9fe137d0596ca81b8dd1a0875cb905650abec952513fa6246c02
tcn,clean_only,101,bandpass_n20001_cRA_V2_V5_independent_rms_s15,phase2/results/predictions/full/clean_only/tcn/seed_101/bandpass_n20001_cRA_V2_V5_independent_rms_s15.npz,76400,0b3dc57c8367a1ca9e28f1f8c819a5009f0a038c3049e5864ef01ea857418108
tcn,clean_only,101,bandpass_n20001_cRA_V2_V5_independent_rms_s10,phase2/results/predictions/full/clean_only/tcn/seed_101/bandpass_n20001_cRA_V2_V5_independent_rms_s10.npz,76383,ff95c443932f7053a4f77bd0105140722fb0a4bd7fe83117eeb1cadc768d97d4
tcn,clean_only,101,bandpass_n20001_cRA_V2_V5_independent_rms_s5,phase2/results/predictions/full/clean_only/tcn/seed_101/bandpass_n20001_cRA_V2_V5_independent_rms_s5.npz,76161,bcd13caa435981d61ef259b3ead613430be7a4b22e1c2216cf22c57443fea15b
tcn,clean_only,101,bandpass_n20001_cRA_V2_V5_independent_rms_s0,phase2/results/predictions/full/clean_only/tcn/seed_101/bandpass_n20001_cRA_V2_V5_independent_rms_s0.npz,75761,3f22cd0cbe6739ce369f1e136d03ed3caad513e6f007146ba8c66bfc8b06fc21
tcn,clean_only,101,bandpass_n20001_cRA_V2_V5_electrode_s20,phase2/results/predictions/full/clean_only/tcn/seed_101/bandpass_n20001_cRA_V2_V5_electrode_s20.npz,76405,ea36aff83cfb3492a220d24a1413dbdbd5ce34a14d60678b4638bef26f5959f0
tcn,clean_only,101,bandpass_n20001_cRA_V2_V5_electrode_s15,phase2/results/predictions/full/clean_only/tcn/seed_101/bandpass_n20001_cRA_V2_V5_electrode_s15.npz,76383,7b21b9a271f557011b179d73843767f8f82c01084e2cd42faf531091a4d9d6c9
tcn,clean_only,101,bandpass_n20001_cRA_V2_V5_electrode_s10,phase2/results/predictions/full/clean_only/tcn/seed_101/bandpass_n20001_cRA_V2_V5_electrode_s10.npz,76305,c4eb2aab74a75129c1561231af1288022ef1eda3499783b2bf0c376ea6c04df7
tcn,clean_only,101,bandpass_n20001_cRA_V2_V5_electrode_s5,phase2/results/predictions/full/clean_only/tcn/seed_101/bandpass_n20001_cRA_V2_V5_electrode_s5.npz,76085,3649fcac1c75778d7564db08c64640d86baed988438c2007ba268827d357aa35
tcn,clean_only,101,bandpass_n20001_cRA_V2_V5_electrode_s0,phase2/results/predictions/full/clean_only/tcn/seed_101/bandpass_n20001_cRA_V2_V5_electrode_s0.npz,75624,00e628ba6096ad1c32742fe42ef87d1baad48c182702f150c68d773663367520
tcn,clean_only,101,bandpass_n20001_cRA_V2_V5_covariance_s20,phase2/results/predictions/full/clean_only/tcn/seed_101/bandpass_n20001_cRA_V2_V5_covariance_s20.npz,76414,400a1f3237192edad2d8661752e516b5c61102c8c4aff150c70577dc049593bb
tcn,clean_only,101,bandpass_n20001_cRA_V2_V5_covariance_s15,phase2/results/predictions/full/clean_only/tcn/seed_101/bandpass_n20001_cRA_V2_V5_covariance_s15.npz,76399,768187f103f6c3d1826513ab92e03731b56363634469c2416520d5ffcd7c1bfe
tcn,clean_only,101,bandpass_n20001_cRA_V2_V5_covariance_s10,phase2/results/predictions/full/clean_only/tcn/seed_101/bandpass_n20001_cRA_V2_V5_covariance_s10.npz,76291,a4106c4c6d4c8f5ada387aab8afbac962d511ee293e455dc09d0c23f006a7ac5
tcn,clean_only,101,bandpass_n20001_cRA_V2_V5_covariance_s5,phase2/results/predictions/full/clean_only/tcn/seed_101/bandpass_n20001_cRA_V2_V5_covariance_s5.npz,76068,a224d3ddbb4b255fafd61d01752d9c0fcdaa89a0e25954446ebc9987dd3d3254
tcn,clean_only,101,bandpass_n20001_cRA_V2_V5_covariance_s0,phase2/results/predictions/full/clean_only/tcn/seed_101/bandpass_n20001_cRA_V2_V5_covariance_s0.npz,75629,1078fa2e29793f60d5271dfe4bbb878a26f21870a9359377e56a7cf73b84da14
tcn,clean_only,101,bandpass_n20001_cLA_V3_V6_independent_rms_s20,phase2/results/predictions/full/clean_only/tcn/seed_101/bandpass_n20001_cLA_V3_V6_independent_rms_s20.npz,76433,8cdc417e7a1cdc8f88bbdc9ef47e4eb57f97bf8cc24a6fd6e8b62a2e31a24751
tcn,clean_only,101,bandpass_n20001_cLA_V3_V6_independent_rms_s15,phase2/results/predictions/full/clean_only/tcn/seed_101/bandpass_n20001_cLA_V3_V6_independent_rms_s15.npz,76413,c329a66af2dea0a8bd777c3dfafecc0d9a5aa4eeef3d5275e204ffa0ee20088b
tcn,clean_only,101,bandpass_n20001_cLA_V3_V6_independent_rms_s10,phase2/results/predictions/full/clean_only/tcn/seed_101/bandpass_n20001_cLA_V3_V6_independent_rms_s10.npz,76364,6d3f259f549682a8f509a958621a94b8db25633a2b3f9712409b4ffc963c0807
tcn,clean_only,101,bandpass_n20001_cLA_V3_V6_independent_rms_s5,phase2/results/predictions/full/clean_only/tcn/seed_101/bandpass_n20001_cLA_V3_V6_independent_rms_s5.npz,76157,919900401cf47ae4e24fe589f816da9cc27612d97af6a7b4c5d841d773ebb04a
tcn,clean_only,101,bandpass_n20001_cLA_V3_V6_independent_rms_s0,phase2/results/predictions/full/clean_only/tcn/seed_101/bandpass_n20001_cLA_V3_V6_independent_rms_s0.npz,75790,9a25f3c825b6012bdd719417cb2545d36ff80df186a1fe84a8e688b85a8b82cf
tcn,clean_only,101,bandpass_n20001_cLA_V3_V6_electrode_s20,phase2/results/predictions/full/clean_only/tcn/seed_101/bandpass_n20001_cLA_V3_V6_electrode_s20.npz,76439,5588a0485969a387e5cbac78379ea9cadd2b71be5bc5361e1c63dcb257edf1ec
tcn,clean_only,101,bandpass_n20001_cLA_V3_V6_electrode_s15,phase2/results/predictions/full/clean_only/tcn/seed_101/bandpass_n20001_cLA_V3_V6_electrode_s15.npz,76404,fc24500392ac2e221a5817865a1f75b639d01fd9f07d994d08eb96c3b8a732bc
tcn,clean_only,101,bandpass_n20001_cLA_V3_V6_electrode_s10,phase2/results/predictions/full/clean_only/tcn/seed_101/bandpass_n20001_cLA_V3_V6_electrode_s10.npz,76331,c61079222acca61c3cb4aea67c5aebfb8973590c2ad249af9a995aff93aa11c7
tcn,clean_only,101,bandpass_n20001_cLA_V3_V6_electrode_s5,phase2/results/predictions/full/clean_only/tcn/seed_101/bandpass_n20001_cLA_V3_V6_electrode_s5.npz,76055,2bd4fb6fb9ad15d3e60e5dd4abe8b764487f3f1bf989a772baa34d1d49684a40
tcn,clean_only,101,bandpass_n20001_cLA_V3_V6_electrode_s0,phase2/results/predictions/full/clean_only/tcn/seed_101/bandpass_n20001_cLA_V3_V6_electrode_s0.npz,75768,a3a84ff215cab41eea34cb9ba40b5581bd1c45365dafb62f891971501a5d9930
tcn,clean_only,101,bandpass_n20001_cLA_V3_V6_covariance_s20,phase2/results/predictions/full/clean_only/tcn/seed_101/bandpass_n20001_cLA_V3_V6_covariance_s20.npz,76399,3a6edc8185d3d7ad38448d12e1682bd2b87ac8ed29b4e21f620b93a5adc4b18b
tcn,clean_only,101,bandpass_n20001_cLA_V3_V6_covariance_s15,phase2/results/predictions/full/clean_only/tcn/seed_101/bandpass_n20001_cLA_V3_V6_covariance_s15.npz,76373,55ed51814f70f1b408901e54610e3a8020604a988e5b97aeac4cbf70bca135d2
tcn,clean_only,101,bandpass_n20001_cLA_V3_V6_covariance_s10,phase2/results/predictions/full/clean_only/tcn/seed_101/bandpass_n20001_cLA_V3_V6_covariance_s10.npz,76289,f066ed479cdf4e78db3162917597d639ff51ebcf6d9c620f7c73a57e18c42e76
tcn,clean_only,101,bandpass_n20001_cLA_V3_V6_covariance_s5,phase2/results/predictions/full/clean_only/tcn/seed_101/bandpass_n20001_cLA_V3_V6_covariance_s5.npz,76012,4093670d7fcdba4458a62eca4358fbb2ab6ff1338e78622ee85b22fea221855f
tcn,clean_only,101,bandpass_n20001_cLA_V3_V6_covariance_s0,phase2/results/predictions/full/clean_only/tcn/seed_101/bandpass_n20001_cLA_V3_V6_covariance_s0.npz,75788,64b80f9bb22686d799ef88cb3b43de311233129bb18db701c88d27996edd5acd
tcn,clean_only,101,bandpass_n20001_cLL_V1_V4_independent_rms_s20,phase2/results/predictions/full/clean_only/tcn/seed_101/bandpass_n20001_cLL_V1_V4_independent_rms_s20.npz,76430,ddb941a9f83b57ccdd2c9cb9e96f22a5c060114398b96d094ebbc7d7d3a28844
tcn,clean_only,101,bandpass_n20001_cLL_V1_V4_independent_rms_s15,phase2/results/predictions/full/clean_only/tcn/seed_101/bandpass_n20001_cLL_V1_V4_independent_rms_s15.npz,76417,3469b00a1cf4f595caaaacece6f0c708c896f0dd9ad6ed8a8809118f1482f5a2
tcn,clean_only,101,bandpass_n20001_cLL_V1_V4_independent_rms_s10,phase2/results/predictions/full/clean_only/tcn/seed_101/bandpass_n20001_cLL_V1_V4_independent_rms_s10.npz,76349,86ebcbc27357ea5ab26a844e30b6e536594aad7269d193cee428f69ac8dedba3
tcn,clean_only,101,bandpass_n20001_cLL_V1_V4_independent_rms_s5,phase2/results/predictions/full/clean_only/tcn/seed_101/bandpass_n20001_cLL_V1_V4_independent_rms_s5.npz,76127,10e17c971db65f863ea4f2c192471a55441eba487a1d72299c6d0b96a5713f1c
tcn,clean_only,101,bandpass_n20001_cLL_V1_V4_independent_rms_s0,phase2/results/predictions/full/clean_only/tcn/seed_101/bandpass_n20001_cLL_V1_V4_independent_rms_s0.npz,75739,db258f9e3a92c08f7b59232c32d6f243b003e2f4c3e728bbe3f0ab5756195d4e
tcn,clean_only,101,bandpass_n20001_cLL_V1_V4_electrode_s20,phase2/results/predictions/full/clean_only/tcn/seed_101/bandpass_n20001_cLL_V1_V4_electrode_s20.npz,76385,f1e495aa43ca42266233515a149b2387c766fe47fcfd47a288de4c40dd159f37
tcn,clean_only,101,bandpass_n20001_cLL_V1_V4_electrode_s15,phase2/results/predictions/full/clean_only/tcn/seed_101/bandpass_n20001_cLL_V1_V4_electrode_s15.npz,76376,5a0f662a40726f887c37f7131db212970e16bba5ca68e2fb3ca00c549b99a7a6
tcn,clean_only,101,bandpass_n20001_cLL_V1_V4_electrode_s10,phase2/results/predictions/full/clean_only/tcn/seed_101/bandpass_n20001_cLL_V1_V4_electrode_s10.npz,76313,048203e02d890ed59e1b591442cbf461f9a580188aac8101704acfcfe3e92c72
tcn,clean_only,101,bandpass_n20001_cLL_V1_V4_electrode_s5,phase2/results/predictions/full/clean_only/tcn/seed_101/bandpass_n20001_cLL_V1_V4_electrode_s5.npz,76036,1f4297665533903ef13ade9a168098480840a5a5f39b256e3c17e496d3787cfc
tcn,clean_only,101,bandpass_n20001_cLL_V1_V4_electrode_s0,phase2/results/predictions/full/clean_only/tcn/seed_101/bandpass_n20001_cLL_V1_V4_electrode_s0.npz,75792,60b7074fdc2a08f6cd3c78332cbc2b4165c1c65feee6d0366ba12dbb91c5597a
tcn,clean_only,101,bandpass_n20001_cLL_V1_V4_covariance_s20,phase2/results/predictions/full/clean_only/tcn/seed_101/bandpass_n20001_cLL_V1_V4_covariance_s20.npz,76422,5b17f0b17370d486b4b6e1116bb1016da467285d4aeaf6ee456c91a0e740fa14
tcn,clean_only,101,bandpass_n20001_cLL_V1_V4_covariance_s15,phase2/results/predictions/full/clean_only/tcn/seed_101/bandpass_n20001_cLL_V1_V4_covariance_s15.npz,76425,a57e26a6a122b8e1de1f4f93ffd843b63932c1c3d8c84d72aa8a8d31bac04c47
tcn,clean_only,101,bandpass_n20001_cLL_V1_V4_covariance_s10,phase2/results/predictions/full/clean_only/tcn/seed_101/bandpass_n20001_cLL_V1_V4_covariance_s10.npz,76322,f061d53dfdd763d7e02e85cfe0b4062667934cf9fa5407e337b49817df20cafb
tcn,clean_only,101,bandpass_n20001_cLL_V1_V4_covariance_s5,phase2/results/predictions/full/clean_only/tcn/seed_101/bandpass_n20001_cLL_V1_V4_covariance_s5.npz,76019,9a2ff441103691e7af99bb37466006e0baf7f0908e491160ad6774e88540d7bb
tcn,clean_only,101,bandpass_n20001_cLL_V1_V4_covariance_s0,phase2/results/predictions/full/clean_only/tcn/seed_101/bandpass_n20001_cLL_V1_V4_covariance_s0.npz,75795,847c58267869a43b6cd632348e8cfa9fe746a299a267f09225f6fb76d641b053
tcn,clean_only,101,bandpass_n20001_call_independent_rms_s20,phase2/results/predictions/full/clean_only/tcn/seed_101/bandpass_n20001_call_independent_rms_s20.npz,76397,ab3839333db4b92509c6e0841bd11530291e5b6bc82a9ebee3efade46e6ff53e
tcn,clean_only,101,bandpass_n20001_call_independent_rms_s15,phase2/results/predictions/full/clean_only/tcn/seed_101/bandpass_n20001_call_independent_rms_s15.npz,76440,9edd466b288fbff0b39578ff855eaa1f269a587f96dfe995d2ede60e1f558da6
tcn,clean_only,101,bandpass_n20001_call_independent_rms_s10,phase2/results/predictions/full/clean_only/tcn/seed_101/bandpass_n20001_call_independent_rms_s10.npz,76334,3e383b2a289618c4c8a57171f821d659d39f6074fca562e02f55e4d85bebdad8
tcn,clean_only,101,bandpass_n20001_call_independent_rms_s5,phase2/results/predictions/full/clean_only/tcn/seed_101/bandpass_n20001_call_independent_rms_s5.npz,76119,90af9ed657fbc4db4b05a9c8917febdf9b014ad181d0454f9b830c26cc96b799
tcn,clean_only,101,bandpass_n20001_call_independent_rms_s0,phase2/results/predictions/full/clean_only/tcn/seed_101/bandpass_n20001_call_independent_rms_s0.npz,75700,29a47cf79b5e12b468e8dcc514bc4e715dc9f82fccb3c066eb308c51e26b66d4
tcn,clean_only,101,bandpass_n20001_call_electrode_s20,phase2/results/predictions/full/clean_only/tcn/seed_101/bandpass_n20001_call_electrode_s20.npz,76353,86644c3884691fc6ad812c511c3c8558d098d653fc09c9c8861782532c296d72
tcn,clean_only,101,bandpass_n20001_call_electrode_s15,phase2/results/predictions/full/clean_only/tcn/seed_101/bandpass_n20001_call_electrode_s15.npz,76387,5e1823e30d06123b89e866fccee6bd0575d703ed15fc25fa57970e2eccb2255b
tcn,clean_only,101,bandpass_n20001_call_electrode_s10,phase2/results/predictions/full/clean_only/tcn/seed_101/bandpass_n20001_call_electrode_s10.npz,76259,cbd9918f420f63a4241c541644f273f1c81a42b6880ebdc51785e2c38571e08e
tcn,clean_only,101,bandpass_n20001_call_electrode_s5,phase2/results/predictions/full/clean_only/tcn/seed_101/bandpass_n20001_call_electrode_s5.npz,75974,1df2d7a0f54a393f7d0c79fa77fe006c6c5b5ef9f304782be28a3daa060eb441
tcn,clean_only,101,bandpass_n20001_call_electrode_s0,phase2/results/predictions/full/clean_only/tcn/seed_101/bandpass_n20001_call_electrode_s0.npz,75685,00667c7c7106047865a20f84a30e5bd8ad33dae6b06f918d234f3e3c9ce3486b
tcn,clean_only,101,bandpass_n20001_call_covariance_s20,phase2/results/predictions/full/clean_only/tcn/seed_101/bandpass_n20001_call_covariance_s20.npz,76391,43dca02419150ed86b44713f44a429f4fb838b559acddc48091462384ae4a8ed
tcn,clean_only,101,bandpass_n20001_call_covariance_s15,phase2/results/predictions/full/clean_only/tcn/seed_101/bandpass_n20001_call_covariance_s15.npz,76379,de7db91402e658f547f5613b6f98d611ef163d4ab7a6552cb7384848cfea7635
tcn,clean_only,101,bandpass_n20001_call_covariance_s10,phase2/results/predictions/full/clean_only/tcn/seed_101/bandpass_n20001_call_covariance_s10.npz,76224,626d6c2ea33dc0f55d97fdaccb92da1d012b40e1b0187b566dc533f2e3593ac5
tcn,clean_only,101,bandpass_n20001_call_covariance_s5,phase2/results/predictions/full/clean_only/tcn/seed_101/bandpass_n20001_call_covariance_s5.npz,75977,4772ef6446da32a0f568e6f871febfae1a5c2b269f1c296e086412c52cda2d4c
tcn,clean_only,101,bandpass_n20001_call_covariance_s0,phase2/results/predictions/full/clean_only/tcn/seed_101/bandpass_n20001_call_covariance_s0.npz,75705,8868aa0087c6127412ec3280b6a69a76aa06670270aa75c6036a1cd7e87df749
tcn,clean_only,101,bandpass_n20002_cRA_LA_LL_independent_rms_s20,phase2/results/predictions/full/clean_only/tcn/seed_101/bandpass_n20002_cRA_LA_LL_independent_rms_s20.npz,76388,cd709f10ae4d6ba6cc7d4ba0fcbf28260e8d65f73293fe0e189b2ce2d87c20f1
tcn,clean_only,101,bandpass_n20002_cRA_LA_LL_independent_rms_s15,phase2/results/predictions/full/clean_only/tcn/seed_101/bandpass_n20002_cRA_LA_LL_independent_rms_s15.npz,76387,8dd0c68d3568deb6d2aef141dc298070c47a5dab6d7336de3c5d518b2fe21a81
tcn,clean_only,101,bandpass_n20002_cRA_LA_LL_independent_rms_s10,phase2/results/predictions/full/clean_only/tcn/seed_101/bandpass_n20002_cRA_LA_LL_independent_rms_s10.npz,76355,b6544605efc48cab3c09c577b34e13aa9cf03bc4b332e215cb979a56b8449803
tcn,clean_only,101,bandpass_n20002_cRA_LA_LL_independent_rms_s5,phase2/results/predictions/full/clean_only/tcn/seed_101/bandpass_n20002_cRA_LA_LL_independent_rms_s5.npz,76165,9e4c4cb7c82fd8b7a9baa5d08205fff2fa261f9132a9974f26b80d4024baa659
tcn,clean_only,101,bandpass_n20002_cRA_LA_LL_independent_rms_s0,phase2/results/predictions/full/clean_only/tcn/seed_101/bandpass_n20002_cRA_LA_LL_independent_rms_s0.npz,75753,a81955f10694db015bdc2c7e8c3c3caaa1d79b0395520eebf53cd8b0cdc20fd6
tcn,clean_only,101,bandpass_n20002_cRA_LA_LL_electrode_s20,phase2/results/predictions/full/clean_only/tcn/seed_101/bandpass_n20002_cRA_LA_LL_electrode_s20.npz,76411,c44db4880a24fe9dae3a9b0256a451c5094b598e2db14e0e966e733adec4afe8
tcn,clean_only,101,bandpass_n20002_cRA_LA_LL_electrode_s15,phase2/results/predictions/full/clean_only/tcn/seed_101/bandpass_n20002_cRA_LA_LL_electrode_s15.npz,76364,9feaf8f9e183c2f1e4d0046dcdc8c73ddd42eb0ef2ebf0c0514623fff16a6cf2
tcn,clean_only,101,bandpass_n20002_cRA_LA_LL_electrode_s10,phase2/results/predictions/full/clean_only/tcn/seed_101/bandpass_n20002_cRA_LA_LL_electrode_s10.npz,76225,563325ce1fce7cddba9f370d1029b31c78bada21b7f23532ac5df5b4961bddc7
tcn,clean_only,101,bandpass_n20002_cRA_LA_LL_electrode_s5,phase2/results/predictions/full/clean_only/tcn/seed_101/bandpass_n20002_cRA_LA_LL_electrode_s5.npz,75959,1b000b626a610f4022a26e8f9332e14b162c751038f57c9cab0f772e89904b33
tcn,clean_only,101,bandpass_n20002_cRA_LA_LL_electrode_s0,phase2/results/predictions/full/clean_only/tcn/seed_101/bandpass_n20002_cRA_LA_LL_electrode_s0.npz,75764,3c8e7a4d15d0375c27592a5807a7332901e0cdeee11bc877d6b5bfdca15c5de3
tcn,clean_only,101,bandpass_n20002_cRA_LA_LL_covariance_s20,phase2/results/predictions/full/clean_only/tcn/seed_101/bandpass_n20002_cRA_LA_LL_covariance_s20.npz,76395,c555fc9048b498814c2212501bd72bcadb1a9a10dd65f4b296174427a260b166
tcn,clean_only,101,bandpass_n20002_cRA_LA_LL_covariance_s15,phase2/results/predictions/full/clean_only/tcn/seed_101/bandpass_n20002_cRA_LA_LL_covariance_s15.npz,76392,28cfc3d9d925f6c06464baa5281949b87e3ae06a8ffe3968b5fdd505021d665e
tcn,clean_only,101,bandpass_n20002_cRA_LA_LL_covariance_s10,phase2/results/predictions/full/clean_only/tcn/seed_101/bandpass_n20002_cRA_LA_LL_covariance_s10.npz,76248,8df43ece7c89d3b0a8f362989d80185d96020c02d861153be61ff570f72cb5e1
tcn,clean_only,101,bandpass_n20002_cRA_LA_LL_covariance_s5,phase2/results/predictions/full/clean_only/tcn/seed_101/bandpass_n20002_cRA_LA_LL_covariance_s5.npz,75961,3b657fc2139dd70206e189b0b75a860dff14209ea7778569befdba5b93e5bccb
tcn,clean_only,101,bandpass_n20002_cRA_LA_LL_covariance_s0,phase2/results/predictions/full/clean_only/tcn/seed_101/bandpass_n20002_cRA_LA_LL_covariance_s0.npz,75762,e6970bc5f5aa0ba5a154a6a372a37b39291093f3511e037d91cf52fe6fd99e02
tcn,clean_only,101,bandpass_n20002_cV1_independent_rms_s20,phase2/results/predictions/full/clean_only/tcn/seed_101/bandpass_n20002_cV1_independent_rms_s20.npz,76392,c94713efc7afc2b28f4715161d0abd2cf682cddcfe00aa739829d72d8f35009a
tcn,clean_only,101,bandpass_n20002_cV1_independent_rms_s15,phase2/results/predictions/full/clean_only/tcn/seed_101/bandpass_n20002_cV1_independent_rms_s15.npz,76364,a87121adce106e78f34f2caa6437467cf834462e1e8357e897ca7f1019abf52d
tcn,clean_only,101,bandpass_n20002_cV1_independent_rms_s10,phase2/results/predictions/full/clean_only/tcn/seed_101/bandpass_n20002_cV1_independent_rms_s10.npz,76277,00a0d0e35049e096dfef72ef693745da6bfbfd09d99a630078cb571ef3bd9ef9
tcn,clean_only,101,bandpass_n20002_cV1_independent_rms_s5,phase2/results/predictions/full/clean_only/tcn/seed_101/bandpass_n20002_cV1_independent_rms_s5.npz,75984,dfaf161ba0e161118384fd14a3d3543a2672959b2acb0f13ba7c3a916ef2cdd6
tcn,clean_only,101,bandpass_n20002_cV1_independent_rms_s0,phase2/results/predictions/full/clean_only/tcn/seed_101/bandpass_n20002_cV1_independent_rms_s0.npz,75798,90323db6d093056b4c7c2dcd359089b60b6e559481a7d471f51c2327eab42ba0
tcn,clean_only,101,bandpass_n20002_cV1_electrode_s20,phase2/results/predictions/full/clean_only/tcn/seed_101/bandpass_n20002_cV1_electrode_s20.npz,76444,93c32cba6c42ff402b88a262274a058e715aa082d1ede98ecf5cdad52349b6de
tcn,clean_only,101,bandpass_n20002_cV1_electrode_s15,phase2/results/predictions/full/clean_only/tcn/seed_101/bandpass_n20002_cV1_electrode_s15.npz,76359,427662343b85b9faeab3d389cfc6cc4a1a08848c7b483966de84814e1419360c
tcn,clean_only,101,bandpass_n20002_cV1_electrode_s10,phase2/results/predictions/full/clean_only/tcn/seed_101/bandpass_n20002_cV1_electrode_s10.npz,76263,8c6ddb7b25f37d1cbea846387dc9ae1aa1abd32f2462e26df1b5fb1e4040ad2f
tcn,clean_only,101,bandpass_n20002_cV1_electrode_s5,phase2/results/predictions/full/clean_only/tcn/seed_101/bandpass_n20002_cV1_electrode_s5.npz,76022,3f4081180e2e9d60c732d6222dec598bfe29bb22f0ae44511506c1ff4891254e
tcn,clean_only,101,bandpass_n20002_cV1_electrode_s0,phase2/results/predictions/full/clean_only/tcn/seed_101/bandpass_n20002_cV1_electrode_s0.npz,75788,eec312bd9e67734368584d17a1573ea659e772165376dde14d694a9530948d7b
tcn,clean_only,101,bandpass_n20002_cV1_covariance_s20,phase2/results/predictions/full/clean_only/tcn/seed_101/bandpass_n20002_cV1_covariance_s20.npz,76378,819289a79dd493717fea14364e9be2919486145503ec619858efe8d6759b68af
tcn,clean_only,101,bandpass_n20002_cV1_covariance_s15,phase2/results/predictions/full/clean_only/tcn/seed_101/bandpass_n20002_cV1_covariance_s15.npz,76393,6367f80c262a0d4b42a3784ed7b730f7524a03b6728df7707cc1279ba61ddc54
tcn,clean_only,101,bandpass_n20002_cV1_covariance_s10,phase2/results/predictions/full/clean_only/tcn/seed_101/bandpass_n20002_cV1_covariance_s10.npz,76266,85a5a82badfae2e82317aab70a24ffdc7b5b2b3c7d8bd807e9bdcf452bd512b6
tcn,clean_only,101,bandpass_n20002_cV1_covariance_s5,phase2/results/predictions/full/clean_only/tcn/seed_101/bandpass_n20002_cV1_covariance_s5.npz,76016,9b48488c3b1307a182ab23e0a29797f69d49dd04b532964620cc2e1d2a1e3972
tcn,clean_only,101,bandpass_n20002_cV1_covariance_s0,phase2/results/predictions/full/clean_only/tcn/seed_101/bandpass_n20002_cV1_covariance_s0.npz,75791,96584e4676a30f7cf780293e33fb9e734ad9c77b464025292b2086f1147b0856
tcn,clean_only,101,bandpass_n20002_cV2_independent_rms_s20,phase2/results/predictions/full/clean_only/tcn/seed_101/bandpass_n20002_cV2_independent_rms_s20.npz,76387,b6b72d27be3a3f4d26fd0bfdc705ff681e8956d53eadedaa977cb847f683e532
tcn,clean_only,101,bandpass_n20002_cV2_independent_rms_s15,phase2/results/predictions/full/clean_only/tcn/seed_101/bandpass_n20002_cV2_independent_rms_s15.npz,76388,75d29f241543ef43e1f11b225323047deca0ccc0116feda988d02865ceb5a790
tcn,clean_only,101,bandpass_n20002_cV2_independent_rms_s10,phase2/results/predictions/full/clean_only/tcn/seed_101/bandpass_n20002_cV2_independent_rms_s10.npz,76341,866f1c71b4d9086f261539e517775c3048f2f11d34ba8ad276fca5e289efab5b
tcn,clean_only,101,bandpass_n20002_cV2_independent_rms_s5,phase2/results/predictions/full/clean_only/tcn/seed_101/bandpass_n20002_cV2_independent_rms_s5.npz,76181,ae3cdd283219ccf6d7e297af64a16d71c3294439d409911936449e58e4928ce5
tcn,clean_only,101,bandpass_n20002_cV2_independent_rms_s0,phase2/results/predictions/full/clean_only/tcn/seed_101/bandpass_n20002_cV2_independent_rms_s0.npz,75868,66da696a075f3dc65bcfec52de37b135d1b1328630689ed733efe919577f7c52
tcn,clean_only,101,bandpass_n20002_cV2_electrode_s20,phase2/results/predictions/full/clean_only/tcn/seed_101/bandpass_n20002_cV2_electrode_s20.npz,76400,83f85607c2b1b167c0c974047b8a9f122330f97c654ff86a268db83066d1d82f
tcn,clean_only,101,bandpass_n20002_cV2_electrode_s15,phase2/results/predictions/full/clean_only/tcn/seed_101/bandpass_n20002_cV2_electrode_s15.npz,76391,c87d3fbbbd0820b86439be6a8b782e6d7b9566644bd1993f9ec23f3ea516d006
tcn,clean_only,101,bandpass_n20002_cV2_electrode_s10,phase2/results/predictions/full/clean_only/tcn/seed_101/bandpass_n20002_cV2_electrode_s10.npz,76309,a9208dbf3ad2cabc2257db187ff70c4bafbb387951b91f2d5c8f3abc341eb4b1
tcn,clean_only,101,bandpass_n20002_cV2_electrode_s5,phase2/results/predictions/full/clean_only/tcn/seed_101/bandpass_n20002_cV2_electrode_s5.npz,76174,2178cc2bbeff08a360f1190d7d3b9518ae4a992ce9580c3962ac2efaaae31afc
tcn,clean_only,101,bandpass_n20002_cV2_electrode_s0,phase2/results/predictions/full/clean_only/tcn/seed_101/bandpass_n20002_cV2_electrode_s0.npz,75878,f8db14a2994bd22b1949c0d69ce4db5447c67200e3144f91feeaf7b80a2de53f
tcn,clean_only,101,bandpass_n20002_cV2_covariance_s20,phase2/results/predictions/full/clean_only/tcn/seed_101/bandpass_n20002_cV2_covariance_s20.npz,76381,ab9681a15251109961d541c2bc7c3c0ac54cd8b4d250404d820a549c48eefd4c
tcn,clean_only,101,bandpass_n20002_cV2_covariance_s15,phase2/results/predictions/full/clean_only/tcn/seed_101/bandpass_n20002_cV2_covariance_s15.npz,76374,62e954915fe06aa2b5766612887831508bd64dc2c6828ab8ad876a08f10c2106
tcn,clean_only,101,bandpass_n20002_cV2_covariance_s10,phase2/results/predictions/full/clean_only/tcn/seed_101/bandpass_n20002_cV2_covariance_s10.npz,76332,224e2dde51e70d8cb58fd51cd6cb15794647bee8e24228abd9fdb080af6c3cfd
tcn,clean_only,101,bandpass_n20002_cV2_covariance_s5,phase2/results/predictions/full/clean_only/tcn/seed_101/bandpass_n20002_cV2_covariance_s5.npz,76190,4c17dc6f2d11f176df14505d11a92c028f60ea08e01d04f7bfe700b189f6aeab
tcn,clean_only,101,bandpass_n20002_cV2_covariance_s0,phase2/results/predictions/full/clean_only/tcn/seed_101/bandpass_n20002_cV2_covariance_s0.npz,75882,63525e9e76e6f3c7c71953c645bae1b2e8c4cfbec14449d463ddfbafa9a62324
tcn,clean_only,101,bandpass_n20002_cV3_independent_rms_s20,phase2/results/predictions/full/clean_only/tcn/seed_101/bandpass_n20002_cV3_independent_rms_s20.npz,76387,e214b769e18d7a908ea140392cdd15c3691771a43b6e0a28d5f8aff1c8093569
tcn,clean_only,101,bandpass_n20002_cV3_independent_rms_s15,phase2/results/predictions/full/clean_only/tcn/seed_101/bandpass_n20002_cV3_independent_rms_s15.npz,76391,71e7108803864e519d795b96582143395a885b3d7cccb012233bcc4716daf744
tcn,clean_only,101,bandpass_n20002_cV3_independent_rms_s10,phase2/results/predictions/full/clean_only/tcn/seed_101/bandpass_n20002_cV3_independent_rms_s10.npz,76351,2c65fd377ed7cb2a1f7db091c849f35b3f0bbc489ab3d03e89b56709e4369a84
tcn,clean_only,101,bandpass_n20002_cV3_independent_rms_s5,phase2/results/predictions/full/clean_only/tcn/seed_101/bandpass_n20002_cV3_independent_rms_s5.npz,76216,5f7bfcd1c99d92cef7f4eab2f73bed8d74aceb3d2d491a0c1c4c12170bc2270d
tcn,clean_only,101,bandpass_n20002_cV3_independent_rms_s0,phase2/results/predictions/full/clean_only/tcn/seed_101/bandpass_n20002_cV3_independent_rms_s0.npz,75816,6f3a6f858c53ae72abad97cf230a027f671ba91c8044d3ca3fa78788ee7f02fd
tcn,clean_only,101,bandpass_n20002_cV3_electrode_s20,phase2/results/predictions/full/clean_only/tcn/seed_101/bandpass_n20002_cV3_electrode_s20.npz,76394,15bd2ed900a48b49f5f9ab86d4ebbf258cbd4870f08b2823e9418ea6dd813f8d
tcn,clean_only,101,bandpass_n20002_cV3_electrode_s15,phase2/results/predictions/full/clean_only/tcn/seed_101/bandpass_n20002_cV3_electrode_s15.npz,76381,e01172997fbb247b3ef9a34eba89f46d27e55037271bdd5089aa7eff7f98b5cd
tcn,clean_only,101,bandpass_n20002_cV3_electrode_s10,phase2/results/predictions/full/clean_only/tcn/seed_101/bandpass_n20002_cV3_electrode_s10.npz,76354,ecd30dcf65531323c8566a72cadb8bf5ae7d55e1179490354ce6396ba3ae1806
tcn,clean_only,101,bandpass_n20002_cV3_electrode_s5,phase2/results/predictions/full/clean_only/tcn/seed_101/bandpass_n20002_cV3_electrode_s5.npz,76186,fd6e140b5f22495d4c00f1b8e107464fcbfd66c83509afcf612e8ee8322d95d2
tcn,clean_only,101,bandpass_n20002_cV3_electrode_s0,phase2/results/predictions/full/clean_only/tcn/seed_101/bandpass_n20002_cV3_electrode_s0.npz,75806,8a6b1cb1b9b9fc6bfacaaa280f0aff22762d7e7669cb6423d59e643737b4a9d5
tcn,clean_only,101,bandpass_n20002_cV3_covariance_s20,phase2/results/predictions/full/clean_only/tcn/seed_101/bandpass_n20002_cV3_covariance_s20.npz,76392,f5d35269c0412c1871f8b249329b092880b2204df1032e1f68d126db0149c0fe
tcn,clean_only,101,bandpass_n20002_cV3_covariance_s15,phase2/results/predictions/full/clean_only/tcn/seed_101/bandpass_n20002_cV3_covariance_s15.npz,76389,98ea572015f910b81bff98d191fccdde5cf313465740d8198888288f53e2c9d8
tcn,clean_only,101,bandpass_n20002_cV3_covariance_s10,phase2/results/predictions/full/clean_only/tcn/seed_101/bandpass_n20002_cV3_covariance_s10.npz,76349,9e66114ff8ce764ad000f493e171194a3379ce40fb62847ce182d4dbafd53fac
tcn,clean_only,101,bandpass_n20002_cV3_covariance_s5,phase2/results/predictions/full/clean_only/tcn/seed_101/bandpass_n20002_cV3_covariance_s5.npz,76164,879cceac1ff52197747b1b8e11b6430bedb64824927f5adfa00c80a89482264d
tcn,clean_only,101,bandpass_n20002_cV3_covariance_s0,phase2/results/predictions/full/clean_only/tcn/seed_101/bandpass_n20002_cV3_covariance_s0.npz,75765,25d0221613659050620ed8c329fa2beefa331b6974f1602f099d0bde69c179b0
tcn,clean_only,101,bandpass_n20002_cV4_independent_rms_s20,phase2/results/predictions/full/clean_only/tcn/seed_101/bandpass_n20002_cV4_independent_rms_s20.npz,76424,a4983a5e742469fc9abab6b01b3b3cf91aaf34a8ead23179c9db43779f119f12
tcn,clean_only,101,bandpass_n20002_cV4_independent_rms_s15,phase2/results/predictions/full/clean_only/tcn/seed_101/bandpass_n20002_cV4_independent_rms_s15.npz,76389,5e2a61b2ff219e56fc66df3a624396e52e406554f478f6598be53be25debfe7f
tcn,clean_only,101,bandpass_n20002_cV4_independent_rms_s10,phase2/results/predictions/full/clean_only/tcn/seed_101/bandpass_n20002_cV4_independent_rms_s10.npz,76390,1947a671241b53244fc6e67df269deb95f7f5be3fd95b028f347671e52239cb0
tcn,clean_only,101,bandpass_n20002_cV4_independent_rms_s5,phase2/results/predictions/full/clean_only/tcn/seed_101/bandpass_n20002_cV4_independent_rms_s5.npz,76295,71bfff1bfaf6f1645c0a7d7c2c664a12cc639b3937d6be0093ff9075a7587b2d
tcn,clean_only,101,bandpass_n20002_cV4_independent_rms_s0,phase2/results/predictions/full/clean_only/tcn/seed_101/bandpass_n20002_cV4_independent_rms_s0.npz,76018,8035a2725a75008832a95c05b8c4a966d72120033f87dbfcd4803504c2f00748
tcn,clean_only,101,bandpass_n20002_cV4_electrode_s20,phase2/results/predictions/full/clean_only/tcn/seed_101/bandpass_n20002_cV4_electrode_s20.npz,76402,d44ce5a674098720a6b4da4664c9a3d5ab1bf9a8cd31fa75fd4841230d95107a
tcn,clean_only,101,bandpass_n20002_cV4_electrode_s15,phase2/results/predictions/full/clean_only/tcn/seed_101/bandpass_n20002_cV4_electrode_s15.npz,76382,e701d1a463f4a5c437d751c755b452903762ec06a14532f898db882e6bf829c9
tcn,clean_only,101,bandpass_n20002_cV4_electrode_s10,phase2/results/predictions/full/clean_only/tcn/seed_101/bandpass_n20002_cV4_electrode_s10.npz,76352,e558367505b2def580dcbcad56db8f3d76685016af6b3a78e5e0aad278030344
tcn,clean_only,101,bandpass_n20002_cV4_electrode_s5,phase2/results/predictions/full/clean_only/tcn/seed_101/bandpass_n20002_cV4_electrode_s5.npz,76276,33238c0193ace4d80cabef37ab4d3d71bbd779c61a8b414825e03a96cfdad6fa
tcn,clean_only,101,bandpass_n20002_cV4_electrode_s0,phase2/results/predictions/full/clean_only/tcn/seed_101/bandpass_n20002_cV4_electrode_s0.npz,75978,d7865b0d303e6e4011a8969e1464994a656684ec2205dbda29af89d0dda9664e
tcn,clean_only,101,bandpass_n20002_cV4_covariance_s20,phase2/results/predictions/full/clean_only/tcn/seed_101/bandpass_n20002_cV4_covariance_s20.npz,76406,ca8d6eb116e2b5181ab12c539e0b6b2c8eccf87ff03ae1e7e88f01175bbe305d
tcn,clean_only,101,bandpass_n20002_cV4_covariance_s15,phase2/results/predictions/full/clean_only/tcn/seed_101/bandpass_n20002_cV4_covariance_s15.npz,76379,29f5755849cc77393d5988c25f04de2a80528eb34339af8917210444e6f50f1b
tcn,clean_only,101,bandpass_n20002_cV4_covariance_s10,phase2/results/predictions/full/clean_only/tcn/seed_101/bandpass_n20002_cV4_covariance_s10.npz,76349,4df4723af4c394266b05eb88d280938a34f2dd932cc794eb74990d8e676d1458
tcn,clean_only,101,bandpass_n20002_cV4_covariance_s5,phase2/results/predictions/full/clean_only/tcn/seed_101/bandpass_n20002_cV4_covariance_s5.npz,76284,5af0a89e936071f8d552b68b5186de1338d55ae05822009c69a86c28be3e1eff
tcn,clean_only,101,bandpass_n20002_cV4_covariance_s0,phase2/results/predictions/full/clean_only/tcn/seed_101/bandpass_n20002_cV4_covariance_s0.npz,75984,9446de3ddfa0f70a21b54ef09853c2aeb23e1061ecdf2dafe185806aed4b1a37
tcn,clean_only,101,bandpass_n20002_cV5_independent_rms_s20,phase2/results/predictions/full/clean_only/tcn/seed_101/bandpass_n20002_cV5_independent_rms_s20.npz,76426,71684ac1f74b62e3b9493f7dafb40a1333a2c5fadf3ccf2a91ef51b00802e0b2
tcn,clean_only,101,bandpass_n20002_cV5_independent_rms_s15,phase2/results/predictions/full/clean_only/tcn/seed_101/bandpass_n20002_cV5_independent_rms_s15.npz,76402,30c479d251dd60053dbce2ca6e5e267f2a6ee57fffbb34b5226dfe6667f71c15
tcn,clean_only,101,bandpass_n20002_cV5_independent_rms_s10,phase2/results/predictions/full/clean_only/tcn/seed_101/bandpass_n20002_cV5_independent_rms_s10.npz,76376,632a13de828a84d6034ecdd4456a1fd69441f63835131a7f076cab50c5f18db6
tcn,clean_only,101,bandpass_n20002_cV5_independent_rms_s5,phase2/results/predictions/full/clean_only/tcn/seed_101/bandpass_n20002_cV5_independent_rms_s5.npz,76272,1c3d467dd0165d87e09d5fba828ada4c37739ebdbd4ce6d719ab9d29e329322c
tcn,clean_only,101,bandpass_n20002_cV5_independent_rms_s0,phase2/results/predictions/full/clean_only/tcn/seed_101/bandpass_n20002_cV5_independent_rms_s0.npz,75948,c048114c3edea0b6843b4ddcda8cdb71bf24b922da2a26dc73be470f67e2431d
tcn,clean_only,101,bandpass_n20002_cV5_electrode_s20,phase2/results/predictions/full/clean_only/tcn/seed_101/bandpass_n20002_cV5_electrode_s20.npz,76382,e617c369c39f68ff3beea78d06595c5c744837e782ff58b7a0cc7d32c8f036cb
tcn,clean_only,101,bandpass_n20002_cV5_electrode_s15,phase2/results/predictions/full/clean_only/tcn/seed_101/bandpass_n20002_cV5_electrode_s15.npz,76391,1b35ada56e34993774d8f0dfa04aa9c0fe43cad5cd71d68c4b92e49abac85d82
tcn,clean_only,101,bandpass_n20002_cV5_electrode_s10,phase2/results/predictions/full/clean_only/tcn/seed_101/bandpass_n20002_cV5_electrode_s10.npz,76384,b53a9166ea1ed72d732495675f81a97809d6cd0a3f04955e387ddd9fbd3ceaa6
tcn,clean_only,101,bandpass_n20002_cV5_electrode_s5,phase2/results/predictions/full/clean_only/tcn/seed_101/bandpass_n20002_cV5_electrode_s5.npz,76240,65a6740bf1231cb46a588a5b0d084f0d2782fdbbabbaf37ba1b9f54d6b1eb2c5
tcn,clean_only,101,bandpass_n20002_cV5_electrode_s0,phase2/results/predictions/full/clean_only/tcn/seed_101/bandpass_n20002_cV5_electrode_s0.npz,75927,6c529ab9e352fd94a5441b16ae099ef93b33a234f5daeed653ba67ad446a79a0
tcn,clean_only,101,bandpass_n20002_cV5_covariance_s20,phase2/results/predictions/full/clean_only/tcn/seed_101/bandpass_n20002_cV5_covariance_s20.npz,76397,000af09f5494ac789856d950535a38458b597946395702dd12c6ceb0f33077ba
tcn,clean_only,101,bandpass_n20002_cV5_covariance_s15,phase2/results/predictions/full/clean_only/tcn/seed_101/bandpass_n20002_cV5_covariance_s15.npz,76373,70c212edc3b533cecada335142a835ccff1dc48e6ace02f12ef0607dce317549
tcn,clean_only,101,bandpass_n20002_cV5_covariance_s10,phase2/results/predictions/full/clean_only/tcn/seed_101/bandpass_n20002_cV5_covariance_s10.npz,76365,1ea993fd999179ea3b4d7508301b84440865e5c3b601de0d1e854478903d7cae
tcn,clean_only,101,bandpass_n20002_cV5_covariance_s5,phase2/results/predictions/full/clean_only/tcn/seed_101/bandpass_n20002_cV5_covariance_s5.npz,76286,fd205bf1b01dcbfff6360c5a22103584e37542db7e39f8e44b335c959ce257fa
tcn,clean_only,101,bandpass_n20002_cV5_covariance_s0,phase2/results/predictions/full/clean_only/tcn/seed_101/bandpass_n20002_cV5_covariance_s0.npz,75941,c236fdc0a70db4d7e8c9677a07c7755dc90a05da7c1b773f76525c6b24a0b8ee
tcn,clean_only,101,bandpass_n20002_cV6_independent_rms_s20,phase2/results/predictions/full/clean_only/tcn/seed_101/bandpass_n20002_cV6_independent_rms_s20.npz,76406,19702d04b8a17c5dcc0f7520cd4268c457fe6d3888f7815282868357608c3ede
tcn,clean_only,101,bandpass_n20002_cV6_independent_rms_s15,phase2/results/predictions/full/clean_only/tcn/seed_101/bandpass_n20002_cV6_independent_rms_s15.npz,76395,7838eb9d6d6bbb51919b2d13dea1433209e8712d74273111a74f81263da7c6b6
tcn,clean_only,101,bandpass_n20002_cV6_independent_rms_s10,phase2/results/predictions/full/clean_only/tcn/seed_101/bandpass_n20002_cV6_independent_rms_s10.npz,76395,e6279a4c19733d21621ca87c31e29f8ac9c68f642f2e07b2771976c6e6d77676
tcn,clean_only,101,bandpass_n20002_cV6_independent_rms_s5,phase2/results/predictions/full/clean_only/tcn/seed_101/bandpass_n20002_cV6_independent_rms_s5.npz,76242,0b598f8a66a4e3146d94ad9d1ef22b352b10bbac34884433a65db0ad0fe049c9
tcn,clean_only,101,bandpass_n20002_cV6_independent_rms_s0,phase2/results/predictions/full/clean_only/tcn/seed_101/bandpass_n20002_cV6_independent_rms_s0.npz,75951,1a913a0b850aea5f05d9fb269a46670fa5993d955080fed2511b24cf2081e008
tcn,clean_only,101,bandpass_n20002_cV6_electrode_s20,phase2/results/predictions/full/clean_only/tcn/seed_101/bandpass_n20002_cV6_electrode_s20.npz,76401,120174db9afdedae904793b771973f1b1b2cc53edcdaa823c5b87e54ea1d0dbe
tcn,clean_only,101,bandpass_n20002_cV6_electrode_s15,phase2/results/predictions/full/clean_only/tcn/seed_101/bandpass_n20002_cV6_electrode_s15.npz,76396,54eca62d69c4542b246f8504cc87e8176b0f3b2531ad67a21be59c819dead7d6
tcn,clean_only,101,bandpass_n20002_cV6_electrode_s10,phase2/results/predictions/full/clean_only/tcn/seed_101/bandpass_n20002_cV6_electrode_s10.npz,76372,5f27d7ee6f989d1a408ae7e922ab63c1a3fd9819b20d53a3e94c2cc52f92c705
tcn,clean_only,101,bandpass_n20002_cV6_electrode_s5,phase2/results/predictions/full/clean_only/tcn/seed_101/bandpass_n20002_cV6_electrode_s5.npz,76233,3582d585e34260d0068902e9ec6f7e1f00b62751457eba134bde261ed2e2084d
tcn,clean_only,101,bandpass_n20002_cV6_electrode_s0,phase2/results/predictions/full/clean_only/tcn/seed_101/bandpass_n20002_cV6_electrode_s0.npz,75912,1ed1585343b59fe5bc934412615b535e1c7d1e9d7d788636fb5dc04c5834d39f
tcn,clean_only,101,bandpass_n20002_cV6_covariance_s20,phase2/results/predictions/full/clean_only/tcn/seed_101/bandpass_n20002_cV6_covariance_s20.npz,76379,070e891329a10ad92c27065b52c8174087b858b5994ea59f335f54cf59aeb6e3
tcn,clean_only,101,bandpass_n20002_cV6_covariance_s15,phase2/results/predictions/full/clean_only/tcn/seed_101/bandpass_n20002_cV6_covariance_s15.npz,76401,3abe14824d04d11254651371b7494a6b1ddfc063252f4160d61038ace6547c7d
tcn,clean_only,101,bandpass_n20002_cV6_covariance_s10,phase2/results/predictions/full/clean_only/tcn/seed_101/bandpass_n20002_cV6_covariance_s10.npz,76363,36ed9fca1a2a46ebc328dcae42a852ff9d4a03c4d9205c5a7412e4c9d4c93113
tcn,clean_only,101,bandpass_n20002_cV6_covariance_s5,phase2/results/predictions/full/clean_only/tcn/seed_101/bandpass_n20002_cV6_covariance_s5.npz,76238,5cada5df72a12fa63b558614c14f476f144e3ac94effb58c706a266f1b1dc847
tcn,clean_only,101,bandpass_n20002_cV6_covariance_s0,phase2/results/predictions/full/clean_only/tcn/seed_101/bandpass_n20002_cV6_covariance_s0.npz,75940,97f5caeedfef6e4ffeb961e0b1cde34a2c1ef058a510205acdad7e9b9d9ead15
tcn,clean_only,101,bandpass_n20002_cRA_LA_independent_rms_s20,phase2/results/predictions/full/clean_only/tcn/seed_101/bandpass_n20002_cRA_LA_independent_rms_s20.npz,76380,a479cec524e9b0124dfff12df06f60845ab0838cf8a5cb2d33b418a8d3741b7b
tcn,clean_only,101,bandpass_n20002_cRA_LA_independent_rms_s15,phase2/results/predictions/full/clean_only/tcn/seed_101/bandpass_n20002_cRA_LA_independent_rms_s15.npz,76385,718a5bdc6eb976060db7cd876fb802bb8158245751954b48ca46d7cfb615bae8
tcn,clean_only,101,bandpass_n20002_cRA_LA_independent_rms_s10,phase2/results/predictions/full/clean_only/tcn/seed_101/bandpass_n20002_cRA_LA_independent_rms_s10.npz,76352,183ee4efa722377df0075e36b652e70c85398440f8976334938e45781f83a026
tcn,clean_only,101,bandpass_n20002_cRA_LA_independent_rms_s5,phase2/results/predictions/full/clean_only/tcn/seed_101/bandpass_n20002_cRA_LA_independent_rms_s5.npz,76124,5b4da0b5c529a85d62a50e628b6cb32ad5e7139d97aa64c8cee82e36982fd604
tcn,clean_only,101,bandpass_n20002_cRA_LA_independent_rms_s0,phase2/results/predictions/full/clean_only/tcn/seed_101/bandpass_n20002_cRA_LA_independent_rms_s0.npz,75738,1eb7bd55b1b0a7a84c49f9044a731ede42f9c6612e0fc5d6ad3c94f94bc8bbbf
tcn,clean_only,101,bandpass_n20002_cRA_LA_electrode_s20,phase2/results/predictions/full/clean_only/tcn/seed_101/bandpass_n20002_cRA_LA_electrode_s20.npz,76415,23dfcc61d24a43e6ce8957592ccf1a7cef80c05129304f63d65cc90ee5cd0b07
tcn,clean_only,101,bandpass_n20002_cRA_LA_electrode_s15,phase2/results/predictions/full/clean_only/tcn/seed_101/bandpass_n20002_cRA_LA_electrode_s15.npz,76380,53d60cf3f1cecdb653926770534a822cf2bc472b233e6688748f911867ed80c2
tcn,clean_only,101,bandpass_n20002_cRA_LA_electrode_s10,phase2/results/predictions/full/clean_only/tcn/seed_101/bandpass_n20002_cRA_LA_electrode_s10.npz,76230,5d72d9951f755a3912ddbe135944ff2feb2c13eacbd455077ef30846e2471f54
tcn,clean_only,101,bandpass_n20002_cRA_LA_electrode_s5,phase2/results/predictions/full/clean_only/tcn/seed_101/bandpass_n20002_cRA_LA_electrode_s5.npz,75977,03e917e754b44da8522ceaa2d1db60698ebd0d6fc75ae9e505ee53deaab727f0
tcn,clean_only,101,bandpass_n20002_cRA_LA_electrode_s0,phase2/results/predictions/full/clean_only/tcn/seed_101/bandpass_n20002_cRA_LA_electrode_s0.npz,75651,9bd51974e4f7b2055f572155ac25ed731e26060f7593b5c560be4f35716392ae
tcn,clean_only,101,bandpass_n20002_cRA_LA_covariance_s20,phase2/results/predictions/full/clean_only/tcn/seed_101/bandpass_n20002_cRA_LA_covariance_s20.npz,76375,e4749c02041892e93f3247e178ba87ff5129085dfc48f9b8d1fe95cb2a41b813
tcn,clean_only,101,bandpass_n20002_cRA_LA_covariance_s15,phase2/results/predictions/full/clean_only/tcn/seed_101/bandpass_n20002_cRA_LA_covariance_s15.npz,76365,9aea810e15db634883b33c6a375ed9a6c7fe535a4ac9e84cb6453946fefc2220
tcn,clean_only,101,bandpass_n20002_cRA_LA_covariance_s10,phase2/results/predictions/full/clean_only/tcn/seed_101/bandpass_n20002_cRA_LA_covariance_s10.npz,76235,0298c22c9f192e440f24642214b0d098d1a1a37ee8941f077d115c760ec085ca
tcn,clean_only,101,bandpass_n20002_cRA_LA_covariance_s5,phase2/results/predictions/full/clean_only/tcn/seed_101/bandpass_n20002_cRA_LA_covariance_s5.npz,76003,25893eb48c5c13efd2ee96996fade4f1dc14ddc1c9bcb9d18532f8348e76da94
tcn,clean_only,101,bandpass_n20002_cRA_LA_covariance_s0,phase2/results/predictions/full/clean_only/tcn/seed_101/bandpass_n20002_cRA_LA_covariance_s0.npz,75693,6251e215f69a216a07190d39016ac34e0b0d5c386ad5ab0a7a9d1760324fcbc3
tcn,clean_only,101,bandpass_n20002_cLA_LL_independent_rms_s20,phase2/results/predictions/full/clean_only/tcn/seed_101/bandpass_n20002_cLA_LL_independent_rms_s20.npz,76404,67d7df6d892657cd82b1d5ce2d8829b172226e8f9cd8b8520c89f925fc5b6910
tcn,clean_only,101,bandpass_n20002_cLA_LL_independent_rms_s15,phase2/results/predictions/full/clean_only/tcn/seed_101/bandpass_n20002_cLA_LL_independent_rms_s15.npz,76411,b08b78ccfdd340114defdac79e92ff904065fe2816a856416253ccecaf22d082
tcn,clean_only,101,bandpass_n20002_cLA_LL_independent_rms_s10,phase2/results/predictions/full/clean_only/tcn/seed_101/bandpass_n20002_cLA_LL_independent_rms_s10.npz,76334,bb12930f2847297e4f7eb3eb6af18dff21d71af613d921f0f524c5805684cf07
tcn,clean_only,101,bandpass_n20002_cLA_LL_independent_rms_s5,phase2/results/predictions/full/clean_only/tcn/seed_101/bandpass_n20002_cLA_LL_independent_rms_s5.npz,76144,4c13a34b88961df2d00b7786a33871be17f25d6d3a9134d839c67ccbe255dab5
tcn,clean_only,101,bandpass_n20002_cLA_LL_independent_rms_s0,phase2/results/predictions/full/clean_only/tcn/seed_101/bandpass_n20002_cLA_LL_independent_rms_s0.npz,75728,fe1201760bf2edd4d25a28fd0a0cdb3b5244bc69417d8b7e05f51d6b6349fdbb
tcn,clean_only,101,bandpass_n20002_cLA_LL_electrode_s20,phase2/results/predictions/full/clean_only/tcn/seed_101/bandpass_n20002_cLA_LL_electrode_s20.npz,76374,586b2f1aa60fee1d5e2458fc459b6184aef0d7189e6c2d898933b1be9e5dd841
tcn,clean_only,101,bandpass_n20002_cLA_LL_electrode_s15,phase2/results/predictions/full/clean_only/tcn/seed_101/bandpass_n20002_cLA_LL_electrode_s15.npz,76382,e2b58fc2f319412b6a9eb4c9a004e177f6eb2f03bd1adb604731d1dd1f48e291
tcn,clean_only,101,bandpass_n20002_cLA_LL_electrode_s10,phase2/results/predictions/full/clean_only/tcn/seed_101/bandpass_n20002_cLA_LL_electrode_s10.npz,76266,4a46eb8953c56d94fc5f19f85d4faf462ae03eb988199bdb4bc3025437f99d56
tcn,clean_only,101,bandpass_n20002_cLA_LL_electrode_s5,phase2/results/predictions/full/clean_only/tcn/seed_101/bandpass_n20002_cLA_LL_electrode_s5.npz,76004,0fba10eeec11d32df7ef090f42a6cfe1f6f46bab77bbfdac181886da64674a43
tcn,clean_only,101,bandpass_n20002_cLA_LL_electrode_s0,phase2/results/predictions/full/clean_only/tcn/seed_101/bandpass_n20002_cLA_LL_electrode_s0.npz,75881,3f53acdeb546ed80a6e67da1c296f5f00ba09e2eceaf16cbd0f761bce162d793
tcn,clean_only,101,bandpass_n20002_cLA_LL_covariance_s20,phase2/results/predictions/full/clean_only/tcn/seed_101/bandpass_n20002_cLA_LL_covariance_s20.npz,76389,f21db700fd292c547f8b86464f435792e796019c9d6b6bcb941ac1603ae5e647
tcn,clean_only,101,bandpass_n20002_cLA_LL_covariance_s15,phase2/results/predictions/full/clean_only/tcn/seed_101/bandpass_n20002_cLA_LL_covariance_s15.npz,76402,55b1e0035c944b5a26d1d88192eae51b56ed95e4c3dac64af6f91023bb3ad21c
tcn,clean_only,101,bandpass_n20002_cLA_LL_covariance_s10,phase2/results/predictions/full/clean_only/tcn/seed_101/bandpass_n20002_cLA_LL_covariance_s10.npz,76232,f906e7f11edad5623e19ffefb251f755cd9a3a8ab1b5c41af28933ad18b8250e
tcn,clean_only,101,bandpass_n20002_cLA_LL_covariance_s5,phase2/results/predictions/full/clean_only/tcn/seed_101/bandpass_n20002_cLA_LL_covariance_s5.npz,75952,789da4033f0caba66afbf88893970b1aba402027c0d83bb5a6a7bf6dfd1b49d2
tcn,clean_only,101,bandpass_n20002_cLA_LL_covariance_s0,phase2/results/predictions/full/clean_only/tcn/seed_101/bandpass_n20002_cLA_LL_covariance_s0.npz,75894,a2dc16ee726de889e3c9569294f80f5f591cf2d348665e5d5bae6e7ccad2b255
tcn,clean_only,101,bandpass_n20002_cRA_LL_independent_rms_s20,phase2/results/predictions/full/clean_only/tcn/seed_101/bandpass_n20002_cRA_LL_independent_rms_s20.npz,76423,7279192ee420dda9c814e00725f5ad2cb2760de899fd06b451d0fee8c692afd0
tcn,clean_only,101,bandpass_n20002_cRA_LL_independent_rms_s15,phase2/results/predictions/full/clean_only/tcn/seed_101/bandpass_n20002_cRA_LL_independent_rms_s15.npz,76423,8ab0bf988d36e77fe40a3ad974de88a28b4f476883909fd9d079743a5024dd26
tcn,clean_only,101,bandpass_n20002_cRA_LL_independent_rms_s10,phase2/results/predictions/full/clean_only/tcn/seed_101/bandpass_n20002_cRA_LL_independent_rms_s10.npz,76365,a218f4bc324cea8eeccd56639afdb919cce123e3a3469a5f8e2929309a9c4960
tcn,clean_only,101,bandpass_n20002_cRA_LL_independent_rms_s5,phase2/results/predictions/full/clean_only/tcn/seed_101/bandpass_n20002_cRA_LL_independent_rms_s5.npz,76172,297f895f95483551ab89f6937eae1154c55699c3e3f5692070c27699ab28ba0c
tcn,clean_only,101,bandpass_n20002_cRA_LL_independent_rms_s0,phase2/results/predictions/full/clean_only/tcn/seed_101/bandpass_n20002_cRA_LL_independent_rms_s0.npz,75748,d7725cfcf1847adffa04962f1b7699067eb83d8165e9e49fcc0e1d288fdc5fcc
tcn,clean_only,101,bandpass_n20002_cRA_LL_electrode_s20,phase2/results/predictions/full/clean_only/tcn/seed_101/bandpass_n20002_cRA_LL_electrode_s20.npz,76420,6551ee6e592c65331c4bd37a88f1b0de9e9f6a6e17834a5d0cc5ea011e268a04
tcn,clean_only,101,bandpass_n20002_cRA_LL_electrode_s15,phase2/results/predictions/full/clean_only/tcn/seed_101/bandpass_n20002_cRA_LL_electrode_s15.npz,76383,410eec687f2f9c42d01f7de7b961a8c54c84b04a68776760a10d7b6b3a33bb35
tcn,clean_only,101,bandpass_n20002_cRA_LL_electrode_s10,phase2/results/predictions/full/clean_only/tcn/seed_101/bandpass_n20002_cRA_LL_electrode_s10.npz,76235,9675e63dec6470040042a7aa03e746b83eafe6c9346405b1fbf3b037cbab8450
tcn,clean_only,101,bandpass_n20002_cRA_LL_electrode_s5,phase2/results/predictions/full/clean_only/tcn/seed_101/bandpass_n20002_cRA_LL_electrode_s5.npz,75962,b103544ca20042d024df50bfac8e922fbd52fadaf26b2f65a42ac9253fddf686
tcn,clean_only,101,bandpass_n20002_cRA_LL_electrode_s0,phase2/results/predictions/full/clean_only/tcn/seed_101/bandpass_n20002_cRA_LL_electrode_s0.npz,75675,6acbfa313e5faf8651563db1d6e842ea56955a903e0ee1f14d4d768f461dd107
tcn,clean_only,101,bandpass_n20002_cRA_LL_covariance_s20,phase2/results/predictions/full/clean_only/tcn/seed_101/bandpass_n20002_cRA_LL_covariance_s20.npz,76398,5d36d09838b8b21dd12b8777433fb5bb11c8ec0229c246004ed5199c843babb5
tcn,clean_only,101,bandpass_n20002_cRA_LL_covariance_s15,phase2/results/predictions/full/clean_only/tcn/seed_101/bandpass_n20002_cRA_LL_covariance_s15.npz,76370,8b8df3f7c90852debaeee7f97d0125865eeb94870a41e1c25c94ab677da2a807
tcn,clean_only,101,bandpass_n20002_cRA_LL_covariance_s10,phase2/results/predictions/full/clean_only/tcn/seed_101/bandpass_n20002_cRA_LL_covariance_s10.npz,76233,34e87f60b93ed3fae17aca39987002b440082ff20f7e04ec909f04aaca727de8
tcn,clean_only,101,bandpass_n20002_cRA_LL_covariance_s5,phase2/results/predictions/full/clean_only/tcn/seed_101/bandpass_n20002_cRA_LL_covariance_s5.npz,75923,2ee609d5a9c3493c24bbd07072af8acc53914d25b9cc0b293882aa5a2d739d99
tcn,clean_only,101,bandpass_n20002_cRA_LL_covariance_s0,phase2/results/predictions/full/clean_only/tcn/seed_101/bandpass_n20002_cRA_LL_covariance_s0.npz,75713,417f58edc6c9487842f4f20d58079b9fd292a1cd3ac72a15c9f49be61b08d78d
tcn,clean_only,101,bandpass_n20002_cRA_independent_rms_s20,phase2/results/predictions/full/clean_only/tcn/seed_101/bandpass_n20002_cRA_independent_rms_s20.npz,76392,eb38af9a1345c8125f2bb7ab17425c03dd6e9b3778050b3df8cf370280dc91dd
tcn,clean_only,101,bandpass_n20002_cRA_independent_rms_s15,phase2/results/predictions/full/clean_only/tcn/seed_101/bandpass_n20002_cRA_independent_rms_s15.npz,76393,4465ea93f3f63b195025ae755c00bfeae5c18d459db435f7ccefbbd839d8544c
tcn,clean_only,101,bandpass_n20002_cRA_independent_rms_s10,phase2/results/predictions/full/clean_only/tcn/seed_101/bandpass_n20002_cRA_independent_rms_s10.npz,76388,fed7daa484b6335ac587f4e812d8baa445dd735e22fb18312c2603701c839d6c
tcn,clean_only,101,bandpass_n20002_cRA_independent_rms_s5,phase2/results/predictions/full/clean_only/tcn/seed_101/bandpass_n20002_cRA_independent_rms_s5.npz,76184,0884b7acef21e64a533581f55848eb13b5a7aada13f67ff6ce5519d5299f9a44
tcn,clean_only,101,bandpass_n20002_cRA_independent_rms_s0,phase2/results/predictions/full/clean_only/tcn/seed_101/bandpass_n20002_cRA_independent_rms_s0.npz,75774,28e826ddf4fe0d3bf72cc02ebd1ea23aee4fd195bcd430330056ce39ef84688e
tcn,clean_only,101,bandpass_n20002_cRA_electrode_s20,phase2/results/predictions/full/clean_only/tcn/seed_101/bandpass_n20002_cRA_electrode_s20.npz,76347,74d6c50bf43411d29827cbbb285dc7a84ab030a6c94e0fc1c1cfa1ec63886c65
tcn,clean_only,101,bandpass_n20002_cRA_electrode_s15,phase2/results/predictions/full/clean_only/tcn/seed_101/bandpass_n20002_cRA_electrode_s15.npz,76322,46879e22bba5946e50d8cbdd9c9e6fd89cc1e6e4045a79e75acffda585f0472d
tcn,clean_only,101,bandpass_n20002_cRA_electrode_s10,phase2/results/predictions/full/clean_only/tcn/seed_101/bandpass_n20002_cRA_electrode_s10.npz,76219,566dab51a4a7c04fd9720dd1b88a1edba535f8878d4fa55479faefe68c78cdf1
tcn,clean_only,101,bandpass_n20002_cRA_electrode_s5,phase2/results/predictions/full/clean_only/tcn/seed_101/bandpass_n20002_cRA_electrode_s5.npz,75984,7115897e0151f1876d26d10e8b32970f4faebdf857c6a7c5660e764bc6c40a40
tcn,clean_only,101,bandpass_n20002_cRA_electrode_s0,phase2/results/predictions/full/clean_only/tcn/seed_101/bandpass_n20002_cRA_electrode_s0.npz,75644,1a6c8f3f0f5ad9c521e5ae46d0fe3d17d47b1c68f21b49db8538862d94919790
tcn,clean_only,101,bandpass_n20002_cRA_covariance_s20,phase2/results/predictions/full/clean_only/tcn/seed_101/bandpass_n20002_cRA_covariance_s20.npz,76375,7d19f05ca9aed6af41f62468e0a1bb68e64387ed6067404b7f645b854213c5b9
tcn,clean_only,101,bandpass_n20002_cRA_covariance_s15,phase2/results/predictions/full/clean_only/tcn/seed_101/bandpass_n20002_cRA_covariance_s15.npz,76355,4b474a04d6e2836c8e9fe30528c17759091298b01a482dcee07afa8df0bc0b9a
tcn,clean_only,101,bandpass_n20002_cRA_covariance_s10,phase2/results/predictions/full/clean_only/tcn/seed_101/bandpass_n20002_cRA_covariance_s10.npz,76266,79580432ba32bb37df679b956be3ae72b20a331214e31f1d756b461b60df769f
tcn,clean_only,101,bandpass_n20002_cRA_covariance_s5,phase2/results/predictions/full/clean_only/tcn/seed_101/bandpass_n20002_cRA_covariance_s5.npz,76016,034213cdf428d4dfcff69b096e8983ddd2d4a1d5937c869f30458714ffb39879
tcn,clean_only,101,bandpass_n20002_cRA_covariance_s0,phase2/results/predictions/full/clean_only/tcn/seed_101/bandpass_n20002_cRA_covariance_s0.npz,75631,40824a6caeaeb6e6960e0b30a7243cd251bb1526328d1d6339f760f7f0981fe5
tcn,clean_only,101,bandpass_n20002_cLA_independent_rms_s20,phase2/results/predictions/full/clean_only/tcn/seed_101/bandpass_n20002_cLA_independent_rms_s20.npz,76417,697efcd416268da0984ccabd2f807456fb83bc4c0726b24fdfe38df6770a4973
tcn,clean_only,101,bandpass_n20002_cLA_independent_rms_s15,phase2/results/predictions/full/clean_only/tcn/seed_101/bandpass_n20002_cLA_independent_rms_s15.npz,76414,d1b35c036f2aa44a96dc70c883e7d0fee705cbbb44058b03b55a61c360dc15e5
tcn,clean_only,101,bandpass_n20002_cLA_independent_rms_s10,phase2/results/predictions/full/clean_only/tcn/seed_101/bandpass_n20002_cLA_independent_rms_s10.npz,76371,42b4dce5cd0e49f3d83a89a239f2658c61748f4879a28c45a8726ddad1fb336c
tcn,clean_only,101,bandpass_n20002_cLA_independent_rms_s5,phase2/results/predictions/full/clean_only/tcn/seed_101/bandpass_n20002_cLA_independent_rms_s5.npz,76145,37dce8f419a51e0c87d1f87d47676916fb0ce9887d422caa5c2951a49e4b5cf1
tcn,clean_only,101,bandpass_n20002_cLA_independent_rms_s0,phase2/results/predictions/full/clean_only/tcn/seed_101/bandpass_n20002_cLA_independent_rms_s0.npz,75697,2c4f2dd96aae9c767a8e376007fa871ff577fa288176ab1651ec8e98ef980ae4
tcn,clean_only,101,bandpass_n20002_cLA_electrode_s20,phase2/results/predictions/full/clean_only/tcn/seed_101/bandpass_n20002_cLA_electrode_s20.npz,76370,95567c8d081745c5d42886780796b7bfba83392f2ff9a78789fbd3078443ecfb
tcn,clean_only,101,bandpass_n20002_cLA_electrode_s15,phase2/results/predictions/full/clean_only/tcn/seed_101/bandpass_n20002_cLA_electrode_s15.npz,76355,30cdfb382fb77930bb0c61ba44ec9eafe3dead7d70d3800cbad27715714f610f
tcn,clean_only,101,bandpass_n20002_cLA_electrode_s10,phase2/results/predictions/full/clean_only/tcn/seed_101/bandpass_n20002_cLA_electrode_s10.npz,76271,a09cea105166392bafa7d4995f9476c84df425afcaee2d89183bc953be0fe20c
tcn,clean_only,101,bandpass_n20002_cLA_electrode_s5,phase2/results/predictions/full/clean_only/tcn/seed_101/bandpass_n20002_cLA_electrode_s5.npz,75939,a22f27b200e1f962277e05aac8a85ecd044f3dbc9ad0ce24f15b154d27ef1037
tcn,clean_only,101,bandpass_n20002_cLA_electrode_s0,phase2/results/predictions/full/clean_only/tcn/seed_101/bandpass_n20002_cLA_electrode_s0.npz,75853,1478ac071285f870ac0c5bbc987843e6deda4ee7d071681b785f6933a87b6752
tcn,clean_only,101,bandpass_n20002_cLA_covariance_s20,phase2/results/predictions/full/clean_only/tcn/seed_101/bandpass_n20002_cLA_covariance_s20.npz,76383,df2b35422b3cee9abd6a69b5a578283a4c24c6d2e171da93c897c0eb2d3568af
tcn,clean_only,101,bandpass_n20002_cLA_covariance_s15,phase2/results/predictions/full/clean_only/tcn/seed_101/bandpass_n20002_cLA_covariance_s15.npz,76391,ec8ffd916419182fa8829418cd77e22cd3d7749239c1368a886642024233e25c
tcn,clean_only,101,bandpass_n20002_cLA_covariance_s10,phase2/results/predictions/full/clean_only/tcn/seed_101/bandpass_n20002_cLA_covariance_s10.npz,76262,12d03c1c14d69993a1073ad37718056c26df68273f97eb6dfa4aacf7df188a79
tcn,clean_only,101,bandpass_n20002_cLA_covariance_s5,phase2/results/predictions/full/clean_only/tcn/seed_101/bandpass_n20002_cLA_covariance_s5.npz,75936,302b4bf6b7055ccfb31cb66d8e67e53c4f2bb4d13aa1c3fae6e9d0ebf7cd6a4a
tcn,clean_only,101,bandpass_n20002_cLA_covariance_s0,phase2/results/predictions/full/clean_only/tcn/seed_101/bandpass_n20002_cLA_covariance_s0.npz,75837,c55c8700fc49347fe50835ec4e8de383000fe8de41b9be2b2bad259761a3f641
tcn,clean_only,101,bandpass_n20002_cLL_independent_rms_s20,phase2/results/predictions/full/clean_only/tcn/seed_101/bandpass_n20002_cLL_independent_rms_s20.npz,76402,d62e0e09e69afa888d30dfb347d63657705437c2c3b4ba058aaf1ab63b5585a8
tcn,clean_only,101,bandpass_n20002_cLL_independent_rms_s15,phase2/results/predictions/full/clean_only/tcn/seed_101/bandpass_n20002_cLL_independent_rms_s15.npz,76412,e699c0341ddd019e7b88a5baecf95ba8ec6c765b0c9fb29f3a10dea23dd6a731
tcn,clean_only,101,bandpass_n20002_cLL_independent_rms_s10,phase2/results/predictions/full/clean_only/tcn/seed_101/bandpass_n20002_cLL_independent_rms_s10.npz,76332,23ec8d437c26aff010c871290c7760a9483290d667ce529b6b7c2d3136ded2e5
tcn,clean_only,101,bandpass_n20002_cLL_independent_rms_s5,phase2/results/predictions/full/clean_only/tcn/seed_101/bandpass_n20002_cLL_independent_rms_s5.npz,76139,aed2e7f4c8d3e041ad6276ba0bb89f640a38a62b4d6bf84b8db5528f06e3ed7a
tcn,clean_only,101,bandpass_n20002_cLL_independent_rms_s0,phase2/results/predictions/full/clean_only/tcn/seed_101/bandpass_n20002_cLL_independent_rms_s0.npz,75757,e468dbd88d007ed6c7c20bdc72497809977ad3599174d94a2ca86cb337cf507e
tcn,clean_only,101,bandpass_n20002_cLL_electrode_s20,phase2/results/predictions/full/clean_only/tcn/seed_101/bandpass_n20002_cLL_electrode_s20.npz,76384,c073592ee97b21168b82c9fd41b928268cbe54a6a37ffc34fb8e742830f1a4fa
tcn,clean_only,101,bandpass_n20002_cLL_electrode_s15,phase2/results/predictions/full/clean_only/tcn/seed_101/bandpass_n20002_cLL_electrode_s15.npz,76372,95af275b133aacf61efce3e08502971fc723b82dcba8425a67702a20c60ff86c
tcn,clean_only,101,bandpass_n20002_cLL_electrode_s10,phase2/results/predictions/full/clean_only/tcn/seed_101/bandpass_n20002_cLL_electrode_s10.npz,76251,db1a2db740f23f7b57ac750ac777deda9aa92320832005fe2c50145f8411ee0a
tcn,clean_only,101,bandpass_n20002_cLL_electrode_s5,phase2/results/predictions/full/clean_only/tcn/seed_101/bandpass_n20002_cLL_electrode_s5.npz,75974,da4a6d56d5053cb1aaaeef65bc725f78dfc5a0493df4c26bb9361fede9b7131a
tcn,clean_only,101,bandpass_n20002_cLL_electrode_s0,phase2/results/predictions/full/clean_only/tcn/seed_101/bandpass_n20002_cLL_electrode_s0.npz,75827,f1236f9f14cc97b8b044f6978ab73abb1e344a2a5b320616ba394423b9bfa48c
tcn,clean_only,101,bandpass_n20002_cLL_covariance_s20,phase2/results/predictions/full/clean_only/tcn/seed_101/bandpass_n20002_cLL_covariance_s20.npz,76404,79222ef961a2d9ea0701e6a8860f2efa6a22603353518a94ed811a42eef2ca2a
tcn,clean_only,101,bandpass_n20002_cLL_covariance_s15,phase2/results/predictions/full/clean_only/tcn/seed_101/bandpass_n20002_cLL_covariance_s15.npz,76375,eb30844b08eac22c825d7d43695b07031ed1dd75b939f647cba9dd1bc9acde10
tcn,clean_only,101,bandpass_n20002_cLL_covariance_s10,phase2/results/predictions/full/clean_only/tcn/seed_101/bandpass_n20002_cLL_covariance_s10.npz,76247,3e9588d98b3d91e6f9a5fc1ef1df561283123f041464df5e8ff7a94aa22f639e
tcn,clean_only,101,bandpass_n20002_cLL_covariance_s5,phase2/results/predictions/full/clean_only/tcn/seed_101/bandpass_n20002_cLL_covariance_s5.npz,75963,3ab7d1849b1fbfdb5b55964f0549c0665484ed201b9c396f1ca95c6861a3d751
tcn,clean_only,101,bandpass_n20002_cLL_covariance_s0,phase2/results/predictions/full/clean_only/tcn/seed_101/bandpass_n20002_cLL_covariance_s0.npz,75779,a8edbba05d4c525f1f3b05fcca2512227e10c6fa7c5622fbd42970e5aec21339
tcn,clean_only,101,bandpass_n20002_cRA_V1_independent_rms_s20,phase2/results/predictions/full/clean_only/tcn/seed_101/bandpass_n20002_cRA_V1_independent_rms_s20.npz,76407,1e6c135363bacc0bb5b44f47289c9f949addc5b75d3c83e3a76a96e501e38876
tcn,clean_only,101,bandpass_n20002_cRA_V1_independent_rms_s15,phase2/results/predictions/full/clean_only/tcn/seed_101/bandpass_n20002_cRA_V1_independent_rms_s15.npz,76414,2a7cfde6ee72a80723dc98c851e2fa537ea0a6fa3825a32dfd66b2671bb4256e
tcn,clean_only,101,bandpass_n20002_cRA_V1_independent_rms_s10,phase2/results/predictions/full/clean_only/tcn/seed_101/bandpass_n20002_cRA_V1_independent_rms_s10.npz,76354,4964ab812784347d9019d1f68f115aa9d7168a0d0013ac57e0ea57f5d776d87d
tcn,clean_only,101,bandpass_n20002_cRA_V1_independent_rms_s5,phase2/results/predictions/full/clean_only/tcn/seed_101/bandpass_n20002_cRA_V1_independent_rms_s5.npz,76148,5604c232303677b02e6e93589b585320de4e60f771fdf863ef7fe726d3931f4e
tcn,clean_only,101,bandpass_n20002_cRA_V1_independent_rms_s0,phase2/results/predictions/full/clean_only/tcn/seed_101/bandpass_n20002_cRA_V1_independent_rms_s0.npz,75711,7ebb632122cff5c9c76e703542ec8f3f1980ca966029ac609f5f0dfaead5bec2
tcn,clean_only,101,bandpass_n20002_cRA_V1_electrode_s20,phase2/results/predictions/full/clean_only/tcn/seed_101/bandpass_n20002_cRA_V1_electrode_s20.npz,76424,f0ce4844e7bccffea15e64946735afd05f581b35a3727db46bc27390a324f06e
tcn,clean_only,101,bandpass_n20002_cRA_V1_electrode_s15,phase2/results/predictions/full/clean_only/tcn/seed_101/bandpass_n20002_cRA_V1_electrode_s15.npz,76350,09184130d90f79f241a1843ff5ee8192efcbf84cf213c5d3a356a3abd62558aa
tcn,clean_only,101,bandpass_n20002_cRA_V1_electrode_s10,phase2/results/predictions/full/clean_only/tcn/seed_101/bandpass_n20002_cRA_V1_electrode_s10.npz,76264,d8b455817c9c82ef2120117eee91513639a001fe126115595885401d9d1792f7
tcn,clean_only,101,bandpass_n20002_cRA_V1_electrode_s5,phase2/results/predictions/full/clean_only/tcn/seed_101/bandpass_n20002_cRA_V1_electrode_s5.npz,75974,4ba89be462463680ad6e74bfe38ffd14df45a48bae5fba36fe08e93406561729
tcn,clean_only,101,bandpass_n20002_cRA_V1_electrode_s0,phase2/results/predictions/full/clean_only/tcn/seed_101/bandpass_n20002_cRA_V1_electrode_s0.npz,75613,f664cbdb5bfa12666ee1bf854031f1207146e7adb458e6f650d4dd91d2d98b44
tcn,clean_only,101,bandpass_n20002_cRA_V1_covariance_s20,phase2/results/predictions/full/clean_only/tcn/seed_101/bandpass_n20002_cRA_V1_covariance_s20.npz,76393,6369bec86b8a3ab8bc04dda3ecda105c1ff6adc3bff8fd45e5ab3b5b94cf4b9f
tcn,clean_only,101,bandpass_n20002_cRA_V1_covariance_s15,phase2/results/predictions/full/clean_only/tcn/seed_101/bandpass_n20002_cRA_V1_covariance_s15.npz,76391,a9ff382689722c1657d04a042744072c32947a6093c6defec8e985c389db9c03
tcn,clean_only,101,bandpass_n20002_cRA_V1_covariance_s10,phase2/results/predictions/full/clean_only/tcn/seed_101/bandpass_n20002_cRA_V1_covariance_s10.npz,76253,7917ff2c0068349597d2c902ac15be568eea6827973fdf267ae909a34ded83eb
tcn,clean_only,101,bandpass_n20002_cRA_V1_covariance_s5,phase2/results/predictions/full/clean_only/tcn/seed_101/bandpass_n20002_cRA_V1_covariance_s5.npz,75960,beb64a0af6c273f1d39fc281e1be0cc8eb17b7817cae62a8c6030adc1d81188d
tcn,clean_only,101,bandpass_n20002_cRA_V1_covariance_s0,phase2/results/predictions/full/clean_only/tcn/seed_101/bandpass_n20002_cRA_V1_covariance_s0.npz,75595,18cea9170e71720fd07b9a9675177873e9082f60cca8a6eaf1a549fadff45ea3
tcn,clean_only,101,bandpass_n20002_cLA_V6_independent_rms_s20,phase2/results/predictions/full/clean_only/tcn/seed_101/bandpass_n20002_cLA_V6_independent_rms_s20.npz,76423,af3da9cf617d2e2c4155115f397c7172a336075730e741b7081ac887f177c186
tcn,clean_only,101,bandpass_n20002_cLA_V6_independent_rms_s15,phase2/results/predictions/full/clean_only/tcn/seed_101/bandpass_n20002_cLA_V6_independent_rms_s15.npz,76414,b56ef08ae930637977084c56f53ac5f606184cb5aea1f289502d9dcdd6414484
tcn,clean_only,101,bandpass_n20002_cLA_V6_independent_rms_s10,phase2/results/predictions/full/clean_only/tcn/seed_101/bandpass_n20002_cLA_V6_independent_rms_s10.npz,76378,ff2cabca440e7bb43998dbd8d315bb288fdd3f2475e0ab2234738a3ca2310478
tcn,clean_only,101,bandpass_n20002_cLA_V6_independent_rms_s5,phase2/results/predictions/full/clean_only/tcn/seed_101/bandpass_n20002_cLA_V6_independent_rms_s5.npz,76208,7c10f0cc790b822bf519154aa218c0260af2e1c070f87133dcf7b13d36018343
tcn,clean_only,101,bandpass_n20002_cLA_V6_independent_rms_s0,phase2/results/predictions/full/clean_only/tcn/seed_101/bandpass_n20002_cLA_V6_independent_rms_s0.npz,75760,a1d8ad65547f490f9c1fb512eaea9c9e83ce121aa0eb4b68d1dec69b8a48e52c
tcn,clean_only,101,bandpass_n20002_cLA_V6_electrode_s20,phase2/results/predictions/full/clean_only/tcn/seed_101/bandpass_n20002_cLA_V6_electrode_s20.npz,76403,c8131bb96754d47a59de6b26ec1f8986d18bfcebd00c4dd8b261e3ac232c538e
tcn,clean_only,101,bandpass_n20002_cLA_V6_electrode_s15,phase2/results/predictions/full/clean_only/tcn/seed_101/bandpass_n20002_cLA_V6_electrode_s15.npz,76368,6ed46b18ca07f35c570d18ed9f5b35183fcadf40dd9c36fe6efa1e1571679992
tcn,clean_only,101,bandpass_n20002_cLA_V6_electrode_s10,phase2/results/predictions/full/clean_only/tcn/seed_101/bandpass_n20002_cLA_V6_electrode_s10.npz,76259,2025b98081631f1a42f13800f976d2def846ad9083652e387e78c7b921a7bea8
tcn,clean_only,101,bandpass_n20002_cLA_V6_electrode_s5,phase2/results/predictions/full/clean_only/tcn/seed_101/bandpass_n20002_cLA_V6_electrode_s5.npz,75999,3d7764e96f6ad753c58aa54fb9b634030785539a34415a4fe05dfd22d4001d35
tcn,clean_only,101,bandpass_n20002_cLA_V6_electrode_s0,phase2/results/predictions/full/clean_only/tcn/seed_101/bandpass_n20002_cLA_V6_electrode_s0.npz,75810,120c2c32f5f7a0ba681e2aed4dd8b033515d56c017abc9207704b9ee223dc62e
tcn,clean_only,101,bandpass_n20002_cLA_V6_covariance_s20,phase2/results/predictions/full/clean_only/tcn/seed_101/bandpass_n20002_cLA_V6_covariance_s20.npz,76418,3dbe8738fe54e9ecee6df5a309317a22afd8894f3b814e1fb196805600d821cb
tcn,clean_only,101,bandpass_n20002_cLA_V6_covariance_s15,phase2/results/predictions/full/clean_only/tcn/seed_101/bandpass_n20002_cLA_V6_covariance_s15.npz,76414,08ca9816597dcae337c966b4966be6c7625d724b469793a022a2af56d95cd1a0
tcn,clean_only,101,bandpass_n20002_cLA_V6_covariance_s10,phase2/results/predictions/full/clean_only/tcn/seed_101/bandpass_n20002_cLA_V6_covariance_s10.npz,76259,deaf078be2ed25d291cfab984540bf01344f37819b8812fa7b3078f573dc5ace
tcn,clean_only,101,bandpass_n20002_cLA_V6_covariance_s5,phase2/results/predictions/full/clean_only/tcn/seed_101/bandpass_n20002_cLA_V6_covariance_s5.npz,76019,9cd80b1fcf8f124cabad5347aef10f8f2d53cd9761b1006dde6564424de0da65
tcn,clean_only,101,bandpass_n20002_cLA_V6_covariance_s0,phase2/results/predictions/full/clean_only/tcn/seed_101/bandpass_n20002_cLA_V6_covariance_s0.npz,75821,6acc627e20a6c86747273230c62be3c6010e25005f4e5eab1a05afc701fbb358
tcn,clean_only,101,bandpass_n20002_cLL_V4_independent_rms_s20,phase2/results/predictions/full/clean_only/tcn/seed_101/bandpass_n20002_cLL_V4_independent_rms_s20.npz,76430,14c0bc842766375b5d2c0e47024d2857dddd2c007e8d66b9a36958b8635eb40e
tcn,clean_only,101,bandpass_n20002_cLL_V4_independent_rms_s15,phase2/results/predictions/full/clean_only/tcn/seed_101/bandpass_n20002_cLL_V4_independent_rms_s15.npz,76407,bb7c23f32dc082dad2a482a4b0741ca4ff7df46e94f8887a57ec67f643750d9c
tcn,clean_only,101,bandpass_n20002_cLL_V4_independent_rms_s10,phase2/results/predictions/full/clean_only/tcn/seed_101/bandpass_n20002_cLL_V4_independent_rms_s10.npz,76351,84a6645780f50b050abcba10db24fad676a4ba4ccb5390a1a7d74e67401d76fc
tcn,clean_only,101,bandpass_n20002_cLL_V4_independent_rms_s5,phase2/results/predictions/full/clean_only/tcn/seed_101/bandpass_n20002_cLL_V4_independent_rms_s5.npz,76166,b29cb5a6b153c71993c0e8a7eb3e0bb94dee64f2b1dbaad57a4fe8c7c76abcc7
tcn,clean_only,101,bandpass_n20002_cLL_V4_independent_rms_s0,phase2/results/predictions/full/clean_only/tcn/seed_101/bandpass_n20002_cLL_V4_independent_rms_s0.npz,75736,2586f7403117e9884b1b44a560c82aba3c595eef75d912680c7f88fb4e1a8908
tcn,clean_only,101,bandpass_n20002_cLL_V4_electrode_s20,phase2/results/predictions/full/clean_only/tcn/seed_101/bandpass_n20002_cLL_V4_electrode_s20.npz,76412,05b35f219f1924b4043a27e5ea4516daaf73194bad59d450955855bcde6b9b5b
tcn,clean_only,101,bandpass_n20002_cLL_V4_electrode_s15,phase2/results/predictions/full/clean_only/tcn/seed_101/bandpass_n20002_cLL_V4_electrode_s15.npz,76394,b3c0678de1b4eba0a78371f4837e5ef6b368e847b90e813738e7c92c7a8ae915
tcn,clean_only,101,bandpass_n20002_cLL_V4_electrode_s10,phase2/results/predictions/full/clean_only/tcn/seed_101/bandpass_n20002_cLL_V4_electrode_s10.npz,76298,31ce095e470f7079e8ee9ef4d1919d95b71c58df80015a9333c46f939dbfe953
tcn,clean_only,101,bandpass_n20002_cLL_V4_electrode_s5,phase2/results/predictions/full/clean_only/tcn/seed_101/bandpass_n20002_cLL_V4_electrode_s5.npz,75993,2e725af080f69144b561ab74d07b9be45609d58c5ef60c4ac86c77f16df5f58a
tcn,clean_only,101,bandpass_n20002_cLL_V4_electrode_s0,phase2/results/predictions/full/clean_only/tcn/seed_101/bandpass_n20002_cLL_V4_electrode_s0.npz,75739,d92d43804e53871424387e447d4cd98f69100a07c6ff6d4580cad8a8e1fe931a
tcn,clean_only,101,bandpass_n20002_cLL_V4_covariance_s20,phase2/results/predictions/full/clean_only/tcn/seed_101/bandpass_n20002_cLL_V4_covariance_s20.npz,76393,b5fb9c0e16d587cc388ee771d08abb9f7277020ae9ba0d6590a348c9f33577bb
tcn,clean_only,101,bandpass_n20002_cLL_V4_covariance_s15,phase2/results/predictions/full/clean_only/tcn/seed_101/bandpass_n20002_cLL_V4_covariance_s15.npz,76409,da462c01c9eeb61a8cf52a19cef4e259e5fa5489245d80245cbd94874f0e6201
tcn,clean_only,101,bandpass_n20002_cLL_V4_covariance_s10,phase2/results/predictions/full/clean_only/tcn/seed_101/bandpass_n20002_cLL_V4_covariance_s10.npz,76286,2c68da2690e50ef191fe7232fd078f9b8915f517c9c39db89146fbfbb4435a7a
tcn,clean_only,101,bandpass_n20002_cLL_V4_covariance_s5,phase2/results/predictions/full/clean_only/tcn/seed_101/bandpass_n20002_cLL_V4_covariance_s5.npz,76014,e9d9631eb180a1c41ab08ac3168dea4dda1d5afd06b05d8eb1f5d85456cf97a1
tcn,clean_only,101,bandpass_n20002_cLL_V4_covariance_s0,phase2/results/predictions/full/clean_only/tcn/seed_101/bandpass_n20002_cLL_V4_covariance_s0.npz,75739,87e922f9f28d482181a9e0d080da2843e1c90905665d08e53b19d88bbb886d22
tcn,clean_only,101,bandpass_n20002_cRA_LA_V1_V6_independent_rms_s20,phase2/results/predictions/full/clean_only/tcn/seed_101/bandpass_n20002_cRA_LA_V1_V6_independent_rms_s20.npz,76461,b4243ac7132de9ed967380524045578739db7b0d25d75e02907a020641df12cc
tcn,clean_only,101,bandpass_n20002_cRA_LA_V1_V6_independent_rms_s15,phase2/results/predictions/full/clean_only/tcn/seed_101/bandpass_n20002_cRA_LA_V1_V6_independent_rms_s15.npz,76434,bea80c66acefb4998b81e641bee70c0278d0580dd9ffe52508fb21f43df63aac
tcn,clean_only,101,bandpass_n20002_cRA_LA_V1_V6_independent_rms_s10,phase2/results/predictions/full/clean_only/tcn/seed_101/bandpass_n20002_cRA_LA_V1_V6_independent_rms_s10.npz,76372,d972f4e5ebe72f369b8765b0d3d3757b49dd2f99877bae1a63c6e0863fe46fa1
tcn,clean_only,101,bandpass_n20002_cRA_LA_V1_V6_independent_rms_s5,phase2/results/predictions/full/clean_only/tcn/seed_101/bandpass_n20002_cRA_LA_V1_V6_independent_rms_s5.npz,76186,7ed5edf8d0e5e9fc0eb1a64da4ed1fefce7063e7bcb59f939a1225e9922068e3
tcn,clean_only,101,bandpass_n20002_cRA_LA_V1_V6_independent_rms_s0,phase2/results/predictions/full/clean_only/tcn/seed_101/bandpass_n20002_cRA_LA_V1_V6_independent_rms_s0.npz,75755,1881fd40e9b922b9d75b46c3cffa4ad0c1348497c42287bd75a1107e95905139
tcn,clean_only,101,bandpass_n20002_cRA_LA_V1_V6_electrode_s20,phase2/results/predictions/full/clean_only/tcn/seed_101/bandpass_n20002_cRA_LA_V1_V6_electrode_s20.npz,76423,c7f55042163daf97009e830e10297dd431fcbd74a48d13df5d0dc124ed246a8b
tcn,clean_only,101,bandpass_n20002_cRA_LA_V1_V6_electrode_s15,phase2/results/predictions/full/clean_only/tcn/seed_101/bandpass_n20002_cRA_LA_V1_V6_electrode_s15.npz,76386,d10bdb8c603deb4b38aa026dba873aabfcbba37fb39f8d63c3f4455f6fef482a
tcn,clean_only,101,bandpass_n20002_cRA_LA_V1_V6_electrode_s10,phase2/results/predictions/full/clean_only/tcn/seed_101/bandpass_n20002_cRA_LA_V1_V6_electrode_s10.npz,76274,02f0265c34f5a5a49d1246ea849627d105f12316ec7b8a305a9146b0da77b63c
tcn,clean_only,101,bandpass_n20002_cRA_LA_V1_V6_electrode_s5,phase2/results/predictions/full/clean_only/tcn/seed_101/bandpass_n20002_cRA_LA_V1_V6_electrode_s5.npz,76024,3e7e79e4de3bd0f48b2a9d643ebda4c3031ff956b6eec369a932cbb0bbcad2a3
tcn,clean_only,101,bandpass_n20002_cRA_LA_V1_V6_electrode_s0,phase2/results/predictions/full/clean_only/tcn/seed_101/bandpass_n20002_cRA_LA_V1_V6_electrode_s0.npz,75705,e5dbfa8678daec80009f4106d70172d471f24fd04dfaa7f082566652dcff69b2
tcn,clean_only,101,bandpass_n20002_cRA_LA_V1_V6_covariance_s20,phase2/results/predictions/full/clean_only/tcn/seed_101/bandpass_n20002_cRA_LA_V1_V6_covariance_s20.npz,76408,b93ce945539c1b4d3dbf2094508a991ddfd67ee4bd18254c5a1ff1d41cf981e8
tcn,clean_only,101,bandpass_n20002_cRA_LA_V1_V6_covariance_s15,phase2/results/predictions/full/clean_only/tcn/seed_101/bandpass_n20002_cRA_LA_V1_V6_covariance_s15.npz,76395,5be53267719da85404eb3d249d53ae8362b32cf77b370a62068b0f788ca84b66
tcn,clean_only,101,bandpass_n20002_cRA_LA_V1_V6_covariance_s10,phase2/results/predictions/full/clean_only/tcn/seed_101/bandpass_n20002_cRA_LA_V1_V6_covariance_s10.npz,76275,defcd1627f80a7b0091b5bd10ae3f49b870fdc698970cf417f5aef9a269fd6e1
tcn,clean_only,101,bandpass_n20002_cRA_LA_V1_V6_covariance_s5,phase2/results/predictions/full/clean_only/tcn/seed_101/bandpass_n20002_cRA_LA_V1_V6_covariance_s5.npz,75997,c97a3d70d4812d1cf2ce5fdd2b1515606cbb55e4b863ffe99cf4ca6e9bbee13e
tcn,clean_only,101,bandpass_n20002_cRA_LA_V1_V6_covariance_s0,phase2/results/predictions/full/clean_only/tcn/seed_101/bandpass_n20002_cRA_LA_V1_V6_covariance_s0.npz,75681,6a0ed250699d6583bd73845483cc92738a58d5938a29dc5a35e3fd4dfb3a44f9
tcn,clean_only,101,bandpass_n20002_cRA_V2_V5_independent_rms_s20,phase2/results/predictions/full/clean_only/tcn/seed_101/bandpass_n20002_cRA_V2_V5_independent_rms_s20.npz,76387,9f540f5b34359edd188522fb5666fea5b2c123e3c690595b685000d9558f152a
tcn,clean_only,101,bandpass_n20002_cRA_V2_V5_independent_rms_s15,phase2/results/predictions/full/clean_only/tcn/seed_101/bandpass_n20002_cRA_V2_V5_independent_rms_s15.npz,76377,0dd92af3da4b4a68e74f148fca46fff795b88b01f1ab6a91b992d06730b27273
tcn,clean_only,101,bandpass_n20002_cRA_V2_V5_independent_rms_s10,phase2/results/predictions/full/clean_only/tcn/seed_101/bandpass_n20002_cRA_V2_V5_independent_rms_s10.npz,76368,d621f5825e1cfc49287552a8d6e632dfe9045eb34460b5148af7bfddac244ab1
tcn,clean_only,101,bandpass_n20002_cRA_V2_V5_independent_rms_s5,phase2/results/predictions/full/clean_only/tcn/seed_101/bandpass_n20002_cRA_V2_V5_independent_rms_s5.npz,76185,008c7abad948b4407d9a5153510839064fbec9ca05df9c6e6945cb6bb0aad2bc
tcn,clean_only,101,bandpass_n20002_cRA_V2_V5_independent_rms_s0,phase2/results/predictions/full/clean_only/tcn/seed_101/bandpass_n20002_cRA_V2_V5_independent_rms_s0.npz,75756,f670b5bad533277d72e5ce7ea531865bd8128486a69ad58b4051566370040b72
tcn,clean_only,101,bandpass_n20002_cRA_V2_V5_electrode_s20,phase2/results/predictions/full/clean_only/tcn/seed_101/bandpass_n20002_cRA_V2_V5_electrode_s20.npz,76439,d61dc7db6ef681bb966fc41a1302f9206c494b798afd878cbba0dd7c37600d86
tcn,clean_only,101,bandpass_n20002_cRA_V2_V5_electrode_s15,phase2/results/predictions/full/clean_only/tcn/seed_101/bandpass_n20002_cRA_V2_V5_electrode_s15.npz,76393,11926376af48493a4815f6dc908d9c3c007f0f808424b743116b5f63cdb7f0f8
tcn,clean_only,101,bandpass_n20002_cRA_V2_V5_electrode_s10,phase2/results/predictions/full/clean_only/tcn/seed_101/bandpass_n20002_cRA_V2_V5_electrode_s10.npz,76286,07d75d3b274eff00c2611b804bd2a37c88d3b7f0e2611f4ed2f946afba29c653
tcn,clean_only,101,bandpass_n20002_cRA_V2_V5_electrode_s5,phase2/results/predictions/full/clean_only/tcn/seed_101/bandpass_n20002_cRA_V2_V5_electrode_s5.npz,76050,a7d3b3c0bb7c50ea1742d0da08c3428cc75883e0e501b891fa7a27fb5228833b
tcn,clean_only,101,bandpass_n20002_cRA_V2_V5_electrode_s0,phase2/results/predictions/full/clean_only/tcn/seed_101/bandpass_n20002_cRA_V2_V5_electrode_s0.npz,75628,a8ca541b90c98d97545879063a3b8ccac4f3eb22b415ab341515620a010646ba
tcn,clean_only,101,bandpass_n20002_cRA_V2_V5_covariance_s20,phase2/results/predictions/full/clean_only/tcn/seed_101/bandpass_n20002_cRA_V2_V5_covariance_s20.npz,76368,8f19769ae762aa073ffbc85fa8c4b5b4923e248482ca8c78eb68b0330f42494d
tcn,clean_only,101,bandpass_n20002_cRA_V2_V5_covariance_s15,phase2/results/predictions/full/clean_only/tcn/seed_101/bandpass_n20002_cRA_V2_V5_covariance_s15.npz,76400,33439ba17439129a196aabf7bb8048c537e29803944dfda97174e2e1d71a2aaf
tcn,clean_only,101,bandpass_n20002_cRA_V2_V5_covariance_s10,phase2/results/predictions/full/clean_only/tcn/seed_101/bandpass_n20002_cRA_V2_V5_covariance_s10.npz,76305,4c6630502cce34b07be3cd55646eb44dd6b0e847e4e068f1add758d80084d3ee
tcn,clean_only,101,bandpass_n20002_cRA_V2_V5_covariance_s5,phase2/results/predictions/full/clean_only/tcn/seed_101/bandpass_n20002_cRA_V2_V5_covariance_s5.npz,76060,ddd024ceac3ed4b8b4b7c48dcdbc1df9c03ad4eedcda881b41616b9057d7440c
tcn,clean_only,101,bandpass_n20002_cRA_V2_V5_covariance_s0,phase2/results/predictions/full/clean_only/tcn/seed_101/bandpass_n20002_cRA_V2_V5_covariance_s0.npz,75634,836d8c391241fb7dd6d5a24f2997ec5ade7ceeecc43f87cada112c44f115e03b
tcn,clean_only,101,bandpass_n20002_cLA_V3_V6_independent_rms_s20,phase2/results/predictions/full/clean_only/tcn/seed_101/bandpass_n20002_cLA_V3_V6_independent_rms_s20.npz,76436,9b02773747a0298b5483a69782bac039da61d08cc56218762b10fc7ad87d4385
tcn,clean_only,101,bandpass_n20002_cLA_V3_V6_independent_rms_s15,phase2/results/predictions/full/clean_only/tcn/seed_101/bandpass_n20002_cLA_V3_V6_independent_rms_s15.npz,76420,67cb346dfafbc2025f8bee86f3361bcaa23ab0ea393185c908ec9270a7e96478
tcn,clean_only,101,bandpass_n20002_cLA_V3_V6_independent_rms_s10,phase2/results/predictions/full/clean_only/tcn/seed_101/bandpass_n20002_cLA_V3_V6_independent_rms_s10.npz,76365,536235e8eb6f910d1992c17e280c73b79321a56bc98d02630975d510fe15a240
tcn,clean_only,101,bandpass_n20002_cLA_V3_V6_independent_rms_s5,phase2/results/predictions/full/clean_only/tcn/seed_101/bandpass_n20002_cLA_V3_V6_independent_rms_s5.npz,76185,90d0caaddbf955711f9fe897797bb9717802543c92a7c128d8eb318ad9aa3e9f
tcn,clean_only,101,bandpass_n20002_cLA_V3_V6_independent_rms_s0,phase2/results/predictions/full/clean_only/tcn/seed_101/bandpass_n20002_cLA_V3_V6_independent_rms_s0.npz,75764,7a49e05df22d7dc7137b14493556fead3b243a89365a4ef3d9a1fd72e7ddef30
tcn,clean_only,101,bandpass_n20002_cLA_V3_V6_electrode_s20,phase2/results/predictions/full/clean_only/tcn/seed_101/bandpass_n20002_cLA_V3_V6_electrode_s20.npz,76404,841ebdfbf38b74346807cc2cbed9c16a23ddbc8310412c55003d241d061fc9a0
tcn,clean_only,101,bandpass_n20002_cLA_V3_V6_electrode_s15,phase2/results/predictions/full/clean_only/tcn/seed_101/bandpass_n20002_cLA_V3_V6_electrode_s15.npz,76405,8c92293eec2a2ee0da7710a221fa61ec490ec8c810d83a49cc7f2604a9405524
tcn,clean_only,101,bandpass_n20002_cLA_V3_V6_electrode_s10,phase2/results/predictions/full/clean_only/tcn/seed_101/bandpass_n20002_cLA_V3_V6_electrode_s10.npz,76302,5327418bcd1677f0c90b13cef0f65eb46167b48f66de6f8c53868df5afcc78ed
tcn,clean_only,101,bandpass_n20002_cLA_V3_V6_electrode_s5,phase2/results/predictions/full/clean_only/tcn/seed_101/bandpass_n20002_cLA_V3_V6_electrode_s5.npz,76018,03d758e69280ee647f14e08c18df959371749814bd903f79bb403ad3910e0268
tcn,clean_only,101,bandpass_n20002_cLA_V3_V6_electrode_s0,phase2/results/predictions/full/clean_only/tcn/seed_101/bandpass_n20002_cLA_V3_V6_electrode_s0.npz,75762,f5b89bc5c2ea56600ae59d659f1aa4d4f0de7221b248c17b8a954ad3f622ebfb
tcn,clean_only,101,bandpass_n20002_cLA_V3_V6_covariance_s20,phase2/results/predictions/full/clean_only/tcn/seed_101/bandpass_n20002_cLA_V3_V6_covariance_s20.npz,76396,6d26f2e452c081f888b499e2c7af3500eaa6cc357080129c321de3ebe6a7edb1
tcn,clean_only,101,bandpass_n20002_cLA_V3_V6_covariance_s15,phase2/results/predictions/full/clean_only/tcn/seed_101/bandpass_n20002_cLA_V3_V6_covariance_s15.npz,76399,3b9ba322cff977cc6304d68e9a7356182625c25cd5984a6423f86deb4f35e496
tcn,clean_only,101,bandpass_n20002_cLA_V3_V6_covariance_s10,phase2/results/predictions/full/clean_only/tcn/seed_101/bandpass_n20002_cLA_V3_V6_covariance_s10.npz,76303,f63b5f0c2e257845aa5f05590156b5bd96746fce25c7634cbf3a1f9deaf14924
tcn,clean_only,101,bandpass_n20002_cLA_V3_V6_covariance_s5,phase2/results/predictions/full/clean_only/tcn/seed_101/bandpass_n20002_cLA_V3_V6_covariance_s5.npz,76032,6c7be60f1f32c81e566c5b2a1fd70e2bbc5c052643d00772aed495c2789f63bc
tcn,clean_only,101,bandpass_n20002_cLA_V3_V6_covariance_s0,phase2/results/predictions/full/clean_only/tcn/seed_101/bandpass_n20002_cLA_V3_V6_covariance_s0.npz,75800,82862042618e5c2b50cae26ee4540be2ca76e7006e70a92359400f2c69b569d5
tcn,clean_only,101,bandpass_n20002_cLL_V1_V4_independent_rms_s20,phase2/results/predictions/full/clean_only/tcn/seed_101/bandpass_n20002_cLL_V1_V4_independent_rms_s20.npz,76390,ba9e5ece738c41cc77ee0c3c2c8f84d7b03ab5e5eb403cfec1dde6a53fc31b92
tcn,clean_only,101,bandpass_n20002_cLL_V1_V4_independent_rms_s15,phase2/results/predictions/full/clean_only/tcn/seed_101/bandpass_n20002_cLL_V1_V4_independent_rms_s15.npz,76422,60ca0c0d843f71f9c0c648cb110c77caa8fa24a953b4015baf0f022234605eb7
tcn,clean_only,101,bandpass_n20002_cLL_V1_V4_independent_rms_s10,phase2/results/predictions/full/clean_only/tcn/seed_101/bandpass_n20002_cLL_V1_V4_independent_rms_s10.npz,76387,6911f8430740ba31ba779209b3a934247e4d6ce36be62269def86542b111d4c0
tcn,clean_only,101,bandpass_n20002_cLL_V1_V4_independent_rms_s5,phase2/results/predictions/full/clean_only/tcn/seed_101/bandpass_n20002_cLL_V1_V4_independent_rms_s5.npz,76160,0698fa12db6fd16e32e7fce84f848cf8b77d76d32c6fb819ea92c80b889bf699
tcn,clean_only,101,bandpass_n20002_cLL_V1_V4_independent_rms_s0,phase2/results/predictions/full/clean_only/tcn/seed_101/bandpass_n20002_cLL_V1_V4_independent_rms_s0.npz,75739,64a6e4e9a0f2d96197d2b88b466e3bf297bd034f54dae150ba6b8bbc76b9c9e5
tcn,clean_only,101,bandpass_n20002_cLL_V1_V4_electrode_s20,phase2/results/predictions/full/clean_only/tcn/seed_101/bandpass_n20002_cLL_V1_V4_electrode_s20.npz,76412,aa28f11c44a4944ebef4dc1c686a08e627d1cd2fae320f9a73a829aac172402b
tcn,clean_only,101,bandpass_n20002_cLL_V1_V4_electrode_s15,phase2/results/predictions/full/clean_only/tcn/seed_101/bandpass_n20002_cLL_V1_V4_electrode_s15.npz,76360,903b829114e73d54c13aba547944b311ab4e796cc1dcbd3e1c53957d4a5f2105
tcn,clean_only,101,bandpass_n20002_cLL_V1_V4_electrode_s10,phase2/results/predictions/full/clean_only/tcn/seed_101/bandpass_n20002_cLL_V1_V4_electrode_s10.npz,76263,97fe35555d2fdb10fea343b1569db40398806bab82e31ae707d10039eb7298c0
tcn,clean_only,101,bandpass_n20002_cLL_V1_V4_electrode_s5,phase2/results/predictions/full/clean_only/tcn/seed_101/bandpass_n20002_cLL_V1_V4_electrode_s5.npz,76016,03f2401c38025183da320e4dad991a91498b5aade9f2688e7be53ea97997d75d
tcn,clean_only,101,bandpass_n20002_cLL_V1_V4_electrode_s0,phase2/results/predictions/full/clean_only/tcn/seed_101/bandpass_n20002_cLL_V1_V4_electrode_s0.npz,75811,5167ec9d7efd766433504b9cd215201642f79c6e56d39c64d53779e549ffb367
tcn,clean_only,101,bandpass_n20002_cLL_V1_V4_covariance_s20,phase2/results/predictions/full/clean_only/tcn/seed_101/bandpass_n20002_cLL_V1_V4_covariance_s20.npz,76391,7879bc5001f4c4e03b123906b16d1f0d8475593b6ecac74517280b97194ed294
tcn,clean_only,101,bandpass_n20002_cLL_V1_V4_covariance_s15,phase2/results/predictions/full/clean_only/tcn/seed_101/bandpass_n20002_cLL_V1_V4_covariance_s15.npz,76407,bfb905dc69d8b888eb48aa8aec9ab8cb6f7ed4a2470e781b19d1d06d97c8d8fd
tcn,clean_only,101,bandpass_n20002_cLL_V1_V4_covariance_s10,phase2/results/predictions/full/clean_only/tcn/seed_101/bandpass_n20002_cLL_V1_V4_covariance_s10.npz,76262,a1fa2468e73e325b0fd6c37699c2b03f98013304df8fe759c593a4d1e18c1596
tcn,clean_only,101,bandpass_n20002_cLL_V1_V4_covariance_s5,phase2/results/predictions/full/clean_only/tcn/seed_101/bandpass_n20002_cLL_V1_V4_covariance_s5.npz,76029,56e95f203bc1defbd6cbe6430ce38b1e1c1af024ed3a876a3ccb67e1ae230021
tcn,clean_only,101,bandpass_n20002_cLL_V1_V4_covariance_s0,phase2/results/predictions/full/clean_only/tcn/seed_101/bandpass_n20002_cLL_V1_V4_covariance_s0.npz,75771,63ab21e1b4e97c3e0fb7378257c6762addeee05968370d79d4bc54c7ad1a137a
tcn,clean_only,101,bandpass_n20002_call_independent_rms_s20,phase2/results/predictions/full/clean_only/tcn/seed_101/bandpass_n20002_call_independent_rms_s20.npz,76415,7dbe442d25de91cafc7fa6af3d28226c8b4f3af4de99c254cf0a5a41ea3bf7d5
tcn,clean_only,101,bandpass_n20002_call_independent_rms_s15,phase2/results/predictions/full/clean_only/tcn/seed_101/bandpass_n20002_call_independent_rms_s15.npz,76403,6b350e4d4903ac323908bff8d1529f36aaf69a935e8ef6d1e693b7b6cfca78db
tcn,clean_only,101,bandpass_n20002_call_independent_rms_s10,phase2/results/predictions/full/clean_only/tcn/seed_101/bandpass_n20002_call_independent_rms_s10.npz,76356,3339feb4f0be04b6348065743e44146bf15d2fc338928fb7adc7c1a92d2103c8
tcn,clean_only,101,bandpass_n20002_call_independent_rms_s5,phase2/results/predictions/full/clean_only/tcn/seed_101/bandpass_n20002_call_independent_rms_s5.npz,76141,63bd642ac3fd8095a5d1bbc9e8d888223a6b711dc142ba750f993bc8813cfd2a
tcn,clean_only,101,bandpass_n20002_call_independent_rms_s0,phase2/results/predictions/full/clean_only/tcn/seed_101/bandpass_n20002_call_independent_rms_s0.npz,75716,624c219eb6bc3fac55346f884511d6f6bd745e91528ffb7528c701530809a0b8
tcn,clean_only,101,bandpass_n20002_call_electrode_s20,phase2/results/predictions/full/clean_only/tcn/seed_101/bandpass_n20002_call_electrode_s20.npz,76394,b53630ece526e763dea641b21f6741148b388b63b99506278ce11030c85e0b00
tcn,clean_only,101,bandpass_n20002_call_electrode_s15,phase2/results/predictions/full/clean_only/tcn/seed_101/bandpass_n20002_call_electrode_s15.npz,76392,8b6d99c08610840c5438a40d7b16e17145ee643294657f5fecbf2790ee8923e6
tcn,clean_only,101,bandpass_n20002_call_electrode_s10,phase2/results/predictions/full/clean_only/tcn/seed_101/bandpass_n20002_call_electrode_s10.npz,76257,774fa948148eedb1aff64a512f91cb9d2f9565a348644385c571adcea0e96ebc
tcn,clean_only,101,bandpass_n20002_call_electrode_s5,phase2/results/predictions/full/clean_only/tcn/seed_101/bandpass_n20002_call_electrode_s5.npz,75970,610e39d51b3c2293f4353ff49bff825a8d19e2f980709ce6bc2e193c44d8851b
tcn,clean_only,101,bandpass_n20002_call_electrode_s0,phase2/results/predictions/full/clean_only/tcn/seed_101/bandpass_n20002_call_electrode_s0.npz,75693,029ad4e663fad200408b92b494c5aa4a5ba6e331b675abe7c96a73ad1140f2ca
tcn,clean_only,101,bandpass_n20002_call_covariance_s20,phase2/results/predictions/full/clean_only/tcn/seed_101/bandpass_n20002_call_covariance_s20.npz,76393,264bd101b775aa62c67703da9d7b6b3827571ffbcbfb46cae425e3d9e0f6c8b0
tcn,clean_only,101,bandpass_n20002_call_covariance_s15,phase2/results/predictions/full/clean_only/tcn/seed_101/bandpass_n20002_call_covariance_s15.npz,76347,0af070a7bdb7f2d20468c223762d45e4caeb42faf20d12ceb8ae5fa15b8f858c
tcn,clean_only,101,bandpass_n20002_call_covariance_s10,phase2/results/predictions/full/clean_only/tcn/seed_101/bandpass_n20002_call_covariance_s10.npz,76254,5ed88e77b038b7abe44cf48cc928a7b32d7be347c6fe71b07dbff4c6faa6de02
tcn,clean_only,101,bandpass_n20002_call_covariance_s5,phase2/results/predictions/full/clean_only/tcn/seed_101/bandpass_n20002_call_covariance_s5.npz,75968,66d51069ca2953f3580310b7ddca1721126f596acada302f108341690910345f
tcn,clean_only,101,bandpass_n20002_call_covariance_s0,phase2/results/predictions/full/clean_only/tcn/seed_101/bandpass_n20002_call_covariance_s0.npz,75709,05de7a15fb9ca5d848e41042e7e6781398ed2ae893315748a1b2a4b85c54ae94
tcn,clean_only,101,bandpass_n20003_cRA_LA_LL_independent_rms_s20,phase2/results/predictions/full/clean_only/tcn/seed_101/bandpass_n20003_cRA_LA_LL_independent_rms_s20.npz,76428,e39c18d1ebb9e3e8ed949dcca92c1089128acf4ec561df14d77a1b6b4a9feb08
tcn,clean_only,101,bandpass_n20003_cRA_LA_LL_independent_rms_s15,phase2/results/predictions/full/clean_only/tcn/seed_101/bandpass_n20003_cRA_LA_LL_independent_rms_s15.npz,76386,bf5a7905c2bc0460294a0fd1216ac3955ae684a85759b5b754ee9a5dda9a2846
tcn,clean_only,101,bandpass_n20003_cRA_LA_LL_independent_rms_s10,phase2/results/predictions/full/clean_only/tcn/seed_101/bandpass_n20003_cRA_LA_LL_independent_rms_s10.npz,76345,e22981b70c1be32a2d108c46e1966cbf81d8eb7351d75f64a8235088397db517
tcn,clean_only,101,bandpass_n20003_cRA_LA_LL_independent_rms_s5,phase2/results/predictions/full/clean_only/tcn/seed_101/bandpass_n20003_cRA_LA_LL_independent_rms_s5.npz,76165,7f4dca725e557faae2c0fd9b620db82d59baa4c3dab89459eb894069e4592882
tcn,clean_only,101,bandpass_n20003_cRA_LA_LL_independent_rms_s0,phase2/results/predictions/full/clean_only/tcn/seed_101/bandpass_n20003_cRA_LA_LL_independent_rms_s0.npz,75736,c6b295401a8da80226175c346cda5e0f18f97d05ad920a077b2831f7b73f32cc
tcn,clean_only,101,bandpass_n20003_cRA_LA_LL_electrode_s20,phase2/results/predictions/full/clean_only/tcn/seed_101/bandpass_n20003_cRA_LA_LL_electrode_s20.npz,76379,c58de05da87e3e06efda32419b8bdf56e893adcdceecebcb8e05dc3e1fc64e52
tcn,clean_only,101,bandpass_n20003_cRA_LA_LL_electrode_s15,phase2/results/predictions/full/clean_only/tcn/seed_101/bandpass_n20003_cRA_LA_LL_electrode_s15.npz,76391,cbc2e69493b2cd9f5c1fdf29a17bfd411709b99cc32556a6342b2ee93d20242a
tcn,clean_only,101,bandpass_n20003_cRA_LA_LL_electrode_s10,phase2/results/predictions/full/clean_only/tcn/seed_101/bandpass_n20003_cRA_LA_LL_electrode_s10.npz,76232,acff5713694504ed71a6074f857b15c613f4a8db07b07353f424ad44bb1f3284
tcn,clean_only,101,bandpass_n20003_cRA_LA_LL_electrode_s5,phase2/results/predictions/full/clean_only/tcn/seed_101/bandpass_n20003_cRA_LA_LL_electrode_s5.npz,75928,3489ac8f8889e6cda16c5f55ae1870b3e2ac9912ee99ff136abba74cd0846d87
tcn,clean_only,101,bandpass_n20003_cRA_LA_LL_electrode_s0,phase2/results/predictions/full/clean_only/tcn/seed_101/bandpass_n20003_cRA_LA_LL_electrode_s0.npz,75746,ea32eb6473fd7fee4405ec4ad30d9faada16c54cf94fdaae80c80fc55e9bc78c
tcn,clean_only,101,bandpass_n20003_cRA_LA_LL_covariance_s20,phase2/results/predictions/full/clean_only/tcn/seed_101/bandpass_n20003_cRA_LA_LL_covariance_s20.npz,76418,7b9641ace452d9a81b9bffc3b6d278dfced364f7d6826a539c4ff963064585ad
tcn,clean_only,101,bandpass_n20003_cRA_LA_LL_covariance_s15,phase2/results/predictions/full/clean_only/tcn/seed_101/bandpass_n20003_cRA_LA_LL_covariance_s15.npz,76366,7167c8c3cd483c99ebd059e47d9586a110b716b46da190aa93b49a604afc814c
tcn,clean_only,101,bandpass_n20003_cRA_LA_LL_covariance_s10,phase2/results/predictions/full/clean_only/tcn/seed_101/bandpass_n20003_cRA_LA_LL_covariance_s10.npz,76235,9f44ccba4614f22985de9ba4ce1553f2832538bb1cda1748b05ee1f12b4707be
tcn,clean_only,101,bandpass_n20003_cRA_LA_LL_covariance_s5,phase2/results/predictions/full/clean_only/tcn/seed_101/bandpass_n20003_cRA_LA_LL_covariance_s5.npz,75960,2251864ff1eae03b5208b5e6def6c14ef31e861cad2781ba3fe1d0ea82bf6c94
tcn,clean_only,101,bandpass_n20003_cRA_LA_LL_covariance_s0,phase2/results/predictions/full/clean_only/tcn/seed_101/bandpass_n20003_cRA_LA_LL_covariance_s0.npz,75745,3f98e3c183de97a29fd780276d8074adc23400c7cdc1fd7d3884cd518d09e132
tcn,clean_only,101,bandpass_n20003_cV1_independent_rms_s20,phase2/results/predictions/full/clean_only/tcn/seed_101/bandpass_n20003_cV1_independent_rms_s20.npz,76386,c4e9d5d98119d5d5beb6b36d7c83cc292be5b2a5ebe175e21c91f4c53cc10b23
tcn,clean_only,101,bandpass_n20003_cV1_independent_rms_s15,phase2/results/predictions/full/clean_only/tcn/seed_101/bandpass_n20003_cV1_independent_rms_s15.npz,76397,75377c8e2d11c64c2c2902a16cbcb74ea71d13df586631345208a2b23c019c8a
tcn,clean_only,101,bandpass_n20003_cV1_independent_rms_s10,phase2/results/predictions/full/clean_only/tcn/seed_101/bandpass_n20003_cV1_independent_rms_s10.npz,76255,8d3fdbb2cbba9f2aa8d213f6822133abf2c407eaf3671c4792ae6337c861bcef
tcn,clean_only,101,bandpass_n20003_cV1_independent_rms_s5,phase2/results/predictions/full/clean_only/tcn/seed_101/bandpass_n20003_cV1_independent_rms_s5.npz,76005,7b1ea417808a7ec788fd16781444995375a5635ee136956286255b173529ed54
tcn,clean_only,101,bandpass_n20003_cV1_independent_rms_s0,phase2/results/predictions/full/clean_only/tcn/seed_101/bandpass_n20003_cV1_independent_rms_s0.npz,75818,9ee74921743e83828528a332e4051b991055ba150a5fedf4b43013cf57f5f826
tcn,clean_only,101,bandpass_n20003_cV1_electrode_s20,phase2/results/predictions/full/clean_only/tcn/seed_101/bandpass_n20003_cV1_electrode_s20.npz,76395,ae1c2b4bc2b878bd5ff6db6b17e1154735b78fa0dca3f0e3153383ef6f0b8b56
tcn,clean_only,101,bandpass_n20003_cV1_electrode_s15,phase2/results/predictions/full/clean_only/tcn/seed_101/bandpass_n20003_cV1_electrode_s15.npz,76364,ea154030dd2abe29d2a582ae91011ae20eabc12ca7e0046c99f248a7f65ba567
tcn,clean_only,101,bandpass_n20003_cV1_electrode_s10,phase2/results/predictions/full/clean_only/tcn/seed_101/bandpass_n20003_cV1_electrode_s10.npz,76255,5ab4f7973409ff331c642f6b8f6f559178d419c65a51e0ae74898bb0e3975cc0
tcn,clean_only,101,bandpass_n20003_cV1_electrode_s5,phase2/results/predictions/full/clean_only/tcn/seed_101/bandpass_n20003_cV1_electrode_s5.npz,75999,078b6579790b09ef00292a7afd713fff1bc70bc162ebd2ebe725d8e296414cb4
tcn,clean_only,101,bandpass_n20003_cV1_electrode_s0,phase2/results/predictions/full/clean_only/tcn/seed_101/bandpass_n20003_cV1_electrode_s0.npz,75787,3b5f7dbe61ddedb139f899942f5905afc52c7b30e6e03d51f6954d7620655834
tcn,clean_only,101,bandpass_n20003_cV1_covariance_s20,phase2/results/predictions/full/clean_only/tcn/seed_101/bandpass_n20003_cV1_covariance_s20.npz,76382,e7fe8baeb69f7f8ac7944d043e898a348cb6c32f8b0f1a901544e6df01cb7ee0
tcn,clean_only,101,bandpass_n20003_cV1_covariance_s15,phase2/results/predictions/full/clean_only/tcn/seed_101/bandpass_n20003_cV1_covariance_s15.npz,76377,edc5ead65751adfa9a41a2999ef80d15d04897c9d16b8c10643720d553d4f08e
tcn,clean_only,101,bandpass_n20003_cV1_covariance_s10,phase2/results/predictions/full/clean_only/tcn/seed_101/bandpass_n20003_cV1_covariance_s10.npz,76248,44d9a453bf1bf85877baafaa25ff059c3cb199d56189cc96b2327ebd730f56e5
tcn,clean_only,101,bandpass_n20003_cV1_covariance_s5,phase2/results/predictions/full/clean_only/tcn/seed_101/bandpass_n20003_cV1_covariance_s5.npz,76008,4c96d8ffd31b4fcc061b3f9cee460b2af389b46b232e2e7ed3212dfe0af3abd3
tcn,clean_only,101,bandpass_n20003_cV1_covariance_s0,phase2/results/predictions/full/clean_only/tcn/seed_101/bandpass_n20003_cV1_covariance_s0.npz,75784,07cb0d707a24973c7aaaa11d4fcdf68cc6801897212a2ffe7c148b4890946290
tcn,clean_only,101,bandpass_n20003_cV2_independent_rms_s20,phase2/results/predictions/full/clean_only/tcn/seed_101/bandpass_n20003_cV2_independent_rms_s20.npz,76409,0756bbfdef0e7b53338a07dbb3e5cd41ded8c1eb2e16f19468636b270028511d
tcn,clean_only,101,bandpass_n20003_cV2_independent_rms_s15,phase2/results/predictions/full/clean_only/tcn/seed_101/bandpass_n20003_cV2_independent_rms_s15.npz,76365,3b3421f67c11cac84ccd689bfe1e4d51872f696ae514529a78d31457c6286b13
tcn,clean_only,101,bandpass_n20003_cV2_independent_rms_s10,phase2/results/predictions/full/clean_only/tcn/seed_101/bandpass_n20003_cV2_independent_rms_s10.npz,76352,e928c5c795374124d563620c88d1b77e216ee37086ef235ae461556fa41ef1fe
tcn,clean_only,101,bandpass_n20003_cV2_independent_rms_s5,phase2/results/predictions/full/clean_only/tcn/seed_101/bandpass_n20003_cV2_independent_rms_s5.npz,76188,987ef8a74031105db1250dd6aabf0c614a0847d85b992014e01727ec00203d6d
tcn,clean_only,101,bandpass_n20003_cV2_independent_rms_s0,phase2/results/predictions/full/clean_only/tcn/seed_101/bandpass_n20003_cV2_independent_rms_s0.npz,75878,1b6cec49c49af2098e47c3ebc9a0ce7dbbc143f557ffae8d75aaa084aa744799
tcn,clean_only,101,bandpass_n20003_cV2_electrode_s20,phase2/results/predictions/full/clean_only/tcn/seed_101/bandpass_n20003_cV2_electrode_s20.npz,76394,9cd92b7a3ae54132a5e49de6c6f08a80c41088a1f398054469ed9a96a71a4f08
tcn,clean_only,101,bandpass_n20003_cV2_electrode_s15,phase2/results/predictions/full/clean_only/tcn/seed_101/bandpass_n20003_cV2_electrode_s15.npz,76370,b1bc49fb6152e7249bbb322aca9e302b085a22f2422ffc8c13be80907f9cc14b
tcn,clean_only,101,bandpass_n20003_cV2_electrode_s10,phase2/results/predictions/full/clean_only/tcn/seed_101/bandpass_n20003_cV2_electrode_s10.npz,76317,16e409c533db943c557e2f18eeb54412e59b9237b15968397b5792ec6fe2fe2d
tcn,clean_only,101,bandpass_n20003_cV2_electrode_s5,phase2/results/predictions/full/clean_only/tcn/seed_101/bandpass_n20003_cV2_electrode_s5.npz,76146,b40250e8b738d8298665a961c516d06f099545d3be9ebab2af0a1aa4dcaec02e
tcn,clean_only,101,bandpass_n20003_cV2_electrode_s0,phase2/results/predictions/full/clean_only/tcn/seed_101/bandpass_n20003_cV2_electrode_s0.npz,75838,08c238ce599c1664ca002590a2cef9ee0d689129ef1152c11d56aa8ed9124f2a
tcn,clean_only,101,bandpass_n20003_cV2_covariance_s20,phase2/results/predictions/full/clean_only/tcn/seed_101/bandpass_n20003_cV2_covariance_s20.npz,76387,f1e06bd6d45e47c7a084a314dbbbce572eeeb1fb10c7427a0f947180a37a862e
tcn,clean_only,101,bandpass_n20003_cV2_covariance_s15,phase2/results/predictions/full/clean_only/tcn/seed_101/bandpass_n20003_cV2_covariance_s15.npz,76391,cce4ffbbec6f9d4e858b296a69a23cea212be0165c28b491464e1804104f2c37
tcn,clean_only,101,bandpass_n20003_cV2_covariance_s10,phase2/results/predictions/full/clean_only/tcn/seed_101/bandpass_n20003_cV2_covariance_s10.npz,76316,add3b348a227f81fa886d9c7a48b0e112fa1f2958a2154fe0364fafe8f6d7c9b
tcn,clean_only,101,bandpass_n20003_cV2_covariance_s5,phase2/results/predictions/full/clean_only/tcn/seed_101/bandpass_n20003_cV2_covariance_s5.npz,76124,195074e1dc01b78635f51dfaa9ebb6ce3fbe1bda1450468021c10bbf160bfbaf
tcn,clean_only,101,bandpass_n20003_cV2_covariance_s0,phase2/results/predictions/full/clean_only/tcn/seed_101/bandpass_n20003_cV2_covariance_s0.npz,75847,c3cef6c1f55d0e89b7b9c5de33242a483434eb62681c438a7ecb41e34d770567
tcn,clean_only,101,bandpass_n20003_cV3_independent_rms_s20,phase2/results/predictions/full/clean_only/tcn/seed_101/bandpass_n20003_cV3_independent_rms_s20.npz,76394,289585123a517d5a37642198309fe6505ebb51ecbe6e7a5bee6bf3cc7244fc9a
tcn,clean_only,101,bandpass_n20003_cV3_independent_rms_s15,phase2/results/predictions/full/clean_only/tcn/seed_101/bandpass_n20003_cV3_independent_rms_s15.npz,76387,e79b0ab30fa80ac2a39cec9615b54b2dd76da9a5c8c0f82991f767099c288e39
tcn,clean_only,101,bandpass_n20003_cV3_independent_rms_s10,phase2/results/predictions/full/clean_only/tcn/seed_101/bandpass_n20003_cV3_independent_rms_s10.npz,76356,c46e5a8d4b3075f9bb68766d8a9ba3de09b207161267d3c6d3257c91f9727116
tcn,clean_only,101,bandpass_n20003_cV3_independent_rms_s5,phase2/results/predictions/full/clean_only/tcn/seed_101/bandpass_n20003_cV3_independent_rms_s5.npz,76177,b0ee424737ab6ec398b79a82c17f895f79ed8d85a3bb865458e6787f45ef11c1
tcn,clean_only,101,bandpass_n20003_cV3_independent_rms_s0,phase2/results/predictions/full/clean_only/tcn/seed_101/bandpass_n20003_cV3_independent_rms_s0.npz,75804,579e1b34677a1a6df5cc84711dba2fd27ed3cb377ed3e9b9104bda787319e870
tcn,clean_only,101,bandpass_n20003_cV3_electrode_s20,phase2/results/predictions/full/clean_only/tcn/seed_101/bandpass_n20003_cV3_electrode_s20.npz,76374,82c585edbc0d4fb1336f6146614c4e98de8b67ff573ebaf4188f2762cead4058
tcn,clean_only,101,bandpass_n20003_cV3_electrode_s15,phase2/results/predictions/full/clean_only/tcn/seed_101/bandpass_n20003_cV3_electrode_s15.npz,76369,0e40366dde697ce0316567f591891e9b6837dd3f4e628f15fed798e118fe91cf
tcn,clean_only,101,bandpass_n20003_cV3_electrode_s10,phase2/results/predictions/full/clean_only/tcn/seed_101/bandpass_n20003_cV3_electrode_s10.npz,76342,e2df42ad9ae7b7c0574f7070cf12181ce44fc7ee073d9d82965700a5c9f49a45
tcn,clean_only,101,bandpass_n20003_cV3_electrode_s5,phase2/results/predictions/full/clean_only/tcn/seed_101/bandpass_n20003_cV3_electrode_s5.npz,76181,910113d8618174e06cf4b69173aecbaf160517bd78a83bf8080657b752770fb2
tcn,clean_only,101,bandpass_n20003_cV3_electrode_s0,phase2/results/predictions/full/clean_only/tcn/seed_101/bandpass_n20003_cV3_electrode_s0.npz,75784,a23a962fad87d0d4c5a9d1a8850fdae67ad38fd67eb5758f4a35ae9df950d682
tcn,clean_only,101,bandpass_n20003_cV3_covariance_s20,phase2/results/predictions/full/clean_only/tcn/seed_101/bandpass_n20003_cV3_covariance_s20.npz,76389,77913af49e12aa46b6aa5abce80acedee179a14e00d40fb0ed46925869f7f246
tcn,clean_only,101,bandpass_n20003_cV3_covariance_s15,phase2/results/predictions/full/clean_only/tcn/seed_101/bandpass_n20003_cV3_covariance_s15.npz,76394,4f58d6834f93604458c97e046de448562c96729d9346b4f3cee51bfcb714f911
tcn,clean_only,101,bandpass_n20003_cV3_covariance_s10,phase2/results/predictions/full/clean_only/tcn/seed_101/bandpass_n20003_cV3_covariance_s10.npz,76355,c3df0fd770b6bf777e3df6c74c33e0918d93d2ff7e38dad0df9a35f7086c0175
tcn,clean_only,101,bandpass_n20003_cV3_covariance_s5,phase2/results/predictions/full/clean_only/tcn/seed_101/bandpass_n20003_cV3_covariance_s5.npz,76202,5c126f1616455bea60e5ab0fb16db80aeefc79d7d067702eea3b3cecf6321d76
tcn,clean_only,101,bandpass_n20003_cV3_covariance_s0,phase2/results/predictions/full/clean_only/tcn/seed_101/bandpass_n20003_cV3_covariance_s0.npz,75808,9a800eede67bd6409436d5c7aaf5c661262929225a14e740d63442e19b9a92a1
tcn,clean_only,101,bandpass_n20003_cV4_independent_rms_s20,phase2/results/predictions/full/clean_only/tcn/seed_101/bandpass_n20003_cV4_independent_rms_s20.npz,76421,49270813835f5004cb1e862c92c0c79b8071045d6d52acd0dfba1d0d6062f923
tcn,clean_only,101,bandpass_n20003_cV4_independent_rms_s15,phase2/results/predictions/full/clean_only/tcn/seed_101/bandpass_n20003_cV4_independent_rms_s15.npz,76383,910af626dfdd91db30cf5c4e50a714268e7b4e3568b17fb6e7d1a95774be2468
tcn,clean_only,101,bandpass_n20003_cV4_independent_rms_s10,phase2/results/predictions/full/clean_only/tcn/seed_101/bandpass_n20003_cV4_independent_rms_s10.npz,76369,ce8bd81eaae43ab58e582c86b8d8d5697b0a4b191ee0305e07223e1f668d4d2f
tcn,clean_only,101,bandpass_n20003_cV4_independent_rms_s5,phase2/results/predictions/full/clean_only/tcn/seed_101/bandpass_n20003_cV4_independent_rms_s5.npz,76287,0272ecaf3412141fc2a92d4f0d9e05e0e40e3ee42b1e8e7db058ced50e939de5
tcn,clean_only,101,bandpass_n20003_cV4_independent_rms_s0,phase2/results/predictions/full/clean_only/tcn/seed_101/bandpass_n20003_cV4_independent_rms_s0.npz,75990,639c381aaf701b582c696aaeb1ff162bea37b9f3fed4d0f3153790a6916513de
tcn,clean_only,101,bandpass_n20003_cV4_electrode_s20,phase2/results/predictions/full/clean_only/tcn/seed_101/bandpass_n20003_cV4_electrode_s20.npz,76382,e55f79111117083c15939aad6817d12d48193788060b91cbefe08686e797808d
tcn,clean_only,101,bandpass_n20003_cV4_electrode_s15,phase2/results/predictions/full/clean_only/tcn/seed_101/bandpass_n20003_cV4_electrode_s15.npz,76393,2a96db73bf2e2b73650503615bfc197b943168474550b1573f9a71ba2aeeafa4
tcn,clean_only,101,bandpass_n20003_cV4_electrode_s10,phase2/results/predictions/full/clean_only/tcn/seed_101/bandpass_n20003_cV4_electrode_s10.npz,76342,a3253290e085a4ce3cedb865b166780f67fbad120dc12882ff14e3746877765b
tcn,clean_only,101,bandpass_n20003_cV4_electrode_s5,phase2/results/predictions/full/clean_only/tcn/seed_101/bandpass_n20003_cV4_electrode_s5.npz,76280,975a6dba4d8a302ec6871d440c08555fcba0e70be95e493d72269ff9855ec0fa
tcn,clean_only,101,bandpass_n20003_cV4_electrode_s0,phase2/results/predictions/full/clean_only/tcn/seed_101/bandpass_n20003_cV4_electrode_s0.npz,76010,77fedb61b47e034d273e4ccc884b84e9dadc34cf523f9943ddae31fd9c13cf93
tcn,clean_only,101,bandpass_n20003_cV4_covariance_s20,phase2/results/predictions/full/clean_only/tcn/seed_101/bandpass_n20003_cV4_covariance_s20.npz,76392,0f1e9cb54e4f3744d4028c923163df233615211b369be85d60f95acd912e547b
tcn,clean_only,101,bandpass_n20003_cV4_covariance_s15,phase2/results/predictions/full/clean_only/tcn/seed_101/bandpass_n20003_cV4_covariance_s15.npz,76380,1391270a8156c599b1c836615a620a88fc98e97004d1362371065d25fecf9f28
tcn,clean_only,101,bandpass_n20003_cV4_covariance_s10,phase2/results/predictions/full/clean_only/tcn/seed_101/bandpass_n20003_cV4_covariance_s10.npz,76337,1a3a0bda1286519ae2960e3ca2416f305de50d0eae483b71b511f4d95b3865ac
tcn,clean_only,101,bandpass_n20003_cV4_covariance_s5,phase2/results/predictions/full/clean_only/tcn/seed_101/bandpass_n20003_cV4_covariance_s5.npz,76293,d726f29f4846262baf63de39fd12d4bfe37e7cdd67d594faa40b581b31842807
tcn,clean_only,101,bandpass_n20003_cV4_covariance_s0,phase2/results/predictions/full/clean_only/tcn/seed_101/bandpass_n20003_cV4_covariance_s0.npz,76006,19d8ea0fb3e92ad2942919d654b838382f63b6619c7fe951bf8ad1446f17e54d
tcn,clean_only,101,bandpass_n20003_cV5_independent_rms_s20,phase2/results/predictions/full/clean_only/tcn/seed_101/bandpass_n20003_cV5_independent_rms_s20.npz,76413,fbb5473d6f2d9df973f99252f8a2ba6149b7c3059bf0c85d295450f8e6b2f90c
tcn,clean_only,101,bandpass_n20003_cV5_independent_rms_s15,phase2/results/predictions/full/clean_only/tcn/seed_101/bandpass_n20003_cV5_independent_rms_s15.npz,76400,932844a6cd1352e6453f97714e27ca56108d0419193ab65d20db59d3b6017069
tcn,clean_only,101,bandpass_n20003_cV5_independent_rms_s10,phase2/results/predictions/full/clean_only/tcn/seed_101/bandpass_n20003_cV5_independent_rms_s10.npz,76364,fa3324b9a2546eca5ac475d33c947ea9827b35436e9a97fedea861a597b5cf2a
tcn,clean_only,101,bandpass_n20003_cV5_independent_rms_s5,phase2/results/predictions/full/clean_only/tcn/seed_101/bandpass_n20003_cV5_independent_rms_s5.npz,76275,61b533d994c46628175374e42afa8c24d05fc0df40467494d8d669aab7cb48eb
tcn,clean_only,101,bandpass_n20003_cV5_independent_rms_s0,phase2/results/predictions/full/clean_only/tcn/seed_101/bandpass_n20003_cV5_independent_rms_s0.npz,75952,c55dcfa4dcef2c61ea0f11b5acb9a7150278f055d2363687dd5c0a6904f3e658
tcn,clean_only,101,bandpass_n20003_cV5_electrode_s20,phase2/results/predictions/full/clean_only/tcn/seed_101/bandpass_n20003_cV5_electrode_s20.npz,76364,1b56a51f0c444c9ec203c76b2e2c2814852affd3d0e9192da5437d8d30d9cb87
tcn,clean_only,101,bandpass_n20003_cV5_electrode_s15,phase2/results/predictions/full/clean_only/tcn/seed_101/bandpass_n20003_cV5_electrode_s15.npz,76354,bf392ab665382d40912d0ae5c36974b7cc354b4e2b50e8b8925d1e236101e428
tcn,clean_only,101,bandpass_n20003_cV5_electrode_s10,phase2/results/predictions/full/clean_only/tcn/seed_101/bandpass_n20003_cV5_electrode_s10.npz,76381,5d09a3c07b6b6933fa131076c9406ff9c6250dd214a2687dab3923b08a102816
tcn,clean_only,101,bandpass_n20003_cV5_electrode_s5,phase2/results/predictions/full/clean_only/tcn/seed_101/bandpass_n20003_cV5_electrode_s5.npz,76227,e5c3592c1dd2b7d5ae63918fb0c5600f2c1ac14df83ead0ad5433a81af658734
tcn,clean_only,101,bandpass_n20003_cV5_electrode_s0,phase2/results/predictions/full/clean_only/tcn/seed_101/bandpass_n20003_cV5_electrode_s0.npz,75925,27e245e23c4d1567ffbbf91434bd6b8ab662d3fd5d456acdfce555bd07cefc65
tcn,clean_only,101,bandpass_n20003_cV5_covariance_s20,phase2/results/predictions/full/clean_only/tcn/seed_101/bandpass_n20003_cV5_covariance_s20.npz,76396,0f04b038a472144068201b2da86f96e9b7c02d33203e9d9b372b51a1176f453a
tcn,clean_only,101,bandpass_n20003_cV5_covariance_s15,phase2/results/predictions/full/clean_only/tcn/seed_101/bandpass_n20003_cV5_covariance_s15.npz,76393,a7ef196dc68a60c1c1bc4e60b20deed3abb37bbf6f682e64f9cf167a8f732d84
tcn,clean_only,101,bandpass_n20003_cV5_covariance_s10,phase2/results/predictions/full/clean_only/tcn/seed_101/bandpass_n20003_cV5_covariance_s10.npz,76387,cb9d52802b3a4951c16b80e5b37038f4ef84ede153812c8326a5cfc432795fcf
tcn,clean_only,101,bandpass_n20003_cV5_covariance_s5,phase2/results/predictions/full/clean_only/tcn/seed_101/bandpass_n20003_cV5_covariance_s5.npz,76236,ffbac7bcec688a822b55e71404ffaa240c89ebd98178cd91b247571333fe9a4f
tcn,clean_only,101,bandpass_n20003_cV5_covariance_s0,phase2/results/predictions/full/clean_only/tcn/seed_101/bandpass_n20003_cV5_covariance_s0.npz,75934,6c2efad38a2aeaaec4438f19dae74cc5c4d2ffe93646a7680d3017bad121b3f5
tcn,clean_only,101,bandpass_n20003_cV6_independent_rms_s20,phase2/results/predictions/full/clean_only/tcn/seed_101/bandpass_n20003_cV6_independent_rms_s20.npz,76411,10fced409f1bc2d55fc9f0f58d3ea05facf42ddc958c06cb1fe591ad2b6ec4f0
tcn,clean_only,101,bandpass_n20003_cV6_independent_rms_s15,phase2/results/predictions/full/clean_only/tcn/seed_101/bandpass_n20003_cV6_independent_rms_s15.npz,76390,ce25bfa3519505e3aec270f13c4b67cf05f7e853a37b9b8155437ab62d622da1
tcn,clean_only,101,bandpass_n20003_cV6_independent_rms_s10,phase2/results/predictions/full/clean_only/tcn/seed_101/bandpass_n20003_cV6_independent_rms_s10.npz,76375,fc721611f8d930a6481100f7c333ba3c498e7d061466afb3b497121bcac6429b
tcn,clean_only,101,bandpass_n20003_cV6_independent_rms_s5,phase2/results/predictions/full/clean_only/tcn/seed_101/bandpass_n20003_cV6_independent_rms_s5.npz,76259,63ad9a210d253aee1213b92837d5c55925822eb72d8fca912e3780ebfd7ded18
tcn,clean_only,101,bandpass_n20003_cV6_independent_rms_s0,phase2/results/predictions/full/clean_only/tcn/seed_101/bandpass_n20003_cV6_independent_rms_s0.npz,75948,cf452a144fa1d5d6d059a12aef3f9b8092174cad9937d5711bcb89fd36d012ce
tcn,clean_only,101,bandpass_n20003_cV6_electrode_s20,phase2/results/predictions/full/clean_only/tcn/seed_101/bandpass_n20003_cV6_electrode_s20.npz,76411,1d45bc7a085369ac46ff9969fbb549649c70917a4eb97adbead63818fd148ad1
tcn,clean_only,101,bandpass_n20003_cV6_electrode_s15,phase2/results/predictions/full/clean_only/tcn/seed_101/bandpass_n20003_cV6_electrode_s15.npz,76355,aaf8e75cd7cb7e2d97f02d8f5ea0621868fe6a6b096308ccf5f6f16736831344
tcn,clean_only,101,bandpass_n20003_cV6_electrode_s10,phase2/results/predictions/full/clean_only/tcn/seed_101/bandpass_n20003_cV6_electrode_s10.npz,76370,ea4f8d92ed7f61b91ab40a99b782123f8fdf94daf86244e0ae5ef7c713f44118
tcn,clean_only,101,bandpass_n20003_cV6_electrode_s5,phase2/results/predictions/full/clean_only/tcn/seed_101/bandpass_n20003_cV6_electrode_s5.npz,76237,b18a90c1893b7846406464f75b9d6e782e8ddec35ea96f19f52dfab64e0b161e
tcn,clean_only,101,bandpass_n20003_cV6_electrode_s0,phase2/results/predictions/full/clean_only/tcn/seed_101/bandpass_n20003_cV6_electrode_s0.npz,75918,25db2dedc9e41149de27e70d82e0f3ee725611ba77463e3d1ab27eb44c63c389
tcn,clean_only,101,bandpass_n20003_cV6_covariance_s20,phase2/results/predictions/full/clean_only/tcn/seed_101/bandpass_n20003_cV6_covariance_s20.npz,76391,8e0e196fa017388da66e6e744a291e2096fe55b74cf7cb7a1d986c6317a5d482
tcn,clean_only,101,bandpass_n20003_cV6_covariance_s15,phase2/results/predictions/full/clean_only/tcn/seed_101/bandpass_n20003_cV6_covariance_s15.npz,76337,f780286f0413181911dce05c29e450f4a806f8cdb045dfe75ceb04e391e9fd3f
tcn,clean_only,101,bandpass_n20003_cV6_covariance_s10,phase2/results/predictions/full/clean_only/tcn/seed_101/bandpass_n20003_cV6_covariance_s10.npz,76367,54901ee8fd6f0f5b50b2875e3d5bc10b74e1913b69ccb89bc72a0810b133ca9c
tcn,clean_only,101,bandpass_n20003_cV6_covariance_s5,phase2/results/predictions/full/clean_only/tcn/seed_101/bandpass_n20003_cV6_covariance_s5.npz,76259,6ce79ef983237639135c5dc3e223449c31b458462cdcb8217ea2d293b381d0e0
tcn,clean_only,101,bandpass_n20003_cV6_covariance_s0,phase2/results/predictions/full/clean_only/tcn/seed_101/bandpass_n20003_cV6_covariance_s0.npz,75952,c68c825171b294eae7bae8ef47505f46814567d0b401965e9a06aaf0560b19e5
tcn,clean_only,101,bandpass_n20003_cRA_LA_independent_rms_s20,phase2/results/predictions/full/clean_only/tcn/seed_101/bandpass_n20003_cRA_LA_independent_rms_s20.npz,76400,bad68671f4ab15bc45d9e30017f082f2fc4e24f13075ab4a8f00edde024fb398
tcn,clean_only,101,bandpass_n20003_cRA_LA_independent_rms_s15,phase2/results/predictions/full/clean_only/tcn/seed_101/bandpass_n20003_cRA_LA_independent_rms_s15.npz,76410,2040f65febeb898a7fde5848d99f4edc24e082f3f447b8884b564127b4686d09
tcn,clean_only,101,bandpass_n20003_cRA_LA_independent_rms_s10,phase2/results/predictions/full/clean_only/tcn/seed_101/bandpass_n20003_cRA_LA_independent_rms_s10.npz,76321,1dd1900eb8798fdec4dcc7f13434162a7537a16db3dde9bfc24f4add8bcc6c84
tcn,clean_only,101,bandpass_n20003_cRA_LA_independent_rms_s5,phase2/results/predictions/full/clean_only/tcn/seed_101/bandpass_n20003_cRA_LA_independent_rms_s5.npz,76176,4590ff5bde5d6ac7b58c83c47feff5d2be2e81b0c29ffed21669403fe9e489d8
tcn,clean_only,101,bandpass_n20003_cRA_LA_independent_rms_s0,phase2/results/predictions/full/clean_only/tcn/seed_101/bandpass_n20003_cRA_LA_independent_rms_s0.npz,75761,76d3b17755141911c6ab92dc378740387e66c8984f19b82b3304df89423fb918
tcn,clean_only,101,bandpass_n20003_cRA_LA_electrode_s20,phase2/results/predictions/full/clean_only/tcn/seed_101/bandpass_n20003_cRA_LA_electrode_s20.npz,76400,eff93642d960ce1816b4102d2e656c91fcc6b9a34530202f02fd4d0fefe66817
tcn,clean_only,101,bandpass_n20003_cRA_LA_electrode_s15,phase2/results/predictions/full/clean_only/tcn/seed_101/bandpass_n20003_cRA_LA_electrode_s15.npz,76380,f66c4026ea77119707ca2a7b9451633ae10d6f4856deb902490a3b4fbfd37422
tcn,clean_only,101,bandpass_n20003_cRA_LA_electrode_s10,phase2/results/predictions/full/clean_only/tcn/seed_101/bandpass_n20003_cRA_LA_electrode_s10.npz,76233,599f6e084d2434c313461044e948823644d21df8bf971e78152ba8e2513c16bb
tcn,clean_only,101,bandpass_n20003_cRA_LA_electrode_s5,phase2/results/predictions/full/clean_only/tcn/seed_101/bandpass_n20003_cRA_LA_electrode_s5.npz,75989,7b8ed8a86146aa13f2bd8f772a0cc4f09180c19085f0d54d0112ef012609c7b1
tcn,clean_only,101,bandpass_n20003_cRA_LA_electrode_s0,phase2/results/predictions/full/clean_only/tcn/seed_101/bandpass_n20003_cRA_LA_electrode_s0.npz,75697,fc807dcddf4273f736b42ccfee688fe147178958dc4cf556ce988ba7db9b4d5b
tcn,clean_only,101,bandpass_n20003_cRA_LA_covariance_s20,phase2/results/predictions/full/clean_only/tcn/seed_101/bandpass_n20003_cRA_LA_covariance_s20.npz,76417,ba82de6ef58aca2cf046865d93feae34ff5ebf521715a1c11d428b2013548b2b
tcn,clean_only,101,bandpass_n20003_cRA_LA_covariance_s15,phase2/results/predictions/full/clean_only/tcn/seed_101/bandpass_n20003_cRA_LA_covariance_s15.npz,76366,cb650ea01f08cc539a08be6caf111edf3ba4d3a2800864cc7c0196509ed71bfc
tcn,clean_only,101,bandpass_n20003_cRA_LA_covariance_s10,phase2/results/predictions/full/clean_only/tcn/seed_101/bandpass_n20003_cRA_LA_covariance_s10.npz,76247,8ab3073f5674c821c53c3c1b8a62521145d6998c3659b959b07a524e6d110c3b
tcn,clean_only,101,bandpass_n20003_cRA_LA_covariance_s5,phase2/results/predictions/full/clean_only/tcn/seed_101/bandpass_n20003_cRA_LA_covariance_s5.npz,75957,e85a50810930980130ea3f433a8e4410d22e3ffc9d0d72edea5fc1d1c54d88a1
tcn,clean_only,101,bandpass_n20003_cRA_LA_covariance_s0,phase2/results/predictions/full/clean_only/tcn/seed_101/bandpass_n20003_cRA_LA_covariance_s0.npz,75699,52ad9dc905799ceeffe1067e17ba70765389dc3720831c02b092279c48e9dc99
tcn,clean_only,101,bandpass_n20003_cLA_LL_independent_rms_s20,phase2/results/predictions/full/clean_only/tcn/seed_101/bandpass_n20003_cLA_LL_independent_rms_s20.npz,76430,e982349e7059e53b4d312aa8af6b225949262760062f7efc6ec0e38f56710a95
tcn,clean_only,101,bandpass_n20003_cLA_LL_independent_rms_s15,phase2/results/predictions/full/clean_only/tcn/seed_101/bandpass_n20003_cLA_LL_independent_rms_s15.npz,76400,8d2ea23475d2f3806de5ae7b7d75d45c775c0009f8629d9c63257a35e30ed45d
tcn,clean_only,101,bandpass_n20003_cLA_LL_independent_rms_s10,phase2/results/predictions/full/clean_only/tcn/seed_101/bandpass_n20003_cLA_LL_independent_rms_s10.npz,76367,305642598788e92ff0c6b67a7b902861f4680d177097a32c0be4ffdecb4fa20b
tcn,clean_only,101,bandpass_n20003_cLA_LL_independent_rms_s5,phase2/results/predictions/full/clean_only/tcn/seed_101/bandpass_n20003_cLA_LL_independent_rms_s5.npz,76167,c1b8192adae4b08d04767446f0f12e3e334bdefa220466f9ff78dc53bcc90af9
tcn,clean_only,101,bandpass_n20003_cLA_LL_independent_rms_s0,phase2/results/predictions/full/clean_only/tcn/seed_101/bandpass_n20003_cLA_LL_independent_rms_s0.npz,75721,af84e53d1b6622aed19e3de730ab720e2c0f2806f0ca26751fee81f57ed7b312
tcn,clean_only,101,bandpass_n20003_cLA_LL_electrode_s20,phase2/results/predictions/full/clean_only/tcn/seed_101/bandpass_n20003_cLA_LL_electrode_s20.npz,76381,adef941bc0a5863efbbfaf9cd94aae42877f2779867549c2b767acef9456b0e3
tcn,clean_only,101,bandpass_n20003_cLA_LL_electrode_s15,phase2/results/predictions/full/clean_only/tcn/seed_101/bandpass_n20003_cLA_LL_electrode_s15.npz,76395,94ffd8b2950ca000c0d384ed1a0ea74450df556a80f57da4ca4d9e3f1221656f
tcn,clean_only,101,bandpass_n20003_cLA_LL_electrode_s10,phase2/results/predictions/full/clean_only/tcn/seed_101/bandpass_n20003_cLA_LL_electrode_s10.npz,76254,57175259a93133e0d31439696bc9d840fb34cd33ba285f82e98c85404f38ef86
tcn,clean_only,101,bandpass_n20003_cLA_LL_electrode_s5,phase2/results/predictions/full/clean_only/tcn/seed_101/bandpass_n20003_cLA_LL_electrode_s5.npz,75980,917ef7057d4dcbf45d3e07607236fbfff2f03cbb5b2de0f9d766ff3b068b5b73
tcn,clean_only,101,bandpass_n20003_cLA_LL_electrode_s0,phase2/results/predictions/full/clean_only/tcn/seed_101/bandpass_n20003_cLA_LL_electrode_s0.npz,75866,37a012448a83e364c26086ff7992351fe648ff9486776060cec5c970b02bc23d
tcn,clean_only,101,bandpass_n20003_cLA_LL_covariance_s20,phase2/results/predictions/full/clean_only/tcn/seed_101/bandpass_n20003_cLA_LL_covariance_s20.npz,76403,8ec44145e3eb0e4e37557bbfcf8a614da04f95e8822600919bbfec8404219df1
tcn,clean_only,101,bandpass_n20003_cLA_LL_covariance_s15,phase2/results/predictions/full/clean_only/tcn/seed_101/bandpass_n20003_cLA_LL_covariance_s15.npz,76387,1342f336433641e2b477d7f43281f61807821e6adfab32df14b1b25831b79758
tcn,clean_only,101,bandpass_n20003_cLA_LL_covariance_s10,phase2/results/predictions/full/clean_only/tcn/seed_101/bandpass_n20003_cLA_LL_covariance_s10.npz,76232,772c2855a8fba83e457aa64d18b1c4edfee0fa464cbf728a0ba34409a1e24a10
tcn,clean_only,101,bandpass_n20003_cLA_LL_covariance_s5,phase2/results/predictions/full/clean_only/tcn/seed_101/bandpass_n20003_cLA_LL_covariance_s5.npz,75971,3f61cb33e78a9364470937dbb8ad21e45c20482a29beaa995e44bb40a4014154
tcn,clean_only,101,bandpass_n20003_cLA_LL_covariance_s0,phase2/results/predictions/full/clean_only/tcn/seed_101/bandpass_n20003_cLA_LL_covariance_s0.npz,75833,d6c7af48b8a57f68914e265ef8c70058c7fd37970c5ac365f57a720ebaabc1e4
tcn,clean_only,101,bandpass_n20003_cRA_LL_independent_rms_s20,phase2/results/predictions/full/clean_only/tcn/seed_101/bandpass_n20003_cRA_LL_independent_rms_s20.npz,76384,7243969437aeda5ed3eb13c7d4f0e7d309b4a239e03fb9a254c388132061f280
tcn,clean_only,101,bandpass_n20003_cRA_LL_independent_rms_s15,phase2/results/predictions/full/clean_only/tcn/seed_101/bandpass_n20003_cRA_LL_independent_rms_s15.npz,76387,78261fc3ac726cd797c14bf9737c52fee97d3f7659b84ccb1a1e1b7ca355aeaa
tcn,clean_only,101,bandpass_n20003_cRA_LL_independent_rms_s10,phase2/results/predictions/full/clean_only/tcn/seed_101/bandpass_n20003_cRA_LL_independent_rms_s10.npz,76372,28a0a095d1c22a46d4ba43e466d01f320ad76030d77d1b5e31b627d3e9b871cc
tcn,clean_only,101,bandpass_n20003_cRA_LL_independent_rms_s5,phase2/results/predictions/full/clean_only/tcn/seed_101/bandpass_n20003_cRA_LL_independent_rms_s5.npz,76134,ac8934ad34345d7f65989867e97306cc50bdb392747fbc36baabed8f9ac2bc13
tcn,clean_only,101,bandpass_n20003_cRA_LL_independent_rms_s0,phase2/results/predictions/full/clean_only/tcn/seed_101/bandpass_n20003_cRA_LL_independent_rms_s0.npz,75729,8777a31d07b40519db1f035b7e1b6fc6f05ed3e93b2f14e8b77cf37ada8e4a33
tcn,clean_only,101,bandpass_n20003_cRA_LL_electrode_s20,phase2/results/predictions/full/clean_only/tcn/seed_101/bandpass_n20003_cRA_LL_electrode_s20.npz,76366,7960a4debe4dde9e2c1b20fff08de7252855196a6ca248e478ff35b93946aa62
tcn,clean_only,101,bandpass_n20003_cRA_LL_electrode_s15,phase2/results/predictions/full/clean_only/tcn/seed_101/bandpass_n20003_cRA_LL_electrode_s15.npz,76393,0b8d4f48095b14a91a75bea7ad9d865dca4de6695c944b0da9ca18d0790c37c0
tcn,clean_only,101,bandpass_n20003_cRA_LL_electrode_s10,phase2/results/predictions/full/clean_only/tcn/seed_101/bandpass_n20003_cRA_LL_electrode_s10.npz,76239,31816320139654c2a83ff8c02aaa7c7cd42cbd09375badf137d25bfc6de7b6f5
tcn,clean_only,101,bandpass_n20003_cRA_LL_electrode_s5,phase2/results/predictions/full/clean_only/tcn/seed_101/bandpass_n20003_cRA_LL_electrode_s5.npz,75963,81dbc18a64edb5fbe3b4998941ebd6e0432704ff93e4b2e297179333726d4f1a
tcn,clean_only,101,bandpass_n20003_cRA_LL_electrode_s0,phase2/results/predictions/full/clean_only/tcn/seed_101/bandpass_n20003_cRA_LL_electrode_s0.npz,75707,4b9ca6104a775a983dab4549bb49e981e39f20bac736edef2f307f722620f2dc
tcn,clean_only,101,bandpass_n20003_cRA_LL_covariance_s20,phase2/results/predictions/full/clean_only/tcn/seed_101/bandpass_n20003_cRA_LL_covariance_s20.npz,76405,99e04ca9512b6d765c4ba7d98530ec383b4c4f730676aa9453fb9d37df970dcb
tcn,clean_only,101,bandpass_n20003_cRA_LL_covariance_s15,phase2/results/predictions/full/clean_only/tcn/seed_101/bandpass_n20003_cRA_LL_covariance_s15.npz,76408,cd95ed214eada8b9cc59ed509e23ece143abc67a9196750cc088a8a950a2895a
tcn,clean_only,101,bandpass_n20003_cRA_LL_covariance_s10,phase2/results/predictions/full/clean_only/tcn/seed_101/bandpass_n20003_cRA_LL_covariance_s10.npz,76228,82e89b142d040d51e5d796804acc1dce5f65973d24893fdab060a80c1d6766bc
tcn,clean_only,101,bandpass_n20003_cRA_LL_covariance_s5,phase2/results/predictions/full/clean_only/tcn/seed_101/bandpass_n20003_cRA_LL_covariance_s5.npz,75919,b1b7e21b4834c345c71e0f64baac0f6b45259ada953d8b613032639082933151
tcn,clean_only,101,bandpass_n20003_cRA_LL_covariance_s0,phase2/results/predictions/full/clean_only/tcn/seed_101/bandpass_n20003_cRA_LL_covariance_s0.npz,75653,19aea570db48acf16efdd220ead2d7a144cc6a6458ec3fda5aa722303509c95a
tcn,clean_only,101,bandpass_n20003_cRA_independent_rms_s20,phase2/results/predictions/full/clean_only/tcn/seed_101/bandpass_n20003_cRA_independent_rms_s20.npz,76403,b9cf9294232a0a36ac20ca538f8456f0bdaaf39b5415a25b9fddd90d87f0d369
tcn,clean_only,101,bandpass_n20003_cRA_independent_rms_s15,phase2/results/predictions/full/clean_only/tcn/seed_101/bandpass_n20003_cRA_independent_rms_s15.npz,76391,23bd889dee20b154f22f8043d4d47c551831c1693ad23057861808f9ee2dd83f
tcn,clean_only,101,bandpass_n20003_cRA_independent_rms_s10,phase2/results/predictions/full/clean_only/tcn/seed_101/bandpass_n20003_cRA_independent_rms_s10.npz,76363,5898556729b51ff3088df5f80ae9092bec45f2cab743b8aaaf2b15b11b428f20
tcn,clean_only,101,bandpass_n20003_cRA_independent_rms_s5,phase2/results/predictions/full/clean_only/tcn/seed_101/bandpass_n20003_cRA_independent_rms_s5.npz,76182,2d1f3fe0a119eba4544b6100943833e3d42301507c2ca9839598cdac22b09748
tcn,clean_only,101,bandpass_n20003_cRA_independent_rms_s0,phase2/results/predictions/full/clean_only/tcn/seed_101/bandpass_n20003_cRA_independent_rms_s0.npz,75777,67762db49bd89a8b4882f380b678d6474dc12515e4b4cf0331d4c5e90714126a
tcn,clean_only,101,bandpass_n20003_cRA_electrode_s20,phase2/results/predictions/full/clean_only/tcn/seed_101/bandpass_n20003_cRA_electrode_s20.npz,76371,ae392e5df92325ded8e8b76a4d1b9e68ddd5a6d2c4b0e4e8731cb247044cf7b0
tcn,clean_only,101,bandpass_n20003_cRA_electrode_s15,phase2/results/predictions/full/clean_only/tcn/seed_101/bandpass_n20003_cRA_electrode_s15.npz,76386,f4e8deb4cbaeed849c68f28da07dacca0ad29f9894a67af42311881bfca4e1af
tcn,clean_only,101,bandpass_n20003_cRA_electrode_s10,phase2/results/predictions/full/clean_only/tcn/seed_101/bandpass_n20003_cRA_electrode_s10.npz,76254,faa3ff71af18552c13c0b7e95a9a02401f5141e437afea2404c7010a1f9a991a
tcn,clean_only,101,bandpass_n20003_cRA_electrode_s5,phase2/results/predictions/full/clean_only/tcn/seed_101/bandpass_n20003_cRA_electrode_s5.npz,75969,c3b69592122c5282c7d2fbd85f6eac7044fff94827da8470a13be70eeb4542dd
tcn,clean_only,101,bandpass_n20003_cRA_electrode_s0,phase2/results/predictions/full/clean_only/tcn/seed_101/bandpass_n20003_cRA_electrode_s0.npz,75644,607d2e92b51d6019f09f7e1431cd406464e555e2f380cdaa509cda25198732b3
tcn,clean_only,101,bandpass_n20003_cRA_covariance_s20,phase2/results/predictions/full/clean_only/tcn/seed_101/bandpass_n20003_cRA_covariance_s20.npz,76383,ac275ed22c9dd5641d6d242603f1b4a7f5447fef9aa55f7915709ececdef7a6d
tcn,clean_only,101,bandpass_n20003_cRA_covariance_s15,phase2/results/predictions/full/clean_only/tcn/seed_101/bandpass_n20003_cRA_covariance_s15.npz,76368,6e861367d6e5c0a2a4058c93239adb396d9a6f2c28c57cdb396419845caceba8
tcn,clean_only,101,bandpass_n20003_cRA_covariance_s10,phase2/results/predictions/full/clean_only/tcn/seed_101/bandpass_n20003_cRA_covariance_s10.npz,76264,8cd0313eb5c747c93c48f8e1c67d46c3f795b6ed13350112768a80d94631b310
tcn,clean_only,101,bandpass_n20003_cRA_covariance_s5,phase2/results/predictions/full/clean_only/tcn/seed_101/bandpass_n20003_cRA_covariance_s5.npz,75986,9ca055973f8424b7b57a179ce1f4b5f7fbf1cf72843b59f600a6b1c8ba22634e
tcn,clean_only,101,bandpass_n20003_cRA_covariance_s0,phase2/results/predictions/full/clean_only/tcn/seed_101/bandpass_n20003_cRA_covariance_s0.npz,75642,1e9a79579c36fca5f093143ee1e161ecd6386344238c0e42f99ca4970dc48373
tcn,clean_only,101,bandpass_n20003_cLA_independent_rms_s20,phase2/results/predictions/full/clean_only/tcn/seed_101/bandpass_n20003_cLA_independent_rms_s20.npz,76399,3640fa5b0353b8317a62968735e24d50baa6fdc3bd2ad91a71f8abe50471ea71
tcn,clean_only,101,bandpass_n20003_cLA_independent_rms_s15,phase2/results/predictions/full/clean_only/tcn/seed_101/bandpass_n20003_cLA_independent_rms_s15.npz,76384,8aa415f97907d1807bccca841e23b65dd86338ceef0d7fdec5f6fe261389bef0
tcn,clean_only,101,bandpass_n20003_cLA_independent_rms_s10,phase2/results/predictions/full/clean_only/tcn/seed_101/bandpass_n20003_cLA_independent_rms_s10.npz,76338,1426a754d5bc2e0e63612ecceff8e12f4f7b72f7243cd9e350ff40e39a906a45
tcn,clean_only,101,bandpass_n20003_cLA_independent_rms_s5,phase2/results/predictions/full/clean_only/tcn/seed_101/bandpass_n20003_cLA_independent_rms_s5.npz,76135,c9196ef394d199af086ea9f88feecd37b970bbea66b8f75819f41c48b676ef75
tcn,clean_only,101,bandpass_n20003_cLA_independent_rms_s0,phase2/results/predictions/full/clean_only/tcn/seed_101/bandpass_n20003_cLA_independent_rms_s0.npz,75699,310ec7c2379be20aba75edc6ee2201d7752f9313076a420aef1aaa4465154ded
tcn,clean_only,101,bandpass_n20003_cLA_electrode_s20,phase2/results/predictions/full/clean_only/tcn/seed_101/bandpass_n20003_cLA_electrode_s20.npz,76441,b18b181ac99d208c4ace52d690a4b06cb7a7bfe8e9c5c83edb7ca6b8263b8bf6
tcn,clean_only,101,bandpass_n20003_cLA_electrode_s15,phase2/results/predictions/full/clean_only/tcn/seed_101/bandpass_n20003_cLA_electrode_s15.npz,76366,d80d8316a60d28a856070ab09ff35ba1b15285f92b8dba82d2de78706710e53f
tcn,clean_only,101,bandpass_n20003_cLA_electrode_s10,phase2/results/predictions/full/clean_only/tcn/seed_101/bandpass_n20003_cLA_electrode_s10.npz,76242,409e9960710c0f47abb2e360e8568cfaec90060463ff3c81948513278dbc614e
tcn,clean_only,101,bandpass_n20003_cLA_electrode_s5,phase2/results/predictions/full/clean_only/tcn/seed_101/bandpass_n20003_cLA_electrode_s5.npz,75963,b9c4e280d041c9b9ff761822e6e68c98c03444da136114444948bf2af21949ea
tcn,clean_only,101,bandpass_n20003_cLA_electrode_s0,phase2/results/predictions/full/clean_only/tcn/seed_101/bandpass_n20003_cLA_electrode_s0.npz,75841,f636758b938311f4dd8ec54ef6fd1fa2801b60628a9e013cc081f98556ab7432
tcn,clean_only,101,bandpass_n20003_cLA_covariance_s20,phase2/results/predictions/full/clean_only/tcn/seed_101/bandpass_n20003_cLA_covariance_s20.npz,76384,202add730666f9c5bc235710fbe27bd59386734d8b393f5cc0a0da82bb0a5ded
tcn,clean_only,101,bandpass_n20003_cLA_covariance_s15,phase2/results/predictions/full/clean_only/tcn/seed_101/bandpass_n20003_cLA_covariance_s15.npz,76384,5dd5f625cfe23652f6c911360cf90cddef0588168e6d005dd897e159ba103b89
tcn,clean_only,101,bandpass_n20003_cLA_covariance_s10,phase2/results/predictions/full/clean_only/tcn/seed_101/bandpass_n20003_cLA_covariance_s10.npz,76250,aaa0de5b0d25b703fd971ad47595d2f7b2f52283482cec37898b3caef168acb3
tcn,clean_only,101,bandpass_n20003_cLA_covariance_s5,phase2/results/predictions/full/clean_only/tcn/seed_101/bandpass_n20003_cLA_covariance_s5.npz,75953,d8b4d44aafaa8521faac9698d24d382d526b3083efba48aae1bca351a13589ee
tcn,clean_only,101,bandpass_n20003_cLA_covariance_s0,phase2/results/predictions/full/clean_only/tcn/seed_101/bandpass_n20003_cLA_covariance_s0.npz,75853,158010ca302026d437e5381c189843be2d7b7940659ae036a74a995394320716
tcn,clean_only,101,bandpass_n20003_cLL_independent_rms_s20,phase2/results/predictions/full/clean_only/tcn/seed_101/bandpass_n20003_cLL_independent_rms_s20.npz,76440,366df222bb2e059dd050c631475c4039f4766de37745b0939fefb23cfd485e6c
tcn,clean_only,101,bandpass_n20003_cLL_independent_rms_s15,phase2/results/predictions/full/clean_only/tcn/seed_101/bandpass_n20003_cLL_independent_rms_s15.npz,76381,d0149fdc2b1659f7c1368c837a70fce474aaa136158d93ec3a584008911a94e2
tcn,clean_only,101,bandpass_n20003_cLL_independent_rms_s10,phase2/results/predictions/full/clean_only/tcn/seed_101/bandpass_n20003_cLL_independent_rms_s10.npz,76331,a89b9f027e7f53f9d6405372d8174962f0ef4741c6a86e1b97856421d7effe8e
tcn,clean_only,101,bandpass_n20003_cLL_independent_rms_s5,phase2/results/predictions/full/clean_only/tcn/seed_101/bandpass_n20003_cLL_independent_rms_s5.npz,76151,16e16b83ec0c0f5e1a5668f90be1c90e4a20bf3a3ff37e9f5e90ba87ed2696da
tcn,clean_only,101,bandpass_n20003_cLL_independent_rms_s0,phase2/results/predictions/full/clean_only/tcn/seed_101/bandpass_n20003_cLL_independent_rms_s0.npz,75742,5ad0f16b08812656242f1f6f846d66d918ba9505a4b31dc3ffd3e4fa97545b29
tcn,clean_only,101,bandpass_n20003_cLL_electrode_s20,phase2/results/predictions/full/clean_only/tcn/seed_101/bandpass_n20003_cLL_electrode_s20.npz,76368,bedb4b7cdbbea9e13b60a3de137946bb721eedfc50754bb8ffec25ceee936668
tcn,clean_only,101,bandpass_n20003_cLL_electrode_s15,phase2/results/predictions/full/clean_only/tcn/seed_101/bandpass_n20003_cLL_electrode_s15.npz,76373,9f951b49fa993cfc795a9f612af24113c3c00e55c02aa446f7771a06a6e729be
tcn,clean_only,101,bandpass_n20003_cLL_electrode_s10,phase2/results/predictions/full/clean_only/tcn/seed_101/bandpass_n20003_cLL_electrode_s10.npz,76255,769b2447624c02c9d5e44f84d577756a9d732ff3c2cce325b95a31f3a4265b9c
tcn,clean_only,101,bandpass_n20003_cLL_electrode_s5,phase2/results/predictions/full/clean_only/tcn/seed_101/bandpass_n20003_cLL_electrode_s5.npz,75971,2438e98cbf886d509208bb0ec49d3f4bc7042129482295cb23dc6d59527e4d8e
tcn,clean_only,101,bandpass_n20003_cLL_electrode_s0,phase2/results/predictions/full/clean_only/tcn/seed_101/bandpass_n20003_cLL_electrode_s0.npz,75779,f7be5aaec0103e091a4e5f9a540c2fb44ac1af0c79ac10780eeee737f3cbfac5
tcn,clean_only,101,bandpass_n20003_cLL_covariance_s20,phase2/results/predictions/full/clean_only/tcn/seed_101/bandpass_n20003_cLL_covariance_s20.npz,76357,bdbcb021b615c0a5afb30be7bc605354a287d8adb8311d85400defae9acf7a51
tcn,clean_only,101,bandpass_n20003_cLL_covariance_s15,phase2/results/predictions/full/clean_only/tcn/seed_101/bandpass_n20003_cLL_covariance_s15.npz,76378,01c359476f802c8350e7ce2c20cef6b2ce63648af9f104182baab018359ae4a6
tcn,clean_only,101,bandpass_n20003_cLL_covariance_s10,phase2/results/predictions/full/clean_only/tcn/seed_101/bandpass_n20003_cLL_covariance_s10.npz,76212,bbe6e6c7482c7910fc1b50b285ffb96184957356ddad61ec6d4cccf43778469f
tcn,clean_only,101,bandpass_n20003_cLL_covariance_s5,phase2/results/predictions/full/clean_only/tcn/seed_101/bandpass_n20003_cLL_covariance_s5.npz,75952,797f49f0be001e2564bb1c91971ee9fe75bbfe75b3719372b9b4b42f629d05d0
tcn,clean_only,101,bandpass_n20003_cLL_covariance_s0,phase2/results/predictions/full/clean_only/tcn/seed_101/bandpass_n20003_cLL_covariance_s0.npz,75795,a8442b5de5c68f25f01428d5bc328c3e43edc9a5bb042eedd6ddf1183f130830
tcn,clean_only,101,bandpass_n20003_cRA_V1_independent_rms_s20,phase2/results/predictions/full/clean_only/tcn/seed_101/bandpass_n20003_cRA_V1_independent_rms_s20.npz,76417,f53a57c8ac134a5a43bcbf8b603e67b15cf4f8c92bacf7b7e8084007fc4dd228
tcn,clean_only,101,bandpass_n20003_cRA_V1_independent_rms_s15,phase2/results/predictions/full/clean_only/tcn/seed_101/bandpass_n20003_cRA_V1_independent_rms_s15.npz,76407,c34e77c71d0229322b4f03e4c9202cf4e18d3e8d15e0b12a42189c779f26f2bb
tcn,clean_only,101,bandpass_n20003_cRA_V1_independent_rms_s10,phase2/results/predictions/full/clean_only/tcn/seed_101/bandpass_n20003_cRA_V1_independent_rms_s10.npz,76351,7a8ab93e94ba11f384db2eb9e11738863239618aa2de4d8b96d6f430a063f6a3
tcn,clean_only,101,bandpass_n20003_cRA_V1_independent_rms_s5,phase2/results/predictions/full/clean_only/tcn/seed_101/bandpass_n20003_cRA_V1_independent_rms_s5.npz,76137,a0bbb314957acef30c41e84db19aa49c27c2a38eab2401a2e64c5480338f0901
tcn,clean_only,101,bandpass_n20003_cRA_V1_independent_rms_s0,phase2/results/predictions/full/clean_only/tcn/seed_101/bandpass_n20003_cRA_V1_independent_rms_s0.npz,75743,106d132d27afc87b7169c35aaaccc76ca32b5489eb4ad7be9d4cff3ec5eac45e
tcn,clean_only,101,bandpass_n20003_cRA_V1_electrode_s20,phase2/results/predictions/full/clean_only/tcn/seed_101/bandpass_n20003_cRA_V1_electrode_s20.npz,76407,d9ca8485f6feeae09a6cd4def64e3e5e3b7985512e8871362afeec74e6614540
tcn,clean_only,101,bandpass_n20003_cRA_V1_electrode_s15,phase2/results/predictions/full/clean_only/tcn/seed_101/bandpass_n20003_cRA_V1_electrode_s15.npz,76362,ebbedb1d5b49b250700e89072e5eb4d4e7a006a64ad50e07f4fdee348e8674e6
tcn,clean_only,101,bandpass_n20003_cRA_V1_electrode_s10,phase2/results/predictions/full/clean_only/tcn/seed_101/bandpass_n20003_cRA_V1_electrode_s10.npz,76238,879ee6fbbc7b53d6226d33fe9f24656ec00cc9731dfec61bff36253626149534
tcn,clean_only,101,bandpass_n20003_cRA_V1_electrode_s5,phase2/results/predictions/full/clean_only/tcn/seed_101/bandpass_n20003_cRA_V1_electrode_s5.npz,76007,168c15636d8e9e44317a21d4e69de3d89621661938c25c3b8e1f57a95bb5132a
tcn,clean_only,101,bandpass_n20003_cRA_V1_electrode_s0,phase2/results/predictions/full/clean_only/tcn/seed_101/bandpass_n20003_cRA_V1_electrode_s0.npz,75631,fdcfc0e2d04b1a0b4c1fa24901a514a698cad55e0b9f16ea04097f6122eb8dbd
tcn,clean_only,101,bandpass_n20003_cRA_V1_covariance_s20,phase2/results/predictions/full/clean_only/tcn/seed_101/bandpass_n20003_cRA_V1_covariance_s20.npz,76376,a8136796637e2047ea9fd3528b8cb4766791ad9fb266e90f7a5186fb86f3fce8
tcn,clean_only,101,bandpass_n20003_cRA_V1_covariance_s15,phase2/results/predictions/full/clean_only/tcn/seed_101/bandpass_n20003_cRA_V1_covariance_s15.npz,76381,32fe879ca9de77ef6b4fb8b3c6214ad50593750c227be520cb9f5977b948b441
tcn,clean_only,101,bandpass_n20003_cRA_V1_covariance_s10,phase2/results/predictions/full/clean_only/tcn/seed_101/bandpass_n20003_cRA_V1_covariance_s10.npz,76264,ac2e8a98a3b35462e3180511e6f8cafce03dc186dd96978588581a13f52831e3
tcn,clean_only,101,bandpass_n20003_cRA_V1_covariance_s5,phase2/results/predictions/full/clean_only/tcn/seed_101/bandpass_n20003_cRA_V1_covariance_s5.npz,75991,75bfee674be6971f8db5177435ac5e0bbc699c3a69f73c42bca7e78295806211
tcn,clean_only,101,bandpass_n20003_cRA_V1_covariance_s0,phase2/results/predictions/full/clean_only/tcn/seed_101/bandpass_n20003_cRA_V1_covariance_s0.npz,75627,3ce126803b5aaa34e037d1d347ace4d4952d91f759f4674597c1631c905fc726
tcn,clean_only,101,bandpass_n20003_cLA_V6_independent_rms_s20,phase2/results/predictions/full/clean_only/tcn/seed_101/bandpass_n20003_cLA_V6_independent_rms_s20.npz,76416,9995d7d5fe5e3aaa3102e5d6c69d0375ae7ed05e48b1f44db64630d70885edb9
tcn,clean_only,101,bandpass_n20003_cLA_V6_independent_rms_s15,phase2/results/predictions/full/clean_only/tcn/seed_101/bandpass_n20003_cLA_V6_independent_rms_s15.npz,76412,5936815b3141cd8dd33729a317ecddfb05350fab6e5ebc18c20dda8fa5e00e18
tcn,clean_only,101,bandpass_n20003_cLA_V6_independent_rms_s10,phase2/results/predictions/full/clean_only/tcn/seed_101/bandpass_n20003_cLA_V6_independent_rms_s10.npz,76354,d37e0de4d593490c51d3f4d24c773574504e190bda6d964f78bff2506896271f
tcn,clean_only,101,bandpass_n20003_cLA_V6_independent_rms_s5,phase2/results/predictions/full/clean_only/tcn/seed_101/bandpass_n20003_cLA_V6_independent_rms_s5.npz,76205,b5695707fc7ff28f9b53cd78c94bbb6785a4cb06e83090e33835107276bbb8c2
tcn,clean_only,101,bandpass_n20003_cLA_V6_independent_rms_s0,phase2/results/predictions/full/clean_only/tcn/seed_101/bandpass_n20003_cLA_V6_independent_rms_s0.npz,75791,9aa8c947a87f3a9afdacff9dfb0386d0c2bf3d0379bc531be107c0b6eefb7cb2
tcn,clean_only,101,bandpass_n20003_cLA_V6_electrode_s20,phase2/results/predictions/full/clean_only/tcn/seed_101/bandpass_n20003_cLA_V6_electrode_s20.npz,76417,4c060288e0df756d8ca4a28f438b630910acf3d7b3e7547d34789eb4fb4ca862
tcn,clean_only,101,bandpass_n20003_cLA_V6_electrode_s15,phase2/results/predictions/full/clean_only/tcn/seed_101/bandpass_n20003_cLA_V6_electrode_s15.npz,76365,b6c5eb46327cbcca7890e987e9b290d66574bc686e6a0797e8d7ae53b71f0ccf
tcn,clean_only,101,bandpass_n20003_cLA_V6_electrode_s10,phase2/results/predictions/full/clean_only/tcn/seed_101/bandpass_n20003_cLA_V6_electrode_s10.npz,76289,d450d6e80da7f0fb4d0b3506fd472864864a61287d6e5623ca514b432e4f43b3
tcn,clean_only,101,bandpass_n20003_cLA_V6_electrode_s5,phase2/results/predictions/full/clean_only/tcn/seed_101/bandpass_n20003_cLA_V6_electrode_s5.npz,75976,1c9da5075e484545b52309381edf8a04db8ffc97f2a82285e6c033f11c10ce4b
tcn,clean_only,101,bandpass_n20003_cLA_V6_electrode_s0,phase2/results/predictions/full/clean_only/tcn/seed_101/bandpass_n20003_cLA_V6_electrode_s0.npz,75806,8adf56c90327228761e1d65e95a7a8db0c8ca0a9c09948824be6991caa8c1da3
tcn,clean_only,101,bandpass_n20003_cLA_V6_covariance_s20,phase2/results/predictions/full/clean_only/tcn/seed_101/bandpass_n20003_cLA_V6_covariance_s20.npz,76416,a1896dcc477066fd6c93a1f3df2f780216a18adb9ad9e72c9ede4d0a1abe39dc
tcn,clean_only,101,bandpass_n20003_cLA_V6_covariance_s15,phase2/results/predictions/full/clean_only/tcn/seed_101/bandpass_n20003_cLA_V6_covariance_s15.npz,76409,b36f885094db856a4b5741e46a65e4df7de424503bb3ece82bc574c1e65da48c
tcn,clean_only,101,bandpass_n20003_cLA_V6_covariance_s10,phase2/results/predictions/full/clean_only/tcn/seed_101/bandpass_n20003_cLA_V6_covariance_s10.npz,76275,c5d7af9c0561e68103a658b7cb56c0a9b4069507fafe008fc4bf2e290d530853
tcn,clean_only,101,bandpass_n20003_cLA_V6_covariance_s5,phase2/results/predictions/full/clean_only/tcn/seed_101/bandpass_n20003_cLA_V6_covariance_s5.npz,76017,657a2ea09a5a3b4d3a336af91681c78a835641642b8badf5f84239a56d8aec74
tcn,clean_only,101,bandpass_n20003_cLA_V6_covariance_s0,phase2/results/predictions/full/clean_only/tcn/seed_101/bandpass_n20003_cLA_V6_covariance_s0.npz,75778,e733bb30fd1a43ce64be193e0131d5f723877326de863981a5649d5c23a5fe23
tcn,clean_only,101,bandpass_n20003_cLL_V4_independent_rms_s20,phase2/results/predictions/full/clean_only/tcn/seed_101/bandpass_n20003_cLL_V4_independent_rms_s20.npz,76411,49b57195921b97785a54af7b04d8b7d7f8e6bf54b5c47c4e4d711ade01979243
tcn,clean_only,101,bandpass_n20003_cLL_V4_independent_rms_s15,phase2/results/predictions/full/clean_only/tcn/seed_101/bandpass_n20003_cLL_V4_independent_rms_s15.npz,76390,dc993224b189cc55caa6fe81b21f8862db6fa82aea1e760513be7f735d0d6cbe
tcn,clean_only,101,bandpass_n20003_cLL_V4_independent_rms_s10,phase2/results/predictions/full/clean_only/tcn/seed_101/bandpass_n20003_cLL_V4_independent_rms_s10.npz,76347,df2245ba56258f0d57c8fe62aa412bbedacc807df55e6067cb00196d973c881d
tcn,clean_only,101,bandpass_n20003_cLL_V4_independent_rms_s5,phase2/results/predictions/full/clean_only/tcn/seed_101/bandpass_n20003_cLL_V4_independent_rms_s5.npz,76197,a8af57b317cc5554ad2a285d7ff7e3799ffb05cefd35bd5eaa7826ab2e9cfcb8
tcn,clean_only,101,bandpass_n20003_cLL_V4_independent_rms_s0,phase2/results/predictions/full/clean_only/tcn/seed_101/bandpass_n20003_cLL_V4_independent_rms_s0.npz,75752,d6a5a1460d271e774da2889dceafcdfb1cde9fab82c5e1abab3d97068cf6c4f2
tcn,clean_only,101,bandpass_n20003_cLL_V4_electrode_s20,phase2/results/predictions/full/clean_only/tcn/seed_101/bandpass_n20003_cLL_V4_electrode_s20.npz,76427,7d045a461f028ba0cb0ad1c07ad28848a78f170b7baa2f1e7e358567527c8ed5
tcn,clean_only,101,bandpass_n20003_cLL_V4_electrode_s15,phase2/results/predictions/full/clean_only/tcn/seed_101/bandpass_n20003_cLL_V4_electrode_s15.npz,76382,ace65081aab7cf8bdad7f9d2c991ad49582ae9b966676545c6c821e771d47b87
tcn,clean_only,101,bandpass_n20003_cLL_V4_electrode_s10,phase2/results/predictions/full/clean_only/tcn/seed_101/bandpass_n20003_cLL_V4_electrode_s10.npz,76291,d5d114c04e2d7c51b89cba9117debeaec6e7964a9da8df4ddf899b0d91ddb749
tcn,clean_only,101,bandpass_n20003_cLL_V4_electrode_s5,phase2/results/predictions/full/clean_only/tcn/seed_101/bandpass_n20003_cLL_V4_electrode_s5.npz,76029,273798bb4eef9b6caeedf7f24c7487ec4b1d96c7ebf628592796a8d0cdc04e7c
tcn,clean_only,101,bandpass_n20003_cLL_V4_electrode_s0,phase2/results/predictions/full/clean_only/tcn/seed_101/bandpass_n20003_cLL_V4_electrode_s0.npz,75741,55dea5d3c0a9329220496bd40fcc65bafbdf379f740eafb32123cb0c6bbe7abd
tcn,clean_only,101,bandpass_n20003_cLL_V4_covariance_s20,phase2/results/predictions/full/clean_only/tcn/seed_101/bandpass_n20003_cLL_V4_covariance_s20.npz,76391,0dd392aaff3a764c1053419e443fd2259034abe31df85691da298f9fe3063376
tcn,clean_only,101,bandpass_n20003_cLL_V4_covariance_s15,phase2/results/predictions/full/clean_only/tcn/seed_101/bandpass_n20003_cLL_V4_covariance_s15.npz,76386,7c6c52f6f4f4525dd9078b56011ef0d6d76d920289cf322cdf0548dbfa0a5664
tcn,clean_only,101,bandpass_n20003_cLL_V4_covariance_s10,phase2/results/predictions/full/clean_only/tcn/seed_101/bandpass_n20003_cLL_V4_covariance_s10.npz,76279,8ad7433a35de108e7ab730be8a146bbc61e7a696130daf966fc5c556d7783de5
tcn,clean_only,101,bandpass_n20003_cLL_V4_covariance_s5,phase2/results/predictions/full/clean_only/tcn/seed_101/bandpass_n20003_cLL_V4_covariance_s5.npz,76025,43b42363362a805ff2aed5571058940dcf31c5fbe4fa24aec021a7fa91c36d4b
tcn,clean_only,101,bandpass_n20003_cLL_V4_covariance_s0,phase2/results/predictions/full/clean_only/tcn/seed_101/bandpass_n20003_cLL_V4_covariance_s0.npz,75749,68495dc01889acdea68a7d5cf2a1f4980f3fe907681de094a5a317775b946fa7
tcn,clean_only,101,bandpass_n20003_cRA_LA_V1_V6_independent_rms_s20,phase2/results/predictions/full/clean_only/tcn/seed_101/bandpass_n20003_cRA_LA_V1_V6_independent_rms_s20.npz,76446,c476d5daf2aba0400793d15982fc0934eaaed695490ec99e034a409ec1a76466
tcn,clean_only,101,bandpass_n20003_cRA_LA_V1_V6_independent_rms_s15,phase2/results/predictions/full/clean_only/tcn/seed_101/bandpass_n20003_cRA_LA_V1_V6_independent_rms_s15.npz,76397,3858a2125ba27ad5f081269426f4770aca335e20634c46863abff4167b5a60c6
tcn,clean_only,101,bandpass_n20003_cRA_LA_V1_V6_independent_rms_s10,phase2/results/predictions/full/clean_only/tcn/seed_101/bandpass_n20003_cRA_LA_V1_V6_independent_rms_s10.npz,76373,69f2b112872202b7374ee465869a9cdbdcd43cd450253245bdbfb8fa1c05eb26
tcn,clean_only,101,bandpass_n20003_cRA_LA_V1_V6_independent_rms_s5,phase2/results/predictions/full/clean_only/tcn/seed_101/bandpass_n20003_cRA_LA_V1_V6_independent_rms_s5.npz,76198,6b2c8a43a916f6fa67e0dcfb0292325d9fa1ff8526c09aa71dc1f88a9b4b81d9
tcn,clean_only,101,bandpass_n20003_cRA_LA_V1_V6_independent_rms_s0,phase2/results/predictions/full/clean_only/tcn/seed_101/bandpass_n20003_cRA_LA_V1_V6_independent_rms_s0.npz,75751,b8b52a6b2aa92834b20ed02f9fda586cb447686e708c43a2422e4460d98d6a5d
tcn,clean_only,101,bandpass_n20003_cRA_LA_V1_V6_electrode_s20,phase2/results/predictions/full/clean_only/tcn/seed_101/bandpass_n20003_cRA_LA_V1_V6_electrode_s20.npz,76403,ced1563d41d20d3c7a05f4fbc68072ffb98e5615672f7ce6564f466c4fb6ddd8
tcn,clean_only,101,bandpass_n20003_cRA_LA_V1_V6_electrode_s15,phase2/results/predictions/full/clean_only/tcn/seed_101/bandpass_n20003_cRA_LA_V1_V6_electrode_s15.npz,76403,1434974f7f0bdc4e4fb3e8732ef2e835b28bc853cc7ee8f8d88212191e636177
tcn,clean_only,101,bandpass_n20003_cRA_LA_V1_V6_electrode_s10,phase2/results/predictions/full/clean_only/tcn/seed_101/bandpass_n20003_cRA_LA_V1_V6_electrode_s10.npz,76254,405ebc3c7b8f7e687ca14da4b816b4e3e6d722c72c24b656ab2326158c3b56d9
tcn,clean_only,101,bandpass_n20003_cRA_LA_V1_V6_electrode_s5,phase2/results/predictions/full/clean_only/tcn/seed_101/bandpass_n20003_cRA_LA_V1_V6_electrode_s5.npz,76008,b8bb0b32d0e73f7ea2c43e44bb2eae946883ea248d02040d8b1757def0293c05
tcn,clean_only,101,bandpass_n20003_cRA_LA_V1_V6_electrode_s0,phase2/results/predictions/full/clean_only/tcn/seed_101/bandpass_n20003_cRA_LA_V1_V6_electrode_s0.npz,75715,a9afe2144036dcd110699696706afeb98152fe5274bb03b6fe2287c2c9f67370
tcn,clean_only,101,bandpass_n20003_cRA_LA_V1_V6_covariance_s20,phase2/results/predictions/full/clean_only/tcn/seed_101/bandpass_n20003_cRA_LA_V1_V6_covariance_s20.npz,76424,bb316646b0f789d2f29a3b1a559367b269a9f3c222ea8d59da68ebd444ae5d4e
tcn,clean_only,101,bandpass_n20003_cRA_LA_V1_V6_covariance_s15,phase2/results/predictions/full/clean_only/tcn/seed_101/bandpass_n20003_cRA_LA_V1_V6_covariance_s15.npz,76406,59f4272024d99adeed6b1b762f67e55068203a9d401a6540702985f505bc4f05
tcn,clean_only,101,bandpass_n20003_cRA_LA_V1_V6_covariance_s10,phase2/results/predictions/full/clean_only/tcn/seed_101/bandpass_n20003_cRA_LA_V1_V6_covariance_s10.npz,76313,3cba5c2daa93aefd915cdd0b6eb6472b229a48f025cd1b40e27ede66ae320942
tcn,clean_only,101,bandpass_n20003_cRA_LA_V1_V6_covariance_s5,phase2/results/predictions/full/clean_only/tcn/seed_101/bandpass_n20003_cRA_LA_V1_V6_covariance_s5.npz,75986,ccbd1c45a3161d342cee0728ee491ea2bef06c35390c08c62061a7361e78cf5d
tcn,clean_only,101,bandpass_n20003_cRA_LA_V1_V6_covariance_s0,phase2/results/predictions/full/clean_only/tcn/seed_101/bandpass_n20003_cRA_LA_V1_V6_covariance_s0.npz,75694,c117b758dbb3ed3817878ceb4446ed40d8b77c75aaecb35a45624332eba46865
tcn,clean_only,101,bandpass_n20003_cRA_V2_V5_independent_rms_s20,phase2/results/predictions/full/clean_only/tcn/seed_101/bandpass_n20003_cRA_V2_V5_independent_rms_s20.npz,76436,a6830594a7307a9d5f9a7ad53a633aa972b449fa7fc5165520bfee6844a4ba1e
tcn,clean_only,101,bandpass_n20003_cRA_V2_V5_independent_rms_s15,phase2/results/predictions/full/clean_only/tcn/seed_101/bandpass_n20003_cRA_V2_V5_independent_rms_s15.npz,76431,7cfcda1b1d1780adb87fb34d2127b159b8cc1b443548225de08da6c8b47b2881
tcn,clean_only,101,bandpass_n20003_cRA_V2_V5_independent_rms_s10,phase2/results/predictions/full/clean_only/tcn/seed_101/bandpass_n20003_cRA_V2_V5_independent_rms_s10.npz,76375,cfa61fcb708fdafbaaccec6e52cf1b14278ed47ab9f37c30dd83d40dcb051198
tcn,clean_only,101,bandpass_n20003_cRA_V2_V5_independent_rms_s5,phase2/results/predictions/full/clean_only/tcn/seed_101/bandpass_n20003_cRA_V2_V5_independent_rms_s5.npz,76192,e509ad371495c1dba6851318fe5c332dfadf628395cbabed0ec7b302b95e65ce
tcn,clean_only,101,bandpass_n20003_cRA_V2_V5_independent_rms_s0,phase2/results/predictions/full/clean_only/tcn/seed_101/bandpass_n20003_cRA_V2_V5_independent_rms_s0.npz,75770,55945427e55978b703da2412bcdfd5bad1addf5136724969cfda27f08ccb8491
tcn,clean_only,101,bandpass_n20003_cRA_V2_V5_electrode_s20,phase2/results/predictions/full/clean_only/tcn/seed_101/bandpass_n20003_cRA_V2_V5_electrode_s20.npz,76408,c9d4afc1c203d1c91a5a830a134f4a6b3476828f6b7b975bd0fe8741f8d79bdf
tcn,clean_only,101,bandpass_n20003_cRA_V2_V5_electrode_s15,phase2/results/predictions/full/clean_only/tcn/seed_101/bandpass_n20003_cRA_V2_V5_electrode_s15.npz,76378,1ac162dac2a08e32ab7c3a7ba9becfbbf948f3fd5d08a12d4b98f3ef59b0bf64
tcn,clean_only,101,bandpass_n20003_cRA_V2_V5_electrode_s10,phase2/results/predictions/full/clean_only/tcn/seed_101/bandpass_n20003_cRA_V2_V5_electrode_s10.npz,76286,0513938b5e3c676f7a884fd2b3b4631b3884a8f77f214e93e4fe88c10eeee9e7
tcn,clean_only,101,bandpass_n20003_cRA_V2_V5_electrode_s5,phase2/results/predictions/full/clean_only/tcn/seed_101/bandpass_n20003_cRA_V2_V5_electrode_s5.npz,76041,0960c43b787a53f9eaae904f9d67253ccf624a32fae502a162e7857b6fdcc000
tcn,clean_only,101,bandpass_n20003_cRA_V2_V5_electrode_s0,phase2/results/predictions/full/clean_only/tcn/seed_101/bandpass_n20003_cRA_V2_V5_electrode_s0.npz,75646,53f7c840a4e13629ec8b1d5a34f4433c10db0456cc835be58f5684f12a91fcf5
tcn,clean_only,101,bandpass_n20003_cRA_V2_V5_covariance_s20,phase2/results/predictions/full/clean_only/tcn/seed_101/bandpass_n20003_cRA_V2_V5_covariance_s20.npz,76394,499a86605dea683518bb2ec3c1f57db21bb2bfb574a440f081b42e6f81315d88
tcn,clean_only,101,bandpass_n20003_cRA_V2_V5_covariance_s15,phase2/results/predictions/full/clean_only/tcn/seed_101/bandpass_n20003_cRA_V2_V5_covariance_s15.npz,76374,79eccedfd4c6bee38631c978eb340f949d36a4f53a9ad536245e621052edfd87
tcn,clean_only,101,bandpass_n20003_cRA_V2_V5_covariance_s10,phase2/results/predictions/full/clean_only/tcn/seed_101/bandpass_n20003_cRA_V2_V5_covariance_s10.npz,76332,476ddd01d1872b24d68e97bde07f13b0cef35c638daf0bb7a2edd221c37d019e
tcn,clean_only,101,bandpass_n20003_cRA_V2_V5_covariance_s5,phase2/results/predictions/full/clean_only/tcn/seed_101/bandpass_n20003_cRA_V2_V5_covariance_s5.npz,76044,eb90f7118084a2d74e10c3d04eb8c84849130b7f98473a50167e003b4d696c46
tcn,clean_only,101,bandpass_n20003_cRA_V2_V5_covariance_s0,phase2/results/predictions/full/clean_only/tcn/seed_101/bandpass_n20003_cRA_V2_V5_covariance_s0.npz,75672,acbea0c98ebc47d9f3f064a120ac50f69cbec9919de2354825504c064f106ec2
tcn,clean_only,101,bandpass_n20003_cLA_V3_V6_independent_rms_s20,phase2/results/predictions/full/clean_only/tcn/seed_101/bandpass_n20003_cLA_V3_V6_independent_rms_s20.npz,76393,8b5799fb2c0398d9df1115e58f5f2442b423ce950f80c7bd25a824fce9e6c17e
tcn,clean_only,101,bandpass_n20003_cLA_V3_V6_independent_rms_s15,phase2/results/predictions/full/clean_only/tcn/seed_101/bandpass_n20003_cLA_V3_V6_independent_rms_s15.npz,76414,153c7dff8c5798c5680a14507f8586b668d9b7032a07f08fb0b9ef874c38dce4
tcn,clean_only,101,bandpass_n20003_cLA_V3_V6_independent_rms_s10,phase2/results/predictions/full/clean_only/tcn/seed_101/bandpass_n20003_cLA_V3_V6_independent_rms_s10.npz,76363,866097bb05b79ec0736e6cc74f517ad6cde9c375d2a2804e1ac775e9c55718b9
tcn,clean_only,101,bandpass_n20003_cLA_V3_V6_independent_rms_s5,phase2/results/predictions/full/clean_only/tcn/seed_101/bandpass_n20003_cLA_V3_V6_independent_rms_s5.npz,76221,c7fbccece40813661f77f4925ab281fc7ea97adfd4fb45e47ef63c3de5481019
tcn,clean_only,101,bandpass_n20003_cLA_V3_V6_independent_rms_s0,phase2/results/predictions/full/clean_only/tcn/seed_101/bandpass_n20003_cLA_V3_V6_independent_rms_s0.npz,75782,9ff14c3641f61752ae579780be1658e4add9b69c2a00fa7713157a664cc12239
tcn,clean_only,101,bandpass_n20003_cLA_V3_V6_electrode_s20,phase2/results/predictions/full/clean_only/tcn/seed_101/bandpass_n20003_cLA_V3_V6_electrode_s20.npz,76425,90ed5606de387b768c90fe281168fe1239ed9be9f5cba53b21ef7a5583fc5499
tcn,clean_only,101,bandpass_n20003_cLA_V3_V6_electrode_s15,phase2/results/predictions/full/clean_only/tcn/seed_101/bandpass_n20003_cLA_V3_V6_electrode_s15.npz,76385,17859f07bc5f111cacefce524ce742e329537b2c226f946c6fd99991771da2a9
tcn,clean_only,101,bandpass_n20003_cLA_V3_V6_electrode_s10,phase2/results/predictions/full/clean_only/tcn/seed_101/bandpass_n20003_cLA_V3_V6_electrode_s10.npz,76281,3b32f8288b39fabf27e84ca4c092491331f205d9843cb28baa15c167c3493b39
tcn,clean_only,101,bandpass_n20003_cLA_V3_V6_electrode_s5,phase2/results/predictions/full/clean_only/tcn/seed_101/bandpass_n20003_cLA_V3_V6_electrode_s5.npz,76030,d68aa72d55622315c6bc97348cc125330ba35f283d0741f3c4f91f0ed6ab22aa
tcn,clean_only,101,bandpass_n20003_cLA_V3_V6_electrode_s0,phase2/results/predictions/full/clean_only/tcn/seed_101/bandpass_n20003_cLA_V3_V6_electrode_s0.npz,75764,2b373ee9d34a2c26070aba939524f3241f4b865c3702abcf176c90490c7eadca
tcn,clean_only,101,bandpass_n20003_cLA_V3_V6_covariance_s20,phase2/results/predictions/full/clean_only/tcn/seed_101/bandpass_n20003_cLA_V3_V6_covariance_s20.npz,76412,85b3d7ff26ec439035e89591f7833d4d64973542afc364fb776f6e7cb29de570
tcn,clean_only,101,bandpass_n20003_cLA_V3_V6_covariance_s15,phase2/results/predictions/full/clean_only/tcn/seed_101/bandpass_n20003_cLA_V3_V6_covariance_s15.npz,76404,69ca614e179d438e1e30db3a5bc1d0729c0f2a2d46e06c3530a344afe157b60d
tcn,clean_only,101,bandpass_n20003_cLA_V3_V6_covariance_s10,phase2/results/predictions/full/clean_only/tcn/seed_101/bandpass_n20003_cLA_V3_V6_covariance_s10.npz,76308,853640af3ad65f117d867043e0b41bef30f3827094859c700138e6d2bd49c97c
tcn,clean_only,101,bandpass_n20003_cLA_V3_V6_covariance_s5,phase2/results/predictions/full/clean_only/tcn/seed_101/bandpass_n20003_cLA_V3_V6_covariance_s5.npz,76026,4462374b84091d849b8d6e56d986a466b07d98be869c07370de39bfe632dc6dc
tcn,clean_only,101,bandpass_n20003_cLA_V3_V6_covariance_s0,phase2/results/predictions/full/clean_only/tcn/seed_101/bandpass_n20003_cLA_V3_V6_covariance_s0.npz,75773,536a9e1e7ea1858b6b0f605770c3a19c1fe176a3a3a4e16efb45fc578d1aed4f
tcn,clean_only,101,bandpass_n20003_cLL_V1_V4_independent_rms_s20,phase2/results/predictions/full/clean_only/tcn/seed_101/bandpass_n20003_cLL_V1_V4_independent_rms_s20.npz,76440,53cb4402f76ee410861c479120975a55d417e1ec48976095009bc8bd1345029f
tcn,clean_only,101,bandpass_n20003_cLL_V1_V4_independent_rms_s15,phase2/results/predictions/full/clean_only/tcn/seed_101/bandpass_n20003_cLL_V1_V4_independent_rms_s15.npz,76428,f56be68bb956aa99725a7169b55bfc72f9e8740246895c968bc0b476b875c390
tcn,clean_only,101,bandpass_n20003_cLL_V1_V4_independent_rms_s10,phase2/results/predictions/full/clean_only/tcn/seed_101/bandpass_n20003_cLL_V1_V4_independent_rms_s10.npz,76355,54193e1d6d564f3401283f2cabf0a91055e5001fed1cda5aaffd645316699b28
tcn,clean_only,101,bandpass_n20003_cLL_V1_V4_independent_rms_s5,phase2/results/predictions/full/clean_only/tcn/seed_101/bandpass_n20003_cLL_V1_V4_independent_rms_s5.npz,76174,c857ae1baf333e588d1a630b7e0c1d9603b9cfcf3184e732891e757824f7a41c
tcn,clean_only,101,bandpass_n20003_cLL_V1_V4_independent_rms_s0,phase2/results/predictions/full/clean_only/tcn/seed_101/bandpass_n20003_cLL_V1_V4_independent_rms_s0.npz,75762,ca1bf6e75ec2a35d89e22345a424b6a4c37314071a97a96c5829691afe80c771
tcn,clean_only,101,bandpass_n20003_cLL_V1_V4_electrode_s20,phase2/results/predictions/full/clean_only/tcn/seed_101/bandpass_n20003_cLL_V1_V4_electrode_s20.npz,76400,ca77e4349aeb718c82518a93a441b72fa76bee31d799d64ac0dc6a3026b250a3
tcn,clean_only,101,bandpass_n20003_cLL_V1_V4_electrode_s15,phase2/results/predictions/full/clean_only/tcn/seed_101/bandpass_n20003_cLL_V1_V4_electrode_s15.npz,76380,d1bc22102e3c9d97f8ed5b5b38ee2f4dc55df4d6d2b09273d67d07a7ba0f42dc
tcn,clean_only,101,bandpass_n20003_cLL_V1_V4_electrode_s10,phase2/results/predictions/full/clean_only/tcn/seed_101/bandpass_n20003_cLL_V1_V4_electrode_s10.npz,76323,9a034154a7c1245293b89b216cabbe5fa49d47829c455575aaf3923c5a7c38f7
tcn,clean_only,101,bandpass_n20003_cLL_V1_V4_electrode_s5,phase2/results/predictions/full/clean_only/tcn/seed_101/bandpass_n20003_cLL_V1_V4_electrode_s5.npz,76032,7a0f6455b9db9815774f21820ca4202e9dd9691e28cbd4aaab85083126ec0d7a
tcn,clean_only,101,bandpass_n20003_cLL_V1_V4_electrode_s0,phase2/results/predictions/full/clean_only/tcn/seed_101/bandpass_n20003_cLL_V1_V4_electrode_s0.npz,75766,c61f5349c8498270dd15d46cb06ca6d830cd5a0b8d170b9410fece781eeae9c8
tcn,clean_only,101,bandpass_n20003_cLL_V1_V4_covariance_s20,phase2/results/predictions/full/clean_only/tcn/seed_101/bandpass_n20003_cLL_V1_V4_covariance_s20.npz,76404,74fdfa67c180fbd2f98af7a8d964b6d78daba061c47992b4c2baacbc6bc9e9bb
tcn,clean_only,101,bandpass_n20003_cLL_V1_V4_covariance_s15,phase2/results/predictions/full/clean_only/tcn/seed_101/bandpass_n20003_cLL_V1_V4_covariance_s15.npz,76394,7bc48990e17c7fbffe2ba711b02a5e10b364a9d955697eea042a58b08e81cb5d
tcn,clean_only,101,bandpass_n20003_cLL_V1_V4_covariance_s10,phase2/results/predictions/full/clean_only/tcn/seed_101/bandpass_n20003_cLL_V1_V4_covariance_s10.npz,76305,2b87d9eb7128836b84c0438992c1406270bb5196e174bf7b685ff3f7a3a6e1c0
tcn,clean_only,101,bandpass_n20003_cLL_V1_V4_covariance_s5,phase2/results/predictions/full/clean_only/tcn/seed_101/bandpass_n20003_cLL_V1_V4_covariance_s5.npz,76008,d238bd077b9159bff3cad265cdec4249d670f4148d918e126d6ec123eecc8258
tcn,clean_only,101,bandpass_n20003_cLL_V1_V4_covariance_s0,phase2/results/predictions/full/clean_only/tcn/seed_101/bandpass_n20003_cLL_V1_V4_covariance_s0.npz,75782,6de311bf9a0d6bf59901e9f657736b6640edd6b8c6b34cc68e7604ea5a10fd2d
tcn,clean_only,101,bandpass_n20003_call_independent_rms_s20,phase2/results/predictions/full/clean_only/tcn/seed_101/bandpass_n20003_call_independent_rms_s20.npz,76404,52bbc896d75dc3baa18d9fb6c308730bfe57425882ee25a819a20f1a1d26babb
tcn,clean_only,101,bandpass_n20003_call_independent_rms_s15,phase2/results/predictions/full/clean_only/tcn/seed_101/bandpass_n20003_call_independent_rms_s15.npz,76361,788e08590c9be0789e6e597e670ec8d2a28254c31e1be1cdf5550de8f4e6df5b
tcn,clean_only,101,bandpass_n20003_call_independent_rms_s10,phase2/results/predictions/full/clean_only/tcn/seed_101/bandpass_n20003_call_independent_rms_s10.npz,76344,bbee8d9a306a426e702523d0d42e961018cde7d45250bee05642d26e3df88ce6
tcn,clean_only,101,bandpass_n20003_call_independent_rms_s5,phase2/results/predictions/full/clean_only/tcn/seed_101/bandpass_n20003_call_independent_rms_s5.npz,76145,bd88aa6d981cef3cc9d89e3da8467184f97ae319234f8d8e1a15948003e25107
tcn,clean_only,101,bandpass_n20003_call_independent_rms_s0,phase2/results/predictions/full/clean_only/tcn/seed_101/bandpass_n20003_call_independent_rms_s0.npz,75746,920be93a5e6d925ef4ee51eb19f6f171e3af6c4bb64950eb294660ced09a0da2
tcn,clean_only,101,bandpass_n20003_call_electrode_s20,phase2/results/predictions/full/clean_only/tcn/seed_101/bandpass_n20003_call_electrode_s20.npz,76343,1a6f5d791e719ca9bc84cec9b8d5ec093b2947a1064d682935e04f28fed9f737
tcn,clean_only,101,bandpass_n20003_call_electrode_s15,phase2/results/predictions/full/clean_only/tcn/seed_101/bandpass_n20003_call_electrode_s15.npz,76341,d3b6c962aca62ae8edf4d35eda3665f8f4693081fce3e98f7b736a0d393949b3
tcn,clean_only,101,bandpass_n20003_call_electrode_s10,phase2/results/predictions/full/clean_only/tcn/seed_101/bandpass_n20003_call_electrode_s10.npz,76238,b55c2256672106fdb356e0c8f9b2be08022673ad70670ec71acd21ec6fe5191d
tcn,clean_only,101,bandpass_n20003_call_electrode_s5,phase2/results/predictions/full/clean_only/tcn/seed_101/bandpass_n20003_call_electrode_s5.npz,75972,c1585e6e4951ee42af655caaa6266c63b437808a85bb9d7e59d9797e1d584556
tcn,clean_only,101,bandpass_n20003_call_electrode_s0,phase2/results/predictions/full/clean_only/tcn/seed_101/bandpass_n20003_call_electrode_s0.npz,75678,a3545ae9b0a0a913efba78d5695365ccd648bbd691261255b1854e5c852c38d3
tcn,clean_only,101,bandpass_n20003_call_covariance_s20,phase2/results/predictions/full/clean_only/tcn/seed_101/bandpass_n20003_call_covariance_s20.npz,76376,bc90e0983524253bf1a11f97b5987b7a987f4f1d16b1a378ae25b910428fcade
tcn,clean_only,101,bandpass_n20003_call_covariance_s15,phase2/results/predictions/full/clean_only/tcn/seed_101/bandpass_n20003_call_covariance_s15.npz,76357,870feb07bda1e1a1bd49468030b205f2b1e755d688461846f638b879e9156525
tcn,clean_only,101,bandpass_n20003_call_covariance_s10,phase2/results/predictions/full/clean_only/tcn/seed_101/bandpass_n20003_call_covariance_s10.npz,76283,a950166a2c04176336181bd8fe894bf67a76a9e8c601e55be37309214d7617f0
tcn,clean_only,101,bandpass_n20003_call_covariance_s5,phase2/results/predictions/full/clean_only/tcn/seed_101/bandpass_n20003_call_covariance_s5.npz,75972,200fe2ef2c06116efc169a89acd5bb9e8a72adfd1fa4edcaab9f3385c375d6ec
tcn,clean_only,101,bandpass_n20003_call_covariance_s0,phase2/results/predictions/full/clean_only/tcn/seed_101/bandpass_n20003_call_covariance_s0.npz,75702,d843995fac7c9042719ab4d4a07a77c876f5a2e413fae127b7de835f04fd2754
tcn,clean_only,101,bandpass_n20004_cRA_LA_LL_independent_rms_s20,phase2/results/predictions/full/clean_only/tcn/seed_101/bandpass_n20004_cRA_LA_LL_independent_rms_s20.npz,76422,0fe0acd895be7f5c00c9cd8afdbd8164538165bbf36b16a2ebeacbc7ddb6a8f8
tcn,clean_only,101,bandpass_n20004_cRA_LA_LL_independent_rms_s15,phase2/results/predictions/full/clean_only/tcn/seed_101/bandpass_n20004_cRA_LA_LL_independent_rms_s15.npz,76397,04a3634761a937afb4d4468e5997b15ee6945c8f62ef758b0c2e91924c54f1a2
tcn,clean_only,101,bandpass_n20004_cRA_LA_LL_independent_rms_s10,phase2/results/predictions/full/clean_only/tcn/seed_101/bandpass_n20004_cRA_LA_LL_independent_rms_s10.npz,76371,a1da5bd225b29bd39ebd902f10af07b5f203758b3b2eda0ed46c4a3a3f17a03d
tcn,clean_only,101,bandpass_n20004_cRA_LA_LL_independent_rms_s5,phase2/results/predictions/full/clean_only/tcn/seed_101/bandpass_n20004_cRA_LA_LL_independent_rms_s5.npz,76143,242a7cba9368d76f439beb93cdb1ed2088bf9cbae8a8e686376fdb490cf6efdc
tcn,clean_only,101,bandpass_n20004_cRA_LA_LL_independent_rms_s0,phase2/results/predictions/full/clean_only/tcn/seed_101/bandpass_n20004_cRA_LA_LL_independent_rms_s0.npz,75711,5c167dba7ae039c1d1eeb73b99799ccf5ad90579bb159150c2c2b248cda6f152
tcn,clean_only,101,bandpass_n20004_cRA_LA_LL_electrode_s20,phase2/results/predictions/full/clean_only/tcn/seed_101/bandpass_n20004_cRA_LA_LL_electrode_s20.npz,76405,7d32ea50731091d81a6ed85d16e589e0d5482ae1e1e4c1bc47b8a2ba5de51297
tcn,clean_only,101,bandpass_n20004_cRA_LA_LL_electrode_s15,phase2/results/predictions/full/clean_only/tcn/seed_101/bandpass_n20004_cRA_LA_LL_electrode_s15.npz,76375,8451445e14c41e3165a68e89a056994297ca3573c4ac123c206cc7515da025b0
tcn,clean_only,101,bandpass_n20004_cRA_LA_LL_electrode_s10,phase2/results/predictions/full/clean_only/tcn/seed_101/bandpass_n20004_cRA_LA_LL_electrode_s10.npz,76253,9531bdfcd88cd81dedf48ade99f69c68c3c0d359c8cd0ce8994fe26d2451d78c
tcn,clean_only,101,bandpass_n20004_cRA_LA_LL_electrode_s5,phase2/results/predictions/full/clean_only/tcn/seed_101/bandpass_n20004_cRA_LA_LL_electrode_s5.npz,75924,e4bdafb0f1b5cbd27ffa9e62d1e7af825c51e3bc6191b700097eba1a64a06689
tcn,clean_only,101,bandpass_n20004_cRA_LA_LL_electrode_s0,phase2/results/predictions/full/clean_only/tcn/seed_101/bandpass_n20004_cRA_LA_LL_electrode_s0.npz,75783,d8e6554538f6a80095033d246c9ba6f7750b61a35da9a4d92486da11b5c33248
tcn,clean_only,101,bandpass_n20004_cRA_LA_LL_covariance_s20,phase2/results/predictions/full/clean_only/tcn/seed_101/bandpass_n20004_cRA_LA_LL_covariance_s20.npz,76430,e08d5acd4ea485cef8f341d12a48c3303c9da01d10ba8301c60068690bf50389
tcn,clean_only,101,bandpass_n20004_cRA_LA_LL_covariance_s15,phase2/results/predictions/full/clean_only/tcn/seed_101/bandpass_n20004_cRA_LA_LL_covariance_s15.npz,76389,15dc5bbfd7865b1d7d38297b43698e7def645430638777e62e67ade4c3d9ab33
tcn,clean_only,101,bandpass_n20004_cRA_LA_LL_covariance_s10,phase2/results/predictions/full/clean_only/tcn/seed_101/bandpass_n20004_cRA_LA_LL_covariance_s10.npz,76245,4fda89740d5c7d8fbf5c75dc57351e882a8b896e176777fb3cea0cf3ca242d43
tcn,clean_only,101,bandpass_n20004_cRA_LA_LL_covariance_s5,phase2/results/predictions/full/clean_only/tcn/seed_101/bandpass_n20004_cRA_LA_LL_covariance_s5.npz,75922,88dee76263c9fa47e06ab3c366dfac7bb559f5cb4a6833a02ed273e614aec683
tcn,clean_only,101,bandpass_n20004_cRA_LA_LL_covariance_s0,phase2/results/predictions/full/clean_only/tcn/seed_101/bandpass_n20004_cRA_LA_LL_covariance_s0.npz,75762,f1fc163980c17f71cf77578bde2861e48c14ec9bf77fafccb8342f6d6f1d63d8
tcn,clean_only,101,bandpass_n20004_cV1_independent_rms_s20,phase2/results/predictions/full/clean_only/tcn/seed_101/bandpass_n20004_cV1_independent_rms_s20.npz,76405,ede3d9734983490e21f9c241396103f1ad844755a6bbef11a26a408dd74c4e71
tcn,clean_only,101,bandpass_n20004_cV1_independent_rms_s15,phase2/results/predictions/full/clean_only/tcn/seed_101/bandpass_n20004_cV1_independent_rms_s15.npz,76386,80be087b9f15845d1e6974ee2c71292cdf72edde95a3bbe9fe3a7a154a4c6756
tcn,clean_only,101,bandpass_n20004_cV1_independent_rms_s10,phase2/results/predictions/full/clean_only/tcn/seed_101/bandpass_n20004_cV1_independent_rms_s10.npz,76269,3eee9c221fe2cb4675e5891590770f6d5fbf2b0916e0ae9d7bdd593482968156
tcn,clean_only,101,bandpass_n20004_cV1_independent_rms_s5,phase2/results/predictions/full/clean_only/tcn/seed_101/bandpass_n20004_cV1_independent_rms_s5.npz,76001,a1f8ec76dd645bddc583a74337140cd1007f055b1d2f27dbbc462dc817ea5f2c
tcn,clean_only,101,bandpass_n20004_cV1_independent_rms_s0,phase2/results/predictions/full/clean_only/tcn/seed_101/bandpass_n20004_cV1_independent_rms_s0.npz,75835,a7a102742511cb732f3ca26815949cc408460de73298eb9345a033d9a9629a78
tcn,clean_only,101,bandpass_n20004_cV1_electrode_s20,phase2/results/predictions/full/clean_only/tcn/seed_101/bandpass_n20004_cV1_electrode_s20.npz,76384,1a2cbbaa69e5c9610e0131d96d9187abbb67c3896bbf79e334e565f800188ba0
tcn,clean_only,101,bandpass_n20004_cV1_electrode_s15,phase2/results/predictions/full/clean_only/tcn/seed_101/bandpass_n20004_cV1_electrode_s15.npz,76378,09bc794fad18e9e051555a368d6b4f20a465e38321a2f846f438db63434cd863
tcn,clean_only,101,bandpass_n20004_cV1_electrode_s10,phase2/results/predictions/full/clean_only/tcn/seed_101/bandpass_n20004_cV1_electrode_s10.npz,76261,fca5c014b238400c40505997d3f99f09921f60f187fbc28668cbae5a0ea343ed
tcn,clean_only,101,bandpass_n20004_cV1_electrode_s5,phase2/results/predictions/full/clean_only/tcn/seed_101/bandpass_n20004_cV1_electrode_s5.npz,76018,2a4b81c5ced299ac76424da6ba896255481a4d0040567f05739ea3ce8c1d9dfb
tcn,clean_only,101,bandpass_n20004_cV1_electrode_s0,phase2/results/predictions/full/clean_only/tcn/seed_101/bandpass_n20004_cV1_electrode_s0.npz,75793,3904d742b664c768ff1b4ee05ec3b653d27f0f68f672b991e7b6b744b61fa79a
tcn,clean_only,101,bandpass_n20004_cV1_covariance_s20,phase2/results/predictions/full/clean_only/tcn/seed_101/bandpass_n20004_cV1_covariance_s20.npz,76380,1ac9db4f00cc32560a2a93f489eafc7684b1968e9577f6db494d31eb19c25585
tcn,clean_only,101,bandpass_n20004_cV1_covariance_s15,phase2/results/predictions/full/clean_only/tcn/seed_101/bandpass_n20004_cV1_covariance_s15.npz,76396,1deece9c4d2a0c69dadad05e2ccf06378ac8f5d27003cb0aa95a096915fa0467
tcn,clean_only,101,bandpass_n20004_cV1_covariance_s10,phase2/results/predictions/full/clean_only/tcn/seed_101/bandpass_n20004_cV1_covariance_s10.npz,76231,1d5949bcb9ee531486925832d912469cc649e1f60c3dce3d2a0a7d47ee0b8124
tcn,clean_only,101,bandpass_n20004_cV1_covariance_s5,phase2/results/predictions/full/clean_only/tcn/seed_101/bandpass_n20004_cV1_covariance_s5.npz,75985,02817f3e70b8be5f7c783d4f26d1d5c3d08319cdb9e3505ab21c406d4bd09ee1
tcn,clean_only,101,bandpass_n20004_cV1_covariance_s0,phase2/results/predictions/full/clean_only/tcn/seed_101/bandpass_n20004_cV1_covariance_s0.npz,75815,c134a0b805b854bf0f08a1a22f24e63902dc7c07c3ae011df371a48f81dd8d30
tcn,clean_only,101,bandpass_n20004_cV2_independent_rms_s20,phase2/results/predictions/full/clean_only/tcn/seed_101/bandpass_n20004_cV2_independent_rms_s20.npz,76400,7ef16e49b502266c0bbf02ba764ace3901c38943529cdbdb98d04a554c8f3870
tcn,clean_only,101,bandpass_n20004_cV2_independent_rms_s15,phase2/results/predictions/full/clean_only/tcn/seed_101/bandpass_n20004_cV2_independent_rms_s15.npz,76377,9f95d5564381f3699890195b7a8f8f7213143504f8b3a884da5f4414f2be2a9a
tcn,clean_only,101,bandpass_n20004_cV2_independent_rms_s10,phase2/results/predictions/full/clean_only/tcn/seed_101/bandpass_n20004_cV2_independent_rms_s10.npz,76361,125b0685c569af5a88d41effac0cc785760d6041f2a766c95562e94f2726a974
tcn,clean_only,101,bandpass_n20004_cV2_independent_rms_s5,phase2/results/predictions/full/clean_only/tcn/seed_101/bandpass_n20004_cV2_independent_rms_s5.npz,76187,202de401c82a802344caa575c48a2ef62f8b6f8a832082702ac9a4d87319b462
tcn,clean_only,101,bandpass_n20004_cV2_independent_rms_s0,phase2/results/predictions/full/clean_only/tcn/seed_101/bandpass_n20004_cV2_independent_rms_s0.npz,75898,7902c91487e4597a65073816295e19f666a6cc1ff8336c925e9c32383661cebb
tcn,clean_only,101,bandpass_n20004_cV2_electrode_s20,phase2/results/predictions/full/clean_only/tcn/seed_101/bandpass_n20004_cV2_electrode_s20.npz,76375,17c6b2862fabdded5590316ff547b0ddc35fbb8eae577658449f54e5bff28555
tcn,clean_only,101,bandpass_n20004_cV2_electrode_s15,phase2/results/predictions/full/clean_only/tcn/seed_101/bandpass_n20004_cV2_electrode_s15.npz,76416,ffabf8e84a1196424b2898400bc034e125c920053d22b46bfc1f492d86f6696d
tcn,clean_only,101,bandpass_n20004_cV2_electrode_s10,phase2/results/predictions/full/clean_only/tcn/seed_101/bandpass_n20004_cV2_electrode_s10.npz,76318,76a895180d124fa88f7bd886633d63831fb64418c4b8caf2b5286f0f1010b0f1
tcn,clean_only,101,bandpass_n20004_cV2_electrode_s5,phase2/results/predictions/full/clean_only/tcn/seed_101/bandpass_n20004_cV2_electrode_s5.npz,76126,d44f2d706222e83bc288b299873ace4b5e12017ed5d7fd733abd5a09b48e4111
tcn,clean_only,101,bandpass_n20004_cV2_electrode_s0,phase2/results/predictions/full/clean_only/tcn/seed_101/bandpass_n20004_cV2_electrode_s0.npz,75850,febf31a85eb8dad156b99befec2888ddb6549542d178b075b7c25f88b49c1188
tcn,clean_only,101,bandpass_n20004_cV2_covariance_s20,phase2/results/predictions/full/clean_only/tcn/seed_101/bandpass_n20004_cV2_covariance_s20.npz,76363,6a130c7ece1ea257366effe35aae0427c5733fc85c9cb205fb388eef22e06e6e
tcn,clean_only,101,bandpass_n20004_cV2_covariance_s15,phase2/results/predictions/full/clean_only/tcn/seed_101/bandpass_n20004_cV2_covariance_s15.npz,76379,383c08e9166d22d411d018c2aed446ad1d917c6b4e08053478d118d68a4250c1
tcn,clean_only,101,bandpass_n20004_cV2_covariance_s10,phase2/results/predictions/full/clean_only/tcn/seed_101/bandpass_n20004_cV2_covariance_s10.npz,76315,0aa1750b2612815a3a41b53e59f3cdf9b4e9a56d8358ee7d25a5136ad340216f
tcn,clean_only,101,bandpass_n20004_cV2_covariance_s5,phase2/results/predictions/full/clean_only/tcn/seed_101/bandpass_n20004_cV2_covariance_s5.npz,76172,76a53a548900ff661370fcfe05ed7335903ccee4b92736bc028b0a5f0d99565c
tcn,clean_only,101,bandpass_n20004_cV2_covariance_s0,phase2/results/predictions/full/clean_only/tcn/seed_101/bandpass_n20004_cV2_covariance_s0.npz,75863,1e4e76eaadb1ef8fe99bbad596726cc8a4e12315da0ce574d840bcaa2ac3a010
tcn,clean_only,101,bandpass_n20004_cV3_independent_rms_s20,phase2/results/predictions/full/clean_only/tcn/seed_101/bandpass_n20004_cV3_independent_rms_s20.npz,76420,790a7ec70692d3263551ddeea83f94b719bdc1441a4cb0ad6657e31f3719d0b6
tcn,clean_only,101,bandpass_n20004_cV3_independent_rms_s15,phase2/results/predictions/full/clean_only/tcn/seed_101/bandpass_n20004_cV3_independent_rms_s15.npz,76416,f6e0e66e8c92420044b6dc361d2b8340252f507605feccddf3b18d38ea4cd956
tcn,clean_only,101,bandpass_n20004_cV3_independent_rms_s10,phase2/results/predictions/full/clean_only/tcn/seed_101/bandpass_n20004_cV3_independent_rms_s10.npz,76358,8a7ef7b4cc80c6a10b0f7c7d722a87e577be7f509e05826d8bf54c9c31956693
tcn,clean_only,101,bandpass_n20004_cV3_independent_rms_s5,phase2/results/predictions/full/clean_only/tcn/seed_101/bandpass_n20004_cV3_independent_rms_s5.npz,76196,0e8a12d46523c49be1f4c3a687c52986a2bf2bf2e292bbee3bdfb6e3addd9b03
tcn,clean_only,101,bandpass_n20004_cV3_independent_rms_s0,phase2/results/predictions/full/clean_only/tcn/seed_101/bandpass_n20004_cV3_independent_rms_s0.npz,75825,d050fc02152f9cd1d5b15f591e1fe38743b4d204209e45d9a480a6ee77a3878d
tcn,clean_only,101,bandpass_n20004_cV3_electrode_s20,phase2/results/predictions/full/clean_only/tcn/seed_101/bandpass_n20004_cV3_electrode_s20.npz,76382,b1cb0cff4eb92b9c3d67e279560f1b2be0970029447afcdc1b6279ca743fb6f1
tcn,clean_only,101,bandpass_n20004_cV3_electrode_s15,phase2/results/predictions/full/clean_only/tcn/seed_101/bandpass_n20004_cV3_electrode_s15.npz,76394,0b600f431a74624ec8368e8d8d00489a99ada7748d97e33cc42bce58e42238f7
tcn,clean_only,101,bandpass_n20004_cV3_electrode_s10,phase2/results/predictions/full/clean_only/tcn/seed_101/bandpass_n20004_cV3_electrode_s10.npz,76341,528d4eab5f754c3c558326cedb2b312b1b00d827135599bda6b910e0c3ccc0c1
tcn,clean_only,101,bandpass_n20004_cV3_electrode_s5,phase2/results/predictions/full/clean_only/tcn/seed_101/bandpass_n20004_cV3_electrode_s5.npz,76191,65ae3383c3575ab64bbd651370cc2fb680812023ca784112b3b13ead3755c3b5
tcn,clean_only,101,bandpass_n20004_cV3_electrode_s0,phase2/results/predictions/full/clean_only/tcn/seed_101/bandpass_n20004_cV3_electrode_s0.npz,75785,2278f81c6faefe928152c1efa946eadc7433aa7940033a5a947a3b47b0de6db1
tcn,clean_only,101,bandpass_n20004_cV3_covariance_s20,phase2/results/predictions/full/clean_only/tcn/seed_101/bandpass_n20004_cV3_covariance_s20.npz,76374,07809fe8b6a92edf4c1664a6276bb5d2dd4492b5cbf0f058eb485e1b9db75a63
tcn,clean_only,101,bandpass_n20004_cV3_covariance_s15,phase2/results/predictions/full/clean_only/tcn/seed_101/bandpass_n20004_cV3_covariance_s15.npz,76401,e5a3b700a6df471cec6eb1cc28277f061b2e4c7a45143be9acd9654a16baabb0
tcn,clean_only,101,bandpass_n20004_cV3_covariance_s10,phase2/results/predictions/full/clean_only/tcn/seed_101/bandpass_n20004_cV3_covariance_s10.npz,76352,cab34c5d01dc9fd8971f441749d67b0ee8ca9c12f8bfcfa9b404c65922ee9fee
tcn,clean_only,101,bandpass_n20004_cV3_covariance_s5,phase2/results/predictions/full/clean_only/tcn/seed_101/bandpass_n20004_cV3_covariance_s5.npz,76192,3a160c099d6c19198b0ad080430658a32043a6d85649b574009762ee1bc3f646
tcn,clean_only,101,bandpass_n20004_cV3_covariance_s0,phase2/results/predictions/full/clean_only/tcn/seed_101/bandpass_n20004_cV3_covariance_s0.npz,75810,1cfa8eb0c639a83fc56c11d363529ec0ca9cabeaa831387ac55df51ee1e9eb5b
tcn,clean_only,101,bandpass_n20004_cV4_independent_rms_s20,phase2/results/predictions/full/clean_only/tcn/seed_101/bandpass_n20004_cV4_independent_rms_s20.npz,76397,90e49f0f80064e2da4110ebc6bba3569c0b745a02b947a25cc88baf3ad920a65
tcn,clean_only,101,bandpass_n20004_cV4_independent_rms_s15,phase2/results/predictions/full/clean_only/tcn/seed_101/bandpass_n20004_cV4_independent_rms_s15.npz,76406,dd43d360c8c2599ef757467a871906fc3de95ab0768b7a194d7a67c25c0c373f
tcn,clean_only,101,bandpass_n20004_cV4_independent_rms_s10,phase2/results/predictions/full/clean_only/tcn/seed_101/bandpass_n20004_cV4_independent_rms_s10.npz,76390,6f18b62d388a95b466aa46b90284c710cee40d6dab5d8c74fe33d72cc629e86a
tcn,clean_only,101,bandpass_n20004_cV4_independent_rms_s5,phase2/results/predictions/full/clean_only/tcn/seed_101/bandpass_n20004_cV4_independent_rms_s5.npz,76283,fffecac2fd0d2a3bf289a35cb566ff5eb7de9fab2f6703ce3f93023d3bc27c25
tcn,clean_only,101,bandpass_n20004_cV4_independent_rms_s0,phase2/results/predictions/full/clean_only/tcn/seed_101/bandpass_n20004_cV4_independent_rms_s0.npz,75999,74088388560213292430ef655f8274300e703f7fbd39c4fda407f8236da32c19
tcn,clean_only,101,bandpass_n20004_cV4_electrode_s20,phase2/results/predictions/full/clean_only/tcn/seed_101/bandpass_n20004_cV4_electrode_s20.npz,76397,86b2e92e0ab79db4e8f981b7af8b059036a44a600692efc623127b018fd4c7b3
tcn,clean_only,101,bandpass_n20004_cV4_electrode_s15,phase2/results/predictions/full/clean_only/tcn/seed_101/bandpass_n20004_cV4_electrode_s15.npz,76399,2bb532a088bc296abf69ab7b3bed78b0010d09d45c72e122ab56ed30cc46235e
tcn,clean_only,101,bandpass_n20004_cV4_electrode_s10,phase2/results/predictions/full/clean_only/tcn/seed_101/bandpass_n20004_cV4_electrode_s10.npz,76371,1580def4aecbf4fbe0650140cd4991446cadc07075e738ad8c4f6100f54efecd
tcn,clean_only,101,bandpass_n20004_cV4_electrode_s5,phase2/results/predictions/full/clean_only/tcn/seed_101/bandpass_n20004_cV4_electrode_s5.npz,76242,04025a4d1e7d02eacba556be0dea91e5a97ba723c7f51465ba3a2c9732057a13
tcn,clean_only,101,bandpass_n20004_cV4_electrode_s0,phase2/results/predictions/full/clean_only/tcn/seed_101/bandpass_n20004_cV4_electrode_s0.npz,76010,b2b7f74241f06aca0b2b07fae0aa4c1f351c48d313c219a94e44ea91d110991d
tcn,clean_only,101,bandpass_n20004_cV4_covariance_s20,phase2/results/predictions/full/clean_only/tcn/seed_101/bandpass_n20004_cV4_covariance_s20.npz,76414,b372d0277f7e6d1c7e6f6dcfae5c2d366f71a46ec2745284002ef33b4d9a3e91
tcn,clean_only,101,bandpass_n20004_cV4_covariance_s15,phase2/results/predictions/full/clean_only/tcn/seed_101/bandpass_n20004_cV4_covariance_s15.npz,76373,c00244073025bb24844c598a4c194507f46bd1048003e3f7c14976e72e528574
tcn,clean_only,101,bandpass_n20004_cV4_covariance_s10,phase2/results/predictions/full/clean_only/tcn/seed_101/bandpass_n20004_cV4_covariance_s10.npz,76338,89e78193b29826f033bfe323339f70e6e80b1a56305ebac06051a1cbaa037810
tcn,clean_only,101,bandpass_n20004_cV4_covariance_s5,phase2/results/predictions/full/clean_only/tcn/seed_101/bandpass_n20004_cV4_covariance_s5.npz,76283,2c656b43795947e9703f81e11469928b8785e77d83bcf13c6d6754f4c598aa6c
tcn,clean_only,101,bandpass_n20004_cV4_covariance_s0,phase2/results/predictions/full/clean_only/tcn/seed_101/bandpass_n20004_cV4_covariance_s0.npz,75959,4ceb1245d4df614b0d999d504406415e658a286e55bfc7b8bcc419c7430e848a
tcn,clean_only,101,bandpass_n20004_cV5_independent_rms_s20,phase2/results/predictions/full/clean_only/tcn/seed_101/bandpass_n20004_cV5_independent_rms_s20.npz,76407,f146f0eb04b35f64da4c3e28d665d30f21e2e118861aff71e0ee2829b2eb6926
tcn,clean_only,101,bandpass_n20004_cV5_independent_rms_s15,phase2/results/predictions/full/clean_only/tcn/seed_101/bandpass_n20004_cV5_independent_rms_s15.npz,76396,e6257a8f87afd841d9c532c7ee22449ec83fb18bfb9800eaa16fedeb35335ce9
tcn,clean_only,101,bandpass_n20004_cV5_independent_rms_s10,phase2/results/predictions/full/clean_only/tcn/seed_101/bandpass_n20004_cV5_independent_rms_s10.npz,76400,bda9425250227cd256dea7a513a73522f6b7b8503e26260346905ccd8f059eec
tcn,clean_only,101,bandpass_n20004_cV5_independent_rms_s5,phase2/results/predictions/full/clean_only/tcn/seed_101/bandpass_n20004_cV5_independent_rms_s5.npz,76256,60cce18db52bf5d9cf7b8990757a2025c7a36ec57b11be5ba29f976e781eee83
tcn,clean_only,101,bandpass_n20004_cV5_independent_rms_s0,phase2/results/predictions/full/clean_only/tcn/seed_101/bandpass_n20004_cV5_independent_rms_s0.npz,75935,591d98058e63d68658397cb09b8d747d25512170200f3288d76d87ca03da9e17
tcn,clean_only,101,bandpass_n20004_cV5_electrode_s20,phase2/results/predictions/full/clean_only/tcn/seed_101/bandpass_n20004_cV5_electrode_s20.npz,76423,b45fa02fc3bdeb3e8a7690437228b055a95d29714abfbc6f5bf028885a98dd87
tcn,clean_only,101,bandpass_n20004_cV5_electrode_s15,phase2/results/predictions/full/clean_only/tcn/seed_101/bandpass_n20004_cV5_electrode_s15.npz,76392,fb44326e4159d3c4da1b6cab383d3371073710a5c29b1412a9ef0c163b93ac1a
tcn,clean_only,101,bandpass_n20004_cV5_electrode_s10,phase2/results/predictions/full/clean_only/tcn/seed_101/bandpass_n20004_cV5_electrode_s10.npz,76372,44c44ccefd8ba13beeaa2f35f1fedde80d964a1e490b52783c720aa8796cd701
tcn,clean_only,101,bandpass_n20004_cV5_electrode_s5,phase2/results/predictions/full/clean_only/tcn/seed_101/bandpass_n20004_cV5_electrode_s5.npz,76220,e5046d0922c5ef0a735e05e65794ba5c651c800c28d9c075628bd4c8c240d3ef
tcn,clean_only,101,bandpass_n20004_cV5_electrode_s0,phase2/results/predictions/full/clean_only/tcn/seed_101/bandpass_n20004_cV5_electrode_s0.npz,75949,8c911eb75d27183fdb3c117dd75b5a9e222d5059ab7d221db9c4978eaf9e0fae
tcn,clean_only,101,bandpass_n20004_cV5_covariance_s20,phase2/results/predictions/full/clean_only/tcn/seed_101/bandpass_n20004_cV5_covariance_s20.npz,76434,850408459b9f04a1c68a395edb6ce3730aaace3a213345e6cb2e8a67e712f3c3
tcn,clean_only,101,bandpass_n20004_cV5_covariance_s15,phase2/results/predictions/full/clean_only/tcn/seed_101/bandpass_n20004_cV5_covariance_s15.npz,76362,a6a4fa372b8157bbbfc342e6f6ba68465f87ab72e99c1bd95f4e775a094f7580
tcn,clean_only,101,bandpass_n20004_cV5_covariance_s10,phase2/results/predictions/full/clean_only/tcn/seed_101/bandpass_n20004_cV5_covariance_s10.npz,76351,1cda878f60b427bf5e60cd123f590229085969f96c672a544309e8607fe1c8fd
tcn,clean_only,101,bandpass_n20004_cV5_covariance_s5,phase2/results/predictions/full/clean_only/tcn/seed_101/bandpass_n20004_cV5_covariance_s5.npz,76241,42900afa0d9561948dffb5c415d9067d9a11741d3d826b0fc113770a9e1def29
tcn,clean_only,101,bandpass_n20004_cV5_covariance_s0,phase2/results/predictions/full/clean_only/tcn/seed_101/bandpass_n20004_cV5_covariance_s0.npz,75947,922471064f1b4b5b34822dcde668568e32d39f8bb6ae54b759138776dc188836
tcn,clean_only,101,bandpass_n20004_cV6_independent_rms_s20,phase2/results/predictions/full/clean_only/tcn/seed_101/bandpass_n20004_cV6_independent_rms_s20.npz,76424,6ad7efecc62cad45291646cda39a5084d06edebdfa4624ff798a6e5af2586643
tcn,clean_only,101,bandpass_n20004_cV6_independent_rms_s15,phase2/results/predictions/full/clean_only/tcn/seed_101/bandpass_n20004_cV6_independent_rms_s15.npz,76371,fd92174ab6675d5020253da2542e71aefb1360c7376082446503803d7b0fc55a
tcn,clean_only,101,bandpass_n20004_cV6_independent_rms_s10,phase2/results/predictions/full/clean_only/tcn/seed_101/bandpass_n20004_cV6_independent_rms_s10.npz,76401,1d1983723dc93d2e3fb0c7233a2a812481aa4a1176c4df981a5b22fb825b3c91
tcn,clean_only,101,bandpass_n20004_cV6_independent_rms_s5,phase2/results/predictions/full/clean_only/tcn/seed_101/bandpass_n20004_cV6_independent_rms_s5.npz,76239,6baef730dcf949cbf4b987b5a748e86bddc39fbc59c151790a46b99e69f78e43
tcn,clean_only,101,bandpass_n20004_cV6_independent_rms_s0,phase2/results/predictions/full/clean_only/tcn/seed_101/bandpass_n20004_cV6_independent_rms_s0.npz,75945,f857a288b7e892ace3f0f88328319036c192db3cbedd024615ea45666988f857
tcn,clean_only,101,bandpass_n20004_cV6_electrode_s20,phase2/results/predictions/full/clean_only/tcn/seed_101/bandpass_n20004_cV6_electrode_s20.npz,76400,bec367c1666448a58f449d2060ed7b1296cb1488710fc345930d51783e6876cd
tcn,clean_only,101,bandpass_n20004_cV6_electrode_s15,phase2/results/predictions/full/clean_only/tcn/seed_101/bandpass_n20004_cV6_electrode_s15.npz,76409,1a85d5b4dd8c7d38f1fa5a38b20ce322dd5684e6d972fe43dbba8219044512e5
tcn,clean_only,101,bandpass_n20004_cV6_electrode_s10,phase2/results/predictions/full/clean_only/tcn/seed_101/bandpass_n20004_cV6_electrode_s10.npz,76356,f283ec7e1bbcc9b25c28f1dd939d54b7cf47bb610a4d3df363e15490885538eb
tcn,clean_only,101,bandpass_n20004_cV6_electrode_s5,phase2/results/predictions/full/clean_only/tcn/seed_101/bandpass_n20004_cV6_electrode_s5.npz,76228,ba7d295461d4a790d5f68033703b65b8e02450c365314fe8d5dcdc85e8771efb
tcn,clean_only,101,bandpass_n20004_cV6_electrode_s0,phase2/results/predictions/full/clean_only/tcn/seed_101/bandpass_n20004_cV6_electrode_s0.npz,75970,322b8b7855233a429e8c84fa3acc5943bac77846969a6eca0e164854538056eb
tcn,clean_only,101,bandpass_n20004_cV6_covariance_s20,phase2/results/predictions/full/clean_only/tcn/seed_101/bandpass_n20004_cV6_covariance_s20.npz,76387,3de884b8f085f6a07ca26e7fba65b8741845953fa4aaa9f9ebd33e93a5bf7ff3
tcn,clean_only,101,bandpass_n20004_cV6_covariance_s15,phase2/results/predictions/full/clean_only/tcn/seed_101/bandpass_n20004_cV6_covariance_s15.npz,76419,2546177fb14d5ee18bf89b5d34059130b315007feb61cac43c040452cc32ea64
tcn,clean_only,101,bandpass_n20004_cV6_covariance_s10,phase2/results/predictions/full/clean_only/tcn/seed_101/bandpass_n20004_cV6_covariance_s10.npz,76383,97028320ac4c11496eb10a1b7812d8ab55c5a17508592e94b57b6e6bb2ee0160
tcn,clean_only,101,bandpass_n20004_cV6_covariance_s5,phase2/results/predictions/full/clean_only/tcn/seed_101/bandpass_n20004_cV6_covariance_s5.npz,76302,e0707c502b8a5d8fe6085d8f7b2ea1ffe6514b7b02d8b68d2c953ecf2d7b4a27
tcn,clean_only,101,bandpass_n20004_cV6_covariance_s0,phase2/results/predictions/full/clean_only/tcn/seed_101/bandpass_n20004_cV6_covariance_s0.npz,75945,e81f62ea433bd2ed09ba8d058a5a58a244f9be24596cde03b031b94b35bdb986
tcn,clean_only,101,bandpass_n20004_cRA_LA_independent_rms_s20,phase2/results/predictions/full/clean_only/tcn/seed_101/bandpass_n20004_cRA_LA_independent_rms_s20.npz,76373,2f908d221e52b4449ff389bb8cb6fc51c15844310224e9a49bc8516ffd998c5e
tcn,clean_only,101,bandpass_n20004_cRA_LA_independent_rms_s15,phase2/results/predictions/full/clean_only/tcn/seed_101/bandpass_n20004_cRA_LA_independent_rms_s15.npz,76382,bb9238602c5db6186a6f9bfb390da354859ce9fa6b84af15af56d61c3875692e
tcn,clean_only,101,bandpass_n20004_cRA_LA_independent_rms_s10,phase2/results/predictions/full/clean_only/tcn/seed_101/bandpass_n20004_cRA_LA_independent_rms_s10.npz,76358,12829b1dc6af72ee59850d09185c8dd6dc4e0f222bfb462df21c6b91829ae6f5
tcn,clean_only,101,bandpass_n20004_cRA_LA_independent_rms_s5,phase2/results/predictions/full/clean_only/tcn/seed_101/bandpass_n20004_cRA_LA_independent_rms_s5.npz,76172,2ede0fd1edba93a1ea0d12c2299a16a460b2221d5394e00d6aa81f69721571f7
tcn,clean_only,101,bandpass_n20004_cRA_LA_independent_rms_s0,phase2/results/predictions/full/clean_only/tcn/seed_101/bandpass_n20004_cRA_LA_independent_rms_s0.npz,75721,95f6134a7fc0f76d31ced0321fc327fd4877f774f90554134483af4fc694ad52
tcn,clean_only,101,bandpass_n20004_cRA_LA_electrode_s20,phase2/results/predictions/full/clean_only/tcn/seed_101/bandpass_n20004_cRA_LA_electrode_s20.npz,76419,df10e478998d5e50079fb831b2ead1e6b8e64ef45a339e0d8c487270b35aefb1
tcn,clean_only,101,bandpass_n20004_cRA_LA_electrode_s15,phase2/results/predictions/full/clean_only/tcn/seed_101/bandpass_n20004_cRA_LA_electrode_s15.npz,76390,23df1115e905a72b11b7447b4233e06a1c27719fe7c92fed18f8b30f8915a410
tcn,clean_only,101,bandpass_n20004_cRA_LA_electrode_s10,phase2/results/predictions/full/clean_only/tcn/seed_101/bandpass_n20004_cRA_LA_electrode_s10.npz,76234,9721bd659f96bf1b730d084db6e05adf8a74f55723df923f85b25b801330f103
tcn,clean_only,101,bandpass_n20004_cRA_LA_electrode_s5,phase2/results/predictions/full/clean_only/tcn/seed_101/bandpass_n20004_cRA_LA_electrode_s5.npz,75963,a7359eab42a5e2b66a1483720555f75ddb4509cc98f83f2f1b8f319fa53d395e
tcn,clean_only,101,bandpass_n20004_cRA_LA_electrode_s0,phase2/results/predictions/full/clean_only/tcn/seed_101/bandpass_n20004_cRA_LA_electrode_s0.npz,75677,903a8fad507eef4d272e8ad48eb2bcda0c8a6a65eeac17e892df81517ca3022b
tcn,clean_only,101,bandpass_n20004_cRA_LA_covariance_s20,phase2/results/predictions/full/clean_only/tcn/seed_101/bandpass_n20004_cRA_LA_covariance_s20.npz,76379,cc3d749c10f0b729cd4b3d341d0c97ba73d9f971d95e1efc4c4350de840c2bd0
tcn,clean_only,101,bandpass_n20004_cRA_LA_covariance_s15,phase2/results/predictions/full/clean_only/tcn/seed_101/bandpass_n20004_cRA_LA_covariance_s15.npz,76379,e6c37c698edf766fc4c973256412edbf103bc08fc328d0b4a82dddda83ea97db
tcn,clean_only,101,bandpass_n20004_cRA_LA_covariance_s10,phase2/results/predictions/full/clean_only/tcn/seed_101/bandpass_n20004_cRA_LA_covariance_s10.npz,76220,a5cc0626f585d18f7f231b773c50548bcf272229a8aa650f1fda92802e8de8f2
tcn,clean_only,101,bandpass_n20004_cRA_LA_covariance_s5,phase2/results/predictions/full/clean_only/tcn/seed_101/bandpass_n20004_cRA_LA_covariance_s5.npz,75959,c6cad088ef85ca81c1feca94dd3bef3cc832870afdec4c1b3c23358919ae00f6
tcn,clean_only,101,bandpass_n20004_cRA_LA_covariance_s0,phase2/results/predictions/full/clean_only/tcn/seed_101/bandpass_n20004_cRA_LA_covariance_s0.npz,75672,90c2fbd3f67f7b0e3fe12c2ac6ddd1a210150988c6483a9061b01f54365bbd3d
tcn,clean_only,101,bandpass_n20004_cLA_LL_independent_rms_s20,phase2/results/predictions/full/clean_only/tcn/seed_101/bandpass_n20004_cLA_LL_independent_rms_s20.npz,76404,e4f94d44f58ad5d282f82eea6bac943e4726635e9a869a57cf56bda8d5cc8e48
tcn,clean_only,101,bandpass_n20004_cLA_LL_independent_rms_s15,phase2/results/predictions/full/clean_only/tcn/seed_101/bandpass_n20004_cLA_LL_independent_rms_s15.npz,76399,fc2ac40270504d562b72efd07861f411e8c23b2ae44629bdfdceb1409d9c1be5
tcn,clean_only,101,bandpass_n20004_cLA_LL_independent_rms_s10,phase2/results/predictions/full/clean_only/tcn/seed_101/bandpass_n20004_cLA_LL_independent_rms_s10.npz,76336,64ea05157b1910dbc45d91624ac6a099ea8055b4cb61613c3ce19c912978189c
tcn,clean_only,101,bandpass_n20004_cLA_LL_independent_rms_s5,phase2/results/predictions/full/clean_only/tcn/seed_101/bandpass_n20004_cLA_LL_independent_rms_s5.npz,76117,cff7a54a57129aadf9b486b18749b359481066a9128a0c46edead5bdccf110d6
tcn,clean_only,101,bandpass_n20004_cLA_LL_independent_rms_s0,phase2/results/predictions/full/clean_only/tcn/seed_101/bandpass_n20004_cLA_LL_independent_rms_s0.npz,75749,efb6cc8e5998b360de7a713c05862eb119967f4216c48de904a71655ba43a315
tcn,clean_only,101,bandpass_n20004_cLA_LL_electrode_s20,phase2/results/predictions/full/clean_only/tcn/seed_101/bandpass_n20004_cLA_LL_electrode_s20.npz,76403,5bf99cde5ca69dad7757966409f286da48fdf361229a71f4f4ee5b7f895becd9
tcn,clean_only,101,bandpass_n20004_cLA_LL_electrode_s15,phase2/results/predictions/full/clean_only/tcn/seed_101/bandpass_n20004_cLA_LL_electrode_s15.npz,76391,2ba4ae3d653328c9f4f93b93ffac42b8f7e3df2193b7ac8d48779ff3c8d53d8b
tcn,clean_only,101,bandpass_n20004_cLA_LL_electrode_s10,phase2/results/predictions/full/clean_only/tcn/seed_101/bandpass_n20004_cLA_LL_electrode_s10.npz,76241,8ad77a866c11a7811cf592b56bdbb820fb81572b325f3d9ffe8b78aad8f5f3f5
tcn,clean_only,101,bandpass_n20004_cLA_LL_electrode_s5,phase2/results/predictions/full/clean_only/tcn/seed_101/bandpass_n20004_cLA_LL_electrode_s5.npz,75969,97524babc9b485360ac771ba0cdbc17e8c92606210515c7a7742d0d1963dd49e
tcn,clean_only,101,bandpass_n20004_cLA_LL_electrode_s0,phase2/results/predictions/full/clean_only/tcn/seed_101/bandpass_n20004_cLA_LL_electrode_s0.npz,75839,46e60a75ee70c9958680727d03c6d179926f3a4561c334e97965b8bc28e615e6
tcn,clean_only,101,bandpass_n20004_cLA_LL_covariance_s20,phase2/results/predictions/full/clean_only/tcn/seed_101/bandpass_n20004_cLA_LL_covariance_s20.npz,76400,71d245f338227f7accdecec1dc7dc2dcb8cd63c9581ec073c44c6ba5f437df8c
tcn,clean_only,101,bandpass_n20004_cLA_LL_covariance_s15,phase2/results/predictions/full/clean_only/tcn/seed_101/bandpass_n20004_cLA_LL_covariance_s15.npz,76406,085a4029bc3328369bc6fa3534f647b2f744152df501a036742e74374126f498
tcn,clean_only,101,bandpass_n20004_cLA_LL_covariance_s10,phase2/results/predictions/full/clean_only/tcn/seed_101/bandpass_n20004_cLA_LL_covariance_s10.npz,76260,6691bb49cde2b7e4673a2bec0aa57d6b8a59bbb965f77ae6299e594913fea770
tcn,clean_only,101,bandpass_n20004_cLA_LL_covariance_s5,phase2/results/predictions/full/clean_only/tcn/seed_101/bandpass_n20004_cLA_LL_covariance_s5.npz,75937,294791449b0f7ec1c7f745355f6b5b1f2a3c59558f9e3db4152df8ecd60172a3
tcn,clean_only,101,bandpass_n20004_cLA_LL_covariance_s0,phase2/results/predictions/full/clean_only/tcn/seed_101/bandpass_n20004_cLA_LL_covariance_s0.npz,75876,4ac777ef73a990d703a8a32aa116992a4d13c627b00137c5ab45b6445d8981fc
tcn,clean_only,101,bandpass_n20004_cRA_LL_independent_rms_s20,phase2/results/predictions/full/clean_only/tcn/seed_101/bandpass_n20004_cRA_LL_independent_rms_s20.npz,76416,02b0daef791b02b409df9862f06e146abcdb5e8a6ebc9eedb2b0d8a8a48671b8
tcn,clean_only,101,bandpass_n20004_cRA_LL_independent_rms_s15,phase2/results/predictions/full/clean_only/tcn/seed_101/bandpass_n20004_cRA_LL_independent_rms_s15.npz,76373,ba2f835b9eb43dc5500d124f8f0f298db44428abca883777f714c29b0d3ed8e9
tcn,clean_only,101,bandpass_n20004_cRA_LL_independent_rms_s10,phase2/results/predictions/full/clean_only/tcn/seed_101/bandpass_n20004_cRA_LL_independent_rms_s10.npz,76361,3f4a42d22e60a1f06de992cf654cae64846c3e92f4b00c44ea3096da5f5e8d86
tcn,clean_only,101,bandpass_n20004_cRA_LL_independent_rms_s5,phase2/results/predictions/full/clean_only/tcn/seed_101/bandpass_n20004_cRA_LL_independent_rms_s5.npz,76155,84519b79fa932ec0776df763353a9c8ac05ba993154a7bde65c5dd251a28a478
tcn,clean_only,101,bandpass_n20004_cRA_LL_independent_rms_s0,phase2/results/predictions/full/clean_only/tcn/seed_101/bandpass_n20004_cRA_LL_independent_rms_s0.npz,75745,6d99f5976f6ac1e68efbca1a576d01fd18692ee9bbf43d52a1f7500f4dbb2e98
tcn,clean_only,101,bandpass_n20004_cRA_LL_electrode_s20,phase2/results/predictions/full/clean_only/tcn/seed_101/bandpass_n20004_cRA_LL_electrode_s20.npz,76374,6a88f735f81a6ea7e2b6d66d8666d0f02b329b426f0c8631c26e7f30a6605f71
tcn,clean_only,101,bandpass_n20004_cRA_LL_electrode_s15,phase2/results/predictions/full/clean_only/tcn/seed_101/bandpass_n20004_cRA_LL_electrode_s15.npz,76392,13e4221e72f33c29facfed481cf7292b1bc4a9beca7659940ad65355f6cd4aa3
tcn,clean_only,101,bandpass_n20004_cRA_LL_electrode_s10,phase2/results/predictions/full/clean_only/tcn/seed_101/bandpass_n20004_cRA_LL_electrode_s10.npz,76240,223e111886893107bf1d705b667c4f6092525ef13ef8d7ff5459c52bc219cdfd
tcn,clean_only,101,bandpass_n20004_cRA_LL_electrode_s5,phase2/results/predictions/full/clean_only/tcn/seed_101/bandpass_n20004_cRA_LL_electrode_s5.npz,75950,b9c1ccc144c5f6ac3f9409869fd67ff054f931b4386a7e5d3d74c94c36199621
tcn,clean_only,101,bandpass_n20004_cRA_LL_electrode_s0,phase2/results/predictions/full/clean_only/tcn/seed_101/bandpass_n20004_cRA_LL_electrode_s0.npz,75668,8e1e77a087e24129a137a57b737318a92b03312d6fd904d950d618bd00503e70
tcn,clean_only,101,bandpass_n20004_cRA_LL_covariance_s20,phase2/results/predictions/full/clean_only/tcn/seed_101/bandpass_n20004_cRA_LL_covariance_s20.npz,76391,fe4a495a6174997bafee056d7f56025b9048e8107f53f3f67968d435110cdaa5
tcn,clean_only,101,bandpass_n20004_cRA_LL_covariance_s15,phase2/results/predictions/full/clean_only/tcn/seed_101/bandpass_n20004_cRA_LL_covariance_s15.npz,76384,af9a347ca96db0c501db85792fcb8586dc3272c4bc2527120e9f3adccd25f2b1
tcn,clean_only,101,bandpass_n20004_cRA_LL_covariance_s10,phase2/results/predictions/full/clean_only/tcn/seed_101/bandpass_n20004_cRA_LL_covariance_s10.npz,76247,aa6bfe7a59e5d8df36f018a3b04d3bc49a126cf0e83c0f7a4f5adcdf7c15f7ff
tcn,clean_only,101,bandpass_n20004_cRA_LL_covariance_s5,phase2/results/predictions/full/clean_only/tcn/seed_101/bandpass_n20004_cRA_LL_covariance_s5.npz,75928,6250e6b382b1daa7826bf593ceb72e4c5bf5bbe17febf08f768e45f6896a8143
tcn,clean_only,101,bandpass_n20004_cRA_LL_covariance_s0,phase2/results/predictions/full/clean_only/tcn/seed_101/bandpass_n20004_cRA_LL_covariance_s0.npz,75705,e1e918a514aba24a5a6b79c2de5d4e92b304f187f4156e78c423d1dbc4c6cbf0
tcn,clean_only,101,bandpass_n20004_cRA_independent_rms_s20,phase2/results/predictions/full/clean_only/tcn/seed_101/bandpass_n20004_cRA_independent_rms_s20.npz,76395,3def31321d5ade3ec030909702988bec3ec3706ea6c5c9fcc8baebdac53cc433
tcn,clean_only,101,bandpass_n20004_cRA_independent_rms_s15,phase2/results/predictions/full/clean_only/tcn/seed_101/bandpass_n20004_cRA_independent_rms_s15.npz,76401,6a4217b384223bb97e0e4768b4ee0ae22402f8741fb70b49f2816f19586d8506
tcn,clean_only,101,bandpass_n20004_cRA_independent_rms_s10,phase2/results/predictions/full/clean_only/tcn/seed_101/bandpass_n20004_cRA_independent_rms_s10.npz,76388,f654b2f2c3de965aa911ce54d96c00a113ead3f16c61524d0377365ef020fedf
tcn,clean_only,101,bandpass_n20004_cRA_independent_rms_s5,phase2/results/predictions/full/clean_only/tcn/seed_101/bandpass_n20004_cRA_independent_rms_s5.npz,76162,f127a1a10552df05794c1a4f6be0f9b998315e7d3409dca8c0a008d7b9cb56b3
tcn,clean_only,101,bandpass_n20004_cRA_independent_rms_s0,phase2/results/predictions/full/clean_only/tcn/seed_101/bandpass_n20004_cRA_independent_rms_s0.npz,75767,fe1eb2371e09d4b00303c9906b7010eea0fb5779a7be1cdd1704315b2a57e954
tcn,clean_only,101,bandpass_n20004_cRA_electrode_s20,phase2/results/predictions/full/clean_only/tcn/seed_101/bandpass_n20004_cRA_electrode_s20.npz,76377,d10f9d962ff1d3daff158c6ce8399850a4b7957a1f502b089655ec521dd0d77c
tcn,clean_only,101,bandpass_n20004_cRA_electrode_s15,phase2/results/predictions/full/clean_only/tcn/seed_101/bandpass_n20004_cRA_electrode_s15.npz,76353,75f66d47b219f0d3636dffaceb6163019e026505408e3b28e6a3c55597fc972b
tcn,clean_only,101,bandpass_n20004_cRA_electrode_s10,phase2/results/predictions/full/clean_only/tcn/seed_101/bandpass_n20004_cRA_electrode_s10.npz,76243,0ba5896c47082c4961106f3a6b730dcafcd24483d0a4be445489fa1d25eaa7d8
tcn,clean_only,101,bandpass_n20004_cRA_electrode_s5,phase2/results/predictions/full/clean_only/tcn/seed_101/bandpass_n20004_cRA_electrode_s5.npz,75951,d83fe1f194eaeadecc48c4b8a04e40f0a9d4aef2925c6088a1b00a4a1468cd7a
tcn,clean_only,101,bandpass_n20004_cRA_electrode_s0,phase2/results/predictions/full/clean_only/tcn/seed_101/bandpass_n20004_cRA_electrode_s0.npz,75604,4b4ffafe4e05a63a5b8cee92b25d095c0fea7c5ded791f4fac66221524f588c3
tcn,clean_only,101,bandpass_n20004_cRA_covariance_s20,phase2/results/predictions/full/clean_only/tcn/seed_101/bandpass_n20004_cRA_covariance_s20.npz,76380,9192a800a3a277046f12f81e7d75c7a6270e38c4adccd76b70f3e1db37909acb
tcn,clean_only,101,bandpass_n20004_cRA_covariance_s15,phase2/results/predictions/full/clean_only/tcn/seed_101/bandpass_n20004_cRA_covariance_s15.npz,76354,b23f5a724055aeb23c9d7a5441694ce0e28f062b500e7ed291bbf19020c5e3c3
tcn,clean_only,101,bandpass_n20004_cRA_covariance_s10,phase2/results/predictions/full/clean_only/tcn/seed_101/bandpass_n20004_cRA_covariance_s10.npz,76265,4939fa4098b76acf3272ab049adf910fab70adf3867f66fcf4b8159b127f3b70
tcn,clean_only,101,bandpass_n20004_cRA_covariance_s5,phase2/results/predictions/full/clean_only/tcn/seed_101/bandpass_n20004_cRA_covariance_s5.npz,75966,a5ae242e511335b004a08324d322729cfb260c08f5ec6461addfebef41038260
tcn,clean_only,101,bandpass_n20004_cRA_covariance_s0,phase2/results/predictions/full/clean_only/tcn/seed_101/bandpass_n20004_cRA_covariance_s0.npz,75610,4d0391af08bfdac1a38aad372562c7fbe92b6d283c1ba878e053873d414afc74
tcn,clean_only,101,bandpass_n20004_cLA_independent_rms_s20,phase2/results/predictions/full/clean_only/tcn/seed_101/bandpass_n20004_cLA_independent_rms_s20.npz,76404,5b5c4dc3ff4d2ca0f7127840f5ee78c8ae31a9d6997a4daeb8e372ae423a277e
tcn,clean_only,101,bandpass_n20004_cLA_independent_rms_s15,phase2/results/predictions/full/clean_only/tcn/seed_101/bandpass_n20004_cLA_independent_rms_s15.npz,76401,3c39a6df0cbcb67095396277ac44adbd54c5f341f6826deb761092e0fcaa59b0
tcn,clean_only,101,bandpass_n20004_cLA_independent_rms_s10,phase2/results/predictions/full/clean_only/tcn/seed_101/bandpass_n20004_cLA_independent_rms_s10.npz,76342,4f188bfc5301e1c37ee8f19038248070c1fe56ef2f616de4428d3e477d5f802f
tcn,clean_only,101,bandpass_n20004_cLA_independent_rms_s5,phase2/results/predictions/full/clean_only/tcn/seed_101/bandpass_n20004_cLA_independent_rms_s5.npz,76149,7aeb7035202a81adeba9da098dbdc9239ceef690a9690978dddf27a769916401
tcn,clean_only,101,bandpass_n20004_cLA_independent_rms_s0,phase2/results/predictions/full/clean_only/tcn/seed_101/bandpass_n20004_cLA_independent_rms_s0.npz,75715,0a327cd77e916906f13997853c6ec2a15f10a7fc0745b74dc6124b6875849866
tcn,clean_only,101,bandpass_n20004_cLA_electrode_s20,phase2/results/predictions/full/clean_only/tcn/seed_101/bandpass_n20004_cLA_electrode_s20.npz,76393,dc5ac1e7a0d35bef476c60c017f86ebb6fa0ea3949a68b227cbf2b2db6d430a5
tcn,clean_only,101,bandpass_n20004_cLA_electrode_s15,phase2/results/predictions/full/clean_only/tcn/seed_101/bandpass_n20004_cLA_electrode_s15.npz,76375,1c25949a121da8561bfcbc4fb031bb64b37dbf8a7c6667a3eaf1e194e7b65736
tcn,clean_only,101,bandpass_n20004_cLA_electrode_s10,phase2/results/predictions/full/clean_only/tcn/seed_101/bandpass_n20004_cLA_electrode_s10.npz,76241,edfcb3bbf61f787bdc4dc1738004a4c3cf66091859cc30af7e89f83365e5f1b7
tcn,clean_only,101,bandpass_n20004_cLA_electrode_s5,phase2/results/predictions/full/clean_only/tcn/seed_101/bandpass_n20004_cLA_electrode_s5.npz,75951,2c12eeb6f811fb9d109910b982852f8fb8ae9b44fdba452c2144b04d8513e1c7
tcn,clean_only,101,bandpass_n20004_cLA_electrode_s0,phase2/results/predictions/full/clean_only/tcn/seed_101/bandpass_n20004_cLA_electrode_s0.npz,75830,c4e02b5e7ca4a7d62098c69564451e915eff3609b6b97037c2bce270051f78ad
tcn,clean_only,101,bandpass_n20004_cLA_covariance_s20,phase2/results/predictions/full/clean_only/tcn/seed_101/bandpass_n20004_cLA_covariance_s20.npz,76419,e60d15f193fa704ade328dd888fde98453d1e5431adabf6f3e4db8f8c80c2f10
tcn,clean_only,101,bandpass_n20004_cLA_covariance_s15,phase2/results/predictions/full/clean_only/tcn/seed_101/bandpass_n20004_cLA_covariance_s15.npz,76360,d55664e26a33047037ad241046625fb94aad146b6589c594efd3ba65bcd14fb7
tcn,clean_only,101,bandpass_n20004_cLA_covariance_s10,phase2/results/predictions/full/clean_only/tcn/seed_101/bandpass_n20004_cLA_covariance_s10.npz,76248,6540d0db59c634e098ebee4c76b90d6e76012fd1a05e467c79cc4879c40e31d8
tcn,clean_only,101,bandpass_n20004_cLA_covariance_s5,phase2/results/predictions/full/clean_only/tcn/seed_101/bandpass_n20004_cLA_covariance_s5.npz,75986,f277cb69c2268fbbc113f448704eceaada05f9aa3c04fe26ab1c4deb2f16f25c
tcn,clean_only,101,bandpass_n20004_cLA_covariance_s0,phase2/results/predictions/full/clean_only/tcn/seed_101/bandpass_n20004_cLA_covariance_s0.npz,75828,49074461b078e3446e9fa74ecc6ceb6eb9386296a920ff3402ae64b94fa56f3e
tcn,clean_only,101,bandpass_n20004_cLL_independent_rms_s20,phase2/results/predictions/full/clean_only/tcn/seed_101/bandpass_n20004_cLL_independent_rms_s20.npz,76411,7ed8964eeee9281fa495b1e216004d18ef1cc88fde4079ab349fabd520d354ec
tcn,clean_only,101,bandpass_n20004_cLL_independent_rms_s15,phase2/results/predictions/full/clean_only/tcn/seed_101/bandpass_n20004_cLL_independent_rms_s15.npz,76384,c7718f684b403a2ac0d0793e56bc459c1ba3ecb9126d31a9c8f4bcff77fbfa60
tcn,clean_only,101,bandpass_n20004_cLL_independent_rms_s10,phase2/results/predictions/full/clean_only/tcn/seed_101/bandpass_n20004_cLL_independent_rms_s10.npz,76332,906eb5493e3d15ab33a97ce42c8417ee33017be28793d30501297b1af18ffd12
tcn,clean_only,101,bandpass_n20004_cLL_independent_rms_s5,phase2/results/predictions/full/clean_only/tcn/seed_101/bandpass_n20004_cLL_independent_rms_s5.npz,76120,7dcd57710fe27fb6215cd38cc42011725683b89911c7a272456c20df4ad0dece
tcn,clean_only,101,bandpass_n20004_cLL_independent_rms_s0,phase2/results/predictions/full/clean_only/tcn/seed_101/bandpass_n20004_cLL_independent_rms_s0.npz,75751,b78c57bf63eef7c2cc7ef6a6f67206ec3cd9804ee56691eafb113cc3f93303e4
tcn,clean_only,101,bandpass_n20004_cLL_electrode_s20,phase2/results/predictions/full/clean_only/tcn/seed_101/bandpass_n20004_cLL_electrode_s20.npz,76394,fe755249385a362a1a9c85bd96b6933035cc8f3f50206b92f132c8e63ec66c60
tcn,clean_only,101,bandpass_n20004_cLL_electrode_s15,phase2/results/predictions/full/clean_only/tcn/seed_101/bandpass_n20004_cLL_electrode_s15.npz,76352,33168cc4ee1adafc8291f3fa204f7f4b14e246a3591c1093c1f034c2c0d67512
tcn,clean_only,101,bandpass_n20004_cLL_electrode_s10,phase2/results/predictions/full/clean_only/tcn/seed_101/bandpass_n20004_cLL_electrode_s10.npz,76244,09ceb2c52990e7ca2c7f3d14dab66a93df943e4073ca12924a55c8b73164e36e
tcn,clean_only,101,bandpass_n20004_cLL_electrode_s5,phase2/results/predictions/full/clean_only/tcn/seed_101/bandpass_n20004_cLL_electrode_s5.npz,75960,ae12f52f46b1aa573aa3293c8e52e8e3c9f2cc14b63c1842894808ce188b5416
tcn,clean_only,101,bandpass_n20004_cLL_electrode_s0,phase2/results/predictions/full/clean_only/tcn/seed_101/bandpass_n20004_cLL_electrode_s0.npz,75782,4e6aca5b313979a2dcf7dba9164d74bc938adf83303c0982679631f883296ede
tcn,clean_only,101,bandpass_n20004_cLL_covariance_s20,phase2/results/predictions/full/clean_only/tcn/seed_101/bandpass_n20004_cLL_covariance_s20.npz,76403,343ebc455485cf2efaec99573b53ee593181c86db22e2d322cc4ed9c1e077f5f
tcn,clean_only,101,bandpass_n20004_cLL_covariance_s15,phase2/results/predictions/full/clean_only/tcn/seed_101/bandpass_n20004_cLL_covariance_s15.npz,76376,4873c967b288c19fe3c783e283c23184ecc07cc46968736c60c443345bb6b0ae
tcn,clean_only,101,bandpass_n20004_cLL_covariance_s10,phase2/results/predictions/full/clean_only/tcn/seed_101/bandpass_n20004_cLL_covariance_s10.npz,76257,3600c573e2bbfe0c1352611d6d334c2807d7884f0dcc0862f26ada2e5e1b684d
tcn,clean_only,101,bandpass_n20004_cLL_covariance_s5,phase2/results/predictions/full/clean_only/tcn/seed_101/bandpass_n20004_cLL_covariance_s5.npz,76002,c2d1a8d4d80973814a0a222904d59f81cdec47511d1d2d57029f5ed659d07846
tcn,clean_only,101,bandpass_n20004_cLL_covariance_s0,phase2/results/predictions/full/clean_only/tcn/seed_101/bandpass_n20004_cLL_covariance_s0.npz,75753,deae526c8917f2acbc2b47f7899393cdd281f0760f26bac69c7da5a6cdef96c9
tcn,clean_only,101,bandpass_n20004_cRA_V1_independent_rms_s20,phase2/results/predictions/full/clean_only/tcn/seed_101/bandpass_n20004_cRA_V1_independent_rms_s20.npz,76410,6b11b0ad61ed2e9a509c5a9761bcd668e147e86f0fdcf3f89fe15b5c3d13601b
tcn,clean_only,101,bandpass_n20004_cRA_V1_independent_rms_s15,phase2/results/predictions/full/clean_only/tcn/seed_101/bandpass_n20004_cRA_V1_independent_rms_s15.npz,76384,33fdd9065344c83a66035eb9024e1d319ab69aafa8259378fe490db5769b9d11
tcn,clean_only,101,bandpass_n20004_cRA_V1_independent_rms_s10,phase2/results/predictions/full/clean_only/tcn/seed_101/bandpass_n20004_cRA_V1_independent_rms_s10.npz,76349,05660d093e460d7009c14fb5db749515dd957260124098bff5ae8d83b11c85c0
tcn,clean_only,101,bandpass_n20004_cRA_V1_independent_rms_s5,phase2/results/predictions/full/clean_only/tcn/seed_101/bandpass_n20004_cRA_V1_independent_rms_s5.npz,76117,e0027c574771f86c5b643976815ce61d9c8ca5d25ecbe16d6e41b9fe7f112da6
tcn,clean_only,101,bandpass_n20004_cRA_V1_independent_rms_s0,phase2/results/predictions/full/clean_only/tcn/seed_101/bandpass_n20004_cRA_V1_independent_rms_s0.npz,75726,5bd62bdb2564a62668802bd4272c8a7e303621a88b3889d5e6f05d04ca024c2a
tcn,clean_only,101,bandpass_n20004_cRA_V1_electrode_s20,phase2/results/predictions/full/clean_only/tcn/seed_101/bandpass_n20004_cRA_V1_electrode_s20.npz,76392,dc6300ca834c84071baa1b6951086d54e8c24985b75da1a101a31789cb20358e
tcn,clean_only,101,bandpass_n20004_cRA_V1_electrode_s15,phase2/results/predictions/full/clean_only/tcn/seed_101/bandpass_n20004_cRA_V1_electrode_s15.npz,76396,ce3056ec97eafab9b13bca213e8a7080ce0a92dce9a5688ddcf477ace8db757c
tcn,clean_only,101,bandpass_n20004_cRA_V1_electrode_s10,phase2/results/predictions/full/clean_only/tcn/seed_101/bandpass_n20004_cRA_V1_electrode_s10.npz,76250,cd93b779b37b35726dacf78bf1677bedddd4428211939861884ee7c4882aeb7b
tcn,clean_only,101,bandpass_n20004_cRA_V1_electrode_s5,phase2/results/predictions/full/clean_only/tcn/seed_101/bandpass_n20004_cRA_V1_electrode_s5.npz,75978,d821fa30b235f53efb2a197cbf71a42718ef3d0e4a0b1b9735eb5595459aa497
tcn,clean_only,101,bandpass_n20004_cRA_V1_electrode_s0,phase2/results/predictions/full/clean_only/tcn/seed_101/bandpass_n20004_cRA_V1_electrode_s0.npz,75617,2a67e3336c3f9b340a04123fcc6f70dceb7a38bc117a8ed67709faaa2dc003ae
tcn,clean_only,101,bandpass_n20004_cRA_V1_covariance_s20,phase2/results/predictions/full/clean_only/tcn/seed_101/bandpass_n20004_cRA_V1_covariance_s20.npz,76369,1f635b762bdc4f572df643ed6f7940edd7a340540d86c962b8ba5f6d0e0b3dd7
tcn,clean_only,101,bandpass_n20004_cRA_V1_covariance_s15,phase2/results/predictions/full/clean_only/tcn/seed_101/bandpass_n20004_cRA_V1_covariance_s15.npz,76378,5140654aaa678cca945d316f8de17936624ff6a76a666021eba56a1d20fd05a4
tcn,clean_only,101,bandpass_n20004_cRA_V1_covariance_s10,phase2/results/predictions/full/clean_only/tcn/seed_101/bandpass_n20004_cRA_V1_covariance_s10.npz,76250,ba8bae3a3ac1e71673dd6b3da93ad64c98a2a4e50828af23faa20c90f1eabfa5
tcn,clean_only,101,bandpass_n20004_cRA_V1_covariance_s5,phase2/results/predictions/full/clean_only/tcn/seed_101/bandpass_n20004_cRA_V1_covariance_s5.npz,76015,9da1ffb66d457dc370390039b65ab3bd08f6fc46d9e0a65a77de5db009795a7e
tcn,clean_only,101,bandpass_n20004_cRA_V1_covariance_s0,phase2/results/predictions/full/clean_only/tcn/seed_101/bandpass_n20004_cRA_V1_covariance_s0.npz,75628,0cff2f8c77ba4386c29aa95fc2377efadb12ac2eabddd8b14364ab2e486aaadd
tcn,clean_only,101,bandpass_n20004_cLA_V6_independent_rms_s20,phase2/results/predictions/full/clean_only/tcn/seed_101/bandpass_n20004_cLA_V6_independent_rms_s20.npz,76427,b6beab345d4c153db20502980f87d38b096b9d7cd6af6869270f1c27072c3e4c
tcn,clean_only,101,bandpass_n20004_cLA_V6_independent_rms_s15,phase2/results/predictions/full/clean_only/tcn/seed_101/bandpass_n20004_cLA_V6_independent_rms_s15.npz,76405,bab73903ab0f289cffb50560e3aee2f447833b67e2d983c89ffd9fd915ddec01
tcn,clean_only,101,bandpass_n20004_cLA_V6_independent_rms_s10,phase2/results/predictions/full/clean_only/tcn/seed_101/bandpass_n20004_cLA_V6_independent_rms_s10.npz,76385,7d07e80213e35616506373b3ae118c670c1b225a923fb451b4ea1e05364a378e
tcn,clean_only,101,bandpass_n20004_cLA_V6_independent_rms_s5,phase2/results/predictions/full/clean_only/tcn/seed_101/bandpass_n20004_cLA_V6_independent_rms_s5.npz,76184,6ea7570bb105ce8e61dc19201d65f32f4ba0313d54b51a33432c071bc72a53da
tcn,clean_only,101,bandpass_n20004_cLA_V6_independent_rms_s0,phase2/results/predictions/full/clean_only/tcn/seed_101/bandpass_n20004_cLA_V6_independent_rms_s0.npz,75771,c10af685ee36056a0af3293a5d19978a000137c3e0015ac2b7316e430c8a07f8
tcn,clean_only,101,bandpass_n20004_cLA_V6_electrode_s20,phase2/results/predictions/full/clean_only/tcn/seed_101/bandpass_n20004_cLA_V6_electrode_s20.npz,76451,3b9551e384116b5488c2e210d9c2d7cedcf58f04f46fd643c560cad0b1083839
tcn,clean_only,101,bandpass_n20004_cLA_V6_electrode_s15,phase2/results/predictions/full/clean_only/tcn/seed_101/bandpass_n20004_cLA_V6_electrode_s15.npz,76403,54162ff16bb6c07c1d785461be643e53ba338a3bde08c68722efef85b23e747f
tcn,clean_only,101,bandpass_n20004_cLA_V6_electrode_s10,phase2/results/predictions/full/clean_only/tcn/seed_101/bandpass_n20004_cLA_V6_electrode_s10.npz,76296,f899747753fd458f5844872f284f0a34d21b02b37625cdf5df2cc18aaf8674aa
tcn,clean_only,101,bandpass_n20004_cLA_V6_electrode_s5,phase2/results/predictions/full/clean_only/tcn/seed_101/bandpass_n20004_cLA_V6_electrode_s5.npz,76007,8bd6a4d52e125ffd9b05a1e4f8fc93541312a7fc6ad46c2117e89805b0e277df
tcn,clean_only,101,bandpass_n20004_cLA_V6_electrode_s0,phase2/results/predictions/full/clean_only/tcn/seed_101/bandpass_n20004_cLA_V6_electrode_s0.npz,75778,8af858464eaea2696664347cf2a442fb0bc6fcaf3e667455be3acab104dac373
tcn,clean_only,101,bandpass_n20004_cLA_V6_covariance_s20,phase2/results/predictions/full/clean_only/tcn/seed_101/bandpass_n20004_cLA_V6_covariance_s20.npz,76405,8b78967358bde1018bd513223abf5e7ab57aecbeb5f0aff26fa2eb13a9f0d44f
tcn,clean_only,101,bandpass_n20004_cLA_V6_covariance_s15,phase2/results/predictions/full/clean_only/tcn/seed_101/bandpass_n20004_cLA_V6_covariance_s15.npz,76372,d643f7f60710beecbda34bbe532465316cf98129273804a2e02fc9e0909b07c4
tcn,clean_only,101,bandpass_n20004_cLA_V6_covariance_s10,phase2/results/predictions/full/clean_only/tcn/seed_101/bandpass_n20004_cLA_V6_covariance_s10.npz,76289,73c8410849edb6778680bc8f4b24dece766f369642697e25b204abf44d31a2a5
tcn,clean_only,101,bandpass_n20004_cLA_V6_covariance_s5,phase2/results/predictions/full/clean_only/tcn/seed_101/bandpass_n20004_cLA_V6_covariance_s5.npz,75987,f8dd3d959b3e6dcd327224adae64bdde7a559bc8d8755beec0657c28e0f610f6
tcn,clean_only,101,bandpass_n20004_cLA_V6_covariance_s0,phase2/results/predictions/full/clean_only/tcn/seed_101/bandpass_n20004_cLA_V6_covariance_s0.npz,75835,aa1def576dccbb982c1eee8aed7417f412ed34646878886c61e6bf3cfb62b811
tcn,clean_only,101,bandpass_n20004_cLL_V4_independent_rms_s20,phase2/results/predictions/full/clean_only/tcn/seed_101/bandpass_n20004_cLL_V4_independent_rms_s20.npz,76415,0c028bfcb00f55b914a5e4711a5cf24c103047f4919e61a2540d765d7261e59c
tcn,clean_only,101,bandpass_n20004_cLL_V4_independent_rms_s15,phase2/results/predictions/full/clean_only/tcn/seed_101/bandpass_n20004_cLL_V4_independent_rms_s15.npz,76401,0b762427c35e70ff1045e6b0cd99c3a6be44bb42788acfc7b94162450fb072f2
tcn,clean_only,101,bandpass_n20004_cLL_V4_independent_rms_s10,phase2/results/predictions/full/clean_only/tcn/seed_101/bandpass_n20004_cLL_V4_independent_rms_s10.npz,76357,1014a4b119d5c19d8720fcebf8db6a3412749a4657dbd7c1f162e7edfca9d0be
tcn,clean_only,101,bandpass_n20004_cLL_V4_independent_rms_s5,phase2/results/predictions/full/clean_only/tcn/seed_101/bandpass_n20004_cLL_V4_independent_rms_s5.npz,76167,e1ab0e82bb85449f12925e5eaacab20cc91823bedd59115f362b1808f46fce04
tcn,clean_only,101,bandpass_n20004_cLL_V4_independent_rms_s0,phase2/results/predictions/full/clean_only/tcn/seed_101/bandpass_n20004_cLL_V4_independent_rms_s0.npz,75780,f3e89d8b24d9838ee55ce3f2233d69f7bb2eb4f7edd640fb9da7d4f337198ea7
tcn,clean_only,101,bandpass_n20004_cLL_V4_electrode_s20,phase2/results/predictions/full/clean_only/tcn/seed_101/bandpass_n20004_cLL_V4_electrode_s20.npz,76407,fa1c1a345c3b2ace1a520d578244ca9fb2485fd888d0deeaf3c3f28e7c36cabf
tcn,clean_only,101,bandpass_n20004_cLL_V4_electrode_s15,phase2/results/predictions/full/clean_only/tcn/seed_101/bandpass_n20004_cLL_V4_electrode_s15.npz,76402,21c590d862449ad5e053fc19a85186b133a23819882471774fa183263791e587
tcn,clean_only,101,bandpass_n20004_cLL_V4_electrode_s10,phase2/results/predictions/full/clean_only/tcn/seed_101/bandpass_n20004_cLL_V4_electrode_s10.npz,76293,30948d265f14c4d79a9398d0a9f8a518f8b1672284044ae3827161413e434154
tcn,clean_only,101,bandpass_n20004_cLL_V4_electrode_s5,phase2/results/predictions/full/clean_only/tcn/seed_101/bandpass_n20004_cLL_V4_electrode_s5.npz,76020,dafa622f5de478b5b90078054f97eff26c602185b62e1e52a3e94d24a694d814
tcn,clean_only,101,bandpass_n20004_cLL_V4_electrode_s0,phase2/results/predictions/full/clean_only/tcn/seed_101/bandpass_n20004_cLL_V4_electrode_s0.npz,75755,01fa82e2938e708b22e63e474980b68628cfed16bbfb74d1c0ca3b8ad5b603df
tcn,clean_only,101,bandpass_n20004_cLL_V4_covariance_s20,phase2/results/predictions/full/clean_only/tcn/seed_101/bandpass_n20004_cLL_V4_covariance_s20.npz,76380,7f4141c027c0e53c0b91f65c1bbb92a89325d26e7c0080b8980895c2c316e820
tcn,clean_only,101,bandpass_n20004_cLL_V4_covariance_s15,phase2/results/predictions/full/clean_only/tcn/seed_101/bandpass_n20004_cLL_V4_covariance_s15.npz,76375,d5fa94eff705751de23d1aebaa1c665f533f0b45018cbf502f3a1ddf527790f0
tcn,clean_only,101,bandpass_n20004_cLL_V4_covariance_s10,phase2/results/predictions/full/clean_only/tcn/seed_101/bandpass_n20004_cLL_V4_covariance_s10.npz,76277,894388d7a254ebbbc2b2f46caaf593a4c27e225d8173d6d0e0672a10bb7ba661
tcn,clean_only,101,bandpass_n20004_cLL_V4_covariance_s5,phase2/results/predictions/full/clean_only/tcn/seed_101/bandpass_n20004_cLL_V4_covariance_s5.npz,76060,8c94d6ff7fa51fb2002a69af3a1204379b3e98445750f26833d60172d1032638
tcn,clean_only,101,bandpass_n20004_cLL_V4_covariance_s0,phase2/results/predictions/full/clean_only/tcn/seed_101/bandpass_n20004_cLL_V4_covariance_s0.npz,75745,588c1867f9caa01350b5b9a4fcc0db22364111e06a1f9478ac82ed0207f962ff
tcn,clean_only,101,bandpass_n20004_cRA_LA_V1_V6_independent_rms_s20,phase2/results/predictions/full/clean_only/tcn/seed_101/bandpass_n20004_cRA_LA_V1_V6_independent_rms_s20.npz,76402,05ed928cbdef9d8d110b2170e3264e327f153b3e7178ea20e6df33b360c0da51
tcn,clean_only,101,bandpass_n20004_cRA_LA_V1_V6_independent_rms_s15,phase2/results/predictions/full/clean_only/tcn/seed_101/bandpass_n20004_cRA_LA_V1_V6_independent_rms_s15.npz,76403,a7efe5a8b38f22f8f8ba68730aeb3d67b998ddc8b0e6ffe43230947148313979
tcn,clean_only,101,bandpass_n20004_cRA_LA_V1_V6_independent_rms_s10,phase2/results/predictions/full/clean_only/tcn/seed_101/bandpass_n20004_cRA_LA_V1_V6_independent_rms_s10.npz,76373,b15716fdf1c2e9f83dd1c3b50381ed0a9f8a16d6f1e90d3430d5fe2e1f9cd2db
tcn,clean_only,101,bandpass_n20004_cRA_LA_V1_V6_independent_rms_s5,phase2/results/predictions/full/clean_only/tcn/seed_101/bandpass_n20004_cRA_LA_V1_V6_independent_rms_s5.npz,76218,1a7c327c115072cd4a0d94927e6c37c97dc2213234972496f732c6ea9126eae4
tcn,clean_only,101,bandpass_n20004_cRA_LA_V1_V6_independent_rms_s0,phase2/results/predictions/full/clean_only/tcn/seed_101/bandpass_n20004_cRA_LA_V1_V6_independent_rms_s0.npz,75749,8dec7fc0f4b6ac74d70a2f751072505ea72958609768385397231ba7b975eba2
tcn,clean_only,101,bandpass_n20004_cRA_LA_V1_V6_electrode_s20,phase2/results/predictions/full/clean_only/tcn/seed_101/bandpass_n20004_cRA_LA_V1_V6_electrode_s20.npz,76427,4e2be0bc517fb9bd940ac4f59c6f9b7f0b8e70aff9130ee99d6acadf5763620f
tcn,clean_only,101,bandpass_n20004_cRA_LA_V1_V6_electrode_s15,phase2/results/predictions/full/clean_only/tcn/seed_101/bandpass_n20004_cRA_LA_V1_V6_electrode_s15.npz,76386,f8491aa270e39efc99fb0e323b70c2e6020bbc94f9c3a2fc6b2c1721126b80b2
tcn,clean_only,101,bandpass_n20004_cRA_LA_V1_V6_electrode_s10,phase2/results/predictions/full/clean_only/tcn/seed_101/bandpass_n20004_cRA_LA_V1_V6_electrode_s10.npz,76243,7fa4700fd651375e78fad97f9635013add04b5487386df07b475a605c398ed9e
tcn,clean_only,101,bandpass_n20004_cRA_LA_V1_V6_electrode_s5,phase2/results/predictions/full/clean_only/tcn/seed_101/bandpass_n20004_cRA_LA_V1_V6_electrode_s5.npz,76013,7042446f203889818c2a4e7e618717ed822da135081c57477f924d02e60fb12e
tcn,clean_only,101,bandpass_n20004_cRA_LA_V1_V6_electrode_s0,phase2/results/predictions/full/clean_only/tcn/seed_101/bandpass_n20004_cRA_LA_V1_V6_electrode_s0.npz,75686,51aad2bbe7f715396a0985845f65975ab6d1f528ae863ffda64f823da4954f74
tcn,clean_only,101,bandpass_n20004_cRA_LA_V1_V6_covariance_s20,phase2/results/predictions/full/clean_only/tcn/seed_101/bandpass_n20004_cRA_LA_V1_V6_covariance_s20.npz,76397,b1cc9e10279633079a5f474991bfb1638217587beaebf66fbc3f7457c951c670
tcn,clean_only,101,bandpass_n20004_cRA_LA_V1_V6_covariance_s15,phase2/results/predictions/full/clean_only/tcn/seed_101/bandpass_n20004_cRA_LA_V1_V6_covariance_s15.npz,76412,2c7c5be05a1e594a0a65dc86190f5c062bcdf751a280b362ee831a9fb903fb16
tcn,clean_only,101,bandpass_n20004_cRA_LA_V1_V6_covariance_s10,phase2/results/predictions/full/clean_only/tcn/seed_101/bandpass_n20004_cRA_LA_V1_V6_covariance_s10.npz,76254,92c7a78f3d48621c99f4d0b2f7c6b890ae35a175a60fe197424c705355fc50fe
tcn,clean_only,101,bandpass_n20004_cRA_LA_V1_V6_covariance_s5,phase2/results/predictions/full/clean_only/tcn/seed_101/bandpass_n20004_cRA_LA_V1_V6_covariance_s5.npz,75991,3fb9627a4b9dc5fe287ed505a570d9fa78569bb066361d388b1e1a72b39df2b6
tcn,clean_only,101,bandpass_n20004_cRA_LA_V1_V6_covariance_s0,phase2/results/predictions/full/clean_only/tcn/seed_101/bandpass_n20004_cRA_LA_V1_V6_covariance_s0.npz,75722,5c5868a7c63164a31f60a1858cec07182154bd79cd1c3404cbd81d81904fe767
tcn,clean_only,101,bandpass_n20004_cRA_V2_V5_independent_rms_s20,phase2/results/predictions/full/clean_only/tcn/seed_101/bandpass_n20004_cRA_V2_V5_independent_rms_s20.npz,76422,d2b37d894f3f458cacea51eff0b8a18441bded808130838f2d003c44d9e30020
tcn,clean_only,101,bandpass_n20004_cRA_V2_V5_independent_rms_s15,phase2/results/predictions/full/clean_only/tcn/seed_101/bandpass_n20004_cRA_V2_V5_independent_rms_s15.npz,76382,dd7fe9b519b6cf38ffedee5f78131bc179155573f9f376d9bd55d3ddcc5ef365
tcn,clean_only,101,bandpass_n20004_cRA_V2_V5_independent_rms_s10,phase2/results/predictions/full/clean_only/tcn/seed_101/bandpass_n20004_cRA_V2_V5_independent_rms_s10.npz,76413,9bd507c189d51a43b3c93695b06a7f168a844541199be0d80f90678df9982c5d
tcn,clean_only,101,bandpass_n20004_cRA_V2_V5_independent_rms_s5,phase2/results/predictions/full/clean_only/tcn/seed_101/bandpass_n20004_cRA_V2_V5_independent_rms_s5.npz,76176,df76bc4355db67f4bfb9ea5d5edf1ee69e0a5c89b1c47533994b2fbdd900abe9
tcn,clean_only,101,bandpass_n20004_cRA_V2_V5_independent_rms_s0,phase2/results/predictions/full/clean_only/tcn/seed_101/bandpass_n20004_cRA_V2_V5_independent_rms_s0.npz,75797,df36a25c555a88538ac371156f84d6ab0c998fea061a4e1ba328bec2f840a293
tcn,clean_only,101,bandpass_n20004_cRA_V2_V5_electrode_s20,phase2/results/predictions/full/clean_only/tcn/seed_101/bandpass_n20004_cRA_V2_V5_electrode_s20.npz,76393,e50a5ca9961fc7727fbc7e55339ec2c0ab6b6c586f3498c155931abc8953e610
tcn,clean_only,101,bandpass_n20004_cRA_V2_V5_electrode_s15,phase2/results/predictions/full/clean_only/tcn/seed_101/bandpass_n20004_cRA_V2_V5_electrode_s15.npz,76396,3f2dbf3113e75ec37b24fa0d69cbc524251f791667b097cfcafe6e7b4afa0f98
tcn,clean_only,101,bandpass_n20004_cRA_V2_V5_electrode_s10,phase2/results/predictions/full/clean_only/tcn/seed_101/bandpass_n20004_cRA_V2_V5_electrode_s10.npz,76276,846fcde457773ec53a4a1a7a0899d7e245ebb059cef7e024cfb1447d621e153e
tcn,clean_only,101,bandpass_n20004_cRA_V2_V5_electrode_s5,phase2/results/predictions/full/clean_only/tcn/seed_101/bandpass_n20004_cRA_V2_V5_electrode_s5.npz,76029,478e47bf49db88f26c6df51120a7f04d99e48e4dadb4152dc90168ce2c440819
tcn,clean_only,101,bandpass_n20004_cRA_V2_V5_electrode_s0,phase2/results/predictions/full/clean_only/tcn/seed_101/bandpass_n20004_cRA_V2_V5_electrode_s0.npz,75605,73a12cd08ea5960cb0b4dc7a7c11745752f65866345472c423d3c1507edd86a2
tcn,clean_only,101,bandpass_n20004_cRA_V2_V5_covariance_s20,phase2/results/predictions/full/clean_only/tcn/seed_101/bandpass_n20004_cRA_V2_V5_covariance_s20.npz,76436,5fb4c06a9480fe3f552a32baf6341e94fb8a4f558bf805ab3ea59c096caa149c
tcn,clean_only,101,bandpass_n20004_cRA_V2_V5_covariance_s15,phase2/results/predictions/full/clean_only/tcn/seed_101/bandpass_n20004_cRA_V2_V5_covariance_s15.npz,76391,ec8d84115322907e9e0e79b83d5e19ba510c152af5ba92fcd63eb083e59be37f
tcn,clean_only,101,bandpass_n20004_cRA_V2_V5_covariance_s10,phase2/results/predictions/full/clean_only/tcn/seed_101/bandpass_n20004_cRA_V2_V5_covariance_s10.npz,76292,d9f08a6b446eda66be6bafd4aa4897165fd13b4e299b8c59b153fbe4372f89ac
tcn,clean_only,101,bandpass_n20004_cRA_V2_V5_covariance_s5,phase2/results/predictions/full/clean_only/tcn/seed_101/bandpass_n20004_cRA_V2_V5_covariance_s5.npz,76038,66beb072181183299955f0e63c26925c6f0f44b83dc1605d8db215cea45391b8
tcn,clean_only,101,bandpass_n20004_cRA_V2_V5_covariance_s0,phase2/results/predictions/full/clean_only/tcn/seed_101/bandpass_n20004_cRA_V2_V5_covariance_s0.npz,75624,7ac4ab9f4c6a8199beb92e922407c54c2ee3548115fe1106e13f7802096a0f20
tcn,clean_only,101,bandpass_n20004_cLA_V3_V6_independent_rms_s20,phase2/results/predictions/full/clean_only/tcn/seed_101/bandpass_n20004_cLA_V3_V6_independent_rms_s20.npz,76415,de2265dfa2b596e8a28b86e85b067894c477120f3beeabe58347ea52e988918f
tcn,clean_only,101,bandpass_n20004_cLA_V3_V6_independent_rms_s15,phase2/results/predictions/full/clean_only/tcn/seed_101/bandpass_n20004_cLA_V3_V6_independent_rms_s15.npz,76423,b24e10df0b1e1e91293c109689d577a040705ceedb5d3010186a13fd4d791f21
tcn,clean_only,101,bandpass_n20004_cLA_V3_V6_independent_rms_s10,phase2/results/predictions/full/clean_only/tcn/seed_101/bandpass_n20004_cLA_V3_V6_independent_rms_s10.npz,76365,5141015323313384032ba9a4caec7725a3cab496a7b6d3d3beee53c1902e7bfd
tcn,clean_only,101,bandpass_n20004_cLA_V3_V6_independent_rms_s5,phase2/results/predictions/full/clean_only/tcn/seed_101/bandpass_n20004_cLA_V3_V6_independent_rms_s5.npz,76210,9cbd62ba437d3ef0c8ee7d266035b63c284e6e855d4352ee9208d91daf9941b1
tcn,clean_only,101,bandpass_n20004_cLA_V3_V6_independent_rms_s0,phase2/results/predictions/full/clean_only/tcn/seed_101/bandpass_n20004_cLA_V3_V6_independent_rms_s0.npz,75791,980b1d55bf97a35876bfc9a0066b7523ab8b9c3d0fd355d65cea12a12931c53c
tcn,clean_only,101,bandpass_n20004_cLA_V3_V6_electrode_s20,phase2/results/predictions/full/clean_only/tcn/seed_101/bandpass_n20004_cLA_V3_V6_electrode_s20.npz,76433,e109264c20689daf7a146a1463385e6fa27acddfce3f177177b64b730cd28b3b
tcn,clean_only,101,bandpass_n20004_cLA_V3_V6_electrode_s15,phase2/results/predictions/full/clean_only/tcn/seed_101/bandpass_n20004_cLA_V3_V6_electrode_s15.npz,76393,40e5e869b59c0c2560da7cd6f38a083a2bf8f9ff632fc97f8b92be680eaa165b
tcn,clean_only,101,bandpass_n20004_cLA_V3_V6_electrode_s10,phase2/results/predictions/full/clean_only/tcn/seed_101/bandpass_n20004_cLA_V3_V6_electrode_s10.npz,76300,74e9fb53ed0e973ed6b6d1414eb8682c6c40ff3f0cad07175ecac172c7133d79
tcn,clean_only,101,bandpass_n20004_cLA_V3_V6_electrode_s5,phase2/results/predictions/full/clean_only/tcn/seed_101/bandpass_n20004_cLA_V3_V6_electrode_s5.npz,76024,a06199418de6534a068edbda290a623955c68a6f9030d4fa52f0cc7775d3c488
tcn,clean_only,101,bandpass_n20004_cLA_V3_V6_electrode_s0,phase2/results/predictions/full/clean_only/tcn/seed_101/bandpass_n20004_cLA_V3_V6_electrode_s0.npz,75799,6198377d57de6c1d5816feea019f26005e92111bc82e95738d6389a93a98eb28
tcn,clean_only,101,bandpass_n20004_cLA_V3_V6_covariance_s20,phase2/results/predictions/full/clean_only/tcn/seed_101/bandpass_n20004_cLA_V3_V6_covariance_s20.npz,76416,d5a6ad557ca52e72bbc08e5a148dd2da9085f248e762ef1fd5265acc730eed7d
tcn,clean_only,101,bandpass_n20004_cLA_V3_V6_covariance_s15,phase2/results/predictions/full/clean_only/tcn/seed_101/bandpass_n20004_cLA_V3_V6_covariance_s15.npz,76391,f884b5e22a24cbadf20fde8675e89509bd1caff4205c74083ccecd9d1e682e60
tcn,clean_only,101,bandpass_n20004_cLA_V3_V6_covariance_s10,phase2/results/predictions/full/clean_only/tcn/seed_101/bandpass_n20004_cLA_V3_V6_covariance_s10.npz,76313,8ed542a05a026794f9919b9e8bc53fdc574957e513c470d078790c3379b0b1e8
tcn,clean_only,101,bandpass_n20004_cLA_V3_V6_covariance_s5,phase2/results/predictions/full/clean_only/tcn/seed_101/bandpass_n20004_cLA_V3_V6_covariance_s5.npz,76034,9e82a595c739e198863a5c6716f021360ded3db0a14489463faa30d14da228c0
tcn,clean_only,101,bandpass_n20004_cLA_V3_V6_covariance_s0,phase2/results/predictions/full/clean_only/tcn/seed_101/bandpass_n20004_cLA_V3_V6_covariance_s0.npz,75808,08a9d7965e8db4910689ae41c3f50962979cc4abb6c81f5323d18346310cfd9d
tcn,clean_only,101,bandpass_n20004_cLL_V1_V4_independent_rms_s20,phase2/results/predictions/full/clean_only/tcn/seed_101/bandpass_n20004_cLL_V1_V4_independent_rms_s20.npz,76425,837ef874e042ce57d434ca227cd80bbc6b319f4493688aa980ec6ff9cc72a315
tcn,clean_only,101,bandpass_n20004_cLL_V1_V4_independent_rms_s15,phase2/results/predictions/full/clean_only/tcn/seed_101/bandpass_n20004_cLL_V1_V4_independent_rms_s15.npz,76418,36db503cf2c57c3fb272be0b5a4ddb7489583b9702bb73535605acb90ea6ea3d
tcn,clean_only,101,bandpass_n20004_cLL_V1_V4_independent_rms_s10,phase2/results/predictions/full/clean_only/tcn/seed_101/bandpass_n20004_cLL_V1_V4_independent_rms_s10.npz,76380,4b594728bb684f1ed3055edc1651500cb36840d8de9436b91ff796422cb1863d
tcn,clean_only,101,bandpass_n20004_cLL_V1_V4_independent_rms_s5,phase2/results/predictions/full/clean_only/tcn/seed_101/bandpass_n20004_cLL_V1_V4_independent_rms_s5.npz,76136,5d0b8212bd2b0041aa6ca8f89cce158b4ec2836fceed16a81e92478ba7f23bc1
tcn,clean_only,101,bandpass_n20004_cLL_V1_V4_independent_rms_s0,phase2/results/predictions/full/clean_only/tcn/seed_101/bandpass_n20004_cLL_V1_V4_independent_rms_s0.npz,75737,61907d0a808cd6c9550d704821c410684e61064a4138d4e50f4e802257e958de
tcn,clean_only,101,bandpass_n20004_cLL_V1_V4_electrode_s20,phase2/results/predictions/full/clean_only/tcn/seed_101/bandpass_n20004_cLL_V1_V4_electrode_s20.npz,76400,c4098aae65a8d299ec6a91e420b8e6cf37bb5cd0bfef854c20aff76d5967a5f0
tcn,clean_only,101,bandpass_n20004_cLL_V1_V4_electrode_s15,phase2/results/predictions/full/clean_only/tcn/seed_101/bandpass_n20004_cLL_V1_V4_electrode_s15.npz,76389,f8e4e90279c578dd202b1117a095bcde5eb75216b356146a81b4a98d7bc35ad8
tcn,clean_only,101,bandpass_n20004_cLL_V1_V4_electrode_s10,phase2/results/predictions/full/clean_only/tcn/seed_101/bandpass_n20004_cLL_V1_V4_electrode_s10.npz,76306,b6736bf8c74eac0aa5ba9f9964ee9a932e62ef95c222b5399e202f77ff600106
tcn,clean_only,101,bandpass_n20004_cLL_V1_V4_electrode_s5,phase2/results/predictions/full/clean_only/tcn/seed_101/bandpass_n20004_cLL_V1_V4_electrode_s5.npz,76001,ceb54a73d2d9fb549c0217bba44b48e07fab4f46851d17808d011a8bbda238cb
tcn,clean_only,101,bandpass_n20004_cLL_V1_V4_electrode_s0,phase2/results/predictions/full/clean_only/tcn/seed_101/bandpass_n20004_cLL_V1_V4_electrode_s0.npz,75785,9a813e9644c44983d705dd333a63fe96ae621cf50c89f567536becbf1fddf720
tcn,clean_only,101,bandpass_n20004_cLL_V1_V4_covariance_s20,phase2/results/predictions/full/clean_only/tcn/seed_101/bandpass_n20004_cLL_V1_V4_covariance_s20.npz,76426,d0573314f549eedc8456ca8fe7dc6f366ed892898f2cdfb387b9a882bdf8021f
tcn,clean_only,101,bandpass_n20004_cLL_V1_V4_covariance_s15,phase2/results/predictions/full/clean_only/tcn/seed_101/bandpass_n20004_cLL_V1_V4_covariance_s15.npz,76419,a43e2b60223e295a7b6b0956db9bc62adb4dbe238ca57d9556595d6b7e18b692
tcn,clean_only,101,bandpass_n20004_cLL_V1_V4_covariance_s10,phase2/results/predictions/full/clean_only/tcn/seed_101/bandpass_n20004_cLL_V1_V4_covariance_s10.npz,76269,108c6f03f51b5925336fe8f4ea5578b240b665c79b8d49ee4fbe8939e7b10026
tcn,clean_only,101,bandpass_n20004_cLL_V1_V4_covariance_s5,phase2/results/predictions/full/clean_only/tcn/seed_101/bandpass_n20004_cLL_V1_V4_covariance_s5.npz,75994,c5b21c245e51a875e405bd3bac0d8a9582708aee20d5bfed7f8ef15bd0db946b
tcn,clean_only,101,bandpass_n20004_cLL_V1_V4_covariance_s0,phase2/results/predictions/full/clean_only/tcn/seed_101/bandpass_n20004_cLL_V1_V4_covariance_s0.npz,75769,9e2620bcac3f2db841c2af8393fd67c8d97acfe1e05b7447bd0d9d7f9cb00c9a
tcn,clean_only,101,bandpass_n20004_call_independent_rms_s20,phase2/results/predictions/full/clean_only/tcn/seed_101/bandpass_n20004_call_independent_rms_s20.npz,76405,b8e8cbb19ef05b17edc52996ee427b438dc8467c82b9d139b6b01a466e667baf
tcn,clean_only,101,bandpass_n20004_call_independent_rms_s15,phase2/results/predictions/full/clean_only/tcn/seed_101/bandpass_n20004_call_independent_rms_s15.npz,76370,35174dc62691a0e1dbff91eefb1732cc4606ab392aa23ff0ce4fb273fe2b7d12
tcn,clean_only,101,bandpass_n20004_call_independent_rms_s10,phase2/results/predictions/full/clean_only/tcn/seed_101/bandpass_n20004_call_independent_rms_s10.npz,76321,f6c63e148eaece32672fdb7f28e43a2ca324748af46dbb5999b62fc51c4f8e81
tcn,clean_only,101,bandpass_n20004_call_independent_rms_s5,phase2/results/predictions/full/clean_only/tcn/seed_101/bandpass_n20004_call_independent_rms_s5.npz,76139,74e38e6e59be94c9795c977851e57082513c8c88409814de550832f61a6ba714
tcn,clean_only,101,bandpass_n20004_call_independent_rms_s0,phase2/results/predictions/full/clean_only/tcn/seed_101/bandpass_n20004_call_independent_rms_s0.npz,75753,5f69223a162ee5b73477b023fa7dea32d8921e581e117fd11d97365459ee0702
tcn,clean_only,101,bandpass_n20004_call_electrode_s20,phase2/results/predictions/full/clean_only/tcn/seed_101/bandpass_n20004_call_electrode_s20.npz,76370,4a29859c90d52b4f2375518a19a4e5644e16529bd10424c2ef71be9837806c8a
tcn,clean_only,101,bandpass_n20004_call_electrode_s15,phase2/results/predictions/full/clean_only/tcn/seed_101/bandpass_n20004_call_electrode_s15.npz,76352,f2ed699a7f0fed8a2d5448b49d856ef0eea8f39c385ae875d376875d7dc3b93a
tcn,clean_only,101,bandpass_n20004_call_electrode_s10,phase2/results/predictions/full/clean_only/tcn/seed_101/bandpass_n20004_call_electrode_s10.npz,76247,ddf3f71e4576d76aad2b7707120fe15a7d3f1fcde118f9aba9d92ffaddacf081
tcn,clean_only,101,bandpass_n20004_call_electrode_s5,phase2/results/predictions/full/clean_only/tcn/seed_101/bandpass_n20004_call_electrode_s5.npz,75958,a0b43acd238040b9c2ae23625470227b52b68226a1d648381304dae0ec0d79eb
tcn,clean_only,101,bandpass_n20004_call_electrode_s0,phase2/results/predictions/full/clean_only/tcn/seed_101/bandpass_n20004_call_electrode_s0.npz,75707,813f92687f14e7dc2218e87a6bf2bef360562d5eebe4b23a76aa4cf88e70a3a5
tcn,clean_only,101,bandpass_n20004_call_covariance_s20,phase2/results/predictions/full/clean_only/tcn/seed_101/bandpass_n20004_call_covariance_s20.npz,76384,6d44fe1b39e7591c84ca80a8c7dc7ddfdadd07520e17a498ca6865a177f776ae
tcn,clean_only,101,bandpass_n20004_call_covariance_s15,phase2/results/predictions/full/clean_only/tcn/seed_101/bandpass_n20004_call_covariance_s15.npz,76361,cfa9ce26703f4981b3ff09c9e78ef9fa1fadac03c0f725bd3937599b11b78f91
tcn,clean_only,101,bandpass_n20004_call_covariance_s10,phase2/results/predictions/full/clean_only/tcn/seed_101/bandpass_n20004_call_covariance_s10.npz,76254,c0cfb5ab70eacbf204cb64d504b2547f492b668cc985f86224ae8dc6171f1f0d
tcn,clean_only,101,bandpass_n20004_call_covariance_s5,phase2/results/predictions/full/clean_only/tcn/seed_101/bandpass_n20004_call_covariance_s5.npz,75968,8b5a0c6b0532fe4dc93bfef77c81e3a3edba4f2c7aaea95079cd6571e96d9ca5
tcn,clean_only,101,bandpass_n20004_call_covariance_s0,phase2/results/predictions/full/clean_only/tcn/seed_101/bandpass_n20004_call_covariance_s0.npz,75725,b9efad4b9703e9d01e898b36130d3ce8c62db5635fb51ad7a187b57836eeb900
tcn,clean_only,101,bandpass_n20005_cRA_LA_LL_independent_rms_s20,phase2/results/predictions/full/clean_only/tcn/seed_101/bandpass_n20005_cRA_LA_LL_independent_rms_s20.npz,76433,9f41da74ba6b412bc16940f73114b69e15a0621d758131f843e5f1ba626df773
tcn,clean_only,101,bandpass_n20005_cRA_LA_LL_independent_rms_s15,phase2/results/predictions/full/clean_only/tcn/seed_101/bandpass_n20005_cRA_LA_LL_independent_rms_s15.npz,76391,36fdaa9eccf7ab231dac6a12788f62eb280468e9f740fb53d6342f15041c55e9
tcn,clean_only,101,bandpass_n20005_cRA_LA_LL_independent_rms_s10,phase2/results/predictions/full/clean_only/tcn/seed_101/bandpass_n20005_cRA_LA_LL_independent_rms_s10.npz,76359,746fdfa723a5e5379d191dddd1d5547d9c67ebf399126637fa998ab37a06f448
tcn,clean_only,101,bandpass_n20005_cRA_LA_LL_independent_rms_s5,phase2/results/predictions/full/clean_only/tcn/seed_101/bandpass_n20005_cRA_LA_LL_independent_rms_s5.npz,76152,304bf1c6355eb3b7b94eb327043e3cca9ed2b06c00514672f05fb62e3a814eca
tcn,clean_only,101,bandpass_n20005_cRA_LA_LL_independent_rms_s0,phase2/results/predictions/full/clean_only/tcn/seed_101/bandpass_n20005_cRA_LA_LL_independent_rms_s0.npz,75723,5a40e1616262435a969809a7c26065625eac44fc0cb65f984e0bac2e80b58f4d
tcn,clean_only,101,bandpass_n20005_cRA_LA_LL_electrode_s20,phase2/results/predictions/full/clean_only/tcn/seed_101/bandpass_n20005_cRA_LA_LL_electrode_s20.npz,76418,2fd69323bea38cf5df7cdc3c3112a49c658c731052693986fa325faf8be5fa87
tcn,clean_only,101,bandpass_n20005_cRA_LA_LL_electrode_s15,phase2/results/predictions/full/clean_only/tcn/seed_101/bandpass_n20005_cRA_LA_LL_electrode_s15.npz,76368,b2229c834d3d07493c5d5362a39c52e7482084576107cf1465636e6399c259a2
tcn,clean_only,101,bandpass_n20005_cRA_LA_LL_electrode_s10,phase2/results/predictions/full/clean_only/tcn/seed_101/bandpass_n20005_cRA_LA_LL_electrode_s10.npz,76240,2d3a727143ba51150ece5fd30655ded44aeb16550ba615af942a20ad7fe99e3d
tcn,clean_only,101,bandpass_n20005_cRA_LA_LL_electrode_s5,phase2/results/predictions/full/clean_only/tcn/seed_101/bandpass_n20005_cRA_LA_LL_electrode_s5.npz,75936,05a4be3d99dd8403eb11fcef01008c4b807f569c31a55543eefc16213da816cb
tcn,clean_only,101,bandpass_n20005_cRA_LA_LL_electrode_s0,phase2/results/predictions/full/clean_only/tcn/seed_101/bandpass_n20005_cRA_LA_LL_electrode_s0.npz,75787,49c58c63b5bfe3b621b50b4e8166f1ef574aa4139850e187fef09ca3399df4b9
tcn,clean_only,101,bandpass_n20005_cRA_LA_LL_covariance_s20,phase2/results/predictions/full/clean_only/tcn/seed_101/bandpass_n20005_cRA_LA_LL_covariance_s20.npz,76432,e8584f2df0e5836003f3562081b5c9eab86dbc253fd9af50bf6be21884a49fc2
tcn,clean_only,101,bandpass_n20005_cRA_LA_LL_covariance_s15,phase2/results/predictions/full/clean_only/tcn/seed_101/bandpass_n20005_cRA_LA_LL_covariance_s15.npz,76359,278c94120d837dfe453932f8a67a6726df109a15ec3375f99177837495c6944c
tcn,clean_only,101,bandpass_n20005_cRA_LA_LL_covariance_s10,phase2/results/predictions/full/clean_only/tcn/seed_101/bandpass_n20005_cRA_LA_LL_covariance_s10.npz,76223,d8fb95a98c59c9f6aff17a95fcc4e7717fbdde6c2c360847bbfed4e2f7e50435
tcn,clean_only,101,bandpass_n20005_cRA_LA_LL_covariance_s5,phase2/results/predictions/full/clean_only/tcn/seed_101/bandpass_n20005_cRA_LA_LL_covariance_s5.npz,75961,65fabf6f9bd420a5e3d821cd7e0d1bf2e9faf7ae27dd56772410562cc05d3fbf
tcn,clean_only,101,bandpass_n20005_cRA_LA_LL_covariance_s0,phase2/results/predictions/full/clean_only/tcn/seed_101/bandpass_n20005_cRA_LA_LL_covariance_s0.npz,75781,04dbbbdbd1a53a77f9633fac5cf52827bbae398599b5978a78fa731fc8916064
tcn,clean_only,101,bandpass_n20005_cV1_independent_rms_s20,phase2/results/predictions/full/clean_only/tcn/seed_101/bandpass_n20005_cV1_independent_rms_s20.npz,76379,57694e73d371d42dea3a2e05da60e3595e197a81d0350aac1dda6b9751e1c331
tcn,clean_only,101,bandpass_n20005_cV1_independent_rms_s15,phase2/results/predictions/full/clean_only/tcn/seed_101/bandpass_n20005_cV1_independent_rms_s15.npz,76368,1334e1de3d5110b6382759a85929734231a7936234fa43d8a113bb707e4b7877
tcn,clean_only,101,bandpass_n20005_cV1_independent_rms_s10,phase2/results/predictions/full/clean_only/tcn/seed_101/bandpass_n20005_cV1_independent_rms_s10.npz,76304,3873ae90006c3ac02afb271c7cb943c2b45b7e5ecc93474b186982aa6e9774bb
tcn,clean_only,101,bandpass_n20005_cV1_independent_rms_s5,phase2/results/predictions/full/clean_only/tcn/seed_101/bandpass_n20005_cV1_independent_rms_s5.npz,76006,e0e2b4e20d6be09a503dbe21f6bf7b48b2fdc36c2f60d673330bc9ed0cdeb5f8
tcn,clean_only,101,bandpass_n20005_cV1_independent_rms_s0,phase2/results/predictions/full/clean_only/tcn/seed_101/bandpass_n20005_cV1_independent_rms_s0.npz,75774,6b2976431407c1f5390a634d551547fc9512737ca9a67e79f0a0c921a5dabf31
tcn,clean_only,101,bandpass_n20005_cV1_electrode_s20,phase2/results/predictions/full/clean_only/tcn/seed_101/bandpass_n20005_cV1_electrode_s20.npz,76367,282b2b5fde7d93fbb598f2b83a67bc03bc0d265b6980ef1aec824b3b80f07af5
tcn,clean_only,101,bandpass_n20005_cV1_electrode_s15,phase2/results/predictions/full/clean_only/tcn/seed_101/bandpass_n20005_cV1_electrode_s15.npz,76397,a426f30123e14b4164d8330236b39342aa5f2cdd58a3312fc2caf203d90ee8a3
tcn,clean_only,101,bandpass_n20005_cV1_electrode_s10,phase2/results/predictions/full/clean_only/tcn/seed_101/bandpass_n20005_cV1_electrode_s10.npz,76282,15e30b292ec3f8818694814930313106b9d3f233ccde606b6a5e39bc1a453eb7
tcn,clean_only,101,bandpass_n20005_cV1_electrode_s5,phase2/results/predictions/full/clean_only/tcn/seed_101/bandpass_n20005_cV1_electrode_s5.npz,76004,8eb4f1c2138c131e06748b68cb6e6fed2e2099fc6aff59026717e92ceee0d59b
tcn,clean_only,101,bandpass_n20005_cV1_electrode_s0,phase2/results/predictions/full/clean_only/tcn/seed_101/bandpass_n20005_cV1_electrode_s0.npz,75799,0cc86a52630e1fe54090de63a4c021d56c5bc46c36bb9280f0bcda3e0eff3bbf
tcn,clean_only,101,bandpass_n20005_cV1_covariance_s20,phase2/results/predictions/full/clean_only/tcn/seed_101/bandpass_n20005_cV1_covariance_s20.npz,76403,c4f2bb6e08a9f6267060d6075afe2e4eeb154b8530986050ba5341139f9bf0c2
tcn,clean_only,101,bandpass_n20005_cV1_covariance_s15,phase2/results/predictions/full/clean_only/tcn/seed_101/bandpass_n20005_cV1_covariance_s15.npz,76386,aded63c117d5705ac9302a069b81a90f5af48feb69656a685619df0c5188d006
tcn,clean_only,101,bandpass_n20005_cV1_covariance_s10,phase2/results/predictions/full/clean_only/tcn/seed_101/bandpass_n20005_cV1_covariance_s10.npz,76262,17964ca9d0d0fbb26ca524c1b4dea81eaebcbfe42f9370efd629a6a7242a3ab3
tcn,clean_only,101,bandpass_n20005_cV1_covariance_s5,phase2/results/predictions/full/clean_only/tcn/seed_101/bandpass_n20005_cV1_covariance_s5.npz,75992,04a5b1d3b02eb362d3b64621f76649f72955fae16412bfcb1847b842fa3cd8f8
tcn,clean_only,101,bandpass_n20005_cV1_covariance_s0,phase2/results/predictions/full/clean_only/tcn/seed_101/bandpass_n20005_cV1_covariance_s0.npz,75812,cbfc771451cb6283c48416f23a7b7c5e7086fbaee9aa728ddc0c8db683c6bbcd
tcn,clean_only,101,bandpass_n20005_cV2_independent_rms_s20,phase2/results/predictions/full/clean_only/tcn/seed_101/bandpass_n20005_cV2_independent_rms_s20.npz,76409,8ee94d9549dcfd80da7991f8ca376c1f3732b9fbe81b707b5a68dfc964d74a9b
tcn,clean_only,101,bandpass_n20005_cV2_independent_rms_s15,phase2/results/predictions/full/clean_only/tcn/seed_101/bandpass_n20005_cV2_independent_rms_s15.npz,76390,e37c9d83001568b17c3da75efa9c4c86d36af78bf07f0f78b6019c5ee6eec305
tcn,clean_only,101,bandpass_n20005_cV2_independent_rms_s10,phase2/results/predictions/full/clean_only/tcn/seed_101/bandpass_n20005_cV2_independent_rms_s10.npz,76332,e549c2ad77d32ffeb0645b5e6b764f52d907d302aa23411420a1b90efb8ebdfd
tcn,clean_only,101,bandpass_n20005_cV2_independent_rms_s5,phase2/results/predictions/full/clean_only/tcn/seed_101/bandpass_n20005_cV2_independent_rms_s5.npz,76175,e53c65151863f8848b88e2548550267396f574ba31db031433e7305daba99211
tcn,clean_only,101,bandpass_n20005_cV2_independent_rms_s0,phase2/results/predictions/full/clean_only/tcn/seed_101/bandpass_n20005_cV2_independent_rms_s0.npz,75854,c627a7a72fb526c2a9f4129b3005d06ee05e01848731ce845ded94be92fec6fb
tcn,clean_only,101,bandpass_n20005_cV2_electrode_s20,phase2/results/predictions/full/clean_only/tcn/seed_101/bandpass_n20005_cV2_electrode_s20.npz,76391,84ee1692e6c489b5c58585179bf88638d5da473a49e5871a3854859551bf23d6
tcn,clean_only,101,bandpass_n20005_cV2_electrode_s15,phase2/results/predictions/full/clean_only/tcn/seed_101/bandpass_n20005_cV2_electrode_s15.npz,76372,6f1258cb54eff3a04d9f8a98b883e1767d86fec1690a66aa8f7e36f5c13e3c73
tcn,clean_only,101,bandpass_n20005_cV2_electrode_s10,phase2/results/predictions/full/clean_only/tcn/seed_101/bandpass_n20005_cV2_electrode_s10.npz,76334,d47875305e98a353e6e38e7c406f775880cc2fc50996775896023567be482ead
tcn,clean_only,101,bandpass_n20005_cV2_electrode_s5,phase2/results/predictions/full/clean_only/tcn/seed_101/bandpass_n20005_cV2_electrode_s5.npz,76161,d25f093d7c66d80cf8d70f15459b693aaa81e5cfb7910bb9680a5bb004261904
tcn,clean_only,101,bandpass_n20005_cV2_electrode_s0,phase2/results/predictions/full/clean_only/tcn/seed_101/bandpass_n20005_cV2_electrode_s0.npz,75900,52a0afe82c1d1935e691f082f24cbade593fb94ab6c585aa8c27391bdfd55775
tcn,clean_only,101,bandpass_n20005_cV2_covariance_s20,phase2/results/predictions/full/clean_only/tcn/seed_101/bandpass_n20005_cV2_covariance_s20.npz,76419,97776ca19f5196993d4c30aeb8d84c55f4a4b737958eba528a52f27b0682e545
tcn,clean_only,101,bandpass_n20005_cV2_covariance_s15,phase2/results/predictions/full/clean_only/tcn/seed_101/bandpass_n20005_cV2_covariance_s15.npz,76394,5e9cb4d300ac3e7709e3e44a02119d754d929a98ec96bde1843bac473c54ccfb
tcn,clean_only,101,bandpass_n20005_cV2_covariance_s10,phase2/results/predictions/full/clean_only/tcn/seed_101/bandpass_n20005_cV2_covariance_s10.npz,76325,c5903fa6fcfca650234901d9d118b7ba999a1e609d7fd4a627da51271f566f94
tcn,clean_only,101,bandpass_n20005_cV2_covariance_s5,phase2/results/predictions/full/clean_only/tcn/seed_101/bandpass_n20005_cV2_covariance_s5.npz,76152,c48342268a35cbc96760ef774436ce9cf9784fa5a20977bd460e2619085ed104
tcn,clean_only,101,bandpass_n20005_cV2_covariance_s0,phase2/results/predictions/full/clean_only/tcn/seed_101/bandpass_n20005_cV2_covariance_s0.npz,75839,f44799758f10317ce0712958dc4ca2ae05548cca3446819b0e3cf1496db2aa72
tcn,clean_only,101,bandpass_n20005_cV3_independent_rms_s20,phase2/results/predictions/full/clean_only/tcn/seed_101/bandpass_n20005_cV3_independent_rms_s20.npz,76415,acecdb47bdd850a63f499b7b8633b2f0fb782af710445bd127832f109e8f05a5
tcn,clean_only,101,bandpass_n20005_cV3_independent_rms_s15,phase2/results/predictions/full/clean_only/tcn/seed_101/bandpass_n20005_cV3_independent_rms_s15.npz,76389,fd916291b6ef1f6fe89bdba683d6120b485ffb2a46220d1d5437819924751b1f
tcn,clean_only,101,bandpass_n20005_cV3_independent_rms_s10,phase2/results/predictions/full/clean_only/tcn/seed_101/bandpass_n20005_cV3_independent_rms_s10.npz,76360,dc1c8126a5d3b3a51aa41071f463c34e0d05aa1857499c1f1d35ac959c651b3a
tcn,clean_only,101,bandpass_n20005_cV3_independent_rms_s5,phase2/results/predictions/full/clean_only/tcn/seed_101/bandpass_n20005_cV3_independent_rms_s5.npz,76195,1df397e62198fa80465b8eba07bbfa01a054e91dae3d27dfb3237c87a04e9868
tcn,clean_only,101,bandpass_n20005_cV3_independent_rms_s0,phase2/results/predictions/full/clean_only/tcn/seed_101/bandpass_n20005_cV3_independent_rms_s0.npz,75822,286d67dea30349419f8d10b041682a0173bd71c22c483003721bbba39d5afabc
tcn,clean_only,101,bandpass_n20005_cV3_electrode_s20,phase2/results/predictions/full/clean_only/tcn/seed_101/bandpass_n20005_cV3_electrode_s20.npz,76359,8cb034afd4914252518ed6cfa0119ae1e49fabd624df77fcbc26679be1e90a95
tcn,clean_only,101,bandpass_n20005_cV3_electrode_s15,phase2/results/predictions/full/clean_only/tcn/seed_101/bandpass_n20005_cV3_electrode_s15.npz,76403,93f8c2d65f681d4d45fcdbad6d29a7e1be1b8081ecef2c9f86cf9174b2852e06
tcn,clean_only,101,bandpass_n20005_cV3_electrode_s10,phase2/results/predictions/full/clean_only/tcn/seed_101/bandpass_n20005_cV3_electrode_s10.npz,76329,e16f79e2ad5bb66babf2b2943c7f7610f3a28042822af762076dfec3b229a5a7
tcn,clean_only,101,bandpass_n20005_cV3_electrode_s5,phase2/results/predictions/full/clean_only/tcn/seed_101/bandpass_n20005_cV3_electrode_s5.npz,76176,6e56f3bfb3685517efb47e583af0941fea1a89464897cd89b6403aebe933d6e1
tcn,clean_only,101,bandpass_n20005_cV3_electrode_s0,phase2/results/predictions/full/clean_only/tcn/seed_101/bandpass_n20005_cV3_electrode_s0.npz,75806,87469a07c7eec22a48d6be3ae60068fe2f035a691bec59b9647067c42333b3d8
tcn,clean_only,101,bandpass_n20005_cV3_covariance_s20,phase2/results/predictions/full/clean_only/tcn/seed_101/bandpass_n20005_cV3_covariance_s20.npz,76399,fb9e680b46f74b5008cd76dbbb5e8a96005178a039f86726ee03ec9ff0a0aa1f
tcn,clean_only,101,bandpass_n20005_cV3_covariance_s15,phase2/results/predictions/full/clean_only/tcn/seed_101/bandpass_n20005_cV3_covariance_s15.npz,76370,9186496336e97819b9cd71b5d420c3f8f14ba8d26db69ada251cd8556557de9f
tcn,clean_only,101,bandpass_n20005_cV3_covariance_s10,phase2/results/predictions/full/clean_only/tcn/seed_101/bandpass_n20005_cV3_covariance_s10.npz,76329,f616e5a8b0c3a9b0e2455715ec3118863802378cc5570481b0a51a50ef046556
tcn,clean_only,101,bandpass_n20005_cV3_covariance_s5,phase2/results/predictions/full/clean_only/tcn/seed_101/bandpass_n20005_cV3_covariance_s5.npz,76193,3c999547132ffe10f47295bc803751c9862a32e7837a8500c94f23e30fc8c49f
tcn,clean_only,101,bandpass_n20005_cV3_covariance_s0,phase2/results/predictions/full/clean_only/tcn/seed_101/bandpass_n20005_cV3_covariance_s0.npz,75814,71781ae6064de56fada278c1d0f03397b48334181cc3a6b3b2b9697841f3d109
tcn,clean_only,101,bandpass_n20005_cV4_independent_rms_s20,phase2/results/predictions/full/clean_only/tcn/seed_101/bandpass_n20005_cV4_independent_rms_s20.npz,76425,eb32bc1cc68c4f7be4322634dede5c8cc9a59d5d5f3b04cff42da5e12a5e9b6f
tcn,clean_only,101,bandpass_n20005_cV4_independent_rms_s15,phase2/results/predictions/full/clean_only/tcn/seed_101/bandpass_n20005_cV4_independent_rms_s15.npz,76369,ff1e4bc15f37aa5662c0dbadefe8c67fc1b59b8a826ad4d41bba30042a7266fe
tcn,clean_only,101,bandpass_n20005_cV4_independent_rms_s10,phase2/results/predictions/full/clean_only/tcn/seed_101/bandpass_n20005_cV4_independent_rms_s10.npz,76378,e45243123f069532cf534454df5e269a0551a0d0b87ddf74d6631a2b2697fe49
tcn,clean_only,101,bandpass_n20005_cV4_independent_rms_s5,phase2/results/predictions/full/clean_only/tcn/seed_101/bandpass_n20005_cV4_independent_rms_s5.npz,76327,a6f5151398a2e583dcfe8eba72c8d7068d184662c4bb4270ea243018d56717b4
tcn,clean_only,101,bandpass_n20005_cV4_independent_rms_s0,phase2/results/predictions/full/clean_only/tcn/seed_101/bandpass_n20005_cV4_independent_rms_s0.npz,75979,53d7f333f73368c3e690e241b8c088d2e76493efff9d1ff6b9fe5583fd37867a
tcn,clean_only,101,bandpass_n20005_cV4_electrode_s20,phase2/results/predictions/full/clean_only/tcn/seed_101/bandpass_n20005_cV4_electrode_s20.npz,76441,fe3b85da58a5ff3cf795de83e9bae1353462f4b4d151d99db79a9d309da01601
tcn,clean_only,101,bandpass_n20005_cV4_electrode_s15,phase2/results/predictions/full/clean_only/tcn/seed_101/bandpass_n20005_cV4_electrode_s15.npz,76386,ff7c1fa8580850d59641b3905f22ad913e0527dd0d037553ad12e4d3a183f7b2
tcn,clean_only,101,bandpass_n20005_cV4_electrode_s10,phase2/results/predictions/full/clean_only/tcn/seed_101/bandpass_n20005_cV4_electrode_s10.npz,76385,469fe4257ebbb0be6d09329e0b0ee8bd844e6562289c4133776cb80e2a6bdd66
tcn,clean_only,101,bandpass_n20005_cV4_electrode_s5,phase2/results/predictions/full/clean_only/tcn/seed_101/bandpass_n20005_cV4_electrode_s5.npz,76239,f763c9d6f67ef91d6854d8ad6299a30cb55f7d145039dc19401b851e236dcc06
tcn,clean_only,101,bandpass_n20005_cV4_electrode_s0,phase2/results/predictions/full/clean_only/tcn/seed_101/bandpass_n20005_cV4_electrode_s0.npz,75974,969210bf156c83b4fe6a65e10a86b50d90730485aa331a8ea35a6d006099020f
tcn,clean_only,101,bandpass_n20005_cV4_covariance_s20,phase2/results/predictions/full/clean_only/tcn/seed_101/bandpass_n20005_cV4_covariance_s20.npz,76389,3e561282ec842a3062f273237796e541ec704f0d1435e4beacc17cd43f3721e9
tcn,clean_only,101,bandpass_n20005_cV4_covariance_s15,phase2/results/predictions/full/clean_only/tcn/seed_101/bandpass_n20005_cV4_covariance_s15.npz,76400,57120706df1d158556680001cd539e30a92dfb8a0461e0ba9aee8e06f591b179
tcn,clean_only,101,bandpass_n20005_cV4_covariance_s10,phase2/results/predictions/full/clean_only/tcn/seed_101/bandpass_n20005_cV4_covariance_s10.npz,76342,a4c2622849d5d81b8e28fff208f9101832407f3beb6893449cc96db230547fcc
tcn,clean_only,101,bandpass_n20005_cV4_covariance_s5,phase2/results/predictions/full/clean_only/tcn/seed_101/bandpass_n20005_cV4_covariance_s5.npz,76259,51343c1e7ba7273a1adc738b1e33694020fa31122d65f2532d7a953fd97365d0
tcn,clean_only,101,bandpass_n20005_cV4_covariance_s0,phase2/results/predictions/full/clean_only/tcn/seed_101/bandpass_n20005_cV4_covariance_s0.npz,75971,71a8d63bc781b8be4967d2ef617a1d516172b05d229adda54827dcaad5829988
tcn,clean_only,101,bandpass_n20005_cV5_independent_rms_s20,phase2/results/predictions/full/clean_only/tcn/seed_101/bandpass_n20005_cV5_independent_rms_s20.npz,76424,f9a561a23e3debc983e6544204190afe130d34cd10606cb44426c6c4e2a8c08a
tcn,clean_only,101,bandpass_n20005_cV5_independent_rms_s15,phase2/results/predictions/full/clean_only/tcn/seed_101/bandpass_n20005_cV5_independent_rms_s15.npz,76400,e72439bb95c224f41172bfc904fced670a2e1b2d0ade31e75ba6445a0820c634
tcn,clean_only,101,bandpass_n20005_cV5_independent_rms_s10,phase2/results/predictions/full/clean_only/tcn/seed_101/bandpass_n20005_cV5_independent_rms_s10.npz,76367,6d7e3e4ab48f0b8df57eb05854c05236bf4ed220cb628b66f449d56ce131f6be
tcn,clean_only,101,bandpass_n20005_cV5_independent_rms_s5,phase2/results/predictions/full/clean_only/tcn/seed_101/bandpass_n20005_cV5_independent_rms_s5.npz,76230,57f867c36b97c2452c2071d2a8e0e43ca1e18a738f5aae8b4cbd1d4aae5ffe37
tcn,clean_only,101,bandpass_n20005_cV5_independent_rms_s0,phase2/results/predictions/full/clean_only/tcn/seed_101/bandpass_n20005_cV5_independent_rms_s0.npz,75955,f9ae9f3c3210b5b98e5629078986d948c6375312d98fd8a518fc26792e5c9113
tcn,clean_only,101,bandpass_n20005_cV5_electrode_s20,phase2/results/predictions/full/clean_only/tcn/seed_101/bandpass_n20005_cV5_electrode_s20.npz,76394,89ab3bb6a728b7bc6bdb376ea3ecc5629a7c4812a97eb6b030e6ca2d3a50af94
tcn,clean_only,101,bandpass_n20005_cV5_electrode_s15,phase2/results/predictions/full/clean_only/tcn/seed_101/bandpass_n20005_cV5_electrode_s15.npz,76372,8c2f2ff19336c6f1dedb8aa8c06cced830853341c9e7800904044256877fde57
tcn,clean_only,101,bandpass_n20005_cV5_electrode_s10,phase2/results/predictions/full/clean_only/tcn/seed_101/bandpass_n20005_cV5_electrode_s10.npz,76380,ed1e3859fb001dc5c0dffe414e4bd92be6707915d9d8deb1d6d66bbe622cb640
tcn,clean_only,101,bandpass_n20005_cV5_electrode_s5,phase2/results/predictions/full/clean_only/tcn/seed_101/bandpass_n20005_cV5_electrode_s5.npz,76231,4a2327a77ba289816f28c8ea2c3c25a46a09404a03eb741877c9bc439fcecea2
tcn,clean_only,101,bandpass_n20005_cV5_electrode_s0,phase2/results/predictions/full/clean_only/tcn/seed_101/bandpass_n20005_cV5_electrode_s0.npz,75918,1e187ee9d21b7f4f5e66612d966d7e0120272bcd2af2c7d4a7c0f79ca7cc7d88
tcn,clean_only,101,bandpass_n20005_cV5_covariance_s20,phase2/results/predictions/full/clean_only/tcn/seed_101/bandpass_n20005_cV5_covariance_s20.npz,76382,3e25ec5ef77b9869e6d1cb12b8da4f69cd2b26994ca6d3e4a9132e92dd0834e3
tcn,clean_only,101,bandpass_n20005_cV5_covariance_s15,phase2/results/predictions/full/clean_only/tcn/seed_101/bandpass_n20005_cV5_covariance_s15.npz,76370,c3c2ad789d47b451fc46542e50a96ddbeed5eaa1fc2f8cd7aa87072979138cfa
tcn,clean_only,101,bandpass_n20005_cV5_covariance_s10,phase2/results/predictions/full/clean_only/tcn/seed_101/bandpass_n20005_cV5_covariance_s10.npz,76374,686ccf44305eea4b9834b4dbc0be8b27ecaa17930ac2332572a75f92d586d636
tcn,clean_only,101,bandpass_n20005_cV5_covariance_s5,phase2/results/predictions/full/clean_only/tcn/seed_101/bandpass_n20005_cV5_covariance_s5.npz,76271,35ad55717dfc23225a6dc846eaaefdcc5e7cbd1a0af4ae3a658e4625ee5f5adb
tcn,clean_only,101,bandpass_n20005_cV5_covariance_s0,phase2/results/predictions/full/clean_only/tcn/seed_101/bandpass_n20005_cV5_covariance_s0.npz,75937,e4557dcc37ac13fba337807470c495c665af881c5aa0a34344513a4b1cfcda58
tcn,clean_only,101,bandpass_n20005_cV6_independent_rms_s20,phase2/results/predictions/full/clean_only/tcn/seed_101/bandpass_n20005_cV6_independent_rms_s20.npz,76413,232f753f610b51e79a8a8586c4b9a416977394f9f2080969c8807a35e41a7ab4
tcn,clean_only,101,bandpass_n20005_cV6_independent_rms_s15,phase2/results/predictions/full/clean_only/tcn/seed_101/bandpass_n20005_cV6_independent_rms_s15.npz,76422,495a8b0a4325772e07f7ae62cd8bc6b87818426975f2a936ea50c4b0730a5430
tcn,clean_only,101,bandpass_n20005_cV6_independent_rms_s10,phase2/results/predictions/full/clean_only/tcn/seed_101/bandpass_n20005_cV6_independent_rms_s10.npz,76387,661b797f64d4715e258bf96810d0a30b1a0699be48c3cffadaed43f16d266e78
tcn,clean_only,101,bandpass_n20005_cV6_independent_rms_s5,phase2/results/predictions/full/clean_only/tcn/seed_101/bandpass_n20005_cV6_independent_rms_s5.npz,76246,8811ea1d3ccc213b52cbfe13a15cd43daa7b7f723671d2349d247c94a22b567e
tcn,clean_only,101,bandpass_n20005_cV6_independent_rms_s0,phase2/results/predictions/full/clean_only/tcn/seed_101/bandpass_n20005_cV6_independent_rms_s0.npz,75954,ea83a01fbc9343207af25af0c7dd82486ca564f4f211f9cbb275acacbb866ca6
tcn,clean_only,101,bandpass_n20005_cV6_electrode_s20,phase2/results/predictions/full/clean_only/tcn/seed_101/bandpass_n20005_cV6_electrode_s20.npz,76396,fa74bf82c5865f0c92986bb696668993647b5fea53da0989499101e4033b51c8
tcn,clean_only,101,bandpass_n20005_cV6_electrode_s15,phase2/results/predictions/full/clean_only/tcn/seed_101/bandpass_n20005_cV6_electrode_s15.npz,76377,1ae8123a00c62e25a9878073b3400b1cb8a400b99331c37a4a2ac0304f1208ad
tcn,clean_only,101,bandpass_n20005_cV6_electrode_s10,phase2/results/predictions/full/clean_only/tcn/seed_101/bandpass_n20005_cV6_electrode_s10.npz,76371,2443cfc87f21a82079a3f74d35313fa2c724fdfb872d41fecead9c9bf32e32a6
tcn,clean_only,101,bandpass_n20005_cV6_electrode_s5,phase2/results/predictions/full/clean_only/tcn/seed_101/bandpass_n20005_cV6_electrode_s5.npz,76236,56370975612943775d24d8859676e9ec2a0559abf80292152db603ea9d54839a
tcn,clean_only,101,bandpass_n20005_cV6_electrode_s0,phase2/results/predictions/full/clean_only/tcn/seed_101/bandpass_n20005_cV6_electrode_s0.npz,75951,b4ea7d58d48c6cfef1a7e5c256dd7cbb9e6ac5aeabcaf14bc9d112c2adc1d073
tcn,clean_only,101,bandpass_n20005_cV6_covariance_s20,phase2/results/predictions/full/clean_only/tcn/seed_101/bandpass_n20005_cV6_covariance_s20.npz,76405,2a4ebca18089375f4e45e19a5be96753e8638f00e53b17efbcf4eace7984be85
tcn,clean_only,101,bandpass_n20005_cV6_covariance_s15,phase2/results/predictions/full/clean_only/tcn/seed_101/bandpass_n20005_cV6_covariance_s15.npz,76375,748a8043ce4b2292348ba613cfe43009c3f7d593aad224b17b393b1f60c04a10
tcn,clean_only,101,bandpass_n20005_cV6_covariance_s10,phase2/results/predictions/full/clean_only/tcn/seed_101/bandpass_n20005_cV6_covariance_s10.npz,76380,aec7d03fc402b6b7712203d747fd9a9d85a6c493cdeacbd99c48ef714a254347
tcn,clean_only,101,bandpass_n20005_cV6_covariance_s5,phase2/results/predictions/full/clean_only/tcn/seed_101/bandpass_n20005_cV6_covariance_s5.npz,76239,19b3798e299befdbcb3b493ae856c9f03db0c9dec9820b8e283da57fb3b457d4
tcn,clean_only,101,bandpass_n20005_cV6_covariance_s0,phase2/results/predictions/full/clean_only/tcn/seed_101/bandpass_n20005_cV6_covariance_s0.npz,75944,f2f4e620f7f90d8f3b267599cc8750738be6cf5a786f5c563f9aed42536c6bbe
tcn,clean_only,101,bandpass_n20005_cRA_LA_independent_rms_s20,phase2/results/predictions/full/clean_only/tcn/seed_101/bandpass_n20005_cRA_LA_independent_rms_s20.npz,76402,f00ba284e536220b7bbe93f2dc9ce1d934be7514cde49529008d734af61dfe97
tcn,clean_only,101,bandpass_n20005_cRA_LA_independent_rms_s15,phase2/results/predictions/full/clean_only/tcn/seed_101/bandpass_n20005_cRA_LA_independent_rms_s15.npz,76410,52d66eba3e4ffc732abf4e41ae56927f8d5a246fb6f13ab65318d3b4c2758ffb
tcn,clean_only,101,bandpass_n20005_cRA_LA_independent_rms_s10,phase2/results/predictions/full/clean_only/tcn/seed_101/bandpass_n20005_cRA_LA_independent_rms_s10.npz,76354,fe76612d32bfa9e01af8a7939fd9a891f152055ef3d4a91e3ea1c5d299554082
tcn,clean_only,101,bandpass_n20005_cRA_LA_independent_rms_s5,phase2/results/predictions/full/clean_only/tcn/seed_101/bandpass_n20005_cRA_LA_independent_rms_s5.npz,76151,e554ecf758ad64f43eda122026634ec2b99f0338f308711ad24f868469f232f1
tcn,clean_only,101,bandpass_n20005_cRA_LA_independent_rms_s0,phase2/results/predictions/full/clean_only/tcn/seed_101/bandpass_n20005_cRA_LA_independent_rms_s0.npz,75719,ead227ce44cece071f37f8d26780578f7626f6a931db5b739627a7675e754320
tcn,clean_only,101,bandpass_n20005_cRA_LA_electrode_s20,phase2/results/predictions/full/clean_only/tcn/seed_101/bandpass_n20005_cRA_LA_electrode_s20.npz,76408,44f91ea41f59e190b86880c4f0156a68c76c3c475c269dfe5c1c74113d885c05
tcn,clean_only,101,bandpass_n20005_cRA_LA_electrode_s15,phase2/results/predictions/full/clean_only/tcn/seed_101/bandpass_n20005_cRA_LA_electrode_s15.npz,76384,3c24aebe253082504676b6f469d7dc5a93e2c5473f6a0416cb2ebf3630b765b4
tcn,clean_only,101,bandpass_n20005_cRA_LA_electrode_s10,phase2/results/predictions/full/clean_only/tcn/seed_101/bandpass_n20005_cRA_LA_electrode_s10.npz,76271,b38ea58292caba8a0ed93a23e1cbf5853ee5b87db30875dad0afa3a6d590bc4a
tcn,clean_only,101,bandpass_n20005_cRA_LA_electrode_s5,phase2/results/predictions/full/clean_only/tcn/seed_101/bandpass_n20005_cRA_LA_electrode_s5.npz,75966,6abf91322f43517bfe5f251df83da9860891fc99e21a99cf741be79458f9bd3f
tcn,clean_only,101,bandpass_n20005_cRA_LA_electrode_s0,phase2/results/predictions/full/clean_only/tcn/seed_101/bandpass_n20005_cRA_LA_electrode_s0.npz,75665,68d9a8f1dddbc7235526f172ef729f0b913a5cecc20a7e26179b2969a389291c
tcn,clean_only,101,bandpass_n20005_cRA_LA_covariance_s20,phase2/results/predictions/full/clean_only/tcn/seed_101/bandpass_n20005_cRA_LA_covariance_s20.npz,76393,777a732001380489b8af35dba2530695726ec1f1abe599bcf540740e28a3df9d
tcn,clean_only,101,bandpass_n20005_cRA_LA_covariance_s15,phase2/results/predictions/full/clean_only/tcn/seed_101/bandpass_n20005_cRA_LA_covariance_s15.npz,76382,adde15f424c6d0ea548bde37055e9fca15392ca50b79356012db98777240d730
tcn,clean_only,101,bandpass_n20005_cRA_LA_covariance_s10,phase2/results/predictions/full/clean_only/tcn/seed_101/bandpass_n20005_cRA_LA_covariance_s10.npz,76244,0a70fc2b1e3b9f1519e1560bcb92c8bfb5b9c1c1af28f56ea95694e0e5bd109b
tcn,clean_only,101,bandpass_n20005_cRA_LA_covariance_s5,phase2/results/predictions/full/clean_only/tcn/seed_101/bandpass_n20005_cRA_LA_covariance_s5.npz,75958,8f49b3a6ade585a504041a652f1e67351d3c3c6f7f6e9b3e4bf7009c6ace066a
tcn,clean_only,101,bandpass_n20005_cRA_LA_covariance_s0,phase2/results/predictions/full/clean_only/tcn/seed_101/bandpass_n20005_cRA_LA_covariance_s0.npz,75685,3fcaf4f66065c058ca509f26e82fbca0a8c843d11739a15a02d3828835008012
tcn,clean_only,101,bandpass_n20005_cLA_LL_independent_rms_s20,phase2/results/predictions/full/clean_only/tcn/seed_101/bandpass_n20005_cLA_LL_independent_rms_s20.npz,76406,ff11eb723d85b7bdd20bd4a2dfc31227735e12e8a36a0833899bbb93ff079994
tcn,clean_only,101,bandpass_n20005_cLA_LL_independent_rms_s15,phase2/results/predictions/full/clean_only/tcn/seed_101/bandpass_n20005_cLA_LL_independent_rms_s15.npz,76398,9866b11c57c26e8fea2f8a7fec19dc7a6ccd66826d3fbbfd40b9b87e42e5f7d1
tcn,clean_only,101,bandpass_n20005_cLA_LL_independent_rms_s10,phase2/results/predictions/full/clean_only/tcn/seed_101/bandpass_n20005_cLA_LL_independent_rms_s10.npz,76336,04ec432d925e19af16162f3514bda56d809ee40e6d2a550f744b5297a22b3eac
tcn,clean_only,101,bandpass_n20005_cLA_LL_independent_rms_s5,phase2/results/predictions/full/clean_only/tcn/seed_101/bandpass_n20005_cLA_LL_independent_rms_s5.npz,76147,218f9f474a909d5d3e088fbc84a2e8f46361234bee11b56f5fb17ba3a198e5ab
tcn,clean_only,101,bandpass_n20005_cLA_LL_independent_rms_s0,phase2/results/predictions/full/clean_only/tcn/seed_101/bandpass_n20005_cLA_LL_independent_rms_s0.npz,75732,b1c04e9a1de7fd0e85d4211f0bb02fdfec26aaebc58a7e452219af753ce83816
tcn,clean_only,101,bandpass_n20005_cLA_LL_electrode_s20,phase2/results/predictions/full/clean_only/tcn/seed_101/bandpass_n20005_cLA_LL_electrode_s20.npz,76404,6bb1e9abb5e67541ea812310300ec617698b98d9573610a3794494ab3e2e1a26
tcn,clean_only,101,bandpass_n20005_cLA_LL_electrode_s15,phase2/results/predictions/full/clean_only/tcn/seed_101/bandpass_n20005_cLA_LL_electrode_s15.npz,76360,7cb614a3089cf8f034a6072d7fb199910beb5f74172b4d267cf6894415116567
tcn,clean_only,101,bandpass_n20005_cLA_LL_electrode_s10,phase2/results/predictions/full/clean_only/tcn/seed_101/bandpass_n20005_cLA_LL_electrode_s10.npz,76241,5f4eb1f789184b94ae33a1b38dbe2ee491f9a2f6398e229f1b61b70531206ec7
tcn,clean_only,101,bandpass_n20005_cLA_LL_electrode_s5,phase2/results/predictions/full/clean_only/tcn/seed_101/bandpass_n20005_cLA_LL_electrode_s5.npz,75954,66ed5d91bbc76f23b6e257c6283fcacd5d33d7eb87c0a76db0fd8d61a4781152
tcn,clean_only,101,bandpass_n20005_cLA_LL_electrode_s0,phase2/results/predictions/full/clean_only/tcn/seed_101/bandpass_n20005_cLA_LL_electrode_s0.npz,75823,8a4f098c9012be2d6f4f0fcec77ed7a6a558955ab7a191ece5cacca4caa77d17
tcn,clean_only,101,bandpass_n20005_cLA_LL_covariance_s20,phase2/results/predictions/full/clean_only/tcn/seed_101/bandpass_n20005_cLA_LL_covariance_s20.npz,76407,0523808a26d984b7dfdee957770954c82af58e7437c00bd03ba888c55f4203f3
tcn,clean_only,101,bandpass_n20005_cLA_LL_covariance_s15,phase2/results/predictions/full/clean_only/tcn/seed_101/bandpass_n20005_cLA_LL_covariance_s15.npz,76368,036eb01beae8652173e51eab89707535553cab54eff2b0e9ddef00024e6d03aa
tcn,clean_only,101,bandpass_n20005_cLA_LL_covariance_s10,phase2/results/predictions/full/clean_only/tcn/seed_101/bandpass_n20005_cLA_LL_covariance_s10.npz,76281,9104643855eefa322a49562c3064b86b54f62e961ec7cc796e1a62bd9bfaa8e5
tcn,clean_only,101,bandpass_n20005_cLA_LL_covariance_s5,phase2/results/predictions/full/clean_only/tcn/seed_101/bandpass_n20005_cLA_LL_covariance_s5.npz,75949,83f59ef32899c0d1a63c0d31725c8dda6f18d33ebc7b81600143973854f48cdd
tcn,clean_only,101,bandpass_n20005_cLA_LL_covariance_s0,phase2/results/predictions/full/clean_only/tcn/seed_101/bandpass_n20005_cLA_LL_covariance_s0.npz,75847,ee60e15a6fde12170a934e1c96cc212d597cefc0eebeb136d1cb880c8e7d4d88
tcn,clean_only,101,bandpass_n20005_cRA_LL_independent_rms_s20,phase2/results/predictions/full/clean_only/tcn/seed_101/bandpass_n20005_cRA_LL_independent_rms_s20.npz,76429,6e74e86318b6490f578437153c4bca668ac42b1bd156311436aaa92eeba95d8c
tcn,clean_only,101,bandpass_n20005_cRA_LL_independent_rms_s15,phase2/results/predictions/full/clean_only/tcn/seed_101/bandpass_n20005_cRA_LL_independent_rms_s15.npz,76415,6a3ab85f5d83fcdc1c6f9128d24d3bbb2f5c083464db9483db791a97f2178e19
tcn,clean_only,101,bandpass_n20005_cRA_LL_independent_rms_s10,phase2/results/predictions/full/clean_only/tcn/seed_101/bandpass_n20005_cRA_LL_independent_rms_s10.npz,76357,fc0706608f8d51e038171a73ed3ed51d9776fac31d6265d1cc26466bc412dda9
tcn,clean_only,101,bandpass_n20005_cRA_LL_independent_rms_s5,phase2/results/predictions/full/clean_only/tcn/seed_101/bandpass_n20005_cRA_LL_independent_rms_s5.npz,76128,3db2d8ca325880289c9e04098db42cd0d16739151cd7f1a79eeb8d8a7e80ced9
tcn,clean_only,101,bandpass_n20005_cRA_LL_independent_rms_s0,phase2/results/predictions/full/clean_only/tcn/seed_101/bandpass_n20005_cRA_LL_independent_rms_s0.npz,75724,0f9723d30d3d17022ed866320a78fb76f8f82fcc6a5f2df23a3ff17f49c1efdf
tcn,clean_only,101,bandpass_n20005_cRA_LL_electrode_s20,phase2/results/predictions/full/clean_only/tcn/seed_101/bandpass_n20005_cRA_LL_electrode_s20.npz,76397,c6d9bf6f1ded3ba1c21945343ab834e85d749ff7cf04aac56fbe24c42bcc3c40
tcn,clean_only,101,bandpass_n20005_cRA_LL_electrode_s15,phase2/results/predictions/full/clean_only/tcn/seed_101/bandpass_n20005_cRA_LL_electrode_s15.npz,76387,4a0114ba711f54452b49c1427766c2318a6ae1b113bff87f7f128e29e6fa5975
tcn,clean_only,101,bandpass_n20005_cRA_LL_electrode_s10,phase2/results/predictions/full/clean_only/tcn/seed_101/bandpass_n20005_cRA_LL_electrode_s10.npz,76228,feafa3f272ea140d5f6627b87745923b17279d26522ca56895ed4d19eecd2214
tcn,clean_only,101,bandpass_n20005_cRA_LL_electrode_s5,phase2/results/predictions/full/clean_only/tcn/seed_101/bandpass_n20005_cRA_LL_electrode_s5.npz,75920,b3e0ba03b4ab486053cc67db035819b8bd4ae38bbd3642d8377bb7900163c3ee
tcn,clean_only,101,bandpass_n20005_cRA_LL_electrode_s0,phase2/results/predictions/full/clean_only/tcn/seed_101/bandpass_n20005_cRA_LL_electrode_s0.npz,75679,6f1fe28ee4e46eaeaa6fa06763bcad02809750835a10a0bd3489c284b4364014
tcn,clean_only,101,bandpass_n20005_cRA_LL_covariance_s20,phase2/results/predictions/full/clean_only/tcn/seed_101/bandpass_n20005_cRA_LL_covariance_s20.npz,76418,866813cd9a1127736b8a1b5959aae3d38636b1a6f9cb4857cf8e5634416d8435
tcn,clean_only,101,bandpass_n20005_cRA_LL_covariance_s15,phase2/results/predictions/full/clean_only/tcn/seed_101/bandpass_n20005_cRA_LL_covariance_s15.npz,76354,5aa9ab19e827b1b4d4dded6eee90f8f88e4b4afc485ba52890df34cc74ab7f81
tcn,clean_only,101,bandpass_n20005_cRA_LL_covariance_s10,phase2/results/predictions/full/clean_only/tcn/seed_101/bandpass_n20005_cRA_LL_covariance_s10.npz,76250,0ce9c31382c957611add16a46442caa79c3e785ab2a31f11038dd857cdee6e63
tcn,clean_only,101,bandpass_n20005_cRA_LL_covariance_s5,phase2/results/predictions/full/clean_only/tcn/seed_101/bandpass_n20005_cRA_LL_covariance_s5.npz,75950,858e80e1cd6fa31f8615a8dfd0ef30b75f6a7fbd341b02ff4aa8f1edada49ccb
tcn,clean_only,101,bandpass_n20005_cRA_LL_covariance_s0,phase2/results/predictions/full/clean_only/tcn/seed_101/bandpass_n20005_cRA_LL_covariance_s0.npz,75683,c42ea82968a0ef1b570e288ed5fc91b74e6afa72725ca758ef764d8d35e50ccc
tcn,clean_only,101,bandpass_n20005_cRA_independent_rms_s20,phase2/results/predictions/full/clean_only/tcn/seed_101/bandpass_n20005_cRA_independent_rms_s20.npz,76422,146394c07766bb3e32d554eb39efd2d1737dc6dead2c8442ec19fb94d70c4600
tcn,clean_only,101,bandpass_n20005_cRA_independent_rms_s15,phase2/results/predictions/full/clean_only/tcn/seed_101/bandpass_n20005_cRA_independent_rms_s15.npz,76363,d403a4d2be2c31dc8a1191cc376d3baa251ab1393085e8dec1a03dda6be03083
tcn,clean_only,101,bandpass_n20005_cRA_independent_rms_s10,phase2/results/predictions/full/clean_only/tcn/seed_101/bandpass_n20005_cRA_independent_rms_s10.npz,76353,7fe4ed47397132c7749e14bfda30e273b6ad995eaa7decb7be446d557b3c8e0b
tcn,clean_only,101,bandpass_n20005_cRA_independent_rms_s5,phase2/results/predictions/full/clean_only/tcn/seed_101/bandpass_n20005_cRA_independent_rms_s5.npz,76167,16f36b6627379bd9ba1fe2a28d2074cb2e302b97a5df1550a63ddd3ecf9a9768
tcn,clean_only,101,bandpass_n20005_cRA_independent_rms_s0,phase2/results/predictions/full/clean_only/tcn/seed_101/bandpass_n20005_cRA_independent_rms_s0.npz,75787,25ca355af8bcb103be5928508d4fd34aaa555214be8b146ea648ed198fb324fe
tcn,clean_only,101,bandpass_n20005_cRA_electrode_s20,phase2/results/predictions/full/clean_only/tcn/seed_101/bandpass_n20005_cRA_electrode_s20.npz,76383,84cf09f9910595e7db7ec04b9c9126af72002ec1679fe871c215ab3e5cc66a15
tcn,clean_only,101,bandpass_n20005_cRA_electrode_s15,phase2/results/predictions/full/clean_only/tcn/seed_101/bandpass_n20005_cRA_electrode_s15.npz,76359,88a1601b12ff78170636e464e7c9c5656ab7aaa4f3655df63e7a8810bdc472de
tcn,clean_only,101,bandpass_n20005_cRA_electrode_s10,phase2/results/predictions/full/clean_only/tcn/seed_101/bandpass_n20005_cRA_electrode_s10.npz,76227,71b16c04d17fe2b51ae6258209d5187aa95adfc9ba9cb68f9c30e2dc218afa60
tcn,clean_only,101,bandpass_n20005_cRA_electrode_s5,phase2/results/predictions/full/clean_only/tcn/seed_101/bandpass_n20005_cRA_electrode_s5.npz,75980,6beb4933f132cf56dbd8466c400132bf80937d5748da7018b99d9ba94de57cb3
tcn,clean_only,101,bandpass_n20005_cRA_electrode_s0,phase2/results/predictions/full/clean_only/tcn/seed_101/bandpass_n20005_cRA_electrode_s0.npz,75598,93f839abd6e4637dadafa8cd68f7f32926d763e315012192f0a3187f6269da47
tcn,clean_only,101,bandpass_n20005_cRA_covariance_s20,phase2/results/predictions/full/clean_only/tcn/seed_101/bandpass_n20005_cRA_covariance_s20.npz,76390,9bbb657f715c8436ae25d2877f0c224066627f381912df2012a3e3f90a39175f
tcn,clean_only,101,bandpass_n20005_cRA_covariance_s15,phase2/results/predictions/full/clean_only/tcn/seed_101/bandpass_n20005_cRA_covariance_s15.npz,76345,76309bad1a9aac1d9b1e6e68e2f88bfee48497aeb8f3bb071d142a30bc3a227f
tcn,clean_only,101,bandpass_n20005_cRA_covariance_s10,phase2/results/predictions/full/clean_only/tcn/seed_101/bandpass_n20005_cRA_covariance_s10.npz,76240,a44a75c30b8f266e937d497aa13665a04f92a152dbb28757b43d68b29ff6cd80
tcn,clean_only,101,bandpass_n20005_cRA_covariance_s5,phase2/results/predictions/full/clean_only/tcn/seed_101/bandpass_n20005_cRA_covariance_s5.npz,75953,0db9be9da2c4ccc6b701d7b407fd5ea073a70bf62cc970e2ef0b439542e13ee6
tcn,clean_only,101,bandpass_n20005_cRA_covariance_s0,phase2/results/predictions/full/clean_only/tcn/seed_101/bandpass_n20005_cRA_covariance_s0.npz,75639,57f205ebe9b9437f99f92978cc6d6b394741e9274717281602546e8cdae8406c
tcn,clean_only,101,bandpass_n20005_cLA_independent_rms_s20,phase2/results/predictions/full/clean_only/tcn/seed_101/bandpass_n20005_cLA_independent_rms_s20.npz,76443,63f9139f07bc64834515ba774226f022e258e43ec2d9a95588d85a3db7dca983
tcn,clean_only,101,bandpass_n20005_cLA_independent_rms_s15,phase2/results/predictions/full/clean_only/tcn/seed_101/bandpass_n20005_cLA_independent_rms_s15.npz,76377,ebb7c5471da97d2c009cc8e92373fc8d1963eed3dbbf9e695c6e278a266760e0
tcn,clean_only,101,bandpass_n20005_cLA_independent_rms_s10,phase2/results/predictions/full/clean_only/tcn/seed_101/bandpass_n20005_cLA_independent_rms_s10.npz,76346,a840064023c9ba618b79eb63366ddae69fb447989f89792daa24fcc7fa5b5cf3
tcn,clean_only,101,bandpass_n20005_cLA_independent_rms_s5,phase2/results/predictions/full/clean_only/tcn/seed_101/bandpass_n20005_cLA_independent_rms_s5.npz,76141,b6e7906c6223685b131fcc029f67c18dad18d001ac5865c77ff7e55d211e2fbe
tcn,clean_only,101,bandpass_n20005_cLA_independent_rms_s0,phase2/results/predictions/full/clean_only/tcn/seed_101/bandpass_n20005_cLA_independent_rms_s0.npz,75716,1e1623b229c473f824def0a39d09660cc359e1d03694ec62d393304c552e1abe
tcn,clean_only,101,bandpass_n20005_cLA_electrode_s20,phase2/results/predictions/full/clean_only/tcn/seed_101/bandpass_n20005_cLA_electrode_s20.npz,76389,1b58eb448b9e65c1d166aff18d84a15fbefb34fa1b45f0f7fe0019e246ff0be7
tcn,clean_only,101,bandpass_n20005_cLA_electrode_s15,phase2/results/predictions/full/clean_only/tcn/seed_101/bandpass_n20005_cLA_electrode_s15.npz,76395,8f7c84e43c2288d2c9554f3db8f8cb79c4df840dbd5572e03fce76c02ade3138
tcn,clean_only,101,bandpass_n20005_cLA_electrode_s10,phase2/results/predictions/full/clean_only/tcn/seed_101/bandpass_n20005_cLA_electrode_s10.npz,76262,597c1335b0010dbd645a12f25ae5a8c8949724ea1414810f1ab7edbe5d537818
tcn,clean_only,101,bandpass_n20005_cLA_electrode_s5,phase2/results/predictions/full/clean_only/tcn/seed_101/bandpass_n20005_cLA_electrode_s5.npz,75954,7005b225586f7696e04c91893a448c9eedb38a220058ac6e5f8aedf80b51f851
tcn,clean_only,101,bandpass_n20005_cLA_electrode_s0,phase2/results/predictions/full/clean_only/tcn/seed_101/bandpass_n20005_cLA_electrode_s0.npz,75822,8d49f0bd5e1a39f3be13f237f44ad042cc2c480221e1bbc2f8f2e636a781ae26
tcn,clean_only,101,bandpass_n20005_cLA_covariance_s20,phase2/results/predictions/full/clean_only/tcn/seed_101/bandpass_n20005_cLA_covariance_s20.npz,76408,e73d8d25a2c98881becd87a9c65619a147b2b69fc2f8cbefedf5631fceb04f6a
tcn,clean_only,101,bandpass_n20005_cLA_covariance_s15,phase2/results/predictions/full/clean_only/tcn/seed_101/bandpass_n20005_cLA_covariance_s15.npz,76395,774235d8be47695975ad034a3529b24af6a6ac853993137711de4349ad62d005
tcn,clean_only,101,bandpass_n20005_cLA_covariance_s10,phase2/results/predictions/full/clean_only/tcn/seed_101/bandpass_n20005_cLA_covariance_s10.npz,76241,49212f2a8feea1b2b7bdf25d0d7ad78191a89646c54552c271c173e4ad72e136
tcn,clean_only,101,bandpass_n20005_cLA_covariance_s5,phase2/results/predictions/full/clean_only/tcn/seed_101/bandpass_n20005_cLA_covariance_s5.npz,75978,b69c368445f4494a4058757836a4ed0a69e05ac1a74aa904d2e01a7b150df043
tcn,clean_only,101,bandpass_n20005_cLA_covariance_s0,phase2/results/predictions/full/clean_only/tcn/seed_101/bandpass_n20005_cLA_covariance_s0.npz,75819,aa798073ae89222d9a376df0854ee7ef76a2ccbc66d104bd0241a8f8dd44aa9e
tcn,clean_only,101,bandpass_n20005_cLL_independent_rms_s20,phase2/results/predictions/full/clean_only/tcn/seed_101/bandpass_n20005_cLL_independent_rms_s20.npz,76407,036aba6c50b5ec1ecda057ea92693352d19ddde02d91acdc04b0023a673ad6de
tcn,clean_only,101,bandpass_n20005_cLL_independent_rms_s15,phase2/results/predictions/full/clean_only/tcn/seed_101/bandpass_n20005_cLL_independent_rms_s15.npz,76412,4bab8d34435157e0350af242d0ac20910f42db6c782dd4f03dfe5cba6452a5b0
tcn,clean_only,101,bandpass_n20005_cLL_independent_rms_s10,phase2/results/predictions/full/clean_only/tcn/seed_101/bandpass_n20005_cLL_independent_rms_s10.npz,76329,0fe6c3f072d1828e5ddeee9bf177d1c61728c8b592b60f77ee7826fa83c66302
tcn,clean_only,101,bandpass_n20005_cLL_independent_rms_s5,phase2/results/predictions/full/clean_only/tcn/seed_101/bandpass_n20005_cLL_independent_rms_s5.npz,76107,70eae89d9f8d2afcd6f0cc3a90966526972ecb87f1d07336126d106045efd29a
tcn,clean_only,101,bandpass_n20005_cLL_independent_rms_s0,phase2/results/predictions/full/clean_only/tcn/seed_101/bandpass_n20005_cLL_independent_rms_s0.npz,75725,71214af401e104488b742d8f7e715b146395001dc0490698fe68287d4eb8c36f
tcn,clean_only,101,bandpass_n20005_cLL_electrode_s20,phase2/results/predictions/full/clean_only/tcn/seed_101/bandpass_n20005_cLL_electrode_s20.npz,76378,b22ef1bba6dd52b40201cb57071ae5cb9d53ab902920c6953c1a5a041354689c
tcn,clean_only,101,bandpass_n20005_cLL_electrode_s15,phase2/results/predictions/full/clean_only/tcn/seed_101/bandpass_n20005_cLL_electrode_s15.npz,76370,3c47700053bcb8039d0635af7220320564a5175b3fb438470a932e75db51a59e
tcn,clean_only,101,bandpass_n20005_cLL_electrode_s10,phase2/results/predictions/full/clean_only/tcn/seed_101/bandpass_n20005_cLL_electrode_s10.npz,76254,e11c5dfd1ede5a4e9b030331f4fce3a857310685bb708214aa7aef8840462cd0
tcn,clean_only,101,bandpass_n20005_cLL_electrode_s5,phase2/results/predictions/full/clean_only/tcn/seed_101/bandpass_n20005_cLL_electrode_s5.npz,75956,a4259dca7346de81e3338398e6101b9fbfd1bf7a721edb401f5c8b5adfe108bf
tcn,clean_only,101,bandpass_n20005_cLL_electrode_s0,phase2/results/predictions/full/clean_only/tcn/seed_101/bandpass_n20005_cLL_electrode_s0.npz,75772,76147de207c8406bece49037d07757d2188f5541c67179701797fe9ab2ed61a7
tcn,clean_only,101,bandpass_n20005_cLL_covariance_s20,phase2/results/predictions/full/clean_only/tcn/seed_101/bandpass_n20005_cLL_covariance_s20.npz,76391,4f9786a9335598e8d367ffcb6930feee2c4ca2506251a4ed3d8b1f40237eebb5
tcn,clean_only,101,bandpass_n20005_cLL_covariance_s15,phase2/results/predictions/full/clean_only/tcn/seed_101/bandpass_n20005_cLL_covariance_s15.npz,76425,134a8ec623623f79995375523dfbee8c483f6d1075f75a34032e1ab46b22fbee
tcn,clean_only,101,bandpass_n20005_cLL_covariance_s10,phase2/results/predictions/full/clean_only/tcn/seed_101/bandpass_n20005_cLL_covariance_s10.npz,76255,f8a87f15da06762aeae7128041a895e2d5644d7e639ebad892c6789be427515f
tcn,clean_only,101,bandpass_n20005_cLL_covariance_s5,phase2/results/predictions/full/clean_only/tcn/seed_101/bandpass_n20005_cLL_covariance_s5.npz,75973,6ab2be6fa42dc63985f0d5ee9fce39012ee17a39b036939954188c343443e81a
tcn,clean_only,101,bandpass_n20005_cLL_covariance_s0,phase2/results/predictions/full/clean_only/tcn/seed_101/bandpass_n20005_cLL_covariance_s0.npz,75815,1bf95877702354f28907fba1a7d5bf0f3219253ef993629ca26cddc7ce9c62ac
tcn,clean_only,101,bandpass_n20005_cRA_V1_independent_rms_s20,phase2/results/predictions/full/clean_only/tcn/seed_101/bandpass_n20005_cRA_V1_independent_rms_s20.npz,76401,20393bbde5950e53cc87ef2cf2dea9bbcf1d2244e455b590160fa20a92ab0b15
tcn,clean_only,101,bandpass_n20005_cRA_V1_independent_rms_s15,phase2/results/predictions/full/clean_only/tcn/seed_101/bandpass_n20005_cRA_V1_independent_rms_s15.npz,76430,df43d57d3fdb20751bf40d27b2a06966cfe94f9ac8c3dac55bbc31d41ae8e4fb
tcn,clean_only,101,bandpass_n20005_cRA_V1_independent_rms_s10,phase2/results/predictions/full/clean_only/tcn/seed_101/bandpass_n20005_cRA_V1_independent_rms_s10.npz,76365,1cc088cae4635996acd52c9b42669bcbd3394f8239cb8834d060cebb8b377e86
tcn,clean_only,101,bandpass_n20005_cRA_V1_independent_rms_s5,phase2/results/predictions/full/clean_only/tcn/seed_101/bandpass_n20005_cRA_V1_independent_rms_s5.npz,76154,88370ebda601f44772fbc0d5f56cb05f18e7ed2c6ff6f154c67fa9ea340f15dc
tcn,clean_only,101,bandpass_n20005_cRA_V1_independent_rms_s0,phase2/results/predictions/full/clean_only/tcn/seed_101/bandpass_n20005_cRA_V1_independent_rms_s0.npz,75759,31af9858a603ecd560965e3c950a4ec2d37074d48c2bd62043006b2e311d54db
tcn,clean_only,101,bandpass_n20005_cRA_V1_electrode_s20,phase2/results/predictions/full/clean_only/tcn/seed_101/bandpass_n20005_cRA_V1_electrode_s20.npz,76407,896112377549e946083705dce4c21104246d1f2a83bcdb16b4597cd7b13969d5
tcn,clean_only,101,bandpass_n20005_cRA_V1_electrode_s15,phase2/results/predictions/full/clean_only/tcn/seed_101/bandpass_n20005_cRA_V1_electrode_s15.npz,76374,19bce893ca9c0f92177d4220f4257f31d85d9a56d990edd73913263d97aadb48
tcn,clean_only,101,bandpass_n20005_cRA_V1_electrode_s10,phase2/results/predictions/full/clean_only/tcn/seed_101/bandpass_n20005_cRA_V1_electrode_s10.npz,76225,1df8a634b12614a91bd76af1891b6b8115c7be7953b2fe488e6dcd569e1716cc
tcn,clean_only,101,bandpass_n20005_cRA_V1_electrode_s5,phase2/results/predictions/full/clean_only/tcn/seed_101/bandpass_n20005_cRA_V1_electrode_s5.npz,75995,4a96b451c68df2cd1cd56fc321bf029a168b0beca16a8b088e4014003f58c95d
tcn,clean_only,101,bandpass_n20005_cRA_V1_electrode_s0,phase2/results/predictions/full/clean_only/tcn/seed_101/bandpass_n20005_cRA_V1_electrode_s0.npz,75646,1cf80817c23449bfb3c12d6a969ceadf971273b12e48b0ba6f4d48f57c479e51
tcn,clean_only,101,bandpass_n20005_cRA_V1_covariance_s20,phase2/results/predictions/full/clean_only/tcn/seed_101/bandpass_n20005_cRA_V1_covariance_s20.npz,76416,18cd0ef92d7838137eda706f565ff64d872d24e883d09ac871852b8f273fca30
tcn,clean_only,101,bandpass_n20005_cRA_V1_covariance_s15,phase2/results/predictions/full/clean_only/tcn/seed_101/bandpass_n20005_cRA_V1_covariance_s15.npz,76375,a6225133876c395cb56cc0d9e0d4522c15ec8966ac0601e8b873c912ea7d3260
tcn,clean_only,101,bandpass_n20005_cRA_V1_covariance_s10,phase2/results/predictions/full/clean_only/tcn/seed_101/bandpass_n20005_cRA_V1_covariance_s10.npz,76271,b946e7a2b2ed9166f3a57c97c5600986f1ceeaf162895b0a3bdfe9250552add2
tcn,clean_only,101,bandpass_n20005_cRA_V1_covariance_s5,phase2/results/predictions/full/clean_only/tcn/seed_101/bandpass_n20005_cRA_V1_covariance_s5.npz,75987,eb6e271bf796e64d5ee92759d7483b6f3a52ce89bdd1af40d420c8ee8c05c587
tcn,clean_only,101,bandpass_n20005_cRA_V1_covariance_s0,phase2/results/predictions/full/clean_only/tcn/seed_101/bandpass_n20005_cRA_V1_covariance_s0.npz,75612,c6b8aa929e528aed394c391421c0825d4d7f55db9262c411821563818a8a84a5
tcn,clean_only,101,bandpass_n20005_cLA_V6_independent_rms_s20,phase2/results/predictions/full/clean_only/tcn/seed_101/bandpass_n20005_cLA_V6_independent_rms_s20.npz,76444,d4af759e1ef7ab48eedc3cae6b3a45b8b1c842cdad42b1a65727681a5adf2d18
tcn,clean_only,101,bandpass_n20005_cLA_V6_independent_rms_s15,phase2/results/predictions/full/clean_only/tcn/seed_101/bandpass_n20005_cLA_V6_independent_rms_s15.npz,76378,bfde97607f6bb969cb926adfabaf5b8215f41d91734548af5829744bcc508612
tcn,clean_only,101,bandpass_n20005_cLA_V6_independent_rms_s10,phase2/results/predictions/full/clean_only/tcn/seed_101/bandpass_n20005_cLA_V6_independent_rms_s10.npz,76369,606b938928f25ca8b2cfd9af07de5940ebd85b3b485ef9947b5421a57c673d23
tcn,clean_only,101,bandpass_n20005_cLA_V6_independent_rms_s5,phase2/results/predictions/full/clean_only/tcn/seed_101/bandpass_n20005_cLA_V6_independent_rms_s5.npz,76198,1440633c68157509be5d2c33f104909ab9162b0a38f86d2fc23b00b908210eea
tcn,clean_only,101,bandpass_n20005_cLA_V6_independent_rms_s0,phase2/results/predictions/full/clean_only/tcn/seed_101/bandpass_n20005_cLA_V6_independent_rms_s0.npz,75768,36772e59448cc795d7e69fd42cb9de7ccd442d33dd8819cb94c9d6aaa7cb4fcc
tcn,clean_only,101,bandpass_n20005_cLA_V6_electrode_s20,phase2/results/predictions/full/clean_only/tcn/seed_101/bandpass_n20005_cLA_V6_electrode_s20.npz,76395,328e2e83fa0fc5176c5c1ac0416d55286e482ff6152788056e2285ab739fc97f
tcn,clean_only,101,bandpass_n20005_cLA_V6_electrode_s15,phase2/results/predictions/full/clean_only/tcn/seed_101/bandpass_n20005_cLA_V6_electrode_s15.npz,76385,6e7387f8d712901f651b2db291f42772d43f92b241f354d8b22bf2a6627c2d60
tcn,clean_only,101,bandpass_n20005_cLA_V6_electrode_s10,phase2/results/predictions/full/clean_only/tcn/seed_101/bandpass_n20005_cLA_V6_electrode_s10.npz,76287,a27f1158cba90e5b281b08dd0cccd3034bd61ebfb2034e9ef2744a99bb1be7eb
tcn,clean_only,101,bandpass_n20005_cLA_V6_electrode_s5,phase2/results/predictions/full/clean_only/tcn/seed_101/bandpass_n20005_cLA_V6_electrode_s5.npz,76008,981c8f5b3fa288ce6d39a47374af5545536a25ab785e4dbc1a1126998314af1e
tcn,clean_only,101,bandpass_n20005_cLA_V6_electrode_s0,phase2/results/predictions/full/clean_only/tcn/seed_101/bandpass_n20005_cLA_V6_electrode_s0.npz,75813,201e4a734cd31b3b77ebc73cafacd88929a1538a3befbe3086d16cf3ddd7b486
tcn,clean_only,101,bandpass_n20005_cLA_V6_covariance_s20,phase2/results/predictions/full/clean_only/tcn/seed_101/bandpass_n20005_cLA_V6_covariance_s20.npz,76411,9a61b77460454758bc13038f96193e7675685c229201d79eea9542d44109261b
tcn,clean_only,101,bandpass_n20005_cLA_V6_covariance_s15,phase2/results/predictions/full/clean_only/tcn/seed_101/bandpass_n20005_cLA_V6_covariance_s15.npz,76388,5c3542f5a48e8a8d3caac3b90280bd805c6c49d0e11b67ef640569a22dd9a005
tcn,clean_only,101,bandpass_n20005_cLA_V6_covariance_s10,phase2/results/predictions/full/clean_only/tcn/seed_101/bandpass_n20005_cLA_V6_covariance_s10.npz,76317,61a1cb0d8a0be8001469c5ae67877d0e6597305dd715749cf368f53709728ef7
tcn,clean_only,101,bandpass_n20005_cLA_V6_covariance_s5,phase2/results/predictions/full/clean_only/tcn/seed_101/bandpass_n20005_cLA_V6_covariance_s5.npz,76019,d35f282b20fe6f5c1bf3bafe6141ba16900772061b90d228271dce2c56042b1d
tcn,clean_only,101,bandpass_n20005_cLA_V6_covariance_s0,phase2/results/predictions/full/clean_only/tcn/seed_101/bandpass_n20005_cLA_V6_covariance_s0.npz,75803,5c47b2806f625852c33db7d119063dfe9204887905d38612579b37826831a8ed
tcn,clean_only,101,bandpass_n20005_cLL_V4_independent_rms_s20,phase2/results/predictions/full/clean_only/tcn/seed_101/bandpass_n20005_cLL_V4_independent_rms_s20.npz,76411,c4d98e19531092f7dee1b4869e6c51a5be2db5c8b40bc213ebd82b902a4ed0c1
tcn,clean_only,101,bandpass_n20005_cLL_V4_independent_rms_s15,phase2/results/predictions/full/clean_only/tcn/seed_101/bandpass_n20005_cLL_V4_independent_rms_s15.npz,76409,5baa830934add7284cdd59ec3547196fc07474d1aa2412405a2ebf9d9a40b7e5
tcn,clean_only,101,bandpass_n20005_cLL_V4_independent_rms_s10,phase2/results/predictions/full/clean_only/tcn/seed_101/bandpass_n20005_cLL_V4_independent_rms_s10.npz,76380,4f4622ecdcb8126d13267e4f1c361c27044771996b50729169ae379d6c2f2de3
tcn,clean_only,101,bandpass_n20005_cLL_V4_independent_rms_s5,phase2/results/predictions/full/clean_only/tcn/seed_101/bandpass_n20005_cLL_V4_independent_rms_s5.npz,76157,f6e9bdc8c59b665fb3fa4d00c888b04757d59355d67b3c443f3118cbb447912f
tcn,clean_only,101,bandpass_n20005_cLL_V4_independent_rms_s0,phase2/results/predictions/full/clean_only/tcn/seed_101/bandpass_n20005_cLL_V4_independent_rms_s0.npz,75770,7f9c305e22aaf9a8fdf539e4bcd5f72bc78de9687e8802c549e7ee0d88c2e02c
tcn,clean_only,101,bandpass_n20005_cLL_V4_electrode_s20,phase2/results/predictions/full/clean_only/tcn/seed_101/bandpass_n20005_cLL_V4_electrode_s20.npz,76418,4c87da5e8d95bc650a2943dc68457e089db1446c604beb730fee3502e09245bf
tcn,clean_only,101,bandpass_n20005_cLL_V4_electrode_s15,phase2/results/predictions/full/clean_only/tcn/seed_101/bandpass_n20005_cLL_V4_electrode_s15.npz,76419,03f4207a1221433fed261b8f29fc15da40a3cb8fa2231cbcd01ef0f3789b6759
tcn,clean_only,101,bandpass_n20005_cLL_V4_electrode_s10,phase2/results/predictions/full/clean_only/tcn/seed_101/bandpass_n20005_cLL_V4_electrode_s10.npz,76286,747c8b0ae7422dc333859986f526bdf06704696fc64d6e97e3d436364ce65f85
tcn,clean_only,101,bandpass_n20005_cLL_V4_electrode_s5,phase2/results/predictions/full/clean_only/tcn/seed_101/bandpass_n20005_cLL_V4_electrode_s5.npz,75987,7ee410dff45243b38802a7965b6a31029181a3e23de2cb415f741f164b330604
tcn,clean_only,101,bandpass_n20005_cLL_V4_electrode_s0,phase2/results/predictions/full/clean_only/tcn/seed_101/bandpass_n20005_cLL_V4_electrode_s0.npz,75768,d6fcb5b3fe88236b513157767f4036c9a2b797d61bb9eb258d4c20d2002a4d95
tcn,clean_only,101,bandpass_n20005_cLL_V4_covariance_s20,phase2/results/predictions/full/clean_only/tcn/seed_101/bandpass_n20005_cLL_V4_covariance_s20.npz,76387,2e93e13263806bc682246f298bfb6a91919be05dce6a487ce1ee3b5af976b565
tcn,clean_only,101,bandpass_n20005_cLL_V4_covariance_s15,phase2/results/predictions/full/clean_only/tcn/seed_101/bandpass_n20005_cLL_V4_covariance_s15.npz,76383,69e8df79e8582507263df9be367df3224e28b0bbc8b5716f1375983feeffba6e
tcn,clean_only,101,bandpass_n20005_cLL_V4_covariance_s10,phase2/results/predictions/full/clean_only/tcn/seed_101/bandpass_n20005_cLL_V4_covariance_s10.npz,76330,f95aff32377ff1e759f0afc77b64c3ae5d6d849de20c1f0811b8b6a6277a5e73
tcn,clean_only,101,bandpass_n20005_cLL_V4_covariance_s5,phase2/results/predictions/full/clean_only/tcn/seed_101/bandpass_n20005_cLL_V4_covariance_s5.npz,76025,6b5d4868287ad0e30a1e7a0b08c05ae6af6ab4efe358b2927ac0ac360a8d7597
tcn,clean_only,101,bandpass_n20005_cLL_V4_covariance_s0,phase2/results/predictions/full/clean_only/tcn/seed_101/bandpass_n20005_cLL_V4_covariance_s0.npz,75734,7b67f977d3784a92f0dc824ded8e1cddd1e3cb663a9cc12ac10680043a333bc4
tcn,clean_only,101,bandpass_n20005_cRA_LA_V1_V6_independent_rms_s20,phase2/results/predictions/full/clean_only/tcn/seed_101/bandpass_n20005_cRA_LA_V1_V6_independent_rms_s20.npz,76431,6098604532d86848ebdfce0a7df2f4a44ba8131d1e615574c546922fbcedc93f
tcn,clean_only,101,bandpass_n20005_cRA_LA_V1_V6_independent_rms_s15,phase2/results/predictions/full/clean_only/tcn/seed_101/bandpass_n20005_cRA_LA_V1_V6_independent_rms_s15.npz,76414,b6c74e8d2495071f63746cc7efb3a22b7f60621f02be4a4c40258b030780762f
tcn,clean_only,101,bandpass_n20005_cRA_LA_V1_V6_independent_rms_s10,phase2/results/predictions/full/clean_only/tcn/seed_101/bandpass_n20005_cRA_LA_V1_V6_independent_rms_s10.npz,76390,ca3aaa08700fcd28c3730dd6e97ffad90f9e0f0253faa1b7e53029169f72aab0
tcn,clean_only,101,bandpass_n20005_cRA_LA_V1_V6_independent_rms_s5,phase2/results/predictions/full/clean_only/tcn/seed_101/bandpass_n20005_cRA_LA_V1_V6_independent_rms_s5.npz,76149,31024f3ae4e03e981a629bd462d1fda350106b22a889272a9ec9f753b0a20b2e
tcn,clean_only,101,bandpass_n20005_cRA_LA_V1_V6_independent_rms_s0,phase2/results/predictions/full/clean_only/tcn/seed_101/bandpass_n20005_cRA_LA_V1_V6_independent_rms_s0.npz,75781,fef5c47b191314dff81728ea72c340af612b1ff07b49394a4b4775d9893bb477
tcn,clean_only,101,bandpass_n20005_cRA_LA_V1_V6_electrode_s20,phase2/results/predictions/full/clean_only/tcn/seed_101/bandpass_n20005_cRA_LA_V1_V6_electrode_s20.npz,76469,74951c6b8b520a2ccc19900e1e225583831753b9941a33b35b32f1ae6a8915a2
tcn,clean_only,101,bandpass_n20005_cRA_LA_V1_V6_electrode_s15,phase2/results/predictions/full/clean_only/tcn/seed_101/bandpass_n20005_cRA_LA_V1_V6_electrode_s15.npz,76413,72eac58142fc7258df095b931193e27595c3d1b42285a8f2167073a25dfdcc8e
tcn,clean_only,101,bandpass_n20005_cRA_LA_V1_V6_electrode_s10,phase2/results/predictions/full/clean_only/tcn/seed_101/bandpass_n20005_cRA_LA_V1_V6_electrode_s10.npz,76276,483acec35f2e2cfb3b3c80f0bdfe1e852b3e494225f826de3407c6534b6f95b1
tcn,clean_only,101,bandpass_n20005_cRA_LA_V1_V6_electrode_s5,phase2/results/predictions/full/clean_only/tcn/seed_101/bandpass_n20005_cRA_LA_V1_V6_electrode_s5.npz,75999,7b670f630b00cb3596c3b3e2fc95d08408804ae16c5c49bc4d33a7b3836eb83d
tcn,clean_only,101,bandpass_n20005_cRA_LA_V1_V6_electrode_s0,phase2/results/predictions/full/clean_only/tcn/seed_101/bandpass_n20005_cRA_LA_V1_V6_electrode_s0.npz,75679,caa53ca6a914cd2c38305bcdb667c630ee7a115efa1ebfa5579d983690703f75
tcn,clean_only,101,bandpass_n20005_cRA_LA_V1_V6_covariance_s20,phase2/results/predictions/full/clean_only/tcn/seed_101/bandpass_n20005_cRA_LA_V1_V6_covariance_s20.npz,76410,c1deb396712400e0b90f37a2a4bdc2788c4d1493fd9d75a47a26ba64e04795c9
tcn,clean_only,101,bandpass_n20005_cRA_LA_V1_V6_covariance_s15,phase2/results/predictions/full/clean_only/tcn/seed_101/bandpass_n20005_cRA_LA_V1_V6_covariance_s15.npz,76417,1ba072165ce0f21462fbde2a0758741b0f8597cc84e0c50da20b911342cad1ce
tcn,clean_only,101,bandpass_n20005_cRA_LA_V1_V6_covariance_s10,phase2/results/predictions/full/clean_only/tcn/seed_101/bandpass_n20005_cRA_LA_V1_V6_covariance_s10.npz,76309,9b4d03c54402a24d3ab9049e3e39cbdee11edcba00b94032412ea2eefc0eaa62
tcn,clean_only,101,bandpass_n20005_cRA_LA_V1_V6_covariance_s5,phase2/results/predictions/full/clean_only/tcn/seed_101/bandpass_n20005_cRA_LA_V1_V6_covariance_s5.npz,76022,934299adf4ccd8adb3e6e24bd131fd6c08a308d7036b43d8891f44f0924f0f86
tcn,clean_only,101,bandpass_n20005_cRA_LA_V1_V6_covariance_s0,phase2/results/predictions/full/clean_only/tcn/seed_101/bandpass_n20005_cRA_LA_V1_V6_covariance_s0.npz,75714,e300a7e0b097ba9dcd05933c16db00f5a49abc8f589e7b670c5956cd6444cc8b
tcn,clean_only,101,bandpass_n20005_cRA_V2_V5_independent_rms_s20,phase2/results/predictions/full/clean_only/tcn/seed_101/bandpass_n20005_cRA_V2_V5_independent_rms_s20.npz,76442,6849f430de98a6799d930a46018780adef0a736edfc73b756e8ecd69739b1b69
tcn,clean_only,101,bandpass_n20005_cRA_V2_V5_independent_rms_s15,phase2/results/predictions/full/clean_only/tcn/seed_101/bandpass_n20005_cRA_V2_V5_independent_rms_s15.npz,76414,aed9529c4ca68dadc6e9a08ab65e7adc906723dd214f70878e0c691f456a19f4
tcn,clean_only,101,bandpass_n20005_cRA_V2_V5_independent_rms_s10,phase2/results/predictions/full/clean_only/tcn/seed_101/bandpass_n20005_cRA_V2_V5_independent_rms_s10.npz,76373,3c8523490a79fa2434b68fbfb99334327b2a509b958ee448f1de2b9e95d3360d
tcn,clean_only,101,bandpass_n20005_cRA_V2_V5_independent_rms_s5,phase2/results/predictions/full/clean_only/tcn/seed_101/bandpass_n20005_cRA_V2_V5_independent_rms_s5.npz,76218,ea2f7c8237cacbf4a4f0e4f15c5dcf88891fefba0b26fe4c9eddc48ab3e1b856
tcn,clean_only,101,bandpass_n20005_cRA_V2_V5_independent_rms_s0,phase2/results/predictions/full/clean_only/tcn/seed_101/bandpass_n20005_cRA_V2_V5_independent_rms_s0.npz,75818,1f992d8927b967382a34f551faaffd9292279e7261772da6dff4007a7796ef19
tcn,clean_only,101,bandpass_n20005_cRA_V2_V5_electrode_s20,phase2/results/predictions/full/clean_only/tcn/seed_101/bandpass_n20005_cRA_V2_V5_electrode_s20.npz,76387,01b2900ba667e0585f76a2382fe9c0e693c50711c0aed3d507ef868e09a8163f
tcn,clean_only,101,bandpass_n20005_cRA_V2_V5_electrode_s15,phase2/results/predictions/full/clean_only/tcn/seed_101/bandpass_n20005_cRA_V2_V5_electrode_s15.npz,76375,55eff8f72b904a1bee246a13acbc38bbc4bcd35ff313693afa710e3db62afb99
tcn,clean_only,101,bandpass_n20005_cRA_V2_V5_electrode_s10,phase2/results/predictions/full/clean_only/tcn/seed_101/bandpass_n20005_cRA_V2_V5_electrode_s10.npz,76269,b4a50c26e45ad0d698a9646660b27011d0e2c78cd7b480234fd6187b5cd73d6b
tcn,clean_only,101,bandpass_n20005_cRA_V2_V5_electrode_s5,phase2/results/predictions/full/clean_only/tcn/seed_101/bandpass_n20005_cRA_V2_V5_electrode_s5.npz,76043,c5aba292bcce434d2c0e8bec7fb0c0fcf8989e866640ade559f42a54f8076bb3
tcn,clean_only,101,bandpass_n20005_cRA_V2_V5_electrode_s0,phase2/results/predictions/full/clean_only/tcn/seed_101/bandpass_n20005_cRA_V2_V5_electrode_s0.npz,75628,508e520f586540c01ca6e6e674e5dcef9b7f4bf2b27e10e65012e8c278a25cd5
tcn,clean_only,101,bandpass_n20005_cRA_V2_V5_covariance_s20,phase2/results/predictions/full/clean_only/tcn/seed_101/bandpass_n20005_cRA_V2_V5_covariance_s20.npz,76385,edbf6eb947d63e015695a1995ff8973608ef019955165d6c2d93a74f8143f35d
tcn,clean_only,101,bandpass_n20005_cRA_V2_V5_covariance_s15,phase2/results/predictions/full/clean_only/tcn/seed_101/bandpass_n20005_cRA_V2_V5_covariance_s15.npz,76363,bd3dabbf6c60b029b2dbe980177d85bfaefcde7e7941449f6c2fe83e37c5a847
tcn,clean_only,101,bandpass_n20005_cRA_V2_V5_covariance_s10,phase2/results/predictions/full/clean_only/tcn/seed_101/bandpass_n20005_cRA_V2_V5_covariance_s10.npz,76335,7d2bc3654a8d63203e132cbfa1c3935b91ffeb4d1ee077baa408b508d88dbf91
tcn,clean_only,101,bandpass_n20005_cRA_V2_V5_covariance_s5,phase2/results/predictions/full/clean_only/tcn/seed_101/bandpass_n20005_cRA_V2_V5_covariance_s5.npz,76021,3123ef41d3ad0b022fb25bf6a05b4c76b63471178c57b055fd3858f9b43bccc0
tcn,clean_only,101,bandpass_n20005_cRA_V2_V5_covariance_s0,phase2/results/predictions/full/clean_only/tcn/seed_101/bandpass_n20005_cRA_V2_V5_covariance_s0.npz,75610,523252d747caa48ad92fe5d2794fb786c396070326f4c410b6e0bac9d07f18e2
tcn,clean_only,101,bandpass_n20005_cLA_V3_V6_independent_rms_s20,phase2/results/predictions/full/clean_only/tcn/seed_101/bandpass_n20005_cLA_V3_V6_independent_rms_s20.npz,76461,65ab3f219fd48d8d02f69320845204c613cac4b8e9561a342071939ccb0ad171
tcn,clean_only,101,bandpass_n20005_cLA_V3_V6_independent_rms_s15,phase2/results/predictions/full/clean_only/tcn/seed_101/bandpass_n20005_cLA_V3_V6_independent_rms_s15.npz,76403,79c6b10d1776a716563205390d914bea49cf0d9437b02f4640e5e84b87f4ecd6
tcn,clean_only,101,bandpass_n20005_cLA_V3_V6_independent_rms_s10,phase2/results/predictions/full/clean_only/tcn/seed_101/bandpass_n20005_cLA_V3_V6_independent_rms_s10.npz,76361,b9d6c23257da541a10cd9357b96b4a1787ecbf99c4381e8133ec7cd63b597013
tcn,clean_only,101,bandpass_n20005_cLA_V3_V6_independent_rms_s5,phase2/results/predictions/full/clean_only/tcn/seed_101/bandpass_n20005_cLA_V3_V6_independent_rms_s5.npz,76179,1d7f14efda9535ab8bc3b6e9ed0a401d0e9c1764fbb2f2f27f0f000ad06028c8
tcn,clean_only,101,bandpass_n20005_cLA_V3_V6_independent_rms_s0,phase2/results/predictions/full/clean_only/tcn/seed_101/bandpass_n20005_cLA_V3_V6_independent_rms_s0.npz,75775,51818558660ce04897c259166d0c231cef0b6fb5d49ab56c326b1ccc1d8a07bb
tcn,clean_only,101,bandpass_n20005_cLA_V3_V6_electrode_s20,phase2/results/predictions/full/clean_only/tcn/seed_101/bandpass_n20005_cLA_V3_V6_electrode_s20.npz,76436,0c7e1b8dae4f0aa1619d6def059dc8effe8bb2d764fda96c58cece2d79ba78ab
tcn,clean_only,101,bandpass_n20005_cLA_V3_V6_electrode_s15,phase2/results/predictions/full/clean_only/tcn/seed_101/bandpass_n20005_cLA_V3_V6_electrode_s15.npz,76449,1d57a47b21aacaddbe1fc274dbd92763f854706ba0e6812fc97b0bd929e27cd2
tcn,clean_only,101,bandpass_n20005_cLA_V3_V6_electrode_s10,phase2/results/predictions/full/clean_only/tcn/seed_101/bandpass_n20005_cLA_V3_V6_electrode_s10.npz,76303,9458b9fe441708259304ccb9e61c8fb28ec234c27b07e90b621fa3fd57a070b4
tcn,clean_only,101,bandpass_n20005_cLA_V3_V6_electrode_s5,phase2/results/predictions/full/clean_only/tcn/seed_101/bandpass_n20005_cLA_V3_V6_electrode_s5.npz,76005,9fe7d785962b6de8af213f1e851403bd302799bd045ff80023e1c6a25343f84b
tcn,clean_only,101,bandpass_n20005_cLA_V3_V6_electrode_s0,phase2/results/predictions/full/clean_only/tcn/seed_101/bandpass_n20005_cLA_V3_V6_electrode_s0.npz,75776,4626f580cfbad620fe464908f7b2a4cee5a406195e7b405e7e2bb0e95df620ea
tcn,clean_only,101,bandpass_n20005_cLA_V3_V6_covariance_s20,phase2/results/predictions/full/clean_only/tcn/seed_101/bandpass_n20005_cLA_V3_V6_covariance_s20.npz,76416,e1c8f0ac9176153ccd89269ce34954c6a8e8538bc3bb5a9f1ea8c0b8dc43a5f7
tcn,clean_only,101,bandpass_n20005_cLA_V3_V6_covariance_s15,phase2/results/predictions/full/clean_only/tcn/seed_101/bandpass_n20005_cLA_V3_V6_covariance_s15.npz,76397,09d4cab628b19da5320065dc46611dc64dcff073ca252ccbe06264c1795bf702
tcn,clean_only,101,bandpass_n20005_cLA_V3_V6_covariance_s10,phase2/results/predictions/full/clean_only/tcn/seed_101/bandpass_n20005_cLA_V3_V6_covariance_s10.npz,76338,2cffb0fa0b02942df2ff27097d991b96720e192c0aa0377ab39ce5dbdf301b7f
tcn,clean_only,101,bandpass_n20005_cLA_V3_V6_covariance_s5,phase2/results/predictions/full/clean_only/tcn/seed_101/bandpass_n20005_cLA_V3_V6_covariance_s5.npz,76043,8d0554bc024c9034590c52a6185dbf161ffc4e0ac743ce22b7316edaed03b2ac
tcn,clean_only,101,bandpass_n20005_cLA_V3_V6_covariance_s0,phase2/results/predictions/full/clean_only/tcn/seed_101/bandpass_n20005_cLA_V3_V6_covariance_s0.npz,75768,22abfb6df4f70c7e9d95d000cc7226b64adbed6554daf8a2cfb2b1fdcaaac3f2
tcn,clean_only,101,bandpass_n20005_cLL_V1_V4_independent_rms_s20,phase2/results/predictions/full/clean_only/tcn/seed_101/bandpass_n20005_cLL_V1_V4_independent_rms_s20.npz,76413,5a9e57af0f70aa04dd8c7378732afb0e5f5f2e470799abdea4d717ffe5edcdef
tcn,clean_only,101,bandpass_n20005_cLL_V1_V4_independent_rms_s15,phase2/results/predictions/full/clean_only/tcn/seed_101/bandpass_n20005_cLL_V1_V4_independent_rms_s15.npz,76418,1bd501eadd91f8ac7e43b496a8e9e1a162fc50a266a9f285bbe155426287450d
tcn,clean_only,101,bandpass_n20005_cLL_V1_V4_independent_rms_s10,phase2/results/predictions/full/clean_only/tcn/seed_101/bandpass_n20005_cLL_V1_V4_independent_rms_s10.npz,76346,f4c9b29f627042d0dfb072d6b246351c75dc9a48e5be845e7de575216c4b3dcd
tcn,clean_only,101,bandpass_n20005_cLL_V1_V4_independent_rms_s5,phase2/results/predictions/full/clean_only/tcn/seed_101/bandpass_n20005_cLL_V1_V4_independent_rms_s5.npz,76138,7c0e445281218f33e9a152baa3cdd7f83dd327f181bbe444091c6179fd8080c8
tcn,clean_only,101,bandpass_n20005_cLL_V1_V4_independent_rms_s0,phase2/results/predictions/full/clean_only/tcn/seed_101/bandpass_n20005_cLL_V1_V4_independent_rms_s0.npz,75708,ad51dd8c5bf16a0248ed58e5095c6be77af3af7dec4a42c38f022f9aff4c1855
tcn,clean_only,101,bandpass_n20005_cLL_V1_V4_electrode_s20,phase2/results/predictions/full/clean_only/tcn/seed_101/bandpass_n20005_cLL_V1_V4_electrode_s20.npz,76420,b18bfd6fdd0849d083e5c828b6a893c6dbf88b9067a154b5480aebcc4db5c8a6
tcn,clean_only,101,bandpass_n20005_cLL_V1_V4_electrode_s15,phase2/results/predictions/full/clean_only/tcn/seed_101/bandpass_n20005_cLL_V1_V4_electrode_s15.npz,76420,b03398a2cb890f594c71f0b47985b58caf41b8ecd355eb2ef764881ec6499911
tcn,clean_only,101,bandpass_n20005_cLL_V1_V4_electrode_s10,phase2/results/predictions/full/clean_only/tcn/seed_101/bandpass_n20005_cLL_V1_V4_electrode_s10.npz,76305,2d6aafceb829a2d85183cb4ed0d4bdc7fdd9a4eecea13af79da48967881b5202
tcn,clean_only,101,bandpass_n20005_cLL_V1_V4_electrode_s5,phase2/results/predictions/full/clean_only/tcn/seed_101/bandpass_n20005_cLL_V1_V4_electrode_s5.npz,76000,c34ab517469fd4b873ea9eddf6345d771c86e1ebe7cacaaacb042ddaad76cb9a
tcn,clean_only,101,bandpass_n20005_cLL_V1_V4_electrode_s0,phase2/results/predictions/full/clean_only/tcn/seed_101/bandpass_n20005_cLL_V1_V4_electrode_s0.npz,75792,a329c1e529dc7c72d705ba354a1ceea92f84d0dcfac0b9c9505b2590c2a28097
tcn,clean_only,101,bandpass_n20005_cLL_V1_V4_covariance_s20,phase2/results/predictions/full/clean_only/tcn/seed_101/bandpass_n20005_cLL_V1_V4_covariance_s20.npz,76393,70dcd32530603700c9458ba38d2b728ea4b84c188d22bc3330c245a8e66f4db8
tcn,clean_only,101,bandpass_n20005_cLL_V1_V4_covariance_s15,phase2/results/predictions/full/clean_only/tcn/seed_101/bandpass_n20005_cLL_V1_V4_covariance_s15.npz,76421,f78e583e263a23bebfbc40b2d2e41a1d6587247e415410e7bacaa2e92b961394
tcn,clean_only,101,bandpass_n20005_cLL_V1_V4_covariance_s10,phase2/results/predictions/full/clean_only/tcn/seed_101/bandpass_n20005_cLL_V1_V4_covariance_s10.npz,76331,c9f2da4eb35da93608c06ab2a88ec60b95b3fb6a58492ed01875f2260831db30
tcn,clean_only,101,bandpass_n20005_cLL_V1_V4_covariance_s5,phase2/results/predictions/full/clean_only/tcn/seed_101/bandpass_n20005_cLL_V1_V4_covariance_s5.npz,76003,7d81f2cf99671c61470956f247234bc0cce8d85d8fbfe36cfde1dc46a2a56c86
tcn,clean_only,101,bandpass_n20005_cLL_V1_V4_covariance_s0,phase2/results/predictions/full/clean_only/tcn/seed_101/bandpass_n20005_cLL_V1_V4_covariance_s0.npz,75785,f5de4c78daa849a3d07c7169f3fe140e0bb46b2bdf49b664156bd5b436ea4a40
tcn,clean_only,101,bandpass_n20005_call_independent_rms_s20,phase2/results/predictions/full/clean_only/tcn/seed_101/bandpass_n20005_call_independent_rms_s20.npz,76403,3bee901141c88a20b24b7b8781accac68ad117f05c061ebeb353e31e5a3a1fd2
tcn,clean_only,101,bandpass_n20005_call_independent_rms_s15,phase2/results/predictions/full/clean_only/tcn/seed_101/bandpass_n20005_call_independent_rms_s15.npz,76355,f8434f8e53e827b83227051a1603dc75851409e6e0b5e2ea29065c31fffc7ef5
tcn,clean_only,101,bandpass_n20005_call_independent_rms_s10,phase2/results/predictions/full/clean_only/tcn/seed_101/bandpass_n20005_call_independent_rms_s10.npz,76338,e6bc1aedbc6c3e48004c3528fbbfed2dc0142c0a908c4f96b72b98315067d5dd
tcn,clean_only,101,bandpass_n20005_call_independent_rms_s5,phase2/results/predictions/full/clean_only/tcn/seed_101/bandpass_n20005_call_independent_rms_s5.npz,76107,46e06d3370b5de7e10a74bf8b215e6e5721c59644c8a81fd139e7cb27a66d4d2
tcn,clean_only,101,bandpass_n20005_call_independent_rms_s0,phase2/results/predictions/full/clean_only/tcn/seed_101/bandpass_n20005_call_independent_rms_s0.npz,75708,33dfa30299b65aa408ebd565dde4d3e756383d6dcadbaecffbf2bfcd2a0e3960
tcn,clean_only,101,bandpass_n20005_call_electrode_s20,phase2/results/predictions/full/clean_only/tcn/seed_101/bandpass_n20005_call_electrode_s20.npz,76366,d4bcbeb0e79670a03e7d56ad88360ef9bda5936fd0481094074b37c251d7b59e
tcn,clean_only,101,bandpass_n20005_call_electrode_s15,phase2/results/predictions/full/clean_only/tcn/seed_101/bandpass_n20005_call_electrode_s15.npz,76348,80abc61ad1e3a99a28c3c85f1e7cd0d510a6ad92f9c42e9ac481263f8b24dd0c
tcn,clean_only,101,bandpass_n20005_call_electrode_s10,phase2/results/predictions/full/clean_only/tcn/seed_101/bandpass_n20005_call_electrode_s10.npz,76268,e73208f2924e93f9f5fb095bc02bf9a4c7eebb7541de2ae341714850627d52f3
tcn,clean_only,101,bandpass_n20005_call_electrode_s5,phase2/results/predictions/full/clean_only/tcn/seed_101/bandpass_n20005_call_electrode_s5.npz,75963,14e48190f2bd704f0309f2c764a8f2703880d361eb16bb4276a5fb14c846a698
tcn,clean_only,101,bandpass_n20005_call_electrode_s0,phase2/results/predictions/full/clean_only/tcn/seed_101/bandpass_n20005_call_electrode_s0.npz,75689,f99e02bdb7cf01793f7f1b8ef92af5fc2c1a34fcd0e209e824949efbe22924b3
tcn,clean_only,101,bandpass_n20005_call_covariance_s20,phase2/results/predictions/full/clean_only/tcn/seed_101/bandpass_n20005_call_covariance_s20.npz,76387,f48e4c15173c368e81cf5667a7033f52b23a97935274f76866936753320851d0
tcn,clean_only,101,bandpass_n20005_call_covariance_s15,phase2/results/predictions/full/clean_only/tcn/seed_101/bandpass_n20005_call_covariance_s15.npz,76380,9bde794f66132d62265bb8c78fd408db38e39628dc1e7ffcf2bf32d65d57d76f
tcn,clean_only,101,bandpass_n20005_call_covariance_s10,phase2/results/predictions/full/clean_only/tcn/seed_101/bandpass_n20005_call_covariance_s10.npz,76255,41f8bf1bd0fb76cbe8db0a1e0bc6384c571f15c4b0ba21c0c560e57a8869d4f5
tcn,clean_only,101,bandpass_n20005_call_covariance_s5,phase2/results/predictions/full/clean_only/tcn/seed_101/bandpass_n20005_call_covariance_s5.npz,76006,b2105657475c6e0996cbe704b98c64e03769a287dddf995fa7fd3e0061b8f313
tcn,clean_only,101,bandpass_n20005_call_covariance_s0,phase2/results/predictions/full/clean_only/tcn/seed_101/bandpass_n20005_call_covariance_s0.npz,75679,ad790093086c034ebef237eb39a8920c9aecfbe6c4f7b6b4fe162f4b13f2c10f
tcn,clean_only,101,bw_n20001_call_independent_rms_s20,phase2/results/predictions/full/clean_only/tcn/seed_101/bw_n20001_call_independent_rms_s20.npz,76374,e0f722bc52772718e255e6ec74810061dd24d1686c008f94cc33018b2c2d2cb1
tcn,clean_only,101,bw_n20001_call_independent_rms_s10,phase2/results/predictions/full/clean_only/tcn/seed_101/bw_n20001_call_independent_rms_s10.npz,76356,fd76014be2f836eef6e28bfa9070e26f24ccdb04102e0ac70299a6efd3c628d9
tcn,clean_only,101,bw_n20001_call_independent_rms_s0,phase2/results/predictions/full/clean_only/tcn/seed_101/bw_n20001_call_independent_rms_s0.npz,76088,2cf7bb98283477c9a47a9cb153b12a00d0c9042ee3310c94b4b4759efd963cee
tcn,clean_only,101,bw_n20001_call_electrode_s20,phase2/results/predictions/full/clean_only/tcn/seed_101/bw_n20001_call_electrode_s20.npz,76361,4276b6e94b4412e871164629b0df266a24806ac4b25b025911d67c50d41f2be4
tcn,clean_only,101,bw_n20001_call_electrode_s10,phase2/results/predictions/full/clean_only/tcn/seed_101/bw_n20001_call_electrode_s10.npz,76322,80db2fa22bfbc5662f51cfb234b7c9432d6eeebde0f494642e5a4748d3c45e02
tcn,clean_only,101,bw_n20001_call_electrode_s0,phase2/results/predictions/full/clean_only/tcn/seed_101/bw_n20001_call_electrode_s0.npz,76032,dda63146199d43e70b6c8b4d8354c4c84a931be7fb1ac28d6054745349c006ab
tcn,clean_only,101,bw_n20001_call_covariance_s20,phase2/results/predictions/full/clean_only/tcn/seed_101/bw_n20001_call_covariance_s20.npz,76347,c85e17c99c07d7112ed0b4c48faf58538f8d6fc4745b6febb41d714c5fe5cd85
tcn,clean_only,101,bw_n20001_call_covariance_s10,phase2/results/predictions/full/clean_only/tcn/seed_101/bw_n20001_call_covariance_s10.npz,76323,91d44c51b3b1a990c2943b68d2e8bccff81a302ea236ff8a27fd4aef3eaf3248
tcn,clean_only,101,bw_n20001_call_covariance_s0,phase2/results/predictions/full/clean_only/tcn/seed_101/bw_n20001_call_covariance_s0.npz,76052,afec3a88294edbccfd9c5a9d7ba327c1fefa4bc7e33d5cb8efe569a77ffc14c3
tcn,clean_only,101,bw_n20002_call_independent_rms_s20,phase2/results/predictions/full/clean_only/tcn/seed_101/bw_n20002_call_independent_rms_s20.npz,76400,fac1bd54e0da4f74b0b35e5ab69a978a5695016b6aae42e514b7adc54085af45
tcn,clean_only,101,bw_n20002_call_independent_rms_s10,phase2/results/predictions/full/clean_only/tcn/seed_101/bw_n20002_call_independent_rms_s10.npz,76373,f9f66707da385178111c3fb896cde9b73da6bd11d9534933ed38c07b16deac0b
tcn,clean_only,101,bw_n20002_call_independent_rms_s0,phase2/results/predictions/full/clean_only/tcn/seed_101/bw_n20002_call_independent_rms_s0.npz,76122,3f243ca1bfa518480a2f21de42c86410f582351e054b79c7acdaffb738cd6ab1
tcn,clean_only,101,bw_n20002_call_electrode_s20,phase2/results/predictions/full/clean_only/tcn/seed_101/bw_n20002_call_electrode_s20.npz,76366,697093704d689b304126dc09c28cf464a6d7f8d093fa6e57e335ea948ce5a6fb
tcn,clean_only,101,bw_n20002_call_electrode_s10,phase2/results/predictions/full/clean_only/tcn/seed_101/bw_n20002_call_electrode_s10.npz,76316,d3d2f73bb72ce9c8ecd3b0b4cd1bb0c4ade1023617d3982b744f73c0c5a0b5e9
tcn,clean_only,101,bw_n20002_call_electrode_s0,phase2/results/predictions/full/clean_only/tcn/seed_101/bw_n20002_call_electrode_s0.npz,76058,a96dd731dabe5c6cc8fae7ff1ad38fd2d370857d303c91d3cfea68c88ae90b45
tcn,clean_only,101,bw_n20002_call_covariance_s20,phase2/results/predictions/full/clean_only/tcn/seed_101/bw_n20002_call_covariance_s20.npz,76384,27361896a94e6793cae3199e2d9ac0273a2286f10f3bbaeca410162c90b9a41e
tcn,clean_only,101,bw_n20002_call_covariance_s10,phase2/results/predictions/full/clean_only/tcn/seed_101/bw_n20002_call_covariance_s10.npz,76319,63ed66d1530a913d154dd3b496bb00a842f896cfe3b9d9c4d735d39be6e8e2d1
tcn,clean_only,101,bw_n20002_call_covariance_s0,phase2/results/predictions/full/clean_only/tcn/seed_101/bw_n20002_call_covariance_s0.npz,76075,f0e3cda07b35537cd44d48bacbaf61db259ae7acbc30872617096822a9ab0f1b
tcn,clean_only,101,bw_n20003_call_independent_rms_s20,phase2/results/predictions/full/clean_only/tcn/seed_101/bw_n20003_call_independent_rms_s20.npz,76388,75ecc4e2a9c83c3176380b23d70aacfa9d1587bf496381d32b1a6b384cb0463a
tcn,clean_only,101,bw_n20003_call_independent_rms_s10,phase2/results/predictions/full/clean_only/tcn/seed_101/bw_n20003_call_independent_rms_s10.npz,76357,a8258e08017d81e27e6d1aebd7ac58d6632037ff132788d0863e41217427236a
tcn,clean_only,101,bw_n20003_call_independent_rms_s0,phase2/results/predictions/full/clean_only/tcn/seed_101/bw_n20003_call_independent_rms_s0.npz,76078,928465f32d9c0214e02755fba1426e49e325bd8f35df1db86e471c9ade690a10
tcn,clean_only,101,bw_n20003_call_electrode_s20,phase2/results/predictions/full/clean_only/tcn/seed_101/bw_n20003_call_electrode_s20.npz,76379,00ea3f191984a68172bcf94562359f5a640b1a1e14cf0cfab90c69284fca4322
tcn,clean_only,101,bw_n20003_call_electrode_s10,phase2/results/predictions/full/clean_only/tcn/seed_101/bw_n20003_call_electrode_s10.npz,76349,eadcd7520ae9806ed9a49f45223b8f9404da6587f3b30994628282d9183e342d
tcn,clean_only,101,bw_n20003_call_electrode_s0,phase2/results/predictions/full/clean_only/tcn/seed_101/bw_n20003_call_electrode_s0.npz,76057,28ba4581ff8625f013b8dad4186f7cd731f27631acc1171b373c0e948612312b
tcn,clean_only,101,bw_n20003_call_covariance_s20,phase2/results/predictions/full/clean_only/tcn/seed_101/bw_n20003_call_covariance_s20.npz,76367,7c82c4b345211d85bf769b16e870e09f954bc45321e3097e7905dbe6d64243c1
tcn,clean_only,101,bw_n20003_call_covariance_s10,phase2/results/predictions/full/clean_only/tcn/seed_101/bw_n20003_call_covariance_s10.npz,76326,9c319180ec36f4009fda7a99afe3bb81ae4a50fcac625e62834409da19b01bc8
tcn,clean_only,101,bw_n20003_call_covariance_s0,phase2/results/predictions/full/clean_only/tcn/seed_101/bw_n20003_call_covariance_s0.npz,76070,21668f5ba56f4d9e3f6455add5a5496f7f8907dafe4122eeeca4d63a96b04e38
tcn,clean_only,101,bw_n20004_call_independent_rms_s20,phase2/results/predictions/full/clean_only/tcn/seed_101/bw_n20004_call_independent_rms_s20.npz,76397,b918998801fffe0e181d1539f0fc43e8450fc284f2c9e2e823196d7cbe21739e
tcn,clean_only,101,bw_n20004_call_independent_rms_s10,phase2/results/predictions/full/clean_only/tcn/seed_101/bw_n20004_call_independent_rms_s10.npz,76342,64397049fd092cbe12f10360c023d05febd836ad36cedee88915febced3d0173
tcn,clean_only,101,bw_n20004_call_independent_rms_s0,phase2/results/predictions/full/clean_only/tcn/seed_101/bw_n20004_call_independent_rms_s0.npz,76096,14d7c9946927301fd46206670ce4fe7daddfd7285c39e48ef03745cbb6a2f823
tcn,clean_only,101,bw_n20004_call_electrode_s20,phase2/results/predictions/full/clean_only/tcn/seed_101/bw_n20004_call_electrode_s20.npz,76372,da80d9b87d5b96bc59bff9b84093aeba6eff627c3e4f8a857fde03366c5124be
tcn,clean_only,101,bw_n20004_call_electrode_s10,phase2/results/predictions/full/clean_only/tcn/seed_101/bw_n20004_call_electrode_s10.npz,76346,09ba8454b4adfdeed2198f0a7063f0428ead1f7a2f57ca40a9e8c3e7c21689bf
tcn,clean_only,101,bw_n20004_call_electrode_s0,phase2/results/predictions/full/clean_only/tcn/seed_101/bw_n20004_call_electrode_s0.npz,76088,e9bb9bd6416f6a1a79237a0e1659a17a4de5b5004fc354a188bb32503c619152
tcn,clean_only,101,bw_n20004_call_covariance_s20,phase2/results/predictions/full/clean_only/tcn/seed_101/bw_n20004_call_covariance_s20.npz,76349,ba7e7829c4e0c4e0b7c1caaf4e4b5db68548992cfd2c8a56d59a9b4d218c934f
tcn,clean_only,101,bw_n20004_call_covariance_s10,phase2/results/predictions/full/clean_only/tcn/seed_101/bw_n20004_call_covariance_s10.npz,76355,0fd783337d73409bb2d8a1dbacd87a3ed6db5e09af4fe0e3c3b5d402d7baa418
tcn,clean_only,101,bw_n20004_call_covariance_s0,phase2/results/predictions/full/clean_only/tcn/seed_101/bw_n20004_call_covariance_s0.npz,76089,4b1ba564e3153056e6a271e628a20317913ac0069e297c3662e8edfe0db6cfc7
tcn,clean_only,101,bw_n20005_call_independent_rms_s20,phase2/results/predictions/full/clean_only/tcn/seed_101/bw_n20005_call_independent_rms_s20.npz,76409,32e16d78d278ae1eee616c8c561707a006701a566ca54ccefb1fdd11d67db622
tcn,clean_only,101,bw_n20005_call_independent_rms_s10,phase2/results/predictions/full/clean_only/tcn/seed_101/bw_n20005_call_independent_rms_s10.npz,76348,781cbb1b39cb3a8e0c9cece8f689f39fc72f9f229e868a09f7d31e79ea6cdfcb
tcn,clean_only,101,bw_n20005_call_independent_rms_s0,phase2/results/predictions/full/clean_only/tcn/seed_101/bw_n20005_call_independent_rms_s0.npz,76108,ec1aea65d47ce103f06a97042d81f1503e3b47b2f54b13be908acce63c6105fb
tcn,clean_only,101,bw_n20005_call_electrode_s20,phase2/results/predictions/full/clean_only/tcn/seed_101/bw_n20005_call_electrode_s20.npz,76391,32af8628c5c1233637029f8865a47f631bd06d8b06d97f9024eb74387b44428b
tcn,clean_only,101,bw_n20005_call_electrode_s10,phase2/results/predictions/full/clean_only/tcn/seed_101/bw_n20005_call_electrode_s10.npz,76308,1d7b119c2959696ee87c1a90075d01dd319862bc95db91eeff22f13deaaf2718
tcn,clean_only,101,bw_n20005_call_electrode_s0,phase2/results/predictions/full/clean_only/tcn/seed_101/bw_n20005_call_electrode_s0.npz,76099,1d6da23613f8b57d710b02b59762cf4b591d702d5ba40619254572d6bf67183a
tcn,clean_only,101,bw_n20005_call_covariance_s20,phase2/results/predictions/full/clean_only/tcn/seed_101/bw_n20005_call_covariance_s20.npz,76338,0632a37dda9e9a9edcb02fb4bccffa37719af7519f581778ca3be0e11697d32a
tcn,clean_only,101,bw_n20005_call_covariance_s10,phase2/results/predictions/full/clean_only/tcn/seed_101/bw_n20005_call_covariance_s10.npz,76326,ce0510b7cf5e498eb162d2337f2abd2c3cfa4acf649d200a6f66799f2aefe308
tcn,clean_only,101,bw_n20005_call_covariance_s0,phase2/results/predictions/full/clean_only/tcn/seed_101/bw_n20005_call_covariance_s0.npz,76086,54b50488f6421cfd20eec3bf3dffc8d35d161d8ada34b03523abd82d093ff831
tcn,clean_only,101,ma_n20001_call_independent_rms_s20,phase2/results/predictions/full/clean_only/tcn/seed_101/ma_n20001_call_independent_rms_s20.npz,76335,498e9fc236ad8520e83adde2b3228fe6931305bf5a89c5057a50940a01df8087
tcn,clean_only,101,ma_n20001_call_independent_rms_s10,phase2/results/predictions/full/clean_only/tcn/seed_101/ma_n20001_call_independent_rms_s10.npz,76404,1b23418f9ed88891352acd9000e866c731f65f564b27017860b43c9b66a7577e
tcn,clean_only,101,ma_n20001_call_independent_rms_s0,phase2/results/predictions/full/clean_only/tcn/seed_101/ma_n20001_call_independent_rms_s0.npz,75969,09ef0e2c8a8db9afdc8a72cb014d159eb87014d5a2bdee2eb957b339708ab8c2
tcn,clean_only,101,ma_n20001_call_electrode_s20,phase2/results/predictions/full/clean_only/tcn/seed_101/ma_n20001_call_electrode_s20.npz,76360,d4f8630b5e10c6ea258c26fcafe45e68c7e18c0aa0cd4e2cf65de9e259d22bdc
tcn,clean_only,101,ma_n20001_call_electrode_s10,phase2/results/predictions/full/clean_only/tcn/seed_101/ma_n20001_call_electrode_s10.npz,76330,6eb8a087cd6ebeaa9a3457e8fbee0deb08d56e9c3b018dcceebd5d43f998b25b
tcn,clean_only,101,ma_n20001_call_electrode_s0,phase2/results/predictions/full/clean_only/tcn/seed_101/ma_n20001_call_electrode_s0.npz,75958,c0f3d1ef4acc778d9455f9954501a4e92ff5399e0da052a3138ee005bf62cd8f
tcn,clean_only,101,ma_n20001_call_covariance_s20,phase2/results/predictions/full/clean_only/tcn/seed_101/ma_n20001_call_covariance_s20.npz,76371,f31ca6baf2ca0ec5016d92e09b5d30d6b318c157dce933f20bafb2c5169c45af
tcn,clean_only,101,ma_n20001_call_covariance_s10,phase2/results/predictions/full/clean_only/tcn/seed_101/ma_n20001_call_covariance_s10.npz,76317,4ad4a1b79d32df9dc9cc82d12e75ebfe3ea823216faaa00415f127811397ab15
tcn,clean_only,101,ma_n20001_call_covariance_s0,phase2/results/predictions/full/clean_only/tcn/seed_101/ma_n20001_call_covariance_s0.npz,76007,d89a2de91ee880c39252a338282cfcfad55da45db5c32030fbdbfb343389644c
tcn,clean_only,101,ma_n20002_call_independent_rms_s20,phase2/results/predictions/full/clean_only/tcn/seed_101/ma_n20002_call_independent_rms_s20.npz,76403,8358a657a4c5dce83568a4a4bc69f1b64dd79bee4e8f39da09241d98a7802aab
tcn,clean_only,101,ma_n20002_call_independent_rms_s10,phase2/results/predictions/full/clean_only/tcn/seed_101/ma_n20002_call_independent_rms_s10.npz,76355,6fc6ce2ad212dfbb25164e2c36f43631b232df9aea908436a9e8f7ff383a39f2
tcn,clean_only,101,ma_n20002_call_independent_rms_s0,phase2/results/predictions/full/clean_only/tcn/seed_101/ma_n20002_call_independent_rms_s0.npz,76001,307dfc9b26b97d30eb48b99d593efd1959469fdfe663eb4d4f8bfa924db48e01
tcn,clean_only,101,ma_n20002_call_electrode_s20,phase2/results/predictions/full/clean_only/tcn/seed_101/ma_n20002_call_electrode_s20.npz,76344,7efac609c21fe7948180a613a4f80eb3a004a8f2743423399b6e16380cdf7576
tcn,clean_only,101,ma_n20002_call_electrode_s10,phase2/results/predictions/full/clean_only/tcn/seed_101/ma_n20002_call_electrode_s10.npz,76335,f12b044285d81808c888901395116ed3b3bf7cc3a0fe5241a9fca161ee2b566a
tcn,clean_only,101,ma_n20002_call_electrode_s0,phase2/results/predictions/full/clean_only/tcn/seed_101/ma_n20002_call_electrode_s0.npz,75942,d2d7916b5f790b4d5e54e9ffd3766c77d74d6bbeb354e162815dff42c3d6c15c
tcn,clean_only,101,ma_n20002_call_covariance_s20,phase2/results/predictions/full/clean_only/tcn/seed_101/ma_n20002_call_covariance_s20.npz,76385,b1a4a6ea4589ce51dcc7f9ae3c2cc1bc787abf5dd93f4c1c363f4cdc4e28e883
tcn,clean_only,101,ma_n20002_call_covariance_s10,phase2/results/predictions/full/clean_only/tcn/seed_101/ma_n20002_call_covariance_s10.npz,76331,677b78f14014ac489cac7e9193af0a5836df2b19cfcd41fe381761847779893c
tcn,clean_only,101,ma_n20002_call_covariance_s0,phase2/results/predictions/full/clean_only/tcn/seed_101/ma_n20002_call_covariance_s0.npz,75989,b5cfac2f07946dbd047b13771ae9670830789860f0b4080f359a87641ed53a32
tcn,clean_only,101,ma_n20003_call_independent_rms_s20,phase2/results/predictions/full/clean_only/tcn/seed_101/ma_n20003_call_independent_rms_s20.npz,76357,0401a4bac4e7f79db8e86b5da47e1d47d0e7de7322079d675992081b5b347217
tcn,clean_only,101,ma_n20003_call_independent_rms_s10,phase2/results/predictions/full/clean_only/tcn/seed_101/ma_n20003_call_independent_rms_s10.npz,76368,7472bdb6d30d9188986faed6a5e229f3099464d6a461b4ae84f062c37279cf8c
tcn,clean_only,101,ma_n20003_call_independent_rms_s0,phase2/results/predictions/full/clean_only/tcn/seed_101/ma_n20003_call_independent_rms_s0.npz,75968,4f102efebd96db8801115295c49ba0ddb8c1cf796be5bc6a82d69284f79aaf7a
tcn,clean_only,101,ma_n20003_call_electrode_s20,phase2/results/predictions/full/clean_only/tcn/seed_101/ma_n20003_call_electrode_s20.npz,76388,d912574646d6c47ef7476d9e4e8157c9fae47747e975e00d5b4dad6f3b69044e
tcn,clean_only,101,ma_n20003_call_electrode_s10,phase2/results/predictions/full/clean_only/tcn/seed_101/ma_n20003_call_electrode_s10.npz,76324,f99d3e26110f9186c27ca47306e00bff422f043021da4320ff68733a2dba3dc7
tcn,clean_only,101,ma_n20003_call_electrode_s0,phase2/results/predictions/full/clean_only/tcn/seed_101/ma_n20003_call_electrode_s0.npz,75964,4a02dc9da619656872e9e7d4368bc104b1521716390f9c470bb00b91a7626a01
tcn,clean_only,101,ma_n20003_call_covariance_s20,phase2/results/predictions/full/clean_only/tcn/seed_101/ma_n20003_call_covariance_s20.npz,76364,44bc88f8fdcf853c4261970f584cacb0faad5608de1a384957e873990cb2e139
tcn,clean_only,101,ma_n20003_call_covariance_s10,phase2/results/predictions/full/clean_only/tcn/seed_101/ma_n20003_call_covariance_s10.npz,76319,f1ea3b0feaac9725f7c08ef5e6e2a28f19c4714eb3e0b0ec40a78f47add6e7bf
tcn,clean_only,101,ma_n20003_call_covariance_s0,phase2/results/predictions/full/clean_only/tcn/seed_101/ma_n20003_call_covariance_s0.npz,76010,99434288788ef2995de6a61369e2ecf71329c530ca8cc0269e7ebd5e02ffdff7
tcn,clean_only,101,ma_n20004_call_independent_rms_s20,phase2/results/predictions/full/clean_only/tcn/seed_101/ma_n20004_call_independent_rms_s20.npz,76379,798cf98112fe63b314191a0b1e275fa263c5881333c0dd8c41a0313a8b515ce1
tcn,clean_only,101,ma_n20004_call_independent_rms_s10,phase2/results/predictions/full/clean_only/tcn/seed_101/ma_n20004_call_independent_rms_s10.npz,76352,a98b464acba159f75fee9f034f03a695f6cb7fe1611c35d8deaea79b125a010a
tcn,clean_only,101,ma_n20004_call_independent_rms_s0,phase2/results/predictions/full/clean_only/tcn/seed_101/ma_n20004_call_independent_rms_s0.npz,75997,03f8d68807e4c40e7bf3303d9831519ddedd14a454dc0ba3cfa08c2173f6831e
tcn,clean_only,101,ma_n20004_call_electrode_s20,phase2/results/predictions/full/clean_only/tcn/seed_101/ma_n20004_call_electrode_s20.npz,76398,80e415928b88275179f25c32df4c94703a5e329ccca296fe0cf512e3df192198
tcn,clean_only,101,ma_n20004_call_electrode_s10,phase2/results/predictions/full/clean_only/tcn/seed_101/ma_n20004_call_electrode_s10.npz,76319,73abeaefe593d8efcd0bad3e6d48083bbebe7cc1e1bc52292181a3c125ccb946
tcn,clean_only,101,ma_n20004_call_electrode_s0,phase2/results/predictions/full/clean_only/tcn/seed_101/ma_n20004_call_electrode_s0.npz,75977,22cfe58a29b7e860b35b173af2498adc12318f631cea01399c6b52244d876c6e
tcn,clean_only,101,ma_n20004_call_covariance_s20,phase2/results/predictions/full/clean_only/tcn/seed_101/ma_n20004_call_covariance_s20.npz,76371,8500e6713e4068b98972140c5be9aa1b8d32d3eec957eb95d6d66d7b2e4ba83b
tcn,clean_only,101,ma_n20004_call_covariance_s10,phase2/results/predictions/full/clean_only/tcn/seed_101/ma_n20004_call_covariance_s10.npz,76351,d55fca10e94d26a8517cb1b67603871056775a4aaefd2ca4acc0a15d5b02d419
tcn,clean_only,101,ma_n20004_call_covariance_s0,phase2/results/predictions/full/clean_only/tcn/seed_101/ma_n20004_call_covariance_s0.npz,75988,bbc6eb2120909be65a7ffc1a509bbe0d4794b5a1253f99f7c0133315d2ccb714
tcn,clean_only,101,ma_n20005_call_independent_rms_s20,phase2/results/predictions/full/clean_only/tcn/seed_101/ma_n20005_call_independent_rms_s20.npz,76392,0343a3ea1211d4c3ae64896d18f1753aeaab3165f382e81076a7ef35b0444c23
tcn,clean_only,101,ma_n20005_call_independent_rms_s10,phase2/results/predictions/full/clean_only/tcn/seed_101/ma_n20005_call_independent_rms_s10.npz,76354,a8b3e0d1e3da9aacc9690b18267bd59a3b6283ed210689712470987e8b7b32a9
tcn,clean_only,101,ma_n20005_call_independent_rms_s0,phase2/results/predictions/full/clean_only/tcn/seed_101/ma_n20005_call_independent_rms_s0.npz,75987,4104cf8ddd27db0f81801026ab3a2a3dd7026771c79be117b26c465983db4a26
tcn,clean_only,101,ma_n20005_call_electrode_s20,phase2/results/predictions/full/clean_only/tcn/seed_101/ma_n20005_call_electrode_s20.npz,76338,2d3a1d74227fcd2dc4d7a81d7b45b223ccc49b1a3580aae761c1ca101b0bcfc9
tcn,clean_only,101,ma_n20005_call_electrode_s10,phase2/results/predictions/full/clean_only/tcn/seed_101/ma_n20005_call_electrode_s10.npz,76334,cd72f4b62f88d7b8b17915ea17b3ed598d90fed852c14ab5523968c7e6416436
tcn,clean_only,101,ma_n20005_call_electrode_s0,phase2/results/predictions/full/clean_only/tcn/seed_101/ma_n20005_call_electrode_s0.npz,75994,7469f8ae990ec8249bc5ce8ab2a7ceb3df92b5432c1679d5b1293d748f46b82b
tcn,clean_only,101,ma_n20005_call_covariance_s20,phase2/results/predictions/full/clean_only/tcn/seed_101/ma_n20005_call_covariance_s20.npz,76366,2ae0016c2931d3462202696721a6a490072b6d4229521a1039ec9a27359f3085
tcn,clean_only,101,ma_n20005_call_covariance_s10,phase2/results/predictions/full/clean_only/tcn/seed_101/ma_n20005_call_covariance_s10.npz,76326,45924710db11419ce3b010e37af4236d36ae776e1f9b28343c04afd8b03ecff6
tcn,clean_only,101,ma_n20005_call_covariance_s0,phase2/results/predictions/full/clean_only/tcn/seed_101/ma_n20005_call_covariance_s0.npz,76004,bfffc4abc8f749ed1bb9c383304ce22f408354d0a1c58ac18e78fceadbe30f4f
tcn,clean_only,101,em_n20001_call_independent_rms_s20,phase2/results/predictions/full/clean_only/tcn/seed_101/em_n20001_call_independent_rms_s20.npz,76359,cdcf71eddd8cdfa23d492c9937cec868ff5c99456277c0450eea3d98abd7cf0a
tcn,clean_only,101,em_n20001_call_independent_rms_s10,phase2/results/predictions/full/clean_only/tcn/seed_101/em_n20001_call_independent_rms_s10.npz,76338,dfdfdaa824d4abc192164c440cf0ba4434fc18ab0afeb1df5feca6424a4bb350
tcn,clean_only,101,em_n20001_call_independent_rms_s0,phase2/results/predictions/full/clean_only/tcn/seed_101/em_n20001_call_independent_rms_s0.npz,75968,670a0e161d8d75b2dc597575264ddfe81849a4e1d8de1320b4ce381eb86c2de9
tcn,clean_only,101,em_n20001_call_electrode_s20,phase2/results/predictions/full/clean_only/tcn/seed_101/em_n20001_call_electrode_s20.npz,76361,f7e71252f220662b8bd059128a2be3fda6f6dbb3a199ced91805b330c0cc2e76
tcn,clean_only,101,em_n20001_call_electrode_s10,phase2/results/predictions/full/clean_only/tcn/seed_101/em_n20001_call_electrode_s10.npz,76343,98b8c06dc7cca043df193b804c05effd469442eb942a93a03418ed8b9ed99826
tcn,clean_only,101,em_n20001_call_electrode_s0,phase2/results/predictions/full/clean_only/tcn/seed_101/em_n20001_call_electrode_s0.npz,75806,c68751b80d3054de3fc49332e75544be141ad90cdfe60727a5e50b36a97195e0
tcn,clean_only,101,em_n20001_call_covariance_s20,phase2/results/predictions/full/clean_only/tcn/seed_101/em_n20001_call_covariance_s20.npz,76379,0662f930e64cc3836506fa5602bd9fced563683eb38bc20b0ef4d55e833c2cac
tcn,clean_only,101,em_n20001_call_covariance_s10,phase2/results/predictions/full/clean_only/tcn/seed_101/em_n20001_call_covariance_s10.npz,76297,6658d97775b8333f7d205606398da957ba8071785a2cd3bfa69b680f2b0af999
tcn,clean_only,101,em_n20001_call_covariance_s0,phase2/results/predictions/full/clean_only/tcn/seed_101/em_n20001_call_covariance_s0.npz,75860,cccc2e33d3a2c14253b6bfe8e49a39e42027bfe5b541a3cde550674346f326b6
tcn,clean_only,101,em_n20002_call_independent_rms_s20,phase2/results/predictions/full/clean_only/tcn/seed_101/em_n20002_call_independent_rms_s20.npz,76398,35e96fadb69553070a93eed0ff1b82cf886a092c8d710810a8b95b2e8fe49556
tcn,clean_only,101,em_n20002_call_independent_rms_s10,phase2/results/predictions/full/clean_only/tcn/seed_101/em_n20002_call_independent_rms_s10.npz,76332,3b232cbaa178dcdc7c0327527c7e30a35a06c91941222f58db43956825184947
tcn,clean_only,101,em_n20002_call_independent_rms_s0,phase2/results/predictions/full/clean_only/tcn/seed_101/em_n20002_call_independent_rms_s0.npz,75949,db0361b0fa851e76e84cbd5ae6551e20db54c8727e768146a5ccde8cd4a65da8
tcn,clean_only,101,em_n20002_call_electrode_s20,phase2/results/predictions/full/clean_only/tcn/seed_101/em_n20002_call_electrode_s20.npz,76367,b2b8e74678ff9379b93267c57abf1ba8d79d24bb479c09801e5132e67321f70a
tcn,clean_only,101,em_n20002_call_electrode_s10,phase2/results/predictions/full/clean_only/tcn/seed_101/em_n20002_call_electrode_s10.npz,76295,981a9a438e4453a547fe9a5a1f71ef6e174361438a7bb7a18ebb69adb1d7f2dd
tcn,clean_only,101,em_n20002_call_electrode_s0,phase2/results/predictions/full/clean_only/tcn/seed_101/em_n20002_call_electrode_s0.npz,75820,91ed4529d2cea6ba0713c60d5a21876f9996a0ff90365a383a7facf9320613be
tcn,clean_only,101,em_n20002_call_covariance_s20,phase2/results/predictions/full/clean_only/tcn/seed_101/em_n20002_call_covariance_s20.npz,76348,3ea5753c7a65c0be3532b637a9d16d5be00634a07e30e29ac1de2f3b6627fcbf
tcn,clean_only,101,em_n20002_call_covariance_s10,phase2/results/predictions/full/clean_only/tcn/seed_101/em_n20002_call_covariance_s10.npz,76306,b9376f43ff87083bdc93202312a4834c82cf37a0bf6456ece8601bda498a41e4
tcn,clean_only,101,em_n20002_call_covariance_s0,phase2/results/predictions/full/clean_only/tcn/seed_101/em_n20002_call_covariance_s0.npz,75868,28ba4b0b5a89e50056f7a1149073f034087ed1d69022d99976645c2fff0d2e9f
tcn,clean_only,101,em_n20003_call_independent_rms_s20,phase2/results/predictions/full/clean_only/tcn/seed_101/em_n20003_call_independent_rms_s20.npz,76396,83b132d7abe7cb8f8f0933113cf30e59cd2c1a55c0e49dca46daa94458d5a890
tcn,clean_only,101,em_n20003_call_independent_rms_s10,phase2/results/predictions/full/clean_only/tcn/seed_101/em_n20003_call_independent_rms_s10.npz,76319,f6f253650fbf6d03e41d750843149ed62adbbf00a6a9ebc155d63407c21cfa31
tcn,clean_only,101,em_n20003_call_independent_rms_s0,phase2/results/predictions/full/clean_only/tcn/seed_101/em_n20003_call_independent_rms_s0.npz,75974,2cd7b298b027d9c7398b69d36d0e44ce7aa67340eecd6c48bfcd48b966d9f856
tcn,clean_only,101,em_n20003_call_electrode_s20,phase2/results/predictions/full/clean_only/tcn/seed_101/em_n20003_call_electrode_s20.npz,76360,97ec3f0eef1fda85d29699bb69ea2ca25dc05bc517b6aaeb82e9854c5b231717
tcn,clean_only,101,em_n20003_call_electrode_s10,phase2/results/predictions/full/clean_only/tcn/seed_101/em_n20003_call_electrode_s10.npz,76353,7b3a2f49f15f94b274f8bc3936141a9838a7e41944b1618177e18ed29a20cf78
tcn,clean_only,101,em_n20003_call_electrode_s0,phase2/results/predictions/full/clean_only/tcn/seed_101/em_n20003_call_electrode_s0.npz,75819,a382f78d19ec878cbfe2252ce86f684984fada7f5546ede1c45d9c67c0591458
tcn,clean_only,101,em_n20003_call_covariance_s20,phase2/results/predictions/full/clean_only/tcn/seed_101/em_n20003_call_covariance_s20.npz,76387,b9f946e1b18268cce36dd7fe43c365782d5ac49ff298ec05e7d43583dbf49c60
tcn,clean_only,101,em_n20003_call_covariance_s10,phase2/results/predictions/full/clean_only/tcn/seed_101/em_n20003_call_covariance_s10.npz,76320,e8bc3b2fce192158e14d053cdb2f30a428685eac564412de86867db5269c8885
tcn,clean_only,101,em_n20003_call_covariance_s0,phase2/results/predictions/full/clean_only/tcn/seed_101/em_n20003_call_covariance_s0.npz,75826,87c1b437081007621d34842841b72008f9e0244b1e5be2e79a2e592274ce5961
tcn,clean_only,101,em_n20004_call_independent_rms_s20,phase2/results/predictions/full/clean_only/tcn/seed_101/em_n20004_call_independent_rms_s20.npz,76381,aa51d7dd6f043c30aa59835e69ee98021e39949927dcb916bed0850f4933d568
tcn,clean_only,101,em_n20004_call_independent_rms_s10,phase2/results/predictions/full/clean_only/tcn/seed_101/em_n20004_call_independent_rms_s10.npz,76335,90ff9505734173ef22008647b1faeabe1f8ab143e0720b3e2ab15cd987633fa7
tcn,clean_only,101,em_n20004_call_independent_rms_s0,phase2/results/predictions/full/clean_only/tcn/seed_101/em_n20004_call_independent_rms_s0.npz,76019,71e98bf9323ea1bb50c697c890aba2a1dcbcfdaa6c35522b83d236717b458b7d
tcn,clean_only,101,em_n20004_call_electrode_s20,phase2/results/predictions/full/clean_only/tcn/seed_101/em_n20004_call_electrode_s20.npz,76367,5e44328e390f511d0c824b27a8658ad06756666882a0dfc7367cf98e5c44c6a9
tcn,clean_only,101,em_n20004_call_electrode_s10,phase2/results/predictions/full/clean_only/tcn/seed_101/em_n20004_call_electrode_s10.npz,76340,e0b9b0fb3a65be1e3a00a29dfba4c02361c02f8c780330dc13fd8fad830b43eb
tcn,clean_only,101,em_n20004_call_electrode_s0,phase2/results/predictions/full/clean_only/tcn/seed_101/em_n20004_call_electrode_s0.npz,75876,3df7123b65103cf19b2e78c2fcfb636332d0e7a32637ecb8461bca3d22f4f5d0
tcn,clean_only,101,em_n20004_call_covariance_s20,phase2/results/predictions/full/clean_only/tcn/seed_101/em_n20004_call_covariance_s20.npz,76351,27284487437bf727f96d65cc8387a9b62a0b5f09b69ef77901b1b1d3ee8d465f
tcn,clean_only,101,em_n20004_call_covariance_s10,phase2/results/predictions/full/clean_only/tcn/seed_101/em_n20004_call_covariance_s10.npz,76290,b707ac04fe0e237756eec2f1eb1e4e57e430debe599687475397813c3e6d6ebe
tcn,clean_only,101,em_n20004_call_covariance_s0,phase2/results/predictions/full/clean_only/tcn/seed_101/em_n20004_call_covariance_s0.npz,75840,f487c400277c23bd8fca7fb2bbd8f4bef910d022d918ec01ae019b0b32c48a72
tcn,clean_only,101,em_n20005_call_independent_rms_s20,phase2/results/predictions/full/clean_only/tcn/seed_101/em_n20005_call_independent_rms_s20.npz,76409,3e9f9a16026e3cb573bf84bb7e5939dca8c49c1c152df8ffd0cd7d42548bd8dc
tcn,clean_only,101,em_n20005_call_independent_rms_s10,phase2/results/predictions/full/clean_only/tcn/seed_101/em_n20005_call_independent_rms_s10.npz,76328,53153999e0d436289f1a96c0dc0c95eec0236ef4e326adf9475951393d8ab7bf
tcn,clean_only,101,em_n20005_call_independent_rms_s0,phase2/results/predictions/full/clean_only/tcn/seed_101/em_n20005_call_independent_rms_s0.npz,75954,5c86fbbd9810d5f5c5551e0cb1e8b6bf61247c3e6e5a28dd9a3e6a5823af2e2e
tcn,clean_only,101,em_n20005_call_electrode_s20,phase2/results/predictions/full/clean_only/tcn/seed_101/em_n20005_call_electrode_s20.npz,76377,274a2c24a68c3edb706e6ffac11065290e7b6e5f07d64371becff1005eaa7f3d
tcn,clean_only,101,em_n20005_call_electrode_s10,phase2/results/predictions/full/clean_only/tcn/seed_101/em_n20005_call_electrode_s10.npz,76316,70ba4bbd7f2d38c55de831f397c723aa2fdea36b88712dca6aee0b68121e9d03
tcn,clean_only,101,em_n20005_call_electrode_s0,phase2/results/predictions/full/clean_only/tcn/seed_101/em_n20005_call_electrode_s0.npz,75832,1ae6824d7b450b41445d79a620e8e51584240c58704be260bf1e8067ed0266f5
tcn,clean_only,101,em_n20005_call_covariance_s20,phase2/results/predictions/full/clean_only/tcn/seed_101/em_n20005_call_covariance_s20.npz,76376,dc5a43bb02df78fc1988ef03eee9368dbfe99dcfc5193bf3aa875db5525c2653
tcn,clean_only,101,em_n20005_call_covariance_s10,phase2/results/predictions/full/clean_only/tcn/seed_101/em_n20005_call_covariance_s10.npz,76287,a8082de81776fe9e1b2e4aefc6a8fbb6d67221563a54d5acb441128320aa65fd
tcn,clean_only,101,em_n20005_call_covariance_s0,phase2/results/predictions/full/clean_only/tcn/seed_101/em_n20005_call_covariance_s0.npz,75831,1266042833f0cffd14864cf1241cf2a6748cac483af730c0bfbafcfd6e5d292f
tcn,independent_rms,101,clean,phase2/results/predictions/full/independent_rms/tcn/seed_101/clean.npz,76322,b873bd6c830c445ea06708bd10b6ce3842b90bb41f7f503b762a47904af251f9
tcn,independent_rms,101,bandpass_n20001_cRA_LA_LL_independent_rms_s20,phase2/results/predictions/full/independent_rms/tcn/seed_101/bandpass_n20001_cRA_LA_LL_independent_rms_s20.npz,76387,d1c66557b281905b0b1aa01924fdaa5e944462055aa088dcfcc95151d2e978eb
tcn,independent_rms,101,bandpass_n20001_cRA_LA_LL_independent_rms_s15,phase2/results/predictions/full/independent_rms/tcn/seed_101/bandpass_n20001_cRA_LA_LL_independent_rms_s15.npz,76409,302af208830d1cf5873690b155c51ab8fcb120258741cc831be05777fa08fe28
tcn,independent_rms,101,bandpass_n20001_cRA_LA_LL_independent_rms_s10,phase2/results/predictions/full/independent_rms/tcn/seed_101/bandpass_n20001_cRA_LA_LL_independent_rms_s10.npz,76379,a31b03003f21d834a50bd4ec8b5884e0de6f6869ee518c9ec2c9ce16cfb6f884
tcn,independent_rms,101,bandpass_n20001_cRA_LA_LL_independent_rms_s5,phase2/results/predictions/full/independent_rms/tcn/seed_101/bandpass_n20001_cRA_LA_LL_independent_rms_s5.npz,76261,0b5dfbbfcab8d48fcbd075f801de898026801c3c514a9454f122cd4e7a59cd43
tcn,independent_rms,101,bandpass_n20001_cRA_LA_LL_independent_rms_s0,phase2/results/predictions/full/independent_rms/tcn/seed_101/bandpass_n20001_cRA_LA_LL_independent_rms_s0.npz,75964,5ad2875c4a9df4ad361e7cb6ddbe50aa529159ec9a0901811a65501da1afbabd
tcn,independent_rms,101,bandpass_n20001_cRA_LA_LL_electrode_s20,phase2/results/predictions/full/independent_rms/tcn/seed_101/bandpass_n20001_cRA_LA_LL_electrode_s20.npz,76383,b0404eb5e9eec0f46cd9ce4218dbbabfb01291878dad7b0cb9a1ddb9607ba4e1
tcn,independent_rms,101,bandpass_n20001_cRA_LA_LL_electrode_s15,phase2/results/predictions/full/independent_rms/tcn/seed_101/bandpass_n20001_cRA_LA_LL_electrode_s15.npz,76375,fe5ce2695c1ea89735dcf315b2bec5f9120c9daa7ca2cad824488645c805f7c1
tcn,independent_rms,101,bandpass_n20001_cRA_LA_LL_electrode_s10,phase2/results/predictions/full/independent_rms/tcn/seed_101/bandpass_n20001_cRA_LA_LL_electrode_s10.npz,76325,ae33e267475a7faf264bea0023a04d9675e4d06b6f9ef09f6db8de2d1dd68313
tcn,independent_rms,101,bandpass_n20001_cRA_LA_LL_electrode_s5,phase2/results/predictions/full/independent_rms/tcn/seed_101/bandpass_n20001_cRA_LA_LL_electrode_s5.npz,76110,c63fab5f9c77d62e5081196074c991073ec5c595e913fde05dd05e5bdda76189
tcn,independent_rms,101,bandpass_n20001_cRA_LA_LL_electrode_s0,phase2/results/predictions/full/independent_rms/tcn/seed_101/bandpass_n20001_cRA_LA_LL_electrode_s0.npz,75664,75e04666345fb355e0e4e60b03e5433e486b25ea015e1f6307624457e054574d
tcn,independent_rms,101,bandpass_n20001_cRA_LA_LL_covariance_s20,phase2/results/predictions/full/independent_rms/tcn/seed_101/bandpass_n20001_cRA_LA_LL_covariance_s20.npz,76358,f0c42cd70206542ba51892e9b2d76572a1bd79effe06ede7c9f9bd6ca85ed6c9
tcn,independent_rms,101,bandpass_n20001_cRA_LA_LL_covariance_s15,phase2/results/predictions/full/independent_rms/tcn/seed_101/bandpass_n20001_cRA_LA_LL_covariance_s15.npz,76365,0d8c2e771038dd481eeb3af8263a397d4124779589a0564c24e96dd2c9b81177
tcn,independent_rms,101,bandpass_n20001_cRA_LA_LL_covariance_s10,phase2/results/predictions/full/independent_rms/tcn/seed_101/bandpass_n20001_cRA_LA_LL_covariance_s10.npz,76333,eb5161f233a144e218e8ce1f188dea5421d3fd7f24fcdc66d3ff0403bc4423f8
tcn,independent_rms,101,bandpass_n20001_cRA_LA_LL_covariance_s5,phase2/results/predictions/full/independent_rms/tcn/seed_101/bandpass_n20001_cRA_LA_LL_covariance_s5.npz,76099,675e0137b76800035c0b1f8837baef060ec713e56e97686ee0a622a79759eec9
tcn,independent_rms,101,bandpass_n20001_cRA_LA_LL_covariance_s0,phase2/results/predictions/full/independent_rms/tcn/seed_101/bandpass_n20001_cRA_LA_LL_covariance_s0.npz,75638,c873bf4929a3c79fee9dac055b00f8af1c296c895f1c1c48cf98df68a40842e3
tcn,independent_rms,101,bandpass_n20001_cV1_independent_rms_s20,phase2/results/predictions/full/independent_rms/tcn/seed_101/bandpass_n20001_cV1_independent_rms_s20.npz,76386,fca8fc8b79e65a66cb66d76e9df7521c2dbd4b9b8935209df7d0592193c11f92
tcn,independent_rms,101,bandpass_n20001_cV1_independent_rms_s15,phase2/results/predictions/full/independent_rms/tcn/seed_101/bandpass_n20001_cV1_independent_rms_s15.npz,76372,e4d5fbb04f759b158680e0607390f379b741df600d451bf801380e72a435570e
tcn,independent_rms,101,bandpass_n20001_cV1_independent_rms_s10,phase2/results/predictions/full/independent_rms/tcn/seed_101/bandpass_n20001_cV1_independent_rms_s10.npz,76348,2f24cc7a16b7e2abd24f1466370baebebfb2d842fa137d7fffa3187ada5944db
tcn,independent_rms,101,bandpass_n20001_cV1_independent_rms_s5,phase2/results/predictions/full/independent_rms/tcn/seed_101/bandpass_n20001_cV1_independent_rms_s5.npz,76198,faffe6a25138ed701c2307f03795128b861af08747c3e2b7b917998ad058b62e
tcn,independent_rms,101,bandpass_n20001_cV1_independent_rms_s0,phase2/results/predictions/full/independent_rms/tcn/seed_101/bandpass_n20001_cV1_independent_rms_s0.npz,75847,55cb0682a143aeaee16c40fede62cbb37a681bafc27e1390c3b9e3d6030f42c8
tcn,independent_rms,101,bandpass_n20001_cV1_electrode_s20,phase2/results/predictions/full/independent_rms/tcn/seed_101/bandpass_n20001_cV1_electrode_s20.npz,76376,63737fb38ab36ceb71afe7f25ef609a21b8177c79913f6949addf1311d97995b
tcn,independent_rms,101,bandpass_n20001_cV1_electrode_s15,phase2/results/predictions/full/independent_rms/tcn/seed_101/bandpass_n20001_cV1_electrode_s15.npz,76360,e2d9de32ce5a6a1c81015c81aa74ca7418e2b88f95e10006d01cdcbf9a0b4ccd
tcn,independent_rms,101,bandpass_n20001_cV1_electrode_s10,phase2/results/predictions/full/independent_rms/tcn/seed_101/bandpass_n20001_cV1_electrode_s10.npz,76304,3a240e6d646f72911cba418747145a9281b251f7573d6e8afafdb0a2b756f467
tcn,independent_rms,101,bandpass_n20001_cV1_electrode_s5,phase2/results/predictions/full/independent_rms/tcn/seed_101/bandpass_n20001_cV1_electrode_s5.npz,76163,43415f02f6657f9ef8b7cceac2975305e315f792a9781616c20078fde7b74bed
tcn,independent_rms,101,bandpass_n20001_cV1_electrode_s0,phase2/results/predictions/full/independent_rms/tcn/seed_101/bandpass_n20001_cV1_electrode_s0.npz,75842,564ffcc22fdfcb9861e235b2b4f317b08187c9dbd6550a192785baaca52d37e5
tcn,independent_rms,101,bandpass_n20001_cV1_covariance_s20,phase2/results/predictions/full/independent_rms/tcn/seed_101/bandpass_n20001_cV1_covariance_s20.npz,76345,17a8f5e1e4243561a6847cff8efa357c417b1c17bd62f1e14cbd7c37d4b3701f
tcn,independent_rms,101,bandpass_n20001_cV1_covariance_s15,phase2/results/predictions/full/independent_rms/tcn/seed_101/bandpass_n20001_cV1_covariance_s15.npz,76356,f91f037728535d42a7e19a8dd32cf2aff6e0bfc75ee3b35e4a93a80a01dc0c68
tcn,independent_rms,101,bandpass_n20001_cV1_covariance_s10,phase2/results/predictions/full/independent_rms/tcn/seed_101/bandpass_n20001_cV1_covariance_s10.npz,76327,900ffd13d31591648cede4660cf43ba82e817d1ea11d33e7531d07181a8571fd
tcn,independent_rms,101,bandpass_n20001_cV1_covariance_s5,phase2/results/predictions/full/independent_rms/tcn/seed_101/bandpass_n20001_cV1_covariance_s5.npz,76199,1d0bf2c0411ae0fcb44424d74bceea24a787841da3b484cd519ffcdf46a5a637
tcn,independent_rms,101,bandpass_n20001_cV1_covariance_s0,phase2/results/predictions/full/independent_rms/tcn/seed_101/bandpass_n20001_cV1_covariance_s0.npz,75832,73636a88a2839b624daf32fced2606ff071b1bb7b9244b5337cd5c2afd7f9506
tcn,independent_rms,101,bandpass_n20001_cV2_independent_rms_s20,phase2/results/predictions/full/independent_rms/tcn/seed_101/bandpass_n20001_cV2_independent_rms_s20.npz,76401,331bcc55c3a3aefa812912a87f785c97cb76b48b8f16362e5a99350a12568f2d
tcn,independent_rms,101,bandpass_n20001_cV2_independent_rms_s15,phase2/results/predictions/full/independent_rms/tcn/seed_101/bandpass_n20001_cV2_independent_rms_s15.npz,76373,4234e5b12ac9e0d4822c8153cab3ee058d92c01ec52fe204f4bde8a25a6fb063
tcn,independent_rms,101,bandpass_n20001_cV2_independent_rms_s10,phase2/results/predictions/full/independent_rms/tcn/seed_101/bandpass_n20001_cV2_independent_rms_s10.npz,76345,32af5ff67fbd2180bee11040b7426d39f5032b9cbf03fb4515c4b05f782ed214
tcn,independent_rms,101,bandpass_n20001_cV2_independent_rms_s5,phase2/results/predictions/full/independent_rms/tcn/seed_101/bandpass_n20001_cV2_independent_rms_s5.npz,76271,1f4bb242cb9772ed80f5423f02b871ad16c40e908c1cb9582cf3413c06ca94b2
tcn,independent_rms,101,bandpass_n20001_cV2_independent_rms_s0,phase2/results/predictions/full/independent_rms/tcn/seed_101/bandpass_n20001_cV2_independent_rms_s0.npz,76025,2447fc89f5d5b8aca7f15db7aaeea3ddbb5d39bb66c7784670e7c3083497f8fb
tcn,independent_rms,101,bandpass_n20001_cV2_electrode_s20,phase2/results/predictions/full/independent_rms/tcn/seed_101/bandpass_n20001_cV2_electrode_s20.npz,76363,835d350c6d1646b840f728aeb6c53482ba5cddbe8819bca496ab3c4bdc77923d
tcn,independent_rms,101,bandpass_n20001_cV2_electrode_s15,phase2/results/predictions/full/independent_rms/tcn/seed_101/bandpass_n20001_cV2_electrode_s15.npz,76368,99d65487bbd3e3a20c7f34a4cd6a987528f36e561e5165a022bc8bfa70dfd9e7
tcn,independent_rms,101,bandpass_n20001_cV2_electrode_s10,phase2/results/predictions/full/independent_rms/tcn/seed_101/bandpass_n20001_cV2_electrode_s10.npz,76355,357e5b3a132db78518e4c97ea90ccea8c753f20771187c1aa28db438264fbc61
tcn,independent_rms,101,bandpass_n20001_cV2_electrode_s5,phase2/results/predictions/full/independent_rms/tcn/seed_101/bandpass_n20001_cV2_electrode_s5.npz,76254,e0f739c1d80658e8a0832f96e686c6648866c499df099d238ac2cb7e520558d2
tcn,independent_rms,101,bandpass_n20001_cV2_electrode_s0,phase2/results/predictions/full/independent_rms/tcn/seed_101/bandpass_n20001_cV2_electrode_s0.npz,76012,cd7dacafdd96e9adf3ec2ac0d1603e5795341198b2699e32ae8ce94e4a0efd79
tcn,independent_rms,101,bandpass_n20001_cV2_covariance_s20,phase2/results/predictions/full/independent_rms/tcn/seed_101/bandpass_n20001_cV2_covariance_s20.npz,76371,304d12cf518f4e78b2669b3d45511c2c597566f9ae4cdf25dfb86f9f1fcde04d
tcn,independent_rms,101,bandpass_n20001_cV2_covariance_s15,phase2/results/predictions/full/independent_rms/tcn/seed_101/bandpass_n20001_cV2_covariance_s15.npz,76376,c501703f4d61a1ae455ddae0024484f5eee9858e66bff7ffe65946c00d7d28bf
tcn,independent_rms,101,bandpass_n20001_cV2_covariance_s10,phase2/results/predictions/full/independent_rms/tcn/seed_101/bandpass_n20001_cV2_covariance_s10.npz,76351,74d77a7500be04a1d885f014049bd93eb9bef3bff7b0f0410a99b4e308531a3b
tcn,independent_rms,101,bandpass_n20001_cV2_covariance_s5,phase2/results/predictions/full/independent_rms/tcn/seed_101/bandpass_n20001_cV2_covariance_s5.npz,76233,07615792c375d707d8f79a08507cc31d5adc71b556f37142c32521b7ef38065e
tcn,independent_rms,101,bandpass_n20001_cV2_covariance_s0,phase2/results/predictions/full/independent_rms/tcn/seed_101/bandpass_n20001_cV2_covariance_s0.npz,76033,9b5da9cb1df61747423c1e6b0317ab42d51f6942afaa1c3e052da4976a0baba8
tcn,independent_rms,101,bandpass_n20001_cV3_independent_rms_s20,phase2/results/predictions/full/independent_rms/tcn/seed_101/bandpass_n20001_cV3_independent_rms_s20.npz,76412,fc75b67da3ceeb435e3dd022f63a113648dc22a171e0e9706eaf5eccaf44072b
tcn,independent_rms,101,bandpass_n20001_cV3_independent_rms_s15,phase2/results/predictions/full/independent_rms/tcn/seed_101/bandpass_n20001_cV3_independent_rms_s15.npz,76412,267103c1af2096a833b7b9b41131c4cb1b17632fafa221936d5b9ccd80eb71b7
tcn,independent_rms,101,bandpass_n20001_cV3_independent_rms_s10,phase2/results/predictions/full/independent_rms/tcn/seed_101/bandpass_n20001_cV3_independent_rms_s10.npz,76352,17aa1cb0ca4ed66fbad7acaf8ed5074f28996ac263d0ec8f39b05c494cf2c2bf
tcn,independent_rms,101,bandpass_n20001_cV3_independent_rms_s5,phase2/results/predictions/full/independent_rms/tcn/seed_101/bandpass_n20001_cV3_independent_rms_s5.npz,76290,cdcf35aa1e8ad4ab35832a29842c3487f359d6c0ee83eb9608708f0e69ae3383
tcn,independent_rms,101,bandpass_n20001_cV3_independent_rms_s0,phase2/results/predictions/full/independent_rms/tcn/seed_101/bandpass_n20001_cV3_independent_rms_s0.npz,76015,6e5931c4ec2461262272aa4d1b157403012b28e871569e30c576b69d4cd42baa
tcn,independent_rms,101,bandpass_n20001_cV3_electrode_s20,phase2/results/predictions/full/independent_rms/tcn/seed_101/bandpass_n20001_cV3_electrode_s20.npz,76382,1dcc9f3cf247664a9078bdb26e5412c18ebf903fff8ba30842f0a404c9a1c764
tcn,independent_rms,101,bandpass_n20001_cV3_electrode_s15,phase2/results/predictions/full/independent_rms/tcn/seed_101/bandpass_n20001_cV3_electrode_s15.npz,76394,88f540b6c3e4b7c271e7ffd4d7657277012539a93c56ab141f0f52f55abd1592
tcn,independent_rms,101,bandpass_n20001_cV3_electrode_s10,phase2/results/predictions/full/independent_rms/tcn/seed_101/bandpass_n20001_cV3_electrode_s10.npz,76333,e413064e08cd9c507ab827e7a4e41190ccf6e24d558ea0b21f3ba99d92ebe5ef
tcn,independent_rms,101,bandpass_n20001_cV3_electrode_s5,phase2/results/predictions/full/independent_rms/tcn/seed_101/bandpass_n20001_cV3_electrode_s5.npz,76294,a02ebf294610bcb3fa98a43a1be817941b78101f88c841d74562e7af893dd945
tcn,independent_rms,101,bandpass_n20001_cV3_electrode_s0,phase2/results/predictions/full/independent_rms/tcn/seed_101/bandpass_n20001_cV3_electrode_s0.npz,76001,2ef61cea50a9adf0d8ea5e3f94155392569fdac1c524862b93cba85a027429b0
tcn,independent_rms,101,bandpass_n20001_cV3_covariance_s20,phase2/results/predictions/full/independent_rms/tcn/seed_101/bandpass_n20001_cV3_covariance_s20.npz,76366,2e3349e94d37772f8341855d20bf26d0c16f9d5f991f5520eeaeee02cbc1b795
tcn,independent_rms,101,bandpass_n20001_cV3_covariance_s15,phase2/results/predictions/full/independent_rms/tcn/seed_101/bandpass_n20001_cV3_covariance_s15.npz,76371,114496e5f808bbfe525c3a6104b475b48ed5f38a9fb99590deb4a1c4c561d4a4
tcn,independent_rms,101,bandpass_n20001_cV3_covariance_s10,phase2/results/predictions/full/independent_rms/tcn/seed_101/bandpass_n20001_cV3_covariance_s10.npz,76342,f4f7bafc8046b1c53aebd44a410b3782f5a98e176acdaedddaa731916cb8fb9d
tcn,independent_rms,101,bandpass_n20001_cV3_covariance_s5,phase2/results/predictions/full/independent_rms/tcn/seed_101/bandpass_n20001_cV3_covariance_s5.npz,76308,98f0fcea793e0181244cd0be370433be782fa15f2ada89506f61b8b9bdfa959f
tcn,independent_rms,101,bandpass_n20001_cV3_covariance_s0,phase2/results/predictions/full/independent_rms/tcn/seed_101/bandpass_n20001_cV3_covariance_s0.npz,76033,2d2a7a7c85849545d043f3dfc72ab606d3ea3eef1cacff84dff6a64cb738e8d3
tcn,independent_rms,101,bandpass_n20001_cV4_independent_rms_s20,phase2/results/predictions/full/independent_rms/tcn/seed_101/bandpass_n20001_cV4_independent_rms_s20.npz,76363,d941cb8b9f1b4562cec8cddc4e734d59c0a24e4d1dfdc940ad68e6b726aa6625
tcn,independent_rms,101,bandpass_n20001_cV4_independent_rms_s15,phase2/results/predictions/full/independent_rms/tcn/seed_101/bandpass_n20001_cV4_independent_rms_s15.npz,76370,699131b0b3bf22504c55f6f8ebfcfbff50a5bb925c473715bfa70daa484c5dba
tcn,independent_rms,101,bandpass_n20001_cV4_independent_rms_s10,phase2/results/predictions/full/independent_rms/tcn/seed_101/bandpass_n20001_cV4_independent_rms_s10.npz,76365,0d659f31422429503c342a73b94168af02942be6dbc7f1bf2ad08c32ffa459f7
tcn,independent_rms,101,bandpass_n20001_cV4_independent_rms_s5,phase2/results/predictions/full/independent_rms/tcn/seed_101/bandpass_n20001_cV4_independent_rms_s5.npz,76348,1b61672496e578863b8ad61db15c9f1dc9bbc127277e172e256ac01dabfcc60c
tcn,independent_rms,101,bandpass_n20001_cV4_independent_rms_s0,phase2/results/predictions/full/independent_rms/tcn/seed_101/bandpass_n20001_cV4_independent_rms_s0.npz,76124,fed2714a7c30a50cf6a0a968e40e8c920e3f9fe0a9c75ab1207472376f8592bd
tcn,independent_rms,101,bandpass_n20001_cV4_electrode_s20,phase2/results/predictions/full/independent_rms/tcn/seed_101/bandpass_n20001_cV4_electrode_s20.npz,76380,e2eca30e54294a4ca5a3b92ae7dec8bb04dda86bf42b95d2bfca31653ccf4eab
tcn,independent_rms,101,bandpass_n20001_cV4_electrode_s15,phase2/results/predictions/full/independent_rms/tcn/seed_101/bandpass_n20001_cV4_electrode_s15.npz,76354,c8f5ab9ee585e22b3f36af13a7d69de544760c732743c4154a595fcf1298149c
tcn,independent_rms,101,bandpass_n20001_cV4_electrode_s10,phase2/results/predictions/full/independent_rms/tcn/seed_101/bandpass_n20001_cV4_electrode_s10.npz,76345,b34c804f87f184a207c42ecd7b0b86cc05ce1cbd0a38b1e4ed672f6a97a22408
tcn,independent_rms,101,bandpass_n20001_cV4_electrode_s5,phase2/results/predictions/full/independent_rms/tcn/seed_101/bandpass_n20001_cV4_electrode_s5.npz,76352,50688a023a10926403829fbdce0fa1d5abac5f391c187a0e21d038e93dc4e854
tcn,independent_rms,101,bandpass_n20001_cV4_electrode_s0,phase2/results/predictions/full/independent_rms/tcn/seed_101/bandpass_n20001_cV4_electrode_s0.npz,76106,7c3c850800b7d121178b97c71eb43663f7d92cdcc7ef2956cc5cbe41fc941b53
tcn,independent_rms,101,bandpass_n20001_cV4_covariance_s20,phase2/results/predictions/full/independent_rms/tcn/seed_101/bandpass_n20001_cV4_covariance_s20.npz,76354,a1e77b27563fc8a20f890d008d57ffda46ae4c6f5911db480e2534bfffadc237
tcn,independent_rms,101,bandpass_n20001_cV4_covariance_s15,phase2/results/predictions/full/independent_rms/tcn/seed_101/bandpass_n20001_cV4_covariance_s15.npz,76373,a70d46da08777c82adf68bf59b64f39b6441cd1d8de57ed6afde1835a2309a63
tcn,independent_rms,101,bandpass_n20001_cV4_covariance_s10,phase2/results/predictions/full/independent_rms/tcn/seed_101/bandpass_n20001_cV4_covariance_s10.npz,76330,33b993231783eccf3dbfc1dfa5fb1019da6570821349c5b0c6a4f59a7e0c830d
tcn,independent_rms,101,bandpass_n20001_cV4_covariance_s5,phase2/results/predictions/full/independent_rms/tcn/seed_101/bandpass_n20001_cV4_covariance_s5.npz,76318,59ed76aad01a8b4601bade305906431645fe705aaa289a6c0d8d7631d98fcea0
tcn,independent_rms,101,bandpass_n20001_cV4_covariance_s0,phase2/results/predictions/full/independent_rms/tcn/seed_101/bandpass_n20001_cV4_covariance_s0.npz,76107,d5bb2abf0801dfeb74fd16548878213cdda61eae2090680ed1bd4474d85432ca
tcn,independent_rms,101,bandpass_n20001_cV5_independent_rms_s20,phase2/results/predictions/full/independent_rms/tcn/seed_101/bandpass_n20001_cV5_independent_rms_s20.npz,76393,a3f26b4a329b11fe4c5a919ef6bcb88da99cab555bd3ab98636d58e55b3e3628
tcn,independent_rms,101,bandpass_n20001_cV5_independent_rms_s15,phase2/results/predictions/full/independent_rms/tcn/seed_101/bandpass_n20001_cV5_independent_rms_s15.npz,76377,cb938a65f77e091693a9ddcf2f76ebb34ee20993d0ddca660865ce8f68515d8c
tcn,independent_rms,101,bandpass_n20001_cV5_independent_rms_s10,phase2/results/predictions/full/independent_rms/tcn/seed_101/bandpass_n20001_cV5_independent_rms_s10.npz,76361,b95745c92717909925cbc5dce1a6ac0ad2f1e879d78ebff6ba721fa0d4aa39f3
tcn,independent_rms,101,bandpass_n20001_cV5_independent_rms_s5,phase2/results/predictions/full/independent_rms/tcn/seed_101/bandpass_n20001_cV5_independent_rms_s5.npz,76286,f3ac53c338e764e6bf89375e13ec64777b0324072f0b0235f93357d7c93b2f54
tcn,independent_rms,101,bandpass_n20001_cV5_independent_rms_s0,phase2/results/predictions/full/independent_rms/tcn/seed_101/bandpass_n20001_cV5_independent_rms_s0.npz,76076,0ec0fc5c47c998dac321b8351d3fa4de8091b0ae72bc9e02732b47b5dfa86bd3
tcn,independent_rms,101,bandpass_n20001_cV5_electrode_s20,phase2/results/predictions/full/independent_rms/tcn/seed_101/bandpass_n20001_cV5_electrode_s20.npz,76385,80ea6b60c9630d5336aa182e0354416eb52dca50ae05f93bffe54e13b5db3c0b
tcn,independent_rms,101,bandpass_n20001_cV5_electrode_s15,phase2/results/predictions/full/independent_rms/tcn/seed_101/bandpass_n20001_cV5_electrode_s15.npz,76370,a9c763977df1b36ecb9c837e3b052e1f0f06e15eb1b218939ecc83c1dea86bbf
tcn,independent_rms,101,bandpass_n20001_cV5_electrode_s10,phase2/results/predictions/full/independent_rms/tcn/seed_101/bandpass_n20001_cV5_electrode_s10.npz,76370,83965a9171a41a321785064b6232b85ad6a9523b8f28ebe9c3c631f3a1237593
tcn,independent_rms,101,bandpass_n20001_cV5_electrode_s5,phase2/results/predictions/full/independent_rms/tcn/seed_101/bandpass_n20001_cV5_electrode_s5.npz,76271,fa65365ce20bb80a57dcbd99e97292a9f1f76de4d2cf089756c1d2983cbc5c51
tcn,independent_rms,101,bandpass_n20001_cV5_electrode_s0,phase2/results/predictions/full/independent_rms/tcn/seed_101/bandpass_n20001_cV5_electrode_s0.npz,76040,79532764fd6d8ae2e16d3365da473fe9a63839ff72676595a5c6bca3d18269e0
tcn,independent_rms,101,bandpass_n20001_cV5_covariance_s20,phase2/results/predictions/full/independent_rms/tcn/seed_101/bandpass_n20001_cV5_covariance_s20.npz,76393,2ffb28b872adea07ebb4e5c5642129431003829e13a90be623a754a5787750e3
tcn,independent_rms,101,bandpass_n20001_cV5_covariance_s15,phase2/results/predictions/full/independent_rms/tcn/seed_101/bandpass_n20001_cV5_covariance_s15.npz,76375,b8bf02afbc3c065105cbe9392f55746c59ab73b1c480ae42dd5e45a13ec7cb95
tcn,independent_rms,101,bandpass_n20001_cV5_covariance_s10,phase2/results/predictions/full/independent_rms/tcn/seed_101/bandpass_n20001_cV5_covariance_s10.npz,76345,128faf74eb355c1294b5289b3d5e538eeab785647cb9aa2f04fd102179aa5b6b
tcn,independent_rms,101,bandpass_n20001_cV5_covariance_s5,phase2/results/predictions/full/independent_rms/tcn/seed_101/bandpass_n20001_cV5_covariance_s5.npz,76277,338ace24059651058a704e20cf6c28dde0277471a5ee93cc56a63ceccb5c2aef
tcn,independent_rms,101,bandpass_n20001_cV5_covariance_s0,phase2/results/predictions/full/independent_rms/tcn/seed_101/bandpass_n20001_cV5_covariance_s0.npz,76016,19b2bc906346bc5a8bb27b88862db0ef3a5a9f4349a6ae4d56dbac90b9940eaf
tcn,independent_rms,101,bandpass_n20001_cV6_independent_rms_s20,phase2/results/predictions/full/independent_rms/tcn/seed_101/bandpass_n20001_cV6_independent_rms_s20.npz,76366,72a4277c73283df676db0aa91df5170ce3099de5779e93746dcbae064669d75a
tcn,independent_rms,101,bandpass_n20001_cV6_independent_rms_s15,phase2/results/predictions/full/independent_rms/tcn/seed_101/bandpass_n20001_cV6_independent_rms_s15.npz,76382,f6e0d4aad647a04818c3b5e2c35c00baa491bee9686c1aaf4871613a4f3f6b38
tcn,independent_rms,101,bandpass_n20001_cV6_independent_rms_s10,phase2/results/predictions/full/independent_rms/tcn/seed_101/bandpass_n20001_cV6_independent_rms_s10.npz,76366,e7eeefb7686b2632b10670bbcd2a3140d3c84183591b93bf55e12654e4c6bfe5
tcn,independent_rms,101,bandpass_n20001_cV6_independent_rms_s5,phase2/results/predictions/full/independent_rms/tcn/seed_101/bandpass_n20001_cV6_independent_rms_s5.npz,76302,55331058510cf254fa3e5bb9f158cd37904d2fb479c687dc81294a214709b01e
tcn,independent_rms,101,bandpass_n20001_cV6_independent_rms_s0,phase2/results/predictions/full/independent_rms/tcn/seed_101/bandpass_n20001_cV6_independent_rms_s0.npz,76080,2177523e740f2289fd242ff7c8fcd6f76102cdd640c354b6075a1f06edef79d7
tcn,independent_rms,101,bandpass_n20001_cV6_electrode_s20,phase2/results/predictions/full/independent_rms/tcn/seed_101/bandpass_n20001_cV6_electrode_s20.npz,76361,6583c5a85ec586b74960ffd36ecc37a2dce3234ca6a17b28b62985e52d0c16f0
tcn,independent_rms,101,bandpass_n20001_cV6_electrode_s15,phase2/results/predictions/full/independent_rms/tcn/seed_101/bandpass_n20001_cV6_electrode_s15.npz,76357,c15c1f6d28218bd0f2055dce38fcd08fee025d772d3efa8ef3ba2eeea1c988ae
tcn,independent_rms,101,bandpass_n20001_cV6_electrode_s10,phase2/results/predictions/full/independent_rms/tcn/seed_101/bandpass_n20001_cV6_electrode_s10.npz,76354,4f4c87c72597aa3d3ebc53cb6e78a67cb94127a6fe050c72fa8cdc56e265beff
tcn,independent_rms,101,bandpass_n20001_cV6_electrode_s5,phase2/results/predictions/full/independent_rms/tcn/seed_101/bandpass_n20001_cV6_electrode_s5.npz,76300,3e2de207950c3890b393aa69f12052723ea1b6d13adc2f18502bfed7374007e9
tcn,independent_rms,101,bandpass_n20001_cV6_electrode_s0,phase2/results/predictions/full/independent_rms/tcn/seed_101/bandpass_n20001_cV6_electrode_s0.npz,76125,e4294cd339de91430539f575ad32885f26d5048ed8a6a0c1efd2541974f81131
tcn,independent_rms,101,bandpass_n20001_cV6_covariance_s20,phase2/results/predictions/full/independent_rms/tcn/seed_101/bandpass_n20001_cV6_covariance_s20.npz,76374,f9e6699e625219a227269c3a3f8e7b998ecf3143cce42b6ce4a91e676381d634
tcn,independent_rms,101,bandpass_n20001_cV6_covariance_s15,phase2/results/predictions/full/independent_rms/tcn/seed_101/bandpass_n20001_cV6_covariance_s15.npz,76341,868a5ca0a7921f43123bb0de592401ea4327dd671165bb03a414d86a362207d0
tcn,independent_rms,101,bandpass_n20001_cV6_covariance_s10,phase2/results/predictions/full/independent_rms/tcn/seed_101/bandpass_n20001_cV6_covariance_s10.npz,76346,1041bfb326b43f1b1d6958818955dea293ca6ad10eddfb5e7b592f966ac86f87
tcn,independent_rms,101,bandpass_n20001_cV6_covariance_s5,phase2/results/predictions/full/independent_rms/tcn/seed_101/bandpass_n20001_cV6_covariance_s5.npz,76297,17fc9e91438d681abc984a180c8c8f3c5cf2ef6535eb711578b44d310bc956f5
tcn,independent_rms,101,bandpass_n20001_cV6_covariance_s0,phase2/results/predictions/full/independent_rms/tcn/seed_101/bandpass_n20001_cV6_covariance_s0.npz,76122,f5398f2232ec658dc71e38d0cb3f55c66580a84cdc4bffac41bcec346f1c9e71
tcn,independent_rms,101,bandpass_n20001_cRA_LA_independent_rms_s20,phase2/results/predictions/full/independent_rms/tcn/seed_101/bandpass_n20001_cRA_LA_independent_rms_s20.npz,76388,2b56799d4a79021f1376d7b589879493e578ec89e9fc09bb7c975740fb3b18f7
tcn,independent_rms,101,bandpass_n20001_cRA_LA_independent_rms_s15,phase2/results/predictions/full/independent_rms/tcn/seed_101/bandpass_n20001_cRA_LA_independent_rms_s15.npz,76387,f3982dc21e31dc6d3b18464d7e4a9c71c10fbd796819936fa5a63a269abdfb32
tcn,independent_rms,101,bandpass_n20001_cRA_LA_independent_rms_s10,phase2/results/predictions/full/independent_rms/tcn/seed_101/bandpass_n20001_cRA_LA_independent_rms_s10.npz,76363,4b4908d9faa76f55eb43065c99e79ed8b5173d35e116ff211ce7384bcbc72d28
tcn,independent_rms,101,bandpass_n20001_cRA_LA_independent_rms_s5,phase2/results/predictions/full/independent_rms/tcn/seed_101/bandpass_n20001_cRA_LA_independent_rms_s5.npz,76274,cc3f6c085743cad64fb2d6f40fe67dec95505a0d08ec16a9bd74d093b76f17af
tcn,independent_rms,101,bandpass_n20001_cRA_LA_independent_rms_s0,phase2/results/predictions/full/independent_rms/tcn/seed_101/bandpass_n20001_cRA_LA_independent_rms_s0.npz,76033,e4550899bf32211bc187910180f9deecb2db4cc15505340f0252c5a2943d7e3e
tcn,independent_rms,101,bandpass_n20001_cRA_LA_electrode_s20,phase2/results/predictions/full/independent_rms/tcn/seed_101/bandpass_n20001_cRA_LA_electrode_s20.npz,76391,170b7efc213d37d2274fd336d6b96f74d49398480ef812ba3e3126728b9d3811
tcn,independent_rms,101,bandpass_n20001_cRA_LA_electrode_s15,phase2/results/predictions/full/independent_rms/tcn/seed_101/bandpass_n20001_cRA_LA_electrode_s15.npz,76359,364a39c5398d299e8cc8e7919860d28657a641caea5d99baf0cbb367def9ab94
tcn,independent_rms,101,bandpass_n20001_cRA_LA_electrode_s10,phase2/results/predictions/full/independent_rms/tcn/seed_101/bandpass_n20001_cRA_LA_electrode_s10.npz,76273,6b021eaba526cad7ff88f19d8b41df93be0fea30804a4fe1fad146453a8ce751
tcn,independent_rms,101,bandpass_n20001_cRA_LA_electrode_s5,phase2/results/predictions/full/independent_rms/tcn/seed_101/bandpass_n20001_cRA_LA_electrode_s5.npz,76094,08a26b91c7b1b31c5fec30a40f0d1cf72f18266e936bd578f00ef9b72e525ff1
tcn,independent_rms,101,bandpass_n20001_cRA_LA_electrode_s0,phase2/results/predictions/full/independent_rms/tcn/seed_101/bandpass_n20001_cRA_LA_electrode_s0.npz,75657,76dba3550e74f1906bb845845c55447cf36e462ccc22e918cc5262f15c4967ae
tcn,independent_rms,101,bandpass_n20001_cRA_LA_covariance_s20,phase2/results/predictions/full/independent_rms/tcn/seed_101/bandpass_n20001_cRA_LA_covariance_s20.npz,76371,91ca7f729189ad2683f48e3292ab9191a2e9f6e663767f101a80bf6702366106
tcn,independent_rms,101,bandpass_n20001_cRA_LA_covariance_s15,phase2/results/predictions/full/independent_rms/tcn/seed_101/bandpass_n20001_cRA_LA_covariance_s15.npz,76364,38b5339301b25c95bf15ea6a91f26b2bbfa013697b7a783fbb126b09bd500bd9
tcn,independent_rms,101,bandpass_n20001_cRA_LA_covariance_s10,phase2/results/predictions/full/independent_rms/tcn/seed_101/bandpass_n20001_cRA_LA_covariance_s10.npz,76296,e3a1622a8532834058c8161cf3d82b1248c349e0633bb3f289d31c73418bff20
tcn,independent_rms,101,bandpass_n20001_cRA_LA_covariance_s5,phase2/results/predictions/full/independent_rms/tcn/seed_101/bandpass_n20001_cRA_LA_covariance_s5.npz,76054,a753ee95627d6a93eed58aa6e0b0419de39f704282c06fb5618d30cd66f8d686
tcn,independent_rms,101,bandpass_n20001_cRA_LA_covariance_s0,phase2/results/predictions/full/independent_rms/tcn/seed_101/bandpass_n20001_cRA_LA_covariance_s0.npz,75668,35a03f43baa0fd34ab4cef7ceb249f2d06cb3072f2dafaf33a48fa26def27d9a
tcn,independent_rms,101,bandpass_n20001_cLA_LL_independent_rms_s20,phase2/results/predictions/full/independent_rms/tcn/seed_101/bandpass_n20001_cLA_LL_independent_rms_s20.npz,76376,4c6699a67a06a35f686818043d811a2771ea99cd7ac64388fc884db08196c730
tcn,independent_rms,101,bandpass_n20001_cLA_LL_independent_rms_s15,phase2/results/predictions/full/independent_rms/tcn/seed_101/bandpass_n20001_cLA_LL_independent_rms_s15.npz,76396,d5b4ba9e4a79127c4208305896a8ad54aa4a9a732371daa7863fb293fd38d738
tcn,independent_rms,101,bandpass_n20001_cLA_LL_independent_rms_s10,phase2/results/predictions/full/independent_rms/tcn/seed_101/bandpass_n20001_cLA_LL_independent_rms_s10.npz,76382,62b0b1d1778357fecc0ee955b25cb0e2572737fabbbb59587087fea89e2b5149
tcn,independent_rms,101,bandpass_n20001_cLA_LL_independent_rms_s5,phase2/results/predictions/full/independent_rms/tcn/seed_101/bandpass_n20001_cLA_LL_independent_rms_s5.npz,76228,bcf796d8fe09795fdc59d7798782521d3b311b5f8e27f42021ac6a5a1c150c98
tcn,independent_rms,101,bandpass_n20001_cLA_LL_independent_rms_s0,phase2/results/predictions/full/independent_rms/tcn/seed_101/bandpass_n20001_cLA_LL_independent_rms_s0.npz,75938,74818d8feac7f137dfcc9bea0226e24d33150b9614dc07bf927da8e7072c43c0
tcn,independent_rms,101,bandpass_n20001_cLA_LL_electrode_s20,phase2/results/predictions/full/independent_rms/tcn/seed_101/bandpass_n20001_cLA_LL_electrode_s20.npz,76370,26a49b2da07fc3241655507bb3313efd39237acdcb8033e6037fb279d818c6e9
tcn,independent_rms,101,bandpass_n20001_cLA_LL_electrode_s15,phase2/results/predictions/full/independent_rms/tcn/seed_101/bandpass_n20001_cLA_LL_electrode_s15.npz,76374,7e87677a298b71ee42b433d7cebff23e5978595e896513769ec7404d429814cd
tcn,independent_rms,101,bandpass_n20001_cLA_LL_electrode_s10,phase2/results/predictions/full/independent_rms/tcn/seed_101/bandpass_n20001_cLA_LL_electrode_s10.npz,76324,4b5f77ccd2cb00eb64c9822144cee81811aa85b8047217a65b77ea975e0aeda0
tcn,independent_rms,101,bandpass_n20001_cLA_LL_electrode_s5,phase2/results/predictions/full/independent_rms/tcn/seed_101/bandpass_n20001_cLA_LL_electrode_s5.npz,76159,eea591a0743b7cdaedc6db629efb316b0c62aa6b98ee7b3d5dc6e8866f4ce007
tcn,independent_rms,101,bandpass_n20001_cLA_LL_electrode_s0,phase2/results/predictions/full/independent_rms/tcn/seed_101/bandpass_n20001_cLA_LL_electrode_s0.npz,75748,5cb930014fcb6a73588f4a828d44b0af1ea79c9428082d90efefd5244a5b1ab1
tcn,independent_rms,101,bandpass_n20001_cLA_LL_covariance_s20,phase2/results/predictions/full/independent_rms/tcn/seed_101/bandpass_n20001_cLA_LL_covariance_s20.npz,76388,d45588eb9397ff1e6012df9f60bd64404029e9f0f516e2ea542c22cdd65e853b
tcn,independent_rms,101,bandpass_n20001_cLA_LL_covariance_s15,phase2/results/predictions/full/independent_rms/tcn/seed_101/bandpass_n20001_cLA_LL_covariance_s15.npz,76354,18c8ccca58174c98a3103f65a293dfe53a0db9fc856373da9dab0f1c022e550f
tcn,independent_rms,101,bandpass_n20001_cLA_LL_covariance_s10,phase2/results/predictions/full/independent_rms/tcn/seed_101/bandpass_n20001_cLA_LL_covariance_s10.npz,76337,58a2c48deb44b2e7baff4529d62b459ae2d29feaa5e8aed91c7517036fffb31a
tcn,independent_rms,101,bandpass_n20001_cLA_LL_covariance_s5,phase2/results/predictions/full/independent_rms/tcn/seed_101/bandpass_n20001_cLA_LL_covariance_s5.npz,76086,fddf0a249dcd11333de535986d473edc5f821e8b72b86f9299a81b2779cdbbc8
tcn,independent_rms,101,bandpass_n20001_cLA_LL_covariance_s0,phase2/results/predictions/full/independent_rms/tcn/seed_101/bandpass_n20001_cLA_LL_covariance_s0.npz,75745,0d77d0fc52647f92674c60c5e8e528af75820e3c3ec4789b0e3935d99172d5e6
tcn,independent_rms,101,bandpass_n20001_cRA_LL_independent_rms_s20,phase2/results/predictions/full/independent_rms/tcn/seed_101/bandpass_n20001_cRA_LL_independent_rms_s20.npz,76402,e273bd60ea24d5b89468e63b8c7a718ddb709814318e5ecad05681d9d0ba7872
tcn,independent_rms,101,bandpass_n20001_cRA_LL_independent_rms_s15,phase2/results/predictions/full/independent_rms/tcn/seed_101/bandpass_n20001_cRA_LL_independent_rms_s15.npz,76394,ba7acb930487b11b0e0f54d97ca00b6e97d2a79890d104ce3d36bd905a8dbbe9
tcn,independent_rms,101,bandpass_n20001_cRA_LL_independent_rms_s10,phase2/results/predictions/full/independent_rms/tcn/seed_101/bandpass_n20001_cRA_LL_independent_rms_s10.npz,76358,1821acf7c382098e4f12868e9e4c62fac57615c9569f7859c8f8c82017688068
tcn,independent_rms,101,bandpass_n20001_cRA_LL_independent_rms_s5,phase2/results/predictions/full/independent_rms/tcn/seed_101/bandpass_n20001_cRA_LL_independent_rms_s5.npz,76257,a6e4ec53259de3db625238da15d01e154aa58e5506db33d2a3e9b0d7fb07bfe6
tcn,independent_rms,101,bandpass_n20001_cRA_LL_independent_rms_s0,phase2/results/predictions/full/independent_rms/tcn/seed_101/bandpass_n20001_cRA_LL_independent_rms_s0.npz,76005,fd357c31547bdadf57f0be9f6fec0d9eebb2211cefbbe698543760849da7814e
tcn,independent_rms,101,bandpass_n20001_cRA_LL_electrode_s20,phase2/results/predictions/full/independent_rms/tcn/seed_101/bandpass_n20001_cRA_LL_electrode_s20.npz,76364,5bde6349cc2db0853ff1763be9e4b426dbf904231fe14db2f22a9eb204e11d10
tcn,independent_rms,101,bandpass_n20001_cRA_LL_electrode_s15,phase2/results/predictions/full/independent_rms/tcn/seed_101/bandpass_n20001_cRA_LL_electrode_s15.npz,76368,b5fd012922547a02ecb9d60b4e0f1858ec0e83ffb0909c87bf8eabe3e2941f85
tcn,independent_rms,101,bandpass_n20001_cRA_LL_electrode_s10,phase2/results/predictions/full/independent_rms/tcn/seed_101/bandpass_n20001_cRA_LL_electrode_s10.npz,76299,c6ef874b5a55677683182a41955f402e5888e3cbe67da1fd84022542d6acf5ee
tcn,independent_rms,101,bandpass_n20001_cRA_LL_electrode_s5,phase2/results/predictions/full/independent_rms/tcn/seed_101/bandpass_n20001_cRA_LL_electrode_s5.npz,76096,9adc9574fbb535d75825a4b9c6ca56c9067233f9875830de58b9b808453d22ea
tcn,independent_rms,101,bandpass_n20001_cRA_LL_electrode_s0,phase2/results/predictions/full/independent_rms/tcn/seed_101/bandpass_n20001_cRA_LL_electrode_s0.npz,75628,2b868763cfd4a55afc68e5053168271943239e6dcf61ebb78b87bd5f26832878
tcn,independent_rms,101,bandpass_n20001_cRA_LL_covariance_s20,phase2/results/predictions/full/independent_rms/tcn/seed_101/bandpass_n20001_cRA_LL_covariance_s20.npz,76404,e45f30fd513be880bb681323f62efc116a25b8b9b97312d1bbf94b757d719998
tcn,independent_rms,101,bandpass_n20001_cRA_LL_covariance_s15,phase2/results/predictions/full/independent_rms/tcn/seed_101/bandpass_n20001_cRA_LL_covariance_s15.npz,76390,3f032f73e4543e61a4253a428a034bc48af556d86233d74962aa7507c1d9e9e2
tcn,independent_rms,101,bandpass_n20001_cRA_LL_covariance_s10,phase2/results/predictions/full/independent_rms/tcn/seed_101/bandpass_n20001_cRA_LL_covariance_s10.npz,76265,0dd8f5ceccd15069afbac67a1393925deabbea57e34900f018ec71865bae8c94
tcn,independent_rms,101,bandpass_n20001_cRA_LL_covariance_s5,phase2/results/predictions/full/independent_rms/tcn/seed_101/bandpass_n20001_cRA_LL_covariance_s5.npz,76059,c4ebfab16c78f9016b07ba724da24bd3d758e9108327ef04fb5793b2d3083975
tcn,independent_rms,101,bandpass_n20001_cRA_LL_covariance_s0,phase2/results/predictions/full/independent_rms/tcn/seed_101/bandpass_n20001_cRA_LL_covariance_s0.npz,75650,07b3307313566506d62c9a470a3a25dc2fb5cc0acbfab0d1b0a334ab74446d13
tcn,independent_rms,101,bandpass_n20001_cRA_independent_rms_s20,phase2/results/predictions/full/independent_rms/tcn/seed_101/bandpass_n20001_cRA_independent_rms_s20.npz,76394,055abeb25550dde2ef9661db222cae36f19d66ecee6722d4012dc9974f8a7bd4
tcn,independent_rms,101,bandpass_n20001_cRA_independent_rms_s15,phase2/results/predictions/full/independent_rms/tcn/seed_101/bandpass_n20001_cRA_independent_rms_s15.npz,76385,c5d9e4a9eec2961eeb2438c8efb964551e64901abfad30fdfcec6843c434ecbf
tcn,independent_rms,101,bandpass_n20001_cRA_independent_rms_s10,phase2/results/predictions/full/independent_rms/tcn/seed_101/bandpass_n20001_cRA_independent_rms_s10.npz,76346,e32e906020c259b8bbe3d70bc42d547093a434b54d7a5b6b7bae8ef5ccefbacd
tcn,independent_rms,101,bandpass_n20001_cRA_independent_rms_s5,phase2/results/predictions/full/independent_rms/tcn/seed_101/bandpass_n20001_cRA_independent_rms_s5.npz,76274,0ce4841702a019fd5a9024b5f8504d69c396973429663c75033f0ed8a5d9e565
tcn,independent_rms,101,bandpass_n20001_cRA_independent_rms_s0,phase2/results/predictions/full/independent_rms/tcn/seed_101/bandpass_n20001_cRA_independent_rms_s0.npz,75984,8520bbc4957dae42ba53f331793bb15e46d686f2e96baf52e872cf153f3380d0
tcn,independent_rms,101,bandpass_n20001_cRA_electrode_s20,phase2/results/predictions/full/independent_rms/tcn/seed_101/bandpass_n20001_cRA_electrode_s20.npz,76394,6badba45f9327149a1b46d3241587bea276968bda0d312fdb04f527908c6669d
tcn,independent_rms,101,bandpass_n20001_cRA_electrode_s15,phase2/results/predictions/full/independent_rms/tcn/seed_101/bandpass_n20001_cRA_electrode_s15.npz,76323,97c19352c8abd0066072742711a16083c5b41c9026386cc47cd131feebdbfe77
tcn,independent_rms,101,bandpass_n20001_cRA_electrode_s10,phase2/results/predictions/full/independent_rms/tcn/seed_101/bandpass_n20001_cRA_electrode_s10.npz,76248,e52a7ddfb6bfe4050052669ee70aed5b94c241eee3e35f5d8fead8fa8857073a
tcn,independent_rms,101,bandpass_n20001_cRA_electrode_s5,phase2/results/predictions/full/independent_rms/tcn/seed_101/bandpass_n20001_cRA_electrode_s5.npz,76091,61ef3fb0a0b334e6f10546f898b70f2b34205d4014cf4f383307888870efbebf
tcn,independent_rms,101,bandpass_n20001_cRA_electrode_s0,phase2/results/predictions/full/independent_rms/tcn/seed_101/bandpass_n20001_cRA_electrode_s0.npz,75708,f735fd4001bb4984959be960de7a0bd6af31a4c030e96a0b82f155e6a0859151
tcn,independent_rms,101,bandpass_n20001_cRA_covariance_s20,phase2/results/predictions/full/independent_rms/tcn/seed_101/bandpass_n20001_cRA_covariance_s20.npz,76349,0493219cc6d02a36eccae74330ca4064d2eb690343b6326280e281b32bf23e71
tcn,independent_rms,101,bandpass_n20001_cRA_covariance_s15,phase2/results/predictions/full/independent_rms/tcn/seed_101/bandpass_n20001_cRA_covariance_s15.npz,76345,da3e8dedb725c9620a559cdd239c02a36934afd214bc2f66dfd2025c5b764161
tcn,independent_rms,101,bandpass_n20001_cRA_covariance_s10,phase2/results/predictions/full/independent_rms/tcn/seed_101/bandpass_n20001_cRA_covariance_s10.npz,76279,ca4649ca6a3954293677fb8e71e4599770f3b29b39b3e655b099377ab0c21c44
tcn,independent_rms,101,bandpass_n20001_cRA_covariance_s5,phase2/results/predictions/full/independent_rms/tcn/seed_101/bandpass_n20001_cRA_covariance_s5.npz,76075,f50624ec042581e477ee64b29665a045c70289d6e9212923a79c317370f944ab
tcn,independent_rms,101,bandpass_n20001_cRA_covariance_s0,phase2/results/predictions/full/independent_rms/tcn/seed_101/bandpass_n20001_cRA_covariance_s0.npz,75711,5a9722f5661ed425d88ae105c6984796d4791d3694f4ae8e70b49093eea3e57a
tcn,independent_rms,101,bandpass_n20001_cLA_independent_rms_s20,phase2/results/predictions/full/independent_rms/tcn/seed_101/bandpass_n20001_cLA_independent_rms_s20.npz,76415,5aa02040cea7f2d27377b600e4785a40008b859464444479972761ccb5a4d2c3
tcn,independent_rms,101,bandpass_n20001_cLA_independent_rms_s15,phase2/results/predictions/full/independent_rms/tcn/seed_101/bandpass_n20001_cLA_independent_rms_s15.npz,76381,960eb44161840004715052ac71653c97021e63e2add1bda4f78e01ad9c6284b2
tcn,independent_rms,101,bandpass_n20001_cLA_independent_rms_s10,phase2/results/predictions/full/independent_rms/tcn/seed_101/bandpass_n20001_cLA_independent_rms_s10.npz,76370,2929f3b476c230589e378cd93bc4cc5fbfdfaf6c8cbcf5eb0ca8ed1067d7af23
tcn,independent_rms,101,bandpass_n20001_cLA_independent_rms_s5,phase2/results/predictions/full/independent_rms/tcn/seed_101/bandpass_n20001_cLA_independent_rms_s5.npz,76285,110f489c8ef8b503be8f93e4d16d768c85b341c532d5fd4c5791bb93414082de
tcn,independent_rms,101,bandpass_n20001_cLA_independent_rms_s0,phase2/results/predictions/full/independent_rms/tcn/seed_101/bandpass_n20001_cLA_independent_rms_s0.npz,75957,5827bb98891cb8ea564d83edb2d6ffc5a82474870555748472ff6941178efdc7
tcn,independent_rms,101,bandpass_n20001_cLA_electrode_s20,phase2/results/predictions/full/independent_rms/tcn/seed_101/bandpass_n20001_cLA_electrode_s20.npz,76376,14d185806942742f60a03e1d8a1140291aa039778f69d48ac5cb58dcb1803a33
tcn,independent_rms,101,bandpass_n20001_cLA_electrode_s15,phase2/results/predictions/full/independent_rms/tcn/seed_101/bandpass_n20001_cLA_electrode_s15.npz,76357,01eac638ba06b330157d3185e3ec469e9a4155d63cd6eaaa41d0394ea29769db
tcn,independent_rms,101,bandpass_n20001_cLA_electrode_s10,phase2/results/predictions/full/independent_rms/tcn/seed_101/bandpass_n20001_cLA_electrode_s10.npz,76324,23e42c016be1bc004fb941f15b9dc1aff3f1d74807b49bf68728993333c2a987
tcn,independent_rms,101,bandpass_n20001_cLA_electrode_s5,phase2/results/predictions/full/independent_rms/tcn/seed_101/bandpass_n20001_cLA_electrode_s5.npz,76103,dfc6baaa4ae065166dbfb234cb28c641e408b1052ecf2442f2f68ad92bf5e9e3
tcn,independent_rms,101,bandpass_n20001_cLA_electrode_s0,phase2/results/predictions/full/independent_rms/tcn/seed_101/bandpass_n20001_cLA_electrode_s0.npz,75721,eef2d3447fc7f4ea98b1ea67df0b578127e693b4bb429dffadf98fa94a8e98c9
tcn,independent_rms,101,bandpass_n20001_cLA_covariance_s20,phase2/results/predictions/full/independent_rms/tcn/seed_101/bandpass_n20001_cLA_covariance_s20.npz,76394,c06297d56425a5bd39c1c63b0a4fe7f080754d17e753bddfe8c7469ddacc9768
tcn,independent_rms,101,bandpass_n20001_cLA_covariance_s15,phase2/results/predictions/full/independent_rms/tcn/seed_101/bandpass_n20001_cLA_covariance_s15.npz,76360,2fce3b6076ca85766f00bec7751369ab1a0fdb77a8be3ae85b0837378ee5745b
tcn,independent_rms,101,bandpass_n20001_cLA_covariance_s10,phase2/results/predictions/full/independent_rms/tcn/seed_101/bandpass_n20001_cLA_covariance_s10.npz,76317,cca7a794e390e6d98e3ff5352c3d03cc4b1a01027b0a8e4575ba5cf00e794aef
tcn,independent_rms,101,bandpass_n20001_cLA_covariance_s5,phase2/results/predictions/full/independent_rms/tcn/seed_101/bandpass_n20001_cLA_covariance_s5.npz,76148,8d3c512d63119229b033332cbb0c07a5ad0498a0dd32d175f1d7e483b411a420
tcn,independent_rms,101,bandpass_n20001_cLA_covariance_s0,phase2/results/predictions/full/independent_rms/tcn/seed_101/bandpass_n20001_cLA_covariance_s0.npz,75684,0f2ba1d7a095e259860af5e9346984486dc84602b9ca3bf0e95f8f0de95dfe14
tcn,independent_rms,101,bandpass_n20001_cLL_independent_rms_s20,phase2/results/predictions/full/independent_rms/tcn/seed_101/bandpass_n20001_cLL_independent_rms_s20.npz,76396,7b15d4f9541ca54dcb4be14d4f5d0ad1287c48cb11fa8b46f18d75c9c05ed149
tcn,independent_rms,101,bandpass_n20001_cLL_independent_rms_s15,phase2/results/predictions/full/independent_rms/tcn/seed_101/bandpass_n20001_cLL_independent_rms_s15.npz,76393,20b6ea6907fb19db0b6dcee42d6b11dc4ed68808c7648f5d65c2ebb1fcae5e81
tcn,independent_rms,101,bandpass_n20001_cLL_independent_rms_s10,phase2/results/predictions/full/independent_rms/tcn/seed_101/bandpass_n20001_cLL_independent_rms_s10.npz,76340,c94b8480c0d65988495614629c5a388223ac45ba8e5a0d3ee11203b25daee484
tcn,independent_rms,101,bandpass_n20001_cLL_independent_rms_s5,phase2/results/predictions/full/independent_rms/tcn/seed_101/bandpass_n20001_cLL_independent_rms_s5.npz,76251,92c3154722d69a59487fab96a18eeddf8c8ba5a2bceadcb07db0313627c399a2
tcn,independent_rms,101,bandpass_n20001_cLL_independent_rms_s0,phase2/results/predictions/full/independent_rms/tcn/seed_101/bandpass_n20001_cLL_independent_rms_s0.npz,75964,74a794309adb0a0ef1520531b0adfa2685747c4bfb71f1b837606d39fe127b1d
tcn,independent_rms,101,bandpass_n20001_cLL_electrode_s20,phase2/results/predictions/full/independent_rms/tcn/seed_101/bandpass_n20001_cLL_electrode_s20.npz,76388,8a88726a87523ae3ae0a197fb347ad1f07c6daec044c8b223fc12cca786850d5
tcn,independent_rms,101,bandpass_n20001_cLL_electrode_s15,phase2/results/predictions/full/independent_rms/tcn/seed_101/bandpass_n20001_cLL_electrode_s15.npz,76364,a970946e69d14f6fdc8b828cfae66cd7832aaa89e507c477ab0f072e18be52b2
tcn,independent_rms,101,bandpass_n20001_cLL_electrode_s10,phase2/results/predictions/full/independent_rms/tcn/seed_101/bandpass_n20001_cLL_electrode_s10.npz,76345,eebba32a394fb369da87a9fd2c2cf9e3ce948417e3ddcb71f51659c7f3eff2ff
tcn,independent_rms,101,bandpass_n20001_cLL_electrode_s5,phase2/results/predictions/full/independent_rms/tcn/seed_101/bandpass_n20001_cLL_electrode_s5.npz,76154,ba038f6f5de48f5902f81bfef65b1ded1c031825dda3c11e4c57e5fc39580fd7
tcn,independent_rms,101,bandpass_n20001_cLL_electrode_s0,phase2/results/predictions/full/independent_rms/tcn/seed_101/bandpass_n20001_cLL_electrode_s0.npz,75810,0ded4a5de84c013021be3f495fc0bf42eb772fa6e4422623abb57c26693bec72
tcn,independent_rms,101,bandpass_n20001_cLL_covariance_s20,phase2/results/predictions/full/independent_rms/tcn/seed_101/bandpass_n20001_cLL_covariance_s20.npz,76384,5cb606769300cc88796ea23f2aa692ca9f1015acfdc82d60bc7b1020831d2157
tcn,independent_rms,101,bandpass_n20001_cLL_covariance_s15,phase2/results/predictions/full/independent_rms/tcn/seed_101/bandpass_n20001_cLL_covariance_s15.npz,76419,d30fe40de81421267fdd9694b3aa87837e1b68a27689f56acf78a79ddd6475e0
tcn,independent_rms,101,bandpass_n20001_cLL_covariance_s10,phase2/results/predictions/full/independent_rms/tcn/seed_101/bandpass_n20001_cLL_covariance_s10.npz,76303,5039585502385034c5449283255f9b1d1b4f1bdf6392415aeae5b434646f5e17
tcn,independent_rms,101,bandpass_n20001_cLL_covariance_s5,phase2/results/predictions/full/independent_rms/tcn/seed_101/bandpass_n20001_cLL_covariance_s5.npz,76140,f86d389620e956b916e38cd2a1cc669351f2a11888ca5eba0efca60fc1eb4855
tcn,independent_rms,101,bandpass_n20001_cLL_covariance_s0,phase2/results/predictions/full/independent_rms/tcn/seed_101/bandpass_n20001_cLL_covariance_s0.npz,75792,65b4d4d05445ab14baa59d001a3ba21623c793cf648bca56edf5d660b24efba6
tcn,independent_rms,101,bandpass_n20001_cRA_V1_independent_rms_s20,phase2/results/predictions/full/independent_rms/tcn/seed_101/bandpass_n20001_cRA_V1_independent_rms_s20.npz,76402,057bc8109d52e4e039b8c5da09b454479c6bbcfd446319d00f70c8328d0e2d2b
tcn,independent_rms,101,bandpass_n20001_cRA_V1_independent_rms_s15,phase2/results/predictions/full/independent_rms/tcn/seed_101/bandpass_n20001_cRA_V1_independent_rms_s15.npz,76407,9aeaa71501c194e75b5fc5889bac1e559a87025b7d4a17d49d1536bf28cd7c87
tcn,independent_rms,101,bandpass_n20001_cRA_V1_independent_rms_s10,phase2/results/predictions/full/independent_rms/tcn/seed_101/bandpass_n20001_cRA_V1_independent_rms_s10.npz,76412,c165a17ec2c14dda2e073d45fda5e4f3d682c0cfb32f50125bc96f9b933cafe7
tcn,independent_rms,101,bandpass_n20001_cRA_V1_independent_rms_s5,phase2/results/predictions/full/independent_rms/tcn/seed_101/bandpass_n20001_cRA_V1_independent_rms_s5.npz,76265,a42a5af29544141cd5e9858b8e112b868800c211fb9cec1070c32a596c26f4c8
tcn,independent_rms,101,bandpass_n20001_cRA_V1_independent_rms_s0,phase2/results/predictions/full/independent_rms/tcn/seed_101/bandpass_n20001_cRA_V1_independent_rms_s0.npz,75957,915bca0fa18a7d737965a988adb2e407db897d30cf19591425ec96a67ff9070a
tcn,independent_rms,101,bandpass_n20001_cRA_V1_electrode_s20,phase2/results/predictions/full/independent_rms/tcn/seed_101/bandpass_n20001_cRA_V1_electrode_s20.npz,76369,271fd5295c2dc98f14a65050553841f6a5c26633b266d333e1d2d0e3b2e25496
tcn,independent_rms,101,bandpass_n20001_cRA_V1_electrode_s15,phase2/results/predictions/full/independent_rms/tcn/seed_101/bandpass_n20001_cRA_V1_electrode_s15.npz,76337,8b257c88100bf552a3b162395e4eb844335e765f1d43fc3dfbcff33b5888116f
tcn,independent_rms,101,bandpass_n20001_cRA_V1_electrode_s10,phase2/results/predictions/full/independent_rms/tcn/seed_101/bandpass_n20001_cRA_V1_electrode_s10.npz,76277,40d8c5daba10948461dbafb36eb3f18bc48da5cfa5ef79a4c5e665df170415a0
tcn,independent_rms,101,bandpass_n20001_cRA_V1_electrode_s5,phase2/results/predictions/full/independent_rms/tcn/seed_101/bandpass_n20001_cRA_V1_electrode_s5.npz,76068,5b9b4fa9015a6d34156cccd363493a56d5ca5bd9f58e810e8d50813f85b725d2
tcn,independent_rms,101,bandpass_n20001_cRA_V1_electrode_s0,phase2/results/predictions/full/independent_rms/tcn/seed_101/bandpass_n20001_cRA_V1_electrode_s0.npz,75712,3dcf060ae5c10de899795304dc228453833d32b4baac5c75c66901867936c8ea
tcn,independent_rms,101,bandpass_n20001_cRA_V1_covariance_s20,phase2/results/predictions/full/independent_rms/tcn/seed_101/bandpass_n20001_cRA_V1_covariance_s20.npz,76403,db678945eb3e0a63b5e2912fd7ad379bf2ab0e5427d39f2b76d38441508ea966
tcn,independent_rms,101,bandpass_n20001_cRA_V1_covariance_s15,phase2/results/predictions/full/independent_rms/tcn/seed_101/bandpass_n20001_cRA_V1_covariance_s15.npz,76369,2c7d781981a302f0e223d56c5550a3b40c19ce2216e9b7da0884b0aa607a9574
tcn,independent_rms,101,bandpass_n20001_cRA_V1_covariance_s10,phase2/results/predictions/full/independent_rms/tcn/seed_101/bandpass_n20001_cRA_V1_covariance_s10.npz,76266,dc86b39c481b3f213775912e2a334971587b25d06328c232196caa12c6268a16
tcn,independent_rms,101,bandpass_n20001_cRA_V1_covariance_s5,phase2/results/predictions/full/independent_rms/tcn/seed_101/bandpass_n20001_cRA_V1_covariance_s5.npz,76096,8ac7535db60d50be3b6324db7970d744d8c682cae2331cdacc862952a5ef79c6
tcn,independent_rms,101,bandpass_n20001_cRA_V1_covariance_s0,phase2/results/predictions/full/independent_rms/tcn/seed_101/bandpass_n20001_cRA_V1_covariance_s0.npz,75721,49d012aced6448b48059b4284ff1951c95986061ad96c473fc917b224e2d60d5
tcn,independent_rms,101,bandpass_n20001_cLA_V6_independent_rms_s20,phase2/results/predictions/full/independent_rms/tcn/seed_101/bandpass_n20001_cLA_V6_independent_rms_s20.npz,76389,a0202ccb8ee7dc6135bd04ab1e58b0cedf78024e6cfcbd1425e7b6d0586af69e
tcn,independent_rms,101,bandpass_n20001_cLA_V6_independent_rms_s15,phase2/results/predictions/full/independent_rms/tcn/seed_101/bandpass_n20001_cLA_V6_independent_rms_s15.npz,76406,16434975b96274b86d90d1bc30326ad1bb7c81c455a8de5fca8c2f8fbe6421c9
tcn,independent_rms,101,bandpass_n20001_cLA_V6_independent_rms_s10,phase2/results/predictions/full/independent_rms/tcn/seed_101/bandpass_n20001_cLA_V6_independent_rms_s10.npz,76412,c86eeddbac946531e0383a62ce26dd03c305f1a9e61037f66d674c2357991e39
tcn,independent_rms,101,bandpass_n20001_cLA_V6_independent_rms_s5,phase2/results/predictions/full/independent_rms/tcn/seed_101/bandpass_n20001_cLA_V6_independent_rms_s5.npz,76276,a5393b3d786e7de8af0e192d410c20f35e614ea4d5ab001b1d30eb088536920f
tcn,independent_rms,101,bandpass_n20001_cLA_V6_independent_rms_s0,phase2/results/predictions/full/independent_rms/tcn/seed_101/bandpass_n20001_cLA_V6_independent_rms_s0.npz,76020,bf00760407ba1c1a2ad96f4f660bf2f36c73bcc52e304c40a46c027c4e69f9c5
tcn,independent_rms,101,bandpass_n20001_cLA_V6_electrode_s20,phase2/results/predictions/full/independent_rms/tcn/seed_101/bandpass_n20001_cLA_V6_electrode_s20.npz,76400,ecdb0c6cfb2b7534f08df0504c49470b87084606714d6cfd8010c28b79904383
tcn,independent_rms,101,bandpass_n20001_cLA_V6_electrode_s15,phase2/results/predictions/full/independent_rms/tcn/seed_101/bandpass_n20001_cLA_V6_electrode_s15.npz,76356,e2a79c217d543acc5858d8e77c0ca3e4a29f13b048dc73dc3de7d882294ce59a
tcn,independent_rms,101,bandpass_n20001_cLA_V6_electrode_s10,phase2/results/predictions/full/independent_rms/tcn/seed_101/bandpass_n20001_cLA_V6_electrode_s10.npz,76318,b1063402507175ceebaba87913ab2590e09cbd2d6754bb2cafdba5503acc0d14
tcn,independent_rms,101,bandpass_n20001_cLA_V6_electrode_s5,phase2/results/predictions/full/independent_rms/tcn/seed_101/bandpass_n20001_cLA_V6_electrode_s5.npz,76171,eb74b19b6b7b84ce73784bd1d54b1bda29a25f414e62a082a24523024216916b
tcn,independent_rms,101,bandpass_n20001_cLA_V6_electrode_s0,phase2/results/predictions/full/independent_rms/tcn/seed_101/bandpass_n20001_cLA_V6_electrode_s0.npz,75782,cb3e70860ac35d649a3bae728a3b1dacf7efd426246b248c5322dc2a5544d52d
tcn,independent_rms,101,bandpass_n20001_cLA_V6_covariance_s20,phase2/results/predictions/full/independent_rms/tcn/seed_101/bandpass_n20001_cLA_V6_covariance_s20.npz,76366,91a29685c82118754d451cdc725bbd094719d0074d3c84eecabd7e8438482d58
tcn,independent_rms,101,bandpass_n20001_cLA_V6_covariance_s15,phase2/results/predictions/full/independent_rms/tcn/seed_101/bandpass_n20001_cLA_V6_covariance_s15.npz,76399,2747a8ab88e1a63f7209304f839922fc8c3ff6e1d2fb6c72c8321aa906306f47
tcn,independent_rms,101,bandpass_n20001_cLA_V6_covariance_s10,phase2/results/predictions/full/independent_rms/tcn/seed_101/bandpass_n20001_cLA_V6_covariance_s10.npz,76368,aaa0ee91b5b8eac7cb5f3147d37d58270b2f0c620328085aec9e2e5df5806951
tcn,independent_rms,101,bandpass_n20001_cLA_V6_covariance_s5,phase2/results/predictions/full/independent_rms/tcn/seed_101/bandpass_n20001_cLA_V6_covariance_s5.npz,76165,56454293c25b798625e2b4a045bdfab4eb6515a1b74e15bfa2e4ff2b840af7e9
tcn,independent_rms,101,bandpass_n20001_cLA_V6_covariance_s0,phase2/results/predictions/full/independent_rms/tcn/seed_101/bandpass_n20001_cLA_V6_covariance_s0.npz,75812,803e22fc88b5a3f6a23efba34f59b9a2d47641c2219e96768aa63bd04074c732
tcn,independent_rms,101,bandpass_n20001_cLL_V4_independent_rms_s20,phase2/results/predictions/full/independent_rms/tcn/seed_101/bandpass_n20001_cLL_V4_independent_rms_s20.npz,76397,da16d35c6978cb75ad6c7d219530c4a3fadde9d4805668a00de709e8f0c5a76c
tcn,independent_rms,101,bandpass_n20001_cLL_V4_independent_rms_s15,phase2/results/predictions/full/independent_rms/tcn/seed_101/bandpass_n20001_cLL_V4_independent_rms_s15.npz,76395,9fde2a873692aa48178bb61225606ccdbc075ab44b96b8a02fdb31505bdab0dd
tcn,independent_rms,101,bandpass_n20001_cLL_V4_independent_rms_s10,phase2/results/predictions/full/independent_rms/tcn/seed_101/bandpass_n20001_cLL_V4_independent_rms_s10.npz,76354,32057f391b4e2cf3416544d622527a3ceddf0a6a155da76ae3f17badeab62f31
tcn,independent_rms,101,bandpass_n20001_cLL_V4_independent_rms_s5,phase2/results/predictions/full/independent_rms/tcn/seed_101/bandpass_n20001_cLL_V4_independent_rms_s5.npz,76286,22cc3c03dc706cea07d6d602958aaeb227d2961ec6d84864f8cf3b7155786619
tcn,independent_rms,101,bandpass_n20001_cLL_V4_independent_rms_s0,phase2/results/predictions/full/independent_rms/tcn/seed_101/bandpass_n20001_cLL_V4_independent_rms_s0.npz,75983,e0901a658a1ed4034b41d11fcafcbcd885057bc1bbc28ad0f08edbfc031724b9
tcn,independent_rms,101,bandpass_n20001_cLL_V4_electrode_s20,phase2/results/predictions/full/independent_rms/tcn/seed_101/bandpass_n20001_cLL_V4_electrode_s20.npz,76381,10df57f7e045ed65e6546ff4436eee7b7dedfe43a5d9a806348ffa1ab13c8e01
tcn,independent_rms,101,bandpass_n20001_cLL_V4_electrode_s15,phase2/results/predictions/full/independent_rms/tcn/seed_101/bandpass_n20001_cLL_V4_electrode_s15.npz,76401,23e3c3bafe3889203b44586a6bf7a6f31f5a7d2aeb534b48ee6c76d4ad135df4
tcn,independent_rms,101,bandpass_n20001_cLL_V4_electrode_s10,phase2/results/predictions/full/independent_rms/tcn/seed_101/bandpass_n20001_cLL_V4_electrode_s10.npz,76342,171198beb1ed2afe948effe682755c10e4fbed7b64870981c28bf56ad1406678
tcn,independent_rms,101,bandpass_n20001_cLL_V4_electrode_s5,phase2/results/predictions/full/independent_rms/tcn/seed_101/bandpass_n20001_cLL_V4_electrode_s5.npz,76155,3f125c2aca18b6524d74402e96f10b7e7b4a10aaf3e25b0dc3a47daf2b475f6a
tcn,independent_rms,101,bandpass_n20001_cLL_V4_electrode_s0,phase2/results/predictions/full/independent_rms/tcn/seed_101/bandpass_n20001_cLL_V4_electrode_s0.npz,75825,e59e57de2587ca3ce76bcfbc32871aa45ec9ce15ce30b96cc498d4c77ff475bb
tcn,independent_rms,101,bandpass_n20001_cLL_V4_covariance_s20,phase2/results/predictions/full/independent_rms/tcn/seed_101/bandpass_n20001_cLL_V4_covariance_s20.npz,76405,9e60b25ebffed83cccaf45c7a30c7f1388904ec59d1c47e705dd161165d2b4af
tcn,independent_rms,101,bandpass_n20001_cLL_V4_covariance_s15,phase2/results/predictions/full/independent_rms/tcn/seed_101/bandpass_n20001_cLL_V4_covariance_s15.npz,76373,c286d0cad36baf06aba22178fafa1d8703820988007ae6de0583a98f97fa27d7
tcn,independent_rms,101,bandpass_n20001_cLL_V4_covariance_s10,phase2/results/predictions/full/independent_rms/tcn/seed_101/bandpass_n20001_cLL_V4_covariance_s10.npz,76349,18a4b35cbc030dfb1a4cbec85809df2d758f9adf876d0090d111097c98e8a172
tcn,independent_rms,101,bandpass_n20001_cLL_V4_covariance_s5,phase2/results/predictions/full/independent_rms/tcn/seed_101/bandpass_n20001_cLL_V4_covariance_s5.npz,76193,19433024f7356e2b9066cc6125093fbc391a9f72dd6b4f28ba771f225ab614b7
tcn,independent_rms,101,bandpass_n20001_cLL_V4_covariance_s0,phase2/results/predictions/full/independent_rms/tcn/seed_101/bandpass_n20001_cLL_V4_covariance_s0.npz,75811,0ef02fc32f2eff62bb9f02bb4914c83eef3736910280fefbed458fd08a4ea845
tcn,independent_rms,101,bandpass_n20001_cRA_LA_V1_V6_independent_rms_s20,phase2/results/predictions/full/independent_rms/tcn/seed_101/bandpass_n20001_cRA_LA_V1_V6_independent_rms_s20.npz,76416,9e2b8114fc55f0854d3364a9a05d72eb05fb60a0757a13916b88429522354c16
tcn,independent_rms,101,bandpass_n20001_cRA_LA_V1_V6_independent_rms_s15,phase2/results/predictions/full/independent_rms/tcn/seed_101/bandpass_n20001_cRA_LA_V1_V6_independent_rms_s15.npz,76419,a32cef8293a87e7ce4c9621637567b6dbdf37796e99d047136b24339a27e314a
tcn,independent_rms,101,bandpass_n20001_cRA_LA_V1_V6_independent_rms_s10,phase2/results/predictions/full/independent_rms/tcn/seed_101/bandpass_n20001_cRA_LA_V1_V6_independent_rms_s10.npz,76362,fd5721ca6ccc7c0ff114527fb3b79939c0a1c19b43125c762df3171b8550aeea
tcn,independent_rms,101,bandpass_n20001_cRA_LA_V1_V6_independent_rms_s5,phase2/results/predictions/full/independent_rms/tcn/seed_101/bandpass_n20001_cRA_LA_V1_V6_independent_rms_s5.npz,76279,2470a2beed605d086494921709b90fb40e5ad3dc07b48d083bd080e21a0748aa
tcn,independent_rms,101,bandpass_n20001_cRA_LA_V1_V6_independent_rms_s0,phase2/results/predictions/full/independent_rms/tcn/seed_101/bandpass_n20001_cRA_LA_V1_V6_independent_rms_s0.npz,75993,1c04d0e8e5e22ad30163621aa52405bc2d2888211006bf7d6089bf89d9502124
tcn,independent_rms,101,bandpass_n20001_cRA_LA_V1_V6_electrode_s20,phase2/results/predictions/full/independent_rms/tcn/seed_101/bandpass_n20001_cRA_LA_V1_V6_electrode_s20.npz,76399,621ef9d99a7f4e23b75f3f3f481df03d1638eb748eae38d845f6af507f9cc398
tcn,independent_rms,101,bandpass_n20001_cRA_LA_V1_V6_electrode_s15,phase2/results/predictions/full/independent_rms/tcn/seed_101/bandpass_n20001_cRA_LA_V1_V6_electrode_s15.npz,76383,ab04c4aaabb63563516abaf1a00f036affad662c90ad08515fbad80bb277474c
tcn,independent_rms,101,bandpass_n20001_cRA_LA_V1_V6_electrode_s10,phase2/results/predictions/full/independent_rms/tcn/seed_101/bandpass_n20001_cRA_LA_V1_V6_electrode_s10.npz,76297,253d3b4713b65659e2cdf481d16361a47f71a353e2d0ad86bfc77492e0332e7b
tcn,independent_rms,101,bandpass_n20001_cRA_LA_V1_V6_electrode_s5,phase2/results/predictions/full/independent_rms/tcn/seed_101/bandpass_n20001_cRA_LA_V1_V6_electrode_s5.npz,76160,ecdb087784d0d6e5f81e27f357f13d2c94e113daa8ee85ab88ab3bb8897a3c2d
tcn,independent_rms,101,bandpass_n20001_cRA_LA_V1_V6_electrode_s0,phase2/results/predictions/full/independent_rms/tcn/seed_101/bandpass_n20001_cRA_LA_V1_V6_electrode_s0.npz,75701,1dd3ac64c9e9a6954205d5f40b4724a46c12b3f99a9ef6eb12579b719e68429f
tcn,independent_rms,101,bandpass_n20001_cRA_LA_V1_V6_covariance_s20,phase2/results/predictions/full/independent_rms/tcn/seed_101/bandpass_n20001_cRA_LA_V1_V6_covariance_s20.npz,76431,7e3f78f637acd2d42512921f15f6765e3483e9eca5b2b6564da3bcbc3608e3eb
tcn,independent_rms,101,bandpass_n20001_cRA_LA_V1_V6_covariance_s15,phase2/results/predictions/full/independent_rms/tcn/seed_101/bandpass_n20001_cRA_LA_V1_V6_covariance_s15.npz,76403,03995d792f9054c4bdbf11c96eefccc8f94744db9917a572a74de50ade519b92
tcn,independent_rms,101,bandpass_n20001_cRA_LA_V1_V6_covariance_s10,phase2/results/predictions/full/independent_rms/tcn/seed_101/bandpass_n20001_cRA_LA_V1_V6_covariance_s10.npz,76346,96907aeaa1ecd90c01a2116b7ea4cc76108f4fdd6fbe3c18c28d1b44eb05273d
tcn,independent_rms,101,bandpass_n20001_cRA_LA_V1_V6_covariance_s5,phase2/results/predictions/full/independent_rms/tcn/seed_101/bandpass_n20001_cRA_LA_V1_V6_covariance_s5.npz,76131,08be21ddfdd697c3bdf0eed810181d2de6c4d4e62a7f79d113a0770076c07b26
tcn,independent_rms,101,bandpass_n20001_cRA_LA_V1_V6_covariance_s0,phase2/results/predictions/full/independent_rms/tcn/seed_101/bandpass_n20001_cRA_LA_V1_V6_covariance_s0.npz,75729,4e6ea0abc58cb861231350267fe0e3e0dd14792932f9e01cb083c11836a3c8d4
tcn,independent_rms,101,bandpass_n20001_cRA_V2_V5_independent_rms_s20,phase2/results/predictions/full/independent_rms/tcn/seed_101/bandpass_n20001_cRA_V2_V5_independent_rms_s20.npz,76396,9c78b3604de37eac4deec9afbb223dbaef67b0b2851aeefc6522068c1ddc184c
tcn,independent_rms,101,bandpass_n20001_cRA_V2_V5_independent_rms_s15,phase2/results/predictions/full/independent_rms/tcn/seed_101/bandpass_n20001_cRA_V2_V5_independent_rms_s15.npz,76404,93c88071fc7d7eab4aec619aae4a52ac79a7e4fb3b69bca79c2cdf2d71d39e89
tcn,independent_rms,101,bandpass_n20001_cRA_V2_V5_independent_rms_s10,phase2/results/predictions/full/independent_rms/tcn/seed_101/bandpass_n20001_cRA_V2_V5_independent_rms_s10.npz,76381,7a53c7d34f4703fe5d94813e30e43504b719567b19a47ac3a8db4c31e6f1a624
tcn,independent_rms,101,bandpass_n20001_cRA_V2_V5_independent_rms_s5,phase2/results/predictions/full/independent_rms/tcn/seed_101/bandpass_n20001_cRA_V2_V5_independent_rms_s5.npz,76286,25682320ca8079d0271146f861aa4593d455a49d56b67b9c051b6d31e0bfe33a
tcn,independent_rms,101,bandpass_n20001_cRA_V2_V5_independent_rms_s0,phase2/results/predictions/full/independent_rms/tcn/seed_101/bandpass_n20001_cRA_V2_V5_independent_rms_s0.npz,76028,442171660ca524782c4136e4e239b1490937889409f62e27f9bf91fe64453efa
tcn,independent_rms,101,bandpass_n20001_cRA_V2_V5_electrode_s20,phase2/results/predictions/full/independent_rms/tcn/seed_101/bandpass_n20001_cRA_V2_V5_electrode_s20.npz,76397,9dd1fc35fac1eb991816330567faadd4efd1e3f0e0e89a0e2f4a123d1bd81a50
tcn,independent_rms,101,bandpass_n20001_cRA_V2_V5_electrode_s15,phase2/results/predictions/full/independent_rms/tcn/seed_101/bandpass_n20001_cRA_V2_V5_electrode_s15.npz,76355,16bbbc77851a1735683b1c026ffd1b2b79730a4221673ed62ead9f86c2a854dc
tcn,independent_rms,101,bandpass_n20001_cRA_V2_V5_electrode_s10,phase2/results/predictions/full/independent_rms/tcn/seed_101/bandpass_n20001_cRA_V2_V5_electrode_s10.npz,76327,e414e4822d76dd43adfc2bae8a181d2fab012ee3f3d18d93fc3cabb430c227a3
tcn,independent_rms,101,bandpass_n20001_cRA_V2_V5_electrode_s5,phase2/results/predictions/full/independent_rms/tcn/seed_101/bandpass_n20001_cRA_V2_V5_electrode_s5.npz,76131,c8f6d6e930dfca594930b44ed48d1ea8f5303dd896f6fefc533e418f789d9f8c
tcn,independent_rms,101,bandpass_n20001_cRA_V2_V5_electrode_s0,phase2/results/predictions/full/independent_rms/tcn/seed_101/bandpass_n20001_cRA_V2_V5_electrode_s0.npz,75764,00b915b60a95d5fb11161168932b3515b30a490fd38f6d5a0394346e2c04ba47
tcn,independent_rms,101,bandpass_n20001_cRA_V2_V5_covariance_s20,phase2/results/predictions/full/independent_rms/tcn/seed_101/bandpass_n20001_cRA_V2_V5_covariance_s20.npz,76391,7ccb777659fde0f27f66a1a62f84fde60fbff55c20bdc58a85eb9d0d80704f0f
tcn,independent_rms,101,bandpass_n20001_cRA_V2_V5_covariance_s15,phase2/results/predictions/full/independent_rms/tcn/seed_101/bandpass_n20001_cRA_V2_V5_covariance_s15.npz,76344,4075a15fb86d1c5a02ca655777ad7513b5356f60c3393036b0a205f13d1dc251
tcn,independent_rms,101,bandpass_n20001_cRA_V2_V5_covariance_s10,phase2/results/predictions/full/independent_rms/tcn/seed_101/bandpass_n20001_cRA_V2_V5_covariance_s10.npz,76329,68f787305dfdf588e52e930c95ed4a3ed12d8065464d1dcb77f92b465b5653e4
tcn,independent_rms,101,bandpass_n20001_cRA_V2_V5_covariance_s5,phase2/results/predictions/full/independent_rms/tcn/seed_101/bandpass_n20001_cRA_V2_V5_covariance_s5.npz,76123,962bccdfe60c1bf2400252617bdd2c54c51cd036afafe443276f34119357de7a
tcn,independent_rms,101,bandpass_n20001_cRA_V2_V5_covariance_s0,phase2/results/predictions/full/independent_rms/tcn/seed_101/bandpass_n20001_cRA_V2_V5_covariance_s0.npz,75751,01bb78d1ff131ea2d87de3175c7d3e327d260215a45ea5937708acb648d3a7bf
tcn,independent_rms,101,bandpass_n20001_cLA_V3_V6_independent_rms_s20,phase2/results/predictions/full/independent_rms/tcn/seed_101/bandpass_n20001_cLA_V3_V6_independent_rms_s20.npz,76394,612ea2e8cfd11342b5bab41a5afd2a35e858fd97eca02029af6c54c900913b63
tcn,independent_rms,101,bandpass_n20001_cLA_V3_V6_independent_rms_s15,phase2/results/predictions/full/independent_rms/tcn/seed_101/bandpass_n20001_cLA_V3_V6_independent_rms_s15.npz,76422,43ef534fce12edea5a23afb6d21ef78929bc628fea6545c60a58a878af3ccb66
tcn,independent_rms,101,bandpass_n20001_cLA_V3_V6_independent_rms_s10,phase2/results/predictions/full/independent_rms/tcn/seed_101/bandpass_n20001_cLA_V3_V6_independent_rms_s10.npz,76371,8e13340f17a0d8a1ee12ae173715a1c21aecda59d027ff77a51a2b0e163e649d
tcn,independent_rms,101,bandpass_n20001_cLA_V3_V6_independent_rms_s5,phase2/results/predictions/full/independent_rms/tcn/seed_101/bandpass_n20001_cLA_V3_V6_independent_rms_s5.npz,76310,84f16d5664f7ed3101a5278a8322c3402a66de692eeaf0f5cd71ba7103bc899a
tcn,independent_rms,101,bandpass_n20001_cLA_V3_V6_independent_rms_s0,phase2/results/predictions/full/independent_rms/tcn/seed_101/bandpass_n20001_cLA_V3_V6_independent_rms_s0.npz,76035,d03a197cefe98f6af739d648ac4c24713e6d5d073ccef3f0ec0fadd623135644
tcn,independent_rms,101,bandpass_n20001_cLA_V3_V6_electrode_s20,phase2/results/predictions/full/independent_rms/tcn/seed_101/bandpass_n20001_cLA_V3_V6_electrode_s20.npz,76394,92bf01699557d161bf79e6208a880a9ca33e126ef047d6426f176b475a7dff2f
tcn,independent_rms,101,bandpass_n20001_cLA_V3_V6_electrode_s15,phase2/results/predictions/full/independent_rms/tcn/seed_101/bandpass_n20001_cLA_V3_V6_electrode_s15.npz,76387,7d64a5d8a189c27a398558cb23fed5f60b305c1c418aaad2dffe3587c245a0c7
tcn,independent_rms,101,bandpass_n20001_cLA_V3_V6_electrode_s10,phase2/results/predictions/full/independent_rms/tcn/seed_101/bandpass_n20001_cLA_V3_V6_electrode_s10.npz,76351,05da4979bfcfdc689b451bdf25d548a8dcacbe77c7ab03ad71f67f90eed1815a
tcn,independent_rms,101,bandpass_n20001_cLA_V3_V6_electrode_s5,phase2/results/predictions/full/independent_rms/tcn/seed_101/bandpass_n20001_cLA_V3_V6_electrode_s5.npz,76189,45cf7cdadfd38fe032d17dcd24d342887176a1614ba50f87854ad314f6768a26
tcn,independent_rms,101,bandpass_n20001_cLA_V3_V6_electrode_s0,phase2/results/predictions/full/independent_rms/tcn/seed_101/bandpass_n20001_cLA_V3_V6_electrode_s0.npz,75799,71cdbdfea6f4d61fec5c5456245ad980bf939960eee81425f0ca522b2bb0b65f
tcn,independent_rms,101,bandpass_n20001_cLA_V3_V6_covariance_s20,phase2/results/predictions/full/independent_rms/tcn/seed_101/bandpass_n20001_cLA_V3_V6_covariance_s20.npz,76406,a416676b68ed55f411214d93ffe5190fe0b2142ead55748cbe39912aa7d83bd8
tcn,independent_rms,101,bandpass_n20001_cLA_V3_V6_covariance_s15,phase2/results/predictions/full/independent_rms/tcn/seed_101/bandpass_n20001_cLA_V3_V6_covariance_s15.npz,76400,87c52a70ea616a245290f8b82f2cfc55bd2c391e7e4138550a9e9f4a9c383b6a
tcn,independent_rms,101,bandpass_n20001_cLA_V3_V6_covariance_s10,phase2/results/predictions/full/independent_rms/tcn/seed_101/bandpass_n20001_cLA_V3_V6_covariance_s10.npz,76347,504a7ab0c2ce094c59506f55a06b2f96a8b3cdfc3a3d96da53950626d179dff9
tcn,independent_rms,101,bandpass_n20001_cLA_V3_V6_covariance_s5,phase2/results/predictions/full/independent_rms/tcn/seed_101/bandpass_n20001_cLA_V3_V6_covariance_s5.npz,76167,c6e5087eabbf7079ee135b70473c781ddb1efed6219fb55fb20272e9fb7bf0a5
tcn,independent_rms,101,bandpass_n20001_cLA_V3_V6_covariance_s0,phase2/results/predictions/full/independent_rms/tcn/seed_101/bandpass_n20001_cLA_V3_V6_covariance_s0.npz,75841,5d0636b319c47428465f2cf7395ee851a6d4c7874dd1ec445d3d47c0c075441d
tcn,independent_rms,101,bandpass_n20001_cLL_V1_V4_independent_rms_s20,phase2/results/predictions/full/independent_rms/tcn/seed_101/bandpass_n20001_cLL_V1_V4_independent_rms_s20.npz,76398,bd72d678fc147477bc22606e0db0a44edcf9a16720aae1d9580956074245b7fc
tcn,independent_rms,101,bandpass_n20001_cLL_V1_V4_independent_rms_s15,phase2/results/predictions/full/independent_rms/tcn/seed_101/bandpass_n20001_cLL_V1_V4_independent_rms_s15.npz,76409,a5b6da7e85bef94ed2d33812543f48b7e7475ca706a481e0840fc9a584d207eb
tcn,independent_rms,101,bandpass_n20001_cLL_V1_V4_independent_rms_s10,phase2/results/predictions/full/independent_rms/tcn/seed_101/bandpass_n20001_cLL_V1_V4_independent_rms_s10.npz,76388,3eef7d7227d1e5b7aa8a9faef2d05617cb59b5c86b53e53da7ffedf18a06d23c
tcn,independent_rms,101,bandpass_n20001_cLL_V1_V4_independent_rms_s5,phase2/results/predictions/full/independent_rms/tcn/seed_101/bandpass_n20001_cLL_V1_V4_independent_rms_s5.npz,76252,46195ac3322ca93857106d0dfc7a9451ef5b724c185235f424058984baf913ce
tcn,independent_rms,101,bandpass_n20001_cLL_V1_V4_independent_rms_s0,phase2/results/predictions/full/independent_rms/tcn/seed_101/bandpass_n20001_cLL_V1_V4_independent_rms_s0.npz,75964,a17d96af667a421cc0dbbbbc0d2644209fac76066a79ba2bc5cb30e622cba09a
tcn,independent_rms,101,bandpass_n20001_cLL_V1_V4_electrode_s20,phase2/results/predictions/full/independent_rms/tcn/seed_101/bandpass_n20001_cLL_V1_V4_electrode_s20.npz,76405,5eb69797fe61025e294c6c4c1b82ed21de9fd3d009548257182634014d344f40
tcn,independent_rms,101,bandpass_n20001_cLL_V1_V4_electrode_s15,phase2/results/predictions/full/independent_rms/tcn/seed_101/bandpass_n20001_cLL_V1_V4_electrode_s15.npz,76410,7a6946c4227ff34f64b496aa780c28d20594e7d3371936f1bf6deef49ef15349
tcn,independent_rms,101,bandpass_n20001_cLL_V1_V4_electrode_s10,phase2/results/predictions/full/independent_rms/tcn/seed_101/bandpass_n20001_cLL_V1_V4_electrode_s10.npz,76353,facb32af61e3fa3086fcd5b37290797952bdf6b7b1458d5742aa3238ccc8cd8f
tcn,independent_rms,101,bandpass_n20001_cLL_V1_V4_electrode_s5,phase2/results/predictions/full/independent_rms/tcn/seed_101/bandpass_n20001_cLL_V1_V4_electrode_s5.npz,76172,bef2e475db9ed41bc28ffbc200354e3e146f7d7883b180f0cce5a43a2fa557b9
tcn,independent_rms,101,bandpass_n20001_cLL_V1_V4_electrode_s0,phase2/results/predictions/full/independent_rms/tcn/seed_101/bandpass_n20001_cLL_V1_V4_electrode_s0.npz,75813,259f4b6a002b3ab387678bc2f7ab8f3240b1bc80707003e07dfd31887ceb812d
tcn,independent_rms,101,bandpass_n20001_cLL_V1_V4_covariance_s20,phase2/results/predictions/full/independent_rms/tcn/seed_101/bandpass_n20001_cLL_V1_V4_covariance_s20.npz,76400,cd575a4b640fc492eff11c6b5eb414d72e056de3338c71e02de3b7a543f2adcc
tcn,independent_rms,101,bandpass_n20001_cLL_V1_V4_covariance_s15,phase2/results/predictions/full/independent_rms/tcn/seed_101/bandpass_n20001_cLL_V1_V4_covariance_s15.npz,76415,35a8181bec6bcf0c10c833d2706239e87f8ba783f2c7828ed20fc8dba21d205b
tcn,independent_rms,101,bandpass_n20001_cLL_V1_V4_covariance_s10,phase2/results/predictions/full/independent_rms/tcn/seed_101/bandpass_n20001_cLL_V1_V4_covariance_s10.npz,76373,975c58dc727268e9c6c95ae72104c9d022180d821d54737f78229b367510981a
tcn,independent_rms,101,bandpass_n20001_cLL_V1_V4_covariance_s5,phase2/results/predictions/full/independent_rms/tcn/seed_101/bandpass_n20001_cLL_V1_V4_covariance_s5.npz,76183,cd1802f5d7d5f645e9c08db478c3807e48f393fb4552f563239cf7024872a419
tcn,independent_rms,101,bandpass_n20001_cLL_V1_V4_covariance_s0,phase2/results/predictions/full/independent_rms/tcn/seed_101/bandpass_n20001_cLL_V1_V4_covariance_s0.npz,75809,2ef7f9003cb2722d73d2b06a1420876a96c33ad5756eb3b6fa726eb649e2cb59
tcn,independent_rms,101,bandpass_n20001_call_independent_rms_s20,phase2/results/predictions/full/independent_rms/tcn/seed_101/bandpass_n20001_call_independent_rms_s20.npz,76399,5ad34271c95b09fdcb702f1bb3a3cdda56b6c7f89e3a702c6683a1a00cb7318e
tcn,independent_rms,101,bandpass_n20001_call_independent_rms_s15,phase2/results/predictions/full/independent_rms/tcn/seed_101/bandpass_n20001_call_independent_rms_s15.npz,76352,ecb694c8f70b66dcd85c7bd440546cdb7f4b7f02ad29d7fc4293c31d9f21650b
tcn,independent_rms,101,bandpass_n20001_call_independent_rms_s10,phase2/results/predictions/full/independent_rms/tcn/seed_101/bandpass_n20001_call_independent_rms_s10.npz,76357,73a3276dc11733c2360dc88b6a6725d70848395d10152289d584bb12b5a7fe33
tcn,independent_rms,101,bandpass_n20001_call_independent_rms_s5,phase2/results/predictions/full/independent_rms/tcn/seed_101/bandpass_n20001_call_independent_rms_s5.npz,76233,0978e831b4471c45023bde3fcb318c1649910030dfbd16bb781da28ab01f0c2b
tcn,independent_rms,101,bandpass_n20001_call_independent_rms_s0,phase2/results/predictions/full/independent_rms/tcn/seed_101/bandpass_n20001_call_independent_rms_s0.npz,75964,d5af1aafcfbf0e60dbffd340e87213e0da621c73dc7585f6c00a75e881eb6f08
tcn,independent_rms,101,bandpass_n20001_call_electrode_s20,phase2/results/predictions/full/independent_rms/tcn/seed_101/bandpass_n20001_call_electrode_s20.npz,76369,5092c535d613adcf6f5c4bb0e35641043b5f4967b4993e4bd7c2af300ba4b3f4
tcn,independent_rms,101,bandpass_n20001_call_electrode_s15,phase2/results/predictions/full/independent_rms/tcn/seed_101/bandpass_n20001_call_electrode_s15.npz,76362,61813d3299519b36ea9ffb8b17d37e1f165116ebe834dcea7693861902c6b8b0
tcn,independent_rms,101,bandpass_n20001_call_electrode_s10,phase2/results/predictions/full/independent_rms/tcn/seed_101/bandpass_n20001_call_electrode_s10.npz,76319,9544cf4736696d3d832a1e485259ec3fc4b65cb2ccc7512d292f4e6b7360900c
tcn,independent_rms,101,bandpass_n20001_call_electrode_s5,phase2/results/predictions/full/independent_rms/tcn/seed_101/bandpass_n20001_call_electrode_s5.npz,76144,abaa6115cae17a9621fbfc6a73469d8b2c2d08d8186847be5a61105f89310962
tcn,independent_rms,101,bandpass_n20001_call_electrode_s0,phase2/results/predictions/full/independent_rms/tcn/seed_101/bandpass_n20001_call_electrode_s0.npz,75706,283dc193337e13e30eddc751c49219b74a93ec74d860aebbb049822cd0e56be8
tcn,independent_rms,101,bandpass_n20001_call_covariance_s20,phase2/results/predictions/full/independent_rms/tcn/seed_101/bandpass_n20001_call_covariance_s20.npz,76369,3ed380c54e74e1f89a42e012caf9b7ff0c5eb98881f1f820e1da0361b61e9e95
tcn,independent_rms,101,bandpass_n20001_call_covariance_s15,phase2/results/predictions/full/independent_rms/tcn/seed_101/bandpass_n20001_call_covariance_s15.npz,76351,3229bd2c7f8b2ceeab08cf45435e6b3f7738d542d0d9b28a48b9fafad4b101d8
tcn,independent_rms,101,bandpass_n20001_call_covariance_s10,phase2/results/predictions/full/independent_rms/tcn/seed_101/bandpass_n20001_call_covariance_s10.npz,76311,f68f7dd42d8806cb7e84d600edb6a1b7439a75b8c0be5f575687712aa1b0f411
tcn,independent_rms,101,bandpass_n20001_call_covariance_s5,phase2/results/predictions/full/independent_rms/tcn/seed_101/bandpass_n20001_call_covariance_s5.npz,76141,7b2423872349f7312e1c45cb660777e2f1aa4e03fb8a03124a2d366922d9fd47
tcn,independent_rms,101,bandpass_n20001_call_covariance_s0,phase2/results/predictions/full/independent_rms/tcn/seed_101/bandpass_n20001_call_covariance_s0.npz,75698,a41de6ddc103208f899518ac50d4c4bce8adb10bc9662fb8e95e3a5681cb5cef
tcn,independent_rms,101,bandpass_n20002_cRA_LA_LL_independent_rms_s20,phase2/results/predictions/full/independent_rms/tcn/seed_101/bandpass_n20002_cRA_LA_LL_independent_rms_s20.npz,76412,bf45b34c3faa512bd49dc462499b84b53ae2225d411eb5981fb9870481a6ce02
tcn,independent_rms,101,bandpass_n20002_cRA_LA_LL_independent_rms_s15,phase2/results/predictions/full/independent_rms/tcn/seed_101/bandpass_n20002_cRA_LA_LL_independent_rms_s15.npz,76395,5e02c0a39d6b1936ca445487d2c5a623c775381d624bfcb79ab456d831c638f4
tcn,independent_rms,101,bandpass_n20002_cRA_LA_LL_independent_rms_s10,phase2/results/predictions/full/independent_rms/tcn/seed_101/bandpass_n20002_cRA_LA_LL_independent_rms_s10.npz,76364,66ad3a6c52eba9d779e35aa6b3e4c668951b0fd2b7226c20f5692c8cb6feb25d
tcn,independent_rms,101,bandpass_n20002_cRA_LA_LL_independent_rms_s5,phase2/results/predictions/full/independent_rms/tcn/seed_101/bandpass_n20002_cRA_LA_LL_independent_rms_s5.npz,76273,ddf69197701d6ddd8630dbe6256b0af69c907d9a4d4040c367f2d4c5c7f9e4ac
tcn,independent_rms,101,bandpass_n20002_cRA_LA_LL_independent_rms_s0,phase2/results/predictions/full/independent_rms/tcn/seed_101/bandpass_n20002_cRA_LA_LL_independent_rms_s0.npz,75974,c656eecf1d80cc2e05d81784ba193a87d1876bc2fa29a7d622ec6ff6b41ac8da
tcn,independent_rms,101,bandpass_n20002_cRA_LA_LL_electrode_s20,phase2/results/predictions/full/independent_rms/tcn/seed_101/bandpass_n20002_cRA_LA_LL_electrode_s20.npz,76411,5c741228649b4c261897cf57311c910e5231a4ddeeb5bad4a7525d7656cccabc
tcn,independent_rms,101,bandpass_n20002_cRA_LA_LL_electrode_s15,phase2/results/predictions/full/independent_rms/tcn/seed_101/bandpass_n20002_cRA_LA_LL_electrode_s15.npz,76336,349929ae9d884de392f8f01fd4d95be3c6bd31af489758172e16d0628a482319
tcn,independent_rms,101,bandpass_n20002_cRA_LA_LL_electrode_s10,phase2/results/predictions/full/independent_rms/tcn/seed_101/bandpass_n20002_cRA_LA_LL_electrode_s10.npz,76312,afc1ea7ff4ea4373bbf25cc3fa3a237b37c88f7fa422edc1d0ab06d7310d94b1
tcn,independent_rms,101,bandpass_n20002_cRA_LA_LL_electrode_s5,phase2/results/predictions/full/independent_rms/tcn/seed_101/bandpass_n20002_cRA_LA_LL_electrode_s5.npz,76069,d6473e189d0a8fdf78ba843bcb296e408e6992e45009b534c11ad3e2776ae455
tcn,independent_rms,101,bandpass_n20002_cRA_LA_LL_electrode_s0,phase2/results/predictions/full/independent_rms/tcn/seed_101/bandpass_n20002_cRA_LA_LL_electrode_s0.npz,75675,0df0f865f5ef1143982cd01f0ab5f0357340742ae1cf49a51778293cf4a2c680
tcn,independent_rms,101,bandpass_n20002_cRA_LA_LL_covariance_s20,phase2/results/predictions/full/independent_rms/tcn/seed_101/bandpass_n20002_cRA_LA_LL_covariance_s20.npz,76402,4211195532db92f87ab0a7546e458da75ffce57e539cd7c2c2ff27c68870036b
tcn,independent_rms,101,bandpass_n20002_cRA_LA_LL_covariance_s15,phase2/results/predictions/full/independent_rms/tcn/seed_101/bandpass_n20002_cRA_LA_LL_covariance_s15.npz,76388,922346164096430cd3e579e7cff8d528b5e9e9154efb1ec2e53ab9d9a11b829c
tcn,independent_rms,101,bandpass_n20002_cRA_LA_LL_covariance_s10,phase2/results/predictions/full/independent_rms/tcn/seed_101/bandpass_n20002_cRA_LA_LL_covariance_s10.npz,76285,2748f457a8b4f36377ee99e78a1466adcf47144e6c43d4786fe4d0874867f4cd
tcn,independent_rms,101,bandpass_n20002_cRA_LA_LL_covariance_s5,phase2/results/predictions/full/independent_rms/tcn/seed_101/bandpass_n20002_cRA_LA_LL_covariance_s5.npz,76111,59f03e0fe71cb7f57c6f09bf1d93a15de724820f4c33eae8b147ac929e96a995
tcn,independent_rms,101,bandpass_n20002_cRA_LA_LL_covariance_s0,phase2/results/predictions/full/independent_rms/tcn/seed_101/bandpass_n20002_cRA_LA_LL_covariance_s0.npz,75630,c510d970daa895500d8c2f8fb9343e4595c2c695b6e67e934556ab848c865a05
tcn,independent_rms,101,bandpass_n20002_cV1_independent_rms_s20,phase2/results/predictions/full/independent_rms/tcn/seed_101/bandpass_n20002_cV1_independent_rms_s20.npz,76398,26b331b900b42b3ad9383f76c817cd41f1740fe6bcb97c4566141378622aef43
tcn,independent_rms,101,bandpass_n20002_cV1_independent_rms_s15,phase2/results/predictions/full/independent_rms/tcn/seed_101/bandpass_n20002_cV1_independent_rms_s15.npz,76379,5275cf4534d0ba749d5cbc6154b0223ac77d89797dc85d45c13397fda3bf2ff1
tcn,independent_rms,101,bandpass_n20002_cV1_independent_rms_s10,phase2/results/predictions/full/independent_rms/tcn/seed_101/bandpass_n20002_cV1_independent_rms_s10.npz,76337,211396d083bad4a1aeb322e11192ef3712ab9c20b55f875241120901a5df9be7
tcn,independent_rms,101,bandpass_n20002_cV1_independent_rms_s5,phase2/results/predictions/full/independent_rms/tcn/seed_101/bandpass_n20002_cV1_independent_rms_s5.npz,76209,31d6431daeeb95f51a6d872d7cc03b876a399318280faff4cc0a448a62f048eb
tcn,independent_rms,101,bandpass_n20002_cV1_independent_rms_s0,phase2/results/predictions/full/independent_rms/tcn/seed_101/bandpass_n20002_cV1_independent_rms_s0.npz,75866,bc2f6ce0dca8ef98aa634d7b179b94f406fb1d582914847ed2288da1cf73ccd2
tcn,independent_rms,101,bandpass_n20002_cV1_electrode_s20,phase2/results/predictions/full/independent_rms/tcn/seed_101/bandpass_n20002_cV1_electrode_s20.npz,76368,333ee49996944902657ffd7578e9dcb834eca75a427c0595d6f963b5b9d66157
tcn,independent_rms,101,bandpass_n20002_cV1_electrode_s15,phase2/results/predictions/full/independent_rms/tcn/seed_101/bandpass_n20002_cV1_electrode_s15.npz,76368,de4de5c2e4288aa5b420279cd0d52a6d27ecadaf1cc5e79240dcd167b5e4b3cc
tcn,independent_rms,101,bandpass_n20002_cV1_electrode_s10,phase2/results/predictions/full/independent_rms/tcn/seed_101/bandpass_n20002_cV1_electrode_s10.npz,76355,e7fa8506c27bcf5daa3bc7f410693a7a9ce1167de1e8cf8e2ca978789b4d0c30
tcn,independent_rms,101,bandpass_n20002_cV1_electrode_s5,phase2/results/predictions/full/independent_rms/tcn/seed_101/bandpass_n20002_cV1_electrode_s5.npz,76170,09c4e91e106beb410af3dafd856347a212bf888b1724fadfd0dffd6f5a68e492
tcn,independent_rms,101,bandpass_n20002_cV1_electrode_s0,phase2/results/predictions/full/independent_rms/tcn/seed_101/bandpass_n20002_cV1_electrode_s0.npz,75815,0d74c32ac16058771f7f9d8734f922d5bd5082f817f1e5b7c211401b9c775379
tcn,independent_rms,101,bandpass_n20002_cV1_covariance_s20,phase2/results/predictions/full/independent_rms/tcn/seed_101/bandpass_n20002_cV1_covariance_s20.npz,76380,a7f447089eaf3a06290339b6ee65e1ffcde341aab678beaf2895d30df4743ce4
tcn,independent_rms,101,bandpass_n20002_cV1_covariance_s15,phase2/results/predictions/full/independent_rms/tcn/seed_101/bandpass_n20002_cV1_covariance_s15.npz,76351,4cfc656974cebb86ef31cda74ccc3af13799aa623b10320778931ee7e3936e4d
tcn,independent_rms,101,bandpass_n20002_cV1_covariance_s10,phase2/results/predictions/full/independent_rms/tcn/seed_101/bandpass_n20002_cV1_covariance_s10.npz,76338,1979716f246351a3141653c6e4b66914b636ae10f0d383c7c189c4fc50a29bfd
tcn,independent_rms,101,bandpass_n20002_cV1_covariance_s5,phase2/results/predictions/full/independent_rms/tcn/seed_101/bandpass_n20002_cV1_covariance_s5.npz,76169,aea438dfaa3e144c30991f5d0364d4f728d49a7d28c4254867a0070d642895fe
tcn,independent_rms,101,bandpass_n20002_cV1_covariance_s0,phase2/results/predictions/full/independent_rms/tcn/seed_101/bandpass_n20002_cV1_covariance_s0.npz,75832,487562a1bdbb59c9f1c7d3b4807c71c20254066eeab299db301d64d738a06730
tcn,independent_rms,101,bandpass_n20002_cV2_independent_rms_s20,phase2/results/predictions/full/independent_rms/tcn/seed_101/bandpass_n20002_cV2_independent_rms_s20.npz,76413,5e878831fab09d9d0aed6fd29a726ff74c7af3318d7161335c51126113eb56ed
tcn,independent_rms,101,bandpass_n20002_cV2_independent_rms_s15,phase2/results/predictions/full/independent_rms/tcn/seed_101/bandpass_n20002_cV2_independent_rms_s15.npz,76379,797b934a754fc1d054b7dc7120c573c9c00d46a34716872eab95cf9a8e396ec7
tcn,independent_rms,101,bandpass_n20002_cV2_independent_rms_s10,phase2/results/predictions/full/independent_rms/tcn/seed_101/bandpass_n20002_cV2_independent_rms_s10.npz,76389,e0d55b115e7480e2e404ff4e3a36aec7ec524216c2f33abac7c2bb298c8cad8a
tcn,independent_rms,101,bandpass_n20002_cV2_independent_rms_s5,phase2/results/predictions/full/independent_rms/tcn/seed_101/bandpass_n20002_cV2_independent_rms_s5.npz,76257,880f09f3e28700ae0c7291304eee3c32a6e60c9629920b8814aef3460b56370f
tcn,independent_rms,101,bandpass_n20002_cV2_independent_rms_s0,phase2/results/predictions/full/independent_rms/tcn/seed_101/bandpass_n20002_cV2_independent_rms_s0.npz,76051,2e84392a994d43dc98d74e67035ff0d397417d190259915bcd9c2a863bcf2bd5
tcn,independent_rms,101,bandpass_n20002_cV2_electrode_s20,phase2/results/predictions/full/independent_rms/tcn/seed_101/bandpass_n20002_cV2_electrode_s20.npz,76365,b25dd8095c17ca252f51ae279ee28b499c2eac458e27371f4a86adf4c99622e6
tcn,independent_rms,101,bandpass_n20002_cV2_electrode_s15,phase2/results/predictions/full/independent_rms/tcn/seed_101/bandpass_n20002_cV2_electrode_s15.npz,76360,2dc18f7f421a5a46c2acd3a020dbcc3a8b281637db5428f0b786db77175e3c44
tcn,independent_rms,101,bandpass_n20002_cV2_electrode_s10,phase2/results/predictions/full/independent_rms/tcn/seed_101/bandpass_n20002_cV2_electrode_s10.npz,76323,57edb4a0349a662edcc2e29a1a1ded4ee490b4677dbbe5343fd592e14f319e64
tcn,independent_rms,101,bandpass_n20002_cV2_electrode_s5,phase2/results/predictions/full/independent_rms/tcn/seed_101/bandpass_n20002_cV2_electrode_s5.npz,76280,dcc27e973d044ee1c84d61570785d3bfbfbb0a98765fce3c0345f2abd6760e8d
tcn,independent_rms,101,bandpass_n20002_cV2_electrode_s0,phase2/results/predictions/full/independent_rms/tcn/seed_101/bandpass_n20002_cV2_electrode_s0.npz,76015,e66dd6dde7ed4bf1cb79da7d5dc88bc6d3e4daf0b1559ec3659c340a28edb804
tcn,independent_rms,101,bandpass_n20002_cV2_covariance_s20,phase2/results/predictions/full/independent_rms/tcn/seed_101/bandpass_n20002_cV2_covariance_s20.npz,76355,c00e222bd94af8d658c6a31b2bd405aaab3d127916e98182ed48d28c2822e041
tcn,independent_rms,101,bandpass_n20002_cV2_covariance_s15,phase2/results/predictions/full/independent_rms/tcn/seed_101/bandpass_n20002_cV2_covariance_s15.npz,76362,a63f769ed282e1c8b012602fc3fcd3b47301f22a3a04d10691cfe74c6f1d18a4
tcn,independent_rms,101,bandpass_n20002_cV2_covariance_s10,phase2/results/predictions/full/independent_rms/tcn/seed_101/bandpass_n20002_cV2_covariance_s10.npz,76368,6a56265e042ef0aa70638e2ca97be8bea1c11f9cc3362c75c9d7add7163b6aa1
tcn,independent_rms,101,bandpass_n20002_cV2_covariance_s5,phase2/results/predictions/full/independent_rms/tcn/seed_101/bandpass_n20002_cV2_covariance_s5.npz,76249,3cc778ba1d0594f5301e6c13abce768a297754412da9b5880806d5eb2b5421e3
tcn,independent_rms,101,bandpass_n20002_cV2_covariance_s0,phase2/results/predictions/full/independent_rms/tcn/seed_101/bandpass_n20002_cV2_covariance_s0.npz,76025,3583c76f0de124dc8120f41dada9c79fc1fdd604222d357fb4c6540f8d68edf2
tcn,independent_rms,101,bandpass_n20002_cV3_independent_rms_s20,phase2/results/predictions/full/independent_rms/tcn/seed_101/bandpass_n20002_cV3_independent_rms_s20.npz,76404,c115665272430b8aa7bc65cdaee00f4f12452a6a5e5002eac1c53aaa35200097
tcn,independent_rms,101,bandpass_n20002_cV3_independent_rms_s15,phase2/results/predictions/full/independent_rms/tcn/seed_101/bandpass_n20002_cV3_independent_rms_s15.npz,76379,44266e1ac151d7dc89cd871167f10b9e6181d14ba3981f52be5791b04d64f622
tcn,independent_rms,101,bandpass_n20002_cV3_independent_rms_s10,phase2/results/predictions/full/independent_rms/tcn/seed_101/bandpass_n20002_cV3_independent_rms_s10.npz,76370,e49aacc6a562f2d476c8e6351f1945920730dfbf70239b6a08d8bb2f41b9a846
tcn,independent_rms,101,bandpass_n20002_cV3_independent_rms_s5,phase2/results/predictions/full/independent_rms/tcn/seed_101/bandpass_n20002_cV3_independent_rms_s5.npz,76291,735c71071fc0cd0d31e02f8198dae7aae5db2997288ddb7a08c56fea57970266
tcn,independent_rms,101,bandpass_n20002_cV3_independent_rms_s0,phase2/results/predictions/full/independent_rms/tcn/seed_101/bandpass_n20002_cV3_independent_rms_s0.npz,76028,ca5760e6522e12d5b28e1b853d4694575730e652b4d7baff06072c2ad5f6a755
tcn,independent_rms,101,bandpass_n20002_cV3_electrode_s20,phase2/results/predictions/full/independent_rms/tcn/seed_101/bandpass_n20002_cV3_electrode_s20.npz,76376,26f408554cb27b41ad97fa6722ede5b63bb5d47ddbd5d14bd2d0f8cc916f0499
tcn,independent_rms,101,bandpass_n20002_cV3_electrode_s15,phase2/results/predictions/full/independent_rms/tcn/seed_101/bandpass_n20002_cV3_electrode_s15.npz,76374,c754f1d5616c46a2e773736352f19f9308f70d2f586c1f5bda5a39a693c64c44
tcn,independent_rms,101,bandpass_n20002_cV3_electrode_s10,phase2/results/predictions/full/independent_rms/tcn/seed_101/bandpass_n20002_cV3_electrode_s10.npz,76316,6cf7a4bda689a06b67487edb64e2b45326605cfd257408e7499567063798e894
tcn,independent_rms,101,bandpass_n20002_cV3_electrode_s5,phase2/results/predictions/full/independent_rms/tcn/seed_101/bandpass_n20002_cV3_electrode_s5.npz,76278,34ff2d8b91a96730b25589ba7cdc054140920753763998e6e11d61dc2d33377f
tcn,independent_rms,101,bandpass_n20002_cV3_electrode_s0,phase2/results/predictions/full/independent_rms/tcn/seed_101/bandpass_n20002_cV3_electrode_s0.npz,76033,073deda734e7c0bf6611f4a82e16049b654ae5c5de127254a74f3dc9a746a8e6
tcn,independent_rms,101,bandpass_n20002_cV3_covariance_s20,phase2/results/predictions/full/independent_rms/tcn/seed_101/bandpass_n20002_cV3_covariance_s20.npz,76396,4a4d6d26ee17c77e98533d5e86ed8f9d02f11e26a703ee990a4a7753f47bb326
tcn,independent_rms,101,bandpass_n20002_cV3_covariance_s15,phase2/results/predictions/full/independent_rms/tcn/seed_101/bandpass_n20002_cV3_covariance_s15.npz,76359,4d5f48cfa0f16a5dc2463dfd65e986ed5da3c7fe0fc5d60ab1ddf8e8d1bd8b23
tcn,independent_rms,101,bandpass_n20002_cV3_covariance_s10,phase2/results/predictions/full/independent_rms/tcn/seed_101/bandpass_n20002_cV3_covariance_s10.npz,76354,54425ef38b11fa7eff5b531d565f2fc5d22d2fa4e9f1aa5ca017a3f0f1bd23a2
tcn,independent_rms,101,bandpass_n20002_cV3_covariance_s5,phase2/results/predictions/full/independent_rms/tcn/seed_101/bandpass_n20002_cV3_covariance_s5.npz,76261,b0e341b9c8207c04d6eda020e13fc42083ebbf339d765901cdd9a4651aa09696
tcn,independent_rms,101,bandpass_n20002_cV3_covariance_s0,phase2/results/predictions/full/independent_rms/tcn/seed_101/bandpass_n20002_cV3_covariance_s0.npz,76017,39c04f32e5e8631f21085b83d4bec8495940bbbf53891949a41f0662de352fe8
tcn,independent_rms,101,bandpass_n20002_cV4_independent_rms_s20,phase2/results/predictions/full/independent_rms/tcn/seed_101/bandpass_n20002_cV4_independent_rms_s20.npz,76402,aafd740b1a56e65ef15c7dc948d4f0fa274d7bf0da25ffcf888e7a64d016138f
tcn,independent_rms,101,bandpass_n20002_cV4_independent_rms_s15,phase2/results/predictions/full/independent_rms/tcn/seed_101/bandpass_n20002_cV4_independent_rms_s15.npz,76392,01588d5fe13d2bd1b4580d6d8ad5d6cf8ed13f9563eeaf36ec80f2caf32d17aa
tcn,independent_rms,101,bandpass_n20002_cV4_independent_rms_s10,phase2/results/predictions/full/independent_rms/tcn/seed_101/bandpass_n20002_cV4_independent_rms_s10.npz,76368,994b62a5cbe280342600ad05926bad2f08f16a6f4f93dc053013c204cd345fd2
tcn,independent_rms,101,bandpass_n20002_cV4_independent_rms_s5,phase2/results/predictions/full/independent_rms/tcn/seed_101/bandpass_n20002_cV4_independent_rms_s5.npz,76333,344815bf553611956ded7433806f351c5dcafcadc12c092ffb5662bf30497e79
tcn,independent_rms,101,bandpass_n20002_cV4_independent_rms_s0,phase2/results/predictions/full/independent_rms/tcn/seed_101/bandpass_n20002_cV4_independent_rms_s0.npz,76121,93fbe8a136b62beffa3d178f327f28de7630ae74a9587ad0ad5f27f7f0839f2c
tcn,independent_rms,101,bandpass_n20002_cV4_electrode_s20,phase2/results/predictions/full/independent_rms/tcn/seed_101/bandpass_n20002_cV4_electrode_s20.npz,76375,eb9b29767cad9785e2e6ef02e1f533fe131a36d31768258ed0f06581c2f8c190
tcn,independent_rms,101,bandpass_n20002_cV4_electrode_s15,phase2/results/predictions/full/independent_rms/tcn/seed_101/bandpass_n20002_cV4_electrode_s15.npz,76364,058409f4919ddcf8135c6369c1b4e61645869a95068dcc589ca4dc21582b876d
tcn,independent_rms,101,bandpass_n20002_cV4_electrode_s10,phase2/results/predictions/full/independent_rms/tcn/seed_101/bandpass_n20002_cV4_electrode_s10.npz,76343,1ca99b02c41bd5cb8d977bf2495dc5bc53b840a29c42a92f615e6b0bfbe87ecf
tcn,independent_rms,101,bandpass_n20002_cV4_electrode_s5,phase2/results/predictions/full/independent_rms/tcn/seed_101/bandpass_n20002_cV4_electrode_s5.npz,76292,25b4e50ba6cedc50445e09f7fc29f029e136cf4257c3af96b0a0a11f8f3f515f
tcn,independent_rms,101,bandpass_n20002_cV4_electrode_s0,phase2/results/predictions/full/independent_rms/tcn/seed_101/bandpass_n20002_cV4_electrode_s0.npz,76083,18a1b2b1ec6584832a3b8a63e4c74fb0d86c0bf3497d7b25691ac9ef689acbb6
tcn,independent_rms,101,bandpass_n20002_cV4_covariance_s20,phase2/results/predictions/full/independent_rms/tcn/seed_101/bandpass_n20002_cV4_covariance_s20.npz,76373,0101609369b6007d9cc284875257988a83205d1f41cd4d22ad83be724a9a1f99
tcn,independent_rms,101,bandpass_n20002_cV4_covariance_s15,phase2/results/predictions/full/independent_rms/tcn/seed_101/bandpass_n20002_cV4_covariance_s15.npz,76366,4d9378779b31a051317159df4a658e43b8850292d09b6b4988c5c641354c514b
tcn,independent_rms,101,bandpass_n20002_cV4_covariance_s10,phase2/results/predictions/full/independent_rms/tcn/seed_101/bandpass_n20002_cV4_covariance_s10.npz,76335,ab156bde5c8a3415eb5689028607aafb20a89b6197db5c2a224c6d642cc28a31
tcn,independent_rms,101,bandpass_n20002_cV4_covariance_s5,phase2/results/predictions/full/independent_rms/tcn/seed_101/bandpass_n20002_cV4_covariance_s5.npz,76332,dcbea7fce0a4b666b085e7fca56ccaf64723c2a1f5f1a2d71e5c87c4723a0cbe
tcn,independent_rms,101,bandpass_n20002_cV4_covariance_s0,phase2/results/predictions/full/independent_rms/tcn/seed_101/bandpass_n20002_cV4_covariance_s0.npz,76116,88bcfda0bbc8f6ddec35650f7baa050495ee9346893e801a18df7523f4388879
tcn,independent_rms,101,bandpass_n20002_cV5_independent_rms_s20,phase2/results/predictions/full/independent_rms/tcn/seed_101/bandpass_n20002_cV5_independent_rms_s20.npz,76357,78db228c7b6be41510dd12406a7b37858da63542a808b01b604668d14470b83f
tcn,independent_rms,101,bandpass_n20002_cV5_independent_rms_s15,phase2/results/predictions/full/independent_rms/tcn/seed_101/bandpass_n20002_cV5_independent_rms_s15.npz,76408,aee702cf1a6bdff3e982c6e4505c89c30087730b7757d2fa5f53762c50ced31a
tcn,independent_rms,101,bandpass_n20002_cV5_independent_rms_s10,phase2/results/predictions/full/independent_rms/tcn/seed_101/bandpass_n20002_cV5_independent_rms_s10.npz,76364,1c312204ad75d4a5c42b707355b7cf13cb2b0f2435bc1172fc5b0ce020594e70
tcn,independent_rms,101,bandpass_n20002_cV5_independent_rms_s5,phase2/results/predictions/full/independent_rms/tcn/seed_101/bandpass_n20002_cV5_independent_rms_s5.npz,76287,e6543e2a5100128972346dc7d7fa80f6e1bca3d3a7eb6393216d3bc14b2fcf44
tcn,independent_rms,101,bandpass_n20002_cV5_independent_rms_s0,phase2/results/predictions/full/independent_rms/tcn/seed_101/bandpass_n20002_cV5_independent_rms_s0.npz,76041,689c1357a352e2edbf195594b8109bac0b87c03c99d05ccde84a2743f0eeb2b1
tcn,independent_rms,101,bandpass_n20002_cV5_electrode_s20,phase2/results/predictions/full/independent_rms/tcn/seed_101/bandpass_n20002_cV5_electrode_s20.npz,76379,9ce69fedf48efe2b27fdc3b12d0529739ab5a12ca4f1d123927cff5293d4e804
tcn,independent_rms,101,bandpass_n20002_cV5_electrode_s15,phase2/results/predictions/full/independent_rms/tcn/seed_101/bandpass_n20002_cV5_electrode_s15.npz,76375,82ebf405324b37acfc6eb6c1a88481efee8100bc6501c8137bcf56cbf728715d
tcn,independent_rms,101,bandpass_n20002_cV5_electrode_s10,phase2/results/predictions/full/independent_rms/tcn/seed_101/bandpass_n20002_cV5_electrode_s10.npz,76381,06e0021c466be1d3b7bb67013a14f3c84df578c1a88add8d84bfe1ed57484a33
tcn,independent_rms,101,bandpass_n20002_cV5_electrode_s5,phase2/results/predictions/full/independent_rms/tcn/seed_101/bandpass_n20002_cV5_electrode_s5.npz,76285,df371586e9b15f5aa3071d95ff3af974a55f2ff188be7c11d92ca600648757bd
tcn,independent_rms,101,bandpass_n20002_cV5_electrode_s0,phase2/results/predictions/full/independent_rms/tcn/seed_101/bandpass_n20002_cV5_electrode_s0.npz,76029,2344a81bf1af929d0abe4f8ac0e358785960e73fdf192fe12d6121df7a11280a
tcn,independent_rms,101,bandpass_n20002_cV5_covariance_s20,phase2/results/predictions/full/independent_rms/tcn/seed_101/bandpass_n20002_cV5_covariance_s20.npz,76359,06632a90b82b44545b060ee334aec668bc5a8afa957e082d529e3c00d7c9961d
tcn,independent_rms,101,bandpass_n20002_cV5_covariance_s15,phase2/results/predictions/full/independent_rms/tcn/seed_101/bandpass_n20002_cV5_covariance_s15.npz,76379,b9802da690dede1995701414b5615e08976df60ddfc2f05df94f4465d7a47982
tcn,independent_rms,101,bandpass_n20002_cV5_covariance_s10,phase2/results/predictions/full/independent_rms/tcn/seed_101/bandpass_n20002_cV5_covariance_s10.npz,76371,7a36164badd822db93022b9add344ec1d40039df637d3a0e20b821ad62d19608
tcn,independent_rms,101,bandpass_n20002_cV5_covariance_s5,phase2/results/predictions/full/independent_rms/tcn/seed_101/bandpass_n20002_cV5_covariance_s5.npz,76283,9bbc76ff34b7dd6e42e3a962c9b4699c8a9b43025f3a34aae7c4b510b36bef6c
tcn,independent_rms,101,bandpass_n20002_cV5_covariance_s0,phase2/results/predictions/full/independent_rms/tcn/seed_101/bandpass_n20002_cV5_covariance_s0.npz,76063,c81c6a99a7456b6dfa7e5168f9241b1d1040b3fc30d30d61ca09ebe95f34df7f
tcn,independent_rms,101,bandpass_n20002_cV6_independent_rms_s20,phase2/results/predictions/full/independent_rms/tcn/seed_101/bandpass_n20002_cV6_independent_rms_s20.npz,76383,fdb5bf626f5ed5db53f33451f35dc3bf5d631eaca6b9468cc17636ff0be935d1
tcn,independent_rms,101,bandpass_n20002_cV6_independent_rms_s15,phase2/results/predictions/full/independent_rms/tcn/seed_101/bandpass_n20002_cV6_independent_rms_s15.npz,76387,fe2b7e7830e80d96662675276a814aa37629bd0e88537d280d6e9147fd8fa763
tcn,independent_rms,101,bandpass_n20002_cV6_independent_rms_s10,phase2/results/predictions/full/independent_rms/tcn/seed_101/bandpass_n20002_cV6_independent_rms_s10.npz,76369,feecd132bd91f042b12816bffc1e4f1112b949d609fea60689fe7afd362adec2
tcn,independent_rms,101,bandpass_n20002_cV6_independent_rms_s5,phase2/results/predictions/full/independent_rms/tcn/seed_101/bandpass_n20002_cV6_independent_rms_s5.npz,76294,4bdbf68e8f5e5cc61899f3e1753f0078e398869261aecd74a8e2d88fa374f884
tcn,independent_rms,101,bandpass_n20002_cV6_independent_rms_s0,phase2/results/predictions/full/independent_rms/tcn/seed_101/bandpass_n20002_cV6_independent_rms_s0.npz,76081,81e655624e85aa01b1d3c810b02e3918e79a72b5dce113f766bd6af6a3b70a47
tcn,independent_rms,101,bandpass_n20002_cV6_electrode_s20,phase2/results/predictions/full/independent_rms/tcn/seed_101/bandpass_n20002_cV6_electrode_s20.npz,76381,9ac25cef4475d6d9e4140df124e6afc20079be05972d5cbc3d163a4083e0ff7d
tcn,independent_rms,101,bandpass_n20002_cV6_electrode_s15,phase2/results/predictions/full/independent_rms/tcn/seed_101/bandpass_n20002_cV6_electrode_s15.npz,76384,32b66b6cffc00ea9a208c6f9796f08f0bed2a964d264c1b51d6b050ec87bcd88
tcn,independent_rms,101,bandpass_n20002_cV6_electrode_s10,phase2/results/predictions/full/independent_rms/tcn/seed_101/bandpass_n20002_cV6_electrode_s10.npz,76352,06325f9713be7077b0057249bed6d9fecdd61adb1443a0e3bb50e4b535bffb19
tcn,independent_rms,101,bandpass_n20002_cV6_electrode_s5,phase2/results/predictions/full/independent_rms/tcn/seed_101/bandpass_n20002_cV6_electrode_s5.npz,76312,5685e9133d2571828e3bb8b75f377cd11b2cb1c92690685934a713c73e29394c
tcn,independent_rms,101,bandpass_n20002_cV6_electrode_s0,phase2/results/predictions/full/independent_rms/tcn/seed_101/bandpass_n20002_cV6_electrode_s0.npz,76096,06c41063d37b0cfe77d081fd6fff8e1c0314adbe1c7774e8b32501390d5932b1
tcn,independent_rms,101,bandpass_n20002_cV6_covariance_s20,phase2/results/predictions/full/independent_rms/tcn/seed_101/bandpass_n20002_cV6_covariance_s20.npz,76402,c2bcaaa2aa71f52af82d189d24212cc78dfa1c56e4a81ace2d3b737d6ac0e971
tcn,independent_rms,101,bandpass_n20002_cV6_covariance_s15,phase2/results/predictions/full/independent_rms/tcn/seed_101/bandpass_n20002_cV6_covariance_s15.npz,76375,d1520230a6a73c0a37f3e46ca0a862a63ee570e95bc022802916383b4c094dbf
tcn,independent_rms,101,bandpass_n20002_cV6_covariance_s10,phase2/results/predictions/full/independent_rms/tcn/seed_101/bandpass_n20002_cV6_covariance_s10.npz,76357,dba0701ace94f0cdf656fec0404d2bd1ea7819f488bab0cdb986f9759def4e43
tcn,independent_rms,101,bandpass_n20002_cV6_covariance_s5,phase2/results/predictions/full/independent_rms/tcn/seed_101/bandpass_n20002_cV6_covariance_s5.npz,76306,137c5c52fb01c49f86bcbca85510b54585e23a0660f0a1bc52768a1ac6d7ce76
tcn,independent_rms,101,bandpass_n20002_cV6_covariance_s0,phase2/results/predictions/full/independent_rms/tcn/seed_101/bandpass_n20002_cV6_covariance_s0.npz,76090,63a8d1c8149b48c3702e20f5c3ab5780c7d40229ec421cebbe8f6e1a5995c624
tcn,independent_rms,101,bandpass_n20002_cRA_LA_independent_rms_s20,phase2/results/predictions/full/independent_rms/tcn/seed_101/bandpass_n20002_cRA_LA_independent_rms_s20.npz,76415,cdbbf67b37a79eeaf864978a9ee276910cb169f8e56bbacd118031fd8647fc2d
tcn,independent_rms,101,bandpass_n20002_cRA_LA_independent_rms_s15,phase2/results/predictions/full/independent_rms/tcn/seed_101/bandpass_n20002_cRA_LA_independent_rms_s15.npz,76385,e6c186e35f3c81b05b1fd7d7386599314d93777dcf87eae896b16203ad95fc91
tcn,independent_rms,101,bandpass_n20002_cRA_LA_independent_rms_s10,phase2/results/predictions/full/independent_rms/tcn/seed_101/bandpass_n20002_cRA_LA_independent_rms_s10.npz,76376,3a32c62fa9e6ec6982ec7c3e48c617d852d1d7842cedcc5dbebc479a0e7c97af
tcn,independent_rms,101,bandpass_n20002_cRA_LA_independent_rms_s5,phase2/results/predictions/full/independent_rms/tcn/seed_101/bandpass_n20002_cRA_LA_independent_rms_s5.npz,76240,a9cf05fc554e4593a987be2ab979706dc2eb6db9cd1c0c99494aa57e4af6e721
tcn,independent_rms,101,bandpass_n20002_cRA_LA_independent_rms_s0,phase2/results/predictions/full/independent_rms/tcn/seed_101/bandpass_n20002_cRA_LA_independent_rms_s0.npz,76011,a98f8c5ce574d3f2001d92428bfede77e34bfa5a694d55782dba710fa7c21380
tcn,independent_rms,101,bandpass_n20002_cRA_LA_electrode_s20,phase2/results/predictions/full/independent_rms/tcn/seed_101/bandpass_n20002_cRA_LA_electrode_s20.npz,76377,6a6c45dd96349d77d632017540fe4c80c771e977a10ef8696aacd571cd6d4df5
tcn,independent_rms,101,bandpass_n20002_cRA_LA_electrode_s15,phase2/results/predictions/full/independent_rms/tcn/seed_101/bandpass_n20002_cRA_LA_electrode_s15.npz,76366,fb2a431c469dd66f38e3aedb839bb0ee3f805631f216b5b869a91b265e6fe1c3
tcn,independent_rms,101,bandpass_n20002_cRA_LA_electrode_s10,phase2/results/predictions/full/independent_rms/tcn/seed_101/bandpass_n20002_cRA_LA_electrode_s10.npz,76305,5947e19e48383f16b267c79a0d8d1f729a7a767324137e415ea3cb4343b06340
tcn,independent_rms,101,bandpass_n20002_cRA_LA_electrode_s5,phase2/results/predictions/full/independent_rms/tcn/seed_101/bandpass_n20002_cRA_LA_electrode_s5.npz,76106,6f0597fedd09f4e263452ee6d5920a9bc44160dce8c5fff81a03d6e4b0e2e2b0
tcn,independent_rms,101,bandpass_n20002_cRA_LA_electrode_s0,phase2/results/predictions/full/independent_rms/tcn/seed_101/bandpass_n20002_cRA_LA_electrode_s0.npz,75673,896d68416d1d1e1654056eff87d1d7eb293bcdbf33d35b359df945bf8cf156a7
tcn,independent_rms,101,bandpass_n20002_cRA_LA_covariance_s20,phase2/results/predictions/full/independent_rms/tcn/seed_101/bandpass_n20002_cRA_LA_covariance_s20.npz,76374,8645726ff5c3b58c59a66f40a8d61deb855167c1b7ef80fbc2add8e3864a0db9
tcn,independent_rms,101,bandpass_n20002_cRA_LA_covariance_s15,phase2/results/predictions/full/independent_rms/tcn/seed_101/bandpass_n20002_cRA_LA_covariance_s15.npz,76359,9a42aa7c185699e4243767027d06a83225f220290ce165c80267bd4a4d7b3eef
tcn,independent_rms,101,bandpass_n20002_cRA_LA_covariance_s10,phase2/results/predictions/full/independent_rms/tcn/seed_101/bandpass_n20002_cRA_LA_covariance_s10.npz,76294,c57b63b25a8938734dc89030f34f52f89ec1ca3724dab3d3c0c97d738a96e0d4
tcn,independent_rms,101,bandpass_n20002_cRA_LA_covariance_s5,phase2/results/predictions/full/independent_rms/tcn/seed_101/bandpass_n20002_cRA_LA_covariance_s5.npz,76092,4f6fe19a574a83eb00c06382c4a8e5db407f95cfe83a784ecb9994f62abc14d2
tcn,independent_rms,101,bandpass_n20002_cRA_LA_covariance_s0,phase2/results/predictions/full/independent_rms/tcn/seed_101/bandpass_n20002_cRA_LA_covariance_s0.npz,75658,9f1c43526eaa47f89f5eb1abc6e5a7b6499a4fa7369d718166e6b39487197238
tcn,independent_rms,101,bandpass_n20002_cLA_LL_independent_rms_s20,phase2/results/predictions/full/independent_rms/tcn/seed_101/bandpass_n20002_cLA_LL_independent_rms_s20.npz,76393,dfc8c18ce20844988cd9bbde80530672de7ebe180697b03e3291d0a8896e258c
tcn,independent_rms,101,bandpass_n20002_cLA_LL_independent_rms_s15,phase2/results/predictions/full/independent_rms/tcn/seed_101/bandpass_n20002_cLA_LL_independent_rms_s15.npz,76387,12c5513050d62111de486fc5302b6843eb07e32e7f04a7467ceb7cb07cbd0f9a
tcn,independent_rms,101,bandpass_n20002_cLA_LL_independent_rms_s10,phase2/results/predictions/full/independent_rms/tcn/seed_101/bandpass_n20002_cLA_LL_independent_rms_s10.npz,76364,59df7ccc14ff38d187a526f8d2c0c72de60f07d810aca0e05e3df1d9abb0e16c
tcn,independent_rms,101,bandpass_n20002_cLA_LL_independent_rms_s5,phase2/results/predictions/full/independent_rms/tcn/seed_101/bandpass_n20002_cLA_LL_independent_rms_s5.npz,76245,ec9b374e424861c3b0618258f9505c7b353ffc0c496593261a0cffc5c0d4ed64
tcn,independent_rms,101,bandpass_n20002_cLA_LL_independent_rms_s0,phase2/results/predictions/full/independent_rms/tcn/seed_101/bandpass_n20002_cLA_LL_independent_rms_s0.npz,75958,949e685b6f8a779c16de6d60a61a4ba442aa2a498c89fc6c1ae2518c68ce6898
tcn,independent_rms,101,bandpass_n20002_cLA_LL_electrode_s20,phase2/results/predictions/full/independent_rms/tcn/seed_101/bandpass_n20002_cLA_LL_electrode_s20.npz,76375,eda88d8a2eee5e724bfe9b4977a72b64443c42faf5cd9ead5508c75bcb660ca2
tcn,independent_rms,101,bandpass_n20002_cLA_LL_electrode_s15,phase2/results/predictions/full/independent_rms/tcn/seed_101/bandpass_n20002_cLA_LL_electrode_s15.npz,76355,0010ded9c3b72ff408b98bc6d4fab0d47466245f73c7eb0822fe3e0c5b63185a
tcn,independent_rms,101,bandpass_n20002_cLA_LL_electrode_s10,phase2/results/predictions/full/independent_rms/tcn/seed_101/bandpass_n20002_cLA_LL_electrode_s10.npz,76288,55c7156261b72901610683323eb8e8b2a2794c405bee575a9eeaaa962a73d815
tcn,independent_rms,101,bandpass_n20002_cLA_LL_electrode_s5,phase2/results/predictions/full/independent_rms/tcn/seed_101/bandpass_n20002_cLA_LL_electrode_s5.npz,76106,f181f1546c30232287502bf7a628139b164349e7548a0fac35210771b6cfe970
tcn,independent_rms,101,bandpass_n20002_cLA_LL_electrode_s0,phase2/results/predictions/full/independent_rms/tcn/seed_101/bandpass_n20002_cLA_LL_electrode_s0.npz,75735,ae427f93f883afd885a758ce45347428ab4e39618fa4b2b2c6cca447a10aec2d
tcn,independent_rms,101,bandpass_n20002_cLA_LL_covariance_s20,phase2/results/predictions/full/independent_rms/tcn/seed_101/bandpass_n20002_cLA_LL_covariance_s20.npz,76400,c5afce494fec7984e41b43b4333d572d3f5a1866fab98a72ce3741bd106a3c38
tcn,independent_rms,101,bandpass_n20002_cLA_LL_covariance_s15,phase2/results/predictions/full/independent_rms/tcn/seed_101/bandpass_n20002_cLA_LL_covariance_s15.npz,76338,c8c575b7042e44f1de963e2f3ea5e0d386e5391734047a3d04127eed317da0cc
tcn,independent_rms,101,bandpass_n20002_cLA_LL_covariance_s10,phase2/results/predictions/full/independent_rms/tcn/seed_101/bandpass_n20002_cLA_LL_covariance_s10.npz,76331,a3da0c3927da9224590d7105a228e60d0e45f3f05bf745546c38d37109b52002
tcn,independent_rms,101,bandpass_n20002_cLA_LL_covariance_s5,phase2/results/predictions/full/independent_rms/tcn/seed_101/bandpass_n20002_cLA_LL_covariance_s5.npz,76150,2b96a682b9e98483d9d3a80ca8f1da847072b86e6813ae76a1b4d76f0d40ceb5
tcn,independent_rms,101,bandpass_n20002_cLA_LL_covariance_s0,phase2/results/predictions/full/independent_rms/tcn/seed_101/bandpass_n20002_cLA_LL_covariance_s0.npz,75749,2b53702e83d08f8c120c36e8ba08b1d34b409ecfc0ecd0d702c82693652dc0b4
tcn,independent_rms,101,bandpass_n20002_cRA_LL_independent_rms_s20,phase2/results/predictions/full/independent_rms/tcn/seed_101/bandpass_n20002_cRA_LL_independent_rms_s20.npz,76403,aa9fa1cb452a0acbf6b895a843f8ebd128e26f2452b264d356e4ddc58e594e93
tcn,independent_rms,101,bandpass_n20002_cRA_LL_independent_rms_s15,phase2/results/predictions/full/independent_rms/tcn/seed_101/bandpass_n20002_cRA_LL_independent_rms_s15.npz,76422,96a648746817e5c76fa51114bc78f0bba6d11dbbb949411e94152c15cab565d9
tcn,independent_rms,101,bandpass_n20002_cRA_LL_independent_rms_s10,phase2/results/predictions/full/independent_rms/tcn/seed_101/bandpass_n20002_cRA_LL_independent_rms_s10.npz,76339,f8ebb2bdd4dafd249ecabb21de117a024112e42b2352c5e79b6f022934f6ba68
tcn,independent_rms,101,bandpass_n20002_cRA_LL_independent_rms_s5,phase2/results/predictions/full/independent_rms/tcn/seed_101/bandpass_n20002_cRA_LL_independent_rms_s5.npz,76261,fbc1e31790b9a25bd23bd6d157f200b641eebb1e31df84a9f337688abf8f0f12
tcn,independent_rms,101,bandpass_n20002_cRA_LL_independent_rms_s0,phase2/results/predictions/full/independent_rms/tcn/seed_101/bandpass_n20002_cRA_LL_independent_rms_s0.npz,75995,af95320172acee22c4adac9b884eb66c62a7126db9a88a976ac6fc2b7c3d5bd3
tcn,independent_rms,101,bandpass_n20002_cRA_LL_electrode_s20,phase2/results/predictions/full/independent_rms/tcn/seed_101/bandpass_n20002_cRA_LL_electrode_s20.npz,76357,305bb99f77c210baa3366ccb6865a6a29a4b0b36d3c3cdf8856f17fe03feeb2f
tcn,independent_rms,101,bandpass_n20002_cRA_LL_electrode_s15,phase2/results/predictions/full/independent_rms/tcn/seed_101/bandpass_n20002_cRA_LL_electrode_s15.npz,76392,e8fcfe49660713e9f5101036248fc7acd045a11bc6fac9d0f4d1b510094f6225
tcn,independent_rms,101,bandpass_n20002_cRA_LL_electrode_s10,phase2/results/predictions/full/independent_rms/tcn/seed_101/bandpass_n20002_cRA_LL_electrode_s10.npz,76289,8c5e413e5a2519d5090889f578bd960f8dc64d6848eaeecde5584a1b2a68c1d8
tcn,independent_rms,101,bandpass_n20002_cRA_LL_electrode_s5,phase2/results/predictions/full/independent_rms/tcn/seed_101/bandpass_n20002_cRA_LL_electrode_s5.npz,76065,14055aa4e4b25620c725e4367167c3b37314f3e8cc05edaa31b5635b26c3a911
tcn,independent_rms,101,bandpass_n20002_cRA_LL_electrode_s0,phase2/results/predictions/full/independent_rms/tcn/seed_101/bandpass_n20002_cRA_LL_electrode_s0.npz,75653,3eee3ca49654c6e43d13380bfba6a68c1ccf8163073dc529b52bd0715869f1a2
tcn,independent_rms,101,bandpass_n20002_cRA_LL_covariance_s20,phase2/results/predictions/full/independent_rms/tcn/seed_101/bandpass_n20002_cRA_LL_covariance_s20.npz,76410,59636025f6f11a61d47e79cd8b3d58c1200422ad440fe393f4ed66cc62ed9804
tcn,independent_rms,101,bandpass_n20002_cRA_LL_covariance_s15,phase2/results/predictions/full/independent_rms/tcn/seed_101/bandpass_n20002_cRA_LL_covariance_s15.npz,76349,5894c753ea3575c79e911cb6a58d9bcabe6f49a7367cf385c422e5770b12b47e
tcn,independent_rms,101,bandpass_n20002_cRA_LL_covariance_s10,phase2/results/predictions/full/independent_rms/tcn/seed_101/bandpass_n20002_cRA_LL_covariance_s10.npz,76318,a83fa2134f49be682978acfd12d8325847454c49ad8dc7303b45c948a41582a3
tcn,independent_rms,101,bandpass_n20002_cRA_LL_covariance_s5,phase2/results/predictions/full/independent_rms/tcn/seed_101/bandpass_n20002_cRA_LL_covariance_s5.npz,76078,f45d0b70ae6af9483e17bed356d3cc7275a7018128d2b8f4f9ff41942614f7c3
tcn,independent_rms,101,bandpass_n20002_cRA_LL_covariance_s0,phase2/results/predictions/full/independent_rms/tcn/seed_101/bandpass_n20002_cRA_LL_covariance_s0.npz,75630,98440115d897f9c1198922ab11ae4a820201d640a5ffaa687b0ba5710b923726
tcn,independent_rms,101,bandpass_n20002_cRA_independent_rms_s20,phase2/results/predictions/full/independent_rms/tcn/seed_101/bandpass_n20002_cRA_independent_rms_s20.npz,76382,500c7eeb764ff6060f6023cc9cbc52023d7df67aea7c3835898fb051cb8873ca
tcn,independent_rms,101,bandpass_n20002_cRA_independent_rms_s15,phase2/results/predictions/full/independent_rms/tcn/seed_101/bandpass_n20002_cRA_independent_rms_s15.npz,76388,22522eee54f08fa7b2c6f9bda2776e9abdc53943ace5fa4819dc225f7780184f
tcn,independent_rms,101,bandpass_n20002_cRA_independent_rms_s10,phase2/results/predictions/full/independent_rms/tcn/seed_101/bandpass_n20002_cRA_independent_rms_s10.npz,76351,a5da2d2e067c4b955b7bc5294dd7ec4e117222d21b12b903aff08e852173d2d5
tcn,independent_rms,101,bandpass_n20002_cRA_independent_rms_s5,phase2/results/predictions/full/independent_rms/tcn/seed_101/bandpass_n20002_cRA_independent_rms_s5.npz,76250,d9c4ac009f76deda0895266500f48b4ce67f8f35f39f3be8b28caa806f37fbfc
tcn,independent_rms,101,bandpass_n20002_cRA_independent_rms_s0,phase2/results/predictions/full/independent_rms/tcn/seed_101/bandpass_n20002_cRA_independent_rms_s0.npz,76023,2d5da4639f1ee384f67a438c860a9b0e1284d389393e2240d9834b8e6b2b454a
tcn,independent_rms,101,bandpass_n20002_cRA_electrode_s20,phase2/results/predictions/full/independent_rms/tcn/seed_101/bandpass_n20002_cRA_electrode_s20.npz,76365,169867affe658b3d97402ed60d043adf3456d801c0b5a6ae02b571988b38de3f
tcn,independent_rms,101,bandpass_n20002_cRA_electrode_s15,phase2/results/predictions/full/independent_rms/tcn/seed_101/bandpass_n20002_cRA_electrode_s15.npz,76348,9c82ea52d21e1d40a9a05cb01955c69e2dc1b430cf793108bfdd409811c94b5e
tcn,independent_rms,101,bandpass_n20002_cRA_electrode_s10,phase2/results/predictions/full/independent_rms/tcn/seed_101/bandpass_n20002_cRA_electrode_s10.npz,76267,c2682384ce94cf16f023c0f82e583fddc966cca62e6b3c016138c7d485580945
tcn,independent_rms,101,bandpass_n20002_cRA_electrode_s5,phase2/results/predictions/full/independent_rms/tcn/seed_101/bandpass_n20002_cRA_electrode_s5.npz,76061,2afbf8692d2a3adc3d6e2265633d3268bd16f655a1f0991e150c2ac14a8906f9
tcn,independent_rms,101,bandpass_n20002_cRA_electrode_s0,phase2/results/predictions/full/independent_rms/tcn/seed_101/bandpass_n20002_cRA_electrode_s0.npz,75697,49d3c0d9305677bce6969b28bcd64d347fe1845ddc12f0a52678fff6ac029089
tcn,independent_rms,101,bandpass_n20002_cRA_covariance_s20,phase2/results/predictions/full/independent_rms/tcn/seed_101/bandpass_n20002_cRA_covariance_s20.npz,76366,6cd1e00cb20935bd108a91bc596b581a1055fd9664ae2232a72b474761b6ad78
tcn,independent_rms,101,bandpass_n20002_cRA_covariance_s15,phase2/results/predictions/full/independent_rms/tcn/seed_101/bandpass_n20002_cRA_covariance_s15.npz,76343,2cc070b4a8ff9eb795d2d5672d8f7c7e7d4a21d85dc4d2e13b5bf10612e9b66d
tcn,independent_rms,101,bandpass_n20002_cRA_covariance_s10,phase2/results/predictions/full/independent_rms/tcn/seed_101/bandpass_n20002_cRA_covariance_s10.npz,76277,060914399e35eb6b6c7f84f2a57d67335cf5f32b551be559871ed0587ec6afd2
tcn,independent_rms,101,bandpass_n20002_cRA_covariance_s5,phase2/results/predictions/full/independent_rms/tcn/seed_101/bandpass_n20002_cRA_covariance_s5.npz,76047,6e8fc1a0786627863e0a80442a3992729f1beae0f225b40b4875f8f23318a155
tcn,independent_rms,101,bandpass_n20002_cRA_covariance_s0,phase2/results/predictions/full/independent_rms/tcn/seed_101/bandpass_n20002_cRA_covariance_s0.npz,75693,2e54727c03a547608f9b39319c3db48ba6aa8f942ad315c43b1130dc730a188c
tcn,independent_rms,101,bandpass_n20002_cLA_independent_rms_s20,phase2/results/predictions/full/independent_rms/tcn/seed_101/bandpass_n20002_cLA_independent_rms_s20.npz,76408,f7bd7fcad29d8abd27446cd4fc7035762be40b9eb5c4fa44907ac2ca15012c11
tcn,independent_rms,101,bandpass_n20002_cLA_independent_rms_s15,phase2/results/predictions/full/independent_rms/tcn/seed_101/bandpass_n20002_cLA_independent_rms_s15.npz,76404,0f09232aab13a675e57a998f3500532c7e925504625a0900325638d0fd331b78
tcn,independent_rms,101,bandpass_n20002_cLA_independent_rms_s10,phase2/results/predictions/full/independent_rms/tcn/seed_101/bandpass_n20002_cLA_independent_rms_s10.npz,76335,e7aa5476ebba56fef6bfad038b34f1d715def89b45afb47e4050e94254c549dc
tcn,independent_rms,101,bandpass_n20002_cLA_independent_rms_s5,phase2/results/predictions/full/independent_rms/tcn/seed_101/bandpass_n20002_cLA_independent_rms_s5.npz,76261,cdd0888a25c984e601e87dbc4a182da0d7569570331a94671edf2319962f907e
tcn,independent_rms,101,bandpass_n20002_cLA_independent_rms_s0,phase2/results/predictions/full/independent_rms/tcn/seed_101/bandpass_n20002_cLA_independent_rms_s0.npz,75978,583950412a5153473cf2dba46575f281b3eca279b924b1b135d8ec031b613e95
tcn,independent_rms,101,bandpass_n20002_cLA_electrode_s20,phase2/results/predictions/full/independent_rms/tcn/seed_101/bandpass_n20002_cLA_electrode_s20.npz,76366,f9f073951f53994fb2587cc9e9136e31afa91ee8d568a328085697a24f3d54ce
tcn,independent_rms,101,bandpass_n20002_cLA_electrode_s15,phase2/results/predictions/full/independent_rms/tcn/seed_101/bandpass_n20002_cLA_electrode_s15.npz,76379,235c3ca2e07c543322ba2d69106d7c9ca6eda489d3f2944800c4510f3d7611bd
tcn,independent_rms,101,bandpass_n20002_cLA_electrode_s10,phase2/results/predictions/full/independent_rms/tcn/seed_101/bandpass_n20002_cLA_electrode_s10.npz,76309,b42dfa8dd20bd4d0e6308f83c807c5f934113360afee2cc1d931a8ad32165445
tcn,independent_rms,101,bandpass_n20002_cLA_electrode_s5,phase2/results/predictions/full/independent_rms/tcn/seed_101/bandpass_n20002_cLA_electrode_s5.npz,76097,ac2ba76094149f6ceff0eac81b558b0d6835f0a94b8e73c400ed570b93045b9d
tcn,independent_rms,101,bandpass_n20002_cLA_electrode_s0,phase2/results/predictions/full/independent_rms/tcn/seed_101/bandpass_n20002_cLA_electrode_s0.npz,75703,1e4bbfad363a497109bbf0e99aa82552c081a38a61a357e24e4d98ca93ae66c9
tcn,independent_rms,101,bandpass_n20002_cLA_covariance_s20,phase2/results/predictions/full/independent_rms/tcn/seed_101/bandpass_n20002_cLA_covariance_s20.npz,76379,4925facf27ae475f041414e5b72f28460368fc4329c2cdc43af13159319b240a
tcn,independent_rms,101,bandpass_n20002_cLA_covariance_s15,phase2/results/predictions/full/independent_rms/tcn/seed_101/bandpass_n20002_cLA_covariance_s15.npz,76375,e28bd313488487237458b76d6610d20f4679e7010751ca78976ba677e248c552
tcn,independent_rms,101,bandpass_n20002_cLA_covariance_s10,phase2/results/predictions/full/independent_rms/tcn/seed_101/bandpass_n20002_cLA_covariance_s10.npz,76336,678a06fe4cbfb5876f1fa279e375dd36563fdd2be326a3fe4dbb99975cf878f7
tcn,independent_rms,101,bandpass_n20002_cLA_covariance_s5,phase2/results/predictions/full/independent_rms/tcn/seed_101/bandpass_n20002_cLA_covariance_s5.npz,76112,b5e46e2cd82a30545a668b51202bd14363a5098d9a2ffe42440c1db9122e3413
tcn,independent_rms,101,bandpass_n20002_cLA_covariance_s0,phase2/results/predictions/full/independent_rms/tcn/seed_101/bandpass_n20002_cLA_covariance_s0.npz,75727,25ff66ade9bbe5661bf33cf06d4194a405313e2290f97d5ee67420aff68ab381
tcn,independent_rms,101,bandpass_n20002_cLL_independent_rms_s20,phase2/results/predictions/full/independent_rms/tcn/seed_101/bandpass_n20002_cLL_independent_rms_s20.npz,76383,30e9ac27c0bd4f36ee8983dc0d3cbe88764dcd0eeca4d1ec282388a54a02036b
tcn,independent_rms,101,bandpass_n20002_cLL_independent_rms_s15,phase2/results/predictions/full/independent_rms/tcn/seed_101/bandpass_n20002_cLL_independent_rms_s15.npz,76401,9edd44efee577f86c095a5e5f402ed65fe3376971af27de731295afb2d0bc51c
tcn,independent_rms,101,bandpass_n20002_cLL_independent_rms_s10,phase2/results/predictions/full/independent_rms/tcn/seed_101/bandpass_n20002_cLL_independent_rms_s10.npz,76336,171e1f0240adda2bde3e2bfa3799fc3026e697039ddd6450311e4f148906b823
tcn,independent_rms,101,bandpass_n20002_cLL_independent_rms_s5,phase2/results/predictions/full/independent_rms/tcn/seed_101/bandpass_n20002_cLL_independent_rms_s5.npz,76233,8163d6ef70cd1e4291242fc1898d7277cf793d4e1a013d0524db9b3a432999cc
tcn,independent_rms,101,bandpass_n20002_cLL_independent_rms_s0,phase2/results/predictions/full/independent_rms/tcn/seed_101/bandpass_n20002_cLL_independent_rms_s0.npz,75917,f2b45d830f5ff560f62a41dee24b6672af88b0a178ee7e284f52c1a0fc832e96
tcn,independent_rms,101,bandpass_n20002_cLL_electrode_s20,phase2/results/predictions/full/independent_rms/tcn/seed_101/bandpass_n20002_cLL_electrode_s20.npz,76389,db7a8626f8e55cacc6698bb9fdf6dc446defd7be03469ae01a372048ca85a95c
tcn,independent_rms,101,bandpass_n20002_cLL_electrode_s15,phase2/results/predictions/full/independent_rms/tcn/seed_101/bandpass_n20002_cLL_electrode_s15.npz,76354,9713c3ccbe03c2ad28668a28987a16dc4a80c40c8d9d18db87a4353d7809811e
tcn,independent_rms,101,bandpass_n20002_cLL_electrode_s10,phase2/results/predictions/full/independent_rms/tcn/seed_101/bandpass_n20002_cLL_electrode_s10.npz,76334,a9786e8c0a741976debd74d0eb89b7476ad2bfdcdaf78bf3f01be8ec7ab097d9
tcn,independent_rms,101,bandpass_n20002_cLL_electrode_s5,phase2/results/predictions/full/independent_rms/tcn/seed_101/bandpass_n20002_cLL_electrode_s5.npz,76144,5d0ac0cd5d088bfb1d5551447ba058c57b57c36a934f322f45654eaa89ba845f
tcn,independent_rms,101,bandpass_n20002_cLL_electrode_s0,phase2/results/predictions/full/independent_rms/tcn/seed_101/bandpass_n20002_cLL_electrode_s0.npz,75760,dc3958e5b6e213dbcdd3e16a084cae20de4e737b529087de6bef3975ade2ecd2
tcn,independent_rms,101,bandpass_n20002_cLL_covariance_s20,phase2/results/predictions/full/independent_rms/tcn/seed_101/bandpass_n20002_cLL_covariance_s20.npz,76406,1edcd78f9008152fbab088b55abcd65267ea0c3e4524607b3d2e075b256e6e0a
tcn,independent_rms,101,bandpass_n20002_cLL_covariance_s15,phase2/results/predictions/full/independent_rms/tcn/seed_101/bandpass_n20002_cLL_covariance_s15.npz,76355,760c95e8271c5604a695a5e78d9e9db18c2b2d5af46e376846a12c0669b405a3
tcn,independent_rms,101,bandpass_n20002_cLL_covariance_s10,phase2/results/predictions/full/independent_rms/tcn/seed_101/bandpass_n20002_cLL_covariance_s10.npz,76342,a4641c64b12f006c550f6c5262643c6fb500f4e36a401ecd194a9411d2eb5f44
tcn,independent_rms,101,bandpass_n20002_cLL_covariance_s5,phase2/results/predictions/full/independent_rms/tcn/seed_101/bandpass_n20002_cLL_covariance_s5.npz,76130,e2ab2bb1b87377baba368624c01a489fce46e516e7d4b4de371876bc5f1c38ab
tcn,independent_rms,101,bandpass_n20002_cLL_covariance_s0,phase2/results/predictions/full/independent_rms/tcn/seed_101/bandpass_n20002_cLL_covariance_s0.npz,75785,27826a8155a81e9d20c52292d781d52cba35a92d08f56562354a88585c21a1a4
tcn,independent_rms,101,bandpass_n20002_cRA_V1_independent_rms_s20,phase2/results/predictions/full/independent_rms/tcn/seed_101/bandpass_n20002_cRA_V1_independent_rms_s20.npz,76437,d33f68861de42d96a80e266a62c5a50fa467f3c4fbf230aad9b3a088dbed7d6e
tcn,independent_rms,101,bandpass_n20002_cRA_V1_independent_rms_s15,phase2/results/predictions/full/independent_rms/tcn/seed_101/bandpass_n20002_cRA_V1_independent_rms_s15.npz,76432,1c3f9990d90a2f2f282330d39728d7856d4016b037148ff36d548c35727559e8
tcn,independent_rms,101,bandpass_n20002_cRA_V1_independent_rms_s10,phase2/results/predictions/full/independent_rms/tcn/seed_101/bandpass_n20002_cRA_V1_independent_rms_s10.npz,76356,b17ba964bb406585b57aec030f265fd0963dabaaad7dd67062548f5051af2ee2
tcn,independent_rms,101,bandpass_n20002_cRA_V1_independent_rms_s5,phase2/results/predictions/full/independent_rms/tcn/seed_101/bandpass_n20002_cRA_V1_independent_rms_s5.npz,76224,0ee4320ad39e83b369b2eb5ef16427f1822139917a0cf3b8fe454939d03cefae
tcn,independent_rms,101,bandpass_n20002_cRA_V1_independent_rms_s0,phase2/results/predictions/full/independent_rms/tcn/seed_101/bandpass_n20002_cRA_V1_independent_rms_s0.npz,76003,fa3bc897b4d85892dd08c320622aaf3afae3bdaf5fe713a81aee7c99d754cf7d
tcn,independent_rms,101,bandpass_n20002_cRA_V1_electrode_s20,phase2/results/predictions/full/independent_rms/tcn/seed_101/bandpass_n20002_cRA_V1_electrode_s20.npz,76386,f06fd479f304a8aed05fa3f659de823cc1c526a96c8a2990c437e5f10a43fb3e
tcn,independent_rms,101,bandpass_n20002_cRA_V1_electrode_s15,phase2/results/predictions/full/independent_rms/tcn/seed_101/bandpass_n20002_cRA_V1_electrode_s15.npz,76350,11c8292f0357ade4214a90eb534f26e920a0cfd6514bb03c62f9487d60b6e004
tcn,independent_rms,101,bandpass_n20002_cRA_V1_electrode_s10,phase2/results/predictions/full/independent_rms/tcn/seed_101/bandpass_n20002_cRA_V1_electrode_s10.npz,76295,5995f1437539f965c72fae6f98969d65e7a814a32ec53c2c2d01952ca184dee9
tcn,independent_rms,101,bandpass_n20002_cRA_V1_electrode_s5,phase2/results/predictions/full/independent_rms/tcn/seed_101/bandpass_n20002_cRA_V1_electrode_s5.npz,76108,9c48e9f43596aa41c86630ae8cc9d29b36dc7ef2ae0fca0689ea6db7f9805eaa
tcn,independent_rms,101,bandpass_n20002_cRA_V1_electrode_s0,phase2/results/predictions/full/independent_rms/tcn/seed_101/bandpass_n20002_cRA_V1_electrode_s0.npz,75706,75f5c207f493a55208f5ccc81c285d846a69b4d18f7515b0b149e37530ece93e
tcn,independent_rms,101,bandpass_n20002_cRA_V1_covariance_s20,phase2/results/predictions/full/independent_rms/tcn/seed_101/bandpass_n20002_cRA_V1_covariance_s20.npz,76407,4f8a6350e17c20844331be732db1ea1d911cc709359323f63b1f4439037d748c
tcn,independent_rms,101,bandpass_n20002_cRA_V1_covariance_s15,phase2/results/predictions/full/independent_rms/tcn/seed_101/bandpass_n20002_cRA_V1_covariance_s15.npz,76386,1b8462af43dcd989aabda11ac33658954e848ce2e2442adb788201b3a0b56ebf
tcn,independent_rms,101,bandpass_n20002_cRA_V1_covariance_s10,phase2/results/predictions/full/independent_rms/tcn/seed_101/bandpass_n20002_cRA_V1_covariance_s10.npz,76314,ebefd21456157140e39924bcd485364cb0c6816a3d9186c2bef6698da3746e06
tcn,independent_rms,101,bandpass_n20002_cRA_V1_covariance_s5,phase2/results/predictions/full/independent_rms/tcn/seed_101/bandpass_n20002_cRA_V1_covariance_s5.npz,76076,e1b071f6be9a12b0c0f3e130d4d99103287e28eca14b11a36ae0d02abac78db4
tcn,independent_rms,101,bandpass_n20002_cRA_V1_covariance_s0,phase2/results/predictions/full/independent_rms/tcn/seed_101/bandpass_n20002_cRA_V1_covariance_s0.npz,75701,1fc46f3760cc54d01839c879ba5a95e9024005ec128cc7040ec4b879c14d9534
tcn,independent_rms,101,bandpass_n20002_cLA_V6_independent_rms_s20,phase2/results/predictions/full/independent_rms/tcn/seed_101/bandpass_n20002_cLA_V6_independent_rms_s20.npz,76409,83aff79efe491f12dcc72a5d332147da089a7b2af2dbffd28d837ff5743992b7
tcn,independent_rms,101,bandpass_n20002_cLA_V6_independent_rms_s15,phase2/results/predictions/full/independent_rms/tcn/seed_101/bandpass_n20002_cLA_V6_independent_rms_s15.npz,76397,c2e763a5b4f69162454c0224b2c5fdae82060644c2c01c9a60cfe0fbc5405f60
tcn,independent_rms,101,bandpass_n20002_cLA_V6_independent_rms_s10,phase2/results/predictions/full/independent_rms/tcn/seed_101/bandpass_n20002_cLA_V6_independent_rms_s10.npz,76358,ecada803c52a4594424d4f5d551d7bfd3fdcd7444567702a6d07ade1a9f41c31
tcn,independent_rms,101,bandpass_n20002_cLA_V6_independent_rms_s5,phase2/results/predictions/full/independent_rms/tcn/seed_101/bandpass_n20002_cLA_V6_independent_rms_s5.npz,76289,81c3b306697bcf84abd82b673f72e4d6cb5c89f9fce7df09cd68413a55691b10
tcn,independent_rms,101,bandpass_n20002_cLA_V6_independent_rms_s0,phase2/results/predictions/full/independent_rms/tcn/seed_101/bandpass_n20002_cLA_V6_independent_rms_s0.npz,76029,ff38505fffce18ff5845230750cb796569f971b5989227345ef4e1cd221a0713
tcn,independent_rms,101,bandpass_n20002_cLA_V6_electrode_s20,phase2/results/predictions/full/independent_rms/tcn/seed_101/bandpass_n20002_cLA_V6_electrode_s20.npz,76389,54a21271bc4dc28a3814c8a36bbf5cea92d5d2caff9c18d4628597981ff549eb
tcn,independent_rms,101,bandpass_n20002_cLA_V6_electrode_s15,phase2/results/predictions/full/independent_rms/tcn/seed_101/bandpass_n20002_cLA_V6_electrode_s15.npz,76401,19b7257f386f963dff835537dd6c4db44f3554844ea95d5bc931deabfd040b2c
tcn,independent_rms,101,bandpass_n20002_cLA_V6_electrode_s10,phase2/results/predictions/full/independent_rms/tcn/seed_101/bandpass_n20002_cLA_V6_electrode_s10.npz,76309,9bc59db05bd37945530884443f8f7cef5efe04b582559186b4c8800d807aee6a
tcn,independent_rms,101,bandpass_n20002_cLA_V6_electrode_s5,phase2/results/predictions/full/independent_rms/tcn/seed_101/bandpass_n20002_cLA_V6_electrode_s5.npz,76176,0d4f3c3beb2e873b25dfd3971781e4ed211390b842acc102362afa10ef1d8697
tcn,independent_rms,101,bandpass_n20002_cLA_V6_electrode_s0,phase2/results/predictions/full/independent_rms/tcn/seed_101/bandpass_n20002_cLA_V6_electrode_s0.npz,75782,ca620bd9103553563c47a3dadd3fd811f9c2cd0feef3a56328729a52e8981a43
tcn,independent_rms,101,bandpass_n20002_cLA_V6_covariance_s20,phase2/results/predictions/full/independent_rms/tcn/seed_101/bandpass_n20002_cLA_V6_covariance_s20.npz,76390,6fc6966d0b4fb0b509304b9ce03569aeccc93d1956de1393c498fd284972f06c
tcn,independent_rms,101,bandpass_n20002_cLA_V6_covariance_s15,phase2/results/predictions/full/independent_rms/tcn/seed_101/bandpass_n20002_cLA_V6_covariance_s15.npz,76364,f0fce8bcfb6d43b30c646543f3fc65f985115412f855fcec3e3bba351bfbc624
tcn,independent_rms,101,bandpass_n20002_cLA_V6_covariance_s10,phase2/results/predictions/full/independent_rms/tcn/seed_101/bandpass_n20002_cLA_V6_covariance_s10.npz,76323,98063b960a27cab225a827841c53833f97d2b36f5bf3b13a3a06926244238122
tcn,independent_rms,101,bandpass_n20002_cLA_V6_covariance_s5,phase2/results/predictions/full/independent_rms/tcn/seed_101/bandpass_n20002_cLA_V6_covariance_s5.npz,76179,c2fc8c086c4bd6ca32ead67555c85268c2036060de929fd37a674d547292defb
tcn,independent_rms,101,bandpass_n20002_cLA_V6_covariance_s0,phase2/results/predictions/full/independent_rms/tcn/seed_101/bandpass_n20002_cLA_V6_covariance_s0.npz,75819,9616d11bd6b169fb0699f4754cba1aad7243450a97012be9eba015a527e51cbb
tcn,independent_rms,101,bandpass_n20002_cLL_V4_independent_rms_s20,phase2/results/predictions/full/independent_rms/tcn/seed_101/bandpass_n20002_cLL_V4_independent_rms_s20.npz,76381,7d8acc3bd41251868b3d31dac4d83bd3404d8366b6aa4e1228c76578ba33d9e4
tcn,independent_rms,101,bandpass_n20002_cLL_V4_independent_rms_s15,phase2/results/predictions/full/independent_rms/tcn/seed_101/bandpass_n20002_cLL_V4_independent_rms_s15.npz,76397,18a93288e20bb94f71ac92e6f18c207e3f880f0e0430661f563cb45c340eab11
tcn,independent_rms,101,bandpass_n20002_cLL_V4_independent_rms_s10,phase2/results/predictions/full/independent_rms/tcn/seed_101/bandpass_n20002_cLL_V4_independent_rms_s10.npz,76368,1430de62c62cfb580ee270449a188d602391d8dd8151e55d40eb4d95f5765507
tcn,independent_rms,101,bandpass_n20002_cLL_V4_independent_rms_s5,phase2/results/predictions/full/independent_rms/tcn/seed_101/bandpass_n20002_cLL_V4_independent_rms_s5.npz,76267,99b01872a60da477c928471842567e8236adeb235b83ba9e7f2ef2f733b35ea5
tcn,independent_rms,101,bandpass_n20002_cLL_V4_independent_rms_s0,phase2/results/predictions/full/independent_rms/tcn/seed_101/bandpass_n20002_cLL_V4_independent_rms_s0.npz,75994,a3a1a810b3bcc831adfbbff9d50214e571ce37073269a9b18c8dfbcaef497cdc
tcn,independent_rms,101,bandpass_n20002_cLL_V4_electrode_s20,phase2/results/predictions/full/independent_rms/tcn/seed_101/bandpass_n20002_cLL_V4_electrode_s20.npz,76377,0253d30bafb228e862f8c4d5f6151dcd51ee477d8a91ee8972d2389bba18171c
tcn,independent_rms,101,bandpass_n20002_cLL_V4_electrode_s15,phase2/results/predictions/full/independent_rms/tcn/seed_101/bandpass_n20002_cLL_V4_electrode_s15.npz,76360,fc59de411eff6ec1a6773106a1c4fe5e1c31ad86ff21b5cce9384f2f29d7026e
tcn,independent_rms,101,bandpass_n20002_cLL_V4_electrode_s10,phase2/results/predictions/full/independent_rms/tcn/seed_101/bandpass_n20002_cLL_V4_electrode_s10.npz,76339,a49eba631a592d9be4ad90d5e35b880eeaf6a27026702852e6066b6cf5edeb31
tcn,independent_rms,101,bandpass_n20002_cLL_V4_electrode_s5,phase2/results/predictions/full/independent_rms/tcn/seed_101/bandpass_n20002_cLL_V4_electrode_s5.npz,76168,0b110042cbf6d6bc80ed9401da93f5abc3300c63582432aadbb88d10828d58ba
tcn,independent_rms,101,bandpass_n20002_cLL_V4_electrode_s0,phase2/results/predictions/full/independent_rms/tcn/seed_101/bandpass_n20002_cLL_V4_electrode_s0.npz,75825,9c57c2c7a7747c8118a8e205316d8abb960fdeb320e9d6f57f0e870bdb83bdf5
tcn,independent_rms,101,bandpass_n20002_cLL_V4_covariance_s20,phase2/results/predictions/full/independent_rms/tcn/seed_101/bandpass_n20002_cLL_V4_covariance_s20.npz,76394,a8f2d44823e81466ef2b52c8de8485a1d7590585176e8d7d33850d2dad38946c
tcn,independent_rms,101,bandpass_n20002_cLL_V4_covariance_s15,phase2/results/predictions/full/independent_rms/tcn/seed_101/bandpass_n20002_cLL_V4_covariance_s15.npz,76395,86f6792f27b33c4191f9019861d7af140f53c147971268ecdb4c0e1f730de80e
tcn,independent_rms,101,bandpass_n20002_cLL_V4_covariance_s10,phase2/results/predictions/full/independent_rms/tcn/seed_101/bandpass_n20002_cLL_V4_covariance_s10.npz,76350,4ce15bb045af2f885e45ba09818304953fa99c53c6a7b30dac166dc2180191be
tcn,independent_rms,101,bandpass_n20002_cLL_V4_covariance_s5,phase2/results/predictions/full/independent_rms/tcn/seed_101/bandpass_n20002_cLL_V4_covariance_s5.npz,76210,18d77336cfd699f1c0aa18b20a5d06cb8f9466deeba25ec8631609122c8c4434
tcn,independent_rms,101,bandpass_n20002_cLL_V4_covariance_s0,phase2/results/predictions/full/independent_rms/tcn/seed_101/bandpass_n20002_cLL_V4_covariance_s0.npz,75792,f48053cbacb56ba633b9d84b084f2cebb345dd852a7db2cadaf046dacedea08a
tcn,independent_rms,101,bandpass_n20002_cRA_LA_V1_V6_independent_rms_s20,phase2/results/predictions/full/independent_rms/tcn/seed_101/bandpass_n20002_cRA_LA_V1_V6_independent_rms_s20.npz,76404,d18d1c0556485a31ce6188b86983d3ee92b3207858c3d6fb79c61818addc74c9
tcn,independent_rms,101,bandpass_n20002_cRA_LA_V1_V6_independent_rms_s15,phase2/results/predictions/full/independent_rms/tcn/seed_101/bandpass_n20002_cRA_LA_V1_V6_independent_rms_s15.npz,76382,8ec89543c890235ec81f89157ee2c89be824e51d8fbc9976d03dc3749f268ed3
tcn,independent_rms,101,bandpass_n20002_cRA_LA_V1_V6_independent_rms_s10,phase2/results/predictions/full/independent_rms/tcn/seed_101/bandpass_n20002_cRA_LA_V1_V6_independent_rms_s10.npz,76385,f330836bc385fb11dc5629922758de8977cd72ba152bfd0ef7d234783943c7af
tcn,independent_rms,101,bandpass_n20002_cRA_LA_V1_V6_independent_rms_s5,phase2/results/predictions/full/independent_rms/tcn/seed_101/bandpass_n20002_cRA_LA_V1_V6_independent_rms_s5.npz,76298,e2e5b789f35d14cc6b145fedaa9f9c7e2d75fb509bbb4ad73e1ac0849be7f5f5
tcn,independent_rms,101,bandpass_n20002_cRA_LA_V1_V6_independent_rms_s0,phase2/results/predictions/full/independent_rms/tcn/seed_101/bandpass_n20002_cRA_LA_V1_V6_independent_rms_s0.npz,76027,2d33634be47e28bc3831549c0fb5dec4e5472e44271fc601e06680e9dd9ec04c
tcn,independent_rms,101,bandpass_n20002_cRA_LA_V1_V6_electrode_s20,phase2/results/predictions/full/independent_rms/tcn/seed_101/bandpass_n20002_cRA_LA_V1_V6_electrode_s20.npz,76368,7ec97ec8978c191714a72b8a5f2b8071d9b1af3444410cbec68ee5d5ab66a107
tcn,independent_rms,101,bandpass_n20002_cRA_LA_V1_V6_electrode_s15,phase2/results/predictions/full/independent_rms/tcn/seed_101/bandpass_n20002_cRA_LA_V1_V6_electrode_s15.npz,76359,7570234f07e99795fa3a89a9dbd9207ea45b8d626530462f7fa707faa0d7d489
tcn,independent_rms,101,bandpass_n20002_cRA_LA_V1_V6_electrode_s10,phase2/results/predictions/full/independent_rms/tcn/seed_101/bandpass_n20002_cRA_LA_V1_V6_electrode_s10.npz,76324,910332b5399926186b39455f6475efed40a39fdce0b0b15d8b99d756e27e05f5
tcn,independent_rms,101,bandpass_n20002_cRA_LA_V1_V6_electrode_s5,phase2/results/predictions/full/independent_rms/tcn/seed_101/bandpass_n20002_cRA_LA_V1_V6_electrode_s5.npz,76109,da7d14e7c5a75b9911043dfb34e14cc4cf37a704267bc3e7affd370009b1955d
tcn,independent_rms,101,bandpass_n20002_cRA_LA_V1_V6_electrode_s0,phase2/results/predictions/full/independent_rms/tcn/seed_101/bandpass_n20002_cRA_LA_V1_V6_electrode_s0.npz,75683,a11af640b3f5e2bbe9fac8bb310b26724173c0e2c84bb32ea25fff5be84d510e
tcn,independent_rms,101,bandpass_n20002_cRA_LA_V1_V6_covariance_s20,phase2/results/predictions/full/independent_rms/tcn/seed_101/bandpass_n20002_cRA_LA_V1_V6_covariance_s20.npz,76431,d9a79f30186971a55c4fdbd9811f86c5c3bfbace6308b8ec9379a196ce28a244
tcn,independent_rms,101,bandpass_n20002_cRA_LA_V1_V6_covariance_s15,phase2/results/predictions/full/independent_rms/tcn/seed_101/bandpass_n20002_cRA_LA_V1_V6_covariance_s15.npz,76386,97ed4b85057e196f5bbf7b1ec593569059e845580b9c6c2caf864b42d1ff21b8
tcn,independent_rms,101,bandpass_n20002_cRA_LA_V1_V6_covariance_s10,phase2/results/predictions/full/independent_rms/tcn/seed_101/bandpass_n20002_cRA_LA_V1_V6_covariance_s10.npz,76309,42d28fe716ccf7d95f68aa0710525b6d60a62fb4487c9552c2b9cca461d8e159
tcn,independent_rms,101,bandpass_n20002_cRA_LA_V1_V6_covariance_s5,phase2/results/predictions/full/independent_rms/tcn/seed_101/bandpass_n20002_cRA_LA_V1_V6_covariance_s5.npz,76131,2fcfd1d8471d9c382776249d368b5e5aa1f19ba1547ce2d27e51a2b5be45bdef
tcn,independent_rms,101,bandpass_n20002_cRA_LA_V1_V6_covariance_s0,phase2/results/predictions/full/independent_rms/tcn/seed_101/bandpass_n20002_cRA_LA_V1_V6_covariance_s0.npz,75701,63bf4fbd9987ef300735ec4f711932870d64b74e141cd7f3689f08b65b6eda23
tcn,independent_rms,101,bandpass_n20002_cRA_V2_V5_independent_rms_s20,phase2/results/predictions/full/independent_rms/tcn/seed_101/bandpass_n20002_cRA_V2_V5_independent_rms_s20.npz,76405,c63ed7f3b07bd1967ec2e3a2100b318e88cd48e206701b16771023eceb9123d2
tcn,independent_rms,101,bandpass_n20002_cRA_V2_V5_independent_rms_s15,phase2/results/predictions/full/independent_rms/tcn/seed_101/bandpass_n20002_cRA_V2_V5_independent_rms_s15.npz,76403,51600af37699c5ddc4258b4f13792cad751e4b9990f6b2e49bf76816639f509a
tcn,independent_rms,101,bandpass_n20002_cRA_V2_V5_independent_rms_s10,phase2/results/predictions/full/independent_rms/tcn/seed_101/bandpass_n20002_cRA_V2_V5_independent_rms_s10.npz,76404,8ece1fc9ba0264386c4a959b5baef7ab7f97c9c59261bab54068fd8fd6618136
tcn,independent_rms,101,bandpass_n20002_cRA_V2_V5_independent_rms_s5,phase2/results/predictions/full/independent_rms/tcn/seed_101/bandpass_n20002_cRA_V2_V5_independent_rms_s5.npz,76299,7b2afb66f4e6160cc31a08c8f607d89a46522a8a51ad8646b2580b94437b64f2
tcn,independent_rms,101,bandpass_n20002_cRA_V2_V5_independent_rms_s0,phase2/results/predictions/full/independent_rms/tcn/seed_101/bandpass_n20002_cRA_V2_V5_independent_rms_s0.npz,76038,7133ce1db4ce64fce10cf067a30d720ea08d57411a84798900dab37b06819da4
tcn,independent_rms,101,bandpass_n20002_cRA_V2_V5_electrode_s20,phase2/results/predictions/full/independent_rms/tcn/seed_101/bandpass_n20002_cRA_V2_V5_electrode_s20.npz,76400,faa29b0e58f107fc3f36a435e0403714ed9769c0db1a1eef090423f173707c87
tcn,independent_rms,101,bandpass_n20002_cRA_V2_V5_electrode_s15,phase2/results/predictions/full/independent_rms/tcn/seed_101/bandpass_n20002_cRA_V2_V5_electrode_s15.npz,76363,0f13e43bd52db9f521899a8236c6e7f6ff13619249fd6177b5679e82471430be
tcn,independent_rms,101,bandpass_n20002_cRA_V2_V5_electrode_s10,phase2/results/predictions/full/independent_rms/tcn/seed_101/bandpass_n20002_cRA_V2_V5_electrode_s10.npz,76335,0276541e8620e48184b80dc77b3e49a985aa611831d014e8c1abae44004a8b36
tcn,independent_rms,101,bandpass_n20002_cRA_V2_V5_electrode_s5,phase2/results/predictions/full/independent_rms/tcn/seed_101/bandpass_n20002_cRA_V2_V5_electrode_s5.npz,76135,c8a0f19699a3d0a49da1e888e8852c2dce2eef44fad4f69d46da969409708665
tcn,independent_rms,101,bandpass_n20002_cRA_V2_V5_electrode_s0,phase2/results/predictions/full/independent_rms/tcn/seed_101/bandpass_n20002_cRA_V2_V5_electrode_s0.npz,75777,a95fe99ee226fc5c247181f78e69a2d61c8b465b1775bf82c7dd230481a4947f
tcn,independent_rms,101,bandpass_n20002_cRA_V2_V5_covariance_s20,phase2/results/predictions/full/independent_rms/tcn/seed_101/bandpass_n20002_cRA_V2_V5_covariance_s20.npz,76396,82ec496928f4599ea0808b3d0f8ff28f077a02f6cfc538d5fc1077e0745c1d95
tcn,independent_rms,101,bandpass_n20002_cRA_V2_V5_covariance_s15,phase2/results/predictions/full/independent_rms/tcn/seed_101/bandpass_n20002_cRA_V2_V5_covariance_s15.npz,76380,9ee02207d33c8be7c0de8f442948bae8b57abc366ac0c6c0f7f8664a6c14e746
tcn,independent_rms,101,bandpass_n20002_cRA_V2_V5_covariance_s10,phase2/results/predictions/full/independent_rms/tcn/seed_101/bandpass_n20002_cRA_V2_V5_covariance_s10.npz,76358,ccf6d00088ef1babfbe57d10bc5b03e216b464f9a9f71763f92f97fe938313ee
tcn,independent_rms,101,bandpass_n20002_cRA_V2_V5_covariance_s5,phase2/results/predictions/full/independent_rms/tcn/seed_101/bandpass_n20002_cRA_V2_V5_covariance_s5.npz,76142,28997ad70a08e8da7a80b0a6edc3089264cf90de45659321b55fd716ceafe974
tcn,independent_rms,101,bandpass_n20002_cRA_V2_V5_covariance_s0,phase2/results/predictions/full/independent_rms/tcn/seed_101/bandpass_n20002_cRA_V2_V5_covariance_s0.npz,75745,8df9464461af8af996f9e9f5fbc24aa543dd5f4b8acc692dc9629669a986555e
tcn,independent_rms,101,bandpass_n20002_cLA_V3_V6_independent_rms_s20,phase2/results/predictions/full/independent_rms/tcn/seed_101/bandpass_n20002_cLA_V3_V6_independent_rms_s20.npz,76421,72660b01d383c95d2b851c2918589d79304cf1c0905954b608202f3f7da0148d
tcn,independent_rms,101,bandpass_n20002_cLA_V3_V6_independent_rms_s15,phase2/results/predictions/full/independent_rms/tcn/seed_101/bandpass_n20002_cLA_V3_V6_independent_rms_s15.npz,76396,e700f3f3fdb437f4a448e529b88809841f04f07635f149b2bf1b13e596dcc052
tcn,independent_rms,101,bandpass_n20002_cLA_V3_V6_independent_rms_s10,phase2/results/predictions/full/independent_rms/tcn/seed_101/bandpass_n20002_cLA_V3_V6_independent_rms_s10.npz,76356,c93b016414ca8767fee6875f9fe42b5ee968c634f0ab1ed56f4970de137cdd64
tcn,independent_rms,101,bandpass_n20002_cLA_V3_V6_independent_rms_s5,phase2/results/predictions/full/independent_rms/tcn/seed_101/bandpass_n20002_cLA_V3_V6_independent_rms_s5.npz,76295,6de2e8583cb094b792e973cd81bcc03a9e64748802e798bca8f316f898540412
tcn,independent_rms,101,bandpass_n20002_cLA_V3_V6_independent_rms_s0,phase2/results/predictions/full/independent_rms/tcn/seed_101/bandpass_n20002_cLA_V3_V6_independent_rms_s0.npz,76034,7b4826a4c93bf0c782eb4cfcd46242ac32c99d4326cef2ead90a3b8f8cf7c218
tcn,independent_rms,101,bandpass_n20002_cLA_V3_V6_electrode_s20,phase2/results/predictions/full/independent_rms/tcn/seed_101/bandpass_n20002_cLA_V3_V6_electrode_s20.npz,76426,594cec4f7e0aaf7f4f6648ef2de87c61d3258f3dca8b2565eee662cd3fd82ea5
tcn,independent_rms,101,bandpass_n20002_cLA_V3_V6_electrode_s15,phase2/results/predictions/full/independent_rms/tcn/seed_101/bandpass_n20002_cLA_V3_V6_electrode_s15.npz,76383,6035d94ac57c3336b66a6e447b0fe22d7528bfd0f4a7e0eb86a088e5e6241723
tcn,independent_rms,101,bandpass_n20002_cLA_V3_V6_electrode_s10,phase2/results/predictions/full/independent_rms/tcn/seed_101/bandpass_n20002_cLA_V3_V6_electrode_s10.npz,76343,c4eea2ebb1d516dce5d5daada942e991140b320933a095e0137fbd0c80be15a7
tcn,independent_rms,101,bandpass_n20002_cLA_V3_V6_electrode_s5,phase2/results/predictions/full/independent_rms/tcn/seed_101/bandpass_n20002_cLA_V3_V6_electrode_s5.npz,76171,363f81719a607b1b5d1bcb39d18c3b24705d9a9fc094b411060182cde468d80b
tcn,independent_rms,101,bandpass_n20002_cLA_V3_V6_electrode_s0,phase2/results/predictions/full/independent_rms/tcn/seed_101/bandpass_n20002_cLA_V3_V6_electrode_s0.npz,75819,5421e6ff98b7ed3d369432ca26209a9957928ebedd2cc3e5cfd0113e2a33b951
tcn,independent_rms,101,bandpass_n20002_cLA_V3_V6_covariance_s20,phase2/results/predictions/full/independent_rms/tcn/seed_101/bandpass_n20002_cLA_V3_V6_covariance_s20.npz,76415,f0846ad5b1dc619fdfeeacef9fdb61207d1cac8ec0668ba72358bc17171f0d0c
tcn,independent_rms,101,bandpass_n20002_cLA_V3_V6_covariance_s15,phase2/results/predictions/full/independent_rms/tcn/seed_101/bandpass_n20002_cLA_V3_V6_covariance_s15.npz,76416,03753665918724286d163a30abeebaf1ac1eca286cefae4f03e53cc9e673ad6d
tcn,independent_rms,101,bandpass_n20002_cLA_V3_V6_covariance_s10,phase2/results/predictions/full/independent_rms/tcn/seed_101/bandpass_n20002_cLA_V3_V6_covariance_s10.npz,76348,d67f5c02f6ddfacf1d6034691b80a473fc06568e5da657dc21e2f8804059f01d
tcn,independent_rms,101,bandpass_n20002_cLA_V3_V6_covariance_s5,phase2/results/predictions/full/independent_rms/tcn/seed_101/bandpass_n20002_cLA_V3_V6_covariance_s5.npz,76205,14f389f3ace74dd52ae60ab03ab1671017fcb32f4fba42e893432690ce59e31f
tcn,independent_rms,101,bandpass_n20002_cLA_V3_V6_covariance_s0,phase2/results/predictions/full/independent_rms/tcn/seed_101/bandpass_n20002_cLA_V3_V6_covariance_s0.npz,75827,e7120a5839ae098c908946e1cd83668bef7b4b2c07c9c4cb3c3ee76a4d89657d
tcn,independent_rms,101,bandpass_n20002_cLL_V1_V4_independent_rms_s20,phase2/results/predictions/full/independent_rms/tcn/seed_101/bandpass_n20002_cLL_V1_V4_independent_rms_s20.npz,76403,efd649cfd6c36894eea17e7f2cac331ccb3aeb5e087a6fb0e7ad1a3f083fc209
tcn,independent_rms,101,bandpass_n20002_cLL_V1_V4_independent_rms_s15,phase2/results/predictions/full/independent_rms/tcn/seed_101/bandpass_n20002_cLL_V1_V4_independent_rms_s15.npz,76399,0efe645a4d51d2cabdfbf7a3c8967643b51037f2f6fbbbfc0790d1ecbf74f52b
tcn,independent_rms,101,bandpass_n20002_cLL_V1_V4_independent_rms_s10,phase2/results/predictions/full/independent_rms/tcn/seed_101/bandpass_n20002_cLL_V1_V4_independent_rms_s10.npz,76386,329efb847535ef197f1b3e5f9debe54e9a8f4e23b674c567db1bdd489d4fd558
tcn,independent_rms,101,bandpass_n20002_cLL_V1_V4_independent_rms_s5,phase2/results/predictions/full/independent_rms/tcn/seed_101/bandpass_n20002_cLL_V1_V4_independent_rms_s5.npz,76252,d9a01cc948631993eb0b829e8b4cc93eec9657afe43b36170adb72c567967ce5
tcn,independent_rms,101,bandpass_n20002_cLL_V1_V4_independent_rms_s0,phase2/results/predictions/full/independent_rms/tcn/seed_101/bandpass_n20002_cLL_V1_V4_independent_rms_s0.npz,75943,9ccb75155c7bfe1b2ef6f4a54af5bb108e6acd1cbbd092db7c1306a70116444d
tcn,independent_rms,101,bandpass_n20002_cLL_V1_V4_electrode_s20,phase2/results/predictions/full/independent_rms/tcn/seed_101/bandpass_n20002_cLL_V1_V4_electrode_s20.npz,76384,f5a7e0ae9bec5f7b317fc6c16f83a13a2e1c2146d487066929178da631018ee5
tcn,independent_rms,101,bandpass_n20002_cLL_V1_V4_electrode_s15,phase2/results/predictions/full/independent_rms/tcn/seed_101/bandpass_n20002_cLL_V1_V4_electrode_s15.npz,76374,e9b2e57fb0c855b77e621a29684827b779a01a8ebfa1f0c9086bfcc984a327b7
tcn,independent_rms,101,bandpass_n20002_cLL_V1_V4_electrode_s10,phase2/results/predictions/full/independent_rms/tcn/seed_101/bandpass_n20002_cLL_V1_V4_electrode_s10.npz,76323,a3ad428a71c93557916e5ead01dd666bedca133a0826a2a1c00a1fd1f263a187
tcn,independent_rms,101,bandpass_n20002_cLL_V1_V4_electrode_s5,phase2/results/predictions/full/independent_rms/tcn/seed_101/bandpass_n20002_cLL_V1_V4_electrode_s5.npz,76197,ffb8c9509f2952b495aed8eca300a9e4381349ef424d70c1d925807a83a0d85e
tcn,independent_rms,101,bandpass_n20002_cLL_V1_V4_electrode_s0,phase2/results/predictions/full/independent_rms/tcn/seed_101/bandpass_n20002_cLL_V1_V4_electrode_s0.npz,75817,0a91d21c2653321f24e71116c00485bfe296b03360f19904f60d2596c0e3e664
tcn,independent_rms,101,bandpass_n20002_cLL_V1_V4_covariance_s20,phase2/results/predictions/full/independent_rms/tcn/seed_101/bandpass_n20002_cLL_V1_V4_covariance_s20.npz,76396,4451eb333680072b2738ff56d3a81cd8adefa5bdbf37fe8c573f4531eff66198
tcn,independent_rms,101,bandpass_n20002_cLL_V1_V4_covariance_s15,phase2/results/predictions/full/independent_rms/tcn/seed_101/bandpass_n20002_cLL_V1_V4_covariance_s15.npz,76398,82a57236196fa98a1a560f356deaa4cdcc0ab62539a1474e59b1b1cdb7561b66
tcn,independent_rms,101,bandpass_n20002_cLL_V1_V4_covariance_s10,phase2/results/predictions/full/independent_rms/tcn/seed_101/bandpass_n20002_cLL_V1_V4_covariance_s10.npz,76332,523c228e8e4e3d139a189286922dfa07b8d29c12e56a9f6db009f0242dec9570
tcn,independent_rms,101,bandpass_n20002_cLL_V1_V4_covariance_s5,phase2/results/predictions/full/independent_rms/tcn/seed_101/bandpass_n20002_cLL_V1_V4_covariance_s5.npz,76171,59833bc3fe4f5a29ad22985a45f905d0e9d898cd80bef43a1ef032b7c957a81c
tcn,independent_rms,101,bandpass_n20002_cLL_V1_V4_covariance_s0,phase2/results/predictions/full/independent_rms/tcn/seed_101/bandpass_n20002_cLL_V1_V4_covariance_s0.npz,75815,bc660d0b0047927c7d36c7f35b76dd6520be21e2cbaff7c369a02237da3c31ec
tcn,independent_rms,101,bandpass_n20002_call_independent_rms_s20,phase2/results/predictions/full/independent_rms/tcn/seed_101/bandpass_n20002_call_independent_rms_s20.npz,76414,5804aeb7dbc3b2831f3276275082e97ec9f7a77ca32fabf585cf166a190a1fe3
tcn,independent_rms,101,bandpass_n20002_call_independent_rms_s15,phase2/results/predictions/full/independent_rms/tcn/seed_101/bandpass_n20002_call_independent_rms_s15.npz,76383,ad45a9a4bc455bb4df17ca627cde11b107eb986a36626a6a4d2f6939d386c3a0
tcn,independent_rms,101,bandpass_n20002_call_independent_rms_s10,phase2/results/predictions/full/independent_rms/tcn/seed_101/bandpass_n20002_call_independent_rms_s10.npz,76376,b6a32d9ca709ef65a34350d4da98aa8a8c797f5c7ee63ef02033a8e74ade05ed
tcn,independent_rms,101,bandpass_n20002_call_independent_rms_s5,phase2/results/predictions/full/independent_rms/tcn/seed_101/bandpass_n20002_call_independent_rms_s5.npz,76258,ba71321b1677cec4e1d955b71685851a48d41b500bd953d00d7c0d8aa2e821d2
tcn,independent_rms,101,bandpass_n20002_call_independent_rms_s0,phase2/results/predictions/full/independent_rms/tcn/seed_101/bandpass_n20002_call_independent_rms_s0.npz,75944,821b10f3c3bbe7a7a8a814a3e20bc0b4d966eae31381a312dca79ba3dfeecfb8
tcn,independent_rms,101,bandpass_n20002_call_electrode_s20,phase2/results/predictions/full/independent_rms/tcn/seed_101/bandpass_n20002_call_electrode_s20.npz,76389,0692cd71f166fb23dbc9f1d1101d4e23860796368f25b2c9b69cd00fbbf030cd
tcn,independent_rms,101,bandpass_n20002_call_electrode_s15,phase2/results/predictions/full/independent_rms/tcn/seed_101/bandpass_n20002_call_electrode_s15.npz,76309,1015a290512ec77747baa7981ff32c8b1cc964a9097798c5181d48378a74f1c7
tcn,independent_rms,101,bandpass_n20002_call_electrode_s10,phase2/results/predictions/full/independent_rms/tcn/seed_101/bandpass_n20002_call_electrode_s10.npz,76308,8828ac64858ba87d101efd4cb07e51dd2eda3e904a58829cf4ef3bbdb6969f36
tcn,independent_rms,101,bandpass_n20002_call_electrode_s5,phase2/results/predictions/full/independent_rms/tcn/seed_101/bandpass_n20002_call_electrode_s5.npz,76089,8161c1c53aa0de9dc201148ef04c06cc6d5dea89349fc21c67ff774dd5a85d5b
tcn,independent_rms,101,bandpass_n20002_call_electrode_s0,phase2/results/predictions/full/independent_rms/tcn/seed_101/bandpass_n20002_call_electrode_s0.npz,75704,35f65508343c00af3382dc00939bb862e74b22aa973e346f8d25862ec7e83d87
tcn,independent_rms,101,bandpass_n20002_call_covariance_s20,phase2/results/predictions/full/independent_rms/tcn/seed_101/bandpass_n20002_call_covariance_s20.npz,76341,0a9d1cd260d57f3da0f093bb2681ec99a2452ed2ed3b80cc01b76dc12c0c295d
tcn,independent_rms,101,bandpass_n20002_call_covariance_s15,phase2/results/predictions/full/independent_rms/tcn/seed_101/bandpass_n20002_call_covariance_s15.npz,76343,804776ac847e2a090921be01efbe068a4828fd95fd15a9f9d71c66b6bcebc622
tcn,independent_rms,101,bandpass_n20002_call_covariance_s10,phase2/results/predictions/full/independent_rms/tcn/seed_101/bandpass_n20002_call_covariance_s10.npz,76290,0a284d2c27b8c39d9271df937d79ec8aaecbc351185aa846af3d0138ec9c78bc
tcn,independent_rms,101,bandpass_n20002_call_covariance_s5,phase2/results/predictions/full/independent_rms/tcn/seed_101/bandpass_n20002_call_covariance_s5.npz,76092,0aaa869be48ebdf77497cdcd322606ce017d4abcb1f90ace1820e451cb49c444
tcn,independent_rms,101,bandpass_n20002_call_covariance_s0,phase2/results/predictions/full/independent_rms/tcn/seed_101/bandpass_n20002_call_covariance_s0.npz,75675,81cec2a3593f0043f96dbc05694f3664b867255d19ce65ac85616ae66795b781
tcn,independent_rms,101,bandpass_n20003_cRA_LA_LL_independent_rms_s20,phase2/results/predictions/full/independent_rms/tcn/seed_101/bandpass_n20003_cRA_LA_LL_independent_rms_s20.npz,76374,5ec76418614eb69ca1ac6460f53ecd8d93aac1b248b467ca501375493aa3d98e
tcn,independent_rms,101,bandpass_n20003_cRA_LA_LL_independent_rms_s15,phase2/results/predictions/full/independent_rms/tcn/seed_101/bandpass_n20003_cRA_LA_LL_independent_rms_s15.npz,76379,a776ce6c8c08d392d488eec38dc5521465e2f51206340658ef20f3d57a70f424
tcn,independent_rms,101,bandpass_n20003_cRA_LA_LL_independent_rms_s10,phase2/results/predictions/full/independent_rms/tcn/seed_101/bandpass_n20003_cRA_LA_LL_independent_rms_s10.npz,76358,0d79065540c6d9cd6a7ace87308480905a6db5cbcca574dc2f3c7ee2878cdd7d
tcn,independent_rms,101,bandpass_n20003_cRA_LA_LL_independent_rms_s5,phase2/results/predictions/full/independent_rms/tcn/seed_101/bandpass_n20003_cRA_LA_LL_independent_rms_s5.npz,76247,765007e1fbddb165de7869bb76ae91faeefe05d7653489b1e38d6470c7aa4fe7
tcn,independent_rms,101,bandpass_n20003_cRA_LA_LL_independent_rms_s0,phase2/results/predictions/full/independent_rms/tcn/seed_101/bandpass_n20003_cRA_LA_LL_independent_rms_s0.npz,75997,3537d0825174623895a49a3932fb1ad1a957a74d670250c59ba08d88d9d32be6
tcn,independent_rms,101,bandpass_n20003_cRA_LA_LL_electrode_s20,phase2/results/predictions/full/independent_rms/tcn/seed_101/bandpass_n20003_cRA_LA_LL_electrode_s20.npz,76358,4dab946e498ff6dc62f60da3106bd7a40e14da5c2ca2529976a7954e65523b61
tcn,independent_rms,101,bandpass_n20003_cRA_LA_LL_electrode_s15,phase2/results/predictions/full/independent_rms/tcn/seed_101/bandpass_n20003_cRA_LA_LL_electrode_s15.npz,76369,9b52f43857b9518a03c3d550f4a4bb349423e011d48059d5f98e75e6d57fa04b
tcn,independent_rms,101,bandpass_n20003_cRA_LA_LL_electrode_s10,phase2/results/predictions/full/independent_rms/tcn/seed_101/bandpass_n20003_cRA_LA_LL_electrode_s10.npz,76316,518c423ac8d50d4efbfa5168af4030c36e35654685fa807508554bd1880bc6e5
tcn,independent_rms,101,bandpass_n20003_cRA_LA_LL_electrode_s5,phase2/results/predictions/full/independent_rms/tcn/seed_101/bandpass_n20003_cRA_LA_LL_electrode_s5.npz,76102,e50233261ae09247da8f7fc200b591459e3f9cc575beb95ae3f15ff86e752367
tcn,independent_rms,101,bandpass_n20003_cRA_LA_LL_electrode_s0,phase2/results/predictions/full/independent_rms/tcn/seed_101/bandpass_n20003_cRA_LA_LL_electrode_s0.npz,75638,64ca1d4568fc7d6fe6b592910f7b27b72fff84101c8f98cf715916e7e1318122
tcn,independent_rms,101,bandpass_n20003_cRA_LA_LL_covariance_s20,phase2/results/predictions/full/independent_rms/tcn/seed_101/bandpass_n20003_cRA_LA_LL_covariance_s20.npz,76371,f7a532b48318b4bc9e26b727bc137eeeff35267e34f14d3970cea94cc9cedc83
tcn,independent_rms,101,bandpass_n20003_cRA_LA_LL_covariance_s15,phase2/results/predictions/full/independent_rms/tcn/seed_101/bandpass_n20003_cRA_LA_LL_covariance_s15.npz,76358,4d38c9406653c0bccf6f919e63d8d83c4812f157881cbc057456c57b5c8b48b1
tcn,independent_rms,101,bandpass_n20003_cRA_LA_LL_covariance_s10,phase2/results/predictions/full/independent_rms/tcn/seed_101/bandpass_n20003_cRA_LA_LL_covariance_s10.npz,76274,8434d95f3cd5e80642840440273443de336f15673e6b43d745ae84c307a96070
tcn,independent_rms,101,bandpass_n20003_cRA_LA_LL_covariance_s5,phase2/results/predictions/full/independent_rms/tcn/seed_101/bandpass_n20003_cRA_LA_LL_covariance_s5.npz,76119,df420ae32b3da52ccd1618dcd76bcd7ece6490b8c4f37ce9b9c1b9e88efefa5d
tcn,independent_rms,101,bandpass_n20003_cRA_LA_LL_covariance_s0,phase2/results/predictions/full/independent_rms/tcn/seed_101/bandpass_n20003_cRA_LA_LL_covariance_s0.npz,75666,0a4fc5c7301f9fb0378a54cda3dd2adf837d8e3f0f7d69b8c83ae79ad28d0d71
tcn,independent_rms,101,bandpass_n20003_cV1_independent_rms_s20,phase2/results/predictions/full/independent_rms/tcn/seed_101/bandpass_n20003_cV1_independent_rms_s20.npz,76425,e930101b4549961058ed21ba6b16dcb51417921c72b9fb9abe779db0b16d54cd
tcn,independent_rms,101,bandpass_n20003_cV1_independent_rms_s15,phase2/results/predictions/full/independent_rms/tcn/seed_101/bandpass_n20003_cV1_independent_rms_s15.npz,76373,091144fbbe06354b1ac6ebc5c75a774869094ade0b557aa9ecdd682cdf3dbdd1
tcn,independent_rms,101,bandpass_n20003_cV1_independent_rms_s10,phase2/results/predictions/full/independent_rms/tcn/seed_101/bandpass_n20003_cV1_independent_rms_s10.npz,76355,d3222531460427570bfcfc000324c49049314b99f497727dad7001caf6105265
tcn,independent_rms,101,bandpass_n20003_cV1_independent_rms_s5,phase2/results/predictions/full/independent_rms/tcn/seed_101/bandpass_n20003_cV1_independent_rms_s5.npz,76201,16def8775b02ff737958fa732ba988d33dc659120a50dc02f8ae8e82cd39533c
tcn,independent_rms,101,bandpass_n20003_cV1_independent_rms_s0,phase2/results/predictions/full/independent_rms/tcn/seed_101/bandpass_n20003_cV1_independent_rms_s0.npz,75876,fe902ba1301909fa5b96e5fcb6b7e83727cbcd068f70dc8919eae477d6e6d4cc
tcn,independent_rms,101,bandpass_n20003_cV1_electrode_s20,phase2/results/predictions/full/independent_rms/tcn/seed_101/bandpass_n20003_cV1_electrode_s20.npz,76382,bd0a37c1e2f3cf31b6ec206ef3d59587da58b503abe8f0834b9156c87dea2dbc
tcn,independent_rms,101,bandpass_n20003_cV1_electrode_s15,phase2/results/predictions/full/independent_rms/tcn/seed_101/bandpass_n20003_cV1_electrode_s15.npz,76358,bd8aa9f24242e7f790b823209615451466e9df58aa5c125bd70227e027c20f02
tcn,independent_rms,101,bandpass_n20003_cV1_electrode_s10,phase2/results/predictions/full/independent_rms/tcn/seed_101/bandpass_n20003_cV1_electrode_s10.npz,76330,d2f60f77717b3bcd08e403788c4cd9fa81ce6c3a6f8dc4ce00ecfaeebb35a377
tcn,independent_rms,101,bandpass_n20003_cV1_electrode_s5,phase2/results/predictions/full/independent_rms/tcn/seed_101/bandpass_n20003_cV1_electrode_s5.npz,76156,0049b1efe3b5851fa8bf404c01497ba055bd2198f3c854315d46243971439d6e
tcn,independent_rms,101,bandpass_n20003_cV1_electrode_s0,phase2/results/predictions/full/independent_rms/tcn/seed_101/bandpass_n20003_cV1_electrode_s0.npz,75856,f06dee1c573a10d7ced45813e4ef62d884d2084033e54eaa9df1fb28a7740c2c
tcn,independent_rms,101,bandpass_n20003_cV1_covariance_s20,phase2/results/predictions/full/independent_rms/tcn/seed_101/bandpass_n20003_cV1_covariance_s20.npz,76391,c78b281a37fd2a5c98801201301b9b8d42cc0562db9ec9a2e2c1d2e81e311fe1
tcn,independent_rms,101,bandpass_n20003_cV1_covariance_s15,phase2/results/predictions/full/independent_rms/tcn/seed_101/bandpass_n20003_cV1_covariance_s15.npz,76342,eb344f626d3ffbd97e6bf87a3f1113c73ea3dcdb78fa681a97e6978fb7481796
tcn,independent_rms,101,bandpass_n20003_cV1_covariance_s10,phase2/results/predictions/full/independent_rms/tcn/seed_101/bandpass_n20003_cV1_covariance_s10.npz,76311,ace1819c52af0179a091c01ba56c71c4547814809853f31e9170b205cd02803d
tcn,independent_rms,101,bandpass_n20003_cV1_covariance_s5,phase2/results/predictions/full/independent_rms/tcn/seed_101/bandpass_n20003_cV1_covariance_s5.npz,76171,627b8de3f32f170abd78bafd21628bf602fbcc42cee7aad828a485ba8f786d24
tcn,independent_rms,101,bandpass_n20003_cV1_covariance_s0,phase2/results/predictions/full/independent_rms/tcn/seed_101/bandpass_n20003_cV1_covariance_s0.npz,75841,25c7b828c24ba0f79be0969efd4e919ea3fa502012ab8bf096480d47dce0bc92
tcn,independent_rms,101,bandpass_n20003_cV2_independent_rms_s20,phase2/results/predictions/full/independent_rms/tcn/seed_101/bandpass_n20003_cV2_independent_rms_s20.npz,76390,2806f35dd82a423ff5ad2241137d97a6c074b7a5e07071850d456408d075a1e0
tcn,independent_rms,101,bandpass_n20003_cV2_independent_rms_s15,phase2/results/predictions/full/independent_rms/tcn/seed_101/bandpass_n20003_cV2_independent_rms_s15.npz,76375,e81766908bdda8fdc0f30498a9f9d0ea9cec43d579913dd51c75242d7eb9a18b
tcn,independent_rms,101,bandpass_n20003_cV2_independent_rms_s10,phase2/results/predictions/full/independent_rms/tcn/seed_101/bandpass_n20003_cV2_independent_rms_s10.npz,76334,4b37fa31c50172d564a63ca1ebb771758e78e6376150db79a39a2d3eea563d1a
tcn,independent_rms,101,bandpass_n20003_cV2_independent_rms_s5,phase2/results/predictions/full/independent_rms/tcn/seed_101/bandpass_n20003_cV2_independent_rms_s5.npz,76245,1f9b7dad734d3bdea89121b935e48c13ee46022c8dd123ce6e98ff1959aa475f
tcn,independent_rms,101,bandpass_n20003_cV2_independent_rms_s0,phase2/results/predictions/full/independent_rms/tcn/seed_101/bandpass_n20003_cV2_independent_rms_s0.npz,76054,2af14a00c053ee1adefaff3a2c3f3f1c8015403f6cc02056872a22aa6455a323
tcn,independent_rms,101,bandpass_n20003_cV2_electrode_s20,phase2/results/predictions/full/independent_rms/tcn/seed_101/bandpass_n20003_cV2_electrode_s20.npz,76347,8448547927b9a982125251accdf6ac0ed3be61a2196d67d16617a7116566f3d5
tcn,independent_rms,101,bandpass_n20003_cV2_electrode_s15,phase2/results/predictions/full/independent_rms/tcn/seed_101/bandpass_n20003_cV2_electrode_s15.npz,76355,c42592d3fe52d411a4f5bbd6c5d58ce8c4adfe6d04088811e74cae643b5a7d04
tcn,independent_rms,101,bandpass_n20003_cV2_electrode_s10,phase2/results/predictions/full/independent_rms/tcn/seed_101/bandpass_n20003_cV2_electrode_s10.npz,76362,40e6326830a8932759938dda56ecfa6b11cbb603ca844833d6501b000322d923
tcn,independent_rms,101,bandpass_n20003_cV2_electrode_s5,phase2/results/predictions/full/independent_rms/tcn/seed_101/bandpass_n20003_cV2_electrode_s5.npz,76251,3df2cabaf9ee6d463d35e1f3034e1d4a837cbd680e58bf7de78ba1687050c588
tcn,independent_rms,101,bandpass_n20003_cV2_electrode_s0,phase2/results/predictions/full/independent_rms/tcn/seed_101/bandpass_n20003_cV2_electrode_s0.npz,76024,564762b30d531cfcd3dcaae3114495e42c05e153f8f9d12df56b760c08e25805
tcn,independent_rms,101,bandpass_n20003_cV2_covariance_s20,phase2/results/predictions/full/independent_rms/tcn/seed_101/bandpass_n20003_cV2_covariance_s20.npz,76388,a791216f3785f1035f12395e3c6aa08f1bcf41ada01a440536d6982bd8780c19
tcn,independent_rms,101,bandpass_n20003_cV2_covariance_s15,phase2/results/predictions/full/independent_rms/tcn/seed_101/bandpass_n20003_cV2_covariance_s15.npz,76345,3da99cf835ada9f2fe0e2809add0c0168d808d6c6b398560d36f01e0b09d52d8
tcn,independent_rms,101,bandpass_n20003_cV2_covariance_s10,phase2/results/predictions/full/independent_rms/tcn/seed_101/bandpass_n20003_cV2_covariance_s10.npz,76355,36af3b4d04c8d4f20691eeb77660fa96f86c5eca5f4d193018f5c98781a9403b
tcn,independent_rms,101,bandpass_n20003_cV2_covariance_s5,phase2/results/predictions/full/independent_rms/tcn/seed_101/bandpass_n20003_cV2_covariance_s5.npz,76210,918d4e0f4612fe00f4e5fa93658226dc085a81f4424ed7f470d0e20b266ad7b0
tcn,independent_rms,101,bandpass_n20003_cV2_covariance_s0,phase2/results/predictions/full/independent_rms/tcn/seed_101/bandpass_n20003_cV2_covariance_s0.npz,75997,3ee45315e478bdc3bd658a885e57c9c19bcad18999999b4b5eb8a6be5f3595a2
tcn,independent_rms,101,bandpass_n20003_cV3_independent_rms_s20,phase2/results/predictions/full/independent_rms/tcn/seed_101/bandpass_n20003_cV3_independent_rms_s20.npz,76391,a66a334da1f8bdfc3448d43800d7a2ea7b855d94cf9f9fc9ff40c7c2aae3fa05
tcn,independent_rms,101,bandpass_n20003_cV3_independent_rms_s15,phase2/results/predictions/full/independent_rms/tcn/seed_101/bandpass_n20003_cV3_independent_rms_s15.npz,76410,8e3322a4db4e4c72fdaa7b2ba3cd79ad3e4afcd7d4029d3beab25667828db03a
tcn,independent_rms,101,bandpass_n20003_cV3_independent_rms_s10,phase2/results/predictions/full/independent_rms/tcn/seed_101/bandpass_n20003_cV3_independent_rms_s10.npz,76361,c9403357a610f99e92a3cce2241c9aea59bb2e3cdeb511fa6634b95b65a6ef30
tcn,independent_rms,101,bandpass_n20003_cV3_independent_rms_s5,phase2/results/predictions/full/independent_rms/tcn/seed_101/bandpass_n20003_cV3_independent_rms_s5.npz,76312,c613b71d8e776c21324bb162138a2a22b17503d494d7e9a438bcfb8e72200079
tcn,independent_rms,101,bandpass_n20003_cV3_independent_rms_s0,phase2/results/predictions/full/independent_rms/tcn/seed_101/bandpass_n20003_cV3_independent_rms_s0.npz,76021,7eb4b943466b41612595a8cb49b361fe862d56eb53bf375100ae5cf7b23d257d
tcn,independent_rms,101,bandpass_n20003_cV3_electrode_s20,phase2/results/predictions/full/independent_rms/tcn/seed_101/bandpass_n20003_cV3_electrode_s20.npz,76355,c9b7a9dfa93f0e1fd4b4302ba1ca7c3bf3cc26a73c0f47e13e3c7224238257b9
tcn,independent_rms,101,bandpass_n20003_cV3_electrode_s15,phase2/results/predictions/full/independent_rms/tcn/seed_101/bandpass_n20003_cV3_electrode_s15.npz,76377,5d827ad6e4916329e9c01a2c3d9241e879774cd68f5925dc56cb1de16db13063
tcn,independent_rms,101,bandpass_n20003_cV3_electrode_s10,phase2/results/predictions/full/independent_rms/tcn/seed_101/bandpass_n20003_cV3_electrode_s10.npz,76348,cd5378132677c1783562de94763039db3d72ecc4d29e1536d58acb9c4d892e81
tcn,independent_rms,101,bandpass_n20003_cV3_electrode_s5,phase2/results/predictions/full/independent_rms/tcn/seed_101/bandpass_n20003_cV3_electrode_s5.npz,76282,c5216959396ca88afbf513e1a0460d1979912895823cca622ef65e973e140a6f
tcn,independent_rms,101,bandpass_n20003_cV3_electrode_s0,phase2/results/predictions/full/independent_rms/tcn/seed_101/bandpass_n20003_cV3_electrode_s0.npz,76015,21c0faf672c7a2ac5b032f7d92b33322a7a9cc2d3e2b84afe9e982d065fb50f9
tcn,independent_rms,101,bandpass_n20003_cV3_covariance_s20,phase2/results/predictions/full/independent_rms/tcn/seed_101/bandpass_n20003_cV3_covariance_s20.npz,76375,38c2a94ae6277911aa7bb21377e387c13cce3cb5ba2834d97bb8d551b63756e7
tcn,independent_rms,101,bandpass_n20003_cV3_covariance_s15,phase2/results/predictions/full/independent_rms/tcn/seed_101/bandpass_n20003_cV3_covariance_s15.npz,76375,1894dd642b3e56a06e00094668e1cf8e1035e9d8f2ff915ce14f99bd56758569
tcn,independent_rms,101,bandpass_n20003_cV3_covariance_s10,phase2/results/predictions/full/independent_rms/tcn/seed_101/bandpass_n20003_cV3_covariance_s10.npz,76348,4bd99c891bb61a08eef41164a7d4a28f9529e4dac91342cef31410336554886c
tcn,independent_rms,101,bandpass_n20003_cV3_covariance_s5,phase2/results/predictions/full/independent_rms/tcn/seed_101/bandpass_n20003_cV3_covariance_s5.npz,76272,e08bbf6b8dac506acee16cad3a0a921cc453425cd45169c4494f1b764f10955b
tcn,independent_rms,101,bandpass_n20003_cV3_covariance_s0,phase2/results/predictions/full/independent_rms/tcn/seed_101/bandpass_n20003_cV3_covariance_s0.npz,76011,adb3b1163d3cd9a4aa96fca543abfbac6d9a2ea24fbb4552a929475dc8e6d87f
tcn,independent_rms,101,bandpass_n20003_cV4_independent_rms_s20,phase2/results/predictions/full/independent_rms/tcn/seed_101/bandpass_n20003_cV4_independent_rms_s20.npz,76354,cd51cc2eabdec6b31f8661e7495d335356434fa10c59f75a07bb166609635d4e
tcn,independent_rms,101,bandpass_n20003_cV4_independent_rms_s15,phase2/results/predictions/full/independent_rms/tcn/seed_101/bandpass_n20003_cV4_independent_rms_s15.npz,76360,964b8c71183859b9c641101d50215701c7d8d4fdc741ff244118d24316291ce0
tcn,independent_rms,101,bandpass_n20003_cV4_independent_rms_s10,phase2/results/predictions/full/independent_rms/tcn/seed_101/bandpass_n20003_cV4_independent_rms_s10.npz,76357,76657d4f8b955cc82e10d4f615ed86d7094f66f4462bbe0dc939211d1635bf7a
tcn,independent_rms,101,bandpass_n20003_cV4_independent_rms_s5,phase2/results/predictions/full/independent_rms/tcn/seed_101/bandpass_n20003_cV4_independent_rms_s5.npz,76341,0f7b7306a3ff821db1b7cdc90cf1c3a594d0633b9ac4b5bf01a788f1fcd20478
tcn,independent_rms,101,bandpass_n20003_cV4_independent_rms_s0,phase2/results/predictions/full/independent_rms/tcn/seed_101/bandpass_n20003_cV4_independent_rms_s0.npz,76124,7a85d1d9acacf73c08459586d4a1bd3a82dee337ae16e817e128badc9cd032be
tcn,independent_rms,101,bandpass_n20003_cV4_electrode_s20,phase2/results/predictions/full/independent_rms/tcn/seed_101/bandpass_n20003_cV4_electrode_s20.npz,76359,30e72e280422262e350819ca8bd2f62fc5d56873e7a7fc9ada8bea474779ef5c
tcn,independent_rms,101,bandpass_n20003_cV4_electrode_s15,phase2/results/predictions/full/independent_rms/tcn/seed_101/bandpass_n20003_cV4_electrode_s15.npz,76376,2dfa03af9f307db3d8755f4c1885a8f1fb07bc3b885e9992149ac186da6624c2
tcn,independent_rms,101,bandpass_n20003_cV4_electrode_s10,phase2/results/predictions/full/independent_rms/tcn/seed_101/bandpass_n20003_cV4_electrode_s10.npz,76350,a08845a3813150f923b73bfd7a35bd78f3e8735841b9b780b59782f53235a31e
tcn,independent_rms,101,bandpass_n20003_cV4_electrode_s5,phase2/results/predictions/full/independent_rms/tcn/seed_101/bandpass_n20003_cV4_electrode_s5.npz,76337,a8b521fc30cf6f4e264c96b6c80cd8b1df01260b788b40d4ad835b62aed8a984
tcn,independent_rms,101,bandpass_n20003_cV4_electrode_s0,phase2/results/predictions/full/independent_rms/tcn/seed_101/bandpass_n20003_cV4_electrode_s0.npz,76122,b3dd7404c97c20681900d580077e73e04991be0994cb762f5803d058b91c6f14
tcn,independent_rms,101,bandpass_n20003_cV4_covariance_s20,phase2/results/predictions/full/independent_rms/tcn/seed_101/bandpass_n20003_cV4_covariance_s20.npz,76367,a61246bb46067f94082db4e4532ed3a275fdf4f37d366bffe964c11577329983
tcn,independent_rms,101,bandpass_n20003_cV4_covariance_s15,phase2/results/predictions/full/independent_rms/tcn/seed_101/bandpass_n20003_cV4_covariance_s15.npz,76364,bd133f5ed952d68f5b9144cc6709b5014a9a2a37dc109bf5176ae99060f8bf84
tcn,independent_rms,101,bandpass_n20003_cV4_covariance_s10,phase2/results/predictions/full/independent_rms/tcn/seed_101/bandpass_n20003_cV4_covariance_s10.npz,76340,c69b048628b5d23327a9b00bcb0716c4fd32a1c904bf1319b0b94cc1481065a9
tcn,independent_rms,101,bandpass_n20003_cV4_covariance_s5,phase2/results/predictions/full/independent_rms/tcn/seed_101/bandpass_n20003_cV4_covariance_s5.npz,76312,2f239ba399c68847abf00e390ae3ec704bf708124d40c4e76e991acabd2e4126
tcn,independent_rms,101,bandpass_n20003_cV4_covariance_s0,phase2/results/predictions/full/independent_rms/tcn/seed_101/bandpass_n20003_cV4_covariance_s0.npz,76103,7c503dbddeb13ef7677e9d65bc6db0328dac7552c5c6f3b06f8e4e3f67a14e51
tcn,independent_rms,101,bandpass_n20003_cV5_independent_rms_s20,phase2/results/predictions/full/independent_rms/tcn/seed_101/bandpass_n20003_cV5_independent_rms_s20.npz,76382,b1063fe8f0e5a3de3a5ecb30899b65ebd4884663f244719a03b6d8baf4b90adc
tcn,independent_rms,101,bandpass_n20003_cV5_independent_rms_s15,phase2/results/predictions/full/independent_rms/tcn/seed_101/bandpass_n20003_cV5_independent_rms_s15.npz,76384,be86b4c304b9733259b574a2466ab75c28f46a5d78dfa12134f5c0470c20b72b
tcn,independent_rms,101,bandpass_n20003_cV5_independent_rms_s10,phase2/results/predictions/full/independent_rms/tcn/seed_101/bandpass_n20003_cV5_independent_rms_s10.npz,76342,1b5393e42a60252a2fded212e09bcb6d716a40069155ab73f72d400947655acd
tcn,independent_rms,101,bandpass_n20003_cV5_independent_rms_s5,phase2/results/predictions/full/independent_rms/tcn/seed_101/bandpass_n20003_cV5_independent_rms_s5.npz,76299,9db2c8fda8efe87e29423d1d1d13c69b1ef3d5c4be81fc0a0ebea27039fa4136
tcn,independent_rms,101,bandpass_n20003_cV5_independent_rms_s0,phase2/results/predictions/full/independent_rms/tcn/seed_101/bandpass_n20003_cV5_independent_rms_s0.npz,76057,28fe981f78f41ca46597596f0a71662dc8f46eb62f03c6ca543f76f3440b4b0f
tcn,independent_rms,101,bandpass_n20003_cV5_electrode_s20,phase2/results/predictions/full/independent_rms/tcn/seed_101/bandpass_n20003_cV5_electrode_s20.npz,76374,80274c70a0b2a1b88efb101d0070464a973aa7b1d0f227508fc04ff6af774ba5
tcn,independent_rms,101,bandpass_n20003_cV5_electrode_s15,phase2/results/predictions/full/independent_rms/tcn/seed_101/bandpass_n20003_cV5_electrode_s15.npz,76388,2ec34e127b1c2f24f9843e32e62dae7ff2db851ba17637306ed965b0c05c0bd5
tcn,independent_rms,101,bandpass_n20003_cV5_electrode_s10,phase2/results/predictions/full/independent_rms/tcn/seed_101/bandpass_n20003_cV5_electrode_s10.npz,76390,74581aa13bbdc910d9b9f04237f9bb765867310fa4d757f7342bc8dfc2ac9d0e
tcn,independent_rms,101,bandpass_n20003_cV5_electrode_s5,phase2/results/predictions/full/independent_rms/tcn/seed_101/bandpass_n20003_cV5_electrode_s5.npz,76244,c5ff543bab6522f1793ea67aa3289455239ea94c6376a7bd915a96fd97c2fe1b
tcn,independent_rms,101,bandpass_n20003_cV5_electrode_s0,phase2/results/predictions/full/independent_rms/tcn/seed_101/bandpass_n20003_cV5_electrode_s0.npz,76059,648a4c41a8d51ca5fe7b938df57e01d196d5c72abddff798c44d8f850d3aa668
tcn,independent_rms,101,bandpass_n20003_cV5_covariance_s20,phase2/results/predictions/full/independent_rms/tcn/seed_101/bandpass_n20003_cV5_covariance_s20.npz,76348,6f3edd7aac1c0f71642475563ea57bdb7d25f4c6b2f96d37a25f1639c1ca0513
tcn,independent_rms,101,bandpass_n20003_cV5_covariance_s15,phase2/results/predictions/full/independent_rms/tcn/seed_101/bandpass_n20003_cV5_covariance_s15.npz,76389,6f933676292336c21afc352bd52c04ee8eaf340144a9b067f155cf14d0737945
tcn,independent_rms,101,bandpass_n20003_cV5_covariance_s10,phase2/results/predictions/full/independent_rms/tcn/seed_101/bandpass_n20003_cV5_covariance_s10.npz,76358,95a591845122b278770c05daedd88861c20e6e844efdc9a12b76ed1e9b413d49
tcn,independent_rms,101,bandpass_n20003_cV5_covariance_s5,phase2/results/predictions/full/independent_rms/tcn/seed_101/bandpass_n20003_cV5_covariance_s5.npz,76312,03285781bfbc4afc9f8525351da30034f6b4a3a1b757dfa78e09e3cc51aa6271
tcn,independent_rms,101,bandpass_n20003_cV5_covariance_s0,phase2/results/predictions/full/independent_rms/tcn/seed_101/bandpass_n20003_cV5_covariance_s0.npz,76054,1e605dd38d549016419e0cfe4e217401df53d86cd7c4e7251786ad04930b3065
tcn,independent_rms,101,bandpass_n20003_cV6_independent_rms_s20,phase2/results/predictions/full/independent_rms/tcn/seed_101/bandpass_n20003_cV6_independent_rms_s20.npz,76366,e01bde1034eff0b04ca5435500016de43a2c149444d4fbca95713a4130694d09
tcn,independent_rms,101,bandpass_n20003_cV6_independent_rms_s15,phase2/results/predictions/full/independent_rms/tcn/seed_101/bandpass_n20003_cV6_independent_rms_s15.npz,76370,ecf41d388dbf006bdff58d511d3bba8393301672eb66057374ef6c75e5cd96c3
tcn,independent_rms,101,bandpass_n20003_cV6_independent_rms_s10,phase2/results/predictions/full/independent_rms/tcn/seed_101/bandpass_n20003_cV6_independent_rms_s10.npz,76342,731d2414660adb646c99a5bc055c7a00018f26aa9f835a326b30bfd3fd5f02e2
tcn,independent_rms,101,bandpass_n20003_cV6_independent_rms_s5,phase2/results/predictions/full/independent_rms/tcn/seed_101/bandpass_n20003_cV6_independent_rms_s5.npz,76313,1a17e97858151d2c7667e5a9600e9d50765fe96183641a3751a5b327dc32bb00
tcn,independent_rms,101,bandpass_n20003_cV6_independent_rms_s0,phase2/results/predictions/full/independent_rms/tcn/seed_101/bandpass_n20003_cV6_independent_rms_s0.npz,76129,90b37d474b5a15a9405bbc499daa7b480f1ced3261e1442f5fe1110feb63b4f4
tcn,independent_rms,101,bandpass_n20003_cV6_electrode_s20,phase2/results/predictions/full/independent_rms/tcn/seed_101/bandpass_n20003_cV6_electrode_s20.npz,76358,9257b0752d30afd28ab5ef2a990465d419b9508a05f6bd93b635f462e23e5505
tcn,independent_rms,101,bandpass_n20003_cV6_electrode_s15,phase2/results/predictions/full/independent_rms/tcn/seed_101/bandpass_n20003_cV6_electrode_s15.npz,76380,de9b494dfc2256e330fff3e9d28e6e7fbce72c389b3d5d0cb65c13356bd6fd9c
tcn,independent_rms,101,bandpass_n20003_cV6_electrode_s10,phase2/results/predictions/full/independent_rms/tcn/seed_101/bandpass_n20003_cV6_electrode_s10.npz,76375,575cbabf1d6ec5c9286c8cb5c3affc2597fd1b669217f685da2988cdfe2419f3
tcn,independent_rms,101,bandpass_n20003_cV6_electrode_s5,phase2/results/predictions/full/independent_rms/tcn/seed_101/bandpass_n20003_cV6_electrode_s5.npz,76305,a76856b18671443e6f3a7252f72cba62844962e49aa0aad079706cb8d93838f4
tcn,independent_rms,101,bandpass_n20003_cV6_electrode_s0,phase2/results/predictions/full/independent_rms/tcn/seed_101/bandpass_n20003_cV6_electrode_s0.npz,76080,2309c2e9ff71d59068a82b3a6eafac25a774155878335bf981a49db84b0b6b77
tcn,independent_rms,101,bandpass_n20003_cV6_covariance_s20,phase2/results/predictions/full/independent_rms/tcn/seed_101/bandpass_n20003_cV6_covariance_s20.npz,76345,640971f43e70fc894150c062cc960989d49bf5bfcd8c78a9f2760140382b7da1
tcn,independent_rms,101,bandpass_n20003_cV6_covariance_s15,phase2/results/predictions/full/independent_rms/tcn/seed_101/bandpass_n20003_cV6_covariance_s15.npz,76370,d32491c7ab38dbb3c088e265d57b20a234585f4a9da79ef0f648c0d6acb34d13
tcn,independent_rms,101,bandpass_n20003_cV6_covariance_s10,phase2/results/predictions/full/independent_rms/tcn/seed_101/bandpass_n20003_cV6_covariance_s10.npz,76351,906dbb21aceaa678ccb2237c80e1d922641bf20808ac0f7d147e5627dec0792c
tcn,independent_rms,101,bandpass_n20003_cV6_covariance_s5,phase2/results/predictions/full/independent_rms/tcn/seed_101/bandpass_n20003_cV6_covariance_s5.npz,76295,76d07d8350c366b1d1d1067fd76fb3b8f50e4fe7d81403c18a8f6fd6c9661fa6
tcn,independent_rms,101,bandpass_n20003_cV6_covariance_s0,phase2/results/predictions/full/independent_rms/tcn/seed_101/bandpass_n20003_cV6_covariance_s0.npz,76111,a0a66cb9a3ff579f4624769b989d891b171044ff3e3d91d4002cd2b2193c26af
tcn,independent_rms,101,bandpass_n20003_cRA_LA_independent_rms_s20,phase2/results/predictions/full/independent_rms/tcn/seed_101/bandpass_n20003_cRA_LA_independent_rms_s20.npz,76374,285136ebf58da4af915f23d9801091550629ba363018ce6f708b09e4cb247133
tcn,independent_rms,101,bandpass_n20003_cRA_LA_independent_rms_s15,phase2/results/predictions/full/independent_rms/tcn/seed_101/bandpass_n20003_cRA_LA_independent_rms_s15.npz,76395,4bd4284da95a59f563acaf6124bdbf57768faf43f82d8cfc55e2f67dd46e4da1
tcn,independent_rms,101,bandpass_n20003_cRA_LA_independent_rms_s10,phase2/results/predictions/full/independent_rms/tcn/seed_101/bandpass_n20003_cRA_LA_independent_rms_s10.npz,76350,761a07919e5988ab160e4325f52f38f814a891b3a461fb9da167c5e3d28a533c
tcn,independent_rms,101,bandpass_n20003_cRA_LA_independent_rms_s5,phase2/results/predictions/full/independent_rms/tcn/seed_101/bandpass_n20003_cRA_LA_independent_rms_s5.npz,76269,25a964629d31851f5f4e93b9ed5e408db68679f3a8f50ca82371993afbfc2637
tcn,independent_rms,101,bandpass_n20003_cRA_LA_independent_rms_s0,phase2/results/predictions/full/independent_rms/tcn/seed_101/bandpass_n20003_cRA_LA_independent_rms_s0.npz,76028,e8af439b51bb0622a6d11b3505bb9f5143c1b4f6b7965705395260a02967462e
tcn,independent_rms,101,bandpass_n20003_cRA_LA_electrode_s20,phase2/results/predictions/full/independent_rms/tcn/seed_101/bandpass_n20003_cRA_LA_electrode_s20.npz,76378,e916c5b0a0e88234615a12d99523d7745c60fe73efe8a2866c8504d8b6d98850
tcn,independent_rms,101,bandpass_n20003_cRA_LA_electrode_s15,phase2/results/predictions/full/independent_rms/tcn/seed_101/bandpass_n20003_cRA_LA_electrode_s15.npz,76386,e61ac4a575e398ebb01ed55e2ed290fe23ba1204947c87572c90b321437a9173
tcn,independent_rms,101,bandpass_n20003_cRA_LA_electrode_s10,phase2/results/predictions/full/independent_rms/tcn/seed_101/bandpass_n20003_cRA_LA_electrode_s10.npz,76313,1af812232c054d43cd1d44feba7600280c045eb50f389b0c0df5810789df6ab6
tcn,independent_rms,101,bandpass_n20003_cRA_LA_electrode_s5,phase2/results/predictions/full/independent_rms/tcn/seed_101/bandpass_n20003_cRA_LA_electrode_s5.npz,76083,937e22e02970cd1b45fb173038b70e6e022b954dbe0d85496cdbe0fe2f55efc3
tcn,independent_rms,101,bandpass_n20003_cRA_LA_electrode_s0,phase2/results/predictions/full/independent_rms/tcn/seed_101/bandpass_n20003_cRA_LA_electrode_s0.npz,75684,5e929c5386ceb6d830d151547118237ee8d0a6f7b276f1fdca9201f476be7af0
tcn,independent_rms,101,bandpass_n20003_cRA_LA_covariance_s20,phase2/results/predictions/full/independent_rms/tcn/seed_101/bandpass_n20003_cRA_LA_covariance_s20.npz,76372,ca054fd786c5120379f74861688de21a7ed0108ea119784dfd70105c4bd41eb3
tcn,independent_rms,101,bandpass_n20003_cRA_LA_covariance_s15,phase2/results/predictions/full/independent_rms/tcn/seed_101/bandpass_n20003_cRA_LA_covariance_s15.npz,76393,88d531365ffff44250a21e652c12be2cafc6c31a06d056e09ed2e8fe028f1aa7
tcn,independent_rms,101,bandpass_n20003_cRA_LA_covariance_s10,phase2/results/predictions/full/independent_rms/tcn/seed_101/bandpass_n20003_cRA_LA_covariance_s10.npz,76327,1b73cbdb192fdcb7642b2605f0eb1d3bd6deb2df3990b6e9e629306595df22ae
tcn,independent_rms,101,bandpass_n20003_cRA_LA_covariance_s5,phase2/results/predictions/full/independent_rms/tcn/seed_101/bandpass_n20003_cRA_LA_covariance_s5.npz,76077,cd17435045b26196d3563833e54248900922af76c7010cb97e081c0a6f604816
tcn,independent_rms,101,bandpass_n20003_cRA_LA_covariance_s0,phase2/results/predictions/full/independent_rms/tcn/seed_101/bandpass_n20003_cRA_LA_covariance_s0.npz,75702,2ecd55188e32127f56de60e6fe041a164c65bcfaf7c3c10a7589f2c9ef22de84
tcn,independent_rms,101,bandpass_n20003_cLA_LL_independent_rms_s20,phase2/results/predictions/full/independent_rms/tcn/seed_101/bandpass_n20003_cLA_LL_independent_rms_s20.npz,76398,07d33b146f0bc8ee660a1f490e755aab1cf8f6f73cdd0b943b7425ffe5f3e2e5
tcn,independent_rms,101,bandpass_n20003_cLA_LL_independent_rms_s15,phase2/results/predictions/full/independent_rms/tcn/seed_101/bandpass_n20003_cLA_LL_independent_rms_s15.npz,76416,649a83517956dfdc8e0ccd917cc1c5e245ff11e455e77e0e3ca1baa8b680f694
tcn,independent_rms,101,bandpass_n20003_cLA_LL_independent_rms_s10,phase2/results/predictions/full/independent_rms/tcn/seed_101/bandpass_n20003_cLA_LL_independent_rms_s10.npz,76379,8636a7cc3161e4daf5f8bce4fe9b8de35ef43920375544cd2054800e0631e423
tcn,independent_rms,101,bandpass_n20003_cLA_LL_independent_rms_s5,phase2/results/predictions/full/independent_rms/tcn/seed_101/bandpass_n20003_cLA_LL_independent_rms_s5.npz,76269,7cf277b6819369bc3abea75e3f291f44f91008d4f3e8d343434cbef122a99aa1
tcn,independent_rms,101,bandpass_n20003_cLA_LL_independent_rms_s0,phase2/results/predictions/full/independent_rms/tcn/seed_101/bandpass_n20003_cLA_LL_independent_rms_s0.npz,75960,87201b9179476d1f45987447c85b14c347f6f351bfed168cf3c3be7d4cbd8b6e
tcn,independent_rms,101,bandpass_n20003_cLA_LL_electrode_s20,phase2/results/predictions/full/independent_rms/tcn/seed_101/bandpass_n20003_cLA_LL_electrode_s20.npz,76386,3fb8a0b2d314e5e6fb3a379570363274ca8f51a17278d5438e0636b07f08256c
tcn,independent_rms,101,bandpass_n20003_cLA_LL_electrode_s15,phase2/results/predictions/full/independent_rms/tcn/seed_101/bandpass_n20003_cLA_LL_electrode_s15.npz,76382,a068c4a53509ecc84898c93835402761badb40e23b10af6c00ebb487c519c7eb
tcn,independent_rms,101,bandpass_n20003_cLA_LL_electrode_s10,phase2/results/predictions/full/independent_rms/tcn/seed_101/bandpass_n20003_cLA_LL_electrode_s10.npz,76339,dda96c6049db3b348a6b2dbdc707ebe05667206525d75be923d30c1167be062e
tcn,independent_rms,101,bandpass_n20003_cLA_LL_electrode_s5,phase2/results/predictions/full/independent_rms/tcn/seed_101/bandpass_n20003_cLA_LL_electrode_s5.npz,76066,840b333c776d73097075437a0ad71c2d0a7b2d932d5790eed40f5212e1407dfe
tcn,independent_rms,101,bandpass_n20003_cLA_LL_electrode_s0,phase2/results/predictions/full/independent_rms/tcn/seed_101/bandpass_n20003_cLA_LL_electrode_s0.npz,75746,52feb7cde7344bd1d862680f4d82aa8dbb72776d6d0ec96cf12408b1218203b2
tcn,independent_rms,101,bandpass_n20003_cLA_LL_covariance_s20,phase2/results/predictions/full/independent_rms/tcn/seed_101/bandpass_n20003_cLA_LL_covariance_s20.npz,76388,8c874b5e23d6be3c1f4156751f10f395df39964e213f34dc526730a7116ec19d
tcn,independent_rms,101,bandpass_n20003_cLA_LL_covariance_s15,phase2/results/predictions/full/independent_rms/tcn/seed_101/bandpass_n20003_cLA_LL_covariance_s15.npz,76375,4ed10b27420265cf9af36fb6b6b6dd0b0c743b8285e6fbbf35f560febb6372e2
tcn,independent_rms,101,bandpass_n20003_cLA_LL_covariance_s10,phase2/results/predictions/full/independent_rms/tcn/seed_101/bandpass_n20003_cLA_LL_covariance_s10.npz,76298,024426e9dd869481c048679f7ef2ec33c37b1d93170b80a05595b47e563cca65
tcn,independent_rms,101,bandpass_n20003_cLA_LL_covariance_s5,phase2/results/predictions/full/independent_rms/tcn/seed_101/bandpass_n20003_cLA_LL_covariance_s5.npz,76119,b8c3a7b29eb390543a6b3d0ada35b75a7005e558bc3820fc620312a0fc1624c9
tcn,independent_rms,101,bandpass_n20003_cLA_LL_covariance_s0,phase2/results/predictions/full/independent_rms/tcn/seed_101/bandpass_n20003_cLA_LL_covariance_s0.npz,75718,a7a901eac09dfc9ffb00c826b8124faad14dee23954bd01f600d4d506a4e4029
tcn,independent_rms,101,bandpass_n20003_cRA_LL_independent_rms_s20,phase2/results/predictions/full/independent_rms/tcn/seed_101/bandpass_n20003_cRA_LL_independent_rms_s20.npz,76385,b9e20de3aea8715113f4d2191daf8319bc3b691a34f74aebb6b85d5457737ba0
tcn,independent_rms,101,bandpass_n20003_cRA_LL_independent_rms_s15,phase2/results/predictions/full/independent_rms/tcn/seed_101/bandpass_n20003_cRA_LL_independent_rms_s15.npz,76422,153474669082bf2618ed9560086a08a79a7b517665a820b7a0387964660a8782
tcn,independent_rms,101,bandpass_n20003_cRA_LL_independent_rms_s10,phase2/results/predictions/full/independent_rms/tcn/seed_101/bandpass_n20003_cRA_LL_independent_rms_s10.npz,76366,72fc5e8e5a252589c38abfd46c64d9e6d3256578fad5c73f45eeb973021d92ed
tcn,independent_rms,101,bandpass_n20003_cRA_LL_independent_rms_s5,phase2/results/predictions/full/independent_rms/tcn/seed_101/bandpass_n20003_cRA_LL_independent_rms_s5.npz,76282,92196f0a651c543e92746a278de5345cc7d6e201e7aaeb3e1d36a54ac44ff1d8
tcn,independent_rms,101,bandpass_n20003_cRA_LL_independent_rms_s0,phase2/results/predictions/full/independent_rms/tcn/seed_101/bandpass_n20003_cRA_LL_independent_rms_s0.npz,75992,7d043be1f97f42d58d78381302defdb13c2f70247c5a9ae108506547fef79e3f
tcn,independent_rms,101,bandpass_n20003_cRA_LL_electrode_s20,phase2/results/predictions/full/independent_rms/tcn/seed_101/bandpass_n20003_cRA_LL_electrode_s20.npz,76346,a0d951d20cb294a25d1e0fdba9dca1a056a1b284818efc90c4a8d97792933a4e
tcn,independent_rms,101,bandpass_n20003_cRA_LL_electrode_s15,phase2/results/predictions/full/independent_rms/tcn/seed_101/bandpass_n20003_cRA_LL_electrode_s15.npz,76381,38395588bdd5186fb228f18a16cd421407960dbbdeff7ea5a605d1cb6fad2303
tcn,independent_rms,101,bandpass_n20003_cRA_LL_electrode_s10,phase2/results/predictions/full/independent_rms/tcn/seed_101/bandpass_n20003_cRA_LL_electrode_s10.npz,76302,fb6e97836b721b7e085e172d54be6aad8a5c8ff7a3f1200e48dca0a6a1097561
tcn,independent_rms,101,bandpass_n20003_cRA_LL_electrode_s5,phase2/results/predictions/full/independent_rms/tcn/seed_101/bandpass_n20003_cRA_LL_electrode_s5.npz,76091,2ac30371aabf3f49b0f455ccbeb0fbef6646d8f81007b42c3c57f833508359ab
tcn,independent_rms,101,bandpass_n20003_cRA_LL_electrode_s0,phase2/results/predictions/full/independent_rms/tcn/seed_101/bandpass_n20003_cRA_LL_electrode_s0.npz,75637,8f7b1d4dec19fadfcfb04f6074509774f26984b6e1bd3c3ef3f324a01e715ddd
tcn,independent_rms,101,bandpass_n20003_cRA_LL_covariance_s20,phase2/results/predictions/full/independent_rms/tcn/seed_101/bandpass_n20003_cRA_LL_covariance_s20.npz,76347,22f25f08cbcc89158d4917d114b205a98e3e2b11ff12ef5115ca657e818a08cc
tcn,independent_rms,101,bandpass_n20003_cRA_LL_covariance_s15,phase2/results/predictions/full/independent_rms/tcn/seed_101/bandpass_n20003_cRA_LL_covariance_s15.npz,76350,6dffd0ff94c313d1906f25dc1fbd62a8380bb132faf6f24ac3ad9f002adf535f
tcn,independent_rms,101,bandpass_n20003_cRA_LL_covariance_s10,phase2/results/predictions/full/independent_rms/tcn/seed_101/bandpass_n20003_cRA_LL_covariance_s10.npz,76287,b1ace8e89f91995dbd0641a4a6382eec2dd78f16ffec9bcdbba73c77ccaa2f52
tcn,independent_rms,101,bandpass_n20003_cRA_LL_covariance_s5,phase2/results/predictions/full/independent_rms/tcn/seed_101/bandpass_n20003_cRA_LL_covariance_s5.npz,76052,49f6424cc21401d0e445e79a5c640323b7d8432341ab4bf94c90761b06aa633c
tcn,independent_rms,101,bandpass_n20003_cRA_LL_covariance_s0,phase2/results/predictions/full/independent_rms/tcn/seed_101/bandpass_n20003_cRA_LL_covariance_s0.npz,75624,7f94162d63d7ea785cb3a9f5c781bd48185b47c14fd531a3a3cb20e51b7ff23f
tcn,independent_rms,101,bandpass_n20003_cRA_independent_rms_s20,phase2/results/predictions/full/independent_rms/tcn/seed_101/bandpass_n20003_cRA_independent_rms_s20.npz,76410,f95ad16c5ba3aa75dde00ef247aac6cc47d4f1b72ffccbef8c7a9f1058a25a1f
tcn,independent_rms,101,bandpass_n20003_cRA_independent_rms_s15,phase2/results/predictions/full/independent_rms/tcn/seed_101/bandpass_n20003_cRA_independent_rms_s15.npz,76366,1b492cd9192e10817bef49efb7c4256308499a5a2a7f383ff5b9da9a0ab562f4
tcn,independent_rms,101,bandpass_n20003_cRA_independent_rms_s10,phase2/results/predictions/full/independent_rms/tcn/seed_101/bandpass_n20003_cRA_independent_rms_s10.npz,76341,807e92d531cefc6f58a5246ef6dc65e696e7daff22248c99ba3ac011cc56cb7c
tcn,independent_rms,101,bandpass_n20003_cRA_independent_rms_s5,phase2/results/predictions/full/independent_rms/tcn/seed_101/bandpass_n20003_cRA_independent_rms_s5.npz,76280,616420e28ccece8313c95b989a0d398cc561dd59fa866810e678e07d6c4a28ba
tcn,independent_rms,101,bandpass_n20003_cRA_independent_rms_s0,phase2/results/predictions/full/independent_rms/tcn/seed_101/bandpass_n20003_cRA_independent_rms_s0.npz,76039,2f9dc858c105ee068a2414472b5e6068d452de9efb9882b6986e59b82acc5c6e
tcn,independent_rms,101,bandpass_n20003_cRA_electrode_s20,phase2/results/predictions/full/independent_rms/tcn/seed_101/bandpass_n20003_cRA_electrode_s20.npz,76362,fbc9cb7a3f7253bf1ee95bd22c8d224d32e7c7de29f9cbe6389a75db17d83256
tcn,independent_rms,101,bandpass_n20003_cRA_electrode_s15,phase2/results/predictions/full/independent_rms/tcn/seed_101/bandpass_n20003_cRA_electrode_s15.npz,76357,1c371e185006d955c36d4e242acbcf41163d054181894edd91f27e936ddf6dbf
tcn,independent_rms,101,bandpass_n20003_cRA_electrode_s10,phase2/results/predictions/full/independent_rms/tcn/seed_101/bandpass_n20003_cRA_electrode_s10.npz,76261,6ce67db4ca21dca594b0713f7755fae372fc237018ea0254c4b80a7cbff13632
tcn,independent_rms,101,bandpass_n20003_cRA_electrode_s5,phase2/results/predictions/full/independent_rms/tcn/seed_101/bandpass_n20003_cRA_electrode_s5.npz,76089,70ec77e67408329a65c662937740768186a00d8cc7dd3a559a62a9c49db83610
tcn,independent_rms,101,bandpass_n20003_cRA_electrode_s0,phase2/results/predictions/full/independent_rms/tcn/seed_101/bandpass_n20003_cRA_electrode_s0.npz,75699,c11ae88c7f41177dd69ba223f203f6eed509b5d72714a0eec35ddb9cc2a24ddc
tcn,independent_rms,101,bandpass_n20003_cRA_covariance_s20,phase2/results/predictions/full/independent_rms/tcn/seed_101/bandpass_n20003_cRA_covariance_s20.npz,76395,8fbd542acd9ad2f664951efcfe298052926b22f95f8a90fbe3767da05ea59fbe
tcn,independent_rms,101,bandpass_n20003_cRA_covariance_s15,phase2/results/predictions/full/independent_rms/tcn/seed_101/bandpass_n20003_cRA_covariance_s15.npz,76384,26c7c74a00c8106551276f48077cde9ad242a670883003005ca638a9e53fa96d
tcn,independent_rms,101,bandpass_n20003_cRA_covariance_s10,phase2/results/predictions/full/independent_rms/tcn/seed_101/bandpass_n20003_cRA_covariance_s10.npz,76283,f67f634225681bab10f5e2db336a96d843fb44ea40074589068cf29a75056e75
tcn,independent_rms,101,bandpass_n20003_cRA_covariance_s5,phase2/results/predictions/full/independent_rms/tcn/seed_101/bandpass_n20003_cRA_covariance_s5.npz,76060,d5b2099665f0dff6c462e2cae4ba641a088d75e4e33552967b68724aba859622
tcn,independent_rms,101,bandpass_n20003_cRA_covariance_s0,phase2/results/predictions/full/independent_rms/tcn/seed_101/bandpass_n20003_cRA_covariance_s0.npz,75684,aa793fc94bbf91528c655984682131e6808ca005048421117b2f9339378f93d5
tcn,independent_rms,101,bandpass_n20003_cLA_independent_rms_s20,phase2/results/predictions/full/independent_rms/tcn/seed_101/bandpass_n20003_cLA_independent_rms_s20.npz,76407,ed6804dc2116c0efb330ca003d9a713e1550b594ddcfaf193a5d16dbb3a8cd79
tcn,independent_rms,101,bandpass_n20003_cLA_independent_rms_s15,phase2/results/predictions/full/independent_rms/tcn/seed_101/bandpass_n20003_cLA_independent_rms_s15.npz,76412,8b672c037c440dc8157f92028895b78c291ea5991dfe6bb772c984034a7c74ab
tcn,independent_rms,101,bandpass_n20003_cLA_independent_rms_s10,phase2/results/predictions/full/independent_rms/tcn/seed_101/bandpass_n20003_cLA_independent_rms_s10.npz,76352,7fcbfba398d1692f467f1202eb13fc4ea86c82ea3947b39061a7ba903a5b2427
tcn,independent_rms,101,bandpass_n20003_cLA_independent_rms_s5,phase2/results/predictions/full/independent_rms/tcn/seed_101/bandpass_n20003_cLA_independent_rms_s5.npz,76259,d3e4811632bfc72cb443552c1e653bd6a1473d4751994ad3b142162517c218aa
tcn,independent_rms,101,bandpass_n20003_cLA_independent_rms_s0,phase2/results/predictions/full/independent_rms/tcn/seed_101/bandpass_n20003_cLA_independent_rms_s0.npz,75996,1620b9a59bd0b026273856c2d2d5f3a89fa68b37ebd4235771c0f0fa93957099
tcn,independent_rms,101,bandpass_n20003_cLA_electrode_s20,phase2/results/predictions/full/independent_rms/tcn/seed_101/bandpass_n20003_cLA_electrode_s20.npz,76370,1c00525713f8f2b38e0d62098fdcd5c202af99eda52d5346d3c23a47b6ce82aa
tcn,independent_rms,101,bandpass_n20003_cLA_electrode_s15,phase2/results/predictions/full/independent_rms/tcn/seed_101/bandpass_n20003_cLA_electrode_s15.npz,76386,42d8204f27d5693e5f4537a4415931cbb08b0c1454dfab778945daed3de5a86a
tcn,independent_rms,101,bandpass_n20003_cLA_electrode_s10,phase2/results/predictions/full/independent_rms/tcn/seed_101/bandpass_n20003_cLA_electrode_s10.npz,76300,570a6389d491f130a695e7594b78d50c1810d136c4d1c0bbbdbc268d76029984
tcn,independent_rms,101,bandpass_n20003_cLA_electrode_s5,phase2/results/predictions/full/independent_rms/tcn/seed_101/bandpass_n20003_cLA_electrode_s5.npz,76139,46a5066e987f1ff218066bb314d2709e7d4fcbc74651d1d4e3bc2ff02c6da248
tcn,independent_rms,101,bandpass_n20003_cLA_electrode_s0,phase2/results/predictions/full/independent_rms/tcn/seed_101/bandpass_n20003_cLA_electrode_s0.npz,75698,bcd0020c8a6b3c4aa2abbc0ab8abcfb58a0550fef1ceeb24f2a71ab693465ae6
tcn,independent_rms,101,bandpass_n20003_cLA_covariance_s20,phase2/results/predictions/full/independent_rms/tcn/seed_101/bandpass_n20003_cLA_covariance_s20.npz,76387,297cb0a245047b00aaa697ed97df7cc958a396ea76f9f709a5faeeb3c81709dc
tcn,independent_rms,101,bandpass_n20003_cLA_covariance_s15,phase2/results/predictions/full/independent_rms/tcn/seed_101/bandpass_n20003_cLA_covariance_s15.npz,76389,d97689dc715a7b02ceeeae308ce15f133e5306566d47bc94944865398e8c6aae
tcn,independent_rms,101,bandpass_n20003_cLA_covariance_s10,phase2/results/predictions/full/independent_rms/tcn/seed_101/bandpass_n20003_cLA_covariance_s10.npz,76290,6df0261ae800493c43801bae96f57841932a12e31eda26e90ece025064e1c8dd
tcn,independent_rms,101,bandpass_n20003_cLA_covariance_s5,phase2/results/predictions/full/independent_rms/tcn/seed_101/bandpass_n20003_cLA_covariance_s5.npz,76122,efdc1d6a7ad2f0981ae2e1354c949122ac391126f3c5b3a5c8c0ec54ed3cd603
tcn,independent_rms,101,bandpass_n20003_cLA_covariance_s0,phase2/results/predictions/full/independent_rms/tcn/seed_101/bandpass_n20003_cLA_covariance_s0.npz,75718,60fb9b9045141a6bdd7113c9c277e628d45856fbca3f580f7500ab96f1b18514
tcn,independent_rms,101,bandpass_n20003_cLL_independent_rms_s20,phase2/results/predictions/full/independent_rms/tcn/seed_101/bandpass_n20003_cLL_independent_rms_s20.npz,76371,ed7872a9679297ad62c6d0c4d75d0b4dc59cfee392c550a7fe43405962d7c2ec
tcn,independent_rms,101,bandpass_n20003_cLL_independent_rms_s15,phase2/results/predictions/full/independent_rms/tcn/seed_101/bandpass_n20003_cLL_independent_rms_s15.npz,76413,1fec2a1df0fdbae641a1208591f6d81fa905b90921f40b9ff518436039ae0368
tcn,independent_rms,101,bandpass_n20003_cLL_independent_rms_s10,phase2/results/predictions/full/independent_rms/tcn/seed_101/bandpass_n20003_cLL_independent_rms_s10.npz,76336,2fc77cb2f41a917830634331a7284e4149efa04105e240d400549f9ca0c46aa9
tcn,independent_rms,101,bandpass_n20003_cLL_independent_rms_s5,phase2/results/predictions/full/independent_rms/tcn/seed_101/bandpass_n20003_cLL_independent_rms_s5.npz,76245,1f2e3df47ef16d5414fb20ff2aed7a97a596d0ecf273231b941efbd052d4093a
tcn,independent_rms,101,bandpass_n20003_cLL_independent_rms_s0,phase2/results/predictions/full/independent_rms/tcn/seed_101/bandpass_n20003_cLL_independent_rms_s0.npz,75947,ba9d0ba352b6277b11849eb4f1aef391fc458338c9dcda0f3ed9194e3f6481e1
tcn,independent_rms,101,bandpass_n20003_cLL_electrode_s20,phase2/results/predictions/full/independent_rms/tcn/seed_101/bandpass_n20003_cLL_electrode_s20.npz,76376,a31334f93c173c60ea2c0443db4316d3114fa5c0693ca4be69420dc33d96a312
tcn,independent_rms,101,bandpass_n20003_cLL_electrode_s15,phase2/results/predictions/full/independent_rms/tcn/seed_101/bandpass_n20003_cLL_electrode_s15.npz,76371,2888fabb16e6e71c2b8a0fd059fce37b529f872d1b6b9b96e7776a7ce1bf7d35
tcn,independent_rms,101,bandpass_n20003_cLL_electrode_s10,phase2/results/predictions/full/independent_rms/tcn/seed_101/bandpass_n20003_cLL_electrode_s10.npz,76326,afc03dec51412eba7c7af7bb5346e8b3a325a702c7064ef94fb802ecd2d2c96e
tcn,independent_rms,101,bandpass_n20003_cLL_electrode_s5,phase2/results/predictions/full/independent_rms/tcn/seed_101/bandpass_n20003_cLL_electrode_s5.npz,76173,ee5ced6f4b80752a9e95bd6e2b74669ef3f4a9a695ad6c4ae678ca7ddbeca533
tcn,independent_rms,101,bandpass_n20003_cLL_electrode_s0,phase2/results/predictions/full/independent_rms/tcn/seed_101/bandpass_n20003_cLL_electrode_s0.npz,75749,04b32c0af90b134eb62b38e9819e521b55c5c9e44f443f839f2f27bf547439d4
tcn,independent_rms,101,bandpass_n20003_cLL_covariance_s20,phase2/results/predictions/full/independent_rms/tcn/seed_101/bandpass_n20003_cLL_covariance_s20.npz,76391,a603997415d3752055c2db1d55f84f6502f16e2b1c6aa69b6d6aab248ed93b35
tcn,independent_rms,101,bandpass_n20003_cLL_covariance_s15,phase2/results/predictions/full/independent_rms/tcn/seed_101/bandpass_n20003_cLL_covariance_s15.npz,76361,857db58948c65f4d8310433622f8b4d1576dbe1ad604a16c3c73e468874d90ad
tcn,independent_rms,101,bandpass_n20003_cLL_covariance_s10,phase2/results/predictions/full/independent_rms/tcn/seed_101/bandpass_n20003_cLL_covariance_s10.npz,76348,843429ac34c5a8567e0b1f154c48a0027af1dbe430ab8b578ebc6720f8b48658
tcn,independent_rms,101,bandpass_n20003_cLL_covariance_s5,phase2/results/predictions/full/independent_rms/tcn/seed_101/bandpass_n20003_cLL_covariance_s5.npz,76147,3ef636ac0fd0f7249fe5622370cfcd4dde30fbc3cdb41d3d3a5589d16bd86d0e
tcn,independent_rms,101,bandpass_n20003_cLL_covariance_s0,phase2/results/predictions/full/independent_rms/tcn/seed_101/bandpass_n20003_cLL_covariance_s0.npz,75771,0f4e965868338a0f40d9ada94362919b5fa5cae56ff91b41159732c71c5cea36
tcn,independent_rms,101,bandpass_n20003_cRA_V1_independent_rms_s20,phase2/results/predictions/full/independent_rms/tcn/seed_101/bandpass_n20003_cRA_V1_independent_rms_s20.npz,76412,8424dee518a58349014e7a6477e09fe6b9798b1b7c7ae86c1aba04678f0359d7
tcn,independent_rms,101,bandpass_n20003_cRA_V1_independent_rms_s15,phase2/results/predictions/full/independent_rms/tcn/seed_101/bandpass_n20003_cRA_V1_independent_rms_s15.npz,76439,3a946ad65c2c3fc83e772640d6e0447d2c60d51d0c71d33d17c5bfb3bace1895
tcn,independent_rms,101,bandpass_n20003_cRA_V1_independent_rms_s10,phase2/results/predictions/full/independent_rms/tcn/seed_101/bandpass_n20003_cRA_V1_independent_rms_s10.npz,76364,ab679e112b17247147f0735ca7a15c20b7e5c1bce50e38d1d1f2969cee167027
tcn,independent_rms,101,bandpass_n20003_cRA_V1_independent_rms_s5,phase2/results/predictions/full/independent_rms/tcn/seed_101/bandpass_n20003_cRA_V1_independent_rms_s5.npz,76287,e8535db2387338c57f6bcd2e3cf1942300f74057df0a18d4403b3719871e919d
tcn,independent_rms,101,bandpass_n20003_cRA_V1_independent_rms_s0,phase2/results/predictions/full/independent_rms/tcn/seed_101/bandpass_n20003_cRA_V1_independent_rms_s0.npz,76004,07ea983c128ff57a054941f9071155b06329ff13595e92764266b0c84f64d770
tcn,independent_rms,101,bandpass_n20003_cRA_V1_electrode_s20,phase2/results/predictions/full/independent_rms/tcn/seed_101/bandpass_n20003_cRA_V1_electrode_s20.npz,76387,c7d8f9112e63186940aed87e77ef534ff744c30b02c10da1b8f1a784f71307d2
tcn,independent_rms,101,bandpass_n20003_cRA_V1_electrode_s15,phase2/results/predictions/full/independent_rms/tcn/seed_101/bandpass_n20003_cRA_V1_electrode_s15.npz,76373,581f29e9219801588fe7d798d63771f46790307f4b8d883b0f939fb2caec4d0d
tcn,independent_rms,101,bandpass_n20003_cRA_V1_electrode_s10,phase2/results/predictions/full/independent_rms/tcn/seed_101/bandpass_n20003_cRA_V1_electrode_s10.npz,76264,22f746da4ff9bd0d32e1447c918b4a84f9e1c53ff78d077f4ff8a0101edc26e7
tcn,independent_rms,101,bandpass_n20003_cRA_V1_electrode_s5,phase2/results/predictions/full/independent_rms/tcn/seed_101/bandpass_n20003_cRA_V1_electrode_s5.npz,76093,8f6aba8084731e43747bbb1f2b8d8b49afc403219eb643db245648c3b9bbbf5c
tcn,independent_rms,101,bandpass_n20003_cRA_V1_electrode_s0,phase2/results/predictions/full/independent_rms/tcn/seed_101/bandpass_n20003_cRA_V1_electrode_s0.npz,75704,3143a352af5a3258c246be6ab1987c511dad8d96fb07c272305f061bad444500
tcn,independent_rms,101,bandpass_n20003_cRA_V1_covariance_s20,phase2/results/predictions/full/independent_rms/tcn/seed_101/bandpass_n20003_cRA_V1_covariance_s20.npz,76386,e72222cc7a657b8d50418e69ac874f475272976a5a404fa80aff884e2ef6a7b3
tcn,independent_rms,101,bandpass_n20003_cRA_V1_covariance_s15,phase2/results/predictions/full/independent_rms/tcn/seed_101/bandpass_n20003_cRA_V1_covariance_s15.npz,76355,878527d0a72a139659388d66c0681e8d0f4d1ef7cbbcdfe4f90a51bdf211bc94
tcn,independent_rms,101,bandpass_n20003_cRA_V1_covariance_s10,phase2/results/predictions/full/independent_rms/tcn/seed_101/bandpass_n20003_cRA_V1_covariance_s10.npz,76288,859ce8709f1ef7eb2c17bc00b54a655470559f57fba68cc7160a7074aa543ee5
tcn,independent_rms,101,bandpass_n20003_cRA_V1_covariance_s5,phase2/results/predictions/full/independent_rms/tcn/seed_101/bandpass_n20003_cRA_V1_covariance_s5.npz,76086,a5311f4cfc2cdf6e411256deea48411c49cf8dad6afdedd0ba8f29a60c8f440e
tcn,independent_rms,101,bandpass_n20003_cRA_V1_covariance_s0,phase2/results/predictions/full/independent_rms/tcn/seed_101/bandpass_n20003_cRA_V1_covariance_s0.npz,75696,d139f3970495dfc93e41c0263f30c60c0a345eb67d2f0610b82eacae304f05a9
tcn,independent_rms,101,bandpass_n20003_cLA_V6_independent_rms_s20,phase2/results/predictions/full/independent_rms/tcn/seed_101/bandpass_n20003_cLA_V6_independent_rms_s20.npz,76406,f0f483e8019d679ac489e09068bb6aae3024fd5489e1c2deea1b392f7c11db42
tcn,independent_rms,101,bandpass_n20003_cLA_V6_independent_rms_s15,phase2/results/predictions/full/independent_rms/tcn/seed_101/bandpass_n20003_cLA_V6_independent_rms_s15.npz,76396,132e51cfc433039fc6a17fda4c2dc59391d291da6021dc9cd1c16001b2928571
tcn,independent_rms,101,bandpass_n20003_cLA_V6_independent_rms_s10,phase2/results/predictions/full/independent_rms/tcn/seed_101/bandpass_n20003_cLA_V6_independent_rms_s10.npz,76367,84119eaf5e0682617a0705b2eeca20c9872019d81e39cc76efdafcd60eb09a13
tcn,independent_rms,101,bandpass_n20003_cLA_V6_independent_rms_s5,phase2/results/predictions/full/independent_rms/tcn/seed_101/bandpass_n20003_cLA_V6_independent_rms_s5.npz,76299,07368a43aef020fa917dfd0def4a3b6b2af1b77e23c3105f587cc9fcc7576f61
tcn,independent_rms,101,bandpass_n20003_cLA_V6_independent_rms_s0,phase2/results/predictions/full/independent_rms/tcn/seed_101/bandpass_n20003_cLA_V6_independent_rms_s0.npz,75996,bad08e7bab719bb84e90e85bc0107d407a1d1f5e11dbd5de7874a8126356964f
tcn,independent_rms,101,bandpass_n20003_cLA_V6_electrode_s20,phase2/results/predictions/full/independent_rms/tcn/seed_101/bandpass_n20003_cLA_V6_electrode_s20.npz,76398,c9af14bd4c3e1cf360211eff562bda4951f6c78e098909d9816e17a660e96760
tcn,independent_rms,101,bandpass_n20003_cLA_V6_electrode_s15,phase2/results/predictions/full/independent_rms/tcn/seed_101/bandpass_n20003_cLA_V6_electrode_s15.npz,76396,56ef7248557e1e40d806ff1d888ce93cc533ea69adfca3f72d4595069743112b
tcn,independent_rms,101,bandpass_n20003_cLA_V6_electrode_s10,phase2/results/predictions/full/independent_rms/tcn/seed_101/bandpass_n20003_cLA_V6_electrode_s10.npz,76349,110df2ecff0e21ac95ad5a1bb019adca838cd3c8c41a1b25b7de90d79e960579
tcn,independent_rms,101,bandpass_n20003_cLA_V6_electrode_s5,phase2/results/predictions/full/independent_rms/tcn/seed_101/bandpass_n20003_cLA_V6_electrode_s5.npz,76204,67fae02e6ccc90ff40a62b188c86edf40f554a2da3350d37e06d34e6132b3212
tcn,independent_rms,101,bandpass_n20003_cLA_V6_electrode_s0,phase2/results/predictions/full/independent_rms/tcn/seed_101/bandpass_n20003_cLA_V6_electrode_s0.npz,75820,0ec13c8e2ba579bff3cc136d38843610560123a67c8b59320b2078d33bb55e1c
tcn,independent_rms,101,bandpass_n20003_cLA_V6_covariance_s20,phase2/results/predictions/full/independent_rms/tcn/seed_101/bandpass_n20003_cLA_V6_covariance_s20.npz,76400,461667aacfa25174c0518c6c9b8251373243c40893ed971b5c3fbbb848a3f940
tcn,independent_rms,101,bandpass_n20003_cLA_V6_covariance_s15,phase2/results/predictions/full/independent_rms/tcn/seed_101/bandpass_n20003_cLA_V6_covariance_s15.npz,76403,f04d80491e07261647504e5eea718d9188ed79108ca63b39993911c763ba4082
tcn,independent_rms,101,bandpass_n20003_cLA_V6_covariance_s10,phase2/results/predictions/full/independent_rms/tcn/seed_101/bandpass_n20003_cLA_V6_covariance_s10.npz,76363,3d50ffdeef8cba890e4d63e1eacb18795a26e6733c399dffe5a9e07c04277aea
tcn,independent_rms,101,bandpass_n20003_cLA_V6_covariance_s5,phase2/results/predictions/full/independent_rms/tcn/seed_101/bandpass_n20003_cLA_V6_covariance_s5.npz,76174,43af1508ca26eb5cba528a0bf1645fabec3ede4c5554d6a156e9256ca6138feb
tcn,independent_rms,101,bandpass_n20003_cLA_V6_covariance_s0,phase2/results/predictions/full/independent_rms/tcn/seed_101/bandpass_n20003_cLA_V6_covariance_s0.npz,75785,140bdf0d0b419b77d7b2c00267dfbccffc1c64bc200c0363257c376d2fa65842
tcn,independent_rms,101,bandpass_n20003_cLL_V4_independent_rms_s20,phase2/results/predictions/full/independent_rms/tcn/seed_101/bandpass_n20003_cLL_V4_independent_rms_s20.npz,76363,5cfb89a5442dd5ab9344f3a119ce74d52564ba1e9eabac76ac66f0f70adf8652
tcn,independent_rms,101,bandpass_n20003_cLL_V4_independent_rms_s15,phase2/results/predictions/full/independent_rms/tcn/seed_101/bandpass_n20003_cLL_V4_independent_rms_s15.npz,76424,86f0c2a6ff875a08878fd1446c874391ffb28e18ae20db27140e3650439c9627
tcn,independent_rms,101,bandpass_n20003_cLL_V4_independent_rms_s10,phase2/results/predictions/full/independent_rms/tcn/seed_101/bandpass_n20003_cLL_V4_independent_rms_s10.npz,76367,c32537b2220071e7abeb346aa3c9faf24df2b1cb2f4bc913393646d3a76e356e
tcn,independent_rms,101,bandpass_n20003_cLL_V4_independent_rms_s5,phase2/results/predictions/full/independent_rms/tcn/seed_101/bandpass_n20003_cLL_V4_independent_rms_s5.npz,76246,9789f1b430a97bc456ae4a3899e3bf0f93061bb6b286cd3ab442179f94d6b44c
tcn,independent_rms,101,bandpass_n20003_cLL_V4_independent_rms_s0,phase2/results/predictions/full/independent_rms/tcn/seed_101/bandpass_n20003_cLL_V4_independent_rms_s0.npz,75988,06a2cf155dde8360c516ae350a078b12f8855aaf509da9f57b3ad709c3b837d6
tcn,independent_rms,101,bandpass_n20003_cLL_V4_electrode_s20,phase2/results/predictions/full/independent_rms/tcn/seed_101/bandpass_n20003_cLL_V4_electrode_s20.npz,76397,4e20ccaa7f9688301194fa28d12b6dca6af440a852ce7dc48e0559a5c62ec51f
tcn,independent_rms,101,bandpass_n20003_cLL_V4_electrode_s15,phase2/results/predictions/full/independent_rms/tcn/seed_101/bandpass_n20003_cLL_V4_electrode_s15.npz,76403,fffad0df9aab6c7a149cab58da1c29d1c11b27a6329559edc16ac44989b12cc4
tcn,independent_rms,101,bandpass_n20003_cLL_V4_electrode_s10,phase2/results/predictions/full/independent_rms/tcn/seed_101/bandpass_n20003_cLL_V4_electrode_s10.npz,76342,532a260760642c04df024bb79184b2440f8c532ab8ad05365430bda4d9464893
tcn,independent_rms,101,bandpass_n20003_cLL_V4_electrode_s5,phase2/results/predictions/full/independent_rms/tcn/seed_101/bandpass_n20003_cLL_V4_electrode_s5.npz,76184,67f80354feac03beada8ca9cbd5b474f2d6a9a06c351f91c292b2bdc9db0ae1d
tcn,independent_rms,101,bandpass_n20003_cLL_V4_electrode_s0,phase2/results/predictions/full/independent_rms/tcn/seed_101/bandpass_n20003_cLL_V4_electrode_s0.npz,75780,27ae541404099255ddc9865d3fcbaa672af8b13541c708c20b5735e94f99099f
tcn,independent_rms,101,bandpass_n20003_cLL_V4_covariance_s20,phase2/results/predictions/full/independent_rms/tcn/seed_101/bandpass_n20003_cLL_V4_covariance_s20.npz,76382,bb63467630eed2c4749a3a737eb74971658d71f3492e14df7b1ff275d62ade1c
tcn,independent_rms,101,bandpass_n20003_cLL_V4_covariance_s15,phase2/results/predictions/full/independent_rms/tcn/seed_101/bandpass_n20003_cLL_V4_covariance_s15.npz,76401,bfd9ac65e968f695b29a4a7707699dd55448407c11fd2139d11442995f42d850
tcn,independent_rms,101,bandpass_n20003_cLL_V4_covariance_s10,phase2/results/predictions/full/independent_rms/tcn/seed_101/bandpass_n20003_cLL_V4_covariance_s10.npz,76323,2cba75f4c2d5d2a96ef59a2c5edf202e791c0b62a35ea79684ddcacdc5d29d1c
tcn,independent_rms,101,bandpass_n20003_cLL_V4_covariance_s5,phase2/results/predictions/full/independent_rms/tcn/seed_101/bandpass_n20003_cLL_V4_covariance_s5.npz,76182,9df9f964b22709a83c7c9ff8d2a32d1e8b70c185a79163a5132eacf6d166c8cc
tcn,independent_rms,101,bandpass_n20003_cLL_V4_covariance_s0,phase2/results/predictions/full/independent_rms/tcn/seed_101/bandpass_n20003_cLL_V4_covariance_s0.npz,75808,a02c38a71275387b18e1621f7d0570b264698f74aaec5571a32b4304fc0ff931
tcn,independent_rms,101,bandpass_n20003_cRA_LA_V1_V6_independent_rms_s20,phase2/results/predictions/full/independent_rms/tcn/seed_101/bandpass_n20003_cRA_LA_V1_V6_independent_rms_s20.npz,76412,1b5d7a05b9dc7ccab4deff1339d80c6c24a88f9f50ef8236aab7324faf96ab85
tcn,independent_rms,101,bandpass_n20003_cRA_LA_V1_V6_independent_rms_s15,phase2/results/predictions/full/independent_rms/tcn/seed_101/bandpass_n20003_cRA_LA_V1_V6_independent_rms_s15.npz,76407,450bec415804ed586894dbadf53d75f1751cf52b974d168f6eb05dfbf3aa8a5b
tcn,independent_rms,101,bandpass_n20003_cRA_LA_V1_V6_independent_rms_s10,phase2/results/predictions/full/independent_rms/tcn/seed_101/bandpass_n20003_cRA_LA_V1_V6_independent_rms_s10.npz,76393,4f0d05cf7674b1983f58722cb5bcbbbde6319bb64d6d33fe5565769d00b80d93
tcn,independent_rms,101,bandpass_n20003_cRA_LA_V1_V6_independent_rms_s5,phase2/results/predictions/full/independent_rms/tcn/seed_101/bandpass_n20003_cRA_LA_V1_V6_independent_rms_s5.npz,76272,fe18201b8c389ce1daaa9bf17d157bdb822c9bc07efa1d01cd83961f81a0990b
tcn,independent_rms,101,bandpass_n20003_cRA_LA_V1_V6_independent_rms_s0,phase2/results/predictions/full/independent_rms/tcn/seed_101/bandpass_n20003_cRA_LA_V1_V6_independent_rms_s0.npz,76042,44d2eb5d0a006289be10550bd500db645c48cde2cf241d3e4cecb98a36ac60fe
tcn,independent_rms,101,bandpass_n20003_cRA_LA_V1_V6_electrode_s20,phase2/results/predictions/full/independent_rms/tcn/seed_101/bandpass_n20003_cRA_LA_V1_V6_electrode_s20.npz,76386,d82d5b914b3a5211f13938a728fa6076795bb16dc2a3cdda9b17d5ddbde47748
tcn,independent_rms,101,bandpass_n20003_cRA_LA_V1_V6_electrode_s15,phase2/results/predictions/full/independent_rms/tcn/seed_101/bandpass_n20003_cRA_LA_V1_V6_electrode_s15.npz,76398,ab4886e55064e374ed3eb320d2c25a92d41bdbf63ef1d7f0671a19e53a40e335
tcn,independent_rms,101,bandpass_n20003_cRA_LA_V1_V6_electrode_s10,phase2/results/predictions/full/independent_rms/tcn/seed_101/bandpass_n20003_cRA_LA_V1_V6_electrode_s10.npz,76332,365f197f4a584025dac8ac9c006c06a8f942994b66e727e8b1eaae44ac22d03b
tcn,independent_rms,101,bandpass_n20003_cRA_LA_V1_V6_electrode_s5,phase2/results/predictions/full/independent_rms/tcn/seed_101/bandpass_n20003_cRA_LA_V1_V6_electrode_s5.npz,76094,4029f5f0fd84873108287c6133700d15d839fb4c40f0de5aa8aec44c07669c64
tcn,independent_rms,101,bandpass_n20003_cRA_LA_V1_V6_electrode_s0,phase2/results/predictions/full/independent_rms/tcn/seed_101/bandpass_n20003_cRA_LA_V1_V6_electrode_s0.npz,75696,e9800fed83ec8b8dfe255528f07a1fe32c9e81f39285805e8f28a20bad12060d
tcn,independent_rms,101,bandpass_n20003_cRA_LA_V1_V6_covariance_s20,phase2/results/predictions/full/independent_rms/tcn/seed_101/bandpass_n20003_cRA_LA_V1_V6_covariance_s20.npz,76403,7b48846e75c8adc88fe6e691d09cd004eee3de1a1cd7d2758606e09157a853fa
tcn,independent_rms,101,bandpass_n20003_cRA_LA_V1_V6_covariance_s15,phase2/results/predictions/full/independent_rms/tcn/seed_101/bandpass_n20003_cRA_LA_V1_V6_covariance_s15.npz,76325,23fcbb2fb91d3002e503d1b653ccc6ad68b747a357b663b89d07f6b5db873d22
tcn,independent_rms,101,bandpass_n20003_cRA_LA_V1_V6_covariance_s10,phase2/results/predictions/full/independent_rms/tcn/seed_101/bandpass_n20003_cRA_LA_V1_V6_covariance_s10.npz,76325,05191b081442600c711a46ab4a833f62e36cba6374d6e102c57d135eeb77ebc3
tcn,independent_rms,101,bandpass_n20003_cRA_LA_V1_V6_covariance_s5,phase2/results/predictions/full/independent_rms/tcn/seed_101/bandpass_n20003_cRA_LA_V1_V6_covariance_s5.npz,76133,5926cd8342211e3a0ec83a64472a665eb0390708eef3a64bda27551dbae3b9ea
tcn,independent_rms,101,bandpass_n20003_cRA_LA_V1_V6_covariance_s0,phase2/results/predictions/full/independent_rms/tcn/seed_101/bandpass_n20003_cRA_LA_V1_V6_covariance_s0.npz,75726,ec684f6223b3daa30821d9f838ec61a824245104b2079d7efc3eb321bd700c95
tcn,independent_rms,101,bandpass_n20003_cRA_V2_V5_independent_rms_s20,phase2/results/predictions/full/independent_rms/tcn/seed_101/bandpass_n20003_cRA_V2_V5_independent_rms_s20.npz,76401,7c830a268643a81525e81a581a6e457d96c59a1188875d6156730a9269583811
tcn,independent_rms,101,bandpass_n20003_cRA_V2_V5_independent_rms_s15,phase2/results/predictions/full/independent_rms/tcn/seed_101/bandpass_n20003_cRA_V2_V5_independent_rms_s15.npz,76388,b2821e31350f02a59ffc2ab7626c0b964c6f3a01ed359b28485aa17e3d589825
tcn,independent_rms,101,bandpass_n20003_cRA_V2_V5_independent_rms_s10,phase2/results/predictions/full/independent_rms/tcn/seed_101/bandpass_n20003_cRA_V2_V5_independent_rms_s10.npz,76370,f664b1c6c86c6fd622aed497ab306231030bba5ab1cdb78363a5581b8ffe5663
tcn,independent_rms,101,bandpass_n20003_cRA_V2_V5_independent_rms_s5,phase2/results/predictions/full/independent_rms/tcn/seed_101/bandpass_n20003_cRA_V2_V5_independent_rms_s5.npz,76305,487edcf7f9d403afea6e844f2b90a96079a390c89081508be61d05c8f521bf07
tcn,independent_rms,101,bandpass_n20003_cRA_V2_V5_independent_rms_s0,phase2/results/predictions/full/independent_rms/tcn/seed_101/bandpass_n20003_cRA_V2_V5_independent_rms_s0.npz,76038,a3c9f6ea98e070a9cf87fb001d771ad4072cdc28e26cb849300932aa76fff3ca
tcn,independent_rms,101,bandpass_n20003_cRA_V2_V5_electrode_s20,phase2/results/predictions/full/independent_rms/tcn/seed_101/bandpass_n20003_cRA_V2_V5_electrode_s20.npz,76389,05f6d8cbd0711e6dfad9d09ccce456755e15e4d6623c2dfe08031a3bc841a177
tcn,independent_rms,101,bandpass_n20003_cRA_V2_V5_electrode_s15,phase2/results/predictions/full/independent_rms/tcn/seed_101/bandpass_n20003_cRA_V2_V5_electrode_s15.npz,76369,63da1c984e3a76f3ef97fe1414d77b7b89bf67dc6f3db76e25fd8925dfd975d7
tcn,independent_rms,101,bandpass_n20003_cRA_V2_V5_electrode_s10,phase2/results/predictions/full/independent_rms/tcn/seed_101/bandpass_n20003_cRA_V2_V5_electrode_s10.npz,76340,43a365ee655672f8c110a036aca65c561aba183201f0d83efb8100f10dea610b
tcn,independent_rms,101,bandpass_n20003_cRA_V2_V5_electrode_s5,phase2/results/predictions/full/independent_rms/tcn/seed_101/bandpass_n20003_cRA_V2_V5_electrode_s5.npz,76088,7eedd45603a34ec4594ce81f9d3e007caa55e3e40277b88c948bafc011c56398
tcn,independent_rms,101,bandpass_n20003_cRA_V2_V5_electrode_s0,phase2/results/predictions/full/independent_rms/tcn/seed_101/bandpass_n20003_cRA_V2_V5_electrode_s0.npz,75790,3ee929de2aefc7fe69e781d63858a61a07fb0d4c378537893ea0e678b695cba3
tcn,independent_rms,101,bandpass_n20003_cRA_V2_V5_covariance_s20,phase2/results/predictions/full/independent_rms/tcn/seed_101/bandpass_n20003_cRA_V2_V5_covariance_s20.npz,76401,1bee3dcce8c3bc3381967eca222022c8dc0651e617b67b89f967701615617460
tcn,independent_rms,101,bandpass_n20003_cRA_V2_V5_covariance_s15,phase2/results/predictions/full/independent_rms/tcn/seed_101/bandpass_n20003_cRA_V2_V5_covariance_s15.npz,76367,e79b8f040e3ee42a95a6fb27dc9bc80c3cd290dc3367bc4f91cabd75ee071b0f
tcn,independent_rms,101,bandpass_n20003_cRA_V2_V5_covariance_s10,phase2/results/predictions/full/independent_rms/tcn/seed_101/bandpass_n20003_cRA_V2_V5_covariance_s10.npz,76278,048208ce5b62968aad7742cfd1ef99d2afd976cf0fc0e37ffa8bf280e0d353a3
tcn,independent_rms,101,bandpass_n20003_cRA_V2_V5_covariance_s5,phase2/results/predictions/full/independent_rms/tcn/seed_101/bandpass_n20003_cRA_V2_V5_covariance_s5.npz,76149,fc1fb8ffc962c8678c7fb62a74aba6ededb512e0501daebc914683781890e66c
tcn,independent_rms,101,bandpass_n20003_cRA_V2_V5_covariance_s0,phase2/results/predictions/full/independent_rms/tcn/seed_101/bandpass_n20003_cRA_V2_V5_covariance_s0.npz,75761,e321aa031a70ff3db1e8aeb7dd44ac1c7b5bc2e63595958341a47e59ada34a5e
tcn,independent_rms,101,bandpass_n20003_cLA_V3_V6_independent_rms_s20,phase2/results/predictions/full/independent_rms/tcn/seed_101/bandpass_n20003_cLA_V3_V6_independent_rms_s20.npz,76429,1823785cb8041c4851c58d53a7387ccb625276ba331b54a39774b7594067825e
tcn,independent_rms,101,bandpass_n20003_cLA_V3_V6_independent_rms_s15,phase2/results/predictions/full/independent_rms/tcn/seed_101/bandpass_n20003_cLA_V3_V6_independent_rms_s15.npz,76434,466147ad7858e301a8a3cd12fcb1a54dd2928b8e101f6c0a1ace035d924002af
tcn,independent_rms,101,bandpass_n20003_cLA_V3_V6_independent_rms_s10,phase2/results/predictions/full/independent_rms/tcn/seed_101/bandpass_n20003_cLA_V3_V6_independent_rms_s10.npz,76380,ca7cfe5aba6f3492f91b83e1b9dc96633d1a21694dd9f27be8ff2970fa3c019f
tcn,independent_rms,101,bandpass_n20003_cLA_V3_V6_independent_rms_s5,phase2/results/predictions/full/independent_rms/tcn/seed_101/bandpass_n20003_cLA_V3_V6_independent_rms_s5.npz,76296,ff6f9c394533b0b893e8a7b7fc48bfdd4571bfffd3a3dcc3d53d845170659654
tcn,independent_rms,101,bandpass_n20003_cLA_V3_V6_independent_rms_s0,phase2/results/predictions/full/independent_rms/tcn/seed_101/bandpass_n20003_cLA_V3_V6_independent_rms_s0.npz,76025,c071689a4d2d2312b347aa419adc34c485ba4c9ce7f466b3139777648bd756b0
tcn,independent_rms,101,bandpass_n20003_cLA_V3_V6_electrode_s20,phase2/results/predictions/full/independent_rms/tcn/seed_101/bandpass_n20003_cLA_V3_V6_electrode_s20.npz,76407,8589f837ac17abfec49da0f9ae5d003a3e3ebbc89deec87b97288c34217d351e
tcn,independent_rms,101,bandpass_n20003_cLA_V3_V6_electrode_s15,phase2/results/predictions/full/independent_rms/tcn/seed_101/bandpass_n20003_cLA_V3_V6_electrode_s15.npz,76388,134767d0ebe9bfff422fe174824aa680189a679cc734ff1124b7a5bb880b3dfe
tcn,independent_rms,101,bandpass_n20003_cLA_V3_V6_electrode_s10,phase2/results/predictions/full/independent_rms/tcn/seed_101/bandpass_n20003_cLA_V3_V6_electrode_s10.npz,76329,61cf592f7bbe55aca44081f9bd352ee50177b4cb5074ed0aa0b1570fa1cf5245
tcn,independent_rms,101,bandpass_n20003_cLA_V3_V6_electrode_s5,phase2/results/predictions/full/independent_rms/tcn/seed_101/bandpass_n20003_cLA_V3_V6_electrode_s5.npz,76203,2e7e7b22f0ef5a0c8e4e3a4ced64076c1194552008cd441449241b3b0fc73f08
tcn,independent_rms,101,bandpass_n20003_cLA_V3_V6_electrode_s0,phase2/results/predictions/full/independent_rms/tcn/seed_101/bandpass_n20003_cLA_V3_V6_electrode_s0.npz,75846,afdf746b4025f7cde5d89797564b6cd74ed74619a6ca43a5f6033966d87d2117
tcn,independent_rms,101,bandpass_n20003_cLA_V3_V6_covariance_s20,phase2/results/predictions/full/independent_rms/tcn/seed_101/bandpass_n20003_cLA_V3_V6_covariance_s20.npz,76402,0ab8df4f1e6ba08c82ccf09876ff61ff320b020da98e14f0404409fa13ebbb55
tcn,independent_rms,101,bandpass_n20003_cLA_V3_V6_covariance_s15,phase2/results/predictions/full/independent_rms/tcn/seed_101/bandpass_n20003_cLA_V3_V6_covariance_s15.npz,76407,c68ca859a338d81021fc10a4ea7c61f0c737c9f660fe912f1babd4b0b7e09e9e
tcn,independent_rms,101,bandpass_n20003_cLA_V3_V6_covariance_s10,phase2/results/predictions/full/independent_rms/tcn/seed_101/bandpass_n20003_cLA_V3_V6_covariance_s10.npz,76381,298e1edc1e6a3ae770f75c32c61afe63993748de6e28e5205487efa08c44863a
tcn,independent_rms,101,bandpass_n20003_cLA_V3_V6_covariance_s5,phase2/results/predictions/full/independent_rms/tcn/seed_101/bandpass_n20003_cLA_V3_V6_covariance_s5.npz,76183,fa69b1444f5273f0b36675bd0142d1553e4bf6851078b4c9d20ffc760f146765
tcn,independent_rms,101,bandpass_n20003_cLA_V3_V6_covariance_s0,phase2/results/predictions/full/independent_rms/tcn/seed_101/bandpass_n20003_cLA_V3_V6_covariance_s0.npz,75833,f72c3ec17764ad17e62bafa0b33489865bd73f131d3bc1e89f50cfe624e0fbea
tcn,independent_rms,101,bandpass_n20003_cLL_V1_V4_independent_rms_s20,phase2/results/predictions/full/independent_rms/tcn/seed_101/bandpass_n20003_cLL_V1_V4_independent_rms_s20.npz,76407,f99d9060054f39a705e2a550c4a8cf580a48785a4d72522c43a462bdc5a3b8d8
tcn,independent_rms,101,bandpass_n20003_cLL_V1_V4_independent_rms_s15,phase2/results/predictions/full/independent_rms/tcn/seed_101/bandpass_n20003_cLL_V1_V4_independent_rms_s15.npz,76400,d73f143dd3ed9dbff633970673a478f9815106fda93ad5d6aa1233f7b87647ee
tcn,independent_rms,101,bandpass_n20003_cLL_V1_V4_independent_rms_s10,phase2/results/predictions/full/independent_rms/tcn/seed_101/bandpass_n20003_cLL_V1_V4_independent_rms_s10.npz,76402,2628f289a6aa441716efbb0228309563737728b147acf8d3991bd60248986134
tcn,independent_rms,101,bandpass_n20003_cLL_V1_V4_independent_rms_s5,phase2/results/predictions/full/independent_rms/tcn/seed_101/bandpass_n20003_cLL_V1_V4_independent_rms_s5.npz,76248,3d0f3bcb323f8856dbf1a980a1f68f9629be71a2930a181e0b0c2655ce82d2cd
tcn,independent_rms,101,bandpass_n20003_cLL_V1_V4_independent_rms_s0,phase2/results/predictions/full/independent_rms/tcn/seed_101/bandpass_n20003_cLL_V1_V4_independent_rms_s0.npz,75957,c096c092f5fd9901359bbeefd115dccbc3921a6cd1611e5c55303526dcd00b03
tcn,independent_rms,101,bandpass_n20003_cLL_V1_V4_electrode_s20,phase2/results/predictions/full/independent_rms/tcn/seed_101/bandpass_n20003_cLL_V1_V4_electrode_s20.npz,76398,a077499e4a9fc3adb0493956a777e3f99f790b1d7998394b80b438062ff6783e
tcn,independent_rms,101,bandpass_n20003_cLL_V1_V4_electrode_s15,phase2/results/predictions/full/independent_rms/tcn/seed_101/bandpass_n20003_cLL_V1_V4_electrode_s15.npz,76404,33062f040eee8db7b21a0dca31de72a475f46b5a9a47be6f698bbaaacbd98963
tcn,independent_rms,101,bandpass_n20003_cLL_V1_V4_electrode_s10,phase2/results/predictions/full/independent_rms/tcn/seed_101/bandpass_n20003_cLL_V1_V4_electrode_s10.npz,76346,e0418373799268bfea66161eba8bdc4e1e9ca3fffd0c23fc8d5f84ea80d53857
tcn,independent_rms,101,bandpass_n20003_cLL_V1_V4_electrode_s5,phase2/results/predictions/full/independent_rms/tcn/seed_101/bandpass_n20003_cLL_V1_V4_electrode_s5.npz,76222,bc6cd272b5317d04863e782621e52637b920678df4f6985e2386dfd1140717ae
tcn,independent_rms,101,bandpass_n20003_cLL_V1_V4_electrode_s0,phase2/results/predictions/full/independent_rms/tcn/seed_101/bandpass_n20003_cLL_V1_V4_electrode_s0.npz,75818,3ab9b867d04d2a1bd41d1742368339006a3b8fd24ae93b1d983c22dcafd4f158
tcn,independent_rms,101,bandpass_n20003_cLL_V1_V4_covariance_s20,phase2/results/predictions/full/independent_rms/tcn/seed_101/bandpass_n20003_cLL_V1_V4_covariance_s20.npz,76406,4a28d701f59c6d797c35b21f36505319b4d216746b4b5e1625af5cca6e779c5f
tcn,independent_rms,101,bandpass_n20003_cLL_V1_V4_covariance_s15,phase2/results/predictions/full/independent_rms/tcn/seed_101/bandpass_n20003_cLL_V1_V4_covariance_s15.npz,76405,ee5476f3c4e312ced2cd8da6d0c5d8f898edb2d2260d8d0bbb71f82d614b2148
tcn,independent_rms,101,bandpass_n20003_cLL_V1_V4_covariance_s10,phase2/results/predictions/full/independent_rms/tcn/seed_101/bandpass_n20003_cLL_V1_V4_covariance_s10.npz,76365,3f343e31a9ca49772898a046beb5ad63115b1682bff7d82918c89db9f9b360aa
tcn,independent_rms,101,bandpass_n20003_cLL_V1_V4_covariance_s5,phase2/results/predictions/full/independent_rms/tcn/seed_101/bandpass_n20003_cLL_V1_V4_covariance_s5.npz,76196,52308b8b29676d1f4e7a2e2c70465b7538a828e356dcbdd11e52c31607223878
tcn,independent_rms,101,bandpass_n20003_cLL_V1_V4_covariance_s0,phase2/results/predictions/full/independent_rms/tcn/seed_101/bandpass_n20003_cLL_V1_V4_covariance_s0.npz,75821,8efb269f44168d366f2690e77fb1512d161179936efc7ed3bf930978fa7c0d98
tcn,independent_rms,101,bandpass_n20003_call_independent_rms_s20,phase2/results/predictions/full/independent_rms/tcn/seed_101/bandpass_n20003_call_independent_rms_s20.npz,76382,93f5992e8733d1d727df9abc8951dc043bc3ed50642148565178ae89bb6f02b0
tcn,independent_rms,101,bandpass_n20003_call_independent_rms_s15,phase2/results/predictions/full/independent_rms/tcn/seed_101/bandpass_n20003_call_independent_rms_s15.npz,76380,e98d4db053564a3153a007dc261767bb3779272e8180b4dc9b0b697df01b3488
tcn,independent_rms,101,bandpass_n20003_call_independent_rms_s10,phase2/results/predictions/full/independent_rms/tcn/seed_101/bandpass_n20003_call_independent_rms_s10.npz,76337,b934eafffe71abe3d50f285d55e031bdafd2e81f240cacfac9ab0b19d8238a11
tcn,independent_rms,101,bandpass_n20003_call_independent_rms_s5,phase2/results/predictions/full/independent_rms/tcn/seed_101/bandpass_n20003_call_independent_rms_s5.npz,76238,8a66fd1c163cc13739baedb8b8a6725e65bd9ba789c00a85459a4ecca0a93bee
tcn,independent_rms,101,bandpass_n20003_call_independent_rms_s0,phase2/results/predictions/full/independent_rms/tcn/seed_101/bandpass_n20003_call_independent_rms_s0.npz,75968,638a1ae35db6e3c0f778e090622a27f8da3a6ed641822676f5afc613abd4b567
tcn,independent_rms,101,bandpass_n20003_call_electrode_s20,phase2/results/predictions/full/independent_rms/tcn/seed_101/bandpass_n20003_call_electrode_s20.npz,76337,84d5ed8752f6e8dfd8a561a9a83c301c4e3cb6eb0e823c194d2e89433580a9b3
tcn,independent_rms,101,bandpass_n20003_call_electrode_s15,phase2/results/predictions/full/independent_rms/tcn/seed_101/bandpass_n20003_call_electrode_s15.npz,76348,c797c39bd920cc244f8a90550b759848241c54e567744641aa9f96406544d111
tcn,independent_rms,101,bandpass_n20003_call_electrode_s10,phase2/results/predictions/full/independent_rms/tcn/seed_101/bandpass_n20003_call_electrode_s10.npz,76316,8dddd541c4a7174cf6b9690618fe729e1009a95b8e293333820e3d153864726b
tcn,independent_rms,101,bandpass_n20003_call_electrode_s5,phase2/results/predictions/full/independent_rms/tcn/seed_101/bandpass_n20003_call_electrode_s5.npz,76109,8b6b55865afd50698f7371c85a90b31cea28cf9ffe09c3262fe2f7087464b5d4
tcn,independent_rms,101,bandpass_n20003_call_electrode_s0,phase2/results/predictions/full/independent_rms/tcn/seed_101/bandpass_n20003_call_electrode_s0.npz,75708,44148ac1a765459d79bbbb45bd88732c8fa7f9793edef00d12a05105ba58eb40
tcn,independent_rms,101,bandpass_n20003_call_covariance_s20,phase2/results/predictions/full/independent_rms/tcn/seed_101/bandpass_n20003_call_covariance_s20.npz,76356,5b2fa56cd5944bbac5b5c5790e7f48758cfad624107264f2c877e5163447ef28
tcn,independent_rms,101,bandpass_n20003_call_covariance_s15,phase2/results/predictions/full/independent_rms/tcn/seed_101/bandpass_n20003_call_covariance_s15.npz,76365,ca88931af40062700f60e88726df69a7fddf254e64fa5cdce693908a015a4aef
tcn,independent_rms,101,bandpass_n20003_call_covariance_s10,phase2/results/predictions/full/independent_rms/tcn/seed_101/bandpass_n20003_call_covariance_s10.npz,76303,1070c326b70ef9a5e4c4c3d53676b88099c27c5acbe49f27047ffb14798d5963
tcn,independent_rms,101,bandpass_n20003_call_covariance_s5,phase2/results/predictions/full/independent_rms/tcn/seed_101/bandpass_n20003_call_covariance_s5.npz,76131,a7a79cec99b31014619c24c8572dc8e231ba2d0eb9df9f07646a65b31fad3367
tcn,independent_rms,101,bandpass_n20003_call_covariance_s0,phase2/results/predictions/full/independent_rms/tcn/seed_101/bandpass_n20003_call_covariance_s0.npz,75663,0cf84095ee99f73faed2a8e18abcaf9476cb65a4e4928a1c5be2f26ff6d87fb3
tcn,independent_rms,101,bandpass_n20004_cRA_LA_LL_independent_rms_s20,phase2/results/predictions/full/independent_rms/tcn/seed_101/bandpass_n20004_cRA_LA_LL_independent_rms_s20.npz,76398,a0f2e6296887eeb7de431b1bb24c6ff0e4f6a7653f0d5cc5e3dcc1cb773dfbc1
tcn,independent_rms,101,bandpass_n20004_cRA_LA_LL_independent_rms_s15,phase2/results/predictions/full/independent_rms/tcn/seed_101/bandpass_n20004_cRA_LA_LL_independent_rms_s15.npz,76388,cd89b74fe444bb89063ea699f14983c86191375cec422d3e4bb77e699f4e9514
tcn,independent_rms,101,bandpass_n20004_cRA_LA_LL_independent_rms_s10,phase2/results/predictions/full/independent_rms/tcn/seed_101/bandpass_n20004_cRA_LA_LL_independent_rms_s10.npz,76371,6d5635d7294a083c1bb994c6b29a16de1b3407081f2e065a7c3c64c8e2d5e966
tcn,independent_rms,101,bandpass_n20004_cRA_LA_LL_independent_rms_s5,phase2/results/predictions/full/independent_rms/tcn/seed_101/bandpass_n20004_cRA_LA_LL_independent_rms_s5.npz,76240,c221ab1701f337f1e8aa053e252c246578ae356896c55ecedee7104fed72b39d
tcn,independent_rms,101,bandpass_n20004_cRA_LA_LL_independent_rms_s0,phase2/results/predictions/full/independent_rms/tcn/seed_101/bandpass_n20004_cRA_LA_LL_independent_rms_s0.npz,76004,a00129c1e2fceb161fa1f3e526c8f765fc703157aa9ec874b85e1b410b641fe8
tcn,independent_rms,101,bandpass_n20004_cRA_LA_LL_electrode_s20,phase2/results/predictions/full/independent_rms/tcn/seed_101/bandpass_n20004_cRA_LA_LL_electrode_s20.npz,76416,a6ce7952ddd3ac9249b6978f6bd4c33fba239a0718c9ff665510be7a6aacac73
tcn,independent_rms,101,bandpass_n20004_cRA_LA_LL_electrode_s15,phase2/results/predictions/full/independent_rms/tcn/seed_101/bandpass_n20004_cRA_LA_LL_electrode_s15.npz,76355,92342133072be1037c2ae2991df9a8621072169eb7d8d7334474563f4b747aa4
tcn,independent_rms,101,bandpass_n20004_cRA_LA_LL_electrode_s10,phase2/results/predictions/full/independent_rms/tcn/seed_101/bandpass_n20004_cRA_LA_LL_electrode_s10.npz,76295,eb00cf039a628bb1d15f8742fce4621de115f42b2f3b68feb2b14fefec0ab705
tcn,independent_rms,101,bandpass_n20004_cRA_LA_LL_electrode_s5,phase2/results/predictions/full/independent_rms/tcn/seed_101/bandpass_n20004_cRA_LA_LL_electrode_s5.npz,76129,6bc830cf2b90ae51c813e352c797e7232b35a37244f6283924f07f430042b07c
tcn,independent_rms,101,bandpass_n20004_cRA_LA_LL_electrode_s0,phase2/results/predictions/full/independent_rms/tcn/seed_101/bandpass_n20004_cRA_LA_LL_electrode_s0.npz,75651,971369b143faff259e17868daf62fa4d5ba614049281fae130c6ac50ea939858
tcn,independent_rms,101,bandpass_n20004_cRA_LA_LL_covariance_s20,phase2/results/predictions/full/independent_rms/tcn/seed_101/bandpass_n20004_cRA_LA_LL_covariance_s20.npz,76391,7c6e390648e9f90eff9eacd6e88daa43c2154ad44821961c76971629179bbe30
tcn,independent_rms,101,bandpass_n20004_cRA_LA_LL_covariance_s15,phase2/results/predictions/full/independent_rms/tcn/seed_101/bandpass_n20004_cRA_LA_LL_covariance_s15.npz,76376,91949f439d2080bf1c96df4729dd2984ed3ed10527be58f2e92f3a80ff7557f8
tcn,independent_rms,101,bandpass_n20004_cRA_LA_LL_covariance_s10,phase2/results/predictions/full/independent_rms/tcn/seed_101/bandpass_n20004_cRA_LA_LL_covariance_s10.npz,76295,fe606279483c02d6bbdd67423b16d053bf2092a1a958bd5ac83ffb6bb90e06c4
tcn,independent_rms,101,bandpass_n20004_cRA_LA_LL_covariance_s5,phase2/results/predictions/full/independent_rms/tcn/seed_101/bandpass_n20004_cRA_LA_LL_covariance_s5.npz,76106,d3c7a9a3397fc8b0a4c527c9a4130b087d39b2faea178892da1e8e93d16fa3ae
tcn,independent_rms,101,bandpass_n20004_cRA_LA_LL_covariance_s0,phase2/results/predictions/full/independent_rms/tcn/seed_101/bandpass_n20004_cRA_LA_LL_covariance_s0.npz,75638,0b7aea05748e01c916ca8748ff5e44d9a99156ce41eca4136ee3cb54bdaaa868
tcn,independent_rms,101,bandpass_n20004_cV1_independent_rms_s20,phase2/results/predictions/full/independent_rms/tcn/seed_101/bandpass_n20004_cV1_independent_rms_s20.npz,76403,f46465bff4d94389f59cfccbece83bc29cff7912e7b4e5cdc3f8499ced293600
tcn,independent_rms,101,bandpass_n20004_cV1_independent_rms_s15,phase2/results/predictions/full/independent_rms/tcn/seed_101/bandpass_n20004_cV1_independent_rms_s15.npz,76354,2fac13d232b44febe8d7d345c0a1187dbef7faab458d472287426eedafc1c11b
tcn,independent_rms,101,bandpass_n20004_cV1_independent_rms_s10,phase2/results/predictions/full/independent_rms/tcn/seed_101/bandpass_n20004_cV1_independent_rms_s10.npz,76357,ab58bdf2e5f11f4481cd8241ff7902a6ba82e63611d9d117ea77ad84398aa798
tcn,independent_rms,101,bandpass_n20004_cV1_independent_rms_s5,phase2/results/predictions/full/independent_rms/tcn/seed_101/bandpass_n20004_cV1_independent_rms_s5.npz,76167,6e5e5935d2f62e1f094b0101c594fd5f3723f1a8b4ec35f902ce1d057c995143
tcn,independent_rms,101,bandpass_n20004_cV1_independent_rms_s0,phase2/results/predictions/full/independent_rms/tcn/seed_101/bandpass_n20004_cV1_independent_rms_s0.npz,75857,172ee90d32e65d0674aa1a57bbb0fa6ac88fd3f5d4e00793865d22a4b16e8126
tcn,independent_rms,101,bandpass_n20004_cV1_electrode_s20,phase2/results/predictions/full/independent_rms/tcn/seed_101/bandpass_n20004_cV1_electrode_s20.npz,76405,c623d7061f3673846a2594f09ea1b772f5b95c022f4c786241f00c44fe3ca007
tcn,independent_rms,101,bandpass_n20004_cV1_electrode_s15,phase2/results/predictions/full/independent_rms/tcn/seed_101/bandpass_n20004_cV1_electrode_s15.npz,76365,2137214e6a018c3765029d36338b16b26c9aacb29a5dc0531221af500b7ebf0e
tcn,independent_rms,101,bandpass_n20004_cV1_electrode_s10,phase2/results/predictions/full/independent_rms/tcn/seed_101/bandpass_n20004_cV1_electrode_s10.npz,76312,1532d619cc73ed86f85763e333724274ddbfe12c33621b133c48d714bfa75b86
tcn,independent_rms,101,bandpass_n20004_cV1_electrode_s5,phase2/results/predictions/full/independent_rms/tcn/seed_101/bandpass_n20004_cV1_electrode_s5.npz,76178,50231482e6159501865f74f3f53478b685bf3ffb7076a1ad1d4c9b058d452957
tcn,independent_rms,101,bandpass_n20004_cV1_electrode_s0,phase2/results/predictions/full/independent_rms/tcn/seed_101/bandpass_n20004_cV1_electrode_s0.npz,75857,103c15bf295e4be1b50a316d5c83eba1e55356bc6999e7078502fdc95c40dd1b
tcn,independent_rms,101,bandpass_n20004_cV1_covariance_s20,phase2/results/predictions/full/independent_rms/tcn/seed_101/bandpass_n20004_cV1_covariance_s20.npz,76386,d591751d57b631c3795ea061d566e965ae7d0eb75046ba0b212140615387cafd
tcn,independent_rms,101,bandpass_n20004_cV1_covariance_s15,phase2/results/predictions/full/independent_rms/tcn/seed_101/bandpass_n20004_cV1_covariance_s15.npz,76343,e9184670fd03fb01069a3fc249888f230c9b5171beae586490d8408b9ad839a6
tcn,independent_rms,101,bandpass_n20004_cV1_covariance_s10,phase2/results/predictions/full/independent_rms/tcn/seed_101/bandpass_n20004_cV1_covariance_s10.npz,76331,f6878b1a908d0ad01b3efff95b1e443e006f1ef9146798cb281ddc0ce16b5c16
tcn,independent_rms,101,bandpass_n20004_cV1_covariance_s5,phase2/results/predictions/full/independent_rms/tcn/seed_101/bandpass_n20004_cV1_covariance_s5.npz,76180,a06ca8150ee53a41c8f842b87542f0145fb2ec7da48823752851b1d0dfb080fd
tcn,independent_rms,101,bandpass_n20004_cV1_covariance_s0,phase2/results/predictions/full/independent_rms/tcn/seed_101/bandpass_n20004_cV1_covariance_s0.npz,75848,89d404b7e8fbfed3df43856f1a56b1142243b5da7e54dcf97d007d9f87b0c224
tcn,independent_rms,101,bandpass_n20004_cV2_independent_rms_s20,phase2/results/predictions/full/independent_rms/tcn/seed_101/bandpass_n20004_cV2_independent_rms_s20.npz,76393,0621495699babf6c2a8b24590dc3e38acff30b055d1cb4995996c2aee29b46b8
tcn,independent_rms,101,bandpass_n20004_cV2_independent_rms_s15,phase2/results/predictions/full/independent_rms/tcn/seed_101/bandpass_n20004_cV2_independent_rms_s15.npz,76379,2347f7cca7ccba6cfdc82f62e5dcd871bc533f5a1dbc907936bc0782a0ae7f63
tcn,independent_rms,101,bandpass_n20004_cV2_independent_rms_s10,phase2/results/predictions/full/independent_rms/tcn/seed_101/bandpass_n20004_cV2_independent_rms_s10.npz,76392,a87628a97e35bf100a8d2634a1f3fc3d210542da6bc2df09ce5b211bce8edf05
tcn,independent_rms,101,bandpass_n20004_cV2_independent_rms_s5,phase2/results/predictions/full/independent_rms/tcn/seed_101/bandpass_n20004_cV2_independent_rms_s5.npz,76248,e52370b15b14efbbd883681b3806039a32b840d422da4ee4d52905a9bda4972e
tcn,independent_rms,101,bandpass_n20004_cV2_independent_rms_s0,phase2/results/predictions/full/independent_rms/tcn/seed_101/bandpass_n20004_cV2_independent_rms_s0.npz,76031,ce9aae3ed6bad5c0c17bb22684e3c6dd55fe931870e709a2beec7e71c467dbda
tcn,independent_rms,101,bandpass_n20004_cV2_electrode_s20,phase2/results/predictions/full/independent_rms/tcn/seed_101/bandpass_n20004_cV2_electrode_s20.npz,76380,c097d9dcd17e97630d4673ef02dac2ae29d1621833cd95def261f4bb2c3012d3
tcn,independent_rms,101,bandpass_n20004_cV2_electrode_s15,phase2/results/predictions/full/independent_rms/tcn/seed_101/bandpass_n20004_cV2_electrode_s15.npz,76374,0015a789d5e4cd1bbdb0753e252c48f2a27ee89d8bd3fcdfe81b3b73d28ea9d2
tcn,independent_rms,101,bandpass_n20004_cV2_electrode_s10,phase2/results/predictions/full/independent_rms/tcn/seed_101/bandpass_n20004_cV2_electrode_s10.npz,76324,beb425986cf396751ec4eb00f92c8d7400e83aabf5c842dfae205b3f6c578abd
tcn,independent_rms,101,bandpass_n20004_cV2_electrode_s5,phase2/results/predictions/full/independent_rms/tcn/seed_101/bandpass_n20004_cV2_electrode_s5.npz,76250,4fdf730f151b81439731c9e9dca6b175d6688835da5c34f797bc329f5dd0f663
tcn,independent_rms,101,bandpass_n20004_cV2_electrode_s0,phase2/results/predictions/full/independent_rms/tcn/seed_101/bandpass_n20004_cV2_electrode_s0.npz,76015,9bd20bf016a329911bf77ec78a746258b805202e239d91cc1f9f2cad85b1b7fe
tcn,independent_rms,101,bandpass_n20004_cV2_covariance_s20,phase2/results/predictions/full/independent_rms/tcn/seed_101/bandpass_n20004_cV2_covariance_s20.npz,76370,034b366a4c12eb19a5d632fe9ddfb325fca0fcf82f3a6ea9032c37255fac7a36
tcn,independent_rms,101,bandpass_n20004_cV2_covariance_s15,phase2/results/predictions/full/independent_rms/tcn/seed_101/bandpass_n20004_cV2_covariance_s15.npz,76386,8a36e76623011a8418d317401dd6f6545fb3af3aa71b04752f43a342518866dc
tcn,independent_rms,101,bandpass_n20004_cV2_covariance_s10,phase2/results/predictions/full/independent_rms/tcn/seed_101/bandpass_n20004_cV2_covariance_s10.npz,76352,fc4a28462b79420923ba3cfbb758f23eeb82c5019c3472907c919338e86d500c
tcn,independent_rms,101,bandpass_n20004_cV2_covariance_s5,phase2/results/predictions/full/independent_rms/tcn/seed_101/bandpass_n20004_cV2_covariance_s5.npz,76260,648643067d171329c42380628d8cbae9b0740d147d655f594ea0b6a594539037
tcn,independent_rms,101,bandpass_n20004_cV2_covariance_s0,phase2/results/predictions/full/independent_rms/tcn/seed_101/bandpass_n20004_cV2_covariance_s0.npz,76018,e4b382d279c19878f21c9f88995eb7d1bdf8aaab3173763d40ad8a1ae7b570e4
tcn,independent_rms,101,bandpass_n20004_cV3_independent_rms_s20,phase2/results/predictions/full/independent_rms/tcn/seed_101/bandpass_n20004_cV3_independent_rms_s20.npz,76385,c5f843e7a2a84ca608e9fb3f19dd0bd082e998aa6dd972ff1cdc053ca2ea275c
tcn,independent_rms,101,bandpass_n20004_cV3_independent_rms_s15,phase2/results/predictions/full/independent_rms/tcn/seed_101/bandpass_n20004_cV3_independent_rms_s15.npz,76417,7dab9ce57b49a876bf4a3f8aba5a0021b2217ad5037261995c09e80b10b70993
tcn,independent_rms,101,bandpass_n20004_cV3_independent_rms_s10,phase2/results/predictions/full/independent_rms/tcn/seed_101/bandpass_n20004_cV3_independent_rms_s10.npz,76381,d3f0083556310e256774594353bc9d3b31fc114dead093efa60095b9d20a07db
tcn,independent_rms,101,bandpass_n20004_cV3_independent_rms_s5,phase2/results/predictions/full/independent_rms/tcn/seed_101/bandpass_n20004_cV3_independent_rms_s5.npz,76287,813a69b7c6bca432ce697f8610f1790f1b7435defacbb639fd47eda5c162d75b
tcn,independent_rms,101,bandpass_n20004_cV3_independent_rms_s0,phase2/results/predictions/full/independent_rms/tcn/seed_101/bandpass_n20004_cV3_independent_rms_s0.npz,76068,d7cb034c7ccb026c82539bb34712a1583431bac294d4055d0dec642ee82fb107
tcn,independent_rms,101,bandpass_n20004_cV3_electrode_s20,phase2/results/predictions/full/independent_rms/tcn/seed_101/bandpass_n20004_cV3_electrode_s20.npz,76382,b6cef120e081cc282111e3e50a1dbae86019e8c98b8daf00f67d6b9b7df8a678
tcn,independent_rms,101,bandpass_n20004_cV3_electrode_s15,phase2/results/predictions/full/independent_rms/tcn/seed_101/bandpass_n20004_cV3_electrode_s15.npz,76359,550c716d05ffc6f35f3ed188ea3e04f6e6eb8be0a97250b22f9e113c9ec8737a
tcn,independent_rms,101,bandpass_n20004_cV3_electrode_s10,phase2/results/predictions/full/independent_rms/tcn/seed_101/bandpass_n20004_cV3_electrode_s10.npz,76360,755ff2bd67d788f25ac94adb2056d59fe1dec30797b51d4d12306680a5146118
tcn,independent_rms,101,bandpass_n20004_cV3_electrode_s5,phase2/results/predictions/full/independent_rms/tcn/seed_101/bandpass_n20004_cV3_electrode_s5.npz,76272,6a6a8acc1661716546e0b0900fd481e6b1b80d50890ec79ababace07265948fd
tcn,independent_rms,101,bandpass_n20004_cV3_electrode_s0,phase2/results/predictions/full/independent_rms/tcn/seed_101/bandpass_n20004_cV3_electrode_s0.npz,76033,8cc6a457d2b7e13c6a4a46e236d04479dd9bafcd69dd933546feabe0afcddd67
tcn,independent_rms,101,bandpass_n20004_cV3_covariance_s20,phase2/results/predictions/full/independent_rms/tcn/seed_101/bandpass_n20004_cV3_covariance_s20.npz,76349,a8a1957d4a51d8546864d5bfecce5e0a87a1fea3adc61c53a235e14419b0fe9c
tcn,independent_rms,101,bandpass_n20004_cV3_covariance_s15,phase2/results/predictions/full/independent_rms/tcn/seed_101/bandpass_n20004_cV3_covariance_s15.npz,76381,4f10ce1f6de081fbfdda4bb727a2f9e61ec9364aa1cd0e03907a423e8cb54aee
tcn,independent_rms,101,bandpass_n20004_cV3_covariance_s10,phase2/results/predictions/full/independent_rms/tcn/seed_101/bandpass_n20004_cV3_covariance_s10.npz,76344,5364f22c1a431ec15390a240b6c1cb198b3aefd745eddcd38cf7265c6a60d68f
tcn,independent_rms,101,bandpass_n20004_cV3_covariance_s5,phase2/results/predictions/full/independent_rms/tcn/seed_101/bandpass_n20004_cV3_covariance_s5.npz,76292,a629c42a001717060b8ba44232b2813dda20789f41b1520daf663fb082bc280d
tcn,independent_rms,101,bandpass_n20004_cV3_covariance_s0,phase2/results/predictions/full/independent_rms/tcn/seed_101/bandpass_n20004_cV3_covariance_s0.npz,76027,2dd37144dc776b02ff5003aa5d1b392003f7e1072055c966f92e3bc9fc2f4c71
tcn,independent_rms,101,bandpass_n20004_cV4_independent_rms_s20,phase2/results/predictions/full/independent_rms/tcn/seed_101/bandpass_n20004_cV4_independent_rms_s20.npz,76364,c845764e178d4509232d46ee1a2b6c8e4ac847cc5c42155fed4f96cd86c27479
tcn,independent_rms,101,bandpass_n20004_cV4_independent_rms_s15,phase2/results/predictions/full/independent_rms/tcn/seed_101/bandpass_n20004_cV4_independent_rms_s15.npz,76368,a4bcf64f7a28a327ec5cec46d96bb755b602593291e66b7dd96b250862cde7f6
tcn,independent_rms,101,bandpass_n20004_cV4_independent_rms_s10,phase2/results/predictions/full/independent_rms/tcn/seed_101/bandpass_n20004_cV4_independent_rms_s10.npz,76352,5856abaad2e2c5cc319f80793e25b11c8b8f2f6140ddaa2495096b84a654e138
tcn,independent_rms,101,bandpass_n20004_cV4_independent_rms_s5,phase2/results/predictions/full/independent_rms/tcn/seed_101/bandpass_n20004_cV4_independent_rms_s5.npz,76318,3e6c54dfa6b7087829d2ea121b700629a9957ae9a2ec9bb2451f6103e6e096f0
tcn,independent_rms,101,bandpass_n20004_cV4_independent_rms_s0,phase2/results/predictions/full/independent_rms/tcn/seed_101/bandpass_n20004_cV4_independent_rms_s0.npz,76117,f6d6bb354a909dcd6b1c3936572c091ae206418d5f9d6b87cb20b7bb2c69aec2
tcn,independent_rms,101,bandpass_n20004_cV4_electrode_s20,phase2/results/predictions/full/independent_rms/tcn/seed_101/bandpass_n20004_cV4_electrode_s20.npz,76391,2fc9fad50dad0367ea02415c31a57434ee2c738866185b81da090f938c314517
tcn,independent_rms,101,bandpass_n20004_cV4_electrode_s15,phase2/results/predictions/full/independent_rms/tcn/seed_101/bandpass_n20004_cV4_electrode_s15.npz,76366,75f492be8de1d539707cad090d08af226553ad0932fb4f2534b26c85ee8eb25a
tcn,independent_rms,101,bandpass_n20004_cV4_electrode_s10,phase2/results/predictions/full/independent_rms/tcn/seed_101/bandpass_n20004_cV4_electrode_s10.npz,76364,38b470e8eb1c9a9dca6acb634dfe8e623bead7ee2e2681813ff4aa4009617bcc
tcn,independent_rms,101,bandpass_n20004_cV4_electrode_s5,phase2/results/predictions/full/independent_rms/tcn/seed_101/bandpass_n20004_cV4_electrode_s5.npz,76319,2516212f1240321f1cc47b3739f0686bdaa21ce7d19e6ea99844fab9655127b5
tcn,independent_rms,101,bandpass_n20004_cV4_electrode_s0,phase2/results/predictions/full/independent_rms/tcn/seed_101/bandpass_n20004_cV4_electrode_s0.npz,76110,dd9aabe97eb20368cc3fd2c906dc980bc228d3b20cb9c546daa08be0c44002b4
tcn,independent_rms,101,bandpass_n20004_cV4_covariance_s20,phase2/results/predictions/full/independent_rms/tcn/seed_101/bandpass_n20004_cV4_covariance_s20.npz,76385,86cd7f10ddeea3bc5baede7a78bdaecff9267940242c341530244c883894c16e
tcn,independent_rms,101,bandpass_n20004_cV4_covariance_s15,phase2/results/predictions/full/independent_rms/tcn/seed_101/bandpass_n20004_cV4_covariance_s15.npz,76354,cef83ee92ba469ee113e9bb7d37675477ce294b7ed67d081e959e81d8da42719
tcn,independent_rms,101,bandpass_n20004_cV4_covariance_s10,phase2/results/predictions/full/independent_rms/tcn/seed_101/bandpass_n20004_cV4_covariance_s10.npz,76317,b4d11ab4ccca6c50a599e6e1487cc2c59a4c24f037e71ff61e0c510149435065
tcn,independent_rms,101,bandpass_n20004_cV4_covariance_s5,phase2/results/predictions/full/independent_rms/tcn/seed_101/bandpass_n20004_cV4_covariance_s5.npz,76319,257583daa4d5f7dab6d453fb1b91d197eb4d32d70b8c81dee5328249db929a43
tcn,independent_rms,101,bandpass_n20004_cV4_covariance_s0,phase2/results/predictions/full/independent_rms/tcn/seed_101/bandpass_n20004_cV4_covariance_s0.npz,76082,ce487e602bd6c20ede718318d6b0a6cfc7b682d5a160a934abb3be37fcca13fa
tcn,independent_rms,101,bandpass_n20004_cV5_independent_rms_s20,phase2/results/predictions/full/independent_rms/tcn/seed_101/bandpass_n20004_cV5_independent_rms_s20.npz,76360,d8f61cfb2d9aee817edbb3c1e6b2f4b82cd7814b495cf4459037db72283eb7e3
tcn,independent_rms,101,bandpass_n20004_cV5_independent_rms_s15,phase2/results/predictions/full/independent_rms/tcn/seed_101/bandpass_n20004_cV5_independent_rms_s15.npz,76375,a18099f79aad42c0d0eca053346b76450afdfc77fffa0c5b8276642591c00739
tcn,independent_rms,101,bandpass_n20004_cV5_independent_rms_s10,phase2/results/predictions/full/independent_rms/tcn/seed_101/bandpass_n20004_cV5_independent_rms_s10.npz,76358,3786b7dfdcd0c173d24eda2acbe1b04c06f503b29a7402444c9050e4625682d7
tcn,independent_rms,101,bandpass_n20004_cV5_independent_rms_s5,phase2/results/predictions/full/independent_rms/tcn/seed_101/bandpass_n20004_cV5_independent_rms_s5.npz,76279,42161f4b8492c18db8add88f0774cca695780d985328ffb90b6f3e33117b12d4
tcn,independent_rms,101,bandpass_n20004_cV5_independent_rms_s0,phase2/results/predictions/full/independent_rms/tcn/seed_101/bandpass_n20004_cV5_independent_rms_s0.npz,76046,52e4c7b8fc6916aa520879065254c088e788182ce27bf5162e66999a8e145269
tcn,independent_rms,101,bandpass_n20004_cV5_electrode_s20,phase2/results/predictions/full/independent_rms/tcn/seed_101/bandpass_n20004_cV5_electrode_s20.npz,76370,1854b573d2155b819ecf1c03cc9332829c292da924d0f9d52dc5724985ea3413
tcn,independent_rms,101,bandpass_n20004_cV5_electrode_s15,phase2/results/predictions/full/independent_rms/tcn/seed_101/bandpass_n20004_cV5_electrode_s15.npz,76387,b73659b6ac2a456be14af5d8183b9e4f19ced299146d9178e0b52388175e2198
tcn,independent_rms,101,bandpass_n20004_cV5_electrode_s10,phase2/results/predictions/full/independent_rms/tcn/seed_101/bandpass_n20004_cV5_electrode_s10.npz,76378,1a6640a073d84b102317dc8573ba7194bdc8466388e78cdecff7e4ba0a60fc0e
tcn,independent_rms,101,bandpass_n20004_cV5_electrode_s5,phase2/results/predictions/full/independent_rms/tcn/seed_101/bandpass_n20004_cV5_electrode_s5.npz,76270,963502f9a8cde02513c53ff74292e71037820cf68e6f69cbc3bb3eaeb4f19ae0
tcn,independent_rms,101,bandpass_n20004_cV5_electrode_s0,phase2/results/predictions/full/independent_rms/tcn/seed_101/bandpass_n20004_cV5_electrode_s0.npz,76053,5a16782970c57340d0b93bcccf8fed0bf7042b8b78b620a822b07db73f8e9af8
tcn,independent_rms,101,bandpass_n20004_cV5_covariance_s20,phase2/results/predictions/full/independent_rms/tcn/seed_101/bandpass_n20004_cV5_covariance_s20.npz,76388,d6e56dd6237c82219932d44c222052c50cd86cf205faac502b15b007d71af68c
tcn,independent_rms,101,bandpass_n20004_cV5_covariance_s15,phase2/results/predictions/full/independent_rms/tcn/seed_101/bandpass_n20004_cV5_covariance_s15.npz,76348,371e08a3b40529059b5d569378ca9dcf31b532a343a758c5e9cf49a146905828
tcn,independent_rms,101,bandpass_n20004_cV5_covariance_s10,phase2/results/predictions/full/independent_rms/tcn/seed_101/bandpass_n20004_cV5_covariance_s10.npz,76341,2366c632b2eaddf4f9b30a0a650372a6aa38268f4804ba3708f33e4a9ed42525
tcn,independent_rms,101,bandpass_n20004_cV5_covariance_s5,phase2/results/predictions/full/independent_rms/tcn/seed_101/bandpass_n20004_cV5_covariance_s5.npz,76281,b9df40f0ebc3689d7c9848098765b9233a04e8e1ecbd7681ebbb2cf303305ab6
tcn,independent_rms,101,bandpass_n20004_cV5_covariance_s0,phase2/results/predictions/full/independent_rms/tcn/seed_101/bandpass_n20004_cV5_covariance_s0.npz,76048,070e19381ef99bb2e5cd4f0e61d6f32d053fe2b88b5966c74e49f3bbccf22955
tcn,independent_rms,101,bandpass_n20004_cV6_independent_rms_s20,phase2/results/predictions/full/independent_rms/tcn/seed_101/bandpass_n20004_cV6_independent_rms_s20.npz,76398,db7f0ce99591839a9a5108896141e6b8ea6b4107021feb770e8fe7407ec60c1a
tcn,independent_rms,101,bandpass_n20004_cV6_independent_rms_s15,phase2/results/predictions/full/independent_rms/tcn/seed_101/bandpass_n20004_cV6_independent_rms_s15.npz,76381,32421558fe442b86d256a094cdf081a4d7ab025f57cf40ffbe84e5298d0308ca
tcn,independent_rms,101,bandpass_n20004_cV6_independent_rms_s10,phase2/results/predictions/full/independent_rms/tcn/seed_101/bandpass_n20004_cV6_independent_rms_s10.npz,76328,e3de51552c2ce892687cb3e4651e38ecd7f405958b4e1dd2ba7ed44168bc8e4f
tcn,independent_rms,101,bandpass_n20004_cV6_independent_rms_s5,phase2/results/predictions/full/independent_rms/tcn/seed_101/bandpass_n20004_cV6_independent_rms_s5.npz,76315,ae5782f6af932d6f82c23545ac74131ae166f1ad166541873ecc8fb76e179525
tcn,independent_rms,101,bandpass_n20004_cV6_independent_rms_s0,phase2/results/predictions/full/independent_rms/tcn/seed_101/bandpass_n20004_cV6_independent_rms_s0.npz,76126,7802780198db689ebd29a4ce967c36b27c0783ec664aaa8142f859e3939ed0bc
tcn,independent_rms,101,bandpass_n20004_cV6_electrode_s20,phase2/results/predictions/full/independent_rms/tcn/seed_101/bandpass_n20004_cV6_electrode_s20.npz,76377,16becfbd5d0b0691bc9159408ad7c49a3812f5376f4ef572b0befbe79a916260
tcn,independent_rms,101,bandpass_n20004_cV6_electrode_s15,phase2/results/predictions/full/independent_rms/tcn/seed_101/bandpass_n20004_cV6_electrode_s15.npz,76366,2f5c7847555159ed25cd07ab294e8110f84ecd0672752ec64e072ce91817ef61
tcn,independent_rms,101,bandpass_n20004_cV6_electrode_s10,phase2/results/predictions/full/independent_rms/tcn/seed_101/bandpass_n20004_cV6_electrode_s10.npz,76324,82f47a6be4625b6b2ecf89041219f453603cbdb6e263a5d2b95ad4126062e157
tcn,independent_rms,101,bandpass_n20004_cV6_electrode_s5,phase2/results/predictions/full/independent_rms/tcn/seed_101/bandpass_n20004_cV6_electrode_s5.npz,76285,68c67f3b2913c86da6d4a7f050c603d62fd6b5a44e8a7f4cbfc758264180778c
tcn,independent_rms,101,bandpass_n20004_cV6_electrode_s0,phase2/results/predictions/full/independent_rms/tcn/seed_101/bandpass_n20004_cV6_electrode_s0.npz,76081,37bcaa8e81bf7f43b4757c7b0f473441ad1d7d88c4923941bffc47878845bd98
tcn,independent_rms,101,bandpass_n20004_cV6_covariance_s20,phase2/results/predictions/full/independent_rms/tcn/seed_101/bandpass_n20004_cV6_covariance_s20.npz,76372,929668676bbbbb780eb97ade8c486f410d7bcbf4f1dea6234f2b3d9608010eaf
tcn,independent_rms,101,bandpass_n20004_cV6_covariance_s15,phase2/results/predictions/full/independent_rms/tcn/seed_101/bandpass_n20004_cV6_covariance_s15.npz,76368,af33e826efea870f4117af7450323044e71415eaedcd0659e7997796e4ac02ed
tcn,independent_rms,101,bandpass_n20004_cV6_covariance_s10,phase2/results/predictions/full/independent_rms/tcn/seed_101/bandpass_n20004_cV6_covariance_s10.npz,76370,1b866ac8c5ebea01a1a09938077a35ad11860e1e07bea3eb6aa480b9deb37718
tcn,independent_rms,101,bandpass_n20004_cV6_covariance_s5,phase2/results/predictions/full/independent_rms/tcn/seed_101/bandpass_n20004_cV6_covariance_s5.npz,76315,e732018bab6f466272462706e42419002bb7251e776682c4628da71855ddf9c0
tcn,independent_rms,101,bandpass_n20004_cV6_covariance_s0,phase2/results/predictions/full/independent_rms/tcn/seed_101/bandpass_n20004_cV6_covariance_s0.npz,76128,01f51ff068dccf611417eaf57e929660bc2798a7d2d4ad7c7196d0390801e778
tcn,independent_rms,101,bandpass_n20004_cRA_LA_independent_rms_s20,phase2/results/predictions/full/independent_rms/tcn/seed_101/bandpass_n20004_cRA_LA_independent_rms_s20.npz,76390,a6d0e0e7213ca83cfa10f8135888d0d5aada8a3fe19cb332dd683c6e8f45f92a
tcn,independent_rms,101,bandpass_n20004_cRA_LA_independent_rms_s15,phase2/results/predictions/full/independent_rms/tcn/seed_101/bandpass_n20004_cRA_LA_independent_rms_s15.npz,76367,26cf59f317407e958dda8a25256598d5dc5460eda4790041da6aff708c92eb7f
tcn,independent_rms,101,bandpass_n20004_cRA_LA_independent_rms_s10,phase2/results/predictions/full/independent_rms/tcn/seed_101/bandpass_n20004_cRA_LA_independent_rms_s10.npz,76365,37e6e57b77a76d7083e55c4221111232f47fd408dada86c59b373c1ba5ea06dd
tcn,independent_rms,101,bandpass_n20004_cRA_LA_independent_rms_s5,phase2/results/predictions/full/independent_rms/tcn/seed_101/bandpass_n20004_cRA_LA_independent_rms_s5.npz,76254,5db64f822b84442150ebd95e94eeecfe236bd553d7a6bb24950473f172ba7ae9
tcn,independent_rms,101,bandpass_n20004_cRA_LA_independent_rms_s0,phase2/results/predictions/full/independent_rms/tcn/seed_101/bandpass_n20004_cRA_LA_independent_rms_s0.npz,76017,4f49e20b13575855c5498a6f0502809a6e4a750d724049f03e3cefe9207c2d23
tcn,independent_rms,101,bandpass_n20004_cRA_LA_electrode_s20,phase2/results/predictions/full/independent_rms/tcn/seed_101/bandpass_n20004_cRA_LA_electrode_s20.npz,76394,e548b2787c7e2f7539517ef9f353964d5877a16c48794429ea391bbe4401d9db
tcn,independent_rms,101,bandpass_n20004_cRA_LA_electrode_s15,phase2/results/predictions/full/independent_rms/tcn/seed_101/bandpass_n20004_cRA_LA_electrode_s15.npz,76337,da24c55f9bb4b4e9d956fb8d282b3360a1d88d001bd34c0750334b6aa3a21e1c
tcn,independent_rms,101,bandpass_n20004_cRA_LA_electrode_s10,phase2/results/predictions/full/independent_rms/tcn/seed_101/bandpass_n20004_cRA_LA_electrode_s10.npz,76291,50c45e9f8fa6eb1a70e87e0c386414593e55e9a9d312d2182cd7d18db9701fda
tcn,independent_rms,101,bandpass_n20004_cRA_LA_electrode_s5,phase2/results/predictions/full/independent_rms/tcn/seed_101/bandpass_n20004_cRA_LA_electrode_s5.npz,76113,fffe81d1c4b65e6db731890f3d131f0f2ce169234c1e66a8cd3c1a41643f3483
tcn,independent_rms,101,bandpass_n20004_cRA_LA_electrode_s0,phase2/results/predictions/full/independent_rms/tcn/seed_101/bandpass_n20004_cRA_LA_electrode_s0.npz,75663,8fd081a187ca5e8dd2557f9dc5f3918e14eec784ab38a1df50849a8d2ad223d7
tcn,independent_rms,101,bandpass_n20004_cRA_LA_covariance_s20,phase2/results/predictions/full/independent_rms/tcn/seed_101/bandpass_n20004_cRA_LA_covariance_s20.npz,76341,70aad4e530c605916f6a8699489686d104f783bc6e2e4a3f837780b7bda184ba
tcn,independent_rms,101,bandpass_n20004_cRA_LA_covariance_s15,phase2/results/predictions/full/independent_rms/tcn/seed_101/bandpass_n20004_cRA_LA_covariance_s15.npz,76376,eeec913cdd3d446f229bdb965f25d14a09450a9169928bcb845a022f5f762829
tcn,independent_rms,101,bandpass_n20004_cRA_LA_covariance_s10,phase2/results/predictions/full/independent_rms/tcn/seed_101/bandpass_n20004_cRA_LA_covariance_s10.npz,76287,2c49dd87a20052fb72b64351ff24840f066eeae31a326b53958643984644f6e5
tcn,independent_rms,101,bandpass_n20004_cRA_LA_covariance_s5,phase2/results/predictions/full/independent_rms/tcn/seed_101/bandpass_n20004_cRA_LA_covariance_s5.npz,76063,4d1e433c4e10241e10ea7332b0747068056e08603fde2730f65da42b0d853ea5
tcn,independent_rms,101,bandpass_n20004_cRA_LA_covariance_s0,phase2/results/predictions/full/independent_rms/tcn/seed_101/bandpass_n20004_cRA_LA_covariance_s0.npz,75661,71a19a37b77e3d2a7a64e27966b3dccff1b266fcd4728b73a4d14e68ea0f32cf
tcn,independent_rms,101,bandpass_n20004_cLA_LL_independent_rms_s20,phase2/results/predictions/full/independent_rms/tcn/seed_101/bandpass_n20004_cLA_LL_independent_rms_s20.npz,76411,4ad7d142042b69d120ba76fb8fd57c9a6184c1b18416e0eeb1bf3a08a26bdcdc
tcn,independent_rms,101,bandpass_n20004_cLA_LL_independent_rms_s15,phase2/results/predictions/full/independent_rms/tcn/seed_101/bandpass_n20004_cLA_LL_independent_rms_s15.npz,76375,d55ff56224078d5d81cddbf35760a203e1b2cf077700e1b14c9622f68e68bdc4
tcn,independent_rms,101,bandpass_n20004_cLA_LL_independent_rms_s10,phase2/results/predictions/full/independent_rms/tcn/seed_101/bandpass_n20004_cLA_LL_independent_rms_s10.npz,76360,d95bdd8f341d69583cab6ee6cd91729c462fd92efb83f22055d66d2467051daf
tcn,independent_rms,101,bandpass_n20004_cLA_LL_independent_rms_s5,phase2/results/predictions/full/independent_rms/tcn/seed_101/bandpass_n20004_cLA_LL_independent_rms_s5.npz,76258,0669d5f35b2634d410ca474659d0069fb3dace010ba26073a568ca0aaec0c113
tcn,independent_rms,101,bandpass_n20004_cLA_LL_independent_rms_s0,phase2/results/predictions/full/independent_rms/tcn/seed_101/bandpass_n20004_cLA_LL_independent_rms_s0.npz,75990,86ae0fba1c655c0e8d27652e5cee5e8b27eafe4e2ae41dcadf4b56c6ce2f9dde
tcn,independent_rms,101,bandpass_n20004_cLA_LL_electrode_s20,phase2/results/predictions/full/independent_rms/tcn/seed_101/bandpass_n20004_cLA_LL_electrode_s20.npz,76410,da7d9c96cfa3f040502abcb9b66471e5b449d18824a8314ac5a6bdaf339dd7a2
tcn,independent_rms,101,bandpass_n20004_cLA_LL_electrode_s15,phase2/results/predictions/full/independent_rms/tcn/seed_101/bandpass_n20004_cLA_LL_electrode_s15.npz,76378,65e874fdf2d9e68a98828305c09396e399893e172b0221c0208c244f48a37d87
tcn,independent_rms,101,bandpass_n20004_cLA_LL_electrode_s10,phase2/results/predictions/full/independent_rms/tcn/seed_101/bandpass_n20004_cLA_LL_electrode_s10.npz,76341,86d39b83535f380d0beb53b6628cab4435647e99ee7f62f93ecd12ad874037c1
tcn,independent_rms,101,bandpass_n20004_cLA_LL_electrode_s5,phase2/results/predictions/full/independent_rms/tcn/seed_101/bandpass_n20004_cLA_LL_electrode_s5.npz,76142,e5731cabc3e2471dd9898d7b2b770036a73ba0d2c27e650f0b3c1072000c90f0
tcn,independent_rms,101,bandpass_n20004_cLA_LL_electrode_s0,phase2/results/predictions/full/independent_rms/tcn/seed_101/bandpass_n20004_cLA_LL_electrode_s0.npz,75769,d3c9dc00b3857e80c8930e7c09c96e48430055e90f6e2d15d0132d845c2b62b3
tcn,independent_rms,101,bandpass_n20004_cLA_LL_covariance_s20,phase2/results/predictions/full/independent_rms/tcn/seed_101/bandpass_n20004_cLA_LL_covariance_s20.npz,76385,cfc4678c010a30f130caec53393853605f13b8b30726a0e36bb44405b9212f57
tcn,independent_rms,101,bandpass_n20004_cLA_LL_covariance_s15,phase2/results/predictions/full/independent_rms/tcn/seed_101/bandpass_n20004_cLA_LL_covariance_s15.npz,76371,4ec89afcc62e0f0416cb53585a86c4c76df48e195f2d6058d86b1defc1fe0c88
tcn,independent_rms,101,bandpass_n20004_cLA_LL_covariance_s10,phase2/results/predictions/full/independent_rms/tcn/seed_101/bandpass_n20004_cLA_LL_covariance_s10.npz,76326,b983244ea490ef6ebb7d6d25c533dd7721c9345ded714a6cea43c6767d04df5e
tcn,independent_rms,101,bandpass_n20004_cLA_LL_covariance_s5,phase2/results/predictions/full/independent_rms/tcn/seed_101/bandpass_n20004_cLA_LL_covariance_s5.npz,76104,9c44b48ba66e239f95b4cb8f9489928ce39680a9566285f4d2459d80fba3c811
tcn,independent_rms,101,bandpass_n20004_cLA_LL_covariance_s0,phase2/results/predictions/full/independent_rms/tcn/seed_101/bandpass_n20004_cLA_LL_covariance_s0.npz,75753,419606c6058a3e647db528d6bbce07b7ee6f0ec3eaf22de8343c03245057540d
tcn,independent_rms,101,bandpass_n20004_cRA_LL_independent_rms_s20,phase2/results/predictions/full/independent_rms/tcn/seed_101/bandpass_n20004_cRA_LL_independent_rms_s20.npz,76400,bff28bafa67d117dcc44e9481d6b24345a82fdf652f3b99b0c287b6d52e79bbc
tcn,independent_rms,101,bandpass_n20004_cRA_LL_independent_rms_s15,phase2/results/predictions/full/independent_rms/tcn/seed_101/bandpass_n20004_cRA_LL_independent_rms_s15.npz,76380,2836175dea27e366197f921be0959be7b9f8cc8e62a7bf3a65a5c6248eca4af3
tcn,independent_rms,101,bandpass_n20004_cRA_LL_independent_rms_s10,phase2/results/predictions/full/independent_rms/tcn/seed_101/bandpass_n20004_cRA_LL_independent_rms_s10.npz,76382,c281d49d2017e5116f38ac987779cc0972a02f57f0e7d7aca238e8fefdd6adc4
tcn,independent_rms,101,bandpass_n20004_cRA_LL_independent_rms_s5,phase2/results/predictions/full/independent_rms/tcn/seed_101/bandpass_n20004_cRA_LL_independent_rms_s5.npz,76271,5c3829d3efe697bef08a833715ca8b33ed2ede00d512a21c2d9f1cc1a16806b2
tcn,independent_rms,101,bandpass_n20004_cRA_LL_independent_rms_s0,phase2/results/predictions/full/independent_rms/tcn/seed_101/bandpass_n20004_cRA_LL_independent_rms_s0.npz,75979,08776c7bdd25cc3e40c57863481b02e34e2a92c0b83ddbd34d9b8fdcd5d493ba
tcn,independent_rms,101,bandpass_n20004_cRA_LL_electrode_s20,phase2/results/predictions/full/independent_rms/tcn/seed_101/bandpass_n20004_cRA_LL_electrode_s20.npz,76403,99663bc96f7240808bcd920b773dfc08b65b3c0ceb8d8fedaadaeaab6cbba1b0
tcn,independent_rms,101,bandpass_n20004_cRA_LL_electrode_s15,phase2/results/predictions/full/independent_rms/tcn/seed_101/bandpass_n20004_cRA_LL_electrode_s15.npz,76335,50c495176523e7da423fa0784babbfe7f43450317c02d132fcb82f4ace81d17f
tcn,independent_rms,101,bandpass_n20004_cRA_LL_electrode_s10,phase2/results/predictions/full/independent_rms/tcn/seed_101/bandpass_n20004_cRA_LL_electrode_s10.npz,76285,7244745d21ed06a581fa9818a19e9d9043e06c6499b855c92a9c9caa86c849c4
tcn,independent_rms,101,bandpass_n20004_cRA_LL_electrode_s5,phase2/results/predictions/full/independent_rms/tcn/seed_101/bandpass_n20004_cRA_LL_electrode_s5.npz,76092,a761d7eb9a5778f12341a57a940ae0c41a17b5b3658cd228cef21617a36f3c74
tcn,independent_rms,101,bandpass_n20004_cRA_LL_electrode_s0,phase2/results/predictions/full/independent_rms/tcn/seed_101/bandpass_n20004_cRA_LL_electrode_s0.npz,75627,a79d64b282cd3c662df4fde35adf9784d78ba15c58a6bbc4a13bed92ba06e181
tcn,independent_rms,101,bandpass_n20004_cRA_LL_covariance_s20,phase2/results/predictions/full/independent_rms/tcn/seed_101/bandpass_n20004_cRA_LL_covariance_s20.npz,76385,9f757b437eb9dae9d173c819f2bee9b5c4c387242702e3e6be1598be989e283b
tcn,independent_rms,101,bandpass_n20004_cRA_LL_covariance_s15,phase2/results/predictions/full/independent_rms/tcn/seed_101/bandpass_n20004_cRA_LL_covariance_s15.npz,76350,d123d774ea4c63effbce3684e66af9d262125489454f030ba737af6d2dc825c5
tcn,independent_rms,101,bandpass_n20004_cRA_LL_covariance_s10,phase2/results/predictions/full/independent_rms/tcn/seed_101/bandpass_n20004_cRA_LL_covariance_s10.npz,76287,1db951ab2668e8f4130295cd1d1fb653706f8285de898b6186d5c3cd1018eafa
tcn,independent_rms,101,bandpass_n20004_cRA_LL_covariance_s5,phase2/results/predictions/full/independent_rms/tcn/seed_101/bandpass_n20004_cRA_LL_covariance_s5.npz,76072,3b80a85084cf2d61016d74ee4c8b37980f27941c27caab03756843777b99129b
tcn,independent_rms,101,bandpass_n20004_cRA_LL_covariance_s0,phase2/results/predictions/full/independent_rms/tcn/seed_101/bandpass_n20004_cRA_LL_covariance_s0.npz,75629,7816b1099e1efdff0a8c16b7bb27f7feea854dd1f7ccd269433844131c2036d8
tcn,independent_rms,101,bandpass_n20004_cRA_independent_rms_s20,phase2/results/predictions/full/independent_rms/tcn/seed_101/bandpass_n20004_cRA_independent_rms_s20.npz,76393,8a8d641f7c80023549174197e1e590adb1c78c6267a6b0ad40048ff233ca8082
tcn,independent_rms,101,bandpass_n20004_cRA_independent_rms_s15,phase2/results/predictions/full/independent_rms/tcn/seed_101/bandpass_n20004_cRA_independent_rms_s15.npz,76402,e201d9fd89a93faa47abb6e0b18fc5b2506e0db80297bbe898f3d125d03c1f58
tcn,independent_rms,101,bandpass_n20004_cRA_independent_rms_s10,phase2/results/predictions/full/independent_rms/tcn/seed_101/bandpass_n20004_cRA_independent_rms_s10.npz,76342,5f77e162690ab3dfb2d33f728db64dfd98238310757a42ba9d31fbdb8f2d5cf6
tcn,independent_rms,101,bandpass_n20004_cRA_independent_rms_s5,phase2/results/predictions/full/independent_rms/tcn/seed_101/bandpass_n20004_cRA_independent_rms_s5.npz,76292,1c5a12d67ce227f59a3a3a9519b13632eb5d58dafb5f06475fe6cfa116134cce
tcn,independent_rms,101,bandpass_n20004_cRA_independent_rms_s0,phase2/results/predictions/full/independent_rms/tcn/seed_101/bandpass_n20004_cRA_independent_rms_s0.npz,76004,ed9fa836d2bb849b04aba3f2aa2ce14dd70fd7147dc125e2f64d0feb1c6920be
tcn,independent_rms,101,bandpass_n20004_cRA_electrode_s20,phase2/results/predictions/full/independent_rms/tcn/seed_101/bandpass_n20004_cRA_electrode_s20.npz,76365,4232e11fea316b50726836eac5dcdd66c78ae7707d6d41a96d2b555f532522a6
tcn,independent_rms,101,bandpass_n20004_cRA_electrode_s15,phase2/results/predictions/full/independent_rms/tcn/seed_101/bandpass_n20004_cRA_electrode_s15.npz,76348,73df6e54f515e4b0377435db970fac7ec55136f81830f62c9af81adb0a9b0d99
tcn,independent_rms,101,bandpass_n20004_cRA_electrode_s10,phase2/results/predictions/full/independent_rms/tcn/seed_101/bandpass_n20004_cRA_electrode_s10.npz,76275,5f725cf5274e7fc58afadc4b4e36318d9ff6d4914bc9c69ae7f0d5c9e088da16
tcn,independent_rms,101,bandpass_n20004_cRA_electrode_s5,phase2/results/predictions/full/independent_rms/tcn/seed_101/bandpass_n20004_cRA_electrode_s5.npz,76078,7e7e554509f54610a0724a21e0c330be0c11a93e3ac79605ff52bb73aace5f65
tcn,independent_rms,101,bandpass_n20004_cRA_electrode_s0,phase2/results/predictions/full/independent_rms/tcn/seed_101/bandpass_n20004_cRA_electrode_s0.npz,75710,6b86bda7790ef2c8df675ebe457993cb00fffe16d9c648a28e6a4e2b2e85c0e0
tcn,independent_rms,101,bandpass_n20004_cRA_covariance_s20,phase2/results/predictions/full/independent_rms/tcn/seed_101/bandpass_n20004_cRA_covariance_s20.npz,76392,5058ed3fd703fe02e0cacf06f5b59fb3f215941af95d58a43656581b32c0d4dc
tcn,independent_rms,101,bandpass_n20004_cRA_covariance_s15,phase2/results/predictions/full/independent_rms/tcn/seed_101/bandpass_n20004_cRA_covariance_s15.npz,76390,0420566ae7eb93651a3264d27416f696ea5ebe6a2d8e1f5a5e84a5da9a6dbba4
tcn,independent_rms,101,bandpass_n20004_cRA_covariance_s10,phase2/results/predictions/full/independent_rms/tcn/seed_101/bandpass_n20004_cRA_covariance_s10.npz,76302,22109747dbd4b3664a3f58192610db4f9232159de2ca3f29208782e0dbe310c0
tcn,independent_rms,101,bandpass_n20004_cRA_covariance_s5,phase2/results/predictions/full/independent_rms/tcn/seed_101/bandpass_n20004_cRA_covariance_s5.npz,76047,84b239c6f457cb8b025e3b7c6f295e2d070967fac2d3c85de0a767530ea34275
tcn,independent_rms,101,bandpass_n20004_cRA_covariance_s0,phase2/results/predictions/full/independent_rms/tcn/seed_101/bandpass_n20004_cRA_covariance_s0.npz,75706,6c6df4579115587c6fac2b2f7a43b11e777fb9baa7edb31383822b28566f764b
tcn,independent_rms,101,bandpass_n20004_cLA_independent_rms_s20,phase2/results/predictions/full/independent_rms/tcn/seed_101/bandpass_n20004_cLA_independent_rms_s20.npz,76345,3fee1ceacd32ffebe1dabd473e364b1c71317e7cb2863d2445d550ab6e60566e
tcn,independent_rms,101,bandpass_n20004_cLA_independent_rms_s15,phase2/results/predictions/full/independent_rms/tcn/seed_101/bandpass_n20004_cLA_independent_rms_s15.npz,76412,4eb520c7cce4df7908cd08ba90833410b2fbeb6e4bcb9cf7aebf2488e0afe218
tcn,independent_rms,101,bandpass_n20004_cLA_independent_rms_s10,phase2/results/predictions/full/independent_rms/tcn/seed_101/bandpass_n20004_cLA_independent_rms_s10.npz,76361,7ada4f663a5ec69fa2ec59b5d962caef9fd2bf5b1a0a77a1cfe9846091686b71
tcn,independent_rms,101,bandpass_n20004_cLA_independent_rms_s5,phase2/results/predictions/full/independent_rms/tcn/seed_101/bandpass_n20004_cLA_independent_rms_s5.npz,76277,dfb056dda6796214e1abadc5d553ccb58287cfcba44d4706db9c062e6b414f80
tcn,independent_rms,101,bandpass_n20004_cLA_independent_rms_s0,phase2/results/predictions/full/independent_rms/tcn/seed_101/bandpass_n20004_cLA_independent_rms_s0.npz,75994,5743da78aa71a05631733b55514e7df300f1b0d4b35ce3f0af45f8e7b2a34d90
tcn,independent_rms,101,bandpass_n20004_cLA_electrode_s20,phase2/results/predictions/full/independent_rms/tcn/seed_101/bandpass_n20004_cLA_electrode_s20.npz,76398,aaa58f0e87e9a46145e2f2466f984b8546574545d101fac02feb1b92bbe39144
tcn,independent_rms,101,bandpass_n20004_cLA_electrode_s15,phase2/results/predictions/full/independent_rms/tcn/seed_101/bandpass_n20004_cLA_electrode_s15.npz,76362,03320ad9fdd3e6f84b793fa29eef4edeaef5c013dc1305cfe920e8bd47c4f82e
tcn,independent_rms,101,bandpass_n20004_cLA_electrode_s10,phase2/results/predictions/full/independent_rms/tcn/seed_101/bandpass_n20004_cLA_electrode_s10.npz,76308,0a08849ca99f6a019001752cda8f39b4ceb61ed0a2eff116e48e43d9ef73dc08
tcn,independent_rms,101,bandpass_n20004_cLA_electrode_s5,phase2/results/predictions/full/independent_rms/tcn/seed_101/bandpass_n20004_cLA_electrode_s5.npz,76128,f882d3256b9fb9eaa3a0786ebfae3300a57cb17bce23b618443be4848b32af83
tcn,independent_rms,101,bandpass_n20004_cLA_electrode_s0,phase2/results/predictions/full/independent_rms/tcn/seed_101/bandpass_n20004_cLA_electrode_s0.npz,75714,843abd1a15dc94d05867e9abc516ced66e622e412c75a3699827ded3b349d1da
tcn,independent_rms,101,bandpass_n20004_cLA_covariance_s20,phase2/results/predictions/full/independent_rms/tcn/seed_101/bandpass_n20004_cLA_covariance_s20.npz,76368,a0e978b5a3a33c1c69e0cb945d67768ac03866d29fc0daf74ce2a6da03b5ed1f
tcn,independent_rms,101,bandpass_n20004_cLA_covariance_s15,phase2/results/predictions/full/independent_rms/tcn/seed_101/bandpass_n20004_cLA_covariance_s15.npz,76357,639e04f2051865c167d1b0a8128815b5eec7ebaf4ce5951405d5e151cffe0775
tcn,independent_rms,101,bandpass_n20004_cLA_covariance_s10,phase2/results/predictions/full/independent_rms/tcn/seed_101/bandpass_n20004_cLA_covariance_s10.npz,76308,ec6ef4686af65b25010fa890d99d9224ebb59ecbeba369d6094cf6c7234aa863
tcn,independent_rms,101,bandpass_n20004_cLA_covariance_s5,phase2/results/predictions/full/independent_rms/tcn/seed_101/bandpass_n20004_cLA_covariance_s5.npz,76121,401e38e2f8f2edaa39f0018587420b481cec0886b5e0779b469f89a5a3ceefd7
tcn,independent_rms,101,bandpass_n20004_cLA_covariance_s0,phase2/results/predictions/full/independent_rms/tcn/seed_101/bandpass_n20004_cLA_covariance_s0.npz,75706,c3ca6fbf46271e3d455c08719f6b5455991fd6c9ef6aa2c5fda927e5b3af6aff
tcn,independent_rms,101,bandpass_n20004_cLL_independent_rms_s20,phase2/results/predictions/full/independent_rms/tcn/seed_101/bandpass_n20004_cLL_independent_rms_s20.npz,76377,a527dd14e80005a514bf80ff21634a68f78f16263a8ce88bb013149b518c012c
tcn,independent_rms,101,bandpass_n20004_cLL_independent_rms_s15,phase2/results/predictions/full/independent_rms/tcn/seed_101/bandpass_n20004_cLL_independent_rms_s15.npz,76356,a9b5ed4742ce4037155c2c3b77e1707caf56dfe8c5f755da8586c24077535c36
tcn,independent_rms,101,bandpass_n20004_cLL_independent_rms_s10,phase2/results/predictions/full/independent_rms/tcn/seed_101/bandpass_n20004_cLL_independent_rms_s10.npz,76362,84fd2d993b18009794035ac0f85d8f8c82a8fbf2dfbeab6cf12f6904e803844e
tcn,independent_rms,101,bandpass_n20004_cLL_independent_rms_s5,phase2/results/predictions/full/independent_rms/tcn/seed_101/bandpass_n20004_cLL_independent_rms_s5.npz,76221,27acb2cfa5b56951b3b3dab3d41c38de97edc331b538a788115199656a9bbdd6
tcn,independent_rms,101,bandpass_n20004_cLL_independent_rms_s0,phase2/results/predictions/full/independent_rms/tcn/seed_101/bandpass_n20004_cLL_independent_rms_s0.npz,75925,2fe955680786ffc5d31b8991ec68f6694f489074e5c5bf39193118a5442551ad
tcn,independent_rms,101,bandpass_n20004_cLL_electrode_s20,phase2/results/predictions/full/independent_rms/tcn/seed_101/bandpass_n20004_cLL_electrode_s20.npz,76352,f0fd9748017287732ce4d17d3b59422d1118664c257d0f886d6c3d90f34b0b8f
tcn,independent_rms,101,bandpass_n20004_cLL_electrode_s15,phase2/results/predictions/full/independent_rms/tcn/seed_101/bandpass_n20004_cLL_electrode_s15.npz,76369,5085c4fbbaf09915c5f39d68b71437d1cb3aa0d67a8f1aa6515080fd95382d77
tcn,independent_rms,101,bandpass_n20004_cLL_electrode_s10,phase2/results/predictions/full/independent_rms/tcn/seed_101/bandpass_n20004_cLL_electrode_s10.npz,76325,8f29a0e3ee3c7da071dcea3c7afa410caa1adf7b8b33862c09cabd00f0066991
tcn,independent_rms,101,bandpass_n20004_cLL_electrode_s5,phase2/results/predictions/full/independent_rms/tcn/seed_101/bandpass_n20004_cLL_electrode_s5.npz,76151,83f762ac9816cca7b76e64c722b4feb739082db49e807e92d3885bc9c549688e
tcn,independent_rms,101,bandpass_n20004_cLL_electrode_s0,phase2/results/predictions/full/independent_rms/tcn/seed_101/bandpass_n20004_cLL_electrode_s0.npz,75762,fb176ba5025bc28ba89bcf88df6245711db366c11f456692b14e1592ceb3e961
tcn,independent_rms,101,bandpass_n20004_cLL_covariance_s20,phase2/results/predictions/full/independent_rms/tcn/seed_101/bandpass_n20004_cLL_covariance_s20.npz,76368,3531da2a222f3127b274e6bae2334147dbd195dc3c9a2056633d494aa7fee047
tcn,independent_rms,101,bandpass_n20004_cLL_covariance_s15,phase2/results/predictions/full/independent_rms/tcn/seed_101/bandpass_n20004_cLL_covariance_s15.npz,76376,ae55f6274bc1f62947b3098a393f420e2b26193b9636ab90725b9f1c4248d678
tcn,independent_rms,101,bandpass_n20004_cLL_covariance_s10,phase2/results/predictions/full/independent_rms/tcn/seed_101/bandpass_n20004_cLL_covariance_s10.npz,76332,25698140554ddc0bf7a927d78af39d20eeebad88763740cc48ffdb6969639571
tcn,independent_rms,101,bandpass_n20004_cLL_covariance_s5,phase2/results/predictions/full/independent_rms/tcn/seed_101/bandpass_n20004_cLL_covariance_s5.npz,76166,fc30c783ebbc374699ec7125ec19259e727d28421760c4463be117e6dd5ae9ed
tcn,independent_rms,101,bandpass_n20004_cLL_covariance_s0,phase2/results/predictions/full/independent_rms/tcn/seed_101/bandpass_n20004_cLL_covariance_s0.npz,75753,88a6c714417cc45ed3598b1835f8183b29fde3f5541023c42e9e4f30e6464b57
tcn,independent_rms,101,bandpass_n20004_cRA_V1_independent_rms_s20,phase2/results/predictions/full/independent_rms/tcn/seed_101/bandpass_n20004_cRA_V1_independent_rms_s20.npz,76421,d679c9c5750fd63027b185950fea6dfcdce5ab8470ed148d26446cf8f6717401
tcn,independent_rms,101,bandpass_n20004_cRA_V1_independent_rms_s15,phase2/results/predictions/full/independent_rms/tcn/seed_101/bandpass_n20004_cRA_V1_independent_rms_s15.npz,76400,3a74cca363ec0cba1aeea02b53c7c6fcf0d95c3ed81a6a4e482699417da814c0
tcn,independent_rms,101,bandpass_n20004_cRA_V1_independent_rms_s10,phase2/results/predictions/full/independent_rms/tcn/seed_101/bandpass_n20004_cRA_V1_independent_rms_s10.npz,76386,c0866b0cc718afbe395c4c7b7fd98182f091838713272c62cf459c606ea59b6e
tcn,independent_rms,101,bandpass_n20004_cRA_V1_independent_rms_s5,phase2/results/predictions/full/independent_rms/tcn/seed_101/bandpass_n20004_cRA_V1_independent_rms_s5.npz,76239,da2705487cabb68b28bd51cf0bd185d413ed54aae25058d93c83e6ed7af4794a
tcn,independent_rms,101,bandpass_n20004_cRA_V1_independent_rms_s0,phase2/results/predictions/full/independent_rms/tcn/seed_101/bandpass_n20004_cRA_V1_independent_rms_s0.npz,76005,a073e75329019b29aa39efc69b647f61fff3d97574e0b42cc9ab3b3323f05f96
tcn,independent_rms,101,bandpass_n20004_cRA_V1_electrode_s20,phase2/results/predictions/full/independent_rms/tcn/seed_101/bandpass_n20004_cRA_V1_electrode_s20.npz,76378,d1ab49642dbd90b168af267c262c146859d2d3a7ce372653fc9219579ddc1c3c
tcn,independent_rms,101,bandpass_n20004_cRA_V1_electrode_s15,phase2/results/predictions/full/independent_rms/tcn/seed_101/bandpass_n20004_cRA_V1_electrode_s15.npz,76359,1575a2b011e377e74bca3b7449151e9fe62ed06739e1dead9853ee0029c92e48
tcn,independent_rms,101,bandpass_n20004_cRA_V1_electrode_s10,phase2/results/predictions/full/independent_rms/tcn/seed_101/bandpass_n20004_cRA_V1_electrode_s10.npz,76285,36c0b43fed0a7c3a754cd0d17ece64eeabe0b09cfdb2b6d48dc007f483d0782f
tcn,independent_rms,101,bandpass_n20004_cRA_V1_electrode_s5,phase2/results/predictions/full/independent_rms/tcn/seed_101/bandpass_n20004_cRA_V1_electrode_s5.npz,76085,bacf269ea1c24793abcd696dc3416735889d9f075244f6f138870b0f474b682b
tcn,independent_rms,101,bandpass_n20004_cRA_V1_electrode_s0,phase2/results/predictions/full/independent_rms/tcn/seed_101/bandpass_n20004_cRA_V1_electrode_s0.npz,75684,c55396c314c71037db84f3e4ed0c195c9a46d03db9304e3a1f732a36b44a4fce
tcn,independent_rms,101,bandpass_n20004_cRA_V1_covariance_s20,phase2/results/predictions/full/independent_rms/tcn/seed_101/bandpass_n20004_cRA_V1_covariance_s20.npz,76382,c6e2d2bd1fe5bdbe185db821923544d24d635e52be30fac55d7abe25d4154201
tcn,independent_rms,101,bandpass_n20004_cRA_V1_covariance_s15,phase2/results/predictions/full/independent_rms/tcn/seed_101/bandpass_n20004_cRA_V1_covariance_s15.npz,76375,44e40ff733432c373a1578300d445e8907e77130dc9ae3877fade5d5a4c0ffbc
tcn,independent_rms,101,bandpass_n20004_cRA_V1_covariance_s10,phase2/results/predictions/full/independent_rms/tcn/seed_101/bandpass_n20004_cRA_V1_covariance_s10.npz,76337,1dc2128757e3530be63396c2c4a292c12094546cfdb56daf8a19ea83d7f4232a
tcn,independent_rms,101,bandpass_n20004_cRA_V1_covariance_s5,phase2/results/predictions/full/independent_rms/tcn/seed_101/bandpass_n20004_cRA_V1_covariance_s5.npz,76104,850d38f2fb0f73dd5f1cef66497454a36617b391c61d986f285dbe89816ee3c7
tcn,independent_rms,101,bandpass_n20004_cRA_V1_covariance_s0,phase2/results/predictions/full/independent_rms/tcn/seed_101/bandpass_n20004_cRA_V1_covariance_s0.npz,75678,d09dbcca306e1f01f03c1e66a927114d151242bad9ad199b5466fc2077c7f88a
tcn,independent_rms,101,bandpass_n20004_cLA_V6_independent_rms_s20,phase2/results/predictions/full/independent_rms/tcn/seed_101/bandpass_n20004_cLA_V6_independent_rms_s20.npz,76411,e07d2e8de1d06595ecd66b0936647b50fcd3c471a177fcffd5008943deafc80f
tcn,independent_rms,101,bandpass_n20004_cLA_V6_independent_rms_s15,phase2/results/predictions/full/independent_rms/tcn/seed_101/bandpass_n20004_cLA_V6_independent_rms_s15.npz,76407,c3a5b8d8ed9ceda5d52d477626a5c7723fda7777389b4a5487d101bf55adb399
tcn,independent_rms,101,bandpass_n20004_cLA_V6_independent_rms_s10,phase2/results/predictions/full/independent_rms/tcn/seed_101/bandpass_n20004_cLA_V6_independent_rms_s10.npz,76394,9025d8dbaa2483b66a5fc4d547cdb7dd562af3690a9f39537f9454cd898d3469
tcn,independent_rms,101,bandpass_n20004_cLA_V6_independent_rms_s5,phase2/results/predictions/full/independent_rms/tcn/seed_101/bandpass_n20004_cLA_V6_independent_rms_s5.npz,76286,3b8d53df11e763cc73b495c31a40eb4adeeb0df994f100ab362caca9b8114254
tcn,independent_rms,101,bandpass_n20004_cLA_V6_independent_rms_s0,phase2/results/predictions/full/independent_rms/tcn/seed_101/bandpass_n20004_cLA_V6_independent_rms_s0.npz,76024,338449553046268b21b2ca4e57f93d553f8c367fe91fb0196df40316fd36084f
tcn,independent_rms,101,bandpass_n20004_cLA_V6_electrode_s20,phase2/results/predictions/full/independent_rms/tcn/seed_101/bandpass_n20004_cLA_V6_electrode_s20.npz,76393,047a78318ca499446c0329b470cdc905dcc6908ca088034bfbd4f68b0308671c
tcn,independent_rms,101,bandpass_n20004_cLA_V6_electrode_s15,phase2/results/predictions/full/independent_rms/tcn/seed_101/bandpass_n20004_cLA_V6_electrode_s15.npz,76388,f5ec9397d04c9d141c246d20b2bdd2bc1805470f2b6b0835ab45be3c91c5b362
tcn,independent_rms,101,bandpass_n20004_cLA_V6_electrode_s10,phase2/results/predictions/full/independent_rms/tcn/seed_101/bandpass_n20004_cLA_V6_electrode_s10.npz,76362,c57eda68c8451573ee30f8918ebfebee674c950f07ea773598eebf7f0f698e3c
tcn,independent_rms,101,bandpass_n20004_cLA_V6_electrode_s5,phase2/results/predictions/full/independent_rms/tcn/seed_101/bandpass_n20004_cLA_V6_electrode_s5.npz,76193,25fa84aae79cd48ecb1999dcb296345907bd9babdfc0eda825bb25880006b56d
tcn,independent_rms,101,bandpass_n20004_cLA_V6_electrode_s0,phase2/results/predictions/full/independent_rms/tcn/seed_101/bandpass_n20004_cLA_V6_electrode_s0.npz,75799,0ab661277c68cc3e57be937d1fbc8f1403665c9db4305b630ee450cf2534c925
tcn,independent_rms,101,bandpass_n20004_cLA_V6_covariance_s20,phase2/results/predictions/full/independent_rms/tcn/seed_101/bandpass_n20004_cLA_V6_covariance_s20.npz,76385,cda1db4b30221d6593482043248a9220a1f443a06d5c2ac20fef7029aa2bb0e7
tcn,independent_rms,101,bandpass_n20004_cLA_V6_covariance_s15,phase2/results/predictions/full/independent_rms/tcn/seed_101/bandpass_n20004_cLA_V6_covariance_s15.npz,76363,66c5ef6e89015e33cfb68bb418b460fd544670ef7a0dc2da84e809a7021ccfca
tcn,independent_rms,101,bandpass_n20004_cLA_V6_covariance_s10,phase2/results/predictions/full/independent_rms/tcn/seed_101/bandpass_n20004_cLA_V6_covariance_s10.npz,76329,1c754304ecfe0974419c41122ee46d5c0a2a4f2e59760b700a24b582f05225ef
tcn,independent_rms,101,bandpass_n20004_cLA_V6_covariance_s5,phase2/results/predictions/full/independent_rms/tcn/seed_101/bandpass_n20004_cLA_V6_covariance_s5.npz,76188,ad2fd7f75c5ab02541605ec0b4512d3bd32e3e60c498244b19e688c464d73a83
tcn,independent_rms,101,bandpass_n20004_cLA_V6_covariance_s0,phase2/results/predictions/full/independent_rms/tcn/seed_101/bandpass_n20004_cLA_V6_covariance_s0.npz,75787,1deae09a4c2ebb08ac5097d12be2c557a053e3cf301a82a6ddcbc5252e622558
tcn,independent_rms,101,bandpass_n20004_cLL_V4_independent_rms_s20,phase2/results/predictions/full/independent_rms/tcn/seed_101/bandpass_n20004_cLL_V4_independent_rms_s20.npz,76395,c782de3ceb1310d03ca4be50c9612818f182d9fde63195861b881b5fddb5b9c9
tcn,independent_rms,101,bandpass_n20004_cLL_V4_independent_rms_s15,phase2/results/predictions/full/independent_rms/tcn/seed_101/bandpass_n20004_cLL_V4_independent_rms_s15.npz,76384,1912ca0421633ef58e1c60e313317c3c17b9940b56388d545ed122c51ad20214
tcn,independent_rms,101,bandpass_n20004_cLL_V4_independent_rms_s10,phase2/results/predictions/full/independent_rms/tcn/seed_101/bandpass_n20004_cLL_V4_independent_rms_s10.npz,76367,cb1e667001796419193edc6d408aad32a0647a43f2646a73b103f63304732780
tcn,independent_rms,101,bandpass_n20004_cLL_V4_independent_rms_s5,phase2/results/predictions/full/independent_rms/tcn/seed_101/bandpass_n20004_cLL_V4_independent_rms_s5.npz,76296,db3b443d60debb68a16e0dafccc6a750285f45760e5e3da8367f77a05cecc499
tcn,independent_rms,101,bandpass_n20004_cLL_V4_independent_rms_s0,phase2/results/predictions/full/independent_rms/tcn/seed_101/bandpass_n20004_cLL_V4_independent_rms_s0.npz,75937,dff3f71e36b6eb3c03b3be2d7d01093ce0006cf00d51aead749cbbe9449e56b7
tcn,independent_rms,101,bandpass_n20004_cLL_V4_electrode_s20,phase2/results/predictions/full/independent_rms/tcn/seed_101/bandpass_n20004_cLL_V4_electrode_s20.npz,76388,4cca403102fc979f5712fdc278f1e2e41ae5153b7951f898444e494f7ef526cc
tcn,independent_rms,101,bandpass_n20004_cLL_V4_electrode_s15,phase2/results/predictions/full/independent_rms/tcn/seed_101/bandpass_n20004_cLL_V4_electrode_s15.npz,76385,1b69f123969abec421a7cf93b9a437e5308f80c9b7346b237cbe8a2809f45295
tcn,independent_rms,101,bandpass_n20004_cLL_V4_electrode_s10,phase2/results/predictions/full/independent_rms/tcn/seed_101/bandpass_n20004_cLL_V4_electrode_s10.npz,76340,9ccdf68a1383615089349c550f3e7401ac85f214c85ce51e2563707a84319f1c
tcn,independent_rms,101,bandpass_n20004_cLL_V4_electrode_s5,phase2/results/predictions/full/independent_rms/tcn/seed_101/bandpass_n20004_cLL_V4_electrode_s5.npz,76174,3af26e8c1e3755223187fcbaabf1f8ea24003f64591da649e56a19c81b1c1ca3
tcn,independent_rms,101,bandpass_n20004_cLL_V4_electrode_s0,phase2/results/predictions/full/independent_rms/tcn/seed_101/bandpass_n20004_cLL_V4_electrode_s0.npz,75786,d6bbdbc6fe7b16bac8181de166b77a22fed8a76f6f48d54c30b104b89642c032
tcn,independent_rms,101,bandpass_n20004_cLL_V4_covariance_s20,phase2/results/predictions/full/independent_rms/tcn/seed_101/bandpass_n20004_cLL_V4_covariance_s20.npz,76406,468b8b0472074fd6e947a16ffab0181b36e56ff5ff5296ce0036b70e64f94d05
tcn,independent_rms,101,bandpass_n20004_cLL_V4_covariance_s15,phase2/results/predictions/full/independent_rms/tcn/seed_101/bandpass_n20004_cLL_V4_covariance_s15.npz,76400,e248b7bc7d2bccd0559b1c2f7b04b3848381bbc239ccf5f7f5959b72fb3cff87
tcn,independent_rms,101,bandpass_n20004_cLL_V4_covariance_s10,phase2/results/predictions/full/independent_rms/tcn/seed_101/bandpass_n20004_cLL_V4_covariance_s10.npz,76328,98394eb4d97f1332dcd341ace44a47aad45472fc8fd34308025432bee2dd25b3
tcn,independent_rms,101,bandpass_n20004_cLL_V4_covariance_s5,phase2/results/predictions/full/independent_rms/tcn/seed_101/bandpass_n20004_cLL_V4_covariance_s5.npz,76169,14e5ec419efed9dceef5423abdd0db6ff8901b5be5a5303789d4739c3eaf8d30
tcn,independent_rms,101,bandpass_n20004_cLL_V4_covariance_s0,phase2/results/predictions/full/independent_rms/tcn/seed_101/bandpass_n20004_cLL_V4_covariance_s0.npz,75794,f6cdba8c1656be57f4170e52f88bd663c7e5809b65258395e7164d52a53a0ad2
tcn,independent_rms,101,bandpass_n20004_cRA_LA_V1_V6_independent_rms_s20,phase2/results/predictions/full/independent_rms/tcn/seed_101/bandpass_n20004_cRA_LA_V1_V6_independent_rms_s20.npz,76428,4b1ea69bee6ce5887c9bbd504432301f72ae51a81f6b47c37b63b9a91df53981
tcn,independent_rms,101,bandpass_n20004_cRA_LA_V1_V6_independent_rms_s15,phase2/results/predictions/full/independent_rms/tcn/seed_101/bandpass_n20004_cRA_LA_V1_V6_independent_rms_s15.npz,76395,dcf5294f90cbfa10bdc900f5d534f1a90b3a37f4a0e1274086d3b8270cd4f7e8
tcn,independent_rms,101,bandpass_n20004_cRA_LA_V1_V6_independent_rms_s10,phase2/results/predictions/full/independent_rms/tcn/seed_101/bandpass_n20004_cRA_LA_V1_V6_independent_rms_s10.npz,76404,bfa962cbdfb7d28ab4a3cc748ef206b9f8ec2d958a4fb691abddfb44ed3270c4
tcn,independent_rms,101,bandpass_n20004_cRA_LA_V1_V6_independent_rms_s5,phase2/results/predictions/full/independent_rms/tcn/seed_101/bandpass_n20004_cRA_LA_V1_V6_independent_rms_s5.npz,76258,d0f5cb72b6112a68bdcd79c2c4db669a417d724c8ca7010afa0eb289b89f53cb
tcn,independent_rms,101,bandpass_n20004_cRA_LA_V1_V6_independent_rms_s0,phase2/results/predictions/full/independent_rms/tcn/seed_101/bandpass_n20004_cRA_LA_V1_V6_independent_rms_s0.npz,76000,d92299f82f7635c4dcabaa36db619ac2625c24625bd894da3219fcd9392b33f0
tcn,independent_rms,101,bandpass_n20004_cRA_LA_V1_V6_electrode_s20,phase2/results/predictions/full/independent_rms/tcn/seed_101/bandpass_n20004_cRA_LA_V1_V6_electrode_s20.npz,76395,36ce207aa4c883e2624ad8f7c4caec71a02c0107ce66aa993e8aeaace1d2af87
tcn,independent_rms,101,bandpass_n20004_cRA_LA_V1_V6_electrode_s15,phase2/results/predictions/full/independent_rms/tcn/seed_101/bandpass_n20004_cRA_LA_V1_V6_electrode_s15.npz,76396,dec93a7a6ed75f3f3c558d03f25cca9e0dc72a360eb11f46b0f35fb8cce17b8c
tcn,independent_rms,101,bandpass_n20004_cRA_LA_V1_V6_electrode_s10,phase2/results/predictions/full/independent_rms/tcn/seed_101/bandpass_n20004_cRA_LA_V1_V6_electrode_s10.npz,76326,f9a675ba12943e3c23838e311c07da2e2194954a4b26af28c4ec66cdf02182b2
tcn,independent_rms,101,bandpass_n20004_cRA_LA_V1_V6_electrode_s5,phase2/results/predictions/full/independent_rms/tcn/seed_101/bandpass_n20004_cRA_LA_V1_V6_electrode_s5.npz,76128,cadc19b0d561fb2d088062c2389512584f4976cca3d1f89fc9170e0eef5dfa97
tcn,independent_rms,101,bandpass_n20004_cRA_LA_V1_V6_electrode_s0,phase2/results/predictions/full/independent_rms/tcn/seed_101/bandpass_n20004_cRA_LA_V1_V6_electrode_s0.npz,75699,e85554c1a72ae364705b2b00d693fb8e71e6d65ed5c5f1918d95c25daab1b70a
tcn,independent_rms,101,bandpass_n20004_cRA_LA_V1_V6_covariance_s20,phase2/results/predictions/full/independent_rms/tcn/seed_101/bandpass_n20004_cRA_LA_V1_V6_covariance_s20.npz,76385,0e89c68b4df8d88c348eea99470859f89aa99c5c5fb641828da68905dd156656
tcn,independent_rms,101,bandpass_n20004_cRA_LA_V1_V6_covariance_s15,phase2/results/predictions/full/independent_rms/tcn/seed_101/bandpass_n20004_cRA_LA_V1_V6_covariance_s15.npz,76363,18d7a3e8392df1633fb6b5d5f22e922781bd0ce7d22acdbb3fa4082347c8b26f
tcn,independent_rms,101,bandpass_n20004_cRA_LA_V1_V6_covariance_s10,phase2/results/predictions/full/independent_rms/tcn/seed_101/bandpass_n20004_cRA_LA_V1_V6_covariance_s10.npz,76322,de408ef2d2fb45ef8dc4ab90e92b1973bf2939a5d9eb83bb13dc3185ffc52ba8
tcn,independent_rms,101,bandpass_n20004_cRA_LA_V1_V6_covariance_s5,phase2/results/predictions/full/independent_rms/tcn/seed_101/bandpass_n20004_cRA_LA_V1_V6_covariance_s5.npz,76152,b06ec3c1955bf6a03468356d14d2e84475a86595677cf960b2c1453cc1ba171a
tcn,independent_rms,101,bandpass_n20004_cRA_LA_V1_V6_covariance_s0,phase2/results/predictions/full/independent_rms/tcn/seed_101/bandpass_n20004_cRA_LA_V1_V6_covariance_s0.npz,75695,2cfc27cb92215dabbe365bab0a9600fd68d24270956a5381cede94bf7b0600d8
tcn,independent_rms,101,bandpass_n20004_cRA_V2_V5_independent_rms_s20,phase2/results/predictions/full/independent_rms/tcn/seed_101/bandpass_n20004_cRA_V2_V5_independent_rms_s20.npz,76421,8e92a12529b6719bde21bc8c20d6e70b42587056cd516a72971e1c3071e7529b
tcn,independent_rms,101,bandpass_n20004_cRA_V2_V5_independent_rms_s15,phase2/results/predictions/full/independent_rms/tcn/seed_101/bandpass_n20004_cRA_V2_V5_independent_rms_s15.npz,76382,3f9d19e49f2d8a37ca1583b797c521d62c609a1eb6d1e23fdf59e6badc95832b
tcn,independent_rms,101,bandpass_n20004_cRA_V2_V5_independent_rms_s10,phase2/results/predictions/full/independent_rms/tcn/seed_101/bandpass_n20004_cRA_V2_V5_independent_rms_s10.npz,76387,0c88560ea1f179d7ed1c149993f0e94e9373949f6f2c98140dd4673284df2882
tcn,independent_rms,101,bandpass_n20004_cRA_V2_V5_independent_rms_s5,phase2/results/predictions/full/independent_rms/tcn/seed_101/bandpass_n20004_cRA_V2_V5_independent_rms_s5.npz,76270,4b7a99e600b0999f7fc97e8536d797d4f7d8b503fd7416c2cc9bb46af5fe7006
tcn,independent_rms,101,bandpass_n20004_cRA_V2_V5_independent_rms_s0,phase2/results/predictions/full/independent_rms/tcn/seed_101/bandpass_n20004_cRA_V2_V5_independent_rms_s0.npz,76022,368a62655279b87d93b53a4c28d4953b34c9196432da6f400b3a5b4b920d8670
tcn,independent_rms,101,bandpass_n20004_cRA_V2_V5_electrode_s20,phase2/results/predictions/full/independent_rms/tcn/seed_101/bandpass_n20004_cRA_V2_V5_electrode_s20.npz,76394,fb972fc55109d0e7b8bef3bad57e5b721f1d2fa960fc363b48a165f4f05d0544
tcn,independent_rms,101,bandpass_n20004_cRA_V2_V5_electrode_s15,phase2/results/predictions/full/independent_rms/tcn/seed_101/bandpass_n20004_cRA_V2_V5_electrode_s15.npz,76369,7441048b2ebde270fbc231e0cd18d9072f03e48425ee3e3c6b4e48d7bde30740
tcn,independent_rms,101,bandpass_n20004_cRA_V2_V5_electrode_s10,phase2/results/predictions/full/independent_rms/tcn/seed_101/bandpass_n20004_cRA_V2_V5_electrode_s10.npz,76312,695c8d10a4aae65aae4cd3d6279aae47673d55eb1aa5f234dec2c81d2a1b4a3c
tcn,independent_rms,101,bandpass_n20004_cRA_V2_V5_electrode_s5,phase2/results/predictions/full/independent_rms/tcn/seed_101/bandpass_n20004_cRA_V2_V5_electrode_s5.npz,76104,fa41d60950f1cefca6f6212dc8fc37003ed99727e19e629b6a23cca9f9260b2e
tcn,independent_rms,101,bandpass_n20004_cRA_V2_V5_electrode_s0,phase2/results/predictions/full/independent_rms/tcn/seed_101/bandpass_n20004_cRA_V2_V5_electrode_s0.npz,75752,ea4d7a45a36a3100f17a26fc510fb259cdcc76c567a9de240356b58aaf97f799
tcn,independent_rms,101,bandpass_n20004_cRA_V2_V5_covariance_s20,phase2/results/predictions/full/independent_rms/tcn/seed_101/bandpass_n20004_cRA_V2_V5_covariance_s20.npz,76411,80b2827f89b186b8492d5e39208db0724c95ac9500276b88bbfb4b38cfe78f25
tcn,independent_rms,101,bandpass_n20004_cRA_V2_V5_covariance_s15,phase2/results/predictions/full/independent_rms/tcn/seed_101/bandpass_n20004_cRA_V2_V5_covariance_s15.npz,76402,40de2b4195416ad6203103647ef2a995755979001bf0ca70639b9d4e29add644
tcn,independent_rms,101,bandpass_n20004_cRA_V2_V5_covariance_s10,phase2/results/predictions/full/independent_rms/tcn/seed_101/bandpass_n20004_cRA_V2_V5_covariance_s10.npz,76313,f30f4f40eb29e1fb9a9e8e917cd3b7dddabb201c1604865b25f438b8121db58a
tcn,independent_rms,101,bandpass_n20004_cRA_V2_V5_covariance_s5,phase2/results/predictions/full/independent_rms/tcn/seed_101/bandpass_n20004_cRA_V2_V5_covariance_s5.npz,76153,790d3f7673a0fcd7cb5d2aff3deaa9e1cb5cfc2947c1d05ce624658d138efe1c
tcn,independent_rms,101,bandpass_n20004_cRA_V2_V5_covariance_s0,phase2/results/predictions/full/independent_rms/tcn/seed_101/bandpass_n20004_cRA_V2_V5_covariance_s0.npz,75756,acaba04707107d712db6f235253400072aaa819725a9efe37dfead99d88d2c44
tcn,independent_rms,101,bandpass_n20004_cLA_V3_V6_independent_rms_s20,phase2/results/predictions/full/independent_rms/tcn/seed_101/bandpass_n20004_cLA_V3_V6_independent_rms_s20.npz,76405,abfd1e09ae7a9681f7f87b31b8b2de5d875dc3e54e9f4a6d309b7e5322db6f5f
tcn,independent_rms,101,bandpass_n20004_cLA_V3_V6_independent_rms_s15,phase2/results/predictions/full/independent_rms/tcn/seed_101/bandpass_n20004_cLA_V3_V6_independent_rms_s15.npz,76402,e9b29b2009f53c0916f19f73af8786d9066ebb6c460cdbfe5ce06d448000d85a
tcn,independent_rms,101,bandpass_n20004_cLA_V3_V6_independent_rms_s10,phase2/results/predictions/full/independent_rms/tcn/seed_101/bandpass_n20004_cLA_V3_V6_independent_rms_s10.npz,76378,ba7ea867033bbc235262598eb7a988e4c84e2f0408ea492dc84b9f608180cf1b
tcn,independent_rms,101,bandpass_n20004_cLA_V3_V6_independent_rms_s5,phase2/results/predictions/full/independent_rms/tcn/seed_101/bandpass_n20004_cLA_V3_V6_independent_rms_s5.npz,76295,a7716e3e004e31d3383f02948877728dec6145331d395a8ee0cb8e42ce11719a
tcn,independent_rms,101,bandpass_n20004_cLA_V3_V6_independent_rms_s0,phase2/results/predictions/full/independent_rms/tcn/seed_101/bandpass_n20004_cLA_V3_V6_independent_rms_s0.npz,76033,8df52148355a31c7a9dfcc75aa244c7c1461dd594a60eac76e288337e54642cd
tcn,independent_rms,101,bandpass_n20004_cLA_V3_V6_electrode_s20,phase2/results/predictions/full/independent_rms/tcn/seed_101/bandpass_n20004_cLA_V3_V6_electrode_s20.npz,76401,50830883b430e1986adba9b1f0fd6f5ea613b2d770352a7385ce0653d31393ea
tcn,independent_rms,101,bandpass_n20004_cLA_V3_V6_electrode_s15,phase2/results/predictions/full/independent_rms/tcn/seed_101/bandpass_n20004_cLA_V3_V6_electrode_s15.npz,76394,838d7e4938606f8b008e67a83bdbcb3c36ed5773f5d47b3f1cac9797aebc1fab
tcn,independent_rms,101,bandpass_n20004_cLA_V3_V6_electrode_s10,phase2/results/predictions/full/independent_rms/tcn/seed_101/bandpass_n20004_cLA_V3_V6_electrode_s10.npz,76350,ef69feb9b97bced737a83993e36a729cf9a862ece57dda058183f5d198bced78
tcn,independent_rms,101,bandpass_n20004_cLA_V3_V6_electrode_s5,phase2/results/predictions/full/independent_rms/tcn/seed_101/bandpass_n20004_cLA_V3_V6_electrode_s5.npz,76175,a8dc591f911f0d8c45b7a4bab2798fb0c372b3a5bb5a17c00c61cdce722a9712
tcn,independent_rms,101,bandpass_n20004_cLA_V3_V6_electrode_s0,phase2/results/predictions/full/independent_rms/tcn/seed_101/bandpass_n20004_cLA_V3_V6_electrode_s0.npz,75810,073face5705f1f7191d67bc5b63badf4915dae10140759aa0bf38d44219d24a4
tcn,independent_rms,101,bandpass_n20004_cLA_V3_V6_covariance_s20,phase2/results/predictions/full/independent_rms/tcn/seed_101/bandpass_n20004_cLA_V3_V6_covariance_s20.npz,76391,7f3619c29582b697607f332902c600b889e29ed900f2f989e5aa579249cf0cdd
tcn,independent_rms,101,bandpass_n20004_cLA_V3_V6_covariance_s15,phase2/results/predictions/full/independent_rms/tcn/seed_101/bandpass_n20004_cLA_V3_V6_covariance_s15.npz,76402,c79147754449972eac34c677a4f9df0d20359ed0e8c19e21ec1241c1f7dffc26
tcn,independent_rms,101,bandpass_n20004_cLA_V3_V6_covariance_s10,phase2/results/predictions/full/independent_rms/tcn/seed_101/bandpass_n20004_cLA_V3_V6_covariance_s10.npz,76360,095e6dd26604a66dedd0d8e9d592e973c2b091af64823243c45993d16801aee7
tcn,independent_rms,101,bandpass_n20004_cLA_V3_V6_covariance_s5,phase2/results/predictions/full/independent_rms/tcn/seed_101/bandpass_n20004_cLA_V3_V6_covariance_s5.npz,76180,7f3339fdce4e0275ed37b68c26366ec55d90b06490c9ddf333eb4301b0d0d67d
tcn,independent_rms,101,bandpass_n20004_cLA_V3_V6_covariance_s0,phase2/results/predictions/full/independent_rms/tcn/seed_101/bandpass_n20004_cLA_V3_V6_covariance_s0.npz,75797,771d9e4b62d2f3fea22e6085fe3e8c8b0f230766aba79fa324386c5b7e4fbca8
tcn,independent_rms,101,bandpass_n20004_cLL_V1_V4_independent_rms_s20,phase2/results/predictions/full/independent_rms/tcn/seed_101/bandpass_n20004_cLL_V1_V4_independent_rms_s20.npz,76394,c266f15ace6de76d0b43be1741537717f2fdd7360407611469c4e5a5ed3cf32c
tcn,independent_rms,101,bandpass_n20004_cLL_V1_V4_independent_rms_s15,phase2/results/predictions/full/independent_rms/tcn/seed_101/bandpass_n20004_cLL_V1_V4_independent_rms_s15.npz,76404,8a220d940f70ec393e6d5cea1369386b74a93308cec470587d841c630d0968a3
tcn,independent_rms,101,bandpass_n20004_cLL_V1_V4_independent_rms_s10,phase2/results/predictions/full/independent_rms/tcn/seed_101/bandpass_n20004_cLL_V1_V4_independent_rms_s10.npz,76380,4fdb662981cced7b45a9c94fa25d3c2d75fec04adddc668122f361165d29fe80
tcn,independent_rms,101,bandpass_n20004_cLL_V1_V4_independent_rms_s5,phase2/results/predictions/full/independent_rms/tcn/seed_101/bandpass_n20004_cLL_V1_V4_independent_rms_s5.npz,76292,916b25019018d64237b3350f1690ebce3136167f7cd5101d69525e5fe563a806
tcn,independent_rms,101,bandpass_n20004_cLL_V1_V4_independent_rms_s0,phase2/results/predictions/full/independent_rms/tcn/seed_101/bandpass_n20004_cLL_V1_V4_independent_rms_s0.npz,75928,c6411021f9860fef4f68a57937ea6183070710813c6f7d9f90f3ae39f346c9eb
tcn,independent_rms,101,bandpass_n20004_cLL_V1_V4_electrode_s20,phase2/results/predictions/full/independent_rms/tcn/seed_101/bandpass_n20004_cLL_V1_V4_electrode_s20.npz,76419,1716159703648460324fd42f849f624b3f5299d4e85e5e3742c79b167b461a5b
tcn,independent_rms,101,bandpass_n20004_cLL_V1_V4_electrode_s15,phase2/results/predictions/full/independent_rms/tcn/seed_101/bandpass_n20004_cLL_V1_V4_electrode_s15.npz,76387,25eb60f6eaaf9bffb4b33732c4da316016f04e974515c96fa131dde5ef775d83
tcn,independent_rms,101,bandpass_n20004_cLL_V1_V4_electrode_s10,phase2/results/predictions/full/independent_rms/tcn/seed_101/bandpass_n20004_cLL_V1_V4_electrode_s10.npz,76358,29865480fb49a52c6ac993feffff37f7d8d3f615207a8d59a407db302a4a07ad
tcn,independent_rms,101,bandpass_n20004_cLL_V1_V4_electrode_s5,phase2/results/predictions/full/independent_rms/tcn/seed_101/bandpass_n20004_cLL_V1_V4_electrode_s5.npz,76191,279a6f968266bf1450781cfbdb18cd557fa20e5b1687ca7366762d5f8105ee61
tcn,independent_rms,101,bandpass_n20004_cLL_V1_V4_electrode_s0,phase2/results/predictions/full/independent_rms/tcn/seed_101/bandpass_n20004_cLL_V1_V4_electrode_s0.npz,75813,71b8da4f101a1eeb69b0159ac1ce3723513d1de9a1acdc54ff407924aae2e2c8
tcn,independent_rms,101,bandpass_n20004_cLL_V1_V4_covariance_s20,phase2/results/predictions/full/independent_rms/tcn/seed_101/bandpass_n20004_cLL_V1_V4_covariance_s20.npz,76412,7f07184c365edab0c939c4c6879fe7d10e2863ebf2a4a852423316b6d21773bd
tcn,independent_rms,101,bandpass_n20004_cLL_V1_V4_covariance_s15,phase2/results/predictions/full/independent_rms/tcn/seed_101/bandpass_n20004_cLL_V1_V4_covariance_s15.npz,76414,e2a0ed3e7ca81decec48d56ee38495eea95598efb6314e74318ee38a58f40f0d
tcn,independent_rms,101,bandpass_n20004_cLL_V1_V4_covariance_s10,phase2/results/predictions/full/independent_rms/tcn/seed_101/bandpass_n20004_cLL_V1_V4_covariance_s10.npz,76332,73a96cc607d7fc75e4008bdfcffccde983539b740f8f070bee4c54dad4f7abbf
tcn,independent_rms,101,bandpass_n20004_cLL_V1_V4_covariance_s5,phase2/results/predictions/full/independent_rms/tcn/seed_101/bandpass_n20004_cLL_V1_V4_covariance_s5.npz,76198,c02098976039f1b9f7cf532aeb0080e3b6983d15da2de2e22ba2790899dc926c
tcn,independent_rms,101,bandpass_n20004_cLL_V1_V4_covariance_s0,phase2/results/predictions/full/independent_rms/tcn/seed_101/bandpass_n20004_cLL_V1_V4_covariance_s0.npz,75783,6927b627588adc62dd856ce313ed5655ff10ae8e7e88528c9a025091711ff1b7
tcn,independent_rms,101,bandpass_n20004_call_independent_rms_s20,phase2/results/predictions/full/independent_rms/tcn/seed_101/bandpass_n20004_call_independent_rms_s20.npz,76374,039ef88be5789abd8579cb25bdcb0341aefab7c67873674a92b05c2fa601d870
tcn,independent_rms,101,bandpass_n20004_call_independent_rms_s15,phase2/results/predictions/full/independent_rms/tcn/seed_101/bandpass_n20004_call_independent_rms_s15.npz,76347,1bfad46e45e90dd30e7507daf3b7d53b081d40652f689496484dcec983af2241
tcn,independent_rms,101,bandpass_n20004_call_independent_rms_s10,phase2/results/predictions/full/independent_rms/tcn/seed_101/bandpass_n20004_call_independent_rms_s10.npz,76362,17379edeaa374042e87a087f0e0597ad44ea5203bf310afca305f6eabcb2b836
tcn,independent_rms,101,bandpass_n20004_call_independent_rms_s5,phase2/results/predictions/full/independent_rms/tcn/seed_101/bandpass_n20004_call_independent_rms_s5.npz,76207,2414e9788656135618d4eb9acecb9b32d22f7a03d297e9e92406f9a0cf7a9e66
tcn,independent_rms,101,bandpass_n20004_call_independent_rms_s0,phase2/results/predictions/full/independent_rms/tcn/seed_101/bandpass_n20004_call_independent_rms_s0.npz,76005,0cd3fc4b6e4602fc6bce6acb6ad0146b97827ca10dfcfaf6535fa164e6078300
tcn,independent_rms,101,bandpass_n20004_call_electrode_s20,phase2/results/predictions/full/independent_rms/tcn/seed_101/bandpass_n20004_call_electrode_s20.npz,76353,f3e221e3903f04c96be4dad5a25578e0cddb8e729e5225d6c1ac683493cb67ff
tcn,independent_rms,101,bandpass_n20004_call_electrode_s15,phase2/results/predictions/full/independent_rms/tcn/seed_101/bandpass_n20004_call_electrode_s15.npz,76352,3dfe13285bf6f97feac9d71335fdfb442f08b3731c05ca9c87e9ad0fe354a77e
tcn,independent_rms,101,bandpass_n20004_call_electrode_s10,phase2/results/predictions/full/independent_rms/tcn/seed_101/bandpass_n20004_call_electrode_s10.npz,76318,f6fc19a1674a41b1bef15e8092f71cf4b785a5a7369746b7f75c68a22fbd5418
tcn,independent_rms,101,bandpass_n20004_call_electrode_s5,phase2/results/predictions/full/independent_rms/tcn/seed_101/bandpass_n20004_call_electrode_s5.npz,76122,b002884604c7c9ba94e2b33c9d1e1c2bea5afed763cf770bb10fa1779cf3f5f6
tcn,independent_rms,101,bandpass_n20004_call_electrode_s0,phase2/results/predictions/full/independent_rms/tcn/seed_101/bandpass_n20004_call_electrode_s0.npz,75687,d6f43a939eb1ed39d2322942251be64d341f5ea81a3f3180b5c5776f6f20fdfc
tcn,independent_rms,101,bandpass_n20004_call_covariance_s20,phase2/results/predictions/full/independent_rms/tcn/seed_101/bandpass_n20004_call_covariance_s20.npz,76367,cb94d9f9ea0acedb3c9e886ae988b26f1641c2e8b0666cf7725e498f9c4a7724
tcn,independent_rms,101,bandpass_n20004_call_covariance_s15,phase2/results/predictions/full/independent_rms/tcn/seed_101/bandpass_n20004_call_covariance_s15.npz,76349,c8088b41a7a00ec3dbbc2f5f7831309fe2177d7993f4b201590422deccdb3903
tcn,independent_rms,101,bandpass_n20004_call_covariance_s10,phase2/results/predictions/full/independent_rms/tcn/seed_101/bandpass_n20004_call_covariance_s10.npz,76319,e538089539337f2bf557310505450bef5bf16bfde8a0085028c924bcf956f22f
tcn,independent_rms,101,bandpass_n20004_call_covariance_s5,phase2/results/predictions/full/independent_rms/tcn/seed_101/bandpass_n20004_call_covariance_s5.npz,76125,87ef9be7b5741abc7e8ae973d0b305839dc9d768a25ab0cbd05ba5a50ad9f8d9
tcn,independent_rms,101,bandpass_n20004_call_covariance_s0,phase2/results/predictions/full/independent_rms/tcn/seed_101/bandpass_n20004_call_covariance_s0.npz,75649,1df8ea72db4c61da37ea6721f08aea6f58f95a4b5e71e8ca8343bad9be636a46
tcn,independent_rms,101,bandpass_n20005_cRA_LA_LL_independent_rms_s20,phase2/results/predictions/full/independent_rms/tcn/seed_101/bandpass_n20005_cRA_LA_LL_independent_rms_s20.npz,76388,ce104e48874da16274c04dff90148f550b67a883476653876b00842b5b7a506e
tcn,independent_rms,101,bandpass_n20005_cRA_LA_LL_independent_rms_s15,phase2/results/predictions/full/independent_rms/tcn/seed_101/bandpass_n20005_cRA_LA_LL_independent_rms_s15.npz,76422,6ae21d6ac42f997ae84b13337a331abb8f0685acc97d239e60abffb73f466af3
tcn,independent_rms,101,bandpass_n20005_cRA_LA_LL_independent_rms_s10,phase2/results/predictions/full/independent_rms/tcn/seed_101/bandpass_n20005_cRA_LA_LL_independent_rms_s10.npz,76335,95517c2ad2d658a9f70ee20a278db9493241b4b67e5cef53b7594aad360cb400
tcn,independent_rms,101,bandpass_n20005_cRA_LA_LL_independent_rms_s5,phase2/results/predictions/full/independent_rms/tcn/seed_101/bandpass_n20005_cRA_LA_LL_independent_rms_s5.npz,76263,d33a6d2f29c90d2d8f6dcd9f43b2786bc9c18da5967bc7dcd7276c1d4d2a14ba
tcn,independent_rms,101,bandpass_n20005_cRA_LA_LL_independent_rms_s0,phase2/results/predictions/full/independent_rms/tcn/seed_101/bandpass_n20005_cRA_LA_LL_independent_rms_s0.npz,75982,6877465eb493b75191f0554deceec03bbd1ed63c2bd47b29d15bd653919eec5d
tcn,independent_rms,101,bandpass_n20005_cRA_LA_LL_electrode_s20,phase2/results/predictions/full/independent_rms/tcn/seed_101/bandpass_n20005_cRA_LA_LL_electrode_s20.npz,76365,ec5773fdbdb2a3d8402bde397fea785b7fbb70730fd75d8a63a7b0d3dd8aed8f
tcn,independent_rms,101,bandpass_n20005_cRA_LA_LL_electrode_s15,phase2/results/predictions/full/independent_rms/tcn/seed_101/bandpass_n20005_cRA_LA_LL_electrode_s15.npz,76397,efd628daa5f9a8bb95b54c368ef0418fb37484ad1911d01943c5970f3f4a1d2d
tcn,independent_rms,101,bandpass_n20005_cRA_LA_LL_electrode_s10,phase2/results/predictions/full/independent_rms/tcn/seed_101/bandpass_n20005_cRA_LA_LL_electrode_s10.npz,76320,8de6f51a56cb1828df90462a217035def71784bbac99e041f5ad09a525872c2e
tcn,independent_rms,101,bandpass_n20005_cRA_LA_LL_electrode_s5,phase2/results/predictions/full/independent_rms/tcn/seed_101/bandpass_n20005_cRA_LA_LL_electrode_s5.npz,76092,f273b90e72d8dc58d38670aa49d9114806ea12ad2f057a3a96281b5e4d9919ff
tcn,independent_rms,101,bandpass_n20005_cRA_LA_LL_electrode_s0,phase2/results/predictions/full/independent_rms/tcn/seed_101/bandpass_n20005_cRA_LA_LL_electrode_s0.npz,75626,50e8cae64cdef87eef447cbf31a96324af5e9c79ace64ae5766c2c718d24cc2b
tcn,independent_rms,101,bandpass_n20005_cRA_LA_LL_covariance_s20,phase2/results/predictions/full/independent_rms/tcn/seed_101/bandpass_n20005_cRA_LA_LL_covariance_s20.npz,76394,064783033e2029459fa0d730eb3723437871c55b31f42d65886356a80eaa9b42
tcn,independent_rms,101,bandpass_n20005_cRA_LA_LL_covariance_s15,phase2/results/predictions/full/independent_rms/tcn/seed_101/bandpass_n20005_cRA_LA_LL_covariance_s15.npz,76392,718a9a786304ec34facedaad671403f0aa53f8e342d272793ea4aa0d7e7a062c
tcn,independent_rms,101,bandpass_n20005_cRA_LA_LL_covariance_s10,phase2/results/predictions/full/independent_rms/tcn/seed_101/bandpass_n20005_cRA_LA_LL_covariance_s10.npz,76298,d5bb15c3d062737e6f9159720c16436b17df3f93a195236726637904c843802a
tcn,independent_rms,101,bandpass_n20005_cRA_LA_LL_covariance_s5,phase2/results/predictions/full/independent_rms/tcn/seed_101/bandpass_n20005_cRA_LA_LL_covariance_s5.npz,76067,68dd64dc5fa7da7243b14cbaa07fc16bec1de8076732f56077a5c734a9041fad
tcn,independent_rms,101,bandpass_n20005_cRA_LA_LL_covariance_s0,phase2/results/predictions/full/independent_rms/tcn/seed_101/bandpass_n20005_cRA_LA_LL_covariance_s0.npz,75684,0484b78c9e1bffa3ecb9583b06bb9b876631ba5c71188e934dd115a0dcd9e34a
tcn,independent_rms,101,bandpass_n20005_cV1_independent_rms_s20,phase2/results/predictions/full/independent_rms/tcn/seed_101/bandpass_n20005_cV1_independent_rms_s20.npz,76407,c234201ec4a35dd3ce2792462a8c487faff1b8f68c7316659bf80ef68531c087
tcn,independent_rms,101,bandpass_n20005_cV1_independent_rms_s15,phase2/results/predictions/full/independent_rms/tcn/seed_101/bandpass_n20005_cV1_independent_rms_s15.npz,76359,9878f3127581d98ae1a79580011c50666fc3d5530a46064f81245905b0bd9f3d
tcn,independent_rms,101,bandpass_n20005_cV1_independent_rms_s10,phase2/results/predictions/full/independent_rms/tcn/seed_101/bandpass_n20005_cV1_independent_rms_s10.npz,76356,4e98f334aeecae13c3e225c7a1e6712ee6fa2429926a2bbe93fe498fe6c12a58
tcn,independent_rms,101,bandpass_n20005_cV1_independent_rms_s5,phase2/results/predictions/full/independent_rms/tcn/seed_101/bandpass_n20005_cV1_independent_rms_s5.npz,76204,e0511b20f05a9a498bbe7a1c1c62127d83d65d1b56c0c52ab7c821fbe9b22e0f
tcn,independent_rms,101,bandpass_n20005_cV1_independent_rms_s0,phase2/results/predictions/full/independent_rms/tcn/seed_101/bandpass_n20005_cV1_independent_rms_s0.npz,75837,ae81fd145a6d2f0ba8d204d05579554b2a6478f64190af90f29b8b07e15eefae
tcn,independent_rms,101,bandpass_n20005_cV1_electrode_s20,phase2/results/predictions/full/independent_rms/tcn/seed_101/bandpass_n20005_cV1_electrode_s20.npz,76365,8489d3524b96eb5e23674094c3556d00b64d860eec35cb490b2791268073f810
tcn,independent_rms,101,bandpass_n20005_cV1_electrode_s15,phase2/results/predictions/full/independent_rms/tcn/seed_101/bandpass_n20005_cV1_electrode_s15.npz,76353,74c3bf9dfab5499c0fec03f6b9ac341a6491d5ed195582b7e1a9426a9d7ad758
tcn,independent_rms,101,bandpass_n20005_cV1_electrode_s10,phase2/results/predictions/full/independent_rms/tcn/seed_101/bandpass_n20005_cV1_electrode_s10.npz,76375,61638e518e811dfc3b7813e1c243b4d648ea9d9a05d7c70096ca8646c541a73a
tcn,independent_rms,101,bandpass_n20005_cV1_electrode_s5,phase2/results/predictions/full/independent_rms/tcn/seed_101/bandpass_n20005_cV1_electrode_s5.npz,76163,cb60a6bdd9d3a9f3d860e32f13bcb9d8af74f9490bfd358b573e6d46c99ed13f
tcn,independent_rms,101,bandpass_n20005_cV1_electrode_s0,phase2/results/predictions/full/independent_rms/tcn/seed_101/bandpass_n20005_cV1_electrode_s0.npz,75847,411fcd4c6ce829dc02e9f670a3536b46564a7816ba57e1bfdfe0e410314881f6
tcn,independent_rms,101,bandpass_n20005_cV1_covariance_s20,phase2/results/predictions/full/independent_rms/tcn/seed_101/bandpass_n20005_cV1_covariance_s20.npz,76370,530b913454f9bf7c2d64256331e5f0726964a30b2f367a5b7bb6790de30c8a50
tcn,independent_rms,101,bandpass_n20005_cV1_covariance_s15,phase2/results/predictions/full/independent_rms/tcn/seed_101/bandpass_n20005_cV1_covariance_s15.npz,76366,c9552e474282bce18870b8c68e67b60dbaff80bd028995334f50934d235e93b6
tcn,independent_rms,101,bandpass_n20005_cV1_covariance_s10,phase2/results/predictions/full/independent_rms/tcn/seed_101/bandpass_n20005_cV1_covariance_s10.npz,76341,7cca6ae9a7e3987c3bf4b9f88abc5f26502557efdd7d50a060bb5e3c207447fc
tcn,independent_rms,101,bandpass_n20005_cV1_covariance_s5,phase2/results/predictions/full/independent_rms/tcn/seed_101/bandpass_n20005_cV1_covariance_s5.npz,76197,af8b8d95e39bfd8ff8318d07324453eb0f5e84e1e67af7568b0dcc1561065c79
tcn,independent_rms,101,bandpass_n20005_cV1_covariance_s0,phase2/results/predictions/full/independent_rms/tcn/seed_101/bandpass_n20005_cV1_covariance_s0.npz,75855,102efc6dfeca36913c6d0f4459c276f97033ef74931fca4f649fd9d4068bb853
tcn,independent_rms,101,bandpass_n20005_cV2_independent_rms_s20,phase2/results/predictions/full/independent_rms/tcn/seed_101/bandpass_n20005_cV2_independent_rms_s20.npz,76398,1e84c764dea6b751aa8d21f42e5a78654732719f6f541e0d93be183def1ef3e2
tcn,independent_rms,101,bandpass_n20005_cV2_independent_rms_s15,phase2/results/predictions/full/independent_rms/tcn/seed_101/bandpass_n20005_cV2_independent_rms_s15.npz,76380,bca652d0b45e0251984af16b5e20774d17594a4a1ee580dda7bf71f05a449319
tcn,independent_rms,101,bandpass_n20005_cV2_independent_rms_s10,phase2/results/predictions/full/independent_rms/tcn/seed_101/bandpass_n20005_cV2_independent_rms_s10.npz,76347,7934d080bd7265312dfd086394de4ab2672358f20a8b6be2c418f94459fc865d
tcn,independent_rms,101,bandpass_n20005_cV2_independent_rms_s5,phase2/results/predictions/full/independent_rms/tcn/seed_101/bandpass_n20005_cV2_independent_rms_s5.npz,76250,01ec5cc6e172600830e67c4bbd2cbd8db671ed9b261579e88366f5ebf0673d5a
tcn,independent_rms,101,bandpass_n20005_cV2_independent_rms_s0,phase2/results/predictions/full/independent_rms/tcn/seed_101/bandpass_n20005_cV2_independent_rms_s0.npz,76058,55a5c7ba1d41cf372096710351615164a870db385c1b23afdc0bf1b439ef8334
tcn,independent_rms,101,bandpass_n20005_cV2_electrode_s20,phase2/results/predictions/full/independent_rms/tcn/seed_101/bandpass_n20005_cV2_electrode_s20.npz,76358,5b968ec0aead22ed7616ef4c79b5099338112120e93e48f015ace3e0525e6113
tcn,independent_rms,101,bandpass_n20005_cV2_electrode_s15,phase2/results/predictions/full/independent_rms/tcn/seed_101/bandpass_n20005_cV2_electrode_s15.npz,76360,e4d7fc49547b42e11bf023137604b82f324230b83a61a6338086c6e19d913923
tcn,independent_rms,101,bandpass_n20005_cV2_electrode_s10,phase2/results/predictions/full/independent_rms/tcn/seed_101/bandpass_n20005_cV2_electrode_s10.npz,76327,8c48d239e042c1cc589b1ccfbef32f5c1fc5f913c1e0cd22296813d4cdb22232
tcn,independent_rms,101,bandpass_n20005_cV2_electrode_s5,phase2/results/predictions/full/independent_rms/tcn/seed_101/bandpass_n20005_cV2_electrode_s5.npz,76250,9c9eedac4bb722deb715dd3e59861e2bf3bcf9559fea6242559c6e4554561125
tcn,independent_rms,101,bandpass_n20005_cV2_electrode_s0,phase2/results/predictions/full/independent_rms/tcn/seed_101/bandpass_n20005_cV2_electrode_s0.npz,76044,62ad2208221d42747188ebd517a282b0014a631218b86c90af267f6c9a712a86
tcn,independent_rms,101,bandpass_n20005_cV2_covariance_s20,phase2/results/predictions/full/independent_rms/tcn/seed_101/bandpass_n20005_cV2_covariance_s20.npz,76387,c57ec448f89e4627a028423f293653c9c2982542e42944dafe889c34bbe979da
tcn,independent_rms,101,bandpass_n20005_cV2_covariance_s15,phase2/results/predictions/full/independent_rms/tcn/seed_101/bandpass_n20005_cV2_covariance_s15.npz,76346,e81f8d99a1fb314b6b5821f858fb315accab453c89ad51c28c4406590d219def
tcn,independent_rms,101,bandpass_n20005_cV2_covariance_s10,phase2/results/predictions/full/independent_rms/tcn/seed_101/bandpass_n20005_cV2_covariance_s10.npz,76370,a1efe4dd0f5d13325399e1c4d6fafad27af3b486e753d7acbfd1964313f7f174
tcn,independent_rms,101,bandpass_n20005_cV2_covariance_s5,phase2/results/predictions/full/independent_rms/tcn/seed_101/bandpass_n20005_cV2_covariance_s5.npz,76217,742966424fd46cf98ba9b3ca40c6684cb353a6a7a9388b3599d24c946d154039
tcn,independent_rms,101,bandpass_n20005_cV2_covariance_s0,phase2/results/predictions/full/independent_rms/tcn/seed_101/bandpass_n20005_cV2_covariance_s0.npz,76032,15c89926c7e8fb73f244148bef5f9ed55cafc1366ae38a6086f51803b580bf41
tcn,independent_rms,101,bandpass_n20005_cV3_independent_rms_s20,phase2/results/predictions/full/independent_rms/tcn/seed_101/bandpass_n20005_cV3_independent_rms_s20.npz,76358,8c8101b303c3d3ac2df515ce314bf40f6470b3563ed7cdc46af0b50af08a0487
tcn,independent_rms,101,bandpass_n20005_cV3_independent_rms_s15,phase2/results/predictions/full/independent_rms/tcn/seed_101/bandpass_n20005_cV3_independent_rms_s15.npz,76405,ac0003fee795376af1920d73620bf88dae530d68aa24ee0f75e8f00c33c77843
tcn,independent_rms,101,bandpass_n20005_cV3_independent_rms_s10,phase2/results/predictions/full/independent_rms/tcn/seed_101/bandpass_n20005_cV3_independent_rms_s10.npz,76380,6eb81fd4ab29bc1ee1f9edc303fc37174d11bb97e4854bde8a44880cce419aed
tcn,independent_rms,101,bandpass_n20005_cV3_independent_rms_s5,phase2/results/predictions/full/independent_rms/tcn/seed_101/bandpass_n20005_cV3_independent_rms_s5.npz,76281,9ec6d46716ae1dac0b6baedd09b6f43a9b0a306f252183b3047df793989a265f
tcn,independent_rms,101,bandpass_n20005_cV3_independent_rms_s0,phase2/results/predictions/full/independent_rms/tcn/seed_101/bandpass_n20005_cV3_independent_rms_s0.npz,76030,e2bf95c50f842eb5cdd5c59b9c661657b7e0d5bc1c451b7e441591fd7e8b1842
tcn,independent_rms,101,bandpass_n20005_cV3_electrode_s20,phase2/results/predictions/full/independent_rms/tcn/seed_101/bandpass_n20005_cV3_electrode_s20.npz,76388,480ea32d3834980d348131c97a850c1c6237ccd3632f73eb671b3241efd3b670
tcn,independent_rms,101,bandpass_n20005_cV3_electrode_s15,phase2/results/predictions/full/independent_rms/tcn/seed_101/bandpass_n20005_cV3_electrode_s15.npz,76372,8cd2d2e7423f4f7d2c5eb53e78085a22e43376f81d2cdbbe99ad3850a2bdb588
tcn,independent_rms,101,bandpass_n20005_cV3_electrode_s10,phase2/results/predictions/full/independent_rms/tcn/seed_101/bandpass_n20005_cV3_electrode_s10.npz,76354,cdc9f858767b7e4071f4447ed36ba0566ceb4baa08b1a0d644b22f94baf23e23
tcn,independent_rms,101,bandpass_n20005_cV3_electrode_s5,phase2/results/predictions/full/independent_rms/tcn/seed_101/bandpass_n20005_cV3_electrode_s5.npz,76294,1e496076a26b7e1d5f24f51e2ef7cdda401e2e8f769e82b68dd920dab8337b7f
tcn,independent_rms,101,bandpass_n20005_cV3_electrode_s0,phase2/results/predictions/full/independent_rms/tcn/seed_101/bandpass_n20005_cV3_electrode_s0.npz,76017,f4b3c7734a839eef5f981d53c1429fcab085bbdab6183d66548ac52ec1178596
tcn,independent_rms,101,bandpass_n20005_cV3_covariance_s20,phase2/results/predictions/full/independent_rms/tcn/seed_101/bandpass_n20005_cV3_covariance_s20.npz,76390,d1da253711016652fb8713a41b593ac29a4a2f5efe70e262a05b953a801b8e11
tcn,independent_rms,101,bandpass_n20005_cV3_covariance_s15,phase2/results/predictions/full/independent_rms/tcn/seed_101/bandpass_n20005_cV3_covariance_s15.npz,76349,abb26ac03beb1b00bdb06461446370ca8e065806ed2adbbdc707f897ceb26c8c
tcn,independent_rms,101,bandpass_n20005_cV3_covariance_s10,phase2/results/predictions/full/independent_rms/tcn/seed_101/bandpass_n20005_cV3_covariance_s10.npz,76364,31f10b0460b6ef9d8d15c46050035995fb8177ea84cc8a18ae1171e3c126378e
tcn,independent_rms,101,bandpass_n20005_cV3_covariance_s5,phase2/results/predictions/full/independent_rms/tcn/seed_101/bandpass_n20005_cV3_covariance_s5.npz,76286,30133091bacbdc582f97d5189230750169bb66060e7ec7361fede55b582a8460
tcn,independent_rms,101,bandpass_n20005_cV3_covariance_s0,phase2/results/predictions/full/independent_rms/tcn/seed_101/bandpass_n20005_cV3_covariance_s0.npz,75988,664e1417012515a5a47ad204eb268dbd851243336e24f2c93e7fa6575ddf52a0
tcn,independent_rms,101,bandpass_n20005_cV4_independent_rms_s20,phase2/results/predictions/full/independent_rms/tcn/seed_101/bandpass_n20005_cV4_independent_rms_s20.npz,76373,899e5d189f95e145a7c764d259f309489e31f6424a80943a2a75c1e11bf6260b
tcn,independent_rms,101,bandpass_n20005_cV4_independent_rms_s15,phase2/results/predictions/full/independent_rms/tcn/seed_101/bandpass_n20005_cV4_independent_rms_s15.npz,76414,b7c22ad94f23413586ddeb70adf85ac924fdb522ae6e415081f7547228b75b0e
tcn,independent_rms,101,bandpass_n20005_cV4_independent_rms_s10,phase2/results/predictions/full/independent_rms/tcn/seed_101/bandpass_n20005_cV4_independent_rms_s10.npz,76331,fb0eca2c6f5f74d1b72f805f4603af59313249449491d8dfc479db2cabba9a5a
tcn,independent_rms,101,bandpass_n20005_cV4_independent_rms_s5,phase2/results/predictions/full/independent_rms/tcn/seed_101/bandpass_n20005_cV4_independent_rms_s5.npz,76339,6efba5b489ddf7cef81d8b03272b4f45eb75f06b69469fc2a15b22677570d182
tcn,independent_rms,101,bandpass_n20005_cV4_independent_rms_s0,phase2/results/predictions/full/independent_rms/tcn/seed_101/bandpass_n20005_cV4_independent_rms_s0.npz,76097,b1a2b59128ff7494a433b979c45b13f6388d71feb2481e7e7063b79199e8529b
tcn,independent_rms,101,bandpass_n20005_cV4_electrode_s20,phase2/results/predictions/full/independent_rms/tcn/seed_101/bandpass_n20005_cV4_electrode_s20.npz,76388,16859e832575f4ab728711b5b3fdb932b8506ccb76404e9b4158d3f6b9bb98af
tcn,independent_rms,101,bandpass_n20005_cV4_electrode_s15,phase2/results/predictions/full/independent_rms/tcn/seed_101/bandpass_n20005_cV4_electrode_s15.npz,76340,5674bec199dbdae6ca60c4e3a8a0654eaf5fafc95cd44ca05d342ec9f975f5cc
tcn,independent_rms,101,bandpass_n20005_cV4_electrode_s10,phase2/results/predictions/full/independent_rms/tcn/seed_101/bandpass_n20005_cV4_electrode_s10.npz,76356,c059709fab8c9713a2821df98c3d6c169e6a34071774f31475ad05439a52a8c4
tcn,independent_rms,101,bandpass_n20005_cV4_electrode_s5,phase2/results/predictions/full/independent_rms/tcn/seed_101/bandpass_n20005_cV4_electrode_s5.npz,76333,7b0cbe9f3d06162ecc2238ff5aaad007292b9f4bb2437edac668f16ae7bb2ad4
tcn,independent_rms,101,bandpass_n20005_cV4_electrode_s0,phase2/results/predictions/full/independent_rms/tcn/seed_101/bandpass_n20005_cV4_electrode_s0.npz,76080,130ca20421dddaf3add6314e3efb9b18c2963f5502c6ee85fd38a70e8043db9e
tcn,independent_rms,101,bandpass_n20005_cV4_covariance_s20,phase2/results/predictions/full/independent_rms/tcn/seed_101/bandpass_n20005_cV4_covariance_s20.npz,76388,6ecb9e8419b79d58eeb82ceafdd69e3c0d5ec419675f298333fffd022480d9f0
tcn,independent_rms,101,bandpass_n20005_cV4_covariance_s15,phase2/results/predictions/full/independent_rms/tcn/seed_101/bandpass_n20005_cV4_covariance_s15.npz,76368,33b0d93c5fbe254bdcd211abb016406749ffa2db93fc9278f5c9eb231b59bf5c
tcn,independent_rms,101,bandpass_n20005_cV4_covariance_s10,phase2/results/predictions/full/independent_rms/tcn/seed_101/bandpass_n20005_cV4_covariance_s10.npz,76334,3032e51feabce5a8f08145b703c893bf2f06950ee2adcbb083fa2fff8b07d366
tcn,independent_rms,101,bandpass_n20005_cV4_covariance_s5,phase2/results/predictions/full/independent_rms/tcn/seed_101/bandpass_n20005_cV4_covariance_s5.npz,76327,14d60f3a534dd3cb764ab7177f474b0570ed43f852e742ab0d20d33bec0961a9
tcn,independent_rms,101,bandpass_n20005_cV4_covariance_s0,phase2/results/predictions/full/independent_rms/tcn/seed_101/bandpass_n20005_cV4_covariance_s0.npz,76124,6a61e859a32e5f11cb6be96feba0ef60565b2c87b097857e6f5b59e971337186
tcn,independent_rms,101,bandpass_n20005_cV5_independent_rms_s20,phase2/results/predictions/full/independent_rms/tcn/seed_101/bandpass_n20005_cV5_independent_rms_s20.npz,76396,baf704b3216e2fe5c69b5a1a027453bc69a676a22050f2e91ef71d030a510fa6
tcn,independent_rms,101,bandpass_n20005_cV5_independent_rms_s15,phase2/results/predictions/full/independent_rms/tcn/seed_101/bandpass_n20005_cV5_independent_rms_s15.npz,76370,8297c9dd6e952901680e3971cdd33fc42501d8e44ab6a0aab48b9dc4bbb799ea
tcn,independent_rms,101,bandpass_n20005_cV5_independent_rms_s10,phase2/results/predictions/full/independent_rms/tcn/seed_101/bandpass_n20005_cV5_independent_rms_s10.npz,76348,40492a7af6aa8040e53bba60392b2d49e43d71f9a9b9c06785274580035be1b5
tcn,independent_rms,101,bandpass_n20005_cV5_independent_rms_s5,phase2/results/predictions/full/independent_rms/tcn/seed_101/bandpass_n20005_cV5_independent_rms_s5.npz,76304,45ab5c6982f8d5658d11993dbe860c9c9ad16f335d4e4008265ceeae48222b81
tcn,independent_rms,101,bandpass_n20005_cV5_independent_rms_s0,phase2/results/predictions/full/independent_rms/tcn/seed_101/bandpass_n20005_cV5_independent_rms_s0.npz,76056,1d46168b075ce77954a74c641bd75db832be97ac79257035c5fa4d82b24d619f
tcn,independent_rms,101,bandpass_n20005_cV5_electrode_s20,phase2/results/predictions/full/independent_rms/tcn/seed_101/bandpass_n20005_cV5_electrode_s20.npz,76377,7ebdbf30583928e435646cc8ae7b3f670f5142a1c39a6d3a05076d4fd23c1996
tcn,independent_rms,101,bandpass_n20005_cV5_electrode_s15,phase2/results/predictions/full/independent_rms/tcn/seed_101/bandpass_n20005_cV5_electrode_s15.npz,76375,9371e75c543b408a521acfe00579131e3686062ada6c5a8cc8e5031c03dfbb62
tcn,independent_rms,101,bandpass_n20005_cV5_electrode_s10,phase2/results/predictions/full/independent_rms/tcn/seed_101/bandpass_n20005_cV5_electrode_s10.npz,76336,016d8698aeae656db3767eadf428dc8456f99c6f6c216527be3b2a30227a73e1
tcn,independent_rms,101,bandpass_n20005_cV5_electrode_s5,phase2/results/predictions/full/independent_rms/tcn/seed_101/bandpass_n20005_cV5_electrode_s5.npz,76280,b6f7703e4d1a186e0cfa6a6e3c4c8ff668159088215a3fd9d7be260f9057f08e
tcn,independent_rms,101,bandpass_n20005_cV5_electrode_s0,phase2/results/predictions/full/independent_rms/tcn/seed_101/bandpass_n20005_cV5_electrode_s0.npz,76041,096aafbbb38d9dfcc41be06d524d39be67ff331ac05a1998de6d7d3a3c2577bc
tcn,independent_rms,101,bandpass_n20005_cV5_covariance_s20,phase2/results/predictions/full/independent_rms/tcn/seed_101/bandpass_n20005_cV5_covariance_s20.npz,76364,130d64b0c112e134437078d04310190dcdac24720040d3880aaa97637001a641
tcn,independent_rms,101,bandpass_n20005_cV5_covariance_s15,phase2/results/predictions/full/independent_rms/tcn/seed_101/bandpass_n20005_cV5_covariance_s15.npz,76386,43ba06809643c91357b44d391fef865fc28132f420e6b3d2a297775919e5e731
tcn,independent_rms,101,bandpass_n20005_cV5_covariance_s10,phase2/results/predictions/full/independent_rms/tcn/seed_101/bandpass_n20005_cV5_covariance_s10.npz,76367,655a8aed7bde56f089dc8520f93765bdc8f7bc2434c46a33a8fd73db87a521d9
tcn,independent_rms,101,bandpass_n20005_cV5_covariance_s5,phase2/results/predictions/full/independent_rms/tcn/seed_101/bandpass_n20005_cV5_covariance_s5.npz,76271,dae1531c2cd560bf77192df1c3236a8f14b9de4ee944c14cbaa2ce9c87ed68dc
tcn,independent_rms,101,bandpass_n20005_cV5_covariance_s0,phase2/results/predictions/full/independent_rms/tcn/seed_101/bandpass_n20005_cV5_covariance_s0.npz,76050,c617a5949bb3f4c3e1487545b89152d2f11cedc738ef74f169042884d074ac13
tcn,independent_rms,101,bandpass_n20005_cV6_independent_rms_s20,phase2/results/predictions/full/independent_rms/tcn/seed_101/bandpass_n20005_cV6_independent_rms_s20.npz,76405,7988ae3812b17bfba8ee122ae2b64326a03307b7cf2f1b5dcb7027e1e982913f
tcn,independent_rms,101,bandpass_n20005_cV6_independent_rms_s15,phase2/results/predictions/full/independent_rms/tcn/seed_101/bandpass_n20005_cV6_independent_rms_s15.npz,76390,57a52ee278bba98e7999f1d0a07468ed3b528c43b9479274f054ab2e9d554e19
tcn,independent_rms,101,bandpass_n20005_cV6_independent_rms_s10,phase2/results/predictions/full/independent_rms/tcn/seed_101/bandpass_n20005_cV6_independent_rms_s10.npz,76363,2be4867ad3d424d45af91fd5259a45f80f21e557385941fee04b06780d38ef00
tcn,independent_rms,101,bandpass_n20005_cV6_independent_rms_s5,phase2/results/predictions/full/independent_rms/tcn/seed_101/bandpass_n20005_cV6_independent_rms_s5.npz,76347,3c92355d63e1499baabf74c134ed45bd6a21be8981c0fb45b038e5354b584eb7
tcn,independent_rms,101,bandpass_n20005_cV6_independent_rms_s0,phase2/results/predictions/full/independent_rms/tcn/seed_101/bandpass_n20005_cV6_independent_rms_s0.npz,76095,23b8870a4ca5ff99a24f9bb2ffbef574e39eb04047b9629b69ccc2f06a2a94f9
tcn,independent_rms,101,bandpass_n20005_cV6_electrode_s20,phase2/results/predictions/full/independent_rms/tcn/seed_101/bandpass_n20005_cV6_electrode_s20.npz,76407,8caa7e5b17959fe9212bb33acffb75e4dba859a6ab86af2fe30f4732aa523ee1
tcn,independent_rms,101,bandpass_n20005_cV6_electrode_s15,phase2/results/predictions/full/independent_rms/tcn/seed_101/bandpass_n20005_cV6_electrode_s15.npz,76375,0d805f9c54c2306e5d07cc541c7c0f0879d5d6b0abc61dab16d84c6fe96aa4b5
tcn,independent_rms,101,bandpass_n20005_cV6_electrode_s10,phase2/results/predictions/full/independent_rms/tcn/seed_101/bandpass_n20005_cV6_electrode_s10.npz,76325,1beba87555a8c96ff358360609e1432e8a89c8b2e548be86001db353466c5063
tcn,independent_rms,101,bandpass_n20005_cV6_electrode_s5,phase2/results/predictions/full/independent_rms/tcn/seed_101/bandpass_n20005_cV6_electrode_s5.npz,76298,98a61099cf17de50db25f4413a1ed639d43419f892a80da274179ee192dae470
tcn,independent_rms,101,bandpass_n20005_cV6_electrode_s0,phase2/results/predictions/full/independent_rms/tcn/seed_101/bandpass_n20005_cV6_electrode_s0.npz,76087,f63dd5fc33f1b193d67599c763f8be9d37213b65cf2b4f8801908a1c868cfbf7
tcn,independent_rms,101,bandpass_n20005_cV6_covariance_s20,phase2/results/predictions/full/independent_rms/tcn/seed_101/bandpass_n20005_cV6_covariance_s20.npz,76387,bfc8943392130e330f0f88d42b55d94a55a5325bffc50c815f6044643d8e273c
tcn,independent_rms,101,bandpass_n20005_cV6_covariance_s15,phase2/results/predictions/full/independent_rms/tcn/seed_101/bandpass_n20005_cV6_covariance_s15.npz,76368,a520c60c988ab1edc61b6e735293ee01dc11f516f4ade4465d0e6874c6a7553e
tcn,independent_rms,101,bandpass_n20005_cV6_covariance_s10,phase2/results/predictions/full/independent_rms/tcn/seed_101/bandpass_n20005_cV6_covariance_s10.npz,76356,301ca3ac717b80fce27d0a676ed85dfb5facbfd676756a10c144854782cda25d
tcn,independent_rms,101,bandpass_n20005_cV6_covariance_s5,phase2/results/predictions/full/independent_rms/tcn/seed_101/bandpass_n20005_cV6_covariance_s5.npz,76321,8c60be4d796a0ca4763da70b2349ce0f8d0328179669fad9042a9e520be0473e
tcn,independent_rms,101,bandpass_n20005_cV6_covariance_s0,phase2/results/predictions/full/independent_rms/tcn/seed_101/bandpass_n20005_cV6_covariance_s0.npz,76096,1cad38f0d400edb006bc4cfd579162546aae090076637a7f89eed963661475c8
tcn,independent_rms,101,bandpass_n20005_cRA_LA_independent_rms_s20,phase2/results/predictions/full/independent_rms/tcn/seed_101/bandpass_n20005_cRA_LA_independent_rms_s20.npz,76396,624313821372b12813484865d01f6222b7bff522b8ae0d3cda06288b736c5aaf
tcn,independent_rms,101,bandpass_n20005_cRA_LA_independent_rms_s15,phase2/results/predictions/full/independent_rms/tcn/seed_101/bandpass_n20005_cRA_LA_independent_rms_s15.npz,76434,c2b4b7a4e293050b9cad98a446c40922e34e4a4dcc51785393bf8413013715ea
tcn,independent_rms,101,bandpass_n20005_cRA_LA_independent_rms_s10,phase2/results/predictions/full/independent_rms/tcn/seed_101/bandpass_n20005_cRA_LA_independent_rms_s10.npz,76390,a1c4336a5169de0009f61eabbd119fe3783ac5b96652e53a7efc280aeb0d2d66
tcn,independent_rms,101,bandpass_n20005_cRA_LA_independent_rms_s5,phase2/results/predictions/full/independent_rms/tcn/seed_101/bandpass_n20005_cRA_LA_independent_rms_s5.npz,76240,38d912a36e9f0a4e66a29c15a6eb7fe26c8452778435411adb517341056b64ed
tcn,independent_rms,101,bandpass_n20005_cRA_LA_independent_rms_s0,phase2/results/predictions/full/independent_rms/tcn/seed_101/bandpass_n20005_cRA_LA_independent_rms_s0.npz,76002,302ba1807f80dec7dd148b0864dd207a159914dc54d5a49459bf826c752d3acc
tcn,independent_rms,101,bandpass_n20005_cRA_LA_electrode_s20,phase2/results/predictions/full/independent_rms/tcn/seed_101/bandpass_n20005_cRA_LA_electrode_s20.npz,76398,e47d85c080671a3a1b3701cb46915baf90bf14c6b4e2d42b38e405c2af75fad2
tcn,independent_rms,101,bandpass_n20005_cRA_LA_electrode_s15,phase2/results/predictions/full/independent_rms/tcn/seed_101/bandpass_n20005_cRA_LA_electrode_s15.npz,76358,3614cdd43f4fe406792b455085eddcc516ccdcf5a475c350dc9bed7f47eb4644
tcn,independent_rms,101,bandpass_n20005_cRA_LA_electrode_s10,phase2/results/predictions/full/independent_rms/tcn/seed_101/bandpass_n20005_cRA_LA_electrode_s10.npz,76313,5f183a6a29493ae23e5db6e29e596d7e500571fd86589b3714c3b7a446f2cfbb
tcn,independent_rms,101,bandpass_n20005_cRA_LA_electrode_s5,phase2/results/predictions/full/independent_rms/tcn/seed_101/bandpass_n20005_cRA_LA_electrode_s5.npz,76097,e7dac4bd912e47c24fa94e5d438160386bfbe71427b2f6e54effc0509a8a4eb1
tcn,independent_rms,101,bandpass_n20005_cRA_LA_electrode_s0,phase2/results/predictions/full/independent_rms/tcn/seed_101/bandpass_n20005_cRA_LA_electrode_s0.npz,75653,56e3b707ee84699ff653558aedb00898c687cb7424d6d4c7780e9f306046f828
tcn,independent_rms,101,bandpass_n20005_cRA_LA_covariance_s20,phase2/results/predictions/full/independent_rms/tcn/seed_101/bandpass_n20005_cRA_LA_covariance_s20.npz,76385,8ef5b08774293a4092487bdf864f84c1ff2cece61d8d9f6a55563e62845baa6f
tcn,independent_rms,101,bandpass_n20005_cRA_LA_covariance_s15,phase2/results/predictions/full/independent_rms/tcn/seed_101/bandpass_n20005_cRA_LA_covariance_s15.npz,76357,7d5c6201e2be3f019ab50c9b6eb336a6b82ba11816dee73cbcd6f84bfdfaa594
tcn,independent_rms,101,bandpass_n20005_cRA_LA_covariance_s10,phase2/results/predictions/full/independent_rms/tcn/seed_101/bandpass_n20005_cRA_LA_covariance_s10.npz,76296,e22d9260c0a5ae67f86ecadbb9cc3f080d47da68c3911fb35b4bf883035e32b1
tcn,independent_rms,101,bandpass_n20005_cRA_LA_covariance_s5,phase2/results/predictions/full/independent_rms/tcn/seed_101/bandpass_n20005_cRA_LA_covariance_s5.npz,76096,dbca873c5d6b6eca7e2daaceecf42f3349fcc3034322024fbe3118e607eab594
tcn,independent_rms,101,bandpass_n20005_cRA_LA_covariance_s0,phase2/results/predictions/full/independent_rms/tcn/seed_101/bandpass_n20005_cRA_LA_covariance_s0.npz,75682,c2a7f212fa9651d659281d32afe89e8b9cf698ba01cf344359b76875b61d76fb
tcn,independent_rms,101,bandpass_n20005_cLA_LL_independent_rms_s20,phase2/results/predictions/full/independent_rms/tcn/seed_101/bandpass_n20005_cLA_LL_independent_rms_s20.npz,76393,e69a36fe7dd32a7f1ecf9bf89505366d05d861ec08918407d76a916a33052c8b
tcn,independent_rms,101,bandpass_n20005_cLA_LL_independent_rms_s15,phase2/results/predictions/full/independent_rms/tcn/seed_101/bandpass_n20005_cLA_LL_independent_rms_s15.npz,76384,d9c4b294d2889668504454e7eaf2dff3547184872e435efd694be9d8758f116d
tcn,independent_rms,101,bandpass_n20005_cLA_LL_independent_rms_s10,phase2/results/predictions/full/independent_rms/tcn/seed_101/bandpass_n20005_cLA_LL_independent_rms_s10.npz,76362,bb94e1b219bbca18859219f88e4da8485efe63aa7c39d89e822308d1c057b009
tcn,independent_rms,101,bandpass_n20005_cLA_LL_independent_rms_s5,phase2/results/predictions/full/independent_rms/tcn/seed_101/bandpass_n20005_cLA_LL_independent_rms_s5.npz,76240,263026563372c1f99724076c5288e7aa666b884861f9e51645f3593688f1682e
tcn,independent_rms,101,bandpass_n20005_cLA_LL_independent_rms_s0,phase2/results/predictions/full/independent_rms/tcn/seed_101/bandpass_n20005_cLA_LL_independent_rms_s0.npz,75945,7d9e0993e3a7e19214a0b2a149bc9015eda80dc48328c079e52b7d23d4ae0442
tcn,independent_rms,101,bandpass_n20005_cLA_LL_electrode_s20,phase2/results/predictions/full/independent_rms/tcn/seed_101/bandpass_n20005_cLA_LL_electrode_s20.npz,76370,5c60a52ff621166767628fa79919c1361fea24649f5425aa1eaabbec57fab548
tcn,independent_rms,101,bandpass_n20005_cLA_LL_electrode_s15,phase2/results/predictions/full/independent_rms/tcn/seed_101/bandpass_n20005_cLA_LL_electrode_s15.npz,76371,71305cf96bf48609740c186a893e0c0294d7afc88325dd4b85b99f45478c04f4
tcn,independent_rms,101,bandpass_n20005_cLA_LL_electrode_s10,phase2/results/predictions/full/independent_rms/tcn/seed_101/bandpass_n20005_cLA_LL_electrode_s10.npz,76336,603692bcbe80166fae206c543e998c8ace54be3bd42a6da8709aabdf393ac433
tcn,independent_rms,101,bandpass_n20005_cLA_LL_electrode_s5,phase2/results/predictions/full/independent_rms/tcn/seed_101/bandpass_n20005_cLA_LL_electrode_s5.npz,76158,0386f139ff56321982dd6347231dd65e5e923987f7ef1d7cf4f61b890aa2f227
tcn,independent_rms,101,bandpass_n20005_cLA_LL_electrode_s0,phase2/results/predictions/full/independent_rms/tcn/seed_101/bandpass_n20005_cLA_LL_electrode_s0.npz,75730,a9d6f6e43afa86e0c45d3a5c0d99a401928932934b1276a5bac9060c79503338
tcn,independent_rms,101,bandpass_n20005_cLA_LL_covariance_s20,phase2/results/predictions/full/independent_rms/tcn/seed_101/bandpass_n20005_cLA_LL_covariance_s20.npz,76372,55ba5eee16220d0fb4edda19ec13633631191581114bbaee9f4f6655b0f10aa5
tcn,independent_rms,101,bandpass_n20005_cLA_LL_covariance_s15,phase2/results/predictions/full/independent_rms/tcn/seed_101/bandpass_n20005_cLA_LL_covariance_s15.npz,76369,8ed97e5fcafe94cbd8f289ce12eb8469fe92112332f7ad362b5b9c24b6c0c4d8
tcn,independent_rms,101,bandpass_n20005_cLA_LL_covariance_s10,phase2/results/predictions/full/independent_rms/tcn/seed_101/bandpass_n20005_cLA_LL_covariance_s10.npz,76332,98b0d81efff03a61847022a2dbf3a5ca7d07cbde6cf2a2378b9c431c983a57ce
tcn,independent_rms,101,bandpass_n20005_cLA_LL_covariance_s5,phase2/results/predictions/full/independent_rms/tcn/seed_101/bandpass_n20005_cLA_LL_covariance_s5.npz,76159,f51be5c05101ecf345286ba3b1ed94e18602f16200c3372cbdb94e0ccf049ac7
tcn,independent_rms,101,bandpass_n20005_cLA_LL_covariance_s0,phase2/results/predictions/full/independent_rms/tcn/seed_101/bandpass_n20005_cLA_LL_covariance_s0.npz,75728,1883a3c065545cf9976754ce6e26dd41d76b371f90ef1469f4b087b3ac54d5f9
tcn,independent_rms,101,bandpass_n20005_cRA_LL_independent_rms_s20,phase2/results/predictions/full/independent_rms/tcn/seed_101/bandpass_n20005_cRA_LL_independent_rms_s20.npz,76398,7d03b43941e82c776646e0f809a56373971dd509b55a164fa72419f8959fd8a4
tcn,independent_rms,101,bandpass_n20005_cRA_LL_independent_rms_s15,phase2/results/predictions/full/independent_rms/tcn/seed_101/bandpass_n20005_cRA_LL_independent_rms_s15.npz,76384,e2314ba95a254d84494a5a4a563bc14cdf58725802f5e2bb865b915b0e932fe1
tcn,independent_rms,101,bandpass_n20005_cRA_LL_independent_rms_s10,phase2/results/predictions/full/independent_rms/tcn/seed_101/bandpass_n20005_cRA_LL_independent_rms_s10.npz,76372,f53883518ab9dcd173cd12a4b7eb14beb78cfe3037b8f20a0826f162bd74cc18
tcn,independent_rms,101,bandpass_n20005_cRA_LL_independent_rms_s5,phase2/results/predictions/full/independent_rms/tcn/seed_101/bandpass_n20005_cRA_LL_independent_rms_s5.npz,76259,90f932c4dbc5a4c1bc33b7e768a651b22f039768a46a5bb8c3fdb987f5abe5f0
tcn,independent_rms,101,bandpass_n20005_cRA_LL_independent_rms_s0,phase2/results/predictions/full/independent_rms/tcn/seed_101/bandpass_n20005_cRA_LL_independent_rms_s0.npz,75962,9b751f3d4ae46ecf12e60a6e573434e4e9ec486bedaf0b1bdb8a1f2132a02606
tcn,independent_rms,101,bandpass_n20005_cRA_LL_electrode_s20,phase2/results/predictions/full/independent_rms/tcn/seed_101/bandpass_n20005_cRA_LL_electrode_s20.npz,76367,55ae576de9f42dd07bac99dd5b725ebf4aad2461776ab03e2dfef941cbc96dfa
tcn,independent_rms,101,bandpass_n20005_cRA_LL_electrode_s15,phase2/results/predictions/full/independent_rms/tcn/seed_101/bandpass_n20005_cRA_LL_electrode_s15.npz,76384,2c00c0054d85cb9bb7601e0874f4fc713308576ed57184cbca0872299727229e
tcn,independent_rms,101,bandpass_n20005_cRA_LL_electrode_s10,phase2/results/predictions/full/independent_rms/tcn/seed_101/bandpass_n20005_cRA_LL_electrode_s10.npz,76344,53ba8c40211f4d1997ba4c7301513d1b3adbed1612b1be9db96d55ae853f667e
tcn,independent_rms,101,bandpass_n20005_cRA_LL_electrode_s5,phase2/results/predictions/full/independent_rms/tcn/seed_101/bandpass_n20005_cRA_LL_electrode_s5.npz,76087,17fd2b70180d52569ab8072b7a1f671f540ac271836d3639facfc77f29aced7e
tcn,independent_rms,101,bandpass_n20005_cRA_LL_electrode_s0,phase2/results/predictions/full/independent_rms/tcn/seed_101/bandpass_n20005_cRA_LL_electrode_s0.npz,75625,1be2c029e0714e0bd2482b2aa380424ec63a2547c5d249161715ccab9770989f
tcn,independent_rms,101,bandpass_n20005_cRA_LL_covariance_s20,phase2/results/predictions/full/independent_rms/tcn/seed_101/bandpass_n20005_cRA_LL_covariance_s20.npz,76396,f0432377bd07266700e14d6e00613d50d7259c64bcc8e83e5755cc97f3f1d68a
tcn,independent_rms,101,bandpass_n20005_cRA_LL_covariance_s15,phase2/results/predictions/full/independent_rms/tcn/seed_101/bandpass_n20005_cRA_LL_covariance_s15.npz,76355,5a5412c6da73c2ed6f1f465a55a18b7504429e2b4465878f83a549288e372a1d
tcn,independent_rms,101,bandpass_n20005_cRA_LL_covariance_s10,phase2/results/predictions/full/independent_rms/tcn/seed_101/bandpass_n20005_cRA_LL_covariance_s10.npz,76286,008f2ac66a00aaf50fd52ec36f4c93e2183c7647ff078baa62c83f2130d9c371
tcn,independent_rms,101,bandpass_n20005_cRA_LL_covariance_s5,phase2/results/predictions/full/independent_rms/tcn/seed_101/bandpass_n20005_cRA_LL_covariance_s5.npz,76078,02042ef5f6fd732a89655e6a215c5d5ccb7501f3ac7aa8896b83ebfc80e338ba
tcn,independent_rms,101,bandpass_n20005_cRA_LL_covariance_s0,phase2/results/predictions/full/independent_rms/tcn/seed_101/bandpass_n20005_cRA_LL_covariance_s0.npz,75664,4dfc0c4b1d897227a72e66143a7bace48ebdcf50f538cad16994b50acf3c11fd
tcn,independent_rms,101,bandpass_n20005_cRA_independent_rms_s20,phase2/results/predictions/full/independent_rms/tcn/seed_101/bandpass_n20005_cRA_independent_rms_s20.npz,76399,3c72bc4fb1fee3c8877fab8980b1eb2f922c553552d25d74145609059c24b23f
tcn,independent_rms,101,bandpass_n20005_cRA_independent_rms_s15,phase2/results/predictions/full/independent_rms/tcn/seed_101/bandpass_n20005_cRA_independent_rms_s15.npz,76406,4b8c4656bb0ec6f0251240dfdb05f3856d4595b05358bebe078608e41965dac3
tcn,independent_rms,101,bandpass_n20005_cRA_independent_rms_s10,phase2/results/predictions/full/independent_rms/tcn/seed_101/bandpass_n20005_cRA_independent_rms_s10.npz,76387,63c8ad3ae35da61492851510d25f8977a23454a5cb8fa7b62937831d0672bac6
tcn,independent_rms,101,bandpass_n20005_cRA_independent_rms_s5,phase2/results/predictions/full/independent_rms/tcn/seed_101/bandpass_n20005_cRA_independent_rms_s5.npz,76247,351de047152d1d127fa35a43e2a928587abf4a920f75c73dc96c2975496911fb
tcn,independent_rms,101,bandpass_n20005_cRA_independent_rms_s0,phase2/results/predictions/full/independent_rms/tcn/seed_101/bandpass_n20005_cRA_independent_rms_s0.npz,76032,1775efd649583093cba3d6a76c9e2ff9e71cacd923afd7bd12f38d47f80d7b74
tcn,independent_rms,101,bandpass_n20005_cRA_electrode_s20,phase2/results/predictions/full/independent_rms/tcn/seed_101/bandpass_n20005_cRA_electrode_s20.npz,76388,cd1ae49ad54f29da837b7130765b53ead8514fb464641a4351e5eafdae272ef8
tcn,independent_rms,101,bandpass_n20005_cRA_electrode_s15,phase2/results/predictions/full/independent_rms/tcn/seed_101/bandpass_n20005_cRA_electrode_s15.npz,76366,441d4c610bd0b28ab872e027ff47aafd5ec2c735f0ee1f656ff7a9baba511772
tcn,independent_rms,101,bandpass_n20005_cRA_electrode_s10,phase2/results/predictions/full/independent_rms/tcn/seed_101/bandpass_n20005_cRA_electrode_s10.npz,76293,2d1a623fe685bea39f4a7c8dedc96c3c04fdca8e1f3858b76a110395058bdc83
tcn,independent_rms,101,bandpass_n20005_cRA_electrode_s5,phase2/results/predictions/full/independent_rms/tcn/seed_101/bandpass_n20005_cRA_electrode_s5.npz,76096,17d048f5ec62c2ca7da79bb0c0b77f3fe71c1db4f37cda1524cb0998dcbe60f2
tcn,independent_rms,101,bandpass_n20005_cRA_electrode_s0,phase2/results/predictions/full/independent_rms/tcn/seed_101/bandpass_n20005_cRA_electrode_s0.npz,75692,5e4e44c8ed75347a817aa6b469908c32ab5d1f5b7b02209216e41c20a9d6d0be
tcn,independent_rms,101,bandpass_n20005_cRA_covariance_s20,phase2/results/predictions/full/independent_rms/tcn/seed_101/bandpass_n20005_cRA_covariance_s20.npz,76369,46a4d25232a3f65febce7112485356afd5c0f04f13c815e040025bfad1965f8c
tcn,independent_rms,101,bandpass_n20005_cRA_covariance_s15,phase2/results/predictions/full/independent_rms/tcn/seed_101/bandpass_n20005_cRA_covariance_s15.npz,76344,3acd8ec38f5001565f9fd9048b7b0ae3df256d3cc4b5038773b31d963d909cd8
tcn,independent_rms,101,bandpass_n20005_cRA_covariance_s10,phase2/results/predictions/full/independent_rms/tcn/seed_101/bandpass_n20005_cRA_covariance_s10.npz,76279,86f4c432e48caeafb63614ed527d828e1a0aafd424d59b868c5815097187dc93
tcn,independent_rms,101,bandpass_n20005_cRA_covariance_s5,phase2/results/predictions/full/independent_rms/tcn/seed_101/bandpass_n20005_cRA_covariance_s5.npz,76093,d0087e4244e5b76a525f7fd3fed06a5f4bf7567afb381c2b5b6092aef656e710
tcn,independent_rms,101,bandpass_n20005_cRA_covariance_s0,phase2/results/predictions/full/independent_rms/tcn/seed_101/bandpass_n20005_cRA_covariance_s0.npz,75718,62e98d0e2835b99c5ddb00fbe9049fddabc23e2e4cf09038aa3bbf0aa85f1282
tcn,independent_rms,101,bandpass_n20005_cLA_independent_rms_s20,phase2/results/predictions/full/independent_rms/tcn/seed_101/bandpass_n20005_cLA_independent_rms_s20.npz,76407,2e47427e6d754cf9140e48f7fa3280d7c5f82f564070045c1419c5b5df38b950
tcn,independent_rms,101,bandpass_n20005_cLA_independent_rms_s15,phase2/results/predictions/full/independent_rms/tcn/seed_101/bandpass_n20005_cLA_independent_rms_s15.npz,76394,94f5f2bbdf7163c7ee0b5172946ef81949c24da8e2c49a42892099d8dbe98463
tcn,independent_rms,101,bandpass_n20005_cLA_independent_rms_s10,phase2/results/predictions/full/independent_rms/tcn/seed_101/bandpass_n20005_cLA_independent_rms_s10.npz,76362,262e3abaef1901b272c7925845578c9867827482d88ea1d2a97b50cea475f247
tcn,independent_rms,101,bandpass_n20005_cLA_independent_rms_s5,phase2/results/predictions/full/independent_rms/tcn/seed_101/bandpass_n20005_cLA_independent_rms_s5.npz,76238,2847373619eca3686a7a352d9a236fdb4e8279ee5458bcb194cc121ac3dbf3e6
tcn,independent_rms,101,bandpass_n20005_cLA_independent_rms_s0,phase2/results/predictions/full/independent_rms/tcn/seed_101/bandpass_n20005_cLA_independent_rms_s0.npz,76012,5c85031833ac82ab2ed257c0ec73b0aa59a34c6bdc1bea0bc7fb602a7c432937
tcn,independent_rms,101,bandpass_n20005_cLA_electrode_s20,phase2/results/predictions/full/independent_rms/tcn/seed_101/bandpass_n20005_cLA_electrode_s20.npz,76396,50c76612903fff1ac28e7c0b33082bcfb63849d932bbd65fcb7c311aede1abee
tcn,independent_rms,101,bandpass_n20005_cLA_electrode_s15,phase2/results/predictions/full/independent_rms/tcn/seed_101/bandpass_n20005_cLA_electrode_s15.npz,76412,e3e9122a17ef67ccc7119e61246979510f87b48e1a665ef9d6ac987850f7262a
tcn,independent_rms,101,bandpass_n20005_cLA_electrode_s10,phase2/results/predictions/full/independent_rms/tcn/seed_101/bandpass_n20005_cLA_electrode_s10.npz,76305,f3d79de483d71bc5fa883910f8e39a70299c899c161574f7f6e4cc7ce364487f
tcn,independent_rms,101,bandpass_n20005_cLA_electrode_s5,phase2/results/predictions/full/independent_rms/tcn/seed_101/bandpass_n20005_cLA_electrode_s5.npz,76111,f1dd0279d90bf8ca27b1259f5d51fe66dd9297bf39b77265bd97e8b3ce131683
tcn,independent_rms,101,bandpass_n20005_cLA_electrode_s0,phase2/results/predictions/full/independent_rms/tcn/seed_101/bandpass_n20005_cLA_electrode_s0.npz,75682,ab55d8274d605cde64263d5aed12d4c17feac79267a797ca746a7fe08c375464
tcn,independent_rms,101,bandpass_n20005_cLA_covariance_s20,phase2/results/predictions/full/independent_rms/tcn/seed_101/bandpass_n20005_cLA_covariance_s20.npz,76368,324ce717f32a556e4c07705eaf0c40012eae5ca74cb8391e8afe6afa7c02cf43
tcn,independent_rms,101,bandpass_n20005_cLA_covariance_s15,phase2/results/predictions/full/independent_rms/tcn/seed_101/bandpass_n20005_cLA_covariance_s15.npz,76375,0e90d55b486f0f857ce921d4d40c06d4b1f168aa1fc6556377a9441c20f4fc53
tcn,independent_rms,101,bandpass_n20005_cLA_covariance_s10,phase2/results/predictions/full/independent_rms/tcn/seed_101/bandpass_n20005_cLA_covariance_s10.npz,76299,22f6e97b9821e31275e6f42a7d2c1ac776ead121a98c950396eba9f6e7ca1f3e
tcn,independent_rms,101,bandpass_n20005_cLA_covariance_s5,phase2/results/predictions/full/independent_rms/tcn/seed_101/bandpass_n20005_cLA_covariance_s5.npz,76135,d58d808090c90e934c7510850e55a333d90eb4e90b0f7e3ca39f07108cb5c368
tcn,independent_rms,101,bandpass_n20005_cLA_covariance_s0,phase2/results/predictions/full/independent_rms/tcn/seed_101/bandpass_n20005_cLA_covariance_s0.npz,75751,e82cb3e50d75aab03d91fae72eed95013287346694e5581284a932d754fe95c1
tcn,independent_rms,101,bandpass_n20005_cLL_independent_rms_s20,phase2/results/predictions/full/independent_rms/tcn/seed_101/bandpass_n20005_cLL_independent_rms_s20.npz,76410,f8262cdac0ca7e2d81f5405ff801026e5b086edfd4e81fed49968b6789b53e04
tcn,independent_rms,101,bandpass_n20005_cLL_independent_rms_s15,phase2/results/predictions/full/independent_rms/tcn/seed_101/bandpass_n20005_cLL_independent_rms_s15.npz,76370,9055e27c09efe9677b5879d90417cd98f2bfa124cc2b74133f0f65d11b4e12d1
tcn,independent_rms,101,bandpass_n20005_cLL_independent_rms_s10,phase2/results/predictions/full/independent_rms/tcn/seed_101/bandpass_n20005_cLL_independent_rms_s10.npz,76350,6bb04023a8c1adadc8a5f76f8ac9a16de1ffaded23fe827878c91b1e189077c2
tcn,independent_rms,101,bandpass_n20005_cLL_independent_rms_s5,phase2/results/predictions/full/independent_rms/tcn/seed_101/bandpass_n20005_cLL_independent_rms_s5.npz,76238,b29b42063d5681c0c0ee6735398d1a08241162619df1df1993a53ee86b72d124
tcn,independent_rms,101,bandpass_n20005_cLL_independent_rms_s0,phase2/results/predictions/full/independent_rms/tcn/seed_101/bandpass_n20005_cLL_independent_rms_s0.npz,75932,a9f214dc7c7e52cd016482d07224ab435ceaf8e40d1b8ba6adf5f8f529b906b7
tcn,independent_rms,101,bandpass_n20005_cLL_electrode_s20,phase2/results/predictions/full/independent_rms/tcn/seed_101/bandpass_n20005_cLL_electrode_s20.npz,76400,fe768df59726403ab8e8ad9d3f55ce397453fa0038e5a83b829b2a911c26fedf
tcn,independent_rms,101,bandpass_n20005_cLL_electrode_s15,phase2/results/predictions/full/independent_rms/tcn/seed_101/bandpass_n20005_cLL_electrode_s15.npz,76367,4b1e7bbdcde7e0d8ea6db9d09a9ec78c552b96c59d24609fadfe1738f25cd534
tcn,independent_rms,101,bandpass_n20005_cLL_electrode_s10,phase2/results/predictions/full/independent_rms/tcn/seed_101/bandpass_n20005_cLL_electrode_s10.npz,76320,7ba18a6fb04f129a49dd1f1a300705c0fac3d7701c42a1eabec386aa2a9da571
tcn,independent_rms,101,bandpass_n20005_cLL_electrode_s5,phase2/results/predictions/full/independent_rms/tcn/seed_101/bandpass_n20005_cLL_electrode_s5.npz,76160,6c0445787f62bd669d2e7140d07daba754728a3c29699f0374e73c5157edc656
tcn,independent_rms,101,bandpass_n20005_cLL_electrode_s0,phase2/results/predictions/full/independent_rms/tcn/seed_101/bandpass_n20005_cLL_electrode_s0.npz,75788,89397db3a521fe0c5266dbbdb39ad14006070faa34d7fbb3161250e1ea910624
tcn,independent_rms,101,bandpass_n20005_cLL_covariance_s20,phase2/results/predictions/full/independent_rms/tcn/seed_101/bandpass_n20005_cLL_covariance_s20.npz,76379,234b83732461dd84b43f44ad22a7c6b8afc9b93c45f62fe8a026680567669914
tcn,independent_rms,101,bandpass_n20005_cLL_covariance_s15,phase2/results/predictions/full/independent_rms/tcn/seed_101/bandpass_n20005_cLL_covariance_s15.npz,76357,f8e6e8bf7e2ac332e8d8c9608c82eebb7b4f1831c9d9136a759e47907fcc170d
tcn,independent_rms,101,bandpass_n20005_cLL_covariance_s10,phase2/results/predictions/full/independent_rms/tcn/seed_101/bandpass_n20005_cLL_covariance_s10.npz,76316,a904b276bc640aaac0be4fad01cd56b5a696659f927262559afad9d1901c498c
tcn,independent_rms,101,bandpass_n20005_cLL_covariance_s5,phase2/results/predictions/full/independent_rms/tcn/seed_101/bandpass_n20005_cLL_covariance_s5.npz,76165,0e89d1b1553185835d95e245cd6e855aafe0bba8eef0e377d17294657dd6a4ad
tcn,independent_rms,101,bandpass_n20005_cLL_covariance_s0,phase2/results/predictions/full/independent_rms/tcn/seed_101/bandpass_n20005_cLL_covariance_s0.npz,75784,b643a3f8570301e4aa81a934a7e7786e8a48f695c10969fc701ea4522f9958b6
tcn,independent_rms,101,bandpass_n20005_cRA_V1_independent_rms_s20,phase2/results/predictions/full/independent_rms/tcn/seed_101/bandpass_n20005_cRA_V1_independent_rms_s20.npz,76395,17dbe01c6cff02021a0a654b20af46d785f05361833e8acaca931a33b1b187cd
tcn,independent_rms,101,bandpass_n20005_cRA_V1_independent_rms_s15,phase2/results/predictions/full/independent_rms/tcn/seed_101/bandpass_n20005_cRA_V1_independent_rms_s15.npz,76411,7c0220c9c0548e355202d986a60b4a983ce7abcaf6595f802d2eeee2985b1544
tcn,independent_rms,101,bandpass_n20005_cRA_V1_independent_rms_s10,phase2/results/predictions/full/independent_rms/tcn/seed_101/bandpass_n20005_cRA_V1_independent_rms_s10.npz,76404,8ca2b4334e312c9739acebcd0db5b3463dfe504199c9567fa28cef295436c10d
tcn,independent_rms,101,bandpass_n20005_cRA_V1_independent_rms_s5,phase2/results/predictions/full/independent_rms/tcn/seed_101/bandpass_n20005_cRA_V1_independent_rms_s5.npz,76275,9d6bdd41c58b58e4c0b9c98d9cf2b65879533d5d047ec0afb8f2c321a81ef4ad
tcn,independent_rms,101,bandpass_n20005_cRA_V1_independent_rms_s0,phase2/results/predictions/full/independent_rms/tcn/seed_101/bandpass_n20005_cRA_V1_independent_rms_s0.npz,76029,aab6d575ccedd37234d9b40a31dd29390185214c4d01a4d6c2a45b1ed76c9336
tcn,independent_rms,101,bandpass_n20005_cRA_V1_electrode_s20,phase2/results/predictions/full/independent_rms/tcn/seed_101/bandpass_n20005_cRA_V1_electrode_s20.npz,76373,b99b9b7bb5da58cf97fd809bcd13b3d501fa9364c4f57651ad6ded2baeda3576
tcn,independent_rms,101,bandpass_n20005_cRA_V1_electrode_s15,phase2/results/predictions/full/independent_rms/tcn/seed_101/bandpass_n20005_cRA_V1_electrode_s15.npz,76372,ba699497c5fe73ff4aa36236cbcb7c3d3514650b61425207ac5c82c64487bbce
tcn,independent_rms,101,bandpass_n20005_cRA_V1_electrode_s10,phase2/results/predictions/full/independent_rms/tcn/seed_101/bandpass_n20005_cRA_V1_electrode_s10.npz,76282,616fa11142d86536960d9644baba23be00f1440524cde0c54cac4e6af5a1f7ca
tcn,independent_rms,101,bandpass_n20005_cRA_V1_electrode_s5,phase2/results/predictions/full/independent_rms/tcn/seed_101/bandpass_n20005_cRA_V1_electrode_s5.npz,76085,fca71449a7e713f2a024a302762d86eb8d34532a70509ddad96f632953beebd3
tcn,independent_rms,101,bandpass_n20005_cRA_V1_electrode_s0,phase2/results/predictions/full/independent_rms/tcn/seed_101/bandpass_n20005_cRA_V1_electrode_s0.npz,75711,ae7693174ff4e87ef3571115d0065698414a2c983fe6724e1a213d3d912b4b15
tcn,independent_rms,101,bandpass_n20005_cRA_V1_covariance_s20,phase2/results/predictions/full/independent_rms/tcn/seed_101/bandpass_n20005_cRA_V1_covariance_s20.npz,76401,8d0f27113d9c6138d316c337d5034d0c7a848b70c6fdbb73ac84127c8425e38c
tcn,independent_rms,101,bandpass_n20005_cRA_V1_covariance_s15,phase2/results/predictions/full/independent_rms/tcn/seed_101/bandpass_n20005_cRA_V1_covariance_s15.npz,76390,cda4455e0fe52e52040ec3540de375b6fa49dd807cda8b4b254418167e75c913
tcn,independent_rms,101,bandpass_n20005_cRA_V1_covariance_s10,phase2/results/predictions/full/independent_rms/tcn/seed_101/bandpass_n20005_cRA_V1_covariance_s10.npz,76304,0bbdcb1a2872295c866cbb8dbed1145a99beac1db6ca7bc228bef8e5a8b39896
tcn,independent_rms,101,bandpass_n20005_cRA_V1_covariance_s5,phase2/results/predictions/full/independent_rms/tcn/seed_101/bandpass_n20005_cRA_V1_covariance_s5.npz,76084,cc3db1d61b0cd9fa382c285c95a997b425d6f90881e26ed344bfe625ecaf3fce
tcn,independent_rms,101,bandpass_n20005_cRA_V1_covariance_s0,phase2/results/predictions/full/independent_rms/tcn/seed_101/bandpass_n20005_cRA_V1_covariance_s0.npz,75700,aa74435f056ec1192ea5754afe31680a958e35f7b048013a63f838fa5776ac87
tcn,independent_rms,101,bandpass_n20005_cLA_V6_independent_rms_s20,phase2/results/predictions/full/independent_rms/tcn/seed_101/bandpass_n20005_cLA_V6_independent_rms_s20.npz,76397,9932086a6e8942398272dd889c3f30ef1ec72775dd2b559d4c9fad3163990b2e
tcn,independent_rms,101,bandpass_n20005_cLA_V6_independent_rms_s15,phase2/results/predictions/full/independent_rms/tcn/seed_101/bandpass_n20005_cLA_V6_independent_rms_s15.npz,76404,b36a3bb14b71254bee2a4695533be5c002bc9dbe398ad12bc0146eac450a1c7b
tcn,independent_rms,101,bandpass_n20005_cLA_V6_independent_rms_s10,phase2/results/predictions/full/independent_rms/tcn/seed_101/bandpass_n20005_cLA_V6_independent_rms_s10.npz,76371,f4d5a557313acd2e0191f0de354d219843435d55012a1d566877d93f2a327f30
tcn,independent_rms,101,bandpass_n20005_cLA_V6_independent_rms_s5,phase2/results/predictions/full/independent_rms/tcn/seed_101/bandpass_n20005_cLA_V6_independent_rms_s5.npz,76290,36b67c4de8f7d05f2d1a07477f2fc02e18f03ea032894705526a96dc4bc5d923
tcn,independent_rms,101,bandpass_n20005_cLA_V6_independent_rms_s0,phase2/results/predictions/full/independent_rms/tcn/seed_101/bandpass_n20005_cLA_V6_independent_rms_s0.npz,76031,dc79aa5f9cb521be0dcf1c729c699a8f142574f9df9297dda696574c7010263d
tcn,independent_rms,101,bandpass_n20005_cLA_V6_electrode_s20,phase2/results/predictions/full/independent_rms/tcn/seed_101/bandpass_n20005_cLA_V6_electrode_s20.npz,76401,01fc934aa89690e7b2a635cd0dfc10f1f63aedd4184e1d0f132d8649e5925dad
tcn,independent_rms,101,bandpass_n20005_cLA_V6_electrode_s15,phase2/results/predictions/full/independent_rms/tcn/seed_101/bandpass_n20005_cLA_V6_electrode_s15.npz,76383,0e092daa1a15e4435a2d18f8efb0d71803dab5a54c75822fa74f65b13872bbc7
tcn,independent_rms,101,bandpass_n20005_cLA_V6_electrode_s10,phase2/results/predictions/full/independent_rms/tcn/seed_101/bandpass_n20005_cLA_V6_electrode_s10.npz,76332,260361121b3e71cc7dd279685d01ee0cdc69a2148a9152b0f7b011a9932d5462
tcn,independent_rms,101,bandpass_n20005_cLA_V6_electrode_s5,phase2/results/predictions/full/independent_rms/tcn/seed_101/bandpass_n20005_cLA_V6_electrode_s5.npz,76160,9ea9f33f7c7dce8b157cb24a160260b3dd1a3d9654d612ce606e1f1966592ab0
tcn,independent_rms,101,bandpass_n20005_cLA_V6_electrode_s0,phase2/results/predictions/full/independent_rms/tcn/seed_101/bandpass_n20005_cLA_V6_electrode_s0.npz,75771,7cd66dd6822b50f5adadfe641e89f653f781f63d86b89781c32fbc48604fd1ea
tcn,independent_rms,101,bandpass_n20005_cLA_V6_covariance_s20,phase2/results/predictions/full/independent_rms/tcn/seed_101/bandpass_n20005_cLA_V6_covariance_s20.npz,76383,bea320e0ecb26ca18a92fd1ac52e23796351c48393fe4c05c292f983d43d4fdc
tcn,independent_rms,101,bandpass_n20005_cLA_V6_covariance_s15,phase2/results/predictions/full/independent_rms/tcn/seed_101/bandpass_n20005_cLA_V6_covariance_s15.npz,76399,a5df4c61de2b14f767b2e50341117386f6a2f0f40b13d2aa0a9ecdc14848a00f
tcn,independent_rms,101,bandpass_n20005_cLA_V6_covariance_s10,phase2/results/predictions/full/independent_rms/tcn/seed_101/bandpass_n20005_cLA_V6_covariance_s10.npz,76336,3633f2ef96859bbc21f8bda37e190df16d167377fc9cc224dfbf06ae925f0488
tcn,independent_rms,101,bandpass_n20005_cLA_V6_covariance_s5,phase2/results/predictions/full/independent_rms/tcn/seed_101/bandpass_n20005_cLA_V6_covariance_s5.npz,76201,2dfa61bf86cb36ea80edd61cb8cee807f6043cfa96fbc5e91d66297c88ad798a
tcn,independent_rms,101,bandpass_n20005_cLA_V6_covariance_s0,phase2/results/predictions/full/independent_rms/tcn/seed_101/bandpass_n20005_cLA_V6_covariance_s0.npz,75789,0c0a2046521558778da3dd3097db067ae56430f22b1b02f559f1f351f8de56ad
tcn,independent_rms,101,bandpass_n20005_cLL_V4_independent_rms_s20,phase2/results/predictions/full/independent_rms/tcn/seed_101/bandpass_n20005_cLL_V4_independent_rms_s20.npz,76406,518b242f0bff75abc0fe225972bfc1e5d24770901459a25dab4a1d269899cc9c
tcn,independent_rms,101,bandpass_n20005_cLL_V4_independent_rms_s15,phase2/results/predictions/full/independent_rms/tcn/seed_101/bandpass_n20005_cLL_V4_independent_rms_s15.npz,76387,2c9d46614ccbb2d1f64923ff8044be0da9bc726a28ca18bb7f3b134b5a36a58d
tcn,independent_rms,101,bandpass_n20005_cLL_V4_independent_rms_s10,phase2/results/predictions/full/independent_rms/tcn/seed_101/bandpass_n20005_cLL_V4_independent_rms_s10.npz,76357,a1a39c2245068fb0e83ac73618996952916434791bebcd414e4b227a036cbd43
tcn,independent_rms,101,bandpass_n20005_cLL_V4_independent_rms_s5,phase2/results/predictions/full/independent_rms/tcn/seed_101/bandpass_n20005_cLL_V4_independent_rms_s5.npz,76304,0f11449ba38eb3949fde84fbda85af449a5fa1d4c76d39f70c98bc8a6863fe02
tcn,independent_rms,101,bandpass_n20005_cLL_V4_independent_rms_s0,phase2/results/predictions/full/independent_rms/tcn/seed_101/bandpass_n20005_cLL_V4_independent_rms_s0.npz,75986,63463da09e398c8509b32b7dbc5d344a15cbcc95efba342660cbce31ef08b99e
tcn,independent_rms,101,bandpass_n20005_cLL_V4_electrode_s20,phase2/results/predictions/full/independent_rms/tcn/seed_101/bandpass_n20005_cLL_V4_electrode_s20.npz,76381,33f46e7a0a296aa2a4d0d8ec2d5ec57a12caa898bb00810ba322b11e4198625c
tcn,independent_rms,101,bandpass_n20005_cLL_V4_electrode_s15,phase2/results/predictions/full/independent_rms/tcn/seed_101/bandpass_n20005_cLL_V4_electrode_s15.npz,76378,9424a5cbe0a60e16df1a7e01741917e91d199ec27155b67fbbda0565a67f3174
tcn,independent_rms,101,bandpass_n20005_cLL_V4_electrode_s10,phase2/results/predictions/full/independent_rms/tcn/seed_101/bandpass_n20005_cLL_V4_electrode_s10.npz,76339,a0a3dab971a7f846c85d798878b6120b6831549532d9ee20246184a964ffe297
tcn,independent_rms,101,bandpass_n20005_cLL_V4_electrode_s5,phase2/results/predictions/full/independent_rms/tcn/seed_101/bandpass_n20005_cLL_V4_electrode_s5.npz,76168,e78c385f723d1523e8a6605e1445db6fac3487af5b7cf3d8507b39adfea5579e
tcn,independent_rms,101,bandpass_n20005_cLL_V4_electrode_s0,phase2/results/predictions/full/independent_rms/tcn/seed_101/bandpass_n20005_cLL_V4_electrode_s0.npz,75829,c508da1fddd6bad9dad769e3887db4fd54c38bba278c48ec0f94b240b8da1789
tcn,independent_rms,101,bandpass_n20005_cLL_V4_covariance_s20,phase2/results/predictions/full/independent_rms/tcn/seed_101/bandpass_n20005_cLL_V4_covariance_s20.npz,76370,fb75aac8bec32bede4f87eb1fc8c64c7ea1fad09cb30434fb06782a8d5a68348
tcn,independent_rms,101,bandpass_n20005_cLL_V4_covariance_s15,phase2/results/predictions/full/independent_rms/tcn/seed_101/bandpass_n20005_cLL_V4_covariance_s15.npz,76375,e045c06d6f7c46eed6aac7d754e82824ef89a24e3bf99d8ced0a390f3ee9c24e
tcn,independent_rms,101,bandpass_n20005_cLL_V4_covariance_s10,phase2/results/predictions/full/independent_rms/tcn/seed_101/bandpass_n20005_cLL_V4_covariance_s10.npz,76362,074b78e6effd30362afd6792b0b93f1444ed42d6e03598e6c4c3a946a1dacd90
tcn,independent_rms,101,bandpass_n20005_cLL_V4_covariance_s5,phase2/results/predictions/full/independent_rms/tcn/seed_101/bandpass_n20005_cLL_V4_covariance_s5.npz,76205,3ab26d817255c4a91f7765363396f9b8aa24b451b6e09caa44703c081dbdd141
tcn,independent_rms,101,bandpass_n20005_cLL_V4_covariance_s0,phase2/results/predictions/full/independent_rms/tcn/seed_101/bandpass_n20005_cLL_V4_covariance_s0.npz,75792,25e7b2e9dee48946f468262b1351a8e79faa3389ea1b5792277fce84a1238b6b
tcn,independent_rms,101,bandpass_n20005_cRA_LA_V1_V6_independent_rms_s20,phase2/results/predictions/full/independent_rms/tcn/seed_101/bandpass_n20005_cRA_LA_V1_V6_independent_rms_s20.npz,76397,60441a717e5250484d04b8a5684eda642c9dab94c662968dca1e3044aed8d674
tcn,independent_rms,101,bandpass_n20005_cRA_LA_V1_V6_independent_rms_s15,phase2/results/predictions/full/independent_rms/tcn/seed_101/bandpass_n20005_cRA_LA_V1_V6_independent_rms_s15.npz,76423,e7c3a4cac8caf087dc4d50cc20c9d022a8dfc6670b88cb56d9fa303a684457b7
tcn,independent_rms,101,bandpass_n20005_cRA_LA_V1_V6_independent_rms_s10,phase2/results/predictions/full/independent_rms/tcn/seed_101/bandpass_n20005_cRA_LA_V1_V6_independent_rms_s10.npz,76407,cb0f6f930b7a8d72c59e9e6d6cb48a6ebb8603960db965eba738ddee056ecf79
tcn,independent_rms,101,bandpass_n20005_cRA_LA_V1_V6_independent_rms_s5,phase2/results/predictions/full/independent_rms/tcn/seed_101/bandpass_n20005_cRA_LA_V1_V6_independent_rms_s5.npz,76281,37db2a2fb3dc9aec71b615bff110f154b55c89b0ccc28f6a790021d0e0be7d25
tcn,independent_rms,101,bandpass_n20005_cRA_LA_V1_V6_independent_rms_s0,phase2/results/predictions/full/independent_rms/tcn/seed_101/bandpass_n20005_cRA_LA_V1_V6_independent_rms_s0.npz,76001,3cb3e2801a2aafcafc12ead742f7a5f750649b1d64f21721929760bf8f2ebf23
tcn,independent_rms,101,bandpass_n20005_cRA_LA_V1_V6_electrode_s20,phase2/results/predictions/full/independent_rms/tcn/seed_101/bandpass_n20005_cRA_LA_V1_V6_electrode_s20.npz,76408,f042e47d08b7db652b2f0cac47cceb5b8b5e8c9daf7b2395057e47c05d52bb47
tcn,independent_rms,101,bandpass_n20005_cRA_LA_V1_V6_electrode_s15,phase2/results/predictions/full/independent_rms/tcn/seed_101/bandpass_n20005_cRA_LA_V1_V6_electrode_s15.npz,76366,23bf579ba1caf8e8a089c8a87e0d72d852b9d393dd8a5590a1a45e19a3cef21b
tcn,independent_rms,101,bandpass_n20005_cRA_LA_V1_V6_electrode_s10,phase2/results/predictions/full/independent_rms/tcn/seed_101/bandpass_n20005_cRA_LA_V1_V6_electrode_s10.npz,76330,63a66e3bba15f2ca8a3d06bcab24b46fbe773b9a84984166d303abaa7a72e81b
tcn,independent_rms,101,bandpass_n20005_cRA_LA_V1_V6_electrode_s5,phase2/results/predictions/full/independent_rms/tcn/seed_101/bandpass_n20005_cRA_LA_V1_V6_electrode_s5.npz,76115,57f5a539c850fbcfe8c5779fe999f192267d4d4491e5cf266def114137da3198
tcn,independent_rms,101,bandpass_n20005_cRA_LA_V1_V6_electrode_s0,phase2/results/predictions/full/independent_rms/tcn/seed_101/bandpass_n20005_cRA_LA_V1_V6_electrode_s0.npz,75712,4ff732222af76e67bebce06ec6c901d4e8245ee999a773c499ad52389733058d
tcn,independent_rms,101,bandpass_n20005_cRA_LA_V1_V6_covariance_s20,phase2/results/predictions/full/independent_rms/tcn/seed_101/bandpass_n20005_cRA_LA_V1_V6_covariance_s20.npz,76386,68da1202785df94443969076a2764a615f7daa8bae2443476718deb3c4fb88b1
tcn,independent_rms,101,bandpass_n20005_cRA_LA_V1_V6_covariance_s15,phase2/results/predictions/full/independent_rms/tcn/seed_101/bandpass_n20005_cRA_LA_V1_V6_covariance_s15.npz,76374,8d68d8929f79970a6fde7a545fafca118b186d7c36abd614cd13ebabce858a58
tcn,independent_rms,101,bandpass_n20005_cRA_LA_V1_V6_covariance_s10,phase2/results/predictions/full/independent_rms/tcn/seed_101/bandpass_n20005_cRA_LA_V1_V6_covariance_s10.npz,76341,0e2d0b58b912999bfc33cfc6dd24433c31dd7a68a65446e5068f6b31fbf3853a
tcn,independent_rms,101,bandpass_n20005_cRA_LA_V1_V6_covariance_s5,phase2/results/predictions/full/independent_rms/tcn/seed_101/bandpass_n20005_cRA_LA_V1_V6_covariance_s5.npz,76145,4a1e059216d9d6dfa0f5941d15848831c72ca36835314f10ba406a6bd29ce10a
tcn,independent_rms,101,bandpass_n20005_cRA_LA_V1_V6_covariance_s0,phase2/results/predictions/full/independent_rms/tcn/seed_101/bandpass_n20005_cRA_LA_V1_V6_covariance_s0.npz,75647,7e0eedb6d0b2c146d6a3d198415d274352eaef7c71020692579fd0f9cd582461
tcn,independent_rms,101,bandpass_n20005_cRA_V2_V5_independent_rms_s20,phase2/results/predictions/full/independent_rms/tcn/seed_101/bandpass_n20005_cRA_V2_V5_independent_rms_s20.npz,76433,23f51edff8826695b697cad9a5817a320c4a7cee899c6f0b6e56e460f9397cc8
tcn,independent_rms,101,bandpass_n20005_cRA_V2_V5_independent_rms_s15,phase2/results/predictions/full/independent_rms/tcn/seed_101/bandpass_n20005_cRA_V2_V5_independent_rms_s15.npz,76401,5dea71fef652be7fef68e54531aae83261782a958d13da402169dcc409acbf47
tcn,independent_rms,101,bandpass_n20005_cRA_V2_V5_independent_rms_s10,phase2/results/predictions/full/independent_rms/tcn/seed_101/bandpass_n20005_cRA_V2_V5_independent_rms_s10.npz,76405,cbeb3a83bfbbbc7058d7628d3453efdf34460ee1c54c748012d80ad6b511e0d3
tcn,independent_rms,101,bandpass_n20005_cRA_V2_V5_independent_rms_s5,phase2/results/predictions/full/independent_rms/tcn/seed_101/bandpass_n20005_cRA_V2_V5_independent_rms_s5.npz,76226,0d5e0bcc2973ebb995305f381209f481f11bee64d47687df71cc5f9989563750
tcn,independent_rms,101,bandpass_n20005_cRA_V2_V5_independent_rms_s0,phase2/results/predictions/full/independent_rms/tcn/seed_101/bandpass_n20005_cRA_V2_V5_independent_rms_s0.npz,75995,a02a5acbaa975e0f08a7ed6c690c14c9b913cfb4f1d54edbd40693f54009d6e3
tcn,independent_rms,101,bandpass_n20005_cRA_V2_V5_electrode_s20,phase2/results/predictions/full/independent_rms/tcn/seed_101/bandpass_n20005_cRA_V2_V5_electrode_s20.npz,76385,9e17cb25fbbf7459a9c1df3fd3d36c0a7b61046599c2a842bcc4cff4a153852d
tcn,independent_rms,101,bandpass_n20005_cRA_V2_V5_electrode_s15,phase2/results/predictions/full/independent_rms/tcn/seed_101/bandpass_n20005_cRA_V2_V5_electrode_s15.npz,76379,340f864ef4120e2ff11761afcb8afacad1cda0354add5b555dd86708c3c2a39d
tcn,independent_rms,101,bandpass_n20005_cRA_V2_V5_electrode_s10,phase2/results/predictions/full/independent_rms/tcn/seed_101/bandpass_n20005_cRA_V2_V5_electrode_s10.npz,76319,e245484c50ce6b2279f0b26c0ac55e3ee846a19685c1fc2ba14de27de4c6fc8a
tcn,independent_rms,101,bandpass_n20005_cRA_V2_V5_electrode_s5,phase2/results/predictions/full/independent_rms/tcn/seed_101/bandpass_n20005_cRA_V2_V5_electrode_s5.npz,76118,64090d2b7bd1d187e3563c84bb29ceb87aed3eb4c93aa50f94fd5388af8ff62f
tcn,independent_rms,101,bandpass_n20005_cRA_V2_V5_electrode_s0,phase2/results/predictions/full/independent_rms/tcn/seed_101/bandpass_n20005_cRA_V2_V5_electrode_s0.npz,75750,3dc60d99afc8851079e2705c8abd52cde400878b1c6c2ca02406bdb3673fb65e
tcn,independent_rms,101,bandpass_n20005_cRA_V2_V5_covariance_s20,phase2/results/predictions/full/independent_rms/tcn/seed_101/bandpass_n20005_cRA_V2_V5_covariance_s20.npz,76374,92f243e49d92e96c9c95db572c1b1cd79b82cc4b6c94643a8f6784ce9a5bb2f3
tcn,independent_rms,101,bandpass_n20005_cRA_V2_V5_covariance_s15,phase2/results/predictions/full/independent_rms/tcn/seed_101/bandpass_n20005_cRA_V2_V5_covariance_s15.npz,76411,332d040143b744712b2e7a2fef816aca545b1d9f2fe638d43596392600fa36b2
tcn,independent_rms,101,bandpass_n20005_cRA_V2_V5_covariance_s10,phase2/results/predictions/full/independent_rms/tcn/seed_101/bandpass_n20005_cRA_V2_V5_covariance_s10.npz,76334,43b4c9c8149481c5eff9e279f53b19b73d25697d6b8870b326d032a6d5b9e694
tcn,independent_rms,101,bandpass_n20005_cRA_V2_V5_covariance_s5,phase2/results/predictions/full/independent_rms/tcn/seed_101/bandpass_n20005_cRA_V2_V5_covariance_s5.npz,76142,10c9ec51ffbf583400baa4d0a743e04c81255b5f7ccb81a35a8406c5bef432d2
tcn,independent_rms,101,bandpass_n20005_cRA_V2_V5_covariance_s0,phase2/results/predictions/full/independent_rms/tcn/seed_101/bandpass_n20005_cRA_V2_V5_covariance_s0.npz,75753,60c30cc5c6fecb20209d344ffcfde862b48b463def50cc4f32f1181927fdb6e3
tcn,independent_rms,101,bandpass_n20005_cLA_V3_V6_independent_rms_s20,phase2/results/predictions/full/independent_rms/tcn/seed_101/bandpass_n20005_cLA_V3_V6_independent_rms_s20.npz,76407,56eba4826f7f3f262349299ea48866bc87971da7cca2c7bb0b773018daa50d7e
tcn,independent_rms,101,bandpass_n20005_cLA_V3_V6_independent_rms_s15,phase2/results/predictions/full/independent_rms/tcn/seed_101/bandpass_n20005_cLA_V3_V6_independent_rms_s15.npz,76400,948bc764731f44c439ee7906ebdcc399bbfbd33f2de3d942f266e55aa54b2568
tcn,independent_rms,101,bandpass_n20005_cLA_V3_V6_independent_rms_s10,phase2/results/predictions/full/independent_rms/tcn/seed_101/bandpass_n20005_cLA_V3_V6_independent_rms_s10.npz,76360,2b49556b68d5f875f8f50a2c04c3a959b58f73456498951feb423e9d55fe9524
tcn,independent_rms,101,bandpass_n20005_cLA_V3_V6_independent_rms_s5,phase2/results/predictions/full/independent_rms/tcn/seed_101/bandpass_n20005_cLA_V3_V6_independent_rms_s5.npz,76307,93e470629cfe5db97e629aa2793fd8d6573d525ba641d70580a2d32aad6ba81c
tcn,independent_rms,101,bandpass_n20005_cLA_V3_V6_independent_rms_s0,phase2/results/predictions/full/independent_rms/tcn/seed_101/bandpass_n20005_cLA_V3_V6_independent_rms_s0.npz,76012,ee6e535283399284826361849667ff97514d950f5f9fa4ff66adfd8ed417507f
tcn,independent_rms,101,bandpass_n20005_cLA_V3_V6_electrode_s20,phase2/results/predictions/full/independent_rms/tcn/seed_101/bandpass_n20005_cLA_V3_V6_electrode_s20.npz,76430,08f6c5cb92fe6a9d68fa78f0ededd89a6c209d03cd0859ed1fcdff4047086392
tcn,independent_rms,101,bandpass_n20005_cLA_V3_V6_electrode_s15,phase2/results/predictions/full/independent_rms/tcn/seed_101/bandpass_n20005_cLA_V3_V6_electrode_s15.npz,76395,6bf93447075eb89242c746e67c3da4bae12f08b7dfec3effc8d3c7f69d7d4be8
tcn,independent_rms,101,bandpass_n20005_cLA_V3_V6_electrode_s10,phase2/results/predictions/full/independent_rms/tcn/seed_101/bandpass_n20005_cLA_V3_V6_electrode_s10.npz,76342,339746a2a6507837dafcbf884b46b4d14ec247ff943cc4556089f19021ce1892
tcn,independent_rms,101,bandpass_n20005_cLA_V3_V6_electrode_s5,phase2/results/predictions/full/independent_rms/tcn/seed_101/bandpass_n20005_cLA_V3_V6_electrode_s5.npz,76149,baa04278516b158f6319707e1d11af028b5b2b87c533a62dac49113721a9e19a
tcn,independent_rms,101,bandpass_n20005_cLA_V3_V6_electrode_s0,phase2/results/predictions/full/independent_rms/tcn/seed_101/bandpass_n20005_cLA_V3_V6_electrode_s0.npz,75836,1e82e261902c5b4cf821c9cf8004faf7474daf741eef9dc72cd057d4c366a565
tcn,independent_rms,101,bandpass_n20005_cLA_V3_V6_covariance_s20,phase2/results/predictions/full/independent_rms/tcn/seed_101/bandpass_n20005_cLA_V3_V6_covariance_s20.npz,76391,3443cca81bf9da9e80c315154610abc19fb5c9e093f56967a04923b725239eec
tcn,independent_rms,101,bandpass_n20005_cLA_V3_V6_covariance_s15,phase2/results/predictions/full/independent_rms/tcn/seed_101/bandpass_n20005_cLA_V3_V6_covariance_s15.npz,76360,1774f3c03ea470d4ad48984ff998de74588fea3bc9c618820f5c2374a85c2c99
tcn,independent_rms,101,bandpass_n20005_cLA_V3_V6_covariance_s10,phase2/results/predictions/full/independent_rms/tcn/seed_101/bandpass_n20005_cLA_V3_V6_covariance_s10.npz,76377,499f6dc4a8ee2a480be3b5caaab27815f217f14dbad4a7efb2917db6fa129e52
tcn,independent_rms,101,bandpass_n20005_cLA_V3_V6_covariance_s5,phase2/results/predictions/full/independent_rms/tcn/seed_101/bandpass_n20005_cLA_V3_V6_covariance_s5.npz,76193,e7b62109b7272e7593cfbad85ad3f9851a2ed656cbad5f428e639dfd5e7ee1a5
tcn,independent_rms,101,bandpass_n20005_cLA_V3_V6_covariance_s0,phase2/results/predictions/full/independent_rms/tcn/seed_101/bandpass_n20005_cLA_V3_V6_covariance_s0.npz,75820,12e25a9198c3188423eb5d26e0109788b5a7699c8d7ce8530456bdb1e90c516d
tcn,independent_rms,101,bandpass_n20005_cLL_V1_V4_independent_rms_s20,phase2/results/predictions/full/independent_rms/tcn/seed_101/bandpass_n20005_cLL_V1_V4_independent_rms_s20.npz,76439,24417f88640eeaf07574b7398e7e20fefed8801fdffc229c55de050412baf341
tcn,independent_rms,101,bandpass_n20005_cLL_V1_V4_independent_rms_s15,phase2/results/predictions/full/independent_rms/tcn/seed_101/bandpass_n20005_cLL_V1_V4_independent_rms_s15.npz,76387,0e5b8ab4d1c3e2c736ecac3e8384b329e469f82766db377503621d4382eb444b
tcn,independent_rms,101,bandpass_n20005_cLL_V1_V4_independent_rms_s10,phase2/results/predictions/full/independent_rms/tcn/seed_101/bandpass_n20005_cLL_V1_V4_independent_rms_s10.npz,76390,ea8955123fbe154bf9810fd722665b4c2d327ba3b017f532fd71758f9368b40d
tcn,independent_rms,101,bandpass_n20005_cLL_V1_V4_independent_rms_s5,phase2/results/predictions/full/independent_rms/tcn/seed_101/bandpass_n20005_cLL_V1_V4_independent_rms_s5.npz,76280,b97098ab26f2f67488f0726aaf6f2acd80fa22ef53de50508f89fef9292e0c49
tcn,independent_rms,101,bandpass_n20005_cLL_V1_V4_independent_rms_s0,phase2/results/predictions/full/independent_rms/tcn/seed_101/bandpass_n20005_cLL_V1_V4_independent_rms_s0.npz,75959,f63a0ed61d3295d2ee43b2675cb88a190ba1e6e97e0136569ad798c2083093db
tcn,independent_rms,101,bandpass_n20005_cLL_V1_V4_electrode_s20,phase2/results/predictions/full/independent_rms/tcn/seed_101/bandpass_n20005_cLL_V1_V4_electrode_s20.npz,76430,19531dd7fd99f1ff772ddd732ed946696a41e3ff9f2b6fb95ace487ac1896e79
tcn,independent_rms,101,bandpass_n20005_cLL_V1_V4_electrode_s15,phase2/results/predictions/full/independent_rms/tcn/seed_101/bandpass_n20005_cLL_V1_V4_electrode_s15.npz,76375,068fa632a6b2b9640219f1b0ae22a7cbea44a23014ff54fb808bc007797df51a
tcn,independent_rms,101,bandpass_n20005_cLL_V1_V4_electrode_s10,phase2/results/predictions/full/independent_rms/tcn/seed_101/bandpass_n20005_cLL_V1_V4_electrode_s10.npz,76335,25f0678e879a4b9f0d39b8fb690d32f3b2f993d43efeb8c06c59ee9f025fd87e
tcn,independent_rms,101,bandpass_n20005_cLL_V1_V4_electrode_s5,phase2/results/predictions/full/independent_rms/tcn/seed_101/bandpass_n20005_cLL_V1_V4_electrode_s5.npz,76151,99db694e433ed8d4a856fd11c2e4fb471875788c006a87c56d1243b35b11c9fe
tcn,independent_rms,101,bandpass_n20005_cLL_V1_V4_electrode_s0,phase2/results/predictions/full/independent_rms/tcn/seed_101/bandpass_n20005_cLL_V1_V4_electrode_s0.npz,75821,25de3de07f420d6855c6f62f245d6aa9a72b1b9d0d30339ac9126f0dfac8d180
tcn,independent_rms,101,bandpass_n20005_cLL_V1_V4_covariance_s20,phase2/results/predictions/full/independent_rms/tcn/seed_101/bandpass_n20005_cLL_V1_V4_covariance_s20.npz,76429,f336588657e9f571634d69e3660b23d3ed5b7b9cd5b7106df27b265fa22db9c0
tcn,independent_rms,101,bandpass_n20005_cLL_V1_V4_covariance_s15,phase2/results/predictions/full/independent_rms/tcn/seed_101/bandpass_n20005_cLL_V1_V4_covariance_s15.npz,76395,51157089fd8acbb39c3a58fdfa1fabb90ffdb5582e84c1902bd1544544032ab6
tcn,independent_rms,101,bandpass_n20005_cLL_V1_V4_covariance_s10,phase2/results/predictions/full/independent_rms/tcn/seed_101/bandpass_n20005_cLL_V1_V4_covariance_s10.npz,76355,326e266adc9143a3e45caee4c884f95db2f4a6533fd6b3a667d0936468883c29
tcn,independent_rms,101,bandpass_n20005_cLL_V1_V4_covariance_s5,phase2/results/predictions/full/independent_rms/tcn/seed_101/bandpass_n20005_cLL_V1_V4_covariance_s5.npz,76187,90a4b7173fd50f74858f948272888f1325a478dfd4cbb18c9bf76a0a032dfeb3
tcn,independent_rms,101,bandpass_n20005_cLL_V1_V4_covariance_s0,phase2/results/predictions/full/independent_rms/tcn/seed_101/bandpass_n20005_cLL_V1_V4_covariance_s0.npz,75808,4a5a7a1f4910439f8ec22d6ff56ed639a475e69a6e6f349a711738f6f466e5cf
tcn,independent_rms,101,bandpass_n20005_call_independent_rms_s20,phase2/results/predictions/full/independent_rms/tcn/seed_101/bandpass_n20005_call_independent_rms_s20.npz,76379,9d4fd0e9d46044feb870270cf44907bcd1210360eb432345b57645c515c6bd3e
tcn,independent_rms,101,bandpass_n20005_call_independent_rms_s15,phase2/results/predictions/full/independent_rms/tcn/seed_101/bandpass_n20005_call_independent_rms_s15.npz,76363,c9efb7b76b098b5d58b802e80ca961c69d4b9a6228c7aea0091faf4aeea05249
tcn,independent_rms,101,bandpass_n20005_call_independent_rms_s10,phase2/results/predictions/full/independent_rms/tcn/seed_101/bandpass_n20005_call_independent_rms_s10.npz,76326,2ab7096fb80a9968f145e43aae48db3f9bf69e6972b0e25a3a96105c5a098e1a
tcn,independent_rms,101,bandpass_n20005_call_independent_rms_s5,phase2/results/predictions/full/independent_rms/tcn/seed_101/bandpass_n20005_call_independent_rms_s5.npz,76224,d9dbecc0826084f05acb3a42b471038d7ddcde72bfcf6ac607cada289387bf1e
tcn,independent_rms,101,bandpass_n20005_call_independent_rms_s0,phase2/results/predictions/full/independent_rms/tcn/seed_101/bandpass_n20005_call_independent_rms_s0.npz,75933,50804eba08ee07bfdc421e9ef87fa7f4e77eaf719b1c5729d7a7a34b0a8e9e11
tcn,independent_rms,101,bandpass_n20005_call_electrode_s20,phase2/results/predictions/full/independent_rms/tcn/seed_101/bandpass_n20005_call_electrode_s20.npz,76362,3f4d473815324d4ddee7957d3066fafd9bfe93ca19efe4fe0a4f20e5c14cfda7
tcn,independent_rms,101,bandpass_n20005_call_electrode_s15,phase2/results/predictions/full/independent_rms/tcn/seed_101/bandpass_n20005_call_electrode_s15.npz,76376,8b4f826b6b6518f83e00d8cf0427979094174fdbe8d218e697ab18c08ca378de
tcn,independent_rms,101,bandpass_n20005_call_electrode_s10,phase2/results/predictions/full/independent_rms/tcn/seed_101/bandpass_n20005_call_electrode_s10.npz,76296,d211669f4e7e3ad3ee70a076e77fceac25136178b38926e7f0ea7718b3f66555
tcn,independent_rms,101,bandpass_n20005_call_electrode_s5,phase2/results/predictions/full/independent_rms/tcn/seed_101/bandpass_n20005_call_electrode_s5.npz,76114,23f4f7c7ac24bf7c676234a66277af5b39cf8f239e8037a546de898962e471e3
tcn,independent_rms,101,bandpass_n20005_call_electrode_s0,phase2/results/predictions/full/independent_rms/tcn/seed_101/bandpass_n20005_call_electrode_s0.npz,75685,1d550008140990cfa4c822c63d36e22567134260e26c1f980eb229265b68988b
tcn,independent_rms,101,bandpass_n20005_call_covariance_s20,phase2/results/predictions/full/independent_rms/tcn/seed_101/bandpass_n20005_call_covariance_s20.npz,76364,5a087fde4e745bb54a2fb84848d9631604de6e294938c3152da9dc9bc46fec6a
tcn,independent_rms,101,bandpass_n20005_call_covariance_s15,phase2/results/predictions/full/independent_rms/tcn/seed_101/bandpass_n20005_call_covariance_s15.npz,76353,8008645c943b820cdbe4b478b6328553313b7f66295f8bdfaefcfe99df342cbc
tcn,independent_rms,101,bandpass_n20005_call_covariance_s10,phase2/results/predictions/full/independent_rms/tcn/seed_101/bandpass_n20005_call_covariance_s10.npz,76300,ddd10db192c742af04b7bf0bc3960c3bd9fa2332b2ecf30766a61245322a571f
tcn,independent_rms,101,bandpass_n20005_call_covariance_s5,phase2/results/predictions/full/independent_rms/tcn/seed_101/bandpass_n20005_call_covariance_s5.npz,76133,5450474384a35623a4ca71505895c61f7e0235ac99ba3cdf89cca6fd2295dba1
tcn,independent_rms,101,bandpass_n20005_call_covariance_s0,phase2/results/predictions/full/independent_rms/tcn/seed_101/bandpass_n20005_call_covariance_s0.npz,75701,b8ca02dd60582538dd375baadf670e0e057b9632dbe415c835ba5f1e2769792c
tcn,independent_rms,101,bw_n20001_call_independent_rms_s20,phase2/results/predictions/full/independent_rms/tcn/seed_101/bw_n20001_call_independent_rms_s20.npz,76344,f4a6c43a7ef7676d5e30e0c721ce33169737fd54be1226473f879e938077129c
tcn,independent_rms,101,bw_n20001_call_independent_rms_s10,phase2/results/predictions/full/independent_rms/tcn/seed_101/bw_n20001_call_independent_rms_s10.npz,76302,9a4292bc0da574a5422a1c04ee49f4f5b48e9d6c123fef530eeb3e925c49b0e5
tcn,independent_rms,101,bw_n20001_call_independent_rms_s0,phase2/results/predictions/full/independent_rms/tcn/seed_101/bw_n20001_call_independent_rms_s0.npz,76125,66f9cc790a1469bfe19ae1846b911b992853170200152aea75c077d846f7935d
tcn,independent_rms,101,bw_n20001_call_electrode_s20,phase2/results/predictions/full/independent_rms/tcn/seed_101/bw_n20001_call_electrode_s20.npz,76338,30ab444bda5cff0cc1b278bf94c42e6302905e992fb9951623c1f905eee48ab1
tcn,independent_rms,101,bw_n20001_call_electrode_s10,phase2/results/predictions/full/independent_rms/tcn/seed_101/bw_n20001_call_electrode_s10.npz,76296,5a8ceac163b8a68fcceb5d4850f543fa52279d46c0cdbf29c4aa0c52974340a5
tcn,independent_rms,101,bw_n20001_call_electrode_s0,phase2/results/predictions/full/independent_rms/tcn/seed_101/bw_n20001_call_electrode_s0.npz,76067,ddf3d5115203aea51d002cc6101780e712cd34d63278bf3ae86dbcab98387083
tcn,independent_rms,101,bw_n20001_call_covariance_s20,phase2/results/predictions/full/independent_rms/tcn/seed_101/bw_n20001_call_covariance_s20.npz,76355,d5e2e1b10dd36ec35e8d1bc852d22aac608ea063b664122145727c9e2df67552
tcn,independent_rms,101,bw_n20001_call_covariance_s10,phase2/results/predictions/full/independent_rms/tcn/seed_101/bw_n20001_call_covariance_s10.npz,76339,fe3023185b3f462e4ab78902dc92148ecd00c089854fb9997d5a05931e935934
tcn,independent_rms,101,bw_n20001_call_covariance_s0,phase2/results/predictions/full/independent_rms/tcn/seed_101/bw_n20001_call_covariance_s0.npz,76062,e5c00010f5b19ffbf6a1fa7bd5d8246f293a36052f57cf62aa1a6c9ef84aa623
tcn,independent_rms,101,bw_n20002_call_independent_rms_s20,phase2/results/predictions/full/independent_rms/tcn/seed_101/bw_n20002_call_independent_rms_s20.npz,76394,26f6d9982bdf86416ff8ff58098752ac297f52e499ce3dae2a56ac3a3167602e
tcn,independent_rms,101,bw_n20002_call_independent_rms_s10,phase2/results/predictions/full/independent_rms/tcn/seed_101/bw_n20002_call_independent_rms_s10.npz,76355,f03cb4667e3867709feaae4eaa2050c4aad2454b4500f3783ed1010e10ad4e7f
tcn,independent_rms,101,bw_n20002_call_independent_rms_s0,phase2/results/predictions/full/independent_rms/tcn/seed_101/bw_n20002_call_independent_rms_s0.npz,76150,880e3faabfa8540bfc3ece777733e56b1445da4a2c116942bf1bd3c998c5e900
tcn,independent_rms,101,bw_n20002_call_electrode_s20,phase2/results/predictions/full/independent_rms/tcn/seed_101/bw_n20002_call_electrode_s20.npz,76344,8ec34b1b2ebc494b321a549b6937600f9a8e9672370f9cba6b2e51ba2ff8d10c
tcn,independent_rms,101,bw_n20002_call_electrode_s10,phase2/results/predictions/full/independent_rms/tcn/seed_101/bw_n20002_call_electrode_s10.npz,76322,8b9729f3053b923b54849b68c5c98ca63c0969259c1027329297f4fee607a10e
tcn,independent_rms,101,bw_n20002_call_electrode_s0,phase2/results/predictions/full/independent_rms/tcn/seed_101/bw_n20002_call_electrode_s0.npz,76069,e7bbb87e7175e53f5c4df15387db55a15e0d8f9d3225a6fe2c0f0aa1da662526
tcn,independent_rms,101,bw_n20002_call_covariance_s20,phase2/results/predictions/full/independent_rms/tcn/seed_101/bw_n20002_call_covariance_s20.npz,76347,572d05760c7cb88e90480ad40e79180f0b17dba965ed7d16883e6160c9bcaf96
tcn,independent_rms,101,bw_n20002_call_covariance_s10,phase2/results/predictions/full/independent_rms/tcn/seed_101/bw_n20002_call_covariance_s10.npz,76312,9112ad84f1885c846e00ddba360c6c8dbcefadec34a4867bff778a8f9747b514
tcn,independent_rms,101,bw_n20002_call_covariance_s0,phase2/results/predictions/full/independent_rms/tcn/seed_101/bw_n20002_call_covariance_s0.npz,76033,27dbd07943eb9fea9a76a8bd311247084b090eee280884c2f74940bc116d8c76
tcn,independent_rms,101,bw_n20003_call_independent_rms_s20,phase2/results/predictions/full/independent_rms/tcn/seed_101/bw_n20003_call_independent_rms_s20.npz,76379,b8ffa7419ab6c7d709c58de59912e0af0f4bd083506b8443f24ba94e7969d0ce
tcn,independent_rms,101,bw_n20003_call_independent_rms_s10,phase2/results/predictions/full/independent_rms/tcn/seed_101/bw_n20003_call_independent_rms_s10.npz,76337,c93c91b7373af280f98ef176094b80b793b9a72ec2abe9274b43461c949145d0
tcn,independent_rms,101,bw_n20003_call_independent_rms_s0,phase2/results/predictions/full/independent_rms/tcn/seed_101/bw_n20003_call_independent_rms_s0.npz,76128,6f46532aad8557c9e348db099f24ce26b639a36c44a97facb4033877029031d0
tcn,independent_rms,101,bw_n20003_call_electrode_s20,phase2/results/predictions/full/independent_rms/tcn/seed_101/bw_n20003_call_electrode_s20.npz,76359,e97067840524cbc4664697b1f9eea7c18c24f8f83f9a0cefc08e9eb197196e61
tcn,independent_rms,101,bw_n20003_call_electrode_s10,phase2/results/predictions/full/independent_rms/tcn/seed_101/bw_n20003_call_electrode_s10.npz,76334,1586edf121a9c209c1baf43dcf0a4ec2e5fded5a9ae4187d854f15c47d961197
tcn,independent_rms,101,bw_n20003_call_electrode_s0,phase2/results/predictions/full/independent_rms/tcn/seed_101/bw_n20003_call_electrode_s0.npz,76045,4247b013610a6057ccda202c5089cd4f29b879cd48803c27b57ec0f4b32a6eac
tcn,independent_rms,101,bw_n20003_call_covariance_s20,phase2/results/predictions/full/independent_rms/tcn/seed_101/bw_n20003_call_covariance_s20.npz,76349,0fca05a86b053ff0febfcef8ad43170293c4f0ea93d76887f08b7f25486dc9b6
tcn,independent_rms,101,bw_n20003_call_covariance_s10,phase2/results/predictions/full/independent_rms/tcn/seed_101/bw_n20003_call_covariance_s10.npz,76310,624576c46c376055389c6d6a109d27e5733cabd486782c423657a750c2439977
tcn,independent_rms,101,bw_n20003_call_covariance_s0,phase2/results/predictions/full/independent_rms/tcn/seed_101/bw_n20003_call_covariance_s0.npz,76073,6653ad7b1f7f38d2c5cbcda162c328d48628d7eb2bd270ab71194eaf5d0dba1b
tcn,independent_rms,101,bw_n20004_call_independent_rms_s20,phase2/results/predictions/full/independent_rms/tcn/seed_101/bw_n20004_call_independent_rms_s20.npz,76365,99792db1409687c00f58d598e951309d4addd59b8806e291915c63af5093bb61
tcn,independent_rms,101,bw_n20004_call_independent_rms_s10,phase2/results/predictions/full/independent_rms/tcn/seed_101/bw_n20004_call_independent_rms_s10.npz,76330,42b5dece7dc909dfc4d30ad85411499f4d2d9beead9fe28e2c6402fc8d90dd69
tcn,independent_rms,101,bw_n20004_call_independent_rms_s0,phase2/results/predictions/full/independent_rms/tcn/seed_101/bw_n20004_call_independent_rms_s0.npz,76142,1af28fb647fbb8de68b96d71869afa2b420a86ac032a9166bc36899764e1a909
tcn,independent_rms,101,bw_n20004_call_electrode_s20,phase2/results/predictions/full/independent_rms/tcn/seed_101/bw_n20004_call_electrode_s20.npz,76365,ac5d818c4b40cc1ae79b16201fbdd683b839b24749e2bef1966763867d1b056d
tcn,independent_rms,101,bw_n20004_call_electrode_s10,phase2/results/predictions/full/independent_rms/tcn/seed_101/bw_n20004_call_electrode_s10.npz,76344,6e86ac17d4b6368d8b3cdd30ba29ac008518c199634ef82de34ec2c09ce3afad
tcn,independent_rms,101,bw_n20004_call_electrode_s0,phase2/results/predictions/full/independent_rms/tcn/seed_101/bw_n20004_call_electrode_s0.npz,76042,181ca47d1c8f23bdc863d629aa84440a54b5ce0cf84b75c325483250ce3e54a5
tcn,independent_rms,101,bw_n20004_call_covariance_s20,phase2/results/predictions/full/independent_rms/tcn/seed_101/bw_n20004_call_covariance_s20.npz,76373,882e35eb1a1d8451ce0074289551bc0de2b971290e75854ac8bc67393bdc8454
tcn,independent_rms,101,bw_n20004_call_covariance_s10,phase2/results/predictions/full/independent_rms/tcn/seed_101/bw_n20004_call_covariance_s10.npz,76331,ff6f5c86d5309151b6c2c25dc667ad409fdb8063778da4f323a28b2c6f8b926d
tcn,independent_rms,101,bw_n20004_call_covariance_s0,phase2/results/predictions/full/independent_rms/tcn/seed_101/bw_n20004_call_covariance_s0.npz,76054,765a83c5c60e8f04d6344d0e5db95f905d314554406bd8d6a6254112435e7ca6
tcn,independent_rms,101,bw_n20005_call_independent_rms_s20,phase2/results/predictions/full/independent_rms/tcn/seed_101/bw_n20005_call_independent_rms_s20.npz,76345,754039eb20e573dd7e3be90ddd40ef6d7df45c14823f6639790425ded7ed153a
tcn,independent_rms,101,bw_n20005_call_independent_rms_s10,phase2/results/predictions/full/independent_rms/tcn/seed_101/bw_n20005_call_independent_rms_s10.npz,76373,5d6d4ef1d0331f33bf3a1ac15f4365dfc116139f5e1ae789d45fbd07edb2296c
tcn,independent_rms,101,bw_n20005_call_independent_rms_s0,phase2/results/predictions/full/independent_rms/tcn/seed_101/bw_n20005_call_independent_rms_s0.npz,76145,b122b5868e5b7a97ccc9c8fb9d7d2e1e85637d0874463341b2004b6dfd401238
tcn,independent_rms,101,bw_n20005_call_electrode_s20,phase2/results/predictions/full/independent_rms/tcn/seed_101/bw_n20005_call_electrode_s20.npz,76360,027e8812d920f9043bfc4851843fcbb1fcef3536ea471678fd499b8da9d1136d
tcn,independent_rms,101,bw_n20005_call_electrode_s10,phase2/results/predictions/full/independent_rms/tcn/seed_101/bw_n20005_call_electrode_s10.npz,76357,1852851ba7e5d916a2faaed0c407c5dbceda93bd9dca7d3213c447fc54769f95
tcn,independent_rms,101,bw_n20005_call_electrode_s0,phase2/results/predictions/full/independent_rms/tcn/seed_101/bw_n20005_call_electrode_s0.npz,76066,89a17f984915ae7cf201540d41a66bffeba882d30babea3a8e9f3bad9551d108
tcn,independent_rms,101,bw_n20005_call_covariance_s20,phase2/results/predictions/full/independent_rms/tcn/seed_101/bw_n20005_call_covariance_s20.npz,76346,d5a06896a27078c8484dcf743f57834be2046f8cf400897f23e663919d2beed0
tcn,independent_rms,101,bw_n20005_call_covariance_s10,phase2/results/predictions/full/independent_rms/tcn/seed_101/bw_n20005_call_covariance_s10.npz,76327,8b8b54d1c10db1b480ff0980ff0ab18e132b8197601ab8d3b254f891e1c160e1
tcn,independent_rms,101,bw_n20005_call_covariance_s0,phase2/results/predictions/full/independent_rms/tcn/seed_101/bw_n20005_call_covariance_s0.npz,76092,2767a435dcb6582479f084833a08fab36b5670b961130913f61ca9ccd3585b3b
tcn,independent_rms,101,ma_n20001_call_independent_rms_s20,phase2/results/predictions/full/independent_rms/tcn/seed_101/ma_n20001_call_independent_rms_s20.npz,76384,4667b8763cda83049dff12ff112b9153e9baa5e22c6198731b75e5c8e6f57108
tcn,independent_rms,101,ma_n20001_call_independent_rms_s10,phase2/results/predictions/full/independent_rms/tcn/seed_101/ma_n20001_call_independent_rms_s10.npz,76340,c172ab9726c035bf656b469329058d65ef388dcbac1f1852a19c5b05db6651a6
tcn,independent_rms,101,ma_n20001_call_independent_rms_s0,phase2/results/predictions/full/independent_rms/tcn/seed_101/ma_n20001_call_independent_rms_s0.npz,76085,f77091c3ead97a5f60b71d2757ba6ab240c229efa5ec798112389976a427e731
tcn,independent_rms,101,ma_n20001_call_electrode_s20,phase2/results/predictions/full/independent_rms/tcn/seed_101/ma_n20001_call_electrode_s20.npz,76329,17300884c503a3bb319066c529f316bd819c93e32fb7e471816063848cdf1eea
tcn,independent_rms,101,ma_n20001_call_electrode_s10,phase2/results/predictions/full/independent_rms/tcn/seed_101/ma_n20001_call_electrode_s10.npz,76309,0232b52c39e422d04c69a8225a574e590669907876d4d5a95cac6de67daa9fd2
tcn,independent_rms,101,ma_n20001_call_electrode_s0,phase2/results/predictions/full/independent_rms/tcn/seed_101/ma_n20001_call_electrode_s0.npz,76020,f2fa77696361fe46a512125f2a249b601f5fdb6bfcc76c2c4f76529d36168406
tcn,independent_rms,101,ma_n20001_call_covariance_s20,phase2/results/predictions/full/independent_rms/tcn/seed_101/ma_n20001_call_covariance_s20.npz,76332,b68c409625bbf68b93ddce308c6aa52218dd51e9090f89fd8fc209aab78c4db5
tcn,independent_rms,101,ma_n20001_call_covariance_s10,phase2/results/predictions/full/independent_rms/tcn/seed_101/ma_n20001_call_covariance_s10.npz,76337,d26db5568694d91adb7d6a10f639fd257dff055a41e6c6c8a45c07b7e0bb3bcd
tcn,independent_rms,101,ma_n20001_call_covariance_s0,phase2/results/predictions/full/independent_rms/tcn/seed_101/ma_n20001_call_covariance_s0.npz,76043,57823944a1af501bea0225301f500e40ce0a99cf74fd0fbf28081cbb7b1e74a3
tcn,independent_rms,101,ma_n20002_call_independent_rms_s20,phase2/results/predictions/full/independent_rms/tcn/seed_101/ma_n20002_call_independent_rms_s20.npz,76328,dda3cf7d55941fe16cde2d7b97e04e209e45a6c8436a74c54ddb7685b7f598e7
tcn,independent_rms,101,ma_n20002_call_independent_rms_s10,phase2/results/predictions/full/independent_rms/tcn/seed_101/ma_n20002_call_independent_rms_s10.npz,76372,33b0fc5d67063cc74217e0298f006d7eed8066e4267fb99fcb4228391d7af11a
tcn,independent_rms,101,ma_n20002_call_independent_rms_s0,phase2/results/predictions/full/independent_rms/tcn/seed_101/ma_n20002_call_independent_rms_s0.npz,76121,86e4fddf64349fed9a45d4524b50a126100801858ddfc906f8e27ccf23de6484
tcn,independent_rms,101,ma_n20002_call_electrode_s20,phase2/results/predictions/full/independent_rms/tcn/seed_101/ma_n20002_call_electrode_s20.npz,76352,0510efaef3773ad567acd7496e4f776e7afbc3299f27a352ea50a06f7b5c36a3
tcn,independent_rms,101,ma_n20002_call_electrode_s10,phase2/results/predictions/full/independent_rms/tcn/seed_101/ma_n20002_call_electrode_s10.npz,76346,0608ed0df5bb336acac8f6995b662dd0bf1ac50c4147c0368121b0933fd2604f
tcn,independent_rms,101,ma_n20002_call_electrode_s0,phase2/results/predictions/full/independent_rms/tcn/seed_101/ma_n20002_call_electrode_s0.npz,76049,73b375abb9974b4b9e763830d41a7356c4dd3106f0a74cd5a244041978e4423d
tcn,independent_rms,101,ma_n20002_call_covariance_s20,phase2/results/predictions/full/independent_rms/tcn/seed_101/ma_n20002_call_covariance_s20.npz,76332,9d37db58c328df045b30657e84a1894c0fcdee446cb8dd1fa671e87c2e77da74
tcn,independent_rms,101,ma_n20002_call_covariance_s10,phase2/results/predictions/full/independent_rms/tcn/seed_101/ma_n20002_call_covariance_s10.npz,76329,3a19c7781fc6aaf236f9ba75b34acea68a117987d4b61422e0ff365c47847dea
tcn,independent_rms,101,ma_n20002_call_covariance_s0,phase2/results/predictions/full/independent_rms/tcn/seed_101/ma_n20002_call_covariance_s0.npz,76009,831c0f77e23abff77756a0fabc057f4f4a3afdbfd6ed3e54331be7f3b6b70f1e
tcn,independent_rms,101,ma_n20003_call_independent_rms_s20,phase2/results/predictions/full/independent_rms/tcn/seed_101/ma_n20003_call_independent_rms_s20.npz,76335,a439c21e8301a48b04cbfdf1c8d1cbe4b2ab744bb8703054bf7c2be72211f787
tcn,independent_rms,101,ma_n20003_call_independent_rms_s10,phase2/results/predictions/full/independent_rms/tcn/seed_101/ma_n20003_call_independent_rms_s10.npz,76373,b33d08f1a8a0960e093f00b410d7c548ababbcc043c3d45271a62fec35b2fa4c
tcn,independent_rms,101,ma_n20003_call_independent_rms_s0,phase2/results/predictions/full/independent_rms/tcn/seed_101/ma_n20003_call_independent_rms_s0.npz,76102,bdfeb7ea14dbce6b7645e47d1f41c6764cc0d9d3f9b3183833aee2c7bec63ac3
tcn,independent_rms,101,ma_n20003_call_electrode_s20,phase2/results/predictions/full/independent_rms/tcn/seed_101/ma_n20003_call_electrode_s20.npz,76321,ff2ed5ce6bff8a0107f011fa37cb10386b73d3f50a97a6234235e7c174ca4011
tcn,independent_rms,101,ma_n20003_call_electrode_s10,phase2/results/predictions/full/independent_rms/tcn/seed_101/ma_n20003_call_electrode_s10.npz,76334,f20c1ce77f2f0ee1655e5ef14f6d4dbbc4e06f7163926159e91c3d99d8d3c9d3
tcn,independent_rms,101,ma_n20003_call_electrode_s0,phase2/results/predictions/full/independent_rms/tcn/seed_101/ma_n20003_call_electrode_s0.npz,76005,d800ada8c34e781f8cb811459b521832921b5f0253cbfb229c25ed8251a2e23a
tcn,independent_rms,101,ma_n20003_call_covariance_s20,phase2/results/predictions/full/independent_rms/tcn/seed_101/ma_n20003_call_covariance_s20.npz,76328,078182c202d50b5b2ca622448a22f0d998774fb2658def1c5781b439b9f1d968
tcn,independent_rms,101,ma_n20003_call_covariance_s10,phase2/results/predictions/full/independent_rms/tcn/seed_101/ma_n20003_call_covariance_s10.npz,76310,0d6ee51ec0adcd737303321dba3de696a489c83a510f703773c722c674added9
tcn,independent_rms,101,ma_n20003_call_covariance_s0,phase2/results/predictions/full/independent_rms/tcn/seed_101/ma_n20003_call_covariance_s0.npz,76019,5970a0a6fdd2cc8cbec635c0ef1c2f63cfcdd27d64d872ea65e6840e388198d5
tcn,independent_rms,101,ma_n20004_call_independent_rms_s20,phase2/results/predictions/full/independent_rms/tcn/seed_101/ma_n20004_call_independent_rms_s20.npz,76356,74de434ef98c0d63e999acd3586c37dbac14c32fc29e42663d67e2e14c96dc18
tcn,independent_rms,101,ma_n20004_call_independent_rms_s10,phase2/results/predictions/full/independent_rms/tcn/seed_101/ma_n20004_call_independent_rms_s10.npz,76351,815d5fc691797de01472df81f7375d289ea1eff7fb8b6de7e5a6afd644a12f70
tcn,independent_rms,101,ma_n20004_call_independent_rms_s0,phase2/results/predictions/full/independent_rms/tcn/seed_101/ma_n20004_call_independent_rms_s0.npz,76100,33a3eddc6c2fa2717c4bda606c1e5f7f945e37e3d96eeabd812fd95ea963345c
tcn,independent_rms,101,ma_n20004_call_electrode_s20,phase2/results/predictions/full/independent_rms/tcn/seed_101/ma_n20004_call_electrode_s20.npz,76348,d329cf928d7bf24b8f9f8ec8b3649a6ebc387f34aa781876ee1a6b0207ebb49e
tcn,independent_rms,101,ma_n20004_call_electrode_s10,phase2/results/predictions/full/independent_rms/tcn/seed_101/ma_n20004_call_electrode_s10.npz,76316,2e673bfa1f3845d3971eb89c1ab21992a166bd0551cda3209ec44d95cb98eb26
tcn,independent_rms,101,ma_n20004_call_electrode_s0,phase2/results/predictions/full/independent_rms/tcn/seed_101/ma_n20004_call_electrode_s0.npz,76038,c076ef7fbdcf63e0666d8742e103927cbe616b2f9cb12512199ead41740a9c82
tcn,independent_rms,101,ma_n20004_call_covariance_s20,phase2/results/predictions/full/independent_rms/tcn/seed_101/ma_n20004_call_covariance_s20.npz,76335,0d884ed1d417a1b36c86b282b3422940d68194ba7ad997ca077f28185182d9e0
tcn,independent_rms,101,ma_n20004_call_covariance_s10,phase2/results/predictions/full/independent_rms/tcn/seed_101/ma_n20004_call_covariance_s10.npz,76340,4324eb69855b1ce428bd5fc99ee5d0830a87d5564ef543c120ff0959a24a441c
tcn,independent_rms,101,ma_n20004_call_covariance_s0,phase2/results/predictions/full/independent_rms/tcn/seed_101/ma_n20004_call_covariance_s0.npz,76009,29332ef4c7f16ab921e1af03ff068553e218c7d4657c8bc820e5c0e800adcdc3
tcn,independent_rms,101,ma_n20005_call_independent_rms_s20,phase2/results/predictions/full/independent_rms/tcn/seed_101/ma_n20005_call_independent_rms_s20.npz,76343,1918d41715ee9fff9fb31f453e05b869777b0ec2ebd909660fa93393adff0c3f
tcn,independent_rms,101,ma_n20005_call_independent_rms_s10,phase2/results/predictions/full/independent_rms/tcn/seed_101/ma_n20005_call_independent_rms_s10.npz,76342,d2a1981301c24d899074dfe4b985c5f3c1c23dd30e7f83d38feeb76dbccacadd
tcn,independent_rms,101,ma_n20005_call_independent_rms_s0,phase2/results/predictions/full/independent_rms/tcn/seed_101/ma_n20005_call_independent_rms_s0.npz,76094,c4c4006ae24f11e38cc6ae2fbef4d6c2e1ec18fcdc318fea7a3be433e10d5de8
tcn,independent_rms,101,ma_n20005_call_electrode_s20,phase2/results/predictions/full/independent_rms/tcn/seed_101/ma_n20005_call_electrode_s20.npz,76364,72b380fd8da83d9311d8b676f6de19a31436f27627e52d35312ce4b75754d5c6
tcn,independent_rms,101,ma_n20005_call_electrode_s10,phase2/results/predictions/full/independent_rms/tcn/seed_101/ma_n20005_call_electrode_s10.npz,76303,daee930d8f9353ba3a7307f40fcced505d683a5f91e988f8098bea74f79efbdc
tcn,independent_rms,101,ma_n20005_call_electrode_s0,phase2/results/predictions/full/independent_rms/tcn/seed_101/ma_n20005_call_electrode_s0.npz,75974,8e2feb5326a6ac8c2672ca61dc754b2f22e982a7020b99a74e13de0f69cbe738
tcn,independent_rms,101,ma_n20005_call_covariance_s20,phase2/results/predictions/full/independent_rms/tcn/seed_101/ma_n20005_call_covariance_s20.npz,76369,f8bb4070e7f19e0c06ae78d70884dfd14ac1b7f35fc16b4851838d6de7d28731
tcn,independent_rms,101,ma_n20005_call_covariance_s10,phase2/results/predictions/full/independent_rms/tcn/seed_101/ma_n20005_call_covariance_s10.npz,76325,85d3ddb0b66213bc75bb71db02240fcf09366e35872a6008c0e3de2280239b65
tcn,independent_rms,101,ma_n20005_call_covariance_s0,phase2/results/predictions/full/independent_rms/tcn/seed_101/ma_n20005_call_covariance_s0.npz,76057,d7a7f193f49f1a7f6fd9e7e12d7dd6400096bf4b7cb6bc54de4958f42f96bacc
tcn,independent_rms,101,em_n20001_call_independent_rms_s20,phase2/results/predictions/full/independent_rms/tcn/seed_101/em_n20001_call_independent_rms_s20.npz,76352,71f9d491f833b0807d31aba5764dfc8fe3cca1b1bf5be4c2f0a8932dd5d95e6d
tcn,independent_rms,101,em_n20001_call_independent_rms_s10,phase2/results/predictions/full/independent_rms/tcn/seed_101/em_n20001_call_independent_rms_s10.npz,76346,e633688de84ff258c689a23f14967552bc262fd52c3aef2ffcb98ad2db328cc5
tcn,independent_rms,101,em_n20001_call_independent_rms_s0,phase2/results/predictions/full/independent_rms/tcn/seed_101/em_n20001_call_independent_rms_s0.npz,76057,b90cbaa5f039c713ec2afae24b08478a64f04d895ee6ca73f489b1da0b124b5a
tcn,independent_rms,101,em_n20001_call_electrode_s20,phase2/results/predictions/full/independent_rms/tcn/seed_101/em_n20001_call_electrode_s20.npz,76357,b47f1cffb1fd64d9a6c100b9eba0398ed16a75e00009272a5ed802f175d543aa
tcn,independent_rms,101,em_n20001_call_electrode_s10,phase2/results/predictions/full/independent_rms/tcn/seed_101/em_n20001_call_electrode_s10.npz,76301,7ad5b806fe72211e3a5d008566d5c29253e0b061560e821e9fce13c6b99ce07a
tcn,independent_rms,101,em_n20001_call_electrode_s0,phase2/results/predictions/full/independent_rms/tcn/seed_101/em_n20001_call_electrode_s0.npz,75888,68e2f012e5832b38521b5d48d2f21691184f915036b2d454048342e677437e7f
tcn,independent_rms,101,em_n20001_call_covariance_s20,phase2/results/predictions/full/independent_rms/tcn/seed_101/em_n20001_call_covariance_s20.npz,76329,ee7b8af37261824c4717f29ae73ac7c24225d0782d1e5500854dd86d5b413a64
tcn,independent_rms,101,em_n20001_call_covariance_s10,phase2/results/predictions/full/independent_rms/tcn/seed_101/em_n20001_call_covariance_s10.npz,76306,d53d0a1e654f9b1e802f057229a4b2428713b607afdd26b4579ceade0ba63b94
tcn,independent_rms,101,em_n20001_call_covariance_s0,phase2/results/predictions/full/independent_rms/tcn/seed_101/em_n20001_call_covariance_s0.npz,75881,b68b8545c5cccfedb4a03b0372cf189865361fce95a21aee0dd49015405bcfac
tcn,independent_rms,101,em_n20002_call_independent_rms_s20,phase2/results/predictions/full/independent_rms/tcn/seed_101/em_n20002_call_independent_rms_s20.npz,76387,d308a810a3d628df30061834c444432da69d26cf82fe085f4d3177f74d36d2ee
tcn,independent_rms,101,em_n20002_call_independent_rms_s10,phase2/results/predictions/full/independent_rms/tcn/seed_101/em_n20002_call_independent_rms_s10.npz,76346,c01d8ae4c937f835c7a00ecef49b2902eaac1617eb94778e4441d817f85e5a77
tcn,independent_rms,101,em_n20002_call_independent_rms_s0,phase2/results/predictions/full/independent_rms/tcn/seed_101/em_n20002_call_independent_rms_s0.npz,76037,400c8918ebaf65352955bbae60381dd9bab5539dc1f4258bdc73cc759a2d669f
tcn,independent_rms,101,em_n20002_call_electrode_s20,phase2/results/predictions/full/independent_rms/tcn/seed_101/em_n20002_call_electrode_s20.npz,76327,7791ef150d2ff4b0c7145866613e7d515b03421a1df21b4b86425fea2883fd09
tcn,independent_rms,101,em_n20002_call_electrode_s10,phase2/results/predictions/full/independent_rms/tcn/seed_101/em_n20002_call_electrode_s10.npz,76297,144483291b0d626336f7724d61e1c12a71aaba13b995842ec7cf6e8f5ffa9a1a
tcn,independent_rms,101,em_n20002_call_electrode_s0,phase2/results/predictions/full/independent_rms/tcn/seed_101/em_n20002_call_electrode_s0.npz,75860,c226d976ac86451e53247c6b81e75e783c34f028d42a784f87cf8df23ab9d610
tcn,independent_rms,101,em_n20002_call_covariance_s20,phase2/results/predictions/full/independent_rms/tcn/seed_101/em_n20002_call_covariance_s20.npz,76344,6d0e46288745b7a4f52c449ea1a053cf87fceeecd633b3b0450b8024ef674b97
tcn,independent_rms,101,em_n20002_call_covariance_s10,phase2/results/predictions/full/independent_rms/tcn/seed_101/em_n20002_call_covariance_s10.npz,76314,753258e14e3b9ab33db648441d8daf32a121df52b740424508eaee598fac098f
tcn,independent_rms,101,em_n20002_call_covariance_s0,phase2/results/predictions/full/independent_rms/tcn/seed_101/em_n20002_call_covariance_s0.npz,75837,9b154813be7807ec45e53ef6951208fc5cf8db18f6ff7f67db696ee5a0d64a7a
tcn,independent_rms,101,em_n20003_call_independent_rms_s20,phase2/results/predictions/full/independent_rms/tcn/seed_101/em_n20003_call_independent_rms_s20.npz,76405,93b7ad653397fe8f10c8b06bcbfd7a316a7e9351cde367ce9543edf92d6b7379
tcn,independent_rms,101,em_n20003_call_independent_rms_s10,phase2/results/predictions/full/independent_rms/tcn/seed_101/em_n20003_call_independent_rms_s10.npz,76334,4cb1727e6e09c22c7b2742833aed2a20008244f4e08b4831271f2f56b0330f5d
tcn,independent_rms,101,em_n20003_call_independent_rms_s0,phase2/results/predictions/full/independent_rms/tcn/seed_101/em_n20003_call_independent_rms_s0.npz,76021,5e534d2127b8ac7fd4c347efc6137d10c956b930b81be6901da31009f2de0f66
tcn,independent_rms,101,em_n20003_call_electrode_s20,phase2/results/predictions/full/independent_rms/tcn/seed_101/em_n20003_call_electrode_s20.npz,76336,a52c0f878ee28bfc1956643e234bb9eab918b19d19eeb4a204c074639d7a11c9
tcn,independent_rms,101,em_n20003_call_electrode_s10,phase2/results/predictions/full/independent_rms/tcn/seed_101/em_n20003_call_electrode_s10.npz,76285,7dfa5061c3dd38e443e798425ebb2052931b2b62487bc0bd88e09aabefa210aa
tcn,independent_rms,101,em_n20003_call_electrode_s0,phase2/results/predictions/full/independent_rms/tcn/seed_101/em_n20003_call_electrode_s0.npz,75874,a1ea36fa323057c3f7fa2037408763cb0edc618852151acfaa103acebfe1d624
tcn,independent_rms,101,em_n20003_call_covariance_s20,phase2/results/predictions/full/independent_rms/tcn/seed_101/em_n20003_call_covariance_s20.npz,76340,d5f0c9a60e13b609aa0e41e8926d5d671e7d464b9fb11a33203e530e4d2f7609
tcn,independent_rms,101,em_n20003_call_covariance_s10,phase2/results/predictions/full/independent_rms/tcn/seed_101/em_n20003_call_covariance_s10.npz,76323,6524715e1559a078b5da149eeb8b198906d34dd8751e5f8704590d1708e1b5de
tcn,independent_rms,101,em_n20003_call_covariance_s0,phase2/results/predictions/full/independent_rms/tcn/seed_101/em_n20003_call_covariance_s0.npz,75895,38c27752a520620f57cf5414c4ef4b0e43752f61753900af5732497b5def01ad
tcn,independent_rms,101,em_n20004_call_independent_rms_s20,phase2/results/predictions/full/independent_rms/tcn/seed_101/em_n20004_call_independent_rms_s20.npz,76343,ab61833fc7876cf5e5cdc057cb24ac3232210bc116422d909bf3d2ede103342f
tcn,independent_rms,101,em_n20004_call_independent_rms_s10,phase2/results/predictions/full/independent_rms/tcn/seed_101/em_n20004_call_independent_rms_s10.npz,76344,d0cadd20d228473d4871233bcbab72a9e446602fbfd1431d921aef564473ef3b
tcn,independent_rms,101,em_n20004_call_independent_rms_s0,phase2/results/predictions/full/independent_rms/tcn/seed_101/em_n20004_call_independent_rms_s0.npz,76020,bf112c58347913d8aabb78acb87b67a3ce5b8e1cc94694d28c88011702b4fb12
tcn,independent_rms,101,em_n20004_call_electrode_s20,phase2/results/predictions/full/independent_rms/tcn/seed_101/em_n20004_call_electrode_s20.npz,76356,1415944440b194f6243b5457f0dbb23f5819ea060fb616f1b8891f6db49faf4c
tcn,independent_rms,101,em_n20004_call_electrode_s10,phase2/results/predictions/full/independent_rms/tcn/seed_101/em_n20004_call_electrode_s10.npz,76318,27345fdafd2d7319a824707011cb667897da0c0528719a592c50eac094451a14
tcn,independent_rms,101,em_n20004_call_electrode_s0,phase2/results/predictions/full/independent_rms/tcn/seed_101/em_n20004_call_electrode_s0.npz,75856,8882e0eb8e138022fbbaba5a7907894264c5706fb669b27504accf06a6316b6e
tcn,independent_rms,101,em_n20004_call_covariance_s20,phase2/results/predictions/full/independent_rms/tcn/seed_101/em_n20004_call_covariance_s20.npz,76332,f3cb9b30e2206603d6a490863a4678ad95313c6e8195a75f8a6983a98eb1f784
tcn,independent_rms,101,em_n20004_call_covariance_s10,phase2/results/predictions/full/independent_rms/tcn/seed_101/em_n20004_call_covariance_s10.npz,76307,5273921acbfa6f1849d0ee6803616e19a6bb97300dbcfe607665939826c3bbe0
tcn,independent_rms,101,em_n20004_call_covariance_s0,phase2/results/predictions/full/independent_rms/tcn/seed_101/em_n20004_call_covariance_s0.npz,75885,e1639a1d70fb9581c3f7f6227af037ecd65295a86165356a0d40015a21e36a25
tcn,independent_rms,101,em_n20005_call_independent_rms_s20,phase2/results/predictions/full/independent_rms/tcn/seed_101/em_n20005_call_independent_rms_s20.npz,76363,93bf59f5b641bba631d2c97df0c2d951f1e95ecf1b17de802c71f30650cf8b33
tcn,independent_rms,101,em_n20005_call_independent_rms_s10,phase2/results/predictions/full/independent_rms/tcn/seed_101/em_n20005_call_independent_rms_s10.npz,76349,fab475be08ff85dd5690f606ab082cdff6ce305edc5515ccdd8516a10be7b703
tcn,independent_rms,101,em_n20005_call_independent_rms_s0,phase2/results/predictions/full/independent_rms/tcn/seed_101/em_n20005_call_independent_rms_s0.npz,76047,f7aa1f37f996a2bf886a82c5c5f413f0bd358a41dc6e28751eb404ceb079945e
tcn,independent_rms,101,em_n20005_call_electrode_s20,phase2/results/predictions/full/independent_rms/tcn/seed_101/em_n20005_call_electrode_s20.npz,76348,b9a8a5d4cd308e3e8173f070c6e29791beb92d5a15a6719c59fa49093b1ab7ae
tcn,independent_rms,101,em_n20005_call_electrode_s10,phase2/results/predictions/full/independent_rms/tcn/seed_101/em_n20005_call_electrode_s10.npz,76308,28132a5de36aed482fd389a2c63fb08f03fd5c58f5f8fda624e13ea1935757e8
tcn,independent_rms,101,em_n20005_call_electrode_s0,phase2/results/predictions/full/independent_rms/tcn/seed_101/em_n20005_call_electrode_s0.npz,75897,c95119ba78bd2f9818f0629702bb931dacf9b84f27ec582232d9faf268f7ea52
tcn,independent_rms,101,em_n20005_call_covariance_s20,phase2/results/predictions/full/independent_rms/tcn/seed_101/em_n20005_call_covariance_s20.npz,76379,ee9ef1bf86f93092d8fffadc7a60ba978167ec478ca1a6f5fbcb16d410e5656d
tcn,independent_rms,101,em_n20005_call_covariance_s10,phase2/results/predictions/full/independent_rms/tcn/seed_101/em_n20005_call_covariance_s10.npz,76302,3b25df267e957b9431afb186fb0483d3587511b1f294bdd19bbd0c6f20ac70b6
tcn,independent_rms,101,em_n20005_call_covariance_s0,phase2/results/predictions/full/independent_rms/tcn/seed_101/em_n20005_call_covariance_s0.npz,75872,d46a555c9c6a75556fb783b4db066e87db3491db8ad31de77d49c6856524b58c
tcn,electrode,101,clean,phase2/results/predictions/full/electrode/tcn/seed_101/clean.npz,76309,5a1c5ab55cf9970c3c0cbce7428168b5eb0c72dda91669e5fb27c52e5d11e94f
tcn,electrode,101,bandpass_n20001_cRA_LA_LL_independent_rms_s20,phase2/results/predictions/full/electrode/tcn/seed_101/bandpass_n20001_cRA_LA_LL_independent_rms_s20.npz,76373,e686432e55ca4f9330ff0d4a6e80443a55f3cf976fe27f502a93ab1d3342f0df
tcn,electrode,101,bandpass_n20001_cRA_LA_LL_independent_rms_s15,phase2/results/predictions/full/electrode/tcn/seed_101/bandpass_n20001_cRA_LA_LL_independent_rms_s15.npz,76368,08fe6f554fc89713c739e377e0be5944c9c68b3f2621ecf2544cfce56c802617
tcn,electrode,101,bandpass_n20001_cRA_LA_LL_independent_rms_s10,phase2/results/predictions/full/electrode/tcn/seed_101/bandpass_n20001_cRA_LA_LL_independent_rms_s10.npz,76341,16868b36d64abb2b7899c3cec79ee7149346632a314433247d446fa0bf5a3b2b
tcn,electrode,101,bandpass_n20001_cRA_LA_LL_independent_rms_s5,phase2/results/predictions/full/electrode/tcn/seed_101/bandpass_n20001_cRA_LA_LL_independent_rms_s5.npz,76284,bec074ffbcfa6fa4404599ef1627c1198868de484e2c949d3ddd31b4ad183e8d
tcn,electrode,101,bandpass_n20001_cRA_LA_LL_independent_rms_s0,phase2/results/predictions/full/electrode/tcn/seed_101/bandpass_n20001_cRA_LA_LL_independent_rms_s0.npz,76008,f934b8ed95706623303eddd20f352f6bd0660e905b5fc00849668d59235258c8
tcn,electrode,101,bandpass_n20001_cRA_LA_LL_electrode_s20,phase2/results/predictions/full/electrode/tcn/seed_101/bandpass_n20001_cRA_LA_LL_electrode_s20.npz,76380,6b3651439945dfa3061259dddd2bb913caa84130ed87b7c5d14bd41b686ea851
tcn,electrode,101,bandpass_n20001_cRA_LA_LL_electrode_s15,phase2/results/predictions/full/electrode/tcn/seed_101/bandpass_n20001_cRA_LA_LL_electrode_s15.npz,76356,c130dbb33053c918b14161ef4308c0be032ce53006fc04b10cc3f5ba31c067d2
tcn,electrode,101,bandpass_n20001_cRA_LA_LL_electrode_s10,phase2/results/predictions/full/electrode/tcn/seed_101/bandpass_n20001_cRA_LA_LL_electrode_s10.npz,76332,6f0326bab44914c729aadbf8683a8fc25bfc9191985edd1056f68334299d67a4
tcn,electrode,101,bandpass_n20001_cRA_LA_LL_electrode_s5,phase2/results/predictions/full/electrode/tcn/seed_101/bandpass_n20001_cRA_LA_LL_electrode_s5.npz,76172,d575833e7a4c35ed33f9a2d6b1a50c188aa61be79cc8a3299ee2412df6e1dfd5
tcn,electrode,101,bandpass_n20001_cRA_LA_LL_electrode_s0,phase2/results/predictions/full/electrode/tcn/seed_101/bandpass_n20001_cRA_LA_LL_electrode_s0.npz,75819,3ffef39a8e963ec97e2b84632ae70005dfc57f667ec271558676126a883fdf79
tcn,electrode,101,bandpass_n20001_cRA_LA_LL_covariance_s20,phase2/results/predictions/full/electrode/tcn/seed_101/bandpass_n20001_cRA_LA_LL_covariance_s20.npz,76396,ceb40eaada5eca94ac3f600666c24b132a34e7e0c8754fb122ce9bb98719318c
tcn,electrode,101,bandpass_n20001_cRA_LA_LL_covariance_s15,phase2/results/predictions/full/electrode/tcn/seed_101/bandpass_n20001_cRA_LA_LL_covariance_s15.npz,76345,c4f24982524628fc9dc15067f42efe84596d39a46b3dd4f3ccfaa70ede1672ca
tcn,electrode,101,bandpass_n20001_cRA_LA_LL_covariance_s10,phase2/results/predictions/full/electrode/tcn/seed_101/bandpass_n20001_cRA_LA_LL_covariance_s10.npz,76340,41ae591e0cacc1d0b2c23aec6bf5232f230982a35b44dc16485fcee62892f3a0
tcn,electrode,101,bandpass_n20001_cRA_LA_LL_covariance_s5,phase2/results/predictions/full/electrode/tcn/seed_101/bandpass_n20001_cRA_LA_LL_covariance_s5.npz,76165,5694a36c213ae772fe5abd38fc246eb7a320cecd6896bacc0fe1c6aac78cd58a
tcn,electrode,101,bandpass_n20001_cRA_LA_LL_covariance_s0,phase2/results/predictions/full/electrode/tcn/seed_101/bandpass_n20001_cRA_LA_LL_covariance_s0.npz,75820,6717d3c22a19a0d4b567bfd33ccfd1ae7a52de886b5f5e831640b011f96e5691
tcn,electrode,101,bandpass_n20001_cV1_independent_rms_s20,phase2/results/predictions/full/electrode/tcn/seed_101/bandpass_n20001_cV1_independent_rms_s20.npz,76361,3df756374940dccf5f33508afcd1f652963ec1e2f577712d51db8728417b6277
tcn,electrode,101,bandpass_n20001_cV1_independent_rms_s15,phase2/results/predictions/full/electrode/tcn/seed_101/bandpass_n20001_cV1_independent_rms_s15.npz,76376,5124ed2b7098aa443ee304ce652178e5e6c4a385105729da15b8d41f3c92a588
tcn,electrode,101,bandpass_n20001_cV1_independent_rms_s10,phase2/results/predictions/full/electrode/tcn/seed_101/bandpass_n20001_cV1_independent_rms_s10.npz,76347,61042d6415d85918959f65abc3f512440dd70278ab482fc71664fcafe9ec6a2a
tcn,electrode,101,bandpass_n20001_cV1_independent_rms_s5,phase2/results/predictions/full/electrode/tcn/seed_101/bandpass_n20001_cV1_independent_rms_s5.npz,76205,35722b8d402d27fe3f3fb33ffd594ce3963691bd08ffba16f8cb81663c8a110d
tcn,electrode,101,bandpass_n20001_cV1_independent_rms_s0,phase2/results/predictions/full/electrode/tcn/seed_101/bandpass_n20001_cV1_independent_rms_s0.npz,75877,cde425632250892c14b482e253bd976e1bd2665fa40dae53acdb2cc820ed5d5d
tcn,electrode,101,bandpass_n20001_cV1_electrode_s20,phase2/results/predictions/full/electrode/tcn/seed_101/bandpass_n20001_cV1_electrode_s20.npz,76390,6c7dd8bad789ff62d4cf26b2bae7d807e159417613595bf3fac4acc892355508
tcn,electrode,101,bandpass_n20001_cV1_electrode_s15,phase2/results/predictions/full/electrode/tcn/seed_101/bandpass_n20001_cV1_electrode_s15.npz,76381,aae632a3cafb33e82ab7923c2ee87db8b2fbc2bfafadc23ee34e819e37bc8284
tcn,electrode,101,bandpass_n20001_cV1_electrode_s10,phase2/results/predictions/full/electrode/tcn/seed_101/bandpass_n20001_cV1_electrode_s10.npz,76324,a2b64a9ea1ed10369f13ab4903a5d9fc8d77cb5c3564af2f2baf98175006d125
tcn,electrode,101,bandpass_n20001_cV1_electrode_s5,phase2/results/predictions/full/electrode/tcn/seed_101/bandpass_n20001_cV1_electrode_s5.npz,76181,9fe82eb85c1c32e1949cb8468b3f4c4979e1bd7d527056c5ea3180695e8fec9d
tcn,electrode,101,bandpass_n20001_cV1_electrode_s0,phase2/results/predictions/full/electrode/tcn/seed_101/bandpass_n20001_cV1_electrode_s0.npz,75865,8b08e107aba1e63c8058205ab8c8b149ea12b2e406c7f6f5e46751f55d92a827
tcn,electrode,101,bandpass_n20001_cV1_covariance_s20,phase2/results/predictions/full/electrode/tcn/seed_101/bandpass_n20001_cV1_covariance_s20.npz,76360,49d871e63722653dac003af4949520d9c92527971c4a2df87e012a1de26737bc
tcn,electrode,101,bandpass_n20001_cV1_covariance_s15,phase2/results/predictions/full/electrode/tcn/seed_101/bandpass_n20001_cV1_covariance_s15.npz,76383,59f5548ee1b719a9dde68a92e764b2c9a5e804ee3cab310108aa1579762535d1
tcn,electrode,101,bandpass_n20001_cV1_covariance_s10,phase2/results/predictions/full/electrode/tcn/seed_101/bandpass_n20001_cV1_covariance_s10.npz,76292,e2f28a205fb6d1b46dc33f5ced39a1a6fc10752fbdc47fa7ae3924e0f7602da1
tcn,electrode,101,bandpass_n20001_cV1_covariance_s5,phase2/results/predictions/full/electrode/tcn/seed_101/bandpass_n20001_cV1_covariance_s5.npz,76185,7892e4682317cf05f7a41c0d8b42b1bce749cf9642bcc36ba013da0188b747df
tcn,electrode,101,bandpass_n20001_cV1_covariance_s0,phase2/results/predictions/full/electrode/tcn/seed_101/bandpass_n20001_cV1_covariance_s0.npz,75848,d6ffff2f4d7382df1eb4f600041b0b287ad6d5ac70c711c12f7bfa198760957f
tcn,electrode,101,bandpass_n20001_cV2_independent_rms_s20,phase2/results/predictions/full/electrode/tcn/seed_101/bandpass_n20001_cV2_independent_rms_s20.npz,76354,3f41faf53cbfdb9b4d19f3a8ee591159180be032ed13b4b611ce54fd420628c4
tcn,electrode,101,bandpass_n20001_cV2_independent_rms_s15,phase2/results/predictions/full/electrode/tcn/seed_101/bandpass_n20001_cV2_independent_rms_s15.npz,76374,3711e8a1528595877d06c97a27a2701e3a916a42289c208ba990a57657d6a87a
tcn,electrode,101,bandpass_n20001_cV2_independent_rms_s10,phase2/results/predictions/full/electrode/tcn/seed_101/bandpass_n20001_cV2_independent_rms_s10.npz,76330,e26fe6e86dd395810fa62b4bd4be431be22fda7dc43a7ef4a76d48c1d9e913c5
tcn,electrode,101,bandpass_n20001_cV2_independent_rms_s5,phase2/results/predictions/full/electrode/tcn/seed_101/bandpass_n20001_cV2_independent_rms_s5.npz,76249,d6a8e51ee63a904e33da919fcb26aac26adbdf193ee30c53eb9faa80c236741c
tcn,electrode,101,bandpass_n20001_cV2_independent_rms_s0,phase2/results/predictions/full/electrode/tcn/seed_101/bandpass_n20001_cV2_independent_rms_s0.npz,76017,952e3961caf6c1428422e51a12a89963490e41fb39f2f9cce825459af4236b11
tcn,electrode,101,bandpass_n20001_cV2_electrode_s20,phase2/results/predictions/full/electrode/tcn/seed_101/bandpass_n20001_cV2_electrode_s20.npz,76376,099016ffbf58837a8394ccbd6ecf72a22c60df59daf7950f4ecc612f4ed597f2
tcn,electrode,101,bandpass_n20001_cV2_electrode_s15,phase2/results/predictions/full/electrode/tcn/seed_101/bandpass_n20001_cV2_electrode_s15.npz,76341,a02ede22133aef609c8fbaf21fde330e052d0aca539a93b65c04521b9ff8c6d7
tcn,electrode,101,bandpass_n20001_cV2_electrode_s10,phase2/results/predictions/full/electrode/tcn/seed_101/bandpass_n20001_cV2_electrode_s10.npz,76347,fb2bc234bea836b385749f8d74411fef25cbdf967ee53b5350d51f4cc947e2f1
tcn,electrode,101,bandpass_n20001_cV2_electrode_s5,phase2/results/predictions/full/electrode/tcn/seed_101/bandpass_n20001_cV2_electrode_s5.npz,76251,cc26de727dcc240659cc069b0591a7e57707eaace348d1d04699f97245ba05a0
tcn,electrode,101,bandpass_n20001_cV2_electrode_s0,phase2/results/predictions/full/electrode/tcn/seed_101/bandpass_n20001_cV2_electrode_s0.npz,76040,ee6c229d4fa072a335bb8a0b6d5492a2f71574fa2911ba5c969870782b194a86
tcn,electrode,101,bandpass_n20001_cV2_covariance_s20,phase2/results/predictions/full/electrode/tcn/seed_101/bandpass_n20001_cV2_covariance_s20.npz,76372,ff7950c1923bb4dea1b089d7937a7b097c3768ee8d5afd72c62c0d96c9fc12c5
tcn,electrode,101,bandpass_n20001_cV2_covariance_s15,phase2/results/predictions/full/electrode/tcn/seed_101/bandpass_n20001_cV2_covariance_s15.npz,76382,7a8ab419dbf131df30911392b6eb1288f9e58e1f86596427ccf7949582832bca
tcn,electrode,101,bandpass_n20001_cV2_covariance_s10,phase2/results/predictions/full/electrode/tcn/seed_101/bandpass_n20001_cV2_covariance_s10.npz,76352,620d71a43379d63dfacaf419d77dc86d7dc00aedb1fb57d45c31acf2649b5fe6
tcn,electrode,101,bandpass_n20001_cV2_covariance_s5,phase2/results/predictions/full/electrode/tcn/seed_101/bandpass_n20001_cV2_covariance_s5.npz,76225,a1b5727afdf1c817c215df360122e545233c2d42651ac0f682952d781bd59a4c
tcn,electrode,101,bandpass_n20001_cV2_covariance_s0,phase2/results/predictions/full/electrode/tcn/seed_101/bandpass_n20001_cV2_covariance_s0.npz,76014,2c2b696aed55d18315a74e170b633f30276187b8e565450da359b282ff7be3ba
tcn,electrode,101,bandpass_n20001_cV3_independent_rms_s20,phase2/results/predictions/full/electrode/tcn/seed_101/bandpass_n20001_cV3_independent_rms_s20.npz,76358,ec20c8703288c17eaa0d9f0169794e48ccfa9960a176e66cd858af3eb34e6b87
tcn,electrode,101,bandpass_n20001_cV3_independent_rms_s15,phase2/results/predictions/full/electrode/tcn/seed_101/bandpass_n20001_cV3_independent_rms_s15.npz,76390,2d283e7313ef0f05cd5ae172d1a806e43f3254c93dabcc674cf635e2ef567225
tcn,electrode,101,bandpass_n20001_cV3_independent_rms_s10,phase2/results/predictions/full/electrode/tcn/seed_101/bandpass_n20001_cV3_independent_rms_s10.npz,76366,9031eb7411361f55d6dc392da416b70c93b1ce3171aee0364c5aa70915fb0072
tcn,electrode,101,bandpass_n20001_cV3_independent_rms_s5,phase2/results/predictions/full/electrode/tcn/seed_101/bandpass_n20001_cV3_independent_rms_s5.npz,76289,9f0dbca48554a024e4ee917cd710c5731b586810b26b33f97e416d40d23563aa
tcn,electrode,101,bandpass_n20001_cV3_independent_rms_s0,phase2/results/predictions/full/electrode/tcn/seed_101/bandpass_n20001_cV3_independent_rms_s0.npz,76026,3a6ff38c99b64359a64c17b421912f943e990d6d1a4fae0081ffc234b2b04cb0
tcn,electrode,101,bandpass_n20001_cV3_electrode_s20,phase2/results/predictions/full/electrode/tcn/seed_101/bandpass_n20001_cV3_electrode_s20.npz,76375,f996219cfed20b93bb27b2deb4ca12e7ac41794c91a091e68561ec437d11004e
tcn,electrode,101,bandpass_n20001_cV3_electrode_s15,phase2/results/predictions/full/electrode/tcn/seed_101/bandpass_n20001_cV3_electrode_s15.npz,76379,ffc8587667d47e62c9165c6797cd08bf821f544cce8e9ab7d7db834d4b45f959
tcn,electrode,101,bandpass_n20001_cV3_electrode_s10,phase2/results/predictions/full/electrode/tcn/seed_101/bandpass_n20001_cV3_electrode_s10.npz,76344,bf7de8d5a62de0ad8c59c134e0a5809f0fe60377931158c7f1ecb9f8e96cd6ba
tcn,electrode,101,bandpass_n20001_cV3_electrode_s5,phase2/results/predictions/full/electrode/tcn/seed_101/bandpass_n20001_cV3_electrode_s5.npz,76271,ca4a7e804fcdeff26da37bb6839cbf57c05e5d71f898ccbc0910f450efac90c0
tcn,electrode,101,bandpass_n20001_cV3_electrode_s0,phase2/results/predictions/full/electrode/tcn/seed_101/bandpass_n20001_cV3_electrode_s0.npz,76012,306964baa765e6313caaf87ffe0ca9bd33dc164e241c5ccc93fdac6018f67cce
tcn,electrode,101,bandpass_n20001_cV3_covariance_s20,phase2/results/predictions/full/electrode/tcn/seed_101/bandpass_n20001_cV3_covariance_s20.npz,76378,6b8dc475cf6f3d716a999d0a6f255533ea968a490fc22e980898309247ed2706
tcn,electrode,101,bandpass_n20001_cV3_covariance_s15,phase2/results/predictions/full/electrode/tcn/seed_101/bandpass_n20001_cV3_covariance_s15.npz,76351,5139c032cdd227a22a3a53b0047693f6e23168479e219368c0e5aacd4f9a7a05
tcn,electrode,101,bandpass_n20001_cV3_covariance_s10,phase2/results/predictions/full/electrode/tcn/seed_101/bandpass_n20001_cV3_covariance_s10.npz,76360,dc52fbc94a96e01d70ca8450ae7c4c8eb6dc5b025d8478b23547c99ed354ed28
tcn,electrode,101,bandpass_n20001_cV3_covariance_s5,phase2/results/predictions/full/electrode/tcn/seed_101/bandpass_n20001_cV3_covariance_s5.npz,76248,a7a1f40f97d9dfe108d1ca8ca2a0338ccf571238e64d7017effc6bdcb0707dba
tcn,electrode,101,bandpass_n20001_cV3_covariance_s0,phase2/results/predictions/full/electrode/tcn/seed_101/bandpass_n20001_cV3_covariance_s0.npz,76000,fe64bae68465233e1650e8915c02adc96119d5022383c91395199276b10823ff
tcn,electrode,101,bandpass_n20001_cV4_independent_rms_s20,phase2/results/predictions/full/electrode/tcn/seed_101/bandpass_n20001_cV4_independent_rms_s20.npz,76376,a9559bae9dc2f3ee69441f347cece333b62dd5d6cbc1278e8e1ca2e7b59a7580
tcn,electrode,101,bandpass_n20001_cV4_independent_rms_s15,phase2/results/predictions/full/electrode/tcn/seed_101/bandpass_n20001_cV4_independent_rms_s15.npz,76385,01aa44db14065e7793c9cb46dc71813f76019990bf39a328836617f66073c128
tcn,electrode,101,bandpass_n20001_cV4_independent_rms_s10,phase2/results/predictions/full/electrode/tcn/seed_101/bandpass_n20001_cV4_independent_rms_s10.npz,76337,f8b9b61c6439212acdf377c69003ef980f1bdcf237bfa9f54e8c99cc647c463c
tcn,electrode,101,bandpass_n20001_cV4_independent_rms_s5,phase2/results/predictions/full/electrode/tcn/seed_101/bandpass_n20001_cV4_independent_rms_s5.npz,76327,b3fb196d79f7ee2bbbd68fd295ce4e1124cdb78da25cc2f42e8c34adde73a7bd
tcn,electrode,101,bandpass_n20001_cV4_independent_rms_s0,phase2/results/predictions/full/electrode/tcn/seed_101/bandpass_n20001_cV4_independent_rms_s0.npz,76117,1095de5a909bf0d55f8147c4929747484082786ff6821844cce57e7f989d88d6
tcn,electrode,101,bandpass_n20001_cV4_electrode_s20,phase2/results/predictions/full/electrode/tcn/seed_101/bandpass_n20001_cV4_electrode_s20.npz,76348,1fc3fc5f8c0123e9b76e4cd2d2357b6d6bbef1539510383f43f05a03441e062e
tcn,electrode,101,bandpass_n20001_cV4_electrode_s15,phase2/results/predictions/full/electrode/tcn/seed_101/bandpass_n20001_cV4_electrode_s15.npz,76342,1e35b39aa59f00bde24fed2f36d13a01cb6e8aae86f3340395e9736cbda7b5f7
tcn,electrode,101,bandpass_n20001_cV4_electrode_s10,phase2/results/predictions/full/electrode/tcn/seed_101/bandpass_n20001_cV4_electrode_s10.npz,76346,d161a258b25fd47be1d6de1a2ad386fbd23a9e5d7bb751a47546e5f6d4b80023
tcn,electrode,101,bandpass_n20001_cV4_electrode_s5,phase2/results/predictions/full/electrode/tcn/seed_101/bandpass_n20001_cV4_electrode_s5.npz,76308,447c21d495bbc42d27662b3e1c011d1ec0bffdf320dc8bff6be14e536989eff0
tcn,electrode,101,bandpass_n20001_cV4_electrode_s0,phase2/results/predictions/full/electrode/tcn/seed_101/bandpass_n20001_cV4_electrode_s0.npz,76112,beb11f3432481dac00e4afd7055320d775963087b885d8fd6f2b0c5b10d5dd9a
tcn,electrode,101,bandpass_n20001_cV4_covariance_s20,phase2/results/predictions/full/electrode/tcn/seed_101/bandpass_n20001_cV4_covariance_s20.npz,76360,772ce05207776efb87d62c56e74770b14af94f36a425a6ddc7c45a274c687682
tcn,electrode,101,bandpass_n20001_cV4_covariance_s15,phase2/results/predictions/full/electrode/tcn/seed_101/bandpass_n20001_cV4_covariance_s15.npz,76357,b32bc34f4f15a2de17b7fc0e412ea85fe7cf8e22d9940f9c4aab2e44caa86634
tcn,electrode,101,bandpass_n20001_cV4_covariance_s10,phase2/results/predictions/full/electrode/tcn/seed_101/bandpass_n20001_cV4_covariance_s10.npz,76321,3c8f469ec62095f280f441a6cb06f181da0658d898b62e5f4e75dfb850d86492
tcn,electrode,101,bandpass_n20001_cV4_covariance_s5,phase2/results/predictions/full/electrode/tcn/seed_101/bandpass_n20001_cV4_covariance_s5.npz,76338,43d4e1671bc063872697d41c4d7a25701d68f9edd44d803eb9c52b16f72512d4
tcn,electrode,101,bandpass_n20001_cV4_covariance_s0,phase2/results/predictions/full/electrode/tcn/seed_101/bandpass_n20001_cV4_covariance_s0.npz,76096,ebe61783f956d6fe1497750fe8662bc3a2dbbada2b67613dee5a7131729bcc0e
tcn,electrode,101,bandpass_n20001_cV5_independent_rms_s20,phase2/results/predictions/full/electrode/tcn/seed_101/bandpass_n20001_cV5_independent_rms_s20.npz,76387,33bbd7c814917260eb9a622afb4a386e12d833c93554ca0bc2c0078a06085e9a
tcn,electrode,101,bandpass_n20001_cV5_independent_rms_s15,phase2/results/predictions/full/electrode/tcn/seed_101/bandpass_n20001_cV5_independent_rms_s15.npz,76381,2537888241822c06b3563b3e8759d5bf945ab303705166b1cf69b0289e2734e6
tcn,electrode,101,bandpass_n20001_cV5_independent_rms_s10,phase2/results/predictions/full/electrode/tcn/seed_101/bandpass_n20001_cV5_independent_rms_s10.npz,76352,b486be94f8994093befd327cd6f2743b9524ba8cb7aa8c59ca9597d6f8f3f14f
tcn,electrode,101,bandpass_n20001_cV5_independent_rms_s5,phase2/results/predictions/full/electrode/tcn/seed_101/bandpass_n20001_cV5_independent_rms_s5.npz,76272,6b34e2145e24476aa1331095fcd7bc4aa22794e38e6a7cfbd32add6678b708c4
tcn,electrode,101,bandpass_n20001_cV5_independent_rms_s0,phase2/results/predictions/full/electrode/tcn/seed_101/bandpass_n20001_cV5_independent_rms_s0.npz,76046,5a5c39371de389c9a598fd5468aa316d06f8efaf97362b6da5bf3ea8b9c39d3c
tcn,electrode,101,bandpass_n20001_cV5_electrode_s20,phase2/results/predictions/full/electrode/tcn/seed_101/bandpass_n20001_cV5_electrode_s20.npz,76363,89ce04834782cbc8805754d535c0b52899d6538bde9a4ddc1e97e1a4b38d5bd0
tcn,electrode,101,bandpass_n20001_cV5_electrode_s15,phase2/results/predictions/full/electrode/tcn/seed_101/bandpass_n20001_cV5_electrode_s15.npz,76367,c79f7300120a9da07182b75cf6fec9b69668a7f80d93ea10bb65bb5703371428
tcn,electrode,101,bandpass_n20001_cV5_electrode_s10,phase2/results/predictions/full/electrode/tcn/seed_101/bandpass_n20001_cV5_electrode_s10.npz,76316,ca4aab6d921247d0470f276dd0a411b0b71f8bd1f20c7173ea8b3f24678ae74f
tcn,electrode,101,bandpass_n20001_cV5_electrode_s5,phase2/results/predictions/full/electrode/tcn/seed_101/bandpass_n20001_cV5_electrode_s5.npz,76295,7012632d004d6853520636cc5f476a628786adb3acbaa7e327b01ca717c05eeb
tcn,electrode,101,bandpass_n20001_cV5_electrode_s0,phase2/results/predictions/full/electrode/tcn/seed_101/bandpass_n20001_cV5_electrode_s0.npz,76043,2cc471c6a156c375e9802db8d6c7ca91af4e4f125b570fd80b0465060e59831d
tcn,electrode,101,bandpass_n20001_cV5_covariance_s20,phase2/results/predictions/full/electrode/tcn/seed_101/bandpass_n20001_cV5_covariance_s20.npz,76348,8cad3c8b68651bc7a4022abd7ee7bb61eb37b88cc7448d5db62933bcc6feabdc
tcn,electrode,101,bandpass_n20001_cV5_covariance_s15,phase2/results/predictions/full/electrode/tcn/seed_101/bandpass_n20001_cV5_covariance_s15.npz,76363,482822b3e451fdedeea5da850c966dbc04325e8a79b363183791620f8c07fc97
tcn,electrode,101,bandpass_n20001_cV5_covariance_s10,phase2/results/predictions/full/electrode/tcn/seed_101/bandpass_n20001_cV5_covariance_s10.npz,76380,624108f14d4124a349843e6e863b5a9a92ec3e6ab35d4f026736e773ccc94a1d
tcn,electrode,101,bandpass_n20001_cV5_covariance_s5,phase2/results/predictions/full/electrode/tcn/seed_101/bandpass_n20001_cV5_covariance_s5.npz,76257,ee74294a4944ba55f92c981c4451870b842bc4a6ef5c84b1cad7dd20078bec5f
tcn,electrode,101,bandpass_n20001_cV5_covariance_s0,phase2/results/predictions/full/electrode/tcn/seed_101/bandpass_n20001_cV5_covariance_s0.npz,76029,36daee68de68a7ce7ba3f3dcffd24f5a093b8693f75708b531a26a99fcd6a2c7
tcn,electrode,101,bandpass_n20001_cV6_independent_rms_s20,phase2/results/predictions/full/electrode/tcn/seed_101/bandpass_n20001_cV6_independent_rms_s20.npz,76393,15f0641767051d0c8c50b15dbe62132825f0997fa3487b90bb9662ec9b7cd9c8
tcn,electrode,101,bandpass_n20001_cV6_independent_rms_s15,phase2/results/predictions/full/electrode/tcn/seed_101/bandpass_n20001_cV6_independent_rms_s15.npz,76374,0a25e178e70872dbfed77e484251d129bab19b8f6a2cb087a7db46e4aa9ab68b
tcn,electrode,101,bandpass_n20001_cV6_independent_rms_s10,phase2/results/predictions/full/electrode/tcn/seed_101/bandpass_n20001_cV6_independent_rms_s10.npz,76325,98809668b465c61c6467c2fc807fa10a0a1b288d00166f9bf224f1ef1a6698ee
tcn,electrode,101,bandpass_n20001_cV6_independent_rms_s5,phase2/results/predictions/full/electrode/tcn/seed_101/bandpass_n20001_cV6_independent_rms_s5.npz,76314,0d7b5d70f27b0dbccef446832317c3459cae230fb138491af15d6429870fc67a
tcn,electrode,101,bandpass_n20001_cV6_independent_rms_s0,phase2/results/predictions/full/electrode/tcn/seed_101/bandpass_n20001_cV6_independent_rms_s0.npz,76083,5fd5fe9a3a3af777481b10e09571f3da126b6f1a1ddba0d6900712591ae3a17d
tcn,electrode,101,bandpass_n20001_cV6_electrode_s20,phase2/results/predictions/full/electrode/tcn/seed_101/bandpass_n20001_cV6_electrode_s20.npz,76388,2ef2b66bf7d029367af12394dc77073e6d31db42e1e63c1f9bb867daeb9d246c
tcn,electrode,101,bandpass_n20001_cV6_electrode_s15,phase2/results/predictions/full/electrode/tcn/seed_101/bandpass_n20001_cV6_electrode_s15.npz,76374,f448a9fd7f144c38459732631c6ea87ded9abc4f6feff1f03c7a7043f1729f90
tcn,electrode,101,bandpass_n20001_cV6_electrode_s10,phase2/results/predictions/full/electrode/tcn/seed_101/bandpass_n20001_cV6_electrode_s10.npz,76330,08c248ec0a3de281cc1b271ea7231f4dcee17dcd0cbbb1a06d1c846ca814576f
tcn,electrode,101,bandpass_n20001_cV6_electrode_s5,phase2/results/predictions/full/electrode/tcn/seed_101/bandpass_n20001_cV6_electrode_s5.npz,76266,6bffe2fa3613ad6cbb9b43b914e716854324b69dc43dabda0b632e17f6410fd1
tcn,electrode,101,bandpass_n20001_cV6_electrode_s0,phase2/results/predictions/full/electrode/tcn/seed_101/bandpass_n20001_cV6_electrode_s0.npz,76091,20d0aa0f0cd27f838603b4ed122248aa4dec79118036eb2b522807d317c7b981
tcn,electrode,101,bandpass_n20001_cV6_covariance_s20,phase2/results/predictions/full/electrode/tcn/seed_101/bandpass_n20001_cV6_covariance_s20.npz,76360,1cc51294c532058c549777a8eb5ebf73ce6f8dd35d79eabd42a13345e945d521
tcn,electrode,101,bandpass_n20001_cV6_covariance_s15,phase2/results/predictions/full/electrode/tcn/seed_101/bandpass_n20001_cV6_covariance_s15.npz,76364,6c139a6ae4bcbdf6b56865a2dc75338f86edf27e260d793e221344a3becb94ab
tcn,electrode,101,bandpass_n20001_cV6_covariance_s10,phase2/results/predictions/full/electrode/tcn/seed_101/bandpass_n20001_cV6_covariance_s10.npz,76339,b34fb3ca1e21461e478e464fef3e633decf3a244bc351d312845fdb43b964707
tcn,electrode,101,bandpass_n20001_cV6_covariance_s5,phase2/results/predictions/full/electrode/tcn/seed_101/bandpass_n20001_cV6_covariance_s5.npz,76307,3c30b0db061c33fda792bcae950a2ac5e881eec823a6ceb79772e86a9bd9d254
tcn,electrode,101,bandpass_n20001_cV6_covariance_s0,phase2/results/predictions/full/electrode/tcn/seed_101/bandpass_n20001_cV6_covariance_s0.npz,76097,cac6271b5c799f2d2a9301698818f30d5191627aed27c76918426a218285ada2
tcn,electrode,101,bandpass_n20001_cRA_LA_independent_rms_s20,phase2/results/predictions/full/electrode/tcn/seed_101/bandpass_n20001_cRA_LA_independent_rms_s20.npz,76352,a5a8d6c7952ffed3bd83f139d2aff6f93bcf627fdec84c7a1bca6d2fec9c8e94
tcn,electrode,101,bandpass_n20001_cRA_LA_independent_rms_s15,phase2/results/predictions/full/electrode/tcn/seed_101/bandpass_n20001_cRA_LA_independent_rms_s15.npz,76363,d9ea920a83de0737d438d4f1338905acc62841b324d05fd4f6bae860f15b3f5f
tcn,electrode,101,bandpass_n20001_cRA_LA_independent_rms_s10,phase2/results/predictions/full/electrode/tcn/seed_101/bandpass_n20001_cRA_LA_independent_rms_s10.npz,76349,60e21100eb58a5426ed548a7204ad88a785a6e85a146e6d55164ba7023b2bfbd
tcn,electrode,101,bandpass_n20001_cRA_LA_independent_rms_s5,phase2/results/predictions/full/electrode/tcn/seed_101/bandpass_n20001_cRA_LA_independent_rms_s5.npz,76271,19031aa1239f6287be36cc5ea7cacba106f0db02d44061c5969f5620ca1c06ac
tcn,electrode,101,bandpass_n20001_cRA_LA_independent_rms_s0,phase2/results/predictions/full/electrode/tcn/seed_101/bandpass_n20001_cRA_LA_independent_rms_s0.npz,76012,07a17f054dc12c98324d13dfdbd2c835c85140d97b599d0cd05489fcd496bdee
tcn,electrode,101,bandpass_n20001_cRA_LA_electrode_s20,phase2/results/predictions/full/electrode/tcn/seed_101/bandpass_n20001_cRA_LA_electrode_s20.npz,76346,25430c3d379697719da0b1f13bf01f30b250d6045e5d73c35fe96ea25f9f62c3
tcn,electrode,101,bandpass_n20001_cRA_LA_electrode_s15,phase2/results/predictions/full/electrode/tcn/seed_101/bandpass_n20001_cRA_LA_electrode_s15.npz,76373,e4c51bad133741372478dd83cb3622946f22817a65edb13fac981c89025c9ff8
tcn,electrode,101,bandpass_n20001_cRA_LA_electrode_s10,phase2/results/predictions/full/electrode/tcn/seed_101/bandpass_n20001_cRA_LA_electrode_s10.npz,76328,96393c4329d9e0263b4ceec8c6ba4092acfa19956fa37e51344a8a4e9be2d44e
tcn,electrode,101,bandpass_n20001_cRA_LA_electrode_s5,phase2/results/predictions/full/electrode/tcn/seed_101/bandpass_n20001_cRA_LA_electrode_s5.npz,76147,fd6f7e8a6e077d5e8b067b2ea1916137bb5bc281ad9e457580c5dab3016973ff
tcn,electrode,101,bandpass_n20001_cRA_LA_electrode_s0,phase2/results/predictions/full/electrode/tcn/seed_101/bandpass_n20001_cRA_LA_electrode_s0.npz,75845,30b4b24e3532d672da062372af294b829245f5688b10c8b8aad58a7f17437520
tcn,electrode,101,bandpass_n20001_cRA_LA_covariance_s20,phase2/results/predictions/full/electrode/tcn/seed_101/bandpass_n20001_cRA_LA_covariance_s20.npz,76337,3a6e516fc382966002e8675a4be71dc743fc21c67af76d2da18730a0416ecf43
tcn,electrode,101,bandpass_n20001_cRA_LA_covariance_s15,phase2/results/predictions/full/electrode/tcn/seed_101/bandpass_n20001_cRA_LA_covariance_s15.npz,76353,c4167781e10073139ce558bb18c9d0db21edf00875884ac86a38550ae84211b3
tcn,electrode,101,bandpass_n20001_cRA_LA_covariance_s10,phase2/results/predictions/full/electrode/tcn/seed_101/bandpass_n20001_cRA_LA_covariance_s10.npz,76314,b8b53d96acbb775a353aef5324466126776370b2c36e85f20ebbce7f20c36d94
tcn,electrode,101,bandpass_n20001_cRA_LA_covariance_s5,phase2/results/predictions/full/electrode/tcn/seed_101/bandpass_n20001_cRA_LA_covariance_s5.npz,76172,3bf8aad837087de0f0dcacc4c76732ed306a168b49f786ed603da80d43c204ce
tcn,electrode,101,bandpass_n20001_cRA_LA_covariance_s0,phase2/results/predictions/full/electrode/tcn/seed_101/bandpass_n20001_cRA_LA_covariance_s0.npz,75877,100c9c84b5995a6febd4b1759ac171c65a48a200319c9fb5405fd654045bbd7e
tcn,electrode,101,bandpass_n20001_cLA_LL_independent_rms_s20,phase2/results/predictions/full/electrode/tcn/seed_101/bandpass_n20001_cLA_LL_independent_rms_s20.npz,76377,6976cee62566621e24fd8bcf8b21b7044a12c40c17e80bf382d01ea817c65405
tcn,electrode,101,bandpass_n20001_cLA_LL_independent_rms_s15,phase2/results/predictions/full/electrode/tcn/seed_101/bandpass_n20001_cLA_LL_independent_rms_s15.npz,76388,71b0141007a0a053aa1a5def5e39de8f1cae870a872799c7a57ce27e47fa14b7
tcn,electrode,101,bandpass_n20001_cLA_LL_independent_rms_s10,phase2/results/predictions/full/electrode/tcn/seed_101/bandpass_n20001_cLA_LL_independent_rms_s10.npz,76363,2476ed004f653e16b840cb86b2ebca2ca96ea4debd09dba51915d40e563a63d0
tcn,electrode,101,bandpass_n20001_cLA_LL_independent_rms_s5,phase2/results/predictions/full/electrode/tcn/seed_101/bandpass_n20001_cLA_LL_independent_rms_s5.npz,76248,a36400b6f88bb0d9a269138b9d2b59e4c4f4b761ef5bb82e855c0b0ec47da8b0
tcn,electrode,101,bandpass_n20001_cLA_LL_independent_rms_s0,phase2/results/predictions/full/electrode/tcn/seed_101/bandpass_n20001_cLA_LL_independent_rms_s0.npz,75968,427912ef2c9ccc933daa2371ddedab35bb3e686b846697ba8d79544d1c68fa99
tcn,electrode,101,bandpass_n20001_cLA_LL_electrode_s20,phase2/results/predictions/full/electrode/tcn/seed_101/bandpass_n20001_cLA_LL_electrode_s20.npz,76393,16f95a34d7dd6374db7a67dc96db5cb761ef920c2f1bd5eefe8bb2f7d889748c
tcn,electrode,101,bandpass_n20001_cLA_LL_electrode_s15,phase2/results/predictions/full/electrode/tcn/seed_101/bandpass_n20001_cLA_LL_electrode_s15.npz,76366,66562a212b1e39ab51904fc34fe7a659dbc7b884ebdeae381abe29a06719308f
tcn,electrode,101,bandpass_n20001_cLA_LL_electrode_s10,phase2/results/predictions/full/electrode/tcn/seed_101/bandpass_n20001_cLA_LL_electrode_s10.npz,76340,dcfde240f11dfeff7696d0c91cf2ef8300efceb76d4769f031a9415e517316cb
tcn,electrode,101,bandpass_n20001_cLA_LL_electrode_s5,phase2/results/predictions/full/electrode/tcn/seed_101/bandpass_n20001_cLA_LL_electrode_s5.npz,76199,eca72479fb22410bed7f7be8de836b8d02032e53edea1d58a05d8209806d141b
tcn,electrode,101,bandpass_n20001_cLA_LL_electrode_s0,phase2/results/predictions/full/electrode/tcn/seed_101/bandpass_n20001_cLA_LL_electrode_s0.npz,75872,f00a4fde5812e4d9c6e33ee96a234fc132bb75ba432102deef133214f82cca90
tcn,electrode,101,bandpass_n20001_cLA_LL_covariance_s20,phase2/results/predictions/full/electrode/tcn/seed_101/bandpass_n20001_cLA_LL_covariance_s20.npz,76404,14982c975e9cb1ca3c1d63c5f9f002164b05207a7665bbd884f0343e73045c52
tcn,electrode,101,bandpass_n20001_cLA_LL_covariance_s15,phase2/results/predictions/full/electrode/tcn/seed_101/bandpass_n20001_cLA_LL_covariance_s15.npz,76371,70ffe18feb00b987d4924b7964d6364556c984785f53266af0cd2e327094050e
tcn,electrode,101,bandpass_n20001_cLA_LL_covariance_s10,phase2/results/predictions/full/electrode/tcn/seed_101/bandpass_n20001_cLA_LL_covariance_s10.npz,76313,fbafa65141e7f0f9945ef47df3d75d2afe2cc264907d439c44dd6a26faae4bcb
tcn,electrode,101,bandpass_n20001_cLA_LL_covariance_s5,phase2/results/predictions/full/electrode/tcn/seed_101/bandpass_n20001_cLA_LL_covariance_s5.npz,76187,ff3928be5b7735d9d70909fd68526b56e231ccd22f8f25f84faa07ede72ce54e
tcn,electrode,101,bandpass_n20001_cLA_LL_covariance_s0,phase2/results/predictions/full/electrode/tcn/seed_101/bandpass_n20001_cLA_LL_covariance_s0.npz,75850,7ba623b26482b03d5434a047cc55045a54a40ed96992259d7f046b3ccb0f6add
tcn,electrode,101,bandpass_n20001_cRA_LL_independent_rms_s20,phase2/results/predictions/full/electrode/tcn/seed_101/bandpass_n20001_cRA_LL_independent_rms_s20.npz,76381,327af8250231d848a2e2594533338cb88045a7d92b45ae0027fad2c0d187b45d
tcn,electrode,101,bandpass_n20001_cRA_LL_independent_rms_s15,phase2/results/predictions/full/electrode/tcn/seed_101/bandpass_n20001_cRA_LL_independent_rms_s15.npz,76368,4a0665b25782d52c7a82b288d9d9ae78a78b484a28a8e9f9ad85cbc744f0a676
tcn,electrode,101,bandpass_n20001_cRA_LL_independent_rms_s10,phase2/results/predictions/full/electrode/tcn/seed_101/bandpass_n20001_cRA_LL_independent_rms_s10.npz,76361,5e9b87fb57502a64318e81da7bf4993d90538ae8075c6c621b40f699d3be565e
tcn,electrode,101,bandpass_n20001_cRA_LL_independent_rms_s5,phase2/results/predictions/full/electrode/tcn/seed_101/bandpass_n20001_cRA_LL_independent_rms_s5.npz,76272,74dda084fc525ab5e41e95514ec6a7aa0c3c1bef2fbbabceef3858ec91f122ae
tcn,electrode,101,bandpass_n20001_cRA_LL_independent_rms_s0,phase2/results/predictions/full/electrode/tcn/seed_101/bandpass_n20001_cRA_LL_independent_rms_s0.npz,76013,716710586163521066b645bd5dc4772b292a59298158dc807e0984a675267ed9
tcn,electrode,101,bandpass_n20001_cRA_LL_electrode_s20,phase2/results/predictions/full/electrode/tcn/seed_101/bandpass_n20001_cRA_LL_electrode_s20.npz,76354,45e42967544f191ea10d2130c9460eb42edd2d98e4d9b1ad017f651ada079287
tcn,electrode,101,bandpass_n20001_cRA_LL_electrode_s15,phase2/results/predictions/full/electrode/tcn/seed_101/bandpass_n20001_cRA_LL_electrode_s15.npz,76344,4465a001acfb52e06e6ab974801988c08571a6de6bc8a02d4bc4622706b2949c
tcn,electrode,101,bandpass_n20001_cRA_LL_electrode_s10,phase2/results/predictions/full/electrode/tcn/seed_101/bandpass_n20001_cRA_LL_electrode_s10.npz,76333,9eb1642745d11e2d1960118e3934b8b0d50cfb07435113f3dd2534a5ca42b488
tcn,electrode,101,bandpass_n20001_cRA_LL_electrode_s5,phase2/results/predictions/full/electrode/tcn/seed_101/bandpass_n20001_cRA_LL_electrode_s5.npz,76151,2e52db06033a216a8a13a346eccadda9535635b7a5b35a0c1fd21fb6c5aae32c
tcn,electrode,101,bandpass_n20001_cRA_LL_electrode_s0,phase2/results/predictions/full/electrode/tcn/seed_101/bandpass_n20001_cRA_LL_electrode_s0.npz,75818,220907c6ba9798e4c0cf9e01e9141db5aa68f12f74ba1f930cec99bf896b0f56
tcn,electrode,101,bandpass_n20001_cRA_LL_covariance_s20,phase2/results/predictions/full/electrode/tcn/seed_101/bandpass_n20001_cRA_LL_covariance_s20.npz,76365,1fafc1a1a5ab23453308c674468fc04b370aebe1515ce8f3c0659895fa5e447e
tcn,electrode,101,bandpass_n20001_cRA_LL_covariance_s15,phase2/results/predictions/full/electrode/tcn/seed_101/bandpass_n20001_cRA_LL_covariance_s15.npz,76353,7e59bff581ee5b83b4f69e86716eb3f8a90e4f5475c72174c80ba33574f386b0
tcn,electrode,101,bandpass_n20001_cRA_LL_covariance_s10,phase2/results/predictions/full/electrode/tcn/seed_101/bandpass_n20001_cRA_LL_covariance_s10.npz,76353,56d1811aaaaf2a014d884f533ec5e37778bf35c5b15c6d2f72791c831dff8645
tcn,electrode,101,bandpass_n20001_cRA_LL_covariance_s5,phase2/results/predictions/full/electrode/tcn/seed_101/bandpass_n20001_cRA_LL_covariance_s5.npz,76135,ddceeb502e949e806fc2b8efbb18d586746c1c64960c437682ae8b3e8311c9aa
tcn,electrode,101,bandpass_n20001_cRA_LL_covariance_s0,phase2/results/predictions/full/electrode/tcn/seed_101/bandpass_n20001_cRA_LL_covariance_s0.npz,75813,042dd75bddadf58adc58f67023542c86873bf8e2f24476c25d6c142c342afb2b
tcn,electrode,101,bandpass_n20001_cRA_independent_rms_s20,phase2/results/predictions/full/electrode/tcn/seed_101/bandpass_n20001_cRA_independent_rms_s20.npz,76377,1a010f5470d590f5a2224617327a3bbd6a162d071d9c330932300c580c5f3cce
tcn,electrode,101,bandpass_n20001_cRA_independent_rms_s15,phase2/results/predictions/full/electrode/tcn/seed_101/bandpass_n20001_cRA_independent_rms_s15.npz,76359,1a2017f99fa5d79f7b24d6d7fcf7801ae0f8a33565759129b4e98f5992cab6a1
tcn,electrode,101,bandpass_n20001_cRA_independent_rms_s10,phase2/results/predictions/full/electrode/tcn/seed_101/bandpass_n20001_cRA_independent_rms_s10.npz,76375,823f80925cc056d01ae2439a5c51e1e8e9c6a2b4ba97d323eb9702623f2c9782
tcn,electrode,101,bandpass_n20001_cRA_independent_rms_s5,phase2/results/predictions/full/electrode/tcn/seed_101/bandpass_n20001_cRA_independent_rms_s5.npz,76266,159ae07b1b1d2a9574ebf5c5e4b3d344b8edf7ed08d6d43d2a9b30a5a7fe0f90
tcn,electrode,101,bandpass_n20001_cRA_independent_rms_s0,phase2/results/predictions/full/electrode/tcn/seed_101/bandpass_n20001_cRA_independent_rms_s0.npz,76079,0eafda0c697b6fc4d7c85a5e922efa36e57a3c09580a8120ab042ded62a2dd1e
tcn,electrode,101,bandpass_n20001_cRA_electrode_s20,phase2/results/predictions/full/electrode/tcn/seed_101/bandpass_n20001_cRA_electrode_s20.npz,76346,58a982f0bf1f1c2dbb7ca75fbacdded9f9f99746ab9b04c7e42788adf39fd48f
tcn,electrode,101,bandpass_n20001_cRA_electrode_s15,phase2/results/predictions/full/electrode/tcn/seed_101/bandpass_n20001_cRA_electrode_s15.npz,76340,46248d6e2f226b6c542923402e2d22b1a32d94b113eb1dcc668480d5082ff71a
tcn,electrode,101,bandpass_n20001_cRA_electrode_s10,phase2/results/predictions/full/electrode/tcn/seed_101/bandpass_n20001_cRA_electrode_s10.npz,76288,08243481292881ea87d3b54b1060a37cdfd6773b4644955df062b80a5b915197
tcn,electrode,101,bandpass_n20001_cRA_electrode_s5,phase2/results/predictions/full/electrode/tcn/seed_101/bandpass_n20001_cRA_electrode_s5.npz,76135,92c72631891694d0e7fd8eb8c76d0eb40cf85463a3b4c90741f9e0c7d124441c
tcn,electrode,101,bandpass_n20001_cRA_electrode_s0,phase2/results/predictions/full/electrode/tcn/seed_101/bandpass_n20001_cRA_electrode_s0.npz,75878,5ec695313cdf68579f2b31823d12ec1405fbf2a0a88192dab107e02feec97da0
tcn,electrode,101,bandpass_n20001_cRA_covariance_s20,phase2/results/predictions/full/electrode/tcn/seed_101/bandpass_n20001_cRA_covariance_s20.npz,76353,d87af8889fdaf5ae4694164adacd6537d8bbf2ee75a69b9ffd48135c769959ce
tcn,electrode,101,bandpass_n20001_cRA_covariance_s15,phase2/results/predictions/full/electrode/tcn/seed_101/bandpass_n20001_cRA_covariance_s15.npz,76370,0651b1075c6927ce768b5817186990c3d6248db4143465fbda8e36af6433243e
tcn,electrode,101,bandpass_n20001_cRA_covariance_s10,phase2/results/predictions/full/electrode/tcn/seed_101/bandpass_n20001_cRA_covariance_s10.npz,76281,cce1113c769739d868f70d35cb1c76e05259d6014f7dabbc016ebbb54f8211e2
tcn,electrode,101,bandpass_n20001_cRA_covariance_s5,phase2/results/predictions/full/electrode/tcn/seed_101/bandpass_n20001_cRA_covariance_s5.npz,76141,4cd0e6ff464b2ef9718992e31175f5f31c661b8d9af8c300fc3bd589873c5712
tcn,electrode,101,bandpass_n20001_cRA_covariance_s0,phase2/results/predictions/full/electrode/tcn/seed_101/bandpass_n20001_cRA_covariance_s0.npz,75889,4ebc06274b62917db9ab440a8b96f002d98014774d2fab49192ffa19706a77d3
tcn,electrode,101,bandpass_n20001_cLA_independent_rms_s20,phase2/results/predictions/full/electrode/tcn/seed_101/bandpass_n20001_cLA_independent_rms_s20.npz,76406,e777f611e842b4fc19b69eb1f6f651f537522efddcde5459e5ade652e69e3259
tcn,electrode,101,bandpass_n20001_cLA_independent_rms_s15,phase2/results/predictions/full/electrode/tcn/seed_101/bandpass_n20001_cLA_independent_rms_s15.npz,76364,e955ef26df1f28bc03624ec573b8272e100ee33a53981414514f1af4c98c6778
tcn,electrode,101,bandpass_n20001_cLA_independent_rms_s10,phase2/results/predictions/full/electrode/tcn/seed_101/bandpass_n20001_cLA_independent_rms_s10.npz,76346,c72c0c3b518e47c8c73331e8c38477772dad08735ca3c34ce72894ead5edac2c
tcn,electrode,101,bandpass_n20001_cLA_independent_rms_s5,phase2/results/predictions/full/electrode/tcn/seed_101/bandpass_n20001_cLA_independent_rms_s5.npz,76280,16890b11fa86d923982530355abebe91d2118b680a500e91373461050b4bd0dd
tcn,electrode,101,bandpass_n20001_cLA_independent_rms_s0,phase2/results/predictions/full/electrode/tcn/seed_101/bandpass_n20001_cLA_independent_rms_s0.npz,76022,016317bf607a78aeb0e7903936e63f5e283d3c9c35e8d4568af814407ed05891
tcn,electrode,101,bandpass_n20001_cLA_electrode_s20,phase2/results/predictions/full/electrode/tcn/seed_101/bandpass_n20001_cLA_electrode_s20.npz,76370,75dc7369aeb78b3efb159f3ca982f172afc72750a980bb79cd13f23e8e65ccff
tcn,electrode,101,bandpass_n20001_cLA_electrode_s15,phase2/results/predictions/full/electrode/tcn/seed_101/bandpass_n20001_cLA_electrode_s15.npz,76349,1819ca7d4218e8d12b49021acc510ec03dc51df9a1fed22e634931b3b7403337
tcn,electrode,101,bandpass_n20001_cLA_electrode_s10,phase2/results/predictions/full/electrode/tcn/seed_101/bandpass_n20001_cLA_electrode_s10.npz,76331,2d21640727eb0179b2fb523717b609e7ea6b3fd513286e291dc8d80de7aa2543
tcn,electrode,101,bandpass_n20001_cLA_electrode_s5,phase2/results/predictions/full/electrode/tcn/seed_101/bandpass_n20001_cLA_electrode_s5.npz,76217,e5e002c1728073706e08361b33323d0b82506db2b2af9c7207b09fd2dad48ef0
tcn,electrode,101,bandpass_n20001_cLA_electrode_s0,phase2/results/predictions/full/electrode/tcn/seed_101/bandpass_n20001_cLA_electrode_s0.npz,75858,3eb91baab7ac83615f1f398c8069414de38b28f9ee2ca6ace55d9cb2b0c8765d
tcn,electrode,101,bandpass_n20001_cLA_covariance_s20,phase2/results/predictions/full/electrode/tcn/seed_101/bandpass_n20001_cLA_covariance_s20.npz,76403,bef1ca660956c885ad3a638f8450d1f76f70df4317254ee9704a6a4018198ead
tcn,electrode,101,bandpass_n20001_cLA_covariance_s15,phase2/results/predictions/full/electrode/tcn/seed_101/bandpass_n20001_cLA_covariance_s15.npz,76396,7e32a2a07fae9e850985502f0e05850586b70b7f01ab2d621fcfa80e6eafd4a5
tcn,electrode,101,bandpass_n20001_cLA_covariance_s10,phase2/results/predictions/full/electrode/tcn/seed_101/bandpass_n20001_cLA_covariance_s10.npz,76336,a8d7dcef6d18ccfdfedcbe20acd083b3c5fde1b30a0675615848629120416206
tcn,electrode,101,bandpass_n20001_cLA_covariance_s5,phase2/results/predictions/full/electrode/tcn/seed_101/bandpass_n20001_cLA_covariance_s5.npz,76198,5ddeaf2f59f2a7bdc44a9429065dbbb8d3c82cfa6222d97445aedb9afcf2d624
tcn,electrode,101,bandpass_n20001_cLA_covariance_s0,phase2/results/predictions/full/electrode/tcn/seed_101/bandpass_n20001_cLA_covariance_s0.npz,75817,49196b458fff3c7a87830791fec01bb7c886500bb01ca298781cdbac8d82f805
tcn,electrode,101,bandpass_n20001_cLL_independent_rms_s20,phase2/results/predictions/full/electrode/tcn/seed_101/bandpass_n20001_cLL_independent_rms_s20.npz,76384,1454cbb043258f89d0e269c891b744f623b5a0a6a95b7d7b37d25d19988b0fc2
tcn,electrode,101,bandpass_n20001_cLL_independent_rms_s15,phase2/results/predictions/full/electrode/tcn/seed_101/bandpass_n20001_cLL_independent_rms_s15.npz,76384,ad9b22873c00fe333c93fcc71bd02cb1d71c5270c7fc41e430827b56edce1268
tcn,electrode,101,bandpass_n20001_cLL_independent_rms_s10,phase2/results/predictions/full/electrode/tcn/seed_101/bandpass_n20001_cLL_independent_rms_s10.npz,76350,a4f234c44be9549c944d8f9702275100f5e4959c409a412e6f2bb87062b63da8
tcn,electrode,101,bandpass_n20001_cLL_independent_rms_s5,phase2/results/predictions/full/electrode/tcn/seed_101/bandpass_n20001_cLL_independent_rms_s5.npz,76261,4a7e2c6a070bc05afcfb5417031572045a692b4b176894ed73d9a066fa01c6c0
tcn,electrode,101,bandpass_n20001_cLL_independent_rms_s0,phase2/results/predictions/full/electrode/tcn/seed_101/bandpass_n20001_cLL_independent_rms_s0.npz,75978,6fae1f4a80b03a72c504e2b55533a43c9381cbcf6cfabdaf97d81bbee931fba7
tcn,electrode,101,bandpass_n20001_cLL_electrode_s20,phase2/results/predictions/full/electrode/tcn/seed_101/bandpass_n20001_cLL_electrode_s20.npz,76379,9507dac537a0efa330b69addfa9e34465b3e2af3d4a7b1d6b30dfe919d4bd0a4
tcn,electrode,101,bandpass_n20001_cLL_electrode_s15,phase2/results/predictions/full/electrode/tcn/seed_101/bandpass_n20001_cLL_electrode_s15.npz,76369,76c1fbb375c35ce4d0222ba5a229be9a6a258f41483f2d3a90d0f89c22913f7d
tcn,electrode,101,bandpass_n20001_cLL_electrode_s10,phase2/results/predictions/full/electrode/tcn/seed_101/bandpass_n20001_cLL_electrode_s10.npz,76356,2bb68445a68f37a5e9f7c01adb64b431f6e1ec73f3c2111c7414dcdb56492d70
tcn,electrode,101,bandpass_n20001_cLL_electrode_s5,phase2/results/predictions/full/electrode/tcn/seed_101/bandpass_n20001_cLL_electrode_s5.npz,76187,a0533f1d79ce26341d4b32d2393f7bbec2aac8738845d42ed1eb794e9dc17b32
tcn,electrode,101,bandpass_n20001_cLL_electrode_s0,phase2/results/predictions/full/electrode/tcn/seed_101/bandpass_n20001_cLL_electrode_s0.npz,75901,6b12f59a76b8c4279daae60e455deaebdc31d11b7d6ce1336024cf3f4cdb813a
tcn,electrode,101,bandpass_n20001_cLL_covariance_s20,phase2/results/predictions/full/electrode/tcn/seed_101/bandpass_n20001_cLL_covariance_s20.npz,76361,284a4069be5dc1b4747e1c3d1a62d9bc114ceef05b9f2c8a38881e0da0962a1a
tcn,electrode,101,bandpass_n20001_cLL_covariance_s15,phase2/results/predictions/full/electrode/tcn/seed_101/bandpass_n20001_cLL_covariance_s15.npz,76369,7602a3944ac9e356c04aad2453db8812be5206ee0d640f641581ed7ad9f930ef
tcn,electrode,101,bandpass_n20001_cLL_covariance_s10,phase2/results/predictions/full/electrode/tcn/seed_101/bandpass_n20001_cLL_covariance_s10.npz,76327,85bf5414c8c83e5d14bbdf5a99e814d5ebcfc319d45c39c1f6549f194f74beb0
tcn,electrode,101,bandpass_n20001_cLL_covariance_s5,phase2/results/predictions/full/electrode/tcn/seed_101/bandpass_n20001_cLL_covariance_s5.npz,76223,22cdacd9814dc2af854474baad627ee4cfe4e41db089788b7f56de0fb083ddfe
tcn,electrode,101,bandpass_n20001_cLL_covariance_s0,phase2/results/predictions/full/electrode/tcn/seed_101/bandpass_n20001_cLL_covariance_s0.npz,75908,b277fc6154fdb3e6dec0baed289d22b97fe00fdf0b4d2afd63f90c1264542c7c
tcn,electrode,101,bandpass_n20001_cRA_V1_independent_rms_s20,phase2/results/predictions/full/electrode/tcn/seed_101/bandpass_n20001_cRA_V1_independent_rms_s20.npz,76389,d9cd8485ef930d53f243baadfe10f411f8d03515e66458affab94df9492f6e55
tcn,electrode,101,bandpass_n20001_cRA_V1_independent_rms_s15,phase2/results/predictions/full/electrode/tcn/seed_101/bandpass_n20001_cRA_V1_independent_rms_s15.npz,76383,2519718998f8e5ee3b6223f336599df4443896b606c3466e1824c8b083ff778e
tcn,electrode,101,bandpass_n20001_cRA_V1_independent_rms_s10,phase2/results/predictions/full/electrode/tcn/seed_101/bandpass_n20001_cRA_V1_independent_rms_s10.npz,76367,b6643cdcb8fb6ad21dcd0b1965557289059d033a4cd3b0b551b8a466e84a0714
tcn,electrode,101,bandpass_n20001_cRA_V1_independent_rms_s5,phase2/results/predictions/full/electrode/tcn/seed_101/bandpass_n20001_cRA_V1_independent_rms_s5.npz,76295,f788b1b83ce796e227f768c27a27daf0b3cfcb317684723c3ad5300b717f9725
tcn,electrode,101,bandpass_n20001_cRA_V1_independent_rms_s0,phase2/results/predictions/full/electrode/tcn/seed_101/bandpass_n20001_cRA_V1_independent_rms_s0.npz,76040,ad0e68fa8e5a18857db33f2ffb9a4d5ffdf14158d6e2a684fa41785e1d03a679
tcn,electrode,101,bandpass_n20001_cRA_V1_electrode_s20,phase2/results/predictions/full/electrode/tcn/seed_101/bandpass_n20001_cRA_V1_electrode_s20.npz,76386,47481e95dbf9021308512d5923a01c5c08cf6ac1b440184a0ee3a654962dd685
tcn,electrode,101,bandpass_n20001_cRA_V1_electrode_s15,phase2/results/predictions/full/electrode/tcn/seed_101/bandpass_n20001_cRA_V1_electrode_s15.npz,76364,1e23e89c046c4f12ac32ee7c728855c9fbee08b84ed417fe9151deeb4c7e2c39
tcn,electrode,101,bandpass_n20001_cRA_V1_electrode_s10,phase2/results/predictions/full/electrode/tcn/seed_101/bandpass_n20001_cRA_V1_electrode_s10.npz,76284,29f0219d4b4c6c4321410d7ec088ad8d1f2648d9303f273a988fb09feecffafa
tcn,electrode,101,bandpass_n20001_cRA_V1_electrode_s5,phase2/results/predictions/full/electrode/tcn/seed_101/bandpass_n20001_cRA_V1_electrode_s5.npz,76115,c71db0b6e6d10852164932fd3aecc76637618c7e2b7a1e35bad10be5c1656ce3
tcn,electrode,101,bandpass_n20001_cRA_V1_electrode_s0,phase2/results/predictions/full/electrode/tcn/seed_101/bandpass_n20001_cRA_V1_electrode_s0.npz,75871,7abf069e62e74c510d646ca3052587dbed5e5455b8bc2ae2383ab09de4e0ae9d
tcn,electrode,101,bandpass_n20001_cRA_V1_covariance_s20,phase2/results/predictions/full/electrode/tcn/seed_101/bandpass_n20001_cRA_V1_covariance_s20.npz,76372,12ba8097d0ed750741461f64e36725cf46a62771a8c5c64f67b62eeb1beeb8f5
tcn,electrode,101,bandpass_n20001_cRA_V1_covariance_s15,phase2/results/predictions/full/electrode/tcn/seed_101/bandpass_n20001_cRA_V1_covariance_s15.npz,76356,6436a852c5430eb3d716f4f04e0fd128ec0e4abc573b12ba7eba60b7c8a7bebb
tcn,electrode,101,bandpass_n20001_cRA_V1_covariance_s10,phase2/results/predictions/full/electrode/tcn/seed_101/bandpass_n20001_cRA_V1_covariance_s10.npz,76334,4325e13025e68a5c5b53bcb8466ddfcd2585108d5ed7a0fe76cf20c4d6a9801d
tcn,electrode,101,bandpass_n20001_cRA_V1_covariance_s5,phase2/results/predictions/full/electrode/tcn/seed_101/bandpass_n20001_cRA_V1_covariance_s5.npz,76161,63a446c2e453fa483855a9e58608389b85afdde9e2c6298462cfd5484b24c830
tcn,electrode,101,bandpass_n20001_cRA_V1_covariance_s0,phase2/results/predictions/full/electrode/tcn/seed_101/bandpass_n20001_cRA_V1_covariance_s0.npz,75845,0aac013f6d2e446a61ebfafde08ba744a0f7d5053d385b804272b66979704f3b
tcn,electrode,101,bandpass_n20001_cLA_V6_independent_rms_s20,phase2/results/predictions/full/electrode/tcn/seed_101/bandpass_n20001_cLA_V6_independent_rms_s20.npz,76371,530a9de81af75db7853f7879eb1b778929127192602bf30377c334fdae2e03d2
tcn,electrode,101,bandpass_n20001_cLA_V6_independent_rms_s15,phase2/results/predictions/full/electrode/tcn/seed_101/bandpass_n20001_cLA_V6_independent_rms_s15.npz,76380,24ec85df3e8f2d1cfb83920f62f57e48a479feb03af4ffb4dd91fbbfddae863b
tcn,electrode,101,bandpass_n20001_cLA_V6_independent_rms_s10,phase2/results/predictions/full/electrode/tcn/seed_101/bandpass_n20001_cLA_V6_independent_rms_s10.npz,76357,b9e8c7c2585f2764485fbfef5d91dcb978bea5415f8b01148ccd423c00c404f7
tcn,electrode,101,bandpass_n20001_cLA_V6_independent_rms_s5,phase2/results/predictions/full/electrode/tcn/seed_101/bandpass_n20001_cLA_V6_independent_rms_s5.npz,76296,7260063e1b59b50b3615a59671c0abe91dfc69355a5ed17ee0fb4a4731472deb
tcn,electrode,101,bandpass_n20001_cLA_V6_independent_rms_s0,phase2/results/predictions/full/electrode/tcn/seed_101/bandpass_n20001_cLA_V6_independent_rms_s0.npz,76021,abc6617b208e5b8fe213ce521c88f78f6d0951d761a845b26d5ab457968555dd
tcn,electrode,101,bandpass_n20001_cLA_V6_electrode_s20,phase2/results/predictions/full/electrode/tcn/seed_101/bandpass_n20001_cLA_V6_electrode_s20.npz,76389,b22e2eb7d375973eea28ef747e84be40cb9576cdd6e11f8cc6eb55d33e01723d
tcn,electrode,101,bandpass_n20001_cLA_V6_electrode_s15,phase2/results/predictions/full/electrode/tcn/seed_101/bandpass_n20001_cLA_V6_electrode_s15.npz,76388,9a174b570924f046963c677f3504ab911aed3ddd1cedae11cd01cda9b0ba4d44
tcn,electrode,101,bandpass_n20001_cLA_V6_electrode_s10,phase2/results/predictions/full/electrode/tcn/seed_101/bandpass_n20001_cLA_V6_electrode_s10.npz,76313,8fb80b39922db0fbf2c9981c9a52b117ba987455d3e015409a8615ab12e5bdc5
tcn,electrode,101,bandpass_n20001_cLA_V6_electrode_s5,phase2/results/predictions/full/electrode/tcn/seed_101/bandpass_n20001_cLA_V6_electrode_s5.npz,76233,99db109ff1956b95e038d9e404f57503ae629a542a5efeeddbdbb851d56dc04b
tcn,electrode,101,bandpass_n20001_cLA_V6_electrode_s0,phase2/results/predictions/full/electrode/tcn/seed_101/bandpass_n20001_cLA_V6_electrode_s0.npz,75914,561f22d0f4edd1c70c59f37177e068b0697f37a4537fa3453b6a8c252fd40c0d
tcn,electrode,101,bandpass_n20001_cLA_V6_covariance_s20,phase2/results/predictions/full/electrode/tcn/seed_101/bandpass_n20001_cLA_V6_covariance_s20.npz,76398,b975fa4794123bf68043b42fa7aa5cd6ea6e0b04690be1e32b8bd8074a14488a
tcn,electrode,101,bandpass_n20001_cLA_V6_covariance_s15,phase2/results/predictions/full/electrode/tcn/seed_101/bandpass_n20001_cLA_V6_covariance_s15.npz,76379,479603c8a9ab5ffc2963db8b0c1d7437830660595d403ef10cd4b611c53cc9ea
tcn,electrode,101,bandpass_n20001_cLA_V6_covariance_s10,phase2/results/predictions/full/electrode/tcn/seed_101/bandpass_n20001_cLA_V6_covariance_s10.npz,76350,1da3a1b786104a36ef6feba95b47f023d9a4659eb06d9b6e4c8d9e5162b01193
tcn,electrode,101,bandpass_n20001_cLA_V6_covariance_s5,phase2/results/predictions/full/electrode/tcn/seed_101/bandpass_n20001_cLA_V6_covariance_s5.npz,76213,f01c3c10964c0aa68148caf0c438c212c9b9169d64a6567d76dc6713f246d1ff
tcn,electrode,101,bandpass_n20001_cLA_V6_covariance_s0,phase2/results/predictions/full/electrode/tcn/seed_101/bandpass_n20001_cLA_V6_covariance_s0.npz,75917,de72e9d6bab0bef24d3315ec32e6517b5654d9790bf5f4c9662d12457d34e80d
tcn,electrode,101,bandpass_n20001_cLL_V4_independent_rms_s20,phase2/results/predictions/full/electrode/tcn/seed_101/bandpass_n20001_cLL_V4_independent_rms_s20.npz,76405,85a7376742476393c7d32b6eb97a69a75b428315b14b8f1136ae44a194a34251
tcn,electrode,101,bandpass_n20001_cLL_V4_independent_rms_s15,phase2/results/predictions/full/electrode/tcn/seed_101/bandpass_n20001_cLL_V4_independent_rms_s15.npz,76404,b77fecd8315806068a89bdb9a5f34319efb659dc4765389f09e4f8c31be6822f
tcn,electrode,101,bandpass_n20001_cLL_V4_independent_rms_s10,phase2/results/predictions/full/electrode/tcn/seed_101/bandpass_n20001_cLL_V4_independent_rms_s10.npz,76386,96e81c95c7666b2609828a00245618b9af3f52f8f2a6e809b033d1a063e64b09
tcn,electrode,101,bandpass_n20001_cLL_V4_independent_rms_s5,phase2/results/predictions/full/electrode/tcn/seed_101/bandpass_n20001_cLL_V4_independent_rms_s5.npz,76250,d784a5dc4daba91946a0a16a66ce5ee5401eec7a8d6bb423dbab89f86c093614
tcn,electrode,101,bandpass_n20001_cLL_V4_independent_rms_s0,phase2/results/predictions/full/electrode/tcn/seed_101/bandpass_n20001_cLL_V4_independent_rms_s0.npz,76007,1f8af7fba27afc59a577b6b53b6e670f7f912af5506d83247a6c9f08ecc47cec
tcn,electrode,101,bandpass_n20001_cLL_V4_electrode_s20,phase2/results/predictions/full/electrode/tcn/seed_101/bandpass_n20001_cLL_V4_electrode_s20.npz,76368,13cad8b9639e47588c0f2090d4257e6237d167e2e9dd0f54b883abce53ebc664
tcn,electrode,101,bandpass_n20001_cLL_V4_electrode_s15,phase2/results/predictions/full/electrode/tcn/seed_101/bandpass_n20001_cLL_V4_electrode_s15.npz,76380,2b418d8df1532e090efb85fa4e7e532bc912b93802869e8b5045669359a6ccd3
tcn,electrode,101,bandpass_n20001_cLL_V4_electrode_s10,phase2/results/predictions/full/electrode/tcn/seed_101/bandpass_n20001_cLL_V4_electrode_s10.npz,76361,0f33ecbc22f326361f77cf259c7f3db966786cbefeab7eccb1d9703e2765db27
tcn,electrode,101,bandpass_n20001_cLL_V4_electrode_s5,phase2/results/predictions/full/electrode/tcn/seed_101/bandpass_n20001_cLL_V4_electrode_s5.npz,76219,b5ec9c71131ce9128dd261a021cae11b496eb3fcb9589a16c106d643c441a00c
tcn,electrode,101,bandpass_n20001_cLL_V4_electrode_s0,phase2/results/predictions/full/electrode/tcn/seed_101/bandpass_n20001_cLL_V4_electrode_s0.npz,75937,884fd99fe7c7753faf32b80d6aab05fe160fceaa76025ea75ca3d2ebe951a98e
tcn,electrode,101,bandpass_n20001_cLL_V4_covariance_s20,phase2/results/predictions/full/electrode/tcn/seed_101/bandpass_n20001_cLL_V4_covariance_s20.npz,76403,40cb762db810f785c6db85d8b36c4503bc4a473a9a83f0ab7fc7f88b85993a03
tcn,electrode,101,bandpass_n20001_cLL_V4_covariance_s15,phase2/results/predictions/full/electrode/tcn/seed_101/bandpass_n20001_cLL_V4_covariance_s15.npz,76389,ea1fb735f3ef7616b2a0696bf886b84cb46f33c6751b53fba50c6540f7221970
tcn,electrode,101,bandpass_n20001_cLL_V4_covariance_s10,phase2/results/predictions/full/electrode/tcn/seed_101/bandpass_n20001_cLL_V4_covariance_s10.npz,76366,a46c0bb57985318d84c3520da34dcaba503507ccbc349a9603a5f5d122589d3d
tcn,electrode,101,bandpass_n20001_cLL_V4_covariance_s5,phase2/results/predictions/full/electrode/tcn/seed_101/bandpass_n20001_cLL_V4_covariance_s5.npz,76194,781def63626d3b9e12d93fb4f5fce155d6773025ddd4aa41c1bfe08be52584ef
tcn,electrode,101,bandpass_n20001_cLL_V4_covariance_s0,phase2/results/predictions/full/electrode/tcn/seed_101/bandpass_n20001_cLL_V4_covariance_s0.npz,75932,1568e4a295142830b9651cc5efa39fadb46045fe61f0184817220569f157faf1
tcn,electrode,101,bandpass_n20001_cRA_LA_V1_V6_independent_rms_s20,phase2/results/predictions/full/electrode/tcn/seed_101/bandpass_n20001_cRA_LA_V1_V6_independent_rms_s20.npz,76403,60eae7c710507e084db257b7f9491d353c01aca3adfcc375d69716a09dcc5329
tcn,electrode,101,bandpass_n20001_cRA_LA_V1_V6_independent_rms_s15,phase2/results/predictions/full/electrode/tcn/seed_101/bandpass_n20001_cRA_LA_V1_V6_independent_rms_s15.npz,76417,7ade7c929790e314a45a0ee106f858ee422088509faff4670edc3b217e243e85
tcn,electrode,101,bandpass_n20001_cRA_LA_V1_V6_independent_rms_s10,phase2/results/predictions/full/electrode/tcn/seed_101/bandpass_n20001_cRA_LA_V1_V6_independent_rms_s10.npz,76385,36cc52208f86c93b16ee750e4b577891679d07b5fce230b8ffd090eb8eb8abbb
tcn,electrode,101,bandpass_n20001_cRA_LA_V1_V6_independent_rms_s5,phase2/results/predictions/full/electrode/tcn/seed_101/bandpass_n20001_cRA_LA_V1_V6_independent_rms_s5.npz,76296,5ff1bfb23c8aa389684f1ff76d4fd0c6c2115e6b0689f9278aa20e2ded0dbbec
tcn,electrode,101,bandpass_n20001_cRA_LA_V1_V6_independent_rms_s0,phase2/results/predictions/full/electrode/tcn/seed_101/bandpass_n20001_cRA_LA_V1_V6_independent_rms_s0.npz,76041,c82490c1ec0cb425de1a050b4501475e1595e670de68b54155d433c5655e5959
tcn,electrode,101,bandpass_n20001_cRA_LA_V1_V6_electrode_s20,phase2/results/predictions/full/electrode/tcn/seed_101/bandpass_n20001_cRA_LA_V1_V6_electrode_s20.npz,76375,2bded10bdf799ae13094f9545b4e6a2bc1f60b10319e57825898eb00c2a67310
tcn,electrode,101,bandpass_n20001_cRA_LA_V1_V6_electrode_s15,phase2/results/predictions/full/electrode/tcn/seed_101/bandpass_n20001_cRA_LA_V1_V6_electrode_s15.npz,76374,94e2041670ebe778e27427891263026d7fc1cf67a6094c61c66e4909b54665c3
tcn,electrode,101,bandpass_n20001_cRA_LA_V1_V6_electrode_s10,phase2/results/predictions/full/electrode/tcn/seed_101/bandpass_n20001_cRA_LA_V1_V6_electrode_s10.npz,76362,03331dfb3342142ac041d97578dbe4fabcccd4eaf251d20514fd87862ee0b608
tcn,electrode,101,bandpass_n20001_cRA_LA_V1_V6_electrode_s5,phase2/results/predictions/full/electrode/tcn/seed_101/bandpass_n20001_cRA_LA_V1_V6_electrode_s5.npz,76197,f200cb3a072f441e89705fa13488337379357fdb5e6ec65f4e17dcd86c1ad018
tcn,electrode,101,bandpass_n20001_cRA_LA_V1_V6_electrode_s0,phase2/results/predictions/full/electrode/tcn/seed_101/bandpass_n20001_cRA_LA_V1_V6_electrode_s0.npz,75848,fbbe4a7689d0ffbca194a7dac0a6ee82a4b833aa3ae89bc24f14db06aa78e248
tcn,electrode,101,bandpass_n20001_cRA_LA_V1_V6_covariance_s20,phase2/results/predictions/full/electrode/tcn/seed_101/bandpass_n20001_cRA_LA_V1_V6_covariance_s20.npz,76388,ad10e46769c1d7f18985ea2484ee68e8f6e104212bdf08bcc0b8e8bb7d317f9e
tcn,electrode,101,bandpass_n20001_cRA_LA_V1_V6_covariance_s15,phase2/results/predictions/full/electrode/tcn/seed_101/bandpass_n20001_cRA_LA_V1_V6_covariance_s15.npz,76379,f87a54c9d0601ed0c6bb7a87efe7456951a1d137c6d59565c51c64100c640754
tcn,electrode,101,bandpass_n20001_cRA_LA_V1_V6_covariance_s10,phase2/results/predictions/full/electrode/tcn/seed_101/bandpass_n20001_cRA_LA_V1_V6_covariance_s10.npz,76351,84ca7948174588233127813cb142930db7121fd7960c9e2b6c2a12b7e88e1a88
tcn,electrode,101,bandpass_n20001_cRA_LA_V1_V6_covariance_s5,phase2/results/predictions/full/electrode/tcn/seed_101/bandpass_n20001_cRA_LA_V1_V6_covariance_s5.npz,76176,cde574be5016fe3b34295baa4d7e310eb4876410f754be042290e7a522a74305
tcn,electrode,101,bandpass_n20001_cRA_LA_V1_V6_covariance_s0,phase2/results/predictions/full/electrode/tcn/seed_101/bandpass_n20001_cRA_LA_V1_V6_covariance_s0.npz,75875,f66d7797aa5f8ed6e29e367fb18b588f5e253891d1d149e89df10aa20e038078
tcn,electrode,101,bandpass_n20001_cRA_V2_V5_independent_rms_s20,phase2/results/predictions/full/electrode/tcn/seed_101/bandpass_n20001_cRA_V2_V5_independent_rms_s20.npz,76395,d67215727c0bb549fa605ed5d084bc1c0c1f7bea1ee1217d54204b4ae9a68fc4
tcn,electrode,101,bandpass_n20001_cRA_V2_V5_independent_rms_s15,phase2/results/predictions/full/electrode/tcn/seed_101/bandpass_n20001_cRA_V2_V5_independent_rms_s15.npz,76365,9a14e31a77167212ca1852d3839a7362675368b5915d8568de736066a22193de
tcn,electrode,101,bandpass_n20001_cRA_V2_V5_independent_rms_s10,phase2/results/predictions/full/electrode/tcn/seed_101/bandpass_n20001_cRA_V2_V5_independent_rms_s10.npz,76388,e8a2eb9d517025cfc76ec458113f16717aeebc1471402e31517f8b7437e2b31d
tcn,electrode,101,bandpass_n20001_cRA_V2_V5_independent_rms_s5,phase2/results/predictions/full/electrode/tcn/seed_101/bandpass_n20001_cRA_V2_V5_independent_rms_s5.npz,76305,062a406eb8333b36ce6673126e11c7bbeabe64ccd22867bd80f3dc90b166f116
tcn,electrode,101,bandpass_n20001_cRA_V2_V5_independent_rms_s0,phase2/results/predictions/full/electrode/tcn/seed_101/bandpass_n20001_cRA_V2_V5_independent_rms_s0.npz,76039,c08ec8b1c163876823e49fea6b84d08b46566b75c0f87210505e13c7a35bf871
tcn,electrode,101,bandpass_n20001_cRA_V2_V5_electrode_s20,phase2/results/predictions/full/electrode/tcn/seed_101/bandpass_n20001_cRA_V2_V5_electrode_s20.npz,76356,58c49843c26c5af7e47e09abfe93664afe7105fb17d756bee3b7b47cb78201f8
tcn,electrode,101,bandpass_n20001_cRA_V2_V5_electrode_s15,phase2/results/predictions/full/electrode/tcn/seed_101/bandpass_n20001_cRA_V2_V5_electrode_s15.npz,76383,024301222407606b45084abfcceb730a9e49e5ec80ddadb94e189e261778c526
tcn,electrode,101,bandpass_n20001_cRA_V2_V5_electrode_s10,phase2/results/predictions/full/electrode/tcn/seed_101/bandpass_n20001_cRA_V2_V5_electrode_s10.npz,76317,8e62ea6973c346cc81ce2713242e1c9585366f212ee3888e52ed75cdd9aa473c
tcn,electrode,101,bandpass_n20001_cRA_V2_V5_electrode_s5,phase2/results/predictions/full/electrode/tcn/seed_101/bandpass_n20001_cRA_V2_V5_electrode_s5.npz,76173,e790adad101c2e21cf18e3575396dc8a87f1236a9fc9de7b4c217dbe17f319b8
tcn,electrode,101,bandpass_n20001_cRA_V2_V5_electrode_s0,phase2/results/predictions/full/electrode/tcn/seed_101/bandpass_n20001_cRA_V2_V5_electrode_s0.npz,75933,e7ae304c19ba2521cb5089aa79fae0282f29c8aecbce98dade9dd73fb991d7ee
tcn,electrode,101,bandpass_n20001_cRA_V2_V5_covariance_s20,phase2/results/predictions/full/electrode/tcn/seed_101/bandpass_n20001_cRA_V2_V5_covariance_s20.npz,76403,3e9b9d91f873523cca6a1f6a9c90a642204e980f3ba4f5123941589c237997a5
tcn,electrode,101,bandpass_n20001_cRA_V2_V5_covariance_s15,phase2/results/predictions/full/electrode/tcn/seed_101/bandpass_n20001_cRA_V2_V5_covariance_s15.npz,76362,0a1dc9dc21908d3c59fb4e210a6f2b6ae23b213b827d52cb41ac90d8f7f92480
tcn,electrode,101,bandpass_n20001_cRA_V2_V5_covariance_s10,phase2/results/predictions/full/electrode/tcn/seed_101/bandpass_n20001_cRA_V2_V5_covariance_s10.npz,76350,d044156109d503a3f71fb5429319c96f4d6a348abb363808eb7f6862eeb79830
tcn,electrode,101,bandpass_n20001_cRA_V2_V5_covariance_s5,phase2/results/predictions/full/electrode/tcn/seed_101/bandpass_n20001_cRA_V2_V5_covariance_s5.npz,76179,029b445b108a64e115ec30896689ec75c3be273f2948383d8d596689dc4c7883
tcn,electrode,101,bandpass_n20001_cRA_V2_V5_covariance_s0,phase2/results/predictions/full/electrode/tcn/seed_101/bandpass_n20001_cRA_V2_V5_covariance_s0.npz,75892,f84696dad771bf502487cc6e38e0b689cb32bdf9ff1107ce532f17f837b219c3
tcn,electrode,101,bandpass_n20001_cLA_V3_V6_independent_rms_s20,phase2/results/predictions/full/electrode/tcn/seed_101/bandpass_n20001_cLA_V3_V6_independent_rms_s20.npz,76372,b9f4ffab25523c94769a782290157e2930c427e5941c19e97977e62ee8cd7795
tcn,electrode,101,bandpass_n20001_cLA_V3_V6_independent_rms_s15,phase2/results/predictions/full/electrode/tcn/seed_101/bandpass_n20001_cLA_V3_V6_independent_rms_s15.npz,76419,248799827e4f3281ebd39e562069871c20c873aa9b82402dcf706acbc77700df
tcn,electrode,101,bandpass_n20001_cLA_V3_V6_independent_rms_s10,phase2/results/predictions/full/electrode/tcn/seed_101/bandpass_n20001_cLA_V3_V6_independent_rms_s10.npz,76370,1555c82c2a6cca7bd0549d4cb1af6f1961120b20b95d9bd4b83a03c8795fc48f
tcn,electrode,101,bandpass_n20001_cLA_V3_V6_independent_rms_s5,phase2/results/predictions/full/electrode/tcn/seed_101/bandpass_n20001_cLA_V3_V6_independent_rms_s5.npz,76299,ae58875d7c8b08db97be263d58552fdc184c50e94d88bdc7ce805ef70a81406a
tcn,electrode,101,bandpass_n20001_cLA_V3_V6_independent_rms_s0,phase2/results/predictions/full/electrode/tcn/seed_101/bandpass_n20001_cLA_V3_V6_independent_rms_s0.npz,75998,5d013d974cc792c38169cad42fd0935ba5d86cdc5e1bd7227db9e7e27de2162f
tcn,electrode,101,bandpass_n20001_cLA_V3_V6_electrode_s20,phase2/results/predictions/full/electrode/tcn/seed_101/bandpass_n20001_cLA_V3_V6_electrode_s20.npz,76412,5b784f0a7badd00b71a57d81cbc52a9bd37af265ef6b2228b777df03d235b74a
tcn,electrode,101,bandpass_n20001_cLA_V3_V6_electrode_s15,phase2/results/predictions/full/electrode/tcn/seed_101/bandpass_n20001_cLA_V3_V6_electrode_s15.npz,76385,eaab87d396254391dd5ef469166a651aa76c8954131472d4a24a1a3d9893234e
tcn,electrode,101,bandpass_n20001_cLA_V3_V6_electrode_s10,phase2/results/predictions/full/electrode/tcn/seed_101/bandpass_n20001_cLA_V3_V6_electrode_s10.npz,76346,fac37f9511ad797787582b9cc539e3e796688faea821b3e178783cd828621e3a
tcn,electrode,101,bandpass_n20001_cLA_V3_V6_electrode_s5,phase2/results/predictions/full/electrode/tcn/seed_101/bandpass_n20001_cLA_V3_V6_electrode_s5.npz,76249,3f8710009e911f95751dfdaeea816565fc4ba17901113164c5eec6c2d3de895f
tcn,electrode,101,bandpass_n20001_cLA_V3_V6_electrode_s0,phase2/results/predictions/full/electrode/tcn/seed_101/bandpass_n20001_cLA_V3_V6_electrode_s0.npz,75922,b62992dbdc4af7e6bdd6927b63a8dce5ffaf24590ea5f2b26502c5b22c29ac4d
tcn,electrode,101,bandpass_n20001_cLA_V3_V6_covariance_s20,phase2/results/predictions/full/electrode/tcn/seed_101/bandpass_n20001_cLA_V3_V6_covariance_s20.npz,76388,7a44dffd64d4b4b56d2182682cae71f059e0484cce96db3ec3ad949c1232b7af
tcn,electrode,101,bandpass_n20001_cLA_V3_V6_covariance_s15,phase2/results/predictions/full/electrode/tcn/seed_101/bandpass_n20001_cLA_V3_V6_covariance_s15.npz,76372,8373307089d336853868fade5a0f61589293cc86fc4cb3d83e5949b4f55208a2
tcn,electrode,101,bandpass_n20001_cLA_V3_V6_covariance_s10,phase2/results/predictions/full/electrode/tcn/seed_101/bandpass_n20001_cLA_V3_V6_covariance_s10.npz,76372,09a0254577616c4c61f85c24412dd86eb62ab06fe1f549688804a6daa25e0859
tcn,electrode,101,bandpass_n20001_cLA_V3_V6_covariance_s5,phase2/results/predictions/full/electrode/tcn/seed_101/bandpass_n20001_cLA_V3_V6_covariance_s5.npz,76231,9e8f4bb1d8fc849dd0d18171ea2e6147f8a952cd1506eb934c43831c96532e35
tcn,electrode,101,bandpass_n20001_cLA_V3_V6_covariance_s0,phase2/results/predictions/full/electrode/tcn/seed_101/bandpass_n20001_cLA_V3_V6_covariance_s0.npz,75915,25d86010da020de276fb80181de3ddc667f8fbfe719464e904e6f7ba8343b787
tcn,electrode,101,bandpass_n20001_cLL_V1_V4_independent_rms_s20,phase2/results/predictions/full/electrode/tcn/seed_101/bandpass_n20001_cLL_V1_V4_independent_rms_s20.npz,76399,7e811b1448ea8518bffbe5642c803d6c0ad2493df108438fa905b9cfb9662879
tcn,electrode,101,bandpass_n20001_cLL_V1_V4_independent_rms_s15,phase2/results/predictions/full/electrode/tcn/seed_101/bandpass_n20001_cLL_V1_V4_independent_rms_s15.npz,76410,b4c083e8077eb30259d1d66c63b1d0ca868766ec725b0abfbe8d86e8c648bee8
tcn,electrode,101,bandpass_n20001_cLL_V1_V4_independent_rms_s10,phase2/results/predictions/full/electrode/tcn/seed_101/bandpass_n20001_cLL_V1_V4_independent_rms_s10.npz,76396,78e80feab64e81b0fabe59d579751e3d1fb113fc18a281f636158b5ec57c6215
tcn,electrode,101,bandpass_n20001_cLL_V1_V4_independent_rms_s5,phase2/results/predictions/full/electrode/tcn/seed_101/bandpass_n20001_cLL_V1_V4_independent_rms_s5.npz,76266,ad2e130d41568e3ed11aacfeca26a442e7a11deb1df6f502742ca99c43072392
tcn,electrode,101,bandpass_n20001_cLL_V1_V4_independent_rms_s0,phase2/results/predictions/full/electrode/tcn/seed_101/bandpass_n20001_cLL_V1_V4_independent_rms_s0.npz,75993,e5ea96c8dc0868beeb4a83bd67ffb48170e2ce07ef311e06e68eefa4e6a151dc
tcn,electrode,101,bandpass_n20001_cLL_V1_V4_electrode_s20,phase2/results/predictions/full/electrode/tcn/seed_101/bandpass_n20001_cLL_V1_V4_electrode_s20.npz,76378,70a52e4d0b5648ee56c58e47de95f371956445734e1f03d4d8ed008126b44cce
tcn,electrode,101,bandpass_n20001_cLL_V1_V4_electrode_s15,phase2/results/predictions/full/electrode/tcn/seed_101/bandpass_n20001_cLL_V1_V4_electrode_s15.npz,76360,46502f213daaceeaebe787ab139b645b775a412e338265dbe8b887e1fa8a8a00
tcn,electrode,101,bandpass_n20001_cLL_V1_V4_electrode_s10,phase2/results/predictions/full/electrode/tcn/seed_101/bandpass_n20001_cLL_V1_V4_electrode_s10.npz,76364,92720a037d0a37d3a1436fbfa672b3149284a15673fd590c84775e9c30d47837
tcn,electrode,101,bandpass_n20001_cLL_V1_V4_electrode_s5,phase2/results/predictions/full/electrode/tcn/seed_101/bandpass_n20001_cLL_V1_V4_electrode_s5.npz,76198,6d6f4c5bbab460a2108d01dd56d305018c84852061db4607602c333d920431d0
tcn,electrode,101,bandpass_n20001_cLL_V1_V4_electrode_s0,phase2/results/predictions/full/electrode/tcn/seed_101/bandpass_n20001_cLL_V1_V4_electrode_s0.npz,75914,3f64543feb04b4657b06bad5597a10ebad88894350796289b655d2e41bdfeac9
tcn,electrode,101,bandpass_n20001_cLL_V1_V4_covariance_s20,phase2/results/predictions/full/electrode/tcn/seed_101/bandpass_n20001_cLL_V1_V4_covariance_s20.npz,76402,5905a99a18ff896634df56148a4a06f6758fe3d638287a7e8c0b4220d11ed329
tcn,electrode,101,bandpass_n20001_cLL_V1_V4_covariance_s15,phase2/results/predictions/full/electrode/tcn/seed_101/bandpass_n20001_cLL_V1_V4_covariance_s15.npz,76400,bf39c94e8ee2f35b74e7d897f514bb3abc152c66d16999e4cdc8b84901865589
tcn,electrode,101,bandpass_n20001_cLL_V1_V4_covariance_s10,phase2/results/predictions/full/electrode/tcn/seed_101/bandpass_n20001_cLL_V1_V4_covariance_s10.npz,76396,3a8849dd1ddc51236309c7f5bd0a884702eaf58dfd9a2e6679cb3d70d4860f7c
tcn,electrode,101,bandpass_n20001_cLL_V1_V4_covariance_s5,phase2/results/predictions/full/electrode/tcn/seed_101/bandpass_n20001_cLL_V1_V4_covariance_s5.npz,76263,d266d091ced526373494b5e155bb6f7243ca13b5b0cc737c9e0fbd56875bfa14
tcn,electrode,101,bandpass_n20001_cLL_V1_V4_covariance_s0,phase2/results/predictions/full/electrode/tcn/seed_101/bandpass_n20001_cLL_V1_V4_covariance_s0.npz,75931,554214e8312c11259a636154a29b74ba6a78eef4f0fbf2fa82d752f8a9625d3d
tcn,electrode,101,bandpass_n20001_call_independent_rms_s20,phase2/results/predictions/full/electrode/tcn/seed_101/bandpass_n20001_call_independent_rms_s20.npz,76351,5fcf1e433d6236aae3294bb1234af4eea400944f90e6ee79484325f81a3859ef
tcn,electrode,101,bandpass_n20001_call_independent_rms_s15,phase2/results/predictions/full/electrode/tcn/seed_101/bandpass_n20001_call_independent_rms_s15.npz,76358,8e20af0096015741800e0741b6d7841d63d6cfc89aba60af631dace0b43515f4
tcn,electrode,101,bandpass_n20001_call_independent_rms_s10,phase2/results/predictions/full/electrode/tcn/seed_101/bandpass_n20001_call_independent_rms_s10.npz,76373,70295598c1a62265b6acfcb32896ef6f291dd06dec5e83db2c0eed4eb0f15e32
tcn,electrode,101,bandpass_n20001_call_independent_rms_s5,phase2/results/predictions/full/electrode/tcn/seed_101/bandpass_n20001_call_independent_rms_s5.npz,76244,b6e0110f3f44c254c72fb52a90e5d73b0a7843fcb73b44fb179d242d199b64b5
tcn,electrode,101,bandpass_n20001_call_independent_rms_s0,phase2/results/predictions/full/electrode/tcn/seed_101/bandpass_n20001_call_independent_rms_s0.npz,75987,5e61952a934ff35fd32f024f6f068341e66e4b179dd1cadac62ca68d4df6630e
tcn,electrode,101,bandpass_n20001_call_electrode_s20,phase2/results/predictions/full/electrode/tcn/seed_101/bandpass_n20001_call_electrode_s20.npz,76350,1370f189bfa4b89816b2886498f01137c51adbe2d19b40c3388e172e42a5acfb
tcn,electrode,101,bandpass_n20001_call_electrode_s15,phase2/results/predictions/full/electrode/tcn/seed_101/bandpass_n20001_call_electrode_s15.npz,76338,9a0e1aac8358d912e8b3f5e3e50718e0562f50cfb5e23033808577e4e5d7a871
tcn,electrode,101,bandpass_n20001_call_electrode_s10,phase2/results/predictions/full/electrode/tcn/seed_101/bandpass_n20001_call_electrode_s10.npz,76312,0243c08513fe6ec71666ff54533d4cf15ff8fdc719bd96083109e76d7bbccfc3
tcn,electrode,101,bandpass_n20001_call_electrode_s5,phase2/results/predictions/full/electrode/tcn/seed_101/bandpass_n20001_call_electrode_s5.npz,76171,d7ae9c2d2ddd61b392d06de596db46cfdb0cd7e1de992485a1d6629f869b0704
tcn,electrode,101,bandpass_n20001_call_electrode_s0,phase2/results/predictions/full/electrode/tcn/seed_101/bandpass_n20001_call_electrode_s0.npz,75863,e3bf37e8b5c170f2d8adf3117933f59d7eaa42ea27efa27a26daceed2f44ca41
tcn,electrode,101,bandpass_n20001_call_covariance_s20,phase2/results/predictions/full/electrode/tcn/seed_101/bandpass_n20001_call_covariance_s20.npz,76369,52a17afaac0a10bc205fbb55573c3b4d0c9f66c1531f709010bad2aea7747c82
tcn,electrode,101,bandpass_n20001_call_covariance_s15,phase2/results/predictions/full/electrode/tcn/seed_101/bandpass_n20001_call_covariance_s15.npz,76353,ef9802fb97d8c39c7117461a9444dc1d9438b6346efa7487e7748ed663c295a2
tcn,electrode,101,bandpass_n20001_call_covariance_s10,phase2/results/predictions/full/electrode/tcn/seed_101/bandpass_n20001_call_covariance_s10.npz,76339,0ff7f9e415f2b1e30bf7e227a9cae7b2b161f4257b5caecc567f56825bb4a99d
tcn,electrode,101,bandpass_n20001_call_covariance_s5,phase2/results/predictions/full/electrode/tcn/seed_101/bandpass_n20001_call_covariance_s5.npz,76173,2c1b1defc4ea662034b16ccb7b106bed9fc4484fd14f6fc1799d08a943e2ee8a
tcn,electrode,101,bandpass_n20001_call_covariance_s0,phase2/results/predictions/full/electrode/tcn/seed_101/bandpass_n20001_call_covariance_s0.npz,75847,4782ccbf975c55f940f2c7c596ef56153a1302a360795d610f79201cc1fb4d8f
tcn,electrode,101,bandpass_n20002_cRA_LA_LL_independent_rms_s20,phase2/results/predictions/full/electrode/tcn/seed_101/bandpass_n20002_cRA_LA_LL_independent_rms_s20.npz,76383,ac811d6a1b273952000ffae16ee1101f1ad3bb97ef6072bedd5dfc9c1d1a7cf4
tcn,electrode,101,bandpass_n20002_cRA_LA_LL_independent_rms_s15,phase2/results/predictions/full/electrode/tcn/seed_101/bandpass_n20002_cRA_LA_LL_independent_rms_s15.npz,76412,814202a5e8ecff455fb0cab3e6192d6e3c725eabf94145f516cca4729b2b8add
tcn,electrode,101,bandpass_n20002_cRA_LA_LL_independent_rms_s10,phase2/results/predictions/full/electrode/tcn/seed_101/bandpass_n20002_cRA_LA_LL_independent_rms_s10.npz,76335,dfe5f017b2b6611ae62ebfca59a2283d8fd7e92694b7cbf50f54c0ccccf3c429
tcn,electrode,101,bandpass_n20002_cRA_LA_LL_independent_rms_s5,phase2/results/predictions/full/electrode/tcn/seed_101/bandpass_n20002_cRA_LA_LL_independent_rms_s5.npz,76274,2d4cd7a08df537588a6872fe28bbfc0ba7b7e2dfaeff99a14b2147cdea290fe0
tcn,electrode,101,bandpass_n20002_cRA_LA_LL_independent_rms_s0,phase2/results/predictions/full/electrode/tcn/seed_101/bandpass_n20002_cRA_LA_LL_independent_rms_s0.npz,76017,2a71f350a8415ffb795b3371efa3f5da05b2add4346e51fb01730b4968b7b3cc
tcn,electrode,101,bandpass_n20002_cRA_LA_LL_electrode_s20,phase2/results/predictions/full/electrode/tcn/seed_101/bandpass_n20002_cRA_LA_LL_electrode_s20.npz,76360,a78271a2c9d571c9c27c14eb0a76d77e9c944b59d3a451ffefb8e5df91946808
tcn,electrode,101,bandpass_n20002_cRA_LA_LL_electrode_s15,phase2/results/predictions/full/electrode/tcn/seed_101/bandpass_n20002_cRA_LA_LL_electrode_s15.npz,76355,0dcd414a740d4ad03ce5cdde17222a8207d2424f3a0d7bd9cf1df67f0422605c
tcn,electrode,101,bandpass_n20002_cRA_LA_LL_electrode_s10,phase2/results/predictions/full/electrode/tcn/seed_101/bandpass_n20002_cRA_LA_LL_electrode_s10.npz,76310,d799720944ca15d1fac31f40d7936936bd2865fbfbc23fd86518cc89aa701d30
tcn,electrode,101,bandpass_n20002_cRA_LA_LL_electrode_s5,phase2/results/predictions/full/electrode/tcn/seed_101/bandpass_n20002_cRA_LA_LL_electrode_s5.npz,76181,96d55634735386643bd0df95b9bea1e5f042bcbc5e813848c0204c5f82773f42
tcn,electrode,101,bandpass_n20002_cRA_LA_LL_electrode_s0,phase2/results/predictions/full/electrode/tcn/seed_101/bandpass_n20002_cRA_LA_LL_electrode_s0.npz,75816,e308b6003b256957aea484901f7ce497356dfea7c975300ea6b4d3b8bab5a096
tcn,electrode,101,bandpass_n20002_cRA_LA_LL_covariance_s20,phase2/results/predictions/full/electrode/tcn/seed_101/bandpass_n20002_cRA_LA_LL_covariance_s20.npz,76360,7fc1032d53c2b1d1609c27542b1c8fc6a76cac1c0da57eb595248a967769f460
tcn,electrode,101,bandpass_n20002_cRA_LA_LL_covariance_s15,phase2/results/predictions/full/electrode/tcn/seed_101/bandpass_n20002_cRA_LA_LL_covariance_s15.npz,76351,4b3e46bfeb051cdc28538cf23c4d7a3934048cf68acf020c52bf51f9670b832c
tcn,electrode,101,bandpass_n20002_cRA_LA_LL_covariance_s10,phase2/results/predictions/full/electrode/tcn/seed_101/bandpass_n20002_cRA_LA_LL_covariance_s10.npz,76354,ca85c75b9bd852526baf3348db02604207b94c8d0d3841cd29231f8ef04f700c
tcn,electrode,101,bandpass_n20002_cRA_LA_LL_covariance_s5,phase2/results/predictions/full/electrode/tcn/seed_101/bandpass_n20002_cRA_LA_LL_covariance_s5.npz,76170,e0eb40e7edbdeefafdec92a98ed3fab9e9ca551f387dbc374b1a0b1642740263
tcn,electrode,101,bandpass_n20002_cRA_LA_LL_covariance_s0,phase2/results/predictions/full/electrode/tcn/seed_101/bandpass_n20002_cRA_LA_LL_covariance_s0.npz,75831,12823dd5cc8b2acd4e090a8282b92d9678d68e81f64494bc1f4bc7edfeea9cd7
tcn,electrode,101,bandpass_n20002_cV1_independent_rms_s20,phase2/results/predictions/full/electrode/tcn/seed_101/bandpass_n20002_cV1_independent_rms_s20.npz,76390,51b6acb0888466649a8c7991644c5f50d9744ba7dfe0f8ca7b929c94a043c5a4
tcn,electrode,101,bandpass_n20002_cV1_independent_rms_s15,phase2/results/predictions/full/electrode/tcn/seed_101/bandpass_n20002_cV1_independent_rms_s15.npz,76354,091f45fcf95b430a5d04663e1845b023de3fb6e2c9d2c46ba034e900c10e623a
tcn,electrode,101,bandpass_n20002_cV1_independent_rms_s10,phase2/results/predictions/full/electrode/tcn/seed_101/bandpass_n20002_cV1_independent_rms_s10.npz,76345,f687fdea6ec581be1b25e56c50b6d87c0ed214d6e7282a5f68a66a4895aa7f5a
tcn,electrode,101,bandpass_n20002_cV1_independent_rms_s5,phase2/results/predictions/full/electrode/tcn/seed_101/bandpass_n20002_cV1_independent_rms_s5.npz,76199,77080be28f4edd162c5471f5c9e627d1d91fa3b83110a40907e47e17bd0b0ed4
tcn,electrode,101,bandpass_n20002_cV1_independent_rms_s0,phase2/results/predictions/full/electrode/tcn/seed_101/bandpass_n20002_cV1_independent_rms_s0.npz,75898,2c7fb92a625cae05abea8b0452169b2b92bdafee1320717dfe3cfa9632fcdd48
tcn,electrode,101,bandpass_n20002_cV1_electrode_s20,phase2/results/predictions/full/electrode/tcn/seed_101/bandpass_n20002_cV1_electrode_s20.npz,76360,f6f7e369152beab3b1188c9eb4ebf2382760c79845e6d6d8a789e0a760ad7399
tcn,electrode,101,bandpass_n20002_cV1_electrode_s15,phase2/results/predictions/full/electrode/tcn/seed_101/bandpass_n20002_cV1_electrode_s15.npz,76312,2669b537a1d7dc45c64049881de06867bdd70a2d8919f763219505c2d52705bc
tcn,electrode,101,bandpass_n20002_cV1_electrode_s10,phase2/results/predictions/full/electrode/tcn/seed_101/bandpass_n20002_cV1_electrode_s10.npz,76342,f9fe1d1e4975b10ccfb99707ef89645cfcc4088f6bb560eb462805d5c48f9168
tcn,electrode,101,bandpass_n20002_cV1_electrode_s5,phase2/results/predictions/full/electrode/tcn/seed_101/bandpass_n20002_cV1_electrode_s5.npz,76141,1a4edcc4285e3747986f1527a33bdbe747fefb8bff471215e969d62942b73a7d
tcn,electrode,101,bandpass_n20002_cV1_electrode_s0,phase2/results/predictions/full/electrode/tcn/seed_101/bandpass_n20002_cV1_electrode_s0.npz,75878,1f9d122c153d27326a8e393e4c2a4898ac49a6da8838e40f81a84c970baf5f2b
tcn,electrode,101,bandpass_n20002_cV1_covariance_s20,phase2/results/predictions/full/electrode/tcn/seed_101/bandpass_n20002_cV1_covariance_s20.npz,76367,6ac4d349d765be41d832bbfdccfcbe713b647334943c447060d01f1f6b25a4c7
tcn,electrode,101,bandpass_n20002_cV1_covariance_s15,phase2/results/predictions/full/electrode/tcn/seed_101/bandpass_n20002_cV1_covariance_s15.npz,76378,ead56f04c716383a50e5aae295b32a7e368023ac4543297b1a0043862a0b38c1
tcn,electrode,101,bandpass_n20002_cV1_covariance_s10,phase2/results/predictions/full/electrode/tcn/seed_101/bandpass_n20002_cV1_covariance_s10.npz,76310,704247841fb64d217ceee1ad5a996259148df8f8739be2f8af6fec1ed1fb7018
tcn,electrode,101,bandpass_n20002_cV1_covariance_s5,phase2/results/predictions/full/electrode/tcn/seed_101/bandpass_n20002_cV1_covariance_s5.npz,76221,29de3cdb5d5a2305f28a27d8fe1254961b04c6d82e1a57542d519210645bf5a7
tcn,electrode,101,bandpass_n20002_cV1_covariance_s0,phase2/results/predictions/full/electrode/tcn/seed_101/bandpass_n20002_cV1_covariance_s0.npz,75864,5632c2c659ba384d15e8763d2a5963b82102618c21bc26e45870dadfc1aa4d69
tcn,electrode,101,bandpass_n20002_cV2_independent_rms_s20,phase2/results/predictions/full/electrode/tcn/seed_101/bandpass_n20002_cV2_independent_rms_s20.npz,76357,43494d2a78b0018c16e997e4c3f5dea7eaee2d751753c995e1f6c87bbddeeab8
tcn,electrode,101,bandpass_n20002_cV2_independent_rms_s15,phase2/results/predictions/full/electrode/tcn/seed_101/bandpass_n20002_cV2_independent_rms_s15.npz,76352,a5e99ea13abeb1ab17dd8a829bec91f6f3136b276243d157edc446189e6937e4
tcn,electrode,101,bandpass_n20002_cV2_independent_rms_s10,phase2/results/predictions/full/electrode/tcn/seed_101/bandpass_n20002_cV2_independent_rms_s10.npz,76363,624f02773fca30a44a12fdcd4530a3f1dd25ddd868d62ed441b4425de99a10c7
tcn,electrode,101,bandpass_n20002_cV2_independent_rms_s5,phase2/results/predictions/full/electrode/tcn/seed_101/bandpass_n20002_cV2_independent_rms_s5.npz,76264,d66adedaa7a945c54d6a529cb23595736d011775fb88a8743f63c7ccca98f30e
tcn,electrode,101,bandpass_n20002_cV2_independent_rms_s0,phase2/results/predictions/full/electrode/tcn/seed_101/bandpass_n20002_cV2_independent_rms_s0.npz,76049,ed857244e9a1d19b5e809e5bbcd778c75785d3442b8673816f7f201c48f2a641
tcn,electrode,101,bandpass_n20002_cV2_electrode_s20,phase2/results/predictions/full/electrode/tcn/seed_101/bandpass_n20002_cV2_electrode_s20.npz,76372,58b000977b614b3908f128e3b5f24358b26b31eeb951fcdb39bad3f93dc4b270
tcn,electrode,101,bandpass_n20002_cV2_electrode_s15,phase2/results/predictions/full/electrode/tcn/seed_101/bandpass_n20002_cV2_electrode_s15.npz,76356,5513149cc784458273f2153be3a95b209fff159bab94b01a19d9b1b09de1dac2
tcn,electrode,101,bandpass_n20002_cV2_electrode_s10,phase2/results/predictions/full/electrode/tcn/seed_101/bandpass_n20002_cV2_electrode_s10.npz,76323,f47075d2cf5300416091ae503e53f5063e0118d5ad6efc5f8ae76c4c3bab3b39
tcn,electrode,101,bandpass_n20002_cV2_electrode_s5,phase2/results/predictions/full/electrode/tcn/seed_101/bandpass_n20002_cV2_electrode_s5.npz,76259,48daeba41978154ee0c1b247d130381c3519984f1a2785899bdbca7489ed3680
tcn,electrode,101,bandpass_n20002_cV2_electrode_s0,phase2/results/predictions/full/electrode/tcn/seed_101/bandpass_n20002_cV2_electrode_s0.npz,76002,f7f51e172a0bddd830ed3b70f0a27ce2c8a71be21c9718f3daa4e724464a7d45
tcn,electrode,101,bandpass_n20002_cV2_covariance_s20,phase2/results/predictions/full/electrode/tcn/seed_101/bandpass_n20002_cV2_covariance_s20.npz,76384,b12fd2fe83502a3f0bd31d7031530ea45fb8053480db87456b9bcd3e88fa36f2
tcn,electrode,101,bandpass_n20002_cV2_covariance_s15,phase2/results/predictions/full/electrode/tcn/seed_101/bandpass_n20002_cV2_covariance_s15.npz,76368,a129b0508b061d1ad5659cc5e9116ab26156af75b6b69ead3dae28a383aa1d9d
tcn,electrode,101,bandpass_n20002_cV2_covariance_s10,phase2/results/predictions/full/electrode/tcn/seed_101/bandpass_n20002_cV2_covariance_s10.npz,76369,66f7d5e64d1be2bcf453ac2173f8c9d42d66a29cf9bca5b2c6f96d9d66e1bad7
tcn,electrode,101,bandpass_n20002_cV2_covariance_s5,phase2/results/predictions/full/electrode/tcn/seed_101/bandpass_n20002_cV2_covariance_s5.npz,76250,0bd1eb0072c79e0087229bf7a340970f651f568d7e4a34dff1cb728541cea051
tcn,electrode,101,bandpass_n20002_cV2_covariance_s0,phase2/results/predictions/full/electrode/tcn/seed_101/bandpass_n20002_cV2_covariance_s0.npz,76017,90e93cc4da8413b51f95192bcfe04136ab3e416737927621c5795b278af214b4
tcn,electrode,101,bandpass_n20002_cV3_independent_rms_s20,phase2/results/predictions/full/electrode/tcn/seed_101/bandpass_n20002_cV3_independent_rms_s20.npz,76367,61e3473dd8f63bf02c269db6754cd042b79b770bcbe24a16d7b2ebea9cdf258f
tcn,electrode,101,bandpass_n20002_cV3_independent_rms_s15,phase2/results/predictions/full/electrode/tcn/seed_101/bandpass_n20002_cV3_independent_rms_s15.npz,76363,acff14f6e4dd70bf731c6cb050cfb4d2376527435b1cdd9ed5a8b7cd722adb54
tcn,electrode,101,bandpass_n20002_cV3_independent_rms_s10,phase2/results/predictions/full/electrode/tcn/seed_101/bandpass_n20002_cV3_independent_rms_s10.npz,76346,9003601378b1bd4bce68e06f881dece0f1f87fec115d2d02c984177174587a3d
tcn,electrode,101,bandpass_n20002_cV3_independent_rms_s5,phase2/results/predictions/full/electrode/tcn/seed_101/bandpass_n20002_cV3_independent_rms_s5.npz,76284,26e3f86810496e821d8400b4278540a69365ff576a1c19bcbe36e48f00d56094
tcn,electrode,101,bandpass_n20002_cV3_independent_rms_s0,phase2/results/predictions/full/electrode/tcn/seed_101/bandpass_n20002_cV3_independent_rms_s0.npz,76036,7a71ca045846223bc9b37c223bf011d5cabc7ffc72ab0f4305837d0918e8c82a
tcn,electrode,101,bandpass_n20002_cV3_electrode_s20,phase2/results/predictions/full/electrode/tcn/seed_101/bandpass_n20002_cV3_electrode_s20.npz,76387,ee1b4e039b44e7e0e0b4bdc0a336069c38dc7b2d263b2083c92778a6a8f84857
tcn,electrode,101,bandpass_n20002_cV3_electrode_s15,phase2/results/predictions/full/electrode/tcn/seed_101/bandpass_n20002_cV3_electrode_s15.npz,76377,e02fac88966fd783a3913e914a66ca450734142a4229697ef65989894c4984e1
tcn,electrode,101,bandpass_n20002_cV3_electrode_s10,phase2/results/predictions/full/electrode/tcn/seed_101/bandpass_n20002_cV3_electrode_s10.npz,76344,041afeb67be1bfbfb7f75af58eec789e7e072e6c82f7558ce9e7e346a30f8377
tcn,electrode,101,bandpass_n20002_cV3_electrode_s5,phase2/results/predictions/full/electrode/tcn/seed_101/bandpass_n20002_cV3_electrode_s5.npz,76272,9899fe3ac23830490749a97901a06d16356e0e7ddeb6f6e3d53f3ee15bfbef60
tcn,electrode,101,bandpass_n20002_cV3_electrode_s0,phase2/results/predictions/full/electrode/tcn/seed_101/bandpass_n20002_cV3_electrode_s0.npz,76032,23dc5a95915e9e7559ed61efebe53d236511f35deeb05d0bff97b4647607e951
tcn,electrode,101,bandpass_n20002_cV3_covariance_s20,phase2/results/predictions/full/electrode/tcn/seed_101/bandpass_n20002_cV3_covariance_s20.npz,76381,31208032d04168e029e1b192e08cb980d8ecb2dc78b4c2a1509748dab8a5c1d2
tcn,electrode,101,bandpass_n20002_cV3_covariance_s15,phase2/results/predictions/full/electrode/tcn/seed_101/bandpass_n20002_cV3_covariance_s15.npz,76352,46377a98654cc34d63bc9d702c225d23b40db8d22988dc31ecdb7ec975d5cb79
tcn,electrode,101,bandpass_n20002_cV3_covariance_s10,phase2/results/predictions/full/electrode/tcn/seed_101/bandpass_n20002_cV3_covariance_s10.npz,76357,361319269084badb6fd36b33a5d7783b558497fadf56a8289a51e8e220ab9c82
tcn,electrode,101,bandpass_n20002_cV3_covariance_s5,phase2/results/predictions/full/electrode/tcn/seed_101/bandpass_n20002_cV3_covariance_s5.npz,76323,90c4b65011264a1f6605805fe34db71bab501e1810bd1ad30dbb916c9d2b0774
tcn,electrode,101,bandpass_n20002_cV3_covariance_s0,phase2/results/predictions/full/electrode/tcn/seed_101/bandpass_n20002_cV3_covariance_s0.npz,76055,9985ed42e307dbb618fdccb793c9d255cb3b20db8772fdade824cc25186d092e
tcn,electrode,101,bandpass_n20002_cV4_independent_rms_s20,phase2/results/predictions/full/electrode/tcn/seed_101/bandpass_n20002_cV4_independent_rms_s20.npz,76361,a6f7c5b053e5f6d5ad8f05dda710d6bb0e0b745fe53b532b40861d7ed2e9f9fb
tcn,electrode,101,bandpass_n20002_cV4_independent_rms_s15,phase2/results/predictions/full/electrode/tcn/seed_101/bandpass_n20002_cV4_independent_rms_s15.npz,76392,d365992983672a91de477750cec74ea0597a2b484a5dc6907d8c7bba3e3152ed
tcn,electrode,101,bandpass_n20002_cV4_independent_rms_s10,phase2/results/predictions/full/electrode/tcn/seed_101/bandpass_n20002_cV4_independent_rms_s10.npz,76369,2a7c7dc9e0421cb0940f402fa82a287817637f339b1caf8aa61b6d95e2da7d8e
tcn,electrode,101,bandpass_n20002_cV4_independent_rms_s5,phase2/results/predictions/full/electrode/tcn/seed_101/bandpass_n20002_cV4_independent_rms_s5.npz,76288,50d8b8ea323dd7b438cb41ab0f0b69f9af4171adc1b2daf31e8cf7db877dcb10
tcn,electrode,101,bandpass_n20002_cV4_independent_rms_s0,phase2/results/predictions/full/electrode/tcn/seed_101/bandpass_n20002_cV4_independent_rms_s0.npz,76135,1917a41b066f64968087aeedd27026347e8a0e95b25e2096ff19e185bda02f45
tcn,electrode,101,bandpass_n20002_cV4_electrode_s20,phase2/results/predictions/full/electrode/tcn/seed_101/bandpass_n20002_cV4_electrode_s20.npz,76382,4855ac50ab83bd45c418c2e1eb44fb66d77f1e71572e56a11b2cee92f92bb344
tcn,electrode,101,bandpass_n20002_cV4_electrode_s15,phase2/results/predictions/full/electrode/tcn/seed_101/bandpass_n20002_cV4_electrode_s15.npz,76380,cf3280c29708fe390f6a2b9840202ea2cd8035315c0ea2d17d81dcceeea75edc
tcn,electrode,101,bandpass_n20002_cV4_electrode_s10,phase2/results/predictions/full/electrode/tcn/seed_101/bandpass_n20002_cV4_electrode_s10.npz,76327,cddc15b522839643fd97339f7e70f598f732eb041d3bb752f7272db83edd56ce
tcn,electrode,101,bandpass_n20002_cV4_electrode_s5,phase2/results/predictions/full/electrode/tcn/seed_101/bandpass_n20002_cV4_electrode_s5.npz,76296,1240e43cbaa4397d250460da2c43468a24f992e1f787bb19790f6a88be54ddee
tcn,electrode,101,bandpass_n20002_cV4_electrode_s0,phase2/results/predictions/full/electrode/tcn/seed_101/bandpass_n20002_cV4_electrode_s0.npz,76111,1497e96021efc4e75c3ab1e00c969976bdf544d19729ee800c57bb7ce9d7171a
tcn,electrode,101,bandpass_n20002_cV4_covariance_s20,phase2/results/predictions/full/electrode/tcn/seed_101/bandpass_n20002_cV4_covariance_s20.npz,76361,c607552eecd2098895156b0ecb0470aaa22213cbc740af2bc3d20b0991561e24
tcn,electrode,101,bandpass_n20002_cV4_covariance_s15,phase2/results/predictions/full/electrode/tcn/seed_101/bandpass_n20002_cV4_covariance_s15.npz,76349,900b338c9e508cff8c7c809c9b5e3883bad5fc77d3bc5cebd915ff1e0a079261
tcn,electrode,101,bandpass_n20002_cV4_covariance_s10,phase2/results/predictions/full/electrode/tcn/seed_101/bandpass_n20002_cV4_covariance_s10.npz,76363,d2552f3dff2fae7413abbb963b25c302bd0ef83baeefde01305edbb3d0da91f0
tcn,electrode,101,bandpass_n20002_cV4_covariance_s5,phase2/results/predictions/full/electrode/tcn/seed_101/bandpass_n20002_cV4_covariance_s5.npz,76306,0d65463e1014ab06b0d86aff72205d29255372d640e64f534d9390354b714bfc
tcn,electrode,101,bandpass_n20002_cV4_covariance_s0,phase2/results/predictions/full/electrode/tcn/seed_101/bandpass_n20002_cV4_covariance_s0.npz,76126,9b608cdf9fee05bfd8fa2a39c447b8c9e4b6c2e5709cf197df9616f68efa175f
tcn,electrode,101,bandpass_n20002_cV5_independent_rms_s20,phase2/results/predictions/full/electrode/tcn/seed_101/bandpass_n20002_cV5_independent_rms_s20.npz,76384,e1ee589ca4bd4bf9cc5f9de5bf09273a87d6f09032b6d8d8b5dfdacc39c5371f
tcn,electrode,101,bandpass_n20002_cV5_independent_rms_s15,phase2/results/predictions/full/electrode/tcn/seed_101/bandpass_n20002_cV5_independent_rms_s15.npz,76378,3e860639762a13c25d909a181ba87a38a2f14f5552a3b9e3d199fc9dc88ab4ce
tcn,electrode,101,bandpass_n20002_cV5_independent_rms_s10,phase2/results/predictions/full/electrode/tcn/seed_101/bandpass_n20002_cV5_independent_rms_s10.npz,76366,e08f5d01b1746648676035a7d45494e6576240db38e0eb4cf63db6c5eafe72cd
tcn,electrode,101,bandpass_n20002_cV5_independent_rms_s5,phase2/results/predictions/full/electrode/tcn/seed_101/bandpass_n20002_cV5_independent_rms_s5.npz,76293,a3944a64374bc804a9dbc03578cd074a59515f23c0c1f0258ebb2d0a1108f17a
tcn,electrode,101,bandpass_n20002_cV5_independent_rms_s0,phase2/results/predictions/full/electrode/tcn/seed_101/bandpass_n20002_cV5_independent_rms_s0.npz,76034,0d59266ec80193e8e6327dc72e089b259d0ae1518abba8304b4fbc84467b9f68
tcn,electrode,101,bandpass_n20002_cV5_electrode_s20,phase2/results/predictions/full/electrode/tcn/seed_101/bandpass_n20002_cV5_electrode_s20.npz,76359,4922eb52bbf6190c51500d7e250d7181f3d0529bb37331589580761564c03a04
tcn,electrode,101,bandpass_n20002_cV5_electrode_s15,phase2/results/predictions/full/electrode/tcn/seed_101/bandpass_n20002_cV5_electrode_s15.npz,76335,b2b8283c03e7a6f4b685cdb8987c578499089f07365bdc4df4d97189af32764a
tcn,electrode,101,bandpass_n20002_cV5_electrode_s10,phase2/results/predictions/full/electrode/tcn/seed_101/bandpass_n20002_cV5_electrode_s10.npz,76315,3166e46cb103f3c056eb507472121c91b837d1c19115bd6be9519f1bd486465f
tcn,electrode,101,bandpass_n20002_cV5_electrode_s5,phase2/results/predictions/full/electrode/tcn/seed_101/bandpass_n20002_cV5_electrode_s5.npz,76279,7b701799a48eab55c472daa7deef1f5c9513b43dda2c993f037ffc10fa0eab6f
tcn,electrode,101,bandpass_n20002_cV5_electrode_s0,phase2/results/predictions/full/electrode/tcn/seed_101/bandpass_n20002_cV5_electrode_s0.npz,76006,c8b81143b48c9aaa86c30b46461dca0883ae0c49827e6adfbf6fae639039820b
tcn,electrode,101,bandpass_n20002_cV5_covariance_s20,phase2/results/predictions/full/electrode/tcn/seed_101/bandpass_n20002_cV5_covariance_s20.npz,76355,5036ed844a702d321e1ceee874554faa4a660c56cdeece6a99cd2227161b8f3c
tcn,electrode,101,bandpass_n20002_cV5_covariance_s15,phase2/results/predictions/full/electrode/tcn/seed_101/bandpass_n20002_cV5_covariance_s15.npz,76362,75055ab57cb4267d11ec4dbd6ba8c0134a687f4158192a1fb1d6a2a27a671f77
tcn,electrode,101,bandpass_n20002_cV5_covariance_s10,phase2/results/predictions/full/electrode/tcn/seed_101/bandpass_n20002_cV5_covariance_s10.npz,76350,1f637a41357b8aa866fc5184caea90ff9a3461fc7e430c571fbd286ca0eac524
tcn,electrode,101,bandpass_n20002_cV5_covariance_s5,phase2/results/predictions/full/electrode/tcn/seed_101/bandpass_n20002_cV5_covariance_s5.npz,76320,3e658a9c085ccfe8ed92c26416924d3618df91af3847f43cddfbd6acecbec91a
tcn,electrode,101,bandpass_n20002_cV5_covariance_s0,phase2/results/predictions/full/electrode/tcn/seed_101/bandpass_n20002_cV5_covariance_s0.npz,76025,91fab1d65de2f7369a292cd13b277f9ecee5f09a7c01dc1280732b84336f510c
tcn,electrode,101,bandpass_n20002_cV6_independent_rms_s20,phase2/results/predictions/full/electrode/tcn/seed_101/bandpass_n20002_cV6_independent_rms_s20.npz,76358,02c9248e27786a0c827baa27184049d93ec7d6e7e8b6be34ebcf67fa938d2dd7
tcn,electrode,101,bandpass_n20002_cV6_independent_rms_s15,phase2/results/predictions/full/electrode/tcn/seed_101/bandpass_n20002_cV6_independent_rms_s15.npz,76367,3d0b32a974e8008130b29f7ed63aa51df3a1ddf189825ce985b18ce8e9f544da
tcn,electrode,101,bandpass_n20002_cV6_independent_rms_s10,phase2/results/predictions/full/electrode/tcn/seed_101/bandpass_n20002_cV6_independent_rms_s10.npz,76365,72c9d14faa5c4eb493a61ee1f75df6125fa482e2c935bf2e5a3fb7808c5ac25d
tcn,electrode,101,bandpass_n20002_cV6_independent_rms_s5,phase2/results/predictions/full/electrode/tcn/seed_101/bandpass_n20002_cV6_independent_rms_s5.npz,76309,94b5ac0d89822dc70c622dba526db097e63fc2ce82561f1fcbb3fa81e6b7eaae
tcn,electrode,101,bandpass_n20002_cV6_independent_rms_s0,phase2/results/predictions/full/electrode/tcn/seed_101/bandpass_n20002_cV6_independent_rms_s0.npz,76101,f92a86dd63059195478807d3898628a18e3305db551f0cf382ec8dc135db5c1c
tcn,electrode,101,bandpass_n20002_cV6_electrode_s20,phase2/results/predictions/full/electrode/tcn/seed_101/bandpass_n20002_cV6_electrode_s20.npz,76335,253e988692068534f6526daca7ae472348711e44407a07754ac91fa9d5bceedd
tcn,electrode,101,bandpass_n20002_cV6_electrode_s15,phase2/results/predictions/full/electrode/tcn/seed_101/bandpass_n20002_cV6_electrode_s15.npz,76358,ba21fbd84cbdbab340e675d6bfd332a0e449ff6459a7f874ef1ba2f53b392d00
tcn,electrode,101,bandpass_n20002_cV6_electrode_s10,phase2/results/predictions/full/electrode/tcn/seed_101/bandpass_n20002_cV6_electrode_s10.npz,76334,62b5735efca7d501800f2dd9f5368f7e8dba99a77ba904da9548f57f2a335105
tcn,electrode,101,bandpass_n20002_cV6_electrode_s5,phase2/results/predictions/full/electrode/tcn/seed_101/bandpass_n20002_cV6_electrode_s5.npz,76283,d7537a6e57f136773d0b14fd29326450ad83728ffa7c07152abf2699ab6dcad6
tcn,electrode,101,bandpass_n20002_cV6_electrode_s0,phase2/results/predictions/full/electrode/tcn/seed_101/bandpass_n20002_cV6_electrode_s0.npz,76073,819b0b18db5b0011566c7228f452b808d72e73af0f558e81768126c2a0d65089
tcn,electrode,101,bandpass_n20002_cV6_covariance_s20,phase2/results/predictions/full/electrode/tcn/seed_101/bandpass_n20002_cV6_covariance_s20.npz,76361,0a3d6bd8021e9e99d7bf6fc54dc364384ba5ea84b04333a4a9feb77a76dbceba
tcn,electrode,101,bandpass_n20002_cV6_covariance_s15,phase2/results/predictions/full/electrode/tcn/seed_101/bandpass_n20002_cV6_covariance_s15.npz,76368,c553cdb8584fc72b0179a71eeefc347f66d8b72b5b207127df3fe6fcee0234d5
tcn,electrode,101,bandpass_n20002_cV6_covariance_s10,phase2/results/predictions/full/electrode/tcn/seed_101/bandpass_n20002_cV6_covariance_s10.npz,76320,6e2b3b832865c4f686354ac5b8ee93f20d9d6d9cce07c24d3e98e14cab064580
tcn,electrode,101,bandpass_n20002_cV6_covariance_s5,phase2/results/predictions/full/electrode/tcn/seed_101/bandpass_n20002_cV6_covariance_s5.npz,76282,a647271039a5c4ae3dea1cc2a5451904a18390c53e9fce16dff3a0563a829486
tcn,electrode,101,bandpass_n20002_cV6_covariance_s0,phase2/results/predictions/full/electrode/tcn/seed_101/bandpass_n20002_cV6_covariance_s0.npz,76085,08d4d73a65d6d6a963538ee1fd19ffc93039400d6c5dd707230ab62392e68287
tcn,electrode,101,bandpass_n20002_cRA_LA_independent_rms_s20,phase2/results/predictions/full/electrode/tcn/seed_101/bandpass_n20002_cRA_LA_independent_rms_s20.npz,76378,d98cb2bbec4883e154620bc26ca6335141b4b2676472e34fc9f6106f773f3d20
tcn,electrode,101,bandpass_n20002_cRA_LA_independent_rms_s15,phase2/results/predictions/full/electrode/tcn/seed_101/bandpass_n20002_cRA_LA_independent_rms_s15.npz,76382,612c527aa07a3f3336fd6255c2aec00e0d0ec5992ace76198755dd9f7c77c420
tcn,electrode,101,bandpass_n20002_cRA_LA_independent_rms_s10,phase2/results/predictions/full/electrode/tcn/seed_101/bandpass_n20002_cRA_LA_independent_rms_s10.npz,76378,b5054a5e23e548abaccf2e755d93556f2dd3c2b26ae1bec8187e8217d3cc7584
tcn,electrode,101,bandpass_n20002_cRA_LA_independent_rms_s5,phase2/results/predictions/full/electrode/tcn/seed_101/bandpass_n20002_cRA_LA_independent_rms_s5.npz,76277,507145126abf359406f23059ff4f16f2aaf883fe3f97c7cbd231df98516d12ce
tcn,electrode,101,bandpass_n20002_cRA_LA_independent_rms_s0,phase2/results/predictions/full/electrode/tcn/seed_101/bandpass_n20002_cRA_LA_independent_rms_s0.npz,76008,005dfd0bfc2ed0f8b543e47a67cc61d9dfa4ceab438e65b07a36d299d9373977
tcn,electrode,101,bandpass_n20002_cRA_LA_electrode_s20,phase2/results/predictions/full/electrode/tcn/seed_101/bandpass_n20002_cRA_LA_electrode_s20.npz,76368,c80cc0e8db9a612df6d53f476366763505163dd935be31d8b619b565a93adc20
tcn,electrode,101,bandpass_n20002_cRA_LA_electrode_s15,phase2/results/predictions/full/electrode/tcn/seed_101/bandpass_n20002_cRA_LA_electrode_s15.npz,76346,c2bdf83d8854023b19f32685e12566be56dbfce7b896fdaadf2052bfec4f42ab
tcn,electrode,101,bandpass_n20002_cRA_LA_electrode_s10,phase2/results/predictions/full/electrode/tcn/seed_101/bandpass_n20002_cRA_LA_electrode_s10.npz,76321,c41ac04b2781d29f3c0b65548bd934c664a83873e609502bdd6525aeb7ba09b4
tcn,electrode,101,bandpass_n20002_cRA_LA_electrode_s5,phase2/results/predictions/full/electrode/tcn/seed_101/bandpass_n20002_cRA_LA_electrode_s5.npz,76170,e87d08ec9a0dfc54b13f78f8a78d29d39241c8940a10fc40bdeeb69ef0bc6b3b
tcn,electrode,101,bandpass_n20002_cRA_LA_electrode_s0,phase2/results/predictions/full/electrode/tcn/seed_101/bandpass_n20002_cRA_LA_electrode_s0.npz,75844,48e12f45559d894cfad3dcc3c0f472e23a33cbd5cac3e24386312987b878c76d
tcn,electrode,101,bandpass_n20002_cRA_LA_covariance_s20,phase2/results/predictions/full/electrode/tcn/seed_101/bandpass_n20002_cRA_LA_covariance_s20.npz,76387,af4b0a4dcf05c967ea91c717d9eddaaf9c5561c810c25db20dadf5537d2f9075
tcn,electrode,101,bandpass_n20002_cRA_LA_covariance_s15,phase2/results/predictions/full/electrode/tcn/seed_101/bandpass_n20002_cRA_LA_covariance_s15.npz,76379,97063c278b95dca30e436da58816131e967a40d1083c8a015f90e16ce4cf209e
tcn,electrode,101,bandpass_n20002_cRA_LA_covariance_s10,phase2/results/predictions/full/electrode/tcn/seed_101/bandpass_n20002_cRA_LA_covariance_s10.npz,76310,1b4b9d13905aa0765e42def2a2d97920e4c17c536f98dcb9bf3cde5cfa92af7f
tcn,electrode,101,bandpass_n20002_cRA_LA_covariance_s5,phase2/results/predictions/full/electrode/tcn/seed_101/bandpass_n20002_cRA_LA_covariance_s5.npz,76142,6d82441956d1a1165625bc19d3c21fbfbb20bc21ccda294a3b0272de50b51d6e
tcn,electrode,101,bandpass_n20002_cRA_LA_covariance_s0,phase2/results/predictions/full/electrode/tcn/seed_101/bandpass_n20002_cRA_LA_covariance_s0.npz,75845,ea303eddd76eccb13c59d838abd363aa1aa2a8f72fa24dcf22eea8cf71b66aa3
tcn,electrode,101,bandpass_n20002_cLA_LL_independent_rms_s20,phase2/results/predictions/full/electrode/tcn/seed_101/bandpass_n20002_cLA_LL_independent_rms_s20.npz,76417,c5fb74e967b843bf1b9ee3a72a97dccbda81606b75ab9258f4483bfdf41f3eec
tcn,electrode,101,bandpass_n20002_cLA_LL_independent_rms_s15,phase2/results/predictions/full/electrode/tcn/seed_101/bandpass_n20002_cLA_LL_independent_rms_s15.npz,76374,df2a44ccaaa62e0c00ccd121342dfa34863e86ff6e9787f603b41f9b2e82f716
tcn,electrode,101,bandpass_n20002_cLA_LL_independent_rms_s10,phase2/results/predictions/full/electrode/tcn/seed_101/bandpass_n20002_cLA_LL_independent_rms_s10.npz,76349,051ec6cd1feb117b8bac0edc9832707aec5d2f8033f1fef1dda5eefab09a6ba0
tcn,electrode,101,bandpass_n20002_cLA_LL_independent_rms_s5,phase2/results/predictions/full/electrode/tcn/seed_101/bandpass_n20002_cLA_LL_independent_rms_s5.npz,76266,950a8843ea8fbb335a2c0d8fcc247ad36b1c26440e8cd68ea5c64a658c0ce276
tcn,electrode,101,bandpass_n20002_cLA_LL_independent_rms_s0,phase2/results/predictions/full/electrode/tcn/seed_101/bandpass_n20002_cLA_LL_independent_rms_s0.npz,75975,d106404d7e5d422ea081d1c8f69736eb1f7186acefcef6b995f167d21d4d54b7
tcn,electrode,101,bandpass_n20002_cLA_LL_electrode_s20,phase2/results/predictions/full/electrode/tcn/seed_101/bandpass_n20002_cLA_LL_electrode_s20.npz,76390,4ac884bfaf2a51b93460c2ac43582effa49237d37da058162268e2da46cd845e
tcn,electrode,101,bandpass_n20002_cLA_LL_electrode_s15,phase2/results/predictions/full/electrode/tcn/seed_101/bandpass_n20002_cLA_LL_electrode_s15.npz,76370,b82c94de9ace41820adccd1285a286fc2a62ce8438a746bb09ef6fffcd09bd8c
tcn,electrode,101,bandpass_n20002_cLA_LL_electrode_s10,phase2/results/predictions/full/electrode/tcn/seed_101/bandpass_n20002_cLA_LL_electrode_s10.npz,76330,111f80f7d8c9d4bd3de438eb61e0f2728744045b7008c5bc7e86f93698082e12
tcn,electrode,101,bandpass_n20002_cLA_LL_electrode_s5,phase2/results/predictions/full/electrode/tcn/seed_101/bandpass_n20002_cLA_LL_electrode_s5.npz,76207,12dccb4df899774d8a187e25c0fdc6255d48bf0f8ddbd8c66946fcbb4068fdbb
tcn,electrode,101,bandpass_n20002_cLA_LL_electrode_s0,phase2/results/predictions/full/electrode/tcn/seed_101/bandpass_n20002_cLA_LL_electrode_s0.npz,75846,d493eb06634e780ac2995058e34771539c31a4ae499012187237134a544fbe48
tcn,electrode,101,bandpass_n20002_cLA_LL_covariance_s20,phase2/results/predictions/full/electrode/tcn/seed_101/bandpass_n20002_cLA_LL_covariance_s20.npz,76375,3e8ac2d52bddde1ce615a6c59babdfde711ac584d37b1fe9fc52b1e18f85eb35
tcn,electrode,101,bandpass_n20002_cLA_LL_covariance_s15,phase2/results/predictions/full/electrode/tcn/seed_101/bandpass_n20002_cLA_LL_covariance_s15.npz,76389,db200abd8114b9c4c1dc1c6486d6c9197bcbbab6fefc0e5400ab116947bb816e
tcn,electrode,101,bandpass_n20002_cLA_LL_covariance_s10,phase2/results/predictions/full/electrode/tcn/seed_101/bandpass_n20002_cLA_LL_covariance_s10.npz,76320,8b5cff6323ac4eb4ed1369402ffbf8cdcbe2f826233f21b2b9bd07ed9bbb01fb
tcn,electrode,101,bandpass_n20002_cLA_LL_covariance_s5,phase2/results/predictions/full/electrode/tcn/seed_101/bandpass_n20002_cLA_LL_covariance_s5.npz,76221,dca7fcebb2b4fde66e5c1e47675f30c1460d10f670ca723eda1f0499d9d3615b
tcn,electrode,101,bandpass_n20002_cLA_LL_covariance_s0,phase2/results/predictions/full/electrode/tcn/seed_101/bandpass_n20002_cLA_LL_covariance_s0.npz,75874,547c141972c8173e5a5eca5bfd1fbceee30d51051b44444eeb9a57dd13320886
tcn,electrode,101,bandpass_n20002_cRA_LL_independent_rms_s20,phase2/results/predictions/full/electrode/tcn/seed_101/bandpass_n20002_cRA_LL_independent_rms_s20.npz,76395,9291d3462b2ed0e408e5351c068e8126b5265e0eaeea6fef60fe2aa17b35a80c
tcn,electrode,101,bandpass_n20002_cRA_LL_independent_rms_s15,phase2/results/predictions/full/electrode/tcn/seed_101/bandpass_n20002_cRA_LL_independent_rms_s15.npz,76401,a5fba2c614ba43b248e6334983116aa20743002d5d818042805f9e1e971a3aa0
tcn,electrode,101,bandpass_n20002_cRA_LL_independent_rms_s10,phase2/results/predictions/full/electrode/tcn/seed_101/bandpass_n20002_cRA_LL_independent_rms_s10.npz,76357,def3748a98edaf359f5c35a652b25c6e614ebb33bd08b8f22e8a627ea5668b27
tcn,electrode,101,bandpass_n20002_cRA_LL_independent_rms_s5,phase2/results/predictions/full/electrode/tcn/seed_101/bandpass_n20002_cRA_LL_independent_rms_s5.npz,76284,dbb408232136cbe0c522c39f9b8139e7e9a161609333f8507b8b253271ffd44e
tcn,electrode,101,bandpass_n20002_cRA_LL_independent_rms_s0,phase2/results/predictions/full/electrode/tcn/seed_101/bandpass_n20002_cRA_LL_independent_rms_s0.npz,76021,630ad9a4e50a69f68a9d0048a544e24a03a67bda47c8434ed0d9a00be5c8eef0
tcn,electrode,101,bandpass_n20002_cRA_LL_electrode_s20,phase2/results/predictions/full/electrode/tcn/seed_101/bandpass_n20002_cRA_LL_electrode_s20.npz,76385,853d731a7b6cda1a517370e3c0b388f3aadd2a93487bab318e5c710590c72034
tcn,electrode,101,bandpass_n20002_cRA_LL_electrode_s15,phase2/results/predictions/full/electrode/tcn/seed_101/bandpass_n20002_cRA_LL_electrode_s15.npz,76360,692ee706a8449e93d58cb8e9a107c1ef5733b6a308eeef864a753a1cc12943a2
tcn,electrode,101,bandpass_n20002_cRA_LL_electrode_s10,phase2/results/predictions/full/electrode/tcn/seed_101/bandpass_n20002_cRA_LL_electrode_s10.npz,76329,e98b8864028fbf903b5d146f4fa74b0a341b0395bc136452edac7aadd15452bc
tcn,electrode,101,bandpass_n20002_cRA_LL_electrode_s5,phase2/results/predictions/full/electrode/tcn/seed_101/bandpass_n20002_cRA_LL_electrode_s5.npz,76192,9159218317f58a19d77234219527976f444b6a340bbdc6edd1f8717a824d767c
tcn,electrode,101,bandpass_n20002_cRA_LL_electrode_s0,phase2/results/predictions/full/electrode/tcn/seed_101/bandpass_n20002_cRA_LL_electrode_s0.npz,75820,8e18d1f383b265a635f2ebb85e1f6545b552aa8b8fbbfbdef9d4e86205f33abb
tcn,electrode,101,bandpass_n20002_cRA_LL_covariance_s20,phase2/results/predictions/full/electrode/tcn/seed_101/bandpass_n20002_cRA_LL_covariance_s20.npz,76372,2d35a399cc36502a9a71f861dd1eb6db70eff8b4108727e846dcc484967e0a2b
tcn,electrode,101,bandpass_n20002_cRA_LL_covariance_s15,phase2/results/predictions/full/electrode/tcn/seed_101/bandpass_n20002_cRA_LL_covariance_s15.npz,76353,c8d3693c09b0235310732452e6797264d13e44566f644b87a672a7af2f55823d
tcn,electrode,101,bandpass_n20002_cRA_LL_covariance_s10,phase2/results/predictions/full/electrode/tcn/seed_101/bandpass_n20002_cRA_LL_covariance_s10.npz,76320,03e82a16812d673b139fc8f36ad5f9f44209a22f12cba599a245045e853d3806
tcn,electrode,101,bandpass_n20002_cRA_LL_covariance_s5,phase2/results/predictions/full/electrode/tcn/seed_101/bandpass_n20002_cRA_LL_covariance_s5.npz,76146,48faec7cef78282a5dc844aab2e89c4ffb69fd6b3930503ec74423d292223ccd
tcn,electrode,101,bandpass_n20002_cRA_LL_covariance_s0,phase2/results/predictions/full/electrode/tcn/seed_101/bandpass_n20002_cRA_LL_covariance_s0.npz,75840,87e60f79624529a8b09597be8f027413bba14266526db21841f9fac1cbdaf314
tcn,electrode,101,bandpass_n20002_cRA_independent_rms_s20,phase2/results/predictions/full/electrode/tcn/seed_101/bandpass_n20002_cRA_independent_rms_s20.npz,76357,ec1b438d5b5b3c60777a4734daf8c8c3f13c6ff5670c5be4fe0c15dc78b4c45c
tcn,electrode,101,bandpass_n20002_cRA_independent_rms_s15,phase2/results/predictions/full/electrode/tcn/seed_101/bandpass_n20002_cRA_independent_rms_s15.npz,76357,a02ebb61208c9034b29c567841202e70c1c3489341fada30cc027274ff66818c
tcn,electrode,101,bandpass_n20002_cRA_independent_rms_s10,phase2/results/predictions/full/electrode/tcn/seed_101/bandpass_n20002_cRA_independent_rms_s10.npz,76367,f9d699c276b888691c9b724db504750918bf5416518ffdb66f1c702b6d97b162
tcn,electrode,101,bandpass_n20002_cRA_independent_rms_s5,phase2/results/predictions/full/electrode/tcn/seed_101/bandpass_n20002_cRA_independent_rms_s5.npz,76300,6173abdc97274028b841d18adac5b17c415f3e0fe7ae5d3c8e673fd0a20907dd
tcn,electrode,101,bandpass_n20002_cRA_independent_rms_s0,phase2/results/predictions/full/electrode/tcn/seed_101/bandpass_n20002_cRA_independent_rms_s0.npz,76046,d1fedfd90895c7a8f53cf3b1d96adc10f646e3e7cc78aced4f2a54ea99093655
tcn,electrode,101,bandpass_n20002_cRA_electrode_s20,phase2/results/predictions/full/electrode/tcn/seed_101/bandpass_n20002_cRA_electrode_s20.npz,76356,b90070a60a4d2d5635d3a6608b7f72de6d6a06d2bdb680cea29dba95cb3e0c89
tcn,electrode,101,bandpass_n20002_cRA_electrode_s15,phase2/results/predictions/full/electrode/tcn/seed_101/bandpass_n20002_cRA_electrode_s15.npz,76340,104d85d93034c06eceb09fdd2b0418de5b0d7e033b9a33113f55f69d4b1b415b
tcn,electrode,101,bandpass_n20002_cRA_electrode_s10,phase2/results/predictions/full/electrode/tcn/seed_101/bandpass_n20002_cRA_electrode_s10.npz,76296,e521fa936657cb70873e3b98cef6889a3c8bd87d69e500f3f0ffc24ba1d8ea4c
tcn,electrode,101,bandpass_n20002_cRA_electrode_s5,phase2/results/predictions/full/electrode/tcn/seed_101/bandpass_n20002_cRA_electrode_s5.npz,76133,d1c879a198e65a81b13da0485a8d8b3498fbfc75cba454af8a91fefe5da62f17
tcn,electrode,101,bandpass_n20002_cRA_electrode_s0,phase2/results/predictions/full/electrode/tcn/seed_101/bandpass_n20002_cRA_electrode_s0.npz,75913,6e797f77e2975ecbff161484450c22719e9d7418b6d8d4ffdee6ba354a5085b3
tcn,electrode,101,bandpass_n20002_cRA_covariance_s20,phase2/results/predictions/full/electrode/tcn/seed_101/bandpass_n20002_cRA_covariance_s20.npz,76383,d5658061d5336bc955b780e579f97db93989a058b611a46ee514a60eac7b3a95
tcn,electrode,101,bandpass_n20002_cRA_covariance_s15,phase2/results/predictions/full/electrode/tcn/seed_101/bandpass_n20002_cRA_covariance_s15.npz,76359,45e5d7f28c0ef50e73adecbc22c931faa411008c7c605ad2e862d2137f935a6e
tcn,electrode,101,bandpass_n20002_cRA_covariance_s10,phase2/results/predictions/full/electrode/tcn/seed_101/bandpass_n20002_cRA_covariance_s10.npz,76297,81ec3dd6ef8d4555ed74441f007500f1ca9303147a9f239838b6aa774894ea4b
tcn,electrode,101,bandpass_n20002_cRA_covariance_s5,phase2/results/predictions/full/electrode/tcn/seed_101/bandpass_n20002_cRA_covariance_s5.npz,76100,607fdf3fa1faf5111df00ae5fd304f37f7b6ffc75f1c4aecadbe39a13a4a10cb
tcn,electrode,101,bandpass_n20002_cRA_covariance_s0,phase2/results/predictions/full/electrode/tcn/seed_101/bandpass_n20002_cRA_covariance_s0.npz,75905,0b4cbda25adca2256269c4121f6f0a294d05113b879f114b83614cefbbfd10ef
tcn,electrode,101,bandpass_n20002_cLA_independent_rms_s20,phase2/results/predictions/full/electrode/tcn/seed_101/bandpass_n20002_cLA_independent_rms_s20.npz,76395,c3c6eaca107b2b1f294b46fa4ea342c7034af66958105d5556a63112f6051d46
tcn,electrode,101,bandpass_n20002_cLA_independent_rms_s15,phase2/results/predictions/full/electrode/tcn/seed_101/bandpass_n20002_cLA_independent_rms_s15.npz,76372,e0582cf15b8943f1b887d5c263766b7577c4ec4bfc11d83e287abac6682f52da
tcn,electrode,101,bandpass_n20002_cLA_independent_rms_s10,phase2/results/predictions/full/electrode/tcn/seed_101/bandpass_n20002_cLA_independent_rms_s10.npz,76358,a0f16312734890de54b8be8d4ac09f0b7add4c91f3af229257e978b83abe6227
tcn,electrode,101,bandpass_n20002_cLA_independent_rms_s5,phase2/results/predictions/full/electrode/tcn/seed_101/bandpass_n20002_cLA_independent_rms_s5.npz,76259,f2d625945a09850c6fd100fe8d57a212283fab9cd3dc26a823cb25ffe447215e
tcn,electrode,101,bandpass_n20002_cLA_independent_rms_s0,phase2/results/predictions/full/electrode/tcn/seed_101/bandpass_n20002_cLA_independent_rms_s0.npz,75997,4759670b03b5f2beccaa93eeaab836a3877b1c250ede0b80f4dc096e6277c2a7
tcn,electrode,101,bandpass_n20002_cLA_electrode_s20,phase2/results/predictions/full/electrode/tcn/seed_101/bandpass_n20002_cLA_electrode_s20.npz,76358,8839f0f1bb9ffddb284250c5d5c3074f7b127cf4f52abbe1e01ac56f17cbe5ca
tcn,electrode,101,bandpass_n20002_cLA_electrode_s15,phase2/results/predictions/full/electrode/tcn/seed_101/bandpass_n20002_cLA_electrode_s15.npz,76365,de58257f16a192fe71a45658e76d6e5ebb98f97e024ead05ffe8016619cb64d6
tcn,electrode,101,bandpass_n20002_cLA_electrode_s10,phase2/results/predictions/full/electrode/tcn/seed_101/bandpass_n20002_cLA_electrode_s10.npz,76323,e78ea6f0ab6e58666a66242373b9af40f289fc72971de07c8d3b015ce697d18b
tcn,electrode,101,bandpass_n20002_cLA_electrode_s5,phase2/results/predictions/full/electrode/tcn/seed_101/bandpass_n20002_cLA_electrode_s5.npz,76159,ca002847c27cbfcad3a73135432e740984039291bc46a4d6933fe5ddd497f5d0
tcn,electrode,101,bandpass_n20002_cLA_electrode_s0,phase2/results/predictions/full/electrode/tcn/seed_101/bandpass_n20002_cLA_electrode_s0.npz,75854,1cd3f3def4131cc5a6cfe70c8d723842c44b22de50aefbeca8dcd8ec32300bbe
tcn,electrode,101,bandpass_n20002_cLA_covariance_s20,phase2/results/predictions/full/electrode/tcn/seed_101/bandpass_n20002_cLA_covariance_s20.npz,76390,3a1d8429f6ce9e10c6de77ce2cc89bfe045d84e4ce0bc9069780167cc92f6f3b
tcn,electrode,101,bandpass_n20002_cLA_covariance_s15,phase2/results/predictions/full/electrode/tcn/seed_101/bandpass_n20002_cLA_covariance_s15.npz,76388,8dde86988d97a5823b499e3abc12d73937775af75065f4b8a6ac30880488b90d
tcn,electrode,101,bandpass_n20002_cLA_covariance_s10,phase2/results/predictions/full/electrode/tcn/seed_101/bandpass_n20002_cLA_covariance_s10.npz,76342,0ce8f792137e7b9004ad33869d77f0d715de9e9766eb6bf72a6f91599b093648
tcn,electrode,101,bandpass_n20002_cLA_covariance_s5,phase2/results/predictions/full/electrode/tcn/seed_101/bandpass_n20002_cLA_covariance_s5.npz,76218,3453d27ba4c925a1bf4998cd75ddc29c7f0ed53b6f7e22ad39cc1cff5d078fd4
tcn,electrode,101,bandpass_n20002_cLA_covariance_s0,phase2/results/predictions/full/electrode/tcn/seed_101/bandpass_n20002_cLA_covariance_s0.npz,75851,b8b3594ea4189f5d3fe7ca59d0923d3487164890c21df32e0ea36a51d55552db
tcn,electrode,101,bandpass_n20002_cLL_independent_rms_s20,phase2/results/predictions/full/electrode/tcn/seed_101/bandpass_n20002_cLL_independent_rms_s20.npz,76413,63704694a7118445643ef10bc041ce2952ad265868a3e0565b6ab9e6c62f8c6e
tcn,electrode,101,bandpass_n20002_cLL_independent_rms_s15,phase2/results/predictions/full/electrode/tcn/seed_101/bandpass_n20002_cLL_independent_rms_s15.npz,76374,1e44673a5c2639999c1b23416f5a438213153985c933f1805adc544966e0404f
tcn,electrode,101,bandpass_n20002_cLL_independent_rms_s10,phase2/results/predictions/full/electrode/tcn/seed_101/bandpass_n20002_cLL_independent_rms_s10.npz,76362,ad420d35b5237cdebdf51827488f52e7b2d2a6f383eb7033ec753292913d6ee4
tcn,electrode,101,bandpass_n20002_cLL_independent_rms_s5,phase2/results/predictions/full/electrode/tcn/seed_101/bandpass_n20002_cLL_independent_rms_s5.npz,76249,ebcc7ec7304d830fbf99ec2832851be0cae25ba8bfffb5eb21c30db44bc5fa09
tcn,electrode,101,bandpass_n20002_cLL_independent_rms_s0,phase2/results/predictions/full/electrode/tcn/seed_101/bandpass_n20002_cLL_independent_rms_s0.npz,76017,e8cf85f56f3a9dedd3e748773e8e3a4029a71cb4f724e12dea5974ec593c162c
tcn,electrode,101,bandpass_n20002_cLL_electrode_s20,phase2/results/predictions/full/electrode/tcn/seed_101/bandpass_n20002_cLL_electrode_s20.npz,76370,a6999b2e7e4b7c1d09882124a5431a897684b37bcbda0c1f703f605f183cff28
tcn,electrode,101,bandpass_n20002_cLL_electrode_s15,phase2/results/predictions/full/electrode/tcn/seed_101/bandpass_n20002_cLL_electrode_s15.npz,76373,a40d7774584d259f80860bc85603593d64be37d5f37a12e3891acf66661c39ea
tcn,electrode,101,bandpass_n20002_cLL_electrode_s10,phase2/results/predictions/full/electrode/tcn/seed_101/bandpass_n20002_cLL_electrode_s10.npz,76349,fb272d67105a4ca64510487565c27f04f24c5b38e4edb62115700f28f96749c9
tcn,electrode,101,bandpass_n20002_cLL_electrode_s5,phase2/results/predictions/full/electrode/tcn/seed_101/bandpass_n20002_cLL_electrode_s5.npz,76197,58c1ab23e0c27e0cad78757a29e17f5ef1cc9153af630dd81255b195b1a817cd
tcn,electrode,101,bandpass_n20002_cLL_electrode_s0,phase2/results/predictions/full/electrode/tcn/seed_101/bandpass_n20002_cLL_electrode_s0.npz,75919,4467c08fadd1e837e667b3b626aca20eae7361e942051bcb16c3ef7c47e061e5
tcn,electrode,101,bandpass_n20002_cLL_covariance_s20,phase2/results/predictions/full/electrode/tcn/seed_101/bandpass_n20002_cLL_covariance_s20.npz,76379,fba8cf776b7e351d6d8520f0bec0f436f908abdaea5dde983f5963ded2ae75e0
tcn,electrode,101,bandpass_n20002_cLL_covariance_s15,phase2/results/predictions/full/electrode/tcn/seed_101/bandpass_n20002_cLL_covariance_s15.npz,76340,2ce03115623b9ce1c4076408a33a06a58aa776830ffbf75be6a601adb8f6a208
tcn,electrode,101,bandpass_n20002_cLL_covariance_s10,phase2/results/predictions/full/electrode/tcn/seed_101/bandpass_n20002_cLL_covariance_s10.npz,76378,42e0d61235454d9d859d9a3e43d5e973cb4050c2aeef57e62c79640b49bd122d
tcn,electrode,101,bandpass_n20002_cLL_covariance_s5,phase2/results/predictions/full/electrode/tcn/seed_101/bandpass_n20002_cLL_covariance_s5.npz,76186,705ae43f62f864070c849765cb27c631fa0de9eafa9b228eb697534ed95626a2
tcn,electrode,101,bandpass_n20002_cLL_covariance_s0,phase2/results/predictions/full/electrode/tcn/seed_101/bandpass_n20002_cLL_covariance_s0.npz,75883,66933f6e65bcb0ba6319143e6cdc64bfac0ad72be90c306862294314d5cb7991
tcn,electrode,101,bandpass_n20002_cRA_V1_independent_rms_s20,phase2/results/predictions/full/electrode/tcn/seed_101/bandpass_n20002_cRA_V1_independent_rms_s20.npz,76404,8be67044e53080059925591853c127984737fbcc5212d6c9ab054580c0ba0ef1
tcn,electrode,101,bandpass_n20002_cRA_V1_independent_rms_s15,phase2/results/predictions/full/electrode/tcn/seed_101/bandpass_n20002_cRA_V1_independent_rms_s15.npz,76411,13bb6f3078e61b7e89738de54be013c8f5ff6b6731ef70ee6e19451b2df444a2
tcn,electrode,101,bandpass_n20002_cRA_V1_independent_rms_s10,phase2/results/predictions/full/electrode/tcn/seed_101/bandpass_n20002_cRA_V1_independent_rms_s10.npz,76374,6df38893047ad7c70ba50c0394bbea2f39737c12bb2222fc18c22923c95fa073
tcn,electrode,101,bandpass_n20002_cRA_V1_independent_rms_s5,phase2/results/predictions/full/electrode/tcn/seed_101/bandpass_n20002_cRA_V1_independent_rms_s5.npz,76290,bfbc81fecccf3e5f5697895719c8baf7d423217b410ee55955fa8bdbbf762e7a
tcn,electrode,101,bandpass_n20002_cRA_V1_independent_rms_s0,phase2/results/predictions/full/electrode/tcn/seed_101/bandpass_n20002_cRA_V1_independent_rms_s0.npz,76015,bf3e4c3937a54351170a02cab8d66acb539fbf10be91eb49655bfef7969f954a
tcn,electrode,101,bandpass_n20002_cRA_V1_electrode_s20,phase2/results/predictions/full/electrode/tcn/seed_101/bandpass_n20002_cRA_V1_electrode_s20.npz,76370,c8fcadff018a1c371db5173edbcdb74625086efe625ead90d20255cfd4a3de4f
tcn,electrode,101,bandpass_n20002_cRA_V1_electrode_s15,phase2/results/predictions/full/electrode/tcn/seed_101/bandpass_n20002_cRA_V1_electrode_s15.npz,76377,c1619235e954de855835ebff34f4ba7f86e595abb16069f93b1bfda614ca9834
tcn,electrode,101,bandpass_n20002_cRA_V1_electrode_s10,phase2/results/predictions/full/electrode/tcn/seed_101/bandpass_n20002_cRA_V1_electrode_s10.npz,76283,0e91d16c8756aa3d848d6ecb784ed4f7316efb0e53e29f251c8c423fc8fa07da
tcn,electrode,101,bandpass_n20002_cRA_V1_electrode_s5,phase2/results/predictions/full/electrode/tcn/seed_101/bandpass_n20002_cRA_V1_electrode_s5.npz,76181,eaf92ae5ef44b3ae45b55f4c1bbb5947e659de5de66795e6bfeafa5f0b93fcae
tcn,electrode,101,bandpass_n20002_cRA_V1_electrode_s0,phase2/results/predictions/full/electrode/tcn/seed_101/bandpass_n20002_cRA_V1_electrode_s0.npz,75877,5e1e9bad33c90b732e37cbfce7483b54122178e4d89fe50f815fe5c648cd8103
tcn,electrode,101,bandpass_n20002_cRA_V1_covariance_s20,phase2/results/predictions/full/electrode/tcn/seed_101/bandpass_n20002_cRA_V1_covariance_s20.npz,76408,6358858636982c47cc271449a986980872a473ba343eaf926b965ff4a186bed2
tcn,electrode,101,bandpass_n20002_cRA_V1_covariance_s15,phase2/results/predictions/full/electrode/tcn/seed_101/bandpass_n20002_cRA_V1_covariance_s15.npz,76400,dd7faab2dc94f2197cde8c4d88b7c833476348572843c30c59b1847933c54d50
tcn,electrode,101,bandpass_n20002_cRA_V1_covariance_s10,phase2/results/predictions/full/electrode/tcn/seed_101/bandpass_n20002_cRA_V1_covariance_s10.npz,76340,af88c1eb4e8e0cbf61b88f40168c34bdbeefd810e5c0e025dfd51c17e48a994c
tcn,electrode,101,bandpass_n20002_cRA_V1_covariance_s5,phase2/results/predictions/full/electrode/tcn/seed_101/bandpass_n20002_cRA_V1_covariance_s5.npz,76133,ee3fdb4a4b1fde37d19cafc59218879f4d9dede54aad318e141e6abb63a6781e
tcn,electrode,101,bandpass_n20002_cRA_V1_covariance_s0,phase2/results/predictions/full/electrode/tcn/seed_101/bandpass_n20002_cRA_V1_covariance_s0.npz,75832,4541bc6d550c633467a21dc022076137885009cf2b9d83e45a0d96a0f3579572
tcn,electrode,101,bandpass_n20002_cLA_V6_independent_rms_s20,phase2/results/predictions/full/electrode/tcn/seed_101/bandpass_n20002_cLA_V6_independent_rms_s20.npz,76398,469dbceb4553b8d94fdd7bd4826b200f6063d10af12bc21f53c726633673edfc
tcn,electrode,101,bandpass_n20002_cLA_V6_independent_rms_s15,phase2/results/predictions/full/electrode/tcn/seed_101/bandpass_n20002_cLA_V6_independent_rms_s15.npz,76403,3627aabd1c180140e2075130cbb918a2d3a227829b5b683a7160fd94bdcfb95d
tcn,electrode,101,bandpass_n20002_cLA_V6_independent_rms_s10,phase2/results/predictions/full/electrode/tcn/seed_101/bandpass_n20002_cLA_V6_independent_rms_s10.npz,76377,4b6c4d94fc7ae828fc72cd97f05647bc8be590d76613c5d04368b55757bb8a28
tcn,electrode,101,bandpass_n20002_cLA_V6_independent_rms_s5,phase2/results/predictions/full/electrode/tcn/seed_101/bandpass_n20002_cLA_V6_independent_rms_s5.npz,76289,24068c74a95ec1f4c0ae8c1a9e0aed382fbb65f221aa1c528b0c67caee1c47b9
tcn,electrode,101,bandpass_n20002_cLA_V6_independent_rms_s0,phase2/results/predictions/full/electrode/tcn/seed_101/bandpass_n20002_cLA_V6_independent_rms_s0.npz,76038,3c40374cdfc79f1367df76a098fa63ec04c775ae56f9d242da24ac73b298e1c6
tcn,electrode,101,bandpass_n20002_cLA_V6_electrode_s20,phase2/results/predictions/full/electrode/tcn/seed_101/bandpass_n20002_cLA_V6_electrode_s20.npz,76356,7f03dd9c400f3536181caa947e0402974f1cd6aef5738ab5593fec8fd563608f
tcn,electrode,101,bandpass_n20002_cLA_V6_electrode_s15,phase2/results/predictions/full/electrode/tcn/seed_101/bandpass_n20002_cLA_V6_electrode_s15.npz,76350,c42e45dba184b57f757e989a70a518cc9e94b67fff5742830321c8b78e4cea5a
tcn,electrode,101,bandpass_n20002_cLA_V6_electrode_s10,phase2/results/predictions/full/electrode/tcn/seed_101/bandpass_n20002_cLA_V6_electrode_s10.npz,76369,265537c88c9d804e2ec1fcb909a1598670d8dfe79741038f0832bf838e473802
tcn,electrode,101,bandpass_n20002_cLA_V6_electrode_s5,phase2/results/predictions/full/electrode/tcn/seed_101/bandpass_n20002_cLA_V6_electrode_s5.npz,76225,db904874e28eb71904af8888d279a78e7677fe1638349a83c957c487af0d5dcf
tcn,electrode,101,bandpass_n20002_cLA_V6_electrode_s0,phase2/results/predictions/full/electrode/tcn/seed_101/bandpass_n20002_cLA_V6_electrode_s0.npz,75864,23f7db62499557def5e90a3245e69c1ccf3f4edd7cbbe555c7c82e26621b2866
tcn,electrode,101,bandpass_n20002_cLA_V6_covariance_s20,phase2/results/predictions/full/electrode/tcn/seed_101/bandpass_n20002_cLA_V6_covariance_s20.npz,76406,6bc3f5c67eda9ade42557d46e304e90af634af556294b857a1c8c4abdb4cb9e1
tcn,electrode,101,bandpass_n20002_cLA_V6_covariance_s15,phase2/results/predictions/full/electrode/tcn/seed_101/bandpass_n20002_cLA_V6_covariance_s15.npz,76404,59b9763284216c32c2380f63ebceec61f6f76e341d51b8904c13953fa605501e
tcn,electrode,101,bandpass_n20002_cLA_V6_covariance_s10,phase2/results/predictions/full/electrode/tcn/seed_101/bandpass_n20002_cLA_V6_covariance_s10.npz,76361,7cec584f6e957c67554cd08a80a99286813afbec51c912ac4245541510e64aca
tcn,electrode,101,bandpass_n20002_cLA_V6_covariance_s5,phase2/results/predictions/full/electrode/tcn/seed_101/bandpass_n20002_cLA_V6_covariance_s5.npz,76229,85526ae04aa77207ef3fc047ae0799352d309f7490b5d4257b5ba3d914c41392
tcn,electrode,101,bandpass_n20002_cLA_V6_covariance_s0,phase2/results/predictions/full/electrode/tcn/seed_101/bandpass_n20002_cLA_V6_covariance_s0.npz,75918,7ef36c0648f1a0ca76132164b1bddbc39a1eaf02ec915be0cca5fa771f2656e0
tcn,electrode,101,bandpass_n20002_cLL_V4_independent_rms_s20,phase2/results/predictions/full/electrode/tcn/seed_101/bandpass_n20002_cLL_V4_independent_rms_s20.npz,76415,2315f9a1a2d5efcc84b3884a6f17d53e36afe46ca772c8a22a592ec05b0d822b
tcn,electrode,101,bandpass_n20002_cLL_V4_independent_rms_s15,phase2/results/predictions/full/electrode/tcn/seed_101/bandpass_n20002_cLL_V4_independent_rms_s15.npz,76398,a38ff977450958df3f3df5e1e50d041e48f41407471302048b48749dcbe54008
tcn,electrode,101,bandpass_n20002_cLL_V4_independent_rms_s10,phase2/results/predictions/full/electrode/tcn/seed_101/bandpass_n20002_cLL_V4_independent_rms_s10.npz,76386,0ea4c1d96c2a78c60ba8224d2f046cdc3ea12e3a26d9a6fb9c138914d32656a4
tcn,electrode,101,bandpass_n20002_cLL_V4_independent_rms_s5,phase2/results/predictions/full/electrode/tcn/seed_101/bandpass_n20002_cLL_V4_independent_rms_s5.npz,76300,8e7c800640e85b54496fd0bf37a77b87258e83ac79956156a1f8c40231045101
tcn,electrode,101,bandpass_n20002_cLL_V4_independent_rms_s0,phase2/results/predictions/full/electrode/tcn/seed_101/bandpass_n20002_cLL_V4_independent_rms_s0.npz,76022,4b001f38c6fc74f89ea4b8e7d2238fd1c5406c67f9ac7a3629aa9ad7f3f17ea2
tcn,electrode,101,bandpass_n20002_cLL_V4_electrode_s20,phase2/results/predictions/full/electrode/tcn/seed_101/bandpass_n20002_cLL_V4_electrode_s20.npz,76399,6cb9b1b1d4f3ac597d3ecbe6932b4c5b1c6dee75fd40846b429926486b665ac1
tcn,electrode,101,bandpass_n20002_cLL_V4_electrode_s15,phase2/results/predictions/full/electrode/tcn/seed_101/bandpass_n20002_cLL_V4_electrode_s15.npz,76363,f489728e407f171e1fbb2d405617704c35c3dc031af3c0dc128f82c8f656d445
tcn,electrode,101,bandpass_n20002_cLL_V4_electrode_s10,phase2/results/predictions/full/electrode/tcn/seed_101/bandpass_n20002_cLL_V4_electrode_s10.npz,76334,f1787ad51d44ebcdcb1a29641c296d188f1391bdf80c4f2e96ff727ee80d6a80
tcn,electrode,101,bandpass_n20002_cLL_V4_electrode_s5,phase2/results/predictions/full/electrode/tcn/seed_101/bandpass_n20002_cLL_V4_electrode_s5.npz,76221,9ec7a6a815cc8904eabc37861c5cd5e5dac3bb06bb9a0525bf168506c6fc490d
tcn,electrode,101,bandpass_n20002_cLL_V4_electrode_s0,phase2/results/predictions/full/electrode/tcn/seed_101/bandpass_n20002_cLL_V4_electrode_s0.npz,75926,37f1cda3b06497b9ed769cdbcd4c6c8d45c73175343ca8bfed4dbda6ad88e6ca
tcn,electrode,101,bandpass_n20002_cLL_V4_covariance_s20,phase2/results/predictions/full/electrode/tcn/seed_101/bandpass_n20002_cLL_V4_covariance_s20.npz,76374,c35fcf9a2f77fe8114050b493475df95e6a80b0a5663821ee07fd93603e48227
tcn,electrode,101,bandpass_n20002_cLL_V4_covariance_s15,phase2/results/predictions/full/electrode/tcn/seed_101/bandpass_n20002_cLL_V4_covariance_s15.npz,76369,e329f797c0a9664a4e77796c53d7694e3ba5eab30c0efa010ba9a0ce3b7dbcb3
tcn,electrode,101,bandpass_n20002_cLL_V4_covariance_s10,phase2/results/predictions/full/electrode/tcn/seed_101/bandpass_n20002_cLL_V4_covariance_s10.npz,76379,b5f4921e49dd1af564900cc9e63a78b83420a3391262e761cb48ffd7230bddca
tcn,electrode,101,bandpass_n20002_cLL_V4_covariance_s5,phase2/results/predictions/full/electrode/tcn/seed_101/bandpass_n20002_cLL_V4_covariance_s5.npz,76250,731e8c94687e760d92c1fbc468d71701e7cb7bcc2047c43a0194afe17102ddf1
tcn,electrode,101,bandpass_n20002_cLL_V4_covariance_s0,phase2/results/predictions/full/electrode/tcn/seed_101/bandpass_n20002_cLL_V4_covariance_s0.npz,75927,616c59f8d75ab3c6d2a201d9c728fb10255f540d04ffe0f73702115756c5d973
tcn,electrode,101,bandpass_n20002_cRA_LA_V1_V6_independent_rms_s20,phase2/results/predictions/full/electrode/tcn/seed_101/bandpass_n20002_cRA_LA_V1_V6_independent_rms_s20.npz,76431,6f7b9ea5626744317124f822700884b3de4892f6c107d67bd8b6c1c86662007e
tcn,electrode,101,bandpass_n20002_cRA_LA_V1_V6_independent_rms_s15,phase2/results/predictions/full/electrode/tcn/seed_101/bandpass_n20002_cRA_LA_V1_V6_independent_rms_s15.npz,76418,bca0ca3a610ac418e3c07c6790a1657e7ca275120ebebb858e9e934ffe2abb2c
tcn,electrode,101,bandpass_n20002_cRA_LA_V1_V6_independent_rms_s10,phase2/results/predictions/full/electrode/tcn/seed_101/bandpass_n20002_cRA_LA_V1_V6_independent_rms_s10.npz,76400,7cc36aca596a5feba8fc28ee31b4cd95c4bcd53a4d0b652c109fa0a3397441d6
tcn,electrode,101,bandpass_n20002_cRA_LA_V1_V6_independent_rms_s5,phase2/results/predictions/full/electrode/tcn/seed_101/bandpass_n20002_cRA_LA_V1_V6_independent_rms_s5.npz,76317,14e1524de5682d44cfaf5971061a96ea50d6435ded7596490bf5371e93be6b42
tcn,electrode,101,bandpass_n20002_cRA_LA_V1_V6_independent_rms_s0,phase2/results/predictions/full/electrode/tcn/seed_101/bandpass_n20002_cRA_LA_V1_V6_independent_rms_s0.npz,76061,306ded9462784975d183d7454a793556de9647a68a5aff0208fc5864d5fd0de4
tcn,electrode,101,bandpass_n20002_cRA_LA_V1_V6_electrode_s20,phase2/results/predictions/full/electrode/tcn/seed_101/bandpass_n20002_cRA_LA_V1_V6_electrode_s20.npz,76387,feeed62b5ac720f2eb7ca1e273da3869d5f69de5fd1d1a2076bb61d9e3ed108c
tcn,electrode,101,bandpass_n20002_cRA_LA_V1_V6_electrode_s15,phase2/results/predictions/full/electrode/tcn/seed_101/bandpass_n20002_cRA_LA_V1_V6_electrode_s15.npz,76412,d3aff1c7fe758b1c9b4373b7e0e7d33a8fd69953e285d9de8f35d88ad2975454
tcn,electrode,101,bandpass_n20002_cRA_LA_V1_V6_electrode_s10,phase2/results/predictions/full/electrode/tcn/seed_101/bandpass_n20002_cRA_LA_V1_V6_electrode_s10.npz,76341,574954fa208a51d62a57ec0b2888d54160934303f4d4b9738d020a10cc55266f
tcn,electrode,101,bandpass_n20002_cRA_LA_V1_V6_electrode_s5,phase2/results/predictions/full/electrode/tcn/seed_101/bandpass_n20002_cRA_LA_V1_V6_electrode_s5.npz,76194,d86a1f7839b22d8998b9dbfe97cc05046d3a45785291e43795c5f0f20c76d1f2
tcn,electrode,101,bandpass_n20002_cRA_LA_V1_V6_electrode_s0,phase2/results/predictions/full/electrode/tcn/seed_101/bandpass_n20002_cRA_LA_V1_V6_electrode_s0.npz,75851,bacea5f59e40dab04773969a47d0ccf9bc48171f71a38a976df7712c44413f56
tcn,electrode,101,bandpass_n20002_cRA_LA_V1_V6_covariance_s20,phase2/results/predictions/full/electrode/tcn/seed_101/bandpass_n20002_cRA_LA_V1_V6_covariance_s20.npz,76429,1eca38af98281b228993844a38a463abf5eaf48f6dca40471d4e683d75ec0e3f
tcn,electrode,101,bandpass_n20002_cRA_LA_V1_V6_covariance_s15,phase2/results/predictions/full/electrode/tcn/seed_101/bandpass_n20002_cRA_LA_V1_V6_covariance_s15.npz,76387,7e16a6cbc858d91d262241ad0b3618f7385941b4be3b1650067e12db8b13bc8b
tcn,electrode,101,bandpass_n20002_cRA_LA_V1_V6_covariance_s10,phase2/results/predictions/full/electrode/tcn/seed_101/bandpass_n20002_cRA_LA_V1_V6_covariance_s10.npz,76370,4902bde4ff7a247ecaf8c271e73af8e3cf2ce99b4005aef37c1518558fb7de9d
tcn,electrode,101,bandpass_n20002_cRA_LA_V1_V6_covariance_s5,phase2/results/predictions/full/electrode/tcn/seed_101/bandpass_n20002_cRA_LA_V1_V6_covariance_s5.npz,76194,b8a4727e4e9d0119f94917fd4fdbd36376575e96310e087b4eef17039ee25b41
tcn,electrode,101,bandpass_n20002_cRA_LA_V1_V6_covariance_s0,phase2/results/predictions/full/electrode/tcn/seed_101/bandpass_n20002_cRA_LA_V1_V6_covariance_s0.npz,75848,4e9f3702b21c9627fde18d94a63600efab63aee8e1eff8d4e289c76d724d11c4
tcn,electrode,101,bandpass_n20002_cRA_V2_V5_independent_rms_s20,phase2/results/predictions/full/electrode/tcn/seed_101/bandpass_n20002_cRA_V2_V5_independent_rms_s20.npz,76382,3b1aaf061fcc567a8919eca73b5411a46c0a47b374d0d8bb8520f0ed26a8fbf9
tcn,electrode,101,bandpass_n20002_cRA_V2_V5_independent_rms_s15,phase2/results/predictions/full/electrode/tcn/seed_101/bandpass_n20002_cRA_V2_V5_independent_rms_s15.npz,76360,8740b379296a6617067b220ab624865fa12dc7d68b47efbd1ae96a23d938bbb2
tcn,electrode,101,bandpass_n20002_cRA_V2_V5_independent_rms_s10,phase2/results/predictions/full/electrode/tcn/seed_101/bandpass_n20002_cRA_V2_V5_independent_rms_s10.npz,76410,3eb36022b03b9a069d1d59a270a450956ef0f2ef50aed86b0be2e778485bad2c
tcn,electrode,101,bandpass_n20002_cRA_V2_V5_independent_rms_s5,phase2/results/predictions/full/electrode/tcn/seed_101/bandpass_n20002_cRA_V2_V5_independent_rms_s5.npz,76302,5666b5f864d73e3d16e4355c6708a1fc8da60eac836d994286a8e83016529d42
tcn,electrode,101,bandpass_n20002_cRA_V2_V5_independent_rms_s0,phase2/results/predictions/full/electrode/tcn/seed_101/bandpass_n20002_cRA_V2_V5_independent_rms_s0.npz,76077,c570cc058e44c8ff2de5d019ed0434b8c909c3fc01a9cf84d9b2642a25b5d6fe
tcn,electrode,101,bandpass_n20002_cRA_V2_V5_electrode_s20,phase2/results/predictions/full/electrode/tcn/seed_101/bandpass_n20002_cRA_V2_V5_electrode_s20.npz,76353,96d7d28e9a19a80395ae8fb84566b9f3f22d51d2509c18458933e143287edf03
tcn,electrode,101,bandpass_n20002_cRA_V2_V5_electrode_s15,phase2/results/predictions/full/electrode/tcn/seed_101/bandpass_n20002_cRA_V2_V5_electrode_s15.npz,76381,abf6ce047abf4459d3f61fb54ce953cc11c0185fa96fae9c0dccbdcb1bb7e844
tcn,electrode,101,bandpass_n20002_cRA_V2_V5_electrode_s10,phase2/results/predictions/full/electrode/tcn/seed_101/bandpass_n20002_cRA_V2_V5_electrode_s10.npz,76330,24ab9af6daaff38e6ad55b58bb3aac18103d6ea1f11748cc663079ae1187bdec
tcn,electrode,101,bandpass_n20002_cRA_V2_V5_electrode_s5,phase2/results/predictions/full/electrode/tcn/seed_101/bandpass_n20002_cRA_V2_V5_electrode_s5.npz,76154,d4df28b1fa44f930ae068c28adedd304f09f0c5452b9820b04fe85a5d4f5d244
tcn,electrode,101,bandpass_n20002_cRA_V2_V5_electrode_s0,phase2/results/predictions/full/electrode/tcn/seed_101/bandpass_n20002_cRA_V2_V5_electrode_s0.npz,75889,80bfa457a6cfda3339b05147f6d105ea6799db794a27b2de94c95d2a45daa500
tcn,electrode,101,bandpass_n20002_cRA_V2_V5_covariance_s20,phase2/results/predictions/full/electrode/tcn/seed_101/bandpass_n20002_cRA_V2_V5_covariance_s20.npz,76396,14500eeb82d33d385f2d9ec5c82c34f9a123602b171b4de62e3f072463ccab99
tcn,electrode,101,bandpass_n20002_cRA_V2_V5_covariance_s15,phase2/results/predictions/full/electrode/tcn/seed_101/bandpass_n20002_cRA_V2_V5_covariance_s15.npz,76360,d33435099b426f908e5d02c3b34a047008a03cef46244303654994cff85fbbea
tcn,electrode,101,bandpass_n20002_cRA_V2_V5_covariance_s10,phase2/results/predictions/full/electrode/tcn/seed_101/bandpass_n20002_cRA_V2_V5_covariance_s10.npz,76337,50becfd6604ba536042a556717d65f29ab3bf8306b200fe3a1cbe64d5278a264
tcn,electrode,101,bandpass_n20002_cRA_V2_V5_covariance_s5,phase2/results/predictions/full/electrode/tcn/seed_101/bandpass_n20002_cRA_V2_V5_covariance_s5.npz,76172,8e4173894b640de254f3cf0e758875332c77c4559c7941249434d439fb68f7a1
tcn,electrode,101,bandpass_n20002_cRA_V2_V5_covariance_s0,phase2/results/predictions/full/electrode/tcn/seed_101/bandpass_n20002_cRA_V2_V5_covariance_s0.npz,75907,aff5752311ab151cd0f8244c42dfd8024e748b097c83df030aa0e278de88e887
tcn,electrode,101,bandpass_n20002_cLA_V3_V6_independent_rms_s20,phase2/results/predictions/full/electrode/tcn/seed_101/bandpass_n20002_cLA_V3_V6_independent_rms_s20.npz,76423,7e9e335465b5b978e0a3e46672b42a59f9fe4c99648c7444f55d1a2893906b6d
tcn,electrode,101,bandpass_n20002_cLA_V3_V6_independent_rms_s15,phase2/results/predictions/full/electrode/tcn/seed_101/bandpass_n20002_cLA_V3_V6_independent_rms_s15.npz,76374,18e3e72f43a52393a1d8c65fab9df5aa6ccd2c1da3e7e9fcbe5cacb79d35ab2a
tcn,electrode,101,bandpass_n20002_cLA_V3_V6_independent_rms_s10,phase2/results/predictions/full/electrode/tcn/seed_101/bandpass_n20002_cLA_V3_V6_independent_rms_s10.npz,76364,e0039371baf61183e16b69aa12a268f1710f26a347d655c72dab13d2995b27d3
tcn,electrode,101,bandpass_n20002_cLA_V3_V6_independent_rms_s5,phase2/results/predictions/full/electrode/tcn/seed_101/bandpass_n20002_cLA_V3_V6_independent_rms_s5.npz,76283,f3d508005a96561fe65f9e9721f673eacb78c0afa338dc1b068f849b46902303
tcn,electrode,101,bandpass_n20002_cLA_V3_V6_independent_rms_s0,phase2/results/predictions/full/electrode/tcn/seed_101/bandpass_n20002_cLA_V3_V6_independent_rms_s0.npz,76030,f49f1369b2205aa3b848eff6a28736974880b1d92828f0a545eb2805f2039106
tcn,electrode,101,bandpass_n20002_cLA_V3_V6_electrode_s20,phase2/results/predictions/full/electrode/tcn/seed_101/bandpass_n20002_cLA_V3_V6_electrode_s20.npz,76434,250f276c5a863f90c6530075cd1b25b00a5a4bcccd61799f1e0d1f5a39649f7f
tcn,electrode,101,bandpass_n20002_cLA_V3_V6_electrode_s15,phase2/results/predictions/full/electrode/tcn/seed_101/bandpass_n20002_cLA_V3_V6_electrode_s15.npz,76382,32f1e85c5107900dd365da6edd24cc0a1ad2c2c165999b4dbce62199edbdca19
tcn,electrode,101,bandpass_n20002_cLA_V3_V6_electrode_s10,phase2/results/predictions/full/electrode/tcn/seed_101/bandpass_n20002_cLA_V3_V6_electrode_s10.npz,76363,cfd6de4d87975cebddcc08b0265ecf66c23ddee7a4a0f9d02ddc4d07ecfcdc6d
tcn,electrode,101,bandpass_n20002_cLA_V3_V6_electrode_s5,phase2/results/predictions/full/electrode/tcn/seed_101/bandpass_n20002_cLA_V3_V6_electrode_s5.npz,76219,9e604a894a37ddc917625972e62729c3f9399b26e44ac2901e83243a6004d5e0
tcn,electrode,101,bandpass_n20002_cLA_V3_V6_electrode_s0,phase2/results/predictions/full/electrode/tcn/seed_101/bandpass_n20002_cLA_V3_V6_electrode_s0.npz,75914,403d53bfafacb6fd28c28795daf61b07d9fe92eb9a4b8dc623aafd63408858d0
tcn,electrode,101,bandpass_n20002_cLA_V3_V6_covariance_s20,phase2/results/predictions/full/electrode/tcn/seed_101/bandpass_n20002_cLA_V3_V6_covariance_s20.npz,76391,aa6b305b31e5519bcbd78070db420442208f24a3c20e209c5c302b8d3661b416
tcn,electrode,101,bandpass_n20002_cLA_V3_V6_covariance_s15,phase2/results/predictions/full/electrode/tcn/seed_101/bandpass_n20002_cLA_V3_V6_covariance_s15.npz,76393,8e96d848b6d2c55cb2f45dba1addb12786910e03a30b0f96efe01ee17d0accdd
tcn,electrode,101,bandpass_n20002_cLA_V3_V6_covariance_s10,phase2/results/predictions/full/electrode/tcn/seed_101/bandpass_n20002_cLA_V3_V6_covariance_s10.npz,76364,4a2810a9e8f2d7dfc1c3fa3151b779bdb988405a25c82e9f9fffe255d6e1d83f
tcn,electrode,101,bandpass_n20002_cLA_V3_V6_covariance_s5,phase2/results/predictions/full/electrode/tcn/seed_101/bandpass_n20002_cLA_V3_V6_covariance_s5.npz,76208,d8a605901c697d9c7c89f2e39601e5d078fd58c1462946af267726ad46349c80
tcn,electrode,101,bandpass_n20002_cLA_V3_V6_covariance_s0,phase2/results/predictions/full/electrode/tcn/seed_101/bandpass_n20002_cLA_V3_V6_covariance_s0.npz,75927,cd1402818519fbefa5526493aa60dc5c6a631f3c418ced742bc5b6ed6910338f
tcn,electrode,101,bandpass_n20002_cLL_V1_V4_independent_rms_s20,phase2/results/predictions/full/electrode/tcn/seed_101/bandpass_n20002_cLL_V1_V4_independent_rms_s20.npz,76416,e1e01254749ba77c8455964bb7c2e3b868c040f95312e370b14904e23aba794a
tcn,electrode,101,bandpass_n20002_cLL_V1_V4_independent_rms_s15,phase2/results/predictions/full/electrode/tcn/seed_101/bandpass_n20002_cLL_V1_V4_independent_rms_s15.npz,76409,7dfdf377cd5f9d36048c7aec8a20aa43b9b767b425a71e66103899ab297928c0
tcn,electrode,101,bandpass_n20002_cLL_V1_V4_independent_rms_s10,phase2/results/predictions/full/electrode/tcn/seed_101/bandpass_n20002_cLL_V1_V4_independent_rms_s10.npz,76379,cf3f19de01cae11ee4f7d3c55f4c47d7b975e05f897881b8a9f37c308785e44a
tcn,electrode,101,bandpass_n20002_cLL_V1_V4_independent_rms_s5,phase2/results/predictions/full/electrode/tcn/seed_101/bandpass_n20002_cLL_V1_V4_independent_rms_s5.npz,76268,6fa0f1850474ed453093e3979379d2e7b6d2aaf32c07e1e62b64fc7d4ada10f0
tcn,electrode,101,bandpass_n20002_cLL_V1_V4_independent_rms_s0,phase2/results/predictions/full/electrode/tcn/seed_101/bandpass_n20002_cLL_V1_V4_independent_rms_s0.npz,76008,e42bfd06f7820b1d17b98fdc8f6b6f688d65bdb9afe389b85ffd1fbea9302b84
tcn,electrode,101,bandpass_n20002_cLL_V1_V4_electrode_s20,phase2/results/predictions/full/electrode/tcn/seed_101/bandpass_n20002_cLL_V1_V4_electrode_s20.npz,76388,f4ccc2f729f971ed8b410b835d7c13ace64a7efbf9af27e5b4bf4116092c25f2
tcn,electrode,101,bandpass_n20002_cLL_V1_V4_electrode_s15,phase2/results/predictions/full/electrode/tcn/seed_101/bandpass_n20002_cLL_V1_V4_electrode_s15.npz,76357,64ce769837019cca8de5d985fe92ba9a394dd41047ccd09cc1fb20b8287d8778
tcn,electrode,101,bandpass_n20002_cLL_V1_V4_electrode_s10,phase2/results/predictions/full/electrode/tcn/seed_101/bandpass_n20002_cLL_V1_V4_electrode_s10.npz,76375,50ad9107bf825eadc6b808df7f9e0925d39368772c62191c3298021ff2989e5a
tcn,electrode,101,bandpass_n20002_cLL_V1_V4_electrode_s5,phase2/results/predictions/full/electrode/tcn/seed_101/bandpass_n20002_cLL_V1_V4_electrode_s5.npz,76236,94cbe64fc99c3d5c9f68bab0fef69545b496bb06e5f370ab0d34e3937dd75997
tcn,electrode,101,bandpass_n20002_cLL_V1_V4_electrode_s0,phase2/results/predictions/full/electrode/tcn/seed_101/bandpass_n20002_cLL_V1_V4_electrode_s0.npz,75904,577646c32a9cb94f48eff38b3cf6f0ccdf450f0db85f80dd2835a8fdfbf5dc67
tcn,electrode,101,bandpass_n20002_cLL_V1_V4_covariance_s20,phase2/results/predictions/full/electrode/tcn/seed_101/bandpass_n20002_cLL_V1_V4_covariance_s20.npz,76351,8ec6f5de15a6bf91e1d05871a0b38df7298babbe4f543ab9834584be1d9a882f
tcn,electrode,101,bandpass_n20002_cLL_V1_V4_covariance_s15,phase2/results/predictions/full/electrode/tcn/seed_101/bandpass_n20002_cLL_V1_V4_covariance_s15.npz,76375,cb5b1cfd297845afafbf2f765c21aabcbccf215c087afdc13be485fae5b1d83c
tcn,electrode,101,bandpass_n20002_cLL_V1_V4_covariance_s10,phase2/results/predictions/full/electrode/tcn/seed_101/bandpass_n20002_cLL_V1_V4_covariance_s10.npz,76371,afa47a40c1c468ffaa6117e2b95d8200ec97a6b5844d083d1affdd391858af5a
tcn,electrode,101,bandpass_n20002_cLL_V1_V4_covariance_s5,phase2/results/predictions/full/electrode/tcn/seed_101/bandpass_n20002_cLL_V1_V4_covariance_s5.npz,76254,328b5790f1b5e6c3f209e247ad30aaf410461de7b1d517b0b4f2bb0e745d8f43
tcn,electrode,101,bandpass_n20002_cLL_V1_V4_covariance_s0,phase2/results/predictions/full/electrode/tcn/seed_101/bandpass_n20002_cLL_V1_V4_covariance_s0.npz,75949,4544c89a057c17f9924925b6d886707db4841d6f6b1eb5b0fe5c9801deaab9d6
tcn,electrode,101,bandpass_n20002_call_independent_rms_s20,phase2/results/predictions/full/electrode/tcn/seed_101/bandpass_n20002_call_independent_rms_s20.npz,76368,a6fe628b299ef605b210127f65af68f124f9f4c93c8fde9caebbfcaa32d354e2
tcn,electrode,101,bandpass_n20002_call_independent_rms_s15,phase2/results/predictions/full/electrode/tcn/seed_101/bandpass_n20002_call_independent_rms_s15.npz,76381,965b1d90cd8b4627aae2fa3dd244d15c1040c4edfc728f74ae49842dc2520fad
tcn,electrode,101,bandpass_n20002_call_independent_rms_s10,phase2/results/predictions/full/electrode/tcn/seed_101/bandpass_n20002_call_independent_rms_s10.npz,76372,243c02b3de8746e0548dad18ea1e9cca71cd0f80c377ab702d60da08cf881778
tcn,electrode,101,bandpass_n20002_call_independent_rms_s5,phase2/results/predictions/full/electrode/tcn/seed_101/bandpass_n20002_call_independent_rms_s5.npz,76235,d15ebd952451628c0683821a04f8945ac304d52c45ba68d8493e74b597ac4b28
tcn,electrode,101,bandpass_n20002_call_independent_rms_s0,phase2/results/predictions/full/electrode/tcn/seed_101/bandpass_n20002_call_independent_rms_s0.npz,76005,3e1e118a0133cb4afd99a2ef5740b0e6527bc88d693cc679ca6037aa522b6954
tcn,electrode,101,bandpass_n20002_call_electrode_s20,phase2/results/predictions/full/electrode/tcn/seed_101/bandpass_n20002_call_electrode_s20.npz,76342,ec1ccced0dd759f51a60a15a9bcc49418d4a490893f4e33a950c9ab06890d638
tcn,electrode,101,bandpass_n20002_call_electrode_s15,phase2/results/predictions/full/electrode/tcn/seed_101/bandpass_n20002_call_electrode_s15.npz,76325,61a6dd71de207620e0bca36adef4ceffbee0e9e0be1b8e69a4cb8dcd8157a9f7
tcn,electrode,101,bandpass_n20002_call_electrode_s10,phase2/results/predictions/full/electrode/tcn/seed_101/bandpass_n20002_call_electrode_s10.npz,76338,692082e4f1dedf3fed1e0f939a3416f276e6578c135069428edf58abb94deb8e
tcn,electrode,101,bandpass_n20002_call_electrode_s5,phase2/results/predictions/full/electrode/tcn/seed_101/bandpass_n20002_call_electrode_s5.npz,76190,e5e2bc4df26c8b53e52626ca1d48103267f2aa4a4ddd3fffb9c7964ce8662ebe
tcn,electrode,101,bandpass_n20002_call_electrode_s0,phase2/results/predictions/full/electrode/tcn/seed_101/bandpass_n20002_call_electrode_s0.npz,75814,3fc88c8d6ed8d75ee3f51f3c7b8aabde178dac39b331abafe464ad0db65419c0
tcn,electrode,101,bandpass_n20002_call_covariance_s20,phase2/results/predictions/full/electrode/tcn/seed_101/bandpass_n20002_call_covariance_s20.npz,76352,a8091377f8d04b0e4efcff37addc01ce376df86c3648921ea8196325b597d4d5
tcn,electrode,101,bandpass_n20002_call_covariance_s15,phase2/results/predictions/full/electrode/tcn/seed_101/bandpass_n20002_call_covariance_s15.npz,76354,e8f9841308343407a68c377b9346b577ae7c535e25cb2b4870f9a3d166006630
tcn,electrode,101,bandpass_n20002_call_covariance_s10,phase2/results/predictions/full/electrode/tcn/seed_101/bandpass_n20002_call_covariance_s10.npz,76315,28bb3c1a675d59b9b8a21f34e9370998ec92f56f5441b54ee05649afc83dc18b
tcn,electrode,101,bandpass_n20002_call_covariance_s5,phase2/results/predictions/full/electrode/tcn/seed_101/bandpass_n20002_call_covariance_s5.npz,76146,29248af413ed75f48cb45069f65e6aedfc3da6937f753e5f9a188e564f56d96c
tcn,electrode,101,bandpass_n20002_call_covariance_s0,phase2/results/predictions/full/electrode/tcn/seed_101/bandpass_n20002_call_covariance_s0.npz,75823,689dd1ba5cd10f378d0cb232296916c48f4d7c15aea557c6bf0855ff21e97012
tcn,electrode,101,bandpass_n20003_cRA_LA_LL_independent_rms_s20,phase2/results/predictions/full/electrode/tcn/seed_101/bandpass_n20003_cRA_LA_LL_independent_rms_s20.npz,76386,1d76856d30e822f518ab65968fc72a1b17146a306d1fcca447a36b15ab8a6e4a
tcn,electrode,101,bandpass_n20003_cRA_LA_LL_independent_rms_s15,phase2/results/predictions/full/electrode/tcn/seed_101/bandpass_n20003_cRA_LA_LL_independent_rms_s15.npz,76400,24962cf00a9e0140cb4129a673d34ced94690d2f8baee73cb190dab7c48e6cd2
tcn,electrode,101,bandpass_n20003_cRA_LA_LL_independent_rms_s10,phase2/results/predictions/full/electrode/tcn/seed_101/bandpass_n20003_cRA_LA_LL_independent_rms_s10.npz,76361,2c25b59364e98a63352dfe4c4ad9f8faea631e77a5b907c4a237f14c7de09e40
tcn,electrode,101,bandpass_n20003_cRA_LA_LL_independent_rms_s5,phase2/results/predictions/full/electrode/tcn/seed_101/bandpass_n20003_cRA_LA_LL_independent_rms_s5.npz,76274,deb723110544fbd0cb5f8e17d4d351c447c5c8d42455a3a9d526e45c411d5bce
tcn,electrode,101,bandpass_n20003_cRA_LA_LL_independent_rms_s0,phase2/results/predictions/full/electrode/tcn/seed_101/bandpass_n20003_cRA_LA_LL_independent_rms_s0.npz,75996,61e4b4d5620efc24ec4c4ce93dd108efd4784b54b8784f0f1a138e7f6501a1dd
tcn,electrode,101,bandpass_n20003_cRA_LA_LL_electrode_s20,phase2/results/predictions/full/electrode/tcn/seed_101/bandpass_n20003_cRA_LA_LL_electrode_s20.npz,76378,4e1613112694eca95e022a1455ff402b5df34903e9602b76d137ad2501881b69
tcn,electrode,101,bandpass_n20003_cRA_LA_LL_electrode_s15,phase2/results/predictions/full/electrode/tcn/seed_101/bandpass_n20003_cRA_LA_LL_electrode_s15.npz,76389,7192988b89a79e2ad4b3ef521c80a7fcf9fd8e2d4a7ac1fc16661b5793246922
tcn,electrode,101,bandpass_n20003_cRA_LA_LL_electrode_s10,phase2/results/predictions/full/electrode/tcn/seed_101/bandpass_n20003_cRA_LA_LL_electrode_s10.npz,76341,ce0416bcd893c5077afb9473fff0aca72a344d91c4aeb4158b2ffd9fb7c052b1
tcn,electrode,101,bandpass_n20003_cRA_LA_LL_electrode_s5,phase2/results/predictions/full/electrode/tcn/seed_101/bandpass_n20003_cRA_LA_LL_electrode_s5.npz,76143,480de1cc3c5244da6746a7e7fc188951ec67004f29dde2dd5a7e059df7767b63
tcn,electrode,101,bandpass_n20003_cRA_LA_LL_electrode_s0,phase2/results/predictions/full/electrode/tcn/seed_101/bandpass_n20003_cRA_LA_LL_electrode_s0.npz,75847,3cb86fcc378d5b1082b71ab46f3334376be7f038adafde1bfb4e33264a453cf6
tcn,electrode,101,bandpass_n20003_cRA_LA_LL_covariance_s20,phase2/results/predictions/full/electrode/tcn/seed_101/bandpass_n20003_cRA_LA_LL_covariance_s20.npz,76374,c9c7700f301faa767b17ff937f57df1c0021a1dd3d7d4ba5ac47141192a02786
tcn,electrode,101,bandpass_n20003_cRA_LA_LL_covariance_s15,phase2/results/predictions/full/electrode/tcn/seed_101/bandpass_n20003_cRA_LA_LL_covariance_s15.npz,76353,b110bbd9058893d1775095e1d7501feb268505645982253bf688f57af74e9fcc
tcn,electrode,101,bandpass_n20003_cRA_LA_LL_covariance_s10,phase2/results/predictions/full/electrode/tcn/seed_101/bandpass_n20003_cRA_LA_LL_covariance_s10.npz,76307,c0f14b37c3542dd0cfb360df3c7a28bc97d9e4028c38bb851d30058b894ef672
tcn,electrode,101,bandpass_n20003_cRA_LA_LL_covariance_s5,phase2/results/predictions/full/electrode/tcn/seed_101/bandpass_n20003_cRA_LA_LL_covariance_s5.npz,76163,7ccfec735dab42a93898946db0a22e64b8b1d373edd01084c1723e9470fe32a5
tcn,electrode,101,bandpass_n20003_cRA_LA_LL_covariance_s0,phase2/results/predictions/full/electrode/tcn/seed_101/bandpass_n20003_cRA_LA_LL_covariance_s0.npz,75849,2701302dcb0b6c39c4a7a1dcc1c5b3ec2f9853d165e923e22a4580e3dabdd3c5
tcn,electrode,101,bandpass_n20003_cV1_independent_rms_s20,phase2/results/predictions/full/electrode/tcn/seed_101/bandpass_n20003_cV1_independent_rms_s20.npz,76387,431e6291bbcf0020925dc2a9b736fa4090f02f3b9bf75eb9d2e82be673c12f47
tcn,electrode,101,bandpass_n20003_cV1_independent_rms_s15,phase2/results/predictions/full/electrode/tcn/seed_101/bandpass_n20003_cV1_independent_rms_s15.npz,76372,b3288dd804e785aa6dd1af859034067bdb5611fecd31863e1a3dfb624cfa209b
tcn,electrode,101,bandpass_n20003_cV1_independent_rms_s10,phase2/results/predictions/full/electrode/tcn/seed_101/bandpass_n20003_cV1_independent_rms_s10.npz,76363,3a70b4c119f1fe1c6985f5dbd523720aa94b11a31be49b391981a57bcfed6de4
tcn,electrode,101,bandpass_n20003_cV1_independent_rms_s5,phase2/results/predictions/full/electrode/tcn/seed_101/bandpass_n20003_cV1_independent_rms_s5.npz,76193,de322d2727c6fa12470386fd0c8adca619c83ecb7191fb6e22c6800136d6dc98
tcn,electrode,101,bandpass_n20003_cV1_independent_rms_s0,phase2/results/predictions/full/electrode/tcn/seed_101/bandpass_n20003_cV1_independent_rms_s0.npz,75888,e979806e08c2df6846d0c9e63cf07387a7ddcff578cefe73245fba483110f7d4
tcn,electrode,101,bandpass_n20003_cV1_electrode_s20,phase2/results/predictions/full/electrode/tcn/seed_101/bandpass_n20003_cV1_electrode_s20.npz,76369,66178d482a2461740423f848d7328f72dc5ca99e0dada8468cb3bc6b63858743
tcn,electrode,101,bandpass_n20003_cV1_electrode_s15,phase2/results/predictions/full/electrode/tcn/seed_101/bandpass_n20003_cV1_electrode_s15.npz,76364,528bb29cda228ebbcd472aee8616602a42e4ea0e2def2e3a0940d253b376c004
tcn,electrode,101,bandpass_n20003_cV1_electrode_s10,phase2/results/predictions/full/electrode/tcn/seed_101/bandpass_n20003_cV1_electrode_s10.npz,76318,ed6afdb349658a0f56a991e408c22580c319cbc88486b6bfb54d0a3876aeea9f
tcn,electrode,101,bandpass_n20003_cV1_electrode_s5,phase2/results/predictions/full/electrode/tcn/seed_101/bandpass_n20003_cV1_electrode_s5.npz,76209,a8a04c45bfb4911574a872aefb5adc7e690f6d790975f7d952171f3d338d1938
tcn,electrode,101,bandpass_n20003_cV1_electrode_s0,phase2/results/predictions/full/electrode/tcn/seed_101/bandpass_n20003_cV1_electrode_s0.npz,75845,b26b5c0180362373f929bdb945d986a16a751106adbb29fc0a4d89752dd85c4b
tcn,electrode,101,bandpass_n20003_cV1_covariance_s20,phase2/results/predictions/full/electrode/tcn/seed_101/bandpass_n20003_cV1_covariance_s20.npz,76389,db918d4676a15189f8fa68bab0b98619aae1a9ff8f94dec7edc56d4b9316fafa
tcn,electrode,101,bandpass_n20003_cV1_covariance_s15,phase2/results/predictions/full/electrode/tcn/seed_101/bandpass_n20003_cV1_covariance_s15.npz,76346,494eb16a8b5f641d97c62f4f71473b4333aef1a5c5615665ca3dd7ad8c05a561
tcn,electrode,101,bandpass_n20003_cV1_covariance_s10,phase2/results/predictions/full/electrode/tcn/seed_101/bandpass_n20003_cV1_covariance_s10.npz,76300,bcfd1e4399b090ab346247f17cdadb573363c97ee4e0386003b9fc769c534d3a
tcn,electrode,101,bandpass_n20003_cV1_covariance_s5,phase2/results/predictions/full/electrode/tcn/seed_101/bandpass_n20003_cV1_covariance_s5.npz,76164,92766d835fe0033d957f017ee31bb764afb1fc90f0ea3a09e78e60aba3e88aac
tcn,electrode,101,bandpass_n20003_cV1_covariance_s0,phase2/results/predictions/full/electrode/tcn/seed_101/bandpass_n20003_cV1_covariance_s0.npz,75846,064c23a540e7fb4aa608674923628e75981ee5990a0b7f28076f6c71818e4ba2
tcn,electrode,101,bandpass_n20003_cV2_independent_rms_s20,phase2/results/predictions/full/electrode/tcn/seed_101/bandpass_n20003_cV2_independent_rms_s20.npz,76367,69c5084ba8cf748c0792e97a351b92083f92c8f6e4584b28c95ca1ca6aa4c8c6
tcn,electrode,101,bandpass_n20003_cV2_independent_rms_s15,phase2/results/predictions/full/electrode/tcn/seed_101/bandpass_n20003_cV2_independent_rms_s15.npz,76382,b0ec694668d2810980c2b4bfe1a10b0c436cf3ca35fd31b1074a3cacb4b3903b
tcn,electrode,101,bandpass_n20003_cV2_independent_rms_s10,phase2/results/predictions/full/electrode/tcn/seed_101/bandpass_n20003_cV2_independent_rms_s10.npz,76355,dc427de4f66e0a1ac14b2103d1745ba11e65c261c8cc61906eb846697ca17de7
tcn,electrode,101,bandpass_n20003_cV2_independent_rms_s5,phase2/results/predictions/full/electrode/tcn/seed_101/bandpass_n20003_cV2_independent_rms_s5.npz,76259,895bef4176128477b5e4b3d8894de6a2f254f2c3246e01487dacdd333441ee0e
tcn,electrode,101,bandpass_n20003_cV2_independent_rms_s0,phase2/results/predictions/full/electrode/tcn/seed_101/bandpass_n20003_cV2_independent_rms_s0.npz,76038,03a0c15c11c1c72f08ef8bc7a974242a8de8230a89676436136bf7faafb08ebf
tcn,electrode,101,bandpass_n20003_cV2_electrode_s20,phase2/results/predictions/full/electrode/tcn/seed_101/bandpass_n20003_cV2_electrode_s20.npz,76357,5da8565d9337c61a4af81b4078f7855cae490056822086e52a3ab8d39e24c6e9
tcn,electrode,101,bandpass_n20003_cV2_electrode_s15,phase2/results/predictions/full/electrode/tcn/seed_101/bandpass_n20003_cV2_electrode_s15.npz,76334,1c1689fb9e81ab4dd5efae2407774f7f1ac1723ae82f9f024a68bd520f8b5591
tcn,electrode,101,bandpass_n20003_cV2_electrode_s10,phase2/results/predictions/full/electrode/tcn/seed_101/bandpass_n20003_cV2_electrode_s10.npz,76339,e0b4a03e7a7764cc3bdf3fba79b503e0d5b2863b2a6a8a31d3ba65bbf83bb368
tcn,electrode,101,bandpass_n20003_cV2_electrode_s5,phase2/results/predictions/full/electrode/tcn/seed_101/bandpass_n20003_cV2_electrode_s5.npz,76234,a6d150083d92a423dadda21c17f4f0a3665c5746a14cfbb251898386a613f908
tcn,electrode,101,bandpass_n20003_cV2_electrode_s0,phase2/results/predictions/full/electrode/tcn/seed_101/bandpass_n20003_cV2_electrode_s0.npz,75990,30a8b81171eaf11afd4f0baced2b3fe39ac45584c079e75a2db8e0405a9c752f
tcn,electrode,101,bandpass_n20003_cV2_covariance_s20,phase2/results/predictions/full/electrode/tcn/seed_101/bandpass_n20003_cV2_covariance_s20.npz,76363,bff6e094ea82ff4838623c28fc5fe5ad1a5cb6dace2069c09050d972f27fe4a8
tcn,electrode,101,bandpass_n20003_cV2_covariance_s15,phase2/results/predictions/full/electrode/tcn/seed_101/bandpass_n20003_cV2_covariance_s15.npz,76356,137b73e44ba81ccd384ab6c58561f9859396d00a2ec0307e2e1efddf97371335
tcn,electrode,101,bandpass_n20003_cV2_covariance_s10,phase2/results/predictions/full/electrode/tcn/seed_101/bandpass_n20003_cV2_covariance_s10.npz,76319,298fd2251639a954c8b34d38d59eb0eb44a03b409ce0d3f7bf083b456a80604c
tcn,electrode,101,bandpass_n20003_cV2_covariance_s5,phase2/results/predictions/full/electrode/tcn/seed_101/bandpass_n20003_cV2_covariance_s5.npz,76245,49f49e59a32df37103987913932d01e7863722c75b6c3702db16a27d993b3a54
tcn,electrode,101,bandpass_n20003_cV2_covariance_s0,phase2/results/predictions/full/electrode/tcn/seed_101/bandpass_n20003_cV2_covariance_s0.npz,76035,d55c596f4ee4278034defd9dc270539e4c4c4a895067ad6134ef16bc9cd44b4d
tcn,electrode,101,bandpass_n20003_cV3_independent_rms_s20,phase2/results/predictions/full/electrode/tcn/seed_101/bandpass_n20003_cV3_independent_rms_s20.npz,76393,7a9501abd306d52d0d411aa75e5fcf993822cc5ac2d7557ffc6f994776d10d83
tcn,electrode,101,bandpass_n20003_cV3_independent_rms_s15,phase2/results/predictions/full/electrode/tcn/seed_101/bandpass_n20003_cV3_independent_rms_s15.npz,76384,da67fadd153c61ed15fe39d77f6308b50911d135e26f0ef0093a4b84389d70f2
tcn,electrode,101,bandpass_n20003_cV3_independent_rms_s10,phase2/results/predictions/full/electrode/tcn/seed_101/bandpass_n20003_cV3_independent_rms_s10.npz,76350,f2f8b6f6c5b5db2d53f6dee51b46fa57a4a71a6c4f62f17bf2896ef404f4187b
tcn,electrode,101,bandpass_n20003_cV3_independent_rms_s5,phase2/results/predictions/full/electrode/tcn/seed_101/bandpass_n20003_cV3_independent_rms_s5.npz,76273,16072da2c9305a159ca7bb5e472cba6e4e4f36b45bf583b8ba32673de760cee5
tcn,electrode,101,bandpass_n20003_cV3_independent_rms_s0,phase2/results/predictions/full/electrode/tcn/seed_101/bandpass_n20003_cV3_independent_rms_s0.npz,76055,ca1343a319624dc363688138776a5bb509599145fa7d38f9c3f60b6fef39fb97
tcn,electrode,101,bandpass_n20003_cV3_electrode_s20,phase2/results/predictions/full/electrode/tcn/seed_101/bandpass_n20003_cV3_electrode_s20.npz,76359,946e165431ddf53ae0a3c415223caa3fda5f61c1f27fd341612f4dbee30d808e
tcn,electrode,101,bandpass_n20003_cV3_electrode_s15,phase2/results/predictions/full/electrode/tcn/seed_101/bandpass_n20003_cV3_electrode_s15.npz,76381,a96d6a7f853e907cf6cff1c0fb865810e43563c81998e81c403c7556701f2a2b
tcn,electrode,101,bandpass_n20003_cV3_electrode_s10,phase2/results/predictions/full/electrode/tcn/seed_101/bandpass_n20003_cV3_electrode_s10.npz,76362,d464de5fc5fec96440064aa6130cebab711790505b6925eee887c95021f015af
tcn,electrode,101,bandpass_n20003_cV3_electrode_s5,phase2/results/predictions/full/electrode/tcn/seed_101/bandpass_n20003_cV3_electrode_s5.npz,76300,de61d826ede59e23c3b82e7cb054d429201246323600e88f5c15f5bf004c1d2c
tcn,electrode,101,bandpass_n20003_cV3_electrode_s0,phase2/results/predictions/full/electrode/tcn/seed_101/bandpass_n20003_cV3_electrode_s0.npz,76021,6dff86c54520f2d69852ee7becd75449572dbb355856d33a93823bbce4b4dc6c
tcn,electrode,101,bandpass_n20003_cV3_covariance_s20,phase2/results/predictions/full/electrode/tcn/seed_101/bandpass_n20003_cV3_covariance_s20.npz,76362,ecdad8b751ef2d918e5139a88d6dfbd35c1b50c89f625cabc54d97cd28526b71
tcn,electrode,101,bandpass_n20003_cV3_covariance_s15,phase2/results/predictions/full/electrode/tcn/seed_101/bandpass_n20003_cV3_covariance_s15.npz,76389,b0b12eea686bb5d442381566da1d364db3755d59d8ebd7e7880abf45f2142950
tcn,electrode,101,bandpass_n20003_cV3_covariance_s10,phase2/results/predictions/full/electrode/tcn/seed_101/bandpass_n20003_cV3_covariance_s10.npz,76355,6695d37b6751018729816ea14c7d5e7e6caaec6e6db9559f5880d86429b5b4e1
tcn,electrode,101,bandpass_n20003_cV3_covariance_s5,phase2/results/predictions/full/electrode/tcn/seed_101/bandpass_n20003_cV3_covariance_s5.npz,76290,0cd32a334567123109476fa588aef93c20c8eaf5c3e827196e700513981f989b
tcn,electrode,101,bandpass_n20003_cV3_covariance_s0,phase2/results/predictions/full/electrode/tcn/seed_101/bandpass_n20003_cV3_covariance_s0.npz,76031,981e75a2cbd6e5103b1397d9c549e06942c7938b89f46389003e73a71a5f65ee
tcn,electrode,101,bandpass_n20003_cV4_independent_rms_s20,phase2/results/predictions/full/electrode/tcn/seed_101/bandpass_n20003_cV4_independent_rms_s20.npz,76401,c86a1fa75332d0f2adb89537af7035f9d36c8aee03d0b04b2887961ccd60d933
tcn,electrode,101,bandpass_n20003_cV4_independent_rms_s15,phase2/results/predictions/full/electrode/tcn/seed_101/bandpass_n20003_cV4_independent_rms_s15.npz,76417,85f67497b399174e8dd56e2d4d5258280f0a60b2507d0551808a151eb04d71a7
tcn,electrode,101,bandpass_n20003_cV4_independent_rms_s10,phase2/results/predictions/full/electrode/tcn/seed_101/bandpass_n20003_cV4_independent_rms_s10.npz,76371,939e0a1ef40d57c4b73a6582a1b98b0a7a63a71c62dc513232465f3b706a1412
tcn,electrode,101,bandpass_n20003_cV4_independent_rms_s5,phase2/results/predictions/full/electrode/tcn/seed_101/bandpass_n20003_cV4_independent_rms_s5.npz,76349,aa07b4fbc5cfe828802fd10e10f4cb63a91ec2457e08d24adeba3f502061175a
tcn,electrode,101,bandpass_n20003_cV4_independent_rms_s0,phase2/results/predictions/full/electrode/tcn/seed_101/bandpass_n20003_cV4_independent_rms_s0.npz,76118,c9ff1e0a452df297af2d2972610d566831a40ff2523d7d7240fbf3b620ea2673
tcn,electrode,101,bandpass_n20003_cV4_electrode_s20,phase2/results/predictions/full/electrode/tcn/seed_101/bandpass_n20003_cV4_electrode_s20.npz,76335,19619093e43f4a5994572e65e1d8c73b5faaf3554a050d826d50f359c4f41c50
tcn,electrode,101,bandpass_n20003_cV4_electrode_s15,phase2/results/predictions/full/electrode/tcn/seed_101/bandpass_n20003_cV4_electrode_s15.npz,76372,8b931dca70556b592cf4b0f6c9506da2d6483692e5e136eb711443b9898a9b83
tcn,electrode,101,bandpass_n20003_cV4_electrode_s10,phase2/results/predictions/full/electrode/tcn/seed_101/bandpass_n20003_cV4_electrode_s10.npz,76322,bdf09fea2084f7a102dd6eb92cbc375424368b01ac8ac03738087f5f78a07f44
tcn,electrode,101,bandpass_n20003_cV4_electrode_s5,phase2/results/predictions/full/electrode/tcn/seed_101/bandpass_n20003_cV4_electrode_s5.npz,76292,d70fcb592d931144760bf45beafc21c07a9f6c5f3e6b65ba90b5c43b2c65db4b
tcn,electrode,101,bandpass_n20003_cV4_electrode_s0,phase2/results/predictions/full/electrode/tcn/seed_101/bandpass_n20003_cV4_electrode_s0.npz,76113,8d96ae015281b5980d6ee6c018b3610d1f975d53abbfa03eac47fe695ab29cd8
tcn,electrode,101,bandpass_n20003_cV4_covariance_s20,phase2/results/predictions/full/electrode/tcn/seed_101/bandpass_n20003_cV4_covariance_s20.npz,76361,49f895c280a0d3decf6f858655898972424f7a16efb2c5583b6c413597ead618
tcn,electrode,101,bandpass_n20003_cV4_covariance_s15,phase2/results/predictions/full/electrode/tcn/seed_101/bandpass_n20003_cV4_covariance_s15.npz,76400,67a0cda17beee2077de00ac28d9c242b91bcc201e1ce5c15275636e9b9947135
tcn,electrode,101,bandpass_n20003_cV4_covariance_s10,phase2/results/predictions/full/electrode/tcn/seed_101/bandpass_n20003_cV4_covariance_s10.npz,76334,e1d007f22c4990df4a0dac3788e5ea4a55a2ed648cf6f6cb77da95c3e3da1f14
tcn,electrode,101,bandpass_n20003_cV4_covariance_s5,phase2/results/predictions/full/electrode/tcn/seed_101/bandpass_n20003_cV4_covariance_s5.npz,76315,27dde9a23ba6bbbb3f1982629e1c4c37defcae2af9604b34a47e1cba9dfe62a4
tcn,electrode,101,bandpass_n20003_cV4_covariance_s0,phase2/results/predictions/full/electrode/tcn/seed_101/bandpass_n20003_cV4_covariance_s0.npz,76120,e3e3b4777d2730ad98ecc57beeed03d4d698679ea428f92beee1215c389cefc4
tcn,electrode,101,bandpass_n20003_cV5_independent_rms_s20,phase2/results/predictions/full/electrode/tcn/seed_101/bandpass_n20003_cV5_independent_rms_s20.npz,76358,8bae4d73a63ab7f3b27e1e15d64ff8145036bfe299e3bbbe8b4ebeba2a617014
tcn,electrode,101,bandpass_n20003_cV5_independent_rms_s15,phase2/results/predictions/full/electrode/tcn/seed_101/bandpass_n20003_cV5_independent_rms_s15.npz,76388,ff10015c336365e07b88b08dfb62497dc5a8c8fa5d4cd7bee345dd24a424ce5c
tcn,electrode,101,bandpass_n20003_cV5_independent_rms_s10,phase2/results/predictions/full/electrode/tcn/seed_101/bandpass_n20003_cV5_independent_rms_s10.npz,76357,d672f67fcbd009edffb78061bd87c3c31b68501073b54f44c7987a1f341982d9
tcn,electrode,101,bandpass_n20003_cV5_independent_rms_s5,phase2/results/predictions/full/electrode/tcn/seed_101/bandpass_n20003_cV5_independent_rms_s5.npz,76282,98fcc4e86ff0315e538ee48e71648b89187159531221637927de0994c2ccd5c0
tcn,electrode,101,bandpass_n20003_cV5_independent_rms_s0,phase2/results/predictions/full/electrode/tcn/seed_101/bandpass_n20003_cV5_independent_rms_s0.npz,76012,c4c95299dff3d699aff03e40c5ff725711a9b2837bc16f1d57b279a4b109573b
tcn,electrode,101,bandpass_n20003_cV5_electrode_s20,phase2/results/predictions/full/electrode/tcn/seed_101/bandpass_n20003_cV5_electrode_s20.npz,76360,98cc0a4ee5ca1f5c279bf3bcc789f295cc0c8925acf916e9c01f802ddef321bd
tcn,electrode,101,bandpass_n20003_cV5_electrode_s15,phase2/results/predictions/full/electrode/tcn/seed_101/bandpass_n20003_cV5_electrode_s15.npz,76364,93e29f0fc19c66e59bcd1c9c5c2829d50c012313755f4a14f956f5788c9af545
tcn,electrode,101,bandpass_n20003_cV5_electrode_s10,phase2/results/predictions/full/electrode/tcn/seed_101/bandpass_n20003_cV5_electrode_s10.npz,76313,cba8d387a844a7782013eb50307d722f58fbfa594007676d147da2a9372d94f2
tcn,electrode,101,bandpass_n20003_cV5_electrode_s5,phase2/results/predictions/full/electrode/tcn/seed_101/bandpass_n20003_cV5_electrode_s5.npz,76244,9df6a5c071212a38b8bec65fe224adece5e052c27bb084921c112b3f337d55fc
tcn,electrode,101,bandpass_n20003_cV5_electrode_s0,phase2/results/predictions/full/electrode/tcn/seed_101/bandpass_n20003_cV5_electrode_s0.npz,76038,40c4a49ae5988f441ee2c935b64b47d204bad0b32dd3dc569947c39c4daa01ae
tcn,electrode,101,bandpass_n20003_cV5_covariance_s20,phase2/results/predictions/full/electrode/tcn/seed_101/bandpass_n20003_cV5_covariance_s20.npz,76371,86a3983c1ea790c688859711cdf7a269349d2bdb8a88377f41c86b4bde8388a9
tcn,electrode,101,bandpass_n20003_cV5_covariance_s15,phase2/results/predictions/full/electrode/tcn/seed_101/bandpass_n20003_cV5_covariance_s15.npz,76348,cef90cdf2d547e848a2383d10f1b7a9327252e7a3e9f5f2b55e26830c2eb884a
tcn,electrode,101,bandpass_n20003_cV5_covariance_s10,phase2/results/predictions/full/electrode/tcn/seed_101/bandpass_n20003_cV5_covariance_s10.npz,76353,762baecfd7f4e060cde86de890f04e5bebc24f65234ea747c6852659c60d7f20
tcn,electrode,101,bandpass_n20003_cV5_covariance_s5,phase2/results/predictions/full/electrode/tcn/seed_101/bandpass_n20003_cV5_covariance_s5.npz,76270,e8332df955f622cf6b037808323f54525b06d18bbf8dfd27856b3e443de76c8e
tcn,electrode,101,bandpass_n20003_cV5_covariance_s0,phase2/results/predictions/full/electrode/tcn/seed_101/bandpass_n20003_cV5_covariance_s0.npz,76026,813a4a645fd28c033296eca5792f3fb8b7b7da21afdf4fea6dde5654e4de6d82
tcn,electrode,101,bandpass_n20003_cV6_independent_rms_s20,phase2/results/predictions/full/electrode/tcn/seed_101/bandpass_n20003_cV6_independent_rms_s20.npz,76353,f72205be9f6b74c5834ffbf3182f77dace883b888b4391035d004be92b5bcf64
tcn,electrode,101,bandpass_n20003_cV6_independent_rms_s15,phase2/results/predictions/full/electrode/tcn/seed_101/bandpass_n20003_cV6_independent_rms_s15.npz,76368,8eb66c245b8ab23c273bd19f14dafdd7961782900e668c8dfe383277d36491b2
tcn,electrode,101,bandpass_n20003_cV6_independent_rms_s10,phase2/results/predictions/full/electrode/tcn/seed_101/bandpass_n20003_cV6_independent_rms_s10.npz,76328,2899942e35e488431627d3843c6c653dc960bef66c5f63c483aa225da0e177ea
tcn,electrode,101,bandpass_n20003_cV6_independent_rms_s5,phase2/results/predictions/full/electrode/tcn/seed_101/bandpass_n20003_cV6_independent_rms_s5.npz,76291,8bfaa3d60bcccb68c363dbe0933c376117f5f539e3ac96e19251475b22358993
tcn,electrode,101,bandpass_n20003_cV6_independent_rms_s0,phase2/results/predictions/full/electrode/tcn/seed_101/bandpass_n20003_cV6_independent_rms_s0.npz,76106,c1a76696def5c4cc1b47081eb97df3193b6f503034827d784942a11523c65c98
tcn,electrode,101,bandpass_n20003_cV6_electrode_s20,phase2/results/predictions/full/electrode/tcn/seed_101/bandpass_n20003_cV6_electrode_s20.npz,76358,8fbbfb725db486fab5cf2f4d248c8c545252befad9af87dce95613da7f3fe0f3
tcn,electrode,101,bandpass_n20003_cV6_electrode_s15,phase2/results/predictions/full/electrode/tcn/seed_101/bandpass_n20003_cV6_electrode_s15.npz,76350,938d92c810cb394e6a778b12df10eb5c32fc0262249d7842f5016a2e93a7833b
tcn,electrode,101,bandpass_n20003_cV6_electrode_s10,phase2/results/predictions/full/electrode/tcn/seed_101/bandpass_n20003_cV6_electrode_s10.npz,76330,92ef19614868cc976e6d5d6154f83179b7f280baeae1b01b9fda864e10cd7bba
tcn,electrode,101,bandpass_n20003_cV6_electrode_s5,phase2/results/predictions/full/electrode/tcn/seed_101/bandpass_n20003_cV6_electrode_s5.npz,76289,073c7bcf4674d83ebc8f969a757b49eda26c187471dc0d9a1e5c7779122176b1
tcn,electrode,101,bandpass_n20003_cV6_electrode_s0,phase2/results/predictions/full/electrode/tcn/seed_101/bandpass_n20003_cV6_electrode_s0.npz,76062,8e4585f71f23c9035e69da94e4df42023df688a2293023b96de9df3de8c1fd2a
tcn,electrode,101,bandpass_n20003_cV6_covariance_s20,phase2/results/predictions/full/electrode/tcn/seed_101/bandpass_n20003_cV6_covariance_s20.npz,76359,5485d774f052ecadc3d25c99085f01d9ad1aaa1eb2200519f2e626c6f4393d08
tcn,electrode,101,bandpass_n20003_cV6_covariance_s15,phase2/results/predictions/full/electrode/tcn/seed_101/bandpass_n20003_cV6_covariance_s15.npz,76372,e7182fd218ced3e60c34af988b010bad918b561d04b8e340f47aee9f8b0b9a8a
tcn,electrode,101,bandpass_n20003_cV6_covariance_s10,phase2/results/predictions/full/electrode/tcn/seed_101/bandpass_n20003_cV6_covariance_s10.npz,76340,9ae60c89ff0ce5e76fc068f940f1aa4bd797f376bbf9a68f9b5b5ac8350f2e6a
tcn,electrode,101,bandpass_n20003_cV6_covariance_s5,phase2/results/predictions/full/electrode/tcn/seed_101/bandpass_n20003_cV6_covariance_s5.npz,76289,db49b3e1fa6d6534087ce9e32da2763bce3d3217b239578c853b749a55877c89
tcn,electrode,101,bandpass_n20003_cV6_covariance_s0,phase2/results/predictions/full/electrode/tcn/seed_101/bandpass_n20003_cV6_covariance_s0.npz,76081,793941d6cc23d739f3f293a2f02e4f0cde8419cfaa1f2b8dbf6084f21ddd4dd7
tcn,electrode,101,bandpass_n20003_cRA_LA_independent_rms_s20,phase2/results/predictions/full/electrode/tcn/seed_101/bandpass_n20003_cRA_LA_independent_rms_s20.npz,76387,20471a7fc1f9ed307c33e02f353a0a72d3076e496f4e650c544122b41d916be8
tcn,electrode,101,bandpass_n20003_cRA_LA_independent_rms_s15,phase2/results/predictions/full/electrode/tcn/seed_101/bandpass_n20003_cRA_LA_independent_rms_s15.npz,76369,1ae161329085cef65bbf857ae5e43e35f63d11b6fc52beb6f9040b94c30cc4ec
tcn,electrode,101,bandpass_n20003_cRA_LA_independent_rms_s10,phase2/results/predictions/full/electrode/tcn/seed_101/bandpass_n20003_cRA_LA_independent_rms_s10.npz,76377,fe494a7e0cc5d39bdb8601fcacaf2fda5bc6971a48f1b4f8a5848c5d8374b042
tcn,electrode,101,bandpass_n20003_cRA_LA_independent_rms_s5,phase2/results/predictions/full/electrode/tcn/seed_101/bandpass_n20003_cRA_LA_independent_rms_s5.npz,76265,8a9eb8e358dc4ed007934494cb22fc382c8b53ac94907d3e324cb0db90641a53
tcn,electrode,101,bandpass_n20003_cRA_LA_independent_rms_s0,phase2/results/predictions/full/electrode/tcn/seed_101/bandpass_n20003_cRA_LA_independent_rms_s0.npz,76007,20fb44364da30a6bbb39722f699461446de62b1f148539b214c31a785c8c2470
tcn,electrode,101,bandpass_n20003_cRA_LA_electrode_s20,phase2/results/predictions/full/electrode/tcn/seed_101/bandpass_n20003_cRA_LA_electrode_s20.npz,76395,c0e1256c7eb7523d1aa144afcc5e98d7cde8aa341e53feb22ec62546d09fc552
tcn,electrode,101,bandpass_n20003_cRA_LA_electrode_s15,phase2/results/predictions/full/electrode/tcn/seed_101/bandpass_n20003_cRA_LA_electrode_s15.npz,76367,e785652d90b2a5b30ee9c4fd23bc8771c7475c057356fa9f2cfc2a3b7469da70
tcn,electrode,101,bandpass_n20003_cRA_LA_electrode_s10,phase2/results/predictions/full/electrode/tcn/seed_101/bandpass_n20003_cRA_LA_electrode_s10.npz,76304,48d586b0f2d91e2433aeb8c849b87914b81210014740ef8c3e0a43b94b83b81d
tcn,electrode,101,bandpass_n20003_cRA_LA_electrode_s5,phase2/results/predictions/full/electrode/tcn/seed_101/bandpass_n20003_cRA_LA_electrode_s5.npz,76159,cbe493b0d487d46aaed888797905401ac97fea8e9150c028688d46d0758fd24d
tcn,electrode,101,bandpass_n20003_cRA_LA_electrode_s0,phase2/results/predictions/full/electrode/tcn/seed_101/bandpass_n20003_cRA_LA_electrode_s0.npz,75845,2e42c28e741a97884a87c38f68642e95c659da79174e69c6e0f29037afe87ca8
tcn,electrode,101,bandpass_n20003_cRA_LA_covariance_s20,phase2/results/predictions/full/electrode/tcn/seed_101/bandpass_n20003_cRA_LA_covariance_s20.npz,76374,0d4d2f386104ab23724ecfc3bf85af0027dfe807b9dcf1e201d42b0ff4fb0767
tcn,electrode,101,bandpass_n20003_cRA_LA_covariance_s15,phase2/results/predictions/full/electrode/tcn/seed_101/bandpass_n20003_cRA_LA_covariance_s15.npz,76339,6bd424ed490afcb105f535d1a831bc99462e61ccb41d4d46c132aa3a31673f29
tcn,electrode,101,bandpass_n20003_cRA_LA_covariance_s10,phase2/results/predictions/full/electrode/tcn/seed_101/bandpass_n20003_cRA_LA_covariance_s10.npz,76357,90b5c7559ebf3215b7cc8757bec55373efc3fd9a86120c91e725a9981adef346
tcn,electrode,101,bandpass_n20003_cRA_LA_covariance_s5,phase2/results/predictions/full/electrode/tcn/seed_101/bandpass_n20003_cRA_LA_covariance_s5.npz,76146,d5fc9370a3c38ac0a0424107f2cecf9b86915495c9926f66a012ff431e9002ec
tcn,electrode,101,bandpass_n20003_cRA_LA_covariance_s0,phase2/results/predictions/full/electrode/tcn/seed_101/bandpass_n20003_cRA_LA_covariance_s0.npz,75881,7fb67a229e672023a12a7b4f964ce715f22919976b98fdb05ff55e0846b0871a
tcn,electrode,101,bandpass_n20003_cLA_LL_independent_rms_s20,phase2/results/predictions/full/electrode/tcn/seed_101/bandpass_n20003_cLA_LL_independent_rms_s20.npz,76388,ba0e2efe14ae7e54c919be134442c86fc24484ee9958a36d33d00d3729612b2b
tcn,electrode,101,bandpass_n20003_cLA_LL_independent_rms_s15,phase2/results/predictions/full/electrode/tcn/seed_101/bandpass_n20003_cLA_LL_independent_rms_s15.npz,76363,11ab2b7bfd3cbc25bb8980862e05116c0ea7178da15044a47f345f66db6a76c1
tcn,electrode,101,bandpass_n20003_cLA_LL_independent_rms_s10,phase2/results/predictions/full/electrode/tcn/seed_101/bandpass_n20003_cLA_LL_independent_rms_s10.npz,76345,940c8d443c90b20092e7dc7c0b2d7d782698b72f9028016cc7d91cc146f77138
tcn,electrode,101,bandpass_n20003_cLA_LL_independent_rms_s5,phase2/results/predictions/full/electrode/tcn/seed_101/bandpass_n20003_cLA_LL_independent_rms_s5.npz,76287,683fb6969cc2bd5dc49608f2f85f0dd247935e1bdd2d565312b3bb277f18ce1a
tcn,electrode,101,bandpass_n20003_cLA_LL_independent_rms_s0,phase2/results/predictions/full/electrode/tcn/seed_101/bandpass_n20003_cLA_LL_independent_rms_s0.npz,75960,a228c06ea9693acfa40916fbd4f4c8b4de1b29a8a15c7178dbc4e175d40ac7cf
tcn,electrode,101,bandpass_n20003_cLA_LL_electrode_s20,phase2/results/predictions/full/electrode/tcn/seed_101/bandpass_n20003_cLA_LL_electrode_s20.npz,76375,24bcba7ed5cb60fbe36a4748658dbcb1810f15934fbdb7c085f1b052b298df0a
tcn,electrode,101,bandpass_n20003_cLA_LL_electrode_s15,phase2/results/predictions/full/electrode/tcn/seed_101/bandpass_n20003_cLA_LL_electrode_s15.npz,76359,30c9ff3d3f6de147e05301bef5567098aa9bc58aacd0370387d8019b3b361d53
tcn,electrode,101,bandpass_n20003_cLA_LL_electrode_s10,phase2/results/predictions/full/electrode/tcn/seed_101/bandpass_n20003_cLA_LL_electrode_s10.npz,76321,9074c1a06fa1c6d0912c5c4cdd328cb58b81291824b279c8dbe60bfbb77e2fa5
tcn,electrode,101,bandpass_n20003_cLA_LL_electrode_s5,phase2/results/predictions/full/electrode/tcn/seed_101/bandpass_n20003_cLA_LL_electrode_s5.npz,76213,22ef6560d8123895973980d4aea50aee2111ffa8aa2c3715b2359b79cb782178
tcn,electrode,101,bandpass_n20003_cLA_LL_electrode_s0,phase2/results/predictions/full/electrode/tcn/seed_101/bandpass_n20003_cLA_LL_electrode_s0.npz,75839,5862c945b58acf9194d1cf02451aef3586b892b0ada3930eb5cf0686eefa62c1
tcn,electrode,101,bandpass_n20003_cLA_LL_covariance_s20,phase2/results/predictions/full/electrode/tcn/seed_101/bandpass_n20003_cLA_LL_covariance_s20.npz,76368,376e30c2ebd0b555a6970a7ff70ce7087f3246c7aaa6dcb76e2b1ff5f0067502
tcn,electrode,101,bandpass_n20003_cLA_LL_covariance_s15,phase2/results/predictions/full/electrode/tcn/seed_101/bandpass_n20003_cLA_LL_covariance_s15.npz,76330,db82ddd9d982abfd2793b305e538f8bc5a9e114a010047a6d5e701bf8256dac4
tcn,electrode,101,bandpass_n20003_cLA_LL_covariance_s10,phase2/results/predictions/full/electrode/tcn/seed_101/bandpass_n20003_cLA_LL_covariance_s10.npz,76347,90aec55569adeef678ae3b155c9a91502f8d735ecf053cafd5fb7414821294fd
tcn,electrode,101,bandpass_n20003_cLA_LL_covariance_s5,phase2/results/predictions/full/electrode/tcn/seed_101/bandpass_n20003_cLA_LL_covariance_s5.npz,76184,f7e69b5b76f0a0140fbb9d6c70450fea8911aec90153cc7a053e13e9267a8f62
tcn,electrode,101,bandpass_n20003_cLA_LL_covariance_s0,phase2/results/predictions/full/electrode/tcn/seed_101/bandpass_n20003_cLA_LL_covariance_s0.npz,75847,9ba89c4837be506eb1d5d52041fd70719d520ef82a9dc34df5f07d8c122ad23c
tcn,electrode,101,bandpass_n20003_cRA_LL_independent_rms_s20,phase2/results/predictions/full/electrode/tcn/seed_101/bandpass_n20003_cRA_LL_independent_rms_s20.npz,76384,02b75c0d288820cb86052364d64afafca87853bea1d0e9afd7568a61ee70c1f4
tcn,electrode,101,bandpass_n20003_cRA_LL_independent_rms_s15,phase2/results/predictions/full/electrode/tcn/seed_101/bandpass_n20003_cRA_LL_independent_rms_s15.npz,76347,519d4db37e144a41170ae88cdfaf2dbe3e41f9419f0b5e24fffe998ce0e0a224
tcn,electrode,101,bandpass_n20003_cRA_LL_independent_rms_s10,phase2/results/predictions/full/electrode/tcn/seed_101/bandpass_n20003_cRA_LL_independent_rms_s10.npz,76344,6e5933b8190714d9a107b9dd404fbfe56d396dbca262ba69763b1921ed32206a
tcn,electrode,101,bandpass_n20003_cRA_LL_independent_rms_s5,phase2/results/predictions/full/electrode/tcn/seed_101/bandpass_n20003_cRA_LL_independent_rms_s5.npz,76295,f21d165b7e932b816114e5ea9a80fec7bd6b015fff618e1b68229c626659f14b
tcn,electrode,101,bandpass_n20003_cRA_LL_independent_rms_s0,phase2/results/predictions/full/electrode/tcn/seed_101/bandpass_n20003_cRA_LL_independent_rms_s0.npz,76017,2094d5f41102447a53662303758c24fe6cb694badfbaeb2e600cfa700c0a10e0
tcn,electrode,101,bandpass_n20003_cRA_LL_electrode_s20,phase2/results/predictions/full/electrode/tcn/seed_101/bandpass_n20003_cRA_LL_electrode_s20.npz,76365,e22ab3f8c5d4e059b710833d44d5bc88c1f809b32aa50db73cd00291e1ecaa50
tcn,electrode,101,bandpass_n20003_cRA_LL_electrode_s15,phase2/results/predictions/full/electrode/tcn/seed_101/bandpass_n20003_cRA_LL_electrode_s15.npz,76361,23aa114eb52d4e4271837c436e5b5c96fe23f69735d1f35b7a1144fe957be40a
tcn,electrode,101,bandpass_n20003_cRA_LL_electrode_s10,phase2/results/predictions/full/electrode/tcn/seed_101/bandpass_n20003_cRA_LL_electrode_s10.npz,76309,3ba1a230822ff4b82d919d39f96f8495aa6558763d833d580e97c2b236cccc7d
tcn,electrode,101,bandpass_n20003_cRA_LL_electrode_s5,phase2/results/predictions/full/electrode/tcn/seed_101/bandpass_n20003_cRA_LL_electrode_s5.npz,76121,8012ba626a8584b2b7d9d02644ba951babe461776be8b90dfd31dd48ce95ba08
tcn,electrode,101,bandpass_n20003_cRA_LL_electrode_s0,phase2/results/predictions/full/electrode/tcn/seed_101/bandpass_n20003_cRA_LL_electrode_s0.npz,75818,fdd459a60694082b191f6507dd2c15d04a32e8be23486fa2782878164908470f
tcn,electrode,101,bandpass_n20003_cRA_LL_covariance_s20,phase2/results/predictions/full/electrode/tcn/seed_101/bandpass_n20003_cRA_LL_covariance_s20.npz,76385,af1308bf4506f3a7be791ebb19fac1386d12f6ce451d00f4c6fde8ecb4178d56
tcn,electrode,101,bandpass_n20003_cRA_LL_covariance_s15,phase2/results/predictions/full/electrode/tcn/seed_101/bandpass_n20003_cRA_LL_covariance_s15.npz,76363,f3f742ff5f603ccb7cdc8b7b41da99bcd785c754fc040342b029745b3bba4c03
tcn,electrode,101,bandpass_n20003_cRA_LL_covariance_s10,phase2/results/predictions/full/electrode/tcn/seed_101/bandpass_n20003_cRA_LL_covariance_s10.npz,76322,b135790c650106c212ca5af7e4ccdb03414d105d641a5d136b034523b72961ef
tcn,electrode,101,bandpass_n20003_cRA_LL_covariance_s5,phase2/results/predictions/full/electrode/tcn/seed_101/bandpass_n20003_cRA_LL_covariance_s5.npz,76144,4241232d1eb200f7dfb87211c1df2493e9a347e38d2060bb0e34b521bb628e87
tcn,electrode,101,bandpass_n20003_cRA_LL_covariance_s0,phase2/results/predictions/full/electrode/tcn/seed_101/bandpass_n20003_cRA_LL_covariance_s0.npz,75814,82799946748a1db000bb320de34ba50691621b7f849ab34d0a6e807ba9f35dbc
tcn,electrode,101,bandpass_n20003_cRA_independent_rms_s20,phase2/results/predictions/full/electrode/tcn/seed_101/bandpass_n20003_cRA_independent_rms_s20.npz,76352,6f006e7d7f9a7c56f5011701ac6bdd6d9a272041e9ce5a0214c7f6b9dd973560
tcn,electrode,101,bandpass_n20003_cRA_independent_rms_s15,phase2/results/predictions/full/electrode/tcn/seed_101/bandpass_n20003_cRA_independent_rms_s15.npz,76376,8bc3ec6d9b42b0a0ba5480339ca1af9d8a9c3b003b32fdce459432b9b6af5cad
tcn,electrode,101,bandpass_n20003_cRA_independent_rms_s10,phase2/results/predictions/full/electrode/tcn/seed_101/bandpass_n20003_cRA_independent_rms_s10.npz,76362,c05cd48dd3939e75b1762e5429a95727e3bba58f5a99eb6caf48fcce10b30251
tcn,electrode,101,bandpass_n20003_cRA_independent_rms_s5,phase2/results/predictions/full/electrode/tcn/seed_101/bandpass_n20003_cRA_independent_rms_s5.npz,76308,a5ff4cb0b8265596ce505113950f3534076e17921690e6b4ad84ecc0fd872c61
tcn,electrode,101,bandpass_n20003_cRA_independent_rms_s0,phase2/results/predictions/full/electrode/tcn/seed_101/bandpass_n20003_cRA_independent_rms_s0.npz,76073,9e765eaee604488aab7d5fe39771fa352165c3e485ced7d11750200fb60848f1
tcn,electrode,101,bandpass_n20003_cRA_electrode_s20,phase2/results/predictions/full/electrode/tcn/seed_101/bandpass_n20003_cRA_electrode_s20.npz,76376,69adb09eb0590d16a0dc965ecfa48a6dc569d78aaffb50244fafb9fca5f403a3
tcn,electrode,101,bandpass_n20003_cRA_electrode_s15,phase2/results/predictions/full/electrode/tcn/seed_101/bandpass_n20003_cRA_electrode_s15.npz,76339,243a8f6f081800f77fbf20b84e95ac79f7fac8b9043dee5e99f4a379c1b51e65
tcn,electrode,101,bandpass_n20003_cRA_electrode_s10,phase2/results/predictions/full/electrode/tcn/seed_101/bandpass_n20003_cRA_electrode_s10.npz,76309,76d54415265c3ed618b74c52b7ad9852ec70987e2a381824367a59f42352d210
tcn,electrode,101,bandpass_n20003_cRA_electrode_s5,phase2/results/predictions/full/electrode/tcn/seed_101/bandpass_n20003_cRA_electrode_s5.npz,76126,f1795f547918cc3fab8b0a542b69dcf3079f35a8b838b13323428de937bb91e9
tcn,electrode,101,bandpass_n20003_cRA_electrode_s0,phase2/results/predictions/full/electrode/tcn/seed_101/bandpass_n20003_cRA_electrode_s0.npz,75849,0e2a559623d932fc3de7c3dd47e2f325dd19770f327ebdb87633e7c6a2b0b424
tcn,electrode,101,bandpass_n20003_cRA_covariance_s20,phase2/results/predictions/full/electrode/tcn/seed_101/bandpass_n20003_cRA_covariance_s20.npz,76359,6065402fa9764fbb4a1e44b3564aadff806c5ec28c91e91cd78545caf913294b
tcn,electrode,101,bandpass_n20003_cRA_covariance_s15,phase2/results/predictions/full/electrode/tcn/seed_101/bandpass_n20003_cRA_covariance_s15.npz,76358,1fc89202b7ad3a8fb51b592e4813f95eef09323500dfaa03b954bf56e4ed8c71
tcn,electrode,101,bandpass_n20003_cRA_covariance_s10,phase2/results/predictions/full/electrode/tcn/seed_101/bandpass_n20003_cRA_covariance_s10.npz,76277,2cfd534e550d72d6491da662412b04809fbfe09a23b7ff6aad1bb5602475c157
tcn,electrode,101,bandpass_n20003_cRA_covariance_s5,phase2/results/predictions/full/electrode/tcn/seed_101/bandpass_n20003_cRA_covariance_s5.npz,76113,3a75854fc6851664c1ea6aac34b9ee62409b8421aee0845c9cf453473efb418b
tcn,electrode,101,bandpass_n20003_cRA_covariance_s0,phase2/results/predictions/full/electrode/tcn/seed_101/bandpass_n20003_cRA_covariance_s0.npz,75902,b5147d289e8f8df33f52ca51f5cea59a34c5850eb63048b553e2e78af3e29868
tcn,electrode,101,bandpass_n20003_cLA_independent_rms_s20,phase2/results/predictions/full/electrode/tcn/seed_101/bandpass_n20003_cLA_independent_rms_s20.npz,76390,e2f0da8d8cf277bc836624d0c44d9dc831b49745668d89f5cf63a1ae714751aa
tcn,electrode,101,bandpass_n20003_cLA_independent_rms_s15,phase2/results/predictions/full/electrode/tcn/seed_101/bandpass_n20003_cLA_independent_rms_s15.npz,76362,b4ed7d8b4367376543fd758c6931db7eb0da8081ce894b8059263cbbd9563069
tcn,electrode,101,bandpass_n20003_cLA_independent_rms_s10,phase2/results/predictions/full/electrode/tcn/seed_101/bandpass_n20003_cLA_independent_rms_s10.npz,76381,71639c01985456b90fd60e0ca7b72ec09f5fd3d3670358f65f33124d8c5164b7
tcn,electrode,101,bandpass_n20003_cLA_independent_rms_s5,phase2/results/predictions/full/electrode/tcn/seed_101/bandpass_n20003_cLA_independent_rms_s5.npz,76247,5f2dde2834837926ee9308031f61c0f9f2519a9ad4c744ee35fe558d70d49afa
tcn,electrode,101,bandpass_n20003_cLA_independent_rms_s0,phase2/results/predictions/full/electrode/tcn/seed_101/bandpass_n20003_cLA_independent_rms_s0.npz,75973,e89385c541480c76b117af557827d16b8e89c3862e3c7df2e03cf8aa17c83baf
tcn,electrode,101,bandpass_n20003_cLA_electrode_s20,phase2/results/predictions/full/electrode/tcn/seed_101/bandpass_n20003_cLA_electrode_s20.npz,76369,2a1d5324761290bae010c404074c3deceae521258477c732222f6c0f8042336f
tcn,electrode,101,bandpass_n20003_cLA_electrode_s15,phase2/results/predictions/full/electrode/tcn/seed_101/bandpass_n20003_cLA_electrode_s15.npz,76350,e04c81b40852b44cfa84e42c6435733a1bc744e89628773fa1eee0dc5bddcbea
tcn,electrode,101,bandpass_n20003_cLA_electrode_s10,phase2/results/predictions/full/electrode/tcn/seed_101/bandpass_n20003_cLA_electrode_s10.npz,76331,720b066624a25f7e28d543426b567b268c3dab45d9cd7edc75215af3955d9983
tcn,electrode,101,bandpass_n20003_cLA_electrode_s5,phase2/results/predictions/full/electrode/tcn/seed_101/bandpass_n20003_cLA_electrode_s5.npz,76171,06d321623a55d8c091638a5ff561f6c34146fd682c3d5c9d0a4d089ae75d26db
tcn,electrode,101,bandpass_n20003_cLA_electrode_s0,phase2/results/predictions/full/electrode/tcn/seed_101/bandpass_n20003_cLA_electrode_s0.npz,75843,05abdbd5535a3e4c69744e998dd18e21c2a31d36e8cf8c3aa7d3fd8026963661
tcn,electrode,101,bandpass_n20003_cLA_covariance_s20,phase2/results/predictions/full/electrode/tcn/seed_101/bandpass_n20003_cLA_covariance_s20.npz,76385,885317e5d84007f2367044315438ab5159c1f84f8250150f9210fb40d664135e
tcn,electrode,101,bandpass_n20003_cLA_covariance_s15,phase2/results/predictions/full/electrode/tcn/seed_101/bandpass_n20003_cLA_covariance_s15.npz,76361,3134e87f421c10d95728b994df86535b1e5ef699678fbb8900f36757b1d12d82
tcn,electrode,101,bandpass_n20003_cLA_covariance_s10,phase2/results/predictions/full/electrode/tcn/seed_101/bandpass_n20003_cLA_covariance_s10.npz,76341,ae8e01916c18aa3a483c2c223aae75e0d426eade12bb9a9618f8f5f45e1b5283
tcn,electrode,101,bandpass_n20003_cLA_covariance_s5,phase2/results/predictions/full/electrode/tcn/seed_101/bandpass_n20003_cLA_covariance_s5.npz,76195,c1b3b3b51b3d14740f114d3441d2b2859a0114441cee209713d26acf46bd7b93
tcn,electrode,101,bandpass_n20003_cLA_covariance_s0,phase2/results/predictions/full/electrode/tcn/seed_101/bandpass_n20003_cLA_covariance_s0.npz,75859,d91ce3e5cc5c8f0a4f25795df9942b63182d9b334db8d27523203b26666a55a2
tcn,electrode,101,bandpass_n20003_cLL_independent_rms_s20,phase2/results/predictions/full/electrode/tcn/seed_101/bandpass_n20003_cLL_independent_rms_s20.npz,76365,66c994686199ff84b5baf2f3f6ca0c94bb897626919a6a0678d7b98ea2e57d23
tcn,electrode,101,bandpass_n20003_cLL_independent_rms_s15,phase2/results/predictions/full/electrode/tcn/seed_101/bandpass_n20003_cLL_independent_rms_s15.npz,76377,44764795a1514b23740a7f32db05dd903eb99a166ce85656b8e07f8e9b27d64c
tcn,electrode,101,bandpass_n20003_cLL_independent_rms_s10,phase2/results/predictions/full/electrode/tcn/seed_101/bandpass_n20003_cLL_independent_rms_s10.npz,76353,aacd6c6ebe792dda1ade2db8a05cacd8e637fce90ad09ad2d6d95849d303de22
tcn,electrode,101,bandpass_n20003_cLL_independent_rms_s5,phase2/results/predictions/full/electrode/tcn/seed_101/bandpass_n20003_cLL_independent_rms_s5.npz,76255,a5cf938468b9e381114910e24ac79743943aa042d0b40b914ad78f8b61214ca7
tcn,electrode,101,bandpass_n20003_cLL_independent_rms_s0,phase2/results/predictions/full/electrode/tcn/seed_101/bandpass_n20003_cLL_independent_rms_s0.npz,75998,91f211eaa0f245ab133a9bd23dd59fab04524fbae2ecb48949cb0e36dc64774b
tcn,electrode,101,bandpass_n20003_cLL_electrode_s20,phase2/results/predictions/full/electrode/tcn/seed_101/bandpass_n20003_cLL_electrode_s20.npz,76378,e01ea334535111813fa1e416b173620713bdc325892165b15e6c7548d42c9b71
tcn,electrode,101,bandpass_n20003_cLL_electrode_s15,phase2/results/predictions/full/electrode/tcn/seed_101/bandpass_n20003_cLL_electrode_s15.npz,76365,8887b8c2e639046e4ffa0f20fdb8732787938cdb76593d5526669bc348428439
tcn,electrode,101,bandpass_n20003_cLL_electrode_s10,phase2/results/predictions/full/electrode/tcn/seed_101/bandpass_n20003_cLL_electrode_s10.npz,76334,0b9df027b8e10827c71d6d0653ab5701561662d242e577da6437df7c00c691a2
tcn,electrode,101,bandpass_n20003_cLL_electrode_s5,phase2/results/predictions/full/electrode/tcn/seed_101/bandpass_n20003_cLL_electrode_s5.npz,76233,90cb732550d8cbfe89805f18eb29f173c1c0e452eb94229d020b87699fe7ed12
tcn,electrode,101,bandpass_n20003_cLL_electrode_s0,phase2/results/predictions/full/electrode/tcn/seed_101/bandpass_n20003_cLL_electrode_s0.npz,75893,953403f380b834ac2bafa5ad6048da4131137c7e89545dd8f3fad8805b82b0fe
tcn,electrode,101,bandpass_n20003_cLL_covariance_s20,phase2/results/predictions/full/electrode/tcn/seed_101/bandpass_n20003_cLL_covariance_s20.npz,76357,7f0f38a5a975c14fa86b855d729007086edbf74efe35edeb87c7cd88aa47e9cd
tcn,electrode,101,bandpass_n20003_cLL_covariance_s15,phase2/results/predictions/full/electrode/tcn/seed_101/bandpass_n20003_cLL_covariance_s15.npz,76364,3a7ad0fe05395e9487e29158452c74c61aa896930d8e00eb0e5a9bbfdc79fdc1
tcn,electrode,101,bandpass_n20003_cLL_covariance_s10,phase2/results/predictions/full/electrode/tcn/seed_101/bandpass_n20003_cLL_covariance_s10.npz,76353,b43940eaee2d5caf396eb44e9136d4aa615553dc0b6d563e2b6f0f412f3ab42e
tcn,electrode,101,bandpass_n20003_cLL_covariance_s5,phase2/results/predictions/full/electrode/tcn/seed_101/bandpass_n20003_cLL_covariance_s5.npz,76211,02bf97f6498bbed90a6c47a8ca80a668d9026b23b653c8e822d17403ebadb82f
tcn,electrode,101,bandpass_n20003_cLL_covariance_s0,phase2/results/predictions/full/electrode/tcn/seed_101/bandpass_n20003_cLL_covariance_s0.npz,75909,5ad53405b0192827807addb1b0c79beb0148f0e69e91ee6af2365007587cc9e4
tcn,electrode,101,bandpass_n20003_cRA_V1_independent_rms_s20,phase2/results/predictions/full/electrode/tcn/seed_101/bandpass_n20003_cRA_V1_independent_rms_s20.npz,76392,17f782cb21a5a9b276765be0892cf50eee3f054b9f158e3a631841e4b4bf7241
tcn,electrode,101,bandpass_n20003_cRA_V1_independent_rms_s15,phase2/results/predictions/full/electrode/tcn/seed_101/bandpass_n20003_cRA_V1_independent_rms_s15.npz,76371,b68b5b985b47a4cebeac82f292b829f2dc45761d7d76afda9d78dacf17675050
tcn,electrode,101,bandpass_n20003_cRA_V1_independent_rms_s10,phase2/results/predictions/full/electrode/tcn/seed_101/bandpass_n20003_cRA_V1_independent_rms_s10.npz,76362,ee41ac48b41186c9ae388aea90f7cb6b5d79cdf9454272339580c633b9c8bff6
tcn,electrode,101,bandpass_n20003_cRA_V1_independent_rms_s5,phase2/results/predictions/full/electrode/tcn/seed_101/bandpass_n20003_cRA_V1_independent_rms_s5.npz,76289,1da8adaf1699ce0efe89549be59dece8665ff289612dcdc7d28884b06167c071
tcn,electrode,101,bandpass_n20003_cRA_V1_independent_rms_s0,phase2/results/predictions/full/electrode/tcn/seed_101/bandpass_n20003_cRA_V1_independent_rms_s0.npz,75987,3ad34476d502ac4062d5b52a8b7f63b921992091d896f8837227581b284d5560
tcn,electrode,101,bandpass_n20003_cRA_V1_electrode_s20,phase2/results/predictions/full/electrode/tcn/seed_101/bandpass_n20003_cRA_V1_electrode_s20.npz,76359,ef857d6a1a865551f8838dbbe12f834adc0b1c40f3f75907af816090f1376e1c
tcn,electrode,101,bandpass_n20003_cRA_V1_electrode_s15,phase2/results/predictions/full/electrode/tcn/seed_101/bandpass_n20003_cRA_V1_electrode_s15.npz,76357,17aa6997f1bb1c5e361f7a15e0dcbf6cdb93fb4ab401a3c653182c22539fbbf5
tcn,electrode,101,bandpass_n20003_cRA_V1_electrode_s10,phase2/results/predictions/full/electrode/tcn/seed_101/bandpass_n20003_cRA_V1_electrode_s10.npz,76358,d5df6cf11cdc2ac2b86a014a307b8a95411eac690e517c9a998a8adf0ad9b5b2
tcn,electrode,101,bandpass_n20003_cRA_V1_electrode_s5,phase2/results/predictions/full/electrode/tcn/seed_101/bandpass_n20003_cRA_V1_electrode_s5.npz,76145,ba6eca7bf4f22d4c9c76306a96e116ed9210648e2a00d31b588f199eb93fea85
tcn,electrode,101,bandpass_n20003_cRA_V1_electrode_s0,phase2/results/predictions/full/electrode/tcn/seed_101/bandpass_n20003_cRA_V1_electrode_s0.npz,75857,7c4393258c6f082832f15f268d603ff8749b3f4d69b75571e00ac05085d659af
tcn,electrode,101,bandpass_n20003_cRA_V1_covariance_s20,phase2/results/predictions/full/electrode/tcn/seed_101/bandpass_n20003_cRA_V1_covariance_s20.npz,76396,bc075a647e193afd7899c73fb2c39dc621d632a7c924f1f852974786e206df0d
tcn,electrode,101,bandpass_n20003_cRA_V1_covariance_s15,phase2/results/predictions/full/electrode/tcn/seed_101/bandpass_n20003_cRA_V1_covariance_s15.npz,76344,ec1a443b1f83e83815559e585be76f2f06c8cf3894b768dbc96f0bf402729d35
tcn,electrode,101,bandpass_n20003_cRA_V1_covariance_s10,phase2/results/predictions/full/electrode/tcn/seed_101/bandpass_n20003_cRA_V1_covariance_s10.npz,76300,1d3ec03c05e2c128a333a2b12e410f38e41216fdb24b6b395b7cc41afed49859
tcn,electrode,101,bandpass_n20003_cRA_V1_covariance_s5,phase2/results/predictions/full/electrode/tcn/seed_101/bandpass_n20003_cRA_V1_covariance_s5.npz,76162,a9165ee5bd6e19854b818bec0d13b91bbb13a6c886a0200c7eb5594a7c9bcbb8
tcn,electrode,101,bandpass_n20003_cRA_V1_covariance_s0,phase2/results/predictions/full/electrode/tcn/seed_101/bandpass_n20003_cRA_V1_covariance_s0.npz,75863,7f0eabfdf869c2017153c3422dbfcfec74cc7c0d088b7f758906fb3ea782baa7
tcn,electrode,101,bandpass_n20003_cLA_V6_independent_rms_s20,phase2/results/predictions/full/electrode/tcn/seed_101/bandpass_n20003_cLA_V6_independent_rms_s20.npz,76409,0d5ad9bdc380c4134af6701efa83badd6c7feae9b1a4fcd003be5982c34cb8e5
tcn,electrode,101,bandpass_n20003_cLA_V6_independent_rms_s15,phase2/results/predictions/full/electrode/tcn/seed_101/bandpass_n20003_cLA_V6_independent_rms_s15.npz,76359,f436c94a68fce92b39f0272380ca077c2089f73c4441c79692def2ab0bf02d96
tcn,electrode,101,bandpass_n20003_cLA_V6_independent_rms_s10,phase2/results/predictions/full/electrode/tcn/seed_101/bandpass_n20003_cLA_V6_independent_rms_s10.npz,76404,af7a96f528a0df1828b6bac4a55c3984367427c8d1a7ddf7cb5b50f329373c35
tcn,electrode,101,bandpass_n20003_cLA_V6_independent_rms_s5,phase2/results/predictions/full/electrode/tcn/seed_101/bandpass_n20003_cLA_V6_independent_rms_s5.npz,76300,5d386f055e6fee4cee984a3cf804aacc63daa1545b47b11c514baaa603708532
tcn,electrode,101,bandpass_n20003_cLA_V6_independent_rms_s0,phase2/results/predictions/full/electrode/tcn/seed_101/bandpass_n20003_cLA_V6_independent_rms_s0.npz,76043,9ffa4c2f54ec7c773ea223e5d28b5f035077363fddf34ee23a3f76f768505c0f
tcn,electrode,101,bandpass_n20003_cLA_V6_electrode_s20,phase2/results/predictions/full/electrode/tcn/seed_101/bandpass_n20003_cLA_V6_electrode_s20.npz,76363,82b7bee72bbc39bfa8285dc692bbb9fa1d75ed66881c6b2b4588e4b3d0f68f2c
tcn,electrode,101,bandpass_n20003_cLA_V6_electrode_s15,phase2/results/predictions/full/electrode/tcn/seed_101/bandpass_n20003_cLA_V6_electrode_s15.npz,76385,451ebc23e4e2c952417a038b3a35574048bf10a9a3940b0c7cb886445e432a61
tcn,electrode,101,bandpass_n20003_cLA_V6_electrode_s10,phase2/results/predictions/full/electrode/tcn/seed_101/bandpass_n20003_cLA_V6_electrode_s10.npz,76374,5b4d6cac248408c1d6944d8d0ac0433280354fa06fb0bd2e6188bf89dd2d2204
tcn,electrode,101,bandpass_n20003_cLA_V6_electrode_s5,phase2/results/predictions/full/electrode/tcn/seed_101/bandpass_n20003_cLA_V6_electrode_s5.npz,76203,3316c9377a7f3bad6c224cbb75944dc4a4c8ea71c9d5d244cbc8287b3ad093d1
tcn,electrode,101,bandpass_n20003_cLA_V6_electrode_s0,phase2/results/predictions/full/electrode/tcn/seed_101/bandpass_n20003_cLA_V6_electrode_s0.npz,75910,7c5d7947abd2376069d32b7196226d70ff7dfdd43283b461dc2fa1c4aa094665
tcn,electrode,101,bandpass_n20003_cLA_V6_covariance_s20,phase2/results/predictions/full/electrode/tcn/seed_101/bandpass_n20003_cLA_V6_covariance_s20.npz,76379,0bc69ff14c41cccf8bab9ed1d0d65b0e00d921410433093453aca6af4c75e68c
tcn,electrode,101,bandpass_n20003_cLA_V6_covariance_s15,phase2/results/predictions/full/electrode/tcn/seed_101/bandpass_n20003_cLA_V6_covariance_s15.npz,76353,e00c3c8d7a699b3e6f0cd9c4a3764a2c7667539e477d3e19c5dcc666e56a4fc9
tcn,electrode,101,bandpass_n20003_cLA_V6_covariance_s10,phase2/results/predictions/full/electrode/tcn/seed_101/bandpass_n20003_cLA_V6_covariance_s10.npz,76343,e556d78fb9ff1b419abe231a6f8e8eb96e96fb5d20cf3a2aafef6d1b361f1d18
tcn,electrode,101,bandpass_n20003_cLA_V6_covariance_s5,phase2/results/predictions/full/electrode/tcn/seed_101/bandpass_n20003_cLA_V6_covariance_s5.npz,76195,bfa86db3a15d6cecacbc338e38346dc93b239066a75dbe9424d88732740d58bf
tcn,electrode,101,bandpass_n20003_cLA_V6_covariance_s0,phase2/results/predictions/full/electrode/tcn/seed_101/bandpass_n20003_cLA_V6_covariance_s0.npz,75902,9ef513164ab448900889db97cd0a69d41b93b82bce6bc3b4d4b4ae8eb922f109
tcn,electrode,101,bandpass_n20003_cLL_V4_independent_rms_s20,phase2/results/predictions/full/electrode/tcn/seed_101/bandpass_n20003_cLL_V4_independent_rms_s20.npz,76404,9703725e6ba3c44547f9f4f107d2eb47b9912b70b22308ae04e69343c1f3b577
tcn,electrode,101,bandpass_n20003_cLL_V4_independent_rms_s15,phase2/results/predictions/full/electrode/tcn/seed_101/bandpass_n20003_cLL_V4_independent_rms_s15.npz,76376,c5ca1bfcacc6750d762aafcc89f8df9f4d75b14200a7cb0ee4cf34107d012604
tcn,electrode,101,bandpass_n20003_cLL_V4_independent_rms_s10,phase2/results/predictions/full/electrode/tcn/seed_101/bandpass_n20003_cLL_V4_independent_rms_s10.npz,76351,564964543e51350bec76a4fc6358e736dd2f1361b3fa71c9b499a3825bdeac71
tcn,electrode,101,bandpass_n20003_cLL_V4_independent_rms_s5,phase2/results/predictions/full/electrode/tcn/seed_101/bandpass_n20003_cLL_V4_independent_rms_s5.npz,76308,bb5e5a902ccd2a98a1e6bf64b3790d5f9978bf988a1b2fd7772b99635a30c1bd
tcn,electrode,101,bandpass_n20003_cLL_V4_independent_rms_s0,phase2/results/predictions/full/electrode/tcn/seed_101/bandpass_n20003_cLL_V4_independent_rms_s0.npz,76029,c823131f5af07cf83172dac683ca17bad2c3fc33f828b78f172bf6d6e4cc4889
tcn,electrode,101,bandpass_n20003_cLL_V4_electrode_s20,phase2/results/predictions/full/electrode/tcn/seed_101/bandpass_n20003_cLL_V4_electrode_s20.npz,76377,81b4b690471a1281cadb8773bd629bfcd3e38189065562964f05b6a12b521959
tcn,electrode,101,bandpass_n20003_cLL_V4_electrode_s15,phase2/results/predictions/full/electrode/tcn/seed_101/bandpass_n20003_cLL_V4_electrode_s15.npz,76392,9a10af4e091cdad1f76753ae6c849000d89afbed0489c1ab3b02cfcec39c1e19
tcn,electrode,101,bandpass_n20003_cLL_V4_electrode_s10,phase2/results/predictions/full/electrode/tcn/seed_101/bandpass_n20003_cLL_V4_electrode_s10.npz,76335,482127e2abf59d14cdaf02aeabe2488ed8c89d1ad586e2ffe87aac9978f93282
tcn,electrode,101,bandpass_n20003_cLL_V4_electrode_s5,phase2/results/predictions/full/electrode/tcn/seed_101/bandpass_n20003_cLL_V4_electrode_s5.npz,76208,df59551ad5fa58b3d3bd189b9fa39038fef48d197b303bf6ab5a26f23959952d
tcn,electrode,101,bandpass_n20003_cLL_V4_electrode_s0,phase2/results/predictions/full/electrode/tcn/seed_101/bandpass_n20003_cLL_V4_electrode_s0.npz,75910,84d3a6bb63bf729db0804b402d1815702491a0ecbe03b1979093d30c9ac58ad3
tcn,electrode,101,bandpass_n20003_cLL_V4_covariance_s20,phase2/results/predictions/full/electrode/tcn/seed_101/bandpass_n20003_cLL_V4_covariance_s20.npz,76409,6dddef8e1930fa5866302874ed84e64b8854d7d246923b7079c709700185434b
tcn,electrode,101,bandpass_n20003_cLL_V4_covariance_s15,phase2/results/predictions/full/electrode/tcn/seed_101/bandpass_n20003_cLL_V4_covariance_s15.npz,76431,8c753cf003108ae93f7b2b5aaad9cff469e98a0e70113247bb014562997654d2
tcn,electrode,101,bandpass_n20003_cLL_V4_covariance_s10,phase2/results/predictions/full/electrode/tcn/seed_101/bandpass_n20003_cLL_V4_covariance_s10.npz,76406,5ce29ffd453363d24dc6be6361b3b77ee15814802ebba25d7afb45aa9a5fc5b9
tcn,electrode,101,bandpass_n20003_cLL_V4_covariance_s5,phase2/results/predictions/full/electrode/tcn/seed_101/bandpass_n20003_cLL_V4_covariance_s5.npz,76249,2cca7fd6a905b073d39365796223da4d713d4c8541e52c3ad1bc2f741ed359ef
tcn,electrode,101,bandpass_n20003_cLL_V4_covariance_s0,phase2/results/predictions/full/electrode/tcn/seed_101/bandpass_n20003_cLL_V4_covariance_s0.npz,75921,1d942ae11cd40899c74922566fa18698ac93b95a7b4d44f8ed938b52cd810ee8
tcn,electrode,101,bandpass_n20003_cRA_LA_V1_V6_independent_rms_s20,phase2/results/predictions/full/electrode/tcn/seed_101/bandpass_n20003_cRA_LA_V1_V6_independent_rms_s20.npz,76395,33d156f53068d6fcf4e4e330149151d27f549d54a791ae1a5ed77048958a173b
tcn,electrode,101,bandpass_n20003_cRA_LA_V1_V6_independent_rms_s15,phase2/results/predictions/full/electrode/tcn/seed_101/bandpass_n20003_cRA_LA_V1_V6_independent_rms_s15.npz,76392,7996a9b1fc0e7dff84c429905e953bb7e0eeef4b799e7c98d59aa660163e4c3b
tcn,electrode,101,bandpass_n20003_cRA_LA_V1_V6_independent_rms_s10,phase2/results/predictions/full/electrode/tcn/seed_101/bandpass_n20003_cRA_LA_V1_V6_independent_rms_s10.npz,76386,a2a256f0c23aadd6639ecb84b96404dad905d1b4840350fed3878568c745b6d1
tcn,electrode,101,bandpass_n20003_cRA_LA_V1_V6_independent_rms_s5,phase2/results/predictions/full/electrode/tcn/seed_101/bandpass_n20003_cRA_LA_V1_V6_independent_rms_s5.npz,76299,7916e60699991dc94e86ecb637d7056ab2cab516d43ac341373d1858727b352d
tcn,electrode,101,bandpass_n20003_cRA_LA_V1_V6_independent_rms_s0,phase2/results/predictions/full/electrode/tcn/seed_101/bandpass_n20003_cRA_LA_V1_V6_independent_rms_s0.npz,76004,a631cfc6f4c849fe9f991edd3c7bb62e29db21fabffe738420885819a4bad3f4
tcn,electrode,101,bandpass_n20003_cRA_LA_V1_V6_electrode_s20,phase2/results/predictions/full/electrode/tcn/seed_101/bandpass_n20003_cRA_LA_V1_V6_electrode_s20.npz,76403,fed91c7d69c1b6878b62ca2de6d0dfb704d86197df7d34983704995ace92a7ed
tcn,electrode,101,bandpass_n20003_cRA_LA_V1_V6_electrode_s15,phase2/results/predictions/full/electrode/tcn/seed_101/bandpass_n20003_cRA_LA_V1_V6_electrode_s15.npz,76337,fb650f60ed96bef80650b8fc1ce757855e9f43c7114ec2d5ff328131cb33856d
tcn,electrode,101,bandpass_n20003_cRA_LA_V1_V6_electrode_s10,phase2/results/predictions/full/electrode/tcn/seed_101/bandpass_n20003_cRA_LA_V1_V6_electrode_s10.npz,76322,3ea01be0566c27239422bea695fe2be1091960e345ecd059acf39a5ceb88c667
tcn,electrode,101,bandpass_n20003_cRA_LA_V1_V6_electrode_s5,phase2/results/predictions/full/electrode/tcn/seed_101/bandpass_n20003_cRA_LA_V1_V6_electrode_s5.npz,76178,5848267674d828ee9cda1f7124273932209c9636fb29b411c768b6d2e5016cbd
tcn,electrode,101,bandpass_n20003_cRA_LA_V1_V6_electrode_s0,phase2/results/predictions/full/electrode/tcn/seed_101/bandpass_n20003_cRA_LA_V1_V6_electrode_s0.npz,75872,3c92c4b27ffd3ed92f4120d46e97e5613b80288775a5ac39f7e72e4a1a8b8a3d
tcn,electrode,101,bandpass_n20003_cRA_LA_V1_V6_covariance_s20,phase2/results/predictions/full/electrode/tcn/seed_101/bandpass_n20003_cRA_LA_V1_V6_covariance_s20.npz,76397,99670361a1239951473b5901de5774303eea3134a95f8bb0724bad9e9f7f1dcb
tcn,electrode,101,bandpass_n20003_cRA_LA_V1_V6_covariance_s15,phase2/results/predictions/full/electrode/tcn/seed_101/bandpass_n20003_cRA_LA_V1_V6_covariance_s15.npz,76397,269a151fcb480c1b433226a4e04d83f0e7f39df0460daf7ca47e95c4b1dc78b7
tcn,electrode,101,bandpass_n20003_cRA_LA_V1_V6_covariance_s10,phase2/results/predictions/full/electrode/tcn/seed_101/bandpass_n20003_cRA_LA_V1_V6_covariance_s10.npz,76374,a0607456c8ff861b057616569da1e3a6aa44583d731ff40a54927388cbfa54ac
tcn,electrode,101,bandpass_n20003_cRA_LA_V1_V6_covariance_s5,phase2/results/predictions/full/electrode/tcn/seed_101/bandpass_n20003_cRA_LA_V1_V6_covariance_s5.npz,76177,26127237dfcd00a5c1df331905f2bb744b7416bf1297bc7532c819370fcfb1c2
tcn,electrode,101,bandpass_n20003_cRA_LA_V1_V6_covariance_s0,phase2/results/predictions/full/electrode/tcn/seed_101/bandpass_n20003_cRA_LA_V1_V6_covariance_s0.npz,75863,df22341fb30891f0df796bd50e4313eb06ba3d1e3a5535c8434aeb11be6528da
tcn,electrode,101,bandpass_n20003_cRA_V2_V5_independent_rms_s20,phase2/results/predictions/full/electrode/tcn/seed_101/bandpass_n20003_cRA_V2_V5_independent_rms_s20.npz,76391,146125a80d0c92dd71c44f68aa6a6e80eee531bd9c27f94465aeb4f19966c750
tcn,electrode,101,bandpass_n20003_cRA_V2_V5_independent_rms_s15,phase2/results/predictions/full/electrode/tcn/seed_101/bandpass_n20003_cRA_V2_V5_independent_rms_s15.npz,76378,12a372a9db67fcf2a8e07521782a7fc15e3bb4708e1e0587f2459a777cc40c07
tcn,electrode,101,bandpass_n20003_cRA_V2_V5_independent_rms_s10,phase2/results/predictions/full/electrode/tcn/seed_101/bandpass_n20003_cRA_V2_V5_independent_rms_s10.npz,76390,c9406cfffd2bc9c061004e7614b882f970630382c3614dc9f37cc719862010c8
tcn,electrode,101,bandpass_n20003_cRA_V2_V5_independent_rms_s5,phase2/results/predictions/full/electrode/tcn/seed_101/bandpass_n20003_cRA_V2_V5_independent_rms_s5.npz,76288,d9f0dcf20839b0283af172735a4d5d2912534025d6eb35ecc876c7bcd2b6af5e
tcn,electrode,101,bandpass_n20003_cRA_V2_V5_independent_rms_s0,phase2/results/predictions/full/electrode/tcn/seed_101/bandpass_n20003_cRA_V2_V5_independent_rms_s0.npz,76026,606732856686d726e45806af298e36f7f77ea7132acd6132f63b05cb0f9dd5e0
tcn,electrode,101,bandpass_n20003_cRA_V2_V5_electrode_s20,phase2/results/predictions/full/electrode/tcn/seed_101/bandpass_n20003_cRA_V2_V5_electrode_s20.npz,76395,7d2f05af366396826a36932de9e7c758ea1f26870c0c108a566a516b3c206949
tcn,electrode,101,bandpass_n20003_cRA_V2_V5_electrode_s15,phase2/results/predictions/full/electrode/tcn/seed_101/bandpass_n20003_cRA_V2_V5_electrode_s15.npz,76399,2ef241c308f514916942ca96c6b60a3520271743c1c4a8dc0e70831bd2dbdb6e
tcn,electrode,101,bandpass_n20003_cRA_V2_V5_electrode_s10,phase2/results/predictions/full/electrode/tcn/seed_101/bandpass_n20003_cRA_V2_V5_electrode_s10.npz,76346,b9dcef626d518dccdb6e00f47e28d2984aae5decc3352e83d9ff838594c4800c
tcn,electrode,101,bandpass_n20003_cRA_V2_V5_electrode_s5,phase2/results/predictions/full/electrode/tcn/seed_101/bandpass_n20003_cRA_V2_V5_electrode_s5.npz,76163,26e8e371dcdf2b6f4104d41faf62782fcb1591080e1a44f8c212d48a4c0e5221
tcn,electrode,101,bandpass_n20003_cRA_V2_V5_electrode_s0,phase2/results/predictions/full/electrode/tcn/seed_101/bandpass_n20003_cRA_V2_V5_electrode_s0.npz,75889,409ff665efecc53e18ffe987ecab75913d41dd112f16855efa3af9ec04b99e10
tcn,electrode,101,bandpass_n20003_cRA_V2_V5_covariance_s20,phase2/results/predictions/full/electrode/tcn/seed_101/bandpass_n20003_cRA_V2_V5_covariance_s20.npz,76372,b2f5e35cbb62c9fb6e9938985c6ac3716df34983186cfbfa89cdfb839eb7bdfb
tcn,electrode,101,bandpass_n20003_cRA_V2_V5_covariance_s15,phase2/results/predictions/full/electrode/tcn/seed_101/bandpass_n20003_cRA_V2_V5_covariance_s15.npz,76365,1bf528201db7c074cd26a1c45ef6eaf9b675658b02a926a3a7f85a2fc3a458dd
tcn,electrode,101,bandpass_n20003_cRA_V2_V5_covariance_s10,phase2/results/predictions/full/electrode/tcn/seed_101/bandpass_n20003_cRA_V2_V5_covariance_s10.npz,76328,76337fe092b7ce75a8c99b7676f9d83d958f126f44cc53b950b11d8d453c7010
tcn,electrode,101,bandpass_n20003_cRA_V2_V5_covariance_s5,phase2/results/predictions/full/electrode/tcn/seed_101/bandpass_n20003_cRA_V2_V5_covariance_s5.npz,76192,f879ddd95d5d4d407081902e3d0b9b31f938ddececcd65448de9fc5f1c1f3cfa
tcn,electrode,101,bandpass_n20003_cRA_V2_V5_covariance_s0,phase2/results/predictions/full/electrode/tcn/seed_101/bandpass_n20003_cRA_V2_V5_covariance_s0.npz,75884,36c43f74cb5fcf1c8ab3dac20c1a0c308ddb0aebe74a429bbb2bfa84c60c8a21
tcn,electrode,101,bandpass_n20003_cLA_V3_V6_independent_rms_s20,phase2/results/predictions/full/electrode/tcn/seed_101/bandpass_n20003_cLA_V3_V6_independent_rms_s20.npz,76392,f4bc65e0ea35b717f82fe5e4ce698a4e0afd56cc44a3a047c06c382b154569dd
tcn,electrode,101,bandpass_n20003_cLA_V3_V6_independent_rms_s15,phase2/results/predictions/full/electrode/tcn/seed_101/bandpass_n20003_cLA_V3_V6_independent_rms_s15.npz,76397,ef1baf6e03f0047efdefc4a77d63e7be1e73b37579564a1d1c440995be6bf346
tcn,electrode,101,bandpass_n20003_cLA_V3_V6_independent_rms_s10,phase2/results/predictions/full/electrode/tcn/seed_101/bandpass_n20003_cLA_V3_V6_independent_rms_s10.npz,76372,3909b9fe8c42013b898430dfbe91988ac0041929dc31bf7b97f3d5899ecbb0a3
tcn,electrode,101,bandpass_n20003_cLA_V3_V6_independent_rms_s5,phase2/results/predictions/full/electrode/tcn/seed_101/bandpass_n20003_cLA_V3_V6_independent_rms_s5.npz,76279,69d0673213dbc3b74d56197aa017d34dc816e96092d4144a0412eeb90e966071
tcn,electrode,101,bandpass_n20003_cLA_V3_V6_independent_rms_s0,phase2/results/predictions/full/electrode/tcn/seed_101/bandpass_n20003_cLA_V3_V6_independent_rms_s0.npz,76036,6c91ef8c92f17f108dab61a038e2ee0f2c334b7c14602a0def6814a953233d23
tcn,electrode,101,bandpass_n20003_cLA_V3_V6_electrode_s20,phase2/results/predictions/full/electrode/tcn/seed_101/bandpass_n20003_cLA_V3_V6_electrode_s20.npz,76387,b2770a8698562285d09028e09a15170ddfc263eee5aa9efef4d3036c0a34c3cd
tcn,electrode,101,bandpass_n20003_cLA_V3_V6_electrode_s15,phase2/results/predictions/full/electrode/tcn/seed_101/bandpass_n20003_cLA_V3_V6_electrode_s15.npz,76393,ac8b18fb8600c45fc43d71d38e79691891edc8de75764564a18eef137b3cca81
tcn,electrode,101,bandpass_n20003_cLA_V3_V6_electrode_s10,phase2/results/predictions/full/electrode/tcn/seed_101/bandpass_n20003_cLA_V3_V6_electrode_s10.npz,76379,290e4fcd9cb77b96814fd1d7e43a76846510dc65f3be90b7e5566a7b4d0204e7
tcn,electrode,101,bandpass_n20003_cLA_V3_V6_electrode_s5,phase2/results/predictions/full/electrode/tcn/seed_101/bandpass_n20003_cLA_V3_V6_electrode_s5.npz,76208,268679df0d02fa68c4f14c8eaa3fb2f73deaa39e9986c914a612076d1966e6ea
tcn,electrode,101,bandpass_n20003_cLA_V3_V6_electrode_s0,phase2/results/predictions/full/electrode/tcn/seed_101/bandpass_n20003_cLA_V3_V6_electrode_s0.npz,75924,91d5ae22618b5d48f06244179cf661980b89a88b71c35026ea0c112f2886d61c
tcn,electrode,101,bandpass_n20003_cLA_V3_V6_covariance_s20,phase2/results/predictions/full/electrode/tcn/seed_101/bandpass_n20003_cLA_V3_V6_covariance_s20.npz,76390,46923e137dcd93ea4f7f37c620200752ec97ccc7f386206a5f92ff7ddf4050f2
tcn,electrode,101,bandpass_n20003_cLA_V3_V6_covariance_s15,phase2/results/predictions/full/electrode/tcn/seed_101/bandpass_n20003_cLA_V3_V6_covariance_s15.npz,76368,399724774e825efc5171e9fe76717c05138d67cd6ef5d076b857d1e8b44a4980
tcn,electrode,101,bandpass_n20003_cLA_V3_V6_covariance_s10,phase2/results/predictions/full/electrode/tcn/seed_101/bandpass_n20003_cLA_V3_V6_covariance_s10.npz,76389,23ec7d24887f90a20aa8441152651475650c9c980709c5543fece1c85de61b01
tcn,electrode,101,bandpass_n20003_cLA_V3_V6_covariance_s5,phase2/results/predictions/full/electrode/tcn/seed_101/bandpass_n20003_cLA_V3_V6_covariance_s5.npz,76212,b170be3858cff3c41ffe00e750d30b3d0c37f7261777b08af13c3f60ac943391
tcn,electrode,101,bandpass_n20003_cLA_V3_V6_covariance_s0,phase2/results/predictions/full/electrode/tcn/seed_101/bandpass_n20003_cLA_V3_V6_covariance_s0.npz,75914,7ee0c50ec1018a15d809927b3eca69b89c0b5b659bda42b47713eb97cf996eb7
tcn,electrode,101,bandpass_n20003_cLL_V1_V4_independent_rms_s20,phase2/results/predictions/full/electrode/tcn/seed_101/bandpass_n20003_cLL_V1_V4_independent_rms_s20.npz,76419,79b4c1181774dcaf2c031b75ea5b5cc693aa794164a978588866adb6b879c054
tcn,electrode,101,bandpass_n20003_cLL_V1_V4_independent_rms_s15,phase2/results/predictions/full/electrode/tcn/seed_101/bandpass_n20003_cLL_V1_V4_independent_rms_s15.npz,76401,f43b3d97b19733de30f83ca3b54b60220d99fc4bb6670d1bfc4832b13c3ab1d4
tcn,electrode,101,bandpass_n20003_cLL_V1_V4_independent_rms_s10,phase2/results/predictions/full/electrode/tcn/seed_101/bandpass_n20003_cLL_V1_V4_independent_rms_s10.npz,76361,ade3e6c79f6d8d3e5e37640a4a59ca7cb291491e5cf07311cfc504a8c1c2b4a9
tcn,electrode,101,bandpass_n20003_cLL_V1_V4_independent_rms_s5,phase2/results/predictions/full/electrode/tcn/seed_101/bandpass_n20003_cLL_V1_V4_independent_rms_s5.npz,76282,c42f29261d09b8e84595ccebd4cde9f52370014713d577a63ec25b9eaaa9c54b
tcn,electrode,101,bandpass_n20003_cLL_V1_V4_independent_rms_s0,phase2/results/predictions/full/electrode/tcn/seed_101/bandpass_n20003_cLL_V1_V4_independent_rms_s0.npz,76004,5faf73d775216bc632c9a99f87298ecee88a5efb287e97d11c74c897898066e0
tcn,electrode,101,bandpass_n20003_cLL_V1_V4_electrode_s20,phase2/results/predictions/full/electrode/tcn/seed_101/bandpass_n20003_cLL_V1_V4_electrode_s20.npz,76381,5562c9812ae127b6966311e63c2e41ed0131197d8ce429e65281fd2ff705dc7f
tcn,electrode,101,bandpass_n20003_cLL_V1_V4_electrode_s15,phase2/results/predictions/full/electrode/tcn/seed_101/bandpass_n20003_cLL_V1_V4_electrode_s15.npz,76387,3727a611f5a0c53396a00afffccf1d202af9ce21943ab8a846aa1d8d37c3d1bc
tcn,electrode,101,bandpass_n20003_cLL_V1_V4_electrode_s10,phase2/results/predictions/full/electrode/tcn/seed_101/bandpass_n20003_cLL_V1_V4_electrode_s10.npz,76355,1ba1f2b966bf9b94a36edc0446540b611546bbd1e615bfd235d66629a9318eb1
tcn,electrode,101,bandpass_n20003_cLL_V1_V4_electrode_s5,phase2/results/predictions/full/electrode/tcn/seed_101/bandpass_n20003_cLL_V1_V4_electrode_s5.npz,76215,2cb8f7fee0a4ca9a272f92be6892f1df7a928dd6090bde08a353486b63b85d6c
tcn,electrode,101,bandpass_n20003_cLL_V1_V4_electrode_s0,phase2/results/predictions/full/electrode/tcn/seed_101/bandpass_n20003_cLL_V1_V4_electrode_s0.npz,75938,a3a7fe131228612b3d232ca0866457710e75dcf5804b507527d719a8ce6b9f82
tcn,electrode,101,bandpass_n20003_cLL_V1_V4_covariance_s20,phase2/results/predictions/full/electrode/tcn/seed_101/bandpass_n20003_cLL_V1_V4_covariance_s20.npz,76416,318acd78ba336b103de471ab745191641abf9f1ddd95293563ac7c07e7ea9430
tcn,electrode,101,bandpass_n20003_cLL_V1_V4_covariance_s15,phase2/results/predictions/full/electrode/tcn/seed_101/bandpass_n20003_cLL_V1_V4_covariance_s15.npz,76389,04c8bcaed66357750cbc3cff520dc38657f08d0350446a889abf89b9a816d7ea
tcn,electrode,101,bandpass_n20003_cLL_V1_V4_covariance_s10,phase2/results/predictions/full/electrode/tcn/seed_101/bandpass_n20003_cLL_V1_V4_covariance_s10.npz,76365,962253c3aa68265f2a517386395ea485178350e1db9037ee70fefab114bf08b8
tcn,electrode,101,bandpass_n20003_cLL_V1_V4_covariance_s5,phase2/results/predictions/full/electrode/tcn/seed_101/bandpass_n20003_cLL_V1_V4_covariance_s5.npz,76265,80c850f4f8affa8fa04b21389ee717b4700910daa8ecba00c4d45c2968555470
tcn,electrode,101,bandpass_n20003_cLL_V1_V4_covariance_s0,phase2/results/predictions/full/electrode/tcn/seed_101/bandpass_n20003_cLL_V1_V4_covariance_s0.npz,75927,23cd04c6c7dba0d2c993ce869ac048d4b0cbcb5431af1f586ae589b21b2271e9
tcn,electrode,101,bandpass_n20003_call_independent_rms_s20,phase2/results/predictions/full/electrode/tcn/seed_101/bandpass_n20003_call_independent_rms_s20.npz,76367,a57c35107f1881d988b9e949ca0cf049244e19de5d9cdc4673ffabb9a810f6d2
tcn,electrode,101,bandpass_n20003_call_independent_rms_s15,phase2/results/predictions/full/electrode/tcn/seed_101/bandpass_n20003_call_independent_rms_s15.npz,76359,34573b5b5cc9f71088e7f2f379c639976ea01282baa432cd896d6613c564ea18
tcn,electrode,101,bandpass_n20003_call_independent_rms_s10,phase2/results/predictions/full/electrode/tcn/seed_101/bandpass_n20003_call_independent_rms_s10.npz,76313,570aefbe67f7c9f50e75769a28d969a6befd32a490768049722f1abb9d018524
tcn,electrode,101,bandpass_n20003_call_independent_rms_s5,phase2/results/predictions/full/electrode/tcn/seed_101/bandpass_n20003_call_independent_rms_s5.npz,76255,9a9f3ebaf0d6dc3e2ad427d602134b1c796e21b6f33d36e71f7f4a1477941170
tcn,electrode,101,bandpass_n20003_call_independent_rms_s0,phase2/results/predictions/full/electrode/tcn/seed_101/bandpass_n20003_call_independent_rms_s0.npz,75981,b03cc3808c05254ee4ab8f8facfcb41d05e49d4a66edf5d8c69697725dac2b4c
tcn,electrode,101,bandpass_n20003_call_electrode_s20,phase2/results/predictions/full/electrode/tcn/seed_101/bandpass_n20003_call_electrode_s20.npz,76355,7da8b2d331b28d697434466fb02b7869a5c4a1b7690bf88d707b3b174817e8e7
tcn,electrode,101,bandpass_n20003_call_electrode_s15,phase2/results/predictions/full/electrode/tcn/seed_101/bandpass_n20003_call_electrode_s15.npz,76353,54231d86701dff03dd17853cbefc14f35eee993053d20e4bcbf41929422ed40d
tcn,electrode,101,bandpass_n20003_call_electrode_s10,phase2/results/predictions/full/electrode/tcn/seed_101/bandpass_n20003_call_electrode_s10.npz,76331,3c05419cd7e9c394c2e3e45b16f2b326aa10c7e48559589c851f9e67e204944f
tcn,electrode,101,bandpass_n20003_call_electrode_s5,phase2/results/predictions/full/electrode/tcn/seed_101/bandpass_n20003_call_electrode_s5.npz,76179,95a06646933b2775516316bdf10eb6a3d789ea420b991f71885e7bde341fc9fd
tcn,electrode,101,bandpass_n20003_call_electrode_s0,phase2/results/predictions/full/electrode/tcn/seed_101/bandpass_n20003_call_electrode_s0.npz,75860,5296aecc54898aa0e1b5f91ff165be70d2c6b03ab548b48af7f503c9eb21dce7
tcn,electrode,101,bandpass_n20003_call_covariance_s20,phase2/results/predictions/full/electrode/tcn/seed_101/bandpass_n20003_call_covariance_s20.npz,76326,d1945c8fd56bc00357d8b0f90009bb08a7432d52a9ac152d5da77b5414bd4382
tcn,electrode,101,bandpass_n20003_call_covariance_s15,phase2/results/predictions/full/electrode/tcn/seed_101/bandpass_n20003_call_covariance_s15.npz,76373,c8c885013b120aba9f6dc9648bfa8112fc4573b9232aec30a0b5e762be088db1
tcn,electrode,101,bandpass_n20003_call_covariance_s10,phase2/results/predictions/full/electrode/tcn/seed_101/bandpass_n20003_call_covariance_s10.npz,76327,7eba236bf3acadfa7b9f97c62c7320feb1bef3892bc1a26a90aef75b4803c71d
tcn,electrode,101,bandpass_n20003_call_covariance_s5,phase2/results/predictions/full/electrode/tcn/seed_101/bandpass_n20003_call_covariance_s5.npz,76176,f6cda98a5f3153392eb0249a6067df21a46b447502019add59c8500794f51383
tcn,electrode,101,bandpass_n20003_call_covariance_s0,phase2/results/predictions/full/electrode/tcn/seed_101/bandpass_n20003_call_covariance_s0.npz,75838,c7dac4ec89b6e5111176734078953a474f068ce868ccc5b25fa53a4417838b64
tcn,electrode,101,bandpass_n20004_cRA_LA_LL_independent_rms_s20,phase2/results/predictions/full/electrode/tcn/seed_101/bandpass_n20004_cRA_LA_LL_independent_rms_s20.npz,76384,b52b9aa5ffd81e103dc6bce1a9a237fbebcffdff79bec9560654cd1b57940f0c
tcn,electrode,101,bandpass_n20004_cRA_LA_LL_independent_rms_s15,phase2/results/predictions/full/electrode/tcn/seed_101/bandpass_n20004_cRA_LA_LL_independent_rms_s15.npz,76396,8d8f4865b531794373728070aa06351a8a73304f7b3a387230fa5709b6aa2316
tcn,electrode,101,bandpass_n20004_cRA_LA_LL_independent_rms_s10,phase2/results/predictions/full/electrode/tcn/seed_101/bandpass_n20004_cRA_LA_LL_independent_rms_s10.npz,76392,53084519c6563008e6397a75d7c14577c1362a6eebb645d762bb4dd0574c8495
tcn,electrode,101,bandpass_n20004_cRA_LA_LL_independent_rms_s5,phase2/results/predictions/full/electrode/tcn/seed_101/bandpass_n20004_cRA_LA_LL_independent_rms_s5.npz,76276,ec7e871e6fda36f3effef858933926505ae250ac99fd8b6ff19a6898b7eabf44
tcn,electrode,101,bandpass_n20004_cRA_LA_LL_independent_rms_s0,phase2/results/predictions/full/electrode/tcn/seed_101/bandpass_n20004_cRA_LA_LL_independent_rms_s0.npz,76012,5e7be80bde7efded7c4072abadf4bff37b8bee178ed1f56f111f87f4a4875974
tcn,electrode,101,bandpass_n20004_cRA_LA_LL_electrode_s20,phase2/results/predictions/full/electrode/tcn/seed_101/bandpass_n20004_cRA_LA_LL_electrode_s20.npz,76349,66a9e437752e787f10bfd98b16825daea863946aa1acc52b720c76ca4eea423e
tcn,electrode,101,bandpass_n20004_cRA_LA_LL_electrode_s15,phase2/results/predictions/full/electrode/tcn/seed_101/bandpass_n20004_cRA_LA_LL_electrode_s15.npz,76340,cf64bd3cc950a4587d940a8ba5343d8390ea7df4a78bf1605c156ccbeb87fb9e
tcn,electrode,101,bandpass_n20004_cRA_LA_LL_electrode_s10,phase2/results/predictions/full/electrode/tcn/seed_101/bandpass_n20004_cRA_LA_LL_electrode_s10.npz,76359,900d92cfcccf264bb9df6b00886ba9859df930170f0d7412bede2b199251f2e6
tcn,electrode,101,bandpass_n20004_cRA_LA_LL_electrode_s5,phase2/results/predictions/full/electrode/tcn/seed_101/bandpass_n20004_cRA_LA_LL_electrode_s5.npz,76153,91dea5bb4b0e3a81b67af63f482445c41ccc9a267bcab987781a3045f352ad70
tcn,electrode,101,bandpass_n20004_cRA_LA_LL_electrode_s0,phase2/results/predictions/full/electrode/tcn/seed_101/bandpass_n20004_cRA_LA_LL_electrode_s0.npz,75844,c1e8eabd18a64a5f1673f335efeca7909ff58cda5fcc33e6235d53a7c03930c7
tcn,electrode,101,bandpass_n20004_cRA_LA_LL_covariance_s20,phase2/results/predictions/full/electrode/tcn/seed_101/bandpass_n20004_cRA_LA_LL_covariance_s20.npz,76360,04ae002e372ceb3551717f45ca9ab1bd93fd85974734d4473bbbbcb507e5f23d
tcn,electrode,101,bandpass_n20004_cRA_LA_LL_covariance_s15,phase2/results/predictions/full/electrode/tcn/seed_101/bandpass_n20004_cRA_LA_LL_covariance_s15.npz,76359,e8d98263e525b50fea2ae3d79d1482a1613de6be0bd32bdffa90c3b97ad5f3f2
tcn,electrode,101,bandpass_n20004_cRA_LA_LL_covariance_s10,phase2/results/predictions/full/electrode/tcn/seed_101/bandpass_n20004_cRA_LA_LL_covariance_s10.npz,76320,2c72efb2cbb50f9a015c6b172d29cc10a17326eef3ba2732be415e8077675b9b
tcn,electrode,101,bandpass_n20004_cRA_LA_LL_covariance_s5,phase2/results/predictions/full/electrode/tcn/seed_101/bandpass_n20004_cRA_LA_LL_covariance_s5.npz,76191,d8e3942945692ab749c5a5685521ec77359f8766f9cd2002743c196fb2a6b82d
tcn,electrode,101,bandpass_n20004_cRA_LA_LL_covariance_s0,phase2/results/predictions/full/electrode/tcn/seed_101/bandpass_n20004_cRA_LA_LL_covariance_s0.npz,75844,122f6eec7093078be9700b472d9d9cc2519124e0de0a87ca85e8672f9bc6b87b
tcn,electrode,101,bandpass_n20004_cV1_independent_rms_s20,phase2/results/predictions/full/electrode/tcn/seed_101/bandpass_n20004_cV1_independent_rms_s20.npz,76354,52efdd76f5f6657bf3fa71e758b97e52b7533a53fc8eb58acaa94a52cf1f61dc
tcn,electrode,101,bandpass_n20004_cV1_independent_rms_s15,phase2/results/predictions/full/electrode/tcn/seed_101/bandpass_n20004_cV1_independent_rms_s15.npz,76378,68ba1238485c03ca03de2619ca4ac599d16403bd9f68ea1ca53748f06787de5d
tcn,electrode,101,bandpass_n20004_cV1_independent_rms_s10,phase2/results/predictions/full/electrode/tcn/seed_101/bandpass_n20004_cV1_independent_rms_s10.npz,76330,cb497049728e0adc747f49a271c5b2b176c1b3253df8b5719bac19b7fdeedb5f
tcn,electrode,101,bandpass_n20004_cV1_independent_rms_s5,phase2/results/predictions/full/electrode/tcn/seed_101/bandpass_n20004_cV1_independent_rms_s5.npz,76205,f5edf00fa5056411340a3e947460242a31ac31bab3166aa6e35d0b1d712e3df0
tcn,electrode,101,bandpass_n20004_cV1_independent_rms_s0,phase2/results/predictions/full/electrode/tcn/seed_101/bandpass_n20004_cV1_independent_rms_s0.npz,75857,f057d8efdb7a5b0a62838c4a4b1bc65bf346c6f2304156f2bb6651696953af34
tcn,electrode,101,bandpass_n20004_cV1_electrode_s20,phase2/results/predictions/full/electrode/tcn/seed_101/bandpass_n20004_cV1_electrode_s20.npz,76376,09eb97b01896b8ad2c9a5c14b4c9b6eee0517a5ceb72c90744147b23a94b1b4a
tcn,electrode,101,bandpass_n20004_cV1_electrode_s15,phase2/results/predictions/full/electrode/tcn/seed_101/bandpass_n20004_cV1_electrode_s15.npz,76350,a6e0c9d13b905f9d53bf6803b4c40d160a19f5d215e0c866740a954f66125140
tcn,electrode,101,bandpass_n20004_cV1_electrode_s10,phase2/results/predictions/full/electrode/tcn/seed_101/bandpass_n20004_cV1_electrode_s10.npz,76332,1e35f45994fb2a8aa60993c0f27fb8310620f162c265bc0b0c1eccae0760b0ec
tcn,electrode,101,bandpass_n20004_cV1_electrode_s5,phase2/results/predictions/full/electrode/tcn/seed_101/bandpass_n20004_cV1_electrode_s5.npz,76168,582de6c620651ab2579ce8508c1a2d0ceb33a1281cc810a38f6a4c8a1b8fe080
tcn,electrode,101,bandpass_n20004_cV1_electrode_s0,phase2/results/predictions/full/electrode/tcn/seed_101/bandpass_n20004_cV1_electrode_s0.npz,75847,fc07766a104c8e0adcd24dc898f71c3310997f641cfac7dbd5385c8f47355e30
tcn,electrode,101,bandpass_n20004_cV1_covariance_s20,phase2/results/predictions/full/electrode/tcn/seed_101/bandpass_n20004_cV1_covariance_s20.npz,76350,82e856ae8e1c02cf7dc970bcce74995b3663cf59bfd04b731d9539a2e943e870
tcn,electrode,101,bandpass_n20004_cV1_covariance_s15,phase2/results/predictions/full/electrode/tcn/seed_101/bandpass_n20004_cV1_covariance_s15.npz,76363,b1020a9b33e3f70e2c3f1724821c92c697be6e38ad43f47a44b7d01fc4efbae6
tcn,electrode,101,bandpass_n20004_cV1_covariance_s10,phase2/results/predictions/full/electrode/tcn/seed_101/bandpass_n20004_cV1_covariance_s10.npz,76325,b2806dc9cfdd55d11b36f556f7599ff602915b1d524c55177a0d55545eb44344
tcn,electrode,101,bandpass_n20004_cV1_covariance_s5,phase2/results/predictions/full/electrode/tcn/seed_101/bandpass_n20004_cV1_covariance_s5.npz,76183,a5afe8abb5c954607cc6e8f521635afadc0d2bc1f42d133d3362bbeba29bccd7
tcn,electrode,101,bandpass_n20004_cV1_covariance_s0,phase2/results/predictions/full/electrode/tcn/seed_101/bandpass_n20004_cV1_covariance_s0.npz,75866,d23e7362e023618826584c7bc5203057d5facb518cdc672248e963d7f521eaaf
tcn,electrode,101,bandpass_n20004_cV2_independent_rms_s20,phase2/results/predictions/full/electrode/tcn/seed_101/bandpass_n20004_cV2_independent_rms_s20.npz,76387,a3310936e88c259c234aca90b497fdac3b25b154f74cef12b5082827d7e3bf0a
tcn,electrode,101,bandpass_n20004_cV2_independent_rms_s15,phase2/results/predictions/full/electrode/tcn/seed_101/bandpass_n20004_cV2_independent_rms_s15.npz,76383,ed3477ff318ffa1f6124d98733d482f31221b5efa3c1f1088d51c7fe25961696
tcn,electrode,101,bandpass_n20004_cV2_independent_rms_s10,phase2/results/predictions/full/electrode/tcn/seed_101/bandpass_n20004_cV2_independent_rms_s10.npz,76349,8321c061d1f7117e9687720df351c15bded131db74431109d122d86a0dbdcc79
tcn,electrode,101,bandpass_n20004_cV2_independent_rms_s5,phase2/results/predictions/full/electrode/tcn/seed_101/bandpass_n20004_cV2_independent_rms_s5.npz,76244,864a41b69cd63c459b3a04f83571cc55d077854a4279dea47ed4ee1d6a3863dc
tcn,electrode,101,bandpass_n20004_cV2_independent_rms_s0,phase2/results/predictions/full/electrode/tcn/seed_101/bandpass_n20004_cV2_independent_rms_s0.npz,76007,a60f7b63dd9b19630542db4a9e9916060dbac0fddf7c577c6f7fea6fc21e7d26
tcn,electrode,101,bandpass_n20004_cV2_electrode_s20,phase2/results/predictions/full/electrode/tcn/seed_101/bandpass_n20004_cV2_electrode_s20.npz,76340,0393edb4af0fb5a4ea5375ddb2be3108cc053a4e30f640811fb446787d755b0b
tcn,electrode,101,bandpass_n20004_cV2_electrode_s15,phase2/results/predictions/full/electrode/tcn/seed_101/bandpass_n20004_cV2_electrode_s15.npz,76356,a3bab2108e707da75c29d9214c6a9b1b5ed948f78efc65c0ea3ff0299b53fdd7
tcn,electrode,101,bandpass_n20004_cV2_electrode_s10,phase2/results/predictions/full/electrode/tcn/seed_101/bandpass_n20004_cV2_electrode_s10.npz,76331,cdd94280c84f6efa64f72c958b5d6484bb8805b7a37045394c13fad7a2161951
tcn,electrode,101,bandpass_n20004_cV2_electrode_s5,phase2/results/predictions/full/electrode/tcn/seed_101/bandpass_n20004_cV2_electrode_s5.npz,76251,0d4646c28c2f8ca34b90c52e385a56dc15d557b930232854b250d27ea7f11205
tcn,electrode,101,bandpass_n20004_cV2_electrode_s0,phase2/results/predictions/full/electrode/tcn/seed_101/bandpass_n20004_cV2_electrode_s0.npz,75992,bc88a10700ae75b765c859a51132cbd29c975480fe3a8a8db696b18ec05918a0
tcn,electrode,101,bandpass_n20004_cV2_covariance_s20,phase2/results/predictions/full/electrode/tcn/seed_101/bandpass_n20004_cV2_covariance_s20.npz,76389,c1e51ce7fe21923f06fedf73af01c4f98398603f82999b7e8e2a8e74b2ce3259
tcn,electrode,101,bandpass_n20004_cV2_covariance_s15,phase2/results/predictions/full/electrode/tcn/seed_101/bandpass_n20004_cV2_covariance_s15.npz,76354,3f4e42dc2f3cac0dadbd9a763d310976417f8442cf3a0f1485f755ab9120545e
tcn,electrode,101,bandpass_n20004_cV2_covariance_s10,phase2/results/predictions/full/electrode/tcn/seed_101/bandpass_n20004_cV2_covariance_s10.npz,76339,f657bd66e2f192b7f94feff2e00a4620996128640525fc03587247668bc0c418
tcn,electrode,101,bandpass_n20004_cV2_covariance_s5,phase2/results/predictions/full/electrode/tcn/seed_101/bandpass_n20004_cV2_covariance_s5.npz,76256,791bdb66e4990da995ce26272737367599cfef3b0020b4c61b59db2b48427e0e
tcn,electrode,101,bandpass_n20004_cV2_covariance_s0,phase2/results/predictions/full/electrode/tcn/seed_101/bandpass_n20004_cV2_covariance_s0.npz,76013,4434f319c3f11083d3d34750ca419fc2697282ea65b718c7c36b7c4fa7ba2594
tcn,electrode,101,bandpass_n20004_cV3_independent_rms_s20,phase2/results/predictions/full/electrode/tcn/seed_101/bandpass_n20004_cV3_independent_rms_s20.npz,76399,098bbe3a22b25a23d171ae3c643698a83b18308829057d7de7cff1abdb101e0e
tcn,electrode,101,bandpass_n20004_cV3_independent_rms_s15,phase2/results/predictions/full/electrode/tcn/seed_101/bandpass_n20004_cV3_independent_rms_s15.npz,76392,5b22137570e758fad637cee068bad0e57e372d99a313272c53ea1014eaf5736b
tcn,electrode,101,bandpass_n20004_cV3_independent_rms_s10,phase2/results/predictions/full/electrode/tcn/seed_101/bandpass_n20004_cV3_independent_rms_s10.npz,76346,1322c2d20033d5fc5cd81794907b8a3a7440a313ff73e56f1dec15f1d99f6c36
tcn,electrode,101,bandpass_n20004_cV3_independent_rms_s5,phase2/results/predictions/full/electrode/tcn/seed_101/bandpass_n20004_cV3_independent_rms_s5.npz,76273,1ac6ea70135c71b521d7663faa3572c54e8afb136fc0588b8b49e2efa47b6c0c
tcn,electrode,101,bandpass_n20004_cV3_independent_rms_s0,phase2/results/predictions/full/electrode/tcn/seed_101/bandpass_n20004_cV3_independent_rms_s0.npz,76054,f5fb84a5c959c01a5569455d5887b0d2563dd6ef0f8299e4a7461a0824c735ba
tcn,electrode,101,bandpass_n20004_cV3_electrode_s20,phase2/results/predictions/full/electrode/tcn/seed_101/bandpass_n20004_cV3_electrode_s20.npz,76371,eab2a8abb2744038855397d551c8c74544af26a66ea60e368ba81fddc77cd4ec
tcn,electrode,101,bandpass_n20004_cV3_electrode_s15,phase2/results/predictions/full/electrode/tcn/seed_101/bandpass_n20004_cV3_electrode_s15.npz,76365,c97561f552e29dcb982cb670dbab4ff34eb4f6a597e2fe3a4606981721371876
tcn,electrode,101,bandpass_n20004_cV3_electrode_s10,phase2/results/predictions/full/electrode/tcn/seed_101/bandpass_n20004_cV3_electrode_s10.npz,76373,a10f0c9ceb27a0c86e0badb37a25f30cdaf4ef4265aa8f99fe1f5f89e0b1e849
tcn,electrode,101,bandpass_n20004_cV3_electrode_s5,phase2/results/predictions/full/electrode/tcn/seed_101/bandpass_n20004_cV3_electrode_s5.npz,76277,c9674d82cbc67b937273e3dc1ed147b175252be1cca55193992ef98f1e34964a
tcn,electrode,101,bandpass_n20004_cV3_electrode_s0,phase2/results/predictions/full/electrode/tcn/seed_101/bandpass_n20004_cV3_electrode_s0.npz,76018,3d03a73896be4b8274df1ccec55b95217b4bb26c8efb61c7c382aace267d9996
tcn,electrode,101,bandpass_n20004_cV3_covariance_s20,phase2/results/predictions/full/electrode/tcn/seed_101/bandpass_n20004_cV3_covariance_s20.npz,76363,e7a6d678d54bba132dbc46e25edcd40a9ca509c32f9b6cf5db3b202b19142aec
tcn,electrode,101,bandpass_n20004_cV3_covariance_s15,phase2/results/predictions/full/electrode/tcn/seed_101/bandpass_n20004_cV3_covariance_s15.npz,76365,0d1559fc0771331fa8ae737d31be8a5ba337e2296237eda2ef8f83271d5078f6
tcn,electrode,101,bandpass_n20004_cV3_covariance_s10,phase2/results/predictions/full/electrode/tcn/seed_101/bandpass_n20004_cV3_covariance_s10.npz,76377,a911ca4b2bce55040bf834ca962e78cee3bc2b977480f9af376c6c5eba23a066
tcn,electrode,101,bandpass_n20004_cV3_covariance_s5,phase2/results/predictions/full/electrode/tcn/seed_101/bandpass_n20004_cV3_covariance_s5.npz,76248,5bf51f64d9244af64b240aa376b94e0bc9333369b6c819d0568236a3f5a4b48f
tcn,electrode,101,bandpass_n20004_cV3_covariance_s0,phase2/results/predictions/full/electrode/tcn/seed_101/bandpass_n20004_cV3_covariance_s0.npz,76012,996be9c1f278c085498680434af601cd3f92ef5aca21013d606d582bc805386c
tcn,electrode,101,bandpass_n20004_cV4_independent_rms_s20,phase2/results/predictions/full/electrode/tcn/seed_101/bandpass_n20004_cV4_independent_rms_s20.npz,76368,fbb4f5ea0ee0cfcff82e6c0726eaaaa065616d62a4018b4a3e519b274734510d
tcn,electrode,101,bandpass_n20004_cV4_independent_rms_s15,phase2/results/predictions/full/electrode/tcn/seed_101/bandpass_n20004_cV4_independent_rms_s15.npz,76386,9ecdd15560d7dedaac9e8e5d7437412741787ffc62b80e26741b64d468019553
tcn,electrode,101,bandpass_n20004_cV4_independent_rms_s10,phase2/results/predictions/full/electrode/tcn/seed_101/bandpass_n20004_cV4_independent_rms_s10.npz,76359,5de110e283037acef223e8fbd8176776718d4346049fc34bdea03812c74bb46a
tcn,electrode,101,bandpass_n20004_cV4_independent_rms_s5,phase2/results/predictions/full/electrode/tcn/seed_101/bandpass_n20004_cV4_independent_rms_s5.npz,76302,bbd84717dcc844baccf95f7621b8c0ce93cc05ea87432e0beb79369b2f6c501b
tcn,electrode,101,bandpass_n20004_cV4_independent_rms_s0,phase2/results/predictions/full/electrode/tcn/seed_101/bandpass_n20004_cV4_independent_rms_s0.npz,76106,717df468041fe1aafd0dba86afec9fbb613ccd18d6149e734e407570c6f56542
tcn,electrode,101,bandpass_n20004_cV4_electrode_s20,phase2/results/predictions/full/electrode/tcn/seed_101/bandpass_n20004_cV4_electrode_s20.npz,76363,ca1a583d1672269b8a44a62e243a460186c1d524057f79d78138f0a7691dfae1
tcn,electrode,101,bandpass_n20004_cV4_electrode_s15,phase2/results/predictions/full/electrode/tcn/seed_101/bandpass_n20004_cV4_electrode_s15.npz,76331,863ec438fbaeb4bc7d8b8aecc55a75a2b084fb2dd90eb8a822614f92539276f8
tcn,electrode,101,bandpass_n20004_cV4_electrode_s10,phase2/results/predictions/full/electrode/tcn/seed_101/bandpass_n20004_cV4_electrode_s10.npz,76338,9c41948b37bed8db925aa5f8ef4917d5cdc2ac228999c6b2d171c5e12384b35d
tcn,electrode,101,bandpass_n20004_cV4_electrode_s5,phase2/results/predictions/full/electrode/tcn/seed_101/bandpass_n20004_cV4_electrode_s5.npz,76307,77a1d1d54b85b0150931481dc1ebccd151c8a23aea1262abe37c5794c65db8ba
tcn,electrode,101,bandpass_n20004_cV4_electrode_s0,phase2/results/predictions/full/electrode/tcn/seed_101/bandpass_n20004_cV4_electrode_s0.npz,76117,d4fbc44238bab2cdc03137db58143ddfaf58b180f83f8aac7e4626e00fb6a944
tcn,electrode,101,bandpass_n20004_cV4_covariance_s20,phase2/results/predictions/full/electrode/tcn/seed_101/bandpass_n20004_cV4_covariance_s20.npz,76374,b2b2688e4c53a91d32650cf6924558fb62fac849876dc740c07ac048d4349052
tcn,electrode,101,bandpass_n20004_cV4_covariance_s15,phase2/results/predictions/full/electrode/tcn/seed_101/bandpass_n20004_cV4_covariance_s15.npz,76343,542ae4d56726c00f0f55c1cdbed9e409bad3e43e14b92c2fcd851353ca19b2b1
tcn,electrode,101,bandpass_n20004_cV4_covariance_s10,phase2/results/predictions/full/electrode/tcn/seed_101/bandpass_n20004_cV4_covariance_s10.npz,76357,b25b6fb1d864be369093a9d634bb18b08e59125846c9a0d5e1272cd17f14a85a
tcn,electrode,101,bandpass_n20004_cV4_covariance_s5,phase2/results/predictions/full/electrode/tcn/seed_101/bandpass_n20004_cV4_covariance_s5.npz,76278,ea6e2487061a45afd48c28f74203c742f0c7befcbdaed9242faa3d1d2b18ad46
tcn,electrode,101,bandpass_n20004_cV4_covariance_s0,phase2/results/predictions/full/electrode/tcn/seed_101/bandpass_n20004_cV4_covariance_s0.npz,76107,23c80c4f8b4e90b4a8ec2c93e4e16c81a6cd25051c668a40cf59f8b72d1c0665
tcn,electrode,101,bandpass_n20004_cV5_independent_rms_s20,phase2/results/predictions/full/electrode/tcn/seed_101/bandpass_n20004_cV5_independent_rms_s20.npz,76376,330a11a1b2996cad9165d896e3c50bd429a3072bd4b45f719475cccfea0ce383
tcn,electrode,101,bandpass_n20004_cV5_independent_rms_s15,phase2/results/predictions/full/electrode/tcn/seed_101/bandpass_n20004_cV5_independent_rms_s15.npz,76387,2f39c49859e099fac7f06aeb8d6322483352249c3ec3bef6cc1f195865576e87
tcn,electrode,101,bandpass_n20004_cV5_independent_rms_s10,phase2/results/predictions/full/electrode/tcn/seed_101/bandpass_n20004_cV5_independent_rms_s10.npz,76341,2e76e53981e640338dde739a04934be2de250567b2bf049ca762cd371b441711
tcn,electrode,101,bandpass_n20004_cV5_independent_rms_s5,phase2/results/predictions/full/electrode/tcn/seed_101/bandpass_n20004_cV5_independent_rms_s5.npz,76262,ae66f4001502a96e14bf56bde7d052b2f5c34937922a06ff533b135c67235940
tcn,electrode,101,bandpass_n20004_cV5_independent_rms_s0,phase2/results/predictions/full/electrode/tcn/seed_101/bandpass_n20004_cV5_independent_rms_s0.npz,75990,0aded319ca6cb23e5b8eaa584aeff87a0beb836fcaa55ff5a13cace91d89a960
tcn,electrode,101,bandpass_n20004_cV5_electrode_s20,phase2/results/predictions/full/electrode/tcn/seed_101/bandpass_n20004_cV5_electrode_s20.npz,76368,4db19b6f105e4c788f5d4c1543f8b1c4d2c9a6b686728867d44dff124faa79f3
tcn,electrode,101,bandpass_n20004_cV5_electrode_s15,phase2/results/predictions/full/electrode/tcn/seed_101/bandpass_n20004_cV5_electrode_s15.npz,76365,696070693b0da4c5603c1afdc8ed241c7acaf2ba1f19c995414528758f94d906
tcn,electrode,101,bandpass_n20004_cV5_electrode_s10,phase2/results/predictions/full/electrode/tcn/seed_101/bandpass_n20004_cV5_electrode_s10.npz,76335,5d10736232759b1e4aa84c814fab447043508220783c4345839b7254053a2dec
tcn,electrode,101,bandpass_n20004_cV5_electrode_s5,phase2/results/predictions/full/electrode/tcn/seed_101/bandpass_n20004_cV5_electrode_s5.npz,76275,aeb932012f660244892cffaa3871f0470e1a20242f22ed1ceaf35f23525503f7
tcn,electrode,101,bandpass_n20004_cV5_electrode_s0,phase2/results/predictions/full/electrode/tcn/seed_101/bandpass_n20004_cV5_electrode_s0.npz,76042,3f20c72e48a0bac6198ee40e8f5f96595da75f4ab35475801f5a9ffdf0da22aa
tcn,electrode,101,bandpass_n20004_cV5_covariance_s20,phase2/results/predictions/full/electrode/tcn/seed_101/bandpass_n20004_cV5_covariance_s20.npz,76371,dcad7cb283c90be2d35b0ead2a5a2875366fb5ac41e4a1f7f029fc9821f5e6d8
tcn,electrode,101,bandpass_n20004_cV5_covariance_s15,phase2/results/predictions/full/electrode/tcn/seed_101/bandpass_n20004_cV5_covariance_s15.npz,76368,8159e906c0d75ac971142eb8060ed5f4e04b4d0f17679e6f0a3101fd2a0707c1
tcn,electrode,101,bandpass_n20004_cV5_covariance_s10,phase2/results/predictions/full/electrode/tcn/seed_101/bandpass_n20004_cV5_covariance_s10.npz,76339,f398f40dc3ecfc10bbea669d29c9f3a9830172921fa6060d14068a451d458833
tcn,electrode,101,bandpass_n20004_cV5_covariance_s5,phase2/results/predictions/full/electrode/tcn/seed_101/bandpass_n20004_cV5_covariance_s5.npz,76252,ef0fd8eddc7cb469b4dd5a6e8100d810e7214a16533349a50976be2b184ef5f7
tcn,electrode,101,bandpass_n20004_cV5_covariance_s0,phase2/results/predictions/full/electrode/tcn/seed_101/bandpass_n20004_cV5_covariance_s0.npz,76026,20cc05ece381d8eb5fe224b2cd12d1793aa91cd7409ebaec3b36079a53fdb31c
tcn,electrode,101,bandpass_n20004_cV6_independent_rms_s20,phase2/results/predictions/full/electrode/tcn/seed_101/bandpass_n20004_cV6_independent_rms_s20.npz,76357,ec52ca5e43790c29008d8b7f3b311aed9d89de60bf85102a9cf9ab3fde3ddcb0
tcn,electrode,101,bandpass_n20004_cV6_independent_rms_s15,phase2/results/predictions/full/electrode/tcn/seed_101/bandpass_n20004_cV6_independent_rms_s15.npz,76338,203549e2f425ff17d1e666726a8aa360e2f7f75543d90d618e3d6f7e908355ff
tcn,electrode,101,bandpass_n20004_cV6_independent_rms_s10,phase2/results/predictions/full/electrode/tcn/seed_101/bandpass_n20004_cV6_independent_rms_s10.npz,76336,2bddbeff514eef1be2a61f1ee8ff61c043a64902dcbfe303f31344610402283a
tcn,electrode,101,bandpass_n20004_cV6_independent_rms_s5,phase2/results/predictions/full/electrode/tcn/seed_101/bandpass_n20004_cV6_independent_rms_s5.npz,76317,ef0cef092ff9668186b92f332f3197db861b372adcf468949f0d63580b1aee71
tcn,electrode,101,bandpass_n20004_cV6_independent_rms_s0,phase2/results/predictions/full/electrode/tcn/seed_101/bandpass_n20004_cV6_independent_rms_s0.npz,76094,dd35d477c38aa8b7a25d44c52f810d59cb08fc8113030c660a410448a9581ba9
tcn,electrode,101,bandpass_n20004_cV6_electrode_s20,phase2/results/predictions/full/electrode/tcn/seed_101/bandpass_n20004_cV6_electrode_s20.npz,76375,8d4030892cb134f5dfb3cdd98118154164c3acfc44b4177bf25ef600e9601aca
tcn,electrode,101,bandpass_n20004_cV6_electrode_s15,phase2/results/predictions/full/electrode/tcn/seed_101/bandpass_n20004_cV6_electrode_s15.npz,76368,1dd1da0f2796e0606072e093e252807ff94afd272f62b50f717519c27957b0a2
tcn,electrode,101,bandpass_n20004_cV6_electrode_s10,phase2/results/predictions/full/electrode/tcn/seed_101/bandpass_n20004_cV6_electrode_s10.npz,76352,15754191cc37e957dbdbb332cdd234448eb46a0503386a3162bc3781f58afc2e
tcn,electrode,101,bandpass_n20004_cV6_electrode_s5,phase2/results/predictions/full/electrode/tcn/seed_101/bandpass_n20004_cV6_electrode_s5.npz,76282,a4efe89b676e90058f56f5f37b981069ba16bdac2602a198104f0ca6db16d37a
tcn,electrode,101,bandpass_n20004_cV6_electrode_s0,phase2/results/predictions/full/electrode/tcn/seed_101/bandpass_n20004_cV6_electrode_s0.npz,76104,cce210f131c3e3da2750a490d99203769c26cf1006c610ac00178a7a56f182de
tcn,electrode,101,bandpass_n20004_cV6_covariance_s20,phase2/results/predictions/full/electrode/tcn/seed_101/bandpass_n20004_cV6_covariance_s20.npz,76349,45f6ad7414cac8d48a2f27e0d2c944df6729edafdd9038d6cd526cff4de7f913
tcn,electrode,101,bandpass_n20004_cV6_covariance_s15,phase2/results/predictions/full/electrode/tcn/seed_101/bandpass_n20004_cV6_covariance_s15.npz,76349,228b31738dab00283335ed796ad0d42b661b6ba8ad48a7f5772c58ce1f0b73b0
tcn,electrode,101,bandpass_n20004_cV6_covariance_s10,phase2/results/predictions/full/electrode/tcn/seed_101/bandpass_n20004_cV6_covariance_s10.npz,76354,be37eb8cc82713943305c7703e39a3d20884d8e4d0c94a19f00ef3182a05dbde
tcn,electrode,101,bandpass_n20004_cV6_covariance_s5,phase2/results/predictions/full/electrode/tcn/seed_101/bandpass_n20004_cV6_covariance_s5.npz,76278,2f164efbc560f5c54b0b2e928155a398cacb46bcfe9745e78861670f7e6e74bf
tcn,electrode,101,bandpass_n20004_cV6_covariance_s0,phase2/results/predictions/full/electrode/tcn/seed_101/bandpass_n20004_cV6_covariance_s0.npz,76100,1942680343fdb656b430f980600742720ebc59ec1f54b4210bf08afefe53a343
tcn,electrode,101,bandpass_n20004_cRA_LA_independent_rms_s20,phase2/results/predictions/full/electrode/tcn/seed_101/bandpass_n20004_cRA_LA_independent_rms_s20.npz,76375,29dba4786dd5df00c34a9c7bf67a7446ed82050acfe360df4fa0b5679ab700c1
tcn,electrode,101,bandpass_n20004_cRA_LA_independent_rms_s15,phase2/results/predictions/full/electrode/tcn/seed_101/bandpass_n20004_cRA_LA_independent_rms_s15.npz,76404,aec30968631f8dddec27d514696fe66c80094eaea4fd22881bec35ede6520d30
tcn,electrode,101,bandpass_n20004_cRA_LA_independent_rms_s10,phase2/results/predictions/full/electrode/tcn/seed_101/bandpass_n20004_cRA_LA_independent_rms_s10.npz,76334,16f8984bf13a6630d3de741568e0c7b73dfc3066dbf564b31bfecbc06946917c
tcn,electrode,101,bandpass_n20004_cRA_LA_independent_rms_s5,phase2/results/predictions/full/electrode/tcn/seed_101/bandpass_n20004_cRA_LA_independent_rms_s5.npz,76253,083c0ba85774304f87b82136aca8f494d687aff22df14c3d84e672b7f8d58ece
tcn,electrode,101,bandpass_n20004_cRA_LA_independent_rms_s0,phase2/results/predictions/full/electrode/tcn/seed_101/bandpass_n20004_cRA_LA_independent_rms_s0.npz,76028,9065ae3f56722397a68df0aa3cad7c7705392e854d09cc0e60fee9e26de5e3f8
tcn,electrode,101,bandpass_n20004_cRA_LA_electrode_s20,phase2/results/predictions/full/electrode/tcn/seed_101/bandpass_n20004_cRA_LA_electrode_s20.npz,76386,3a027ef1244b72f122c26400fd1d0c78600217bb5fb3ffd17be37661823c58c8
tcn,electrode,101,bandpass_n20004_cRA_LA_electrode_s15,phase2/results/predictions/full/electrode/tcn/seed_101/bandpass_n20004_cRA_LA_electrode_s15.npz,76355,53ec77dd9a729d5e9d9d92e87b10ba8a894b3f2aa8f494be08fddb4cd087756b
tcn,electrode,101,bandpass_n20004_cRA_LA_electrode_s10,phase2/results/predictions/full/electrode/tcn/seed_101/bandpass_n20004_cRA_LA_electrode_s10.npz,76344,bd7f55500441cdd7398757a3ad6ec4757ab87d20a88958d88adcb830a0bc2374
tcn,electrode,101,bandpass_n20004_cRA_LA_electrode_s5,phase2/results/predictions/full/electrode/tcn/seed_101/bandpass_n20004_cRA_LA_electrode_s5.npz,76131,9e9801a4ae3fe97ee2370a6a4b8334e09def651fe546f0988b258c51c37993b8
tcn,electrode,101,bandpass_n20004_cRA_LA_electrode_s0,phase2/results/predictions/full/electrode/tcn/seed_101/bandpass_n20004_cRA_LA_electrode_s0.npz,75855,31e9a86c15ebc49d5f47e9f9d3170aa1be68ad0c642124a3e518e77df86bbe1b
tcn,electrode,101,bandpass_n20004_cRA_LA_covariance_s20,phase2/results/predictions/full/electrode/tcn/seed_101/bandpass_n20004_cRA_LA_covariance_s20.npz,76368,40f34fb4b30ef5de10fd262274353378dce5e5617bf570d8c6b73eded52f5489
tcn,electrode,101,bandpass_n20004_cRA_LA_covariance_s15,phase2/results/predictions/full/electrode/tcn/seed_101/bandpass_n20004_cRA_LA_covariance_s15.npz,76362,54bc49e4788e279e8a826b8a019ccfb54ae8e429a33b9ac8f8aaaee519721eb6
tcn,electrode,101,bandpass_n20004_cRA_LA_covariance_s10,phase2/results/predictions/full/electrode/tcn/seed_101/bandpass_n20004_cRA_LA_covariance_s10.npz,76355,39ca523200281c072ac3f8efa9bfed243f621c241692d4919fb3f239a816a74e
tcn,electrode,101,bandpass_n20004_cRA_LA_covariance_s5,phase2/results/predictions/full/electrode/tcn/seed_101/bandpass_n20004_cRA_LA_covariance_s5.npz,76142,807c1f6b6aaad17a38c88ff05552604ead7a0ee98f333bfe2ab67bb2b12a0702
tcn,electrode,101,bandpass_n20004_cRA_LA_covariance_s0,phase2/results/predictions/full/electrode/tcn/seed_101/bandpass_n20004_cRA_LA_covariance_s0.npz,75875,b30af0c72da30ca29fd9b275709fef26582a1123b45fc562490d129bade68abf
tcn,electrode,101,bandpass_n20004_cLA_LL_independent_rms_s20,phase2/results/predictions/full/electrode/tcn/seed_101/bandpass_n20004_cLA_LL_independent_rms_s20.npz,76398,38a09491466bb6f060f688035fa3183d413d4a5ee829769b374b18caf7d5d380
tcn,electrode,101,bandpass_n20004_cLA_LL_independent_rms_s15,phase2/results/predictions/full/electrode/tcn/seed_101/bandpass_n20004_cLA_LL_independent_rms_s15.npz,76377,31d959ca7c7f62271fb24d36404467b9246b35530039793a071d9c2f02604d20
tcn,electrode,101,bandpass_n20004_cLA_LL_independent_rms_s10,phase2/results/predictions/full/electrode/tcn/seed_101/bandpass_n20004_cLA_LL_independent_rms_s10.npz,76348,749ece8481cf15587208d1f045b3f10e570c3fe3de7f7bbc7e72eae401fd6c0b
tcn,electrode,101,bandpass_n20004_cLA_LL_independent_rms_s5,phase2/results/predictions/full/electrode/tcn/seed_101/bandpass_n20004_cLA_LL_independent_rms_s5.npz,76260,cd95d259a66e0f0a2497901c9df953038d7acc497a03af92f3d34bf70613fed7
tcn,electrode,101,bandpass_n20004_cLA_LL_independent_rms_s0,phase2/results/predictions/full/electrode/tcn/seed_101/bandpass_n20004_cLA_LL_independent_rms_s0.npz,76003,1e36512be0491ae3ef0d40968fd6cc3f2c6ed97c5d2cdd380281a869b41f82e0
tcn,electrode,101,bandpass_n20004_cLA_LL_electrode_s20,phase2/results/predictions/full/electrode/tcn/seed_101/bandpass_n20004_cLA_LL_electrode_s20.npz,76400,f47c152b008ffa88711d6614a5e4bd0ece0f9e0aec9526621365160f929542e5
tcn,electrode,101,bandpass_n20004_cLA_LL_electrode_s15,phase2/results/predictions/full/electrode/tcn/seed_101/bandpass_n20004_cLA_LL_electrode_s15.npz,76392,e3cf84ec0aea065a98650ade2b81bc1dd2964c9078c58000a804cec723c14e1e
tcn,electrode,101,bandpass_n20004_cLA_LL_electrode_s10,phase2/results/predictions/full/electrode/tcn/seed_101/bandpass_n20004_cLA_LL_electrode_s10.npz,76355,e1e13560713747adaf0ea39e940282edab6565f05fb956858329d405adde89cb
tcn,electrode,101,bandpass_n20004_cLA_LL_electrode_s5,phase2/results/predictions/full/electrode/tcn/seed_101/bandpass_n20004_cLA_LL_electrode_s5.npz,76194,3ea6ea93b98767428b2fe8246531f60899596624d773138cd7645c8325716e84
tcn,electrode,101,bandpass_n20004_cLA_LL_electrode_s0,phase2/results/predictions/full/electrode/tcn/seed_101/bandpass_n20004_cLA_LL_electrode_s0.npz,75859,5e2faa1a840ba47553871dd370f5574f04c55bff15ad193c94a9624787e3b566
tcn,electrode,101,bandpass_n20004_cLA_LL_covariance_s20,phase2/results/predictions/full/electrode/tcn/seed_101/bandpass_n20004_cLA_LL_covariance_s20.npz,76381,8813e6a67db0257e23181601e2cb2f605c4bcd0d07c58089f2f1b3a5bbe84f94
tcn,electrode,101,bandpass_n20004_cLA_LL_covariance_s15,phase2/results/predictions/full/electrode/tcn/seed_101/bandpass_n20004_cLA_LL_covariance_s15.npz,76356,c734ace54c0d5a4ac21928ade7973762a54c5d8eca5496ae15be9c354efadd07
tcn,electrode,101,bandpass_n20004_cLA_LL_covariance_s10,phase2/results/predictions/full/electrode/tcn/seed_101/bandpass_n20004_cLA_LL_covariance_s10.npz,76346,7049f79bfa538f0d5645a55845452ee9981d47ac69e64fb9fb5d82f9c915b1d3
tcn,electrode,101,bandpass_n20004_cLA_LL_covariance_s5,phase2/results/predictions/full/electrode/tcn/seed_101/bandpass_n20004_cLA_LL_covariance_s5.npz,76185,6c21f5c3adde62a4631cca5b7ce14d38f85486f312e6af5c3dea3bb64256accb
tcn,electrode,101,bandpass_n20004_cLA_LL_covariance_s0,phase2/results/predictions/full/electrode/tcn/seed_101/bandpass_n20004_cLA_LL_covariance_s0.npz,75823,f73a73f3af541570c547e23ca92d9e94fdda9669706a42d6d4e12f0669e38dd3
tcn,electrode,101,bandpass_n20004_cRA_LL_independent_rms_s20,phase2/results/predictions/full/electrode/tcn/seed_101/bandpass_n20004_cRA_LL_independent_rms_s20.npz,76390,8601b1121284017d8123f9f9daf2f1ab100a8037b207babfa5b7077c471f9a0b
tcn,electrode,101,bandpass_n20004_cRA_LL_independent_rms_s15,phase2/results/predictions/full/electrode/tcn/seed_101/bandpass_n20004_cRA_LL_independent_rms_s15.npz,76402,0e8ec8e3503ec46f3c184a5b63ca80f01d595b5831bb1988ea58afc63d529800
tcn,electrode,101,bandpass_n20004_cRA_LL_independent_rms_s10,phase2/results/predictions/full/electrode/tcn/seed_101/bandpass_n20004_cRA_LL_independent_rms_s10.npz,76377,83f04c0871e7d49c6461f4e804d6234d43eb1e35917125b89c0ad9c068c71496
tcn,electrode,101,bandpass_n20004_cRA_LL_independent_rms_s5,phase2/results/predictions/full/electrode/tcn/seed_101/bandpass_n20004_cRA_LL_independent_rms_s5.npz,76281,2598ecf6de6f9590aa2eade3d51daa584f32a45bb2bee336c3737948dd14017e
tcn,electrode,101,bandpass_n20004_cRA_LL_independent_rms_s0,phase2/results/predictions/full/electrode/tcn/seed_101/bandpass_n20004_cRA_LL_independent_rms_s0.npz,76040,e711493ea1c10988ad689d91a9617228699fea9f13be7ac326503dc6885d1784
tcn,electrode,101,bandpass_n20004_cRA_LL_electrode_s20,phase2/results/predictions/full/electrode/tcn/seed_101/bandpass_n20004_cRA_LL_electrode_s20.npz,76356,31fd427311a08d65b55b547b58f203ef7405089e85a40fea8c9b9f7cf4b4c467
tcn,electrode,101,bandpass_n20004_cRA_LL_electrode_s15,phase2/results/predictions/full/electrode/tcn/seed_101/bandpass_n20004_cRA_LL_electrode_s15.npz,76372,227b4ae6cc56442def1e9832776fa5e5cbcd7d972ddfea61c1510c439dce603c
tcn,electrode,101,bandpass_n20004_cRA_LL_electrode_s10,phase2/results/predictions/full/electrode/tcn/seed_101/bandpass_n20004_cRA_LL_electrode_s10.npz,76330,a49cea754b259dc5e87f081b39672b26d4c24be242a6e240b5021d51c0c5fbee
tcn,electrode,101,bandpass_n20004_cRA_LL_electrode_s5,phase2/results/predictions/full/electrode/tcn/seed_101/bandpass_n20004_cRA_LL_electrode_s5.npz,76147,85b1620217a6ad1a986e3347f301f2824c77cdce04e22c8a0d383cf19300b55a
tcn,electrode,101,bandpass_n20004_cRA_LL_electrode_s0,phase2/results/predictions/full/electrode/tcn/seed_101/bandpass_n20004_cRA_LL_electrode_s0.npz,75866,f944a30cb14b42b046a766775a440edd8ea2922aa2bdd01dbb8d3946e7d2182b
tcn,electrode,101,bandpass_n20004_cRA_LL_covariance_s20,phase2/results/predictions/full/electrode/tcn/seed_101/bandpass_n20004_cRA_LL_covariance_s20.npz,76373,1165e19afd64f398428ecd0b44a3fb6cdb41156592a80fd9773fb62f84cab0a8
tcn,electrode,101,bandpass_n20004_cRA_LL_covariance_s15,phase2/results/predictions/full/electrode/tcn/seed_101/bandpass_n20004_cRA_LL_covariance_s15.npz,76357,eed9bb3ec91bbceaac3a21232dc7f4972b8bc741de2eafaaa49caf28e6336c1d
tcn,electrode,101,bandpass_n20004_cRA_LL_covariance_s10,phase2/results/predictions/full/electrode/tcn/seed_101/bandpass_n20004_cRA_LL_covariance_s10.npz,76328,fd235675e9b394eac633b6bb672c3a460683513fc6cdf45e5059563f342854ce
tcn,electrode,101,bandpass_n20004_cRA_LL_covariance_s5,phase2/results/predictions/full/electrode/tcn/seed_101/bandpass_n20004_cRA_LL_covariance_s5.npz,76133,e10a037a8f9aa6c940474a0b3989a7c42c2e60e93061539b1f06dee778b9ba04
tcn,electrode,101,bandpass_n20004_cRA_LL_covariance_s0,phase2/results/predictions/full/electrode/tcn/seed_101/bandpass_n20004_cRA_LL_covariance_s0.npz,75824,0f701e1d8ce3358457c554c2e16d9164f115f204400f3209b9d0c3bfa4262cbb
tcn,electrode,101,bandpass_n20004_cRA_independent_rms_s20,phase2/results/predictions/full/electrode/tcn/seed_101/bandpass_n20004_cRA_independent_rms_s20.npz,76372,26a80c6156be2bc41fe1ac6a1554717fc2979c56a3174db8c0c27defb9dc608d
tcn,electrode,101,bandpass_n20004_cRA_independent_rms_s15,phase2/results/predictions/full/electrode/tcn/seed_101/bandpass_n20004_cRA_independent_rms_s15.npz,76384,df6c582181e38e05df962c85ee12851c3e789683193f596daec88f0f8dab1fe8
tcn,electrode,101,bandpass_n20004_cRA_independent_rms_s10,phase2/results/predictions/full/electrode/tcn/seed_101/bandpass_n20004_cRA_independent_rms_s10.npz,76351,a823bdfe771a26fa965c9b1ca14ed93114fc041f5e8e7ad49ef63ed819c3f72d
tcn,electrode,101,bandpass_n20004_cRA_independent_rms_s5,phase2/results/predictions/full/electrode/tcn/seed_101/bandpass_n20004_cRA_independent_rms_s5.npz,76260,bde4824e6f85f00d31225adf4cff26acbc43449a9472012aa33aeae3e8d893d3
tcn,electrode,101,bandpass_n20004_cRA_independent_rms_s0,phase2/results/predictions/full/electrode/tcn/seed_101/bandpass_n20004_cRA_independent_rms_s0.npz,76067,1119d84530adaec64b90566d73889b8b3bcd20a1b408bdd721d9310c5d98e7c0
tcn,electrode,101,bandpass_n20004_cRA_electrode_s20,phase2/results/predictions/full/electrode/tcn/seed_101/bandpass_n20004_cRA_electrode_s20.npz,76395,513729fdb6d1c03d2b6cf5de18018bfdb0ed669f242ea26c9653a9e0b7689df6
tcn,electrode,101,bandpass_n20004_cRA_electrode_s15,phase2/results/predictions/full/electrode/tcn/seed_101/bandpass_n20004_cRA_electrode_s15.npz,76342,abc69dc76c659d69200b314a0ea59c78f258467aee62806e1b632c56dc50423f
tcn,electrode,101,bandpass_n20004_cRA_electrode_s10,phase2/results/predictions/full/electrode/tcn/seed_101/bandpass_n20004_cRA_electrode_s10.npz,76288,9bd374113607fd99c28ec11867e962c57dec76bee0bf0eac99e6d0a98589c157
tcn,electrode,101,bandpass_n20004_cRA_electrode_s5,phase2/results/predictions/full/electrode/tcn/seed_101/bandpass_n20004_cRA_electrode_s5.npz,76127,a5b33eb0e0149bdf98840bfc8f2baaa59dd0398a8d7197a5d0a991a8f4f0cd3d
tcn,electrode,101,bandpass_n20004_cRA_electrode_s0,phase2/results/predictions/full/electrode/tcn/seed_101/bandpass_n20004_cRA_electrode_s0.npz,75878,9ffc67d5b28b7191d4084130366f6f2b91b24b459bf781c446cec722b9da32a0
tcn,electrode,101,bandpass_n20004_cRA_covariance_s20,phase2/results/predictions/full/electrode/tcn/seed_101/bandpass_n20004_cRA_covariance_s20.npz,76378,1a48276ecf059dabfa60b9c3b110731c186651359c40efb79c1689788a205c8f
tcn,electrode,101,bandpass_n20004_cRA_covariance_s15,phase2/results/predictions/full/electrode/tcn/seed_101/bandpass_n20004_cRA_covariance_s15.npz,76351,f648f703ca143c922edb8bd1b48daccbc2d234fe6bfb192655da4645863840ca
tcn,electrode,101,bandpass_n20004_cRA_covariance_s10,phase2/results/predictions/full/electrode/tcn/seed_101/bandpass_n20004_cRA_covariance_s10.npz,76308,ece76a8c1f41fc08c3bb67b34a1e1abef7e767eaf76c764c88479a12807a4366
tcn,electrode,101,bandpass_n20004_cRA_covariance_s5,phase2/results/predictions/full/electrode/tcn/seed_101/bandpass_n20004_cRA_covariance_s5.npz,76141,b54409d9bb5d1e12282c5a75e39d4007a7c3da0fd5e5a7290daf348076db6f63
tcn,electrode,101,bandpass_n20004_cRA_covariance_s0,phase2/results/predictions/full/electrode/tcn/seed_101/bandpass_n20004_cRA_covariance_s0.npz,75844,aa287e709abb5fa2d9b6f6d98e4d624a82917b88f82de72407cd0fcdd3f4b57f
tcn,electrode,101,bandpass_n20004_cLA_independent_rms_s20,phase2/results/predictions/full/electrode/tcn/seed_101/bandpass_n20004_cLA_independent_rms_s20.npz,76361,8f802cd338366eb66ee25d11c6eb253be67ada7c2ef2a71be372175a21c408aa
tcn,electrode,101,bandpass_n20004_cLA_independent_rms_s15,phase2/results/predictions/full/electrode/tcn/seed_101/bandpass_n20004_cLA_independent_rms_s15.npz,76358,7b2a84c290c8ca39e20b21a85eb59eaa973151f4de8b04bc9347ad4f11f7b3a2
tcn,electrode,101,bandpass_n20004_cLA_independent_rms_s10,phase2/results/predictions/full/electrode/tcn/seed_101/bandpass_n20004_cLA_independent_rms_s10.npz,76362,4c1b96e2a7be3ff422a26d6a33a250a121c51169f7e99bef662273270aadf187
tcn,electrode,101,bandpass_n20004_cLA_independent_rms_s5,phase2/results/predictions/full/electrode/tcn/seed_101/bandpass_n20004_cLA_independent_rms_s5.npz,76261,ac26851da3de04bdfa916105ef540f3c4d0c35fc459c8b468bdb934175b9a612
tcn,electrode,101,bandpass_n20004_cLA_independent_rms_s0,phase2/results/predictions/full/electrode/tcn/seed_101/bandpass_n20004_cLA_independent_rms_s0.npz,75998,1d2250e7a593ee1a4ca674daca42f9d7e9483577bfa03028d30c02f83331cb4f
tcn,electrode,101,bandpass_n20004_cLA_electrode_s20,phase2/results/predictions/full/electrode/tcn/seed_101/bandpass_n20004_cLA_electrode_s20.npz,76374,69d4d5de0eb867e64399858c5893e5c17d5162f667a8e4416d5dfbffa7d0baec
tcn,electrode,101,bandpass_n20004_cLA_electrode_s15,phase2/results/predictions/full/electrode/tcn/seed_101/bandpass_n20004_cLA_electrode_s15.npz,76380,a9a3d12f1da09155baa76ee2530dcab34bb11a74850261a2c74215f0305ac6bf
tcn,electrode,101,bandpass_n20004_cLA_electrode_s10,phase2/results/predictions/full/electrode/tcn/seed_101/bandpass_n20004_cLA_electrode_s10.npz,76324,7ad0b3fea1b8d646a8e89db5fa6cbb1714fbd825bb1e976aa82af7ebf20c74b4
tcn,electrode,101,bandpass_n20004_cLA_electrode_s5,phase2/results/predictions/full/electrode/tcn/seed_101/bandpass_n20004_cLA_electrode_s5.npz,76185,9e2f1bf3ec6a548314565ec3ec861228bc3654fc66a8162c7e7343192a35b30c
tcn,electrode,101,bandpass_n20004_cLA_electrode_s0,phase2/results/predictions/full/electrode/tcn/seed_101/bandpass_n20004_cLA_electrode_s0.npz,75806,c18406a5be44f313642077ed5f88f441e458f39b4ac443b54c008bb9338d1cfc
tcn,electrode,101,bandpass_n20004_cLA_covariance_s20,phase2/results/predictions/full/electrode/tcn/seed_101/bandpass_n20004_cLA_covariance_s20.npz,76378,191ac9b01ed2ebcc0282dbaabd92b18e6c686c24c6ac2af32c9a2e62d787a556
tcn,electrode,101,bandpass_n20004_cLA_covariance_s15,phase2/results/predictions/full/electrode/tcn/seed_101/bandpass_n20004_cLA_covariance_s15.npz,76332,94e301a04cc344c0b54b6ce83981ecc2a3d8f13180798245ae5110635c9e2e8c
tcn,electrode,101,bandpass_n20004_cLA_covariance_s10,phase2/results/predictions/full/electrode/tcn/seed_101/bandpass_n20004_cLA_covariance_s10.npz,76340,d435cb1a85e5888e56354b4cd623864e4cbc55dfddda2aaca775898f300917da
tcn,electrode,101,bandpass_n20004_cLA_covariance_s5,phase2/results/predictions/full/electrode/tcn/seed_101/bandpass_n20004_cLA_covariance_s5.npz,76180,b4645925da5dd35b1f0a2a9d4b1b5e64dcc0632d949dc57c484181fd462457b6
tcn,electrode,101,bandpass_n20004_cLA_covariance_s0,phase2/results/predictions/full/electrode/tcn/seed_101/bandpass_n20004_cLA_covariance_s0.npz,75866,4b7a83bcaf50428439faca5831d9cbae88c28814735a69fae119edbb80ab06bd
tcn,electrode,101,bandpass_n20004_cLL_independent_rms_s20,phase2/results/predictions/full/electrode/tcn/seed_101/bandpass_n20004_cLL_independent_rms_s20.npz,76397,87f5f26bf9c80c1c6eaff3d07ea88d28ace9197d7f459d179a5b388317ecca3a
tcn,electrode,101,bandpass_n20004_cLL_independent_rms_s15,phase2/results/predictions/full/electrode/tcn/seed_101/bandpass_n20004_cLL_independent_rms_s15.npz,76364,4ca90860542b5fb3387ddcf910043215a7dee483c760d5d0cf2451cf5b4d101f
tcn,electrode,101,bandpass_n20004_cLL_independent_rms_s10,phase2/results/predictions/full/electrode/tcn/seed_101/bandpass_n20004_cLL_independent_rms_s10.npz,76357,9e418f089b3375d2f0754d50956d7a3f9234f0ad3765af6d36f17c697834e191
tcn,electrode,101,bandpass_n20004_cLL_independent_rms_s5,phase2/results/predictions/full/electrode/tcn/seed_101/bandpass_n20004_cLL_independent_rms_s5.npz,76227,396fb3c7c255007df1d770a24cdde8410a53081fdec83739fa4d6bcb84457025
tcn,electrode,101,bandpass_n20004_cLL_independent_rms_s0,phase2/results/predictions/full/electrode/tcn/seed_101/bandpass_n20004_cLL_independent_rms_s0.npz,76006,0ff5d209f2a5de79e40179bd65b1bfb9cdc36e41d5994bbc73bb49d30c8f6f5d
tcn,electrode,101,bandpass_n20004_cLL_electrode_s20,phase2/results/predictions/full/electrode/tcn/seed_101/bandpass_n20004_cLL_electrode_s20.npz,76340,6c6c71d02b8ac6fafce8efc0d155bcfece6c84cf338ab4245be185d24d3c47d3
tcn,electrode,101,bandpass_n20004_cLL_electrode_s15,phase2/results/predictions/full/electrode/tcn/seed_101/bandpass_n20004_cLL_electrode_s15.npz,76359,215ed4ce1b6bdef77ff9c57d5cca5d3ebbdd816c03092e4d3f4b5cdca1c596d2
tcn,electrode,101,bandpass_n20004_cLL_electrode_s10,phase2/results/predictions/full/electrode/tcn/seed_101/bandpass_n20004_cLL_electrode_s10.npz,76369,3bd0ed18c3f419d1ef054f38fa9437508c262e4ed9ef6c210a89f8e0abac0bc9
tcn,electrode,101,bandpass_n20004_cLL_electrode_s5,phase2/results/predictions/full/electrode/tcn/seed_101/bandpass_n20004_cLL_electrode_s5.npz,76207,7d4952d4e5e2020ce486c2bdbd37f1c9cf92a2f4c9fa1c058fce602044f68e11
tcn,electrode,101,bandpass_n20004_cLL_electrode_s0,phase2/results/predictions/full/electrode/tcn/seed_101/bandpass_n20004_cLL_electrode_s0.npz,75898,e4aa0ed161d4104631698aa8c90a69ccaff4d246ff4043481ce1746ff9edbcf5
tcn,electrode,101,bandpass_n20004_cLL_covariance_s20,phase2/results/predictions/full/electrode/tcn/seed_101/bandpass_n20004_cLL_covariance_s20.npz,76365,cf6d29a3f84ab9adebc2e7780e78628f65a5dc808f30b0ea1a61e19717562101
tcn,electrode,101,bandpass_n20004_cLL_covariance_s15,phase2/results/predictions/full/electrode/tcn/seed_101/bandpass_n20004_cLL_covariance_s15.npz,76382,6b6d82cf25f7881ada04948271fca3b408b49b322f37a7643f2f4e8254e3deb7
tcn,electrode,101,bandpass_n20004_cLL_covariance_s10,phase2/results/predictions/full/electrode/tcn/seed_101/bandpass_n20004_cLL_covariance_s10.npz,76344,06962ab484342468bf4cb2c68cc8e241e2f97bce0c866afa27b265b806114f99
tcn,electrode,101,bandpass_n20004_cLL_covariance_s5,phase2/results/predictions/full/electrode/tcn/seed_101/bandpass_n20004_cLL_covariance_s5.npz,76215,398c155a8743e7a57f8501f7c3b9e3e1757a480ad80edb635919c1e070dd416a
tcn,electrode,101,bandpass_n20004_cLL_covariance_s0,phase2/results/predictions/full/electrode/tcn/seed_101/bandpass_n20004_cLL_covariance_s0.npz,75907,c4b8110bc9c5938d86a7d688c8d62996aaeed3b3e6e58b56392861076b251ea4
tcn,electrode,101,bandpass_n20004_cRA_V1_independent_rms_s20,phase2/results/predictions/full/electrode/tcn/seed_101/bandpass_n20004_cRA_V1_independent_rms_s20.npz,76393,7cffbb535f17e1d5fa85bfb88592d3d7ab8cb7aa298075508d8af4c2ecc57529
tcn,electrode,101,bandpass_n20004_cRA_V1_independent_rms_s15,phase2/results/predictions/full/electrode/tcn/seed_101/bandpass_n20004_cRA_V1_independent_rms_s15.npz,76367,7f17fcfd754ea7b83657c3278a337f02123d3f655d652c8654504ebb4b15c807
tcn,electrode,101,bandpass_n20004_cRA_V1_independent_rms_s10,phase2/results/predictions/full/electrode/tcn/seed_101/bandpass_n20004_cRA_V1_independent_rms_s10.npz,76395,09461e469821ebedc76d71b07ddff71d6aac61a8ab29362281e46c0c479f1f8c
tcn,electrode,101,bandpass_n20004_cRA_V1_independent_rms_s5,phase2/results/predictions/full/electrode/tcn/seed_101/bandpass_n20004_cRA_V1_independent_rms_s5.npz,76272,acc5cf19cc8e533a6529bf783bfe32cb3118b4933d70257d0a3cddf18f5992fb
tcn,electrode,101,bandpass_n20004_cRA_V1_independent_rms_s0,phase2/results/predictions/full/electrode/tcn/seed_101/bandpass_n20004_cRA_V1_independent_rms_s0.npz,76011,f085a29bf02918b2d141eac564b6777a3b3f1d3f9de13cc2c8a24e3d8ffb872b
tcn,electrode,101,bandpass_n20004_cRA_V1_electrode_s20,phase2/results/predictions/full/electrode/tcn/seed_101/bandpass_n20004_cRA_V1_electrode_s20.npz,76388,326630a4288acccf642d2d0aa0e2339ab092af8168af565a364dcfdb653ad0dc
tcn,electrode,101,bandpass_n20004_cRA_V1_electrode_s15,phase2/results/predictions/full/electrode/tcn/seed_101/bandpass_n20004_cRA_V1_electrode_s15.npz,76375,a4f5d0ddbaa616318dfeba0758d585a835252d345d20d669a65f32b58b1524d2
tcn,electrode,101,bandpass_n20004_cRA_V1_electrode_s10,phase2/results/predictions/full/electrode/tcn/seed_101/bandpass_n20004_cRA_V1_electrode_s10.npz,76300,59b4cbd87f6f23c15762fb50067cfaa6569c4782bc8b6867362e20c9e2758bb5
tcn,electrode,101,bandpass_n20004_cRA_V1_electrode_s5,phase2/results/predictions/full/electrode/tcn/seed_101/bandpass_n20004_cRA_V1_electrode_s5.npz,76149,59d844fb95b5cfc03788330410652f35118593d7d88b19c779dcc85346fb13c0
tcn,electrode,101,bandpass_n20004_cRA_V1_electrode_s0,phase2/results/predictions/full/electrode/tcn/seed_101/bandpass_n20004_cRA_V1_electrode_s0.npz,75838,f331391789090e81b726047127ecbf3e506e206ca2721c3cbb130899da791aa8
tcn,electrode,101,bandpass_n20004_cRA_V1_covariance_s20,phase2/results/predictions/full/electrode/tcn/seed_101/bandpass_n20004_cRA_V1_covariance_s20.npz,76408,63ac46fefd0c36444aa0f76711908fb8c61b1f52e779ffdf0b8dd0980de99fac
tcn,electrode,101,bandpass_n20004_cRA_V1_covariance_s15,phase2/results/predictions/full/electrode/tcn/seed_101/bandpass_n20004_cRA_V1_covariance_s15.npz,76353,1a9d3c1e10fd8fa4d78b96b5091d85a46e403cb563d1e8a703ad6ff2f5770783
tcn,electrode,101,bandpass_n20004_cRA_V1_covariance_s10,phase2/results/predictions/full/electrode/tcn/seed_101/bandpass_n20004_cRA_V1_covariance_s10.npz,76305,bb03640baae3c8d42edd92480526b0d529f8210e21d783bb2df0acf9bd56d279
tcn,electrode,101,bandpass_n20004_cRA_V1_covariance_s5,phase2/results/predictions/full/electrode/tcn/seed_101/bandpass_n20004_cRA_V1_covariance_s5.npz,76154,ee1956918b288e4d7a4e95dc126472e95f66795278d09599bca495040956c4b4
tcn,electrode,101,bandpass_n20004_cRA_V1_covariance_s0,phase2/results/predictions/full/electrode/tcn/seed_101/bandpass_n20004_cRA_V1_covariance_s0.npz,75857,e073c824281cdc9e514642b50ec3bd361e29b3b6d84f7f8854befaa60afe2f9f
tcn,electrode,101,bandpass_n20004_cLA_V6_independent_rms_s20,phase2/results/predictions/full/electrode/tcn/seed_101/bandpass_n20004_cLA_V6_independent_rms_s20.npz,76370,3e409842d9c01211e25e3dfb67035015e4db22ab0b8dbfbb5f27ccf5125b4d2a
tcn,electrode,101,bandpass_n20004_cLA_V6_independent_rms_s15,phase2/results/predictions/full/electrode/tcn/seed_101/bandpass_n20004_cLA_V6_independent_rms_s15.npz,76367,ddfcd6427590a0b769e53d21b14420d09e35e6cd970efa116f3c27ba32530d4f
tcn,electrode,101,bandpass_n20004_cLA_V6_independent_rms_s10,phase2/results/predictions/full/electrode/tcn/seed_101/bandpass_n20004_cLA_V6_independent_rms_s10.npz,76363,2ce3babbe7bd25dc9a9509833b63b6a444575254ecdd5d0a9437f215b3cd58c4
tcn,electrode,101,bandpass_n20004_cLA_V6_independent_rms_s5,phase2/results/predictions/full/electrode/tcn/seed_101/bandpass_n20004_cLA_V6_independent_rms_s5.npz,76277,0af07d8b4f444364fd61ae8456b68af4ecf1da486cc7261836853ed6a2d8bfd2
tcn,electrode,101,bandpass_n20004_cLA_V6_independent_rms_s0,phase2/results/predictions/full/electrode/tcn/seed_101/bandpass_n20004_cLA_V6_independent_rms_s0.npz,76034,198eae0e940b8802dbd58b1e3c540ec0f58f1596f29c17799c6bf32613b7aab9
tcn,electrode,101,bandpass_n20004_cLA_V6_electrode_s20,phase2/results/predictions/full/electrode/tcn/seed_101/bandpass_n20004_cLA_V6_electrode_s20.npz,76369,bf3bfd8b3ae32b846c128121b0469b3bd2d18fb9859ac5de970db0cc7ae6012d
tcn,electrode,101,bandpass_n20004_cLA_V6_electrode_s15,phase2/results/predictions/full/electrode/tcn/seed_101/bandpass_n20004_cLA_V6_electrode_s15.npz,76381,3ef3fa10d55cee3c9694f3ac3b122c776533f3113fff655d2593613af9d89c7b
tcn,electrode,101,bandpass_n20004_cLA_V6_electrode_s10,phase2/results/predictions/full/electrode/tcn/seed_101/bandpass_n20004_cLA_V6_electrode_s10.npz,76341,acf753db012027b6fbe73ce4607670f7e27f3e6508903a4b4e19467162b48373
tcn,electrode,101,bandpass_n20004_cLA_V6_electrode_s5,phase2/results/predictions/full/electrode/tcn/seed_101/bandpass_n20004_cLA_V6_electrode_s5.npz,76216,40c0a1ad369295825c4d1c706ef4d226d2f9151248487d33820b7cd3d71ed8f4
tcn,electrode,101,bandpass_n20004_cLA_V6_electrode_s0,phase2/results/predictions/full/electrode/tcn/seed_101/bandpass_n20004_cLA_V6_electrode_s0.npz,75903,43d0253809bab85c09563d3b175105ff0d5c701439a0769f5d4365122854d603
tcn,electrode,101,bandpass_n20004_cLA_V6_covariance_s20,phase2/results/predictions/full/electrode/tcn/seed_101/bandpass_n20004_cLA_V6_covariance_s20.npz,76407,ddc0b229246896b7f15521729736170ed8f7c0ae028ca53b83c9d958af76f590
tcn,electrode,101,bandpass_n20004_cLA_V6_covariance_s15,phase2/results/predictions/full/electrode/tcn/seed_101/bandpass_n20004_cLA_V6_covariance_s15.npz,76385,940ce38aca9506884d6d6a33a91f5eab0b5b93711743f577528f59086a2c4e84
tcn,electrode,101,bandpass_n20004_cLA_V6_covariance_s10,phase2/results/predictions/full/electrode/tcn/seed_101/bandpass_n20004_cLA_V6_covariance_s10.npz,76355,b5160cc7e7821c4c28369a2cfd4b94d4cdde72dae619d1b1bc19cfc618a7fcac
tcn,electrode,101,bandpass_n20004_cLA_V6_covariance_s5,phase2/results/predictions/full/electrode/tcn/seed_101/bandpass_n20004_cLA_V6_covariance_s5.npz,76215,dcd7a92e6a1a270aaf30647e8bb4df7389466cc0a0324e9785e33c40e2f7c12e
tcn,electrode,101,bandpass_n20004_cLA_V6_covariance_s0,phase2/results/predictions/full/electrode/tcn/seed_101/bandpass_n20004_cLA_V6_covariance_s0.npz,75914,7ff473c5c28de931977882f53b82267ef75f5f80447faeaa94598d52137a176a
tcn,electrode,101,bandpass_n20004_cLL_V4_independent_rms_s20,phase2/results/predictions/full/electrode/tcn/seed_101/bandpass_n20004_cLL_V4_independent_rms_s20.npz,76413,e526de971d197c1e975b315ebf3a6b97ec6e9195bc05184ed452a2d5eb07f0ed
tcn,electrode,101,bandpass_n20004_cLL_V4_independent_rms_s15,phase2/results/predictions/full/electrode/tcn/seed_101/bandpass_n20004_cLL_V4_independent_rms_s15.npz,76390,cecb46b3a7f5956d89e5884baca94009437e4c2e5ff2fb32c39546e2b99670a1
tcn,electrode,101,bandpass_n20004_cLL_V4_independent_rms_s10,phase2/results/predictions/full/electrode/tcn/seed_101/bandpass_n20004_cLL_V4_independent_rms_s10.npz,76372,53531df7a46c1ce9a4bd27d2b65ba3852c6c3fd1e9f1131309a1c175abe74f0b
tcn,electrode,101,bandpass_n20004_cLL_V4_independent_rms_s5,phase2/results/predictions/full/electrode/tcn/seed_101/bandpass_n20004_cLL_V4_independent_rms_s5.npz,76291,89d49e783f62dae0586a495c499584d0d705f885e6f4a1bb4669f48463d3f6dc
tcn,electrode,101,bandpass_n20004_cLL_V4_independent_rms_s0,phase2/results/predictions/full/electrode/tcn/seed_101/bandpass_n20004_cLL_V4_independent_rms_s0.npz,76003,abd098f4b5442e78e78ca24b6a1f52d92710482169d6b2ab6f9b1eacd832f8fe
tcn,electrode,101,bandpass_n20004_cLL_V4_electrode_s20,phase2/results/predictions/full/electrode/tcn/seed_101/bandpass_n20004_cLL_V4_electrode_s20.npz,76381,aed574cacea1e8bc49a1532de4cdd7a833e587d4dd087ec017f68439b496e6f0
tcn,electrode,101,bandpass_n20004_cLL_V4_electrode_s15,phase2/results/predictions/full/electrode/tcn/seed_101/bandpass_n20004_cLL_V4_electrode_s15.npz,76374,bbc72dc79ceafdc5ef263a70551321d0a5a8b50b79fbe47d1f7b7779db508f1f
tcn,electrode,101,bandpass_n20004_cLL_V4_electrode_s10,phase2/results/predictions/full/electrode/tcn/seed_101/bandpass_n20004_cLL_V4_electrode_s10.npz,76354,710011c645d1ded9ea9eee00f35d3abe0fff025b3a8f1f94962d6122dc589100
tcn,electrode,101,bandpass_n20004_cLL_V4_electrode_s5,phase2/results/predictions/full/electrode/tcn/seed_101/bandpass_n20004_cLL_V4_electrode_s5.npz,76265,823c278dd1c896863ff226a7a94f80d1b9a71139e42da82820ae19d5110b1737
tcn,electrode,101,bandpass_n20004_cLL_V4_electrode_s0,phase2/results/predictions/full/electrode/tcn/seed_101/bandpass_n20004_cLL_V4_electrode_s0.npz,75931,0d4700f46ae277130fee4d57b61252aaf7726e9e37c417e58559328a1ffb6b65
tcn,electrode,101,bandpass_n20004_cLL_V4_covariance_s20,phase2/results/predictions/full/electrode/tcn/seed_101/bandpass_n20004_cLL_V4_covariance_s20.npz,76399,04cd5db9bb5c3aab10363f609654380004bd8ab801f8e18c9f8798d48371a25e
tcn,electrode,101,bandpass_n20004_cLL_V4_covariance_s15,phase2/results/predictions/full/electrode/tcn/seed_101/bandpass_n20004_cLL_V4_covariance_s15.npz,76376,9bae381d2cd929578f4239fa73105554a80d1c354a27b16adc9df95a421dfda7
tcn,electrode,101,bandpass_n20004_cLL_V4_covariance_s10,phase2/results/predictions/full/electrode/tcn/seed_101/bandpass_n20004_cLL_V4_covariance_s10.npz,76335,a700d48deb1fb8cb26646c12962b4a061b71abbf464c8ff884363f78b1e3d8f9
tcn,electrode,101,bandpass_n20004_cLL_V4_covariance_s5,phase2/results/predictions/full/electrode/tcn/seed_101/bandpass_n20004_cLL_V4_covariance_s5.npz,76214,02d98e7eaf852ed28769ff0aabf6e3da3b091f844f8502d6847f177946f05f51
tcn,electrode,101,bandpass_n20004_cLL_V4_covariance_s0,phase2/results/predictions/full/electrode/tcn/seed_101/bandpass_n20004_cLL_V4_covariance_s0.npz,75922,793aa7377b421f71862b636f644e73a207665b10dedfab2e3883e43c9baeafe8
tcn,electrode,101,bandpass_n20004_cRA_LA_V1_V6_independent_rms_s20,phase2/results/predictions/full/electrode/tcn/seed_101/bandpass_n20004_cRA_LA_V1_V6_independent_rms_s20.npz,76384,9fee207e035357d3faf23454158af9ac63f9859a17718d692a8eefe2de3e3812
tcn,electrode,101,bandpass_n20004_cRA_LA_V1_V6_independent_rms_s15,phase2/results/predictions/full/electrode/tcn/seed_101/bandpass_n20004_cRA_LA_V1_V6_independent_rms_s15.npz,76423,78c3cb4c7d1e1716517c02bc2d905441d8fbff4149a4be84819b2e5ee3788900
tcn,electrode,101,bandpass_n20004_cRA_LA_V1_V6_independent_rms_s10,phase2/results/predictions/full/electrode/tcn/seed_101/bandpass_n20004_cRA_LA_V1_V6_independent_rms_s10.npz,76364,c1bf136afe2bbf7e3ef59661e81c59368e1954f2a8f4a40703413077a6f4df1d
tcn,electrode,101,bandpass_n20004_cRA_LA_V1_V6_independent_rms_s5,phase2/results/predictions/full/electrode/tcn/seed_101/bandpass_n20004_cRA_LA_V1_V6_independent_rms_s5.npz,76306,4981789ea78613a354a789518156af763e13a0cd5cca3856391b8ac3ef6a7559
tcn,electrode,101,bandpass_n20004_cRA_LA_V1_V6_independent_rms_s0,phase2/results/predictions/full/electrode/tcn/seed_101/bandpass_n20004_cRA_LA_V1_V6_independent_rms_s0.npz,76021,5b7a7c9f5e00e7ffc3483791f6dc128883cabbc1f1f8860f7aecc6158886f20f
tcn,electrode,101,bandpass_n20004_cRA_LA_V1_V6_electrode_s20,phase2/results/predictions/full/electrode/tcn/seed_101/bandpass_n20004_cRA_LA_V1_V6_electrode_s20.npz,76384,e42e3fc6586e9f079248a571c44c707cb9355f24c99a262bd933657ebefef130
tcn,electrode,101,bandpass_n20004_cRA_LA_V1_V6_electrode_s15,phase2/results/predictions/full/electrode/tcn/seed_101/bandpass_n20004_cRA_LA_V1_V6_electrode_s15.npz,76391,924254e90cd8393426002caee81eb86d634b5b74f94cedb01c2fe5d676af4f97
tcn,electrode,101,bandpass_n20004_cRA_LA_V1_V6_electrode_s10,phase2/results/predictions/full/electrode/tcn/seed_101/bandpass_n20004_cRA_LA_V1_V6_electrode_s10.npz,76365,20df856a65f946df9bee2f69aa50f0af034dbbfd44f53991ae719459636bd367
tcn,electrode,101,bandpass_n20004_cRA_LA_V1_V6_electrode_s5,phase2/results/predictions/full/electrode/tcn/seed_101/bandpass_n20004_cRA_LA_V1_V6_electrode_s5.npz,76193,4b62990b7f3a0ad0fbe6364a9aa186f45ef4570d52dfc5c39ef1414c1f21fe0e
tcn,electrode,101,bandpass_n20004_cRA_LA_V1_V6_electrode_s0,phase2/results/predictions/full/electrode/tcn/seed_101/bandpass_n20004_cRA_LA_V1_V6_electrode_s0.npz,75854,6dd0bbca6859754b4814101103a7f7f20a87531e9029a68fd3538f2659c686d6
tcn,electrode,101,bandpass_n20004_cRA_LA_V1_V6_covariance_s20,phase2/results/predictions/full/electrode/tcn/seed_101/bandpass_n20004_cRA_LA_V1_V6_covariance_s20.npz,76392,ee72b875532680107d1a95f6cd39bddef2efb3fc78cf79845dd592db786b21bc
tcn,electrode,101,bandpass_n20004_cRA_LA_V1_V6_covariance_s15,phase2/results/predictions/full/electrode/tcn/seed_101/bandpass_n20004_cRA_LA_V1_V6_covariance_s15.npz,76368,63b9b942d7e829bfe5ae23be82df890af12cb9dc349205c952351370056d9db7
tcn,electrode,101,bandpass_n20004_cRA_LA_V1_V6_covariance_s10,phase2/results/predictions/full/electrode/tcn/seed_101/bandpass_n20004_cRA_LA_V1_V6_covariance_s10.npz,76377,8a46f789182a68d6e69f9ac00cb78d233409fb3193661ad28dbcfc9819cedf6f
tcn,electrode,101,bandpass_n20004_cRA_LA_V1_V6_covariance_s5,phase2/results/predictions/full/electrode/tcn/seed_101/bandpass_n20004_cRA_LA_V1_V6_covariance_s5.npz,76177,a6c47671d3aaedc5c7f1a083b109fe6f3ee696344e3f2cab874230c117ee434a
tcn,electrode,101,bandpass_n20004_cRA_LA_V1_V6_covariance_s0,phase2/results/predictions/full/electrode/tcn/seed_101/bandpass_n20004_cRA_LA_V1_V6_covariance_s0.npz,75872,a62e56f4bb99c43eb5fa9190ce113bfacbd6ae0783451c20bdfe3b513aa188a0
tcn,electrode,101,bandpass_n20004_cRA_V2_V5_independent_rms_s20,phase2/results/predictions/full/electrode/tcn/seed_101/bandpass_n20004_cRA_V2_V5_independent_rms_s20.npz,76384,0582f59854c347973c04cce56e23c813389192df9e2cc0ad3e456ae1d2e8e974
tcn,electrode,101,bandpass_n20004_cRA_V2_V5_independent_rms_s15,phase2/results/predictions/full/electrode/tcn/seed_101/bandpass_n20004_cRA_V2_V5_independent_rms_s15.npz,76396,a3ba4e2d1f64ec7b271e30415f1776b2ba01df1a265662e626acdb6e44eee6fd
tcn,electrode,101,bandpass_n20004_cRA_V2_V5_independent_rms_s10,phase2/results/predictions/full/electrode/tcn/seed_101/bandpass_n20004_cRA_V2_V5_independent_rms_s10.npz,76398,c23738547b3f21b9c9cc6e321929c4ddd913ccd26ca8f9e1174d8e60512e5142
tcn,electrode,101,bandpass_n20004_cRA_V2_V5_independent_rms_s5,phase2/results/predictions/full/electrode/tcn/seed_101/bandpass_n20004_cRA_V2_V5_independent_rms_s5.npz,76258,43bb66919ac4c0821ac6eb53c5b553d130224057b5f870249af4f399459e19fa
tcn,electrode,101,bandpass_n20004_cRA_V2_V5_independent_rms_s0,phase2/results/predictions/full/electrode/tcn/seed_101/bandpass_n20004_cRA_V2_V5_independent_rms_s0.npz,76025,2ddc10d1cd609aa6a298cdbfe2f57ce911b216e155b8512a903d41f6a30873bb
tcn,electrode,101,bandpass_n20004_cRA_V2_V5_electrode_s20,phase2/results/predictions/full/electrode/tcn/seed_101/bandpass_n20004_cRA_V2_V5_electrode_s20.npz,76370,aa8da3dc9b19fd3f7c073362d0119e5262afaed3a2ad7476d259605d90eeb8e5
tcn,electrode,101,bandpass_n20004_cRA_V2_V5_electrode_s15,phase2/results/predictions/full/electrode/tcn/seed_101/bandpass_n20004_cRA_V2_V5_electrode_s15.npz,76363,1caa4c12c0d3456ea510cfa18f6257743d72dc7e1de4c866cd75e07d877cfe2f
tcn,electrode,101,bandpass_n20004_cRA_V2_V5_electrode_s10,phase2/results/predictions/full/electrode/tcn/seed_101/bandpass_n20004_cRA_V2_V5_electrode_s10.npz,76339,a26e123f413d2aa7f7b99ba568d596f9a45ac293ab38e7d76be2fe6ae120e26f
tcn,electrode,101,bandpass_n20004_cRA_V2_V5_electrode_s5,phase2/results/predictions/full/electrode/tcn/seed_101/bandpass_n20004_cRA_V2_V5_electrode_s5.npz,76178,f563d893f3f512e34ed739a785f86f7f97d171aca9bcb3bb17b395980be113ec
tcn,electrode,101,bandpass_n20004_cRA_V2_V5_electrode_s0,phase2/results/predictions/full/electrode/tcn/seed_101/bandpass_n20004_cRA_V2_V5_electrode_s0.npz,75901,69be601a9992d7b3183c91cd55aec8059fe19a25c32e9cc2291df881903b40f4
tcn,electrode,101,bandpass_n20004_cRA_V2_V5_covariance_s20,phase2/results/predictions/full/electrode/tcn/seed_101/bandpass_n20004_cRA_V2_V5_covariance_s20.npz,76370,1fa846afc5472e818b85302434e9a18408db96981293fca9de11ef745156edd2
tcn,electrode,101,bandpass_n20004_cRA_V2_V5_covariance_s15,phase2/results/predictions/full/electrode/tcn/seed_101/bandpass_n20004_cRA_V2_V5_covariance_s15.npz,76382,18b30d2ef4742f0cc043641e20ab7ef1676554a2c125c460f2e5ee89a1cf0214
tcn,electrode,101,bandpass_n20004_cRA_V2_V5_covariance_s10,phase2/results/predictions/full/electrode/tcn/seed_101/bandpass_n20004_cRA_V2_V5_covariance_s10.npz,76331,25426950703c60eece13b3ee1621d013da99135e68efee7910fbc4bd2a70ec90
tcn,electrode,101,bandpass_n20004_cRA_V2_V5_covariance_s5,phase2/results/predictions/full/electrode/tcn/seed_101/bandpass_n20004_cRA_V2_V5_covariance_s5.npz,76165,2d6084dc5ba4e62a61b3e59a668bb8c18b42194d84c236b333a2d6b8d4bbd5c8
tcn,electrode,101,bandpass_n20004_cRA_V2_V5_covariance_s0,phase2/results/predictions/full/electrode/tcn/seed_101/bandpass_n20004_cRA_V2_V5_covariance_s0.npz,75890,2e97fbcf64a494997f2d72539475389350ea162d63c23f972c29f021ba41d067
tcn,electrode,101,bandpass_n20004_cLA_V3_V6_independent_rms_s20,phase2/results/predictions/full/electrode/tcn/seed_101/bandpass_n20004_cLA_V3_V6_independent_rms_s20.npz,76404,67cec0a315904e826d298a13ed870ef924c3ec8c58b988403b2ca3eea3830c40
tcn,electrode,101,bandpass_n20004_cLA_V3_V6_independent_rms_s15,phase2/results/predictions/full/electrode/tcn/seed_101/bandpass_n20004_cLA_V3_V6_independent_rms_s15.npz,76395,e8cad9c74e8392cd350986d3aa5f52a2389558807effe085d55c328533213b1a
tcn,electrode,101,bandpass_n20004_cLA_V3_V6_independent_rms_s10,phase2/results/predictions/full/electrode/tcn/seed_101/bandpass_n20004_cLA_V3_V6_independent_rms_s10.npz,76401,3ae5cdf3272a7429154757548c1d8c6443a2c2380d1d4876fa48ae416581ceeb
tcn,electrode,101,bandpass_n20004_cLA_V3_V6_independent_rms_s5,phase2/results/predictions/full/electrode/tcn/seed_101/bandpass_n20004_cLA_V3_V6_independent_rms_s5.npz,76285,68fed7f242911d1bfe363a66997fbb9b79006fa1a65c6142c395d68f4249d2b8
tcn,electrode,101,bandpass_n20004_cLA_V3_V6_independent_rms_s0,phase2/results/predictions/full/electrode/tcn/seed_101/bandpass_n20004_cLA_V3_V6_independent_rms_s0.npz,76035,4afc309aa9533a55eb5340f60792c54a8597766aba560b5994829823ae070438
tcn,electrode,101,bandpass_n20004_cLA_V3_V6_electrode_s20,phase2/results/predictions/full/electrode/tcn/seed_101/bandpass_n20004_cLA_V3_V6_electrode_s20.npz,76419,bf7fddfd6202395ea0ac4849cdd429407ace486e5d8ca8f906dd3b7175f46db9
tcn,electrode,101,bandpass_n20004_cLA_V3_V6_electrode_s15,phase2/results/predictions/full/electrode/tcn/seed_101/bandpass_n20004_cLA_V3_V6_electrode_s15.npz,76366,60bfa755d5b45677c7003e6c41f5ee47d2c1f81c21f14eaf4a1f3f0e210260df
tcn,electrode,101,bandpass_n20004_cLA_V3_V6_electrode_s10,phase2/results/predictions/full/electrode/tcn/seed_101/bandpass_n20004_cLA_V3_V6_electrode_s10.npz,76410,32b4b3917c4de626d0e241c4b5533a8d888dd98ddbd02d7f5087bbd7e86db48a
tcn,electrode,101,bandpass_n20004_cLA_V3_V6_electrode_s5,phase2/results/predictions/full/electrode/tcn/seed_101/bandpass_n20004_cLA_V3_V6_electrode_s5.npz,76250,725ac7d063fd51e92c837c89084fdb207bf09712ff79125cdf84ca4c8bfc47cd
tcn,electrode,101,bandpass_n20004_cLA_V3_V6_electrode_s0,phase2/results/predictions/full/electrode/tcn/seed_101/bandpass_n20004_cLA_V3_V6_electrode_s0.npz,75947,c61e1d4ac8f1c3b456ad679baad9269085c27a0a70aa95c51b641783a4b8709c
tcn,electrode,101,bandpass_n20004_cLA_V3_V6_covariance_s20,phase2/results/predictions/full/electrode/tcn/seed_101/bandpass_n20004_cLA_V3_V6_covariance_s20.npz,76403,b6951f1d750e294bee87a669b7462fa9b76ce45d9a90bf543eaf1e8c11749efc
tcn,electrode,101,bandpass_n20004_cLA_V3_V6_covariance_s15,phase2/results/predictions/full/electrode/tcn/seed_101/bandpass_n20004_cLA_V3_V6_covariance_s15.npz,76410,834b0808f6c229171e56174742a026e96a5a63e0461890bcee65f57394aafde2
tcn,electrode,101,bandpass_n20004_cLA_V3_V6_covariance_s10,phase2/results/predictions/full/electrode/tcn/seed_101/bandpass_n20004_cLA_V3_V6_covariance_s10.npz,76364,634a6c34bfdb0da951844c315a7f79dd767531b8b686b02140e2a083cf400322
tcn,electrode,101,bandpass_n20004_cLA_V3_V6_covariance_s5,phase2/results/predictions/full/electrode/tcn/seed_101/bandpass_n20004_cLA_V3_V6_covariance_s5.npz,76223,74b7de35ef23d45e8b633bae9552a07b01509e17a129c71c705faf37dbfe12fb
tcn,electrode,101,bandpass_n20004_cLA_V3_V6_covariance_s0,phase2/results/predictions/full/electrode/tcn/seed_101/bandpass_n20004_cLA_V3_V6_covariance_s0.npz,75942,ed0eba390ea228615261cb42680fd86a99b817fed1adc17c1a1e03db23839a4f
tcn,electrode,101,bandpass_n20004_cLL_V1_V4_independent_rms_s20,phase2/results/predictions/full/electrode/tcn/seed_101/bandpass_n20004_cLL_V1_V4_independent_rms_s20.npz,76425,d765e41ec277d9aa7fe30cab2bda81af2747d3ace3ebe64b6baba0e33680ad7c
tcn,electrode,101,bandpass_n20004_cLL_V1_V4_independent_rms_s15,phase2/results/predictions/full/electrode/tcn/seed_101/bandpass_n20004_cLL_V1_V4_independent_rms_s15.npz,76381,dd7d73ae5a0997b7528acb45c693481883487a04f4f93f532bd531f0ae21f5c7
tcn,electrode,101,bandpass_n20004_cLL_V1_V4_independent_rms_s10,phase2/results/predictions/full/electrode/tcn/seed_101/bandpass_n20004_cLL_V1_V4_independent_rms_s10.npz,76398,590e4ff9998d4e4e163732a922da6520b4df7d94dee39eab70cf65b75345f293
tcn,electrode,101,bandpass_n20004_cLL_V1_V4_independent_rms_s5,phase2/results/predictions/full/electrode/tcn/seed_101/bandpass_n20004_cLL_V1_V4_independent_rms_s5.npz,76281,0095050f233bd0ab2e84507bffa95ca8f7420cfa406e8eb6eae3ecea42b264e5
tcn,electrode,101,bandpass_n20004_cLL_V1_V4_independent_rms_s0,phase2/results/predictions/full/electrode/tcn/seed_101/bandpass_n20004_cLL_V1_V4_independent_rms_s0.npz,75997,54a5437d7da5106ce518a888225d3dbf078b6a8e250b62ad063de729580bbb53
tcn,electrode,101,bandpass_n20004_cLL_V1_V4_electrode_s20,phase2/results/predictions/full/electrode/tcn/seed_101/bandpass_n20004_cLL_V1_V4_electrode_s20.npz,76399,38c052047be670df2eb7f18705f6ed3c21a3648013aa07949453155cc6dc4045
tcn,electrode,101,bandpass_n20004_cLL_V1_V4_electrode_s15,phase2/results/predictions/full/electrode/tcn/seed_101/bandpass_n20004_cLL_V1_V4_electrode_s15.npz,76368,67c69459c6091ec05a027368d20d39e18bb58375767efe1d1f22e5cacfaac554
tcn,electrode,101,bandpass_n20004_cLL_V1_V4_electrode_s10,phase2/results/predictions/full/electrode/tcn/seed_101/bandpass_n20004_cLL_V1_V4_electrode_s10.npz,76403,a4d3ac9a945acc2f63b79c13e034022058acc0afea503b69e1de3ed3c1ec572d
tcn,electrode,101,bandpass_n20004_cLL_V1_V4_electrode_s5,phase2/results/predictions/full/electrode/tcn/seed_101/bandpass_n20004_cLL_V1_V4_electrode_s5.npz,76248,48ea7ecc1a3a90ac04f574909f3e5035e9172f8ba3d9503bfb2f7f698fe9a8a3
tcn,electrode,101,bandpass_n20004_cLL_V1_V4_electrode_s0,phase2/results/predictions/full/electrode/tcn/seed_101/bandpass_n20004_cLL_V1_V4_electrode_s0.npz,75918,6255d07ef27e712e2d0a45df1e1267b02322945ccf705ac1ec37ad370d998d6c
tcn,electrode,101,bandpass_n20004_cLL_V1_V4_covariance_s20,phase2/results/predictions/full/electrode/tcn/seed_101/bandpass_n20004_cLL_V1_V4_covariance_s20.npz,76406,85f4b8843fc18868f1a9cd0533adff039c3763e0a2a01a156d66d9bed2a7ed7a
tcn,electrode,101,bandpass_n20004_cLL_V1_V4_covariance_s15,phase2/results/predictions/full/electrode/tcn/seed_101/bandpass_n20004_cLL_V1_V4_covariance_s15.npz,76405,beb30903bb1ad2185acc3f920175adb4904ece1e604c2298c8e3bd77ff9eaf0e
tcn,electrode,101,bandpass_n20004_cLL_V1_V4_covariance_s10,phase2/results/predictions/full/electrode/tcn/seed_101/bandpass_n20004_cLL_V1_V4_covariance_s10.npz,76371,27ce08ddf1143d4f10d98d831c33f246f089b6f571c9c459ac73e1bf12191ac2
tcn,electrode,101,bandpass_n20004_cLL_V1_V4_covariance_s5,phase2/results/predictions/full/electrode/tcn/seed_101/bandpass_n20004_cLL_V1_V4_covariance_s5.npz,76241,51e3ab2c29f400a823255d3c015407546a2cc73fc7e8fe782504f9e63f405d8d
tcn,electrode,101,bandpass_n20004_cLL_V1_V4_covariance_s0,phase2/results/predictions/full/electrode/tcn/seed_101/bandpass_n20004_cLL_V1_V4_covariance_s0.npz,75963,8b2eb2fc21418fb00e261c396bed9e140f6b77bd310eb655081dd1530ce03975
tcn,electrode,101,bandpass_n20004_call_independent_rms_s20,phase2/results/predictions/full/electrode/tcn/seed_101/bandpass_n20004_call_independent_rms_s20.npz,76362,b17e9eb407ef07ab70ab5cdef2a2b182b5d4b46ac5ee38714090810eaf0362ca
tcn,electrode,101,bandpass_n20004_call_independent_rms_s15,phase2/results/predictions/full/electrode/tcn/seed_101/bandpass_n20004_call_independent_rms_s15.npz,76389,895f84638d26abd2ea7a38099342a125115733038512f3aa5b7d40456bce944f
tcn,electrode,101,bandpass_n20004_call_independent_rms_s10,phase2/results/predictions/full/electrode/tcn/seed_101/bandpass_n20004_call_independent_rms_s10.npz,76331,eb86e032db7fc50787ed478d4dda9f34b98bb1f91981254371944f39ef6fa50f
tcn,electrode,101,bandpass_n20004_call_independent_rms_s5,phase2/results/predictions/full/electrode/tcn/seed_101/bandpass_n20004_call_independent_rms_s5.npz,76260,fad6bb8af9d197ee671d0436e1ed9ec71ef6fea5f0c2bfeeea63a3d18c1c69dc
tcn,electrode,101,bandpass_n20004_call_independent_rms_s0,phase2/results/predictions/full/electrode/tcn/seed_101/bandpass_n20004_call_independent_rms_s0.npz,75968,5c2590f60e71aabdec36c5613e76ccb542274bfb5ffd1bf7380231f9c993b616
tcn,electrode,101,bandpass_n20004_call_electrode_s20,phase2/results/predictions/full/electrode/tcn/seed_101/bandpass_n20004_call_electrode_s20.npz,76339,9e2025c059264e9873b06485a64c256e75a305f31373418c4b6e4d6a0659abd1
tcn,electrode,101,bandpass_n20004_call_electrode_s15,phase2/results/predictions/full/electrode/tcn/seed_101/bandpass_n20004_call_electrode_s15.npz,76327,e29fa176699bef788fd88a13bf439229b5e3d2d035d854a118010669005c069c
tcn,electrode,101,bandpass_n20004_call_electrode_s10,phase2/results/predictions/full/electrode/tcn/seed_101/bandpass_n20004_call_electrode_s10.npz,76358,85c4cc8e2eece0c815f909a6b3b0f19fce7cf86514f27ee8007ffbb26d7a9c99
tcn,electrode,101,bandpass_n20004_call_electrode_s5,phase2/results/predictions/full/electrode/tcn/seed_101/bandpass_n20004_call_electrode_s5.npz,76188,58a8f095a7787f72e5779503255faffac96bc57cfe0e0ed49bd26890ddfff7fa
tcn,electrode,101,bandpass_n20004_call_electrode_s0,phase2/results/predictions/full/electrode/tcn/seed_101/bandpass_n20004_call_electrode_s0.npz,75839,bfa1ce8b7c85d4d31945b7ffc0625f1423c7ca8649abb53650d98e9d94b46e4f
tcn,electrode,101,bandpass_n20004_call_covariance_s20,phase2/results/predictions/full/electrode/tcn/seed_101/bandpass_n20004_call_covariance_s20.npz,76339,ea6bf15b21bd8883fc668745b920839887881eedabbc3cd49d85e8932b6d8dc0
tcn,electrode,101,bandpass_n20004_call_covariance_s15,phase2/results/predictions/full/electrode/tcn/seed_101/bandpass_n20004_call_covariance_s15.npz,76350,d429fe1f82587b6af45ea16f1d3ab0d9f30cd1ac826461b298e47c19ee66ae01
tcn,electrode,101,bandpass_n20004_call_covariance_s10,phase2/results/predictions/full/electrode/tcn/seed_101/bandpass_n20004_call_covariance_s10.npz,76345,396a24506fa6e578b1438c350dc278ef302a3173e5dcb65c0360ee1d75d3dcbf
tcn,electrode,101,bandpass_n20004_call_covariance_s5,phase2/results/predictions/full/electrode/tcn/seed_101/bandpass_n20004_call_covariance_s5.npz,76198,d04ec6181d85e4299e2e3591fcd671706b2dda84cd4d66fa95780bebceafed1c
tcn,electrode,101,bandpass_n20004_call_covariance_s0,phase2/results/predictions/full/electrode/tcn/seed_101/bandpass_n20004_call_covariance_s0.npz,75841,47e4a844249a57274c5b45fbee2b0ec5a2ef4b6412a7f843e508d9a95859a8e8
tcn,electrode,101,bandpass_n20005_cRA_LA_LL_independent_rms_s20,phase2/results/predictions/full/electrode/tcn/seed_101/bandpass_n20005_cRA_LA_LL_independent_rms_s20.npz,76376,df43fc3f1a296ebb7c04d3e9086d2a4142c4d96e2c2a563e73a2f15c4d8bdfce
tcn,electrode,101,bandpass_n20005_cRA_LA_LL_independent_rms_s15,phase2/results/predictions/full/electrode/tcn/seed_101/bandpass_n20005_cRA_LA_LL_independent_rms_s15.npz,76383,287796a1c52ebf983a948157bbe963583d2ed51b802495d8986e6c8d2a1c9c36
tcn,electrode,101,bandpass_n20005_cRA_LA_LL_independent_rms_s10,phase2/results/predictions/full/electrode/tcn/seed_101/bandpass_n20005_cRA_LA_LL_independent_rms_s10.npz,76350,c5bcf0270ad1987bf5b0fbc3b1c2d8372c5c467f1baee23887b88646d1d20770
tcn,electrode,101,bandpass_n20005_cRA_LA_LL_independent_rms_s5,phase2/results/predictions/full/electrode/tcn/seed_101/bandpass_n20005_cRA_LA_LL_independent_rms_s5.npz,76294,fb3fc04b083663a5abbd2221867774494b87e619a67c979b7852ff0c6c8de2e6
tcn,electrode,101,bandpass_n20005_cRA_LA_LL_independent_rms_s0,phase2/results/predictions/full/electrode/tcn/seed_101/bandpass_n20005_cRA_LA_LL_independent_rms_s0.npz,76020,7fcf3dcf3e29e0182ce30b93278e988fb38990cb23a5edbc5d6cce920ef9c69c
tcn,electrode,101,bandpass_n20005_cRA_LA_LL_electrode_s20,phase2/results/predictions/full/electrode/tcn/seed_101/bandpass_n20005_cRA_LA_LL_electrode_s20.npz,76331,3bf614f3598d34acc1588e0d455ef952f47a84a27f5a24718b358ae0d243f863
tcn,electrode,101,bandpass_n20005_cRA_LA_LL_electrode_s15,phase2/results/predictions/full/electrode/tcn/seed_101/bandpass_n20005_cRA_LA_LL_electrode_s15.npz,76374,d30a125763a26584a4a01b9501352f2feda9ec4e5d2aa1f95133c951aea95ced
tcn,electrode,101,bandpass_n20005_cRA_LA_LL_electrode_s10,phase2/results/predictions/full/electrode/tcn/seed_101/bandpass_n20005_cRA_LA_LL_electrode_s10.npz,76334,d923d5a6ca082a799d59843cb30ab5bdbe153faab75b2ae043a0ed8768cd2f13
tcn,electrode,101,bandpass_n20005_cRA_LA_LL_electrode_s5,phase2/results/predictions/full/electrode/tcn/seed_101/bandpass_n20005_cRA_LA_LL_electrode_s5.npz,76149,29e6b734cef7c34d4b809d2f487bca966938100bdcdc2b91c8ed6a4bd2b558e8
tcn,electrode,101,bandpass_n20005_cRA_LA_LL_electrode_s0,phase2/results/predictions/full/electrode/tcn/seed_101/bandpass_n20005_cRA_LA_LL_electrode_s0.npz,75859,caec6fa64889b344a1078fc8f2a4335a178467bb5c7f6f8e56f92c93d854e635
tcn,electrode,101,bandpass_n20005_cRA_LA_LL_covariance_s20,phase2/results/predictions/full/electrode/tcn/seed_101/bandpass_n20005_cRA_LA_LL_covariance_s20.npz,76385,0045b9049d56b79b137095c0e3f538607875ea123c27feea8a00515e9dcd68b5
tcn,electrode,101,bandpass_n20005_cRA_LA_LL_covariance_s15,phase2/results/predictions/full/electrode/tcn/seed_101/bandpass_n20005_cRA_LA_LL_covariance_s15.npz,76378,45c30b54aa3ddad10623c75a31353600d277959f5183fc35c6edc2ff0be1708e
tcn,electrode,101,bandpass_n20005_cRA_LA_LL_covariance_s10,phase2/results/predictions/full/electrode/tcn/seed_101/bandpass_n20005_cRA_LA_LL_covariance_s10.npz,76330,3c3539508015ec3c07c3acbacec6dbf5c4b9ef9f087e66b7639f42512e4b9fd3
tcn,electrode,101,bandpass_n20005_cRA_LA_LL_covariance_s5,phase2/results/predictions/full/electrode/tcn/seed_101/bandpass_n20005_cRA_LA_LL_covariance_s5.npz,76170,3a27ec7438a94a4db92aeb5c620e9e5d7e0eb07782b739b21172ee620780d3a8
tcn,electrode,101,bandpass_n20005_cRA_LA_LL_covariance_s0,phase2/results/predictions/full/electrode/tcn/seed_101/bandpass_n20005_cRA_LA_LL_covariance_s0.npz,75828,c789943c406c9962609bd3d5eaa11c2fbdfbb5664ab34aaf809a10f0f1158043
tcn,electrode,101,bandpass_n20005_cV1_independent_rms_s20,phase2/results/predictions/full/electrode/tcn/seed_101/bandpass_n20005_cV1_independent_rms_s20.npz,76392,61cdcb26f0634f30b4cc5d7e958754d16252261b6c76493b5a51332a2ba0282a
tcn,electrode,101,bandpass_n20005_cV1_independent_rms_s15,phase2/results/predictions/full/electrode/tcn/seed_101/bandpass_n20005_cV1_independent_rms_s15.npz,76385,232c21447acceb390c244e3ac466955f05fa935397390d2f3199321914c92808
tcn,electrode,101,bandpass_n20005_cV1_independent_rms_s10,phase2/results/predictions/full/electrode/tcn/seed_101/bandpass_n20005_cV1_independent_rms_s10.npz,76376,71eec07aa92e31d28ac7739c563f9c020571b7bdf7091d977d3f6a49978eecc8
tcn,electrode,101,bandpass_n20005_cV1_independent_rms_s5,phase2/results/predictions/full/electrode/tcn/seed_101/bandpass_n20005_cV1_independent_rms_s5.npz,76205,f5fc6156eb9350cb5161c1380384a021bd864096fdf01f18e7a905e993b7fd2e
tcn,electrode,101,bandpass_n20005_cV1_independent_rms_s0,phase2/results/predictions/full/electrode/tcn/seed_101/bandpass_n20005_cV1_independent_rms_s0.npz,75858,4293021539a671c980741169d163809adf7fb477ee6b1ede3e0612d25bf8d1ac
tcn,electrode,101,bandpass_n20005_cV1_electrode_s20,phase2/results/predictions/full/electrode/tcn/seed_101/bandpass_n20005_cV1_electrode_s20.npz,76361,9acc4e2926cf358e2e296f2ac1ca16eb609a2c3193090413117bf699ebfb6055
tcn,electrode,101,bandpass_n20005_cV1_electrode_s15,phase2/results/predictions/full/electrode/tcn/seed_101/bandpass_n20005_cV1_electrode_s15.npz,76358,a97743207d8f735ff35a9efcb94648ac17c63bcd553a44c8f94d2725739f1101
tcn,electrode,101,bandpass_n20005_cV1_electrode_s10,phase2/results/predictions/full/electrode/tcn/seed_101/bandpass_n20005_cV1_electrode_s10.npz,76337,a30d70684171aa2da569252d2602ead406c52467b1e9ab7da91e7d17731b8de8
tcn,electrode,101,bandpass_n20005_cV1_electrode_s5,phase2/results/predictions/full/electrode/tcn/seed_101/bandpass_n20005_cV1_electrode_s5.npz,76211,d4e93d608107edef6fad393bdbef99ca02ae248327f59cf3414d1ef13e6ab77d
tcn,electrode,101,bandpass_n20005_cV1_electrode_s0,phase2/results/predictions/full/electrode/tcn/seed_101/bandpass_n20005_cV1_electrode_s0.npz,75874,b23452ed89b8d601a34a34782a831dae5c4fa99b50695587e1734ebb4842adbd
tcn,electrode,101,bandpass_n20005_cV1_covariance_s20,phase2/results/predictions/full/electrode/tcn/seed_101/bandpass_n20005_cV1_covariance_s20.npz,76368,5e6e320ab79299a4b4fafd8ff3a3ee810c2e6c239dcac6536aa88e8ec2a0c954
tcn,electrode,101,bandpass_n20005_cV1_covariance_s15,phase2/results/predictions/full/electrode/tcn/seed_101/bandpass_n20005_cV1_covariance_s15.npz,76375,55222d5343d67cd1a28889de2d36f830a1e1fb126022b7147824f4ad2fd0a69d
tcn,electrode,101,bandpass_n20005_cV1_covariance_s10,phase2/results/predictions/full/electrode/tcn/seed_101/bandpass_n20005_cV1_covariance_s10.npz,76325,6128c9050c84f7aad5ebcf0ddbc1229f0412cbc2a128ed720e83bd3d7b9ae095
tcn,electrode,101,bandpass_n20005_cV1_covariance_s5,phase2/results/predictions/full/electrode/tcn/seed_101/bandpass_n20005_cV1_covariance_s5.npz,76233,ba7321de8cdc6d56c527aab90282884b27a34f529ecb59fa3fdad58b63b4d289
tcn,electrode,101,bandpass_n20005_cV1_covariance_s0,phase2/results/predictions/full/electrode/tcn/seed_101/bandpass_n20005_cV1_covariance_s0.npz,75899,c9b0e08e7ff24aa7c7f39ff6d6ed9af6fefe577507b0bbfa772d8bd99f9381fd
tcn,electrode,101,bandpass_n20005_cV2_independent_rms_s20,phase2/results/predictions/full/electrode/tcn/seed_101/bandpass_n20005_cV2_independent_rms_s20.npz,76410,fd5ed8a1e398276d6c8b2e54ccc8b9fd429ed8a11f9164030811fdc3a783c016
tcn,electrode,101,bandpass_n20005_cV2_independent_rms_s15,phase2/results/predictions/full/electrode/tcn/seed_101/bandpass_n20005_cV2_independent_rms_s15.npz,76356,f2d62533da54be76e38bedbe5948bb8bf4ac0640a3391dcc3e903417c84b19f6
tcn,electrode,101,bandpass_n20005_cV2_independent_rms_s10,phase2/results/predictions/full/electrode/tcn/seed_101/bandpass_n20005_cV2_independent_rms_s10.npz,76347,0dea2fdcdd238436eaa322c496ac530c8ac007d40d679389cd2b34c068a060ba
tcn,electrode,101,bandpass_n20005_cV2_independent_rms_s5,phase2/results/predictions/full/electrode/tcn/seed_101/bandpass_n20005_cV2_independent_rms_s5.npz,76279,2d7d4805ade97f5de80d47f63008179491d68fda0f69e3971f5e50b05806e084
tcn,electrode,101,bandpass_n20005_cV2_independent_rms_s0,phase2/results/predictions/full/electrode/tcn/seed_101/bandpass_n20005_cV2_independent_rms_s0.npz,76029,d0162305fa56dcdd2a02d75a220d729bca4775865998195ab26e49c1fd8a97c8
tcn,electrode,101,bandpass_n20005_cV2_electrode_s20,phase2/results/predictions/full/electrode/tcn/seed_101/bandpass_n20005_cV2_electrode_s20.npz,76351,38a148043b9966a79084b62660cb386b5146222bbe6cf0a7b5ac65257f690302
tcn,electrode,101,bandpass_n20005_cV2_electrode_s15,phase2/results/predictions/full/electrode/tcn/seed_101/bandpass_n20005_cV2_electrode_s15.npz,76344,6bc5ea6ffab2398ac4acafbc53913f73635447b423afd999f1145bb1fc536260
tcn,electrode,101,bandpass_n20005_cV2_electrode_s10,phase2/results/predictions/full/electrode/tcn/seed_101/bandpass_n20005_cV2_electrode_s10.npz,76347,e7a6f24ce83390fa09121fe7504bb395fcf6dd30d68f7fe7405bfc08b2924a70
tcn,electrode,101,bandpass_n20005_cV2_electrode_s5,phase2/results/predictions/full/electrode/tcn/seed_101/bandpass_n20005_cV2_electrode_s5.npz,76224,ee65c978dc448561a0560cac771c3c7de5be103ebf063699832af6ff9836c2c4
tcn,electrode,101,bandpass_n20005_cV2_electrode_s0,phase2/results/predictions/full/electrode/tcn/seed_101/bandpass_n20005_cV2_electrode_s0.npz,76030,aeb7ba263baa241ecef1df78ac37ddc40866e8dce12ff1e0c3cc3c88ac9c3445
tcn,electrode,101,bandpass_n20005_cV2_covariance_s20,phase2/results/predictions/full/electrode/tcn/seed_101/bandpass_n20005_cV2_covariance_s20.npz,76380,aed382b4850a0637c57f728f2b11224dd64136f3037373bf7db99d06faf805cf
tcn,electrode,101,bandpass_n20005_cV2_covariance_s15,phase2/results/predictions/full/electrode/tcn/seed_101/bandpass_n20005_cV2_covariance_s15.npz,76358,81ad7d0af5586d2e346d78dc7a30f1af26ee50d49f30c1af3bbfec17f6ce08c8
tcn,electrode,101,bandpass_n20005_cV2_covariance_s10,phase2/results/predictions/full/electrode/tcn/seed_101/bandpass_n20005_cV2_covariance_s10.npz,76342,ad7de6502c476d16a8462b2da4d9e73a0d8c977543f079a78193d4999d6e55a2
tcn,electrode,101,bandpass_n20005_cV2_covariance_s5,phase2/results/predictions/full/electrode/tcn/seed_101/bandpass_n20005_cV2_covariance_s5.npz,76230,c2ad8344cde1a0e9f72fbe57342b7887289311281b643acb75cf9979c18cb65c
tcn,electrode,101,bandpass_n20005_cV2_covariance_s0,phase2/results/predictions/full/electrode/tcn/seed_101/bandpass_n20005_cV2_covariance_s0.npz,76026,42811a82b93243b04484e187056e0968588d24410ddea5e2917cf118646cd545
tcn,electrode,101,bandpass_n20005_cV3_independent_rms_s20,phase2/results/predictions/full/electrode/tcn/seed_101/bandpass_n20005_cV3_independent_rms_s20.npz,76392,9ea60fed2610ed6f7c40b25cd5ba822e1d055becf28814a38c51ccf4c8944d0b
tcn,electrode,101,bandpass_n20005_cV3_independent_rms_s15,phase2/results/predictions/full/electrode/tcn/seed_101/bandpass_n20005_cV3_independent_rms_s15.npz,76395,1540862599155072f10c2467c2704e97bd62edf8974a0a6207ca0f3999e48eac
tcn,electrode,101,bandpass_n20005_cV3_independent_rms_s10,phase2/results/predictions/full/electrode/tcn/seed_101/bandpass_n20005_cV3_independent_rms_s10.npz,76314,3fd6c130e1e62ed5c80a5bbc546cef86ff354441f307570f565a4ed4a7322045
tcn,electrode,101,bandpass_n20005_cV3_independent_rms_s5,phase2/results/predictions/full/electrode/tcn/seed_101/bandpass_n20005_cV3_independent_rms_s5.npz,76259,843913403e3192dfb9b140b21220daecbc79f8b2b33182e81ab8b4c96163c8e1
tcn,electrode,101,bandpass_n20005_cV3_independent_rms_s0,phase2/results/predictions/full/electrode/tcn/seed_101/bandpass_n20005_cV3_independent_rms_s0.npz,76046,56b0acb41b06978c54878789cba4fffb4d96e458e3d2eed53a33aacb948b5af5
tcn,electrode,101,bandpass_n20005_cV3_electrode_s20,phase2/results/predictions/full/electrode/tcn/seed_101/bandpass_n20005_cV3_electrode_s20.npz,76380,e7ad408bd03a0b4a2e451994faab7562a11779b13f1f48c2bf769dd4a1967fb5
tcn,electrode,101,bandpass_n20005_cV3_electrode_s15,phase2/results/predictions/full/electrode/tcn/seed_101/bandpass_n20005_cV3_electrode_s15.npz,76344,0f108b72f505cdc917d365789cb61473a9948998fba27055a690477bfe14d94e
tcn,electrode,101,bandpass_n20005_cV3_electrode_s10,phase2/results/predictions/full/electrode/tcn/seed_101/bandpass_n20005_cV3_electrode_s10.npz,76360,ffca35036ac62563745d23c94a7fdfe421b72250596457d12c889b45754622de
tcn,electrode,101,bandpass_n20005_cV3_electrode_s5,phase2/results/predictions/full/electrode/tcn/seed_101/bandpass_n20005_cV3_electrode_s5.npz,76272,5ad1a2cd3cb982b4274a2d787f350e88cf2a6c2808b7df10e33f6f59c700ac9f
tcn,electrode,101,bandpass_n20005_cV3_electrode_s0,phase2/results/predictions/full/electrode/tcn/seed_101/bandpass_n20005_cV3_electrode_s0.npz,76018,a46bec4efeec8d36384619a3520fa82485197c4acf8d990874f58f317a877f17
tcn,electrode,101,bandpass_n20005_cV3_covariance_s20,phase2/results/predictions/full/electrode/tcn/seed_101/bandpass_n20005_cV3_covariance_s20.npz,76374,df5a785ad4445ffa8e83eeb8a83e5a31297f70a0c90550818184f33a34d9d315
tcn,electrode,101,bandpass_n20005_cV3_covariance_s15,phase2/results/predictions/full/electrode/tcn/seed_101/bandpass_n20005_cV3_covariance_s15.npz,76346,a2568c4cf79ff61e164d6b8520662469716541729669cba309eef60922fe5adf
tcn,electrode,101,bandpass_n20005_cV3_covariance_s10,phase2/results/predictions/full/electrode/tcn/seed_101/bandpass_n20005_cV3_covariance_s10.npz,76322,c02de34f8b16fa7710b5eda60b86fdc48991885e9100e95b3fc77e402bfc64ce
tcn,electrode,101,bandpass_n20005_cV3_covariance_s5,phase2/results/predictions/full/electrode/tcn/seed_101/bandpass_n20005_cV3_covariance_s5.npz,76288,44020745aa354f57fc0009e3f7fea966e5cd39b78103599a4c1aaba3eaeffd6b
tcn,electrode,101,bandpass_n20005_cV3_covariance_s0,phase2/results/predictions/full/electrode/tcn/seed_101/bandpass_n20005_cV3_covariance_s0.npz,75996,647d1e5486d02f41387cb9b2a7f54e3fc30d8bc60e767a025d4f32a0e9f1be04
tcn,electrode,101,bandpass_n20005_cV4_independent_rms_s20,phase2/results/predictions/full/electrode/tcn/seed_101/bandpass_n20005_cV4_independent_rms_s20.npz,76368,a5e85cb86c593981520898b146a89e565d097f431639e41071b3d421812fb0cd
tcn,electrode,101,bandpass_n20005_cV4_independent_rms_s15,phase2/results/predictions/full/electrode/tcn/seed_101/bandpass_n20005_cV4_independent_rms_s15.npz,76387,753ede740a7e7f34d62a26b9df2b828d022b7a3272f7ac0c57fd1f1e75c97d3a
tcn,electrode,101,bandpass_n20005_cV4_independent_rms_s10,phase2/results/predictions/full/electrode/tcn/seed_101/bandpass_n20005_cV4_independent_rms_s10.npz,76348,911ee692be10d5cd798bbf973eede105f8fa5091ee9a5311c91f2d4eb01425b5
tcn,electrode,101,bandpass_n20005_cV4_independent_rms_s5,phase2/results/predictions/full/electrode/tcn/seed_101/bandpass_n20005_cV4_independent_rms_s5.npz,76298,821fd7ea3b6bd5b3d78e19b7c2d1edb498f8dd6246f4ba06c65000b26aaded95
tcn,electrode,101,bandpass_n20005_cV4_independent_rms_s0,phase2/results/predictions/full/electrode/tcn/seed_101/bandpass_n20005_cV4_independent_rms_s0.npz,76124,7bc898eaa250514541e3224f741671a7ecb6a321e400798b348d18daed8935af
tcn,electrode,101,bandpass_n20005_cV4_electrode_s20,phase2/results/predictions/full/electrode/tcn/seed_101/bandpass_n20005_cV4_electrode_s20.npz,76370,ba5c2001a43d3957deeefa3ecdbb5a03bb30607c6b3501703cc80b73756b382b
tcn,electrode,101,bandpass_n20005_cV4_electrode_s15,phase2/results/predictions/full/electrode/tcn/seed_101/bandpass_n20005_cV4_electrode_s15.npz,76341,1cc670b78af7d6babe088c0de005f742a59b3e2beae0f1e36b2376542312577a
tcn,electrode,101,bandpass_n20005_cV4_electrode_s10,phase2/results/predictions/full/electrode/tcn/seed_101/bandpass_n20005_cV4_electrode_s10.npz,76345,ed346ff3a7e36d9e34ac234267ca9f7dd95f5957d8fa13e8a8bc70cd4af3389b
tcn,electrode,101,bandpass_n20005_cV4_electrode_s5,phase2/results/predictions/full/electrode/tcn/seed_101/bandpass_n20005_cV4_electrode_s5.npz,76318,46089e83436bf052ec6206479cb5ab325ce3f1b0196d346477c7111267ac5a4f
tcn,electrode,101,bandpass_n20005_cV4_electrode_s0,phase2/results/predictions/full/electrode/tcn/seed_101/bandpass_n20005_cV4_electrode_s0.npz,76113,1d5eb47b342648856cbefa736465b166ca0b2b938f508c430f5e30c2523437fe
tcn,electrode,101,bandpass_n20005_cV4_covariance_s20,phase2/results/predictions/full/electrode/tcn/seed_101/bandpass_n20005_cV4_covariance_s20.npz,76394,59d6e554f23e9b567b10ba92f0f4ff8d87f3955c4f508a58d4bbcaf2b7977c9d
tcn,electrode,101,bandpass_n20005_cV4_covariance_s15,phase2/results/predictions/full/electrode/tcn/seed_101/bandpass_n20005_cV4_covariance_s15.npz,76341,d2367233b9441c17ed8dcc0cd6d91dccd11b0533f97141b2dea1c1ebc7080b68
tcn,electrode,101,bandpass_n20005_cV4_covariance_s10,phase2/results/predictions/full/electrode/tcn/seed_101/bandpass_n20005_cV4_covariance_s10.npz,76357,07c8e63fd02e4f46d56fec960bfaf0adeb2a2a37eb16c000919fc8ce61863d11
tcn,electrode,101,bandpass_n20005_cV4_covariance_s5,phase2/results/predictions/full/electrode/tcn/seed_101/bandpass_n20005_cV4_covariance_s5.npz,76298,65bdc1cf309caca217de1a15cbb7d75a1996833af0df7f3ddf84ad029681fdea
tcn,electrode,101,bandpass_n20005_cV4_covariance_s0,phase2/results/predictions/full/electrode/tcn/seed_101/bandpass_n20005_cV4_covariance_s0.npz,76109,42f7a79b9313adc442ee204e07cdb0e6696fd038799707d880dd1cc931f5d273
tcn,electrode,101,bandpass_n20005_cV5_independent_rms_s20,phase2/results/predictions/full/electrode/tcn/seed_101/bandpass_n20005_cV5_independent_rms_s20.npz,76379,c81d52e75b8002a69fdf920e4ce5346ec84e0b22aaaf0a075ad42c8c1143b26f
tcn,electrode,101,bandpass_n20005_cV5_independent_rms_s15,phase2/results/predictions/full/electrode/tcn/seed_101/bandpass_n20005_cV5_independent_rms_s15.npz,76370,08aa1ff8a23fdeb1d4c3b34890d0fc3d285178d07ccc672765ad478bc03a3378
tcn,electrode,101,bandpass_n20005_cV5_independent_rms_s10,phase2/results/predictions/full/electrode/tcn/seed_101/bandpass_n20005_cV5_independent_rms_s10.npz,76367,3fe1e15c39e8670ccc3e905352a035612a0ae4402021147ff57f409d629cc7c9
tcn,electrode,101,bandpass_n20005_cV5_independent_rms_s5,phase2/results/predictions/full/electrode/tcn/seed_101/bandpass_n20005_cV5_independent_rms_s5.npz,76321,c39b9f91d46a914c51bd4640b1d88f54c2c124986e8bd77e55b5200dc48196f6
tcn,electrode,101,bandpass_n20005_cV5_independent_rms_s0,phase2/results/predictions/full/electrode/tcn/seed_101/bandpass_n20005_cV5_independent_rms_s0.npz,76040,95b9b01b43cbab7f872612c662f80076095ea29b85a59d95a492c32fb58708d6
tcn,electrode,101,bandpass_n20005_cV5_electrode_s20,phase2/results/predictions/full/electrode/tcn/seed_101/bandpass_n20005_cV5_electrode_s20.npz,76357,5a62a7fec0e38ab183e5dc2349b40815caba2656f69e10ae21ac95c11e55c16e
tcn,electrode,101,bandpass_n20005_cV5_electrode_s15,phase2/results/predictions/full/electrode/tcn/seed_101/bandpass_n20005_cV5_electrode_s15.npz,76356,415721d6b1421d8db482e49355a4b564098b212a7f34e795a1444790b54be1ac
tcn,electrode,101,bandpass_n20005_cV5_electrode_s10,phase2/results/predictions/full/electrode/tcn/seed_101/bandpass_n20005_cV5_electrode_s10.npz,76340,f0f14fe0ea3cb58fb2c4d62f93a01f86930035c7df7d8a95266578881943370a
tcn,electrode,101,bandpass_n20005_cV5_electrode_s5,phase2/results/predictions/full/electrode/tcn/seed_101/bandpass_n20005_cV5_electrode_s5.npz,76303,c4bf9cf3398bb9739de61228a687be12c1891a778f2cd090b2fd4e873aabf4ad
tcn,electrode,101,bandpass_n20005_cV5_electrode_s0,phase2/results/predictions/full/electrode/tcn/seed_101/bandpass_n20005_cV5_electrode_s0.npz,76024,6be0ebd93a8313b4592b664b80b0b44c5905d3464a453342e09bffcfe824d1d8
tcn,electrode,101,bandpass_n20005_cV5_covariance_s20,phase2/results/predictions/full/electrode/tcn/seed_101/bandpass_n20005_cV5_covariance_s20.npz,76381,974eaf2817dda6a803325e10833fb61f34a8e853612937cbafe9df9e179b61e9
tcn,electrode,101,bandpass_n20005_cV5_covariance_s15,phase2/results/predictions/full/electrode/tcn/seed_101/bandpass_n20005_cV5_covariance_s15.npz,76355,24affb363a18d006ff75f8060bf0ff5afb45435a390587ab81e5ced8a8565151
tcn,electrode,101,bandpass_n20005_cV5_covariance_s10,phase2/results/predictions/full/electrode/tcn/seed_101/bandpass_n20005_cV5_covariance_s10.npz,76307,0d4053dc7516a625102b5c3225ba6ecad07e8d89c1acf5d3a7e16b2be0ce399c
tcn,electrode,101,bandpass_n20005_cV5_covariance_s5,phase2/results/predictions/full/electrode/tcn/seed_101/bandpass_n20005_cV5_covariance_s5.npz,76278,16e8abdb38ea9de7b219f13cdd92137ffb4826eb53bb786027043226f28d093d
tcn,electrode,101,bandpass_n20005_cV5_covariance_s0,phase2/results/predictions/full/electrode/tcn/seed_101/bandpass_n20005_cV5_covariance_s0.npz,76001,9239d02129fc29a9836ea88aa379a91d3c77461c0111a1c19dded1b34f8d88ec
tcn,electrode,101,bandpass_n20005_cV6_independent_rms_s20,phase2/results/predictions/full/electrode/tcn/seed_101/bandpass_n20005_cV6_independent_rms_s20.npz,76392,9611eebbf57cf3deba3d075ef8d56b761f65643268708f2023948f8eb7def577
tcn,electrode,101,bandpass_n20005_cV6_independent_rms_s15,phase2/results/predictions/full/electrode/tcn/seed_101/bandpass_n20005_cV6_independent_rms_s15.npz,76388,1f775d1faed895bf0a399eac1c748dd0eae72858199112f9860293043cb966b3
tcn,electrode,101,bandpass_n20005_cV6_independent_rms_s10,phase2/results/predictions/full/electrode/tcn/seed_101/bandpass_n20005_cV6_independent_rms_s10.npz,76345,f995e3f1e36e43b2cabea91406f96ac641063251bbd7c946ef711450336e0cd6
tcn,electrode,101,bandpass_n20005_cV6_independent_rms_s5,phase2/results/predictions/full/electrode/tcn/seed_101/bandpass_n20005_cV6_independent_rms_s5.npz,76330,47e0607bd66cee8c557c474c0b8469702261f0bac0f78db1c4891acd8a0377e8
tcn,electrode,101,bandpass_n20005_cV6_independent_rms_s0,phase2/results/predictions/full/electrode/tcn/seed_101/bandpass_n20005_cV6_independent_rms_s0.npz,76101,9a9462850859ca632e61213c9ffa3d9f8a2aea36187568aca8f526501bbdd957
tcn,electrode,101,bandpass_n20005_cV6_electrode_s20,phase2/results/predictions/full/electrode/tcn/seed_101/bandpass_n20005_cV6_electrode_s20.npz,76365,c67ae199048f135b8170e576811f53e1f707c3ec542add1946f5d7271f830a55
tcn,electrode,101,bandpass_n20005_cV6_electrode_s15,phase2/results/predictions/full/electrode/tcn/seed_101/bandpass_n20005_cV6_electrode_s15.npz,76375,03f4b918c31de4ba53d04d2fef615073b701fed2c0e42a143b534b1b1950bf04
tcn,electrode,101,bandpass_n20005_cV6_electrode_s10,phase2/results/predictions/full/electrode/tcn/seed_101/bandpass_n20005_cV6_electrode_s10.npz,76327,1978acdc291a223dd95c94adacd9f2f1e7591ca761f5d77449cd4c032d4c1eb6
tcn,electrode,101,bandpass_n20005_cV6_electrode_s5,phase2/results/predictions/full/electrode/tcn/seed_101/bandpass_n20005_cV6_electrode_s5.npz,76306,e5e55190079448548710b3dc1fb58f39409e47eabbdb434546a1623c4b38a35e
tcn,electrode,101,bandpass_n20005_cV6_electrode_s0,phase2/results/predictions/full/electrode/tcn/seed_101/bandpass_n20005_cV6_electrode_s0.npz,76074,2a54651da3a7334b65318fb7a0f14adbfa73c706d48f0a010db5ccb3fe1fad62
tcn,electrode,101,bandpass_n20005_cV6_covariance_s20,phase2/results/predictions/full/electrode/tcn/seed_101/bandpass_n20005_cV6_covariance_s20.npz,76360,491498767a2fbfce0ba79ad79f3af6352f3ce1e7e5f5df8b7c47ccce79f319b4
tcn,electrode,101,bandpass_n20005_cV6_covariance_s15,phase2/results/predictions/full/electrode/tcn/seed_101/bandpass_n20005_cV6_covariance_s15.npz,76355,4ce6b5d7ec7d86165775f50dafcf00243562cb7f5c95286da43c768ac4b55e76
tcn,electrode,101,bandpass_n20005_cV6_covariance_s10,phase2/results/predictions/full/electrode/tcn/seed_101/bandpass_n20005_cV6_covariance_s10.npz,76336,cb79e2dc5aca25f650a7f6e6f7b5209bad242816995671a43a993e22274af240
tcn,electrode,101,bandpass_n20005_cV6_covariance_s5,phase2/results/predictions/full/electrode/tcn/seed_101/bandpass_n20005_cV6_covariance_s5.npz,76293,d7fc1b48a63e77cc677237e662ffa54a7caa32b2e9956db8f29a521d5ea92e31
tcn,electrode,101,bandpass_n20005_cV6_covariance_s0,phase2/results/predictions/full/electrode/tcn/seed_101/bandpass_n20005_cV6_covariance_s0.npz,76091,d9159bb4ac1735d28ff988e545fa29ee17e4a9ecfb594a00a295106eaf3061b4
tcn,electrode,101,bandpass_n20005_cRA_LA_independent_rms_s20,phase2/results/predictions/full/electrode/tcn/seed_101/bandpass_n20005_cRA_LA_independent_rms_s20.npz,76375,bd3f4c8727fc1e8bf841bf64c256a61a56465ae09f412cb45f87bd61b60c7d75
tcn,electrode,101,bandpass_n20005_cRA_LA_independent_rms_s15,phase2/results/predictions/full/electrode/tcn/seed_101/bandpass_n20005_cRA_LA_independent_rms_s15.npz,76362,b648371abfb7a5c657d9c152eca959327482be0f64ecb5cf39c24cf77a7de539
tcn,electrode,101,bandpass_n20005_cRA_LA_independent_rms_s10,phase2/results/predictions/full/electrode/tcn/seed_101/bandpass_n20005_cRA_LA_independent_rms_s10.npz,76353,dc78ab4424b89b868a461e30e374f2a3716ab27a6111908e3c7b9474bc7b3245
tcn,electrode,101,bandpass_n20005_cRA_LA_independent_rms_s5,phase2/results/predictions/full/electrode/tcn/seed_101/bandpass_n20005_cRA_LA_independent_rms_s5.npz,76301,a369dd66f295d18fed85c9917ade90c4798c2d7b8c790b8226119cff3578ac85
tcn,electrode,101,bandpass_n20005_cRA_LA_independent_rms_s0,phase2/results/predictions/full/electrode/tcn/seed_101/bandpass_n20005_cRA_LA_independent_rms_s0.npz,76019,f9f45fa9efa02df348aedea5fafde31a4e5ba507133c467eab20cda4154540ab
tcn,electrode,101,bandpass_n20005_cRA_LA_electrode_s20,phase2/results/predictions/full/electrode/tcn/seed_101/bandpass_n20005_cRA_LA_electrode_s20.npz,76356,db46c47605994062c4af5a3fbe58cb515f87bb57c8611b5f1530ab6999484763
tcn,electrode,101,bandpass_n20005_cRA_LA_electrode_s15,phase2/results/predictions/full/electrode/tcn/seed_101/bandpass_n20005_cRA_LA_electrode_s15.npz,76331,6f9b5c4c8611dab9aa27af1b3a89a8048838fb46f5c01a7788367995e2cc7c6b
tcn,electrode,101,bandpass_n20005_cRA_LA_electrode_s10,phase2/results/predictions/full/electrode/tcn/seed_101/bandpass_n20005_cRA_LA_electrode_s10.npz,76333,c344d673dc8b28964b1d427804d0efab6110af229b55932fffa31457111f5e26
tcn,electrode,101,bandpass_n20005_cRA_LA_electrode_s5,phase2/results/predictions/full/electrode/tcn/seed_101/bandpass_n20005_cRA_LA_electrode_s5.npz,76133,73e51510665fc9ac6d128c74647b1d318d86f945fcf9adf4590203d3858c93e4
tcn,electrode,101,bandpass_n20005_cRA_LA_electrode_s0,phase2/results/predictions/full/electrode/tcn/seed_101/bandpass_n20005_cRA_LA_electrode_s0.npz,75846,4b6ebd7275fe6735cd61eaf3336c1e0450076ef35cdd251bcc85a4e79c14d653
tcn,electrode,101,bandpass_n20005_cRA_LA_covariance_s20,phase2/results/predictions/full/electrode/tcn/seed_101/bandpass_n20005_cRA_LA_covariance_s20.npz,76392,f59c436949391fb651f22252ee064ac806c04c7471fdd779e8ab900d1070c832
tcn,electrode,101,bandpass_n20005_cRA_LA_covariance_s15,phase2/results/predictions/full/electrode/tcn/seed_101/bandpass_n20005_cRA_LA_covariance_s15.npz,76369,a6d6f6a5d5d6ab9dd70f1fe522d1dceb1c0f33e25be25522da2edcc9aee96efd
tcn,electrode,101,bandpass_n20005_cRA_LA_covariance_s10,phase2/results/predictions/full/electrode/tcn/seed_101/bandpass_n20005_cRA_LA_covariance_s10.npz,76318,0be1dff84237078746c7c10556fecfc56d1b09be74e73014a232458948b6f99b
tcn,electrode,101,bandpass_n20005_cRA_LA_covariance_s5,phase2/results/predictions/full/electrode/tcn/seed_101/bandpass_n20005_cRA_LA_covariance_s5.npz,76167,9cf0738e05d8fce94cbd6866169713454632d25ac7d6a95c48c645fb185ebb8d
tcn,electrode,101,bandpass_n20005_cRA_LA_covariance_s0,phase2/results/predictions/full/electrode/tcn/seed_101/bandpass_n20005_cRA_LA_covariance_s0.npz,75863,820c36c8dfb1179a8f499258a262604e346e65e66a2e8dbbdbc725d3f1b76ac3
tcn,electrode,101,bandpass_n20005_cLA_LL_independent_rms_s20,phase2/results/predictions/full/electrode/tcn/seed_101/bandpass_n20005_cLA_LL_independent_rms_s20.npz,76383,d1fe11e13b24e9d4d79b06bf60069f11337e91a6f315e6178dd14d6acfe2d489
tcn,electrode,101,bandpass_n20005_cLA_LL_independent_rms_s15,phase2/results/predictions/full/electrode/tcn/seed_101/bandpass_n20005_cLA_LL_independent_rms_s15.npz,76407,743fcf15eb600245666ed2f51768c60f30ddccf6f5cf2c45ea87e90bc586b945
tcn,electrode,101,bandpass_n20005_cLA_LL_independent_rms_s10,phase2/results/predictions/full/electrode/tcn/seed_101/bandpass_n20005_cLA_LL_independent_rms_s10.npz,76349,4f0525cc839dc5b7195677d52cd262089750b61cb1ec73f60b1bce4beddc34d0
tcn,electrode,101,bandpass_n20005_cLA_LL_independent_rms_s5,phase2/results/predictions/full/electrode/tcn/seed_101/bandpass_n20005_cLA_LL_independent_rms_s5.npz,76263,eedf5cb3ebda0ced3e4026e3665a77d85df8b3056a642a886a7ce3bb82567774
tcn,electrode,101,bandpass_n20005_cLA_LL_independent_rms_s0,phase2/results/predictions/full/electrode/tcn/seed_101/bandpass_n20005_cLA_LL_independent_rms_s0.npz,75998,a46e2f549c3a468d8b6ab90d358eb0be128d641cf6aa6846d748a33913ab00a4
tcn,electrode,101,bandpass_n20005_cLA_LL_electrode_s20,phase2/results/predictions/full/electrode/tcn/seed_101/bandpass_n20005_cLA_LL_electrode_s20.npz,76358,a27d4adbcf54b424c455614c180e8622628c0bbe2a3a4d6b1b7eb84fa4283a81
tcn,electrode,101,bandpass_n20005_cLA_LL_electrode_s15,phase2/results/predictions/full/electrode/tcn/seed_101/bandpass_n20005_cLA_LL_electrode_s15.npz,76370,c68c594c04627fea8d4641d377f739f969ed04dbd5df3ce88bc68565db3003ac
tcn,electrode,101,bandpass_n20005_cLA_LL_electrode_s10,phase2/results/predictions/full/electrode/tcn/seed_101/bandpass_n20005_cLA_LL_electrode_s10.npz,76347,62f23051f59045ed048bfd81e8fefbeb1c771f3bcbfd25216a1561dafdc1b1bd
tcn,electrode,101,bandpass_n20005_cLA_LL_electrode_s5,phase2/results/predictions/full/electrode/tcn/seed_101/bandpass_n20005_cLA_LL_electrode_s5.npz,76189,6354fe5c55b69007133bf263d36f7c390c881451173de0ce36350929d975ef0b
tcn,electrode,101,bandpass_n20005_cLA_LL_electrode_s0,phase2/results/predictions/full/electrode/tcn/seed_101/bandpass_n20005_cLA_LL_electrode_s0.npz,75875,c118a899c6ccd95c12d69854b6319e46ae6f1dd43159ff62ce24936c811e50ef
tcn,electrode,101,bandpass_n20005_cLA_LL_covariance_s20,phase2/results/predictions/full/electrode/tcn/seed_101/bandpass_n20005_cLA_LL_covariance_s20.npz,76394,9b179b1d602cf0296b119ea92513671ebbc8f9d0937aefab2dc3cc0122578f95
tcn,electrode,101,bandpass_n20005_cLA_LL_covariance_s15,phase2/results/predictions/full/electrode/tcn/seed_101/bandpass_n20005_cLA_LL_covariance_s15.npz,76364,f90126b4f9b6767ce546e7434f50d3a0d0732f4c95c165c80f95357fd206c473
tcn,electrode,101,bandpass_n20005_cLA_LL_covariance_s10,phase2/results/predictions/full/electrode/tcn/seed_101/bandpass_n20005_cLA_LL_covariance_s10.npz,76341,fdc949f3b222610d53275ed4ebd8999f3c4a2cdcf4540dadeeabecf33e2094ca
tcn,electrode,101,bandpass_n20005_cLA_LL_covariance_s5,phase2/results/predictions/full/electrode/tcn/seed_101/bandpass_n20005_cLA_LL_covariance_s5.npz,76182,4022c784d4b895c3f390599394483efa755dec9af66beaa5d3abc578c790bd77
tcn,electrode,101,bandpass_n20005_cLA_LL_covariance_s0,phase2/results/predictions/full/electrode/tcn/seed_101/bandpass_n20005_cLA_LL_covariance_s0.npz,75845,d897a4b5ba14f990870b6cf32321341b2f99d38d09c9d1d5cefdc3f9f83683f1
tcn,electrode,101,bandpass_n20005_cRA_LL_independent_rms_s20,phase2/results/predictions/full/electrode/tcn/seed_101/bandpass_n20005_cRA_LL_independent_rms_s20.npz,76407,43753be79c393593de37799f688ba11dec674286c908965151c0de304380a120
tcn,electrode,101,bandpass_n20005_cRA_LL_independent_rms_s15,phase2/results/predictions/full/electrode/tcn/seed_101/bandpass_n20005_cRA_LL_independent_rms_s15.npz,76379,081b966b5d48d0369289d978d934ca1b2804dd4ab5a9c1f27aee201adcdab342
tcn,electrode,101,bandpass_n20005_cRA_LL_independent_rms_s10,phase2/results/predictions/full/electrode/tcn/seed_101/bandpass_n20005_cRA_LL_independent_rms_s10.npz,76351,5e1308a58a47adced8f2d841e7a901592ae73b2172da0ceff099ca502ad3130c
tcn,electrode,101,bandpass_n20005_cRA_LL_independent_rms_s5,phase2/results/predictions/full/electrode/tcn/seed_101/bandpass_n20005_cRA_LL_independent_rms_s5.npz,76266,9a418b523a5ced1984b0bcde68209c83426ce613925195bcfe3f849cdaafefe6
tcn,electrode,101,bandpass_n20005_cRA_LL_independent_rms_s0,phase2/results/predictions/full/electrode/tcn/seed_101/bandpass_n20005_cRA_LL_independent_rms_s0.npz,76015,abb8e1ef51e395277f2de05f268ef1a217af3f4e3dda7898ecab8be75f1b2c1d
tcn,electrode,101,bandpass_n20005_cRA_LL_electrode_s20,phase2/results/predictions/full/electrode/tcn/seed_101/bandpass_n20005_cRA_LL_electrode_s20.npz,76393,8742898f2b92252d22ff33c3f47b4c7b64dda9de136da6771ad87ed267dfef30
tcn,electrode,101,bandpass_n20005_cRA_LL_electrode_s15,phase2/results/predictions/full/electrode/tcn/seed_101/bandpass_n20005_cRA_LL_electrode_s15.npz,76347,ae689df95fa0f3c410175aecf132a350cf394ea652a58b22e800a190c754e4a3
tcn,electrode,101,bandpass_n20005_cRA_LL_electrode_s10,phase2/results/predictions/full/electrode/tcn/seed_101/bandpass_n20005_cRA_LL_electrode_s10.npz,76297,50a88b97f26225be6ab587cc9a68e19432937168919abc1f62906550f46a5e70
tcn,electrode,101,bandpass_n20005_cRA_LL_electrode_s5,phase2/results/predictions/full/electrode/tcn/seed_101/bandpass_n20005_cRA_LL_electrode_s5.npz,76145,e45019a3a756a52bc6b50d2db48095fd070e676d69c9698303af1b6e5c8827cb
tcn,electrode,101,bandpass_n20005_cRA_LL_electrode_s0,phase2/results/predictions/full/electrode/tcn/seed_101/bandpass_n20005_cRA_LL_electrode_s0.npz,75808,03907543cee11fdfd35b958aac056d7309122b361d49652fd713a8caa1b5bca9
tcn,electrode,101,bandpass_n20005_cRA_LL_covariance_s20,phase2/results/predictions/full/electrode/tcn/seed_101/bandpass_n20005_cRA_LL_covariance_s20.npz,76371,f82f5e37c05a8b6f5baf914ff9b9b3462fae5f2807a0f286fced75a85e758237
tcn,electrode,101,bandpass_n20005_cRA_LL_covariance_s15,phase2/results/predictions/full/electrode/tcn/seed_101/bandpass_n20005_cRA_LL_covariance_s15.npz,76372,3be8cb7735b994f6fee4e21dabd75e5ddbbcbb3aab8edf3cd64ef4593c047712
tcn,electrode,101,bandpass_n20005_cRA_LL_covariance_s10,phase2/results/predictions/full/electrode/tcn/seed_101/bandpass_n20005_cRA_LL_covariance_s10.npz,76347,91c4d092ac005e06b78bee295612fba6fb9f9ef41db48c9a8dd815b3773ccd62
tcn,electrode,101,bandpass_n20005_cRA_LL_covariance_s5,phase2/results/predictions/full/electrode/tcn/seed_101/bandpass_n20005_cRA_LL_covariance_s5.npz,76161,88e5a343c5de4de6900d275be23f066994187d5c00b272ce20192c9bee87a60f
tcn,electrode,101,bandpass_n20005_cRA_LL_covariance_s0,phase2/results/predictions/full/electrode/tcn/seed_101/bandpass_n20005_cRA_LL_covariance_s0.npz,75842,267a7785e51fbaa63234a0488eb20b742145994fe1a96cb835e28cf66460f064
tcn,electrode,101,bandpass_n20005_cRA_independent_rms_s20,phase2/results/predictions/full/electrode/tcn/seed_101/bandpass_n20005_cRA_independent_rms_s20.npz,76363,d9869c8f80bf9d605ced37b18a9bd4a5a1ae222b1d6382455be3540da177f5d2
tcn,electrode,101,bandpass_n20005_cRA_independent_rms_s15,phase2/results/predictions/full/electrode/tcn/seed_101/bandpass_n20005_cRA_independent_rms_s15.npz,76394,9d9264cdf8ac8fe7ff622a04b54e670afc8a5773b9beae5fa7af4747755afc84
tcn,electrode,101,bandpass_n20005_cRA_independent_rms_s10,phase2/results/predictions/full/electrode/tcn/seed_101/bandpass_n20005_cRA_independent_rms_s10.npz,76358,d52fe961896ea6b9771a11513e1205bd638d99e0f95b2b05900cd57b03912ccc
tcn,electrode,101,bandpass_n20005_cRA_independent_rms_s5,phase2/results/predictions/full/electrode/tcn/seed_101/bandpass_n20005_cRA_independent_rms_s5.npz,76306,004262cbbfea435afbbac2b6717eea999c82184d6a873121c14e1054aa7a9dc7
tcn,electrode,101,bandpass_n20005_cRA_independent_rms_s0,phase2/results/predictions/full/electrode/tcn/seed_101/bandpass_n20005_cRA_independent_rms_s0.npz,76057,dda4ceea0eed46301abafbd61465d72d71da3b89fcdf08680f712679b8342ca7
tcn,electrode,101,bandpass_n20005_cRA_electrode_s20,phase2/results/predictions/full/electrode/tcn/seed_101/bandpass_n20005_cRA_electrode_s20.npz,76383,dcd1699f9775d95a9da5b6d53b37559d6c6007bd3ba783f2e490238dc3b918a7
tcn,electrode,101,bandpass_n20005_cRA_electrode_s15,phase2/results/predictions/full/electrode/tcn/seed_101/bandpass_n20005_cRA_electrode_s15.npz,76331,8894a237571fb77ec877c59ab0d1e61427e313554a04c83db3b18ebae678408b
tcn,electrode,101,bandpass_n20005_cRA_electrode_s10,phase2/results/predictions/full/electrode/tcn/seed_101/bandpass_n20005_cRA_electrode_s10.npz,76285,925b7176381a682eed91860d135fa18fd73c415b344d88bae6f8e4bca9d6e784
tcn,electrode,101,bandpass_n20005_cRA_electrode_s5,phase2/results/predictions/full/electrode/tcn/seed_101/bandpass_n20005_cRA_electrode_s5.npz,76131,44cb1eb43695bab5dcc35d796553dcd584e89c9f4f4d4467110e748b67606176
tcn,electrode,101,bandpass_n20005_cRA_electrode_s0,phase2/results/predictions/full/electrode/tcn/seed_101/bandpass_n20005_cRA_electrode_s0.npz,75900,4404f3891e7217fd2dbc2924d195de310a4a2ab2b47537a51eb678cd003512a8
tcn,electrode,101,bandpass_n20005_cRA_covariance_s20,phase2/results/predictions/full/electrode/tcn/seed_101/bandpass_n20005_cRA_covariance_s20.npz,76350,378d7d652d59e6add9f0339ba9e7e04a58935b3af5712731b55935cc35de4867
tcn,electrode,101,bandpass_n20005_cRA_covariance_s15,phase2/results/predictions/full/electrode/tcn/seed_101/bandpass_n20005_cRA_covariance_s15.npz,76332,73a24fe4625bc27ddf33f6286d9e6a62700b0bcb1c7b5a1d0430afe1aaaeb046
tcn,electrode,101,bandpass_n20005_cRA_covariance_s10,phase2/results/predictions/full/electrode/tcn/seed_101/bandpass_n20005_cRA_covariance_s10.npz,76335,497b538644f2c4b209d05b3439d2912ec47229ce9da6cbde1bfb41c9f32f2581
tcn,electrode,101,bandpass_n20005_cRA_covariance_s5,phase2/results/predictions/full/electrode/tcn/seed_101/bandpass_n20005_cRA_covariance_s5.npz,76115,812c79b75ef861edb6b7892987e63aa9c561856cda334480e6718f744d33bd47
tcn,electrode,101,bandpass_n20005_cRA_covariance_s0,phase2/results/predictions/full/electrode/tcn/seed_101/bandpass_n20005_cRA_covariance_s0.npz,75854,cf09818f19a6b1608de1f6e77c2e80ac9f1942adf1b246f5ba3f1e0d7b6b17cb
tcn,electrode,101,bandpass_n20005_cLA_independent_rms_s20,phase2/results/predictions/full/electrode/tcn/seed_101/bandpass_n20005_cLA_independent_rms_s20.npz,76368,1221fd2006f046c78633994f0be01059b4b8e8833f42ca263e51930770bb2d5e
tcn,electrode,101,bandpass_n20005_cLA_independent_rms_s15,phase2/results/predictions/full/electrode/tcn/seed_101/bandpass_n20005_cLA_independent_rms_s15.npz,76395,62811093e629b46ed2978587d36bbaabda847b215365f1103d4f20829f428c92
tcn,electrode,101,bandpass_n20005_cLA_independent_rms_s10,phase2/results/predictions/full/electrode/tcn/seed_101/bandpass_n20005_cLA_independent_rms_s10.npz,76347,f2374127c97039b47efe31d25034051b0d363663783e2cef683adb9b823f6312
tcn,electrode,101,bandpass_n20005_cLA_independent_rms_s5,phase2/results/predictions/full/electrode/tcn/seed_101/bandpass_n20005_cLA_independent_rms_s5.npz,76272,01dfdd4a41effc97e00f5225b80647febf647b6e2e39c1437fe3a44b94847fee
tcn,electrode,101,bandpass_n20005_cLA_independent_rms_s0,phase2/results/predictions/full/electrode/tcn/seed_101/bandpass_n20005_cLA_independent_rms_s0.npz,75991,e4d132dd3afd40e8dbe7a0c7c5d2f44f65bd6bf3d2b38d69f8e08e04d3c89d8a
tcn,electrode,101,bandpass_n20005_cLA_electrode_s20,phase2/results/predictions/full/electrode/tcn/seed_101/bandpass_n20005_cLA_electrode_s20.npz,76367,830653324b749336721bbaf5302224858c2bf11acb98e842fab8b88758050bef
tcn,electrode,101,bandpass_n20005_cLA_electrode_s15,phase2/results/predictions/full/electrode/tcn/seed_101/bandpass_n20005_cLA_electrode_s15.npz,76371,c09ffc7a34222a5dee5cd19dc1832d6c108db7fee315ef2d704d3ee649503cc8
tcn,electrode,101,bandpass_n20005_cLA_electrode_s10,phase2/results/predictions/full/electrode/tcn/seed_101/bandpass_n20005_cLA_electrode_s10.npz,76306,ee7598bec7a64b0b85638fc7001e7c8e164c0cba7af206abdb1e817ed3a5a729
tcn,electrode,101,bandpass_n20005_cLA_electrode_s5,phase2/results/predictions/full/electrode/tcn/seed_101/bandpass_n20005_cLA_electrode_s5.npz,76184,09b3bb84e5396b620b25fcde972fd2ac90de330834d2db9d49509854b0e8518f
tcn,electrode,101,bandpass_n20005_cLA_electrode_s0,phase2/results/predictions/full/electrode/tcn/seed_101/bandpass_n20005_cLA_electrode_s0.npz,75827,41d6acda3d2c231eab608c5c9904c6e8ae179685fb4d086474b9e754f72acdb5
tcn,electrode,101,bandpass_n20005_cLA_covariance_s20,phase2/results/predictions/full/electrode/tcn/seed_101/bandpass_n20005_cLA_covariance_s20.npz,76358,e58e5be4df2d1fe23eda00e639cdcbc4709db8f536b485e95a2868e4bafb6973
tcn,electrode,101,bandpass_n20005_cLA_covariance_s15,phase2/results/predictions/full/electrode/tcn/seed_101/bandpass_n20005_cLA_covariance_s15.npz,76339,e6df9f8902e7ff3363f432089cab6f861ec48cd3def21ec437225210aae74901
tcn,electrode,101,bandpass_n20005_cLA_covariance_s10,phase2/results/predictions/full/electrode/tcn/seed_101/bandpass_n20005_cLA_covariance_s10.npz,76339,df9b3896973246548bfa3285179bc2e32c7ca96212070b4dd10b56efd458d58b
tcn,electrode,101,bandpass_n20005_cLA_covariance_s5,phase2/results/predictions/full/electrode/tcn/seed_101/bandpass_n20005_cLA_covariance_s5.npz,76190,bf74184d0d47c4a5c48081809736ae32738eb0f853ddbc593267ef3e2018e57b
tcn,electrode,101,bandpass_n20005_cLA_covariance_s0,phase2/results/predictions/full/electrode/tcn/seed_101/bandpass_n20005_cLA_covariance_s0.npz,75843,72e5f641a753980ceffc1f939d030a562c39102b3b0bd600f0f933c6d2dcf89c
tcn,electrode,101,bandpass_n20005_cLL_independent_rms_s20,phase2/results/predictions/full/electrode/tcn/seed_101/bandpass_n20005_cLL_independent_rms_s20.npz,76354,7e2a93b7399d8eb9f122006e5973d36fa82cccceab57392cc20a0e4c65c1c156
tcn,electrode,101,bandpass_n20005_cLL_independent_rms_s15,phase2/results/predictions/full/electrode/tcn/seed_101/bandpass_n20005_cLL_independent_rms_s15.npz,76364,f846b11b434faa6b154de47f50d8ec254d85e4bf785d833a14319c15bcaaf76f
tcn,electrode,101,bandpass_n20005_cLL_independent_rms_s10,phase2/results/predictions/full/electrode/tcn/seed_101/bandpass_n20005_cLL_independent_rms_s10.npz,76349,dd4cb171783f704d417189befb9411b724780bebc14ea5d0a75e3f87601233ca
tcn,electrode,101,bandpass_n20005_cLL_independent_rms_s5,phase2/results/predictions/full/electrode/tcn/seed_101/bandpass_n20005_cLL_independent_rms_s5.npz,76229,c6fb020c05b2a775e6900d06ca5fd3385ea54f5cb590e6ae521212a185d3bb48
tcn,electrode,101,bandpass_n20005_cLL_independent_rms_s0,phase2/results/predictions/full/electrode/tcn/seed_101/bandpass_n20005_cLL_independent_rms_s0.npz,75980,fe95e7d27c91d07bf278465abeed64c3e4a4c8a177f8730f8f3cf9feef04d05f
tcn,electrode,101,bandpass_n20005_cLL_electrode_s20,phase2/results/predictions/full/electrode/tcn/seed_101/bandpass_n20005_cLL_electrode_s20.npz,76329,6c33f7d97ad934b49e01cda66eaf2775c37bb16ed58cc5b33f2fb611a4f2be49
tcn,electrode,101,bandpass_n20005_cLL_electrode_s15,phase2/results/predictions/full/electrode/tcn/seed_101/bandpass_n20005_cLL_electrode_s15.npz,76358,c58ba6f997dc11461077e0ce02bf7442c811ff6e1305e3dbb2e44e04b1eff1ff
tcn,electrode,101,bandpass_n20005_cLL_electrode_s10,phase2/results/predictions/full/electrode/tcn/seed_101/bandpass_n20005_cLL_electrode_s10.npz,76343,9fafd637be35fb1dff88e745edea85b19dff54a9b7677abc1d15220a01e70a79
tcn,electrode,101,bandpass_n20005_cLL_electrode_s5,phase2/results/predictions/full/electrode/tcn/seed_101/bandpass_n20005_cLL_electrode_s5.npz,76202,e677af6df61a05ee96637ee0a7ae7e0090af50e1ab6a35daf5ee74262ab5e122
tcn,electrode,101,bandpass_n20005_cLL_electrode_s0,phase2/results/predictions/full/electrode/tcn/seed_101/bandpass_n20005_cLL_electrode_s0.npz,75874,6f7b4118e6b2d0a992c5f25632a3414ef1fe477c727a7548d709ba48f28ef6b8
tcn,electrode,101,bandpass_n20005_cLL_covariance_s20,phase2/results/predictions/full/electrode/tcn/seed_101/bandpass_n20005_cLL_covariance_s20.npz,76389,0ea363ed5947b08636e5e3cccded07c3163d3eddcd125b73c38e8a82462260d0
tcn,electrode,101,bandpass_n20005_cLL_covariance_s15,phase2/results/predictions/full/electrode/tcn/seed_101/bandpass_n20005_cLL_covariance_s15.npz,76373,ea35827170cbffed1dcb1323aba6f8f9339fcb8321a1d85f38fe451b8a8ac4c2
tcn,electrode,101,bandpass_n20005_cLL_covariance_s10,phase2/results/predictions/full/electrode/tcn/seed_101/bandpass_n20005_cLL_covariance_s10.npz,76338,4ba1cf5e642bb942adab190d80c578e02f51dc57adc98065d2a0235152c58d7b
tcn,electrode,101,bandpass_n20005_cLL_covariance_s5,phase2/results/predictions/full/electrode/tcn/seed_101/bandpass_n20005_cLL_covariance_s5.npz,76213,a9818efaf87bee38c7c36535248e072c4ebcb7717af8720d065af04a1ac87240
tcn,electrode,101,bandpass_n20005_cLL_covariance_s0,phase2/results/predictions/full/electrode/tcn/seed_101/bandpass_n20005_cLL_covariance_s0.npz,75915,b02ecc922b6340f7e490f99d536d63d24c28621cdcf08aa81bba06ee7c6a1437
tcn,electrode,101,bandpass_n20005_cRA_V1_independent_rms_s20,phase2/results/predictions/full/electrode/tcn/seed_101/bandpass_n20005_cRA_V1_independent_rms_s20.npz,76406,3be717f93b550d9c70a7f04a783c2364e825b6ee4bf270941a71228b3159ec08
tcn,electrode,101,bandpass_n20005_cRA_V1_independent_rms_s15,phase2/results/predictions/full/electrode/tcn/seed_101/bandpass_n20005_cRA_V1_independent_rms_s15.npz,76405,b5d42e61a8ba014f634e30ed358e5da0ef89c61462b9be3cdd4ac6a8b32b9ccb
tcn,electrode,101,bandpass_n20005_cRA_V1_independent_rms_s10,phase2/results/predictions/full/electrode/tcn/seed_101/bandpass_n20005_cRA_V1_independent_rms_s10.npz,76379,1b060a3069f3d53ab804e8b15b5d2463115bbd57664aa2a687cc7130544d6042
tcn,electrode,101,bandpass_n20005_cRA_V1_independent_rms_s5,phase2/results/predictions/full/electrode/tcn/seed_101/bandpass_n20005_cRA_V1_independent_rms_s5.npz,76263,0953b7f1f9dfa23c1b51c8c488525fcd5a6ae69bdd49b41956076872d157ac0f
tcn,electrode,101,bandpass_n20005_cRA_V1_independent_rms_s0,phase2/results/predictions/full/electrode/tcn/seed_101/bandpass_n20005_cRA_V1_independent_rms_s0.npz,76007,7a1919f40a06e725b338a1d96d3d9552dc30107ef6c25343c2d356df61c9de5f
tcn,electrode,101,bandpass_n20005_cRA_V1_electrode_s20,phase2/results/predictions/full/electrode/tcn/seed_101/bandpass_n20005_cRA_V1_electrode_s20.npz,76368,d23b095224630c0f2defe61870e50a31c7d34698c8c7ef5af2e2bc4188174025
tcn,electrode,101,bandpass_n20005_cRA_V1_electrode_s15,phase2/results/predictions/full/electrode/tcn/seed_101/bandpass_n20005_cRA_V1_electrode_s15.npz,76373,d20bce4f5e796d6ab0a51ab671ed1e8fb3d334f5e917c30dcfc3410f93a2a92f
tcn,electrode,101,bandpass_n20005_cRA_V1_electrode_s10,phase2/results/predictions/full/electrode/tcn/seed_101/bandpass_n20005_cRA_V1_electrode_s10.npz,76337,05c48e5af54cb619b55e91bd7a7b290ceea06c7d7b14c0a83d58f78d7382966f
tcn,electrode,101,bandpass_n20005_cRA_V1_electrode_s5,phase2/results/predictions/full/electrode/tcn/seed_101/bandpass_n20005_cRA_V1_electrode_s5.npz,76142,410a5779b32abd02e8295fbce360ea86912cb715a3e4d9c6953c83f6f887034a
tcn,electrode,101,bandpass_n20005_cRA_V1_electrode_s0,phase2/results/predictions/full/electrode/tcn/seed_101/bandpass_n20005_cRA_V1_electrode_s0.npz,75852,645a8c36fd020c69156ed17e6a52b4a2d25040d48aa752be124ed979947765bf
tcn,electrode,101,bandpass_n20005_cRA_V1_covariance_s20,phase2/results/predictions/full/electrode/tcn/seed_101/bandpass_n20005_cRA_V1_covariance_s20.npz,76366,522e1c1b77523a006d44f955d7290afd4a188ccf6addc0c46b7f974200a61982
tcn,electrode,101,bandpass_n20005_cRA_V1_covariance_s15,phase2/results/predictions/full/electrode/tcn/seed_101/bandpass_n20005_cRA_V1_covariance_s15.npz,76383,1f69662096886b71393bafc45ed34c97b061d907fc0b0e16052b9ec3214c6ab1
tcn,electrode,101,bandpass_n20005_cRA_V1_covariance_s10,phase2/results/predictions/full/electrode/tcn/seed_101/bandpass_n20005_cRA_V1_covariance_s10.npz,76333,65039450f661019ba6f059c57a19d93e4a6b6e1058de7d93eee1889aa990f3cd
tcn,electrode,101,bandpass_n20005_cRA_V1_covariance_s5,phase2/results/predictions/full/electrode/tcn/seed_101/bandpass_n20005_cRA_V1_covariance_s5.npz,76171,de6ef2ade8ce68fb64567656e34a526b084b86785a3d4301dfc43450a9ec4be1
tcn,electrode,101,bandpass_n20005_cRA_V1_covariance_s0,phase2/results/predictions/full/electrode/tcn/seed_101/bandpass_n20005_cRA_V1_covariance_s0.npz,75869,442cc06905eb14ac50d0d65eed5a880ee441e341312dfb64e1abe948e86d95b1
tcn,electrode,101,bandpass_n20005_cLA_V6_independent_rms_s20,phase2/results/predictions/full/electrode/tcn/seed_101/bandpass_n20005_cLA_V6_independent_rms_s20.npz,76413,dba492ce3eff8672ddcc441128a26b601d477d1197df2d702d430fe43b41e68f
tcn,electrode,101,bandpass_n20005_cLA_V6_independent_rms_s15,phase2/results/predictions/full/electrode/tcn/seed_101/bandpass_n20005_cLA_V6_independent_rms_s15.npz,76406,45870b6d0dbd12e69001810c97823752c809e9f20194d0e4894e1baf73833270
tcn,electrode,101,bandpass_n20005_cLA_V6_independent_rms_s10,phase2/results/predictions/full/electrode/tcn/seed_101/bandpass_n20005_cLA_V6_independent_rms_s10.npz,76337,222bbba2364c64944eb39182a878f204a7d775ea5110ab9ce0f747df6ccd30c5
tcn,electrode,101,bandpass_n20005_cLA_V6_independent_rms_s5,phase2/results/predictions/full/electrode/tcn/seed_101/bandpass_n20005_cLA_V6_independent_rms_s5.npz,76286,db83939acf5c1b5440d63db9555f0fa703a10ef2c0283a109087c89d8329947c
tcn,electrode,101,bandpass_n20005_cLA_V6_independent_rms_s0,phase2/results/predictions/full/electrode/tcn/seed_101/bandpass_n20005_cLA_V6_independent_rms_s0.npz,76029,f18935be678b3e2e5a8193693581e33e5642e142334eb85a28baf13500c431a4
tcn,electrode,101,bandpass_n20005_cLA_V6_electrode_s20,phase2/results/predictions/full/electrode/tcn/seed_101/bandpass_n20005_cLA_V6_electrode_s20.npz,76372,0feb262082994e49c8b8a68c80d0a31d133085a33ae4ed5041f49a050e48df6d
tcn,electrode,101,bandpass_n20005_cLA_V6_electrode_s15,phase2/results/predictions/full/electrode/tcn/seed_101/bandpass_n20005_cLA_V6_electrode_s15.npz,76361,a2491acbdbb3f26616c30a7d33e2e667b492d5fa89e47d4a4f6ac371118b3d40
tcn,electrode,101,bandpass_n20005_cLA_V6_electrode_s10,phase2/results/predictions/full/electrode/tcn/seed_101/bandpass_n20005_cLA_V6_electrode_s10.npz,76381,d57f9756c30468f7678df5516485c515b96bc6d983b753546c68b4e546993814
tcn,electrode,101,bandpass_n20005_cLA_V6_electrode_s5,phase2/results/predictions/full/electrode/tcn/seed_101/bandpass_n20005_cLA_V6_electrode_s5.npz,76249,86ec59134633c00c15163ac3e1db1e4f7aa39e1db3ec75719aabed7d24b70140
tcn,electrode,101,bandpass_n20005_cLA_V6_electrode_s0,phase2/results/predictions/full/electrode/tcn/seed_101/bandpass_n20005_cLA_V6_electrode_s0.npz,75905,9f07bf93bab3228711734d2880fa558b6005d6d7eaa8878c7265d5dbe926300d
tcn,electrode,101,bandpass_n20005_cLA_V6_covariance_s20,phase2/results/predictions/full/electrode/tcn/seed_101/bandpass_n20005_cLA_V6_covariance_s20.npz,76392,278db833eda8642bfcb904a3c50db0c74cb89a05520a6c6be51088a8faf60fbe
tcn,electrode,101,bandpass_n20005_cLA_V6_covariance_s15,phase2/results/predictions/full/electrode/tcn/seed_101/bandpass_n20005_cLA_V6_covariance_s15.npz,76399,7297901756e6d9402587ef98cca0f09dc9756a48d95c84be39b7083b694b7ecd
tcn,electrode,101,bandpass_n20005_cLA_V6_covariance_s10,phase2/results/predictions/full/electrode/tcn/seed_101/bandpass_n20005_cLA_V6_covariance_s10.npz,76372,49d9902c1e7381a307ed724c670bd078e7b131638501b6246b2a0e95f4442a32
tcn,electrode,101,bandpass_n20005_cLA_V6_covariance_s5,phase2/results/predictions/full/electrode/tcn/seed_101/bandpass_n20005_cLA_V6_covariance_s5.npz,76218,74704ab24ab7cd36c0d8634e2f82c1c2a9b9e5169e18019a0a7019fc28c47435
tcn,electrode,101,bandpass_n20005_cLA_V6_covariance_s0,phase2/results/predictions/full/electrode/tcn/seed_101/bandpass_n20005_cLA_V6_covariance_s0.npz,75919,8119a883138d6b381b1ebd9badf5d7f48c5ca36d6bab941adf877f43da3924c0
tcn,electrode,101,bandpass_n20005_cLL_V4_independent_rms_s20,phase2/results/predictions/full/electrode/tcn/seed_101/bandpass_n20005_cLL_V4_independent_rms_s20.npz,76382,a3febf0e89ac9906afa6c25b720a623b6ff9ce084595b9bf4a55d35e12f29e3d
tcn,electrode,101,bandpass_n20005_cLL_V4_independent_rms_s15,phase2/results/predictions/full/electrode/tcn/seed_101/bandpass_n20005_cLL_V4_independent_rms_s15.npz,76366,8613e836ace22648ac6ece6cece57ffc7464a1e13c11bbdf096c88522fa496dd
tcn,electrode,101,bandpass_n20005_cLL_V4_independent_rms_s10,phase2/results/predictions/full/electrode/tcn/seed_101/bandpass_n20005_cLL_V4_independent_rms_s10.npz,76378,812582fc5b34245f8d2735bd6494cc6971fd7f27d3081df7798db3d8e77c8d7c
tcn,electrode,101,bandpass_n20005_cLL_V4_independent_rms_s5,phase2/results/predictions/full/electrode/tcn/seed_101/bandpass_n20005_cLL_V4_independent_rms_s5.npz,76292,7bc3f480e207857766c3b7caa8097391003415decb7df24ea80e5ae0c93c11c5
tcn,electrode,101,bandpass_n20005_cLL_V4_independent_rms_s0,phase2/results/predictions/full/electrode/tcn/seed_101/bandpass_n20005_cLL_V4_independent_rms_s0.npz,76008,66c403b9b64fa93337d8f94da8ff16a2d5c5ed30622bb1a9fc23b8e294a72a68
tcn,electrode,101,bandpass_n20005_cLL_V4_electrode_s20,phase2/results/predictions/full/electrode/tcn/seed_101/bandpass_n20005_cLL_V4_electrode_s20.npz,76381,959ee54d545e08d41da857b1ec97780e0e67428803faeb86c8482c11407a858f
tcn,electrode,101,bandpass_n20005_cLL_V4_electrode_s15,phase2/results/predictions/full/electrode/tcn/seed_101/bandpass_n20005_cLL_V4_electrode_s15.npz,76405,0dd744e8229c5b53d5518715d556463cf77bbc025023e7cc2f88b8eaa0d800b2
tcn,electrode,101,bandpass_n20005_cLL_V4_electrode_s10,phase2/results/predictions/full/electrode/tcn/seed_101/bandpass_n20005_cLL_V4_electrode_s10.npz,76316,6ad9433866670abc618897b535086ea55bf2bb54415e868cdeb2b479ed7cebd8
tcn,electrode,101,bandpass_n20005_cLL_V4_electrode_s5,phase2/results/predictions/full/electrode/tcn/seed_101/bandpass_n20005_cLL_V4_electrode_s5.npz,76248,59c1fb2b7fe0025cdd57a1434548a62eaec1393318d94f320a6699f4ee909168
tcn,electrode,101,bandpass_n20005_cLL_V4_electrode_s0,phase2/results/predictions/full/electrode/tcn/seed_101/bandpass_n20005_cLL_V4_electrode_s0.npz,75925,d5d1a7a3471565a755043664d1bab261e967ba066e0eb92d7a24b5edf97dc55a
tcn,electrode,101,bandpass_n20005_cLL_V4_covariance_s20,phase2/results/predictions/full/electrode/tcn/seed_101/bandpass_n20005_cLL_V4_covariance_s20.npz,76375,c1e514a5422bb147eb4f7b4dc9795b00334e382e88dfcfee0ff30cb2ddede415
tcn,electrode,101,bandpass_n20005_cLL_V4_covariance_s15,phase2/results/predictions/full/electrode/tcn/seed_101/bandpass_n20005_cLL_V4_covariance_s15.npz,76404,ad4badf339182ba6405aac564626cbfbce301b5646c234e67939ee49ca6984db
tcn,electrode,101,bandpass_n20005_cLL_V4_covariance_s10,phase2/results/predictions/full/electrode/tcn/seed_101/bandpass_n20005_cLL_V4_covariance_s10.npz,76362,fe66a0e4ba2c6f5b781f0e305c29f62fb01d30183254db8357eafdf842673c05
tcn,electrode,101,bandpass_n20005_cLL_V4_covariance_s5,phase2/results/predictions/full/electrode/tcn/seed_101/bandpass_n20005_cLL_V4_covariance_s5.npz,76250,95a6103f10a3a08567c8cb7476f3a4f4aa31f09662f564dd20ec82065063a8cf
tcn,electrode,101,bandpass_n20005_cLL_V4_covariance_s0,phase2/results/predictions/full/electrode/tcn/seed_101/bandpass_n20005_cLL_V4_covariance_s0.npz,75948,c5e4329ddd0e54e52f8e5ebd3d68c12c10475259631ad01f1028f848529215fa
tcn,electrode,101,bandpass_n20005_cRA_LA_V1_V6_independent_rms_s20,phase2/results/predictions/full/electrode/tcn/seed_101/bandpass_n20005_cRA_LA_V1_V6_independent_rms_s20.npz,76409,d9a76a81025de0800110979c782485c69f76830b054a7b9276d263d2f4f75b49
tcn,electrode,101,bandpass_n20005_cRA_LA_V1_V6_independent_rms_s15,phase2/results/predictions/full/electrode/tcn/seed_101/bandpass_n20005_cRA_LA_V1_V6_independent_rms_s15.npz,76385,14a7e3be483665df643415449c0bf9c05f5487fa5ce233bf5b289c30ffb6bff7
tcn,electrode,101,bandpass_n20005_cRA_LA_V1_V6_independent_rms_s10,phase2/results/predictions/full/electrode/tcn/seed_101/bandpass_n20005_cRA_LA_V1_V6_independent_rms_s10.npz,76364,cfa5cd8f687568757eabcdda4bd4bdafda6910acedeb9f83241f2d87ceeeee6a
tcn,electrode,101,bandpass_n20005_cRA_LA_V1_V6_independent_rms_s5,phase2/results/predictions/full/electrode/tcn/seed_101/bandpass_n20005_cRA_LA_V1_V6_independent_rms_s5.npz,76303,d7a7574bfadea50f60e9d8c0aefeff4ed083791ad7fb7d750839069c84165b60
tcn,electrode,101,bandpass_n20005_cRA_LA_V1_V6_independent_rms_s0,phase2/results/predictions/full/electrode/tcn/seed_101/bandpass_n20005_cRA_LA_V1_V6_independent_rms_s0.npz,76057,fd7099bfab40ebf67eb280859d4ee6fd7ed73da064e5bd088a5367ff2a905a4b
tcn,electrode,101,bandpass_n20005_cRA_LA_V1_V6_electrode_s20,phase2/results/predictions/full/electrode/tcn/seed_101/bandpass_n20005_cRA_LA_V1_V6_electrode_s20.npz,76408,dd235021cb05757bb7018dadb8e1ac7c2fb14bf75abff80de658771ff1e6e0e8
tcn,electrode,101,bandpass_n20005_cRA_LA_V1_V6_electrode_s15,phase2/results/predictions/full/electrode/tcn/seed_101/bandpass_n20005_cRA_LA_V1_V6_electrode_s15.npz,76360,e274ae8ca66c12309f0bd912181741d0cda203f7e51a1e9651609a4a0901f3a4
tcn,electrode,101,bandpass_n20005_cRA_LA_V1_V6_electrode_s10,phase2/results/predictions/full/electrode/tcn/seed_101/bandpass_n20005_cRA_LA_V1_V6_electrode_s10.npz,76357,386a064b2a94456259dc72518ff78971571978f6684bfde8535f62cb8a7de83f
tcn,electrode,101,bandpass_n20005_cRA_LA_V1_V6_electrode_s5,phase2/results/predictions/full/electrode/tcn/seed_101/bandpass_n20005_cRA_LA_V1_V6_electrode_s5.npz,76154,885fe89a9bdf56c411a9e7f34ffb0e65acb9ea3abd244817fea0303efa0d732a
tcn,electrode,101,bandpass_n20005_cRA_LA_V1_V6_electrode_s0,phase2/results/predictions/full/electrode/tcn/seed_101/bandpass_n20005_cRA_LA_V1_V6_electrode_s0.npz,75864,34522290f935229b69984c6ede23417fe67d5c8b862d1ddb016c2a009be1e43c
tcn,electrode,101,bandpass_n20005_cRA_LA_V1_V6_covariance_s20,phase2/results/predictions/full/electrode/tcn/seed_101/bandpass_n20005_cRA_LA_V1_V6_covariance_s20.npz,76393,feb3122dc2ac3ac3ad0af806a44de62e97bda5437bfe0a21f6ed9dd2ed89af1c
tcn,electrode,101,bandpass_n20005_cRA_LA_V1_V6_covariance_s15,phase2/results/predictions/full/electrode/tcn/seed_101/bandpass_n20005_cRA_LA_V1_V6_covariance_s15.npz,76390,8134511c83fcead11e5305216aa4fa0c1843ea3c9e61dfc2e7d896771090bbaa
tcn,electrode,101,bandpass_n20005_cRA_LA_V1_V6_covariance_s10,phase2/results/predictions/full/electrode/tcn/seed_101/bandpass_n20005_cRA_LA_V1_V6_covariance_s10.npz,76365,e111e97d8e1ff49a3e21ee18dad4733283a9c0de100d627b1eb251266ebc8299
tcn,electrode,101,bandpass_n20005_cRA_LA_V1_V6_covariance_s5,phase2/results/predictions/full/electrode/tcn/seed_101/bandpass_n20005_cRA_LA_V1_V6_covariance_s5.npz,76188,ffeac1f744f3cbd58663b434ecb76c926a8e1b712fa5939dfdaa2a7ee957ff4f
tcn,electrode,101,bandpass_n20005_cRA_LA_V1_V6_covariance_s0,phase2/results/predictions/full/electrode/tcn/seed_101/bandpass_n20005_cRA_LA_V1_V6_covariance_s0.npz,75856,ff4db4cece5974c16855e4d98eb4be64e920a6ff63fbcfe7add6f8117d6f167e
tcn,electrode,101,bandpass_n20005_cRA_V2_V5_independent_rms_s20,phase2/results/predictions/full/electrode/tcn/seed_101/bandpass_n20005_cRA_V2_V5_independent_rms_s20.npz,76381,b2d02ea65bded0a6d0f3758a1c528dd72e2ce8feb26d8e9a9ec152a8125db10b
tcn,electrode,101,bandpass_n20005_cRA_V2_V5_independent_rms_s15,phase2/results/predictions/full/electrode/tcn/seed_101/bandpass_n20005_cRA_V2_V5_independent_rms_s15.npz,76410,c827e563258f62c99c96f928c6512aa7b559d11d75c6e89c1af4d099cff3ceb4
tcn,electrode,101,bandpass_n20005_cRA_V2_V5_independent_rms_s10,phase2/results/predictions/full/electrode/tcn/seed_101/bandpass_n20005_cRA_V2_V5_independent_rms_s10.npz,76343,3543e9faa6fe88184d02d6d20c1a7a5b7d1af28d4865d607f1e533bab01e8566
tcn,electrode,101,bandpass_n20005_cRA_V2_V5_independent_rms_s5,phase2/results/predictions/full/electrode/tcn/seed_101/bandpass_n20005_cRA_V2_V5_independent_rms_s5.npz,76273,8b0e8dbdb3b398d2219750b6906d76f22386a811eebd6b2b4f085cb20f6516c2
tcn,electrode,101,bandpass_n20005_cRA_V2_V5_independent_rms_s0,phase2/results/predictions/full/electrode/tcn/seed_101/bandpass_n20005_cRA_V2_V5_independent_rms_s0.npz,76034,ed7bb85fef2475e64cde0290f8e7de2cdfd858b3e7ad6e92901c43e3167025c8
tcn,electrode,101,bandpass_n20005_cRA_V2_V5_electrode_s20,phase2/results/predictions/full/electrode/tcn/seed_101/bandpass_n20005_cRA_V2_V5_electrode_s20.npz,76371,6a003bbccbe6de95b996aa969f911b06da4c6643f4a1fad9c3dd406bf6639a21
tcn,electrode,101,bandpass_n20005_cRA_V2_V5_electrode_s15,phase2/results/predictions/full/electrode/tcn/seed_101/bandpass_n20005_cRA_V2_V5_electrode_s15.npz,76346,b8bd2fdb12085d4c34a8ad8629c482bb2a9deb6a5ed6eeb60919e82ef02d0b8d
tcn,electrode,101,bandpass_n20005_cRA_V2_V5_electrode_s10,phase2/results/predictions/full/electrode/tcn/seed_101/bandpass_n20005_cRA_V2_V5_electrode_s10.npz,76314,83c5ea2506072fbf69c58d88e089a0bb2c74762ec58914cd5807267f28ff94f6
tcn,electrode,101,bandpass_n20005_cRA_V2_V5_electrode_s5,phase2/results/predictions/full/electrode/tcn/seed_101/bandpass_n20005_cRA_V2_V5_electrode_s5.npz,76170,7c9a1631d78b76dfaa61556cfe973ec90ae7697b64f24724e8e22c671d69f413
tcn,electrode,101,bandpass_n20005_cRA_V2_V5_electrode_s0,phase2/results/predictions/full/electrode/tcn/seed_101/bandpass_n20005_cRA_V2_V5_electrode_s0.npz,75891,cca7ece0c436d36df8390c4febd27ff08ac58e0c011c49edaadb7a2223464efc
tcn,electrode,101,bandpass_n20005_cRA_V2_V5_covariance_s20,phase2/results/predictions/full/electrode/tcn/seed_101/bandpass_n20005_cRA_V2_V5_covariance_s20.npz,76392,190c1145fdf50fed90c4f60a05179658908826055b21f41a508101666d2adbf2
tcn,electrode,101,bandpass_n20005_cRA_V2_V5_covariance_s15,phase2/results/predictions/full/electrode/tcn/seed_101/bandpass_n20005_cRA_V2_V5_covariance_s15.npz,76381,b4fbf0899446982b0e76ae3429c2397554716c74197be5a0a0856ca0e95bcf5a
tcn,electrode,101,bandpass_n20005_cRA_V2_V5_covariance_s10,phase2/results/predictions/full/electrode/tcn/seed_101/bandpass_n20005_cRA_V2_V5_covariance_s10.npz,76352,3fb486424476447c3e1267d702a126e9165959b1e87ea93b4102091ecf5d85d2
tcn,electrode,101,bandpass_n20005_cRA_V2_V5_covariance_s5,phase2/results/predictions/full/electrode/tcn/seed_101/bandpass_n20005_cRA_V2_V5_covariance_s5.npz,76160,08949f48e280fd9428db9735fd505b86798c56e09a3a3ecfa3be58115a9ff10f
tcn,electrode,101,bandpass_n20005_cRA_V2_V5_covariance_s0,phase2/results/predictions/full/electrode/tcn/seed_101/bandpass_n20005_cRA_V2_V5_covariance_s0.npz,75860,b156bde1cd1171bda192f912faad41837c9d8859536a58fa403b5c6d89853d23
tcn,electrode,101,bandpass_n20005_cLA_V3_V6_independent_rms_s20,phase2/results/predictions/full/electrode/tcn/seed_101/bandpass_n20005_cLA_V3_V6_independent_rms_s20.npz,76389,cb86ede9895be529eecdd7ec172bfd3d6a891f3622833584f4f34ebd412039f4
tcn,electrode,101,bandpass_n20005_cLA_V3_V6_independent_rms_s15,phase2/results/predictions/full/electrode/tcn/seed_101/bandpass_n20005_cLA_V3_V6_independent_rms_s15.npz,76415,80be9074c769713bad2139601e75d9a3bc9683838b30e841a61de19dde9eca25
tcn,electrode,101,bandpass_n20005_cLA_V3_V6_independent_rms_s10,phase2/results/predictions/full/electrode/tcn/seed_101/bandpass_n20005_cLA_V3_V6_independent_rms_s10.npz,76378,9a430111c8b911fd1eba98db0bef1c71f71ebab608b10e26d2239bf4ad9f60ea
tcn,electrode,101,bandpass_n20005_cLA_V3_V6_independent_rms_s5,phase2/results/predictions/full/electrode/tcn/seed_101/bandpass_n20005_cLA_V3_V6_independent_rms_s5.npz,76292,5cd6b044b3451e375ff669b5eec0c44b167beb3f571ce93d6592e0da3c29c3fd
tcn,electrode,101,bandpass_n20005_cLA_V3_V6_independent_rms_s0,phase2/results/predictions/full/electrode/tcn/seed_101/bandpass_n20005_cLA_V3_V6_independent_rms_s0.npz,76033,07e6d746cd145527d9ba115695750ac5af37d26759c7911be80955cdacb8aec9
tcn,electrode,101,bandpass_n20005_cLA_V3_V6_electrode_s20,phase2/results/predictions/full/electrode/tcn/seed_101/bandpass_n20005_cLA_V3_V6_electrode_s20.npz,76381,64c2535272fb859b2fc519a7e2c2e83e42522e41496d9b92a0e7b2c15325a89e
tcn,electrode,101,bandpass_n20005_cLA_V3_V6_electrode_s15,phase2/results/predictions/full/electrode/tcn/seed_101/bandpass_n20005_cLA_V3_V6_electrode_s15.npz,76364,4b9c107c68227751ecd5c4d39b5ec0994032bb01fe74bb169979eeef56da6d88
tcn,electrode,101,bandpass_n20005_cLA_V3_V6_electrode_s10,phase2/results/predictions/full/electrode/tcn/seed_101/bandpass_n20005_cLA_V3_V6_electrode_s10.npz,76347,b05ace9e666da89f9639268c06e93a92684f577350c7991c751668e153be64a3
tcn,electrode,101,bandpass_n20005_cLA_V3_V6_electrode_s5,phase2/results/predictions/full/electrode/tcn/seed_101/bandpass_n20005_cLA_V3_V6_electrode_s5.npz,76228,8030c862cc03b835a87336cd80647e20f6910065e5da8cf3208209d35a9ed37c
tcn,electrode,101,bandpass_n20005_cLA_V3_V6_electrode_s0,phase2/results/predictions/full/electrode/tcn/seed_101/bandpass_n20005_cLA_V3_V6_electrode_s0.npz,75911,b256f7adc7d9daedf59fe958c2922d45adc2ad99c39130e0f14245cf0c2e4901
tcn,electrode,101,bandpass_n20005_cLA_V3_V6_covariance_s20,phase2/results/predictions/full/electrode/tcn/seed_101/bandpass_n20005_cLA_V3_V6_covariance_s20.npz,76388,5809e062257cfbf390326f74d16f14db2c789515fe14cb8e66d5815f2dc25a19
tcn,electrode,101,bandpass_n20005_cLA_V3_V6_covariance_s15,phase2/results/predictions/full/electrode/tcn/seed_101/bandpass_n20005_cLA_V3_V6_covariance_s15.npz,76396,6ecf3142c5fdfa0aad342e30fe6b104601c693269c6459dc52f5c9b77a3584e5
tcn,electrode,101,bandpass_n20005_cLA_V3_V6_covariance_s10,phase2/results/predictions/full/electrode/tcn/seed_101/bandpass_n20005_cLA_V3_V6_covariance_s10.npz,76345,cae4ccb71b4fde2cdc0697059f279732ccc052e21de08bbce17f907c6573590d
tcn,electrode,101,bandpass_n20005_cLA_V3_V6_covariance_s5,phase2/results/predictions/full/electrode/tcn/seed_101/bandpass_n20005_cLA_V3_V6_covariance_s5.npz,76230,bd1efe5e583d8e396b36b0feea6453d2521b2e5b9ce6c1c3d77663a755a09878
tcn,electrode,101,bandpass_n20005_cLA_V3_V6_covariance_s0,phase2/results/predictions/full/electrode/tcn/seed_101/bandpass_n20005_cLA_V3_V6_covariance_s0.npz,75934,3dfb379e36da0179d5320f58ae0e5b30d48058bd7401525c970cb45ff9a96068
tcn,electrode,101,bandpass_n20005_cLL_V1_V4_independent_rms_s20,phase2/results/predictions/full/electrode/tcn/seed_101/bandpass_n20005_cLL_V1_V4_independent_rms_s20.npz,76386,588d4cfc88fdc02655179817d515f707b347c93e6dfb69338519a54c72ccef49
tcn,electrode,101,bandpass_n20005_cLL_V1_V4_independent_rms_s15,phase2/results/predictions/full/electrode/tcn/seed_101/bandpass_n20005_cLL_V1_V4_independent_rms_s15.npz,76379,0ce6c24610fd2bfb217093cd3fc3ed05d7e061c2106240386b4829e250de8196
tcn,electrode,101,bandpass_n20005_cLL_V1_V4_independent_rms_s10,phase2/results/predictions/full/electrode/tcn/seed_101/bandpass_n20005_cLL_V1_V4_independent_rms_s10.npz,76389,f29d5c25ce764de927db4b3dfa57fb6c103c600ddb425d559238b4a2a168fc8f
tcn,electrode,101,bandpass_n20005_cLL_V1_V4_independent_rms_s5,phase2/results/predictions/full/electrode/tcn/seed_101/bandpass_n20005_cLL_V1_V4_independent_rms_s5.npz,76281,0314e475bde7c67f66076a92355317673ca700c1a9683d8898298372e1cf27cf
tcn,electrode,101,bandpass_n20005_cLL_V1_V4_independent_rms_s0,phase2/results/predictions/full/electrode/tcn/seed_101/bandpass_n20005_cLL_V1_V4_independent_rms_s0.npz,75984,aafb07ac025980ebd8fd4706659170cd941a7ceab965da5a22b8916e9da9629b
tcn,electrode,101,bandpass_n20005_cLL_V1_V4_electrode_s20,phase2/results/predictions/full/electrode/tcn/seed_101/bandpass_n20005_cLL_V1_V4_electrode_s20.npz,76374,06b4b3275f46e0eeaddd8e282ad3fd68fb83326a3037cbc64cbfff44e3bbbe95
tcn,electrode,101,bandpass_n20005_cLL_V1_V4_electrode_s15,phase2/results/predictions/full/electrode/tcn/seed_101/bandpass_n20005_cLL_V1_V4_electrode_s15.npz,76349,8a074f46afaaa5bb48ac155bccf3b8afec31be83e32ac0d87b30b08e18781593
tcn,electrode,101,bandpass_n20005_cLL_V1_V4_electrode_s10,phase2/results/predictions/full/electrode/tcn/seed_101/bandpass_n20005_cLL_V1_V4_electrode_s10.npz,76364,acda491f77b2b9a303f41ae69d391ad975cb38d801735a290c6d3b23caac48da
tcn,electrode,101,bandpass_n20005_cLL_V1_V4_electrode_s5,phase2/results/predictions/full/electrode/tcn/seed_101/bandpass_n20005_cLL_V1_V4_electrode_s5.npz,76258,424f7b5b2c85fd94ec69bb4753eacabb4b63fcc16e062c869914a30a5b039ca5
tcn,electrode,101,bandpass_n20005_cLL_V1_V4_electrode_s0,phase2/results/predictions/full/electrode/tcn/seed_101/bandpass_n20005_cLL_V1_V4_electrode_s0.npz,75927,6c95b9c65e069a7356e61cc78d8dc02ecea44868b03e7efb84e362558d5e37a1
tcn,electrode,101,bandpass_n20005_cLL_V1_V4_covariance_s20,phase2/results/predictions/full/electrode/tcn/seed_101/bandpass_n20005_cLL_V1_V4_covariance_s20.npz,76377,528cf0862f28e84f97735eeba9b4a415c01092bb1898bb7ca9aa5a68115f177d
tcn,electrode,101,bandpass_n20005_cLL_V1_V4_covariance_s15,phase2/results/predictions/full/electrode/tcn/seed_101/bandpass_n20005_cLL_V1_V4_covariance_s15.npz,76367,5217aaf89e25f9ff9e7f76ea731a0a7fce2c13f325eeff1270f82ed81c3cdb7b
tcn,electrode,101,bandpass_n20005_cLL_V1_V4_covariance_s10,phase2/results/predictions/full/electrode/tcn/seed_101/bandpass_n20005_cLL_V1_V4_covariance_s10.npz,76362,0a8454e794afe91b45c93abe27fd394c90d487c4b814af985ee52e124fa043dd
tcn,electrode,101,bandpass_n20005_cLL_V1_V4_covariance_s5,phase2/results/predictions/full/electrode/tcn/seed_101/bandpass_n20005_cLL_V1_V4_covariance_s5.npz,76240,76ffb1da64a9bb674efa68b1f95a367f94dd84922f586b49eb210d69f484b217
tcn,electrode,101,bandpass_n20005_cLL_V1_V4_covariance_s0,phase2/results/predictions/full/electrode/tcn/seed_101/bandpass_n20005_cLL_V1_V4_covariance_s0.npz,75914,9d89a9db42b6f9e866b2f43fe3fc7e66266d7f02d09a877c8ae14cab679a4bc0
tcn,electrode,101,bandpass_n20005_call_independent_rms_s20,phase2/results/predictions/full/electrode/tcn/seed_101/bandpass_n20005_call_independent_rms_s20.npz,76334,a8133d750ad936b6324564bfb77d7065ec8b8ce3fdaebfe842fd45cf6e93233e
tcn,electrode,101,bandpass_n20005_call_independent_rms_s15,phase2/results/predictions/full/electrode/tcn/seed_101/bandpass_n20005_call_independent_rms_s15.npz,76372,9d219c8faacc598301bcbf68d1ac23fce5721215f3e0c8c66e3828f85e9b2f43
tcn,electrode,101,bandpass_n20005_call_independent_rms_s10,phase2/results/predictions/full/electrode/tcn/seed_101/bandpass_n20005_call_independent_rms_s10.npz,76351,b7cee93eec2e19e28ff5b37a37c278eab9438aa302175bbb6fff7600c8893ab0
tcn,electrode,101,bandpass_n20005_call_independent_rms_s5,phase2/results/predictions/full/electrode/tcn/seed_101/bandpass_n20005_call_independent_rms_s5.npz,76228,01cfcf3b4dd59cd7082b38f3ad1c85ababc8b69583d658ac8140d142cbbbd65b
tcn,electrode,101,bandpass_n20005_call_independent_rms_s0,phase2/results/predictions/full/electrode/tcn/seed_101/bandpass_n20005_call_independent_rms_s0.npz,76008,af318256e83c71ef916fb5bd86003e779f23cef3200a3c48ed86605b41915f90
tcn,electrode,101,bandpass_n20005_call_electrode_s20,phase2/results/predictions/full/electrode/tcn/seed_101/bandpass_n20005_call_electrode_s20.npz,76371,8f87a32d5b08f99887ad988d1fe66760627d69ecb76a7ccf7aa0cdd5efe5fc7a
tcn,electrode,101,bandpass_n20005_call_electrode_s15,phase2/results/predictions/full/electrode/tcn/seed_101/bandpass_n20005_call_electrode_s15.npz,76307,f7db8060d0564d79c154370a328b02327119c45350843a975534c2d2ebe337a8
tcn,electrode,101,bandpass_n20005_call_electrode_s10,phase2/results/predictions/full/electrode/tcn/seed_101/bandpass_n20005_call_electrode_s10.npz,76335,c8ed7a58ebbd8468dbdf361c17092946028e993d18b2597047b9e7942a0daae4
tcn,electrode,101,bandpass_n20005_call_electrode_s5,phase2/results/predictions/full/electrode/tcn/seed_101/bandpass_n20005_call_electrode_s5.npz,76174,2275233d57b1e5a90100ee82690da572679e36da562a050cb61c2a8942b81425
tcn,electrode,101,bandpass_n20005_call_electrode_s0,phase2/results/predictions/full/electrode/tcn/seed_101/bandpass_n20005_call_electrode_s0.npz,75835,39d33f8124e3e110115a35d695974679b16e745686a2de41c00d224824ff5b07
tcn,electrode,101,bandpass_n20005_call_covariance_s20,phase2/results/predictions/full/electrode/tcn/seed_101/bandpass_n20005_call_covariance_s20.npz,76369,35a1927012871431e7082bc3c1c899bb7a69f4985a86ea025ebd83411a6132ec
tcn,electrode,101,bandpass_n20005_call_covariance_s15,phase2/results/predictions/full/electrode/tcn/seed_101/bandpass_n20005_call_covariance_s15.npz,76344,67ae446b33328b6a5afd6f134abbd415b11bad1720eceefdc526a80e1f5d06af
tcn,electrode,101,bandpass_n20005_call_covariance_s10,phase2/results/predictions/full/electrode/tcn/seed_101/bandpass_n20005_call_covariance_s10.npz,76318,ac0f720acbe2cdb3f27439b57cf51f843d62f175b387780beec1a0a21942e9ab
tcn,electrode,101,bandpass_n20005_call_covariance_s5,phase2/results/predictions/full/electrode/tcn/seed_101/bandpass_n20005_call_covariance_s5.npz,76190,a186adfe0643b9dcaa7c7825b368e142491e406843acd17358c0e59554b4ebe0
tcn,electrode,101,bandpass_n20005_call_covariance_s0,phase2/results/predictions/full/electrode/tcn/seed_101/bandpass_n20005_call_covariance_s0.npz,75873,cda2e93041322f8d553c8bd2086425542a9be55a2b9f85994c16192ad4c8aed9
tcn,electrode,101,bw_n20001_call_independent_rms_s20,phase2/results/predictions/full/electrode/tcn/seed_101/bw_n20001_call_independent_rms_s20.npz,76359,2f22b8390014735b03a1abbbfa5b33d738611d26cc61048ff49c9305b5e4949b
tcn,electrode,101,bw_n20001_call_independent_rms_s10,phase2/results/predictions/full/electrode/tcn/seed_101/bw_n20001_call_independent_rms_s10.npz,76336,bd5c5c36327984fb6cfde1723bb841b3029119847429825468e84c9158b2ff9d
tcn,electrode,101,bw_n20001_call_independent_rms_s0,phase2/results/predictions/full/electrode/tcn/seed_101/bw_n20001_call_independent_rms_s0.npz,76132,5230927b2343c5f422e61a8fd18c16fc7aa3a6972d3f3e9531d1e41a3f26e974
tcn,electrode,101,bw_n20001_call_electrode_s20,phase2/results/predictions/full/electrode/tcn/seed_101/bw_n20001_call_electrode_s20.npz,76329,b35f07bf897d48d85ae3ea21563bc8379df35678e9ae71e620b752b8333b18a5
tcn,electrode,101,bw_n20001_call_electrode_s10,phase2/results/predictions/full/electrode/tcn/seed_101/bw_n20001_call_electrode_s10.npz,76303,194956b889d7cd062962e8523309dd8ade426de1f91232823973584aab797357
tcn,electrode,101,bw_n20001_call_electrode_s0,phase2/results/predictions/full/electrode/tcn/seed_101/bw_n20001_call_electrode_s0.npz,76045,faa2a116ab3247b84e9086b1b103182cde3809adb129ca172c9f4a3d6295e9f2
tcn,electrode,101,bw_n20001_call_covariance_s20,phase2/results/predictions/full/electrode/tcn/seed_101/bw_n20001_call_covariance_s20.npz,76342,8683a62f7123bc7ad1de37d1b867b37e57008a404a69f3884e7ed60760584dcc
tcn,electrode,101,bw_n20001_call_covariance_s10,phase2/results/predictions/full/electrode/tcn/seed_101/bw_n20001_call_covariance_s10.npz,76329,63d5beee1b52600a3378a1070f78f65bfb2f391754652efc454264b4203ac2b3
tcn,electrode,101,bw_n20001_call_covariance_s0,phase2/results/predictions/full/electrode/tcn/seed_101/bw_n20001_call_covariance_s0.npz,76056,a3241eb829691b21561acf46d87a87a182cc54fdcb86e645af6de0503c3b0636
tcn,electrode,101,bw_n20002_call_independent_rms_s20,phase2/results/predictions/full/electrode/tcn/seed_101/bw_n20002_call_independent_rms_s20.npz,76335,12b9ee9ff0fb23c8c66eb414f50326bf478afec95e7ce5eeb72dff68e8582286
tcn,electrode,101,bw_n20002_call_independent_rms_s10,phase2/results/predictions/full/electrode/tcn/seed_101/bw_n20002_call_independent_rms_s10.npz,76352,d792c3586dc89588a512543c83bc77a4746e221a3191a0c0113cb3610de19a6c
tcn,electrode,101,bw_n20002_call_independent_rms_s0,phase2/results/predictions/full/electrode/tcn/seed_101/bw_n20002_call_independent_rms_s0.npz,76106,cb368be914de099e5784e9f071803f04fb81bd6da463965e8785860d614f198e
tcn,electrode,101,bw_n20002_call_electrode_s20,phase2/results/predictions/full/electrode/tcn/seed_101/bw_n20002_call_electrode_s20.npz,76321,a23f15d885a7afe1bc7c9a6ac6fabce0e6f93dee65d81e256800250ad5a7f1fd
tcn,electrode,101,bw_n20002_call_electrode_s10,phase2/results/predictions/full/electrode/tcn/seed_101/bw_n20002_call_electrode_s10.npz,76334,5e5df1cd096bc39a0c41e17eac3a50c9c7b9945656e65f2df98d90a5b82cd5b6
tcn,electrode,101,bw_n20002_call_electrode_s0,phase2/results/predictions/full/electrode/tcn/seed_101/bw_n20002_call_electrode_s0.npz,76046,adf40f3d68ad3866d596d14340cae458137c22e64b5ff1c63c1ade795e2505ef
tcn,electrode,101,bw_n20002_call_covariance_s20,phase2/results/predictions/full/electrode/tcn/seed_101/bw_n20002_call_covariance_s20.npz,76306,a70f5cba6f3402165dc89d4b34c5b417dde8ebcb13e9a477dd07c81264306494
tcn,electrode,101,bw_n20002_call_covariance_s10,phase2/results/predictions/full/electrode/tcn/seed_101/bw_n20002_call_covariance_s10.npz,76330,d2bc39c0d3bafe1f6793655acf30f9c937b2f3ddafbd0c8e2d76ef64bb8f603f
tcn,electrode,101,bw_n20002_call_covariance_s0,phase2/results/predictions/full/electrode/tcn/seed_101/bw_n20002_call_covariance_s0.npz,76072,3fb0755991c215969bce3025b8fc5efe5e53d5ff9a4c3621864f56ec5040195a
tcn,electrode,101,bw_n20003_call_independent_rms_s20,phase2/results/predictions/full/electrode/tcn/seed_101/bw_n20003_call_independent_rms_s20.npz,76364,76917eadfccadeeeee75a1c3b5d2a747cfea35eeaff18434205a1531062180d2
tcn,electrode,101,bw_n20003_call_independent_rms_s10,phase2/results/predictions/full/electrode/tcn/seed_101/bw_n20003_call_independent_rms_s10.npz,76312,7c005fe3316a9dfb3d51b05ff1b168ca3cf70812784ceb71340e5290578d57a2
tcn,electrode,101,bw_n20003_call_independent_rms_s0,phase2/results/predictions/full/electrode/tcn/seed_101/bw_n20003_call_independent_rms_s0.npz,76080,9faddaf087fccf069f5014388d1197a3d25be96511e2c61a17a768a8d5023cdc
tcn,electrode,101,bw_n20003_call_electrode_s20,phase2/results/predictions/full/electrode/tcn/seed_101/bw_n20003_call_electrode_s20.npz,76346,16b90c39d3c88776cd4b6940f1ab6197b5bf7590c365e1cff7c7426614962331
tcn,electrode,101,bw_n20003_call_electrode_s10,phase2/results/predictions/full/electrode/tcn/seed_101/bw_n20003_call_electrode_s10.npz,76353,c2e52cec58be42960613732a59d6c8ba6a1064f4c1442a37a4686f1b5204e0af
tcn,electrode,101,bw_n20003_call_electrode_s0,phase2/results/predictions/full/electrode/tcn/seed_101/bw_n20003_call_electrode_s0.npz,76048,84670162fbdaf46f4f010c50b2da41b54b4daa22ad8769c99128370287c2c89f
tcn,electrode,101,bw_n20003_call_covariance_s20,phase2/results/predictions/full/electrode/tcn/seed_101/bw_n20003_call_covariance_s20.npz,76335,f4ff2653c713f761662a58f8e5163448e16f56b1694da262c882f864752e9477
tcn,electrode,101,bw_n20003_call_covariance_s10,phase2/results/predictions/full/electrode/tcn/seed_101/bw_n20003_call_covariance_s10.npz,76298,349d5631e89dbb2edf7ac2a7084c488865e4726ab5172eb88452a9dc27c47d1c
tcn,electrode,101,bw_n20003_call_covariance_s0,phase2/results/predictions/full/electrode/tcn/seed_101/bw_n20003_call_covariance_s0.npz,76063,c3b268d5aea653ff78ed2800318eab62c81b2b79e2f591870346733f069b6110
tcn,electrode,101,bw_n20004_call_independent_rms_s20,phase2/results/predictions/full/electrode/tcn/seed_101/bw_n20004_call_independent_rms_s20.npz,76363,82f307fffc63bf3a78548eb374fa75fad27e2f4a1805c022bb0bb112e1b0e9b2
tcn,electrode,101,bw_n20004_call_independent_rms_s10,phase2/results/predictions/full/electrode/tcn/seed_101/bw_n20004_call_independent_rms_s10.npz,76348,7005e78caad537178227e59cd1eeb672f057842b28f551993eeaa0e21ba354e7
tcn,electrode,101,bw_n20004_call_independent_rms_s0,phase2/results/predictions/full/electrode/tcn/seed_101/bw_n20004_call_independent_rms_s0.npz,76094,9699b565163bbc49217b7744e60f48e81ec377aed0d8fbb4aded6306cba534c8
tcn,electrode,101,bw_n20004_call_electrode_s20,phase2/results/predictions/full/electrode/tcn/seed_101/bw_n20004_call_electrode_s20.npz,76338,81bb54d1a99a91ae82b878f04e59171256e5f989a170980568a47327dedc0c45
tcn,electrode,101,bw_n20004_call_electrode_s10,phase2/results/predictions/full/electrode/tcn/seed_101/bw_n20004_call_electrode_s10.npz,76311,561524fea1c98e36e90ec1e5c1f18627573735bf3653bb5b2cce2dca7d008f11
tcn,electrode,101,bw_n20004_call_electrode_s0,phase2/results/predictions/full/electrode/tcn/seed_101/bw_n20004_call_electrode_s0.npz,76036,5e63fb9b692078a5ec9adced10bfa75b05cb1701d18aaf829ced9f0ee90b4fc8
tcn,electrode,101,bw_n20004_call_covariance_s20,phase2/results/predictions/full/electrode/tcn/seed_101/bw_n20004_call_covariance_s20.npz,76341,c79e4bd86447a674a8dd03afa1a49994f854db89f84b0b7ab0836f450a8017c6
tcn,electrode,101,bw_n20004_call_covariance_s10,phase2/results/predictions/full/electrode/tcn/seed_101/bw_n20004_call_covariance_s10.npz,76307,30f006a78fa0980307c978e8f679b7864ce4edb44c23522c28d5600ade0bd052
tcn,electrode,101,bw_n20004_call_covariance_s0,phase2/results/predictions/full/electrode/tcn/seed_101/bw_n20004_call_covariance_s0.npz,76043,e2f8133463a4accf4a1f83cfae56058fadf91377ce0404b0e782dc2a61c639fc
tcn,electrode,101,bw_n20005_call_independent_rms_s20,phase2/results/predictions/full/electrode/tcn/seed_101/bw_n20005_call_independent_rms_s20.npz,76373,947ae37a551fca23f6fa13db58c2793bef40babff63ac6403946c38c4071ac7a
tcn,electrode,101,bw_n20005_call_independent_rms_s10,phase2/results/predictions/full/electrode/tcn/seed_101/bw_n20005_call_independent_rms_s10.npz,76343,e91c951eb8377fcfcf162e258d0c7eb7123efc64d881ec7539bc25362e4d4dfe
tcn,electrode,101,bw_n20005_call_independent_rms_s0,phase2/results/predictions/full/electrode/tcn/seed_101/bw_n20005_call_independent_rms_s0.npz,76062,0076fde4c7cb86a5ef8390c0e242222b88876339aa3b8bac56df3800e4105fd8
tcn,electrode,101,bw_n20005_call_electrode_s20,phase2/results/predictions/full/electrode/tcn/seed_101/bw_n20005_call_electrode_s20.npz,76357,d6eaaa73f8e0df80f58ac2a9bc08f2b5227500f18322aaa94a7003ef86004874
tcn,electrode,101,bw_n20005_call_electrode_s10,phase2/results/predictions/full/electrode/tcn/seed_101/bw_n20005_call_electrode_s10.npz,76302,73d8b1a1961fe59f5fd822c0c5f74e3780d21e8c00bc02cec3353bd137aa70a2
tcn,electrode,101,bw_n20005_call_electrode_s0,phase2/results/predictions/full/electrode/tcn/seed_101/bw_n20005_call_electrode_s0.npz,76081,6700179e64e9b10950ed435d3238a96a7c47c36ab55a5ddeef0b443c6b0a55d5
tcn,electrode,101,bw_n20005_call_covariance_s20,phase2/results/predictions/full/electrode/tcn/seed_101/bw_n20005_call_covariance_s20.npz,76365,477c87798b21ca4bd556e7f95579c7af494d3a515dd2c61ad67e6e552cc825d5
tcn,electrode,101,bw_n20005_call_covariance_s10,phase2/results/predictions/full/electrode/tcn/seed_101/bw_n20005_call_covariance_s10.npz,76305,9dd6eb0096f9c283953e7329a1fb4c77f6e4ecfe906660866d290ff196be6c70
tcn,electrode,101,bw_n20005_call_covariance_s0,phase2/results/predictions/full/electrode/tcn/seed_101/bw_n20005_call_covariance_s0.npz,76071,ec740895faf9d78720e2579d16f4aafb9bbbef9919d73457bde101cce938ec62
tcn,electrode,101,ma_n20001_call_independent_rms_s20,phase2/results/predictions/full/electrode/tcn/seed_101/ma_n20001_call_independent_rms_s20.npz,76345,f74bee4dfbe844ae332393f122b4c33bdec160b4f635915d883c46f9fd073248
tcn,electrode,101,ma_n20001_call_independent_rms_s10,phase2/results/predictions/full/electrode/tcn/seed_101/ma_n20001_call_independent_rms_s10.npz,76328,729bd76f5393ab4df814e029758f489d13b4d82c7bf403a487717e1d2afb60ac
tcn,electrode,101,ma_n20001_call_independent_rms_s0,phase2/results/predictions/full/electrode/tcn/seed_101/ma_n20001_call_independent_rms_s0.npz,76075,e09816149521812c2d977abd1849ccaded1f8f31a0bb741262b326c8a46ba2bf
tcn,electrode,101,ma_n20001_call_electrode_s20,phase2/results/predictions/full/electrode/tcn/seed_101/ma_n20001_call_electrode_s20.npz,76315,a11ee80acfdc5e22e4e0b0d556ced2b253063abb2dfac68d2a31005f18a39381
tcn,electrode,101,ma_n20001_call_electrode_s10,phase2/results/predictions/full/electrode/tcn/seed_101/ma_n20001_call_electrode_s10.npz,76321,1944369d37de6af2a9d136064161999a3e8a501530bb746ac427450f7ead0220
tcn,electrode,101,ma_n20001_call_electrode_s0,phase2/results/predictions/full/electrode/tcn/seed_101/ma_n20001_call_electrode_s0.npz,76054,1532dbd9ce7e70279fc202a2503dc6a617e9f6cb746e7cdd8162ccf0fe2d6c59
tcn,electrode,101,ma_n20001_call_covariance_s20,phase2/results/predictions/full/electrode/tcn/seed_101/ma_n20001_call_covariance_s20.npz,76339,8c40d4287d61578dfdd083f764f109ea88038c459dc136e9c18e946cded857be
tcn,electrode,101,ma_n20001_call_covariance_s10,phase2/results/predictions/full/electrode/tcn/seed_101/ma_n20001_call_covariance_s10.npz,76314,a4f976b3800e5f4c8668416d22a287d6336cde5a0e7d5fa7f0472c5ff281c223
tcn,electrode,101,ma_n20001_call_covariance_s0,phase2/results/predictions/full/electrode/tcn/seed_101/ma_n20001_call_covariance_s0.npz,76019,4c78ee020a1757cd6bb925141954dc67ee417b6aa0f537def2a5b06e6c3e236c
tcn,electrode,101,ma_n20002_call_independent_rms_s20,phase2/results/predictions/full/electrode/tcn/seed_101/ma_n20002_call_independent_rms_s20.npz,76365,353b9e5a2fa104ad2e3c71112e9f02fcf37866dcf79d7c027a5005a96093af3b
tcn,electrode,101,ma_n20002_call_independent_rms_s10,phase2/results/predictions/full/electrode/tcn/seed_101/ma_n20002_call_independent_rms_s10.npz,76321,68a139922759f96f64752f75b052037198f3e834cb73304a5ef8c4c545f3733b
tcn,electrode,101,ma_n20002_call_independent_rms_s0,phase2/results/predictions/full/electrode/tcn/seed_101/ma_n20002_call_independent_rms_s0.npz,76087,a1a011d78a1fe42906736d6f456b14a8357e1b45134f7e5db51dba6d796944b4
tcn,electrode,101,ma_n20002_call_electrode_s20,phase2/results/predictions/full/electrode/tcn/seed_101/ma_n20002_call_electrode_s20.npz,76319,5247b2b18a236fc9be3885653a6b15f9289f61beef1707ca0f8dbe828aa03ee6
tcn,electrode,101,ma_n20002_call_electrode_s10,phase2/results/predictions/full/electrode/tcn/seed_101/ma_n20002_call_electrode_s10.npz,76312,73600ac9734c6df49c1ad074e6b36254b3dac8f73ae9f82612e67e57a23367dc
tcn,electrode,101,ma_n20002_call_electrode_s0,phase2/results/predictions/full/electrode/tcn/seed_101/ma_n20002_call_electrode_s0.npz,75997,6b872c2c298ce6aa64530c546a0203d469c660135f7cd1863a0db542aa455348
tcn,electrode,101,ma_n20002_call_covariance_s20,phase2/results/predictions/full/electrode/tcn/seed_101/ma_n20002_call_covariance_s20.npz,76362,c9349937cd37ce4c547fc5f64e9e597bb8123b4ea2a637c6ffcb58f1ec4c2614
tcn,electrode,101,ma_n20002_call_covariance_s10,phase2/results/predictions/full/electrode/tcn/seed_101/ma_n20002_call_covariance_s10.npz,76298,107bc7cb165f0a21e55d456fcb4a0aa2d2d1e7dd35a4ccb806930954affa9e69
tcn,electrode,101,ma_n20002_call_covariance_s0,phase2/results/predictions/full/electrode/tcn/seed_101/ma_n20002_call_covariance_s0.npz,76023,0e0418bf95a32d07a02605b268c3d6fb6bf7702c0ead4ebe81a28553026cf0cf
tcn,electrode,101,ma_n20003_call_independent_rms_s20,phase2/results/predictions/full/electrode/tcn/seed_101/ma_n20003_call_independent_rms_s20.npz,76356,35eb04d199a74deb608358f02860a2670249e5773a10cf370d391856b2ea2259
tcn,electrode,101,ma_n20003_call_independent_rms_s10,phase2/results/predictions/full/electrode/tcn/seed_101/ma_n20003_call_independent_rms_s10.npz,76349,5ea404dace62db830d8284cdc45e9060b83619ce5d0625981540adf06d2cb568
tcn,electrode,101,ma_n20003_call_independent_rms_s0,phase2/results/predictions/full/electrode/tcn/seed_101/ma_n20003_call_independent_rms_s0.npz,76080,b658dac981a73925fef3dabbdb89e9bbf97577c32fe68e316ab2fa01371438e8
tcn,electrode,101,ma_n20003_call_electrode_s20,phase2/results/predictions/full/electrode/tcn/seed_101/ma_n20003_call_electrode_s20.npz,76361,a0a27effef1dfc010b28fa42dfbf6cec6124a93f3aa28e7ca23c390b8b455d12
tcn,electrode,101,ma_n20003_call_electrode_s10,phase2/results/predictions/full/electrode/tcn/seed_101/ma_n20003_call_electrode_s10.npz,76272,764dbaa8da7dd4432ff27ac70e3b8deaaed376b873a78c5f0b0d28518471c767
tcn,electrode,101,ma_n20003_call_electrode_s0,phase2/results/predictions/full/electrode/tcn/seed_101/ma_n20003_call_electrode_s0.npz,76014,619f6a5e2707cb9efb01480fff2dfc3fedc09868c09b3eff779ce5683f70bf0b
tcn,electrode,101,ma_n20003_call_covariance_s20,phase2/results/predictions/full/electrode/tcn/seed_101/ma_n20003_call_covariance_s20.npz,76348,c8a4b448f2599920717e51e977913acb6314ac5c8d5219b4f5c7354d605e1b4d
tcn,electrode,101,ma_n20003_call_covariance_s10,phase2/results/predictions/full/electrode/tcn/seed_101/ma_n20003_call_covariance_s10.npz,76332,20b06fbe4c284533adf31a37a544ec7975479518955e308bb4a2c5676bd2a7da
tcn,electrode,101,ma_n20003_call_covariance_s0,phase2/results/predictions/full/electrode/tcn/seed_101/ma_n20003_call_covariance_s0.npz,76036,166649e73f1b020b46be09f3721fd21748f58e50520064f0d79a2c93b94b7e65
tcn,electrode,101,ma_n20004_call_independent_rms_s20,phase2/results/predictions/full/electrode/tcn/seed_101/ma_n20004_call_independent_rms_s20.npz,76394,4a174fb18c2628d60c082f15a6ee54e7717e9d0e771732bdc29948e22cb1f32a
tcn,electrode,101,ma_n20004_call_independent_rms_s10,phase2/results/predictions/full/electrode/tcn/seed_101/ma_n20004_call_independent_rms_s10.npz,76361,9379bc2bb751fbd35ec062159033d1c2d234a7a6f83b48657898e0d67d31d1f5
tcn,electrode,101,ma_n20004_call_independent_rms_s0,phase2/results/predictions/full/electrode/tcn/seed_101/ma_n20004_call_independent_rms_s0.npz,76086,c79ff2558cc79aaf28ea360248c0ab44635dffbca52b9711481d3f3e831b90bb
tcn,electrode,101,ma_n20004_call_electrode_s20,phase2/results/predictions/full/electrode/tcn/seed_101/ma_n20004_call_electrode_s20.npz,76333,7a644b346bc4ee9b275604c280ec199f1fb5a9f1a2c9246c332a1c44c319d4f0
tcn,electrode,101,ma_n20004_call_electrode_s10,phase2/results/predictions/full/electrode/tcn/seed_101/ma_n20004_call_electrode_s10.npz,76320,f836ea3aad4fae9e06f7923656b0d39cde56b3d74a2ddbad20bb4b2d7aa03ba9
tcn,electrode,101,ma_n20004_call_electrode_s0,phase2/results/predictions/full/electrode/tcn/seed_101/ma_n20004_call_electrode_s0.npz,76049,7f9b9f9ce0351221c97a3dc7feb98908a74e8c5915dfe628144ec9e2581ac83d
tcn,electrode,101,ma_n20004_call_covariance_s20,phase2/results/predictions/full/electrode/tcn/seed_101/ma_n20004_call_covariance_s20.npz,76324,fcec36fc404a72b809fb365e63ed4f2ce4e753d9cbcefee013bb395ae968711e
tcn,electrode,101,ma_n20004_call_covariance_s10,phase2/results/predictions/full/electrode/tcn/seed_101/ma_n20004_call_covariance_s10.npz,76304,035f46e2048626e4fb48fbb48572c22e49fa5e5406e77a12f8efbe47f4626382
tcn,electrode,101,ma_n20004_call_covariance_s0,phase2/results/predictions/full/electrode/tcn/seed_101/ma_n20004_call_covariance_s0.npz,76029,954f82eb5900ab217f768a2d3e9695829e374a721a73e0bc78f0c4593431415f
tcn,electrode,101,ma_n20005_call_independent_rms_s20,phase2/results/predictions/full/electrode/tcn/seed_101/ma_n20005_call_independent_rms_s20.npz,76357,3dec90245c2b92eea24565cb954732baee914fb02841f9997a6a1eea17ddda08
tcn,electrode,101,ma_n20005_call_independent_rms_s10,phase2/results/predictions/full/electrode/tcn/seed_101/ma_n20005_call_independent_rms_s10.npz,76319,2f3ef63d53eded488cb75a60abce8819f10f47d3fd78eabe722208613ec5f389
tcn,electrode,101,ma_n20005_call_independent_rms_s0,phase2/results/predictions/full/electrode/tcn/seed_101/ma_n20005_call_independent_rms_s0.npz,76078,f06811bda656ed1163ca0478e751a303959f39a1331cb7d6f8bac7a45f160bd7
tcn,electrode,101,ma_n20005_call_electrode_s20,phase2/results/predictions/full/electrode/tcn/seed_101/ma_n20005_call_electrode_s20.npz,76345,6c08ee482df12c944e409163ddfab78f4767780c209ff88428ce3256a19a950e
tcn,electrode,101,ma_n20005_call_electrode_s10,phase2/results/predictions/full/electrode/tcn/seed_101/ma_n20005_call_electrode_s10.npz,76339,742734f6bc44195747576208f4e1d4cb3bdd4aed6c2b955a1cf371ca087d8338
tcn,electrode,101,ma_n20005_call_electrode_s0,phase2/results/predictions/full/electrode/tcn/seed_101/ma_n20005_call_electrode_s0.npz,76032,d892a0629073de8aec67c478e4d070b9bdeeee60b11cb35a82bb7471f993582e
tcn,electrode,101,ma_n20005_call_covariance_s20,phase2/results/predictions/full/electrode/tcn/seed_101/ma_n20005_call_covariance_s20.npz,76315,b95a60ee7b32f5615fd1accf018e4dae5aaf75c300616dd2b7c65f260971e0a2
tcn,electrode,101,ma_n20005_call_covariance_s10,phase2/results/predictions/full/electrode/tcn/seed_101/ma_n20005_call_covariance_s10.npz,76293,0ab25d57e6217aa373f1ebe066208f7ef635d55bda46470bf07dc6fc381b8700
tcn,electrode,101,ma_n20005_call_covariance_s0,phase2/results/predictions/full/electrode/tcn/seed_101/ma_n20005_call_covariance_s0.npz,76032,eed46b0ac5852bcd66fefd0a4fd2a130cf298876556f2a551d87aea5686eb464
tcn,electrode,101,em_n20001_call_independent_rms_s20,phase2/results/predictions/full/electrode/tcn/seed_101/em_n20001_call_independent_rms_s20.npz,76341,024b541e3daccf6e8fe34ff25c420b55faffa69d3916f0956488e53c6d446b2f
tcn,electrode,101,em_n20001_call_independent_rms_s10,phase2/results/predictions/full/electrode/tcn/seed_101/em_n20001_call_independent_rms_s10.npz,76345,d828039174e02c6b13612a3a1ce307c850c4d91e083b1fe8f7d115f65cdbe4d6
tcn,electrode,101,em_n20001_call_independent_rms_s0,phase2/results/predictions/full/electrode/tcn/seed_101/em_n20001_call_independent_rms_s0.npz,76046,72ae9b62a21b50de9c7f3f43784b1341e81bd3a108f316026cb7ad7d8e3bc436
tcn,electrode,101,em_n20001_call_electrode_s20,phase2/results/predictions/full/electrode/tcn/seed_101/em_n20001_call_electrode_s20.npz,76303,7791f57f5085dff96bcffb7611fccaf6af368ffc965a8c2beeef822f00954dc7
tcn,electrode,101,em_n20001_call_electrode_s10,phase2/results/predictions/full/electrode/tcn/seed_101/em_n20001_call_electrode_s10.npz,76306,1895823217e252abb022ae63d34abeda50e6d30ba9b398029eb949adc14adf99
tcn,electrode,101,em_n20001_call_electrode_s0,phase2/results/predictions/full/electrode/tcn/seed_101/em_n20001_call_electrode_s0.npz,75862,f1278f2bb46c19e957466a1fa6d1acf1d791839e565e45aad0a24f9999921684
tcn,electrode,101,em_n20001_call_covariance_s20,phase2/results/predictions/full/electrode/tcn/seed_101/em_n20001_call_covariance_s20.npz,76343,3eba0d4fbd2256edf2804b89fa7f068192b75e0adb590217601df5386343a78f
tcn,electrode,101,em_n20001_call_covariance_s10,phase2/results/predictions/full/electrode/tcn/seed_101/em_n20001_call_covariance_s10.npz,76318,00b426c2136a0e15d473e2d934b7a8ac94ee54c297f0b294189124cbd10cefbb
tcn,electrode,101,em_n20001_call_covariance_s0,phase2/results/predictions/full/electrode/tcn/seed_101/em_n20001_call_covariance_s0.npz,75876,1733126b79ef715a82c2f39bffaa893766553b9bd07f466a4a15f0b6c613659e
tcn,electrode,101,em_n20002_call_independent_rms_s20,phase2/results/predictions/full/electrode/tcn/seed_101/em_n20002_call_independent_rms_s20.npz,76380,830fb42011b16202ce00fd39a42bebcb4732f997bf00e0a8235c984f0ec4fded
tcn,electrode,101,em_n20002_call_independent_rms_s10,phase2/results/predictions/full/electrode/tcn/seed_101/em_n20002_call_independent_rms_s10.npz,76327,8510ab9b3803b73395502783e73b8715edd4263261534285a1be27e4fb2ec69c
tcn,electrode,101,em_n20002_call_independent_rms_s0,phase2/results/predictions/full/electrode/tcn/seed_101/em_n20002_call_independent_rms_s0.npz,76004,e3f1e4d91a9c805a960b63b50f988ba3b2cb5a36c4f236f531de87a29203cf06
tcn,electrode,101,em_n20002_call_electrode_s20,phase2/results/predictions/full/electrode/tcn/seed_101/em_n20002_call_electrode_s20.npz,76334,24db6ef779474548a320a49cc8d4c2058768230318eeb98511e7be4f45e59954
tcn,electrode,101,em_n20002_call_electrode_s10,phase2/results/predictions/full/electrode/tcn/seed_101/em_n20002_call_electrode_s10.npz,76324,762ae823b7a1e7f28d1e7a62ae90ac9b2a9e725e90508ee19fcbcefe3c1cbae0
tcn,electrode,101,em_n20002_call_electrode_s0,phase2/results/predictions/full/electrode/tcn/seed_101/em_n20002_call_electrode_s0.npz,75895,057862e5b7f734293c7ecd1221b2b749fd165ef7b1e0b3e50bad151dd009275b
tcn,electrode,101,em_n20002_call_covariance_s20,phase2/results/predictions/full/electrode/tcn/seed_101/em_n20002_call_covariance_s20.npz,76363,f8da251d4cfa2d5829d4e9a220fb96b346fa5e3ff8a61876113008b485fa90dd
tcn,electrode,101,em_n20002_call_covariance_s10,phase2/results/predictions/full/electrode/tcn/seed_101/em_n20002_call_covariance_s10.npz,76311,9e86d7db6a2a6b36c54fb1ac448b211fbeb788f9cd652cfb2ec1da92397cfcb9
tcn,electrode,101,em_n20002_call_covariance_s0,phase2/results/predictions/full/electrode/tcn/seed_101/em_n20002_call_covariance_s0.npz,75905,0d18af474ee94ef11ddfff5d76f797ec8d031df20156ab1417ff1fd4efbcb4a1
tcn,electrode,101,em_n20003_call_independent_rms_s20,phase2/results/predictions/full/electrode/tcn/seed_101/em_n20003_call_independent_rms_s20.npz,76352,8cdbb80a9e264b954ea7aa192a21393c636961257c5e6ca552a80879efc64a16
tcn,electrode,101,em_n20003_call_independent_rms_s10,phase2/results/predictions/full/electrode/tcn/seed_101/em_n20003_call_independent_rms_s10.npz,76318,36e66a5d97a7101f490db2b2ef630b5738d10bc08f0b66cdf580071758cc21a5
tcn,electrode,101,em_n20003_call_independent_rms_s0,phase2/results/predictions/full/electrode/tcn/seed_101/em_n20003_call_independent_rms_s0.npz,76037,ecbb00e196f6a939fea7f663cd62a2f8a990e7e1249ef82c72b24ea3781a8134
tcn,electrode,101,em_n20003_call_electrode_s20,phase2/results/predictions/full/electrode/tcn/seed_101/em_n20003_call_electrode_s20.npz,76332,ac4908e4ffb3808ba53a908658d54a3fb1d199cc747955d1a272cc92dd42d00d
tcn,electrode,101,em_n20003_call_electrode_s10,phase2/results/predictions/full/electrode/tcn/seed_101/em_n20003_call_electrode_s10.npz,76300,54a6e88ad51b3b17cd7020baeeeba9d1b4348352f5eaaaf2b34176951c303455
tcn,electrode,101,em_n20003_call_electrode_s0,phase2/results/predictions/full/electrode/tcn/seed_101/em_n20003_call_electrode_s0.npz,75905,9a662d2db11e32ec170625fc87c69c62dbbd27c0532083a7f056f945c9527bbb
tcn,electrode,101,em_n20003_call_covariance_s20,phase2/results/predictions/full/electrode/tcn/seed_101/em_n20003_call_covariance_s20.npz,76365,d38d9d805a1e847b6435002cb78946433b82953c35772d568239543dc7bebefb
tcn,electrode,101,em_n20003_call_covariance_s10,phase2/results/predictions/full/electrode/tcn/seed_101/em_n20003_call_covariance_s10.npz,76340,929fdfc6acbaa2abc74a884d3a2aff5e9f9ce7ada686bebe3c9476983df0fc29
tcn,electrode,101,em_n20003_call_covariance_s0,phase2/results/predictions/full/electrode/tcn/seed_101/em_n20003_call_covariance_s0.npz,75903,1d07b83c580d78e8944edc954a3bc85faf1887a046b2960f1cd633323489c546
tcn,electrode,101,em_n20004_call_independent_rms_s20,phase2/results/predictions/full/electrode/tcn/seed_101/em_n20004_call_independent_rms_s20.npz,76351,e8556736c1ae1fb728bd44a3f0bc62aba043b4cb81a11214762ac91f01a03ed3
tcn,electrode,101,em_n20004_call_independent_rms_s10,phase2/results/predictions/full/electrode/tcn/seed_101/em_n20004_call_independent_rms_s10.npz,76349,1605336dc19b38671c40dab07ceac6ac55aebcc061610601499ce60ae6d73ccb
tcn,electrode,101,em_n20004_call_independent_rms_s0,phase2/results/predictions/full/electrode/tcn/seed_101/em_n20004_call_independent_rms_s0.npz,76032,cc48b13069dc9f12763223017e4d50600ea43cc35bf794ad384e13a57f00d6fc
tcn,electrode,101,em_n20004_call_electrode_s20,phase2/results/predictions/full/electrode/tcn/seed_101/em_n20004_call_electrode_s20.npz,76338,3572eea28a79882ed0eab6b81a407f078b0b8d9f8b997dff904d454fcc354721
tcn,electrode,101,em_n20004_call_electrode_s10,phase2/results/predictions/full/electrode/tcn/seed_101/em_n20004_call_electrode_s10.npz,76299,a3f3ae99bcb1bc0f360f623e5a3d1a6d9188d5b5b01fb45d9eb7a378717fc22c
tcn,electrode,101,em_n20004_call_electrode_s0,phase2/results/predictions/full/electrode/tcn/seed_101/em_n20004_call_electrode_s0.npz,75899,c1a7707e271eb1e79b48913edff9dc7cfe17c360e13e3b0e8345ecf08e0463a5
tcn,electrode,101,em_n20004_call_covariance_s20,phase2/results/predictions/full/electrode/tcn/seed_101/em_n20004_call_covariance_s20.npz,76323,00887668e1932b0978d80dae84eb31c66d5ac03e6847c213ce343072d781b1eb
tcn,electrode,101,em_n20004_call_covariance_s10,phase2/results/predictions/full/electrode/tcn/seed_101/em_n20004_call_covariance_s10.npz,76296,8705e6490ecb891f6a94ab0b5e35a689e0c2b4c248c587a6604938b7af2432ea
tcn,electrode,101,em_n20004_call_covariance_s0,phase2/results/predictions/full/electrode/tcn/seed_101/em_n20004_call_covariance_s0.npz,75910,7c5231edb39192da874587f59fe4738b40f11f5b56966c2939706aaa9f121d7a
tcn,electrode,101,em_n20005_call_independent_rms_s20,phase2/results/predictions/full/electrode/tcn/seed_101/em_n20005_call_independent_rms_s20.npz,76325,f9743eb8779b9bc989b34e889173306e526f0be6734ddc4e6d9ca0c4a1d4e566
tcn,electrode,101,em_n20005_call_independent_rms_s10,phase2/results/predictions/full/electrode/tcn/seed_101/em_n20005_call_independent_rms_s10.npz,76339,f99c44d35212131ae2a1026b2b1d926aac6debc8f028dbf539f320c8e05168b7
tcn,electrode,101,em_n20005_call_independent_rms_s0,phase2/results/predictions/full/electrode/tcn/seed_101/em_n20005_call_independent_rms_s0.npz,76020,746e3875304c728e44c1242624135252e76143f84824c40a719e989915be4deb
tcn,electrode,101,em_n20005_call_electrode_s20,phase2/results/predictions/full/electrode/tcn/seed_101/em_n20005_call_electrode_s20.npz,76341,2cdf31090c313378b02a567b01e4857d3eac6083b00b09e90d578d590bcad5b3
tcn,electrode,101,em_n20005_call_electrode_s10,phase2/results/predictions/full/electrode/tcn/seed_101/em_n20005_call_electrode_s10.npz,76317,0a300d2d1fc325ff9f0c196b026d36ccc2f337596e8ac7c075bf53355e06d72b
tcn,electrode,101,em_n20005_call_electrode_s0,phase2/results/predictions/full/electrode/tcn/seed_101/em_n20005_call_electrode_s0.npz,75864,39013c1657b8d9cc2c89327f48cbecf2b5fae930892e2e65bee4c5f53930a7ac
tcn,electrode,101,em_n20005_call_covariance_s20,phase2/results/predictions/full/electrode/tcn/seed_101/em_n20005_call_covariance_s20.npz,76351,77838a837180b154a028bda9d9ccaef0db2d3e47f94deb3b1b86919828ff8da0
tcn,electrode,101,em_n20005_call_covariance_s10,phase2/results/predictions/full/electrode/tcn/seed_101/em_n20005_call_covariance_s10.npz,76299,802eec777ccd783a69fad81837083bce55adbd239201a6243dc697855aeb5384
tcn,electrode,101,em_n20005_call_covariance_s0,phase2/results/predictions/full/electrode/tcn/seed_101/em_n20005_call_covariance_s0.npz,75905,348b6bbe53c947fadc1d434900c90074a4fa1ce1b211bd9d0711e9e02dae83da
tcn,mixed,101,clean,phase2/results/predictions/full/mixed/tcn/seed_101/clean.npz,76296,7f4d2d3da93c867716d7201b3559e731b84f5fc5baef7925c0d4d658fb6e1333
tcn,mixed,101,bandpass_n20001_cRA_LA_LL_independent_rms_s20,phase2/results/predictions/full/mixed/tcn/seed_101/bandpass_n20001_cRA_LA_LL_independent_rms_s20.npz,76400,1840d72a88af1480e9a50f04ce02b92ffc7d267f554371cc92966b383aac8772
tcn,mixed,101,bandpass_n20001_cRA_LA_LL_independent_rms_s15,phase2/results/predictions/full/mixed/tcn/seed_101/bandpass_n20001_cRA_LA_LL_independent_rms_s15.npz,76379,7dbfde67504ecc87c6db43ece9b76afacc6a88de4b86eb2b32868c1a1e0fa75e
tcn,mixed,101,bandpass_n20001_cRA_LA_LL_independent_rms_s10,phase2/results/predictions/full/mixed/tcn/seed_101/bandpass_n20001_cRA_LA_LL_independent_rms_s10.npz,76367,df17689bb41214f8a2c12a37df951ec6cef0902d6bcb35e4e27ebca7efca3311
tcn,mixed,101,bandpass_n20001_cRA_LA_LL_independent_rms_s5,phase2/results/predictions/full/mixed/tcn/seed_101/bandpass_n20001_cRA_LA_LL_independent_rms_s5.npz,76239,a654ca0f6371ee1dc1dba49224f2bc0da0d03c84ba53df615baa11a03fccf6fa
tcn,mixed,101,bandpass_n20001_cRA_LA_LL_independent_rms_s0,phase2/results/predictions/full/mixed/tcn/seed_101/bandpass_n20001_cRA_LA_LL_independent_rms_s0.npz,76006,4494705dcb275ebfb203275e2ae0e6e3c743911ec169b2c6555d21a5d3997aa5
tcn,mixed,101,bandpass_n20001_cRA_LA_LL_electrode_s20,phase2/results/predictions/full/mixed/tcn/seed_101/bandpass_n20001_cRA_LA_LL_electrode_s20.npz,76360,72f46ca1445be5880151ac69154efffe1f671de17bb7a259656899cd374bd983
tcn,mixed,101,bandpass_n20001_cRA_LA_LL_electrode_s15,phase2/results/predictions/full/mixed/tcn/seed_101/bandpass_n20001_cRA_LA_LL_electrode_s15.npz,76330,0a7d9216b9f5d3664fbedabb7e9863f1fca69c9e6bdd80aa68dcc745e30fb506
tcn,mixed,101,bandpass_n20001_cRA_LA_LL_electrode_s10,phase2/results/predictions/full/mixed/tcn/seed_101/bandpass_n20001_cRA_LA_LL_electrode_s10.npz,76325,c05d777a78ecbecb90917b26ff7f9aa133e1f88f04b1541b9dc781f8dece0737
tcn,mixed,101,bandpass_n20001_cRA_LA_LL_electrode_s5,phase2/results/predictions/full/mixed/tcn/seed_101/bandpass_n20001_cRA_LA_LL_electrode_s5.npz,76114,6f1b38bc4ec5e7295502a4411d16d05f321fb84015c024b82a9a7538348a4aef
tcn,mixed,101,bandpass_n20001_cRA_LA_LL_electrode_s0,phase2/results/predictions/full/mixed/tcn/seed_101/bandpass_n20001_cRA_LA_LL_electrode_s0.npz,75747,3b7cd5553bb27d0521f20f81dffb1a92cb2a3580c66e8f55caf4485b215ef0b2
tcn,mixed,101,bandpass_n20001_cRA_LA_LL_covariance_s20,phase2/results/predictions/full/mixed/tcn/seed_101/bandpass_n20001_cRA_LA_LL_covariance_s20.npz,76397,fd950ad2255bb5e713b664cdbf1fce996b027989e01cf0064daa8d42ef8e4a62
tcn,mixed,101,bandpass_n20001_cRA_LA_LL_covariance_s15,phase2/results/predictions/full/mixed/tcn/seed_101/bandpass_n20001_cRA_LA_LL_covariance_s15.npz,76367,67d28a991d4bcf16df92b9336021a091f247fbd132c3cae6ff0adfc89ad2525c
tcn,mixed,101,bandpass_n20001_cRA_LA_LL_covariance_s10,phase2/results/predictions/full/mixed/tcn/seed_101/bandpass_n20001_cRA_LA_LL_covariance_s10.npz,76313,f5bc1020456f42122f9db3d9255b58f1ab5d2c78f7fb93a9837f26badd8380d7
tcn,mixed,101,bandpass_n20001_cRA_LA_LL_covariance_s5,phase2/results/predictions/full/mixed/tcn/seed_101/bandpass_n20001_cRA_LA_LL_covariance_s5.npz,76144,502c42a1837b7451bfe19001c8efdceb53bc1a292e2a541bc45328950149cba6
tcn,mixed,101,bandpass_n20001_cRA_LA_LL_covariance_s0,phase2/results/predictions/full/mixed/tcn/seed_101/bandpass_n20001_cRA_LA_LL_covariance_s0.npz,75749,123b42aef15b3a6b1a2599f6a72690005d71f2b54a5cc0ef6dc6aca207ec3100
tcn,mixed,101,bandpass_n20001_cV1_independent_rms_s20,phase2/results/predictions/full/mixed/tcn/seed_101/bandpass_n20001_cV1_independent_rms_s20.npz,76380,08b415f7e3b982c5e1fec5073ef3a194c5162e6d4b60f7281939b55127bfcfbe
tcn,mixed,101,bandpass_n20001_cV1_independent_rms_s15,phase2/results/predictions/full/mixed/tcn/seed_101/bandpass_n20001_cV1_independent_rms_s15.npz,76361,b299dd82032732b3b99a0aa20ff4910a2b6e188cb05c7e34bee5486514c90b19
tcn,mixed,101,bandpass_n20001_cV1_independent_rms_s10,phase2/results/predictions/full/mixed/tcn/seed_101/bandpass_n20001_cV1_independent_rms_s10.npz,76341,fc60e5eee423699ce944509dc4a5a258c75a41425315231b5745293e3ae46de6
tcn,mixed,101,bandpass_n20001_cV1_independent_rms_s5,phase2/results/predictions/full/mixed/tcn/seed_101/bandpass_n20001_cV1_independent_rms_s5.npz,76204,764d280697b365e221505fb0a5ced8cbcf35e2390586d7c7fa97a9e4ade1d142
tcn,mixed,101,bandpass_n20001_cV1_independent_rms_s0,phase2/results/predictions/full/mixed/tcn/seed_101/bandpass_n20001_cV1_independent_rms_s0.npz,75834,181b5fc45fba6de8d69d6b93a4ce503dfb1fa6db5555acfbc5b26630da1a1d89
tcn,mixed,101,bandpass_n20001_cV1_electrode_s20,phase2/results/predictions/full/mixed/tcn/seed_101/bandpass_n20001_cV1_electrode_s20.npz,76371,87fa96d500dda443f33e93fb32fe6a783ea222c8a45c3aff177de7cbfdb37038
tcn,mixed,101,bandpass_n20001_cV1_electrode_s15,phase2/results/predictions/full/mixed/tcn/seed_101/bandpass_n20001_cV1_electrode_s15.npz,76370,42869e852a4bcd56475606310d1c2c9eeaec495c35653864f6c2d56d4d9f2f53
tcn,mixed,101,bandpass_n20001_cV1_electrode_s10,phase2/results/predictions/full/mixed/tcn/seed_101/bandpass_n20001_cV1_electrode_s10.npz,76348,27e92641cf6c72e79567e1f61b0c712dda5ff3fc3b81cbc4e78353cbbd36c36f
tcn,mixed,101,bandpass_n20001_cV1_electrode_s5,phase2/results/predictions/full/mixed/tcn/seed_101/bandpass_n20001_cV1_electrode_s5.npz,76167,5c7d3c38b18d77d275cf29246cc0977ac590604cbaa82129df9bc5c0449f0648
tcn,mixed,101,bandpass_n20001_cV1_electrode_s0,phase2/results/predictions/full/mixed/tcn/seed_101/bandpass_n20001_cV1_electrode_s0.npz,75860,7a92c58ac47d3a3362a931796ee8b9d40adfca8851e75081471f41aeed69b2e8
tcn,mixed,101,bandpass_n20001_cV1_covariance_s20,phase2/results/predictions/full/mixed/tcn/seed_101/bandpass_n20001_cV1_covariance_s20.npz,76355,9bcb139e4b049aa735f6cd2c807cd85d5ecd576dab9e416be6584471c318da33
tcn,mixed,101,bandpass_n20001_cV1_covariance_s15,phase2/results/predictions/full/mixed/tcn/seed_101/bandpass_n20001_cV1_covariance_s15.npz,76375,e852103a9f70544eef7f6fce476d3b543fd3d8b4f37b27ea8e069087846ec496
tcn,mixed,101,bandpass_n20001_cV1_covariance_s10,phase2/results/predictions/full/mixed/tcn/seed_101/bandpass_n20001_cV1_covariance_s10.npz,76311,376635a6166495a9af24ad6058f4236e958bc41b86cc3972b709ce8ec5304f8d
tcn,mixed,101,bandpass_n20001_cV1_covariance_s5,phase2/results/predictions/full/mixed/tcn/seed_101/bandpass_n20001_cV1_covariance_s5.npz,76186,c298dd3aa08f0a99c5ba8953118207f482b209734a4cfcbef50a5f68a8c47683
tcn,mixed,101,bandpass_n20001_cV1_covariance_s0,phase2/results/predictions/full/mixed/tcn/seed_101/bandpass_n20001_cV1_covariance_s0.npz,75850,ca0b8fe7f4e9d6903e1f099527a8278848c6b79746ca25075a5e19531c1700e0
tcn,mixed,101,bandpass_n20001_cV2_independent_rms_s20,phase2/results/predictions/full/mixed/tcn/seed_101/bandpass_n20001_cV2_independent_rms_s20.npz,76377,57ea8e3a194edd5aca04633e8cfc8ef0960454ef99e479bf225e8c8cdd33fbfe
tcn,mixed,101,bandpass_n20001_cV2_independent_rms_s15,phase2/results/predictions/full/mixed/tcn/seed_101/bandpass_n20001_cV2_independent_rms_s15.npz,76348,cf468408d96c0e9eb9dabf0ae0056cb97268dac14e66ee0f22dacb7bb8c4985c
tcn,mixed,101,bandpass_n20001_cV2_independent_rms_s10,phase2/results/predictions/full/mixed/tcn/seed_101/bandpass_n20001_cV2_independent_rms_s10.npz,76315,011b0e304ba2b4e6bfa3651c42b988bf6e7e679367bb9f29879403eb10a5c3d6
tcn,mixed,101,bandpass_n20001_cV2_independent_rms_s5,phase2/results/predictions/full/mixed/tcn/seed_101/bandpass_n20001_cV2_independent_rms_s5.npz,76229,a8ce8daa8f8ff8b2daa0f3b60950bdd1b4a20dfe037a50f9dced1b55b2e22ba9
tcn,mixed,101,bandpass_n20001_cV2_independent_rms_s0,phase2/results/predictions/full/mixed/tcn/seed_101/bandpass_n20001_cV2_independent_rms_s0.npz,76041,cb49061baa2f3d238e8d7012b8c0047116880b5f86a0a89ee64aa2e417653ea4
tcn,mixed,101,bandpass_n20001_cV2_electrode_s20,phase2/results/predictions/full/mixed/tcn/seed_101/bandpass_n20001_cV2_electrode_s20.npz,76362,6d632857828ac61ab81f3c6519b5d9a507e8543e8678b963f06423b16a4c1f74
tcn,mixed,101,bandpass_n20001_cV2_electrode_s15,phase2/results/predictions/full/mixed/tcn/seed_101/bandpass_n20001_cV2_electrode_s15.npz,76354,173198e83453dee75251893e782998c181cf0ec47e21165c34ab7ecf34d4abd7
tcn,mixed,101,bandpass_n20001_cV2_electrode_s10,phase2/results/predictions/full/mixed/tcn/seed_101/bandpass_n20001_cV2_electrode_s10.npz,76337,afc2ab860f77d20686f77fcb9b1a5daaf87fbfd82a2373dda36d97911bdaaf4a
tcn,mixed,101,bandpass_n20001_cV2_electrode_s5,phase2/results/predictions/full/mixed/tcn/seed_101/bandpass_n20001_cV2_electrode_s5.npz,76217,452f963eaaf1ff2c5250b00802e3ebd6eb90a56dd6eb39e100420ed5ce50aa8d
tcn,mixed,101,bandpass_n20001_cV2_electrode_s0,phase2/results/predictions/full/mixed/tcn/seed_101/bandpass_n20001_cV2_electrode_s0.npz,76012,91dd95d7c55e12e8f6bf454e4b6d4c82084f778f3334873be09a465fb5a5a5b6
tcn,mixed,101,bandpass_n20001_cV2_covariance_s20,phase2/results/predictions/full/mixed/tcn/seed_101/bandpass_n20001_cV2_covariance_s20.npz,76331,a37244bd889fa3230601de36bb30b441972435506d7440d17e0b960982a4d011
tcn,mixed,101,bandpass_n20001_cV2_covariance_s15,phase2/results/predictions/full/mixed/tcn/seed_101/bandpass_n20001_cV2_covariance_s15.npz,76366,48601880a4510aae82990b60c27ad277ecfccb241998247bbd56d3081fa14672
tcn,mixed,101,bandpass_n20001_cV2_covariance_s10,phase2/results/predictions/full/mixed/tcn/seed_101/bandpass_n20001_cV2_covariance_s10.npz,76322,79626c60de1d4c2f8f7442f1181f2f53cfef9ad0dd1d623140da2ef4cd614db6
tcn,mixed,101,bandpass_n20001_cV2_covariance_s5,phase2/results/predictions/full/mixed/tcn/seed_101/bandpass_n20001_cV2_covariance_s5.npz,76231,fad6c3392935b93ba6fc7c58b46a6f1807a95a710e046f02994eff987ba2afc9
tcn,mixed,101,bandpass_n20001_cV2_covariance_s0,phase2/results/predictions/full/mixed/tcn/seed_101/bandpass_n20001_cV2_covariance_s0.npz,75987,7762151849f958f5aae5eb5cc6fff41423d0b1d17330548865b9ee0b5101f4d1
tcn,mixed,101,bandpass_n20001_cV3_independent_rms_s20,phase2/results/predictions/full/mixed/tcn/seed_101/bandpass_n20001_cV3_independent_rms_s20.npz,76360,7516fb5b6bd467ecd4725ca1653043ffe623f3fc311af22b08f16cd99328a252
tcn,mixed,101,bandpass_n20001_cV3_independent_rms_s15,phase2/results/predictions/full/mixed/tcn/seed_101/bandpass_n20001_cV3_independent_rms_s15.npz,76382,6db26fae501b946278aac220145859d2ffbf296907f85fe5f28b86ad5269c088
tcn,mixed,101,bandpass_n20001_cV3_independent_rms_s10,phase2/results/predictions/full/mixed/tcn/seed_101/bandpass_n20001_cV3_independent_rms_s10.npz,76349,05f4575ea719e343cac2be9f8fb4c2a0c2a58ad79a86a0e3c8139a4d13560d94
tcn,mixed,101,bandpass_n20001_cV3_independent_rms_s5,phase2/results/predictions/full/mixed/tcn/seed_101/bandpass_n20001_cV3_independent_rms_s5.npz,76299,a363bd2794b7d12bffe99f3c1d49b989d9d1827ff46aeb92d2c36d77bed8b314
tcn,mixed,101,bandpass_n20001_cV3_independent_rms_s0,phase2/results/predictions/full/mixed/tcn/seed_101/bandpass_n20001_cV3_independent_rms_s0.npz,76037,1cc3d4c332b11f12666cbfa9356cbf096255fa3f27b368a5db1759852c65ebc2
tcn,mixed,101,bandpass_n20001_cV3_electrode_s20,phase2/results/predictions/full/mixed/tcn/seed_101/bandpass_n20001_cV3_electrode_s20.npz,76361,f1d93e59b28c9798079fdad9cba61d4c56211d6dd125ec05f9f85ae08e6b8d95
tcn,mixed,101,bandpass_n20001_cV3_electrode_s15,phase2/results/predictions/full/mixed/tcn/seed_101/bandpass_n20001_cV3_electrode_s15.npz,76344,40b16f8be17bc1be572ef0a6b8cc7565858dd337eb131c2a161b5ff014b23a62
tcn,mixed,101,bandpass_n20001_cV3_electrode_s10,phase2/results/predictions/full/mixed/tcn/seed_101/bandpass_n20001_cV3_electrode_s10.npz,76366,c5c76cdbcd8d840d12c534ea055516c9473864ce1c93232b4d44608b72915b31
tcn,mixed,101,bandpass_n20001_cV3_electrode_s5,phase2/results/predictions/full/mixed/tcn/seed_101/bandpass_n20001_cV3_electrode_s5.npz,76273,1a5d94465c8fbfcfef19b8d150d97423bc9bc24463ccacc86909710d39a4205d
tcn,mixed,101,bandpass_n20001_cV3_electrode_s0,phase2/results/predictions/full/mixed/tcn/seed_101/bandpass_n20001_cV3_electrode_s0.npz,76025,e1ffa0c991973b83f44e7e16a12fff56cba4cd6e31068c07d74420bc30729a42
tcn,mixed,101,bandpass_n20001_cV3_covariance_s20,phase2/results/predictions/full/mixed/tcn/seed_101/bandpass_n20001_cV3_covariance_s20.npz,76376,1f9e0e2ca168c89aab09e316e4dcb3ba0aefe79a2831948fc685740f27949dd7
tcn,mixed,101,bandpass_n20001_cV3_covariance_s15,phase2/results/predictions/full/mixed/tcn/seed_101/bandpass_n20001_cV3_covariance_s15.npz,76341,171b708a07015e615e1e3881a0856c43c3c05fceb4bdc7a7444864cf199a01e5
tcn,mixed,101,bandpass_n20001_cV3_covariance_s10,phase2/results/predictions/full/mixed/tcn/seed_101/bandpass_n20001_cV3_covariance_s10.npz,76331,012120175bc2fc652b1cdfd1f4082b95fa7b4e104d7b62097c5e9cc9a97304a1
tcn,mixed,101,bandpass_n20001_cV3_covariance_s5,phase2/results/predictions/full/mixed/tcn/seed_101/bandpass_n20001_cV3_covariance_s5.npz,76305,64be6bfcc572451bef8287d5b6da05b78ff20f04268be3d251736362aedabcc9
tcn,mixed,101,bandpass_n20001_cV3_covariance_s0,phase2/results/predictions/full/mixed/tcn/seed_101/bandpass_n20001_cV3_covariance_s0.npz,76029,49feb10842796e83dcb4f83c99115b941306143c1494b632b71c4eb4cdc0cb05
tcn,mixed,101,bandpass_n20001_cV4_independent_rms_s20,phase2/results/predictions/full/mixed/tcn/seed_101/bandpass_n20001_cV4_independent_rms_s20.npz,76401,c3cf2740c0b65547b6dec25f2ad5685cb33b0ef96a34a39698422ece41232369
tcn,mixed,101,bandpass_n20001_cV4_independent_rms_s15,phase2/results/predictions/full/mixed/tcn/seed_101/bandpass_n20001_cV4_independent_rms_s15.npz,76361,eee0704412ecbe97cc4dbf7ca84471dbd4d9e58fd2920473640f0acf023e1365
tcn,mixed,101,bandpass_n20001_cV4_independent_rms_s10,phase2/results/predictions/full/mixed/tcn/seed_101/bandpass_n20001_cV4_independent_rms_s10.npz,76340,6afad40c1573dbdecbe2d84cf3cf434750e6848974296331f1004f2ce7efb818
tcn,mixed,101,bandpass_n20001_cV4_independent_rms_s5,phase2/results/predictions/full/mixed/tcn/seed_101/bandpass_n20001_cV4_independent_rms_s5.npz,76322,f707c5d984f33da76df4e8e51d87ef0261ccc0d3a4e902a8c736a2de4ce66b04
tcn,mixed,101,bandpass_n20001_cV4_independent_rms_s0,phase2/results/predictions/full/mixed/tcn/seed_101/bandpass_n20001_cV4_independent_rms_s0.npz,76124,336ac316956f48e15fef4809e46c23037a451133fc6957c0e27d513e47ddb3a3
tcn,mixed,101,bandpass_n20001_cV4_electrode_s20,phase2/results/predictions/full/mixed/tcn/seed_101/bandpass_n20001_cV4_electrode_s20.npz,76381,9c2ebfbb279beaa82404ea99da229a424dfe4d36533a79aa732bc0d444c2922d
tcn,mixed,101,bandpass_n20001_cV4_electrode_s15,phase2/results/predictions/full/mixed/tcn/seed_101/bandpass_n20001_cV4_electrode_s15.npz,76363,64bafde9ecea8c033dfd2411957652613e153c30177aa208a1b2dd032f634dd5
tcn,mixed,101,bandpass_n20001_cV4_electrode_s10,phase2/results/predictions/full/mixed/tcn/seed_101/bandpass_n20001_cV4_electrode_s10.npz,76344,9e888c23218a0ea0948abd0730286996fe868c9b538c1709fbcc5a80f5030961
tcn,mixed,101,bandpass_n20001_cV4_electrode_s5,phase2/results/predictions/full/mixed/tcn/seed_101/bandpass_n20001_cV4_electrode_s5.npz,76309,7316d45b3e8c1819742c270637fbbb35dfeb472b770f9dfa3daba3f408b7e80f
tcn,mixed,101,bandpass_n20001_cV4_electrode_s0,phase2/results/predictions/full/mixed/tcn/seed_101/bandpass_n20001_cV4_electrode_s0.npz,76091,339d708bad5a334d8cd7d0d422cac1877db2325b000f0b53e188d774df6c0687
tcn,mixed,101,bandpass_n20001_cV4_covariance_s20,phase2/results/predictions/full/mixed/tcn/seed_101/bandpass_n20001_cV4_covariance_s20.npz,76385,29e7e3fff5d3ba37ee968f8306335b012f4b6718780ed8ff6e0a3b62d5a2a7fc
tcn,mixed,101,bandpass_n20001_cV4_covariance_s15,phase2/results/predictions/full/mixed/tcn/seed_101/bandpass_n20001_cV4_covariance_s15.npz,76371,b114bb84b164918a7a645a2a2b523cf30fa556149e3edb3151eec30a58effb76
tcn,mixed,101,bandpass_n20001_cV4_covariance_s10,phase2/results/predictions/full/mixed/tcn/seed_101/bandpass_n20001_cV4_covariance_s10.npz,76340,cc25e6cbd1a1285845dee431ee28411aee8219cb0146092a38940d65a1e3983a
tcn,mixed,101,bandpass_n20001_cV4_covariance_s5,phase2/results/predictions/full/mixed/tcn/seed_101/bandpass_n20001_cV4_covariance_s5.npz,76328,622af7d08fc08e283b455af31d917b2fdd4e4e611a3eb5d7970b6753f4a1df27
tcn,mixed,101,bandpass_n20001_cV4_covariance_s0,phase2/results/predictions/full/mixed/tcn/seed_101/bandpass_n20001_cV4_covariance_s0.npz,76131,35569c56052cee782a7a9529151bb7644bb897ec949ae27b3882ca1577cabadc
tcn,mixed,101,bandpass_n20001_cV5_independent_rms_s20,phase2/results/predictions/full/mixed/tcn/seed_101/bandpass_n20001_cV5_independent_rms_s20.npz,76374,94bb681e8db45a305804d3822d565ee482df88ff74dbaeeebd0e33232c29af8e
tcn,mixed,101,bandpass_n20001_cV5_independent_rms_s15,phase2/results/predictions/full/mixed/tcn/seed_101/bandpass_n20001_cV5_independent_rms_s15.npz,76354,8c8c8672d3d62093645a8d33fa680e1230e2ec62d8864deaf9e8835cc9a294fa
tcn,mixed,101,bandpass_n20001_cV5_independent_rms_s10,phase2/results/predictions/full/mixed/tcn/seed_101/bandpass_n20001_cV5_independent_rms_s10.npz,76316,3621fa802536b21f13c453bb152ce2b0223eb9c80ba02879707a3c04ddff777d
tcn,mixed,101,bandpass_n20001_cV5_independent_rms_s5,phase2/results/predictions/full/mixed/tcn/seed_101/bandpass_n20001_cV5_independent_rms_s5.npz,76274,ed3ef795fc1bd3fc1f68cf9f5c68fe2c3cab35f98dfe334527e5591b91253cfb
tcn,mixed,101,bandpass_n20001_cV5_independent_rms_s0,phase2/results/predictions/full/mixed/tcn/seed_101/bandpass_n20001_cV5_independent_rms_s0.npz,76022,94471f7af98de323b12f4f325431bb0149e843f1d6f87c104c44dbfa90f0c21a
tcn,mixed,101,bandpass_n20001_cV5_electrode_s20,phase2/results/predictions/full/mixed/tcn/seed_101/bandpass_n20001_cV5_electrode_s20.npz,76341,4378468b8b8d8fa64adb52551ea376f4f8ee591d67748561891cd1870397cb4b
tcn,mixed,101,bandpass_n20001_cV5_electrode_s15,phase2/results/predictions/full/mixed/tcn/seed_101/bandpass_n20001_cV5_electrode_s15.npz,76353,062d953a32e909f1ee53dd2a7820b035817b72f90a610831f453ee6c05ba28ba
tcn,mixed,101,bandpass_n20001_cV5_electrode_s10,phase2/results/predictions/full/mixed/tcn/seed_101/bandpass_n20001_cV5_electrode_s10.npz,76337,4456d27792f24b3b6a57102fc036ecf9da3fa2913f8270a7a44f7d29080b31e0
tcn,mixed,101,bandpass_n20001_cV5_electrode_s5,phase2/results/predictions/full/mixed/tcn/seed_101/bandpass_n20001_cV5_electrode_s5.npz,76275,de84a0c6f283c0ba017f74b92ac784373014f27ee12f3ad0b9aa54ff275fccb3
tcn,mixed,101,bandpass_n20001_cV5_electrode_s0,phase2/results/predictions/full/mixed/tcn/seed_101/bandpass_n20001_cV5_electrode_s0.npz,76034,39467278f68637cef117636cd5f5ca7b6a4ac7fd34d4b17679130877ef8690ce
tcn,mixed,101,bandpass_n20001_cV5_covariance_s20,phase2/results/predictions/full/mixed/tcn/seed_101/bandpass_n20001_cV5_covariance_s20.npz,76372,ce3baf300e72f8829650c46c39312d4a01143ac67fc92455cb2c51e6885c4fe8
tcn,mixed,101,bandpass_n20001_cV5_covariance_s15,phase2/results/predictions/full/mixed/tcn/seed_101/bandpass_n20001_cV5_covariance_s15.npz,76343,08305159c1226c4e483de1f2a24c16588e4f3f728fbd26cdbd06c3958471a348
tcn,mixed,101,bandpass_n20001_cV5_covariance_s10,phase2/results/predictions/full/mixed/tcn/seed_101/bandpass_n20001_cV5_covariance_s10.npz,76347,e6e18da08ffb7fe2d778af61d2ea61a3e1534197ddec862aedd83f02b7bc3ebc
tcn,mixed,101,bandpass_n20001_cV5_covariance_s5,phase2/results/predictions/full/mixed/tcn/seed_101/bandpass_n20001_cV5_covariance_s5.npz,76285,754bf89b28898c33280ff17aa778205431738f8d2d07c91cdc258ad38910ec5d
tcn,mixed,101,bandpass_n20001_cV5_covariance_s0,phase2/results/predictions/full/mixed/tcn/seed_101/bandpass_n20001_cV5_covariance_s0.npz,76019,b51d50f9d4c306fae81bc795c6a9d602d5d42c0f6968b1b3e2b9c8c31c62ee25
tcn,mixed,101,bandpass_n20001_cV6_independent_rms_s20,phase2/results/predictions/full/mixed/tcn/seed_101/bandpass_n20001_cV6_independent_rms_s20.npz,76373,49153bb98b834eb30f7326fbb9e9c65c78d619f4cda847d50c57d6499543c602
tcn,mixed,101,bandpass_n20001_cV6_independent_rms_s15,phase2/results/predictions/full/mixed/tcn/seed_101/bandpass_n20001_cV6_independent_rms_s15.npz,76387,cf0da236f1592afb1f41f0e531e3af9cdbeba72026aa0f10a4797c33f379ab99
tcn,mixed,101,bandpass_n20001_cV6_independent_rms_s10,phase2/results/predictions/full/mixed/tcn/seed_101/bandpass_n20001_cV6_independent_rms_s10.npz,76344,4e5766eef3b997e5a06c68082fa86f915d65450789bfaae749825da1d0cb23ff
tcn,mixed,101,bandpass_n20001_cV6_independent_rms_s5,phase2/results/predictions/full/mixed/tcn/seed_101/bandpass_n20001_cV6_independent_rms_s5.npz,76263,efae57a84b0206a4d07a95705d053c032adbb072a4b9684f1af74940ab82f816
tcn,mixed,101,bandpass_n20001_cV6_independent_rms_s0,phase2/results/predictions/full/mixed/tcn/seed_101/bandpass_n20001_cV6_independent_rms_s0.npz,76074,34786df9f4b49e5216102c4a1f6210c7b374e5482d126a20dadc0ce4748f1ba4
tcn,mixed,101,bandpass_n20001_cV6_electrode_s20,phase2/results/predictions/full/mixed/tcn/seed_101/bandpass_n20001_cV6_electrode_s20.npz,76384,424a2f487dd7d08f23850990b7da38874c7fe6998cafe34faee7b34364a1099a
tcn,mixed,101,bandpass_n20001_cV6_electrode_s15,phase2/results/predictions/full/mixed/tcn/seed_101/bandpass_n20001_cV6_electrode_s15.npz,76341,1084ba4c743081ebdfcafcc35206bbd76b1baa01c311cd84910d92d080638625
tcn,mixed,101,bandpass_n20001_cV6_electrode_s10,phase2/results/predictions/full/mixed/tcn/seed_101/bandpass_n20001_cV6_electrode_s10.npz,76380,e89d0388d3f3a1e143c0768c6626ef219a16c86591566dd6c8f78b9ede3fc8ae
tcn,mixed,101,bandpass_n20001_cV6_electrode_s5,phase2/results/predictions/full/mixed/tcn/seed_101/bandpass_n20001_cV6_electrode_s5.npz,76275,f8010ea3a4c2f6fa3153cd47ce4985f2cd86dd83f31d49e1c3696ba41e646a85
tcn,mixed,101,bandpass_n20001_cV6_electrode_s0,phase2/results/predictions/full/mixed/tcn/seed_101/bandpass_n20001_cV6_electrode_s0.npz,76071,19feb3c7ecd6cde8410b1ad610f7dcf8c038164812ac2e121d4c84b6b76f4f32
tcn,mixed,101,bandpass_n20001_cV6_covariance_s20,phase2/results/predictions/full/mixed/tcn/seed_101/bandpass_n20001_cV6_covariance_s20.npz,76352,88d939b874f36d518c9b4597de07e04a3851253c03f5b772d503a7a6bfcfe761
tcn,mixed,101,bandpass_n20001_cV6_covariance_s15,phase2/results/predictions/full/mixed/tcn/seed_101/bandpass_n20001_cV6_covariance_s15.npz,76357,f53faab4fb34ff99f40399d534fc8c73d116ad341794a5defdfe6972565a0dcb
tcn,mixed,101,bandpass_n20001_cV6_covariance_s10,phase2/results/predictions/full/mixed/tcn/seed_101/bandpass_n20001_cV6_covariance_s10.npz,76335,2be8f7036906d9ae18bdaed8b710a1d75cbf2f547440ac0657a54e78db337da8
tcn,mixed,101,bandpass_n20001_cV6_covariance_s5,phase2/results/predictions/full/mixed/tcn/seed_101/bandpass_n20001_cV6_covariance_s5.npz,76298,8a1097f45274de7e947682961b4afe6fb1b5cdcb7e8619934e54c39e89b7a383
tcn,mixed,101,bandpass_n20001_cV6_covariance_s0,phase2/results/predictions/full/mixed/tcn/seed_101/bandpass_n20001_cV6_covariance_s0.npz,76101,c39cc3973e0507aa4b72b887be28b4c0b9a576f9081eaacd198bfe0d4d7b5997
tcn,mixed,101,bandpass_n20001_cRA_LA_independent_rms_s20,phase2/results/predictions/full/mixed/tcn/seed_101/bandpass_n20001_cRA_LA_independent_rms_s20.npz,76406,823a00ec8c7cff88c75f80de3160be50f2f53b8cbd9d31bfb874ac1e0f733dcc
tcn,mixed,101,bandpass_n20001_cRA_LA_independent_rms_s15,phase2/results/predictions/full/mixed/tcn/seed_101/bandpass_n20001_cRA_LA_independent_rms_s15.npz,76355,df70fe5bbad9d6fbcfffe3c08c9f033a9a257de8be1e830c55e0d56c268ba106
tcn,mixed,101,bandpass_n20001_cRA_LA_independent_rms_s10,phase2/results/predictions/full/mixed/tcn/seed_101/bandpass_n20001_cRA_LA_independent_rms_s10.npz,76383,5d6b9702409f7a80a66bdf6fd984bfec261ad9b185eeca7cfb122617ee6a9598
tcn,mixed,101,bandpass_n20001_cRA_LA_independent_rms_s5,phase2/results/predictions/full/mixed/tcn/seed_101/bandpass_n20001_cRA_LA_independent_rms_s5.npz,76275,382e23af01944dfce4d672bc5055d328dad924b5befb78d4ea1e0e280dc51f4b
tcn,mixed,101,bandpass_n20001_cRA_LA_independent_rms_s0,phase2/results/predictions/full/mixed/tcn/seed_101/bandpass_n20001_cRA_LA_independent_rms_s0.npz,76059,02939e200884e47ee35d9cc6428b8c6c031b5d9c77af8a6d05782ec3b600a383
tcn,mixed,101,bandpass_n20001_cRA_LA_electrode_s20,phase2/results/predictions/full/mixed/tcn/seed_101/bandpass_n20001_cRA_LA_electrode_s20.npz,76361,1a18210d690164b9f5f12892c106bb1326815ee7f712dd2fd1705ebcd8e3c101
tcn,mixed,101,bandpass_n20001_cRA_LA_electrode_s15,phase2/results/predictions/full/mixed/tcn/seed_101/bandpass_n20001_cRA_LA_electrode_s15.npz,76341,5f219fbd861245c140025629fd9fbb6f9ef865c967ab2dd8bf14cb7a7d13e497
tcn,mixed,101,bandpass_n20001_cRA_LA_electrode_s10,phase2/results/predictions/full/mixed/tcn/seed_101/bandpass_n20001_cRA_LA_electrode_s10.npz,76295,68c29b1ae729529a9733df4198142d9b26e9347b167b2bb93fc943ad9ded98d3
tcn,mixed,101,bandpass_n20001_cRA_LA_electrode_s5,phase2/results/predictions/full/mixed/tcn/seed_101/bandpass_n20001_cRA_LA_electrode_s5.npz,76129,e7457a1a9260261acab068ede903db0307a4b6b6eeacaca78fd2e3c15c481fee
tcn,mixed,101,bandpass_n20001_cRA_LA_electrode_s0,phase2/results/predictions/full/mixed/tcn/seed_101/bandpass_n20001_cRA_LA_electrode_s0.npz,75785,b44ef9d3e77f587a294977f662da01916787ff35260514de9d0bacc5e28bd432
tcn,mixed,101,bandpass_n20001_cRA_LA_covariance_s20,phase2/results/predictions/full/mixed/tcn/seed_101/bandpass_n20001_cRA_LA_covariance_s20.npz,76359,e64fef020c1f11a235fd2cff9e84c2ea193c06734ca9b7b52a51c306491a8045
tcn,mixed,101,bandpass_n20001_cRA_LA_covariance_s15,phase2/results/predictions/full/mixed/tcn/seed_101/bandpass_n20001_cRA_LA_covariance_s15.npz,76374,fe35da5da251ab4d5f8fd1386e4dff706944906f43ac55299665e46534a9ea9f
tcn,mixed,101,bandpass_n20001_cRA_LA_covariance_s10,phase2/results/predictions/full/mixed/tcn/seed_101/bandpass_n20001_cRA_LA_covariance_s10.npz,76350,248f3b9325ee78d528e91238c52e09074fd18d922734be499e2ed37efddbe744
tcn,mixed,101,bandpass_n20001_cRA_LA_covariance_s5,phase2/results/predictions/full/mixed/tcn/seed_101/bandpass_n20001_cRA_LA_covariance_s5.npz,76128,33822eb75816d77c20a5707d58cf17eb8db3c81111ffbb750485aea10804554c
tcn,mixed,101,bandpass_n20001_cRA_LA_covariance_s0,phase2/results/predictions/full/mixed/tcn/seed_101/bandpass_n20001_cRA_LA_covariance_s0.npz,75773,a2b8a873ffd2a72a9b9064650f9bea91c3bfa39aeb0956bcbe3a688ccb309bee
tcn,mixed,101,bandpass_n20001_cLA_LL_independent_rms_s20,phase2/results/predictions/full/mixed/tcn/seed_101/bandpass_n20001_cLA_LL_independent_rms_s20.npz,76413,cf58a8db901fcbd84e03e33facafdd449937d354864ddc4bc0a99b7c4a9fe582
tcn,mixed,101,bandpass_n20001_cLA_LL_independent_rms_s15,phase2/results/predictions/full/mixed/tcn/seed_101/bandpass_n20001_cLA_LL_independent_rms_s15.npz,76383,3307ed8a60a3b78c018c17155c14178e0e42bd6662e4621262ba92a47e4804d7
tcn,mixed,101,bandpass_n20001_cLA_LL_independent_rms_s10,phase2/results/predictions/full/mixed/tcn/seed_101/bandpass_n20001_cLA_LL_independent_rms_s10.npz,76347,ff60641a4783a5a7ec06dde819f4a9a90c4f4457f91c3fe812b35d95a93e5d4f
tcn,mixed,101,bandpass_n20001_cLA_LL_independent_rms_s5,phase2/results/predictions/full/mixed/tcn/seed_101/bandpass_n20001_cLA_LL_independent_rms_s5.npz,76224,641ff9424026d94f963d2062500dcfc2159dd1ebc247a9fefe6423a2560d436c
tcn,mixed,101,bandpass_n20001_cLA_LL_independent_rms_s0,phase2/results/predictions/full/mixed/tcn/seed_101/bandpass_n20001_cLA_LL_independent_rms_s0.npz,75983,3a6bc955373639afa777c59aad696475e56d4ff4779f1f3e1ce389eb120103d6
tcn,mixed,101,bandpass_n20001_cLA_LL_electrode_s20,phase2/results/predictions/full/mixed/tcn/seed_101/bandpass_n20001_cLA_LL_electrode_s20.npz,76354,d0a835b25b5c15ac1afc8d446f3da80ddf14c9875cf4cee59ae0f76d62e449b4
tcn,mixed,101,bandpass_n20001_cLA_LL_electrode_s15,phase2/results/predictions/full/mixed/tcn/seed_101/bandpass_n20001_cLA_LL_electrode_s15.npz,76404,014b592a8e4d07d32c132ab89c6779fbd636f74c0303761795cd747eb9a2162f
tcn,mixed,101,bandpass_n20001_cLA_LL_electrode_s10,phase2/results/predictions/full/mixed/tcn/seed_101/bandpass_n20001_cLA_LL_electrode_s10.npz,76343,66cc47f2c8af54bac16a20aa1d1721a55a579643a0fcb31fea7cf2f54a5306e3
tcn,mixed,101,bandpass_n20001_cLA_LL_electrode_s5,phase2/results/predictions/full/mixed/tcn/seed_101/bandpass_n20001_cLA_LL_electrode_s5.npz,76157,97d04d29d2ee00fe15d6f4825bc472534b804f3ddebb84909b150c5a640ce324
tcn,mixed,101,bandpass_n20001_cLA_LL_electrode_s0,phase2/results/predictions/full/mixed/tcn/seed_101/bandpass_n20001_cLA_LL_electrode_s0.npz,75791,0fdf24d1b59b7ddfa7d7fb5585fbdc735fe0825136df461f917fa522d46cbec3
tcn,mixed,101,bandpass_n20001_cLA_LL_covariance_s20,phase2/results/predictions/full/mixed/tcn/seed_101/bandpass_n20001_cLA_LL_covariance_s20.npz,76376,b2e4f8aed0736cc3685bbbe71b2906b13f879bb5d0f75f214a014689f17b0f0d
tcn,mixed,101,bandpass_n20001_cLA_LL_covariance_s15,phase2/results/predictions/full/mixed/tcn/seed_101/bandpass_n20001_cLA_LL_covariance_s15.npz,76365,62b5fea9baaf1e637b26d6d2e921d12b0cfecc982dd57a6a17e878c062a547f3
tcn,mixed,101,bandpass_n20001_cLA_LL_covariance_s10,phase2/results/predictions/full/mixed/tcn/seed_101/bandpass_n20001_cLA_LL_covariance_s10.npz,76311,34c43c85c88b326e9eb68cca65cfb77e08fbd9bc522c9a94e8adb96ec109446f
tcn,mixed,101,bandpass_n20001_cLA_LL_covariance_s5,phase2/results/predictions/full/mixed/tcn/seed_101/bandpass_n20001_cLA_LL_covariance_s5.npz,76171,6654be9dbda9b388a27d6a6a7e331d83fbeca09a037dc0d3096ade59a158e142
tcn,mixed,101,bandpass_n20001_cLA_LL_covariance_s0,phase2/results/predictions/full/mixed/tcn/seed_101/bandpass_n20001_cLA_LL_covariance_s0.npz,75777,f2c05cdd7813a7d4d9b3bb4f45bd705e3497f5eca16c57188e7ce9ca37af4cc6
tcn,mixed,101,bandpass_n20001_cRA_LL_independent_rms_s20,phase2/results/predictions/full/mixed/tcn/seed_101/bandpass_n20001_cRA_LL_independent_rms_s20.npz,76399,a69d8376a4aed3d12006bfdc7c14fe41b862be798807e9b858f5d2f8328e1fca
tcn,mixed,101,bandpass_n20001_cRA_LL_independent_rms_s15,phase2/results/predictions/full/mixed/tcn/seed_101/bandpass_n20001_cRA_LL_independent_rms_s15.npz,76343,50b4a5c64986e2d2236fa5a7876abd19005afcadd5499658e48be9eb3341ad9c
tcn,mixed,101,bandpass_n20001_cRA_LL_independent_rms_s10,phase2/results/predictions/full/mixed/tcn/seed_101/bandpass_n20001_cRA_LL_independent_rms_s10.npz,76387,6cc4028cfc3bc684b8d2b4d19caaeb88bbbfbb74f33c15f9877c038c4d6a30b6
tcn,mixed,101,bandpass_n20001_cRA_LL_independent_rms_s5,phase2/results/predictions/full/mixed/tcn/seed_101/bandpass_n20001_cRA_LL_independent_rms_s5.npz,76295,27acd00667ff8d467be92a0dcb82918da582c6ed3f76643dc4e2f52ea8edb63a
tcn,mixed,101,bandpass_n20001_cRA_LL_independent_rms_s0,phase2/results/predictions/full/mixed/tcn/seed_101/bandpass_n20001_cRA_LL_independent_rms_s0.npz,76010,4eff11b883fd31a03b6ded24280fa0fcbfd543e42ca1e7991601280cd73f3c3d
tcn,mixed,101,bandpass_n20001_cRA_LL_electrode_s20,phase2/results/predictions/full/mixed/tcn/seed_101/bandpass_n20001_cRA_LL_electrode_s20.npz,76358,6e2158e0fc05d3344f1a97944f988666a6ad1d0a141db9842555d66167f18cae
tcn,mixed,101,bandpass_n20001_cRA_LL_electrode_s15,phase2/results/predictions/full/mixed/tcn/seed_101/bandpass_n20001_cRA_LL_electrode_s15.npz,76323,93e12711d644811a5f93a3861ca81106af8c4a4e70d3ce19cccce578ca034bd2
tcn,mixed,101,bandpass_n20001_cRA_LL_electrode_s10,phase2/results/predictions/full/mixed/tcn/seed_101/bandpass_n20001_cRA_LL_electrode_s10.npz,76315,c358bf36e69c9f3303e9ce53aa41684912847d50fbca52ed16f9396d6c2b69ed
tcn,mixed,101,bandpass_n20001_cRA_LL_electrode_s5,phase2/results/predictions/full/mixed/tcn/seed_101/bandpass_n20001_cRA_LL_electrode_s5.npz,76142,afb44acc219bfaeb42d6994e776ea1c60e4a87d157e1449bf9a5b321fe1897d0
tcn,mixed,101,bandpass_n20001_cRA_LL_electrode_s0,phase2/results/predictions/full/mixed/tcn/seed_101/bandpass_n20001_cRA_LL_electrode_s0.npz,75801,7359196b15024d192e3d5707ff54e3d80f1734ab72d9af557c2fa7426d893f39
tcn,mixed,101,bandpass_n20001_cRA_LL_covariance_s20,phase2/results/predictions/full/mixed/tcn/seed_101/bandpass_n20001_cRA_LL_covariance_s20.npz,76383,2e26455415f526e0b6828f934d537fcde9ab7a426a16700b08989056c1128107
tcn,mixed,101,bandpass_n20001_cRA_LL_covariance_s15,phase2/results/predictions/full/mixed/tcn/seed_101/bandpass_n20001_cRA_LL_covariance_s15.npz,76346,4559d1d7d2bc4639c458aa6d0a0f8e26dc09a07df770e87fa808db1c3a669ee0
tcn,mixed,101,bandpass_n20001_cRA_LL_covariance_s10,phase2/results/predictions/full/mixed/tcn/seed_101/bandpass_n20001_cRA_LL_covariance_s10.npz,76300,b5578c5148e6216f76a85f1120f33211e66befbbc43cbab8b6a0844ac7688eaf
tcn,mixed,101,bandpass_n20001_cRA_LL_covariance_s5,phase2/results/predictions/full/mixed/tcn/seed_101/bandpass_n20001_cRA_LL_covariance_s5.npz,76137,c366f04daccbd56351f983a6dcc7b6adda82a105e7e0a41b960b2b7e5295d5e0
tcn,mixed,101,bandpass_n20001_cRA_LL_covariance_s0,phase2/results/predictions/full/mixed/tcn/seed_101/bandpass_n20001_cRA_LL_covariance_s0.npz,75780,d653cc3db359144c5e497ff0d42566c79aa4138470adeddf52e769fd7a4c4edd
tcn,mixed,101,bandpass_n20001_cRA_independent_rms_s20,phase2/results/predictions/full/mixed/tcn/seed_101/bandpass_n20001_cRA_independent_rms_s20.npz,76374,22243c5bf8a96f75cd0b76fb257e12ff032434e6f92983cc1c6c6f7c1ca724a4
tcn,mixed,101,bandpass_n20001_cRA_independent_rms_s15,phase2/results/predictions/full/mixed/tcn/seed_101/bandpass_n20001_cRA_independent_rms_s15.npz,76366,f2d10f41c95b2e0212d65ae7385e113fa75928cb207bb9300f0a8ae61a72c619
tcn,mixed,101,bandpass_n20001_cRA_independent_rms_s10,phase2/results/predictions/full/mixed/tcn/seed_101/bandpass_n20001_cRA_independent_rms_s10.npz,76336,1ee471dd655519531f41cc9aa70995f20ceee273077ff1d7f5e4821face83a14
tcn,mixed,101,bandpass_n20001_cRA_independent_rms_s5,phase2/results/predictions/full/mixed/tcn/seed_101/bandpass_n20001_cRA_independent_rms_s5.npz,76264,057631e6a2b92f3a66dab492b72c46a529e88afc8c849a28af0308caa7e204e4
tcn,mixed,101,bandpass_n20001_cRA_independent_rms_s0,phase2/results/predictions/full/mixed/tcn/seed_101/bandpass_n20001_cRA_independent_rms_s0.npz,76031,fcf5464f7d8d7053b75fa28764a1889134eca86a5a43b4591c53a91e8e5396ec
tcn,mixed,101,bandpass_n20001_cRA_electrode_s20,phase2/results/predictions/full/mixed/tcn/seed_101/bandpass_n20001_cRA_electrode_s20.npz,76358,e2dd45bfcbf8b1229491926e50e2c6003ef1626a1ea093ba3d3d900737191691
tcn,mixed,101,bandpass_n20001_cRA_electrode_s15,phase2/results/predictions/full/mixed/tcn/seed_101/bandpass_n20001_cRA_electrode_s15.npz,76331,0f4f795dd8bd302e41148bb312c456e03f9987d03098578c156a38edb31ce42f
tcn,mixed,101,bandpass_n20001_cRA_electrode_s10,phase2/results/predictions/full/mixed/tcn/seed_101/bandpass_n20001_cRA_electrode_s10.npz,76265,357d5442f753085a15c55eb99aa4657d08e8682b45908196f66b201ec7c04df4
tcn,mixed,101,bandpass_n20001_cRA_electrode_s5,phase2/results/predictions/full/mixed/tcn/seed_101/bandpass_n20001_cRA_electrode_s5.npz,76121,09b674e5f7cdfa11a802663149cb45947d53a59865c542f4e37c6b8d10ef4bc4
tcn,mixed,101,bandpass_n20001_cRA_electrode_s0,phase2/results/predictions/full/mixed/tcn/seed_101/bandpass_n20001_cRA_electrode_s0.npz,75849,1f658ec223b5df1e6aa274333d09ae385330382eba42cc6e566728f5f5622c34
tcn,mixed,101,bandpass_n20001_cRA_covariance_s20,phase2/results/predictions/full/mixed/tcn/seed_101/bandpass_n20001_cRA_covariance_s20.npz,76349,08ec03b4a523cbca39cdd8237fa4008d4389d503dd5f9795ad82099648a108b4
tcn,mixed,101,bandpass_n20001_cRA_covariance_s15,phase2/results/predictions/full/mixed/tcn/seed_101/bandpass_n20001_cRA_covariance_s15.npz,76360,1d751f8b852bb1ac74797d4133ecbad7a9dcdf682fd5033566d8daa3bb35976a
tcn,mixed,101,bandpass_n20001_cRA_covariance_s10,phase2/results/predictions/full/mixed/tcn/seed_101/bandpass_n20001_cRA_covariance_s10.npz,76274,322a3bf0ecea16df13a4e31dcb8510cb6d8b445d20184290063ea924c7baf299
tcn,mixed,101,bandpass_n20001_cRA_covariance_s5,phase2/results/predictions/full/mixed/tcn/seed_101/bandpass_n20001_cRA_covariance_s5.npz,76129,d3cd5630163fa124a67ce8198869b3819bbc73769bb6cc7d5f7d044fa930be28
tcn,mixed,101,bandpass_n20001_cRA_covariance_s0,phase2/results/predictions/full/mixed/tcn/seed_101/bandpass_n20001_cRA_covariance_s0.npz,75845,9be6bb636337906c7cf8ddb0cea2b3c44f58baf5a72908b7bfb2fa4791f5f222
tcn,mixed,101,bandpass_n20001_cLA_independent_rms_s20,phase2/results/predictions/full/mixed/tcn/seed_101/bandpass_n20001_cLA_independent_rms_s20.npz,76383,8dd1589c744b06f176a37297f6e4f732798a82e12dd1b84967080f700f423f1c
tcn,mixed,101,bandpass_n20001_cLA_independent_rms_s15,phase2/results/predictions/full/mixed/tcn/seed_101/bandpass_n20001_cLA_independent_rms_s15.npz,76368,c9482e422c523e43b627ba83f4bb9485b49464307d1b7dd42a0ff03b8ac81400
tcn,mixed,101,bandpass_n20001_cLA_independent_rms_s10,phase2/results/predictions/full/mixed/tcn/seed_101/bandpass_n20001_cLA_independent_rms_s10.npz,76394,0c921e4de1438240a7288f788659e829fae30820cd844e17e63cc9311859ad19
tcn,mixed,101,bandpass_n20001_cLA_independent_rms_s5,phase2/results/predictions/full/mixed/tcn/seed_101/bandpass_n20001_cLA_independent_rms_s5.npz,76241,03dc023939da45190d1046f00999b48be7b5a180b4719b87304bc966cf334321
tcn,mixed,101,bandpass_n20001_cLA_independent_rms_s0,phase2/results/predictions/full/mixed/tcn/seed_101/bandpass_n20001_cLA_independent_rms_s0.npz,76004,2fcc3f17053c2d68987f91d6ced98ec6cc4a2b904824a0127dfce12d60579000
tcn,mixed,101,bandpass_n20001_cLA_electrode_s20,phase2/results/predictions/full/mixed/tcn/seed_101/bandpass_n20001_cLA_electrode_s20.npz,76328,82f2cb2c56528ae5f47f71dfe7a8a7e6725fb816ff8644f156d3582023095323
tcn,mixed,101,bandpass_n20001_cLA_electrode_s15,phase2/results/predictions/full/mixed/tcn/seed_101/bandpass_n20001_cLA_electrode_s15.npz,76375,9b07118a700a52d7f02ac0680c0daddaae978719455b7a6f6c8df90a617fb3b8
tcn,mixed,101,bandpass_n20001_cLA_electrode_s10,phase2/results/predictions/full/mixed/tcn/seed_101/bandpass_n20001_cLA_electrode_s10.npz,76285,72da7c48436db4c92ade2c79dbbde9b8fff59b201e00c2114d841c61db7ff5a2
tcn,mixed,101,bandpass_n20001_cLA_electrode_s5,phase2/results/predictions/full/mixed/tcn/seed_101/bandpass_n20001_cLA_electrode_s5.npz,76095,0090d1458bc071ba21ba336abfc0d20fef39757ffd7dc3b56cb276842f693e9b
tcn,mixed,101,bandpass_n20001_cLA_electrode_s0,phase2/results/predictions/full/mixed/tcn/seed_101/bandpass_n20001_cLA_electrode_s0.npz,75791,126a264ed2548008ea11ffb32d55a0b0ed8a8f785765a88cc5edd3c4ed1cdeca
tcn,mixed,101,bandpass_n20001_cLA_covariance_s20,phase2/results/predictions/full/mixed/tcn/seed_101/bandpass_n20001_cLA_covariance_s20.npz,76371,3f579c68926ed6d24f28c1624f237ec04e1e1e926f1b3663296a151846eea60d
tcn,mixed,101,bandpass_n20001_cLA_covariance_s15,phase2/results/predictions/full/mixed/tcn/seed_101/bandpass_n20001_cLA_covariance_s15.npz,76361,83d1a4d404a46bd018b69e4efe7b5e1b11c6404e927e2a2b69de3327e67de174
tcn,mixed,101,bandpass_n20001_cLA_covariance_s10,phase2/results/predictions/full/mixed/tcn/seed_101/bandpass_n20001_cLA_covariance_s10.npz,76318,3bb7b6ea6742d708fec74546f92a96f842d7aadd57a18b557024e1fd89a010d2
tcn,mixed,101,bandpass_n20001_cLA_covariance_s5,phase2/results/predictions/full/mixed/tcn/seed_101/bandpass_n20001_cLA_covariance_s5.npz,76168,964b79914a3cf1f1391f58021bddd94d2fe77b0c5e5b1a238dc254ee2c00aa40
tcn,mixed,101,bandpass_n20001_cLA_covariance_s0,phase2/results/predictions/full/mixed/tcn/seed_101/bandpass_n20001_cLA_covariance_s0.npz,75775,2f8cfa903e207a022deb59823db99e75061dd7ea6305a4c6686da17741d18d2c
tcn,mixed,101,bandpass_n20001_cLL_independent_rms_s20,phase2/results/predictions/full/mixed/tcn/seed_101/bandpass_n20001_cLL_independent_rms_s20.npz,76406,ada64d69d7367b7ba6c651e144945e4d401d6a4dbe1ec3b1a648739a35ec3d91
tcn,mixed,101,bandpass_n20001_cLL_independent_rms_s15,phase2/results/predictions/full/mixed/tcn/seed_101/bandpass_n20001_cLL_independent_rms_s15.npz,76366,c1bd9d480694d42d9fcf284af134549711a63215048539a98fbb5eb8aeda6f01
tcn,mixed,101,bandpass_n20001_cLL_independent_rms_s10,phase2/results/predictions/full/mixed/tcn/seed_101/bandpass_n20001_cLL_independent_rms_s10.npz,76353,9881f602c9a09b911c6f2bcaff187a68307bc0d4d14805cd19e1d467e25bd002
tcn,mixed,101,bandpass_n20001_cLL_independent_rms_s5,phase2/results/predictions/full/mixed/tcn/seed_101/bandpass_n20001_cLL_independent_rms_s5.npz,76240,aff6f9bfd0045200397c439fdb482e74a3085fe69023b5440a41b373028e39cf
tcn,mixed,101,bandpass_n20001_cLL_independent_rms_s0,phase2/results/predictions/full/mixed/tcn/seed_101/bandpass_n20001_cLL_independent_rms_s0.npz,75988,2133a350634337608d31a7ecf8fef175cceb92029db7fdd76139722482347831
tcn,mixed,101,bandpass_n20001_cLL_electrode_s20,phase2/results/predictions/full/mixed/tcn/seed_101/bandpass_n20001_cLL_electrode_s20.npz,76365,c71811bbcd7c5996d1203011958b077c6794ddc9743b25604501ceb6e93dd007
tcn,mixed,101,bandpass_n20001_cLL_electrode_s15,phase2/results/predictions/full/mixed/tcn/seed_101/bandpass_n20001_cLL_electrode_s15.npz,76370,c8b96d67c02f8208a7f0ce81b44af4dd03e35933b37ea121285492aba737b82f
tcn,mixed,101,bandpass_n20001_cLL_electrode_s10,phase2/results/predictions/full/mixed/tcn/seed_101/bandpass_n20001_cLL_electrode_s10.npz,76348,66b81bed4d1827e792915f5920e893a5cf2b4da8f55fa25d57414115e06f6396
tcn,mixed,101,bandpass_n20001_cLL_electrode_s5,phase2/results/predictions/full/mixed/tcn/seed_101/bandpass_n20001_cLL_electrode_s5.npz,76202,80a7b50cf72e3b9b42e70497e7c5077049110e9d8646d8e6ea0cda863850af8f
tcn,mixed,101,bandpass_n20001_cLL_electrode_s0,phase2/results/predictions/full/mixed/tcn/seed_101/bandpass_n20001_cLL_electrode_s0.npz,75831,d021a9370aa1e17f19288e8a9a9802f1320495f0a52a4edadf5f29ee07eed420
tcn,mixed,101,bandpass_n20001_cLL_covariance_s20,phase2/results/predictions/full/mixed/tcn/seed_101/bandpass_n20001_cLL_covariance_s20.npz,76386,54cd8ed948b7307f69e04fc87c92767ad189dc671845b7d74d0edcd2ff9d370c
tcn,mixed,101,bandpass_n20001_cLL_covariance_s15,phase2/results/predictions/full/mixed/tcn/seed_101/bandpass_n20001_cLL_covariance_s15.npz,76374,0603fb9794f9989b668d5cb9689e3746c7ee258f82f1cc12cb96ccbf0d446492
tcn,mixed,101,bandpass_n20001_cLL_covariance_s10,phase2/results/predictions/full/mixed/tcn/seed_101/bandpass_n20001_cLL_covariance_s10.npz,76322,b18888945526769ade0f1f94d53b80aadf0f96f07e7729f6f4ee0beb5f5b3ad0
tcn,mixed,101,bandpass_n20001_cLL_covariance_s5,phase2/results/predictions/full/mixed/tcn/seed_101/bandpass_n20001_cLL_covariance_s5.npz,76192,e73e5ca9190c5d046d5ecf6fd2490d45f028acdbe7fb3b725cade80d9f2ae66b
tcn,mixed,101,bandpass_n20001_cLL_covariance_s0,phase2/results/predictions/full/mixed/tcn/seed_101/bandpass_n20001_cLL_covariance_s0.npz,75863,14c57129ea54bef69de1bee2c156316298c67782a2dad49a08e0159a80d32650
tcn,mixed,101,bandpass_n20001_cRA_V1_independent_rms_s20,phase2/results/predictions/full/mixed/tcn/seed_101/bandpass_n20001_cRA_V1_independent_rms_s20.npz,76369,deab4ef374f81c769ac5241c23b5c7de290189a83fa8aca308d21a271e4f37e3
tcn,mixed,101,bandpass_n20001_cRA_V1_independent_rms_s15,phase2/results/predictions/full/mixed/tcn/seed_101/bandpass_n20001_cRA_V1_independent_rms_s15.npz,76382,0eed36bc8a032c1cb0afbf26bd0e4ba2bab917b9676491a8bec26a5be6432f40
tcn,mixed,101,bandpass_n20001_cRA_V1_independent_rms_s10,phase2/results/predictions/full/mixed/tcn/seed_101/bandpass_n20001_cRA_V1_independent_rms_s10.npz,76397,24244a97cb5204ccda1167dc1ab812499a243685d4deb8886928aa232353ad64
tcn,mixed,101,bandpass_n20001_cRA_V1_independent_rms_s5,phase2/results/predictions/full/mixed/tcn/seed_101/bandpass_n20001_cRA_V1_independent_rms_s5.npz,76280,9d929d6c46666c8648ea81059e86abfefe34e96be34c8d8c9a7549c30629c072
tcn,mixed,101,bandpass_n20001_cRA_V1_independent_rms_s0,phase2/results/predictions/full/mixed/tcn/seed_101/bandpass_n20001_cRA_V1_independent_rms_s0.npz,76019,f9aeaa4e95786eabcebcd3591799fd91b51a2dcc71731c5fac348b3b98dae6eb
tcn,mixed,101,bandpass_n20001_cRA_V1_electrode_s20,phase2/results/predictions/full/mixed/tcn/seed_101/bandpass_n20001_cRA_V1_electrode_s20.npz,76370,fd3d701d17766b23f826b064c7e7169e819723225d2a4a9d59179b4448e8f66e
tcn,mixed,101,bandpass_n20001_cRA_V1_electrode_s15,phase2/results/predictions/full/mixed/tcn/seed_101/bandpass_n20001_cRA_V1_electrode_s15.npz,76353,d93cef1b07d8958114d557ab1e613e2baaa3e1edfd27e9438ac4b180c269c401
tcn,mixed,101,bandpass_n20001_cRA_V1_electrode_s10,phase2/results/predictions/full/mixed/tcn/seed_101/bandpass_n20001_cRA_V1_electrode_s10.npz,76274,9a27085a4106b98dff471cb41d92c038cef73972c814a21d7e5c355b0d1fe0de
tcn,mixed,101,bandpass_n20001_cRA_V1_electrode_s5,phase2/results/predictions/full/mixed/tcn/seed_101/bandpass_n20001_cRA_V1_electrode_s5.npz,76096,06519bb61af6e8a87695dd23cc8db1f00d41eb69024411e6beba350699f2f8f3
tcn,mixed,101,bandpass_n20001_cRA_V1_electrode_s0,phase2/results/predictions/full/mixed/tcn/seed_101/bandpass_n20001_cRA_V1_electrode_s0.npz,75848,2d9a217e357b08e0e6db7de59330139c47b2fe31e39951bbd1e41d112957e368
tcn,mixed,101,bandpass_n20001_cRA_V1_covariance_s20,phase2/results/predictions/full/mixed/tcn/seed_101/bandpass_n20001_cRA_V1_covariance_s20.npz,76357,b06ad19ac92cfbb5112fadf8b2353b70274341a43faa46d1dc5082d1e25713d3
tcn,mixed,101,bandpass_n20001_cRA_V1_covariance_s15,phase2/results/predictions/full/mixed/tcn/seed_101/bandpass_n20001_cRA_V1_covariance_s15.npz,76341,fe1aca8084e492a7ea1b7d66502fb1878c774da001b3e2008fbbc4994d00bd0a
tcn,mixed,101,bandpass_n20001_cRA_V1_covariance_s10,phase2/results/predictions/full/mixed/tcn/seed_101/bandpass_n20001_cRA_V1_covariance_s10.npz,76306,2889faf85f96457ff4ba88174ca67346c32804addcea66072952fa944d3fff48
tcn,mixed,101,bandpass_n20001_cRA_V1_covariance_s5,phase2/results/predictions/full/mixed/tcn/seed_101/bandpass_n20001_cRA_V1_covariance_s5.npz,76097,55348c2cdc7b4bc0d1da95c0613a495a19946ccafdb7e86b22e6c051ed3ecb89
tcn,mixed,101,bandpass_n20001_cRA_V1_covariance_s0,phase2/results/predictions/full/mixed/tcn/seed_101/bandpass_n20001_cRA_V1_covariance_s0.npz,75810,305fb47dde4d4ce54b6e5bc03ae649a48a066425486c92ae66daf10a673bfd33
tcn,mixed,101,bandpass_n20001_cLA_V6_independent_rms_s20,phase2/results/predictions/full/mixed/tcn/seed_101/bandpass_n20001_cLA_V6_independent_rms_s20.npz,76389,963c06fca503c7818ceea6fc2ecddf90cb2dfe65ac55f0ad2218abe7017d2cb8
tcn,mixed,101,bandpass_n20001_cLA_V6_independent_rms_s15,phase2/results/predictions/full/mixed/tcn/seed_101/bandpass_n20001_cLA_V6_independent_rms_s15.npz,76374,a45fcff9adc6c95e973e833a1098530bd7714ad52efd6db03887b226b530337a
tcn,mixed,101,bandpass_n20001_cLA_V6_independent_rms_s10,phase2/results/predictions/full/mixed/tcn/seed_101/bandpass_n20001_cLA_V6_independent_rms_s10.npz,76372,fbfaca3467d2bb4c7521ba1fd958069e39fca7668ef226192074b4673fde3929
tcn,mixed,101,bandpass_n20001_cLA_V6_independent_rms_s5,phase2/results/predictions/full/mixed/tcn/seed_101/bandpass_n20001_cLA_V6_independent_rms_s5.npz,76258,cd42ac12cb7e360aa1a52ba421aee4dddb34b1b4a493031a58940fb8c6641b3d
tcn,mixed,101,bandpass_n20001_cLA_V6_independent_rms_s0,phase2/results/predictions/full/mixed/tcn/seed_101/bandpass_n20001_cLA_V6_independent_rms_s0.npz,76014,c6e857da0b2b36c47ca30c035c1786600786cc2d6333740793ab55ff33022658
tcn,mixed,101,bandpass_n20001_cLA_V6_electrode_s20,phase2/results/predictions/full/mixed/tcn/seed_101/bandpass_n20001_cLA_V6_electrode_s20.npz,76367,191472fb1947b3e599dbbfe152a8783cd6933a02ce3c7ff8bf25bf1846666003
tcn,mixed,101,bandpass_n20001_cLA_V6_electrode_s15,phase2/results/predictions/full/mixed/tcn/seed_101/bandpass_n20001_cLA_V6_electrode_s15.npz,76378,e8f59d631e5105dcb5395a3a95fed1fc378d671de9047f0be1c1c9716c7946bb
tcn,mixed,101,bandpass_n20001_cLA_V6_electrode_s10,phase2/results/predictions/full/mixed/tcn/seed_101/bandpass_n20001_cLA_V6_electrode_s10.npz,76291,a005b104327e9b496fc418291cd54e06423c54335b1ea3aaa206b3f1de5aa9cf
tcn,mixed,101,bandpass_n20001_cLA_V6_electrode_s5,phase2/results/predictions/full/mixed/tcn/seed_101/bandpass_n20001_cLA_V6_electrode_s5.npz,76202,17c75443484c12a0b582c24ca709acf45d1ce892c41f305c88692f2afd7aa722
tcn,mixed,101,bandpass_n20001_cLA_V6_electrode_s0,phase2/results/predictions/full/mixed/tcn/seed_101/bandpass_n20001_cLA_V6_electrode_s0.npz,75867,f221cc29bb8b4039f39958658b2316b621bce267b3bb3171a1a56794b39869cb
tcn,mixed,101,bandpass_n20001_cLA_V6_covariance_s20,phase2/results/predictions/full/mixed/tcn/seed_101/bandpass_n20001_cLA_V6_covariance_s20.npz,76356,fc68c1bdfdd4fcf192f3f9753720cc5550c3193a166b63447c438623950f8a39
tcn,mixed,101,bandpass_n20001_cLA_V6_covariance_s15,phase2/results/predictions/full/mixed/tcn/seed_101/bandpass_n20001_cLA_V6_covariance_s15.npz,76389,29777e68bda84a5cc57d7f5f993c80c31a8d8bf0ace7db6bbf12ac8f275ef3a2
tcn,mixed,101,bandpass_n20001_cLA_V6_covariance_s10,phase2/results/predictions/full/mixed/tcn/seed_101/bandpass_n20001_cLA_V6_covariance_s10.npz,76359,761099d100328dbf471e7c33bb89fb2b5bd78e2b95a9998d9d1054badb461e21
tcn,mixed,101,bandpass_n20001_cLA_V6_covariance_s5,phase2/results/predictions/full/mixed/tcn/seed_101/bandpass_n20001_cLA_V6_covariance_s5.npz,76203,0561e59a3141dc4b7edc266e50f8f8c38072895606e2e5ba92202c52262affc6
tcn,mixed,101,bandpass_n20001_cLA_V6_covariance_s0,phase2/results/predictions/full/mixed/tcn/seed_101/bandpass_n20001_cLA_V6_covariance_s0.npz,75865,1de3d092dd7d0633795fd86097f99719be4d66b46ac9dd1e8610465e693c0bcc
tcn,mixed,101,bandpass_n20001_cLL_V4_independent_rms_s20,phase2/results/predictions/full/mixed/tcn/seed_101/bandpass_n20001_cLL_V4_independent_rms_s20.npz,76381,6c898dc38c8a8b1376a406d54a1166d7c71579e92b564b1512dc5f81148fdd92
tcn,mixed,101,bandpass_n20001_cLL_V4_independent_rms_s15,phase2/results/predictions/full/mixed/tcn/seed_101/bandpass_n20001_cLL_V4_independent_rms_s15.npz,76377,12312ddf565f3056a04d82977d4d2f08b6570f9d5b7edbf17894af434d5d0600
tcn,mixed,101,bandpass_n20001_cLL_V4_independent_rms_s10,phase2/results/predictions/full/mixed/tcn/seed_101/bandpass_n20001_cLL_V4_independent_rms_s10.npz,76400,b9b01815a9b070a7367feab23a8f906019440dceaa978a90ef2912dd3eb39a06
tcn,mixed,101,bandpass_n20001_cLL_V4_independent_rms_s5,phase2/results/predictions/full/mixed/tcn/seed_101/bandpass_n20001_cLL_V4_independent_rms_s5.npz,76286,ecba69a093ba8c40d75d371d917b012fbf0b3bb8f0d3b24b04278a03138faa8f
tcn,mixed,101,bandpass_n20001_cLL_V4_independent_rms_s0,phase2/results/predictions/full/mixed/tcn/seed_101/bandpass_n20001_cLL_V4_independent_rms_s0.npz,76008,87f237c584b5a159773c8193614dcfb5884667ce44f8fa6b741245971caa2821
tcn,mixed,101,bandpass_n20001_cLL_V4_electrode_s20,phase2/results/predictions/full/mixed/tcn/seed_101/bandpass_n20001_cLL_V4_electrode_s20.npz,76373,b656c10fbb59757bd4f39c4728a861bac1e1c5c08f16929e210672543ca69f4c
tcn,mixed,101,bandpass_n20001_cLL_V4_electrode_s15,phase2/results/predictions/full/mixed/tcn/seed_101/bandpass_n20001_cLL_V4_electrode_s15.npz,76373,e5e0fa5e088e8b0c55940a3243310f052c9fdcfa079d3d4b019ae6d20c62a68c
tcn,mixed,101,bandpass_n20001_cLL_V4_electrode_s10,phase2/results/predictions/full/mixed/tcn/seed_101/bandpass_n20001_cLL_V4_electrode_s10.npz,76363,35631a4a1a0fb9ff6b402665bbfc3d1e426ad8bd3c4ee3d61530d447271e400a
tcn,mixed,101,bandpass_n20001_cLL_V4_electrode_s5,phase2/results/predictions/full/mixed/tcn/seed_101/bandpass_n20001_cLL_V4_electrode_s5.npz,76205,02940be4b7b571b27704d348b4d0c438311c6f19b7c26abf9d33bc735ebbeb14
tcn,mixed,101,bandpass_n20001_cLL_V4_electrode_s0,phase2/results/predictions/full/mixed/tcn/seed_101/bandpass_n20001_cLL_V4_electrode_s0.npz,75899,85127b06c8de3d908486a6a5d9c02073eaf0eaba8eb35395db4391ad5487c419
tcn,mixed,101,bandpass_n20001_cLL_V4_covariance_s20,phase2/results/predictions/full/mixed/tcn/seed_101/bandpass_n20001_cLL_V4_covariance_s20.npz,76386,864baac7c6160e13f951a281d9aa614807efea16c4514999f69f618414a8e951
tcn,mixed,101,bandpass_n20001_cLL_V4_covariance_s15,phase2/results/predictions/full/mixed/tcn/seed_101/bandpass_n20001_cLL_V4_covariance_s15.npz,76378,3cd9a8f9f304b216c92d653988d47df967c459768f86a495bd62cedeedf5e07a
tcn,mixed,101,bandpass_n20001_cLL_V4_covariance_s10,phase2/results/predictions/full/mixed/tcn/seed_101/bandpass_n20001_cLL_V4_covariance_s10.npz,76381,6a552e1212aaa02d645ec23568048ea32e2d4441701f58adb9206fbbf443209e
tcn,mixed,101,bandpass_n20001_cLL_V4_covariance_s5,phase2/results/predictions/full/mixed/tcn/seed_101/bandpass_n20001_cLL_V4_covariance_s5.npz,76235,2a3090ae2419f43a0b52a3ddee3189a4dd22e4b2421ad3ae492c95c4e9d9e999
tcn,mixed,101,bandpass_n20001_cLL_V4_covariance_s0,phase2/results/predictions/full/mixed/tcn/seed_101/bandpass_n20001_cLL_V4_covariance_s0.npz,75899,1bef9eb6a1ea7848c2671e7fabb324e514e345ceeb95d106dd3ae29adc6c89b9
tcn,mixed,101,bandpass_n20001_cRA_LA_V1_V6_independent_rms_s20,phase2/results/predictions/full/mixed/tcn/seed_101/bandpass_n20001_cRA_LA_V1_V6_independent_rms_s20.npz,76423,32843ab953b5a5a730f517861e0c759149f4d0a3e8f3b5cccd99736feb46a507
tcn,mixed,101,bandpass_n20001_cRA_LA_V1_V6_independent_rms_s15,phase2/results/predictions/full/mixed/tcn/seed_101/bandpass_n20001_cRA_LA_V1_V6_independent_rms_s15.npz,76376,469590529831d4a94821a16d982d9a23d68df482a9656e98a7987c5cb8bdcd30
tcn,mixed,101,bandpass_n20001_cRA_LA_V1_V6_independent_rms_s10,phase2/results/predictions/full/mixed/tcn/seed_101/bandpass_n20001_cRA_LA_V1_V6_independent_rms_s10.npz,76367,78780b56ff208c40273d4692196926924acaf938dba7cb2ef2f48347fcd87966
tcn,mixed,101,bandpass_n20001_cRA_LA_V1_V6_independent_rms_s5,phase2/results/predictions/full/mixed/tcn/seed_101/bandpass_n20001_cRA_LA_V1_V6_independent_rms_s5.npz,76310,541456dd96fe72b72b2f69c3c1c9c0219c3292f5313f449faec5c8dda0f7e3a5
tcn,mixed,101,bandpass_n20001_cRA_LA_V1_V6_independent_rms_s0,phase2/results/predictions/full/mixed/tcn/seed_101/bandpass_n20001_cRA_LA_V1_V6_independent_rms_s0.npz,76048,3ff0db5432dbc124a834ed97d6aa1b23b7e09bf35e7570d8b4414ebbd5638208
tcn,mixed,101,bandpass_n20001_cRA_LA_V1_V6_electrode_s20,phase2/results/predictions/full/mixed/tcn/seed_101/bandpass_n20001_cRA_LA_V1_V6_electrode_s20.npz,76402,8314c7193e5c1b8edea62ead2244529b0dca6cdb7101f225f32e4868cb93063b
tcn,mixed,101,bandpass_n20001_cRA_LA_V1_V6_electrode_s15,phase2/results/predictions/full/mixed/tcn/seed_101/bandpass_n20001_cRA_LA_V1_V6_electrode_s15.npz,76373,8e2a13331f54840f38331164b31cfbef628f15cbcc783d47e35f3d5f3a018c4e
tcn,mixed,101,bandpass_n20001_cRA_LA_V1_V6_electrode_s10,phase2/results/predictions/full/mixed/tcn/seed_101/bandpass_n20001_cRA_LA_V1_V6_electrode_s10.npz,76310,70cedfaebd38ff257daebeaffa59366f393d1cc935f846ef112a7e5df7632cf4
tcn,mixed,101,bandpass_n20001_cRA_LA_V1_V6_electrode_s5,phase2/results/predictions/full/mixed/tcn/seed_101/bandpass_n20001_cRA_LA_V1_V6_electrode_s5.npz,76173,09aade5a976cd03591841de46d6e33401b46394a1f1920549890c5e671315b58
tcn,mixed,101,bandpass_n20001_cRA_LA_V1_V6_electrode_s0,phase2/results/predictions/full/mixed/tcn/seed_101/bandpass_n20001_cRA_LA_V1_V6_electrode_s0.npz,75826,026ec7c779f4cf0663fef05f98777ee9708c506c3842bdeab33bef6735cd4721
tcn,mixed,101,bandpass_n20001_cRA_LA_V1_V6_covariance_s20,phase2/results/predictions/full/mixed/tcn/seed_101/bandpass_n20001_cRA_LA_V1_V6_covariance_s20.npz,76389,27f402e9182f06e13e4b28cb37e3eb411eecd73b131f724b19f7344ad611f213
tcn,mixed,101,bandpass_n20001_cRA_LA_V1_V6_covariance_s15,phase2/results/predictions/full/mixed/tcn/seed_101/bandpass_n20001_cRA_LA_V1_V6_covariance_s15.npz,76404,c24c026b218ba1b4b38013c997ad1dc5178ddd9be612ef566f7da4eb9a60bee6
tcn,mixed,101,bandpass_n20001_cRA_LA_V1_V6_covariance_s10,phase2/results/predictions/full/mixed/tcn/seed_101/bandpass_n20001_cRA_LA_V1_V6_covariance_s10.npz,76369,69fa4bb51f240e6ed23ce4abdc403991f3aecf26d2b48a43df447861b6c662a0
tcn,mixed,101,bandpass_n20001_cRA_LA_V1_V6_covariance_s5,phase2/results/predictions/full/mixed/tcn/seed_101/bandpass_n20001_cRA_LA_V1_V6_covariance_s5.npz,76167,1256555a6e18767ef4bffadf29a08991dab76dffab96c45541fa9372973b7717
tcn,mixed,101,bandpass_n20001_cRA_LA_V1_V6_covariance_s0,phase2/results/predictions/full/mixed/tcn/seed_101/bandpass_n20001_cRA_LA_V1_V6_covariance_s0.npz,75817,fc795d7d7f501852f231f95523f158851a4eef939b0bc51efd55e42b8a2a0462
tcn,mixed,101,bandpass_n20001_cRA_V2_V5_independent_rms_s20,phase2/results/predictions/full/mixed/tcn/seed_101/bandpass_n20001_cRA_V2_V5_independent_rms_s20.npz,76392,139143e098f2178a3ddddf8335fbfc708d8c05d6c0eebc49b663dd63c9b71285
tcn,mixed,101,bandpass_n20001_cRA_V2_V5_independent_rms_s15,phase2/results/predictions/full/mixed/tcn/seed_101/bandpass_n20001_cRA_V2_V5_independent_rms_s15.npz,76374,9bedcde4ce18d86d57a01266b0b6676487116a03f1d78b5359658c20360cc465
tcn,mixed,101,bandpass_n20001_cRA_V2_V5_independent_rms_s10,phase2/results/predictions/full/mixed/tcn/seed_101/bandpass_n20001_cRA_V2_V5_independent_rms_s10.npz,76368,aceb5f2e747d75d87870945ca7f58cad19adacff086b7117d7c8cadf58be3a87
tcn,mixed,101,bandpass_n20001_cRA_V2_V5_independent_rms_s5,phase2/results/predictions/full/mixed/tcn/seed_101/bandpass_n20001_cRA_V2_V5_independent_rms_s5.npz,76300,ac1b8edf2f084ac206daac4b6a33b98e409996d054cb231ba0d31d059f422cce
tcn,mixed,101,bandpass_n20001_cRA_V2_V5_independent_rms_s0,phase2/results/predictions/full/mixed/tcn/seed_101/bandpass_n20001_cRA_V2_V5_independent_rms_s0.npz,76062,d00323cf6e25dcc4770aeb1e6d6891071a149c8b664c47b481762ea0df1494c0
tcn,mixed,101,bandpass_n20001_cRA_V2_V5_electrode_s20,phase2/results/predictions/full/mixed/tcn/seed_101/bandpass_n20001_cRA_V2_V5_electrode_s20.npz,76348,add50e18811bbba225571f1837eda17660098b47b30d35f099c5a373b63eab95
tcn,mixed,101,bandpass_n20001_cRA_V2_V5_electrode_s15,phase2/results/predictions/full/mixed/tcn/seed_101/bandpass_n20001_cRA_V2_V5_electrode_s15.npz,76366,2ba20dd45a3c9609cde768c11f90868c4221c646aa2dc65235577d3329385b20
tcn,mixed,101,bandpass_n20001_cRA_V2_V5_electrode_s10,phase2/results/predictions/full/mixed/tcn/seed_101/bandpass_n20001_cRA_V2_V5_electrode_s10.npz,76334,bfdc4d78affd6fd54701a6d9d9d3d5a2e343ea28eb8f9c7e82a07281aaab4ea9
tcn,mixed,101,bandpass_n20001_cRA_V2_V5_electrode_s5,phase2/results/predictions/full/mixed/tcn/seed_101/bandpass_n20001_cRA_V2_V5_electrode_s5.npz,76160,e39bf9e642ad0899d0c16bec8e0194cb3a139ebf034f827cfdfb34e57dcd86d9
tcn,mixed,101,bandpass_n20001_cRA_V2_V5_electrode_s0,phase2/results/predictions/full/mixed/tcn/seed_101/bandpass_n20001_cRA_V2_V5_electrode_s0.npz,75846,160a9872573dfec0316086222ea34f9fb84d2141ab2affff8dd8c016a8152832
tcn,mixed,101,bandpass_n20001_cRA_V2_V5_covariance_s20,phase2/results/predictions/full/mixed/tcn/seed_101/bandpass_n20001_cRA_V2_V5_covariance_s20.npz,76387,41d3de65af72132f0c85d9e814be51706ea25f453b5f78f3954836dd4e55ee5f
tcn,mixed,101,bandpass_n20001_cRA_V2_V5_covariance_s15,phase2/results/predictions/full/mixed/tcn/seed_101/bandpass_n20001_cRA_V2_V5_covariance_s15.npz,76377,edf1fa4a0ca0bfb654f91a1688acce74d0e09643215b3b05bbd6a269e5bafaed
tcn,mixed,101,bandpass_n20001_cRA_V2_V5_covariance_s10,phase2/results/predictions/full/mixed/tcn/seed_101/bandpass_n20001_cRA_V2_V5_covariance_s10.npz,76341,8f35cb5ae137330d1a6661ddde5a98a8b3018cdbd34c18733b6648da6f7ca98c
tcn,mixed,101,bandpass_n20001_cRA_V2_V5_covariance_s5,phase2/results/predictions/full/mixed/tcn/seed_101/bandpass_n20001_cRA_V2_V5_covariance_s5.npz,76152,e5ada60028ae1d85a546863b7a581eeab6b0b4f535a7ff7fd20ebd24aa1acecb
tcn,mixed,101,bandpass_n20001_cRA_V2_V5_covariance_s0,phase2/results/predictions/full/mixed/tcn/seed_101/bandpass_n20001_cRA_V2_V5_covariance_s0.npz,75841,be4119b62df5ef877eb5014c08d1b1d3db3b62fc69a9ebd7441fe28b53d9b6a3
tcn,mixed,101,bandpass_n20001_cLA_V3_V6_independent_rms_s20,phase2/results/predictions/full/mixed/tcn/seed_101/bandpass_n20001_cLA_V3_V6_independent_rms_s20.npz,76419,07ed066851f7a325f3afa0ba3d845b3363d9b26609ef1c48724d05c6035517a9
tcn,mixed,101,bandpass_n20001_cLA_V3_V6_independent_rms_s15,phase2/results/predictions/full/mixed/tcn/seed_101/bandpass_n20001_cLA_V3_V6_independent_rms_s15.npz,76374,ed961ea4e840f51f0edd852178ff1ea7964aba2c835ca2a16028900430d3b9bb
tcn,mixed,101,bandpass_n20001_cLA_V3_V6_independent_rms_s10,phase2/results/predictions/full/mixed/tcn/seed_101/bandpass_n20001_cLA_V3_V6_independent_rms_s10.npz,76361,1b2bd62ee31d821f6ada815db60279d92b0ac7a9836f74eef6ec1e139329f9af
tcn,mixed,101,bandpass_n20001_cLA_V3_V6_independent_rms_s5,phase2/results/predictions/full/mixed/tcn/seed_101/bandpass_n20001_cLA_V3_V6_independent_rms_s5.npz,76291,e3ed00f247c9776c2e167f05eafbd8290402ced4b7e7db3f39fe382a975b9b6f
tcn,mixed,101,bandpass_n20001_cLA_V3_V6_independent_rms_s0,phase2/results/predictions/full/mixed/tcn/seed_101/bandpass_n20001_cLA_V3_V6_independent_rms_s0.npz,76024,ca72cae4dd21f06936ae3651c7f49f0c0069cc821463f0cc9f4ea2103dfa8046
tcn,mixed,101,bandpass_n20001_cLA_V3_V6_electrode_s20,phase2/results/predictions/full/mixed/tcn/seed_101/bandpass_n20001_cLA_V3_V6_electrode_s20.npz,76409,2f5ed00b007b5008eadb1eed9fa5b22965694121ad5b2786bf44f148a825bf97
tcn,mixed,101,bandpass_n20001_cLA_V3_V6_electrode_s15,phase2/results/predictions/full/mixed/tcn/seed_101/bandpass_n20001_cLA_V3_V6_electrode_s15.npz,76379,7c4c8998554ded556d602e14848c6eaf66cc2dd84e068e18886f3283adadf658
tcn,mixed,101,bandpass_n20001_cLA_V3_V6_electrode_s10,phase2/results/predictions/full/mixed/tcn/seed_101/bandpass_n20001_cLA_V3_V6_electrode_s10.npz,76323,2c020c4daefdc063ebc2a148b66183b23523a5d75b35aa48f76c15c2775cb03a
tcn,mixed,101,bandpass_n20001_cLA_V3_V6_electrode_s5,phase2/results/predictions/full/mixed/tcn/seed_101/bandpass_n20001_cLA_V3_V6_electrode_s5.npz,76208,ea7bf6847f6f5cc423c188323a7d9ff80eba5721c8d94aec6c001bedbd8f31c5
tcn,mixed,101,bandpass_n20001_cLA_V3_V6_electrode_s0,phase2/results/predictions/full/mixed/tcn/seed_101/bandpass_n20001_cLA_V3_V6_electrode_s0.npz,75860,849c76e145b6fbb133a7b9c6eaa6d8f5c1fcae87a6ff47d3f468e3b8214c97e6
tcn,mixed,101,bandpass_n20001_cLA_V3_V6_covariance_s20,phase2/results/predictions/full/mixed/tcn/seed_101/bandpass_n20001_cLA_V3_V6_covariance_s20.npz,76380,abf95c2115e9e0bf68746d6d105c41da141cf97e999290b6d59e598feea2d1b4
tcn,mixed,101,bandpass_n20001_cLA_V3_V6_covariance_s15,phase2/results/predictions/full/mixed/tcn/seed_101/bandpass_n20001_cLA_V3_V6_covariance_s15.npz,76342,29240b58c78faaa5544f550658bdf5c73305a89627557937e15a2423f62df448
tcn,mixed,101,bandpass_n20001_cLA_V3_V6_covariance_s10,phase2/results/predictions/full/mixed/tcn/seed_101/bandpass_n20001_cLA_V3_V6_covariance_s10.npz,76339,b0a8c3d4eb4dc275a462d60222c7deb3c25b8ce92b4342273dabea40af388ef6
tcn,mixed,101,bandpass_n20001_cLA_V3_V6_covariance_s5,phase2/results/predictions/full/mixed/tcn/seed_101/bandpass_n20001_cLA_V3_V6_covariance_s5.npz,76197,f5d83db1beddc2e71d02b196566b45dc833a0c1f1a74cdcb22fcf571ce3d6059
tcn,mixed,101,bandpass_n20001_cLA_V3_V6_covariance_s0,phase2/results/predictions/full/mixed/tcn/seed_101/bandpass_n20001_cLA_V3_V6_covariance_s0.npz,75863,8813a0d9d910db93c997669a774646e8c2ea90e7799bdb1d13215fa8f0b9a337
tcn,mixed,101,bandpass_n20001_cLL_V1_V4_independent_rms_s20,phase2/results/predictions/full/mixed/tcn/seed_101/bandpass_n20001_cLL_V1_V4_independent_rms_s20.npz,76395,e9f3f57c5be1033b1206ad9b47f02014117dd574a6f0cce981e3794917315b5b
tcn,mixed,101,bandpass_n20001_cLL_V1_V4_independent_rms_s15,phase2/results/predictions/full/mixed/tcn/seed_101/bandpass_n20001_cLL_V1_V4_independent_rms_s15.npz,76400,aeaed94afea4a0b7ab64394fbfec580aae9b32593aafee29e30d3aa14ca89d53
tcn,mixed,101,bandpass_n20001_cLL_V1_V4_independent_rms_s10,phase2/results/predictions/full/mixed/tcn/seed_101/bandpass_n20001_cLL_V1_V4_independent_rms_s10.npz,76368,21625245c755260305df23895e6e313f6335d4b9d696152f1c7331d7c3759d92
tcn,mixed,101,bandpass_n20001_cLL_V1_V4_independent_rms_s5,phase2/results/predictions/full/mixed/tcn/seed_101/bandpass_n20001_cLL_V1_V4_independent_rms_s5.npz,76278,79b991f24a15012b63d03f62c7bbe0a3dcaffdcb3a69054fe31b0dba8c5e6145
tcn,mixed,101,bandpass_n20001_cLL_V1_V4_independent_rms_s0,phase2/results/predictions/full/mixed/tcn/seed_101/bandpass_n20001_cLL_V1_V4_independent_rms_s0.npz,75986,a7949c1c5c342e535a5aa3f88649c832b6699093b9d3736760a2d339d3e44c59
tcn,mixed,101,bandpass_n20001_cLL_V1_V4_electrode_s20,phase2/results/predictions/full/mixed/tcn/seed_101/bandpass_n20001_cLL_V1_V4_electrode_s20.npz,76367,f798cb8359b92be8c9bd2031f39b0ce9d140d0a7b3ffd7a0b66f9a77391871f6
tcn,mixed,101,bandpass_n20001_cLL_V1_V4_electrode_s15,phase2/results/predictions/full/mixed/tcn/seed_101/bandpass_n20001_cLL_V1_V4_electrode_s15.npz,76390,f8c0272e649cfc826a6c980e7c906bbe79e513fd138d1c0310e8a9be807131e7
tcn,mixed,101,bandpass_n20001_cLL_V1_V4_electrode_s10,phase2/results/predictions/full/mixed/tcn/seed_101/bandpass_n20001_cLL_V1_V4_electrode_s10.npz,76353,d090d2ef2fa51bd26d97941f5430bac70ba623c9ffcdaa8d0e56ec827e511a4a
tcn,mixed,101,bandpass_n20001_cLL_V1_V4_electrode_s5,phase2/results/predictions/full/mixed/tcn/seed_101/bandpass_n20001_cLL_V1_V4_electrode_s5.npz,76220,0f1d9f256d996cc7f9094a5b344fff949b1c945ee81a8c28fc80952dc603053c
tcn,mixed,101,bandpass_n20001_cLL_V1_V4_electrode_s0,phase2/results/predictions/full/mixed/tcn/seed_101/bandpass_n20001_cLL_V1_V4_electrode_s0.npz,75908,35c5d4ca27eea48283175be1ca92a23976ba544c94608908736988cdceb9fe5a
tcn,mixed,101,bandpass_n20001_cLL_V1_V4_covariance_s20,phase2/results/predictions/full/mixed/tcn/seed_101/bandpass_n20001_cLL_V1_V4_covariance_s20.npz,76365,919d04551bb19896b3279093b35c401eed230733555e53d3d0b49a5a523ce6a9
tcn,mixed,101,bandpass_n20001_cLL_V1_V4_covariance_s15,phase2/results/predictions/full/mixed/tcn/seed_101/bandpass_n20001_cLL_V1_V4_covariance_s15.npz,76392,c59dc26b59e903fd88837d4f004522daa23459fa93c3033e7b474ec10b0aeb7a
tcn,mixed,101,bandpass_n20001_cLL_V1_V4_covariance_s10,phase2/results/predictions/full/mixed/tcn/seed_101/bandpass_n20001_cLL_V1_V4_covariance_s10.npz,76365,6063abb524476bc8831bf53627c0bd8611651bc29cb2cec036b7e2c6e9feb36a
tcn,mixed,101,bandpass_n20001_cLL_V1_V4_covariance_s5,phase2/results/predictions/full/mixed/tcn/seed_101/bandpass_n20001_cLL_V1_V4_covariance_s5.npz,76233,63b3d54963709b479a1a86dd732c2db4fc08c67c8181c763bb34abee9520e486
tcn,mixed,101,bandpass_n20001_cLL_V1_V4_covariance_s0,phase2/results/predictions/full/mixed/tcn/seed_101/bandpass_n20001_cLL_V1_V4_covariance_s0.npz,75890,c79e1b46affe9357a0d5c4d15bc3b14bdac22c1cdf1395524cc1fe30621bc58f
tcn,mixed,101,bandpass_n20001_call_independent_rms_s20,phase2/results/predictions/full/mixed/tcn/seed_101/bandpass_n20001_call_independent_rms_s20.npz,76380,fda6c6985c6b6b0cd6100f6a6396f81336aca6d90984f996a352a7d9992be8f7
tcn,mixed,101,bandpass_n20001_call_independent_rms_s15,phase2/results/predictions/full/mixed/tcn/seed_101/bandpass_n20001_call_independent_rms_s15.npz,76354,4e9627c1871c78bc6a5921449b96ce63ad9fdeb7bd0491198396eb32fe92529b
tcn,mixed,101,bandpass_n20001_call_independent_rms_s10,phase2/results/predictions/full/mixed/tcn/seed_101/bandpass_n20001_call_independent_rms_s10.npz,76356,61177493aa9f25cb7a9f5e54576e258f949209b5ae5ea56cffd01c390387277e
tcn,mixed,101,bandpass_n20001_call_independent_rms_s5,phase2/results/predictions/full/mixed/tcn/seed_101/bandpass_n20001_call_independent_rms_s5.npz,76232,07a29d51dcbe3b3d196dd719db2a3d55f13062cbbefa66ef9f52b7395d889b9e
tcn,mixed,101,bandpass_n20001_call_independent_rms_s0,phase2/results/predictions/full/mixed/tcn/seed_101/bandpass_n20001_call_independent_rms_s0.npz,75995,2cab80e56124744cef5608141e7c4254ac3b64b27b547cea9b6e45faadcacb43
tcn,mixed,101,bandpass_n20001_call_electrode_s20,phase2/results/predictions/full/mixed/tcn/seed_101/bandpass_n20001_call_electrode_s20.npz,76353,5895b623af7082c5b39ef87af8a34c91fbd89d10a8a14fc1882c5636bd74d560
tcn,mixed,101,bandpass_n20001_call_electrode_s15,phase2/results/predictions/full/mixed/tcn/seed_101/bandpass_n20001_call_electrode_s15.npz,76326,ffd24ac328fd03184a1789cf73709a3ab5e84eca044d6298ebda2d9ba5effbc8
tcn,mixed,101,bandpass_n20001_call_electrode_s10,phase2/results/predictions/full/mixed/tcn/seed_101/bandpass_n20001_call_electrode_s10.npz,76323,b916be86c1c1f6c32559fc098ac6944da73d3aaa725e5e5fb49ad70042738e18
tcn,mixed,101,bandpass_n20001_call_electrode_s5,phase2/results/predictions/full/mixed/tcn/seed_101/bandpass_n20001_call_electrode_s5.npz,76145,30e9fe3e152230d9d34aeae852c4a502e8ba73b02bad072856a7059c93cea0f7
tcn,mixed,101,bandpass_n20001_call_electrode_s0,phase2/results/predictions/full/mixed/tcn/seed_101/bandpass_n20001_call_electrode_s0.npz,75776,13228c18c0a6d7342c246cb2303c8b145fbb1d0896b8c05b812c57e7f2b905f1
tcn,mixed,101,bandpass_n20001_call_covariance_s20,phase2/results/predictions/full/mixed/tcn/seed_101/bandpass_n20001_call_covariance_s20.npz,76365,34d25a6bd251da74d0af5a45d43cf3769cf3bc3b25fba5a0da9029b7f6ec1f13
tcn,mixed,101,bandpass_n20001_call_covariance_s15,phase2/results/predictions/full/mixed/tcn/seed_101/bandpass_n20001_call_covariance_s15.npz,76346,366826afcbcb3e91839928d664e875941cbb9552a49d8af2feee97263da7f4e1
tcn,mixed,101,bandpass_n20001_call_covariance_s10,phase2/results/predictions/full/mixed/tcn/seed_101/bandpass_n20001_call_covariance_s10.npz,76304,5f7e40ed5de16463a8fd5920d146e80c0a3c610194e6dafd5dcd0280732b6cff
tcn,mixed,101,bandpass_n20001_call_covariance_s5,phase2/results/predictions/full/mixed/tcn/seed_101/bandpass_n20001_call_covariance_s5.npz,76154,89dff17bbc5b793964852a6811841969445e02060de0a503d88b96e319def227
tcn,mixed,101,bandpass_n20001_call_covariance_s0,phase2/results/predictions/full/mixed/tcn/seed_101/bandpass_n20001_call_covariance_s0.npz,75838,917aede6aba7f78dc44bb4bc35f21db7f4f0ac2bf20a3a498a0a0b7dbda6a30b
tcn,mixed,101,bandpass_n20002_cRA_LA_LL_independent_rms_s20,phase2/results/predictions/full/mixed/tcn/seed_101/bandpass_n20002_cRA_LA_LL_independent_rms_s20.npz,76396,735de58c3abe169f392be2966982a1ace2dfacef8af9202819a95837b6615f52
tcn,mixed,101,bandpass_n20002_cRA_LA_LL_independent_rms_s15,phase2/results/predictions/full/mixed/tcn/seed_101/bandpass_n20002_cRA_LA_LL_independent_rms_s15.npz,76412,8e339da5ffc06982d343d6e404a287e36e8fe22809b6c40bb329bb67e748fa40
tcn,mixed,101,bandpass_n20002_cRA_LA_LL_independent_rms_s10,phase2/results/predictions/full/mixed/tcn/seed_101/bandpass_n20002_cRA_LA_LL_independent_rms_s10.npz,76339,e41a26f8b25d4a7be65c5ab5f6ba484313eca3edd773c1af0f4d6d8a5c944d7e
tcn,mixed,101,bandpass_n20002_cRA_LA_LL_independent_rms_s5,phase2/results/predictions/full/mixed/tcn/seed_101/bandpass_n20002_cRA_LA_LL_independent_rms_s5.npz,76266,65cdc6dcef4a99cb3a8f583a6fa4530229450b228d93932fe5484ec1200426b8
tcn,mixed,101,bandpass_n20002_cRA_LA_LL_independent_rms_s0,phase2/results/predictions/full/mixed/tcn/seed_101/bandpass_n20002_cRA_LA_LL_independent_rms_s0.npz,75981,f7fe55d3202a4580e5fe603510cc3ac29cb482e76cdd170bc206c1297f2c11d0
tcn,mixed,101,bandpass_n20002_cRA_LA_LL_electrode_s20,phase2/results/predictions/full/mixed/tcn/seed_101/bandpass_n20002_cRA_LA_LL_electrode_s20.npz,76347,1021d9f3938f419f7060f65207512792014b183b7b30214985b5e682fdd1aec4
tcn,mixed,101,bandpass_n20002_cRA_LA_LL_electrode_s15,phase2/results/predictions/full/mixed/tcn/seed_101/bandpass_n20002_cRA_LA_LL_electrode_s15.npz,76354,4f5d84cc4fb32156a8d9a7f461d0670fa4e9369e4b07ea6a912209d1153e25b5
tcn,mixed,101,bandpass_n20002_cRA_LA_LL_electrode_s10,phase2/results/predictions/full/mixed/tcn/seed_101/bandpass_n20002_cRA_LA_LL_electrode_s10.npz,76303,800ef187b5216f0946d3ac9c6f1ae39e8f2fc762afb094eb5c662ca041e431cd
tcn,mixed,101,bandpass_n20002_cRA_LA_LL_electrode_s5,phase2/results/predictions/full/mixed/tcn/seed_101/bandpass_n20002_cRA_LA_LL_electrode_s5.npz,76155,0d2833f55daf93904a04779a5f2ea414a7dfc1c3ee8217c90de07df0401b7ae5
tcn,mixed,101,bandpass_n20002_cRA_LA_LL_electrode_s0,phase2/results/predictions/full/mixed/tcn/seed_101/bandpass_n20002_cRA_LA_LL_electrode_s0.npz,75794,0b81ca3f2e8a5e4d00cc4ee01028f14179febee5a368ae155b67242a699c007c
tcn,mixed,101,bandpass_n20002_cRA_LA_LL_covariance_s20,phase2/results/predictions/full/mixed/tcn/seed_101/bandpass_n20002_cRA_LA_LL_covariance_s20.npz,76403,6b1638ada9b9ff0f160e549f9985c2d811847d1b2ae37b739d3ebca08f5adf28
tcn,mixed,101,bandpass_n20002_cRA_LA_LL_covariance_s15,phase2/results/predictions/full/mixed/tcn/seed_101/bandpass_n20002_cRA_LA_LL_covariance_s15.npz,76383,4b0b349dff430dec7bd07d858416b5d5f4d7df2a9f8caaf8bf5668a943f70db7
tcn,mixed,101,bandpass_n20002_cRA_LA_LL_covariance_s10,phase2/results/predictions/full/mixed/tcn/seed_101/bandpass_n20002_cRA_LA_LL_covariance_s10.npz,76314,0ab7f98dd316c2976ea379cf3f52ff9579d66513ec64ba85d32decffe0e8c46f
tcn,mixed,101,bandpass_n20002_cRA_LA_LL_covariance_s5,phase2/results/predictions/full/mixed/tcn/seed_101/bandpass_n20002_cRA_LA_LL_covariance_s5.npz,76139,873c0819aedfa6cca5100b3e7aa7d7d772471b7a880c758d578acde2cade5a3e
tcn,mixed,101,bandpass_n20002_cRA_LA_LL_covariance_s0,phase2/results/predictions/full/mixed/tcn/seed_101/bandpass_n20002_cRA_LA_LL_covariance_s0.npz,75812,ed3ec1ce3052aa26fa7300cee093e90e0e44ca9dd0527d96fce4a202e1ecd30e
tcn,mixed,101,bandpass_n20002_cV1_independent_rms_s20,phase2/results/predictions/full/mixed/tcn/seed_101/bandpass_n20002_cV1_independent_rms_s20.npz,76349,474f94d174d4d5db860cf95ad7d5b5cbd3f3e2fb9f1bbfd9fd009733c0fcacc3
tcn,mixed,101,bandpass_n20002_cV1_independent_rms_s15,phase2/results/predictions/full/mixed/tcn/seed_101/bandpass_n20002_cV1_independent_rms_s15.npz,76345,1d65a72f44ae6f93a7da105530f68626ca97995fa3893eb636d6a8d3ecd3bbd9
tcn,mixed,101,bandpass_n20002_cV1_independent_rms_s10,phase2/results/predictions/full/mixed/tcn/seed_101/bandpass_n20002_cV1_independent_rms_s10.npz,76332,fe8d71041628916097a5fbb5109c663549568106a9f430a66f35bcbcf91fc3e1
tcn,mixed,101,bandpass_n20002_cV1_independent_rms_s5,phase2/results/predictions/full/mixed/tcn/seed_101/bandpass_n20002_cV1_independent_rms_s5.npz,76192,9105cf9935c0b04af0e02d7aa9e290fef89866d8f60422caec7ebfde884e4596
tcn,mixed,101,bandpass_n20002_cV1_independent_rms_s0,phase2/results/predictions/full/mixed/tcn/seed_101/bandpass_n20002_cV1_independent_rms_s0.npz,75845,40494de3053df77067a9c22164d5e8bf085c8efb8c0947ca43055577af42b683
tcn,mixed,101,bandpass_n20002_cV1_electrode_s20,phase2/results/predictions/full/mixed/tcn/seed_101/bandpass_n20002_cV1_electrode_s20.npz,76344,0fcadd569f4c8e8bc374cd638b3912496b1bb3ca3bfc2fc93165956a451181ef
tcn,mixed,101,bandpass_n20002_cV1_electrode_s15,phase2/results/predictions/full/mixed/tcn/seed_101/bandpass_n20002_cV1_electrode_s15.npz,76367,7945cb819f84a288af02aae902cff1d41f377db86c9b370bb95323253ef0b6ce
tcn,mixed,101,bandpass_n20002_cV1_electrode_s10,phase2/results/predictions/full/mixed/tcn/seed_101/bandpass_n20002_cV1_electrode_s10.npz,76337,36ffd2172e67e1f062711eddb2c5b22bbf9e7fff2147db0fae8aaaceaac26ab3
tcn,mixed,101,bandpass_n20002_cV1_electrode_s5,phase2/results/predictions/full/mixed/tcn/seed_101/bandpass_n20002_cV1_electrode_s5.npz,76161,c9071b13afe817c518b680d6c78104bb9843c052f607e4012c5b7cdca5edec84
tcn,mixed,101,bandpass_n20002_cV1_electrode_s0,phase2/results/predictions/full/mixed/tcn/seed_101/bandpass_n20002_cV1_electrode_s0.npz,75823,27ce96ca316a2c329d0f60b040ce579c6e38f8274ec93dd54b8425b6f2dc05c1
tcn,mixed,101,bandpass_n20002_cV1_covariance_s20,phase2/results/predictions/full/mixed/tcn/seed_101/bandpass_n20002_cV1_covariance_s20.npz,76359,4a58787e40ab7f90604474ab47022eb804172e21e330db9813f68113c80aea22
tcn,mixed,101,bandpass_n20002_cV1_covariance_s15,phase2/results/predictions/full/mixed/tcn/seed_101/bandpass_n20002_cV1_covariance_s15.npz,76382,ef1de616f01db6a3a33a908711d74c3bce92f5a8c10774a3efcb71c776aa932a
tcn,mixed,101,bandpass_n20002_cV1_covariance_s10,phase2/results/predictions/full/mixed/tcn/seed_101/bandpass_n20002_cV1_covariance_s10.npz,76344,6e0c7ce9361d2bb631a4b80be5ce3904b7d51bae67a3eb987be694b6c560a54a
tcn,mixed,101,bandpass_n20002_cV1_covariance_s5,phase2/results/predictions/full/mixed/tcn/seed_101/bandpass_n20002_cV1_covariance_s5.npz,76176,164a12bb8b8f6f2f92ad54657c81afd49dbc0e5f85927ce368eeae6dd8d5339c
tcn,mixed,101,bandpass_n20002_cV1_covariance_s0,phase2/results/predictions/full/mixed/tcn/seed_101/bandpass_n20002_cV1_covariance_s0.npz,75824,4b98432c91c96a055227daad72cdca28035231191323974b61be5a1b94e201a1
tcn,mixed,101,bandpass_n20002_cV2_independent_rms_s20,phase2/results/predictions/full/mixed/tcn/seed_101/bandpass_n20002_cV2_independent_rms_s20.npz,76370,06d2b5c5912967058a6db365a6e9a38c6678deacfcece52866c8e71693f5ce39
tcn,mixed,101,bandpass_n20002_cV2_independent_rms_s15,phase2/results/predictions/full/mixed/tcn/seed_101/bandpass_n20002_cV2_independent_rms_s15.npz,76350,e2cbf64d00208977a75c942cfd4e737b1255a351c08bef10199f3c5ce4099c9c
tcn,mixed,101,bandpass_n20002_cV2_independent_rms_s10,phase2/results/predictions/full/mixed/tcn/seed_101/bandpass_n20002_cV2_independent_rms_s10.npz,76311,79ac725d89228bff1331f70b8dfe0f00643329345d2ba4a7dfdd4932168f6a48
tcn,mixed,101,bandpass_n20002_cV2_independent_rms_s5,phase2/results/predictions/full/mixed/tcn/seed_101/bandpass_n20002_cV2_independent_rms_s5.npz,76249,36bca06782276f4cb6c40ab4da051f418dd1e08ed00971ebbee5d0662a136b63
tcn,mixed,101,bandpass_n20002_cV2_independent_rms_s0,phase2/results/predictions/full/mixed/tcn/seed_101/bandpass_n20002_cV2_independent_rms_s0.npz,76019,48b4139ef5583f59abc2f1cb896d25f6489857c1b03153a846018d7986069805
tcn,mixed,101,bandpass_n20002_cV2_electrode_s20,phase2/results/predictions/full/mixed/tcn/seed_101/bandpass_n20002_cV2_electrode_s20.npz,76364,234366ff00414ee9ff0be849fb267835da8e42c0a69e5283ea614c5282df6f01
tcn,mixed,101,bandpass_n20002_cV2_electrode_s15,phase2/results/predictions/full/mixed/tcn/seed_101/bandpass_n20002_cV2_electrode_s15.npz,76342,090f6da8276b95e5bc34219b99c59b531f27b233bf38a5b17c918aaa5638b4e0
tcn,mixed,101,bandpass_n20002_cV2_electrode_s10,phase2/results/predictions/full/mixed/tcn/seed_101/bandpass_n20002_cV2_electrode_s10.npz,76342,bea1c4bfacd18517d046cadfbe1dd22d6418921490b8cabbf4ef0d9a3ed08324
tcn,mixed,101,bandpass_n20002_cV2_electrode_s5,phase2/results/predictions/full/mixed/tcn/seed_101/bandpass_n20002_cV2_electrode_s5.npz,76209,5d2b7193b3d1dd37f1e0428b0df56ad01a222a039474831df66934d785aeb56e
tcn,mixed,101,bandpass_n20002_cV2_electrode_s0,phase2/results/predictions/full/mixed/tcn/seed_101/bandpass_n20002_cV2_electrode_s0.npz,75998,69d50bcb9f08adb5ff335afe77df5680d0befb32f48e0627f86b5b69603c3d01
tcn,mixed,101,bandpass_n20002_cV2_covariance_s20,phase2/results/predictions/full/mixed/tcn/seed_101/bandpass_n20002_cV2_covariance_s20.npz,76368,99b6a657bb80400f35668ae4a87d73583a4b2dc42e8b35a817374dec7199d19c
tcn,mixed,101,bandpass_n20002_cV2_covariance_s15,phase2/results/predictions/full/mixed/tcn/seed_101/bandpass_n20002_cV2_covariance_s15.npz,76356,a06563568959483341a31c7550a4d4c80a12acfc18888d1b14ad1d84aab916a9
tcn,mixed,101,bandpass_n20002_cV2_covariance_s10,phase2/results/predictions/full/mixed/tcn/seed_101/bandpass_n20002_cV2_covariance_s10.npz,76341,d3629fb5a3bd63e402f00826db2c1a9dbd6fa8b67cc58d17f6c4bb8c8b97e2cc
tcn,mixed,101,bandpass_n20002_cV2_covariance_s5,phase2/results/predictions/full/mixed/tcn/seed_101/bandpass_n20002_cV2_covariance_s5.npz,76247,96082f7bb74aee60d8755bc574c5827eda8b960a0f8aecd493de52bbdb41584c
tcn,mixed,101,bandpass_n20002_cV2_covariance_s0,phase2/results/predictions/full/mixed/tcn/seed_101/bandpass_n20002_cV2_covariance_s0.npz,75991,170da97e32708f0ee7cbd3895548a7f68dc69fd6b9e0b04050549abab7aef8c8
tcn,mixed,101,bandpass_n20002_cV3_independent_rms_s20,phase2/results/predictions/full/mixed/tcn/seed_101/bandpass_n20002_cV3_independent_rms_s20.npz,76390,e0afcdb8eb666398f6f79903dfbcca1ec653e21140964f167924fb74c5417d39
tcn,mixed,101,bandpass_n20002_cV3_independent_rms_s15,phase2/results/predictions/full/mixed/tcn/seed_101/bandpass_n20002_cV3_independent_rms_s15.npz,76341,c58eaa84f251d3fbf3f1abcd237e08ef4cdebbeb8c65da1718ba65ba6ca789f1
tcn,mixed,101,bandpass_n20002_cV3_independent_rms_s10,phase2/results/predictions/full/mixed/tcn/seed_101/bandpass_n20002_cV3_independent_rms_s10.npz,76325,214a8aad6209b3e3eca7cd72d7d7ef34a7df0a8cda86a4a08975f9b4831e3ef8
tcn,mixed,101,bandpass_n20002_cV3_independent_rms_s5,phase2/results/predictions/full/mixed/tcn/seed_101/bandpass_n20002_cV3_independent_rms_s5.npz,76296,73addf3136a70d7b9a81bbbbe0e304bd1e0d59dc53703d3c6a9264a49c101f8f
tcn,mixed,101,bandpass_n20002_cV3_independent_rms_s0,phase2/results/predictions/full/mixed/tcn/seed_101/bandpass_n20002_cV3_independent_rms_s0.npz,76067,3a579bcba3dadf0cabda7e5eaa00c9509424e49a4a0b4769f6787afa01b2421d
tcn,mixed,101,bandpass_n20002_cV3_electrode_s20,phase2/results/predictions/full/mixed/tcn/seed_101/bandpass_n20002_cV3_electrode_s20.npz,76377,a356392133520c4d0581631e790c3085071d89fdfdce04e316ee3663741b3adc
tcn,mixed,101,bandpass_n20002_cV3_electrode_s15,phase2/results/predictions/full/mixed/tcn/seed_101/bandpass_n20002_cV3_electrode_s15.npz,76341,96dbfe0155de6fe838134157b98bda6bbd8f524cfc86736832ec2349fe4fdae0
tcn,mixed,101,bandpass_n20002_cV3_electrode_s10,phase2/results/predictions/full/mixed/tcn/seed_101/bandpass_n20002_cV3_electrode_s10.npz,76321,2ef83c48d04bc1406f835f9f8e24326ced5db69262dc2d4921290f193991a219
tcn,mixed,101,bandpass_n20002_cV3_electrode_s5,phase2/results/predictions/full/mixed/tcn/seed_101/bandpass_n20002_cV3_electrode_s5.npz,76261,fdbb1b0889a8c28d55306ed831ecf2d309d12314fb040633ab94d418d5bdffb4
tcn,mixed,101,bandpass_n20002_cV3_electrode_s0,phase2/results/predictions/full/mixed/tcn/seed_101/bandpass_n20002_cV3_electrode_s0.npz,76069,2fd7ad883f422e27239f7991f5b94bc8fdb378d2baae90ea5f4ab0843f70de2d
tcn,mixed,101,bandpass_n20002_cV3_covariance_s20,phase2/results/predictions/full/mixed/tcn/seed_101/bandpass_n20002_cV3_covariance_s20.npz,76351,1b8b3940042c7f770ddf40f23ba8126cbf97cf7621623b726c336bdc740c271d
tcn,mixed,101,bandpass_n20002_cV3_covariance_s15,phase2/results/predictions/full/mixed/tcn/seed_101/bandpass_n20002_cV3_covariance_s15.npz,76375,6c5471f29820c83fa749030acfbc1292c22ba73002918b0779811f65853fd7d2
tcn,mixed,101,bandpass_n20002_cV3_covariance_s10,phase2/results/predictions/full/mixed/tcn/seed_101/bandpass_n20002_cV3_covariance_s10.npz,76354,491c1c5b508615e1afb3b20a2fd8f3a22f54b498b91f7e0a408bf3ca18fef684
tcn,mixed,101,bandpass_n20002_cV3_covariance_s5,phase2/results/predictions/full/mixed/tcn/seed_101/bandpass_n20002_cV3_covariance_s5.npz,76284,6584f8e826ba6fe55fe9a06ec168e312640ab317fb469da7d635d620f5ae1fe4
tcn,mixed,101,bandpass_n20002_cV3_covariance_s0,phase2/results/predictions/full/mixed/tcn/seed_101/bandpass_n20002_cV3_covariance_s0.npz,76001,1625ccd12d3cf3cd32bc7fd2e839f07280b5260d5f3f2c1f5c95ce2aea544f50
tcn,mixed,101,bandpass_n20002_cV4_independent_rms_s20,phase2/results/predictions/full/mixed/tcn/seed_101/bandpass_n20002_cV4_independent_rms_s20.npz,76380,4216ac1ecf702682ddfd43bb32d68c356c0966d4e2c558d4d35c5e8073f6176c
tcn,mixed,101,bandpass_n20002_cV4_independent_rms_s15,phase2/results/predictions/full/mixed/tcn/seed_101/bandpass_n20002_cV4_independent_rms_s15.npz,76365,c4b90d487c6fc3bfe0395b66fae105928ac58d3612ecdc20e4e42b0e056b48b1
tcn,mixed,101,bandpass_n20002_cV4_independent_rms_s10,phase2/results/predictions/full/mixed/tcn/seed_101/bandpass_n20002_cV4_independent_rms_s10.npz,76360,5f14379eda060046cf86cd81bde44d8d2a27e027e5de73ac7668055d7da28cb1
tcn,mixed,101,bandpass_n20002_cV4_independent_rms_s5,phase2/results/predictions/full/mixed/tcn/seed_101/bandpass_n20002_cV4_independent_rms_s5.npz,76322,0d041a609b3081b7c8b59ab30b00479e755141b6c5586973f3e0f91e0b5a8587
tcn,mixed,101,bandpass_n20002_cV4_independent_rms_s0,phase2/results/predictions/full/mixed/tcn/seed_101/bandpass_n20002_cV4_independent_rms_s0.npz,76118,7931b611b9fdfeebb461fb1d8c14bfceab0c723f99e73a98347d6414c94ef9c9
tcn,mixed,101,bandpass_n20002_cV4_electrode_s20,phase2/results/predictions/full/mixed/tcn/seed_101/bandpass_n20002_cV4_electrode_s20.npz,76371,ec471f4783ea94037d042b1335143a6f0d498adff90378efdbffc26db84d12f2
tcn,mixed,101,bandpass_n20002_cV4_electrode_s15,phase2/results/predictions/full/mixed/tcn/seed_101/bandpass_n20002_cV4_electrode_s15.npz,76393,c2e19a383e85b7748c3b0f6abe949e350716204a7f916984884e7e1943b7ff06
tcn,mixed,101,bandpass_n20002_cV4_electrode_s10,phase2/results/predictions/full/mixed/tcn/seed_101/bandpass_n20002_cV4_electrode_s10.npz,76329,9fd25ead8f242aa03b89aada37008185e7a350b395df06b87925076b85e269d3
tcn,mixed,101,bandpass_n20002_cV4_electrode_s5,phase2/results/predictions/full/mixed/tcn/seed_101/bandpass_n20002_cV4_electrode_s5.npz,76300,0b49116d74c447c2f387ada8929f2e9b8366769fd2c23fcec9fba1b704eac772
tcn,mixed,101,bandpass_n20002_cV4_electrode_s0,phase2/results/predictions/full/mixed/tcn/seed_101/bandpass_n20002_cV4_electrode_s0.npz,76077,e9bce717e3bf7850a503b99a0a2b5940825eed2d0f6355a54309b32b1e031bd8
tcn,mixed,101,bandpass_n20002_cV4_covariance_s20,phase2/results/predictions/full/mixed/tcn/seed_101/bandpass_n20002_cV4_covariance_s20.npz,76354,beb2ab6f7fc1f08822dc144a6df81899628e50d0ee3721fa38c4476b4bd5f74b
tcn,mixed,101,bandpass_n20002_cV4_covariance_s15,phase2/results/predictions/full/mixed/tcn/seed_101/bandpass_n20002_cV4_covariance_s15.npz,76376,97c6ab85de629852267d5809fbc7690d51ccac86109d69babc645c3d7d65056b
tcn,mixed,101,bandpass_n20002_cV4_covariance_s10,phase2/results/predictions/full/mixed/tcn/seed_101/bandpass_n20002_cV4_covariance_s10.npz,76343,76a15fee6c059aa38adf967a7e86d63543d5abe1a86145e594e8c8592cf82952
tcn,mixed,101,bandpass_n20002_cV4_covariance_s5,phase2/results/predictions/full/mixed/tcn/seed_101/bandpass_n20002_cV4_covariance_s5.npz,76311,7d0aefa7f54c0b3fda5ff6598567dc1ba45d95be4bd0e54b71b05bdd26b0212b
tcn,mixed,101,bandpass_n20002_cV4_covariance_s0,phase2/results/predictions/full/mixed/tcn/seed_101/bandpass_n20002_cV4_covariance_s0.npz,76093,1d6db6e2e73516cb74368bfb2a1fc0b4c9aba7e4fe575e5b81f0b2e2f2d1fe23
tcn,mixed,101,bandpass_n20002_cV5_independent_rms_s20,phase2/results/predictions/full/mixed/tcn/seed_101/bandpass_n20002_cV5_independent_rms_s20.npz,76349,3e59d5b25c30f38a561ac9f478edb6cece4466fd20b093b05bc6992984e9da2b
tcn,mixed,101,bandpass_n20002_cV5_independent_rms_s15,phase2/results/predictions/full/mixed/tcn/seed_101/bandpass_n20002_cV5_independent_rms_s15.npz,76362,10bd5f8c66bc7a4eda0af60f26749bf35837cab6f005924153aec4d30863e371
tcn,mixed,101,bandpass_n20002_cV5_independent_rms_s10,phase2/results/predictions/full/mixed/tcn/seed_101/bandpass_n20002_cV5_independent_rms_s10.npz,76349,f660128ba76e9ecd4d965e30732acc2ea21a693da4ed68a2d733e15bc17d204e
tcn,mixed,101,bandpass_n20002_cV5_independent_rms_s5,phase2/results/predictions/full/mixed/tcn/seed_101/bandpass_n20002_cV5_independent_rms_s5.npz,76297,110519fccda45178e5e01ee05a8096d5ec8175ec84e620129e691a7377ffe80c
tcn,mixed,101,bandpass_n20002_cV5_independent_rms_s0,phase2/results/predictions/full/mixed/tcn/seed_101/bandpass_n20002_cV5_independent_rms_s0.npz,76029,d9307f89c89819a0375bf53a85a8e551afd74453862d4d57a0c3fc7329768808
tcn,mixed,101,bandpass_n20002_cV5_electrode_s20,phase2/results/predictions/full/mixed/tcn/seed_101/bandpass_n20002_cV5_electrode_s20.npz,76354,6f3e28277b6b2dbb81dc255c234fb72833998a637704c0e6e9008a8f1d04ad72
tcn,mixed,101,bandpass_n20002_cV5_electrode_s15,phase2/results/predictions/full/mixed/tcn/seed_101/bandpass_n20002_cV5_electrode_s15.npz,76350,7a4515271a6090c57b1b335668d99d6b287355c25d32fcf12908fb808803a3cc
tcn,mixed,101,bandpass_n20002_cV5_electrode_s10,phase2/results/predictions/full/mixed/tcn/seed_101/bandpass_n20002_cV5_electrode_s10.npz,76326,4b6e4440d79db5718c4a51fea0eb9206ea9cd3388b6f77cba0441fd4a6f924ba
tcn,mixed,101,bandpass_n20002_cV5_electrode_s5,phase2/results/predictions/full/mixed/tcn/seed_101/bandpass_n20002_cV5_electrode_s5.npz,76295,840d5e228262dec9f3eefb0997f4008a8661a4e32210cff89bbf1fd17644368f
tcn,mixed,101,bandpass_n20002_cV5_electrode_s0,phase2/results/predictions/full/mixed/tcn/seed_101/bandpass_n20002_cV5_electrode_s0.npz,76004,8be9f88df242bd43f2490936714206b25db9884372a5e98d119e7e393af8535e
tcn,mixed,101,bandpass_n20002_cV5_covariance_s20,phase2/results/predictions/full/mixed/tcn/seed_101/bandpass_n20002_cV5_covariance_s20.npz,76408,db81bc34ba4cb63134314237cf1e232ca1789e52f68f071020023c7efe03589d
tcn,mixed,101,bandpass_n20002_cV5_covariance_s15,phase2/results/predictions/full/mixed/tcn/seed_101/bandpass_n20002_cV5_covariance_s15.npz,76357,681f0ef084a2cc07b9354c41bc81f275088e4ec4e04014da59a9c1e67d280ab3
tcn,mixed,101,bandpass_n20002_cV5_covariance_s10,phase2/results/predictions/full/mixed/tcn/seed_101/bandpass_n20002_cV5_covariance_s10.npz,76338,c2d7dc1a9d9d30a0286739d47786700bbcea55010950d6cf9e3359baf912599d
tcn,mixed,101,bandpass_n20002_cV5_covariance_s5,phase2/results/predictions/full/mixed/tcn/seed_101/bandpass_n20002_cV5_covariance_s5.npz,76294,9e22f9094aeeec771de0008a7cc0eb4e65047d5f474b1ee6cd67aba70979d52c
tcn,mixed,101,bandpass_n20002_cV5_covariance_s0,phase2/results/predictions/full/mixed/tcn/seed_101/bandpass_n20002_cV5_covariance_s0.npz,76041,4d7b00b8d25d1d75585d99d483b121c0d4ea2d890d4434cc8c1447d228e46682
tcn,mixed,101,bandpass_n20002_cV6_independent_rms_s20,phase2/results/predictions/full/mixed/tcn/seed_101/bandpass_n20002_cV6_independent_rms_s20.npz,76382,160bd5e04d6a3aa34ca804fa971f5828151e23542ceb4f9cae8750f9bfb62e9b
tcn,mixed,101,bandpass_n20002_cV6_independent_rms_s15,phase2/results/predictions/full/mixed/tcn/seed_101/bandpass_n20002_cV6_independent_rms_s15.npz,76367,50ad06f8f5b65583d46a3b375d40561005c518aeaa7a246bd02f8fd8e9b13207
tcn,mixed,101,bandpass_n20002_cV6_independent_rms_s10,phase2/results/predictions/full/mixed/tcn/seed_101/bandpass_n20002_cV6_independent_rms_s10.npz,76366,a7e47d9b676d1e18dc408beb4e82636e27c617fad66a0c64fd9a5edd7b8705a2
tcn,mixed,101,bandpass_n20002_cV6_independent_rms_s5,phase2/results/predictions/full/mixed/tcn/seed_101/bandpass_n20002_cV6_independent_rms_s5.npz,76317,e95f409703a0629be8f9a690319a6602c2a176b215fd14f5498a67577d2289eb
tcn,mixed,101,bandpass_n20002_cV6_independent_rms_s0,phase2/results/predictions/full/mixed/tcn/seed_101/bandpass_n20002_cV6_independent_rms_s0.npz,76083,aa4abf6ee78422d646ce4c740a8635330acd77238495aaab5558380c2a0ccb13
tcn,mixed,101,bandpass_n20002_cV6_electrode_s20,phase2/results/predictions/full/mixed/tcn/seed_101/bandpass_n20002_cV6_electrode_s20.npz,76337,e599e3c87ef11ea20ed94ffcff768852ce54dbdd25cd3d3b7cdfc6b0ddbff7ce
tcn,mixed,101,bandpass_n20002_cV6_electrode_s15,phase2/results/predictions/full/mixed/tcn/seed_101/bandpass_n20002_cV6_electrode_s15.npz,76360,e7d6e42decdd454032d4ded7c7363c9c0ce5e172553972e061399db278da92af
tcn,mixed,101,bandpass_n20002_cV6_electrode_s10,phase2/results/predictions/full/mixed/tcn/seed_101/bandpass_n20002_cV6_electrode_s10.npz,76319,5d8301140c015e81848a799d550d84d8a9df42f6802448ef6bfbe00cf8be0e70
tcn,mixed,101,bandpass_n20002_cV6_electrode_s5,phase2/results/predictions/full/mixed/tcn/seed_101/bandpass_n20002_cV6_electrode_s5.npz,76261,7e4bb440ddef4215c74545f95ddda5cb1986814801d74afbf2fd376bc044e843
tcn,mixed,101,bandpass_n20002_cV6_electrode_s0,phase2/results/predictions/full/mixed/tcn/seed_101/bandpass_n20002_cV6_electrode_s0.npz,76062,59cf9e411f509807ac93af02fb7d765d7ba83e952a315b00e50544cf435ba139
tcn,mixed,101,bandpass_n20002_cV6_covariance_s20,phase2/results/predictions/full/mixed/tcn/seed_101/bandpass_n20002_cV6_covariance_s20.npz,76358,8ae644a309c4a802e2367f4843b590a8f2cab0b6cb31f305507b0bf50d23c935
tcn,mixed,101,bandpass_n20002_cV6_covariance_s15,phase2/results/predictions/full/mixed/tcn/seed_101/bandpass_n20002_cV6_covariance_s15.npz,76358,266d48331f970183db5d63c1da68645d2ff82fd9ff5b7c61e98a9715bac3e8a9
tcn,mixed,101,bandpass_n20002_cV6_covariance_s10,phase2/results/predictions/full/mixed/tcn/seed_101/bandpass_n20002_cV6_covariance_s10.npz,76343,2c0f1bc6a010c177fdc1535b3ef07a7fc7a27783288958a53da80bd5f8ef4296
tcn,mixed,101,bandpass_n20002_cV6_covariance_s5,phase2/results/predictions/full/mixed/tcn/seed_101/bandpass_n20002_cV6_covariance_s5.npz,76286,16eb099f9038d0b568ca3e063f29af5a1b25d7af5a220c9cde92f5bd4079c914
tcn,mixed,101,bandpass_n20002_cV6_covariance_s0,phase2/results/predictions/full/mixed/tcn/seed_101/bandpass_n20002_cV6_covariance_s0.npz,76073,e183e0ca0eae8338d6131b0779bfdbbab09961f80ef38aa6e495dd35b7434d6f
tcn,mixed,101,bandpass_n20002_cRA_LA_independent_rms_s20,phase2/results/predictions/full/mixed/tcn/seed_101/bandpass_n20002_cRA_LA_independent_rms_s20.npz,76387,ac58f0062eb5296049f5627300b4589cbb4e8b5ca2f67b5361693c0517762aaf
tcn,mixed,101,bandpass_n20002_cRA_LA_independent_rms_s15,phase2/results/predictions/full/mixed/tcn/seed_101/bandpass_n20002_cRA_LA_independent_rms_s15.npz,76368,638521589b6947e64d71f28d43feb1bf197f4a1d3bb13aeacabb4c31ba6247d6
tcn,mixed,101,bandpass_n20002_cRA_LA_independent_rms_s10,phase2/results/predictions/full/mixed/tcn/seed_101/bandpass_n20002_cRA_LA_independent_rms_s10.npz,76369,805f11c7c42827b86e1d5cc526e94af7fe1e37765a08d7e2bdb9e9939f3a4cac
tcn,mixed,101,bandpass_n20002_cRA_LA_independent_rms_s5,phase2/results/predictions/full/mixed/tcn/seed_101/bandpass_n20002_cRA_LA_independent_rms_s5.npz,76273,33515b024f2f72bcc395d4b3d0d32f3add7a08bd2355643cb51a6a160bd3303b
tcn,mixed,101,bandpass_n20002_cRA_LA_independent_rms_s0,phase2/results/predictions/full/mixed/tcn/seed_101/bandpass_n20002_cRA_LA_independent_rms_s0.npz,76049,e8ef464f07b60a4847bbc617f649ad2bdc399c73d190c4361d1f32da0b3050e6
tcn,mixed,101,bandpass_n20002_cRA_LA_electrode_s20,phase2/results/predictions/full/mixed/tcn/seed_101/bandpass_n20002_cRA_LA_electrode_s20.npz,76365,6836cc1176dbb258ddbecf3b9b02d3e5a29bb2b522ec435a4fd4b077b37ba371
tcn,mixed,101,bandpass_n20002_cRA_LA_electrode_s15,phase2/results/predictions/full/mixed/tcn/seed_101/bandpass_n20002_cRA_LA_electrode_s15.npz,76355,ee8664b8ec274c7013ad0bb5bb23319c625ff71c2c4f901800e0925357d2aea8
tcn,mixed,101,bandpass_n20002_cRA_LA_electrode_s10,phase2/results/predictions/full/mixed/tcn/seed_101/bandpass_n20002_cRA_LA_electrode_s10.npz,76315,a50596ea20bafe768c396558dc97a5ef21159d4fec37f42505c2800be6cee804
tcn,mixed,101,bandpass_n20002_cRA_LA_electrode_s5,phase2/results/predictions/full/mixed/tcn/seed_101/bandpass_n20002_cRA_LA_electrode_s5.npz,76151,674ffd946c06fc6f55065a60d2bbf37b6d68d7848f1e38f19210452c351ec23c
tcn,mixed,101,bandpass_n20002_cRA_LA_electrode_s0,phase2/results/predictions/full/mixed/tcn/seed_101/bandpass_n20002_cRA_LA_electrode_s0.npz,75780,9fb802f833a64753bdc2e5dce1f1fa0a8128a805b518e5788943c6f293678c0d
tcn,mixed,101,bandpass_n20002_cRA_LA_covariance_s20,phase2/results/predictions/full/mixed/tcn/seed_101/bandpass_n20002_cRA_LA_covariance_s20.npz,76357,28e35659608c47973527ebb6427c7d63ac2c6af1d009a6e3d465a2e8bdda2b1b
tcn,mixed,101,bandpass_n20002_cRA_LA_covariance_s15,phase2/results/predictions/full/mixed/tcn/seed_101/bandpass_n20002_cRA_LA_covariance_s15.npz,76343,b26873475844b9730fb91d688c68e4121c369bbbfd46bf6a1ac1a651071e5ab7
tcn,mixed,101,bandpass_n20002_cRA_LA_covariance_s10,phase2/results/predictions/full/mixed/tcn/seed_101/bandpass_n20002_cRA_LA_covariance_s10.npz,76288,dbd5667afc4cd729a968ae1775ea63d0b54d5f967c09d5585e3a01db07052ed6
tcn,mixed,101,bandpass_n20002_cRA_LA_covariance_s5,phase2/results/predictions/full/mixed/tcn/seed_101/bandpass_n20002_cRA_LA_covariance_s5.npz,76104,931479a55eb4b526f5d09e396102120b102c97d8c538dddee052d1a00adb792d
tcn,mixed,101,bandpass_n20002_cRA_LA_covariance_s0,phase2/results/predictions/full/mixed/tcn/seed_101/bandpass_n20002_cRA_LA_covariance_s0.npz,75815,24583143636dadbe986ce50e4f68d6c536ec035749947534e46ebd0d90a4c537
tcn,mixed,101,bandpass_n20002_cLA_LL_independent_rms_s20,phase2/results/predictions/full/mixed/tcn/seed_101/bandpass_n20002_cLA_LL_independent_rms_s20.npz,76374,f5d4ac2d26c8e6b204592ac746c31888b8100dd9e089292aa33792c702e320cf
tcn,mixed,101,bandpass_n20002_cLA_LL_independent_rms_s15,phase2/results/predictions/full/mixed/tcn/seed_101/bandpass_n20002_cLA_LL_independent_rms_s15.npz,76371,1ba4643a75542812e9911e8e94bda91abb045b18ff69ff12bfdef3cf6f78d149
tcn,mixed,101,bandpass_n20002_cLA_LL_independent_rms_s10,phase2/results/predictions/full/mixed/tcn/seed_101/bandpass_n20002_cLA_LL_independent_rms_s10.npz,76316,237bca19b8caf043ed86ff5d6c37151aa3532c916ea032b7228076f08c7cf5d2
tcn,mixed,101,bandpass_n20002_cLA_LL_independent_rms_s5,phase2/results/predictions/full/mixed/tcn/seed_101/bandpass_n20002_cLA_LL_independent_rms_s5.npz,76257,108b8ce92385b1ad99ff886c30593fc57d9cd0d3c6785bf69e206a4bea16fcf0
tcn,mixed,101,bandpass_n20002_cLA_LL_independent_rms_s0,phase2/results/predictions/full/mixed/tcn/seed_101/bandpass_n20002_cLA_LL_independent_rms_s0.npz,76002,9ccbecda32c70e8336aad7944f00a34e5ba30b48a8eef080e2f0927d74b4ce1d
tcn,mixed,101,bandpass_n20002_cLA_LL_electrode_s20,phase2/results/predictions/full/mixed/tcn/seed_101/bandpass_n20002_cLA_LL_electrode_s20.npz,76364,6ebe54544efdb2947c465a82ad5fd2d80780da3ef0b35298243048b48fe303ed
tcn,mixed,101,bandpass_n20002_cLA_LL_electrode_s15,phase2/results/predictions/full/mixed/tcn/seed_101/bandpass_n20002_cLA_LL_electrode_s15.npz,76375,ec7daa4c853cf20e25b3232285d4c20de18773b5c1575869d64d9f8aa1c8940c
tcn,mixed,101,bandpass_n20002_cLA_LL_electrode_s10,phase2/results/predictions/full/mixed/tcn/seed_101/bandpass_n20002_cLA_LL_electrode_s10.npz,76331,3ae0faaa42225125273845e20cb25673417f3b93f7d8619ca06d2e7c11e02297
tcn,mixed,101,bandpass_n20002_cLA_LL_electrode_s5,phase2/results/predictions/full/mixed/tcn/seed_101/bandpass_n20002_cLA_LL_electrode_s5.npz,76192,4f2fec0d5360c11fd95b4e186339a9a4e525e8255d80ffb53974a2d8c9ebbe45
tcn,mixed,101,bandpass_n20002_cLA_LL_electrode_s0,phase2/results/predictions/full/mixed/tcn/seed_101/bandpass_n20002_cLA_LL_electrode_s0.npz,75817,9f197ee4df0fe1d384840a86bd0adf937de0f76efb5cbfa8af01bcdb8f1a05f7
tcn,mixed,101,bandpass_n20002_cLA_LL_covariance_s20,phase2/results/predictions/full/mixed/tcn/seed_101/bandpass_n20002_cLA_LL_covariance_s20.npz,76381,48ffd5e4fc149d29ce90c95d6acf18de9532c65de2b6c99bd66b759016825170
tcn,mixed,101,bandpass_n20002_cLA_LL_covariance_s15,phase2/results/predictions/full/mixed/tcn/seed_101/bandpass_n20002_cLA_LL_covariance_s15.npz,76361,814daf34949f787c81449e30eb1a444813ec9ec1111a0671b726bbf2c9d6ac57
tcn,mixed,101,bandpass_n20002_cLA_LL_covariance_s10,phase2/results/predictions/full/mixed/tcn/seed_101/bandpass_n20002_cLA_LL_covariance_s10.npz,76351,69f40afb7926a21cc1d7ccfb037df2d57c5640d7967bd5a4f3ecea9f428c929f
tcn,mixed,101,bandpass_n20002_cLA_LL_covariance_s5,phase2/results/predictions/full/mixed/tcn/seed_101/bandpass_n20002_cLA_LL_covariance_s5.npz,76177,ac9e4dddbe13a6feec1ebf3769f4f53d75de3e8831ed02363b1fb7db0c6e311a
tcn,mixed,101,bandpass_n20002_cLA_LL_covariance_s0,phase2/results/predictions/full/mixed/tcn/seed_101/bandpass_n20002_cLA_LL_covariance_s0.npz,75813,c84026356257899b6a1d639476777a0b349954483c456b2e9abe1a576026e6fa
tcn,mixed,101,bandpass_n20002_cRA_LL_independent_rms_s20,phase2/results/predictions/full/mixed/tcn/seed_101/bandpass_n20002_cRA_LL_independent_rms_s20.npz,76377,8a17f1f763a3093f3aca82bac8917a1fc622f0aa2251d3e89e98308cbb1506f4
tcn,mixed,101,bandpass_n20002_cRA_LL_independent_rms_s15,phase2/results/predictions/full/mixed/tcn/seed_101/bandpass_n20002_cRA_LL_independent_rms_s15.npz,76397,ebdcc6149955ba9d2e2f87bb879334e2b9b2b97a0f452bae47cd7df27233dc20
tcn,mixed,101,bandpass_n20002_cRA_LL_independent_rms_s10,phase2/results/predictions/full/mixed/tcn/seed_101/bandpass_n20002_cRA_LL_independent_rms_s10.npz,76312,3e0d9833653660ccd98d6ac07ec2c41f947165dce568daaa37a132c9ad71e9c5
tcn,mixed,101,bandpass_n20002_cRA_LL_independent_rms_s5,phase2/results/predictions/full/mixed/tcn/seed_101/bandpass_n20002_cRA_LL_independent_rms_s5.npz,76288,a1d84b1289887c5dc8642d8bc2a899b457a2f03c04ba1a5c99926e351ec025db
tcn,mixed,101,bandpass_n20002_cRA_LL_independent_rms_s0,phase2/results/predictions/full/mixed/tcn/seed_101/bandpass_n20002_cRA_LL_independent_rms_s0.npz,75978,3cbd308567590dd36c5533477f4f5b095348ba7edd73492c5ad3dc480aec67d9
tcn,mixed,101,bandpass_n20002_cRA_LL_electrode_s20,phase2/results/predictions/full/mixed/tcn/seed_101/bandpass_n20002_cRA_LL_electrode_s20.npz,76347,748d63c8738a9e724a99d96f38fd756dfe5670d8e5442d194b5e2d8b03a2df8c
tcn,mixed,101,bandpass_n20002_cRA_LL_electrode_s15,phase2/results/predictions/full/mixed/tcn/seed_101/bandpass_n20002_cRA_LL_electrode_s15.npz,76344,57617987ae713ec39a93883a9ab4fcb81cefbe52ef13cad90537750396651874
tcn,mixed,101,bandpass_n20002_cRA_LL_electrode_s10,phase2/results/predictions/full/mixed/tcn/seed_101/bandpass_n20002_cRA_LL_electrode_s10.npz,76336,a178995e2f75eea419f48f42636dfd4934355628eb1009651a8cec619f078cf8
tcn,mixed,101,bandpass_n20002_cRA_LL_electrode_s5,phase2/results/predictions/full/mixed/tcn/seed_101/bandpass_n20002_cRA_LL_electrode_s5.npz,76174,0d4d66f19a36af7f2e206fb395e4f106ab4d1455e434607cd2e0f5fa1ebc8f35
tcn,mixed,101,bandpass_n20002_cRA_LL_electrode_s0,phase2/results/predictions/full/mixed/tcn/seed_101/bandpass_n20002_cRA_LL_electrode_s0.npz,75780,a60e332075fbfdb01a5a72be6c7c645f8c45d92db83db7e579d2219a70517275
tcn,mixed,101,bandpass_n20002_cRA_LL_covariance_s20,phase2/results/predictions/full/mixed/tcn/seed_101/bandpass_n20002_cRA_LL_covariance_s20.npz,76336,569d800e9bc84d6fd7c1429770e2007891fa2639ff9f138ca8938f6ca1dd41bd
tcn,mixed,101,bandpass_n20002_cRA_LL_covariance_s15,phase2/results/predictions/full/mixed/tcn/seed_101/bandpass_n20002_cRA_LL_covariance_s15.npz,76341,8a10674fd86ca7bfeb5a80c4a557e1191c4640735f51852b7ae774adaf414694
tcn,mixed,101,bandpass_n20002_cRA_LL_covariance_s10,phase2/results/predictions/full/mixed/tcn/seed_101/bandpass_n20002_cRA_LL_covariance_s10.npz,76297,0a47c4a12c14f61ddae862fbee0932cba2f6aae5560f1af9e5c1be40a6e744e9
tcn,mixed,101,bandpass_n20002_cRA_LL_covariance_s5,phase2/results/predictions/full/mixed/tcn/seed_101/bandpass_n20002_cRA_LL_covariance_s5.npz,76131,cd708cc79aac0c3028641f9486837de47c6476102373094770245711821b5d3b
tcn,mixed,101,bandpass_n20002_cRA_LL_covariance_s0,phase2/results/predictions/full/mixed/tcn/seed_101/bandpass_n20002_cRA_LL_covariance_s0.npz,75806,226b25515b9178e9cea86d3802983d4c127275eefbfab3828b493e8b306a1e8a
tcn,mixed,101,bandpass_n20002_cRA_independent_rms_s20,phase2/results/predictions/full/mixed/tcn/seed_101/bandpass_n20002_cRA_independent_rms_s20.npz,76388,2eb9606815617f6d313ad99ef7d70ba34e7776f72a10e5bf5a65cbb09b7286da
tcn,mixed,101,bandpass_n20002_cRA_independent_rms_s15,phase2/results/predictions/full/mixed/tcn/seed_101/bandpass_n20002_cRA_independent_rms_s15.npz,76387,0a0b10800d2ea3c3d7bb427dad0390627fec3033472387b7ff9980ccc7ae3955
tcn,mixed,101,bandpass_n20002_cRA_independent_rms_s10,phase2/results/predictions/full/mixed/tcn/seed_101/bandpass_n20002_cRA_independent_rms_s10.npz,76383,f904c8662d2873975b2d626b8d10efda8e62abf6be5d3f39cef961a76b047408
tcn,mixed,101,bandpass_n20002_cRA_independent_rms_s5,phase2/results/predictions/full/mixed/tcn/seed_101/bandpass_n20002_cRA_independent_rms_s5.npz,76279,0d52944f6e8640e804a67b8af0caa8f4d80eb1f784ca5601ec75beb4621f887d
tcn,mixed,101,bandpass_n20002_cRA_independent_rms_s0,phase2/results/predictions/full/mixed/tcn/seed_101/bandpass_n20002_cRA_independent_rms_s0.npz,76076,38844836ee7723c9f3824f6c7bfe6e788aa56b01b6597c8405b2b2232b49c0d6
tcn,mixed,101,bandpass_n20002_cRA_electrode_s20,phase2/results/predictions/full/mixed/tcn/seed_101/bandpass_n20002_cRA_electrode_s20.npz,76360,a553c2acded2213fc6f5c6f8a5c748e795aae36012781fd418aae19e72732870
tcn,mixed,101,bandpass_n20002_cRA_electrode_s15,phase2/results/predictions/full/mixed/tcn/seed_101/bandpass_n20002_cRA_electrode_s15.npz,76326,e2b32d941e68492ec4d94683c0d84667941c73e49525352e74e03886ae969c13
tcn,mixed,101,bandpass_n20002_cRA_electrode_s10,phase2/results/predictions/full/mixed/tcn/seed_101/bandpass_n20002_cRA_electrode_s10.npz,76250,efd192a738f43a2a796d07a0e0ff796ee41a9fb23d4a43356d0dcd278ff96b94
tcn,mixed,101,bandpass_n20002_cRA_electrode_s5,phase2/results/predictions/full/mixed/tcn/seed_101/bandpass_n20002_cRA_electrode_s5.npz,76114,dc41ef6343087a3c52e2b7015c555d7fe85d485dd2c5ce3eac5a665dad321243
tcn,mixed,101,bandpass_n20002_cRA_electrode_s0,phase2/results/predictions/full/mixed/tcn/seed_101/bandpass_n20002_cRA_electrode_s0.npz,75843,ae82ff87fee874cbed6c78eb891b8273f8760ee9338b6881b3b2ab37d9343f17
tcn,mixed,101,bandpass_n20002_cRA_covariance_s20,phase2/results/predictions/full/mixed/tcn/seed_101/bandpass_n20002_cRA_covariance_s20.npz,76346,be9385158bd18fb535bf17eab773c3f006929f1ff05d07984177d88942e99c84
tcn,mixed,101,bandpass_n20002_cRA_covariance_s15,phase2/results/predictions/full/mixed/tcn/seed_101/bandpass_n20002_cRA_covariance_s15.npz,76314,6de81b3e07303f7bae5a2dc69c91ff2b21643a2633de7fd74f1fbd1bd3a5c002
tcn,mixed,101,bandpass_n20002_cRA_covariance_s10,phase2/results/predictions/full/mixed/tcn/seed_101/bandpass_n20002_cRA_covariance_s10.npz,76293,363434e213d5a43fb56c19a15939db64756348e58240c99e015b8ddfc730b096
tcn,mixed,101,bandpass_n20002_cRA_covariance_s5,phase2/results/predictions/full/mixed/tcn/seed_101/bandpass_n20002_cRA_covariance_s5.npz,76118,e7fbe7cfbb7d2f141c7dfc847a24ef00a973bff569f3f2517a6d4159aa485bf4
tcn,mixed,101,bandpass_n20002_cRA_covariance_s0,phase2/results/predictions/full/mixed/tcn/seed_101/bandpass_n20002_cRA_covariance_s0.npz,75848,15864a1b239a94f74576123862364ed0bc5d4fb171e8e2e113b0a903583c0696
tcn,mixed,101,bandpass_n20002_cLA_independent_rms_s20,phase2/results/predictions/full/mixed/tcn/seed_101/bandpass_n20002_cLA_independent_rms_s20.npz,76410,6feb218ae5a9762104aeea2ce5bfbc3434c3afa1f2670c2fb934351d92e746d4
tcn,mixed,101,bandpass_n20002_cLA_independent_rms_s15,phase2/results/predictions/full/mixed/tcn/seed_101/bandpass_n20002_cLA_independent_rms_s15.npz,76393,84195cabcc7c4d1b05df2ae52d9241afff3b4e556c32bca02d891c23af3b37e3
tcn,mixed,101,bandpass_n20002_cLA_independent_rms_s10,phase2/results/predictions/full/mixed/tcn/seed_101/bandpass_n20002_cLA_independent_rms_s10.npz,76348,b5fc1443846597d36b879f98e3f897db099dfffbdfb6eaf345c254c91e5cd1d4
tcn,mixed,101,bandpass_n20002_cLA_independent_rms_s5,phase2/results/predictions/full/mixed/tcn/seed_101/bandpass_n20002_cLA_independent_rms_s5.npz,76306,c70629acf6ce5c0793d7a316491efa1a0b6ab1d0d2ca116322be1783f8da5a65
tcn,mixed,101,bandpass_n20002_cLA_independent_rms_s0,phase2/results/predictions/full/mixed/tcn/seed_101/bandpass_n20002_cLA_independent_rms_s0.npz,76012,14021119b4fe129aa25cf9f6a1ef7a1f73727bf3df2f438408acb1bb1f0caf3d
tcn,mixed,101,bandpass_n20002_cLA_electrode_s20,phase2/results/predictions/full/mixed/tcn/seed_101/bandpass_n20002_cLA_electrode_s20.npz,76367,e6bd36b5704559f53d27b99d6cedce33a33f63f1b40f911022e3c6249fd1a92b
tcn,mixed,101,bandpass_n20002_cLA_electrode_s15,phase2/results/predictions/full/mixed/tcn/seed_101/bandpass_n20002_cLA_electrode_s15.npz,76351,b8e2e8073d2b36a49aa569b2aa94c4a4ab59da0e25d8479f7b2330650808a967
tcn,mixed,101,bandpass_n20002_cLA_electrode_s10,phase2/results/predictions/full/mixed/tcn/seed_101/bandpass_n20002_cLA_electrode_s10.npz,76326,fcecb34c2168a4e2d426437fc1fb8b125ee6acc186cfa881ebe1034e5c5a0b49
tcn,mixed,101,bandpass_n20002_cLA_electrode_s5,phase2/results/predictions/full/mixed/tcn/seed_101/bandpass_n20002_cLA_electrode_s5.npz,76155,b2eb47fb43f8bfece2f271a3812a3b5972cb636ed042ef60e67eff26533dc31f
tcn,mixed,101,bandpass_n20002_cLA_electrode_s0,phase2/results/predictions/full/mixed/tcn/seed_101/bandpass_n20002_cLA_electrode_s0.npz,75773,a0599c132052f7ba922510f505fea169bb3600d1cf0f25c602f05b6701b1fbb6
tcn,mixed,101,bandpass_n20002_cLA_covariance_s20,phase2/results/predictions/full/mixed/tcn/seed_101/bandpass_n20002_cLA_covariance_s20.npz,76329,a5b3a6051652be6d5903e8d8628032a04f3e0dc43fcf72e8a833bbac5ff626b8
tcn,mixed,101,bandpass_n20002_cLA_covariance_s15,phase2/results/predictions/full/mixed/tcn/seed_101/bandpass_n20002_cLA_covariance_s15.npz,76385,a99cc09ab8d51aa8525cf29cba184a9cb9ca30cce70171d0fc65a60882165585
tcn,mixed,101,bandpass_n20002_cLA_covariance_s10,phase2/results/predictions/full/mixed/tcn/seed_101/bandpass_n20002_cLA_covariance_s10.npz,76346,3f76ff825fe264f556e50309dd36b57d6563c043d2929e44932edc96e903b02a
tcn,mixed,101,bandpass_n20002_cLA_covariance_s5,phase2/results/predictions/full/mixed/tcn/seed_101/bandpass_n20002_cLA_covariance_s5.npz,76176,5f6d3d95ae59a0fa2759932aa97dd5df7eca11a254b299027a99fec9d3d7a358
tcn,mixed,101,bandpass_n20002_cLA_covariance_s0,phase2/results/predictions/full/mixed/tcn/seed_101/bandpass_n20002_cLA_covariance_s0.npz,75784,540f729b34d244f806c1d1bc26f76cf58e3e59c0714572f048dbc94980f5a70d
tcn,mixed,101,bandpass_n20002_cLL_independent_rms_s20,phase2/results/predictions/full/mixed/tcn/seed_101/bandpass_n20002_cLL_independent_rms_s20.npz,76366,2d39ba651845155a2c36bdd20477930d34c962b9252d3bd95dc6fbaffb528b09
tcn,mixed,101,bandpass_n20002_cLL_independent_rms_s15,phase2/results/predictions/full/mixed/tcn/seed_101/bandpass_n20002_cLL_independent_rms_s15.npz,76366,96300fe47c182973a380689a4bbbdccd2f505d4789970f2efd0ee14d39b6b4cf
tcn,mixed,101,bandpass_n20002_cLL_independent_rms_s10,phase2/results/predictions/full/mixed/tcn/seed_101/bandpass_n20002_cLL_independent_rms_s10.npz,76315,afb7969dcc4ad70225b42dbe258f885ff2436e3164d60a728c51b59bf61d355b
tcn,mixed,101,bandpass_n20002_cLL_independent_rms_s5,phase2/results/predictions/full/mixed/tcn/seed_101/bandpass_n20002_cLL_independent_rms_s5.npz,76213,5a8ff0e8de1ebc1648bed0d4da07a432989cc5383ba3434b17b4a4cdf6b5c367
tcn,mixed,101,bandpass_n20002_cLL_independent_rms_s0,phase2/results/predictions/full/mixed/tcn/seed_101/bandpass_n20002_cLL_independent_rms_s0.npz,75965,4bf0cb5c7976c6afeff3e267814fa16a8aa6a3c3997bb095e3d1a1094e1a3c58
tcn,mixed,101,bandpass_n20002_cLL_electrode_s20,phase2/results/predictions/full/mixed/tcn/seed_101/bandpass_n20002_cLL_electrode_s20.npz,76374,a71d01d5e399f999d32252b1d1170078142cff489d7f8db6204306404b962c82
tcn,mixed,101,bandpass_n20002_cLL_electrode_s15,phase2/results/predictions/full/mixed/tcn/seed_101/bandpass_n20002_cLL_electrode_s15.npz,76350,9acd25be34ac769f7449e1edbad2559497ec2558e387a4d7be803460c8798303
tcn,mixed,101,bandpass_n20002_cLL_electrode_s10,phase2/results/predictions/full/mixed/tcn/seed_101/bandpass_n20002_cLL_electrode_s10.npz,76345,e048602bcaef896255a3cadabe3a02358b69d545fcb688c82371231162c8b527
tcn,mixed,101,bandpass_n20002_cLL_electrode_s5,phase2/results/predictions/full/mixed/tcn/seed_101/bandpass_n20002_cLL_electrode_s5.npz,76162,e92c7b63085c007987b1605d871fd7eefcd68939f12f3649054ae935ce61d8fe
tcn,mixed,101,bandpass_n20002_cLL_electrode_s0,phase2/results/predictions/full/mixed/tcn/seed_101/bandpass_n20002_cLL_electrode_s0.npz,75835,363702f81be3e1ea3463fdbf22e71e78eeb6f29b876c304b65f5aea839df085b
tcn,mixed,101,bandpass_n20002_cLL_covariance_s20,phase2/results/predictions/full/mixed/tcn/seed_101/bandpass_n20002_cLL_covariance_s20.npz,76333,48d1feb21d9133c0fc63d671e5d4c1994f2a0b129c2e2a7a46154fb21981b62a
tcn,mixed,101,bandpass_n20002_cLL_covariance_s15,phase2/results/predictions/full/mixed/tcn/seed_101/bandpass_n20002_cLL_covariance_s15.npz,76373,70d9e63197e9c516467776e8562d94a62b65d6572193497d9d3a723091ca9920
tcn,mixed,101,bandpass_n20002_cLL_covariance_s10,phase2/results/predictions/full/mixed/tcn/seed_101/bandpass_n20002_cLL_covariance_s10.npz,76345,0a1347bddc3deb4f751aa98208576edc885c6e60811ce545d641ba549b30eb78
tcn,mixed,101,bandpass_n20002_cLL_covariance_s5,phase2/results/predictions/full/mixed/tcn/seed_101/bandpass_n20002_cLL_covariance_s5.npz,76174,24d34491b100e2dcdbc025485fc51c99b0c220942939bcd59a778357b8156e1e
tcn,mixed,101,bandpass_n20002_cLL_covariance_s0,phase2/results/predictions/full/mixed/tcn/seed_101/bandpass_n20002_cLL_covariance_s0.npz,75856,572cf0bdbb0b2c2fcdf07e0ad1698a287a0695a869ee310c199d87b49e7c9847
tcn,mixed,101,bandpass_n20002_cRA_V1_independent_rms_s20,phase2/results/predictions/full/mixed/tcn/seed_101/bandpass_n20002_cRA_V1_independent_rms_s20.npz,76400,7a615aadebb0a996e7cbd862e6166270c5686378c2afee435cf36cace01ac85a
tcn,mixed,101,bandpass_n20002_cRA_V1_independent_rms_s15,phase2/results/predictions/full/mixed/tcn/seed_101/bandpass_n20002_cRA_V1_independent_rms_s15.npz,76384,04ff1f38d8fc6d283b1595311fa16fe9a15680104c568c922016e7db92873cfb
tcn,mixed,101,bandpass_n20002_cRA_V1_independent_rms_s10,phase2/results/predictions/full/mixed/tcn/seed_101/bandpass_n20002_cRA_V1_independent_rms_s10.npz,76387,9870e2f8c4a4432358631d34c413bc11bdd120508470c0a2464271b3cb23226a
tcn,mixed,101,bandpass_n20002_cRA_V1_independent_rms_s5,phase2/results/predictions/full/mixed/tcn/seed_101/bandpass_n20002_cRA_V1_independent_rms_s5.npz,76274,603a7e2e85aa29a31b117e22ad184ad4a24229a16968a57c1e365fa91923a9e1
tcn,mixed,101,bandpass_n20002_cRA_V1_independent_rms_s0,phase2/results/predictions/full/mixed/tcn/seed_101/bandpass_n20002_cRA_V1_independent_rms_s0.npz,76019,522747872b1006b72ec311e496d30678e0452c006b0c776ecc2505a8816cf617
tcn,mixed,101,bandpass_n20002_cRA_V1_electrode_s20,phase2/results/predictions/full/mixed/tcn/seed_101/bandpass_n20002_cRA_V1_electrode_s20.npz,76383,b195955891b7d42749f7c1fa49b0f5a68ecbdf45fbf9d2f6ff546b070e8a5566
tcn,mixed,101,bandpass_n20002_cRA_V1_electrode_s15,phase2/results/predictions/full/mixed/tcn/seed_101/bandpass_n20002_cRA_V1_electrode_s15.npz,76349,237f0c54a0ecbe8b4fe1383b2d3ca1aaaa850a5da9c0496e19549e798e0f6d4e
tcn,mixed,101,bandpass_n20002_cRA_V1_electrode_s10,phase2/results/predictions/full/mixed/tcn/seed_101/bandpass_n20002_cRA_V1_electrode_s10.npz,76314,41a9a78ad62076206779e33b05341959527ea060b8f77903f6e1698b2061cfb7
tcn,mixed,101,bandpass_n20002_cRA_V1_electrode_s5,phase2/results/predictions/full/mixed/tcn/seed_101/bandpass_n20002_cRA_V1_electrode_s5.npz,76119,fe944e17bc62c5b8a3ac4510b0c4cbe8015a655282e9e53789d90de63cf46835
tcn,mixed,101,bandpass_n20002_cRA_V1_electrode_s0,phase2/results/predictions/full/mixed/tcn/seed_101/bandpass_n20002_cRA_V1_electrode_s0.npz,75810,eabf0ad8832d407ab5614d2aa107d4702a9ea2514c7b99d6d61e73e8839f6500
tcn,mixed,101,bandpass_n20002_cRA_V1_covariance_s20,phase2/results/predictions/full/mixed/tcn/seed_101/bandpass_n20002_cRA_V1_covariance_s20.npz,76365,b18dcd0c804b0a0b4f254482b4ffccfab62937a322764a58242882bc6e166310
tcn,mixed,101,bandpass_n20002_cRA_V1_covariance_s15,phase2/results/predictions/full/mixed/tcn/seed_101/bandpass_n20002_cRA_V1_covariance_s15.npz,76357,e18a2576efba4e8d03e24db72ce60c4087660b1eac8711786dd2df1d6e36f2b2
tcn,mixed,101,bandpass_n20002_cRA_V1_covariance_s10,phase2/results/predictions/full/mixed/tcn/seed_101/bandpass_n20002_cRA_V1_covariance_s10.npz,76323,6b17d5b0eb1984fc38c8e615341bfb428304d7f191f650a17a997af08098dd5c
tcn,mixed,101,bandpass_n20002_cRA_V1_covariance_s5,phase2/results/predictions/full/mixed/tcn/seed_101/bandpass_n20002_cRA_V1_covariance_s5.npz,76137,c192a51a1baea9015b0e97e5a1b3bdcf99f5e7499c4c67e0b4b156cdd0acc10a
tcn,mixed,101,bandpass_n20002_cRA_V1_covariance_s0,phase2/results/predictions/full/mixed/tcn/seed_101/bandpass_n20002_cRA_V1_covariance_s0.npz,75803,d92da2c34f0c7b4fd2dc223a041a47d07dc8ffc58cd560982e0d9f6a4d9358ea
tcn,mixed,101,bandpass_n20002_cLA_V6_independent_rms_s20,phase2/results/predictions/full/mixed/tcn/seed_101/bandpass_n20002_cLA_V6_independent_rms_s20.npz,76383,9123b34f1c67ef1e4655495b571cfdbd9ffbc2e7da42d80798596539860847d2
tcn,mixed,101,bandpass_n20002_cLA_V6_independent_rms_s15,phase2/results/predictions/full/mixed/tcn/seed_101/bandpass_n20002_cLA_V6_independent_rms_s15.npz,76383,c23bef1990687e52cd797b11aacaa98a522372ab8b0cdf04012ae9ecd3f0d39f
tcn,mixed,101,bandpass_n20002_cLA_V6_independent_rms_s10,phase2/results/predictions/full/mixed/tcn/seed_101/bandpass_n20002_cLA_V6_independent_rms_s10.npz,76369,c45f21a53ab3831eece07ff7de75a62f743f792a4b539e778d7f043e4a2fcff3
tcn,mixed,101,bandpass_n20002_cLA_V6_independent_rms_s5,phase2/results/predictions/full/mixed/tcn/seed_101/bandpass_n20002_cLA_V6_independent_rms_s5.npz,76280,ed8ee1c2decf3980473bbbac6f1feec48bfdcdfbcb844dea7c686816f863f8a7
tcn,mixed,101,bandpass_n20002_cLA_V6_independent_rms_s0,phase2/results/predictions/full/mixed/tcn/seed_101/bandpass_n20002_cLA_V6_independent_rms_s0.npz,76010,4c4aa6b84a517208bb4edf7a6bf45a1abb1ea16ee0f5fba7e2e6924bda9a0734
tcn,mixed,101,bandpass_n20002_cLA_V6_electrode_s20,phase2/results/predictions/full/mixed/tcn/seed_101/bandpass_n20002_cLA_V6_electrode_s20.npz,76390,20a3754623eea996a3ac41d83088772d6136b4a628d0a96dbcbdd5557112043e
tcn,mixed,101,bandpass_n20002_cLA_V6_electrode_s15,phase2/results/predictions/full/mixed/tcn/seed_101/bandpass_n20002_cLA_V6_electrode_s15.npz,76383,c7a135b66b9d7af1321e13f2cb52b470bdab979c11c544238e4bb12850c4fddf
tcn,mixed,101,bandpass_n20002_cLA_V6_electrode_s10,phase2/results/predictions/full/mixed/tcn/seed_101/bandpass_n20002_cLA_V6_electrode_s10.npz,76301,369f1cc79d3a4490094d6dc036b2d93d9f29e4e7fee72b3414f8746031f63777
tcn,mixed,101,bandpass_n20002_cLA_V6_electrode_s5,phase2/results/predictions/full/mixed/tcn/seed_101/bandpass_n20002_cLA_V6_electrode_s5.npz,76184,133aef182098b0d5fb117c673ecd2b1ae7dd736f8f132d5a8d400f6bb9f9d873
tcn,mixed,101,bandpass_n20002_cLA_V6_electrode_s0,phase2/results/predictions/full/mixed/tcn/seed_101/bandpass_n20002_cLA_V6_electrode_s0.npz,75831,6c3e376d7626c039c3ce6df6487a5d385feaf690fadad0255e4bdb9fe4f5b990
tcn,mixed,101,bandpass_n20002_cLA_V6_covariance_s20,phase2/results/predictions/full/mixed/tcn/seed_101/bandpass_n20002_cLA_V6_covariance_s20.npz,76370,d3e05cd51d0ced96c0a12050d11263de6d55a3b70e448295e827b3a7da8b711b
tcn,mixed,101,bandpass_n20002_cLA_V6_covariance_s15,phase2/results/predictions/full/mixed/tcn/seed_101/bandpass_n20002_cLA_V6_covariance_s15.npz,76383,fc79afcfe7a38ab17d3e98fe0835982f1cf7dd622fda6df3decfa7d19d913837
tcn,mixed,101,bandpass_n20002_cLA_V6_covariance_s10,phase2/results/predictions/full/mixed/tcn/seed_101/bandpass_n20002_cLA_V6_covariance_s10.npz,76354,dbe18da477b0e5e414ca172c5006cc9bfb39d70f738541a2fb81a49ecfacffe1
tcn,mixed,101,bandpass_n20002_cLA_V6_covariance_s5,phase2/results/predictions/full/mixed/tcn/seed_101/bandpass_n20002_cLA_V6_covariance_s5.npz,76188,3bfa79271d482684250aa56a063d17eba1515739afbe5d8d90e499726ddc178e
tcn,mixed,101,bandpass_n20002_cLA_V6_covariance_s0,phase2/results/predictions/full/mixed/tcn/seed_101/bandpass_n20002_cLA_V6_covariance_s0.npz,75868,42308ff1c2ab65cc84f637ebfc3bf03c1342d09f2020a4af85e0ef111f13e8f3
tcn,mixed,101,bandpass_n20002_cLL_V4_independent_rms_s20,phase2/results/predictions/full/mixed/tcn/seed_101/bandpass_n20002_cLL_V4_independent_rms_s20.npz,76410,447741c1e9184659033254d16dcbf3408a9caa99c6ba2afadba1152473134698
tcn,mixed,101,bandpass_n20002_cLL_V4_independent_rms_s15,phase2/results/predictions/full/mixed/tcn/seed_101/bandpass_n20002_cLL_V4_independent_rms_s15.npz,76347,78b77594413218f0054b1dd91f3e0fbd9241ca600baa301d78b41661e5ab52b7
tcn,mixed,101,bandpass_n20002_cLL_V4_independent_rms_s10,phase2/results/predictions/full/mixed/tcn/seed_101/bandpass_n20002_cLL_V4_independent_rms_s10.npz,76352,d3e742aa0b1a72063ef8a51d90ac36aba95856636c6e100ccebc8796dc76c3f9
tcn,mixed,101,bandpass_n20002_cLL_V4_independent_rms_s5,phase2/results/predictions/full/mixed/tcn/seed_101/bandpass_n20002_cLL_V4_independent_rms_s5.npz,76250,ec915496d5c3c15089e1d0805aa5f9325a8e329d0355b50bea6c82d8ede3b15a
tcn,mixed,101,bandpass_n20002_cLL_V4_independent_rms_s0,phase2/results/predictions/full/mixed/tcn/seed_101/bandpass_n20002_cLL_V4_independent_rms_s0.npz,76010,960eecc610608e2a4d330d9d1669ab430759c0255c30d4a7a25f7d656193af79
tcn,mixed,101,bandpass_n20002_cLL_V4_electrode_s20,phase2/results/predictions/full/mixed/tcn/seed_101/bandpass_n20002_cLL_V4_electrode_s20.npz,76357,6b99d1c51897deff69ca24351c14248d42873cb369d0f6d948c482d6648cd700
tcn,mixed,101,bandpass_n20002_cLL_V4_electrode_s15,phase2/results/predictions/full/mixed/tcn/seed_101/bandpass_n20002_cLL_V4_electrode_s15.npz,76359,7279b0a958c5eec8f4bc236dbc31b5047e4159e124ea994c5872b64e88c5d103
tcn,mixed,101,bandpass_n20002_cLL_V4_electrode_s10,phase2/results/predictions/full/mixed/tcn/seed_101/bandpass_n20002_cLL_V4_electrode_s10.npz,76322,0809a8cc28e47cc3dd58cd14b250c80e8b66ff4636f87ff6e7f04ec5a53aac37
tcn,mixed,101,bandpass_n20002_cLL_V4_electrode_s5,phase2/results/predictions/full/mixed/tcn/seed_101/bandpass_n20002_cLL_V4_electrode_s5.npz,76189,ad0e37704926af67ead328537b428016375ea8799fe5d02d56d27b4775a36781
tcn,mixed,101,bandpass_n20002_cLL_V4_electrode_s0,phase2/results/predictions/full/mixed/tcn/seed_101/bandpass_n20002_cLL_V4_electrode_s0.npz,75890,bca586845a4b3db963dc1cb986d06c4b4c611198a84de14c57f498dc48cabfee
tcn,mixed,101,bandpass_n20002_cLL_V4_covariance_s20,phase2/results/predictions/full/mixed/tcn/seed_101/bandpass_n20002_cLL_V4_covariance_s20.npz,76384,4a1e46e149f7cef0a414e510c1ab686a3f0c08385ce001bf4693d5367c24956d
tcn,mixed,101,bandpass_n20002_cLL_V4_covariance_s15,phase2/results/predictions/full/mixed/tcn/seed_101/bandpass_n20002_cLL_V4_covariance_s15.npz,76369,1466ea316486b8e9a26c9b6368332a790ee0056637f23ed2e0cedac73145c8fb
tcn,mixed,101,bandpass_n20002_cLL_V4_covariance_s10,phase2/results/predictions/full/mixed/tcn/seed_101/bandpass_n20002_cLL_V4_covariance_s10.npz,76348,6cbd8fbc431d1a216d56b4b7c0b04500ccbb99065592c74662e654912cacde51
tcn,mixed,101,bandpass_n20002_cLL_V4_covariance_s5,phase2/results/predictions/full/mixed/tcn/seed_101/bandpass_n20002_cLL_V4_covariance_s5.npz,76192,13b566933e80b197d65cd9b24a08a3fd0cf079b4153b4ba872daaa4e8e9fad8c
tcn,mixed,101,bandpass_n20002_cLL_V4_covariance_s0,phase2/results/predictions/full/mixed/tcn/seed_101/bandpass_n20002_cLL_V4_covariance_s0.npz,75888,30e3974f7a4dff7bbd79f93ebcdda2f0551435363c7089f6b271e8718c44353b
tcn,mixed,101,bandpass_n20002_cRA_LA_V1_V6_independent_rms_s20,phase2/results/predictions/full/mixed/tcn/seed_101/bandpass_n20002_cRA_LA_V1_V6_independent_rms_s20.npz,76383,ff308d0709b81cd008a93bc3c871e1ec85dcaff4a0f0f19d55583181c4846174
tcn,mixed,101,bandpass_n20002_cRA_LA_V1_V6_independent_rms_s15,phase2/results/predictions/full/mixed/tcn/seed_101/bandpass_n20002_cRA_LA_V1_V6_independent_rms_s15.npz,76381,ef9199589adf86b65cf4eb7c61840f8a20e7f6dfd788100aaf9aaf14695f7cda
tcn,mixed,101,bandpass_n20002_cRA_LA_V1_V6_independent_rms_s10,phase2/results/predictions/full/mixed/tcn/seed_101/bandpass_n20002_cRA_LA_V1_V6_independent_rms_s10.npz,76366,fac74427e1e1aceb05c7d174b2216fbe9cda6702f2de68b14119ac7e94664cb2
tcn,mixed,101,bandpass_n20002_cRA_LA_V1_V6_independent_rms_s5,phase2/results/predictions/full/mixed/tcn/seed_101/bandpass_n20002_cRA_LA_V1_V6_independent_rms_s5.npz,76267,41892eb84e1586ec89d03d30fbe06a81005ba6b9da4dfc0034559cb1a2a31274
tcn,mixed,101,bandpass_n20002_cRA_LA_V1_V6_independent_rms_s0,phase2/results/predictions/full/mixed/tcn/seed_101/bandpass_n20002_cRA_LA_V1_V6_independent_rms_s0.npz,76042,65a2135a33a12339350b9e4bfd07d2c20e775bc6a97b93e20ee725c513a59697
tcn,mixed,101,bandpass_n20002_cRA_LA_V1_V6_electrode_s20,phase2/results/predictions/full/mixed/tcn/seed_101/bandpass_n20002_cRA_LA_V1_V6_electrode_s20.npz,76397,c8b2ac6c586a53b4c2bf56673093619168f755fb22de3eb334c011e235395e11
tcn,mixed,101,bandpass_n20002_cRA_LA_V1_V6_electrode_s15,phase2/results/predictions/full/mixed/tcn/seed_101/bandpass_n20002_cRA_LA_V1_V6_electrode_s15.npz,76387,ae24cfcf348925b80f41ef84ee03e396d87bacca46c2a356c6890c5f1bf57177
tcn,mixed,101,bandpass_n20002_cRA_LA_V1_V6_electrode_s10,phase2/results/predictions/full/mixed/tcn/seed_101/bandpass_n20002_cRA_LA_V1_V6_electrode_s10.npz,76341,4d99f187a00f37e3fd944470b49db147ca1963f54c5db4469a262eff75362b3f
tcn,mixed,101,bandpass_n20002_cRA_LA_V1_V6_electrode_s5,phase2/results/predictions/full/mixed/tcn/seed_101/bandpass_n20002_cRA_LA_V1_V6_electrode_s5.npz,76143,58bd85e52327fa518020dec5c7aa8b6b009a42bfa78141f7741c77b294c20d4c
tcn,mixed,101,bandpass_n20002_cRA_LA_V1_V6_electrode_s0,phase2/results/predictions/full/mixed/tcn/seed_101/bandpass_n20002_cRA_LA_V1_V6_electrode_s0.npz,75807,9b3e84a577a89fd05f888ffe0e4cc0d5fe8d1dae04c5e8bbe96f877da739d3d3
tcn,mixed,101,bandpass_n20002_cRA_LA_V1_V6_covariance_s20,phase2/results/predictions/full/mixed/tcn/seed_101/bandpass_n20002_cRA_LA_V1_V6_covariance_s20.npz,76383,73563b3c0989a31ff63f9060acfc47f0a09c957602f6973a84c593bda21515d3
tcn,mixed,101,bandpass_n20002_cRA_LA_V1_V6_covariance_s15,phase2/results/predictions/full/mixed/tcn/seed_101/bandpass_n20002_cRA_LA_V1_V6_covariance_s15.npz,76371,4522dc7aa86fc8a4ea21d9d04fccfdd6e03897c615c76006867ded15db8e56f2
tcn,mixed,101,bandpass_n20002_cRA_LA_V1_V6_covariance_s10,phase2/results/predictions/full/mixed/tcn/seed_101/bandpass_n20002_cRA_LA_V1_V6_covariance_s10.npz,76339,ca7396b0999105c4e5a5a0a05cf4ad705efbf5c4bf263d098457867409b55f28
tcn,mixed,101,bandpass_n20002_cRA_LA_V1_V6_covariance_s5,phase2/results/predictions/full/mixed/tcn/seed_101/bandpass_n20002_cRA_LA_V1_V6_covariance_s5.npz,76145,2bb0446b46667a43b0d961b57c191c28f3515dd4c4c101615a3197dfe04f7f8e
tcn,mixed,101,bandpass_n20002_cRA_LA_V1_V6_covariance_s0,phase2/results/predictions/full/mixed/tcn/seed_101/bandpass_n20002_cRA_LA_V1_V6_covariance_s0.npz,75790,d886919510dd50471d9cf8429da3b1e852c262292e9cef2e8efb42083dd579e9
tcn,mixed,101,bandpass_n20002_cRA_V2_V5_independent_rms_s20,phase2/results/predictions/full/mixed/tcn/seed_101/bandpass_n20002_cRA_V2_V5_independent_rms_s20.npz,76373,625019377dbaa90b552d7d1b47e57dff9301d8effd9fe90ca6b0ed7283a4d8c8
tcn,mixed,101,bandpass_n20002_cRA_V2_V5_independent_rms_s15,phase2/results/predictions/full/mixed/tcn/seed_101/bandpass_n20002_cRA_V2_V5_independent_rms_s15.npz,76368,d39b9c3f6e6bca5251061fab813facccd319c0db25b664a4d18bbd8ba12677e1
tcn,mixed,101,bandpass_n20002_cRA_V2_V5_independent_rms_s10,phase2/results/predictions/full/mixed/tcn/seed_101/bandpass_n20002_cRA_V2_V5_independent_rms_s10.npz,76395,55e4cc3a7337716e2b38395a5c7f8c536adeca382493be9839b3d3262a0a0a11
tcn,mixed,101,bandpass_n20002_cRA_V2_V5_independent_rms_s5,phase2/results/predictions/full/mixed/tcn/seed_101/bandpass_n20002_cRA_V2_V5_independent_rms_s5.npz,76275,b2fc341ad131013b42f66618ebeeeaabab13e13a93b95f50377bb9e0df2c01a0
tcn,mixed,101,bandpass_n20002_cRA_V2_V5_independent_rms_s0,phase2/results/predictions/full/mixed/tcn/seed_101/bandpass_n20002_cRA_V2_V5_independent_rms_s0.npz,76076,4b315065e8f83d0e43050ee77c43a1abfd4457e68a59d2b7d0ff89fd38ac11a9
tcn,mixed,101,bandpass_n20002_cRA_V2_V5_electrode_s20,phase2/results/predictions/full/mixed/tcn/seed_101/bandpass_n20002_cRA_V2_V5_electrode_s20.npz,76385,9f863d69b44a0cca17f8e374ef1e4d9d1e3260a5235f721b26c4d06a20862a40
tcn,mixed,101,bandpass_n20002_cRA_V2_V5_electrode_s15,phase2/results/predictions/full/mixed/tcn/seed_101/bandpass_n20002_cRA_V2_V5_electrode_s15.npz,76377,896529151d8ba9ba4985518595dbad1c0cc2384bd5a94f9244939f4d853abd9a
tcn,mixed,101,bandpass_n20002_cRA_V2_V5_electrode_s10,phase2/results/predictions/full/mixed/tcn/seed_101/bandpass_n20002_cRA_V2_V5_electrode_s10.npz,76347,72078ef6e79907ce91dec3e199cb7d5ba8dc091806145f0c2c20efcd14ca7d7d
tcn,mixed,101,bandpass_n20002_cRA_V2_V5_electrode_s5,phase2/results/predictions/full/mixed/tcn/seed_101/bandpass_n20002_cRA_V2_V5_electrode_s5.npz,76149,839fea7aeab06b8d8cea3a71f26e6fc45767176123261785ba2b4276e87ba2a8
tcn,mixed,101,bandpass_n20002_cRA_V2_V5_electrode_s0,phase2/results/predictions/full/mixed/tcn/seed_101/bandpass_n20002_cRA_V2_V5_electrode_s0.npz,75865,4653688f8923d3d01218730fb103f32d7ae56d8352f5b84c80c9771a6769f978
tcn,mixed,101,bandpass_n20002_cRA_V2_V5_covariance_s20,phase2/results/predictions/full/mixed/tcn/seed_101/bandpass_n20002_cRA_V2_V5_covariance_s20.npz,76354,a6e68dd255ceef0f631b1838bae8b655f7059bd9d79e8eacc73b13dea943b161
tcn,mixed,101,bandpass_n20002_cRA_V2_V5_covariance_s15,phase2/results/predictions/full/mixed/tcn/seed_101/bandpass_n20002_cRA_V2_V5_covariance_s15.npz,76342,528694ae2cbd00d186dd31baa03a4347ec6a89c7f14d818b312d4a675683ae9d
tcn,mixed,101,bandpass_n20002_cRA_V2_V5_covariance_s10,phase2/results/predictions/full/mixed/tcn/seed_101/bandpass_n20002_cRA_V2_V5_covariance_s10.npz,76332,421354384e059987809e1cdfb5ea0a229f465cf1731fea13192f6a7151aae6f8
tcn,mixed,101,bandpass_n20002_cRA_V2_V5_covariance_s5,phase2/results/predictions/full/mixed/tcn/seed_101/bandpass_n20002_cRA_V2_V5_covariance_s5.npz,76163,a4525e7e4008eb2d65973b984d812ada4511b33c2e98f0ce21435f7c3ffb539c
tcn,mixed,101,bandpass_n20002_cRA_V2_V5_covariance_s0,phase2/results/predictions/full/mixed/tcn/seed_101/bandpass_n20002_cRA_V2_V5_covariance_s0.npz,75841,803e2d46bc39e255dbc996de86545e7e8ae8390e79ef2b9a0f6216dcf1efdbf1
tcn,mixed,101,bandpass_n20002_cLA_V3_V6_independent_rms_s20,phase2/results/predictions/full/mixed/tcn/seed_101/bandpass_n20002_cLA_V3_V6_independent_rms_s20.npz,76430,16d996fc43503b132120e0a2aa8be15afa41eadeb1383be4b6c5f210bb2767e1
tcn,mixed,101,bandpass_n20002_cLA_V3_V6_independent_rms_s15,phase2/results/predictions/full/mixed/tcn/seed_101/bandpass_n20002_cLA_V3_V6_independent_rms_s15.npz,76369,98cfed394247e084a205b52f9c609a9901c86a7034e3f210a823623cb71f8a59
tcn,mixed,101,bandpass_n20002_cLA_V3_V6_independent_rms_s10,phase2/results/predictions/full/mixed/tcn/seed_101/bandpass_n20002_cLA_V3_V6_independent_rms_s10.npz,76370,dbebe3535fa3b572825bc0e85ea6cea0c4d42e66e2c743b8eca3f0fa0a3ef8d3
tcn,mixed,101,bandpass_n20002_cLA_V3_V6_independent_rms_s5,phase2/results/predictions/full/mixed/tcn/seed_101/bandpass_n20002_cLA_V3_V6_independent_rms_s5.npz,76296,fc54d8a14667128de88a06a2231737c0902e622c35b96176b595777c05e451fc
tcn,mixed,101,bandpass_n20002_cLA_V3_V6_independent_rms_s0,phase2/results/predictions/full/mixed/tcn/seed_101/bandpass_n20002_cLA_V3_V6_independent_rms_s0.npz,76004,4767ca803bb307775bd712a07d4eaeacce96f0c0faccb9f7ef44bf013a65e3c7
tcn,mixed,101,bandpass_n20002_cLA_V3_V6_electrode_s20,phase2/results/predictions/full/mixed/tcn/seed_101/bandpass_n20002_cLA_V3_V6_electrode_s20.npz,76374,32e30700c35da16ef3f814480cfc79bfc5186c5dce2b7314364546bd8ff5b783
tcn,mixed,101,bandpass_n20002_cLA_V3_V6_electrode_s15,phase2/results/predictions/full/mixed/tcn/seed_101/bandpass_n20002_cLA_V3_V6_electrode_s15.npz,76387,25a5f7dbc20b55b5416874961ba0964270c234a3c04eaebdd7df0a5be3daa65e
tcn,mixed,101,bandpass_n20002_cLA_V3_V6_electrode_s10,phase2/results/predictions/full/mixed/tcn/seed_101/bandpass_n20002_cLA_V3_V6_electrode_s10.npz,76338,a680a93cfbc61db3c08a3411d1cbffe9e785cd9739b1fda7d5f9ea667e7720a6
tcn,mixed,101,bandpass_n20002_cLA_V3_V6_electrode_s5,phase2/results/predictions/full/mixed/tcn/seed_101/bandpass_n20002_cLA_V3_V6_electrode_s5.npz,76194,19fa7fb3b98f8e91df44d0325aa7cf169a868a43627ab533f4788af8e3cbf785
tcn,mixed,101,bandpass_n20002_cLA_V3_V6_electrode_s0,phase2/results/predictions/full/mixed/tcn/seed_101/bandpass_n20002_cLA_V3_V6_electrode_s0.npz,75870,bb0c948514071173fa1fb9ac3f541861b20a3e060acd9d18980cb1853913d069
tcn,mixed,101,bandpass_n20002_cLA_V3_V6_covariance_s20,phase2/results/predictions/full/mixed/tcn/seed_101/bandpass_n20002_cLA_V3_V6_covariance_s20.npz,76365,d2c8a48cb776f6d2ac7fc547d0b238fbf6b4986967ba4bc17862e0dab027f467
tcn,mixed,101,bandpass_n20002_cLA_V3_V6_covariance_s15,phase2/results/predictions/full/mixed/tcn/seed_101/bandpass_n20002_cLA_V3_V6_covariance_s15.npz,76375,03af0104ed51b11d9d56660bdcb85fa4ad2b574ba2ce9257612e9975186bf293
tcn,mixed,101,bandpass_n20002_cLA_V3_V6_covariance_s10,phase2/results/predictions/full/mixed/tcn/seed_101/bandpass_n20002_cLA_V3_V6_covariance_s10.npz,76350,5d2e4d263863548f036b01cdb4e7a6b8210cc321b535f926e935145958eb511d
tcn,mixed,101,bandpass_n20002_cLA_V3_V6_covariance_s5,phase2/results/predictions/full/mixed/tcn/seed_101/bandpass_n20002_cLA_V3_V6_covariance_s5.npz,76238,bb375ff42b1b1c618bac194ac046fb2bdfb4613c18585eac1783fc94f367704e
tcn,mixed,101,bandpass_n20002_cLA_V3_V6_covariance_s0,phase2/results/predictions/full/mixed/tcn/seed_101/bandpass_n20002_cLA_V3_V6_covariance_s0.npz,75879,21e4b5e096d7d736203be9b2ec04cfeb70d9ff7e7d9f6db80841c36fc95c076f
tcn,mixed,101,bandpass_n20002_cLL_V1_V4_independent_rms_s20,phase2/results/predictions/full/mixed/tcn/seed_101/bandpass_n20002_cLL_V1_V4_independent_rms_s20.npz,76403,088f000c0ff39fbf1e0e7d8142e45f7ca2307e0d42c2eb4c71dd1019bd4fc01f
tcn,mixed,101,bandpass_n20002_cLL_V1_V4_independent_rms_s15,phase2/results/predictions/full/mixed/tcn/seed_101/bandpass_n20002_cLL_V1_V4_independent_rms_s15.npz,76369,8b11b4c93968ab16ef6db954bb0c76e73714dc364be5084ec65475c71e70c9e5
tcn,mixed,101,bandpass_n20002_cLL_V1_V4_independent_rms_s10,phase2/results/predictions/full/mixed/tcn/seed_101/bandpass_n20002_cLL_V1_V4_independent_rms_s10.npz,76365,09edfdb2c48863ab21d580ea7ab8e8303cd5f1def8f07942791da76aebdee0b7
tcn,mixed,101,bandpass_n20002_cLL_V1_V4_independent_rms_s5,phase2/results/predictions/full/mixed/tcn/seed_101/bandpass_n20002_cLL_V1_V4_independent_rms_s5.npz,76291,3440acd3b77d9bd17639e9945da584c9bbb5b8594d12fd10b416eb6ea00a1b1b
tcn,mixed,101,bandpass_n20002_cLL_V1_V4_independent_rms_s0,phase2/results/predictions/full/mixed/tcn/seed_101/bandpass_n20002_cLL_V1_V4_independent_rms_s0.npz,75982,521a39ed579c53551ca55c62bc42d7f17a2ad7f71e4a11717a6bb9589eba7e12
tcn,mixed,101,bandpass_n20002_cLL_V1_V4_electrode_s20,phase2/results/predictions/full/mixed/tcn/seed_101/bandpass_n20002_cLL_V1_V4_electrode_s20.npz,76363,0eff7c91635e038e63d1260d3b963c7df83245417dcbe266e2e3ab39bd40a28b
tcn,mixed,101,bandpass_n20002_cLL_V1_V4_electrode_s15,phase2/results/predictions/full/mixed/tcn/seed_101/bandpass_n20002_cLL_V1_V4_electrode_s15.npz,76406,96638cf00d96897b3905654a445b669e437c83964803cb2db5486ad3cfbd8097
tcn,mixed,101,bandpass_n20002_cLL_V1_V4_electrode_s10,phase2/results/predictions/full/mixed/tcn/seed_101/bandpass_n20002_cLL_V1_V4_electrode_s10.npz,76349,2e9230cb05f9e5b3a465843848ac30fe1002cc1d0fb4eccc33a3c7c684952473
tcn,mixed,101,bandpass_n20002_cLL_V1_V4_electrode_s5,phase2/results/predictions/full/mixed/tcn/seed_101/bandpass_n20002_cLL_V1_V4_electrode_s5.npz,76215,cb7b667d44af7d51330cb21e70575ff0a2ba6632dcac9e65541fded94aec1e8b
tcn,mixed,101,bandpass_n20002_cLL_V1_V4_electrode_s0,phase2/results/predictions/full/mixed/tcn/seed_101/bandpass_n20002_cLL_V1_V4_electrode_s0.npz,75864,1ba7447d8f1f9d7cb3eeb8b34da10d452db8e1f9e058001befda42b0b9464f06
tcn,mixed,101,bandpass_n20002_cLL_V1_V4_covariance_s20,phase2/results/predictions/full/mixed/tcn/seed_101/bandpass_n20002_cLL_V1_V4_covariance_s20.npz,76399,61b61670c11aef9305998b053fae795a960c85ee3f8d0065bfb01e10cad3009c
tcn,mixed,101,bandpass_n20002_cLL_V1_V4_covariance_s15,phase2/results/predictions/full/mixed/tcn/seed_101/bandpass_n20002_cLL_V1_V4_covariance_s15.npz,76379,9003340300ce506adc0c6f75c7a7c8561f01a89c69c9e22cfe7ebdb66372564b
tcn,mixed,101,bandpass_n20002_cLL_V1_V4_covariance_s10,phase2/results/predictions/full/mixed/tcn/seed_101/bandpass_n20002_cLL_V1_V4_covariance_s10.npz,76361,93ea93ac9c72575fabf792821a9dc002e545b1dac0ab708f655d6601e0b65527
tcn,mixed,101,bandpass_n20002_cLL_V1_V4_covariance_s5,phase2/results/predictions/full/mixed/tcn/seed_101/bandpass_n20002_cLL_V1_V4_covariance_s5.npz,76214,fa12a231320060979286458cc6a9ef528d347e8333028849d8a3f946976df517
tcn,mixed,101,bandpass_n20002_cLL_V1_V4_covariance_s0,phase2/results/predictions/full/mixed/tcn/seed_101/bandpass_n20002_cLL_V1_V4_covariance_s0.npz,75883,7264d8b1d3d222878f11fe4a09b5b11a818bacc45d0b6b84f85a13769cb80606
tcn,mixed,101,bandpass_n20002_call_independent_rms_s20,phase2/results/predictions/full/mixed/tcn/seed_101/bandpass_n20002_call_independent_rms_s20.npz,76375,19ca76bd4be2c545d274a13a6c574f8f27e6a4268f8c701e693a55583e4ff00a
tcn,mixed,101,bandpass_n20002_call_independent_rms_s15,phase2/results/predictions/full/mixed/tcn/seed_101/bandpass_n20002_call_independent_rms_s15.npz,76363,2f287b692274233a0730296d7c1d44c5f9338c01edc0cb186e3977beded5bae9
tcn,mixed,101,bandpass_n20002_call_independent_rms_s10,phase2/results/predictions/full/mixed/tcn/seed_101/bandpass_n20002_call_independent_rms_s10.npz,76353,a08000215f3a8281246bafe7952998a7602a95fb133d9d6d66f5e1d588490e7b
tcn,mixed,101,bandpass_n20002_call_independent_rms_s5,phase2/results/predictions/full/mixed/tcn/seed_101/bandpass_n20002_call_independent_rms_s5.npz,76251,0a5177eadc40fc61c433e2a60902565aad1b7c7202cae520fb6b738bff81a3b0
tcn,mixed,101,bandpass_n20002_call_independent_rms_s0,phase2/results/predictions/full/mixed/tcn/seed_101/bandpass_n20002_call_independent_rms_s0.npz,75978,63a250b142a62bdf30458f759d8fab1ec80dd7ff0b71b3dbc88449a4682e66f8
tcn,mixed,101,bandpass_n20002_call_electrode_s20,phase2/results/predictions/full/mixed/tcn/seed_101/bandpass_n20002_call_electrode_s20.npz,76336,987fdd45663190c21e5be8e53aadcda32f062f2f35e750b94728248f1e654b01
tcn,mixed,101,bandpass_n20002_call_electrode_s15,phase2/results/predictions/full/mixed/tcn/seed_101/bandpass_n20002_call_electrode_s15.npz,76368,9e07ed32100685763d314bd19741fb79acbc3dca717fa004a8e2299df4ae6a66
tcn,mixed,101,bandpass_n20002_call_electrode_s10,phase2/results/predictions/full/mixed/tcn/seed_101/bandpass_n20002_call_electrode_s10.npz,76313,e888e5e5ee315f2b069a543a4351ad24b9086c05fde00a26e491ccfb4a757ab5
tcn,mixed,101,bandpass_n20002_call_electrode_s5,phase2/results/predictions/full/mixed/tcn/seed_101/bandpass_n20002_call_electrode_s5.npz,76190,079ae335ae3f8115528766d97ed9afd8e6a7b0ec812a06fb25799e66362abbfa
tcn,mixed,101,bandpass_n20002_call_electrode_s0,phase2/results/predictions/full/mixed/tcn/seed_101/bandpass_n20002_call_electrode_s0.npz,75790,0f5a2585f3a0fb81c062adc635a5420abb4bc07e0916a390ca6f4a6a726e9494
tcn,mixed,101,bandpass_n20002_call_covariance_s20,phase2/results/predictions/full/mixed/tcn/seed_101/bandpass_n20002_call_covariance_s20.npz,76358,a7bc17202776cedd8b4963de374eeeb3b99cc2052f79b5c17900c680e3ba759b
tcn,mixed,101,bandpass_n20002_call_covariance_s15,phase2/results/predictions/full/mixed/tcn/seed_101/bandpass_n20002_call_covariance_s15.npz,76344,e7106267c75babb2578fc9f886b12ef075f46b3b11f868482e921b3ddf66c7cb
tcn,mixed,101,bandpass_n20002_call_covariance_s10,phase2/results/predictions/full/mixed/tcn/seed_101/bandpass_n20002_call_covariance_s10.npz,76288,a0e36795223d00fdc18da152a46aa56000ef8ebc31bddd393caef04201eeb131
tcn,mixed,101,bandpass_n20002_call_covariance_s5,phase2/results/predictions/full/mixed/tcn/seed_101/bandpass_n20002_call_covariance_s5.npz,76135,fcdf81609ab1772ad8a57740c2fa08a989afe3249ed60bfd0b1a5b99496639db
tcn,mixed,101,bandpass_n20002_call_covariance_s0,phase2/results/predictions/full/mixed/tcn/seed_101/bandpass_n20002_call_covariance_s0.npz,75794,7497afb95cfb0b01819a5725c5d3fd3ab98b50ebe59d1568685be9668025fb63
tcn,mixed,101,bandpass_n20003_cRA_LA_LL_independent_rms_s20,phase2/results/predictions/full/mixed/tcn/seed_101/bandpass_n20003_cRA_LA_LL_independent_rms_s20.npz,76354,30d3f05665d1a4ccce7562c251461e2e153b65bd7cebc05eeea4b3b9d255269f
tcn,mixed,101,bandpass_n20003_cRA_LA_LL_independent_rms_s15,phase2/results/predictions/full/mixed/tcn/seed_101/bandpass_n20003_cRA_LA_LL_independent_rms_s15.npz,76405,b8846675cf1879f7ba6658776bdea422b067a2ac2c86601e9dc41c9d0861f913
tcn,mixed,101,bandpass_n20003_cRA_LA_LL_independent_rms_s10,phase2/results/predictions/full/mixed/tcn/seed_101/bandpass_n20003_cRA_LA_LL_independent_rms_s10.npz,76374,0bef79940b36e001358d5fc952c70851994c9f96a05f5611bd33c935ba0af554
tcn,mixed,101,bandpass_n20003_cRA_LA_LL_independent_rms_s5,phase2/results/predictions/full/mixed/tcn/seed_101/bandpass_n20003_cRA_LA_LL_independent_rms_s5.npz,76286,4d2e017e27fe0b4a099e74e92a04bdf5f0644e391773f95993a9b7471fa36243
tcn,mixed,101,bandpass_n20003_cRA_LA_LL_independent_rms_s0,phase2/results/predictions/full/mixed/tcn/seed_101/bandpass_n20003_cRA_LA_LL_independent_rms_s0.npz,76008,954b1f478df7abb8d3d89fda9ce8daad6fe8884429e275ecff36f8d9b2b73bcc
tcn,mixed,101,bandpass_n20003_cRA_LA_LL_electrode_s20,phase2/results/predictions/full/mixed/tcn/seed_101/bandpass_n20003_cRA_LA_LL_electrode_s20.npz,76383,7958ba45cf2c2d1bce09e0516bf5219d797f7b2bfe4a52989c4986ec56f006ad
tcn,mixed,101,bandpass_n20003_cRA_LA_LL_electrode_s15,phase2/results/predictions/full/mixed/tcn/seed_101/bandpass_n20003_cRA_LA_LL_electrode_s15.npz,76332,ae46bd38a39e079919ce4fbb4ac3582d685bc7ce26031b153288aed2f63000a1
tcn,mixed,101,bandpass_n20003_cRA_LA_LL_electrode_s10,phase2/results/predictions/full/mixed/tcn/seed_101/bandpass_n20003_cRA_LA_LL_electrode_s10.npz,76318,be47b1cf30e0a983a0eea93c0414defdd12848b4e3dddc1ab380e0431d254a18
tcn,mixed,101,bandpass_n20003_cRA_LA_LL_electrode_s5,phase2/results/predictions/full/mixed/tcn/seed_101/bandpass_n20003_cRA_LA_LL_electrode_s5.npz,76134,7e134f5265c6758f610583922e255d3bd99ae7e1bf9a8caf8df7252cb7560df6
tcn,mixed,101,bandpass_n20003_cRA_LA_LL_electrode_s0,phase2/results/predictions/full/mixed/tcn/seed_101/bandpass_n20003_cRA_LA_LL_electrode_s0.npz,75786,2043f67c88f5265fffbdd65063850f74bd0dbdbda7b863ef8e8a3016cf43be20
tcn,mixed,101,bandpass_n20003_cRA_LA_LL_covariance_s20,phase2/results/predictions/full/mixed/tcn/seed_101/bandpass_n20003_cRA_LA_LL_covariance_s20.npz,76352,26d29a83927afe24aba378dc8a10a7aebe36d985e2354b4ab2b31c445bee31bd
tcn,mixed,101,bandpass_n20003_cRA_LA_LL_covariance_s15,phase2/results/predictions/full/mixed/tcn/seed_101/bandpass_n20003_cRA_LA_LL_covariance_s15.npz,76347,a51439694417619f40a9c1e06a1154e8a3888bab3ec6580a51aff954246bac2c
tcn,mixed,101,bandpass_n20003_cRA_LA_LL_covariance_s10,phase2/results/predictions/full/mixed/tcn/seed_101/bandpass_n20003_cRA_LA_LL_covariance_s10.npz,76320,0f23d09067d6f5def83cb52c0c7689aff57c57f683c322eb06e1afe703251d87
tcn,mixed,101,bandpass_n20003_cRA_LA_LL_covariance_s5,phase2/results/predictions/full/mixed/tcn/seed_101/bandpass_n20003_cRA_LA_LL_covariance_s5.npz,76145,fff89c4100ad6ee95f82b2d2236f4e0848e8086552bf861e14ed2f1a5d78fcfb
tcn,mixed,101,bandpass_n20003_cRA_LA_LL_covariance_s0,phase2/results/predictions/full/mixed/tcn/seed_101/bandpass_n20003_cRA_LA_LL_covariance_s0.npz,75787,d2d494ce3bcdcbfd4534b5022dc8b7093aa8ba8b27fcc8e12dfc0bd73aa0ee87
tcn,mixed,101,bandpass_n20003_cV1_independent_rms_s20,phase2/results/predictions/full/mixed/tcn/seed_101/bandpass_n20003_cV1_independent_rms_s20.npz,76362,02cc19d19aa4acae01dc555d1e0c917c6d25356233ac3d3dc1844c232bef3a82
tcn,mixed,101,bandpass_n20003_cV1_independent_rms_s15,phase2/results/predictions/full/mixed/tcn/seed_101/bandpass_n20003_cV1_independent_rms_s15.npz,76325,635062c1036ddbf66dcdf24a4c5af4ae7c2529b266b30413074314bda9903144
tcn,mixed,101,bandpass_n20003_cV1_independent_rms_s10,phase2/results/predictions/full/mixed/tcn/seed_101/bandpass_n20003_cV1_independent_rms_s10.npz,76339,7d869d690db7d91f24420f6e3082e9e0c9d60ef9b22ad96d68f5a484483635d0
tcn,mixed,101,bandpass_n20003_cV1_independent_rms_s5,phase2/results/predictions/full/mixed/tcn/seed_101/bandpass_n20003_cV1_independent_rms_s5.npz,76202,3535b56533f684f0054d418f7f1a7ec52ca0baca717f683d8f68f6ca08f3332b
tcn,mixed,101,bandpass_n20003_cV1_independent_rms_s0,phase2/results/predictions/full/mixed/tcn/seed_101/bandpass_n20003_cV1_independent_rms_s0.npz,75858,64ac048c09c342433670a1d8b1ca1da61a4af0bba70a8138e305317db8f7e2f8
tcn,mixed,101,bandpass_n20003_cV1_electrode_s20,phase2/results/predictions/full/mixed/tcn/seed_101/bandpass_n20003_cV1_electrode_s20.npz,76322,6e283a94b4526b36d2520b163987fed0003698eced676b41c8c3c8dc849b58cd
tcn,mixed,101,bandpass_n20003_cV1_electrode_s15,phase2/results/predictions/full/mixed/tcn/seed_101/bandpass_n20003_cV1_electrode_s15.npz,76347,bd85d442d847c931f3fe11a915fedb2232dad8a2b1d4fd11cb0984920f771d8b
tcn,mixed,101,bandpass_n20003_cV1_electrode_s10,phase2/results/predictions/full/mixed/tcn/seed_101/bandpass_n20003_cV1_electrode_s10.npz,76331,e4c8dfab086acb7b4d67a1a197ba655ce3cb51a79e277796f4eb8531590874ae
tcn,mixed,101,bandpass_n20003_cV1_electrode_s5,phase2/results/predictions/full/mixed/tcn/seed_101/bandpass_n20003_cV1_electrode_s5.npz,76144,9e513015a45da85fdfb4667dd8888e29dd64000ec1987323ff37b3844920f375
tcn,mixed,101,bandpass_n20003_cV1_electrode_s0,phase2/results/predictions/full/mixed/tcn/seed_101/bandpass_n20003_cV1_electrode_s0.npz,75835,0e56a00935187440fc26175426cdbea3af30c7f5bc5b36d559848869f224c842
tcn,mixed,101,bandpass_n20003_cV1_covariance_s20,phase2/results/predictions/full/mixed/tcn/seed_101/bandpass_n20003_cV1_covariance_s20.npz,76334,c49e787ec5ea3786364768cb71dd1f63b8c99169e0c54f68db2b6b9ef0914ffa
tcn,mixed,101,bandpass_n20003_cV1_covariance_s15,phase2/results/predictions/full/mixed/tcn/seed_101/bandpass_n20003_cV1_covariance_s15.npz,76384,48c0f3e105f3f6f68d19233d567189bc269e0cb4a50e0db26f9efe6abe01b89d
tcn,mixed,101,bandpass_n20003_cV1_covariance_s10,phase2/results/predictions/full/mixed/tcn/seed_101/bandpass_n20003_cV1_covariance_s10.npz,76319,cc91faf5547bdc96aa6f7a0033e1ac4005c60160c646b5ccc7760aa3bf6c886b
tcn,mixed,101,bandpass_n20003_cV1_covariance_s5,phase2/results/predictions/full/mixed/tcn/seed_101/bandpass_n20003_cV1_covariance_s5.npz,76166,65e8bf97a7d9e60f949d902f3ea3fe8e15b39cc5f40b8286404c87e4f67c86a0
tcn,mixed,101,bandpass_n20003_cV1_covariance_s0,phase2/results/predictions/full/mixed/tcn/seed_101/bandpass_n20003_cV1_covariance_s0.npz,75852,b55c8e3bd2471b636ec0d749f0995def2769a6bfb21bc5ddae55cb13201cc59d
tcn,mixed,101,bandpass_n20003_cV2_independent_rms_s20,phase2/results/predictions/full/mixed/tcn/seed_101/bandpass_n20003_cV2_independent_rms_s20.npz,76400,38c4e56bd7bb6819cfe282eae2fb25f3bbc4dbe176c6595e73381b7dcb1d56e6
tcn,mixed,101,bandpass_n20003_cV2_independent_rms_s15,phase2/results/predictions/full/mixed/tcn/seed_101/bandpass_n20003_cV2_independent_rms_s15.npz,76350,f003a4993337ae1f09d4ea8827d530c361bb51ed47f84de6d45d6f601d149f7c
tcn,mixed,101,bandpass_n20003_cV2_independent_rms_s10,phase2/results/predictions/full/mixed/tcn/seed_101/bandpass_n20003_cV2_independent_rms_s10.npz,76368,08171fb60977309849d0c8374bbcf03eddc472cad0a3d747b6a661909f2eae69
tcn,mixed,101,bandpass_n20003_cV2_independent_rms_s5,phase2/results/predictions/full/mixed/tcn/seed_101/bandpass_n20003_cV2_independent_rms_s5.npz,76226,07eee8bfb41e0704eb77133eaa583a18a4dfce14667d1745049b2c01c9403441
tcn,mixed,101,bandpass_n20003_cV2_independent_rms_s0,phase2/results/predictions/full/mixed/tcn/seed_101/bandpass_n20003_cV2_independent_rms_s0.npz,76021,9e4adf46a6ebc575579e9b8de78294cfa6ecf9ca55cd7691c0a61c985bf5fa48
tcn,mixed,101,bandpass_n20003_cV2_electrode_s20,phase2/results/predictions/full/mixed/tcn/seed_101/bandpass_n20003_cV2_electrode_s20.npz,76363,d5687d42c403dd2cb3386e48a1b46d755577fda4a0cc2595583cedbad72ad864
tcn,mixed,101,bandpass_n20003_cV2_electrode_s15,phase2/results/predictions/full/mixed/tcn/seed_101/bandpass_n20003_cV2_electrode_s15.npz,76328,52631e87d2783de3e4cea9d243d8f597b3b760cd1086b9dec733c229fb560e03
tcn,mixed,101,bandpass_n20003_cV2_electrode_s10,phase2/results/predictions/full/mixed/tcn/seed_101/bandpass_n20003_cV2_electrode_s10.npz,76296,1b4232671845311ccffc58bc73144b2cbd7260583b21d54e0f6ac76f7b5643a6
tcn,mixed,101,bandpass_n20003_cV2_electrode_s5,phase2/results/predictions/full/mixed/tcn/seed_101/bandpass_n20003_cV2_electrode_s5.npz,76200,e05a4d801e91582325fc7c7ae787579ec4502b060b4dc0724bda44cc21633105
tcn,mixed,101,bandpass_n20003_cV2_electrode_s0,phase2/results/predictions/full/mixed/tcn/seed_101/bandpass_n20003_cV2_electrode_s0.npz,76017,7200aee4bfcf0743e827b2c69613b07fb7a10cdba0a64261e83a1943c098acf7
tcn,mixed,101,bandpass_n20003_cV2_covariance_s20,phase2/results/predictions/full/mixed/tcn/seed_101/bandpass_n20003_cV2_covariance_s20.npz,76351,52ee82b9e36cd61eb3dbb3fe0ca150f20ce64dbad7ac1a4912c5099a44c793ff
tcn,mixed,101,bandpass_n20003_cV2_covariance_s15,phase2/results/predictions/full/mixed/tcn/seed_101/bandpass_n20003_cV2_covariance_s15.npz,76355,1f9ea2b6c9d95c3a2e330563d70110b93aaab20115c6d0a59163c47899c8a75b
tcn,mixed,101,bandpass_n20003_cV2_covariance_s10,phase2/results/predictions/full/mixed/tcn/seed_101/bandpass_n20003_cV2_covariance_s10.npz,76341,9f4ab996e39b03c9dbf7aa53c0de3ef8398ca48a2b4779d73bc6c4360edc2183
tcn,mixed,101,bandpass_n20003_cV2_covariance_s5,phase2/results/predictions/full/mixed/tcn/seed_101/bandpass_n20003_cV2_covariance_s5.npz,76236,29bc0c542976135725d7d64bfe2a0be655acab3d9b11b1cff57c2d32f61d175c
tcn,mixed,101,bandpass_n20003_cV2_covariance_s0,phase2/results/predictions/full/mixed/tcn/seed_101/bandpass_n20003_cV2_covariance_s0.npz,76006,f483df3103a34085d6531f5f7c98078a6d7566000fafd2650c0a9c117e97996b
tcn,mixed,101,bandpass_n20003_cV3_independent_rms_s20,phase2/results/predictions/full/mixed/tcn/seed_101/bandpass_n20003_cV3_independent_rms_s20.npz,76381,e422e5996ec5ca0a873e7342356275b29295774119e4a13ac3a6aee315e5a60a
tcn,mixed,101,bandpass_n20003_cV3_independent_rms_s15,phase2/results/predictions/full/mixed/tcn/seed_101/bandpass_n20003_cV3_independent_rms_s15.npz,76372,66a8fc734e0fe85b24f8fa827e822f9fed343f185e1d4938ab7b7794cb82ef31
tcn,mixed,101,bandpass_n20003_cV3_independent_rms_s10,phase2/results/predictions/full/mixed/tcn/seed_101/bandpass_n20003_cV3_independent_rms_s10.npz,76326,196fa70848a969e7727cfb8dc10119f84c3c2092a7c1022e342d66b188258f3c
tcn,mixed,101,bandpass_n20003_cV3_independent_rms_s5,phase2/results/predictions/full/mixed/tcn/seed_101/bandpass_n20003_cV3_independent_rms_s5.npz,76286,7cd7ee484a311e28e114d734aeb73fb5ac36a6383ffc1bf60d54b979286d27b9
tcn,mixed,101,bandpass_n20003_cV3_independent_rms_s0,phase2/results/predictions/full/mixed/tcn/seed_101/bandpass_n20003_cV3_independent_rms_s0.npz,76057,52061e595b76ce64debb7296d764e3046d508828a2cb713e686e05d05ac52227
tcn,mixed,101,bandpass_n20003_cV3_electrode_s20,phase2/results/predictions/full/mixed/tcn/seed_101/bandpass_n20003_cV3_electrode_s20.npz,76324,071855f6a33c6bf753dd2bcf3bbbd9c7173d6da604d084c62f30c76a69e2a5c0
tcn,mixed,101,bandpass_n20003_cV3_electrode_s15,phase2/results/predictions/full/mixed/tcn/seed_101/bandpass_n20003_cV3_electrode_s15.npz,76328,ec66e3348061d27855e496f0758fdf268340b30bbe039e52e37acae7f0ca8ebc
tcn,mixed,101,bandpass_n20003_cV3_electrode_s10,phase2/results/predictions/full/mixed/tcn/seed_101/bandpass_n20003_cV3_electrode_s10.npz,76329,17e2a56fe3606ec0c48a30258c1686757b54b5d05bc1397d688bb7f87fdbda4a
tcn,mixed,101,bandpass_n20003_cV3_electrode_s5,phase2/results/predictions/full/mixed/tcn/seed_101/bandpass_n20003_cV3_electrode_s5.npz,76264,89e4bf97bdd4b83c285793e051b69ad84af2ba5ad077ea24af2ef42374449437
tcn,mixed,101,bandpass_n20003_cV3_electrode_s0,phase2/results/predictions/full/mixed/tcn/seed_101/bandpass_n20003_cV3_electrode_s0.npz,76001,aef990eee1f7429e013e0e58fe13b5283efb8e3c1d7e92ea8ca41bd7cf5c86a4
tcn,mixed,101,bandpass_n20003_cV3_covariance_s20,phase2/results/predictions/full/mixed/tcn/seed_101/bandpass_n20003_cV3_covariance_s20.npz,76358,9a2230679a1b9350bc1b3ef9afdb4c2e96d04e56508b05c84dd12d9f7be885b6
tcn,mixed,101,bandpass_n20003_cV3_covariance_s15,phase2/results/predictions/full/mixed/tcn/seed_101/bandpass_n20003_cV3_covariance_s15.npz,76340,b4a427952ca84e95f1a9baa2189347832cf0ec0bc61c05c4d4e4492eb49493c4
tcn,mixed,101,bandpass_n20003_cV3_covariance_s10,phase2/results/predictions/full/mixed/tcn/seed_101/bandpass_n20003_cV3_covariance_s10.npz,76361,3a1b5827e61fefcab5a4b1a66e765a673a14608f53991f1fe2940f8ad42a1835
tcn,mixed,101,bandpass_n20003_cV3_covariance_s5,phase2/results/predictions/full/mixed/tcn/seed_101/bandpass_n20003_cV3_covariance_s5.npz,76301,971cc99e95b3199affb63f81e32984a950890aa97a65c9b43c1a560698e7f3f9
tcn,mixed,101,bandpass_n20003_cV3_covariance_s0,phase2/results/predictions/full/mixed/tcn/seed_101/bandpass_n20003_cV3_covariance_s0.npz,76052,08458f5dd0a93643c266d88f1ec44eed741762c88d24d20488901319bc13a7f2
tcn,mixed,101,bandpass_n20003_cV4_independent_rms_s20,phase2/results/predictions/full/mixed/tcn/seed_101/bandpass_n20003_cV4_independent_rms_s20.npz,76403,78363ceae917b615b6fd4caa7237302b89132e5e60f72fc407d2263ec27de3e0
tcn,mixed,101,bandpass_n20003_cV4_independent_rms_s15,phase2/results/predictions/full/mixed/tcn/seed_101/bandpass_n20003_cV4_independent_rms_s15.npz,76356,6ff3ecf154edf3860c2ddc3cfc7c0774429c042bdfac02d5c7ccad485e4bc37f
tcn,mixed,101,bandpass_n20003_cV4_independent_rms_s10,phase2/results/predictions/full/mixed/tcn/seed_101/bandpass_n20003_cV4_independent_rms_s10.npz,76367,0e6b788b91785fd6db9a3f6ccf3fe3b723bd39e3b62054216c82cda1ca28af3b
tcn,mixed,101,bandpass_n20003_cV4_independent_rms_s5,phase2/results/predictions/full/mixed/tcn/seed_101/bandpass_n20003_cV4_independent_rms_s5.npz,76326,ea0afacbc13a1ffba1c8500273e391cb126f1995573bb4ef5b60bc3b5d152dd8
tcn,mixed,101,bandpass_n20003_cV4_independent_rms_s0,phase2/results/predictions/full/mixed/tcn/seed_101/bandpass_n20003_cV4_independent_rms_s0.npz,76085,29337f681ddbdc6141a06d93c8105d3a2479526416ae05d8bec0784aa1f7b812
tcn,mixed,101,bandpass_n20003_cV4_electrode_s20,phase2/results/predictions/full/mixed/tcn/seed_101/bandpass_n20003_cV4_electrode_s20.npz,76360,032c871d0a3e7629ea6150142eee5faf469824e55c3e53210aeae7ac6f49e264
tcn,mixed,101,bandpass_n20003_cV4_electrode_s15,phase2/results/predictions/full/mixed/tcn/seed_101/bandpass_n20003_cV4_electrode_s15.npz,76365,07e3ab4dae50060b286e2d4fd550746c7e73923f36b9eda559bff32c5a0c9731
tcn,mixed,101,bandpass_n20003_cV4_electrode_s10,phase2/results/predictions/full/mixed/tcn/seed_101/bandpass_n20003_cV4_electrode_s10.npz,76353,18d1833ac2f34ead8e94804b3e8ebf9f6d8e631381da9b0c26f7b67924939dff
tcn,mixed,101,bandpass_n20003_cV4_electrode_s5,phase2/results/predictions/full/mixed/tcn/seed_101/bandpass_n20003_cV4_electrode_s5.npz,76297,b93c856a7110c9f80ffd37e2aebd8aadad25731bde54f48817848dc7bff0d9aa
tcn,mixed,101,bandpass_n20003_cV4_electrode_s0,phase2/results/predictions/full/mixed/tcn/seed_101/bandpass_n20003_cV4_electrode_s0.npz,76099,d4ec562a866cc73d10af621ab7a9bb412f9c990eca0e8ba70be424fce0a8ca12
tcn,mixed,101,bandpass_n20003_cV4_covariance_s20,phase2/results/predictions/full/mixed/tcn/seed_101/bandpass_n20003_cV4_covariance_s20.npz,76377,edfe501d77f552433aede0f81743fec067349734b03e232ad34f83917f379905
tcn,mixed,101,bandpass_n20003_cV4_covariance_s15,phase2/results/predictions/full/mixed/tcn/seed_101/bandpass_n20003_cV4_covariance_s15.npz,76333,780b0bf3b2d629053f907174eb1da91c91f50f51ee53dde610a4fb77177082db
tcn,mixed,101,bandpass_n20003_cV4_covariance_s10,phase2/results/predictions/full/mixed/tcn/seed_101/bandpass_n20003_cV4_covariance_s10.npz,76343,88ede4ef1964dec70793a273aeeb888e37d5e8d63f8cac624e328e74ce3c46a9
tcn,mixed,101,bandpass_n20003_cV4_covariance_s5,phase2/results/predictions/full/mixed/tcn/seed_101/bandpass_n20003_cV4_covariance_s5.npz,76305,ef834c42681e4d35e7c2a4e7e313252fb03bafc563d37f6eb0704cd4546ca951
tcn,mixed,101,bandpass_n20003_cV4_covariance_s0,phase2/results/predictions/full/mixed/tcn/seed_101/bandpass_n20003_cV4_covariance_s0.npz,76101,776c78c9f32e39090896813826f41bf21ae435f977387947a97508e2bdec89f7
tcn,mixed,101,bandpass_n20003_cV5_independent_rms_s20,phase2/results/predictions/full/mixed/tcn/seed_101/bandpass_n20003_cV5_independent_rms_s20.npz,76343,44e3a9c25cd8252f1e220c48b252b79763b51b66cfadba71a90191ff22a1e831
tcn,mixed,101,bandpass_n20003_cV5_independent_rms_s15,phase2/results/predictions/full/mixed/tcn/seed_101/bandpass_n20003_cV5_independent_rms_s15.npz,76383,a50b59217a9c66d106ae9f6d8f6443cbaa431a9e739b4f029c8eaab6ad9bc64e
tcn,mixed,101,bandpass_n20003_cV5_independent_rms_s10,phase2/results/predictions/full/mixed/tcn/seed_101/bandpass_n20003_cV5_independent_rms_s10.npz,76325,81e5ee29f3028b16b2cfc5fb34d881fdb9c0632dedbbfb5dd24f4ffaee0a9227
tcn,mixed,101,bandpass_n20003_cV5_independent_rms_s5,phase2/results/predictions/full/mixed/tcn/seed_101/bandpass_n20003_cV5_independent_rms_s5.npz,76301,9187e73bd870ba28154de841634308337f72740417af0fabbfd75430a8a47e97
tcn,mixed,101,bandpass_n20003_cV5_independent_rms_s0,phase2/results/predictions/full/mixed/tcn/seed_101/bandpass_n20003_cV5_independent_rms_s0.npz,76042,b4a7e0b0c23272967835ed49945d90d4d1e6db9f834ca217f71fae1efd3f6250
tcn,mixed,101,bandpass_n20003_cV5_electrode_s20,phase2/results/predictions/full/mixed/tcn/seed_101/bandpass_n20003_cV5_electrode_s20.npz,76381,4d9d2afcd214604e48315bd50b588a6b488f1e203d29ac6e43f01d31c81f390e
tcn,mixed,101,bandpass_n20003_cV5_electrode_s15,phase2/results/predictions/full/mixed/tcn/seed_101/bandpass_n20003_cV5_electrode_s15.npz,76360,8ad90a50db170be4d79041926c219b03ec57b27288f9b57f23c0d5fef1d5f86b
tcn,mixed,101,bandpass_n20003_cV5_electrode_s10,phase2/results/predictions/full/mixed/tcn/seed_101/bandpass_n20003_cV5_electrode_s10.npz,76362,30a61b59061bcf03e4e4cce0234bccd79514f380e3380b35e6d19786465c0f6e
tcn,mixed,101,bandpass_n20003_cV5_electrode_s5,phase2/results/predictions/full/mixed/tcn/seed_101/bandpass_n20003_cV5_electrode_s5.npz,76275,d2fb029c52c9a1ab13480cb35329853d9e05cf3f204cdfcbee14c5d7252d2283
tcn,mixed,101,bandpass_n20003_cV5_electrode_s0,phase2/results/predictions/full/mixed/tcn/seed_101/bandpass_n20003_cV5_electrode_s0.npz,76007,b7e7d3ffe55ffe9a8adccfe6d972398cf6992743e5faa7e4ebb25657aa1c35d8
tcn,mixed,101,bandpass_n20003_cV5_covariance_s20,phase2/results/predictions/full/mixed/tcn/seed_101/bandpass_n20003_cV5_covariance_s20.npz,76369,2518ccee3d37eb3d071491e4c9c005ae9b2ab0ff43c5f8e6d34d752d47501895
tcn,mixed,101,bandpass_n20003_cV5_covariance_s15,phase2/results/predictions/full/mixed/tcn/seed_101/bandpass_n20003_cV5_covariance_s15.npz,76309,837394d15eab7f31bf9432d022c17cac44013ca776700561402059c0c6322321
tcn,mixed,101,bandpass_n20003_cV5_covariance_s10,phase2/results/predictions/full/mixed/tcn/seed_101/bandpass_n20003_cV5_covariance_s10.npz,76342,98e6b0a805c41ea4971bf868a17a96dd4f6aa65ec236058da386551905c146d7
tcn,mixed,101,bandpass_n20003_cV5_covariance_s5,phase2/results/predictions/full/mixed/tcn/seed_101/bandpass_n20003_cV5_covariance_s5.npz,76278,281a93cbf5c3f5ba8c5a6bb1999b8ef9344423309ef56252db483095638dc7ed
tcn,mixed,101,bandpass_n20003_cV5_covariance_s0,phase2/results/predictions/full/mixed/tcn/seed_101/bandpass_n20003_cV5_covariance_s0.npz,76019,aea9ded121f984d212a8267035b130d593731c587331bd18417f33ddd63066b5
tcn,mixed,101,bandpass_n20003_cV6_independent_rms_s20,phase2/results/predictions/full/mixed/tcn/seed_101/bandpass_n20003_cV6_independent_rms_s20.npz,76381,3dbe52fcbf8411f0788e56997ef7fa7601667d6b3f15eb5d482ede0cc05e1339
tcn,mixed,101,bandpass_n20003_cV6_independent_rms_s15,phase2/results/predictions/full/mixed/tcn/seed_101/bandpass_n20003_cV6_independent_rms_s15.npz,76389,7be3885e93f8b439dac030e717b831329efd81b07a26112e92e6cca06d3b2407
tcn,mixed,101,bandpass_n20003_cV6_independent_rms_s10,phase2/results/predictions/full/mixed/tcn/seed_101/bandpass_n20003_cV6_independent_rms_s10.npz,76355,4526a037f9413f4addce3e2c07f328adc701259e868efe1561637709ac84bf8c
tcn,mixed,101,bandpass_n20003_cV6_independent_rms_s5,phase2/results/predictions/full/mixed/tcn/seed_101/bandpass_n20003_cV6_independent_rms_s5.npz,76282,4fc3fc0851b8be3b2590c53ed27234c77404a43e211367c12cfb481630e2032e
tcn,mixed,101,bandpass_n20003_cV6_independent_rms_s0,phase2/results/predictions/full/mixed/tcn/seed_101/bandpass_n20003_cV6_independent_rms_s0.npz,76103,8e3c0b7d66484e50588d6cdbb53ac8c77af074fe3e4822cd6b3c22fa52ea5cdd
tcn,mixed,101,bandpass_n20003_cV6_electrode_s20,phase2/results/predictions/full/mixed/tcn/seed_101/bandpass_n20003_cV6_electrode_s20.npz,76331,8d0064324dadf7ac65cbcbdaeb27ae09620a4ed61e0d60276789fa6b44db2895
tcn,mixed,101,bandpass_n20003_cV6_electrode_s15,phase2/results/predictions/full/mixed/tcn/seed_101/bandpass_n20003_cV6_electrode_s15.npz,76399,772322af117e5d3019153c48c3d69470768da75a5b5ccaff9e4f410c75ff8716
tcn,mixed,101,bandpass_n20003_cV6_electrode_s10,phase2/results/predictions/full/mixed/tcn/seed_101/bandpass_n20003_cV6_electrode_s10.npz,76361,343bcf48fba9bb2732b12ac1e09d09c4acd638e8e04a3dfa5a9f5701860f1941
tcn,mixed,101,bandpass_n20003_cV6_electrode_s5,phase2/results/predictions/full/mixed/tcn/seed_101/bandpass_n20003_cV6_electrode_s5.npz,76293,20a4977b8ebc22e1b6facdb52039994f64373568b902533e6a34853c5084ebfc
tcn,mixed,101,bandpass_n20003_cV6_electrode_s0,phase2/results/predictions/full/mixed/tcn/seed_101/bandpass_n20003_cV6_electrode_s0.npz,76079,b41191db79098ecfcc5df5011f8327f82d372a5e424eb3eb9409e2c81bb3addd
tcn,mixed,101,bandpass_n20003_cV6_covariance_s20,phase2/results/predictions/full/mixed/tcn/seed_101/bandpass_n20003_cV6_covariance_s20.npz,76355,9a2bb2240669d83f05484a1ca51150b4d3b438ac1498ff57e506bc00092f2f0e
tcn,mixed,101,bandpass_n20003_cV6_covariance_s15,phase2/results/predictions/full/mixed/tcn/seed_101/bandpass_n20003_cV6_covariance_s15.npz,76376,eb81b1b28f7330ab53aa189e77fdfdd88908b810bdf1e56fda76448590f1c02c
tcn,mixed,101,bandpass_n20003_cV6_covariance_s10,phase2/results/predictions/full/mixed/tcn/seed_101/bandpass_n20003_cV6_covariance_s10.npz,76343,2f2051fd5e5fa66dbca6f141a56442015ac22f87870f91093ee447a8845ef53a
tcn,mixed,101,bandpass_n20003_cV6_covariance_s5,phase2/results/predictions/full/mixed/tcn/seed_101/bandpass_n20003_cV6_covariance_s5.npz,76322,24bd321f322a68ca9bbc769abd71df2b66190f1fa8bfa4f47999425e0a92565f
tcn,mixed,101,bandpass_n20003_cV6_covariance_s0,phase2/results/predictions/full/mixed/tcn/seed_101/bandpass_n20003_cV6_covariance_s0.npz,76058,3e8f63426b8ebb5c6964441b5a7d39631d68db6f7f78b7f02191fa617713166b
tcn,mixed,101,bandpass_n20003_cRA_LA_independent_rms_s20,phase2/results/predictions/full/mixed/tcn/seed_101/bandpass_n20003_cRA_LA_independent_rms_s20.npz,76399,e053477df18d42cb6996967443a24fbe40a1da7a9081766b4312960c3d462bc5
tcn,mixed,101,bandpass_n20003_cRA_LA_independent_rms_s15,phase2/results/predictions/full/mixed/tcn/seed_101/bandpass_n20003_cRA_LA_independent_rms_s15.npz,76363,6dce12acd935349d899d33f3b5d85a6dba153fcf8a7e509dcc0960b1e2403e41
tcn,mixed,101,bandpass_n20003_cRA_LA_independent_rms_s10,phase2/results/predictions/full/mixed/tcn/seed_101/bandpass_n20003_cRA_LA_independent_rms_s10.npz,76354,d60590db603e8f0249e0ddd6f9f91ad9cb2625e0c9d29b147ba9b39561e751da
tcn,mixed,101,bandpass_n20003_cRA_LA_independent_rms_s5,phase2/results/predictions/full/mixed/tcn/seed_101/bandpass_n20003_cRA_LA_independent_rms_s5.npz,76291,568fd01596c5ca69c9d650b590f976a82e95efc19a5d35be2bb43ef0b1328292
tcn,mixed,101,bandpass_n20003_cRA_LA_independent_rms_s0,phase2/results/predictions/full/mixed/tcn/seed_101/bandpass_n20003_cRA_LA_independent_rms_s0.npz,75977,afcba41048a0934c1e067cf1163eb339311b289b74f9a1ca7df64f15a4c1668d
tcn,mixed,101,bandpass_n20003_cRA_LA_electrode_s20,phase2/results/predictions/full/mixed/tcn/seed_101/bandpass_n20003_cRA_LA_electrode_s20.npz,76382,8ba87346ebea1638057a672b20e9b5b96fcf85ceaec6a12fa7a415f344fa798c
tcn,mixed,101,bandpass_n20003_cRA_LA_electrode_s15,phase2/results/predictions/full/mixed/tcn/seed_101/bandpass_n20003_cRA_LA_electrode_s15.npz,76396,6b663c92075a2296a8ddd2b0b8a878aabbf067f2b673af10a7b8c6ecec9538d3
tcn,mixed,101,bandpass_n20003_cRA_LA_electrode_s10,phase2/results/predictions/full/mixed/tcn/seed_101/bandpass_n20003_cRA_LA_electrode_s10.npz,76304,2e38ca0aca163f360a55608aefb2faf37e8e9f240aa05f7b87cb9a1ab26edbc4
tcn,mixed,101,bandpass_n20003_cRA_LA_electrode_s5,phase2/results/predictions/full/mixed/tcn/seed_101/bandpass_n20003_cRA_LA_electrode_s5.npz,76099,92649e42d45bce03ae5622db33883f8c44633ed4c3953e1a644bf669d9cb2168
tcn,mixed,101,bandpass_n20003_cRA_LA_electrode_s0,phase2/results/predictions/full/mixed/tcn/seed_101/bandpass_n20003_cRA_LA_electrode_s0.npz,75805,fdde7fa2b7d53b0c84df2556fb272b979e10fcdb78407538aea800c8385e5e2b
tcn,mixed,101,bandpass_n20003_cRA_LA_covariance_s20,phase2/results/predictions/full/mixed/tcn/seed_101/bandpass_n20003_cRA_LA_covariance_s20.npz,76400,38cba47c647c9844334e8aeaedd0df26b46d635b3f4f255b1b25ccb913c32b55
tcn,mixed,101,bandpass_n20003_cRA_LA_covariance_s15,phase2/results/predictions/full/mixed/tcn/seed_101/bandpass_n20003_cRA_LA_covariance_s15.npz,76352,685c5afee8ff590b6c56d34707ec3909de0ba6ce2b5999660f3ece88b92cb7fb
tcn,mixed,101,bandpass_n20003_cRA_LA_covariance_s10,phase2/results/predictions/full/mixed/tcn/seed_101/bandpass_n20003_cRA_LA_covariance_s10.npz,76293,05dc5c94c3bf1317973cb123bb290f8c863ad1a2ac72e66c1cca8761cd853a5d
tcn,mixed,101,bandpass_n20003_cRA_LA_covariance_s5,phase2/results/predictions/full/mixed/tcn/seed_101/bandpass_n20003_cRA_LA_covariance_s5.npz,76122,ad988c6a2b8deee8cf61e93290e62a397c46d65f369ab0fbdacf4db9a548c23c
tcn,mixed,101,bandpass_n20003_cRA_LA_covariance_s0,phase2/results/predictions/full/mixed/tcn/seed_101/bandpass_n20003_cRA_LA_covariance_s0.npz,75805,96e6b0cfe4ebcd2750f67ef62370edbb805884268db3318bbc4f4e147c510075
tcn,mixed,101,bandpass_n20003_cLA_LL_independent_rms_s20,phase2/results/predictions/full/mixed/tcn/seed_101/bandpass_n20003_cLA_LL_independent_rms_s20.npz,76357,46eea3fc8b5fe1bce9f97d1ee26616c3602044111f8c4ef947452dd7160e6a91
tcn,mixed,101,bandpass_n20003_cLA_LL_independent_rms_s15,phase2/results/predictions/full/mixed/tcn/seed_101/bandpass_n20003_cLA_LL_independent_rms_s15.npz,76400,e344efc6d3ec8ada094690421eb567ae299eb9c62f5dde05a5899a31b486cf88
tcn,mixed,101,bandpass_n20003_cLA_LL_independent_rms_s10,phase2/results/predictions/full/mixed/tcn/seed_101/bandpass_n20003_cLA_LL_independent_rms_s10.npz,76357,eb92ba9084d1d724fa27b0552be580fdab98d45f612c29633d3f306163ebd243
tcn,mixed,101,bandpass_n20003_cLA_LL_independent_rms_s5,phase2/results/predictions/full/mixed/tcn/seed_101/bandpass_n20003_cLA_LL_independent_rms_s5.npz,76264,f8dad050e47c1bf6660a45b02510a8249a81c04bb1a76896255bce0523aaa11d
tcn,mixed,101,bandpass_n20003_cLA_LL_independent_rms_s0,phase2/results/predictions/full/mixed/tcn/seed_101/bandpass_n20003_cLA_LL_independent_rms_s0.npz,76018,e81c82a4e23c15a42026b91824c765de50a67b7fe834b0962f06a5c7f4bca8fd
tcn,mixed,101,bandpass_n20003_cLA_LL_electrode_s20,phase2/results/predictions/full/mixed/tcn/seed_101/bandpass_n20003_cLA_LL_electrode_s20.npz,76352,cd6b3d627cecf7730747cc5b5be0f4c259cf3f3bc1fd60642c2808865e6a3c07
tcn,mixed,101,bandpass_n20003_cLA_LL_electrode_s15,phase2/results/predictions/full/mixed/tcn/seed_101/bandpass_n20003_cLA_LL_electrode_s15.npz,76376,fb8d1fd8df5b2ef10fddb7aa33b1383b2251c7391189f902e50e604a04f11a9f
tcn,mixed,101,bandpass_n20003_cLA_LL_electrode_s10,phase2/results/predictions/full/mixed/tcn/seed_101/bandpass_n20003_cLA_LL_electrode_s10.npz,76351,38acb3bff758d0d26cda46a6d83175b1229902bdbcbd60c55aefcd33d69d8b41
tcn,mixed,101,bandpass_n20003_cLA_LL_electrode_s5,phase2/results/predictions/full/mixed/tcn/seed_101/bandpass_n20003_cLA_LL_electrode_s5.npz,76172,be1d22a4229e388143b5e157c6142c7b17c147fdcfa35cbb8d7f0a561aa9ecff
tcn,mixed,101,bandpass_n20003_cLA_LL_electrode_s0,phase2/results/predictions/full/mixed/tcn/seed_101/bandpass_n20003_cLA_LL_electrode_s0.npz,75799,0cd758ace6493ec5e9c09d601b3664a5dcfaaa59a455f66504c5709d059e4035
tcn,mixed,101,bandpass_n20003_cLA_LL_covariance_s20,phase2/results/predictions/full/mixed/tcn/seed_101/bandpass_n20003_cLA_LL_covariance_s20.npz,76364,781cb948a11cbd86faeab5b742897244f6374ef0f03a6f54632c54fe40769ad6
tcn,mixed,101,bandpass_n20003_cLA_LL_covariance_s15,phase2/results/predictions/full/mixed/tcn/seed_101/bandpass_n20003_cLA_LL_covariance_s15.npz,76366,f284eb9064b1dab62cdfedfff1c47718b85ed7b32faeddf57cbc3afa03efcaf4
tcn,mixed,101,bandpass_n20003_cLA_LL_covariance_s10,phase2/results/predictions/full/mixed/tcn/seed_101/bandpass_n20003_cLA_LL_covariance_s10.npz,76328,85665b80152db4d9a97955477a2e47e0c5baf0e79aa8299b3c012bc7a73c8b54
tcn,mixed,101,bandpass_n20003_cLA_LL_covariance_s5,phase2/results/predictions/full/mixed/tcn/seed_101/bandpass_n20003_cLA_LL_covariance_s5.npz,76181,168f2fd2be643ea9e490bef215b165f56ff37bc56464f4ca742127916a2ffc25
tcn,mixed,101,bandpass_n20003_cLA_LL_covariance_s0,phase2/results/predictions/full/mixed/tcn/seed_101/bandpass_n20003_cLA_LL_covariance_s0.npz,75805,e55393209ead359cad01f5faab8b84c5cf65ee745e8524c4edb37491f9892d1e
tcn,mixed,101,bandpass_n20003_cRA_LL_independent_rms_s20,phase2/results/predictions/full/mixed/tcn/seed_101/bandpass_n20003_cRA_LL_independent_rms_s20.npz,76365,c39b21ef6827708dcf78610dd4e0cc6e5972cd0718a35ae24f8090cd5d50082b
tcn,mixed,101,bandpass_n20003_cRA_LL_independent_rms_s15,phase2/results/predictions/full/mixed/tcn/seed_101/bandpass_n20003_cRA_LL_independent_rms_s15.npz,76391,770f4eb4ba8f073a27860edbe2e768816fb2618e5a322ec6f6f1ffdec0b102ba
tcn,mixed,101,bandpass_n20003_cRA_LL_independent_rms_s10,phase2/results/predictions/full/mixed/tcn/seed_101/bandpass_n20003_cRA_LL_independent_rms_s10.npz,76353,b43351de21beee45fb413c6e94abfeb90d5510cdd686ffff3871c80906f4a20b
tcn,mixed,101,bandpass_n20003_cRA_LL_independent_rms_s5,phase2/results/predictions/full/mixed/tcn/seed_101/bandpass_n20003_cRA_LL_independent_rms_s5.npz,76266,36dcae969fd9fbe3a4aaa03b934fbbcf1d5bab8a358bf4dd123ce3b3de8e4a7e
tcn,mixed,101,bandpass_n20003_cRA_LL_independent_rms_s0,phase2/results/predictions/full/mixed/tcn/seed_101/bandpass_n20003_cRA_LL_independent_rms_s0.npz,76037,29e44abf3785c57f4c0c7b3b45343a74d75ddb8233f479a8d9f1d7be62271ec6
tcn,mixed,101,bandpass_n20003_cRA_LL_electrode_s20,phase2/results/predictions/full/mixed/tcn/seed_101/bandpass_n20003_cRA_LL_electrode_s20.npz,76384,7df94d56bc4692bf4b34b3688d5cd4ee11944ebbd210d0797497e27d81612925
tcn,mixed,101,bandpass_n20003_cRA_LL_electrode_s15,phase2/results/predictions/full/mixed/tcn/seed_101/bandpass_n20003_cRA_LL_electrode_s15.npz,76370,08ddcce54b5e4333f4c0adf53232773924511c164bd9cc24903fb3444d22767f
tcn,mixed,101,bandpass_n20003_cRA_LL_electrode_s10,phase2/results/predictions/full/mixed/tcn/seed_101/bandpass_n20003_cRA_LL_electrode_s10.npz,76336,b4b4a8c072ede4c871b49d09991731e2e1554fb0aedb6f2db8524963c6a23f12
tcn,mixed,101,bandpass_n20003_cRA_LL_electrode_s5,phase2/results/predictions/full/mixed/tcn/seed_101/bandpass_n20003_cRA_LL_electrode_s5.npz,76124,b902d9f1bb7e2bc8c9ddb8a3630eed3507374f31da212b0a315f2c769994b8cf
tcn,mixed,101,bandpass_n20003_cRA_LL_electrode_s0,phase2/results/predictions/full/mixed/tcn/seed_101/bandpass_n20003_cRA_LL_electrode_s0.npz,75804,aa98567a6bea6defd90b98a8da0e7e63b887657dbcc2e34543f3438e79b0a0f9
tcn,mixed,101,bandpass_n20003_cRA_LL_covariance_s20,phase2/results/predictions/full/mixed/tcn/seed_101/bandpass_n20003_cRA_LL_covariance_s20.npz,76356,0b7dd735fb67885e929d9dfaabab5166eb4c00c48b784400c0fc0676018a350b
tcn,mixed,101,bandpass_n20003_cRA_LL_covariance_s15,phase2/results/predictions/full/mixed/tcn/seed_101/bandpass_n20003_cRA_LL_covariance_s15.npz,76345,93248242435f82375d00d25a536df894256363c81a2fb7353b01398c42703d70
tcn,mixed,101,bandpass_n20003_cRA_LL_covariance_s10,phase2/results/predictions/full/mixed/tcn/seed_101/bandpass_n20003_cRA_LL_covariance_s10.npz,76311,184a248db7e938f53bc463c46129566fe4cc0d6c42afd69d154015861bab7520
tcn,mixed,101,bandpass_n20003_cRA_LL_covariance_s5,phase2/results/predictions/full/mixed/tcn/seed_101/bandpass_n20003_cRA_LL_covariance_s5.npz,76129,3a0262b58d5c1c57e7b92dd5c55b9bfaab92e4baf2c092fcf3afe6d703b6dc39
tcn,mixed,101,bandpass_n20003_cRA_LL_covariance_s0,phase2/results/predictions/full/mixed/tcn/seed_101/bandpass_n20003_cRA_LL_covariance_s0.npz,75772,a03fa15c643406d8589de48c602f42df7d295144b498d9042063a3616d4a3651
tcn,mixed,101,bandpass_n20003_cRA_independent_rms_s20,phase2/results/predictions/full/mixed/tcn/seed_101/bandpass_n20003_cRA_independent_rms_s20.npz,76361,242c1aae14c9b8b512a15a4938e5f29a3dc97885180567672bdceb0095e7ef45
tcn,mixed,101,bandpass_n20003_cRA_independent_rms_s15,phase2/results/predictions/full/mixed/tcn/seed_101/bandpass_n20003_cRA_independent_rms_s15.npz,76392,bdfdc92acf7d0d063bad6e840132ca5e0e7677b05375dc0f74d853801ff08768
tcn,mixed,101,bandpass_n20003_cRA_independent_rms_s10,phase2/results/predictions/full/mixed/tcn/seed_101/bandpass_n20003_cRA_independent_rms_s10.npz,76313,63f5434989c13e01d7a23afaf2c67e563acb3809d306cc3038920713b60ad1fd
tcn,mixed,101,bandpass_n20003_cRA_independent_rms_s5,phase2/results/predictions/full/mixed/tcn/seed_101/bandpass_n20003_cRA_independent_rms_s5.npz,76291,639e10cf08c0de6d0eb9c98f4057c02c752ec427a48a0f292edf66a6cbd7597d
tcn,mixed,101,bandpass_n20003_cRA_independent_rms_s0,phase2/results/predictions/full/mixed/tcn/seed_101/bandpass_n20003_cRA_independent_rms_s0.npz,76072,7b37b504bfd8341488c2aa3ba0a4abf7ce5960f01737a4c3c7392d74a5b889c3
tcn,mixed,101,bandpass_n20003_cRA_electrode_s20,phase2/results/predictions/full/mixed/tcn/seed_101/bandpass_n20003_cRA_electrode_s20.npz,76374,0a1a2e09d6ee2458740d9ed824375c3fd68dbfdc05217fe54dd5b2d9764a24b8
tcn,mixed,101,bandpass_n20003_cRA_electrode_s15,phase2/results/predictions/full/mixed/tcn/seed_101/bandpass_n20003_cRA_electrode_s15.npz,76327,c03cff0dbc8a9a02d80edd64c2ced3c17daa990a1212439c0d1c0d01a7ddb7eb
tcn,mixed,101,bandpass_n20003_cRA_electrode_s10,phase2/results/predictions/full/mixed/tcn/seed_101/bandpass_n20003_cRA_electrode_s10.npz,76286,b48280c0d87456066bbf513e8363c6f2ed408cf34382ce62fc6f3ea324ce88bd
tcn,mixed,101,bandpass_n20003_cRA_electrode_s5,phase2/results/predictions/full/mixed/tcn/seed_101/bandpass_n20003_cRA_electrode_s5.npz,76090,8aefb1cd97817802d8db5227648a27e71e788f5abee950505eac8a1fa3945833
tcn,mixed,101,bandpass_n20003_cRA_electrode_s0,phase2/results/predictions/full/mixed/tcn/seed_101/bandpass_n20003_cRA_electrode_s0.npz,75817,6486cff47e29f792884abac6c7347c31012df94980b211af2ea7c2f4e25b458a
tcn,mixed,101,bandpass_n20003_cRA_covariance_s20,phase2/results/predictions/full/mixed/tcn/seed_101/bandpass_n20003_cRA_covariance_s20.npz,76368,ff5bf1dd192773ee6ebf13048ade1dec23042d8f256e32f30699b7d7d0a54b44
tcn,mixed,101,bandpass_n20003_cRA_covariance_s15,phase2/results/predictions/full/mixed/tcn/seed_101/bandpass_n20003_cRA_covariance_s15.npz,76360,6acbda66435a38d60d70fc4a900c549e0d33ed17f601fb6ed19a508c13ebcea9
tcn,mixed,101,bandpass_n20003_cRA_covariance_s10,phase2/results/predictions/full/mixed/tcn/seed_101/bandpass_n20003_cRA_covariance_s10.npz,76289,03454541dce620a5dd769bfac4d03c69e4bf6f79af8f51ff60da6e0fd0bd21dc
tcn,mixed,101,bandpass_n20003_cRA_covariance_s5,phase2/results/predictions/full/mixed/tcn/seed_101/bandpass_n20003_cRA_covariance_s5.npz,76114,18de14c7af98a2791b211e0fc27bb869c34bd6dc542a143c574a27218704bc3d
tcn,mixed,101,bandpass_n20003_cRA_covariance_s0,phase2/results/predictions/full/mixed/tcn/seed_101/bandpass_n20003_cRA_covariance_s0.npz,75836,98eb6a19a6c2c202c9a3ca466da97c4d3771123dc2d13be7284248443a4baea1
tcn,mixed,101,bandpass_n20003_cLA_independent_rms_s20,phase2/results/predictions/full/mixed/tcn/seed_101/bandpass_n20003_cLA_independent_rms_s20.npz,76381,30e754e69166bfbd18f8d5d4dadf239158ec77212553d57b0ccde4e49dfbf29b
tcn,mixed,101,bandpass_n20003_cLA_independent_rms_s15,phase2/results/predictions/full/mixed/tcn/seed_101/bandpass_n20003_cLA_independent_rms_s15.npz,76389,165034c3ce3ca09a835eea7cc08b46780820fb74f249cc38e7d0bb4b89352c35
tcn,mixed,101,bandpass_n20003_cLA_independent_rms_s10,phase2/results/predictions/full/mixed/tcn/seed_101/bandpass_n20003_cLA_independent_rms_s10.npz,76363,b1cbc31932626ccb637b38f9616f798677df1a47ce1a1aeac5537aa9b7cb63bf
tcn,mixed,101,bandpass_n20003_cLA_independent_rms_s5,phase2/results/predictions/full/mixed/tcn/seed_101/bandpass_n20003_cLA_independent_rms_s5.npz,76266,7bada8bf26f9807a40573c9914466b2a8d22db6739181f29a2229061d243c353
tcn,mixed,101,bandpass_n20003_cLA_independent_rms_s0,phase2/results/predictions/full/mixed/tcn/seed_101/bandpass_n20003_cLA_independent_rms_s0.npz,75988,dc9d20b4bfc06fd78413765dbbac9dfd1ff05a5d8b037487e107fc6618319827
tcn,mixed,101,bandpass_n20003_cLA_electrode_s20,phase2/results/predictions/full/mixed/tcn/seed_101/bandpass_n20003_cLA_electrode_s20.npz,76343,9b0b0f34a69552c3315b0093f8d8f931978a326a398aaf99406dc6e34af85501
tcn,mixed,101,bandpass_n20003_cLA_electrode_s15,phase2/results/predictions/full/mixed/tcn/seed_101/bandpass_n20003_cLA_electrode_s15.npz,76369,516b5749f9556ce75603f200701fdabc58ba11318a8ac494adc574a9aa170e60
tcn,mixed,101,bandpass_n20003_cLA_electrode_s10,phase2/results/predictions/full/mixed/tcn/seed_101/bandpass_n20003_cLA_electrode_s10.npz,76330,fdccfc12a5ea11bfe5f085ef98d8506c5f703b7af0f0486fae022bc8f761321d
tcn,mixed,101,bandpass_n20003_cLA_electrode_s5,phase2/results/predictions/full/mixed/tcn/seed_101/bandpass_n20003_cLA_electrode_s5.npz,76165,4f6d8e2dd35659665d43da1c88199eb83d779b0b23f9334b20c4caf977f3b9ef
tcn,mixed,101,bandpass_n20003_cLA_electrode_s0,phase2/results/predictions/full/mixed/tcn/seed_101/bandpass_n20003_cLA_electrode_s0.npz,75796,4172b8ad8f768cd16895ae8c6429ccecfae71f57a0c8f4c5df7ba1a7a1fb6cdd
tcn,mixed,101,bandpass_n20003_cLA_covariance_s20,phase2/results/predictions/full/mixed/tcn/seed_101/bandpass_n20003_cLA_covariance_s20.npz,76362,f9f8a5dbc3ed1eb0cda4bb7bb082dbb44dc50995689ec4a82b1def709011f1fa
tcn,mixed,101,bandpass_n20003_cLA_covariance_s15,phase2/results/predictions/full/mixed/tcn/seed_101/bandpass_n20003_cLA_covariance_s15.npz,76354,b37858b7d18440e6dee909845750b7a378969f6c6e8a00bef907812a9bafb98a
tcn,mixed,101,bandpass_n20003_cLA_covariance_s10,phase2/results/predictions/full/mixed/tcn/seed_101/bandpass_n20003_cLA_covariance_s10.npz,76323,4bbe83769a61e69211bf5e6dddbf8cab707c2c6522c7518eb982547a4f2f2c79
tcn,mixed,101,bandpass_n20003_cLA_covariance_s5,phase2/results/predictions/full/mixed/tcn/seed_101/bandpass_n20003_cLA_covariance_s5.npz,76168,efe408de05040fa41d38f857f4b8d515b914538648ab991ed072cfb140bdbe1f
tcn,mixed,101,bandpass_n20003_cLA_covariance_s0,phase2/results/predictions/full/mixed/tcn/seed_101/bandpass_n20003_cLA_covariance_s0.npz,75785,7b766b7de45cffb12ab4eb53741a20ef67a2b0fa3cf49709e5c95ad9588cdc5c
tcn,mixed,101,bandpass_n20003_cLL_independent_rms_s20,phase2/results/predictions/full/mixed/tcn/seed_101/bandpass_n20003_cLL_independent_rms_s20.npz,76374,63a7f30eb1eedfde634a9388a3c617e161a7414d2b26fa73a88fb6d49528db30
tcn,mixed,101,bandpass_n20003_cLL_independent_rms_s15,phase2/results/predictions/full/mixed/tcn/seed_101/bandpass_n20003_cLL_independent_rms_s15.npz,76365,37ddf0427d414e67c2070ac3bcae0edcf9f40ae8f818ce3a5556ba520c542791
tcn,mixed,101,bandpass_n20003_cLL_independent_rms_s10,phase2/results/predictions/full/mixed/tcn/seed_101/bandpass_n20003_cLL_independent_rms_s10.npz,76357,09c3169341e87f9f0acf7c1da4258efa5e494eb8ea1f4bfc2519acbae4504310
tcn,mixed,101,bandpass_n20003_cLL_independent_rms_s5,phase2/results/predictions/full/mixed/tcn/seed_101/bandpass_n20003_cLL_independent_rms_s5.npz,76278,37f95773241e3858f2e1a8b36fd25d3ff753c960c487fefbd2118d2ba371212e
tcn,mixed,101,bandpass_n20003_cLL_independent_rms_s0,phase2/results/predictions/full/mixed/tcn/seed_101/bandpass_n20003_cLL_independent_rms_s0.npz,75953,58d7afffd2154fe25320d1c3b0ae731b9ab887e8014966962852d1a0425236db
tcn,mixed,101,bandpass_n20003_cLL_electrode_s20,phase2/results/predictions/full/mixed/tcn/seed_101/bandpass_n20003_cLL_electrode_s20.npz,76346,24eaa8281c3b5f948320c2045164224ee7ec8e1a92dd55dd2c1ec007283c0b5d
tcn,mixed,101,bandpass_n20003_cLL_electrode_s15,phase2/results/predictions/full/mixed/tcn/seed_101/bandpass_n20003_cLL_electrode_s15.npz,76359,1bcbc2fe1004ff1f334bf227a7973d275106b49eb036666445cdb08ab0e92f9d
tcn,mixed,101,bandpass_n20003_cLL_electrode_s10,phase2/results/predictions/full/mixed/tcn/seed_101/bandpass_n20003_cLL_electrode_s10.npz,76341,a55b5c94aecfff0f3b3ab46c47d9c3caab4e41a917c1214fcccc656fa15c87fa
tcn,mixed,101,bandpass_n20003_cLL_electrode_s5,phase2/results/predictions/full/mixed/tcn/seed_101/bandpass_n20003_cLL_electrode_s5.npz,76165,e81b680b4777c26ae69a8e3eeb198129e8264f3f86dd54088408f9e12575c5a3
tcn,mixed,101,bandpass_n20003_cLL_electrode_s0,phase2/results/predictions/full/mixed/tcn/seed_101/bandpass_n20003_cLL_electrode_s0.npz,75830,11b99f9442296ed3f2ba6266ae7967ab93905b7661e7572420c02d5dfccaf18b
tcn,mixed,101,bandpass_n20003_cLL_covariance_s20,phase2/results/predictions/full/mixed/tcn/seed_101/bandpass_n20003_cLL_covariance_s20.npz,76387,3419a8d713f8f242f2ad6358c598d60b5e2e5ead4c27031bf780913bb08083e3
tcn,mixed,101,bandpass_n20003_cLL_covariance_s15,phase2/results/predictions/full/mixed/tcn/seed_101/bandpass_n20003_cLL_covariance_s15.npz,76367,0e4d9ad6d8e7b2665a10f3e34513883c7b80fdc8b985da35effb7bc061c0069e
tcn,mixed,101,bandpass_n20003_cLL_covariance_s10,phase2/results/predictions/full/mixed/tcn/seed_101/bandpass_n20003_cLL_covariance_s10.npz,76345,8714af4764f4c1c2f099d52d42994402d310c59ab92083c4631f279743415f68
tcn,mixed,101,bandpass_n20003_cLL_covariance_s5,phase2/results/predictions/full/mixed/tcn/seed_101/bandpass_n20003_cLL_covariance_s5.npz,76192,cfed2b407393580b4e2b63665844798d5e477a353df58979788f638826b6a24d
tcn,mixed,101,bandpass_n20003_cLL_covariance_s0,phase2/results/predictions/full/mixed/tcn/seed_101/bandpass_n20003_cLL_covariance_s0.npz,75864,21a6f6e9f7425ad9e7b3f21cc6ed256a24352ce832eb7b9df444e94ceae02a0b
tcn,mixed,101,bandpass_n20003_cRA_V1_independent_rms_s20,phase2/results/predictions/full/mixed/tcn/seed_101/bandpass_n20003_cRA_V1_independent_rms_s20.npz,76357,0ebaf46ea2d2b94e2f793ca6371c4f38d83bd2f491273c304320c3797555026a
tcn,mixed,101,bandpass_n20003_cRA_V1_independent_rms_s15,phase2/results/predictions/full/mixed/tcn/seed_101/bandpass_n20003_cRA_V1_independent_rms_s15.npz,76414,56744ced5f84f8535675c60ae539155458f2f744e8898d3edfd90efd7ac327d4
tcn,mixed,101,bandpass_n20003_cRA_V1_independent_rms_s10,phase2/results/predictions/full/mixed/tcn/seed_101/bandpass_n20003_cRA_V1_independent_rms_s10.npz,76361,7f2ad76a369ee08d46dc799de320a1e03bcc8514257962e9599b75b43cb33716
tcn,mixed,101,bandpass_n20003_cRA_V1_independent_rms_s5,phase2/results/predictions/full/mixed/tcn/seed_101/bandpass_n20003_cRA_V1_independent_rms_s5.npz,76270,92b83988fa297bc04653d60c4fd3942a46d049d11381db23912c36da25ec4c63
tcn,mixed,101,bandpass_n20003_cRA_V1_independent_rms_s0,phase2/results/predictions/full/mixed/tcn/seed_101/bandpass_n20003_cRA_V1_independent_rms_s0.npz,76041,53db7cc95a96b79473ed487e61af96255e241b889241aee06dd95ce1d90a10fd
tcn,mixed,101,bandpass_n20003_cRA_V1_electrode_s20,phase2/results/predictions/full/mixed/tcn/seed_101/bandpass_n20003_cRA_V1_electrode_s20.npz,76370,c8f514d18d5dd04fda67bddf90e574004e4425ccd86b06588b541bb262aef5de
tcn,mixed,101,bandpass_n20003_cRA_V1_electrode_s15,phase2/results/predictions/full/mixed/tcn/seed_101/bandpass_n20003_cRA_V1_electrode_s15.npz,76350,134e1d7d280141eb27b9d0d102d0539ed417bd4b1707a42f462f9ba3b778a186
tcn,mixed,101,bandpass_n20003_cRA_V1_electrode_s10,phase2/results/predictions/full/mixed/tcn/seed_101/bandpass_n20003_cRA_V1_electrode_s10.npz,76292,dc282fd2a72abc482a306503ad69464ba211643fb1c4ca3a4079f4db499eb213
tcn,mixed,101,bandpass_n20003_cRA_V1_electrode_s5,phase2/results/predictions/full/mixed/tcn/seed_101/bandpass_n20003_cRA_V1_electrode_s5.npz,76115,3084cdb445f39ef3a8d2d5b11b32697f58a3cec2b718678e077b5dbf9184f078
tcn,mixed,101,bandpass_n20003_cRA_V1_electrode_s0,phase2/results/predictions/full/mixed/tcn/seed_101/bandpass_n20003_cRA_V1_electrode_s0.npz,75835,b62450641e4d2713e0adb3dfe557b5fa6e9e350d5ecd86f5f13571d6b70b7a49
tcn,mixed,101,bandpass_n20003_cRA_V1_covariance_s20,phase2/results/predictions/full/mixed/tcn/seed_101/bandpass_n20003_cRA_V1_covariance_s20.npz,76377,f5f584eb45fc993ee139486b85cccee9b54ae2f5788f916fada7ee1aaa253666
tcn,mixed,101,bandpass_n20003_cRA_V1_covariance_s15,phase2/results/predictions/full/mixed/tcn/seed_101/bandpass_n20003_cRA_V1_covariance_s15.npz,76362,c376a10a740befec7e53af8a773d3088982eda03621d06b387933559db386db8
tcn,mixed,101,bandpass_n20003_cRA_V1_covariance_s10,phase2/results/predictions/full/mixed/tcn/seed_101/bandpass_n20003_cRA_V1_covariance_s10.npz,76314,b1edc6180ab66558378832c3fb3cfd94a6e1cf947b4545c278a76d31c74625f3
tcn,mixed,101,bandpass_n20003_cRA_V1_covariance_s5,phase2/results/predictions/full/mixed/tcn/seed_101/bandpass_n20003_cRA_V1_covariance_s5.npz,76114,1c41526f749c64abe7d4b507dca36b57206e6d645c5ecf24cf9da92d7490d87c
tcn,mixed,101,bandpass_n20003_cRA_V1_covariance_s0,phase2/results/predictions/full/mixed/tcn/seed_101/bandpass_n20003_cRA_V1_covariance_s0.npz,75808,da25e407871ba9ae72a9bff59b945d5730b30933a0c974899af1719b16395a98
tcn,mixed,101,bandpass_n20003_cLA_V6_independent_rms_s20,phase2/results/predictions/full/mixed/tcn/seed_101/bandpass_n20003_cLA_V6_independent_rms_s20.npz,76412,9731de4445d3ab383a0759a512b7df102ce52a9deb24f4bc72ceef97da2e3b93
tcn,mixed,101,bandpass_n20003_cLA_V6_independent_rms_s15,phase2/results/predictions/full/mixed/tcn/seed_101/bandpass_n20003_cLA_V6_independent_rms_s15.npz,76392,15171d0ef30ebcb79f4a7ee8fa5f2d2c19bf7058885bd9327078bfcaf206e3fc
tcn,mixed,101,bandpass_n20003_cLA_V6_independent_rms_s10,phase2/results/predictions/full/mixed/tcn/seed_101/bandpass_n20003_cLA_V6_independent_rms_s10.npz,76341,34fa64356ce35e1820959a52934aa4ce90cc2bf9d1b5c988d9dbd3347c0c3d64
tcn,mixed,101,bandpass_n20003_cLA_V6_independent_rms_s5,phase2/results/predictions/full/mixed/tcn/seed_101/bandpass_n20003_cLA_V6_independent_rms_s5.npz,76284,606d643a65c1a4f98b1da495898aef7bd08904e91c344573226401d3d1e453d7
tcn,mixed,101,bandpass_n20003_cLA_V6_independent_rms_s0,phase2/results/predictions/full/mixed/tcn/seed_101/bandpass_n20003_cLA_V6_independent_rms_s0.npz,76007,3a48d7fe7c22d62be1a5c10c382c5f8a5cfadbc27caa43298d130e8c17aeb1ef
tcn,mixed,101,bandpass_n20003_cLA_V6_electrode_s20,phase2/results/predictions/full/mixed/tcn/seed_101/bandpass_n20003_cLA_V6_electrode_s20.npz,76376,bb4d185eacbdf247c426ffa0bd5d31676e0378e8fea301f56ee56d40cec563f7
tcn,mixed,101,bandpass_n20003_cLA_V6_electrode_s15,phase2/results/predictions/full/mixed/tcn/seed_101/bandpass_n20003_cLA_V6_electrode_s15.npz,76355,3ddb67913517212f340525d2a6c7d3abcfd6c314efa55af30aa42ae5e77614e8
tcn,mixed,101,bandpass_n20003_cLA_V6_electrode_s10,phase2/results/predictions/full/mixed/tcn/seed_101/bandpass_n20003_cLA_V6_electrode_s10.npz,76343,0b70590c7998d2360fd5ccd111d4e69e5d8991e4e2e87674c82dd48bc9f13002
tcn,mixed,101,bandpass_n20003_cLA_V6_electrode_s5,phase2/results/predictions/full/mixed/tcn/seed_101/bandpass_n20003_cLA_V6_electrode_s5.npz,76152,5c84a60e784224a52c88e336deecb21704df1eefc49d9b88554beb9e503257d6
tcn,mixed,101,bandpass_n20003_cLA_V6_electrode_s0,phase2/results/predictions/full/mixed/tcn/seed_101/bandpass_n20003_cLA_V6_electrode_s0.npz,75846,e96020c57726eca6ecac42b45039189dd2b1b35963be0a2f1943555ae7c3012c
tcn,mixed,101,bandpass_n20003_cLA_V6_covariance_s20,phase2/results/predictions/full/mixed/tcn/seed_101/bandpass_n20003_cLA_V6_covariance_s20.npz,76383,9dcc055f5e39130d3ae4c5c77bf468d077f199dfb83e645c8ca7abd6bdc2d151
tcn,mixed,101,bandpass_n20003_cLA_V6_covariance_s15,phase2/results/predictions/full/mixed/tcn/seed_101/bandpass_n20003_cLA_V6_covariance_s15.npz,76365,88a4c7f3fa48309b50900ee2ef998d110ec382b0742441bb0940e889143ca51d
tcn,mixed,101,bandpass_n20003_cLA_V6_covariance_s10,phase2/results/predictions/full/mixed/tcn/seed_101/bandpass_n20003_cLA_V6_covariance_s10.npz,76353,7672e89bca3be61cf8882a670c682ecb59e1ce90553b31586ebbb8914278fcfc
tcn,mixed,101,bandpass_n20003_cLA_V6_covariance_s5,phase2/results/predictions/full/mixed/tcn/seed_101/bandpass_n20003_cLA_V6_covariance_s5.npz,76193,71483b2097f9cf0ff5c4df2938860042c0594eb024f3ad3dff9ead33eabfff8f
tcn,mixed,101,bandpass_n20003_cLA_V6_covariance_s0,phase2/results/predictions/full/mixed/tcn/seed_101/bandpass_n20003_cLA_V6_covariance_s0.npz,75882,d1424192f207fac4abcfe1edd8a157a3a55efe4085503236ae8458db3b4d2dbb
tcn,mixed,101,bandpass_n20003_cLL_V4_independent_rms_s20,phase2/results/predictions/full/mixed/tcn/seed_101/bandpass_n20003_cLL_V4_independent_rms_s20.npz,76386,38c6fcd2414d10f0e4ba766c27f204e89c7183135142c15867f9f1ec4a27aff4
tcn,mixed,101,bandpass_n20003_cLL_V4_independent_rms_s15,phase2/results/predictions/full/mixed/tcn/seed_101/bandpass_n20003_cLL_V4_independent_rms_s15.npz,76410,1e0f765645543f7b054e929d749eaab391e9e6cda382ef4ec4888eace353cafd
tcn,mixed,101,bandpass_n20003_cLL_V4_independent_rms_s10,phase2/results/predictions/full/mixed/tcn/seed_101/bandpass_n20003_cLL_V4_independent_rms_s10.npz,76350,6bab1efd82c82381e09d6dc8273eefca55ac8e1b630f28eedd10475575e05b90
tcn,mixed,101,bandpass_n20003_cLL_V4_independent_rms_s5,phase2/results/predictions/full/mixed/tcn/seed_101/bandpass_n20003_cLL_V4_independent_rms_s5.npz,76303,179eb53ce7ff82fe1946fca47dfc704dc7c51e2bfc1d08f4c0d5511993a9242f
tcn,mixed,101,bandpass_n20003_cLL_V4_independent_rms_s0,phase2/results/predictions/full/mixed/tcn/seed_101/bandpass_n20003_cLL_V4_independent_rms_s0.npz,75980,8dc082bc3a76ada8a3336c27c81f38e127596b72de8726cb6e6660cb62f3f36e
tcn,mixed,101,bandpass_n20003_cLL_V4_electrode_s20,phase2/results/predictions/full/mixed/tcn/seed_101/bandpass_n20003_cLL_V4_electrode_s20.npz,76369,28e710363cdade26122e41c0a7d1b55752e6f376b6c921ce15570680f5987e05
tcn,mixed,101,bandpass_n20003_cLL_V4_electrode_s15,phase2/results/predictions/full/mixed/tcn/seed_101/bandpass_n20003_cLL_V4_electrode_s15.npz,76390,6360ba9a4ab8959af8551f3f1b6aed466707493294dacc03c511837015b2fbcd
tcn,mixed,101,bandpass_n20003_cLL_V4_electrode_s10,phase2/results/predictions/full/mixed/tcn/seed_101/bandpass_n20003_cLL_V4_electrode_s10.npz,76336,d8635a392e59a592fc8207d2cebc542a74dba6c374f95fa77ea0ac30df4ce68e
tcn,mixed,101,bandpass_n20003_cLL_V4_electrode_s5,phase2/results/predictions/full/mixed/tcn/seed_101/bandpass_n20003_cLL_V4_electrode_s5.npz,76210,e083f7d91e330a23e5e63a08227be38150f9b56afa8bf1feae23b29770348eca
tcn,mixed,101,bandpass_n20003_cLL_V4_electrode_s0,phase2/results/predictions/full/mixed/tcn/seed_101/bandpass_n20003_cLL_V4_electrode_s0.npz,75861,6251b29deb094f61fdd610654db8fd6b721fed98446f44da4ef06d0b8a69cf14
tcn,mixed,101,bandpass_n20003_cLL_V4_covariance_s20,phase2/results/predictions/full/mixed/tcn/seed_101/bandpass_n20003_cLL_V4_covariance_s20.npz,76392,6ec6ba9bd9378e59cc15688ea4c55b0de389af5edda730eb74f58f9359c13384
tcn,mixed,101,bandpass_n20003_cLL_V4_covariance_s15,phase2/results/predictions/full/mixed/tcn/seed_101/bandpass_n20003_cLL_V4_covariance_s15.npz,76361,4aa1937a9d61782dcd4ffaf16e41dcbdf9e62ac0037c3200dd0f0ea9c8aeaa4b
tcn,mixed,101,bandpass_n20003_cLL_V4_covariance_s10,phase2/results/predictions/full/mixed/tcn/seed_101/bandpass_n20003_cLL_V4_covariance_s10.npz,76352,35df0d587fa8ef3164dfe8fc48f4bf09c0b6a341e9d1332df26804496a93ec7b
tcn,mixed,101,bandpass_n20003_cLL_V4_covariance_s5,phase2/results/predictions/full/mixed/tcn/seed_101/bandpass_n20003_cLL_V4_covariance_s5.npz,76209,9f8f8bc3dfedcc1cd2778594e4af3f8a69da9c595b38418af32ef9db65ba6465
tcn,mixed,101,bandpass_n20003_cLL_V4_covariance_s0,phase2/results/predictions/full/mixed/tcn/seed_101/bandpass_n20003_cLL_V4_covariance_s0.npz,75879,6eba983f8c454ac531df11ffa9bc2b8d18fb8e05fcae3ff601b228e14c798dce
tcn,mixed,101,bandpass_n20003_cRA_LA_V1_V6_independent_rms_s20,phase2/results/predictions/full/mixed/tcn/seed_101/bandpass_n20003_cRA_LA_V1_V6_independent_rms_s20.npz,76387,3e69f85297ee54fa516a3d95a817f8b7d9f81f5504315f9ea7daa2af96607bfb
tcn,mixed,101,bandpass_n20003_cRA_LA_V1_V6_independent_rms_s15,phase2/results/predictions/full/mixed/tcn/seed_101/bandpass_n20003_cRA_LA_V1_V6_independent_rms_s15.npz,76396,a9150f453be375e7ad87e0f3d14ffcc2d9d96c7f543eece8fdf723e46b060bc4
tcn,mixed,101,bandpass_n20003_cRA_LA_V1_V6_independent_rms_s10,phase2/results/predictions/full/mixed/tcn/seed_101/bandpass_n20003_cRA_LA_V1_V6_independent_rms_s10.npz,76385,c1ef904aa0d211ec264c5d4d98c33f68725cef9ee02929489e4b1795fd3ffe3e
tcn,mixed,101,bandpass_n20003_cRA_LA_V1_V6_independent_rms_s5,phase2/results/predictions/full/mixed/tcn/seed_101/bandpass_n20003_cRA_LA_V1_V6_independent_rms_s5.npz,76303,0ceb4977f09cbefb5160a24d482b465e4aa9c3710534f934c94975c6c7a8599c
tcn,mixed,101,bandpass_n20003_cRA_LA_V1_V6_independent_rms_s0,phase2/results/predictions/full/mixed/tcn/seed_101/bandpass_n20003_cRA_LA_V1_V6_independent_rms_s0.npz,76022,eaecdf9c3f3fff57d406a824530738133c328fe6685e6abe3051f7b851b7b3b1
tcn,mixed,101,bandpass_n20003_cRA_LA_V1_V6_electrode_s20,phase2/results/predictions/full/mixed/tcn/seed_101/bandpass_n20003_cRA_LA_V1_V6_electrode_s20.npz,76396,08407149b191e5db31b802b8c3155f7bef2a8b08e9fe2fa7bdb5d63da77c7648
tcn,mixed,101,bandpass_n20003_cRA_LA_V1_V6_electrode_s15,phase2/results/predictions/full/mixed/tcn/seed_101/bandpass_n20003_cRA_LA_V1_V6_electrode_s15.npz,76333,790d9639f398f82341e19095657c9d57b8e6af54d825073bf8400b162f015579
tcn,mixed,101,bandpass_n20003_cRA_LA_V1_V6_electrode_s10,phase2/results/predictions/full/mixed/tcn/seed_101/bandpass_n20003_cRA_LA_V1_V6_electrode_s10.npz,76317,3c3cf7f2d4ecdd5a8e4c3028eecec2c45d09a7e40d9df3cc0f2cab3910d051e8
tcn,mixed,101,bandpass_n20003_cRA_LA_V1_V6_electrode_s5,phase2/results/predictions/full/mixed/tcn/seed_101/bandpass_n20003_cRA_LA_V1_V6_electrode_s5.npz,76186,ad5572ab5b538a0e94d9b77381025ffd1d08f40d1e203ac6a87c4ff28cd958ff
tcn,mixed,101,bandpass_n20003_cRA_LA_V1_V6_electrode_s0,phase2/results/predictions/full/mixed/tcn/seed_101/bandpass_n20003_cRA_LA_V1_V6_electrode_s0.npz,75804,b6563295c6c96469a8febb8c032166c6eb1f8543f06385edbe0e010217def122
tcn,mixed,101,bandpass_n20003_cRA_LA_V1_V6_covariance_s20,phase2/results/predictions/full/mixed/tcn/seed_101/bandpass_n20003_cRA_LA_V1_V6_covariance_s20.npz,76389,1b8563a01dfafad109f51e4a9a878c41490754d7dbdd476c492d5963d1e79360
tcn,mixed,101,bandpass_n20003_cRA_LA_V1_V6_covariance_s15,phase2/results/predictions/full/mixed/tcn/seed_101/bandpass_n20003_cRA_LA_V1_V6_covariance_s15.npz,76380,15c6ab17de215321063dc55e187f5ad4d56a6e872dd33606d64659e19c69cb42
tcn,mixed,101,bandpass_n20003_cRA_LA_V1_V6_covariance_s10,phase2/results/predictions/full/mixed/tcn/seed_101/bandpass_n20003_cRA_LA_V1_V6_covariance_s10.npz,76318,d620178e591723450cc731ef71e364e294cc0e8d02d672e68cdadd7fa40d0de9
tcn,mixed,101,bandpass_n20003_cRA_LA_V1_V6_covariance_s5,phase2/results/predictions/full/mixed/tcn/seed_101/bandpass_n20003_cRA_LA_V1_V6_covariance_s5.npz,76180,17bead67565b7d38114e6889c405eba761a5fced871966fda0a3ff6f446d1cb6
tcn,mixed,101,bandpass_n20003_cRA_LA_V1_V6_covariance_s0,phase2/results/predictions/full/mixed/tcn/seed_101/bandpass_n20003_cRA_LA_V1_V6_covariance_s0.npz,75788,f1b480de83e3ce58bc850aaabbbd7a0ac942e03fc598c2a1a3f212dcc2528612
tcn,mixed,101,bandpass_n20003_cRA_V2_V5_independent_rms_s20,phase2/results/predictions/full/mixed/tcn/seed_101/bandpass_n20003_cRA_V2_V5_independent_rms_s20.npz,76386,b6e0e0e854d7c42be1787030f6d639fab007df6c5c761fee7ee7e660ad039a0a
tcn,mixed,101,bandpass_n20003_cRA_V2_V5_independent_rms_s15,phase2/results/predictions/full/mixed/tcn/seed_101/bandpass_n20003_cRA_V2_V5_independent_rms_s15.npz,76380,523f7752b6d62686da198ec3d28b17f8aa610690f0cb05d4474b907d58b563ac
tcn,mixed,101,bandpass_n20003_cRA_V2_V5_independent_rms_s10,phase2/results/predictions/full/mixed/tcn/seed_101/bandpass_n20003_cRA_V2_V5_independent_rms_s10.npz,76358,3dfdc58ed842460ae158d2e792c873c2e6f382b37211335a01f1e2e7fa6d408a
tcn,mixed,101,bandpass_n20003_cRA_V2_V5_independent_rms_s5,phase2/results/predictions/full/mixed/tcn/seed_101/bandpass_n20003_cRA_V2_V5_independent_rms_s5.npz,76289,7c04fdf3ba6318ad00a9260daa82f11854279bf4b6ea7f7c55dda2e1c10c2b57
tcn,mixed,101,bandpass_n20003_cRA_V2_V5_independent_rms_s0,phase2/results/predictions/full/mixed/tcn/seed_101/bandpass_n20003_cRA_V2_V5_independent_rms_s0.npz,76024,3f8a6983c540e78a93c9dd7116d542f93c4422a06d0318ff8fd2b5baca6c9e49
tcn,mixed,101,bandpass_n20003_cRA_V2_V5_electrode_s20,phase2/results/predictions/full/mixed/tcn/seed_101/bandpass_n20003_cRA_V2_V5_electrode_s20.npz,76353,39a0d1d5751fda0fa9ec1a402862d1279972824305ce0969965fffd03caa4602
tcn,mixed,101,bandpass_n20003_cRA_V2_V5_electrode_s15,phase2/results/predictions/full/mixed/tcn/seed_101/bandpass_n20003_cRA_V2_V5_electrode_s15.npz,76382,c7014aff01ec7485ca3a8d8c0ae5c6df44752066d9ead9cc02458823ec0b33d6
tcn,mixed,101,bandpass_n20003_cRA_V2_V5_electrode_s10,phase2/results/predictions/full/mixed/tcn/seed_101/bandpass_n20003_cRA_V2_V5_electrode_s10.npz,76325,e4627483529246114c68935b682e6d78468f7620f41737e648cb24933659137a
tcn,mixed,101,bandpass_n20003_cRA_V2_V5_electrode_s5,phase2/results/predictions/full/mixed/tcn/seed_101/bandpass_n20003_cRA_V2_V5_electrode_s5.npz,76149,a32e7da90dacce894cf76c2485c47589295d6eed7dfca41232c54afdc15db663
tcn,mixed,101,bandpass_n20003_cRA_V2_V5_electrode_s0,phase2/results/predictions/full/mixed/tcn/seed_101/bandpass_n20003_cRA_V2_V5_electrode_s0.npz,75849,e8a88feb844a53a1e3c73846a10e85b7603a3f472c49717ceafa88a7afd9eacd
tcn,mixed,101,bandpass_n20003_cRA_V2_V5_covariance_s20,phase2/results/predictions/full/mixed/tcn/seed_101/bandpass_n20003_cRA_V2_V5_covariance_s20.npz,76380,911f510eed2759fa9bca9a3f627000abe33f870bfdca7cfec5a4179f383757d8
tcn,mixed,101,bandpass_n20003_cRA_V2_V5_covariance_s15,phase2/results/predictions/full/mixed/tcn/seed_101/bandpass_n20003_cRA_V2_V5_covariance_s15.npz,76378,d269a7c1d2b907614f47a9c4fe4982064615a594e083b46d4446ac47d36ee4ef
tcn,mixed,101,bandpass_n20003_cRA_V2_V5_covariance_s10,phase2/results/predictions/full/mixed/tcn/seed_101/bandpass_n20003_cRA_V2_V5_covariance_s10.npz,76302,9783990f33b208b6b287d07b71b42dfe65b1ef8e6ad220228d266463618c7eb8
tcn,mixed,101,bandpass_n20003_cRA_V2_V5_covariance_s5,phase2/results/predictions/full/mixed/tcn/seed_101/bandpass_n20003_cRA_V2_V5_covariance_s5.npz,76177,4bdd7f26bfa2f8821958cfbc1d3076bd38f6ee4f122ecb1257606e6b5e53e4d5
tcn,mixed,101,bandpass_n20003_cRA_V2_V5_covariance_s0,phase2/results/predictions/full/mixed/tcn/seed_101/bandpass_n20003_cRA_V2_V5_covariance_s0.npz,75854,98888048b99a6c8c9a8c8e7d636dea41fe7443ef4275a816ec276afda5a84ea9
tcn,mixed,101,bandpass_n20003_cLA_V3_V6_independent_rms_s20,phase2/results/predictions/full/mixed/tcn/seed_101/bandpass_n20003_cLA_V3_V6_independent_rms_s20.npz,76422,73276193461aba5a197c8257ac0bb04604de2db72c050aa66b4c0c6e1ad8fbaa
tcn,mixed,101,bandpass_n20003_cLA_V3_V6_independent_rms_s15,phase2/results/predictions/full/mixed/tcn/seed_101/bandpass_n20003_cLA_V3_V6_independent_rms_s15.npz,76403,2f2152bff1fa2e05c7f86e4b8da50865f0d779dc2004db599d0e74e1bead1925
tcn,mixed,101,bandpass_n20003_cLA_V3_V6_independent_rms_s10,phase2/results/predictions/full/mixed/tcn/seed_101/bandpass_n20003_cLA_V3_V6_independent_rms_s10.npz,76366,d7202752befbac5f6eddf2d4920578877a5b1f98b4c2943a0f90e16743abfdfe
tcn,mixed,101,bandpass_n20003_cLA_V3_V6_independent_rms_s5,phase2/results/predictions/full/mixed/tcn/seed_101/bandpass_n20003_cLA_V3_V6_independent_rms_s5.npz,76275,b2e3783b54834ed4816971ecee71bc2d01e0b17070a01b1e03ba38f069347139
tcn,mixed,101,bandpass_n20003_cLA_V3_V6_independent_rms_s0,phase2/results/predictions/full/mixed/tcn/seed_101/bandpass_n20003_cLA_V3_V6_independent_rms_s0.npz,76039,6c84afc7038ec627966377a05dc83d3f59a025d2c300d3a38c0637b36fd42252
tcn,mixed,101,bandpass_n20003_cLA_V3_V6_electrode_s20,phase2/results/predictions/full/mixed/tcn/seed_101/bandpass_n20003_cLA_V3_V6_electrode_s20.npz,76383,7598824c5344adcb98bf8c0e5208506d9bc231aa3ee618729b9dd814962be50c
tcn,mixed,101,bandpass_n20003_cLA_V3_V6_electrode_s15,phase2/results/predictions/full/mixed/tcn/seed_101/bandpass_n20003_cLA_V3_V6_electrode_s15.npz,76358,e19033c0b2fe0c7a0ca9ebe78065e6034a978fbf17800a8393b9baeedc86fcb0
tcn,mixed,101,bandpass_n20003_cLA_V3_V6_electrode_s10,phase2/results/predictions/full/mixed/tcn/seed_101/bandpass_n20003_cLA_V3_V6_electrode_s10.npz,76349,4d4011fc4388d88a27f74eff1d05e1abf8f3aa804d7f3f9e80b546e8c9ee3218
tcn,mixed,101,bandpass_n20003_cLA_V3_V6_electrode_s5,phase2/results/predictions/full/mixed/tcn/seed_101/bandpass_n20003_cLA_V3_V6_electrode_s5.npz,76216,dc359cc046b335d1425c46d0199023f32034dfff067dbed2dc482ed372d27cd1
tcn,mixed,101,bandpass_n20003_cLA_V3_V6_electrode_s0,phase2/results/predictions/full/mixed/tcn/seed_101/bandpass_n20003_cLA_V3_V6_electrode_s0.npz,75872,ba3880cadbdcf41bd0729844276aafd79578b6970a5eb76b37f114937f9d0de0
tcn,mixed,101,bandpass_n20003_cLA_V3_V6_covariance_s20,phase2/results/predictions/full/mixed/tcn/seed_101/bandpass_n20003_cLA_V3_V6_covariance_s20.npz,76362,bfd53ef204e9cc065905dec0c4e6c78cc3a9e7f14151fccd609b4ff23bedf6ae
tcn,mixed,101,bandpass_n20003_cLA_V3_V6_covariance_s15,phase2/results/predictions/full/mixed/tcn/seed_101/bandpass_n20003_cLA_V3_V6_covariance_s15.npz,76387,7dfba4431035458325384a041d0a123b9c7f2f2c4f362e3e09f23fd99d3f0372
tcn,mixed,101,bandpass_n20003_cLA_V3_V6_covariance_s10,phase2/results/predictions/full/mixed/tcn/seed_101/bandpass_n20003_cLA_V3_V6_covariance_s10.npz,76358,0dfede38b7d36506c3a5947006675b4f0df325518a40b05d45aa945ad895405a
tcn,mixed,101,bandpass_n20003_cLA_V3_V6_covariance_s5,phase2/results/predictions/full/mixed/tcn/seed_101/bandpass_n20003_cLA_V3_V6_covariance_s5.npz,76206,46c6caeb0f022d9e8569c738ebf13865e91ca179f22e8fdee4b8c34dd01ffa1c
tcn,mixed,101,bandpass_n20003_cLA_V3_V6_covariance_s0,phase2/results/predictions/full/mixed/tcn/seed_101/bandpass_n20003_cLA_V3_V6_covariance_s0.npz,75879,21bc3c2389b6022fb3e830a68e03f3a49bbf49224383c38f5c44633790cd62d6
tcn,mixed,101,bandpass_n20003_cLL_V1_V4_independent_rms_s20,phase2/results/predictions/full/mixed/tcn/seed_101/bandpass_n20003_cLL_V1_V4_independent_rms_s20.npz,76391,d4c2b7eeaf868b6a658a433b68a0c34821145267293af9ec4f8f4098446478c2
tcn,mixed,101,bandpass_n20003_cLL_V1_V4_independent_rms_s15,phase2/results/predictions/full/mixed/tcn/seed_101/bandpass_n20003_cLL_V1_V4_independent_rms_s15.npz,76407,0f7655d373e7f593158612e215f94d551d06d04b0e6f2f5bc0e01aa534dd2c8e
tcn,mixed,101,bandpass_n20003_cLL_V1_V4_independent_rms_s10,phase2/results/predictions/full/mixed/tcn/seed_101/bandpass_n20003_cLL_V1_V4_independent_rms_s10.npz,76395,ccc25ce3f165fb0141d3934682af9fea3acaf078c9828ae7977047b1a2bf52cf
tcn,mixed,101,bandpass_n20003_cLL_V1_V4_independent_rms_s5,phase2/results/predictions/full/mixed/tcn/seed_101/bandpass_n20003_cLL_V1_V4_independent_rms_s5.npz,76289,bfdd0c97a7826a4e3ece01e20e4798dc586faebc2dbaf2d928b2a899c161fe36
tcn,mixed,101,bandpass_n20003_cLL_V1_V4_independent_rms_s0,phase2/results/predictions/full/mixed/tcn/seed_101/bandpass_n20003_cLL_V1_V4_independent_rms_s0.npz,75979,ea48b318f8673dc8ab60c57c3b24ed41bfb0392f898cab40226d36edffc368d5
tcn,mixed,101,bandpass_n20003_cLL_V1_V4_electrode_s20,phase2/results/predictions/full/mixed/tcn/seed_101/bandpass_n20003_cLL_V1_V4_electrode_s20.npz,76379,17324045f2c081de27d99590d2cb62fea752366b7db354f9174d87b6b22994b1
tcn,mixed,101,bandpass_n20003_cLL_V1_V4_electrode_s15,phase2/results/predictions/full/mixed/tcn/seed_101/bandpass_n20003_cLL_V1_V4_electrode_s15.npz,76369,1809c522e17b8fb47651f45b713c3b6aa8137ae3ce79370c4e5aa8b558886ced
tcn,mixed,101,bandpass_n20003_cLL_V1_V4_electrode_s10,phase2/results/predictions/full/mixed/tcn/seed_101/bandpass_n20003_cLL_V1_V4_electrode_s10.npz,76368,ddb64dcfd7358817bda3c815db7fd572fb58d4f896bbfa7333981383e09f9bf0
tcn,mixed,101,bandpass_n20003_cLL_V1_V4_electrode_s5,phase2/results/predictions/full/mixed/tcn/seed_101/bandpass_n20003_cLL_V1_V4_electrode_s5.npz,76225,af35e32040dc006feaf346063aff8a0877ecde47c5f8e9c94eb4d8bbb3291288
tcn,mixed,101,bandpass_n20003_cLL_V1_V4_electrode_s0,phase2/results/predictions/full/mixed/tcn/seed_101/bandpass_n20003_cLL_V1_V4_electrode_s0.npz,75892,0bfb65ba110d1e61ec19d71b4038501c690e0a8b12e4f80fc5e32fdd3ab7218a
tcn,mixed,101,bandpass_n20003_cLL_V1_V4_covariance_s20,phase2/results/predictions/full/mixed/tcn/seed_101/bandpass_n20003_cLL_V1_V4_covariance_s20.npz,76377,5af99dd80e556d1699acbe8feed918f379f778bc55afee1131e32d8f3d56ca64
tcn,mixed,101,bandpass_n20003_cLL_V1_V4_covariance_s15,phase2/results/predictions/full/mixed/tcn/seed_101/bandpass_n20003_cLL_V1_V4_covariance_s15.npz,76383,635e7b178fc704dfda65a84e6a5ef46021d64316522af1d8e587d41f537695e5
tcn,mixed,101,bandpass_n20003_cLL_V1_V4_covariance_s10,phase2/results/predictions/full/mixed/tcn/seed_101/bandpass_n20003_cLL_V1_V4_covariance_s10.npz,76396,da9ca217380f5e144ae4e456c0938a6f56f5cbecf699f18b2cdd3fd7f4ae5ff3
tcn,mixed,101,bandpass_n20003_cLL_V1_V4_covariance_s5,phase2/results/predictions/full/mixed/tcn/seed_101/bandpass_n20003_cLL_V1_V4_covariance_s5.npz,76216,91c776dbbd8b1261320b9a7c0c5cfe33c0d179dd5512e157da568ba5164b8f56
tcn,mixed,101,bandpass_n20003_cLL_V1_V4_covariance_s0,phase2/results/predictions/full/mixed/tcn/seed_101/bandpass_n20003_cLL_V1_V4_covariance_s0.npz,75871,5d62116600d30a3783ef06b1aec2b5c2db7f7733411f0fb5dc2e25d6d6b7e75b
tcn,mixed,101,bandpass_n20003_call_independent_rms_s20,phase2/results/predictions/full/mixed/tcn/seed_101/bandpass_n20003_call_independent_rms_s20.npz,76377,97191f5971dae1e86fda8d6d89d10a93cfc67949b2050a8785a518fb943f999c
tcn,mixed,101,bandpass_n20003_call_independent_rms_s15,phase2/results/predictions/full/mixed/tcn/seed_101/bandpass_n20003_call_independent_rms_s15.npz,76386,04aa5dc8b7bf3559a2e3dee9955ff5c099fa4bb51e3b7de9bcbb16827d9bc1f6
tcn,mixed,101,bandpass_n20003_call_independent_rms_s10,phase2/results/predictions/full/mixed/tcn/seed_101/bandpass_n20003_call_independent_rms_s10.npz,76344,847f6913e4eabecf80a9eaa81c3ad226a30520507f49b2ae912be7c4a0921cf6
tcn,mixed,101,bandpass_n20003_call_independent_rms_s5,phase2/results/predictions/full/mixed/tcn/seed_101/bandpass_n20003_call_independent_rms_s5.npz,76240,1a8a35640e0ebbebfcd2dfdfcd7283c0020edd707962f55a20331054b31be061
tcn,mixed,101,bandpass_n20003_call_independent_rms_s0,phase2/results/predictions/full/mixed/tcn/seed_101/bandpass_n20003_call_independent_rms_s0.npz,75963,a2eee1c2bb15ebdc23e822d9e4010e793516bc46be28a56827d52ef468d127a8
tcn,mixed,101,bandpass_n20003_call_electrode_s20,phase2/results/predictions/full/mixed/tcn/seed_101/bandpass_n20003_call_electrode_s20.npz,76357,e093150ac3cb417d90e7d86672d56281c3777dcfbbb4c7d4afcc30568150e8d9
tcn,mixed,101,bandpass_n20003_call_electrode_s15,phase2/results/predictions/full/mixed/tcn/seed_101/bandpass_n20003_call_electrode_s15.npz,76355,326f14a026e4f50f1ae9a06954150bcbfba98d1ad4a50381008843b0be5a8a19
tcn,mixed,101,bandpass_n20003_call_electrode_s10,phase2/results/predictions/full/mixed/tcn/seed_101/bandpass_n20003_call_electrode_s10.npz,76317,ebe18cd75dc70c156a65c2da5d8cfa49e6b54c8316482fc68dea8d86d8719b06
tcn,mixed,101,bandpass_n20003_call_electrode_s5,phase2/results/predictions/full/mixed/tcn/seed_101/bandpass_n20003_call_electrode_s5.npz,76136,3e07fcee56423ceb34e14cebaefec1fb1615a0ac3543b8ea1d8f688280220ba8
tcn,mixed,101,bandpass_n20003_call_electrode_s0,phase2/results/predictions/full/mixed/tcn/seed_101/bandpass_n20003_call_electrode_s0.npz,75798,af38208e8fc8cc340938939a4f2e2972475945e5bf3eeb22a61169f35681de5a
tcn,mixed,101,bandpass_n20003_call_covariance_s20,phase2/results/predictions/full/mixed/tcn/seed_101/bandpass_n20003_call_covariance_s20.npz,76366,c5874a3c17c4be10995e37f7de99aa69ee1f2666cb396e1a2eeea95d5efc12f6
tcn,mixed,101,bandpass_n20003_call_covariance_s15,phase2/results/predictions/full/mixed/tcn/seed_101/bandpass_n20003_call_covariance_s15.npz,76326,80b272263f11bb2d67c0fb03b395a815044360f731dd484384576a6e9d487b51
tcn,mixed,101,bandpass_n20003_call_covariance_s10,phase2/results/predictions/full/mixed/tcn/seed_101/bandpass_n20003_call_covariance_s10.npz,76331,45ad69b3a0ce7ee04c4eddc5fa51d269341d9b1d8b319e6623007e3126c24267
tcn,mixed,101,bandpass_n20003_call_covariance_s5,phase2/results/predictions/full/mixed/tcn/seed_101/bandpass_n20003_call_covariance_s5.npz,76165,38df320757c475e3f110775f8c8b1d63d74c68a8231b7a55b5884dcd9d9fd863
tcn,mixed,101,bandpass_n20003_call_covariance_s0,phase2/results/predictions/full/mixed/tcn/seed_101/bandpass_n20003_call_covariance_s0.npz,75785,978f97457de4f66c9c00e9248380f4bdf423697bab1913f1cbadf71f4ccfbf3e
tcn,mixed,101,bandpass_n20004_cRA_LA_LL_independent_rms_s20,phase2/results/predictions/full/mixed/tcn/seed_101/bandpass_n20004_cRA_LA_LL_independent_rms_s20.npz,76360,b3b03b677e72b0c0baba769f7a541731812d6eba01dcd79cf8a4be1cacde6043
tcn,mixed,101,bandpass_n20004_cRA_LA_LL_independent_rms_s15,phase2/results/predictions/full/mixed/tcn/seed_101/bandpass_n20004_cRA_LA_LL_independent_rms_s15.npz,76383,1e288f3308d1f0d733ba7cd38f8b58cd9e5e21b2ece459742f40854480f9df6e
tcn,mixed,101,bandpass_n20004_cRA_LA_LL_independent_rms_s10,phase2/results/predictions/full/mixed/tcn/seed_101/bandpass_n20004_cRA_LA_LL_independent_rms_s10.npz,76372,5ceba3fa7ea4239c8fb5f7e40bc3b91e0e94a8f85b27c1d892730a6643f15760
tcn,mixed,101,bandpass_n20004_cRA_LA_LL_independent_rms_s5,phase2/results/predictions/full/mixed/tcn/seed_101/bandpass_n20004_cRA_LA_LL_independent_rms_s5.npz,76272,9e98dffaf5a7559f7c73333db4f18b997b8f61500c5344224b1cb9d8704f47b1
tcn,mixed,101,bandpass_n20004_cRA_LA_LL_independent_rms_s0,phase2/results/predictions/full/mixed/tcn/seed_101/bandpass_n20004_cRA_LA_LL_independent_rms_s0.npz,76019,ef0d2de4e2dc51819c7694ef19fc74ab15a90cb1397e54e49a14ffcaffb76e9f
tcn,mixed,101,bandpass_n20004_cRA_LA_LL_electrode_s20,phase2/results/predictions/full/mixed/tcn/seed_101/bandpass_n20004_cRA_LA_LL_electrode_s20.npz,76383,34673c6ee5233954520ace1928cd158346bd4d31a4a7681635000726ebed749b
tcn,mixed,101,bandpass_n20004_cRA_LA_LL_electrode_s15,phase2/results/predictions/full/mixed/tcn/seed_101/bandpass_n20004_cRA_LA_LL_electrode_s15.npz,76375,f76fd181f7abaa477ba516b81ee65244c174fe083b965c2b6db113b0492a224a
tcn,mixed,101,bandpass_n20004_cRA_LA_LL_electrode_s10,phase2/results/predictions/full/mixed/tcn/seed_101/bandpass_n20004_cRA_LA_LL_electrode_s10.npz,76330,7ef17f597e61bcfa839bace487ae1d3c93245a7fb27c7feb6371f5c98622242f
tcn,mixed,101,bandpass_n20004_cRA_LA_LL_electrode_s5,phase2/results/predictions/full/mixed/tcn/seed_101/bandpass_n20004_cRA_LA_LL_electrode_s5.npz,76139,367b5f03b76104a138adee7460e7655cdb38d7b511c13a19391b11d5106c1c65
tcn,mixed,101,bandpass_n20004_cRA_LA_LL_electrode_s0,phase2/results/predictions/full/mixed/tcn/seed_101/bandpass_n20004_cRA_LA_LL_electrode_s0.npz,75772,895e797cd8a3611c3da37bb793297e94ea675191006c9fb6c4b9df213a0bb552
tcn,mixed,101,bandpass_n20004_cRA_LA_LL_covariance_s20,phase2/results/predictions/full/mixed/tcn/seed_101/bandpass_n20004_cRA_LA_LL_covariance_s20.npz,76368,c5c88abe915f06ebf930834eb356b5390a66d50fb41ec09e6d7622e116b137a3
tcn,mixed,101,bandpass_n20004_cRA_LA_LL_covariance_s15,phase2/results/predictions/full/mixed/tcn/seed_101/bandpass_n20004_cRA_LA_LL_covariance_s15.npz,76338,b3e9b67ced25819bc30598aa78cb13d199b3f786d8bdc3684c55d7fbcbcfbc8b
tcn,mixed,101,bandpass_n20004_cRA_LA_LL_covariance_s10,phase2/results/predictions/full/mixed/tcn/seed_101/bandpass_n20004_cRA_LA_LL_covariance_s10.npz,76309,fb4e009396387dc0c856a4c448095fe4781e8c683f779967908f5c93855e1f21
tcn,mixed,101,bandpass_n20004_cRA_LA_LL_covariance_s5,phase2/results/predictions/full/mixed/tcn/seed_101/bandpass_n20004_cRA_LA_LL_covariance_s5.npz,76151,ad0a035150c4735b3d1d2372af198cfe4edeb51b8b883a2740a97cad597baea2
tcn,mixed,101,bandpass_n20004_cRA_LA_LL_covariance_s0,phase2/results/predictions/full/mixed/tcn/seed_101/bandpass_n20004_cRA_LA_LL_covariance_s0.npz,75774,0e6aec246f3c3cd8286a06d1ad5bc4444be368d2557eb883640b6df7a8359e5b
tcn,mixed,101,bandpass_n20004_cV1_independent_rms_s20,phase2/results/predictions/full/mixed/tcn/seed_101/bandpass_n20004_cV1_independent_rms_s20.npz,76347,2d86ab39a999998e135e311e9f8cd15945d26273bff80bd42caa1350c8a3b175
tcn,mixed,101,bandpass_n20004_cV1_independent_rms_s15,phase2/results/predictions/full/mixed/tcn/seed_101/bandpass_n20004_cV1_independent_rms_s15.npz,76366,410cc6b71331fb58c5f38817ec632bb9791c5635d814938e684fad2203b0e562
tcn,mixed,101,bandpass_n20004_cV1_independent_rms_s10,phase2/results/predictions/full/mixed/tcn/seed_101/bandpass_n20004_cV1_independent_rms_s10.npz,76331,6284ec44130e2ff5ba897c1b7d36f3ec4f3524b4204aa1cca79f5b28d243b888
tcn,mixed,101,bandpass_n20004_cV1_independent_rms_s5,phase2/results/predictions/full/mixed/tcn/seed_101/bandpass_n20004_cV1_independent_rms_s5.npz,76163,b36079c83af662218c42d888b2f93cae9b35eeb0727896f80a46d0de50b78ae7
tcn,mixed,101,bandpass_n20004_cV1_independent_rms_s0,phase2/results/predictions/full/mixed/tcn/seed_101/bandpass_n20004_cV1_independent_rms_s0.npz,75853,0212576dc3498e33e29acb470dc7b53f986ea12c39ad6d712c8cfa0da0a03dc8
tcn,mixed,101,bandpass_n20004_cV1_electrode_s20,phase2/results/predictions/full/mixed/tcn/seed_101/bandpass_n20004_cV1_electrode_s20.npz,76349,246d610b709622734352dcdf4ae682c94856f8b618e21809ceabf272a774dc99
tcn,mixed,101,bandpass_n20004_cV1_electrode_s15,phase2/results/predictions/full/mixed/tcn/seed_101/bandpass_n20004_cV1_electrode_s15.npz,76369,11bfc8c09589a0c52a1f385ee5c980d455fcfd1fe7bdd73dc95236baf7af2ba8
tcn,mixed,101,bandpass_n20004_cV1_electrode_s10,phase2/results/predictions/full/mixed/tcn/seed_101/bandpass_n20004_cV1_electrode_s10.npz,76321,f89f64f360fcd36f2f942b334ba1f8f273ed1acacf96e1fa4013b2ce017f0f69
tcn,mixed,101,bandpass_n20004_cV1_electrode_s5,phase2/results/predictions/full/mixed/tcn/seed_101/bandpass_n20004_cV1_electrode_s5.npz,76177,c80beb32089409292099fbb41f8a32e1e19bc7ce647679d6637ac417d387cfc5
tcn,mixed,101,bandpass_n20004_cV1_electrode_s0,phase2/results/predictions/full/mixed/tcn/seed_101/bandpass_n20004_cV1_electrode_s0.npz,75835,f1a766e9e5c26739cd9e2983d39e255c520cfc905ee4e5327fd2d755f60e054f
tcn,mixed,101,bandpass_n20004_cV1_covariance_s20,phase2/results/predictions/full/mixed/tcn/seed_101/bandpass_n20004_cV1_covariance_s20.npz,76376,b46a979b22f7f8ff7f885afc5df6b70ff8bfa72bfdbb07ca7da84eddf74d94bd
tcn,mixed,101,bandpass_n20004_cV1_covariance_s15,phase2/results/predictions/full/mixed/tcn/seed_101/bandpass_n20004_cV1_covariance_s15.npz,76362,446cd5e3b9edea2c2cfeea8d1684fcc8b5e5d3847fdb4bfd86f1a1647306b227
tcn,mixed,101,bandpass_n20004_cV1_covariance_s10,phase2/results/predictions/full/mixed/tcn/seed_101/bandpass_n20004_cV1_covariance_s10.npz,76331,2ce8661320cca5e120219c7ff91ed3a9df43e34467cc4c6d43f04f404538bc5c
tcn,mixed,101,bandpass_n20004_cV1_covariance_s5,phase2/results/predictions/full/mixed/tcn/seed_101/bandpass_n20004_cV1_covariance_s5.npz,76166,adbd4e8af520e98ee2bb4a5b81a0be1fdf501839e7d876f326afdc69ae4b484e
tcn,mixed,101,bandpass_n20004_cV1_covariance_s0,phase2/results/predictions/full/mixed/tcn/seed_101/bandpass_n20004_cV1_covariance_s0.npz,75852,515b8e9bcd49956f535e1d45f6dff1d37d2f3ff3ddbb92d6226570549c8c97a6
tcn,mixed,101,bandpass_n20004_cV2_independent_rms_s20,phase2/results/predictions/full/mixed/tcn/seed_101/bandpass_n20004_cV2_independent_rms_s20.npz,76401,5c0a45313772155f01e6f0ce1c03a3c5f832a56e9ce41415c35d77648be43d44
tcn,mixed,101,bandpass_n20004_cV2_independent_rms_s15,phase2/results/predictions/full/mixed/tcn/seed_101/bandpass_n20004_cV2_independent_rms_s15.npz,76375,e21c58aca102393e7d187255e25f2f2d84f3e2c69fba80a0dba06c04be602c48
tcn,mixed,101,bandpass_n20004_cV2_independent_rms_s10,phase2/results/predictions/full/mixed/tcn/seed_101/bandpass_n20004_cV2_independent_rms_s10.npz,76366,8c98ec2f9124e16e9e306fc7a3b101e7770cc6a033a0e33cb1249f05458149de
tcn,mixed,101,bandpass_n20004_cV2_independent_rms_s5,phase2/results/predictions/full/mixed/tcn/seed_101/bandpass_n20004_cV2_independent_rms_s5.npz,76254,75ed811eee7647dffb507565260f424348187279b96a1d697145a1bf565277bc
tcn,mixed,101,bandpass_n20004_cV2_independent_rms_s0,phase2/results/predictions/full/mixed/tcn/seed_101/bandpass_n20004_cV2_independent_rms_s0.npz,76005,8e00d033f4b70796006cf2c1feb9ce024fd7da938cea0f603dd18242cf25240a
tcn,mixed,101,bandpass_n20004_cV2_electrode_s20,phase2/results/predictions/full/mixed/tcn/seed_101/bandpass_n20004_cV2_electrode_s20.npz,76362,2e48e2a83844c72259d8cb658fc80bedbf1e8e7f20726e74710fd5e5c0c8ed0d
tcn,mixed,101,bandpass_n20004_cV2_electrode_s15,phase2/results/predictions/full/mixed/tcn/seed_101/bandpass_n20004_cV2_electrode_s15.npz,76369,fecd1ba936667ded6dda165e29925cd2ea54760a8e3b26f0cd3d10c9412eda11
tcn,mixed,101,bandpass_n20004_cV2_electrode_s10,phase2/results/predictions/full/mixed/tcn/seed_101/bandpass_n20004_cV2_electrode_s10.npz,76350,41202078ebd6f6c53d00335879de443a1f536a70afd77168070defa9b310216b
tcn,mixed,101,bandpass_n20004_cV2_electrode_s5,phase2/results/predictions/full/mixed/tcn/seed_101/bandpass_n20004_cV2_electrode_s5.npz,76215,acd9d0f8ff4bf1f749385d6f45a42fb3839a0018e3059fc11edf5e77cfc48abc
tcn,mixed,101,bandpass_n20004_cV2_electrode_s0,phase2/results/predictions/full/mixed/tcn/seed_101/bandpass_n20004_cV2_electrode_s0.npz,75986,a7065f3b908a0f9edac12903494227b14fbb30936d5869743860f77061643e34
tcn,mixed,101,bandpass_n20004_cV2_covariance_s20,phase2/results/predictions/full/mixed/tcn/seed_101/bandpass_n20004_cV2_covariance_s20.npz,76362,b058da2fd9fcfdd7cdd8860bb5c45571dad862e4c88896c729ae339868eb6efc
tcn,mixed,101,bandpass_n20004_cV2_covariance_s15,phase2/results/predictions/full/mixed/tcn/seed_101/bandpass_n20004_cV2_covariance_s15.npz,76358,f3ebdea7dcceed0be08edd97d822b6ff355d1bf40527def31c44acc7b39a81bd
tcn,mixed,101,bandpass_n20004_cV2_covariance_s10,phase2/results/predictions/full/mixed/tcn/seed_101/bandpass_n20004_cV2_covariance_s10.npz,76328,43e9da86bfdbe9edadf9f8dde232faefeaa89a18c18dab6c2f308a1cd6a74755
tcn,mixed,101,bandpass_n20004_cV2_covariance_s5,phase2/results/predictions/full/mixed/tcn/seed_101/bandpass_n20004_cV2_covariance_s5.npz,76213,44f8279c7dcc786cfc0f9c05fa35a94fbad9a29883fb0dc37ac4225871917e94
tcn,mixed,101,bandpass_n20004_cV2_covariance_s0,phase2/results/predictions/full/mixed/tcn/seed_101/bandpass_n20004_cV2_covariance_s0.npz,76007,61cf6ade69c2feeed13297f1faaea50bd1585d9579d8a940c06ad8d49ed3af45
tcn,mixed,101,bandpass_n20004_cV3_independent_rms_s20,phase2/results/predictions/full/mixed/tcn/seed_101/bandpass_n20004_cV3_independent_rms_s20.npz,76380,79ba44b15010b034ecabad4af798d6a1292b64b07a1ca1bae2ac8fa5d5fe11ff
tcn,mixed,101,bandpass_n20004_cV3_independent_rms_s15,phase2/results/predictions/full/mixed/tcn/seed_101/bandpass_n20004_cV3_independent_rms_s15.npz,76361,d984285f73f2ba6b9426e05f8e52170489f2a212fde83e35eb9c8fca5496ee04
tcn,mixed,101,bandpass_n20004_cV3_independent_rms_s10,phase2/results/predictions/full/mixed/tcn/seed_101/bandpass_n20004_cV3_independent_rms_s10.npz,76325,ce7bedcfce7f5ee1ceac8cff4b37d39c63e2c18de7191308d4d4097c72a063c5
tcn,mixed,101,bandpass_n20004_cV3_independent_rms_s5,phase2/results/predictions/full/mixed/tcn/seed_101/bandpass_n20004_cV3_independent_rms_s5.npz,76282,bc2b43393f106a4f8e4320dbdbe557d481fd6ae34dd4e5bb4c5115d56762dcf2
tcn,mixed,101,bandpass_n20004_cV3_independent_rms_s0,phase2/results/predictions/full/mixed/tcn/seed_101/bandpass_n20004_cV3_independent_rms_s0.npz,76026,840e903687f31bf1e2e6007e4e265d15bb72d5bebe3fd2e4ff99c7221726e5e3
tcn,mixed,101,bandpass_n20004_cV3_electrode_s20,phase2/results/predictions/full/mixed/tcn/seed_101/bandpass_n20004_cV3_electrode_s20.npz,76354,1d2cd928fec470686d992af97723841b1c7f142402977e090f6491d25212ef68
tcn,mixed,101,bandpass_n20004_cV3_electrode_s15,phase2/results/predictions/full/mixed/tcn/seed_101/bandpass_n20004_cV3_electrode_s15.npz,76347,5558f2289cda65586a8d0bb0e59e19c696fe77f10f3bc1691dcc1bbbf9386413
tcn,mixed,101,bandpass_n20004_cV3_electrode_s10,phase2/results/predictions/full/mixed/tcn/seed_101/bandpass_n20004_cV3_electrode_s10.npz,76343,82ef0be297250748ba8a93d7bcd40fe2d70133c07f2bc0ac3bda59ec8f0dfea3
tcn,mixed,101,bandpass_n20004_cV3_electrode_s5,phase2/results/predictions/full/mixed/tcn/seed_101/bandpass_n20004_cV3_electrode_s5.npz,76275,a9777c253d815f9b59bec4a34ff20865576b9dfe03c576718db8dfe36ac5ca62
tcn,mixed,101,bandpass_n20004_cV3_electrode_s0,phase2/results/predictions/full/mixed/tcn/seed_101/bandpass_n20004_cV3_electrode_s0.npz,76050,34a2f7fab3e79aaced72a61bdaeea583e437fb827fd19b43e2fab3c61b03055b
tcn,mixed,101,bandpass_n20004_cV3_covariance_s20,phase2/results/predictions/full/mixed/tcn/seed_101/bandpass_n20004_cV3_covariance_s20.npz,76358,391fc5d785e0d4c0d2f3240b5a56ed84ce0144af84eec665ff8f4af814a00e43
tcn,mixed,101,bandpass_n20004_cV3_covariance_s15,phase2/results/predictions/full/mixed/tcn/seed_101/bandpass_n20004_cV3_covariance_s15.npz,76360,20e23511ad00ed81dd2acccca4e7d3e5ceb033c499df1da4a078d8981a8d1601
tcn,mixed,101,bandpass_n20004_cV3_covariance_s10,phase2/results/predictions/full/mixed/tcn/seed_101/bandpass_n20004_cV3_covariance_s10.npz,76324,4bd8bc78ae40da9e892e2b8178deed02f4e86693ad9123ef9a62e0cbd3a5e9cf
tcn,mixed,101,bandpass_n20004_cV3_covariance_s5,phase2/results/predictions/full/mixed/tcn/seed_101/bandpass_n20004_cV3_covariance_s5.npz,76243,a79c205aca76deaa6f88d6fa77754e7e5b89469127d8b488cec69cc7d6160c35
tcn,mixed,101,bandpass_n20004_cV3_covariance_s0,phase2/results/predictions/full/mixed/tcn/seed_101/bandpass_n20004_cV3_covariance_s0.npz,76028,89cbc264207efb495d70d69c1fb35e449855abca4e6346abb3adfc6c32d18cae
tcn,mixed,101,bandpass_n20004_cV4_independent_rms_s20,phase2/results/predictions/full/mixed/tcn/seed_101/bandpass_n20004_cV4_independent_rms_s20.npz,76364,615432bfaa2030743c6cf19dc1e64cfac73384b104497a54c1beb20232f56d6a
tcn,mixed,101,bandpass_n20004_cV4_independent_rms_s15,phase2/results/predictions/full/mixed/tcn/seed_101/bandpass_n20004_cV4_independent_rms_s15.npz,76368,da3e406f0c6cc2049d77e2ce71a511876f3ad84a1faac9172af23cccbe76ab69
tcn,mixed,101,bandpass_n20004_cV4_independent_rms_s10,phase2/results/predictions/full/mixed/tcn/seed_101/bandpass_n20004_cV4_independent_rms_s10.npz,76367,74ef44e08bb084ff68b539a51bf9da3366e193851d4a36c76e35683a286666ba
tcn,mixed,101,bandpass_n20004_cV4_independent_rms_s5,phase2/results/predictions/full/mixed/tcn/seed_101/bandpass_n20004_cV4_independent_rms_s5.npz,76285,618e6e23b763e2896a59cd734aaf3dda4cc98ca2bfe38c45aa0541ad6ff143e0
tcn,mixed,101,bandpass_n20004_cV4_independent_rms_s0,phase2/results/predictions/full/mixed/tcn/seed_101/bandpass_n20004_cV4_independent_rms_s0.npz,76125,77d86e96a1b65f99a3101377dd4cd3c922f57b21ebcdf639665c4458774b050a
tcn,mixed,101,bandpass_n20004_cV4_electrode_s20,phase2/results/predictions/full/mixed/tcn/seed_101/bandpass_n20004_cV4_electrode_s20.npz,76360,a0e8e909acd16d79d8dbdb07410fc740d107072af1fac98f751d98e866986a96
tcn,mixed,101,bandpass_n20004_cV4_electrode_s15,phase2/results/predictions/full/mixed/tcn/seed_101/bandpass_n20004_cV4_electrode_s15.npz,76354,9c95fcbd9b80c853291aea0b97d44743e0f1fd9761ba39d351009a5971164347
tcn,mixed,101,bandpass_n20004_cV4_electrode_s10,phase2/results/predictions/full/mixed/tcn/seed_101/bandpass_n20004_cV4_electrode_s10.npz,76379,e34185baf6e803dd93bfa28786d9040bd2f735e228fea714cac322b833e3e984
tcn,mixed,101,bandpass_n20004_cV4_electrode_s5,phase2/results/predictions/full/mixed/tcn/seed_101/bandpass_n20004_cV4_electrode_s5.npz,76309,10b97e54a458b51662be88b582d6e0caf61c0e0be10092c643bcb9d6221e426d
tcn,mixed,101,bandpass_n20004_cV4_electrode_s0,phase2/results/predictions/full/mixed/tcn/seed_101/bandpass_n20004_cV4_electrode_s0.npz,76056,92b30a61fdb19591a4c40e95b67d1ba9e2f3a987037820007ec9016af8823e5c
tcn,mixed,101,bandpass_n20004_cV4_covariance_s20,phase2/results/predictions/full/mixed/tcn/seed_101/bandpass_n20004_cV4_covariance_s20.npz,76357,fd56d7e9a47709a53f76b57d7b3a3fa61099dce3ce51a915fd8fb778ce6e5bc3
tcn,mixed,101,bandpass_n20004_cV4_covariance_s15,phase2/results/predictions/full/mixed/tcn/seed_101/bandpass_n20004_cV4_covariance_s15.npz,76348,ee1421278fcf759f323a546f8e6491e23f0e60791c8e634ce7c0d7397fe1ab8d
tcn,mixed,101,bandpass_n20004_cV4_covariance_s10,phase2/results/predictions/full/mixed/tcn/seed_101/bandpass_n20004_cV4_covariance_s10.npz,76327,410176a1aa77bc8fa7a79b6761e2d87d99618a30e002536e9dcaa309e05a9e6e
tcn,mixed,101,bandpass_n20004_cV4_covariance_s5,phase2/results/predictions/full/mixed/tcn/seed_101/bandpass_n20004_cV4_covariance_s5.npz,76277,135f2c784306b7be82600213351af88ceb6d3e66b3ac0b915bd60dd763fec55a
tcn,mixed,101,bandpass_n20004_cV4_covariance_s0,phase2/results/predictions/full/mixed/tcn/seed_101/bandpass_n20004_cV4_covariance_s0.npz,76062,495be0be2cefaa3191d7b6d98032466005bdef91bc625cda2f8ba2be6ae62f0f
tcn,mixed,101,bandpass_n20004_cV5_independent_rms_s20,phase2/results/predictions/full/mixed/tcn/seed_101/bandpass_n20004_cV5_independent_rms_s20.npz,76375,b09097451c5e48e4d9ab52d9020b663c49996f9a350490f43a39263882d129bf
tcn,mixed,101,bandpass_n20004_cV5_independent_rms_s15,phase2/results/predictions/full/mixed/tcn/seed_101/bandpass_n20004_cV5_independent_rms_s15.npz,76386,3c11a0b19cc9bfc03af30c69a1c3004584abb0b25e911ffc578466e66451574d
tcn,mixed,101,bandpass_n20004_cV5_independent_rms_s10,phase2/results/predictions/full/mixed/tcn/seed_101/bandpass_n20004_cV5_independent_rms_s10.npz,76311,5886a1477813aea6cd52751e63df54740a364acc2198dcb44dcfd8f5a9c18945
tcn,mixed,101,bandpass_n20004_cV5_independent_rms_s5,phase2/results/predictions/full/mixed/tcn/seed_101/bandpass_n20004_cV5_independent_rms_s5.npz,76294,6c774d3a349233c7a08e75b5834619a4d079ffcee7aff6580c63256f24781278
tcn,mixed,101,bandpass_n20004_cV5_independent_rms_s0,phase2/results/predictions/full/mixed/tcn/seed_101/bandpass_n20004_cV5_independent_rms_s0.npz,76017,530ae186a3701f043a7a672d63ab12d363ce8ef7709e19e13c2bb48fd3059a40
tcn,mixed,101,bandpass_n20004_cV5_electrode_s20,phase2/results/predictions/full/mixed/tcn/seed_101/bandpass_n20004_cV5_electrode_s20.npz,76359,7562d693f4c440c36a7bb249c272e7b49a73602b0600e11953caaa48fee1da65
tcn,mixed,101,bandpass_n20004_cV5_electrode_s15,phase2/results/predictions/full/mixed/tcn/seed_101/bandpass_n20004_cV5_electrode_s15.npz,76333,cb195d8746f917162a5952d5b4eb4c78c1fc6c229ebc8e5abf750b688fc5e218
tcn,mixed,101,bandpass_n20004_cV5_electrode_s10,phase2/results/predictions/full/mixed/tcn/seed_101/bandpass_n20004_cV5_electrode_s10.npz,76335,e1a5d3dd7c4166520a559ad1121cd4eb535233b87e1514d354f36ec698693ec2
tcn,mixed,101,bandpass_n20004_cV5_electrode_s5,phase2/results/predictions/full/mixed/tcn/seed_101/bandpass_n20004_cV5_electrode_s5.npz,76261,9b2f297bb61da1fa71f62ee56d4ace4f4d39ce4de154cf5bf01fff8560b6bfbf
tcn,mixed,101,bandpass_n20004_cV5_electrode_s0,phase2/results/predictions/full/mixed/tcn/seed_101/bandpass_n20004_cV5_electrode_s0.npz,76041,7b6d3d149f1ceb3bce1aa30619f9cee9dc58356c8d910e4e3c69da48a312e82e
tcn,mixed,101,bandpass_n20004_cV5_covariance_s20,phase2/results/predictions/full/mixed/tcn/seed_101/bandpass_n20004_cV5_covariance_s20.npz,76400,345246acc46900646dc2034a473ab3d8fc56be77874bfb92d3670a036ccf65d0
tcn,mixed,101,bandpass_n20004_cV5_covariance_s15,phase2/results/predictions/full/mixed/tcn/seed_101/bandpass_n20004_cV5_covariance_s15.npz,76333,6141bb8d478ed92c51b145afad2ac2bbe7a5002d77eeb6e9971d26623c422cc4
tcn,mixed,101,bandpass_n20004_cV5_covariance_s10,phase2/results/predictions/full/mixed/tcn/seed_101/bandpass_n20004_cV5_covariance_s10.npz,76327,4ff6ec71b27d6610b482f91dc602bbf9ee098d52ba66da1287a387eefcb6bf34
tcn,mixed,101,bandpass_n20004_cV5_covariance_s5,phase2/results/predictions/full/mixed/tcn/seed_101/bandpass_n20004_cV5_covariance_s5.npz,76277,5953dfa5ce584b22fb5c06ab7e727754d79e5c79f3468151806df218a09df219
tcn,mixed,101,bandpass_n20004_cV5_covariance_s0,phase2/results/predictions/full/mixed/tcn/seed_101/bandpass_n20004_cV5_covariance_s0.npz,75997,94363fc762d43277ac783e68aca6e1b16655e9f9352f5abe3546dc83393e44b2
tcn,mixed,101,bandpass_n20004_cV6_independent_rms_s20,phase2/results/predictions/full/mixed/tcn/seed_101/bandpass_n20004_cV6_independent_rms_s20.npz,76402,bd64fe4b0299c239eef0d22d269ad35e06d5c0a685067111c513a41df07460c4
tcn,mixed,101,bandpass_n20004_cV6_independent_rms_s15,phase2/results/predictions/full/mixed/tcn/seed_101/bandpass_n20004_cV6_independent_rms_s15.npz,76366,b091918bcbe16750ab3b35c0fd1863efdd4c07ceca1ac3cd5045cc59d1251746
tcn,mixed,101,bandpass_n20004_cV6_independent_rms_s10,phase2/results/predictions/full/mixed/tcn/seed_101/bandpass_n20004_cV6_independent_rms_s10.npz,76319,3df7f2c72340e1910af4416fe458525e9167da31ecc1d1a620cc42a142bcaab7
tcn,mixed,101,bandpass_n20004_cV6_independent_rms_s5,phase2/results/predictions/full/mixed/tcn/seed_101/bandpass_n20004_cV6_independent_rms_s5.npz,76299,990446ba8d3696db8b97444940f99c70728eb8ba862ec24236fae391c4e7281c
tcn,mixed,101,bandpass_n20004_cV6_independent_rms_s0,phase2/results/predictions/full/mixed/tcn/seed_101/bandpass_n20004_cV6_independent_rms_s0.npz,76083,89bcf3ed0aaca258f0a9c3d86bdf430bf6bea041d4943bfcedfefea472555247
tcn,mixed,101,bandpass_n20004_cV6_electrode_s20,phase2/results/predictions/full/mixed/tcn/seed_101/bandpass_n20004_cV6_electrode_s20.npz,76354,7aff0b01604fce96433158bc272e1df197caf5f75c8ed93017bf0ce6ea5bbc91
tcn,mixed,101,bandpass_n20004_cV6_electrode_s15,phase2/results/predictions/full/mixed/tcn/seed_101/bandpass_n20004_cV6_electrode_s15.npz,76358,c86687e9f2f7b55446ab6851c11f8fe7d36d933cbbf76f3c6984262ef16cc8de
tcn,mixed,101,bandpass_n20004_cV6_electrode_s10,phase2/results/predictions/full/mixed/tcn/seed_101/bandpass_n20004_cV6_electrode_s10.npz,76360,366a7eadb34e465323b3520db58a9b0f463afe04ac9bee79c9b2d55950aafcb2
tcn,mixed,101,bandpass_n20004_cV6_electrode_s5,phase2/results/predictions/full/mixed/tcn/seed_101/bandpass_n20004_cV6_electrode_s5.npz,76298,8665bb2e858b4aaec42878552695804004fc1dfeea0810273c0961ebd7afd07e
tcn,mixed,101,bandpass_n20004_cV6_electrode_s0,phase2/results/predictions/full/mixed/tcn/seed_101/bandpass_n20004_cV6_electrode_s0.npz,76076,2a2086133de4c0be29a8bee6b8c1c96e04002f26ed076e8a38ca83ff8ea8737b
tcn,mixed,101,bandpass_n20004_cV6_covariance_s20,phase2/results/predictions/full/mixed/tcn/seed_101/bandpass_n20004_cV6_covariance_s20.npz,76380,9b5bb00360ce0c0cd51b7e4598bb120d4f375fbdcd5e8aecdeefe26b0ab98c0b
tcn,mixed,101,bandpass_n20004_cV6_covariance_s15,phase2/results/predictions/full/mixed/tcn/seed_101/bandpass_n20004_cV6_covariance_s15.npz,76359,e1b43a8a3a52763967b1a4afa9e2432aeb40ee110e04838d3590deee468aa6f9
tcn,mixed,101,bandpass_n20004_cV6_covariance_s10,phase2/results/predictions/full/mixed/tcn/seed_101/bandpass_n20004_cV6_covariance_s10.npz,76345,5e1007fb5f0a548f72af7c6a104e2bd1495ebd04ede9692801427eb78b09eb4f
tcn,mixed,101,bandpass_n20004_cV6_covariance_s5,phase2/results/predictions/full/mixed/tcn/seed_101/bandpass_n20004_cV6_covariance_s5.npz,76301,b0c5fbe77cb8c15501e7365bd7b9ff551ed5644a8108e3c988438a910ce8a65f
tcn,mixed,101,bandpass_n20004_cV6_covariance_s0,phase2/results/predictions/full/mixed/tcn/seed_101/bandpass_n20004_cV6_covariance_s0.npz,76067,b2b6ba3b0544efe820e5546db952a7b2a5cb5c9f2c62c9b33c02249666bf0a13
tcn,mixed,101,bandpass_n20004_cRA_LA_independent_rms_s20,phase2/results/predictions/full/mixed/tcn/seed_101/bandpass_n20004_cRA_LA_independent_rms_s20.npz,76385,a164cb116f3aedd1791f17a0f70a9c51522eab2a3241657203930dbbcfd66e54
tcn,mixed,101,bandpass_n20004_cRA_LA_independent_rms_s15,phase2/results/predictions/full/mixed/tcn/seed_101/bandpass_n20004_cRA_LA_independent_rms_s15.npz,76363,879e900121270b9c0a71cbe92edb0969ac7b0c9f841f73d099e0477fc8d52668
tcn,mixed,101,bandpass_n20004_cRA_LA_independent_rms_s10,phase2/results/predictions/full/mixed/tcn/seed_101/bandpass_n20004_cRA_LA_independent_rms_s10.npz,76384,013420a0a50d5c81940912fb1e693a71f90f827ae46037ce70b970a9cd58b1f9
tcn,mixed,101,bandpass_n20004_cRA_LA_independent_rms_s5,phase2/results/predictions/full/mixed/tcn/seed_101/bandpass_n20004_cRA_LA_independent_rms_s5.npz,76262,6d072562174752a21e0316a00a1e38abd37010cb7f944c3f4bb71b49ccddc856
tcn,mixed,101,bandpass_n20004_cRA_LA_independent_rms_s0,phase2/results/predictions/full/mixed/tcn/seed_101/bandpass_n20004_cRA_LA_independent_rms_s0.npz,75984,dbf755e115df44dca043983b202595e0230ef7dbb714c969dc3890655313d966
tcn,mixed,101,bandpass_n20004_cRA_LA_electrode_s20,phase2/results/predictions/full/mixed/tcn/seed_101/bandpass_n20004_cRA_LA_electrode_s20.npz,76380,dad93d8bb1a895610077e7d474c65a540932103a3ed0f5ea33c87a41484d2d8c
tcn,mixed,101,bandpass_n20004_cRA_LA_electrode_s15,phase2/results/predictions/full/mixed/tcn/seed_101/bandpass_n20004_cRA_LA_electrode_s15.npz,76332,91cca8f093c7049db0bda1c8b31d82ff563131efc0ba6b516094033588c476d1
tcn,mixed,101,bandpass_n20004_cRA_LA_electrode_s10,phase2/results/predictions/full/mixed/tcn/seed_101/bandpass_n20004_cRA_LA_electrode_s10.npz,76316,2bf010dd3bd144b1f6d8abde25c6b9f84dd762d1e710f23a5e62df1cf02439e9
tcn,mixed,101,bandpass_n20004_cRA_LA_electrode_s5,phase2/results/predictions/full/mixed/tcn/seed_101/bandpass_n20004_cRA_LA_electrode_s5.npz,76109,e289a8eb3573de1630c3c4d6b3efa3dd8f8c7caf52636b1b60a22e1e022fea9b
tcn,mixed,101,bandpass_n20004_cRA_LA_electrode_s0,phase2/results/predictions/full/mixed/tcn/seed_101/bandpass_n20004_cRA_LA_electrode_s0.npz,75780,564a8a1d1581b34835bf3c31f04d22a70fc5fa53467767da3261c1842ea31457
tcn,mixed,101,bandpass_n20004_cRA_LA_covariance_s20,phase2/results/predictions/full/mixed/tcn/seed_101/bandpass_n20004_cRA_LA_covariance_s20.npz,76321,e921e05f7cafe37a940407acfa40a24a08bc29f9f41a01c47389ec9d5eaf5235
tcn,mixed,101,bandpass_n20004_cRA_LA_covariance_s15,phase2/results/predictions/full/mixed/tcn/seed_101/bandpass_n20004_cRA_LA_covariance_s15.npz,76342,b94b4ec4644aac232e48ed896f9d2ba37bb3b8b34a2f7ab01f635914ab76e6fd
tcn,mixed,101,bandpass_n20004_cRA_LA_covariance_s10,phase2/results/predictions/full/mixed/tcn/seed_101/bandpass_n20004_cRA_LA_covariance_s10.npz,76320,e45229b68e8cb28093d93d9a8a3fb8ca1df6230d93a0c17c41aeb58dc5618397
tcn,mixed,101,bandpass_n20004_cRA_LA_covariance_s5,phase2/results/predictions/full/mixed/tcn/seed_101/bandpass_n20004_cRA_LA_covariance_s5.npz,76097,8a8c3e3e5997886a9cbfe40aaa3f5a85cc228f47594940f8c7d17d050661bbfe
tcn,mixed,101,bandpass_n20004_cRA_LA_covariance_s0,phase2/results/predictions/full/mixed/tcn/seed_101/bandpass_n20004_cRA_LA_covariance_s0.npz,75763,1f6f6d0f2066c84a229d6bc8bf20a38b6f87ae8f8f6cfc90152f19eb2eb2ed33
tcn,mixed,101,bandpass_n20004_cLA_LL_independent_rms_s20,phase2/results/predictions/full/mixed/tcn/seed_101/bandpass_n20004_cLA_LL_independent_rms_s20.npz,76405,e94fb7c5225c1b1fe6d3f3f81844f06118aea9af6d5a6c63b5116d8fa642bf6e
tcn,mixed,101,bandpass_n20004_cLA_LL_independent_rms_s15,phase2/results/predictions/full/mixed/tcn/seed_101/bandpass_n20004_cLA_LL_independent_rms_s15.npz,76359,d723ad8796eee89fc66880924bbeca615e3f13d100a788375393099406ac7c96
tcn,mixed,101,bandpass_n20004_cLA_LL_independent_rms_s10,phase2/results/predictions/full/mixed/tcn/seed_101/bandpass_n20004_cLA_LL_independent_rms_s10.npz,76361,050c1a082bce93aa9c4792ef06196223c2d99bb9f004853ad44d6d4ea3ebea9f
tcn,mixed,101,bandpass_n20004_cLA_LL_independent_rms_s5,phase2/results/predictions/full/mixed/tcn/seed_101/bandpass_n20004_cLA_LL_independent_rms_s5.npz,76275,de0a53bddef20b53eff79e59c525f8aa2579f0ab0847ced240bb7fd7fcd292de
tcn,mixed,101,bandpass_n20004_cLA_LL_independent_rms_s0,phase2/results/predictions/full/mixed/tcn/seed_101/bandpass_n20004_cLA_LL_independent_rms_s0.npz,75992,24521d8d03e6a0995b409ec60aa56f4da5dd41a15e7e323d6b94957df14228dc
tcn,mixed,101,bandpass_n20004_cLA_LL_electrode_s20,phase2/results/predictions/full/mixed/tcn/seed_101/bandpass_n20004_cLA_LL_electrode_s20.npz,76342,bc1af6f030658b51b4f0ace8fc152f10b6b863a42943713cd8b264d2f607c54c
tcn,mixed,101,bandpass_n20004_cLA_LL_electrode_s15,phase2/results/predictions/full/mixed/tcn/seed_101/bandpass_n20004_cLA_LL_electrode_s15.npz,76376,0295dee4c526c6de7cb8370938eca90b703d7cd2f3a8fa5d376e891afec4ca59
tcn,mixed,101,bandpass_n20004_cLA_LL_electrode_s10,phase2/results/predictions/full/mixed/tcn/seed_101/bandpass_n20004_cLA_LL_electrode_s10.npz,76324,931b116021d325dff7927d1474fa083bd08a28819795e8bff96e7e057066df1c
tcn,mixed,101,bandpass_n20004_cLA_LL_electrode_s5,phase2/results/predictions/full/mixed/tcn/seed_101/bandpass_n20004_cLA_LL_electrode_s5.npz,76159,4810ce58ae2b558ac57f7241946f5f11003e814c9bbfee4e491a5277ea2a1bdd
tcn,mixed,101,bandpass_n20004_cLA_LL_electrode_s0,phase2/results/predictions/full/mixed/tcn/seed_101/bandpass_n20004_cLA_LL_electrode_s0.npz,75790,b1f0a62c911a6b44bd7224627012cea2294375ede37a6ee7039d56c335f853c8
tcn,mixed,101,bandpass_n20004_cLA_LL_covariance_s20,phase2/results/predictions/full/mixed/tcn/seed_101/bandpass_n20004_cLA_LL_covariance_s20.npz,76347,c1a6965ad03cf428feabb582d47cd7d874756d4458eb84ce491cbea445365d09
tcn,mixed,101,bandpass_n20004_cLA_LL_covariance_s15,phase2/results/predictions/full/mixed/tcn/seed_101/bandpass_n20004_cLA_LL_covariance_s15.npz,76381,67466ab51188142254efe134a66947ff15505240edb55ae248127bd42ea503d3
tcn,mixed,101,bandpass_n20004_cLA_LL_covariance_s10,phase2/results/predictions/full/mixed/tcn/seed_101/bandpass_n20004_cLA_LL_covariance_s10.npz,76326,72f87c344c54b975bfa975e52bdeb2884bb89faf288c9f12c7b6aea66c3c0173
tcn,mixed,101,bandpass_n20004_cLA_LL_covariance_s5,phase2/results/predictions/full/mixed/tcn/seed_101/bandpass_n20004_cLA_LL_covariance_s5.npz,76167,ef545f1a6aa16cde37c3004f0dba0a582e0cefdfb35fc5dada4559e2999b7909
tcn,mixed,101,bandpass_n20004_cLA_LL_covariance_s0,phase2/results/predictions/full/mixed/tcn/seed_101/bandpass_n20004_cLA_LL_covariance_s0.npz,75814,bd8e7d8b0a40a33a8f74f608f84d578bddd65dc4f581f477c05a16149e0afabf
tcn,mixed,101,bandpass_n20004_cRA_LL_independent_rms_s20,phase2/results/predictions/full/mixed/tcn/seed_101/bandpass_n20004_cRA_LL_independent_rms_s20.npz,76379,ae0732363a106d1189700d6ec1581a7b2585a95b08626fdfe6ed88ee685151dc
tcn,mixed,101,bandpass_n20004_cRA_LL_independent_rms_s15,phase2/results/predictions/full/mixed/tcn/seed_101/bandpass_n20004_cRA_LL_independent_rms_s15.npz,76379,8ca643b6247b08f245f318d13cc6bbdbaeb23fc62eff3d5a3164d3262f054a65
tcn,mixed,101,bandpass_n20004_cRA_LL_independent_rms_s10,phase2/results/predictions/full/mixed/tcn/seed_101/bandpass_n20004_cRA_LL_independent_rms_s10.npz,76377,597bbdb91306e38d3226b222e2986c5550e403637663955e691f06768cd2d3a6
tcn,mixed,101,bandpass_n20004_cRA_LL_independent_rms_s5,phase2/results/predictions/full/mixed/tcn/seed_101/bandpass_n20004_cRA_LL_independent_rms_s5.npz,76278,a096b6585d4f0db5f9a64200fe4c1cf491a2cd0465d1eb816324398a613a9e51
tcn,mixed,101,bandpass_n20004_cRA_LL_independent_rms_s0,phase2/results/predictions/full/mixed/tcn/seed_101/bandpass_n20004_cRA_LL_independent_rms_s0.npz,75998,f21109abe1a4ba8fae0de7b7962e463b58fab133c3ba2ced93c0717cead73802
tcn,mixed,101,bandpass_n20004_cRA_LL_electrode_s20,phase2/results/predictions/full/mixed/tcn/seed_101/bandpass_n20004_cRA_LL_electrode_s20.npz,76360,13cfdddf30e4c96c96fe23014801c778c1cacb9e8c6817a3b6e629190a14473d
tcn,mixed,101,bandpass_n20004_cRA_LL_electrode_s15,phase2/results/predictions/full/mixed/tcn/seed_101/bandpass_n20004_cRA_LL_electrode_s15.npz,76385,fc8fcad04776ef9cf3d434ce34ff4078eb1183aa2b7a21445917f04b5e2e173a
tcn,mixed,101,bandpass_n20004_cRA_LL_electrode_s10,phase2/results/predictions/full/mixed/tcn/seed_101/bandpass_n20004_cRA_LL_electrode_s10.npz,76292,0ed9631b794b47380528e3370ec7d5c7040690f2cca7c2606532ba873e30b493
tcn,mixed,101,bandpass_n20004_cRA_LL_electrode_s5,phase2/results/predictions/full/mixed/tcn/seed_101/bandpass_n20004_cRA_LL_electrode_s5.npz,76131,8a9400723920332e89d0656aeeb6d495672d7e97b17fc34ac322db1a13eb42a8
tcn,mixed,101,bandpass_n20004_cRA_LL_electrode_s0,phase2/results/predictions/full/mixed/tcn/seed_101/bandpass_n20004_cRA_LL_electrode_s0.npz,75792,d734a2f4a244dbf5114ce7f898eb40abc5f816408d9ab10a2bbbb241b6c4755a
tcn,mixed,101,bandpass_n20004_cRA_LL_covariance_s20,phase2/results/predictions/full/mixed/tcn/seed_101/bandpass_n20004_cRA_LL_covariance_s20.npz,76362,65472afe2f40a2d31b4c56255990329c663db2ef337bbbdd181237c686fad07b
tcn,mixed,101,bandpass_n20004_cRA_LL_covariance_s15,phase2/results/predictions/full/mixed/tcn/seed_101/bandpass_n20004_cRA_LL_covariance_s15.npz,76398,1f50cf631a874171f042fb4dbfaac1d544d6262324b7ca6e8b7c75a01bda662c
tcn,mixed,101,bandpass_n20004_cRA_LL_covariance_s10,phase2/results/predictions/full/mixed/tcn/seed_101/bandpass_n20004_cRA_LL_covariance_s10.npz,76317,fc3a12679f54e3bf162217af8df88e5acfb6b171d8eca6dec184add6ef89f7c0
tcn,mixed,101,bandpass_n20004_cRA_LL_covariance_s5,phase2/results/predictions/full/mixed/tcn/seed_101/bandpass_n20004_cRA_LL_covariance_s5.npz,76131,79257506eaf4534398fe645d2fd15537d774377ef6b157a6cee51a2227201c0d
tcn,mixed,101,bandpass_n20004_cRA_LL_covariance_s0,phase2/results/predictions/full/mixed/tcn/seed_101/bandpass_n20004_cRA_LL_covariance_s0.npz,75769,d8974d27126ce3a5406a3ac3b5b7be72b48f386c853863edef1c72b120e62d22
tcn,mixed,101,bandpass_n20004_cRA_independent_rms_s20,phase2/results/predictions/full/mixed/tcn/seed_101/bandpass_n20004_cRA_independent_rms_s20.npz,76365,567e8fe8b1d871acfd8628182433f1e3875f27be17e31434cdbf0b3a281dc29a
tcn,mixed,101,bandpass_n20004_cRA_independent_rms_s15,phase2/results/predictions/full/mixed/tcn/seed_101/bandpass_n20004_cRA_independent_rms_s15.npz,76372,a419fd06aca14e51525c9b6ca06f66dffddc7425ef79fd717d8e13b9755c90d8
tcn,mixed,101,bandpass_n20004_cRA_independent_rms_s10,phase2/results/predictions/full/mixed/tcn/seed_101/bandpass_n20004_cRA_independent_rms_s10.npz,76367,3f18a7aff3c6c23738cfdfc0579c3b1abbe1b0daf8d254e8bbb2d021989ac1a9
tcn,mixed,101,bandpass_n20004_cRA_independent_rms_s5,phase2/results/predictions/full/mixed/tcn/seed_101/bandpass_n20004_cRA_independent_rms_s5.npz,76301,08525f99a0ae824acac04ea0ce8ed1d2e87619185273881ca18901ba151ff364
tcn,mixed,101,bandpass_n20004_cRA_independent_rms_s0,phase2/results/predictions/full/mixed/tcn/seed_101/bandpass_n20004_cRA_independent_rms_s0.npz,76029,3c9d47285b21e48b0bf675ae419a5b5e30a6da558f96b207fb01f16dbf713768
tcn,mixed,101,bandpass_n20004_cRA_electrode_s20,phase2/results/predictions/full/mixed/tcn/seed_101/bandpass_n20004_cRA_electrode_s20.npz,76346,fb38817f8fc4e52dfc633bbe75fa610e1d3a6d4bd3aa37a51f6b08a64d17883e
tcn,mixed,101,bandpass_n20004_cRA_electrode_s15,phase2/results/predictions/full/mixed/tcn/seed_101/bandpass_n20004_cRA_electrode_s15.npz,76350,ed7cc80648572fb6ad0f110d9bcf75cb49888c4c071d5819c2e20c9e7c952595
tcn,mixed,101,bandpass_n20004_cRA_electrode_s10,phase2/results/predictions/full/mixed/tcn/seed_101/bandpass_n20004_cRA_electrode_s10.npz,76300,74cf7923cd4200751ec49c2a6baf76124c677beb1df8eb4f228f0db9d469024b
tcn,mixed,101,bandpass_n20004_cRA_electrode_s5,phase2/results/predictions/full/mixed/tcn/seed_101/bandpass_n20004_cRA_electrode_s5.npz,76139,42fab90824bfc7cec3a6d2919a30e345b9c4e4dbdf853088421dc28bddf70f71
tcn,mixed,101,bandpass_n20004_cRA_electrode_s0,phase2/results/predictions/full/mixed/tcn/seed_101/bandpass_n20004_cRA_electrode_s0.npz,75859,25ac6fac34d66c0d15931d593d7fde186b506b767d75c27449e2ac9bcadf9dac
tcn,mixed,101,bandpass_n20004_cRA_covariance_s20,phase2/results/predictions/full/mixed/tcn/seed_101/bandpass_n20004_cRA_covariance_s20.npz,76359,aae21ff496ec9db8f414f6f1bb642cf881b3f5848dc25993f116dad3f8fd590c
tcn,mixed,101,bandpass_n20004_cRA_covariance_s15,phase2/results/predictions/full/mixed/tcn/seed_101/bandpass_n20004_cRA_covariance_s15.npz,76343,d66cb7337d1a9dfaa74b4dcb27266b8d9608522d9b32eb21b6586dd74142eb12
tcn,mixed,101,bandpass_n20004_cRA_covariance_s10,phase2/results/predictions/full/mixed/tcn/seed_101/bandpass_n20004_cRA_covariance_s10.npz,76279,fd12eca7c6e50f6cc47f8b73a0146e6ff1f7e38358f1afd04487cfd6a45416c1
tcn,mixed,101,bandpass_n20004_cRA_covariance_s5,phase2/results/predictions/full/mixed/tcn/seed_101/bandpass_n20004_cRA_covariance_s5.npz,76129,a025b52b466fd0fe52f3a648f607a609e7c32de87f89448210773a747ed059f0
tcn,mixed,101,bandpass_n20004_cRA_covariance_s0,phase2/results/predictions/full/mixed/tcn/seed_101/bandpass_n20004_cRA_covariance_s0.npz,75863,6d7daf3baa993f977b459a574ea691fd927f787a698c865402ef476a7c6483f3
tcn,mixed,101,bandpass_n20004_cLA_independent_rms_s20,phase2/results/predictions/full/mixed/tcn/seed_101/bandpass_n20004_cLA_independent_rms_s20.npz,76361,fea549985ab722e61b5b26b960785cb7a615b2b958a4ffb28253dbaf82a596b9
tcn,mixed,101,bandpass_n20004_cLA_independent_rms_s15,phase2/results/predictions/full/mixed/tcn/seed_101/bandpass_n20004_cLA_independent_rms_s15.npz,76356,14e775ce902f748a345400519a8d947908e37d34a8daddd8476c8ea3bc3390c9
tcn,mixed,101,bandpass_n20004_cLA_independent_rms_s10,phase2/results/predictions/full/mixed/tcn/seed_101/bandpass_n20004_cLA_independent_rms_s10.npz,76334,bc7ade4f91e80b4ca7248b19ae475a563fd3591b80da2f6cb4b45801808308f2
tcn,mixed,101,bandpass_n20004_cLA_independent_rms_s5,phase2/results/predictions/full/mixed/tcn/seed_101/bandpass_n20004_cLA_independent_rms_s5.npz,76225,671cb139d80a9ceb90901be8a168fccaf8de1392a42961dde8fcc3704f41511b
tcn,mixed,101,bandpass_n20004_cLA_independent_rms_s0,phase2/results/predictions/full/mixed/tcn/seed_101/bandpass_n20004_cLA_independent_rms_s0.npz,76006,72022c5138e92eba7a459177c09829f93226680e55197debf854f577ce1ac33f
tcn,mixed,101,bandpass_n20004_cLA_electrode_s20,phase2/results/predictions/full/mixed/tcn/seed_101/bandpass_n20004_cLA_electrode_s20.npz,76367,eafd40d1f8bd6512ff2e09f2e17b952c914c4dee7883bb91842d81e479fd4323
tcn,mixed,101,bandpass_n20004_cLA_electrode_s15,phase2/results/predictions/full/mixed/tcn/seed_101/bandpass_n20004_cLA_electrode_s15.npz,76381,5b4df1d82462555d0d0145e5de406a5adffe227fccb23a987f327ee6921928a0
tcn,mixed,101,bandpass_n20004_cLA_electrode_s10,phase2/results/predictions/full/mixed/tcn/seed_101/bandpass_n20004_cLA_electrode_s10.npz,76361,4f6f5ef7fb42eb204d8b95d73e27f77e7e6bb3307b9f22aa37bee42624904293
tcn,mixed,101,bandpass_n20004_cLA_electrode_s5,phase2/results/predictions/full/mixed/tcn/seed_101/bandpass_n20004_cLA_electrode_s5.npz,76148,9ccb4cfe7a9be90cd5669ada1fd49d8757ea816abafd8b258be742e5cff65264
tcn,mixed,101,bandpass_n20004_cLA_electrode_s0,phase2/results/predictions/full/mixed/tcn/seed_101/bandpass_n20004_cLA_electrode_s0.npz,75788,8553e418009129305e2892208126768f8bbc7fcd3f37d8fca83b8db667187778
tcn,mixed,101,bandpass_n20004_cLA_covariance_s20,phase2/results/predictions/full/mixed/tcn/seed_101/bandpass_n20004_cLA_covariance_s20.npz,76359,2f81cd7cae009a7c3022a94049d2a13d2918156a76d4fa686cc43c19edc1097c
tcn,mixed,101,bandpass_n20004_cLA_covariance_s15,phase2/results/predictions/full/mixed/tcn/seed_101/bandpass_n20004_cLA_covariance_s15.npz,76339,76f2adf6536716459d3254dcd037eed08d3418079c3c372c687aa287e796563c
tcn,mixed,101,bandpass_n20004_cLA_covariance_s10,phase2/results/predictions/full/mixed/tcn/seed_101/bandpass_n20004_cLA_covariance_s10.npz,76297,572a823fb34a7bbaff6821dc20ebfe5e71da94136c610732e7a6266d8a2eb308
tcn,mixed,101,bandpass_n20004_cLA_covariance_s5,phase2/results/predictions/full/mixed/tcn/seed_101/bandpass_n20004_cLA_covariance_s5.npz,76111,a836cc52817aab7fb913cbee455b27260c3de770a7835d71a1b11a78909964d5
tcn,mixed,101,bandpass_n20004_cLA_covariance_s0,phase2/results/predictions/full/mixed/tcn/seed_101/bandpass_n20004_cLA_covariance_s0.npz,75791,b48a1c3bca629f691e5bd7f65fe38debeccf754da1b85dd562634b9f02369938
tcn,mixed,101,bandpass_n20004_cLL_independent_rms_s20,phase2/results/predictions/full/mixed/tcn/seed_101/bandpass_n20004_cLL_independent_rms_s20.npz,76363,792d95eee56b3b98e51b9c9ac78723469acbd13102ecd56b7257ef9b8b395cfa
tcn,mixed,101,bandpass_n20004_cLL_independent_rms_s15,phase2/results/predictions/full/mixed/tcn/seed_101/bandpass_n20004_cLL_independent_rms_s15.npz,76388,4e88472abf94e0eb584648e1bea0ce67d1bec3d2891cf3d5c0b3a0c33bea7b89
tcn,mixed,101,bandpass_n20004_cLL_independent_rms_s10,phase2/results/predictions/full/mixed/tcn/seed_101/bandpass_n20004_cLL_independent_rms_s10.npz,76374,af1851f6bda4796e5d56892c48af9f27cf3b6726c014de9ae81862bc4e9643a8
tcn,mixed,101,bandpass_n20004_cLL_independent_rms_s5,phase2/results/predictions/full/mixed/tcn/seed_101/bandpass_n20004_cLL_independent_rms_s5.npz,76256,5c8a1247b68133396d3b934497e3279515b99ff3a12dfe3a7573edbac0af0bad
tcn,mixed,101,bandpass_n20004_cLL_independent_rms_s0,phase2/results/predictions/full/mixed/tcn/seed_101/bandpass_n20004_cLL_independent_rms_s0.npz,75979,ac9c455b28b335c492069a3b4f979c4c1148256531f6c55e779c57398364b956
tcn,mixed,101,bandpass_n20004_cLL_electrode_s20,phase2/results/predictions/full/mixed/tcn/seed_101/bandpass_n20004_cLL_electrode_s20.npz,76379,40bef032568fc10c6932fe19bd094c239b0bcf74ac2259a3e74a1c2eb6518c71
tcn,mixed,101,bandpass_n20004_cLL_electrode_s15,phase2/results/predictions/full/mixed/tcn/seed_101/bandpass_n20004_cLL_electrode_s15.npz,76362,21ae0594984f1ef872808f76e7d9b3ad9be769567d10e4812c3f1889cece9306
tcn,mixed,101,bandpass_n20004_cLL_electrode_s10,phase2/results/predictions/full/mixed/tcn/seed_101/bandpass_n20004_cLL_electrode_s10.npz,76342,caf3ef7c1e8a2d594b5bbbb8fa8642ce2710c14e2f2bf7c2fbb5f20bf453b4a9
tcn,mixed,101,bandpass_n20004_cLL_electrode_s5,phase2/results/predictions/full/mixed/tcn/seed_101/bandpass_n20004_cLL_electrode_s5.npz,76165,077bf2fed660c5157a8b4a6c4a4972b8e60cc3cc4b1100a40d54038440faeae6
tcn,mixed,101,bandpass_n20004_cLL_electrode_s0,phase2/results/predictions/full/mixed/tcn/seed_101/bandpass_n20004_cLL_electrode_s0.npz,75881,ed87d17402a84f352d5e73ec2dffd2f2a85686a080978b1a6ea071eca6b40072
tcn,mixed,101,bandpass_n20004_cLL_covariance_s20,phase2/results/predictions/full/mixed/tcn/seed_101/bandpass_n20004_cLL_covariance_s20.npz,76360,7243732ffd916383ecb20c7e5ca342cf04d929b77e7bdf1b0274624f2c4dc1b1
tcn,mixed,101,bandpass_n20004_cLL_covariance_s15,phase2/results/predictions/full/mixed/tcn/seed_101/bandpass_n20004_cLL_covariance_s15.npz,76355,d10bcb3684db2ef5c7a532a9a2de9dfd90be6d0c9394c7861c17bca1724cf157
tcn,mixed,101,bandpass_n20004_cLL_covariance_s10,phase2/results/predictions/full/mixed/tcn/seed_101/bandpass_n20004_cLL_covariance_s10.npz,76348,3a0c4fa613a2194e940bec1f5ae3c632fe1a3c90e9aa0f7bea5c0df1eb241e3d
tcn,mixed,101,bandpass_n20004_cLL_covariance_s5,phase2/results/predictions/full/mixed/tcn/seed_101/bandpass_n20004_cLL_covariance_s5.npz,76170,972c4a3e913a9f312badebeb23eab71d8701b6d4cb7c8b5bc144e6388179915a
tcn,mixed,101,bandpass_n20004_cLL_covariance_s0,phase2/results/predictions/full/mixed/tcn/seed_101/bandpass_n20004_cLL_covariance_s0.npz,75837,b8d2ad9252a66390d932d5fb6ccc1d1ddbbb245af887d082c2d83749f8c5375e
tcn,mixed,101,bandpass_n20004_cRA_V1_independent_rms_s20,phase2/results/predictions/full/mixed/tcn/seed_101/bandpass_n20004_cRA_V1_independent_rms_s20.npz,76379,a34afa2d2ebb4822865f428a3e51d2b30ff05bedb532c71f7966de3010a7af6f
tcn,mixed,101,bandpass_n20004_cRA_V1_independent_rms_s15,phase2/results/predictions/full/mixed/tcn/seed_101/bandpass_n20004_cRA_V1_independent_rms_s15.npz,76386,8d15cea942e742011c33f7f0369e1630231df64370230074c17b721a04f645f8
tcn,mixed,101,bandpass_n20004_cRA_V1_independent_rms_s10,phase2/results/predictions/full/mixed/tcn/seed_101/bandpass_n20004_cRA_V1_independent_rms_s10.npz,76398,e4f31bfc106bbb9bcdf77fe7794b851b87ffbc6b3bfdc8a2d5fb37c0edb74620
tcn,mixed,101,bandpass_n20004_cRA_V1_independent_rms_s5,phase2/results/predictions/full/mixed/tcn/seed_101/bandpass_n20004_cRA_V1_independent_rms_s5.npz,76256,904e513b9233d263d901cf980389e3ecd0ac42b00a8a03d08f5a49eac0c54076
tcn,mixed,101,bandpass_n20004_cRA_V1_independent_rms_s0,phase2/results/predictions/full/mixed/tcn/seed_101/bandpass_n20004_cRA_V1_independent_rms_s0.npz,75999,ac96bf6556b6ee3914d3bfddf9dc828085cfa9f14ca758b183015924bd756a6a
tcn,mixed,101,bandpass_n20004_cRA_V1_electrode_s20,phase2/results/predictions/full/mixed/tcn/seed_101/bandpass_n20004_cRA_V1_electrode_s20.npz,76384,c36c1a9f78df2ebc692f68df7d462e36ca8c386da26ad40a9fcca1c61113e3d0
tcn,mixed,101,bandpass_n20004_cRA_V1_electrode_s15,phase2/results/predictions/full/mixed/tcn/seed_101/bandpass_n20004_cRA_V1_electrode_s15.npz,76340,76909fd605acf4fd02aa96f9926f0fd366397ec026057f43d0ba79b8977a6250
tcn,mixed,101,bandpass_n20004_cRA_V1_electrode_s10,phase2/results/predictions/full/mixed/tcn/seed_101/bandpass_n20004_cRA_V1_electrode_s10.npz,76274,5a2ac51c76ed677b234e9c4b54344aac2c5f542adcea0e305b25cbb9d841a3d3
tcn,mixed,101,bandpass_n20004_cRA_V1_electrode_s5,phase2/results/predictions/full/mixed/tcn/seed_101/bandpass_n20004_cRA_V1_electrode_s5.npz,76099,79af3a5c2c5598d8aceb207ad7d7e70f36bdb0741ddc98881dc9725b2034ff44
tcn,mixed,101,bandpass_n20004_cRA_V1_electrode_s0,phase2/results/predictions/full/mixed/tcn/seed_101/bandpass_n20004_cRA_V1_electrode_s0.npz,75832,443e579ea4eb2fea9042e1c9f01ce702042a1a86c792297cf2ed9987603b659d
tcn,mixed,101,bandpass_n20004_cRA_V1_covariance_s20,phase2/results/predictions/full/mixed/tcn/seed_101/bandpass_n20004_cRA_V1_covariance_s20.npz,76334,506567b5227f2a74bd3a1b0a9fcef57878486c7a333684fe284dfd6c3a954d22
tcn,mixed,101,bandpass_n20004_cRA_V1_covariance_s15,phase2/results/predictions/full/mixed/tcn/seed_101/bandpass_n20004_cRA_V1_covariance_s15.npz,76347,cc38a7b242125f125cb6fe3eb5770550bb9905e54d5edd7bacf4cce657e61f1c
tcn,mixed,101,bandpass_n20004_cRA_V1_covariance_s10,phase2/results/predictions/full/mixed/tcn/seed_101/bandpass_n20004_cRA_V1_covariance_s10.npz,76308,c9405bc989625fcd67e1ec5ef967b05053bfe6767d728a0932995556d8fba06e
tcn,mixed,101,bandpass_n20004_cRA_V1_covariance_s5,phase2/results/predictions/full/mixed/tcn/seed_101/bandpass_n20004_cRA_V1_covariance_s5.npz,76108,797a2af8abf61ef65191a8b5832a78debb3b6e42ebcf8217b756f891481b9dd7
tcn,mixed,101,bandpass_n20004_cRA_V1_covariance_s0,phase2/results/predictions/full/mixed/tcn/seed_101/bandpass_n20004_cRA_V1_covariance_s0.npz,75825,9f0193cbdaf3d4baea7bbd7418735ecfe175408279b452bbf979eb8854ae152f
tcn,mixed,101,bandpass_n20004_cLA_V6_independent_rms_s20,phase2/results/predictions/full/mixed/tcn/seed_101/bandpass_n20004_cLA_V6_independent_rms_s20.npz,76378,51748523a8622b216c3505cb743865033379334a826897bc89c6ee040155a09b
tcn,mixed,101,bandpass_n20004_cLA_V6_independent_rms_s15,phase2/results/predictions/full/mixed/tcn/seed_101/bandpass_n20004_cLA_V6_independent_rms_s15.npz,76396,173d7d2ac6f2726959facdf26dc66f2c59a02194383884efc5c459da43cbf27a
tcn,mixed,101,bandpass_n20004_cLA_V6_independent_rms_s10,phase2/results/predictions/full/mixed/tcn/seed_101/bandpass_n20004_cLA_V6_independent_rms_s10.npz,76377,0846b64184de6f8c3c1f1c69ed208068de9763aeec18ff7da18792a6242c6c92
tcn,mixed,101,bandpass_n20004_cLA_V6_independent_rms_s5,phase2/results/predictions/full/mixed/tcn/seed_101/bandpass_n20004_cLA_V6_independent_rms_s5.npz,76252,347dfdd9b1dba7e7e94735e5758446986cabed7a671ca95745a1fda634c3b69d
tcn,mixed,101,bandpass_n20004_cLA_V6_independent_rms_s0,phase2/results/predictions/full/mixed/tcn/seed_101/bandpass_n20004_cLA_V6_independent_rms_s0.npz,76016,a67ec404a23202eb96d0493265f416fb8bc6dbbab56e5245afd1b4c8f54d676e
tcn,mixed,101,bandpass_n20004_cLA_V6_electrode_s20,phase2/results/predictions/full/mixed/tcn/seed_101/bandpass_n20004_cLA_V6_electrode_s20.npz,76382,62e5c261bb8c9abc6ddfd5cfe2fe476366bd73e360c4a967b7bbe74dfddd5974
tcn,mixed,101,bandpass_n20004_cLA_V6_electrode_s15,phase2/results/predictions/full/mixed/tcn/seed_101/bandpass_n20004_cLA_V6_electrode_s15.npz,76395,16cc717efee2e3dfc720e3c9a3566da9166b22b2fd8d7f8f1cda139a2c8f22bd
tcn,mixed,101,bandpass_n20004_cLA_V6_electrode_s10,phase2/results/predictions/full/mixed/tcn/seed_101/bandpass_n20004_cLA_V6_electrode_s10.npz,76369,e8924a0d146d712b178107c7d577ff86eb2066fd88afa487c3041ebddf8728d9
tcn,mixed,101,bandpass_n20004_cLA_V6_electrode_s5,phase2/results/predictions/full/mixed/tcn/seed_101/bandpass_n20004_cLA_V6_electrode_s5.npz,76202,d54a67ff25aa7ec2a581e790871dc6f0cb4a1ac6b7a68d4462dcaccca3778e62
tcn,mixed,101,bandpass_n20004_cLA_V6_electrode_s0,phase2/results/predictions/full/mixed/tcn/seed_101/bandpass_n20004_cLA_V6_electrode_s0.npz,75845,2658dc9b14727fbf1a2dc5b3ef67f2265a16783fb7e910bd6ce9e831391e6f8b
tcn,mixed,101,bandpass_n20004_cLA_V6_covariance_s20,phase2/results/predictions/full/mixed/tcn/seed_101/bandpass_n20004_cLA_V6_covariance_s20.npz,76406,379176dc3758f768ae6068daaf5c2858b8b8312cb7ef0f8b0b8ca2d6bf658328
tcn,mixed,101,bandpass_n20004_cLA_V6_covariance_s15,phase2/results/predictions/full/mixed/tcn/seed_101/bandpass_n20004_cLA_V6_covariance_s15.npz,76372,9645f5c6dcdcf3ffb3b84a59a986f8a5fca44f6b34be687d0bd41bb15f2eaca3
tcn,mixed,101,bandpass_n20004_cLA_V6_covariance_s10,phase2/results/predictions/full/mixed/tcn/seed_101/bandpass_n20004_cLA_V6_covariance_s10.npz,76350,20bc06ff3bb1e34d117ce86dc3cfc87fcf73a3353a5f26286c86ff601d269cc6
tcn,mixed,101,bandpass_n20004_cLA_V6_covariance_s5,phase2/results/predictions/full/mixed/tcn/seed_101/bandpass_n20004_cLA_V6_covariance_s5.npz,76172,b2e9e47b76186cb29f1c200a3329194aed56488aee5fb1c515aa842e925f8942
tcn,mixed,101,bandpass_n20004_cLA_V6_covariance_s0,phase2/results/predictions/full/mixed/tcn/seed_101/bandpass_n20004_cLA_V6_covariance_s0.npz,75859,cc7038e4b8818e40069d5621f0eaf70abe89f0491babd433ef397bf68ffb1e41
tcn,mixed,101,bandpass_n20004_cLL_V4_independent_rms_s20,phase2/results/predictions/full/mixed/tcn/seed_101/bandpass_n20004_cLL_V4_independent_rms_s20.npz,76378,7d9a5ca4f25306b3a047e7c60d3308bf850f55ae05f34e679cc37ae12b341bc2
tcn,mixed,101,bandpass_n20004_cLL_V4_independent_rms_s15,phase2/results/predictions/full/mixed/tcn/seed_101/bandpass_n20004_cLL_V4_independent_rms_s15.npz,76391,dcc579c23d96e8250814cf8b2cc604e1841add652695ae2bb8a3a0e02d02cc8e
tcn,mixed,101,bandpass_n20004_cLL_V4_independent_rms_s10,phase2/results/predictions/full/mixed/tcn/seed_101/bandpass_n20004_cLL_V4_independent_rms_s10.npz,76371,29df1d3c5a85341fff1a8e34ab25b1c4d839f604e774bc3b8c5a933761fa4c3e
tcn,mixed,101,bandpass_n20004_cLL_V4_independent_rms_s5,phase2/results/predictions/full/mixed/tcn/seed_101/bandpass_n20004_cLL_V4_independent_rms_s5.npz,76264,cab1a6f03583f2ff638ed43a72e245a5c26ce0ad838a66961b1b99e4384a8789
tcn,mixed,101,bandpass_n20004_cLL_V4_independent_rms_s0,phase2/results/predictions/full/mixed/tcn/seed_101/bandpass_n20004_cLL_V4_independent_rms_s0.npz,76016,543485341ef8d116db9c7ab68750a5464dcf4bd826e6309a9abb4a9bf75be134
tcn,mixed,101,bandpass_n20004_cLL_V4_electrode_s20,phase2/results/predictions/full/mixed/tcn/seed_101/bandpass_n20004_cLL_V4_electrode_s20.npz,76357,e953954d18b350bdd05880674f9ab117d1e717e8636b13db7509526e4577cbca
tcn,mixed,101,bandpass_n20004_cLL_V4_electrode_s15,phase2/results/predictions/full/mixed/tcn/seed_101/bandpass_n20004_cLL_V4_electrode_s15.npz,76350,b2eae4314d52bd8316bb12826db39a3098d3708c755405954678571537c705af
tcn,mixed,101,bandpass_n20004_cLL_V4_electrode_s10,phase2/results/predictions/full/mixed/tcn/seed_101/bandpass_n20004_cLL_V4_electrode_s10.npz,76358,fce6b5ced37e284bcb2cec2f4e1562a439e8d1269b9dd192ca5696cc6f4a59d2
tcn,mixed,101,bandpass_n20004_cLL_V4_electrode_s5,phase2/results/predictions/full/mixed/tcn/seed_101/bandpass_n20004_cLL_V4_electrode_s5.npz,76229,7d21d0d72bdbb9f44a906714d6a0d9657355e7d5c8148f5c2a2956c00e6870e3
tcn,mixed,101,bandpass_n20004_cLL_V4_electrode_s0,phase2/results/predictions/full/mixed/tcn/seed_101/bandpass_n20004_cLL_V4_electrode_s0.npz,75835,d6d1495f8befc117f7b7ba3941044e5b875df6958e751ccf77ccc54b785766bd
tcn,mixed,101,bandpass_n20004_cLL_V4_covariance_s20,phase2/results/predictions/full/mixed/tcn/seed_101/bandpass_n20004_cLL_V4_covariance_s20.npz,76369,4cac06e22d00a9038c53a5af21835cc2fa615809d01241ecb7c501d60d924e8a
tcn,mixed,101,bandpass_n20004_cLL_V4_covariance_s15,phase2/results/predictions/full/mixed/tcn/seed_101/bandpass_n20004_cLL_V4_covariance_s15.npz,76330,2146694f20c5cfecd0f0acf87cf7732df754b98e9badcc657130b0c314fc70d2
tcn,mixed,101,bandpass_n20004_cLL_V4_covariance_s10,phase2/results/predictions/full/mixed/tcn/seed_101/bandpass_n20004_cLL_V4_covariance_s10.npz,76336,45305cd4d9dba0db64de2ebc6e941f8dd063424c464098b3a60f778d56e6a36f
tcn,mixed,101,bandpass_n20004_cLL_V4_covariance_s5,phase2/results/predictions/full/mixed/tcn/seed_101/bandpass_n20004_cLL_V4_covariance_s5.npz,76204,f1d6a7aff51f5e735bba3488e968a6112b28fdec3f7767b246e7e5c4285002fb
tcn,mixed,101,bandpass_n20004_cLL_V4_covariance_s0,phase2/results/predictions/full/mixed/tcn/seed_101/bandpass_n20004_cLL_V4_covariance_s0.npz,75878,29f0b62d1caf1dbb697d134179478c5fcb69236f8831f876f8bf918840b118cd
tcn,mixed,101,bandpass_n20004_cRA_LA_V1_V6_independent_rms_s20,phase2/results/predictions/full/mixed/tcn/seed_101/bandpass_n20004_cRA_LA_V1_V6_independent_rms_s20.npz,76417,b79cce4e9b643ca7f120c6680c6a022c66064360df5313ae8af54b32f4c3c297
tcn,mixed,101,bandpass_n20004_cRA_LA_V1_V6_independent_rms_s15,phase2/results/predictions/full/mixed/tcn/seed_101/bandpass_n20004_cRA_LA_V1_V6_independent_rms_s15.npz,76383,37ef506a609a0c429b7b208149d543b19672ac4654bf51cfdccd3adce36872f1
tcn,mixed,101,bandpass_n20004_cRA_LA_V1_V6_independent_rms_s10,phase2/results/predictions/full/mixed/tcn/seed_101/bandpass_n20004_cRA_LA_V1_V6_independent_rms_s10.npz,76374,252aa42cbb98bc05ba499a4374190d81b0975dcacad9be2fc7cbe3aa8af01a90
tcn,mixed,101,bandpass_n20004_cRA_LA_V1_V6_independent_rms_s5,phase2/results/predictions/full/mixed/tcn/seed_101/bandpass_n20004_cRA_LA_V1_V6_independent_rms_s5.npz,76282,cfee2675a207b80d0ea51384c027b49d0d99b10ea2d46ef6be39cced6cb796e6
tcn,mixed,101,bandpass_n20004_cRA_LA_V1_V6_independent_rms_s0,phase2/results/predictions/full/mixed/tcn/seed_101/bandpass_n20004_cRA_LA_V1_V6_independent_rms_s0.npz,76029,f86490eecea998e6fe60f9f3c6260a05ad38f1dbc25121856d925dcbffde4b65
tcn,mixed,101,bandpass_n20004_cRA_LA_V1_V6_electrode_s20,phase2/results/predictions/full/mixed/tcn/seed_101/bandpass_n20004_cRA_LA_V1_V6_electrode_s20.npz,76373,fb7630015bd5dc140fb639c52b378920ca0cdc3dab6b59bb85a7e0b19741a029
tcn,mixed,101,bandpass_n20004_cRA_LA_V1_V6_electrode_s15,phase2/results/predictions/full/mixed/tcn/seed_101/bandpass_n20004_cRA_LA_V1_V6_electrode_s15.npz,76370,dfd5e9f04126dd9ce3b79910c58617396db75d0710a8f05818ae5d2f65c30ea8
tcn,mixed,101,bandpass_n20004_cRA_LA_V1_V6_electrode_s10,phase2/results/predictions/full/mixed/tcn/seed_101/bandpass_n20004_cRA_LA_V1_V6_electrode_s10.npz,76346,0bbe65a2c10b434d77e4cb406d87570a81030b7ff2c31fbac3a97eb3e8c51636
tcn,mixed,101,bandpass_n20004_cRA_LA_V1_V6_electrode_s5,phase2/results/predictions/full/mixed/tcn/seed_101/bandpass_n20004_cRA_LA_V1_V6_electrode_s5.npz,76163,3d17c4fd44788920f39495e25d0aecb1a23d1229c83b906cd125a4b7ad9e0e6d
tcn,mixed,101,bandpass_n20004_cRA_LA_V1_V6_electrode_s0,phase2/results/predictions/full/mixed/tcn/seed_101/bandpass_n20004_cRA_LA_V1_V6_electrode_s0.npz,75809,b449a9e092402095d6b66c4384a3f13dc0f47a5d76c17cbc528508e85f1ca158
tcn,mixed,101,bandpass_n20004_cRA_LA_V1_V6_covariance_s20,phase2/results/predictions/full/mixed/tcn/seed_101/bandpass_n20004_cRA_LA_V1_V6_covariance_s20.npz,76358,43277c6afca9116910037300e28f79d97107fba06a04ce3455e6196802b7762e
tcn,mixed,101,bandpass_n20004_cRA_LA_V1_V6_covariance_s15,phase2/results/predictions/full/mixed/tcn/seed_101/bandpass_n20004_cRA_LA_V1_V6_covariance_s15.npz,76367,585d21c8311cac0b59f9cc35e37bf38db42e6367dd91844c900e5bc1a1784511
tcn,mixed,101,bandpass_n20004_cRA_LA_V1_V6_covariance_s10,phase2/results/predictions/full/mixed/tcn/seed_101/bandpass_n20004_cRA_LA_V1_V6_covariance_s10.npz,76299,1709c42a860a3e61e03b1ae1f8d5464960268a75ea58e3b90c77d6313c3c8f46
tcn,mixed,101,bandpass_n20004_cRA_LA_V1_V6_covariance_s5,phase2/results/predictions/full/mixed/tcn/seed_101/bandpass_n20004_cRA_LA_V1_V6_covariance_s5.npz,76161,46088f74c02b729d91858371557c6491b2286eba9605744e88615bc1d9222ffc
tcn,mixed,101,bandpass_n20004_cRA_LA_V1_V6_covariance_s0,phase2/results/predictions/full/mixed/tcn/seed_101/bandpass_n20004_cRA_LA_V1_V6_covariance_s0.npz,75837,95df3924516cf8cc3a30e175494d23dd3db0dbe776412aa0645f138e93325ec4
tcn,mixed,101,bandpass_n20004_cRA_V2_V5_independent_rms_s20,phase2/results/predictions/full/mixed/tcn/seed_101/bandpass_n20004_cRA_V2_V5_independent_rms_s20.npz,76390,029ce7e8bea0b315066d42024b613b5dea37915c4fd26cb489ff7e2cc5a77772
tcn,mixed,101,bandpass_n20004_cRA_V2_V5_independent_rms_s15,phase2/results/predictions/full/mixed/tcn/seed_101/bandpass_n20004_cRA_V2_V5_independent_rms_s15.npz,76362,e734059812933eb3f17d1a7908e436dfbe25c819bebbb874197111b080c1722a
tcn,mixed,101,bandpass_n20004_cRA_V2_V5_independent_rms_s10,phase2/results/predictions/full/mixed/tcn/seed_101/bandpass_n20004_cRA_V2_V5_independent_rms_s10.npz,76380,0f6e546e7e7fd200c2f33081cb5aae1b52a27f012b92f56b432ef6e9723eba3c
tcn,mixed,101,bandpass_n20004_cRA_V2_V5_independent_rms_s5,phase2/results/predictions/full/mixed/tcn/seed_101/bandpass_n20004_cRA_V2_V5_independent_rms_s5.npz,76307,508f9b467374ba039cefbb1f010489d658a5af0e69703734fcacc7dda888dc51
tcn,mixed,101,bandpass_n20004_cRA_V2_V5_independent_rms_s0,phase2/results/predictions/full/mixed/tcn/seed_101/bandpass_n20004_cRA_V2_V5_independent_rms_s0.npz,76042,0f16a9f275ae382054aa58340fe25eadc1c743df18dec48e05abe7d91e226be3
tcn,mixed,101,bandpass_n20004_cRA_V2_V5_electrode_s20,phase2/results/predictions/full/mixed/tcn/seed_101/bandpass_n20004_cRA_V2_V5_electrode_s20.npz,76362,306b34861ce9319fae70d61254e8de04318e0aeadbd655e1381446c2001cea4b
tcn,mixed,101,bandpass_n20004_cRA_V2_V5_electrode_s15,phase2/results/predictions/full/mixed/tcn/seed_101/bandpass_n20004_cRA_V2_V5_electrode_s15.npz,76367,19cb592436f2ecf27f5338df2c6eed450041a62022083a90ba74e10d0704c9c2
tcn,mixed,101,bandpass_n20004_cRA_V2_V5_electrode_s10,phase2/results/predictions/full/mixed/tcn/seed_101/bandpass_n20004_cRA_V2_V5_electrode_s10.npz,76331,401227aad1a9c93d31b12bc481e7adda41dbfaa85796be7e036b288c4ad0b77a
tcn,mixed,101,bandpass_n20004_cRA_V2_V5_electrode_s5,phase2/results/predictions/full/mixed/tcn/seed_101/bandpass_n20004_cRA_V2_V5_electrode_s5.npz,76163,6ba2efc5e5dca0227a5dee3194ab71c93a6df4139c8beaa8ed5e84b65b9c6a7a
tcn,mixed,101,bandpass_n20004_cRA_V2_V5_electrode_s0,phase2/results/predictions/full/mixed/tcn/seed_101/bandpass_n20004_cRA_V2_V5_electrode_s0.npz,75865,28cb4cef3237786815f7e65bac1af8caa9503d48ad98436f67073b0e71fa8425
tcn,mixed,101,bandpass_n20004_cRA_V2_V5_covariance_s20,phase2/results/predictions/full/mixed/tcn/seed_101/bandpass_n20004_cRA_V2_V5_covariance_s20.npz,76369,5c11dcc8df0f9fdab3fb643557c43d4f086bb122845999c0d3f21cf92d7d7645
tcn,mixed,101,bandpass_n20004_cRA_V2_V5_covariance_s15,phase2/results/predictions/full/mixed/tcn/seed_101/bandpass_n20004_cRA_V2_V5_covariance_s15.npz,76377,efd6adb47fa3c454313d63bc44af19eb540cdc1e7d4e65ae3d485397b4286f67
tcn,mixed,101,bandpass_n20004_cRA_V2_V5_covariance_s10,phase2/results/predictions/full/mixed/tcn/seed_101/bandpass_n20004_cRA_V2_V5_covariance_s10.npz,76334,256a1d412058e8fa3dedbd697777405be288c3e4e051d31c41e4951be3eba69f
tcn,mixed,101,bandpass_n20004_cRA_V2_V5_covariance_s5,phase2/results/predictions/full/mixed/tcn/seed_101/bandpass_n20004_cRA_V2_V5_covariance_s5.npz,76148,7b3c89bd0607410d599eaeeacc0f233fa7621f7f55f26705eb0e8f6fe5a6c0b5
tcn,mixed,101,bandpass_n20004_cRA_V2_V5_covariance_s0,phase2/results/predictions/full/mixed/tcn/seed_101/bandpass_n20004_cRA_V2_V5_covariance_s0.npz,75877,410da259520c6af95100bdb03b64b132d75ab9126989315f0c7dc812f931e85c
tcn,mixed,101,bandpass_n20004_cLA_V3_V6_independent_rms_s20,phase2/results/predictions/full/mixed/tcn/seed_101/bandpass_n20004_cLA_V3_V6_independent_rms_s20.npz,76425,04ac445fe9fa7c6c027e5019d95f12f80db1e85773248a78ecd24f41d5f52ca6
tcn,mixed,101,bandpass_n20004_cLA_V3_V6_independent_rms_s15,phase2/results/predictions/full/mixed/tcn/seed_101/bandpass_n20004_cLA_V3_V6_independent_rms_s15.npz,76383,810185cb8e7dbe7816002ef4dfd78578d283e6d248f40a8bbbca5d224764f91d
tcn,mixed,101,bandpass_n20004_cLA_V3_V6_independent_rms_s10,phase2/results/predictions/full/mixed/tcn/seed_101/bandpass_n20004_cLA_V3_V6_independent_rms_s10.npz,76373,45bd2367343f3490c35926089de2b73010719a3d42b254142c03733be27fac7f
tcn,mixed,101,bandpass_n20004_cLA_V3_V6_independent_rms_s5,phase2/results/predictions/full/mixed/tcn/seed_101/bandpass_n20004_cLA_V3_V6_independent_rms_s5.npz,76291,28bd08f0860fff9d3ced7c8c42cfbcc2594bd8547deabb301386d0caf369ace9
tcn,mixed,101,bandpass_n20004_cLA_V3_V6_independent_rms_s0,phase2/results/predictions/full/mixed/tcn/seed_101/bandpass_n20004_cLA_V3_V6_independent_rms_s0.npz,76042,9dd77164d44bac99fad8a363ec00d31704229023f720eda9426e798f9f091a34
tcn,mixed,101,bandpass_n20004_cLA_V3_V6_electrode_s20,phase2/results/predictions/full/mixed/tcn/seed_101/bandpass_n20004_cLA_V3_V6_electrode_s20.npz,76360,44613218df9f85122af3087f0f7c9b33fd461a3e885500a38d6c3bbd43baa5a4
tcn,mixed,101,bandpass_n20004_cLA_V3_V6_electrode_s15,phase2/results/predictions/full/mixed/tcn/seed_101/bandpass_n20004_cLA_V3_V6_electrode_s15.npz,76384,74551a0364b6e36637ec5e6a50fdbf2b8057079b34651d2eff9dbec7edf1bde0
tcn,mixed,101,bandpass_n20004_cLA_V3_V6_electrode_s10,phase2/results/predictions/full/mixed/tcn/seed_101/bandpass_n20004_cLA_V3_V6_electrode_s10.npz,76364,a70018e37906f78838fc63374a3d55f529b1b12fea06d249db4a6ef900958942
tcn,mixed,101,bandpass_n20004_cLA_V3_V6_electrode_s5,phase2/results/predictions/full/mixed/tcn/seed_101/bandpass_n20004_cLA_V3_V6_electrode_s5.npz,76217,ca3292a3a78e62313ca4d671ff60354b50874efb9cc3f7e42abe1a955a9242f8
tcn,mixed,101,bandpass_n20004_cLA_V3_V6_electrode_s0,phase2/results/predictions/full/mixed/tcn/seed_101/bandpass_n20004_cLA_V3_V6_electrode_s0.npz,75874,9f4c16a4246a4dbf6e8688d0dad2e176cd5d12078821caee7b0c81eaa07d9f95
tcn,mixed,101,bandpass_n20004_cLA_V3_V6_covariance_s20,phase2/results/predictions/full/mixed/tcn/seed_101/bandpass_n20004_cLA_V3_V6_covariance_s20.npz,76379,38e3b14150edfb1ca6841fdb502c8536b95b79e1b99d1f2b81ec32e4681c52fa
tcn,mixed,101,bandpass_n20004_cLA_V3_V6_covariance_s15,phase2/results/predictions/full/mixed/tcn/seed_101/bandpass_n20004_cLA_V3_V6_covariance_s15.npz,76395,7bb85b8924aee5416c0607ff64efad4eccf9cc6590635954ddf0f831c0c30384
tcn,mixed,101,bandpass_n20004_cLA_V3_V6_covariance_s10,phase2/results/predictions/full/mixed/tcn/seed_101/bandpass_n20004_cLA_V3_V6_covariance_s10.npz,76360,b1a3924a0cf48cd9fe2e57104fe4e2ec7614c8f08d315c87c585e3ce73654846
tcn,mixed,101,bandpass_n20004_cLA_V3_V6_covariance_s5,phase2/results/predictions/full/mixed/tcn/seed_101/bandpass_n20004_cLA_V3_V6_covariance_s5.npz,76208,e553d9d206264a59803481571335f6df66a7472746a851ece532381dc4d2eb0e
tcn,mixed,101,bandpass_n20004_cLA_V3_V6_covariance_s0,phase2/results/predictions/full/mixed/tcn/seed_101/bandpass_n20004_cLA_V3_V6_covariance_s0.npz,75847,430f3aaf91e8ae3bdbc1d9473354ad039f2d603c86a385d921b818246fe8c7b4
tcn,mixed,101,bandpass_n20004_cLL_V1_V4_independent_rms_s20,phase2/results/predictions/full/mixed/tcn/seed_101/bandpass_n20004_cLL_V1_V4_independent_rms_s20.npz,76385,e1e90171c50a703c777b1578d6fda730a515fdd904afb3f1a654bbd4e8acc8b0
tcn,mixed,101,bandpass_n20004_cLL_V1_V4_independent_rms_s15,phase2/results/predictions/full/mixed/tcn/seed_101/bandpass_n20004_cLL_V1_V4_independent_rms_s15.npz,76377,0fcdc5bf875df9de3633f673a4eebb469219f2e31beb178202de260dc1bddcac
tcn,mixed,101,bandpass_n20004_cLL_V1_V4_independent_rms_s10,phase2/results/predictions/full/mixed/tcn/seed_101/bandpass_n20004_cLL_V1_V4_independent_rms_s10.npz,76344,e7882043f93ee4adf467ba98e5ace5546b7686b5d1c7c6d6e999b1b9f63143d3
tcn,mixed,101,bandpass_n20004_cLL_V1_V4_independent_rms_s5,phase2/results/predictions/full/mixed/tcn/seed_101/bandpass_n20004_cLL_V1_V4_independent_rms_s5.npz,76256,ba94044133fb9fc0736d754351a4b4ba79f57d90ab18f6df1b469674ea433704
tcn,mixed,101,bandpass_n20004_cLL_V1_V4_independent_rms_s0,phase2/results/predictions/full/mixed/tcn/seed_101/bandpass_n20004_cLL_V1_V4_independent_rms_s0.npz,75989,8b2e9ca1f5bc1b774e22f9c6963e6755a6a14d923d6ff80c9cf8d13b1d678e29
tcn,mixed,101,bandpass_n20004_cLL_V1_V4_electrode_s20,phase2/results/predictions/full/mixed/tcn/seed_101/bandpass_n20004_cLL_V1_V4_electrode_s20.npz,76369,e693c0ad27827379eea8d550d439ba0fa078e08ec9022cd48232de0399e6c066
tcn,mixed,101,bandpass_n20004_cLL_V1_V4_electrode_s15,phase2/results/predictions/full/mixed/tcn/seed_101/bandpass_n20004_cLL_V1_V4_electrode_s15.npz,76395,8ec2e1f18e1a005a5cba0e68570556df8f5620cc6c3155eff30b6c3982230c8e
tcn,mixed,101,bandpass_n20004_cLL_V1_V4_electrode_s10,phase2/results/predictions/full/mixed/tcn/seed_101/bandpass_n20004_cLL_V1_V4_electrode_s10.npz,76339,749255d14d2c165b64c365c9a1c237f50c132f16406d328147037f4f74c5ecb6
tcn,mixed,101,bandpass_n20004_cLL_V1_V4_electrode_s5,phase2/results/predictions/full/mixed/tcn/seed_101/bandpass_n20004_cLL_V1_V4_electrode_s5.npz,76222,2cc0078cb6533e56c45f4fa29130e9bff1abb5c5df277d9215e5b857ed12219a
tcn,mixed,101,bandpass_n20004_cLL_V1_V4_electrode_s0,phase2/results/predictions/full/mixed/tcn/seed_101/bandpass_n20004_cLL_V1_V4_electrode_s0.npz,75880,ada741af0102403955263524198bad282807473f7bbb96dc158a71e5f5c6c0a1
tcn,mixed,101,bandpass_n20004_cLL_V1_V4_covariance_s20,phase2/results/predictions/full/mixed/tcn/seed_101/bandpass_n20004_cLL_V1_V4_covariance_s20.npz,76402,3bd90bb04848cfb2065c10574f2d63f6bb15cf3eb0c13860158f6aa2d32cac1c
tcn,mixed,101,bandpass_n20004_cLL_V1_V4_covariance_s15,phase2/results/predictions/full/mixed/tcn/seed_101/bandpass_n20004_cLL_V1_V4_covariance_s15.npz,76359,209aba0e00f9cf0cc098d22b3fbedcfa7e63475ed3cecfe0fb0724f973aea02c
tcn,mixed,101,bandpass_n20004_cLL_V1_V4_covariance_s10,phase2/results/predictions/full/mixed/tcn/seed_101/bandpass_n20004_cLL_V1_V4_covariance_s10.npz,76325,f4169195df8fa5280b1b35c0d0b0577898a18ab8144f1d7617965c8ff5c2c3cb
tcn,mixed,101,bandpass_n20004_cLL_V1_V4_covariance_s5,phase2/results/predictions/full/mixed/tcn/seed_101/bandpass_n20004_cLL_V1_V4_covariance_s5.npz,76209,a98b4dd315b9d64a4c39a7821f5e5cb5d79250c287c97430aae80edb5a786579
tcn,mixed,101,bandpass_n20004_cLL_V1_V4_covariance_s0,phase2/results/predictions/full/mixed/tcn/seed_101/bandpass_n20004_cLL_V1_V4_covariance_s0.npz,75884,224153f870a04a1467cc41629bba1034969177c66cf1ccbf611d2f17003b668b
tcn,mixed,101,bandpass_n20004_call_independent_rms_s20,phase2/results/predictions/full/mixed/tcn/seed_101/bandpass_n20004_call_independent_rms_s20.npz,76385,2aaccaefb1706ddc2ce73a15491cb1f3212d95f4e20bacc77a9565b21b48f3a2
tcn,mixed,101,bandpass_n20004_call_independent_rms_s15,phase2/results/predictions/full/mixed/tcn/seed_101/bandpass_n20004_call_independent_rms_s15.npz,76382,6df548765fac11f521c2a5ae1c5cc6f8e8610666c1f607cc77b6043501a3c4e2
tcn,mixed,101,bandpass_n20004_call_independent_rms_s10,phase2/results/predictions/full/mixed/tcn/seed_101/bandpass_n20004_call_independent_rms_s10.npz,76325,98fe8b42896e21c5eb10527676de2d0ea74509e4d1763f64bafa122f584c7f4e
tcn,mixed,101,bandpass_n20004_call_independent_rms_s5,phase2/results/predictions/full/mixed/tcn/seed_101/bandpass_n20004_call_independent_rms_s5.npz,76252,6f21db3f54e88cf30129022a39c14f6cb3b82a797b9f9c03343768ebcbb9880d
tcn,mixed,101,bandpass_n20004_call_independent_rms_s0,phase2/results/predictions/full/mixed/tcn/seed_101/bandpass_n20004_call_independent_rms_s0.npz,75991,3f0594b87e11bfb0a86bbc984ea77e62d09e4a4e7a3cd144f91dd8b623537b83
tcn,mixed,101,bandpass_n20004_call_electrode_s20,phase2/results/predictions/full/mixed/tcn/seed_101/bandpass_n20004_call_electrode_s20.npz,76319,d10758ac706d6c6f159df00a270c33915167977d02b58fa58a4c086b706d80b0
tcn,mixed,101,bandpass_n20004_call_electrode_s15,phase2/results/predictions/full/mixed/tcn/seed_101/bandpass_n20004_call_electrode_s15.npz,76351,aab4d776dfd14b77b15e2451ac2fbc960ddada3a4601670656f3fed95a38a203
tcn,mixed,101,bandpass_n20004_call_electrode_s10,phase2/results/predictions/full/mixed/tcn/seed_101/bandpass_n20004_call_electrode_s10.npz,76272,fbe2abd14642419d22a7ff6346cc518bfbc2b67e711efe61c15cd36ce21d8f91
tcn,mixed,101,bandpass_n20004_call_electrode_s5,phase2/results/predictions/full/mixed/tcn/seed_101/bandpass_n20004_call_electrode_s5.npz,76141,97533ec37d632320dba29d5fbdc64013bfeb2e23099c9b044d36899effba692e
tcn,mixed,101,bandpass_n20004_call_electrode_s0,phase2/results/predictions/full/mixed/tcn/seed_101/bandpass_n20004_call_electrode_s0.npz,75826,48223d4eec1b0713a5b8c4dce8aa848bff872bbbd048bcc355d28ddac3917def
tcn,mixed,101,bandpass_n20004_call_covariance_s20,phase2/results/predictions/full/mixed/tcn/seed_101/bandpass_n20004_call_covariance_s20.npz,76351,d6a40f774a92ee5a2a195bf81258bd88ad4f2af0a3db245127db2da9b36fbec4
tcn,mixed,101,bandpass_n20004_call_covariance_s15,phase2/results/predictions/full/mixed/tcn/seed_101/bandpass_n20004_call_covariance_s15.npz,76329,19c81119db77c6fb6eee9c9b9bea9c8a060076a43c60cc677a5449c1a4054b13
tcn,mixed,101,bandpass_n20004_call_covariance_s10,phase2/results/predictions/full/mixed/tcn/seed_101/bandpass_n20004_call_covariance_s10.npz,76337,dd976e7d23c33dde4db3a355a86a6acae6ca495a74b483c281fcab997c3d27d2
tcn,mixed,101,bandpass_n20004_call_covariance_s5,phase2/results/predictions/full/mixed/tcn/seed_101/bandpass_n20004_call_covariance_s5.npz,76147,e59869f8c623a10a7ba538950b3749d1c9294c9762bdcaf63ba1aa0d9432d7a9
tcn,mixed,101,bandpass_n20004_call_covariance_s0,phase2/results/predictions/full/mixed/tcn/seed_101/bandpass_n20004_call_covariance_s0.npz,75812,2a150f2cd422c46bd24ee8346e0fb72f710f7badaf275b9c7b33b567df854e52
tcn,mixed,101,bandpass_n20005_cRA_LA_LL_independent_rms_s20,phase2/results/predictions/full/mixed/tcn/seed_101/bandpass_n20005_cRA_LA_LL_independent_rms_s20.npz,76400,f139224942f3cdbb8350b1061d675d18ea8c325e9f62347fa2219c2add378293
tcn,mixed,101,bandpass_n20005_cRA_LA_LL_independent_rms_s15,phase2/results/predictions/full/mixed/tcn/seed_101/bandpass_n20005_cRA_LA_LL_independent_rms_s15.npz,76383,386b061ac953c2659870faae8f8adf0a1f6ad44963208b79639ed48563570d6e
tcn,mixed,101,bandpass_n20005_cRA_LA_LL_independent_rms_s10,phase2/results/predictions/full/mixed/tcn/seed_101/bandpass_n20005_cRA_LA_LL_independent_rms_s10.npz,76386,5ec7a07ad651ae86afac010fd6bed5e13022490eccde51ae45240bd2d41610b1
tcn,mixed,101,bandpass_n20005_cRA_LA_LL_independent_rms_s5,phase2/results/predictions/full/mixed/tcn/seed_101/bandpass_n20005_cRA_LA_LL_independent_rms_s5.npz,76254,693fa0e1617d524d87ccac5c0c71e2cb8da81d16920f1cc2dd220ed15f81ff66
tcn,mixed,101,bandpass_n20005_cRA_LA_LL_independent_rms_s0,phase2/results/predictions/full/mixed/tcn/seed_101/bandpass_n20005_cRA_LA_LL_independent_rms_s0.npz,76037,6ed7a771c92d44f6f137b7ed77c59b183e10b20ffe15b315b6b5e9e6bcda020b
tcn,mixed,101,bandpass_n20005_cRA_LA_LL_electrode_s20,phase2/results/predictions/full/mixed/tcn/seed_101/bandpass_n20005_cRA_LA_LL_electrode_s20.npz,76375,d16e4d2700e2e60dd172ed1303114ed35509f0e21a68006e503c11b1a04fc1a0
tcn,mixed,101,bandpass_n20005_cRA_LA_LL_electrode_s15,phase2/results/predictions/full/mixed/tcn/seed_101/bandpass_n20005_cRA_LA_LL_electrode_s15.npz,76334,37d5514db687f1adfd66e5a205d785de45f6581f96d722da75d7e67ab7695796
tcn,mixed,101,bandpass_n20005_cRA_LA_LL_electrode_s10,phase2/results/predictions/full/mixed/tcn/seed_101/bandpass_n20005_cRA_LA_LL_electrode_s10.npz,76337,be5bd1bd4f05d3340cc3bc473b86a66fb3dcad86c16187b79afb2bb4c9ba1487
tcn,mixed,101,bandpass_n20005_cRA_LA_LL_electrode_s5,phase2/results/predictions/full/mixed/tcn/seed_101/bandpass_n20005_cRA_LA_LL_electrode_s5.npz,76132,d67a3f62600a4cba872a19de7361c0608c048b2b3d534453ea443cbc77aef75b
tcn,mixed,101,bandpass_n20005_cRA_LA_LL_electrode_s0,phase2/results/predictions/full/mixed/tcn/seed_101/bandpass_n20005_cRA_LA_LL_electrode_s0.npz,75773,4b61874c08e6a7e36508cc974fb12ebf25e5fd64431cafc566d3bf6388ee9bbe
tcn,mixed,101,bandpass_n20005_cRA_LA_LL_covariance_s20,phase2/results/predictions/full/mixed/tcn/seed_101/bandpass_n20005_cRA_LA_LL_covariance_s20.npz,76372,13441cae03a0761311044f1738b9910e3cf85e52a514629ca0425516203ac254
tcn,mixed,101,bandpass_n20005_cRA_LA_LL_covariance_s15,phase2/results/predictions/full/mixed/tcn/seed_101/bandpass_n20005_cRA_LA_LL_covariance_s15.npz,76371,b051103036a9195723ba078b4b805e7b7fc4b483f3a198bb88495eefa7333454
tcn,mixed,101,bandpass_n20005_cRA_LA_LL_covariance_s10,phase2/results/predictions/full/mixed/tcn/seed_101/bandpass_n20005_cRA_LA_LL_covariance_s10.npz,76326,9600d40f86c356200201763d65a3cee16bf140670e9c2c14c816e529f44c99c4
tcn,mixed,101,bandpass_n20005_cRA_LA_LL_covariance_s5,phase2/results/predictions/full/mixed/tcn/seed_101/bandpass_n20005_cRA_LA_LL_covariance_s5.npz,76123,23358542dd32bb0554a26abdaf05807eeaf91bd364dae031d114db4bce26993c
tcn,mixed,101,bandpass_n20005_cRA_LA_LL_covariance_s0,phase2/results/predictions/full/mixed/tcn/seed_101/bandpass_n20005_cRA_LA_LL_covariance_s0.npz,75776,e7019d4045265b4161c857bf12b80fcb3c80d5fce1a0c4bd7b08284888a92e18
tcn,mixed,101,bandpass_n20005_cV1_independent_rms_s20,phase2/results/predictions/full/mixed/tcn/seed_101/bandpass_n20005_cV1_independent_rms_s20.npz,76355,58e91a3dd933dccbf58f595a5f2cea2bb81cbfa66ca30bddf8d557a80da5cf04
tcn,mixed,101,bandpass_n20005_cV1_independent_rms_s15,phase2/results/predictions/full/mixed/tcn/seed_101/bandpass_n20005_cV1_independent_rms_s15.npz,76370,42efd7c67e8cdcf35d7e5db7ba886ec4128a867e2b5a991200be7b27defd7188
tcn,mixed,101,bandpass_n20005_cV1_independent_rms_s10,phase2/results/predictions/full/mixed/tcn/seed_101/bandpass_n20005_cV1_independent_rms_s10.npz,76312,c5dde4550a51337e0e0588f4d51706ebba42ff6bf2e095ae8016b8fe00656113
tcn,mixed,101,bandpass_n20005_cV1_independent_rms_s5,phase2/results/predictions/full/mixed/tcn/seed_101/bandpass_n20005_cV1_independent_rms_s5.npz,76205,281380e1c7789c8f2b7867a59fc718c1f9c7098603d993ef4054aed3a0b6c32b
tcn,mixed,101,bandpass_n20005_cV1_independent_rms_s0,phase2/results/predictions/full/mixed/tcn/seed_101/bandpass_n20005_cV1_independent_rms_s0.npz,75862,83d1b632fb4c2ed0626597e70682f299f97f06da18e5581c3b98d7a969b76513
tcn,mixed,101,bandpass_n20005_cV1_electrode_s20,phase2/results/predictions/full/mixed/tcn/seed_101/bandpass_n20005_cV1_electrode_s20.npz,76337,3ef1b936a5479ed1f6e7bfee7cc916420a81c11cc1b7cd03e2137ef6552a6f0a
tcn,mixed,101,bandpass_n20005_cV1_electrode_s15,phase2/results/predictions/full/mixed/tcn/seed_101/bandpass_n20005_cV1_electrode_s15.npz,76357,204a02af3d50d36524a5c388e7014f2c832c53151e4f9ec99c0969cd2523b5ca
tcn,mixed,101,bandpass_n20005_cV1_electrode_s10,phase2/results/predictions/full/mixed/tcn/seed_101/bandpass_n20005_cV1_electrode_s10.npz,76327,dd5cbb06c28d19f111d3a93d4bbc531f31f16276cfdba39b737cff24c661857d
tcn,mixed,101,bandpass_n20005_cV1_electrode_s5,phase2/results/predictions/full/mixed/tcn/seed_101/bandpass_n20005_cV1_electrode_s5.npz,76184,9b91d2195de400fe1480aa78a9b0dc2897b3003c1b277271c86d43f7c1be772d
tcn,mixed,101,bandpass_n20005_cV1_electrode_s0,phase2/results/predictions/full/mixed/tcn/seed_101/bandpass_n20005_cV1_electrode_s0.npz,75855,ff79a60257c7f6f9a85be4cec4093317c6d59f4224ca9bea16923db760c8c921
tcn,mixed,101,bandpass_n20005_cV1_covariance_s20,phase2/results/predictions/full/mixed/tcn/seed_101/bandpass_n20005_cV1_covariance_s20.npz,76356,599272b1d3c097e361d4b4acc25b46773f93043c3cbc4b15e7ac87fc4c59c301
tcn,mixed,101,bandpass_n20005_cV1_covariance_s15,phase2/results/predictions/full/mixed/tcn/seed_101/bandpass_n20005_cV1_covariance_s15.npz,76362,2b9b779cd17253161bfe158d6287e6d3f31f1c73f2bcb88b2ea8aca8e3247a79
tcn,mixed,101,bandpass_n20005_cV1_covariance_s10,phase2/results/predictions/full/mixed/tcn/seed_101/bandpass_n20005_cV1_covariance_s10.npz,76353,ad1462fcbf026a67a9348b74513d817c7368b1205e30f5888fe4c9ca4f4a179c
tcn,mixed,101,bandpass_n20005_cV1_covariance_s5,phase2/results/predictions/full/mixed/tcn/seed_101/bandpass_n20005_cV1_covariance_s5.npz,76185,c5b17f270c76479bba8f9a82e5c12d521746b3ddfabbbbc601f5b304b24e4c18
tcn,mixed,101,bandpass_n20005_cV1_covariance_s0,phase2/results/predictions/full/mixed/tcn/seed_101/bandpass_n20005_cV1_covariance_s0.npz,75831,10ee63719bdaae717240f1f9fe7fd27c000acd966e1a7b1dc3d84038b3e2102a
tcn,mixed,101,bandpass_n20005_cV2_independent_rms_s20,phase2/results/predictions/full/mixed/tcn/seed_101/bandpass_n20005_cV2_independent_rms_s20.npz,76359,e8a88fa7e007a6db862e70e374eaffafaa8554dc54e84bf50663e9148ddaf621
tcn,mixed,101,bandpass_n20005_cV2_independent_rms_s15,phase2/results/predictions/full/mixed/tcn/seed_101/bandpass_n20005_cV2_independent_rms_s15.npz,76378,15fa7b3e8d2859538bb52e391717d60a19d855064ec5abc1f6bc903e86e6b7e7
tcn,mixed,101,bandpass_n20005_cV2_independent_rms_s10,phase2/results/predictions/full/mixed/tcn/seed_101/bandpass_n20005_cV2_independent_rms_s10.npz,76357,061f4caf385db97114b2c3b46ed27587a13c9269c61e08b925daf1c0b8431112
tcn,mixed,101,bandpass_n20005_cV2_independent_rms_s5,phase2/results/predictions/full/mixed/tcn/seed_101/bandpass_n20005_cV2_independent_rms_s5.npz,76226,7e897a6481f2276f46310f5420ef7368a704fde7b76f7cf72e86e7e75e755399
tcn,mixed,101,bandpass_n20005_cV2_independent_rms_s0,phase2/results/predictions/full/mixed/tcn/seed_101/bandpass_n20005_cV2_independent_rms_s0.npz,76034,5fa313f4e8f197bc28fdffac1070021d29115b3666f7471b33a481bcffe5c877
tcn,mixed,101,bandpass_n20005_cV2_electrode_s20,phase2/results/predictions/full/mixed/tcn/seed_101/bandpass_n20005_cV2_electrode_s20.npz,76371,130a9cfe2392ddad768b9d86cf67ee80781a2f69ac3bd7a0595dcd9a290c0dde
tcn,mixed,101,bandpass_n20005_cV2_electrode_s15,phase2/results/predictions/full/mixed/tcn/seed_101/bandpass_n20005_cV2_electrode_s15.npz,76340,7be6ecda6fae6c817892f6af397420791a9ec93ea42f87ce44799eb3a19c82c4
tcn,mixed,101,bandpass_n20005_cV2_electrode_s10,phase2/results/predictions/full/mixed/tcn/seed_101/bandpass_n20005_cV2_electrode_s10.npz,76336,b64574504d341fdc64104734ee75be734f66d5cec7068d9f26136668075b2dcd
tcn,mixed,101,bandpass_n20005_cV2_electrode_s5,phase2/results/predictions/full/mixed/tcn/seed_101/bandpass_n20005_cV2_electrode_s5.npz,76237,cf1d3b8d54e8b70510d44f408d0f2adea396efe1f3d2eaa9c3221ef46ca93d90
tcn,mixed,101,bandpass_n20005_cV2_electrode_s0,phase2/results/predictions/full/mixed/tcn/seed_101/bandpass_n20005_cV2_electrode_s0.npz,75995,c7cf67320d5787b4f33383321bf3a4b19605eaa1d06dc5f74fe6e8ac26b9c9db
tcn,mixed,101,bandpass_n20005_cV2_covariance_s20,phase2/results/predictions/full/mixed/tcn/seed_101/bandpass_n20005_cV2_covariance_s20.npz,76376,3f64dde9315d490ed7363f4a3485e213537b2c38e9b57166e1443c79eca37fd7
tcn,mixed,101,bandpass_n20005_cV2_covariance_s15,phase2/results/predictions/full/mixed/tcn/seed_101/bandpass_n20005_cV2_covariance_s15.npz,76372,2a9727c11bd1ecce7b57c697bc8bdb805f2f1519c3797e34a725944a8e3899ba
tcn,mixed,101,bandpass_n20005_cV2_covariance_s10,phase2/results/predictions/full/mixed/tcn/seed_101/bandpass_n20005_cV2_covariance_s10.npz,76352,cc2d1a91fb181d6e45dcf90577598b330d394cb4eda403602a30e1e6dbdd364b
tcn,mixed,101,bandpass_n20005_cV2_covariance_s5,phase2/results/predictions/full/mixed/tcn/seed_101/bandpass_n20005_cV2_covariance_s5.npz,76236,1ebb88e554942ad7f46f76edfb84d25aa8c7a55600f2cff93f8b958aff9ceaf6
tcn,mixed,101,bandpass_n20005_cV2_covariance_s0,phase2/results/predictions/full/mixed/tcn/seed_101/bandpass_n20005_cV2_covariance_s0.npz,75997,dd09e6ebf5e9710e1e0b04fec863ebc681064a7ed300d226ed2f81d66dac56cd
tcn,mixed,101,bandpass_n20005_cV3_independent_rms_s20,phase2/results/predictions/full/mixed/tcn/seed_101/bandpass_n20005_cV3_independent_rms_s20.npz,76408,dbbf00dc1bc8eab90003ba1597ec95d08519af34325df8a1f944a887ee2918f0
tcn,mixed,101,bandpass_n20005_cV3_independent_rms_s15,phase2/results/predictions/full/mixed/tcn/seed_101/bandpass_n20005_cV3_independent_rms_s15.npz,76369,815d2f303b8bfd93128a065a85db2ea9289f4c477cdb338e234f07cdd2ca22bb
tcn,mixed,101,bandpass_n20005_cV3_independent_rms_s10,phase2/results/predictions/full/mixed/tcn/seed_101/bandpass_n20005_cV3_independent_rms_s10.npz,76364,4d414c69167d0a3ac07b05ead6224821c68534ac1aa1dd35a9ffc25cafa7b05b
tcn,mixed,101,bandpass_n20005_cV3_independent_rms_s5,phase2/results/predictions/full/mixed/tcn/seed_101/bandpass_n20005_cV3_independent_rms_s5.npz,76303,c8e4815fc077747fb725d887ade8d27384760670412c3f6ca70bf13864362166
tcn,mixed,101,bandpass_n20005_cV3_independent_rms_s0,phase2/results/predictions/full/mixed/tcn/seed_101/bandpass_n20005_cV3_independent_rms_s0.npz,76037,cae75a03d0023e2fc565a825b6453a2918a2590996ad382fc612e59c59e550dd
tcn,mixed,101,bandpass_n20005_cV3_electrode_s20,phase2/results/predictions/full/mixed/tcn/seed_101/bandpass_n20005_cV3_electrode_s20.npz,76357,83fe323c1da013b0c90ebf3ad42a500358cf376d94edd24fc849032442cabdcb
tcn,mixed,101,bandpass_n20005_cV3_electrode_s15,phase2/results/predictions/full/mixed/tcn/seed_101/bandpass_n20005_cV3_electrode_s15.npz,76363,5dc8a893534d621fa8e5a0561b54cdb254b9648d3e8e7812294852ae34e44677
tcn,mixed,101,bandpass_n20005_cV3_electrode_s10,phase2/results/predictions/full/mixed/tcn/seed_101/bandpass_n20005_cV3_electrode_s10.npz,76326,9929cd9bd89f42b6855b8e3bb0a22794d4bdc6e356282494762cad9f5b5c8f41
tcn,mixed,101,bandpass_n20005_cV3_electrode_s5,phase2/results/predictions/full/mixed/tcn/seed_101/bandpass_n20005_cV3_electrode_s5.npz,76271,b3cecfbb3933641c3fdc2b45b20e0be8a05dccc41e28b8b7ac485aca7bfd84d2
tcn,mixed,101,bandpass_n20005_cV3_electrode_s0,phase2/results/predictions/full/mixed/tcn/seed_101/bandpass_n20005_cV3_electrode_s0.npz,76046,2e6d6132a3c2ca5f37dd00f4a90bde1bcc4a4901389bd165b4d3a64b1f9031cd
tcn,mixed,101,bandpass_n20005_cV3_covariance_s20,phase2/results/predictions/full/mixed/tcn/seed_101/bandpass_n20005_cV3_covariance_s20.npz,76395,f821eea76ea911acaef52796799105a66dc835256ea6276ae0c8b6b635136258
tcn,mixed,101,bandpass_n20005_cV3_covariance_s15,phase2/results/predictions/full/mixed/tcn/seed_101/bandpass_n20005_cV3_covariance_s15.npz,76357,d63ccc50b8865bd8365f3c29a5796c8014ee1fbd737f32df21b82ae0c650a862
tcn,mixed,101,bandpass_n20005_cV3_covariance_s10,phase2/results/predictions/full/mixed/tcn/seed_101/bandpass_n20005_cV3_covariance_s10.npz,76316,d19a3a5da58fcf236621f615f56604b3bb6bd92028103b3b4cef401610514f06
tcn,mixed,101,bandpass_n20005_cV3_covariance_s5,phase2/results/predictions/full/mixed/tcn/seed_101/bandpass_n20005_cV3_covariance_s5.npz,76269,1d5ff63d4093818fd064653c49aac1e4fbcd8ca814b0b379a411b2546de9de9c
tcn,mixed,101,bandpass_n20005_cV3_covariance_s0,phase2/results/predictions/full/mixed/tcn/seed_101/bandpass_n20005_cV3_covariance_s0.npz,76048,632a188990e38b1c2c9bbd7002a8dce9d3cae1b7a09e91ff51c2163ab83ff93a
tcn,mixed,101,bandpass_n20005_cV4_independent_rms_s20,phase2/results/predictions/full/mixed/tcn/seed_101/bandpass_n20005_cV4_independent_rms_s20.npz,76369,43c2b9fbc4c0d82327b3813f577705aec211b8a0d1f6066204158ba753116a09
tcn,mixed,101,bandpass_n20005_cV4_independent_rms_s15,phase2/results/predictions/full/mixed/tcn/seed_101/bandpass_n20005_cV4_independent_rms_s15.npz,76335,6f7f2849a63e94c41771a5666ce86afa3c18cbba5799c62c485663b6edb2c88f
tcn,mixed,101,bandpass_n20005_cV4_independent_rms_s10,phase2/results/predictions/full/mixed/tcn/seed_101/bandpass_n20005_cV4_independent_rms_s10.npz,76359,0ae75821341cf5c6e8e6f91c400f7d3b4590e053b58cdf3f3bd715f05f91d0c0
tcn,mixed,101,bandpass_n20005_cV4_independent_rms_s5,phase2/results/predictions/full/mixed/tcn/seed_101/bandpass_n20005_cV4_independent_rms_s5.npz,76326,dd4508cc8315588e4c9802f16baeab78177ac89817985c3a2c2fb029c94d15eb
tcn,mixed,101,bandpass_n20005_cV4_independent_rms_s0,phase2/results/predictions/full/mixed/tcn/seed_101/bandpass_n20005_cV4_independent_rms_s0.npz,76100,5fbd227c8e16d35dee5102e94770caa4aa3a94e84688a4cc40671209f395ca3b
tcn,mixed,101,bandpass_n20005_cV4_electrode_s20,phase2/results/predictions/full/mixed/tcn/seed_101/bandpass_n20005_cV4_electrode_s20.npz,76383,b1c0c1e29a36a3eaab87f8e8e6c44a3fafae8b8de4f40f1869e1679ae0edf779
tcn,mixed,101,bandpass_n20005_cV4_electrode_s15,phase2/results/predictions/full/mixed/tcn/seed_101/bandpass_n20005_cV4_electrode_s15.npz,76342,6008305f956004aa2d75e2663bfbd2908a0cb3fecbbe8ca1e6f763e87bf8eb65
tcn,mixed,101,bandpass_n20005_cV4_electrode_s10,phase2/results/predictions/full/mixed/tcn/seed_101/bandpass_n20005_cV4_electrode_s10.npz,76293,1cc8004393052ac4b99ec9d2071ed0bd431794f832d9ed5e4daa42ae6f05feba
tcn,mixed,101,bandpass_n20005_cV4_electrode_s5,phase2/results/predictions/full/mixed/tcn/seed_101/bandpass_n20005_cV4_electrode_s5.npz,76315,081f4dac77f3cbdf6a248135dbcb2c5a9fcd516c8607b8cb9180e0c0f08da41a
tcn,mixed,101,bandpass_n20005_cV4_electrode_s0,phase2/results/predictions/full/mixed/tcn/seed_101/bandpass_n20005_cV4_electrode_s0.npz,76103,ee7c2fe71df4f0c4e1f74aadbe0987850b19e72031d5fe317368f389e92206c8
tcn,mixed,101,bandpass_n20005_cV4_covariance_s20,phase2/results/predictions/full/mixed/tcn/seed_101/bandpass_n20005_cV4_covariance_s20.npz,76334,30d58600091cd04911c8d1cdabf73df8e9e87153fd0ad2e7ebc09a0e87e2bb5d
tcn,mixed,101,bandpass_n20005_cV4_covariance_s15,phase2/results/predictions/full/mixed/tcn/seed_101/bandpass_n20005_cV4_covariance_s15.npz,76371,b5809294e4dc4abd3ea9b176896c11f550d1c584534876f8296b98d3ff2d78bd
tcn,mixed,101,bandpass_n20005_cV4_covariance_s10,phase2/results/predictions/full/mixed/tcn/seed_101/bandpass_n20005_cV4_covariance_s10.npz,76343,e820e4f86311f9220395d4f4476551570d47e1e6c76beedf0f1a87ec356f4ff2
tcn,mixed,101,bandpass_n20005_cV4_covariance_s5,phase2/results/predictions/full/mixed/tcn/seed_101/bandpass_n20005_cV4_covariance_s5.npz,76302,b001e71a18cbf939a68b44885c09363723736c467d1406449ae926d742f57d07
tcn,mixed,101,bandpass_n20005_cV4_covariance_s0,phase2/results/predictions/full/mixed/tcn/seed_101/bandpass_n20005_cV4_covariance_s0.npz,76087,b664c20ab89af054622a90f73ce4d5e2e3dc95b4ba56250480768dc7c0121cc5
tcn,mixed,101,bandpass_n20005_cV5_independent_rms_s20,phase2/results/predictions/full/mixed/tcn/seed_101/bandpass_n20005_cV5_independent_rms_s20.npz,76388,ca56e2a0d3b7aaf550a131cc62fb354a27daafe2dd728b0fdf6bb1b5eaf71c21
tcn,mixed,101,bandpass_n20005_cV5_independent_rms_s15,phase2/results/predictions/full/mixed/tcn/seed_101/bandpass_n20005_cV5_independent_rms_s15.npz,76332,ba096f0233399b4b9fff3e4ceee072b6a5ef8d280917793fb93d62c4b6a5926d
tcn,mixed,101,bandpass_n20005_cV5_independent_rms_s10,phase2/results/predictions/full/mixed/tcn/seed_101/bandpass_n20005_cV5_independent_rms_s10.npz,76333,0d54f0b8909414ac1d245647dcaaeddf5f07729df304186a5d834bb4e9905c07
tcn,mixed,101,bandpass_n20005_cV5_independent_rms_s5,phase2/results/predictions/full/mixed/tcn/seed_101/bandpass_n20005_cV5_independent_rms_s5.npz,76294,b0e64936024e2170a287bd67babfc9d43b8b78c453d9853d7936e6a3cd9e6c78
tcn,mixed,101,bandpass_n20005_cV5_independent_rms_s0,phase2/results/predictions/full/mixed/tcn/seed_101/bandpass_n20005_cV5_independent_rms_s0.npz,76018,dcae1f1ab704847abf858ef5043cea1f43ec90a6af711f6a1141c3c58be8893e
tcn,mixed,101,bandpass_n20005_cV5_electrode_s20,phase2/results/predictions/full/mixed/tcn/seed_101/bandpass_n20005_cV5_electrode_s20.npz,76352,581e21c93bbb1435a395728d25c61d3cae838dd9b18b3530e0ae47ef2b28390b
tcn,mixed,101,bandpass_n20005_cV5_electrode_s15,phase2/results/predictions/full/mixed/tcn/seed_101/bandpass_n20005_cV5_electrode_s15.npz,76363,103808df6ce0e6c5428d0833dd3361f94363339d187973bc4ea3d9d0d5fc0b67
tcn,mixed,101,bandpass_n20005_cV5_electrode_s10,phase2/results/predictions/full/mixed/tcn/seed_101/bandpass_n20005_cV5_electrode_s10.npz,76329,85fdbe060899f00ab548ecc59b55cfc05d2951a25fb65e1edf8ba3a2186cca26
tcn,mixed,101,bandpass_n20005_cV5_electrode_s5,phase2/results/predictions/full/mixed/tcn/seed_101/bandpass_n20005_cV5_electrode_s5.npz,76250,6f4c0a9ade2e46baa8b864c6c690a9cfe9b4e611a21ca56a9a2fb4c9c539d783
tcn,mixed,101,bandpass_n20005_cV5_electrode_s0,phase2/results/predictions/full/mixed/tcn/seed_101/bandpass_n20005_cV5_electrode_s0.npz,76015,459d06db85fa0bca1305a884a0d9c2a545910f073061242ef48cfff410f517a1
tcn,mixed,101,bandpass_n20005_cV5_covariance_s20,phase2/results/predictions/full/mixed/tcn/seed_101/bandpass_n20005_cV5_covariance_s20.npz,76383,bea7bdc92c3ddfb0b30c6b8cf89c86aca009ff15c02541a4ec15eb674652a123
tcn,mixed,101,bandpass_n20005_cV5_covariance_s15,phase2/results/predictions/full/mixed/tcn/seed_101/bandpass_n20005_cV5_covariance_s15.npz,76385,eb6b8281fca30d1c6aa72c5119057c0249ae1615c9bdd194e53208c69a25de5f
tcn,mixed,101,bandpass_n20005_cV5_covariance_s10,phase2/results/predictions/full/mixed/tcn/seed_101/bandpass_n20005_cV5_covariance_s10.npz,76339,5059a56328a03b989d4b540c9605e17270e00bf25d43a4d35434b14d77594560
tcn,mixed,101,bandpass_n20005_cV5_covariance_s5,phase2/results/predictions/full/mixed/tcn/seed_101/bandpass_n20005_cV5_covariance_s5.npz,76283,fb2f368510966917439639767de4d5967c118d46658f70c45295a68e1ec45f77
tcn,mixed,101,bandpass_n20005_cV5_covariance_s0,phase2/results/predictions/full/mixed/tcn/seed_101/bandpass_n20005_cV5_covariance_s0.npz,76041,e1c28bcba5a33abefde982d74cfde6cee20c5b34a00f3f4cb00939a782120a6e
tcn,mixed,101,bandpass_n20005_cV6_independent_rms_s20,phase2/results/predictions/full/mixed/tcn/seed_101/bandpass_n20005_cV6_independent_rms_s20.npz,76388,a14320e812464f9799904346d456b01656a1cdca7b3a56b7576a12f653985595
tcn,mixed,101,bandpass_n20005_cV6_independent_rms_s15,phase2/results/predictions/full/mixed/tcn/seed_101/bandpass_n20005_cV6_independent_rms_s15.npz,76372,13b0e7db3e2bce56513d379af38100c426bb50badcb667dc8eb09fad7913f6d0
tcn,mixed,101,bandpass_n20005_cV6_independent_rms_s10,phase2/results/predictions/full/mixed/tcn/seed_101/bandpass_n20005_cV6_independent_rms_s10.npz,76332,9a155cad46d4dbbd2491f01134d25a4185869eccb35683970e8265f485cb53d1
tcn,mixed,101,bandpass_n20005_cV6_independent_rms_s5,phase2/results/predictions/full/mixed/tcn/seed_101/bandpass_n20005_cV6_independent_rms_s5.npz,76281,022f5dfebddba47f021049f7951964d8bdb514c3b00f9dc9cd3450304616f9bc
tcn,mixed,101,bandpass_n20005_cV6_independent_rms_s0,phase2/results/predictions/full/mixed/tcn/seed_101/bandpass_n20005_cV6_independent_rms_s0.npz,76055,d6afc7b5f8e0360685eb772644be860af738c3a4f3eb3656eb95b2fe2f3c2de2
tcn,mixed,101,bandpass_n20005_cV6_electrode_s20,phase2/results/predictions/full/mixed/tcn/seed_101/bandpass_n20005_cV6_electrode_s20.npz,76338,2bcda6b80dd08cdac356578865864134dcb61eed62ab6cb38bf9cca51e790651
tcn,mixed,101,bandpass_n20005_cV6_electrode_s15,phase2/results/predictions/full/mixed/tcn/seed_101/bandpass_n20005_cV6_electrode_s15.npz,76411,cc117ddd3d245e8dce629f7f75ae0e78f539709f90a5a5d6e8044ba864c39ce1
tcn,mixed,101,bandpass_n20005_cV6_electrode_s10,phase2/results/predictions/full/mixed/tcn/seed_101/bandpass_n20005_cV6_electrode_s10.npz,76330,1ad50386d9edbfdebf2bc86f8cd80f39e4e68dbfc5aefd5322f9d5561dd209d0
tcn,mixed,101,bandpass_n20005_cV6_electrode_s5,phase2/results/predictions/full/mixed/tcn/seed_101/bandpass_n20005_cV6_electrode_s5.npz,76300,d2d68e8992ab56569887df8404cdc2b42df3babede3cfb680e6648299b40f75a
tcn,mixed,101,bandpass_n20005_cV6_electrode_s0,phase2/results/predictions/full/mixed/tcn/seed_101/bandpass_n20005_cV6_electrode_s0.npz,76043,61073eaacb12c765f8792a533405a24241051d24462f26af949b575a64fd1365
tcn,mixed,101,bandpass_n20005_cV6_covariance_s20,phase2/results/predictions/full/mixed/tcn/seed_101/bandpass_n20005_cV6_covariance_s20.npz,76409,d4ea8d9274681a06661b66feda86eb004335da0d4d509b3936e00895eee4373f
tcn,mixed,101,bandpass_n20005_cV6_covariance_s15,phase2/results/predictions/full/mixed/tcn/seed_101/bandpass_n20005_cV6_covariance_s15.npz,76361,9ae58de5039b19d08c30de7adca8c283a5da74d39ebb53fec6d5351fe57342d8
tcn,mixed,101,bandpass_n20005_cV6_covariance_s10,phase2/results/predictions/full/mixed/tcn/seed_101/bandpass_n20005_cV6_covariance_s10.npz,76342,a25750441cdf760453b008951f6129148be93dc46bfa90fd5781a21b063878db
tcn,mixed,101,bandpass_n20005_cV6_covariance_s5,phase2/results/predictions/full/mixed/tcn/seed_101/bandpass_n20005_cV6_covariance_s5.npz,76318,63e4375c117e0dd2a3c1320bd074e7d8f6aabb7e37fc0a9134e2296c4dd2aef8
tcn,mixed,101,bandpass_n20005_cV6_covariance_s0,phase2/results/predictions/full/mixed/tcn/seed_101/bandpass_n20005_cV6_covariance_s0.npz,76071,da10603d2a9851027d7ae3ee4d3d71e719dffeab8b1e2b8138a407dc889b4ed4
tcn,mixed,101,bandpass_n20005_cRA_LA_independent_rms_s20,phase2/results/predictions/full/mixed/tcn/seed_101/bandpass_n20005_cRA_LA_independent_rms_s20.npz,76371,3cb68c4ab596d404b060eed63069df2430d20e26fc712083a67651aadd2a36f3
tcn,mixed,101,bandpass_n20005_cRA_LA_independent_rms_s15,phase2/results/predictions/full/mixed/tcn/seed_101/bandpass_n20005_cRA_LA_independent_rms_s15.npz,76380,d71773b23c54bc1e2bb15851b59f5fcbaef3fbd76bcac472fbdc6f6afcb55972
tcn,mixed,101,bandpass_n20005_cRA_LA_independent_rms_s10,phase2/results/predictions/full/mixed/tcn/seed_101/bandpass_n20005_cRA_LA_independent_rms_s10.npz,76365,6e265798890cfa681c239decdfeb11339dd86a8944a1c1a8924553f39b163d75
tcn,mixed,101,bandpass_n20005_cRA_LA_independent_rms_s5,phase2/results/predictions/full/mixed/tcn/seed_101/bandpass_n20005_cRA_LA_independent_rms_s5.npz,76263,b0470a6eb1c2e4525c96f794d928edc890069277039699dbde96f8a28ec46eb7
tcn,mixed,101,bandpass_n20005_cRA_LA_independent_rms_s0,phase2/results/predictions/full/mixed/tcn/seed_101/bandpass_n20005_cRA_LA_independent_rms_s0.npz,76013,5f0e00d4ef79870206a5367ddddf7797cb06beacd232b28b9fbbe8969f252714
tcn,mixed,101,bandpass_n20005_cRA_LA_electrode_s20,phase2/results/predictions/full/mixed/tcn/seed_101/bandpass_n20005_cRA_LA_electrode_s20.npz,76383,d891a3ce7aa2b55f26247d2e949893e2077e342d04c85e129a506cfa7f898c2f
tcn,mixed,101,bandpass_n20005_cRA_LA_electrode_s15,phase2/results/predictions/full/mixed/tcn/seed_101/bandpass_n20005_cRA_LA_electrode_s15.npz,76338,0f119bd7fe7f0333dab8aa98566087990c06559ef31b132e649b757dfb72ff97
tcn,mixed,101,bandpass_n20005_cRA_LA_electrode_s10,phase2/results/predictions/full/mixed/tcn/seed_101/bandpass_n20005_cRA_LA_electrode_s10.npz,76310,a4b94e4be87e63ee5a0b141e6d1a492c5058edbe3a2cef4b5084c5c10366740f
tcn,mixed,101,bandpass_n20005_cRA_LA_electrode_s5,phase2/results/predictions/full/mixed/tcn/seed_101/bandpass_n20005_cRA_LA_electrode_s5.npz,76113,cf0eba77bbac0da7e55242fff875e640d16da26ecc57b8180e0f28d7a332350e
tcn,mixed,101,bandpass_n20005_cRA_LA_electrode_s0,phase2/results/predictions/full/mixed/tcn/seed_101/bandpass_n20005_cRA_LA_electrode_s0.npz,75791,724bb90325df0eb78a25c72aac702f0288e2886f65a34f38c1e3d192f5567c77
tcn,mixed,101,bandpass_n20005_cRA_LA_covariance_s20,phase2/results/predictions/full/mixed/tcn/seed_101/bandpass_n20005_cRA_LA_covariance_s20.npz,76366,4aa3acb0989b13199006b844f32f04ba5aeac9faf1c408f08c2c777ddce15966
tcn,mixed,101,bandpass_n20005_cRA_LA_covariance_s15,phase2/results/predictions/full/mixed/tcn/seed_101/bandpass_n20005_cRA_LA_covariance_s15.npz,76361,9519b080edf2e4d2d80a846e7f2fd37062fceb2f1224cb9bfffe335e89aa73d5
tcn,mixed,101,bandpass_n20005_cRA_LA_covariance_s10,phase2/results/predictions/full/mixed/tcn/seed_101/bandpass_n20005_cRA_LA_covariance_s10.npz,76308,290e9a824e395cac703777cd2b116f75b7946eb1c452228829b1d9d23226ac14
tcn,mixed,101,bandpass_n20005_cRA_LA_covariance_s5,phase2/results/predictions/full/mixed/tcn/seed_101/bandpass_n20005_cRA_LA_covariance_s5.npz,76092,1433d1c7a7a59e0266c69dc1f4c86c4287c05cdd0f30d34faeeab1fadfe49082
tcn,mixed,101,bandpass_n20005_cRA_LA_covariance_s0,phase2/results/predictions/full/mixed/tcn/seed_101/bandpass_n20005_cRA_LA_covariance_s0.npz,75768,dd477f9c28561d8ccae5221218cbfbc3e3b9104ace3e3103ada03093664ff66e
tcn,mixed,101,bandpass_n20005_cLA_LL_independent_rms_s20,phase2/results/predictions/full/mixed/tcn/seed_101/bandpass_n20005_cLA_LL_independent_rms_s20.npz,76410,b43f1436008d18f01fbeea67f0182dfe83119d4446a9e941f43cc73d39e0f105
tcn,mixed,101,bandpass_n20005_cLA_LL_independent_rms_s15,phase2/results/predictions/full/mixed/tcn/seed_101/bandpass_n20005_cLA_LL_independent_rms_s15.npz,76384,8f15c1f280bbd59c8d870a6af57d03284ba259e9e42eb89bc7426c48f9d217c8
tcn,mixed,101,bandpass_n20005_cLA_LL_independent_rms_s10,phase2/results/predictions/full/mixed/tcn/seed_101/bandpass_n20005_cLA_LL_independent_rms_s10.npz,76348,b23bf7cecf341b8213913de79eea4ebfee3f80e62cd1ca388e428ac9c2e11288
tcn,mixed,101,bandpass_n20005_cLA_LL_independent_rms_s5,phase2/results/predictions/full/mixed/tcn/seed_101/bandpass_n20005_cLA_LL_independent_rms_s5.npz,76232,14410619d7c2988a2508be6af221b97a08d74e4800f48ec7ce7f6fe2991810ff
tcn,mixed,101,bandpass_n20005_cLA_LL_independent_rms_s0,phase2/results/predictions/full/mixed/tcn/seed_101/bandpass_n20005_cLA_LL_independent_rms_s0.npz,75996,a392e776edd95b266430e733237f93c4c490e8ebc413d34945c3367ba6921a61
tcn,mixed,101,bandpass_n20005_cLA_LL_electrode_s20,phase2/results/predictions/full/mixed/tcn/seed_101/bandpass_n20005_cLA_LL_electrode_s20.npz,76355,ea19201c171d3ea0b4947b4dcf7a09b0f3a177d85f9017cbce42dd77ae1186e9
tcn,mixed,101,bandpass_n20005_cLA_LL_electrode_s15,phase2/results/predictions/full/mixed/tcn/seed_101/bandpass_n20005_cLA_LL_electrode_s15.npz,76355,eb1fdf16aac9373831e265f97ef8342be77f60fe86ab9cfb1ef01688f130a5af
tcn,mixed,101,bandpass_n20005_cLA_LL_electrode_s10,phase2/results/predictions/full/mixed/tcn/seed_101/bandpass_n20005_cLA_LL_electrode_s10.npz,76335,44cb5fb2243a1a6a200d8201a22e5c70811ad76f536f01ed795ba9010aa9a8e1
tcn,mixed,101,bandpass_n20005_cLA_LL_electrode_s5,phase2/results/predictions/full/mixed/tcn/seed_101/bandpass_n20005_cLA_LL_electrode_s5.npz,76150,75394d40135a592ac34fb3dc35c2d5fe23fbdc290b045e6384422ffce9fe15c4
tcn,mixed,101,bandpass_n20005_cLA_LL_electrode_s0,phase2/results/predictions/full/mixed/tcn/seed_101/bandpass_n20005_cLA_LL_electrode_s0.npz,75803,e92c572b60fb30abe189c12f26d911949d64fb360680a30b7fba9b4963d7817e
tcn,mixed,101,bandpass_n20005_cLA_LL_covariance_s20,phase2/results/predictions/full/mixed/tcn/seed_101/bandpass_n20005_cLA_LL_covariance_s20.npz,76360,f0bc89e59395f8c82a894ff37246689fc6565385624362af8585618ecead24d4
tcn,mixed,101,bandpass_n20005_cLA_LL_covariance_s15,phase2/results/predictions/full/mixed/tcn/seed_101/bandpass_n20005_cLA_LL_covariance_s15.npz,76357,66d9f4c56952a26cff0083b65e0ad284e7b2950222b1823947733f8749f512b6
tcn,mixed,101,bandpass_n20005_cLA_LL_covariance_s10,phase2/results/predictions/full/mixed/tcn/seed_101/bandpass_n20005_cLA_LL_covariance_s10.npz,76340,02452cea8b3c5fa33f20709a6815189607e8cbcea9921b42f6ece5b48bd4d173
tcn,mixed,101,bandpass_n20005_cLA_LL_covariance_s5,phase2/results/predictions/full/mixed/tcn/seed_101/bandpass_n20005_cLA_LL_covariance_s5.npz,76172,0b6a2d664ecd6d9ec9993b11c11594196e40d6c29b5dc5e4b5f49bca665d0754
tcn,mixed,101,bandpass_n20005_cLA_LL_covariance_s0,phase2/results/predictions/full/mixed/tcn/seed_101/bandpass_n20005_cLA_LL_covariance_s0.npz,75798,588a5c758afeec5bbfdad86c880ca241ba019199b9551f6990704185ce5f8903
tcn,mixed,101,bandpass_n20005_cRA_LL_independent_rms_s20,phase2/results/predictions/full/mixed/tcn/seed_101/bandpass_n20005_cRA_LL_independent_rms_s20.npz,76370,5a06e591bb37ccdd4ee6bc59295e46860a70fdaee9bf8048b3ae097c5323b508
tcn,mixed,101,bandpass_n20005_cRA_LL_independent_rms_s15,phase2/results/predictions/full/mixed/tcn/seed_101/bandpass_n20005_cRA_LL_independent_rms_s15.npz,76405,e3094064f98b6ef76269f474dec9e29f1dfbb19eeaf707bbbb56e28a4e9f6ec9
tcn,mixed,101,bandpass_n20005_cRA_LL_independent_rms_s10,phase2/results/predictions/full/mixed/tcn/seed_101/bandpass_n20005_cRA_LL_independent_rms_s10.npz,76367,285dce14893ac16896a390e9751372ad23ab2cc7901a0af1ad17ac3be7e280a1
tcn,mixed,101,bandpass_n20005_cRA_LL_independent_rms_s5,phase2/results/predictions/full/mixed/tcn/seed_101/bandpass_n20005_cRA_LL_independent_rms_s5.npz,76243,70ff026ba55122d907c74ad99135c023d0bbec78625ccc5ba40837fd5521c3c6
tcn,mixed,101,bandpass_n20005_cRA_LL_independent_rms_s0,phase2/results/predictions/full/mixed/tcn/seed_101/bandpass_n20005_cRA_LL_independent_rms_s0.npz,76009,00e3b4944617507ee65e027990e61eacf0e3091fe86a8d3f2a6f07030049553f
tcn,mixed,101,bandpass_n20005_cRA_LL_electrode_s20,phase2/results/predictions/full/mixed/tcn/seed_101/bandpass_n20005_cRA_LL_electrode_s20.npz,76359,a474c9abe322a7f3ccabe49bf1c24c29e331bb66c11aa5a8cc45e8fc976039ed
tcn,mixed,101,bandpass_n20005_cRA_LL_electrode_s15,phase2/results/predictions/full/mixed/tcn/seed_101/bandpass_n20005_cRA_LL_electrode_s15.npz,76337,3b7a56fb8a02c7bb3202660a836194eb7fed71d69387764f0dd12f16197aef61
tcn,mixed,101,bandpass_n20005_cRA_LL_electrode_s10,phase2/results/predictions/full/mixed/tcn/seed_101/bandpass_n20005_cRA_LL_electrode_s10.npz,76345,5a400c3919772b5a7d60d0f05e711ff2b49b007d739cba6365af75bc3671bc9f
tcn,mixed,101,bandpass_n20005_cRA_LL_electrode_s5,phase2/results/predictions/full/mixed/tcn/seed_101/bandpass_n20005_cRA_LL_electrode_s5.npz,76105,20da549997e0487c2cab36ad03112ab8b0e938048abc9bc3c5d09775473cf6b6
tcn,mixed,101,bandpass_n20005_cRA_LL_electrode_s0,phase2/results/predictions/full/mixed/tcn/seed_101/bandpass_n20005_cRA_LL_electrode_s0.npz,75784,86aa58ba5161bf7a2cb2132d07672a52538fd7b58989406f7eabb4ba655b1365
tcn,mixed,101,bandpass_n20005_cRA_LL_covariance_s20,phase2/results/predictions/full/mixed/tcn/seed_101/bandpass_n20005_cRA_LL_covariance_s20.npz,76376,811525132415725662545f3cdafa445dd68f7412252dc439ed0b0015195b2481
tcn,mixed,101,bandpass_n20005_cRA_LL_covariance_s15,phase2/results/predictions/full/mixed/tcn/seed_101/bandpass_n20005_cRA_LL_covariance_s15.npz,76373,004f5716734e7b92c2b1395274ef1f08a4476d597e1bd50eadaaf9ac2245074c
tcn,mixed,101,bandpass_n20005_cRA_LL_covariance_s10,phase2/results/predictions/full/mixed/tcn/seed_101/bandpass_n20005_cRA_LL_covariance_s10.npz,76317,748ae06a3aa3a288a1ad58041755f4c9c4de32b3bd7c1930cb9ae477461dd1d7
tcn,mixed,101,bandpass_n20005_cRA_LL_covariance_s5,phase2/results/predictions/full/mixed/tcn/seed_101/bandpass_n20005_cRA_LL_covariance_s5.npz,76120,9468519458f96828f1695711f7e6cb494ef603285687f6bd4912be4749286334
tcn,mixed,101,bandpass_n20005_cRA_LL_covariance_s0,phase2/results/predictions/full/mixed/tcn/seed_101/bandpass_n20005_cRA_LL_covariance_s0.npz,75808,3d4af476aca5a2bf79302bbfd02ba206cbe29f4b063273caadda0489b02f9e4a
tcn,mixed,101,bandpass_n20005_cRA_independent_rms_s20,phase2/results/predictions/full/mixed/tcn/seed_101/bandpass_n20005_cRA_independent_rms_s20.npz,76344,8d483d5298f7a1eb12bb9228e97acc89863f46e8248c3a68964528ac3e6812e4
tcn,mixed,101,bandpass_n20005_cRA_independent_rms_s15,phase2/results/predictions/full/mixed/tcn/seed_101/bandpass_n20005_cRA_independent_rms_s15.npz,76367,5ef4429d2b78aa5e1ec08e36036ff0958cff8c15b64f6a68ddacb8736b9ca757
tcn,mixed,101,bandpass_n20005_cRA_independent_rms_s10,phase2/results/predictions/full/mixed/tcn/seed_101/bandpass_n20005_cRA_independent_rms_s10.npz,76381,ace19bf7c89b17d615f5c99b64869e17f928456bfaa1c4b6bab521652422a204
tcn,mixed,101,bandpass_n20005_cRA_independent_rms_s5,phase2/results/predictions/full/mixed/tcn/seed_101/bandpass_n20005_cRA_independent_rms_s5.npz,76251,6814a56907daac23ea826db2eefca1abb6f317191f6ec4ee4c26769df5973939
tcn,mixed,101,bandpass_n20005_cRA_independent_rms_s0,phase2/results/predictions/full/mixed/tcn/seed_101/bandpass_n20005_cRA_independent_rms_s0.npz,76054,fe8a92bb27b1710d4ea28586a1bf47f5ced1d18436cf12e53ad006c29fa7e649
tcn,mixed,101,bandpass_n20005_cRA_electrode_s20,phase2/results/predictions/full/mixed/tcn/seed_101/bandpass_n20005_cRA_electrode_s20.npz,76394,3eec0bfe7168fd82e3b4d8d1b78b89ff6fc157ee4d0ded24fab8c397df9d1fc3
tcn,mixed,101,bandpass_n20005_cRA_electrode_s15,phase2/results/predictions/full/mixed/tcn/seed_101/bandpass_n20005_cRA_electrode_s15.npz,76312,db2e468bc0021c699ea03e5fd4918f848b75de7a4575c4a6903d04afc2abc889
tcn,mixed,101,bandpass_n20005_cRA_electrode_s10,phase2/results/predictions/full/mixed/tcn/seed_101/bandpass_n20005_cRA_electrode_s10.npz,76268,18bed259ec60ada668c5b1c62e233dea863b4cab0e6b6b9ee73892c785f8feb8
tcn,mixed,101,bandpass_n20005_cRA_electrode_s5,phase2/results/predictions/full/mixed/tcn/seed_101/bandpass_n20005_cRA_electrode_s5.npz,76120,425c6fd60d64231255aeee57362fef5b59efe1eadf3d47257d0c00d1a7e5c0f2
tcn,mixed,101,bandpass_n20005_cRA_electrode_s0,phase2/results/predictions/full/mixed/tcn/seed_101/bandpass_n20005_cRA_electrode_s0.npz,75846,046c669c825dd4221c22018f82a59634de73ba1a0f35545f1b85ba9331ea9863
tcn,mixed,101,bandpass_n20005_cRA_covariance_s20,phase2/results/predictions/full/mixed/tcn/seed_101/bandpass_n20005_cRA_covariance_s20.npz,76354,e340b6eb19494f64d706e9dd7c8412d7118b0e83956c816ed6dfce4282b55a57
tcn,mixed,101,bandpass_n20005_cRA_covariance_s15,phase2/results/predictions/full/mixed/tcn/seed_101/bandpass_n20005_cRA_covariance_s15.npz,76334,0b0eda45c6900b938609f6fb0f520d7b33f8ea6c1552cf8bafa9df4739d1661b
tcn,mixed,101,bandpass_n20005_cRA_covariance_s10,phase2/results/predictions/full/mixed/tcn/seed_101/bandpass_n20005_cRA_covariance_s10.npz,76298,524555f8dac3a79837318255bcd476354eef82818089e31af5898475e6e316a3
tcn,mixed,101,bandpass_n20005_cRA_covariance_s5,phase2/results/predictions/full/mixed/tcn/seed_101/bandpass_n20005_cRA_covariance_s5.npz,76112,1d6c23c795ec39dd21902fe3ac7405607e61d1675383619e6d98a4f0c42ced1d
tcn,mixed,101,bandpass_n20005_cRA_covariance_s0,phase2/results/predictions/full/mixed/tcn/seed_101/bandpass_n20005_cRA_covariance_s0.npz,75824,dac5a9860d75b0bd1facd88edab34f9f1303af53db3d11fbde818121c2260ca1
tcn,mixed,101,bandpass_n20005_cLA_independent_rms_s20,phase2/results/predictions/full/mixed/tcn/seed_101/bandpass_n20005_cLA_independent_rms_s20.npz,76359,7f97c8c4cf02cba4b816eee1cebd67426f199987d6978fa4b043d52917fd03bd
tcn,mixed,101,bandpass_n20005_cLA_independent_rms_s15,phase2/results/predictions/full/mixed/tcn/seed_101/bandpass_n20005_cLA_independent_rms_s15.npz,76362,b070b7268b73e3725e5fe9823c009b7b2c2fdd6e548f0e584ad8c0b95bcd3344
tcn,mixed,101,bandpass_n20005_cLA_independent_rms_s10,phase2/results/predictions/full/mixed/tcn/seed_101/bandpass_n20005_cLA_independent_rms_s10.npz,76421,c0c33dfbbeee7f6b71151ada9215557d0893d305a40ddc76189fafe24ae423b6
tcn,mixed,101,bandpass_n20005_cLA_independent_rms_s5,phase2/results/predictions/full/mixed/tcn/seed_101/bandpass_n20005_cLA_independent_rms_s5.npz,76243,f56cb35a7decf0e455867ba5000f0f403b3dc79d539f7c65d82ae9d674693b55
tcn,mixed,101,bandpass_n20005_cLA_independent_rms_s0,phase2/results/predictions/full/mixed/tcn/seed_101/bandpass_n20005_cLA_independent_rms_s0.npz,75982,0f860e6d99549d4f71d6ce9d530b07dd272e27258b5e4aed430791c0e291b22a
tcn,mixed,101,bandpass_n20005_cLA_electrode_s20,phase2/results/predictions/full/mixed/tcn/seed_101/bandpass_n20005_cLA_electrode_s20.npz,76361,346702ef5875c6f2f0bfac27415d44a668350ca422186b298c8bbb84516e61ab
tcn,mixed,101,bandpass_n20005_cLA_electrode_s15,phase2/results/predictions/full/mixed/tcn/seed_101/bandpass_n20005_cLA_electrode_s15.npz,76347,7c2495a9a69b4feb86dcd8183b8d9a86ae62a9182cab87b42bbed18132287780
tcn,mixed,101,bandpass_n20005_cLA_electrode_s10,phase2/results/predictions/full/mixed/tcn/seed_101/bandpass_n20005_cLA_electrode_s10.npz,76293,b1fc40f6184a1ede2047e5040b7ba5879d1ef182e1af38d6495c11f600e6f075
tcn,mixed,101,bandpass_n20005_cLA_electrode_s5,phase2/results/predictions/full/mixed/tcn/seed_101/bandpass_n20005_cLA_electrode_s5.npz,76150,a923721ed28c0fa0622f747d57891e28bd199feaa6cb3335dd998095e2e56bdb
tcn,mixed,101,bandpass_n20005_cLA_electrode_s0,phase2/results/predictions/full/mixed/tcn/seed_101/bandpass_n20005_cLA_electrode_s0.npz,75781,beb31a66815069cb2814c301e746a700721a095ce7acd41dc34b61b0b2264674
tcn,mixed,101,bandpass_n20005_cLA_covariance_s20,phase2/results/predictions/full/mixed/tcn/seed_101/bandpass_n20005_cLA_covariance_s20.npz,76354,6ceb161f91acb2f0b8379c9d3e5c49f7f581bb85f13b77df31653efea1e185d8
tcn,mixed,101,bandpass_n20005_cLA_covariance_s15,phase2/results/predictions/full/mixed/tcn/seed_101/bandpass_n20005_cLA_covariance_s15.npz,76349,c069c5f867e1c4e8c948deae097594baffa2a9aec522e9f8354000719d839319
tcn,mixed,101,bandpass_n20005_cLA_covariance_s10,phase2/results/predictions/full/mixed/tcn/seed_101/bandpass_n20005_cLA_covariance_s10.npz,76276,8b61585eaab9d0630a4d46f8e42d3ad6d8d9dd7b9d35b78ad35bbdeb8e00779c
tcn,mixed,101,bandpass_n20005_cLA_covariance_s5,phase2/results/predictions/full/mixed/tcn/seed_101/bandpass_n20005_cLA_covariance_s5.npz,76134,f8c9b522a598a1ae1682d44b7c3e7d720f92fc78edd0b29cf75a74d0c5ba0b0e
tcn,mixed,101,bandpass_n20005_cLA_covariance_s0,phase2/results/predictions/full/mixed/tcn/seed_101/bandpass_n20005_cLA_covariance_s0.npz,75794,aaeb0e7bed744f67cc8ca702de9e969f42c5313e7ee31fc4e6448433cab9188b
tcn,mixed,101,bandpass_n20005_cLL_independent_rms_s20,phase2/results/predictions/full/mixed/tcn/seed_101/bandpass_n20005_cLL_independent_rms_s20.npz,76369,24de82ed074b60a9cf169ff69f55de014f8a3721290d2ddea1c077213650f709
tcn,mixed,101,bandpass_n20005_cLL_independent_rms_s15,phase2/results/predictions/full/mixed/tcn/seed_101/bandpass_n20005_cLL_independent_rms_s15.npz,76350,4715e85ff4209012ac5de7221d6b58b6ed1cef192d297add6d00a6c15c75574a
tcn,mixed,101,bandpass_n20005_cLL_independent_rms_s10,phase2/results/predictions/full/mixed/tcn/seed_101/bandpass_n20005_cLL_independent_rms_s10.npz,76366,2c844ad3b381ebe49132bf612b30c3a82f957e46212f9ef222efadc6d5867067
tcn,mixed,101,bandpass_n20005_cLL_independent_rms_s5,phase2/results/predictions/full/mixed/tcn/seed_101/bandpass_n20005_cLL_independent_rms_s5.npz,76224,4612beb027034e07318e4e8cb526f862d4b6b50235f6b519672d06cbe7ef3e0e
tcn,mixed,101,bandpass_n20005_cLL_independent_rms_s0,phase2/results/predictions/full/mixed/tcn/seed_101/bandpass_n20005_cLL_independent_rms_s0.npz,75951,9437d3df9ca5131f4e8dac2c7b2a413e684761ed1c862f9dd8c1bb33446fdb95
tcn,mixed,101,bandpass_n20005_cLL_electrode_s20,phase2/results/predictions/full/mixed/tcn/seed_101/bandpass_n20005_cLL_electrode_s20.npz,76340,372ad9fefff918c81f926904c6db91d12dffd0e99a8b0a7ee8ccce31aa7ba2c2
tcn,mixed,101,bandpass_n20005_cLL_electrode_s15,phase2/results/predictions/full/mixed/tcn/seed_101/bandpass_n20005_cLL_electrode_s15.npz,76358,24794155f40c6abce18ef89e3e28dffd52748d022f407e3e691eb2fffa4ca8ab
tcn,mixed,101,bandpass_n20005_cLL_electrode_s10,phase2/results/predictions/full/mixed/tcn/seed_101/bandpass_n20005_cLL_electrode_s10.npz,76310,5a73c450e46e958cf6ae9a3e59d038146d22c3fd2871ebb2e3a82348d5fa497a
tcn,mixed,101,bandpass_n20005_cLL_electrode_s5,phase2/results/predictions/full/mixed/tcn/seed_101/bandpass_n20005_cLL_electrode_s5.npz,76158,dc11b0c22cfab655f688aae254665090973a368106bddf944a394af7e48a802b
tcn,mixed,101,bandpass_n20005_cLL_electrode_s0,phase2/results/predictions/full/mixed/tcn/seed_101/bandpass_n20005_cLL_electrode_s0.npz,75833,ccf651619872795844f945e6c731581cf1706afb40b198b3628b88d04fa514ee
tcn,mixed,101,bandpass_n20005_cLL_covariance_s20,phase2/results/predictions/full/mixed/tcn/seed_101/bandpass_n20005_cLL_covariance_s20.npz,76369,35dd4b6f5dcf3c20a09093734e4e90db4da803399e3a450e5792271a409e5163
tcn,mixed,101,bandpass_n20005_cLL_covariance_s15,phase2/results/predictions/full/mixed/tcn/seed_101/bandpass_n20005_cLL_covariance_s15.npz,76343,274d38561a04ae8b7f23fee976c6cac39a2de949d90ee5131c7ed7c64cb3651d
tcn,mixed,101,bandpass_n20005_cLL_covariance_s10,phase2/results/predictions/full/mixed/tcn/seed_101/bandpass_n20005_cLL_covariance_s10.npz,76353,09d798051f46fac0f3b4b0cb440fefdbbd537177b69be38600b87bad1eb1c9a7
tcn,mixed,101,bandpass_n20005_cLL_covariance_s5,phase2/results/predictions/full/mixed/tcn/seed_101/bandpass_n20005_cLL_covariance_s5.npz,76192,08efdbd491d896fa58b2d600157c324c1cb7bcc6ef2e574a77cc0581ac411867
tcn,mixed,101,bandpass_n20005_cLL_covariance_s0,phase2/results/predictions/full/mixed/tcn/seed_101/bandpass_n20005_cLL_covariance_s0.npz,75847,507238e6d9d68ad64ede228172d154f5751ae96976c134831ed7f792a74b0824
tcn,mixed,101,bandpass_n20005_cRA_V1_independent_rms_s20,phase2/results/predictions/full/mixed/tcn/seed_101/bandpass_n20005_cRA_V1_independent_rms_s20.npz,76360,736674d0cae655622086462abab8f3c817f1eae6a82c7cc9f2612dddd08647c4
tcn,mixed,101,bandpass_n20005_cRA_V1_independent_rms_s15,phase2/results/predictions/full/mixed/tcn/seed_101/bandpass_n20005_cRA_V1_independent_rms_s15.npz,76359,ad21d8392a08a86fef7934819e90b093dc868f340f289274eba30ca6eddd1ddd
tcn,mixed,101,bandpass_n20005_cRA_V1_independent_rms_s10,phase2/results/predictions/full/mixed/tcn/seed_101/bandpass_n20005_cRA_V1_independent_rms_s10.npz,76359,d7c697b77243cdf861639b23dee75b82beddccddfa3e95c91c7062a5462a7034
tcn,mixed,101,bandpass_n20005_cRA_V1_independent_rms_s5,phase2/results/predictions/full/mixed/tcn/seed_101/bandpass_n20005_cRA_V1_independent_rms_s5.npz,76253,f4806738eb90f1574222b8d0d0b03270d6c2399418aa19b20355381ea8bdaf52
tcn,mixed,101,bandpass_n20005_cRA_V1_independent_rms_s0,phase2/results/predictions/full/mixed/tcn/seed_101/bandpass_n20005_cRA_V1_independent_rms_s0.npz,76001,5afd63743f5ec4f091852a5ec97d1047c8839fc3a8f69c8446a12d349a0a0ddd
tcn,mixed,101,bandpass_n20005_cRA_V1_electrode_s20,phase2/results/predictions/full/mixed/tcn/seed_101/bandpass_n20005_cRA_V1_electrode_s20.npz,76379,72483fc97f1061a11b11a74f93494047f06a84b725c273a4bb188c1cd6aad8ca
tcn,mixed,101,bandpass_n20005_cRA_V1_electrode_s15,phase2/results/predictions/full/mixed/tcn/seed_101/bandpass_n20005_cRA_V1_electrode_s15.npz,76348,a92966452bef88ae16815ae08794c286ae1349e58c99ba26ecbdee437820ca13
tcn,mixed,101,bandpass_n20005_cRA_V1_electrode_s10,phase2/results/predictions/full/mixed/tcn/seed_101/bandpass_n20005_cRA_V1_electrode_s10.npz,76286,75fee62ce17a2f72ef43b27d293e5daa0e1d2cf93ca806d17efe48c09b0b2639
tcn,mixed,101,bandpass_n20005_cRA_V1_electrode_s5,phase2/results/predictions/full/mixed/tcn/seed_101/bandpass_n20005_cRA_V1_electrode_s5.npz,76142,2299282d962439fa93526b886bfd9ca2e64e0282163b0dabbf5fb5cdf6db55ae
tcn,mixed,101,bandpass_n20005_cRA_V1_electrode_s0,phase2/results/predictions/full/mixed/tcn/seed_101/bandpass_n20005_cRA_V1_electrode_s0.npz,75815,10be4d93e5acee2a29b63612efcb7209ad5bc641e453974e7f27ce3cc376d6ee
tcn,mixed,101,bandpass_n20005_cRA_V1_covariance_s20,phase2/results/predictions/full/mixed/tcn/seed_101/bandpass_n20005_cRA_V1_covariance_s20.npz,76387,c04245980cf707088d8576e1664ec194e41ec869251b36824a7ee63d6d6cf006
tcn,mixed,101,bandpass_n20005_cRA_V1_covariance_s15,phase2/results/predictions/full/mixed/tcn/seed_101/bandpass_n20005_cRA_V1_covariance_s15.npz,76322,34931b744104bc2c3d79aaaeb9f0e421cb7e048d5497a2ef5117d9e632c89585
tcn,mixed,101,bandpass_n20005_cRA_V1_covariance_s10,phase2/results/predictions/full/mixed/tcn/seed_101/bandpass_n20005_cRA_V1_covariance_s10.npz,76312,7fbd5c7021cfcac8983bd75dd5b9701717f9eb02990bd0044a239e4d94b5400e
tcn,mixed,101,bandpass_n20005_cRA_V1_covariance_s5,phase2/results/predictions/full/mixed/tcn/seed_101/bandpass_n20005_cRA_V1_covariance_s5.npz,76129,d257a79e837dc40082864a0c9664027ec42178ef761a956be3e426a8a4d838b9
tcn,mixed,101,bandpass_n20005_cRA_V1_covariance_s0,phase2/results/predictions/full/mixed/tcn/seed_101/bandpass_n20005_cRA_V1_covariance_s0.npz,75814,489df2c5f2b5391250762f5ee8363986d87b76d675876e76bdb2a260ab93c3be
tcn,mixed,101,bandpass_n20005_cLA_V6_independent_rms_s20,phase2/results/predictions/full/mixed/tcn/seed_101/bandpass_n20005_cLA_V6_independent_rms_s20.npz,76399,f5a0f220ee0887db1913ef6a4eb2c804d7255ebcd29ff310d5893bd6811b1274
tcn,mixed,101,bandpass_n20005_cLA_V6_independent_rms_s15,phase2/results/predictions/full/mixed/tcn/seed_101/bandpass_n20005_cLA_V6_independent_rms_s15.npz,76381,be67ae1f47c9ebadad84bbca66756d6191c8f9550f46249eb7f1c1ac6c914ae6
tcn,mixed,101,bandpass_n20005_cLA_V6_independent_rms_s10,phase2/results/predictions/full/mixed/tcn/seed_101/bandpass_n20005_cLA_V6_independent_rms_s10.npz,76395,cc2d9636445bfb451127bf1c02306c7214b6462379312d457c37c7da1ec8669c
tcn,mixed,101,bandpass_n20005_cLA_V6_independent_rms_s5,phase2/results/predictions/full/mixed/tcn/seed_101/bandpass_n20005_cLA_V6_independent_rms_s5.npz,76276,5617b2a79735d0a37c2aeb71f4bfbd8f7199fd2e4c35765edd4c46b88fcaf32a
tcn,mixed,101,bandpass_n20005_cLA_V6_independent_rms_s0,phase2/results/predictions/full/mixed/tcn/seed_101/bandpass_n20005_cLA_V6_independent_rms_s0.npz,76018,78849ad0a0fa6257bebe99341c759709a49e76db42ba08e48010412d0e94b017
tcn,mixed,101,bandpass_n20005_cLA_V6_electrode_s20,phase2/results/predictions/full/mixed/tcn/seed_101/bandpass_n20005_cLA_V6_electrode_s20.npz,76350,f86c104430025187217d1a1180430f02a414b73d6bdb4217e3fe170f6f508fa9
tcn,mixed,101,bandpass_n20005_cLA_V6_electrode_s15,phase2/results/predictions/full/mixed/tcn/seed_101/bandpass_n20005_cLA_V6_electrode_s15.npz,76368,a2787b18b5f10dc527b2bfcc32e0e0f495c54e92a7fa175e6d519f7d5946d3d7
tcn,mixed,101,bandpass_n20005_cLA_V6_electrode_s10,phase2/results/predictions/full/mixed/tcn/seed_101/bandpass_n20005_cLA_V6_electrode_s10.npz,76370,092cd80e3898c3a37cf2a364747e95dd58267edd0f2b6596d0d73a116fba4a7d
tcn,mixed,101,bandpass_n20005_cLA_V6_electrode_s5,phase2/results/predictions/full/mixed/tcn/seed_101/bandpass_n20005_cLA_V6_electrode_s5.npz,76172,40d4831b6033ed0682de6c8a555153550bb0165afeed98d8686eb8bc69680292
tcn,mixed,101,bandpass_n20005_cLA_V6_electrode_s0,phase2/results/predictions/full/mixed/tcn/seed_101/bandpass_n20005_cLA_V6_electrode_s0.npz,75848,0e7ab33023d6d519f35ffed07c603db80891104d214393438af18833662e2cd3
tcn,mixed,101,bandpass_n20005_cLA_V6_covariance_s20,phase2/results/predictions/full/mixed/tcn/seed_101/bandpass_n20005_cLA_V6_covariance_s20.npz,76383,fa71fd7fd40f5c260e24197d1f2a50c70999b3c7012b43d6dfdd801abe616872
tcn,mixed,101,bandpass_n20005_cLA_V6_covariance_s15,phase2/results/predictions/full/mixed/tcn/seed_101/bandpass_n20005_cLA_V6_covariance_s15.npz,76377,75028f8658566c2e520f9368722a82e7f2043c190b91ec19b3e27ef575df6f4b
tcn,mixed,101,bandpass_n20005_cLA_V6_covariance_s10,phase2/results/predictions/full/mixed/tcn/seed_101/bandpass_n20005_cLA_V6_covariance_s10.npz,76352,e3f7658bf49a5e664b76ee663d7bf8408adbee998f61cdccce5c9790c7375638
tcn,mixed,101,bandpass_n20005_cLA_V6_covariance_s5,phase2/results/predictions/full/mixed/tcn/seed_101/bandpass_n20005_cLA_V6_covariance_s5.npz,76198,ab125123b7f66e4f37e4b15ddca934be1d0eccfc60d7ed57c3552412c64c0e63
tcn,mixed,101,bandpass_n20005_cLA_V6_covariance_s0,phase2/results/predictions/full/mixed/tcn/seed_101/bandpass_n20005_cLA_V6_covariance_s0.npz,75846,9a16b823907190221abcf4a655d3569191d6723e70f3836d5b083012e00e3f2d
tcn,mixed,101,bandpass_n20005_cLL_V4_independent_rms_s20,phase2/results/predictions/full/mixed/tcn/seed_101/bandpass_n20005_cLL_V4_independent_rms_s20.npz,76390,c4691e2a2d719d8866d1c0ab45c39b7eee15125769e91990c50a9cdb7cc73d6f
tcn,mixed,101,bandpass_n20005_cLL_V4_independent_rms_s15,phase2/results/predictions/full/mixed/tcn/seed_101/bandpass_n20005_cLL_V4_independent_rms_s15.npz,76355,db62de97978d87887edcae2a9f5fcc75533f384a02f9f98bd9d7bf878388c3ba
tcn,mixed,101,bandpass_n20005_cLL_V4_independent_rms_s10,phase2/results/predictions/full/mixed/tcn/seed_101/bandpass_n20005_cLL_V4_independent_rms_s10.npz,76364,60661e4e7a5955c2baaed9560bdf138f0b7472a080a0cf94df90ed48c6e77278
tcn,mixed,101,bandpass_n20005_cLL_V4_independent_rms_s5,phase2/results/predictions/full/mixed/tcn/seed_101/bandpass_n20005_cLL_V4_independent_rms_s5.npz,76282,1d8524dc51ac9e96e79f7991f918615c495cf55b6c27cc6e6d2e9a65e9de9726
tcn,mixed,101,bandpass_n20005_cLL_V4_independent_rms_s0,phase2/results/predictions/full/mixed/tcn/seed_101/bandpass_n20005_cLL_V4_independent_rms_s0.npz,76023,f0189a5b567b33609e1cf6124b977ef23be8347a01b6f36650993aeb4fac4d75
tcn,mixed,101,bandpass_n20005_cLL_V4_electrode_s20,phase2/results/predictions/full/mixed/tcn/seed_101/bandpass_n20005_cLL_V4_electrode_s20.npz,76372,7d75adb7f29c84ab4d10be8cca8d1e968986ae80a2446e8bc470f4ba37592bea
tcn,mixed,101,bandpass_n20005_cLL_V4_electrode_s15,phase2/results/predictions/full/mixed/tcn/seed_101/bandpass_n20005_cLL_V4_electrode_s15.npz,76376,b32a9f40b1d164baeeebe174e4634aa0acf51a6c960599e092be2ab927b2a266
tcn,mixed,101,bandpass_n20005_cLL_V4_electrode_s10,phase2/results/predictions/full/mixed/tcn/seed_101/bandpass_n20005_cLL_V4_electrode_s10.npz,76353,e212b902a14b241397393a523ad73fd686c684576507242c1de23322392d5c11
tcn,mixed,101,bandpass_n20005_cLL_V4_electrode_s5,phase2/results/predictions/full/mixed/tcn/seed_101/bandpass_n20005_cLL_V4_electrode_s5.npz,76221,a681d50ed2311e2476406d26189e3241f10f2e710afd03b54832301495513708
tcn,mixed,101,bandpass_n20005_cLL_V4_electrode_s0,phase2/results/predictions/full/mixed/tcn/seed_101/bandpass_n20005_cLL_V4_electrode_s0.npz,75895,1bfb19e7938188dbc561957148a3f5b6747a8539b0720445c12df708e6b9a970
tcn,mixed,101,bandpass_n20005_cLL_V4_covariance_s20,phase2/results/predictions/full/mixed/tcn/seed_101/bandpass_n20005_cLL_V4_covariance_s20.npz,76367,36a5f89070e10e4a9b9064a55595a1a16ef26bba8e18f4a9f1de4d7e1a3359d2
tcn,mixed,101,bandpass_n20005_cLL_V4_covariance_s15,phase2/results/predictions/full/mixed/tcn/seed_101/bandpass_n20005_cLL_V4_covariance_s15.npz,76379,c233718216d3e7936c000bcbc740f0faa40d82a310889ae21af02a51afcf9d0e
tcn,mixed,101,bandpass_n20005_cLL_V4_covariance_s10,phase2/results/predictions/full/mixed/tcn/seed_101/bandpass_n20005_cLL_V4_covariance_s10.npz,76357,5b3a663ef5839e3b44cf9f9d5b1b49f52594d5cfa601edaaa1d9963f42de2765
tcn,mixed,101,bandpass_n20005_cLL_V4_covariance_s5,phase2/results/predictions/full/mixed/tcn/seed_101/bandpass_n20005_cLL_V4_covariance_s5.npz,76190,32286430d6ca3707d34d68de0ed9c7f7028434ee5aa68d11cc8c402743b6902d
tcn,mixed,101,bandpass_n20005_cLL_V4_covariance_s0,phase2/results/predictions/full/mixed/tcn/seed_101/bandpass_n20005_cLL_V4_covariance_s0.npz,75859,0b2f389afbd6537a0865fe9bb85904b7fccf0fe10e861d26a5fe709f8e5099d0
tcn,mixed,101,bandpass_n20005_cRA_LA_V1_V6_independent_rms_s20,phase2/results/predictions/full/mixed/tcn/seed_101/bandpass_n20005_cRA_LA_V1_V6_independent_rms_s20.npz,76408,33aa3c84d6d09f7554b55380c4aef3c80d32a721b5543a8c2cee7eeee26cfab8
tcn,mixed,101,bandpass_n20005_cRA_LA_V1_V6_independent_rms_s15,phase2/results/predictions/full/mixed/tcn/seed_101/bandpass_n20005_cRA_LA_V1_V6_independent_rms_s15.npz,76428,7c3e99f7a940a0119fc8dee83e8bb50ad533f72be5f9a1c2b52617b58bb8dbe8
tcn,mixed,101,bandpass_n20005_cRA_LA_V1_V6_independent_rms_s10,phase2/results/predictions/full/mixed/tcn/seed_101/bandpass_n20005_cRA_LA_V1_V6_independent_rms_s10.npz,76396,7c570156a6a17c062503bb6dde4efe0539505f85bedef98933f31d53216ba793
tcn,mixed,101,bandpass_n20005_cRA_LA_V1_V6_independent_rms_s5,phase2/results/predictions/full/mixed/tcn/seed_101/bandpass_n20005_cRA_LA_V1_V6_independent_rms_s5.npz,76266,1e1fb36c061fda7b6949648d543e817b61a8c1473a2b0744abb25e7dd70056f2
tcn,mixed,101,bandpass_n20005_cRA_LA_V1_V6_independent_rms_s0,phase2/results/predictions/full/mixed/tcn/seed_101/bandpass_n20005_cRA_LA_V1_V6_independent_rms_s0.npz,76055,bb187993e7e05723b7000928cb2ca42bde049402b108b8dbe42f2df9d3df963a
tcn,mixed,101,bandpass_n20005_cRA_LA_V1_V6_electrode_s20,phase2/results/predictions/full/mixed/tcn/seed_101/bandpass_n20005_cRA_LA_V1_V6_electrode_s20.npz,76396,ca00b8fc3abca32b19d47dadc9e8fd0a972f867f27cce708f4f6ed3f6c8677f5
tcn,mixed,101,bandpass_n20005_cRA_LA_V1_V6_electrode_s15,phase2/results/predictions/full/mixed/tcn/seed_101/bandpass_n20005_cRA_LA_V1_V6_electrode_s15.npz,76402,8547fa65f8d726224f58dba5cc15c805ffb92eb892f144239a6cd4c8d9ff93f2
tcn,mixed,101,bandpass_n20005_cRA_LA_V1_V6_electrode_s10,phase2/results/predictions/full/mixed/tcn/seed_101/bandpass_n20005_cRA_LA_V1_V6_electrode_s10.npz,76348,a360ce96ca91affd4aef4ba0e5e43fee9d30c65be0e6fb00caa517925b879e9f
tcn,mixed,101,bandpass_n20005_cRA_LA_V1_V6_electrode_s5,phase2/results/predictions/full/mixed/tcn/seed_101/bandpass_n20005_cRA_LA_V1_V6_electrode_s5.npz,76169,000e2d784223b65586a0ad1fcd18aa9fee1c7fed643af15f19ed467f40fa3f05
tcn,mixed,101,bandpass_n20005_cRA_LA_V1_V6_electrode_s0,phase2/results/predictions/full/mixed/tcn/seed_101/bandpass_n20005_cRA_LA_V1_V6_electrode_s0.npz,75836,78d76bd25bb0e7255b24aca6b0a96d02f73343e4653918a3c0b3060d125efa55
tcn,mixed,101,bandpass_n20005_cRA_LA_V1_V6_covariance_s20,phase2/results/predictions/full/mixed/tcn/seed_101/bandpass_n20005_cRA_LA_V1_V6_covariance_s20.npz,76377,c27bf959747d306a70e7041a18701931b88f36884c7dff73b76b81468b71d82f
tcn,mixed,101,bandpass_n20005_cRA_LA_V1_V6_covariance_s15,phase2/results/predictions/full/mixed/tcn/seed_101/bandpass_n20005_cRA_LA_V1_V6_covariance_s15.npz,76366,95ea2ad4b1c04478fbf551bf38d6bfdaef90cf6af788004ce331191ed25d53d9
tcn,mixed,101,bandpass_n20005_cRA_LA_V1_V6_covariance_s10,phase2/results/predictions/full/mixed/tcn/seed_101/bandpass_n20005_cRA_LA_V1_V6_covariance_s10.npz,76312,dca9d4c7e36b9e406db5e15a5a64b3ff17fa288472aecc7c5961a22ac3624206
tcn,mixed,101,bandpass_n20005_cRA_LA_V1_V6_covariance_s5,phase2/results/predictions/full/mixed/tcn/seed_101/bandpass_n20005_cRA_LA_V1_V6_covariance_s5.npz,76151,873d849a78e06045f555c1c314a55040749148848eb631adb168433cc271eb56
tcn,mixed,101,bandpass_n20005_cRA_LA_V1_V6_covariance_s0,phase2/results/predictions/full/mixed/tcn/seed_101/bandpass_n20005_cRA_LA_V1_V6_covariance_s0.npz,75823,48f0255b3186eb18a8de8ee9c72d501b10823078a1ac14c6822a3939d5ff1133
tcn,mixed,101,bandpass_n20005_cRA_V2_V5_independent_rms_s20,phase2/results/predictions/full/mixed/tcn/seed_101/bandpass_n20005_cRA_V2_V5_independent_rms_s20.npz,76416,78c16447ff7615fe7b264831b98619694061aacf873490501eccb294bac2d2c3
tcn,mixed,101,bandpass_n20005_cRA_V2_V5_independent_rms_s15,phase2/results/predictions/full/mixed/tcn/seed_101/bandpass_n20005_cRA_V2_V5_independent_rms_s15.npz,76410,b8d74928c7f4faa33b6b82e560dfb2a1c2fd148e99ddd1e542d6e7effe759b05
tcn,mixed,101,bandpass_n20005_cRA_V2_V5_independent_rms_s10,phase2/results/predictions/full/mixed/tcn/seed_101/bandpass_n20005_cRA_V2_V5_independent_rms_s10.npz,76357,05bc5d76cf4b37c8b87b3668d85f8fb55622b9628d25c3c0e43603719d4adfe0
tcn,mixed,101,bandpass_n20005_cRA_V2_V5_independent_rms_s5,phase2/results/predictions/full/mixed/tcn/seed_101/bandpass_n20005_cRA_V2_V5_independent_rms_s5.npz,76277,1efea661be35a767822be723ce9e505ca3a1339cd9ec26e22175a0e3fabb4f76
tcn,mixed,101,bandpass_n20005_cRA_V2_V5_independent_rms_s0,phase2/results/predictions/full/mixed/tcn/seed_101/bandpass_n20005_cRA_V2_V5_independent_rms_s0.npz,76033,04c36a27bb6d87cca837e9379d504fa27073e1aa967ba6e742953ada490dd3c3
tcn,mixed,101,bandpass_n20005_cRA_V2_V5_electrode_s20,phase2/results/predictions/full/mixed/tcn/seed_101/bandpass_n20005_cRA_V2_V5_electrode_s20.npz,76400,8699f4cb97d464f3d082d306d4e9ee8b51a86b0ced3cf13163c6cfe720d9c442
tcn,mixed,101,bandpass_n20005_cRA_V2_V5_electrode_s15,phase2/results/predictions/full/mixed/tcn/seed_101/bandpass_n20005_cRA_V2_V5_electrode_s15.npz,76336,6e9c7d7c0d47ca78e21ff27586ca2c63b235009d6931b3fc1fd66ecec78e0637
tcn,mixed,101,bandpass_n20005_cRA_V2_V5_electrode_s10,phase2/results/predictions/full/mixed/tcn/seed_101/bandpass_n20005_cRA_V2_V5_electrode_s10.npz,76315,7e6b17c1a7f8dbb9e70167522582474a0fdf2c489c5b81ba88257ecf8693813d
tcn,mixed,101,bandpass_n20005_cRA_V2_V5_electrode_s5,phase2/results/predictions/full/mixed/tcn/seed_101/bandpass_n20005_cRA_V2_V5_electrode_s5.npz,76163,f6acde0b05fcfeabefcaa5a70809a7248b824c81a42227c1ae91e85dba13b13f
tcn,mixed,101,bandpass_n20005_cRA_V2_V5_electrode_s0,phase2/results/predictions/full/mixed/tcn/seed_101/bandpass_n20005_cRA_V2_V5_electrode_s0.npz,75835,1ad79f3b75999c3f70531e88645f9b5a1219b047e8fba64780f86bd64ac77f39
tcn,mixed,101,bandpass_n20005_cRA_V2_V5_covariance_s20,phase2/results/predictions/full/mixed/tcn/seed_101/bandpass_n20005_cRA_V2_V5_covariance_s20.npz,76355,b6a31bdf86ceb040ea814cedb8ed1cda354ffc7c3ec727dfdbc1c09179ee39d7
tcn,mixed,101,bandpass_n20005_cRA_V2_V5_covariance_s15,phase2/results/predictions/full/mixed/tcn/seed_101/bandpass_n20005_cRA_V2_V5_covariance_s15.npz,76382,c131f3e0b198cc6f71312312b198f52639c27339459fb806847c161fef8b872b
tcn,mixed,101,bandpass_n20005_cRA_V2_V5_covariance_s10,phase2/results/predictions/full/mixed/tcn/seed_101/bandpass_n20005_cRA_V2_V5_covariance_s10.npz,76330,dd57c696b3a600577a97c695b6282d95cd4a0c7846510bfa57da7dab34c365d2
tcn,mixed,101,bandpass_n20005_cRA_V2_V5_covariance_s5,phase2/results/predictions/full/mixed/tcn/seed_101/bandpass_n20005_cRA_V2_V5_covariance_s5.npz,76162,17065d7613c7e60f8f5a5bb76181d84488dbc1d406cc6d11c2629c4215e8c59e
tcn,mixed,101,bandpass_n20005_cRA_V2_V5_covariance_s0,phase2/results/predictions/full/mixed/tcn/seed_101/bandpass_n20005_cRA_V2_V5_covariance_s0.npz,75827,4c84d5df80f4a0235590cd8f8f30c8417197b49ed61772c0309308a11ba19bd9
tcn,mixed,101,bandpass_n20005_cLA_V3_V6_independent_rms_s20,phase2/results/predictions/full/mixed/tcn/seed_101/bandpass_n20005_cLA_V3_V6_independent_rms_s20.npz,76397,7cd2e16dc15b002c0c6b71028c2c93ada8a95315af017e67d7e71cdba9c88e64
tcn,mixed,101,bandpass_n20005_cLA_V3_V6_independent_rms_s15,phase2/results/predictions/full/mixed/tcn/seed_101/bandpass_n20005_cLA_V3_V6_independent_rms_s15.npz,76422,6b8a4adb215658ceb92e78bdc44bbc9aff7246b463c2c676676c5bf318e9e506
tcn,mixed,101,bandpass_n20005_cLA_V3_V6_independent_rms_s10,phase2/results/predictions/full/mixed/tcn/seed_101/bandpass_n20005_cLA_V3_V6_independent_rms_s10.npz,76389,f64d3e6642773ff4d5a05b0ea0d1786dda1dcd10d81018832ea65620773ca1ef
tcn,mixed,101,bandpass_n20005_cLA_V3_V6_independent_rms_s5,phase2/results/predictions/full/mixed/tcn/seed_101/bandpass_n20005_cLA_V3_V6_independent_rms_s5.npz,76300,405da1a0f4b40e503b7c0c8adc659a9745631f3329a87fbc05c047ffd7d653d5
tcn,mixed,101,bandpass_n20005_cLA_V3_V6_independent_rms_s0,phase2/results/predictions/full/mixed/tcn/seed_101/bandpass_n20005_cLA_V3_V6_independent_rms_s0.npz,76041,9fa8f0e00d66153f30bb1bd83779e75c5c02486c0f1f7d49ab1f37aebd3daaa1
tcn,mixed,101,bandpass_n20005_cLA_V3_V6_electrode_s20,phase2/results/predictions/full/mixed/tcn/seed_101/bandpass_n20005_cLA_V3_V6_electrode_s20.npz,76391,bd6b09a660ce7b45d0c6fa5992fdb6f4d94ea60a7dfa4b64f5fc61f1cd376844
tcn,mixed,101,bandpass_n20005_cLA_V3_V6_electrode_s15,phase2/results/predictions/full/mixed/tcn/seed_101/bandpass_n20005_cLA_V3_V6_electrode_s15.npz,76365,606936c4026fa59cc913156a5accad448a4d77fb2d08082697bd17bef86e0357
tcn,mixed,101,bandpass_n20005_cLA_V3_V6_electrode_s10,phase2/results/predictions/full/mixed/tcn/seed_101/bandpass_n20005_cLA_V3_V6_electrode_s10.npz,76339,0daed8c51bb84b217726738d05a47e7672a7f4e023c33ce942569b42c8b4913f
tcn,mixed,101,bandpass_n20005_cLA_V3_V6_electrode_s5,phase2/results/predictions/full/mixed/tcn/seed_101/bandpass_n20005_cLA_V3_V6_electrode_s5.npz,76180,c7232aa70583b32fe1b17407692350755f255abd41d44cddbb26d6068eebb05a
tcn,mixed,101,bandpass_n20005_cLA_V3_V6_electrode_s0,phase2/results/predictions/full/mixed/tcn/seed_101/bandpass_n20005_cLA_V3_V6_electrode_s0.npz,75851,7c8a56497899271202da80bcd03a195e1f1afc254b1c34b26e4fc7425d93e17a
tcn,mixed,101,bandpass_n20005_cLA_V3_V6_covariance_s20,phase2/results/predictions/full/mixed/tcn/seed_101/bandpass_n20005_cLA_V3_V6_covariance_s20.npz,76375,9b5aa0b664696232608597fc2fc5a8805b6ecd54458bf60f83b8db8ea1ee6bd7
tcn,mixed,101,bandpass_n20005_cLA_V3_V6_covariance_s15,phase2/results/predictions/full/mixed/tcn/seed_101/bandpass_n20005_cLA_V3_V6_covariance_s15.npz,76375,f4cb756c5621e8be2d03e484982dd4b2a91e6f08c64ff722a44607a185fdd09b
tcn,mixed,101,bandpass_n20005_cLA_V3_V6_covariance_s10,phase2/results/predictions/full/mixed/tcn/seed_101/bandpass_n20005_cLA_V3_V6_covariance_s10.npz,76327,c9396a791453b4508dd40e2f9629ce74dde2cc5e10c3f3259b090af379b61a06
tcn,mixed,101,bandpass_n20005_cLA_V3_V6_covariance_s5,phase2/results/predictions/full/mixed/tcn/seed_101/bandpass_n20005_cLA_V3_V6_covariance_s5.npz,76160,736ac7697695ea0c8005dd82bd4504f039fa2638b31fe207a4ec05653b5ca308
tcn,mixed,101,bandpass_n20005_cLA_V3_V6_covariance_s0,phase2/results/predictions/full/mixed/tcn/seed_101/bandpass_n20005_cLA_V3_V6_covariance_s0.npz,75865,4ea79c5f884db9f99e5e9ff6cc04eacd65beade6867ddd21c6c4fa7e5371b3c7
tcn,mixed,101,bandpass_n20005_cLL_V1_V4_independent_rms_s20,phase2/results/predictions/full/mixed/tcn/seed_101/bandpass_n20005_cLL_V1_V4_independent_rms_s20.npz,76391,7cf123a31decc7af8f2725fa4e541f29ea4f32495d2a02edb4a8347ea8956f15
tcn,mixed,101,bandpass_n20005_cLL_V1_V4_independent_rms_s15,phase2/results/predictions/full/mixed/tcn/seed_101/bandpass_n20005_cLL_V1_V4_independent_rms_s15.npz,76378,f670784d78bc3f4771bc94328ddec9d4fb2db6d89973dd8662b9412151902ab2
tcn,mixed,101,bandpass_n20005_cLL_V1_V4_independent_rms_s10,phase2/results/predictions/full/mixed/tcn/seed_101/bandpass_n20005_cLL_V1_V4_independent_rms_s10.npz,76356,93d936d87d14878349b6bdfcf5cd9ba3ca7472eaa810f0ed5fce1e74a547ad92
tcn,mixed,101,bandpass_n20005_cLL_V1_V4_independent_rms_s5,phase2/results/predictions/full/mixed/tcn/seed_101/bandpass_n20005_cLL_V1_V4_independent_rms_s5.npz,76259,d40d1c425c000dbbb24285d4fad63e307cf4d60c120d708227a036d66033e799
tcn,mixed,101,bandpass_n20005_cLL_V1_V4_independent_rms_s0,phase2/results/predictions/full/mixed/tcn/seed_101/bandpass_n20005_cLL_V1_V4_independent_rms_s0.npz,75964,8d4d11af78b0d3a65cbc351ea8d6c20d17623363233fb6f1ad4111187896cf4f
tcn,mixed,101,bandpass_n20005_cLL_V1_V4_electrode_s20,phase2/results/predictions/full/mixed/tcn/seed_101/bandpass_n20005_cLL_V1_V4_electrode_s20.npz,76357,8b862811018a979345fb8815755b17a9a0f1f6115d55eeaaca1588647045bb8f
tcn,mixed,101,bandpass_n20005_cLL_V1_V4_electrode_s15,phase2/results/predictions/full/mixed/tcn/seed_101/bandpass_n20005_cLL_V1_V4_electrode_s15.npz,76366,3cb21f3db542ed5ce21459f5c82e910af818a25ee02845cfcd0a0e117dadd8a5
tcn,mixed,101,bandpass_n20005_cLL_V1_V4_electrode_s10,phase2/results/predictions/full/mixed/tcn/seed_101/bandpass_n20005_cLL_V1_V4_electrode_s10.npz,76331,00f9a031780a935ee5785559330319c3190903e4ec74cebcc1edb31a5f351106
tcn,mixed,101,bandpass_n20005_cLL_V1_V4_electrode_s5,phase2/results/predictions/full/mixed/tcn/seed_101/bandpass_n20005_cLL_V1_V4_electrode_s5.npz,76212,ad0c180c97b3a8a8a7849574c51ebcf527c604713d509f4e4c0d2483af3bef3b
tcn,mixed,101,bandpass_n20005_cLL_V1_V4_electrode_s0,phase2/results/predictions/full/mixed/tcn/seed_101/bandpass_n20005_cLL_V1_V4_electrode_s0.npz,75886,a3b5207e56b7aa211d6b45a411f5f0420b868cb2daaabe8c2bcba83bb0449df3
tcn,mixed,101,bandpass_n20005_cLL_V1_V4_covariance_s20,phase2/results/predictions/full/mixed/tcn/seed_101/bandpass_n20005_cLL_V1_V4_covariance_s20.npz,76380,1b0ab55c38b4667909a4bcaf024363a63f6260dde9030d44a9307d610539855f
tcn,mixed,101,bandpass_n20005_cLL_V1_V4_covariance_s15,phase2/results/predictions/full/mixed/tcn/seed_101/bandpass_n20005_cLL_V1_V4_covariance_s15.npz,76378,77eaf0eb9e8cb88438c2a301e0b48199d36940c06e0968b25d9d603b1b008d44
tcn,mixed,101,bandpass_n20005_cLL_V1_V4_covariance_s10,phase2/results/predictions/full/mixed/tcn/seed_101/bandpass_n20005_cLL_V1_V4_covariance_s10.npz,76348,581295278506766a07407b06d621c24f72120be5e14b9a8b81479859677896d6
tcn,mixed,101,bandpass_n20005_cLL_V1_V4_covariance_s5,phase2/results/predictions/full/mixed/tcn/seed_101/bandpass_n20005_cLL_V1_V4_covariance_s5.npz,76206,b3e6103d32a63008cf70b1115c0f4b2175e83eb28029bc0cabf13d581d9a62fa
tcn,mixed,101,bandpass_n20005_cLL_V1_V4_covariance_s0,phase2/results/predictions/full/mixed/tcn/seed_101/bandpass_n20005_cLL_V1_V4_covariance_s0.npz,75883,806e67b24fa84ba5611ae2f9c2bb35891947ae6fcb58dc599734e41bdedb31ac
tcn,mixed,101,bandpass_n20005_call_independent_rms_s20,phase2/results/predictions/full/mixed/tcn/seed_101/bandpass_n20005_call_independent_rms_s20.npz,76382,a9bb8589b9a9fdeb52678863f9d680cf1a0755899b9928438ceca52f9f27681c
tcn,mixed,101,bandpass_n20005_call_independent_rms_s15,phase2/results/predictions/full/mixed/tcn/seed_101/bandpass_n20005_call_independent_rms_s15.npz,76356,c08006d8a3c6e2c05e66db073edf14d33eb92ef96934222d0ea12265a45e5649
tcn,mixed,101,bandpass_n20005_call_independent_rms_s10,phase2/results/predictions/full/mixed/tcn/seed_101/bandpass_n20005_call_independent_rms_s10.npz,76360,cd486410906df5070f64d1337f223da38e762f2c4e299b9c7db130eae42e65c5
tcn,mixed,101,bandpass_n20005_call_independent_rms_s5,phase2/results/predictions/full/mixed/tcn/seed_101/bandpass_n20005_call_independent_rms_s5.npz,76240,bc35c4c3ce1cf180fa8dde6c14c4365bf19d57a50de51e28866d6e43ca994015
tcn,mixed,101,bandpass_n20005_call_independent_rms_s0,phase2/results/predictions/full/mixed/tcn/seed_101/bandpass_n20005_call_independent_rms_s0.npz,75985,bb0f219e6de31e71ee9b5c992f26e498cd59a134e2ef9fe18223a95402d1078f
tcn,mixed,101,bandpass_n20005_call_electrode_s20,phase2/results/predictions/full/mixed/tcn/seed_101/bandpass_n20005_call_electrode_s20.npz,76390,76f74790410a83a7a5005194accf46519f2144f1ec87ef0b4e22492e4f9b0646
tcn,mixed,101,bandpass_n20005_call_electrode_s15,phase2/results/predictions/full/mixed/tcn/seed_101/bandpass_n20005_call_electrode_s15.npz,76327,cc1613f5b23967d1e8add02fa997cb876695a900d485d84a2db5a18492b0250a
tcn,mixed,101,bandpass_n20005_call_electrode_s10,phase2/results/predictions/full/mixed/tcn/seed_101/bandpass_n20005_call_electrode_s10.npz,76320,6a6375844025851e506d6de52ce8a6517472794420c9cb02d1907eeec9c91bca
tcn,mixed,101,bandpass_n20005_call_electrode_s5,phase2/results/predictions/full/mixed/tcn/seed_101/bandpass_n20005_call_electrode_s5.npz,76152,6d56b04b85460028e2619dea897f2bac2e17c6fc0657452bd56696f66367a68a
tcn,mixed,101,bandpass_n20005_call_electrode_s0,phase2/results/predictions/full/mixed/tcn/seed_101/bandpass_n20005_call_electrode_s0.npz,75783,4046ff608a20e8483d4835282c26c6e03f9c0fcbd51cdb6a9b871b28095e0fc3
tcn,mixed,101,bandpass_n20005_call_covariance_s20,phase2/results/predictions/full/mixed/tcn/seed_101/bandpass_n20005_call_covariance_s20.npz,76332,07a22b5ffd4b582e9ad04b572ea9b4339e1c315a337adf793ee3eb69dabddbca
tcn,mixed,101,bandpass_n20005_call_covariance_s15,phase2/results/predictions/full/mixed/tcn/seed_101/bandpass_n20005_call_covariance_s15.npz,76357,098e40c452184772f3ccb7841b74152a1c841d8031bb22da6632bccb4907a4e7
tcn,mixed,101,bandpass_n20005_call_covariance_s10,phase2/results/predictions/full/mixed/tcn/seed_101/bandpass_n20005_call_covariance_s10.npz,76324,30e6715c895e6d6a7f3a2b8311e39cfcb316d4c74e9cba66102c0be68f127924
tcn,mixed,101,bandpass_n20005_call_covariance_s5,phase2/results/predictions/full/mixed/tcn/seed_101/bandpass_n20005_call_covariance_s5.npz,76146,668ad14defd7e56f131e0572a33db08ad09ef668542cf3d33f2ba2e6e5912f7e
tcn,mixed,101,bandpass_n20005_call_covariance_s0,phase2/results/predictions/full/mixed/tcn/seed_101/bandpass_n20005_call_covariance_s0.npz,75813,667a9d3fc18d13499a394612f7295fdb20e92616b106e946fe31ec822ee27ea6
tcn,mixed,101,bw_n20001_call_independent_rms_s20,phase2/results/predictions/full/mixed/tcn/seed_101/bw_n20001_call_independent_rms_s20.npz,76376,8ca05a0df3b7265040d61e3a1e09d60a0a5d03f69360712ba20f1d266783d0f8
tcn,mixed,101,bw_n20001_call_independent_rms_s10,phase2/results/predictions/full/mixed/tcn/seed_101/bw_n20001_call_independent_rms_s10.npz,76314,d6bae5b64ff52abbbfb710c414c6c5720bebf3aaa35db461b4bdd8f1ab613dd9
tcn,mixed,101,bw_n20001_call_independent_rms_s0,phase2/results/predictions/full/mixed/tcn/seed_101/bw_n20001_call_independent_rms_s0.npz,76084,14ba8fd368759596cf78505f5b523f1c6f0b960e606a4681502741d74379600c
tcn,mixed,101,bw_n20001_call_electrode_s20,phase2/results/predictions/full/mixed/tcn/seed_101/bw_n20001_call_electrode_s20.npz,76331,66c91aabba49798b62da8140f7831e20bdef47972a60504f077737c83af4fbfd
tcn,mixed,101,bw_n20001_call_electrode_s10,phase2/results/predictions/full/mixed/tcn/seed_101/bw_n20001_call_electrode_s10.npz,76304,f37a51a4f0773a2dd19a931748c37313b442f12412dfe7b933ec66cba1602f9d
tcn,mixed,101,bw_n20001_call_electrode_s0,phase2/results/predictions/full/mixed/tcn/seed_101/bw_n20001_call_electrode_s0.npz,76022,848c6be2cf7257c7b1ebf2195b5663b99b1a808233f12d3de0492a99e26acda4
tcn,mixed,101,bw_n20001_call_covariance_s20,phase2/results/predictions/full/mixed/tcn/seed_101/bw_n20001_call_covariance_s20.npz,76326,02edbbcf46947fb00bbe6bcd5380d2e2d64bddf81a56c601ed38e68154df74a5
tcn,mixed,101,bw_n20001_call_covariance_s10,phase2/results/predictions/full/mixed/tcn/seed_101/bw_n20001_call_covariance_s10.npz,76313,3851f1b41f82ecf78938ed050bfb72265c75c578e93dd207eab88b2777fef5c9
tcn,mixed,101,bw_n20001_call_covariance_s0,phase2/results/predictions/full/mixed/tcn/seed_101/bw_n20001_call_covariance_s0.npz,76023,c188fc523e59c011abe1c709f9b2881e86fb04c4e71b9f8808624cf4c86e521c
tcn,mixed,101,bw_n20002_call_independent_rms_s20,phase2/results/predictions/full/mixed/tcn/seed_101/bw_n20002_call_independent_rms_s20.npz,76366,aa91d89c45bb2b6a5c020b61c7da0ff9c37461a59c581977ee9317deef705abe
tcn,mixed,101,bw_n20002_call_independent_rms_s10,phase2/results/predictions/full/mixed/tcn/seed_101/bw_n20002_call_independent_rms_s10.npz,76328,ae448450fb24a2b609742a12f3e391d5ab0d71b044c7dc73d24c3359f309fc68
tcn,mixed,101,bw_n20002_call_independent_rms_s0,phase2/results/predictions/full/mixed/tcn/seed_101/bw_n20002_call_independent_rms_s0.npz,76084,60a3ebdc9f2e47516d77f94123202b407b6ecc33626f16ffcdfc5912790ffcab
tcn,mixed,101,bw_n20002_call_electrode_s20,phase2/results/predictions/full/mixed/tcn/seed_101/bw_n20002_call_electrode_s20.npz,76338,549bde2b4fe04dc84c2b0ef6939719cc35f006c547cf2e56a0f5b7eaa621d8c1
tcn,mixed,101,bw_n20002_call_electrode_s10,phase2/results/predictions/full/mixed/tcn/seed_101/bw_n20002_call_electrode_s10.npz,76308,ff436015af2a94f1e870fa7efc4ac1a88080b96d16162334d5b3e1647f4980cb
tcn,mixed,101,bw_n20002_call_electrode_s0,phase2/results/predictions/full/mixed/tcn/seed_101/bw_n20002_call_electrode_s0.npz,76037,8f3b03c57d06934bd68a473ad34e4a2cc89971b01c5696b30fe7591eca3c88af
tcn,mixed,101,bw_n20002_call_covariance_s20,phase2/results/predictions/full/mixed/tcn/seed_101/bw_n20002_call_covariance_s20.npz,76290,15728797d18bb9b1a82a5f305fe01b9892d99d820dc74659cc53e84bedbada82
tcn,mixed,101,bw_n20002_call_covariance_s10,phase2/results/predictions/full/mixed/tcn/seed_101/bw_n20002_call_covariance_s10.npz,76306,e3e02aba6c96cc4aa85d13b2653253657d98f53bde5ffb5db31449660edd5e85
tcn,mixed,101,bw_n20002_call_covariance_s0,phase2/results/predictions/full/mixed/tcn/seed_101/bw_n20002_call_covariance_s0.npz,76046,861847455d9dcffa5bddc87598ba203ee10b5b64809cc8c33d98a504e6904359
tcn,mixed,101,bw_n20003_call_independent_rms_s20,phase2/results/predictions/full/mixed/tcn/seed_101/bw_n20003_call_independent_rms_s20.npz,76382,dac78d8ea0a6f01900fc386691c0ec5ddfb589fd5901e7869c70b46f7b3232dd
tcn,mixed,101,bw_n20003_call_independent_rms_s10,phase2/results/predictions/full/mixed/tcn/seed_101/bw_n20003_call_independent_rms_s10.npz,76352,dc925fc1ab6ae5759e45839b599b0ef162c22d30583da700554028473abb038b
tcn,mixed,101,bw_n20003_call_independent_rms_s0,phase2/results/predictions/full/mixed/tcn/seed_101/bw_n20003_call_independent_rms_s0.npz,76119,ec4171d9e354f1a2dd0a0038cf7092c26b3fd0b00ffdc538d91e0ab4d56b3fe1
tcn,mixed,101,bw_n20003_call_electrode_s20,phase2/results/predictions/full/mixed/tcn/seed_101/bw_n20003_call_electrode_s20.npz,76336,cd1515e0e93b9f7ecf87418dd91878d936760957496c49310012d4b62a297475
tcn,mixed,101,bw_n20003_call_electrode_s10,phase2/results/predictions/full/mixed/tcn/seed_101/bw_n20003_call_electrode_s10.npz,76306,93856a2f3ec398929376a5d0705cf8ccc2157caf13c41077faa30c45f5874601
tcn,mixed,101,bw_n20003_call_electrode_s0,phase2/results/predictions/full/mixed/tcn/seed_101/bw_n20003_call_electrode_s0.npz,76038,e3fd8c600d5035d2ec3760aa759a679912c9000a50f8c76283361def489d587a
tcn,mixed,101,bw_n20003_call_covariance_s20,phase2/results/predictions/full/mixed/tcn/seed_101/bw_n20003_call_covariance_s20.npz,76329,dc78248c2b7bf2207842ffa9539e6553e5711223e8752b82fd51b5b36b7eb9df
tcn,mixed,101,bw_n20003_call_covariance_s10,phase2/results/predictions/full/mixed/tcn/seed_101/bw_n20003_call_covariance_s10.npz,76335,7b1860a66a2e09a58122411eae260aa157aefa892ad654ff23f12cee48d8c7ad
tcn,mixed,101,bw_n20003_call_covariance_s0,phase2/results/predictions/full/mixed/tcn/seed_101/bw_n20003_call_covariance_s0.npz,76058,3c15b2d8991d8ebc3035ba7e3d50eccf08ad4305fc0aa681ff77b5420f1b6a9f
tcn,mixed,101,bw_n20004_call_independent_rms_s20,phase2/results/predictions/full/mixed/tcn/seed_101/bw_n20004_call_independent_rms_s20.npz,76340,3a7881fae67dc2bc6f2787edfd94ad3dacdc4f322e55b0e87bda20868daa607d
tcn,mixed,101,bw_n20004_call_independent_rms_s10,phase2/results/predictions/full/mixed/tcn/seed_101/bw_n20004_call_independent_rms_s10.npz,76325,885c3f514d71addae433301417f836e15f73b0c610207a5dbf634f7f50ae7393
tcn,mixed,101,bw_n20004_call_independent_rms_s0,phase2/results/predictions/full/mixed/tcn/seed_101/bw_n20004_call_independent_rms_s0.npz,76113,89dc4dd52bc20c28491af9619807bd7f853e889f70ee4fd6abfe774d8de58cf2
tcn,mixed,101,bw_n20004_call_electrode_s20,phase2/results/predictions/full/mixed/tcn/seed_101/bw_n20004_call_electrode_s20.npz,76321,74c90591a99526009c7f61527f798beb88571e224a4b65a7341d01e7a74e51b8
tcn,mixed,101,bw_n20004_call_electrode_s10,phase2/results/predictions/full/mixed/tcn/seed_101/bw_n20004_call_electrode_s10.npz,76328,a08f844b03342070952ab84c3d4c7300b8f030f9de5742afc2c470611dfdf1c3
tcn,mixed,101,bw_n20004_call_electrode_s0,phase2/results/predictions/full/mixed/tcn/seed_101/bw_n20004_call_electrode_s0.npz,76052,a56ebb743b199958a2efad956f370a114d0e1fb080e858e1d1c53ed884f5e4af
tcn,mixed,101,bw_n20004_call_covariance_s20,phase2/results/predictions/full/mixed/tcn/seed_101/bw_n20004_call_covariance_s20.npz,76309,fb168cae048c1b50a0b26a681a8b8082030fd56e6e8fccd302f3a25afdb87e06
tcn,mixed,101,bw_n20004_call_covariance_s10,phase2/results/predictions/full/mixed/tcn/seed_101/bw_n20004_call_covariance_s10.npz,76304,9fdb69b50fcf98e949dab0fa479355b7b25b19b25eb304c1e051dcd200ffe3b7
tcn,mixed,101,bw_n20004_call_covariance_s0,phase2/results/predictions/full/mixed/tcn/seed_101/bw_n20004_call_covariance_s0.npz,76032,1780e75b1c84af7c860627006240fed778d92ef70e05a9b51d282554405d144a
tcn,mixed,101,bw_n20005_call_independent_rms_s20,phase2/results/predictions/full/mixed/tcn/seed_101/bw_n20005_call_independent_rms_s20.npz,76404,96fe544042633ff3f81ba5a750336728c80c338236c58733257a906f3628a7e3
tcn,mixed,101,bw_n20005_call_independent_rms_s10,phase2/results/predictions/full/mixed/tcn/seed_101/bw_n20005_call_independent_rms_s10.npz,76317,44785471e58d926ca7afc52029cd27e63058d4061d40fe313966e588e78ec5a1
tcn,mixed,101,bw_n20005_call_independent_rms_s0,phase2/results/predictions/full/mixed/tcn/seed_101/bw_n20005_call_independent_rms_s0.npz,76073,0f2c05f0c57e106a851197776c954370d1d85b0dcf359ba0bbad00b4e017a868
tcn,mixed,101,bw_n20005_call_electrode_s20,phase2/results/predictions/full/mixed/tcn/seed_101/bw_n20005_call_electrode_s20.npz,76322,8315520df81c916e8685174269bd3bd0002286456bf301a05ecc0099368e9853
tcn,mixed,101,bw_n20005_call_electrode_s10,phase2/results/predictions/full/mixed/tcn/seed_101/bw_n20005_call_electrode_s10.npz,76306,68fcf260995a5cd8a2a4ce2907f4d669883cc38875dbcfcedc6536f8880359ea
tcn,mixed,101,bw_n20005_call_electrode_s0,phase2/results/predictions/full/mixed/tcn/seed_101/bw_n20005_call_electrode_s0.npz,76016,fbb7c8f4a839a96c7b921bac3be0e984d9d847caa95b4efb4e08b31edccc517f
tcn,mixed,101,bw_n20005_call_covariance_s20,phase2/results/predictions/full/mixed/tcn/seed_101/bw_n20005_call_covariance_s20.npz,76334,f2cb89d26a814cb804b60949be1ea44c1f6cd29bf4c1889cdada1c2b7ea7eff4
tcn,mixed,101,bw_n20005_call_covariance_s10,phase2/results/predictions/full/mixed/tcn/seed_101/bw_n20005_call_covariance_s10.npz,76274,e825236da8e39d5bdef148490819e2293f87b6853cca92c5058b998ce70728e5
tcn,mixed,101,bw_n20005_call_covariance_s0,phase2/results/predictions/full/mixed/tcn/seed_101/bw_n20005_call_covariance_s0.npz,76057,13c68d25749384981f3d08f15089d55cc3dcc56b6a0601cb97bfa109a69ab741
tcn,mixed,101,ma_n20001_call_independent_rms_s20,phase2/results/predictions/full/mixed/tcn/seed_101/ma_n20001_call_independent_rms_s20.npz,76349,ec7e47ba27c6fa067613a437e6bdece7cb6e94eac26ef82f2b2ea1c8ce69b6c7
tcn,mixed,101,ma_n20001_call_independent_rms_s10,phase2/results/predictions/full/mixed/tcn/seed_101/ma_n20001_call_independent_rms_s10.npz,76359,103330a2e0e4ab1161928a395cc321ada2a51f69a5e9fec9f2baa7956eb87a6d
tcn,mixed,101,ma_n20001_call_independent_rms_s0,phase2/results/predictions/full/mixed/tcn/seed_101/ma_n20001_call_independent_rms_s0.npz,76065,10b96c390270571367e58e7de25dc8ee49b7eb68792ebdebf9763d6deaa12953
tcn,mixed,101,ma_n20001_call_electrode_s20,phase2/results/predictions/full/mixed/tcn/seed_101/ma_n20001_call_electrode_s20.npz,76315,6f271e555d19d59a397bd1e60d818d0e546cb8b0cef06a14b0ce388c31a68d27
tcn,mixed,101,ma_n20001_call_electrode_s10,phase2/results/predictions/full/mixed/tcn/seed_101/ma_n20001_call_electrode_s10.npz,76268,93dc3261ed297f7fc1169a5c6ce3d84aa4e4b100482e02c74c1b8052ae611602
tcn,mixed,101,ma_n20001_call_electrode_s0,phase2/results/predictions/full/mixed/tcn/seed_101/ma_n20001_call_electrode_s0.npz,76016,79590e260ac4a491ce9de4c95bfea752805370b263be1c7b20478c9691eafff1
tcn,mixed,101,ma_n20001_call_covariance_s20,phase2/results/predictions/full/mixed/tcn/seed_101/ma_n20001_call_covariance_s20.npz,76342,ed1a6195ddc881e0ba7698f77cdfa33fc8c06f8a28202c5979246169259424c7
tcn,mixed,101,ma_n20001_call_covariance_s10,phase2/results/predictions/full/mixed/tcn/seed_101/ma_n20001_call_covariance_s10.npz,76301,09cfa418805ad5dcb95233a793edefe339d01556fd5fde8d0b666a36699acd9c
tcn,mixed,101,ma_n20001_call_covariance_s0,phase2/results/predictions/full/mixed/tcn/seed_101/ma_n20001_call_covariance_s0.npz,76047,8ec229870fbb91802c661b5db071dd1339ae629cca86b64bc2c39b1439b92c63
tcn,mixed,101,ma_n20002_call_independent_rms_s20,phase2/results/predictions/full/mixed/tcn/seed_101/ma_n20002_call_independent_rms_s20.npz,76353,d37b1ccdc17450766d94d68fae870f2ba546596563bcdae8ab8316d8ebabe077
tcn,mixed,101,ma_n20002_call_independent_rms_s10,phase2/results/predictions/full/mixed/tcn/seed_101/ma_n20002_call_independent_rms_s10.npz,76302,75eb8be3b126d990ef81cd0d42d54ed49acff3dbb22dcb84c31de193282f178a
tcn,mixed,101,ma_n20002_call_independent_rms_s0,phase2/results/predictions/full/mixed/tcn/seed_101/ma_n20002_call_independent_rms_s0.npz,76095,9ac116a82e27048c4cd08656fd5ef3e82ceaffe152de6ab52cdbb80caab46e08
tcn,mixed,101,ma_n20002_call_electrode_s20,phase2/results/predictions/full/mixed/tcn/seed_101/ma_n20002_call_electrode_s20.npz,76316,3159ff6e2ff32c5c23851cb1006fa8e8702f4162ca488a895d9148437ac26bf7
tcn,mixed,101,ma_n20002_call_electrode_s10,phase2/results/predictions/full/mixed/tcn/seed_101/ma_n20002_call_electrode_s10.npz,76311,a99d2f26990206b5fd64743a80da3bdcf8e9a2fda7a80463b0c3717784c6b578
tcn,mixed,101,ma_n20002_call_electrode_s0,phase2/results/predictions/full/mixed/tcn/seed_101/ma_n20002_call_electrode_s0.npz,76015,4b78002a51427e31c3a9d8c464ddaa62134c210f6f034abc8955bcf32ae9183e
tcn,mixed,101,ma_n20002_call_covariance_s20,phase2/results/predictions/full/mixed/tcn/seed_101/ma_n20002_call_covariance_s20.npz,76329,6e47cd8374f964a0e2c75b59c417efb34b49ea3f728be681ea40f41e23d0f23b
tcn,mixed,101,ma_n20002_call_covariance_s10,phase2/results/predictions/full/mixed/tcn/seed_101/ma_n20002_call_covariance_s10.npz,76307,ba06e92367592713932920614d3a2dd81efcbf9c0eeeee7bb59e2ef282dd8174
tcn,mixed,101,ma_n20002_call_covariance_s0,phase2/results/predictions/full/mixed/tcn/seed_101/ma_n20002_call_covariance_s0.npz,76007,68f4b83a6a3252e0b121bd2f5a387c9cc4800e25ca958356161fe6473ac74125
tcn,mixed,101,ma_n20003_call_independent_rms_s20,phase2/results/predictions/full/mixed/tcn/seed_101/ma_n20003_call_independent_rms_s20.npz,76326,ae36c8d6afaa5bb16902f5deecadfbf37d1908bb4dc3131bcbbe126152bd79c9
tcn,mixed,101,ma_n20003_call_independent_rms_s10,phase2/results/predictions/full/mixed/tcn/seed_101/ma_n20003_call_independent_rms_s10.npz,76344,6660dd67cd776c80689ae804795c79788bb64c5a1bdc9760bf2d3a7d613c4227
tcn,mixed,101,ma_n20003_call_independent_rms_s0,phase2/results/predictions/full/mixed/tcn/seed_101/ma_n20003_call_independent_rms_s0.npz,76082,8aa7a2fe9395df9a43ca18bd6e4577a1acbb46d39035dd782eb91ffa47f6f5ae
tcn,mixed,101,ma_n20003_call_electrode_s20,phase2/results/predictions/full/mixed/tcn/seed_101/ma_n20003_call_electrode_s20.npz,76313,3dde5a895d8f7946be49a425a411973e45a204304df0b1b3078aaea96c04ee58
tcn,mixed,101,ma_n20003_call_electrode_s10,phase2/results/predictions/full/mixed/tcn/seed_101/ma_n20003_call_electrode_s10.npz,76312,ea7ada71b9b497dd825d296081882987d67d91b028be67c61284b422fc8d5fbd
tcn,mixed,101,ma_n20003_call_electrode_s0,phase2/results/predictions/full/mixed/tcn/seed_101/ma_n20003_call_electrode_s0.npz,76008,2fd28065d9e7e5cda32b70dfad635dc6c8fe4c1d11ce4970befa13e8e738a751
tcn,mixed,101,ma_n20003_call_covariance_s20,phase2/results/predictions/full/mixed/tcn/seed_101/ma_n20003_call_covariance_s20.npz,76334,4748de13e6a7ede77df6c32cb2b4795a60cde1f8ec8de3c66a9e12781ca9d585
tcn,mixed,101,ma_n20003_call_covariance_s10,phase2/results/predictions/full/mixed/tcn/seed_101/ma_n20003_call_covariance_s10.npz,76319,f6cc9e448a857992b6af70e38091a2b4453435307b1799097b687133966e9bdd
tcn,mixed,101,ma_n20003_call_covariance_s0,phase2/results/predictions/full/mixed/tcn/seed_101/ma_n20003_call_covariance_s0.npz,76021,bbaf4266f4fceeb93d144baab01febfcf554215d5e4d5b7f65571ba26ffd7cb5
tcn,mixed,101,ma_n20004_call_independent_rms_s20,phase2/results/predictions/full/mixed/tcn/seed_101/ma_n20004_call_independent_rms_s20.npz,76377,72728bf2a50ebd040b8e61a6a528da8d9efce61c2afdeaf9610d512a0eeae489
tcn,mixed,101,ma_n20004_call_independent_rms_s10,phase2/results/predictions/full/mixed/tcn/seed_101/ma_n20004_call_independent_rms_s10.npz,76302,bc2256d1341bf1e5743ebdef6e2f151e92bd790df08706fa6dedfd7167042d9e
tcn,mixed,101,ma_n20004_call_independent_rms_s0,phase2/results/predictions/full/mixed/tcn/seed_101/ma_n20004_call_independent_rms_s0.npz,76106,3c80a311e6ab7e11bef17531ea0d8780349998711bd1ca3307c8fa1ce24d8188
tcn,mixed,101,ma_n20004_call_electrode_s20,phase2/results/predictions/full/mixed/tcn/seed_101/ma_n20004_call_electrode_s20.npz,76349,a1bb1f33e946aa4a3d3cf1160b6c3be0b26bdf23f2f2cac4b8bfa27d1344df33
tcn,mixed,101,ma_n20004_call_electrode_s10,phase2/results/predictions/full/mixed/tcn/seed_101/ma_n20004_call_electrode_s10.npz,76315,b64dcbc8302ca5f456dbc8fc38c7d1fd9683153cc5a010a2883300bfbf3fd847
tcn,mixed,101,ma_n20004_call_electrode_s0,phase2/results/predictions/full/mixed/tcn/seed_101/ma_n20004_call_electrode_s0.npz,76039,b5e2cb27df31b4ef08cb48cc6a4ee792198fa6e29201d80bafa98952b1891591
tcn,mixed,101,ma_n20004_call_covariance_s20,phase2/results/predictions/full/mixed/tcn/seed_101/ma_n20004_call_covariance_s20.npz,76344,858483c73e03351f054a44ec14a175bd9df35f62cc5bb86f7257456d78db656f
tcn,mixed,101,ma_n20004_call_covariance_s10,phase2/results/predictions/full/mixed/tcn/seed_101/ma_n20004_call_covariance_s10.npz,76313,b7e28f49b81992aa851eff7940ef18df0b0462ae5cf48e1c8bbfdfe731a0d536
tcn,mixed,101,ma_n20004_call_covariance_s0,phase2/results/predictions/full/mixed/tcn/seed_101/ma_n20004_call_covariance_s0.npz,76028,90ef02e5d0dfea1ba9fc205c20062491d9e41ad4b6625ad72e7f78924c81f85a
tcn,mixed,101,ma_n20005_call_independent_rms_s20,phase2/results/predictions/full/mixed/tcn/seed_101/ma_n20005_call_independent_rms_s20.npz,76307,deb4ba758a00925c3792b4128fc0f0138a2d299b1a5f8a2110dbfde5532797ad
tcn,mixed,101,ma_n20005_call_independent_rms_s10,phase2/results/predictions/full/mixed/tcn/seed_101/ma_n20005_call_independent_rms_s10.npz,76343,cbbab95fe45da4b640549f661d8571483f660cb021392d5878c59286f1cc72d9
tcn,mixed,101,ma_n20005_call_independent_rms_s0,phase2/results/predictions/full/mixed/tcn/seed_101/ma_n20005_call_independent_rms_s0.npz,76062,6ac9e2c7118699a59a36162f5307780053dd4720ecf2778e71cf8eb68c2c44dd
tcn,mixed,101,ma_n20005_call_electrode_s20,phase2/results/predictions/full/mixed/tcn/seed_101/ma_n20005_call_electrode_s20.npz,76313,fd70f3618c9b0eacdf091734a60b7529ec19556cb529a1f78cfc84e7dbcec980
tcn,mixed,101,ma_n20005_call_electrode_s10,phase2/results/predictions/full/mixed/tcn/seed_101/ma_n20005_call_electrode_s10.npz,76331,10c6a02bad5219c6661345020f4e2560d13507052d92a2ca6ed26ae9ae77e7e5
tcn,mixed,101,ma_n20005_call_electrode_s0,phase2/results/predictions/full/mixed/tcn/seed_101/ma_n20005_call_electrode_s0.npz,75993,6a6d919a7d464726fb2496536b73db604bca265f7f636460797cb5602b4a190d
tcn,mixed,101,ma_n20005_call_covariance_s20,phase2/results/predictions/full/mixed/tcn/seed_101/ma_n20005_call_covariance_s20.npz,76351,56a36d75d70bae6600127a974b5b07c00ada8c7e4db97982d8459cf87fd5a39b
tcn,mixed,101,ma_n20005_call_covariance_s10,phase2/results/predictions/full/mixed/tcn/seed_101/ma_n20005_call_covariance_s10.npz,76321,e22578baff74d5249c358b6ef4ab0084e962e85a891e6b05625d9f679c96d3aa
tcn,mixed,101,ma_n20005_call_covariance_s0,phase2/results/predictions/full/mixed/tcn/seed_101/ma_n20005_call_covariance_s0.npz,76008,f09e95ce9b63af0fa9d9a1a44872acfb006b44f0855006ae8e35053e5d4a586d
tcn,mixed,101,em_n20001_call_independent_rms_s20,phase2/results/predictions/full/mixed/tcn/seed_101/em_n20001_call_independent_rms_s20.npz,76352,e9d6707f99a305332cfe251ce935df3676e34879c0cda930fe2d5732bfceac7c
tcn,mixed,101,em_n20001_call_independent_rms_s10,phase2/results/predictions/full/mixed/tcn/seed_101/em_n20001_call_independent_rms_s10.npz,76336,1c2e570db92ded75aa668cedb36c361528557bd537120c45093d8e6a8ccb2c93
tcn,mixed,101,em_n20001_call_independent_rms_s0,phase2/results/predictions/full/mixed/tcn/seed_101/em_n20001_call_independent_rms_s0.npz,76010,60a3bddabfbbf90afa5cb2b96696533f4237746a5e37223edbbedf8f94f3c566
tcn,mixed,101,em_n20001_call_electrode_s20,phase2/results/predictions/full/mixed/tcn/seed_101/em_n20001_call_electrode_s20.npz,76327,0a3885a038728f454ad1f73846f3bb3652e6727e99d4152401a6725a84d32c4e
tcn,mixed,101,em_n20001_call_electrode_s10,phase2/results/predictions/full/mixed/tcn/seed_101/em_n20001_call_electrode_s10.npz,76320,6402c1f9537cd0a82316d0c4646e06e3cdc8adf78bcc57b91b3b114c742356b8
tcn,mixed,101,em_n20001_call_electrode_s0,phase2/results/predictions/full/mixed/tcn/seed_101/em_n20001_call_electrode_s0.npz,75860,0519f9756437aa6371f696261188336aeab1b84f8a897d6aaf8e9ee7a5b62738
tcn,mixed,101,em_n20001_call_covariance_s20,phase2/results/predictions/full/mixed/tcn/seed_101/em_n20001_call_covariance_s20.npz,76349,b4ea0466be47d70194be092503b8063e0605370db5d45ea9206ff72bf4cf86fb
tcn,mixed,101,em_n20001_call_covariance_s10,phase2/results/predictions/full/mixed/tcn/seed_101/em_n20001_call_covariance_s10.npz,76293,35096edb21a3a9f17ef242b504ed12feb51eba0b90580ac14a9bf40dd823f90b
tcn,mixed,101,em_n20001_call_covariance_s0,phase2/results/predictions/full/mixed/tcn/seed_101/em_n20001_call_covariance_s0.npz,75881,ec2d5212de1c3b630e2fc6e73d6ae537cda67c8586712b5e734931747b9cdae9
tcn,mixed,101,em_n20002_call_independent_rms_s20,phase2/results/predictions/full/mixed/tcn/seed_101/em_n20002_call_independent_rms_s20.npz,76354,04a93828b57350a3b00a2e0bee8e90b1b848fb6c444eb2a5960611c1e08fa003
tcn,mixed,101,em_n20002_call_independent_rms_s10,phase2/results/predictions/full/mixed/tcn/seed_101/em_n20002_call_independent_rms_s10.npz,76320,b75b462fcec3cf5f8ad6baf5d312606255ab63452854a7e169107b55dd75251a
tcn,mixed,101,em_n20002_call_independent_rms_s0,phase2/results/predictions/full/mixed/tcn/seed_101/em_n20002_call_independent_rms_s0.npz,76021,923efdadb57991597df0de1bdedb1d4d07d3eb108c9744bc52e55ba1cb54b389
tcn,mixed,101,em_n20002_call_electrode_s20,phase2/results/predictions/full/mixed/tcn/seed_101/em_n20002_call_electrode_s20.npz,76332,bd999ae6ff7ec31ddfe27dc4641a80394af3894263a9f9da2d714122f063c9a8
tcn,mixed,101,em_n20002_call_electrode_s10,phase2/results/predictions/full/mixed/tcn/seed_101/em_n20002_call_electrode_s10.npz,76305,d63bf33150ae2c14961843141875d173dddb5eee304afa4dcd180899dffbe19a
tcn,mixed,101,em_n20002_call_electrode_s0,phase2/results/predictions/full/mixed/tcn/seed_101/em_n20002_call_electrode_s0.npz,75868,06e42d9bc0908592a8c89bb7f6d48419c55d0b1764a76332da32d31812d15bd7
tcn,mixed,101,em_n20002_call_covariance_s20,phase2/results/predictions/full/mixed/tcn/seed_101/em_n20002_call_covariance_s20.npz,76342,75934f92c929848687b1c62e292b578dd49d108e8201b6a2f150927a1f4a4af4
tcn,mixed,101,em_n20002_call_covariance_s10,phase2/results/predictions/full/mixed/tcn/seed_101/em_n20002_call_covariance_s10.npz,76287,2d0cf971c1a2c462745f6c01f05b396ba9a953d4958c5c3b68bb3add2f688ce9
tcn,mixed,101,em_n20002_call_covariance_s0,phase2/results/predictions/full/mixed/tcn/seed_101/em_n20002_call_covariance_s0.npz,75873,c2a12c2b2f818c4fc07de31f98fa551b3b5b2e416e280b42efaf3e1254089532
tcn,mixed,101,em_n20003_call_independent_rms_s20,phase2/results/predictions/full/mixed/tcn/seed_101/em_n20003_call_independent_rms_s20.npz,76346,81f780568e077f80f72f1ff6e0fbf5eeab57c584e9ef2b333a186308844a7b9d
tcn,mixed,101,em_n20003_call_independent_rms_s10,phase2/results/predictions/full/mixed/tcn/seed_101/em_n20003_call_independent_rms_s10.npz,76323,9bffc10fa9dcda6a4ad677b6d03ccec593c40dabc3db458dcb8f6203dfb52c81
tcn,mixed,101,em_n20003_call_independent_rms_s0,phase2/results/predictions/full/mixed/tcn/seed_101/em_n20003_call_independent_rms_s0.npz,76006,f1b49f2c7f7b4afdaa5848e0b9c0baa451c653e118f13a56b6e9cb940ce2372d
tcn,mixed,101,em_n20003_call_electrode_s20,phase2/results/predictions/full/mixed/tcn/seed_101/em_n20003_call_electrode_s20.npz,76341,9fb72abc3c5d3895f0c47aacc41445d3c791916ed205ffff4b04339fd3882741
tcn,mixed,101,em_n20003_call_electrode_s10,phase2/results/predictions/full/mixed/tcn/seed_101/em_n20003_call_electrode_s10.npz,76347,16daecd117036862e4fdb3ea74385d3571b66dc03535608d1f123f2673e290e1
tcn,mixed,101,em_n20003_call_electrode_s0,phase2/results/predictions/full/mixed/tcn/seed_101/em_n20003_call_electrode_s0.npz,75833,42c4e30dc5eb7e86c594dd7b4f38040b1e8644fb2521c00cd6c678d80d2cc9e8
tcn,mixed,101,em_n20003_call_covariance_s20,phase2/results/predictions/full/mixed/tcn/seed_101/em_n20003_call_covariance_s20.npz,76332,431b357dfd3cd5681f1f9976089fc25ecb09f21f8d30aa658d07c65ba91009a6
tcn,mixed,101,em_n20003_call_covariance_s10,phase2/results/predictions/full/mixed/tcn/seed_101/em_n20003_call_covariance_s10.npz,76290,c31488bd65fe40709222319c08220fa405678adeb913a473e1ea28d21f2d5c01
tcn,mixed,101,em_n20003_call_covariance_s0,phase2/results/predictions/full/mixed/tcn/seed_101/em_n20003_call_covariance_s0.npz,75878,676e02fa8c74aaaf7cb03bd24e63730746e597d0db0ac0ba4d6982ce22034b60
tcn,mixed,101,em_n20004_call_independent_rms_s20,phase2/results/predictions/full/mixed/tcn/seed_101/em_n20004_call_independent_rms_s20.npz,76361,1e289b5363ce5d8443b96638a664300566d12a1e5e2825a2cd0d958b2442ed38
tcn,mixed,101,em_n20004_call_independent_rms_s10,phase2/results/predictions/full/mixed/tcn/seed_101/em_n20004_call_independent_rms_s10.npz,76294,004df64f71900738110dbc7795ef23ddf5bf6a7518c2c61b3b1a2dbfbf14be47
tcn,mixed,101,em_n20004_call_independent_rms_s0,phase2/results/predictions/full/mixed/tcn/seed_101/em_n20004_call_independent_rms_s0.npz,75978,666e778ab22ddfa19f4167e33a221d015cb027a4b416cf291d0dd51a092e7a4c
tcn,mixed,101,em_n20004_call_electrode_s20,phase2/results/predictions/full/mixed/tcn/seed_101/em_n20004_call_electrode_s20.npz,76366,a862c08e3b37ba6c32ebc20eecd078414a25d23d6d89fd1987172286b2b0844d
tcn,mixed,101,em_n20004_call_electrode_s10,phase2/results/predictions/full/mixed/tcn/seed_101/em_n20004_call_electrode_s10.npz,76297,63cfabce6823db497af644ac9797af4e917792217aa527bb0c34d40f53575e70
tcn,mixed,101,em_n20004_call_electrode_s0,phase2/results/predictions/full/mixed/tcn/seed_101/em_n20004_call_electrode_s0.npz,75866,0f0202455686b65ad468ac117998bf04b3864d701474c659a5d891d90aa04874
tcn,mixed,101,em_n20004_call_covariance_s20,phase2/results/predictions/full/mixed/tcn/seed_101/em_n20004_call_covariance_s20.npz,76318,99f6829677fb3adf62b27bbe52446dfc46da2f2284a9795dc678b8a224bd09db
tcn,mixed,101,em_n20004_call_covariance_s10,phase2/results/predictions/full/mixed/tcn/seed_101/em_n20004_call_covariance_s10.npz,76323,88efa24b1d1ea66fc9b138939d12f7210e1938713c7c56d24484f435ad026546
tcn,mixed,101,em_n20004_call_covariance_s0,phase2/results/predictions/full/mixed/tcn/seed_101/em_n20004_call_covariance_s0.npz,75860,17a2cb72d298228ee5edcdba7d73fcd04b74cd9e83f99da367c5899d0eeab180
tcn,mixed,101,em_n20005_call_independent_rms_s20,phase2/results/predictions/full/mixed/tcn/seed_101/em_n20005_call_independent_rms_s20.npz,76355,643f88d0cad49702488b90d60dc65c211c67acf6c5f4988b528851767036a1aa
tcn,mixed,101,em_n20005_call_independent_rms_s10,phase2/results/predictions/full/mixed/tcn/seed_101/em_n20005_call_independent_rms_s10.npz,76327,f1a3a691a6b259a0c2849681c40bbbae328ba50e448c752ae515e90411f4b2c1
tcn,mixed,101,em_n20005_call_independent_rms_s0,phase2/results/predictions/full/mixed/tcn/seed_101/em_n20005_call_independent_rms_s0.npz,75990,f6efc03a1d6c86be650e9ac7c10c3ca049abd20c501e46d5bbc2aeda82454dce
tcn,mixed,101,em_n20005_call_electrode_s20,phase2/results/predictions/full/mixed/tcn/seed_101/em_n20005_call_electrode_s20.npz,76313,45b682694e1ef7474bbb4824451b150ee2041f2cca3e699c484308337cb016a0
tcn,mixed,101,em_n20005_call_electrode_s10,phase2/results/predictions/full/mixed/tcn/seed_101/em_n20005_call_electrode_s10.npz,76284,d66188ab9957f2801d87453d7fb639f69540a36db94c88d72ec9e550470e01e9
tcn,mixed,101,em_n20005_call_electrode_s0,phase2/results/predictions/full/mixed/tcn/seed_101/em_n20005_call_electrode_s0.npz,75852,cccc9e9c58b8526612896358cbe2edaaa8fb948a30cbc4898b0edfcba0e22848
tcn,mixed,101,em_n20005_call_covariance_s20,phase2/results/predictions/full/mixed/tcn/seed_101/em_n20005_call_covariance_s20.npz,76334,64579c44533de4ba0dac306262c0ce29c55288587df564e222b825a84ec42535
tcn,mixed,101,em_n20005_call_covariance_s10,phase2/results/predictions/full/mixed/tcn/seed_101/em_n20005_call_covariance_s10.npz,76311,653e4524b64475c1c0a0c8fa553fe00b2d75c5ca2ea6be0b07f764b7850ba7e8
tcn,mixed,101,em_n20005_call_covariance_s0,phase2/results/predictions/full/mixed/tcn/seed_101/em_n20005_call_covariance_s0.npz,75871,f678cac7b67d6d7112cbd8669ac3e1e6fd37ceabbb6d3c7d1e01f0868c77e8bb
tcn,clean_only,202,clean,phase2/results/predictions/full/clean_only/tcn/seed_202/clean.npz,76378,eb87ebf14b7cc8eed3a2abef3600ae90b032e9e3c4e6307276b7dc6b6ebc4f64
tcn,clean_only,202,bandpass_n20001_cRA_LA_LL_independent_rms_s20,phase2/results/predictions/full/clean_only/tcn/seed_202/bandpass_n20001_cRA_LA_LL_independent_rms_s20.npz,76460,2df9c2d7b19f3589207b115902d48890e2b4807a7341ce8a82d646bb41b01a4b
tcn,clean_only,202,bandpass_n20001_cRA_LA_LL_independent_rms_s15,phase2/results/predictions/full/clean_only/tcn/seed_202/bandpass_n20001_cRA_LA_LL_independent_rms_s15.npz,76425,4324e5f9cb019746694c3dca4f479acf7412b2995ec8d0665c00e24730ec5899
tcn,clean_only,202,bandpass_n20001_cRA_LA_LL_independent_rms_s10,phase2/results/predictions/full/clean_only/tcn/seed_202/bandpass_n20001_cRA_LA_LL_independent_rms_s10.npz,76414,5882c0fb89ef4ce0549dc19f5d4c3b1b387371d25ac4bdc1ee9c5efe7f5bfbe5
tcn,clean_only,202,bandpass_n20001_cRA_LA_LL_independent_rms_s5,phase2/results/predictions/full/clean_only/tcn/seed_202/bandpass_n20001_cRA_LA_LL_independent_rms_s5.npz,76208,7167e643297e5e41e3fa1b9853dd3b363e0dba53c11b88bb09a9c1cb7fea759c
tcn,clean_only,202,bandpass_n20001_cRA_LA_LL_independent_rms_s0,phase2/results/predictions/full/clean_only/tcn/seed_202/bandpass_n20001_cRA_LA_LL_independent_rms_s0.npz,75857,987297f3df0f0ae50f61eee4b40b7d137c9f44404f80a916fd5890686b5da5ef
tcn,clean_only,202,bandpass_n20001_cRA_LA_LL_electrode_s20,phase2/results/predictions/full/clean_only/tcn/seed_202/bandpass_n20001_cRA_LA_LL_electrode_s20.npz,76438,e35fd7c4b779833f0d315e2a6fea654bb73677bdd97c4318e73ea3aab3184086
tcn,clean_only,202,bandpass_n20001_cRA_LA_LL_electrode_s15,phase2/results/predictions/full/clean_only/tcn/seed_202/bandpass_n20001_cRA_LA_LL_electrode_s15.npz,76418,32cd92b269d3ae75e30491659a56604924c146d98b924dad9dff23a366f2e6c3
tcn,clean_only,202,bandpass_n20001_cRA_LA_LL_electrode_s10,phase2/results/predictions/full/clean_only/tcn/seed_202/bandpass_n20001_cRA_LA_LL_electrode_s10.npz,76248,a792987acf6480b0fecd0b0303a44ed85740e31d9c6e9a192619764be4e9df72
tcn,clean_only,202,bandpass_n20001_cRA_LA_LL_electrode_s5,phase2/results/predictions/full/clean_only/tcn/seed_202/bandpass_n20001_cRA_LA_LL_electrode_s5.npz,76011,11e88d01e0ca3e1f8bdcacf14ac1852fbdafa9b271c873018cb58819d40e14a6
tcn,clean_only,202,bandpass_n20001_cRA_LA_LL_electrode_s0,phase2/results/predictions/full/clean_only/tcn/seed_202/bandpass_n20001_cRA_LA_LL_electrode_s0.npz,75691,4ff89d9be0bf600381a19c95f893d97acc64566abaf08f4dfc0b61a8ef1c0ad9
tcn,clean_only,202,bandpass_n20001_cRA_LA_LL_covariance_s20,phase2/results/predictions/full/clean_only/tcn/seed_202/bandpass_n20001_cRA_LA_LL_covariance_s20.npz,76441,8ae461e5d077fc5d63220718f69b899af0291b98c5335201882a20459bfee3c2
tcn,clean_only,202,bandpass_n20001_cRA_LA_LL_covariance_s15,phase2/results/predictions/full/clean_only/tcn/seed_202/bandpass_n20001_cRA_LA_LL_covariance_s15.npz,76444,c72840b25c069de975ba50314f01ae694cac2332976f233f2344f312cf4193f8
tcn,clean_only,202,bandpass_n20001_cRA_LA_LL_covariance_s10,phase2/results/predictions/full/clean_only/tcn/seed_202/bandpass_n20001_cRA_LA_LL_covariance_s10.npz,76345,ff1482e3c274069de012cfc8a368353c8ea4ca28d996ed401fd9f931455c6056
tcn,clean_only,202,bandpass_n20001_cRA_LA_LL_covariance_s5,phase2/results/predictions/full/clean_only/tcn/seed_202/bandpass_n20001_cRA_LA_LL_covariance_s5.npz,76012,5667bd1eebd61b326926365d557fd0950aef40ea3d354ee31a07f3b254eace45
tcn,clean_only,202,bandpass_n20001_cRA_LA_LL_covariance_s0,phase2/results/predictions/full/clean_only/tcn/seed_202/bandpass_n20001_cRA_LA_LL_covariance_s0.npz,75687,96de27197350cbc300535416d84e27587dedfe2c49158c9ac94280bca3cef622
tcn,clean_only,202,bandpass_n20001_cV1_independent_rms_s20,phase2/results/predictions/full/clean_only/tcn/seed_202/bandpass_n20001_cV1_independent_rms_s20.npz,76463,8b809d77e9c0213f487ee0d29fd8d4152946f3325335fcb94a647c15281bc915
tcn,clean_only,202,bandpass_n20001_cV1_independent_rms_s15,phase2/results/predictions/full/clean_only/tcn/seed_202/bandpass_n20001_cV1_independent_rms_s15.npz,76420,889936d05b02daf12f0b0fa5df2586e5780183221ce67ebb643fcb717d49bd09
tcn,clean_only,202,bandpass_n20001_cV1_independent_rms_s10,phase2/results/predictions/full/clean_only/tcn/seed_202/bandpass_n20001_cV1_independent_rms_s10.npz,76325,93e10f6f654e14e36cc6956114516daa20fdfd0e321e5ee14ca413e0871f8db5
tcn,clean_only,202,bandpass_n20001_cV1_independent_rms_s5,phase2/results/predictions/full/clean_only/tcn/seed_202/bandpass_n20001_cV1_independent_rms_s5.npz,76098,474e61960d842ccba110698673eaf16a5d63dc684564011fa95f45163b228ef0
tcn,clean_only,202,bandpass_n20001_cV1_independent_rms_s0,phase2/results/predictions/full/clean_only/tcn/seed_202/bandpass_n20001_cV1_independent_rms_s0.npz,75656,b0f06b001beb834f803601173db2b1e2117aa57dcd07ece8c50532b3a4c0b447
tcn,clean_only,202,bandpass_n20001_cV1_electrode_s20,phase2/results/predictions/full/clean_only/tcn/seed_202/bandpass_n20001_cV1_electrode_s20.npz,76417,061827dfd8b5d42dd300bc77e363cca5db63aa3306c822283b0bcb04dd43b145
tcn,clean_only,202,bandpass_n20001_cV1_electrode_s15,phase2/results/predictions/full/clean_only/tcn/seed_202/bandpass_n20001_cV1_electrode_s15.npz,76395,d70b6169a28aeea259d82fb17695719649f5a1f3cf5d2f70fc755e8de00042f0
tcn,clean_only,202,bandpass_n20001_cV1_electrode_s10,phase2/results/predictions/full/clean_only/tcn/seed_202/bandpass_n20001_cV1_electrode_s10.npz,76332,65a5b9fbd45ba1bac724ad887529b4dc319dce0daa51c9b42c5e1cd774f1a0ec
tcn,clean_only,202,bandpass_n20001_cV1_electrode_s5,phase2/results/predictions/full/clean_only/tcn/seed_202/bandpass_n20001_cV1_electrode_s5.npz,76061,587cd0469ceae5a0b0d4a044c1966f7433bf3356c18edd35bf7e1d506063f97e
tcn,clean_only,202,bandpass_n20001_cV1_electrode_s0,phase2/results/predictions/full/clean_only/tcn/seed_202/bandpass_n20001_cV1_electrode_s0.npz,75687,acd2bd50aaee174b8d666c806e6eeaed064437035f1adbc127d89a2e317e9abf
tcn,clean_only,202,bandpass_n20001_cV1_covariance_s20,phase2/results/predictions/full/clean_only/tcn/seed_202/bandpass_n20001_cV1_covariance_s20.npz,76445,71887d06300b8bf7e337f3f0543d6509dd22f7dc23c0e01d6d3e0683490c5ac7
tcn,clean_only,202,bandpass_n20001_cV1_covariance_s15,phase2/results/predictions/full/clean_only/tcn/seed_202/bandpass_n20001_cV1_covariance_s15.npz,76435,2ff140ddbb62e0e070c3a588603905229845a5303b080cbf60f7454d46df05cc
tcn,clean_only,202,bandpass_n20001_cV1_covariance_s10,phase2/results/predictions/full/clean_only/tcn/seed_202/bandpass_n20001_cV1_covariance_s10.npz,76324,eaac66c01191a63693b40509a6030f7777f4f75bb0917eec41b325291f4e6849
tcn,clean_only,202,bandpass_n20001_cV1_covariance_s5,phase2/results/predictions/full/clean_only/tcn/seed_202/bandpass_n20001_cV1_covariance_s5.npz,76096,c47467af0a2cc968988c43a3968fec93c2de9a3d36b731842b7c066abe7ccc1c
tcn,clean_only,202,bandpass_n20001_cV1_covariance_s0,phase2/results/predictions/full/clean_only/tcn/seed_202/bandpass_n20001_cV1_covariance_s0.npz,75658,28fee28c008e4c280abcedd246df328787bc6dcfe0b8d4d1517dc2d0f1456b91
tcn,clean_only,202,bandpass_n20001_cV2_independent_rms_s20,phase2/results/predictions/full/clean_only/tcn/seed_202/bandpass_n20001_cV2_independent_rms_s20.npz,76427,6464684a0e5b6bd6e22889dc716a9f76aafd894c3a7883a705e73ce8ffc0b1b3
tcn,clean_only,202,bandpass_n20001_cV2_independent_rms_s15,phase2/results/predictions/full/clean_only/tcn/seed_202/bandpass_n20001_cV2_independent_rms_s15.npz,76450,36cd448446c49730b59cb924bcf0a67d28e31e1fb3d460a3fe43c51a5a46a934
tcn,clean_only,202,bandpass_n20001_cV2_independent_rms_s10,phase2/results/predictions/full/clean_only/tcn/seed_202/bandpass_n20001_cV2_independent_rms_s10.npz,76364,110403a4d56a99984de8d1c162b62622a0f12c04bf6a9bd3bcabe956d8930cb8
tcn,clean_only,202,bandpass_n20001_cV2_independent_rms_s5,phase2/results/predictions/full/clean_only/tcn/seed_202/bandpass_n20001_cV2_independent_rms_s5.npz,76208,11225f4185d7fd4fbebd4f2663603d755bed37aa42d80eb5a5b4ea9e4261c269
tcn,clean_only,202,bandpass_n20001_cV2_independent_rms_s0,phase2/results/predictions/full/clean_only/tcn/seed_202/bandpass_n20001_cV2_independent_rms_s0.npz,75984,b837175772aed1bf723db49c4e3750eda4600ff82fcb3e1704fa5d4785f415d6
tcn,clean_only,202,bandpass_n20001_cV2_electrode_s20,phase2/results/predictions/full/clean_only/tcn/seed_202/bandpass_n20001_cV2_electrode_s20.npz,76436,66c691e63c7522d0b84d61d18e2143e13faffa5c35a791b474495d9ee8099419
tcn,clean_only,202,bandpass_n20001_cV2_electrode_s15,phase2/results/predictions/full/clean_only/tcn/seed_202/bandpass_n20001_cV2_electrode_s15.npz,76404,a18a0dd25a2230c90135f5859c3a0780f1abfeff356f3db21f8554e8e8ab1fcd
tcn,clean_only,202,bandpass_n20001_cV2_electrode_s10,phase2/results/predictions/full/clean_only/tcn/seed_202/bandpass_n20001_cV2_electrode_s10.npz,76396,e6dae12afece279dbf9a141801bfc6e3d8f7616c28d4c19c6a86f95be58cd75c
tcn,clean_only,202,bandpass_n20001_cV2_electrode_s5,phase2/results/predictions/full/clean_only/tcn/seed_202/bandpass_n20001_cV2_electrode_s5.npz,76225,875a94bb4ea55af88fed28e3d8458751ad4e217e5f04349bfe3b27bbeb6a431f
tcn,clean_only,202,bandpass_n20001_cV2_electrode_s0,phase2/results/predictions/full/clean_only/tcn/seed_202/bandpass_n20001_cV2_electrode_s0.npz,75979,465e0aa0b83d3411e71251febbc6ea7b841bc44e65a1321516f14f1d15d8f7f0
tcn,clean_only,202,bandpass_n20001_cV2_covariance_s20,phase2/results/predictions/full/clean_only/tcn/seed_202/bandpass_n20001_cV2_covariance_s20.npz,76411,35e8dfe08fc339d870f0ccb76126fb63c210e6a7ed5167fca6a64b681ae5cf14
tcn,clean_only,202,bandpass_n20001_cV2_covariance_s15,phase2/results/predictions/full/clean_only/tcn/seed_202/bandpass_n20001_cV2_covariance_s15.npz,76444,1c3973ced2e977bd140a20253c4264c6f4b3715e3b4678380480f3eddcdad118
tcn,clean_only,202,bandpass_n20001_cV2_covariance_s10,phase2/results/predictions/full/clean_only/tcn/seed_202/bandpass_n20001_cV2_covariance_s10.npz,76387,c9a9f36a481cbc6b810d4ada686e6f905e33ab932f1524bc17fdd0d0fec6d24c
tcn,clean_only,202,bandpass_n20001_cV2_covariance_s5,phase2/results/predictions/full/clean_only/tcn/seed_202/bandpass_n20001_cV2_covariance_s5.npz,76225,49bfc0c432c6f1fa6b70462af630802d8ab7c23d371ec13070105294ffaa4d2d
tcn,clean_only,202,bandpass_n20001_cV2_covariance_s0,phase2/results/predictions/full/clean_only/tcn/seed_202/bandpass_n20001_cV2_covariance_s0.npz,75985,84a5111422f790219e896f8f93137e1083ae4693022ee3ed44589fe4dbcd3535
tcn,clean_only,202,bandpass_n20001_cV3_independent_rms_s20,phase2/results/predictions/full/clean_only/tcn/seed_202/bandpass_n20001_cV3_independent_rms_s20.npz,76450,a44dd87504a69ac2b6c225d409e8633bf46468f2264b2ad677d273d9260b4aed
tcn,clean_only,202,bandpass_n20001_cV3_independent_rms_s15,phase2/results/predictions/full/clean_only/tcn/seed_202/bandpass_n20001_cV3_independent_rms_s15.npz,76439,02933640694fabdc702209dc0c5a50b726a408556287a2aaf940d57f7109b166
tcn,clean_only,202,bandpass_n20001_cV3_independent_rms_s10,phase2/results/predictions/full/clean_only/tcn/seed_202/bandpass_n20001_cV3_independent_rms_s10.npz,76440,b8332e9de221063ff71c62af9b38b46fd997893a4b7c6beb39e6cc5d6250614f
tcn,clean_only,202,bandpass_n20001_cV3_independent_rms_s5,phase2/results/predictions/full/clean_only/tcn/seed_202/bandpass_n20001_cV3_independent_rms_s5.npz,76361,e5188f2aeec04b2ee86bb850bba0395a55491184d7eb20142c3d5adc4392e43e
tcn,clean_only,202,bandpass_n20001_cV3_independent_rms_s0,phase2/results/predictions/full/clean_only/tcn/seed_202/bandpass_n20001_cV3_independent_rms_s0.npz,76115,cf8c084a281cbf486f24dd907f329873b6ec848f01ae20a7edde36399de322ff
tcn,clean_only,202,bandpass_n20001_cV3_electrode_s20,phase2/results/predictions/full/clean_only/tcn/seed_202/bandpass_n20001_cV3_electrode_s20.npz,76434,0cdb9ded8b5af9c21a7c267a893734197decf20096d272893e8205ca9ab9cbdd
tcn,clean_only,202,bandpass_n20001_cV3_electrode_s15,phase2/results/predictions/full/clean_only/tcn/seed_202/bandpass_n20001_cV3_electrode_s15.npz,76424,a7a8c5e3a08196766e191bb95431f886403887b2a5ede31937564c1036fe128f
tcn,clean_only,202,bandpass_n20001_cV3_electrode_s10,phase2/results/predictions/full/clean_only/tcn/seed_202/bandpass_n20001_cV3_electrode_s10.npz,76436,c33e0a8ede6cd9e949fa388c7c738b7e943d0bcdddf29a9f4df64fa6073c5748
tcn,clean_only,202,bandpass_n20001_cV3_electrode_s5,phase2/results/predictions/full/clean_only/tcn/seed_202/bandpass_n20001_cV3_electrode_s5.npz,76324,b12de57590d5da690999776ad74cf0d097dbc2657da42117b44ea9287696425c
tcn,clean_only,202,bandpass_n20001_cV3_electrode_s0,phase2/results/predictions/full/clean_only/tcn/seed_202/bandpass_n20001_cV3_electrode_s0.npz,76068,16b3809489b94a3f8974995ad4456e5ef290a51d5d04d6d79ac9a97aec083e78
tcn,clean_only,202,bandpass_n20001_cV3_covariance_s20,phase2/results/predictions/full/clean_only/tcn/seed_202/bandpass_n20001_cV3_covariance_s20.npz,76431,ce440283a888c586f6fb1a51fc1dd3d7676c141c586ed0097fe8e90abe86526e
tcn,clean_only,202,bandpass_n20001_cV3_covariance_s15,phase2/results/predictions/full/clean_only/tcn/seed_202/bandpass_n20001_cV3_covariance_s15.npz,76431,a3dc3d6789c3fd7f25d2fbb1e7e944b1f0d5ffacb24a500b2d1b10c5dc233d63
tcn,clean_only,202,bandpass_n20001_cV3_covariance_s10,phase2/results/predictions/full/clean_only/tcn/seed_202/bandpass_n20001_cV3_covariance_s10.npz,76416,857ef93cec62d719106684dbc134c31e3a1a285bfa8d11e943d9ba09b2109730
tcn,clean_only,202,bandpass_n20001_cV3_covariance_s5,phase2/results/predictions/full/clean_only/tcn/seed_202/bandpass_n20001_cV3_covariance_s5.npz,76342,e5239c49e193b02df9ff236c5e2ab3c4228a59e522a3ceef970890cb5a8978e6
tcn,clean_only,202,bandpass_n20001_cV3_covariance_s0,phase2/results/predictions/full/clean_only/tcn/seed_202/bandpass_n20001_cV3_covariance_s0.npz,76105,8f1fe8805c1a8066b40a48516f0d57e80db699fb63566385cbfa64d0fc92b76d
tcn,clean_only,202,bandpass_n20001_cV4_independent_rms_s20,phase2/results/predictions/full/clean_only/tcn/seed_202/bandpass_n20001_cV4_independent_rms_s20.npz,76454,fef7fc55f4cfb5345db2c7c1cd73286cf04b9d759ebdff4d06dbd76557737de5
tcn,clean_only,202,bandpass_n20001_cV4_independent_rms_s15,phase2/results/predictions/full/clean_only/tcn/seed_202/bandpass_n20001_cV4_independent_rms_s15.npz,76439,684c96ee4b2a4288d872949c0285cd6a7c56350182b3de2f04570029e1aacc48
tcn,clean_only,202,bandpass_n20001_cV4_independent_rms_s10,phase2/results/predictions/full/clean_only/tcn/seed_202/bandpass_n20001_cV4_independent_rms_s10.npz,76422,11a094a1c149c8b28ba4b2bc5a39b63067e055aa674307056f0d2bf423948ae5
tcn,clean_only,202,bandpass_n20001_cV4_independent_rms_s5,phase2/results/predictions/full/clean_only/tcn/seed_202/bandpass_n20001_cV4_independent_rms_s5.npz,76303,eca5de58a97df763ab0f6c5fa13b29a242b4279b53ec37ff18bfeff90bb96a78
tcn,clean_only,202,bandpass_n20001_cV4_independent_rms_s0,phase2/results/predictions/full/clean_only/tcn/seed_202/bandpass_n20001_cV4_independent_rms_s0.npz,76007,a30e2fc46f1e672e68edb41fe9c7cfd4279f3b2641cee9a1493a94fe976ad7f2
tcn,clean_only,202,bandpass_n20001_cV4_electrode_s20,phase2/results/predictions/full/clean_only/tcn/seed_202/bandpass_n20001_cV4_electrode_s20.npz,76455,ca60abc732451808352297ffb5ae8547e95aed3fe09e8e7d0364eb2bad1e932d
tcn,clean_only,202,bandpass_n20001_cV4_electrode_s15,phase2/results/predictions/full/clean_only/tcn/seed_202/bandpass_n20001_cV4_electrode_s15.npz,76423,f32464029f75d90c5881344ef8f42ef398fe1a1452f7c977cc2216948f1d8721
tcn,clean_only,202,bandpass_n20001_cV4_electrode_s10,phase2/results/predictions/full/clean_only/tcn/seed_202/bandpass_n20001_cV4_electrode_s10.npz,76409,8654857e4bcea537abff8dc16ab1cf74eddfa76b019fc4158e86bf48df0c8290
tcn,clean_only,202,bandpass_n20001_cV4_electrode_s5,phase2/results/predictions/full/clean_only/tcn/seed_202/bandpass_n20001_cV4_electrode_s5.npz,76263,469d8639c0fb69e6e82009ff291d555246fe9aabd094c8583158d5dd5486a472
tcn,clean_only,202,bandpass_n20001_cV4_electrode_s0,phase2/results/predictions/full/clean_only/tcn/seed_202/bandpass_n20001_cV4_electrode_s0.npz,76008,b560e755a06b394d3e5fdeec5bb75edd4bc5988ab6b9ca976295a17d28b4567b
tcn,clean_only,202,bandpass_n20001_cV4_covariance_s20,phase2/results/predictions/full/clean_only/tcn/seed_202/bandpass_n20001_cV4_covariance_s20.npz,76428,54053d14cf2b7c3eb5c7ae86219e170681c682bf8449f99bffb5c045c292ca9c
tcn,clean_only,202,bandpass_n20001_cV4_covariance_s15,phase2/results/predictions/full/clean_only/tcn/seed_202/bandpass_n20001_cV4_covariance_s15.npz,76411,3ed7d652db028238c01d0fba1c332bf410b60bda12a6101d4eec252ed96df634
tcn,clean_only,202,bandpass_n20001_cV4_covariance_s10,phase2/results/predictions/full/clean_only/tcn/seed_202/bandpass_n20001_cV4_covariance_s10.npz,76399,d25aaecebbc65e9cacc30e46acec65464013feeefd6566d868bd409056b22d18
tcn,clean_only,202,bandpass_n20001_cV4_covariance_s5,phase2/results/predictions/full/clean_only/tcn/seed_202/bandpass_n20001_cV4_covariance_s5.npz,76304,5554f263c130b753144c17d678b709d0b2f05c8b01bb61661298980e20ed8af7
tcn,clean_only,202,bandpass_n20001_cV4_covariance_s0,phase2/results/predictions/full/clean_only/tcn/seed_202/bandpass_n20001_cV4_covariance_s0.npz,76001,7948672347013eaffc60b61bcdcc820b682fa28f35489c8a7437ebee326f62ab
tcn,clean_only,202,bandpass_n20001_cV5_independent_rms_s20,phase2/results/predictions/full/clean_only/tcn/seed_202/bandpass_n20001_cV5_independent_rms_s20.npz,76410,14907df790b2b004365ee56eb6ebea53de500bdc1b3f0f0ae1ba919a3aa212be
tcn,clean_only,202,bandpass_n20001_cV5_independent_rms_s15,phase2/results/predictions/full/clean_only/tcn/seed_202/bandpass_n20001_cV5_independent_rms_s15.npz,76423,6d3775f1be5e0ec3dd10ca40e20f9ded41980568c2e7f55cd650d315655c507f
tcn,clean_only,202,bandpass_n20001_cV5_independent_rms_s10,phase2/results/predictions/full/clean_only/tcn/seed_202/bandpass_n20001_cV5_independent_rms_s10.npz,76404,0ea4670e0a4d9131755638b140cc6da55417a55c8e77f09aae8886e89d70191c
tcn,clean_only,202,bandpass_n20001_cV5_independent_rms_s5,phase2/results/predictions/full/clean_only/tcn/seed_202/bandpass_n20001_cV5_independent_rms_s5.npz,76249,bdfa403ee6d8bf8e8f41a5b22b49e8b751a3b8ecf7b793381b0d1b8dc5482852
tcn,clean_only,202,bandpass_n20001_cV5_independent_rms_s0,phase2/results/predictions/full/clean_only/tcn/seed_202/bandpass_n20001_cV5_independent_rms_s0.npz,75897,1239b0d737884e9da2053cd19ed45893c3b425499938921dd5a274ae67d5fe3a
tcn,clean_only,202,bandpass_n20001_cV5_electrode_s20,phase2/results/predictions/full/clean_only/tcn/seed_202/bandpass_n20001_cV5_electrode_s20.npz,76447,d3d0bd8ed033cf2b8127b572bb0f943bb0990efa9e724509354103f9beb0351a
tcn,clean_only,202,bandpass_n20001_cV5_electrode_s15,phase2/results/predictions/full/clean_only/tcn/seed_202/bandpass_n20001_cV5_electrode_s15.npz,76436,b69ce19b1af65a62666f466b529e1d69b14ab878bf9e7dcc18a45323d82624fb
tcn,clean_only,202,bandpass_n20001_cV5_electrode_s10,phase2/results/predictions/full/clean_only/tcn/seed_202/bandpass_n20001_cV5_electrode_s10.npz,76393,d0a0f7b6111aeb48fed0fa13ec2d861c3912c4f421679507e71fd2d2d6793cb0
tcn,clean_only,202,bandpass_n20001_cV5_electrode_s5,phase2/results/predictions/full/clean_only/tcn/seed_202/bandpass_n20001_cV5_electrode_s5.npz,76280,95da487c68ecf681a1048e5d619239f09ef09749ece0a89e96bcce32647de642
tcn,clean_only,202,bandpass_n20001_cV5_electrode_s0,phase2/results/predictions/full/clean_only/tcn/seed_202/bandpass_n20001_cV5_electrode_s0.npz,75968,301c0953f93b8b0720583302c2277c092d06e614cda1582327d5bc4618473901
tcn,clean_only,202,bandpass_n20001_cV5_covariance_s20,phase2/results/predictions/full/clean_only/tcn/seed_202/bandpass_n20001_cV5_covariance_s20.npz,76438,1f6e0ce1d694d6e3bb6b9f35b73bce4a9bd19af96e532cd667670cf170412688
tcn,clean_only,202,bandpass_n20001_cV5_covariance_s15,phase2/results/predictions/full/clean_only/tcn/seed_202/bandpass_n20001_cV5_covariance_s15.npz,76407,48b3af106e182362eb7a734c7419f1ab307a71e7d137b97a021cc04f95e6b95a
tcn,clean_only,202,bandpass_n20001_cV5_covariance_s10,phase2/results/predictions/full/clean_only/tcn/seed_202/bandpass_n20001_cV5_covariance_s10.npz,76374,6e199631d3200e1b770303decc44ac9e54000a64863193ed7b3641f54a2832c8
tcn,clean_only,202,bandpass_n20001_cV5_covariance_s5,phase2/results/predictions/full/clean_only/tcn/seed_202/bandpass_n20001_cV5_covariance_s5.npz,76242,1b34d1d6a1a25594a3ea121ab3c7596f4f54f8bf17049337d7bc24cd859bc007
tcn,clean_only,202,bandpass_n20001_cV5_covariance_s0,phase2/results/predictions/full/clean_only/tcn/seed_202/bandpass_n20001_cV5_covariance_s0.npz,75922,21446b752bf5051684c7842d5e1891a675f512529809843f5d5d766a6c1541a8
tcn,clean_only,202,bandpass_n20001_cV6_independent_rms_s20,phase2/results/predictions/full/clean_only/tcn/seed_202/bandpass_n20001_cV6_independent_rms_s20.npz,76434,71840ae2fa84a51e7e78f4a4bd6d08c008db067a9a79b4956772bf61ce73ac41
tcn,clean_only,202,bandpass_n20001_cV6_independent_rms_s15,phase2/results/predictions/full/clean_only/tcn/seed_202/bandpass_n20001_cV6_independent_rms_s15.npz,76426,4deec5140778340072e45d2ae77ff6e3db73877c1752bc53c9f78d4727db3c0d
tcn,clean_only,202,bandpass_n20001_cV6_independent_rms_s10,phase2/results/predictions/full/clean_only/tcn/seed_202/bandpass_n20001_cV6_independent_rms_s10.npz,76445,08ff9c507142c6bc4d606b769640b4d62bcce181b0609159d180797c0fd170ac
tcn,clean_only,202,bandpass_n20001_cV6_independent_rms_s5,phase2/results/predictions/full/clean_only/tcn/seed_202/bandpass_n20001_cV6_independent_rms_s5.npz,76353,cd4eea126d2f4f16f3839f433090be4d3908666af4485d675821c99fd2d5005e
tcn,clean_only,202,bandpass_n20001_cV6_independent_rms_s0,phase2/results/predictions/full/clean_only/tcn/seed_202/bandpass_n20001_cV6_independent_rms_s0.npz,76033,f14c011c899b1ea6f84b3b8fb30e40fbb1560f1e9431cced4e9f6d765e698e11
tcn,clean_only,202,bandpass_n20001_cV6_electrode_s20,phase2/results/predictions/full/clean_only/tcn/seed_202/bandpass_n20001_cV6_electrode_s20.npz,76469,1eb2c8c7c20e41fc88486c3c7ba7faebf724aa83480617de64076a9bc4e7f7c6
tcn,clean_only,202,bandpass_n20001_cV6_electrode_s15,phase2/results/predictions/full/clean_only/tcn/seed_202/bandpass_n20001_cV6_electrode_s15.npz,76406,7c15c2501f1a7d44bef74ed2e9d19f7aba39182d9c87545b7005479e0186cb3c
tcn,clean_only,202,bandpass_n20001_cV6_electrode_s10,phase2/results/predictions/full/clean_only/tcn/seed_202/bandpass_n20001_cV6_electrode_s10.npz,76429,8105932f0c61691d8e64490ead50cc8882a0d477b21ab08399231c5997a110e3
tcn,clean_only,202,bandpass_n20001_cV6_electrode_s5,phase2/results/predictions/full/clean_only/tcn/seed_202/bandpass_n20001_cV6_electrode_s5.npz,76272,c9724bc3ed4c471b242b8cf6bc48467f665f97f1cd006129fb8e40ff85c6072b
tcn,clean_only,202,bandpass_n20001_cV6_electrode_s0,phase2/results/predictions/full/clean_only/tcn/seed_202/bandpass_n20001_cV6_electrode_s0.npz,76025,eb72cc08b1c1bb4d029b03b0ec1d640a7d9cb02f3da1ea4e620afeb4a6340eef
tcn,clean_only,202,bandpass_n20001_cV6_covariance_s20,phase2/results/predictions/full/clean_only/tcn/seed_202/bandpass_n20001_cV6_covariance_s20.npz,76395,432e3bb53883e08c4947c2b146cf3596ec29b75034362938e0e89ef0020636ca
tcn,clean_only,202,bandpass_n20001_cV6_covariance_s15,phase2/results/predictions/full/clean_only/tcn/seed_202/bandpass_n20001_cV6_covariance_s15.npz,76436,4bcb3f52a5a2281fc36aed6366e4641469a70cdaa2c0b4346b59a77c9a988a6a
tcn,clean_only,202,bandpass_n20001_cV6_covariance_s10,phase2/results/predictions/full/clean_only/tcn/seed_202/bandpass_n20001_cV6_covariance_s10.npz,76434,7554695611653610a2a70515267525f622ad3f906099398dd8a2c6a0bf8e677a
tcn,clean_only,202,bandpass_n20001_cV6_covariance_s5,phase2/results/predictions/full/clean_only/tcn/seed_202/bandpass_n20001_cV6_covariance_s5.npz,76335,a7f3d7ccbe0880803ee2ea05c8989e15fe5775909bcdddb5752222f6034788ef
tcn,clean_only,202,bandpass_n20001_cV6_covariance_s0,phase2/results/predictions/full/clean_only/tcn/seed_202/bandpass_n20001_cV6_covariance_s0.npz,76019,79b923c025ce36f9af49fcd591fe664542b3a2cf3b84778a29fc177f1ab8c69e
tcn,clean_only,202,bandpass_n20001_cRA_LA_independent_rms_s20,phase2/results/predictions/full/clean_only/tcn/seed_202/bandpass_n20001_cRA_LA_independent_rms_s20.npz,76444,c69a4f353d8d4255d68f474d8b14ccdce067aaf6f13b63950779fac1c53c6515
tcn,clean_only,202,bandpass_n20001_cRA_LA_independent_rms_s15,phase2/results/predictions/full/clean_only/tcn/seed_202/bandpass_n20001_cRA_LA_independent_rms_s15.npz,76428,78b72f1820eb92e0db02450c23c145ce28acc3249e350818c38b8c09d1de77ea
tcn,clean_only,202,bandpass_n20001_cRA_LA_independent_rms_s10,phase2/results/predictions/full/clean_only/tcn/seed_202/bandpass_n20001_cRA_LA_independent_rms_s10.npz,76402,1383805b921c2bd370591b21802b0ac7e56d3bf99c6df71354d790d4d2d1477c
tcn,clean_only,202,bandpass_n20001_cRA_LA_independent_rms_s5,phase2/results/predictions/full/clean_only/tcn/seed_202/bandpass_n20001_cRA_LA_independent_rms_s5.npz,76220,712a2762f5d7f2aaeed5eef0b8a57a5018a1a5b84ebb6a6f2d7415eb55d438ea
tcn,clean_only,202,bandpass_n20001_cRA_LA_independent_rms_s0,phase2/results/predictions/full/clean_only/tcn/seed_202/bandpass_n20001_cRA_LA_independent_rms_s0.npz,75864,76240cd52596f4d570d00dfa733b1c87b8f7942832adc20480cf12d471ee3006
tcn,clean_only,202,bandpass_n20001_cRA_LA_electrode_s20,phase2/results/predictions/full/clean_only/tcn/seed_202/bandpass_n20001_cRA_LA_electrode_s20.npz,76421,e2a3c5c0ada72228da42cdb475fc0a54d505c8c34c9cedfec0e255297a159cb5
tcn,clean_only,202,bandpass_n20001_cRA_LA_electrode_s15,phase2/results/predictions/full/clean_only/tcn/seed_202/bandpass_n20001_cRA_LA_electrode_s15.npz,76443,3f009aaea505828cf46be3b96d53bd65b126167f665c9f9daea1d2514f306487
tcn,clean_only,202,bandpass_n20001_cRA_LA_electrode_s10,phase2/results/predictions/full/clean_only/tcn/seed_202/bandpass_n20001_cRA_LA_electrode_s10.npz,76297,79f685b633c8d9ec8b25a9be62160e0918b563a82579fdbb84ec668c90657093
tcn,clean_only,202,bandpass_n20001_cRA_LA_electrode_s5,phase2/results/predictions/full/clean_only/tcn/seed_202/bandpass_n20001_cRA_LA_electrode_s5.npz,76040,b6a34471c09a49a8ebbda1f8bb93b87be2d25af62957f7a216276cc24bf0ebac
tcn,clean_only,202,bandpass_n20001_cRA_LA_electrode_s0,phase2/results/predictions/full/clean_only/tcn/seed_202/bandpass_n20001_cRA_LA_electrode_s0.npz,75577,c87b0a315af0059f1a0ed0c3f5e79ff9c551471ece42bd3e7dc6f16703412a67
tcn,clean_only,202,bandpass_n20001_cRA_LA_covariance_s20,phase2/results/predictions/full/clean_only/tcn/seed_202/bandpass_n20001_cRA_LA_covariance_s20.npz,76442,19609f2026c4e845b969f8e48091885eaed06239a6b47eda9f41222cae66f916
tcn,clean_only,202,bandpass_n20001_cRA_LA_covariance_s15,phase2/results/predictions/full/clean_only/tcn/seed_202/bandpass_n20001_cRA_LA_covariance_s15.npz,76423,2fe4199ded8bb92be55d161d93cb422d7c1ddc9bf85345464d03037b7bd335b5
tcn,clean_only,202,bandpass_n20001_cRA_LA_covariance_s10,phase2/results/predictions/full/clean_only/tcn/seed_202/bandpass_n20001_cRA_LA_covariance_s10.npz,76339,5700c333dce637d74c36b01fca63c7f7a76d606724541b2cf282ab97ab72917d
tcn,clean_only,202,bandpass_n20001_cRA_LA_covariance_s5,phase2/results/predictions/full/clean_only/tcn/seed_202/bandpass_n20001_cRA_LA_covariance_s5.npz,76028,7361f7155590391a472abf8fdf8ef50d281f66aa1c905e91c4cf4b0bfc3f78bf
tcn,clean_only,202,bandpass_n20001_cRA_LA_covariance_s0,phase2/results/predictions/full/clean_only/tcn/seed_202/bandpass_n20001_cRA_LA_covariance_s0.npz,75593,3a51b17d03a2d3579b8c701828a70535c5f3e0c66e0c27da075bbbd2a2f57a22
tcn,clean_only,202,bandpass_n20001_cLA_LL_independent_rms_s20,phase2/results/predictions/full/clean_only/tcn/seed_202/bandpass_n20001_cLA_LL_independent_rms_s20.npz,76467,7a469ef2e2f0363d5e28089fe2302436a597f66cb067d05536301e8d7b301647
tcn,clean_only,202,bandpass_n20001_cLA_LL_independent_rms_s15,phase2/results/predictions/full/clean_only/tcn/seed_202/bandpass_n20001_cLA_LL_independent_rms_s15.npz,76429,f5c14baa1132d76848303dbdf7cab80b95efd78f350b825422748b080801ba65
tcn,clean_only,202,bandpass_n20001_cLA_LL_independent_rms_s10,phase2/results/predictions/full/clean_only/tcn/seed_202/bandpass_n20001_cLA_LL_independent_rms_s10.npz,76423,4bd1ecad8c05dd3dfcea9f18283eed820c7ef35c54e0133ea2cd2eecf48dd2e6
tcn,clean_only,202,bandpass_n20001_cLA_LL_independent_rms_s5,phase2/results/predictions/full/clean_only/tcn/seed_202/bandpass_n20001_cLA_LL_independent_rms_s5.npz,76201,f95c810e6f6e0036182363096b69c7e7c68faaa6f7e12f95d02c834f87d70f02
tcn,clean_only,202,bandpass_n20001_cLA_LL_independent_rms_s0,phase2/results/predictions/full/clean_only/tcn/seed_202/bandpass_n20001_cLA_LL_independent_rms_s0.npz,75852,7bad055ac9ccf622cd123b217ec71772c5d49911c6b4c93d51353158278c16ab
tcn,clean_only,202,bandpass_n20001_cLA_LL_electrode_s20,phase2/results/predictions/full/clean_only/tcn/seed_202/bandpass_n20001_cLA_LL_electrode_s20.npz,76435,5e92998e1a1a8b3064c77827a912003090cefa776f45f7572e07f6411dc9e317
tcn,clean_only,202,bandpass_n20001_cLA_LL_electrode_s15,phase2/results/predictions/full/clean_only/tcn/seed_202/bandpass_n20001_cLA_LL_electrode_s15.npz,76411,f42ed46fb8444ee990814726655e6a9e9e34201e0488dea9503fbc69458b73fb
tcn,clean_only,202,bandpass_n20001_cLA_LL_electrode_s10,phase2/results/predictions/full/clean_only/tcn/seed_202/bandpass_n20001_cLA_LL_electrode_s10.npz,76266,d17177700392780e18aaea890a82c14886a7caf179f961ce482ea1eabb05916e
tcn,clean_only,202,bandpass_n20001_cLA_LL_electrode_s5,phase2/results/predictions/full/clean_only/tcn/seed_202/bandpass_n20001_cLA_LL_electrode_s5.npz,75999,71883aecf0edccd04aee14b6c3a54a412c6f26d934d482bc1b638cf65c497689
tcn,clean_only,202,bandpass_n20001_cLA_LL_electrode_s0,phase2/results/predictions/full/clean_only/tcn/seed_202/bandpass_n20001_cLA_LL_electrode_s0.npz,75841,074308aed5da75148a456330b7e166ce18990563eb1fc2914ae0d1392cc5ae77
tcn,clean_only,202,bandpass_n20001_cLA_LL_covariance_s20,phase2/results/predictions/full/clean_only/tcn/seed_202/bandpass_n20001_cLA_LL_covariance_s20.npz,76425,f07f75cca12d836e4536b032362f09b3a4c850f542caa93a8f2f19ac82393b2c
tcn,clean_only,202,bandpass_n20001_cLA_LL_covariance_s15,phase2/results/predictions/full/clean_only/tcn/seed_202/bandpass_n20001_cLA_LL_covariance_s15.npz,76417,f1799c0e932f9a7150b9027cadde69e6d5297d408ac9d0f01b87695e1c8206af
tcn,clean_only,202,bandpass_n20001_cLA_LL_covariance_s10,phase2/results/predictions/full/clean_only/tcn/seed_202/bandpass_n20001_cLA_LL_covariance_s10.npz,76296,0aed126a3749a04c6bf3f9183eb54de0dd1c38c929a690ceba17f5b2375d8374
tcn,clean_only,202,bandpass_n20001_cLA_LL_covariance_s5,phase2/results/predictions/full/clean_only/tcn/seed_202/bandpass_n20001_cLA_LL_covariance_s5.npz,76020,19e85697d1e8eda34d26f809d865d3bfaf2bf6319d80e081cde39a4cf4934028
tcn,clean_only,202,bandpass_n20001_cLA_LL_covariance_s0,phase2/results/predictions/full/clean_only/tcn/seed_202/bandpass_n20001_cLA_LL_covariance_s0.npz,75880,b2b35fce9048ddd9d036692898311d13008fad795b57e513cad5f03e13ae1dd3
tcn,clean_only,202,bandpass_n20001_cRA_LL_independent_rms_s20,phase2/results/predictions/full/clean_only/tcn/seed_202/bandpass_n20001_cRA_LL_independent_rms_s20.npz,76424,83c0e7ed4481226bb502652211b5397cf9d44e32c81683021ec3897fb602787a
tcn,clean_only,202,bandpass_n20001_cRA_LL_independent_rms_s15,phase2/results/predictions/full/clean_only/tcn/seed_202/bandpass_n20001_cRA_LL_independent_rms_s15.npz,76442,1d161401b53c5ec1d4de8d9f09e0713d5e2df2a5cc8ed473cf10e5aea91c3c9a
tcn,clean_only,202,bandpass_n20001_cRA_LL_independent_rms_s10,phase2/results/predictions/full/clean_only/tcn/seed_202/bandpass_n20001_cRA_LL_independent_rms_s10.npz,76364,53d3c96a13e21d908cb7c5a6dcca3be58d018650b5f988cf9e85a6629aee3934
tcn,clean_only,202,bandpass_n20001_cRA_LL_independent_rms_s5,phase2/results/predictions/full/clean_only/tcn/seed_202/bandpass_n20001_cRA_LL_independent_rms_s5.npz,76217,936faeb4b2583427c0f0010123296fa27e869829255166e203da22ceedb9229a
tcn,clean_only,202,bandpass_n20001_cRA_LL_independent_rms_s0,phase2/results/predictions/full/clean_only/tcn/seed_202/bandpass_n20001_cRA_LL_independent_rms_s0.npz,75844,6417cbc6c60e0e6caf1c58dc552d0b622d2a134118ba490fbc7001307c62e186
tcn,clean_only,202,bandpass_n20001_cRA_LL_electrode_s20,phase2/results/predictions/full/clean_only/tcn/seed_202/bandpass_n20001_cRA_LL_electrode_s20.npz,76434,efbee19585933db2d40f5a33117ef566d28838f8ccfb9db66717bc35ba4e7a14
tcn,clean_only,202,bandpass_n20001_cRA_LL_electrode_s15,phase2/results/predictions/full/clean_only/tcn/seed_202/bandpass_n20001_cRA_LL_electrode_s15.npz,76446,4de46380e0eca32ef21f00c3906a19490f686280afa11b173a0c10ad4386593f
tcn,clean_only,202,bandpass_n20001_cRA_LL_electrode_s10,phase2/results/predictions/full/clean_only/tcn/seed_202/bandpass_n20001_cRA_LL_electrode_s10.npz,76279,74280d6179a5fb8a072e57e4cb9ea57db675f62e51660e140ce90f562d1ff9a2
tcn,clean_only,202,bandpass_n20001_cRA_LL_electrode_s5,phase2/results/predictions/full/clean_only/tcn/seed_202/bandpass_n20001_cRA_LL_electrode_s5.npz,76060,7baa72856272842eb1f9b08607277cac375caac800900616903920f387f5f22f
tcn,clean_only,202,bandpass_n20001_cRA_LL_electrode_s0,phase2/results/predictions/full/clean_only/tcn/seed_202/bandpass_n20001_cRA_LL_electrode_s0.npz,75688,aef42846056194a8098b34734b08f6cc35945fda49a471fb22f98047a8637441
tcn,clean_only,202,bandpass_n20001_cRA_LL_covariance_s20,phase2/results/predictions/full/clean_only/tcn/seed_202/bandpass_n20001_cRA_LL_covariance_s20.npz,76458,92afc87133ad3873552b06ae83436dbd26948f91f54429f7100641e893b78467
tcn,clean_only,202,bandpass_n20001_cRA_LL_covariance_s15,phase2/results/predictions/full/clean_only/tcn/seed_202/bandpass_n20001_cRA_LL_covariance_s15.npz,76423,699b1f76029a449eeb3114263dc5984c053b08d7b343c13f22b69398786a89b1
tcn,clean_only,202,bandpass_n20001_cRA_LL_covariance_s10,phase2/results/predictions/full/clean_only/tcn/seed_202/bandpass_n20001_cRA_LL_covariance_s10.npz,76302,d07137b62d857d2970835be563f53b81a1c56c2f73243991dcae2df44bff031a
tcn,clean_only,202,bandpass_n20001_cRA_LL_covariance_s5,phase2/results/predictions/full/clean_only/tcn/seed_202/bandpass_n20001_cRA_LL_covariance_s5.npz,76042,8a5a4b6671a93590366ca96ddbbc96aea4648895e112f4483f72240eb73a4b91
tcn,clean_only,202,bandpass_n20001_cRA_LL_covariance_s0,phase2/results/predictions/full/clean_only/tcn/seed_202/bandpass_n20001_cRA_LL_covariance_s0.npz,75669,163eda58a4c43fb0eafc619a5b9efd23497799fbbf01d33704d0be545e95a147
tcn,clean_only,202,bandpass_n20001_cRA_independent_rms_s20,phase2/results/predictions/full/clean_only/tcn/seed_202/bandpass_n20001_cRA_independent_rms_s20.npz,76448,00264b4f625ba2ba784db80aaaf8186448926edd4c1e1f9ab06bf8bca55ad13a
tcn,clean_only,202,bandpass_n20001_cRA_independent_rms_s15,phase2/results/predictions/full/clean_only/tcn/seed_202/bandpass_n20001_cRA_independent_rms_s15.npz,76436,76744390db8d91f2bf7c036eebf01ac412e2473e4621bfb580fde5cf36355a83
tcn,clean_only,202,bandpass_n20001_cRA_independent_rms_s10,phase2/results/predictions/full/clean_only/tcn/seed_202/bandpass_n20001_cRA_independent_rms_s10.npz,76392,fc4e7ab6c6ef9492c031c5b79b03abb6df295665f7dc80e5cbadc2c829c447d9
tcn,clean_only,202,bandpass_n20001_cRA_independent_rms_s5,phase2/results/predictions/full/clean_only/tcn/seed_202/bandpass_n20001_cRA_independent_rms_s5.npz,76188,6d2e8b097b1392adfed16b42333cc1e42f8a64a9bcacb80555b57f283722790d
tcn,clean_only,202,bandpass_n20001_cRA_independent_rms_s0,phase2/results/predictions/full/clean_only/tcn/seed_202/bandpass_n20001_cRA_independent_rms_s0.npz,75861,4172e5c3ad64dcb5cf20bb6a648fc886bc1331d95e95eccda7e49180c792dfc7
tcn,clean_only,202,bandpass_n20001_cRA_electrode_s20,phase2/results/predictions/full/clean_only/tcn/seed_202/bandpass_n20001_cRA_electrode_s20.npz,76438,c4f01f7e63e94946445bedbf65eb5cbb23f3864ca296ae1a2624010dd2c978e5
tcn,clean_only,202,bandpass_n20001_cRA_electrode_s15,phase2/results/predictions/full/clean_only/tcn/seed_202/bandpass_n20001_cRA_electrode_s15.npz,76420,21fc66553672580117e0734b512077e8deef432e81e06e9e470bf4f9ccd4a77b
tcn,clean_only,202,bandpass_n20001_cRA_electrode_s10,phase2/results/predictions/full/clean_only/tcn/seed_202/bandpass_n20001_cRA_electrode_s10.npz,76361,c5f894aa01692780c2ded59b5e64db41633173d5cdc3aaef81b4ea2a59d187e1
tcn,clean_only,202,bandpass_n20001_cRA_electrode_s5,phase2/results/predictions/full/clean_only/tcn/seed_202/bandpass_n20001_cRA_electrode_s5.npz,76178,10ebb795d960fe6d6c4bf3608353d404563c9a174c107402d9a8aa1fcf028e4c
tcn,clean_only,202,bandpass_n20001_cRA_electrode_s0,phase2/results/predictions/full/clean_only/tcn/seed_202/bandpass_n20001_cRA_electrode_s0.npz,75831,70e0645fb77df6f7058e63703c35309b2cab6f87dd57885a33010f09725bee91
tcn,clean_only,202,bandpass_n20001_cRA_covariance_s20,phase2/results/predictions/full/clean_only/tcn/seed_202/bandpass_n20001_cRA_covariance_s20.npz,76405,f0530d23bc294d19e053e0e0b8b399061f06171762a885cac09c4c966ca99fbc
tcn,clean_only,202,bandpass_n20001_cRA_covariance_s15,phase2/results/predictions/full/clean_only/tcn/seed_202/bandpass_n20001_cRA_covariance_s15.npz,76412,1f30d988bea6b58b32bcd7d1d869515df0d1005dabc0db79f32d7a4931ee2ee0
tcn,clean_only,202,bandpass_n20001_cRA_covariance_s10,phase2/results/predictions/full/clean_only/tcn/seed_202/bandpass_n20001_cRA_covariance_s10.npz,76370,29c0862ed3b1c38a3eac297fe00a3d6aeb1dd60ec043e518dca55c6ea34f59c0
tcn,clean_only,202,bandpass_n20001_cRA_covariance_s5,phase2/results/predictions/full/clean_only/tcn/seed_202/bandpass_n20001_cRA_covariance_s5.npz,76169,74e22faa2b26137235eb8610b780b9771f8bac80488c5c5fde6c07311980e1a1
tcn,clean_only,202,bandpass_n20001_cRA_covariance_s0,phase2/results/predictions/full/clean_only/tcn/seed_202/bandpass_n20001_cRA_covariance_s0.npz,75810,79986e97e6966db48d87b70cbe59a66f8a9749f7a7a63ce3a7fd08f1ee4eafae
tcn,clean_only,202,bandpass_n20001_cLA_independent_rms_s20,phase2/results/predictions/full/clean_only/tcn/seed_202/bandpass_n20001_cLA_independent_rms_s20.npz,76445,794e3d6b4dabc5b9b8c0189aa80385797ddf5f8c4e2d57da7d035687486986ee
tcn,clean_only,202,bandpass_n20001_cLA_independent_rms_s15,phase2/results/predictions/full/clean_only/tcn/seed_202/bandpass_n20001_cLA_independent_rms_s15.npz,76431,f3adf53d3941060b6a2fda2b8becbf30e9963f97a0ca57409862c9ae6950299e
tcn,clean_only,202,bandpass_n20001_cLA_independent_rms_s10,phase2/results/predictions/full/clean_only/tcn/seed_202/bandpass_n20001_cLA_independent_rms_s10.npz,76412,c416eafe240862dbf16fe3544fb8e5eed263f9a0fed4840f7ddd61dfe2816352
tcn,clean_only,202,bandpass_n20001_cLA_independent_rms_s5,phase2/results/predictions/full/clean_only/tcn/seed_202/bandpass_n20001_cLA_independent_rms_s5.npz,76187,bd7af43f3b177b7beb76a0ed866b16de7493b770ec0ebff08abc2e1be1f835f2
tcn,clean_only,202,bandpass_n20001_cLA_independent_rms_s0,phase2/results/predictions/full/clean_only/tcn/seed_202/bandpass_n20001_cLA_independent_rms_s0.npz,75880,42c89807bf75af3e4e051e193f65b53e53ad2b4d60b59068f1603bb7451d064f
tcn,clean_only,202,bandpass_n20001_cLA_electrode_s20,phase2/results/predictions/full/clean_only/tcn/seed_202/bandpass_n20001_cLA_electrode_s20.npz,76438,90de0a69223af4965ea6e1d37020cc247a8a742f575ef4260fdceca839f7e618
tcn,clean_only,202,bandpass_n20001_cLA_electrode_s15,phase2/results/predictions/full/clean_only/tcn/seed_202/bandpass_n20001_cLA_electrode_s15.npz,76393,517df64ed40a5c1db8f9a4f369c9918bc70f9beae8516b8c09f936c9ab6fb262
tcn,clean_only,202,bandpass_n20001_cLA_electrode_s10,phase2/results/predictions/full/clean_only/tcn/seed_202/bandpass_n20001_cLA_electrode_s10.npz,76247,8338a9d51e37d9157653a36a315bf08ce400ada780e475929fe08f774b679541
tcn,clean_only,202,bandpass_n20001_cLA_electrode_s5,phase2/results/predictions/full/clean_only/tcn/seed_202/bandpass_n20001_cLA_electrode_s5.npz,76002,b87906631560e365224dcaa6882637b6b111b3a9b9e44ba51c88dffe741d08cd
tcn,clean_only,202,bandpass_n20001_cLA_electrode_s0,phase2/results/predictions/full/clean_only/tcn/seed_202/bandpass_n20001_cLA_electrode_s0.npz,75865,8976b321d26ba7d04d256d3ece98f65328b5b1d38616eb45f153938e0d020ac1
tcn,clean_only,202,bandpass_n20001_cLA_covariance_s20,phase2/results/predictions/full/clean_only/tcn/seed_202/bandpass_n20001_cLA_covariance_s20.npz,76430,cd2b6e150559d34fc4714df57f0563946a5f85b63e02fad000273bdc3f209256
tcn,clean_only,202,bandpass_n20001_cLA_covariance_s15,phase2/results/predictions/full/clean_only/tcn/seed_202/bandpass_n20001_cLA_covariance_s15.npz,76426,2d12c27e71de924687df3d5885e196d8a554d0850c7964346ecdb99af44827f7
tcn,clean_only,202,bandpass_n20001_cLA_covariance_s10,phase2/results/predictions/full/clean_only/tcn/seed_202/bandpass_n20001_cLA_covariance_s10.npz,76300,591b1bde6b23e24744fe4dd58a251b07f28c664def21cfa731f7882376b00997
tcn,clean_only,202,bandpass_n20001_cLA_covariance_s5,phase2/results/predictions/full/clean_only/tcn/seed_202/bandpass_n20001_cLA_covariance_s5.npz,76027,a6dbc59d8e9930253744e86c15fa2f754f9be78850b3ae1878d66cf368f96095
tcn,clean_only,202,bandpass_n20001_cLA_covariance_s0,phase2/results/predictions/full/clean_only/tcn/seed_202/bandpass_n20001_cLA_covariance_s0.npz,75882,cdf14b6365f60897f9e0bd5f7fdf575eeb4936aed7a45829a71f22f73c1b0364
tcn,clean_only,202,bandpass_n20001_cLL_independent_rms_s20,phase2/results/predictions/full/clean_only/tcn/seed_202/bandpass_n20001_cLL_independent_rms_s20.npz,76413,c833d94d9a04bcac2eaf03950760cefe426e3233f63cc0781f6a40811e9e11bd
tcn,clean_only,202,bandpass_n20001_cLL_independent_rms_s15,phase2/results/predictions/full/clean_only/tcn/seed_202/bandpass_n20001_cLL_independent_rms_s15.npz,76412,6358519622e27aa340a92fc469143c4779d108b25d688a947c120bd003a52f47
tcn,clean_only,202,bandpass_n20001_cLL_independent_rms_s10,phase2/results/predictions/full/clean_only/tcn/seed_202/bandpass_n20001_cLL_independent_rms_s10.npz,76376,24395f1e8dd95a625bfa02129e27c19ec97f9a9674820007103caae3db30f8b8
tcn,clean_only,202,bandpass_n20001_cLL_independent_rms_s5,phase2/results/predictions/full/clean_only/tcn/seed_202/bandpass_n20001_cLL_independent_rms_s5.npz,76176,b5e380cab459955eaa1bf9e446fa65b7a5b0c9c77687691e68649da679c77508
tcn,clean_only,202,bandpass_n20001_cLL_independent_rms_s0,phase2/results/predictions/full/clean_only/tcn/seed_202/bandpass_n20001_cLL_independent_rms_s0.npz,75796,c13d3beb407338655d384c043edc493a32a58f0bf05f86663a10226c9a8b74a8
tcn,clean_only,202,bandpass_n20001_cLL_electrode_s20,phase2/results/predictions/full/clean_only/tcn/seed_202/bandpass_n20001_cLL_electrode_s20.npz,76451,680f0fa9117c24d74a5283ce805f30f8a95d813cd1affd40fff47f3d29e833f4
tcn,clean_only,202,bandpass_n20001_cLL_electrode_s15,phase2/results/predictions/full/clean_only/tcn/seed_202/bandpass_n20001_cLL_electrode_s15.npz,76407,29424529994ef095958c36a18973f5857ca75d4d4c0f612b2ee280136b83950d
tcn,clean_only,202,bandpass_n20001_cLL_electrode_s10,phase2/results/predictions/full/clean_only/tcn/seed_202/bandpass_n20001_cLL_electrode_s10.npz,76282,7fa488d07dab16344f42d8f89cad0c2151d71c2ee73528e3897954656aac3586
tcn,clean_only,202,bandpass_n20001_cLL_electrode_s5,phase2/results/predictions/full/clean_only/tcn/seed_202/bandpass_n20001_cLL_electrode_s5.npz,76002,a1d1af220e037fef9080f6d678a4b0aba0d52be9f84348e1aefae45dfa1e165f
tcn,clean_only,202,bandpass_n20001_cLL_electrode_s0,phase2/results/predictions/full/clean_only/tcn/seed_202/bandpass_n20001_cLL_electrode_s0.npz,75852,1152af271f750659f5fc7a654ab63260608286c9593a7da0c922718f3b389a3e
tcn,clean_only,202,bandpass_n20001_cLL_covariance_s20,phase2/results/predictions/full/clean_only/tcn/seed_202/bandpass_n20001_cLL_covariance_s20.npz,76434,fc0129cae07e3f5dd1b5e0926fa8786ef0ee819d2f5e2523b7db3b5d7b1164d5
tcn,clean_only,202,bandpass_n20001_cLL_covariance_s15,phase2/results/predictions/full/clean_only/tcn/seed_202/bandpass_n20001_cLL_covariance_s15.npz,76420,61a01f33949a7bbfa678b62436da0d3fe7f8919b2f4d294fc0e035759680a96a
tcn,clean_only,202,bandpass_n20001_cLL_covariance_s10,phase2/results/predictions/full/clean_only/tcn/seed_202/bandpass_n20001_cLL_covariance_s10.npz,76257,edf19474edc9a190c191ef4304a39b1ff7b687fdc28145487b9c78f7ad9140d7
tcn,clean_only,202,bandpass_n20001_cLL_covariance_s5,phase2/results/predictions/full/clean_only/tcn/seed_202/bandpass_n20001_cLL_covariance_s5.npz,76011,fd680212e46d18a94cf0c38f648882855f55f45cf91b5bdc26a3079ca03e7472
tcn,clean_only,202,bandpass_n20001_cLL_covariance_s0,phase2/results/predictions/full/clean_only/tcn/seed_202/bandpass_n20001_cLL_covariance_s0.npz,75829,6c87706c5eaebc716f09eff076989349e9f029aacd29b090503be6665d1c4bdb
tcn,clean_only,202,bandpass_n20001_cRA_V1_independent_rms_s20,phase2/results/predictions/full/clean_only/tcn/seed_202/bandpass_n20001_cRA_V1_independent_rms_s20.npz,76452,b1bf08c48020820c15c282cbcdcf953d1ab01a2198b6b429947fd7f2a318fdb5
tcn,clean_only,202,bandpass_n20001_cRA_V1_independent_rms_s15,phase2/results/predictions/full/clean_only/tcn/seed_202/bandpass_n20001_cRA_V1_independent_rms_s15.npz,76452,1e230c29cd80ad917565943d2938121a2856d6b2382ec021e0aeeb0dc008c485
tcn,clean_only,202,bandpass_n20001_cRA_V1_independent_rms_s10,phase2/results/predictions/full/clean_only/tcn/seed_202/bandpass_n20001_cRA_V1_independent_rms_s10.npz,76394,58c8442654541777a66e85d961a5edadb526bed5e44a84e9255834d910d4ee32
tcn,clean_only,202,bandpass_n20001_cRA_V1_independent_rms_s5,phase2/results/predictions/full/clean_only/tcn/seed_202/bandpass_n20001_cRA_V1_independent_rms_s5.npz,76190,44ab056dcb1ee51199a6bcb7e9b314482ad2590872ea9a138334991bf7069044
tcn,clean_only,202,bandpass_n20001_cRA_V1_independent_rms_s0,phase2/results/predictions/full/clean_only/tcn/seed_202/bandpass_n20001_cRA_V1_independent_rms_s0.npz,75779,bef902e211aa7b76eaa1cb26b94ce3b951adec7086a9d25d6ed99563cb7c64f7
tcn,clean_only,202,bandpass_n20001_cRA_V1_electrode_s20,phase2/results/predictions/full/clean_only/tcn/seed_202/bandpass_n20001_cRA_V1_electrode_s20.npz,76438,ec06e6b74c101ec6bc23028f29d664137a5b3285b7f835a003fa0bc4d148b7bd
tcn,clean_only,202,bandpass_n20001_cRA_V1_electrode_s15,phase2/results/predictions/full/clean_only/tcn/seed_202/bandpass_n20001_cRA_V1_electrode_s15.npz,76420,b611c07487247067106fb8283197d63671abd8a0b1e7d5445567acfd1c1c62f2
tcn,clean_only,202,bandpass_n20001_cRA_V1_electrode_s10,phase2/results/predictions/full/clean_only/tcn/seed_202/bandpass_n20001_cRA_V1_electrode_s10.npz,76330,91c9dfa0f2fa9d08f8c6eaebf2494960bbb40b66375e58cd878aecb14a1140da
tcn,clean_only,202,bandpass_n20001_cRA_V1_electrode_s5,phase2/results/predictions/full/clean_only/tcn/seed_202/bandpass_n20001_cRA_V1_electrode_s5.npz,76152,2852fd0be697a0a21eb44cf50424a6bd054c3a9c2931e47962465db04c43dda2
tcn,clean_only,202,bandpass_n20001_cRA_V1_electrode_s0,phase2/results/predictions/full/clean_only/tcn/seed_202/bandpass_n20001_cRA_V1_electrode_s0.npz,75691,a91a2743238a2faedd93b8c0e563b8f8c8d14fd6d7f7f06d532ef860173c295c
tcn,clean_only,202,bandpass_n20001_cRA_V1_covariance_s20,phase2/results/predictions/full/clean_only/tcn/seed_202/bandpass_n20001_cRA_V1_covariance_s20.npz,76445,d416c198a4b399973b03892db79a2e427c20dd24f33563347c6c4b70ebf0d113
tcn,clean_only,202,bandpass_n20001_cRA_V1_covariance_s15,phase2/results/predictions/full/clean_only/tcn/seed_202/bandpass_n20001_cRA_V1_covariance_s15.npz,76409,dc70c302b72cd516b9ca222e080da9ae31f70c020e2e1ff6417dc3c11d7a1ab5
tcn,clean_only,202,bandpass_n20001_cRA_V1_covariance_s10,phase2/results/predictions/full/clean_only/tcn/seed_202/bandpass_n20001_cRA_V1_covariance_s10.npz,76361,1e88317ad06711a1881754f7ab4e0e06fc160c04e82301844703059f0334bd57
tcn,clean_only,202,bandpass_n20001_cRA_V1_covariance_s5,phase2/results/predictions/full/clean_only/tcn/seed_202/bandpass_n20001_cRA_V1_covariance_s5.npz,76126,ddf769b005d6cd39b555ebb3db35ff2755a3149d0fe42cdac74e7680eca31a2f
tcn,clean_only,202,bandpass_n20001_cRA_V1_covariance_s0,phase2/results/predictions/full/clean_only/tcn/seed_202/bandpass_n20001_cRA_V1_covariance_s0.npz,75710,f2aabf06c9d1170c1c2b10a03714ac26ea55b4a691208a9f1857c49d01ced381
tcn,clean_only,202,bandpass_n20001_cLA_V6_independent_rms_s20,phase2/results/predictions/full/clean_only/tcn/seed_202/bandpass_n20001_cLA_V6_independent_rms_s20.npz,76470,3aa06010e4b527afb267b1a1805509663ca95a60e6dd000c02100b874e8f0861
tcn,clean_only,202,bandpass_n20001_cLA_V6_independent_rms_s15,phase2/results/predictions/full/clean_only/tcn/seed_202/bandpass_n20001_cLA_V6_independent_rms_s15.npz,76460,f40519601048f794fde846a0819cc8d466d7e1950caf46ddb716d67872a59842
tcn,clean_only,202,bandpass_n20001_cLA_V6_independent_rms_s10,phase2/results/predictions/full/clean_only/tcn/seed_202/bandpass_n20001_cLA_V6_independent_rms_s10.npz,76405,3883f4b8500f3f1c8a274ab4551ed384bcc244eacec150157d4fee1209f3cc9e
tcn,clean_only,202,bandpass_n20001_cLA_V6_independent_rms_s5,phase2/results/predictions/full/clean_only/tcn/seed_202/bandpass_n20001_cLA_V6_independent_rms_s5.npz,76255,91b8971a14fdc17224c74b115bc8ac6e6c2abd28a6e2340bb9318c9af6704e7b
tcn,clean_only,202,bandpass_n20001_cLA_V6_independent_rms_s0,phase2/results/predictions/full/clean_only/tcn/seed_202/bandpass_n20001_cLA_V6_independent_rms_s0.npz,75939,78497543af12240280e05313146995656ea44fbbb67bd7ba89cecf27ace4b287
tcn,clean_only,202,bandpass_n20001_cLA_V6_electrode_s20,phase2/results/predictions/full/clean_only/tcn/seed_202/bandpass_n20001_cLA_V6_electrode_s20.npz,76441,58bd3ca3a40ab1e1a057f30018b27fd6f27220dba53292a1d7d6bab9029b11a4
tcn,clean_only,202,bandpass_n20001_cLA_V6_electrode_s15,phase2/results/predictions/full/clean_only/tcn/seed_202/bandpass_n20001_cLA_V6_electrode_s15.npz,76452,054a2feb729f72911c76f12ae0ea4aa2abb58a24270f190a210a22a513fe4760
tcn,clean_only,202,bandpass_n20001_cLA_V6_electrode_s10,phase2/results/predictions/full/clean_only/tcn/seed_202/bandpass_n20001_cLA_V6_electrode_s10.npz,76315,ec48721b283f68f4b4735ce03e40b1ffbf78b96db4b6e41c266b14ff38bb3038
tcn,clean_only,202,bandpass_n20001_cLA_V6_electrode_s5,phase2/results/predictions/full/clean_only/tcn/seed_202/bandpass_n20001_cLA_V6_electrode_s5.npz,76062,2da547f8c7386dc1f0dbb6e331448103044c31894e085a4cf5ff6fea98eb1982
tcn,clean_only,202,bandpass_n20001_cLA_V6_electrode_s0,phase2/results/predictions/full/clean_only/tcn/seed_202/bandpass_n20001_cLA_V6_electrode_s0.npz,75839,6d37f0d43d0edd04621039f331d9bd848e01a4825b48779c2a26985e4b8e4b66
tcn,clean_only,202,bandpass_n20001_cLA_V6_covariance_s20,phase2/results/predictions/full/clean_only/tcn/seed_202/bandpass_n20001_cLA_V6_covariance_s20.npz,76444,1727ae314bea2535ab9429cbcfc960e3ca88753aedff187dec656cb025762563
tcn,clean_only,202,bandpass_n20001_cLA_V6_covariance_s15,phase2/results/predictions/full/clean_only/tcn/seed_202/bandpass_n20001_cLA_V6_covariance_s15.npz,76421,484cf007de980d1a48f5a51e7dba3e3a1468e0e59f3ac59511420bdf45d7f848
tcn,clean_only,202,bandpass_n20001_cLA_V6_covariance_s10,phase2/results/predictions/full/clean_only/tcn/seed_202/bandpass_n20001_cLA_V6_covariance_s10.npz,76287,61ac526ea0671f04ec7da457867f96445ae41631a17fe03da090903a19b6285f
tcn,clean_only,202,bandpass_n20001_cLA_V6_covariance_s5,phase2/results/predictions/full/clean_only/tcn/seed_202/bandpass_n20001_cLA_V6_covariance_s5.npz,76063,a895f5ae8579d3372f597ebc9c9ee34f23ff18fbe29d6ea76f7444fece9c7410
tcn,clean_only,202,bandpass_n20001_cLA_V6_covariance_s0,phase2/results/predictions/full/clean_only/tcn/seed_202/bandpass_n20001_cLA_V6_covariance_s0.npz,75842,93da63c83b0424bb8096ed2d2cd742546347ac96ea46d2f410e15a1c49c5759b
tcn,clean_only,202,bandpass_n20001_cLL_V4_independent_rms_s20,phase2/results/predictions/full/clean_only/tcn/seed_202/bandpass_n20001_cLL_V4_independent_rms_s20.npz,76453,29e84ea31941fff20b9cf0a1feb8f82dd3870d92ba0aff590798c2fa1ae3357b
tcn,clean_only,202,bandpass_n20001_cLL_V4_independent_rms_s15,phase2/results/predictions/full/clean_only/tcn/seed_202/bandpass_n20001_cLL_V4_independent_rms_s15.npz,76445,32f6673ac22ec7f595ae177056f8ec3abf92a3369d5d3966a910f9ca023cc4ef
tcn,clean_only,202,bandpass_n20001_cLL_V4_independent_rms_s10,phase2/results/predictions/full/clean_only/tcn/seed_202/bandpass_n20001_cLL_V4_independent_rms_s10.npz,76424,756f8555db73e20e41f40edeac870bc9c7ae2e043d787112ebd42d8939156fbd
tcn,clean_only,202,bandpass_n20001_cLL_V4_independent_rms_s5,phase2/results/predictions/full/clean_only/tcn/seed_202/bandpass_n20001_cLL_V4_independent_rms_s5.npz,76168,7e65a8212716f28886d05624a0344aa50bc46123f31a7992ae0c8f51c17f1bbe
tcn,clean_only,202,bandpass_n20001_cLL_V4_independent_rms_s0,phase2/results/predictions/full/clean_only/tcn/seed_202/bandpass_n20001_cLL_V4_independent_rms_s0.npz,75834,536fede4af565fb70b2c99e8d10adcc4c76aa772b7f2be7f7c6306eecd11e263
tcn,clean_only,202,bandpass_n20001_cLL_V4_electrode_s20,phase2/results/predictions/full/clean_only/tcn/seed_202/bandpass_n20001_cLL_V4_electrode_s20.npz,76464,ec63945109012d1ad3fdd4253b8edea810f13b1d34a75ae7966997ead417dc13
tcn,clean_only,202,bandpass_n20001_cLL_V4_electrode_s15,phase2/results/predictions/full/clean_only/tcn/seed_202/bandpass_n20001_cLL_V4_electrode_s15.npz,76403,ed626ab025ae59a983277873dea8a1b03e5ccefd39e48e336b25df9b3207678e
tcn,clean_only,202,bandpass_n20001_cLL_V4_electrode_s10,phase2/results/predictions/full/clean_only/tcn/seed_202/bandpass_n20001_cLL_V4_electrode_s10.npz,76319,41613d8a84eeab411ed2382188f6c6140902de1d5a38cfdeaa78199848fd4b4d
tcn,clean_only,202,bandpass_n20001_cLL_V4_electrode_s5,phase2/results/predictions/full/clean_only/tcn/seed_202/bandpass_n20001_cLL_V4_electrode_s5.npz,76039,ebc3e13ab883e5d9fc26dda4a5fc9ebc66d08fef11b9308b6523d1f10e03c3ed
tcn,clean_only,202,bandpass_n20001_cLL_V4_electrode_s0,phase2/results/predictions/full/clean_only/tcn/seed_202/bandpass_n20001_cLL_V4_electrode_s0.npz,75818,7e010423e547be80f5d5f649d10db523245238c4d12c4e385f8ea0abed518257
tcn,clean_only,202,bandpass_n20001_cLL_V4_covariance_s20,phase2/results/predictions/full/clean_only/tcn/seed_202/bandpass_n20001_cLL_V4_covariance_s20.npz,76457,487421f7673219a3c86d622fe64593461bd7ab07392f5132b62296fc7a456ee5
tcn,clean_only,202,bandpass_n20001_cLL_V4_covariance_s15,phase2/results/predictions/full/clean_only/tcn/seed_202/bandpass_n20001_cLL_V4_covariance_s15.npz,76405,bd729ae139e022cca927b820caf6ce38d16a91f772f534383a9ba7fe75d391c8
tcn,clean_only,202,bandpass_n20001_cLL_V4_covariance_s10,phase2/results/predictions/full/clean_only/tcn/seed_202/bandpass_n20001_cLL_V4_covariance_s10.npz,76288,8646094edfbac3fec7e7d5e4d1fb0ce89f941232ac248e4990cfadabdc855854
tcn,clean_only,202,bandpass_n20001_cLL_V4_covariance_s5,phase2/results/predictions/full/clean_only/tcn/seed_202/bandpass_n20001_cLL_V4_covariance_s5.npz,76049,412db9c2e5e405437ee04785f27811b12645c05f04341d346e7f23df117961cb
tcn,clean_only,202,bandpass_n20001_cLL_V4_covariance_s0,phase2/results/predictions/full/clean_only/tcn/seed_202/bandpass_n20001_cLL_V4_covariance_s0.npz,75860,b429bf4cfbce92094e38b9077a94388f89501daaf4eb9126d6efc915c1dafc20
tcn,clean_only,202,bandpass_n20001_cRA_LA_V1_V6_independent_rms_s20,phase2/results/predictions/full/clean_only/tcn/seed_202/bandpass_n20001_cRA_LA_V1_V6_independent_rms_s20.npz,76485,cac742a05fb6803b6990df275d07f38377239e31f58f6ab7630d8199369a52c2
tcn,clean_only,202,bandpass_n20001_cRA_LA_V1_V6_independent_rms_s15,phase2/results/predictions/full/clean_only/tcn/seed_202/bandpass_n20001_cRA_LA_V1_V6_independent_rms_s15.npz,76445,f103a6737a6bd09eb653cea1e73d12f268751fa0b15eae558bc6135dffcdcd41
tcn,clean_only,202,bandpass_n20001_cRA_LA_V1_V6_independent_rms_s10,phase2/results/predictions/full/clean_only/tcn/seed_202/bandpass_n20001_cRA_LA_V1_V6_independent_rms_s10.npz,76391,30c43ffeca15ff71877672d78c92b56ac9318dbee2b8f763d373b6a6583b52d3
tcn,clean_only,202,bandpass_n20001_cRA_LA_V1_V6_independent_rms_s5,phase2/results/predictions/full/clean_only/tcn/seed_202/bandpass_n20001_cRA_LA_V1_V6_independent_rms_s5.npz,76243,86be182614c9421d72d26c97e3b3429caf0f8c3dbeec94394678cf534b8b3752
tcn,clean_only,202,bandpass_n20001_cRA_LA_V1_V6_independent_rms_s0,phase2/results/predictions/full/clean_only/tcn/seed_202/bandpass_n20001_cRA_LA_V1_V6_independent_rms_s0.npz,75864,753356927e6a5adc31e954e8002ccd82ea6f87babd90ad2f6e192ff9949e3257
tcn,clean_only,202,bandpass_n20001_cRA_LA_V1_V6_electrode_s20,phase2/results/predictions/full/clean_only/tcn/seed_202/bandpass_n20001_cRA_LA_V1_V6_electrode_s20.npz,76447,a3484d902c4798f12a3afce86fa3f0cf0119e69435f64601b2e6a6a7396a73d7
tcn,clean_only,202,bandpass_n20001_cRA_LA_V1_V6_electrode_s15,phase2/results/predictions/full/clean_only/tcn/seed_202/bandpass_n20001_cRA_LA_V1_V6_electrode_s15.npz,76450,e80609d3bc3ee021bcfca66b68766483c5d2886c7fe6fb41f0e46b22d918d878
tcn,clean_only,202,bandpass_n20001_cRA_LA_V1_V6_electrode_s10,phase2/results/predictions/full/clean_only/tcn/seed_202/bandpass_n20001_cRA_LA_V1_V6_electrode_s10.npz,76344,720d36c84b8578fe285ea91ec4b875d28ee12107493cb6c3ec2dbe7e6f966c3f
tcn,clean_only,202,bandpass_n20001_cRA_LA_V1_V6_electrode_s5,phase2/results/predictions/full/clean_only/tcn/seed_202/bandpass_n20001_cRA_LA_V1_V6_electrode_s5.npz,76088,143a1a6a3e0f05c77b286d7812e8d709639deea517fa9613510e99b25feeab9e
tcn,clean_only,202,bandpass_n20001_cRA_LA_V1_V6_electrode_s0,phase2/results/predictions/full/clean_only/tcn/seed_202/bandpass_n20001_cRA_LA_V1_V6_electrode_s0.npz,75604,b95ae003c8cd7804c8d3049912d4bdddbfe406f507f653d0528efb4a2efdfb51
tcn,clean_only,202,bandpass_n20001_cRA_LA_V1_V6_covariance_s20,phase2/results/predictions/full/clean_only/tcn/seed_202/bandpass_n20001_cRA_LA_V1_V6_covariance_s20.npz,76442,e72e2848f2daa027e17e0df0bb64a0148af74ed02ada56e208c0a01149a322bb
tcn,clean_only,202,bandpass_n20001_cRA_LA_V1_V6_covariance_s15,phase2/results/predictions/full/clean_only/tcn/seed_202/bandpass_n20001_cRA_LA_V1_V6_covariance_s15.npz,76476,414b2608be04aa10d76f9bdced675107ad3e6842c7f3db489b0d403e984f6341
tcn,clean_only,202,bandpass_n20001_cRA_LA_V1_V6_covariance_s10,phase2/results/predictions/full/clean_only/tcn/seed_202/bandpass_n20001_cRA_LA_V1_V6_covariance_s10.npz,76346,21dd3c89735a1764883527d66f0fb46c18754f7d6503a5e8b0996e9255803756
tcn,clean_only,202,bandpass_n20001_cRA_LA_V1_V6_covariance_s5,phase2/results/predictions/full/clean_only/tcn/seed_202/bandpass_n20001_cRA_LA_V1_V6_covariance_s5.npz,76097,b83ddeda010d2c768036eba96ad02926f77a26fc2d87dd88214d7cc813933277
tcn,clean_only,202,bandpass_n20001_cRA_LA_V1_V6_covariance_s0,phase2/results/predictions/full/clean_only/tcn/seed_202/bandpass_n20001_cRA_LA_V1_V6_covariance_s0.npz,75591,b5b79bcb1267b7d2a57cc30bd64c43665d61f2040f27bff7d0d65f09059630eb
tcn,clean_only,202,bandpass_n20001_cRA_V2_V5_independent_rms_s20,phase2/results/predictions/full/clean_only/tcn/seed_202/bandpass_n20001_cRA_V2_V5_independent_rms_s20.npz,76447,8ef1968baeb80af32b2525e895e2230be3b77db02fbdebce4f975e29a59dac8b
tcn,clean_only,202,bandpass_n20001_cRA_V2_V5_independent_rms_s15,phase2/results/predictions/full/clean_only/tcn/seed_202/bandpass_n20001_cRA_V2_V5_independent_rms_s15.npz,76432,9b751e4d8052fe79b4bdaa3cda5e4a5cb821e222095e4bb0e4abbe3696925a66
tcn,clean_only,202,bandpass_n20001_cRA_V2_V5_independent_rms_s10,phase2/results/predictions/full/clean_only/tcn/seed_202/bandpass_n20001_cRA_V2_V5_independent_rms_s10.npz,76414,30734dc60e7ef0ce19e1d8ec0962c807d5ac215b49b77b9ad77f4982177386c9
tcn,clean_only,202,bandpass_n20001_cRA_V2_V5_independent_rms_s5,phase2/results/predictions/full/clean_only/tcn/seed_202/bandpass_n20001_cRA_V2_V5_independent_rms_s5.npz,76262,4220161781a816126b3009c562dcf833b56e98fdf3c4d54503037d143742a62c
tcn,clean_only,202,bandpass_n20001_cRA_V2_V5_independent_rms_s0,phase2/results/predictions/full/clean_only/tcn/seed_202/bandpass_n20001_cRA_V2_V5_independent_rms_s0.npz,75884,b9d3b3955b544bcd8439d927c91b214021c9c4b8b80e369a2ea17df04339d621
tcn,clean_only,202,bandpass_n20001_cRA_V2_V5_electrode_s20,phase2/results/predictions/full/clean_only/tcn/seed_202/bandpass_n20001_cRA_V2_V5_electrode_s20.npz,76426,951044b7e4240178cf8588ee86e2f18db8f4d0cb78b80d4099eea22d4dad8c61
tcn,clean_only,202,bandpass_n20001_cRA_V2_V5_electrode_s15,phase2/results/predictions/full/clean_only/tcn/seed_202/bandpass_n20001_cRA_V2_V5_electrode_s15.npz,76431,e848c583664ebcb1dfe746fd86917b94954982e83d90c756ddb0a4b8de5a55ce
tcn,clean_only,202,bandpass_n20001_cRA_V2_V5_electrode_s10,phase2/results/predictions/full/clean_only/tcn/seed_202/bandpass_n20001_cRA_V2_V5_electrode_s10.npz,76361,f97a39748e1429681326ec6dc73833efba94bae6bd5cc0e9f60e7405e18fec08
tcn,clean_only,202,bandpass_n20001_cRA_V2_V5_electrode_s5,phase2/results/predictions/full/clean_only/tcn/seed_202/bandpass_n20001_cRA_V2_V5_electrode_s5.npz,76171,a1de0ea47135a0d2ac7a35a5a30975626cd999feb0165566543a0935f3af8594
tcn,clean_only,202,bandpass_n20001_cRA_V2_V5_electrode_s0,phase2/results/predictions/full/clean_only/tcn/seed_202/bandpass_n20001_cRA_V2_V5_electrode_s0.npz,75876,a6e358258acefb898ea2087fbd642fc94cd34123916daae362a01d585a354053
tcn,clean_only,202,bandpass_n20001_cRA_V2_V5_covariance_s20,phase2/results/predictions/full/clean_only/tcn/seed_202/bandpass_n20001_cRA_V2_V5_covariance_s20.npz,76443,1c5e446eb220b29376e3afa9f05e89ef6db83d6a70aa339a1123e57fb7ef4bd7
tcn,clean_only,202,bandpass_n20001_cRA_V2_V5_covariance_s15,phase2/results/predictions/full/clean_only/tcn/seed_202/bandpass_n20001_cRA_V2_V5_covariance_s15.npz,76476,8b5c9e5ce9ce353d52a73ff0f69b6fc7c61c719ddb0f71a3426b15b95fa0ddd5
tcn,clean_only,202,bandpass_n20001_cRA_V2_V5_covariance_s10,phase2/results/predictions/full/clean_only/tcn/seed_202/bandpass_n20001_cRA_V2_V5_covariance_s10.npz,76377,c7b441fbc02698f205ba0b41eae89663955b995ff3feb69ff46872025aa10106
tcn,clean_only,202,bandpass_n20001_cRA_V2_V5_covariance_s5,phase2/results/predictions/full/clean_only/tcn/seed_202/bandpass_n20001_cRA_V2_V5_covariance_s5.npz,76194,b895fdae54ab10ccda3ae8b402eff02fbcef52b0997453ce09a8d2527f8ee97f
tcn,clean_only,202,bandpass_n20001_cRA_V2_V5_covariance_s0,phase2/results/predictions/full/clean_only/tcn/seed_202/bandpass_n20001_cRA_V2_V5_covariance_s0.npz,75850,7cf7272cf14e408d839981cf966efb2bd7ce771b264e6113568530e72e4b90e2
tcn,clean_only,202,bandpass_n20001_cLA_V3_V6_independent_rms_s20,phase2/results/predictions/full/clean_only/tcn/seed_202/bandpass_n20001_cLA_V3_V6_independent_rms_s20.npz,76462,af1cf2b31254aaa98f198257e2390820a9501dc287c3e70fa0d7576d57782888
tcn,clean_only,202,bandpass_n20001_cLA_V3_V6_independent_rms_s15,phase2/results/predictions/full/clean_only/tcn/seed_202/bandpass_n20001_cLA_V3_V6_independent_rms_s15.npz,76461,7400d25864a94f6bb4f93e7c49ce4ede6258019f924918c6dc0085b7e92ea987
tcn,clean_only,202,bandpass_n20001_cLA_V3_V6_independent_rms_s10,phase2/results/predictions/full/clean_only/tcn/seed_202/bandpass_n20001_cLA_V3_V6_independent_rms_s10.npz,76396,3c984a24325abc72eb85b63dc62858694af641c37020dd94b52092a519683087
tcn,clean_only,202,bandpass_n20001_cLA_V3_V6_independent_rms_s5,phase2/results/predictions/full/clean_only/tcn/seed_202/bandpass_n20001_cLA_V3_V6_independent_rms_s5.npz,76310,b742b171f5c5e8043ebf0eb60b5a3db7612d19078c6c1dd84f4d002bda6ee5d8
tcn,clean_only,202,bandpass_n20001_cLA_V3_V6_independent_rms_s0,phase2/results/predictions/full/clean_only/tcn/seed_202/bandpass_n20001_cLA_V3_V6_independent_rms_s0.npz,75940,dd6f6eda8c87944d2a09be06f82169e0ff7afd96ef6d76d3142ce08b2aac8a34
tcn,clean_only,202,bandpass_n20001_cLA_V3_V6_electrode_s20,phase2/results/predictions/full/clean_only/tcn/seed_202/bandpass_n20001_cLA_V3_V6_electrode_s20.npz,76435,d1e4ba08b6407859f3eb00f01001fb2853080af6b530ef2e9dee39339ee98b93
tcn,clean_only,202,bandpass_n20001_cLA_V3_V6_electrode_s15,phase2/results/predictions/full/clean_only/tcn/seed_202/bandpass_n20001_cLA_V3_V6_electrode_s15.npz,76416,fffc720a6425b98c069ea21c25713c31da59afae7b7568456a836043b0e3252b
tcn,clean_only,202,bandpass_n20001_cLA_V3_V6_electrode_s10,phase2/results/predictions/full/clean_only/tcn/seed_202/bandpass_n20001_cLA_V3_V6_electrode_s10.npz,76346,c47e360007b99ef9d8f46223d8ecaf2ca03351ee58328dd3dbca66f482ca421d
tcn,clean_only,202,bandpass_n20001_cLA_V3_V6_electrode_s5,phase2/results/predictions/full/clean_only/tcn/seed_202/bandpass_n20001_cLA_V3_V6_electrode_s5.npz,76111,a3a9de3852430d718fa373dbdad1848a1dfed79e1555573fde024b76c9c3994b
tcn,clean_only,202,bandpass_n20001_cLA_V3_V6_electrode_s0,phase2/results/predictions/full/clean_only/tcn/seed_202/bandpass_n20001_cLA_V3_V6_electrode_s0.npz,75817,89afac9e13c1b4cb5b5a18f554fe6365e552e10631e9c4ad9c610af3027deb6f
tcn,clean_only,202,bandpass_n20001_cLA_V3_V6_covariance_s20,phase2/results/predictions/full/clean_only/tcn/seed_202/bandpass_n20001_cLA_V3_V6_covariance_s20.npz,76444,f83d818a23459eaef7e29e79620420f547f685241e4829ef1daef6e4a3bd9ffe
tcn,clean_only,202,bandpass_n20001_cLA_V3_V6_covariance_s15,phase2/results/predictions/full/clean_only/tcn/seed_202/bandpass_n20001_cLA_V3_V6_covariance_s15.npz,76437,48532157ee710fee896ab0e4aa0a50a78d9c92b2f925f173c1ffe1d901089da4
tcn,clean_only,202,bandpass_n20001_cLA_V3_V6_covariance_s10,phase2/results/predictions/full/clean_only/tcn/seed_202/bandpass_n20001_cLA_V3_V6_covariance_s10.npz,76372,24b245e3f7221e6e0c75e10850d9eb1e94b517a154efcb6a22cbc4a81fd4098c
tcn,clean_only,202,bandpass_n20001_cLA_V3_V6_covariance_s5,phase2/results/predictions/full/clean_only/tcn/seed_202/bandpass_n20001_cLA_V3_V6_covariance_s5.npz,76106,6a46657a2bf8ab40e294ee714bf8a03ab8316721c4ad2c313550a3d2d4769a03
tcn,clean_only,202,bandpass_n20001_cLA_V3_V6_covariance_s0,phase2/results/predictions/full/clean_only/tcn/seed_202/bandpass_n20001_cLA_V3_V6_covariance_s0.npz,75857,acd6b1e65b9251d5587f719fb83116550019a4df4d5b423d547c9990810e5e9e
tcn,clean_only,202,bandpass_n20001_cLL_V1_V4_independent_rms_s20,phase2/results/predictions/full/clean_only/tcn/seed_202/bandpass_n20001_cLL_V1_V4_independent_rms_s20.npz,76455,e40fcffc8758228246ffed9fc8d553a8fb26d2b796b791e426cce9e7e374a00b
tcn,clean_only,202,bandpass_n20001_cLL_V1_V4_independent_rms_s15,phase2/results/predictions/full/clean_only/tcn/seed_202/bandpass_n20001_cLL_V1_V4_independent_rms_s15.npz,76439,c8d07c40d7d8ae65ca4c65825c00e5af348a668a0c66c462f3c2b9abb40efa1f
tcn,clean_only,202,bandpass_n20001_cLL_V1_V4_independent_rms_s10,phase2/results/predictions/full/clean_only/tcn/seed_202/bandpass_n20001_cLL_V1_V4_independent_rms_s10.npz,76411,11cd0d96e53fdabfe3aa0e71f340e54066ac4c57f1f31c98fc2940a4cecdb680
tcn,clean_only,202,bandpass_n20001_cLL_V1_V4_independent_rms_s5,phase2/results/predictions/full/clean_only/tcn/seed_202/bandpass_n20001_cLL_V1_V4_independent_rms_s5.npz,76172,affa5a05dbc2fc841781d521e831bd05278b74b194618cded55a7f7de402a879
tcn,clean_only,202,bandpass_n20001_cLL_V1_V4_independent_rms_s0,phase2/results/predictions/full/clean_only/tcn/seed_202/bandpass_n20001_cLL_V1_V4_independent_rms_s0.npz,75822,64debc65cab301d46564ad6f71847fc662144084f8c118577ba583c00b8ab681
tcn,clean_only,202,bandpass_n20001_cLL_V1_V4_electrode_s20,phase2/results/predictions/full/clean_only/tcn/seed_202/bandpass_n20001_cLL_V1_V4_electrode_s20.npz,76459,58334b48b1203547b1459f9607947b6925064769b064c342fdd42d02383e6d53
tcn,clean_only,202,bandpass_n20001_cLL_V1_V4_electrode_s15,phase2/results/predictions/full/clean_only/tcn/seed_202/bandpass_n20001_cLL_V1_V4_electrode_s15.npz,76437,e74d093b696102c754954edc69e74795e5bdf01fbaf12f2743e5f143704cd3f8
tcn,clean_only,202,bandpass_n20001_cLL_V1_V4_electrode_s10,phase2/results/predictions/full/clean_only/tcn/seed_202/bandpass_n20001_cLL_V1_V4_electrode_s10.npz,76305,e3fb997f2cb6ced4d1974bc3069dcdff50ee32d0d2d448496f29325d278ee2d3
tcn,clean_only,202,bandpass_n20001_cLL_V1_V4_electrode_s5,phase2/results/predictions/full/clean_only/tcn/seed_202/bandpass_n20001_cLL_V1_V4_electrode_s5.npz,76046,d9d8d2d7ff9e5169157759a2be09935dea342c5fa37e0d1dfee2a0af3876684a
tcn,clean_only,202,bandpass_n20001_cLL_V1_V4_electrode_s0,phase2/results/predictions/full/clean_only/tcn/seed_202/bandpass_n20001_cLL_V1_V4_electrode_s0.npz,75790,6cdf0b4c8563e19c1c8eb5a56f4864e287493331850670626089aa4cb747cbf1
tcn,clean_only,202,bandpass_n20001_cLL_V1_V4_covariance_s20,phase2/results/predictions/full/clean_only/tcn/seed_202/bandpass_n20001_cLL_V1_V4_covariance_s20.npz,76428,d835024f02d299e3413b73b5b3cc18f21f41e3f6fb5f823d2fb2e183fd9911bd
tcn,clean_only,202,bandpass_n20001_cLL_V1_V4_covariance_s15,phase2/results/predictions/full/clean_only/tcn/seed_202/bandpass_n20001_cLL_V1_V4_covariance_s15.npz,76429,2ba48ca397252512ad20db75fd183bca8e24f96c6852864d07ca7c6f2f2088ce
tcn,clean_only,202,bandpass_n20001_cLL_V1_V4_covariance_s10,phase2/results/predictions/full/clean_only/tcn/seed_202/bandpass_n20001_cLL_V1_V4_covariance_s10.npz,76326,834e27ef5320dfbf7a8c26d8442075bcb46bd1c001c48ec85d835005b86404be
tcn,clean_only,202,bandpass_n20001_cLL_V1_V4_covariance_s5,phase2/results/predictions/full/clean_only/tcn/seed_202/bandpass_n20001_cLL_V1_V4_covariance_s5.npz,76037,cf16eccc82e5435cb1920a1478123b9ffc278a86a3d56399923229b53442c3e8
tcn,clean_only,202,bandpass_n20001_cLL_V1_V4_covariance_s0,phase2/results/predictions/full/clean_only/tcn/seed_202/bandpass_n20001_cLL_V1_V4_covariance_s0.npz,75796,23579681b340d373fdbef82fc1c00819748c1884cba771a7e94f89eb34e9b65a
tcn,clean_only,202,bandpass_n20001_call_independent_rms_s20,phase2/results/predictions/full/clean_only/tcn/seed_202/bandpass_n20001_call_independent_rms_s20.npz,76417,2c6da4bc44465d0c0f077cfe0bfe3fad1532571f6929e9fa88c7063a922ccc40
tcn,clean_only,202,bandpass_n20001_call_independent_rms_s15,phase2/results/predictions/full/clean_only/tcn/seed_202/bandpass_n20001_call_independent_rms_s15.npz,76410,3fdf16ccb9581c69d57ba60eb8678ce81efa372e6febc03b734ffdcb54cdb66f
tcn,clean_only,202,bandpass_n20001_call_independent_rms_s10,phase2/results/predictions/full/clean_only/tcn/seed_202/bandpass_n20001_call_independent_rms_s10.npz,76372,5fb90630355dd4cb46eae83ce2c9b417f9b74c167a85bd3c8e10faef330a6a8a
tcn,clean_only,202,bandpass_n20001_call_independent_rms_s5,phase2/results/predictions/full/clean_only/tcn/seed_202/bandpass_n20001_call_independent_rms_s5.npz,76194,1b055577d0159964e02dd66b5bc3baf20a0342c1301be36d45163093428a1679
tcn,clean_only,202,bandpass_n20001_call_independent_rms_s0,phase2/results/predictions/full/clean_only/tcn/seed_202/bandpass_n20001_call_independent_rms_s0.npz,75847,60d63155661d0eaac6dfc577959aaba8bf54e02cf55628bd544a25de68b2f47b
tcn,clean_only,202,bandpass_n20001_call_electrode_s20,phase2/results/predictions/full/clean_only/tcn/seed_202/bandpass_n20001_call_electrode_s20.npz,76410,365bc4100a67a053f20611aef76bbaa1a8c7d8911e5c604e4bb3c61840e21684
tcn,clean_only,202,bandpass_n20001_call_electrode_s15,phase2/results/predictions/full/clean_only/tcn/seed_202/bandpass_n20001_call_electrode_s15.npz,76407,17c55e4731fcce8b2b659b29f639261d098bb2d39d673094121b2eed1a2def27
tcn,clean_only,202,bandpass_n20001_call_electrode_s10,phase2/results/predictions/full/clean_only/tcn/seed_202/bandpass_n20001_call_electrode_s10.npz,76293,2d80e1f3dd6b0ab786b87ac0cef05bb729739fcfb9ed6dbb3c14ab1f4a700d83
tcn,clean_only,202,bandpass_n20001_call_electrode_s5,phase2/results/predictions/full/clean_only/tcn/seed_202/bandpass_n20001_call_electrode_s5.npz,76066,0b94bb7247eadf2230bb58e79c1a1839884a7baaeba5a1a8a0c388787702aa52
tcn,clean_only,202,bandpass_n20001_call_electrode_s0,phase2/results/predictions/full/clean_only/tcn/seed_202/bandpass_n20001_call_electrode_s0.npz,75668,f6b1c612e6d227ed04c9f0cc56d8dc7292446ae4c855a13236d4cbb77bfd69b4
tcn,clean_only,202,bandpass_n20001_call_covariance_s20,phase2/results/predictions/full/clean_only/tcn/seed_202/bandpass_n20001_call_covariance_s20.npz,76409,ae5dec1e662580d516b1d8251188856177f3253dcf0e3fd855931ae00e23549e
tcn,clean_only,202,bandpass_n20001_call_covariance_s15,phase2/results/predictions/full/clean_only/tcn/seed_202/bandpass_n20001_call_covariance_s15.npz,76388,76bac76fa0d47276516b90b3529ac8ded60a9377771165a69134ef80cb48c518
tcn,clean_only,202,bandpass_n20001_call_covariance_s10,phase2/results/predictions/full/clean_only/tcn/seed_202/bandpass_n20001_call_covariance_s10.npz,76337,6e0d7287ddd9dda9e61b9cb66e5aaad981eaca6521d36f2874a673d243c94a07
tcn,clean_only,202,bandpass_n20001_call_covariance_s5,phase2/results/predictions/full/clean_only/tcn/seed_202/bandpass_n20001_call_covariance_s5.npz,76096,28ee9691dc0691065ecb7829e52d9aaa65456cc1c826ff80be671c3881144ac4
tcn,clean_only,202,bandpass_n20001_call_covariance_s0,phase2/results/predictions/full/clean_only/tcn/seed_202/bandpass_n20001_call_covariance_s0.npz,75652,55098a1d550147bc67315530c43f9fc0d561aab517e59de9fc285c71d099b0d4
tcn,clean_only,202,bandpass_n20002_cRA_LA_LL_independent_rms_s20,phase2/results/predictions/full/clean_only/tcn/seed_202/bandpass_n20002_cRA_LA_LL_independent_rms_s20.npz,76442,be53e4290a2ac8a58473f18d0376cfba64ec58bbec599540b879279c8945e555
tcn,clean_only,202,bandpass_n20002_cRA_LA_LL_independent_rms_s15,phase2/results/predictions/full/clean_only/tcn/seed_202/bandpass_n20002_cRA_LA_LL_independent_rms_s15.npz,76424,f1e5281887ce3f89870e0ba0929a5d9b79270aca4a91bb52909ea1b5fa72370e
tcn,clean_only,202,bandpass_n20002_cRA_LA_LL_independent_rms_s10,phase2/results/predictions/full/clean_only/tcn/seed_202/bandpass_n20002_cRA_LA_LL_independent_rms_s10.npz,76397,55d9efe39de11622a1a02ea0e5a2ec45b714f9f94a6101436bcee61433badcfb
tcn,clean_only,202,bandpass_n20002_cRA_LA_LL_independent_rms_s5,phase2/results/predictions/full/clean_only/tcn/seed_202/bandpass_n20002_cRA_LA_LL_independent_rms_s5.npz,76207,e93f6bb04072512ed7403b33a951399a08c2d4731ca27dfabb3bb217049f1f95
tcn,clean_only,202,bandpass_n20002_cRA_LA_LL_independent_rms_s0,phase2/results/predictions/full/clean_only/tcn/seed_202/bandpass_n20002_cRA_LA_LL_independent_rms_s0.npz,75845,041bb553bd116c19c84f1e6191fd37f31c8e16d26414e63b9c7d7e50a1831f88
tcn,clean_only,202,bandpass_n20002_cRA_LA_LL_electrode_s20,phase2/results/predictions/full/clean_only/tcn/seed_202/bandpass_n20002_cRA_LA_LL_electrode_s20.npz,76432,82e8c53ef3ed4ea7bf1eaff15c2193dbcf7753ec90de09d26e686167d24f7ac9
tcn,clean_only,202,bandpass_n20002_cRA_LA_LL_electrode_s15,phase2/results/predictions/full/clean_only/tcn/seed_202/bandpass_n20002_cRA_LA_LL_electrode_s15.npz,76429,b8efb09fba35c425086e5d984d33f1cd628bb047cdf870bbe112930aeaeb5ac3
tcn,clean_only,202,bandpass_n20002_cRA_LA_LL_electrode_s10,phase2/results/predictions/full/clean_only/tcn/seed_202/bandpass_n20002_cRA_LA_LL_electrode_s10.npz,76312,2e39a772ddc7d8dcdd7b04a70d209fe4a3f50cdca0f1e395f9d8dbcc3c677a93
tcn,clean_only,202,bandpass_n20002_cRA_LA_LL_electrode_s5,phase2/results/predictions/full/clean_only/tcn/seed_202/bandpass_n20002_cRA_LA_LL_electrode_s5.npz,76004,e5e2a6594cdf34b689d2ba04727e5863a55fb18100b25a03507978f86e2f73f0
tcn,clean_only,202,bandpass_n20002_cRA_LA_LL_electrode_s0,phase2/results/predictions/full/clean_only/tcn/seed_202/bandpass_n20002_cRA_LA_LL_electrode_s0.npz,75696,c2ebd7c1e09d071510b715acdc90ea682d435a985b66597fee1a18d8e47ee597
tcn,clean_only,202,bandpass_n20002_cRA_LA_LL_covariance_s20,phase2/results/predictions/full/clean_only/tcn/seed_202/bandpass_n20002_cRA_LA_LL_covariance_s20.npz,76419,0895f45410fb4b1d5ec75088f6b0a17c11c5da9d4c72c45b19e35db331f2b56f
tcn,clean_only,202,bandpass_n20002_cRA_LA_LL_covariance_s15,phase2/results/predictions/full/clean_only/tcn/seed_202/bandpass_n20002_cRA_LA_LL_covariance_s15.npz,76445,824150fc5037ff1a5d9cf8d6a5aa3b04adbfc4f9495381149091bffc5a66a888
tcn,clean_only,202,bandpass_n20002_cRA_LA_LL_covariance_s10,phase2/results/predictions/full/clean_only/tcn/seed_202/bandpass_n20002_cRA_LA_LL_covariance_s10.npz,76300,424c03220a63838bdf506bf46f8565bcbffd5abcbc96be38ae2ddce06275a1a6
tcn,clean_only,202,bandpass_n20002_cRA_LA_LL_covariance_s5,phase2/results/predictions/full/clean_only/tcn/seed_202/bandpass_n20002_cRA_LA_LL_covariance_s5.npz,76001,38d42324af7bf415e7c0ecd7af4c0981cef44c9e66f1e64c861c19330db188a4
tcn,clean_only,202,bandpass_n20002_cRA_LA_LL_covariance_s0,phase2/results/predictions/full/clean_only/tcn/seed_202/bandpass_n20002_cRA_LA_LL_covariance_s0.npz,75698,f79eab5fbf029bc4fe548a74de62a834798444f802d1379c1d96f089c16354ea
tcn,clean_only,202,bandpass_n20002_cV1_independent_rms_s20,phase2/results/predictions/full/clean_only/tcn/seed_202/bandpass_n20002_cV1_independent_rms_s20.npz,76447,636bec67cf9f8cf59b11071df52617056504d8c2a00e43fa42d7159592a7cb0c
tcn,clean_only,202,bandpass_n20002_cV1_independent_rms_s15,phase2/results/predictions/full/clean_only/tcn/seed_202/bandpass_n20002_cV1_independent_rms_s15.npz,76410,75bfe6d9760214da7618305dddf27abb0b1a68fcf74b4de7ec53c57831c88b18
tcn,clean_only,202,bandpass_n20002_cV1_independent_rms_s10,phase2/results/predictions/full/clean_only/tcn/seed_202/bandpass_n20002_cV1_independent_rms_s10.npz,76280,0b908a37a4ec78ce43c6b720321de6710fba2eab91601627a4bed378acec5477
tcn,clean_only,202,bandpass_n20002_cV1_independent_rms_s5,phase2/results/predictions/full/clean_only/tcn/seed_202/bandpass_n20002_cV1_independent_rms_s5.npz,76088,8762f5e1cbbd15c0a62fa62c6b464661e04b27e7439077d11c43df706cf1c745
tcn,clean_only,202,bandpass_n20002_cV1_independent_rms_s0,phase2/results/predictions/full/clean_only/tcn/seed_202/bandpass_n20002_cV1_independent_rms_s0.npz,75650,ae30bbf1808c3aabc8c47e981e87dcb2a3b035e51fd92a3f2024152f7aaa971f
tcn,clean_only,202,bandpass_n20002_cV1_electrode_s20,phase2/results/predictions/full/clean_only/tcn/seed_202/bandpass_n20002_cV1_electrode_s20.npz,76420,55072513f4f79bc7515f50d5c5d5a9c27247dec7ecece9727a90540dc4b36337
tcn,clean_only,202,bandpass_n20002_cV1_electrode_s15,phase2/results/predictions/full/clean_only/tcn/seed_202/bandpass_n20002_cV1_electrode_s15.npz,76414,16a78b5ceda5db5492e8518438aed4f0d0d6f368038f3f057687f50fd7b54170
tcn,clean_only,202,bandpass_n20002_cV1_electrode_s10,phase2/results/predictions/full/clean_only/tcn/seed_202/bandpass_n20002_cV1_electrode_s10.npz,76296,cf8977c89e9a17e9b55f940534fa0ff1f7d4674df60ffc92f871fbf8e03d7b43
tcn,clean_only,202,bandpass_n20002_cV1_electrode_s5,phase2/results/predictions/full/clean_only/tcn/seed_202/bandpass_n20002_cV1_electrode_s5.npz,76076,274641277b45f93e5b263229ec1310f74702910485604866687266bc597ee6ee
tcn,clean_only,202,bandpass_n20002_cV1_electrode_s0,phase2/results/predictions/full/clean_only/tcn/seed_202/bandpass_n20002_cV1_electrode_s0.npz,75683,ba3eda381b43297ff873c4784543572437a823711901657b9755213543ee672f
tcn,clean_only,202,bandpass_n20002_cV1_covariance_s20,phase2/results/predictions/full/clean_only/tcn/seed_202/bandpass_n20002_cV1_covariance_s20.npz,76438,228e4217173600a6cdaf48fe23f0d9361f52bf1a02bb5c45bae6c2fc1c99bbf6
tcn,clean_only,202,bandpass_n20002_cV1_covariance_s15,phase2/results/predictions/full/clean_only/tcn/seed_202/bandpass_n20002_cV1_covariance_s15.npz,76428,de331776044a779e15f7acaa1e064465e5d491e3a2b2193d3d8693c566a28b3f
tcn,clean_only,202,bandpass_n20002_cV1_covariance_s10,phase2/results/predictions/full/clean_only/tcn/seed_202/bandpass_n20002_cV1_covariance_s10.npz,76352,ec0b2e8630cfa758d427e3b25feee5f7812b7cb091f08a521d6139e68f9b8c01
tcn,clean_only,202,bandpass_n20002_cV1_covariance_s5,phase2/results/predictions/full/clean_only/tcn/seed_202/bandpass_n20002_cV1_covariance_s5.npz,76066,91b48dc84df845e955a97e14ff3976bf85cc31cd05539da5ea6d9b665ae7184c
tcn,clean_only,202,bandpass_n20002_cV1_covariance_s0,phase2/results/predictions/full/clean_only/tcn/seed_202/bandpass_n20002_cV1_covariance_s0.npz,75629,c20c9a798f066853635aa0c053c806f04df17f5f2107f9ff5d36b0143096eb2c
tcn,clean_only,202,bandpass_n20002_cV2_independent_rms_s20,phase2/results/predictions/full/clean_only/tcn/seed_202/bandpass_n20002_cV2_independent_rms_s20.npz,76412,627b8c2b73356db70b1fbc9a851cc87320d2bf0dbb0fdb31e9325f0037e014c8
tcn,clean_only,202,bandpass_n20002_cV2_independent_rms_s15,phase2/results/predictions/full/clean_only/tcn/seed_202/bandpass_n20002_cV2_independent_rms_s15.npz,76424,bf5959e95ccd4f0437796cd47022bab9b46ddfb59da2a672d83c9d6a1c7ba49a
tcn,clean_only,202,bandpass_n20002_cV2_independent_rms_s10,phase2/results/predictions/full/clean_only/tcn/seed_202/bandpass_n20002_cV2_independent_rms_s10.npz,76395,2b74917e5b353f8c476e19a9bb65fc1636037c25fa1fc9a2474ec9c1716cb33b
tcn,clean_only,202,bandpass_n20002_cV2_independent_rms_s5,phase2/results/predictions/full/clean_only/tcn/seed_202/bandpass_n20002_cV2_independent_rms_s5.npz,76257,8a799d672661e82fef5b828a9210dc7d45d149353589c7c3aa3078ce914b08aa
tcn,clean_only,202,bandpass_n20002_cV2_independent_rms_s0,phase2/results/predictions/full/clean_only/tcn/seed_202/bandpass_n20002_cV2_independent_rms_s0.npz,75988,d35e05154bf22752d164d6399db6e6dc709882805faac9dad3a57bb1f3ccb25f
tcn,clean_only,202,bandpass_n20002_cV2_electrode_s20,phase2/results/predictions/full/clean_only/tcn/seed_202/bandpass_n20002_cV2_electrode_s20.npz,76470,4f34395d5bf65cf69b7a061fe61b12f358feae69bc91c79c6c5656eace05efca
tcn,clean_only,202,bandpass_n20002_cV2_electrode_s15,phase2/results/predictions/full/clean_only/tcn/seed_202/bandpass_n20002_cV2_electrode_s15.npz,76413,e73fb773d5c4a76b539e01e0a9ad0e6456dc58e066939eab51f0674f787bab41
tcn,clean_only,202,bandpass_n20002_cV2_electrode_s10,phase2/results/predictions/full/clean_only/tcn/seed_202/bandpass_n20002_cV2_electrode_s10.npz,76356,069a47dbf37bccb0836f09f684d249da88991810b04d72af7bb12ae8b24d6db3
tcn,clean_only,202,bandpass_n20002_cV2_electrode_s5,phase2/results/predictions/full/clean_only/tcn/seed_202/bandpass_n20002_cV2_electrode_s5.npz,76205,5a562aa9a559a10af17e2a6f9b421f4e0b8a778850352ac6da8b755e55ef5931
tcn,clean_only,202,bandpass_n20002_cV2_electrode_s0,phase2/results/predictions/full/clean_only/tcn/seed_202/bandpass_n20002_cV2_electrode_s0.npz,75965,f2efcc03b43ffe9aeb3087afe4056c6b44e6ed7a9df211c749bbcb9165f77786
tcn,clean_only,202,bandpass_n20002_cV2_covariance_s20,phase2/results/predictions/full/clean_only/tcn/seed_202/bandpass_n20002_cV2_covariance_s20.npz,76400,932cd772c3c3ccef6f3f1605dd3dfdc6bdfa365bc0ea1997e8168973abc0d388
tcn,clean_only,202,bandpass_n20002_cV2_covariance_s15,phase2/results/predictions/full/clean_only/tcn/seed_202/bandpass_n20002_cV2_covariance_s15.npz,76424,f470ac44527b295cc043f32ff227697b3a135856298f4d78a9516e55aedf40e2
tcn,clean_only,202,bandpass_n20002_cV2_covariance_s10,phase2/results/predictions/full/clean_only/tcn/seed_202/bandpass_n20002_cV2_covariance_s10.npz,76360,3bfc785cecbcf64eea4f1090b781459f38145600e597c01ed876298035102d6e
tcn,clean_only,202,bandpass_n20002_cV2_covariance_s5,phase2/results/predictions/full/clean_only/tcn/seed_202/bandpass_n20002_cV2_covariance_s5.npz,76219,bf6b28d886522213add943caf449dd3bac91f1ddeafb4d705431c2d113389be4
tcn,clean_only,202,bandpass_n20002_cV2_covariance_s0,phase2/results/predictions/full/clean_only/tcn/seed_202/bandpass_n20002_cV2_covariance_s0.npz,75993,047d9bd97ba4dc767d09fccf13b82f1e4f0393b3822680a843f3b19f8e0fa4be
tcn,clean_only,202,bandpass_n20002_cV3_independent_rms_s20,phase2/results/predictions/full/clean_only/tcn/seed_202/bandpass_n20002_cV3_independent_rms_s20.npz,76443,e334f5c4dfbc0038b2dcd04a478a92b6b618ff62397e471f5228c62aee91f07e
tcn,clean_only,202,bandpass_n20002_cV3_independent_rms_s15,phase2/results/predictions/full/clean_only/tcn/seed_202/bandpass_n20002_cV3_independent_rms_s15.npz,76440,5dcdb6904e5c144918b7a9adffc02397928fbdc0e213745e5aa2caadcba76aca
tcn,clean_only,202,bandpass_n20002_cV3_independent_rms_s10,phase2/results/predictions/full/clean_only/tcn/seed_202/bandpass_n20002_cV3_independent_rms_s10.npz,76452,b1326c0541cf29e774c4abcd544c1598500e56cc06bc88c776eda3e1548854f3
tcn,clean_only,202,bandpass_n20002_cV3_independent_rms_s5,phase2/results/predictions/full/clean_only/tcn/seed_202/bandpass_n20002_cV3_independent_rms_s5.npz,76354,ea2c117e9a59bab6ef5ef97e55de5c2b71c0b86da84f81d6c8cd63710923104d
tcn,clean_only,202,bandpass_n20002_cV3_independent_rms_s0,phase2/results/predictions/full/clean_only/tcn/seed_202/bandpass_n20002_cV3_independent_rms_s0.npz,76120,6d653a69f633852269820018ac47e233fb2ba5559f0e420484d3c2419b2b3332
tcn,clean_only,202,bandpass_n20002_cV3_electrode_s20,phase2/results/predictions/full/clean_only/tcn/seed_202/bandpass_n20002_cV3_electrode_s20.npz,76434,9c6405983dae64d1753e1ac6d8d3ebf4e3e548d5f69ddbaae1d43b3e932d7de2
tcn,clean_only,202,bandpass_n20002_cV3_electrode_s15,phase2/results/predictions/full/clean_only/tcn/seed_202/bandpass_n20002_cV3_electrode_s15.npz,76418,55e36b36ef02209bbad56a70a40c9bbb9999837cdb70a1b45d35a5bd20bfa71d
tcn,clean_only,202,bandpass_n20002_cV3_electrode_s10,phase2/results/predictions/full/clean_only/tcn/seed_202/bandpass_n20002_cV3_electrode_s10.npz,76403,ae0af7f6788781287cb30dedf13e85ac21f01fbf69ea7667b7c4f0928faaac87
tcn,clean_only,202,bandpass_n20002_cV3_electrode_s5,phase2/results/predictions/full/clean_only/tcn/seed_202/bandpass_n20002_cV3_electrode_s5.npz,76308,5fbbbee9562da7e4deaf9ce1f5d3b6e6e4ed1f6f2649cd94488ad2d8aacb4fc3
tcn,clean_only,202,bandpass_n20002_cV3_electrode_s0,phase2/results/predictions/full/clean_only/tcn/seed_202/bandpass_n20002_cV3_electrode_s0.npz,76116,530a2008663347d1b1054748f404a716e944702a88ebeade313d4ed7850ebd1c
tcn,clean_only,202,bandpass_n20002_cV3_covariance_s20,phase2/results/predictions/full/clean_only/tcn/seed_202/bandpass_n20002_cV3_covariance_s20.npz,76441,8aa90063b371d381988daeb4f53c5923e2b34d4053de6622f7388718fe8884a3
tcn,clean_only,202,bandpass_n20002_cV3_covariance_s15,phase2/results/predictions/full/clean_only/tcn/seed_202/bandpass_n20002_cV3_covariance_s15.npz,76435,164a10755060e71f1c29d2fd840707112b22e35eb2eba9bad5cdace7348817cb
tcn,clean_only,202,bandpass_n20002_cV3_covariance_s10,phase2/results/predictions/full/clean_only/tcn/seed_202/bandpass_n20002_cV3_covariance_s10.npz,76458,d6122301dcb5e586b6dabe47b2a8357962a46eef9c23751ccfdbb4104268a931
tcn,clean_only,202,bandpass_n20002_cV3_covariance_s5,phase2/results/predictions/full/clean_only/tcn/seed_202/bandpass_n20002_cV3_covariance_s5.npz,76332,06ceb4022181f6a7dafcee69c40ebdbe8d1ff8b1737ad2d9b73e497c8c6ee434
tcn,clean_only,202,bandpass_n20002_cV3_covariance_s0,phase2/results/predictions/full/clean_only/tcn/seed_202/bandpass_n20002_cV3_covariance_s0.npz,76119,f3955bc05b014bf8deff6eef909b6962fe07a623617e9e9734bb48dfd593f547
tcn,clean_only,202,bandpass_n20002_cV4_independent_rms_s20,phase2/results/predictions/full/clean_only/tcn/seed_202/bandpass_n20002_cV4_independent_rms_s20.npz,76466,62882021e86cf3b797e0ae660ca9f6418823fd3faec02a3091dfe3727b250504
tcn,clean_only,202,bandpass_n20002_cV4_independent_rms_s15,phase2/results/predictions/full/clean_only/tcn/seed_202/bandpass_n20002_cV4_independent_rms_s15.npz,76443,d12c9f6949ec9f207d8d22661d7746da6a37ae703563de9a758c0357f86b5de0
tcn,clean_only,202,bandpass_n20002_cV4_independent_rms_s10,phase2/results/predictions/full/clean_only/tcn/seed_202/bandpass_n20002_cV4_independent_rms_s10.npz,76388,23795f6fb92b507856339e730ff7b75b2851ab94c06cc634ca81f8813fae14ba
tcn,clean_only,202,bandpass_n20002_cV4_independent_rms_s5,phase2/results/predictions/full/clean_only/tcn/seed_202/bandpass_n20002_cV4_independent_rms_s5.npz,76295,f437faa4d5c212359317e1c2babe39a2dd55fb47cf819b979a33a38777111cb2
tcn,clean_only,202,bandpass_n20002_cV4_independent_rms_s0,phase2/results/predictions/full/clean_only/tcn/seed_202/bandpass_n20002_cV4_independent_rms_s0.npz,75987,f397fdd512df5b29627a2a4f0b4219899208a1bbada974ab23efce400c197d9e
tcn,clean_only,202,bandpass_n20002_cV4_electrode_s20,phase2/results/predictions/full/clean_only/tcn/seed_202/bandpass_n20002_cV4_electrode_s20.npz,76458,c5ae4168e8171819719806214cd092055818d33144e105fedc7bf6bbf29d4774
tcn,clean_only,202,bandpass_n20002_cV4_electrode_s15,phase2/results/predictions/full/clean_only/tcn/seed_202/bandpass_n20002_cV4_electrode_s15.npz,76446,019498855ac1a9ddfd974b2f2471597a0508d871ee5cf729f38186e2b3490ddf
tcn,clean_only,202,bandpass_n20002_cV4_electrode_s10,phase2/results/predictions/full/clean_only/tcn/seed_202/bandpass_n20002_cV4_electrode_s10.npz,76406,5685712817cd6e20dfb94a3f8ffb8e06e8bcfb2e5fc6a9c8c15ddce7762e6c16
tcn,clean_only,202,bandpass_n20002_cV4_electrode_s5,phase2/results/predictions/full/clean_only/tcn/seed_202/bandpass_n20002_cV4_electrode_s5.npz,76287,495adc3e5ca3a0b4d27bd096dcf630e5bc2fba3d13c071c02e24a2fb3ae1e636
tcn,clean_only,202,bandpass_n20002_cV4_electrode_s0,phase2/results/predictions/full/clean_only/tcn/seed_202/bandpass_n20002_cV4_electrode_s0.npz,76011,bca31fbdda2901216ebd6bd1f828d72d34add5e7cc93e698b0e9d0f7f8807831
tcn,clean_only,202,bandpass_n20002_cV4_covariance_s20,phase2/results/predictions/full/clean_only/tcn/seed_202/bandpass_n20002_cV4_covariance_s20.npz,76403,80453825e12d053772911ca15c2815f4841c071d7f51aa75b4ff5b2b4e4d836f
tcn,clean_only,202,bandpass_n20002_cV4_covariance_s15,phase2/results/predictions/full/clean_only/tcn/seed_202/bandpass_n20002_cV4_covariance_s15.npz,76429,4f0db208a861bd7820caf032a66bf884d000dfb1832bdaeb33df933ed1a7ccc3
tcn,clean_only,202,bandpass_n20002_cV4_covariance_s10,phase2/results/predictions/full/clean_only/tcn/seed_202/bandpass_n20002_cV4_covariance_s10.npz,76387,a3a4e648b65d7a2626834f77369164a9edf5274ac6e460d177de417598a0ad1b
tcn,clean_only,202,bandpass_n20002_cV4_covariance_s5,phase2/results/predictions/full/clean_only/tcn/seed_202/bandpass_n20002_cV4_covariance_s5.npz,76330,33dbd5b81839acc16fd1841d1215fe63cd7da3a51e4778b7311af4cc7cd0a26e
tcn,clean_only,202,bandpass_n20002_cV4_covariance_s0,phase2/results/predictions/full/clean_only/tcn/seed_202/bandpass_n20002_cV4_covariance_s0.npz,75984,2dc7f11eaf9a77fbe68803ed979387195031deaa337fd595b058c0b2305863f8
tcn,clean_only,202,bandpass_n20002_cV5_independent_rms_s20,phase2/results/predictions/full/clean_only/tcn/seed_202/bandpass_n20002_cV5_independent_rms_s20.npz,76434,447fdf35e337d2a367add805f3ffc402570ece8234463c69855a5f4aa55bc240
tcn,clean_only,202,bandpass_n20002_cV5_independent_rms_s15,phase2/results/predictions/full/clean_only/tcn/seed_202/bandpass_n20002_cV5_independent_rms_s15.npz,76438,1563f7e4f3ed3c392328cf8c7bfe4b9e1c4100e280f1c949be057fc761b8db3a
tcn,clean_only,202,bandpass_n20002_cV5_independent_rms_s10,phase2/results/predictions/full/clean_only/tcn/seed_202/bandpass_n20002_cV5_independent_rms_s10.npz,76432,f215ab9499948da79ac35d6137178d37113e203ba3c9212928096b2e6e997159
tcn,clean_only,202,bandpass_n20002_cV5_independent_rms_s5,phase2/results/predictions/full/clean_only/tcn/seed_202/bandpass_n20002_cV5_independent_rms_s5.npz,76234,31b044e9c2c580f49f5bf8b591012b0537387f427361cbcc75ca94c9c8f6c3df
tcn,clean_only,202,bandpass_n20002_cV5_independent_rms_s0,phase2/results/predictions/full/clean_only/tcn/seed_202/bandpass_n20002_cV5_independent_rms_s0.npz,75956,2d0274503db69a2548e4d77da30c91286313254cd2d38be8ad0225537dcb9c9c
tcn,clean_only,202,bandpass_n20002_cV5_electrode_s20,phase2/results/predictions/full/clean_only/tcn/seed_202/bandpass_n20002_cV5_electrode_s20.npz,76421,fa55f01a0f689e0747cd85251323da4df456ef5afcb2893c55f236b2351edd8a
tcn,clean_only,202,bandpass_n20002_cV5_electrode_s15,phase2/results/predictions/full/clean_only/tcn/seed_202/bandpass_n20002_cV5_electrode_s15.npz,76426,8830ae7ab68ac14c10ef694b78c6384929e9dba5d7116fbafe6c3f43019db56b
tcn,clean_only,202,bandpass_n20002_cV5_electrode_s10,phase2/results/predictions/full/clean_only/tcn/seed_202/bandpass_n20002_cV5_electrode_s10.npz,76363,3f466aa38886212cdc0fe43a898b6bcb18904bfb149142df7d482203dad9db5a
tcn,clean_only,202,bandpass_n20002_cV5_electrode_s5,phase2/results/predictions/full/clean_only/tcn/seed_202/bandpass_n20002_cV5_electrode_s5.npz,76234,7425f5a40cc8b3c8435efd04f1ef5dbb2e01d1d05bb2c82f7ed453acf405d0b9
tcn,clean_only,202,bandpass_n20002_cV5_electrode_s0,phase2/results/predictions/full/clean_only/tcn/seed_202/bandpass_n20002_cV5_electrode_s0.npz,75950,7e674ce3dd10c867c2447d56cb2d589470751144d19ef24964b4a7d519c918fa
tcn,clean_only,202,bandpass_n20002_cV5_covariance_s20,phase2/results/predictions/full/clean_only/tcn/seed_202/bandpass_n20002_cV5_covariance_s20.npz,76432,7171f0932ef4944243286cf8d20c594390f0e1edccf7b1e4b15524af2c23dc29
tcn,clean_only,202,bandpass_n20002_cV5_covariance_s15,phase2/results/predictions/full/clean_only/tcn/seed_202/bandpass_n20002_cV5_covariance_s15.npz,76397,ded81cc7821928bcac919f255ead0f370ce358465bdd09e0ad801ea849698297
tcn,clean_only,202,bandpass_n20002_cV5_covariance_s10,phase2/results/predictions/full/clean_only/tcn/seed_202/bandpass_n20002_cV5_covariance_s10.npz,76394,c64783dd6ac87ff6b492ef6e8167bd7822464349a7ae2e17388c4a49bfb81d1f
tcn,clean_only,202,bandpass_n20002_cV5_covariance_s5,phase2/results/predictions/full/clean_only/tcn/seed_202/bandpass_n20002_cV5_covariance_s5.npz,76258,9b1c29496d7f6b43b06b0bf546d9fccaab8ca86e1d2e67e87111124181074407
tcn,clean_only,202,bandpass_n20002_cV5_covariance_s0,phase2/results/predictions/full/clean_only/tcn/seed_202/bandpass_n20002_cV5_covariance_s0.npz,75950,81453960110d94f2a6bfdfd9781287775ccdf8b4c53e1082099269cf15f10030
tcn,clean_only,202,bandpass_n20002_cV6_independent_rms_s20,phase2/results/predictions/full/clean_only/tcn/seed_202/bandpass_n20002_cV6_independent_rms_s20.npz,76426,902070f6155f27a507599d947df2534c0cac2497f8d60259de79b1def11e3d82
tcn,clean_only,202,bandpass_n20002_cV6_independent_rms_s15,phase2/results/predictions/full/clean_only/tcn/seed_202/bandpass_n20002_cV6_independent_rms_s15.npz,76447,cb2679dae45010d9bbd8723901983dc1cfbd1677cf3b6f244311b9672619a6b9
tcn,clean_only,202,bandpass_n20002_cV6_independent_rms_s10,phase2/results/predictions/full/clean_only/tcn/seed_202/bandpass_n20002_cV6_independent_rms_s10.npz,76448,4bc077a76ac83c6ba6d549c940fd97bfd058050f1983e2ebe937df6c3ce80696
tcn,clean_only,202,bandpass_n20002_cV6_independent_rms_s5,phase2/results/predictions/full/clean_only/tcn/seed_202/bandpass_n20002_cV6_independent_rms_s5.npz,76300,944337ee7a6d5cd3a236c7c404663798d7a4c7dc7966b47f3179261e7f5f6ac6
tcn,clean_only,202,bandpass_n20002_cV6_independent_rms_s0,phase2/results/predictions/full/clean_only/tcn/seed_202/bandpass_n20002_cV6_independent_rms_s0.npz,76066,2bc53152993afa9e1ea444669a73de5a955af9c32d29d91f1b2aeebccaf5086c
tcn,clean_only,202,bandpass_n20002_cV6_electrode_s20,phase2/results/predictions/full/clean_only/tcn/seed_202/bandpass_n20002_cV6_electrode_s20.npz,76432,6f09d46282bbe4fae1f8bf6411c9642070c2cae6871d1b47a89d67a844f3cc10
tcn,clean_only,202,bandpass_n20002_cV6_electrode_s15,phase2/results/predictions/full/clean_only/tcn/seed_202/bandpass_n20002_cV6_electrode_s15.npz,76422,014a3832a8c4de7744499cc9c4cd44b12fa5e2e0b1633c136aef95f36ab73c07
tcn,clean_only,202,bandpass_n20002_cV6_electrode_s10,phase2/results/predictions/full/clean_only/tcn/seed_202/bandpass_n20002_cV6_electrode_s10.npz,76355,ce162f584869dab302ee9a194e9424908c4e96e523ae2ce8704a38440349c827
tcn,clean_only,202,bandpass_n20002_cV6_electrode_s5,phase2/results/predictions/full/clean_only/tcn/seed_202/bandpass_n20002_cV6_electrode_s5.npz,76292,9ec22ab9af079086ef957c7cfcd61283dd679c685d6a1423bb4ff3b154da3199
tcn,clean_only,202,bandpass_n20002_cV6_electrode_s0,phase2/results/predictions/full/clean_only/tcn/seed_202/bandpass_n20002_cV6_electrode_s0.npz,76027,22748807eed0b6f5afc2d0b596abb6a8902b8811f8070caeb88d10b00512ce21
tcn,clean_only,202,bandpass_n20002_cV6_covariance_s20,phase2/results/predictions/full/clean_only/tcn/seed_202/bandpass_n20002_cV6_covariance_s20.npz,76429,a71580b3582a999ac006853aa454b8a6ff55dedf19806877b0b24ea12ef8a361
tcn,clean_only,202,bandpass_n20002_cV6_covariance_s15,phase2/results/predictions/full/clean_only/tcn/seed_202/bandpass_n20002_cV6_covariance_s15.npz,76388,cf11946c11e00e08c41c9792a17268ad93d95001d4784a7201080c1b73c2cfca
tcn,clean_only,202,bandpass_n20002_cV6_covariance_s10,phase2/results/predictions/full/clean_only/tcn/seed_202/bandpass_n20002_cV6_covariance_s10.npz,76389,08c2021f25dab1c130fb62c0df6b509e42c226b5fb1def57b6e5551ac390f00a
tcn,clean_only,202,bandpass_n20002_cV6_covariance_s5,phase2/results/predictions/full/clean_only/tcn/seed_202/bandpass_n20002_cV6_covariance_s5.npz,76307,01a92b9b1b8908ab94ff51eb70252e2afde2900410486819400593fc80cef1a0
tcn,clean_only,202,bandpass_n20002_cV6_covariance_s0,phase2/results/predictions/full/clean_only/tcn/seed_202/bandpass_n20002_cV6_covariance_s0.npz,76017,25fc7ec90b70f1e6414525c82948732bbea1942aa9231ec7ee8c96f68d11c6f6
tcn,clean_only,202,bandpass_n20002_cRA_LA_independent_rms_s20,phase2/results/predictions/full/clean_only/tcn/seed_202/bandpass_n20002_cRA_LA_independent_rms_s20.npz,76488,ac53dc3d608607e945c43d2271f5e6fd3c92467a61df5294bc988ddea060db15
tcn,clean_only,202,bandpass_n20002_cRA_LA_independent_rms_s15,phase2/results/predictions/full/clean_only/tcn/seed_202/bandpass_n20002_cRA_LA_independent_rms_s15.npz,76430,3127000af21615e2b7cffa67e0985c6e4309b66a89d7ca4d23aaf77774314512
tcn,clean_only,202,bandpass_n20002_cRA_LA_independent_rms_s10,phase2/results/predictions/full/clean_only/tcn/seed_202/bandpass_n20002_cRA_LA_independent_rms_s10.npz,76422,3f4734f48ecf05e66bb423ef37f1499f71f22a4340eb531c6b905725ef173efd
tcn,clean_only,202,bandpass_n20002_cRA_LA_independent_rms_s5,phase2/results/predictions/full/clean_only/tcn/seed_202/bandpass_n20002_cRA_LA_independent_rms_s5.npz,76215,f3c74ef6498dbc5d7ffd2975f86f2eb225ab7affe4d84c56d17d9174d501c191
tcn,clean_only,202,bandpass_n20002_cRA_LA_independent_rms_s0,phase2/results/predictions/full/clean_only/tcn/seed_202/bandpass_n20002_cRA_LA_independent_rms_s0.npz,75853,0ff6fb62669d12cbc5afe43687ba9a4d02c7622cb1f415f380d307fa7b69c928
tcn,clean_only,202,bandpass_n20002_cRA_LA_electrode_s20,phase2/results/predictions/full/clean_only/tcn/seed_202/bandpass_n20002_cRA_LA_electrode_s20.npz,76412,7d3fd1be68a622aa7b9d82932b42fb0be682eb5e6e40da4d9e0148472136fa8f
tcn,clean_only,202,bandpass_n20002_cRA_LA_electrode_s15,phase2/results/predictions/full/clean_only/tcn/seed_202/bandpass_n20002_cRA_LA_electrode_s15.npz,76421,0d19118f2dcbf133197dc24ce75bd9c4f424e41fe39a4c62f4ff7955dc1f3447
tcn,clean_only,202,bandpass_n20002_cRA_LA_electrode_s10,phase2/results/predictions/full/clean_only/tcn/seed_202/bandpass_n20002_cRA_LA_electrode_s10.npz,76316,fb7c279c8f6b165777fb5a65fbf0ecf510659b2fe703f9da3910eec6bd329de7
tcn,clean_only,202,bandpass_n20002_cRA_LA_electrode_s5,phase2/results/predictions/full/clean_only/tcn/seed_202/bandpass_n20002_cRA_LA_electrode_s5.npz,76070,8514f0d415575a8ac0bd41770d561dbfad15f4851da36c386ee767f878428357
tcn,clean_only,202,bandpass_n20002_cRA_LA_electrode_s0,phase2/results/predictions/full/clean_only/tcn/seed_202/bandpass_n20002_cRA_LA_electrode_s0.npz,75580,8e06d35925d3e4adc4bfbee23a5fd910b44ba76f6fbd810ad14b09303be36c49
tcn,clean_only,202,bandpass_n20002_cRA_LA_covariance_s20,phase2/results/predictions/full/clean_only/tcn/seed_202/bandpass_n20002_cRA_LA_covariance_s20.npz,76416,a0fe28231a61dc24a94e8927d8e5ed5d2e1eeac6d33e5b93a174ad6026a1ccde
tcn,clean_only,202,bandpass_n20002_cRA_LA_covariance_s15,phase2/results/predictions/full/clean_only/tcn/seed_202/bandpass_n20002_cRA_LA_covariance_s15.npz,76434,073de91ce595909f80a5129e6caf486159a6834459f9af607d4a0c27eec64eda
tcn,clean_only,202,bandpass_n20002_cRA_LA_covariance_s10,phase2/results/predictions/full/clean_only/tcn/seed_202/bandpass_n20002_cRA_LA_covariance_s10.npz,76288,33e64d089a06594e3556a0102ecca85dc4024635548ae9874ad8759ed89a7871
tcn,clean_only,202,bandpass_n20002_cRA_LA_covariance_s5,phase2/results/predictions/full/clean_only/tcn/seed_202/bandpass_n20002_cRA_LA_covariance_s5.npz,76039,c4f81d73b48c99d9336ca2998b5b1ad4b3e3bc175fd1bd4c9a17196a59c60e3b
tcn,clean_only,202,bandpass_n20002_cRA_LA_covariance_s0,phase2/results/predictions/full/clean_only/tcn/seed_202/bandpass_n20002_cRA_LA_covariance_s0.npz,75560,6c8490b44b3da34dad6fbab5b7fe9f5441b986683fe211ba2bc299c82cc22773
tcn,clean_only,202,bandpass_n20002_cLA_LL_independent_rms_s20,phase2/results/predictions/full/clean_only/tcn/seed_202/bandpass_n20002_cLA_LL_independent_rms_s20.npz,76434,3b747bc1c0396d94f2b23079908f0ae0928c0e7a485349cd97089c4cdf581562
tcn,clean_only,202,bandpass_n20002_cLA_LL_independent_rms_s15,phase2/results/predictions/full/clean_only/tcn/seed_202/bandpass_n20002_cLA_LL_independent_rms_s15.npz,76437,7a2f1794605e866769492cf9c82e74942e8d558365882ddcb11df6c9b837c1d2
tcn,clean_only,202,bandpass_n20002_cLA_LL_independent_rms_s10,phase2/results/predictions/full/clean_only/tcn/seed_202/bandpass_n20002_cLA_LL_independent_rms_s10.npz,76387,612be397f4bb1ffc74690408108ad75874bcb75f1478bddb3bb1fd6afd3affab
tcn,clean_only,202,bandpass_n20002_cLA_LL_independent_rms_s5,phase2/results/predictions/full/clean_only/tcn/seed_202/bandpass_n20002_cLA_LL_independent_rms_s5.npz,76218,cc442a53945ad5661c9892e77ec33b1dabe2dd41af0bdc7138b4838c4d58c19c
tcn,clean_only,202,bandpass_n20002_cLA_LL_independent_rms_s0,phase2/results/predictions/full/clean_only/tcn/seed_202/bandpass_n20002_cLA_LL_independent_rms_s0.npz,75875,2875fb5426944be7c8f68683ca8dedc004b994b785894903beea6d241a39d64c
tcn,clean_only,202,bandpass_n20002_cLA_LL_electrode_s20,phase2/results/predictions/full/clean_only/tcn/seed_202/bandpass_n20002_cLA_LL_electrode_s20.npz,76440,b0d16f646b94694b48d54b72f6c3bbbdeb0417db1ed1775e85081ed5330770b8
tcn,clean_only,202,bandpass_n20002_cLA_LL_electrode_s15,phase2/results/predictions/full/clean_only/tcn/seed_202/bandpass_n20002_cLA_LL_electrode_s15.npz,76427,ece4e9fe18bb2cd382448f7ac89bc4eed7e0975f334818c0399a2d45481a31a2
tcn,clean_only,202,bandpass_n20002_cLA_LL_electrode_s10,phase2/results/predictions/full/clean_only/tcn/seed_202/bandpass_n20002_cLA_LL_electrode_s10.npz,76307,38e8bb9dbef594af3014c218b72dc024cf5dd438a6272b5c5d414560ac0f5126
tcn,clean_only,202,bandpass_n20002_cLA_LL_electrode_s5,phase2/results/predictions/full/clean_only/tcn/seed_202/bandpass_n20002_cLA_LL_electrode_s5.npz,76013,6fb785711b7defaf8d6cd0654d4f28adc99dfa3cc3450c45a24bc7d617a4dd30
tcn,clean_only,202,bandpass_n20002_cLA_LL_electrode_s0,phase2/results/predictions/full/clean_only/tcn/seed_202/bandpass_n20002_cLA_LL_electrode_s0.npz,75872,758fb4637c740c5fcab9ff88e6a95e07330065f0e21b70137b5dfbe0bd1c27a0
tcn,clean_only,202,bandpass_n20002_cLA_LL_covariance_s20,phase2/results/predictions/full/clean_only/tcn/seed_202/bandpass_n20002_cLA_LL_covariance_s20.npz,76444,8543244e3bdee7984c2bdaeddc6be5ca958998d4ce104fb6372499d2b11f5aa9
tcn,clean_only,202,bandpass_n20002_cLA_LL_covariance_s15,phase2/results/predictions/full/clean_only/tcn/seed_202/bandpass_n20002_cLA_LL_covariance_s15.npz,76424,f124470fded788da106d65c7afca8ae67dcdff084e7fcb8244bd6268f77faff9
tcn,clean_only,202,bandpass_n20002_cLA_LL_covariance_s10,phase2/results/predictions/full/clean_only/tcn/seed_202/bandpass_n20002_cLA_LL_covariance_s10.npz,76294,26ac882c3968ddaa6005d756da33f79d8e66320cb0a6c1191bd5e1e079ed3f3d
tcn,clean_only,202,bandpass_n20002_cLA_LL_covariance_s5,phase2/results/predictions/full/clean_only/tcn/seed_202/bandpass_n20002_cLA_LL_covariance_s5.npz,76005,52d266fe3803767553df1df46809f7bb04d21eb96c46405e1b2d9e5347115fe3
tcn,clean_only,202,bandpass_n20002_cLA_LL_covariance_s0,phase2/results/predictions/full/clean_only/tcn/seed_202/bandpass_n20002_cLA_LL_covariance_s0.npz,75815,9999411f72646c042cb674037d7279aa64d0b2b86ee014fdcf7b0aad4997bdad
tcn,clean_only,202,bandpass_n20002_cRA_LL_independent_rms_s20,phase2/results/predictions/full/clean_only/tcn/seed_202/bandpass_n20002_cRA_LL_independent_rms_s20.npz,76435,70cb41cd457cb5b32957c1e7e8ebd5e7308e51503eeae2444e5b2d8c76a090e3
tcn,clean_only,202,bandpass_n20002_cRA_LL_independent_rms_s15,phase2/results/predictions/full/clean_only/tcn/seed_202/bandpass_n20002_cRA_LL_independent_rms_s15.npz,76428,88daaa8475655be648edb753b13f4faea563849c03da49bf7ab4e52c024fb184
tcn,clean_only,202,bandpass_n20002_cRA_LL_independent_rms_s10,phase2/results/predictions/full/clean_only/tcn/seed_202/bandpass_n20002_cRA_LL_independent_rms_s10.npz,76381,bb743562e963a00c556b6dddfe4a9f1a700cd1408171002db50662107b5f8380
tcn,clean_only,202,bandpass_n20002_cRA_LL_independent_rms_s5,phase2/results/predictions/full/clean_only/tcn/seed_202/bandpass_n20002_cRA_LL_independent_rms_s5.npz,76182,81f0fffa676ccd4514354377702ebd3d135ad73d36c2d12441dfcb06f7e8e274
tcn,clean_only,202,bandpass_n20002_cRA_LL_independent_rms_s0,phase2/results/predictions/full/clean_only/tcn/seed_202/bandpass_n20002_cRA_LL_independent_rms_s0.npz,75803,7c3e6ec85acdc9439d1db226ed38eee9eabd5183fe39d5a500bc84d6c3a13514
tcn,clean_only,202,bandpass_n20002_cRA_LL_electrode_s20,phase2/results/predictions/full/clean_only/tcn/seed_202/bandpass_n20002_cRA_LL_electrode_s20.npz,76450,be4413d0f5b7713a7259c7bd6e473655ead9f31f2112ee8eac2d4e65f65950ab
tcn,clean_only,202,bandpass_n20002_cRA_LL_electrode_s15,phase2/results/predictions/full/clean_only/tcn/seed_202/bandpass_n20002_cRA_LL_electrode_s15.npz,76433,1be49d611d6176440e91030929e9991db87ab52577480e8e9427fe438bcf06bb
tcn,clean_only,202,bandpass_n20002_cRA_LL_electrode_s10,phase2/results/predictions/full/clean_only/tcn/seed_202/bandpass_n20002_cRA_LL_electrode_s10.npz,76306,b224c2693a78037e534f7784d0a16f39aaf078042d013901b30a5c983371c44e
tcn,clean_only,202,bandpass_n20002_cRA_LL_electrode_s5,phase2/results/predictions/full/clean_only/tcn/seed_202/bandpass_n20002_cRA_LL_electrode_s5.npz,76031,5243fb4d82b2859a069104add98b6b78f7218bd6cd96d2f80b655f6a82e14c4d
tcn,clean_only,202,bandpass_n20002_cRA_LL_electrode_s0,phase2/results/predictions/full/clean_only/tcn/seed_202/bandpass_n20002_cRA_LL_electrode_s0.npz,75666,a9221a105d3674ff8cb7a3fa5c573898681ef399998298b7d8906a3cad17dc15
tcn,clean_only,202,bandpass_n20002_cRA_LL_covariance_s20,phase2/results/predictions/full/clean_only/tcn/seed_202/bandpass_n20002_cRA_LL_covariance_s20.npz,76424,e2832f166937e61452b41fa7d3ab0264e954d53696aac494d75a34923be105d2
tcn,clean_only,202,bandpass_n20002_cRA_LL_covariance_s15,phase2/results/predictions/full/clean_only/tcn/seed_202/bandpass_n20002_cRA_LL_covariance_s15.npz,76443,19475c61412a67bee2819f9e71cb6cf45ff61f2393999188fcbfc023c40e4559
tcn,clean_only,202,bandpass_n20002_cRA_LL_covariance_s10,phase2/results/predictions/full/clean_only/tcn/seed_202/bandpass_n20002_cRA_LL_covariance_s10.npz,76285,529293d67e1f1697126600e55ea8a8caa4fb13b44df77ad8576ee65ed449a18c
tcn,clean_only,202,bandpass_n20002_cRA_LL_covariance_s5,phase2/results/predictions/full/clean_only/tcn/seed_202/bandpass_n20002_cRA_LL_covariance_s5.npz,76039,88d18caf4848bbd3378562ec2152a5600fabcf5fbabf1508e39fa1758a8acd07
tcn,clean_only,202,bandpass_n20002_cRA_LL_covariance_s0,phase2/results/predictions/full/clean_only/tcn/seed_202/bandpass_n20002_cRA_LL_covariance_s0.npz,75689,b417208483d2535e7e0f3f95c69fff4c455820cc1c40dfd492197af2454d606d
tcn,clean_only,202,bandpass_n20002_cRA_independent_rms_s20,phase2/results/predictions/full/clean_only/tcn/seed_202/bandpass_n20002_cRA_independent_rms_s20.npz,76447,929d36bd7c1a2cbf578834062055efd8dd800a6b11e95ed4c6e02429fca4afa7
tcn,clean_only,202,bandpass_n20002_cRA_independent_rms_s15,phase2/results/predictions/full/clean_only/tcn/seed_202/bandpass_n20002_cRA_independent_rms_s15.npz,76440,e42087645f1b83431f9a906b5a23fec3c8466e9e19cd79ffa4930f24db1d4492
tcn,clean_only,202,bandpass_n20002_cRA_independent_rms_s10,phase2/results/predictions/full/clean_only/tcn/seed_202/bandpass_n20002_cRA_independent_rms_s10.npz,76403,2964abf968b03a651a6effbee6d80d737d7cb926519ddeb6cc21ee75db090c20
tcn,clean_only,202,bandpass_n20002_cRA_independent_rms_s5,phase2/results/predictions/full/clean_only/tcn/seed_202/bandpass_n20002_cRA_independent_rms_s5.npz,76252,548c191a0c4fc7fc1a8f8d302359b6f77fe171eea76444ef3f0a4d0e2fa3fef9
tcn,clean_only,202,bandpass_n20002_cRA_independent_rms_s0,phase2/results/predictions/full/clean_only/tcn/seed_202/bandpass_n20002_cRA_independent_rms_s0.npz,75860,9090ecb33b52dba5ac76aae458ded1a498204408bd56054f1ce705977bc03aef
tcn,clean_only,202,bandpass_n20002_cRA_electrode_s20,phase2/results/predictions/full/clean_only/tcn/seed_202/bandpass_n20002_cRA_electrode_s20.npz,76440,ec12b07d4c59c6e05e9fd9b3d517ffa7ecfae3e7c58f291989b59e4563253fad
tcn,clean_only,202,bandpass_n20002_cRA_electrode_s15,phase2/results/predictions/full/clean_only/tcn/seed_202/bandpass_n20002_cRA_electrode_s15.npz,76424,9b0cb941269a72d9927e0a842df579c8a221baed7f43fbed7d4fbe912e829544
tcn,clean_only,202,bandpass_n20002_cRA_electrode_s10,phase2/results/predictions/full/clean_only/tcn/seed_202/bandpass_n20002_cRA_electrode_s10.npz,76352,e9e2a8862c298f0440376a4a3cdb2c614003eb6943fb75ebc19df9db3da14ae0
tcn,clean_only,202,bandpass_n20002_cRA_electrode_s5,phase2/results/predictions/full/clean_only/tcn/seed_202/bandpass_n20002_cRA_electrode_s5.npz,76164,5c50a6b89b8d14e3f7de4893c45c7ade8fd3a6fe36821ba9517684d17c64e824
tcn,clean_only,202,bandpass_n20002_cRA_electrode_s0,phase2/results/predictions/full/clean_only/tcn/seed_202/bandpass_n20002_cRA_electrode_s0.npz,75822,7ed3e395d84b580b835a19c27fd9134be632d1a1d40296c3be6e69388951325f
tcn,clean_only,202,bandpass_n20002_cRA_covariance_s20,phase2/results/predictions/full/clean_only/tcn/seed_202/bandpass_n20002_cRA_covariance_s20.npz,76429,5ac7d448b961bf2c38cadaccaa9238f7096407b13f760c031c8c6f9062f72419
tcn,clean_only,202,bandpass_n20002_cRA_covariance_s15,phase2/results/predictions/full/clean_only/tcn/seed_202/bandpass_n20002_cRA_covariance_s15.npz,76420,b870401013c29afdfec74d0de2e738980180dc17899168a67f0796335b11e751
tcn,clean_only,202,bandpass_n20002_cRA_covariance_s10,phase2/results/predictions/full/clean_only/tcn/seed_202/bandpass_n20002_cRA_covariance_s10.npz,76390,d184a44f820b6083758992c4b794ee79914a0293c19b4879189fd532f5679186
tcn,clean_only,202,bandpass_n20002_cRA_covariance_s5,phase2/results/predictions/full/clean_only/tcn/seed_202/bandpass_n20002_cRA_covariance_s5.npz,76099,cd466dfd3aaaa4ff80477f2f8fb5c539b01cb0cb89c2f0172c572e1126fb855c
tcn,clean_only,202,bandpass_n20002_cRA_covariance_s0,phase2/results/predictions/full/clean_only/tcn/seed_202/bandpass_n20002_cRA_covariance_s0.npz,75847,770b565980b5d3e9769fc2c844b71512f490c04a089bfced939e977460360361
tcn,clean_only,202,bandpass_n20002_cLA_independent_rms_s20,phase2/results/predictions/full/clean_only/tcn/seed_202/bandpass_n20002_cLA_independent_rms_s20.npz,76432,f2aa5b4034d7c77cb23381bc305ff5b640e58c1e96e5f9264b3755af7081814a
tcn,clean_only,202,bandpass_n20002_cLA_independent_rms_s15,phase2/results/predictions/full/clean_only/tcn/seed_202/bandpass_n20002_cLA_independent_rms_s15.npz,76458,20533b5b1c4cfb8f24c6a77af4b6b1cd8b130bf8602412263a244ec64c04921e
tcn,clean_only,202,bandpass_n20002_cLA_independent_rms_s10,phase2/results/predictions/full/clean_only/tcn/seed_202/bandpass_n20002_cLA_independent_rms_s10.npz,76414,c74ad7a02d3d6603988bc993226124616eb038dcd89d0a3489de65345897863f
tcn,clean_only,202,bandpass_n20002_cLA_independent_rms_s5,phase2/results/predictions/full/clean_only/tcn/seed_202/bandpass_n20002_cLA_independent_rms_s5.npz,76213,28d7f54540707ba6d657921f4825e3fdf1d599b68d84c0b36d6707ece187f398
tcn,clean_only,202,bandpass_n20002_cLA_independent_rms_s0,phase2/results/predictions/full/clean_only/tcn/seed_202/bandpass_n20002_cLA_independent_rms_s0.npz,75872,cece0ef4c6713d00f1a3f49bd9003b764f3676f83e2e250051db757047db0ea8
tcn,clean_only,202,bandpass_n20002_cLA_electrode_s20,phase2/results/predictions/full/clean_only/tcn/seed_202/bandpass_n20002_cLA_electrode_s20.npz,76421,f2ccf666eac0b0037a09df62b41087c7e2984a468d94344db2d771ee28b8f1ed
tcn,clean_only,202,bandpass_n20002_cLA_electrode_s15,phase2/results/predictions/full/clean_only/tcn/seed_202/bandpass_n20002_cLA_electrode_s15.npz,76469,e9fb66034c0192a6bba883980738988d7c32254ba01007814a68f9087fb4f319
tcn,clean_only,202,bandpass_n20002_cLA_electrode_s10,phase2/results/predictions/full/clean_only/tcn/seed_202/bandpass_n20002_cLA_electrode_s10.npz,76285,3e2f99d4784e65487982e7da00458ae38a15801776136a234ed102d37fa8f184
tcn,clean_only,202,bandpass_n20002_cLA_electrode_s5,phase2/results/predictions/full/clean_only/tcn/seed_202/bandpass_n20002_cLA_electrode_s5.npz,75983,53c799867f1eccf50e14b7a5d475b731e1f26c8256f63c1e876fe3236cd78493
tcn,clean_only,202,bandpass_n20002_cLA_electrode_s0,phase2/results/predictions/full/clean_only/tcn/seed_202/bandpass_n20002_cLA_electrode_s0.npz,75880,aec1d5e03b07275bb66b269fe2a3b3859aa818c8145a3735d0fe2338db407d96
tcn,clean_only,202,bandpass_n20002_cLA_covariance_s20,phase2/results/predictions/full/clean_only/tcn/seed_202/bandpass_n20002_cLA_covariance_s20.npz,76420,3521551a318cc90b7178ed5699175ed25f82287f37deb7f1acb4d0250a4ba569
tcn,clean_only,202,bandpass_n20002_cLA_covariance_s15,phase2/results/predictions/full/clean_only/tcn/seed_202/bandpass_n20002_cLA_covariance_s15.npz,76406,41be9fdcac694a03595e4121e698dce019910b34ab1bfdcca71cf8942fd4d82d
tcn,clean_only,202,bandpass_n20002_cLA_covariance_s10,phase2/results/predictions/full/clean_only/tcn/seed_202/bandpass_n20002_cLA_covariance_s10.npz,76277,add2e117c35941167232f0e9ca4fa85f720bbeea266a51683b4065da8abfa7c1
tcn,clean_only,202,bandpass_n20002_cLA_covariance_s5,phase2/results/predictions/full/clean_only/tcn/seed_202/bandpass_n20002_cLA_covariance_s5.npz,76011,41ad6463adc3475d0a2be81b3a810574cb4b0bab776d0b9da42d3a94cbe08601
tcn,clean_only,202,bandpass_n20002_cLA_covariance_s0,phase2/results/predictions/full/clean_only/tcn/seed_202/bandpass_n20002_cLA_covariance_s0.npz,75836,27fcf9080e04e7fc84badeba90301255a2bf628511769e6bb28ac1bd60a2e962
tcn,clean_only,202,bandpass_n20002_cLL_independent_rms_s20,phase2/results/predictions/full/clean_only/tcn/seed_202/bandpass_n20002_cLL_independent_rms_s20.npz,76442,4dca886970f95fce5ce5554db91481623f089c4ffa0b6a451c39a19fde95c04f
tcn,clean_only,202,bandpass_n20002_cLL_independent_rms_s15,phase2/results/predictions/full/clean_only/tcn/seed_202/bandpass_n20002_cLL_independent_rms_s15.npz,76421,00d02c1ce2d54f7e5d444cf70546121adb9039e893c29f5af9509167335dd492
tcn,clean_only,202,bandpass_n20002_cLL_independent_rms_s10,phase2/results/predictions/full/clean_only/tcn/seed_202/bandpass_n20002_cLL_independent_rms_s10.npz,76392,48586990f2fe0e023392ec697ee55a7de555c4f912eb0d6befe3670a81841dbc
tcn,clean_only,202,bandpass_n20002_cLL_independent_rms_s5,phase2/results/predictions/full/clean_only/tcn/seed_202/bandpass_n20002_cLL_independent_rms_s5.npz,76156,4d1150c9a59d8929fdaeb41d288d24cac6bc371d97a18cd6f47bdc1c4bc2f5f5
tcn,clean_only,202,bandpass_n20002_cLL_independent_rms_s0,phase2/results/predictions/full/clean_only/tcn/seed_202/bandpass_n20002_cLL_independent_rms_s0.npz,75794,88f10cd761c82446636b4e3d682531f22e7fd6fec1fe7428148da108e5d51b6b
tcn,clean_only,202,bandpass_n20002_cLL_electrode_s20,phase2/results/predictions/full/clean_only/tcn/seed_202/bandpass_n20002_cLL_electrode_s20.npz,76448,af8e0a41ba02000b4c0e2740c378bcc7532a8f9bd073deab616b652446d8c761
tcn,clean_only,202,bandpass_n20002_cLL_electrode_s15,phase2/results/predictions/full/clean_only/tcn/seed_202/bandpass_n20002_cLL_electrode_s15.npz,76395,14557cdb754dd77f3eeac633138f10291f5335f8285bf4bda84ddb95a0d137c2
tcn,clean_only,202,bandpass_n20002_cLL_electrode_s10,phase2/results/predictions/full/clean_only/tcn/seed_202/bandpass_n20002_cLL_electrode_s10.npz,76252,546aacbbfe88b4572b74ea0fe7aebab53de07622773872b78857d5c6f39e37b5
tcn,clean_only,202,bandpass_n20002_cLL_electrode_s5,phase2/results/predictions/full/clean_only/tcn/seed_202/bandpass_n20002_cLL_electrode_s5.npz,76014,072eb6dde5ba6a32501faff81a567e9f8a62fec3c09dc306a892971fb248597a
tcn,clean_only,202,bandpass_n20002_cLL_electrode_s0,phase2/results/predictions/full/clean_only/tcn/seed_202/bandpass_n20002_cLL_electrode_s0.npz,75840,cc6f3c92f5cff918502b6adec27f63c2d0e81fa7969a384393090e5cf1f19a1b
tcn,clean_only,202,bandpass_n20002_cLL_covariance_s20,phase2/results/predictions/full/clean_only/tcn/seed_202/bandpass_n20002_cLL_covariance_s20.npz,76446,efb75b555ca43d805b1f11e47e67cf46033597e2742fa89d811b2ef0c92901e8
tcn,clean_only,202,bandpass_n20002_cLL_covariance_s15,phase2/results/predictions/full/clean_only/tcn/seed_202/bandpass_n20002_cLL_covariance_s15.npz,76415,1ca7f57a6946d954269b6ff0dbb3c80a17eea5a466a8f910bf1bcb35b3a3cf52
tcn,clean_only,202,bandpass_n20002_cLL_covariance_s10,phase2/results/predictions/full/clean_only/tcn/seed_202/bandpass_n20002_cLL_covariance_s10.npz,76296,abd442777b01e232647af6df126f516e68750f921a731ffca032f5ef22be2f0e
tcn,clean_only,202,bandpass_n20002_cLL_covariance_s5,phase2/results/predictions/full/clean_only/tcn/seed_202/bandpass_n20002_cLL_covariance_s5.npz,75997,e93af063e03006f4a5042d371348a16d0f00a7910ff5145a001fc210c70a11fa
tcn,clean_only,202,bandpass_n20002_cLL_covariance_s0,phase2/results/predictions/full/clean_only/tcn/seed_202/bandpass_n20002_cLL_covariance_s0.npz,75833,8cc56e52130e2a6b62de34363b156addf8650e320b32ad3b44cc95a08d47764c
tcn,clean_only,202,bandpass_n20002_cRA_V1_independent_rms_s20,phase2/results/predictions/full/clean_only/tcn/seed_202/bandpass_n20002_cRA_V1_independent_rms_s20.npz,76411,e8a7830329ddc0308cd722f9f2006b4d19d615e9320d342cd764c8e1af062ac8
tcn,clean_only,202,bandpass_n20002_cRA_V1_independent_rms_s15,phase2/results/predictions/full/clean_only/tcn/seed_202/bandpass_n20002_cRA_V1_independent_rms_s15.npz,76438,e41645878eaf1b14f75ceb4198400b3fda9b525994b3b1b75969e20dd0519546
tcn,clean_only,202,bandpass_n20002_cRA_V1_independent_rms_s10,phase2/results/predictions/full/clean_only/tcn/seed_202/bandpass_n20002_cRA_V1_independent_rms_s10.npz,76413,5c148bec1f8c5d91ed43b7048c0935d79d1004f94a0ddb77168975b219575f08
tcn,clean_only,202,bandpass_n20002_cRA_V1_independent_rms_s5,phase2/results/predictions/full/clean_only/tcn/seed_202/bandpass_n20002_cRA_V1_independent_rms_s5.npz,76184,b4bdd0274973e0a7a126b49cbe4e543a76a85a19c17a9439eea2b997a045c362
tcn,clean_only,202,bandpass_n20002_cRA_V1_independent_rms_s0,phase2/results/predictions/full/clean_only/tcn/seed_202/bandpass_n20002_cRA_V1_independent_rms_s0.npz,75787,8ecab76edbb59722f08b47b1ace1e25eb0bb0e591819dc2eb9d7cb57934a9af2
tcn,clean_only,202,bandpass_n20002_cRA_V1_electrode_s20,phase2/results/predictions/full/clean_only/tcn/seed_202/bandpass_n20002_cRA_V1_electrode_s20.npz,76429,92b4dc1a241a0790bdd80a5777799f12f6dc40036b6b6ee8996d7877df7ba55c
tcn,clean_only,202,bandpass_n20002_cRA_V1_electrode_s15,phase2/results/predictions/full/clean_only/tcn/seed_202/bandpass_n20002_cRA_V1_electrode_s15.npz,76428,67e0b246d90add4071711afa998562ef7ab3cf2b3ddaa6be18c6b0d9789e81b4
tcn,clean_only,202,bandpass_n20002_cRA_V1_electrode_s10,phase2/results/predictions/full/clean_only/tcn/seed_202/bandpass_n20002_cRA_V1_electrode_s10.npz,76329,fac522ba9fb293fa144c5ee82295726b3ec96d3ed21c64d81943c00805a04580
tcn,clean_only,202,bandpass_n20002_cRA_V1_electrode_s5,phase2/results/predictions/full/clean_only/tcn/seed_202/bandpass_n20002_cRA_V1_electrode_s5.npz,76138,0720b4b701a35f3f709eb7b498636e02f3811ff0dc8f2787729d710f3bc063c8
tcn,clean_only,202,bandpass_n20002_cRA_V1_electrode_s0,phase2/results/predictions/full/clean_only/tcn/seed_202/bandpass_n20002_cRA_V1_electrode_s0.npz,75719,53715385509ffdc1b36ea0b516650b932cf6a04d4b8ca69d5991b3a12ef4477d
tcn,clean_only,202,bandpass_n20002_cRA_V1_covariance_s20,phase2/results/predictions/full/clean_only/tcn/seed_202/bandpass_n20002_cRA_V1_covariance_s20.npz,76468,0cf144883e8a93c8cec83fcc132e6aa6ded24c5246f321c34095050c8c19f64d
tcn,clean_only,202,bandpass_n20002_cRA_V1_covariance_s15,phase2/results/predictions/full/clean_only/tcn/seed_202/bandpass_n20002_cRA_V1_covariance_s15.npz,76413,f4c2cfa46e71f53868a623f91c21f8b05e5fd34e64579612dea9a3dbf7aa5d1e
tcn,clean_only,202,bandpass_n20002_cRA_V1_covariance_s10,phase2/results/predictions/full/clean_only/tcn/seed_202/bandpass_n20002_cRA_V1_covariance_s10.npz,76369,0667c8300244d3fa7c7535aca507f4c0e4fad747a4a04c3e672caedc77f546bc
tcn,clean_only,202,bandpass_n20002_cRA_V1_covariance_s5,phase2/results/predictions/full/clean_only/tcn/seed_202/bandpass_n20002_cRA_V1_covariance_s5.npz,76137,5fb872823265d03860322590803cb3406c807db4914b02247ee63663c04b6196
tcn,clean_only,202,bandpass_n20002_cRA_V1_covariance_s0,phase2/results/predictions/full/clean_only/tcn/seed_202/bandpass_n20002_cRA_V1_covariance_s0.npz,75717,9379bfc44d5fe789667fdf7bd97d83d38ac3071407e086d2eef03ae64367c22b
tcn,clean_only,202,bandpass_n20002_cLA_V6_independent_rms_s20,phase2/results/predictions/full/clean_only/tcn/seed_202/bandpass_n20002_cLA_V6_independent_rms_s20.npz,76445,520a158e7fb3d0d9e3605d3e132c4a6a95d856ae4d16362b4ee6e66fd956545b
tcn,clean_only,202,bandpass_n20002_cLA_V6_independent_rms_s15,phase2/results/predictions/full/clean_only/tcn/seed_202/bandpass_n20002_cLA_V6_independent_rms_s15.npz,76463,8d69a6edb5e74d775c86bc136932018dde2fd8e98e4813a675169bd7b9f90054
tcn,clean_only,202,bandpass_n20002_cLA_V6_independent_rms_s10,phase2/results/predictions/full/clean_only/tcn/seed_202/bandpass_n20002_cLA_V6_independent_rms_s10.npz,76430,daa8ca298b7e7721c11d9f9bedae26b6db3ce6f81f58143c0aeed7383aebe87c
tcn,clean_only,202,bandpass_n20002_cLA_V6_independent_rms_s5,phase2/results/predictions/full/clean_only/tcn/seed_202/bandpass_n20002_cLA_V6_independent_rms_s5.npz,76262,6aaf6192db8c28c9363c87498659aee73fa3ae360c43420862cc2dd6f27df193
tcn,clean_only,202,bandpass_n20002_cLA_V6_independent_rms_s0,phase2/results/predictions/full/clean_only/tcn/seed_202/bandpass_n20002_cLA_V6_independent_rms_s0.npz,75896,c52c46a83aa0353f0a31ab6c5ea37f6df7c93c5e56d7dd2da4a976ae4b6619b5
tcn,clean_only,202,bandpass_n20002_cLA_V6_electrode_s20,phase2/results/predictions/full/clean_only/tcn/seed_202/bandpass_n20002_cLA_V6_electrode_s20.npz,76446,789758b4affac3138d39e157a448a40fc4a7339447bc905d8904f02464a5244c
tcn,clean_only,202,bandpass_n20002_cLA_V6_electrode_s15,phase2/results/predictions/full/clean_only/tcn/seed_202/bandpass_n20002_cLA_V6_electrode_s15.npz,76402,81f43265832991904da6d66574a371f5a46394894e9d4fcf6a1a148fa4bb6986
tcn,clean_only,202,bandpass_n20002_cLA_V6_electrode_s10,phase2/results/predictions/full/clean_only/tcn/seed_202/bandpass_n20002_cLA_V6_electrode_s10.npz,76292,dba230978d72b1e68be53e0bae762745ebfc65444b82ce6c0bb127c310067292
tcn,clean_only,202,bandpass_n20002_cLA_V6_electrode_s5,phase2/results/predictions/full/clean_only/tcn/seed_202/bandpass_n20002_cLA_V6_electrode_s5.npz,76084,1d4f5235117d7d2c4e1934203feba735ff8208e59fbcade49b2b89f773cde0bc
tcn,clean_only,202,bandpass_n20002_cLA_V6_electrode_s0,phase2/results/predictions/full/clean_only/tcn/seed_202/bandpass_n20002_cLA_V6_electrode_s0.npz,75854,583d719e0893e85c0bb0703959396f197c095c3bf7bce9908a73d3f8c4cfcf32
tcn,clean_only,202,bandpass_n20002_cLA_V6_covariance_s20,phase2/results/predictions/full/clean_only/tcn/seed_202/bandpass_n20002_cLA_V6_covariance_s20.npz,76409,050809f2625fc72d7ff61fba324e4a6e76e8b62accc960e2dfa98bca1f63dd33
tcn,clean_only,202,bandpass_n20002_cLA_V6_covariance_s15,phase2/results/predictions/full/clean_only/tcn/seed_202/bandpass_n20002_cLA_V6_covariance_s15.npz,76436,b07b2889266ee7b27f68da702b9ee1d30d5946337e01e1e5df49fa21989f683e
tcn,clean_only,202,bandpass_n20002_cLA_V6_covariance_s10,phase2/results/predictions/full/clean_only/tcn/seed_202/bandpass_n20002_cLA_V6_covariance_s10.npz,76321,4a3f5ab0732ca8971f7adfa1073ade2de3ec60534ea5278fb11bd07bfd2b09f3
tcn,clean_only,202,bandpass_n20002_cLA_V6_covariance_s5,phase2/results/predictions/full/clean_only/tcn/seed_202/bandpass_n20002_cLA_V6_covariance_s5.npz,76080,7aafce813a5d334c6c60a4a383f83fa54d0ae24932066d747e14aea78299f7a8
tcn,clean_only,202,bandpass_n20002_cLA_V6_covariance_s0,phase2/results/predictions/full/clean_only/tcn/seed_202/bandpass_n20002_cLA_V6_covariance_s0.npz,75836,d889189a3b302fc6d53b76c94906378dad882c7d875f221a1808f363ce1be15c
tcn,clean_only,202,bandpass_n20002_cLL_V4_independent_rms_s20,phase2/results/predictions/full/clean_only/tcn/seed_202/bandpass_n20002_cLL_V4_independent_rms_s20.npz,76446,08cfb79be827da566bd9880e4a6e3f1e3673f09c2711ad26225356d5591c861f
tcn,clean_only,202,bandpass_n20002_cLL_V4_independent_rms_s15,phase2/results/predictions/full/clean_only/tcn/seed_202/bandpass_n20002_cLL_V4_independent_rms_s15.npz,76428,b92473ce583ad0ffbefedcdfdaf4340aa68fb11a93587871f06cf270e7e9fa29
tcn,clean_only,202,bandpass_n20002_cLL_V4_independent_rms_s10,phase2/results/predictions/full/clean_only/tcn/seed_202/bandpass_n20002_cLL_V4_independent_rms_s10.npz,76382,6a7eca855d8c502e2ef2d3e7fa5cea8966705b2df40962b5175f390620844c10
tcn,clean_only,202,bandpass_n20002_cLL_V4_independent_rms_s5,phase2/results/predictions/full/clean_only/tcn/seed_202/bandpass_n20002_cLL_V4_independent_rms_s5.npz,76210,daebbcfc2c680e43dc8864e15d9ccd2dab98d32634650cfe7f3c638e93c9e722
tcn,clean_only,202,bandpass_n20002_cLL_V4_independent_rms_s0,phase2/results/predictions/full/clean_only/tcn/seed_202/bandpass_n20002_cLL_V4_independent_rms_s0.npz,75830,8fb445e520dbf31314211f069aa1b5e4ff9ae522201e7eeeac29748cd1d8db91
tcn,clean_only,202,bandpass_n20002_cLL_V4_electrode_s20,phase2/results/predictions/full/clean_only/tcn/seed_202/bandpass_n20002_cLL_V4_electrode_s20.npz,76442,9f45794f4533807c9dbd97b5b8300eb83d4205898e45bed756634677cd725b63
tcn,clean_only,202,bandpass_n20002_cLL_V4_electrode_s15,phase2/results/predictions/full/clean_only/tcn/seed_202/bandpass_n20002_cLL_V4_electrode_s15.npz,76423,b421f3e020a24519512b8f4b71eddb3c0db03e40c9ea63636dee0e90704108f8
tcn,clean_only,202,bandpass_n20002_cLL_V4_electrode_s10,phase2/results/predictions/full/clean_only/tcn/seed_202/bandpass_n20002_cLL_V4_electrode_s10.npz,76293,4624743428ca618ae6dc5c8fd552b83af3ef14f2c817a729aff29534b5df2fe2
tcn,clean_only,202,bandpass_n20002_cLL_V4_electrode_s5,phase2/results/predictions/full/clean_only/tcn/seed_202/bandpass_n20002_cLL_V4_electrode_s5.npz,76051,31f5319e0d28397191f96f335d4c365f81c3e34961dbfff859df6c80de27efc3
tcn,clean_only,202,bandpass_n20002_cLL_V4_electrode_s0,phase2/results/predictions/full/clean_only/tcn/seed_202/bandpass_n20002_cLL_V4_electrode_s0.npz,75836,b95b33f7f962ffc9fa8a43ccf6d027db69453f05c5b957bc6ba0b0d639335e34
tcn,clean_only,202,bandpass_n20002_cLL_V4_covariance_s20,phase2/results/predictions/full/clean_only/tcn/seed_202/bandpass_n20002_cLL_V4_covariance_s20.npz,76437,dcb1e184f8db5e638461c691147770e4f89d7bef3e53a8ca7d39bbf1f5c54c0e
tcn,clean_only,202,bandpass_n20002_cLL_V4_covariance_s15,phase2/results/predictions/full/clean_only/tcn/seed_202/bandpass_n20002_cLL_V4_covariance_s15.npz,76421,2ecca6050bc9818c26e15ae3d070cd8ae06c0b8f51deb6b57498c034ab8baab8
tcn,clean_only,202,bandpass_n20002_cLL_V4_covariance_s10,phase2/results/predictions/full/clean_only/tcn/seed_202/bandpass_n20002_cLL_V4_covariance_s10.npz,76302,662707dec800f54438995bb2b3ec05869a1d8f539ebb542fb51aa9baf3fe6914
tcn,clean_only,202,bandpass_n20002_cLL_V4_covariance_s5,phase2/results/predictions/full/clean_only/tcn/seed_202/bandpass_n20002_cLL_V4_covariance_s5.npz,76052,a05c6f3ea281d1727f9ad95de21c4821a4bfa0e71192b8988ee2777cbb587745
tcn,clean_only,202,bandpass_n20002_cLL_V4_covariance_s0,phase2/results/predictions/full/clean_only/tcn/seed_202/bandpass_n20002_cLL_V4_covariance_s0.npz,75847,abeb6f4f19e4d2d77e8fcd33f80d09a0854fff4593b0d7124ba813f394633047
tcn,clean_only,202,bandpass_n20002_cRA_LA_V1_V6_independent_rms_s20,phase2/results/predictions/full/clean_only/tcn/seed_202/bandpass_n20002_cRA_LA_V1_V6_independent_rms_s20.npz,76455,1ebaf503a915230b530ee52a89b799af7bd5b37e5f0fdc9c46196c8d14588c3d
tcn,clean_only,202,bandpass_n20002_cRA_LA_V1_V6_independent_rms_s15,phase2/results/predictions/full/clean_only/tcn/seed_202/bandpass_n20002_cRA_LA_V1_V6_independent_rms_s15.npz,76483,0874eeefff28585466f234d991c873119ca9eb3b0844969093d9ef25809d627a
tcn,clean_only,202,bandpass_n20002_cRA_LA_V1_V6_independent_rms_s10,phase2/results/predictions/full/clean_only/tcn/seed_202/bandpass_n20002_cRA_LA_V1_V6_independent_rms_s10.npz,76443,68061f6b13e5d917347dd6c240ac923bc23fd5cd02bb51438b05fd4c3e5a1f55
tcn,clean_only,202,bandpass_n20002_cRA_LA_V1_V6_independent_rms_s5,phase2/results/predictions/full/clean_only/tcn/seed_202/bandpass_n20002_cRA_LA_V1_V6_independent_rms_s5.npz,76256,11be0f04a2504d9d26c10b961d62187d05d5346d0b88bff57f0deefc65baf8e3
tcn,clean_only,202,bandpass_n20002_cRA_LA_V1_V6_independent_rms_s0,phase2/results/predictions/full/clean_only/tcn/seed_202/bandpass_n20002_cRA_LA_V1_V6_independent_rms_s0.npz,75863,367a7f4b6aeb19a6a2545d54f8a3ee80ae19533afa4544438575c17b8af40733
tcn,clean_only,202,bandpass_n20002_cRA_LA_V1_V6_electrode_s20,phase2/results/predictions/full/clean_only/tcn/seed_202/bandpass_n20002_cRA_LA_V1_V6_electrode_s20.npz,76444,7957c386eff4fde886be62180d10354dedcec2d0a3aca7338353525ee92e5efd
tcn,clean_only,202,bandpass_n20002_cRA_LA_V1_V6_electrode_s15,phase2/results/predictions/full/clean_only/tcn/seed_202/bandpass_n20002_cRA_LA_V1_V6_electrode_s15.npz,76435,bbb27eb2bb3a16f66010461b9b15f3279ceb5c58af17a230daac847b44b79b57
tcn,clean_only,202,bandpass_n20002_cRA_LA_V1_V6_electrode_s10,phase2/results/predictions/full/clean_only/tcn/seed_202/bandpass_n20002_cRA_LA_V1_V6_electrode_s10.npz,76332,803d0d34d52a8eaaed41ef8e7bcbcb69cc52e0872e321b2a17845e86ca20488b
tcn,clean_only,202,bandpass_n20002_cRA_LA_V1_V6_electrode_s5,phase2/results/predictions/full/clean_only/tcn/seed_202/bandpass_n20002_cRA_LA_V1_V6_electrode_s5.npz,76072,bcf2a3c676dd8e10b6ac57bfe31f5f74179db1cd8305eb2b21c648981c5be182
tcn,clean_only,202,bandpass_n20002_cRA_LA_V1_V6_electrode_s0,phase2/results/predictions/full/clean_only/tcn/seed_202/bandpass_n20002_cRA_LA_V1_V6_electrode_s0.npz,75636,b96b71de6ec046604a2f425140be4be3b1c6e26aa6c5cdb3f486faaa67cf5098
tcn,clean_only,202,bandpass_n20002_cRA_LA_V1_V6_covariance_s20,phase2/results/predictions/full/clean_only/tcn/seed_202/bandpass_n20002_cRA_LA_V1_V6_covariance_s20.npz,76460,7a8e9ba2c1805da772fcb78c5f01863807cc53ce23629cef6a27a1ceb50faef2
tcn,clean_only,202,bandpass_n20002_cRA_LA_V1_V6_covariance_s15,phase2/results/predictions/full/clean_only/tcn/seed_202/bandpass_n20002_cRA_LA_V1_V6_covariance_s15.npz,76472,932adeaedb83ada5f8412aaa99c052e9bdd5d7270fce7c3f79c0794dff53d796
tcn,clean_only,202,bandpass_n20002_cRA_LA_V1_V6_covariance_s10,phase2/results/predictions/full/clean_only/tcn/seed_202/bandpass_n20002_cRA_LA_V1_V6_covariance_s10.npz,76345,f5d6b755f6b0801ce4c62894e02938a7a60e524a803f57e8da0f12cd904a724d
tcn,clean_only,202,bandpass_n20002_cRA_LA_V1_V6_covariance_s5,phase2/results/predictions/full/clean_only/tcn/seed_202/bandpass_n20002_cRA_LA_V1_V6_covariance_s5.npz,76108,c3fe8f8f569d7023864d037260e4a47ccd166e9ba6c018adbda05b7c2f14c3be
tcn,clean_only,202,bandpass_n20002_cRA_LA_V1_V6_covariance_s0,phase2/results/predictions/full/clean_only/tcn/seed_202/bandpass_n20002_cRA_LA_V1_V6_covariance_s0.npz,75577,266bfe0ade3b41e0288f2d339e2273c326cafcca3328724e2867e7f1f3d8fb54
tcn,clean_only,202,bandpass_n20002_cRA_V2_V5_independent_rms_s20,phase2/results/predictions/full/clean_only/tcn/seed_202/bandpass_n20002_cRA_V2_V5_independent_rms_s20.npz,76435,00dbe48edaa91ad2d0fb5632a59226519100523dc1d0e87ef4698228e920c6dd
tcn,clean_only,202,bandpass_n20002_cRA_V2_V5_independent_rms_s15,phase2/results/predictions/full/clean_only/tcn/seed_202/bandpass_n20002_cRA_V2_V5_independent_rms_s15.npz,76439,d797cab9dcb9733643e55685f36df7e9aea5a2062129f64e4d96703b0efd5c1e
tcn,clean_only,202,bandpass_n20002_cRA_V2_V5_independent_rms_s10,phase2/results/predictions/full/clean_only/tcn/seed_202/bandpass_n20002_cRA_V2_V5_independent_rms_s10.npz,76436,c10bd1619958a2b890a0d2649f59f3bf593b0098e36c20ab8420e7128e80513f
tcn,clean_only,202,bandpass_n20002_cRA_V2_V5_independent_rms_s5,phase2/results/predictions/full/clean_only/tcn/seed_202/bandpass_n20002_cRA_V2_V5_independent_rms_s5.npz,76251,9d21d223ab90893c89d5d65908990687fe8ad3bf21d9a3702a0de08946c3cf9e
tcn,clean_only,202,bandpass_n20002_cRA_V2_V5_independent_rms_s0,phase2/results/predictions/full/clean_only/tcn/seed_202/bandpass_n20002_cRA_V2_V5_independent_rms_s0.npz,75876,dcd32a40d146272381eadac54ef838a542ac67bd7972cb25d66443afc02e6c85
tcn,clean_only,202,bandpass_n20002_cRA_V2_V5_electrode_s20,phase2/results/predictions/full/clean_only/tcn/seed_202/bandpass_n20002_cRA_V2_V5_electrode_s20.npz,76426,98a238b7923160e89cd4e51188e015376f298d2d1be048fdff4d3e02a351624e
tcn,clean_only,202,bandpass_n20002_cRA_V2_V5_electrode_s15,phase2/results/predictions/full/clean_only/tcn/seed_202/bandpass_n20002_cRA_V2_V5_electrode_s15.npz,76451,5876f9a18495d8af3760c487feb02b02618b44640002c10e3576294c57c8fe51
tcn,clean_only,202,bandpass_n20002_cRA_V2_V5_electrode_s10,phase2/results/predictions/full/clean_only/tcn/seed_202/bandpass_n20002_cRA_V2_V5_electrode_s10.npz,76405,89b316b16702073b3c268be1e1335a3751299a829931f67ebf43ae18a8dcb723
tcn,clean_only,202,bandpass_n20002_cRA_V2_V5_electrode_s5,phase2/results/predictions/full/clean_only/tcn/seed_202/bandpass_n20002_cRA_V2_V5_electrode_s5.npz,76171,31b0109cb3f97882e0127fab78352f706c0b2337c05453b4f86d3cfec2f0717e
tcn,clean_only,202,bandpass_n20002_cRA_V2_V5_electrode_s0,phase2/results/predictions/full/clean_only/tcn/seed_202/bandpass_n20002_cRA_V2_V5_electrode_s0.npz,75820,0656ad238db7698c36190742bbdf7f4cc5f83a146e4852c6a7edb56c89e401a0
tcn,clean_only,202,bandpass_n20002_cRA_V2_V5_covariance_s20,phase2/results/predictions/full/clean_only/tcn/seed_202/bandpass_n20002_cRA_V2_V5_covariance_s20.npz,76454,5157eced26b7c93972f081f1ae527bd5d5908724cfae425d8919b61c3324b30c
tcn,clean_only,202,bandpass_n20002_cRA_V2_V5_covariance_s15,phase2/results/predictions/full/clean_only/tcn/seed_202/bandpass_n20002_cRA_V2_V5_covariance_s15.npz,76454,a1fb84c133fb895011c83f184b41bbb0f5c19dbafb65f7d6e6cf3fd2f80fcfb5
tcn,clean_only,202,bandpass_n20002_cRA_V2_V5_covariance_s10,phase2/results/predictions/full/clean_only/tcn/seed_202/bandpass_n20002_cRA_V2_V5_covariance_s10.npz,76402,1c50337437ac01ec3d5ca3de50a97b4a8999c4a1ecd56f1eebae4a7be07ef885
tcn,clean_only,202,bandpass_n20002_cRA_V2_V5_covariance_s5,phase2/results/predictions/full/clean_only/tcn/seed_202/bandpass_n20002_cRA_V2_V5_covariance_s5.npz,76198,4f28a5261937211a8b63809f8e8c034d9356b11f2f360013855548fc5f425af2
tcn,clean_only,202,bandpass_n20002_cRA_V2_V5_covariance_s0,phase2/results/predictions/full/clean_only/tcn/seed_202/bandpass_n20002_cRA_V2_V5_covariance_s0.npz,75847,d7ca8a0f98197bc399be51dfc2280d504a23c6285f756d287d972b0681be20d7
tcn,clean_only,202,bandpass_n20002_cLA_V3_V6_independent_rms_s20,phase2/results/predictions/full/clean_only/tcn/seed_202/bandpass_n20002_cLA_V3_V6_independent_rms_s20.npz,76490,cb957b7866b7bea16c4a97ebbbe61faed585803fbff0f9a0c2e0c837f230e993
tcn,clean_only,202,bandpass_n20002_cLA_V3_V6_independent_rms_s15,phase2/results/predictions/full/clean_only/tcn/seed_202/bandpass_n20002_cLA_V3_V6_independent_rms_s15.npz,76443,735025aea69e9677578ec347be48cae00fd3172955e20fd4baa1dadfbe0b299f
tcn,clean_only,202,bandpass_n20002_cLA_V3_V6_independent_rms_s10,phase2/results/predictions/full/clean_only/tcn/seed_202/bandpass_n20002_cLA_V3_V6_independent_rms_s10.npz,76444,7f15fe5b96593859de281fd3571f26d31a529de84c4877fcd4c074407f12b04b
tcn,clean_only,202,bandpass_n20002_cLA_V3_V6_independent_rms_s5,phase2/results/predictions/full/clean_only/tcn/seed_202/bandpass_n20002_cLA_V3_V6_independent_rms_s5.npz,76276,d135cc576a24ab9c2323d04bf2d0037c806aede282caf3643bb8e582fa627cc7
tcn,clean_only,202,bandpass_n20002_cLA_V3_V6_independent_rms_s0,phase2/results/predictions/full/clean_only/tcn/seed_202/bandpass_n20002_cLA_V3_V6_independent_rms_s0.npz,75951,bce18d15f75cd382d0d1ddffa1bae2146f69ae5bdd3ae8b3df88218cc6733190
tcn,clean_only,202,bandpass_n20002_cLA_V3_V6_electrode_s20,phase2/results/predictions/full/clean_only/tcn/seed_202/bandpass_n20002_cLA_V3_V6_electrode_s20.npz,76462,922cfa2a6dd4fd5c0f199decb4c69d22d0a0c9e443585fbd42b7ae46a729398f
tcn,clean_only,202,bandpass_n20002_cLA_V3_V6_electrode_s15,phase2/results/predictions/full/clean_only/tcn/seed_202/bandpass_n20002_cLA_V3_V6_electrode_s15.npz,76474,92cde0bafbca7afc88c54e51927dd7b822745829bf765f4de05d8fc98ebefa85
tcn,clean_only,202,bandpass_n20002_cLA_V3_V6_electrode_s10,phase2/results/predictions/full/clean_only/tcn/seed_202/bandpass_n20002_cLA_V3_V6_electrode_s10.npz,76350,b78aa6eb56ba9602e871b486badfe621fc331353c572f46a4c8981bb87717c6e
tcn,clean_only,202,bandpass_n20002_cLA_V3_V6_electrode_s5,phase2/results/predictions/full/clean_only/tcn/seed_202/bandpass_n20002_cLA_V3_V6_electrode_s5.npz,76123,d64295dfb766eeeb74781a892b84af7e6d91135f523b7d4f1cab65335227c27b
tcn,clean_only,202,bandpass_n20002_cLA_V3_V6_electrode_s0,phase2/results/predictions/full/clean_only/tcn/seed_202/bandpass_n20002_cLA_V3_V6_electrode_s0.npz,75857,e0be22235a4418e3fb2bd5f776c6608555c3a4f60252d9b23443c98f37ac6c80
tcn,clean_only,202,bandpass_n20002_cLA_V3_V6_covariance_s20,phase2/results/predictions/full/clean_only/tcn/seed_202/bandpass_n20002_cLA_V3_V6_covariance_s20.npz,76456,101a82013a0457ac8573c1865b58cc21fadf6b34395981ad66801881a7b4487e
tcn,clean_only,202,bandpass_n20002_cLA_V3_V6_covariance_s15,phase2/results/predictions/full/clean_only/tcn/seed_202/bandpass_n20002_cLA_V3_V6_covariance_s15.npz,76423,abebc5bdd4ec6da5438a3bc4c6edd16f638cafd32cb0e23c7baba81581565bea
tcn,clean_only,202,bandpass_n20002_cLA_V3_V6_covariance_s10,phase2/results/predictions/full/clean_only/tcn/seed_202/bandpass_n20002_cLA_V3_V6_covariance_s10.npz,76368,a3c1e4e70fb9f68e39e7747e01d9ab7407c2cce6292cc1d8bb182d684b87e417
tcn,clean_only,202,bandpass_n20002_cLA_V3_V6_covariance_s5,phase2/results/predictions/full/clean_only/tcn/seed_202/bandpass_n20002_cLA_V3_V6_covariance_s5.npz,76126,8aca4830bcfebce43f788842bf1b0e962656d3ba636a305ff521e7e5763b9205
tcn,clean_only,202,bandpass_n20002_cLA_V3_V6_covariance_s0,phase2/results/predictions/full/clean_only/tcn/seed_202/bandpass_n20002_cLA_V3_V6_covariance_s0.npz,75842,9197fe84ddf032f9606fc1148acd83a8bcd15a6e481c214b59709d11406f43e7
tcn,clean_only,202,bandpass_n20002_cLL_V1_V4_independent_rms_s20,phase2/results/predictions/full/clean_only/tcn/seed_202/bandpass_n20002_cLL_V1_V4_independent_rms_s20.npz,76453,91d67b1ad9aefaa965d9d82aa3de9f3d29c9707d8e060dfb088def5ebffc1d03
tcn,clean_only,202,bandpass_n20002_cLL_V1_V4_independent_rms_s15,phase2/results/predictions/full/clean_only/tcn/seed_202/bandpass_n20002_cLL_V1_V4_independent_rms_s15.npz,76448,3a1da7982ffe64393321b4b01a4e08f8c338bd5d6fa54c6cf539a5d61c79e841
tcn,clean_only,202,bandpass_n20002_cLL_V1_V4_independent_rms_s10,phase2/results/predictions/full/clean_only/tcn/seed_202/bandpass_n20002_cLL_V1_V4_independent_rms_s10.npz,76411,a5fad52a50a98a46e44c7978939f844373c3423a633cd0c31d038737975a5000
tcn,clean_only,202,bandpass_n20002_cLL_V1_V4_independent_rms_s5,phase2/results/predictions/full/clean_only/tcn/seed_202/bandpass_n20002_cLL_V1_V4_independent_rms_s5.npz,76225,084f593334638e6e7858ee97bb5961472135f34b5931f5c565f5dda8d1b4a089
tcn,clean_only,202,bandpass_n20002_cLL_V1_V4_independent_rms_s0,phase2/results/predictions/full/clean_only/tcn/seed_202/bandpass_n20002_cLL_V1_V4_independent_rms_s0.npz,75811,49ac51e07e76adc800ae70ce5e853e672c3fc6cd90ceb9b33d9dd57f894cf21c
tcn,clean_only,202,bandpass_n20002_cLL_V1_V4_electrode_s20,phase2/results/predictions/full/clean_only/tcn/seed_202/bandpass_n20002_cLL_V1_V4_electrode_s20.npz,76446,b86332818c97bf89316ceb01380065d6277b4dc06b8137c89282959e05e71fb9
tcn,clean_only,202,bandpass_n20002_cLL_V1_V4_electrode_s15,phase2/results/predictions/full/clean_only/tcn/seed_202/bandpass_n20002_cLL_V1_V4_electrode_s15.npz,76390,f94d5aac3159202bbfd691e3ae3a6815e559df0853940cf309e59351fce60bdf
tcn,clean_only,202,bandpass_n20002_cLL_V1_V4_electrode_s10,phase2/results/predictions/full/clean_only/tcn/seed_202/bandpass_n20002_cLL_V1_V4_electrode_s10.npz,76307,fa2d8dbcce7dbc5b97c5394b3ead9fd059fbe594a2049b2481c9cbd472e8607b
tcn,clean_only,202,bandpass_n20002_cLL_V1_V4_electrode_s5,phase2/results/predictions/full/clean_only/tcn/seed_202/bandpass_n20002_cLL_V1_V4_electrode_s5.npz,76044,845dd450cef419ff8ba90452f7d1421f32bf3fced03bde65b35a7e8881a6c9ed
tcn,clean_only,202,bandpass_n20002_cLL_V1_V4_electrode_s0,phase2/results/predictions/full/clean_only/tcn/seed_202/bandpass_n20002_cLL_V1_V4_electrode_s0.npz,75829,7aa3732c32ffa63b6e76c9b2fb1c42752ee82069b8113f01ad0f26cf0c51c2c0
tcn,clean_only,202,bandpass_n20002_cLL_V1_V4_covariance_s20,phase2/results/predictions/full/clean_only/tcn/seed_202/bandpass_n20002_cLL_V1_V4_covariance_s20.npz,76470,2ddf071bed0a8ffc653ab078a8096280af69ccd7c1e50a05aee5b07434864d6c
tcn,clean_only,202,bandpass_n20002_cLL_V1_V4_covariance_s15,phase2/results/predictions/full/clean_only/tcn/seed_202/bandpass_n20002_cLL_V1_V4_covariance_s15.npz,76430,46442ab6d874ba39ab8781ea8e8196d7b21d8859194d4f6806d8da2c7d772af7
tcn,clean_only,202,bandpass_n20002_cLL_V1_V4_covariance_s10,phase2/results/predictions/full/clean_only/tcn/seed_202/bandpass_n20002_cLL_V1_V4_covariance_s10.npz,76314,d1a4e73f88b1a6c77cdb4c465ce5270afea0b2e50cce76a332cf7f023c9c8fee
tcn,clean_only,202,bandpass_n20002_cLL_V1_V4_covariance_s5,phase2/results/predictions/full/clean_only/tcn/seed_202/bandpass_n20002_cLL_V1_V4_covariance_s5.npz,76018,7bb3ed45c54a0e697ba468f41b0445ed041cc5bc9f5ac4d487b65a6f8a8d09cb
tcn,clean_only,202,bandpass_n20002_cLL_V1_V4_covariance_s0,phase2/results/predictions/full/clean_only/tcn/seed_202/bandpass_n20002_cLL_V1_V4_covariance_s0.npz,75783,7dc04ded454b79997989e35847f53bb12fbbac1046ace1ce826f855007c19572
tcn,clean_only,202,bandpass_n20002_call_independent_rms_s20,phase2/results/predictions/full/clean_only/tcn/seed_202/bandpass_n20002_call_independent_rms_s20.npz,76420,0d03660363a0ca41cece5923e049cca99e37c90588f4a9beb8b865503cc16086
tcn,clean_only,202,bandpass_n20002_call_independent_rms_s15,phase2/results/predictions/full/clean_only/tcn/seed_202/bandpass_n20002_call_independent_rms_s15.npz,76435,fe905851f3a818e305e59ed2c29a6754a99b4edc6caa7277ceaf8d72b3641b64
tcn,clean_only,202,bandpass_n20002_call_independent_rms_s10,phase2/results/predictions/full/clean_only/tcn/seed_202/bandpass_n20002_call_independent_rms_s10.npz,76416,e7f0653f198e9ce570003d4757bbf8079b970244acc273618eb1d2b075d8dd5e
tcn,clean_only,202,bandpass_n20002_call_independent_rms_s5,phase2/results/predictions/full/clean_only/tcn/seed_202/bandpass_n20002_call_independent_rms_s5.npz,76156,73a3adbc4c3023e4e11f5d1efee5939bebeba416f12e5d880fbfa4fd00c8fc88
tcn,clean_only,202,bandpass_n20002_call_independent_rms_s0,phase2/results/predictions/full/clean_only/tcn/seed_202/bandpass_n20002_call_independent_rms_s0.npz,75816,0456868572e0e3134ca2c4fbd8f8d59092a828819024bd6bae7bab9398423a44
tcn,clean_only,202,bandpass_n20002_call_electrode_s20,phase2/results/predictions/full/clean_only/tcn/seed_202/bandpass_n20002_call_electrode_s20.npz,76424,7473287bef5e80bb188eeabbed4b7bd9172e0243c4c38e4ae5a1cb17fce01d75
tcn,clean_only,202,bandpass_n20002_call_electrode_s15,phase2/results/predictions/full/clean_only/tcn/seed_202/bandpass_n20002_call_electrode_s15.npz,76403,988a7b0f67d26f4bd71e01015ead4ad1efd6b5775797f6cceb7dbf46aab97741
tcn,clean_only,202,bandpass_n20002_call_electrode_s10,phase2/results/predictions/full/clean_only/tcn/seed_202/bandpass_n20002_call_electrode_s10.npz,76311,6a160a891863c76641302cf89e17b352954402ecbe61afebdf04a1bdb388f077
tcn,clean_only,202,bandpass_n20002_call_electrode_s5,phase2/results/predictions/full/clean_only/tcn/seed_202/bandpass_n20002_call_electrode_s5.npz,76039,ca9f82aa7dddbb37f47886edbf97502159b3dcc3952d704a509b97602ccbc341
tcn,clean_only,202,bandpass_n20002_call_electrode_s0,phase2/results/predictions/full/clean_only/tcn/seed_202/bandpass_n20002_call_electrode_s0.npz,75671,a3b36bac5aa771a8049fb1475d9fd19172b068f477cbba56772e817ee6a87b91
tcn,clean_only,202,bandpass_n20002_call_covariance_s20,phase2/results/predictions/full/clean_only/tcn/seed_202/bandpass_n20002_call_covariance_s20.npz,76428,4cb213d7d8b2f7aa7026732d20567a9a23de6ddba8088928100b2231c09dbcd1
tcn,clean_only,202,bandpass_n20002_call_covariance_s15,phase2/results/predictions/full/clean_only/tcn/seed_202/bandpass_n20002_call_covariance_s15.npz,76415,bc0f8fae163009be9949f68360ec18ddcc16bb7b144cae3107aa85c6955b8214
tcn,clean_only,202,bandpass_n20002_call_covariance_s10,phase2/results/predictions/full/clean_only/tcn/seed_202/bandpass_n20002_call_covariance_s10.npz,76307,3245fb875b82fb481e6f3e02e22f6ef6f7a5365aba03291166406534411b5ead
tcn,clean_only,202,bandpass_n20002_call_covariance_s5,phase2/results/predictions/full/clean_only/tcn/seed_202/bandpass_n20002_call_covariance_s5.npz,76067,e4a1aef53eb3e66f1039a71e4263ad5fabbbde2c8657c7fe78254e5a7ad4d0cc
tcn,clean_only,202,bandpass_n20002_call_covariance_s0,phase2/results/predictions/full/clean_only/tcn/seed_202/bandpass_n20002_call_covariance_s0.npz,75669,5b73293ad5136136101dd328f777cfca62d997fa78c22416a3954da569d7e6d3
tcn,clean_only,202,bandpass_n20003_cRA_LA_LL_independent_rms_s20,phase2/results/predictions/full/clean_only/tcn/seed_202/bandpass_n20003_cRA_LA_LL_independent_rms_s20.npz,76449,326e1e969cea23ccef827c95e7411fa361f81a90d734f5b1085345a152179a1a
tcn,clean_only,202,bandpass_n20003_cRA_LA_LL_independent_rms_s15,phase2/results/predictions/full/clean_only/tcn/seed_202/bandpass_n20003_cRA_LA_LL_independent_rms_s15.npz,76451,57f6ea69d27c280eb49390645aefb020124e028395b275ba08a6ac52a454b04d
tcn,clean_only,202,bandpass_n20003_cRA_LA_LL_independent_rms_s10,phase2/results/predictions/full/clean_only/tcn/seed_202/bandpass_n20003_cRA_LA_LL_independent_rms_s10.npz,76421,ace3ecbfa2eb62f4906b85629d89adf2d28475f8d3fb86d5a1931ccad0ddd5ce
tcn,clean_only,202,bandpass_n20003_cRA_LA_LL_independent_rms_s5,phase2/results/predictions/full/clean_only/tcn/seed_202/bandpass_n20003_cRA_LA_LL_independent_rms_s5.npz,76217,88f72e3c3e96fea3c6cbf0ec1a19a3b7d2a7540e3a3000a42613081d6ad76b24
tcn,clean_only,202,bandpass_n20003_cRA_LA_LL_independent_rms_s0,phase2/results/predictions/full/clean_only/tcn/seed_202/bandpass_n20003_cRA_LA_LL_independent_rms_s0.npz,75859,aa81e269d5725439b7bd4d9d8cf9144064ec2dca9a1b67eaf0e05e0ef7a1d834
tcn,clean_only,202,bandpass_n20003_cRA_LA_LL_electrode_s20,phase2/results/predictions/full/clean_only/tcn/seed_202/bandpass_n20003_cRA_LA_LL_electrode_s20.npz,76422,2fd564b2d574831cb49f5bb5e24bc155a46a8ae4feb06c12efde5f8e0bd0e7e5
tcn,clean_only,202,bandpass_n20003_cRA_LA_LL_electrode_s15,phase2/results/predictions/full/clean_only/tcn/seed_202/bandpass_n20003_cRA_LA_LL_electrode_s15.npz,76424,c81f703aa6c477bdcf18c4c8b7d0a946f8bdf1c40c5f1f5f995b5873c36b363a
tcn,clean_only,202,bandpass_n20003_cRA_LA_LL_electrode_s10,phase2/results/predictions/full/clean_only/tcn/seed_202/bandpass_n20003_cRA_LA_LL_electrode_s10.npz,76276,05db5d1ce699aeca9fed7c932db6fc68a8e4723a84d39d5c725052ebb10f1f04
tcn,clean_only,202,bandpass_n20003_cRA_LA_LL_electrode_s5,phase2/results/predictions/full/clean_only/tcn/seed_202/bandpass_n20003_cRA_LA_LL_electrode_s5.npz,76021,fd0496df72d016e89112d81b0c2c2f12057851382b78fa0552c3747913a4a5e3
tcn,clean_only,202,bandpass_n20003_cRA_LA_LL_electrode_s0,phase2/results/predictions/full/clean_only/tcn/seed_202/bandpass_n20003_cRA_LA_LL_electrode_s0.npz,75693,61ec808d9b8e421eaed3c8e8caecf558663ec07c12bf28e0249a7bb47a649b5c
tcn,clean_only,202,bandpass_n20003_cRA_LA_LL_covariance_s20,phase2/results/predictions/full/clean_only/tcn/seed_202/bandpass_n20003_cRA_LA_LL_covariance_s20.npz,76468,282319f25598fd44bcc09719dec33a113195c5bbb64615e85278fdc451fbaf0e
tcn,clean_only,202,bandpass_n20003_cRA_LA_LL_covariance_s15,phase2/results/predictions/full/clean_only/tcn/seed_202/bandpass_n20003_cRA_LA_LL_covariance_s15.npz,76402,813d74cc521eff18bb31118731bb786c1c392e99c028d368868fce48f7bda35b
tcn,clean_only,202,bandpass_n20003_cRA_LA_LL_covariance_s10,phase2/results/predictions/full/clean_only/tcn/seed_202/bandpass_n20003_cRA_LA_LL_covariance_s10.npz,76341,eb1190bc434f3c23258d7cbf11417e57b0d7de382658d36d6b5f6230553aec3a
tcn,clean_only,202,bandpass_n20003_cRA_LA_LL_covariance_s5,phase2/results/predictions/full/clean_only/tcn/seed_202/bandpass_n20003_cRA_LA_LL_covariance_s5.npz,76031,a46809f84a700b39ea7875463aaf3794de35a8a9d9f30e390897563831fce87c
tcn,clean_only,202,bandpass_n20003_cRA_LA_LL_covariance_s0,phase2/results/predictions/full/clean_only/tcn/seed_202/bandpass_n20003_cRA_LA_LL_covariance_s0.npz,75679,98b49364f3d7e0f9d607d6544d3d7efd76a5c3ffd9c26c61ce84c9fa62475006
tcn,clean_only,202,bandpass_n20003_cV1_independent_rms_s20,phase2/results/predictions/full/clean_only/tcn/seed_202/bandpass_n20003_cV1_independent_rms_s20.npz,76451,c59fd2a9262dfbf151241ce8d3a4f9dbcae97f7ee580faf9859b83b3e858ed76
tcn,clean_only,202,bandpass_n20003_cV1_independent_rms_s15,phase2/results/predictions/full/clean_only/tcn/seed_202/bandpass_n20003_cV1_independent_rms_s15.npz,76446,78760eb638f44bb25792ba0bd757f36cb8aa8e166705c4f6b4b772f1e880dfac
tcn,clean_only,202,bandpass_n20003_cV1_independent_rms_s10,phase2/results/predictions/full/clean_only/tcn/seed_202/bandpass_n20003_cV1_independent_rms_s10.npz,76358,17efed793496ffa479b51d3797aa891312c3d318bed8024936d5e15aaeea880c
tcn,clean_only,202,bandpass_n20003_cV1_independent_rms_s5,phase2/results/predictions/full/clean_only/tcn/seed_202/bandpass_n20003_cV1_independent_rms_s5.npz,76069,c77e4a13723116e704a62c5c57a52a3817b6fc50a15e7854a8adcb1d723c1073
tcn,clean_only,202,bandpass_n20003_cV1_independent_rms_s0,phase2/results/predictions/full/clean_only/tcn/seed_202/bandpass_n20003_cV1_independent_rms_s0.npz,75639,50382ef01c2f4e11df8e1f11b2e2cc1f4eafb1b3fcb1c74868c87a46d8babfa6
tcn,clean_only,202,bandpass_n20003_cV1_electrode_s20,phase2/results/predictions/full/clean_only/tcn/seed_202/bandpass_n20003_cV1_electrode_s20.npz,76415,cfa1d9d5e8c9b825b5ae6f45e5d72248ff614ae6599d47ad432f1b070cd4d43b
tcn,clean_only,202,bandpass_n20003_cV1_electrode_s15,phase2/results/predictions/full/clean_only/tcn/seed_202/bandpass_n20003_cV1_electrode_s15.npz,76408,eee2843fb3f8ab9c08e8a662ad8a878ef39b257cfd80ad9b12832a0749b4f45d
tcn,clean_only,202,bandpass_n20003_cV1_electrode_s10,phase2/results/predictions/full/clean_only/tcn/seed_202/bandpass_n20003_cV1_electrode_s10.npz,76317,b00c4cf75232a48135ee2ebf053a7bf69b1911dc06ae09082b6dbeb9ef6af29f
tcn,clean_only,202,bandpass_n20003_cV1_electrode_s5,phase2/results/predictions/full/clean_only/tcn/seed_202/bandpass_n20003_cV1_electrode_s5.npz,76113,0b54ff38e059daf290b136317c87f7b411f23286f2b0af5a27a8ad0267f6f15c
tcn,clean_only,202,bandpass_n20003_cV1_electrode_s0,phase2/results/predictions/full/clean_only/tcn/seed_202/bandpass_n20003_cV1_electrode_s0.npz,75666,6a4f3f922700bb393c962d50311a66e52e9df49cc7b1c4d5e443c4515bc91414
tcn,clean_only,202,bandpass_n20003_cV1_covariance_s20,phase2/results/predictions/full/clean_only/tcn/seed_202/bandpass_n20003_cV1_covariance_s20.npz,76440,cb5d208a37e877299d637fdc69fc8ef33a6e98ef6b1411be8769d00c8ab388f0
tcn,clean_only,202,bandpass_n20003_cV1_covariance_s15,phase2/results/predictions/full/clean_only/tcn/seed_202/bandpass_n20003_cV1_covariance_s15.npz,76416,91a800cc91568a208a735eef84635eee6360ee3df725b2ba9c7867f459d46a89
tcn,clean_only,202,bandpass_n20003_cV1_covariance_s10,phase2/results/predictions/full/clean_only/tcn/seed_202/bandpass_n20003_cV1_covariance_s10.npz,76366,7ae7e6a3f4934154141ef152104eee2fa4c93bdc8c0422bbb0b5cc69876ec62a
tcn,clean_only,202,bandpass_n20003_cV1_covariance_s5,phase2/results/predictions/full/clean_only/tcn/seed_202/bandpass_n20003_cV1_covariance_s5.npz,76069,e95ad56a6aeef66f8dfd151fc0ad64e1d9cf1c00e4576e45b9f1a486b4f89ea2
tcn,clean_only,202,bandpass_n20003_cV1_covariance_s0,phase2/results/predictions/full/clean_only/tcn/seed_202/bandpass_n20003_cV1_covariance_s0.npz,75656,269b87cbfbd625394f80b51631cdbeee9b60f305999faff1f486e12db7dd8725
tcn,clean_only,202,bandpass_n20003_cV2_independent_rms_s20,phase2/results/predictions/full/clean_only/tcn/seed_202/bandpass_n20003_cV2_independent_rms_s20.npz,76433,403b286f36257110ea5e6b13e519d28f18965beb6b93b9bd636936520bff024a
tcn,clean_only,202,bandpass_n20003_cV2_independent_rms_s15,phase2/results/predictions/full/clean_only/tcn/seed_202/bandpass_n20003_cV2_independent_rms_s15.npz,76400,a81969ad745ed5db144238888f136a6075395f24ab09a7ec08bdd1696245beee
tcn,clean_only,202,bandpass_n20003_cV2_independent_rms_s10,phase2/results/predictions/full/clean_only/tcn/seed_202/bandpass_n20003_cV2_independent_rms_s10.npz,76368,71952fc9c1b465e59a83e9cb53a02c92c88ea0980a12366c116dc97f3e066b1c
tcn,clean_only,202,bandpass_n20003_cV2_independent_rms_s5,phase2/results/predictions/full/clean_only/tcn/seed_202/bandpass_n20003_cV2_independent_rms_s5.npz,76240,5d04a3c6b804e3e3bc79f0522d2adf66adf61e1de0ebba758a4d4ee23f0db84b
tcn,clean_only,202,bandpass_n20003_cV2_independent_rms_s0,phase2/results/predictions/full/clean_only/tcn/seed_202/bandpass_n20003_cV2_independent_rms_s0.npz,76000,782bf9a9af6e94770955bd2087130d3d3f2c82afd7672d9dd5f8a970677f1f7d
tcn,clean_only,202,bandpass_n20003_cV2_electrode_s20,phase2/results/predictions/full/clean_only/tcn/seed_202/bandpass_n20003_cV2_electrode_s20.npz,76423,98b9cb027aaa3bbc7aa334bc0df850ce835bda879e4cf1612f821ee01eabed0b
tcn,clean_only,202,bandpass_n20003_cV2_electrode_s15,phase2/results/predictions/full/clean_only/tcn/seed_202/bandpass_n20003_cV2_electrode_s15.npz,76395,9b7a0efbba54b8106b2fdc667a014a1290c58dd738c418254142a7248c5dfa2e
tcn,clean_only,202,bandpass_n20003_cV2_electrode_s10,phase2/results/predictions/full/clean_only/tcn/seed_202/bandpass_n20003_cV2_electrode_s10.npz,76361,5e7394e09e8158c6bb39072bb21ec847cfc4ab34231fe6664a26a24294652428
tcn,clean_only,202,bandpass_n20003_cV2_electrode_s5,phase2/results/predictions/full/clean_only/tcn/seed_202/bandpass_n20003_cV2_electrode_s5.npz,76230,318694811042790d87868be65ac30b5ea8cfab7f89f4583e76b2f5b96a26eda3
tcn,clean_only,202,bandpass_n20003_cV2_electrode_s0,phase2/results/predictions/full/clean_only/tcn/seed_202/bandpass_n20003_cV2_electrode_s0.npz,75977,13d60e6ae73fbf715a9144536f0a458ec0490e020d15bf17b5149820df8a796d
tcn,clean_only,202,bandpass_n20003_cV2_covariance_s20,phase2/results/predictions/full/clean_only/tcn/seed_202/bandpass_n20003_cV2_covariance_s20.npz,76450,b114720bfb96fd6da080ab8c36afffdd40442281deda684feb0fd9ee8da1c3cd
tcn,clean_only,202,bandpass_n20003_cV2_covariance_s15,phase2/results/predictions/full/clean_only/tcn/seed_202/bandpass_n20003_cV2_covariance_s15.npz,76402,e7a5b7803567bebb3ee996f292030135e536f7835735a3545c9ebfb9cd252620
tcn,clean_only,202,bandpass_n20003_cV2_covariance_s10,phase2/results/predictions/full/clean_only/tcn/seed_202/bandpass_n20003_cV2_covariance_s10.npz,76350,7bc71ad82b4e211efdd4d3d9e3ac2cd394f8c5ec4950b0df83abc623d728c35c
tcn,clean_only,202,bandpass_n20003_cV2_covariance_s5,phase2/results/predictions/full/clean_only/tcn/seed_202/bandpass_n20003_cV2_covariance_s5.npz,76209,13e5c0147fee74be744fd140a5caa186f41e57458cd06cbe57b9ecce317c2434
tcn,clean_only,202,bandpass_n20003_cV2_covariance_s0,phase2/results/predictions/full/clean_only/tcn/seed_202/bandpass_n20003_cV2_covariance_s0.npz,75975,01a1fd3841e4852e261ac2559d029c9cdccfb11346f97da6bd0b67ca12e30763
tcn,clean_only,202,bandpass_n20003_cV3_independent_rms_s20,phase2/results/predictions/full/clean_only/tcn/seed_202/bandpass_n20003_cV3_independent_rms_s20.npz,76435,3af7d520b59ab2b6ed204f95b159723b048753e4e4f756400d88b8672f1e8e9b
tcn,clean_only,202,bandpass_n20003_cV3_independent_rms_s15,phase2/results/predictions/full/clean_only/tcn/seed_202/bandpass_n20003_cV3_independent_rms_s15.npz,76445,4eab5b5ab2537d8e1346f7ed3406d59c2fc1783636fc227e2612ce0e6eb7d013
tcn,clean_only,202,bandpass_n20003_cV3_independent_rms_s10,phase2/results/predictions/full/clean_only/tcn/seed_202/bandpass_n20003_cV3_independent_rms_s10.npz,76412,9c7a67a781c632f8bcf93f861c64b38dd80ff3c9d580565a05e0480f742cb75f
tcn,clean_only,202,bandpass_n20003_cV3_independent_rms_s5,phase2/results/predictions/full/clean_only/tcn/seed_202/bandpass_n20003_cV3_independent_rms_s5.npz,76367,d68a2b005ca3fa06e4f51d404121060f0ba3a9cfa80053ca35f7b18356057db4
tcn,clean_only,202,bandpass_n20003_cV3_independent_rms_s0,phase2/results/predictions/full/clean_only/tcn/seed_202/bandpass_n20003_cV3_independent_rms_s0.npz,76085,64d7c93c02c78641e2667a6a58df1a7a0011fe7d752f48084d02acd57ed2d79a
tcn,clean_only,202,bandpass_n20003_cV3_electrode_s20,phase2/results/predictions/full/clean_only/tcn/seed_202/bandpass_n20003_cV3_electrode_s20.npz,76419,b3a6a38988cc9429a5969d63030f79509ea790d2d7fc206587726c6676555744
tcn,clean_only,202,bandpass_n20003_cV3_electrode_s15,phase2/results/predictions/full/clean_only/tcn/seed_202/bandpass_n20003_cV3_electrode_s15.npz,76424,d8a2932989942a978c263ba08d9cb11b9f3b0096adef6a05ba5f86f9bf0d9ead
tcn,clean_only,202,bandpass_n20003_cV3_electrode_s10,phase2/results/predictions/full/clean_only/tcn/seed_202/bandpass_n20003_cV3_electrode_s10.npz,76439,529069e4cd5e08ea153f2c68495031277e764b3ad2ce80b7b6c907c000f469e1
tcn,clean_only,202,bandpass_n20003_cV3_electrode_s5,phase2/results/predictions/full/clean_only/tcn/seed_202/bandpass_n20003_cV3_electrode_s5.npz,76342,dcb245e625be360d12e16a44bb0adc3b76144dd6c3581e48727a64f7343846a0
tcn,clean_only,202,bandpass_n20003_cV3_electrode_s0,phase2/results/predictions/full/clean_only/tcn/seed_202/bandpass_n20003_cV3_electrode_s0.npz,76078,d81298a4f20a2b0031757e6f0bbdf19600f66f5307cf5b413f90bcbef34286a9
tcn,clean_only,202,bandpass_n20003_cV3_covariance_s20,phase2/results/predictions/full/clean_only/tcn/seed_202/bandpass_n20003_cV3_covariance_s20.npz,76418,d318fccdd18a576b8ba5084e6c8acb1bf36e0c2fc81e5a45fe95949f00ecf2f6
tcn,clean_only,202,bandpass_n20003_cV3_covariance_s15,phase2/results/predictions/full/clean_only/tcn/seed_202/bandpass_n20003_cV3_covariance_s15.npz,76412,458a6c5d5b12c3d20d889bbc67937f3e7c546be8bb81bbb48773e99de88dadcb
tcn,clean_only,202,bandpass_n20003_cV3_covariance_s10,phase2/results/predictions/full/clean_only/tcn/seed_202/bandpass_n20003_cV3_covariance_s10.npz,76410,8a68c1d6cb10f11b32a298e30b84de11f2ef94f8cfc312515ca58851703f8f2b
tcn,clean_only,202,bandpass_n20003_cV3_covariance_s5,phase2/results/predictions/full/clean_only/tcn/seed_202/bandpass_n20003_cV3_covariance_s5.npz,76346,93107e64d0e52fd1f5e17ecff737f8019f8b13e073ce41e668d4f92cfdce00b2
tcn,clean_only,202,bandpass_n20003_cV3_covariance_s0,phase2/results/predictions/full/clean_only/tcn/seed_202/bandpass_n20003_cV3_covariance_s0.npz,76067,7870b10a554d8b108da318e0e82f338fa6404eb093c87d44419fc04440849cb5
tcn,clean_only,202,bandpass_n20003_cV4_independent_rms_s20,phase2/results/predictions/full/clean_only/tcn/seed_202/bandpass_n20003_cV4_independent_rms_s20.npz,76431,0ea7e0aa9e6ed8ce9cf17736af66bc9d479b2db79896a0a527a2209b0d2e9d50
tcn,clean_only,202,bandpass_n20003_cV4_independent_rms_s15,phase2/results/predictions/full/clean_only/tcn/seed_202/bandpass_n20003_cV4_independent_rms_s15.npz,76462,7e8926a5584854d5119f8cad00a66a41c0020fea7236a3815dde5135e07c3c39
tcn,clean_only,202,bandpass_n20003_cV4_independent_rms_s10,phase2/results/predictions/full/clean_only/tcn/seed_202/bandpass_n20003_cV4_independent_rms_s10.npz,76432,867419415a86548d9d18edc65edc1e0f7a1373b7715799585f3becae78db0b1d
tcn,clean_only,202,bandpass_n20003_cV4_independent_rms_s5,phase2/results/predictions/full/clean_only/tcn/seed_202/bandpass_n20003_cV4_independent_rms_s5.npz,76288,d224da617b5bec88c16003ebde8f24cc9c169ca9cee07f2882606a4b0dc1eb18
tcn,clean_only,202,bandpass_n20003_cV4_independent_rms_s0,phase2/results/predictions/full/clean_only/tcn/seed_202/bandpass_n20003_cV4_independent_rms_s0.npz,76000,609789f6c788d1e95d9d4f51eebcc76c6c0db4fa641935a669db5129f6b3041d
tcn,clean_only,202,bandpass_n20003_cV4_electrode_s20,phase2/results/predictions/full/clean_only/tcn/seed_202/bandpass_n20003_cV4_electrode_s20.npz,76420,928cf6fb5ce803a53251c7db68ced26d6b078f00c5d7c29d2f42ec639847d4a8
tcn,clean_only,202,bandpass_n20003_cV4_electrode_s15,phase2/results/predictions/full/clean_only/tcn/seed_202/bandpass_n20003_cV4_electrode_s15.npz,76438,94343a2ffefdd9e1bc7d85c46e7c68bd9e130c1692bcd6180e845c047963c75b
tcn,clean_only,202,bandpass_n20003_cV4_electrode_s10,phase2/results/predictions/full/clean_only/tcn/seed_202/bandpass_n20003_cV4_electrode_s10.npz,76413,3f252b0659e554cdf259e434c5dfa9c51b3a394e524bddca19fb97e03d2cdafa
tcn,clean_only,202,bandpass_n20003_cV4_electrode_s5,phase2/results/predictions/full/clean_only/tcn/seed_202/bandpass_n20003_cV4_electrode_s5.npz,76296,afa561015870c91aa8934888a13700d96b5d6b5b89a5b85ac5acf08af356dc7b
tcn,clean_only,202,bandpass_n20003_cV4_electrode_s0,phase2/results/predictions/full/clean_only/tcn/seed_202/bandpass_n20003_cV4_electrode_s0.npz,76014,1e8850d825531370b7ce637eb85358ffc95758b0bc4ab6240e9e9592b8303df9
tcn,clean_only,202,bandpass_n20003_cV4_covariance_s20,phase2/results/predictions/full/clean_only/tcn/seed_202/bandpass_n20003_cV4_covariance_s20.npz,76419,47b347214da42f0b17d08441c1fdfcac18e3ecfa4b50cc5e6beaf7bf894c1643
tcn,clean_only,202,bandpass_n20003_cV4_covariance_s15,phase2/results/predictions/full/clean_only/tcn/seed_202/bandpass_n20003_cV4_covariance_s15.npz,76411,dcd357bc2dc7e220346a7ba71ab07a14922c26e3033caebf0a8d1e5dba829258
tcn,clean_only,202,bandpass_n20003_cV4_covariance_s10,phase2/results/predictions/full/clean_only/tcn/seed_202/bandpass_n20003_cV4_covariance_s10.npz,76377,199cb7e739a1622869bc48fd933de84f9e33c130a748b406ee377cd536ceca37
tcn,clean_only,202,bandpass_n20003_cV4_covariance_s5,phase2/results/predictions/full/clean_only/tcn/seed_202/bandpass_n20003_cV4_covariance_s5.npz,76305,f55c1513adae318065cbf9c2c6764d36f3203069aae0d28e2a8286836a15a8cc
tcn,clean_only,202,bandpass_n20003_cV4_covariance_s0,phase2/results/predictions/full/clean_only/tcn/seed_202/bandpass_n20003_cV4_covariance_s0.npz,75986,1724884dd1459263c1c011c4669a1b5ad8b3327cfd6c440c5dd10e7e0dfe6773
tcn,clean_only,202,bandpass_n20003_cV5_independent_rms_s20,phase2/results/predictions/full/clean_only/tcn/seed_202/bandpass_n20003_cV5_independent_rms_s20.npz,76427,a85c541770e8753f9a6f3aaa218c4c4fcd31a13e869617ed848ff9c5786ee7ac
tcn,clean_only,202,bandpass_n20003_cV5_independent_rms_s15,phase2/results/predictions/full/clean_only/tcn/seed_202/bandpass_n20003_cV5_independent_rms_s15.npz,76439,efeaa0ec6ac3f2060fe05bb874be1ba3ce1c2599fcb1f0852330f208f17a5460
tcn,clean_only,202,bandpass_n20003_cV5_independent_rms_s10,phase2/results/predictions/full/clean_only/tcn/seed_202/bandpass_n20003_cV5_independent_rms_s10.npz,76418,2fb7529dd1ea4339f27b402ca7272787950cd7250542252c619536704aa2f556
tcn,clean_only,202,bandpass_n20003_cV5_independent_rms_s5,phase2/results/predictions/full/clean_only/tcn/seed_202/bandpass_n20003_cV5_independent_rms_s5.npz,76247,b2773e1642ea7de08f9e4edade8d42e48d8c69eeeae49972e7aa80f061518f9c
tcn,clean_only,202,bandpass_n20003_cV5_independent_rms_s0,phase2/results/predictions/full/clean_only/tcn/seed_202/bandpass_n20003_cV5_independent_rms_s0.npz,75954,53a4544a17ea5763fefa2c0fcb1fb1be69a162a109bdadc7496120d001ce25c3
tcn,clean_only,202,bandpass_n20003_cV5_electrode_s20,phase2/results/predictions/full/clean_only/tcn/seed_202/bandpass_n20003_cV5_electrode_s20.npz,76406,118c7ca7c9256ce98e1d30c32f1df18a771e0e63264e4f61efe6a2425d659dad
tcn,clean_only,202,bandpass_n20003_cV5_electrode_s15,phase2/results/predictions/full/clean_only/tcn/seed_202/bandpass_n20003_cV5_electrode_s15.npz,76426,3c735f54b4d7a3edcb14a4b838f614f29ea33f85bf195b0437b8671700d4db3a
tcn,clean_only,202,bandpass_n20003_cV5_electrode_s10,phase2/results/predictions/full/clean_only/tcn/seed_202/bandpass_n20003_cV5_electrode_s10.npz,76397,495f2b71ec3b354e29d394be8699a0b836317752a24d166303265ca5e97c1b07
tcn,clean_only,202,bandpass_n20003_cV5_electrode_s5,phase2/results/predictions/full/clean_only/tcn/seed_202/bandpass_n20003_cV5_electrode_s5.npz,76215,8f5f2b9edaa901b5472c916f1bcf256220fdc486a6a30cf19e4b10bf86d8a13c
tcn,clean_only,202,bandpass_n20003_cV5_electrode_s0,phase2/results/predictions/full/clean_only/tcn/seed_202/bandpass_n20003_cV5_electrode_s0.npz,75905,33b060e09d92e01b6d096dac573e1846a7a1198860b5d76c9dec144c87cea7d9
tcn,clean_only,202,bandpass_n20003_cV5_covariance_s20,phase2/results/predictions/full/clean_only/tcn/seed_202/bandpass_n20003_cV5_covariance_s20.npz,76437,3c13e998087a89902c7aaa4eb671de844aea633fd19e1be7278e8e6f9837fc8b
tcn,clean_only,202,bandpass_n20003_cV5_covariance_s15,phase2/results/predictions/full/clean_only/tcn/seed_202/bandpass_n20003_cV5_covariance_s15.npz,76403,caa866bddba516a952e6e6c0d7625e998d5a68daafc0f2d653d39f995121e3e9
tcn,clean_only,202,bandpass_n20003_cV5_covariance_s10,phase2/results/predictions/full/clean_only/tcn/seed_202/bandpass_n20003_cV5_covariance_s10.npz,76390,292341d930f179f0f543dc3ddb82a5b6111995e6bacfbcd2802b59a23dc85426
tcn,clean_only,202,bandpass_n20003_cV5_covariance_s5,phase2/results/predictions/full/clean_only/tcn/seed_202/bandpass_n20003_cV5_covariance_s5.npz,76273,4faefe56fe0b46dc4b23c89ee263cd8ff280b49ccb5baa13a3fd1143b0b7681c
tcn,clean_only,202,bandpass_n20003_cV5_covariance_s0,phase2/results/predictions/full/clean_only/tcn/seed_202/bandpass_n20003_cV5_covariance_s0.npz,75950,9b61c50f46c67e79e3c7f9ca479992e945595ed58a6c60afef77fae87608eb63
tcn,clean_only,202,bandpass_n20003_cV6_independent_rms_s20,phase2/results/predictions/full/clean_only/tcn/seed_202/bandpass_n20003_cV6_independent_rms_s20.npz,76456,485133f65d9f25e53378f62ba5c724ed481b2368e9fbb70c1fd3c4ae607ba5f1
tcn,clean_only,202,bandpass_n20003_cV6_independent_rms_s15,phase2/results/predictions/full/clean_only/tcn/seed_202/bandpass_n20003_cV6_independent_rms_s15.npz,76429,86234e69df60f54f1cd3c4760dd42e75ad88630b5474f70f7b41d9f0431b6e54
tcn,clean_only,202,bandpass_n20003_cV6_independent_rms_s10,phase2/results/predictions/full/clean_only/tcn/seed_202/bandpass_n20003_cV6_independent_rms_s10.npz,76440,c3cf9b42a6eb15755dd192deb5205c8f9681a805c56e6baed9ae1b3ec6c21306
tcn,clean_only,202,bandpass_n20003_cV6_independent_rms_s5,phase2/results/predictions/full/clean_only/tcn/seed_202/bandpass_n20003_cV6_independent_rms_s5.npz,76297,1892cd0fa7d430f8a1c9f69a1f70e03a1f89bc223869fa671908fd9868bc0966
tcn,clean_only,202,bandpass_n20003_cV6_independent_rms_s0,phase2/results/predictions/full/clean_only/tcn/seed_202/bandpass_n20003_cV6_independent_rms_s0.npz,76048,527d86547c2d29c5991d231e1136ba5e5843fc42788d9d5ada2a38f6d68e3e01
tcn,clean_only,202,bandpass_n20003_cV6_electrode_s20,phase2/results/predictions/full/clean_only/tcn/seed_202/bandpass_n20003_cV6_electrode_s20.npz,76425,4978b8c600537193d8eef8895321cbbbfed94d72f0ec266aeab0b0b3a6be8fc1
tcn,clean_only,202,bandpass_n20003_cV6_electrode_s15,phase2/results/predictions/full/clean_only/tcn/seed_202/bandpass_n20003_cV6_electrode_s15.npz,76429,30b2cd262e2a60b305309c171d6012a4799562262521c62ed2cc40a64a404f3d
tcn,clean_only,202,bandpass_n20003_cV6_electrode_s10,phase2/results/predictions/full/clean_only/tcn/seed_202/bandpass_n20003_cV6_electrode_s10.npz,76425,9f0ee4a45ca7edafc91246ed3c4711fbba2c913678c07fd59537d3fac5989f4c
tcn,clean_only,202,bandpass_n20003_cV6_electrode_s5,phase2/results/predictions/full/clean_only/tcn/seed_202/bandpass_n20003_cV6_electrode_s5.npz,76324,8d29f6d5bdf7fa597ab85c5afee75c71996dbabc913977c4f714b337bd81aec8
tcn,clean_only,202,bandpass_n20003_cV6_electrode_s0,phase2/results/predictions/full/clean_only/tcn/seed_202/bandpass_n20003_cV6_electrode_s0.npz,76031,62d1d804e220c155efc8581ca7f3885be93ebbe064f0a1a5fa236927e1d8b9eb
tcn,clean_only,202,bandpass_n20003_cV6_covariance_s20,phase2/results/predictions/full/clean_only/tcn/seed_202/bandpass_n20003_cV6_covariance_s20.npz,76449,c11c77fb96b781765e33ea61cb3db70ea5d9fe5f83bf49547ee990fc909447a0
tcn,clean_only,202,bandpass_n20003_cV6_covariance_s15,phase2/results/predictions/full/clean_only/tcn/seed_202/bandpass_n20003_cV6_covariance_s15.npz,76425,28cd21e158fa8db1fa4fb80fcd54a624e7b48c6dcd78b69bc77d68ca0840ece4
tcn,clean_only,202,bandpass_n20003_cV6_covariance_s10,phase2/results/predictions/full/clean_only/tcn/seed_202/bandpass_n20003_cV6_covariance_s10.npz,76404,c58649209d02ce5b405f366cb1530f36ae2458948106ffa8eb86fc8de779c1f9
tcn,clean_only,202,bandpass_n20003_cV6_covariance_s5,phase2/results/predictions/full/clean_only/tcn/seed_202/bandpass_n20003_cV6_covariance_s5.npz,76294,f83f6531a226b409f57eeff7c42dec8b37f6a48aa2dfb7c239e1f1505802c89d
tcn,clean_only,202,bandpass_n20003_cV6_covariance_s0,phase2/results/predictions/full/clean_only/tcn/seed_202/bandpass_n20003_cV6_covariance_s0.npz,76036,e6c992397ffee58a58e2dbb32f6ed24258b4d370d30547835f49d793f386f01f
tcn,clean_only,202,bandpass_n20003_cRA_LA_independent_rms_s20,phase2/results/predictions/full/clean_only/tcn/seed_202/bandpass_n20003_cRA_LA_independent_rms_s20.npz,76474,e4bd1902d5d3ed2586ac1ffe7cdbd0b05f4d1f6609c2e36b0ac405aac72e388f
tcn,clean_only,202,bandpass_n20003_cRA_LA_independent_rms_s15,phase2/results/predictions/full/clean_only/tcn/seed_202/bandpass_n20003_cRA_LA_independent_rms_s15.npz,76448,c573483377a2ceb7ce2d18b51136ce57ca6fbf69343bcf1c8c4b6510aa8c3568
tcn,clean_only,202,bandpass_n20003_cRA_LA_independent_rms_s10,phase2/results/predictions/full/clean_only/tcn/seed_202/bandpass_n20003_cRA_LA_independent_rms_s10.npz,76399,2246dd649ffd4b4633a49e174e269938cd2619959856cbf2e123c7f6a52d9874
tcn,clean_only,202,bandpass_n20003_cRA_LA_independent_rms_s5,phase2/results/predictions/full/clean_only/tcn/seed_202/bandpass_n20003_cRA_LA_independent_rms_s5.npz,76205,fc86e331f52ecd85fe4d1cbeb3bb4af2291bf2299c60524c9e202fc9d6eb7268
tcn,clean_only,202,bandpass_n20003_cRA_LA_independent_rms_s0,phase2/results/predictions/full/clean_only/tcn/seed_202/bandpass_n20003_cRA_LA_independent_rms_s0.npz,75850,0a215f8999cec79272b70cf44913f9785401ffa9639aeb35f1f058c02c77b323
tcn,clean_only,202,bandpass_n20003_cRA_LA_electrode_s20,phase2/results/predictions/full/clean_only/tcn/seed_202/bandpass_n20003_cRA_LA_electrode_s20.npz,76447,1f448245a67ca98ed858aaa8277203878c69078bdfabc65b1e8d80ec63015e98
tcn,clean_only,202,bandpass_n20003_cRA_LA_electrode_s15,phase2/results/predictions/full/clean_only/tcn/seed_202/bandpass_n20003_cRA_LA_electrode_s15.npz,76437,facf3745d7fb2df782196bb0d7c5b8fb5c8a0dbd9cd4cbd63e8dd74da45e0825
tcn,clean_only,202,bandpass_n20003_cRA_LA_electrode_s10,phase2/results/predictions/full/clean_only/tcn/seed_202/bandpass_n20003_cRA_LA_electrode_s10.npz,76326,cc67d02ae268f7bc6b2c3dd5e546e3730438930de8cc62ace1131a9aba691411
tcn,clean_only,202,bandpass_n20003_cRA_LA_electrode_s5,phase2/results/predictions/full/clean_only/tcn/seed_202/bandpass_n20003_cRA_LA_electrode_s5.npz,76096,9d6df26882b51e4de50b63988877c1fdbbbf2472648dc9ad201da0f7e27a7c2a
tcn,clean_only,202,bandpass_n20003_cRA_LA_electrode_s0,phase2/results/predictions/full/clean_only/tcn/seed_202/bandpass_n20003_cRA_LA_electrode_s0.npz,75566,35928dd0957daf435d6f118679ed648e1075662dfe4a76bb727425fe7ecae4f0
tcn,clean_only,202,bandpass_n20003_cRA_LA_covariance_s20,phase2/results/predictions/full/clean_only/tcn/seed_202/bandpass_n20003_cRA_LA_covariance_s20.npz,76462,5448ac8e78b3a16ef6003a6c2a2d063a2626ef8c1cedf328d4627c4aca50f640
tcn,clean_only,202,bandpass_n20003_cRA_LA_covariance_s15,phase2/results/predictions/full/clean_only/tcn/seed_202/bandpass_n20003_cRA_LA_covariance_s15.npz,76434,63da8e78c5f7fca425fbfd17826fd7aba524131f5fbd17c3a985c85c7ba0861f
tcn,clean_only,202,bandpass_n20003_cRA_LA_covariance_s10,phase2/results/predictions/full/clean_only/tcn/seed_202/bandpass_n20003_cRA_LA_covariance_s10.npz,76332,1bed78c51ac07bfb232a25518503e504474e2b5ca2be052e3e1ffe7b815171f7
tcn,clean_only,202,bandpass_n20003_cRA_LA_covariance_s5,phase2/results/predictions/full/clean_only/tcn/seed_202/bandpass_n20003_cRA_LA_covariance_s5.npz,76099,810f0443f88e762a2267ac7f772b303d1b18ec2eca04604923773eea9b9219ed
tcn,clean_only,202,bandpass_n20003_cRA_LA_covariance_s0,phase2/results/predictions/full/clean_only/tcn/seed_202/bandpass_n20003_cRA_LA_covariance_s0.npz,75571,8c303cef737224397cc34efe9fa9d5fd2878c4036c283eb82407444587cbc27e
tcn,clean_only,202,bandpass_n20003_cLA_LL_independent_rms_s20,phase2/results/predictions/full/clean_only/tcn/seed_202/bandpass_n20003_cLA_LL_independent_rms_s20.npz,76450,d0a5ab3721289e3cee84d48e9e185fcd96629e9952ee14bcaf1469dc164d5f8e
tcn,clean_only,202,bandpass_n20003_cLA_LL_independent_rms_s15,phase2/results/predictions/full/clean_only/tcn/seed_202/bandpass_n20003_cLA_LL_independent_rms_s15.npz,76456,c27bcfa2b60845769c909696de7ba58747a5419ab7538f73b4e81f077d106421
tcn,clean_only,202,bandpass_n20003_cLA_LL_independent_rms_s10,phase2/results/predictions/full/clean_only/tcn/seed_202/bandpass_n20003_cLA_LL_independent_rms_s10.npz,76385,1a9f44a05c43a79482b7638fa2a9d7dd3264f5ce5280bc2533d09aee278b7e80
tcn,clean_only,202,bandpass_n20003_cLA_LL_independent_rms_s5,phase2/results/predictions/full/clean_only/tcn/seed_202/bandpass_n20003_cLA_LL_independent_rms_s5.npz,76200,3332bf342cdc62f936e8ea5dc17667d5d1e79d6461265f06b5165801611ee461
tcn,clean_only,202,bandpass_n20003_cLA_LL_independent_rms_s0,phase2/results/predictions/full/clean_only/tcn/seed_202/bandpass_n20003_cLA_LL_independent_rms_s0.npz,75836,c23762f4b80d58dec0291e441560fbeff609b0ffe73c2bc75e56ed87eccd0cf4
tcn,clean_only,202,bandpass_n20003_cLA_LL_electrode_s20,phase2/results/predictions/full/clean_only/tcn/seed_202/bandpass_n20003_cLA_LL_electrode_s20.npz,76447,f333e460b9ffc5cbaed2ac1c65f2d400109647dd79b70e76475b5c53b81c3c32
tcn,clean_only,202,bandpass_n20003_cLA_LL_electrode_s15,phase2/results/predictions/full/clean_only/tcn/seed_202/bandpass_n20003_cLA_LL_electrode_s15.npz,76442,3461217fc6bbcdb7ab601398fe25bc99e6637622586ebb952e0752ab8e4ff51e
tcn,clean_only,202,bandpass_n20003_cLA_LL_electrode_s10,phase2/results/predictions/full/clean_only/tcn/seed_202/bandpass_n20003_cLA_LL_electrode_s10.npz,76254,4b0924b3ed49a603155fd322576c220a10eed4e55d86d815a9fc2e1e69e642af
tcn,clean_only,202,bandpass_n20003_cLA_LL_electrode_s5,phase2/results/predictions/full/clean_only/tcn/seed_202/bandpass_n20003_cLA_LL_electrode_s5.npz,76002,3f787c66c46e051f305a75de791ce6243806ee9295cf97eb9ff3e282dc2601c7
tcn,clean_only,202,bandpass_n20003_cLA_LL_electrode_s0,phase2/results/predictions/full/clean_only/tcn/seed_202/bandpass_n20003_cLA_LL_electrode_s0.npz,75849,be27232372735b1539eeffe624e181baed176a436bc8db2b0f265206c1a6e546
tcn,clean_only,202,bandpass_n20003_cLA_LL_covariance_s20,phase2/results/predictions/full/clean_only/tcn/seed_202/bandpass_n20003_cLA_LL_covariance_s20.npz,76444,8d97ed92c696f68cd6b434f82442d7b8f0716edb5e0e041dc2a68c1e63a22682
tcn,clean_only,202,bandpass_n20003_cLA_LL_covariance_s15,phase2/results/predictions/full/clean_only/tcn/seed_202/bandpass_n20003_cLA_LL_covariance_s15.npz,76424,c082f700b180744f3268e264d4065b4b3c39ef2b6732608dc47fd83e382fac13
tcn,clean_only,202,bandpass_n20003_cLA_LL_covariance_s10,phase2/results/predictions/full/clean_only/tcn/seed_202/bandpass_n20003_cLA_LL_covariance_s10.npz,76258,4e54a556f27c586e502c3e77c3d1e2d0a62f0052939da79d422393d39bb06819
tcn,clean_only,202,bandpass_n20003_cLA_LL_covariance_s5,phase2/results/predictions/full/clean_only/tcn/seed_202/bandpass_n20003_cLA_LL_covariance_s5.npz,76007,5985e30f38e0379cb3ef9f9c079359eb1893150e6f44ba94e54077991fd71182
tcn,clean_only,202,bandpass_n20003_cLA_LL_covariance_s0,phase2/results/predictions/full/clean_only/tcn/seed_202/bandpass_n20003_cLA_LL_covariance_s0.npz,75866,502592003d10df94b1487931b155a6db6818f0d545cbf52456ed06e5646bf58c
tcn,clean_only,202,bandpass_n20003_cRA_LL_independent_rms_s20,phase2/results/predictions/full/clean_only/tcn/seed_202/bandpass_n20003_cRA_LL_independent_rms_s20.npz,76436,fb802e807d4be5275dd6f5dd82e529d9079b7b30e603cb9b927ebcd95f3b61eb
tcn,clean_only,202,bandpass_n20003_cRA_LL_independent_rms_s15,phase2/results/predictions/full/clean_only/tcn/seed_202/bandpass_n20003_cRA_LL_independent_rms_s15.npz,76441,1c7a2c3dbb2a0be9936d2f058447141a3d9d5bb056f2fa41d531f8c761537657
tcn,clean_only,202,bandpass_n20003_cRA_LL_independent_rms_s10,phase2/results/predictions/full/clean_only/tcn/seed_202/bandpass_n20003_cRA_LL_independent_rms_s10.npz,76390,b5b54c13c924af3203b7945944038e8499d1020ab849c8a7ddfb56848c699ec1
tcn,clean_only,202,bandpass_n20003_cRA_LL_independent_rms_s5,phase2/results/predictions/full/clean_only/tcn/seed_202/bandpass_n20003_cRA_LL_independent_rms_s5.npz,76175,5ac6e233470a3d3eebf10e85cb7b7d12d692b75dda2a8badde1d36dd7bd12393
tcn,clean_only,202,bandpass_n20003_cRA_LL_independent_rms_s0,phase2/results/predictions/full/clean_only/tcn/seed_202/bandpass_n20003_cRA_LL_independent_rms_s0.npz,75799,abfe7b77d3253ffe7c536855b22ecf80073a344e170585907f6a01a27da3dc05
tcn,clean_only,202,bandpass_n20003_cRA_LL_electrode_s20,phase2/results/predictions/full/clean_only/tcn/seed_202/bandpass_n20003_cRA_LL_electrode_s20.npz,76426,2ea6817fec663f25045d7b029e383221f6672764a58e84445ab95521c8ee86e9
tcn,clean_only,202,bandpass_n20003_cRA_LL_electrode_s15,phase2/results/predictions/full/clean_only/tcn/seed_202/bandpass_n20003_cRA_LL_electrode_s15.npz,76437,28deb984f7aeb323ca9e4b750b1a700f7528c8632a5577f80e0012a78ed6dbb8
tcn,clean_only,202,bandpass_n20003_cRA_LL_electrode_s10,phase2/results/predictions/full/clean_only/tcn/seed_202/bandpass_n20003_cRA_LL_electrode_s10.npz,76335,d1771695917d6817c3608cee6e8904290f2de8b1cc3c068b86e568b278e3b379
tcn,clean_only,202,bandpass_n20003_cRA_LL_electrode_s5,phase2/results/predictions/full/clean_only/tcn/seed_202/bandpass_n20003_cRA_LL_electrode_s5.npz,76031,b2aef1820b7b649c1b8472d66e432e9549b335e849072dac201570fa8cae7a37
tcn,clean_only,202,bandpass_n20003_cRA_LL_electrode_s0,phase2/results/predictions/full/clean_only/tcn/seed_202/bandpass_n20003_cRA_LL_electrode_s0.npz,75678,c5de65a93a4978596a3429f0cf93e9ecd73e730d2fbac6190c89a21c0e2e4c5f
tcn,clean_only,202,bandpass_n20003_cRA_LL_covariance_s20,phase2/results/predictions/full/clean_only/tcn/seed_202/bandpass_n20003_cRA_LL_covariance_s20.npz,76431,4c1ab68259f0e9818bc94ba5684ad0f529970a46a284e76281c6e59f3f14addc
tcn,clean_only,202,bandpass_n20003_cRA_LL_covariance_s15,phase2/results/predictions/full/clean_only/tcn/seed_202/bandpass_n20003_cRA_LL_covariance_s15.npz,76447,8019ac7d1198fd418e2c22852223218fec6c0d4a72aa22be622ff18f2f1dd6ba
tcn,clean_only,202,bandpass_n20003_cRA_LL_covariance_s10,phase2/results/predictions/full/clean_only/tcn/seed_202/bandpass_n20003_cRA_LL_covariance_s10.npz,76293,d256ff868c95fb72c46239b1cb724692ae00a57139d97d62d0ca80cdcaaa6a8c
tcn,clean_only,202,bandpass_n20003_cRA_LL_covariance_s5,phase2/results/predictions/full/clean_only/tcn/seed_202/bandpass_n20003_cRA_LL_covariance_s5.npz,76035,685398ed9e9c8cf13254aaa6f88ca2d54a2be51483fa40cb9800dc768274410e
tcn,clean_only,202,bandpass_n20003_cRA_LL_covariance_s0,phase2/results/predictions/full/clean_only/tcn/seed_202/bandpass_n20003_cRA_LL_covariance_s0.npz,75658,29eac4515bc1a2e8628c152d113cce05bd1155a74ceffffe2a82eb64b38984e5
tcn,clean_only,202,bandpass_n20003_cRA_independent_rms_s20,phase2/results/predictions/full/clean_only/tcn/seed_202/bandpass_n20003_cRA_independent_rms_s20.npz,76421,a05fe41d3729d721f3e9b99ce98785f9c4b9348f60ee5b1771c3535ab7365a63
tcn,clean_only,202,bandpass_n20003_cRA_independent_rms_s15,phase2/results/predictions/full/clean_only/tcn/seed_202/bandpass_n20003_cRA_independent_rms_s15.npz,76469,80867dd5b219c83bd1da74f6982fe3b9998e97a860e2a0372b4062b401bdd00b
tcn,clean_only,202,bandpass_n20003_cRA_independent_rms_s10,phase2/results/predictions/full/clean_only/tcn/seed_202/bandpass_n20003_cRA_independent_rms_s10.npz,76397,dd66174d567c2212b574970b2ba03b6d2c98936c0d21b9876ccc69473050c329
tcn,clean_only,202,bandpass_n20003_cRA_independent_rms_s5,phase2/results/predictions/full/clean_only/tcn/seed_202/bandpass_n20003_cRA_independent_rms_s5.npz,76224,8bd18fe49b785c638a65251588a28afe2e5adfdb41b957c6e88e0a652ce8dc70
tcn,clean_only,202,bandpass_n20003_cRA_independent_rms_s0,phase2/results/predictions/full/clean_only/tcn/seed_202/bandpass_n20003_cRA_independent_rms_s0.npz,75850,065672739db1ec313bb7841e5e424b218d1deb806693d8b17ffa95f524f6fa9f
tcn,clean_only,202,bandpass_n20003_cRA_electrode_s20,phase2/results/predictions/full/clean_only/tcn/seed_202/bandpass_n20003_cRA_electrode_s20.npz,76461,4c6ac674582b5b78b5c4e6f716a221c291b59c376e080e923dd5b2078a974ebf
tcn,clean_only,202,bandpass_n20003_cRA_electrode_s15,phase2/results/predictions/full/clean_only/tcn/seed_202/bandpass_n20003_cRA_electrode_s15.npz,76453,f65629afba68b828c4cbe2026c411a87c22ac418d60a05f9502db6b5b2771e7b
tcn,clean_only,202,bandpass_n20003_cRA_electrode_s10,phase2/results/predictions/full/clean_only/tcn/seed_202/bandpass_n20003_cRA_electrode_s10.npz,76331,bb5f40c8453e871831f9b24895187efc51e38362131059803193de4552e5bb1f
tcn,clean_only,202,bandpass_n20003_cRA_electrode_s5,phase2/results/predictions/full/clean_only/tcn/seed_202/bandpass_n20003_cRA_electrode_s5.npz,76157,f03fac2a7d637072c952b110146e96291a36b52afc30381036f6b4d571299804
tcn,clean_only,202,bandpass_n20003_cRA_electrode_s0,phase2/results/predictions/full/clean_only/tcn/seed_202/bandpass_n20003_cRA_electrode_s0.npz,75819,7c1d022362a5f3889848c13d762718c4159a3345c449178cae7e9ec966fe983e
tcn,clean_only,202,bandpass_n20003_cRA_covariance_s20,phase2/results/predictions/full/clean_only/tcn/seed_202/bandpass_n20003_cRA_covariance_s20.npz,76426,1ea0db0053fabcd75d0f5bb9904319e1db61215150afabb649f31111e34d4d6d
tcn,clean_only,202,bandpass_n20003_cRA_covariance_s15,phase2/results/predictions/full/clean_only/tcn/seed_202/bandpass_n20003_cRA_covariance_s15.npz,76461,dacbf1011dd801cdb7a384bc371a6cdac8f4965d06ccf0ca4784587f9914d120
tcn,clean_only,202,bandpass_n20003_cRA_covariance_s10,phase2/results/predictions/full/clean_only/tcn/seed_202/bandpass_n20003_cRA_covariance_s10.npz,76322,72c19acf9abb52414e71fd24f05e38737ffe53ef32d688ffd2eed7eb756b53c2
tcn,clean_only,202,bandpass_n20003_cRA_covariance_s5,phase2/results/predictions/full/clean_only/tcn/seed_202/bandpass_n20003_cRA_covariance_s5.npz,76166,3e940c8dc8d51bbdfd1c2a50675dbf429604c65aced63a8dbe56d1af6ad6031b
tcn,clean_only,202,bandpass_n20003_cRA_covariance_s0,phase2/results/predictions/full/clean_only/tcn/seed_202/bandpass_n20003_cRA_covariance_s0.npz,75832,b264bfccc022ba35aefea04d375f78830db4318db5c538e4efba72e91b68b9cd
tcn,clean_only,202,bandpass_n20003_cLA_independent_rms_s20,phase2/results/predictions/full/clean_only/tcn/seed_202/bandpass_n20003_cLA_independent_rms_s20.npz,76471,6ff44e32b4a3607aabc937c4f9ea855096133ad9bdefbd5fdf1fd128c694ba49
tcn,clean_only,202,bandpass_n20003_cLA_independent_rms_s15,phase2/results/predictions/full/clean_only/tcn/seed_202/bandpass_n20003_cLA_independent_rms_s15.npz,76492,e0462be82ba784962a0f97305886d38b9109c4112d27c2e341be91bd14b84dc0
tcn,clean_only,202,bandpass_n20003_cLA_independent_rms_s10,phase2/results/predictions/full/clean_only/tcn/seed_202/bandpass_n20003_cLA_independent_rms_s10.npz,76391,ec7a658c69c956211541f198b1ac13e71ad9545b7a4bd3fadcaa8dbb02acfdbf
tcn,clean_only,202,bandpass_n20003_cLA_independent_rms_s5,phase2/results/predictions/full/clean_only/tcn/seed_202/bandpass_n20003_cLA_independent_rms_s5.npz,76220,8a52ce279748436955539e78a8e96ba2989b8f04d470df28d02d9472749670f5
tcn,clean_only,202,bandpass_n20003_cLA_independent_rms_s0,phase2/results/predictions/full/clean_only/tcn/seed_202/bandpass_n20003_cLA_independent_rms_s0.npz,75881,b29745fb7388d48aea6658e3abcc47a642c4a2eaad01af0b6a98d73eb339f444
tcn,clean_only,202,bandpass_n20003_cLA_electrode_s20,phase2/results/predictions/full/clean_only/tcn/seed_202/bandpass_n20003_cLA_electrode_s20.npz,76437,e5e5615b9ba7cc408c6e612440ad70383ccd639344864ca00ff2e1085dfc70cb
tcn,clean_only,202,bandpass_n20003_cLA_electrode_s15,phase2/results/predictions/full/clean_only/tcn/seed_202/bandpass_n20003_cLA_electrode_s15.npz,76396,abb2475a6bb6f15685a255054c3958a6cdf5abe4e7c96e6e32a5910c0456054a
tcn,clean_only,202,bandpass_n20003_cLA_electrode_s10,phase2/results/predictions/full/clean_only/tcn/seed_202/bandpass_n20003_cLA_electrode_s10.npz,76257,88bce0c904c274482db9cf18773811fe907f75c6c809fa2437d845aa5a4683aa
tcn,clean_only,202,bandpass_n20003_cLA_electrode_s5,phase2/results/predictions/full/clean_only/tcn/seed_202/bandpass_n20003_cLA_electrode_s5.npz,76005,cb8f52b578487dafcd1221057c4a103d675dda96e45b703edc1c040b7adecece
tcn,clean_only,202,bandpass_n20003_cLA_electrode_s0,phase2/results/predictions/full/clean_only/tcn/seed_202/bandpass_n20003_cLA_electrode_s0.npz,75857,036432f4dec87c4031fa67214b1fe4ae797a01146cc78958068347ea789b860d
tcn,clean_only,202,bandpass_n20003_cLA_covariance_s20,phase2/results/predictions/full/clean_only/tcn/seed_202/bandpass_n20003_cLA_covariance_s20.npz,76438,4feb00a9797c54abb739c7441c06448eec5fe590d9c0267cab0fbd484e0cf6b5
tcn,clean_only,202,bandpass_n20003_cLA_covariance_s15,phase2/results/predictions/full/clean_only/tcn/seed_202/bandpass_n20003_cLA_covariance_s15.npz,76413,f275ee687a2bc5241c54616c3723f52f8ef2d422df3a00d0cd953553eac10931
tcn,clean_only,202,bandpass_n20003_cLA_covariance_s10,phase2/results/predictions/full/clean_only/tcn/seed_202/bandpass_n20003_cLA_covariance_s10.npz,76279,8774053fc2785a2a561ab227b6efd61c7a7e266bf5f6bf9152906452afd8ab0a
tcn,clean_only,202,bandpass_n20003_cLA_covariance_s5,phase2/results/predictions/full/clean_only/tcn/seed_202/bandpass_n20003_cLA_covariance_s5.npz,76017,309c8e62cba208df7d2c36d8620d3ef6c6e1e0898ae8834b08b675dfae5222c4
tcn,clean_only,202,bandpass_n20003_cLA_covariance_s0,phase2/results/predictions/full/clean_only/tcn/seed_202/bandpass_n20003_cLA_covariance_s0.npz,75869,584262bcae60268eeaf4a842899808f0a8851f1640600ac6d1b0cca03927447e
tcn,clean_only,202,bandpass_n20003_cLL_independent_rms_s20,phase2/results/predictions/full/clean_only/tcn/seed_202/bandpass_n20003_cLL_independent_rms_s20.npz,76410,d0e2b954d2ba69c23eb7d4842c6a4020d2996e6e38a9fd677b6740363ae7ea1a
tcn,clean_only,202,bandpass_n20003_cLL_independent_rms_s15,phase2/results/predictions/full/clean_only/tcn/seed_202/bandpass_n20003_cLL_independent_rms_s15.npz,76413,ffe6d783373ef5cf1b35fe4d5a83a9fe87ec02d39148e813beca65c8507e4019
tcn,clean_only,202,bandpass_n20003_cLL_independent_rms_s10,phase2/results/predictions/full/clean_only/tcn/seed_202/bandpass_n20003_cLL_independent_rms_s10.npz,76387,40e05318bb552ae5b3c4c0e43ec272c876ba4b5ab99d6e7a582f0e08018fea30
tcn,clean_only,202,bandpass_n20003_cLL_independent_rms_s5,phase2/results/predictions/full/clean_only/tcn/seed_202/bandpass_n20003_cLL_independent_rms_s5.npz,76199,0ffde1c39158d1281324255b0867fbc5f1a141984db1fcdb4b47b6d2e5bd65a0
tcn,clean_only,202,bandpass_n20003_cLL_independent_rms_s0,phase2/results/predictions/full/clean_only/tcn/seed_202/bandpass_n20003_cLL_independent_rms_s0.npz,75796,747390b10fe8ab76cc32a5f8967ece44e52b765f32b7756ec4625eb570910d9c
tcn,clean_only,202,bandpass_n20003_cLL_electrode_s20,phase2/results/predictions/full/clean_only/tcn/seed_202/bandpass_n20003_cLL_electrode_s20.npz,76439,73454777aa9f22b7b308324030385a25d9cb941a4aaf11d8093e4df0d24ebf7b
tcn,clean_only,202,bandpass_n20003_cLL_electrode_s15,phase2/results/predictions/full/clean_only/tcn/seed_202/bandpass_n20003_cLL_electrode_s15.npz,76373,142f1211455ab738ceb70c70cde0e29362e23218b4065c04d7793bfa58f5105d
tcn,clean_only,202,bandpass_n20003_cLL_electrode_s10,phase2/results/predictions/full/clean_only/tcn/seed_202/bandpass_n20003_cLL_electrode_s10.npz,76259,3946031beff51884cbf611a3671e880d00ee5f0112e25577af4eee7cca72f480
tcn,clean_only,202,bandpass_n20003_cLL_electrode_s5,phase2/results/predictions/full/clean_only/tcn/seed_202/bandpass_n20003_cLL_electrode_s5.npz,75996,1c000767874e943311b40813be37281bf110f368520489f824510c713f185dd0
tcn,clean_only,202,bandpass_n20003_cLL_electrode_s0,phase2/results/predictions/full/clean_only/tcn/seed_202/bandpass_n20003_cLL_electrode_s0.npz,75823,1aa0b0a2f642ff17c373ad8ec422934e9742c24c4cc18678dbecfa4c0805c5f3
tcn,clean_only,202,bandpass_n20003_cLL_covariance_s20,phase2/results/predictions/full/clean_only/tcn/seed_202/bandpass_n20003_cLL_covariance_s20.npz,76438,7ae69a69eca83b675b8fba47fc3f0392482c880bccd02de84ab6d4f81647324b
tcn,clean_only,202,bandpass_n20003_cLL_covariance_s15,phase2/results/predictions/full/clean_only/tcn/seed_202/bandpass_n20003_cLL_covariance_s15.npz,76397,97f4f8e131802220af5bcf82211871437189f9bd5e8fbed377758068e551f5ac
tcn,clean_only,202,bandpass_n20003_cLL_covariance_s10,phase2/results/predictions/full/clean_only/tcn/seed_202/bandpass_n20003_cLL_covariance_s10.npz,76266,97ed3ea3692d4860cbf0ff9021dfcdc5482cdd6c7075861d9587da286c296e03
tcn,clean_only,202,bandpass_n20003_cLL_covariance_s5,phase2/results/predictions/full/clean_only/tcn/seed_202/bandpass_n20003_cLL_covariance_s5.npz,76028,9fbb624d53a431d7a440d02c45e111af562a934893341584530640682bdbb74b
tcn,clean_only,202,bandpass_n20003_cLL_covariance_s0,phase2/results/predictions/full/clean_only/tcn/seed_202/bandpass_n20003_cLL_covariance_s0.npz,75875,59a4f74fef7f54bdca9e0db436df7fc1df6d94955f2858e7ffad00f1893b593b
tcn,clean_only,202,bandpass_n20003_cRA_V1_independent_rms_s20,phase2/results/predictions/full/clean_only/tcn/seed_202/bandpass_n20003_cRA_V1_independent_rms_s20.npz,76466,385649f032ca865d6bf9c6e8f6b5ba0a9d637cecf69b296740bc31f451f9fcc9
tcn,clean_only,202,bandpass_n20003_cRA_V1_independent_rms_s15,phase2/results/predictions/full/clean_only/tcn/seed_202/bandpass_n20003_cRA_V1_independent_rms_s15.npz,76460,382f18d092e64e10902bf91f34ed119975d739a8ce7a4c73d2801eb2a7a71e28
tcn,clean_only,202,bandpass_n20003_cRA_V1_independent_rms_s10,phase2/results/predictions/full/clean_only/tcn/seed_202/bandpass_n20003_cRA_V1_independent_rms_s10.npz,76417,1a8639ee3d1812633a91da99663a68f249083a8f5a1f07b7c88178db15469828
tcn,clean_only,202,bandpass_n20003_cRA_V1_independent_rms_s5,phase2/results/predictions/full/clean_only/tcn/seed_202/bandpass_n20003_cRA_V1_independent_rms_s5.npz,76190,fcb69f7f6749c0fd267c7c464c8c19a7a7389408443f905c399cad598eff7f0e
tcn,clean_only,202,bandpass_n20003_cRA_V1_independent_rms_s0,phase2/results/predictions/full/clean_only/tcn/seed_202/bandpass_n20003_cRA_V1_independent_rms_s0.npz,75753,1ffbda81fd26d781e4c20a6ac88b75d235deb016860c1110edc51544bd1e0c85
tcn,clean_only,202,bandpass_n20003_cRA_V1_electrode_s20,phase2/results/predictions/full/clean_only/tcn/seed_202/bandpass_n20003_cRA_V1_electrode_s20.npz,76493,81599960b0f91d43b67ba73c39bd8c0b1522e9dfb45b73107d2fb85b80b9b232
tcn,clean_only,202,bandpass_n20003_cRA_V1_electrode_s15,phase2/results/predictions/full/clean_only/tcn/seed_202/bandpass_n20003_cRA_V1_electrode_s15.npz,76419,07bb06942af23560a284c05f79016fcc1b184e3055ed1d4fca3fd17d315603a1
tcn,clean_only,202,bandpass_n20003_cRA_V1_electrode_s10,phase2/results/predictions/full/clean_only/tcn/seed_202/bandpass_n20003_cRA_V1_electrode_s10.npz,76316,1de68c4a2c290b5127ca964ff961df12ed20e99fba521b114aab76ea239c6d7f
tcn,clean_only,202,bandpass_n20003_cRA_V1_electrode_s5,phase2/results/predictions/full/clean_only/tcn/seed_202/bandpass_n20003_cRA_V1_electrode_s5.npz,76156,4d6bc8d14a6786b9f9702912e552799b5cd800d5ec1b2e09584d8091fb9fc6af
tcn,clean_only,202,bandpass_n20003_cRA_V1_electrode_s0,phase2/results/predictions/full/clean_only/tcn/seed_202/bandpass_n20003_cRA_V1_electrode_s0.npz,75686,669f89a91c2d3bce72c218797d494ede6d5fd2ac8b94da3458d96d24b16859a4
tcn,clean_only,202,bandpass_n20003_cRA_V1_covariance_s20,phase2/results/predictions/full/clean_only/tcn/seed_202/bandpass_n20003_cRA_V1_covariance_s20.npz,76422,33b253b2f82572f7ec4a29a122fc38397bf1ef4ab0c17d591263ec10ce82d055
tcn,clean_only,202,bandpass_n20003_cRA_V1_covariance_s15,phase2/results/predictions/full/clean_only/tcn/seed_202/bandpass_n20003_cRA_V1_covariance_s15.npz,76440,d594d3c8ae5fbbffd3725e6db02fee110241e9436d088b687dfc77eedc942996
tcn,clean_only,202,bandpass_n20003_cRA_V1_covariance_s10,phase2/results/predictions/full/clean_only/tcn/seed_202/bandpass_n20003_cRA_V1_covariance_s10.npz,76349,b6299f9825e7ec128498a5e86c8898b0a74de7e9ffa48feeabbc04092d6ad429
tcn,clean_only,202,bandpass_n20003_cRA_V1_covariance_s5,phase2/results/predictions/full/clean_only/tcn/seed_202/bandpass_n20003_cRA_V1_covariance_s5.npz,76143,5b831e11d65b9c5462474a260dfb39f0d374cd9b201832c19d8270d458ff4111
tcn,clean_only,202,bandpass_n20003_cRA_V1_covariance_s0,phase2/results/predictions/full/clean_only/tcn/seed_202/bandpass_n20003_cRA_V1_covariance_s0.npz,75716,18bb135da2ceeeeebcce4dc3c3cb8675b052fc97233383bad481c9031603bfef
tcn,clean_only,202,bandpass_n20003_cLA_V6_independent_rms_s20,phase2/results/predictions/full/clean_only/tcn/seed_202/bandpass_n20003_cLA_V6_independent_rms_s20.npz,76450,211d404d8613e6ca1796271f0b1e6fe3a6bcb4fdc0abe629b3886908e72c48e5
tcn,clean_only,202,bandpass_n20003_cLA_V6_independent_rms_s15,phase2/results/predictions/full/clean_only/tcn/seed_202/bandpass_n20003_cLA_V6_independent_rms_s15.npz,76488,c7cc9d459235d2b4429fe7619ee95e0ac25550e5b05cafcab6c2b78783c5f9dd
tcn,clean_only,202,bandpass_n20003_cLA_V6_independent_rms_s10,phase2/results/predictions/full/clean_only/tcn/seed_202/bandpass_n20003_cLA_V6_independent_rms_s10.npz,76375,403eb8ad9ff367e87d656f505d61a9c411bc41d98804b83a98d5d64279da9e39
tcn,clean_only,202,bandpass_n20003_cLA_V6_independent_rms_s5,phase2/results/predictions/full/clean_only/tcn/seed_202/bandpass_n20003_cLA_V6_independent_rms_s5.npz,76259,ebf3f88a136628c9cc8d478998a8ca5cab685e7c483601b38fb23d99261f27c4
tcn,clean_only,202,bandpass_n20003_cLA_V6_independent_rms_s0,phase2/results/predictions/full/clean_only/tcn/seed_202/bandpass_n20003_cLA_V6_independent_rms_s0.npz,75910,7835a0c79a16ba771e643030b2a34d11f3818feb2826f8eebb8ee3fa57e234aa
tcn,clean_only,202,bandpass_n20003_cLA_V6_electrode_s20,phase2/results/predictions/full/clean_only/tcn/seed_202/bandpass_n20003_cLA_V6_electrode_s20.npz,76441,05c519f98d35d07c08217f78b97bed068a3c80aeca2e2f7ec90b187d521918ff
tcn,clean_only,202,bandpass_n20003_cLA_V6_electrode_s15,phase2/results/predictions/full/clean_only/tcn/seed_202/bandpass_n20003_cLA_V6_electrode_s15.npz,76422,092d7401bbed628fc32fe9ae35ff7b0b0f278b879b214d02e05e5e74a6807705
tcn,clean_only,202,bandpass_n20003_cLA_V6_electrode_s10,phase2/results/predictions/full/clean_only/tcn/seed_202/bandpass_n20003_cLA_V6_electrode_s10.npz,76348,c84c04d9b34c194ec307e33f6bad9784e1e6b37760b620bb5eb387d244f4c1d7
tcn,clean_only,202,bandpass_n20003_cLA_V6_electrode_s5,phase2/results/predictions/full/clean_only/tcn/seed_202/bandpass_n20003_cLA_V6_electrode_s5.npz,76090,8d140b29f1cf27e8d1de7cffffb534f8fc3412bd01020c904d97bbf083818ba3
tcn,clean_only,202,bandpass_n20003_cLA_V6_electrode_s0,phase2/results/predictions/full/clean_only/tcn/seed_202/bandpass_n20003_cLA_V6_electrode_s0.npz,75841,74e7125c1d49a7b41dabcd3268ff45adde5a80a14799252401231210e748c397
tcn,clean_only,202,bandpass_n20003_cLA_V6_covariance_s20,phase2/results/predictions/full/clean_only/tcn/seed_202/bandpass_n20003_cLA_V6_covariance_s20.npz,76429,2f682284a58e3324b4e9720a984772bc1b50f1f4112e6a1367e23c2260027059
tcn,clean_only,202,bandpass_n20003_cLA_V6_covariance_s15,phase2/results/predictions/full/clean_only/tcn/seed_202/bandpass_n20003_cLA_V6_covariance_s15.npz,76461,b440fbbac11fac6e5e178636855531b50f7bf059edb10e85b85f3c4cf6ee4520
tcn,clean_only,202,bandpass_n20003_cLA_V6_covariance_s10,phase2/results/predictions/full/clean_only/tcn/seed_202/bandpass_n20003_cLA_V6_covariance_s10.npz,76331,fcf3b1a6701c49128e9a37b396a139da24903c004310c5d5c25681ad2cdf18dc
tcn,clean_only,202,bandpass_n20003_cLA_V6_covariance_s5,phase2/results/predictions/full/clean_only/tcn/seed_202/bandpass_n20003_cLA_V6_covariance_s5.npz,76106,7f8525283603406a321f83464d8d3e6f9db1f5080930efb4797d2f811ca93d29
tcn,clean_only,202,bandpass_n20003_cLA_V6_covariance_s0,phase2/results/predictions/full/clean_only/tcn/seed_202/bandpass_n20003_cLA_V6_covariance_s0.npz,75837,ea85d9d6066471ef8238ae8422137dbe64f50bbe9282d714cc54485a052b59cb
tcn,clean_only,202,bandpass_n20003_cLL_V4_independent_rms_s20,phase2/results/predictions/full/clean_only/tcn/seed_202/bandpass_n20003_cLL_V4_independent_rms_s20.npz,76456,09082af90cc741430b075f7d0e75848d668c4eba7af6ea77b5a2187b1dfccc2b
tcn,clean_only,202,bandpass_n20003_cLL_V4_independent_rms_s15,phase2/results/predictions/full/clean_only/tcn/seed_202/bandpass_n20003_cLL_V4_independent_rms_s15.npz,76466,b53294e111fe7e5386a851356a9afaecc6e7b06311b35e0c015a0ebd4ab218ab
tcn,clean_only,202,bandpass_n20003_cLL_V4_independent_rms_s10,phase2/results/predictions/full/clean_only/tcn/seed_202/bandpass_n20003_cLL_V4_independent_rms_s10.npz,76420,aec6fe2066b26d00cee2072a51b5c35a331cf6c064860a80a0049b2243c6d981
tcn,clean_only,202,bandpass_n20003_cLL_V4_independent_rms_s5,phase2/results/predictions/full/clean_only/tcn/seed_202/bandpass_n20003_cLL_V4_independent_rms_s5.npz,76163,956fdd670325f09b98527928a3491dbe2eb6f918b4b492561a67e155be134101
tcn,clean_only,202,bandpass_n20003_cLL_V4_independent_rms_s0,phase2/results/predictions/full/clean_only/tcn/seed_202/bandpass_n20003_cLL_V4_independent_rms_s0.npz,75852,30d9f6b018d1bbeb63e69c73b6b9eb9d85ea4bb6099f0dde3ee2a323c6435f8b
tcn,clean_only,202,bandpass_n20003_cLL_V4_electrode_s20,phase2/results/predictions/full/clean_only/tcn/seed_202/bandpass_n20003_cLL_V4_electrode_s20.npz,76430,c837faee6aefaff88a259a547e46f905cf4f59bc45dae9128f61f70583e1628f
tcn,clean_only,202,bandpass_n20003_cLL_V4_electrode_s15,phase2/results/predictions/full/clean_only/tcn/seed_202/bandpass_n20003_cLL_V4_electrode_s15.npz,76417,96db42b81d7087b2f451cfcba183f78729fea7cffc46a4fcf092cabd5dfa43a3
tcn,clean_only,202,bandpass_n20003_cLL_V4_electrode_s10,phase2/results/predictions/full/clean_only/tcn/seed_202/bandpass_n20003_cLL_V4_electrode_s10.npz,76291,188ef5756412680c82440af8232719144a36d05c43ca4006c169b38c187173e6
tcn,clean_only,202,bandpass_n20003_cLL_V4_electrode_s5,phase2/results/predictions/full/clean_only/tcn/seed_202/bandpass_n20003_cLL_V4_electrode_s5.npz,76039,9af7764385332376fc65b4c13151300b4261dac0e8e776a9808b15b9ddfdd973
tcn,clean_only,202,bandpass_n20003_cLL_V4_electrode_s0,phase2/results/predictions/full/clean_only/tcn/seed_202/bandpass_n20003_cLL_V4_electrode_s0.npz,75825,da4e8dd5669ad8b92e0a217de6d47e7e906dc81133c1d304ce305d1221ebb68e
tcn,clean_only,202,bandpass_n20003_cLL_V4_covariance_s20,phase2/results/predictions/full/clean_only/tcn/seed_202/bandpass_n20003_cLL_V4_covariance_s20.npz,76436,b67108ccc28c57801b346099b3cffa8707f3bbf4efdcafbd8b7df7568ebde23c
tcn,clean_only,202,bandpass_n20003_cLL_V4_covariance_s15,phase2/results/predictions/full/clean_only/tcn/seed_202/bandpass_n20003_cLL_V4_covariance_s15.npz,76419,56cc12838758b0de92fc693e9ea6e8f915cd7925651e4bec2c167415da5f73e6
tcn,clean_only,202,bandpass_n20003_cLL_V4_covariance_s10,phase2/results/predictions/full/clean_only/tcn/seed_202/bandpass_n20003_cLL_V4_covariance_s10.npz,76324,2ccd7ed59160202b774be90f267229ff6cf0d65050ffc04a76ae5b26c560ba7a
tcn,clean_only,202,bandpass_n20003_cLL_V4_covariance_s5,phase2/results/predictions/full/clean_only/tcn/seed_202/bandpass_n20003_cLL_V4_covariance_s5.npz,76029,2fa678f7dbb59d9d392893bd5648286a4aaa2c01159fecf7e5d6d5eac07378aa
tcn,clean_only,202,bandpass_n20003_cLL_V4_covariance_s0,phase2/results/predictions/full/clean_only/tcn/seed_202/bandpass_n20003_cLL_V4_covariance_s0.npz,75815,1d8904e0d954d94528b8649eb31c5478912ee8153741151fd86ba41318a3d67b
tcn,clean_only,202,bandpass_n20003_cRA_LA_V1_V6_independent_rms_s20,phase2/results/predictions/full/clean_only/tcn/seed_202/bandpass_n20003_cRA_LA_V1_V6_independent_rms_s20.npz,76465,fc66bed128990d340e6ad1a0583bde6cf35aa5f4d6c0419b443ec621dbb7c096
tcn,clean_only,202,bandpass_n20003_cRA_LA_V1_V6_independent_rms_s15,phase2/results/predictions/full/clean_only/tcn/seed_202/bandpass_n20003_cRA_LA_V1_V6_independent_rms_s15.npz,76442,06d273dfe1427af0a4154dbbc91e87621c13c698ea08501cf4e7b651e3f549b3
tcn,clean_only,202,bandpass_n20003_cRA_LA_V1_V6_independent_rms_s10,phase2/results/predictions/full/clean_only/tcn/seed_202/bandpass_n20003_cRA_LA_V1_V6_independent_rms_s10.npz,76400,cf28265834c071e5093caacf01609ae493b35a88244e987e74b6d9f9e3f7293c
tcn,clean_only,202,bandpass_n20003_cRA_LA_V1_V6_independent_rms_s5,phase2/results/predictions/full/clean_only/tcn/seed_202/bandpass_n20003_cRA_LA_V1_V6_independent_rms_s5.npz,76227,8ced464894b43c9ddc36a067e1acd9848afca4e5c17b67f386b03b9fcc232e7f
tcn,clean_only,202,bandpass_n20003_cRA_LA_V1_V6_independent_rms_s0,phase2/results/predictions/full/clean_only/tcn/seed_202/bandpass_n20003_cRA_LA_V1_V6_independent_rms_s0.npz,75877,50046f639d101bfb0b5498af272cde350db50d848e97412aae1649e22a801c0e
tcn,clean_only,202,bandpass_n20003_cRA_LA_V1_V6_electrode_s20,phase2/results/predictions/full/clean_only/tcn/seed_202/bandpass_n20003_cRA_LA_V1_V6_electrode_s20.npz,76443,455cae3c7cf974e29bd61924df773c565c7ec9b9c3357e1a7202fbe491c8cf15
tcn,clean_only,202,bandpass_n20003_cRA_LA_V1_V6_electrode_s15,phase2/results/predictions/full/clean_only/tcn/seed_202/bandpass_n20003_cRA_LA_V1_V6_electrode_s15.npz,76441,ba50da365538466edd9e429fd99b01b153fd92f72cf98900eb8574835894e245
tcn,clean_only,202,bandpass_n20003_cRA_LA_V1_V6_electrode_s10,phase2/results/predictions/full/clean_only/tcn/seed_202/bandpass_n20003_cRA_LA_V1_V6_electrode_s10.npz,76360,c4ba6c10bc01ec9c882c691167afb8dfb565d386edc44b8d19f1946c612658f9
tcn,clean_only,202,bandpass_n20003_cRA_LA_V1_V6_electrode_s5,phase2/results/predictions/full/clean_only/tcn/seed_202/bandpass_n20003_cRA_LA_V1_V6_electrode_s5.npz,76085,ceb65e3ba04b9f88e7a9cfacb3503119de4bf88f71dfb6d984a78b45143f283a
tcn,clean_only,202,bandpass_n20003_cRA_LA_V1_V6_electrode_s0,phase2/results/predictions/full/clean_only/tcn/seed_202/bandpass_n20003_cRA_LA_V1_V6_electrode_s0.npz,75579,bab64fe7b02093a6bc7d41af9c53fe65f8bdfddcb33901e799886c3d48f13d91
tcn,clean_only,202,bandpass_n20003_cRA_LA_V1_V6_covariance_s20,phase2/results/predictions/full/clean_only/tcn/seed_202/bandpass_n20003_cRA_LA_V1_V6_covariance_s20.npz,76460,6f28cea124c36c6998cba04b83da1c42c5f99e4e613eb035f098c881d357eef7
tcn,clean_only,202,bandpass_n20003_cRA_LA_V1_V6_covariance_s15,phase2/results/predictions/full/clean_only/tcn/seed_202/bandpass_n20003_cRA_LA_V1_V6_covariance_s15.npz,76433,4b91b78f61980d99ab74b4a6d4495c9b9ea07f07c2502c0384f5a2f96758fa29
tcn,clean_only,202,bandpass_n20003_cRA_LA_V1_V6_covariance_s10,phase2/results/predictions/full/clean_only/tcn/seed_202/bandpass_n20003_cRA_LA_V1_V6_covariance_s10.npz,76389,4ade2572bf9b8d0f44f3e1e8ebe8011cf72729b69956d3f1ab3c6bdb79a7f780
tcn,clean_only,202,bandpass_n20003_cRA_LA_V1_V6_covariance_s5,phase2/results/predictions/full/clean_only/tcn/seed_202/bandpass_n20003_cRA_LA_V1_V6_covariance_s5.npz,76098,92a1babc181d2ec4b4f104ba993a3a458d5bc2ed07d084a2b74236e33c8717e1
tcn,clean_only,202,bandpass_n20003_cRA_LA_V1_V6_covariance_s0,phase2/results/predictions/full/clean_only/tcn/seed_202/bandpass_n20003_cRA_LA_V1_V6_covariance_s0.npz,75588,f4793044ec2b4924e6657030c89b8766ddfb59120f4a7db6629db57ee1caf709
tcn,clean_only,202,bandpass_n20003_cRA_V2_V5_independent_rms_s20,phase2/results/predictions/full/clean_only/tcn/seed_202/bandpass_n20003_cRA_V2_V5_independent_rms_s20.npz,76430,36ad16c8d48c66ae275c98ec769fd70efae4a7b918b876cf5965a8782ae885cb
tcn,clean_only,202,bandpass_n20003_cRA_V2_V5_independent_rms_s15,phase2/results/predictions/full/clean_only/tcn/seed_202/bandpass_n20003_cRA_V2_V5_independent_rms_s15.npz,76467,6766ef77639fe52d858eac6b80acda4fb8139043272239df31e572ce88e5dfaf
tcn,clean_only,202,bandpass_n20003_cRA_V2_V5_independent_rms_s10,phase2/results/predictions/full/clean_only/tcn/seed_202/bandpass_n20003_cRA_V2_V5_independent_rms_s10.npz,76389,0435a3775988090c21f4c1ec2245d1af207d3183e3a647b5f47585fdd1e9d373
tcn,clean_only,202,bandpass_n20003_cRA_V2_V5_independent_rms_s5,phase2/results/predictions/full/clean_only/tcn/seed_202/bandpass_n20003_cRA_V2_V5_independent_rms_s5.npz,76254,cf55ad101516c589763e28566b539175a5ac8631c1aeb0cc20450c3e14cdb39e
tcn,clean_only,202,bandpass_n20003_cRA_V2_V5_independent_rms_s0,phase2/results/predictions/full/clean_only/tcn/seed_202/bandpass_n20003_cRA_V2_V5_independent_rms_s0.npz,75889,5525067bc4f89585525b9de7607f28316d45c9f602fb42cc7157792bee1253b5
tcn,clean_only,202,bandpass_n20003_cRA_V2_V5_electrode_s20,phase2/results/predictions/full/clean_only/tcn/seed_202/bandpass_n20003_cRA_V2_V5_electrode_s20.npz,76469,fa69fddc3022f725b11d8ea683960cc94d16c3b43520dc6feb8f2f641ea9cb05
tcn,clean_only,202,bandpass_n20003_cRA_V2_V5_electrode_s15,phase2/results/predictions/full/clean_only/tcn/seed_202/bandpass_n20003_cRA_V2_V5_electrode_s15.npz,76502,0def31a90ebe9cd1fd67ac056841785637cacf990b098f1c4d05b79083e4e92c
tcn,clean_only,202,bandpass_n20003_cRA_V2_V5_electrode_s10,phase2/results/predictions/full/clean_only/tcn/seed_202/bandpass_n20003_cRA_V2_V5_electrode_s10.npz,76401,67014fea33b6d6aeb51eedc1cb6ce495082618ddc833cffc4f3f88326f944cac
tcn,clean_only,202,bandpass_n20003_cRA_V2_V5_electrode_s5,phase2/results/predictions/full/clean_only/tcn/seed_202/bandpass_n20003_cRA_V2_V5_electrode_s5.npz,76152,44fbed23f2582058146baba1a7d8f2530d32e0f1a4d3dda0b2f3859bedba73e9
tcn,clean_only,202,bandpass_n20003_cRA_V2_V5_electrode_s0,phase2/results/predictions/full/clean_only/tcn/seed_202/bandpass_n20003_cRA_V2_V5_electrode_s0.npz,75850,3d08bdc08cbb271244989008440c55acda2b64a23facab331dc09c6606d19ff5
tcn,clean_only,202,bandpass_n20003_cRA_V2_V5_covariance_s20,phase2/results/predictions/full/clean_only/tcn/seed_202/bandpass_n20003_cRA_V2_V5_covariance_s20.npz,76464,92b67fa7c9f4fa03b7cc733c4b79dde3d9e00aac3aca09dacf44b48850dc1caa
tcn,clean_only,202,bandpass_n20003_cRA_V2_V5_covariance_s15,phase2/results/predictions/full/clean_only/tcn/seed_202/bandpass_n20003_cRA_V2_V5_covariance_s15.npz,76437,48e9a951ad521dedfdce7cc50c204f804ae0ad446683414ddb765b550a30cc51
tcn,clean_only,202,bandpass_n20003_cRA_V2_V5_covariance_s10,phase2/results/predictions/full/clean_only/tcn/seed_202/bandpass_n20003_cRA_V2_V5_covariance_s10.npz,76395,1c9487b3002c7d40d12c68dddeabddf359ab484c80f81ebfec3fdfbcef39df52
tcn,clean_only,202,bandpass_n20003_cRA_V2_V5_covariance_s5,phase2/results/predictions/full/clean_only/tcn/seed_202/bandpass_n20003_cRA_V2_V5_covariance_s5.npz,76236,4de8d1ec8e724f6dfd0fcd64e4e3cadd3ae2171ac3db9c2982bd93b2289ae346
tcn,clean_only,202,bandpass_n20003_cRA_V2_V5_covariance_s0,phase2/results/predictions/full/clean_only/tcn/seed_202/bandpass_n20003_cRA_V2_V5_covariance_s0.npz,75851,4b472f856f9c73db17a913cd67db3c0f3ff21084c760ac37933861949a308f93
tcn,clean_only,202,bandpass_n20003_cLA_V3_V6_independent_rms_s20,phase2/results/predictions/full/clean_only/tcn/seed_202/bandpass_n20003_cLA_V3_V6_independent_rms_s20.npz,76472,e9c74c80bc2161ff0075565f394762c21a978919aa7a94277352775cce973402
tcn,clean_only,202,bandpass_n20003_cLA_V3_V6_independent_rms_s15,phase2/results/predictions/full/clean_only/tcn/seed_202/bandpass_n20003_cLA_V3_V6_independent_rms_s15.npz,76456,7b7b39336955c7ca3b67959f8d90516ad3a809c0b17df71143568c91c4153d6e
tcn,clean_only,202,bandpass_n20003_cLA_V3_V6_independent_rms_s10,phase2/results/predictions/full/clean_only/tcn/seed_202/bandpass_n20003_cLA_V3_V6_independent_rms_s10.npz,76420,b77d36144f8ab31b3239482e07dc2980fc84168828cc956e7397637c5b2407a8
tcn,clean_only,202,bandpass_n20003_cLA_V3_V6_independent_rms_s5,phase2/results/predictions/full/clean_only/tcn/seed_202/bandpass_n20003_cLA_V3_V6_independent_rms_s5.npz,76300,d0e3bab2a47bd00d40602f5c28bd2e8c1957d885a466a879f840bb753109430a
tcn,clean_only,202,bandpass_n20003_cLA_V3_V6_independent_rms_s0,phase2/results/predictions/full/clean_only/tcn/seed_202/bandpass_n20003_cLA_V3_V6_independent_rms_s0.npz,75978,13360db9a7b9f2a1af44b5c3562593f301cd0091f2baa5d52160879e450c043e
tcn,clean_only,202,bandpass_n20003_cLA_V3_V6_electrode_s20,phase2/results/predictions/full/clean_only/tcn/seed_202/bandpass_n20003_cLA_V3_V6_electrode_s20.npz,76449,ce157f251dbb543309ca2d67e0a0ed17ea441519a97157b5288a7bb214ab977c
tcn,clean_only,202,bandpass_n20003_cLA_V3_V6_electrode_s15,phase2/results/predictions/full/clean_only/tcn/seed_202/bandpass_n20003_cLA_V3_V6_electrode_s15.npz,76457,e5788d6622f6356cfc21bfe7be39c65ced226c7092ae8e84e35e1e54bee20380
tcn,clean_only,202,bandpass_n20003_cLA_V3_V6_electrode_s10,phase2/results/predictions/full/clean_only/tcn/seed_202/bandpass_n20003_cLA_V3_V6_electrode_s10.npz,76364,4de695474a3e967e35b3e20f5f08355fa8f0977f1400bbc3f533d3221c9b0730
tcn,clean_only,202,bandpass_n20003_cLA_V3_V6_electrode_s5,phase2/results/predictions/full/clean_only/tcn/seed_202/bandpass_n20003_cLA_V3_V6_electrode_s5.npz,76115,7d0fea9b066a8e24cb8991b81fd9fda95fe5105017f5d2e7a7a4893f31b76653
tcn,clean_only,202,bandpass_n20003_cLA_V3_V6_electrode_s0,phase2/results/predictions/full/clean_only/tcn/seed_202/bandpass_n20003_cLA_V3_V6_electrode_s0.npz,75843,0de653ac473f4f7bbeebe15e1f561342ba4ca6b72f142d297f6ecba7efae81d2
tcn,clean_only,202,bandpass_n20003_cLA_V3_V6_covariance_s20,phase2/results/predictions/full/clean_only/tcn/seed_202/bandpass_n20003_cLA_V3_V6_covariance_s20.npz,76453,a8ea5749073de6f287f963778fe684ccccfdc6255efb79b57ba5279335ae0b57
tcn,clean_only,202,bandpass_n20003_cLA_V3_V6_covariance_s15,phase2/results/predictions/full/clean_only/tcn/seed_202/bandpass_n20003_cLA_V3_V6_covariance_s15.npz,76456,cecb5892197db8051f8132475ef7784220b60d23d84a5cc8d73f4c05d09b5ca3
tcn,clean_only,202,bandpass_n20003_cLA_V3_V6_covariance_s10,phase2/results/predictions/full/clean_only/tcn/seed_202/bandpass_n20003_cLA_V3_V6_covariance_s10.npz,76349,5fcec5417eaca63c8a078cfcdab92e364517bb315439a1bd930f039473339315
tcn,clean_only,202,bandpass_n20003_cLA_V3_V6_covariance_s5,phase2/results/predictions/full/clean_only/tcn/seed_202/bandpass_n20003_cLA_V3_V6_covariance_s5.npz,76131,1236791d38c86b0048cd9b3d7fb705553ff97f49b00aa143e89867b2ef669b6e
tcn,clean_only,202,bandpass_n20003_cLA_V3_V6_covariance_s0,phase2/results/predictions/full/clean_only/tcn/seed_202/bandpass_n20003_cLA_V3_V6_covariance_s0.npz,75861,fd502b2e3059e45c4a341298e557b6383b91e64178700727922b6761aa170328
tcn,clean_only,202,bandpass_n20003_cLL_V1_V4_independent_rms_s20,phase2/results/predictions/full/clean_only/tcn/seed_202/bandpass_n20003_cLL_V1_V4_independent_rms_s20.npz,76454,2119c295a3b76df31a06cb53d1f8ba6dfa6c8c5314318ea413f54703fc89c5ac
tcn,clean_only,202,bandpass_n20003_cLL_V1_V4_independent_rms_s15,phase2/results/predictions/full/clean_only/tcn/seed_202/bandpass_n20003_cLL_V1_V4_independent_rms_s15.npz,76447,dbaa43c5cc3ef37ec00eb0d6b1a706484ede2f5d05d71ab902943e9b002d17a5
tcn,clean_only,202,bandpass_n20003_cLL_V1_V4_independent_rms_s10,phase2/results/predictions/full/clean_only/tcn/seed_202/bandpass_n20003_cLL_V1_V4_independent_rms_s10.npz,76397,6bde09b129c26f457f30a2e4fc90ead9ccd20d0f8134d175249be8ebbc8c7765
tcn,clean_only,202,bandpass_n20003_cLL_V1_V4_independent_rms_s5,phase2/results/predictions/full/clean_only/tcn/seed_202/bandpass_n20003_cLL_V1_V4_independent_rms_s5.npz,76190,d0ed6ec4a38e192cef1854fb90398b3fca91a49f73a6efe5e6011704b78c0522
tcn,clean_only,202,bandpass_n20003_cLL_V1_V4_independent_rms_s0,phase2/results/predictions/full/clean_only/tcn/seed_202/bandpass_n20003_cLL_V1_V4_independent_rms_s0.npz,75840,75f5c3a1eda63b91f995b3842993d727d693370e01e12fdc384f7af3d7325b0d
tcn,clean_only,202,bandpass_n20003_cLL_V1_V4_electrode_s20,phase2/results/predictions/full/clean_only/tcn/seed_202/bandpass_n20003_cLL_V1_V4_electrode_s20.npz,76472,f0a223dab35881918ca2bdb260df0c63649592160034359444ab13bd5ac20356
tcn,clean_only,202,bandpass_n20003_cLL_V1_V4_electrode_s15,phase2/results/predictions/full/clean_only/tcn/seed_202/bandpass_n20003_cLL_V1_V4_electrode_s15.npz,76459,990a9c209eb8792f38e532d59516cc7e9f865cee032691e5d7d9a2ace03bf5da
tcn,clean_only,202,bandpass_n20003_cLL_V1_V4_electrode_s10,phase2/results/predictions/full/clean_only/tcn/seed_202/bandpass_n20003_cLL_V1_V4_electrode_s10.npz,76326,e8b79745ce6636f3b73ad32277d4dd43561a1e09430294bf4d15e0851e5fab11
tcn,clean_only,202,bandpass_n20003_cLL_V1_V4_electrode_s5,phase2/results/predictions/full/clean_only/tcn/seed_202/bandpass_n20003_cLL_V1_V4_electrode_s5.npz,76049,1a1558917b62246b79b5469aa1fa0c4495c72ea62f2d03be988a415e740ef1ec
tcn,clean_only,202,bandpass_n20003_cLL_V1_V4_electrode_s0,phase2/results/predictions/full/clean_only/tcn/seed_202/bandpass_n20003_cLL_V1_V4_electrode_s0.npz,75794,e1b4533416d71b0f8c15f0347315e607833be2ca794b6da22d294cbce6953415
tcn,clean_only,202,bandpass_n20003_cLL_V1_V4_covariance_s20,phase2/results/predictions/full/clean_only/tcn/seed_202/bandpass_n20003_cLL_V1_V4_covariance_s20.npz,76459,3790f8c4cf02f025992e3b33f244de7aa392d2d6a5a3dcd64c1223a8736af880
tcn,clean_only,202,bandpass_n20003_cLL_V1_V4_covariance_s15,phase2/results/predictions/full/clean_only/tcn/seed_202/bandpass_n20003_cLL_V1_V4_covariance_s15.npz,76409,17d6ec72601e1f5449c393b8db6a070a25f582301e80d73f199d957c92726ff9
tcn,clean_only,202,bandpass_n20003_cLL_V1_V4_covariance_s10,phase2/results/predictions/full/clean_only/tcn/seed_202/bandpass_n20003_cLL_V1_V4_covariance_s10.npz,76330,72d7a4596db1db76874ca346fa9ab6b1af17205333b17192d509ab3056ca420f
tcn,clean_only,202,bandpass_n20003_cLL_V1_V4_covariance_s5,phase2/results/predictions/full/clean_only/tcn/seed_202/bandpass_n20003_cLL_V1_V4_covariance_s5.npz,76036,a3962c2090e1927c6ddbda6a4bf45c91112139bb19bb086bd441a1c8a01fc38f
tcn,clean_only,202,bandpass_n20003_cLL_V1_V4_covariance_s0,phase2/results/predictions/full/clean_only/tcn/seed_202/bandpass_n20003_cLL_V1_V4_covariance_s0.npz,75777,e9d5e2726839dbf773aab753e35d460ee9492f498e935cb03c8504a16c456fa2
tcn,clean_only,202,bandpass_n20003_call_independent_rms_s20,phase2/results/predictions/full/clean_only/tcn/seed_202/bandpass_n20003_call_independent_rms_s20.npz,76405,b2a022f2bd7e4850b7a7c8b14b1353debc9e543063f7adb014085a7ffb321385
tcn,clean_only,202,bandpass_n20003_call_independent_rms_s15,phase2/results/predictions/full/clean_only/tcn/seed_202/bandpass_n20003_call_independent_rms_s15.npz,76422,e50f807db52f6b40e0dcbc3d48d51890864fa5fafe3c475a91d372c05e159145
tcn,clean_only,202,bandpass_n20003_call_independent_rms_s10,phase2/results/predictions/full/clean_only/tcn/seed_202/bandpass_n20003_call_independent_rms_s10.npz,76417,48802740782861e38acfc889c704615828515c0bf84b0b87cd261da365740517
tcn,clean_only,202,bandpass_n20003_call_independent_rms_s5,phase2/results/predictions/full/clean_only/tcn/seed_202/bandpass_n20003_call_independent_rms_s5.npz,76186,daeb3e19d1debde7ca8b57fa67128500a2ecdc4a53bf7cce8ee00194805557ca
tcn,clean_only,202,bandpass_n20003_call_independent_rms_s0,phase2/results/predictions/full/clean_only/tcn/seed_202/bandpass_n20003_call_independent_rms_s0.npz,75795,ba0346d6a0348ccfe6200c1a2d12eb7bdee7720aa7071deb0cfc722be6499e94
tcn,clean_only,202,bandpass_n20003_call_electrode_s20,phase2/results/predictions/full/clean_only/tcn/seed_202/bandpass_n20003_call_electrode_s20.npz,76408,8fe99c75a79f721bd28a87157eef9a624682e4b245d66faded9f4eea14964b15
tcn,clean_only,202,bandpass_n20003_call_electrode_s15,phase2/results/predictions/full/clean_only/tcn/seed_202/bandpass_n20003_call_electrode_s15.npz,76430,a90521794993173e050cc93c2974482ef733c89f0b7fb513ec016c5fe6a967cd
tcn,clean_only,202,bandpass_n20003_call_electrode_s10,phase2/results/predictions/full/clean_only/tcn/seed_202/bandpass_n20003_call_electrode_s10.npz,76313,d6daeecccaf15d0bfa1740a902b5b154445bdc6ad94944f70887720a455674e6
tcn,clean_only,202,bandpass_n20003_call_electrode_s5,phase2/results/predictions/full/clean_only/tcn/seed_202/bandpass_n20003_call_electrode_s5.npz,76086,6b44b3dfe28a775a692cedd008d195472b870b449f38d01ea0939c3bc56b7cb0
tcn,clean_only,202,bandpass_n20003_call_electrode_s0,phase2/results/predictions/full/clean_only/tcn/seed_202/bandpass_n20003_call_electrode_s0.npz,75672,b55feb5262f12d985399f6f9e07bf154074ad1f6bf9d61a3fa7f6e196accf31b
tcn,clean_only,202,bandpass_n20003_call_covariance_s20,phase2/results/predictions/full/clean_only/tcn/seed_202/bandpass_n20003_call_covariance_s20.npz,76427,439ff86aa5b20b0a1f4e2f3eb13bc846801f6b08a25f5574ead65496079f6571
tcn,clean_only,202,bandpass_n20003_call_covariance_s15,phase2/results/predictions/full/clean_only/tcn/seed_202/bandpass_n20003_call_covariance_s15.npz,76396,6ca038727d9f78b4d3a0cc1aec7bb72288b7d083e1039f292d7fa22ddff67785
tcn,clean_only,202,bandpass_n20003_call_covariance_s10,phase2/results/predictions/full/clean_only/tcn/seed_202/bandpass_n20003_call_covariance_s10.npz,76279,7bcbde86105a001c522f028e9d1277eda58181f920e50e699a6977fec3c713bc
tcn,clean_only,202,bandpass_n20003_call_covariance_s5,phase2/results/predictions/full/clean_only/tcn/seed_202/bandpass_n20003_call_covariance_s5.npz,76061,9c906573f52a8b1b72f142bd2b8c0e55675d2e9b6c5b82540ce37818e7f14f56
tcn,clean_only,202,bandpass_n20003_call_covariance_s0,phase2/results/predictions/full/clean_only/tcn/seed_202/bandpass_n20003_call_covariance_s0.npz,75657,9897beaef00f26d05eb9f3683d085c2c95046b5886f66c9c9eda4cd53e6c49b9
tcn,clean_only,202,bandpass_n20004_cRA_LA_LL_independent_rms_s20,phase2/results/predictions/full/clean_only/tcn/seed_202/bandpass_n20004_cRA_LA_LL_independent_rms_s20.npz,76436,e73ae995b90b6071ac65981c41c10d4c3e82e773d743096f4d7a5e9fc1b9d9fe
tcn,clean_only,202,bandpass_n20004_cRA_LA_LL_independent_rms_s15,phase2/results/predictions/full/clean_only/tcn/seed_202/bandpass_n20004_cRA_LA_LL_independent_rms_s15.npz,76429,d7f4b53f94355261c6e59cd8769b07ca926968fc1a623ab4dd43a85878483fd4
tcn,clean_only,202,bandpass_n20004_cRA_LA_LL_independent_rms_s10,phase2/results/predictions/full/clean_only/tcn/seed_202/bandpass_n20004_cRA_LA_LL_independent_rms_s10.npz,76381,7b3a752a689e60d8242d7a020c2ce2604c8d333cfb2d4f0aceceefcd32f19dac
tcn,clean_only,202,bandpass_n20004_cRA_LA_LL_independent_rms_s5,phase2/results/predictions/full/clean_only/tcn/seed_202/bandpass_n20004_cRA_LA_LL_independent_rms_s5.npz,76195,d9be44e80514efe39fc248e7d6575227e7425e97d844b51f6e4593db15d3db91
tcn,clean_only,202,bandpass_n20004_cRA_LA_LL_independent_rms_s0,phase2/results/predictions/full/clean_only/tcn/seed_202/bandpass_n20004_cRA_LA_LL_independent_rms_s0.npz,75875,69f1b8686d075a133bdbd89365f41bc69d386539be05efc0b38e7251128e49c3
tcn,clean_only,202,bandpass_n20004_cRA_LA_LL_electrode_s20,phase2/results/predictions/full/clean_only/tcn/seed_202/bandpass_n20004_cRA_LA_LL_electrode_s20.npz,76460,e5334bcd9d6995ba80c88e44f77d82bff491ca466234862addd18f8420c973cb
tcn,clean_only,202,bandpass_n20004_cRA_LA_LL_electrode_s15,phase2/results/predictions/full/clean_only/tcn/seed_202/bandpass_n20004_cRA_LA_LL_electrode_s15.npz,76406,88aba510201043ca3262f8e874a382703aff9515cb433f00d156eeb3199cfca4
tcn,clean_only,202,bandpass_n20004_cRA_LA_LL_electrode_s10,phase2/results/predictions/full/clean_only/tcn/seed_202/bandpass_n20004_cRA_LA_LL_electrode_s10.npz,76300,2c465e623089b531b0f0b9d95f6b486d600a56a9faf5ce145d115c9179b8ab5c
tcn,clean_only,202,bandpass_n20004_cRA_LA_LL_electrode_s5,phase2/results/predictions/full/clean_only/tcn/seed_202/bandpass_n20004_cRA_LA_LL_electrode_s5.npz,76023,10591e9525050bcaea80c1ce39594c45976c23f8e9119f84178df32f5c81f3b8
tcn,clean_only,202,bandpass_n20004_cRA_LA_LL_electrode_s0,phase2/results/predictions/full/clean_only/tcn/seed_202/bandpass_n20004_cRA_LA_LL_electrode_s0.npz,75691,1b9394dc224c604bdd4aaed699c98f043bba745d7c3adf29f54f774b098c3639
tcn,clean_only,202,bandpass_n20004_cRA_LA_LL_covariance_s20,phase2/results/predictions/full/clean_only/tcn/seed_202/bandpass_n20004_cRA_LA_LL_covariance_s20.npz,76469,0a308d8706e37d85435da7d16381469286df511adb16d00733903134cf6b7fbf
tcn,clean_only,202,bandpass_n20004_cRA_LA_LL_covariance_s15,phase2/results/predictions/full/clean_only/tcn/seed_202/bandpass_n20004_cRA_LA_LL_covariance_s15.npz,76406,6f732cc85a5ad0b34aec180527f525d58bbf2fe99370032fbb58cbc378682e9f
tcn,clean_only,202,bandpass_n20004_cRA_LA_LL_covariance_s10,phase2/results/predictions/full/clean_only/tcn/seed_202/bandpass_n20004_cRA_LA_LL_covariance_s10.npz,76321,981e03c92159b05635bc369813e20e0b32a1e934ff91ba3024fd9487910e3fe6
tcn,clean_only,202,bandpass_n20004_cRA_LA_LL_covariance_s5,phase2/results/predictions/full/clean_only/tcn/seed_202/bandpass_n20004_cRA_LA_LL_covariance_s5.npz,76010,5a8cba8eb28314ad9b2c62116476f9afe8eee9323b7038fb1d0528801410f9a1
tcn,clean_only,202,bandpass_n20004_cRA_LA_LL_covariance_s0,phase2/results/predictions/full/clean_only/tcn/seed_202/bandpass_n20004_cRA_LA_LL_covariance_s0.npz,75684,749627824413518e745bf0a7e54750f7ffe6a4f24702c2199547a7a25cc6a33e
tcn,clean_only,202,bandpass_n20004_cV1_independent_rms_s20,phase2/results/predictions/full/clean_only/tcn/seed_202/bandpass_n20004_cV1_independent_rms_s20.npz,76430,d61d745e21e805b6095c18cf07071a7634755aece9aba1fd5792eb81217532d3
tcn,clean_only,202,bandpass_n20004_cV1_independent_rms_s15,phase2/results/predictions/full/clean_only/tcn/seed_202/bandpass_n20004_cV1_independent_rms_s15.npz,76423,a4fcff53aa6eda9bf73affaa269ebdc165198ad3f8dd350e3b6e8bcef58b2fb8
tcn,clean_only,202,bandpass_n20004_cV1_independent_rms_s10,phase2/results/predictions/full/clean_only/tcn/seed_202/bandpass_n20004_cV1_independent_rms_s10.npz,76348,c0cc2cd6dc50e4a450e24077a161bf67c2eba7fedf71ec351e90d67dc75a3484
tcn,clean_only,202,bandpass_n20004_cV1_independent_rms_s5,phase2/results/predictions/full/clean_only/tcn/seed_202/bandpass_n20004_cV1_independent_rms_s5.npz,76087,9402da82a9d2be97e7d4addd723257757de97d3af530b1c68aad64b3a3d8b840
tcn,clean_only,202,bandpass_n20004_cV1_independent_rms_s0,phase2/results/predictions/full/clean_only/tcn/seed_202/bandpass_n20004_cV1_independent_rms_s0.npz,75651,0dbaa45f2a27b9b99562f577ec7ffe0f59d568de5569440f447905e1a490f9fe
tcn,clean_only,202,bandpass_n20004_cV1_electrode_s20,phase2/results/predictions/full/clean_only/tcn/seed_202/bandpass_n20004_cV1_electrode_s20.npz,76388,9a040d378f6f2b1fa7a9238c0b265003bd74ad4dfac9955392deb0297c4b9355
tcn,clean_only,202,bandpass_n20004_cV1_electrode_s15,phase2/results/predictions/full/clean_only/tcn/seed_202/bandpass_n20004_cV1_electrode_s15.npz,76382,c7f0dfe9d5013cfbfb92d08bc729a81aaf527c104a19359e23339f845a09377a
tcn,clean_only,202,bandpass_n20004_cV1_electrode_s10,phase2/results/predictions/full/clean_only/tcn/seed_202/bandpass_n20004_cV1_electrode_s10.npz,76324,26e49d589f77224516f0465a4d2c713b46a920a78ef21d72771685a23244886f
tcn,clean_only,202,bandpass_n20004_cV1_electrode_s5,phase2/results/predictions/full/clean_only/tcn/seed_202/bandpass_n20004_cV1_electrode_s5.npz,76084,fc2ec125e0752858f88fd652ea8c52a5c0fd569e02c55dd0d2eb3fd6d70986fd
tcn,clean_only,202,bandpass_n20004_cV1_electrode_s0,phase2/results/predictions/full/clean_only/tcn/seed_202/bandpass_n20004_cV1_electrode_s0.npz,75632,296a60cf148a2c7236198a20ac9e15552665ae89d9a174b2f21c2c472324eba4
tcn,clean_only,202,bandpass_n20004_cV1_covariance_s20,phase2/results/predictions/full/clean_only/tcn/seed_202/bandpass_n20004_cV1_covariance_s20.npz,76420,6502930fa96be584b11703124bd6f06263799f2ce94e64e4343650814c1c4878
tcn,clean_only,202,bandpass_n20004_cV1_covariance_s15,phase2/results/predictions/full/clean_only/tcn/seed_202/bandpass_n20004_cV1_covariance_s15.npz,76419,446c35eeb9cd34815014d2ca32052bbdecf77faea19ccb34bba5950913376ef7
tcn,clean_only,202,bandpass_n20004_cV1_covariance_s10,phase2/results/predictions/full/clean_only/tcn/seed_202/bandpass_n20004_cV1_covariance_s10.npz,76330,b5b86dc9f60d978b397502e4c04188270c3cfa774f0b594adc04164c07546a7b
tcn,clean_only,202,bandpass_n20004_cV1_covariance_s5,phase2/results/predictions/full/clean_only/tcn/seed_202/bandpass_n20004_cV1_covariance_s5.npz,76094,af89496f9b7e8bff65aaaa61b8ea4c1df1693b30e10f093b64a066c599cec495
tcn,clean_only,202,bandpass_n20004_cV1_covariance_s0,phase2/results/predictions/full/clean_only/tcn/seed_202/bandpass_n20004_cV1_covariance_s0.npz,75640,0db4854b746edc6f509f118663cc948b4d6209f2bc43f423c3017c0a7d361e04
tcn,clean_only,202,bandpass_n20004_cV2_independent_rms_s20,phase2/results/predictions/full/clean_only/tcn/seed_202/bandpass_n20004_cV2_independent_rms_s20.npz,76441,5fd457e044f42edf7ec7afd1990f1d17b21f234c9a49a27eb361d580bd40312d
tcn,clean_only,202,bandpass_n20004_cV2_independent_rms_s15,phase2/results/predictions/full/clean_only/tcn/seed_202/bandpass_n20004_cV2_independent_rms_s15.npz,76429,f84a2f38f56857433f64314e077a718ebf3f3e6bc480419fb9d81182e832ea05
tcn,clean_only,202,bandpass_n20004_cV2_independent_rms_s10,phase2/results/predictions/full/clean_only/tcn/seed_202/bandpass_n20004_cV2_independent_rms_s10.npz,76384,974a58a3214bbfb30b9a7c643ef3e3284592b9580ff0cb2a65f45258bc7ca26d
tcn,clean_only,202,bandpass_n20004_cV2_independent_rms_s5,phase2/results/predictions/full/clean_only/tcn/seed_202/bandpass_n20004_cV2_independent_rms_s5.npz,76230,022925b77e6c8b6259ba48a33a2f8963bc2792ba2e3989675b450967501a1b3f
tcn,clean_only,202,bandpass_n20004_cV2_independent_rms_s0,phase2/results/predictions/full/clean_only/tcn/seed_202/bandpass_n20004_cV2_independent_rms_s0.npz,75972,54b2c4c323a5afdc2df769058f60831c6f5c263e4da3820f591fa787de5fc7cb
tcn,clean_only,202,bandpass_n20004_cV2_electrode_s20,phase2/results/predictions/full/clean_only/tcn/seed_202/bandpass_n20004_cV2_electrode_s20.npz,76429,b06ff5dc2d801e292fe8a418a6856d386151fa657ff131e9b2a6105943e884c5
tcn,clean_only,202,bandpass_n20004_cV2_electrode_s15,phase2/results/predictions/full/clean_only/tcn/seed_202/bandpass_n20004_cV2_electrode_s15.npz,76437,bbeb293d5e2d4ee0686e7f2de4461b22296d95c581cef2a2e7f427336747389d
tcn,clean_only,202,bandpass_n20004_cV2_electrode_s10,phase2/results/predictions/full/clean_only/tcn/seed_202/bandpass_n20004_cV2_electrode_s10.npz,76368,64a96a52038ad041e2997f92ba62911b479161e67ac40eb4d1dd1437963cf389
tcn,clean_only,202,bandpass_n20004_cV2_electrode_s5,phase2/results/predictions/full/clean_only/tcn/seed_202/bandpass_n20004_cV2_electrode_s5.npz,76265,925d1483d554b4d3f112f06d3773dffa08fb01e4b3828c859a6f451cef763c58
tcn,clean_only,202,bandpass_n20004_cV2_electrode_s0,phase2/results/predictions/full/clean_only/tcn/seed_202/bandpass_n20004_cV2_electrode_s0.npz,75978,ebfb93c6dfca4bb41b6e793fd5e01b1e1a01f1be1461b158e2529a68fa887181
tcn,clean_only,202,bandpass_n20004_cV2_covariance_s20,phase2/results/predictions/full/clean_only/tcn/seed_202/bandpass_n20004_cV2_covariance_s20.npz,76433,499e62e72d4bd86b7dadacb5510e24304722df776a97904c48c16776ec5907c0
tcn,clean_only,202,bandpass_n20004_cV2_covariance_s15,phase2/results/predictions/full/clean_only/tcn/seed_202/bandpass_n20004_cV2_covariance_s15.npz,76431,2a4fd0689d4c09ec5f23e046225fbe6fb2cea40e006b9f58ca069571dd6faf5c
tcn,clean_only,202,bandpass_n20004_cV2_covariance_s10,phase2/results/predictions/full/clean_only/tcn/seed_202/bandpass_n20004_cV2_covariance_s10.npz,76377,859b0e079d8917abd78db8d4fe812d69e57393e66e4d5c8f9b031eecc04bc3b8
tcn,clean_only,202,bandpass_n20004_cV2_covariance_s5,phase2/results/predictions/full/clean_only/tcn/seed_202/bandpass_n20004_cV2_covariance_s5.npz,76206,0fc689d57a675f205cef37f8046f82b90322605264073cf7cbc6c700505e29d9
tcn,clean_only,202,bandpass_n20004_cV2_covariance_s0,phase2/results/predictions/full/clean_only/tcn/seed_202/bandpass_n20004_cV2_covariance_s0.npz,75999,6c4d89947c2cd224328c4113732a9c652154ba95957927e821f9555f0d21d0cc
tcn,clean_only,202,bandpass_n20004_cV3_independent_rms_s20,phase2/results/predictions/full/clean_only/tcn/seed_202/bandpass_n20004_cV3_independent_rms_s20.npz,76427,3aa7f94a668fefb5e62d7f749bc98c8d45c1fb5ef2ea211f78fccdc81ce9c6d3
tcn,clean_only,202,bandpass_n20004_cV3_independent_rms_s15,phase2/results/predictions/full/clean_only/tcn/seed_202/bandpass_n20004_cV3_independent_rms_s15.npz,76447,040fa2abca1700424bd5ec64e5cec28608013c762eb075b6f94fb703a2e957a3
tcn,clean_only,202,bandpass_n20004_cV3_independent_rms_s10,phase2/results/predictions/full/clean_only/tcn/seed_202/bandpass_n20004_cV3_independent_rms_s10.npz,76450,ab41157e28dc1ed45d9eed5da45d3257692a17dcd7951834339bc898e690d9c6
tcn,clean_only,202,bandpass_n20004_cV3_independent_rms_s5,phase2/results/predictions/full/clean_only/tcn/seed_202/bandpass_n20004_cV3_independent_rms_s5.npz,76365,cc19130a12647c5c5ccb0e5a3b1f2b7a3b35d1306a6e62d47662ed0b5635ca8f
tcn,clean_only,202,bandpass_n20004_cV3_independent_rms_s0,phase2/results/predictions/full/clean_only/tcn/seed_202/bandpass_n20004_cV3_independent_rms_s0.npz,76089,83b508d81036d9417700e883f2890ac1b0f4d03e322887a87b1c3af18fa1bde1
tcn,clean_only,202,bandpass_n20004_cV3_electrode_s20,phase2/results/predictions/full/clean_only/tcn/seed_202/bandpass_n20004_cV3_electrode_s20.npz,76424,0abc04104597c9b59143af28fc7a0493ab762f8f31efd6d9a7d8f8a0fd98e711
tcn,clean_only,202,bandpass_n20004_cV3_electrode_s15,phase2/results/predictions/full/clean_only/tcn/seed_202/bandpass_n20004_cV3_electrode_s15.npz,76443,29a6e4879aea132fbdad8309defe77d972a3fbf3083bde1add815fcfe4adb67b
tcn,clean_only,202,bandpass_n20004_cV3_electrode_s10,phase2/results/predictions/full/clean_only/tcn/seed_202/bandpass_n20004_cV3_electrode_s10.npz,76425,597d6c960f9caeca9970064dd17fce4c1d20308410b5fb623a8b79a0528d37c9
tcn,clean_only,202,bandpass_n20004_cV3_electrode_s5,phase2/results/predictions/full/clean_only/tcn/seed_202/bandpass_n20004_cV3_electrode_s5.npz,76346,16992de8de8b032389d611ad4cb06c04a3595a9c3cf34adf6deaf5604acbb694
tcn,clean_only,202,bandpass_n20004_cV3_electrode_s0,phase2/results/predictions/full/clean_only/tcn/seed_202/bandpass_n20004_cV3_electrode_s0.npz,76117,6d1c654d0c0ce69cceffc4b7835c07be70c3f34f3e0930ceb12a71506e7eddde
tcn,clean_only,202,bandpass_n20004_cV3_covariance_s20,phase2/results/predictions/full/clean_only/tcn/seed_202/bandpass_n20004_cV3_covariance_s20.npz,76412,12ee803b8c52c9a4dc3cb2caaa383160c84a3d662a3e9de128373f3909fc0105
tcn,clean_only,202,bandpass_n20004_cV3_covariance_s15,phase2/results/predictions/full/clean_only/tcn/seed_202/bandpass_n20004_cV3_covariance_s15.npz,76437,152be96f0f1922e81352788349f6ea84f5da2857b1a64832eb2c5366da8df1c6
tcn,clean_only,202,bandpass_n20004_cV3_covariance_s10,phase2/results/predictions/full/clean_only/tcn/seed_202/bandpass_n20004_cV3_covariance_s10.npz,76411,f5c7f33415db8143836317a6c6014c735e209e82c8d93dc2e6b0a61fd8279878
tcn,clean_only,202,bandpass_n20004_cV3_covariance_s5,phase2/results/predictions/full/clean_only/tcn/seed_202/bandpass_n20004_cV3_covariance_s5.npz,76379,997a89c28f619b32c7905bcadf3406943dbadd502809f2ad42095b3bf48adae5
tcn,clean_only,202,bandpass_n20004_cV3_covariance_s0,phase2/results/predictions/full/clean_only/tcn/seed_202/bandpass_n20004_cV3_covariance_s0.npz,76092,7176da10c9ec2484a9c0f976eab441ece3aa8002e7c98b36b445da8fccf08640
tcn,clean_only,202,bandpass_n20004_cV4_independent_rms_s20,phase2/results/predictions/full/clean_only/tcn/seed_202/bandpass_n20004_cV4_independent_rms_s20.npz,76438,2953b48b4773eb18a772e099dee10af9808fc459c0726dea583ee8374f024d3c
tcn,clean_only,202,bandpass_n20004_cV4_independent_rms_s15,phase2/results/predictions/full/clean_only/tcn/seed_202/bandpass_n20004_cV4_independent_rms_s15.npz,76453,3badaf5cef8475fbbcbf2122ef0aabc65c98bd5688a5443874dc3d8719c72ad3
tcn,clean_only,202,bandpass_n20004_cV4_independent_rms_s10,phase2/results/predictions/full/clean_only/tcn/seed_202/bandpass_n20004_cV4_independent_rms_s10.npz,76423,606e4bfbac5dd590094aa0dac98eeed4f3ab673d22a5f3d60e0827c3c63763a4
tcn,clean_only,202,bandpass_n20004_cV4_independent_rms_s5,phase2/results/predictions/full/clean_only/tcn/seed_202/bandpass_n20004_cV4_independent_rms_s5.npz,76264,58bdce3cc98e5ebee30e1cecfdd172f33fbea2dc361cd839a6dc8541edbf75ac
tcn,clean_only,202,bandpass_n20004_cV4_independent_rms_s0,phase2/results/predictions/full/clean_only/tcn/seed_202/bandpass_n20004_cV4_independent_rms_s0.npz,76004,500acdb6641c455a880d24c4c2dd71b6abca821e92984e3efb7247d10c33eea8
tcn,clean_only,202,bandpass_n20004_cV4_electrode_s20,phase2/results/predictions/full/clean_only/tcn/seed_202/bandpass_n20004_cV4_electrode_s20.npz,76420,de25d393c19cb9cd66ad5f237f28244fb1b6d8d37f926ae325c310fd47acb608
tcn,clean_only,202,bandpass_n20004_cV4_electrode_s15,phase2/results/predictions/full/clean_only/tcn/seed_202/bandpass_n20004_cV4_electrode_s15.npz,76459,d37d0ed857540dc9312c291574ef233ad38b1d085fc8c570a0516776c83deaf4
tcn,clean_only,202,bandpass_n20004_cV4_electrode_s10,phase2/results/predictions/full/clean_only/tcn/seed_202/bandpass_n20004_cV4_electrode_s10.npz,76443,70c3e808c16f65353f1471f62502b96cef511ae91a0b8e836dadc1de855d534e
tcn,clean_only,202,bandpass_n20004_cV4_electrode_s5,phase2/results/predictions/full/clean_only/tcn/seed_202/bandpass_n20004_cV4_electrode_s5.npz,76293,afba1df772ab3423a573cedc50bb4d7d329a8b5be6fc09fd79b42f46dc7ff58b
tcn,clean_only,202,bandpass_n20004_cV4_electrode_s0,phase2/results/predictions/full/clean_only/tcn/seed_202/bandpass_n20004_cV4_electrode_s0.npz,75987,3320f91a49e03eab2bdcf5d5c57b6c496bcaf952eed545208dcf7d3af0824603
tcn,clean_only,202,bandpass_n20004_cV4_covariance_s20,phase2/results/predictions/full/clean_only/tcn/seed_202/bandpass_n20004_cV4_covariance_s20.npz,76432,ff51b29c91f308b6aff09f27840d8956094b45733206ac283bad054449e84e89
tcn,clean_only,202,bandpass_n20004_cV4_covariance_s15,phase2/results/predictions/full/clean_only/tcn/seed_202/bandpass_n20004_cV4_covariance_s15.npz,76441,661f5ee0a7fe529911d6a4a277176ab8106b991dd3d2ffb1651d82eeec9e8ad3
tcn,clean_only,202,bandpass_n20004_cV4_covariance_s10,phase2/results/predictions/full/clean_only/tcn/seed_202/bandpass_n20004_cV4_covariance_s10.npz,76430,2fbdf02ac03d5cfb7f0d14f919784b972c6b3ecada5a5d07f288efc56afcbea9
tcn,clean_only,202,bandpass_n20004_cV4_covariance_s5,phase2/results/predictions/full/clean_only/tcn/seed_202/bandpass_n20004_cV4_covariance_s5.npz,76281,fda83428f3a3826b39187d84e4b129a70e3a2cc71eb5c08cbfe361a13d5453a5
tcn,clean_only,202,bandpass_n20004_cV4_covariance_s0,phase2/results/predictions/full/clean_only/tcn/seed_202/bandpass_n20004_cV4_covariance_s0.npz,75984,4bfdd98131db228bc650b3d2532fb454322d3daf67b8f37ee8ad524bd087114a
tcn,clean_only,202,bandpass_n20004_cV5_independent_rms_s20,phase2/results/predictions/full/clean_only/tcn/seed_202/bandpass_n20004_cV5_independent_rms_s20.npz,76453,b2af8a6f7c589dfdf870f179382e37549ba252ef6c74409da977d4b8f11929a4
tcn,clean_only,202,bandpass_n20004_cV5_independent_rms_s15,phase2/results/predictions/full/clean_only/tcn/seed_202/bandpass_n20004_cV5_independent_rms_s15.npz,76412,e5e21adfa27105adc712300d34f17179ded1b14ac9443003ea2a1f8d7c1a1903
tcn,clean_only,202,bandpass_n20004_cV5_independent_rms_s10,phase2/results/predictions/full/clean_only/tcn/seed_202/bandpass_n20004_cV5_independent_rms_s10.npz,76404,a78ffde90d4edc8e98a83bd913ebbb2553dcd70786788288a53aca513d5596c8
tcn,clean_only,202,bandpass_n20004_cV5_independent_rms_s5,phase2/results/predictions/full/clean_only/tcn/seed_202/bandpass_n20004_cV5_independent_rms_s5.npz,76259,c0868e8f91f0ed38622ce274257ad230fb6dc28046c70ecd7e5d216a87f8ca1d
tcn,clean_only,202,bandpass_n20004_cV5_independent_rms_s0,phase2/results/predictions/full/clean_only/tcn/seed_202/bandpass_n20004_cV5_independent_rms_s0.npz,75938,39b3233f5ba0a30404fcf5636761601d680a7281e97b78b6d7225178893944fb
tcn,clean_only,202,bandpass_n20004_cV5_electrode_s20,phase2/results/predictions/full/clean_only/tcn/seed_202/bandpass_n20004_cV5_electrode_s20.npz,76447,936ef489497cc8dc0d0967c12ac4cb4f8b76511da21cd2b17a631651d0dcb80f
tcn,clean_only,202,bandpass_n20004_cV5_electrode_s15,phase2/results/predictions/full/clean_only/tcn/seed_202/bandpass_n20004_cV5_electrode_s15.npz,76427,69a6c65d67c327e0d8eb4dc27806b9545b4afe3a5b2d57d7569bb95c69320453
tcn,clean_only,202,bandpass_n20004_cV5_electrode_s10,phase2/results/predictions/full/clean_only/tcn/seed_202/bandpass_n20004_cV5_electrode_s10.npz,76396,3ccb7a80b0254900da3b758c0183ceb9ee9bf6de31fff42f30273db41d689332
tcn,clean_only,202,bandpass_n20004_cV5_electrode_s5,phase2/results/predictions/full/clean_only/tcn/seed_202/bandpass_n20004_cV5_electrode_s5.npz,76242,dbeca226ceaf1dc6d37b24d1688a00ed66bb78443de475a4d218967e31eaec3b
tcn,clean_only,202,bandpass_n20004_cV5_electrode_s0,phase2/results/predictions/full/clean_only/tcn/seed_202/bandpass_n20004_cV5_electrode_s0.npz,75943,47cd368380ccf1f7878c6fc21965c718967b54f581366749a02bc5a877dc7440
tcn,clean_only,202,bandpass_n20004_cV5_covariance_s20,phase2/results/predictions/full/clean_only/tcn/seed_202/bandpass_n20004_cV5_covariance_s20.npz,76451,e6e9a58e054a6f8d978990b08aeb003b6886895b1712b92519b45464b14b91ee
tcn,clean_only,202,bandpass_n20004_cV5_covariance_s15,phase2/results/predictions/full/clean_only/tcn/seed_202/bandpass_n20004_cV5_covariance_s15.npz,76421,433b31a0753a5959352f6d7f051e902665b8bc1384db07872d60489b96dc25f2
tcn,clean_only,202,bandpass_n20004_cV5_covariance_s10,phase2/results/predictions/full/clean_only/tcn/seed_202/bandpass_n20004_cV5_covariance_s10.npz,76394,7766f080e6e2246b1330fe794e1afbac3a6d7f76d603129acc5035bb179e2899
tcn,clean_only,202,bandpass_n20004_cV5_covariance_s5,phase2/results/predictions/full/clean_only/tcn/seed_202/bandpass_n20004_cV5_covariance_s5.npz,76264,fd72f030992d8d141b0befb58af9fd7166d86ba2a45aab39dc3af43b0f43dbc9
tcn,clean_only,202,bandpass_n20004_cV5_covariance_s0,phase2/results/predictions/full/clean_only/tcn/seed_202/bandpass_n20004_cV5_covariance_s0.npz,75938,b01e40974bedeeef374cd08b65a7970fc3514ee0a1805b208fb40d388331c92c
tcn,clean_only,202,bandpass_n20004_cV6_independent_rms_s20,phase2/results/predictions/full/clean_only/tcn/seed_202/bandpass_n20004_cV6_independent_rms_s20.npz,76464,5688255863e423ef702e70e179129cfb32d455023490765d39095c8b17101dbc
tcn,clean_only,202,bandpass_n20004_cV6_independent_rms_s15,phase2/results/predictions/full/clean_only/tcn/seed_202/bandpass_n20004_cV6_independent_rms_s15.npz,76454,21c5d8ef05bd6d937944c25da6d6c7f6fa6f4d0e9cf76deb5d251c72a77206e7
tcn,clean_only,202,bandpass_n20004_cV6_independent_rms_s10,phase2/results/predictions/full/clean_only/tcn/seed_202/bandpass_n20004_cV6_independent_rms_s10.npz,76385,411a4e945bab0755280b992f8f1207843571ebcc93498b40f4c0163ac53b7e60
tcn,clean_only,202,bandpass_n20004_cV6_independent_rms_s5,phase2/results/predictions/full/clean_only/tcn/seed_202/bandpass_n20004_cV6_independent_rms_s5.npz,76301,eae2fe1d59c7aef04657dfb2f32733b13fe61bf5d8f22ebb76bb83199f4d8d43
tcn,clean_only,202,bandpass_n20004_cV6_independent_rms_s0,phase2/results/predictions/full/clean_only/tcn/seed_202/bandpass_n20004_cV6_independent_rms_s0.npz,76070,17fb3b2a6e30c8b11839e3c0d2d7520984173a963474f1928c92a14c68e580fd
tcn,clean_only,202,bandpass_n20004_cV6_electrode_s20,phase2/results/predictions/full/clean_only/tcn/seed_202/bandpass_n20004_cV6_electrode_s20.npz,76414,2e6ea6db4adf855a64ba7fb116ef47cfbf2bf40cb1817f196c56175aea46123a
tcn,clean_only,202,bandpass_n20004_cV6_electrode_s15,phase2/results/predictions/full/clean_only/tcn/seed_202/bandpass_n20004_cV6_electrode_s15.npz,76456,0c08fd6fc9ead71c3d08eb0408d353c505b5b47c89603e74a1c9f5a24c11d198
tcn,clean_only,202,bandpass_n20004_cV6_electrode_s10,phase2/results/predictions/full/clean_only/tcn/seed_202/bandpass_n20004_cV6_electrode_s10.npz,76417,afbaba0eefff38c3b08e15da57609b697838ed7987ed4b82c6a1ca3a343bd6d3
tcn,clean_only,202,bandpass_n20004_cV6_electrode_s5,phase2/results/predictions/full/clean_only/tcn/seed_202/bandpass_n20004_cV6_electrode_s5.npz,76332,5922d05432fce3f8cce1a03ad512a172e2ef942941db4a65c6c904e3d4efebaa
tcn,clean_only,202,bandpass_n20004_cV6_electrode_s0,phase2/results/predictions/full/clean_only/tcn/seed_202/bandpass_n20004_cV6_electrode_s0.npz,76079,b7bc1a35183f73490d5f899d62515e6a4044f49cf569ec884583fb8423828df4
tcn,clean_only,202,bandpass_n20004_cV6_covariance_s20,phase2/results/predictions/full/clean_only/tcn/seed_202/bandpass_n20004_cV6_covariance_s20.npz,76424,354425eadb2a80eb66bfc857ce99358f951059821602a69a3268d65c7a6e0140
tcn,clean_only,202,bandpass_n20004_cV6_covariance_s15,phase2/results/predictions/full/clean_only/tcn/seed_202/bandpass_n20004_cV6_covariance_s15.npz,76399,1110ef46a431c6886831dae1343936b956da54a65abeffc93cac9d87df5584cb
tcn,clean_only,202,bandpass_n20004_cV6_covariance_s10,phase2/results/predictions/full/clean_only/tcn/seed_202/bandpass_n20004_cV6_covariance_s10.npz,76393,43a27f67799d2ba591df8869f626f1421c4f7589128fe942f11748ef62ac0f5d
tcn,clean_only,202,bandpass_n20004_cV6_covariance_s5,phase2/results/predictions/full/clean_only/tcn/seed_202/bandpass_n20004_cV6_covariance_s5.npz,76306,586d98ad419e4d94df90ed39de5d5611730bb0fe2b41f8d5c6aaa46e25ca1739
tcn,clean_only,202,bandpass_n20004_cV6_covariance_s0,phase2/results/predictions/full/clean_only/tcn/seed_202/bandpass_n20004_cV6_covariance_s0.npz,76043,088277a437818740058a9576922ba956baf559fc5e452db5057df41425493db3
tcn,clean_only,202,bandpass_n20004_cRA_LA_independent_rms_s20,phase2/results/predictions/full/clean_only/tcn/seed_202/bandpass_n20004_cRA_LA_independent_rms_s20.npz,76432,be0fddac79874dd5b86334be88fe26bc788da06719b2cdd90ce688558f433028
tcn,clean_only,202,bandpass_n20004_cRA_LA_independent_rms_s15,phase2/results/predictions/full/clean_only/tcn/seed_202/bandpass_n20004_cRA_LA_independent_rms_s15.npz,76432,8fd2cc67f6b0b9977408844472369353b87061537ce5d2fb9202b8c34e03deec
tcn,clean_only,202,bandpass_n20004_cRA_LA_independent_rms_s10,phase2/results/predictions/full/clean_only/tcn/seed_202/bandpass_n20004_cRA_LA_independent_rms_s10.npz,76411,184408c45de743bed4996c435c51edb6fad74d361e8174485566d2ffc1b4ba20
tcn,clean_only,202,bandpass_n20004_cRA_LA_independent_rms_s5,phase2/results/predictions/full/clean_only/tcn/seed_202/bandpass_n20004_cRA_LA_independent_rms_s5.npz,76206,9d2c31897df60c98c3111713cb00e56db93f3458ffc5bcf37dc44847215c824a
tcn,clean_only,202,bandpass_n20004_cRA_LA_independent_rms_s0,phase2/results/predictions/full/clean_only/tcn/seed_202/bandpass_n20004_cRA_LA_independent_rms_s0.npz,75831,a33d08d8455795132e65826f1e15b85eb8ffb70e98bee2d199fdd6082be2870f
tcn,clean_only,202,bandpass_n20004_cRA_LA_electrode_s20,phase2/results/predictions/full/clean_only/tcn/seed_202/bandpass_n20004_cRA_LA_electrode_s20.npz,76421,d0c63b9cbe754ebc7b43d340c226b0671c8e3835c8d2db94b62178334897ec69
tcn,clean_only,202,bandpass_n20004_cRA_LA_electrode_s15,phase2/results/predictions/full/clean_only/tcn/seed_202/bandpass_n20004_cRA_LA_electrode_s15.npz,76405,835153bdaab6c82511367c708d34d18e17cc97df935716c474919fbbb1b8a609
tcn,clean_only,202,bandpass_n20004_cRA_LA_electrode_s10,phase2/results/predictions/full/clean_only/tcn/seed_202/bandpass_n20004_cRA_LA_electrode_s10.npz,76328,56ec99ebc7f6d43abc1738ce9ed4925e8614863963e9fcd41c6b6baee722b367
tcn,clean_only,202,bandpass_n20004_cRA_LA_electrode_s5,phase2/results/predictions/full/clean_only/tcn/seed_202/bandpass_n20004_cRA_LA_electrode_s5.npz,76033,cce5c71ce72b2d4d5db845eebd52229deeea9010ab27cda7154039253d1bdd69
tcn,clean_only,202,bandpass_n20004_cRA_LA_electrode_s0,phase2/results/predictions/full/clean_only/tcn/seed_202/bandpass_n20004_cRA_LA_electrode_s0.npz,75537,968b82a5def0cf06f4a255c08782daac45a3737d748405c6bb846083e78638c3
tcn,clean_only,202,bandpass_n20004_cRA_LA_covariance_s20,phase2/results/predictions/full/clean_only/tcn/seed_202/bandpass_n20004_cRA_LA_covariance_s20.npz,76439,e6392517e85c3b4d256a9b96528ed7d64dc9e7f9b8787ac11467eef857a3476a
tcn,clean_only,202,bandpass_n20004_cRA_LA_covariance_s15,phase2/results/predictions/full/clean_only/tcn/seed_202/bandpass_n20004_cRA_LA_covariance_s15.npz,76419,74c27f873dea349c2ef76f514397ad1e42db4823a2be90ae3c8993bd319710c2
tcn,clean_only,202,bandpass_n20004_cRA_LA_covariance_s10,phase2/results/predictions/full/clean_only/tcn/seed_202/bandpass_n20004_cRA_LA_covariance_s10.npz,76316,f70e669db5a6fcfab7283177aacfa1a0abab013134194da9706f55089b3f2d8a
tcn,clean_only,202,bandpass_n20004_cRA_LA_covariance_s5,phase2/results/predictions/full/clean_only/tcn/seed_202/bandpass_n20004_cRA_LA_covariance_s5.npz,76045,794d4c69986e414efda1774a7532eedc79ccb49560f1b3b93aca3512f2e102e4
tcn,clean_only,202,bandpass_n20004_cRA_LA_covariance_s0,phase2/results/predictions/full/clean_only/tcn/seed_202/bandpass_n20004_cRA_LA_covariance_s0.npz,75549,960c4110dd5f7f540820c185cf5b0cfac320d704715c8b4c224198fa9a07228f
tcn,clean_only,202,bandpass_n20004_cLA_LL_independent_rms_s20,phase2/results/predictions/full/clean_only/tcn/seed_202/bandpass_n20004_cLA_LL_independent_rms_s20.npz,76433,9d1fa809a9e00151ed90829fd52324681768dd7b578fce1aa93b705778bae6da
tcn,clean_only,202,bandpass_n20004_cLA_LL_independent_rms_s15,phase2/results/predictions/full/clean_only/tcn/seed_202/bandpass_n20004_cLA_LL_independent_rms_s15.npz,76406,1b2aced7a8bdb680e7c4304461d2ebdfb3e40f99816836519f328988548357b7
tcn,clean_only,202,bandpass_n20004_cLA_LL_independent_rms_s10,phase2/results/predictions/full/clean_only/tcn/seed_202/bandpass_n20004_cLA_LL_independent_rms_s10.npz,76385,d831b64c246df7df1f00d4fc7be022842587c9df1597f2412b359a623abbac08
tcn,clean_only,202,bandpass_n20004_cLA_LL_independent_rms_s5,phase2/results/predictions/full/clean_only/tcn/seed_202/bandpass_n20004_cLA_LL_independent_rms_s5.npz,76217,0c9be66a9e41b7a41b95b5269550eee5a081affc4bfdac0ceed34d136e4e762b
tcn,clean_only,202,bandpass_n20004_cLA_LL_independent_rms_s0,phase2/results/predictions/full/clean_only/tcn/seed_202/bandpass_n20004_cLA_LL_independent_rms_s0.npz,75854,2524012b7b571d06503f9ffe63f14a139a6f9f9973d937583fad0337571ec076
tcn,clean_only,202,bandpass_n20004_cLA_LL_electrode_s20,phase2/results/predictions/full/clean_only/tcn/seed_202/bandpass_n20004_cLA_LL_electrode_s20.npz,76416,5af375dbd1c454cf4ca79d5fc7e087c6144f432182b23a25328e46bf19694b58
tcn,clean_only,202,bandpass_n20004_cLA_LL_electrode_s15,phase2/results/predictions/full/clean_only/tcn/seed_202/bandpass_n20004_cLA_LL_electrode_s15.npz,76424,e84419d24230b0c5c80b126a3d437a05d3bbff55ca2a5485d00ce4d0e7f9581d
tcn,clean_only,202,bandpass_n20004_cLA_LL_electrode_s10,phase2/results/predictions/full/clean_only/tcn/seed_202/bandpass_n20004_cLA_LL_electrode_s10.npz,76263,16fa1cc58a790f7d39efb32e485e43ecf219ffd7302a40c49fee6b16170b525e
tcn,clean_only,202,bandpass_n20004_cLA_LL_electrode_s5,phase2/results/predictions/full/clean_only/tcn/seed_202/bandpass_n20004_cLA_LL_electrode_s5.npz,75975,7f6e319f52165584bec2acca203527b495fdfc8f78ad1c9f4e4a4489ce27b00c
tcn,clean_only,202,bandpass_n20004_cLA_LL_electrode_s0,phase2/results/predictions/full/clean_only/tcn/seed_202/bandpass_n20004_cLA_LL_electrode_s0.npz,75874,34ea0d48572d2bb7a03791aecb40ef840901984782c90f090c1f063022caefaf
tcn,clean_only,202,bandpass_n20004_cLA_LL_covariance_s20,phase2/results/predictions/full/clean_only/tcn/seed_202/bandpass_n20004_cLA_LL_covariance_s20.npz,76451,11b001f659410d2a7be0e4062082bcfb206afc8e18fa69b908baf6ca850266d9
tcn,clean_only,202,bandpass_n20004_cLA_LL_covariance_s15,phase2/results/predictions/full/clean_only/tcn/seed_202/bandpass_n20004_cLA_LL_covariance_s15.npz,76408,fa7b5127bb90fa3bb13f184962967fc9b85f032f98e1c58f4a19f62e4c125d41
tcn,clean_only,202,bandpass_n20004_cLA_LL_covariance_s10,phase2/results/predictions/full/clean_only/tcn/seed_202/bandpass_n20004_cLA_LL_covariance_s10.npz,76257,045ddb6c7d2110b5e684177b459347a225d66cb684fb7b4cc32429180df7a989
tcn,clean_only,202,bandpass_n20004_cLA_LL_covariance_s5,phase2/results/predictions/full/clean_only/tcn/seed_202/bandpass_n20004_cLA_LL_covariance_s5.npz,75981,521fa8fa566da92cec4fa8a9b89dfca5b8fc83bcee5af1dafcb9244a7f710c89
tcn,clean_only,202,bandpass_n20004_cLA_LL_covariance_s0,phase2/results/predictions/full/clean_only/tcn/seed_202/bandpass_n20004_cLA_LL_covariance_s0.npz,75807,a38808b1768c180a458ee7f2842b1210dae2337d0bb91160617aa2cb9376f006
tcn,clean_only,202,bandpass_n20004_cRA_LL_independent_rms_s20,phase2/results/predictions/full/clean_only/tcn/seed_202/bandpass_n20004_cRA_LL_independent_rms_s20.npz,76441,a04fc77cf1bd6f8c4db760390aad3542351bf8ac755bea0774c0a51112e75661
tcn,clean_only,202,bandpass_n20004_cRA_LL_independent_rms_s15,phase2/results/predictions/full/clean_only/tcn/seed_202/bandpass_n20004_cRA_LL_independent_rms_s15.npz,76468,ea8e4786de147044327c23269fce887dc5dabddd4b087dd15967c6e51d45f0db
tcn,clean_only,202,bandpass_n20004_cRA_LL_independent_rms_s10,phase2/results/predictions/full/clean_only/tcn/seed_202/bandpass_n20004_cRA_LL_independent_rms_s10.npz,76403,f988b94bfdaf0692d2b14d7cb428d8df08834f32662de6df5472a34823b12a00
tcn,clean_only,202,bandpass_n20004_cRA_LL_independent_rms_s5,phase2/results/predictions/full/clean_only/tcn/seed_202/bandpass_n20004_cRA_LL_independent_rms_s5.npz,76205,9597d81a13c6fef93c35813270da19bf573da40f7a1ce177ba645ffce89ae676
tcn,clean_only,202,bandpass_n20004_cRA_LL_independent_rms_s0,phase2/results/predictions/full/clean_only/tcn/seed_202/bandpass_n20004_cRA_LL_independent_rms_s0.npz,75822,83a02fe8f52113279c3433f0284fe82a14105bf813185726e159691a41b736ec
tcn,clean_only,202,bandpass_n20004_cRA_LL_electrode_s20,phase2/results/predictions/full/clean_only/tcn/seed_202/bandpass_n20004_cRA_LL_electrode_s20.npz,76416,c2b05f5e24b3038ccf4550109d6a3d2340c12be4cdac42b3eef5abd16480e76a
tcn,clean_only,202,bandpass_n20004_cRA_LL_electrode_s15,phase2/results/predictions/full/clean_only/tcn/seed_202/bandpass_n20004_cRA_LL_electrode_s15.npz,76400,54f63f32ccd5d1ea3edc79d10b3466dea7ab0c375d83ec1c5c1b58094fc33a3e
tcn,clean_only,202,bandpass_n20004_cRA_LL_electrode_s10,phase2/results/predictions/full/clean_only/tcn/seed_202/bandpass_n20004_cRA_LL_electrode_s10.npz,76299,3f837ad52de32a77c72560ea2919dad9db4bac76918acabe342a31743b1780fd
tcn,clean_only,202,bandpass_n20004_cRA_LL_electrode_s5,phase2/results/predictions/full/clean_only/tcn/seed_202/bandpass_n20004_cRA_LL_electrode_s5.npz,76031,90e4e6cd5efb53b1d92cad2b4d329a53aebc67c7d76f928e35700a35e3f391d6
tcn,clean_only,202,bandpass_n20004_cRA_LL_electrode_s0,phase2/results/predictions/full/clean_only/tcn/seed_202/bandpass_n20004_cRA_LL_electrode_s0.npz,75673,87d729ab6651ed0aa97bc77dc79cef89637b53f4d819a02bc0cee4135b8466a1
tcn,clean_only,202,bandpass_n20004_cRA_LL_covariance_s20,phase2/results/predictions/full/clean_only/tcn/seed_202/bandpass_n20004_cRA_LL_covariance_s20.npz,76439,ae01156ea1f12ad998d457ec8cbb99b3d846a28e0235f22fdc9e2f2493a27dc8
tcn,clean_only,202,bandpass_n20004_cRA_LL_covariance_s15,phase2/results/predictions/full/clean_only/tcn/seed_202/bandpass_n20004_cRA_LL_covariance_s15.npz,76393,40bc32bf94af008e8a1778235f8e9189e15c1d8128d32da32ead944a91203f4d
tcn,clean_only,202,bandpass_n20004_cRA_LL_covariance_s10,phase2/results/predictions/full/clean_only/tcn/seed_202/bandpass_n20004_cRA_LL_covariance_s10.npz,76293,860634665ae1a1bb989af95d2c3927519b7fcfbae8df634484f534e997d80f8a
tcn,clean_only,202,bandpass_n20004_cRA_LL_covariance_s5,phase2/results/predictions/full/clean_only/tcn/seed_202/bandpass_n20004_cRA_LL_covariance_s5.npz,76061,5569d1d94ce666acfe5a233e224289d4d437914a59729e86769ab73167ce0626
tcn,clean_only,202,bandpass_n20004_cRA_LL_covariance_s0,phase2/results/predictions/full/clean_only/tcn/seed_202/bandpass_n20004_cRA_LL_covariance_s0.npz,75695,cb9fb0d29a55505d00d8fdfc777e48507bc37c42f4b7255903cb414c315e1e14
tcn,clean_only,202,bandpass_n20004_cRA_independent_rms_s20,phase2/results/predictions/full/clean_only/tcn/seed_202/bandpass_n20004_cRA_independent_rms_s20.npz,76433,ea3339720dce9e27613f21b040dafc3f7d71ad09c2cee5f19fb54cb2a53b6820
tcn,clean_only,202,bandpass_n20004_cRA_independent_rms_s15,phase2/results/predictions/full/clean_only/tcn/seed_202/bandpass_n20004_cRA_independent_rms_s15.npz,76432,d701862b08d5f97d9c6a35e0cb67f339290d07eb87cc704087d5fb571a2dbedb
tcn,clean_only,202,bandpass_n20004_cRA_independent_rms_s10,phase2/results/predictions/full/clean_only/tcn/seed_202/bandpass_n20004_cRA_independent_rms_s10.npz,76401,7498547a88ab92f007c49f3703f973957f5564a2abb3bb22181f490767ec7618
tcn,clean_only,202,bandpass_n20004_cRA_independent_rms_s5,phase2/results/predictions/full/clean_only/tcn/seed_202/bandpass_n20004_cRA_independent_rms_s5.npz,76180,a5bc811149ba752b6dd76c3f1874f3cd98d09fd7f9cc0895da65e1c2689cd9c4
tcn,clean_only,202,bandpass_n20004_cRA_independent_rms_s0,phase2/results/predictions/full/clean_only/tcn/seed_202/bandpass_n20004_cRA_independent_rms_s0.npz,75868,0724863a10988aaf56166d209c96670a2208b11acfcce5fa846168253a7b1528
tcn,clean_only,202,bandpass_n20004_cRA_electrode_s20,phase2/results/predictions/full/clean_only/tcn/seed_202/bandpass_n20004_cRA_electrode_s20.npz,76405,c103d39ada2289104750be6c7ccd0c56afdd587d343bca3f49e90953701f5531
tcn,clean_only,202,bandpass_n20004_cRA_electrode_s15,phase2/results/predictions/full/clean_only/tcn/seed_202/bandpass_n20004_cRA_electrode_s15.npz,76424,0410d24a90901ce5a458437f2addb6687040463f03b61458c1c30f31ce41fc44
tcn,clean_only,202,bandpass_n20004_cRA_electrode_s10,phase2/results/predictions/full/clean_only/tcn/seed_202/bandpass_n20004_cRA_electrode_s10.npz,76366,0bdda04efac3e5346da1bb54de9cca4428eecc5db5387c7b1bdef120f041987e
tcn,clean_only,202,bandpass_n20004_cRA_electrode_s5,phase2/results/predictions/full/clean_only/tcn/seed_202/bandpass_n20004_cRA_electrode_s5.npz,76180,a2b39c071db1f4bb45fccdcda6602743beb02559cc72f446b57e4c59613a548b
tcn,clean_only,202,bandpass_n20004_cRA_electrode_s0,phase2/results/predictions/full/clean_only/tcn/seed_202/bandpass_n20004_cRA_electrode_s0.npz,75820,15eb9738110c055e54948249712638b479cb702e92cd128c564d70b3b6ea081b
tcn,clean_only,202,bandpass_n20004_cRA_covariance_s20,phase2/results/predictions/full/clean_only/tcn/seed_202/bandpass_n20004_cRA_covariance_s20.npz,76442,63d4c26b432e6f8d0bcb236a4c0c0ead15ad3814c5d0d743ac00ff1637b079a6
tcn,clean_only,202,bandpass_n20004_cRA_covariance_s15,phase2/results/predictions/full/clean_only/tcn/seed_202/bandpass_n20004_cRA_covariance_s15.npz,76425,5432b3e19f3f60fba661b6470c7f19dbc78e1370c65580c0935d4b1d28e1b2af
tcn,clean_only,202,bandpass_n20004_cRA_covariance_s10,phase2/results/predictions/full/clean_only/tcn/seed_202/bandpass_n20004_cRA_covariance_s10.npz,76347,c5b8827dff651b7b5067c82b3d7df36dc46c265fe516e7cc0b014478fb92d9c7
tcn,clean_only,202,bandpass_n20004_cRA_covariance_s5,phase2/results/predictions/full/clean_only/tcn/seed_202/bandpass_n20004_cRA_covariance_s5.npz,76145,02e319cab6023a4242751f28313f881d67e2a6026384c14eab54c8f9585bc2d6
tcn,clean_only,202,bandpass_n20004_cRA_covariance_s0,phase2/results/predictions/full/clean_only/tcn/seed_202/bandpass_n20004_cRA_covariance_s0.npz,75829,98d35d888a4c55a4740e05e242ace10e8f885a0e18751248ac57c1c5dcd13572
tcn,clean_only,202,bandpass_n20004_cLA_independent_rms_s20,phase2/results/predictions/full/clean_only/tcn/seed_202/bandpass_n20004_cLA_independent_rms_s20.npz,76455,29fc207e72ba3a073003d6edde16bc67e9e7f55a244fdcd7c68abf615e8be55b
tcn,clean_only,202,bandpass_n20004_cLA_independent_rms_s15,phase2/results/predictions/full/clean_only/tcn/seed_202/bandpass_n20004_cLA_independent_rms_s15.npz,76445,118c5a8fc4a0ed720fb815c65a915150de01d9b35f7426f6adc2d2ea81b737cf
tcn,clean_only,202,bandpass_n20004_cLA_independent_rms_s10,phase2/results/predictions/full/clean_only/tcn/seed_202/bandpass_n20004_cLA_independent_rms_s10.npz,76439,8a9a0efc40d15350e944ad86b10d00bdadb4ca2e92c58a9530b23cdff57865e2
tcn,clean_only,202,bandpass_n20004_cLA_independent_rms_s5,phase2/results/predictions/full/clean_only/tcn/seed_202/bandpass_n20004_cLA_independent_rms_s5.npz,76227,568fe7f73a2a5e36ae8dc1458bf1656c2110384f96ffcc8eb94fbb3dd3d3f869
tcn,clean_only,202,bandpass_n20004_cLA_independent_rms_s0,phase2/results/predictions/full/clean_only/tcn/seed_202/bandpass_n20004_cLA_independent_rms_s0.npz,75892,6fc032494778a058f8a49b19131b9573b0ae369cee77cc9350543f7ec2c83ee3
tcn,clean_only,202,bandpass_n20004_cLA_electrode_s20,phase2/results/predictions/full/clean_only/tcn/seed_202/bandpass_n20004_cLA_electrode_s20.npz,76451,5a631d90a2f7509bc5d989e093e16b205d8e0cdfd0c281ee1d29cb1f4eaaf23d
tcn,clean_only,202,bandpass_n20004_cLA_electrode_s15,phase2/results/predictions/full/clean_only/tcn/seed_202/bandpass_n20004_cLA_electrode_s15.npz,76441,fed9113ee8e88110a7366e18fd9f39de33065653af5e96a4cfce28d164269a59
tcn,clean_only,202,bandpass_n20004_cLA_electrode_s10,phase2/results/predictions/full/clean_only/tcn/seed_202/bandpass_n20004_cLA_electrode_s10.npz,76267,9e318309993569a388752d184aa0c8ebf38fc0cfcb3cd592a8d2a02976ee4a43
tcn,clean_only,202,bandpass_n20004_cLA_electrode_s5,phase2/results/predictions/full/clean_only/tcn/seed_202/bandpass_n20004_cLA_electrode_s5.npz,76064,39de205e14831765f1bc9fc629f8f01221581868a432fad9d14a905a34960b2e
tcn,clean_only,202,bandpass_n20004_cLA_electrode_s0,phase2/results/predictions/full/clean_only/tcn/seed_202/bandpass_n20004_cLA_electrode_s0.npz,75864,65699524e70e51bc63dbebd29ee29520de66196aa9ec523f235e984158ce4885
tcn,clean_only,202,bandpass_n20004_cLA_covariance_s20,phase2/results/predictions/full/clean_only/tcn/seed_202/bandpass_n20004_cLA_covariance_s20.npz,76453,70f157fb127c1b33ac061f0f5c6f8a949774b7c52e263fb40914663ea8c47dca
tcn,clean_only,202,bandpass_n20004_cLA_covariance_s15,phase2/results/predictions/full/clean_only/tcn/seed_202/bandpass_n20004_cLA_covariance_s15.npz,76426,6b6e5100d31b3130f0dc7bd7586c4a3c6d9f478a2b1013e438ba45987531ea64
tcn,clean_only,202,bandpass_n20004_cLA_covariance_s10,phase2/results/predictions/full/clean_only/tcn/seed_202/bandpass_n20004_cLA_covariance_s10.npz,76293,c4794dd34b40729d7518a069599ebeb926e38691dbcab096950ad30b7b8baed2
tcn,clean_only,202,bandpass_n20004_cLA_covariance_s5,phase2/results/predictions/full/clean_only/tcn/seed_202/bandpass_n20004_cLA_covariance_s5.npz,76004,ee9329182800e512a24278de757c5ea0d2a029495fefb1cc01fbb73141d52764
tcn,clean_only,202,bandpass_n20004_cLA_covariance_s0,phase2/results/predictions/full/clean_only/tcn/seed_202/bandpass_n20004_cLA_covariance_s0.npz,75872,9514f64dea81d27527396dcf89fb25bb460b0a2c4cce4c7f983f87d45741abed
tcn,clean_only,202,bandpass_n20004_cLL_independent_rms_s20,phase2/results/predictions/full/clean_only/tcn/seed_202/bandpass_n20004_cLL_independent_rms_s20.npz,76430,eee87bfc5ef73b0a23468c200ed296aebd26a22434f80ff60da5a3e67cdabe2b
tcn,clean_only,202,bandpass_n20004_cLL_independent_rms_s15,phase2/results/predictions/full/clean_only/tcn/seed_202/bandpass_n20004_cLL_independent_rms_s15.npz,76453,3a6cce9a648abe7d9ec31487796726d551712785bfae5fd7d187561e4ee8d582
tcn,clean_only,202,bandpass_n20004_cLL_independent_rms_s10,phase2/results/predictions/full/clean_only/tcn/seed_202/bandpass_n20004_cLL_independent_rms_s10.npz,76383,e3b8e19073083670656948b3aa49cc0bced5aaf12bf6c0924fbfa43b2328aff5
tcn,clean_only,202,bandpass_n20004_cLL_independent_rms_s5,phase2/results/predictions/full/clean_only/tcn/seed_202/bandpass_n20004_cLL_independent_rms_s5.npz,76192,928d90091a40424c580e8cffb2d5003bab945e5e453573029d85ac6a1aa0326a
tcn,clean_only,202,bandpass_n20004_cLL_independent_rms_s0,phase2/results/predictions/full/clean_only/tcn/seed_202/bandpass_n20004_cLL_independent_rms_s0.npz,75814,c5bb4fe3edfe7e7a3655a9b8e0ea550915ac91cf26f050316deb249364bbe5b4
tcn,clean_only,202,bandpass_n20004_cLL_electrode_s20,phase2/results/predictions/full/clean_only/tcn/seed_202/bandpass_n20004_cLL_electrode_s20.npz,76395,5fd276f3005773a2eec2a162aa42d1779a6921fa0deebca798f6784f8d149eb8
tcn,clean_only,202,bandpass_n20004_cLL_electrode_s15,phase2/results/predictions/full/clean_only/tcn/seed_202/bandpass_n20004_cLL_electrode_s15.npz,76420,16847ce0951d0014782c98d9b6b099fd7b9b310ca2fb699b20c8ad8a273cf3a7
tcn,clean_only,202,bandpass_n20004_cLL_electrode_s10,phase2/results/predictions/full/clean_only/tcn/seed_202/bandpass_n20004_cLL_electrode_s10.npz,76271,455082468d221cafc047b33ae6d3a4ffef863fd7ed779302cd12ab0190f466d9
tcn,clean_only,202,bandpass_n20004_cLL_electrode_s5,phase2/results/predictions/full/clean_only/tcn/seed_202/bandpass_n20004_cLL_electrode_s5.npz,76018,299a1cf6d88f1d2c6992e8afef4114536ab3290c40720898c7b2664587e75a61
tcn,clean_only,202,bandpass_n20004_cLL_electrode_s0,phase2/results/predictions/full/clean_only/tcn/seed_202/bandpass_n20004_cLL_electrode_s0.npz,75799,a1a8f2099da3e24cdbd11f7fded5ec4b5ff4d33f92831f648d0db012a8322ffa
tcn,clean_only,202,bandpass_n20004_cLL_covariance_s20,phase2/results/predictions/full/clean_only/tcn/seed_202/bandpass_n20004_cLL_covariance_s20.npz,76421,001e2b60fab57cdf0380669b180dfca2d73260a809235f2a8d81f704deaaee1c
tcn,clean_only,202,bandpass_n20004_cLL_covariance_s15,phase2/results/predictions/full/clean_only/tcn/seed_202/bandpass_n20004_cLL_covariance_s15.npz,76450,7dbe783e38c71a58756177d6ec5fc6fe2d9fe8cbe69a91819dc73f3685504b00
tcn,clean_only,202,bandpass_n20004_cLL_covariance_s10,phase2/results/predictions/full/clean_only/tcn/seed_202/bandpass_n20004_cLL_covariance_s10.npz,76264,2860a863041bd734e7a2e36d53d103703e74ecc93b62bdcb3cc05b651e49477d
tcn,clean_only,202,bandpass_n20004_cLL_covariance_s5,phase2/results/predictions/full/clean_only/tcn/seed_202/bandpass_n20004_cLL_covariance_s5.npz,75998,2619536645353d4a27104e67912570270b0a24e2cb35f937da558df9e1595bb0
tcn,clean_only,202,bandpass_n20004_cLL_covariance_s0,phase2/results/predictions/full/clean_only/tcn/seed_202/bandpass_n20004_cLL_covariance_s0.npz,75871,84e57d2012e78771e76443f29b40c0d584b97929be884f93fe094d6a90db6fad
tcn,clean_only,202,bandpass_n20004_cRA_V1_independent_rms_s20,phase2/results/predictions/full/clean_only/tcn/seed_202/bandpass_n20004_cRA_V1_independent_rms_s20.npz,76445,6252d2649351a2e7733f1a4ae754c8cd735650949f1ba428d13101f3481bfa6a
tcn,clean_only,202,bandpass_n20004_cRA_V1_independent_rms_s15,phase2/results/predictions/full/clean_only/tcn/seed_202/bandpass_n20004_cRA_V1_independent_rms_s15.npz,76412,0fb793aa5f4533ecc7e4e3ec5b3de06314c01e93b4f05c483e34c467c746da4e
tcn,clean_only,202,bandpass_n20004_cRA_V1_independent_rms_s10,phase2/results/predictions/full/clean_only/tcn/seed_202/bandpass_n20004_cRA_V1_independent_rms_s10.npz,76411,5e405fa3502ed40c9a827d176f6b6f11010331d8e8cd69f15cb43ceabc50e2fe
tcn,clean_only,202,bandpass_n20004_cRA_V1_independent_rms_s5,phase2/results/predictions/full/clean_only/tcn/seed_202/bandpass_n20004_cRA_V1_independent_rms_s5.npz,76216,2911ac24c98af316fd8f8272e2841b96d58bd802a26d942673d60d193808d2d8
tcn,clean_only,202,bandpass_n20004_cRA_V1_independent_rms_s0,phase2/results/predictions/full/clean_only/tcn/seed_202/bandpass_n20004_cRA_V1_independent_rms_s0.npz,75771,c83dc49438a7c62e1d19ef2df7cf60317b23e15ba11c2c4352318957e1bf21f4
tcn,clean_only,202,bandpass_n20004_cRA_V1_electrode_s20,phase2/results/predictions/full/clean_only/tcn/seed_202/bandpass_n20004_cRA_V1_electrode_s20.npz,76439,4dc8eed477a4edc11f7a4e04663125cb31b19d109e708c83d06d40ade3b9320c
tcn,clean_only,202,bandpass_n20004_cRA_V1_electrode_s15,phase2/results/predictions/full/clean_only/tcn/seed_202/bandpass_n20004_cRA_V1_electrode_s15.npz,76395,f79791f628e3143425d21de1837a5b10fbe4c388c79baace8eb293e3d97d17b8
tcn,clean_only,202,bandpass_n20004_cRA_V1_electrode_s10,phase2/results/predictions/full/clean_only/tcn/seed_202/bandpass_n20004_cRA_V1_electrode_s10.npz,76348,54ce7c27ac989224adaaffd2a560225408038fd4d6c5f242982b0f225323fcf3
tcn,clean_only,202,bandpass_n20004_cRA_V1_electrode_s5,phase2/results/predictions/full/clean_only/tcn/seed_202/bandpass_n20004_cRA_V1_electrode_s5.npz,76147,a571efc78577bc0b3ac5c92016f54785b19221fcb0ed1fd5f41c5b337bdb29df
tcn,clean_only,202,bandpass_n20004_cRA_V1_electrode_s0,phase2/results/predictions/full/clean_only/tcn/seed_202/bandpass_n20004_cRA_V1_electrode_s0.npz,75717,137cf16a143b7c90559a66686b83db4ace160b433e4134b63ad570165967a6b2
tcn,clean_only,202,bandpass_n20004_cRA_V1_covariance_s20,phase2/results/predictions/full/clean_only/tcn/seed_202/bandpass_n20004_cRA_V1_covariance_s20.npz,76443,1393e72df9b77265fefec771af3166516a4392fc4155b9b02fa45b34bdd534e7
tcn,clean_only,202,bandpass_n20004_cRA_V1_covariance_s15,phase2/results/predictions/full/clean_only/tcn/seed_202/bandpass_n20004_cRA_V1_covariance_s15.npz,76467,d02d609c2bb72a34593b5472ae97920ce3dfe51e961457cab765828ab6ff4efe
tcn,clean_only,202,bandpass_n20004_cRA_V1_covariance_s10,phase2/results/predictions/full/clean_only/tcn/seed_202/bandpass_n20004_cRA_V1_covariance_s10.npz,76361,7da13bca77ba1c500dac7624f357e691cca761b794fc45687b037e731c8346b4
tcn,clean_only,202,bandpass_n20004_cRA_V1_covariance_s5,phase2/results/predictions/full/clean_only/tcn/seed_202/bandpass_n20004_cRA_V1_covariance_s5.npz,76153,34a17dc0f3604b66b98ea17cc58580c4ce12f061c89710fa2f7934cf32816b2b
tcn,clean_only,202,bandpass_n20004_cRA_V1_covariance_s0,phase2/results/predictions/full/clean_only/tcn/seed_202/bandpass_n20004_cRA_V1_covariance_s0.npz,75703,1ce744629d2bd38523f0dcfbaffa918a1d2d1af6237b7ac2bc258130d8581a3f
tcn,clean_only,202,bandpass_n20004_cLA_V6_independent_rms_s20,phase2/results/predictions/full/clean_only/tcn/seed_202/bandpass_n20004_cLA_V6_independent_rms_s20.npz,76431,b42326615eb1ba6c53b0349ffa1e73454474b95701577db08fb0b69a9453019b
tcn,clean_only,202,bandpass_n20004_cLA_V6_independent_rms_s15,phase2/results/predictions/full/clean_only/tcn/seed_202/bandpass_n20004_cLA_V6_independent_rms_s15.npz,76458,1cd3d9e74c19988dd3433255bb7124b08eb672e78dc49b607feed10d62b282ff
tcn,clean_only,202,bandpass_n20004_cLA_V6_independent_rms_s10,phase2/results/predictions/full/clean_only/tcn/seed_202/bandpass_n20004_cLA_V6_independent_rms_s10.npz,76439,de819386d53f07d4e5eab359f37f1be46c7e973e46e2834a11fa38366d3bf17a
tcn,clean_only,202,bandpass_n20004_cLA_V6_independent_rms_s5,phase2/results/predictions/full/clean_only/tcn/seed_202/bandpass_n20004_cLA_V6_independent_rms_s5.npz,76277,f1441c27d47ce0240f5e50ed671a457bd5a31b25f61ce6bfedd81f3f69874d03
tcn,clean_only,202,bandpass_n20004_cLA_V6_independent_rms_s0,phase2/results/predictions/full/clean_only/tcn/seed_202/bandpass_n20004_cLA_V6_independent_rms_s0.npz,75895,686b1a54979533853a86f4222e2e44d1d343583882601b7ba073f75700a9e57e
tcn,clean_only,202,bandpass_n20004_cLA_V6_electrode_s20,phase2/results/predictions/full/clean_only/tcn/seed_202/bandpass_n20004_cLA_V6_electrode_s20.npz,76441,ad93e7342f18eb833027996db7efdcbcd869991edfb721e52c85675c8ac3e0d3
tcn,clean_only,202,bandpass_n20004_cLA_V6_electrode_s15,phase2/results/predictions/full/clean_only/tcn/seed_202/bandpass_n20004_cLA_V6_electrode_s15.npz,76452,ba24121322d6650331bf4180edd6d6d099c2a9b941957d508561bb6f703135bb
tcn,clean_only,202,bandpass_n20004_cLA_V6_electrode_s10,phase2/results/predictions/full/clean_only/tcn/seed_202/bandpass_n20004_cLA_V6_electrode_s10.npz,76297,95cc959265741437b091fdb4b00827321cf455070491340b16d4453da4443db5
tcn,clean_only,202,bandpass_n20004_cLA_V6_electrode_s5,phase2/results/predictions/full/clean_only/tcn/seed_202/bandpass_n20004_cLA_V6_electrode_s5.npz,76054,ef12f7c69dc6ef5f9309d87d5d29732d05a8812e78def76a197e54492431790f
tcn,clean_only,202,bandpass_n20004_cLA_V6_electrode_s0,phase2/results/predictions/full/clean_only/tcn/seed_202/bandpass_n20004_cLA_V6_electrode_s0.npz,75848,f239aff22e57444116e974d4347cb9303f81bc1798e82f6378c0ce834e4c437b
tcn,clean_only,202,bandpass_n20004_cLA_V6_covariance_s20,phase2/results/predictions/full/clean_only/tcn/seed_202/bandpass_n20004_cLA_V6_covariance_s20.npz,76447,dfe31f8737297453b52bde0bd150c9db63f8fa19ec4a0b9854998fa3a3e2fbab
tcn,clean_only,202,bandpass_n20004_cLA_V6_covariance_s15,phase2/results/predictions/full/clean_only/tcn/seed_202/bandpass_n20004_cLA_V6_covariance_s15.npz,76425,d9368550cb1a3c2eb0bdedb5a8628b64447a05ff2c1c16c8801685fc4ca0d843
tcn,clean_only,202,bandpass_n20004_cLA_V6_covariance_s10,phase2/results/predictions/full/clean_only/tcn/seed_202/bandpass_n20004_cLA_V6_covariance_s10.npz,76346,7e645f0fcd8beb0e62e84936a5b23878c50798613963a87494d3490306b02cd5
tcn,clean_only,202,bandpass_n20004_cLA_V6_covariance_s5,phase2/results/predictions/full/clean_only/tcn/seed_202/bandpass_n20004_cLA_V6_covariance_s5.npz,76034,8ead56f6ad9790069737fc4a0522a6df3fd1029f60d3dfe516f01e4046512098
tcn,clean_only,202,bandpass_n20004_cLA_V6_covariance_s0,phase2/results/predictions/full/clean_only/tcn/seed_202/bandpass_n20004_cLA_V6_covariance_s0.npz,75834,69dbd21456e8553596bdbef36dfb0b2debbce83916e007276ee19979edf95721
tcn,clean_only,202,bandpass_n20004_cLL_V4_independent_rms_s20,phase2/results/predictions/full/clean_only/tcn/seed_202/bandpass_n20004_cLL_V4_independent_rms_s20.npz,76428,a4c7b36fd493295697d486139aa6b820e2adbf5a1d3c5986ea2ad99d6011d8a6
tcn,clean_only,202,bandpass_n20004_cLL_V4_independent_rms_s15,phase2/results/predictions/full/clean_only/tcn/seed_202/bandpass_n20004_cLL_V4_independent_rms_s15.npz,76425,2db20e0f948635a379a9e3d4fc4a1c3cf2e8f7ef41746c6e67868ff66bf23cf5
tcn,clean_only,202,bandpass_n20004_cLL_V4_independent_rms_s10,phase2/results/predictions/full/clean_only/tcn/seed_202/bandpass_n20004_cLL_V4_independent_rms_s10.npz,76394,e02e1e7cff29a6f5770e34ffc64b74c2a416a8f1b7bbb1a2f0adc50e92cb9f0a
tcn,clean_only,202,bandpass_n20004_cLL_V4_independent_rms_s5,phase2/results/predictions/full/clean_only/tcn/seed_202/bandpass_n20004_cLL_V4_independent_rms_s5.npz,76169,366ab3b32e2708ef843b0357d45ba7e9aa33a855df47278c7fd2386e5e1c1af5
tcn,clean_only,202,bandpass_n20004_cLL_V4_independent_rms_s0,phase2/results/predictions/full/clean_only/tcn/seed_202/bandpass_n20004_cLL_V4_independent_rms_s0.npz,75836,bd33d41c6232b0d843c0a4a7140341ef75aa914bcc0c913242c281cca187a581
tcn,clean_only,202,bandpass_n20004_cLL_V4_electrode_s20,phase2/results/predictions/full/clean_only/tcn/seed_202/bandpass_n20004_cLL_V4_electrode_s20.npz,76415,c6741c0dbb37ef918be9fc175619897415fcd715017b07f4816001882496c176
tcn,clean_only,202,bandpass_n20004_cLL_V4_electrode_s15,phase2/results/predictions/full/clean_only/tcn/seed_202/bandpass_n20004_cLL_V4_electrode_s15.npz,76408,a2f015fe9c75846892d66d377b28b3c664463857c7b6b9311a018dd3e65c5b0e
tcn,clean_only,202,bandpass_n20004_cLL_V4_electrode_s10,phase2/results/predictions/full/clean_only/tcn/seed_202/bandpass_n20004_cLL_V4_electrode_s10.npz,76289,4eaddbf77cbb0e7f934c08ef4fa7605d9436dc999df1fe585b0a6589c7ff541b
tcn,clean_only,202,bandpass_n20004_cLL_V4_electrode_s5,phase2/results/predictions/full/clean_only/tcn/seed_202/bandpass_n20004_cLL_V4_electrode_s5.npz,76018,c091834aeb7302f03d558998e768af887795254ec8460de728560dbc324393be
tcn,clean_only,202,bandpass_n20004_cLL_V4_electrode_s0,phase2/results/predictions/full/clean_only/tcn/seed_202/bandpass_n20004_cLL_V4_electrode_s0.npz,75883,8c905c3233dbc5721a61a1425b41f0bc12859b2cf3d5647cb69d5532601ff853
tcn,clean_only,202,bandpass_n20004_cLL_V4_covariance_s20,phase2/results/predictions/full/clean_only/tcn/seed_202/bandpass_n20004_cLL_V4_covariance_s20.npz,76404,0b5ac396ee69bd6a73f423bf7b600fd3f29a85503411e954f210850c7071ae9a
tcn,clean_only,202,bandpass_n20004_cLL_V4_covariance_s15,phase2/results/predictions/full/clean_only/tcn/seed_202/bandpass_n20004_cLL_V4_covariance_s15.npz,76389,2735dc3a72a106e47afa6a5d73697e665a531d5460ebddaf778653808f9aa729
tcn,clean_only,202,bandpass_n20004_cLL_V4_covariance_s10,phase2/results/predictions/full/clean_only/tcn/seed_202/bandpass_n20004_cLL_V4_covariance_s10.npz,76293,271f2b7b8c50de6533bc3715bf989491aa68d907ac193f38ecc6dadc266f3857
tcn,clean_only,202,bandpass_n20004_cLL_V4_covariance_s5,phase2/results/predictions/full/clean_only/tcn/seed_202/bandpass_n20004_cLL_V4_covariance_s5.npz,76028,136930d99fa223dd8d0a0d6bb7f8725ec54ed22e9f9b5dfc6fea22262c6a4f58
tcn,clean_only,202,bandpass_n20004_cLL_V4_covariance_s0,phase2/results/predictions/full/clean_only/tcn/seed_202/bandpass_n20004_cLL_V4_covariance_s0.npz,75857,c26eab1d1e029747d1141878fd39ec93e0a07451629c2831071c2b8c7961620e
tcn,clean_only,202,bandpass_n20004_cRA_LA_V1_V6_independent_rms_s20,phase2/results/predictions/full/clean_only/tcn/seed_202/bandpass_n20004_cRA_LA_V1_V6_independent_rms_s20.npz,76419,1476a85f1ad7cc88b6d5505cbbd99aa3d35344471c22ee25987fa421b894b9e8
tcn,clean_only,202,bandpass_n20004_cRA_LA_V1_V6_independent_rms_s15,phase2/results/predictions/full/clean_only/tcn/seed_202/bandpass_n20004_cRA_LA_V1_V6_independent_rms_s15.npz,76492,ae010539b376b2c6f6c2fd2c6cec71702b07b3d30b1beafec406c370dd8edc8e
tcn,clean_only,202,bandpass_n20004_cRA_LA_V1_V6_independent_rms_s10,phase2/results/predictions/full/clean_only/tcn/seed_202/bandpass_n20004_cRA_LA_V1_V6_independent_rms_s10.npz,76441,26657b76bf6452f9b480552de20c5a08aa5427930c982e328e4575dbeb28770b
tcn,clean_only,202,bandpass_n20004_cRA_LA_V1_V6_independent_rms_s5,phase2/results/predictions/full/clean_only/tcn/seed_202/bandpass_n20004_cRA_LA_V1_V6_independent_rms_s5.npz,76257,3c975bafb1da58426ad8c3e76c4cca26afcdf882f47f4e2df1d61ba05eb57edf
tcn,clean_only,202,bandpass_n20004_cRA_LA_V1_V6_independent_rms_s0,phase2/results/predictions/full/clean_only/tcn/seed_202/bandpass_n20004_cRA_LA_V1_V6_independent_rms_s0.npz,75840,1c47c29f5a88fddf3e7bc460c74321a9e80f570c5ea7cc176bcf506c2b391fc7
tcn,clean_only,202,bandpass_n20004_cRA_LA_V1_V6_electrode_s20,phase2/results/predictions/full/clean_only/tcn/seed_202/bandpass_n20004_cRA_LA_V1_V6_electrode_s20.npz,76451,c1901a1e28ec0b6fffd6d1f8fe94b6aed089fb5325f9ad0739a80fda8aefed3a
tcn,clean_only,202,bandpass_n20004_cRA_LA_V1_V6_electrode_s15,phase2/results/predictions/full/clean_only/tcn/seed_202/bandpass_n20004_cRA_LA_V1_V6_electrode_s15.npz,76436,3da7190f5112df251ebcdebbb5a7a3cf43e991f29f14d7c4fe15b4444fcf7cb7
tcn,clean_only,202,bandpass_n20004_cRA_LA_V1_V6_electrode_s10,phase2/results/predictions/full/clean_only/tcn/seed_202/bandpass_n20004_cRA_LA_V1_V6_electrode_s10.npz,76375,4247e8a37f6b6861f107889ec925353c9534cfeed727d973707b79e0bfe62c33
tcn,clean_only,202,bandpass_n20004_cRA_LA_V1_V6_electrode_s5,phase2/results/predictions/full/clean_only/tcn/seed_202/bandpass_n20004_cRA_LA_V1_V6_electrode_s5.npz,76103,8694bb13a87c4316431a05b9e25efdabd97f3d9d3049eddcfe869fcbf6ca11e1
tcn,clean_only,202,bandpass_n20004_cRA_LA_V1_V6_electrode_s0,phase2/results/predictions/full/clean_only/tcn/seed_202/bandpass_n20004_cRA_LA_V1_V6_electrode_s0.npz,75561,0fadb42c53a8bc9145b631082dc562275b83d0bc746dc238d5955d6b17f74f93
tcn,clean_only,202,bandpass_n20004_cRA_LA_V1_V6_covariance_s20,phase2/results/predictions/full/clean_only/tcn/seed_202/bandpass_n20004_cRA_LA_V1_V6_covariance_s20.npz,76444,cab03eed15a417f0de3ed1683ae943444897eff04183e9951da00394124c720a
tcn,clean_only,202,bandpass_n20004_cRA_LA_V1_V6_covariance_s15,phase2/results/predictions/full/clean_only/tcn/seed_202/bandpass_n20004_cRA_LA_V1_V6_covariance_s15.npz,76459,8604d591b05df16f21a3e0f0f28ce1fbf6220ed34e6d476bd8652c995acb4973
tcn,clean_only,202,bandpass_n20004_cRA_LA_V1_V6_covariance_s10,phase2/results/predictions/full/clean_only/tcn/seed_202/bandpass_n20004_cRA_LA_V1_V6_covariance_s10.npz,76349,9c1449dd30e9913ee1e62efcfe2b7e834caf293f555c23d2bd4bd11cd053942c
tcn,clean_only,202,bandpass_n20004_cRA_LA_V1_V6_covariance_s5,phase2/results/predictions/full/clean_only/tcn/seed_202/bandpass_n20004_cRA_LA_V1_V6_covariance_s5.npz,76107,7f464363fabdc56e2eb262f047a713c4b6c5b8b76b40d0df46164f9ab76f027e
tcn,clean_only,202,bandpass_n20004_cRA_LA_V1_V6_covariance_s0,phase2/results/predictions/full/clean_only/tcn/seed_202/bandpass_n20004_cRA_LA_V1_V6_covariance_s0.npz,75572,8393bc6e8866bc4517cb38b4efec3f5d92879c161f0281125bda0d6c968ad32f
tcn,clean_only,202,bandpass_n20004_cRA_V2_V5_independent_rms_s20,phase2/results/predictions/full/clean_only/tcn/seed_202/bandpass_n20004_cRA_V2_V5_independent_rms_s20.npz,76484,2dc38d61965a9e8e274ad86c224cfd175fadf32fe2670069392686149282d2d1
tcn,clean_only,202,bandpass_n20004_cRA_V2_V5_independent_rms_s15,phase2/results/predictions/full/clean_only/tcn/seed_202/bandpass_n20004_cRA_V2_V5_independent_rms_s15.npz,76452,747ff51a132576d6e9ab019ae9d02c64c96ec8a5b6eaf3bf6fbfa088d6de1762
tcn,clean_only,202,bandpass_n20004_cRA_V2_V5_independent_rms_s10,phase2/results/predictions/full/clean_only/tcn/seed_202/bandpass_n20004_cRA_V2_V5_independent_rms_s10.npz,76435,0e3ef0f502fcd9618c0e303e76dbf5100648911d29a0eac8f6a4001d5b504784
tcn,clean_only,202,bandpass_n20004_cRA_V2_V5_independent_rms_s5,phase2/results/predictions/full/clean_only/tcn/seed_202/bandpass_n20004_cRA_V2_V5_independent_rms_s5.npz,76211,238a8222eb987c4776be9768e2ede6e9d67d5aa5d6fa6300333df6b852ff4563
tcn,clean_only,202,bandpass_n20004_cRA_V2_V5_independent_rms_s0,phase2/results/predictions/full/clean_only/tcn/seed_202/bandpass_n20004_cRA_V2_V5_independent_rms_s0.npz,75870,994074c3bea39bf547c888fa586361c40beda7225c5717d504afd9ff431f3c1e
tcn,clean_only,202,bandpass_n20004_cRA_V2_V5_electrode_s20,phase2/results/predictions/full/clean_only/tcn/seed_202/bandpass_n20004_cRA_V2_V5_electrode_s20.npz,76438,36f358a0c6dde1df4f5bcb391ab4523f9865c317b6a21a3fd71e9dcd0e687f5b
tcn,clean_only,202,bandpass_n20004_cRA_V2_V5_electrode_s15,phase2/results/predictions/full/clean_only/tcn/seed_202/bandpass_n20004_cRA_V2_V5_electrode_s15.npz,76452,0580eaa70603e028f52d29ea4b2469fb73a4daf1e1157ab23c2ea88883213820
tcn,clean_only,202,bandpass_n20004_cRA_V2_V5_electrode_s10,phase2/results/predictions/full/clean_only/tcn/seed_202/bandpass_n20004_cRA_V2_V5_electrode_s10.npz,76385,2de9092f975ba79cd45c2c097e665944a2451bb606c7dacad0becb105385d653
tcn,clean_only,202,bandpass_n20004_cRA_V2_V5_electrode_s5,phase2/results/predictions/full/clean_only/tcn/seed_202/bandpass_n20004_cRA_V2_V5_electrode_s5.npz,76207,070331124a46d3f8c29821a7182a585ce41bf79793d49f3a740ce0f1d419b012
tcn,clean_only,202,bandpass_n20004_cRA_V2_V5_electrode_s0,phase2/results/predictions/full/clean_only/tcn/seed_202/bandpass_n20004_cRA_V2_V5_electrode_s0.npz,75847,ce931a8c315ff2c28d9f95edf79d3ae5a823e0d2810e4d75007ceb5358651445
tcn,clean_only,202,bandpass_n20004_cRA_V2_V5_covariance_s20,phase2/results/predictions/full/clean_only/tcn/seed_202/bandpass_n20004_cRA_V2_V5_covariance_s20.npz,76461,5fd7bb1c5ff98e09b37e6d2f9a33bd9d989784e2f632d7628608bb3bdac6c567
tcn,clean_only,202,bandpass_n20004_cRA_V2_V5_covariance_s15,phase2/results/predictions/full/clean_only/tcn/seed_202/bandpass_n20004_cRA_V2_V5_covariance_s15.npz,76439,73973d3e46eea3cb770f73cf9bb8522659be66cc07043f755c99c2c824a68dd1
tcn,clean_only,202,bandpass_n20004_cRA_V2_V5_covariance_s10,phase2/results/predictions/full/clean_only/tcn/seed_202/bandpass_n20004_cRA_V2_V5_covariance_s10.npz,76377,8b9051cda0ebe25139559cccfa3048a881052b111088d5766f1ec964984c519f
tcn,clean_only,202,bandpass_n20004_cRA_V2_V5_covariance_s5,phase2/results/predictions/full/clean_only/tcn/seed_202/bandpass_n20004_cRA_V2_V5_covariance_s5.npz,76190,5764e8f3ea3839f4e3f7afc43fc442f54a9ca3102d597e599eb3b2abd1c887e8
tcn,clean_only,202,bandpass_n20004_cRA_V2_V5_covariance_s0,phase2/results/predictions/full/clean_only/tcn/seed_202/bandpass_n20004_cRA_V2_V5_covariance_s0.npz,75864,8582e9bebbfe2b20ccfdde3922266c03e5f0102e74e9d985f30c02cd9178a837
tcn,clean_only,202,bandpass_n20004_cLA_V3_V6_independent_rms_s20,phase2/results/predictions/full/clean_only/tcn/seed_202/bandpass_n20004_cLA_V3_V6_independent_rms_s20.npz,76445,b22a9b1839feef5f0fcbd095bc13857ec24fcb5d0b765e1e4d9873e8ce735808
tcn,clean_only,202,bandpass_n20004_cLA_V3_V6_independent_rms_s15,phase2/results/predictions/full/clean_only/tcn/seed_202/bandpass_n20004_cLA_V3_V6_independent_rms_s15.npz,76460,a25c483239dbf406076e1fd3d58a1c574d56270bb03ba9997e7979ae50d88dc5
tcn,clean_only,202,bandpass_n20004_cLA_V3_V6_independent_rms_s10,phase2/results/predictions/full/clean_only/tcn/seed_202/bandpass_n20004_cLA_V3_V6_independent_rms_s10.npz,76433,b4657e454749d03eb3ca20718c74453180dc7ff988096b6c299ba41b2c9cb984
tcn,clean_only,202,bandpass_n20004_cLA_V3_V6_independent_rms_s5,phase2/results/predictions/full/clean_only/tcn/seed_202/bandpass_n20004_cLA_V3_V6_independent_rms_s5.npz,76239,8496963ee184632160cff1c4b8de35636fcaa2d22c5738bad36c21910cf29dbc
tcn,clean_only,202,bandpass_n20004_cLA_V3_V6_independent_rms_s0,phase2/results/predictions/full/clean_only/tcn/seed_202/bandpass_n20004_cLA_V3_V6_independent_rms_s0.npz,75934,33ce0b619192a71ebabf2524b2088fd1b46a96e4acda745a523385e87579f9a5
tcn,clean_only,202,bandpass_n20004_cLA_V3_V6_electrode_s20,phase2/results/predictions/full/clean_only/tcn/seed_202/bandpass_n20004_cLA_V3_V6_electrode_s20.npz,76453,32fe7d0aac20569166ce014a3924c7b6bdd2d8994d077de5cdc5d98f46a2efa3
tcn,clean_only,202,bandpass_n20004_cLA_V3_V6_electrode_s15,phase2/results/predictions/full/clean_only/tcn/seed_202/bandpass_n20004_cLA_V3_V6_electrode_s15.npz,76435,be40534e1dd5114a4c893e6277887b85157c2f2385e49e2ecd9f413a62c3b32a
tcn,clean_only,202,bandpass_n20004_cLA_V3_V6_electrode_s10,phase2/results/predictions/full/clean_only/tcn/seed_202/bandpass_n20004_cLA_V3_V6_electrode_s10.npz,76332,74bfd989e602a9263ab87013d1926660908d985050d9bacbe3a71391dc4ac9b5
tcn,clean_only,202,bandpass_n20004_cLA_V3_V6_electrode_s5,phase2/results/predictions/full/clean_only/tcn/seed_202/bandpass_n20004_cLA_V3_V6_electrode_s5.npz,76110,b86c45bfbc8254e4e5f97c3d99040b05444fa9c9ae334957ab5a6f6918c5f430
tcn,clean_only,202,bandpass_n20004_cLA_V3_V6_electrode_s0,phase2/results/predictions/full/clean_only/tcn/seed_202/bandpass_n20004_cLA_V3_V6_electrode_s0.npz,75818,b18f4b5c871a7b7bcb1be18c83c30a1d43ffdb2cd7f3a627e9ba6fd4dfc6e099
tcn,clean_only,202,bandpass_n20004_cLA_V3_V6_covariance_s20,phase2/results/predictions/full/clean_only/tcn/seed_202/bandpass_n20004_cLA_V3_V6_covariance_s20.npz,76474,0cb6f48152c625bb9bef70d2fd26d343d75d99f8b6f3db8db2bb6c511ff9b058
tcn,clean_only,202,bandpass_n20004_cLA_V3_V6_covariance_s15,phase2/results/predictions/full/clean_only/tcn/seed_202/bandpass_n20004_cLA_V3_V6_covariance_s15.npz,76440,17635897fd71161661bfca3b318225ce001bc3fefa3f2124f43edd924cce7e43
tcn,clean_only,202,bandpass_n20004_cLA_V3_V6_covariance_s10,phase2/results/predictions/full/clean_only/tcn/seed_202/bandpass_n20004_cLA_V3_V6_covariance_s10.npz,76370,a9849999a1da6e3a50b6f994a28c540f735a07587442d83d4dc408144e3b3e58
tcn,clean_only,202,bandpass_n20004_cLA_V3_V6_covariance_s5,phase2/results/predictions/full/clean_only/tcn/seed_202/bandpass_n20004_cLA_V3_V6_covariance_s5.npz,76126,7665a4961d247108b38d92b76274ea97dda9c42200be68afbcef8776c850bcfd
tcn,clean_only,202,bandpass_n20004_cLA_V3_V6_covariance_s0,phase2/results/predictions/full/clean_only/tcn/seed_202/bandpass_n20004_cLA_V3_V6_covariance_s0.npz,75781,598f5da919dc433c087354f1a57ce5957f878b84ad37f169b22c9fb0ae3972d7
tcn,clean_only,202,bandpass_n20004_cLL_V1_V4_independent_rms_s20,phase2/results/predictions/full/clean_only/tcn/seed_202/bandpass_n20004_cLL_V1_V4_independent_rms_s20.npz,76440,739efc8af31793c1aba3906890167cc7505dfed76cd2e846fbc546ca073fab21
tcn,clean_only,202,bandpass_n20004_cLL_V1_V4_independent_rms_s15,phase2/results/predictions/full/clean_only/tcn/seed_202/bandpass_n20004_cLL_V1_V4_independent_rms_s15.npz,76452,40e994556502057739d53f40bd71ecba94e1aab96b221518d74daed77b90c793
tcn,clean_only,202,bandpass_n20004_cLL_V1_V4_independent_rms_s10,phase2/results/predictions/full/clean_only/tcn/seed_202/bandpass_n20004_cLL_V1_V4_independent_rms_s10.npz,76397,e63f32664bb35f44d41421a3a752fcec0a3ca75057125f4547cddd51fbc80e0a
tcn,clean_only,202,bandpass_n20004_cLL_V1_V4_independent_rms_s5,phase2/results/predictions/full/clean_only/tcn/seed_202/bandpass_n20004_cLL_V1_V4_independent_rms_s5.npz,76194,7fbb3d3b7470f2ccfa312d35e000b3ed5011913e215320c55ea3e63c7a3ec4eb
tcn,clean_only,202,bandpass_n20004_cLL_V1_V4_independent_rms_s0,phase2/results/predictions/full/clean_only/tcn/seed_202/bandpass_n20004_cLL_V1_V4_independent_rms_s0.npz,75824,4ddbcb4ea18ccd08f1d05068dbcf51c7467b094dcef4100b6efb20e6d1f4e55d
tcn,clean_only,202,bandpass_n20004_cLL_V1_V4_electrode_s20,phase2/results/predictions/full/clean_only/tcn/seed_202/bandpass_n20004_cLL_V1_V4_electrode_s20.npz,76426,a88566a3f9359c3b0aa8d0fe2a2668e4a7810108fec777e07a8d2e8096f1ff97
tcn,clean_only,202,bandpass_n20004_cLL_V1_V4_electrode_s15,phase2/results/predictions/full/clean_only/tcn/seed_202/bandpass_n20004_cLL_V1_V4_electrode_s15.npz,76432,f9311fa174dddc81444532328bc7a94ec20acf142237a52ea8fea4456847b220
tcn,clean_only,202,bandpass_n20004_cLL_V1_V4_electrode_s10,phase2/results/predictions/full/clean_only/tcn/seed_202/bandpass_n20004_cLL_V1_V4_electrode_s10.npz,76304,1e591835064957bf7177cbb40f41d97cd86317519f94287dde89a4dfa4a989fa
tcn,clean_only,202,bandpass_n20004_cLL_V1_V4_electrode_s5,phase2/results/predictions/full/clean_only/tcn/seed_202/bandpass_n20004_cLL_V1_V4_electrode_s5.npz,76043,5715f2473aa319f0d3c50f91f8ef734606a287bc99be7acdc735a9326a1e11c8
tcn,clean_only,202,bandpass_n20004_cLL_V1_V4_electrode_s0,phase2/results/predictions/full/clean_only/tcn/seed_202/bandpass_n20004_cLL_V1_V4_electrode_s0.npz,75798,defe6f74fd5c5a736824a6ea55b6bf0ffc1dcbbd909d07fba042344a9bfbeddd
tcn,clean_only,202,bandpass_n20004_cLL_V1_V4_covariance_s20,phase2/results/predictions/full/clean_only/tcn/seed_202/bandpass_n20004_cLL_V1_V4_covariance_s20.npz,76437,eb9f2358832a40d91effabefcfddb721d25e50aae8e9a95577f19aee07c59ac2
tcn,clean_only,202,bandpass_n20004_cLL_V1_V4_covariance_s15,phase2/results/predictions/full/clean_only/tcn/seed_202/bandpass_n20004_cLL_V1_V4_covariance_s15.npz,76404,b6d968c0b07e9406c5c760b32a188da2acdb021857141c3ff3e76fdcf863396f
tcn,clean_only,202,bandpass_n20004_cLL_V1_V4_covariance_s10,phase2/results/predictions/full/clean_only/tcn/seed_202/bandpass_n20004_cLL_V1_V4_covariance_s10.npz,76336,7c7f46e62ca8eb0b261fa4bcfcf9acfb4815ed44fe6dba99b27a62497bb79064
tcn,clean_only,202,bandpass_n20004_cLL_V1_V4_covariance_s5,phase2/results/predictions/full/clean_only/tcn/seed_202/bandpass_n20004_cLL_V1_V4_covariance_s5.npz,76015,46238dab13a7edcacefdc3afbebfecece116fb16348643ee7bbfcf9bd71ecaf2
tcn,clean_only,202,bandpass_n20004_cLL_V1_V4_covariance_s0,phase2/results/predictions/full/clean_only/tcn/seed_202/bandpass_n20004_cLL_V1_V4_covariance_s0.npz,75797,8d48963c2c3d09452fc6d15adbd6f005e588d346937a241e8694e20e6ead1533
tcn,clean_only,202,bandpass_n20004_call_independent_rms_s20,phase2/results/predictions/full/clean_only/tcn/seed_202/bandpass_n20004_call_independent_rms_s20.npz,76419,f575a5b25a579eb0508c1ea1d0871006bca4e451c7240d44599a330732a0436b
tcn,clean_only,202,bandpass_n20004_call_independent_rms_s15,phase2/results/predictions/full/clean_only/tcn/seed_202/bandpass_n20004_call_independent_rms_s15.npz,76409,ca1dd5b1e9324aee24a32ded64aadf1b06b5e7ab8ef93dba66a65d12879a5d6e
tcn,clean_only,202,bandpass_n20004_call_independent_rms_s10,phase2/results/predictions/full/clean_only/tcn/seed_202/bandpass_n20004_call_independent_rms_s10.npz,76378,a5c217b6fb1ffe287365039254472b38551b47d08e35576e788683ab4aa7ba54
tcn,clean_only,202,bandpass_n20004_call_independent_rms_s5,phase2/results/predictions/full/clean_only/tcn/seed_202/bandpass_n20004_call_independent_rms_s5.npz,76213,642b0a69a1b041bac61d4a08e9ce7d5e4ecff0e790e475153d9611c8c77520df
tcn,clean_only,202,bandpass_n20004_call_independent_rms_s0,phase2/results/predictions/full/clean_only/tcn/seed_202/bandpass_n20004_call_independent_rms_s0.npz,75825,49b363919999076f251b078cd508409f4a7d63460632a126e3c93cca18029765
tcn,clean_only,202,bandpass_n20004_call_electrode_s20,phase2/results/predictions/full/clean_only/tcn/seed_202/bandpass_n20004_call_electrode_s20.npz,76395,9c79373db4b71c38661767a2e581c9614746d3e5c3db603da164fc2b6c971fdb
tcn,clean_only,202,bandpass_n20004_call_electrode_s15,phase2/results/predictions/full/clean_only/tcn/seed_202/bandpass_n20004_call_electrode_s15.npz,76405,85f9fd589734fd9aa9333aca528e33a5f87486083188843723415f2664b9ede4
tcn,clean_only,202,bandpass_n20004_call_electrode_s10,phase2/results/predictions/full/clean_only/tcn/seed_202/bandpass_n20004_call_electrode_s10.npz,76323,8b4c3563b7e177aca73e603f25cee56791946b23aab0521a9a89d418f1939446
tcn,clean_only,202,bandpass_n20004_call_electrode_s5,phase2/results/predictions/full/clean_only/tcn/seed_202/bandpass_n20004_call_electrode_s5.npz,76034,8035098d735e7dcfee10bf184be66e1e52be6fea098b49a7dd892f5d83a875a8
tcn,clean_only,202,bandpass_n20004_call_electrode_s0,phase2/results/predictions/full/clean_only/tcn/seed_202/bandpass_n20004_call_electrode_s0.npz,75689,74c1e8db3a0c4d5445d142043c6de79160782824e9e99f1f66135225d696b0cb
tcn,clean_only,202,bandpass_n20004_call_covariance_s20,phase2/results/predictions/full/clean_only/tcn/seed_202/bandpass_n20004_call_covariance_s20.npz,76409,ce9a545391c3142985c051dcf5224e50e4ea3eea10303365b30d3e09d16a3daf
tcn,clean_only,202,bandpass_n20004_call_covariance_s15,phase2/results/predictions/full/clean_only/tcn/seed_202/bandpass_n20004_call_covariance_s15.npz,76394,88389577614c35f2cf4f84fa5942a300fb0646382f2a60d9b56567ddfb8deef1
tcn,clean_only,202,bandpass_n20004_call_covariance_s10,phase2/results/predictions/full/clean_only/tcn/seed_202/bandpass_n20004_call_covariance_s10.npz,76329,748a4ef2865b518c26ff21d27a30635c884d29aee9753ee7e93327de65283a66
tcn,clean_only,202,bandpass_n20004_call_covariance_s5,phase2/results/predictions/full/clean_only/tcn/seed_202/bandpass_n20004_call_covariance_s5.npz,76055,8517e1b11b5758a45e3a5db522514a39856713d787bff298544f9bb7f5be24eb
tcn,clean_only,202,bandpass_n20004_call_covariance_s0,phase2/results/predictions/full/clean_only/tcn/seed_202/bandpass_n20004_call_covariance_s0.npz,75683,6521f8d1ce197b939b0bce15d896c15040556f734be89b758276a87e222dd1fe
tcn,clean_only,202,bandpass_n20005_cRA_LA_LL_independent_rms_s20,phase2/results/predictions/full/clean_only/tcn/seed_202/bandpass_n20005_cRA_LA_LL_independent_rms_s20.npz,76448,27eeafc2743c69344fba6d2ca5369feb21133ac607fd4569336ca5104c245969
tcn,clean_only,202,bandpass_n20005_cRA_LA_LL_independent_rms_s15,phase2/results/predictions/full/clean_only/tcn/seed_202/bandpass_n20005_cRA_LA_LL_independent_rms_s15.npz,76437,dac782d62d11314d49ff0270fcb0975c3d6b215bbed84f339cead952d6f19d19
tcn,clean_only,202,bandpass_n20005_cRA_LA_LL_independent_rms_s10,phase2/results/predictions/full/clean_only/tcn/seed_202/bandpass_n20005_cRA_LA_LL_independent_rms_s10.npz,76405,571beb3ea19657cc740df62f1f7bb7e24946b4293771d6c4d4f952b84d73a80d
tcn,clean_only,202,bandpass_n20005_cRA_LA_LL_independent_rms_s5,phase2/results/predictions/full/clean_only/tcn/seed_202/bandpass_n20005_cRA_LA_LL_independent_rms_s5.npz,76227,bdd09598740fee0b67cb02b72a157fd38470de8d277fda06de1171f6fa23e064
tcn,clean_only,202,bandpass_n20005_cRA_LA_LL_independent_rms_s0,phase2/results/predictions/full/clean_only/tcn/seed_202/bandpass_n20005_cRA_LA_LL_independent_rms_s0.npz,75841,3151685d5eac0906ed91c992120191af61b1d315eab749f6783ca1a61f5b16de
tcn,clean_only,202,bandpass_n20005_cRA_LA_LL_electrode_s20,phase2/results/predictions/full/clean_only/tcn/seed_202/bandpass_n20005_cRA_LA_LL_electrode_s20.npz,76408,821919e00184d5c7cd1626a58f3ad663c6d440a9bd209a4da89838667de93f18
tcn,clean_only,202,bandpass_n20005_cRA_LA_LL_electrode_s15,phase2/results/predictions/full/clean_only/tcn/seed_202/bandpass_n20005_cRA_LA_LL_electrode_s15.npz,76424,ccae9962963289e7c3f455e693aa815addf8784916d9afb599bb1f95f93bc092
tcn,clean_only,202,bandpass_n20005_cRA_LA_LL_electrode_s10,phase2/results/predictions/full/clean_only/tcn/seed_202/bandpass_n20005_cRA_LA_LL_electrode_s10.npz,76308,9fb6b9e63ed739ba0a7955dc0795875d09e796b6de70944cab718bed2b8f07e3
tcn,clean_only,202,bandpass_n20005_cRA_LA_LL_electrode_s5,phase2/results/predictions/full/clean_only/tcn/seed_202/bandpass_n20005_cRA_LA_LL_electrode_s5.npz,76006,9030c1e4087919c0438ff6f7d5a04a5b2b2e49f21695add305f67aac3d857f56
tcn,clean_only,202,bandpass_n20005_cRA_LA_LL_electrode_s0,phase2/results/predictions/full/clean_only/tcn/seed_202/bandpass_n20005_cRA_LA_LL_electrode_s0.npz,75714,1cbd6dad618974aa37b911258353b7fc6b01c7803d00200f809bf4b8daf71501
tcn,clean_only,202,bandpass_n20005_cRA_LA_LL_covariance_s20,phase2/results/predictions/full/clean_only/tcn/seed_202/bandpass_n20005_cRA_LA_LL_covariance_s20.npz,76440,5a4d383977a36daba22bd7189da01868478da80854618fa571f78ca7354944f5
tcn,clean_only,202,bandpass_n20005_cRA_LA_LL_covariance_s15,phase2/results/predictions/full/clean_only/tcn/seed_202/bandpass_n20005_cRA_LA_LL_covariance_s15.npz,76439,6b6954d230f55ca5044973f641b4fe61fa357e906744b86385eaa5c660fad53a
tcn,clean_only,202,bandpass_n20005_cRA_LA_LL_covariance_s10,phase2/results/predictions/full/clean_only/tcn/seed_202/bandpass_n20005_cRA_LA_LL_covariance_s10.npz,76299,4ce5d68f2a9813c47e26ae8ece5552dd8aaa7f0cf100d42a9308689962c8389f
tcn,clean_only,202,bandpass_n20005_cRA_LA_LL_covariance_s5,phase2/results/predictions/full/clean_only/tcn/seed_202/bandpass_n20005_cRA_LA_LL_covariance_s5.npz,76025,032c72239f9df224e86d289b804321bdd33f3461ca8ef28a74850d2d5bf1194f
tcn,clean_only,202,bandpass_n20005_cRA_LA_LL_covariance_s0,phase2/results/predictions/full/clean_only/tcn/seed_202/bandpass_n20005_cRA_LA_LL_covariance_s0.npz,75712,6c61a930be434e7d23e295c5772b438a2e08da86960e5e31f22eb29d49ae2b35
tcn,clean_only,202,bandpass_n20005_cV1_independent_rms_s20,phase2/results/predictions/full/clean_only/tcn/seed_202/bandpass_n20005_cV1_independent_rms_s20.npz,76446,1f184544f140d4eb91373b2fefd5d91a7916ea4ee9c230ca0da3f076ab9b3707
tcn,clean_only,202,bandpass_n20005_cV1_independent_rms_s15,phase2/results/predictions/full/clean_only/tcn/seed_202/bandpass_n20005_cV1_independent_rms_s15.npz,76446,e9e755bcd8640cadcb2fb5c2a644e66259d5c831fc0a057df902e5e8fb023000
tcn,clean_only,202,bandpass_n20005_cV1_independent_rms_s10,phase2/results/predictions/full/clean_only/tcn/seed_202/bandpass_n20005_cV1_independent_rms_s10.npz,76351,fd5f5d474fbe64f13b10b0d9f8b485b8bfe2cc7dd0cd5174a2048df0af1c5503
tcn,clean_only,202,bandpass_n20005_cV1_independent_rms_s5,phase2/results/predictions/full/clean_only/tcn/seed_202/bandpass_n20005_cV1_independent_rms_s5.npz,76088,407bec1d41c96413ab6987bf7f95a2df5ff2b8247d11501efb466ba3863f7176
tcn,clean_only,202,bandpass_n20005_cV1_independent_rms_s0,phase2/results/predictions/full/clean_only/tcn/seed_202/bandpass_n20005_cV1_independent_rms_s0.npz,75679,428006a9488a90194901e7c15182f93fafdc245a12c5158cb4aece4948f6b0e0
tcn,clean_only,202,bandpass_n20005_cV1_electrode_s20,phase2/results/predictions/full/clean_only/tcn/seed_202/bandpass_n20005_cV1_electrode_s20.npz,76444,3f6af4fe73602d5876f4bdaeca34bddec0262937849df5db46efdb32508e2fa8
tcn,clean_only,202,bandpass_n20005_cV1_electrode_s15,phase2/results/predictions/full/clean_only/tcn/seed_202/bandpass_n20005_cV1_electrode_s15.npz,76437,ccd362438362cc64b174a3d7af095831223a1aae7dcf29f5303342ef8483edef
tcn,clean_only,202,bandpass_n20005_cV1_electrode_s10,phase2/results/predictions/full/clean_only/tcn/seed_202/bandpass_n20005_cV1_electrode_s10.npz,76332,3cf643d8222256d9777f89153ae07ae0e5726dcd1c82ff51de90b638b2ca9c4e
tcn,clean_only,202,bandpass_n20005_cV1_electrode_s5,phase2/results/predictions/full/clean_only/tcn/seed_202/bandpass_n20005_cV1_electrode_s5.npz,76112,39faadc53d2807e0d4bdacf0af72e8e42a3797c0ad5542e5da42e9dfc7c7d71c
tcn,clean_only,202,bandpass_n20005_cV1_electrode_s0,phase2/results/predictions/full/clean_only/tcn/seed_202/bandpass_n20005_cV1_electrode_s0.npz,75666,4785668ea9a0dbc38a9a4422b43c75760ddeebf7811f0a9072bc4f52f5b146b2
tcn,clean_only,202,bandpass_n20005_cV1_covariance_s20,phase2/results/predictions/full/clean_only/tcn/seed_202/bandpass_n20005_cV1_covariance_s20.npz,76401,377b7508f6df198d20af4edeb5420b13f546381a80ed153738851b8d7091623d
tcn,clean_only,202,bandpass_n20005_cV1_covariance_s15,phase2/results/predictions/full/clean_only/tcn/seed_202/bandpass_n20005_cV1_covariance_s15.npz,76425,5a451af7220b9852c63af544977dd70c4cc54a0d851802a905e4c24303a15f34
tcn,clean_only,202,bandpass_n20005_cV1_covariance_s10,phase2/results/predictions/full/clean_only/tcn/seed_202/bandpass_n20005_cV1_covariance_s10.npz,76314,c780c49f0eb97c473e340c4f9dbc4ebbc1f592d9e4a1fe931ff12e537a206cf2
tcn,clean_only,202,bandpass_n20005_cV1_covariance_s5,phase2/results/predictions/full/clean_only/tcn/seed_202/bandpass_n20005_cV1_covariance_s5.npz,76114,48c8f5b2281dcf4b369641d73e168fc72cceaf4161478473a40e0135e07e5b87
tcn,clean_only,202,bandpass_n20005_cV1_covariance_s0,phase2/results/predictions/full/clean_only/tcn/seed_202/bandpass_n20005_cV1_covariance_s0.npz,75632,174d8e69197ac718ec6222f58ac0be9871cd2c0470d80db3c5dfb809fb9d2926
tcn,clean_only,202,bandpass_n20005_cV2_independent_rms_s20,phase2/results/predictions/full/clean_only/tcn/seed_202/bandpass_n20005_cV2_independent_rms_s20.npz,76433,83e9f486c82682f8f1368d33c1a9e32cc18b86bc2c53be106d90653821db38dc
tcn,clean_only,202,bandpass_n20005_cV2_independent_rms_s15,phase2/results/predictions/full/clean_only/tcn/seed_202/bandpass_n20005_cV2_independent_rms_s15.npz,76460,e78681fdb1788447875e066cc062d848b803cb5b8cf941f31b259673a052309a
tcn,clean_only,202,bandpass_n20005_cV2_independent_rms_s10,phase2/results/predictions/full/clean_only/tcn/seed_202/bandpass_n20005_cV2_independent_rms_s10.npz,76375,a8ac970ee95b2370c79484ee9c4d4149b769f0887175ac57afd24b1c3098aa2f
tcn,clean_only,202,bandpass_n20005_cV2_independent_rms_s5,phase2/results/predictions/full/clean_only/tcn/seed_202/bandpass_n20005_cV2_independent_rms_s5.npz,76238,ff7bba0f649b8790d4fb4f7142c93059c247cee54beac5b33a24954b9a83cfb9
tcn,clean_only,202,bandpass_n20005_cV2_independent_rms_s0,phase2/results/predictions/full/clean_only/tcn/seed_202/bandpass_n20005_cV2_independent_rms_s0.npz,76010,fde9376fe552865ae0f656b073d5563660c942a7ea675583d5b28ad54a4cbe8e
tcn,clean_only,202,bandpass_n20005_cV2_electrode_s20,phase2/results/predictions/full/clean_only/tcn/seed_202/bandpass_n20005_cV2_electrode_s20.npz,76409,01452100c518e9065c9f234a05d999d0117662aa8b37395df21ee669f5710854
tcn,clean_only,202,bandpass_n20005_cV2_electrode_s15,phase2/results/predictions/full/clean_only/tcn/seed_202/bandpass_n20005_cV2_electrode_s15.npz,76383,e15469ac98d31dcea3510eed53a11cfd14a100ee2269a479edb05d0160584381
tcn,clean_only,202,bandpass_n20005_cV2_electrode_s10,phase2/results/predictions/full/clean_only/tcn/seed_202/bandpass_n20005_cV2_electrode_s10.npz,76374,bc71b1b61355b8a6bf8e7af4c68017f9839a0d8ed43df23aa6fb91f561711e03
tcn,clean_only,202,bandpass_n20005_cV2_electrode_s5,phase2/results/predictions/full/clean_only/tcn/seed_202/bandpass_n20005_cV2_electrode_s5.npz,76203,618a4c5759b6cacd57d0c4e1e5425a5c9322aa6208557799c478d15f983c42e7
tcn,clean_only,202,bandpass_n20005_cV2_electrode_s0,phase2/results/predictions/full/clean_only/tcn/seed_202/bandpass_n20005_cV2_electrode_s0.npz,75993,65f47d6aea5487b73e4161562f208720846add691f394374f380f45fcf05e014
tcn,clean_only,202,bandpass_n20005_cV2_covariance_s20,phase2/results/predictions/full/clean_only/tcn/seed_202/bandpass_n20005_cV2_covariance_s20.npz,76420,65b13fa638cd4dd5938b2997bed5b95753cd86e28a1b60a75c91c630faf4dd16
tcn,clean_only,202,bandpass_n20005_cV2_covariance_s15,phase2/results/predictions/full/clean_only/tcn/seed_202/bandpass_n20005_cV2_covariance_s15.npz,76456,71258b27bd288b147351df16bbc2f4000ef1ef87637e3b8eff750e012884b81b
tcn,clean_only,202,bandpass_n20005_cV2_covariance_s10,phase2/results/predictions/full/clean_only/tcn/seed_202/bandpass_n20005_cV2_covariance_s10.npz,76403,dd17f4eb149df958d9983596b418100d488acb576c37abe8589a538a827bd95a
tcn,clean_only,202,bandpass_n20005_cV2_covariance_s5,phase2/results/predictions/full/clean_only/tcn/seed_202/bandpass_n20005_cV2_covariance_s5.npz,76205,b19bf90c43c80d218bde42b1a155f6e4a4b089982b55faa45ff4dc291bc51f1b
tcn,clean_only,202,bandpass_n20005_cV2_covariance_s0,phase2/results/predictions/full/clean_only/tcn/seed_202/bandpass_n20005_cV2_covariance_s0.npz,75970,b9661292d1478e379670730ea59852bcf2651c1cb8795974afed4adf975b71c7
tcn,clean_only,202,bandpass_n20005_cV3_independent_rms_s20,phase2/results/predictions/full/clean_only/tcn/seed_202/bandpass_n20005_cV3_independent_rms_s20.npz,76451,26cd3ac0db5a59456e29fdcd44e000ab90d7dd5ee7e1f8a63f8a6672f7dca045
tcn,clean_only,202,bandpass_n20005_cV3_independent_rms_s15,phase2/results/predictions/full/clean_only/tcn/seed_202/bandpass_n20005_cV3_independent_rms_s15.npz,76432,00eb1ef4a6d5ac7fef0f7b52eff1b6f637f26817070066d33948142e30e8c79e
tcn,clean_only,202,bandpass_n20005_cV3_independent_rms_s10,phase2/results/predictions/full/clean_only/tcn/seed_202/bandpass_n20005_cV3_independent_rms_s10.npz,76450,f2a5c89a296587174596896b667624fb033b274b51d943430f541ada2f3ac9de
tcn,clean_only,202,bandpass_n20005_cV3_independent_rms_s5,phase2/results/predictions/full/clean_only/tcn/seed_202/bandpass_n20005_cV3_independent_rms_s5.npz,76348,67e7138b6ab1676f5e5ede86482e2533884f8c09b9ada976c58ab125cc1e8313
tcn,clean_only,202,bandpass_n20005_cV3_independent_rms_s0,phase2/results/predictions/full/clean_only/tcn/seed_202/bandpass_n20005_cV3_independent_rms_s0.npz,76127,bd0fc23b572975793e516332f659f1eb0e5004ae09b061cd6ea4ef80eb8e8549
tcn,clean_only,202,bandpass_n20005_cV3_electrode_s20,phase2/results/predictions/full/clean_only/tcn/seed_202/bandpass_n20005_cV3_electrode_s20.npz,76415,4aba7c6b6450fd57e44d3b1cf1c594bf845574ad8cc8bb0141b4d526a53d3c96
tcn,clean_only,202,bandpass_n20005_cV3_electrode_s15,phase2/results/predictions/full/clean_only/tcn/seed_202/bandpass_n20005_cV3_electrode_s15.npz,76436,4290edceb91101907ab417ec990d87f62b465057840baf83cdd2f4cb762dd3c1
tcn,clean_only,202,bandpass_n20005_cV3_electrode_s10,phase2/results/predictions/full/clean_only/tcn/seed_202/bandpass_n20005_cV3_electrode_s10.npz,76400,253ca53150a0c5e7698e52a1ab5d523c010c1c1d3285cfffe371ff67f14dbfaf
tcn,clean_only,202,bandpass_n20005_cV3_electrode_s5,phase2/results/predictions/full/clean_only/tcn/seed_202/bandpass_n20005_cV3_electrode_s5.npz,76329,6de91b41aff7e3bb90efbafa1d96be453cafa1fbdb09db900812b0519dcac79a
tcn,clean_only,202,bandpass_n20005_cV3_electrode_s0,phase2/results/predictions/full/clean_only/tcn/seed_202/bandpass_n20005_cV3_electrode_s0.npz,76061,cbba18e0ecacc6e88b2ebdfb8961724d993eb47a0dc180878b44d02c5a25e373
tcn,clean_only,202,bandpass_n20005_cV3_covariance_s20,phase2/results/predictions/full/clean_only/tcn/seed_202/bandpass_n20005_cV3_covariance_s20.npz,76428,ef659cd5a473213e096ce5871764745fbc06664d5f6fa0a4c44ec09d3202b831
tcn,clean_only,202,bandpass_n20005_cV3_covariance_s15,phase2/results/predictions/full/clean_only/tcn/seed_202/bandpass_n20005_cV3_covariance_s15.npz,76406,ab1aeb0c3536dc30cd1bd778e6965978d2ebefd9e76bc609822ea7beae0c6ac7
tcn,clean_only,202,bandpass_n20005_cV3_covariance_s10,phase2/results/predictions/full/clean_only/tcn/seed_202/bandpass_n20005_cV3_covariance_s10.npz,76411,955fa98a9ffcd242ea6d0d338f865803b31dc340adb6d3c75734b1dfc76e0238
tcn,clean_only,202,bandpass_n20005_cV3_covariance_s5,phase2/results/predictions/full/clean_only/tcn/seed_202/bandpass_n20005_cV3_covariance_s5.npz,76367,1cbc3d5a5843cff20ffec0809340c8098eefad55473890405cfeb2aeb2c8e24a
tcn,clean_only,202,bandpass_n20005_cV3_covariance_s0,phase2/results/predictions/full/clean_only/tcn/seed_202/bandpass_n20005_cV3_covariance_s0.npz,76114,ba9c097f045856aaa4489160a3e10b15aef70b3c45ae65a3d57fdb00367eedb7
tcn,clean_only,202,bandpass_n20005_cV4_independent_rms_s20,phase2/results/predictions/full/clean_only/tcn/seed_202/bandpass_n20005_cV4_independent_rms_s20.npz,76444,d58d3c2f4c52d9e5c31ac725c0554724a485cbd66d097959c66424275d89f4a9
tcn,clean_only,202,bandpass_n20005_cV4_independent_rms_s15,phase2/results/predictions/full/clean_only/tcn/seed_202/bandpass_n20005_cV4_independent_rms_s15.npz,76452,7c76721d050a90674e4931f67d5f02e0e0c2cb5f3e56bdc9e358e8b865b85bc2
tcn,clean_only,202,bandpass_n20005_cV4_independent_rms_s10,phase2/results/predictions/full/clean_only/tcn/seed_202/bandpass_n20005_cV4_independent_rms_s10.npz,76393,53d6a7e238481177e72a94ed3e7694d2a0ced7c459c1e565a1a23980d5b6e356
tcn,clean_only,202,bandpass_n20005_cV4_independent_rms_s5,phase2/results/predictions/full/clean_only/tcn/seed_202/bandpass_n20005_cV4_independent_rms_s5.npz,76309,0d3816d1e90da2bd19da5d02238fb7c2e0b7284a4d18a994cad10e1db008d915
tcn,clean_only,202,bandpass_n20005_cV4_independent_rms_s0,phase2/results/predictions/full/clean_only/tcn/seed_202/bandpass_n20005_cV4_independent_rms_s0.npz,75983,2347f8b0a146d1e80c6b54bd8c97db753e7e22a397fb7fec43896c28218c17c8
tcn,clean_only,202,bandpass_n20005_cV4_electrode_s20,phase2/results/predictions/full/clean_only/tcn/seed_202/bandpass_n20005_cV4_electrode_s20.npz,76395,a255b70df43afe6fd801ef47b2dbd6cff8d2a276d47ba2533aa65fc302cb9e13
tcn,clean_only,202,bandpass_n20005_cV4_electrode_s15,phase2/results/predictions/full/clean_only/tcn/seed_202/bandpass_n20005_cV4_electrode_s15.npz,76436,a7d6523ddaa73cccfa1571c9ea072b1ea3bc9beb2858a65cdccd634342c74853
tcn,clean_only,202,bandpass_n20005_cV4_electrode_s10,phase2/results/predictions/full/clean_only/tcn/seed_202/bandpass_n20005_cV4_electrode_s10.npz,76427,ceb89f5824e0fbad8c6e97b1dc45d820692128bc470db5129aa776028f99077d
tcn,clean_only,202,bandpass_n20005_cV4_electrode_s5,phase2/results/predictions/full/clean_only/tcn/seed_202/bandpass_n20005_cV4_electrode_s5.npz,76297,284e4ab097f01360ee5d00102d3251663b0de434b2686bf05938021511ecd1b9
tcn,clean_only,202,bandpass_n20005_cV4_electrode_s0,phase2/results/predictions/full/clean_only/tcn/seed_202/bandpass_n20005_cV4_electrode_s0.npz,76024,6ecdecd6d659201f3158e859165aa53c80e1ce55f12c836672405855b0b13fd6
tcn,clean_only,202,bandpass_n20005_cV4_covariance_s20,phase2/results/predictions/full/clean_only/tcn/seed_202/bandpass_n20005_cV4_covariance_s20.npz,76409,81d2b5592dc2747a803334e28ee4d6181791156e104c50efebce1143c17e4862
tcn,clean_only,202,bandpass_n20005_cV4_covariance_s15,phase2/results/predictions/full/clean_only/tcn/seed_202/bandpass_n20005_cV4_covariance_s15.npz,76391,4c78a6f2cf9987d4d4aeb3f1ebf6616955ec4ddce9627cd23b8ab9ec2b48d9f8
tcn,clean_only,202,bandpass_n20005_cV4_covariance_s10,phase2/results/predictions/full/clean_only/tcn/seed_202/bandpass_n20005_cV4_covariance_s10.npz,76400,7f3c3ed7a3eb7be1d6188fc2f16c600a7efb5365a5772a0909f50b08bcf2ac7c
tcn,clean_only,202,bandpass_n20005_cV4_covariance_s5,phase2/results/predictions/full/clean_only/tcn/seed_202/bandpass_n20005_cV4_covariance_s5.npz,76264,59c5115f2666c478bc3b02a779b919e806fbc1def05292917074dd61bac4f8b5
tcn,clean_only,202,bandpass_n20005_cV4_covariance_s0,phase2/results/predictions/full/clean_only/tcn/seed_202/bandpass_n20005_cV4_covariance_s0.npz,75989,437edde6f35b948da9a828191d2474f941c8437b16b4d515e7aed8bc62cfbd18
tcn,clean_only,202,bandpass_n20005_cV5_independent_rms_s20,phase2/results/predictions/full/clean_only/tcn/seed_202/bandpass_n20005_cV5_independent_rms_s20.npz,76443,07142f6f8ca6b253b1026542d4ebb8a10d7098776dc1954ac5ac21dfe4e1d31e
tcn,clean_only,202,bandpass_n20005_cV5_independent_rms_s15,phase2/results/predictions/full/clean_only/tcn/seed_202/bandpass_n20005_cV5_independent_rms_s15.npz,76451,dc642cb7579808be478cb39774896934a3202b0dd27d2e80f6641895a9a9ff2b
tcn,clean_only,202,bandpass_n20005_cV5_independent_rms_s10,phase2/results/predictions/full/clean_only/tcn/seed_202/bandpass_n20005_cV5_independent_rms_s10.npz,76385,215a3a709985892b652b34eaebcf5f2bc7d8abbf8731ce6d145b3985b00eb09d
tcn,clean_only,202,bandpass_n20005_cV5_independent_rms_s5,phase2/results/predictions/full/clean_only/tcn/seed_202/bandpass_n20005_cV5_independent_rms_s5.npz,76267,840eb1e5cc96ed8e5c7ef7825556acf82909a47603443eceb971ea6b0a388760
tcn,clean_only,202,bandpass_n20005_cV5_independent_rms_s0,phase2/results/predictions/full/clean_only/tcn/seed_202/bandpass_n20005_cV5_independent_rms_s0.npz,75941,9a2e3e7d1bdfd25fd96c00f525cf9fae5b7f76c24416f76109c7712581c71c7d
tcn,clean_only,202,bandpass_n20005_cV5_electrode_s20,phase2/results/predictions/full/clean_only/tcn/seed_202/bandpass_n20005_cV5_electrode_s20.npz,76405,a8d9560981e9734d7785017b749e3eb2686ffaf7163a528aa499e8520165d858
tcn,clean_only,202,bandpass_n20005_cV5_electrode_s15,phase2/results/predictions/full/clean_only/tcn/seed_202/bandpass_n20005_cV5_electrode_s15.npz,76424,1f45b13aa5b0ba96f2d95fc3b34362a6ffb8196d2a3742c9f2b4e19308dd7a81
tcn,clean_only,202,bandpass_n20005_cV5_electrode_s10,phase2/results/predictions/full/clean_only/tcn/seed_202/bandpass_n20005_cV5_electrode_s10.npz,76406,08ebfd8f0c45ff845e2024bc5bb7ff1824577c1cee0169a708843b003d1f0bab
tcn,clean_only,202,bandpass_n20005_cV5_electrode_s5,phase2/results/predictions/full/clean_only/tcn/seed_202/bandpass_n20005_cV5_electrode_s5.npz,76220,20e9ab13dc8b78e2c3defc379d1450e82a4711381863ae8a0af476f766794d50
tcn,clean_only,202,bandpass_n20005_cV5_electrode_s0,phase2/results/predictions/full/clean_only/tcn/seed_202/bandpass_n20005_cV5_electrode_s0.npz,75958,e469b804de948b095f75559ad59b5ced2d2f4344a354703d47e931403b2cd457
tcn,clean_only,202,bandpass_n20005_cV5_covariance_s20,phase2/results/predictions/full/clean_only/tcn/seed_202/bandpass_n20005_cV5_covariance_s20.npz,76416,37d02f82a3c2f597ee4d4a95ec9cb5f0b5a8e954b7198fec1204dc1d9d3be56d
tcn,clean_only,202,bandpass_n20005_cV5_covariance_s15,phase2/results/predictions/full/clean_only/tcn/seed_202/bandpass_n20005_cV5_covariance_s15.npz,76416,c56bd0d5093c632cfd593514713c5765f1b10693150cf3d70e1fdc713b997a04
tcn,clean_only,202,bandpass_n20005_cV5_covariance_s10,phase2/results/predictions/full/clean_only/tcn/seed_202/bandpass_n20005_cV5_covariance_s10.npz,76383,52810cb67b48ed67879e20671111c3f5935333b4c4fcc4e6dface19e950513e3
tcn,clean_only,202,bandpass_n20005_cV5_covariance_s5,phase2/results/predictions/full/clean_only/tcn/seed_202/bandpass_n20005_cV5_covariance_s5.npz,76226,cb892023b22a5c15599eee3e4a007dbed22e34d373518a6fbe7fa912b28a3398
tcn,clean_only,202,bandpass_n20005_cV5_covariance_s0,phase2/results/predictions/full/clean_only/tcn/seed_202/bandpass_n20005_cV5_covariance_s0.npz,75924,3613d123d10d490d2f39d47636934100309d388fc011e34e5b671be611af38c4
tcn,clean_only,202,bandpass_n20005_cV6_independent_rms_s20,phase2/results/predictions/full/clean_only/tcn/seed_202/bandpass_n20005_cV6_independent_rms_s20.npz,76426,970b5db0d3b1f5a6d7effcd619bc684498050c28881896e878d5b1a9192e43da
tcn,clean_only,202,bandpass_n20005_cV6_independent_rms_s15,phase2/results/predictions/full/clean_only/tcn/seed_202/bandpass_n20005_cV6_independent_rms_s15.npz,76419,7f3e7cc901944d9874d175d11094822a5116ee25192a05ba028a23c39aba683c
tcn,clean_only,202,bandpass_n20005_cV6_independent_rms_s10,phase2/results/predictions/full/clean_only/tcn/seed_202/bandpass_n20005_cV6_independent_rms_s10.npz,76434,310f7b239d1378b8cf0c058137b7e62543e3993cd8c65095e5fe8be366aa6cad
tcn,clean_only,202,bandpass_n20005_cV6_independent_rms_s5,phase2/results/predictions/full/clean_only/tcn/seed_202/bandpass_n20005_cV6_independent_rms_s5.npz,76311,0080a19214e5bfe81f07beb4baa205e48890930a36eae06706d91b1cc33d4c1b
tcn,clean_only,202,bandpass_n20005_cV6_independent_rms_s0,phase2/results/predictions/full/clean_only/tcn/seed_202/bandpass_n20005_cV6_independent_rms_s0.npz,76048,d292ef6132ea8f6af50e65e2c41a954e7ab38b36b72b85b6519efc257cc885e5
tcn,clean_only,202,bandpass_n20005_cV6_electrode_s20,phase2/results/predictions/full/clean_only/tcn/seed_202/bandpass_n20005_cV6_electrode_s20.npz,76415,b5784d207098338ec93256fc9c629b21e30d7dd613a330d1bc862fe96be7e87f
tcn,clean_only,202,bandpass_n20005_cV6_electrode_s15,phase2/results/predictions/full/clean_only/tcn/seed_202/bandpass_n20005_cV6_electrode_s15.npz,76408,d75acbcd983f83319ce2dc6183825aa80a1d1a5b5fc26f9129234519893e2e9f
tcn,clean_only,202,bandpass_n20005_cV6_electrode_s10,phase2/results/predictions/full/clean_only/tcn/seed_202/bandpass_n20005_cV6_electrode_s10.npz,76391,62abdd3288d0cfe425eb6c387edaafe7fd01c1d86625623ef64bd53ee9f04ca1
tcn,clean_only,202,bandpass_n20005_cV6_electrode_s5,phase2/results/predictions/full/clean_only/tcn/seed_202/bandpass_n20005_cV6_electrode_s5.npz,76296,93570ef200e523cb7d878ecda49ee78d3c29f480e1c4c89392b3367773102b62
tcn,clean_only,202,bandpass_n20005_cV6_electrode_s0,phase2/results/predictions/full/clean_only/tcn/seed_202/bandpass_n20005_cV6_electrode_s0.npz,76043,c08295a75c9c3c7fddda9cf17660a5762f45e5c263bed7bea6fa89bb6980bd08
tcn,clean_only,202,bandpass_n20005_cV6_covariance_s20,phase2/results/predictions/full/clean_only/tcn/seed_202/bandpass_n20005_cV6_covariance_s20.npz,76433,19a5650d4bafa3b8bbfd14336c3150e860b71bf55ff73b203f1bd35ac7f68f53
tcn,clean_only,202,bandpass_n20005_cV6_covariance_s15,phase2/results/predictions/full/clean_only/tcn/seed_202/bandpass_n20005_cV6_covariance_s15.npz,76404,109fa260d659373e292a7c9b0f426bea7c649c911063c1f5a2ec79979f55433f
tcn,clean_only,202,bandpass_n20005_cV6_covariance_s10,phase2/results/predictions/full/clean_only/tcn/seed_202/bandpass_n20005_cV6_covariance_s10.npz,76415,bf21942dda913a4b9d454eda74e8b596204c38d3c0acde60619fd942b867d0e3
tcn,clean_only,202,bandpass_n20005_cV6_covariance_s5,phase2/results/predictions/full/clean_only/tcn/seed_202/bandpass_n20005_cV6_covariance_s5.npz,76302,cec47fd6f9600abcee337b54bb59b350b21926e1b4f35d1862b8696bc0707c05
tcn,clean_only,202,bandpass_n20005_cV6_covariance_s0,phase2/results/predictions/full/clean_only/tcn/seed_202/bandpass_n20005_cV6_covariance_s0.npz,76034,6507b9055a9e6fb011cc4b8d85244c1291f74b91d66df3064d12d3ee8efa1a11
tcn,clean_only,202,bandpass_n20005_cRA_LA_independent_rms_s20,phase2/results/predictions/full/clean_only/tcn/seed_202/bandpass_n20005_cRA_LA_independent_rms_s20.npz,76445,1af1988bcd6df0af4057d4f334d99e1fce50704c4c7b0366324fdd7d36db75c6
tcn,clean_only,202,bandpass_n20005_cRA_LA_independent_rms_s15,phase2/results/predictions/full/clean_only/tcn/seed_202/bandpass_n20005_cRA_LA_independent_rms_s15.npz,76451,fe4845ebd859fca58a54a1e30721d62c3371a1a4431169811be4319c4d89e03a
tcn,clean_only,202,bandpass_n20005_cRA_LA_independent_rms_s10,phase2/results/predictions/full/clean_only/tcn/seed_202/bandpass_n20005_cRA_LA_independent_rms_s10.npz,76432,ba7730316cdf95ca4267389c06d065fad2fe4ff0b2d343fa49a79edd504c0619
tcn,clean_only,202,bandpass_n20005_cRA_LA_independent_rms_s5,phase2/results/predictions/full/clean_only/tcn/seed_202/bandpass_n20005_cRA_LA_independent_rms_s5.npz,76215,270c77080edc5f4ccf203a2ffa6d5b0d9abb8cd62aaf5cfd1588b6427f470495
tcn,clean_only,202,bandpass_n20005_cRA_LA_independent_rms_s0,phase2/results/predictions/full/clean_only/tcn/seed_202/bandpass_n20005_cRA_LA_independent_rms_s0.npz,75871,1b2ed71459ca76006fd34dce632cd9b8ad8d574937c632fe4640c6549f68cc94
tcn,clean_only,202,bandpass_n20005_cRA_LA_electrode_s20,phase2/results/predictions/full/clean_only/tcn/seed_202/bandpass_n20005_cRA_LA_electrode_s20.npz,76390,4dcc2bb908126840d0a767ebb84bf1a456d015721d23d1beb81b54d8ad0efbf4
tcn,clean_only,202,bandpass_n20005_cRA_LA_electrode_s15,phase2/results/predictions/full/clean_only/tcn/seed_202/bandpass_n20005_cRA_LA_electrode_s15.npz,76400,e38eb8735c20e5fa6c89e15dd533cb6dc3fa257e0490edadb05326c2f567adc2
tcn,clean_only,202,bandpass_n20005_cRA_LA_electrode_s10,phase2/results/predictions/full/clean_only/tcn/seed_202/bandpass_n20005_cRA_LA_electrode_s10.npz,76309,51868d0e387aebe30787e88739d34197561ca21e7a7adc807f3dc605255d946b
tcn,clean_only,202,bandpass_n20005_cRA_LA_electrode_s5,phase2/results/predictions/full/clean_only/tcn/seed_202/bandpass_n20005_cRA_LA_electrode_s5.npz,76059,57ecadec6d2a70dd8ff6a3964c94212d5d09dbc30542b15f5bd1e78e09f3df6a
tcn,clean_only,202,bandpass_n20005_cRA_LA_electrode_s0,phase2/results/predictions/full/clean_only/tcn/seed_202/bandpass_n20005_cRA_LA_electrode_s0.npz,75574,eb5aa334904a7a7617e8ed4bbd241bd554d4a0e64cd130c5fbeb531e3300e499
tcn,clean_only,202,bandpass_n20005_cRA_LA_covariance_s20,phase2/results/predictions/full/clean_only/tcn/seed_202/bandpass_n20005_cRA_LA_covariance_s20.npz,76423,63ee29db68e021acfe606885349b9a9fc403f8ab0827509845cc6b2759872669
tcn,clean_only,202,bandpass_n20005_cRA_LA_covariance_s15,phase2/results/predictions/full/clean_only/tcn/seed_202/bandpass_n20005_cRA_LA_covariance_s15.npz,76405,886dd034232e0861f98168de64bb45cd2e16ff7cbdb68a096e21633ee06dd02d
tcn,clean_only,202,bandpass_n20005_cRA_LA_covariance_s10,phase2/results/predictions/full/clean_only/tcn/seed_202/bandpass_n20005_cRA_LA_covariance_s10.npz,76305,d45a88b4e9e3ce61c5ab22b06287181bdf2e924c1457266a5c852a095d15a4f4
tcn,clean_only,202,bandpass_n20005_cRA_LA_covariance_s5,phase2/results/predictions/full/clean_only/tcn/seed_202/bandpass_n20005_cRA_LA_covariance_s5.npz,76035,13d1c125e69856facbbd08a1875e592385b61f8921c82b0b4a92ebcdb7522611
tcn,clean_only,202,bandpass_n20005_cRA_LA_covariance_s0,phase2/results/predictions/full/clean_only/tcn/seed_202/bandpass_n20005_cRA_LA_covariance_s0.npz,75572,cbdd8b652b65d267ae810f5403fb4412cc339dfb8e06886720d8a66d17335757
tcn,clean_only,202,bandpass_n20005_cLA_LL_independent_rms_s20,phase2/results/predictions/full/clean_only/tcn/seed_202/bandpass_n20005_cLA_LL_independent_rms_s20.npz,76456,217197355318a4fb26ffd37d986733e75e19a0c5ca5c3621402e4ef09b840258
tcn,clean_only,202,bandpass_n20005_cLA_LL_independent_rms_s15,phase2/results/predictions/full/clean_only/tcn/seed_202/bandpass_n20005_cLA_LL_independent_rms_s15.npz,76430,5bd5fd995651d7d9ff62268bf0f0df5ac359a7ae41688088e273554872d13049
tcn,clean_only,202,bandpass_n20005_cLA_LL_independent_rms_s10,phase2/results/predictions/full/clean_only/tcn/seed_202/bandpass_n20005_cLA_LL_independent_rms_s10.npz,76377,4435e0df6442e1b9bad6c747e7ad615ed1f562ffa6765d843199ee45ee2a8bb8
tcn,clean_only,202,bandpass_n20005_cLA_LL_independent_rms_s5,phase2/results/predictions/full/clean_only/tcn/seed_202/bandpass_n20005_cLA_LL_independent_rms_s5.npz,76165,62f9dd5eebb38778ecf6114b75138a8c88e811e1f95d3245ea57cc541f684240
tcn,clean_only,202,bandpass_n20005_cLA_LL_independent_rms_s0,phase2/results/predictions/full/clean_only/tcn/seed_202/bandpass_n20005_cLA_LL_independent_rms_s0.npz,75849,16f5254e72359eff94f288964d5123e02298e8b27e0e5055165d2dc33eec2170
tcn,clean_only,202,bandpass_n20005_cLA_LL_electrode_s20,phase2/results/predictions/full/clean_only/tcn/seed_202/bandpass_n20005_cLA_LL_electrode_s20.npz,76410,bfb4161ab13fba99928266d184653a659699bc67b36ea0c2ea75e621d47fce64
tcn,clean_only,202,bandpass_n20005_cLA_LL_electrode_s15,phase2/results/predictions/full/clean_only/tcn/seed_202/bandpass_n20005_cLA_LL_electrode_s15.npz,76410,a02b8e5b8e88072cb07ec3d0b132e847c97d7cf494f8129c0c2eccae3b4b54b4
tcn,clean_only,202,bandpass_n20005_cLA_LL_electrode_s10,phase2/results/predictions/full/clean_only/tcn/seed_202/bandpass_n20005_cLA_LL_electrode_s10.npz,76265,f5effedaab7343ffb2fcb9b12d217fec3f57ef457935b96651a9ac3146f7b872
tcn,clean_only,202,bandpass_n20005_cLA_LL_electrode_s5,phase2/results/predictions/full/clean_only/tcn/seed_202/bandpass_n20005_cLA_LL_electrode_s5.npz,75993,60d07c64cf244d0c40b5841ac03d538b7cf621eb2021fbedae97552e5740b0a6
tcn,clean_only,202,bandpass_n20005_cLA_LL_electrode_s0,phase2/results/predictions/full/clean_only/tcn/seed_202/bandpass_n20005_cLA_LL_electrode_s0.npz,75852,6012466123f432fe4922a2023d2b3d7307e31b58d0fbce6fa447f9119e58dd9a
tcn,clean_only,202,bandpass_n20005_cLA_LL_covariance_s20,phase2/results/predictions/full/clean_only/tcn/seed_202/bandpass_n20005_cLA_LL_covariance_s20.npz,76408,8aeb3d34b4c65e9474aec757feda416257f8caecb4aa2c875b3d7544a86093cb
tcn,clean_only,202,bandpass_n20005_cLA_LL_covariance_s15,phase2/results/predictions/full/clean_only/tcn/seed_202/bandpass_n20005_cLA_LL_covariance_s15.npz,76406,67514a36af2f80b33eeb1c13794580cbec69e66f644b4ce66f4278d0852737fb
tcn,clean_only,202,bandpass_n20005_cLA_LL_covariance_s10,phase2/results/predictions/full/clean_only/tcn/seed_202/bandpass_n20005_cLA_LL_covariance_s10.npz,76302,3eb2caf2695ad983f0c163bbdeb69015824f7e73040ddf22274f82d899b91c46
tcn,clean_only,202,bandpass_n20005_cLA_LL_covariance_s5,phase2/results/predictions/full/clean_only/tcn/seed_202/bandpass_n20005_cLA_LL_covariance_s5.npz,76017,bf3cb71b5f8de2bb9e22db2f7fd519f9f1664096fe918f68d921f398e1a20ec6
tcn,clean_only,202,bandpass_n20005_cLA_LL_covariance_s0,phase2/results/predictions/full/clean_only/tcn/seed_202/bandpass_n20005_cLA_LL_covariance_s0.npz,75883,b2dd37e24b298ff7978b01669a27329517c9379903cbf1286ad4d4a7103d5783
tcn,clean_only,202,bandpass_n20005_cRA_LL_independent_rms_s20,phase2/results/predictions/full/clean_only/tcn/seed_202/bandpass_n20005_cRA_LL_independent_rms_s20.npz,76425,5933942528d83ea697ce29cc623bdfbdc429ed95b3ecc2dd8f57ce52657899d9
tcn,clean_only,202,bandpass_n20005_cRA_LL_independent_rms_s15,phase2/results/predictions/full/clean_only/tcn/seed_202/bandpass_n20005_cRA_LL_independent_rms_s15.npz,76442,eca883ccea15d4949ca3342b14f81ec0c2b5b2ec8744e109cf32c10f3bb7b9b7
tcn,clean_only,202,bandpass_n20005_cRA_LL_independent_rms_s10,phase2/results/predictions/full/clean_only/tcn/seed_202/bandpass_n20005_cRA_LL_independent_rms_s10.npz,76398,93c6181eca19da4f66ee164d75b021c0fa07fc2606e65bd7e5edc2a083072538
tcn,clean_only,202,bandpass_n20005_cRA_LL_independent_rms_s5,phase2/results/predictions/full/clean_only/tcn/seed_202/bandpass_n20005_cRA_LL_independent_rms_s5.npz,76199,81be7bdde375a98dc81996d02253cfa782583be199d5efe3c7fba8f2dd31b384
tcn,clean_only,202,bandpass_n20005_cRA_LL_independent_rms_s0,phase2/results/predictions/full/clean_only/tcn/seed_202/bandpass_n20005_cRA_LL_independent_rms_s0.npz,75837,1f1c51be11d2e46806f2ace57cce7b0d5b1948e9452c9b77b7f97733d1ba8db0
tcn,clean_only,202,bandpass_n20005_cRA_LL_electrode_s20,phase2/results/predictions/full/clean_only/tcn/seed_202/bandpass_n20005_cRA_LL_electrode_s20.npz,76430,21895c1770b4c3e949552953ba8dc58fbf4f9f68ec6c3a9094cd848cf6771931
tcn,clean_only,202,bandpass_n20005_cRA_LL_electrode_s15,phase2/results/predictions/full/clean_only/tcn/seed_202/bandpass_n20005_cRA_LL_electrode_s15.npz,76419,d4f112552bf46011ef2f1b2c5e2b5ba794efb6a0352243e6f607c5be44949293
tcn,clean_only,202,bandpass_n20005_cRA_LL_electrode_s10,phase2/results/predictions/full/clean_only/tcn/seed_202/bandpass_n20005_cRA_LL_electrode_s10.npz,76301,1d828546e7b5c0c4ef02b24523dcc25e1a551ea927d8dddbb4a8debed6556b13
tcn,clean_only,202,bandpass_n20005_cRA_LL_electrode_s5,phase2/results/predictions/full/clean_only/tcn/seed_202/bandpass_n20005_cRA_LL_electrode_s5.npz,76050,5528b20e1af754f0a0761011d91b92758a2df518155e2bbec9bf5c69c7d4e58c
tcn,clean_only,202,bandpass_n20005_cRA_LL_electrode_s0,phase2/results/predictions/full/clean_only/tcn/seed_202/bandpass_n20005_cRA_LL_electrode_s0.npz,75665,63a046a577f15d8d7cf24072953bb8caf1809c1cde9f20193f7c105c41c56104
tcn,clean_only,202,bandpass_n20005_cRA_LL_covariance_s20,phase2/results/predictions/full/clean_only/tcn/seed_202/bandpass_n20005_cRA_LL_covariance_s20.npz,76446,ff5198d367cfa3818c093a947364ff3a7a6a08eed3c2bd21abd2a4121db34678
tcn,clean_only,202,bandpass_n20005_cRA_LL_covariance_s15,phase2/results/predictions/full/clean_only/tcn/seed_202/bandpass_n20005_cRA_LL_covariance_s15.npz,76420,cf2ca07c546daa800f93ad24597a33de63de6b261c5353d4f4f7f6740b4cf24f
tcn,clean_only,202,bandpass_n20005_cRA_LL_covariance_s10,phase2/results/predictions/full/clean_only/tcn/seed_202/bandpass_n20005_cRA_LL_covariance_s10.npz,76333,e95c92f7a357b1250cf25baa38d57ad9836db2bfa676897e067c8c4f96464183
tcn,clean_only,202,bandpass_n20005_cRA_LL_covariance_s5,phase2/results/predictions/full/clean_only/tcn/seed_202/bandpass_n20005_cRA_LL_covariance_s5.npz,76024,63c59761426a14a92986a2190e969af476c557f0ece7b914f438ac0841efaaff
tcn,clean_only,202,bandpass_n20005_cRA_LL_covariance_s0,phase2/results/predictions/full/clean_only/tcn/seed_202/bandpass_n20005_cRA_LL_covariance_s0.npz,75681,9456057a3960bda980a0e310ac31ff6a8d6a22b6d5a768ff2f9818dac54c607f
tcn,clean_only,202,bandpass_n20005_cRA_independent_rms_s20,phase2/results/predictions/full/clean_only/tcn/seed_202/bandpass_n20005_cRA_independent_rms_s20.npz,76451,e23ba258827c7158bac66fea36ea63ae4991e781f1786bfbadfc5d39aca49605
tcn,clean_only,202,bandpass_n20005_cRA_independent_rms_s15,phase2/results/predictions/full/clean_only/tcn/seed_202/bandpass_n20005_cRA_independent_rms_s15.npz,76431,e657aa0476d5edaed29672436c1a6e662ad0580232768f8643c625102b3120aa
tcn,clean_only,202,bandpass_n20005_cRA_independent_rms_s10,phase2/results/predictions/full/clean_only/tcn/seed_202/bandpass_n20005_cRA_independent_rms_s10.npz,76416,cd7de2b58ce9bb9e31b8550ef474c77102ee89f93a3e6ca182bbe30e05677522
tcn,clean_only,202,bandpass_n20005_cRA_independent_rms_s5,phase2/results/predictions/full/clean_only/tcn/seed_202/bandpass_n20005_cRA_independent_rms_s5.npz,76235,7d3a20a525dab06c24a5ce5aef8d82c85b3f1ab41792437782995f191a2325a2
tcn,clean_only,202,bandpass_n20005_cRA_independent_rms_s0,phase2/results/predictions/full/clean_only/tcn/seed_202/bandpass_n20005_cRA_independent_rms_s0.npz,75842,106304549e1871b90f8762836be86a673e9d892a82f0d49e88d0987c99d9bf5c
tcn,clean_only,202,bandpass_n20005_cRA_electrode_s20,phase2/results/predictions/full/clean_only/tcn/seed_202/bandpass_n20005_cRA_electrode_s20.npz,76453,72fdd06e2a5d20bb538ee47d29e7681c73e0047121bb043851695270eb64dba0
tcn,clean_only,202,bandpass_n20005_cRA_electrode_s15,phase2/results/predictions/full/clean_only/tcn/seed_202/bandpass_n20005_cRA_electrode_s15.npz,76429,3087959f0542705d9a3602cdf4ff3da783bac2d2a1955c0614d75c8df86452c4
tcn,clean_only,202,bandpass_n20005_cRA_electrode_s10,phase2/results/predictions/full/clean_only/tcn/seed_202/bandpass_n20005_cRA_electrode_s10.npz,76362,227de87558a5bb9bb9fe461e57a73cb75c653972d37618a2800a39f5778d1ba4
tcn,clean_only,202,bandpass_n20005_cRA_electrode_s5,phase2/results/predictions/full/clean_only/tcn/seed_202/bandpass_n20005_cRA_electrode_s5.npz,76155,4ff09323ed8fd54f5f1151a70875de56e9b57036b8a9f538bbc536206bf660a2
tcn,clean_only,202,bandpass_n20005_cRA_electrode_s0,phase2/results/predictions/full/clean_only/tcn/seed_202/bandpass_n20005_cRA_electrode_s0.npz,75818,7d33452c61ef9ccdc015847b76aec5936a6ad06fa2ad7929283bb8fdce1e55ed
tcn,clean_only,202,bandpass_n20005_cRA_covariance_s20,phase2/results/predictions/full/clean_only/tcn/seed_202/bandpass_n20005_cRA_covariance_s20.npz,76460,90042bb73270a742fae9e0a24f45dd38848102cc166274ea83b9a99da8c5777c
tcn,clean_only,202,bandpass_n20005_cRA_covariance_s15,phase2/results/predictions/full/clean_only/tcn/seed_202/bandpass_n20005_cRA_covariance_s15.npz,76427,786bcd90649836392ae5b8fe0676e088d0850597b6afc82da57a0e074422fcb0
tcn,clean_only,202,bandpass_n20005_cRA_covariance_s10,phase2/results/predictions/full/clean_only/tcn/seed_202/bandpass_n20005_cRA_covariance_s10.npz,76349,6516a2c158871bfa37f708202992bb1de642730f93728710ba368e95618e960a
tcn,clean_only,202,bandpass_n20005_cRA_covariance_s5,phase2/results/predictions/full/clean_only/tcn/seed_202/bandpass_n20005_cRA_covariance_s5.npz,76129,d2b041d0d4534a6c46e941dbeb50401525012885d39db034137739c60bcee6bd
tcn,clean_only,202,bandpass_n20005_cRA_covariance_s0,phase2/results/predictions/full/clean_only/tcn/seed_202/bandpass_n20005_cRA_covariance_s0.npz,75809,27878773683d068dc57923a8b83118149642c7c57d95b9de8cda982ec02d9106
tcn,clean_only,202,bandpass_n20005_cLA_independent_rms_s20,phase2/results/predictions/full/clean_only/tcn/seed_202/bandpass_n20005_cLA_independent_rms_s20.npz,76422,0b79d20c7e25e7e67a14174cfa2678e2d0c8263c8a92600cd1c951c5bf52db5f
tcn,clean_only,202,bandpass_n20005_cLA_independent_rms_s15,phase2/results/predictions/full/clean_only/tcn/seed_202/bandpass_n20005_cLA_independent_rms_s15.npz,76443,2b2fbf07a2ec03ced6592aa5215b73cd47aba93d4a91ea93e0c214943a6bb34b
tcn,clean_only,202,bandpass_n20005_cLA_independent_rms_s10,phase2/results/predictions/full/clean_only/tcn/seed_202/bandpass_n20005_cLA_independent_rms_s10.npz,76389,79e3819b11258a6c0ec7fb4541e4b8729bce59e7f431dfa252e2438a8205f2d3
tcn,clean_only,202,bandpass_n20005_cLA_independent_rms_s5,phase2/results/predictions/full/clean_only/tcn/seed_202/bandpass_n20005_cLA_independent_rms_s5.npz,76184,425a13b9ca44f888d18436e29f6f280261b016b3f877eeaf00374ce39c1b2f40
tcn,clean_only,202,bandpass_n20005_cLA_independent_rms_s0,phase2/results/predictions/full/clean_only/tcn/seed_202/bandpass_n20005_cLA_independent_rms_s0.npz,75862,f1ce4f18f51027cd4d9ca4f74ee6743d2f95e274bffbc49f558a6b8ca6511c9e
tcn,clean_only,202,bandpass_n20005_cLA_electrode_s20,phase2/results/predictions/full/clean_only/tcn/seed_202/bandpass_n20005_cLA_electrode_s20.npz,76399,56ffa393f1323a68ae8be773bae6e7fd456b935232e078124a41bb929d077590
tcn,clean_only,202,bandpass_n20005_cLA_electrode_s15,phase2/results/predictions/full/clean_only/tcn/seed_202/bandpass_n20005_cLA_electrode_s15.npz,76411,4db205e1d6abd4078d1ff66af3da382eef8b0c5a7373ee5f87306b8f44442df5
tcn,clean_only,202,bandpass_n20005_cLA_electrode_s10,phase2/results/predictions/full/clean_only/tcn/seed_202/bandpass_n20005_cLA_electrode_s10.npz,76299,f01a789eb39c37ceee5e96b4d19298d8d30a8db3c5f3c79f8be8cf3f5f88e013
tcn,clean_only,202,bandpass_n20005_cLA_electrode_s5,phase2/results/predictions/full/clean_only/tcn/seed_202/bandpass_n20005_cLA_electrode_s5.npz,76010,ac48844fe5e2ea8ade7541ce53de9aaeb505b93cda690079385ed5553a9902ca
tcn,clean_only,202,bandpass_n20005_cLA_electrode_s0,phase2/results/predictions/full/clean_only/tcn/seed_202/bandpass_n20005_cLA_electrode_s0.npz,75880,6d29456412fb07f4c0e9992bf02e6dce13012ff0f34ad77abe2d0f010a13a37e
tcn,clean_only,202,bandpass_n20005_cLA_covariance_s20,phase2/results/predictions/full/clean_only/tcn/seed_202/bandpass_n20005_cLA_covariance_s20.npz,76396,4af007d34bc6c99e7bd71567c306dd3b86c57e39b1f01cc13e77f7f3b4e9af48
tcn,clean_only,202,bandpass_n20005_cLA_covariance_s15,phase2/results/predictions/full/clean_only/tcn/seed_202/bandpass_n20005_cLA_covariance_s15.npz,76420,258958d251686ca66c82fa251b9ba694dc30be568234cddde47d42c71ba56dce
tcn,clean_only,202,bandpass_n20005_cLA_covariance_s10,phase2/results/predictions/full/clean_only/tcn/seed_202/bandpass_n20005_cLA_covariance_s10.npz,76260,f267946d78fcb049b3dc50a7b3519428b4f032bc319e68e8c1ce50bf712a3a66
tcn,clean_only,202,bandpass_n20005_cLA_covariance_s5,phase2/results/predictions/full/clean_only/tcn/seed_202/bandpass_n20005_cLA_covariance_s5.npz,76055,b2e910ae717dc7f0e6376945e9f866fd79a0ceced5e629acaf8ee120a781b0e0
tcn,clean_only,202,bandpass_n20005_cLA_covariance_s0,phase2/results/predictions/full/clean_only/tcn/seed_202/bandpass_n20005_cLA_covariance_s0.npz,75858,1882ae299b45d97b6d075351a60496c4aa74622ea855194cce87b869885e0be2
tcn,clean_only,202,bandpass_n20005_cLL_independent_rms_s20,phase2/results/predictions/full/clean_only/tcn/seed_202/bandpass_n20005_cLL_independent_rms_s20.npz,76414,f264e8d3bb374074ad47075e6fdd6415ac9711d300b03ffd035844bbf4050606
tcn,clean_only,202,bandpass_n20005_cLL_independent_rms_s15,phase2/results/predictions/full/clean_only/tcn/seed_202/bandpass_n20005_cLL_independent_rms_s15.npz,76440,86e7fecc3f41709c5d3b2ea51e54c3cb64d1aed3f1a16e47f64669182982e44d
tcn,clean_only,202,bandpass_n20005_cLL_independent_rms_s10,phase2/results/predictions/full/clean_only/tcn/seed_202/bandpass_n20005_cLL_independent_rms_s10.npz,76403,ba918c174c9c83b700188a812a72a0b5ace240fde2af2bfb64aaa620335dbce7
tcn,clean_only,202,bandpass_n20005_cLL_independent_rms_s5,phase2/results/predictions/full/clean_only/tcn/seed_202/bandpass_n20005_cLL_independent_rms_s5.npz,76156,2bec2fb242a017748f427abaac7498b8d378f5ae8cd3af82f2dba25956382637
tcn,clean_only,202,bandpass_n20005_cLL_independent_rms_s0,phase2/results/predictions/full/clean_only/tcn/seed_202/bandpass_n20005_cLL_independent_rms_s0.npz,75810,4dde2867b7f1b3223459a619f252ecfc7a68fb99af02d40b8322f607935f7316
tcn,clean_only,202,bandpass_n20005_cLL_electrode_s20,phase2/results/predictions/full/clean_only/tcn/seed_202/bandpass_n20005_cLL_electrode_s20.npz,76452,780b1063147389a52dd1727634cd1745455519f6a000aec458ea8973e03ba2ed
tcn,clean_only,202,bandpass_n20005_cLL_electrode_s15,phase2/results/predictions/full/clean_only/tcn/seed_202/bandpass_n20005_cLL_electrode_s15.npz,76423,3c93428b659d5cce4d7e35326c464456d0c1133702254eae435d11f3c55c54ad
tcn,clean_only,202,bandpass_n20005_cLL_electrode_s10,phase2/results/predictions/full/clean_only/tcn/seed_202/bandpass_n20005_cLL_electrode_s10.npz,76272,5ab88454c6eef3c4643cd5c3d0c778f9f6ada13057b9f4ce528574cb3a16b178
tcn,clean_only,202,bandpass_n20005_cLL_electrode_s5,phase2/results/predictions/full/clean_only/tcn/seed_202/bandpass_n20005_cLL_electrode_s5.npz,75998,9f594cdb48fd5bac07f5ef15d1f2585086394f679c5a39b6d418ffb67af9f80c
tcn,clean_only,202,bandpass_n20005_cLL_electrode_s0,phase2/results/predictions/full/clean_only/tcn/seed_202/bandpass_n20005_cLL_electrode_s0.npz,75851,a687c5e7729aba16b2efae66b8be544b81ff13fa3e8a9947177d4a98b7c89040
tcn,clean_only,202,bandpass_n20005_cLL_covariance_s20,phase2/results/predictions/full/clean_only/tcn/seed_202/bandpass_n20005_cLL_covariance_s20.npz,76452,4dc55d0bd665369d52952de12d64e8b345d5f6902c941eca82f1d1d5e0e54233
tcn,clean_only,202,bandpass_n20005_cLL_covariance_s15,phase2/results/predictions/full/clean_only/tcn/seed_202/bandpass_n20005_cLL_covariance_s15.npz,76363,c912ef1395c5fbfc1104029223077e06cec07da1db2ad8c5faa85418d25c3062
tcn,clean_only,202,bandpass_n20005_cLL_covariance_s10,phase2/results/predictions/full/clean_only/tcn/seed_202/bandpass_n20005_cLL_covariance_s10.npz,76263,f40deb636bae693e2c9625f0be2f8991ad9c229036cd6d2a4f4b03ede309b9d7
tcn,clean_only,202,bandpass_n20005_cLL_covariance_s5,phase2/results/predictions/full/clean_only/tcn/seed_202/bandpass_n20005_cLL_covariance_s5.npz,76011,10314067dcbd643c5122cb7a5c16b4f8c11151f85b0b8bd27410a97dead07a4d
tcn,clean_only,202,bandpass_n20005_cLL_covariance_s0,phase2/results/predictions/full/clean_only/tcn/seed_202/bandpass_n20005_cLL_covariance_s0.npz,75843,0e330d69562e845652987a0cd32dbf51b595e96ea39936e37d72fc893120d199
tcn,clean_only,202,bandpass_n20005_cRA_V1_independent_rms_s20,phase2/results/predictions/full/clean_only/tcn/seed_202/bandpass_n20005_cRA_V1_independent_rms_s20.npz,76450,7ea692a4b34cd4b7789adca368de8dcb3435d933a9cbdba0938183c01b826152
tcn,clean_only,202,bandpass_n20005_cRA_V1_independent_rms_s15,phase2/results/predictions/full/clean_only/tcn/seed_202/bandpass_n20005_cRA_V1_independent_rms_s15.npz,76451,885ae0790e6450f846930c1be8e7bd841e4fb5346b4647e1a9f64acf13f0becc
tcn,clean_only,202,bandpass_n20005_cRA_V1_independent_rms_s10,phase2/results/predictions/full/clean_only/tcn/seed_202/bandpass_n20005_cRA_V1_independent_rms_s10.npz,76364,0aae81b39463c230d13e365908f867a0e0cab36ee4e3b44dc5327dffb70d94eb
tcn,clean_only,202,bandpass_n20005_cRA_V1_independent_rms_s5,phase2/results/predictions/full/clean_only/tcn/seed_202/bandpass_n20005_cRA_V1_independent_rms_s5.npz,76172,b190c7efc77e7cc72f19d0cf24e6a719587eff97110ffc751472fc7d2c5a6952
tcn,clean_only,202,bandpass_n20005_cRA_V1_independent_rms_s0,phase2/results/predictions/full/clean_only/tcn/seed_202/bandpass_n20005_cRA_V1_independent_rms_s0.npz,75760,43f2b77115943ff88ddefaf8a7940db0c73ed37d79fc85b506d0cf556d54e223
tcn,clean_only,202,bandpass_n20005_cRA_V1_electrode_s20,phase2/results/predictions/full/clean_only/tcn/seed_202/bandpass_n20005_cRA_V1_electrode_s20.npz,76461,a619353c94bdcafebf56be1fe128dd96b1cac78e368392c8ba5f80eb297ac66f
tcn,clean_only,202,bandpass_n20005_cRA_V1_electrode_s15,phase2/results/predictions/full/clean_only/tcn/seed_202/bandpass_n20005_cRA_V1_electrode_s15.npz,76454,35f88053cee34b5f640b2de28dfd25ed8414cc2f7388f49f81c970d3d78f755f
tcn,clean_only,202,bandpass_n20005_cRA_V1_electrode_s10,phase2/results/predictions/full/clean_only/tcn/seed_202/bandpass_n20005_cRA_V1_electrode_s10.npz,76394,63a61fb70735cae87697f2200f4bdc816440ea2aadd4b82b748ec3f8c278b34d
tcn,clean_only,202,bandpass_n20005_cRA_V1_electrode_s5,phase2/results/predictions/full/clean_only/tcn/seed_202/bandpass_n20005_cRA_V1_electrode_s5.npz,76150,371c202441881eeb25199fdae7d92a393102c57bc27cb033c265f5a262c7946d
tcn,clean_only,202,bandpass_n20005_cRA_V1_electrode_s0,phase2/results/predictions/full/clean_only/tcn/seed_202/bandpass_n20005_cRA_V1_electrode_s0.npz,75693,c49ff81103232071a9ad7629a046a6db9eafda9b1a53422da7de6454dc27a885
tcn,clean_only,202,bandpass_n20005_cRA_V1_covariance_s20,phase2/results/predictions/full/clean_only/tcn/seed_202/bandpass_n20005_cRA_V1_covariance_s20.npz,76429,9773dc2f83e6b6882b4d41a6c67c6a8954f3656762216643115881e35c76c094
tcn,clean_only,202,bandpass_n20005_cRA_V1_covariance_s15,phase2/results/predictions/full/clean_only/tcn/seed_202/bandpass_n20005_cRA_V1_covariance_s15.npz,76401,8bc196ce0b8bfe70dd375c5c98154a2f892c311fdbb5317dbd992d6b48ac0734
tcn,clean_only,202,bandpass_n20005_cRA_V1_covariance_s10,phase2/results/predictions/full/clean_only/tcn/seed_202/bandpass_n20005_cRA_V1_covariance_s10.npz,76363,0f709427880bfbc1a05bfdadc2cb629c0692f085d51a2827b8d8f52f972a79a8
tcn,clean_only,202,bandpass_n20005_cRA_V1_covariance_s5,phase2/results/predictions/full/clean_only/tcn/seed_202/bandpass_n20005_cRA_V1_covariance_s5.npz,76134,6e4ad95483a28098314b8d1ecb5d2645cbf2ed53675626c476768687adcb8293
tcn,clean_only,202,bandpass_n20005_cRA_V1_covariance_s0,phase2/results/predictions/full/clean_only/tcn/seed_202/bandpass_n20005_cRA_V1_covariance_s0.npz,75700,7ceca556d40ecb974d6e181eb699d78b59543922f1ebc24d1bce7a72d7132f10
tcn,clean_only,202,bandpass_n20005_cLA_V6_independent_rms_s20,phase2/results/predictions/full/clean_only/tcn/seed_202/bandpass_n20005_cLA_V6_independent_rms_s20.npz,76473,d189f85e743c0b28d291af959d0d695357db64a8f72d0701e24a59e24acae6d0
tcn,clean_only,202,bandpass_n20005_cLA_V6_independent_rms_s15,phase2/results/predictions/full/clean_only/tcn/seed_202/bandpass_n20005_cLA_V6_independent_rms_s15.npz,76466,54ee84da9b4547fa215cad26fa0ad21b60f3883eb9ad23922c89f73ed32a5d6b
tcn,clean_only,202,bandpass_n20005_cLA_V6_independent_rms_s10,phase2/results/predictions/full/clean_only/tcn/seed_202/bandpass_n20005_cLA_V6_independent_rms_s10.npz,76419,794683d7f525685b4567301526ba08031a55e81e8e3f2c1b12a6cc70645f44e3
tcn,clean_only,202,bandpass_n20005_cLA_V6_independent_rms_s5,phase2/results/predictions/full/clean_only/tcn/seed_202/bandpass_n20005_cLA_V6_independent_rms_s5.npz,76249,e5a7900754d5c312ca382cb89f9defe226fd6b4d417c5918aefb468bacf50cb7
tcn,clean_only,202,bandpass_n20005_cLA_V6_independent_rms_s0,phase2/results/predictions/full/clean_only/tcn/seed_202/bandpass_n20005_cLA_V6_independent_rms_s0.npz,75912,26f31c02cc44edbf921be781f952b353fdf825c4e0f5f7f2e00f8fcc03bbfeb8
tcn,clean_only,202,bandpass_n20005_cLA_V6_electrode_s20,phase2/results/predictions/full/clean_only/tcn/seed_202/bandpass_n20005_cLA_V6_electrode_s20.npz,76443,089c1eee804266f5f42ca22014f85eb0bb631f2bd4006eee407d362de07a1c94
tcn,clean_only,202,bandpass_n20005_cLA_V6_electrode_s15,phase2/results/predictions/full/clean_only/tcn/seed_202/bandpass_n20005_cLA_V6_electrode_s15.npz,76449,40ec8fd518c84c509b49050329ac9318a6cb2db1cd890e80cbbc4b074e1043e8
tcn,clean_only,202,bandpass_n20005_cLA_V6_electrode_s10,phase2/results/predictions/full/clean_only/tcn/seed_202/bandpass_n20005_cLA_V6_electrode_s10.npz,76317,86df9b886a67bf1cadef7792a5b41039d13802f9048ffd76a7afb903fbfc3521
tcn,clean_only,202,bandpass_n20005_cLA_V6_electrode_s5,phase2/results/predictions/full/clean_only/tcn/seed_202/bandpass_n20005_cLA_V6_electrode_s5.npz,76080,cc3b66beef94fd013c3090bc08099d3c9a6350bd28cb137f322e1a01c38aa716
tcn,clean_only,202,bandpass_n20005_cLA_V6_electrode_s0,phase2/results/predictions/full/clean_only/tcn/seed_202/bandpass_n20005_cLA_V6_electrode_s0.npz,75878,dd6ba3ce9d7ffb73c04af6ab8260fcb113f926951b1f695c0d29d93d826329a9
tcn,clean_only,202,bandpass_n20005_cLA_V6_covariance_s20,phase2/results/predictions/full/clean_only/tcn/seed_202/bandpass_n20005_cLA_V6_covariance_s20.npz,76460,ea6f509f2561f9508d7a47ed11cff9ff3a0997ae1a908dcc2bb6a0ce954d2e50
tcn,clean_only,202,bandpass_n20005_cLA_V6_covariance_s15,phase2/results/predictions/full/clean_only/tcn/seed_202/bandpass_n20005_cLA_V6_covariance_s15.npz,76424,cadc6907892562b75559dd3af3d1a3b0f51f302a3e9c4eaaccf925bdc1fb3348
tcn,clean_only,202,bandpass_n20005_cLA_V6_covariance_s10,phase2/results/predictions/full/clean_only/tcn/seed_202/bandpass_n20005_cLA_V6_covariance_s10.npz,76323,d4615ccde39cd4ee442171e78ecd40292f4d093fe724b07ba0ba779c74a31fc6
tcn,clean_only,202,bandpass_n20005_cLA_V6_covariance_s5,phase2/results/predictions/full/clean_only/tcn/seed_202/bandpass_n20005_cLA_V6_covariance_s5.npz,76027,8a2180d54fc19e8f124c12dfdc31ff3014f466427219d7c2b0dc31ed429220bc
tcn,clean_only,202,bandpass_n20005_cLA_V6_covariance_s0,phase2/results/predictions/full/clean_only/tcn/seed_202/bandpass_n20005_cLA_V6_covariance_s0.npz,75850,4e9203c7fb42c23d86157177f5f91ea40474b4e098edfe182563aef4ccecbe7a
tcn,clean_only,202,bandpass_n20005_cLL_V4_independent_rms_s20,phase2/results/predictions/full/clean_only/tcn/seed_202/bandpass_n20005_cLL_V4_independent_rms_s20.npz,76423,942493061c2fadd8c80e2fa88fd40c0031e84a1c709782db4e0ade66975a01d9
tcn,clean_only,202,bandpass_n20005_cLL_V4_independent_rms_s15,phase2/results/predictions/full/clean_only/tcn/seed_202/bandpass_n20005_cLL_V4_independent_rms_s15.npz,76435,f1e4b4fcbfafc1831dc09c0f511667475182d55a16471c031cfb677372fcc937
tcn,clean_only,202,bandpass_n20005_cLL_V4_independent_rms_s10,phase2/results/predictions/full/clean_only/tcn/seed_202/bandpass_n20005_cLL_V4_independent_rms_s10.npz,76382,0225e32e4a5c4eb299e75e2f2702745ef4c5670a2fdae18d471c387f9ddeb299
tcn,clean_only,202,bandpass_n20005_cLL_V4_independent_rms_s5,phase2/results/predictions/full/clean_only/tcn/seed_202/bandpass_n20005_cLL_V4_independent_rms_s5.npz,76213,b712668c69bb2d98d111434be63ecedaaa537c3dde4d8510c7fef9ac27f9d7b7
tcn,clean_only,202,bandpass_n20005_cLL_V4_independent_rms_s0,phase2/results/predictions/full/clean_only/tcn/seed_202/bandpass_n20005_cLL_V4_independent_rms_s0.npz,75822,adee6a89da8ef5983500f2f8937d9347d6e04a4dc643fc42d61040e51430d7cc
tcn,clean_only,202,bandpass_n20005_cLL_V4_electrode_s20,phase2/results/predictions/full/clean_only/tcn/seed_202/bandpass_n20005_cLL_V4_electrode_s20.npz,76413,ad459eef4f22c5bd370bbc6c64cedc6d09d4e7d580dba066d1c2f0ab5bf214d2
tcn,clean_only,202,bandpass_n20005_cLL_V4_electrode_s15,phase2/results/predictions/full/clean_only/tcn/seed_202/bandpass_n20005_cLL_V4_electrode_s15.npz,76418,954f3dec2a969963c294f019c584a0d07d2b796577560fc661f2cd8f2def1d07
tcn,clean_only,202,bandpass_n20005_cLL_V4_electrode_s10,phase2/results/predictions/full/clean_only/tcn/seed_202/bandpass_n20005_cLL_V4_electrode_s10.npz,76336,bb8770c8d139716594c5f83eca7119e302505cc144692532a09f4a71e028ded5
tcn,clean_only,202,bandpass_n20005_cLL_V4_electrode_s5,phase2/results/predictions/full/clean_only/tcn/seed_202/bandpass_n20005_cLL_V4_electrode_s5.npz,76026,8321082711d2a279d7f8d82edb595f83494bdb74513226d6b73b1d7ba9de045a
tcn,clean_only,202,bandpass_n20005_cLL_V4_electrode_s0,phase2/results/predictions/full/clean_only/tcn/seed_202/bandpass_n20005_cLL_V4_electrode_s0.npz,75850,3d99618cc591c6e4f605ca25b7242e40cb3aa842e87bf3238a52b41cf8abb2d5
tcn,clean_only,202,bandpass_n20005_cLL_V4_covariance_s20,phase2/results/predictions/full/clean_only/tcn/seed_202/bandpass_n20005_cLL_V4_covariance_s20.npz,76430,89c1d25184db634dfa502222ad732f6f43ebf0b74676618fbeb21af2c3c97102
tcn,clean_only,202,bandpass_n20005_cLL_V4_covariance_s15,phase2/results/predictions/full/clean_only/tcn/seed_202/bandpass_n20005_cLL_V4_covariance_s15.npz,76421,e1652ee7f119442fa092d06fd583e092796fb6fb063a81370ba8d4469d475fca
tcn,clean_only,202,bandpass_n20005_cLL_V4_covariance_s10,phase2/results/predictions/full/clean_only/tcn/seed_202/bandpass_n20005_cLL_V4_covariance_s10.npz,76294,6c8f7a534661e80dd885da870a9c3682a467b0249621a65c8757b9d8a7151ea5
tcn,clean_only,202,bandpass_n20005_cLL_V4_covariance_s5,phase2/results/predictions/full/clean_only/tcn/seed_202/bandpass_n20005_cLL_V4_covariance_s5.npz,76038,6381f1072627d520b2cf7d4f0d409e6722cd15797b2904d803514659c6c50bb3
tcn,clean_only,202,bandpass_n20005_cLL_V4_covariance_s0,phase2/results/predictions/full/clean_only/tcn/seed_202/bandpass_n20005_cLL_V4_covariance_s0.npz,75850,e8ea1112d56e5f93aa06bb1f4b1d2698a4fd5c23bb3bf0311479b07a5e31fd93
tcn,clean_only,202,bandpass_n20005_cRA_LA_V1_V6_independent_rms_s20,phase2/results/predictions/full/clean_only/tcn/seed_202/bandpass_n20005_cRA_LA_V1_V6_independent_rms_s20.npz,76441,c970b0951f5aa3d613ac1e7deeeeb34b9b7aae032d3aecb0cc3d8a9283bba20a
tcn,clean_only,202,bandpass_n20005_cRA_LA_V1_V6_independent_rms_s15,phase2/results/predictions/full/clean_only/tcn/seed_202/bandpass_n20005_cRA_LA_V1_V6_independent_rms_s15.npz,76458,4a795f6e7ba604875a1e5246d0f20309f16e8faa937150fb7f9dc714c7868549
tcn,clean_only,202,bandpass_n20005_cRA_LA_V1_V6_independent_rms_s10,phase2/results/predictions/full/clean_only/tcn/seed_202/bandpass_n20005_cRA_LA_V1_V6_independent_rms_s10.npz,76445,a1d9b385bdf3262cea45755173fdf73fa9c4c552c52fda9263714743953d13c8
tcn,clean_only,202,bandpass_n20005_cRA_LA_V1_V6_independent_rms_s5,phase2/results/predictions/full/clean_only/tcn/seed_202/bandpass_n20005_cRA_LA_V1_V6_independent_rms_s5.npz,76234,2eaaeb0bbc7a4df8f55052c4e7c4790b295e221f863f1e12d3ca839b503dc6f7
tcn,clean_only,202,bandpass_n20005_cRA_LA_V1_V6_independent_rms_s0,phase2/results/predictions/full/clean_only/tcn/seed_202/bandpass_n20005_cRA_LA_V1_V6_independent_rms_s0.npz,75883,7c54ad91540adea88b8cba7b01422b9b49bc342f8e9fc2bb26893e9a3ba90af2
tcn,clean_only,202,bandpass_n20005_cRA_LA_V1_V6_electrode_s20,phase2/results/predictions/full/clean_only/tcn/seed_202/bandpass_n20005_cRA_LA_V1_V6_electrode_s20.npz,76473,c3c2a8ef0e14a13770f1e884af23c1a2a4768a45904c0d5f5265798992d832ed
tcn,clean_only,202,bandpass_n20005_cRA_LA_V1_V6_electrode_s15,phase2/results/predictions/full/clean_only/tcn/seed_202/bandpass_n20005_cRA_LA_V1_V6_electrode_s15.npz,76471,bf3175fc9833241f326413c3d3e1af6b668211f3992cef2b898b7221ddb7de6f
tcn,clean_only,202,bandpass_n20005_cRA_LA_V1_V6_electrode_s10,phase2/results/predictions/full/clean_only/tcn/seed_202/bandpass_n20005_cRA_LA_V1_V6_electrode_s10.npz,76345,3876ca0cc5f33473b793e367cc35c99973319d4efbe8844dbe973e7c5f162941
tcn,clean_only,202,bandpass_n20005_cRA_LA_V1_V6_electrode_s5,phase2/results/predictions/full/clean_only/tcn/seed_202/bandpass_n20005_cRA_LA_V1_V6_electrode_s5.npz,76106,964620938f8e97e0643a2070b981453d9500f53a939a171869aa1debfa3b851a
tcn,clean_only,202,bandpass_n20005_cRA_LA_V1_V6_electrode_s0,phase2/results/predictions/full/clean_only/tcn/seed_202/bandpass_n20005_cRA_LA_V1_V6_electrode_s0.npz,75568,4a8fd0e563dd7e21b2d3dfab780a30569b6fd49c7bea1d1ac5ddb4e9f91f3401
tcn,clean_only,202,bandpass_n20005_cRA_LA_V1_V6_covariance_s20,phase2/results/predictions/full/clean_only/tcn/seed_202/bandpass_n20005_cRA_LA_V1_V6_covariance_s20.npz,76434,4cff557331740e8da7ac08217c18b5b35eb56f3f234f02395237d13b19114045
tcn,clean_only,202,bandpass_n20005_cRA_LA_V1_V6_covariance_s15,phase2/results/predictions/full/clean_only/tcn/seed_202/bandpass_n20005_cRA_LA_V1_V6_covariance_s15.npz,76432,5791b8525f1812cc9056a6c3dfa1d11e5f172175e9881bcb1becd2a969409ce1
tcn,clean_only,202,bandpass_n20005_cRA_LA_V1_V6_covariance_s10,phase2/results/predictions/full/clean_only/tcn/seed_202/bandpass_n20005_cRA_LA_V1_V6_covariance_s10.npz,76350,8ed312f12deceb58fbaa088310c69c0851545be3056c714088c14b291fdd490c
tcn,clean_only,202,bandpass_n20005_cRA_LA_V1_V6_covariance_s5,phase2/results/predictions/full/clean_only/tcn/seed_202/bandpass_n20005_cRA_LA_V1_V6_covariance_s5.npz,76077,24184c5cc97f435c921384636c7a61ada2ec6aef74e5c4a5cffd7746f98e4475
tcn,clean_only,202,bandpass_n20005_cRA_LA_V1_V6_covariance_s0,phase2/results/predictions/full/clean_only/tcn/seed_202/bandpass_n20005_cRA_LA_V1_V6_covariance_s0.npz,75587,7777b39d4fa4937158fb3abbbe71a4438a384f0e6744a37698c1269b61026700
tcn,clean_only,202,bandpass_n20005_cRA_V2_V5_independent_rms_s20,phase2/results/predictions/full/clean_only/tcn/seed_202/bandpass_n20005_cRA_V2_V5_independent_rms_s20.npz,76468,3dfbaa2e522822a7c50b32183ecc5d6b20189f7c09e59dd4723ad738463a7ddd
tcn,clean_only,202,bandpass_n20005_cRA_V2_V5_independent_rms_s15,phase2/results/predictions/full/clean_only/tcn/seed_202/bandpass_n20005_cRA_V2_V5_independent_rms_s15.npz,76459,0aa1d39599e0f12008b18f81b77a3f247207dd52358bac1a520e26fa80aff6dd
tcn,clean_only,202,bandpass_n20005_cRA_V2_V5_independent_rms_s10,phase2/results/predictions/full/clean_only/tcn/seed_202/bandpass_n20005_cRA_V2_V5_independent_rms_s10.npz,76409,aed23a245ffe61c75ea82d67efd6278f3e4a05213903889b0a8770987a534287
tcn,clean_only,202,bandpass_n20005_cRA_V2_V5_independent_rms_s5,phase2/results/predictions/full/clean_only/tcn/seed_202/bandpass_n20005_cRA_V2_V5_independent_rms_s5.npz,76255,9252229f9508a2c5292b72d97818a0cb3ff0bf7348aebff23269d128ab90c77f
tcn,clean_only,202,bandpass_n20005_cRA_V2_V5_independent_rms_s0,phase2/results/predictions/full/clean_only/tcn/seed_202/bandpass_n20005_cRA_V2_V5_independent_rms_s0.npz,75871,71d8485f0edc7cfb4f54438e7bdec82d17798705d6b7c05a779120d548e9b86a
tcn,clean_only,202,bandpass_n20005_cRA_V2_V5_electrode_s20,phase2/results/predictions/full/clean_only/tcn/seed_202/bandpass_n20005_cRA_V2_V5_electrode_s20.npz,76483,da70abaf8899f88bde8116e383cb5e2dfb35176f523816a92e6f2f8ca811211e
tcn,clean_only,202,bandpass_n20005_cRA_V2_V5_electrode_s15,phase2/results/predictions/full/clean_only/tcn/seed_202/bandpass_n20005_cRA_V2_V5_electrode_s15.npz,76462,8d51c3eb0e1ec551461cb7de0a8cd68526baff53cbba616447da373e7309f3cd
tcn,clean_only,202,bandpass_n20005_cRA_V2_V5_electrode_s10,phase2/results/predictions/full/clean_only/tcn/seed_202/bandpass_n20005_cRA_V2_V5_electrode_s10.npz,76398,08f5503bf1f879a44d9c4bd907f128dd4c6831b4e50cc55006e3a241e18c1e6a
tcn,clean_only,202,bandpass_n20005_cRA_V2_V5_electrode_s5,phase2/results/predictions/full/clean_only/tcn/seed_202/bandpass_n20005_cRA_V2_V5_electrode_s5.npz,76195,e4faffb4d88e61401a9e9778b765b93d41333d4a186eb1466b7324f1860dd084
tcn,clean_only,202,bandpass_n20005_cRA_V2_V5_electrode_s0,phase2/results/predictions/full/clean_only/tcn/seed_202/bandpass_n20005_cRA_V2_V5_electrode_s0.npz,75826,707118be589bf49e080e1929da974da71f4c8b0f0b855f26f142d55245a6fce5
tcn,clean_only,202,bandpass_n20005_cRA_V2_V5_covariance_s20,phase2/results/predictions/full/clean_only/tcn/seed_202/bandpass_n20005_cRA_V2_V5_covariance_s20.npz,76439,2d3b259bbb84b6f0bba81d06ae1a84b6fc9bf3a1f54026261f4f89ed9ec814a7
tcn,clean_only,202,bandpass_n20005_cRA_V2_V5_covariance_s15,phase2/results/predictions/full/clean_only/tcn/seed_202/bandpass_n20005_cRA_V2_V5_covariance_s15.npz,76435,42e0ee4570c6ce623415300f77605cae4807d934686d2fbd5e8a31f2fde11334
tcn,clean_only,202,bandpass_n20005_cRA_V2_V5_covariance_s10,phase2/results/predictions/full/clean_only/tcn/seed_202/bandpass_n20005_cRA_V2_V5_covariance_s10.npz,76372,9085f1995497da319833830d022b102ef759a9c52bb50d5a2da390945f1f1be4
tcn,clean_only,202,bandpass_n20005_cRA_V2_V5_covariance_s5,phase2/results/predictions/full/clean_only/tcn/seed_202/bandpass_n20005_cRA_V2_V5_covariance_s5.npz,76184,7d7db8f7bc7970397a3ef205ccd7c81fae98d067a39549ab13e739395140bab9
tcn,clean_only,202,bandpass_n20005_cRA_V2_V5_covariance_s0,phase2/results/predictions/full/clean_only/tcn/seed_202/bandpass_n20005_cRA_V2_V5_covariance_s0.npz,75855,c352ec8191c42847b276dff15f33e6ee4b16d6745103892558c689cac09a72de
tcn,clean_only,202,bandpass_n20005_cLA_V3_V6_independent_rms_s20,phase2/results/predictions/full/clean_only/tcn/seed_202/bandpass_n20005_cLA_V3_V6_independent_rms_s20.npz,76472,e2abbc6195f10e16d5df36dccc41f87c3ef9dd557487112b75e1c1fb28899ade
tcn,clean_only,202,bandpass_n20005_cLA_V3_V6_independent_rms_s15,phase2/results/predictions/full/clean_only/tcn/seed_202/bandpass_n20005_cLA_V3_V6_independent_rms_s15.npz,76463,c1c65327f8bf3c3002ccbee65acea41070e63e5c2eb7185f0a9ae48719c416bd
tcn,clean_only,202,bandpass_n20005_cLA_V3_V6_independent_rms_s10,phase2/results/predictions/full/clean_only/tcn/seed_202/bandpass_n20005_cLA_V3_V6_independent_rms_s10.npz,76441,b295e91ba585606581ef8da8f5923537b4b5a03256dd739f7713bff1fbaba33d
tcn,clean_only,202,bandpass_n20005_cLA_V3_V6_independent_rms_s5,phase2/results/predictions/full/clean_only/tcn/seed_202/bandpass_n20005_cLA_V3_V6_independent_rms_s5.npz,76296,96059a579f3ef92152f955b108e2ed22767d207276e24dbc2cd518097bd0568d
tcn,clean_only,202,bandpass_n20005_cLA_V3_V6_independent_rms_s0,phase2/results/predictions/full/clean_only/tcn/seed_202/bandpass_n20005_cLA_V3_V6_independent_rms_s0.npz,75959,850215c356ebfca1559017272eff50a9d0a6ebaa4ea2e3d36fceadf8e72a4e58
tcn,clean_only,202,bandpass_n20005_cLA_V3_V6_electrode_s20,phase2/results/predictions/full/clean_only/tcn/seed_202/bandpass_n20005_cLA_V3_V6_electrode_s20.npz,76436,a66c35d2498a1ac96105fe76980685de42901a8116ef53d04d84fb856ef31317
tcn,clean_only,202,bandpass_n20005_cLA_V3_V6_electrode_s15,phase2/results/predictions/full/clean_only/tcn/seed_202/bandpass_n20005_cLA_V3_V6_electrode_s15.npz,76457,c3039819fa143910b388a28aa2bcc43b5936eeba43453cc7e750f225672caea4
tcn,clean_only,202,bandpass_n20005_cLA_V3_V6_electrode_s10,phase2/results/predictions/full/clean_only/tcn/seed_202/bandpass_n20005_cLA_V3_V6_electrode_s10.npz,76340,732f703823ab253c83cdfeb69899f3721371881bf76a5ced800cb45b79d5c926
tcn,clean_only,202,bandpass_n20005_cLA_V3_V6_electrode_s5,phase2/results/predictions/full/clean_only/tcn/seed_202/bandpass_n20005_cLA_V3_V6_electrode_s5.npz,76118,37df1b9b32f7e7b52451af955b6d62d0c80d6baebb5a2c1e04e7c3c02f847467
tcn,clean_only,202,bandpass_n20005_cLA_V3_V6_electrode_s0,phase2/results/predictions/full/clean_only/tcn/seed_202/bandpass_n20005_cLA_V3_V6_electrode_s0.npz,75844,daf0dd9907b99a691d829ffd85d0d204b61c354facb50726b451068d328686f2
tcn,clean_only,202,bandpass_n20005_cLA_V3_V6_covariance_s20,phase2/results/predictions/full/clean_only/tcn/seed_202/bandpass_n20005_cLA_V3_V6_covariance_s20.npz,76450,f26d5f96b1d79555495e547b31970eb4170c505cf6a7a0e4b659cf5cc7d9dfcb
tcn,clean_only,202,bandpass_n20005_cLA_V3_V6_covariance_s15,phase2/results/predictions/full/clean_only/tcn/seed_202/bandpass_n20005_cLA_V3_V6_covariance_s15.npz,76414,aedf1cfbe7e0513cd3804bfe71c305c1fb1bb4607fac8f1a1af6636604178b98
tcn,clean_only,202,bandpass_n20005_cLA_V3_V6_covariance_s10,phase2/results/predictions/full/clean_only/tcn/seed_202/bandpass_n20005_cLA_V3_V6_covariance_s10.npz,76369,3a2019cef7be2c9a7677e976a22a4b9f893291b1d23922e3cb35299bba1dd947
tcn,clean_only,202,bandpass_n20005_cLA_V3_V6_covariance_s5,phase2/results/predictions/full/clean_only/tcn/seed_202/bandpass_n20005_cLA_V3_V6_covariance_s5.npz,76100,76636ea30e897a77f3021ab4c70d92f4a080d68c6ea9b13351ca83433eb65621
tcn,clean_only,202,bandpass_n20005_cLA_V3_V6_covariance_s0,phase2/results/predictions/full/clean_only/tcn/seed_202/bandpass_n20005_cLA_V3_V6_covariance_s0.npz,75837,4a91585a4df7a6faca112632a8ac83c5aa0ab56d0f7544123554704768121000
tcn,clean_only,202,bandpass_n20005_cLL_V1_V4_independent_rms_s20,phase2/results/predictions/full/clean_only/tcn/seed_202/bandpass_n20005_cLL_V1_V4_independent_rms_s20.npz,76496,6e190fca4dab48d639c21c6f88f39a6509c80d57603ac8c21f12c51d8ab7a055
tcn,clean_only,202,bandpass_n20005_cLL_V1_V4_independent_rms_s15,phase2/results/predictions/full/clean_only/tcn/seed_202/bandpass_n20005_cLL_V1_V4_independent_rms_s15.npz,76448,c6a0c065cfc1a4f82b734cb92a031265b7d60db0f3c874d74aa82a193ab0d5a6
tcn,clean_only,202,bandpass_n20005_cLL_V1_V4_independent_rms_s10,phase2/results/predictions/full/clean_only/tcn/seed_202/bandpass_n20005_cLL_V1_V4_independent_rms_s10.npz,76398,d45b16bbd26cfebb1a322b0938db53a10f19c9eb75bbbe9187be2c8bff5dcc3a
tcn,clean_only,202,bandpass_n20005_cLL_V1_V4_independent_rms_s5,phase2/results/predictions/full/clean_only/tcn/seed_202/bandpass_n20005_cLL_V1_V4_independent_rms_s5.npz,76183,7d896629e8c6980c4564ebeccbac7d76fa29a47633ca086036e2646319eb5853
tcn,clean_only,202,bandpass_n20005_cLL_V1_V4_independent_rms_s0,phase2/results/predictions/full/clean_only/tcn/seed_202/bandpass_n20005_cLL_V1_V4_independent_rms_s0.npz,75800,eb84be30e8d119348aed0194788ed2a34db873c769585970f74de34be6cbb2a6
tcn,clean_only,202,bandpass_n20005_cLL_V1_V4_electrode_s20,phase2/results/predictions/full/clean_only/tcn/seed_202/bandpass_n20005_cLL_V1_V4_electrode_s20.npz,76480,cd729f21f20a39980ffc3cf00c49a351ea994e6db28d7a669c1bbddf518a7569
tcn,clean_only,202,bandpass_n20005_cLL_V1_V4_electrode_s15,phase2/results/predictions/full/clean_only/tcn/seed_202/bandpass_n20005_cLL_V1_V4_electrode_s15.npz,76421,4298a5c752f594544bffd181d7f53f5908f5f8777d9915370c6b1c7a12a340d9
tcn,clean_only,202,bandpass_n20005_cLL_V1_V4_electrode_s10,phase2/results/predictions/full/clean_only/tcn/seed_202/bandpass_n20005_cLL_V1_V4_electrode_s10.npz,76308,8c785b127f0429a36d9bc6a6a62daf72b9463ad55dd9ea5203913dfd2b253600
tcn,clean_only,202,bandpass_n20005_cLL_V1_V4_electrode_s5,phase2/results/predictions/full/clean_only/tcn/seed_202/bandpass_n20005_cLL_V1_V4_electrode_s5.npz,76050,d5f06b086695701de7cc2f10170a6cb277c964324812a238105179b7f81fe762
tcn,clean_only,202,bandpass_n20005_cLL_V1_V4_electrode_s0,phase2/results/predictions/full/clean_only/tcn/seed_202/bandpass_n20005_cLL_V1_V4_electrode_s0.npz,75784,56d4a92f4b8bae799b4a6a9c5f13f85b4096bbb7b710fdbac78c9d1f73777d43
tcn,clean_only,202,bandpass_n20005_cLL_V1_V4_covariance_s20,phase2/results/predictions/full/clean_only/tcn/seed_202/bandpass_n20005_cLL_V1_V4_covariance_s20.npz,76423,99c14a669136cba004b65a5d0c970fda1eed07b6d5436971e86d49fa11460655
tcn,clean_only,202,bandpass_n20005_cLL_V1_V4_covariance_s15,phase2/results/predictions/full/clean_only/tcn/seed_202/bandpass_n20005_cLL_V1_V4_covariance_s15.npz,76411,18c2ee83f30a3feea1e0a32b25dbf3e0a01691a6f4173cb4e08828e9801af0cc
tcn,clean_only,202,bandpass_n20005_cLL_V1_V4_covariance_s10,phase2/results/predictions/full/clean_only/tcn/seed_202/bandpass_n20005_cLL_V1_V4_covariance_s10.npz,76305,184eefc22283000fd83e0e86d3598e1d756046e42260bf84799e84cc1e90edfc
tcn,clean_only,202,bandpass_n20005_cLL_V1_V4_covariance_s5,phase2/results/predictions/full/clean_only/tcn/seed_202/bandpass_n20005_cLL_V1_V4_covariance_s5.npz,76032,8be35a5581fb55e82898fe5cf038b7dbc8568ca0843da6681d56f7be320de0ab
tcn,clean_only,202,bandpass_n20005_cLL_V1_V4_covariance_s0,phase2/results/predictions/full/clean_only/tcn/seed_202/bandpass_n20005_cLL_V1_V4_covariance_s0.npz,75811,996277b7d2f93101c4fc225fad34b5e7515d3a6e199a5c36d4b49ba2ab61a9b3
tcn,clean_only,202,bandpass_n20005_call_independent_rms_s20,phase2/results/predictions/full/clean_only/tcn/seed_202/bandpass_n20005_call_independent_rms_s20.npz,76441,986fe693fd479fc16fc38d9854daf17d19c09801211d7fd3315d42b4495ca130
tcn,clean_only,202,bandpass_n20005_call_independent_rms_s15,phase2/results/predictions/full/clean_only/tcn/seed_202/bandpass_n20005_call_independent_rms_s15.npz,76430,73b888f9e630a451071832e9ccfcefdd6305ce890b604b703875b08c82c33286
tcn,clean_only,202,bandpass_n20005_call_independent_rms_s10,phase2/results/predictions/full/clean_only/tcn/seed_202/bandpass_n20005_call_independent_rms_s10.npz,76387,6ff75897144f5672547fc79a2505f25c572fea5a866de0655dc8ad75478af2c7
tcn,clean_only,202,bandpass_n20005_call_independent_rms_s5,phase2/results/predictions/full/clean_only/tcn/seed_202/bandpass_n20005_call_independent_rms_s5.npz,76147,8930c6311f06683c091da1fd54364a12753f114d49bd95a316c9f65f810740a1
tcn,clean_only,202,bandpass_n20005_call_independent_rms_s0,phase2/results/predictions/full/clean_only/tcn/seed_202/bandpass_n20005_call_independent_rms_s0.npz,75848,33c946d7a8f03415cb1bdeb12aee2070c31d064cf852cddbdfac85dfb7b3c096
tcn,clean_only,202,bandpass_n20005_call_electrode_s20,phase2/results/predictions/full/clean_only/tcn/seed_202/bandpass_n20005_call_electrode_s20.npz,76372,831d4c84cf43d77fde1f783df499c250638c80af67e3bb5f9a5058be842377e7
tcn,clean_only,202,bandpass_n20005_call_electrode_s15,phase2/results/predictions/full/clean_only/tcn/seed_202/bandpass_n20005_call_electrode_s15.npz,76395,455e95b00fc05783de4f276dc5348699be9a234dfa370c02234c266515297548
tcn,clean_only,202,bandpass_n20005_call_electrode_s10,phase2/results/predictions/full/clean_only/tcn/seed_202/bandpass_n20005_call_electrode_s10.npz,76313,e5822b76a82d40eef01563104e7b15e6d39886da049061c51b97d90f294f2347
tcn,clean_only,202,bandpass_n20005_call_electrode_s5,phase2/results/predictions/full/clean_only/tcn/seed_202/bandpass_n20005_call_electrode_s5.npz,76039,a58497fbfc4b9c04794f8bf433ee10790bfd813f595f8ea46534914f9c6627f5
tcn,clean_only,202,bandpass_n20005_call_electrode_s0,phase2/results/predictions/full/clean_only/tcn/seed_202/bandpass_n20005_call_electrode_s0.npz,75660,a7ae9e40706b9796df7dfb895b55430751ad766358b54979df718a285166a60d
tcn,clean_only,202,bandpass_n20005_call_covariance_s20,phase2/results/predictions/full/clean_only/tcn/seed_202/bandpass_n20005_call_covariance_s20.npz,76395,4fd32737e1cc45d85984fbe2c87542a9d5903fbf8cf0021bbb21f489ee3e9cce
tcn,clean_only,202,bandpass_n20005_call_covariance_s15,phase2/results/predictions/full/clean_only/tcn/seed_202/bandpass_n20005_call_covariance_s15.npz,76398,a095bb49d5522fa539b9fd4eb8b41a31232629fe9d39970d49fdb6e025964f4d
tcn,clean_only,202,bandpass_n20005_call_covariance_s10,phase2/results/predictions/full/clean_only/tcn/seed_202/bandpass_n20005_call_covariance_s10.npz,76281,33f12464308c4ef231ad414b31ce5740a78249ec93eacf57496ee3899e8f6f8d
tcn,clean_only,202,bandpass_n20005_call_covariance_s5,phase2/results/predictions/full/clean_only/tcn/seed_202/bandpass_n20005_call_covariance_s5.npz,76042,5c571a7bbe93f34e6f7f3e10d263c180bf1c86d40e53d076933b5b542bc159ab
tcn,clean_only,202,bandpass_n20005_call_covariance_s0,phase2/results/predictions/full/clean_only/tcn/seed_202/bandpass_n20005_call_covariance_s0.npz,75635,3127b55279f37e9c68398a95c059ac6b7ae2def378a06380e12d2272600321e3
tcn,clean_only,202,bw_n20001_call_independent_rms_s20,phase2/results/predictions/full/clean_only/tcn/seed_202/bw_n20001_call_independent_rms_s20.npz,76385,5a177ae59c4661589fed2c7a7ef9f182b5794e28384d28ed3ecd181ff86bfba3
tcn,clean_only,202,bw_n20001_call_independent_rms_s10,phase2/results/predictions/full/clean_only/tcn/seed_202/bw_n20001_call_independent_rms_s10.npz,76398,af25be6de027f10240254c09387303da061597640cef8de0a5a49db16c489d6c
tcn,clean_only,202,bw_n20001_call_independent_rms_s0,phase2/results/predictions/full/clean_only/tcn/seed_202/bw_n20001_call_independent_rms_s0.npz,76199,0f421a3a7703c4a7ab35b55ef6ab6b09903313f3f3e3d3e4ab7c0874aa04813b
tcn,clean_only,202,bw_n20001_call_electrode_s20,phase2/results/predictions/full/clean_only/tcn/seed_202/bw_n20001_call_electrode_s20.npz,76395,d5f422a1960ef8c972b636fa94ebd93146562fc3c3dee57a498dac6cc14bccf6
tcn,clean_only,202,bw_n20001_call_electrode_s10,phase2/results/predictions/full/clean_only/tcn/seed_202/bw_n20001_call_electrode_s10.npz,76356,588989acf30a428c75d134e93aff8ea2d5940be90417a835f345b52dd064ebf3
tcn,clean_only,202,bw_n20001_call_electrode_s0,phase2/results/predictions/full/clean_only/tcn/seed_202/bw_n20001_call_electrode_s0.npz,76169,771d6625d64ff4528e765f86e661a3f753d47b5a4231501ec8c9e750a1fbb7a3
tcn,clean_only,202,bw_n20001_call_covariance_s20,phase2/results/predictions/full/clean_only/tcn/seed_202/bw_n20001_call_covariance_s20.npz,76411,895e1d27f67e740f5c78fe98263f4e0c7debfb5963bb57b269ba885c4a61e1e2
tcn,clean_only,202,bw_n20001_call_covariance_s10,phase2/results/predictions/full/clean_only/tcn/seed_202/bw_n20001_call_covariance_s10.npz,76390,34ec3feb828a9baedbdb5b64880e076d5fe052f9d3b56405c33f3e2087d718c9
tcn,clean_only,202,bw_n20001_call_covariance_s0,phase2/results/predictions/full/clean_only/tcn/seed_202/bw_n20001_call_covariance_s0.npz,76168,75f94da595561ac64d841f3e4e83dbb5d07155bf993f8c957906b6c0b1de4597
tcn,clean_only,202,bw_n20002_call_independent_rms_s20,phase2/results/predictions/full/clean_only/tcn/seed_202/bw_n20002_call_independent_rms_s20.npz,76404,c3c57756dbb2d909739b9268da24fb29955c07eaa78b843ab8aed151220f90fd
tcn,clean_only,202,bw_n20002_call_independent_rms_s10,phase2/results/predictions/full/clean_only/tcn/seed_202/bw_n20002_call_independent_rms_s10.npz,76406,9166039e41545c1f82ff75d101db367192f5541cd11ae448afea4a14cb6e93d2
tcn,clean_only,202,bw_n20002_call_independent_rms_s0,phase2/results/predictions/full/clean_only/tcn/seed_202/bw_n20002_call_independent_rms_s0.npz,76184,e0e577b17f1b159e51de110db3784df1ba57a4118e3fc46e646b85792fb605c0
tcn,clean_only,202,bw_n20002_call_electrode_s20,phase2/results/predictions/full/clean_only/tcn/seed_202/bw_n20002_call_electrode_s20.npz,76409,0c3793c9a413bc9fe48b435514f5bc1ac257d2dfe5affb6bdc9a29de4f7fa0d0
tcn,clean_only,202,bw_n20002_call_electrode_s10,phase2/results/predictions/full/clean_only/tcn/seed_202/bw_n20002_call_electrode_s10.npz,76376,0ecf3875a51a3b44f2cb6724abce9c93496ab350329faee644d5408ae4407c50
tcn,clean_only,202,bw_n20002_call_electrode_s0,phase2/results/predictions/full/clean_only/tcn/seed_202/bw_n20002_call_electrode_s0.npz,76127,96b43ba368b96f7453bb3e50bb0807c188ac7a8fdd2398881c475fe383273c9d
tcn,clean_only,202,bw_n20002_call_covariance_s20,phase2/results/predictions/full/clean_only/tcn/seed_202/bw_n20002_call_covariance_s20.npz,76404,6ac6ab74e9996b814779a6c49bdfc29c38acbe9620b62268fbef1e1c05df1069
tcn,clean_only,202,bw_n20002_call_covariance_s10,phase2/results/predictions/full/clean_only/tcn/seed_202/bw_n20002_call_covariance_s10.npz,76384,fc524738a9270f80a57343ee5e4e987c52cc6918d02a865415ab0bc68cc79685
tcn,clean_only,202,bw_n20002_call_covariance_s0,phase2/results/predictions/full/clean_only/tcn/seed_202/bw_n20002_call_covariance_s0.npz,76143,df5d122f94c0f718d78b633bb5897b0986a74674b4f75c06d85f514e7f002317
tcn,clean_only,202,bw_n20003_call_independent_rms_s20,phase2/results/predictions/full/clean_only/tcn/seed_202/bw_n20003_call_independent_rms_s20.npz,76443,40d2aeae0bee39951cbc6293bd3c09596409dd77301d7e8b1a00b65621f60d85
tcn,clean_only,202,bw_n20003_call_independent_rms_s10,phase2/results/predictions/full/clean_only/tcn/seed_202/bw_n20003_call_independent_rms_s10.npz,76404,4f616d54440db2edb14dc13bf5aaeb792ac7e84a7c4c767651ee7f6d760eabb6
tcn,clean_only,202,bw_n20003_call_independent_rms_s0,phase2/results/predictions/full/clean_only/tcn/seed_202/bw_n20003_call_independent_rms_s0.npz,76218,aa833c7870452618cb5c76021ee7355f49578856b87413662eab8c5492588a75
tcn,clean_only,202,bw_n20003_call_electrode_s20,phase2/results/predictions/full/clean_only/tcn/seed_202/bw_n20003_call_electrode_s20.npz,76415,121140b755a73db6516cbb8151b1f3cd9ba669ce6affb884757fb8b3f9cdfe7d
tcn,clean_only,202,bw_n20003_call_electrode_s10,phase2/results/predictions/full/clean_only/tcn/seed_202/bw_n20003_call_electrode_s10.npz,76377,b0d3fc2d3119ad9a5f2eb41d3d34ba771bfc95ed4e2a49a8404e0878f269727b
tcn,clean_only,202,bw_n20003_call_electrode_s0,phase2/results/predictions/full/clean_only/tcn/seed_202/bw_n20003_call_electrode_s0.npz,76121,d65d8404c64067551e9957ad170b45651c427af7904182fc18971f45b6edb16a
tcn,clean_only,202,bw_n20003_call_covariance_s20,phase2/results/predictions/full/clean_only/tcn/seed_202/bw_n20003_call_covariance_s20.npz,76399,d18f43ca69faeda3e50c2b9f57257b3496c36bf839c101d4f249bd287fb29b25
tcn,clean_only,202,bw_n20003_call_covariance_s10,phase2/results/predictions/full/clean_only/tcn/seed_202/bw_n20003_call_covariance_s10.npz,76382,b04ee1c0784bd6a4a4de1acd60f84b3baad1cceb354ea90cd2745b13e2c8b26e
tcn,clean_only,202,bw_n20003_call_covariance_s0,phase2/results/predictions/full/clean_only/tcn/seed_202/bw_n20003_call_covariance_s0.npz,76137,d5a0b9298e77cfb24b94da86c1cdbda51ca15bfc9dabaf9275cdcb371bc0e257
tcn,clean_only,202,bw_n20004_call_independent_rms_s20,phase2/results/predictions/full/clean_only/tcn/seed_202/bw_n20004_call_independent_rms_s20.npz,76461,cf7ea78ed291b3fb0f98247e2610540b1fd3f51194491ed1a14de51a87ddb5ee
tcn,clean_only,202,bw_n20004_call_independent_rms_s10,phase2/results/predictions/full/clean_only/tcn/seed_202/bw_n20004_call_independent_rms_s10.npz,76393,a9d3a572a453bd901fb93d012e314ad208921145ca994dbc1705a8bc659de6c6
tcn,clean_only,202,bw_n20004_call_independent_rms_s0,phase2/results/predictions/full/clean_only/tcn/seed_202/bw_n20004_call_independent_rms_s0.npz,76189,90db6b2070ea4c37055a41d5ea2498ad651fc472abfcd2af121c636439c1dd20
tcn,clean_only,202,bw_n20004_call_electrode_s20,phase2/results/predictions/full/clean_only/tcn/seed_202/bw_n20004_call_electrode_s20.npz,76394,8c783b0879971c797e77e48df8471976b21a525debd2daec2b933fd3bc691de3
tcn,clean_only,202,bw_n20004_call_electrode_s10,phase2/results/predictions/full/clean_only/tcn/seed_202/bw_n20004_call_electrode_s10.npz,76434,20ace63e4584fb193b40437b05c2110643eefc3c453b0f6fc35ba120a3976a24
tcn,clean_only,202,bw_n20004_call_electrode_s0,phase2/results/predictions/full/clean_only/tcn/seed_202/bw_n20004_call_electrode_s0.npz,76135,22e485b7ce3f5916e1c2c106987716dac3eb15c56ed8a093caa886332a74db30
tcn,clean_only,202,bw_n20004_call_covariance_s20,phase2/results/predictions/full/clean_only/tcn/seed_202/bw_n20004_call_covariance_s20.npz,76390,edbfb09e9ee8ea39c98645db5eabdf82d9f0784fd9b05391df1c23595ebbeb48
tcn,clean_only,202,bw_n20004_call_covariance_s10,phase2/results/predictions/full/clean_only/tcn/seed_202/bw_n20004_call_covariance_s10.npz,76384,39cd16d1eb2181e8c56e72db945a665e309eda59ddf6f90b37f3db15bfc31426
tcn,clean_only,202,bw_n20004_call_covariance_s0,phase2/results/predictions/full/clean_only/tcn/seed_202/bw_n20004_call_covariance_s0.npz,76162,c0b02530a3ffeb45de882c5a39c17ac80569df435b56bd13584802d2f50c4630
tcn,clean_only,202,bw_n20005_call_independent_rms_s20,phase2/results/predictions/full/clean_only/tcn/seed_202/bw_n20005_call_independent_rms_s20.npz,76436,db71fd7d3aa23a0924007f9f593a698298b9cc5dbf6add5a50261d46a0d401a1
tcn,clean_only,202,bw_n20005_call_independent_rms_s10,phase2/results/predictions/full/clean_only/tcn/seed_202/bw_n20005_call_independent_rms_s10.npz,76397,f8874e4746c76a024a7c5aafdcf3b64155f9f3262ed311580ffbf3c3241afe9a
tcn,clean_only,202,bw_n20005_call_independent_rms_s0,phase2/results/predictions/full/clean_only/tcn/seed_202/bw_n20005_call_independent_rms_s0.npz,76197,59fe3c4c57a5efc6d6bc799b9e644aa404994d3a2edff6722eeda8a9a06e1582
tcn,clean_only,202,bw_n20005_call_electrode_s20,phase2/results/predictions/full/clean_only/tcn/seed_202/bw_n20005_call_electrode_s20.npz,76418,44190e691ff9be529679ba2c880c4a3dd047b2bdd92a2b74c4810778e019e16e
tcn,clean_only,202,bw_n20005_call_electrode_s10,phase2/results/predictions/full/clean_only/tcn/seed_202/bw_n20005_call_electrode_s10.npz,76409,59d45267680ff26a7ccea3da4230445c2891fe9f4734264b8f41dd7eac8264ca
tcn,clean_only,202,bw_n20005_call_electrode_s0,phase2/results/predictions/full/clean_only/tcn/seed_202/bw_n20005_call_electrode_s0.npz,76144,15f66dac50221006ee1fffb6d336f912e8afbd82000e11ce2b6bb9b5b605e6dd
tcn,clean_only,202,bw_n20005_call_covariance_s20,phase2/results/predictions/full/clean_only/tcn/seed_202/bw_n20005_call_covariance_s20.npz,76429,cd63f0df47e296e0c22ddb6437a85a8d4fc72dd5d83583f832a2e929b73b5b0a
tcn,clean_only,202,bw_n20005_call_covariance_s10,phase2/results/predictions/full/clean_only/tcn/seed_202/bw_n20005_call_covariance_s10.npz,76381,0f1d539a8ee03d69bbbe059e03ddc9f1517e0f45df1cd80f10ff5e1d35d763a8
tcn,clean_only,202,bw_n20005_call_covariance_s0,phase2/results/predictions/full/clean_only/tcn/seed_202/bw_n20005_call_covariance_s0.npz,76127,8603b41c3e9f14846c78e477151bab858e2f8c8b13a0683ed4664413502dda61
tcn,clean_only,202,ma_n20001_call_independent_rms_s20,phase2/results/predictions/full/clean_only/tcn/seed_202/ma_n20001_call_independent_rms_s20.npz,76409,30c2afb430576caae38d4b0b655f745286f88bd1ef1e29c9c31f524389904661
tcn,clean_only,202,ma_n20001_call_independent_rms_s10,phase2/results/predictions/full/clean_only/tcn/seed_202/ma_n20001_call_independent_rms_s10.npz,76398,eb3abbe9f3eec2ed1ebbc0cea9d119b00de11122db06ff953909b18dd3f7ba8e
tcn,clean_only,202,ma_n20001_call_independent_rms_s0,phase2/results/predictions/full/clean_only/tcn/seed_202/ma_n20001_call_independent_rms_s0.npz,76079,cd4e58a68cd939bbfcf80c5b20d5996b827fd22fc2362d29e42f5c94359b64dd
tcn,clean_only,202,ma_n20001_call_electrode_s20,phase2/results/predictions/full/clean_only/tcn/seed_202/ma_n20001_call_electrode_s20.npz,76431,59d2c898bb289127125f4ba72fe798e03738496939e7e5db24ca82887e50eebc
tcn,clean_only,202,ma_n20001_call_electrode_s10,phase2/results/predictions/full/clean_only/tcn/seed_202/ma_n20001_call_electrode_s10.npz,76409,a2d535cf118fd61d1dcd34c00d6b4086ef68c74cda8bccfce5338b57dfeaeb81
tcn,clean_only,202,ma_n20001_call_electrode_s0,phase2/results/predictions/full/clean_only/tcn/seed_202/ma_n20001_call_electrode_s0.npz,75995,456aa741b7e0bddb1a7903c67ec10509a82d74d8caa1b9669fc1b962f51c9f13
tcn,clean_only,202,ma_n20001_call_covariance_s20,phase2/results/predictions/full/clean_only/tcn/seed_202/ma_n20001_call_covariance_s20.npz,76382,5c499ddad6501ee89d671ea15583400658cc28b1cea05cae4458104ce87c4f26
tcn,clean_only,202,ma_n20001_call_covariance_s10,phase2/results/predictions/full/clean_only/tcn/seed_202/ma_n20001_call_covariance_s10.npz,76353,03f95b1d5586312be8a2994befb34b8aede6417ae886bd39384677225a1c70c3
tcn,clean_only,202,ma_n20001_call_covariance_s0,phase2/results/predictions/full/clean_only/tcn/seed_202/ma_n20001_call_covariance_s0.npz,76058,86df6cee9562061d627237e671d1050dc1533911683f30da51df7cc9b7c1d459
tcn,clean_only,202,ma_n20002_call_independent_rms_s20,phase2/results/predictions/full/clean_only/tcn/seed_202/ma_n20002_call_independent_rms_s20.npz,76404,878d5d0a49a076d0cc698a13dec57692e383609df5527f71e30b925d8d868f89
tcn,clean_only,202,ma_n20002_call_independent_rms_s10,phase2/results/predictions/full/clean_only/tcn/seed_202/ma_n20002_call_independent_rms_s10.npz,76403,fc537ee7f0f5535798d6959836587e70f8c05218282217a02b0138b42581125d
tcn,clean_only,202,ma_n20002_call_independent_rms_s0,phase2/results/predictions/full/clean_only/tcn/seed_202/ma_n20002_call_independent_rms_s0.npz,76077,3903d9fc7ad7cc2b906b91125d4ec2ef38292d18b1b7ae7e04794043aee39ae8
tcn,clean_only,202,ma_n20002_call_electrode_s20,phase2/results/predictions/full/clean_only/tcn/seed_202/ma_n20002_call_electrode_s20.npz,76409,4b2d563addf587aabb077d479dcee54b61804c1707e9e5b411147e2247342289
tcn,clean_only,202,ma_n20002_call_electrode_s10,phase2/results/predictions/full/clean_only/tcn/seed_202/ma_n20002_call_electrode_s10.npz,76403,62c56fa3db40cbda9ca49a8774e2c60a1958adf1cae202085454341391bb144d
tcn,clean_only,202,ma_n20002_call_electrode_s0,phase2/results/predictions/full/clean_only/tcn/seed_202/ma_n20002_call_electrode_s0.npz,76040,2106f61c39576216a840b2b429019a9e7a4b3c6dcf7a1b57aab9c76c8106d58f
tcn,clean_only,202,ma_n20002_call_covariance_s20,phase2/results/predictions/full/clean_only/tcn/seed_202/ma_n20002_call_covariance_s20.npz,76403,d37d7bf610fecd27cdb722c2ba7d1235f0ea7fb6c5ad886e3a2dbe8664a5f4ee
tcn,clean_only,202,ma_n20002_call_covariance_s10,phase2/results/predictions/full/clean_only/tcn/seed_202/ma_n20002_call_covariance_s10.npz,76365,321b06253466a98597d4cff0a2b8e1072b751926cad13ff164f2fb25e48ba284
tcn,clean_only,202,ma_n20002_call_covariance_s0,phase2/results/predictions/full/clean_only/tcn/seed_202/ma_n20002_call_covariance_s0.npz,76092,1471cac4930df2210b4e96c5f334b65905735a08e7ca733c534286f40c2617f5
tcn,clean_only,202,ma_n20003_call_independent_rms_s20,phase2/results/predictions/full/clean_only/tcn/seed_202/ma_n20003_call_independent_rms_s20.npz,76386,92a7ff604fd166dc5fcdce582ab4648b4fb55437375e9cd457c152097a4f1376
tcn,clean_only,202,ma_n20003_call_independent_rms_s10,phase2/results/predictions/full/clean_only/tcn/seed_202/ma_n20003_call_independent_rms_s10.npz,76382,cd545d782be6d25daf01d71820edaa3cdec86f376b76568a5fb36705a5589514
tcn,clean_only,202,ma_n20003_call_independent_rms_s0,phase2/results/predictions/full/clean_only/tcn/seed_202/ma_n20003_call_independent_rms_s0.npz,76076,04b21e15a5a1ab93b1fb1d3c77e11ccaa13d489de43f8a33946587087051545f
tcn,clean_only,202,ma_n20003_call_electrode_s20,phase2/results/predictions/full/clean_only/tcn/seed_202/ma_n20003_call_electrode_s20.npz,76380,36c6838667617bcfe6a7d110d8e51f5fe4eb35384bb58fe93eab826f079c4d91
tcn,clean_only,202,ma_n20003_call_electrode_s10,phase2/results/predictions/full/clean_only/tcn/seed_202/ma_n20003_call_electrode_s10.npz,76368,6bcf5977a5b80e8fe2b9667c1eb0468c4c75f052d09a171517360e36a124eed2
tcn,clean_only,202,ma_n20003_call_electrode_s0,phase2/results/predictions/full/clean_only/tcn/seed_202/ma_n20003_call_electrode_s0.npz,76001,7c7e7087f7859e067206dbb73713c179948c3f97b469721053b472ea37fa1422
tcn,clean_only,202,ma_n20003_call_covariance_s20,phase2/results/predictions/full/clean_only/tcn/seed_202/ma_n20003_call_covariance_s20.npz,76408,b14769b1ebcfc569a39b22a407195e6d9f8695d0c9c1da25105d4cda5f5c0a5a
tcn,clean_only,202,ma_n20003_call_covariance_s10,phase2/results/predictions/full/clean_only/tcn/seed_202/ma_n20003_call_covariance_s10.npz,76376,ae2a74db2eb77b4826e3a5c5f57f45c1fb9412b37530d64d7f363143ec951743
tcn,clean_only,202,ma_n20003_call_covariance_s0,phase2/results/predictions/full/clean_only/tcn/seed_202/ma_n20003_call_covariance_s0.npz,76021,a9658b146fd01ec3c127d5e82e7e5faeb2cc150d39080810b728a33f61aeb367
tcn,clean_only,202,ma_n20004_call_independent_rms_s20,phase2/results/predictions/full/clean_only/tcn/seed_202/ma_n20004_call_independent_rms_s20.npz,76398,df0b62fe4543570ddb40fb1ca99ac03cdb6bdf22dfa51468744b291dd5698a39
tcn,clean_only,202,ma_n20004_call_independent_rms_s10,phase2/results/predictions/full/clean_only/tcn/seed_202/ma_n20004_call_independent_rms_s10.npz,76434,95649879d67b4259cf4497cb07dbb89bcac00d9c5a77f665657e40810a7267bd
tcn,clean_only,202,ma_n20004_call_independent_rms_s0,phase2/results/predictions/full/clean_only/tcn/seed_202/ma_n20004_call_independent_rms_s0.npz,76084,23c019f6edebd7878543fae57cb32b01800ec0cbeacafe92130802d747a5821a
tcn,clean_only,202,ma_n20004_call_electrode_s20,phase2/results/predictions/full/clean_only/tcn/seed_202/ma_n20004_call_electrode_s20.npz,76398,23cfc66e87cebbd0333ef14dcb3f9117646271ffa3fb88bb2b58e398a628411a
tcn,clean_only,202,ma_n20004_call_electrode_s10,phase2/results/predictions/full/clean_only/tcn/seed_202/ma_n20004_call_electrode_s10.npz,76402,78fc1336ffd8847f77c0e56a614317c48bea469e57137004cf9836b7d0e43092
tcn,clean_only,202,ma_n20004_call_electrode_s0,phase2/results/predictions/full/clean_only/tcn/seed_202/ma_n20004_call_electrode_s0.npz,76011,80c8e8ac1a5e6707f6a102a5ff9dbd054754b3edd35b9faa39fd316739f77397
tcn,clean_only,202,ma_n20004_call_covariance_s20,phase2/results/predictions/full/clean_only/tcn/seed_202/ma_n20004_call_covariance_s20.npz,76431,a0176e6eb9a2947e2cae017c49ad3396718f93af458cc7a3a1c2bfcbf26a0254
tcn,clean_only,202,ma_n20004_call_covariance_s10,phase2/results/predictions/full/clean_only/tcn/seed_202/ma_n20004_call_covariance_s10.npz,76385,d29c0568321068055eb609429529b49467a1ff5cceede539a5c8b5881e4e80b2
tcn,clean_only,202,ma_n20004_call_covariance_s0,phase2/results/predictions/full/clean_only/tcn/seed_202/ma_n20004_call_covariance_s0.npz,76032,b996125a1c8c1486686369e6cb97ee7ce672106f0536219c3143b21a618baa81
tcn,clean_only,202,ma_n20005_call_independent_rms_s20,phase2/results/predictions/full/clean_only/tcn/seed_202/ma_n20005_call_independent_rms_s20.npz,76403,83ec27df5f2d2c39feed05b18df25bc8d6975f8c80e30149ef05e176bbd2e6ca
tcn,clean_only,202,ma_n20005_call_independent_rms_s10,phase2/results/predictions/full/clean_only/tcn/seed_202/ma_n20005_call_independent_rms_s10.npz,76393,d9acfe25c1c7e3c66849645168a17762bea79febea1ddcc56aa4dff77345a527
tcn,clean_only,202,ma_n20005_call_independent_rms_s0,phase2/results/predictions/full/clean_only/tcn/seed_202/ma_n20005_call_independent_rms_s0.npz,76053,1195e98b33b629532b8a38c87c3398f84b0ed34a163e2880c6d1c9324da443d3
tcn,clean_only,202,ma_n20005_call_electrode_s20,phase2/results/predictions/full/clean_only/tcn/seed_202/ma_n20005_call_electrode_s20.npz,76387,0469edd0e4178c1eaa0d286df4c9e984792c5071af23aca91b7b6bc70f093c18
tcn,clean_only,202,ma_n20005_call_electrode_s10,phase2/results/predictions/full/clean_only/tcn/seed_202/ma_n20005_call_electrode_s10.npz,76363,a81c08971fca9c63218f3539f65cc2fa7a8b91f3bbd92c0205602a723d3ad74c
tcn,clean_only,202,ma_n20005_call_electrode_s0,phase2/results/predictions/full/clean_only/tcn/seed_202/ma_n20005_call_electrode_s0.npz,76045,310a7a94a97cec2f8227c6ab727142821846058b671ca6cff5b3efd826aa1c5e
tcn,clean_only,202,ma_n20005_call_covariance_s20,phase2/results/predictions/full/clean_only/tcn/seed_202/ma_n20005_call_covariance_s20.npz,76402,115d35c4cd19caa2d630e2325ff48d44fcee7b27b3f7ea20e8ca6ba438c0d30a
tcn,clean_only,202,ma_n20005_call_covariance_s10,phase2/results/predictions/full/clean_only/tcn/seed_202/ma_n20005_call_covariance_s10.npz,76380,b42b10561023d4a123e723e51b355f1f7ef8e674ea1978f47dc6a29b0d522d1c
tcn,clean_only,202,ma_n20005_call_covariance_s0,phase2/results/predictions/full/clean_only/tcn/seed_202/ma_n20005_call_covariance_s0.npz,76029,18681f1e6f89594c49e41314ba88fdf817b0f34a2e2c119aaa9334d45ab80582
tcn,clean_only,202,em_n20001_call_independent_rms_s20,phase2/results/predictions/full/clean_only/tcn/seed_202/em_n20001_call_independent_rms_s20.npz,76402,623e630eb060c35b3fdfd4f19922312bb308f5803ed8c1b2514e9a28dbd2251f
tcn,clean_only,202,em_n20001_call_independent_rms_s10,phase2/results/predictions/full/clean_only/tcn/seed_202/em_n20001_call_independent_rms_s10.npz,76415,72a69c1689d73ada3884c89d84ad62fa149ccbe811c14f3cae7ccec277272517
tcn,clean_only,202,em_n20001_call_independent_rms_s0,phase2/results/predictions/full/clean_only/tcn/seed_202/em_n20001_call_independent_rms_s0.npz,76026,719dc83721707348d6f86f35e8fb7c1e54c6f437c7acebd9e279fe4025183901
tcn,clean_only,202,em_n20001_call_electrode_s20,phase2/results/predictions/full/clean_only/tcn/seed_202/em_n20001_call_electrode_s20.npz,76375,9482a0cac1a11bad0e0781a11c54e8985dcab4fa4275ccb7082fd376f11349c1
tcn,clean_only,202,em_n20001_call_electrode_s10,phase2/results/predictions/full/clean_only/tcn/seed_202/em_n20001_call_electrode_s10.npz,76342,b1c7dfecc200bfa0b0fb8913a64f39a6adfcad9167d2d7d409993f81514e6707
tcn,clean_only,202,em_n20001_call_electrode_s0,phase2/results/predictions/full/clean_only/tcn/seed_202/em_n20001_call_electrode_s0.npz,75852,2b4b853ac08f5e774e239e599f80e0120f92a28a34c3f0895c4a97d54a56c1aa
tcn,clean_only,202,em_n20001_call_covariance_s20,phase2/results/predictions/full/clean_only/tcn/seed_202/em_n20001_call_covariance_s20.npz,76415,394f4354454c7efa3d030703fdeb515aa5b90c78b37315e46a2fd0f7e394d92b
tcn,clean_only,202,em_n20001_call_covariance_s10,phase2/results/predictions/full/clean_only/tcn/seed_202/em_n20001_call_covariance_s10.npz,76355,25eef95779562be8fe7f67983f0d87793659b1cdaceba6c022880b5ac39c08f4
tcn,clean_only,202,em_n20001_call_covariance_s0,phase2/results/predictions/full/clean_only/tcn/seed_202/em_n20001_call_covariance_s0.npz,75892,6330ec8a3a581081209138b84a461bf318a96290ee5117505b24c8d5b526feec
tcn,clean_only,202,em_n20002_call_independent_rms_s20,phase2/results/predictions/full/clean_only/tcn/seed_202/em_n20002_call_independent_rms_s20.npz,76430,7e49204ec1b7ab1a20c1150b576163aa570e250d8ba30ae22fa96cdf243b735c
tcn,clean_only,202,em_n20002_call_independent_rms_s10,phase2/results/predictions/full/clean_only/tcn/seed_202/em_n20002_call_independent_rms_s10.npz,76374,a27be7e3b5fd593a283c5087e6f855ce34cc2cca57f387c529a2309ab800f149
tcn,clean_only,202,em_n20002_call_independent_rms_s0,phase2/results/predictions/full/clean_only/tcn/seed_202/em_n20002_call_independent_rms_s0.npz,76003,3dbb89f1cc0581ca38290401ddc9226f4cd0193f68cb8e8f3a870b8bb39f436d
tcn,clean_only,202,em_n20002_call_electrode_s20,phase2/results/predictions/full/clean_only/tcn/seed_202/em_n20002_call_electrode_s20.npz,76416,9ccda850c760a7e58d1b0782fef241f7e0770bd095f62205022f8cca8e5a3145
tcn,clean_only,202,em_n20002_call_electrode_s10,phase2/results/predictions/full/clean_only/tcn/seed_202/em_n20002_call_electrode_s10.npz,76330,c136b666cfa9460cb67bcb17a05654626f791b2bbec00a6289f2a4dcb7c5f945
tcn,clean_only,202,em_n20002_call_electrode_s0,phase2/results/predictions/full/clean_only/tcn/seed_202/em_n20002_call_electrode_s0.npz,75849,29bd3923bdf3b6ad222169e43c59d59ecfc46c95dc9c3ce40d53c4b29b284a67
tcn,clean_only,202,em_n20002_call_covariance_s20,phase2/results/predictions/full/clean_only/tcn/seed_202/em_n20002_call_covariance_s20.npz,76398,60a8760874f6a988fe59a41808613066cab06690cee3358960da0ae926021665
tcn,clean_only,202,em_n20002_call_covariance_s10,phase2/results/predictions/full/clean_only/tcn/seed_202/em_n20002_call_covariance_s10.npz,76374,a70ef8b1a425333ecbe63ffc421991f2b4ddb4253b83e2d5d52cf2e931e592aa
tcn,clean_only,202,em_n20002_call_covariance_s0,phase2/results/predictions/full/clean_only/tcn/seed_202/em_n20002_call_covariance_s0.npz,75871,a1ff54001ec3cbeeb68a9a9cf22cdc116a4eb94bde0df209a1f6e35bd0cd7de8
tcn,clean_only,202,em_n20003_call_independent_rms_s20,phase2/results/predictions/full/clean_only/tcn/seed_202/em_n20003_call_independent_rms_s20.npz,76429,d749d3b08149a46c30523957a3e3d415332075d77a8a9b146e8430405a1fc730
tcn,clean_only,202,em_n20003_call_independent_rms_s10,phase2/results/predictions/full/clean_only/tcn/seed_202/em_n20003_call_independent_rms_s10.npz,76400,34b041f0754e2fac9fe64a1a3b69473bb93b5937ee3ea50acbee01e8e069791c
tcn,clean_only,202,em_n20003_call_independent_rms_s0,phase2/results/predictions/full/clean_only/tcn/seed_202/em_n20003_call_independent_rms_s0.npz,75993,d454af5014a7511dae892308cdd43d6d6971cb2007d34a76280eedff662d778c
tcn,clean_only,202,em_n20003_call_electrode_s20,phase2/results/predictions/full/clean_only/tcn/seed_202/em_n20003_call_electrode_s20.npz,76399,ecbd878b1ac4e6a18515b531d7e1ae9000a062ea580fadbd0d5c224e47cf4850
tcn,clean_only,202,em_n20003_call_electrode_s10,phase2/results/predictions/full/clean_only/tcn/seed_202/em_n20003_call_electrode_s10.npz,76327,5babefb664e32a3eb54ead484bff57e1a31b40d48b7d9e9bea8e99dccbf15641
tcn,clean_only,202,em_n20003_call_electrode_s0,phase2/results/predictions/full/clean_only/tcn/seed_202/em_n20003_call_electrode_s0.npz,75840,21eb0e755df3a455eb5ebc20ef383b90fd6a83b2a96ffa4d4e1e4564d40ad210
tcn,clean_only,202,em_n20003_call_covariance_s20,phase2/results/predictions/full/clean_only/tcn/seed_202/em_n20003_call_covariance_s20.npz,76418,92ff0d8e2d5c336f2ec8855b3a9fece1ab98a74a0c86e99854ad7ea1a8c7608c
tcn,clean_only,202,em_n20003_call_covariance_s10,phase2/results/predictions/full/clean_only/tcn/seed_202/em_n20003_call_covariance_s10.npz,76355,6f015855fb6d6225d6605623c3b8ad71c60bc1b9dcfedb08391b4d2fbb641a29
tcn,clean_only,202,em_n20003_call_covariance_s0,phase2/results/predictions/full/clean_only/tcn/seed_202/em_n20003_call_covariance_s0.npz,75857,2d35f97f127458fb748d7334ac0f0de3409498d5afe2783f97883f6aa8ca5a95
tcn,clean_only,202,em_n20004_call_independent_rms_s20,phase2/results/predictions/full/clean_only/tcn/seed_202/em_n20004_call_independent_rms_s20.npz,76419,63bac1736f48ab9e9648935328bf54c3f69ac23384e4a8e461ed1a2323737bd3
tcn,clean_only,202,em_n20004_call_independent_rms_s10,phase2/results/predictions/full/clean_only/tcn/seed_202/em_n20004_call_independent_rms_s10.npz,76377,b09587590723bd5ff7a880a08873c70c14be163f744035ed02b9774bd2ab3516
tcn,clean_only,202,em_n20004_call_independent_rms_s0,phase2/results/predictions/full/clean_only/tcn/seed_202/em_n20004_call_independent_rms_s0.npz,76064,b72761106c6b37cdbb61222272e0f1bc5b247547c52042c0c49c77cf19861e8c
tcn,clean_only,202,em_n20004_call_electrode_s20,phase2/results/predictions/full/clean_only/tcn/seed_202/em_n20004_call_electrode_s20.npz,76394,28bb36b6a55e2000b4a903b6b8eaca2915a98fcebefb2107b728ac8d436d2781
tcn,clean_only,202,em_n20004_call_electrode_s10,phase2/results/predictions/full/clean_only/tcn/seed_202/em_n20004_call_electrode_s10.npz,76369,3c399005dc2852ebedf4e040d63cd23fbfd87c7c2ebc654f1224e9ce945edec6
tcn,clean_only,202,em_n20004_call_electrode_s0,phase2/results/predictions/full/clean_only/tcn/seed_202/em_n20004_call_electrode_s0.npz,75857,106326d691ace5d324fbdc528b17936f71c7597d91588bbbd2b6e6fc99c71341
tcn,clean_only,202,em_n20004_call_covariance_s20,phase2/results/predictions/full/clean_only/tcn/seed_202/em_n20004_call_covariance_s20.npz,76402,a7f3809f0a6fc7ca2fbf18426d548b1de86cb863f22bf253af32d2d2b2b7d530
tcn,clean_only,202,em_n20004_call_covariance_s10,phase2/results/predictions/full/clean_only/tcn/seed_202/em_n20004_call_covariance_s10.npz,76378,31d55363ac2c300a5c772cc5b35114f34dcb9d7f6cec6b47574cf161740849fc
tcn,clean_only,202,em_n20004_call_covariance_s0,phase2/results/predictions/full/clean_only/tcn/seed_202/em_n20004_call_covariance_s0.npz,75867,9174b6127755e510551ab5fd2b909d3c8b25e26d2a11a997e227a6ac88df36b1
tcn,clean_only,202,em_n20005_call_independent_rms_s20,phase2/results/predictions/full/clean_only/tcn/seed_202/em_n20005_call_independent_rms_s20.npz,76421,9faea4277aa4701d4d88a493aa32652acfd332d852c52b2bb6fb3d8a603c4f82
tcn,clean_only,202,em_n20005_call_independent_rms_s10,phase2/results/predictions/full/clean_only/tcn/seed_202/em_n20005_call_independent_rms_s10.npz,76385,e1c8693a57aaa2c4b23d7c62e4cbcb77801c7b06d52f5ca54fd93607f27311b9
tcn,clean_only,202,em_n20005_call_independent_rms_s0,phase2/results/predictions/full/clean_only/tcn/seed_202/em_n20005_call_independent_rms_s0.npz,76024,8641110fd0aacbd64991a568a4ddc0f3e5d2f24124c0937047b3a2bf2ea2d010
tcn,clean_only,202,em_n20005_call_electrode_s20,phase2/results/predictions/full/clean_only/tcn/seed_202/em_n20005_call_electrode_s20.npz,76431,093af89817b79d5662454f5dd0fc08f11afd04cd500381ea4f10f2604e55541b
tcn,clean_only,202,em_n20005_call_electrode_s10,phase2/results/predictions/full/clean_only/tcn/seed_202/em_n20005_call_electrode_s10.npz,76332,8893bcff73c9d7d12a8c3a85b5c6b14c4144bd42d0e06cadf82f3ee7ec4f6846
tcn,clean_only,202,em_n20005_call_electrode_s0,phase2/results/predictions/full/clean_only/tcn/seed_202/em_n20005_call_electrode_s0.npz,75822,a6764739dbe8d47322e10069f1ffce7ffc3b95e6f530b74a69fbfb9fc0946f10
tcn,clean_only,202,em_n20005_call_covariance_s20,phase2/results/predictions/full/clean_only/tcn/seed_202/em_n20005_call_covariance_s20.npz,76423,cfa128afb52487b4d6668fbfd1dd1163a5455fe5fe8a0d62c7cabb167f8ca3a2
tcn,clean_only,202,em_n20005_call_covariance_s10,phase2/results/predictions/full/clean_only/tcn/seed_202/em_n20005_call_covariance_s10.npz,76337,32e22f9bcd63c3a75e5b31598f6eda9694fb1c6cb56568f6f83791910732c1ec
tcn,clean_only,202,em_n20005_call_covariance_s0,phase2/results/predictions/full/clean_only/tcn/seed_202/em_n20005_call_covariance_s0.npz,75856,925ce2708f4daa0bc2465bf82788920dab6e96af711f6d1e9805760410392bba
tcn,independent_rms,202,clean,phase2/results/predictions/full/independent_rms/tcn/seed_202/clean.npz,76444,d638c2264a05fbd501262131e07805a66bdccb35f881e32a457a56b245151ae4
tcn,independent_rms,202,bandpass_n20001_cRA_LA_LL_independent_rms_s20,phase2/results/predictions/full/independent_rms/tcn/seed_202/bandpass_n20001_cRA_LA_LL_independent_rms_s20.npz,76526,9f037b0d6792891b011c1fc1cedce6ebdc55234fbdce88a0d8ffd61653b52f59
tcn,independent_rms,202,bandpass_n20001_cRA_LA_LL_independent_rms_s15,phase2/results/predictions/full/independent_rms/tcn/seed_202/bandpass_n20001_cRA_LA_LL_independent_rms_s15.npz,76553,dbe415a8634b111e2b432e4e36d21a371f6042f9d252106f28c7efefa370eaa3
tcn,independent_rms,202,bandpass_n20001_cRA_LA_LL_independent_rms_s10,phase2/results/predictions/full/independent_rms/tcn/seed_202/bandpass_n20001_cRA_LA_LL_independent_rms_s10.npz,76519,ef0e55077e902def6a5a3647183ea0a0e58a0bbda8e5496894d5ef9c70e4a7a7
tcn,independent_rms,202,bandpass_n20001_cRA_LA_LL_independent_rms_s5,phase2/results/predictions/full/independent_rms/tcn/seed_202/bandpass_n20001_cRA_LA_LL_independent_rms_s5.npz,76429,97354fffc7b16270df22494b4ea8b5e04405affeb9da4752c0c666f857980495
tcn,independent_rms,202,bandpass_n20001_cRA_LA_LL_independent_rms_s0,phase2/results/predictions/full/independent_rms/tcn/seed_202/bandpass_n20001_cRA_LA_LL_independent_rms_s0.npz,76186,2e92104189ebfb42c583b435c02be1c1cddadb997fe4c390597844b179ed7f42
tcn,independent_rms,202,bandpass_n20001_cRA_LA_LL_electrode_s20,phase2/results/predictions/full/independent_rms/tcn/seed_202/bandpass_n20001_cRA_LA_LL_electrode_s20.npz,76486,3b9fd52ab5659005686b3d7057115142af75abbdc373cf456a128d021e6bbf38
tcn,independent_rms,202,bandpass_n20001_cRA_LA_LL_electrode_s15,phase2/results/predictions/full/independent_rms/tcn/seed_202/bandpass_n20001_cRA_LA_LL_electrode_s15.npz,76528,cf9a0da587ac6fb41144f30e9a614fcd9711284b5143b4b2881745e868aaa45c
tcn,independent_rms,202,bandpass_n20001_cRA_LA_LL_electrode_s10,phase2/results/predictions/full/independent_rms/tcn/seed_202/bandpass_n20001_cRA_LA_LL_electrode_s10.npz,76469,d683ab99d74428ccf505f41f1a775c7be2323234240a07205cbeb357c405f9cb
tcn,independent_rms,202,bandpass_n20001_cRA_LA_LL_electrode_s5,phase2/results/predictions/full/independent_rms/tcn/seed_202/bandpass_n20001_cRA_LA_LL_electrode_s5.npz,76240,07087eb813683f2f3f9c8415abe362cd1da8470efc7d77566c55b61fc9a52387
tcn,independent_rms,202,bandpass_n20001_cRA_LA_LL_electrode_s0,phase2/results/predictions/full/independent_rms/tcn/seed_202/bandpass_n20001_cRA_LA_LL_electrode_s0.npz,75775,b3182389b3ba47d62a59de010e3ee32ebcff93f0683a8586cbe5485c0150b9e9
tcn,independent_rms,202,bandpass_n20001_cRA_LA_LL_covariance_s20,phase2/results/predictions/full/independent_rms/tcn/seed_202/bandpass_n20001_cRA_LA_LL_covariance_s20.npz,76509,e86264edbd5979670290c2a96e268ece1c4621c0d68594f3c19b18fbaa3aad88
tcn,independent_rms,202,bandpass_n20001_cRA_LA_LL_covariance_s15,phase2/results/predictions/full/independent_rms/tcn/seed_202/bandpass_n20001_cRA_LA_LL_covariance_s15.npz,76533,8602cf82f4021acd18dc6e4091bb71a64c45ba0d359cc47cb1523800c577d9dc
tcn,independent_rms,202,bandpass_n20001_cRA_LA_LL_covariance_s10,phase2/results/predictions/full/independent_rms/tcn/seed_202/bandpass_n20001_cRA_LA_LL_covariance_s10.npz,76472,0bc10433153eb465d54e730c92cec590cf703ac5e24168da6cb62b13643933f4
tcn,independent_rms,202,bandpass_n20001_cRA_LA_LL_covariance_s5,phase2/results/predictions/full/independent_rms/tcn/seed_202/bandpass_n20001_cRA_LA_LL_covariance_s5.npz,76193,7d8d59de71fa13b8f186852f5ab22e49eac3a34a3c75e823d8b997952b76c89d
tcn,independent_rms,202,bandpass_n20001_cRA_LA_LL_covariance_s0,phase2/results/predictions/full/independent_rms/tcn/seed_202/bandpass_n20001_cRA_LA_LL_covariance_s0.npz,75797,a181a45dc476895afefa069691c4ef7e7d542ab762b1764f9213edc7851cf7c5
tcn,independent_rms,202,bandpass_n20001_cV1_independent_rms_s20,phase2/results/predictions/full/independent_rms/tcn/seed_202/bandpass_n20001_cV1_independent_rms_s20.npz,76504,1428a7c3e7c411a2d43e68abbcaa59efabd8a410c7cdbd4c82447fdf20143ae4
tcn,independent_rms,202,bandpass_n20001_cV1_independent_rms_s15,phase2/results/predictions/full/independent_rms/tcn/seed_202/bandpass_n20001_cV1_independent_rms_s15.npz,76511,18a54f1b90c6fba0bfe880789cb383a4dbb70ea03b49f6029a3d87451eef357b
tcn,independent_rms,202,bandpass_n20001_cV1_independent_rms_s10,phase2/results/predictions/full/independent_rms/tcn/seed_202/bandpass_n20001_cV1_independent_rms_s10.npz,76507,5409350ab78b72446bc3b6477a8be31b977696c7e882d1f8dd2052c62f47a78f
tcn,independent_rms,202,bandpass_n20001_cV1_independent_rms_s5,phase2/results/predictions/full/independent_rms/tcn/seed_202/bandpass_n20001_cV1_independent_rms_s5.npz,76349,736637f4b5d3354b5ccb18078c99a7b20f2fc0becd9a408cd792bb49466f261c
tcn,independent_rms,202,bandpass_n20001_cV1_independent_rms_s0,phase2/results/predictions/full/independent_rms/tcn/seed_202/bandpass_n20001_cV1_independent_rms_s0.npz,76008,70528ef3eb340a4cb6f95dd031d8a2925d845329163287f5c0ca4cc96bf20e08
tcn,independent_rms,202,bandpass_n20001_cV1_electrode_s20,phase2/results/predictions/full/independent_rms/tcn/seed_202/bandpass_n20001_cV1_electrode_s20.npz,76512,9f31e2146cd434bc441dca409abfa46386d41ed2bd8cbcc6e5b84203d6b796d0
tcn,independent_rms,202,bandpass_n20001_cV1_electrode_s15,phase2/results/predictions/full/independent_rms/tcn/seed_202/bandpass_n20001_cV1_electrode_s15.npz,76484,1e66ee1343d6372a475624517e60fdf61e7432f81c47914d791079ecd5400422
tcn,independent_rms,202,bandpass_n20001_cV1_electrode_s10,phase2/results/predictions/full/independent_rms/tcn/seed_202/bandpass_n20001_cV1_electrode_s10.npz,76473,99ff1ef9574f93c6a3246ff3adb2e18e8be199da78167059b49952a6a307bb69
tcn,independent_rms,202,bandpass_n20001_cV1_electrode_s5,phase2/results/predictions/full/independent_rms/tcn/seed_202/bandpass_n20001_cV1_electrode_s5.npz,76378,d608eeff6b9312beddc2f813a1b742a9f00e11308a7cd032d4d44320066747ab
tcn,independent_rms,202,bandpass_n20001_cV1_electrode_s0,phase2/results/predictions/full/independent_rms/tcn/seed_202/bandpass_n20001_cV1_electrode_s0.npz,76041,4d3c4780e3656d377d6e2734dd63f86c9cdc86a3d2c8de37e2e1ad36bb7fc82b
tcn,independent_rms,202,bandpass_n20001_cV1_covariance_s20,phase2/results/predictions/full/independent_rms/tcn/seed_202/bandpass_n20001_cV1_covariance_s20.npz,76500,d26033cfaec0f2bf4b0aeface2e64fabf0bca6ed345370e4099ed20397ad7a52
tcn,independent_rms,202,bandpass_n20001_cV1_covariance_s15,phase2/results/predictions/full/independent_rms/tcn/seed_202/bandpass_n20001_cV1_covariance_s15.npz,76512,9ab818934546049f6adedfdaf97db9b4ead28952b49e813e31f5ce5c7328809e
tcn,independent_rms,202,bandpass_n20001_cV1_covariance_s10,phase2/results/predictions/full/independent_rms/tcn/seed_202/bandpass_n20001_cV1_covariance_s10.npz,76471,14153e502820b1171d6cb39c2101340f9f063125538ff7179066bb091d7b3484
tcn,independent_rms,202,bandpass_n20001_cV1_covariance_s5,phase2/results/predictions/full/independent_rms/tcn/seed_202/bandpass_n20001_cV1_covariance_s5.npz,76360,5fa5a06cbe84fc90692426d40c9225bfbb2b00e3fb9cb1c66115618f15767668
tcn,independent_rms,202,bandpass_n20001_cV1_covariance_s0,phase2/results/predictions/full/independent_rms/tcn/seed_202/bandpass_n20001_cV1_covariance_s0.npz,76043,22bddd606530a702cac3f4cf3c69cb0de06a0e870895e0ffd22076cdc4fb3934
tcn,independent_rms,202,bandpass_n20001_cV2_independent_rms_s20,phase2/results/predictions/full/independent_rms/tcn/seed_202/bandpass_n20001_cV2_independent_rms_s20.npz,76526,bda8c8ffce7ab2f9b2723592c942e49bd7640610d59b6dd51a0ea7dcd5604ab4
tcn,independent_rms,202,bandpass_n20001_cV2_independent_rms_s15,phase2/results/predictions/full/independent_rms/tcn/seed_202/bandpass_n20001_cV2_independent_rms_s15.npz,76498,59d7f9765de8a2ffae0bda8e6379a6222127e6e91946f8c3082b4d9a2900611e
tcn,independent_rms,202,bandpass_n20001_cV2_independent_rms_s10,phase2/results/predictions/full/independent_rms/tcn/seed_202/bandpass_n20001_cV2_independent_rms_s10.npz,76496,4e333e9e06060d22a3959f52dc7c9daee57ea65ca8392c514d95d83f9fdde2de
tcn,independent_rms,202,bandpass_n20001_cV2_independent_rms_s5,phase2/results/predictions/full/independent_rms/tcn/seed_202/bandpass_n20001_cV2_independent_rms_s5.npz,76421,7b30fb18440f4840d3f957b48705d2a6132477e0eb7c30b2fbdcbcce830f95e9
tcn,independent_rms,202,bandpass_n20001_cV2_independent_rms_s0,phase2/results/predictions/full/independent_rms/tcn/seed_202/bandpass_n20001_cV2_independent_rms_s0.npz,76218,bde6fd5e38e796a88b7459c2bdb81adec2b63a4e8c9f634db8070742cb348195
tcn,independent_rms,202,bandpass_n20001_cV2_electrode_s20,phase2/results/predictions/full/independent_rms/tcn/seed_202/bandpass_n20001_cV2_electrode_s20.npz,76505,a417352456e2538db18f2139269eef1acc95ccb0442e8387d107cc0d0481f402
tcn,independent_rms,202,bandpass_n20001_cV2_electrode_s15,phase2/results/predictions/full/independent_rms/tcn/seed_202/bandpass_n20001_cV2_electrode_s15.npz,76505,c7f20311e75ff15d46bb82ba8b9ca7274619a8d58cc37e8d46a7a864a9e86cad
tcn,independent_rms,202,bandpass_n20001_cV2_electrode_s10,phase2/results/predictions/full/independent_rms/tcn/seed_202/bandpass_n20001_cV2_electrode_s10.npz,76461,c25272a464a81714d5eab409def7498e8d9e4342f60d20165624b9242ff019c4
tcn,independent_rms,202,bandpass_n20001_cV2_electrode_s5,phase2/results/predictions/full/independent_rms/tcn/seed_202/bandpass_n20001_cV2_electrode_s5.npz,76404,19f7ca6b400d5726f77a76590679af7fdd38b1db41c1019889503a1c763fb856
tcn,independent_rms,202,bandpass_n20001_cV2_electrode_s0,phase2/results/predictions/full/independent_rms/tcn/seed_202/bandpass_n20001_cV2_electrode_s0.npz,76204,aec0006db59e034156bb7d5dbb26e12751c65ff689c88dfb1ad99def8a6cb9f0
tcn,independent_rms,202,bandpass_n20001_cV2_covariance_s20,phase2/results/predictions/full/independent_rms/tcn/seed_202/bandpass_n20001_cV2_covariance_s20.npz,76488,f90066bacdaf09fd3a79791e81b128937b3106aa46f420fd3b0840c6d2527aff
tcn,independent_rms,202,bandpass_n20001_cV2_covariance_s15,phase2/results/predictions/full/independent_rms/tcn/seed_202/bandpass_n20001_cV2_covariance_s15.npz,76504,a02e39b6de4f730a0644459fa5c7ad85b8954661a088dea5630503c0bf2cdec7
tcn,independent_rms,202,bandpass_n20001_cV2_covariance_s10,phase2/results/predictions/full/independent_rms/tcn/seed_202/bandpass_n20001_cV2_covariance_s10.npz,76496,1eb1c14220ceb03a95b08dbb8c3e251d244ebf6abcd88fc4029137b66cf660d3
tcn,independent_rms,202,bandpass_n20001_cV2_covariance_s5,phase2/results/predictions/full/independent_rms/tcn/seed_202/bandpass_n20001_cV2_covariance_s5.npz,76443,79e154e3b102085f0426e12dbc72d787da9b9460bd439253f9f9e612f4a2db5e
tcn,independent_rms,202,bandpass_n20001_cV2_covariance_s0,phase2/results/predictions/full/independent_rms/tcn/seed_202/bandpass_n20001_cV2_covariance_s0.npz,76207,02eb8a41053964d1a9d2729ed185d70ec48e192d3fe69ac513858fac582ecede
tcn,independent_rms,202,bandpass_n20001_cV3_independent_rms_s20,phase2/results/predictions/full/independent_rms/tcn/seed_202/bandpass_n20001_cV3_independent_rms_s20.npz,76523,909c5bd209ff33bb8b812fbc103fb88bfaedc871bb0ffe73e8cd35b45abb2c7c
tcn,independent_rms,202,bandpass_n20001_cV3_independent_rms_s15,phase2/results/predictions/full/independent_rms/tcn/seed_202/bandpass_n20001_cV3_independent_rms_s15.npz,76546,035ed8c8cf1ba363c1b263507b680a7c71aafc827ceda56f8b447b311b3d56a4
tcn,independent_rms,202,bandpass_n20001_cV3_independent_rms_s10,phase2/results/predictions/full/independent_rms/tcn/seed_202/bandpass_n20001_cV3_independent_rms_s10.npz,76504,0da077e7718e94f164363ef23f01e86d36d0d4d61809e281c8406ddb5f66cd87
tcn,independent_rms,202,bandpass_n20001_cV3_independent_rms_s5,phase2/results/predictions/full/independent_rms/tcn/seed_202/bandpass_n20001_cV3_independent_rms_s5.npz,76489,12102292b959ce426202177bccd6dfd9e54dc31950329b6f8c7c142a5c2e43f2
tcn,independent_rms,202,bandpass_n20001_cV3_independent_rms_s0,phase2/results/predictions/full/independent_rms/tcn/seed_202/bandpass_n20001_cV3_independent_rms_s0.npz,76359,621ef4f329e6971f3a862ba0a37c5d3be87f8891739286fdadf67fb73c743b89
tcn,independent_rms,202,bandpass_n20001_cV3_electrode_s20,phase2/results/predictions/full/independent_rms/tcn/seed_202/bandpass_n20001_cV3_electrode_s20.npz,76489,a61d441c8901162a230d24a921d54e33c69b4e050ef6280e00676cc32074753d
tcn,independent_rms,202,bandpass_n20001_cV3_electrode_s15,phase2/results/predictions/full/independent_rms/tcn/seed_202/bandpass_n20001_cV3_electrode_s15.npz,76499,cc5b910791f3e42cca5d14d37555b3c34ee03b617649dc3a54d8324486746cee
tcn,independent_rms,202,bandpass_n20001_cV3_electrode_s10,phase2/results/predictions/full/independent_rms/tcn/seed_202/bandpass_n20001_cV3_electrode_s10.npz,76475,6299ff51eeb156b5c9764bf3a643fadfae624cd83fef28014cfce4b6dcd8a1d4
tcn,independent_rms,202,bandpass_n20001_cV3_electrode_s5,phase2/results/predictions/full/independent_rms/tcn/seed_202/bandpass_n20001_cV3_electrode_s5.npz,76504,61b9951ce0695363a3b2c39ed9920a5c6904457e324abcc3e95c394913515913
tcn,independent_rms,202,bandpass_n20001_cV3_electrode_s0,phase2/results/predictions/full/independent_rms/tcn/seed_202/bandpass_n20001_cV3_electrode_s0.npz,76338,1f7dd5d05dae78e6ca581b3b7cffda953ef9f52b61be930a525438e20a1b4161
tcn,independent_rms,202,bandpass_n20001_cV3_covariance_s20,phase2/results/predictions/full/independent_rms/tcn/seed_202/bandpass_n20001_cV3_covariance_s20.npz,76486,52e456ac71be8ab50979d962295769ddff6d7497a576587eced5453794b59352
tcn,independent_rms,202,bandpass_n20001_cV3_covariance_s15,phase2/results/predictions/full/independent_rms/tcn/seed_202/bandpass_n20001_cV3_covariance_s15.npz,76512,494693a25691a4b81847c674fce9b0772e1529b3e45b879cf15c3b9d10f671ad
tcn,independent_rms,202,bandpass_n20001_cV3_covariance_s10,phase2/results/predictions/full/independent_rms/tcn/seed_202/bandpass_n20001_cV3_covariance_s10.npz,76513,44575b594e41636e3f3fabcc70bfef4b7dfd66bafd219b25d8732bf21a22a801
tcn,independent_rms,202,bandpass_n20001_cV3_covariance_s5,phase2/results/predictions/full/independent_rms/tcn/seed_202/bandpass_n20001_cV3_covariance_s5.npz,76462,8e13d2225b739a83d506451bd4ff0a27ff7f2bb6cf01c2ec3fbd0dc2f7241b84
tcn,independent_rms,202,bandpass_n20001_cV3_covariance_s0,phase2/results/predictions/full/independent_rms/tcn/seed_202/bandpass_n20001_cV3_covariance_s0.npz,76358,6d42b826738e5789123f00851a43372a37005b06c3da39d7c532aee2d38e8298
tcn,independent_rms,202,bandpass_n20001_cV4_independent_rms_s20,phase2/results/predictions/full/independent_rms/tcn/seed_202/bandpass_n20001_cV4_independent_rms_s20.npz,76494,40f91e14f11db3b9779f2836b310fc0ef1f9e9ea4685bc7d7f7a732066d8ac36
tcn,independent_rms,202,bandpass_n20001_cV4_independent_rms_s15,phase2/results/predictions/full/independent_rms/tcn/seed_202/bandpass_n20001_cV4_independent_rms_s15.npz,76530,730c5ba97ba74c17bf4df9b0ffa71acc5b19b0314d8d3163fc9ab09eb9ce607d
tcn,independent_rms,202,bandpass_n20001_cV4_independent_rms_s10,phase2/results/predictions/full/independent_rms/tcn/seed_202/bandpass_n20001_cV4_independent_rms_s10.npz,76520,48a5c824efb9437c2d1a37cec487384c626e91350f8a3509b6fe56c87a7fbeeb
tcn,independent_rms,202,bandpass_n20001_cV4_independent_rms_s5,phase2/results/predictions/full/independent_rms/tcn/seed_202/bandpass_n20001_cV4_independent_rms_s5.npz,76479,9a3e17c224c3dcfb2877e67ee26baf26eb5e006a7cb4d673147773e127d998d1
tcn,independent_rms,202,bandpass_n20001_cV4_independent_rms_s0,phase2/results/predictions/full/independent_rms/tcn/seed_202/bandpass_n20001_cV4_independent_rms_s0.npz,76238,ad8d5829e1be0088cad8b14687d86beef7aae55ba0705c586a546bd18701acf7
tcn,independent_rms,202,bandpass_n20001_cV4_electrode_s20,phase2/results/predictions/full/independent_rms/tcn/seed_202/bandpass_n20001_cV4_electrode_s20.npz,76509,a6f09128ed19e3466e845c56e0ea88df05bf3b21e8d392dbeefbb3dd96d28043
tcn,independent_rms,202,bandpass_n20001_cV4_electrode_s15,phase2/results/predictions/full/independent_rms/tcn/seed_202/bandpass_n20001_cV4_electrode_s15.npz,76502,31a3e44840c940f3a19f5e8ad5463250145ee8b290d536632471f952089912ae
tcn,independent_rms,202,bandpass_n20001_cV4_electrode_s10,phase2/results/predictions/full/independent_rms/tcn/seed_202/bandpass_n20001_cV4_electrode_s10.npz,76468,d8d386e088d482ee39b35a1b7b902a0ce1c665da2cbe57e1cb137b791d282000
tcn,independent_rms,202,bandpass_n20001_cV4_electrode_s5,phase2/results/predictions/full/independent_rms/tcn/seed_202/bandpass_n20001_cV4_electrode_s5.npz,76466,96afe4a5f4a434ee9774ac5520eecf4020d86496e0485c8fa59e11eceeebf3ea
tcn,independent_rms,202,bandpass_n20001_cV4_electrode_s0,phase2/results/predictions/full/independent_rms/tcn/seed_202/bandpass_n20001_cV4_electrode_s0.npz,76260,91596fcd62b555322c1b0afa90f54b3a48d1de5afcccb9ac173a9c05e2865fcc
tcn,independent_rms,202,bandpass_n20001_cV4_covariance_s20,phase2/results/predictions/full/independent_rms/tcn/seed_202/bandpass_n20001_cV4_covariance_s20.npz,76523,f97a121ac851e3a66d454bac6286aee1d34fedd65e661f745fa7f0d28930dd65
tcn,independent_rms,202,bandpass_n20001_cV4_covariance_s15,phase2/results/predictions/full/independent_rms/tcn/seed_202/bandpass_n20001_cV4_covariance_s15.npz,76491,86428fd39b03e4866c172feddd5a8f85725c34126e017af315e8b3ff435311bf
tcn,independent_rms,202,bandpass_n20001_cV4_covariance_s10,phase2/results/predictions/full/independent_rms/tcn/seed_202/bandpass_n20001_cV4_covariance_s10.npz,76510,ff20d678c7a7c37751343234ad253594b6df40708a600947d4772a31146b9659
tcn,independent_rms,202,bandpass_n20001_cV4_covariance_s5,phase2/results/predictions/full/independent_rms/tcn/seed_202/bandpass_n20001_cV4_covariance_s5.npz,76465,d7f320b5dfad8366b4d320bbd8b3d7af4648aa253b01e9f555b44668f2869fa5
tcn,independent_rms,202,bandpass_n20001_cV4_covariance_s0,phase2/results/predictions/full/independent_rms/tcn/seed_202/bandpass_n20001_cV4_covariance_s0.npz,76242,cf324ca0cfdb65b3cf9465fe85a2ef03e1d74715e5b5c2ae7eb10eef61d69114
tcn,independent_rms,202,bandpass_n20001_cV5_independent_rms_s20,phase2/results/predictions/full/independent_rms/tcn/seed_202/bandpass_n20001_cV5_independent_rms_s20.npz,76531,396c7c923f516439b42bdf1d1311135c504510850015c978a895302305066c4e
tcn,independent_rms,202,bandpass_n20001_cV5_independent_rms_s15,phase2/results/predictions/full/independent_rms/tcn/seed_202/bandpass_n20001_cV5_independent_rms_s15.npz,76503,120e946312505dab1df734d5420662112e427151e5f647afb6318cb9b03d1485
tcn,independent_rms,202,bandpass_n20001_cV5_independent_rms_s10,phase2/results/predictions/full/independent_rms/tcn/seed_202/bandpass_n20001_cV5_independent_rms_s10.npz,76469,e8c6f4450987aea6b10070a7b990e5ab47cc0c13d4e42959f4490a8d33263833
tcn,independent_rms,202,bandpass_n20001_cV5_independent_rms_s5,phase2/results/predictions/full/independent_rms/tcn/seed_202/bandpass_n20001_cV5_independent_rms_s5.npz,76485,18e269c57a7b66728a35bd1ccefed97273e0cc270c74cee19bb368cd9f574d11
tcn,independent_rms,202,bandpass_n20001_cV5_independent_rms_s0,phase2/results/predictions/full/independent_rms/tcn/seed_202/bandpass_n20001_cV5_independent_rms_s0.npz,76235,1204730f968e8eacf0a378b9707b36f43444921341f3285489b296013a7ca9c4
tcn,independent_rms,202,bandpass_n20001_cV5_electrode_s20,phase2/results/predictions/full/independent_rms/tcn/seed_202/bandpass_n20001_cV5_electrode_s20.npz,76505,abcbe2e0b489685d1bec1f763b7bc491d6a73b97d3ede4b41b132f41796af9f4
tcn,independent_rms,202,bandpass_n20001_cV5_electrode_s15,phase2/results/predictions/full/independent_rms/tcn/seed_202/bandpass_n20001_cV5_electrode_s15.npz,76478,7b9fda807673687fd2fc82b50d28cf9333f277a7295fee529488d47d3358d612
tcn,independent_rms,202,bandpass_n20001_cV5_electrode_s10,phase2/results/predictions/full/independent_rms/tcn/seed_202/bandpass_n20001_cV5_electrode_s10.npz,76489,1143f43b46ecc2e40a0176ccdf35b119b971835554b8522df0ce3b13e3a10f10
tcn,independent_rms,202,bandpass_n20001_cV5_electrode_s5,phase2/results/predictions/full/independent_rms/tcn/seed_202/bandpass_n20001_cV5_electrode_s5.npz,76466,31f1e0eb5deb88007e727572b0792197358d967199aa2eec69ef251f1b08d046
tcn,independent_rms,202,bandpass_n20001_cV5_electrode_s0,phase2/results/predictions/full/independent_rms/tcn/seed_202/bandpass_n20001_cV5_electrode_s0.npz,76221,3f1a566674e4e57b0ef6f55772ba435f73f2d943d6104f8bf2eaecf0d3633d3a
tcn,independent_rms,202,bandpass_n20001_cV5_covariance_s20,phase2/results/predictions/full/independent_rms/tcn/seed_202/bandpass_n20001_cV5_covariance_s20.npz,76474,635b0eba05b1c2b43e1db2604236bdb12604d4a334d2cea5103a1a8cb11ca6d1
tcn,independent_rms,202,bandpass_n20001_cV5_covariance_s15,phase2/results/predictions/full/independent_rms/tcn/seed_202/bandpass_n20001_cV5_covariance_s15.npz,76498,93254fd27e23538c8dc080cc68b05d8377167ab023199a08841dc1bad96623ee
tcn,independent_rms,202,bandpass_n20001_cV5_covariance_s10,phase2/results/predictions/full/independent_rms/tcn/seed_202/bandpass_n20001_cV5_covariance_s10.npz,76499,f5fceb000ad7a7b3ccbf13fb9c7f2cde74888721a852667206b04b59dedec93d
tcn,independent_rms,202,bandpass_n20001_cV5_covariance_s5,phase2/results/predictions/full/independent_rms/tcn/seed_202/bandpass_n20001_cV5_covariance_s5.npz,76438,1bd6f7acca60e91967aef603fc7dcb123f79d86205e0f78d2f1a8c93ddb12bd7
tcn,independent_rms,202,bandpass_n20001_cV5_covariance_s0,phase2/results/predictions/full/independent_rms/tcn/seed_202/bandpass_n20001_cV5_covariance_s0.npz,76221,b4459da296548a63a3fe7aebfdefa1accc4152b27c703833aeea07144c522406
tcn,independent_rms,202,bandpass_n20001_cV6_independent_rms_s20,phase2/results/predictions/full/independent_rms/tcn/seed_202/bandpass_n20001_cV6_independent_rms_s20.npz,76512,ca7947b27917cb3b9e46ea90083ede7ff530f141394824b240f0650e81057233
tcn,independent_rms,202,bandpass_n20001_cV6_independent_rms_s15,phase2/results/predictions/full/independent_rms/tcn/seed_202/bandpass_n20001_cV6_independent_rms_s15.npz,76501,c42440c966c5a01f7bfb77a014dac4cbc63784d56648cf5ccf9c534b0210cdd2
tcn,independent_rms,202,bandpass_n20001_cV6_independent_rms_s10,phase2/results/predictions/full/independent_rms/tcn/seed_202/bandpass_n20001_cV6_independent_rms_s10.npz,76524,ce181c1ee9314dd02fe25fd905cad887fb319dd9ca16974b32df46b7fbf53ace
tcn,independent_rms,202,bandpass_n20001_cV6_independent_rms_s5,phase2/results/predictions/full/independent_rms/tcn/seed_202/bandpass_n20001_cV6_independent_rms_s5.npz,76470,4237aa6e4aee977dc91844438115db96cab585309a963fd70640f4a133ccf141
tcn,independent_rms,202,bandpass_n20001_cV6_independent_rms_s0,phase2/results/predictions/full/independent_rms/tcn/seed_202/bandpass_n20001_cV6_independent_rms_s0.npz,76299,ce9d5fcfa7d51c8aa90d0361c3d5c7d978283e92ed6f2a6935ba3ae6553fe3fa
tcn,independent_rms,202,bandpass_n20001_cV6_electrode_s20,phase2/results/predictions/full/independent_rms/tcn/seed_202/bandpass_n20001_cV6_electrode_s20.npz,76522,b6b5af21fe483ed94e3e11ba6f43bac0cf81d41a816f6ad282a98e23f52af769
tcn,independent_rms,202,bandpass_n20001_cV6_electrode_s15,phase2/results/predictions/full/independent_rms/tcn/seed_202/bandpass_n20001_cV6_electrode_s15.npz,76490,c826de432d42da16acd96f521c85f0b429b9f46f23c43bbb0d0cc3aec8d32327
tcn,independent_rms,202,bandpass_n20001_cV6_electrode_s10,phase2/results/predictions/full/independent_rms/tcn/seed_202/bandpass_n20001_cV6_electrode_s10.npz,76514,fd43e6974ce0fd992b3052c9a348d7eb78a54c298799bd3e07306a79dde2b778
tcn,independent_rms,202,bandpass_n20001_cV6_electrode_s5,phase2/results/predictions/full/independent_rms/tcn/seed_202/bandpass_n20001_cV6_electrode_s5.npz,76480,e127aafd122344c0973bbb743301002bbbce7c52d39bcec79c0a0bd3d6691c66
tcn,independent_rms,202,bandpass_n20001_cV6_electrode_s0,phase2/results/predictions/full/independent_rms/tcn/seed_202/bandpass_n20001_cV6_electrode_s0.npz,76285,1296b75cfd41addcd681495346b774f918de43f8cd264483bab94d5d3359cb70
tcn,independent_rms,202,bandpass_n20001_cV6_covariance_s20,phase2/results/predictions/full/independent_rms/tcn/seed_202/bandpass_n20001_cV6_covariance_s20.npz,76491,d01d6dadbbef444cc91abca14acb0856f95d635ff1afeeeb0efef3885f88589d
tcn,independent_rms,202,bandpass_n20001_cV6_covariance_s15,phase2/results/predictions/full/independent_rms/tcn/seed_202/bandpass_n20001_cV6_covariance_s15.npz,76501,023799b54d181e5594ba1d7045616bd507b32f2310f81ba77dab4705197a2d07
tcn,independent_rms,202,bandpass_n20001_cV6_covariance_s10,phase2/results/predictions/full/independent_rms/tcn/seed_202/bandpass_n20001_cV6_covariance_s10.npz,76486,347da867143dfe492157dfa617160c6f17f0ede0ed5acf10c9c352e954c89490
tcn,independent_rms,202,bandpass_n20001_cV6_covariance_s5,phase2/results/predictions/full/independent_rms/tcn/seed_202/bandpass_n20001_cV6_covariance_s5.npz,76459,8f256b53b4d3fba2248a0dcd17c44a58b7665c1d841f38c67b0eb452546e5ff1
tcn,independent_rms,202,bandpass_n20001_cV6_covariance_s0,phase2/results/predictions/full/independent_rms/tcn/seed_202/bandpass_n20001_cV6_covariance_s0.npz,76265,82452a9c2618610bf8cfbb8450fc32742d7f1dee6976d6bf9ec9b9d898841548
tcn,independent_rms,202,bandpass_n20001_cRA_LA_independent_rms_s20,phase2/results/predictions/full/independent_rms/tcn/seed_202/bandpass_n20001_cRA_LA_independent_rms_s20.npz,76523,d77ff62ecb8dab2c28b133afbe73219d97b71f46ddc424ee8a0aff4f64a952f5
tcn,independent_rms,202,bandpass_n20001_cRA_LA_independent_rms_s15,phase2/results/predictions/full/independent_rms/tcn/seed_202/bandpass_n20001_cRA_LA_independent_rms_s15.npz,76513,472dd39d5f96e111cd236b6e718085a97a59eea39a208759077f35f07154849d
tcn,independent_rms,202,bandpass_n20001_cRA_LA_independent_rms_s10,phase2/results/predictions/full/independent_rms/tcn/seed_202/bandpass_n20001_cRA_LA_independent_rms_s10.npz,76526,2ba6f5e8ee2825f5609d682c06776975590d07132d8e6c9d3006852b3993bd14
tcn,independent_rms,202,bandpass_n20001_cRA_LA_independent_rms_s5,phase2/results/predictions/full/independent_rms/tcn/seed_202/bandpass_n20001_cRA_LA_independent_rms_s5.npz,76418,e6f0c3a4b8fd1c89d1be32e8d71a22b19673d0cf7249042ab4c8f3b236e09a68
tcn,independent_rms,202,bandpass_n20001_cRA_LA_independent_rms_s0,phase2/results/predictions/full/independent_rms/tcn/seed_202/bandpass_n20001_cRA_LA_independent_rms_s0.npz,76206,ffcdc37cf79c11274eb8daeb51db917976fac35055aab8707affcacefc2037cd
tcn,independent_rms,202,bandpass_n20001_cRA_LA_electrode_s20,phase2/results/predictions/full/independent_rms/tcn/seed_202/bandpass_n20001_cRA_LA_electrode_s20.npz,76513,cf81a29a1eef277c4bd0136e936cb9d2d4f158902e0cc92ec7876d3d00ea66c1
tcn,independent_rms,202,bandpass_n20001_cRA_LA_electrode_s15,phase2/results/predictions/full/independent_rms/tcn/seed_202/bandpass_n20001_cRA_LA_electrode_s15.npz,76487,f485f80ad69452b9b229fda4acec8dd2671dcaa8f172727c3658b4b23f366c75
tcn,independent_rms,202,bandpass_n20001_cRA_LA_electrode_s10,phase2/results/predictions/full/independent_rms/tcn/seed_202/bandpass_n20001_cRA_LA_electrode_s10.npz,76453,56c637ce381a46fa9abbb0248f7bb6a0d2cef7734c4e9153057d81b2dd546042
tcn,independent_rms,202,bandpass_n20001_cRA_LA_electrode_s5,phase2/results/predictions/full/independent_rms/tcn/seed_202/bandpass_n20001_cRA_LA_electrode_s5.npz,76251,6f6a2e3d3c627af5e53b76ff848b29e836bcc929afa3f928990f81ce32619fdf
tcn,independent_rms,202,bandpass_n20001_cRA_LA_electrode_s0,phase2/results/predictions/full/independent_rms/tcn/seed_202/bandpass_n20001_cRA_LA_electrode_s0.npz,75809,7ccbdf1d11c2a6ce4c50d60cc549234702ee7bc095229b3bb1ddf940781b90a2
tcn,independent_rms,202,bandpass_n20001_cRA_LA_covariance_s20,phase2/results/predictions/full/independent_rms/tcn/seed_202/bandpass_n20001_cRA_LA_covariance_s20.npz,76492,96cecffa4b311011be7e44d7198038b39b80b384292c5533c7bb50f5280767fd
tcn,independent_rms,202,bandpass_n20001_cRA_LA_covariance_s15,phase2/results/predictions/full/independent_rms/tcn/seed_202/bandpass_n20001_cRA_LA_covariance_s15.npz,76513,b56c81115d3faf99eca7fd6c71f1bff3cc692111bfdb8df8111619c66f7e8cb4
tcn,independent_rms,202,bandpass_n20001_cRA_LA_covariance_s10,phase2/results/predictions/full/independent_rms/tcn/seed_202/bandpass_n20001_cRA_LA_covariance_s10.npz,76482,9536b9e658735571c1757d0e0cc27924f9461f43fca20b1a82e9fae23cd02866
tcn,independent_rms,202,bandpass_n20001_cRA_LA_covariance_s5,phase2/results/predictions/full/independent_rms/tcn/seed_202/bandpass_n20001_cRA_LA_covariance_s5.npz,76266,dcdde72872474e77ac81006e56b7516712fbee5d5c71d4c2628d73f14cf2881e
tcn,independent_rms,202,bandpass_n20001_cRA_LA_covariance_s0,phase2/results/predictions/full/independent_rms/tcn/seed_202/bandpass_n20001_cRA_LA_covariance_s0.npz,75853,e3193f832382984c1eef17ae83600f53da32d6eeb6deff6a5ac380a61fe7ef43
tcn,independent_rms,202,bandpass_n20001_cLA_LL_independent_rms_s20,phase2/results/predictions/full/independent_rms/tcn/seed_202/bandpass_n20001_cLA_LL_independent_rms_s20.npz,76523,346a99ab8f3f097151cf9884c41b2f6898c67d6167a763f271fd09cd75cfa3fa
tcn,independent_rms,202,bandpass_n20001_cLA_LL_independent_rms_s15,phase2/results/predictions/full/independent_rms/tcn/seed_202/bandpass_n20001_cLA_LL_independent_rms_s15.npz,76499,dfc3e914cae4d23045da208d02a573d92a3103f9dd45b468bb4d55069f06b237
tcn,independent_rms,202,bandpass_n20001_cLA_LL_independent_rms_s10,phase2/results/predictions/full/independent_rms/tcn/seed_202/bandpass_n20001_cLA_LL_independent_rms_s10.npz,76516,85d7b9abad8fdd123cb239c5d8b4c33d0ffcdcfdd9ec6f6e1f1412ab3f2623f1
tcn,independent_rms,202,bandpass_n20001_cLA_LL_independent_rms_s5,phase2/results/predictions/full/independent_rms/tcn/seed_202/bandpass_n20001_cLA_LL_independent_rms_s5.npz,76413,5a49e87eda5d6bb07cfce57f5547d63bb0572e0a806384f4ecf667b6c16d1114
tcn,independent_rms,202,bandpass_n20001_cLA_LL_independent_rms_s0,phase2/results/predictions/full/independent_rms/tcn/seed_202/bandpass_n20001_cLA_LL_independent_rms_s0.npz,76143,642e3e1ed17e614595b2cbd8d159fcea286314c5b4d207bff634405a3fb3e60c
tcn,independent_rms,202,bandpass_n20001_cLA_LL_electrode_s20,phase2/results/predictions/full/independent_rms/tcn/seed_202/bandpass_n20001_cLA_LL_electrode_s20.npz,76494,d7e7569e800f059a41ac7e7cd571a59ae006e554d758e0b4d83dff7368d17690
tcn,independent_rms,202,bandpass_n20001_cLA_LL_electrode_s15,phase2/results/predictions/full/independent_rms/tcn/seed_202/bandpass_n20001_cLA_LL_electrode_s15.npz,76507,c469e7a8f4f3d0a9498e6ebb364e48d4aaba034153ad330ea2d4020f18b439c4
tcn,independent_rms,202,bandpass_n20001_cLA_LL_electrode_s10,phase2/results/predictions/full/independent_rms/tcn/seed_202/bandpass_n20001_cLA_LL_electrode_s10.npz,76467,2b872882cdab71dc79791427cc6c731a271efe1082e70cb9c620db3fcfbde23f
tcn,independent_rms,202,bandpass_n20001_cLA_LL_electrode_s5,phase2/results/predictions/full/independent_rms/tcn/seed_202/bandpass_n20001_cLA_LL_electrode_s5.npz,76230,782908f96e326c3c1374a368a483b833e56d4d1b24b235509b8691b3b5b83ad7
tcn,independent_rms,202,bandpass_n20001_cLA_LL_electrode_s0,phase2/results/predictions/full/independent_rms/tcn/seed_202/bandpass_n20001_cLA_LL_electrode_s0.npz,75865,33401f027074f093b7977bf822326f3fff70e55ba45f9f95fdaa94f71b9ed5d6
tcn,independent_rms,202,bandpass_n20001_cLA_LL_covariance_s20,phase2/results/predictions/full/independent_rms/tcn/seed_202/bandpass_n20001_cLA_LL_covariance_s20.npz,76493,3d3cf3f1363e1e790c754d8a67acd0f21238e4fea935fd7bcf38a22e67cb07bd
tcn,independent_rms,202,bandpass_n20001_cLA_LL_covariance_s15,phase2/results/predictions/full/independent_rms/tcn/seed_202/bandpass_n20001_cLA_LL_covariance_s15.npz,76503,c24fb0ac7efdb73936944a0a801f7e77e15e945b73060a59f280f0200fd98db7
tcn,independent_rms,202,bandpass_n20001_cLA_LL_covariance_s10,phase2/results/predictions/full/independent_rms/tcn/seed_202/bandpass_n20001_cLA_LL_covariance_s10.npz,76451,e6b9fd2cc26d3a90821ca391dc279b5048730ff2c4d1b45a0196efa41a63e33c
tcn,independent_rms,202,bandpass_n20001_cLA_LL_covariance_s5,phase2/results/predictions/full/independent_rms/tcn/seed_202/bandpass_n20001_cLA_LL_covariance_s5.npz,76223,4c4d822fdf68b18c35eebebe5e73b6df17a56a1952143178c6404bcedc120174
tcn,independent_rms,202,bandpass_n20001_cLA_LL_covariance_s0,phase2/results/predictions/full/independent_rms/tcn/seed_202/bandpass_n20001_cLA_LL_covariance_s0.npz,75907,0d9aef19c6313b4295530e20a043f7b4492086fb9109bd955225f59c7cce4db8
tcn,independent_rms,202,bandpass_n20001_cRA_LL_independent_rms_s20,phase2/results/predictions/full/independent_rms/tcn/seed_202/bandpass_n20001_cRA_LL_independent_rms_s20.npz,76497,117166e697774f3b5a8655f9020a6522052d83ece92e0fc3217b99d142b875e1
tcn,independent_rms,202,bandpass_n20001_cRA_LL_independent_rms_s15,phase2/results/predictions/full/independent_rms/tcn/seed_202/bandpass_n20001_cRA_LL_independent_rms_s15.npz,76511,c6daaf855a0a1c6acf8f539539240b92eaaa41d6c86b22e84a7e9024f56d7c8d
tcn,independent_rms,202,bandpass_n20001_cRA_LL_independent_rms_s10,phase2/results/predictions/full/independent_rms/tcn/seed_202/bandpass_n20001_cRA_LL_independent_rms_s10.npz,76513,6a118a63059f9c4b53d6fa31597ef0e4e94c751a1e55c76dc04616f7c1820035
tcn,independent_rms,202,bandpass_n20001_cRA_LL_independent_rms_s5,phase2/results/predictions/full/independent_rms/tcn/seed_202/bandpass_n20001_cRA_LL_independent_rms_s5.npz,76401,a2f21e0b836fb480a32fc465968d592ef61de1e3e45624d738359fc58c146952
tcn,independent_rms,202,bandpass_n20001_cRA_LL_independent_rms_s0,phase2/results/predictions/full/independent_rms/tcn/seed_202/bandpass_n20001_cRA_LL_independent_rms_s0.npz,76104,951ba00f567b550fc8511e2a116c095c368f92636bcb470e0a96c0e3de4f3661
tcn,independent_rms,202,bandpass_n20001_cRA_LL_electrode_s20,phase2/results/predictions/full/independent_rms/tcn/seed_202/bandpass_n20001_cRA_LL_electrode_s20.npz,76513,17e3a478e8abc4a5c5c511c9e1b237a9977dd7d1ce604053c569f937c8be26a7
tcn,independent_rms,202,bandpass_n20001_cRA_LL_electrode_s15,phase2/results/predictions/full/independent_rms/tcn/seed_202/bandpass_n20001_cRA_LL_electrode_s15.npz,76518,c4b4e43060a130c1c1bbf62e8fe4e42dcb1847bde9947022c935cbca79cbcd72
tcn,independent_rms,202,bandpass_n20001_cRA_LL_electrode_s10,phase2/results/predictions/full/independent_rms/tcn/seed_202/bandpass_n20001_cRA_LL_electrode_s10.npz,76450,62b15e397f2389e599c7444b49161c7b1947724a0262e092dc3f745593e85fd6
tcn,independent_rms,202,bandpass_n20001_cRA_LL_electrode_s5,phase2/results/predictions/full/independent_rms/tcn/seed_202/bandpass_n20001_cRA_LL_electrode_s5.npz,76208,72debf462d069dee0f5794a771e661e988a31e47db3cde395350f8a6f8c20e94
tcn,independent_rms,202,bandpass_n20001_cRA_LL_electrode_s0,phase2/results/predictions/full/independent_rms/tcn/seed_202/bandpass_n20001_cRA_LL_electrode_s0.npz,75801,83cc6b7969300bd366270301afffe182516a56c5a8b4a5d0c57bb40832cde6ad
tcn,independent_rms,202,bandpass_n20001_cRA_LL_covariance_s20,phase2/results/predictions/full/independent_rms/tcn/seed_202/bandpass_n20001_cRA_LL_covariance_s20.npz,76503,468f6283aed1384cdc26bfbd52dfa6e49cc2b3dcbfecfe2682ac51e2b03332ec
tcn,independent_rms,202,bandpass_n20001_cRA_LL_covariance_s15,phase2/results/predictions/full/independent_rms/tcn/seed_202/bandpass_n20001_cRA_LL_covariance_s15.npz,76513,bd0a1adf42d75cd9f3141e4fac7f3e701bb6f60f77e7d64e342964b23d946390
tcn,independent_rms,202,bandpass_n20001_cRA_LL_covariance_s10,phase2/results/predictions/full/independent_rms/tcn/seed_202/bandpass_n20001_cRA_LL_covariance_s10.npz,76465,5a08bca297b410cde7c9ca4fee83ad03cb181584d0be82fa39ee986069ebf065
tcn,independent_rms,202,bandpass_n20001_cRA_LL_covariance_s5,phase2/results/predictions/full/independent_rms/tcn/seed_202/bandpass_n20001_cRA_LL_covariance_s5.npz,76212,0e14b8b22a4e6b18ff24f81669733ff4a4d64c73a95d7000ee81802d7e6d9ea8
tcn,independent_rms,202,bandpass_n20001_cRA_LL_covariance_s0,phase2/results/predictions/full/independent_rms/tcn/seed_202/bandpass_n20001_cRA_LL_covariance_s0.npz,75803,f6e85758d099c1373fbd2dbccb82308c0e20e86554c265f4394ec583811ee590
tcn,independent_rms,202,bandpass_n20001_cRA_independent_rms_s20,phase2/results/predictions/full/independent_rms/tcn/seed_202/bandpass_n20001_cRA_independent_rms_s20.npz,76498,3135579a83c9fccc8771d96d647e65dd33196f005733e3245298fb8c4ce5271f
tcn,independent_rms,202,bandpass_n20001_cRA_independent_rms_s15,phase2/results/predictions/full/independent_rms/tcn/seed_202/bandpass_n20001_cRA_independent_rms_s15.npz,76509,1a49602c11c7ebb76e47ffe7d78aceef3107a812c01d0cff2dc3173df4e8ed0b
tcn,independent_rms,202,bandpass_n20001_cRA_independent_rms_s10,phase2/results/predictions/full/independent_rms/tcn/seed_202/bandpass_n20001_cRA_independent_rms_s10.npz,76537,cb85676fe2592219f8f354013df5c51bddd7b813b52deebfaea0524dc915731d
tcn,independent_rms,202,bandpass_n20001_cRA_independent_rms_s5,phase2/results/predictions/full/independent_rms/tcn/seed_202/bandpass_n20001_cRA_independent_rms_s5.npz,76431,6115011be8cf543dec40980d557664a2c03b9e038fc3f20e193b345847b3188a
tcn,independent_rms,202,bandpass_n20001_cRA_independent_rms_s0,phase2/results/predictions/full/independent_rms/tcn/seed_202/bandpass_n20001_cRA_independent_rms_s0.npz,76194,8ae910f34de821da01ee3db5248639871b7ec6079b5c0b102e9be9a6ad3009bb
tcn,independent_rms,202,bandpass_n20001_cRA_electrode_s20,phase2/results/predictions/full/independent_rms/tcn/seed_202/bandpass_n20001_cRA_electrode_s20.npz,76523,ea617560bf8c21ad1643617d021485602207f6c7ec232f21a549f5160bc1ebff
tcn,independent_rms,202,bandpass_n20001_cRA_electrode_s15,phase2/results/predictions/full/independent_rms/tcn/seed_202/bandpass_n20001_cRA_electrode_s15.npz,76484,15ddd6d922f5eb609fb6c0cca13dfb59e0f30385a3e063ec52561951d27b3c95
tcn,independent_rms,202,bandpass_n20001_cRA_electrode_s10,phase2/results/predictions/full/independent_rms/tcn/seed_202/bandpass_n20001_cRA_electrode_s10.npz,76457,c23f03a98902f701ce1ad31549c6f6723b1df01747fde8f31bb080a479e7c934
tcn,independent_rms,202,bandpass_n20001_cRA_electrode_s5,phase2/results/predictions/full/independent_rms/tcn/seed_202/bandpass_n20001_cRA_electrode_s5.npz,76330,0854af7f51c572fb8efd66e2ed38d2f7318f1c48d39c3fb97e30674951c358b2
tcn,independent_rms,202,bandpass_n20001_cRA_electrode_s0,phase2/results/predictions/full/independent_rms/tcn/seed_202/bandpass_n20001_cRA_electrode_s0.npz,76011,52613c8ffcae7338b2849da59650d2b38d679c439c639788ccaf11fe3b2d9eba
tcn,independent_rms,202,bandpass_n20001_cRA_covariance_s20,phase2/results/predictions/full/independent_rms/tcn/seed_202/bandpass_n20001_cRA_covariance_s20.npz,76491,3ebc438749898d845f721fef85532ea1d4d4a13b22d741ca34a7eeffd8eddead
tcn,independent_rms,202,bandpass_n20001_cRA_covariance_s15,phase2/results/predictions/full/independent_rms/tcn/seed_202/bandpass_n20001_cRA_covariance_s15.npz,76498,5c67db1d7a06dff01e42f9f84a2bb3d9fcd5e4fbf088c8004658e000b3c1b176
tcn,independent_rms,202,bandpass_n20001_cRA_covariance_s10,phase2/results/predictions/full/independent_rms/tcn/seed_202/bandpass_n20001_cRA_covariance_s10.npz,76486,f890c79cf15652c3a21267c8c4da413f6239adfa3e394bb8b8e688d786d19062
tcn,independent_rms,202,bandpass_n20001_cRA_covariance_s5,phase2/results/predictions/full/independent_rms/tcn/seed_202/bandpass_n20001_cRA_covariance_s5.npz,76331,160a33322d114b410baafa3333ab9b3696895650c2b977d7a9320a487fbbdffd
tcn,independent_rms,202,bandpass_n20001_cRA_covariance_s0,phase2/results/predictions/full/independent_rms/tcn/seed_202/bandpass_n20001_cRA_covariance_s0.npz,75962,39919f486361eadaf46ee44b09051e8081b4c4f865b9825c92f7f0652bb7fee4
tcn,independent_rms,202,bandpass_n20001_cLA_independent_rms_s20,phase2/results/predictions/full/independent_rms/tcn/seed_202/bandpass_n20001_cLA_independent_rms_s20.npz,76518,eac1b62ab46f52993c12dee03798531d0acbbb79107deb092b773e445816ad40
tcn,independent_rms,202,bandpass_n20001_cLA_independent_rms_s15,phase2/results/predictions/full/independent_rms/tcn/seed_202/bandpass_n20001_cLA_independent_rms_s15.npz,76529,f4f102e7e57c8c8702766a472ad1690a7c5464a1f3f0c41ef968944dc5712a4a
tcn,independent_rms,202,bandpass_n20001_cLA_independent_rms_s10,phase2/results/predictions/full/independent_rms/tcn/seed_202/bandpass_n20001_cLA_independent_rms_s10.npz,76491,bc8ff88bf324e442f2db0e5ecea045f6711d8c057210f6ddb9acfbf5c85022bb
tcn,independent_rms,202,bandpass_n20001_cLA_independent_rms_s5,phase2/results/predictions/full/independent_rms/tcn/seed_202/bandpass_n20001_cLA_independent_rms_s5.npz,76434,e9421ecd719621902db708bf053dbae5e8fc4fc5c40b0c3e96f24ab4b5df84d3
tcn,independent_rms,202,bandpass_n20001_cLA_independent_rms_s0,phase2/results/predictions/full/independent_rms/tcn/seed_202/bandpass_n20001_cLA_independent_rms_s0.npz,76193,20a5a712ca90716f9110d6a4d55e70ede48f533f614af085b94a729ef7d08bb8
tcn,independent_rms,202,bandpass_n20001_cLA_electrode_s20,phase2/results/predictions/full/independent_rms/tcn/seed_202/bandpass_n20001_cLA_electrode_s20.npz,76485,aebb0b4a66fe748fdfe8c92797c3ba1d067838c402aa709d6584392dfac3ed78
tcn,independent_rms,202,bandpass_n20001_cLA_electrode_s15,phase2/results/predictions/full/independent_rms/tcn/seed_202/bandpass_n20001_cLA_electrode_s15.npz,76510,4459175d76ad9f441733e796de5ef9cb660476daac8024f012283ace71dfcaef
tcn,independent_rms,202,bandpass_n20001_cLA_electrode_s10,phase2/results/predictions/full/independent_rms/tcn/seed_202/bandpass_n20001_cLA_electrode_s10.npz,76419,f57d8a9d24e51146fe80a4f8d98f7a89d2967ee74e33bd57fb64bb6ac9997448
tcn,independent_rms,202,bandpass_n20001_cLA_electrode_s5,phase2/results/predictions/full/independent_rms/tcn/seed_202/bandpass_n20001_cLA_electrode_s5.npz,76236,32530431efdc8174c6788e9a56338503ed14809986c79dfea8617540eb66fd2b
tcn,independent_rms,202,bandpass_n20001_cLA_electrode_s0,phase2/results/predictions/full/independent_rms/tcn/seed_202/bandpass_n20001_cLA_electrode_s0.npz,75894,99db06936f79f005b14586a8d60b6c7493f38bcad471292ffa6108bfc46221a4
tcn,independent_rms,202,bandpass_n20001_cLA_covariance_s20,phase2/results/predictions/full/independent_rms/tcn/seed_202/bandpass_n20001_cLA_covariance_s20.npz,76490,fea591f6a424fb0a9e90abc006341d88dab76f0f344a4e6122f8e0160cd4f8eb
tcn,independent_rms,202,bandpass_n20001_cLA_covariance_s15,phase2/results/predictions/full/independent_rms/tcn/seed_202/bandpass_n20001_cLA_covariance_s15.npz,76502,e72521b2879332a374f3dc5bb76d78ea2772e2b085847eccde3cf42f1c10553f
tcn,independent_rms,202,bandpass_n20001_cLA_covariance_s10,phase2/results/predictions/full/independent_rms/tcn/seed_202/bandpass_n20001_cLA_covariance_s10.npz,76459,21c7a24102ca2bf9833602544f686d11f8a2bb9fe6478c404648c65a0c4eece2
tcn,independent_rms,202,bandpass_n20001_cLA_covariance_s5,phase2/results/predictions/full/independent_rms/tcn/seed_202/bandpass_n20001_cLA_covariance_s5.npz,76255,7e5ab72de5812536f11f7760a481b8b4f1f2e44d84122e4a70d4dfe7f883f59b
tcn,independent_rms,202,bandpass_n20001_cLA_covariance_s0,phase2/results/predictions/full/independent_rms/tcn/seed_202/bandpass_n20001_cLA_covariance_s0.npz,75926,ae3d4cb617aa7fee7b52460ea63d235770ae0db933c8c09e7b09bf761d41bd74
tcn,independent_rms,202,bandpass_n20001_cLL_independent_rms_s20,phase2/results/predictions/full/independent_rms/tcn/seed_202/bandpass_n20001_cLL_independent_rms_s20.npz,76486,1ec79406399afbb96ddaae2c6e348b4e4cfa5138e29c36db6cbb086e081234cd
tcn,independent_rms,202,bandpass_n20001_cLL_independent_rms_s15,phase2/results/predictions/full/independent_rms/tcn/seed_202/bandpass_n20001_cLL_independent_rms_s15.npz,76505,a8f457c64e9c02125b4c3c0ca6c8b31a62c359dab51a64aadd092a3863cda701
tcn,independent_rms,202,bandpass_n20001_cLL_independent_rms_s10,phase2/results/predictions/full/independent_rms/tcn/seed_202/bandpass_n20001_cLL_independent_rms_s10.npz,76505,61b9500fa7711d6982c998c0a89bb63d0d342a85e14f6d0b4f3f6caa78d7bdd4
tcn,independent_rms,202,bandpass_n20001_cLL_independent_rms_s5,phase2/results/predictions/full/independent_rms/tcn/seed_202/bandpass_n20001_cLL_independent_rms_s5.npz,76411,e6bd1571339d8c1ecaae9ff844e56084e68ad8368989f66f4dcdc5ed6798daac
tcn,independent_rms,202,bandpass_n20001_cLL_independent_rms_s0,phase2/results/predictions/full/independent_rms/tcn/seed_202/bandpass_n20001_cLL_independent_rms_s0.npz,76116,f97c5c9d1690cc89c77fd064b716f7618f8fdd5784a4f496b6f6372b8ac41319
tcn,independent_rms,202,bandpass_n20001_cLL_electrode_s20,phase2/results/predictions/full/independent_rms/tcn/seed_202/bandpass_n20001_cLL_electrode_s20.npz,76498,5c613e7a58d0118fdd560d669178edfab87bc370f3a132bcb175460dfb6da4d3
tcn,independent_rms,202,bandpass_n20001_cLL_electrode_s15,phase2/results/predictions/full/independent_rms/tcn/seed_202/bandpass_n20001_cLL_electrode_s15.npz,76496,ebc93703c8b97b0e50a9ae48c2c9179d9822387c9cf3ea34ebed08df424fac34
tcn,independent_rms,202,bandpass_n20001_cLL_electrode_s10,phase2/results/predictions/full/independent_rms/tcn/seed_202/bandpass_n20001_cLL_electrode_s10.npz,76422,45639bed75f167de1a708b60fd96089740c965ed6229dc4216d9fc15140011e2
tcn,independent_rms,202,bandpass_n20001_cLL_electrode_s5,phase2/results/predictions/full/independent_rms/tcn/seed_202/bandpass_n20001_cLL_electrode_s5.npz,76215,1b95346225f46cbbd3b5cdb6064658826bb60cab1b28b4803d6e54e74a6ccd75
tcn,independent_rms,202,bandpass_n20001_cLL_electrode_s0,phase2/results/predictions/full/independent_rms/tcn/seed_202/bandpass_n20001_cLL_electrode_s0.npz,75882,165391b7e65efb65cb631e1bfe1c0fccd2a7383ba70e299f811ea49568fe046d
tcn,independent_rms,202,bandpass_n20001_cLL_covariance_s20,phase2/results/predictions/full/independent_rms/tcn/seed_202/bandpass_n20001_cLL_covariance_s20.npz,76495,25c13cd7390407909488fb1f40c037630a087afbf0a803e5192530b00d99d1a8
tcn,independent_rms,202,bandpass_n20001_cLL_covariance_s15,phase2/results/predictions/full/independent_rms/tcn/seed_202/bandpass_n20001_cLL_covariance_s15.npz,76489,b49685186c1743ac902d5401ade9372c2d511015dfc3178e722e10187ba69b2d
tcn,independent_rms,202,bandpass_n20001_cLL_covariance_s10,phase2/results/predictions/full/independent_rms/tcn/seed_202/bandpass_n20001_cLL_covariance_s10.npz,76431,77a1cc5ab8418ed6eca75295be83306d7dee81cc896d83a9b2346ad85b202783
tcn,independent_rms,202,bandpass_n20001_cLL_covariance_s5,phase2/results/predictions/full/independent_rms/tcn/seed_202/bandpass_n20001_cLL_covariance_s5.npz,76193,93efc25177c8609e27e3c42430557cd79a7f3bf66919cd2605d5d13f52497304
tcn,independent_rms,202,bandpass_n20001_cLL_covariance_s0,phase2/results/predictions/full/independent_rms/tcn/seed_202/bandpass_n20001_cLL_covariance_s0.npz,75924,e6c03b9f936ff9df38d0ea3c63eb071e87f05da1889d4613e8ec412ae6c3e0f4
tcn,independent_rms,202,bandpass_n20001_cRA_V1_independent_rms_s20,phase2/results/predictions/full/independent_rms/tcn/seed_202/bandpass_n20001_cRA_V1_independent_rms_s20.npz,76511,c9a14593bff0cecb6ef16a4c956b6e827bff2af15eefcb36b1bb98b3c8a0630e
tcn,independent_rms,202,bandpass_n20001_cRA_V1_independent_rms_s15,phase2/results/predictions/full/independent_rms/tcn/seed_202/bandpass_n20001_cRA_V1_independent_rms_s15.npz,76513,06fed7c817b32738c55d6ac7f622388143d7459a52bc10dd0510579e474beca4
tcn,independent_rms,202,bandpass_n20001_cRA_V1_independent_rms_s10,phase2/results/predictions/full/independent_rms/tcn/seed_202/bandpass_n20001_cRA_V1_independent_rms_s10.npz,76549,a20e3f06ff02339fa0030b0ea74947bc1d146f3e4e35b86029afd678ec66a7af
tcn,independent_rms,202,bandpass_n20001_cRA_V1_independent_rms_s5,phase2/results/predictions/full/independent_rms/tcn/seed_202/bandpass_n20001_cRA_V1_independent_rms_s5.npz,76438,6cb0f0a7a1b0e8cc94d28c484f043ff2448d46a2f7e8069b5fa620a878376e64
tcn,independent_rms,202,bandpass_n20001_cRA_V1_independent_rms_s0,phase2/results/predictions/full/independent_rms/tcn/seed_202/bandpass_n20001_cRA_V1_independent_rms_s0.npz,76125,1d4444264df115d1173088eec0cb530dad7ac543a32b5e14f2dbbfb928ee2d7f
tcn,independent_rms,202,bandpass_n20001_cRA_V1_electrode_s20,phase2/results/predictions/full/independent_rms/tcn/seed_202/bandpass_n20001_cRA_V1_electrode_s20.npz,76545,1fd397ded6bdc69ed8d39133760019412892ea8041c75736f54171a06e01dd43
tcn,independent_rms,202,bandpass_n20001_cRA_V1_electrode_s15,phase2/results/predictions/full/independent_rms/tcn/seed_202/bandpass_n20001_cRA_V1_electrode_s15.npz,76489,bdf92cb374bc94a36c3fd97562eae9abecd710588bf397a127f7e4aec1e68532
tcn,independent_rms,202,bandpass_n20001_cRA_V1_electrode_s10,phase2/results/predictions/full/independent_rms/tcn/seed_202/bandpass_n20001_cRA_V1_electrode_s10.npz,76475,2ac4a411027b35d8dbdc205436e12c520a5a9238ae5e24ce548cf1a49606aece
tcn,independent_rms,202,bandpass_n20001_cRA_V1_electrode_s5,phase2/results/predictions/full/independent_rms/tcn/seed_202/bandpass_n20001_cRA_V1_electrode_s5.npz,76310,bebd08ee75131ec70b19f094b2a304a401fd9ec9e1eafce333b7a5391463e971
tcn,independent_rms,202,bandpass_n20001_cRA_V1_electrode_s0,phase2/results/predictions/full/independent_rms/tcn/seed_202/bandpass_n20001_cRA_V1_electrode_s0.npz,75999,7282b50db41642098f0cff8615856a92fef9485ce01b1064532a12175bcfff11
tcn,independent_rms,202,bandpass_n20001_cRA_V1_covariance_s20,phase2/results/predictions/full/independent_rms/tcn/seed_202/bandpass_n20001_cRA_V1_covariance_s20.npz,76450,7425244e48e514eefcb70d039d3a5f56104c936ce11976235a34aaff0f5fe128
tcn,independent_rms,202,bandpass_n20001_cRA_V1_covariance_s15,phase2/results/predictions/full/independent_rms/tcn/seed_202/bandpass_n20001_cRA_V1_covariance_s15.npz,76505,a7f71bf76a60c4e82f204a8de5a17aec58aee69af4142cd19cb5e9eeb9d76e27
tcn,independent_rms,202,bandpass_n20001_cRA_V1_covariance_s10,phase2/results/predictions/full/independent_rms/tcn/seed_202/bandpass_n20001_cRA_V1_covariance_s10.npz,76520,b9f335cad3696726eeda9b2df206f6d7d69bddcc7f2342b9426bea185ccec35e
tcn,independent_rms,202,bandpass_n20001_cRA_V1_covariance_s5,phase2/results/predictions/full/independent_rms/tcn/seed_202/bandpass_n20001_cRA_V1_covariance_s5.npz,76313,38bedb5fcd4ed65a67a0c819bee9718f1048e878dca39c5a13d70a467dfd5f14
tcn,independent_rms,202,bandpass_n20001_cRA_V1_covariance_s0,phase2/results/predictions/full/independent_rms/tcn/seed_202/bandpass_n20001_cRA_V1_covariance_s0.npz,76015,90bcddd2bf8b9bd90543c4096eb5bfd2349ef6576a1b8a9a7225a14174d6712c
tcn,independent_rms,202,bandpass_n20001_cLA_V6_independent_rms_s20,phase2/results/predictions/full/independent_rms/tcn/seed_202/bandpass_n20001_cLA_V6_independent_rms_s20.npz,76538,617dbe55e0dc4b3f6230a1bae0a6685b521eb19cd72f1b6a26d40f52860b08ff
tcn,independent_rms,202,bandpass_n20001_cLA_V6_independent_rms_s15,phase2/results/predictions/full/independent_rms/tcn/seed_202/bandpass_n20001_cLA_V6_independent_rms_s15.npz,76570,fc54eba349aa753e390b7271498e4cee29cb8ca26a9201e0c127c818417efc1a
tcn,independent_rms,202,bandpass_n20001_cLA_V6_independent_rms_s10,phase2/results/predictions/full/independent_rms/tcn/seed_202/bandpass_n20001_cLA_V6_independent_rms_s10.npz,76519,6545933b82330777b585e6743770198f545f6550afe744bcb39b240b388b5c5f
tcn,independent_rms,202,bandpass_n20001_cLA_V6_independent_rms_s5,phase2/results/predictions/full/independent_rms/tcn/seed_202/bandpass_n20001_cLA_V6_independent_rms_s5.npz,76452,6fa2cbf5b12d22291a630b327ab64ace6dafaf8490384cd142cdeb3f203d6ae1
tcn,independent_rms,202,bandpass_n20001_cLA_V6_independent_rms_s0,phase2/results/predictions/full/independent_rms/tcn/seed_202/bandpass_n20001_cLA_V6_independent_rms_s0.npz,76213,e7d1140c3e9c7e9fd9de565867ac11a778aef554986cc7fe5be5d73a98efd7be
tcn,independent_rms,202,bandpass_n20001_cLA_V6_electrode_s20,phase2/results/predictions/full/independent_rms/tcn/seed_202/bandpass_n20001_cLA_V6_electrode_s20.npz,76509,d7709966b77267338b3a37e50b57ee1319d8282794977baa341ef7b506da6143
tcn,independent_rms,202,bandpass_n20001_cLA_V6_electrode_s15,phase2/results/predictions/full/independent_rms/tcn/seed_202/bandpass_n20001_cLA_V6_electrode_s15.npz,76533,1f0fc635c7185e06b78409d54356a3613f0156839b24372007789d90c2a2a59a
tcn,independent_rms,202,bandpass_n20001_cLA_V6_electrode_s10,phase2/results/predictions/full/independent_rms/tcn/seed_202/bandpass_n20001_cLA_V6_electrode_s10.npz,76450,03a0be55c13e42e376101b8545ba3893e3b3103651ecd8ed8c0a036f40b776ca
tcn,independent_rms,202,bandpass_n20001_cLA_V6_electrode_s5,phase2/results/predictions/full/independent_rms/tcn/seed_202/bandpass_n20001_cLA_V6_electrode_s5.npz,76261,f21f132d1a37285a2b7481174baeabf151b4e4299a5a6cd8c9bd1306ead9375f
tcn,independent_rms,202,bandpass_n20001_cLA_V6_electrode_s0,phase2/results/predictions/full/independent_rms/tcn/seed_202/bandpass_n20001_cLA_V6_electrode_s0.npz,75896,e7537e6c30f46c6aa49a26b5e0f20bafbf7a4e8ae421c48976ac8412ad73bba5
tcn,independent_rms,202,bandpass_n20001_cLA_V6_covariance_s20,phase2/results/predictions/full/independent_rms/tcn/seed_202/bandpass_n20001_cLA_V6_covariance_s20.npz,76511,6c6c27b57dfc283b538d2afde2997e9a190c702a2b13523402154ac20cbeb49b
tcn,independent_rms,202,bandpass_n20001_cLA_V6_covariance_s15,phase2/results/predictions/full/independent_rms/tcn/seed_202/bandpass_n20001_cLA_V6_covariance_s15.npz,76532,4c7ae5a72a1fb16096e5e4156b9e55ff4fca87ba7ad268bb609f57dd7f931ffd
tcn,independent_rms,202,bandpass_n20001_cLA_V6_covariance_s10,phase2/results/predictions/full/independent_rms/tcn/seed_202/bandpass_n20001_cLA_V6_covariance_s10.npz,76465,38cce7e2d0669561e4e7f098480e4d092d08e240c1a98832c525d910e242bffc
tcn,independent_rms,202,bandpass_n20001_cLA_V6_covariance_s5,phase2/results/predictions/full/independent_rms/tcn/seed_202/bandpass_n20001_cLA_V6_covariance_s5.npz,76275,ecc726fcaffff75a15b93dad237a970ebe448d1bdc992c57e52b7fb6d796e1a7
tcn,independent_rms,202,bandpass_n20001_cLA_V6_covariance_s0,phase2/results/predictions/full/independent_rms/tcn/seed_202/bandpass_n20001_cLA_V6_covariance_s0.npz,75885,33d7c4e01ed000090cf4cde4f6cfa434635b97eca201b789491da195ee4c9f53
tcn,independent_rms,202,bandpass_n20001_cLL_V4_independent_rms_s20,phase2/results/predictions/full/independent_rms/tcn/seed_202/bandpass_n20001_cLL_V4_independent_rms_s20.npz,76529,711991417d06e42f887baf66d6d59d21d40c58a60007ab69556c80a91acda75b
tcn,independent_rms,202,bandpass_n20001_cLL_V4_independent_rms_s15,phase2/results/predictions/full/independent_rms/tcn/seed_202/bandpass_n20001_cLL_V4_independent_rms_s15.npz,76523,56d6b7da1900f084f4558db7cdacaf12df0c0adcfdb56483ee26b221f7212c93
tcn,independent_rms,202,bandpass_n20001_cLL_V4_independent_rms_s10,phase2/results/predictions/full/independent_rms/tcn/seed_202/bandpass_n20001_cLL_V4_independent_rms_s10.npz,76522,3016c610a565952bf2bda91aae2037a64143f655799b577ed53c6575dc932698
tcn,independent_rms,202,bandpass_n20001_cLL_V4_independent_rms_s5,phase2/results/predictions/full/independent_rms/tcn/seed_202/bandpass_n20001_cLL_V4_independent_rms_s5.npz,76420,dfeaa81eebe946e6d46dad1e0f5f0525375b2745719d1d0b1b2f70c118fa6d39
tcn,independent_rms,202,bandpass_n20001_cLL_V4_independent_rms_s0,phase2/results/predictions/full/independent_rms/tcn/seed_202/bandpass_n20001_cLL_V4_independent_rms_s0.npz,76154,e45e9533b481850c3b02bc27ccbcf7069c06f4fce82bfb39bb66213e69eab452
tcn,independent_rms,202,bandpass_n20001_cLL_V4_electrode_s20,phase2/results/predictions/full/independent_rms/tcn/seed_202/bandpass_n20001_cLL_V4_electrode_s20.npz,76508,8564f2d61145db6dc2ff04f3871aac2b3956a971b7c0a3adc1c4f6f2f5b8f137
tcn,independent_rms,202,bandpass_n20001_cLL_V4_electrode_s15,phase2/results/predictions/full/independent_rms/tcn/seed_202/bandpass_n20001_cLL_V4_electrode_s15.npz,76496,d30e026d7ebc23244faa7878a3177142f09b142a09f9226228290401e0e7b613
tcn,independent_rms,202,bandpass_n20001_cLL_V4_electrode_s10,phase2/results/predictions/full/independent_rms/tcn/seed_202/bandpass_n20001_cLL_V4_electrode_s10.npz,76473,d4db7cbf0bc06ec636eca0699355e91038ef6b736eee76458b0113b1e6ce49a8
tcn,independent_rms,202,bandpass_n20001_cLL_V4_electrode_s5,phase2/results/predictions/full/independent_rms/tcn/seed_202/bandpass_n20001_cLL_V4_electrode_s5.npz,76266,492dfd98e6249f60bda83fc15a4a5cde61224aa6ed1bb71a377b1598bf3ab41e
tcn,independent_rms,202,bandpass_n20001_cLL_V4_electrode_s0,phase2/results/predictions/full/independent_rms/tcn/seed_202/bandpass_n20001_cLL_V4_electrode_s0.npz,75891,e1531477ea3f063e7ae9faa496c277311e9bf2e3ecd7791e1612f4ae1606c472
tcn,independent_rms,202,bandpass_n20001_cLL_V4_covariance_s20,phase2/results/predictions/full/independent_rms/tcn/seed_202/bandpass_n20001_cLL_V4_covariance_s20.npz,76528,a7d34a8994597cee0d5d787e5f027c53fc622c4d5c7202f54197297f7dd4f75e
tcn,independent_rms,202,bandpass_n20001_cLL_V4_covariance_s15,phase2/results/predictions/full/independent_rms/tcn/seed_202/bandpass_n20001_cLL_V4_covariance_s15.npz,76536,310c385697cd410e01b20800796416eddef117db00e169274cfd80cc892a1d98
tcn,independent_rms,202,bandpass_n20001_cLL_V4_covariance_s10,phase2/results/predictions/full/independent_rms/tcn/seed_202/bandpass_n20001_cLL_V4_covariance_s10.npz,76475,fa4c367bd247545957c09982ee3fd6c07da0ad42e3541001e3dad6897f41186b
tcn,independent_rms,202,bandpass_n20001_cLL_V4_covariance_s5,phase2/results/predictions/full/independent_rms/tcn/seed_202/bandpass_n20001_cLL_V4_covariance_s5.npz,76249,be5d37046e136d1392a4e7c9ba6e21bd64982188c63e5d55c9ff609e9502b04b
tcn,independent_rms,202,bandpass_n20001_cLL_V4_covariance_s0,phase2/results/predictions/full/independent_rms/tcn/seed_202/bandpass_n20001_cLL_V4_covariance_s0.npz,75934,4f133c9f46f76691d21ce6f883fd236677d46cd7bdc1a11f9e37fa8bba472282
tcn,independent_rms,202,bandpass_n20001_cRA_LA_V1_V6_independent_rms_s20,phase2/results/predictions/full/independent_rms/tcn/seed_202/bandpass_n20001_cRA_LA_V1_V6_independent_rms_s20.npz,76541,28ec869eba3eafe22ea29714e0b4a6966703d394eeea6892e18d016991fbc0e5
tcn,independent_rms,202,bandpass_n20001_cRA_LA_V1_V6_independent_rms_s15,phase2/results/predictions/full/independent_rms/tcn/seed_202/bandpass_n20001_cRA_LA_V1_V6_independent_rms_s15.npz,76566,b2560092f819d9fcff87223525d8d4b8264887a4db29a5f9e13d89e460bf1da0
tcn,independent_rms,202,bandpass_n20001_cRA_LA_V1_V6_independent_rms_s10,phase2/results/predictions/full/independent_rms/tcn/seed_202/bandpass_n20001_cRA_LA_V1_V6_independent_rms_s10.npz,76528,f9f1402c48d9ced85dee5b7fffd126f5d41d191d701d6365376541a41a9e182a
tcn,independent_rms,202,bandpass_n20001_cRA_LA_V1_V6_independent_rms_s5,phase2/results/predictions/full/independent_rms/tcn/seed_202/bandpass_n20001_cRA_LA_V1_V6_independent_rms_s5.npz,76430,385474909f238e5b8b091c610b765117c3d428130c7925a73dccae184d3869ef
tcn,independent_rms,202,bandpass_n20001_cRA_LA_V1_V6_independent_rms_s0,phase2/results/predictions/full/independent_rms/tcn/seed_202/bandpass_n20001_cRA_LA_V1_V6_independent_rms_s0.npz,76191,f72983c6f407171af50ec23d622d7512d0f2b37274fa8701eca8eadb5516eee6
tcn,independent_rms,202,bandpass_n20001_cRA_LA_V1_V6_electrode_s20,phase2/results/predictions/full/independent_rms/tcn/seed_202/bandpass_n20001_cRA_LA_V1_V6_electrode_s20.npz,76533,a897f95318ec94aae8c877a80176f83bdcceb7b9a9b88b1b5710f6ebe669fd2f
tcn,independent_rms,202,bandpass_n20001_cRA_LA_V1_V6_electrode_s15,phase2/results/predictions/full/independent_rms/tcn/seed_202/bandpass_n20001_cRA_LA_V1_V6_electrode_s15.npz,76513,1f7305187618fdd1b5aaac26f4b1017a4b9d240c94e97088ff699ed55c5f7478
tcn,independent_rms,202,bandpass_n20001_cRA_LA_V1_V6_electrode_s10,phase2/results/predictions/full/independent_rms/tcn/seed_202/bandpass_n20001_cRA_LA_V1_V6_electrode_s10.npz,76504,fc74ed2cb5280b9ffdb7f07cc7f12cb02c04b90f95cb70a65f1eeedf4cdde0c5
tcn,independent_rms,202,bandpass_n20001_cRA_LA_V1_V6_electrode_s5,phase2/results/predictions/full/independent_rms/tcn/seed_202/bandpass_n20001_cRA_LA_V1_V6_electrode_s5.npz,76303,8b341e788a815e89bc1d89518f4d1c903fba424afc917642b56714da250f32e1
tcn,independent_rms,202,bandpass_n20001_cRA_LA_V1_V6_electrode_s0,phase2/results/predictions/full/independent_rms/tcn/seed_202/bandpass_n20001_cRA_LA_V1_V6_electrode_s0.npz,75959,c4727c853f66b0ed1650183c165b16d90519e6f1ea67f12cfacd7a862413d6a2
tcn,independent_rms,202,bandpass_n20001_cRA_LA_V1_V6_covariance_s20,phase2/results/predictions/full/independent_rms/tcn/seed_202/bandpass_n20001_cRA_LA_V1_V6_covariance_s20.npz,76533,37e108018a25c2a1bb0150da75914e616cba4900831c61b7e7c94604ac8468a2
tcn,independent_rms,202,bandpass_n20001_cRA_LA_V1_V6_covariance_s15,phase2/results/predictions/full/independent_rms/tcn/seed_202/bandpass_n20001_cRA_LA_V1_V6_covariance_s15.npz,76560,5b6f3b5c1e383506763641e568207c06ce389a33699f300eaf55bb26947dc566
tcn,independent_rms,202,bandpass_n20001_cRA_LA_V1_V6_covariance_s10,phase2/results/predictions/full/independent_rms/tcn/seed_202/bandpass_n20001_cRA_LA_V1_V6_covariance_s10.npz,76460,70c26d69806b584681c1f3284e923886e8a98e7d65013cb23f0ed1ae18623ffb
tcn,independent_rms,202,bandpass_n20001_cRA_LA_V1_V6_covariance_s5,phase2/results/predictions/full/independent_rms/tcn/seed_202/bandpass_n20001_cRA_LA_V1_V6_covariance_s5.npz,76299,fc7374895c8e0111ed94b5db1d91e5429f1f9fda247e13081916eb1a6fce5cea
tcn,independent_rms,202,bandpass_n20001_cRA_LA_V1_V6_covariance_s0,phase2/results/predictions/full/independent_rms/tcn/seed_202/bandpass_n20001_cRA_LA_V1_V6_covariance_s0.npz,75908,568aadfe61e4affc985a674cb3c6b63fae79410b6c21c5589fc4f432c58dab27
tcn,independent_rms,202,bandpass_n20001_cRA_V2_V5_independent_rms_s20,phase2/results/predictions/full/independent_rms/tcn/seed_202/bandpass_n20001_cRA_V2_V5_independent_rms_s20.npz,76525,318965ff5654fa22cbab9cb5a7325890d5a6c8cfbfa1d069817dd7c854bc28f9
tcn,independent_rms,202,bandpass_n20001_cRA_V2_V5_independent_rms_s15,phase2/results/predictions/full/independent_rms/tcn/seed_202/bandpass_n20001_cRA_V2_V5_independent_rms_s15.npz,76521,f3741a7d538930cd7262f9711b01ed6b35d6030a6273a2695283104536be9825
tcn,independent_rms,202,bandpass_n20001_cRA_V2_V5_independent_rms_s10,phase2/results/predictions/full/independent_rms/tcn/seed_202/bandpass_n20001_cRA_V2_V5_independent_rms_s10.npz,76506,7b5c458bb3833cef3ea865615f44c7b6680d232dba1646122539ec7228fc31c8
tcn,independent_rms,202,bandpass_n20001_cRA_V2_V5_independent_rms_s5,phase2/results/predictions/full/independent_rms/tcn/seed_202/bandpass_n20001_cRA_V2_V5_independent_rms_s5.npz,76445,98d890eb9e8f66d0e6a3136e06cba99788670a818f7cf5c91e81b5c9390e6ecd
tcn,independent_rms,202,bandpass_n20001_cRA_V2_V5_independent_rms_s0,phase2/results/predictions/full/independent_rms/tcn/seed_202/bandpass_n20001_cRA_V2_V5_independent_rms_s0.npz,76249,34d066542e11e8b83cfdb992f39b7f4d067d2b267c633dbeed177dbb3a5977ab
tcn,independent_rms,202,bandpass_n20001_cRA_V2_V5_electrode_s20,phase2/results/predictions/full/independent_rms/tcn/seed_202/bandpass_n20001_cRA_V2_V5_electrode_s20.npz,76502,29fcb46b4152e525aa28e41bd4cff4bed3ee7a03546f07804262f84771b27b81
tcn,independent_rms,202,bandpass_n20001_cRA_V2_V5_electrode_s15,phase2/results/predictions/full/independent_rms/tcn/seed_202/bandpass_n20001_cRA_V2_V5_electrode_s15.npz,76487,47e8fa182a46b9601c2a7dc115eab18b3e52e11acf23d7bd479a3fafd07dacbf
tcn,independent_rms,202,bandpass_n20001_cRA_V2_V5_electrode_s10,phase2/results/predictions/full/independent_rms/tcn/seed_202/bandpass_n20001_cRA_V2_V5_electrode_s10.npz,76493,7f7bc1d8244bfc927b74e44aee62c4a932a574031a71c08d110c6e682c2c3ac1
tcn,independent_rms,202,bandpass_n20001_cRA_V2_V5_electrode_s5,phase2/results/predictions/full/independent_rms/tcn/seed_202/bandpass_n20001_cRA_V2_V5_electrode_s5.npz,76366,2ee095f81d39e7710b641357994158950f9fc9ff2539c8a9ca5a350ce4bb1e14
tcn,independent_rms,202,bandpass_n20001_cRA_V2_V5_electrode_s0,phase2/results/predictions/full/independent_rms/tcn/seed_202/bandpass_n20001_cRA_V2_V5_electrode_s0.npz,76082,6a32ef948b179e77b66e3d3be2f03534bf561003652c4ce1aee01367f1b101de
tcn,independent_rms,202,bandpass_n20001_cRA_V2_V5_covariance_s20,phase2/results/predictions/full/independent_rms/tcn/seed_202/bandpass_n20001_cRA_V2_V5_covariance_s20.npz,76500,865909cc14deb4c33a613a6cddbdd7f585c141e9fda9b90c96c9a9e01aaa521a
tcn,independent_rms,202,bandpass_n20001_cRA_V2_V5_covariance_s15,phase2/results/predictions/full/independent_rms/tcn/seed_202/bandpass_n20001_cRA_V2_V5_covariance_s15.npz,76535,c9222c96449f0cd32458ee04207abef032a84d35f74ca09835379f2286f75044
tcn,independent_rms,202,bandpass_n20001_cRA_V2_V5_covariance_s10,phase2/results/predictions/full/independent_rms/tcn/seed_202/bandpass_n20001_cRA_V2_V5_covariance_s10.npz,76482,0636104b54002e37bd975de229bf0e293e1d6d1f4940a39366238bd6eed33deb
tcn,independent_rms,202,bandpass_n20001_cRA_V2_V5_covariance_s5,phase2/results/predictions/full/independent_rms/tcn/seed_202/bandpass_n20001_cRA_V2_V5_covariance_s5.npz,76352,afef23f02b1487fc99d2d2f3e49f0b13cdc29adca37ae2047a1c01c42552eb25
tcn,independent_rms,202,bandpass_n20001_cRA_V2_V5_covariance_s0,phase2/results/predictions/full/independent_rms/tcn/seed_202/bandpass_n20001_cRA_V2_V5_covariance_s0.npz,76051,798e71b1549607227ac2c63c47ee6fe1d2a472214cc4ceaad31819f0f6bdbe5a
tcn,independent_rms,202,bandpass_n20001_cLA_V3_V6_independent_rms_s20,phase2/results/predictions/full/independent_rms/tcn/seed_202/bandpass_n20001_cLA_V3_V6_independent_rms_s20.npz,76537,25e6f0667ce88d4eb9a17d0ae8d415a170baec9f5a49b5c6a6702ccbef55a8e0
tcn,independent_rms,202,bandpass_n20001_cLA_V3_V6_independent_rms_s15,phase2/results/predictions/full/independent_rms/tcn/seed_202/bandpass_n20001_cLA_V3_V6_independent_rms_s15.npz,76507,c29dbdc9c671e770cb8e90bf6cc8a13f088f5f77997b9d89a1eae168a30843a8
tcn,independent_rms,202,bandpass_n20001_cLA_V3_V6_independent_rms_s10,phase2/results/predictions/full/independent_rms/tcn/seed_202/bandpass_n20001_cLA_V3_V6_independent_rms_s10.npz,76540,bc0e75d29f6b3d2c042d51c93cd3a7e1874c54344d6b00a06aadda88ce3d03d8
tcn,independent_rms,202,bandpass_n20001_cLA_V3_V6_independent_rms_s5,phase2/results/predictions/full/independent_rms/tcn/seed_202/bandpass_n20001_cLA_V3_V6_independent_rms_s5.npz,76477,73caa7e637638d52f3b8cc3c3fcd83996392ab38b253e316b54c538681bcf2d5
tcn,independent_rms,202,bandpass_n20001_cLA_V3_V6_independent_rms_s0,phase2/results/predictions/full/independent_rms/tcn/seed_202/bandpass_n20001_cLA_V3_V6_independent_rms_s0.npz,76229,064313c17cc72901bcd83fb77cb5aa77ecfdf8dcbbdd775021938553696e608d
tcn,independent_rms,202,bandpass_n20001_cLA_V3_V6_electrode_s20,phase2/results/predictions/full/independent_rms/tcn/seed_202/bandpass_n20001_cLA_V3_V6_electrode_s20.npz,76529,2c1307d2e1f9e48c5d4c74d54f10f21cec2f413cfed755c8484d9af4ed92f1ba
tcn,independent_rms,202,bandpass_n20001_cLA_V3_V6_electrode_s15,phase2/results/predictions/full/independent_rms/tcn/seed_202/bandpass_n20001_cLA_V3_V6_electrode_s15.npz,76534,0e70af2681fbd4640dd0a76fba6d55cf5e1a00f42df5428e14b9194ec835d56f
tcn,independent_rms,202,bandpass_n20001_cLA_V3_V6_electrode_s10,phase2/results/predictions/full/independent_rms/tcn/seed_202/bandpass_n20001_cLA_V3_V6_electrode_s10.npz,76479,b2e1e23f8166b909178a1ccf7f4918e832e79da5198bf71c43e2814feb47f112
tcn,independent_rms,202,bandpass_n20001_cLA_V3_V6_electrode_s5,phase2/results/predictions/full/independent_rms/tcn/seed_202/bandpass_n20001_cLA_V3_V6_electrode_s5.npz,76320,f0554425e8cae1cb30e42a36087f1000af20091eccc259288eaad44d19bc97ad
tcn,independent_rms,202,bandpass_n20001_cLA_V3_V6_electrode_s0,phase2/results/predictions/full/independent_rms/tcn/seed_202/bandpass_n20001_cLA_V3_V6_electrode_s0.npz,75931,5b200e11d7a216a616780365f8f2bf8a2e29ad25621a16304bd8ec5ebc2b4f23
tcn,independent_rms,202,bandpass_n20001_cLA_V3_V6_covariance_s20,phase2/results/predictions/full/independent_rms/tcn/seed_202/bandpass_n20001_cLA_V3_V6_covariance_s20.npz,76492,8df4e08f1a017546eef1fb1cdcbc69b7a330aa64ee6d2084a301602675353050
tcn,independent_rms,202,bandpass_n20001_cLA_V3_V6_covariance_s15,phase2/results/predictions/full/independent_rms/tcn/seed_202/bandpass_n20001_cLA_V3_V6_covariance_s15.npz,76494,50bd1a6fa2cc3a13394f095a3bcb5ea634b0e424d4d48b7924fba2e364bcd384
tcn,independent_rms,202,bandpass_n20001_cLA_V3_V6_covariance_s10,phase2/results/predictions/full/independent_rms/tcn/seed_202/bandpass_n20001_cLA_V3_V6_covariance_s10.npz,76478,244a6b247a29c4ebf2fa38f3bbc7ad5d11c269f54ffc3fe31e9988f28d13a45a
tcn,independent_rms,202,bandpass_n20001_cLA_V3_V6_covariance_s5,phase2/results/predictions/full/independent_rms/tcn/seed_202/bandpass_n20001_cLA_V3_V6_covariance_s5.npz,76322,547157e09e3523fa002e88cab1cc37429ec03fd307a26e2ad2b94ceef146772b
tcn,independent_rms,202,bandpass_n20001_cLA_V3_V6_covariance_s0,phase2/results/predictions/full/independent_rms/tcn/seed_202/bandpass_n20001_cLA_V3_V6_covariance_s0.npz,75920,53d98e4e4181ba03906455b2b4f2949e62dedda5dbfd8d8cd1bc946c0b2f0981
tcn,independent_rms,202,bandpass_n20001_cLL_V1_V4_independent_rms_s20,phase2/results/predictions/full/independent_rms/tcn/seed_202/bandpass_n20001_cLL_V1_V4_independent_rms_s20.npz,76534,8f3c21adc9a39307c8970d552aea6e4255836e8367b4f95cdd9e6ccb9671d041
tcn,independent_rms,202,bandpass_n20001_cLL_V1_V4_independent_rms_s15,phase2/results/predictions/full/independent_rms/tcn/seed_202/bandpass_n20001_cLL_V1_V4_independent_rms_s15.npz,76517,1d2f98e106078c832870b849aa2b32ee2a9a3b6688b6d5c65c7ab84a2779b26f
tcn,independent_rms,202,bandpass_n20001_cLL_V1_V4_independent_rms_s10,phase2/results/predictions/full/independent_rms/tcn/seed_202/bandpass_n20001_cLL_V1_V4_independent_rms_s10.npz,76548,0a213dea9b11b679c70508b99496c6490a81388977d194b82e613c759b094d94
tcn,independent_rms,202,bandpass_n20001_cLL_V1_V4_independent_rms_s5,phase2/results/predictions/full/independent_rms/tcn/seed_202/bandpass_n20001_cLL_V1_V4_independent_rms_s5.npz,76412,a6e6dcf4ec1f0010d1044bea3f2b194f524293b6fa873c58c119107b35ace0b2
tcn,independent_rms,202,bandpass_n20001_cLL_V1_V4_independent_rms_s0,phase2/results/predictions/full/independent_rms/tcn/seed_202/bandpass_n20001_cLL_V1_V4_independent_rms_s0.npz,76119,7d16561e47f4732a9eacbe3a2ec3a85531b71d709bdcc8e265e5b57aef93e402
tcn,independent_rms,202,bandpass_n20001_cLL_V1_V4_electrode_s20,phase2/results/predictions/full/independent_rms/tcn/seed_202/bandpass_n20001_cLL_V1_V4_electrode_s20.npz,76494,063617fc2198b146886576028b775c1ea0056ed20dc654459ed8fa4cf80e5ee9
tcn,independent_rms,202,bandpass_n20001_cLL_V1_V4_electrode_s15,phase2/results/predictions/full/independent_rms/tcn/seed_202/bandpass_n20001_cLL_V1_V4_electrode_s15.npz,76541,8f811d07baa5f0327e13289645e1a8ee46eff35ef4ade7ec9992fad869cb36de
tcn,independent_rms,202,bandpass_n20001_cLL_V1_V4_electrode_s10,phase2/results/predictions/full/independent_rms/tcn/seed_202/bandpass_n20001_cLL_V1_V4_electrode_s10.npz,76480,f11bf5cd136546eaaf515b213f155f30e067150c6e19925b803e545091c04a0e
tcn,independent_rms,202,bandpass_n20001_cLL_V1_V4_electrode_s5,phase2/results/predictions/full/independent_rms/tcn/seed_202/bandpass_n20001_cLL_V1_V4_electrode_s5.npz,76262,1dda889554f46acbfbe58f7a8d467d2b8382c57b56f022ab4edbc769a86b8b95
tcn,independent_rms,202,bandpass_n20001_cLL_V1_V4_electrode_s0,phase2/results/predictions/full/independent_rms/tcn/seed_202/bandpass_n20001_cLL_V1_V4_electrode_s0.npz,75938,08c94168e5390351fd9e73587247e1df1e721342f3c2983609adf22cc63e84ee
tcn,independent_rms,202,bandpass_n20001_cLL_V1_V4_covariance_s20,phase2/results/predictions/full/independent_rms/tcn/seed_202/bandpass_n20001_cLL_V1_V4_covariance_s20.npz,76512,92a287b78687714d75a2e3ff19c8d9c0fd9ffde7a5d0a48b4bdf8f5df81f7714
tcn,independent_rms,202,bandpass_n20001_cLL_V1_V4_covariance_s15,phase2/results/predictions/full/independent_rms/tcn/seed_202/bandpass_n20001_cLL_V1_V4_covariance_s15.npz,76498,04abc329815d854e9e17c1bc4a75fa8fd4e898421b915e036d88b62c734d9a83
tcn,independent_rms,202,bandpass_n20001_cLL_V1_V4_covariance_s10,phase2/results/predictions/full/independent_rms/tcn/seed_202/bandpass_n20001_cLL_V1_V4_covariance_s10.npz,76463,938667edaa21d9448a0fd34fb337fc96f73f7a983b910c66c9d02949889fedf2
tcn,independent_rms,202,bandpass_n20001_cLL_V1_V4_covariance_s5,phase2/results/predictions/full/independent_rms/tcn/seed_202/bandpass_n20001_cLL_V1_V4_covariance_s5.npz,76290,b7778f0fec8402a4a86d792bb06125c20c3b8266d64dffb1cdbd5389fdeba2b2
tcn,independent_rms,202,bandpass_n20001_cLL_V1_V4_covariance_s0,phase2/results/predictions/full/independent_rms/tcn/seed_202/bandpass_n20001_cLL_V1_V4_covariance_s0.npz,75935,3f697b2198b331a4894ab0c695c088b10fa5b6756289ecfbdcd9a294aa7a91ca
tcn,independent_rms,202,bandpass_n20001_call_independent_rms_s20,phase2/results/predictions/full/independent_rms/tcn/seed_202/bandpass_n20001_call_independent_rms_s20.npz,76500,c6f6b675a12709e55d9ae93af5f31f30a24502516c8a4f4d88a50f0fbe0c944d
tcn,independent_rms,202,bandpass_n20001_call_independent_rms_s15,phase2/results/predictions/full/independent_rms/tcn/seed_202/bandpass_n20001_call_independent_rms_s15.npz,76504,a43cfd12ade52898c02947a4bee84983b31b77dec2d62dcb6ad9516ee1bbea0c
tcn,independent_rms,202,bandpass_n20001_call_independent_rms_s10,phase2/results/predictions/full/independent_rms/tcn/seed_202/bandpass_n20001_call_independent_rms_s10.npz,76516,8cb59d0f8654543f70805ab16b6482d79be2926e9af5a067c55102cdb599103a
tcn,independent_rms,202,bandpass_n20001_call_independent_rms_s5,phase2/results/predictions/full/independent_rms/tcn/seed_202/bandpass_n20001_call_independent_rms_s5.npz,76421,5332a41d4f12ed6779ad950bf9ebde0d69f3dd1482c45ad355e5bbda1e589ef7
tcn,independent_rms,202,bandpass_n20001_call_independent_rms_s0,phase2/results/predictions/full/independent_rms/tcn/seed_202/bandpass_n20001_call_independent_rms_s0.npz,76165,188c224083e3ddb8786b8e383b2a68e01398edbc423d9a361c9041ae563bfd4f
tcn,independent_rms,202,bandpass_n20001_call_electrode_s20,phase2/results/predictions/full/independent_rms/tcn/seed_202/bandpass_n20001_call_electrode_s20.npz,76480,569f275854c175c1541141003ef01fe35a06ab85dfe73428ddb591237193b425
tcn,independent_rms,202,bandpass_n20001_call_electrode_s15,phase2/results/predictions/full/independent_rms/tcn/seed_202/bandpass_n20001_call_electrode_s15.npz,76477,e2228294ae39a0ab957fb3fe06c6864b359bbd896db4c0c9dd426ba79f56611a
tcn,independent_rms,202,bandpass_n20001_call_electrode_s10,phase2/results/predictions/full/independent_rms/tcn/seed_202/bandpass_n20001_call_electrode_s10.npz,76461,b5dcd3feb4c804e5571e074456fdaae18ca348bbbf03eb27e647fb5e9ded2012
tcn,independent_rms,202,bandpass_n20001_call_electrode_s5,phase2/results/predictions/full/independent_rms/tcn/seed_202/bandpass_n20001_call_electrode_s5.npz,76264,e91cfc7c1653e30344380b2c7d96caa7a6eddc77dcef5b97f89982e1af07cff0
tcn,independent_rms,202,bandpass_n20001_call_electrode_s0,phase2/results/predictions/full/independent_rms/tcn/seed_202/bandpass_n20001_call_electrode_s0.npz,75842,01a66e11e53c99aadec3f19f26dd4ce9c6c5a2ce78cdb4220c8fd42495aebbc4
tcn,independent_rms,202,bandpass_n20001_call_covariance_s20,phase2/results/predictions/full/independent_rms/tcn/seed_202/bandpass_n20001_call_covariance_s20.npz,76482,2f40de351427362ae5d0dfc6c5855aadd293bb62f0cc5472c361cb5a321c9a22
tcn,independent_rms,202,bandpass_n20001_call_covariance_s15,phase2/results/predictions/full/independent_rms/tcn/seed_202/bandpass_n20001_call_covariance_s15.npz,76481,26b996bdc44db34fade08e2f2274eb95c7c17e11fc01494c91de4a7333c4eae8
tcn,independent_rms,202,bandpass_n20001_call_covariance_s10,phase2/results/predictions/full/independent_rms/tcn/seed_202/bandpass_n20001_call_covariance_s10.npz,76471,1f433e181ae343f337c7130cdbd8e6533077e7098802bd630c575044cb89bf1a
tcn,independent_rms,202,bandpass_n20001_call_covariance_s5,phase2/results/predictions/full/independent_rms/tcn/seed_202/bandpass_n20001_call_covariance_s5.npz,76267,3962aad1838ee76e5cbfc3c6b41d77aad5b71cb0a87b92d8909deb4575d285ba
tcn,independent_rms,202,bandpass_n20001_call_covariance_s0,phase2/results/predictions/full/independent_rms/tcn/seed_202/bandpass_n20001_call_covariance_s0.npz,75876,d9c3929dece06f513965a5ab8a873acbd2216f9edeafa7974f61837f875945c5
tcn,independent_rms,202,bandpass_n20002_cRA_LA_LL_independent_rms_s20,phase2/results/predictions/full/independent_rms/tcn/seed_202/bandpass_n20002_cRA_LA_LL_independent_rms_s20.npz,76474,edf8952811a872148a9c66d716305342d7bea7ca61979af6cec8fca865d31d7a
tcn,independent_rms,202,bandpass_n20002_cRA_LA_LL_independent_rms_s15,phase2/results/predictions/full/independent_rms/tcn/seed_202/bandpass_n20002_cRA_LA_LL_independent_rms_s15.npz,76493,34e23f8a48ebff010868d68d77336b7d551e6a26bdff937409487b6bbc066f77
tcn,independent_rms,202,bandpass_n20002_cRA_LA_LL_independent_rms_s10,phase2/results/predictions/full/independent_rms/tcn/seed_202/bandpass_n20002_cRA_LA_LL_independent_rms_s10.npz,76494,82420082d26b006e6031a3a0a907712efb34a93d4f472491dd0886454ac1a974
tcn,independent_rms,202,bandpass_n20002_cRA_LA_LL_independent_rms_s5,phase2/results/predictions/full/independent_rms/tcn/seed_202/bandpass_n20002_cRA_LA_LL_independent_rms_s5.npz,76411,fdc7c86a73c377d8c19874e45a1c9cbd19f05104b7ddf9177cc1cd7c744a4df9
tcn,independent_rms,202,bandpass_n20002_cRA_LA_LL_independent_rms_s0,phase2/results/predictions/full/independent_rms/tcn/seed_202/bandpass_n20002_cRA_LA_LL_independent_rms_s0.npz,76184,8681dd14cf7795d7acefbd50155c7772812636a14af053925ead0b09b7065341
tcn,independent_rms,202,bandpass_n20002_cRA_LA_LL_electrode_s20,phase2/results/predictions/full/independent_rms/tcn/seed_202/bandpass_n20002_cRA_LA_LL_electrode_s20.npz,76521,4c9ddc679cf4b05da8a1865c32046e1611222b23d90608bebc7abdc66034043a
tcn,independent_rms,202,bandpass_n20002_cRA_LA_LL_electrode_s15,phase2/results/predictions/full/independent_rms/tcn/seed_202/bandpass_n20002_cRA_LA_LL_electrode_s15.npz,76530,4512ebc9c8bc567a07feef8f2528fd7d5cd52a03cd41cc0f91f00685b53dbba3
tcn,independent_rms,202,bandpass_n20002_cRA_LA_LL_electrode_s10,phase2/results/predictions/full/independent_rms/tcn/seed_202/bandpass_n20002_cRA_LA_LL_electrode_s10.npz,76459,fbf3e6805ccad8ab9b08c62f7caa0b89a7ff5cfdcd3d4e0f21bb8234a8be5a1a
tcn,independent_rms,202,bandpass_n20002_cRA_LA_LL_electrode_s5,phase2/results/predictions/full/independent_rms/tcn/seed_202/bandpass_n20002_cRA_LA_LL_electrode_s5.npz,76259,ea713371e75c9d85ebb5008f42f5cef213e4efe89104fe9932ede62170a467da
tcn,independent_rms,202,bandpass_n20002_cRA_LA_LL_electrode_s0,phase2/results/predictions/full/independent_rms/tcn/seed_202/bandpass_n20002_cRA_LA_LL_electrode_s0.npz,75797,a6aa88f8784412f41682958591ca25e7cc4d636dbc5126f0fe0e712e8b67e080
tcn,independent_rms,202,bandpass_n20002_cRA_LA_LL_covariance_s20,phase2/results/predictions/full/independent_rms/tcn/seed_202/bandpass_n20002_cRA_LA_LL_covariance_s20.npz,76509,57df7a158c962be0768cde520676528afb89c498aacf264526c12b9168122348
tcn,independent_rms,202,bandpass_n20002_cRA_LA_LL_covariance_s15,phase2/results/predictions/full/independent_rms/tcn/seed_202/bandpass_n20002_cRA_LA_LL_covariance_s15.npz,76505,1fd0bffce36b819c3c1aec95b3c2ed1f7b57b7d26ba36730886deb9ed0d5eece
tcn,independent_rms,202,bandpass_n20002_cRA_LA_LL_covariance_s10,phase2/results/predictions/full/independent_rms/tcn/seed_202/bandpass_n20002_cRA_LA_LL_covariance_s10.npz,76446,190d9b127dd07bd58f64666a302baaa779c65cd24e89769adaa57199de1c5b67
tcn,independent_rms,202,bandpass_n20002_cRA_LA_LL_covariance_s5,phase2/results/predictions/full/independent_rms/tcn/seed_202/bandpass_n20002_cRA_LA_LL_covariance_s5.npz,76258,fdc0e415bce19fad870572352bd601e8a74654b0ead3674d8147e146cb15ca9b
tcn,independent_rms,202,bandpass_n20002_cRA_LA_LL_covariance_s0,phase2/results/predictions/full/independent_rms/tcn/seed_202/bandpass_n20002_cRA_LA_LL_covariance_s0.npz,75767,d4cd1c66d8141ff3308d440b12752d5ec01b0dbee7d02ce938173655ae4611f0
tcn,independent_rms,202,bandpass_n20002_cV1_independent_rms_s20,phase2/results/predictions/full/independent_rms/tcn/seed_202/bandpass_n20002_cV1_independent_rms_s20.npz,76537,5330804dd425aa9419b4b45b52cb86034f952da099ca033e4b230e5d56540788
tcn,independent_rms,202,bandpass_n20002_cV1_independent_rms_s15,phase2/results/predictions/full/independent_rms/tcn/seed_202/bandpass_n20002_cV1_independent_rms_s15.npz,76499,ff385cecb03f19edebe512cabebd6994726c06e340be1a25f647f6e194c3a610
tcn,independent_rms,202,bandpass_n20002_cV1_independent_rms_s10,phase2/results/predictions/full/independent_rms/tcn/seed_202/bandpass_n20002_cV1_independent_rms_s10.npz,76471,6c5b8a44522e6879c5ff8cbcdb3636ce340bc2a74cc977059ccd45746fcd4c14
tcn,independent_rms,202,bandpass_n20002_cV1_independent_rms_s5,phase2/results/predictions/full/independent_rms/tcn/seed_202/bandpass_n20002_cV1_independent_rms_s5.npz,76371,46ba4c822b73b38e600211d32bda7bb7782c27b3ceef80ea4ab7c2840bedf999
tcn,independent_rms,202,bandpass_n20002_cV1_independent_rms_s0,phase2/results/predictions/full/independent_rms/tcn/seed_202/bandpass_n20002_cV1_independent_rms_s0.npz,76047,c434601284c35246793f16854336e9c157295fd1a14d7de83fc81d9ef832eb20
tcn,independent_rms,202,bandpass_n20002_cV1_electrode_s20,phase2/results/predictions/full/independent_rms/tcn/seed_202/bandpass_n20002_cV1_electrode_s20.npz,76480,cbdaf1bf76d882ec4d73662dccd0f4b8be821073483394a0f795c8dbbd6d979a
tcn,independent_rms,202,bandpass_n20002_cV1_electrode_s15,phase2/results/predictions/full/independent_rms/tcn/seed_202/bandpass_n20002_cV1_electrode_s15.npz,76474,f5d27a8c9abf07ba36ea61663bbf59eafdfca9c7bbd792e40ee0a8a3c3f2907a
tcn,independent_rms,202,bandpass_n20002_cV1_electrode_s10,phase2/results/predictions/full/independent_rms/tcn/seed_202/bandpass_n20002_cV1_electrode_s10.npz,76467,3f674d282fb604dbb68dcd97128a26abe34dff78a8aa5a68f68e189a465592e3
tcn,independent_rms,202,bandpass_n20002_cV1_electrode_s5,phase2/results/predictions/full/independent_rms/tcn/seed_202/bandpass_n20002_cV1_electrode_s5.npz,76380,da55d3ed059eeef0fc5698ddd51d22b1ec7e1ec73a55d7804aab320fd2ee02af
tcn,independent_rms,202,bandpass_n20002_cV1_electrode_s0,phase2/results/predictions/full/independent_rms/tcn/seed_202/bandpass_n20002_cV1_electrode_s0.npz,76016,207e00d170cc2d55c75028a9892b0d50d915004bccd6e0112ce7def66b5523b7
tcn,independent_rms,202,bandpass_n20002_cV1_covariance_s20,phase2/results/predictions/full/independent_rms/tcn/seed_202/bandpass_n20002_cV1_covariance_s20.npz,76518,b343ae5769b138b55b7ed0906327a4d07bc436245ad163ef54996843630d92c7
tcn,independent_rms,202,bandpass_n20002_cV1_covariance_s15,phase2/results/predictions/full/independent_rms/tcn/seed_202/bandpass_n20002_cV1_covariance_s15.npz,76515,bd13c387626f34cf8a4210c614e36cecc5a8e04873409da6be351178763de9d5
tcn,independent_rms,202,bandpass_n20002_cV1_covariance_s10,phase2/results/predictions/full/independent_rms/tcn/seed_202/bandpass_n20002_cV1_covariance_s10.npz,76458,2575914da8cd819095a026a4d158cf97fe6e70356e472928c98567a92e20b000
tcn,independent_rms,202,bandpass_n20002_cV1_covariance_s5,phase2/results/predictions/full/independent_rms/tcn/seed_202/bandpass_n20002_cV1_covariance_s5.npz,76377,d0d4fb2aa4c071e4292de267eb22d504c7d5ee74af6fffb24781a250498cd3db
tcn,independent_rms,202,bandpass_n20002_cV1_covariance_s0,phase2/results/predictions/full/independent_rms/tcn/seed_202/bandpass_n20002_cV1_covariance_s0.npz,76038,41b60ba18655bfc6ddcbaa02ca1028e8bfec320cf9792334b6527838c7c6e8c5
tcn,independent_rms,202,bandpass_n20002_cV2_independent_rms_s20,phase2/results/predictions/full/independent_rms/tcn/seed_202/bandpass_n20002_cV2_independent_rms_s20.npz,76508,9d77474f3d6b3e4ca07370515165b140a1fe4d207d394c058784874807fa5197
tcn,independent_rms,202,bandpass_n20002_cV2_independent_rms_s15,phase2/results/predictions/full/independent_rms/tcn/seed_202/bandpass_n20002_cV2_independent_rms_s15.npz,76535,f7637bdc7f7ac569ea4decf3f8ef54b8350685cd75eb1467ed28f643e84eda7b
tcn,independent_rms,202,bandpass_n20002_cV2_independent_rms_s10,phase2/results/predictions/full/independent_rms/tcn/seed_202/bandpass_n20002_cV2_independent_rms_s10.npz,76504,256e40a8c4e2a2ea184dfeb289a9bc1d6bc4cbdb0e06196fb0810e863e03f170
tcn,independent_rms,202,bandpass_n20002_cV2_independent_rms_s5,phase2/results/predictions/full/independent_rms/tcn/seed_202/bandpass_n20002_cV2_independent_rms_s5.npz,76386,06f6fa7846d880692d6b2e93871b114e63d3c23d0df5babb19e178f43d3ece6d
tcn,independent_rms,202,bandpass_n20002_cV2_independent_rms_s0,phase2/results/predictions/full/independent_rms/tcn/seed_202/bandpass_n20002_cV2_independent_rms_s0.npz,76194,ce4ba00d9eac51bc75ba4ea6105972a5dae5fc34f35291242fe86a75df9244ba
tcn,independent_rms,202,bandpass_n20002_cV2_electrode_s20,phase2/results/predictions/full/independent_rms/tcn/seed_202/bandpass_n20002_cV2_electrode_s20.npz,76495,d0207a703ec00c500127df7707d2a6088e63f7409ded278a39f58e69efb966cc
tcn,independent_rms,202,bandpass_n20002_cV2_electrode_s15,phase2/results/predictions/full/independent_rms/tcn/seed_202/bandpass_n20002_cV2_electrode_s15.npz,76499,8a1bfd75f5968a3f50d2559f272fa3daee3ede93db855824c6930d16a7652a16
tcn,independent_rms,202,bandpass_n20002_cV2_electrode_s10,phase2/results/predictions/full/independent_rms/tcn/seed_202/bandpass_n20002_cV2_electrode_s10.npz,76510,22b915542290373f0c867485e4d921cf17b9a1b2b2f331134d829961f9598496
tcn,independent_rms,202,bandpass_n20002_cV2_electrode_s5,phase2/results/predictions/full/independent_rms/tcn/seed_202/bandpass_n20002_cV2_electrode_s5.npz,76416,d35e638af05b842ef93e46018f8ba9a95cdf77189eefc0b4496ca2af714770f3
tcn,independent_rms,202,bandpass_n20002_cV2_electrode_s0,phase2/results/predictions/full/independent_rms/tcn/seed_202/bandpass_n20002_cV2_electrode_s0.npz,76210,dc6be98dc4e2feb8a4ccf0d930e2a33c7ae34593b117c2bea6d813ed627ba25a
tcn,independent_rms,202,bandpass_n20002_cV2_covariance_s20,phase2/results/predictions/full/independent_rms/tcn/seed_202/bandpass_n20002_cV2_covariance_s20.npz,76472,0e6148e737cf76154690799514ac160388478d1a272f6394c5e6abb4fb91473b
tcn,independent_rms,202,bandpass_n20002_cV2_covariance_s15,phase2/results/predictions/full/independent_rms/tcn/seed_202/bandpass_n20002_cV2_covariance_s15.npz,76506,2de4bfb61ae715016082c07eb7083bf962d4d0a8f3ed9d8f296ed92b80080d46
tcn,independent_rms,202,bandpass_n20002_cV2_covariance_s10,phase2/results/predictions/full/independent_rms/tcn/seed_202/bandpass_n20002_cV2_covariance_s10.npz,76488,3ae8f8f3c0452b9cc5d0118030ea620d37019ce67f8e79493d81583fe1fa7c48
tcn,independent_rms,202,bandpass_n20002_cV2_covariance_s5,phase2/results/predictions/full/independent_rms/tcn/seed_202/bandpass_n20002_cV2_covariance_s5.npz,76394,8d6aa56d45716b8f4fa44cc86b1c98e19570534e04596001f8d55263c2284240
tcn,independent_rms,202,bandpass_n20002_cV2_covariance_s0,phase2/results/predictions/full/independent_rms/tcn/seed_202/bandpass_n20002_cV2_covariance_s0.npz,76198,1ee7e9259f7f4c3347fa50e011689efe2e2fac0702552a882e439a8ecb7b381c
tcn,independent_rms,202,bandpass_n20002_cV3_independent_rms_s20,phase2/results/predictions/full/independent_rms/tcn/seed_202/bandpass_n20002_cV3_independent_rms_s20.npz,76525,aad9d3fadfb331dca7ab7c8c4576fe0e76c649484545d8eb29aa0c408f8e4f88
tcn,independent_rms,202,bandpass_n20002_cV3_independent_rms_s15,phase2/results/predictions/full/independent_rms/tcn/seed_202/bandpass_n20002_cV3_independent_rms_s15.npz,76527,6266e16299867a7525fee5a9ff9d549c080c645798ed20228ff94b021f7bac4b
tcn,independent_rms,202,bandpass_n20002_cV3_independent_rms_s10,phase2/results/predictions/full/independent_rms/tcn/seed_202/bandpass_n20002_cV3_independent_rms_s10.npz,76504,13b49d6d6f58b4809aeee003ecff11cf52a668f81d08f2af85f6cbf638b35095
tcn,independent_rms,202,bandpass_n20002_cV3_independent_rms_s5,phase2/results/predictions/full/independent_rms/tcn/seed_202/bandpass_n20002_cV3_independent_rms_s5.npz,76517,4466afdb77cdb494da451e1417e4062954e32dd6db30316c8a045a927f7cf207
tcn,independent_rms,202,bandpass_n20002_cV3_independent_rms_s0,phase2/results/predictions/full/independent_rms/tcn/seed_202/bandpass_n20002_cV3_independent_rms_s0.npz,76352,61c4adcc538c5fd398a9770a5ccaad153c994588083426a3db6821e37be497d1
tcn,independent_rms,202,bandpass_n20002_cV3_electrode_s20,phase2/results/predictions/full/independent_rms/tcn/seed_202/bandpass_n20002_cV3_electrode_s20.npz,76481,eb065dff2d5e818ff8533f43ff6317c8974bd3a28c1c47ac5aa18a6068e70ea4
tcn,independent_rms,202,bandpass_n20002_cV3_electrode_s15,phase2/results/predictions/full/independent_rms/tcn/seed_202/bandpass_n20002_cV3_electrode_s15.npz,76499,9fef041c6b45bb78752d644bc879b6556750c24b82c50622e1c674c66000716f
tcn,independent_rms,202,bandpass_n20002_cV3_electrode_s10,phase2/results/predictions/full/independent_rms/tcn/seed_202/bandpass_n20002_cV3_electrode_s10.npz,76540,6717798af3619d109f374093725b1e664eb8d0a319ceef2747e9e17e1188bdf1
tcn,independent_rms,202,bandpass_n20002_cV3_electrode_s5,phase2/results/predictions/full/independent_rms/tcn/seed_202/bandpass_n20002_cV3_electrode_s5.npz,76507,7ddf37931a8c971eddaef0b4f8cdee65652f312e3b6cd8ffcde76d86438b1d31
tcn,independent_rms,202,bandpass_n20002_cV3_electrode_s0,phase2/results/predictions/full/independent_rms/tcn/seed_202/bandpass_n20002_cV3_electrode_s0.npz,76356,36ac1c2932e203ae5313534ed87093b6180eb9b980d154e93dc5e545748fec11
tcn,independent_rms,202,bandpass_n20002_cV3_covariance_s20,phase2/results/predictions/full/independent_rms/tcn/seed_202/bandpass_n20002_cV3_covariance_s20.npz,76530,554ca206e535404b6206ff993a82420d2f4d320585409eb817ee5c6b3d05cfad
tcn,independent_rms,202,bandpass_n20002_cV3_covariance_s15,phase2/results/predictions/full/independent_rms/tcn/seed_202/bandpass_n20002_cV3_covariance_s15.npz,76501,47ec5cd20833de8f966365f64fdc115b95e63b9129cf44f2958541d9079860ad
tcn,independent_rms,202,bandpass_n20002_cV3_covariance_s10,phase2/results/predictions/full/independent_rms/tcn/seed_202/bandpass_n20002_cV3_covariance_s10.npz,76505,631ed63d4114152aebcc8873307bbac09ca218a2f687c023f27147cf16965a84
tcn,independent_rms,202,bandpass_n20002_cV3_covariance_s5,phase2/results/predictions/full/independent_rms/tcn/seed_202/bandpass_n20002_cV3_covariance_s5.npz,76464,8b2dc0a94942b6a6682305536643de16a167e06bd40c65ad6f9190ad92bb07e9
tcn,independent_rms,202,bandpass_n20002_cV3_covariance_s0,phase2/results/predictions/full/independent_rms/tcn/seed_202/bandpass_n20002_cV3_covariance_s0.npz,76352,a5baa0a8e38cbd94d34f88e5b334a1f11fe38cb124d656dba50f4fe5358ae304
tcn,independent_rms,202,bandpass_n20002_cV4_independent_rms_s20,phase2/results/predictions/full/independent_rms/tcn/seed_202/bandpass_n20002_cV4_independent_rms_s20.npz,76500,744adc7f059566b1df0bfa4fe4f4d8af09fc71409815491f58aabd44cd1a97ee
tcn,independent_rms,202,bandpass_n20002_cV4_independent_rms_s15,phase2/results/predictions/full/independent_rms/tcn/seed_202/bandpass_n20002_cV4_independent_rms_s15.npz,76530,1a846feedc62f4ee80e73ce6e96a21076129e04692b10729c049870cdef8b176
tcn,independent_rms,202,bandpass_n20002_cV4_independent_rms_s10,phase2/results/predictions/full/independent_rms/tcn/seed_202/bandpass_n20002_cV4_independent_rms_s10.npz,76516,3860c11ce5d8eeb81befe1a2188d5c8bb94b095e1de3d90894da6fb2d3808e04
tcn,independent_rms,202,bandpass_n20002_cV4_independent_rms_s5,phase2/results/predictions/full/independent_rms/tcn/seed_202/bandpass_n20002_cV4_independent_rms_s5.npz,76477,2ef66102268df43bf697be050858e3a09093d584cfa242083388931515fc461a
tcn,independent_rms,202,bandpass_n20002_cV4_independent_rms_s0,phase2/results/predictions/full/independent_rms/tcn/seed_202/bandpass_n20002_cV4_independent_rms_s0.npz,76283,4450d0bf9c5304dfa74b9f2502d50e13ef3727b86356c4c0c619aabd95bc4e2a
tcn,independent_rms,202,bandpass_n20002_cV4_electrode_s20,phase2/results/predictions/full/independent_rms/tcn/seed_202/bandpass_n20002_cV4_electrode_s20.npz,76489,873328591cab66d66026f0178c3bb3c687b49932e82140412bd6ef15e2e6b4c3
tcn,independent_rms,202,bandpass_n20002_cV4_electrode_s15,phase2/results/predictions/full/independent_rms/tcn/seed_202/bandpass_n20002_cV4_electrode_s15.npz,76530,b767b463a0b9aee981bc4096c32c6dfe286c80f0f7bb39e5a2f39aa5d25060c0
tcn,independent_rms,202,bandpass_n20002_cV4_electrode_s10,phase2/results/predictions/full/independent_rms/tcn/seed_202/bandpass_n20002_cV4_electrode_s10.npz,76495,d78187cd48b968824786cd3d8b03e4b9950bae75bb3201dfe1504e407018f2a6
tcn,independent_rms,202,bandpass_n20002_cV4_electrode_s5,phase2/results/predictions/full/independent_rms/tcn/seed_202/bandpass_n20002_cV4_electrode_s5.npz,76436,75b403eb760b4a672217c2e8dea9e90cffecd881acf3b3fda028e50f49387052
tcn,independent_rms,202,bandpass_n20002_cV4_electrode_s0,phase2/results/predictions/full/independent_rms/tcn/seed_202/bandpass_n20002_cV4_electrode_s0.npz,76273,893f24648d143fdabe28a44b6cf8e8665fa937f9a661c23dd9b2802293a67045
tcn,independent_rms,202,bandpass_n20002_cV4_covariance_s20,phase2/results/predictions/full/independent_rms/tcn/seed_202/bandpass_n20002_cV4_covariance_s20.npz,76483,d633d07f5ebc543be91ddd6eea652aa3dfd94fbfd0f1d6417c3b136535690b56
tcn,independent_rms,202,bandpass_n20002_cV4_covariance_s15,phase2/results/predictions/full/independent_rms/tcn/seed_202/bandpass_n20002_cV4_covariance_s15.npz,76510,f61471690cb8706b5e85c693e8d96aee360b96c992247a0a788b12a6fe870737
tcn,independent_rms,202,bandpass_n20002_cV4_covariance_s10,phase2/results/predictions/full/independent_rms/tcn/seed_202/bandpass_n20002_cV4_covariance_s10.npz,76468,0990324e9ba0a73fb99c2d69b270e093ab12db6787c64ed1e980453f723186c3
tcn,independent_rms,202,bandpass_n20002_cV4_covariance_s5,phase2/results/predictions/full/independent_rms/tcn/seed_202/bandpass_n20002_cV4_covariance_s5.npz,76496,11c58222355e898fa678d06382a09a679ff6956242d7eb1791f823d3bb48d799
tcn,independent_rms,202,bandpass_n20002_cV4_covariance_s0,phase2/results/predictions/full/independent_rms/tcn/seed_202/bandpass_n20002_cV4_covariance_s0.npz,76244,accca0c32da2bf3e39e1fddaaac62834a3d5b5d1a3280d523e0912e9b88a476f
tcn,independent_rms,202,bandpass_n20002_cV5_independent_rms_s20,phase2/results/predictions/full/independent_rms/tcn/seed_202/bandpass_n20002_cV5_independent_rms_s20.npz,76502,f3575532688184fffb66ddc433f751d40598ca34f93474e1bfdddcbd3ba0e06d
tcn,independent_rms,202,bandpass_n20002_cV5_independent_rms_s15,phase2/results/predictions/full/independent_rms/tcn/seed_202/bandpass_n20002_cV5_independent_rms_s15.npz,76507,40bc4e33b6792debee0c1d914c47cc284e061da7057e278ba3ac10bca576a593
tcn,independent_rms,202,bandpass_n20002_cV5_independent_rms_s10,phase2/results/predictions/full/independent_rms/tcn/seed_202/bandpass_n20002_cV5_independent_rms_s10.npz,76501,e2e63a62b37e6709ce4ebf26fbb5087a71f2dd3661191a35e8a8a0aa35fb941f
tcn,independent_rms,202,bandpass_n20002_cV5_independent_rms_s5,phase2/results/predictions/full/independent_rms/tcn/seed_202/bandpass_n20002_cV5_independent_rms_s5.npz,76459,6172f98b32913caec39beb297c7c860d7219a9fd198fb9aa1e76bacf0e35a794
tcn,independent_rms,202,bandpass_n20002_cV5_independent_rms_s0,phase2/results/predictions/full/independent_rms/tcn/seed_202/bandpass_n20002_cV5_independent_rms_s0.npz,76206,38cf6cecec7bba1291168d73a3a8827e5518f585551617c82d3b585abc672a4c
tcn,independent_rms,202,bandpass_n20002_cV5_electrode_s20,phase2/results/predictions/full/independent_rms/tcn/seed_202/bandpass_n20002_cV5_electrode_s20.npz,76515,3ee1e0048d3c610c1645f0f8aad30020a559894f8bb9ca993c833452da7672ee
tcn,independent_rms,202,bandpass_n20002_cV5_electrode_s15,phase2/results/predictions/full/independent_rms/tcn/seed_202/bandpass_n20002_cV5_electrode_s15.npz,76496,60440b081c613712d603fcb7fd329211f2d578762c50e21c623350b574f187cf
tcn,independent_rms,202,bandpass_n20002_cV5_electrode_s10,phase2/results/predictions/full/independent_rms/tcn/seed_202/bandpass_n20002_cV5_electrode_s10.npz,76476,5d49537a3f25026557534b175a7204aceadb20144a9666b22344fe13c275cc8f
tcn,independent_rms,202,bandpass_n20002_cV5_electrode_s5,phase2/results/predictions/full/independent_rms/tcn/seed_202/bandpass_n20002_cV5_electrode_s5.npz,76418,d3506d6d24b2d0898e06f178fe07490a6f16b10e087b3a62589229aed986c145
tcn,independent_rms,202,bandpass_n20002_cV5_electrode_s0,phase2/results/predictions/full/independent_rms/tcn/seed_202/bandpass_n20002_cV5_electrode_s0.npz,76185,4d4bc1bbc36655cd51986b3a1898cd0b2d8d8e8b09c1ceaeb563656570fc303a
tcn,independent_rms,202,bandpass_n20002_cV5_covariance_s20,phase2/results/predictions/full/independent_rms/tcn/seed_202/bandpass_n20002_cV5_covariance_s20.npz,76503,c180245366b1d77adfd319e677af3308435da3645fbe454b30d0a44ab069617f
tcn,independent_rms,202,bandpass_n20002_cV5_covariance_s15,phase2/results/predictions/full/independent_rms/tcn/seed_202/bandpass_n20002_cV5_covariance_s15.npz,76512,ae8f233222971f332829fa6f2a91bd764a44e229df2af8a833964b1dda0658a5
tcn,independent_rms,202,bandpass_n20002_cV5_covariance_s10,phase2/results/predictions/full/independent_rms/tcn/seed_202/bandpass_n20002_cV5_covariance_s10.npz,76492,95e0aed03a66e81eddf2860bae9288df19fbba1ff19018063fb6f20810807c36
tcn,independent_rms,202,bandpass_n20002_cV5_covariance_s5,phase2/results/predictions/full/independent_rms/tcn/seed_202/bandpass_n20002_cV5_covariance_s5.npz,76462,86897da11762bdce31889d9350905748bea39224bac66c2706bb360d89280c33
tcn,independent_rms,202,bandpass_n20002_cV5_covariance_s0,phase2/results/predictions/full/independent_rms/tcn/seed_202/bandpass_n20002_cV5_covariance_s0.npz,76252,4375f1822212faad8158f143c2c7846d3d3c273988328ba293b5df3c2855858a
tcn,independent_rms,202,bandpass_n20002_cV6_independent_rms_s20,phase2/results/predictions/full/independent_rms/tcn/seed_202/bandpass_n20002_cV6_independent_rms_s20.npz,76503,cc59c9be3ddddca1351a7da4dcb41f005fba4635b4b6f2adcecba5171f9cc7e8
tcn,independent_rms,202,bandpass_n20002_cV6_independent_rms_s15,phase2/results/predictions/full/independent_rms/tcn/seed_202/bandpass_n20002_cV6_independent_rms_s15.npz,76519,efc94f4080b3e6af21ea60c61110523d6866dd6438454bc040651f159b7a707c
tcn,independent_rms,202,bandpass_n20002_cV6_independent_rms_s10,phase2/results/predictions/full/independent_rms/tcn/seed_202/bandpass_n20002_cV6_independent_rms_s10.npz,76517,986ec6b94f1490a3fab283676403110492f378dcb916a1792e48ae6f56a5014d
tcn,independent_rms,202,bandpass_n20002_cV6_independent_rms_s5,phase2/results/predictions/full/independent_rms/tcn/seed_202/bandpass_n20002_cV6_independent_rms_s5.npz,76481,0745de8e6d6d8e7e9da36a7bfa108e7d2cb207c2981b6f12b49fe2f76152c011
tcn,independent_rms,202,bandpass_n20002_cV6_independent_rms_s0,phase2/results/predictions/full/independent_rms/tcn/seed_202/bandpass_n20002_cV6_independent_rms_s0.npz,76293,44dff745e44c9eee631f2c7aac40e952037ce63e34912db6a15f91ab10060261
tcn,independent_rms,202,bandpass_n20002_cV6_electrode_s20,phase2/results/predictions/full/independent_rms/tcn/seed_202/bandpass_n20002_cV6_electrode_s20.npz,76511,9942c9668c7090031478e6fe4528f35e2479bc4085ae28844a482b1a31ede96e
tcn,independent_rms,202,bandpass_n20002_cV6_electrode_s15,phase2/results/predictions/full/independent_rms/tcn/seed_202/bandpass_n20002_cV6_electrode_s15.npz,76522,808a5ad01de308aa774e7d66be04b5933e314b3eb5c3c4dddf279370cb35acc6
tcn,independent_rms,202,bandpass_n20002_cV6_electrode_s10,phase2/results/predictions/full/independent_rms/tcn/seed_202/bandpass_n20002_cV6_electrode_s10.npz,76498,e538c4703bb080279d7ba8e26043e21f66a33947f3bca04cc2387764a4fb1a7b
tcn,independent_rms,202,bandpass_n20002_cV6_electrode_s5,phase2/results/predictions/full/independent_rms/tcn/seed_202/bandpass_n20002_cV6_electrode_s5.npz,76464,5b58750fa0bfe1a467287c83f64458a3b32132276fc76e105919f897327ddbb6
tcn,independent_rms,202,bandpass_n20002_cV6_electrode_s0,phase2/results/predictions/full/independent_rms/tcn/seed_202/bandpass_n20002_cV6_electrode_s0.npz,76281,4440caa12b41c76bed49fb00a5cea26ab9e267401aacf4392f2c4352338ea523
tcn,independent_rms,202,bandpass_n20002_cV6_covariance_s20,phase2/results/predictions/full/independent_rms/tcn/seed_202/bandpass_n20002_cV6_covariance_s20.npz,76479,099944a3cd4496c879edef56f4ab3f81a096b811a05ff2f451cc95049e2b5144
tcn,independent_rms,202,bandpass_n20002_cV6_covariance_s15,phase2/results/predictions/full/independent_rms/tcn/seed_202/bandpass_n20002_cV6_covariance_s15.npz,76502,5a735d7affacb69b58b9adbfb1cde2198c68920492d9317d29230603a312ce9f
tcn,independent_rms,202,bandpass_n20002_cV6_covariance_s10,phase2/results/predictions/full/independent_rms/tcn/seed_202/bandpass_n20002_cV6_covariance_s10.npz,76496,9adfb675a232c3c635d72a50cf18636e455c51ab54a060fbb3ddebf1e94eb9bb
tcn,independent_rms,202,bandpass_n20002_cV6_covariance_s5,phase2/results/predictions/full/independent_rms/tcn/seed_202/bandpass_n20002_cV6_covariance_s5.npz,76481,8eae6eb596c2b0f3e353b6e40651e6cdafa8986d2fc629f443ee9826822a77c4
tcn,independent_rms,202,bandpass_n20002_cV6_covariance_s0,phase2/results/predictions/full/independent_rms/tcn/seed_202/bandpass_n20002_cV6_covariance_s0.npz,76295,8700f122c7864beb7ad529b8f3ef4301f849881cd557284ca43d37f9688bfdd2
tcn,independent_rms,202,bandpass_n20002_cRA_LA_independent_rms_s20,phase2/results/predictions/full/independent_rms/tcn/seed_202/bandpass_n20002_cRA_LA_independent_rms_s20.npz,76545,60efc31006c34c42eed2d66aaff61a8b50ea57530c824306be162318c4c33e8f
tcn,independent_rms,202,bandpass_n20002_cRA_LA_independent_rms_s15,phase2/results/predictions/full/independent_rms/tcn/seed_202/bandpass_n20002_cRA_LA_independent_rms_s15.npz,76511,2c0e6bd4a16391f8d782aa15339a849e5ffe8439db382f260913d08f203c2395
tcn,independent_rms,202,bandpass_n20002_cRA_LA_independent_rms_s10,phase2/results/predictions/full/independent_rms/tcn/seed_202/bandpass_n20002_cRA_LA_independent_rms_s10.npz,76501,9b239890f74e5ca66fd70a3e75b6705564510cc8b81f0453087d4e1cd87c8453
tcn,independent_rms,202,bandpass_n20002_cRA_LA_independent_rms_s5,phase2/results/predictions/full/independent_rms/tcn/seed_202/bandpass_n20002_cRA_LA_independent_rms_s5.npz,76430,cd7c191a85b96966c0c2f34892f938edc09ae8fa9ccd7f904cc27bd41f4abfb4
tcn,independent_rms,202,bandpass_n20002_cRA_LA_independent_rms_s0,phase2/results/predictions/full/independent_rms/tcn/seed_202/bandpass_n20002_cRA_LA_independent_rms_s0.npz,76195,2552f4c2deaf6d3f04bed324fc560f8fbd2a7cb409fbce4f9f833ffdd3d278a7
tcn,independent_rms,202,bandpass_n20002_cRA_LA_electrode_s20,phase2/results/predictions/full/independent_rms/tcn/seed_202/bandpass_n20002_cRA_LA_electrode_s20.npz,76511,795dbc944c535e639bac9f531eabce8ab1bc7508262887782c79c8afab43a4c1
tcn,independent_rms,202,bandpass_n20002_cRA_LA_electrode_s15,phase2/results/predictions/full/independent_rms/tcn/seed_202/bandpass_n20002_cRA_LA_electrode_s15.npz,76510,78360576eb714b3e381159da93b822ecdfeed20d8abdc928e03c6240178bc19c
tcn,independent_rms,202,bandpass_n20002_cRA_LA_electrode_s10,phase2/results/predictions/full/independent_rms/tcn/seed_202/bandpass_n20002_cRA_LA_electrode_s10.npz,76457,4e538a13b5b59a95ac66af4acdfd868ec1dec9efecdc404527759a1df0710bb0
tcn,independent_rms,202,bandpass_n20002_cRA_LA_electrode_s5,phase2/results/predictions/full/independent_rms/tcn/seed_202/bandpass_n20002_cRA_LA_electrode_s5.npz,76251,aaf37176a91f5d04c0791ed3c344a5fded6866a82824e017a4e2a105bbe31b1f
tcn,independent_rms,202,bandpass_n20002_cRA_LA_electrode_s0,phase2/results/predictions/full/independent_rms/tcn/seed_202/bandpass_n20002_cRA_LA_electrode_s0.npz,75785,66dcef6d295fb880ce9169b9db59103aea93c663666d171f96bb29be70e55eae
tcn,independent_rms,202,bandpass_n20002_cRA_LA_covariance_s20,phase2/results/predictions/full/independent_rms/tcn/seed_202/bandpass_n20002_cRA_LA_covariance_s20.npz,76530,e84104909bd539f20b51f9311d7fb0d0cbee6dffbdfd738461d9bf3e5e9e12d8
tcn,independent_rms,202,bandpass_n20002_cRA_LA_covariance_s15,phase2/results/predictions/full/independent_rms/tcn/seed_202/bandpass_n20002_cRA_LA_covariance_s15.npz,76512,1c3ed5e4d9b9ea007a1acbc97caeb0b256583a77a8e93e9b57771c1c64c66efc
tcn,independent_rms,202,bandpass_n20002_cRA_LA_covariance_s10,phase2/results/predictions/full/independent_rms/tcn/seed_202/bandpass_n20002_cRA_LA_covariance_s10.npz,76474,b4f766709829bcf84e3e98d981d136c7cc9b63cf6dc12c697eb4ba621ab0e44e
tcn,independent_rms,202,bandpass_n20002_cRA_LA_covariance_s5,phase2/results/predictions/full/independent_rms/tcn/seed_202/bandpass_n20002_cRA_LA_covariance_s5.npz,76240,c5c60cab2667e55c4c53b23b9729dbcfed8af9587bb320a1332dae57d3ce0093
tcn,independent_rms,202,bandpass_n20002_cRA_LA_covariance_s0,phase2/results/predictions/full/independent_rms/tcn/seed_202/bandpass_n20002_cRA_LA_covariance_s0.npz,75790,9b5a91c4097f20552fc671fca25947c822ac3df0a5625249ae7fc4be627dacd2
tcn,independent_rms,202,bandpass_n20002_cLA_LL_independent_rms_s20,phase2/results/predictions/full/independent_rms/tcn/seed_202/bandpass_n20002_cLA_LL_independent_rms_s20.npz,76517,2d56648df16580c9b7452755b76a3f8e36836d15262d1cf5e74818e8d357dc38
tcn,independent_rms,202,bandpass_n20002_cLA_LL_independent_rms_s15,phase2/results/predictions/full/independent_rms/tcn/seed_202/bandpass_n20002_cLA_LL_independent_rms_s15.npz,76515,eb428179c934d09876d412153b12fb909b4369b74efa6632cb74cba8f7b7b79a
tcn,independent_rms,202,bandpass_n20002_cLA_LL_independent_rms_s10,phase2/results/predictions/full/independent_rms/tcn/seed_202/bandpass_n20002_cLA_LL_independent_rms_s10.npz,76484,062648647329c392b0126d1dcf88063501150de7325efa3aeaa848eefa86b2b4
tcn,independent_rms,202,bandpass_n20002_cLA_LL_independent_rms_s5,phase2/results/predictions/full/independent_rms/tcn/seed_202/bandpass_n20002_cLA_LL_independent_rms_s5.npz,76423,2e72e3bba06610189774ee888397f71693b88038e0406d8bbdeecf7d78ae79b9
tcn,independent_rms,202,bandpass_n20002_cLA_LL_independent_rms_s0,phase2/results/predictions/full/independent_rms/tcn/seed_202/bandpass_n20002_cLA_LL_independent_rms_s0.npz,76149,a8d82847514527a867e13893826a9d7b90da18cbe3e06fd5f5e35947d9097b2b
tcn,independent_rms,202,bandpass_n20002_cLA_LL_electrode_s20,phase2/results/predictions/full/independent_rms/tcn/seed_202/bandpass_n20002_cLA_LL_electrode_s20.npz,76519,6b7b1053a6638ac415349152f806a07f10c7fc88e2de1e8b8e033736d5a926ca
tcn,independent_rms,202,bandpass_n20002_cLA_LL_electrode_s15,phase2/results/predictions/full/independent_rms/tcn/seed_202/bandpass_n20002_cLA_LL_electrode_s15.npz,76473,2282a7419a70970845279787ad98c628f3dcc54e30331a9c2f779deb8f7e113d
tcn,independent_rms,202,bandpass_n20002_cLA_LL_electrode_s10,phase2/results/predictions/full/independent_rms/tcn/seed_202/bandpass_n20002_cLA_LL_electrode_s10.npz,76453,a7cbfa4a48a638d987496a160bb771eb63a8ae4c796de990eba272cb5408d3ab
tcn,independent_rms,202,bandpass_n20002_cLA_LL_electrode_s5,phase2/results/predictions/full/independent_rms/tcn/seed_202/bandpass_n20002_cLA_LL_electrode_s5.npz,76246,2c7df847410b326fb564ae2468efa77ef0d6d5394e35bc1bcfb524ac9e307515
tcn,independent_rms,202,bandpass_n20002_cLA_LL_electrode_s0,phase2/results/predictions/full/independent_rms/tcn/seed_202/bandpass_n20002_cLA_LL_electrode_s0.npz,75862,9579f5a6dea637011e0a68dc20300157bcdd8671f0a25cf965e46b4b9a488feb
tcn,independent_rms,202,bandpass_n20002_cLA_LL_covariance_s20,phase2/results/predictions/full/independent_rms/tcn/seed_202/bandpass_n20002_cLA_LL_covariance_s20.npz,76502,5e7b379e3dee5d96d8690c4537a7f4b346c056b76c722f83e3be6e33e1972985
tcn,independent_rms,202,bandpass_n20002_cLA_LL_covariance_s15,phase2/results/predictions/full/independent_rms/tcn/seed_202/bandpass_n20002_cLA_LL_covariance_s15.npz,76505,e309a8e6ee58e2798da69bd12480ac507ae8f6f06e2817243241ccffb37b0f80
tcn,independent_rms,202,bandpass_n20002_cLA_LL_covariance_s10,phase2/results/predictions/full/independent_rms/tcn/seed_202/bandpass_n20002_cLA_LL_covariance_s10.npz,76442,daacba824b8432a3703a6e681fbf45d5a5a67d5b7e5777bbe4989dc1c323e816
tcn,independent_rms,202,bandpass_n20002_cLA_LL_covariance_s5,phase2/results/predictions/full/independent_rms/tcn/seed_202/bandpass_n20002_cLA_LL_covariance_s5.npz,76213,443737bbc7d0e0d91164cc8682ef3a73d6ffb86534d64efd4aa08efe6ae62e71
tcn,independent_rms,202,bandpass_n20002_cLA_LL_covariance_s0,phase2/results/predictions/full/independent_rms/tcn/seed_202/bandpass_n20002_cLA_LL_covariance_s0.npz,75913,cd54c9b22c4cad52d92610c8466db13f3f6874abd168d32a0e47c4d40e53feaa
tcn,independent_rms,202,bandpass_n20002_cRA_LL_independent_rms_s20,phase2/results/predictions/full/independent_rms/tcn/seed_202/bandpass_n20002_cRA_LL_independent_rms_s20.npz,76506,746266761f02c376df6253838fbc28571f8f1c083d573dd93a968b2f5427a298
tcn,independent_rms,202,bandpass_n20002_cRA_LL_independent_rms_s15,phase2/results/predictions/full/independent_rms/tcn/seed_202/bandpass_n20002_cRA_LL_independent_rms_s15.npz,76525,97ef20de05416e794ce60ff5647f93484df43e66b9bb196ecbda271b5efba2e2
tcn,independent_rms,202,bandpass_n20002_cRA_LL_independent_rms_s10,phase2/results/predictions/full/independent_rms/tcn/seed_202/bandpass_n20002_cRA_LL_independent_rms_s10.npz,76530,2aba87e2d570e2eb1f0cc1eef3f02667a4f92f328e58eaca7ed7c92f24cb3cbb
tcn,independent_rms,202,bandpass_n20002_cRA_LL_independent_rms_s5,phase2/results/predictions/full/independent_rms/tcn/seed_202/bandpass_n20002_cRA_LL_independent_rms_s5.npz,76413,e0d96efa5a914afe62eea21aea14c85f4e0d3ceef46e7a57a448ed0d332887c4
tcn,independent_rms,202,bandpass_n20002_cRA_LL_independent_rms_s0,phase2/results/predictions/full/independent_rms/tcn/seed_202/bandpass_n20002_cRA_LL_independent_rms_s0.npz,76116,42de6236ae34fa3f95c03007c6b2284ab991c65444e1ce211730c674e4a960ee
tcn,independent_rms,202,bandpass_n20002_cRA_LL_electrode_s20,phase2/results/predictions/full/independent_rms/tcn/seed_202/bandpass_n20002_cRA_LL_electrode_s20.npz,76502,c19ff51392675029e97c194e93291e6bead491df01e4ccceb7ea024ce1eff4c9
tcn,independent_rms,202,bandpass_n20002_cRA_LL_electrode_s15,phase2/results/predictions/full/independent_rms/tcn/seed_202/bandpass_n20002_cRA_LL_electrode_s15.npz,76505,5484ee28b08832fed07228c237c71603c5d447af82d04ea9424d3a6905b260c2
tcn,independent_rms,202,bandpass_n20002_cRA_LL_electrode_s10,phase2/results/predictions/full/independent_rms/tcn/seed_202/bandpass_n20002_cRA_LL_electrode_s10.npz,76475,968a70c16100ae54cc616bcd053393004b21ad962beb71758c90f2bcb345d632
tcn,independent_rms,202,bandpass_n20002_cRA_LL_electrode_s5,phase2/results/predictions/full/independent_rms/tcn/seed_202/bandpass_n20002_cRA_LL_electrode_s5.npz,76257,f482aa98145be9166cba09e44d7dec1c0dab9075e3838e6b6125445542f0db47
tcn,independent_rms,202,bandpass_n20002_cRA_LL_electrode_s0,phase2/results/predictions/full/independent_rms/tcn/seed_202/bandpass_n20002_cRA_LL_electrode_s0.npz,75784,8f9f9b7bffe6f7aa2e5ae0995ab3e086c2e47f0d8be5e3be470ab2a2e637a58b
tcn,independent_rms,202,bandpass_n20002_cRA_LL_covariance_s20,phase2/results/predictions/full/independent_rms/tcn/seed_202/bandpass_n20002_cRA_LL_covariance_s20.npz,76494,ebf6599ddd2eb92b0145acafc08d289447d1907bcf579d9f3c3cfd5aeb1967b6
tcn,independent_rms,202,bandpass_n20002_cRA_LL_covariance_s15,phase2/results/predictions/full/independent_rms/tcn/seed_202/bandpass_n20002_cRA_LL_covariance_s15.npz,76477,e7feacb86f02d1904abd8e38500c129cbc1f59aa2e64d0bade3c6aa932477ce3
tcn,independent_rms,202,bandpass_n20002_cRA_LL_covariance_s10,phase2/results/predictions/full/independent_rms/tcn/seed_202/bandpass_n20002_cRA_LL_covariance_s10.npz,76486,b088dc925bd3e81da60474021b34068a3454a66b436f3381c84cc58e460ec70b
tcn,independent_rms,202,bandpass_n20002_cRA_LL_covariance_s5,phase2/results/predictions/full/independent_rms/tcn/seed_202/bandpass_n20002_cRA_LL_covariance_s5.npz,76244,6ee03a666fd4ab95d3c36589795337abd5ccaeb0f6a425c2ff843bc8d8320099
tcn,independent_rms,202,bandpass_n20002_cRA_LL_covariance_s0,phase2/results/predictions/full/independent_rms/tcn/seed_202/bandpass_n20002_cRA_LL_covariance_s0.npz,75775,ffd279f2de55949ea06d5982acf0cd1b534cbcbee892c2665a0c48e86f60cb2f
tcn,independent_rms,202,bandpass_n20002_cRA_independent_rms_s20,phase2/results/predictions/full/independent_rms/tcn/seed_202/bandpass_n20002_cRA_independent_rms_s20.npz,76516,47c199e56b1fa6311caf54a68f77ac3dfeee59f830e8a055baa9dfe3b06f7c04
tcn,independent_rms,202,bandpass_n20002_cRA_independent_rms_s15,phase2/results/predictions/full/independent_rms/tcn/seed_202/bandpass_n20002_cRA_independent_rms_s15.npz,76502,42e3aa57f570e755127ab4d3de2fb78e17d8902252a7f78c7aa62a09e9b5494b
tcn,independent_rms,202,bandpass_n20002_cRA_independent_rms_s10,phase2/results/predictions/full/independent_rms/tcn/seed_202/bandpass_n20002_cRA_independent_rms_s10.npz,76529,6e3320886a2ea44aaaac950fd44c9958ee486344ad44c8222837e3b034c2228f
tcn,independent_rms,202,bandpass_n20002_cRA_independent_rms_s5,phase2/results/predictions/full/independent_rms/tcn/seed_202/bandpass_n20002_cRA_independent_rms_s5.npz,76428,7e973f3f457870c2f876d29296d0795e0c89f782e004e45747000da4b1f62bb7
tcn,independent_rms,202,bandpass_n20002_cRA_independent_rms_s0,phase2/results/predictions/full/independent_rms/tcn/seed_202/bandpass_n20002_cRA_independent_rms_s0.npz,76184,82c70533262934172de83694cd78c1d9533bd8dab75280c4742b7c5435e11528
tcn,independent_rms,202,bandpass_n20002_cRA_electrode_s20,phase2/results/predictions/full/independent_rms/tcn/seed_202/bandpass_n20002_cRA_electrode_s20.npz,76501,62624ed68ddbbd7c55242a8b77cf6bf3bb161baf382154e09e0f56a298dfc7db
tcn,independent_rms,202,bandpass_n20002_cRA_electrode_s15,phase2/results/predictions/full/independent_rms/tcn/seed_202/bandpass_n20002_cRA_electrode_s15.npz,76493,7226f428bd8882c1d5a76e75da0ec2a9ae6f82e798c981fa0e83a4869287930e
tcn,independent_rms,202,bandpass_n20002_cRA_electrode_s10,phase2/results/predictions/full/independent_rms/tcn/seed_202/bandpass_n20002_cRA_electrode_s10.npz,76474,7faaa3e65f5a2dd760a3214becbeef87f84b42a76e17ca6529cd72db8c6129a0
tcn,independent_rms,202,bandpass_n20002_cRA_electrode_s5,phase2/results/predictions/full/independent_rms/tcn/seed_202/bandpass_n20002_cRA_electrode_s5.npz,76325,d42b1492ec8b2e2243ec6ffc1f83496f1d7c2c455bf35502427c161e98342270
tcn,independent_rms,202,bandpass_n20002_cRA_electrode_s0,phase2/results/predictions/full/independent_rms/tcn/seed_202/bandpass_n20002_cRA_electrode_s0.npz,76004,9ebd1e69746f765d41eaf2f6166734a4b91e9d4d607a4d5f5aa3265fc34d5623
tcn,independent_rms,202,bandpass_n20002_cRA_covariance_s20,phase2/results/predictions/full/independent_rms/tcn/seed_202/bandpass_n20002_cRA_covariance_s20.npz,76531,4c55d95f2fea7254be571f4fa526e3518441a336cad46c56ab76a0b1e6e5a3e2
tcn,independent_rms,202,bandpass_n20002_cRA_covariance_s15,phase2/results/predictions/full/independent_rms/tcn/seed_202/bandpass_n20002_cRA_covariance_s15.npz,76513,9f61dee896c7c91cd9fe0a0f1d46043e61ec1a72c02cca2f6526b676224ca48b
tcn,independent_rms,202,bandpass_n20002_cRA_covariance_s10,phase2/results/predictions/full/independent_rms/tcn/seed_202/bandpass_n20002_cRA_covariance_s10.npz,76470,ba6b75f44d3eacdb834bc1f90197de65020e502c4ab9bd1dbe9f43bd2051253e
tcn,independent_rms,202,bandpass_n20002_cRA_covariance_s5,phase2/results/predictions/full/independent_rms/tcn/seed_202/bandpass_n20002_cRA_covariance_s5.npz,76326,32d47cc0957706ff9ef5dae4003b5339bca152e4121a627a4ade17ad45ce30f4
tcn,independent_rms,202,bandpass_n20002_cRA_covariance_s0,phase2/results/predictions/full/independent_rms/tcn/seed_202/bandpass_n20002_cRA_covariance_s0.npz,75999,8cce41512e5981b9dd46df4b5f156999c03f5d557b2497f2fb9888ddaffeaa4f
tcn,independent_rms,202,bandpass_n20002_cLA_independent_rms_s20,phase2/results/predictions/full/independent_rms/tcn/seed_202/bandpass_n20002_cLA_independent_rms_s20.npz,76503,4d8397e177fa4633951c4dbbb62708c84c8d6c312878adfd82fa5515ad02fa32
tcn,independent_rms,202,bandpass_n20002_cLA_independent_rms_s15,phase2/results/predictions/full/independent_rms/tcn/seed_202/bandpass_n20002_cLA_independent_rms_s15.npz,76530,5ea6772a9ae43631b1d4d974ebdd6b9efbd6ca75adf17f7ff318cdb0b1b7a644
tcn,independent_rms,202,bandpass_n20002_cLA_independent_rms_s10,phase2/results/predictions/full/independent_rms/tcn/seed_202/bandpass_n20002_cLA_independent_rms_s10.npz,76496,0cd834dfe5229196c18ce5a33eea48e613e5cfa0b93aae9dc674c274716242cc
tcn,independent_rms,202,bandpass_n20002_cLA_independent_rms_s5,phase2/results/predictions/full/independent_rms/tcn/seed_202/bandpass_n20002_cLA_independent_rms_s5.npz,76423,159059f07c9e5ba9fe4695454a51d2f696d2f34ec308d121c51087565e41cdbd
tcn,independent_rms,202,bandpass_n20002_cLA_independent_rms_s0,phase2/results/predictions/full/independent_rms/tcn/seed_202/bandpass_n20002_cLA_independent_rms_s0.npz,76213,c65b4f66738700d4ebdb86dc2d90f818eca785f91ad5bef0100ac46712acdbfb
tcn,independent_rms,202,bandpass_n20002_cLA_electrode_s20,phase2/results/predictions/full/independent_rms/tcn/seed_202/bandpass_n20002_cLA_electrode_s20.npz,76490,efa0e9102d4df33881459e5c9681420c3dcc67a32f0c0ceecb9de27381f078f3
tcn,independent_rms,202,bandpass_n20002_cLA_electrode_s15,phase2/results/predictions/full/independent_rms/tcn/seed_202/bandpass_n20002_cLA_electrode_s15.npz,76507,f75519b45db86bb0402ef2ea4846173e70e5080c2cfb075e565240509ed4283d
tcn,independent_rms,202,bandpass_n20002_cLA_electrode_s10,phase2/results/predictions/full/independent_rms/tcn/seed_202/bandpass_n20002_cLA_electrode_s10.npz,76429,7251d62d5b8b7ef0ef44776e45d7dd2a45a13f4c78d2bcdbd625f809a91d3235
tcn,independent_rms,202,bandpass_n20002_cLA_electrode_s5,phase2/results/predictions/full/independent_rms/tcn/seed_202/bandpass_n20002_cLA_electrode_s5.npz,76211,66ab51764260056e67c05768ca2b234ceb5b22bd9bff4896f944aa0e35a808c6
tcn,independent_rms,202,bandpass_n20002_cLA_electrode_s0,phase2/results/predictions/full/independent_rms/tcn/seed_202/bandpass_n20002_cLA_electrode_s0.npz,75881,c77e4e94e41d263cb44090ee3e04605d87f933d38c405f45941c5f8dbb5c9042
tcn,independent_rms,202,bandpass_n20002_cLA_covariance_s20,phase2/results/predictions/full/independent_rms/tcn/seed_202/bandpass_n20002_cLA_covariance_s20.npz,76512,a614f3142abd1de333dcaac928fb9f12d808a31ceaf684b7b0797fa3457cf0f7
tcn,independent_rms,202,bandpass_n20002_cLA_covariance_s15,phase2/results/predictions/full/independent_rms/tcn/seed_202/bandpass_n20002_cLA_covariance_s15.npz,76504,553a9defcbe480c05c9c84d10b6439d387b45cf49a34b2500a76fc05b7057159
tcn,independent_rms,202,bandpass_n20002_cLA_covariance_s10,phase2/results/predictions/full/independent_rms/tcn/seed_202/bandpass_n20002_cLA_covariance_s10.npz,76420,fda45df0c519a7b642066870abebd0c7ad65df807cb8941a058e8f7744212365
tcn,independent_rms,202,bandpass_n20002_cLA_covariance_s5,phase2/results/predictions/full/independent_rms/tcn/seed_202/bandpass_n20002_cLA_covariance_s5.npz,76233,112dcafa8f6ee044dc287bab521cc0a0eeed085f281ff9c2cad2c6c852198455
tcn,independent_rms,202,bandpass_n20002_cLA_covariance_s0,phase2/results/predictions/full/independent_rms/tcn/seed_202/bandpass_n20002_cLA_covariance_s0.npz,75899,cd865b2c796cdc6f3d71fc403d23457780802885081b17d5bf34074aeab9ad4a
tcn,independent_rms,202,bandpass_n20002_cLL_independent_rms_s20,phase2/results/predictions/full/independent_rms/tcn/seed_202/bandpass_n20002_cLL_independent_rms_s20.npz,76529,668b3fe4c1fb4ce0b6a1ee92daac9adb836f0a753d3095737fdedad547beeebc
tcn,independent_rms,202,bandpass_n20002_cLL_independent_rms_s15,phase2/results/predictions/full/independent_rms/tcn/seed_202/bandpass_n20002_cLL_independent_rms_s15.npz,76516,a00306f78864afc0f90d007a501035c1efeda2058a373da8aa4e3f76135c6441
tcn,independent_rms,202,bandpass_n20002_cLL_independent_rms_s10,phase2/results/predictions/full/independent_rms/tcn/seed_202/bandpass_n20002_cLL_independent_rms_s10.npz,76500,ca2fc48b441b5e389fc9ea2d5bcdd9a2f9f06879aadc5605195809d39ca1d2a1
tcn,independent_rms,202,bandpass_n20002_cLL_independent_rms_s5,phase2/results/predictions/full/independent_rms/tcn/seed_202/bandpass_n20002_cLL_independent_rms_s5.npz,76420,f70aa24a120429ab37ce53bed064efc347f6736513e718b430990dfbdb1a0576
tcn,independent_rms,202,bandpass_n20002_cLL_independent_rms_s0,phase2/results/predictions/full/independent_rms/tcn/seed_202/bandpass_n20002_cLL_independent_rms_s0.npz,76109,065ecf1fb340edda88a12b4549b4d0c75568f752fcba5ce34541f17da79f743a
tcn,independent_rms,202,bandpass_n20002_cLL_electrode_s20,phase2/results/predictions/full/independent_rms/tcn/seed_202/bandpass_n20002_cLL_electrode_s20.npz,76509,65aed72ee71637cbeb4f552fa2d3c6e7512336a3c6afb4a02011871ac4c377ab
tcn,independent_rms,202,bandpass_n20002_cLL_electrode_s15,phase2/results/predictions/full/independent_rms/tcn/seed_202/bandpass_n20002_cLL_electrode_s15.npz,76478,715b5d91cf5d183f226e7ed8c7feb7802f50aa5e47b34df9b001628bba787c4b
tcn,independent_rms,202,bandpass_n20002_cLL_electrode_s10,phase2/results/predictions/full/independent_rms/tcn/seed_202/bandpass_n20002_cLL_electrode_s10.npz,76431,5a6e02f8c0f16eb80dadf54ce7168481e89408444f1fcd72d3c9a507f4c6662b
tcn,independent_rms,202,bandpass_n20002_cLL_electrode_s5,phase2/results/predictions/full/independent_rms/tcn/seed_202/bandpass_n20002_cLL_electrode_s5.npz,76218,d3213e33d499ce48e8fc4c3734b104e222d8b655019ea94041be6bbbbc40d72e
tcn,independent_rms,202,bandpass_n20002_cLL_electrode_s0,phase2/results/predictions/full/independent_rms/tcn/seed_202/bandpass_n20002_cLL_electrode_s0.npz,75913,9198464b5f77cf22596b62c2b7cee7f973bbe56df472054a0f614be9e20c02fb
tcn,independent_rms,202,bandpass_n20002_cLL_covariance_s20,phase2/results/predictions/full/independent_rms/tcn/seed_202/bandpass_n20002_cLL_covariance_s20.npz,76509,9004bfacfcb6f82ba8327eb7994f9140711f5ad28430e494e4d7ed94379e19ec
tcn,independent_rms,202,bandpass_n20002_cLL_covariance_s15,phase2/results/predictions/full/independent_rms/tcn/seed_202/bandpass_n20002_cLL_covariance_s15.npz,76501,cda4de616d75a5a31b0d5ac5de15853b0315dfea9a3495ed05fff1ce8a1c126e
tcn,independent_rms,202,bandpass_n20002_cLL_covariance_s10,phase2/results/predictions/full/independent_rms/tcn/seed_202/bandpass_n20002_cLL_covariance_s10.npz,76424,00377931c78218571248f14ff4fce42ea8690cbdf40b4f3251c52cd9f1815e48
tcn,independent_rms,202,bandpass_n20002_cLL_covariance_s5,phase2/results/predictions/full/independent_rms/tcn/seed_202/bandpass_n20002_cLL_covariance_s5.npz,76212,1a4bf229c2313149d33ca4fd4f6b5094f4015ae85dffa1e14c83231e8645ada5
tcn,independent_rms,202,bandpass_n20002_cLL_covariance_s0,phase2/results/predictions/full/independent_rms/tcn/seed_202/bandpass_n20002_cLL_covariance_s0.npz,75914,2220186cf30641b3e3ffb78175fed8d4c660579b8b6c3e1787613487d9ab9f32
tcn,independent_rms,202,bandpass_n20002_cRA_V1_independent_rms_s20,phase2/results/predictions/full/independent_rms/tcn/seed_202/bandpass_n20002_cRA_V1_independent_rms_s20.npz,76494,ddd3cc5c115bd786e9291522806d313ee055766eda3de93a9d6c655fc90d405a
tcn,independent_rms,202,bandpass_n20002_cRA_V1_independent_rms_s15,phase2/results/predictions/full/independent_rms/tcn/seed_202/bandpass_n20002_cRA_V1_independent_rms_s15.npz,76521,c7e3faea961fb0cb31b404505e933bda5218e4130d8d5701f1ed0efa5aaab3d9
tcn,independent_rms,202,bandpass_n20002_cRA_V1_independent_rms_s10,phase2/results/predictions/full/independent_rms/tcn/seed_202/bandpass_n20002_cRA_V1_independent_rms_s10.npz,76499,b3d7c9f0ebf3a0b4c32bd5f59f1548bfba1aca4d74c7e6665132b48997151d47
tcn,independent_rms,202,bandpass_n20002_cRA_V1_independent_rms_s5,phase2/results/predictions/full/independent_rms/tcn/seed_202/bandpass_n20002_cRA_V1_independent_rms_s5.npz,76414,3faebdc6abea93b9cb7073f1c183e310ebaaae2139b0330bf3459b8f8cacee87
tcn,independent_rms,202,bandpass_n20002_cRA_V1_independent_rms_s0,phase2/results/predictions/full/independent_rms/tcn/seed_202/bandpass_n20002_cRA_V1_independent_rms_s0.npz,76128,7a39888b0ddf1e6b6477623f44519b2f178740051e2e488c77e1f37a36e432e4
tcn,independent_rms,202,bandpass_n20002_cRA_V1_electrode_s20,phase2/results/predictions/full/independent_rms/tcn/seed_202/bandpass_n20002_cRA_V1_electrode_s20.npz,76506,be6da9a5840f3a483ee8f3e7c50c710720e13179fe2361c10f29a879d4448003
tcn,independent_rms,202,bandpass_n20002_cRA_V1_electrode_s15,phase2/results/predictions/full/independent_rms/tcn/seed_202/bandpass_n20002_cRA_V1_electrode_s15.npz,76545,a123131ae6f27e0ad07c75568d5db082c37ad1de72cc7523cbe5087e166b9432
tcn,independent_rms,202,bandpass_n20002_cRA_V1_electrode_s10,phase2/results/predictions/full/independent_rms/tcn/seed_202/bandpass_n20002_cRA_V1_electrode_s10.npz,76515,b7001b9f01c61e766fa722c06d22cb5bc3621d948d14ce4a52e6d2342d35141b
tcn,independent_rms,202,bandpass_n20002_cRA_V1_electrode_s5,phase2/results/predictions/full/independent_rms/tcn/seed_202/bandpass_n20002_cRA_V1_electrode_s5.npz,76293,9f087a58d2c7495228ce147de9fd0e0354052e58f393ced40ed87a285231f7ca
tcn,independent_rms,202,bandpass_n20002_cRA_V1_electrode_s0,phase2/results/predictions/full/independent_rms/tcn/seed_202/bandpass_n20002_cRA_V1_electrode_s0.npz,76015,b4ecb0faad099d1c502553a826367ce6612aa2b9d1b174d8ed9b6c90242f2e97
tcn,independent_rms,202,bandpass_n20002_cRA_V1_covariance_s20,phase2/results/predictions/full/independent_rms/tcn/seed_202/bandpass_n20002_cRA_V1_covariance_s20.npz,76489,8e082a34807e2a7e9da395ca969601958918e75d5606671fd408c1e6b11b82ff
tcn,independent_rms,202,bandpass_n20002_cRA_V1_covariance_s15,phase2/results/predictions/full/independent_rms/tcn/seed_202/bandpass_n20002_cRA_V1_covariance_s15.npz,76498,1c0b407c875da04d8ca6402c158bd65f35b29a3c70e58041d43856c672e5c25d
tcn,independent_rms,202,bandpass_n20002_cRA_V1_covariance_s10,phase2/results/predictions/full/independent_rms/tcn/seed_202/bandpass_n20002_cRA_V1_covariance_s10.npz,76491,2f2f6cac5a3d9ded9a57a5a6eba16a32d1c4379c0de2e2dba46ee8b41b1098e9
tcn,independent_rms,202,bandpass_n20002_cRA_V1_covariance_s5,phase2/results/predictions/full/independent_rms/tcn/seed_202/bandpass_n20002_cRA_V1_covariance_s5.npz,76360,6a0e57dfa9df23c52279c6a7ea2463c22c259f3db46686dbe85df33dc60a47c1
tcn,independent_rms,202,bandpass_n20002_cRA_V1_covariance_s0,phase2/results/predictions/full/independent_rms/tcn/seed_202/bandpass_n20002_cRA_V1_covariance_s0.npz,76012,49cbfbf2dab7761cabd18e43c206982bbdf01d67d122418da3f0fb28da5b472d
tcn,independent_rms,202,bandpass_n20002_cLA_V6_independent_rms_s20,phase2/results/predictions/full/independent_rms/tcn/seed_202/bandpass_n20002_cLA_V6_independent_rms_s20.npz,76512,23f1d0d87e267d18dd63fbc8a183a18f0c4cb770cb898558564608ac53f89ea2
tcn,independent_rms,202,bandpass_n20002_cLA_V6_independent_rms_s15,phase2/results/predictions/full/independent_rms/tcn/seed_202/bandpass_n20002_cLA_V6_independent_rms_s15.npz,76542,43d29d2662b852a05fcfb38254c6b8186a951b9560f2f1f14b927f9f6f22dd7a
tcn,independent_rms,202,bandpass_n20002_cLA_V6_independent_rms_s10,phase2/results/predictions/full/independent_rms/tcn/seed_202/bandpass_n20002_cLA_V6_independent_rms_s10.npz,76542,0b096925859f52e5ff4d32f7e02c2118912dc5de4a8572ab4dfb3a61a2c61a51
tcn,independent_rms,202,bandpass_n20002_cLA_V6_independent_rms_s5,phase2/results/predictions/full/independent_rms/tcn/seed_202/bandpass_n20002_cLA_V6_independent_rms_s5.npz,76468,168382bd1513b474042dc5e64c99e1b9de5577445d8cfce5128d95a6c18cfbc5
tcn,independent_rms,202,bandpass_n20002_cLA_V6_independent_rms_s0,phase2/results/predictions/full/independent_rms/tcn/seed_202/bandpass_n20002_cLA_V6_independent_rms_s0.npz,76238,f34b2498e1fe3a8ec6d04d095a0998f86aa69b4f87b7bcf2322daa94f878d40f
tcn,independent_rms,202,bandpass_n20002_cLA_V6_electrode_s20,phase2/results/predictions/full/independent_rms/tcn/seed_202/bandpass_n20002_cLA_V6_electrode_s20.npz,76481,a5997f04640a5055b182254033290f7045940903c7254ee7e71e7d912c1fda07
tcn,independent_rms,202,bandpass_n20002_cLA_V6_electrode_s15,phase2/results/predictions/full/independent_rms/tcn/seed_202/bandpass_n20002_cLA_V6_electrode_s15.npz,76494,3010e68952440618a7b95320d6cdf95afc705d8e2fd98caad6d2d24d97e59cae
tcn,independent_rms,202,bandpass_n20002_cLA_V6_electrode_s10,phase2/results/predictions/full/independent_rms/tcn/seed_202/bandpass_n20002_cLA_V6_electrode_s10.npz,76468,b64a7c3bc5a254491d24eefe5b551aeedf19be2ca1abce907a91b71ec4491265
tcn,independent_rms,202,bandpass_n20002_cLA_V6_electrode_s5,phase2/results/predictions/full/independent_rms/tcn/seed_202/bandpass_n20002_cLA_V6_electrode_s5.npz,76263,e9421217ed35a592ed40688b63837bea44115dd296d71a892b08232495be75ea
tcn,independent_rms,202,bandpass_n20002_cLA_V6_electrode_s0,phase2/results/predictions/full/independent_rms/tcn/seed_202/bandpass_n20002_cLA_V6_electrode_s0.npz,75899,523e9cab1831b9385f0fb042e78a9430019034cbd6b8ec08f8382f891eaead20
tcn,independent_rms,202,bandpass_n20002_cLA_V6_covariance_s20,phase2/results/predictions/full/independent_rms/tcn/seed_202/bandpass_n20002_cLA_V6_covariance_s20.npz,76530,0178596c7078c950d07ac2d58972f91acae56a29ebb97d418daba6b06820be2a
tcn,independent_rms,202,bandpass_n20002_cLA_V6_covariance_s15,phase2/results/predictions/full/independent_rms/tcn/seed_202/bandpass_n20002_cLA_V6_covariance_s15.npz,76508,ed560f43d25d9a92f30fc7b17ba6ad84849bd0fcf10e395014923097ab4be5aa
tcn,independent_rms,202,bandpass_n20002_cLA_V6_covariance_s10,phase2/results/predictions/full/independent_rms/tcn/seed_202/bandpass_n20002_cLA_V6_covariance_s10.npz,76480,6048494bddb95ea8c81de62d9673fa6fc58be3e4e011c8e0934e9981492681f4
tcn,independent_rms,202,bandpass_n20002_cLA_V6_covariance_s5,phase2/results/predictions/full/independent_rms/tcn/seed_202/bandpass_n20002_cLA_V6_covariance_s5.npz,76259,95814806bddcef5d109498f33305fa464ef32fc002dd95049f71ff479025457b
tcn,independent_rms,202,bandpass_n20002_cLA_V6_covariance_s0,phase2/results/predictions/full/independent_rms/tcn/seed_202/bandpass_n20002_cLA_V6_covariance_s0.npz,75860,208dda6f315d9e3f485b8b5f2e3d812706e044dd8d4055cbd7200a28bfaa3604
tcn,independent_rms,202,bandpass_n20002_cLL_V4_independent_rms_s20,phase2/results/predictions/full/independent_rms/tcn/seed_202/bandpass_n20002_cLL_V4_independent_rms_s20.npz,76501,a104bd266bb3b785f67438b392bbd2b85d79f40fc5673ee2f49715cef7e7eaa6
tcn,independent_rms,202,bandpass_n20002_cLL_V4_independent_rms_s15,phase2/results/predictions/full/independent_rms/tcn/seed_202/bandpass_n20002_cLL_V4_independent_rms_s15.npz,76524,6806d91476a045863be45fb831b07dfeac572105d5dccaeab87bbe73bae81787
tcn,independent_rms,202,bandpass_n20002_cLL_V4_independent_rms_s10,phase2/results/predictions/full/independent_rms/tcn/seed_202/bandpass_n20002_cLL_V4_independent_rms_s10.npz,76550,9cb26f3a529b11ec8c7141ab7e0d623dd91f84702cd0facb327e6565cbea0cb2
tcn,independent_rms,202,bandpass_n20002_cLL_V4_independent_rms_s5,phase2/results/predictions/full/independent_rms/tcn/seed_202/bandpass_n20002_cLL_V4_independent_rms_s5.npz,76404,4076e087675604307924ba52ca0073319b6ce5dc4608ba531b18dddb116adb40
tcn,independent_rms,202,bandpass_n20002_cLL_V4_independent_rms_s0,phase2/results/predictions/full/independent_rms/tcn/seed_202/bandpass_n20002_cLL_V4_independent_rms_s0.npz,76142,dbc48d969b6b5379f9b12ddf3968685229d542985c85ed459784be1567b84dda
tcn,independent_rms,202,bandpass_n20002_cLL_V4_electrode_s20,phase2/results/predictions/full/independent_rms/tcn/seed_202/bandpass_n20002_cLL_V4_electrode_s20.npz,76500,71e0fa498b0cc90dc7f817412d4ec17ab5ffe95e63d48dda66b8565f6ae64946
tcn,independent_rms,202,bandpass_n20002_cLL_V4_electrode_s15,phase2/results/predictions/full/independent_rms/tcn/seed_202/bandpass_n20002_cLL_V4_electrode_s15.npz,76486,1fcc4a4eac2a3547c4da7bb05b4f736ad30b2cc3b51cb4331a3c4dddc1579793
tcn,independent_rms,202,bandpass_n20002_cLL_V4_electrode_s10,phase2/results/predictions/full/independent_rms/tcn/seed_202/bandpass_n20002_cLL_V4_electrode_s10.npz,76476,81351079ff5137251eccc154feeb04aeb607842a95b19acccdf700c144c37131
tcn,independent_rms,202,bandpass_n20002_cLL_V4_electrode_s5,phase2/results/predictions/full/independent_rms/tcn/seed_202/bandpass_n20002_cLL_V4_electrode_s5.npz,76243,d097b1bc09aa63b1f12f727ed4b1eeee160178bb5d591fd003b41eaed970e8bd
tcn,independent_rms,202,bandpass_n20002_cLL_V4_electrode_s0,phase2/results/predictions/full/independent_rms/tcn/seed_202/bandpass_n20002_cLL_V4_electrode_s0.npz,75922,6f0749776497edb049286a64d35b64f32044999dc744bc359d0abf0041be6422
tcn,independent_rms,202,bandpass_n20002_cLL_V4_covariance_s20,phase2/results/predictions/full/independent_rms/tcn/seed_202/bandpass_n20002_cLL_V4_covariance_s20.npz,76528,8a3d1a7b2a1f04004a4b6f72f46c2811271e06355c08441bb102fbf9ee710047
tcn,independent_rms,202,bandpass_n20002_cLL_V4_covariance_s15,phase2/results/predictions/full/independent_rms/tcn/seed_202/bandpass_n20002_cLL_V4_covariance_s15.npz,76504,4597175de5ff85b6cc43b72bffb928547571df57ea773ab9a6a20a5ff60c8b6d
tcn,independent_rms,202,bandpass_n20002_cLL_V4_covariance_s10,phase2/results/predictions/full/independent_rms/tcn/seed_202/bandpass_n20002_cLL_V4_covariance_s10.npz,76478,098375eae0c65e46e7dba356b1b334787c74091a27b8db820d16d01fe89e2060
tcn,independent_rms,202,bandpass_n20002_cLL_V4_covariance_s5,phase2/results/predictions/full/independent_rms/tcn/seed_202/bandpass_n20002_cLL_V4_covariance_s5.npz,76240,4dc8ea77e1b7bf3c0557a721b4d98bcf0d03093adb4e3e95d5dd45b65bc00816
tcn,independent_rms,202,bandpass_n20002_cLL_V4_covariance_s0,phase2/results/predictions/full/independent_rms/tcn/seed_202/bandpass_n20002_cLL_V4_covariance_s0.npz,75953,033a83a83199a1c4fe0029de3e292d3a966af211eb11dd794434b469c0975007
tcn,independent_rms,202,bandpass_n20002_cRA_LA_V1_V6_independent_rms_s20,phase2/results/predictions/full/independent_rms/tcn/seed_202/bandpass_n20002_cRA_LA_V1_V6_independent_rms_s20.npz,76523,f30e166efd74d66ced483c6c98e3bb7a334c248523fd0cf01377eedae9115b94
tcn,independent_rms,202,bandpass_n20002_cRA_LA_V1_V6_independent_rms_s15,phase2/results/predictions/full/independent_rms/tcn/seed_202/bandpass_n20002_cRA_LA_V1_V6_independent_rms_s15.npz,76535,ed0312d292acadcc9cd934afb8f1cd27ba82f776a9abafb67dc812b8d02e6002
tcn,independent_rms,202,bandpass_n20002_cRA_LA_V1_V6_independent_rms_s10,phase2/results/predictions/full/independent_rms/tcn/seed_202/bandpass_n20002_cRA_LA_V1_V6_independent_rms_s10.npz,76521,969701651a9b846b87683d81891ae7e5d8e1f9b2d836a4ec75998e54cac16363
tcn,independent_rms,202,bandpass_n20002_cRA_LA_V1_V6_independent_rms_s5,phase2/results/predictions/full/independent_rms/tcn/seed_202/bandpass_n20002_cRA_LA_V1_V6_independent_rms_s5.npz,76430,ab8afa1fae2ff100b996ce08334b87e03048abe6acc17159da3e34cce6f74d9e
tcn,independent_rms,202,bandpass_n20002_cRA_LA_V1_V6_independent_rms_s0,phase2/results/predictions/full/independent_rms/tcn/seed_202/bandpass_n20002_cRA_LA_V1_V6_independent_rms_s0.npz,76207,7a33a3a44529470a4ebd61c2647eb21889f3e661c9cf798a081b175c7afce0da
tcn,independent_rms,202,bandpass_n20002_cRA_LA_V1_V6_electrode_s20,phase2/results/predictions/full/independent_rms/tcn/seed_202/bandpass_n20002_cRA_LA_V1_V6_electrode_s20.npz,76514,7bb92f364d47b71521ba0e9a05318e3b4aa6a82030adfd96c1836da53a7afa04
tcn,independent_rms,202,bandpass_n20002_cRA_LA_V1_V6_electrode_s15,phase2/results/predictions/full/independent_rms/tcn/seed_202/bandpass_n20002_cRA_LA_V1_V6_electrode_s15.npz,76517,0cf418049175574b622cac483225100956ef41756f7eb46dad970063f0c82379
tcn,independent_rms,202,bandpass_n20002_cRA_LA_V1_V6_electrode_s10,phase2/results/predictions/full/independent_rms/tcn/seed_202/bandpass_n20002_cRA_LA_V1_V6_electrode_s10.npz,76478,19029c113691e71b3adfb42a4d7b418b77cc9849c12b9a76637bf8dac21db8e9
tcn,independent_rms,202,bandpass_n20002_cRA_LA_V1_V6_electrode_s5,phase2/results/predictions/full/independent_rms/tcn/seed_202/bandpass_n20002_cRA_LA_V1_V6_electrode_s5.npz,76288,aa376e050ab21491eae821699aba00cebe29f74b54c5fb8eaac2efaf5cc5d701
tcn,independent_rms,202,bandpass_n20002_cRA_LA_V1_V6_electrode_s0,phase2/results/predictions/full/independent_rms/tcn/seed_202/bandpass_n20002_cRA_LA_V1_V6_electrode_s0.npz,75901,518e036a8e192f324af5cb095aa4993baffb3fb63c3bfebd8acb19c5cd05bf53
tcn,independent_rms,202,bandpass_n20002_cRA_LA_V1_V6_covariance_s20,phase2/results/predictions/full/independent_rms/tcn/seed_202/bandpass_n20002_cRA_LA_V1_V6_covariance_s20.npz,76511,6949f9ce5171aa526851f3f9d9dc67e58b0dfe34f7754991fff038d75057a1b9
tcn,independent_rms,202,bandpass_n20002_cRA_LA_V1_V6_covariance_s15,phase2/results/predictions/full/independent_rms/tcn/seed_202/bandpass_n20002_cRA_LA_V1_V6_covariance_s15.npz,76511,37ead4c840689e44411b57e981a2732f2f859e2a5696e448628ede83a74ec580
tcn,independent_rms,202,bandpass_n20002_cRA_LA_V1_V6_covariance_s10,phase2/results/predictions/full/independent_rms/tcn/seed_202/bandpass_n20002_cRA_LA_V1_V6_covariance_s10.npz,76493,b34c2dd3fee298440e583120079453c355cf94e366b7f4074e7db95d3432e7f3
tcn,independent_rms,202,bandpass_n20002_cRA_LA_V1_V6_covariance_s5,phase2/results/predictions/full/independent_rms/tcn/seed_202/bandpass_n20002_cRA_LA_V1_V6_covariance_s5.npz,76301,101418125c742742ac89d0a47a7b29e36ef37cc85169fa18cb7ffab6e561fe60
tcn,independent_rms,202,bandpass_n20002_cRA_LA_V1_V6_covariance_s0,phase2/results/predictions/full/independent_rms/tcn/seed_202/bandpass_n20002_cRA_LA_V1_V6_covariance_s0.npz,75876,3a2edbf013fb1a9696960f278f3ffca0212e5beb82fc04c38c2491f7124888bd
tcn,independent_rms,202,bandpass_n20002_cRA_V2_V5_independent_rms_s20,phase2/results/predictions/full/independent_rms/tcn/seed_202/bandpass_n20002_cRA_V2_V5_independent_rms_s20.npz,76548,f8bffc1738e50be7eade33142da32dae0d1509cd1628561bff4433377c6beaa1
tcn,independent_rms,202,bandpass_n20002_cRA_V2_V5_independent_rms_s15,phase2/results/predictions/full/independent_rms/tcn/seed_202/bandpass_n20002_cRA_V2_V5_independent_rms_s15.npz,76559,cbc1067a3e4a8fdbfddfd11a1f384035fabde7478a2191d1b8fca05c6a5824eb
tcn,independent_rms,202,bandpass_n20002_cRA_V2_V5_independent_rms_s10,phase2/results/predictions/full/independent_rms/tcn/seed_202/bandpass_n20002_cRA_V2_V5_independent_rms_s10.npz,76571,3205cc8b6e672ba704542ce76eb8cd532dbd95f1e8554dbac6e4cbb7d899db64
tcn,independent_rms,202,bandpass_n20002_cRA_V2_V5_independent_rms_s5,phase2/results/predictions/full/independent_rms/tcn/seed_202/bandpass_n20002_cRA_V2_V5_independent_rms_s5.npz,76457,6fc7d2e35b67298162889d6db144e68fd1be3031c0586b16bccecdbd0b734af7
tcn,independent_rms,202,bandpass_n20002_cRA_V2_V5_independent_rms_s0,phase2/results/predictions/full/independent_rms/tcn/seed_202/bandpass_n20002_cRA_V2_V5_independent_rms_s0.npz,76185,9566054eced37332da82b34941403e6a5324f4df43a1faf466aa3c4d126c3147
tcn,independent_rms,202,bandpass_n20002_cRA_V2_V5_electrode_s20,phase2/results/predictions/full/independent_rms/tcn/seed_202/bandpass_n20002_cRA_V2_V5_electrode_s20.npz,76536,3f8281b4738fdf8633f7b351d1a59a6cfd085feb2aeb2aee5569f40ce534f5d5
tcn,independent_rms,202,bandpass_n20002_cRA_V2_V5_electrode_s15,phase2/results/predictions/full/independent_rms/tcn/seed_202/bandpass_n20002_cRA_V2_V5_electrode_s15.npz,76529,4c0a1b964d28136d944fdfca71aba172013ad2d690b54629f722316c649d9b9d
tcn,independent_rms,202,bandpass_n20002_cRA_V2_V5_electrode_s10,phase2/results/predictions/full/independent_rms/tcn/seed_202/bandpass_n20002_cRA_V2_V5_electrode_s10.npz,76495,d25833d54ece4dd4dc309b43ffd76854d60310b1c5a20838339641a60e280d8f
tcn,independent_rms,202,bandpass_n20002_cRA_V2_V5_electrode_s5,phase2/results/predictions/full/independent_rms/tcn/seed_202/bandpass_n20002_cRA_V2_V5_electrode_s5.npz,76359,e6f0a6f4829556ec3ddb7ef3d57e6970bb925cf3f8fd87b2dc824aa3c17e6dfd
tcn,independent_rms,202,bandpass_n20002_cRA_V2_V5_electrode_s0,phase2/results/predictions/full/independent_rms/tcn/seed_202/bandpass_n20002_cRA_V2_V5_electrode_s0.npz,76033,3513b68b242743582e5d5999c462329c6d9148f2a27ba8035eaf27ad9e82025b
tcn,independent_rms,202,bandpass_n20002_cRA_V2_V5_covariance_s20,phase2/results/predictions/full/independent_rms/tcn/seed_202/bandpass_n20002_cRA_V2_V5_covariance_s20.npz,76497,f4d1c7b264cc229d78e63d3515f84a8d9ebddb33d1682b6e9ee2169048c3bb60
tcn,independent_rms,202,bandpass_n20002_cRA_V2_V5_covariance_s15,phase2/results/predictions/full/independent_rms/tcn/seed_202/bandpass_n20002_cRA_V2_V5_covariance_s15.npz,76544,6809dadc5071bfc30ef8e56a4906fd6d87bbf3f356cfcc10055a207d3a5d9585
tcn,independent_rms,202,bandpass_n20002_cRA_V2_V5_covariance_s10,phase2/results/predictions/full/independent_rms/tcn/seed_202/bandpass_n20002_cRA_V2_V5_covariance_s10.npz,76510,91e7e99f2aa3afe09d9528a41b923df60af0bb28e1364ef12d663185677c18c2
tcn,independent_rms,202,bandpass_n20002_cRA_V2_V5_covariance_s5,phase2/results/predictions/full/independent_rms/tcn/seed_202/bandpass_n20002_cRA_V2_V5_covariance_s5.npz,76389,69527bcaa5ec6bee07ad6c9b4667047caf4fa7ae8097d848f2fae9a1a94caf85
tcn,independent_rms,202,bandpass_n20002_cRA_V2_V5_covariance_s0,phase2/results/predictions/full/independent_rms/tcn/seed_202/bandpass_n20002_cRA_V2_V5_covariance_s0.npz,76052,3bdbd2d6b433e1bb5d2adb52251316f588435b217b721f4b9a11dc8c26d26b54
tcn,independent_rms,202,bandpass_n20002_cLA_V3_V6_independent_rms_s20,phase2/results/predictions/full/independent_rms/tcn/seed_202/bandpass_n20002_cLA_V3_V6_independent_rms_s20.npz,76537,50e98d1c375c0e6f45276d98f7f96520edbb87327226b76ae8701a5c609d1bd6
tcn,independent_rms,202,bandpass_n20002_cLA_V3_V6_independent_rms_s15,phase2/results/predictions/full/independent_rms/tcn/seed_202/bandpass_n20002_cLA_V3_V6_independent_rms_s15.npz,76533,d4f5a87b36297d6b74bf6c27356b514d16d12763217da719fa95953cc2dce4e7
tcn,independent_rms,202,bandpass_n20002_cLA_V3_V6_independent_rms_s10,phase2/results/predictions/full/independent_rms/tcn/seed_202/bandpass_n20002_cLA_V3_V6_independent_rms_s10.npz,76550,af32389c03c54a8db47ce229a0128a726ff1f362dd509255581349647e040b36
tcn,independent_rms,202,bandpass_n20002_cLA_V3_V6_independent_rms_s5,phase2/results/predictions/full/independent_rms/tcn/seed_202/bandpass_n20002_cLA_V3_V6_independent_rms_s5.npz,76523,66bff712d5833dbb9c45c17bc9b4c1e42212f2999a00f4891348ce24d035cfca
tcn,independent_rms,202,bandpass_n20002_cLA_V3_V6_independent_rms_s0,phase2/results/predictions/full/independent_rms/tcn/seed_202/bandpass_n20002_cLA_V3_V6_independent_rms_s0.npz,76230,1e1c25249d30e90d4912725c3127884d72d3b022a4ccfe2a7d695d345cb4f5b3
tcn,independent_rms,202,bandpass_n20002_cLA_V3_V6_electrode_s20,phase2/results/predictions/full/independent_rms/tcn/seed_202/bandpass_n20002_cLA_V3_V6_electrode_s20.npz,76505,ccfc3111d0fbce1ec21a715b2cd8bd40a40ec802d7632faccb15f7c386653c9d
tcn,independent_rms,202,bandpass_n20002_cLA_V3_V6_electrode_s15,phase2/results/predictions/full/independent_rms/tcn/seed_202/bandpass_n20002_cLA_V3_V6_electrode_s15.npz,76524,240ac06d4ffd91662b0154732c36bda1c9b71beae54828833e2a60f695fcb8c5
tcn,independent_rms,202,bandpass_n20002_cLA_V3_V6_electrode_s10,phase2/results/predictions/full/independent_rms/tcn/seed_202/bandpass_n20002_cLA_V3_V6_electrode_s10.npz,76475,e4d58cd591d23f36aa55a3d151e30dc901604f0ad23c4b34f948cc42de685d1f
tcn,independent_rms,202,bandpass_n20002_cLA_V3_V6_electrode_s5,phase2/results/predictions/full/independent_rms/tcn/seed_202/bandpass_n20002_cLA_V3_V6_electrode_s5.npz,76303,b790182a2a655b36afc605774cd9bcd8d7795a8f7d04e5ede5f7fa38d7fa4e9e
tcn,independent_rms,202,bandpass_n20002_cLA_V3_V6_electrode_s0,phase2/results/predictions/full/independent_rms/tcn/seed_202/bandpass_n20002_cLA_V3_V6_electrode_s0.npz,75950,a29c984fd87197a12673ac3026b2b175d6a03d9145d4bd1db98f0a3ad7457d48
tcn,independent_rms,202,bandpass_n20002_cLA_V3_V6_covariance_s20,phase2/results/predictions/full/independent_rms/tcn/seed_202/bandpass_n20002_cLA_V3_V6_covariance_s20.npz,76514,846b03c74aa7eeced4ee92f062ab78d248b5cae7813b669ced75d4955d525eba
tcn,independent_rms,202,bandpass_n20002_cLA_V3_V6_covariance_s15,phase2/results/predictions/full/independent_rms/tcn/seed_202/bandpass_n20002_cLA_V3_V6_covariance_s15.npz,76485,8f526c60d3113110cafbdd8881699273442e38d462d46fa3d363ecd09a508068
tcn,independent_rms,202,bandpass_n20002_cLA_V3_V6_covariance_s10,phase2/results/predictions/full/independent_rms/tcn/seed_202/bandpass_n20002_cLA_V3_V6_covariance_s10.npz,76518,ce2a34c00a9cd99cb08d1ed379c66c31c808ce076ab21c2b709309277122f9e4
tcn,independent_rms,202,bandpass_n20002_cLA_V3_V6_covariance_s5,phase2/results/predictions/full/independent_rms/tcn/seed_202/bandpass_n20002_cLA_V3_V6_covariance_s5.npz,76306,8eab274ddd5ca8ac4e55ecea57e8f466fd49d736189b4da3840940c58258e951
tcn,independent_rms,202,bandpass_n20002_cLA_V3_V6_covariance_s0,phase2/results/predictions/full/independent_rms/tcn/seed_202/bandpass_n20002_cLA_V3_V6_covariance_s0.npz,75943,1a787cc57a5492c2c37a9fd290336678972442c3e470bb0dc095f7f1ff8cdf32
tcn,independent_rms,202,bandpass_n20002_cLL_V1_V4_independent_rms_s20,phase2/results/predictions/full/independent_rms/tcn/seed_202/bandpass_n20002_cLL_V1_V4_independent_rms_s20.npz,76525,b799934c4fb40d97bb02eb4b10301138345220065780c6742f48a142372ee140
tcn,independent_rms,202,bandpass_n20002_cLL_V1_V4_independent_rms_s15,phase2/results/predictions/full/independent_rms/tcn/seed_202/bandpass_n20002_cLL_V1_V4_independent_rms_s15.npz,76529,c5a645c4905f8a666385ad6b6326c19eb38874a52efa97a45c21eba6fc966f3a
tcn,independent_rms,202,bandpass_n20002_cLL_V1_V4_independent_rms_s10,phase2/results/predictions/full/independent_rms/tcn/seed_202/bandpass_n20002_cLL_V1_V4_independent_rms_s10.npz,76514,6a49440e65acc7a3c72351ee091a7ecd64f1af58086c0ba8624b50e5149b7dba
tcn,independent_rms,202,bandpass_n20002_cLL_V1_V4_independent_rms_s5,phase2/results/predictions/full/independent_rms/tcn/seed_202/bandpass_n20002_cLL_V1_V4_independent_rms_s5.npz,76404,c25834531f3b1fdbb7c01e34cc3b68955f97d4d790db51d2b4b0cf5684cc0b52
tcn,independent_rms,202,bandpass_n20002_cLL_V1_V4_independent_rms_s0,phase2/results/predictions/full/independent_rms/tcn/seed_202/bandpass_n20002_cLL_V1_V4_independent_rms_s0.npz,76076,e41f69b17a0316f5846283b3a289121d1c0635afcc342adabdace068f2898fc0
tcn,independent_rms,202,bandpass_n20002_cLL_V1_V4_electrode_s20,phase2/results/predictions/full/independent_rms/tcn/seed_202/bandpass_n20002_cLL_V1_V4_electrode_s20.npz,76484,2e9fc58f0b9aeb775a6960b0d65fd8e6c082d89fc517e57b7842bd9062c76181
tcn,independent_rms,202,bandpass_n20002_cLL_V1_V4_electrode_s15,phase2/results/predictions/full/independent_rms/tcn/seed_202/bandpass_n20002_cLL_V1_V4_electrode_s15.npz,76501,155aa008c6ea0499eb79ffd2b8ab7749314f8694387eaa73a12a88c063ac2acc
tcn,independent_rms,202,bandpass_n20002_cLL_V1_V4_electrode_s10,phase2/results/predictions/full/independent_rms/tcn/seed_202/bandpass_n20002_cLL_V1_V4_electrode_s10.npz,76475,455c75d878d06297921428f1986bb9da7a1596e210d87407bacc27e1a31b2c97
tcn,independent_rms,202,bandpass_n20002_cLL_V1_V4_electrode_s5,phase2/results/predictions/full/independent_rms/tcn/seed_202/bandpass_n20002_cLL_V1_V4_electrode_s5.npz,76266,55754483543a9ae559e9c016a7874aef87225e1be72734717d975822530dae1d
tcn,independent_rms,202,bandpass_n20002_cLL_V1_V4_electrode_s0,phase2/results/predictions/full/independent_rms/tcn/seed_202/bandpass_n20002_cLL_V1_V4_electrode_s0.npz,75905,73491509c68acd2fac93ac757513f2a05218bb37bb9f78a0ddc5ad94092c0d55
tcn,independent_rms,202,bandpass_n20002_cLL_V1_V4_covariance_s20,phase2/results/predictions/full/independent_rms/tcn/seed_202/bandpass_n20002_cLL_V1_V4_covariance_s20.npz,76507,da86f578b3ac8dfa7baf98b6686f59ea1ba9ef86c86c1b112a596079f2a33691
tcn,independent_rms,202,bandpass_n20002_cLL_V1_V4_covariance_s15,phase2/results/predictions/full/independent_rms/tcn/seed_202/bandpass_n20002_cLL_V1_V4_covariance_s15.npz,76519,653d3f743f049c9fb917d59203a14bf7b13c95ca04a5eb8a6ef90a350413c770
tcn,independent_rms,202,bandpass_n20002_cLL_V1_V4_covariance_s10,phase2/results/predictions/full/independent_rms/tcn/seed_202/bandpass_n20002_cLL_V1_V4_covariance_s10.npz,76459,c8d75daa3f1d6378934b7fa6612610dffc25c41edf508e74d24501526271769c
tcn,independent_rms,202,bandpass_n20002_cLL_V1_V4_covariance_s5,phase2/results/predictions/full/independent_rms/tcn/seed_202/bandpass_n20002_cLL_V1_V4_covariance_s5.npz,76251,3461c8e4430a7b50239cc20fd2238ab948690d6c4ed09343db0ab2daf2dabcfd
tcn,independent_rms,202,bandpass_n20002_cLL_V1_V4_covariance_s0,phase2/results/predictions/full/independent_rms/tcn/seed_202/bandpass_n20002_cLL_V1_V4_covariance_s0.npz,75938,2e8b3fd6ae5fcdadb0e158698d2b2713c8895c681d36f4accae87ffa67b7592e
tcn,independent_rms,202,bandpass_n20002_call_independent_rms_s20,phase2/results/predictions/full/independent_rms/tcn/seed_202/bandpass_n20002_call_independent_rms_s20.npz,76506,c3f904a7fd91abbfb18aa02a2b9245ca5ce545f565123acdfb1816516902d026
tcn,independent_rms,202,bandpass_n20002_call_independent_rms_s15,phase2/results/predictions/full/independent_rms/tcn/seed_202/bandpass_n20002_call_independent_rms_s15.npz,76482,04d71a4c5847665a3babf7755560917fbacd8324b26a84e1649c14769d2ae913
tcn,independent_rms,202,bandpass_n20002_call_independent_rms_s10,phase2/results/predictions/full/independent_rms/tcn/seed_202/bandpass_n20002_call_independent_rms_s10.npz,76536,2207f8bce4fe551bc12c89803f80d5070781e2ab802f4e7acb9b2b25c3078288
tcn,independent_rms,202,bandpass_n20002_call_independent_rms_s5,phase2/results/predictions/full/independent_rms/tcn/seed_202/bandpass_n20002_call_independent_rms_s5.npz,76363,5305469791a7a6f076fdc7bc0fcbb9ddb932f589fe6ce55e4caa9cdb77cb443b
tcn,independent_rms,202,bandpass_n20002_call_independent_rms_s0,phase2/results/predictions/full/independent_rms/tcn/seed_202/bandpass_n20002_call_independent_rms_s0.npz,76153,4e7c93067764b49b10a9d79b4384702df6a41d0e362377901a72a1af29dcf659
tcn,independent_rms,202,bandpass_n20002_call_electrode_s20,phase2/results/predictions/full/independent_rms/tcn/seed_202/bandpass_n20002_call_electrode_s20.npz,76505,8425466f56053a04ff38ef45c80ed768dd24bfc7bda7c3013723a35fcc153332
tcn,independent_rms,202,bandpass_n20002_call_electrode_s15,phase2/results/predictions/full/independent_rms/tcn/seed_202/bandpass_n20002_call_electrode_s15.npz,76508,2d73984b95f328e892f1e2ee0a4a7135c1d22cc43c11af755c05e3d8217a1c3a
tcn,independent_rms,202,bandpass_n20002_call_electrode_s10,phase2/results/predictions/full/independent_rms/tcn/seed_202/bandpass_n20002_call_electrode_s10.npz,76474,2f12e78f86d3288464e3c9d453433e9e16a76e6af01e7f3d33b1fad08a3e51f0
tcn,independent_rms,202,bandpass_n20002_call_electrode_s5,phase2/results/predictions/full/independent_rms/tcn/seed_202/bandpass_n20002_call_electrode_s5.npz,76277,306eaa160f6ec186e0f5bd65f6de3d37e461824e7b089aa00f1e9753f98e48b8
tcn,independent_rms,202,bandpass_n20002_call_electrode_s0,phase2/results/predictions/full/independent_rms/tcn/seed_202/bandpass_n20002_call_electrode_s0.npz,75896,66b558f4cdf81f7b55e55a866c788ff4edeb3de8b7d64732ee85bbddd4510073
tcn,independent_rms,202,bandpass_n20002_call_covariance_s20,phase2/results/predictions/full/independent_rms/tcn/seed_202/bandpass_n20002_call_covariance_s20.npz,76460,a097553e026bb922f665f1a7cb02925b36710eaa412eeedb219cb7ed80e5940c
tcn,independent_rms,202,bandpass_n20002_call_covariance_s15,phase2/results/predictions/full/independent_rms/tcn/seed_202/bandpass_n20002_call_covariance_s15.npz,76519,aed7ae403ad11f7a289c156fe132e237f63e2cb2a42734978a33d1def84e91ad
tcn,independent_rms,202,bandpass_n20002_call_covariance_s10,phase2/results/predictions/full/independent_rms/tcn/seed_202/bandpass_n20002_call_covariance_s10.npz,76453,01d9b1cf19f8c831810d45ddb94deea1fd501d70e36a183cada7f1423157f004
tcn,independent_rms,202,bandpass_n20002_call_covariance_s5,phase2/results/predictions/full/independent_rms/tcn/seed_202/bandpass_n20002_call_covariance_s5.npz,76257,13d6a7656d929fcbcb6e4435bb2241f8eb0b425569f1457e2804ba28b912fcaa
tcn,independent_rms,202,bandpass_n20002_call_covariance_s0,phase2/results/predictions/full/independent_rms/tcn/seed_202/bandpass_n20002_call_covariance_s0.npz,75877,1474f4ac6d5441a688306493a92e2a2b3a7ffba12afbe8bbe0dd52931f7b99c1
tcn,independent_rms,202,bandpass_n20003_cRA_LA_LL_independent_rms_s20,phase2/results/predictions/full/independent_rms/tcn/seed_202/bandpass_n20003_cRA_LA_LL_independent_rms_s20.npz,76525,217cf15e41e59aadf96bbbcb0331a023a3eeb33c9ba6b86827404773d6b7b304
tcn,independent_rms,202,bandpass_n20003_cRA_LA_LL_independent_rms_s15,phase2/results/predictions/full/independent_rms/tcn/seed_202/bandpass_n20003_cRA_LA_LL_independent_rms_s15.npz,76518,506e1e95bd44a25ee7783e56189629feff4552276d463cf75a00a3cdbefb2940
tcn,independent_rms,202,bandpass_n20003_cRA_LA_LL_independent_rms_s10,phase2/results/predictions/full/independent_rms/tcn/seed_202/bandpass_n20003_cRA_LA_LL_independent_rms_s10.npz,76544,82f8ad42cdc90ca56415202e34b8476838ce1aff24716472e34c63596b114111
tcn,independent_rms,202,bandpass_n20003_cRA_LA_LL_independent_rms_s5,phase2/results/predictions/full/independent_rms/tcn/seed_202/bandpass_n20003_cRA_LA_LL_independent_rms_s5.npz,76429,2566ba40d1da82833b44ac16e2b7ddfe7f3b7b39aac7e17337156ce623632501
tcn,independent_rms,202,bandpass_n20003_cRA_LA_LL_independent_rms_s0,phase2/results/predictions/full/independent_rms/tcn/seed_202/bandpass_n20003_cRA_LA_LL_independent_rms_s0.npz,76159,ff3c2a800e4e64cc97879ecea5ec4c9f05c91cfb16978c2167c03e0f56e4da44
tcn,independent_rms,202,bandpass_n20003_cRA_LA_LL_electrode_s20,phase2/results/predictions/full/independent_rms/tcn/seed_202/bandpass_n20003_cRA_LA_LL_electrode_s20.npz,76516,70b55c021c74313f521eee54085d80e95ad54fe46751cbb3d10257d14462a39b
tcn,independent_rms,202,bandpass_n20003_cRA_LA_LL_electrode_s15,phase2/results/predictions/full/independent_rms/tcn/seed_202/bandpass_n20003_cRA_LA_LL_electrode_s15.npz,76520,af1129caf9a9360525d28861c59b44fc9fe9ea540d34cf7efb583b6693cbeab4
tcn,independent_rms,202,bandpass_n20003_cRA_LA_LL_electrode_s10,phase2/results/predictions/full/independent_rms/tcn/seed_202/bandpass_n20003_cRA_LA_LL_electrode_s10.npz,76457,ae15e689ccd2ef8560fbc3c0bd4a8eabe65c07c2a0d08ff69d08d5101cc79ba2
tcn,independent_rms,202,bandpass_n20003_cRA_LA_LL_electrode_s5,phase2/results/predictions/full/independent_rms/tcn/seed_202/bandpass_n20003_cRA_LA_LL_electrode_s5.npz,76229,8652344b51c9fd2cc09005b7e3f60a49281709b5e087b76aa1da2d840b3f3cb5
tcn,independent_rms,202,bandpass_n20003_cRA_LA_LL_electrode_s0,phase2/results/predictions/full/independent_rms/tcn/seed_202/bandpass_n20003_cRA_LA_LL_electrode_s0.npz,75809,66f8ea6685b4f5f990fd5c8181b6f7e771001680f5d032742356757626846b8b
tcn,independent_rms,202,bandpass_n20003_cRA_LA_LL_covariance_s20,phase2/results/predictions/full/independent_rms/tcn/seed_202/bandpass_n20003_cRA_LA_LL_covariance_s20.npz,76514,4d33621b52f01f39d95aa778862181724065b8832ddf1005b9f52d5f5ec100fd
tcn,independent_rms,202,bandpass_n20003_cRA_LA_LL_covariance_s15,phase2/results/predictions/full/independent_rms/tcn/seed_202/bandpass_n20003_cRA_LA_LL_covariance_s15.npz,76519,6f1f06f85b3769c8acec89d8a3bf707cca437acf6819f4f11c91f5e40591b766
tcn,independent_rms,202,bandpass_n20003_cRA_LA_LL_covariance_s10,phase2/results/predictions/full/independent_rms/tcn/seed_202/bandpass_n20003_cRA_LA_LL_covariance_s10.npz,76473,372346ee2e9575662d417424a56d831e3454df4135d703b0cc60872700d639af
tcn,independent_rms,202,bandpass_n20003_cRA_LA_LL_covariance_s5,phase2/results/predictions/full/independent_rms/tcn/seed_202/bandpass_n20003_cRA_LA_LL_covariance_s5.npz,76213,4bb0fb563baf33b58c66f2261d2a7dbad8e446c9ec8bbc241e651d88a5932981
tcn,independent_rms,202,bandpass_n20003_cRA_LA_LL_covariance_s0,phase2/results/predictions/full/independent_rms/tcn/seed_202/bandpass_n20003_cRA_LA_LL_covariance_s0.npz,75771,dbad47366a43d0a39a550ed869e644e0230a4e909b7b19a715dafe376dedf493
tcn,independent_rms,202,bandpass_n20003_cV1_independent_rms_s20,phase2/results/predictions/full/independent_rms/tcn/seed_202/bandpass_n20003_cV1_independent_rms_s20.npz,76527,aa41cd45a531fc652f4c983e92770d4d3b5f37090713d814e61955bf28b15082
tcn,independent_rms,202,bandpass_n20003_cV1_independent_rms_s15,phase2/results/predictions/full/independent_rms/tcn/seed_202/bandpass_n20003_cV1_independent_rms_s15.npz,76511,56774fd855fb0dafd9f9cea2a8741e1b2fb555d63e91943e09d45551049c7efb
tcn,independent_rms,202,bandpass_n20003_cV1_independent_rms_s10,phase2/results/predictions/full/independent_rms/tcn/seed_202/bandpass_n20003_cV1_independent_rms_s10.npz,76495,a415139dd26f79a913bdd0d16cff6217898d4f59da1b0f89bea90cf0855a2826
tcn,independent_rms,202,bandpass_n20003_cV1_independent_rms_s5,phase2/results/predictions/full/independent_rms/tcn/seed_202/bandpass_n20003_cV1_independent_rms_s5.npz,76391,533720cbfd0176fb525646a5518c2562923cf17ddd97d26fe57ddb4efbed5873
tcn,independent_rms,202,bandpass_n20003_cV1_independent_rms_s0,phase2/results/predictions/full/independent_rms/tcn/seed_202/bandpass_n20003_cV1_independent_rms_s0.npz,76036,c858cbbd4ff56a2b2a1e72bf384e068bb381f31c367fcaef6514f0fe15c749f6
tcn,independent_rms,202,bandpass_n20003_cV1_electrode_s20,phase2/results/predictions/full/independent_rms/tcn/seed_202/bandpass_n20003_cV1_electrode_s20.npz,76513,e33b2e9d871347970b0b52bf23a1fb20e83edd18440bb811e81a3042b010148f
tcn,independent_rms,202,bandpass_n20003_cV1_electrode_s15,phase2/results/predictions/full/independent_rms/tcn/seed_202/bandpass_n20003_cV1_electrode_s15.npz,76493,cc9fda50a53e295e4f785d3fd5d12c301878e22ccd4ef59ae238e759d2e034c7
tcn,independent_rms,202,bandpass_n20003_cV1_electrode_s10,phase2/results/predictions/full/independent_rms/tcn/seed_202/bandpass_n20003_cV1_electrode_s10.npz,76485,cdc50d2c0db83422c75749b1367c8fd5cffbb2553f58c5412a2d88b6ae4601c8
tcn,independent_rms,202,bandpass_n20003_cV1_electrode_s5,phase2/results/predictions/full/independent_rms/tcn/seed_202/bandpass_n20003_cV1_electrode_s5.npz,76353,2d07ccee8c380683370efbaf04d33e31e1664529067fb8985f6a6f61dfc3542c
tcn,independent_rms,202,bandpass_n20003_cV1_electrode_s0,phase2/results/predictions/full/independent_rms/tcn/seed_202/bandpass_n20003_cV1_electrode_s0.npz,76060,4734169fed854fb8c630a81fb4510676c55eeaf864282b3c6da1eb7954cf08a5
tcn,independent_rms,202,bandpass_n20003_cV1_covariance_s20,phase2/results/predictions/full/independent_rms/tcn/seed_202/bandpass_n20003_cV1_covariance_s20.npz,76488,00d52f66f8456940d6b3b5b09bd1755554199a0e0e7082b4ed711099229620f2
tcn,independent_rms,202,bandpass_n20003_cV1_covariance_s15,phase2/results/predictions/full/independent_rms/tcn/seed_202/bandpass_n20003_cV1_covariance_s15.npz,76495,8e4810d83b0c0bb6fbeccbc41b40491648ea2f8d3a88b2b1c71c35bf9c8d7c54
tcn,independent_rms,202,bandpass_n20003_cV1_covariance_s10,phase2/results/predictions/full/independent_rms/tcn/seed_202/bandpass_n20003_cV1_covariance_s10.npz,76478,41ab7eef52b9b80ebffc5d3f2742ad2cbdced5161db008d5297a31e0b71b48ee
tcn,independent_rms,202,bandpass_n20003_cV1_covariance_s5,phase2/results/predictions/full/independent_rms/tcn/seed_202/bandpass_n20003_cV1_covariance_s5.npz,76352,74eecf69f26254a5b5f820678f6ac169806a3f110d3b6db4f9ec872aa90a07e4
tcn,independent_rms,202,bandpass_n20003_cV1_covariance_s0,phase2/results/predictions/full/independent_rms/tcn/seed_202/bandpass_n20003_cV1_covariance_s0.npz,76040,dd2628fa36db14176aee1706c8377475dd498f03af743e7400473271f1114156
tcn,independent_rms,202,bandpass_n20003_cV2_independent_rms_s20,phase2/results/predictions/full/independent_rms/tcn/seed_202/bandpass_n20003_cV2_independent_rms_s20.npz,76492,36eec3cbf328d0460ca5eb943350df9a9cd86f5a203f55a5d96c7a934482808e
tcn,independent_rms,202,bandpass_n20003_cV2_independent_rms_s15,phase2/results/predictions/full/independent_rms/tcn/seed_202/bandpass_n20003_cV2_independent_rms_s15.npz,76545,810e730d6195903edf9460b123540e2b9df5b4f1742e8943fbd5965bed55d2e1
tcn,independent_rms,202,bandpass_n20003_cV2_independent_rms_s10,phase2/results/predictions/full/independent_rms/tcn/seed_202/bandpass_n20003_cV2_independent_rms_s10.npz,76498,73bb10c0ef002abf262c560a52378f069d6550adb2d83e13b0b503c6b46c3022
tcn,independent_rms,202,bandpass_n20003_cV2_independent_rms_s5,phase2/results/predictions/full/independent_rms/tcn/seed_202/bandpass_n20003_cV2_independent_rms_s5.npz,76434,18be4f6a0bb3d2ad6b9a8ce46401a1b20911e328ad357115ec77973f2a046f84
tcn,independent_rms,202,bandpass_n20003_cV2_independent_rms_s0,phase2/results/predictions/full/independent_rms/tcn/seed_202/bandpass_n20003_cV2_independent_rms_s0.npz,76180,4bb276fd9545aa8a51b06755a31458735d9d181bf2970fe18d4f340b82487250
tcn,independent_rms,202,bandpass_n20003_cV2_electrode_s20,phase2/results/predictions/full/independent_rms/tcn/seed_202/bandpass_n20003_cV2_electrode_s20.npz,76492,77f976862187dc4cb57481b17b07a820fd19f3c5c936418325151b026c812129
tcn,independent_rms,202,bandpass_n20003_cV2_electrode_s15,phase2/results/predictions/full/independent_rms/tcn/seed_202/bandpass_n20003_cV2_electrode_s15.npz,76469,408d6af33f1d2b29d1817cfa11c43a3793bcbbebe03e5553975733abc03f722f
tcn,independent_rms,202,bandpass_n20003_cV2_electrode_s10,phase2/results/predictions/full/independent_rms/tcn/seed_202/bandpass_n20003_cV2_electrode_s10.npz,76493,28910fdc15857c2a55fe7fd68a4d8f2fc6447b42960d1aef7d95ad5d1bdfdcca
tcn,independent_rms,202,bandpass_n20003_cV2_electrode_s5,phase2/results/predictions/full/independent_rms/tcn/seed_202/bandpass_n20003_cV2_electrode_s5.npz,76422,172725541a6b0b444b5b19f13185e512b2df157c713eef727a19570150d58e23
tcn,independent_rms,202,bandpass_n20003_cV2_electrode_s0,phase2/results/predictions/full/independent_rms/tcn/seed_202/bandpass_n20003_cV2_electrode_s0.npz,76169,fcad422530b2729503886a7ec2a9745f2719c4efdf0d12a130916d2b3909e693
tcn,independent_rms,202,bandpass_n20003_cV2_covariance_s20,phase2/results/predictions/full/independent_rms/tcn/seed_202/bandpass_n20003_cV2_covariance_s20.npz,76484,d1d4062581c75bb282b347f3fae01700e07d2df58366a18b7e5d4d7f14cb5529
tcn,independent_rms,202,bandpass_n20003_cV2_covariance_s15,phase2/results/predictions/full/independent_rms/tcn/seed_202/bandpass_n20003_cV2_covariance_s15.npz,76525,84b3317efc3d46bb421270857b1d7b88542477bbb06d6ee660ece258c523ed27
tcn,independent_rms,202,bandpass_n20003_cV2_covariance_s10,phase2/results/predictions/full/independent_rms/tcn/seed_202/bandpass_n20003_cV2_covariance_s10.npz,76503,dd6fd5a534c9236dfe3acd7481424576afbbfe7a55d88caf0c9723762023aede
tcn,independent_rms,202,bandpass_n20003_cV2_covariance_s5,phase2/results/predictions/full/independent_rms/tcn/seed_202/bandpass_n20003_cV2_covariance_s5.npz,76422,07755269f7e5f10b737c8ca8f0b9f8f9f5642a5fee53e19765daeebe02947a9e
tcn,independent_rms,202,bandpass_n20003_cV2_covariance_s0,phase2/results/predictions/full/independent_rms/tcn/seed_202/bandpass_n20003_cV2_covariance_s0.npz,76225,62d70fb8b860c27f28a30558114e07ecb1d4aaf62db333950273def438725af8
tcn,independent_rms,202,bandpass_n20003_cV3_independent_rms_s20,phase2/results/predictions/full/independent_rms/tcn/seed_202/bandpass_n20003_cV3_independent_rms_s20.npz,76509,2b7835c0cb3f7000f68d7c92945fafd446c421bfdb36211918139ef1c8fceb97
tcn,independent_rms,202,bandpass_n20003_cV3_independent_rms_s15,phase2/results/predictions/full/independent_rms/tcn/seed_202/bandpass_n20003_cV3_independent_rms_s15.npz,76506,8c131c95e94c49934042e04b5ebb5464944bb24f49660b9b4b58884edda739ad
tcn,independent_rms,202,bandpass_n20003_cV3_independent_rms_s10,phase2/results/predictions/full/independent_rms/tcn/seed_202/bandpass_n20003_cV3_independent_rms_s10.npz,76510,c76d9a36f630e20fc4d8914b5a384a8e2ac489b6d84435a6af1aecb68a6e51c2
tcn,independent_rms,202,bandpass_n20003_cV3_independent_rms_s5,phase2/results/predictions/full/independent_rms/tcn/seed_202/bandpass_n20003_cV3_independent_rms_s5.npz,76489,21e65528f90284d28eccaf12b6e9e7c6bfb7e1d5019ebc374f09ec310e5847fe
tcn,independent_rms,202,bandpass_n20003_cV3_independent_rms_s0,phase2/results/predictions/full/independent_rms/tcn/seed_202/bandpass_n20003_cV3_independent_rms_s0.npz,76380,20d04f3eb83dc9e35a41d15e139d2bde85642b15b8a77e6c1411c8097fdd6fbf
tcn,independent_rms,202,bandpass_n20003_cV3_electrode_s20,phase2/results/predictions/full/independent_rms/tcn/seed_202/bandpass_n20003_cV3_electrode_s20.npz,76492,a122c089f6f7f1ac142cde5769d65fc3e4ccbbeb02cb78453680f4b7aa1b3b9e
tcn,independent_rms,202,bandpass_n20003_cV3_electrode_s15,phase2/results/predictions/full/independent_rms/tcn/seed_202/bandpass_n20003_cV3_electrode_s15.npz,76497,48525417fa6d1c3349478c64f678f11e5653f3411324e933aa125c425b176311
tcn,independent_rms,202,bandpass_n20003_cV3_electrode_s10,phase2/results/predictions/full/independent_rms/tcn/seed_202/bandpass_n20003_cV3_electrode_s10.npz,76512,b0e43c513c0e09fb30e4c222fdced6cd14f591a674bb62b314f8f12a4d6c04ff
tcn,independent_rms,202,bandpass_n20003_cV3_electrode_s5,phase2/results/predictions/full/independent_rms/tcn/seed_202/bandpass_n20003_cV3_electrode_s5.npz,76480,30bcb3cec46137a9ec4dc3f74b2b7cfb9bc856e70212dd70fd4d09118194a4ba
tcn,independent_rms,202,bandpass_n20003_cV3_electrode_s0,phase2/results/predictions/full/independent_rms/tcn/seed_202/bandpass_n20003_cV3_electrode_s0.npz,76332,2187480db45364da0277773ce051784a7b5f9a087a715ed4d0347c860df869ce
tcn,independent_rms,202,bandpass_n20003_cV3_covariance_s20,phase2/results/predictions/full/independent_rms/tcn/seed_202/bandpass_n20003_cV3_covariance_s20.npz,76491,8f3bc6049fa0f7b8d33686d26538865c856bd1baa2ac696d545c2353fe5a6ecb
tcn,independent_rms,202,bandpass_n20003_cV3_covariance_s15,phase2/results/predictions/full/independent_rms/tcn/seed_202/bandpass_n20003_cV3_covariance_s15.npz,76477,b433115b7cf1b6f4c7ed2f9c37641ec7512fa0963f2ad246a9a47d9d39f50d65
tcn,independent_rms,202,bandpass_n20003_cV3_covariance_s10,phase2/results/predictions/full/independent_rms/tcn/seed_202/bandpass_n20003_cV3_covariance_s10.npz,76516,183ba75dcf5c1bfe5326acfcd0146fb504a3cfef29f7a00edc934c8b0e971c8f
tcn,independent_rms,202,bandpass_n20003_cV3_covariance_s5,phase2/results/predictions/full/independent_rms/tcn/seed_202/bandpass_n20003_cV3_covariance_s5.npz,76495,f2646e285cc6677925ff3fc78fa2238fd278d8b388a7a51655edde4c630948d3
tcn,independent_rms,202,bandpass_n20003_cV3_covariance_s0,phase2/results/predictions/full/independent_rms/tcn/seed_202/bandpass_n20003_cV3_covariance_s0.npz,76323,f847ecb2e2ec24fef09dbbb8770dd0973c469a95920dc7b2ecbf64f36bd12c26
tcn,independent_rms,202,bandpass_n20003_cV4_independent_rms_s20,phase2/results/predictions/full/independent_rms/tcn/seed_202/bandpass_n20003_cV4_independent_rms_s20.npz,76509,28fcb149bea1d4a618fa8472a8a1790aba73f588e91cf3ac893ce4c1d6bf763f
tcn,independent_rms,202,bandpass_n20003_cV4_independent_rms_s15,phase2/results/predictions/full/independent_rms/tcn/seed_202/bandpass_n20003_cV4_independent_rms_s15.npz,76452,2320a7c4a5928e5a21dacf8c800451a184b5ec8bc7e32d4e59b83bf399617b30
tcn,independent_rms,202,bandpass_n20003_cV4_independent_rms_s10,phase2/results/predictions/full/independent_rms/tcn/seed_202/bandpass_n20003_cV4_independent_rms_s10.npz,76526,0d56fc5a498f51e3afb7f47962a227cc425657d8d1f6fadba2d1e949b5d2c7c0
tcn,independent_rms,202,bandpass_n20003_cV4_independent_rms_s5,phase2/results/predictions/full/independent_rms/tcn/seed_202/bandpass_n20003_cV4_independent_rms_s5.npz,76507,ee3ffa8a8e5e1b954b9d8c1a3fdeaba1372fc2d918124ea51a6e7227290947bb
tcn,independent_rms,202,bandpass_n20003_cV4_independent_rms_s0,phase2/results/predictions/full/independent_rms/tcn/seed_202/bandpass_n20003_cV4_independent_rms_s0.npz,76273,a6236a193c94861536545dd21cc18aaf815760b11cc3e3cefb4c71c67c85e8c4
tcn,independent_rms,202,bandpass_n20003_cV4_electrode_s20,phase2/results/predictions/full/independent_rms/tcn/seed_202/bandpass_n20003_cV4_electrode_s20.npz,76511,e4fba6284718fd22b7a2a0fdf139f202fae9732ca4db342ee483966018867c01
tcn,independent_rms,202,bandpass_n20003_cV4_electrode_s15,phase2/results/predictions/full/independent_rms/tcn/seed_202/bandpass_n20003_cV4_electrode_s15.npz,76504,d1575ca51c3f0b9d1b05d62a8b1498d15df575718a7db7b56d83781d347b2051
tcn,independent_rms,202,bandpass_n20003_cV4_electrode_s10,phase2/results/predictions/full/independent_rms/tcn/seed_202/bandpass_n20003_cV4_electrode_s10.npz,76511,a5f1c0dbaa51b857a10622e01651a8aa88f78400c309b33302a21ebac098e9b3
tcn,independent_rms,202,bandpass_n20003_cV4_electrode_s5,phase2/results/predictions/full/independent_rms/tcn/seed_202/bandpass_n20003_cV4_electrode_s5.npz,76444,79d75cfcec5c804be4c70028ede1b8bb6c38f203ef64fc429cccd7603f509bff
tcn,independent_rms,202,bandpass_n20003_cV4_electrode_s0,phase2/results/predictions/full/independent_rms/tcn/seed_202/bandpass_n20003_cV4_electrode_s0.npz,76261,5d9a6ebf894f0beb990aa32941aca9aa53dc6a853fb53c93e8e79f21ceee2283
tcn,independent_rms,202,bandpass_n20003_cV4_covariance_s20,phase2/results/predictions/full/independent_rms/tcn/seed_202/bandpass_n20003_cV4_covariance_s20.npz,76504,da569816773a0c51b141fb2d95bd0d2d1e348c03fbe97a7cb6955073ee1a7b52
tcn,independent_rms,202,bandpass_n20003_cV4_covariance_s15,phase2/results/predictions/full/independent_rms/tcn/seed_202/bandpass_n20003_cV4_covariance_s15.npz,76503,24f6c7430cfbc65543db0337ff31284b7abea3b42f06ec05cdddd6b663013305
tcn,independent_rms,202,bandpass_n20003_cV4_covariance_s10,phase2/results/predictions/full/independent_rms/tcn/seed_202/bandpass_n20003_cV4_covariance_s10.npz,76484,f80463a649ef45497aa43ac12bb0c43316b454619111c783f28ddaef24486767
tcn,independent_rms,202,bandpass_n20003_cV4_covariance_s5,phase2/results/predictions/full/independent_rms/tcn/seed_202/bandpass_n20003_cV4_covariance_s5.npz,76496,c04483fb9d1eeb3d1db66f2f13b35bb03d35dfee78b77373fe1093cfec7e1a47
tcn,independent_rms,202,bandpass_n20003_cV4_covariance_s0,phase2/results/predictions/full/independent_rms/tcn/seed_202/bandpass_n20003_cV4_covariance_s0.npz,76262,92ecfcf3b12a9e6bd909c4537a44d5d7e428dd382fec6fd80b53e51744536742
tcn,independent_rms,202,bandpass_n20003_cV5_independent_rms_s20,phase2/results/predictions/full/independent_rms/tcn/seed_202/bandpass_n20003_cV5_independent_rms_s20.npz,76471,281f284f790ac40c9a86b1a7dec7ebeeefa181b70ca9d232ef5fc0edbb38fb55
tcn,independent_rms,202,bandpass_n20003_cV5_independent_rms_s15,phase2/results/predictions/full/independent_rms/tcn/seed_202/bandpass_n20003_cV5_independent_rms_s15.npz,76473,ffad788c5b0bc4a135ba5b809c534b30476d93d964592214cdde5139f44bbe31
tcn,independent_rms,202,bandpass_n20003_cV5_independent_rms_s10,phase2/results/predictions/full/independent_rms/tcn/seed_202/bandpass_n20003_cV5_independent_rms_s10.npz,76526,cd4cc89f847942a503a83942b71e39e85df5e1df4cb3c1bd062cbf2ad9a59825
tcn,independent_rms,202,bandpass_n20003_cV5_independent_rms_s5,phase2/results/predictions/full/independent_rms/tcn/seed_202/bandpass_n20003_cV5_independent_rms_s5.npz,76433,679853bd77e932cdfcdf10b94df80af6ae6fd1db666c27f3cf8c3b7e7f474ea7
tcn,independent_rms,202,bandpass_n20003_cV5_independent_rms_s0,phase2/results/predictions/full/independent_rms/tcn/seed_202/bandpass_n20003_cV5_independent_rms_s0.npz,76234,e85b7e60a11a513da11f8c5fde047ce9b227db79ecaca8994f4d656d492eb6e6
tcn,independent_rms,202,bandpass_n20003_cV5_electrode_s20,phase2/results/predictions/full/independent_rms/tcn/seed_202/bandpass_n20003_cV5_electrode_s20.npz,76473,560a9f3ccbdddc68b371d4692924b8e4ed49b581b3fb3d859d94f52a8253ceb3
tcn,independent_rms,202,bandpass_n20003_cV5_electrode_s15,phase2/results/predictions/full/independent_rms/tcn/seed_202/bandpass_n20003_cV5_electrode_s15.npz,76497,06b937565ef1c860f050f3e9193a4994f35a1b525459e5b90cf244e22e76b49c
tcn,independent_rms,202,bandpass_n20003_cV5_electrode_s10,phase2/results/predictions/full/independent_rms/tcn/seed_202/bandpass_n20003_cV5_electrode_s10.npz,76469,95f6c92ea0f81881f2a4605417ef2f9bf8d13ff644cecc8107bbbe54fc4b233a
tcn,independent_rms,202,bandpass_n20003_cV5_electrode_s5,phase2/results/predictions/full/independent_rms/tcn/seed_202/bandpass_n20003_cV5_electrode_s5.npz,76440,4f750fd1d2eac621abd6c004acf8129989b32679a6ba0f7b73b018bd04b6e995
tcn,independent_rms,202,bandpass_n20003_cV5_electrode_s0,phase2/results/predictions/full/independent_rms/tcn/seed_202/bandpass_n20003_cV5_electrode_s0.npz,76209,e71da179bcbb6f64ce819fde12cbc178c1adc3c72e37641a14ce8252dddb56f8
tcn,independent_rms,202,bandpass_n20003_cV5_covariance_s20,phase2/results/predictions/full/independent_rms/tcn/seed_202/bandpass_n20003_cV5_covariance_s20.npz,76496,a08d248abd5631dc746666ceeb0044400725cf36bd029e429392174f1c6e3727
tcn,independent_rms,202,bandpass_n20003_cV5_covariance_s15,phase2/results/predictions/full/independent_rms/tcn/seed_202/bandpass_n20003_cV5_covariance_s15.npz,76504,98b5616d4aabe534e59e6e28842a114ff1503c2e3673bd9d774cd5ee6e13e723
tcn,independent_rms,202,bandpass_n20003_cV5_covariance_s10,phase2/results/predictions/full/independent_rms/tcn/seed_202/bandpass_n20003_cV5_covariance_s10.npz,76476,47a9463939308460211424106e6b092441d9b406d83540b8c59569249a98dfdf
tcn,independent_rms,202,bandpass_n20003_cV5_covariance_s5,phase2/results/predictions/full/independent_rms/tcn/seed_202/bandpass_n20003_cV5_covariance_s5.npz,76455,fca2c123dc2506663eb2de7995e2fa53fd67135a2d58a198e425c6c73721de0c
tcn,independent_rms,202,bandpass_n20003_cV5_covariance_s0,phase2/results/predictions/full/independent_rms/tcn/seed_202/bandpass_n20003_cV5_covariance_s0.npz,76241,b171b025fc610f5cef4f337e01659116ba36b00a9921b39a58880fe0dd61f393
tcn,independent_rms,202,bandpass_n20003_cV6_independent_rms_s20,phase2/results/predictions/full/independent_rms/tcn/seed_202/bandpass_n20003_cV6_independent_rms_s20.npz,76479,393467312a2fab83e43bc7693e3b9eb5a3bb745ab9d437a68306535c0d699c45
tcn,independent_rms,202,bandpass_n20003_cV6_independent_rms_s15,phase2/results/predictions/full/independent_rms/tcn/seed_202/bandpass_n20003_cV6_independent_rms_s15.npz,76534,304fecccd8ee51d698a36e5dc1eeecbf9337618d550a135696d523274b667035
tcn,independent_rms,202,bandpass_n20003_cV6_independent_rms_s10,phase2/results/predictions/full/independent_rms/tcn/seed_202/bandpass_n20003_cV6_independent_rms_s10.npz,76532,1f7e91a8edc0463eb49e7803bd392f0132b5804ff61efd22506736baaf78bdc2
tcn,independent_rms,202,bandpass_n20003_cV6_independent_rms_s5,phase2/results/predictions/full/independent_rms/tcn/seed_202/bandpass_n20003_cV6_independent_rms_s5.npz,76491,24dfe1a160d8c7eed3591221688a262e4b26ebaf26b988209e742a87ef5f4cd7
tcn,independent_rms,202,bandpass_n20003_cV6_independent_rms_s0,phase2/results/predictions/full/independent_rms/tcn/seed_202/bandpass_n20003_cV6_independent_rms_s0.npz,76305,934f2732d6f5157a9945a41ba5fd8e3014dc76e0c8bff24e30809fedddaf3418
tcn,independent_rms,202,bandpass_n20003_cV6_electrode_s20,phase2/results/predictions/full/independent_rms/tcn/seed_202/bandpass_n20003_cV6_electrode_s20.npz,76488,d4f6531aeb76c2d9c47cca4741e96bb30aee6b005f9ca7dcd1593fb1101e6685
tcn,independent_rms,202,bandpass_n20003_cV6_electrode_s15,phase2/results/predictions/full/independent_rms/tcn/seed_202/bandpass_n20003_cV6_electrode_s15.npz,76515,0dfb0303ca462896c7ff88254c233c787493a0db16efceed9c6b9c04c524d602
tcn,independent_rms,202,bandpass_n20003_cV6_electrode_s10,phase2/results/predictions/full/independent_rms/tcn/seed_202/bandpass_n20003_cV6_electrode_s10.npz,76510,11e26a109f35bea7290336869ab80689c331cd7a96dc70bbddbe167f7969855f
tcn,independent_rms,202,bandpass_n20003_cV6_electrode_s5,phase2/results/predictions/full/independent_rms/tcn/seed_202/bandpass_n20003_cV6_electrode_s5.npz,76456,8c15fd6f868846a46df1db00e1996f365dc93a7c55fea114b800c85a7f30e403
tcn,independent_rms,202,bandpass_n20003_cV6_electrode_s0,phase2/results/predictions/full/independent_rms/tcn/seed_202/bandpass_n20003_cV6_electrode_s0.npz,76294,d6961990cb0fa34dff1ebe7604b9a070634474f0ce79fe37bbea0b944a3d7eab
tcn,independent_rms,202,bandpass_n20003_cV6_covariance_s20,phase2/results/predictions/full/independent_rms/tcn/seed_202/bandpass_n20003_cV6_covariance_s20.npz,76491,b360cf24f6f8358e6a74d49fc49211004067b832b29a13cd5f20b3884184be1f
tcn,independent_rms,202,bandpass_n20003_cV6_covariance_s15,phase2/results/predictions/full/independent_rms/tcn/seed_202/bandpass_n20003_cV6_covariance_s15.npz,76483,f44b468c3a0b2dc942ca6a842486b55fc746f335c09c53cfda94a568b089a4dd
tcn,independent_rms,202,bandpass_n20003_cV6_covariance_s10,phase2/results/predictions/full/independent_rms/tcn/seed_202/bandpass_n20003_cV6_covariance_s10.npz,76500,4cb0b6a79ef977d3dc6fbdd822ae76abbcd962b255db6c6c479ab9a9f6e139d6
tcn,independent_rms,202,bandpass_n20003_cV6_covariance_s5,phase2/results/predictions/full/independent_rms/tcn/seed_202/bandpass_n20003_cV6_covariance_s5.npz,76480,5f3a561dfd924110bb00821317f38e2be49e6554c0ca9891217a36b066cbfc3a
tcn,independent_rms,202,bandpass_n20003_cV6_covariance_s0,phase2/results/predictions/full/independent_rms/tcn/seed_202/bandpass_n20003_cV6_covariance_s0.npz,76299,6e46449c1ed86c3e99f14de27220837a633615203da625337c0d111635bc3796
tcn,independent_rms,202,bandpass_n20003_cRA_LA_independent_rms_s20,phase2/results/predictions/full/independent_rms/tcn/seed_202/bandpass_n20003_cRA_LA_independent_rms_s20.npz,76545,b1145ae2f844e312f3ed7737a621dec0b5918f656c0ec582ca3961beaa67f8bb
tcn,independent_rms,202,bandpass_n20003_cRA_LA_independent_rms_s15,phase2/results/predictions/full/independent_rms/tcn/seed_202/bandpass_n20003_cRA_LA_independent_rms_s15.npz,76527,e18184d033d3886efbe0dfe0aac2d95ff49015844901ce68f0eea20286b1c267
tcn,independent_rms,202,bandpass_n20003_cRA_LA_independent_rms_s10,phase2/results/predictions/full/independent_rms/tcn/seed_202/bandpass_n20003_cRA_LA_independent_rms_s10.npz,76513,e147b17e9b8d5409b8cd36648c1e62967b92554b54773270bba087c69f481806
tcn,independent_rms,202,bandpass_n20003_cRA_LA_independent_rms_s5,phase2/results/predictions/full/independent_rms/tcn/seed_202/bandpass_n20003_cRA_LA_independent_rms_s5.npz,76445,3f81ccf428ea9595c25ed85197db816484a0b2cc534ad2452f5be6f3d31781d2
tcn,independent_rms,202,bandpass_n20003_cRA_LA_independent_rms_s0,phase2/results/predictions/full/independent_rms/tcn/seed_202/bandpass_n20003_cRA_LA_independent_rms_s0.npz,76192,c34745be348e3ce1d76fdc004cd20d9b5176fcd2ea450addcaf6b67342b47d47
tcn,independent_rms,202,bandpass_n20003_cRA_LA_electrode_s20,phase2/results/predictions/full/independent_rms/tcn/seed_202/bandpass_n20003_cRA_LA_electrode_s20.npz,76506,42e0efaea70abe21794172e300f9f549deafbf921fdc266176c3668fd171e071
tcn,independent_rms,202,bandpass_n20003_cRA_LA_electrode_s15,phase2/results/predictions/full/independent_rms/tcn/seed_202/bandpass_n20003_cRA_LA_electrode_s15.npz,76523,e6ef2f9a25d417cefa28b18310cf373614c26d104ea052e4fc547721df992f78
tcn,independent_rms,202,bandpass_n20003_cRA_LA_electrode_s10,phase2/results/predictions/full/independent_rms/tcn/seed_202/bandpass_n20003_cRA_LA_electrode_s10.npz,76447,861bf8bcef41be4c9e58474f92d7af85e57582ddbe45c163fa31312c04d1112c
tcn,independent_rms,202,bandpass_n20003_cRA_LA_electrode_s5,phase2/results/predictions/full/independent_rms/tcn/seed_202/bandpass_n20003_cRA_LA_electrode_s5.npz,76259,eb3611be6c8a27c98e80668263099d8d6361a842280d4288d6b1439580a2a5d8
tcn,independent_rms,202,bandpass_n20003_cRA_LA_electrode_s0,phase2/results/predictions/full/independent_rms/tcn/seed_202/bandpass_n20003_cRA_LA_electrode_s0.npz,75833,f533e148b869966663000a744b9028d46d4442feffffadd49d0e273e9187240a
tcn,independent_rms,202,bandpass_n20003_cRA_LA_covariance_s20,phase2/results/predictions/full/independent_rms/tcn/seed_202/bandpass_n20003_cRA_LA_covariance_s20.npz,76468,24d1a6161c817abce551c5f74bfd452d6c90f7007e6db9d1c7cd0294ead1cf90
tcn,independent_rms,202,bandpass_n20003_cRA_LA_covariance_s15,phase2/results/predictions/full/independent_rms/tcn/seed_202/bandpass_n20003_cRA_LA_covariance_s15.npz,76505,c0dd2ff5b0d34d4fb395381405217cff98239dc13fcc7d4d4cf900cf405cc0f9
tcn,independent_rms,202,bandpass_n20003_cRA_LA_covariance_s10,phase2/results/predictions/full/independent_rms/tcn/seed_202/bandpass_n20003_cRA_LA_covariance_s10.npz,76484,bde548acc76edda9350676d344997db5fab93d0c586ae609397a3e4b59a8c41a
tcn,independent_rms,202,bandpass_n20003_cRA_LA_covariance_s5,phase2/results/predictions/full/independent_rms/tcn/seed_202/bandpass_n20003_cRA_LA_covariance_s5.npz,76295,1099e1c7cc476d34ce57bfd7dbce8bad25eccbe569bb32b29bc834e3c6881833
tcn,independent_rms,202,bandpass_n20003_cRA_LA_covariance_s0,phase2/results/predictions/full/independent_rms/tcn/seed_202/bandpass_n20003_cRA_LA_covariance_s0.npz,75807,a632646c33c3773cdf8ebb4b13ec207aacd8a074f6a78f2e42abef5d1b5fc578
tcn,independent_rms,202,bandpass_n20003_cLA_LL_independent_rms_s20,phase2/results/predictions/full/independent_rms/tcn/seed_202/bandpass_n20003_cLA_LL_independent_rms_s20.npz,76505,60e03a70fc65e9c7ea09b31b45828a550dc67d498c8d0513117a83fda9d94d41
tcn,independent_rms,202,bandpass_n20003_cLA_LL_independent_rms_s15,phase2/results/predictions/full/independent_rms/tcn/seed_202/bandpass_n20003_cLA_LL_independent_rms_s15.npz,76532,eb3bd777d8532e58f32914835b5f4bc56909ddc2c35528aec047bc337360582d
tcn,independent_rms,202,bandpass_n20003_cLA_LL_independent_rms_s10,phase2/results/predictions/full/independent_rms/tcn/seed_202/bandpass_n20003_cLA_LL_independent_rms_s10.npz,76503,21c7782e1ae7261b3a0bdfc71fb6e8fed0012ab4e70a5d5967f0575fcbb92e91
tcn,independent_rms,202,bandpass_n20003_cLA_LL_independent_rms_s5,phase2/results/predictions/full/independent_rms/tcn/seed_202/bandpass_n20003_cLA_LL_independent_rms_s5.npz,76422,56bbeeb10772cbaafbaab96044597f43ee2d6b7463c6ed1c1fff5b4a4fb0bb8f
tcn,independent_rms,202,bandpass_n20003_cLA_LL_independent_rms_s0,phase2/results/predictions/full/independent_rms/tcn/seed_202/bandpass_n20003_cLA_LL_independent_rms_s0.npz,76157,708195f357cf736b46080e05d9858459d06b0dd8e8958ff59c4c85c6838ad797
tcn,independent_rms,202,bandpass_n20003_cLA_LL_electrode_s20,phase2/results/predictions/full/independent_rms/tcn/seed_202/bandpass_n20003_cLA_LL_electrode_s20.npz,76487,2c19401ce4c2e05afb69c01ea6fee74414a37088faa66445dd1acdc4e5eba524
tcn,independent_rms,202,bandpass_n20003_cLA_LL_electrode_s15,phase2/results/predictions/full/independent_rms/tcn/seed_202/bandpass_n20003_cLA_LL_electrode_s15.npz,76502,452497128612978167ad674e52ceea4a4465ce1e5be3d6910568f590208b72f0
tcn,independent_rms,202,bandpass_n20003_cLA_LL_electrode_s10,phase2/results/predictions/full/independent_rms/tcn/seed_202/bandpass_n20003_cLA_LL_electrode_s10.npz,76436,ba6f60b60a0eab3bcadb38d305e0f7db8e74f33901b084234b147ca84cb80003
tcn,independent_rms,202,bandpass_n20003_cLA_LL_electrode_s5,phase2/results/predictions/full/independent_rms/tcn/seed_202/bandpass_n20003_cLA_LL_electrode_s5.npz,76194,de9763ba94cd8986387a0c571276489134da11b349ede21a9dd6ddbad6a21c5e
tcn,independent_rms,202,bandpass_n20003_cLA_LL_electrode_s0,phase2/results/predictions/full/independent_rms/tcn/seed_202/bandpass_n20003_cLA_LL_electrode_s0.npz,75917,a1325b8818ba65317e39093178c01e1838e5d3831f747078fed848fcf8844eb2
tcn,independent_rms,202,bandpass_n20003_cLA_LL_covariance_s20,phase2/results/predictions/full/independent_rms/tcn/seed_202/bandpass_n20003_cLA_LL_covariance_s20.npz,76466,0e89579203d9c16e00f7cfbb358970e01bff3b7f09a3cc3ecd26c080456ea389
tcn,independent_rms,202,bandpass_n20003_cLA_LL_covariance_s15,phase2/results/predictions/full/independent_rms/tcn/seed_202/bandpass_n20003_cLA_LL_covariance_s15.npz,76492,50b7c52bfc3d7b98da8d6129a42191e75c22606620d739d61770af5c4cb27e31
tcn,independent_rms,202,bandpass_n20003_cLA_LL_covariance_s10,phase2/results/predictions/full/independent_rms/tcn/seed_202/bandpass_n20003_cLA_LL_covariance_s10.npz,76442,04728c2a74eccf73b71a5eee65c4d567822f9e3f37af337b5ac45b42935dc1b3
tcn,independent_rms,202,bandpass_n20003_cLA_LL_covariance_s5,phase2/results/predictions/full/independent_rms/tcn/seed_202/bandpass_n20003_cLA_LL_covariance_s5.npz,76219,6330043eaab08b51dffbfacecba50398f8fd41c4050f0dcef955586af6f26e99
tcn,independent_rms,202,bandpass_n20003_cLA_LL_covariance_s0,phase2/results/predictions/full/independent_rms/tcn/seed_202/bandpass_n20003_cLA_LL_covariance_s0.npz,75888,17af2456b76643bebc2f56b57a951dac90c16ad700baad8453d577c68bd6f9f6
tcn,independent_rms,202,bandpass_n20003_cRA_LL_independent_rms_s20,phase2/results/predictions/full/independent_rms/tcn/seed_202/bandpass_n20003_cRA_LL_independent_rms_s20.npz,76531,dc02c471cfe555e9ec7f40941cce1b927c7d45a48065cbf083afa3291c4aef95
tcn,independent_rms,202,bandpass_n20003_cRA_LL_independent_rms_s15,phase2/results/predictions/full/independent_rms/tcn/seed_202/bandpass_n20003_cRA_LL_independent_rms_s15.npz,76514,25e55b169fa3890f9c0fe841b56571e89195999714b8db220fa7926ff14ae2b7
tcn,independent_rms,202,bandpass_n20003_cRA_LL_independent_rms_s10,phase2/results/predictions/full/independent_rms/tcn/seed_202/bandpass_n20003_cRA_LL_independent_rms_s10.npz,76506,35641d9ae36e3d26d2587c7f1f4a0a6d8c27b6dbb41b7fce34393d78c63f0938
tcn,independent_rms,202,bandpass_n20003_cRA_LL_independent_rms_s5,phase2/results/predictions/full/independent_rms/tcn/seed_202/bandpass_n20003_cRA_LL_independent_rms_s5.npz,76410,69e3403774c9f6ba77fd97a5ccf47b19f0d6760fb03400cd026aca640b5a09d7
tcn,independent_rms,202,bandpass_n20003_cRA_LL_independent_rms_s0,phase2/results/predictions/full/independent_rms/tcn/seed_202/bandpass_n20003_cRA_LL_independent_rms_s0.npz,76148,b2f2a91fa6b78a5633f1399c87a9454b1d394eb4b4f37182dc06f0d0e8133117
tcn,independent_rms,202,bandpass_n20003_cRA_LL_electrode_s20,phase2/results/predictions/full/independent_rms/tcn/seed_202/bandpass_n20003_cRA_LL_electrode_s20.npz,76514,c0958f892f49cf2e12eb48f4f4bc116d5e77c07cbae29ed7766339df794a7256
tcn,independent_rms,202,bandpass_n20003_cRA_LL_electrode_s15,phase2/results/predictions/full/independent_rms/tcn/seed_202/bandpass_n20003_cRA_LL_electrode_s15.npz,76506,42b98bb36c2a657aea6c0ae22dbbf072d81544ee38d3e235f03ca5c817c376f0
tcn,independent_rms,202,bandpass_n20003_cRA_LL_electrode_s10,phase2/results/predictions/full/independent_rms/tcn/seed_202/bandpass_n20003_cRA_LL_electrode_s10.npz,76463,843ea34b699de320360dce24c2c1d75fc9fd72149d282b92187065fb24cf6b6e
tcn,independent_rms,202,bandpass_n20003_cRA_LL_electrode_s5,phase2/results/predictions/full/independent_rms/tcn/seed_202/bandpass_n20003_cRA_LL_electrode_s5.npz,76267,e734ceb12492084b6ef372cd3cbe8c729c7ed9af0ab4260b9ceac48b66fe55de
tcn,independent_rms,202,bandpass_n20003_cRA_LL_electrode_s0,phase2/results/predictions/full/independent_rms/tcn/seed_202/bandpass_n20003_cRA_LL_electrode_s0.npz,75777,bbee4ca39dce6757b34243c8e0af7207ebc1d228dd1f9583cf72eb5e1978877f
tcn,independent_rms,202,bandpass_n20003_cRA_LL_covariance_s20,phase2/results/predictions/full/independent_rms/tcn/seed_202/bandpass_n20003_cRA_LL_covariance_s20.npz,76494,2a0626031dc9902c6a1d362c5caf394d73ee7f6c8153c22775f421803c712a71
tcn,independent_rms,202,bandpass_n20003_cRA_LL_covariance_s15,phase2/results/predictions/full/independent_rms/tcn/seed_202/bandpass_n20003_cRA_LL_covariance_s15.npz,76500,2e1d9dde32b73cc0617fa70a925ddae98025728c60d911f8757c9174bc3cc218
tcn,independent_rms,202,bandpass_n20003_cRA_LL_covariance_s10,phase2/results/predictions/full/independent_rms/tcn/seed_202/bandpass_n20003_cRA_LL_covariance_s10.npz,76474,329afa8b49e8ced3599c09e794e648c74f204212d6a40d9ad4de8420f3a76206
tcn,independent_rms,202,bandpass_n20003_cRA_LL_covariance_s5,phase2/results/predictions/full/independent_rms/tcn/seed_202/bandpass_n20003_cRA_LL_covariance_s5.npz,76265,fcea436f8983ad493e54c7012075ca1912ca06a82d4b16c93220363b2172a00a
tcn,independent_rms,202,bandpass_n20003_cRA_LL_covariance_s0,phase2/results/predictions/full/independent_rms/tcn/seed_202/bandpass_n20003_cRA_LL_covariance_s0.npz,75748,68ed6caed545f808b2b413c2061aa442efccfcaea50d40103c6a87172429e64f
tcn,independent_rms,202,bandpass_n20003_cRA_independent_rms_s20,phase2/results/predictions/full/independent_rms/tcn/seed_202/bandpass_n20003_cRA_independent_rms_s20.npz,76510,e010b93473c92e5998128466b8c52af5a8f88a9dc16f707b99146ad630ce3b7a
tcn,independent_rms,202,bandpass_n20003_cRA_independent_rms_s15,phase2/results/predictions/full/independent_rms/tcn/seed_202/bandpass_n20003_cRA_independent_rms_s15.npz,76493,dd791bdb482807e67ecd602cea96b43b3195edd275b11c867965d62c10cd5be0
tcn,independent_rms,202,bandpass_n20003_cRA_independent_rms_s10,phase2/results/predictions/full/independent_rms/tcn/seed_202/bandpass_n20003_cRA_independent_rms_s10.npz,76503,baa1e3e49d76674db0f2c984051bcffdad1172903ff3097fead444f4906b9230
tcn,independent_rms,202,bandpass_n20003_cRA_independent_rms_s5,phase2/results/predictions/full/independent_rms/tcn/seed_202/bandpass_n20003_cRA_independent_rms_s5.npz,76437,780b2fe6f29037a2c05bee524b98f6ef4253d14e9e6cfd98d83c3be6fd76061c
tcn,independent_rms,202,bandpass_n20003_cRA_independent_rms_s0,phase2/results/predictions/full/independent_rms/tcn/seed_202/bandpass_n20003_cRA_independent_rms_s0.npz,76171,58b7765e49d3a720bd66c34a6c671e93ccdad018bac704d24986ea54c0c2406b
tcn,independent_rms,202,bandpass_n20003_cRA_electrode_s20,phase2/results/predictions/full/independent_rms/tcn/seed_202/bandpass_n20003_cRA_electrode_s20.npz,76456,d6391f911c8d8063f45c1b75b5a26e08976953680d377292a7af5dbc52678f0d
tcn,independent_rms,202,bandpass_n20003_cRA_electrode_s15,phase2/results/predictions/full/independent_rms/tcn/seed_202/bandpass_n20003_cRA_electrode_s15.npz,76498,52853af1589942c298e73323b2e2aaf2c7ab2c751df77eef4f0b017f0c6cfb0a
tcn,independent_rms,202,bandpass_n20003_cRA_electrode_s10,phase2/results/predictions/full/independent_rms/tcn/seed_202/bandpass_n20003_cRA_electrode_s10.npz,76465,61a39d60623e6aad3c0e81b2209611a923735f6eb700dfbb1d15e08bb90ef3b8
tcn,independent_rms,202,bandpass_n20003_cRA_electrode_s5,phase2/results/predictions/full/independent_rms/tcn/seed_202/bandpass_n20003_cRA_electrode_s5.npz,76291,f5a64fe65804fa97f4ab96ad6765790dc1090a0bde026ccea5f6acc9cadb5bc0
tcn,independent_rms,202,bandpass_n20003_cRA_electrode_s0,phase2/results/predictions/full/independent_rms/tcn/seed_202/bandpass_n20003_cRA_electrode_s0.npz,75993,2ea1ca509a76bb9995bb6a0d7044f683e4de2f65a6ecdcbfbfb6b0844704b402
tcn,independent_rms,202,bandpass_n20003_cRA_covariance_s20,phase2/results/predictions/full/independent_rms/tcn/seed_202/bandpass_n20003_cRA_covariance_s20.npz,76526,bf18c8b441968e64c60267a2d50e8a157b8514c81831f171403e3f87a764f533
tcn,independent_rms,202,bandpass_n20003_cRA_covariance_s15,phase2/results/predictions/full/independent_rms/tcn/seed_202/bandpass_n20003_cRA_covariance_s15.npz,76490,e57924e5ca328f88e9b20940b7d815f5bb0a3e1114d3637f2064c547bf8c12f0
tcn,independent_rms,202,bandpass_n20003_cRA_covariance_s10,phase2/results/predictions/full/independent_rms/tcn/seed_202/bandpass_n20003_cRA_covariance_s10.npz,76472,789ab2df536d5b36ad97a96d48e25fbeb3c9b89d7d0d7937f8196a57316eab62
tcn,independent_rms,202,bandpass_n20003_cRA_covariance_s5,phase2/results/predictions/full/independent_rms/tcn/seed_202/bandpass_n20003_cRA_covariance_s5.npz,76330,b54b64b199ac9831fb6acea7b47f1a17f1bbb4605fd3c9ed76261a677162782a
tcn,independent_rms,202,bandpass_n20003_cRA_covariance_s0,phase2/results/predictions/full/independent_rms/tcn/seed_202/bandpass_n20003_cRA_covariance_s0.npz,76010,a6113df1830d4abe223dff8262c72c50a2c965c145949845fcfd376a54d34b79
tcn,independent_rms,202,bandpass_n20003_cLA_independent_rms_s20,phase2/results/predictions/full/independent_rms/tcn/seed_202/bandpass_n20003_cLA_independent_rms_s20.npz,76539,f4591b4c5aeb770e54b186fdff1ce94804d9cca1d58f082786f01604940b77dc
tcn,independent_rms,202,bandpass_n20003_cLA_independent_rms_s15,phase2/results/predictions/full/independent_rms/tcn/seed_202/bandpass_n20003_cLA_independent_rms_s15.npz,76520,db0ea5ac6378168b570feede8d102b273048c791a6c746918484995accad6f6b
tcn,independent_rms,202,bandpass_n20003_cLA_independent_rms_s10,phase2/results/predictions/full/independent_rms/tcn/seed_202/bandpass_n20003_cLA_independent_rms_s10.npz,76511,b1b2965b206a2e4bc3921727cb5e7e115d61ee25bd74bec6fde47b6f112d183c
tcn,independent_rms,202,bandpass_n20003_cLA_independent_rms_s5,phase2/results/predictions/full/independent_rms/tcn/seed_202/bandpass_n20003_cLA_independent_rms_s5.npz,76450,2b9b447ce6e5f05f7ede7ad3aeeb3423b65e534c4eba61c0d61af21747768418
tcn,independent_rms,202,bandpass_n20003_cLA_independent_rms_s0,phase2/results/predictions/full/independent_rms/tcn/seed_202/bandpass_n20003_cLA_independent_rms_s0.npz,76219,108385410bf25c0f951f074875f13f005cb5bab3b9d6773dba6981159e7963f2
tcn,independent_rms,202,bandpass_n20003_cLA_electrode_s20,phase2/results/predictions/full/independent_rms/tcn/seed_202/bandpass_n20003_cLA_electrode_s20.npz,76491,036d3b52b8a018f9cf929d937cf8dbc7005cb21dc2f5a967c3af81cb4ce8f64a
tcn,independent_rms,202,bandpass_n20003_cLA_electrode_s15,phase2/results/predictions/full/independent_rms/tcn/seed_202/bandpass_n20003_cLA_electrode_s15.npz,76486,68734516a3bde671f4d646b59a0e0370141e53f785ecdf078650b45dd96ab1a2
tcn,independent_rms,202,bandpass_n20003_cLA_electrode_s10,phase2/results/predictions/full/independent_rms/tcn/seed_202/bandpass_n20003_cLA_electrode_s10.npz,76443,59be07fb8954b1f96b23d4816433a0278af56b7b703a03e7812fda120e21ba45
tcn,independent_rms,202,bandpass_n20003_cLA_electrode_s5,phase2/results/predictions/full/independent_rms/tcn/seed_202/bandpass_n20003_cLA_electrode_s5.npz,76245,c132d3c7b8a3b6673acf41005157210a3e7b4db86354e27a7399912e8fbd42e9
tcn,independent_rms,202,bandpass_n20003_cLA_electrode_s0,phase2/results/predictions/full/independent_rms/tcn/seed_202/bandpass_n20003_cLA_electrode_s0.npz,75865,3f19019f710f1d153dac3e795e40a08015a5d98e7af7272810ee77bba61f1d23
tcn,independent_rms,202,bandpass_n20003_cLA_covariance_s20,phase2/results/predictions/full/independent_rms/tcn/seed_202/bandpass_n20003_cLA_covariance_s20.npz,76493,efb6c3daedab03c03a2d02b49fcb2ca3a64e2ddf7f88f35dc5c52ba22c437fd1
tcn,independent_rms,202,bandpass_n20003_cLA_covariance_s15,phase2/results/predictions/full/independent_rms/tcn/seed_202/bandpass_n20003_cLA_covariance_s15.npz,76519,772cedc61f4c7d33326a522c2385dc0550750d66469bc3502420cf7c5f8c7e2d
tcn,independent_rms,202,bandpass_n20003_cLA_covariance_s10,phase2/results/predictions/full/independent_rms/tcn/seed_202/bandpass_n20003_cLA_covariance_s10.npz,76418,4a3b9d15e3e7846e091a81961fb3186817f0caf5a28cc6697163db0e7628e41f
tcn,independent_rms,202,bandpass_n20003_cLA_covariance_s5,phase2/results/predictions/full/independent_rms/tcn/seed_202/bandpass_n20003_cLA_covariance_s5.npz,76265,c9a55625c3fdbac34b0bf8a9391db74c8173c01c9511b7a37882f7f7ca06b7d9
tcn,independent_rms,202,bandpass_n20003_cLA_covariance_s0,phase2/results/predictions/full/independent_rms/tcn/seed_202/bandpass_n20003_cLA_covariance_s0.npz,75861,0acd9e637518e1e01425b7639ade5c64abac0075325054c76a5fc924c1255e84
tcn,independent_rms,202,bandpass_n20003_cLL_independent_rms_s20,phase2/results/predictions/full/independent_rms/tcn/seed_202/bandpass_n20003_cLL_independent_rms_s20.npz,76518,9711253a6cbd7525afbed8d415f33c13ccb658d019e205dd9221da0923018bcc
tcn,independent_rms,202,bandpass_n20003_cLL_independent_rms_s15,phase2/results/predictions/full/independent_rms/tcn/seed_202/bandpass_n20003_cLL_independent_rms_s15.npz,76499,f4d609758b77789bd5cb0fe85f799e23839d14577406d2a0404f10bccc2be377
tcn,independent_rms,202,bandpass_n20003_cLL_independent_rms_s10,phase2/results/predictions/full/independent_rms/tcn/seed_202/bandpass_n20003_cLL_independent_rms_s10.npz,76502,87d77d188da211e9866a33c57391d9d8d0bc19d8c40f6890344d808cf0b44188
tcn,independent_rms,202,bandpass_n20003_cLL_independent_rms_s5,phase2/results/predictions/full/independent_rms/tcn/seed_202/bandpass_n20003_cLL_independent_rms_s5.npz,76388,932955b68c88cb64e5845ce4f88ae51a68c73d54df8398ff861d079a0fd6d02f
tcn,independent_rms,202,bandpass_n20003_cLL_independent_rms_s0,phase2/results/predictions/full/independent_rms/tcn/seed_202/bandpass_n20003_cLL_independent_rms_s0.npz,76101,d91ad03d7acf2d70df04e55eb7ada72c25fb7cc99125aa53ca4a73f3cb1107cc
tcn,independent_rms,202,bandpass_n20003_cLL_electrode_s20,phase2/results/predictions/full/independent_rms/tcn/seed_202/bandpass_n20003_cLL_electrode_s20.npz,76490,9383ccc92ed858484399e41bdaf0d093b9a624cef5f79ab410ea58cf11d15192
tcn,independent_rms,202,bandpass_n20003_cLL_electrode_s15,phase2/results/predictions/full/independent_rms/tcn/seed_202/bandpass_n20003_cLL_electrode_s15.npz,76528,56f41396c518307877f2530b217eadbf121daa1186c0373f9f4009450bf5d82e
tcn,independent_rms,202,bandpass_n20003_cLL_electrode_s10,phase2/results/predictions/full/independent_rms/tcn/seed_202/bandpass_n20003_cLL_electrode_s10.npz,76436,385431188423a99110bf1e69a676970828a171d863c400697d8e861218f07c5b
tcn,independent_rms,202,bandpass_n20003_cLL_electrode_s5,phase2/results/predictions/full/independent_rms/tcn/seed_202/bandpass_n20003_cLL_electrode_s5.npz,76190,566ab1beead6ae89d6f9d10a2461aa714bdb9a067d4052f99eca4b09f06a1af9
tcn,independent_rms,202,bandpass_n20003_cLL_electrode_s0,phase2/results/predictions/full/independent_rms/tcn/seed_202/bandpass_n20003_cLL_electrode_s0.npz,75905,bbf38fd0c3f46c25336cbeda7f8f29526024e220e95476eae662885950a2f15f
tcn,independent_rms,202,bandpass_n20003_cLL_covariance_s20,phase2/results/predictions/full/independent_rms/tcn/seed_202/bandpass_n20003_cLL_covariance_s20.npz,76501,e135b704fdb6e3eb09313765350eea55f5bbc6233f09ea0c615e44e728daa6c5
tcn,independent_rms,202,bandpass_n20003_cLL_covariance_s15,phase2/results/predictions/full/independent_rms/tcn/seed_202/bandpass_n20003_cLL_covariance_s15.npz,76487,ff2046ab5b8cd5a8a30bfa58638471a8b40a92076d8ddd06f81751a23ce037f4
tcn,independent_rms,202,bandpass_n20003_cLL_covariance_s10,phase2/results/predictions/full/independent_rms/tcn/seed_202/bandpass_n20003_cLL_covariance_s10.npz,76440,c555e8a0da430e0357ce7501a25e9cc3551093f53466ac1acc57225012cade09
tcn,independent_rms,202,bandpass_n20003_cLL_covariance_s5,phase2/results/predictions/full/independent_rms/tcn/seed_202/bandpass_n20003_cLL_covariance_s5.npz,76213,4daf4ffbafb1882b52eeeefd86faa93b80e319a3a30ad03efd397a1220d82b51
tcn,independent_rms,202,bandpass_n20003_cLL_covariance_s0,phase2/results/predictions/full/independent_rms/tcn/seed_202/bandpass_n20003_cLL_covariance_s0.npz,75893,e587b1d12f59adb4ff2770753a86399cad11602ed825cecba978819d00a23872
tcn,independent_rms,202,bandpass_n20003_cRA_V1_independent_rms_s20,phase2/results/predictions/full/independent_rms/tcn/seed_202/bandpass_n20003_cRA_V1_independent_rms_s20.npz,76546,a648737635194cddd0f92e2e94a6550db0d8e795310870a8502676447b4dd655
tcn,independent_rms,202,bandpass_n20003_cRA_V1_independent_rms_s15,phase2/results/predictions/full/independent_rms/tcn/seed_202/bandpass_n20003_cRA_V1_independent_rms_s15.npz,76519,27900fedc5cc74cee6a0687697c9c1971e9d08419878a8af1e05c01e032e794a
tcn,independent_rms,202,bandpass_n20003_cRA_V1_independent_rms_s10,phase2/results/predictions/full/independent_rms/tcn/seed_202/bandpass_n20003_cRA_V1_independent_rms_s10.npz,76542,b2d016acf377476d9a3aa31f79585330d87ef4a492daedb0a45595a30cc392be
tcn,independent_rms,202,bandpass_n20003_cRA_V1_independent_rms_s5,phase2/results/predictions/full/independent_rms/tcn/seed_202/bandpass_n20003_cRA_V1_independent_rms_s5.npz,76443,42aca5782b3d0b47aabbc0b47683e694252b3cbc6f16fbff2598da12e7a3df3b
tcn,independent_rms,202,bandpass_n20003_cRA_V1_independent_rms_s0,phase2/results/predictions/full/independent_rms/tcn/seed_202/bandpass_n20003_cRA_V1_independent_rms_s0.npz,76150,cf46bfd2110d3afd7e439acaa8b2e7824e59e02b508bc779e18a23da025ecaf4
tcn,independent_rms,202,bandpass_n20003_cRA_V1_electrode_s20,phase2/results/predictions/full/independent_rms/tcn/seed_202/bandpass_n20003_cRA_V1_electrode_s20.npz,76508,4d34bb63a9a24ceb2cc771a681fdb5f3882f58fa16631dd4c6309bddcb816381
tcn,independent_rms,202,bandpass_n20003_cRA_V1_electrode_s15,phase2/results/predictions/full/independent_rms/tcn/seed_202/bandpass_n20003_cRA_V1_electrode_s15.npz,76503,22288c1694758e57386303a819cac16eecb0f81da89eefa30b970ea9b2a9cc1b
tcn,independent_rms,202,bandpass_n20003_cRA_V1_electrode_s10,phase2/results/predictions/full/independent_rms/tcn/seed_202/bandpass_n20003_cRA_V1_electrode_s10.npz,76453,42866d18d53cb2f6718998506cb9efd648e01fc200afbaa511a2ee371a8767b0
tcn,independent_rms,202,bandpass_n20003_cRA_V1_electrode_s5,phase2/results/predictions/full/independent_rms/tcn/seed_202/bandpass_n20003_cRA_V1_electrode_s5.npz,76356,14cc3f98168e469e4cf810539c26de1b62fd6556a2c1b59f9841586a331dbfff
tcn,independent_rms,202,bandpass_n20003_cRA_V1_electrode_s0,phase2/results/predictions/full/independent_rms/tcn/seed_202/bandpass_n20003_cRA_V1_electrode_s0.npz,76024,ee56d3edd3d020e4a78ff5c78be21e0bd2828dd4932d22d4820204de4b1d6b42
tcn,independent_rms,202,bandpass_n20003_cRA_V1_covariance_s20,phase2/results/predictions/full/independent_rms/tcn/seed_202/bandpass_n20003_cRA_V1_covariance_s20.npz,76522,b02da73339d2e6230a36c5e705e9ab0c7cd542876bad48abe17e8db892782d26
tcn,independent_rms,202,bandpass_n20003_cRA_V1_covariance_s15,phase2/results/predictions/full/independent_rms/tcn/seed_202/bandpass_n20003_cRA_V1_covariance_s15.npz,76525,309500543608f5b9b4dcaa867273bf3cbb26b09f7a51b98c31e7130c13df51fd
tcn,independent_rms,202,bandpass_n20003_cRA_V1_covariance_s10,phase2/results/predictions/full/independent_rms/tcn/seed_202/bandpass_n20003_cRA_V1_covariance_s10.npz,76495,3f38b0cc06b8669e92506f8a8020ad273235c1793c06139cc527e97c51a3a6f0
tcn,independent_rms,202,bandpass_n20003_cRA_V1_covariance_s5,phase2/results/predictions/full/independent_rms/tcn/seed_202/bandpass_n20003_cRA_V1_covariance_s5.npz,76345,ca51cff5e25a42024acd167116f6f51c4daa1e76384a4b58211f4abc66912e88
tcn,independent_rms,202,bandpass_n20003_cRA_V1_covariance_s0,phase2/results/predictions/full/independent_rms/tcn/seed_202/bandpass_n20003_cRA_V1_covariance_s0.npz,76012,c361863db9c64e63dd3f7e418fb4bccab385ed4ae9c5fd74ef3a71fe94b22d69
tcn,independent_rms,202,bandpass_n20003_cLA_V6_independent_rms_s20,phase2/results/predictions/full/independent_rms/tcn/seed_202/bandpass_n20003_cLA_V6_independent_rms_s20.npz,76514,aa2d3c52754bcc5f2f44fc51aecc515ac3b1879f6aa16d8898729a79e09283ca
tcn,independent_rms,202,bandpass_n20003_cLA_V6_independent_rms_s15,phase2/results/predictions/full/independent_rms/tcn/seed_202/bandpass_n20003_cLA_V6_independent_rms_s15.npz,76527,e3f245748f7b9b9f9edae465859f9efe94fa00a81119c8b00a48aa4d2c9076a4
tcn,independent_rms,202,bandpass_n20003_cLA_V6_independent_rms_s10,phase2/results/predictions/full/independent_rms/tcn/seed_202/bandpass_n20003_cLA_V6_independent_rms_s10.npz,76511,78b34535d7825df16762f369d457914fd8d2bb229958fbf325f2f4986f20fcc0
tcn,independent_rms,202,bandpass_n20003_cLA_V6_independent_rms_s5,phase2/results/predictions/full/independent_rms/tcn/seed_202/bandpass_n20003_cLA_V6_independent_rms_s5.npz,76491,4787bf4cfe1f93facefaff304905e513d73364fe8320e471b5dd70fae79b04b2
tcn,independent_rms,202,bandpass_n20003_cLA_V6_independent_rms_s0,phase2/results/predictions/full/independent_rms/tcn/seed_202/bandpass_n20003_cLA_V6_independent_rms_s0.npz,76227,e19d9f77950869ea289a7c79739c787037ac8779b18c05155c0ffd0153ad70fc
tcn,independent_rms,202,bandpass_n20003_cLA_V6_electrode_s20,phase2/results/predictions/full/independent_rms/tcn/seed_202/bandpass_n20003_cLA_V6_electrode_s20.npz,76506,17e2392fb7e3b6f7ca28eb1bc9828fd443a02d8c963b7c4b65b9ef897d650e2d
tcn,independent_rms,202,bandpass_n20003_cLA_V6_electrode_s15,phase2/results/predictions/full/independent_rms/tcn/seed_202/bandpass_n20003_cLA_V6_electrode_s15.npz,76527,2aa4905c77882312e2dd375923c2dba46889a692d7c7104d7a8841bcd349b769
tcn,independent_rms,202,bandpass_n20003_cLA_V6_electrode_s10,phase2/results/predictions/full/independent_rms/tcn/seed_202/bandpass_n20003_cLA_V6_electrode_s10.npz,76488,bf9c9e468cf2c0fd48ff8e15d001155cc30fb53b566603f40c153accfbbd833f
tcn,independent_rms,202,bandpass_n20003_cLA_V6_electrode_s5,phase2/results/predictions/full/independent_rms/tcn/seed_202/bandpass_n20003_cLA_V6_electrode_s5.npz,76241,96c9ad090e683897d2eeb965ba2e0a89d97c63fc6f0d1860d511343317b22a03
tcn,independent_rms,202,bandpass_n20003_cLA_V6_electrode_s0,phase2/results/predictions/full/independent_rms/tcn/seed_202/bandpass_n20003_cLA_V6_electrode_s0.npz,75877,ce03005c838948ce0e3b8e6f0cb9424daaf7bc3b92bc2a6f490f5c71f784ec9b
tcn,independent_rms,202,bandpass_n20003_cLA_V6_covariance_s20,phase2/results/predictions/full/independent_rms/tcn/seed_202/bandpass_n20003_cLA_V6_covariance_s20.npz,76524,12254026d75e8396bd74b95f0cd96554061f53be2094e27c10068ec5e70f4763
tcn,independent_rms,202,bandpass_n20003_cLA_V6_covariance_s15,phase2/results/predictions/full/independent_rms/tcn/seed_202/bandpass_n20003_cLA_V6_covariance_s15.npz,76516,f56878268814d305f8f4f2b192d98cf2cd40d48c76ffcedc78510bd3d62a1da6
tcn,independent_rms,202,bandpass_n20003_cLA_V6_covariance_s10,phase2/results/predictions/full/independent_rms/tcn/seed_202/bandpass_n20003_cLA_V6_covariance_s10.npz,76474,2d1bb88790c03a3600fcce4e763f9679171a1e2d3e115180dbed4a7455c7e3ca
tcn,independent_rms,202,bandpass_n20003_cLA_V6_covariance_s5,phase2/results/predictions/full/independent_rms/tcn/seed_202/bandpass_n20003_cLA_V6_covariance_s5.npz,76291,abeed0bf60a3dd265e49a2f26f776e60093481e614d428db6ff6405be2c294dd
tcn,independent_rms,202,bandpass_n20003_cLA_V6_covariance_s0,phase2/results/predictions/full/independent_rms/tcn/seed_202/bandpass_n20003_cLA_V6_covariance_s0.npz,75881,a401c2659f5f3e7e46ea713f4bf8e18dd0c5731f73985e391ccf2b3151299380
tcn,independent_rms,202,bandpass_n20003_cLL_V4_independent_rms_s20,phase2/results/predictions/full/independent_rms/tcn/seed_202/bandpass_n20003_cLL_V4_independent_rms_s20.npz,76487,6acd6b9ca58c5eb7b70211c531df68b3255e7181de2ee9a3eda347b0cee178ea
tcn,independent_rms,202,bandpass_n20003_cLL_V4_independent_rms_s15,phase2/results/predictions/full/independent_rms/tcn/seed_202/bandpass_n20003_cLL_V4_independent_rms_s15.npz,76550,1afa3e0e7f4b2e18048a8a7a6185de1485ce958ae6ef8a35d3214bcb4979434d
tcn,independent_rms,202,bandpass_n20003_cLL_V4_independent_rms_s10,phase2/results/predictions/full/independent_rms/tcn/seed_202/bandpass_n20003_cLL_V4_independent_rms_s10.npz,76519,341294e7465121eff5056e97abaad4c75dfd6fafe912ece03c332b52196caf29
tcn,independent_rms,202,bandpass_n20003_cLL_V4_independent_rms_s5,phase2/results/predictions/full/independent_rms/tcn/seed_202/bandpass_n20003_cLL_V4_independent_rms_s5.npz,76419,7fae21d2cc91e41c808ac03fdaef4858b42bb56ada5fce2d460d54d1f5cb926e
tcn,independent_rms,202,bandpass_n20003_cLL_V4_independent_rms_s0,phase2/results/predictions/full/independent_rms/tcn/seed_202/bandpass_n20003_cLL_V4_independent_rms_s0.npz,76128,5439be00461b2287981daa660793e429538e635da5141e1d8dd73939919c349a
tcn,independent_rms,202,bandpass_n20003_cLL_V4_electrode_s20,phase2/results/predictions/full/independent_rms/tcn/seed_202/bandpass_n20003_cLL_V4_electrode_s20.npz,76505,614e591e43dc70a2abe21d71ccd6fd6059b610142790dc9201d2463f1e047631
tcn,independent_rms,202,bandpass_n20003_cLL_V4_electrode_s15,phase2/results/predictions/full/independent_rms/tcn/seed_202/bandpass_n20003_cLL_V4_electrode_s15.npz,76519,ea0110c2725af720e9f82fb4b17a4902c04e5b1c572a8d59036bfe2af219286b
tcn,independent_rms,202,bandpass_n20003_cLL_V4_electrode_s10,phase2/results/predictions/full/independent_rms/tcn/seed_202/bandpass_n20003_cLL_V4_electrode_s10.npz,76479,b8fa037e8c8c13fdbf662552a996f2929159e32d67464ed79f32fe1eb9c1f8b1
tcn,independent_rms,202,bandpass_n20003_cLL_V4_electrode_s5,phase2/results/predictions/full/independent_rms/tcn/seed_202/bandpass_n20003_cLL_V4_electrode_s5.npz,76241,99c51649af8994206b9251d1225c4d4a81da98982e817a73eb1c2ba638a9177b
tcn,independent_rms,202,bandpass_n20003_cLL_V4_electrode_s0,phase2/results/predictions/full/independent_rms/tcn/seed_202/bandpass_n20003_cLL_V4_electrode_s0.npz,75928,474c78b1a32ffa6978d460844772a1cb361d97aec664eb235c322feb552f3caf
tcn,independent_rms,202,bandpass_n20003_cLL_V4_covariance_s20,phase2/results/predictions/full/independent_rms/tcn/seed_202/bandpass_n20003_cLL_V4_covariance_s20.npz,76497,9e9db914818cfe1020925d96f1d957552226ed937f76947038719e0d0ad9d658
tcn,independent_rms,202,bandpass_n20003_cLL_V4_covariance_s15,phase2/results/predictions/full/independent_rms/tcn/seed_202/bandpass_n20003_cLL_V4_covariance_s15.npz,76501,6254467e32455bed04bbfa9b8e98f39151e8c7ac9149542ce404689c98129e0f
tcn,independent_rms,202,bandpass_n20003_cLL_V4_covariance_s10,phase2/results/predictions/full/independent_rms/tcn/seed_202/bandpass_n20003_cLL_V4_covariance_s10.npz,76472,acabd948bd4f662c48e3b25c699ae640925a291f3dd00731e7f6f265195ec4ff
tcn,independent_rms,202,bandpass_n20003_cLL_V4_covariance_s5,phase2/results/predictions/full/independent_rms/tcn/seed_202/bandpass_n20003_cLL_V4_covariance_s5.npz,76249,3ad083395b07e847c9c45ae2ea6765f143c5cfa8d92401351512669cc0455f8e
tcn,independent_rms,202,bandpass_n20003_cLL_V4_covariance_s0,phase2/results/predictions/full/independent_rms/tcn/seed_202/bandpass_n20003_cLL_V4_covariance_s0.npz,75927,3d772aeeaf7d233fa328ea40089ce26dbe12f0a0aa9b36c7995c087ff7867a31
tcn,independent_rms,202,bandpass_n20003_cRA_LA_V1_V6_independent_rms_s20,phase2/results/predictions/full/independent_rms/tcn/seed_202/bandpass_n20003_cRA_LA_V1_V6_independent_rms_s20.npz,76523,04f0604c8aa83ab567a3e1ed1e232e8a044e317a908f460d4adb2a1b419707eb
tcn,independent_rms,202,bandpass_n20003_cRA_LA_V1_V6_independent_rms_s15,phase2/results/predictions/full/independent_rms/tcn/seed_202/bandpass_n20003_cRA_LA_V1_V6_independent_rms_s15.npz,76523,70925e59df02a407e42b4fcbd4cc55362b5c7293859c602ace6b313b4d8a3807
tcn,independent_rms,202,bandpass_n20003_cRA_LA_V1_V6_independent_rms_s10,phase2/results/predictions/full/independent_rms/tcn/seed_202/bandpass_n20003_cRA_LA_V1_V6_independent_rms_s10.npz,76516,ba3f4ae628ca6c3eff801b9691a43ce9c32bebd5b8713859e23c365c3204405a
tcn,independent_rms,202,bandpass_n20003_cRA_LA_V1_V6_independent_rms_s5,phase2/results/predictions/full/independent_rms/tcn/seed_202/bandpass_n20003_cRA_LA_V1_V6_independent_rms_s5.npz,76475,e69a1df51beee0dcdc24509daabbbcf2f29dfb7a213082a5d034a6cefbac8e2c
tcn,independent_rms,202,bandpass_n20003_cRA_LA_V1_V6_independent_rms_s0,phase2/results/predictions/full/independent_rms/tcn/seed_202/bandpass_n20003_cRA_LA_V1_V6_independent_rms_s0.npz,76215,3d0c1141c660747dd3a18940328f1de84974530e2b4736cc6610f421e3a2f9be
tcn,independent_rms,202,bandpass_n20003_cRA_LA_V1_V6_electrode_s20,phase2/results/predictions/full/independent_rms/tcn/seed_202/bandpass_n20003_cRA_LA_V1_V6_electrode_s20.npz,76520,969e36604572a47a685956e7b5ec539eb3ac6ecfc68ac7aea81d644d8956975f
tcn,independent_rms,202,bandpass_n20003_cRA_LA_V1_V6_electrode_s15,phase2/results/predictions/full/independent_rms/tcn/seed_202/bandpass_n20003_cRA_LA_V1_V6_electrode_s15.npz,76544,2b34b033a16dd391580a29d5a134cb65172d6fb3773d3050478f3b9be84a324b
tcn,independent_rms,202,bandpass_n20003_cRA_LA_V1_V6_electrode_s10,phase2/results/predictions/full/independent_rms/tcn/seed_202/bandpass_n20003_cRA_LA_V1_V6_electrode_s10.npz,76492,ffefb9e2b1ba863f4a86bcfb74bd7cf8c098fe22f9dcd8304414ebc25f7280d9
tcn,independent_rms,202,bandpass_n20003_cRA_LA_V1_V6_electrode_s5,phase2/results/predictions/full/independent_rms/tcn/seed_202/bandpass_n20003_cRA_LA_V1_V6_electrode_s5.npz,76310,0912fa87857165163e406d56023f5c8cd1ddd4b1c838f129f237a561cfb3f7e3
tcn,independent_rms,202,bandpass_n20003_cRA_LA_V1_V6_electrode_s0,phase2/results/predictions/full/independent_rms/tcn/seed_202/bandpass_n20003_cRA_LA_V1_V6_electrode_s0.npz,75924,1c14b49bc88fc7a37185f029c4e50fd518d457ec389ead4c8a42831cde32a725
tcn,independent_rms,202,bandpass_n20003_cRA_LA_V1_V6_covariance_s20,phase2/results/predictions/full/independent_rms/tcn/seed_202/bandpass_n20003_cRA_LA_V1_V6_covariance_s20.npz,76536,eff83c9c0ece60d882460adb9ddff648a7a31341cb5855566f9442dda89cd80e
tcn,independent_rms,202,bandpass_n20003_cRA_LA_V1_V6_covariance_s15,phase2/results/predictions/full/independent_rms/tcn/seed_202/bandpass_n20003_cRA_LA_V1_V6_covariance_s15.npz,76531,ee44cc85540d27c0479e2e1eeca5843ef1ee3087012fdadc65966e9f3cd3594c
tcn,independent_rms,202,bandpass_n20003_cRA_LA_V1_V6_covariance_s10,phase2/results/predictions/full/independent_rms/tcn/seed_202/bandpass_n20003_cRA_LA_V1_V6_covariance_s10.npz,76479,f3307416ee415acdf0e663ed1dbd967d86d42f3e02c85706bbb6d82c60a250fc
tcn,independent_rms,202,bandpass_n20003_cRA_LA_V1_V6_covariance_s5,phase2/results/predictions/full/independent_rms/tcn/seed_202/bandpass_n20003_cRA_LA_V1_V6_covariance_s5.npz,76317,40ef7e1e7f91635fbe374dca772ce4087e461cbbf16c211a0cab09c3c2bcd12d
tcn,independent_rms,202,bandpass_n20003_cRA_LA_V1_V6_covariance_s0,phase2/results/predictions/full/independent_rms/tcn/seed_202/bandpass_n20003_cRA_LA_V1_V6_covariance_s0.npz,75886,9dfa525f69ced449c5a059795a9435c3c0e0bfb37ea1a3a59850025a3c86580a
tcn,independent_rms,202,bandpass_n20003_cRA_V2_V5_independent_rms_s20,phase2/results/predictions/full/independent_rms/tcn/seed_202/bandpass_n20003_cRA_V2_V5_independent_rms_s20.npz,76487,2e79596c42f36d09ba8119921e32363824547f993bf4ff5ce70309da65ec81ab
tcn,independent_rms,202,bandpass_n20003_cRA_V2_V5_independent_rms_s15,phase2/results/predictions/full/independent_rms/tcn/seed_202/bandpass_n20003_cRA_V2_V5_independent_rms_s15.npz,76541,d52dde7cb0abbbab64626365be7d40b1710a0e5b2dd8c642bface0e56a401b29
tcn,independent_rms,202,bandpass_n20003_cRA_V2_V5_independent_rms_s10,phase2/results/predictions/full/independent_rms/tcn/seed_202/bandpass_n20003_cRA_V2_V5_independent_rms_s10.npz,76536,1f6408012294b3287b707128aeaa3974320370a1ffd8353f235eb7e9203e5623
tcn,independent_rms,202,bandpass_n20003_cRA_V2_V5_independent_rms_s5,phase2/results/predictions/full/independent_rms/tcn/seed_202/bandpass_n20003_cRA_V2_V5_independent_rms_s5.npz,76466,c5b5207083d13f1b8ef6dc55944ddfb5b688bbb68c163f4df1bb7d767e31e717
tcn,independent_rms,202,bandpass_n20003_cRA_V2_V5_independent_rms_s0,phase2/results/predictions/full/independent_rms/tcn/seed_202/bandpass_n20003_cRA_V2_V5_independent_rms_s0.npz,76221,3235e84bf4823aa3cf68adb69d954376a6c024bb65dcb53e011e4a21c0aa96c0
tcn,independent_rms,202,bandpass_n20003_cRA_V2_V5_electrode_s20,phase2/results/predictions/full/independent_rms/tcn/seed_202/bandpass_n20003_cRA_V2_V5_electrode_s20.npz,76520,ea90ae99106f9ad066265fbfe541e3404b399ce6aa1a4520a0a9eb586ad09e9e
tcn,independent_rms,202,bandpass_n20003_cRA_V2_V5_electrode_s15,phase2/results/predictions/full/independent_rms/tcn/seed_202/bandpass_n20003_cRA_V2_V5_electrode_s15.npz,76515,d4791af01788be6e83285629af6b7e035b4100a40748c54e9caa9f794ea8d517
tcn,independent_rms,202,bandpass_n20003_cRA_V2_V5_electrode_s10,phase2/results/predictions/full/independent_rms/tcn/seed_202/bandpass_n20003_cRA_V2_V5_electrode_s10.npz,76545,b568fed2b95c14846f8f5520b45bbf766aa8e0f46adddec5c8c30587bb691fa7
tcn,independent_rms,202,bandpass_n20003_cRA_V2_V5_electrode_s5,phase2/results/predictions/full/independent_rms/tcn/seed_202/bandpass_n20003_cRA_V2_V5_electrode_s5.npz,76362,9a4e1c18f4cacf16691522144ed912083d731e97aa15037838f12a525d0ca278
tcn,independent_rms,202,bandpass_n20003_cRA_V2_V5_electrode_s0,phase2/results/predictions/full/independent_rms/tcn/seed_202/bandpass_n20003_cRA_V2_V5_electrode_s0.npz,76100,989192657656bdf92aec8d7f36f26d5b6df865f5bb2ee0cddf6c77ee0144ba28
tcn,independent_rms,202,bandpass_n20003_cRA_V2_V5_covariance_s20,phase2/results/predictions/full/independent_rms/tcn/seed_202/bandpass_n20003_cRA_V2_V5_covariance_s20.npz,76497,59596e7f9a1e109775007e80e1ac385c3848067d92cf427d551878261f8fdad5
tcn,independent_rms,202,bandpass_n20003_cRA_V2_V5_covariance_s15,phase2/results/predictions/full/independent_rms/tcn/seed_202/bandpass_n20003_cRA_V2_V5_covariance_s15.npz,76524,57130f70f9be3b11c9c6baf18a0df5aef506cacf339b7642b01352f1768ba2b6
tcn,independent_rms,202,bandpass_n20003_cRA_V2_V5_covariance_s10,phase2/results/predictions/full/independent_rms/tcn/seed_202/bandpass_n20003_cRA_V2_V5_covariance_s10.npz,76506,c2803a7b609be254f8daee4ba703b5375ff699e7f74f594bb39eb1f889c6d9c3
tcn,independent_rms,202,bandpass_n20003_cRA_V2_V5_covariance_s5,phase2/results/predictions/full/independent_rms/tcn/seed_202/bandpass_n20003_cRA_V2_V5_covariance_s5.npz,76374,b0c38537df915973c390b77dfd35583cccfe3e8c4a6b4bb455673a0099dcd1eb
tcn,independent_rms,202,bandpass_n20003_cRA_V2_V5_covariance_s0,phase2/results/predictions/full/independent_rms/tcn/seed_202/bandpass_n20003_cRA_V2_V5_covariance_s0.npz,76076,cf1ccfd414c2e896d65a4e41b0dc25d68d06d55ac68ef1389693d75b8d234261
tcn,independent_rms,202,bandpass_n20003_cLA_V3_V6_independent_rms_s20,phase2/results/predictions/full/independent_rms/tcn/seed_202/bandpass_n20003_cLA_V3_V6_independent_rms_s20.npz,76556,5c243334ac3ef11fe1f55d53a46b0734dcdc97c53e495ab5b5adb7a3feba9050
tcn,independent_rms,202,bandpass_n20003_cLA_V3_V6_independent_rms_s15,phase2/results/predictions/full/independent_rms/tcn/seed_202/bandpass_n20003_cLA_V3_V6_independent_rms_s15.npz,76514,f353a9490023896ec3b348e41dbc91e807bf0cafd0a904a61f1c7d94e26192e3
tcn,independent_rms,202,bandpass_n20003_cLA_V3_V6_independent_rms_s10,phase2/results/predictions/full/independent_rms/tcn/seed_202/bandpass_n20003_cLA_V3_V6_independent_rms_s10.npz,76565,f2fb1982664d43b3d4547034815e8eacf31a1711657f577eb187070dc2d7a902
tcn,independent_rms,202,bandpass_n20003_cLA_V3_V6_independent_rms_s5,phase2/results/predictions/full/independent_rms/tcn/seed_202/bandpass_n20003_cLA_V3_V6_independent_rms_s5.npz,76473,4e25a3e6d243c3f641da1f88bb05ceb926ccba9fc00d6925ee4058c8bd3d1508
tcn,independent_rms,202,bandpass_n20003_cLA_V3_V6_independent_rms_s0,phase2/results/predictions/full/independent_rms/tcn/seed_202/bandpass_n20003_cLA_V3_V6_independent_rms_s0.npz,76266,b05664ce0f30787dca5199dac93f8078f0dd5bb823d1b5c4128e6056269c5823
tcn,independent_rms,202,bandpass_n20003_cLA_V3_V6_electrode_s20,phase2/results/predictions/full/independent_rms/tcn/seed_202/bandpass_n20003_cLA_V3_V6_electrode_s20.npz,76493,2389618cd4ba6ba60f13720c6de49f7d9dc4fc9e6a5c574a4629ce37b73dfb98
tcn,independent_rms,202,bandpass_n20003_cLA_V3_V6_electrode_s15,phase2/results/predictions/full/independent_rms/tcn/seed_202/bandpass_n20003_cLA_V3_V6_electrode_s15.npz,76545,55ccc633b30f8e0edc606107c5b77a0ff8035bd5398ef9c1c76bd8a80657dc5a
tcn,independent_rms,202,bandpass_n20003_cLA_V3_V6_electrode_s10,phase2/results/predictions/full/independent_rms/tcn/seed_202/bandpass_n20003_cLA_V3_V6_electrode_s10.npz,76519,5de61eb9a76c03b9688e832b937c56ae76ef054c8f30db48b47f1bf5cdf47cac
tcn,independent_rms,202,bandpass_n20003_cLA_V3_V6_electrode_s5,phase2/results/predictions/full/independent_rms/tcn/seed_202/bandpass_n20003_cLA_V3_V6_electrode_s5.npz,76341,d794cb4dff8aa5cf2da097a586db26688b292f9e80cca1f4c33918ca0d7ef124
tcn,independent_rms,202,bandpass_n20003_cLA_V3_V6_electrode_s0,phase2/results/predictions/full/independent_rms/tcn/seed_202/bandpass_n20003_cLA_V3_V6_electrode_s0.npz,75957,cfec81c1e34dafa8110926ec5f5b88e323153574340683518e47d6d26079f474
tcn,independent_rms,202,bandpass_n20003_cLA_V3_V6_covariance_s20,phase2/results/predictions/full/independent_rms/tcn/seed_202/bandpass_n20003_cLA_V3_V6_covariance_s20.npz,76495,954b046f89a2f7d3af6c838ddd741beb441080f6bae5cf97b18ec1988fbdee72
tcn,independent_rms,202,bandpass_n20003_cLA_V3_V6_covariance_s15,phase2/results/predictions/full/independent_rms/tcn/seed_202/bandpass_n20003_cLA_V3_V6_covariance_s15.npz,76548,16b7cd5181aae1fe6005dbad0e17736b1f325ead1c648e286d4bf9de55b69a29
tcn,independent_rms,202,bandpass_n20003_cLA_V3_V6_covariance_s10,phase2/results/predictions/full/independent_rms/tcn/seed_202/bandpass_n20003_cLA_V3_V6_covariance_s10.npz,76477,479b8450bd20b1fb9064d053f601f0e31768d5427ccbc03df5a6b2c9ec83524c
tcn,independent_rms,202,bandpass_n20003_cLA_V3_V6_covariance_s5,phase2/results/predictions/full/independent_rms/tcn/seed_202/bandpass_n20003_cLA_V3_V6_covariance_s5.npz,76323,566376c4e0943ad7fca2368dc3be507f61759f88564e8f4036f0635181d2e1d4
tcn,independent_rms,202,bandpass_n20003_cLA_V3_V6_covariance_s0,phase2/results/predictions/full/independent_rms/tcn/seed_202/bandpass_n20003_cLA_V3_V6_covariance_s0.npz,75955,1adba5b977782fcb6bd68a956c79c92d41cacac9ed2d220a044ebb3bda421902
tcn,independent_rms,202,bandpass_n20003_cLL_V1_V4_independent_rms_s20,phase2/results/predictions/full/independent_rms/tcn/seed_202/bandpass_n20003_cLL_V1_V4_independent_rms_s20.npz,76537,93b290a7ff22785d38ef2923c35cd2b7821cd079678a1e2dcdfa8dfcd98cbfc2
tcn,independent_rms,202,bandpass_n20003_cLL_V1_V4_independent_rms_s15,phase2/results/predictions/full/independent_rms/tcn/seed_202/bandpass_n20003_cLL_V1_V4_independent_rms_s15.npz,76504,50d1484666009012f2c1732707cd56d55428b4f4cde4bfc5a4d730b354954ee6
tcn,independent_rms,202,bandpass_n20003_cLL_V1_V4_independent_rms_s10,phase2/results/predictions/full/independent_rms/tcn/seed_202/bandpass_n20003_cLL_V1_V4_independent_rms_s10.npz,76508,d8f8d0fb2a6d8db1907a3342a95489478d3831a0aac389f974ce2acbc352e192
tcn,independent_rms,202,bandpass_n20003_cLL_V1_V4_independent_rms_s5,phase2/results/predictions/full/independent_rms/tcn/seed_202/bandpass_n20003_cLL_V1_V4_independent_rms_s5.npz,76417,7af6af2c90fe941506cb0e0ff9c730eec3685492477b111787abaed061b181a3
tcn,independent_rms,202,bandpass_n20003_cLL_V1_V4_independent_rms_s0,phase2/results/predictions/full/independent_rms/tcn/seed_202/bandpass_n20003_cLL_V1_V4_independent_rms_s0.npz,76097,546947856520eb32c193aa59a17414e9aa552750b21474d3a397528c7ffe62e0
tcn,independent_rms,202,bandpass_n20003_cLL_V1_V4_electrode_s20,phase2/results/predictions/full/independent_rms/tcn/seed_202/bandpass_n20003_cLL_V1_V4_electrode_s20.npz,76494,58b4583abcdf12a2b6813f1e6dfaaf2aa1f3651b72a3334c6df4c773fdebde93
tcn,independent_rms,202,bandpass_n20003_cLL_V1_V4_electrode_s15,phase2/results/predictions/full/independent_rms/tcn/seed_202/bandpass_n20003_cLL_V1_V4_electrode_s15.npz,76514,499eff2b66e142eacef285b774edfb918890719c646f70e5534d56b01cfb6a94
tcn,independent_rms,202,bandpass_n20003_cLL_V1_V4_electrode_s10,phase2/results/predictions/full/independent_rms/tcn/seed_202/bandpass_n20003_cLL_V1_V4_electrode_s10.npz,76499,f5581e1be89eb10af1415eb3f9a0e68799f4a5685374deeaa63544f2a73f0e80
tcn,independent_rms,202,bandpass_n20003_cLL_V1_V4_electrode_s5,phase2/results/predictions/full/independent_rms/tcn/seed_202/bandpass_n20003_cLL_V1_V4_electrode_s5.npz,76288,a1424a6e757d43f6ea8a57041eaeac4d2aeedc5697eda5f572d09e51d951849c
tcn,independent_rms,202,bandpass_n20003_cLL_V1_V4_electrode_s0,phase2/results/predictions/full/independent_rms/tcn/seed_202/bandpass_n20003_cLL_V1_V4_electrode_s0.npz,75916,2dda74997e9fad3310043afd5752f15eb7e11dba51ca1f3092597f46db900718
tcn,independent_rms,202,bandpass_n20003_cLL_V1_V4_covariance_s20,phase2/results/predictions/full/independent_rms/tcn/seed_202/bandpass_n20003_cLL_V1_V4_covariance_s20.npz,76523,bcdc165cfa56fdfd317493ac532046a08ff5bd913bb8638e230e0c6b8c8215b0
tcn,independent_rms,202,bandpass_n20003_cLL_V1_V4_covariance_s15,phase2/results/predictions/full/independent_rms/tcn/seed_202/bandpass_n20003_cLL_V1_V4_covariance_s15.npz,76522,726106941c2b6801e5e35c93f4a195ad8571e368935967eb20aca80c6b03cd3e
tcn,independent_rms,202,bandpass_n20003_cLL_V1_V4_covariance_s10,phase2/results/predictions/full/independent_rms/tcn/seed_202/bandpass_n20003_cLL_V1_V4_covariance_s10.npz,76496,6287b5d52f04c9cb746b58b5030ee303a3ebb4c42ff7cf28413e70a004c72723
tcn,independent_rms,202,bandpass_n20003_cLL_V1_V4_covariance_s5,phase2/results/predictions/full/independent_rms/tcn/seed_202/bandpass_n20003_cLL_V1_V4_covariance_s5.npz,76230,c9bf731e401b0aa4035bcb54e6bc0c26aa6dbf1c0d617b105d10670f7a92fe6a
tcn,independent_rms,202,bandpass_n20003_cLL_V1_V4_covariance_s0,phase2/results/predictions/full/independent_rms/tcn/seed_202/bandpass_n20003_cLL_V1_V4_covariance_s0.npz,75930,0701b4d2960105b39401210521216ff851849039b7a03843072d80d16274b664
tcn,independent_rms,202,bandpass_n20003_call_independent_rms_s20,phase2/results/predictions/full/independent_rms/tcn/seed_202/bandpass_n20003_call_independent_rms_s20.npz,76501,d0c7ea59833f8b80a3c12bcb90438eaab7579709c7de097d708660d565c556d1
tcn,independent_rms,202,bandpass_n20003_call_independent_rms_s15,phase2/results/predictions/full/independent_rms/tcn/seed_202/bandpass_n20003_call_independent_rms_s15.npz,76518,20f66cc7ed5d874b2c8e2576fd408238c6842f0b5becaca9ad8ed89adedb2519
tcn,independent_rms,202,bandpass_n20003_call_independent_rms_s10,phase2/results/predictions/full/independent_rms/tcn/seed_202/bandpass_n20003_call_independent_rms_s10.npz,76482,38666c31102b9be3ad1923a23b6a07be679baafb4b0d92ba49180de33df43f56
tcn,independent_rms,202,bandpass_n20003_call_independent_rms_s5,phase2/results/predictions/full/independent_rms/tcn/seed_202/bandpass_n20003_call_independent_rms_s5.npz,76408,21610bf09923ce65a111dcedc55b17529a11a05a468ef96c44b39d896339c20e
tcn,independent_rms,202,bandpass_n20003_call_independent_rms_s0,phase2/results/predictions/full/independent_rms/tcn/seed_202/bandpass_n20003_call_independent_rms_s0.npz,76174,5ec84421fc3b2d44db9b69bdac63fad1386af959fc023648dc710602171f75d2
tcn,independent_rms,202,bandpass_n20003_call_electrode_s20,phase2/results/predictions/full/independent_rms/tcn/seed_202/bandpass_n20003_call_electrode_s20.npz,76490,02b16490754d7084f596fc68fc56040b289fac5e4dd55563e4ccb91f5233562e
tcn,independent_rms,202,bandpass_n20003_call_electrode_s15,phase2/results/predictions/full/independent_rms/tcn/seed_202/bandpass_n20003_call_electrode_s15.npz,76502,d00fdf31cfad66b70bd513f839f4f9f15033c54750e3123bc8f502dcfb7a894d
tcn,independent_rms,202,bandpass_n20003_call_electrode_s10,phase2/results/predictions/full/independent_rms/tcn/seed_202/bandpass_n20003_call_electrode_s10.npz,76460,e3ec19f9923488b309ed45d593c6449d29c691a99c6a5bed8587778886d0bfb7
tcn,independent_rms,202,bandpass_n20003_call_electrode_s5,phase2/results/predictions/full/independent_rms/tcn/seed_202/bandpass_n20003_call_electrode_s5.npz,76260,210899ab89071b608644c62983874af9566455ac582f542b4f5e65528ccac717
tcn,independent_rms,202,bandpass_n20003_call_electrode_s0,phase2/results/predictions/full/independent_rms/tcn/seed_202/bandpass_n20003_call_electrode_s0.npz,75851,6508ea324c64b5e2e2cca0bcc75a5d9520b30b11dd3bebee6c4526f7c06b394d
tcn,independent_rms,202,bandpass_n20003_call_covariance_s20,phase2/results/predictions/full/independent_rms/tcn/seed_202/bandpass_n20003_call_covariance_s20.npz,76506,0f4702a1235100a3ddf2820f0905cf9dc963250c7df4ca0574c65aa988228ec3
tcn,independent_rms,202,bandpass_n20003_call_covariance_s15,phase2/results/predictions/full/independent_rms/tcn/seed_202/bandpass_n20003_call_covariance_s15.npz,76482,93cafbc906b7d82358a2acab95932a7b3c0643e7b14a390d127db0efa736acfd
tcn,independent_rms,202,bandpass_n20003_call_covariance_s10,phase2/results/predictions/full/independent_rms/tcn/seed_202/bandpass_n20003_call_covariance_s10.npz,76441,096f520496950d9723cb12269c7570521e786a71c39dce7117c3408759481cfe
tcn,independent_rms,202,bandpass_n20003_call_covariance_s5,phase2/results/predictions/full/independent_rms/tcn/seed_202/bandpass_n20003_call_covariance_s5.npz,76278,507892e8abbb8b59c86e1721a99a0613b8531d3bf55ed84f8aeeb537cd36655c
tcn,independent_rms,202,bandpass_n20003_call_covariance_s0,phase2/results/predictions/full/independent_rms/tcn/seed_202/bandpass_n20003_call_covariance_s0.npz,75865,3dcdeac7259524aedab85d3048b76137eb71f1dabb191fbbed0ae461be962b4b
tcn,independent_rms,202,bandpass_n20004_cRA_LA_LL_independent_rms_s20,phase2/results/predictions/full/independent_rms/tcn/seed_202/bandpass_n20004_cRA_LA_LL_independent_rms_s20.npz,76518,99b3b7858c7bf4043ab77028573979a8c1bb30966286b90d483f0ed4643b4601
tcn,independent_rms,202,bandpass_n20004_cRA_LA_LL_independent_rms_s15,phase2/results/predictions/full/independent_rms/tcn/seed_202/bandpass_n20004_cRA_LA_LL_independent_rms_s15.npz,76540,cc8833c650b591dc5435e46a3b36d7cc83c2ed6d7e7a92d9ec768022b30d2986
tcn,independent_rms,202,bandpass_n20004_cRA_LA_LL_independent_rms_s10,phase2/results/predictions/full/independent_rms/tcn/seed_202/bandpass_n20004_cRA_LA_LL_independent_rms_s10.npz,76513,10f6021754bc1a6b3c8f0838bcc80dfb0fa355d89d24086461b78c0fdcb7e90a
tcn,independent_rms,202,bandpass_n20004_cRA_LA_LL_independent_rms_s5,phase2/results/predictions/full/independent_rms/tcn/seed_202/bandpass_n20004_cRA_LA_LL_independent_rms_s5.npz,76412,4afadfaa01db050b5e2e2d57a469b2b44023b3b889697512a48eb735ba8a2d71
tcn,independent_rms,202,bandpass_n20004_cRA_LA_LL_independent_rms_s0,phase2/results/predictions/full/independent_rms/tcn/seed_202/bandpass_n20004_cRA_LA_LL_independent_rms_s0.npz,76152,bfe89a374958a7a7c406d273155656bf5ac4b40131d87f389dbd8c4faf71c5d8
tcn,independent_rms,202,bandpass_n20004_cRA_LA_LL_electrode_s20,phase2/results/predictions/full/independent_rms/tcn/seed_202/bandpass_n20004_cRA_LA_LL_electrode_s20.npz,76500,5eda0be73af3a76e8a6e15a5e04dda941808396a163cb11af4fc133c0a383278
tcn,independent_rms,202,bandpass_n20004_cRA_LA_LL_electrode_s15,phase2/results/predictions/full/independent_rms/tcn/seed_202/bandpass_n20004_cRA_LA_LL_electrode_s15.npz,76501,bd4202039b1a5dbb7dd09897b63337bed41944cc3359ae9b057ac0813a796802
tcn,independent_rms,202,bandpass_n20004_cRA_LA_LL_electrode_s10,phase2/results/predictions/full/independent_rms/tcn/seed_202/bandpass_n20004_cRA_LA_LL_electrode_s10.npz,76438,89e652a5d68eff7e8093f82964af33bb4559abb801979ffabc8f259abb499d66
tcn,independent_rms,202,bandpass_n20004_cRA_LA_LL_electrode_s5,phase2/results/predictions/full/independent_rms/tcn/seed_202/bandpass_n20004_cRA_LA_LL_electrode_s5.npz,76240,3418740fb08568257b0f1e859b30ab8f1445bc849c7b60a18f178375cafe4bda
tcn,independent_rms,202,bandpass_n20004_cRA_LA_LL_electrode_s0,phase2/results/predictions/full/independent_rms/tcn/seed_202/bandpass_n20004_cRA_LA_LL_electrode_s0.npz,75798,aa4987259b3b4aeeab2714ecd1bd9a3b50bbb7c8e11bc12362da54b81dd6d7e2
tcn,independent_rms,202,bandpass_n20004_cRA_LA_LL_covariance_s20,phase2/results/predictions/full/independent_rms/tcn/seed_202/bandpass_n20004_cRA_LA_LL_covariance_s20.npz,76518,536cdbacad6a0241b414d6fe746fb66eb51ae6b5341837680138b9adf824ec0a
tcn,independent_rms,202,bandpass_n20004_cRA_LA_LL_covariance_s15,phase2/results/predictions/full/independent_rms/tcn/seed_202/bandpass_n20004_cRA_LA_LL_covariance_s15.npz,76510,c4aa509e9fed59e531186a1c6322bc55d9c0805b41f67acbffaf293bd41869f3
tcn,independent_rms,202,bandpass_n20004_cRA_LA_LL_covariance_s10,phase2/results/predictions/full/independent_rms/tcn/seed_202/bandpass_n20004_cRA_LA_LL_covariance_s10.npz,76449,3ee3e4e089c794332821d7aff5a3ea103fa17e9a86d7bbe5f1a2c511a7951b70
tcn,independent_rms,202,bandpass_n20004_cRA_LA_LL_covariance_s5,phase2/results/predictions/full/independent_rms/tcn/seed_202/bandpass_n20004_cRA_LA_LL_covariance_s5.npz,76228,574e3cecfdee9fd4219a691d0459dd000844bd95f3e5bc13baad084b2aac5386
tcn,independent_rms,202,bandpass_n20004_cRA_LA_LL_covariance_s0,phase2/results/predictions/full/independent_rms/tcn/seed_202/bandpass_n20004_cRA_LA_LL_covariance_s0.npz,75767,fc4730b23b40ea26aaa2a89897bf795889261dacfe522fb99b0d2a4ffa7c1dd7
tcn,independent_rms,202,bandpass_n20004_cV1_independent_rms_s20,phase2/results/predictions/full/independent_rms/tcn/seed_202/bandpass_n20004_cV1_independent_rms_s20.npz,76524,8780dc68c599b64303fc3c6fe652b2609e47e87ec603663128907290335fa679
tcn,independent_rms,202,bandpass_n20004_cV1_independent_rms_s15,phase2/results/predictions/full/independent_rms/tcn/seed_202/bandpass_n20004_cV1_independent_rms_s15.npz,76548,4b88e58f9b27922b339ee50f6e25182f4a15cba32918b3d0bd27999926c47b6a
tcn,independent_rms,202,bandpass_n20004_cV1_independent_rms_s10,phase2/results/predictions/full/independent_rms/tcn/seed_202/bandpass_n20004_cV1_independent_rms_s10.npz,76517,525152f44c3ec16649e13d1c60ea0608e5ce73dc8f836aea3dd996d1bd98cc5e
tcn,independent_rms,202,bandpass_n20004_cV1_independent_rms_s5,phase2/results/predictions/full/independent_rms/tcn/seed_202/bandpass_n20004_cV1_independent_rms_s5.npz,76363,51acaebd2a7d381b285560fb27487e63d1c879754c633b1ce931439b5d5e0128
tcn,independent_rms,202,bandpass_n20004_cV1_independent_rms_s0,phase2/results/predictions/full/independent_rms/tcn/seed_202/bandpass_n20004_cV1_independent_rms_s0.npz,76037,d56a18f84f7f70ca3bdbd4294b8ebe0a801881b14f950e53a2c4d0b7674fe3ec
tcn,independent_rms,202,bandpass_n20004_cV1_electrode_s20,phase2/results/predictions/full/independent_rms/tcn/seed_202/bandpass_n20004_cV1_electrode_s20.npz,76508,5bace62a3c9c84fd41f2f5399637ee3691b09051aca41e00af8ae527a9eecfbe
tcn,independent_rms,202,bandpass_n20004_cV1_electrode_s15,phase2/results/predictions/full/independent_rms/tcn/seed_202/bandpass_n20004_cV1_electrode_s15.npz,76506,68185eaacdcf04825a9f9acefd335f98abb22c31de0a4c3e8392c3ce00ca4a49
tcn,independent_rms,202,bandpass_n20004_cV1_electrode_s10,phase2/results/predictions/full/independent_rms/tcn/seed_202/bandpass_n20004_cV1_electrode_s10.npz,76501,ab74d0e09155e76f5df28d4efd3579bc26e85f18711ca49b6aeb89d324f1ff62
tcn,independent_rms,202,bandpass_n20004_cV1_electrode_s5,phase2/results/predictions/full/independent_rms/tcn/seed_202/bandpass_n20004_cV1_electrode_s5.npz,76359,d9b88a5507828656fe0b445e53d28c4788e818bd93675b72a093012eb7d18054
tcn,independent_rms,202,bandpass_n20004_cV1_electrode_s0,phase2/results/predictions/full/independent_rms/tcn/seed_202/bandpass_n20004_cV1_electrode_s0.npz,76015,bba57ddab8dbc0e97628faacb1a3a39c69d412c0c1632dc4daae4eaa92dd8564
tcn,independent_rms,202,bandpass_n20004_cV1_covariance_s20,phase2/results/predictions/full/independent_rms/tcn/seed_202/bandpass_n20004_cV1_covariance_s20.npz,76492,6b3f1b5deeb95f2435dbb18b0b01f9b6f2f737e7d393803c97172c0b9051771f
tcn,independent_rms,202,bandpass_n20004_cV1_covariance_s15,phase2/results/predictions/full/independent_rms/tcn/seed_202/bandpass_n20004_cV1_covariance_s15.npz,76468,be43d94177a6402756e87b21e2c7869c92421c53039d62ef3b0bfe02edae20a4
tcn,independent_rms,202,bandpass_n20004_cV1_covariance_s10,phase2/results/predictions/full/independent_rms/tcn/seed_202/bandpass_n20004_cV1_covariance_s10.npz,76490,d56b2f632aa99c2a69e0d6acedd07e397025aa3f99b786b2098e505ecfba9f01
tcn,independent_rms,202,bandpass_n20004_cV1_covariance_s5,phase2/results/predictions/full/independent_rms/tcn/seed_202/bandpass_n20004_cV1_covariance_s5.npz,76364,8ba31ed3f699b26bb49959b272e05239a435c6a2764a68217867bf18daf86156
tcn,independent_rms,202,bandpass_n20004_cV1_covariance_s0,phase2/results/predictions/full/independent_rms/tcn/seed_202/bandpass_n20004_cV1_covariance_s0.npz,76003,7c47f69d7c466dc2766c7f33c50b43d05800aa3d245cdca2f274ce18954ad346
tcn,independent_rms,202,bandpass_n20004_cV2_independent_rms_s20,phase2/results/predictions/full/independent_rms/tcn/seed_202/bandpass_n20004_cV2_independent_rms_s20.npz,76490,c3aa76ac8c98aa00def83a71bf2c6bf7373c89d82f09b5a18c1c4972ed49ce53
tcn,independent_rms,202,bandpass_n20004_cV2_independent_rms_s15,phase2/results/predictions/full/independent_rms/tcn/seed_202/bandpass_n20004_cV2_independent_rms_s15.npz,76515,e1bdb29450f4cbfc5ec5bf396d3185f610ec9cdf95f3c001c3df89d6b59bb45a
tcn,independent_rms,202,bandpass_n20004_cV2_independent_rms_s10,phase2/results/predictions/full/independent_rms/tcn/seed_202/bandpass_n20004_cV2_independent_rms_s10.npz,76554,f2909331c77670c2c404ff589351447ce489819b47a16408717b09c0b883fe37
tcn,independent_rms,202,bandpass_n20004_cV2_independent_rms_s5,phase2/results/predictions/full/independent_rms/tcn/seed_202/bandpass_n20004_cV2_independent_rms_s5.npz,76426,fabc81d3a8c799558b305c1782508adf5f9ce92c7d195fbafc6a13fa7ae0a8cc
tcn,independent_rms,202,bandpass_n20004_cV2_independent_rms_s0,phase2/results/predictions/full/independent_rms/tcn/seed_202/bandpass_n20004_cV2_independent_rms_s0.npz,76223,7b8067f82fa3eae2c8a2ebe919f688ff041e89b165c82f852379d5c3a7e8eb5c
tcn,independent_rms,202,bandpass_n20004_cV2_electrode_s20,phase2/results/predictions/full/independent_rms/tcn/seed_202/bandpass_n20004_cV2_electrode_s20.npz,76490,55be8ebd07b2d3d4513cf46b39502676e3bb463b257d00a35e2617d1e4e64e8e
tcn,independent_rms,202,bandpass_n20004_cV2_electrode_s15,phase2/results/predictions/full/independent_rms/tcn/seed_202/bandpass_n20004_cV2_electrode_s15.npz,76497,3860d4804c867e0c778b0c12dc5367ef35fb6cd3074c33122ee364d7b822ea4d
tcn,independent_rms,202,bandpass_n20004_cV2_electrode_s10,phase2/results/predictions/full/independent_rms/tcn/seed_202/bandpass_n20004_cV2_electrode_s10.npz,76487,109a12a852c131ff3ce867ac778795284ddd2a5910739c651e8958e54d5345df
tcn,independent_rms,202,bandpass_n20004_cV2_electrode_s5,phase2/results/predictions/full/independent_rms/tcn/seed_202/bandpass_n20004_cV2_electrode_s5.npz,76432,9d6903b914bd4a49079165ddc99f4a01a09f8317a15420f75310be0609c22e53
tcn,independent_rms,202,bandpass_n20004_cV2_electrode_s0,phase2/results/predictions/full/independent_rms/tcn/seed_202/bandpass_n20004_cV2_electrode_s0.npz,76200,fe0af97a0389aa4fb2c5cb19d480a048dc032f5fbce2d09f07b8229fee5a590f
tcn,independent_rms,202,bandpass_n20004_cV2_covariance_s20,phase2/results/predictions/full/independent_rms/tcn/seed_202/bandpass_n20004_cV2_covariance_s20.npz,76475,f9ea15b5711e42cb470ba912e0d5d81258cc36338e6ff8ff8e193447ff216d76
tcn,independent_rms,202,bandpass_n20004_cV2_covariance_s15,phase2/results/predictions/full/independent_rms/tcn/seed_202/bandpass_n20004_cV2_covariance_s15.npz,76495,15b9c381c6548a0dc9cef3e60c0c67db8a587c2bd03ddadec4ccdaddf0490517
tcn,independent_rms,202,bandpass_n20004_cV2_covariance_s10,phase2/results/predictions/full/independent_rms/tcn/seed_202/bandpass_n20004_cV2_covariance_s10.npz,76500,425b094ac3558652ad121abcc9fd8f719e880ebe2d0f92f29476484cd12d9ac8
tcn,independent_rms,202,bandpass_n20004_cV2_covariance_s5,phase2/results/predictions/full/independent_rms/tcn/seed_202/bandpass_n20004_cV2_covariance_s5.npz,76425,00932cabbb4fb602cac4ab0d5620f02ade1664c5962214980b697e36e60ccda1
tcn,independent_rms,202,bandpass_n20004_cV2_covariance_s0,phase2/results/predictions/full/independent_rms/tcn/seed_202/bandpass_n20004_cV2_covariance_s0.npz,76217,457bc2ffa4816a2ea91cd3e0deb1a8a1faed2682f59737930c58064dd7feb77e
tcn,independent_rms,202,bandpass_n20004_cV3_independent_rms_s20,phase2/results/predictions/full/independent_rms/tcn/seed_202/bandpass_n20004_cV3_independent_rms_s20.npz,76485,0b5a99324fb96b26da11b5e1b360c93120ceb1106e1c9b1219780eeef42b50fd
tcn,independent_rms,202,bandpass_n20004_cV3_independent_rms_s15,phase2/results/predictions/full/independent_rms/tcn/seed_202/bandpass_n20004_cV3_independent_rms_s15.npz,76529,6ea8dc1a0fa49c56cc7910f180b0552c5852a57c39a1fa1e796d5fabceda48c4
tcn,independent_rms,202,bandpass_n20004_cV3_independent_rms_s10,phase2/results/predictions/full/independent_rms/tcn/seed_202/bandpass_n20004_cV3_independent_rms_s10.npz,76546,2a1525161383c029087878ed97f45cd99713bc77a48a26459b04eb5575ae7414
tcn,independent_rms,202,bandpass_n20004_cV3_independent_rms_s5,phase2/results/predictions/full/independent_rms/tcn/seed_202/bandpass_n20004_cV3_independent_rms_s5.npz,76524,5ad07857fff41cb576eed9a01d453063dd3250791ef7c10717b86a4342e9842b
tcn,independent_rms,202,bandpass_n20004_cV3_independent_rms_s0,phase2/results/predictions/full/independent_rms/tcn/seed_202/bandpass_n20004_cV3_independent_rms_s0.npz,76359,7100ee173626868bed042f984b19541750b741058faba48dd6c37910a5734c75
tcn,independent_rms,202,bandpass_n20004_cV3_electrode_s20,phase2/results/predictions/full/independent_rms/tcn/seed_202/bandpass_n20004_cV3_electrode_s20.npz,76482,fca548ab6a3fb26f4b7855a20797af6b406176498d6b6157f46cf16105607246
tcn,independent_rms,202,bandpass_n20004_cV3_electrode_s15,phase2/results/predictions/full/independent_rms/tcn/seed_202/bandpass_n20004_cV3_electrode_s15.npz,76472,6dc5eb2770b27c1ebf85adb7b665b6a12781c68d876f0295e4d5399c80da6b11
tcn,independent_rms,202,bandpass_n20004_cV3_electrode_s10,phase2/results/predictions/full/independent_rms/tcn/seed_202/bandpass_n20004_cV3_electrode_s10.npz,76469,fae580e2447d65845924c48e09ef4414cc0a758fa9bf5e184a6d3d26cd1cbe15
tcn,independent_rms,202,bandpass_n20004_cV3_electrode_s5,phase2/results/predictions/full/independent_rms/tcn/seed_202/bandpass_n20004_cV3_electrode_s5.npz,76488,96683bd8c578135144e6e28a4d8f95e26754b308fd75ad4ec81c709f36138390
tcn,independent_rms,202,bandpass_n20004_cV3_electrode_s0,phase2/results/predictions/full/independent_rms/tcn/seed_202/bandpass_n20004_cV3_electrode_s0.npz,76398,ed889e94f825d6faf9582715cc4cb3d78ad691b1fe1011b3f35bfaaa1c077778
tcn,independent_rms,202,bandpass_n20004_cV3_covariance_s20,phase2/results/predictions/full/independent_rms/tcn/seed_202/bandpass_n20004_cV3_covariance_s20.npz,76480,c1a094d289819dc27d8801e382a033aa339e3541d5e04fe0e6b09e8251bc23b9
tcn,independent_rms,202,bandpass_n20004_cV3_covariance_s15,phase2/results/predictions/full/independent_rms/tcn/seed_202/bandpass_n20004_cV3_covariance_s15.npz,76490,2d8317af8a8780806de2b5cdf7fa316d60dba4e49354608db1101c68a0b7c2b6
tcn,independent_rms,202,bandpass_n20004_cV3_covariance_s10,phase2/results/predictions/full/independent_rms/tcn/seed_202/bandpass_n20004_cV3_covariance_s10.npz,76493,193ceed4927032ca583687dce488c0570446328e9b1f7ad2fab15c886b509942
tcn,independent_rms,202,bandpass_n20004_cV3_covariance_s5,phase2/results/predictions/full/independent_rms/tcn/seed_202/bandpass_n20004_cV3_covariance_s5.npz,76481,d9444a5b127b651c6d5907e6eeb5552970390ed4b208a7bb38bd5925f41ff4af
tcn,independent_rms,202,bandpass_n20004_cV3_covariance_s0,phase2/results/predictions/full/independent_rms/tcn/seed_202/bandpass_n20004_cV3_covariance_s0.npz,76377,a9c278e8a99c52dd9c4f61e57c45debeb46a171ccde86a2b88b77e3df8dc1412
tcn,independent_rms,202,bandpass_n20004_cV4_independent_rms_s20,phase2/results/predictions/full/independent_rms/tcn/seed_202/bandpass_n20004_cV4_independent_rms_s20.npz,76495,b29f77da029d291513ee5e9cf78b2346bff250842320ff5080d45e6e7267b51f
tcn,independent_rms,202,bandpass_n20004_cV4_independent_rms_s15,phase2/results/predictions/full/independent_rms/tcn/seed_202/bandpass_n20004_cV4_independent_rms_s15.npz,76491,fd30d9ac582b1a4ad54fbd58ae0cf5d272b3bfb7299581178fed986a2aaad9a8
tcn,independent_rms,202,bandpass_n20004_cV4_independent_rms_s10,phase2/results/predictions/full/independent_rms/tcn/seed_202/bandpass_n20004_cV4_independent_rms_s10.npz,76542,317528bf6ff4610b6ad33738713a5d68aa70b863439b47dff127f255aac0058b
tcn,independent_rms,202,bandpass_n20004_cV4_independent_rms_s5,phase2/results/predictions/full/independent_rms/tcn/seed_202/bandpass_n20004_cV4_independent_rms_s5.npz,76461,1d62412a1a00a076704d52e04eb169585b3b33bf973639d0c0fa4842c77823f7
tcn,independent_rms,202,bandpass_n20004_cV4_independent_rms_s0,phase2/results/predictions/full/independent_rms/tcn/seed_202/bandpass_n20004_cV4_independent_rms_s0.npz,76249,7a7e94d6ef44d16f87fdec8000710aeb54d2a531dc59d6968117bd14761fcc24
tcn,independent_rms,202,bandpass_n20004_cV4_electrode_s20,phase2/results/predictions/full/independent_rms/tcn/seed_202/bandpass_n20004_cV4_electrode_s20.npz,76478,8aed60b2c95d3b7f01163f2f33d581b6d0b1a50a1af61f3c6e1ad612a743e41c
tcn,independent_rms,202,bandpass_n20004_cV4_electrode_s15,phase2/results/predictions/full/independent_rms/tcn/seed_202/bandpass_n20004_cV4_electrode_s15.npz,76524,53149bb41f73f50cefa6d562466c9199aca1de11a96dfa7f133717902590d91c
tcn,independent_rms,202,bandpass_n20004_cV4_electrode_s10,phase2/results/predictions/full/independent_rms/tcn/seed_202/bandpass_n20004_cV4_electrode_s10.npz,76509,e476cbecfba138cfcfea926ad2ce9c2cb9555e2257b855875730fe3de142d8ab
tcn,independent_rms,202,bandpass_n20004_cV4_electrode_s5,phase2/results/predictions/full/independent_rms/tcn/seed_202/bandpass_n20004_cV4_electrode_s5.npz,76490,48dad4d439f03f76bef13a918d11a95768b1333c4e011d5b91a1770857a95c9d
tcn,independent_rms,202,bandpass_n20004_cV4_electrode_s0,phase2/results/predictions/full/independent_rms/tcn/seed_202/bandpass_n20004_cV4_electrode_s0.npz,76297,e4b117a088d0828923e751ffe697e641d2a85ed795da8bae3e22025be99c069a
tcn,independent_rms,202,bandpass_n20004_cV4_covariance_s20,phase2/results/predictions/full/independent_rms/tcn/seed_202/bandpass_n20004_cV4_covariance_s20.npz,76490,712ce05ba38529dd45551214883153291963f35e43e4d0047fb3109cd74ae877
tcn,independent_rms,202,bandpass_n20004_cV4_covariance_s15,phase2/results/predictions/full/independent_rms/tcn/seed_202/bandpass_n20004_cV4_covariance_s15.npz,76509,4c374436273f68b6b4547a8f9b9cb9e3ea9d3999098a8f92e41efa5753192980
tcn,independent_rms,202,bandpass_n20004_cV4_covariance_s10,phase2/results/predictions/full/independent_rms/tcn/seed_202/bandpass_n20004_cV4_covariance_s10.npz,76513,8108cc95f95711478ce6edd0c275aa8f93e4d2012b511741a2d4edc225f7d69b
tcn,independent_rms,202,bandpass_n20004_cV4_covariance_s5,phase2/results/predictions/full/independent_rms/tcn/seed_202/bandpass_n20004_cV4_covariance_s5.npz,76424,f6704d882175ce79db4179a76b9296af4dfb4f862bded710d20fa0129c99010a
tcn,independent_rms,202,bandpass_n20004_cV4_covariance_s0,phase2/results/predictions/full/independent_rms/tcn/seed_202/bandpass_n20004_cV4_covariance_s0.npz,76291,8f9ea162eea1ef34f912d321167c1dac35b084877507b8e2e653bf5530a75bc8
tcn,independent_rms,202,bandpass_n20004_cV5_independent_rms_s20,phase2/results/predictions/full/independent_rms/tcn/seed_202/bandpass_n20004_cV5_independent_rms_s20.npz,76531,b9537d4826b84b9e54538d984155615859ae61940d309edd660830eee6865114
tcn,independent_rms,202,bandpass_n20004_cV5_independent_rms_s15,phase2/results/predictions/full/independent_rms/tcn/seed_202/bandpass_n20004_cV5_independent_rms_s15.npz,76505,44fa19f7a0a5fc0b812e4c870ea43792e8cf3f202a24550f1ba305efa47ccaad
tcn,independent_rms,202,bandpass_n20004_cV5_independent_rms_s10,phase2/results/predictions/full/independent_rms/tcn/seed_202/bandpass_n20004_cV5_independent_rms_s10.npz,76498,1ac69301823f6da51a23e329b3938fd89c219389df8b28f64ae52c3929121b95
tcn,independent_rms,202,bandpass_n20004_cV5_independent_rms_s5,phase2/results/predictions/full/independent_rms/tcn/seed_202/bandpass_n20004_cV5_independent_rms_s5.npz,76469,ba96659a6af7ffc2fca879c1eec23e539c4ab8e6217c79e1adc841dd8dd594bf
tcn,independent_rms,202,bandpass_n20004_cV5_independent_rms_s0,phase2/results/predictions/full/independent_rms/tcn/seed_202/bandpass_n20004_cV5_independent_rms_s0.npz,76224,fe049c096a53c725b939017723b94a4ea729a2f8d70213ccd69d6e6877f4efe4
tcn,independent_rms,202,bandpass_n20004_cV5_electrode_s20,phase2/results/predictions/full/independent_rms/tcn/seed_202/bandpass_n20004_cV5_electrode_s20.npz,76448,d5712907d1831b760062f9d8b345a7523439c178a79965c16bf669afdea9f5c6
tcn,independent_rms,202,bandpass_n20004_cV5_electrode_s15,phase2/results/predictions/full/independent_rms/tcn/seed_202/bandpass_n20004_cV5_electrode_s15.npz,76504,96db060b992ce177957c63e87f036d2aa9f701aa038f75337bf8ed24616323d4
tcn,independent_rms,202,bandpass_n20004_cV5_electrode_s10,phase2/results/predictions/full/independent_rms/tcn/seed_202/bandpass_n20004_cV5_electrode_s10.npz,76483,f124824fcfb936bd7d17c497ff7ab1f97a3c5722cab5f28f398daca8deaa9ec6
tcn,independent_rms,202,bandpass_n20004_cV5_electrode_s5,phase2/results/predictions/full/independent_rms/tcn/seed_202/bandpass_n20004_cV5_electrode_s5.npz,76455,58ffd61e97226293c7c8c29777e83ef3bdb8ec5cf7a8c515e45fad1b717be816
tcn,independent_rms,202,bandpass_n20004_cV5_electrode_s0,phase2/results/predictions/full/independent_rms/tcn/seed_202/bandpass_n20004_cV5_electrode_s0.npz,76250,b859c6670b9f8bfba43b6d937e98910257bb04d6b36b5072c16afd40ef00d8af
tcn,independent_rms,202,bandpass_n20004_cV5_covariance_s20,phase2/results/predictions/full/independent_rms/tcn/seed_202/bandpass_n20004_cV5_covariance_s20.npz,76484,cc5d1b63a6a7c597ec7d933519878248b6494416c656e62550b38328afe48489
tcn,independent_rms,202,bandpass_n20004_cV5_covariance_s15,phase2/results/predictions/full/independent_rms/tcn/seed_202/bandpass_n20004_cV5_covariance_s15.npz,76470,3dec2725ea532c1fda3b1e7fc20bfd84c6060a27388c14dd9f8a9d2056977977
tcn,independent_rms,202,bandpass_n20004_cV5_covariance_s10,phase2/results/predictions/full/independent_rms/tcn/seed_202/bandpass_n20004_cV5_covariance_s10.npz,76492,c5a0de10355b5a9d06312932c7a7597079b3f3d554246dba52db606f9c8c44c5
tcn,independent_rms,202,bandpass_n20004_cV5_covariance_s5,phase2/results/predictions/full/independent_rms/tcn/seed_202/bandpass_n20004_cV5_covariance_s5.npz,76446,f2e2fb49f0f8b1a8fc1b30a60f34b962c8ff17528e23b5bc2b95a7d7866329ae
tcn,independent_rms,202,bandpass_n20004_cV5_covariance_s0,phase2/results/predictions/full/independent_rms/tcn/seed_202/bandpass_n20004_cV5_covariance_s0.npz,76184,8e3dd696e4c85436093a7793a7bc2bb3dadc4fe32919d85c1019e659644901d5
tcn,independent_rms,202,bandpass_n20004_cV6_independent_rms_s20,phase2/results/predictions/full/independent_rms/tcn/seed_202/bandpass_n20004_cV6_independent_rms_s20.npz,76480,9fb3f4eb590826a2bbe407c433681c2649b18bb2ca16419861487265fe791716
tcn,independent_rms,202,bandpass_n20004_cV6_independent_rms_s15,phase2/results/predictions/full/independent_rms/tcn/seed_202/bandpass_n20004_cV6_independent_rms_s15.npz,76545,47d1a062181371cb7055039ffbf5ef70b51731575c28e88338ec240f78d74a6b
tcn,independent_rms,202,bandpass_n20004_cV6_independent_rms_s10,phase2/results/predictions/full/independent_rms/tcn/seed_202/bandpass_n20004_cV6_independent_rms_s10.npz,76523,143d44e999c619fdf1e66d025d068c1205550b6ff4bd38873e65319af2d21bc7
tcn,independent_rms,202,bandpass_n20004_cV6_independent_rms_s5,phase2/results/predictions/full/independent_rms/tcn/seed_202/bandpass_n20004_cV6_independent_rms_s5.npz,76468,dbb38c3c09f9c484e0b289d4907788b63f3391196bd46f75e1c57d83ad185a89
tcn,independent_rms,202,bandpass_n20004_cV6_independent_rms_s0,phase2/results/predictions/full/independent_rms/tcn/seed_202/bandpass_n20004_cV6_independent_rms_s0.npz,76330,501c08424a5b4c2dd23f25dfbee188371d59ee714499b1d8fd851952dea66bcd
tcn,independent_rms,202,bandpass_n20004_cV6_electrode_s20,phase2/results/predictions/full/independent_rms/tcn/seed_202/bandpass_n20004_cV6_electrode_s20.npz,76484,0ba9a63441942ba035b719fad883f8768169e1ac4c561815f9beaf24dfc80176
tcn,independent_rms,202,bandpass_n20004_cV6_electrode_s15,phase2/results/predictions/full/independent_rms/tcn/seed_202/bandpass_n20004_cV6_electrode_s15.npz,76510,852fc1d4d66e702184ae219b1195ec5b703f0dd7b2adee82582295eefd93a784
tcn,independent_rms,202,bandpass_n20004_cV6_electrode_s10,phase2/results/predictions/full/independent_rms/tcn/seed_202/bandpass_n20004_cV6_electrode_s10.npz,76483,3e7e917e508b6ddb7e4208bf5565d266fd12397a2e91a414cc1e724d6720544b
tcn,independent_rms,202,bandpass_n20004_cV6_electrode_s5,phase2/results/predictions/full/independent_rms/tcn/seed_202/bandpass_n20004_cV6_electrode_s5.npz,76445,381c85853d9d2a20eefea5748b83f090d98e8a49a39dca344f54602175538193
tcn,independent_rms,202,bandpass_n20004_cV6_electrode_s0,phase2/results/predictions/full/independent_rms/tcn/seed_202/bandpass_n20004_cV6_electrode_s0.npz,76290,3fe3863b8b3a9f00b67271bc0c27cf79f703708b1aee884c664dacb16f2e15cd
tcn,independent_rms,202,bandpass_n20004_cV6_covariance_s20,phase2/results/predictions/full/independent_rms/tcn/seed_202/bandpass_n20004_cV6_covariance_s20.npz,76495,7cfc112023b0d95b01c5949f8a57e94ba8a263cc6971564f74d1ef0f547e06e6
tcn,independent_rms,202,bandpass_n20004_cV6_covariance_s15,phase2/results/predictions/full/independent_rms/tcn/seed_202/bandpass_n20004_cV6_covariance_s15.npz,76485,cc5808e9d136a1b86aafd8a30533f3351ba46486aff3248a1a4a338c8c919f0b
tcn,independent_rms,202,bandpass_n20004_cV6_covariance_s10,phase2/results/predictions/full/independent_rms/tcn/seed_202/bandpass_n20004_cV6_covariance_s10.npz,76529,ed0eb7aa80d19d3056e3191c6c54ea238b4c57db5c867676ee42c2977b79a64b
tcn,independent_rms,202,bandpass_n20004_cV6_covariance_s5,phase2/results/predictions/full/independent_rms/tcn/seed_202/bandpass_n20004_cV6_covariance_s5.npz,76483,c7441fae604a603ee16367e342b3593c89f91291df431f2cfec85614751c9d4d
tcn,independent_rms,202,bandpass_n20004_cV6_covariance_s0,phase2/results/predictions/full/independent_rms/tcn/seed_202/bandpass_n20004_cV6_covariance_s0.npz,76293,03756415f5b236e8dddc1257d8fcd4f1b643714a794a5a5da6c0f349da9ea97f
tcn,independent_rms,202,bandpass_n20004_cRA_LA_independent_rms_s20,phase2/results/predictions/full/independent_rms/tcn/seed_202/bandpass_n20004_cRA_LA_independent_rms_s20.npz,76489,291c77aa9396acfca630fca04333b6557e29470b5702360c620ca6bb31143528
tcn,independent_rms,202,bandpass_n20004_cRA_LA_independent_rms_s15,phase2/results/predictions/full/independent_rms/tcn/seed_202/bandpass_n20004_cRA_LA_independent_rms_s15.npz,76564,231fd2b15b6f8cb99d629f152c54efac901235cd602aba58f8232e316d570793
tcn,independent_rms,202,bandpass_n20004_cRA_LA_independent_rms_s10,phase2/results/predictions/full/independent_rms/tcn/seed_202/bandpass_n20004_cRA_LA_independent_rms_s10.npz,76467,74c312a5b231cb7bdb63e14f28eb202cd8790f5c1ca6f3fb880fed3594ad076c
tcn,independent_rms,202,bandpass_n20004_cRA_LA_independent_rms_s5,phase2/results/predictions/full/independent_rms/tcn/seed_202/bandpass_n20004_cRA_LA_independent_rms_s5.npz,76461,a002ff5e5c914da7e07f63a8cfc38976db627bd7ccd7ca5f595cd111cb1393c0
tcn,independent_rms,202,bandpass_n20004_cRA_LA_independent_rms_s0,phase2/results/predictions/full/independent_rms/tcn/seed_202/bandpass_n20004_cRA_LA_independent_rms_s0.npz,76206,f3359ceab657d3a83690c8da2a477fb9e1a73324c4fa48f3f95d8361c174d19a
tcn,independent_rms,202,bandpass_n20004_cRA_LA_electrode_s20,phase2/results/predictions/full/independent_rms/tcn/seed_202/bandpass_n20004_cRA_LA_electrode_s20.npz,76484,4f1e75f0877c573bf3dac9489ae58327776f7dbd5987dd7b6503e34395f32cdb
tcn,independent_rms,202,bandpass_n20004_cRA_LA_electrode_s15,phase2/results/predictions/full/independent_rms/tcn/seed_202/bandpass_n20004_cRA_LA_electrode_s15.npz,76516,b6e4578e11340894178b04a729d1410d6e8f8897e02846f0427db2e1bf7e8bfd
tcn,independent_rms,202,bandpass_n20004_cRA_LA_electrode_s10,phase2/results/predictions/full/independent_rms/tcn/seed_202/bandpass_n20004_cRA_LA_electrode_s10.npz,76434,a33190e7d9f45edde88a4392cdec010d3265dee487e992b3a633379e2cff59df
tcn,independent_rms,202,bandpass_n20004_cRA_LA_electrode_s5,phase2/results/predictions/full/independent_rms/tcn/seed_202/bandpass_n20004_cRA_LA_electrode_s5.npz,76244,f99b9df3b977ba104c9c2e7e8d7b4a614b981940582646e6368d37a053713a21
tcn,independent_rms,202,bandpass_n20004_cRA_LA_electrode_s0,phase2/results/predictions/full/independent_rms/tcn/seed_202/bandpass_n20004_cRA_LA_electrode_s0.npz,75827,51b89ff73d70280e519eb4ee417ddbbf8fb72d251c6afd27542f02b312c7db78
tcn,independent_rms,202,bandpass_n20004_cRA_LA_covariance_s20,phase2/results/predictions/full/independent_rms/tcn/seed_202/bandpass_n20004_cRA_LA_covariance_s20.npz,76502,ee688eef3cd8cb881fcd715e19592ff27ee00337fb18f45c9f794ba2ac729b65
tcn,independent_rms,202,bandpass_n20004_cRA_LA_covariance_s15,phase2/results/predictions/full/independent_rms/tcn/seed_202/bandpass_n20004_cRA_LA_covariance_s15.npz,76512,d8d0639182a03ccb62fc53b9747ccd09aea99b9ebe86d0a5ee2a1ef7a14354cb
tcn,independent_rms,202,bandpass_n20004_cRA_LA_covariance_s10,phase2/results/predictions/full/independent_rms/tcn/seed_202/bandpass_n20004_cRA_LA_covariance_s10.npz,76438,2ccffa4c94ab24328d1f4ba6bd409349b3080b4a443064e9ae3eb0c4b504de4a
tcn,independent_rms,202,bandpass_n20004_cRA_LA_covariance_s5,phase2/results/predictions/full/independent_rms/tcn/seed_202/bandpass_n20004_cRA_LA_covariance_s5.npz,76280,39c4553d45e540fbfa6199f90030d7a372a2bdc086a283a5d6ec3960715075c0
tcn,independent_rms,202,bandpass_n20004_cRA_LA_covariance_s0,phase2/results/predictions/full/independent_rms/tcn/seed_202/bandpass_n20004_cRA_LA_covariance_s0.npz,75850,4e1d0de97958e654a9fdc5e8f4d33bc00d424b28b30a0c9e7856676b998d1ea7
tcn,independent_rms,202,bandpass_n20004_cLA_LL_independent_rms_s20,phase2/results/predictions/full/independent_rms/tcn/seed_202/bandpass_n20004_cLA_LL_independent_rms_s20.npz,76513,598539075fb2aeb6514ac0385a9ec6414155fe85a470e1b9adc9d8af406398ab
tcn,independent_rms,202,bandpass_n20004_cLA_LL_independent_rms_s15,phase2/results/predictions/full/independent_rms/tcn/seed_202/bandpass_n20004_cLA_LL_independent_rms_s15.npz,76520,b4904d8582426e73a6ea027b194588ab35189b9435a67cf30bb302ef024cd567
tcn,independent_rms,202,bandpass_n20004_cLA_LL_independent_rms_s10,phase2/results/predictions/full/independent_rms/tcn/seed_202/bandpass_n20004_cLA_LL_independent_rms_s10.npz,76515,c3c3d2cce8cba203de6ff76102a5750ad8b127a66c4797ac77547a0e17ffecb2
tcn,independent_rms,202,bandpass_n20004_cLA_LL_independent_rms_s5,phase2/results/predictions/full/independent_rms/tcn/seed_202/bandpass_n20004_cLA_LL_independent_rms_s5.npz,76416,bf1d092632ce80f6a5092e8517bf895fd254ebb1adfed409212e860ce81c520b
tcn,independent_rms,202,bandpass_n20004_cLA_LL_independent_rms_s0,phase2/results/predictions/full/independent_rms/tcn/seed_202/bandpass_n20004_cLA_LL_independent_rms_s0.npz,76168,c9322571cd2294a222950a02b37d6aba8c99aa3c54e679fb7b5a1bfe2f441e00
tcn,independent_rms,202,bandpass_n20004_cLA_LL_electrode_s20,phase2/results/predictions/full/independent_rms/tcn/seed_202/bandpass_n20004_cLA_LL_electrode_s20.npz,76527,fccfbbcf7490b825faedffec601f013f17944a051e60851e920a3cb8eeac2c5f
tcn,independent_rms,202,bandpass_n20004_cLA_LL_electrode_s15,phase2/results/predictions/full/independent_rms/tcn/seed_202/bandpass_n20004_cLA_LL_electrode_s15.npz,76497,e39711caabbdb6e784215b6733d4cac72a04edd5efef5a83fbaa578ed3b0a857
tcn,independent_rms,202,bandpass_n20004_cLA_LL_electrode_s10,phase2/results/predictions/full/independent_rms/tcn/seed_202/bandpass_n20004_cLA_LL_electrode_s10.npz,76423,580c2cfb5e3f6592bb75f3fa18a690f6871dc82d0089b7051afa1fb27a9bca7f
tcn,independent_rms,202,bandpass_n20004_cLA_LL_electrode_s5,phase2/results/predictions/full/independent_rms/tcn/seed_202/bandpass_n20004_cLA_LL_electrode_s5.npz,76216,9751095921513a2ca6b5c0fcd50b2755bead5decb083de4fbaff879422497301
tcn,independent_rms,202,bandpass_n20004_cLA_LL_electrode_s0,phase2/results/predictions/full/independent_rms/tcn/seed_202/bandpass_n20004_cLA_LL_electrode_s0.npz,75871,185d13752fbeaf2fe66d09639882986ea9938c086fee32025cb9f506bd718ddf
tcn,independent_rms,202,bandpass_n20004_cLA_LL_covariance_s20,phase2/results/predictions/full/independent_rms/tcn/seed_202/bandpass_n20004_cLA_LL_covariance_s20.npz,76506,2ba72c441d710df79aa3c750e541b8db06d92e69aca7b8455f32e38dc070a3d8
tcn,independent_rms,202,bandpass_n20004_cLA_LL_covariance_s15,phase2/results/predictions/full/independent_rms/tcn/seed_202/bandpass_n20004_cLA_LL_covariance_s15.npz,76509,c9af52cbf8da0c8039957a9c8f53703711711dc28f5d97efed8b4c840eb2b23e
tcn,independent_rms,202,bandpass_n20004_cLA_LL_covariance_s10,phase2/results/predictions/full/independent_rms/tcn/seed_202/bandpass_n20004_cLA_LL_covariance_s10.npz,76469,6ba63dd7c1bdbe6b286ad6a8f91d2a65dd26e49e7c1d3c733f3cecf6ee518b11
tcn,independent_rms,202,bandpass_n20004_cLA_LL_covariance_s5,phase2/results/predictions/full/independent_rms/tcn/seed_202/bandpass_n20004_cLA_LL_covariance_s5.npz,76236,261c0a9ac9f185337caf34252f3368c0907b72a8afe7555bba4f86b1dfee1adc
tcn,independent_rms,202,bandpass_n20004_cLA_LL_covariance_s0,phase2/results/predictions/full/independent_rms/tcn/seed_202/bandpass_n20004_cLA_LL_covariance_s0.npz,75886,c3d919b5ba004e9021819c36013dc5541fc7e1141c8378819e7c1837a10e1521
tcn,independent_rms,202,bandpass_n20004_cRA_LL_independent_rms_s20,phase2/results/predictions/full/independent_rms/tcn/seed_202/bandpass_n20004_cRA_LL_independent_rms_s20.npz,76512,fb8ebe12508afb3985267cb0419ae11f71dc0848287d48b48c982375c6bf762e
tcn,independent_rms,202,bandpass_n20004_cRA_LL_independent_rms_s15,phase2/results/predictions/full/independent_rms/tcn/seed_202/bandpass_n20004_cRA_LL_independent_rms_s15.npz,76559,cb577756c26e7ed513be2a1a3607fb58f513d2412927ce3bf18901be0bf5a5c3
tcn,independent_rms,202,bandpass_n20004_cRA_LL_independent_rms_s10,phase2/results/predictions/full/independent_rms/tcn/seed_202/bandpass_n20004_cRA_LL_independent_rms_s10.npz,76519,3c593d3fc9fce434e4a75f0e337da8cebedaac71511f0b87f5b3d0aa86c27f93
tcn,independent_rms,202,bandpass_n20004_cRA_LL_independent_rms_s5,phase2/results/predictions/full/independent_rms/tcn/seed_202/bandpass_n20004_cRA_LL_independent_rms_s5.npz,76402,d308d40f7d81c1c4ff6d985c12bdd43578fdfd33dcad76b928eebb3068733e72
tcn,independent_rms,202,bandpass_n20004_cRA_LL_independent_rms_s0,phase2/results/predictions/full/independent_rms/tcn/seed_202/bandpass_n20004_cRA_LL_independent_rms_s0.npz,76159,66c8331bde9ed1341dac59f555e14f7fd62d42649dfffb3be75fa2233c8a43de
tcn,independent_rms,202,bandpass_n20004_cRA_LL_electrode_s20,phase2/results/predictions/full/independent_rms/tcn/seed_202/bandpass_n20004_cRA_LL_electrode_s20.npz,76496,c6286009a44b9f6f82bd3de8a29532e155cccd60d1959feb6477a66a60a8aa90
tcn,independent_rms,202,bandpass_n20004_cRA_LL_electrode_s15,phase2/results/predictions/full/independent_rms/tcn/seed_202/bandpass_n20004_cRA_LL_electrode_s15.npz,76505,3e78393490d6cd943ee421d4637e1951d9c89b6b6c34c6532fa7ea2e0b5b8f9b
tcn,independent_rms,202,bandpass_n20004_cRA_LL_electrode_s10,phase2/results/predictions/full/independent_rms/tcn/seed_202/bandpass_n20004_cRA_LL_electrode_s10.npz,76469,279acbcdd167454c8e674793bd323289360883d600f5a4b86d4aedc478f576d3
tcn,independent_rms,202,bandpass_n20004_cRA_LL_electrode_s5,phase2/results/predictions/full/independent_rms/tcn/seed_202/bandpass_n20004_cRA_LL_electrode_s5.npz,76212,5ac4ff5303abd18a5b6acd26051b2199d65bd32baae6cd2abbf5ec267b45f092
tcn,independent_rms,202,bandpass_n20004_cRA_LL_electrode_s0,phase2/results/predictions/full/independent_rms/tcn/seed_202/bandpass_n20004_cRA_LL_electrode_s0.npz,75784,9da21f057a262f60cdae3015c18d1e4a12f9d662cd39e3e6e93029399a64c636
tcn,independent_rms,202,bandpass_n20004_cRA_LL_covariance_s20,phase2/results/predictions/full/independent_rms/tcn/seed_202/bandpass_n20004_cRA_LL_covariance_s20.npz,76515,216631f9afbe326746eae40bce3589a70ec45a325ee10a57bf723b0367c9a374
tcn,independent_rms,202,bandpass_n20004_cRA_LL_covariance_s15,phase2/results/predictions/full/independent_rms/tcn/seed_202/bandpass_n20004_cRA_LL_covariance_s15.npz,76515,19cf3b4624a0dacef7e8f7e0198570ae81fe1db4cbf7cca2d9f9e8303ac7cc21
tcn,independent_rms,202,bandpass_n20004_cRA_LL_covariance_s10,phase2/results/predictions/full/independent_rms/tcn/seed_202/bandpass_n20004_cRA_LL_covariance_s10.npz,76470,0b2893ad17fe319ade19ed3c587ff73f6e7b92cd82bfef5eb32d57d6672185b2
tcn,independent_rms,202,bandpass_n20004_cRA_LL_covariance_s5,phase2/results/predictions/full/independent_rms/tcn/seed_202/bandpass_n20004_cRA_LL_covariance_s5.npz,76241,318f29a3fd054de03d705c3b5249b4cb6fb898fd875d32f06bfbaa8ecf3b3e95
tcn,independent_rms,202,bandpass_n20004_cRA_LL_covariance_s0,phase2/results/predictions/full/independent_rms/tcn/seed_202/bandpass_n20004_cRA_LL_covariance_s0.npz,75779,495df748e78e19e0d2a1fd42d1d71cd40adf53dcab4eb6b6d83a4d0894bbad2f
tcn,independent_rms,202,bandpass_n20004_cRA_independent_rms_s20,phase2/results/predictions/full/independent_rms/tcn/seed_202/bandpass_n20004_cRA_independent_rms_s20.npz,76498,c218e773e4bee51bf8e621adc398be1af2a0e4293410db2d52f54a2b0572a5ff
tcn,independent_rms,202,bandpass_n20004_cRA_independent_rms_s15,phase2/results/predictions/full/independent_rms/tcn/seed_202/bandpass_n20004_cRA_independent_rms_s15.npz,76523,7f5f16d79a7e56e282a014be89e05a57104cc22a3b30b9ad044e94039cc05000
tcn,independent_rms,202,bandpass_n20004_cRA_independent_rms_s10,phase2/results/predictions/full/independent_rms/tcn/seed_202/bandpass_n20004_cRA_independent_rms_s10.npz,76478,7f252ccb2947a3a6829300399f21896b631c5e446c13894e3827247f5cac1f93
tcn,independent_rms,202,bandpass_n20004_cRA_independent_rms_s5,phase2/results/predictions/full/independent_rms/tcn/seed_202/bandpass_n20004_cRA_independent_rms_s5.npz,76454,670acc7e0bfafc70fb08e43ada7c1b2c88d039c091f3bab779ccb629f8ffc53c
tcn,independent_rms,202,bandpass_n20004_cRA_independent_rms_s0,phase2/results/predictions/full/independent_rms/tcn/seed_202/bandpass_n20004_cRA_independent_rms_s0.npz,76214,a89e1e7b43df480bcd4adf3dd1f608f0438ad55f56a94eb7fc25082e7e03e641
tcn,independent_rms,202,bandpass_n20004_cRA_electrode_s20,phase2/results/predictions/full/independent_rms/tcn/seed_202/bandpass_n20004_cRA_electrode_s20.npz,76492,cd5fd80fc65d465cbea171363a60df2eacdb448ea0eeea47ce8ddf7a370c1e77
tcn,independent_rms,202,bandpass_n20004_cRA_electrode_s15,phase2/results/predictions/full/independent_rms/tcn/seed_202/bandpass_n20004_cRA_electrode_s15.npz,76521,bbcbbbf80d0b301b12b92559b5332ba4a89cf4b81cca0ffefbaf708d712c0964
tcn,independent_rms,202,bandpass_n20004_cRA_electrode_s10,phase2/results/predictions/full/independent_rms/tcn/seed_202/bandpass_n20004_cRA_electrode_s10.npz,76440,fed1c56a29edec40240277ddc2d5b2a90ce4ed04957f0b120853ce2b98f1fd1c
tcn,independent_rms,202,bandpass_n20004_cRA_electrode_s5,phase2/results/predictions/full/independent_rms/tcn/seed_202/bandpass_n20004_cRA_electrode_s5.npz,76349,6cc75f2b95e74f4dfcf2fa286a7e3f19fbd66ea08569dee67f57469e8c7f5ac8
tcn,independent_rms,202,bandpass_n20004_cRA_electrode_s0,phase2/results/predictions/full/independent_rms/tcn/seed_202/bandpass_n20004_cRA_electrode_s0.npz,76014,47f59bb8ab008eec41421e594cb87a7f7cce6b31c08b81c073457ae9ca90513c
tcn,independent_rms,202,bandpass_n20004_cRA_covariance_s20,phase2/results/predictions/full/independent_rms/tcn/seed_202/bandpass_n20004_cRA_covariance_s20.npz,76488,2ee0385b01c6b4fa532b54a7dd01a2975db06f9ab2990d6c4364f4e9596db368
tcn,independent_rms,202,bandpass_n20004_cRA_covariance_s15,phase2/results/predictions/full/independent_rms/tcn/seed_202/bandpass_n20004_cRA_covariance_s15.npz,76503,7e03a60c6a5f756b8efc8878cfa60588cd020c5bfc7d19b76a302da4fc5ad4c0
tcn,independent_rms,202,bandpass_n20004_cRA_covariance_s10,phase2/results/predictions/full/independent_rms/tcn/seed_202/bandpass_n20004_cRA_covariance_s10.npz,76474,7eb858a12c8cba927164928fdfa457f0f0da9a7fc78dea533066b2c68577b314
tcn,independent_rms,202,bandpass_n20004_cRA_covariance_s5,phase2/results/predictions/full/independent_rms/tcn/seed_202/bandpass_n20004_cRA_covariance_s5.npz,76328,ce0aa36457ee0d5ea424dc0f0685d3906a7d9663aebc579dc1a674d117947bc2
tcn,independent_rms,202,bandpass_n20004_cRA_covariance_s0,phase2/results/predictions/full/independent_rms/tcn/seed_202/bandpass_n20004_cRA_covariance_s0.npz,75964,f3a94f857959588374b8c2ac18ca44b7438a6d5ce083ce97e4e20b935d8ce597
tcn,independent_rms,202,bandpass_n20004_cLA_independent_rms_s20,phase2/results/predictions/full/independent_rms/tcn/seed_202/bandpass_n20004_cLA_independent_rms_s20.npz,76525,f02c0eeec9a73ea15af50391251316f84475c3991fc6d572c369573e6987d055
tcn,independent_rms,202,bandpass_n20004_cLA_independent_rms_s15,phase2/results/predictions/full/independent_rms/tcn/seed_202/bandpass_n20004_cLA_independent_rms_s15.npz,76522,4fbc495ae2cd26e35cd4dc4cbb1cb727a72bf390986084a00c242f617c36ee77
tcn,independent_rms,202,bandpass_n20004_cLA_independent_rms_s10,phase2/results/predictions/full/independent_rms/tcn/seed_202/bandpass_n20004_cLA_independent_rms_s10.npz,76497,a21ee56039bf6d0cc6ba0119e88bab371817dbf094ea55c1b9caf4e8f46acd4b
tcn,independent_rms,202,bandpass_n20004_cLA_independent_rms_s5,phase2/results/predictions/full/independent_rms/tcn/seed_202/bandpass_n20004_cLA_independent_rms_s5.npz,76435,a528674d8fc440756f5a7ea4e20406e3066140c779f4afd0bd4d99d89d8cde69
tcn,independent_rms,202,bandpass_n20004_cLA_independent_rms_s0,phase2/results/predictions/full/independent_rms/tcn/seed_202/bandpass_n20004_cLA_independent_rms_s0.npz,76206,c119dfccca2515b745fbdc229d10a95735b4ca8bf3461c3c3258232ad1917fc1
tcn,independent_rms,202,bandpass_n20004_cLA_electrode_s20,phase2/results/predictions/full/independent_rms/tcn/seed_202/bandpass_n20004_cLA_electrode_s20.npz,76510,f44c8bcf0d3b93d9d81cf1f91d166c855f23ff9ea504ee22bf49fff50905b596
tcn,independent_rms,202,bandpass_n20004_cLA_electrode_s15,phase2/results/predictions/full/independent_rms/tcn/seed_202/bandpass_n20004_cLA_electrode_s15.npz,76516,62bfd105dcf1bef440a19e608bd0502178439cca016959c23ef54905c5e6609f
tcn,independent_rms,202,bandpass_n20004_cLA_electrode_s10,phase2/results/predictions/full/independent_rms/tcn/seed_202/bandpass_n20004_cLA_electrode_s10.npz,76453,c4dc22a83e539b52850ba116a09c4ea1c1c4707dadf4463e068bdb964aeb2c0a
tcn,independent_rms,202,bandpass_n20004_cLA_electrode_s5,phase2/results/predictions/full/independent_rms/tcn/seed_202/bandpass_n20004_cLA_electrode_s5.npz,76230,be2756065192d5aae7560bef9f594ad9188d1c0184b5cc0a4587bfc1068013ca
tcn,independent_rms,202,bandpass_n20004_cLA_electrode_s0,phase2/results/predictions/full/independent_rms/tcn/seed_202/bandpass_n20004_cLA_electrode_s0.npz,75879,35c1f79b8ac652bc76d5a3ca8c52455030fa8cee44f19c0ea19599964c68f683
tcn,independent_rms,202,bandpass_n20004_cLA_covariance_s20,phase2/results/predictions/full/independent_rms/tcn/seed_202/bandpass_n20004_cLA_covariance_s20.npz,76465,bd327e2c4effea051e3e04464cee92e9f9049990b4b5d0a84e803b4bec26f636
tcn,independent_rms,202,bandpass_n20004_cLA_covariance_s15,phase2/results/predictions/full/independent_rms/tcn/seed_202/bandpass_n20004_cLA_covariance_s15.npz,76494,93b69f2334a8d568057f4629631234c8dbb87372d569c35170fb0fa76e3b1aea
tcn,independent_rms,202,bandpass_n20004_cLA_covariance_s10,phase2/results/predictions/full/independent_rms/tcn/seed_202/bandpass_n20004_cLA_covariance_s10.npz,76465,5d8d763b0845be25c7a1f2b35aba0549c34a7e441d26dbd8193376ace8a151c5
tcn,independent_rms,202,bandpass_n20004_cLA_covariance_s5,phase2/results/predictions/full/independent_rms/tcn/seed_202/bandpass_n20004_cLA_covariance_s5.npz,76219,c9f289a6333f1a0058f11c8f88f3c4c5a72ee55bd1fe6ec01fed3beef1d005fa
tcn,independent_rms,202,bandpass_n20004_cLA_covariance_s0,phase2/results/predictions/full/independent_rms/tcn/seed_202/bandpass_n20004_cLA_covariance_s0.npz,75887,3335fe6f6dbb258ecf0f11fba0ce418130cd83d6664db09bc12427f3737372be
tcn,independent_rms,202,bandpass_n20004_cLL_independent_rms_s20,phase2/results/predictions/full/independent_rms/tcn/seed_202/bandpass_n20004_cLL_independent_rms_s20.npz,76499,11ece9ebc184f1f22b3776bc1d64e89490424808a178576f9ab69ac25d9b9e5a
tcn,independent_rms,202,bandpass_n20004_cLL_independent_rms_s15,phase2/results/predictions/full/independent_rms/tcn/seed_202/bandpass_n20004_cLL_independent_rms_s15.npz,76521,02f8316d7de3cbac8fb06b263253dac7f9b9f2f2986690d71a13c82690449eb1
tcn,independent_rms,202,bandpass_n20004_cLL_independent_rms_s10,phase2/results/predictions/full/independent_rms/tcn/seed_202/bandpass_n20004_cLL_independent_rms_s10.npz,76491,e2ebb07c948e81d27214004088738c5b6c0b3c049879868af1954266072dadc2
tcn,independent_rms,202,bandpass_n20004_cLL_independent_rms_s5,phase2/results/predictions/full/independent_rms/tcn/seed_202/bandpass_n20004_cLL_independent_rms_s5.npz,76409,4ab89c6a13b78690d6f39b44d6ccf1b02d86ff5bcba34f321f7ecfdc928babb9
tcn,independent_rms,202,bandpass_n20004_cLL_independent_rms_s0,phase2/results/predictions/full/independent_rms/tcn/seed_202/bandpass_n20004_cLL_independent_rms_s0.npz,76077,481503d4c4956cb96a0507d7354a93ef3320689eb97ee32b65ae994c84068694
tcn,independent_rms,202,bandpass_n20004_cLL_electrode_s20,phase2/results/predictions/full/independent_rms/tcn/seed_202/bandpass_n20004_cLL_electrode_s20.npz,76470,c077297c1b547c529b03a5b0494ff900a0d988e25cf6c0c0d0e83841e5af895d
tcn,independent_rms,202,bandpass_n20004_cLL_electrode_s15,phase2/results/predictions/full/independent_rms/tcn/seed_202/bandpass_n20004_cLL_electrode_s15.npz,76486,0daa9f8d9929045f49179f8b85d62c1a7a847799f60c9019e7de3ae9064d6885
tcn,independent_rms,202,bandpass_n20004_cLL_electrode_s10,phase2/results/predictions/full/independent_rms/tcn/seed_202/bandpass_n20004_cLL_electrode_s10.npz,76424,791438c10ebcd5eeebf49a51df33651e7c2a0b2be644895beafb06798215200b
tcn,independent_rms,202,bandpass_n20004_cLL_electrode_s5,phase2/results/predictions/full/independent_rms/tcn/seed_202/bandpass_n20004_cLL_electrode_s5.npz,76194,d681df54848bab04b3700a513ff5e9f823d89a8b7fecbb66f22a6cb84e1a470a
tcn,independent_rms,202,bandpass_n20004_cLL_electrode_s0,phase2/results/predictions/full/independent_rms/tcn/seed_202/bandpass_n20004_cLL_electrode_s0.npz,75892,46c5d4208efd5f04c81e6d2e3d8ec416d29fbcd98923d099abf27e6f0c17cbea
tcn,independent_rms,202,bandpass_n20004_cLL_covariance_s20,phase2/results/predictions/full/independent_rms/tcn/seed_202/bandpass_n20004_cLL_covariance_s20.npz,76496,abb71360b62dffc045aa9d0af5adddf04b8e945489dee915dcc3e78c4eb44be5
tcn,independent_rms,202,bandpass_n20004_cLL_covariance_s15,phase2/results/predictions/full/independent_rms/tcn/seed_202/bandpass_n20004_cLL_covariance_s15.npz,76489,5f2b52350637f1639f5f3550f5a52e3feff1992cc5401cea719fe4d97079da4f
tcn,independent_rms,202,bandpass_n20004_cLL_covariance_s10,phase2/results/predictions/full/independent_rms/tcn/seed_202/bandpass_n20004_cLL_covariance_s10.npz,76412,9d64250e00072d6dc6403fcbb11f5c8ec04c9239dbf5385678c2f54141e3bc90
tcn,independent_rms,202,bandpass_n20004_cLL_covariance_s5,phase2/results/predictions/full/independent_rms/tcn/seed_202/bandpass_n20004_cLL_covariance_s5.npz,76243,228815714db26f8b8779e4758db7d6312575fa5dfefaf74fdcd7c301210408a8
tcn,independent_rms,202,bandpass_n20004_cLL_covariance_s0,phase2/results/predictions/full/independent_rms/tcn/seed_202/bandpass_n20004_cLL_covariance_s0.npz,75890,5258b999939d626d7207cd0a5ac41ef0f0af674e6009cb4e2713eb5b32cffb03
tcn,independent_rms,202,bandpass_n20004_cRA_V1_independent_rms_s20,phase2/results/predictions/full/independent_rms/tcn/seed_202/bandpass_n20004_cRA_V1_independent_rms_s20.npz,76509,424bcaf43a40f9994299604226e588f9b78b27a27f4a48ebd1e0767e2b77885e
tcn,independent_rms,202,bandpass_n20004_cRA_V1_independent_rms_s15,phase2/results/predictions/full/independent_rms/tcn/seed_202/bandpass_n20004_cRA_V1_independent_rms_s15.npz,76518,b12558bba1712497fb2c7af8b989392f1ddba092dec1caf0d4ae50f84e6c7917
tcn,independent_rms,202,bandpass_n20004_cRA_V1_independent_rms_s10,phase2/results/predictions/full/independent_rms/tcn/seed_202/bandpass_n20004_cRA_V1_independent_rms_s10.npz,76503,3ef31def884a59ea799b74a6ce4862fa7a2bfa1c238de57b36d295728872bad2
tcn,independent_rms,202,bandpass_n20004_cRA_V1_independent_rms_s5,phase2/results/predictions/full/independent_rms/tcn/seed_202/bandpass_n20004_cRA_V1_independent_rms_s5.npz,76409,019f7a552e99941944deb98cefbc72257e1e22ab60799bcd1d02a7fc8e5b37e1
tcn,independent_rms,202,bandpass_n20004_cRA_V1_independent_rms_s0,phase2/results/predictions/full/independent_rms/tcn/seed_202/bandpass_n20004_cRA_V1_independent_rms_s0.npz,76159,ee2e255c2e71c503899c320031167602aa7262002e6b96d99babcc79b8efccfe
tcn,independent_rms,202,bandpass_n20004_cRA_V1_electrode_s20,phase2/results/predictions/full/independent_rms/tcn/seed_202/bandpass_n20004_cRA_V1_electrode_s20.npz,76508,c9479cfc1fb01fc16829a4ea0f6036b20921d636326eb3b0286cacdd7d24e126
tcn,independent_rms,202,bandpass_n20004_cRA_V1_electrode_s15,phase2/results/predictions/full/independent_rms/tcn/seed_202/bandpass_n20004_cRA_V1_electrode_s15.npz,76493,2f79f76abda88a43896d673c7c948cd32f87f07116021c67b8a326fa4fa158a5
tcn,independent_rms,202,bandpass_n20004_cRA_V1_electrode_s10,phase2/results/predictions/full/independent_rms/tcn/seed_202/bandpass_n20004_cRA_V1_electrode_s10.npz,76484,3e1db30d2ae09527ea3e7238f42121a73788ef8991abce55388d0dd72e84b935
tcn,independent_rms,202,bandpass_n20004_cRA_V1_electrode_s5,phase2/results/predictions/full/independent_rms/tcn/seed_202/bandpass_n20004_cRA_V1_electrode_s5.npz,76364,8cd24bf6ce4449080a5fed0f802a8c3a94391fc61d1f4dfd611016f6cf1feede
tcn,independent_rms,202,bandpass_n20004_cRA_V1_electrode_s0,phase2/results/predictions/full/independent_rms/tcn/seed_202/bandpass_n20004_cRA_V1_electrode_s0.npz,76015,76d2128fe189ad6dcdd7cde8de8e3438f55313002264b42f7850ba0e641fd069
tcn,independent_rms,202,bandpass_n20004_cRA_V1_covariance_s20,phase2/results/predictions/full/independent_rms/tcn/seed_202/bandpass_n20004_cRA_V1_covariance_s20.npz,76496,41222517164a9c6b54b0449ff3201ef3a36902297c801f432a157c3b42d2ce42
tcn,independent_rms,202,bandpass_n20004_cRA_V1_covariance_s15,phase2/results/predictions/full/independent_rms/tcn/seed_202/bandpass_n20004_cRA_V1_covariance_s15.npz,76519,22833123b05abbd73dbecf06f32c9771629a975e54bc03108686fa5250f97e16
tcn,independent_rms,202,bandpass_n20004_cRA_V1_covariance_s10,phase2/results/predictions/full/independent_rms/tcn/seed_202/bandpass_n20004_cRA_V1_covariance_s10.npz,76503,92b06aaadac3a476fe01d9921f01996dfa61346ca1e932230b41f3ecc2cb280b
tcn,independent_rms,202,bandpass_n20004_cRA_V1_covariance_s5,phase2/results/predictions/full/independent_rms/tcn/seed_202/bandpass_n20004_cRA_V1_covariance_s5.npz,76349,fc90110538bfa2639f6060c08a9030738cd5c4c2c2e25b65ff692694f1b90e01
tcn,independent_rms,202,bandpass_n20004_cRA_V1_covariance_s0,phase2/results/predictions/full/independent_rms/tcn/seed_202/bandpass_n20004_cRA_V1_covariance_s0.npz,75990,a43245ee8d408ca4ad44970b4ff14c0471d5ea40976788a70e552ccfc6617536
tcn,independent_rms,202,bandpass_n20004_cLA_V6_independent_rms_s20,phase2/results/predictions/full/independent_rms/tcn/seed_202/bandpass_n20004_cLA_V6_independent_rms_s20.npz,76552,cb208e4a8ca0632db3e098653c4e1ef9765d2ec01f1a43e344568ece85558ceb
tcn,independent_rms,202,bandpass_n20004_cLA_V6_independent_rms_s15,phase2/results/predictions/full/independent_rms/tcn/seed_202/bandpass_n20004_cLA_V6_independent_rms_s15.npz,76527,b3fccdfb5522c2e5275c9c2fa5d8a7f51c8c170ba391c97415ed51bc1ea92def
tcn,independent_rms,202,bandpass_n20004_cLA_V6_independent_rms_s10,phase2/results/predictions/full/independent_rms/tcn/seed_202/bandpass_n20004_cLA_V6_independent_rms_s10.npz,76510,08b82a2e8e54145a1f81435fb329c95a91d209cf368a259b97c58f14521190ad
tcn,independent_rms,202,bandpass_n20004_cLA_V6_independent_rms_s5,phase2/results/predictions/full/independent_rms/tcn/seed_202/bandpass_n20004_cLA_V6_independent_rms_s5.npz,76441,dfdf6c3c1b93d682261ff9bedb26b5ec4754709c25b7340814dfd8ab7ed5f7e9
tcn,independent_rms,202,bandpass_n20004_cLA_V6_independent_rms_s0,phase2/results/predictions/full/independent_rms/tcn/seed_202/bandpass_n20004_cLA_V6_independent_rms_s0.npz,76253,829451fb48e8ab6b21e65a6ce7c703d8dc69e8899afb0effc5734a9eacb9b3ec
tcn,independent_rms,202,bandpass_n20004_cLA_V6_electrode_s20,phase2/results/predictions/full/independent_rms/tcn/seed_202/bandpass_n20004_cLA_V6_electrode_s20.npz,76526,87a784d6656efaf3fc46ce917fa7c54f771ee260cba37cfbabcc1cba09064e20
tcn,independent_rms,202,bandpass_n20004_cLA_V6_electrode_s15,phase2/results/predictions/full/independent_rms/tcn/seed_202/bandpass_n20004_cLA_V6_electrode_s15.npz,76534,1e4d3c0a1a251134300725bf79ce9e1a267f4b408f48d832625592ef19ecb4de
tcn,independent_rms,202,bandpass_n20004_cLA_V6_electrode_s10,phase2/results/predictions/full/independent_rms/tcn/seed_202/bandpass_n20004_cLA_V6_electrode_s10.npz,76501,f841c151a1914d09c8ebd59510385d4dcb42bacfa721d06a5cd7ab8f218acaa6
tcn,independent_rms,202,bandpass_n20004_cLA_V6_electrode_s5,phase2/results/predictions/full/independent_rms/tcn/seed_202/bandpass_n20004_cLA_V6_electrode_s5.npz,76295,55f68398033ddccff6ada32c43b03f00e9580d4ea300a4d4356b4323db3f7dd3
tcn,independent_rms,202,bandpass_n20004_cLA_V6_electrode_s0,phase2/results/predictions/full/independent_rms/tcn/seed_202/bandpass_n20004_cLA_V6_electrode_s0.npz,75915,f918169bdd6ab01e1a748c371a60bc2d37fa110c790bf4f499397e1ad6f62dcc
tcn,independent_rms,202,bandpass_n20004_cLA_V6_covariance_s20,phase2/results/predictions/full/independent_rms/tcn/seed_202/bandpass_n20004_cLA_V6_covariance_s20.npz,76524,c65928d68fd449c4500d875641662cbde13c90503b7f0a9d53091afee2a0a025
tcn,independent_rms,202,bandpass_n20004_cLA_V6_covariance_s15,phase2/results/predictions/full/independent_rms/tcn/seed_202/bandpass_n20004_cLA_V6_covariance_s15.npz,76526,e017268608f655df39319e388ac4f7947cbbeae3462a8face27871de167b3886
tcn,independent_rms,202,bandpass_n20004_cLA_V6_covariance_s10,phase2/results/predictions/full/independent_rms/tcn/seed_202/bandpass_n20004_cLA_V6_covariance_s10.npz,76494,44ea173893b62a80dac1d7ada597a1cd7a4f3642bf0ea7f862340cd9c23db314
tcn,independent_rms,202,bandpass_n20004_cLA_V6_covariance_s5,phase2/results/predictions/full/independent_rms/tcn/seed_202/bandpass_n20004_cLA_V6_covariance_s5.npz,76285,c3178970c7654e1d565de4dfe5a92a20b222b7eb51977624c57bbea2bfa0bc81
tcn,independent_rms,202,bandpass_n20004_cLA_V6_covariance_s0,phase2/results/predictions/full/independent_rms/tcn/seed_202/bandpass_n20004_cLA_V6_covariance_s0.npz,75902,738eeefa4e522b3c4caf20c91c52161027f128a12a4bd49f835d716c5b172a60
tcn,independent_rms,202,bandpass_n20004_cLL_V4_independent_rms_s20,phase2/results/predictions/full/independent_rms/tcn/seed_202/bandpass_n20004_cLL_V4_independent_rms_s20.npz,76523,1855a68fd4255cf59702f55b0bc87cd5f264a2c38523933863a2d5e3db3e44dd
tcn,independent_rms,202,bandpass_n20004_cLL_V4_independent_rms_s15,phase2/results/predictions/full/independent_rms/tcn/seed_202/bandpass_n20004_cLL_V4_independent_rms_s15.npz,76521,db30410a023d3b28935ffe8c4a0350f96e03936871016610930287af1f42e721
tcn,independent_rms,202,bandpass_n20004_cLL_V4_independent_rms_s10,phase2/results/predictions/full/independent_rms/tcn/seed_202/bandpass_n20004_cLL_V4_independent_rms_s10.npz,76504,b70d367fce8da4b4e3714b7b7d29faa000de744b63cfa444fe141d580bdc1755
tcn,independent_rms,202,bandpass_n20004_cLL_V4_independent_rms_s5,phase2/results/predictions/full/independent_rms/tcn/seed_202/bandpass_n20004_cLL_V4_independent_rms_s5.npz,76402,453329d5183ef1660226a6c1983e5ff9ef25ae24f1b378965854c0cdc1816ef4
tcn,independent_rms,202,bandpass_n20004_cLL_V4_independent_rms_s0,phase2/results/predictions/full/independent_rms/tcn/seed_202/bandpass_n20004_cLL_V4_independent_rms_s0.npz,76087,fa5dbef49dad3b83c0d3234b6f412d32c032f3e14b68f80e4eeaf6de072a5370
tcn,independent_rms,202,bandpass_n20004_cLL_V4_electrode_s20,phase2/results/predictions/full/independent_rms/tcn/seed_202/bandpass_n20004_cLL_V4_electrode_s20.npz,76493,cc21b21c9abc5bda5a2d0582cf77ee97dc4e7f403301deca50e83e6d7c7f6aab
tcn,independent_rms,202,bandpass_n20004_cLL_V4_electrode_s15,phase2/results/predictions/full/independent_rms/tcn/seed_202/bandpass_n20004_cLL_V4_electrode_s15.npz,76527,05e7c5fab8cd0cc163dd6b6e9b4a16197289c5ebbf3e0fffeb87f309febeb877
tcn,independent_rms,202,bandpass_n20004_cLL_V4_electrode_s10,phase2/results/predictions/full/independent_rms/tcn/seed_202/bandpass_n20004_cLL_V4_electrode_s10.npz,76474,0d2fbfb8981b0a2951836503f192ae58e5d6fda4458f166597876370e31a2421
tcn,independent_rms,202,bandpass_n20004_cLL_V4_electrode_s5,phase2/results/predictions/full/independent_rms/tcn/seed_202/bandpass_n20004_cLL_V4_electrode_s5.npz,76218,b98bbf11af837705fe79b298f6a668ab7111417e98d092171456b069fb760b31
tcn,independent_rms,202,bandpass_n20004_cLL_V4_electrode_s0,phase2/results/predictions/full/independent_rms/tcn/seed_202/bandpass_n20004_cLL_V4_electrode_s0.npz,75931,dd6e61e8c8c085d4b127ac5db7b96d53d5a2107a07524cf61f5842b3b74dd311
tcn,independent_rms,202,bandpass_n20004_cLL_V4_covariance_s20,phase2/results/predictions/full/independent_rms/tcn/seed_202/bandpass_n20004_cLL_V4_covariance_s20.npz,76507,19a35189a727f6549b98584f08f1b63d2cae71470e8a07746d3ec0a19022506b
tcn,independent_rms,202,bandpass_n20004_cLL_V4_covariance_s15,phase2/results/predictions/full/independent_rms/tcn/seed_202/bandpass_n20004_cLL_V4_covariance_s15.npz,76506,878c7ee45fbee2b24f7b755d4243342f82a2a521a82b3f21d7b5e3bc86f0f829
tcn,independent_rms,202,bandpass_n20004_cLL_V4_covariance_s10,phase2/results/predictions/full/independent_rms/tcn/seed_202/bandpass_n20004_cLL_V4_covariance_s10.npz,76433,4fb45455f17285d04c780eda1c1f2f64c4f2a0f70d4d8c370eab6d78d7734216
tcn,independent_rms,202,bandpass_n20004_cLL_V4_covariance_s5,phase2/results/predictions/full/independent_rms/tcn/seed_202/bandpass_n20004_cLL_V4_covariance_s5.npz,76245,7b1486fcf581c18ed7fb0c8abc73515a53f008990b0a85f3acdc0827b99a4039
tcn,independent_rms,202,bandpass_n20004_cLL_V4_covariance_s0,phase2/results/predictions/full/independent_rms/tcn/seed_202/bandpass_n20004_cLL_V4_covariance_s0.npz,75927,1b830bf50ede5203af836ae28bea04be3d48d77619ef4d2fa11e4f869592a706
tcn,independent_rms,202,bandpass_n20004_cRA_LA_V1_V6_independent_rms_s20,phase2/results/predictions/full/independent_rms/tcn/seed_202/bandpass_n20004_cRA_LA_V1_V6_independent_rms_s20.npz,76549,1d8a3775880827d38b15ff23a76bd3064ade56239720eaa3391c833a86726a24
tcn,independent_rms,202,bandpass_n20004_cRA_LA_V1_V6_independent_rms_s15,phase2/results/predictions/full/independent_rms/tcn/seed_202/bandpass_n20004_cRA_LA_V1_V6_independent_rms_s15.npz,76574,5d24beb3c57898d63dd3cb994018ebfb9368a0b85b1bf96866d0a216526aa3f5
tcn,independent_rms,202,bandpass_n20004_cRA_LA_V1_V6_independent_rms_s10,phase2/results/predictions/full/independent_rms/tcn/seed_202/bandpass_n20004_cRA_LA_V1_V6_independent_rms_s10.npz,76500,c7b9884f11abe5648dbec3aa87ff6639ccda8d43d0fee17fca51683ddf8ff243
tcn,independent_rms,202,bandpass_n20004_cRA_LA_V1_V6_independent_rms_s5,phase2/results/predictions/full/independent_rms/tcn/seed_202/bandpass_n20004_cRA_LA_V1_V6_independent_rms_s5.npz,76440,bb3a072a836500ee1b5c2be19062edb765cd5a9c3c56aec3bb1ccc9e8e5f8eec
tcn,independent_rms,202,bandpass_n20004_cRA_LA_V1_V6_independent_rms_s0,phase2/results/predictions/full/independent_rms/tcn/seed_202/bandpass_n20004_cRA_LA_V1_V6_independent_rms_s0.npz,76223,8949f91c4219d2ade2857aace2469edf9f5b034175e854036419e96da47aa5ce
tcn,independent_rms,202,bandpass_n20004_cRA_LA_V1_V6_electrode_s20,phase2/results/predictions/full/independent_rms/tcn/seed_202/bandpass_n20004_cRA_LA_V1_V6_electrode_s20.npz,76508,0cfc4d6066a9b5d6a17b0e26a1b7067fddcc273923470b8f7b2d64b95615a010
tcn,independent_rms,202,bandpass_n20004_cRA_LA_V1_V6_electrode_s15,phase2/results/predictions/full/independent_rms/tcn/seed_202/bandpass_n20004_cRA_LA_V1_V6_electrode_s15.npz,76511,fdb2318e69a2ff02c01a5c968a6473779719cdb703f7cddca9185a97db3d17ff
tcn,independent_rms,202,bandpass_n20004_cRA_LA_V1_V6_electrode_s10,phase2/results/predictions/full/independent_rms/tcn/seed_202/bandpass_n20004_cRA_LA_V1_V6_electrode_s10.npz,76532,37a655d050b8772c32d28e0a4d93dd6889eaf59821114a7e4958a1f68348e3bb
tcn,independent_rms,202,bandpass_n20004_cRA_LA_V1_V6_electrode_s5,phase2/results/predictions/full/independent_rms/tcn/seed_202/bandpass_n20004_cRA_LA_V1_V6_electrode_s5.npz,76308,e29d823411d46fc0f721e05c4990139cc053edf8df19b0e5f4c013f00a4eeca2
tcn,independent_rms,202,bandpass_n20004_cRA_LA_V1_V6_electrode_s0,phase2/results/predictions/full/independent_rms/tcn/seed_202/bandpass_n20004_cRA_LA_V1_V6_electrode_s0.npz,75915,f083f2adf237570c5cdb4b47992dac0dbee550ac87db91fe341cf2c547101bc3
tcn,independent_rms,202,bandpass_n20004_cRA_LA_V1_V6_covariance_s20,phase2/results/predictions/full/independent_rms/tcn/seed_202/bandpass_n20004_cRA_LA_V1_V6_covariance_s20.npz,76514,da9dd8ef16d81e207936c1c1889d00265e2de4d910fe1d7cf3fc87eca5734314
tcn,independent_rms,202,bandpass_n20004_cRA_LA_V1_V6_covariance_s15,phase2/results/predictions/full/independent_rms/tcn/seed_202/bandpass_n20004_cRA_LA_V1_V6_covariance_s15.npz,76517,381c4447f0d7e29fc09641ac3ce228f699ea1609647c214ece3c36b363916220
tcn,independent_rms,202,bandpass_n20004_cRA_LA_V1_V6_covariance_s10,phase2/results/predictions/full/independent_rms/tcn/seed_202/bandpass_n20004_cRA_LA_V1_V6_covariance_s10.npz,76520,6ae27be007aa952dfc82da1d053a29de16de7ec4240553e62d7dba4d662681ab
tcn,independent_rms,202,bandpass_n20004_cRA_LA_V1_V6_covariance_s5,phase2/results/predictions/full/independent_rms/tcn/seed_202/bandpass_n20004_cRA_LA_V1_V6_covariance_s5.npz,76276,d5f999edebb93e2d8eb614e31652eaf18dd507c6599480ddfe07fd2919193522
tcn,independent_rms,202,bandpass_n20004_cRA_LA_V1_V6_covariance_s0,phase2/results/predictions/full/independent_rms/tcn/seed_202/bandpass_n20004_cRA_LA_V1_V6_covariance_s0.npz,75902,6df9a9ef6c728990c6d9b41e9d77d69b635e03873e9388ee83327c66f9bb29b8
tcn,independent_rms,202,bandpass_n20004_cRA_V2_V5_independent_rms_s20,phase2/results/predictions/full/independent_rms/tcn/seed_202/bandpass_n20004_cRA_V2_V5_independent_rms_s20.npz,76528,77b6a299ccc7f2efc3eb16e353b44361c8ba1c7264a72a39ebb9ca68aa6c5de2
tcn,independent_rms,202,bandpass_n20004_cRA_V2_V5_independent_rms_s15,phase2/results/predictions/full/independent_rms/tcn/seed_202/bandpass_n20004_cRA_V2_V5_independent_rms_s15.npz,76548,42a9dac73ab983586ba40ecff0be3fe56689477c3873f8c5882bfea5ac210a9d
tcn,independent_rms,202,bandpass_n20004_cRA_V2_V5_independent_rms_s10,phase2/results/predictions/full/independent_rms/tcn/seed_202/bandpass_n20004_cRA_V2_V5_independent_rms_s10.npz,76514,37d6c643518d8f5366811c6f955d0e794f5276fd7949e235dc3a543b25d88ab1
tcn,independent_rms,202,bandpass_n20004_cRA_V2_V5_independent_rms_s5,phase2/results/predictions/full/independent_rms/tcn/seed_202/bandpass_n20004_cRA_V2_V5_independent_rms_s5.npz,76442,1b49fc01bf9bb2f214c816044ff3a88e0b7c6c53bafc1019f882970e6f1b2e16
tcn,independent_rms,202,bandpass_n20004_cRA_V2_V5_independent_rms_s0,phase2/results/predictions/full/independent_rms/tcn/seed_202/bandpass_n20004_cRA_V2_V5_independent_rms_s0.npz,76214,ca9e7a793ba524d8f875b659bad7ee6da697cf8448c8c5b1d8a79a7b79d6b21f
tcn,independent_rms,202,bandpass_n20004_cRA_V2_V5_electrode_s20,phase2/results/predictions/full/independent_rms/tcn/seed_202/bandpass_n20004_cRA_V2_V5_electrode_s20.npz,76520,e0bd756c917982db88828501018215f62b2ae4c1002566e01ff3d01531394abb
tcn,independent_rms,202,bandpass_n20004_cRA_V2_V5_electrode_s15,phase2/results/predictions/full/independent_rms/tcn/seed_202/bandpass_n20004_cRA_V2_V5_electrode_s15.npz,76513,51653f3be2f1b7c2a2bf65a929f6f6e15876d0a9831485d411fa29f9a8c62e70
tcn,independent_rms,202,bandpass_n20004_cRA_V2_V5_electrode_s10,phase2/results/predictions/full/independent_rms/tcn/seed_202/bandpass_n20004_cRA_V2_V5_electrode_s10.npz,76517,c17e38a06a9222bc5a34eb4e3f8c9de30a39ac1e5213daad51072d4280992167
tcn,independent_rms,202,bandpass_n20004_cRA_V2_V5_electrode_s5,phase2/results/predictions/full/independent_rms/tcn/seed_202/bandpass_n20004_cRA_V2_V5_electrode_s5.npz,76382,e5c9e83621df97c5e1094902631c79ab83d8f85d04c6009e1f811ea21796b7a8
tcn,independent_rms,202,bandpass_n20004_cRA_V2_V5_electrode_s0,phase2/results/predictions/full/independent_rms/tcn/seed_202/bandpass_n20004_cRA_V2_V5_electrode_s0.npz,76058,7075a374d66f2c21d409e62cb0559c6bc36fcb7e363711fd3cfe4e684cd58029
tcn,independent_rms,202,bandpass_n20004_cRA_V2_V5_covariance_s20,phase2/results/predictions/full/independent_rms/tcn/seed_202/bandpass_n20004_cRA_V2_V5_covariance_s20.npz,76521,0e983b2504617c4e6b5088cb97a6a58b8532871615e7390a0072d747af492a63
tcn,independent_rms,202,bandpass_n20004_cRA_V2_V5_covariance_s15,phase2/results/predictions/full/independent_rms/tcn/seed_202/bandpass_n20004_cRA_V2_V5_covariance_s15.npz,76505,183d300e6c19a6a3141dedcceb66685d618b851421df1242e06d348d38dfcc34
tcn,independent_rms,202,bandpass_n20004_cRA_V2_V5_covariance_s10,phase2/results/predictions/full/independent_rms/tcn/seed_202/bandpass_n20004_cRA_V2_V5_covariance_s10.npz,76490,8c0d2a0aed6c0ff40a5d9331fac9b257f48702b2cc98fa5307088e3fb3fbabe3
tcn,independent_rms,202,bandpass_n20004_cRA_V2_V5_covariance_s5,phase2/results/predictions/full/independent_rms/tcn/seed_202/bandpass_n20004_cRA_V2_V5_covariance_s5.npz,76382,bfb8165709f552e6f59e6daa38b90ffbd2cc6f8041da9297bb0a113982f43e34
tcn,independent_rms,202,bandpass_n20004_cRA_V2_V5_covariance_s0,phase2/results/predictions/full/independent_rms/tcn/seed_202/bandpass_n20004_cRA_V2_V5_covariance_s0.npz,76035,4e12b599ac09b70dd5b6cc526516cb4ae51491dc2a23ede050b3b17c7a610c6c
tcn,independent_rms,202,bandpass_n20004_cLA_V3_V6_independent_rms_s20,phase2/results/predictions/full/independent_rms/tcn/seed_202/bandpass_n20004_cLA_V3_V6_independent_rms_s20.npz,76512,62e3cc6d5450b837a1b9ef5eb6cbbcbc349255b9a11b1663a0e0da2e6f29a078
tcn,independent_rms,202,bandpass_n20004_cLA_V3_V6_independent_rms_s15,phase2/results/predictions/full/independent_rms/tcn/seed_202/bandpass_n20004_cLA_V3_V6_independent_rms_s15.npz,76543,d9f19608e8acd0bcc7256b0e179dd7bd0efecc74cff95e67d6f04cb704a6deeb
tcn,independent_rms,202,bandpass_n20004_cLA_V3_V6_independent_rms_s10,phase2/results/predictions/full/independent_rms/tcn/seed_202/bandpass_n20004_cLA_V3_V6_independent_rms_s10.npz,76506,ce874182b4571e99904f4f451dbc3c0851ea923902f2d7a76894aeda12d50185
tcn,independent_rms,202,bandpass_n20004_cLA_V3_V6_independent_rms_s5,phase2/results/predictions/full/independent_rms/tcn/seed_202/bandpass_n20004_cLA_V3_V6_independent_rms_s5.npz,76489,a97fbe088a75e2b5b32ba40e8f829732c65d968aba8665dba72e53e763973ab5
tcn,independent_rms,202,bandpass_n20004_cLA_V3_V6_independent_rms_s0,phase2/results/predictions/full/independent_rms/tcn/seed_202/bandpass_n20004_cLA_V3_V6_independent_rms_s0.npz,76286,5cc9e36d6cd700dd603afbbf62e07fff890c88b981031fe1759f2eb8926cc34a
tcn,independent_rms,202,bandpass_n20004_cLA_V3_V6_electrode_s20,phase2/results/predictions/full/independent_rms/tcn/seed_202/bandpass_n20004_cLA_V3_V6_electrode_s20.npz,76492,fdc85250164b0216ba865241c73d27b7a48b5dc4517f7b24c13a7cc4451502b0
tcn,independent_rms,202,bandpass_n20004_cLA_V3_V6_electrode_s15,phase2/results/predictions/full/independent_rms/tcn/seed_202/bandpass_n20004_cLA_V3_V6_electrode_s15.npz,76529,1e625e03976865be65cf987247495a1e18af2fd8285a52673903595dfc71bee5
tcn,independent_rms,202,bandpass_n20004_cLA_V3_V6_electrode_s10,phase2/results/predictions/full/independent_rms/tcn/seed_202/bandpass_n20004_cLA_V3_V6_electrode_s10.npz,76515,a83c63417381e238cf49bd83f17f93370382d15c55ef41441b788814690f1bc2
tcn,independent_rms,202,bandpass_n20004_cLA_V3_V6_electrode_s5,phase2/results/predictions/full/independent_rms/tcn/seed_202/bandpass_n20004_cLA_V3_V6_electrode_s5.npz,76310,aafedce41ab8917dcfe73c95e8bd3d2123868526cd0aa057fa754a657f3c107b
tcn,independent_rms,202,bandpass_n20004_cLA_V3_V6_electrode_s0,phase2/results/predictions/full/independent_rms/tcn/seed_202/bandpass_n20004_cLA_V3_V6_electrode_s0.npz,75937,09f01376eaa6a7bbe48babdd2fe8d032b102354f603059e58df9fb0653445b67
tcn,independent_rms,202,bandpass_n20004_cLA_V3_V6_covariance_s20,phase2/results/predictions/full/independent_rms/tcn/seed_202/bandpass_n20004_cLA_V3_V6_covariance_s20.npz,76548,8221a21c94fd1339a36f8412d012a3f794755efa1fb79c9c89fbb09a14d94a65
tcn,independent_rms,202,bandpass_n20004_cLA_V3_V6_covariance_s15,phase2/results/predictions/full/independent_rms/tcn/seed_202/bandpass_n20004_cLA_V3_V6_covariance_s15.npz,76509,6fe7fcd5f6571fb03d44090177bbc30793ac7154a01b9c32a2e6221fed28d815
tcn,independent_rms,202,bandpass_n20004_cLA_V3_V6_covariance_s10,phase2/results/predictions/full/independent_rms/tcn/seed_202/bandpass_n20004_cLA_V3_V6_covariance_s10.npz,76491,2b538804348d9f6276b873f09825c396ba886f4df171d5059203021c66502f9e
tcn,independent_rms,202,bandpass_n20004_cLA_V3_V6_covariance_s5,phase2/results/predictions/full/independent_rms/tcn/seed_202/bandpass_n20004_cLA_V3_V6_covariance_s5.npz,76318,2ee7d173ab456fd8bfeb2e53d49493b35cf481484ed08cacc24a314f0c2dc3a5
tcn,independent_rms,202,bandpass_n20004_cLA_V3_V6_covariance_s0,phase2/results/predictions/full/independent_rms/tcn/seed_202/bandpass_n20004_cLA_V3_V6_covariance_s0.npz,75955,5187d5e4a30cd9b9fa4e23cda0aa1fce3a4e0fcff13cbdd32217ad4f3678796b
tcn,independent_rms,202,bandpass_n20004_cLL_V1_V4_independent_rms_s20,phase2/results/predictions/full/independent_rms/tcn/seed_202/bandpass_n20004_cLL_V1_V4_independent_rms_s20.npz,76552,56bff166c392929661d066b8f243d893462eeff034db78e6c4af7bf66d75e590
tcn,independent_rms,202,bandpass_n20004_cLL_V1_V4_independent_rms_s15,phase2/results/predictions/full/independent_rms/tcn/seed_202/bandpass_n20004_cLL_V1_V4_independent_rms_s15.npz,76515,20d8475ff3d04360c9568e2b634dadab7f030aa92c880116288f8c8f096b4f0a
tcn,independent_rms,202,bandpass_n20004_cLL_V1_V4_independent_rms_s10,phase2/results/predictions/full/independent_rms/tcn/seed_202/bandpass_n20004_cLL_V1_V4_independent_rms_s10.npz,76529,025db5911c031d8ca571d85e37ee931af5b2bc628b97a88a5b3dd26e173d22b9
tcn,independent_rms,202,bandpass_n20004_cLL_V1_V4_independent_rms_s5,phase2/results/predictions/full/independent_rms/tcn/seed_202/bandpass_n20004_cLL_V1_V4_independent_rms_s5.npz,76382,b8bd017732299ff1709f3913ee16a5bc19cbc5d66e30da7955aaee39fe63daa8
tcn,independent_rms,202,bandpass_n20004_cLL_V1_V4_independent_rms_s0,phase2/results/predictions/full/independent_rms/tcn/seed_202/bandpass_n20004_cLL_V1_V4_independent_rms_s0.npz,76126,2467d533962fbdc6dbdca6274c5d37fe064e270378bef92515fe0eb0f751a29e
tcn,independent_rms,202,bandpass_n20004_cLL_V1_V4_electrode_s20,phase2/results/predictions/full/independent_rms/tcn/seed_202/bandpass_n20004_cLL_V1_V4_electrode_s20.npz,76504,4d4e6695990210835155439f9338d23c56f388f8eea285f95bdc46bd4f63b745
tcn,independent_rms,202,bandpass_n20004_cLL_V1_V4_electrode_s15,phase2/results/predictions/full/independent_rms/tcn/seed_202/bandpass_n20004_cLL_V1_V4_electrode_s15.npz,76493,0a03f22090d078ba4dbf9ef8497d527fb12635583798841944880378a5813c88
tcn,independent_rms,202,bandpass_n20004_cLL_V1_V4_electrode_s10,phase2/results/predictions/full/independent_rms/tcn/seed_202/bandpass_n20004_cLL_V1_V4_electrode_s10.npz,76458,82fe2c00177d8f8b71abb13e200c71f798d41b248f99a06f21a2eec89b60d5c2
tcn,independent_rms,202,bandpass_n20004_cLL_V1_V4_electrode_s5,phase2/results/predictions/full/independent_rms/tcn/seed_202/bandpass_n20004_cLL_V1_V4_electrode_s5.npz,76264,60c513ae675f6492271e6ec02bc6e41f5beb17a22fa9838eeb9fc3f659ebb961
tcn,independent_rms,202,bandpass_n20004_cLL_V1_V4_electrode_s0,phase2/results/predictions/full/independent_rms/tcn/seed_202/bandpass_n20004_cLL_V1_V4_electrode_s0.npz,75912,d36fea655cf56efb67bda39cc461221eb2317864d345dce144ae0139fe94b1d6
tcn,independent_rms,202,bandpass_n20004_cLL_V1_V4_covariance_s20,phase2/results/predictions/full/independent_rms/tcn/seed_202/bandpass_n20004_cLL_V1_V4_covariance_s20.npz,76515,adf01b346d35ef6dba39595b63353ed56f722a5baf823e2f8603d1fb440e18c7
tcn,independent_rms,202,bandpass_n20004_cLL_V1_V4_covariance_s15,phase2/results/predictions/full/independent_rms/tcn/seed_202/bandpass_n20004_cLL_V1_V4_covariance_s15.npz,76529,87aad4e253a69ee637926af90e0dd300364934944f2dcaa91ff1cc93bf3253fe
tcn,independent_rms,202,bandpass_n20004_cLL_V1_V4_covariance_s10,phase2/results/predictions/full/independent_rms/tcn/seed_202/bandpass_n20004_cLL_V1_V4_covariance_s10.npz,76450,ae0d2a4e181283c23aca4341acce14a3f89675f1f53900d97269478572596ae6
tcn,independent_rms,202,bandpass_n20004_cLL_V1_V4_covariance_s5,phase2/results/predictions/full/independent_rms/tcn/seed_202/bandpass_n20004_cLL_V1_V4_covariance_s5.npz,76252,d1f3bb41dfe49d3a9efabc09ece42d2385e361e6119a9dbff5d80a32f08c8517
tcn,independent_rms,202,bandpass_n20004_cLL_V1_V4_covariance_s0,phase2/results/predictions/full/independent_rms/tcn/seed_202/bandpass_n20004_cLL_V1_V4_covariance_s0.npz,75916,065e3c59753346364c93b22165b5077b4af1d64485f7a8b23cd901415d9b2d11
tcn,independent_rms,202,bandpass_n20004_call_independent_rms_s20,phase2/results/predictions/full/independent_rms/tcn/seed_202/bandpass_n20004_call_independent_rms_s20.npz,76490,8464888f9ed1dea9a408fcc844eb4659f0a8c4a02f512635c2c5bc799f756a59
tcn,independent_rms,202,bandpass_n20004_call_independent_rms_s15,phase2/results/predictions/full/independent_rms/tcn/seed_202/bandpass_n20004_call_independent_rms_s15.npz,76510,03beb207d5e7e2e1818c09ce4555103912a45408f331053da895589b3006949b
tcn,independent_rms,202,bandpass_n20004_call_independent_rms_s10,phase2/results/predictions/full/independent_rms/tcn/seed_202/bandpass_n20004_call_independent_rms_s10.npz,76500,681cbc3aae5bfda3a446214e6b603f16df2e296b447993ff5f7cbdc2cd8eec50
tcn,independent_rms,202,bandpass_n20004_call_independent_rms_s5,phase2/results/predictions/full/independent_rms/tcn/seed_202/bandpass_n20004_call_independent_rms_s5.npz,76405,83d0f836cacf5475675501535c043d7fa3f8b2898a637d569e2faec2de405456
tcn,independent_rms,202,bandpass_n20004_call_independent_rms_s0,phase2/results/predictions/full/independent_rms/tcn/seed_202/bandpass_n20004_call_independent_rms_s0.npz,76165,8240201d01e79625ff75ce21089e8dc84b420d807bf5f60d43cdee8b0b940480
tcn,independent_rms,202,bandpass_n20004_call_electrode_s20,phase2/results/predictions/full/independent_rms/tcn/seed_202/bandpass_n20004_call_electrode_s20.npz,76498,b4a1147ab9afb0e517d37c14083ac5537d933bf2cec21a48ca582ad9b273c5ea
tcn,independent_rms,202,bandpass_n20004_call_electrode_s15,phase2/results/predictions/full/independent_rms/tcn/seed_202/bandpass_n20004_call_electrode_s15.npz,76484,c54d98a918bc196eb982859959c03336a57a5af56785ca6063d85a507604c59e
tcn,independent_rms,202,bandpass_n20004_call_electrode_s10,phase2/results/predictions/full/independent_rms/tcn/seed_202/bandpass_n20004_call_electrode_s10.npz,76457,0bbf437d7a11f8d8befa227847fca89fb1add1c9a13a8155e52da4d84b3a4fdf
tcn,independent_rms,202,bandpass_n20004_call_electrode_s5,phase2/results/predictions/full/independent_rms/tcn/seed_202/bandpass_n20004_call_electrode_s5.npz,76294,6e6a5c53de7a2989e8b6870e217ba451ad906fb03541ccf0ea81bebbd7671f36
tcn,independent_rms,202,bandpass_n20004_call_electrode_s0,phase2/results/predictions/full/independent_rms/tcn/seed_202/bandpass_n20004_call_electrode_s0.npz,75874,614fefc911ec30454b45281932b2ce629f40b61f20a0077c4c3ea72122339a78
tcn,independent_rms,202,bandpass_n20004_call_covariance_s20,phase2/results/predictions/full/independent_rms/tcn/seed_202/bandpass_n20004_call_covariance_s20.npz,76474,4f1f8e0572b32eb8fdb3563ceab87a5434f14e02fd2e98d4e6566531266e8fe5
tcn,independent_rms,202,bandpass_n20004_call_covariance_s15,phase2/results/predictions/full/independent_rms/tcn/seed_202/bandpass_n20004_call_covariance_s15.npz,76471,7c3923c141572da5378c74248c1ee4197917498daca14add6f293ee178411313
tcn,independent_rms,202,bandpass_n20004_call_covariance_s10,phase2/results/predictions/full/independent_rms/tcn/seed_202/bandpass_n20004_call_covariance_s10.npz,76493,4831ffce9cb8a0d244c5133654bf14d5f072c981ff99b97a01877ec8485d638b
tcn,independent_rms,202,bandpass_n20004_call_covariance_s5,phase2/results/predictions/full/independent_rms/tcn/seed_202/bandpass_n20004_call_covariance_s5.npz,76268,40c634e1ce81ed4784ab29ffa5755d6dd88dfcd8f5b61498b18fab4a66db1af4
tcn,independent_rms,202,bandpass_n20004_call_covariance_s0,phase2/results/predictions/full/independent_rms/tcn/seed_202/bandpass_n20004_call_covariance_s0.npz,75859,4c3cc9cbe7b47b7957de8de41b1bc16554817636e34d6be5dc1b4d8b721b120c
tcn,independent_rms,202,bandpass_n20005_cRA_LA_LL_independent_rms_s20,phase2/results/predictions/full/independent_rms/tcn/seed_202/bandpass_n20005_cRA_LA_LL_independent_rms_s20.npz,76494,c2127805e0d2319486e188718273ac308742de603423b5b900148a03f73ca7bd
tcn,independent_rms,202,bandpass_n20005_cRA_LA_LL_independent_rms_s15,phase2/results/predictions/full/independent_rms/tcn/seed_202/bandpass_n20005_cRA_LA_LL_independent_rms_s15.npz,76501,554c8cbb4324c1e1c7c65d8a79c7a7c828ff1011d468531fe74e5f0b9bfb25ee
tcn,independent_rms,202,bandpass_n20005_cRA_LA_LL_independent_rms_s10,phase2/results/predictions/full/independent_rms/tcn/seed_202/bandpass_n20005_cRA_LA_LL_independent_rms_s10.npz,76510,135321e7e7ad8290806bb0fd29e6b12b8588a85753736a77699d5d315d997127
tcn,independent_rms,202,bandpass_n20005_cRA_LA_LL_independent_rms_s5,phase2/results/predictions/full/independent_rms/tcn/seed_202/bandpass_n20005_cRA_LA_LL_independent_rms_s5.npz,76413,5ba81171d79042045c414cd9523b0547fec0dd39b56bb037053883ccda329aaf
tcn,independent_rms,202,bandpass_n20005_cRA_LA_LL_independent_rms_s0,phase2/results/predictions/full/independent_rms/tcn/seed_202/bandpass_n20005_cRA_LA_LL_independent_rms_s0.npz,76174,2959e8c14c57fc4f1eeec2fc2a748795d412a65931b9735d69a0fde962aeb74f
tcn,independent_rms,202,bandpass_n20005_cRA_LA_LL_electrode_s20,phase2/results/predictions/full/independent_rms/tcn/seed_202/bandpass_n20005_cRA_LA_LL_electrode_s20.npz,76492,41e9cc3a658b63e3d2f5bf2ac19110c979d460fb34fe9791c4f2f7f7c70aa4cf
tcn,independent_rms,202,bandpass_n20005_cRA_LA_LL_electrode_s15,phase2/results/predictions/full/independent_rms/tcn/seed_202/bandpass_n20005_cRA_LA_LL_electrode_s15.npz,76538,2403459dd82b95346e6e4bdacc72cac06d66cd9ee6b1e3b802d341a7fcff9023
tcn,independent_rms,202,bandpass_n20005_cRA_LA_LL_electrode_s10,phase2/results/predictions/full/independent_rms/tcn/seed_202/bandpass_n20005_cRA_LA_LL_electrode_s10.npz,76442,9511cd87d10021484616f10dffc395843a188a201d669f6c1b24185298f875a5
tcn,independent_rms,202,bandpass_n20005_cRA_LA_LL_electrode_s5,phase2/results/predictions/full/independent_rms/tcn/seed_202/bandpass_n20005_cRA_LA_LL_electrode_s5.npz,76254,d13f92423d0a8783dd2953d399e1fa8afa3fb582f6f55e201e6c7e36705d4c45
tcn,independent_rms,202,bandpass_n20005_cRA_LA_LL_electrode_s0,phase2/results/predictions/full/independent_rms/tcn/seed_202/bandpass_n20005_cRA_LA_LL_electrode_s0.npz,75803,a25fa83c20035b9f5766779e196c79eabfaa1493d59ab1710fb8b42a6459edc9
tcn,independent_rms,202,bandpass_n20005_cRA_LA_LL_covariance_s20,phase2/results/predictions/full/independent_rms/tcn/seed_202/bandpass_n20005_cRA_LA_LL_covariance_s20.npz,76514,5844d5cceb046b4073d62e35cdf6b69eaad471d6a452a5f8273fc660de92080a
tcn,independent_rms,202,bandpass_n20005_cRA_LA_LL_covariance_s15,phase2/results/predictions/full/independent_rms/tcn/seed_202/bandpass_n20005_cRA_LA_LL_covariance_s15.npz,76515,d57e029baec117cfe7ad22dd993494fb1f15cb747d3d61ff88b9382b48ba4790
tcn,independent_rms,202,bandpass_n20005_cRA_LA_LL_covariance_s10,phase2/results/predictions/full/independent_rms/tcn/seed_202/bandpass_n20005_cRA_LA_LL_covariance_s10.npz,76460,b6f33c963e1b33e2791f53449d3129969e360bcce61b6f0e33de452116946884
tcn,independent_rms,202,bandpass_n20005_cRA_LA_LL_covariance_s5,phase2/results/predictions/full/independent_rms/tcn/seed_202/bandpass_n20005_cRA_LA_LL_covariance_s5.npz,76249,7e85675a7cfec2af8846e3019dba1d2ea30db5f33740868b972c43224adfbdb2
tcn,independent_rms,202,bandpass_n20005_cRA_LA_LL_covariance_s0,phase2/results/predictions/full/independent_rms/tcn/seed_202/bandpass_n20005_cRA_LA_LL_covariance_s0.npz,75796,57e09e81fac7cabdf8af3184f90c75a934f9f4748d970ecc09259c850103c6e8
tcn,independent_rms,202,bandpass_n20005_cV1_independent_rms_s20,phase2/results/predictions/full/independent_rms/tcn/seed_202/bandpass_n20005_cV1_independent_rms_s20.npz,76537,37016be49d62e49adabd4a220c6db9be486491cb0a51d6e3c22b0ed4cff104ba
tcn,independent_rms,202,bandpass_n20005_cV1_independent_rms_s15,phase2/results/predictions/full/independent_rms/tcn/seed_202/bandpass_n20005_cV1_independent_rms_s15.npz,76520,14b9b9032483a2e59d562bb6985fb8908892c138e2a4f2288474a55dd1581999
tcn,independent_rms,202,bandpass_n20005_cV1_independent_rms_s10,phase2/results/predictions/full/independent_rms/tcn/seed_202/bandpass_n20005_cV1_independent_rms_s10.npz,76509,b29967e31902184f4949cb329d39578d1e1414b8895a24e6fd01a65f30f32fe5
tcn,independent_rms,202,bandpass_n20005_cV1_independent_rms_s5,phase2/results/predictions/full/independent_rms/tcn/seed_202/bandpass_n20005_cV1_independent_rms_s5.npz,76374,bd388cbfa92b78c6bc7165223c886efe77fe392cff1379a547aa269c506a6d2c
tcn,independent_rms,202,bandpass_n20005_cV1_independent_rms_s0,phase2/results/predictions/full/independent_rms/tcn/seed_202/bandpass_n20005_cV1_independent_rms_s0.npz,76048,eb7ed45b2b43327e9d3244ae45ccbd34002159bf48c1c091742bc51a8c054fcc
tcn,independent_rms,202,bandpass_n20005_cV1_electrode_s20,phase2/results/predictions/full/independent_rms/tcn/seed_202/bandpass_n20005_cV1_electrode_s20.npz,76477,59a3b4a8cb74e3ab4791c79fbe5cd4ca6eb80fff8b48f097996fa7b55fb13aed
tcn,independent_rms,202,bandpass_n20005_cV1_electrode_s15,phase2/results/predictions/full/independent_rms/tcn/seed_202/bandpass_n20005_cV1_electrode_s15.npz,76534,9d4fd96d065060ed670a088eb71379d47c4f9d6ce3ef249cf2ad5f898a92ffa2
tcn,independent_rms,202,bandpass_n20005_cV1_electrode_s10,phase2/results/predictions/full/independent_rms/tcn/seed_202/bandpass_n20005_cV1_electrode_s10.npz,76463,a856e7dac21e1c38434d7072adafb4f9762a2e92565c109b4124a6998d11369d
tcn,independent_rms,202,bandpass_n20005_cV1_electrode_s5,phase2/results/predictions/full/independent_rms/tcn/seed_202/bandpass_n20005_cV1_electrode_s5.npz,76353,fddfc8222e60e801dfbbf45e2514df8073ec51ad1160d46e634a1666c0aadf33
tcn,independent_rms,202,bandpass_n20005_cV1_electrode_s0,phase2/results/predictions/full/independent_rms/tcn/seed_202/bandpass_n20005_cV1_electrode_s0.npz,76026,e6c339628c98759aea0ad788414b220ef3bfc4c09a57957676b04f9aafc460a2
tcn,independent_rms,202,bandpass_n20005_cV1_covariance_s20,phase2/results/predictions/full/independent_rms/tcn/seed_202/bandpass_n20005_cV1_covariance_s20.npz,76474,7fa11a7473ab2e6238bc24d155a6f860d62f95e1f2b48d3cf5de36487607e6cc
tcn,independent_rms,202,bandpass_n20005_cV1_covariance_s15,phase2/results/predictions/full/independent_rms/tcn/seed_202/bandpass_n20005_cV1_covariance_s15.npz,76484,ba7ae36032d6e24c99d12be0287c760d4527234af72bad79b965d593197eaec4
tcn,independent_rms,202,bandpass_n20005_cV1_covariance_s10,phase2/results/predictions/full/independent_rms/tcn/seed_202/bandpass_n20005_cV1_covariance_s10.npz,76478,e6c9f2be447493495550999354bd7349531e627a5a1b26d129f49b52d3f9b3c2
tcn,independent_rms,202,bandpass_n20005_cV1_covariance_s5,phase2/results/predictions/full/independent_rms/tcn/seed_202/bandpass_n20005_cV1_covariance_s5.npz,76358,7834c60de925618e43aff48ffd7bf5eb87583a360c6013472494b30b53b35f25
tcn,independent_rms,202,bandpass_n20005_cV1_covariance_s0,phase2/results/predictions/full/independent_rms/tcn/seed_202/bandpass_n20005_cV1_covariance_s0.npz,76031,3a6c2e19989bd4fd12675f5a74b7ab6e5d5284954abb15d3b9389ab836422e75
tcn,independent_rms,202,bandpass_n20005_cV2_independent_rms_s20,phase2/results/predictions/full/independent_rms/tcn/seed_202/bandpass_n20005_cV2_independent_rms_s20.npz,76502,470e427ba615e0a6c9807e51c07915451bbde36a1b3d25a7f3ef129c687f45df
tcn,independent_rms,202,bandpass_n20005_cV2_independent_rms_s15,phase2/results/predictions/full/independent_rms/tcn/seed_202/bandpass_n20005_cV2_independent_rms_s15.npz,76509,238649b03243fa4ecb2ea3d15758762eccf08e9e65c5acde81a037e753ec1074
tcn,independent_rms,202,bandpass_n20005_cV2_independent_rms_s10,phase2/results/predictions/full/independent_rms/tcn/seed_202/bandpass_n20005_cV2_independent_rms_s10.npz,76506,6d6b3c79e9bd4a5dd36e163b8085e18a0f29e330887dda551a2bb9f9d5d3907d
tcn,independent_rms,202,bandpass_n20005_cV2_independent_rms_s5,phase2/results/predictions/full/independent_rms/tcn/seed_202/bandpass_n20005_cV2_independent_rms_s5.npz,76395,eeefb3f884f8f55b0c0f47c3c7c5c64097850a0748edc663ffebde95904392ed
tcn,independent_rms,202,bandpass_n20005_cV2_independent_rms_s0,phase2/results/predictions/full/independent_rms/tcn/seed_202/bandpass_n20005_cV2_independent_rms_s0.npz,76218,3b0cf732be49b6053ca6f72d30db1c3ec4f827af6128174a0683387d24eb671f
tcn,independent_rms,202,bandpass_n20005_cV2_electrode_s20,phase2/results/predictions/full/independent_rms/tcn/seed_202/bandpass_n20005_cV2_electrode_s20.npz,76478,c8077128c7a46045e20a7696ef501b54ea2f1aac511d6a7d8b598244fb203d98
tcn,independent_rms,202,bandpass_n20005_cV2_electrode_s15,phase2/results/predictions/full/independent_rms/tcn/seed_202/bandpass_n20005_cV2_electrode_s15.npz,76526,d94bf67dbf46caccf19c83a0ca2aa9ecde90770e61c28fe06dadfe17f294a2fe
tcn,independent_rms,202,bandpass_n20005_cV2_electrode_s10,phase2/results/predictions/full/independent_rms/tcn/seed_202/bandpass_n20005_cV2_electrode_s10.npz,76485,08ad77d03eae8e03b949a3893bc5e5276867cb46de1a1bb179722d4685563588
tcn,independent_rms,202,bandpass_n20005_cV2_electrode_s5,phase2/results/predictions/full/independent_rms/tcn/seed_202/bandpass_n20005_cV2_electrode_s5.npz,76402,5ed5a9c9a04b305cb50f09a79bf810bdef7d587522bf5e940156eef5038274ec
tcn,independent_rms,202,bandpass_n20005_cV2_electrode_s0,phase2/results/predictions/full/independent_rms/tcn/seed_202/bandpass_n20005_cV2_electrode_s0.npz,76201,42f40ccc9f903bf3c03098fc5730af7135c9847202a2f7569c3225c0dab1486c
tcn,independent_rms,202,bandpass_n20005_cV2_covariance_s20,phase2/results/predictions/full/independent_rms/tcn/seed_202/bandpass_n20005_cV2_covariance_s20.npz,76495,97ed546b0106cb12d3d0bc36be63c7941730c02f501009950afcd03ca1ab9df0
tcn,independent_rms,202,bandpass_n20005_cV2_covariance_s15,phase2/results/predictions/full/independent_rms/tcn/seed_202/bandpass_n20005_cV2_covariance_s15.npz,76497,124bea0a8c75afd548fbba2fd7c0450eb9e1666cdcf4092574130e774807c4a4
tcn,independent_rms,202,bandpass_n20005_cV2_covariance_s10,phase2/results/predictions/full/independent_rms/tcn/seed_202/bandpass_n20005_cV2_covariance_s10.npz,76489,0ef128d2438b0ed3f3c725ccf7c4967f25b645196961f6518182d5d6b07c23b5
tcn,independent_rms,202,bandpass_n20005_cV2_covariance_s5,phase2/results/predictions/full/independent_rms/tcn/seed_202/bandpass_n20005_cV2_covariance_s5.npz,76402,3eb42c5e0ebccaecfefaa21e36a6a09e95388a4ab12af017a5701ef3b4302128
tcn,independent_rms,202,bandpass_n20005_cV2_covariance_s0,phase2/results/predictions/full/independent_rms/tcn/seed_202/bandpass_n20005_cV2_covariance_s0.npz,76196,585611b9bc4da7834d62f1223ad3075e79bb2d6027936bf258b48ab2dac4657f
tcn,independent_rms,202,bandpass_n20005_cV3_independent_rms_s20,phase2/results/predictions/full/independent_rms/tcn/seed_202/bandpass_n20005_cV3_independent_rms_s20.npz,76526,60919e10faad3774e415f2c647fb5911189d10a73ed2781f6c01041af6a18dff
tcn,independent_rms,202,bandpass_n20005_cV3_independent_rms_s15,phase2/results/predictions/full/independent_rms/tcn/seed_202/bandpass_n20005_cV3_independent_rms_s15.npz,76530,73250b4c951130a71541ab0a928f6a3d61c7d8c9d54b105044e939b0d73be674
tcn,independent_rms,202,bandpass_n20005_cV3_independent_rms_s10,phase2/results/predictions/full/independent_rms/tcn/seed_202/bandpass_n20005_cV3_independent_rms_s10.npz,76487,ba22c9c6bb48698b6e7522d6b764d05a0116ed99b033b851f89bd4741b7aea0b
tcn,independent_rms,202,bandpass_n20005_cV3_independent_rms_s5,phase2/results/predictions/full/independent_rms/tcn/seed_202/bandpass_n20005_cV3_independent_rms_s5.npz,76502,fed61330435da0627c8cf9e1791c4e8e5c633f3940fc74577970df22e0c858cf
tcn,independent_rms,202,bandpass_n20005_cV3_independent_rms_s0,phase2/results/predictions/full/independent_rms/tcn/seed_202/bandpass_n20005_cV3_independent_rms_s0.npz,76373,2262ccde166dac55c81c6961a9dd96e96291275259d9ff27a674d8645c71b10b
tcn,independent_rms,202,bandpass_n20005_cV3_electrode_s20,phase2/results/predictions/full/independent_rms/tcn/seed_202/bandpass_n20005_cV3_electrode_s20.npz,76481,47be9b3584566d975346caa6927e94646626e46c80b268c614baffd3e624f147
tcn,independent_rms,202,bandpass_n20005_cV3_electrode_s15,phase2/results/predictions/full/independent_rms/tcn/seed_202/bandpass_n20005_cV3_electrode_s15.npz,76523,e5171066a431e8c330f434c6a6ca590e2528d2e6e56b11c5c531056a4b3ac2fc
tcn,independent_rms,202,bandpass_n20005_cV3_electrode_s10,phase2/results/predictions/full/independent_rms/tcn/seed_202/bandpass_n20005_cV3_electrode_s10.npz,76504,79b62b36dac4c387c7b88a17e956f7167d601293a719814ea97c20207bd9488c
tcn,independent_rms,202,bandpass_n20005_cV3_electrode_s5,phase2/results/predictions/full/independent_rms/tcn/seed_202/bandpass_n20005_cV3_electrode_s5.npz,76490,c78a5829467d7d01180bc196b20c23a9bfde2d6fd633d0bfd260f95e5717e5bb
tcn,independent_rms,202,bandpass_n20005_cV3_electrode_s0,phase2/results/predictions/full/independent_rms/tcn/seed_202/bandpass_n20005_cV3_electrode_s0.npz,76343,3f9d92292b2a062e4dba662f11cbaf7b5acca1bcac40922603124fa0ddbc9d97
tcn,independent_rms,202,bandpass_n20005_cV3_covariance_s20,phase2/results/predictions/full/independent_rms/tcn/seed_202/bandpass_n20005_cV3_covariance_s20.npz,76518,7863dab3cf1ef448bbfe84aa4ca37e8c0a83015341e3bd0895ebd5b54987064c
tcn,independent_rms,202,bandpass_n20005_cV3_covariance_s15,phase2/results/predictions/full/independent_rms/tcn/seed_202/bandpass_n20005_cV3_covariance_s15.npz,76483,e97ba6631c7b4964248c61b271b022ed4271bef37037e4116be609d66799b0a4
tcn,independent_rms,202,bandpass_n20005_cV3_covariance_s10,phase2/results/predictions/full/independent_rms/tcn/seed_202/bandpass_n20005_cV3_covariance_s10.npz,76473,3a3c32ad670bb3e284148fd8dd020c9b9e4903a529764a53b4f4414214a5a667
tcn,independent_rms,202,bandpass_n20005_cV3_covariance_s5,phase2/results/predictions/full/independent_rms/tcn/seed_202/bandpass_n20005_cV3_covariance_s5.npz,76496,b046e5135f8f3b6b0db0bfebe1b3de623447446ca3cb449214fb1ef3ce89c218
tcn,independent_rms,202,bandpass_n20005_cV3_covariance_s0,phase2/results/predictions/full/independent_rms/tcn/seed_202/bandpass_n20005_cV3_covariance_s0.npz,76353,063c5880edd94aa4191863cf6ed699855e977869b2e3adc45f0f94edcaeb99c0
tcn,independent_rms,202,bandpass_n20005_cV4_independent_rms_s20,phase2/results/predictions/full/independent_rms/tcn/seed_202/bandpass_n20005_cV4_independent_rms_s20.npz,76516,12964dd3b32948340f6450cb94de8581f3bf23c0055272b3ac0a8c7fb6330227
tcn,independent_rms,202,bandpass_n20005_cV4_independent_rms_s15,phase2/results/predictions/full/independent_rms/tcn/seed_202/bandpass_n20005_cV4_independent_rms_s15.npz,76533,b9899986eed22c7f39b73b87a89f4f6b7b7bf01403ef37c193ce152b03cc5f1b
tcn,independent_rms,202,bandpass_n20005_cV4_independent_rms_s10,phase2/results/predictions/full/independent_rms/tcn/seed_202/bandpass_n20005_cV4_independent_rms_s10.npz,76525,cfc84319edb51351bf86b87c7063fd1d77423b1713c43acf7ebf7b1db91aab89
tcn,independent_rms,202,bandpass_n20005_cV4_independent_rms_s5,phase2/results/predictions/full/independent_rms/tcn/seed_202/bandpass_n20005_cV4_independent_rms_s5.npz,76460,6acca83cf64581a8028b0aea1a990d83762ac8d394a05c693477f1429972af75
tcn,independent_rms,202,bandpass_n20005_cV4_independent_rms_s0,phase2/results/predictions/full/independent_rms/tcn/seed_202/bandpass_n20005_cV4_independent_rms_s0.npz,76274,487d9ff619bf05abffb15abfb088f04b3048a92b26bd15d76235ae0bb88f4ab7
tcn,independent_rms,202,bandpass_n20005_cV4_electrode_s20,phase2/results/predictions/full/independent_rms/tcn/seed_202/bandpass_n20005_cV4_electrode_s20.npz,76488,ef7e884a7335c6b9d6c6796f551b5aaba963ef13badcd76945934638c8720828
tcn,independent_rms,202,bandpass_n20005_cV4_electrode_s15,phase2/results/predictions/full/independent_rms/tcn/seed_202/bandpass_n20005_cV4_electrode_s15.npz,76491,6cde344c40b370817e1d43ee140b13d1b9d376bfe78a3f23f36b898d4b3fd13b
tcn,independent_rms,202,bandpass_n20005_cV4_electrode_s10,phase2/results/predictions/full/independent_rms/tcn/seed_202/bandpass_n20005_cV4_electrode_s10.npz,76497,565f9ba8a88147f225593ede00298db70d62e85578ef755953b15f6704de5da1
tcn,independent_rms,202,bandpass_n20005_cV4_electrode_s5,phase2/results/predictions/full/independent_rms/tcn/seed_202/bandpass_n20005_cV4_electrode_s5.npz,76491,af5b6206178f69e03ba4f0a1ff37215818a31692fd736c1191c11faee16f94a3
tcn,independent_rms,202,bandpass_n20005_cV4_electrode_s0,phase2/results/predictions/full/independent_rms/tcn/seed_202/bandpass_n20005_cV4_electrode_s0.npz,76301,fdbcab7814310a237d16d5a57b5a8afb5095e7a7b26b4b099a966c4c9fffd658
tcn,independent_rms,202,bandpass_n20005_cV4_covariance_s20,phase2/results/predictions/full/independent_rms/tcn/seed_202/bandpass_n20005_cV4_covariance_s20.npz,76495,d2bdcdad37150322b7f1151fa4df3e152fef9dc6de1fc25fc01a982b5634ecdf
tcn,independent_rms,202,bandpass_n20005_cV4_covariance_s15,phase2/results/predictions/full/independent_rms/tcn/seed_202/bandpass_n20005_cV4_covariance_s15.npz,76508,cd2afa08463cff37f8ef44ddf872731118c20dbcd71bffc201656dec2319af0b
tcn,independent_rms,202,bandpass_n20005_cV4_covariance_s10,phase2/results/predictions/full/independent_rms/tcn/seed_202/bandpass_n20005_cV4_covariance_s10.npz,76498,870d3445ec33601b7b1f3692770bee105b299d5a8bfb81f39191210a1c6ad4e3
tcn,independent_rms,202,bandpass_n20005_cV4_covariance_s5,phase2/results/predictions/full/independent_rms/tcn/seed_202/bandpass_n20005_cV4_covariance_s5.npz,76471,18464c34cd5127bb627797f303f25d570cf6e494ddbdc6df03e624db3fdeb102
tcn,independent_rms,202,bandpass_n20005_cV4_covariance_s0,phase2/results/predictions/full/independent_rms/tcn/seed_202/bandpass_n20005_cV4_covariance_s0.npz,76266,b024b078d242b86077a04b8cf9a843050ca5a6b001a356b2260425d4197ec338
tcn,independent_rms,202,bandpass_n20005_cV5_independent_rms_s20,phase2/results/predictions/full/independent_rms/tcn/seed_202/bandpass_n20005_cV5_independent_rms_s20.npz,76470,16f3e9bb6473555c85c2b2855432b1255a24d02b8c51a961580b4549370b67f2
tcn,independent_rms,202,bandpass_n20005_cV5_independent_rms_s15,phase2/results/predictions/full/independent_rms/tcn/seed_202/bandpass_n20005_cV5_independent_rms_s15.npz,76470,781ce72af9d07f906092685c52a0da4f4780b20caf57cfba6952f2c48f2dbead
tcn,independent_rms,202,bandpass_n20005_cV5_independent_rms_s10,phase2/results/predictions/full/independent_rms/tcn/seed_202/bandpass_n20005_cV5_independent_rms_s10.npz,76487,4a3907ba43ac0c6d00a30dd855d9d246ed06bfb224926ff64a4d99bca47efc4b
tcn,independent_rms,202,bandpass_n20005_cV5_independent_rms_s5,phase2/results/predictions/full/independent_rms/tcn/seed_202/bandpass_n20005_cV5_independent_rms_s5.npz,76465,2ca2f2674e736f821d720687dc7c6742fa987bc5ea426435a2235d6a0802c6f7
tcn,independent_rms,202,bandpass_n20005_cV5_independent_rms_s0,phase2/results/predictions/full/independent_rms/tcn/seed_202/bandpass_n20005_cV5_independent_rms_s0.npz,76234,7edc9303fc696c1c3b6f7a08fd39790d61d8c96faa61b11131c4f43f963d88da
tcn,independent_rms,202,bandpass_n20005_cV5_electrode_s20,phase2/results/predictions/full/independent_rms/tcn/seed_202/bandpass_n20005_cV5_electrode_s20.npz,76500,ef17ff4b68b57625eea0cab70a5eac06676ca5dd793db229e23618cb7c5dcfb6
tcn,independent_rms,202,bandpass_n20005_cV5_electrode_s15,phase2/results/predictions/full/independent_rms/tcn/seed_202/bandpass_n20005_cV5_electrode_s15.npz,76502,837c2ea739c873d63885c1a8d32f86bf6e8942ccc2ee396966c6b13fc47fe862
tcn,independent_rms,202,bandpass_n20005_cV5_electrode_s10,phase2/results/predictions/full/independent_rms/tcn/seed_202/bandpass_n20005_cV5_electrode_s10.npz,76500,723ab546a1f3fa9da8329779ff4d78193e808cef632ab10150115006e9b3af69
tcn,independent_rms,202,bandpass_n20005_cV5_electrode_s5,phase2/results/predictions/full/independent_rms/tcn/seed_202/bandpass_n20005_cV5_electrode_s5.npz,76419,27c39e6ba2768f19fcc9b9235cd1b4e3b28241ee1302b473bf7cebc706cb9ad8
tcn,independent_rms,202,bandpass_n20005_cV5_electrode_s0,phase2/results/predictions/full/independent_rms/tcn/seed_202/bandpass_n20005_cV5_electrode_s0.npz,76250,fbfe4bb89290188a53a603214633c471e7eb7c9b8de50728ae05154aa05b827a
tcn,independent_rms,202,bandpass_n20005_cV5_covariance_s20,phase2/results/predictions/full/independent_rms/tcn/seed_202/bandpass_n20005_cV5_covariance_s20.npz,76507,22cdd04df61c61a5758f6319738dd9add97a89dcb66d0dd77a472f9f98a2283e
tcn,independent_rms,202,bandpass_n20005_cV5_covariance_s15,phase2/results/predictions/full/independent_rms/tcn/seed_202/bandpass_n20005_cV5_covariance_s15.npz,76487,6e474e9fe6dad409d307f870995e894dbcfaf841bc3bade20677820da53851d6
tcn,independent_rms,202,bandpass_n20005_cV5_covariance_s10,phase2/results/predictions/full/independent_rms/tcn/seed_202/bandpass_n20005_cV5_covariance_s10.npz,76492,3615687f55b82d597f3a21c037676e7841639159aa8e0ba5ef412033f09f4d9b
tcn,independent_rms,202,bandpass_n20005_cV5_covariance_s5,phase2/results/predictions/full/independent_rms/tcn/seed_202/bandpass_n20005_cV5_covariance_s5.npz,76435,82f182c41dec56e3981107f27f639005892eae5f87835ee7209d47bb6e12c011
tcn,independent_rms,202,bandpass_n20005_cV5_covariance_s0,phase2/results/predictions/full/independent_rms/tcn/seed_202/bandpass_n20005_cV5_covariance_s0.npz,76219,1cf4636595bb41ebfd5ab0d50d0a52e035613c9e1bb55626b0698d895c315be8
tcn,independent_rms,202,bandpass_n20005_cV6_independent_rms_s20,phase2/results/predictions/full/independent_rms/tcn/seed_202/bandpass_n20005_cV6_independent_rms_s20.npz,76515,ea986652092f6e493245a3285951f876e8f6f758f1bfb24cd4220856be83d14e
tcn,independent_rms,202,bandpass_n20005_cV6_independent_rms_s15,phase2/results/predictions/full/independent_rms/tcn/seed_202/bandpass_n20005_cV6_independent_rms_s15.npz,76528,61f0b8ed941315a1e36abdbd4e906590791ad3e3f4005bc26fac6804f6504e09
tcn,independent_rms,202,bandpass_n20005_cV6_independent_rms_s10,phase2/results/predictions/full/independent_rms/tcn/seed_202/bandpass_n20005_cV6_independent_rms_s10.npz,76515,b06db64cd31fda3767becfbdb93a9ac166c2bc4607263802e43c17899f82f1f1
tcn,independent_rms,202,bandpass_n20005_cV6_independent_rms_s5,phase2/results/predictions/full/independent_rms/tcn/seed_202/bandpass_n20005_cV6_independent_rms_s5.npz,76476,e448ef6f001a905a81f06191206cbf616c368ea4d1d5e37c749b50c0e19cdcbe
tcn,independent_rms,202,bandpass_n20005_cV6_independent_rms_s0,phase2/results/predictions/full/independent_rms/tcn/seed_202/bandpass_n20005_cV6_independent_rms_s0.npz,76290,d52b45a8168585d65e853547848f49a5a2aae1f771b50d6414d5858152f956c2
tcn,independent_rms,202,bandpass_n20005_cV6_electrode_s20,phase2/results/predictions/full/independent_rms/tcn/seed_202/bandpass_n20005_cV6_electrode_s20.npz,76494,bc2bd7a87677d85b14d6f8e3c799238dd31c06dae7afeb73016ad87c724cb0b4
tcn,independent_rms,202,bandpass_n20005_cV6_electrode_s15,phase2/results/predictions/full/independent_rms/tcn/seed_202/bandpass_n20005_cV6_electrode_s15.npz,76457,a3d051d69b5d0ba0632c5c9d041a6953abfad8f64cba7cb5d07a8a9cd84ff426
tcn,independent_rms,202,bandpass_n20005_cV6_electrode_s10,phase2/results/predictions/full/independent_rms/tcn/seed_202/bandpass_n20005_cV6_electrode_s10.npz,76522,88b0d3fad8ce5963bb25c5a24f91e1668fb3b8f19bfb2f5cfc537f96827d1173
tcn,independent_rms,202,bandpass_n20005_cV6_electrode_s5,phase2/results/predictions/full/independent_rms/tcn/seed_202/bandpass_n20005_cV6_electrode_s5.npz,76467,0fa247c55eaf52f420c318fe31497bfe086e70dd0a16e61e917ed94949ad6cd4
tcn,independent_rms,202,bandpass_n20005_cV6_electrode_s0,phase2/results/predictions/full/independent_rms/tcn/seed_202/bandpass_n20005_cV6_electrode_s0.npz,76280,9624fa6a658527380d6736912ae10d4de040bc5a22df3e45ea8383c923e6f459
tcn,independent_rms,202,bandpass_n20005_cV6_covariance_s20,phase2/results/predictions/full/independent_rms/tcn/seed_202/bandpass_n20005_cV6_covariance_s20.npz,76499,db79ce8dad783bd066549194baae05f9f52f362b85752e68799ea1b4edd97799
tcn,independent_rms,202,bandpass_n20005_cV6_covariance_s15,phase2/results/predictions/full/independent_rms/tcn/seed_202/bandpass_n20005_cV6_covariance_s15.npz,76467,bc394cd9f5ee1bc6aeed2cc1887f24ee18b3344736ce24f47d4eb2a627305e9f
tcn,independent_rms,202,bandpass_n20005_cV6_covariance_s10,phase2/results/predictions/full/independent_rms/tcn/seed_202/bandpass_n20005_cV6_covariance_s10.npz,76514,24688c0a6c8e81541eb9d0fca44a42ee17e7644bebdb73dfa9b067a08152f4ce
tcn,independent_rms,202,bandpass_n20005_cV6_covariance_s5,phase2/results/predictions/full/independent_rms/tcn/seed_202/bandpass_n20005_cV6_covariance_s5.npz,76468,09ca4108ace5c258146fe1f722e956008811fad61e911e459455c1ea7f5830f6
tcn,independent_rms,202,bandpass_n20005_cV6_covariance_s0,phase2/results/predictions/full/independent_rms/tcn/seed_202/bandpass_n20005_cV6_covariance_s0.npz,76279,3f9d6a60909e7c76b77cdb40251fdc644515f42b35a50fa8e5203f37d2d11027
tcn,independent_rms,202,bandpass_n20005_cRA_LA_independent_rms_s20,phase2/results/predictions/full/independent_rms/tcn/seed_202/bandpass_n20005_cRA_LA_independent_rms_s20.npz,76527,446f1d84ede04af65a2dfc8bffc9a4a1241770a0f9b1e1465e5d995fc511a885
tcn,independent_rms,202,bandpass_n20005_cRA_LA_independent_rms_s15,phase2/results/predictions/full/independent_rms/tcn/seed_202/bandpass_n20005_cRA_LA_independent_rms_s15.npz,76502,108152bb6975a80c438cfc1b6c584dcf6653ffe235b2e593a7da298991c9ed14
tcn,independent_rms,202,bandpass_n20005_cRA_LA_independent_rms_s10,phase2/results/predictions/full/independent_rms/tcn/seed_202/bandpass_n20005_cRA_LA_independent_rms_s10.npz,76553,a578063fa4e97e57924ecb07be7c01ad385d205845bfbc5bc1224946ad9db9f0
tcn,independent_rms,202,bandpass_n20005_cRA_LA_independent_rms_s5,phase2/results/predictions/full/independent_rms/tcn/seed_202/bandpass_n20005_cRA_LA_independent_rms_s5.npz,76453,2ce63d3d34ef706f99ba4b063f67ba6eb88809fef977810968c141e18e2599f6
tcn,independent_rms,202,bandpass_n20005_cRA_LA_independent_rms_s0,phase2/results/predictions/full/independent_rms/tcn/seed_202/bandpass_n20005_cRA_LA_independent_rms_s0.npz,76200,29ea81f91d37a8507ce187cba27b1bd5a0d3b82cad0f0990ba223e513e0c43ca
tcn,independent_rms,202,bandpass_n20005_cRA_LA_electrode_s20,phase2/results/predictions/full/independent_rms/tcn/seed_202/bandpass_n20005_cRA_LA_electrode_s20.npz,76506,68d5447664410371230b9af3a4dfbd4c56b73c8749e80cfca11a67b8cefa2937
tcn,independent_rms,202,bandpass_n20005_cRA_LA_electrode_s15,phase2/results/predictions/full/independent_rms/tcn/seed_202/bandpass_n20005_cRA_LA_electrode_s15.npz,76508,70f8a1f9a296c627e4079770684540621ee54af1d59498b6f9f0b49d766c3d59
tcn,independent_rms,202,bandpass_n20005_cRA_LA_electrode_s10,phase2/results/predictions/full/independent_rms/tcn/seed_202/bandpass_n20005_cRA_LA_electrode_s10.npz,76459,a9f1b6eb9c29e09b669801187159bf3fc70975c40d37b358a4bd1c8a11612c34
tcn,independent_rms,202,bandpass_n20005_cRA_LA_electrode_s5,phase2/results/predictions/full/independent_rms/tcn/seed_202/bandpass_n20005_cRA_LA_electrode_s5.npz,76228,a241fe1414b4097535b625978e33bf72d01b3fb8c28a2935ca8a55aeac8141a4
tcn,independent_rms,202,bandpass_n20005_cRA_LA_electrode_s0,phase2/results/predictions/full/independent_rms/tcn/seed_202/bandpass_n20005_cRA_LA_electrode_s0.npz,75789,575df4169c7dafa1caacf0da102c2514975d20d6dac91d2cbe26a9fae293e222
tcn,independent_rms,202,bandpass_n20005_cRA_LA_covariance_s20,phase2/results/predictions/full/independent_rms/tcn/seed_202/bandpass_n20005_cRA_LA_covariance_s20.npz,76495,8e9355b84d50358286c1ce51f9124b1c445ca7b722e0207661eae941295a8f8e
tcn,independent_rms,202,bandpass_n20005_cRA_LA_covariance_s15,phase2/results/predictions/full/independent_rms/tcn/seed_202/bandpass_n20005_cRA_LA_covariance_s15.npz,76528,af2974eeaa5de89fdd7a3a03ae5243c08f634ec241b6aed337a614c9fd8e16a1
tcn,independent_rms,202,bandpass_n20005_cRA_LA_covariance_s10,phase2/results/predictions/full/independent_rms/tcn/seed_202/bandpass_n20005_cRA_LA_covariance_s10.npz,76472,d892c742270ca0146dda63d265373a96424f586f6e1945a13c4ad4d6a697fbff
tcn,independent_rms,202,bandpass_n20005_cRA_LA_covariance_s5,phase2/results/predictions/full/independent_rms/tcn/seed_202/bandpass_n20005_cRA_LA_covariance_s5.npz,76265,fb1c55b7e69c652d7ef0d79047d0884ff0757cc2ffd16c03baa6dd945662ff3b
tcn,independent_rms,202,bandpass_n20005_cRA_LA_covariance_s0,phase2/results/predictions/full/independent_rms/tcn/seed_202/bandpass_n20005_cRA_LA_covariance_s0.npz,75808,3752adbf5df593a469ff8edc8bb2c98071fa21b6e461d2fab633cd85709bc4be
tcn,independent_rms,202,bandpass_n20005_cLA_LL_independent_rms_s20,phase2/results/predictions/full/independent_rms/tcn/seed_202/bandpass_n20005_cLA_LL_independent_rms_s20.npz,76527,79ac1050edb89d4eb45bca87224a14ab3372be2e06f6778532a390758ee1f390
tcn,independent_rms,202,bandpass_n20005_cLA_LL_independent_rms_s15,phase2/results/predictions/full/independent_rms/tcn/seed_202/bandpass_n20005_cLA_LL_independent_rms_s15.npz,76528,f91039e7520c44e6c81958194b1b214040bd473fcdb08ad1fe8066a4dfa541c0
tcn,independent_rms,202,bandpass_n20005_cLA_LL_independent_rms_s10,phase2/results/predictions/full/independent_rms/tcn/seed_202/bandpass_n20005_cLA_LL_independent_rms_s10.npz,76527,3b1f2ff0532afef66b58ba4fa49b4092cc9c72b77bbdbd015ef4a0c7d4d1e7c0
tcn,independent_rms,202,bandpass_n20005_cLA_LL_independent_rms_s5,phase2/results/predictions/full/independent_rms/tcn/seed_202/bandpass_n20005_cLA_LL_independent_rms_s5.npz,76412,d9953bc3d8b608be332784cc6e34d69c4d3c7e9fbb40cfa794b2edcd1ca6a28e
tcn,independent_rms,202,bandpass_n20005_cLA_LL_independent_rms_s0,phase2/results/predictions/full/independent_rms/tcn/seed_202/bandpass_n20005_cLA_LL_independent_rms_s0.npz,76148,a7f420447a8888d70a45551b2f0893830a368e6a20870404c424ee062cb03509
tcn,independent_rms,202,bandpass_n20005_cLA_LL_electrode_s20,phase2/results/predictions/full/independent_rms/tcn/seed_202/bandpass_n20005_cLA_LL_electrode_s20.npz,76520,9d70f03b1d90c1ac9f429e2ba558d06174d2600f488cd4a4d55cb8981a9fb2ab
tcn,independent_rms,202,bandpass_n20005_cLA_LL_electrode_s15,phase2/results/predictions/full/independent_rms/tcn/seed_202/bandpass_n20005_cLA_LL_electrode_s15.npz,76519,a031d0301d0b9443835bb226235698637d046b581e695a15b8d0de30bdd6c799
tcn,independent_rms,202,bandpass_n20005_cLA_LL_electrode_s10,phase2/results/predictions/full/independent_rms/tcn/seed_202/bandpass_n20005_cLA_LL_electrode_s10.npz,76463,7276d1640c91102df3acd3e5e797d0f39a79cdd1b1badd3a1ea649b9ee65c3b2
tcn,independent_rms,202,bandpass_n20005_cLA_LL_electrode_s5,phase2/results/predictions/full/independent_rms/tcn/seed_202/bandpass_n20005_cLA_LL_electrode_s5.npz,76182,f5aaa6ca31deb01eede7ae3393b5c8432ec629c7a998cbf17acca078cf15a9ae
tcn,independent_rms,202,bandpass_n20005_cLA_LL_electrode_s0,phase2/results/predictions/full/independent_rms/tcn/seed_202/bandpass_n20005_cLA_LL_electrode_s0.npz,75929,b0a85f9e3791f3e7badf30f0f677de759b93c55975c19b0f419844291869daa6
tcn,independent_rms,202,bandpass_n20005_cLA_LL_covariance_s20,phase2/results/predictions/full/independent_rms/tcn/seed_202/bandpass_n20005_cLA_LL_covariance_s20.npz,76501,302b600f9aaca9f80fb3addee7f2dc3332bee6e38dacb51f45701c3d401d49b4
tcn,independent_rms,202,bandpass_n20005_cLA_LL_covariance_s15,phase2/results/predictions/full/independent_rms/tcn/seed_202/bandpass_n20005_cLA_LL_covariance_s15.npz,76499,c7fdcea637d89f987dbc5084c3b142fe5d100826db3d87e72246f4f5cbc6b672
tcn,independent_rms,202,bandpass_n20005_cLA_LL_covariance_s10,phase2/results/predictions/full/independent_rms/tcn/seed_202/bandpass_n20005_cLA_LL_covariance_s10.npz,76484,ec73114f74235029d429c8ec32c6f9d992ffa9f8e6767b0de146d0923ed84180
tcn,independent_rms,202,bandpass_n20005_cLA_LL_covariance_s5,phase2/results/predictions/full/independent_rms/tcn/seed_202/bandpass_n20005_cLA_LL_covariance_s5.npz,76213,1832fca652f6f42bd11cfd8e941fb3d1cd11c53c6d1e5f1717ab5883a7e1eeda
tcn,independent_rms,202,bandpass_n20005_cLA_LL_covariance_s0,phase2/results/predictions/full/independent_rms/tcn/seed_202/bandpass_n20005_cLA_LL_covariance_s0.npz,75894,f78a8266734df8c339353f22ff88e42f48c5d1df015852ab30d719ace1eb7f34
tcn,independent_rms,202,bandpass_n20005_cRA_LL_independent_rms_s20,phase2/results/predictions/full/independent_rms/tcn/seed_202/bandpass_n20005_cRA_LL_independent_rms_s20.npz,76502,46c49c61cb05bd0c8fa1e180be324d9820073f0566d53061d98895591d8dcc28
tcn,independent_rms,202,bandpass_n20005_cRA_LL_independent_rms_s15,phase2/results/predictions/full/independent_rms/tcn/seed_202/bandpass_n20005_cRA_LL_independent_rms_s15.npz,76507,a985035b04ac344ac8321502aba82d5f60ac87e3f85f5a0065ab11b57ee5a481
tcn,independent_rms,202,bandpass_n20005_cRA_LL_independent_rms_s10,phase2/results/predictions/full/independent_rms/tcn/seed_202/bandpass_n20005_cRA_LL_independent_rms_s10.npz,76530,09d79e16413fcddf02d8092b9ebfecb4a91a00cb32c0fd68b98c0336decfeb83
tcn,independent_rms,202,bandpass_n20005_cRA_LL_independent_rms_s5,phase2/results/predictions/full/independent_rms/tcn/seed_202/bandpass_n20005_cRA_LL_independent_rms_s5.npz,76408,3b2ce40c43557c16d0e960a049e07c066938757f733ba9e4af31776becad690c
tcn,independent_rms,202,bandpass_n20005_cRA_LL_independent_rms_s0,phase2/results/predictions/full/independent_rms/tcn/seed_202/bandpass_n20005_cRA_LL_independent_rms_s0.npz,76134,82eeda6d319d6b717d40aec2776d4bc408071e7bfc7206256cb8d4c6e1877f0d
tcn,independent_rms,202,bandpass_n20005_cRA_LL_electrode_s20,phase2/results/predictions/full/independent_rms/tcn/seed_202/bandpass_n20005_cRA_LL_electrode_s20.npz,76509,9160789caf4f3db0bd2df7d884b8f605f394c3e56d3102dd9e8d81d772f710bb
tcn,independent_rms,202,bandpass_n20005_cRA_LL_electrode_s15,phase2/results/predictions/full/independent_rms/tcn/seed_202/bandpass_n20005_cRA_LL_electrode_s15.npz,76507,de51e66165d1aa77582a04b48e6c9d34dba6d709c505412f53c507f50047528d
tcn,independent_rms,202,bandpass_n20005_cRA_LL_electrode_s10,phase2/results/predictions/full/independent_rms/tcn/seed_202/bandpass_n20005_cRA_LL_electrode_s10.npz,76459,b0cea8ae087d26c5d679aadcb577c407c050efb97d6121e8a5465a506b732785
tcn,independent_rms,202,bandpass_n20005_cRA_LL_electrode_s5,phase2/results/predictions/full/independent_rms/tcn/seed_202/bandpass_n20005_cRA_LL_electrode_s5.npz,76270,b9b2ad488dd988418c8970241e7a598abae5de8e74dd0be06b8e1fcd4c609a4f
tcn,independent_rms,202,bandpass_n20005_cRA_LL_electrode_s0,phase2/results/predictions/full/independent_rms/tcn/seed_202/bandpass_n20005_cRA_LL_electrode_s0.npz,75775,70d3fcabb11123da29904f79b5e5d48fcebab2785bf1dbb548eabfa73fa468f3
tcn,independent_rms,202,bandpass_n20005_cRA_LL_covariance_s20,phase2/results/predictions/full/independent_rms/tcn/seed_202/bandpass_n20005_cRA_LL_covariance_s20.npz,76518,52c89bddebb34f1133f72f76b61c41d6b9cee6ffb8040ae981a1dec35ec4556d
tcn,independent_rms,202,bandpass_n20005_cRA_LL_covariance_s15,phase2/results/predictions/full/independent_rms/tcn/seed_202/bandpass_n20005_cRA_LL_covariance_s15.npz,76523,b41d3a1803f75342e9235c4707474729b8605bcdd7416b91edc72aa4be771cf6
tcn,independent_rms,202,bandpass_n20005_cRA_LL_covariance_s10,phase2/results/predictions/full/independent_rms/tcn/seed_202/bandpass_n20005_cRA_LL_covariance_s10.npz,76467,d5f9b6b5c97e9e8929fe742f012b07ac6e8fed86b31f5dc7cade4df6740ed0bf
tcn,independent_rms,202,bandpass_n20005_cRA_LL_covariance_s5,phase2/results/predictions/full/independent_rms/tcn/seed_202/bandpass_n20005_cRA_LL_covariance_s5.npz,76220,feca0cb430530cd578fe37b1f2baafe924310a56b0789abc2a248c73a0cb6674
tcn,independent_rms,202,bandpass_n20005_cRA_LL_covariance_s0,phase2/results/predictions/full/independent_rms/tcn/seed_202/bandpass_n20005_cRA_LL_covariance_s0.npz,75798,d8e7bcdd8c46320c5008e5911cb0050f5e1ebefc3b8d115e067a81e7ce26b13b
tcn,independent_rms,202,bandpass_n20005_cRA_independent_rms_s20,phase2/results/predictions/full/independent_rms/tcn/seed_202/bandpass_n20005_cRA_independent_rms_s20.npz,76520,73820cba17a2898a0c5653a1da415207c5798f9e491716e6ac0ca78509e75311
tcn,independent_rms,202,bandpass_n20005_cRA_independent_rms_s15,phase2/results/predictions/full/independent_rms/tcn/seed_202/bandpass_n20005_cRA_independent_rms_s15.npz,76524,ee628f00e0a770ee76b89af4e59fb15802806d90f48544739816410ec4a3720d
tcn,independent_rms,202,bandpass_n20005_cRA_independent_rms_s10,phase2/results/predictions/full/independent_rms/tcn/seed_202/bandpass_n20005_cRA_independent_rms_s10.npz,76528,ad5aab2ec75f4abf5ab0385f56f61c65f9aa7c5beb45b2b46187b6fea628f0b0
tcn,independent_rms,202,bandpass_n20005_cRA_independent_rms_s5,phase2/results/predictions/full/independent_rms/tcn/seed_202/bandpass_n20005_cRA_independent_rms_s5.npz,76448,e9a1c59f3b635b09d4d7863afe57d1e0eb51931b9e37a68d8acfa523deb1f0c6
tcn,independent_rms,202,bandpass_n20005_cRA_independent_rms_s0,phase2/results/predictions/full/independent_rms/tcn/seed_202/bandpass_n20005_cRA_independent_rms_s0.npz,76181,7cc9f6133fe8d29472971d9afaee27fdaabd756a318ae6750dcdaa432c5b1dc0
tcn,independent_rms,202,bandpass_n20005_cRA_electrode_s20,phase2/results/predictions/full/independent_rms/tcn/seed_202/bandpass_n20005_cRA_electrode_s20.npz,76512,a5f10411a3d8c06600b90c890566e7e001bc0840c270ad5836684f5bbdf617a3
tcn,independent_rms,202,bandpass_n20005_cRA_electrode_s15,phase2/results/predictions/full/independent_rms/tcn/seed_202/bandpass_n20005_cRA_electrode_s15.npz,76515,3ca3ed35175e240a1be07f72d338f7039e7acb704cde3c29187861044baf7d66
tcn,independent_rms,202,bandpass_n20005_cRA_electrode_s10,phase2/results/predictions/full/independent_rms/tcn/seed_202/bandpass_n20005_cRA_electrode_s10.npz,76485,6aac6d5141798c5e1a7b1d1f5fe77960ade83a367c13ac3c37df7325ebe32b34
tcn,independent_rms,202,bandpass_n20005_cRA_electrode_s5,phase2/results/predictions/full/independent_rms/tcn/seed_202/bandpass_n20005_cRA_electrode_s5.npz,76303,b4dfaf0201f0f8ea53d918246d6f02af869d70d5c4ecf1a325f68adae8eb90da
tcn,independent_rms,202,bandpass_n20005_cRA_electrode_s0,phase2/results/predictions/full/independent_rms/tcn/seed_202/bandpass_n20005_cRA_electrode_s0.npz,76008,7eb395a7395197ce9b081a91638e9abbf61dde46a5858f600f5c02b5552ce729
tcn,independent_rms,202,bandpass_n20005_cRA_covariance_s20,phase2/results/predictions/full/independent_rms/tcn/seed_202/bandpass_n20005_cRA_covariance_s20.npz,76493,2b3892961a99ca56cd9de579c65d40b22fb81658bf1345c206cb3acb70acd8ce
tcn,independent_rms,202,bandpass_n20005_cRA_covariance_s15,phase2/results/predictions/full/independent_rms/tcn/seed_202/bandpass_n20005_cRA_covariance_s15.npz,76516,80a236eb0b4a75a35ad5dafadc119fa4c8aa52f6f07acad3cc53386759f68d20
tcn,independent_rms,202,bandpass_n20005_cRA_covariance_s10,phase2/results/predictions/full/independent_rms/tcn/seed_202/bandpass_n20005_cRA_covariance_s10.npz,76468,78e0e8d927c145871e89b73dd012e4895e042bd38c2ef93273aa247472efb4e3
tcn,independent_rms,202,bandpass_n20005_cRA_covariance_s5,phase2/results/predictions/full/independent_rms/tcn/seed_202/bandpass_n20005_cRA_covariance_s5.npz,76327,b2c36c102fbff7a6bfebac99c02e347b62d396471674079bf8c8839a00fcc13e
tcn,independent_rms,202,bandpass_n20005_cRA_covariance_s0,phase2/results/predictions/full/independent_rms/tcn/seed_202/bandpass_n20005_cRA_covariance_s0.npz,75994,3f5553c6feb6a9c74c481e0923f9c81a5f4654dc8935bccf91756a5f96283859
tcn,independent_rms,202,bandpass_n20005_cLA_independent_rms_s20,phase2/results/predictions/full/independent_rms/tcn/seed_202/bandpass_n20005_cLA_independent_rms_s20.npz,76519,5f8e3c6a42a150e07dff54760abb5d678d2c42e8c9b066a62d5217deb1e73a89
tcn,independent_rms,202,bandpass_n20005_cLA_independent_rms_s15,phase2/results/predictions/full/independent_rms/tcn/seed_202/bandpass_n20005_cLA_independent_rms_s15.npz,76512,b6b6faa71a2c2d11d2f5becd8bde2f7b15fbe26743be0232b6690dd7a8ee0953
tcn,independent_rms,202,bandpass_n20005_cLA_independent_rms_s10,phase2/results/predictions/full/independent_rms/tcn/seed_202/bandpass_n20005_cLA_independent_rms_s10.npz,76512,2a1498020717784f3cb2e16961a1e2f80658ad9c89c4e6168b6b4277082be655
tcn,independent_rms,202,bandpass_n20005_cLA_independent_rms_s5,phase2/results/predictions/full/independent_rms/tcn/seed_202/bandpass_n20005_cLA_independent_rms_s5.npz,76433,9fd92c1883acd850cb6983221b36d9fc185b7cda64d22bdd502b83f50087ffcc
tcn,independent_rms,202,bandpass_n20005_cLA_independent_rms_s0,phase2/results/predictions/full/independent_rms/tcn/seed_202/bandpass_n20005_cLA_independent_rms_s0.npz,76217,5cfde0e0fb4e65112239cb04e8916a80d9fba25aa6e816266a13a306253b4546
tcn,independent_rms,202,bandpass_n20005_cLA_electrode_s20,phase2/results/predictions/full/independent_rms/tcn/seed_202/bandpass_n20005_cLA_electrode_s20.npz,76520,0982ea945a6c787b7e9d9cac1411ffce6ab67f1db0539a4197fd956bc52797b0
tcn,independent_rms,202,bandpass_n20005_cLA_electrode_s15,phase2/results/predictions/full/independent_rms/tcn/seed_202/bandpass_n20005_cLA_electrode_s15.npz,76482,003ef4e70103482bba6d075621fc5a34a1ac65dc54f9f0521c235b12bfd0084f
tcn,independent_rms,202,bandpass_n20005_cLA_electrode_s10,phase2/results/predictions/full/independent_rms/tcn/seed_202/bandpass_n20005_cLA_electrode_s10.npz,76428,6c06a89a22badc2431570f97d26724eb222de9b8f407e96b592082b5e8fab901
tcn,independent_rms,202,bandpass_n20005_cLA_electrode_s5,phase2/results/predictions/full/independent_rms/tcn/seed_202/bandpass_n20005_cLA_electrode_s5.npz,76221,c63664e7da33c09c9b66bbe221e4dc43e2e1c0e8947f680ad52995964c95e24e
tcn,independent_rms,202,bandpass_n20005_cLA_electrode_s0,phase2/results/predictions/full/independent_rms/tcn/seed_202/bandpass_n20005_cLA_electrode_s0.npz,75882,bea01e707ef7ecfc342e9f864f5aba9a3f406d5fa8ca8aec9caff8b9dd57397d
tcn,independent_rms,202,bandpass_n20005_cLA_covariance_s20,phase2/results/predictions/full/independent_rms/tcn/seed_202/bandpass_n20005_cLA_covariance_s20.npz,76449,e58cad3144582ac2010a4d5020614d5d4b2dd2b4dea782bcc6c85aa38e78f1a8
tcn,independent_rms,202,bandpass_n20005_cLA_covariance_s15,phase2/results/predictions/full/independent_rms/tcn/seed_202/bandpass_n20005_cLA_covariance_s15.npz,76479,b6ce9bc61c88bc089987ba80ea11ed93fe2d8b90e148e354ee85af345e229034
tcn,independent_rms,202,bandpass_n20005_cLA_covariance_s10,phase2/results/predictions/full/independent_rms/tcn/seed_202/bandpass_n20005_cLA_covariance_s10.npz,76427,fe06c95e30046c4cf677b7cc67d08bdbbc3a1bee027c1f7ff11507f46520b2bf
tcn,independent_rms,202,bandpass_n20005_cLA_covariance_s5,phase2/results/predictions/full/independent_rms/tcn/seed_202/bandpass_n20005_cLA_covariance_s5.npz,76243,0807b4dc80cc2536a84b3c97075a579943c4df9f68e27f9d3ba8ba57e91f8f64
tcn,independent_rms,202,bandpass_n20005_cLA_covariance_s0,phase2/results/predictions/full/independent_rms/tcn/seed_202/bandpass_n20005_cLA_covariance_s0.npz,75887,11f43608a3884972a0aba4e6c28500f2f20428d9493efe4cc0d19be479a9a0c2
tcn,independent_rms,202,bandpass_n20005_cLL_independent_rms_s20,phase2/results/predictions/full/independent_rms/tcn/seed_202/bandpass_n20005_cLL_independent_rms_s20.npz,76483,4a48bd4e109488c507c82cecfa3d6d09cc337338b4ba01b226b2bdf52efcafa9
tcn,independent_rms,202,bandpass_n20005_cLL_independent_rms_s15,phase2/results/predictions/full/independent_rms/tcn/seed_202/bandpass_n20005_cLL_independent_rms_s15.npz,76521,31bd531a13b9ab8a2f3763d3e013583754dae1f6fc86876b4809725c4d8be990
tcn,independent_rms,202,bandpass_n20005_cLL_independent_rms_s10,phase2/results/predictions/full/independent_rms/tcn/seed_202/bandpass_n20005_cLL_independent_rms_s10.npz,76502,a1ecd290767a50d9811cc60e0f69a41c34fe9c03ceff36fbc83ca21c183d0075
tcn,independent_rms,202,bandpass_n20005_cLL_independent_rms_s5,phase2/results/predictions/full/independent_rms/tcn/seed_202/bandpass_n20005_cLL_independent_rms_s5.npz,76382,df22b1ca7afa3f484c0b33b6230124aeba07dac6da08b5df43266ae36ea64617
tcn,independent_rms,202,bandpass_n20005_cLL_independent_rms_s0,phase2/results/predictions/full/independent_rms/tcn/seed_202/bandpass_n20005_cLL_independent_rms_s0.npz,76061,4ffb538e1db441bddd774f45d7e71f279aab670537c8dcef6e676ea0f910c0ce
tcn,independent_rms,202,bandpass_n20005_cLL_electrode_s20,phase2/results/predictions/full/independent_rms/tcn/seed_202/bandpass_n20005_cLL_electrode_s20.npz,76470,6cf26ac06fb7531913ee94667e48544d53760bb243b37d7695add3c8bc10f52c
tcn,independent_rms,202,bandpass_n20005_cLL_electrode_s15,phase2/results/predictions/full/independent_rms/tcn/seed_202/bandpass_n20005_cLL_electrode_s15.npz,76505,d3e329c94c969e3775a0fb78d1ff6016226c2d7b4c05079f1460e83c41f38ec6
tcn,independent_rms,202,bandpass_n20005_cLL_electrode_s10,phase2/results/predictions/full/independent_rms/tcn/seed_202/bandpass_n20005_cLL_electrode_s10.npz,76457,2df789b9ff25d99edb7c60c3bd51794b022e57bf39bf192d17297e331caa512c
tcn,independent_rms,202,bandpass_n20005_cLL_electrode_s5,phase2/results/predictions/full/independent_rms/tcn/seed_202/bandpass_n20005_cLL_electrode_s5.npz,76200,c5831ce7eba88f3e3f90e2fcca973faaaf32a77613efb1e6cecd7e685eab48df
tcn,independent_rms,202,bandpass_n20005_cLL_electrode_s0,phase2/results/predictions/full/independent_rms/tcn/seed_202/bandpass_n20005_cLL_electrode_s0.npz,75892,e459f228a0f1824397f31339bcd068207c2c45f60cf2f976983da9bd0b90d0fc
tcn,independent_rms,202,bandpass_n20005_cLL_covariance_s20,phase2/results/predictions/full/independent_rms/tcn/seed_202/bandpass_n20005_cLL_covariance_s20.npz,76503,e8ce8cc757786844d1e32ebb50f09b60cac45d98fb1839870e0422e0e85d9a71
tcn,independent_rms,202,bandpass_n20005_cLL_covariance_s15,phase2/results/predictions/full/independent_rms/tcn/seed_202/bandpass_n20005_cLL_covariance_s15.npz,76497,ef3020a2f1773b320de0f73e2940e9299348b47eaef36847947cc924e0fa02b5
tcn,independent_rms,202,bandpass_n20005_cLL_covariance_s10,phase2/results/predictions/full/independent_rms/tcn/seed_202/bandpass_n20005_cLL_covariance_s10.npz,76438,73e7fd80a7df46d974400d0779c40bbef098aead128d23340e8d72e5e8401e28
tcn,independent_rms,202,bandpass_n20005_cLL_covariance_s5,phase2/results/predictions/full/independent_rms/tcn/seed_202/bandpass_n20005_cLL_covariance_s5.npz,76222,3b983f9cfd3c140b8936bbc1313c159ce23e85b5a7bd5d3fd41f4e6e3751ffde
tcn,independent_rms,202,bandpass_n20005_cLL_covariance_s0,phase2/results/predictions/full/independent_rms/tcn/seed_202/bandpass_n20005_cLL_covariance_s0.npz,75921,95e85087f15c77c1f585985d0da86c5289c12c8fd42ec288cf5fe90be2239e92
tcn,independent_rms,202,bandpass_n20005_cRA_V1_independent_rms_s20,phase2/results/predictions/full/independent_rms/tcn/seed_202/bandpass_n20005_cRA_V1_independent_rms_s20.npz,76546,87a047cb0dec533e68a4a1d9afb469d832101ef078c5b1e44622b61b34686588
tcn,independent_rms,202,bandpass_n20005_cRA_V1_independent_rms_s15,phase2/results/predictions/full/independent_rms/tcn/seed_202/bandpass_n20005_cRA_V1_independent_rms_s15.npz,76515,0eb34a70dd6ca49a49629e8dc17f954cf88fa9dc87a6106073c551852e4ff424
tcn,independent_rms,202,bandpass_n20005_cRA_V1_independent_rms_s10,phase2/results/predictions/full/independent_rms/tcn/seed_202/bandpass_n20005_cRA_V1_independent_rms_s10.npz,76516,4d372a7a981682401e3899025b16f93b7e285d41c3365e14701e0a1b41e0d8c3
tcn,independent_rms,202,bandpass_n20005_cRA_V1_independent_rms_s5,phase2/results/predictions/full/independent_rms/tcn/seed_202/bandpass_n20005_cRA_V1_independent_rms_s5.npz,76404,366c28314215c38772e8dd7c28d247996b2e6eb195409a2cdf991de5580b9e9a
tcn,independent_rms,202,bandpass_n20005_cRA_V1_independent_rms_s0,phase2/results/predictions/full/independent_rms/tcn/seed_202/bandpass_n20005_cRA_V1_independent_rms_s0.npz,76151,9dd13d8623ac7895ee2db008798de6fcba97337de924234c1e99202754655b08
tcn,independent_rms,202,bandpass_n20005_cRA_V1_electrode_s20,phase2/results/predictions/full/independent_rms/tcn/seed_202/bandpass_n20005_cRA_V1_electrode_s20.npz,76502,1423ec29f880e827b7ab0fde473a00abe78436b0a0558dd5ad0a28923254e97c
tcn,independent_rms,202,bandpass_n20005_cRA_V1_electrode_s15,phase2/results/predictions/full/independent_rms/tcn/seed_202/bandpass_n20005_cRA_V1_electrode_s15.npz,76516,814e2b42fa63dc35402306d2f3f4b400bb93407fdaa1dade16fab6729f765dbe
tcn,independent_rms,202,bandpass_n20005_cRA_V1_electrode_s10,phase2/results/predictions/full/independent_rms/tcn/seed_202/bandpass_n20005_cRA_V1_electrode_s10.npz,76485,77014dab571b8e44c115064be16bf0a180e4ec0f7128adb5505128da3edb3040
tcn,independent_rms,202,bandpass_n20005_cRA_V1_electrode_s5,phase2/results/predictions/full/independent_rms/tcn/seed_202/bandpass_n20005_cRA_V1_electrode_s5.npz,76347,28790fb21c10a47967229fc5906ba0ab5930768a33f973e7508d31fae7e9200b
tcn,independent_rms,202,bandpass_n20005_cRA_V1_electrode_s0,phase2/results/predictions/full/independent_rms/tcn/seed_202/bandpass_n20005_cRA_V1_electrode_s0.npz,76026,116e3cc0cb388053bfb86045f53ba5ab0b8f0e33822f871f16e0bc413d469be4
tcn,independent_rms,202,bandpass_n20005_cRA_V1_covariance_s20,phase2/results/predictions/full/independent_rms/tcn/seed_202/bandpass_n20005_cRA_V1_covariance_s20.npz,76535,59e2048c99a7bc60329b5163ed0aa639a173b0fa13b487673ef52d5fcd8d6349
tcn,independent_rms,202,bandpass_n20005_cRA_V1_covariance_s15,phase2/results/predictions/full/independent_rms/tcn/seed_202/bandpass_n20005_cRA_V1_covariance_s15.npz,76557,038367b74f593b900d6dd5fa6baf49721e7b1e17e9fbf341ad2396d38adc2768
tcn,independent_rms,202,bandpass_n20005_cRA_V1_covariance_s10,phase2/results/predictions/full/independent_rms/tcn/seed_202/bandpass_n20005_cRA_V1_covariance_s10.npz,76512,11b6e502fe4d8782e960ae85524ebbf2f46e49c55f8e0919b60ca7400b789b80
tcn,independent_rms,202,bandpass_n20005_cRA_V1_covariance_s5,phase2/results/predictions/full/independent_rms/tcn/seed_202/bandpass_n20005_cRA_V1_covariance_s5.npz,76339,715f5e83e3bc3a488dcd8f5bfccb1465dd430fa6254f27ffad2643491483f087
tcn,independent_rms,202,bandpass_n20005_cRA_V1_covariance_s0,phase2/results/predictions/full/independent_rms/tcn/seed_202/bandpass_n20005_cRA_V1_covariance_s0.npz,76018,75373db062e2715fb82ea78da8b2f877f550ddb68a86f9c3b312c44efbdbaf3c
tcn,independent_rms,202,bandpass_n20005_cLA_V6_independent_rms_s20,phase2/results/predictions/full/independent_rms/tcn/seed_202/bandpass_n20005_cLA_V6_independent_rms_s20.npz,76528,813f4c7814129e4fd313fca982c24aa274c9a61424da4f7ffddc36e5673e9738
tcn,independent_rms,202,bandpass_n20005_cLA_V6_independent_rms_s15,phase2/results/predictions/full/independent_rms/tcn/seed_202/bandpass_n20005_cLA_V6_independent_rms_s15.npz,76548,237f99db70a33cb1bfceb72bb313fe4aff75fadd19afc57a9dff8e7c0a7ed996
tcn,independent_rms,202,bandpass_n20005_cLA_V6_independent_rms_s10,phase2/results/predictions/full/independent_rms/tcn/seed_202/bandpass_n20005_cLA_V6_independent_rms_s10.npz,76531,6f6d7a1140b64cb25aa30b46e3c0a8e50e9e632632907d5a111a2bac855dae66
tcn,independent_rms,202,bandpass_n20005_cLA_V6_independent_rms_s5,phase2/results/predictions/full/independent_rms/tcn/seed_202/bandpass_n20005_cLA_V6_independent_rms_s5.npz,76438,01469df79848db075b34064c297dda2bfeba85bd736660b40a070ff845756837
tcn,independent_rms,202,bandpass_n20005_cLA_V6_independent_rms_s0,phase2/results/predictions/full/independent_rms/tcn/seed_202/bandpass_n20005_cLA_V6_independent_rms_s0.npz,76222,4bff289ff0cfe73fbf6180034e8bff57218ade22d1aa4682e1f628bfff9a41a7
tcn,independent_rms,202,bandpass_n20005_cLA_V6_electrode_s20,phase2/results/predictions/full/independent_rms/tcn/seed_202/bandpass_n20005_cLA_V6_electrode_s20.npz,76519,e6a10ae2b235f2a8626efbfa18c02126bf264a7d401c8077fb6ca8c251630663
tcn,independent_rms,202,bandpass_n20005_cLA_V6_electrode_s15,phase2/results/predictions/full/independent_rms/tcn/seed_202/bandpass_n20005_cLA_V6_electrode_s15.npz,76515,4141db4a2af2fb7b8ada7039551b99d83a3eea483bb6a78168a8a41c9e399add
tcn,independent_rms,202,bandpass_n20005_cLA_V6_electrode_s10,phase2/results/predictions/full/independent_rms/tcn/seed_202/bandpass_n20005_cLA_V6_electrode_s10.npz,76465,bde446755667fd8d97e9b42b319bc8ce68076b7438f190c16ea220c1e912e253
tcn,independent_rms,202,bandpass_n20005_cLA_V6_electrode_s5,phase2/results/predictions/full/independent_rms/tcn/seed_202/bandpass_n20005_cLA_V6_electrode_s5.npz,76289,5ef3a6b9b6aa67ffe52025d8e15c865425734d53de423de110a1049968965075
tcn,independent_rms,202,bandpass_n20005_cLA_V6_electrode_s0,phase2/results/predictions/full/independent_rms/tcn/seed_202/bandpass_n20005_cLA_V6_electrode_s0.npz,75887,ba42108a6cd52534aae65c0f4bdd6010eb54569bb63ce652d9d3004239b049d1
tcn,independent_rms,202,bandpass_n20005_cLA_V6_covariance_s20,phase2/results/predictions/full/independent_rms/tcn/seed_202/bandpass_n20005_cLA_V6_covariance_s20.npz,76524,9c0cdda68886899266f1b7efd509c2ca56c7db14ae8500c012960b949fe24460
tcn,independent_rms,202,bandpass_n20005_cLA_V6_covariance_s15,phase2/results/predictions/full/independent_rms/tcn/seed_202/bandpass_n20005_cLA_V6_covariance_s15.npz,76517,6aa249a20a3d2398174ee9d1e316fba6e65b9850e18f3c4fc274d7f7194edf94
tcn,independent_rms,202,bandpass_n20005_cLA_V6_covariance_s10,phase2/results/predictions/full/independent_rms/tcn/seed_202/bandpass_n20005_cLA_V6_covariance_s10.npz,76446,63cb6ddfd6906c76f1c41e224b505c10a4515de208720936b375e5abfbfcae6b
tcn,independent_rms,202,bandpass_n20005_cLA_V6_covariance_s5,phase2/results/predictions/full/independent_rms/tcn/seed_202/bandpass_n20005_cLA_V6_covariance_s5.npz,76263,bfa5b4dac3e43a4ac727e510cd694948a58f2aaa972b7d593c0eeb8948c5f5e7
tcn,independent_rms,202,bandpass_n20005_cLA_V6_covariance_s0,phase2/results/predictions/full/independent_rms/tcn/seed_202/bandpass_n20005_cLA_V6_covariance_s0.npz,75892,b51fb878fdcb6aab8dbd1f5b4624ad0b5b67cb94a7f4cb4a10ef22acea85cba1
tcn,independent_rms,202,bandpass_n20005_cLL_V4_independent_rms_s20,phase2/results/predictions/full/independent_rms/tcn/seed_202/bandpass_n20005_cLL_V4_independent_rms_s20.npz,76486,99d55f65de8650a0ed81ea8f6352477061935b1c89a78447dd9ccb59d3b09677
tcn,independent_rms,202,bandpass_n20005_cLL_V4_independent_rms_s15,phase2/results/predictions/full/independent_rms/tcn/seed_202/bandpass_n20005_cLL_V4_independent_rms_s15.npz,76542,18030c285af56680b9943c309362c6991eb7fae0a23aaa644831f26d515c2b34
tcn,independent_rms,202,bandpass_n20005_cLL_V4_independent_rms_s10,phase2/results/predictions/full/independent_rms/tcn/seed_202/bandpass_n20005_cLL_V4_independent_rms_s10.npz,76521,40dbbc0f16c75560432d7f683c894dad55fcd838dd16525b61553f241859a48b
tcn,independent_rms,202,bandpass_n20005_cLL_V4_independent_rms_s5,phase2/results/predictions/full/independent_rms/tcn/seed_202/bandpass_n20005_cLL_V4_independent_rms_s5.npz,76418,5e83aadae9c05e9e8b3fa9cb02de0e86bad2381641b751d699e7a39e65e51149
tcn,independent_rms,202,bandpass_n20005_cLL_V4_independent_rms_s0,phase2/results/predictions/full/independent_rms/tcn/seed_202/bandpass_n20005_cLL_V4_independent_rms_s0.npz,76144,9b2e051e429c620783930627d9f1fc45b7e87d9e3e75421c121666d38174b65a
tcn,independent_rms,202,bandpass_n20005_cLL_V4_electrode_s20,phase2/results/predictions/full/independent_rms/tcn/seed_202/bandpass_n20005_cLL_V4_electrode_s20.npz,76494,a455fe95d81d196e0035869d8ffafc3d54130c95e1f9cd334ff0f52fbbef0c24
tcn,independent_rms,202,bandpass_n20005_cLL_V4_electrode_s15,phase2/results/predictions/full/independent_rms/tcn/seed_202/bandpass_n20005_cLL_V4_electrode_s15.npz,76512,70d0c844b1d1384b6e11c98da1f3d1171de99ff6393db0a345639492deee3ae9
tcn,independent_rms,202,bandpass_n20005_cLL_V4_electrode_s10,phase2/results/predictions/full/independent_rms/tcn/seed_202/bandpass_n20005_cLL_V4_electrode_s10.npz,76461,d951219a6f70ace1731df92f0163287586a58215fb88761c9a3f21d3319341eb
tcn,independent_rms,202,bandpass_n20005_cLL_V4_electrode_s5,phase2/results/predictions/full/independent_rms/tcn/seed_202/bandpass_n20005_cLL_V4_electrode_s5.npz,76258,99672dfc20ce8c875aa0c8b40a342acb2cc007eef92e4b666fa23d18c9ba991c
tcn,independent_rms,202,bandpass_n20005_cLL_V4_electrode_s0,phase2/results/predictions/full/independent_rms/tcn/seed_202/bandpass_n20005_cLL_V4_electrode_s0.npz,75930,3fd8330fdcde89e905e5abf3816cccba912d32c85f31ba9708338d8fd1b9dbd9
tcn,independent_rms,202,bandpass_n20005_cLL_V4_covariance_s20,phase2/results/predictions/full/independent_rms/tcn/seed_202/bandpass_n20005_cLL_V4_covariance_s20.npz,76514,8023507e1b4b4852c620487cdaee7fe0fa73023bc5d66ee5cfc63e8f5c1af3f9
tcn,independent_rms,202,bandpass_n20005_cLL_V4_covariance_s15,phase2/results/predictions/full/independent_rms/tcn/seed_202/bandpass_n20005_cLL_V4_covariance_s15.npz,76521,0d8b6e3f0f055abd34b40098e9242fea5e04879486a38c1425389f1fc1dce9e0
tcn,independent_rms,202,bandpass_n20005_cLL_V4_covariance_s10,phase2/results/predictions/full/independent_rms/tcn/seed_202/bandpass_n20005_cLL_V4_covariance_s10.npz,76458,23936dc0ec56ef878b47cd897dbfaeb5f330a95ea11d65cd2b53c06db4f64448
tcn,independent_rms,202,bandpass_n20005_cLL_V4_covariance_s5,phase2/results/predictions/full/independent_rms/tcn/seed_202/bandpass_n20005_cLL_V4_covariance_s5.npz,76221,3743408806ca8b144524a52c220e97b9af6fcb2c55dd62ab2e1e7323b0fa2ca1
tcn,independent_rms,202,bandpass_n20005_cLL_V4_covariance_s0,phase2/results/predictions/full/independent_rms/tcn/seed_202/bandpass_n20005_cLL_V4_covariance_s0.npz,75919,db0153702dcad57bf5ea75078187a793693e6d154a6c49f96c633fd3485c16d9
tcn,independent_rms,202,bandpass_n20005_cRA_LA_V1_V6_independent_rms_s20,phase2/results/predictions/full/independent_rms/tcn/seed_202/bandpass_n20005_cRA_LA_V1_V6_independent_rms_s20.npz,76575,bda68925d00008714e992abaf375edf4180a5b25f59fb59265aa36471097669b
tcn,independent_rms,202,bandpass_n20005_cRA_LA_V1_V6_independent_rms_s15,phase2/results/predictions/full/independent_rms/tcn/seed_202/bandpass_n20005_cRA_LA_V1_V6_independent_rms_s15.npz,76559,903d59e181eaf78f302696f71f80f35b9c8df241bd267ed64c036f7b4c05f878
tcn,independent_rms,202,bandpass_n20005_cRA_LA_V1_V6_independent_rms_s10,phase2/results/predictions/full/independent_rms/tcn/seed_202/bandpass_n20005_cRA_LA_V1_V6_independent_rms_s10.npz,76579,050f0951ff3a00e5c0a3afa9070e384d9ca9580c26b54052b8ada7b9105cda62
tcn,independent_rms,202,bandpass_n20005_cRA_LA_V1_V6_independent_rms_s5,phase2/results/predictions/full/independent_rms/tcn/seed_202/bandpass_n20005_cRA_LA_V1_V6_independent_rms_s5.npz,76443,12ad9245cdee53627c4c7b34c1d9ec4331c2b9082893d1a111abd5f063c0c5be
tcn,independent_rms,202,bandpass_n20005_cRA_LA_V1_V6_independent_rms_s0,phase2/results/predictions/full/independent_rms/tcn/seed_202/bandpass_n20005_cRA_LA_V1_V6_independent_rms_s0.npz,76237,431aaf0461c775df8cd055e2a7506ca42e00db6787fed24bdf577b61c94e4e0a
tcn,independent_rms,202,bandpass_n20005_cRA_LA_V1_V6_electrode_s20,phase2/results/predictions/full/independent_rms/tcn/seed_202/bandpass_n20005_cRA_LA_V1_V6_electrode_s20.npz,76521,d6f0f61d6a9dc4a5d62ac29f6960099b0466750e809a14171196bebf17762181
tcn,independent_rms,202,bandpass_n20005_cRA_LA_V1_V6_electrode_s15,phase2/results/predictions/full/independent_rms/tcn/seed_202/bandpass_n20005_cRA_LA_V1_V6_electrode_s15.npz,76526,0929466c0454313ca857c76d0bd091e34e02483aa4134c5d8cde10ddf17a0aff
tcn,independent_rms,202,bandpass_n20005_cRA_LA_V1_V6_electrode_s10,phase2/results/predictions/full/independent_rms/tcn/seed_202/bandpass_n20005_cRA_LA_V1_V6_electrode_s10.npz,76507,70be01f4e7108196cef13074fac99c5dec1448e49f47b148390b90825dd73adc
tcn,independent_rms,202,bandpass_n20005_cRA_LA_V1_V6_electrode_s5,phase2/results/predictions/full/independent_rms/tcn/seed_202/bandpass_n20005_cRA_LA_V1_V6_electrode_s5.npz,76310,9dcaa2ede929543bee0f6d7c904dc2d6d52f83f75a32ce5a3199559953645c6f
tcn,independent_rms,202,bandpass_n20005_cRA_LA_V1_V6_electrode_s0,phase2/results/predictions/full/independent_rms/tcn/seed_202/bandpass_n20005_cRA_LA_V1_V6_electrode_s0.npz,75895,de0bb3132a8fefae2d1ae1d9f62159cf30a94e2daaaf98c6454155a352429e4e
tcn,independent_rms,202,bandpass_n20005_cRA_LA_V1_V6_covariance_s20,phase2/results/predictions/full/independent_rms/tcn/seed_202/bandpass_n20005_cRA_LA_V1_V6_covariance_s20.npz,76519,dba34c2b627fd8422596de495ff6ad3300e49399722f6daef3658ecbb4a8cdf9
tcn,independent_rms,202,bandpass_n20005_cRA_LA_V1_V6_covariance_s15,phase2/results/predictions/full/independent_rms/tcn/seed_202/bandpass_n20005_cRA_LA_V1_V6_covariance_s15.npz,76543,464757eddabbef18f1c51c2dabf81677f949e704348ebad5cbd645d79f348bf1
tcn,independent_rms,202,bandpass_n20005_cRA_LA_V1_V6_covariance_s10,phase2/results/predictions/full/independent_rms/tcn/seed_202/bandpass_n20005_cRA_LA_V1_V6_covariance_s10.npz,76492,233d27e7f7680ed921fdcdaa1d43008dac8cbf84f8075c872b466eaa84695371
tcn,independent_rms,202,bandpass_n20005_cRA_LA_V1_V6_covariance_s5,phase2/results/predictions/full/independent_rms/tcn/seed_202/bandpass_n20005_cRA_LA_V1_V6_covariance_s5.npz,76315,4cc2ef82f5fc9b2a145bf49e9709d74541d9da7d130e9a16d962d201b020d909
tcn,independent_rms,202,bandpass_n20005_cRA_LA_V1_V6_covariance_s0,phase2/results/predictions/full/independent_rms/tcn/seed_202/bandpass_n20005_cRA_LA_V1_V6_covariance_s0.npz,75916,f673481d6823e8e217f88f8891122cdb32890cc68fe66cda41b612fefa17cb39
tcn,independent_rms,202,bandpass_n20005_cRA_V2_V5_independent_rms_s20,phase2/results/predictions/full/independent_rms/tcn/seed_202/bandpass_n20005_cRA_V2_V5_independent_rms_s20.npz,76526,4f8c977c79c94ad53e60663ef62efb3b0deb90b2b31bb4474735eb3450ce7ed6
tcn,independent_rms,202,bandpass_n20005_cRA_V2_V5_independent_rms_s15,phase2/results/predictions/full/independent_rms/tcn/seed_202/bandpass_n20005_cRA_V2_V5_independent_rms_s15.npz,76522,856612bedde6a045a70cd2d432b116bf693424dc530eb9e19e372e54a0120ec8
tcn,independent_rms,202,bandpass_n20005_cRA_V2_V5_independent_rms_s10,phase2/results/predictions/full/independent_rms/tcn/seed_202/bandpass_n20005_cRA_V2_V5_independent_rms_s10.npz,76486,642d95194090b8fff37de2fc0443500cf96bf555cfa44de9c038f19ae8883ca8
tcn,independent_rms,202,bandpass_n20005_cRA_V2_V5_independent_rms_s5,phase2/results/predictions/full/independent_rms/tcn/seed_202/bandpass_n20005_cRA_V2_V5_independent_rms_s5.npz,76440,c83c9c6202c1b981a6d1cb397ba6980954b4b220d5bad4604b202967cfe3a6fe
tcn,independent_rms,202,bandpass_n20005_cRA_V2_V5_independent_rms_s0,phase2/results/predictions/full/independent_rms/tcn/seed_202/bandpass_n20005_cRA_V2_V5_independent_rms_s0.npz,76216,62d450ddb9973c9ef9e93393c764e6d6bcb5f976a616878469275b940fdf6ca4
tcn,independent_rms,202,bandpass_n20005_cRA_V2_V5_electrode_s20,phase2/results/predictions/full/independent_rms/tcn/seed_202/bandpass_n20005_cRA_V2_V5_electrode_s20.npz,76507,7ef0f69e3d511deb12a610707d7d550cd8d769af5eece73bec6ef6facd5d0e15
tcn,independent_rms,202,bandpass_n20005_cRA_V2_V5_electrode_s15,phase2/results/predictions/full/independent_rms/tcn/seed_202/bandpass_n20005_cRA_V2_V5_electrode_s15.npz,76516,f75e0185d5efb2c7d5630773dcc4eb21eb62cbc6d0a3e17dd242083ac96eaecf
tcn,independent_rms,202,bandpass_n20005_cRA_V2_V5_electrode_s10,phase2/results/predictions/full/independent_rms/tcn/seed_202/bandpass_n20005_cRA_V2_V5_electrode_s10.npz,76505,140922b621c5d3e1f7da2bc1206bc2723b631c6636f901505fc2cb1b6db805c4
tcn,independent_rms,202,bandpass_n20005_cRA_V2_V5_electrode_s5,phase2/results/predictions/full/independent_rms/tcn/seed_202/bandpass_n20005_cRA_V2_V5_electrode_s5.npz,76372,f2f59bd6bdd168a16dc3e5398b12275fb8836d29411a629e119ce77b57714a6d
tcn,independent_rms,202,bandpass_n20005_cRA_V2_V5_electrode_s0,phase2/results/predictions/full/independent_rms/tcn/seed_202/bandpass_n20005_cRA_V2_V5_electrode_s0.npz,76063,df7907e69111c65cade9afeed7b57715e990e1f7726a9a65a13f73ed5175da25
tcn,independent_rms,202,bandpass_n20005_cRA_V2_V5_covariance_s20,phase2/results/predictions/full/independent_rms/tcn/seed_202/bandpass_n20005_cRA_V2_V5_covariance_s20.npz,76508,d789917bf849555148f611465e75128ed53415e1f5ed9e90f2c2db5f468079d6
tcn,independent_rms,202,bandpass_n20005_cRA_V2_V5_covariance_s15,phase2/results/predictions/full/independent_rms/tcn/seed_202/bandpass_n20005_cRA_V2_V5_covariance_s15.npz,76520,0847f12ce08a7feb33ffe6ec8a38f4e217c1d2aca617c44b0a4c6db11e52d19f
tcn,independent_rms,202,bandpass_n20005_cRA_V2_V5_covariance_s10,phase2/results/predictions/full/independent_rms/tcn/seed_202/bandpass_n20005_cRA_V2_V5_covariance_s10.npz,76474,798b0d0fd77a11eef74437ab753a4f8d35318af9e2b5b17e3f709ace893db813
tcn,independent_rms,202,bandpass_n20005_cRA_V2_V5_covariance_s5,phase2/results/predictions/full/independent_rms/tcn/seed_202/bandpass_n20005_cRA_V2_V5_covariance_s5.npz,76362,e4214d71d748c7f50cf391418b16af73d19abd481cdbf9568b4c1fa69392acec
tcn,independent_rms,202,bandpass_n20005_cRA_V2_V5_covariance_s0,phase2/results/predictions/full/independent_rms/tcn/seed_202/bandpass_n20005_cRA_V2_V5_covariance_s0.npz,76064,4496b8d8d77bab83827114a10a281b16a53bb2db6d1a3e7bb414a47b1a3c4e8f
tcn,independent_rms,202,bandpass_n20005_cLA_V3_V6_independent_rms_s20,phase2/results/predictions/full/independent_rms/tcn/seed_202/bandpass_n20005_cLA_V3_V6_independent_rms_s20.npz,76551,19777be768a3a9f891b032581211913de89878106a8fd94a488928730f03374c
tcn,independent_rms,202,bandpass_n20005_cLA_V3_V6_independent_rms_s15,phase2/results/predictions/full/independent_rms/tcn/seed_202/bandpass_n20005_cLA_V3_V6_independent_rms_s15.npz,76544,38be0c5b4f80cd9d67e3909c577a24d3dcb08386400d1d71790f6e4e34145396
tcn,independent_rms,202,bandpass_n20005_cLA_V3_V6_independent_rms_s10,phase2/results/predictions/full/independent_rms/tcn/seed_202/bandpass_n20005_cLA_V3_V6_independent_rms_s10.npz,76530,a6d77c3a5860f244a5754171083a1efcfd246e9186abec49af3d0c39c9029f75
tcn,independent_rms,202,bandpass_n20005_cLA_V3_V6_independent_rms_s5,phase2/results/predictions/full/independent_rms/tcn/seed_202/bandpass_n20005_cLA_V3_V6_independent_rms_s5.npz,76434,c11a977483121c9b01f429a072c19992d923b425885e6250d1e75c82094d668a
tcn,independent_rms,202,bandpass_n20005_cLA_V3_V6_independent_rms_s0,phase2/results/predictions/full/independent_rms/tcn/seed_202/bandpass_n20005_cLA_V3_V6_independent_rms_s0.npz,76257,c144ed39e192fcf1056ac81e636a14556bd0d9dacbeb8a4aa93aa9dcd8229bd5
tcn,independent_rms,202,bandpass_n20005_cLA_V3_V6_electrode_s20,phase2/results/predictions/full/independent_rms/tcn/seed_202/bandpass_n20005_cLA_V3_V6_electrode_s20.npz,76504,cb46b4e55b0ad65bddcbaac8947bd0ad274b8db278c23428e68fded7b2521619
tcn,independent_rms,202,bandpass_n20005_cLA_V3_V6_electrode_s15,phase2/results/predictions/full/independent_rms/tcn/seed_202/bandpass_n20005_cLA_V3_V6_electrode_s15.npz,76518,d44ef4714a72827ef04885d42ab798f30f6ee35a44cdad072861283bf221a688
tcn,independent_rms,202,bandpass_n20005_cLA_V3_V6_electrode_s10,phase2/results/predictions/full/independent_rms/tcn/seed_202/bandpass_n20005_cLA_V3_V6_electrode_s10.npz,76530,fe391e645922cf33b05eaa128ca30624fcd2081b8feb4e041bc61bfdc277c0b7
tcn,independent_rms,202,bandpass_n20005_cLA_V3_V6_electrode_s5,phase2/results/predictions/full/independent_rms/tcn/seed_202/bandpass_n20005_cLA_V3_V6_electrode_s5.npz,76307,b05aea8cf458f95eefac0a5ac7591b9a6fdbc291027adb2116902c67d732df32
tcn,independent_rms,202,bandpass_n20005_cLA_V3_V6_electrode_s0,phase2/results/predictions/full/independent_rms/tcn/seed_202/bandpass_n20005_cLA_V3_V6_electrode_s0.npz,75940,2c9ec4ef4c9e5b368f82da24da9a2611558cc88e8af9408247cc035d4449b01e
tcn,independent_rms,202,bandpass_n20005_cLA_V3_V6_covariance_s20,phase2/results/predictions/full/independent_rms/tcn/seed_202/bandpass_n20005_cLA_V3_V6_covariance_s20.npz,76509,19af44e2f741f3cb1044745146f0ba418f3ec83f51bbbd08c480145ad6a317a4
tcn,independent_rms,202,bandpass_n20005_cLA_V3_V6_covariance_s15,phase2/results/predictions/full/independent_rms/tcn/seed_202/bandpass_n20005_cLA_V3_V6_covariance_s15.npz,76524,5c8f0e357d6c5a04acff31f96f74591e7474eeb9adb52b8f4efdd2344ae71782
tcn,independent_rms,202,bandpass_n20005_cLA_V3_V6_covariance_s10,phase2/results/predictions/full/independent_rms/tcn/seed_202/bandpass_n20005_cLA_V3_V6_covariance_s10.npz,76487,56802f9329c0d1da3b99e7f0e5a1e95ee0cee34ab738c117fdb43cd504deceed
tcn,independent_rms,202,bandpass_n20005_cLA_V3_V6_covariance_s5,phase2/results/predictions/full/independent_rms/tcn/seed_202/bandpass_n20005_cLA_V3_V6_covariance_s5.npz,76335,fe96e5049bafb5adcf42f2de2e02e5df95ebc285aa14e73da78caea35a343af0
tcn,independent_rms,202,bandpass_n20005_cLA_V3_V6_covariance_s0,phase2/results/predictions/full/independent_rms/tcn/seed_202/bandpass_n20005_cLA_V3_V6_covariance_s0.npz,75928,fb99ecc61978730a759cf9167169e3dc4c3f4ca60dcb0157b3860037d17cc8ba
tcn,independent_rms,202,bandpass_n20005_cLL_V1_V4_independent_rms_s20,phase2/results/predictions/full/independent_rms/tcn/seed_202/bandpass_n20005_cLL_V1_V4_independent_rms_s20.npz,76539,6d8d859e8caf37c6f069c771783b6ad4e21d821ffdf19edf362c32a31b9ae31c
tcn,independent_rms,202,bandpass_n20005_cLL_V1_V4_independent_rms_s15,phase2/results/predictions/full/independent_rms/tcn/seed_202/bandpass_n20005_cLL_V1_V4_independent_rms_s15.npz,76518,3dc3f4a7bc01addacb126959dca7e552be0f824611539ed000373a946d525aac
tcn,independent_rms,202,bandpass_n20005_cLL_V1_V4_independent_rms_s10,phase2/results/predictions/full/independent_rms/tcn/seed_202/bandpass_n20005_cLL_V1_V4_independent_rms_s10.npz,76532,464a6444101980bedf029796954ed1bc4f37e7722741c9b87a8bccb3ae68fcbb
tcn,independent_rms,202,bandpass_n20005_cLL_V1_V4_independent_rms_s5,phase2/results/predictions/full/independent_rms/tcn/seed_202/bandpass_n20005_cLL_V1_V4_independent_rms_s5.npz,76403,ab0b177c299e393bad1549e3d8934c7776cd577db98c71d43a5b976f6a94b7bf
tcn,independent_rms,202,bandpass_n20005_cLL_V1_V4_independent_rms_s0,phase2/results/predictions/full/independent_rms/tcn/seed_202/bandpass_n20005_cLL_V1_V4_independent_rms_s0.npz,76094,cb54843811e4f3c2c89885387bc1dd2a5358caeae6fbb27f66fb65b90bc86798
tcn,independent_rms,202,bandpass_n20005_cLL_V1_V4_electrode_s20,phase2/results/predictions/full/independent_rms/tcn/seed_202/bandpass_n20005_cLL_V1_V4_electrode_s20.npz,76533,474975dd93ae40ed7eedf641c4d0cae2b6d77967169b84ff13f2a57fd2528a4e
tcn,independent_rms,202,bandpass_n20005_cLL_V1_V4_electrode_s15,phase2/results/predictions/full/independent_rms/tcn/seed_202/bandpass_n20005_cLL_V1_V4_electrode_s15.npz,76515,c0894a990badde4fe0c96f4d84fc111eebca4b4a3aae4bbed7d1c099a1446b88
tcn,independent_rms,202,bandpass_n20005_cLL_V1_V4_electrode_s10,phase2/results/predictions/full/independent_rms/tcn/seed_202/bandpass_n20005_cLL_V1_V4_electrode_s10.npz,76495,e722a1b6e95ab09ab75bbd1156b8f009cbd21039b0ed7e7b0c1b33c15755ec2d
tcn,independent_rms,202,bandpass_n20005_cLL_V1_V4_electrode_s5,phase2/results/predictions/full/independent_rms/tcn/seed_202/bandpass_n20005_cLL_V1_V4_electrode_s5.npz,76260,cbc6ffab40e678564b9d4bf800a65410d1eaf5804aa95a9437e13dcdd973c763
tcn,independent_rms,202,bandpass_n20005_cLL_V1_V4_electrode_s0,phase2/results/predictions/full/independent_rms/tcn/seed_202/bandpass_n20005_cLL_V1_V4_electrode_s0.npz,75928,0804fe31cc228d5c39f3f89e0e48201caef15f084f36167b835217ff83d65d2b
tcn,independent_rms,202,bandpass_n20005_cLL_V1_V4_covariance_s20,phase2/results/predictions/full/independent_rms/tcn/seed_202/bandpass_n20005_cLL_V1_V4_covariance_s20.npz,76516,780d8b535dcbb985e336162480051ccc218c26f096058b83f55a68999c0c4b66
tcn,independent_rms,202,bandpass_n20005_cLL_V1_V4_covariance_s15,phase2/results/predictions/full/independent_rms/tcn/seed_202/bandpass_n20005_cLL_V1_V4_covariance_s15.npz,76547,998ea589941b1529cbf8a1726bf8d4aca5e7bd47490098b5bb9cefb3d6e73915
tcn,independent_rms,202,bandpass_n20005_cLL_V1_V4_covariance_s10,phase2/results/predictions/full/independent_rms/tcn/seed_202/bandpass_n20005_cLL_V1_V4_covariance_s10.npz,76478,3bbc2eea6d3a2e75265f41c3d8c8e33f8e45c9e7cefccd892f5a32f3196da89f
tcn,independent_rms,202,bandpass_n20005_cLL_V1_V4_covariance_s5,phase2/results/predictions/full/independent_rms/tcn/seed_202/bandpass_n20005_cLL_V1_V4_covariance_s5.npz,76259,430b1baf386642b39cef8ac7e4d502db8f7288e8112eefe40edd9b863904591a
tcn,independent_rms,202,bandpass_n20005_cLL_V1_V4_covariance_s0,phase2/results/predictions/full/independent_rms/tcn/seed_202/bandpass_n20005_cLL_V1_V4_covariance_s0.npz,75926,7e7361dd65f3c26dc84e3d9c9593a83468c87e1b12bf8a7484e4898606573f4f
tcn,independent_rms,202,bandpass_n20005_call_independent_rms_s20,phase2/results/predictions/full/independent_rms/tcn/seed_202/bandpass_n20005_call_independent_rms_s20.npz,76490,f56d4e27a3171a50c1dde903e8fbc6ded72672489e15f0c95448e4a2afccb86f
tcn,independent_rms,202,bandpass_n20005_call_independent_rms_s15,phase2/results/predictions/full/independent_rms/tcn/seed_202/bandpass_n20005_call_independent_rms_s15.npz,76514,042ee8533e5e05325dab74efd6902862d0dc0e5556ec5550c8632ced99781db7
tcn,independent_rms,202,bandpass_n20005_call_independent_rms_s10,phase2/results/predictions/full/independent_rms/tcn/seed_202/bandpass_n20005_call_independent_rms_s10.npz,76510,fcb214ce6220b3ed74cc0a9f3b56de577dff3e3965043283504d67e0cfb90929
tcn,independent_rms,202,bandpass_n20005_call_independent_rms_s5,phase2/results/predictions/full/independent_rms/tcn/seed_202/bandpass_n20005_call_independent_rms_s5.npz,76410,f0113113db512e3bfd6a47abe64239cfdefb2034cfff434433586adc979d18cf
tcn,independent_rms,202,bandpass_n20005_call_independent_rms_s0,phase2/results/predictions/full/independent_rms/tcn/seed_202/bandpass_n20005_call_independent_rms_s0.npz,76164,7a0c5f5eba125b207e02530d4ea8035e93fee428de08a8c4d3a4ee66b4297bee
tcn,independent_rms,202,bandpass_n20005_call_electrode_s20,phase2/results/predictions/full/independent_rms/tcn/seed_202/bandpass_n20005_call_electrode_s20.npz,76483,be23096442ff20a14013b4deeb604af005099ee5def18f4d700f589ef05784b7
tcn,independent_rms,202,bandpass_n20005_call_electrode_s15,phase2/results/predictions/full/independent_rms/tcn/seed_202/bandpass_n20005_call_electrode_s15.npz,76502,8a0583e7f9f4b226592aa61ec78eb2fb5b95cce4fa1dc66f2ed60850cda95f78
tcn,independent_rms,202,bandpass_n20005_call_electrode_s10,phase2/results/predictions/full/independent_rms/tcn/seed_202/bandpass_n20005_call_electrode_s10.npz,76468,b236ddd4a9d8619eb0f629d6d73f1b4fabc00ab8ddaf6529ad3f254910720d99
tcn,independent_rms,202,bandpass_n20005_call_electrode_s5,phase2/results/predictions/full/independent_rms/tcn/seed_202/bandpass_n20005_call_electrode_s5.npz,76277,ec21e0193ff9648170f0d2dd588897f9f3c99374e16c78f6760f8188dba666ce
tcn,independent_rms,202,bandpass_n20005_call_electrode_s0,phase2/results/predictions/full/independent_rms/tcn/seed_202/bandpass_n20005_call_electrode_s0.npz,75860,6b9829e433e10b5ae9bec759ebedf36378abfbdaafc251d5a99d83e04a467945
tcn,independent_rms,202,bandpass_n20005_call_covariance_s20,phase2/results/predictions/full/independent_rms/tcn/seed_202/bandpass_n20005_call_covariance_s20.npz,76484,b276b89446368d67e781a1af47cd9a80da9d96875e9afe628d1da461a92592bb
tcn,independent_rms,202,bandpass_n20005_call_covariance_s15,phase2/results/predictions/full/independent_rms/tcn/seed_202/bandpass_n20005_call_covariance_s15.npz,76480,533d0811ec71cc5722e77032b76409b62dce12b8a40ccd7fd93929c4262e6e68
tcn,independent_rms,202,bandpass_n20005_call_covariance_s10,phase2/results/predictions/full/independent_rms/tcn/seed_202/bandpass_n20005_call_covariance_s10.npz,76446,c1aa07b7cefe3189250535c228c1efaeaad49979a6650c81d60ef8d34b25d792
tcn,independent_rms,202,bandpass_n20005_call_covariance_s5,phase2/results/predictions/full/independent_rms/tcn/seed_202/bandpass_n20005_call_covariance_s5.npz,76266,cf0187fd323cf1dd56b336ed741f26aaa998ec0d4c6f8a62e213ffad8a18c9f4
tcn,independent_rms,202,bandpass_n20005_call_covariance_s0,phase2/results/predictions/full/independent_rms/tcn/seed_202/bandpass_n20005_call_covariance_s0.npz,75883,52aa96d8baf53e03e33f6dfa94fd30884d77260788a087ea49aa9dee0977c65a
tcn,independent_rms,202,bw_n20001_call_independent_rms_s20,phase2/results/predictions/full/independent_rms/tcn/seed_202/bw_n20001_call_independent_rms_s20.npz,76492,cbc23931ae91be889200fe883908d1c330b24ea25504696b4326bf3792eb0bc5
tcn,independent_rms,202,bw_n20001_call_independent_rms_s10,phase2/results/predictions/full/independent_rms/tcn/seed_202/bw_n20001_call_independent_rms_s10.npz,76506,5faafbb488701c5001e4bbd63877a09d78d6789dff04c8b68f925c775537a3c1
tcn,independent_rms,202,bw_n20001_call_independent_rms_s0,phase2/results/predictions/full/independent_rms/tcn/seed_202/bw_n20001_call_independent_rms_s0.npz,76350,06e5f69dfc334a083064d825e5a4a111496dffaa2274b23a93e7e855b778163f
tcn,independent_rms,202,bw_n20001_call_electrode_s20,phase2/results/predictions/full/independent_rms/tcn/seed_202/bw_n20001_call_electrode_s20.npz,76489,43132ec968031334ae1851ab2c31bbff99dc7d87b0bbee0bca2a6dbd08c05afe
tcn,independent_rms,202,bw_n20001_call_electrode_s10,phase2/results/predictions/full/independent_rms/tcn/seed_202/bw_n20001_call_electrode_s10.npz,76461,1b39b945fce0233f5213f484242022d4b57f1bfc1fd399fac2062a4b3f6cd344
tcn,independent_rms,202,bw_n20001_call_electrode_s0,phase2/results/predictions/full/independent_rms/tcn/seed_202/bw_n20001_call_electrode_s0.npz,76293,92080a67994a4ce28b7f3d168edc897a1496b952422a172fcb61f9e466d8f7a8
tcn,independent_rms,202,bw_n20001_call_covariance_s20,phase2/results/predictions/full/independent_rms/tcn/seed_202/bw_n20001_call_covariance_s20.npz,76477,615b95a8220b99934450b2542619761fc74353ca43a3f43216511ed64e6107ca
tcn,independent_rms,202,bw_n20001_call_covariance_s10,phase2/results/predictions/full/independent_rms/tcn/seed_202/bw_n20001_call_covariance_s10.npz,76458,59a7346b6dc2fa40b001a538c7e605c98b7a741edd1280eeaf4242db88d4ef0e
tcn,independent_rms,202,bw_n20001_call_covariance_s0,phase2/results/predictions/full/independent_rms/tcn/seed_202/bw_n20001_call_covariance_s0.npz,76319,627e6af18e2b4aa855ac5b37d2e312ab6ed2dc4a8ea39f689d4a7e32f9f9cf17
tcn,independent_rms,202,bw_n20002_call_independent_rms_s20,phase2/results/predictions/full/independent_rms/tcn/seed_202/bw_n20002_call_independent_rms_s20.npz,76503,ac76aea75b8abc297bfb937985818d5e21109873ae25891b8918f929f01ae7f1
tcn,independent_rms,202,bw_n20002_call_independent_rms_s10,phase2/results/predictions/full/independent_rms/tcn/seed_202/bw_n20002_call_independent_rms_s10.npz,76490,0bf6f99744d484ac41219f8cc6cbb6af8cb41a7e791c196d8dcd1e86c9b9d5c3
tcn,independent_rms,202,bw_n20002_call_independent_rms_s0,phase2/results/predictions/full/independent_rms/tcn/seed_202/bw_n20002_call_independent_rms_s0.npz,76362,cd12bfb0fedb1413389dae232ff78411222fb5eb5c7964bca11cd6ee3c69d3bb
tcn,independent_rms,202,bw_n20002_call_electrode_s20,phase2/results/predictions/full/independent_rms/tcn/seed_202/bw_n20002_call_electrode_s20.npz,76464,aa36d15d5034ad63ec9e8d983e45992c3124edd3bd47f6a5b3b788266cffb3c5
tcn,independent_rms,202,bw_n20002_call_electrode_s10,phase2/results/predictions/full/independent_rms/tcn/seed_202/bw_n20002_call_electrode_s10.npz,76423,ad4062a7a471daa074747b785150f320dba82554cee5c0079cd4b16061a6dced
tcn,independent_rms,202,bw_n20002_call_electrode_s0,phase2/results/predictions/full/independent_rms/tcn/seed_202/bw_n20002_call_electrode_s0.npz,76260,0de897072192fb6fc27bc32e5ff78576f76e15d0d12127c35e8cff5a3095526e
tcn,independent_rms,202,bw_n20002_call_covariance_s20,phase2/results/predictions/full/independent_rms/tcn/seed_202/bw_n20002_call_covariance_s20.npz,76495,490848dd628fc85cfc3de2d5a412570a8af24b2b02d70c7ed606dd5be93e650b
tcn,independent_rms,202,bw_n20002_call_covariance_s10,phase2/results/predictions/full/independent_rms/tcn/seed_202/bw_n20002_call_covariance_s10.npz,76464,e782f81300871061a5fb645754aa2d08630ece5bded28984264214dfbc526b67
tcn,independent_rms,202,bw_n20002_call_covariance_s0,phase2/results/predictions/full/independent_rms/tcn/seed_202/bw_n20002_call_covariance_s0.npz,76318,0614e39e9b6a23e699d7f5b2b0593b640284441b687b34245857d3d45ef71b33
tcn,independent_rms,202,bw_n20003_call_independent_rms_s20,phase2/results/predictions/full/independent_rms/tcn/seed_202/bw_n20003_call_independent_rms_s20.npz,76439,8354e073e4ab077b861fefd178abeacfcbcca460c9d8727b9ab81507c6720d34
tcn,independent_rms,202,bw_n20003_call_independent_rms_s10,phase2/results/predictions/full/independent_rms/tcn/seed_202/bw_n20003_call_independent_rms_s10.npz,76549,28945a3667ed8ea76b2f6201f82e53ad58d9267eb66b489824328ed46e2a7c85
tcn,independent_rms,202,bw_n20003_call_independent_rms_s0,phase2/results/predictions/full/independent_rms/tcn/seed_202/bw_n20003_call_independent_rms_s0.npz,76385,92704f966191dd93f4e0a018eb942218de9161162b3e071002b8ab52cb5e80c2
tcn,independent_rms,202,bw_n20003_call_electrode_s20,phase2/results/predictions/full/independent_rms/tcn/seed_202/bw_n20003_call_electrode_s20.npz,76497,1b6adefb49df87134da83dadb8a58c2b9a868b39c8e432e1ae8c258354c8ae4b
tcn,independent_rms,202,bw_n20003_call_electrode_s10,phase2/results/predictions/full/independent_rms/tcn/seed_202/bw_n20003_call_electrode_s10.npz,76475,96fc196b5753630ef2725f3a9f4e7da3b6466652c2de6d2f281117bbf0eab91d
tcn,independent_rms,202,bw_n20003_call_electrode_s0,phase2/results/predictions/full/independent_rms/tcn/seed_202/bw_n20003_call_electrode_s0.npz,76311,1d6106448e8f333cb5f44ff0ded27a582afaf291ff241f78346d7f7676d9a986
tcn,independent_rms,202,bw_n20003_call_covariance_s20,phase2/results/predictions/full/independent_rms/tcn/seed_202/bw_n20003_call_covariance_s20.npz,76450,8e7728572c4d824efe197832f9b8d21c22e887dd6b53401d12695254a3fcf44f
tcn,independent_rms,202,bw_n20003_call_covariance_s10,phase2/results/predictions/full/independent_rms/tcn/seed_202/bw_n20003_call_covariance_s10.npz,76486,130f4676f3d42c1809e116b189c4be0e629ad443b0ec298faf3d587cb77fe526
tcn,independent_rms,202,bw_n20003_call_covariance_s0,phase2/results/predictions/full/independent_rms/tcn/seed_202/bw_n20003_call_covariance_s0.npz,76315,4bebde61453471da2d9a1a2f01593e6d4a410add873d535e31bc32aa71ae6c73
tcn,independent_rms,202,bw_n20004_call_independent_rms_s20,phase2/results/predictions/full/independent_rms/tcn/seed_202/bw_n20004_call_independent_rms_s20.npz,76474,04e9b602438537db79d158269b9778619344e0c49f80f10b7531c6ce4e08edb4
tcn,independent_rms,202,bw_n20004_call_independent_rms_s10,phase2/results/predictions/full/independent_rms/tcn/seed_202/bw_n20004_call_independent_rms_s10.npz,76467,f0d1e4749874a0b078dfc3e1425ecce2f328bed6a29b26f4d9c38a78c182959b
tcn,independent_rms,202,bw_n20004_call_independent_rms_s0,phase2/results/predictions/full/independent_rms/tcn/seed_202/bw_n20004_call_independent_rms_s0.npz,76377,6c9a55fb2105e1c404eab226a37c8ea1ed425ac68aa92fc62e725552ec97835a
tcn,independent_rms,202,bw_n20004_call_electrode_s20,phase2/results/predictions/full/independent_rms/tcn/seed_202/bw_n20004_call_electrode_s20.npz,76477,646bcd0e0435351f40b44f27ce1a684a5d6307d38a53b406c2d1decc7a690c3e
tcn,independent_rms,202,bw_n20004_call_electrode_s10,phase2/results/predictions/full/independent_rms/tcn/seed_202/bw_n20004_call_electrode_s10.npz,76481,c2f9330dd6cb8e46269251c8a04caba33dde365cac17630453f261e39e015953
tcn,independent_rms,202,bw_n20004_call_electrode_s0,phase2/results/predictions/full/independent_rms/tcn/seed_202/bw_n20004_call_electrode_s0.npz,76306,22a4218de492f307f90a1457b5a62db1ca64ac304b3f02bf2fd32650dc2285de
tcn,independent_rms,202,bw_n20004_call_covariance_s20,phase2/results/predictions/full/independent_rms/tcn/seed_202/bw_n20004_call_covariance_s20.npz,76498,fd84b065a999abf013dd1302e2d2c0248206bef693c307da1fa7d3f514a5298e
tcn,independent_rms,202,bw_n20004_call_covariance_s10,phase2/results/predictions/full/independent_rms/tcn/seed_202/bw_n20004_call_covariance_s10.npz,76445,643145cbe248cba49f27fa265ab05bb6a464e6f95df872fd1968f02b30e96b06
tcn,independent_rms,202,bw_n20004_call_covariance_s0,phase2/results/predictions/full/independent_rms/tcn/seed_202/bw_n20004_call_covariance_s0.npz,76335,ee7f5ec7844984ec44b618e5221265e4af8b8ed679ece16e55fb7c57c9f67a26
tcn,independent_rms,202,bw_n20005_call_independent_rms_s20,phase2/results/predictions/full/independent_rms/tcn/seed_202/bw_n20005_call_independent_rms_s20.npz,76480,93d2a0f3222e810d34889b2abd79441e335bb894f19dcac65b59883bc2cb31b0
tcn,independent_rms,202,bw_n20005_call_independent_rms_s10,phase2/results/predictions/full/independent_rms/tcn/seed_202/bw_n20005_call_independent_rms_s10.npz,76478,320672feebbee2e2d17aa6450d081f070d5deb881f598bdf7bc61f3500970277
tcn,independent_rms,202,bw_n20005_call_independent_rms_s0,phase2/results/predictions/full/independent_rms/tcn/seed_202/bw_n20005_call_independent_rms_s0.npz,76380,f582800715cf0236ddb5ff09a24fdb52ede41c4247d690d5aca9e0d5218e5aef
tcn,independent_rms,202,bw_n20005_call_electrode_s20,phase2/results/predictions/full/independent_rms/tcn/seed_202/bw_n20005_call_electrode_s20.npz,76481,12737d223117cfe321aee518a11914df2bde6682d80da515fa289225fc551b60
tcn,independent_rms,202,bw_n20005_call_electrode_s10,phase2/results/predictions/full/independent_rms/tcn/seed_202/bw_n20005_call_electrode_s10.npz,76443,4b1e318a3c7dad9418dfd4ec460666d3e9a9168267022324c1c4ccd7303707dd
tcn,independent_rms,202,bw_n20005_call_electrode_s0,phase2/results/predictions/full/independent_rms/tcn/seed_202/bw_n20005_call_electrode_s0.npz,76317,490876e7567822d2e3c784df6fb33cce73564794fab8f6d3311b463778d67112
tcn,independent_rms,202,bw_n20005_call_covariance_s20,phase2/results/predictions/full/independent_rms/tcn/seed_202/bw_n20005_call_covariance_s20.npz,76449,b2ea3d3c929db9f998a13d4757fa953a10cc6a2434d5424ae606cf33cf0e228a
tcn,independent_rms,202,bw_n20005_call_covariance_s10,phase2/results/predictions/full/independent_rms/tcn/seed_202/bw_n20005_call_covariance_s10.npz,76440,bc1ddbca0d001e0e60dced4408465520faac06f4b46c3ea715364fe90046c4fc
tcn,independent_rms,202,bw_n20005_call_covariance_s0,phase2/results/predictions/full/independent_rms/tcn/seed_202/bw_n20005_call_covariance_s0.npz,76324,c96db889911393f1700f43f1eba6b9b917ca26a0fb9dce7cb9a6420ccd46ce93
tcn,independent_rms,202,ma_n20001_call_independent_rms_s20,phase2/results/predictions/full/independent_rms/tcn/seed_202/ma_n20001_call_independent_rms_s20.npz,76499,dbe26e8adafe57309b4306a9e7213555a797312a3ecf38bb539aac12ae3dfe1f
tcn,independent_rms,202,ma_n20001_call_independent_rms_s10,phase2/results/predictions/full/independent_rms/tcn/seed_202/ma_n20001_call_independent_rms_s10.npz,76466,a337cb807d4619dbef0d28fe7c736cf9f66cc5ab707588235e3d4475fd5cb6d8
tcn,independent_rms,202,ma_n20001_call_independent_rms_s0,phase2/results/predictions/full/independent_rms/tcn/seed_202/ma_n20001_call_independent_rms_s0.npz,76325,e9b2c85e048f55d89bf2dbc148317d3f9b3c54116bb657d6cdf1beb78842e4ed
tcn,independent_rms,202,ma_n20001_call_electrode_s20,phase2/results/predictions/full/independent_rms/tcn/seed_202/ma_n20001_call_electrode_s20.npz,76495,fad1a5f364cf6f67ce1ecfa786b46851464328cff2347a16dc0ef65e7942809f
tcn,independent_rms,202,ma_n20001_call_electrode_s10,phase2/results/predictions/full/independent_rms/tcn/seed_202/ma_n20001_call_electrode_s10.npz,76464,a28af2f179bd30199e4ffeb648c11be68712e94d994ed08bc81a9c91983022ed
tcn,independent_rms,202,ma_n20001_call_electrode_s0,phase2/results/predictions/full/independent_rms/tcn/seed_202/ma_n20001_call_electrode_s0.npz,76246,83cb3e5224ca9a82e1f7549f2657e034eac0e7bd296ce9606aa04f610b80ad4f
tcn,independent_rms,202,ma_n20001_call_covariance_s20,phase2/results/predictions/full/independent_rms/tcn/seed_202/ma_n20001_call_covariance_s20.npz,76480,00306147950d09f715149fd390cbabfb042ffafa840ce8bbf5db61463cb4b186
tcn,independent_rms,202,ma_n20001_call_covariance_s10,phase2/results/predictions/full/independent_rms/tcn/seed_202/ma_n20001_call_covariance_s10.npz,76493,034758bf766c99f1b0f1e002b39ff95fa6c08558bea6241fb139e2a7914be131
tcn,independent_rms,202,ma_n20001_call_covariance_s0,phase2/results/predictions/full/independent_rms/tcn/seed_202/ma_n20001_call_covariance_s0.npz,76261,a1d39d1e5087c3ef5742ef91ad20e5095af92243b8d61e1881f8d3b18c8ec7eb
tcn,independent_rms,202,ma_n20002_call_independent_rms_s20,phase2/results/predictions/full/independent_rms/tcn/seed_202/ma_n20002_call_independent_rms_s20.npz,76516,84d0672a018274ac8eef3aeda79819ac387a475ece2b900ccd4edf9ff5bf0d99
tcn,independent_rms,202,ma_n20002_call_independent_rms_s10,phase2/results/predictions/full/independent_rms/tcn/seed_202/ma_n20002_call_independent_rms_s10.npz,76500,30dcdcf4f266b02ac9e5289a975fa689c91f54f854af9af84717755b1e462299
tcn,independent_rms,202,ma_n20002_call_independent_rms_s0,phase2/results/predictions/full/independent_rms/tcn/seed_202/ma_n20002_call_independent_rms_s0.npz,76327,821e9cb7823309e447bb8f05da6cc13739b01499876b589e284541b861d130f5
tcn,independent_rms,202,ma_n20002_call_electrode_s20,phase2/results/predictions/full/independent_rms/tcn/seed_202/ma_n20002_call_electrode_s20.npz,76469,52e733aa1fa6f172ef8ec9efe02edd8d30988477dffa73f58a79a42c6ffd231f
tcn,independent_rms,202,ma_n20002_call_electrode_s10,phase2/results/predictions/full/independent_rms/tcn/seed_202/ma_n20002_call_electrode_s10.npz,76425,3277cd9071599fca8ef15477df4c8da872e2c7fe50b6edc521a939360453e569
tcn,independent_rms,202,ma_n20002_call_electrode_s0,phase2/results/predictions/full/independent_rms/tcn/seed_202/ma_n20002_call_electrode_s0.npz,76236,be0ea5a351aad6b4f2eccdd0c912045706a0ac9970ffd71f10558f547919f953
tcn,independent_rms,202,ma_n20002_call_covariance_s20,phase2/results/predictions/full/independent_rms/tcn/seed_202/ma_n20002_call_covariance_s20.npz,76473,6bd94e22b5b48140cddc7f0998f25898cfb31c0a443401cf19ac402e7120a0d9
tcn,independent_rms,202,ma_n20002_call_covariance_s10,phase2/results/predictions/full/independent_rms/tcn/seed_202/ma_n20002_call_covariance_s10.npz,76462,be39e2683d714431d75fd84aa4b97ceed3966a6652090c839ec02056140b0eeb
tcn,independent_rms,202,ma_n20002_call_covariance_s0,phase2/results/predictions/full/independent_rms/tcn/seed_202/ma_n20002_call_covariance_s0.npz,76270,bf94299446a8b118fb1de13a258c7ab613fc531a57e3d8c4777e7abcfa038554
tcn,independent_rms,202,ma_n20003_call_independent_rms_s20,phase2/results/predictions/full/independent_rms/tcn/seed_202/ma_n20003_call_independent_rms_s20.npz,76490,61f48ad4ad8c15a14d8308b9a9962a4f86f2d3631c0b08cb8df5de4194de143e
tcn,independent_rms,202,ma_n20003_call_independent_rms_s10,phase2/results/predictions/full/independent_rms/tcn/seed_202/ma_n20003_call_independent_rms_s10.npz,76488,5d34df55fbcfb0fd195dcfe7a2249140e0e00fdb4a9e7d608d9b52b695d3f1d1
tcn,independent_rms,202,ma_n20003_call_independent_rms_s0,phase2/results/predictions/full/independent_rms/tcn/seed_202/ma_n20003_call_independent_rms_s0.npz,76330,5e05c45716908eaa9814705d4bda8b0e0bcfd71ea3faca4b3d9a882a7215ff56
tcn,independent_rms,202,ma_n20003_call_electrode_s20,phase2/results/predictions/full/independent_rms/tcn/seed_202/ma_n20003_call_electrode_s20.npz,76485,d067f089ad0d84592f76649be5c93efe9fc283664a9d22f5476c4c1cc33f83e1
tcn,independent_rms,202,ma_n20003_call_electrode_s10,phase2/results/predictions/full/independent_rms/tcn/seed_202/ma_n20003_call_electrode_s10.npz,76452,f8f19e2d1e56e8e4b9d1634f898b6eadccbf89d052e15507e52db99aad800493
tcn,independent_rms,202,ma_n20003_call_electrode_s0,phase2/results/predictions/full/independent_rms/tcn/seed_202/ma_n20003_call_electrode_s0.npz,76231,72703732d60f20d72bd6cc7d420f6e04493a23b56af5f347ff3dfcffff49964d
tcn,independent_rms,202,ma_n20003_call_covariance_s20,phase2/results/predictions/full/independent_rms/tcn/seed_202/ma_n20003_call_covariance_s20.npz,76479,6dc27efd655f26293dea8ad4af2445fb566fe2e368c1921905b9c10fb3c05b64
tcn,independent_rms,202,ma_n20003_call_covariance_s10,phase2/results/predictions/full/independent_rms/tcn/seed_202/ma_n20003_call_covariance_s10.npz,76448,200cc427b6ecbaa91d28c666ed394a0599f71abd4aae0b1992fcdd6a3975512b
tcn,independent_rms,202,ma_n20003_call_covariance_s0,phase2/results/predictions/full/independent_rms/tcn/seed_202/ma_n20003_call_covariance_s0.npz,76272,d4524825ce14e13dd69c883b809439e56ceb74edc4bc791cd725397e07347219
tcn,independent_rms,202,ma_n20004_call_independent_rms_s20,phase2/results/predictions/full/independent_rms/tcn/seed_202/ma_n20004_call_independent_rms_s20.npz,76484,db4deb9e3621748c9e259eaec99a9a4bece50221d1b089810869896ce83753b6
tcn,independent_rms,202,ma_n20004_call_independent_rms_s10,phase2/results/predictions/full/independent_rms/tcn/seed_202/ma_n20004_call_independent_rms_s10.npz,76497,e0f4e8cad8f2ca13796d7768f55c08c8b9906d157ccef2e620c2e6cb041e40e9
tcn,independent_rms,202,ma_n20004_call_independent_rms_s0,phase2/results/predictions/full/independent_rms/tcn/seed_202/ma_n20004_call_independent_rms_s0.npz,76260,837f4ca7061036a5a447cfcb4a09fd39e302b17f847f7bec5c167d23071fa558
tcn,independent_rms,202,ma_n20004_call_electrode_s20,phase2/results/predictions/full/independent_rms/tcn/seed_202/ma_n20004_call_electrode_s20.npz,76464,7ab488c9d3efd8494b474c42fd0ea389c694ba9d0b2772adab1bebd58517ef2a
tcn,independent_rms,202,ma_n20004_call_electrode_s10,phase2/results/predictions/full/independent_rms/tcn/seed_202/ma_n20004_call_electrode_s10.npz,76441,ae8a2d75f193c4753ba69759e0865a0e18bef30ee813c1d43361cff8698f96a8
tcn,independent_rms,202,ma_n20004_call_electrode_s0,phase2/results/predictions/full/independent_rms/tcn/seed_202/ma_n20004_call_electrode_s0.npz,76215,f41a7bcbb470798e1d4fd7dbf60eaf6a064953da3d10c2f42597e62f3524a938
tcn,independent_rms,202,ma_n20004_call_covariance_s20,phase2/results/predictions/full/independent_rms/tcn/seed_202/ma_n20004_call_covariance_s20.npz,76491,7b248abea7d1c1623c78a193d7e20754493e057dbf3b8702fef8ebf86e5e9ef8
tcn,independent_rms,202,ma_n20004_call_covariance_s10,phase2/results/predictions/full/independent_rms/tcn/seed_202/ma_n20004_call_covariance_s10.npz,76450,1f29b6e27f7f69b5f555150bc787b8b849faeabe628ccffa21b417084c0a6978
tcn,independent_rms,202,ma_n20004_call_covariance_s0,phase2/results/predictions/full/independent_rms/tcn/seed_202/ma_n20004_call_covariance_s0.npz,76295,05761525c49a203c34a56697e491ed0dc4a611bb5fe2cfebc457cdaffce44111
tcn,independent_rms,202,ma_n20005_call_independent_rms_s20,phase2/results/predictions/full/independent_rms/tcn/seed_202/ma_n20005_call_independent_rms_s20.npz,76497,76dca84f83da70a7fa2f2f2104b199976f90a6b3206bbc5712401a845f01a74a
tcn,independent_rms,202,ma_n20005_call_independent_rms_s10,phase2/results/predictions/full/independent_rms/tcn/seed_202/ma_n20005_call_independent_rms_s10.npz,76479,4d0fb152db05accaeed868bacad7e4d20c2c555d42e0895ca30e73e7b7a37ab9
tcn,independent_rms,202,ma_n20005_call_independent_rms_s0,phase2/results/predictions/full/independent_rms/tcn/seed_202/ma_n20005_call_independent_rms_s0.npz,76313,0e1dad4018f9db1589d24f8c35a5538f4c4223d32e72e37fd635b339dba81584
tcn,independent_rms,202,ma_n20005_call_electrode_s20,phase2/results/predictions/full/independent_rms/tcn/seed_202/ma_n20005_call_electrode_s20.npz,76431,e73082415df2a620428a669ffdcacc205c1136ee2fc1f89553ad0ee79ac99aca
tcn,independent_rms,202,ma_n20005_call_electrode_s10,phase2/results/predictions/full/independent_rms/tcn/seed_202/ma_n20005_call_electrode_s10.npz,76463,1b82864775b02fb3f7119892aed649d2b0a82c36ee91d66d4240cab0367e2498
tcn,independent_rms,202,ma_n20005_call_electrode_s0,phase2/results/predictions/full/independent_rms/tcn/seed_202/ma_n20005_call_electrode_s0.npz,76206,735c72bb1779026feab71960f5abaa3058288cef2f1675a9088d19932561a4c7
tcn,independent_rms,202,ma_n20005_call_covariance_s20,phase2/results/predictions/full/independent_rms/tcn/seed_202/ma_n20005_call_covariance_s20.npz,76481,5a4a747461c16298be1a0b32b246b7bd5cb34e36135ea47fb3cc1de9c80a877a
tcn,independent_rms,202,ma_n20005_call_covariance_s10,phase2/results/predictions/full/independent_rms/tcn/seed_202/ma_n20005_call_covariance_s10.npz,76480,15e6806b78a0a19382c0b076f03ca26a41da2166d5915cbc1c361f12d3ab537b
tcn,independent_rms,202,ma_n20005_call_covariance_s0,phase2/results/predictions/full/independent_rms/tcn/seed_202/ma_n20005_call_covariance_s0.npz,76262,4e87c2aa277c6726590838d9108d80ee0dbab4e2cf9aef62d505bd3ea3174d57
tcn,independent_rms,202,em_n20001_call_independent_rms_s20,phase2/results/predictions/full/independent_rms/tcn/seed_202/em_n20001_call_independent_rms_s20.npz,76485,e1bee8a16b0c46298e46194212f040db40f21eefa1e266bd2b698a81526d3d07
tcn,independent_rms,202,em_n20001_call_independent_rms_s10,phase2/results/predictions/full/independent_rms/tcn/seed_202/em_n20001_call_independent_rms_s10.npz,76479,44e25d85628d18779b080d06456556fb9f9a0cee87134171e17b5a7aef12c854
tcn,independent_rms,202,em_n20001_call_independent_rms_s0,phase2/results/predictions/full/independent_rms/tcn/seed_202/em_n20001_call_independent_rms_s0.npz,76262,1d8f5f3048def04cf8342bb90924bec776719c64589952e901d814e909de31bb
tcn,independent_rms,202,em_n20001_call_electrode_s20,phase2/results/predictions/full/independent_rms/tcn/seed_202/em_n20001_call_electrode_s20.npz,76491,506cd759e9d4f16456140aae2e893c5065b7583945f9fa58bb630d63a4c6dccc
tcn,independent_rms,202,em_n20001_call_electrode_s10,phase2/results/predictions/full/independent_rms/tcn/seed_202/em_n20001_call_electrode_s10.npz,76450,2fcf9d89a8541208bcd6c6e70474db1b64f60a91d8876161afa1fc7b597c7d46
tcn,independent_rms,202,em_n20001_call_electrode_s0,phase2/results/predictions/full/independent_rms/tcn/seed_202/em_n20001_call_electrode_s0.npz,76052,ebde90a533ae0334a911b73a7787f1a443a326042bde4422dc4c1f52a0d7bb97
tcn,independent_rms,202,em_n20001_call_covariance_s20,phase2/results/predictions/full/independent_rms/tcn/seed_202/em_n20001_call_covariance_s20.npz,76459,d3a2ff5de2188c7ecaf3fa27b63db2dcc4ae782fdbbfc25d72611df16cbe5fac
tcn,independent_rms,202,em_n20001_call_covariance_s10,phase2/results/predictions/full/independent_rms/tcn/seed_202/em_n20001_call_covariance_s10.npz,76445,fa476ae6f1a3561a4f6f8a7693f039dc1ce3900a74f3f1e7f27a95c0256f49d4
tcn,independent_rms,202,em_n20001_call_covariance_s0,phase2/results/predictions/full/independent_rms/tcn/seed_202/em_n20001_call_covariance_s0.npz,76096,a51f363d838c2f1d22c741f1d3b247a3cf917df12f511b1ee40df6b8c41441f4
tcn,independent_rms,202,em_n20002_call_independent_rms_s20,phase2/results/predictions/full/independent_rms/tcn/seed_202/em_n20002_call_independent_rms_s20.npz,76480,510441da8f5ff17598c2a9d3623dcce88448af428473af7113b27b8681e49d41
tcn,independent_rms,202,em_n20002_call_independent_rms_s10,phase2/results/predictions/full/independent_rms/tcn/seed_202/em_n20002_call_independent_rms_s10.npz,76464,e019a113fd6d7ba7848ba93644a5ac88f4850538f85d696c0d24649c52c75848
tcn,independent_rms,202,em_n20002_call_independent_rms_s0,phase2/results/predictions/full/independent_rms/tcn/seed_202/em_n20002_call_independent_rms_s0.npz,76236,85eed4122ad8bb6de6ccbbfa75c20a3f10d54168b093bad96481c94e6416cd24
tcn,independent_rms,202,em_n20002_call_electrode_s20,phase2/results/predictions/full/independent_rms/tcn/seed_202/em_n20002_call_electrode_s20.npz,76447,1463354f6c8327b664f96224e197c5b910d8ad1d5c02bd169c6332f2c78d38e2
tcn,independent_rms,202,em_n20002_call_electrode_s10,phase2/results/predictions/full/independent_rms/tcn/seed_202/em_n20002_call_electrode_s10.npz,76444,9f1153128460f1ce24b9dc544a0dbef5baa18f2abd1055d3b7d8fbdd2ad8b26c
tcn,independent_rms,202,em_n20002_call_electrode_s0,phase2/results/predictions/full/independent_rms/tcn/seed_202/em_n20002_call_electrode_s0.npz,76036,d7f8ed623b9d6b652648be99ff00a0ad84a84efd82afb36d859fd017d58d18aa
tcn,independent_rms,202,em_n20002_call_covariance_s20,phase2/results/predictions/full/independent_rms/tcn/seed_202/em_n20002_call_covariance_s20.npz,76471,a23d5d260aa108c899a915998c9c8b7b0877bbb114ee7ccdb1f8d828318ae36d
tcn,independent_rms,202,em_n20002_call_covariance_s10,phase2/results/predictions/full/independent_rms/tcn/seed_202/em_n20002_call_covariance_s10.npz,76464,cb83eaaf3690af52bfc4fdd9d3ca32159978ae4401ecb79688c3f7f9f0abec59
tcn,independent_rms,202,em_n20002_call_covariance_s0,phase2/results/predictions/full/independent_rms/tcn/seed_202/em_n20002_call_covariance_s0.npz,76076,b07eed9ee6b2646137aab865bcbae16e9822cf5e457c65fb2984b078bd0b1944
tcn,independent_rms,202,em_n20003_call_independent_rms_s20,phase2/results/predictions/full/independent_rms/tcn/seed_202/em_n20003_call_independent_rms_s20.npz,76491,c29c35ea50f96dacd3c2bb8f08fb0abc0c8836ca9a4a428b36102e0758dc2a1f
tcn,independent_rms,202,em_n20003_call_independent_rms_s10,phase2/results/predictions/full/independent_rms/tcn/seed_202/em_n20003_call_independent_rms_s10.npz,76482,52fed75247887b206a4300ccb91e9afe20a2eece4edfe23a6d43cff97b57e59b
tcn,independent_rms,202,em_n20003_call_independent_rms_s0,phase2/results/predictions/full/independent_rms/tcn/seed_202/em_n20003_call_independent_rms_s0.npz,76234,96e9330e61ed5579e64d339c2aa8cfcc66dd5ac3c0865ebf781b55321aef6784
tcn,independent_rms,202,em_n20003_call_electrode_s20,phase2/results/predictions/full/independent_rms/tcn/seed_202/em_n20003_call_electrode_s20.npz,76494,0f61ff144f7c5fa5a685e531968baa952f27178557a3c360a55b82a9c00e15b6
tcn,independent_rms,202,em_n20003_call_electrode_s10,phase2/results/predictions/full/independent_rms/tcn/seed_202/em_n20003_call_electrode_s10.npz,76458,c576c7f2e45d6c491790e86c118ba464bccf14e3820fefb04b26148166e31dd4
tcn,independent_rms,202,em_n20003_call_electrode_s0,phase2/results/predictions/full/independent_rms/tcn/seed_202/em_n20003_call_electrode_s0.npz,76039,d9b3ba151cc8b56651fcf03f7f4b7d4530ff93508c4e565cd3cbbb00bb1d2fc0
tcn,independent_rms,202,em_n20003_call_covariance_s20,phase2/results/predictions/full/independent_rms/tcn/seed_202/em_n20003_call_covariance_s20.npz,76461,6a8df3a08412e191f92eeb4cf3414a7c09ca9a0bf021bc291dacc742c08d1c51
tcn,independent_rms,202,em_n20003_call_covariance_s10,phase2/results/predictions/full/independent_rms/tcn/seed_202/em_n20003_call_covariance_s10.npz,76494,0f112ba5192e072b9b7fa521201683a41c6ca77e1d14cd54ac52f77c3fdd4a6d
tcn,independent_rms,202,em_n20003_call_covariance_s0,phase2/results/predictions/full/independent_rms/tcn/seed_202/em_n20003_call_covariance_s0.npz,76043,0b48293b0bd2b853a8e91ae0e3b05f692a7988bb9585fca2aacc5b35218dee3c
tcn,independent_rms,202,em_n20004_call_independent_rms_s20,phase2/results/predictions/full/independent_rms/tcn/seed_202/em_n20004_call_independent_rms_s20.npz,76487,2deb2cc886f6a7c4aa53ea6d162e1ffb550002403d02772e8de59ce2c024006d
tcn,independent_rms,202,em_n20004_call_independent_rms_s10,phase2/results/predictions/full/independent_rms/tcn/seed_202/em_n20004_call_independent_rms_s10.npz,76431,43e996c557fde806380c7b8954f86c312b266bd8091b335a15fc2693a29f6db6
tcn,independent_rms,202,em_n20004_call_independent_rms_s0,phase2/results/predictions/full/independent_rms/tcn/seed_202/em_n20004_call_independent_rms_s0.npz,76250,9ced136d54c201e5910faa2651f0bf3e5743af68380665e4f949ff582b542b28
tcn,independent_rms,202,em_n20004_call_electrode_s20,phase2/results/predictions/full/independent_rms/tcn/seed_202/em_n20004_call_electrode_s20.npz,76480,eeaabe7cf3e31b872bfc1304b1daa69705eda3639899ff0de4fbdf7bfe85a5b0
tcn,independent_rms,202,em_n20004_call_electrode_s10,phase2/results/predictions/full/independent_rms/tcn/seed_202/em_n20004_call_electrode_s10.npz,76459,b329cc526401562dd4690d28ede1e5b6c987924445295c9177879494de57f210
tcn,independent_rms,202,em_n20004_call_electrode_s0,phase2/results/predictions/full/independent_rms/tcn/seed_202/em_n20004_call_electrode_s0.npz,76086,8d5fd65b58ff52095be15c675c21b8ae51ec5f82fc109de3929267b16d0c1d02
tcn,independent_rms,202,em_n20004_call_covariance_s20,phase2/results/predictions/full/independent_rms/tcn/seed_202/em_n20004_call_covariance_s20.npz,76446,398352709d395b8d77be76a16e6d155e57ec0ef91f70cac7b863f50bb9f26573
tcn,independent_rms,202,em_n20004_call_covariance_s10,phase2/results/predictions/full/independent_rms/tcn/seed_202/em_n20004_call_covariance_s10.npz,76472,1bcedd4a87bf75366656d29601ba2061d029a5c2ef5e129426f7d3586e0a992a
tcn,independent_rms,202,em_n20004_call_covariance_s0,phase2/results/predictions/full/independent_rms/tcn/seed_202/em_n20004_call_covariance_s0.npz,76031,d517e2ece4529c4f99e70a0f61fac1cabe6b2a87753c7588b7e688c82a01a13b
tcn,independent_rms,202,em_n20005_call_independent_rms_s20,phase2/results/predictions/full/independent_rms/tcn/seed_202/em_n20005_call_independent_rms_s20.npz,76463,884a04bb5811b1a451d4683e2b98086896ce2b9abed50c10aefd24874fd1c2bd
tcn,independent_rms,202,em_n20005_call_independent_rms_s10,phase2/results/predictions/full/independent_rms/tcn/seed_202/em_n20005_call_independent_rms_s10.npz,76472,9c74359ca9ee5fc12fdc44e7c6450bc34ebadd86530fc81f25d72528237c9d32
tcn,independent_rms,202,em_n20005_call_independent_rms_s0,phase2/results/predictions/full/independent_rms/tcn/seed_202/em_n20005_call_independent_rms_s0.npz,76218,c974fe86623cc4ceb38d941bb5e229b10ea13aedfefe23d51ec03723ac5bdf27
tcn,independent_rms,202,em_n20005_call_electrode_s20,phase2/results/predictions/full/independent_rms/tcn/seed_202/em_n20005_call_electrode_s20.npz,76484,92df032b465107d1adce8122a18103895a035601c94c86449cd60c1ef65df4f6
tcn,independent_rms,202,em_n20005_call_electrode_s10,phase2/results/predictions/full/independent_rms/tcn/seed_202/em_n20005_call_electrode_s10.npz,76454,21188f1118300032aeb025573330018b06ec916426c2a60429490ed5ab164a2a
tcn,independent_rms,202,em_n20005_call_electrode_s0,phase2/results/predictions/full/independent_rms/tcn/seed_202/em_n20005_call_electrode_s0.npz,76039,77e690c2e9d3fcb3630ddd9ee010e0cbffd52926b21c23e1880d9888df3f7a3c
tcn,independent_rms,202,em_n20005_call_covariance_s20,phase2/results/predictions/full/independent_rms/tcn/seed_202/em_n20005_call_covariance_s20.npz,76447,15c15e1e50e1a73b203b6d8755a408b1edaf0a5d0223c4f286c1f28eea7aac40
tcn,independent_rms,202,em_n20005_call_covariance_s10,phase2/results/predictions/full/independent_rms/tcn/seed_202/em_n20005_call_covariance_s10.npz,76469,9df7ec7eb2e75ea788ddcdf68086cf24d86c5c6ca8661f73bcdfbbfd38852909
tcn,independent_rms,202,em_n20005_call_covariance_s0,phase2/results/predictions/full/independent_rms/tcn/seed_202/em_n20005_call_covariance_s0.npz,76058,71e8523a07fbca84fe4144d27fc67e25408f9a3c1561eb9ccf48e12ffa100b98
tcn,electrode,202,clean,phase2/results/predictions/full/electrode/tcn/seed_202/clean.npz,76426,10cd5ee766782665c68c8c468f7848796fa67866c9dd837e0bf4080aec277c96
tcn,electrode,202,bandpass_n20001_cRA_LA_LL_independent_rms_s20,phase2/results/predictions/full/electrode/tcn/seed_202/bandpass_n20001_cRA_LA_LL_independent_rms_s20.npz,76516,3d110071a05ea161260717b12148ef9949553dd61f358d11e2127e88faa459d2
tcn,electrode,202,bandpass_n20001_cRA_LA_LL_independent_rms_s15,phase2/results/predictions/full/electrode/tcn/seed_202/bandpass_n20001_cRA_LA_LL_independent_rms_s15.npz,76505,da110771bf9171d1593437f9f848fbb077c552be02dd58925967a4a89ae9472c
tcn,electrode,202,bandpass_n20001_cRA_LA_LL_independent_rms_s10,phase2/results/predictions/full/electrode/tcn/seed_202/bandpass_n20001_cRA_LA_LL_independent_rms_s10.npz,76537,7b7038f16fafc682c594a41e249790f42df40e538ae85a5c2e5f1c35a53527b7
tcn,electrode,202,bandpass_n20001_cRA_LA_LL_independent_rms_s5,phase2/results/predictions/full/electrode/tcn/seed_202/bandpass_n20001_cRA_LA_LL_independent_rms_s5.npz,76467,e54eb66415a74786e377d54caf895003aeec07d88fe6867ca96d85f1c75edb67
tcn,electrode,202,bandpass_n20001_cRA_LA_LL_independent_rms_s0,phase2/results/predictions/full/electrode/tcn/seed_202/bandpass_n20001_cRA_LA_LL_independent_rms_s0.npz,76237,9c8905091f9c41b465698f71801c292c220fc9934f943541b320fe6abd765570
tcn,electrode,202,bandpass_n20001_cRA_LA_LL_electrode_s20,phase2/results/predictions/full/electrode/tcn/seed_202/bandpass_n20001_cRA_LA_LL_electrode_s20.npz,76503,874b44ba82c88aaa2b9d2c490f35c058b644dfb5febff46e4d59fcf6ee55377d
tcn,electrode,202,bandpass_n20001_cRA_LA_LL_electrode_s15,phase2/results/predictions/full/electrode/tcn/seed_202/bandpass_n20001_cRA_LA_LL_electrode_s15.npz,76536,3bdc31d154d30c28e9925e619a3921e7dee6eccc82863e97176bb0adf8105643
tcn,electrode,202,bandpass_n20001_cRA_LA_LL_electrode_s10,phase2/results/predictions/full/electrode/tcn/seed_202/bandpass_n20001_cRA_LA_LL_electrode_s10.npz,76450,be323bfb1140c62583890021e1d80d77edf4c8b2fac2729fa3e51ccbef9abc76
tcn,electrode,202,bandpass_n20001_cRA_LA_LL_electrode_s5,phase2/results/predictions/full/electrode/tcn/seed_202/bandpass_n20001_cRA_LA_LL_electrode_s5.npz,76321,cbcf74afb986efd082ada266095128ab2e2a90583ae117b6ab17cee7cd71a7a9
tcn,electrode,202,bandpass_n20001_cRA_LA_LL_electrode_s0,phase2/results/predictions/full/electrode/tcn/seed_202/bandpass_n20001_cRA_LA_LL_electrode_s0.npz,76004,7377d8d919b7fdf698764de988cef46e39b6482fc91ad326a9c7a6d78a9e0c1f
tcn,electrode,202,bandpass_n20001_cRA_LA_LL_covariance_s20,phase2/results/predictions/full/electrode/tcn/seed_202/bandpass_n20001_cRA_LA_LL_covariance_s20.npz,76530,ad3b2c545a967c151dc28353d32628a2816859690c2acd5ce92d9ba3d42d05f1
tcn,electrode,202,bandpass_n20001_cRA_LA_LL_covariance_s15,phase2/results/predictions/full/electrode/tcn/seed_202/bandpass_n20001_cRA_LA_LL_covariance_s15.npz,76535,346aa0244a337b77c6adc2b4e140c65cf7920f80645801a3da5b215fd7b460e7
tcn,electrode,202,bandpass_n20001_cRA_LA_LL_covariance_s10,phase2/results/predictions/full/electrode/tcn/seed_202/bandpass_n20001_cRA_LA_LL_covariance_s10.npz,76493,bc00041e1ab53875400b725fa90983d7756e44148be8a0d5d0d52554c8f66428
tcn,electrode,202,bandpass_n20001_cRA_LA_LL_covariance_s5,phase2/results/predictions/full/electrode/tcn/seed_202/bandpass_n20001_cRA_LA_LL_covariance_s5.npz,76348,31d8b842e08cf76573dcdf7fb102cb4c61c4b8fdb79b37e34bd480f185977217
tcn,electrode,202,bandpass_n20001_cRA_LA_LL_covariance_s0,phase2/results/predictions/full/electrode/tcn/seed_202/bandpass_n20001_cRA_LA_LL_covariance_s0.npz,75971,d662f15c26ff6d70eadcea2ed1046be3b03f86bcc20a5e47cbf7315ac35fcefa
tcn,electrode,202,bandpass_n20001_cV1_independent_rms_s20,phase2/results/predictions/full/electrode/tcn/seed_202/bandpass_n20001_cV1_independent_rms_s20.npz,76532,7f3a5cb27658d85a87d8a52770ee75be8f88b8304828044891e0b3fddff60fc2
tcn,electrode,202,bandpass_n20001_cV1_independent_rms_s15,phase2/results/predictions/full/electrode/tcn/seed_202/bandpass_n20001_cV1_independent_rms_s15.npz,76487,af7df5308a785159d6f8573b3b360c36fdebbb2097005da847edb2077f3713b1
tcn,electrode,202,bandpass_n20001_cV1_independent_rms_s10,phase2/results/predictions/full/electrode/tcn/seed_202/bandpass_n20001_cV1_independent_rms_s10.npz,76466,9f6f4cdef9dd93f25926ea803908c078426accfbf422b1b9a2df034b7cfccec8
tcn,electrode,202,bandpass_n20001_cV1_independent_rms_s5,phase2/results/predictions/full/electrode/tcn/seed_202/bandpass_n20001_cV1_independent_rms_s5.npz,76330,4109f1f8860059ef6f93173ceeb4a9bc1ba5233f94dd434fa7ea33b2af55d4d7
tcn,electrode,202,bandpass_n20001_cV1_independent_rms_s0,phase2/results/predictions/full/electrode/tcn/seed_202/bandpass_n20001_cV1_independent_rms_s0.npz,76057,4ea51f4f41e4f6588daa6ebc486e38a106e0832e0a3917c6489af9aa276a202d
tcn,electrode,202,bandpass_n20001_cV1_electrode_s20,phase2/results/predictions/full/electrode/tcn/seed_202/bandpass_n20001_cV1_electrode_s20.npz,76479,ead30ad8369c8954caf1eec393f3132502363fdeacd27c297a2b8c73d1249c73
tcn,electrode,202,bandpass_n20001_cV1_electrode_s15,phase2/results/predictions/full/electrode/tcn/seed_202/bandpass_n20001_cV1_electrode_s15.npz,76479,2e5b4fae59cc7de99380fefcc0fe53e02ca2e1b0e8931b403c8b14f5a43cd818
tcn,electrode,202,bandpass_n20001_cV1_electrode_s10,phase2/results/predictions/full/electrode/tcn/seed_202/bandpass_n20001_cV1_electrode_s10.npz,76464,8509f7cbcfde7c60b257d5df4030a023e8d26f97ee7b5b05d295ff096ac90865
tcn,electrode,202,bandpass_n20001_cV1_electrode_s5,phase2/results/predictions/full/electrode/tcn/seed_202/bandpass_n20001_cV1_electrode_s5.npz,76353,bc180eeb1079ea2b20679e55c1e99c611530c5af778b0f524ae0f4f5d7c67819
tcn,electrode,202,bandpass_n20001_cV1_electrode_s0,phase2/results/predictions/full/electrode/tcn/seed_202/bandpass_n20001_cV1_electrode_s0.npz,76005,004fb4dcf2966526ed8ee230fc50144f875fd350001d80ccf7aae56d1478ae62
tcn,electrode,202,bandpass_n20001_cV1_covariance_s20,phase2/results/predictions/full/electrode/tcn/seed_202/bandpass_n20001_cV1_covariance_s20.npz,76485,0f05495c9201cedb198af4174efb069bd2c009fd5ce78e2f391d81a50f239d12
tcn,electrode,202,bandpass_n20001_cV1_covariance_s15,phase2/results/predictions/full/electrode/tcn/seed_202/bandpass_n20001_cV1_covariance_s15.npz,76524,10300b3cb9556fac9364ae1d4f4dfe231deaa441a4ab0ad2e1f9a115852dcbbc
tcn,electrode,202,bandpass_n20001_cV1_covariance_s10,phase2/results/predictions/full/electrode/tcn/seed_202/bandpass_n20001_cV1_covariance_s10.npz,76443,e8d03c5b40449d0bc79251fcb8cd5c8ea8d0bd0109178fe0f10f89e5e2848658
tcn,electrode,202,bandpass_n20001_cV1_covariance_s5,phase2/results/predictions/full/electrode/tcn/seed_202/bandpass_n20001_cV1_covariance_s5.npz,76314,cd86b5a5423c7090840ff65322bb6b65b51eb58d52f90db117aa6f69feafb280
tcn,electrode,202,bandpass_n20001_cV1_covariance_s0,phase2/results/predictions/full/electrode/tcn/seed_202/bandpass_n20001_cV1_covariance_s0.npz,76031,9e51be66c4e83d0cb31c6950600407ea78bdac85c8426b95cc0349701487442b
tcn,electrode,202,bandpass_n20001_cV2_independent_rms_s20,phase2/results/predictions/full/electrode/tcn/seed_202/bandpass_n20001_cV2_independent_rms_s20.npz,76524,63b2078cd214844fdf25d69fd614b82c3a8f18b42c13de93e7d5930b8fd84799
tcn,electrode,202,bandpass_n20001_cV2_independent_rms_s15,phase2/results/predictions/full/electrode/tcn/seed_202/bandpass_n20001_cV2_independent_rms_s15.npz,76520,78fcdb4ec8b4df2844c12f3eb1b1de222c05d7adf52448d3b2281c9fbaa7314b
tcn,electrode,202,bandpass_n20001_cV2_independent_rms_s10,phase2/results/predictions/full/electrode/tcn/seed_202/bandpass_n20001_cV2_independent_rms_s10.npz,76489,afabe572322577023b53ed50d856eae78c8c92477cf82f67589cc45e7c611282
tcn,electrode,202,bandpass_n20001_cV2_independent_rms_s5,phase2/results/predictions/full/electrode/tcn/seed_202/bandpass_n20001_cV2_independent_rms_s5.npz,76423,a310884890022e63273ecd2df72ce68c693b8deef386b42306ccae9b58395719
tcn,electrode,202,bandpass_n20001_cV2_independent_rms_s0,phase2/results/predictions/full/electrode/tcn/seed_202/bandpass_n20001_cV2_independent_rms_s0.npz,76243,ae4ceb3e113be1453b651c0027ece0b1d075f634797881ab103a5e06e2469707
tcn,electrode,202,bandpass_n20001_cV2_electrode_s20,phase2/results/predictions/full/electrode/tcn/seed_202/bandpass_n20001_cV2_electrode_s20.npz,76480,2f779c3b03d308093e8f82f59ef6d2bb5d5172482f3ee73e5af7cbcde6916a5f
tcn,electrode,202,bandpass_n20001_cV2_electrode_s15,phase2/results/predictions/full/electrode/tcn/seed_202/bandpass_n20001_cV2_electrode_s15.npz,76479,53218d8f76bd1bfefa5623e95236902426bbd9e86fa2dd08afe48831082ea067
tcn,electrode,202,bandpass_n20001_cV2_electrode_s10,phase2/results/predictions/full/electrode/tcn/seed_202/bandpass_n20001_cV2_electrode_s10.npz,76475,8d40e6d52f6f62b638a301c48454392d52c18c533715af667f11c1122d7a30d9
tcn,electrode,202,bandpass_n20001_cV2_electrode_s5,phase2/results/predictions/full/electrode/tcn/seed_202/bandpass_n20001_cV2_electrode_s5.npz,76390,7517dd40080784513e88a8b57d0c89bcba6edd77be605e0050bb21ddee61cb8b
tcn,electrode,202,bandpass_n20001_cV2_electrode_s0,phase2/results/predictions/full/electrode/tcn/seed_202/bandpass_n20001_cV2_electrode_s0.npz,76213,1b664f699a950d3249915ec9bb15bb4c0fc1d6089360cfe6d0f2d073fe54c496
tcn,electrode,202,bandpass_n20001_cV2_covariance_s20,phase2/results/predictions/full/electrode/tcn/seed_202/bandpass_n20001_cV2_covariance_s20.npz,76506,b78e09ea5a0073600eae0e7699ae5155f502f93c27cc946d85e935dea5606ffd
tcn,electrode,202,bandpass_n20001_cV2_covariance_s15,phase2/results/predictions/full/electrode/tcn/seed_202/bandpass_n20001_cV2_covariance_s15.npz,76527,d1454ebcd065907ad8639b47278697a74bd102d8b543cd5e9be66ffbad6e9b2a
tcn,electrode,202,bandpass_n20001_cV2_covariance_s10,phase2/results/predictions/full/electrode/tcn/seed_202/bandpass_n20001_cV2_covariance_s10.npz,76504,0123e46e89a146f9528203fb8129540e01702c017ce7d244316f13066e00dae1
tcn,electrode,202,bandpass_n20001_cV2_covariance_s5,phase2/results/predictions/full/electrode/tcn/seed_202/bandpass_n20001_cV2_covariance_s5.npz,76423,16ac7331df1dcced7cf5fe822f082f110c784cf84b0dee2a21f43d50c49df56b
tcn,electrode,202,bandpass_n20001_cV2_covariance_s0,phase2/results/predictions/full/electrode/tcn/seed_202/bandpass_n20001_cV2_covariance_s0.npz,76220,1ee44fe26d87cfdc8e5077522747faa6566b8692d096ec7ebb9659a1cebc912c
tcn,electrode,202,bandpass_n20001_cV3_independent_rms_s20,phase2/results/predictions/full/electrode/tcn/seed_202/bandpass_n20001_cV3_independent_rms_s20.npz,76523,f53fbe59941c27a6c9b84edc3703f9604e5082be463fc5389d39498fe099f263
tcn,electrode,202,bandpass_n20001_cV3_independent_rms_s15,phase2/results/predictions/full/electrode/tcn/seed_202/bandpass_n20001_cV3_independent_rms_s15.npz,76501,0d1d56ba100313368205abd8ef9efff7623013ca0a8441caee67c83c95d1d595
tcn,electrode,202,bandpass_n20001_cV3_independent_rms_s10,phase2/results/predictions/full/electrode/tcn/seed_202/bandpass_n20001_cV3_independent_rms_s10.npz,76489,cc84c34e25e510e79385af64cc6b72c7e6cf5d1d06caff22e0b4abae85d65b32
tcn,electrode,202,bandpass_n20001_cV3_independent_rms_s5,phase2/results/predictions/full/electrode/tcn/seed_202/bandpass_n20001_cV3_independent_rms_s5.npz,76487,34c68df2bd1e2f1fea1d8e08a21123d26b9a3075460ca311a79f43ce93d90368
tcn,electrode,202,bandpass_n20001_cV3_independent_rms_s0,phase2/results/predictions/full/electrode/tcn/seed_202/bandpass_n20001_cV3_independent_rms_s0.npz,76346,1ccdf5097b84e5bffc5355aa4be8fc58b6ae39213490a49522034997b1292e44
tcn,electrode,202,bandpass_n20001_cV3_electrode_s20,phase2/results/predictions/full/electrode/tcn/seed_202/bandpass_n20001_cV3_electrode_s20.npz,76487,d09b8d6093158b0b98057be53d00cbf15ce8daf205d4b23fbe16651aa9eb4d7c
tcn,electrode,202,bandpass_n20001_cV3_electrode_s15,phase2/results/predictions/full/electrode/tcn/seed_202/bandpass_n20001_cV3_electrode_s15.npz,76512,67b39986fb0d0328ea1ec1b6577078bb7b648a3f8630583f07cbd1044c922375
tcn,electrode,202,bandpass_n20001_cV3_electrode_s10,phase2/results/predictions/full/electrode/tcn/seed_202/bandpass_n20001_cV3_electrode_s10.npz,76480,641796c62b266366f9ccaf5df7af37cc401efc26942bc00a905814226af61b02
tcn,electrode,202,bandpass_n20001_cV3_electrode_s5,phase2/results/predictions/full/electrode/tcn/seed_202/bandpass_n20001_cV3_electrode_s5.npz,76480,f96725e3c8f0e2aee1c4fd9b3ac64725a6d38a7941b5d1a8b4594537fc2bbbe1
tcn,electrode,202,bandpass_n20001_cV3_electrode_s0,phase2/results/predictions/full/electrode/tcn/seed_202/bandpass_n20001_cV3_electrode_s0.npz,76351,399f7a42c91090c6412987c3d043f87a572705b2b4c34ea3b6015912e39628fb
tcn,electrode,202,bandpass_n20001_cV3_covariance_s20,phase2/results/predictions/full/electrode/tcn/seed_202/bandpass_n20001_cV3_covariance_s20.npz,76500,6b30eff37d259bad7eca7b4ad57da89e5475f44f27756de318262c58d3ad46cd
tcn,electrode,202,bandpass_n20001_cV3_covariance_s15,phase2/results/predictions/full/electrode/tcn/seed_202/bandpass_n20001_cV3_covariance_s15.npz,76482,e1ad4cca2fc731864fa669949c37105657fc0ee651da9959a962cbc1439a9041
tcn,electrode,202,bandpass_n20001_cV3_covariance_s10,phase2/results/predictions/full/electrode/tcn/seed_202/bandpass_n20001_cV3_covariance_s10.npz,76513,eac224069120c21a49fe8510fafccbbf8d07623285afb28583f746a182ab98e9
tcn,electrode,202,bandpass_n20001_cV3_covariance_s5,phase2/results/predictions/full/electrode/tcn/seed_202/bandpass_n20001_cV3_covariance_s5.npz,76471,f301a6b863226e5ef0b835459558ad4d24fc0e67680e3e8f70e99f02fd0f0442
tcn,electrode,202,bandpass_n20001_cV3_covariance_s0,phase2/results/predictions/full/electrode/tcn/seed_202/bandpass_n20001_cV3_covariance_s0.npz,76333,69f1d3bcc460225ea7122630f4c2128fb1ea7968cb5ca85c0f3e58cf8ddc43fc
tcn,electrode,202,bandpass_n20001_cV4_independent_rms_s20,phase2/results/predictions/full/electrode/tcn/seed_202/bandpass_n20001_cV4_independent_rms_s20.npz,76505,42693729f96b3a785195626edc1e8ecc0179c53b7ae7db01f9a91beb58e18fec
tcn,electrode,202,bandpass_n20001_cV4_independent_rms_s15,phase2/results/predictions/full/electrode/tcn/seed_202/bandpass_n20001_cV4_independent_rms_s15.npz,76497,994faaf77580441d19a647ddf03b36102e5d51928ed1dacca9fe5e4e2d5f27ac
tcn,electrode,202,bandpass_n20001_cV4_independent_rms_s10,phase2/results/predictions/full/electrode/tcn/seed_202/bandpass_n20001_cV4_independent_rms_s10.npz,76472,19b0006d588a0e9952a4969ffd32f5c3f6130cb14f57d0f7131f2d5114b0bf44
tcn,electrode,202,bandpass_n20001_cV4_independent_rms_s5,phase2/results/predictions/full/electrode/tcn/seed_202/bandpass_n20001_cV4_independent_rms_s5.npz,76472,f6b405266a2f2f549ae07763d012ddfd6f96c20d467b1a7b1c9550ca8ed82e05
tcn,electrode,202,bandpass_n20001_cV4_independent_rms_s0,phase2/results/predictions/full/electrode/tcn/seed_202/bandpass_n20001_cV4_independent_rms_s0.npz,76297,e60a5add3999653860bce3a5851a0f4c17b7d53c544b502fa369acb49189588b
tcn,electrode,202,bandpass_n20001_cV4_electrode_s20,phase2/results/predictions/full/electrode/tcn/seed_202/bandpass_n20001_cV4_electrode_s20.npz,76505,7e443696fdb0c56b8071ecf85f997f3c38101add6412d53eb536ada552978ce2
tcn,electrode,202,bandpass_n20001_cV4_electrode_s15,phase2/results/predictions/full/electrode/tcn/seed_202/bandpass_n20001_cV4_electrode_s15.npz,76484,41db7760cf2d8b3d60cfb5769cc4643acbcb4fd1538ec6248f21ddf6076d1213
tcn,electrode,202,bandpass_n20001_cV4_electrode_s10,phase2/results/predictions/full/electrode/tcn/seed_202/bandpass_n20001_cV4_electrode_s10.npz,76473,2eada1a801a9c12942f030ba101a598e98fe9189af2ce1445825e6e9a80109ad
tcn,electrode,202,bandpass_n20001_cV4_electrode_s5,phase2/results/predictions/full/electrode/tcn/seed_202/bandpass_n20001_cV4_electrode_s5.npz,76463,b4e4bf289d0ed66fc665259475f1e58cbe53a813431a52bc81a3c9bf7988eca7
tcn,electrode,202,bandpass_n20001_cV4_electrode_s0,phase2/results/predictions/full/electrode/tcn/seed_202/bandpass_n20001_cV4_electrode_s0.npz,76303,65742699d699a20bb32513d81f899d22dcfa5059843411fbe9d7a61dcf17ac5c
tcn,electrode,202,bandpass_n20001_cV4_covariance_s20,phase2/results/predictions/full/electrode/tcn/seed_202/bandpass_n20001_cV4_covariance_s20.npz,76504,2ad0190302837ab77fe2e544595ad0bfbe592cff94531083f6df383978a2c54e
tcn,electrode,202,bandpass_n20001_cV4_covariance_s15,phase2/results/predictions/full/electrode/tcn/seed_202/bandpass_n20001_cV4_covariance_s15.npz,76509,5f6605ffaae674ea8eeb54d55af2e3a8914be5c349e5a156780d595a453e337d
tcn,electrode,202,bandpass_n20001_cV4_covariance_s10,phase2/results/predictions/full/electrode/tcn/seed_202/bandpass_n20001_cV4_covariance_s10.npz,76510,1313f2ae7c421b7a38489c00eaa63dc570b26fff2388d06e46cc67dacb6e1604
tcn,electrode,202,bandpass_n20001_cV4_covariance_s5,phase2/results/predictions/full/electrode/tcn/seed_202/bandpass_n20001_cV4_covariance_s5.npz,76439,38478db11f8945eca9bd36bab70bab23bb67be1ac8cfda69e6b982866528324b
tcn,electrode,202,bandpass_n20001_cV4_covariance_s0,phase2/results/predictions/full/electrode/tcn/seed_202/bandpass_n20001_cV4_covariance_s0.npz,76274,9e6c582e07a752d88282861f1e73559152797cbb570e47dc8561d442b7fed544
tcn,electrode,202,bandpass_n20001_cV5_independent_rms_s20,phase2/results/predictions/full/electrode/tcn/seed_202/bandpass_n20001_cV5_independent_rms_s20.npz,76515,0f71cc21bb8846da0cb9ac1730d74490c37aaaffb07e716c4da3f0f0b7830e9b
tcn,electrode,202,bandpass_n20001_cV5_independent_rms_s15,phase2/results/predictions/full/electrode/tcn/seed_202/bandpass_n20001_cV5_independent_rms_s15.npz,76489,15f8085adbd9646b2d1076bfc5e86ce2ee327592560cb5e51a69ec0272f0b82a
tcn,electrode,202,bandpass_n20001_cV5_independent_rms_s10,phase2/results/predictions/full/electrode/tcn/seed_202/bandpass_n20001_cV5_independent_rms_s10.npz,76516,3417266ae9677bb82f3a0e83e2f8953fa3cd85e8c73911de8df2f0f87293914c
tcn,electrode,202,bandpass_n20001_cV5_independent_rms_s5,phase2/results/predictions/full/electrode/tcn/seed_202/bandpass_n20001_cV5_independent_rms_s5.npz,76462,a59ef6d52b2906a2f374a66392ba8feefa10da97f3149c79ecf03634f5403ba6
tcn,electrode,202,bandpass_n20001_cV5_independent_rms_s0,phase2/results/predictions/full/electrode/tcn/seed_202/bandpass_n20001_cV5_independent_rms_s0.npz,76262,8a080c3b65e20c8e8aa9aad4c638652258711ec512867616bcf1ae414d5eb6f6
tcn,electrode,202,bandpass_n20001_cV5_electrode_s20,phase2/results/predictions/full/electrode/tcn/seed_202/bandpass_n20001_cV5_electrode_s20.npz,76461,43927e4b01db856da08101e737cfaed758751cc3151860bde5b4605a2aadc66d
tcn,electrode,202,bandpass_n20001_cV5_electrode_s15,phase2/results/predictions/full/electrode/tcn/seed_202/bandpass_n20001_cV5_electrode_s15.npz,76477,acc4febb6109f106a8f6ad74631035b89e33e94209be01b6d71ab843e43e25ee
tcn,electrode,202,bandpass_n20001_cV5_electrode_s10,phase2/results/predictions/full/electrode/tcn/seed_202/bandpass_n20001_cV5_electrode_s10.npz,76472,da3814178e5b2178fe8c4da4aceb85ee177c64c692ed9e17cec5efd128fff87c
tcn,electrode,202,bandpass_n20001_cV5_electrode_s5,phase2/results/predictions/full/electrode/tcn/seed_202/bandpass_n20001_cV5_electrode_s5.npz,76431,dde4394cd1100e35629be0bd098c15538426440dd2b103111f7d44716af7cb4a
tcn,electrode,202,bandpass_n20001_cV5_electrode_s0,phase2/results/predictions/full/electrode/tcn/seed_202/bandpass_n20001_cV5_electrode_s0.npz,76186,f7ea3e4817325f8807906e66b8d4fef5eb3461c5953071ec096c5601c99070db
tcn,electrode,202,bandpass_n20001_cV5_covariance_s20,phase2/results/predictions/full/electrode/tcn/seed_202/bandpass_n20001_cV5_covariance_s20.npz,76480,d2c8d99bf3f8d36dc5a291436c128c3a1fd04dae73e8cc47492b9aaca75db63e
tcn,electrode,202,bandpass_n20001_cV5_covariance_s15,phase2/results/predictions/full/electrode/tcn/seed_202/bandpass_n20001_cV5_covariance_s15.npz,76475,1ed03a6e4f417bb943a148f39c3b8580b6d4dbc5ea7e9a44eed2f2911dada4d3
tcn,electrode,202,bandpass_n20001_cV5_covariance_s10,phase2/results/predictions/full/electrode/tcn/seed_202/bandpass_n20001_cV5_covariance_s10.npz,76498,7f5d0bb818b36edb3f20880e8683eff67a28d7416f4a1e447505e2e0f668d373
tcn,electrode,202,bandpass_n20001_cV5_covariance_s5,phase2/results/predictions/full/electrode/tcn/seed_202/bandpass_n20001_cV5_covariance_s5.npz,76459,6471024bdce87e599bdf92d3b801780a635afcc17e89bfea257c705cb9531f01
tcn,electrode,202,bandpass_n20001_cV5_covariance_s0,phase2/results/predictions/full/electrode/tcn/seed_202/bandpass_n20001_cV5_covariance_s0.npz,76209,2aec538cafa4fc7e67f3f3a00cdbc3c2245e52d5669b5bd7e62235e2592b568e
tcn,electrode,202,bandpass_n20001_cV6_independent_rms_s20,phase2/results/predictions/full/electrode/tcn/seed_202/bandpass_n20001_cV6_independent_rms_s20.npz,76499,2d015d40e925d84a98d49429cc913ba3c09ae0bbb33e97849a7f25c9f3f1df48
tcn,electrode,202,bandpass_n20001_cV6_independent_rms_s15,phase2/results/predictions/full/electrode/tcn/seed_202/bandpass_n20001_cV6_independent_rms_s15.npz,76513,d3303735e8ce9833835beaae6ef8858118eaa2cd429e221848135a9f2843fa8f
tcn,electrode,202,bandpass_n20001_cV6_independent_rms_s10,phase2/results/predictions/full/electrode/tcn/seed_202/bandpass_n20001_cV6_independent_rms_s10.npz,76534,b03b43bcd08a23dd663d631a2439d6330a6e97dcdfec08107284427118326fef
tcn,electrode,202,bandpass_n20001_cV6_independent_rms_s5,phase2/results/predictions/full/electrode/tcn/seed_202/bandpass_n20001_cV6_independent_rms_s5.npz,76482,4e9b31b62c0363fcfa34d7710c2b0cd58f94de309b02de319f309bc919bbbfba
tcn,electrode,202,bandpass_n20001_cV6_independent_rms_s0,phase2/results/predictions/full/electrode/tcn/seed_202/bandpass_n20001_cV6_independent_rms_s0.npz,76300,e8974dfb5abaea9d996f5132cc09f156976f09cee5f102bffbb73999b999fa1f
tcn,electrode,202,bandpass_n20001_cV6_electrode_s20,phase2/results/predictions/full/electrode/tcn/seed_202/bandpass_n20001_cV6_electrode_s20.npz,76475,e43a2d7f8d3e94eac07efd7f1aa2bf988c9999260fe7a2735db8ef2302da5b41
tcn,electrode,202,bandpass_n20001_cV6_electrode_s15,phase2/results/predictions/full/electrode/tcn/seed_202/bandpass_n20001_cV6_electrode_s15.npz,76474,f19eb64d77b598c51b0f0a40dc4094556782bf8bb9e55e597591a54d8aa9def9
tcn,electrode,202,bandpass_n20001_cV6_electrode_s10,phase2/results/predictions/full/electrode/tcn/seed_202/bandpass_n20001_cV6_electrode_s10.npz,76502,05de40f7beeccfbddbe8a2c714f059aa174bb633d7ae760f206f1a73fa9482a5
tcn,electrode,202,bandpass_n20001_cV6_electrode_s5,phase2/results/predictions/full/electrode/tcn/seed_202/bandpass_n20001_cV6_electrode_s5.npz,76454,11a333bb57d78a04026351eafe56b4ff5651f6732fbdb26eab2142385e8cfc97
tcn,electrode,202,bandpass_n20001_cV6_electrode_s0,phase2/results/predictions/full/electrode/tcn/seed_202/bandpass_n20001_cV6_electrode_s0.npz,76264,fb53c5b6546c3b3716e44b9b783c5395a74fd09f602a068b9a8ed6a21771d0cd
tcn,electrode,202,bandpass_n20001_cV6_covariance_s20,phase2/results/predictions/full/electrode/tcn/seed_202/bandpass_n20001_cV6_covariance_s20.npz,76464,171039715799a091b8b4ea1b0aca892ad4f03c2697b0ad86ce90fa6e96a098dc
tcn,electrode,202,bandpass_n20001_cV6_covariance_s15,phase2/results/predictions/full/electrode/tcn/seed_202/bandpass_n20001_cV6_covariance_s15.npz,76507,5fd492a914930faa13c8e13a52494dca448611e173debd8b4980786798be5685
tcn,electrode,202,bandpass_n20001_cV6_covariance_s10,phase2/results/predictions/full/electrode/tcn/seed_202/bandpass_n20001_cV6_covariance_s10.npz,76446,1ed035ef6a2378c550b80ec30b2b7ae71eca2ad4b9f50bef1c7123e6dfd1880d
tcn,electrode,202,bandpass_n20001_cV6_covariance_s5,phase2/results/predictions/full/electrode/tcn/seed_202/bandpass_n20001_cV6_covariance_s5.npz,76459,cd0854572ac274206c48fc4cc20d97a7e4f9b8199692504bb27f91e2fcb47e53
tcn,electrode,202,bandpass_n20001_cV6_covariance_s0,phase2/results/predictions/full/electrode/tcn/seed_202/bandpass_n20001_cV6_covariance_s0.npz,76291,3a77fe521b84f4529cedbed5303d360ea874fd79de066f4f5eb2666e7918320e
tcn,electrode,202,bandpass_n20001_cRA_LA_independent_rms_s20,phase2/results/predictions/full/electrode/tcn/seed_202/bandpass_n20001_cRA_LA_independent_rms_s20.npz,76509,a736936003f27ad9ea9f830a6bfa090d4141db6e6b847e68f6442dcf8edbc12a
tcn,electrode,202,bandpass_n20001_cRA_LA_independent_rms_s15,phase2/results/predictions/full/electrode/tcn/seed_202/bandpass_n20001_cRA_LA_independent_rms_s15.npz,76518,37e74062bd0a194477c010d5a90f3f88ea4b4109fff999ac72fde14a83cb35e1
tcn,electrode,202,bandpass_n20001_cRA_LA_independent_rms_s10,phase2/results/predictions/full/electrode/tcn/seed_202/bandpass_n20001_cRA_LA_independent_rms_s10.npz,76505,6aa89afb6a3f7f6c894480261dfb9a87ba112f26460f1ad3fccef4fc6a94fb40
tcn,electrode,202,bandpass_n20001_cRA_LA_independent_rms_s5,phase2/results/predictions/full/electrode/tcn/seed_202/bandpass_n20001_cRA_LA_independent_rms_s5.npz,76432,ad03ebcefc88c0929df369479639f6cbd33d17e365ca5f12a770df61d5d9f621
tcn,electrode,202,bandpass_n20001_cRA_LA_independent_rms_s0,phase2/results/predictions/full/electrode/tcn/seed_202/bandpass_n20001_cRA_LA_independent_rms_s0.npz,76246,62d99cd9385f7121aac351685f1a368f1b63bc6ffe87564866a4e264716da841
tcn,electrode,202,bandpass_n20001_cRA_LA_electrode_s20,phase2/results/predictions/full/electrode/tcn/seed_202/bandpass_n20001_cRA_LA_electrode_s20.npz,76501,04967c8ff531513e7f7c235ca8c0248cd6b5c4b93c4f0203094bae32dae7d3e7
tcn,electrode,202,bandpass_n20001_cRA_LA_electrode_s15,phase2/results/predictions/full/electrode/tcn/seed_202/bandpass_n20001_cRA_LA_electrode_s15.npz,76522,15acbd8f6d708b61e86d0f7a0e4510c72a9e8be9e0d609ea2cdcbe97251a2a94
tcn,electrode,202,bandpass_n20001_cRA_LA_electrode_s10,phase2/results/predictions/full/electrode/tcn/seed_202/bandpass_n20001_cRA_LA_electrode_s10.npz,76493,66bb17931e7db213f15acbe8ee9f0210abf0034f16b4ddaab6bb550e3d55f6cf
tcn,electrode,202,bandpass_n20001_cRA_LA_electrode_s5,phase2/results/predictions/full/electrode/tcn/seed_202/bandpass_n20001_cRA_LA_electrode_s5.npz,76343,f461bcb3d517644e88f6aa732f8a318e023d971f240fd5bc870981ff0f9832c7
tcn,electrode,202,bandpass_n20001_cRA_LA_electrode_s0,phase2/results/predictions/full/electrode/tcn/seed_202/bandpass_n20001_cRA_LA_electrode_s0.npz,75996,079e21bf2d5c3868514ea83f37ea03eb49d88d1e60729d9f1230204c5941fb05
tcn,electrode,202,bandpass_n20001_cRA_LA_covariance_s20,phase2/results/predictions/full/electrode/tcn/seed_202/bandpass_n20001_cRA_LA_covariance_s20.npz,76513,e3b18ebd87f3160ae3650c7ba22be4797d972653b4007607734e1141becf4819
tcn,electrode,202,bandpass_n20001_cRA_LA_covariance_s15,phase2/results/predictions/full/electrode/tcn/seed_202/bandpass_n20001_cRA_LA_covariance_s15.npz,76505,563c2a721698279f7660ee7946d0d73ccaaadca3436a2532f41ae7b4f8f7742b
tcn,electrode,202,bandpass_n20001_cRA_LA_covariance_s10,phase2/results/predictions/full/electrode/tcn/seed_202/bandpass_n20001_cRA_LA_covariance_s10.npz,76477,0dba37ae2e2446a30a7cc1ecfbdeefb099ca427ce8a480c2254f3955efc48ba8
tcn,electrode,202,bandpass_n20001_cRA_LA_covariance_s5,phase2/results/predictions/full/electrode/tcn/seed_202/bandpass_n20001_cRA_LA_covariance_s5.npz,76349,d0ea48947db113be984cd0ce57d8d4951e8c321a8ae916422d22ab46800f1f2f
tcn,electrode,202,bandpass_n20001_cRA_LA_covariance_s0,phase2/results/predictions/full/electrode/tcn/seed_202/bandpass_n20001_cRA_LA_covariance_s0.npz,76051,9573b68fbb2bfdbec114e5e486ee95b47cbf73fe3a8371fb3bb65811824252f6
tcn,electrode,202,bandpass_n20001_cLA_LL_independent_rms_s20,phase2/results/predictions/full/electrode/tcn/seed_202/bandpass_n20001_cLA_LL_independent_rms_s20.npz,76540,df7134ea4c4964257a3d2908f8018fafeb9650e2df38045b41a739f533c4b587
tcn,electrode,202,bandpass_n20001_cLA_LL_independent_rms_s15,phase2/results/predictions/full/electrode/tcn/seed_202/bandpass_n20001_cLA_LL_independent_rms_s15.npz,76524,d8be7de867490bb33ca5c6d6ec0afd35c0aa0a939aad6b56584c6b98d411d1fb
tcn,electrode,202,bandpass_n20001_cLA_LL_independent_rms_s10,phase2/results/predictions/full/electrode/tcn/seed_202/bandpass_n20001_cLA_LL_independent_rms_s10.npz,76506,4c7b40c6574d159f87733565a89b0f4bc14acb71c4d569222ea9a14dd7ec3a57
tcn,electrode,202,bandpass_n20001_cLA_LL_independent_rms_s5,phase2/results/predictions/full/electrode/tcn/seed_202/bandpass_n20001_cLA_LL_independent_rms_s5.npz,76465,fea731df7b0f8b14e45ea1170dfa2d42362790865004284f5b98a5c8660dcd8b
tcn,electrode,202,bandpass_n20001_cLA_LL_independent_rms_s0,phase2/results/predictions/full/electrode/tcn/seed_202/bandpass_n20001_cLA_LL_independent_rms_s0.npz,76249,2bd22a83b4cac82a4a550fa49a4854b3e2c8ca5185bead7cef5418711214bb1c
tcn,electrode,202,bandpass_n20001_cLA_LL_electrode_s20,phase2/results/predictions/full/electrode/tcn/seed_202/bandpass_n20001_cLA_LL_electrode_s20.npz,76516,169ad511b590a79aff929d4d9a6180106c622b8167027795fa009acf1ccc1f99
tcn,electrode,202,bandpass_n20001_cLA_LL_electrode_s15,phase2/results/predictions/full/electrode/tcn/seed_202/bandpass_n20001_cLA_LL_electrode_s15.npz,76501,0980af81ffc2d2da3ea772a3d6bfba00ba2a22b666b602a78b0c2df0be575d54
tcn,electrode,202,bandpass_n20001_cLA_LL_electrode_s10,phase2/results/predictions/full/electrode/tcn/seed_202/bandpass_n20001_cLA_LL_electrode_s10.npz,76487,5539ac50d7c97c58c3ce087d03f4545cc369630fd0edf799c9583affa485ce51
tcn,electrode,202,bandpass_n20001_cLA_LL_electrode_s5,phase2/results/predictions/full/electrode/tcn/seed_202/bandpass_n20001_cLA_LL_electrode_s5.npz,76320,eae353520797ea32be961d3f81b53d72768546a51ef11a4f44c5bb5ec59997d4
tcn,electrode,202,bandpass_n20001_cLA_LL_electrode_s0,phase2/results/predictions/full/electrode/tcn/seed_202/bandpass_n20001_cLA_LL_electrode_s0.npz,75928,03626a6e87c2dbc23ed86b7b60ed1f5c7f01121af6094ede0f2816e63a6ac308
tcn,electrode,202,bandpass_n20001_cLA_LL_covariance_s20,phase2/results/predictions/full/electrode/tcn/seed_202/bandpass_n20001_cLA_LL_covariance_s20.npz,76509,b555795c64a226ad65374ecef94d7b008f0c1a85534b2a6c0c6819903a3e5f62
tcn,electrode,202,bandpass_n20001_cLA_LL_covariance_s15,phase2/results/predictions/full/electrode/tcn/seed_202/bandpass_n20001_cLA_LL_covariance_s15.npz,76505,03443fcf9b721c49ade5eb4191e43d00fbd5f027cbeba1ece867c1e08a51b443
tcn,electrode,202,bandpass_n20001_cLA_LL_covariance_s10,phase2/results/predictions/full/electrode/tcn/seed_202/bandpass_n20001_cLA_LL_covariance_s10.npz,76497,c547c67ad472cc03ac377694cb63eda7fdf6b4b3e3fa6a8033a13c3390701b80
tcn,electrode,202,bandpass_n20001_cLA_LL_covariance_s5,phase2/results/predictions/full/electrode/tcn/seed_202/bandpass_n20001_cLA_LL_covariance_s5.npz,76357,9a605c0ba5b0721411b8809016628415e0601cbe067f12c5b9c8004df88de934
tcn,electrode,202,bandpass_n20001_cLA_LL_covariance_s0,phase2/results/predictions/full/electrode/tcn/seed_202/bandpass_n20001_cLA_LL_covariance_s0.npz,75933,aa3352c52f45f93a052e59560c9cd2fffa9bf8d7e098f894ae74b75a93283cb4
tcn,electrode,202,bandpass_n20001_cRA_LL_independent_rms_s20,phase2/results/predictions/full/electrode/tcn/seed_202/bandpass_n20001_cRA_LL_independent_rms_s20.npz,76510,3325c4b3ffbf8270d482b070a83917e5793431a1a65bbcda979ecc6dbb841667
tcn,electrode,202,bandpass_n20001_cRA_LL_independent_rms_s15,phase2/results/predictions/full/electrode/tcn/seed_202/bandpass_n20001_cRA_LL_independent_rms_s15.npz,76513,aa809c19b5725f3dcf8590ac7f8baa826bbbd0cac17df647449daa9680f464e6
tcn,electrode,202,bandpass_n20001_cRA_LL_independent_rms_s10,phase2/results/predictions/full/electrode/tcn/seed_202/bandpass_n20001_cRA_LL_independent_rms_s10.npz,76502,8b30d20bf6d895c15e8db1d464d79384fd942d73621f128263a80d92d41d01e4
tcn,electrode,202,bandpass_n20001_cRA_LL_independent_rms_s5,phase2/results/predictions/full/electrode/tcn/seed_202/bandpass_n20001_cRA_LL_independent_rms_s5.npz,76444,e822cb73c5e057bd924a2cc5c4d53f0577cc226a37238eb456c535287cef8b5c
tcn,electrode,202,bandpass_n20001_cRA_LL_independent_rms_s0,phase2/results/predictions/full/electrode/tcn/seed_202/bandpass_n20001_cRA_LL_independent_rms_s0.npz,76225,a2cc166ae725af3cf2727448fe3a66c06de87c20f8a1b51bf3bb920f283988f9
tcn,electrode,202,bandpass_n20001_cRA_LL_electrode_s20,phase2/results/predictions/full/electrode/tcn/seed_202/bandpass_n20001_cRA_LL_electrode_s20.npz,76499,0b306c458b94a71b5e3cf16438a82a7f985c7176da068d61a3ef427a059f6137
tcn,electrode,202,bandpass_n20001_cRA_LL_electrode_s15,phase2/results/predictions/full/electrode/tcn/seed_202/bandpass_n20001_cRA_LL_electrode_s15.npz,76513,806c45dd27217652d92368b9427e53760170248dd76abe1d99c9a2ad53d21b5b
tcn,electrode,202,bandpass_n20001_cRA_LL_electrode_s10,phase2/results/predictions/full/electrode/tcn/seed_202/bandpass_n20001_cRA_LL_electrode_s10.npz,76487,0ce9135b02113f88ce7b323094fe40250330ec66aa9cbbe339325fe93268af4e
tcn,electrode,202,bandpass_n20001_cRA_LL_electrode_s5,phase2/results/predictions/full/electrode/tcn/seed_202/bandpass_n20001_cRA_LL_electrode_s5.npz,76350,8d4de84b8a733ad0eed586d35e05a6880ae5a5589918dd7aef45c00c2d7d6109
tcn,electrode,202,bandpass_n20001_cRA_LL_electrode_s0,phase2/results/predictions/full/electrode/tcn/seed_202/bandpass_n20001_cRA_LL_electrode_s0.npz,76005,234255b49db3032b6a57560a7c4b586128725968d546e4f4baeeb0a9f6eeaeda
tcn,electrode,202,bandpass_n20001_cRA_LL_covariance_s20,phase2/results/predictions/full/electrode/tcn/seed_202/bandpass_n20001_cRA_LL_covariance_s20.npz,76487,aa79c5c56c8f2873bed350688d7f49c056fbd0cd60152f392f92eeeb7fe96863
tcn,electrode,202,bandpass_n20001_cRA_LL_covariance_s15,phase2/results/predictions/full/electrode/tcn/seed_202/bandpass_n20001_cRA_LL_covariance_s15.npz,76500,c3924d1599321268ca0d99138de43859970868a0e58ed41ffcd1fa221506b841
tcn,electrode,202,bandpass_n20001_cRA_LL_covariance_s10,phase2/results/predictions/full/electrode/tcn/seed_202/bandpass_n20001_cRA_LL_covariance_s10.npz,76447,7c54843999521ccc82ae74ee1c1bd3cefa9ffaff1fc6d08a7470729a1da831ff
tcn,electrode,202,bandpass_n20001_cRA_LL_covariance_s5,phase2/results/predictions/full/electrode/tcn/seed_202/bandpass_n20001_cRA_LL_covariance_s5.npz,76345,8e4291c3b3f3d8dc9fc9391ed692464afcc0e4d38687da7345311d9cbee70ddf
tcn,electrode,202,bandpass_n20001_cRA_LL_covariance_s0,phase2/results/predictions/full/electrode/tcn/seed_202/bandpass_n20001_cRA_LL_covariance_s0.npz,75952,120bb96758bf130f687810131a6a9560c8eb398024662aa85bd715992f1437b0
tcn,electrode,202,bandpass_n20001_cRA_independent_rms_s20,phase2/results/predictions/full/electrode/tcn/seed_202/bandpass_n20001_cRA_independent_rms_s20.npz,76488,6433e15d7a3183d5f948016edf119ef25d0f85de464d2d898647de56bc978195
tcn,electrode,202,bandpass_n20001_cRA_independent_rms_s15,phase2/results/predictions/full/electrode/tcn/seed_202/bandpass_n20001_cRA_independent_rms_s15.npz,76523,50dacbd8cb9d6cc9704727167b4a27e3b22e314a5cd45b5a37ec90eae4c01b82
tcn,electrode,202,bandpass_n20001_cRA_independent_rms_s10,phase2/results/predictions/full/electrode/tcn/seed_202/bandpass_n20001_cRA_independent_rms_s10.npz,76532,abceff47c638a2da799f0df4ebf489589348aa5351d7624ba073acde415b1ca3
tcn,electrode,202,bandpass_n20001_cRA_independent_rms_s5,phase2/results/predictions/full/electrode/tcn/seed_202/bandpass_n20001_cRA_independent_rms_s5.npz,76447,cbcafb1ec37c1a881b50d05603eb056892ddbf6ac438dc55956bc7d085049a40
tcn,electrode,202,bandpass_n20001_cRA_independent_rms_s0,phase2/results/predictions/full/electrode/tcn/seed_202/bandpass_n20001_cRA_independent_rms_s0.npz,76236,f5a1ffb3294889a5c36d12b2801293494d911ec59a78492bbd2bdc00b57dec82
tcn,electrode,202,bandpass_n20001_cRA_electrode_s20,phase2/results/predictions/full/electrode/tcn/seed_202/bandpass_n20001_cRA_electrode_s20.npz,76524,9c1f35d25f9138d8b3eea398275fbf74f2b87684f2bbc89f56b284a1bcbdd716
tcn,electrode,202,bandpass_n20001_cRA_electrode_s15,phase2/results/predictions/full/electrode/tcn/seed_202/bandpass_n20001_cRA_electrode_s15.npz,76491,3057c6758094fbe9696073b639c6674304eddf745797bb4b4ac34e56a9e2f3e1
tcn,electrode,202,bandpass_n20001_cRA_electrode_s10,phase2/results/predictions/full/electrode/tcn/seed_202/bandpass_n20001_cRA_electrode_s10.npz,76469,c6863d3ac177e40bd6f2ff4c5874cde192711d252c71d444c96122d63c90406e
tcn,electrode,202,bandpass_n20001_cRA_electrode_s5,phase2/results/predictions/full/electrode/tcn/seed_202/bandpass_n20001_cRA_electrode_s5.npz,76365,1b1dc83ce9678def26526b179db7551e93227466efc53ab8c5be36de5fca663f
tcn,electrode,202,bandpass_n20001_cRA_electrode_s0,phase2/results/predictions/full/electrode/tcn/seed_202/bandpass_n20001_cRA_electrode_s0.npz,76093,641e53baa93e3144b17636653a38fd2a718c90bf6edf9bfdf45387068fd2e91f
tcn,electrode,202,bandpass_n20001_cRA_covariance_s20,phase2/results/predictions/full/electrode/tcn/seed_202/bandpass_n20001_cRA_covariance_s20.npz,76441,6795651a74bc133cc4259b333c4f486b099f0fdb7bcb5575f629e6eed728cca7
tcn,electrode,202,bandpass_n20001_cRA_covariance_s15,phase2/results/predictions/full/electrode/tcn/seed_202/bandpass_n20001_cRA_covariance_s15.npz,76488,79859804bce261f57c2dfec37b1695a8c8c3d75421955669bda6c2b6fd2d1e71
tcn,electrode,202,bandpass_n20001_cRA_covariance_s10,phase2/results/predictions/full/electrode/tcn/seed_202/bandpass_n20001_cRA_covariance_s10.npz,76437,d482558586dea0f3a4e8f854d96a76e3ffeb0387a527e619f3c4433961bbda53
tcn,electrode,202,bandpass_n20001_cRA_covariance_s5,phase2/results/predictions/full/electrode/tcn/seed_202/bandpass_n20001_cRA_covariance_s5.npz,76382,61b17b3fc1f867b05608c9a19f711c494551a0a3b66a0a367d3db0546f302e41
tcn,electrode,202,bandpass_n20001_cRA_covariance_s0,phase2/results/predictions/full/electrode/tcn/seed_202/bandpass_n20001_cRA_covariance_s0.npz,76071,228119614b03b77c83d7f27a3bcb0bdb7b994530991dbdc013e7026e5478a4af
tcn,electrode,202,bandpass_n20001_cLA_independent_rms_s20,phase2/results/predictions/full/electrode/tcn/seed_202/bandpass_n20001_cLA_independent_rms_s20.npz,76515,3972aa76b778438626b03254e2878ce5c518866930f8b6f503e35206040d95e1
tcn,electrode,202,bandpass_n20001_cLA_independent_rms_s15,phase2/results/predictions/full/electrode/tcn/seed_202/bandpass_n20001_cLA_independent_rms_s15.npz,76528,d0334b160e2f7a5dbd6bdec8932718f427a9d6ab80d612ee50ddc0881b161dc9
tcn,electrode,202,bandpass_n20001_cLA_independent_rms_s10,phase2/results/predictions/full/electrode/tcn/seed_202/bandpass_n20001_cLA_independent_rms_s10.npz,76497,8ee48c07212981855912dbc598333c0992157082c530727838e93f2d0a715e10
tcn,electrode,202,bandpass_n20001_cLA_independent_rms_s5,phase2/results/predictions/full/electrode/tcn/seed_202/bandpass_n20001_cLA_independent_rms_s5.npz,76478,f171ec754562995dc2c83f1bb61234f38f99ba3d4e9bb6f399782d665727956a
tcn,electrode,202,bandpass_n20001_cLA_independent_rms_s0,phase2/results/predictions/full/electrode/tcn/seed_202/bandpass_n20001_cLA_independent_rms_s0.npz,76250,5ec593d62bde11a236b7a6279b9c1ef763a03656efd299beed312ef4763d1696
tcn,electrode,202,bandpass_n20001_cLA_electrode_s20,phase2/results/predictions/full/electrode/tcn/seed_202/bandpass_n20001_cLA_electrode_s20.npz,76476,1639c0ffd41f9a88c6f0b0fcc6d8360f2e7a8c29184d39dd1a423a5ac37ec398
tcn,electrode,202,bandpass_n20001_cLA_electrode_s15,phase2/results/predictions/full/electrode/tcn/seed_202/bandpass_n20001_cLA_electrode_s15.npz,76521,34e1bb52b55539a72d5ef6909d5993238d91c1a3c6cf734e8795b9222a48f006
tcn,electrode,202,bandpass_n20001_cLA_electrode_s10,phase2/results/predictions/full/electrode/tcn/seed_202/bandpass_n20001_cLA_electrode_s10.npz,76461,cf5ed86c9de14c5a09df093934112365f0b78228bcce5c64c8b2f57a829dd38e
tcn,electrode,202,bandpass_n20001_cLA_electrode_s5,phase2/results/predictions/full/electrode/tcn/seed_202/bandpass_n20001_cLA_electrode_s5.npz,76376,66069365b82f557f944e6db6c2796c5ac7cd36c919d11cf32145c46582e4f136
tcn,electrode,202,bandpass_n20001_cLA_electrode_s0,phase2/results/predictions/full/electrode/tcn/seed_202/bandpass_n20001_cLA_electrode_s0.npz,75956,ecb8bd27b099124c219e08268b22eb05bf26b2d6e91955966f17dbf0dd984678
tcn,electrode,202,bandpass_n20001_cLA_covariance_s20,phase2/results/predictions/full/electrode/tcn/seed_202/bandpass_n20001_cLA_covariance_s20.npz,76513,695d555888923752c3300eb312995cfa5c7bd8dd1eec68bdf98006345bdd9879
tcn,electrode,202,bandpass_n20001_cLA_covariance_s15,phase2/results/predictions/full/electrode/tcn/seed_202/bandpass_n20001_cLA_covariance_s15.npz,76477,8262bd43d5691457e506119197e90430ec24e362ba3ebd43078e2021c3b71ca5
tcn,electrode,202,bandpass_n20001_cLA_covariance_s10,phase2/results/predictions/full/electrode/tcn/seed_202/bandpass_n20001_cLA_covariance_s10.npz,76496,19adc43f6f0810c82da7e1f230922c460e0f40c932f5d410642578544d6aecf5
tcn,electrode,202,bandpass_n20001_cLA_covariance_s5,phase2/results/predictions/full/electrode/tcn/seed_202/bandpass_n20001_cLA_covariance_s5.npz,76368,062dccd0dbb77fae439c8ac3ca628ee6b836293f0f474798701aad690b5eb605
tcn,electrode,202,bandpass_n20001_cLA_covariance_s0,phase2/results/predictions/full/electrode/tcn/seed_202/bandpass_n20001_cLA_covariance_s0.npz,75986,2c98780c633e378356fe3df10620c3f72f283f9b2828e3f56c0db3d896f7f0c2
tcn,electrode,202,bandpass_n20001_cLL_independent_rms_s20,phase2/results/predictions/full/electrode/tcn/seed_202/bandpass_n20001_cLL_independent_rms_s20.npz,76485,87e7fcd98d628ec5f46affe4e479f4f9d88897c17c661ebb963140a65251b5e7
tcn,electrode,202,bandpass_n20001_cLL_independent_rms_s15,phase2/results/predictions/full/electrode/tcn/seed_202/bandpass_n20001_cLL_independent_rms_s15.npz,76505,672644e032bde7311ddda9b9f51848a7736bfff1a20dca1b163aa8afe8a5049f
tcn,electrode,202,bandpass_n20001_cLL_independent_rms_s10,phase2/results/predictions/full/electrode/tcn/seed_202/bandpass_n20001_cLL_independent_rms_s10.npz,76520,94942dea3713c640366b30ebc099460ab884b1cd314ca2d84fd156aed3c83f97
tcn,electrode,202,bandpass_n20001_cLL_independent_rms_s5,phase2/results/predictions/full/electrode/tcn/seed_202/bandpass_n20001_cLL_independent_rms_s5.npz,76450,22fef89ce64cc6bc54d85fe0138ad54912b1b694e32ee025ae67f5f1c1c1f8a2
tcn,electrode,202,bandpass_n20001_cLL_independent_rms_s0,phase2/results/predictions/full/electrode/tcn/seed_202/bandpass_n20001_cLL_independent_rms_s0.npz,76214,6932e08eae21467ef7cd4ad66fbc4b67ee921fe42b648217dd00fca2a12d6e96
tcn,electrode,202,bandpass_n20001_cLL_electrode_s20,phase2/results/predictions/full/electrode/tcn/seed_202/bandpass_n20001_cLL_electrode_s20.npz,76487,42fd99f3d1e5ca91557dcec09355b8e8ba6c097900fa3f883be497673158b948
tcn,electrode,202,bandpass_n20001_cLL_electrode_s15,phase2/results/predictions/full/electrode/tcn/seed_202/bandpass_n20001_cLL_electrode_s15.npz,76510,0ce013383df7a490b95913690b723750963b1ba0e1427066a0d9bcabec8f02db
tcn,electrode,202,bandpass_n20001_cLL_electrode_s10,phase2/results/predictions/full/electrode/tcn/seed_202/bandpass_n20001_cLL_electrode_s10.npz,76500,dd5e3700b2789afd9ff88fb64fd980497e5c4de7325b3d2fe586f5c32d42f4b0
tcn,electrode,202,bandpass_n20001_cLL_electrode_s5,phase2/results/predictions/full/electrode/tcn/seed_202/bandpass_n20001_cLL_electrode_s5.npz,76285,30cd1fe66759bbd26c99443de1acee78542651e70cfd6eed2e1ef5b590219882
tcn,electrode,202,bandpass_n20001_cLL_electrode_s0,phase2/results/predictions/full/electrode/tcn/seed_202/bandpass_n20001_cLL_electrode_s0.npz,75968,2b5d3b9802101ccab2e2d2a1932a78ef90a0c6b4fa345c92a599354b8918d786
tcn,electrode,202,bandpass_n20001_cLL_covariance_s20,phase2/results/predictions/full/electrode/tcn/seed_202/bandpass_n20001_cLL_covariance_s20.npz,76492,d20ec50e531946cbdccbadbd72bf50fe69704d643f597af046ed5d52b18a9c60
tcn,electrode,202,bandpass_n20001_cLL_covariance_s15,phase2/results/predictions/full/electrode/tcn/seed_202/bandpass_n20001_cLL_covariance_s15.npz,76498,9e78b63b20ac7e430e0f3ba6497a8c54dd2491eb10af1657b1a1b0a15ad2ea8c
tcn,electrode,202,bandpass_n20001_cLL_covariance_s10,phase2/results/predictions/full/electrode/tcn/seed_202/bandpass_n20001_cLL_covariance_s10.npz,76473,cfc21d9784e4993dc17cf9cf3b8b6639972261cca2fb68b8cd9e32ec92790bf5
tcn,electrode,202,bandpass_n20001_cLL_covariance_s5,phase2/results/predictions/full/electrode/tcn/seed_202/bandpass_n20001_cLL_covariance_s5.npz,76295,e09184a04d9bdcf779c04ea05e1e8e1b1efe13adf1c727bf4d70b5190b5507d6
tcn,electrode,202,bandpass_n20001_cLL_covariance_s0,phase2/results/predictions/full/electrode/tcn/seed_202/bandpass_n20001_cLL_covariance_s0.npz,75964,c079ea9f08ea692741884886daa400eef9ecf492348a41b0248ab33f37e878cc
tcn,electrode,202,bandpass_n20001_cRA_V1_independent_rms_s20,phase2/results/predictions/full/electrode/tcn/seed_202/bandpass_n20001_cRA_V1_independent_rms_s20.npz,76521,e6f05b1c090d6593cee50d72af57b42c2cbaa55d9206c21e60dc2711a67247d7
tcn,electrode,202,bandpass_n20001_cRA_V1_independent_rms_s15,phase2/results/predictions/full/electrode/tcn/seed_202/bandpass_n20001_cRA_V1_independent_rms_s15.npz,76514,53d487e6fd9afa2c5ea7411170830a99c17a337bc1df71fed8ee3555402d03e5
tcn,electrode,202,bandpass_n20001_cRA_V1_independent_rms_s10,phase2/results/predictions/full/electrode/tcn/seed_202/bandpass_n20001_cRA_V1_independent_rms_s10.npz,76534,32036731b038c5e7288103f057d928a2af03d869a859d56fad0240fa98cdc39a
tcn,electrode,202,bandpass_n20001_cRA_V1_independent_rms_s5,phase2/results/predictions/full/electrode/tcn/seed_202/bandpass_n20001_cRA_V1_independent_rms_s5.npz,76474,3d5fcffdc842d27282c40e435468430605e9bf5c9e4b0fd9affd9590f22e61bc
tcn,electrode,202,bandpass_n20001_cRA_V1_independent_rms_s0,phase2/results/predictions/full/electrode/tcn/seed_202/bandpass_n20001_cRA_V1_independent_rms_s0.npz,76176,9f51199ae7a0646f349f284dd70b943c727cee6f85235ce348ef5b611f1506c8
tcn,electrode,202,bandpass_n20001_cRA_V1_electrode_s20,phase2/results/predictions/full/electrode/tcn/seed_202/bandpass_n20001_cRA_V1_electrode_s20.npz,76523,f0fdc3ce8e2209238d3a8d461c276e908f20dafca18bc8866942a8694484775e
tcn,electrode,202,bandpass_n20001_cRA_V1_electrode_s15,phase2/results/predictions/full/electrode/tcn/seed_202/bandpass_n20001_cRA_V1_electrode_s15.npz,76501,7bb10932f69bf9e99f29ba2576e4c55cef945e477534ee848fdd16072cdac53c
tcn,electrode,202,bandpass_n20001_cRA_V1_electrode_s10,phase2/results/predictions/full/electrode/tcn/seed_202/bandpass_n20001_cRA_V1_electrode_s10.npz,76492,76e2bfd06a400c2b2ed24295af66f90ce167443163881afa009b21ff55a9071b
tcn,electrode,202,bandpass_n20001_cRA_V1_electrode_s5,phase2/results/predictions/full/electrode/tcn/seed_202/bandpass_n20001_cRA_V1_electrode_s5.npz,76380,4fd38f0ca89cd9e5f675dd94532c54e2d399cc3c2a3b0957f11b92fca73366ee
tcn,electrode,202,bandpass_n20001_cRA_V1_electrode_s0,phase2/results/predictions/full/electrode/tcn/seed_202/bandpass_n20001_cRA_V1_electrode_s0.npz,76071,ab9c1b35339050fbdbb8cab21c28b8245fc2bfb6c63c1d1979bc318c034e2240
tcn,electrode,202,bandpass_n20001_cRA_V1_covariance_s20,phase2/results/predictions/full/electrode/tcn/seed_202/bandpass_n20001_cRA_V1_covariance_s20.npz,76526,13491a4ae17d78d69701b8782fb345e8ab50552b9467de279cc9f2b630abe9ab
tcn,electrode,202,bandpass_n20001_cRA_V1_covariance_s15,phase2/results/predictions/full/electrode/tcn/seed_202/bandpass_n20001_cRA_V1_covariance_s15.npz,76511,6418b78125c4ff53dd814e01fe9c0188e8c39ab96f84816cf05e9f5e964fa3f2
tcn,electrode,202,bandpass_n20001_cRA_V1_covariance_s10,phase2/results/predictions/full/electrode/tcn/seed_202/bandpass_n20001_cRA_V1_covariance_s10.npz,76476,84bbd58d3df193741fea353a97e7c81958947c46c394de4f1c70107ec41b97bc
tcn,electrode,202,bandpass_n20001_cRA_V1_covariance_s5,phase2/results/predictions/full/electrode/tcn/seed_202/bandpass_n20001_cRA_V1_covariance_s5.npz,76338,2fb285a5a398bde23abb60cf53d89cf9b733cfd154f288301463c8781aacd290
tcn,electrode,202,bandpass_n20001_cRA_V1_covariance_s0,phase2/results/predictions/full/electrode/tcn/seed_202/bandpass_n20001_cRA_V1_covariance_s0.npz,76063,6192273dce30d6e8087b6880f8634156d88f86c680cdad28e5eaf8189b3e9e0a
tcn,electrode,202,bandpass_n20001_cLA_V6_independent_rms_s20,phase2/results/predictions/full/electrode/tcn/seed_202/bandpass_n20001_cLA_V6_independent_rms_s20.npz,76543,e118f25daae762403cfc0c541e6080c75779cdaea8c951b851b9bf58ebffd422
tcn,electrode,202,bandpass_n20001_cLA_V6_independent_rms_s15,phase2/results/predictions/full/electrode/tcn/seed_202/bandpass_n20001_cLA_V6_independent_rms_s15.npz,76524,513bece38d133628eedd9fe901b84e3f93bdda15c2bb10cba9d389850d0f8cf3
tcn,electrode,202,bandpass_n20001_cLA_V6_independent_rms_s10,phase2/results/predictions/full/electrode/tcn/seed_202/bandpass_n20001_cLA_V6_independent_rms_s10.npz,76514,4a114314d6fc7da83838cec667c4f46172d34859c278fa93a77e9c2d6c7bf892
tcn,electrode,202,bandpass_n20001_cLA_V6_independent_rms_s5,phase2/results/predictions/full/electrode/tcn/seed_202/bandpass_n20001_cLA_V6_independent_rms_s5.npz,76508,75a7ff0bf4f186ab7f08065d6879a8477412bac4dcc843ea76df07c83099aac9
tcn,electrode,202,bandpass_n20001_cLA_V6_independent_rms_s0,phase2/results/predictions/full/electrode/tcn/seed_202/bandpass_n20001_cLA_V6_independent_rms_s0.npz,76266,0ab9bc9855b8f83b9538149c02bc7d6297d659447bb6105cec5b6a45e583dc74
tcn,electrode,202,bandpass_n20001_cLA_V6_electrode_s20,phase2/results/predictions/full/electrode/tcn/seed_202/bandpass_n20001_cLA_V6_electrode_s20.npz,76527,125087c427eae60f69c54e97f7517160bacb98d7c887682a486ab6bb7701ebb0
tcn,electrode,202,bandpass_n20001_cLA_V6_electrode_s15,phase2/results/predictions/full/electrode/tcn/seed_202/bandpass_n20001_cLA_V6_electrode_s15.npz,76521,59ee6bc3323c5c67104fb27c85f876b37e6401e9822352a41702394822eeb5c7
tcn,electrode,202,bandpass_n20001_cLA_V6_electrode_s10,phase2/results/predictions/full/electrode/tcn/seed_202/bandpass_n20001_cLA_V6_electrode_s10.npz,76484,b6b383efc0efa7f043120bd5ac8818bc59667deddd70f9c8b1427a2d3f79fb77
tcn,electrode,202,bandpass_n20001_cLA_V6_electrode_s5,phase2/results/predictions/full/electrode/tcn/seed_202/bandpass_n20001_cLA_V6_electrode_s5.npz,76373,5c6a3f51d7faa5e6103f8fb873f306a6d82b79661d6e5766d54e5bc784e79b65
tcn,electrode,202,bandpass_n20001_cLA_V6_electrode_s0,phase2/results/predictions/full/electrode/tcn/seed_202/bandpass_n20001_cLA_V6_electrode_s0.npz,76003,17b05bbfb70047f4312fc1199444b4051d916fc8364541bf1da7bc55e9d3cda2
tcn,electrode,202,bandpass_n20001_cLA_V6_covariance_s20,phase2/results/predictions/full/electrode/tcn/seed_202/bandpass_n20001_cLA_V6_covariance_s20.npz,76529,c212a70f53a091d00d6e10f27744077f621cdd57614e82bd87a6f0338e2fb9fc
tcn,electrode,202,bandpass_n20001_cLA_V6_covariance_s15,phase2/results/predictions/full/electrode/tcn/seed_202/bandpass_n20001_cLA_V6_covariance_s15.npz,76544,66682146f743346524ac8e42931d3ae2584589cbbc2ad2a9cddffdcfe4329fbe
tcn,electrode,202,bandpass_n20001_cLA_V6_covariance_s10,phase2/results/predictions/full/electrode/tcn/seed_202/bandpass_n20001_cLA_V6_covariance_s10.npz,76497,3425471a58bdc5ce07751c7f8d39f07aa3af734c9cf805bca10c392244bc9453
tcn,electrode,202,bandpass_n20001_cLA_V6_covariance_s5,phase2/results/predictions/full/electrode/tcn/seed_202/bandpass_n20001_cLA_V6_covariance_s5.npz,76389,82b3945d4b99615b0e37a4ba1b3ab6568c5fa5b212c88522218b5ab693244373
tcn,electrode,202,bandpass_n20001_cLA_V6_covariance_s0,phase2/results/predictions/full/electrode/tcn/seed_202/bandpass_n20001_cLA_V6_covariance_s0.npz,76021,67d7148fabfb5505d49e41ac924dd09fd28723314d2f61f6476a935ae462a3f9
tcn,electrode,202,bandpass_n20001_cLL_V4_independent_rms_s20,phase2/results/predictions/full/electrode/tcn/seed_202/bandpass_n20001_cLL_V4_independent_rms_s20.npz,76544,a785c3f76bcc5aeec2e276b4a8514afe1b1e3ac0f5d6bd56316341ab2cb5cad3
tcn,electrode,202,bandpass_n20001_cLL_V4_independent_rms_s15,phase2/results/predictions/full/electrode/tcn/seed_202/bandpass_n20001_cLL_V4_independent_rms_s15.npz,76536,25933654f813f1d6b6b1fa146f4d2d0855ff5c9276c67a764a833894847a0719
tcn,electrode,202,bandpass_n20001_cLL_V4_independent_rms_s10,phase2/results/predictions/full/electrode/tcn/seed_202/bandpass_n20001_cLL_V4_independent_rms_s10.npz,76538,6f52896e182949f760d5621509260565cb22ddce5b7762e2e5c6337b60a726d5
tcn,electrode,202,bandpass_n20001_cLL_V4_independent_rms_s5,phase2/results/predictions/full/electrode/tcn/seed_202/bandpass_n20001_cLL_V4_independent_rms_s5.npz,76458,ba3f68a696cb9e3b4a5e41a8455dfb0ecb71ca7df88152c458be2bd7b1e7512f
tcn,electrode,202,bandpass_n20001_cLL_V4_independent_rms_s0,phase2/results/predictions/full/electrode/tcn/seed_202/bandpass_n20001_cLL_V4_independent_rms_s0.npz,76212,e7afa8d751849ed07cd5d179a035467f7101fc19bffc10d4fe841d9b2330852a
tcn,electrode,202,bandpass_n20001_cLL_V4_electrode_s20,phase2/results/predictions/full/electrode/tcn/seed_202/bandpass_n20001_cLL_V4_electrode_s20.npz,76523,c53a707a0103808412c5d9f56185e497e6963f4d3ca40f61f1a017063b7e2352
tcn,electrode,202,bandpass_n20001_cLL_V4_electrode_s15,phase2/results/predictions/full/electrode/tcn/seed_202/bandpass_n20001_cLL_V4_electrode_s15.npz,76495,8e3fa821c381e17d344119c7c8fa7dc689fa7acfcd078ef47b67fda796c60a2c
tcn,electrode,202,bandpass_n20001_cLL_V4_electrode_s10,phase2/results/predictions/full/electrode/tcn/seed_202/bandpass_n20001_cLL_V4_electrode_s10.npz,76513,14c3b615e079758b550d535c83537ebc816598888332546b0196422bfaa4317f
tcn,electrode,202,bandpass_n20001_cLL_V4_electrode_s5,phase2/results/predictions/full/electrode/tcn/seed_202/bandpass_n20001_cLL_V4_electrode_s5.npz,76359,1914c991b9e3473f83b0c2fd7e62f0e43cb9ad9e26cbe64870b4dcbf7afe51aa
tcn,electrode,202,bandpass_n20001_cLL_V4_electrode_s0,phase2/results/predictions/full/electrode/tcn/seed_202/bandpass_n20001_cLL_V4_electrode_s0.npz,75980,2418fe525f6f86b2c1fcbec159cb63ecaabc43e31e9dd23922626d1c8f70c5e2
tcn,electrode,202,bandpass_n20001_cLL_V4_covariance_s20,phase2/results/predictions/full/electrode/tcn/seed_202/bandpass_n20001_cLL_V4_covariance_s20.npz,76511,97b4d6cf83704e838e05f814c84bc8e22349a88ad1ad87cd42842a18e64cec88
tcn,electrode,202,bandpass_n20001_cLL_V4_covariance_s15,phase2/results/predictions/full/electrode/tcn/seed_202/bandpass_n20001_cLL_V4_covariance_s15.npz,76511,fe93d3c768619c1b258c7448ef0f36f727598311f49bccbeb6ec6fe4ae3a3f98
tcn,electrode,202,bandpass_n20001_cLL_V4_covariance_s10,phase2/results/predictions/full/electrode/tcn/seed_202/bandpass_n20001_cLL_V4_covariance_s10.npz,76502,69014a7d829b822439ab1a565532affd282c14378237ff54b7798a85822d19f9
tcn,electrode,202,bandpass_n20001_cLL_V4_covariance_s5,phase2/results/predictions/full/electrode/tcn/seed_202/bandpass_n20001_cLL_V4_covariance_s5.npz,76356,28613fac1ef86df7325b8004b51623c71f4f4c039cccedaa8be412f34f066729
tcn,electrode,202,bandpass_n20001_cLL_V4_covariance_s0,phase2/results/predictions/full/electrode/tcn/seed_202/bandpass_n20001_cLL_V4_covariance_s0.npz,75991,6a2dad4ab93d0de0edcf75fa239e2c33b46a1b0c6597ae5eae108f0100c08115
tcn,electrode,202,bandpass_n20001_cRA_LA_V1_V6_independent_rms_s20,phase2/results/predictions/full/electrode/tcn/seed_202/bandpass_n20001_cRA_LA_V1_V6_independent_rms_s20.npz,76519,b1207974725231825a586c85b7a7de7e5fccdeb8d5009a67a182e3d010aab421
tcn,electrode,202,bandpass_n20001_cRA_LA_V1_V6_independent_rms_s15,phase2/results/predictions/full/electrode/tcn/seed_202/bandpass_n20001_cRA_LA_V1_V6_independent_rms_s15.npz,76541,43da2b76b455646e2b10a10927207ae3d68e2a4d0c21305a7afa0ec07cb2684d
tcn,electrode,202,bandpass_n20001_cRA_LA_V1_V6_independent_rms_s10,phase2/results/predictions/full/electrode/tcn/seed_202/bandpass_n20001_cRA_LA_V1_V6_independent_rms_s10.npz,76498,cd276c574a95645425503c24e7d875e5c88aa95202f1f380367b3fb26dd85501
tcn,electrode,202,bandpass_n20001_cRA_LA_V1_V6_independent_rms_s5,phase2/results/predictions/full/electrode/tcn/seed_202/bandpass_n20001_cRA_LA_V1_V6_independent_rms_s5.npz,76490,6bbdf9dd1f4465b81bd0302d57e5e49c17a79b7a8a000c04963272533705a3ae
tcn,electrode,202,bandpass_n20001_cRA_LA_V1_V6_independent_rms_s0,phase2/results/predictions/full/electrode/tcn/seed_202/bandpass_n20001_cRA_LA_V1_V6_independent_rms_s0.npz,76231,3e3d6fc30002cc8f500bba8c5724c78d770160247c594029b89f4411a0f3e19d
tcn,electrode,202,bandpass_n20001_cRA_LA_V1_V6_electrode_s20,phase2/results/predictions/full/electrode/tcn/seed_202/bandpass_n20001_cRA_LA_V1_V6_electrode_s20.npz,76538,54d2bb047f5f83601aaca547ef3ea21324daf4cd89d209346e0599e470566378
tcn,electrode,202,bandpass_n20001_cRA_LA_V1_V6_electrode_s15,phase2/results/predictions/full/electrode/tcn/seed_202/bandpass_n20001_cRA_LA_V1_V6_electrode_s15.npz,76539,5ef27641cee6d24093687418e632ca11864a2d3274750df39b156a9a1af856c9
tcn,electrode,202,bandpass_n20001_cRA_LA_V1_V6_electrode_s10,phase2/results/predictions/full/electrode/tcn/seed_202/bandpass_n20001_cRA_LA_V1_V6_electrode_s10.npz,76521,fcf45c1674c84c7353730ea391adce732fd3e1e55c4b6ef5432766b6c2cefde7
tcn,electrode,202,bandpass_n20001_cRA_LA_V1_V6_electrode_s5,phase2/results/predictions/full/electrode/tcn/seed_202/bandpass_n20001_cRA_LA_V1_V6_electrode_s5.npz,76368,5bb21cf5ae3202cc0f5698cd897bfaf438bbe3c38e3ed57ae8a6ac52341b1a3b
tcn,electrode,202,bandpass_n20001_cRA_LA_V1_V6_electrode_s0,phase2/results/predictions/full/electrode/tcn/seed_202/bandpass_n20001_cRA_LA_V1_V6_electrode_s0.npz,76066,b23cceba5c522840cf96f3471f1f4c7989c76de8457be8f178ba842409bf8f07
tcn,electrode,202,bandpass_n20001_cRA_LA_V1_V6_covariance_s20,phase2/results/predictions/full/electrode/tcn/seed_202/bandpass_n20001_cRA_LA_V1_V6_covariance_s20.npz,76527,e01d470adbd4e1f43061761bb238c7e2693d373a7622cb6af51fe7ef80cb10aa
tcn,electrode,202,bandpass_n20001_cRA_LA_V1_V6_covariance_s15,phase2/results/predictions/full/electrode/tcn/seed_202/bandpass_n20001_cRA_LA_V1_V6_covariance_s15.npz,76533,4be021e6ed5f1d029c3f8b0c6cd950557d06c0a710edb138237bb208b634be60
tcn,electrode,202,bandpass_n20001_cRA_LA_V1_V6_covariance_s10,phase2/results/predictions/full/electrode/tcn/seed_202/bandpass_n20001_cRA_LA_V1_V6_covariance_s10.npz,76532,854bcc76711175feb925dadb60f82aa715a9022f1a427e1a6e297290df78da25
tcn,electrode,202,bandpass_n20001_cRA_LA_V1_V6_covariance_s5,phase2/results/predictions/full/electrode/tcn/seed_202/bandpass_n20001_cRA_LA_V1_V6_covariance_s5.npz,76396,1baa5d28c4db9540e505289e708625bb090df516a2ca40e9ceaabd2ae8ce12a5
tcn,electrode,202,bandpass_n20001_cRA_LA_V1_V6_covariance_s0,phase2/results/predictions/full/electrode/tcn/seed_202/bandpass_n20001_cRA_LA_V1_V6_covariance_s0.npz,76073,7df7601fb5ec2ff859cf64c14d5713b840889dbf523ab2743df4e5cdab187f75
tcn,electrode,202,bandpass_n20001_cRA_V2_V5_independent_rms_s20,phase2/results/predictions/full/electrode/tcn/seed_202/bandpass_n20001_cRA_V2_V5_independent_rms_s20.npz,76530,c98ce7ce5530f0de09152afbc7238f1effed9fcb488e9141703ae87db104a8b8
tcn,electrode,202,bandpass_n20001_cRA_V2_V5_independent_rms_s15,phase2/results/predictions/full/electrode/tcn/seed_202/bandpass_n20001_cRA_V2_V5_independent_rms_s15.npz,76536,419047fec6cb794741ff3cf4188e4e0efb4e4de2e77d52a1abb4c2c375b56d03
tcn,electrode,202,bandpass_n20001_cRA_V2_V5_independent_rms_s10,phase2/results/predictions/full/electrode/tcn/seed_202/bandpass_n20001_cRA_V2_V5_independent_rms_s10.npz,76490,87cde610a4549d42e4d753deba6c08815317f4aa3b089d58a0fa0e19c15f0691
tcn,electrode,202,bandpass_n20001_cRA_V2_V5_independent_rms_s5,phase2/results/predictions/full/electrode/tcn/seed_202/bandpass_n20001_cRA_V2_V5_independent_rms_s5.npz,76467,7653e1521e7bc692d484050a22f3477e39bed775f72a28872fb8fdaf3e8b0097
tcn,electrode,202,bandpass_n20001_cRA_V2_V5_independent_rms_s0,phase2/results/predictions/full/electrode/tcn/seed_202/bandpass_n20001_cRA_V2_V5_independent_rms_s0.npz,76253,780708501e9ca36b157310a771651fc9ee3fe1c74280baf1357e7d5fa6a9edde
tcn,electrode,202,bandpass_n20001_cRA_V2_V5_electrode_s20,phase2/results/predictions/full/electrode/tcn/seed_202/bandpass_n20001_cRA_V2_V5_electrode_s20.npz,76528,2f37e90f95e9b828abd57095d1576fce6c4d7d73753e6670e603e99a33d7ece6
tcn,electrode,202,bandpass_n20001_cRA_V2_V5_electrode_s15,phase2/results/predictions/full/electrode/tcn/seed_202/bandpass_n20001_cRA_V2_V5_electrode_s15.npz,76537,a17e9b6154ce10f182b8314e75e004bf8f784417f88318456c416ad4a14f9a34
tcn,electrode,202,bandpass_n20001_cRA_V2_V5_electrode_s10,phase2/results/predictions/full/electrode/tcn/seed_202/bandpass_n20001_cRA_V2_V5_electrode_s10.npz,76513,5324ed48f5e65111dce1144611c5479bf67f24d98a32c50ae5aa730b5b03f1fd
tcn,electrode,202,bandpass_n20001_cRA_V2_V5_electrode_s5,phase2/results/predictions/full/electrode/tcn/seed_202/bandpass_n20001_cRA_V2_V5_electrode_s5.npz,76374,f2d2ec5f463741a2ee088def1da73762c7f2a6c6f0f1dc66348fcf8c3c556093
tcn,electrode,202,bandpass_n20001_cRA_V2_V5_electrode_s0,phase2/results/predictions/full/electrode/tcn/seed_202/bandpass_n20001_cRA_V2_V5_electrode_s0.npz,76155,8d642ec5634ed58f8cd40e5a7b219d72358f7e5f94ee1698b49860ac51c9025e
tcn,electrode,202,bandpass_n20001_cRA_V2_V5_covariance_s20,phase2/results/predictions/full/electrode/tcn/seed_202/bandpass_n20001_cRA_V2_V5_covariance_s20.npz,76511,350fe607453d3a0f6b60519bd45107ef7c0c50ff0d9ea025c2f9b2f9cc665a0e
tcn,electrode,202,bandpass_n20001_cRA_V2_V5_covariance_s15,phase2/results/predictions/full/electrode/tcn/seed_202/bandpass_n20001_cRA_V2_V5_covariance_s15.npz,76515,864b58d3c2379db4d9546b482d7a21cb8fe1eed0301519ba6903c2a635c5010e
tcn,electrode,202,bandpass_n20001_cRA_V2_V5_covariance_s10,phase2/results/predictions/full/electrode/tcn/seed_202/bandpass_n20001_cRA_V2_V5_covariance_s10.npz,76534,045bf020f6ee15bdf2c7c27cad498d80f6b2b6242c165f3705a5eb1c0348191b
tcn,electrode,202,bandpass_n20001_cRA_V2_V5_covariance_s5,phase2/results/predictions/full/electrode/tcn/seed_202/bandpass_n20001_cRA_V2_V5_covariance_s5.npz,76393,8303e84d4ad4da85104aebfa965b14a3bef0ce9f343facbc5eb7fd3884ff4b82
tcn,electrode,202,bandpass_n20001_cRA_V2_V5_covariance_s0,phase2/results/predictions/full/electrode/tcn/seed_202/bandpass_n20001_cRA_V2_V5_covariance_s0.npz,76148,3b8c7e2a1730ceba48327c2e577a8c97990b15f732d9c976abcd2a71e2f73840
tcn,electrode,202,bandpass_n20001_cLA_V3_V6_independent_rms_s20,phase2/results/predictions/full/electrode/tcn/seed_202/bandpass_n20001_cLA_V3_V6_independent_rms_s20.npz,76553,97822ce2a590b892fe741a2ea703371d85a3cf8574a11c6ff874d2b1ffb62358
tcn,electrode,202,bandpass_n20001_cLA_V3_V6_independent_rms_s15,phase2/results/predictions/full/electrode/tcn/seed_202/bandpass_n20001_cLA_V3_V6_independent_rms_s15.npz,76553,a2f3923e921f3a56875a2687ea7c82d354caa14afc0d1ebc08c4048f315e392e
tcn,electrode,202,bandpass_n20001_cLA_V3_V6_independent_rms_s10,phase2/results/predictions/full/electrode/tcn/seed_202/bandpass_n20001_cLA_V3_V6_independent_rms_s10.npz,76542,43e557c26d69ae2b855c5f5c8bd3ad01040eb6b1c80d4f397fc91bc5757bacd7
tcn,electrode,202,bandpass_n20001_cLA_V3_V6_independent_rms_s5,phase2/results/predictions/full/electrode/tcn/seed_202/bandpass_n20001_cLA_V3_V6_independent_rms_s5.npz,76505,318e9ce1e67fe68190fd92482c7c1ad8d460dcea44dbf0d7aa108421f73c344c
tcn,electrode,202,bandpass_n20001_cLA_V3_V6_independent_rms_s0,phase2/results/predictions/full/electrode/tcn/seed_202/bandpass_n20001_cLA_V3_V6_independent_rms_s0.npz,76260,766838e1e0f329513409950d95a865c02057e7b1e544564696811fc4f8c1cd60
tcn,electrode,202,bandpass_n20001_cLA_V3_V6_electrode_s20,phase2/results/predictions/full/electrode/tcn/seed_202/bandpass_n20001_cLA_V3_V6_electrode_s20.npz,76501,d8a4b8a16b0b66633e318685f99c5525aa736e38f6741f0da148e508b0649cd0
tcn,electrode,202,bandpass_n20001_cLA_V3_V6_electrode_s15,phase2/results/predictions/full/electrode/tcn/seed_202/bandpass_n20001_cLA_V3_V6_electrode_s15.npz,76488,4fa242a8712197617f26b9fe6017ff68bac49c2b7ae2c54dafb3e737da336916
tcn,electrode,202,bandpass_n20001_cLA_V3_V6_electrode_s10,phase2/results/predictions/full/electrode/tcn/seed_202/bandpass_n20001_cLA_V3_V6_electrode_s10.npz,76529,fef9f3c1fdb0ac3917381de8c1d3265b5708d697fb0cc7425e24c1af69b852ab
tcn,electrode,202,bandpass_n20001_cLA_V3_V6_electrode_s5,phase2/results/predictions/full/electrode/tcn/seed_202/bandpass_n20001_cLA_V3_V6_electrode_s5.npz,76409,af703df8ffbfe614dc244a9efa0fbd1d0d9879ced481d57a5b58652a94b7ba5a
tcn,electrode,202,bandpass_n20001_cLA_V3_V6_electrode_s0,phase2/results/predictions/full/electrode/tcn/seed_202/bandpass_n20001_cLA_V3_V6_electrode_s0.npz,76059,9569b1320fe75c4384fc807edd03a1fafdb96cd77cae10234cdfc3b9623e1157
tcn,electrode,202,bandpass_n20001_cLA_V3_V6_covariance_s20,phase2/results/predictions/full/electrode/tcn/seed_202/bandpass_n20001_cLA_V3_V6_covariance_s20.npz,76498,5b12db866624d526d8f8ba02aff26a341c0a323748aa3d81f6e4fe672d5c7699
tcn,electrode,202,bandpass_n20001_cLA_V3_V6_covariance_s15,phase2/results/predictions/full/electrode/tcn/seed_202/bandpass_n20001_cLA_V3_V6_covariance_s15.npz,76519,6f35eaa7d1f36d95e4d67c467a6ad7330b4f03fb2be49e9d41fb5f1adb91355e
tcn,electrode,202,bandpass_n20001_cLA_V3_V6_covariance_s10,phase2/results/predictions/full/electrode/tcn/seed_202/bandpass_n20001_cLA_V3_V6_covariance_s10.npz,76501,4097a824d55ee7127697ffcaea92b04962d1376314ca90467b5e6a0ed29dcbc0
tcn,electrode,202,bandpass_n20001_cLA_V3_V6_covariance_s5,phase2/results/predictions/full/electrode/tcn/seed_202/bandpass_n20001_cLA_V3_V6_covariance_s5.npz,76400,7055f9b5d3b5b280376494eb5326d1b62146ec9476eb7381fac7812c7cd98c86
tcn,electrode,202,bandpass_n20001_cLA_V3_V6_covariance_s0,phase2/results/predictions/full/electrode/tcn/seed_202/bandpass_n20001_cLA_V3_V6_covariance_s0.npz,76077,76fc5587b0c63c6767a5a101f35ff97793aae36fac7d0378b7eccdd7acdfaa1a
tcn,electrode,202,bandpass_n20001_cLL_V1_V4_independent_rms_s20,phase2/results/predictions/full/electrode/tcn/seed_202/bandpass_n20001_cLL_V1_V4_independent_rms_s20.npz,76518,7f53e9ed3963e2e5f3b5edd1aefa00f40c0a31e8bafa6740ea796f8d7a14f34a
tcn,electrode,202,bandpass_n20001_cLL_V1_V4_independent_rms_s15,phase2/results/predictions/full/electrode/tcn/seed_202/bandpass_n20001_cLL_V1_V4_independent_rms_s15.npz,76544,41e0ce70bb7a2816457b80e190376939cad86cb01d3309e0835ef795f6767e1e
tcn,electrode,202,bandpass_n20001_cLL_V1_V4_independent_rms_s10,phase2/results/predictions/full/electrode/tcn/seed_202/bandpass_n20001_cLL_V1_V4_independent_rms_s10.npz,76486,aebd92cb6203195f0a83b213aaf979086627e739268232c9ab2876ff77b01f6d
tcn,electrode,202,bandpass_n20001_cLL_V1_V4_independent_rms_s5,phase2/results/predictions/full/electrode/tcn/seed_202/bandpass_n20001_cLL_V1_V4_independent_rms_s5.npz,76429,be2bec4f5155479cdfd9e1398038b68c81c76b041cf6c1bcc89f801d3872b750
tcn,electrode,202,bandpass_n20001_cLL_V1_V4_independent_rms_s0,phase2/results/predictions/full/electrode/tcn/seed_202/bandpass_n20001_cLL_V1_V4_independent_rms_s0.npz,76190,960f7b9d60e423bed5b3fdfe067ecfb52157ac2311bee275ca04fec777a2b201
tcn,electrode,202,bandpass_n20001_cLL_V1_V4_electrode_s20,phase2/results/predictions/full/electrode/tcn/seed_202/bandpass_n20001_cLL_V1_V4_electrode_s20.npz,76481,1da927416288956530539e4178ad905366e55600f28f5ec1380eccd3c0c126b6
tcn,electrode,202,bandpass_n20001_cLL_V1_V4_electrode_s15,phase2/results/predictions/full/electrode/tcn/seed_202/bandpass_n20001_cLL_V1_V4_electrode_s15.npz,76536,c948d8c114f350f43ecca38301b9b9ce07a19c81194077e4b84a501c942557bb
tcn,electrode,202,bandpass_n20001_cLL_V1_V4_electrode_s10,phase2/results/predictions/full/electrode/tcn/seed_202/bandpass_n20001_cLL_V1_V4_electrode_s10.npz,76475,ba431b93493f4a845ec73207b68b50ced9e7c55cdf430307c6756430d8c00ed7
tcn,electrode,202,bandpass_n20001_cLL_V1_V4_electrode_s5,phase2/results/predictions/full/electrode/tcn/seed_202/bandpass_n20001_cLL_V1_V4_electrode_s5.npz,76321,2e39df71becae094566854e21e0d9e1612540a1cd0697e86dd77f4a316309642
tcn,electrode,202,bandpass_n20001_cLL_V1_V4_electrode_s0,phase2/results/predictions/full/electrode/tcn/seed_202/bandpass_n20001_cLL_V1_V4_electrode_s0.npz,76025,ee85d3e43848e2c8ac0e719bd98a081081cf047cbc52ef5a5f57b938b83845cc
tcn,electrode,202,bandpass_n20001_cLL_V1_V4_covariance_s20,phase2/results/predictions/full/electrode/tcn/seed_202/bandpass_n20001_cLL_V1_V4_covariance_s20.npz,76519,01854e93de8b994704956d4c16a7990a8bda12de9daa398c246f21364919558c
tcn,electrode,202,bandpass_n20001_cLL_V1_V4_covariance_s15,phase2/results/predictions/full/electrode/tcn/seed_202/bandpass_n20001_cLL_V1_V4_covariance_s15.npz,76559,b0a30388d3755b7790ddf310e196967429c0b5af434df90f39ab23327272aa8d
tcn,electrode,202,bandpass_n20001_cLL_V1_V4_covariance_s10,phase2/results/predictions/full/electrode/tcn/seed_202/bandpass_n20001_cLL_V1_V4_covariance_s10.npz,76506,b6e216f5f211bb623587802c636d9ed7a2812d570b86699b0f58324119b396a3
tcn,electrode,202,bandpass_n20001_cLL_V1_V4_covariance_s5,phase2/results/predictions/full/electrode/tcn/seed_202/bandpass_n20001_cLL_V1_V4_covariance_s5.npz,76334,6c63ff5d08711090fa7728c71bf2a718b555be726aa70f981421ac229c8da9b9
tcn,electrode,202,bandpass_n20001_cLL_V1_V4_covariance_s0,phase2/results/predictions/full/electrode/tcn/seed_202/bandpass_n20001_cLL_V1_V4_covariance_s0.npz,75981,c308029641602be131e1e4b6ec13a630d59e94cae48e17e6274a561c3860c0f0
tcn,electrode,202,bandpass_n20001_call_independent_rms_s20,phase2/results/predictions/full/electrode/tcn/seed_202/bandpass_n20001_call_independent_rms_s20.npz,76492,bb992a65f2df12b73e25d4c1f7cbdc68abf48fb9f84c8621eb6d30cfda7e7817
tcn,electrode,202,bandpass_n20001_call_independent_rms_s15,phase2/results/predictions/full/electrode/tcn/seed_202/bandpass_n20001_call_independent_rms_s15.npz,76512,2356f11b88bcd8b74199110f288f0c17307e71993cd58a23418c097dbd29476e
tcn,electrode,202,bandpass_n20001_call_independent_rms_s10,phase2/results/predictions/full/electrode/tcn/seed_202/bandpass_n20001_call_independent_rms_s10.npz,76489,4d2b6c4dd0caef064ffdbe42b865fa3d79ec0bc22bfa49c53140fc5d612901c1
tcn,electrode,202,bandpass_n20001_call_independent_rms_s5,phase2/results/predictions/full/electrode/tcn/seed_202/bandpass_n20001_call_independent_rms_s5.npz,76439,364e032881bedce1668486e803e66d23dfba6b04bcb1fd054a636a5264ce8b42
tcn,electrode,202,bandpass_n20001_call_independent_rms_s0,phase2/results/predictions/full/electrode/tcn/seed_202/bandpass_n20001_call_independent_rms_s0.npz,76217,9d341c6ab53429fcc6e0113d322e6004b237c2edf9806fb7013778b998f732ff
tcn,electrode,202,bandpass_n20001_call_electrode_s20,phase2/results/predictions/full/electrode/tcn/seed_202/bandpass_n20001_call_electrode_s20.npz,76475,7e1a350a8df362ec5136d8c048fd24d4374ae98b9bf6ca86269e88f60f1662d6
tcn,electrode,202,bandpass_n20001_call_electrode_s15,phase2/results/predictions/full/electrode/tcn/seed_202/bandpass_n20001_call_electrode_s15.npz,76471,b8325ffcc4454f7943d3c7ac386b5f8fc0aac25a4c7ef4c12c3fd52ce3f6edaa
tcn,electrode,202,bandpass_n20001_call_electrode_s10,phase2/results/predictions/full/electrode/tcn/seed_202/bandpass_n20001_call_electrode_s10.npz,76480,5d6f79d4fdb7164b967a801fbeef83e077f5534400a33c58a9fc9cf9926386bb
tcn,electrode,202,bandpass_n20001_call_electrode_s5,phase2/results/predictions/full/electrode/tcn/seed_202/bandpass_n20001_call_electrode_s5.npz,76340,9b06a96f7283a61f74461d891a4b177254fff2be4dcc7b0038b281d1a0f9347e
tcn,electrode,202,bandpass_n20001_call_electrode_s0,phase2/results/predictions/full/electrode/tcn/seed_202/bandpass_n20001_call_electrode_s0.npz,76029,1803a14ead5414b6796c4169258b6b4dd52a95f391eab943041dc595ad5f34c8
tcn,electrode,202,bandpass_n20001_call_covariance_s20,phase2/results/predictions/full/electrode/tcn/seed_202/bandpass_n20001_call_covariance_s20.npz,76495,9f0f40b5bf2e5fac1dbdd1182ed94d54ab915999de1bc3d04a5701bd1016005a
tcn,electrode,202,bandpass_n20001_call_covariance_s15,phase2/results/predictions/full/electrode/tcn/seed_202/bandpass_n20001_call_covariance_s15.npz,76482,91aa5217b3c4703ca534bc37916c5d3c4c9d731b0df8062bcc5325d5e9e1a3d5
tcn,electrode,202,bandpass_n20001_call_covariance_s10,phase2/results/predictions/full/electrode/tcn/seed_202/bandpass_n20001_call_covariance_s10.npz,76495,f5e056326cb91a76f459d8ad61dd9c795d590c8cc6b9989933b47eb92213bb7e
tcn,electrode,202,bandpass_n20001_call_covariance_s5,phase2/results/predictions/full/electrode/tcn/seed_202/bandpass_n20001_call_covariance_s5.npz,76370,3682486cf519a4a928a472cb72471292ec7ddace394bfb01c0c26f9741c3a5a5
tcn,electrode,202,bandpass_n20001_call_covariance_s0,phase2/results/predictions/full/electrode/tcn/seed_202/bandpass_n20001_call_covariance_s0.npz,76052,147301da90b2e1f1b098eb10fe53a5aeb78e099049f2183eb1b9a0718e176cfd
tcn,electrode,202,bandpass_n20002_cRA_LA_LL_independent_rms_s20,phase2/results/predictions/full/electrode/tcn/seed_202/bandpass_n20002_cRA_LA_LL_independent_rms_s20.npz,76528,2319ced4e4506a9c121a29f28a4bf42a2948a2f57cff0e294583f46dc0cd1cd6
tcn,electrode,202,bandpass_n20002_cRA_LA_LL_independent_rms_s15,phase2/results/predictions/full/electrode/tcn/seed_202/bandpass_n20002_cRA_LA_LL_independent_rms_s15.npz,76519,edbc4daa826ea0b8cc3e65129b8f95c3910bcf2338196e704c40e848c11bd11c
tcn,electrode,202,bandpass_n20002_cRA_LA_LL_independent_rms_s10,phase2/results/predictions/full/electrode/tcn/seed_202/bandpass_n20002_cRA_LA_LL_independent_rms_s10.npz,76498,96a271d180a5f4ec167f7bb6e9628aa61b06c849321209272f0dcaaf24fb68d7
tcn,electrode,202,bandpass_n20002_cRA_LA_LL_independent_rms_s5,phase2/results/predictions/full/electrode/tcn/seed_202/bandpass_n20002_cRA_LA_LL_independent_rms_s5.npz,76463,c3813871404323201741f8ea3fe2140ac7413f1b4fa49568c3b3d5a2084898e0
tcn,electrode,202,bandpass_n20002_cRA_LA_LL_independent_rms_s0,phase2/results/predictions/full/electrode/tcn/seed_202/bandpass_n20002_cRA_LA_LL_independent_rms_s0.npz,76246,d5aa900e0b92b15f6084158ec70d058cf34b93f1075231ef3f8c80948e8ca8b5
tcn,electrode,202,bandpass_n20002_cRA_LA_LL_electrode_s20,phase2/results/predictions/full/electrode/tcn/seed_202/bandpass_n20002_cRA_LA_LL_electrode_s20.npz,76521,63da87cea53e4aedc9a3447535d867a1bb6ba06cc44aef755fddf7a8349f2d60
tcn,electrode,202,bandpass_n20002_cRA_LA_LL_electrode_s15,phase2/results/predictions/full/electrode/tcn/seed_202/bandpass_n20002_cRA_LA_LL_electrode_s15.npz,76508,69872961d35f5a3fb56f8a5921517febfd1c132db9a76fb72bbb62364fec31ff
tcn,electrode,202,bandpass_n20002_cRA_LA_LL_electrode_s10,phase2/results/predictions/full/electrode/tcn/seed_202/bandpass_n20002_cRA_LA_LL_electrode_s10.npz,76472,daf8a84edfb50ad1e81474de59e5fcae71459a0571f93d963bfe6035aeedaa11
tcn,electrode,202,bandpass_n20002_cRA_LA_LL_electrode_s5,phase2/results/predictions/full/electrode/tcn/seed_202/bandpass_n20002_cRA_LA_LL_electrode_s5.npz,76294,8d96ca8c819bc23641325efde030b3e8496615295542275193e0a50044faf5a9
tcn,electrode,202,bandpass_n20002_cRA_LA_LL_electrode_s0,phase2/results/predictions/full/electrode/tcn/seed_202/bandpass_n20002_cRA_LA_LL_electrode_s0.npz,76010,d70e7f30f79f930b1e7d6bc7f5fcf92b7613fb3163ff47c8e9c58e74533f2b60
tcn,electrode,202,bandpass_n20002_cRA_LA_LL_covariance_s20,phase2/results/predictions/full/electrode/tcn/seed_202/bandpass_n20002_cRA_LA_LL_covariance_s20.npz,76491,3606ed93d8b86e4a80a169e4b43901618de39c516d706c1f5056db2912c79eb3
tcn,electrode,202,bandpass_n20002_cRA_LA_LL_covariance_s15,phase2/results/predictions/full/electrode/tcn/seed_202/bandpass_n20002_cRA_LA_LL_covariance_s15.npz,76494,895a564985aba7632b94b63438fb7f6e6920ea760f5be11db5c37e22b65d76cd
tcn,electrode,202,bandpass_n20002_cRA_LA_LL_covariance_s10,phase2/results/predictions/full/electrode/tcn/seed_202/bandpass_n20002_cRA_LA_LL_covariance_s10.npz,76505,5a8f003805bcfa387ca5c926a8809b6c229370d6c3cbf27f93ea3969c1a1debe
tcn,electrode,202,bandpass_n20002_cRA_LA_LL_covariance_s5,phase2/results/predictions/full/electrode/tcn/seed_202/bandpass_n20002_cRA_LA_LL_covariance_s5.npz,76372,f04e901814c9c9bf025fc2a9fd71c79aa6d9b6a8d85d4ca4a305741857484d99
tcn,electrode,202,bandpass_n20002_cRA_LA_LL_covariance_s0,phase2/results/predictions/full/electrode/tcn/seed_202/bandpass_n20002_cRA_LA_LL_covariance_s0.npz,75986,d77f95570b266f92c51336ad4067f9d922acc47e2f6762f3990fc0b76e245268
tcn,electrode,202,bandpass_n20002_cV1_independent_rms_s20,phase2/results/predictions/full/electrode/tcn/seed_202/bandpass_n20002_cV1_independent_rms_s20.npz,76490,05a4197a58272785ebdddf15071ae2d6f3487b892f6e3720bd3367b1fb764746
tcn,electrode,202,bandpass_n20002_cV1_independent_rms_s15,phase2/results/predictions/full/electrode/tcn/seed_202/bandpass_n20002_cV1_independent_rms_s15.npz,76534,55ea5658038b4fd6b336186640c8f4f5b8cc21d4c529ac6670e5a8cf937cca83
tcn,electrode,202,bandpass_n20002_cV1_independent_rms_s10,phase2/results/predictions/full/electrode/tcn/seed_202/bandpass_n20002_cV1_independent_rms_s10.npz,76487,7145cc478033e14e6e49f1b0556c9692d6de7518e2364ed79ea5e79c6ab4e842
tcn,electrode,202,bandpass_n20002_cV1_independent_rms_s5,phase2/results/predictions/full/electrode/tcn/seed_202/bandpass_n20002_cV1_independent_rms_s5.npz,76359,965453bc1339acbf3ad58d28807c82c4da15fc5abc573b77cf80e350e839a2d4
tcn,electrode,202,bandpass_n20002_cV1_independent_rms_s0,phase2/results/predictions/full/electrode/tcn/seed_202/bandpass_n20002_cV1_independent_rms_s0.npz,76017,7bbc2e1f94f451ad0a39fcb7f3cc72d22ad595d3874dc290891d20daa1c0c008
tcn,electrode,202,bandpass_n20002_cV1_electrode_s20,phase2/results/predictions/full/electrode/tcn/seed_202/bandpass_n20002_cV1_electrode_s20.npz,76505,cc988637bf3f7f9bfa812b3bf56afc01874a261584aafdc6ea913c34a140df88
tcn,electrode,202,bandpass_n20002_cV1_electrode_s15,phase2/results/predictions/full/electrode/tcn/seed_202/bandpass_n20002_cV1_electrode_s15.npz,76483,0edee8ce79a0d864aa9d9430f4ed7e92be226587328af0895c98a5b4789324c3
tcn,electrode,202,bandpass_n20002_cV1_electrode_s10,phase2/results/predictions/full/electrode/tcn/seed_202/bandpass_n20002_cV1_electrode_s10.npz,76486,4c0ddf75eefd8851ff22208e631cbd6ec86fcb159c95d9706e1278ec99e44ec6
tcn,electrode,202,bandpass_n20002_cV1_electrode_s5,phase2/results/predictions/full/electrode/tcn/seed_202/bandpass_n20002_cV1_electrode_s5.npz,76353,c0f1923b0528a9f58cf0435b788a992db65593fabe1986bc9f94481dd6df471f
tcn,electrode,202,bandpass_n20002_cV1_electrode_s0,phase2/results/predictions/full/electrode/tcn/seed_202/bandpass_n20002_cV1_electrode_s0.npz,76018,2956a092f40216d590d081e10e0813e8a6c2d0f65b9923fb1c73e9299076e029
tcn,electrode,202,bandpass_n20002_cV1_covariance_s20,phase2/results/predictions/full/electrode/tcn/seed_202/bandpass_n20002_cV1_covariance_s20.npz,76493,634024df71e707b47f7425a730727b0f8d8d194b19e136becacfa64989496096
tcn,electrode,202,bandpass_n20002_cV1_covariance_s15,phase2/results/predictions/full/electrode/tcn/seed_202/bandpass_n20002_cV1_covariance_s15.npz,76502,42a6ca5953af8211bd56803493713172345953861c8406f18460996f1b547b82
tcn,electrode,202,bandpass_n20002_cV1_covariance_s10,phase2/results/predictions/full/electrode/tcn/seed_202/bandpass_n20002_cV1_covariance_s10.npz,76503,ad840f5fa79631a617f3a33d55d69dc15fee71c6987d64293efdc72c3929b58e
tcn,electrode,202,bandpass_n20002_cV1_covariance_s5,phase2/results/predictions/full/electrode/tcn/seed_202/bandpass_n20002_cV1_covariance_s5.npz,76376,62c8ae7321b7671b733c909ddce2b76af1fc33c91887920f207c6a044df57c9e
tcn,electrode,202,bandpass_n20002_cV1_covariance_s0,phase2/results/predictions/full/electrode/tcn/seed_202/bandpass_n20002_cV1_covariance_s0.npz,76019,80991c11bd606418169c65968a538c8b56df34aec877687572ba3e14e3e3e6e9
tcn,electrode,202,bandpass_n20002_cV2_independent_rms_s20,phase2/results/predictions/full/electrode/tcn/seed_202/bandpass_n20002_cV2_independent_rms_s20.npz,76503,0d680c5bee4bf3e4d2485c679a011c4d078438cb948eac258418f05c29a3935a
tcn,electrode,202,bandpass_n20002_cV2_independent_rms_s15,phase2/results/predictions/full/electrode/tcn/seed_202/bandpass_n20002_cV2_independent_rms_s15.npz,76500,e06be5292314bc65082de4cbc7368d35a062a363e3ec5fbdd67c747635eacfad
tcn,electrode,202,bandpass_n20002_cV2_independent_rms_s10,phase2/results/predictions/full/electrode/tcn/seed_202/bandpass_n20002_cV2_independent_rms_s10.npz,76485,48b41a21b196bf9cb3a3f701cfa6f722d8cacc45d33f92b9ac9595b2c4f82b09
tcn,electrode,202,bandpass_n20002_cV2_independent_rms_s5,phase2/results/predictions/full/electrode/tcn/seed_202/bandpass_n20002_cV2_independent_rms_s5.npz,76435,b279c17d1e84e622f28ec776b9c48413ace1259f6042ddd0235bed562ad07403
tcn,electrode,202,bandpass_n20002_cV2_independent_rms_s0,phase2/results/predictions/full/electrode/tcn/seed_202/bandpass_n20002_cV2_independent_rms_s0.npz,76245,01fce473283f94d1a36650535f6d613f9d7a028fd0171dd56c928293e7d6929a
tcn,electrode,202,bandpass_n20002_cV2_electrode_s20,phase2/results/predictions/full/electrode/tcn/seed_202/bandpass_n20002_cV2_electrode_s20.npz,76494,a5824e4f9145816980109fac1e9a86a35059606c385dce95f2b12df4f4026c3d
tcn,electrode,202,bandpass_n20002_cV2_electrode_s15,phase2/results/predictions/full/electrode/tcn/seed_202/bandpass_n20002_cV2_electrode_s15.npz,76511,e0915b48c08f8f9aef4b55680e1cc79d515015f05d91702b327ed5cb652c4480
tcn,electrode,202,bandpass_n20002_cV2_electrode_s10,phase2/results/predictions/full/electrode/tcn/seed_202/bandpass_n20002_cV2_electrode_s10.npz,76462,3ceae7894e2cced31b0b8bf3e2782bf96d7f8001088a986f439f445098eb86e7
tcn,electrode,202,bandpass_n20002_cV2_electrode_s5,phase2/results/predictions/full/electrode/tcn/seed_202/bandpass_n20002_cV2_electrode_s5.npz,76414,cb7f710b17841c09a2e16d9d3dd5dd7cd244a6c379d97c111a336448b267a985
tcn,electrode,202,bandpass_n20002_cV2_electrode_s0,phase2/results/predictions/full/electrode/tcn/seed_202/bandpass_n20002_cV2_electrode_s0.npz,76259,2f5cbe0c8b3afe2659697036f1bee7876346cbb3df9bd7a672c4ccc5158100d9
tcn,electrode,202,bandpass_n20002_cV2_covariance_s20,phase2/results/predictions/full/electrode/tcn/seed_202/bandpass_n20002_cV2_covariance_s20.npz,76471,f071e9e3fdd204f2279e836a37a6b79d887740f194427ae0fe93e26e92ede5ba
tcn,electrode,202,bandpass_n20002_cV2_covariance_s15,phase2/results/predictions/full/electrode/tcn/seed_202/bandpass_n20002_cV2_covariance_s15.npz,76487,49782548dca8d7461d9974ef43d6c3bfb2ebc205644a9322e353629c70cac59f
tcn,electrode,202,bandpass_n20002_cV2_covariance_s10,phase2/results/predictions/full/electrode/tcn/seed_202/bandpass_n20002_cV2_covariance_s10.npz,76503,f0446ff547380300b9298bcaf805157c6487ba919c123d4a27c5bfb62dd270a2
tcn,electrode,202,bandpass_n20002_cV2_covariance_s5,phase2/results/predictions/full/electrode/tcn/seed_202/bandpass_n20002_cV2_covariance_s5.npz,76406,dc7e64fd9f5b8e623b3cadd89bb001019972ab923bd54461698179533c23e00e
tcn,electrode,202,bandpass_n20002_cV2_covariance_s0,phase2/results/predictions/full/electrode/tcn/seed_202/bandpass_n20002_cV2_covariance_s0.npz,76247,fbb3a3881d15c87572958d59f7fa46b555e80fe17902c8f920e360849dc8b615
tcn,electrode,202,bandpass_n20002_cV3_independent_rms_s20,phase2/results/predictions/full/electrode/tcn/seed_202/bandpass_n20002_cV3_independent_rms_s20.npz,76471,05a0449009ef081b7faba8ecb675b6519fecbf8ccfec2d06371081767b8b3d4d
tcn,electrode,202,bandpass_n20002_cV3_independent_rms_s15,phase2/results/predictions/full/electrode/tcn/seed_202/bandpass_n20002_cV3_independent_rms_s15.npz,76524,4bfc19485de880c22871e8b931de1a3d25249eedf26baee909a63567f6a4e38b
tcn,electrode,202,bandpass_n20002_cV3_independent_rms_s10,phase2/results/predictions/full/electrode/tcn/seed_202/bandpass_n20002_cV3_independent_rms_s10.npz,76504,df1a193df9181df4577d0392d8921d8108003b92c1a0f7426a970f59969647c5
tcn,electrode,202,bandpass_n20002_cV3_independent_rms_s5,phase2/results/predictions/full/electrode/tcn/seed_202/bandpass_n20002_cV3_independent_rms_s5.npz,76493,ff1deeeb405aa92cd9c3c1d57178a731594f046cbd4d8e1654fbfca4338c1058
tcn,electrode,202,bandpass_n20002_cV3_independent_rms_s0,phase2/results/predictions/full/electrode/tcn/seed_202/bandpass_n20002_cV3_independent_rms_s0.npz,76348,8d1a19df2d864a61fa23b6d63fefc6a80e2873abe13c7616ad0b350c070f08a0
tcn,electrode,202,bandpass_n20002_cV3_electrode_s20,phase2/results/predictions/full/electrode/tcn/seed_202/bandpass_n20002_cV3_electrode_s20.npz,76467,88c4882d6ab5e3bb9b19fd9494a8bc8472eeaf6658abc89c6eaf3362a08a14c4
tcn,electrode,202,bandpass_n20002_cV3_electrode_s15,phase2/results/predictions/full/electrode/tcn/seed_202/bandpass_n20002_cV3_electrode_s15.npz,76525,7632312f9309208004510a8cd1f4933b249a69c52d5141a780d773c792dedae3
tcn,electrode,202,bandpass_n20002_cV3_electrode_s10,phase2/results/predictions/full/electrode/tcn/seed_202/bandpass_n20002_cV3_electrode_s10.npz,76482,1b56def078f5988ff3846466d834244e412501af6ec08c32026ef0fc13569cdd
tcn,electrode,202,bandpass_n20002_cV3_electrode_s5,phase2/results/predictions/full/electrode/tcn/seed_202/bandpass_n20002_cV3_electrode_s5.npz,76456,3a6199df12d0f569e8c1886c18da9a0f11197a2cddb93f16b170cb5ba0be4492
tcn,electrode,202,bandpass_n20002_cV3_electrode_s0,phase2/results/predictions/full/electrode/tcn/seed_202/bandpass_n20002_cV3_electrode_s0.npz,76372,c62bb117078551ead22c4cfecb746f44faf54446adb370b704a40ea9eb129f52
tcn,electrode,202,bandpass_n20002_cV3_covariance_s20,phase2/results/predictions/full/electrode/tcn/seed_202/bandpass_n20002_cV3_covariance_s20.npz,76505,94e3f6452fa2f9470942f35a8f80f2d58d0a766cab044f5748a712c97b558cb5
tcn,electrode,202,bandpass_n20002_cV3_covariance_s15,phase2/results/predictions/full/electrode/tcn/seed_202/bandpass_n20002_cV3_covariance_s15.npz,76516,0eab28b1e55b283055448cb494fe212eaa6893525fe84dde2391d6fdc8559fd4
tcn,electrode,202,bandpass_n20002_cV3_covariance_s10,phase2/results/predictions/full/electrode/tcn/seed_202/bandpass_n20002_cV3_covariance_s10.npz,76519,0ff600deff0753148ed1ad7e2ae5f2d68fb3692d508ff14edc5ee44ef34dd194
tcn,electrode,202,bandpass_n20002_cV3_covariance_s5,phase2/results/predictions/full/electrode/tcn/seed_202/bandpass_n20002_cV3_covariance_s5.npz,76477,43560bf3d97e49289d599a92e4e68244d11e18186b38fdc48afde000efac30bb
tcn,electrode,202,bandpass_n20002_cV3_covariance_s0,phase2/results/predictions/full/electrode/tcn/seed_202/bandpass_n20002_cV3_covariance_s0.npz,76336,c92f7997301b0ec0ab2fd6c4f834c34f909ac7eedb29263bc7a164779dcdde06
tcn,electrode,202,bandpass_n20002_cV4_independent_rms_s20,phase2/results/predictions/full/electrode/tcn/seed_202/bandpass_n20002_cV4_independent_rms_s20.npz,76497,f69e36cd5e845e616f523e05c199fbb92210b7b74105ed9cb233429287a00386
tcn,electrode,202,bandpass_n20002_cV4_independent_rms_s15,phase2/results/predictions/full/electrode/tcn/seed_202/bandpass_n20002_cV4_independent_rms_s15.npz,76497,bf42a0fe15bd478a503cd56618f2f9120550b3e4a1f7f6e1965e8ab337006a8c
tcn,electrode,202,bandpass_n20002_cV4_independent_rms_s10,phase2/results/predictions/full/electrode/tcn/seed_202/bandpass_n20002_cV4_independent_rms_s10.npz,76509,6c21c3c3a1cc3335c91b4f46cba5ce16f1521e160c2b3f0b36043f5205289667
tcn,electrode,202,bandpass_n20002_cV4_independent_rms_s5,phase2/results/predictions/full/electrode/tcn/seed_202/bandpass_n20002_cV4_independent_rms_s5.npz,76493,cf835254ec409a21c9cbef6e39d88f556398d719e7efa31dc5e2780a56a20631
tcn,electrode,202,bandpass_n20002_cV4_independent_rms_s0,phase2/results/predictions/full/electrode/tcn/seed_202/bandpass_n20002_cV4_independent_rms_s0.npz,76294,ac8b2bea3231c4cd01b3cb974c81ee7baec77bffb7e2446861232f341fd1a00d
tcn,electrode,202,bandpass_n20002_cV4_electrode_s20,phase2/results/predictions/full/electrode/tcn/seed_202/bandpass_n20002_cV4_electrode_s20.npz,76494,ba5f61ca37a0e28f1f2eb539338056afdf2358d6c165c418c1dc129d7fee5b24
tcn,electrode,202,bandpass_n20002_cV4_electrode_s15,phase2/results/predictions/full/electrode/tcn/seed_202/bandpass_n20002_cV4_electrode_s15.npz,76491,2ed275086b9bc05df0ef11a858b24d5323a6525f981ec8975bef91d255652ecf
tcn,electrode,202,bandpass_n20002_cV4_electrode_s10,phase2/results/predictions/full/electrode/tcn/seed_202/bandpass_n20002_cV4_electrode_s10.npz,76478,707fee15596d4047746aaeb48da4c24c79b51389afcde48fd177850f195a9f5e
tcn,electrode,202,bandpass_n20002_cV4_electrode_s5,phase2/results/predictions/full/electrode/tcn/seed_202/bandpass_n20002_cV4_electrode_s5.npz,76479,e010de2392481c3cf62250d85a127396112b0961780f8fc8d46979e0119ceaa3
tcn,electrode,202,bandpass_n20002_cV4_electrode_s0,phase2/results/predictions/full/electrode/tcn/seed_202/bandpass_n20002_cV4_electrode_s0.npz,76287,960a1e45c86ec8c4dc5a10b01ebc970dd49610917e15210b70f3e3e29e6b2e2e
tcn,electrode,202,bandpass_n20002_cV4_covariance_s20,phase2/results/predictions/full/electrode/tcn/seed_202/bandpass_n20002_cV4_covariance_s20.npz,76506,44e7cb16e3ec057390eee498ae6674ed1ddeb8e5f883a3d50116640fd1b03331
tcn,electrode,202,bandpass_n20002_cV4_covariance_s15,phase2/results/predictions/full/electrode/tcn/seed_202/bandpass_n20002_cV4_covariance_s15.npz,76519,59f54ddd7d848d5314b872ec08f9c8a04a0a57aa18a4ba46a8aa8064daf480a5
tcn,electrode,202,bandpass_n20002_cV4_covariance_s10,phase2/results/predictions/full/electrode/tcn/seed_202/bandpass_n20002_cV4_covariance_s10.npz,76474,035e192b7335e749e80a338a6b668687bbec532dc9acae0d7ad842e6b9c228dc
tcn,electrode,202,bandpass_n20002_cV4_covariance_s5,phase2/results/predictions/full/electrode/tcn/seed_202/bandpass_n20002_cV4_covariance_s5.npz,76464,3774dad7d80ab1444ad8f5892e263bac7802b083114fa9708e72edc96af9f8c9
tcn,electrode,202,bandpass_n20002_cV4_covariance_s0,phase2/results/predictions/full/electrode/tcn/seed_202/bandpass_n20002_cV4_covariance_s0.npz,76225,084d063a1f4720a25d30d8e38dfdc87c7a2d57c7fbc6e1d50c0118a2837b085c
tcn,electrode,202,bandpass_n20002_cV5_independent_rms_s20,phase2/results/predictions/full/electrode/tcn/seed_202/bandpass_n20002_cV5_independent_rms_s20.npz,76497,bfea1f0701a436995862582211b5ecc14adb49b2cf927739cd4f97218b3dface
tcn,electrode,202,bandpass_n20002_cV5_independent_rms_s15,phase2/results/predictions/full/electrode/tcn/seed_202/bandpass_n20002_cV5_independent_rms_s15.npz,76475,9f484e01cd4b5783c1c2a809835e625b980cc8524e023d9696ab5d01f503e499
tcn,electrode,202,bandpass_n20002_cV5_independent_rms_s10,phase2/results/predictions/full/electrode/tcn/seed_202/bandpass_n20002_cV5_independent_rms_s10.npz,76498,2710bea0fc746de8f7a54de841373d04ea3f9f1829585dc08516479fb7555f01
tcn,electrode,202,bandpass_n20002_cV5_independent_rms_s5,phase2/results/predictions/full/electrode/tcn/seed_202/bandpass_n20002_cV5_independent_rms_s5.npz,76459,9b3ec0de42f6ef64ff7fdcab39c5f0be7caef70894a6b86ad664611d5d5083b9
tcn,electrode,202,bandpass_n20002_cV5_independent_rms_s0,phase2/results/predictions/full/electrode/tcn/seed_202/bandpass_n20002_cV5_independent_rms_s0.npz,76186,61078fa9e86b49af2e5338b5162e619065523063d216d0409d6a69e61aad7a66
tcn,electrode,202,bandpass_n20002_cV5_electrode_s20,phase2/results/predictions/full/electrode/tcn/seed_202/bandpass_n20002_cV5_electrode_s20.npz,76495,fed4c31c3ad9646e3aefc2616744b3e6041e50c96cb672d830928f6a8c810104
tcn,electrode,202,bandpass_n20002_cV5_electrode_s15,phase2/results/predictions/full/electrode/tcn/seed_202/bandpass_n20002_cV5_electrode_s15.npz,76525,6a3ba4fefd8d1e5238b555bf500c99ee86f62f5b8349530e7d1183a213170847
tcn,electrode,202,bandpass_n20002_cV5_electrode_s10,phase2/results/predictions/full/electrode/tcn/seed_202/bandpass_n20002_cV5_electrode_s10.npz,76483,ac6d509c7eba11f252512318b6ad320b2e2976aa928722403c48176bbc292431
tcn,electrode,202,bandpass_n20002_cV5_electrode_s5,phase2/results/predictions/full/electrode/tcn/seed_202/bandpass_n20002_cV5_electrode_s5.npz,76411,5b19f31707c88dc7d6af140c7e4f1d7c6e8cf28aa7a6f25ff254d1165bf49fa5
tcn,electrode,202,bandpass_n20002_cV5_electrode_s0,phase2/results/predictions/full/electrode/tcn/seed_202/bandpass_n20002_cV5_electrode_s0.npz,76222,86e199bdebbba459bee843dbf4463842d86b275b656c7566c6be9cf6453d9df7
tcn,electrode,202,bandpass_n20002_cV5_covariance_s20,phase2/results/predictions/full/electrode/tcn/seed_202/bandpass_n20002_cV5_covariance_s20.npz,76461,cec921389148f664040f7280ab2c597fc2ce23f742f60304dfb1b68ef5f71bc8
tcn,electrode,202,bandpass_n20002_cV5_covariance_s15,phase2/results/predictions/full/electrode/tcn/seed_202/bandpass_n20002_cV5_covariance_s15.npz,76479,9596d7c4ecc175b529893f4fb71ec4d79d4b0574c40397cd73a6c4a31a4c4c8a
tcn,electrode,202,bandpass_n20002_cV5_covariance_s10,phase2/results/predictions/full/electrode/tcn/seed_202/bandpass_n20002_cV5_covariance_s10.npz,76493,3070ab8277c436409b411395461a7c87fbe47c8b7b08cf05fb36ff4bed2aed7c
tcn,electrode,202,bandpass_n20002_cV5_covariance_s5,phase2/results/predictions/full/electrode/tcn/seed_202/bandpass_n20002_cV5_covariance_s5.npz,76417,08f8e502a569d497734fa586b9ef9f65190ab4017a8894575d6ab75db784dc40
tcn,electrode,202,bandpass_n20002_cV5_covariance_s0,phase2/results/predictions/full/electrode/tcn/seed_202/bandpass_n20002_cV5_covariance_s0.npz,76166,8f5e9190f5fa045c0f344cd0936f4b4f85c7404b1a2438f00458af1d3ae6b03a
tcn,electrode,202,bandpass_n20002_cV6_independent_rms_s20,phase2/results/predictions/full/electrode/tcn/seed_202/bandpass_n20002_cV6_independent_rms_s20.npz,76523,2245210216739c6cc802f5ce3b1ab7f3104cdbeb40e401c6c465726a550bef5c
tcn,electrode,202,bandpass_n20002_cV6_independent_rms_s15,phase2/results/predictions/full/electrode/tcn/seed_202/bandpass_n20002_cV6_independent_rms_s15.npz,76528,c28a355d6fb8042991ec35b4efdc4542c6b0bfeacf51e909fcd92ea3d36cb322
tcn,electrode,202,bandpass_n20002_cV6_independent_rms_s10,phase2/results/predictions/full/electrode/tcn/seed_202/bandpass_n20002_cV6_independent_rms_s10.npz,76510,7bcc35526339044b42d455bfbd2d09f4198cfa317c289b9065272d4ead91caaf
tcn,electrode,202,bandpass_n20002_cV6_independent_rms_s5,phase2/results/predictions/full/electrode/tcn/seed_202/bandpass_n20002_cV6_independent_rms_s5.npz,76477,34197feb20caaa3d81943749d026b088df31b42a7695738a277acda359d7979e
tcn,electrode,202,bandpass_n20002_cV6_independent_rms_s0,phase2/results/predictions/full/electrode/tcn/seed_202/bandpass_n20002_cV6_independent_rms_s0.npz,76267,a2830d3b69ff131ee5b519c60eded927e384fa7750286e80dbd3acede3a3431f
tcn,electrode,202,bandpass_n20002_cV6_electrode_s20,phase2/results/predictions/full/electrode/tcn/seed_202/bandpass_n20002_cV6_electrode_s20.npz,76489,3f7c85388a96a9db382a822fa9eaf29491b6b3d3316c6edec2676e89b0791c23
tcn,electrode,202,bandpass_n20002_cV6_electrode_s15,phase2/results/predictions/full/electrode/tcn/seed_202/bandpass_n20002_cV6_electrode_s15.npz,76477,efd381cd582d3e5c023f2904c64ef14dfe37b206c696251f8ed78337f79bb632
tcn,electrode,202,bandpass_n20002_cV6_electrode_s10,phase2/results/predictions/full/electrode/tcn/seed_202/bandpass_n20002_cV6_electrode_s10.npz,76487,71d5595d356b1b0be688627e04efb8d54772d9b3e00d7450f53fd190071cf6dc
tcn,electrode,202,bandpass_n20002_cV6_electrode_s5,phase2/results/predictions/full/electrode/tcn/seed_202/bandpass_n20002_cV6_electrode_s5.npz,76483,07b4308e720089998e1793e106593ad7e402e8ff2a2a5c8696b1592628775500
tcn,electrode,202,bandpass_n20002_cV6_electrode_s0,phase2/results/predictions/full/electrode/tcn/seed_202/bandpass_n20002_cV6_electrode_s0.npz,76283,8dc2046e3b741489f4d5f074a42018ac047768a730e9cba481182b8fe7e936e5
tcn,electrode,202,bandpass_n20002_cV6_covariance_s20,phase2/results/predictions/full/electrode/tcn/seed_202/bandpass_n20002_cV6_covariance_s20.npz,76497,75dd7057672bd9ba262764aa0601c87e074f8e12ff193fbfd295d9efe530fdb7
tcn,electrode,202,bandpass_n20002_cV6_covariance_s15,phase2/results/predictions/full/electrode/tcn/seed_202/bandpass_n20002_cV6_covariance_s15.npz,76499,82f659d5027cc48267390e48c94460473524fd036a7125455d4a9f0e0396cb4c
tcn,electrode,202,bandpass_n20002_cV6_covariance_s10,phase2/results/predictions/full/electrode/tcn/seed_202/bandpass_n20002_cV6_covariance_s10.npz,76505,71adeac2f912fa90ed1b37f254311999d125498ce830973ca0cf85f2bb22c3a6
tcn,electrode,202,bandpass_n20002_cV6_covariance_s5,phase2/results/predictions/full/electrode/tcn/seed_202/bandpass_n20002_cV6_covariance_s5.npz,76470,1f7fe62a7464031ea1c703ea915d1f58c1dbf9588b5e701c31a7db86e4d84b89
tcn,electrode,202,bandpass_n20002_cV6_covariance_s0,phase2/results/predictions/full/electrode/tcn/seed_202/bandpass_n20002_cV6_covariance_s0.npz,76282,b4cf03e3604dbf2efeac89718074c84ce809b8e0fcaacfaff165c1108f9fd936
tcn,electrode,202,bandpass_n20002_cRA_LA_independent_rms_s20,phase2/results/predictions/full/electrode/tcn/seed_202/bandpass_n20002_cRA_LA_independent_rms_s20.npz,76500,c5aede38829009a222b732ed895b4187185631a409a2eb4df3b8739c9d5997ed
tcn,electrode,202,bandpass_n20002_cRA_LA_independent_rms_s15,phase2/results/predictions/full/electrode/tcn/seed_202/bandpass_n20002_cRA_LA_independent_rms_s15.npz,76499,e53f2c9a97f80e73e8e89395fafb1435170714385427d1bc64360814f7d383c8
tcn,electrode,202,bandpass_n20002_cRA_LA_independent_rms_s10,phase2/results/predictions/full/electrode/tcn/seed_202/bandpass_n20002_cRA_LA_independent_rms_s10.npz,76521,72207feadab0a26d005b758df294c0e70d3b1a66f66cff4d42624d24a7f8ebfb
tcn,electrode,202,bandpass_n20002_cRA_LA_independent_rms_s5,phase2/results/predictions/full/electrode/tcn/seed_202/bandpass_n20002_cRA_LA_independent_rms_s5.npz,76439,e8847c92d408bc813851eb6287bfd1f475ec84eebe95162a08dd01104fa336ad
tcn,electrode,202,bandpass_n20002_cRA_LA_independent_rms_s0,phase2/results/predictions/full/electrode/tcn/seed_202/bandpass_n20002_cRA_LA_independent_rms_s0.npz,76242,81a15769973904dcd9c471992b011afd26f33af39d4c22f5badeabd27b9c1163
tcn,electrode,202,bandpass_n20002_cRA_LA_electrode_s20,phase2/results/predictions/full/electrode/tcn/seed_202/bandpass_n20002_cRA_LA_electrode_s20.npz,76507,29335f6bfa7b9c39d005596f12312b2a7399ee66bc76a433b63ba5ee8decefa3
tcn,electrode,202,bandpass_n20002_cRA_LA_electrode_s15,phase2/results/predictions/full/electrode/tcn/seed_202/bandpass_n20002_cRA_LA_electrode_s15.npz,76482,426b6c504a049a301436a506485b23fe702d54ac7a896a4bdf4e8297dd4acf14
tcn,electrode,202,bandpass_n20002_cRA_LA_electrode_s10,phase2/results/predictions/full/electrode/tcn/seed_202/bandpass_n20002_cRA_LA_electrode_s10.npz,76504,535beb2c67f2f8d35f1268058616f85bea9f8d99489a026d450587a996ac05f4
tcn,electrode,202,bandpass_n20002_cRA_LA_electrode_s5,phase2/results/predictions/full/electrode/tcn/seed_202/bandpass_n20002_cRA_LA_electrode_s5.npz,76334,629b647aa20d9d0a0f064618b27ff7d5e10db1587e667c9ebf5244c3901477d1
tcn,electrode,202,bandpass_n20002_cRA_LA_electrode_s0,phase2/results/predictions/full/electrode/tcn/seed_202/bandpass_n20002_cRA_LA_electrode_s0.npz,76053,f66def930a9f732d121fc5bfe4b80b0f97e2d5130a0f97ccc169317448e7fad6
tcn,electrode,202,bandpass_n20002_cRA_LA_covariance_s20,phase2/results/predictions/full/electrode/tcn/seed_202/bandpass_n20002_cRA_LA_covariance_s20.npz,76446,bf8a71308af2ccd67ac2ac1a8940440a9a1b89310992ea6720698c8951b22cda
tcn,electrode,202,bandpass_n20002_cRA_LA_covariance_s15,phase2/results/predictions/full/electrode/tcn/seed_202/bandpass_n20002_cRA_LA_covariance_s15.npz,76498,37e9dc6692bea14d4e3cb161e91ea106a0aa8c0c102e1e0b158d89665d8dcabc
tcn,electrode,202,bandpass_n20002_cRA_LA_covariance_s10,phase2/results/predictions/full/electrode/tcn/seed_202/bandpass_n20002_cRA_LA_covariance_s10.npz,76502,ed7418d22f725c60f9ec6c5d4ebf605cf74dc462b04a8c89926816761d867c84
tcn,electrode,202,bandpass_n20002_cRA_LA_covariance_s5,phase2/results/predictions/full/electrode/tcn/seed_202/bandpass_n20002_cRA_LA_covariance_s5.npz,76362,76c3acb511b85628ab4581661f803a432d52f5db83ba42ffb57a4d197c92541d
tcn,electrode,202,bandpass_n20002_cRA_LA_covariance_s0,phase2/results/predictions/full/electrode/tcn/seed_202/bandpass_n20002_cRA_LA_covariance_s0.npz,76014,9e83348fb4bbdb053904ba6ffcdc8ec9a177a81e307b54c5b4c120d5ecc29fe3
tcn,electrode,202,bandpass_n20002_cLA_LL_independent_rms_s20,phase2/results/predictions/full/electrode/tcn/seed_202/bandpass_n20002_cLA_LL_independent_rms_s20.npz,76499,825fd9a37a68c8b42a6c4d91003adf0281e664c5dd399f9e8d3f721b0a63a3fe
tcn,electrode,202,bandpass_n20002_cLA_LL_independent_rms_s15,phase2/results/predictions/full/electrode/tcn/seed_202/bandpass_n20002_cLA_LL_independent_rms_s15.npz,76520,ddc30a8e42e983837411437676d4e6fd63b28e9a610060698bf3e95304a05985
tcn,electrode,202,bandpass_n20002_cLA_LL_independent_rms_s10,phase2/results/predictions/full/electrode/tcn/seed_202/bandpass_n20002_cLA_LL_independent_rms_s10.npz,76490,02d2a6ac17fc47c66b7b11bf4f243e139e39d19a9e7b9809473ac9cef0e0dce2
tcn,electrode,202,bandpass_n20002_cLA_LL_independent_rms_s5,phase2/results/predictions/full/electrode/tcn/seed_202/bandpass_n20002_cLA_LL_independent_rms_s5.npz,76445,b83e2b37357f4e48cbf2cf6c636f476b2f8f39245f0c4929a77921c1a01ce3fe
tcn,electrode,202,bandpass_n20002_cLA_LL_independent_rms_s0,phase2/results/predictions/full/electrode/tcn/seed_202/bandpass_n20002_cLA_LL_independent_rms_s0.npz,76235,74cc6dad1f0c3cfd8ca110e0eaeffcc16ce43dfd33de9a6ba29fc976a8bef66b
tcn,electrode,202,bandpass_n20002_cLA_LL_electrode_s20,phase2/results/predictions/full/electrode/tcn/seed_202/bandpass_n20002_cLA_LL_electrode_s20.npz,76484,6eba0a0e3cbdadb1cef9d25857e98fcae8aa22a9bd2277f8d433f743bf69a16d
tcn,electrode,202,bandpass_n20002_cLA_LL_electrode_s15,phase2/results/predictions/full/electrode/tcn/seed_202/bandpass_n20002_cLA_LL_electrode_s15.npz,76514,f6b24f00dbb7e0a00b4770c1d5f172bf9e7a7144a720a320211e02c1e70cd629
tcn,electrode,202,bandpass_n20002_cLA_LL_electrode_s10,phase2/results/predictions/full/electrode/tcn/seed_202/bandpass_n20002_cLA_LL_electrode_s10.npz,76521,6c49b340a9466706651e5a7983506b4723d93034e353f5eed21db73d5fa2df1d
tcn,electrode,202,bandpass_n20002_cLA_LL_electrode_s5,phase2/results/predictions/full/electrode/tcn/seed_202/bandpass_n20002_cLA_LL_electrode_s5.npz,76320,5eb246a1f43aa2a6d48840fe5878a95edf7aca86900dba07bc0412f01082fa5a
tcn,electrode,202,bandpass_n20002_cLA_LL_electrode_s0,phase2/results/predictions/full/electrode/tcn/seed_202/bandpass_n20002_cLA_LL_electrode_s0.npz,75948,52ea712d2dc2de744561ce313ea0054220fc221fb37dc0167d3dfaff88c81c91
tcn,electrode,202,bandpass_n20002_cLA_LL_covariance_s20,phase2/results/predictions/full/electrode/tcn/seed_202/bandpass_n20002_cLA_LL_covariance_s20.npz,76510,7d75303ca19b160889629ad775bcfad4cc69140f353dd5de50ae153ace79c019
tcn,electrode,202,bandpass_n20002_cLA_LL_covariance_s15,phase2/results/predictions/full/electrode/tcn/seed_202/bandpass_n20002_cLA_LL_covariance_s15.npz,76520,3d1ba07301ed3af42e939b64c1bd235114a310125a7cc95d421b1b07b310dd3e
tcn,electrode,202,bandpass_n20002_cLA_LL_covariance_s10,phase2/results/predictions/full/electrode/tcn/seed_202/bandpass_n20002_cLA_LL_covariance_s10.npz,76484,6295d737801193f78509784bba5ed9b959e04793c462af3b3dc8b0cadd69e312
tcn,electrode,202,bandpass_n20002_cLA_LL_covariance_s5,phase2/results/predictions/full/electrode/tcn/seed_202/bandpass_n20002_cLA_LL_covariance_s5.npz,76367,ee69b792cff84deb52a52b89099508486df28de9417109c68120b1a33240a68c
tcn,electrode,202,bandpass_n20002_cLA_LL_covariance_s0,phase2/results/predictions/full/electrode/tcn/seed_202/bandpass_n20002_cLA_LL_covariance_s0.npz,75950,a2a556ca2626d16bfbe9087657f63ed93f744bc6339f7d4422ce455ef1bc0c41
tcn,electrode,202,bandpass_n20002_cRA_LL_independent_rms_s20,phase2/results/predictions/full/electrode/tcn/seed_202/bandpass_n20002_cRA_LL_independent_rms_s20.npz,76514,051dc288e9a64aa588c053d0a75903b49831e9f28d176f55440ddd9f46817ac2
tcn,electrode,202,bandpass_n20002_cRA_LL_independent_rms_s15,phase2/results/predictions/full/electrode/tcn/seed_202/bandpass_n20002_cRA_LL_independent_rms_s15.npz,76518,a4a7acc0d791fc366035bc43120b916e005e14d5fcaab81bc7bd079fff568d27
tcn,electrode,202,bandpass_n20002_cRA_LL_independent_rms_s10,phase2/results/predictions/full/electrode/tcn/seed_202/bandpass_n20002_cRA_LL_independent_rms_s10.npz,76505,f8abefd13b9e11b56686b29c488bb39cb44b8c481917b380a0a5d33548030b67
tcn,electrode,202,bandpass_n20002_cRA_LL_independent_rms_s5,phase2/results/predictions/full/electrode/tcn/seed_202/bandpass_n20002_cRA_LL_independent_rms_s5.npz,76450,d47a0a59164cb50e47d321fce4fa3ee17ae88ee55fdc8e1ae17408c9d65e7fd9
tcn,electrode,202,bandpass_n20002_cRA_LL_independent_rms_s0,phase2/results/predictions/full/electrode/tcn/seed_202/bandpass_n20002_cRA_LL_independent_rms_s0.npz,76248,3fbd7e70660380f904266ff51de5158166b9c829afd6877dd83265b195f24c7f
tcn,electrode,202,bandpass_n20002_cRA_LL_electrode_s20,phase2/results/predictions/full/electrode/tcn/seed_202/bandpass_n20002_cRA_LL_electrode_s20.npz,76509,8ec4a2d6967e7c86aa08253aa358d87781c2faf3c442f3159749290a5a422940
tcn,electrode,202,bandpass_n20002_cRA_LL_electrode_s15,phase2/results/predictions/full/electrode/tcn/seed_202/bandpass_n20002_cRA_LL_electrode_s15.npz,76509,f64459e2e56cd9c6d83e56eb94b6e8f9f48bd6a2aeaa08cd734ccf7c5ed562e7
tcn,electrode,202,bandpass_n20002_cRA_LL_electrode_s10,phase2/results/predictions/full/electrode/tcn/seed_202/bandpass_n20002_cRA_LL_electrode_s10.npz,76496,d175dc06f880e81bf3a4fadf4ce148e4dfdc21319de1a3919cc004af4c2a00f4
tcn,electrode,202,bandpass_n20002_cRA_LL_electrode_s5,phase2/results/predictions/full/electrode/tcn/seed_202/bandpass_n20002_cRA_LL_electrode_s5.npz,76339,2a97a60f018a522be6de5416033873015cb0de2c899bc90cb1232b7ab971bd80
tcn,electrode,202,bandpass_n20002_cRA_LL_electrode_s0,phase2/results/predictions/full/electrode/tcn/seed_202/bandpass_n20002_cRA_LL_electrode_s0.npz,75996,aa6253a5e847c3a44152ebce112f208853a3cf8930aa4fd538e976a3a5f3b6ca
tcn,electrode,202,bandpass_n20002_cRA_LL_covariance_s20,phase2/results/predictions/full/electrode/tcn/seed_202/bandpass_n20002_cRA_LL_covariance_s20.npz,76508,fe2e8c2296d090888f178180128b30cae395ac2424c901c54500d8c1446f3fe4
tcn,electrode,202,bandpass_n20002_cRA_LL_covariance_s15,phase2/results/predictions/full/electrode/tcn/seed_202/bandpass_n20002_cRA_LL_covariance_s15.npz,76516,030a4f5701c21dbcaeb68d5d1ff5ad5c00e99c337c50258cdd2b9dd69fc8fc34
tcn,electrode,202,bandpass_n20002_cRA_LL_covariance_s10,phase2/results/predictions/full/electrode/tcn/seed_202/bandpass_n20002_cRA_LL_covariance_s10.npz,76515,7f7d9003c9e39008d95778267a0c8a0f47a19f8eb44f46d509cef51530cba101
tcn,electrode,202,bandpass_n20002_cRA_LL_covariance_s5,phase2/results/predictions/full/electrode/tcn/seed_202/bandpass_n20002_cRA_LL_covariance_s5.npz,76365,27665b8b09b6880d94f6a79f86b940e083e98eab709ca07e048726d989e5a858
tcn,electrode,202,bandpass_n20002_cRA_LL_covariance_s0,phase2/results/predictions/full/electrode/tcn/seed_202/bandpass_n20002_cRA_LL_covariance_s0.npz,76012,b369790ecde53a5f4e02a89fefda4394e3a02b8205476c5144748459e621da40
tcn,electrode,202,bandpass_n20002_cRA_independent_rms_s20,phase2/results/predictions/full/electrode/tcn/seed_202/bandpass_n20002_cRA_independent_rms_s20.npz,76531,2cd07cb5430d3a1f1de81dc46efc116a8036abcd22561074af0039b2b3bfe124
tcn,electrode,202,bandpass_n20002_cRA_independent_rms_s15,phase2/results/predictions/full/electrode/tcn/seed_202/bandpass_n20002_cRA_independent_rms_s15.npz,76532,cae57d100527c7441157f7ceddc53ffb15b8738059d90666d027b88db844a9e6
tcn,electrode,202,bandpass_n20002_cRA_independent_rms_s10,phase2/results/predictions/full/electrode/tcn/seed_202/bandpass_n20002_cRA_independent_rms_s10.npz,76513,71a4ab89887ae90fec76876d28394cdf8cec30e56c16f88ee34875ad0a34c8d2
tcn,electrode,202,bandpass_n20002_cRA_independent_rms_s5,phase2/results/predictions/full/electrode/tcn/seed_202/bandpass_n20002_cRA_independent_rms_s5.npz,76450,dfa32041a4642413c1011a60abe0cc9829b153d71eb4eb0b102300ca4cf1335f
tcn,electrode,202,bandpass_n20002_cRA_independent_rms_s0,phase2/results/predictions/full/electrode/tcn/seed_202/bandpass_n20002_cRA_independent_rms_s0.npz,76235,33435d07d5e40e2b80b0c305b61b41824c30b04a82be27bc9d0fcd17068fbee7
tcn,electrode,202,bandpass_n20002_cRA_electrode_s20,phase2/results/predictions/full/electrode/tcn/seed_202/bandpass_n20002_cRA_electrode_s20.npz,76509,8d094c9ff2cc90c41b03a07a12c4e5818239a888eb4a0ad84ee18f83decac280
tcn,electrode,202,bandpass_n20002_cRA_electrode_s15,phase2/results/predictions/full/electrode/tcn/seed_202/bandpass_n20002_cRA_electrode_s15.npz,76524,fea1f51c7a634ebb09094fd6c059b319a6904d0a6231b626e35994c0d4a3393f
tcn,electrode,202,bandpass_n20002_cRA_electrode_s10,phase2/results/predictions/full/electrode/tcn/seed_202/bandpass_n20002_cRA_electrode_s10.npz,76480,5226dff58f65a9908f28403a59fb226de925812326250f3abbe26909729f9fbc
tcn,electrode,202,bandpass_n20002_cRA_electrode_s5,phase2/results/predictions/full/electrode/tcn/seed_202/bandpass_n20002_cRA_electrode_s5.npz,76364,05308439fb54b9abc38625200c9b80286cd54f5544840807e1c79b6f70e828a9
tcn,electrode,202,bandpass_n20002_cRA_electrode_s0,phase2/results/predictions/full/electrode/tcn/seed_202/bandpass_n20002_cRA_electrode_s0.npz,76071,17c3d4457c154a1735e264b62b088f84e87bfe842e7ad2aa405c3da5010b573c
tcn,electrode,202,bandpass_n20002_cRA_covariance_s20,phase2/results/predictions/full/electrode/tcn/seed_202/bandpass_n20002_cRA_covariance_s20.npz,76518,3dd64999ba870e40b238c697bccd89f775018f01db466622afbacdb5dab1377a
tcn,electrode,202,bandpass_n20002_cRA_covariance_s15,phase2/results/predictions/full/electrode/tcn/seed_202/bandpass_n20002_cRA_covariance_s15.npz,76533,dbd22e6394c43db8a100d1995cf57339e40578e206b67208527a286f9567a3dc
tcn,electrode,202,bandpass_n20002_cRA_covariance_s10,phase2/results/predictions/full/electrode/tcn/seed_202/bandpass_n20002_cRA_covariance_s10.npz,76514,14a6991e077e411eb32fc05e464df4dab46ac03dc5be57819f823784e98c0265
tcn,electrode,202,bandpass_n20002_cRA_covariance_s5,phase2/results/predictions/full/electrode/tcn/seed_202/bandpass_n20002_cRA_covariance_s5.npz,76378,ab239ac85a8a97df3e93b5626b55962177a1c3586d57341f57b031c0c09ebdc2
tcn,electrode,202,bandpass_n20002_cRA_covariance_s0,phase2/results/predictions/full/electrode/tcn/seed_202/bandpass_n20002_cRA_covariance_s0.npz,76072,71148002fd10d78a4530ecf023ef7c2ff03b7569d5d82d03eba8e7fa36a0a933
tcn,electrode,202,bandpass_n20002_cLA_independent_rms_s20,phase2/results/predictions/full/electrode/tcn/seed_202/bandpass_n20002_cLA_independent_rms_s20.npz,76556,79127fe1b81d3600307bb175269359c99b6672a496dbee0202e62e74577517b4
tcn,electrode,202,bandpass_n20002_cLA_independent_rms_s15,phase2/results/predictions/full/electrode/tcn/seed_202/bandpass_n20002_cLA_independent_rms_s15.npz,76529,070156ede30128aafa2bb73f76ee81ad6a054377c2875da885d69cd13b7888c7
tcn,electrode,202,bandpass_n20002_cLA_independent_rms_s10,phase2/results/predictions/full/electrode/tcn/seed_202/bandpass_n20002_cLA_independent_rms_s10.npz,76507,acb613b8cc92181ab05fc017a90f977121a400a41b402b529e53e6f8fe5af547
tcn,electrode,202,bandpass_n20002_cLA_independent_rms_s5,phase2/results/predictions/full/electrode/tcn/seed_202/bandpass_n20002_cLA_independent_rms_s5.npz,76447,e345bd3eb0c5daab4721c14787e8cc108674d4376dea0164cd86d16a4b76dbee
tcn,electrode,202,bandpass_n20002_cLA_independent_rms_s0,phase2/results/predictions/full/electrode/tcn/seed_202/bandpass_n20002_cLA_independent_rms_s0.npz,76301,59db4edbb69688952d30b039587b910f0bea7231fb6208cbbd48733a961e5551
tcn,electrode,202,bandpass_n20002_cLA_electrode_s20,phase2/results/predictions/full/electrode/tcn/seed_202/bandpass_n20002_cLA_electrode_s20.npz,76518,e87b7ded3801d73c9f4abf4b0a3ed55db6a5a38c03540ce64ef9c0d09fcef74b
tcn,electrode,202,bandpass_n20002_cLA_electrode_s15,phase2/results/predictions/full/electrode/tcn/seed_202/bandpass_n20002_cLA_electrode_s15.npz,76494,a2c0fa2b31189577ed533d6da2cb8f270b7e7c69cda2121e43fc93e25f80ed8d
tcn,electrode,202,bandpass_n20002_cLA_electrode_s10,phase2/results/predictions/full/electrode/tcn/seed_202/bandpass_n20002_cLA_electrode_s10.npz,76488,d25461699380bcc43ec1179dcc3363590caa67a9202f14ee691a2b8bdecfedc0
tcn,electrode,202,bandpass_n20002_cLA_electrode_s5,phase2/results/predictions/full/electrode/tcn/seed_202/bandpass_n20002_cLA_electrode_s5.npz,76324,19374f238d83f7905a3239ce40c18899254e7a527434177b60f8977df6ac9dcc
tcn,electrode,202,bandpass_n20002_cLA_electrode_s0,phase2/results/predictions/full/electrode/tcn/seed_202/bandpass_n20002_cLA_electrode_s0.npz,75991,378807ff44f136c839af20e31b08efacf7c15b71a699b395e8f08d6853a70f40
tcn,electrode,202,bandpass_n20002_cLA_covariance_s20,phase2/results/predictions/full/electrode/tcn/seed_202/bandpass_n20002_cLA_covariance_s20.npz,76503,b323b5af8fd2ad29a4138c0d30a217916fae52633c4aaa7e98a4ca685a898a1b
tcn,electrode,202,bandpass_n20002_cLA_covariance_s15,phase2/results/predictions/full/electrode/tcn/seed_202/bandpass_n20002_cLA_covariance_s15.npz,76513,da402682667412c1f6407be426f5a6f31304115129c1993468834c19ba699656
tcn,electrode,202,bandpass_n20002_cLA_covariance_s10,phase2/results/predictions/full/electrode/tcn/seed_202/bandpass_n20002_cLA_covariance_s10.npz,76494,cb1ce8d4deff793d46fe7fb2bb35a77715b94876595e7298a16548c225f5ff9c
tcn,electrode,202,bandpass_n20002_cLA_covariance_s5,phase2/results/predictions/full/electrode/tcn/seed_202/bandpass_n20002_cLA_covariance_s5.npz,76335,2edf087454e93a44dd9423ee13f99ee0770e0ad0bc1417306c0e7c6ebb2a6ec0
tcn,electrode,202,bandpass_n20002_cLA_covariance_s0,phase2/results/predictions/full/electrode/tcn/seed_202/bandpass_n20002_cLA_covariance_s0.npz,75988,2da21f16b0410f8458899a05751fb0159bc779f51f39b0bd7bf7e77f48f4dc73
tcn,electrode,202,bandpass_n20002_cLL_independent_rms_s20,phase2/results/predictions/full/electrode/tcn/seed_202/bandpass_n20002_cLL_independent_rms_s20.npz,76519,f8372222e95ef6b59589387a79074828c22dfa98b00a13c3f45af0b3da027989
tcn,electrode,202,bandpass_n20002_cLL_independent_rms_s15,phase2/results/predictions/full/electrode/tcn/seed_202/bandpass_n20002_cLL_independent_rms_s15.npz,76527,6f320f94bd053a975d848bf26ce4d40fe3edc12555b2a474af87f2291524fbf4
tcn,electrode,202,bandpass_n20002_cLL_independent_rms_s10,phase2/results/predictions/full/electrode/tcn/seed_202/bandpass_n20002_cLL_independent_rms_s10.npz,76491,75bdc4b88b77f7672f5637a292693f174f71752060ee2c25c6bee9df9f46495e
tcn,electrode,202,bandpass_n20002_cLL_independent_rms_s5,phase2/results/predictions/full/electrode/tcn/seed_202/bandpass_n20002_cLL_independent_rms_s5.npz,76442,238e7bef5595044efe0c934b82eb165aa8b253458b5822a4dcfc934619aa117b
tcn,electrode,202,bandpass_n20002_cLL_independent_rms_s0,phase2/results/predictions/full/electrode/tcn/seed_202/bandpass_n20002_cLL_independent_rms_s0.npz,76181,8d63410625fc5c00a1bcdc33bddbf15c2adda046ece1f9a76fd88b703541fb97
tcn,electrode,202,bandpass_n20002_cLL_electrode_s20,phase2/results/predictions/full/electrode/tcn/seed_202/bandpass_n20002_cLL_electrode_s20.npz,76498,590e62da4d0e68ecdfa78c565db1070f42d96dd2ae49f9fab316c65f78d78942
tcn,electrode,202,bandpass_n20002_cLL_electrode_s15,phase2/results/predictions/full/electrode/tcn/seed_202/bandpass_n20002_cLL_electrode_s15.npz,76481,8255fb629f15097318293f93b2eb506a12a01decc2ee4d75345a569e6a6017cb
tcn,electrode,202,bandpass_n20002_cLL_electrode_s10,phase2/results/predictions/full/electrode/tcn/seed_202/bandpass_n20002_cLL_electrode_s10.npz,76466,f3f1e2b6ce9cd92c1bf398de15fe65f9851e2d0a511af0d2fdbdb329ac23173d
tcn,electrode,202,bandpass_n20002_cLL_electrode_s5,phase2/results/predictions/full/electrode/tcn/seed_202/bandpass_n20002_cLL_electrode_s5.npz,76299,cd8d58a9c3796481e441f39a87fb2efe199cfae45b071c72ebe684b559fd6aa4
tcn,electrode,202,bandpass_n20002_cLL_electrode_s0,phase2/results/predictions/full/electrode/tcn/seed_202/bandpass_n20002_cLL_electrode_s0.npz,75936,68883b73a40a0ccf45e2d1b6d3a8c8bb28263b59bec2e7c1367b684e6bad4e93
tcn,electrode,202,bandpass_n20002_cLL_covariance_s20,phase2/results/predictions/full/electrode/tcn/seed_202/bandpass_n20002_cLL_covariance_s20.npz,76477,5077444d516291d812d248bc14ba168b00dafc68baebbb6112e327945e566731
tcn,electrode,202,bandpass_n20002_cLL_covariance_s15,phase2/results/predictions/full/electrode/tcn/seed_202/bandpass_n20002_cLL_covariance_s15.npz,76498,e32da775bdaca986f4a7f54f035c9217a5eae3f60e5dfd24c388c87875f4d9cf
tcn,electrode,202,bandpass_n20002_cLL_covariance_s10,phase2/results/predictions/full/electrode/tcn/seed_202/bandpass_n20002_cLL_covariance_s10.npz,76503,3cc0aeb0e433cd5907475831a13b1944433c4212b78aa4caad16565ee6750f3a
tcn,electrode,202,bandpass_n20002_cLL_covariance_s5,phase2/results/predictions/full/electrode/tcn/seed_202/bandpass_n20002_cLL_covariance_s5.npz,76329,ae7bf1140d3ff22934da114a3f83833dde76a2bdad0bcf048ecf3c88c0b95c59
tcn,electrode,202,bandpass_n20002_cLL_covariance_s0,phase2/results/predictions/full/electrode/tcn/seed_202/bandpass_n20002_cLL_covariance_s0.npz,75952,f0bb48817083e86cc360af16a9035d9e6edd2ed6f6a0158490621f9246f7ba80
tcn,electrode,202,bandpass_n20002_cRA_V1_independent_rms_s20,phase2/results/predictions/full/electrode/tcn/seed_202/bandpass_n20002_cRA_V1_independent_rms_s20.npz,76541,05e7d32cd4d35e0ec9c7df5fee6bdf562dfae1a8c1539d3c54946fa449ea17e5
tcn,electrode,202,bandpass_n20002_cRA_V1_independent_rms_s15,phase2/results/predictions/full/electrode/tcn/seed_202/bandpass_n20002_cRA_V1_independent_rms_s15.npz,76517,f8b9f690f4ed963e4f6c3b606147928d70122a4b00590c1a6f65988c105cbac6
tcn,electrode,202,bandpass_n20002_cRA_V1_independent_rms_s10,phase2/results/predictions/full/electrode/tcn/seed_202/bandpass_n20002_cRA_V1_independent_rms_s10.npz,76500,daa126011f90eb753272fd5b56f6cf1942d59fa50f4192b16f175945e1145998
tcn,electrode,202,bandpass_n20002_cRA_V1_independent_rms_s5,phase2/results/predictions/full/electrode/tcn/seed_202/bandpass_n20002_cRA_V1_independent_rms_s5.npz,76429,e43794e2adb715e899838c61c0fa7a4b896fc0ae3cd14068627c42889160d339
tcn,electrode,202,bandpass_n20002_cRA_V1_independent_rms_s0,phase2/results/predictions/full/electrode/tcn/seed_202/bandpass_n20002_cRA_V1_independent_rms_s0.npz,76216,8cea23696deaddd54866a314250c4dff6b74a474dd7eca46551d2fbaa8cffe06
tcn,electrode,202,bandpass_n20002_cRA_V1_electrode_s20,phase2/results/predictions/full/electrode/tcn/seed_202/bandpass_n20002_cRA_V1_electrode_s20.npz,76506,9fa6cdd057e8ae45b405d7398c62bad8acd61329d47c526050d7ca386b022a04
tcn,electrode,202,bandpass_n20002_cRA_V1_electrode_s15,phase2/results/predictions/full/electrode/tcn/seed_202/bandpass_n20002_cRA_V1_electrode_s15.npz,76508,187aaa9d5c35044fee927a0fbd9ce365e0c3fe27bb992aa7ab126aae59b29716
tcn,electrode,202,bandpass_n20002_cRA_V1_electrode_s10,phase2/results/predictions/full/electrode/tcn/seed_202/bandpass_n20002_cRA_V1_electrode_s10.npz,76507,fb8f36a9a3d3a8f443748dbe3da06d5742914309969de4106a1e39c067f7ffef
tcn,electrode,202,bandpass_n20002_cRA_V1_electrode_s5,phase2/results/predictions/full/electrode/tcn/seed_202/bandpass_n20002_cRA_V1_electrode_s5.npz,76374,1261b1f3a676f4243e969433ab8d50a4d1b1ee728c144a450c51166d35cb0fba
tcn,electrode,202,bandpass_n20002_cRA_V1_electrode_s0,phase2/results/predictions/full/electrode/tcn/seed_202/bandpass_n20002_cRA_V1_electrode_s0.npz,76102,8ed742e03f12576f39c11c4a1360106f9aa93f7206ba2a629841334b242d2742
tcn,electrode,202,bandpass_n20002_cRA_V1_covariance_s20,phase2/results/predictions/full/electrode/tcn/seed_202/bandpass_n20002_cRA_V1_covariance_s20.npz,76506,08da338198cb5b190eb92a58b31fec00e4a0abd6823370ae3a1bbe68cd46b9bf
tcn,electrode,202,bandpass_n20002_cRA_V1_covariance_s15,phase2/results/predictions/full/electrode/tcn/seed_202/bandpass_n20002_cRA_V1_covariance_s15.npz,76504,2f1ba19221116f4621fd80c2f204e357e733292ca7210e32a7e17b2035ce6786
tcn,electrode,202,bandpass_n20002_cRA_V1_covariance_s10,phase2/results/predictions/full/electrode/tcn/seed_202/bandpass_n20002_cRA_V1_covariance_s10.npz,76482,2a6e119c918e826fd489c84395ed0013f297a66f995a372fa8c9fa56d202f44d
tcn,electrode,202,bandpass_n20002_cRA_V1_covariance_s5,phase2/results/predictions/full/electrode/tcn/seed_202/bandpass_n20002_cRA_V1_covariance_s5.npz,76365,5d3b481987d09ad935bc4a86d773e583a05df49b1b7eee832a3951ef55226efb
tcn,electrode,202,bandpass_n20002_cRA_V1_covariance_s0,phase2/results/predictions/full/electrode/tcn/seed_202/bandpass_n20002_cRA_V1_covariance_s0.npz,76090,8093154763ccce9c29e41a9aa38cd967e039946250979d6e66e9b2a5d732866d
tcn,electrode,202,bandpass_n20002_cLA_V6_independent_rms_s20,phase2/results/predictions/full/electrode/tcn/seed_202/bandpass_n20002_cLA_V6_independent_rms_s20.npz,76545,7f16a19fcd77a8476d2d24c70f496daa84a875b232a46d2f0001da7d525aed4e
tcn,electrode,202,bandpass_n20002_cLA_V6_independent_rms_s15,phase2/results/predictions/full/electrode/tcn/seed_202/bandpass_n20002_cLA_V6_independent_rms_s15.npz,76528,700cea72f8ef4b2e3d1f36e0010d8e2d117cdd088ecbefecdcfe69320549957a
tcn,electrode,202,bandpass_n20002_cLA_V6_independent_rms_s10,phase2/results/predictions/full/electrode/tcn/seed_202/bandpass_n20002_cLA_V6_independent_rms_s10.npz,76509,913e51f87a425c3f042141f65c19d6375ec8553907e6ef2eb2adfac01e044185
tcn,electrode,202,bandpass_n20002_cLA_V6_independent_rms_s5,phase2/results/predictions/full/electrode/tcn/seed_202/bandpass_n20002_cLA_V6_independent_rms_s5.npz,76488,794f4403dfbc723ae11a7a5ad7703020be1a903d6ceb82328ca17a15ab01eae1
tcn,electrode,202,bandpass_n20002_cLA_V6_independent_rms_s0,phase2/results/predictions/full/electrode/tcn/seed_202/bandpass_n20002_cLA_V6_independent_rms_s0.npz,76277,669c7953d48e565c1bd36fbe75d7419da6e7d47995334e07cc40dfab23c3c9d2
tcn,electrode,202,bandpass_n20002_cLA_V6_electrode_s20,phase2/results/predictions/full/electrode/tcn/seed_202/bandpass_n20002_cLA_V6_electrode_s20.npz,76506,42fd9d8fc91b3fb31c9bebde9c3f22bfd9f5ada61147e24e6768ccc8dc7655fb
tcn,electrode,202,bandpass_n20002_cLA_V6_electrode_s15,phase2/results/predictions/full/electrode/tcn/seed_202/bandpass_n20002_cLA_V6_electrode_s15.npz,76523,9bd7004aeef69ba22de759feda89dcbb8d266894242e0d93ecea0083126610da
tcn,electrode,202,bandpass_n20002_cLA_V6_electrode_s10,phase2/results/predictions/full/electrode/tcn/seed_202/bandpass_n20002_cLA_V6_electrode_s10.npz,76480,eba038f51d22fc9f88679a221c64aa39bc4e2b82b67b7b1c8ce80a39f1ca37d3
tcn,electrode,202,bandpass_n20002_cLA_V6_electrode_s5,phase2/results/predictions/full/electrode/tcn/seed_202/bandpass_n20002_cLA_V6_electrode_s5.npz,76395,fd37b8392305924914569b5679d68af9c7ff6e211693d716d14527cbf4383329
tcn,electrode,202,bandpass_n20002_cLA_V6_electrode_s0,phase2/results/predictions/full/electrode/tcn/seed_202/bandpass_n20002_cLA_V6_electrode_s0.npz,76039,e9908f1dad62e8cefd60f2c8741dfe2990dbd7b8d8c8d7e375b1e55507e7d415
tcn,electrode,202,bandpass_n20002_cLA_V6_covariance_s20,phase2/results/predictions/full/electrode/tcn/seed_202/bandpass_n20002_cLA_V6_covariance_s20.npz,76529,0b973de30123d4dded770506e57daa23ec6ee32c2797a984e79972c7d6115f3a
tcn,electrode,202,bandpass_n20002_cLA_V6_covariance_s15,phase2/results/predictions/full/electrode/tcn/seed_202/bandpass_n20002_cLA_V6_covariance_s15.npz,76510,01387a9a251a5980e3fd4cc6bc14f295e84982bc562aa14824e0a078aa27a4a7
tcn,electrode,202,bandpass_n20002_cLA_V6_covariance_s10,phase2/results/predictions/full/electrode/tcn/seed_202/bandpass_n20002_cLA_V6_covariance_s10.npz,76489,0c0be3b56eb904f11f9ea45f358df0ddd053d56fc3991fc0886aa05b1c7da539
tcn,electrode,202,bandpass_n20002_cLA_V6_covariance_s5,phase2/results/predictions/full/electrode/tcn/seed_202/bandpass_n20002_cLA_V6_covariance_s5.npz,76359,136510c9579e2c021bf6128a56c3dc9901bffbb45194dfb0f683823e3d0fcc02
tcn,electrode,202,bandpass_n20002_cLA_V6_covariance_s0,phase2/results/predictions/full/electrode/tcn/seed_202/bandpass_n20002_cLA_V6_covariance_s0.npz,76011,925f81bcefad4b4c2750a9cbbe422e3eaf7589ef57baa4e88a881aec1f273a92
tcn,electrode,202,bandpass_n20002_cLL_V4_independent_rms_s20,phase2/results/predictions/full/electrode/tcn/seed_202/bandpass_n20002_cLL_V4_independent_rms_s20.npz,76511,f3c0a303c83f6c719fbaeeff0367ae0fdb4ea51be91a24b66b39e8257a10e1e7
tcn,electrode,202,bandpass_n20002_cLL_V4_independent_rms_s15,phase2/results/predictions/full/electrode/tcn/seed_202/bandpass_n20002_cLL_V4_independent_rms_s15.npz,76539,a3ed7253f8b5d7ecd32c03e285426d55bc8bc4a22980504ac2fa34c32170c7d0
tcn,electrode,202,bandpass_n20002_cLL_V4_independent_rms_s10,phase2/results/predictions/full/electrode/tcn/seed_202/bandpass_n20002_cLL_V4_independent_rms_s10.npz,76567,99d7ce6bae8b192048f918f504f618d8a1e949543528de2711f7f89d2deeb37d
tcn,electrode,202,bandpass_n20002_cLL_V4_independent_rms_s5,phase2/results/predictions/full/electrode/tcn/seed_202/bandpass_n20002_cLL_V4_independent_rms_s5.npz,76460,f9f4d10f25b58c8bbf28f307c62bc37767d5d13b6e7d58cd6a18a6527968640a
tcn,electrode,202,bandpass_n20002_cLL_V4_independent_rms_s0,phase2/results/predictions/full/electrode/tcn/seed_202/bandpass_n20002_cLL_V4_independent_rms_s0.npz,76211,ef441c9bda4aaae082eecb3981c2508a9285657ba47d4239491a8881df99f2fa
tcn,electrode,202,bandpass_n20002_cLL_V4_electrode_s20,phase2/results/predictions/full/electrode/tcn/seed_202/bandpass_n20002_cLL_V4_electrode_s20.npz,76506,8e396b7c07495f3fc6e0fc2ce5ef9c838ea362015de0d746cc5a8da804d289a1
tcn,electrode,202,bandpass_n20002_cLL_V4_electrode_s15,phase2/results/predictions/full/electrode/tcn/seed_202/bandpass_n20002_cLL_V4_electrode_s15.npz,76476,a6a5b6cc35ec530c3a13f7c5539d34c05e5f6695445eb47f65cd2220aead9d7c
tcn,electrode,202,bandpass_n20002_cLL_V4_electrode_s10,phase2/results/predictions/full/electrode/tcn/seed_202/bandpass_n20002_cLL_V4_electrode_s10.npz,76513,c87a70b9bdbc729b6fbed233a83c78de5c4b8079d0d54d690d9918470871e95d
tcn,electrode,202,bandpass_n20002_cLL_V4_electrode_s5,phase2/results/predictions/full/electrode/tcn/seed_202/bandpass_n20002_cLL_V4_electrode_s5.npz,76340,334b3a80cc1a9870b2c5ceb349ba8607473e09c4a4bf36d9241e338cde7be290
tcn,electrode,202,bandpass_n20002_cLL_V4_electrode_s0,phase2/results/predictions/full/electrode/tcn/seed_202/bandpass_n20002_cLL_V4_electrode_s0.npz,75973,ba4ba56dbf938d2b883a9831e29c7a8bd9a016aba38de2609eef6b2bc6661c6d
tcn,electrode,202,bandpass_n20002_cLL_V4_covariance_s20,phase2/results/predictions/full/electrode/tcn/seed_202/bandpass_n20002_cLL_V4_covariance_s20.npz,76510,913fec5feef9fc69de8a6804d945cff2da06267d76ef038517b85b199c8cd7bd
tcn,electrode,202,bandpass_n20002_cLL_V4_covariance_s15,phase2/results/predictions/full/electrode/tcn/seed_202/bandpass_n20002_cLL_V4_covariance_s15.npz,76465,cb6db14deff7aee43d146e02914b2af629cbcf62b5807d433bbe5fc56de9983d
tcn,electrode,202,bandpass_n20002_cLL_V4_covariance_s10,phase2/results/predictions/full/electrode/tcn/seed_202/bandpass_n20002_cLL_V4_covariance_s10.npz,76526,724ab76f6ed10cafa66a24f9f2fcb4aa7c2b396460743486c7ed37fbc3ac08ad
tcn,electrode,202,bandpass_n20002_cLL_V4_covariance_s5,phase2/results/predictions/full/electrode/tcn/seed_202/bandpass_n20002_cLL_V4_covariance_s5.npz,76328,6f06bb95885dcf07b1e91ed43fd1fd6a505bf0d705f014dee8b9224d5c3ba81e
tcn,electrode,202,bandpass_n20002_cLL_V4_covariance_s0,phase2/results/predictions/full/electrode/tcn/seed_202/bandpass_n20002_cLL_V4_covariance_s0.npz,76002,43c6122739cecb2338df8922479db48e9b1da543d1d2b8965021d9125fe6ba24
tcn,electrode,202,bandpass_n20002_cRA_LA_V1_V6_independent_rms_s20,phase2/results/predictions/full/electrode/tcn/seed_202/bandpass_n20002_cRA_LA_V1_V6_independent_rms_s20.npz,76528,16b29b933bc49d35dbb5054cbd5dd40cc3581d1ed3ec7c53ed3d8781ae7b3243
tcn,electrode,202,bandpass_n20002_cRA_LA_V1_V6_independent_rms_s15,phase2/results/predictions/full/electrode/tcn/seed_202/bandpass_n20002_cRA_LA_V1_V6_independent_rms_s15.npz,76556,f1c890a8c63286c8194e157a757113d23a388090d91cf9e266956a0efc5e6c38
tcn,electrode,202,bandpass_n20002_cRA_LA_V1_V6_independent_rms_s10,phase2/results/predictions/full/electrode/tcn/seed_202/bandpass_n20002_cRA_LA_V1_V6_independent_rms_s10.npz,76559,217bf7abeee1c1aa5b366bfe18cadcebc99399bca5f578c0a271bc2a833e2128
tcn,electrode,202,bandpass_n20002_cRA_LA_V1_V6_independent_rms_s5,phase2/results/predictions/full/electrode/tcn/seed_202/bandpass_n20002_cRA_LA_V1_V6_independent_rms_s5.npz,76458,f79a1c004d1a9e8f124944d920ef4a80796dc71987a938c3c5e2ff662f3c9574
tcn,electrode,202,bandpass_n20002_cRA_LA_V1_V6_independent_rms_s0,phase2/results/predictions/full/electrode/tcn/seed_202/bandpass_n20002_cRA_LA_V1_V6_independent_rms_s0.npz,76266,c4cb7b566936c5093f3209e082d670165ef16898fc006db2e1f5e2041ed98adc
tcn,electrode,202,bandpass_n20002_cRA_LA_V1_V6_electrode_s20,phase2/results/predictions/full/electrode/tcn/seed_202/bandpass_n20002_cRA_LA_V1_V6_electrode_s20.npz,76483,cbfe276d8bcdd5b27c07fe07413fa908ed742bfdd2c3f7f30fe96ed582050e78
tcn,electrode,202,bandpass_n20002_cRA_LA_V1_V6_electrode_s15,phase2/results/predictions/full/electrode/tcn/seed_202/bandpass_n20002_cRA_LA_V1_V6_electrode_s15.npz,76507,16fdf5fccbfa87dde792f5974bb2829259812924f98ceaa6c940958ceab903e6
tcn,electrode,202,bandpass_n20002_cRA_LA_V1_V6_electrode_s10,phase2/results/predictions/full/electrode/tcn/seed_202/bandpass_n20002_cRA_LA_V1_V6_electrode_s10.npz,76511,66c02ac66a4931c8d1385ce5b1530d6939c769f27b6e702f17340f0f3fd555f3
tcn,electrode,202,bandpass_n20002_cRA_LA_V1_V6_electrode_s5,phase2/results/predictions/full/electrode/tcn/seed_202/bandpass_n20002_cRA_LA_V1_V6_electrode_s5.npz,76383,1b50e57644c832ce211da82c278a7526ea15306f36b63fc8ef2234b2230edba9
tcn,electrode,202,bandpass_n20002_cRA_LA_V1_V6_electrode_s0,phase2/results/predictions/full/electrode/tcn/seed_202/bandpass_n20002_cRA_LA_V1_V6_electrode_s0.npz,76049,5eaf48c71f909b5cfaae3a3b29e5b39b9b0197c9cbb9213f9e6632e398b856dc
tcn,electrode,202,bandpass_n20002_cRA_LA_V1_V6_covariance_s20,phase2/results/predictions/full/electrode/tcn/seed_202/bandpass_n20002_cRA_LA_V1_V6_covariance_s20.npz,76519,22e51ffb4b16a55b14f5e3b94f033e28855f9e5c84dfc52fe385b43460c38213
tcn,electrode,202,bandpass_n20002_cRA_LA_V1_V6_covariance_s15,phase2/results/predictions/full/electrode/tcn/seed_202/bandpass_n20002_cRA_LA_V1_V6_covariance_s15.npz,76539,418fcda31894e72d0d5e17e69e1f77e75b34cd84160019782ff741f01e85749e
tcn,electrode,202,bandpass_n20002_cRA_LA_V1_V6_covariance_s10,phase2/results/predictions/full/electrode/tcn/seed_202/bandpass_n20002_cRA_LA_V1_V6_covariance_s10.npz,76539,b77ad1edff9bd6a811886fa54af21e3b8b9c1156e7e77e7dc54573ae5a8013c9
tcn,electrode,202,bandpass_n20002_cRA_LA_V1_V6_covariance_s5,phase2/results/predictions/full/electrode/tcn/seed_202/bandpass_n20002_cRA_LA_V1_V6_covariance_s5.npz,76368,df6fdec2ee519efbc4f1f9f0289feb7c5e51f731a710802926dee625ee73beef
tcn,electrode,202,bandpass_n20002_cRA_LA_V1_V6_covariance_s0,phase2/results/predictions/full/electrode/tcn/seed_202/bandpass_n20002_cRA_LA_V1_V6_covariance_s0.npz,76062,e8110e531f3561fa10642d95b00403d869bcd25916cf0141b5b793efe92dc93e
tcn,electrode,202,bandpass_n20002_cRA_V2_V5_independent_rms_s20,phase2/results/predictions/full/electrode/tcn/seed_202/bandpass_n20002_cRA_V2_V5_independent_rms_s20.npz,76520,76a8c79dddf2a2b614f9a318038a23c23cf2daa1218346016f5653be23ee0716
tcn,electrode,202,bandpass_n20002_cRA_V2_V5_independent_rms_s15,phase2/results/predictions/full/electrode/tcn/seed_202/bandpass_n20002_cRA_V2_V5_independent_rms_s15.npz,76501,97893da54cac6b8f77da19a63909fdc9d22a99184713c9729b1c5b5510076654
tcn,electrode,202,bandpass_n20002_cRA_V2_V5_independent_rms_s10,phase2/results/predictions/full/electrode/tcn/seed_202/bandpass_n20002_cRA_V2_V5_independent_rms_s10.npz,76537,c813d7f430ec292b3d834cf3b0badba2efb837cd49a07f25f6b060f13514bfe8
tcn,electrode,202,bandpass_n20002_cRA_V2_V5_independent_rms_s5,phase2/results/predictions/full/electrode/tcn/seed_202/bandpass_n20002_cRA_V2_V5_independent_rms_s5.npz,76502,47605cc76ed4dc8b02132a8a30a6ebbd6252f21d80de6904fb3a8ddd86fd1e98
tcn,electrode,202,bandpass_n20002_cRA_V2_V5_independent_rms_s0,phase2/results/predictions/full/electrode/tcn/seed_202/bandpass_n20002_cRA_V2_V5_independent_rms_s0.npz,76228,d9543c70c888babec7773708572851d2ec69245e2f1249670d9316ceb51e7138
tcn,electrode,202,bandpass_n20002_cRA_V2_V5_electrode_s20,phase2/results/predictions/full/electrode/tcn/seed_202/bandpass_n20002_cRA_V2_V5_electrode_s20.npz,76542,a391b1f08e5c625ee4099bca78bf36a5cdb014db272d33c48074a80477862a8c
tcn,electrode,202,bandpass_n20002_cRA_V2_V5_electrode_s15,phase2/results/predictions/full/electrode/tcn/seed_202/bandpass_n20002_cRA_V2_V5_electrode_s15.npz,76565,c511d8975db720c1d678fbf5590894b64e180fe39fc9e17953924ba9b79affce
tcn,electrode,202,bandpass_n20002_cRA_V2_V5_electrode_s10,phase2/results/predictions/full/electrode/tcn/seed_202/bandpass_n20002_cRA_V2_V5_electrode_s10.npz,76520,6f3d0fb3f91f6f01cc3439c54cfc7f378a7c48007aa8dd19ba98c7aef46d51d1
tcn,electrode,202,bandpass_n20002_cRA_V2_V5_electrode_s5,phase2/results/predictions/full/electrode/tcn/seed_202/bandpass_n20002_cRA_V2_V5_electrode_s5.npz,76412,25b9c2026600141edce495bc8ea4ebf4b9c25a519b342130a12fb6cc2b69acd5
tcn,electrode,202,bandpass_n20002_cRA_V2_V5_electrode_s0,phase2/results/predictions/full/electrode/tcn/seed_202/bandpass_n20002_cRA_V2_V5_electrode_s0.npz,76123,88c1fd5a5026ca446e6c1aecb0dd66818c9f09de331c1488413fac2da518c1d5
tcn,electrode,202,bandpass_n20002_cRA_V2_V5_covariance_s20,phase2/results/predictions/full/electrode/tcn/seed_202/bandpass_n20002_cRA_V2_V5_covariance_s20.npz,76540,3c946d86d40967a9d61f318693e6ee59d29af174b29220571022cd370ef60da6
tcn,electrode,202,bandpass_n20002_cRA_V2_V5_covariance_s15,phase2/results/predictions/full/electrode/tcn/seed_202/bandpass_n20002_cRA_V2_V5_covariance_s15.npz,76506,b24ab6cb5c7214455c3c79a2bd6d7ed2c054e8ccae6cbbce2de433db790708ce
tcn,electrode,202,bandpass_n20002_cRA_V2_V5_covariance_s10,phase2/results/predictions/full/electrode/tcn/seed_202/bandpass_n20002_cRA_V2_V5_covariance_s10.npz,76523,f2cb57016f70ef665693d1ab673cb1790415396202607059415bb4bb694614bc
tcn,electrode,202,bandpass_n20002_cRA_V2_V5_covariance_s5,phase2/results/predictions/full/electrode/tcn/seed_202/bandpass_n20002_cRA_V2_V5_covariance_s5.npz,76359,d4ab34f7f7684280c1f0c57c995c7d03b998c1642a0d6f3d86ae17c12f088348
tcn,electrode,202,bandpass_n20002_cRA_V2_V5_covariance_s0,phase2/results/predictions/full/electrode/tcn/seed_202/bandpass_n20002_cRA_V2_V5_covariance_s0.npz,76138,86e4abbe6751bd444baba865ed4978e366af355ef6e3665903d4797fd4448e33
tcn,electrode,202,bandpass_n20002_cLA_V3_V6_independent_rms_s20,phase2/results/predictions/full/electrode/tcn/seed_202/bandpass_n20002_cLA_V3_V6_independent_rms_s20.npz,76538,3a76c14b6e6e89d4e7801db70d303a061dab266cfaacca157185a30e9a4d3b5a
tcn,electrode,202,bandpass_n20002_cLA_V3_V6_independent_rms_s15,phase2/results/predictions/full/electrode/tcn/seed_202/bandpass_n20002_cLA_V3_V6_independent_rms_s15.npz,76532,4084c2502e3d5d40c82dc725351c1af5b85ac2031d95055088869dacdb6c6ce5
tcn,electrode,202,bandpass_n20002_cLA_V3_V6_independent_rms_s10,phase2/results/predictions/full/electrode/tcn/seed_202/bandpass_n20002_cLA_V3_V6_independent_rms_s10.npz,76511,1fb39286aaf92f5825b0039aef21c469ed9fff35c028c8a3b230251cf9b3e1f4
tcn,electrode,202,bandpass_n20002_cLA_V3_V6_independent_rms_s5,phase2/results/predictions/full/electrode/tcn/seed_202/bandpass_n20002_cLA_V3_V6_independent_rms_s5.npz,76498,f338245c772f5f50cbfe8c5d7dbd7b5d30ca15c502b27a8ae396614755e535b5
tcn,electrode,202,bandpass_n20002_cLA_V3_V6_independent_rms_s0,phase2/results/predictions/full/electrode/tcn/seed_202/bandpass_n20002_cLA_V3_V6_independent_rms_s0.npz,76279,b3336f207cc884ae026cc469e2851d297198868c1eab7d827078df5b496d92cb
tcn,electrode,202,bandpass_n20002_cLA_V3_V6_electrode_s20,phase2/results/predictions/full/electrode/tcn/seed_202/bandpass_n20002_cLA_V3_V6_electrode_s20.npz,76517,e715272fe01b5ff3a7dda94e236e2ffb6ee8e61fc86d832a5887b0d36fff1602
tcn,electrode,202,bandpass_n20002_cLA_V3_V6_electrode_s15,phase2/results/predictions/full/electrode/tcn/seed_202/bandpass_n20002_cLA_V3_V6_electrode_s15.npz,76540,51c7e3bd8777335ad14c9bff9b87dcb9da7a1892d4f29b2e655f6c28c0bf90a9
tcn,electrode,202,bandpass_n20002_cLA_V3_V6_electrode_s10,phase2/results/predictions/full/electrode/tcn/seed_202/bandpass_n20002_cLA_V3_V6_electrode_s10.npz,76566,7d63b55ac8c08daca434b3e04750e40ca5f1fa0523b85e356d78bc17d4f96002
tcn,electrode,202,bandpass_n20002_cLA_V3_V6_electrode_s5,phase2/results/predictions/full/electrode/tcn/seed_202/bandpass_n20002_cLA_V3_V6_electrode_s5.npz,76413,1e1f6e7bf213347778f4e06eb95bf9b4d3cab9a03dd7e4eeeeda0fea33b875c1
tcn,electrode,202,bandpass_n20002_cLA_V3_V6_electrode_s0,phase2/results/predictions/full/electrode/tcn/seed_202/bandpass_n20002_cLA_V3_V6_electrode_s0.npz,76078,81a059943fd438c9bd1bbfa6eba0df2afec7d7dd4f6dfbfbc27b22e8a36da8a2
tcn,electrode,202,bandpass_n20002_cLA_V3_V6_covariance_s20,phase2/results/predictions/full/electrode/tcn/seed_202/bandpass_n20002_cLA_V3_V6_covariance_s20.npz,76482,99e5e775d05f3170cd408bcf87da3ae01cd4f7830abc9a06241a3136c9c6482d
tcn,electrode,202,bandpass_n20002_cLA_V3_V6_covariance_s15,phase2/results/predictions/full/electrode/tcn/seed_202/bandpass_n20002_cLA_V3_V6_covariance_s15.npz,76554,a5a4c917fa69307df9ee8e61d7d9ad70d66a5138db7eb7cb935b97d36bf734a3
tcn,electrode,202,bandpass_n20002_cLA_V3_V6_covariance_s10,phase2/results/predictions/full/electrode/tcn/seed_202/bandpass_n20002_cLA_V3_V6_covariance_s10.npz,76528,ac88da6ce72ae3513ec4d51111c25c4456d58d715ceef1792565ca86f217ca51
tcn,electrode,202,bandpass_n20002_cLA_V3_V6_covariance_s5,phase2/results/predictions/full/electrode/tcn/seed_202/bandpass_n20002_cLA_V3_V6_covariance_s5.npz,76429,89cfe75f5214fba894ba89e45fa56c1f05a92d506223de40c1e7c5a0afe09d40
tcn,electrode,202,bandpass_n20002_cLA_V3_V6_covariance_s0,phase2/results/predictions/full/electrode/tcn/seed_202/bandpass_n20002_cLA_V3_V6_covariance_s0.npz,76103,2f401c20917cf8e8a069fec7284874d537cfd001a3727ae194384622e5ed5a6d
tcn,electrode,202,bandpass_n20002_cLL_V1_V4_independent_rms_s20,phase2/results/predictions/full/electrode/tcn/seed_202/bandpass_n20002_cLL_V1_V4_independent_rms_s20.npz,76513,58061af406f11124712bbee2d259727ed582ba1bc3c9533409961dd8f25b788e
tcn,electrode,202,bandpass_n20002_cLL_V1_V4_independent_rms_s15,phase2/results/predictions/full/electrode/tcn/seed_202/bandpass_n20002_cLL_V1_V4_independent_rms_s15.npz,76549,4ff7c5793707f3286c3a375a8dbbffc2799a558ac8b2c901cc77f80ae60d51fb
tcn,electrode,202,bandpass_n20002_cLL_V1_V4_independent_rms_s10,phase2/results/predictions/full/electrode/tcn/seed_202/bandpass_n20002_cLL_V1_V4_independent_rms_s10.npz,76535,77a59f9580be5c6573bfc7ddfd74f700ba5eb068337af2da5264a37b8a800410
tcn,electrode,202,bandpass_n20002_cLL_V1_V4_independent_rms_s5,phase2/results/predictions/full/electrode/tcn/seed_202/bandpass_n20002_cLL_V1_V4_independent_rms_s5.npz,76421,30657839c694b03f0ee9a62f4e28e1075226b2f688ce5d1cc61588328ff37831
tcn,electrode,202,bandpass_n20002_cLL_V1_V4_independent_rms_s0,phase2/results/predictions/full/electrode/tcn/seed_202/bandpass_n20002_cLL_V1_V4_independent_rms_s0.npz,76143,310950d827f1232b13ae453bfd7bb2fcf6f6f56bf105fe8bd7a932821103174e
tcn,electrode,202,bandpass_n20002_cLL_V1_V4_electrode_s20,phase2/results/predictions/full/electrode/tcn/seed_202/bandpass_n20002_cLL_V1_V4_electrode_s20.npz,76482,0081f50cf835395ee8f7d61163ab6ebca23b1c59030c424c994330d14399a97c
tcn,electrode,202,bandpass_n20002_cLL_V1_V4_electrode_s15,phase2/results/predictions/full/electrode/tcn/seed_202/bandpass_n20002_cLL_V1_V4_electrode_s15.npz,76493,9f8ab03bbb495fc35779dda7a46ac4ef9ac4294f36c0c578ab17379c9ef7bfed
tcn,electrode,202,bandpass_n20002_cLL_V1_V4_electrode_s10,phase2/results/predictions/full/electrode/tcn/seed_202/bandpass_n20002_cLL_V1_V4_electrode_s10.npz,76493,0372fad541844728b354d6152a9995e18fc34e1eb7af0d9474cbdc768dd24caa
tcn,electrode,202,bandpass_n20002_cLL_V1_V4_electrode_s5,phase2/results/predictions/full/electrode/tcn/seed_202/bandpass_n20002_cLL_V1_V4_electrode_s5.npz,76371,7e396c0b849a2d002cc520915c7d024ca30ce044586971fa3a2fc680c2631f32
tcn,electrode,202,bandpass_n20002_cLL_V1_V4_electrode_s0,phase2/results/predictions/full/electrode/tcn/seed_202/bandpass_n20002_cLL_V1_V4_electrode_s0.npz,76018,2a0fff0ec257f4700bf7a6358177df520c7f3c5b2dc859288ecc26112b753b1d
tcn,electrode,202,bandpass_n20002_cLL_V1_V4_covariance_s20,phase2/results/predictions/full/electrode/tcn/seed_202/bandpass_n20002_cLL_V1_V4_covariance_s20.npz,76532,4428e97f8cbd66884ab8aa30738300cd7b075a5464f6ef2b9e200e1d1c3b7166
tcn,electrode,202,bandpass_n20002_cLL_V1_V4_covariance_s15,phase2/results/predictions/full/electrode/tcn/seed_202/bandpass_n20002_cLL_V1_V4_covariance_s15.npz,76514,9ecb92280aad51bfc33409746cc2222ef5f2eb15f9d9a249bb4562e37394dfb2
tcn,electrode,202,bandpass_n20002_cLL_V1_V4_covariance_s10,phase2/results/predictions/full/electrode/tcn/seed_202/bandpass_n20002_cLL_V1_V4_covariance_s10.npz,76521,a1c0060665d0e5395beb7fea4141cd68ad62cc3398864d7ad4a33eac55564ba7
tcn,electrode,202,bandpass_n20002_cLL_V1_V4_covariance_s5,phase2/results/predictions/full/electrode/tcn/seed_202/bandpass_n20002_cLL_V1_V4_covariance_s5.npz,76383,69b2b56fcec7ff1df6ea5ebb8895f770062c2c0e95f46048435b0748488cad39
tcn,electrode,202,bandpass_n20002_cLL_V1_V4_covariance_s0,phase2/results/predictions/full/electrode/tcn/seed_202/bandpass_n20002_cLL_V1_V4_covariance_s0.npz,76004,9b885d017d08a54671a6e76c69567dbb41225cd80613f2f5b90cbf4f08301a80
tcn,electrode,202,bandpass_n20002_call_independent_rms_s20,phase2/results/predictions/full/electrode/tcn/seed_202/bandpass_n20002_call_independent_rms_s20.npz,76486,76a864bc23caf59e5e6a956fc43be1bee2978b7f42650c42f8a34a73149abde9
tcn,electrode,202,bandpass_n20002_call_independent_rms_s15,phase2/results/predictions/full/electrode/tcn/seed_202/bandpass_n20002_call_independent_rms_s15.npz,76518,fe42d9aff554ae818eab9848a1afbdb8862496bae7814b60caa1caa2ccc8f0d7
tcn,electrode,202,bandpass_n20002_call_independent_rms_s10,phase2/results/predictions/full/electrode/tcn/seed_202/bandpass_n20002_call_independent_rms_s10.npz,76497,723b15cb68bbe518a662cc45eed7e6e6e464c44e886fece443d51a7b73141bf3
tcn,electrode,202,bandpass_n20002_call_independent_rms_s5,phase2/results/predictions/full/electrode/tcn/seed_202/bandpass_n20002_call_independent_rms_s5.npz,76467,3e1f092365647dd37c7d68714e9344d240793fd92d5609cecef3dc1b5c6c267d
tcn,electrode,202,bandpass_n20002_call_independent_rms_s0,phase2/results/predictions/full/electrode/tcn/seed_202/bandpass_n20002_call_independent_rms_s0.npz,76201,6f0b353b2e819ac4027a3bf8ed95ab09134c432cc071948c9a664c7819b9721a
tcn,electrode,202,bandpass_n20002_call_electrode_s20,phase2/results/predictions/full/electrode/tcn/seed_202/bandpass_n20002_call_electrode_s20.npz,76453,4397bdbd81ad182df92f895c1ec4039e079c940ebe4ce08ec99875c3b2a8cc02
tcn,electrode,202,bandpass_n20002_call_electrode_s15,phase2/results/predictions/full/electrode/tcn/seed_202/bandpass_n20002_call_electrode_s15.npz,76495,67396b7a5da3faf2cb2345eeaf98dda0c2cfa7a6f2ddb4d772e1d089cb823376
tcn,electrode,202,bandpass_n20002_call_electrode_s10,phase2/results/predictions/full/electrode/tcn/seed_202/bandpass_n20002_call_electrode_s10.npz,76467,5d6c441f2105e7c214e72714f4efa5db6b2a86cfb9becbc4bdf16d809f8c0520
tcn,electrode,202,bandpass_n20002_call_electrode_s5,phase2/results/predictions/full/electrode/tcn/seed_202/bandpass_n20002_call_electrode_s5.npz,76358,7db982341380b8015ae88d52608adc8ba356fbb0de729fab5069d00bc5d24be3
tcn,electrode,202,bandpass_n20002_call_electrode_s0,phase2/results/predictions/full/electrode/tcn/seed_202/bandpass_n20002_call_electrode_s0.npz,75993,9cf5c66dc612c6e43a39b147c9a20cf0064e96f46e0f8f141b8408d940c78259
tcn,electrode,202,bandpass_n20002_call_covariance_s20,phase2/results/predictions/full/electrode/tcn/seed_202/bandpass_n20002_call_covariance_s20.npz,76494,5d79bc27539072751ec097bbbaf77baf698e01636242e0a4be61893af0763d16
tcn,electrode,202,bandpass_n20002_call_covariance_s15,phase2/results/predictions/full/electrode/tcn/seed_202/bandpass_n20002_call_covariance_s15.npz,76503,d35bb17a8f47352614a651abdc1130a6d16512691965cbf35e712f2ad48631ad
tcn,electrode,202,bandpass_n20002_call_covariance_s10,phase2/results/predictions/full/electrode/tcn/seed_202/bandpass_n20002_call_covariance_s10.npz,76460,162fcebe8d9d1155301a595bd4781cc1232af1c1d6a8383325a3aabcdedca347
tcn,electrode,202,bandpass_n20002_call_covariance_s5,phase2/results/predictions/full/electrode/tcn/seed_202/bandpass_n20002_call_covariance_s5.npz,76372,c5656611f50f220e50ff938fbf404dc715f6d6458f61f707beee5f81e4a5490f
tcn,electrode,202,bandpass_n20002_call_covariance_s0,phase2/results/predictions/full/electrode/tcn/seed_202/bandpass_n20002_call_covariance_s0.npz,76010,ce6139c5909357eb944b481841a7e44d1b81e29c19105f70f12cf4f8ff6ff5b0
tcn,electrode,202,bandpass_n20003_cRA_LA_LL_independent_rms_s20,phase2/results/predictions/full/electrode/tcn/seed_202/bandpass_n20003_cRA_LA_LL_independent_rms_s20.npz,76519,d8d006f35819ba244324994b64a93bdf7c403d477c1d8426e2a6ee183d733287
tcn,electrode,202,bandpass_n20003_cRA_LA_LL_independent_rms_s15,phase2/results/predictions/full/electrode/tcn/seed_202/bandpass_n20003_cRA_LA_LL_independent_rms_s15.npz,76513,9049f1c8db0106ca7a17fe68b7ba574df3165f277542b3b99c59afc78d9a73d0
tcn,electrode,202,bandpass_n20003_cRA_LA_LL_independent_rms_s10,phase2/results/predictions/full/electrode/tcn/seed_202/bandpass_n20003_cRA_LA_LL_independent_rms_s10.npz,76517,846f5b502aa8d4f1f2779597de9d59da0177a348fc8d2896b365ccc4ba1376aa
tcn,electrode,202,bandpass_n20003_cRA_LA_LL_independent_rms_s5,phase2/results/predictions/full/electrode/tcn/seed_202/bandpass_n20003_cRA_LA_LL_independent_rms_s5.npz,76448,97d284749684c9fed068143ad085b4d7f6607b52383e7b4640a59ef46b0d7d4b
tcn,electrode,202,bandpass_n20003_cRA_LA_LL_independent_rms_s0,phase2/results/predictions/full/electrode/tcn/seed_202/bandpass_n20003_cRA_LA_LL_independent_rms_s0.npz,76225,6956797d31f562fc42d98c1eaadb1798a0164eec6384018a4d33ed8cd43706fa
tcn,electrode,202,bandpass_n20003_cRA_LA_LL_electrode_s20,phase2/results/predictions/full/electrode/tcn/seed_202/bandpass_n20003_cRA_LA_LL_electrode_s20.npz,76501,ebbd830a0caf8e08e5a1b7e72e30ce7f486ebcd0731c40d3bd79495db47c1176
tcn,electrode,202,bandpass_n20003_cRA_LA_LL_electrode_s15,phase2/results/predictions/full/electrode/tcn/seed_202/bandpass_n20003_cRA_LA_LL_electrode_s15.npz,76527,d3d28f59cb329703e29298c5f8cd56a5a5b7e53372730401ecce61c5ccbc91e3
tcn,electrode,202,bandpass_n20003_cRA_LA_LL_electrode_s10,phase2/results/predictions/full/electrode/tcn/seed_202/bandpass_n20003_cRA_LA_LL_electrode_s10.npz,76512,32d1687973c3ab96d827fc9eab7d6aaffa8d4ea1385e8d1543a147be4e695b86
tcn,electrode,202,bandpass_n20003_cRA_LA_LL_electrode_s5,phase2/results/predictions/full/electrode/tcn/seed_202/bandpass_n20003_cRA_LA_LL_electrode_s5.npz,76356,6fdba95d71cc4c9027b7c7e91c7224f095f7d2c3fbc1b2db575bc61f6a4d3f69
tcn,electrode,202,bandpass_n20003_cRA_LA_LL_electrode_s0,phase2/results/predictions/full/electrode/tcn/seed_202/bandpass_n20003_cRA_LA_LL_electrode_s0.npz,75952,3cf14d41ad3c3b54b335d4d5461f1a53f2d1cb34e74f5b4e5ecc05b1af6fa97f
tcn,electrode,202,bandpass_n20003_cRA_LA_LL_covariance_s20,phase2/results/predictions/full/electrode/tcn/seed_202/bandpass_n20003_cRA_LA_LL_covariance_s20.npz,76491,8dcdaaeed534de07c075efc4bf5247e450c91ee5a882a4d10f62eb1bd58847c8
tcn,electrode,202,bandpass_n20003_cRA_LA_LL_covariance_s15,phase2/results/predictions/full/electrode/tcn/seed_202/bandpass_n20003_cRA_LA_LL_covariance_s15.npz,76526,1f15b4f4964a44b390eb57d19e435b36d21439233ef5a04bb3ed10412cc387f8
tcn,electrode,202,bandpass_n20003_cRA_LA_LL_covariance_s10,phase2/results/predictions/full/electrode/tcn/seed_202/bandpass_n20003_cRA_LA_LL_covariance_s10.npz,76478,bd620719c40032c283886beae5c2da23b8e13f27a1d51b6b612ee85b4047b0d4
tcn,electrode,202,bandpass_n20003_cRA_LA_LL_covariance_s5,phase2/results/predictions/full/electrode/tcn/seed_202/bandpass_n20003_cRA_LA_LL_covariance_s5.npz,76322,7f626fc968b7c8670dd9e53e7b9ea720c833bf4d521c8739bfd29ac1748f8c6c
tcn,electrode,202,bandpass_n20003_cRA_LA_LL_covariance_s0,phase2/results/predictions/full/electrode/tcn/seed_202/bandpass_n20003_cRA_LA_LL_covariance_s0.npz,76009,f65f07ba04cd44c3df2b56fecbd1269e4145dd5f05ba78203c5d21c75329973f
tcn,electrode,202,bandpass_n20003_cV1_independent_rms_s20,phase2/results/predictions/full/electrode/tcn/seed_202/bandpass_n20003_cV1_independent_rms_s20.npz,76476,a6a5878cb8872289a83da98ea20616636b20ece93a8a01413dacc8af64292ea7
tcn,electrode,202,bandpass_n20003_cV1_independent_rms_s15,phase2/results/predictions/full/electrode/tcn/seed_202/bandpass_n20003_cV1_independent_rms_s15.npz,76507,05ff41439f8028915171b29fb8b5f52aa64203956f1c16d546058e08689a41ea
tcn,electrode,202,bandpass_n20003_cV1_independent_rms_s10,phase2/results/predictions/full/electrode/tcn/seed_202/bandpass_n20003_cV1_independent_rms_s10.npz,76493,07da00857a7521f7285b75bf7dd47fecbf53e45d9cef3a70c45e8ef3cd99591c
tcn,electrode,202,bandpass_n20003_cV1_independent_rms_s5,phase2/results/predictions/full/electrode/tcn/seed_202/bandpass_n20003_cV1_independent_rms_s5.npz,76371,3d95808cf39e3cdab0dff86386a952e1713b2c47cf6e9f29c02d5081152aec2d
tcn,electrode,202,bandpass_n20003_cV1_independent_rms_s0,phase2/results/predictions/full/electrode/tcn/seed_202/bandpass_n20003_cV1_independent_rms_s0.npz,76028,5fa7c0441317b99fb53f210f187d35f91bde47a107607fa9fe10973f4bc48419
tcn,electrode,202,bandpass_n20003_cV1_electrode_s20,phase2/results/predictions/full/electrode/tcn/seed_202/bandpass_n20003_cV1_electrode_s20.npz,76491,a273110434d1cfd9ced08afbd75bfa151b33c8da88086a43fedc0be3d94563ce
tcn,electrode,202,bandpass_n20003_cV1_electrode_s15,phase2/results/predictions/full/electrode/tcn/seed_202/bandpass_n20003_cV1_electrode_s15.npz,76507,cbf0cd397f6679174cf3b2b89f22993bca5f9e8c8e7f01f2baf2858554f19f4c
tcn,electrode,202,bandpass_n20003_cV1_electrode_s10,phase2/results/predictions/full/electrode/tcn/seed_202/bandpass_n20003_cV1_electrode_s10.npz,76478,1371db59aee05e001bdd3bfc768e4c6bc3dab5956cf7da8f2d11ad0bbadb442b
tcn,electrode,202,bandpass_n20003_cV1_electrode_s5,phase2/results/predictions/full/electrode/tcn/seed_202/bandpass_n20003_cV1_electrode_s5.npz,76340,cf5bcbb4db5f77d1dbb37cf4545c3916a593d4a51eaa460b3bdcc686a2029c99
tcn,electrode,202,bandpass_n20003_cV1_electrode_s0,phase2/results/predictions/full/electrode/tcn/seed_202/bandpass_n20003_cV1_electrode_s0.npz,75982,ade6c605bd35d2db1063c7caa6a19aef326dce5d5709316242877cf32586515d
tcn,electrode,202,bandpass_n20003_cV1_covariance_s20,phase2/results/predictions/full/electrode/tcn/seed_202/bandpass_n20003_cV1_covariance_s20.npz,76512,2b2df4e2038a4820a8385756e32768bdc295b44d1e93b3bf4f410d3c5118b743
tcn,electrode,202,bandpass_n20003_cV1_covariance_s15,phase2/results/predictions/full/electrode/tcn/seed_202/bandpass_n20003_cV1_covariance_s15.npz,76489,7ae2a0fb09333beb94c5c08b85a069a79f436f9d187dee45c8f129fc259f3da5
tcn,electrode,202,bandpass_n20003_cV1_covariance_s10,phase2/results/predictions/full/electrode/tcn/seed_202/bandpass_n20003_cV1_covariance_s10.npz,76504,19ad5e1499d851613be47fd8f0eccb5e30f47e55feb3d3763b287c4ade9ddc48
tcn,electrode,202,bandpass_n20003_cV1_covariance_s5,phase2/results/predictions/full/electrode/tcn/seed_202/bandpass_n20003_cV1_covariance_s5.npz,76343,3dea88df09df269d22bd200757940db5f176614ace3d19d34cde0c0193c98bb1
tcn,electrode,202,bandpass_n20003_cV1_covariance_s0,phase2/results/predictions/full/electrode/tcn/seed_202/bandpass_n20003_cV1_covariance_s0.npz,76035,ca88527d72f53f49a835346e48d36ea40772b5fc649716bcc18e54287b18e6d4
tcn,electrode,202,bandpass_n20003_cV2_independent_rms_s20,phase2/results/predictions/full/electrode/tcn/seed_202/bandpass_n20003_cV2_independent_rms_s20.npz,76471,a01d804317e2765f3632e076dee0404be3b5a3dca79d33ab4e7ba2b683938958
tcn,electrode,202,bandpass_n20003_cV2_independent_rms_s15,phase2/results/predictions/full/electrode/tcn/seed_202/bandpass_n20003_cV2_independent_rms_s15.npz,76515,7078a73e271a8707e388b4daba7ae058efbc35bdaa5b328cd7d36e0ff7c1eebf
tcn,electrode,202,bandpass_n20003_cV2_independent_rms_s10,phase2/results/predictions/full/electrode/tcn/seed_202/bandpass_n20003_cV2_independent_rms_s10.npz,76541,c4bd9654f74798b05d6515a66c528b726732d533b0abb74c46063c81afc3bc82
tcn,electrode,202,bandpass_n20003_cV2_independent_rms_s5,phase2/results/predictions/full/electrode/tcn/seed_202/bandpass_n20003_cV2_independent_rms_s5.npz,76457,59111a18e5e8b900644a5c33df35391286bc752c6706a0908d1e7c09d92f26b1
tcn,electrode,202,bandpass_n20003_cV2_independent_rms_s0,phase2/results/predictions/full/electrode/tcn/seed_202/bandpass_n20003_cV2_independent_rms_s0.npz,76219,e91a4c006e133412ccd4f30548e2ff0df098d2e97fb8ffbb176433fdeeaec8f3
tcn,electrode,202,bandpass_n20003_cV2_electrode_s20,phase2/results/predictions/full/electrode/tcn/seed_202/bandpass_n20003_cV2_electrode_s20.npz,76478,f5287b2c7a9ae16f570d2eea459e5355060e891efc8f44c53b2cd0fb648e3562
tcn,electrode,202,bandpass_n20003_cV2_electrode_s15,phase2/results/predictions/full/electrode/tcn/seed_202/bandpass_n20003_cV2_electrode_s15.npz,76497,bde53d8480600179597e1d1c022d9bf615774598511d55efdd8b0b004ac61359
tcn,electrode,202,bandpass_n20003_cV2_electrode_s10,phase2/results/predictions/full/electrode/tcn/seed_202/bandpass_n20003_cV2_electrode_s10.npz,76461,8af3362653203a95742789708b1a2131079114fd4e2da46beefcc3614af516e7
tcn,electrode,202,bandpass_n20003_cV2_electrode_s5,phase2/results/predictions/full/electrode/tcn/seed_202/bandpass_n20003_cV2_electrode_s5.npz,76440,5468928743256d597d383ce3ffb40e17661895367ffef6649676a7bb7e76ad98
tcn,electrode,202,bandpass_n20003_cV2_electrode_s0,phase2/results/predictions/full/electrode/tcn/seed_202/bandpass_n20003_cV2_electrode_s0.npz,76216,ac178c5bfc22e164bbac748edf417d33c5f99b14f3096ec693d793804b7a7dbc
tcn,electrode,202,bandpass_n20003_cV2_covariance_s20,phase2/results/predictions/full/electrode/tcn/seed_202/bandpass_n20003_cV2_covariance_s20.npz,76514,7204d9585fb1415d1fbb31bb95085d25633e8f60335bd3fbb650787719ae1ec2
tcn,electrode,202,bandpass_n20003_cV2_covariance_s15,phase2/results/predictions/full/electrode/tcn/seed_202/bandpass_n20003_cV2_covariance_s15.npz,76498,d7937913480a4791595974bdcebfb2dcc8b15066662f47d009e3d3757ad78bce
tcn,electrode,202,bandpass_n20003_cV2_covariance_s10,phase2/results/predictions/full/electrode/tcn/seed_202/bandpass_n20003_cV2_covariance_s10.npz,76483,15e4c12929a0238a0620695add4630a23b9898e607259a90a09090995dbd46e5
tcn,electrode,202,bandpass_n20003_cV2_covariance_s5,phase2/results/predictions/full/electrode/tcn/seed_202/bandpass_n20003_cV2_covariance_s5.npz,76417,303db5a51d05b28c767081bb14488e3d5a59ee067bf4764cdece23920d76fd8c
tcn,electrode,202,bandpass_n20003_cV2_covariance_s0,phase2/results/predictions/full/electrode/tcn/seed_202/bandpass_n20003_cV2_covariance_s0.npz,76211,66dd98aec0d44dedcb2e8cb1eb886b34f98e4559fe00ac26d815793499fb892b
tcn,electrode,202,bandpass_n20003_cV3_independent_rms_s20,phase2/results/predictions/full/electrode/tcn/seed_202/bandpass_n20003_cV3_independent_rms_s20.npz,76472,c68d09bd3cf061cecb1e5e616e7c1538c34bf23b3546bdd4f857a82f8e940d61
tcn,electrode,202,bandpass_n20003_cV3_independent_rms_s15,phase2/results/predictions/full/electrode/tcn/seed_202/bandpass_n20003_cV3_independent_rms_s15.npz,76494,9625824bd0e0f11ea81d91b9c888930c5ec8cf1154f825a2df30ddb7e071b17d
tcn,electrode,202,bandpass_n20003_cV3_independent_rms_s10,phase2/results/predictions/full/electrode/tcn/seed_202/bandpass_n20003_cV3_independent_rms_s10.npz,76506,09132f50ef301d2da2821093294e91e9bbcfd79893b511a8b914a833d7df483f
tcn,electrode,202,bandpass_n20003_cV3_independent_rms_s5,phase2/results/predictions/full/electrode/tcn/seed_202/bandpass_n20003_cV3_independent_rms_s5.npz,76495,3946edca93234bc0b5a20825edd0ed81e39fd0a4689b4f755bc4aadef9142fbd
tcn,electrode,202,bandpass_n20003_cV3_independent_rms_s0,phase2/results/predictions/full/electrode/tcn/seed_202/bandpass_n20003_cV3_independent_rms_s0.npz,76372,948ec88102c37f823bcbed91edd537d8fc2dba067763e1bc234710f2fff0b720
tcn,electrode,202,bandpass_n20003_cV3_electrode_s20,phase2/results/predictions/full/electrode/tcn/seed_202/bandpass_n20003_cV3_electrode_s20.npz,76473,63aaa4ffd4f35ce6c68f920bb4d6cbd474c695f3526e5cbbbd53aaee269211b9
tcn,electrode,202,bandpass_n20003_cV3_electrode_s15,phase2/results/predictions/full/electrode/tcn/seed_202/bandpass_n20003_cV3_electrode_s15.npz,76494,479ff8b556b30d17cb3a80738c8e9f559023b17cfb412d0aea6d283ae60297f7
tcn,electrode,202,bandpass_n20003_cV3_electrode_s10,phase2/results/predictions/full/electrode/tcn/seed_202/bandpass_n20003_cV3_electrode_s10.npz,76478,f4ff53244eaf6df11949c30abe593f29e9bff2aff76bd23685867548ca047cef
tcn,electrode,202,bandpass_n20003_cV3_electrode_s5,phase2/results/predictions/full/electrode/tcn/seed_202/bandpass_n20003_cV3_electrode_s5.npz,76505,4390d99222d62bf568db5256f3d2088c1ce0a6e549ac6b715af21c08b2286ab1
tcn,electrode,202,bandpass_n20003_cV3_electrode_s0,phase2/results/predictions/full/electrode/tcn/seed_202/bandpass_n20003_cV3_electrode_s0.npz,76339,7d77ba749f30281ce119fb70b0b3c0c67529a0a4df5ad672dc177748e4135071
tcn,electrode,202,bandpass_n20003_cV3_covariance_s20,phase2/results/predictions/full/electrode/tcn/seed_202/bandpass_n20003_cV3_covariance_s20.npz,76501,582bf5b8841f223ae494563bd2037aac8c5ea93a9526c34eb25a09ae951b49db
tcn,electrode,202,bandpass_n20003_cV3_covariance_s15,phase2/results/predictions/full/electrode/tcn/seed_202/bandpass_n20003_cV3_covariance_s15.npz,76490,8f32bb6f13b578cd96e603a49b782c8732bc6da7f8aba92c9356038aafcb173e
tcn,electrode,202,bandpass_n20003_cV3_covariance_s10,phase2/results/predictions/full/electrode/tcn/seed_202/bandpass_n20003_cV3_covariance_s10.npz,76512,5d78d785df972c0e93325c8cb0efa46694e22d176e3e27a2df1f888757016d26
tcn,electrode,202,bandpass_n20003_cV3_covariance_s5,phase2/results/predictions/full/electrode/tcn/seed_202/bandpass_n20003_cV3_covariance_s5.npz,76486,0582a05f344b2687340da285c09e2c1b09b3a18e17f1bfd6136c5f567807aa3a
tcn,electrode,202,bandpass_n20003_cV3_covariance_s0,phase2/results/predictions/full/electrode/tcn/seed_202/bandpass_n20003_cV3_covariance_s0.npz,76373,427dab29954eb3dd633dd969206f662d0972343994e1acca84f039f989de0676
tcn,electrode,202,bandpass_n20003_cV4_independent_rms_s20,phase2/results/predictions/full/electrode/tcn/seed_202/bandpass_n20003_cV4_independent_rms_s20.npz,76530,d057d873e5e270a1017822ca4b115869ccf961964f47905e1899314bbf309b6c
tcn,electrode,202,bandpass_n20003_cV4_independent_rms_s15,phase2/results/predictions/full/electrode/tcn/seed_202/bandpass_n20003_cV4_independent_rms_s15.npz,76463,566d46ff4bee3aee64b1f8e0e37ef30f24be308c9ac90430e23e95eff582de36
tcn,electrode,202,bandpass_n20003_cV4_independent_rms_s10,phase2/results/predictions/full/electrode/tcn/seed_202/bandpass_n20003_cV4_independent_rms_s10.npz,76492,22f2e08fb7753fdad270c87ac8dbd16f001d0bf32d4c248c111db0486e3613a0
tcn,electrode,202,bandpass_n20003_cV4_independent_rms_s5,phase2/results/predictions/full/electrode/tcn/seed_202/bandpass_n20003_cV4_independent_rms_s5.npz,76491,3107baaec8e582908aa5727e6096de61e9e7984955349c75798d3b0822df8336
tcn,electrode,202,bandpass_n20003_cV4_independent_rms_s0,phase2/results/predictions/full/electrode/tcn/seed_202/bandpass_n20003_cV4_independent_rms_s0.npz,76262,4b32cd64dbe815eb10d3e8c0b185fa957755bdc74ae8516fd9070de2ce406761
tcn,electrode,202,bandpass_n20003_cV4_electrode_s20,phase2/results/predictions/full/electrode/tcn/seed_202/bandpass_n20003_cV4_electrode_s20.npz,76507,124dc3b2b129179df1dd04a01e1244878ac014370555a785d32b0179ff2194df
tcn,electrode,202,bandpass_n20003_cV4_electrode_s15,phase2/results/predictions/full/electrode/tcn/seed_202/bandpass_n20003_cV4_electrode_s15.npz,76487,690942b6c81866411018556887d24d8bcb6c03b7db01e856031b9d91e50c27a8
tcn,electrode,202,bandpass_n20003_cV4_electrode_s10,phase2/results/predictions/full/electrode/tcn/seed_202/bandpass_n20003_cV4_electrode_s10.npz,76490,b1167a0d7efff9fe04dd4800c8fdb760f1849be1b41bfc3bba5bc0ea33ce56c8
tcn,electrode,202,bandpass_n20003_cV4_electrode_s5,phase2/results/predictions/full/electrode/tcn/seed_202/bandpass_n20003_cV4_electrode_s5.npz,76462,dea10747d8290943976d75e1ad41b5757eeb026cd01eb6f4599160679c598cbf
tcn,electrode,202,bandpass_n20003_cV4_electrode_s0,phase2/results/predictions/full/electrode/tcn/seed_202/bandpass_n20003_cV4_electrode_s0.npz,76279,a0252ee72638dddaef152f6e4487c109ee138add51d62fe2e794dee1bb71ef4f
tcn,electrode,202,bandpass_n20003_cV4_covariance_s20,phase2/results/predictions/full/electrode/tcn/seed_202/bandpass_n20003_cV4_covariance_s20.npz,76507,47904f42bb27ca212875b8e72a1a88f2d6dad72d3e4ee07297020eff73fb04df
tcn,electrode,202,bandpass_n20003_cV4_covariance_s15,phase2/results/predictions/full/electrode/tcn/seed_202/bandpass_n20003_cV4_covariance_s15.npz,76481,9be2dc0438134f2b444c84e51553ced6212fd3dea9784816f37a0d5818d6610c
tcn,electrode,202,bandpass_n20003_cV4_covariance_s10,phase2/results/predictions/full/electrode/tcn/seed_202/bandpass_n20003_cV4_covariance_s10.npz,76487,16a5e7b2e7196be3bb3b99dacac8446a71c028636d9114e800f9b4bccc88d435
tcn,electrode,202,bandpass_n20003_cV4_covariance_s5,phase2/results/predictions/full/electrode/tcn/seed_202/bandpass_n20003_cV4_covariance_s5.npz,76473,bb45f636136532cf731da889fb5ee62e1ee56f2514e8a488daf7890035144a58
tcn,electrode,202,bandpass_n20003_cV4_covariance_s0,phase2/results/predictions/full/electrode/tcn/seed_202/bandpass_n20003_cV4_covariance_s0.npz,76283,b2f3e71920f3f4ca42f9c77079527a1e0869ab151de03812c5242328b11ec2dc
tcn,electrode,202,bandpass_n20003_cV5_independent_rms_s20,phase2/results/predictions/full/electrode/tcn/seed_202/bandpass_n20003_cV5_independent_rms_s20.npz,76523,7add7f64d6f005e2f218372c3fd374133372136c48db57d00cc5cf08174779a3
tcn,electrode,202,bandpass_n20003_cV5_independent_rms_s15,phase2/results/predictions/full/electrode/tcn/seed_202/bandpass_n20003_cV5_independent_rms_s15.npz,76524,5d8ba0467f3fed9db04a630e5ddc59970e16998126e121503b00a86c838e7c9b
tcn,electrode,202,bandpass_n20003_cV5_independent_rms_s10,phase2/results/predictions/full/electrode/tcn/seed_202/bandpass_n20003_cV5_independent_rms_s10.npz,76494,5045c3979377233983592e933fed2595bcf75bab050d50e92a14ece146189dc4
tcn,electrode,202,bandpass_n20003_cV5_independent_rms_s5,phase2/results/predictions/full/electrode/tcn/seed_202/bandpass_n20003_cV5_independent_rms_s5.npz,76452,173df81467ccde55c94f5c5b0d356c65a497bac0997bc764d28581b0bdf6d764
tcn,electrode,202,bandpass_n20003_cV5_independent_rms_s0,phase2/results/predictions/full/electrode/tcn/seed_202/bandpass_n20003_cV5_independent_rms_s0.npz,76227,ad4bfcc66ff917d9d2ad4037d5fa7cdffa0f1a2f336267bb3d2524d88f94ed26
tcn,electrode,202,bandpass_n20003_cV5_electrode_s20,phase2/results/predictions/full/electrode/tcn/seed_202/bandpass_n20003_cV5_electrode_s20.npz,76505,84dab9c54ec2ee08b7df69c64bfbdba0f57640a2055b381844a4c4c986a32923
tcn,electrode,202,bandpass_n20003_cV5_electrode_s15,phase2/results/predictions/full/electrode/tcn/seed_202/bandpass_n20003_cV5_electrode_s15.npz,76502,c4514436e2e7d628b892087afaa88eb41d96204bfc0ea059e574b8118859da17
tcn,electrode,202,bandpass_n20003_cV5_electrode_s10,phase2/results/predictions/full/electrode/tcn/seed_202/bandpass_n20003_cV5_electrode_s10.npz,76503,06792e76a5d91690d4867ba8598ed259faf1f604d1edfd255606a6ba98c3fd70
tcn,electrode,202,bandpass_n20003_cV5_electrode_s5,phase2/results/predictions/full/electrode/tcn/seed_202/bandpass_n20003_cV5_electrode_s5.npz,76437,501761f7c745dbf20a265bd49db3d1980754dabcd8d6eb1d93c0f66ab231ceb8
tcn,electrode,202,bandpass_n20003_cV5_electrode_s0,phase2/results/predictions/full/electrode/tcn/seed_202/bandpass_n20003_cV5_electrode_s0.npz,76201,6a493d46828a00811a3453771a6811d4c092d64d76a3b4163d9a5ea87172e5ce
tcn,electrode,202,bandpass_n20003_cV5_covariance_s20,phase2/results/predictions/full/electrode/tcn/seed_202/bandpass_n20003_cV5_covariance_s20.npz,76497,99b7d0e380f86ba04be493a1159bbf260b41f2df316ec8ada677b76cdd276509
tcn,electrode,202,bandpass_n20003_cV5_covariance_s15,phase2/results/predictions/full/electrode/tcn/seed_202/bandpass_n20003_cV5_covariance_s15.npz,76489,47102ebfcd7e2439c1859167fb69b65a423867579e6fd7dbad3cb1bf67b96ab4
tcn,electrode,202,bandpass_n20003_cV5_covariance_s10,phase2/results/predictions/full/electrode/tcn/seed_202/bandpass_n20003_cV5_covariance_s10.npz,76493,de554390cf1e719c3dd0bd072dc3dd742a0922500a1d6468216a7317d87a9837
tcn,electrode,202,bandpass_n20003_cV5_covariance_s5,phase2/results/predictions/full/electrode/tcn/seed_202/bandpass_n20003_cV5_covariance_s5.npz,76454,78c3be9b427389e3ab8eff6bb0a571dcdfce71395368e82724428df55039a0b2
tcn,electrode,202,bandpass_n20003_cV5_covariance_s0,phase2/results/predictions/full/electrode/tcn/seed_202/bandpass_n20003_cV5_covariance_s0.npz,76216,4b018fd6c9931bf2029230c17dbacfd01af41b7e5e98ea6bd45ae1ee59f1d024
tcn,electrode,202,bandpass_n20003_cV6_independent_rms_s20,phase2/results/predictions/full/electrode/tcn/seed_202/bandpass_n20003_cV6_independent_rms_s20.npz,76516,0d04737ccf146628ed420d7c744c67e7525d3b1ad1ee982842c1ffe22d9410b2
tcn,electrode,202,bandpass_n20003_cV6_independent_rms_s15,phase2/results/predictions/full/electrode/tcn/seed_202/bandpass_n20003_cV6_independent_rms_s15.npz,76538,96310ce5e894caf27fd3b82142155f4593ae7d170d2b4f61afba27df2c915972
tcn,electrode,202,bandpass_n20003_cV6_independent_rms_s10,phase2/results/predictions/full/electrode/tcn/seed_202/bandpass_n20003_cV6_independent_rms_s10.npz,76494,8f9a3de3a868fb6e0f30b13a6e2c00917771b361c46e00010c2753a30bc1f84e
tcn,electrode,202,bandpass_n20003_cV6_independent_rms_s5,phase2/results/predictions/full/electrode/tcn/seed_202/bandpass_n20003_cV6_independent_rms_s5.npz,76474,7f430c3a6352728dc6f6cde96b32a98a079bc2dac72a44cf6183a8dbd4ae4b72
tcn,electrode,202,bandpass_n20003_cV6_independent_rms_s0,phase2/results/predictions/full/electrode/tcn/seed_202/bandpass_n20003_cV6_independent_rms_s0.npz,76292,39061eb9bb79d02f63813e2b4e47691f547d940a57432d50cabb204161bcd33e
tcn,electrode,202,bandpass_n20003_cV6_electrode_s20,phase2/results/predictions/full/electrode/tcn/seed_202/bandpass_n20003_cV6_electrode_s20.npz,76466,e40515fbfbea153110731593d82fbfd458f5967363d57318794c41a2767a5bfb
tcn,electrode,202,bandpass_n20003_cV6_electrode_s15,phase2/results/predictions/full/electrode/tcn/seed_202/bandpass_n20003_cV6_electrode_s15.npz,76485,d4ba785bc0577a701acfdca04cdc4bf5e5f8f875ffc30e1c658bae1e1e52f82a
tcn,electrode,202,bandpass_n20003_cV6_electrode_s10,phase2/results/predictions/full/electrode/tcn/seed_202/bandpass_n20003_cV6_electrode_s10.npz,76509,bd2bea8adf40d1269e29349680b7c50f775afc02afd485aae470668b0a28852d
tcn,electrode,202,bandpass_n20003_cV6_electrode_s5,phase2/results/predictions/full/electrode/tcn/seed_202/bandpass_n20003_cV6_electrode_s5.npz,76465,792d1486b5ccdba8c89602b317661eb3ac00c24bab0967c2f68c563b002d2410
tcn,electrode,202,bandpass_n20003_cV6_electrode_s0,phase2/results/predictions/full/electrode/tcn/seed_202/bandpass_n20003_cV6_electrode_s0.npz,76298,f60fded2755694f32687e8631b18ee423348728b0c626986f1ed35e33b3ba827
tcn,electrode,202,bandpass_n20003_cV6_covariance_s20,phase2/results/predictions/full/electrode/tcn/seed_202/bandpass_n20003_cV6_covariance_s20.npz,76490,63ba70bb4b285519f4dd12666cda36fdd792852c35e4492c2d35d40dfadd0d32
tcn,electrode,202,bandpass_n20003_cV6_covariance_s15,phase2/results/predictions/full/electrode/tcn/seed_202/bandpass_n20003_cV6_covariance_s15.npz,76489,4757bb4f17ff725cae5b82e97c383bb03ceb97b9a11789ef6f996ed266216774
tcn,electrode,202,bandpass_n20003_cV6_covariance_s10,phase2/results/predictions/full/electrode/tcn/seed_202/bandpass_n20003_cV6_covariance_s10.npz,76475,cb6af2995afd868992b1064dd62895e1a25a7aa7c677abd665d4cd2a495c77e7
tcn,electrode,202,bandpass_n20003_cV6_covariance_s5,phase2/results/predictions/full/electrode/tcn/seed_202/bandpass_n20003_cV6_covariance_s5.npz,76478,8906fe477017574aab0fd2b2d7c2202ceef6bbb96c1eb00768d933c36c2c672c
tcn,electrode,202,bandpass_n20003_cV6_covariance_s0,phase2/results/predictions/full/electrode/tcn/seed_202/bandpass_n20003_cV6_covariance_s0.npz,76289,38ba25f03c08f6cb5c5d602b0c2f6776239b87577381898aeec1d234dcd61692
tcn,electrode,202,bandpass_n20003_cRA_LA_independent_rms_s20,phase2/results/predictions/full/electrode/tcn/seed_202/bandpass_n20003_cRA_LA_independent_rms_s20.npz,76525,67d5940c5376966e68efee826a4b24ef0943f10fd36c5b95179817ed280d827d
tcn,electrode,202,bandpass_n20003_cRA_LA_independent_rms_s15,phase2/results/predictions/full/electrode/tcn/seed_202/bandpass_n20003_cRA_LA_independent_rms_s15.npz,76531,79e169aa49649df4728b5a7a7b927cb282a12970436ef43034048b5b7bbc310f
tcn,electrode,202,bandpass_n20003_cRA_LA_independent_rms_s10,phase2/results/predictions/full/electrode/tcn/seed_202/bandpass_n20003_cRA_LA_independent_rms_s10.npz,76525,f3777f08a2da4cfa49cca38a81c7632db64242a6bafd041a2fddc43012d41d7f
tcn,electrode,202,bandpass_n20003_cRA_LA_independent_rms_s5,phase2/results/predictions/full/electrode/tcn/seed_202/bandpass_n20003_cRA_LA_independent_rms_s5.npz,76435,439bed3df676009ddf9f3f6b93077e530935cd8b80e6c7396c77a07d8bcf6e97
tcn,electrode,202,bandpass_n20003_cRA_LA_independent_rms_s0,phase2/results/predictions/full/electrode/tcn/seed_202/bandpass_n20003_cRA_LA_independent_rms_s0.npz,76230,b35844bd45fb815a90b263441f9c97055f703b7147aedbff02bbb24b0e89704b
tcn,electrode,202,bandpass_n20003_cRA_LA_electrode_s20,phase2/results/predictions/full/electrode/tcn/seed_202/bandpass_n20003_cRA_LA_electrode_s20.npz,76514,b6c8b8979edbc946923905b7d33d266d0584f0a5830619e440d0708f19618a34
tcn,electrode,202,bandpass_n20003_cRA_LA_electrode_s15,phase2/results/predictions/full/electrode/tcn/seed_202/bandpass_n20003_cRA_LA_electrode_s15.npz,76513,520fc8ee981753992e426c6344b4630b6f9b0f02aa2627710c8160312117d1cc
tcn,electrode,202,bandpass_n20003_cRA_LA_electrode_s10,phase2/results/predictions/full/electrode/tcn/seed_202/bandpass_n20003_cRA_LA_electrode_s10.npz,76478,a2f4cb8094fb7d30182f7e77ff0902954fc5162fd5c0915d8fd452decef54684
tcn,electrode,202,bandpass_n20003_cRA_LA_electrode_s5,phase2/results/predictions/full/electrode/tcn/seed_202/bandpass_n20003_cRA_LA_electrode_s5.npz,76335,f894add36f3d27d6c9527cd77da8219333e0f0e879d6eec3a378b830f67b8a1b
tcn,electrode,202,bandpass_n20003_cRA_LA_electrode_s0,phase2/results/predictions/full/electrode/tcn/seed_202/bandpass_n20003_cRA_LA_electrode_s0.npz,76016,c8ce7daf9cb177f3561eb652ef6c991ce30ed6adea7433ebea6fdd55317edb5e
tcn,electrode,202,bandpass_n20003_cRA_LA_covariance_s20,phase2/results/predictions/full/electrode/tcn/seed_202/bandpass_n20003_cRA_LA_covariance_s20.npz,76534,72348e76e7e00eadf1f54ba5e74d487815d7b0512cdb1707c34e2d4eab1ec4bb
tcn,electrode,202,bandpass_n20003_cRA_LA_covariance_s15,phase2/results/predictions/full/electrode/tcn/seed_202/bandpass_n20003_cRA_LA_covariance_s15.npz,76471,5fba08e943dc38a803404f1aef6bba9e46aa922d2625a0f63c54b5f95839c0eb
tcn,electrode,202,bandpass_n20003_cRA_LA_covariance_s10,phase2/results/predictions/full/electrode/tcn/seed_202/bandpass_n20003_cRA_LA_covariance_s10.npz,76497,be653cdefa8f5a7defc82b087c1eaecc39c32485a10c9dd346d62d7cb05035f4
tcn,electrode,202,bandpass_n20003_cRA_LA_covariance_s5,phase2/results/predictions/full/electrode/tcn/seed_202/bandpass_n20003_cRA_LA_covariance_s5.npz,76362,b191c4c6bce0b6376329c8e863477e48fba63b3cbcd51f4efc57207289bdc63c
tcn,electrode,202,bandpass_n20003_cRA_LA_covariance_s0,phase2/results/predictions/full/electrode/tcn/seed_202/bandpass_n20003_cRA_LA_covariance_s0.npz,76032,a3d155161dce44082b679932c5e544bdcc9fe9fa6a981e809e3be0fc26a5d831
tcn,electrode,202,bandpass_n20003_cLA_LL_independent_rms_s20,phase2/results/predictions/full/electrode/tcn/seed_202/bandpass_n20003_cLA_LL_independent_rms_s20.npz,76506,278865d21f0e95a5b33dc6641f6b5f7604d86d3617aa791140c7f29acb883120
tcn,electrode,202,bandpass_n20003_cLA_LL_independent_rms_s15,phase2/results/predictions/full/electrode/tcn/seed_202/bandpass_n20003_cLA_LL_independent_rms_s15.npz,76525,0145e158bbf4936041cf5beff7e7cb82c6f8c663a698ae2baf0fc1dc0a5b8c15
tcn,electrode,202,bandpass_n20003_cLA_LL_independent_rms_s10,phase2/results/predictions/full/electrode/tcn/seed_202/bandpass_n20003_cLA_LL_independent_rms_s10.npz,76492,e4200740845ef7a752c9f003617cc0cf4728cb12ee2dcf1a5bd3ef9f66be7fed
tcn,electrode,202,bandpass_n20003_cLA_LL_independent_rms_s5,phase2/results/predictions/full/electrode/tcn/seed_202/bandpass_n20003_cLA_LL_independent_rms_s5.npz,76434,b33f9485ce143c36235ea73e0befd3598e3766f26c33fbe1065b712ca77bd494
tcn,electrode,202,bandpass_n20003_cLA_LL_independent_rms_s0,phase2/results/predictions/full/electrode/tcn/seed_202/bandpass_n20003_cLA_LL_independent_rms_s0.npz,76222,f5727da6d50540e16ecd8e43c660d4be6fdf0bc7f3da1fb5c70b36e091caaf09
tcn,electrode,202,bandpass_n20003_cLA_LL_electrode_s20,phase2/results/predictions/full/electrode/tcn/seed_202/bandpass_n20003_cLA_LL_electrode_s20.npz,76478,b4e1e716c1a56d6454c9671b0756742b6eb982e9c44ec18c5027d6ec815c3b52
tcn,electrode,202,bandpass_n20003_cLA_LL_electrode_s15,phase2/results/predictions/full/electrode/tcn/seed_202/bandpass_n20003_cLA_LL_electrode_s15.npz,76503,cbda415345dba773c1379a8bb3320047f5974ba08c249b84703d3d22b62eb5a5
tcn,electrode,202,bandpass_n20003_cLA_LL_electrode_s10,phase2/results/predictions/full/electrode/tcn/seed_202/bandpass_n20003_cLA_LL_electrode_s10.npz,76495,10a71ffa89df8a59f5270bd18f746a5b251a2b466ed67f646dd715887b090ef9
tcn,electrode,202,bandpass_n20003_cLA_LL_electrode_s5,phase2/results/predictions/full/electrode/tcn/seed_202/bandpass_n20003_cLA_LL_electrode_s5.npz,76327,cb002fae43f3e71d002d58100922c76187dd794adec87a7fc06c373e20a894e2
tcn,electrode,202,bandpass_n20003_cLA_LL_electrode_s0,phase2/results/predictions/full/electrode/tcn/seed_202/bandpass_n20003_cLA_LL_electrode_s0.npz,75962,7efcab09be9365681f2462596b0c8b32e9754b7c38d2309c56ce85e645e9ba02
tcn,electrode,202,bandpass_n20003_cLA_LL_covariance_s20,phase2/results/predictions/full/electrode/tcn/seed_202/bandpass_n20003_cLA_LL_covariance_s20.npz,76516,09afe8e5dc3c546b7320eaada72e353d1edb02c1965f32cf067dbe06039aa174
tcn,electrode,202,bandpass_n20003_cLA_LL_covariance_s15,phase2/results/predictions/full/electrode/tcn/seed_202/bandpass_n20003_cLA_LL_covariance_s15.npz,76517,43be2620604ff55c934a7be8c70678bfe4a5856be5ed1a83b620f2fb291e65ff
tcn,electrode,202,bandpass_n20003_cLA_LL_covariance_s10,phase2/results/predictions/full/electrode/tcn/seed_202/bandpass_n20003_cLA_LL_covariance_s10.npz,76508,64d12754fdd1b3adc587af7ef4bc6e6129071d537821729a9f8140460ed034e3
tcn,electrode,202,bandpass_n20003_cLA_LL_covariance_s5,phase2/results/predictions/full/electrode/tcn/seed_202/bandpass_n20003_cLA_LL_covariance_s5.npz,76359,da23e98688a3d97479909bbc22cf97178693078c5bcd018c0c83645f85cc5876
tcn,electrode,202,bandpass_n20003_cLA_LL_covariance_s0,phase2/results/predictions/full/electrode/tcn/seed_202/bandpass_n20003_cLA_LL_covariance_s0.npz,75926,a9cc45156aefb14301a0478f98cdfc5e0e73280e04357e22bd706e9b4b89a771
tcn,electrode,202,bandpass_n20003_cRA_LL_independent_rms_s20,phase2/results/predictions/full/electrode/tcn/seed_202/bandpass_n20003_cRA_LL_independent_rms_s20.npz,76494,2e4edf585a73a9d70e49b94a98de95d1ea96d64e09c64787c5e038385060a9f7
tcn,electrode,202,bandpass_n20003_cRA_LL_independent_rms_s15,phase2/results/predictions/full/electrode/tcn/seed_202/bandpass_n20003_cRA_LL_independent_rms_s15.npz,76515,500ce25bd282122adb535b990387f5973aa91ea3d7691aa7e53b545bb43fc025
tcn,electrode,202,bandpass_n20003_cRA_LL_independent_rms_s10,phase2/results/predictions/full/electrode/tcn/seed_202/bandpass_n20003_cRA_LL_independent_rms_s10.npz,76512,31818d575248a4fb013d5c746090ced7e340627d0d242265fb5895502b3a3a09
tcn,electrode,202,bandpass_n20003_cRA_LL_independent_rms_s5,phase2/results/predictions/full/electrode/tcn/seed_202/bandpass_n20003_cRA_LL_independent_rms_s5.npz,76419,6a5c3c6f66d2be36fc277657b6c9c2f6fd5b43e6b325f07dac22a1b881c634e7
tcn,electrode,202,bandpass_n20003_cRA_LL_independent_rms_s0,phase2/results/predictions/full/electrode/tcn/seed_202/bandpass_n20003_cRA_LL_independent_rms_s0.npz,76219,fb5ee232b9bb8be6b915caf0e607f654a2cb08a2c2dd63d340d411a024f0a6a9
tcn,electrode,202,bandpass_n20003_cRA_LL_electrode_s20,phase2/results/predictions/full/electrode/tcn/seed_202/bandpass_n20003_cRA_LL_electrode_s20.npz,76520,89349c3ca9488dd0d4ed17aa6e72181ad2fbdc7157f1d8cf71085e0bf699b798
tcn,electrode,202,bandpass_n20003_cRA_LL_electrode_s15,phase2/results/predictions/full/electrode/tcn/seed_202/bandpass_n20003_cRA_LL_electrode_s15.npz,76536,a1bb53a48e812e136044366432e367507f0beed035218627b84c0cd34cc3ce6e
tcn,electrode,202,bandpass_n20003_cRA_LL_electrode_s10,phase2/results/predictions/full/electrode/tcn/seed_202/bandpass_n20003_cRA_LL_electrode_s10.npz,76519,6d8b13af2053d9aae779a64c20c3833d9bd6ce8021628c508a85a3b7d6d6fe5d
tcn,electrode,202,bandpass_n20003_cRA_LL_electrode_s5,phase2/results/predictions/full/electrode/tcn/seed_202/bandpass_n20003_cRA_LL_electrode_s5.npz,76323,7bedc29cfa7c2869a1a69f3ebde3808d60c08d64aa6f27645841ba51526f4c77
tcn,electrode,202,bandpass_n20003_cRA_LL_electrode_s0,phase2/results/predictions/full/electrode/tcn/seed_202/bandpass_n20003_cRA_LL_electrode_s0.npz,75986,3748a3746022e373e381ed02fb9f72f03bdae570731dda903a67f2af33b35926
tcn,electrode,202,bandpass_n20003_cRA_LL_covariance_s20,phase2/results/predictions/full/electrode/tcn/seed_202/bandpass_n20003_cRA_LL_covariance_s20.npz,76492,6a35501a1fce4b63823eea1a6930dd399dfb788b30427b2e070a8ee1cc7d25f9
tcn,electrode,202,bandpass_n20003_cRA_LL_covariance_s15,phase2/results/predictions/full/electrode/tcn/seed_202/bandpass_n20003_cRA_LL_covariance_s15.npz,76520,ffdd57be2ee1fbdd458428f7b6a5bc8239183a61cb813ebf50077d9a80376aa8
tcn,electrode,202,bandpass_n20003_cRA_LL_covariance_s10,phase2/results/predictions/full/electrode/tcn/seed_202/bandpass_n20003_cRA_LL_covariance_s10.npz,76477,aeb16628b1a6a4aa83840b72fedbfb093acfeb7fd69c66e77134016e3bb94e9f
tcn,electrode,202,bandpass_n20003_cRA_LL_covariance_s5,phase2/results/predictions/full/electrode/tcn/seed_202/bandpass_n20003_cRA_LL_covariance_s5.npz,76329,99f0a74b7e3f3a2d2e08a5c79acd139ef7c09bd3b4e6f861959878691abb6774
tcn,electrode,202,bandpass_n20003_cRA_LL_covariance_s0,phase2/results/predictions/full/electrode/tcn/seed_202/bandpass_n20003_cRA_LL_covariance_s0.npz,75941,f62a0bed5823b2056f81ad5c5357da5536ff96591df0128b23324b3ee65411ea
tcn,electrode,202,bandpass_n20003_cRA_independent_rms_s20,phase2/results/predictions/full/electrode/tcn/seed_202/bandpass_n20003_cRA_independent_rms_s20.npz,76513,40347805f785e2e1272858beb7a0d21ec747e69711e9a24fdf24e76678242917
tcn,electrode,202,bandpass_n20003_cRA_independent_rms_s15,phase2/results/predictions/full/electrode/tcn/seed_202/bandpass_n20003_cRA_independent_rms_s15.npz,76519,2fab2e5107ce545664e9d04154e8be88595829b2c778c1d49cfe7a090596b37f
tcn,electrode,202,bandpass_n20003_cRA_independent_rms_s10,phase2/results/predictions/full/electrode/tcn/seed_202/bandpass_n20003_cRA_independent_rms_s10.npz,76522,d913f74af5ecb927cf09a2ae056cbf93fa21fca821ae10396e54150d777a95c7
tcn,electrode,202,bandpass_n20003_cRA_independent_rms_s5,phase2/results/predictions/full/electrode/tcn/seed_202/bandpass_n20003_cRA_independent_rms_s5.npz,76468,47392ce8e1d254e450a2736a077bddf3f8936ad41c0a99cad29106b013869597
tcn,electrode,202,bandpass_n20003_cRA_independent_rms_s0,phase2/results/predictions/full/electrode/tcn/seed_202/bandpass_n20003_cRA_independent_rms_s0.npz,76242,853d8bc2e71350e5cc1d522a90ccdcfd323a978b9f8045556469325fcad1ad03
tcn,electrode,202,bandpass_n20003_cRA_electrode_s20,phase2/results/predictions/full/electrode/tcn/seed_202/bandpass_n20003_cRA_electrode_s20.npz,76490,8aafb94e5995c4fe9bc4134d29d9be7f47804cb6557725cf7db1cb2ea0596ba3
tcn,electrode,202,bandpass_n20003_cRA_electrode_s15,phase2/results/predictions/full/electrode/tcn/seed_202/bandpass_n20003_cRA_electrode_s15.npz,76500,f7938d3d315afdcef8227ad9a69930864828e5d08a2afb0cccfbdb202e1f3b6d
tcn,electrode,202,bandpass_n20003_cRA_electrode_s10,phase2/results/predictions/full/electrode/tcn/seed_202/bandpass_n20003_cRA_electrode_s10.npz,76501,7774ab59e66bfe190614faba0da571e6e3a9683549c7f02b1f5e3dee2603ea55
tcn,electrode,202,bandpass_n20003_cRA_electrode_s5,phase2/results/predictions/full/electrode/tcn/seed_202/bandpass_n20003_cRA_electrode_s5.npz,76361,4c9dbec1ccf9ab7e9ddda21ac34fe81e7c1ad22246528ca2e295ec2896d5ddb7
tcn,electrode,202,bandpass_n20003_cRA_electrode_s0,phase2/results/predictions/full/electrode/tcn/seed_202/bandpass_n20003_cRA_electrode_s0.npz,76083,086ac2d678c58da66559c295dc12cd0b35565b4d91c1398eb494f89e09c7d056
tcn,electrode,202,bandpass_n20003_cRA_covariance_s20,phase2/results/predictions/full/electrode/tcn/seed_202/bandpass_n20003_cRA_covariance_s20.npz,76501,040188e31f82fe512f9ce9090b8bfe2a3155254c54c9f9b8e093136696c34b36
tcn,electrode,202,bandpass_n20003_cRA_covariance_s15,phase2/results/predictions/full/electrode/tcn/seed_202/bandpass_n20003_cRA_covariance_s15.npz,76503,f22453d20a8a8ac0e61d206babbd8c7ac7769159814999161f35fcb14a454ca5
tcn,electrode,202,bandpass_n20003_cRA_covariance_s10,phase2/results/predictions/full/electrode/tcn/seed_202/bandpass_n20003_cRA_covariance_s10.npz,76475,b6c183801acee1250f76bdd9d59daa784fddd08cb7e103477df018110017e5cf
tcn,electrode,202,bandpass_n20003_cRA_covariance_s5,phase2/results/predictions/full/electrode/tcn/seed_202/bandpass_n20003_cRA_covariance_s5.npz,76382,b05efa864f7dd75435637f6020f49eabdd4ed00397f70f1518afee94b8672f63
tcn,electrode,202,bandpass_n20003_cRA_covariance_s0,phase2/results/predictions/full/electrode/tcn/seed_202/bandpass_n20003_cRA_covariance_s0.npz,76093,6f996b9e1e25317e7eaea75b6abc0ebfe2faf1676803b7154e180acef368aa21
tcn,electrode,202,bandpass_n20003_cLA_independent_rms_s20,phase2/results/predictions/full/electrode/tcn/seed_202/bandpass_n20003_cLA_independent_rms_s20.npz,76498,5099bb0d7237b36872a47f7ae38c91461618be1e8b106de2141d18eec28db49f
tcn,electrode,202,bandpass_n20003_cLA_independent_rms_s15,phase2/results/predictions/full/electrode/tcn/seed_202/bandpass_n20003_cLA_independent_rms_s15.npz,76520,6567ae6b60f704b2e9f792ed4a8e8492a1bcc97259f39a9af8888212b88be44c
tcn,electrode,202,bandpass_n20003_cLA_independent_rms_s10,phase2/results/predictions/full/electrode/tcn/seed_202/bandpass_n20003_cLA_independent_rms_s10.npz,76530,4d299f342bc55ef2fd2e16abca5f4e8fcb220e38fe8dfe46827dc050b5a88a95
tcn,electrode,202,bandpass_n20003_cLA_independent_rms_s5,phase2/results/predictions/full/electrode/tcn/seed_202/bandpass_n20003_cLA_independent_rms_s5.npz,76470,b1477625180a24f7d3a5c7d947fe82167e697e7155d54621abf52a5356b973a6
tcn,electrode,202,bandpass_n20003_cLA_independent_rms_s0,phase2/results/predictions/full/electrode/tcn/seed_202/bandpass_n20003_cLA_independent_rms_s0.npz,76246,d96b9fb964eee89c58cb0c2a6214886d3a603e06b0c71f895805ef27183631b5
tcn,electrode,202,bandpass_n20003_cLA_electrode_s20,phase2/results/predictions/full/electrode/tcn/seed_202/bandpass_n20003_cLA_electrode_s20.npz,76526,a24830b73fddca91532731207afb047704e390c52490b020d75b1eee108fe9ab
tcn,electrode,202,bandpass_n20003_cLA_electrode_s15,phase2/results/predictions/full/electrode/tcn/seed_202/bandpass_n20003_cLA_electrode_s15.npz,76528,b11553856088e4f5985aedab3ccca63d62e3ab1ffd2c799b3329e53f634e4aca
tcn,electrode,202,bandpass_n20003_cLA_electrode_s10,phase2/results/predictions/full/electrode/tcn/seed_202/bandpass_n20003_cLA_electrode_s10.npz,76485,37edd87fe12a6a6d75e8e0b2706aa297988f67c20330b3a6bea6b5ac60814be2
tcn,electrode,202,bandpass_n20003_cLA_electrode_s5,phase2/results/predictions/full/electrode/tcn/seed_202/bandpass_n20003_cLA_electrode_s5.npz,76348,22810f434b0cb1f68321f5bc1c5a8be08ac148af3e3b9386f8b63adf00568b14
tcn,electrode,202,bandpass_n20003_cLA_electrode_s0,phase2/results/predictions/full/electrode/tcn/seed_202/bandpass_n20003_cLA_electrode_s0.npz,75962,c2b812ca8f06de7367cb4dd45efcf17a7fc7a5cecc0689d1eb36be6d8be509c6
tcn,electrode,202,bandpass_n20003_cLA_covariance_s20,phase2/results/predictions/full/electrode/tcn/seed_202/bandpass_n20003_cLA_covariance_s20.npz,76507,38be3018a12ec77f7ff93b263c91e6a3891f861efb10fb25fd4ce67f4e4ac74b
tcn,electrode,202,bandpass_n20003_cLA_covariance_s15,phase2/results/predictions/full/electrode/tcn/seed_202/bandpass_n20003_cLA_covariance_s15.npz,76523,0f815e9d830b53b8345834eb73755906d45ff96c658ffe50aedd4d9509c3b930
tcn,electrode,202,bandpass_n20003_cLA_covariance_s10,phase2/results/predictions/full/electrode/tcn/seed_202/bandpass_n20003_cLA_covariance_s10.npz,76464,ebb534123aded094d8d91a511bdc81efa5a2ada841e32f3e9b9661dc969b5975
tcn,electrode,202,bandpass_n20003_cLA_covariance_s5,phase2/results/predictions/full/electrode/tcn/seed_202/bandpass_n20003_cLA_covariance_s5.npz,76330,c939db32a7757cdfa3fadbfb8aedc9f0441dabc634bd1c5e4be6cce42fdb3261
tcn,electrode,202,bandpass_n20003_cLA_covariance_s0,phase2/results/predictions/full/electrode/tcn/seed_202/bandpass_n20003_cLA_covariance_s0.npz,75960,6e9ceebd6a510b912fdc56b65321019d12dc60cfcd1478e1bf0eda3f97b32903
tcn,electrode,202,bandpass_n20003_cLL_independent_rms_s20,phase2/results/predictions/full/electrode/tcn/seed_202/bandpass_n20003_cLL_independent_rms_s20.npz,76513,3ad94d0a2502bab245b2aea5edd183a0e0f2587fc7d276b3ff625c16b217983c
tcn,electrode,202,bandpass_n20003_cLL_independent_rms_s15,phase2/results/predictions/full/electrode/tcn/seed_202/bandpass_n20003_cLL_independent_rms_s15.npz,76541,fc37207f170b45f55ea3e2d45d36c58c28e84f37b29e9877f21626b3a4027024
tcn,electrode,202,bandpass_n20003_cLL_independent_rms_s10,phase2/results/predictions/full/electrode/tcn/seed_202/bandpass_n20003_cLL_independent_rms_s10.npz,76515,4dad40881937d5183a04533549c8107841743bddee23b6e8a16bf319b6e22659
tcn,electrode,202,bandpass_n20003_cLL_independent_rms_s5,phase2/results/predictions/full/electrode/tcn/seed_202/bandpass_n20003_cLL_independent_rms_s5.npz,76407,b246796e00eb221695481d7e8552de5c0d573ef72fd07fb2ec65414a04aad1d2
tcn,electrode,202,bandpass_n20003_cLL_independent_rms_s0,phase2/results/predictions/full/electrode/tcn/seed_202/bandpass_n20003_cLL_independent_rms_s0.npz,76188,01d182cbb50021a74d290ad4dc677a88b580201fb4875beaefda9a93fdc9f45e
tcn,electrode,202,bandpass_n20003_cLL_electrode_s20,phase2/results/predictions/full/electrode/tcn/seed_202/bandpass_n20003_cLL_electrode_s20.npz,76504,2ef45bcb474685441aef1040c3a0e64fa072ed629b953c327a5e431d8b463535
tcn,electrode,202,bandpass_n20003_cLL_electrode_s15,phase2/results/predictions/full/electrode/tcn/seed_202/bandpass_n20003_cLL_electrode_s15.npz,76487,e22f7a3d1a02c4676465109904719ace7221e19d4a0c7260f76d087e66f317fd
tcn,electrode,202,bandpass_n20003_cLL_electrode_s10,phase2/results/predictions/full/electrode/tcn/seed_202/bandpass_n20003_cLL_electrode_s10.npz,76464,6833af13564512a482f7cfe5f6e1fd10aedc8f8dddb9d08ae2b898259965b561
tcn,electrode,202,bandpass_n20003_cLL_electrode_s5,phase2/results/predictions/full/electrode/tcn/seed_202/bandpass_n20003_cLL_electrode_s5.npz,76284,549d6d0e1ac755a6d7901e2a5419eda899fba03494c2eeb7aca3eeef8e0a8949
tcn,electrode,202,bandpass_n20003_cLL_electrode_s0,phase2/results/predictions/full/electrode/tcn/seed_202/bandpass_n20003_cLL_electrode_s0.npz,75940,a93dd6879f15c91c49a90f06c602ff7733206c669cf0e756678a0282b32ec5ec
tcn,electrode,202,bandpass_n20003_cLL_covariance_s20,phase2/results/predictions/full/electrode/tcn/seed_202/bandpass_n20003_cLL_covariance_s20.npz,76508,c3d338a215db028ceeb9756216dd4db3e493763611a28770f55e40bedb51402a
tcn,electrode,202,bandpass_n20003_cLL_covariance_s15,phase2/results/predictions/full/electrode/tcn/seed_202/bandpass_n20003_cLL_covariance_s15.npz,76522,3ed9b5c708436e19f97288e977799cdd24c98cc53eceb08814afd8aa9f35047b
tcn,electrode,202,bandpass_n20003_cLL_covariance_s10,phase2/results/predictions/full/electrode/tcn/seed_202/bandpass_n20003_cLL_covariance_s10.npz,76479,10dcf05fe0945b91c91f55c0409e73c188732571f2c99aceffe9623e6fee075a
tcn,electrode,202,bandpass_n20003_cLL_covariance_s5,phase2/results/predictions/full/electrode/tcn/seed_202/bandpass_n20003_cLL_covariance_s5.npz,76303,fc51aa3be19e1227309f0f638e43992e8918b5f9f31b8125b0748159a02e4710
tcn,electrode,202,bandpass_n20003_cLL_covariance_s0,phase2/results/predictions/full/electrode/tcn/seed_202/bandpass_n20003_cLL_covariance_s0.npz,75972,52e296e95e98f3eafce9f7d68dbc746d0f55599faad55adcfc457c018b0f02d4
tcn,electrode,202,bandpass_n20003_cRA_V1_independent_rms_s20,phase2/results/predictions/full/electrode/tcn/seed_202/bandpass_n20003_cRA_V1_independent_rms_s20.npz,76521,12972516bb39f3516e514763b6221295b46d9ffd02bd3e654ef940ac7df01017
tcn,electrode,202,bandpass_n20003_cRA_V1_independent_rms_s15,phase2/results/predictions/full/electrode/tcn/seed_202/bandpass_n20003_cRA_V1_independent_rms_s15.npz,76510,1b5257bdbe5d65ceb7df0362c0d027a7384ea0e30a3194cbececdbc2e0860654
tcn,electrode,202,bandpass_n20003_cRA_V1_independent_rms_s10,phase2/results/predictions/full/electrode/tcn/seed_202/bandpass_n20003_cRA_V1_independent_rms_s10.npz,76544,358f0208588ec436288ba2b583e3820f6ebc95a9efb281de9c12a6933ce65ff8
tcn,electrode,202,bandpass_n20003_cRA_V1_independent_rms_s5,phase2/results/predictions/full/electrode/tcn/seed_202/bandpass_n20003_cRA_V1_independent_rms_s5.npz,76439,a708bc1239f80e7e3db8c7faba06836ea67b8eae5003bde392e0963f5a7169d0
tcn,electrode,202,bandpass_n20003_cRA_V1_independent_rms_s0,phase2/results/predictions/full/electrode/tcn/seed_202/bandpass_n20003_cRA_V1_independent_rms_s0.npz,76185,dd2f3a814f1087a8405f075a74d46c1c2272481016c570ccd7f4d9d3c0427092
tcn,electrode,202,bandpass_n20003_cRA_V1_electrode_s20,phase2/results/predictions/full/electrode/tcn/seed_202/bandpass_n20003_cRA_V1_electrode_s20.npz,76543,2a381a30e10b5f59f4252d38b9242818ed453750923df0ff2b2d1e7cdc234fc4
tcn,electrode,202,bandpass_n20003_cRA_V1_electrode_s15,phase2/results/predictions/full/electrode/tcn/seed_202/bandpass_n20003_cRA_V1_electrode_s15.npz,76520,4797b7600a10393a4852a2c8d0fe662d4367dce1aeaf51d8eb3a98e7e51d3401
tcn,electrode,202,bandpass_n20003_cRA_V1_electrode_s10,phase2/results/predictions/full/electrode/tcn/seed_202/bandpass_n20003_cRA_V1_electrode_s10.npz,76480,a03405e8747e8cfab3236a9ff40ab131f40973248971fb593564a53b3a384b37
tcn,electrode,202,bandpass_n20003_cRA_V1_electrode_s5,phase2/results/predictions/full/electrode/tcn/seed_202/bandpass_n20003_cRA_V1_electrode_s5.npz,76385,643510bcdcd2db5cc79417f2bd3805df1d1c51b619a4528b2e8e38259950b059
tcn,electrode,202,bandpass_n20003_cRA_V1_electrode_s0,phase2/results/predictions/full/electrode/tcn/seed_202/bandpass_n20003_cRA_V1_electrode_s0.npz,76072,9a6c1ac6d805246503a52e51413d6dd3d4c954bb6e8a3d92b51e5c215017a6b7
tcn,electrode,202,bandpass_n20003_cRA_V1_covariance_s20,phase2/results/predictions/full/electrode/tcn/seed_202/bandpass_n20003_cRA_V1_covariance_s20.npz,76510,8bd6121176de4d302463f2b588deb8b326922a03edf40b8d3746c23966edecb0
tcn,electrode,202,bandpass_n20003_cRA_V1_covariance_s15,phase2/results/predictions/full/electrode/tcn/seed_202/bandpass_n20003_cRA_V1_covariance_s15.npz,76517,677f5ab1eb0cd978d74170c9e3ece6f7389cfdbc5150e4f795005ad08499788f
tcn,electrode,202,bandpass_n20003_cRA_V1_covariance_s10,phase2/results/predictions/full/electrode/tcn/seed_202/bandpass_n20003_cRA_V1_covariance_s10.npz,76504,db2106817f1107b6560f03be27f11e10893b6af8c9f366a60ff551f5751d3c36
tcn,electrode,202,bandpass_n20003_cRA_V1_covariance_s5,phase2/results/predictions/full/electrode/tcn/seed_202/bandpass_n20003_cRA_V1_covariance_s5.npz,76416,65e66937300d9b9770b9a5edbc1ad99dae490c02e21f163c89eb535f69c8d572
tcn,electrode,202,bandpass_n20003_cRA_V1_covariance_s0,phase2/results/predictions/full/electrode/tcn/seed_202/bandpass_n20003_cRA_V1_covariance_s0.npz,76086,b30803f36cd889417ac39a01a62a74e0e828af6128a13e275246ffb679155fb1
tcn,electrode,202,bandpass_n20003_cLA_V6_independent_rms_s20,phase2/results/predictions/full/electrode/tcn/seed_202/bandpass_n20003_cLA_V6_independent_rms_s20.npz,76536,98780793980a843d28eea9b2237f83965f3e4ac10f84a3ae61d1bd5359cf898a
tcn,electrode,202,bandpass_n20003_cLA_V6_independent_rms_s15,phase2/results/predictions/full/electrode/tcn/seed_202/bandpass_n20003_cLA_V6_independent_rms_s15.npz,76535,706bebf427e32cc340a0b22cf74e0d153327e368bef83b7d8e8d9ad70a6fccb8
tcn,electrode,202,bandpass_n20003_cLA_V6_independent_rms_s10,phase2/results/predictions/full/electrode/tcn/seed_202/bandpass_n20003_cLA_V6_independent_rms_s10.npz,76508,ceff903edcf005889d6a594b9e9071df72ce7acfd6762a9180eb86a457abec0f
tcn,electrode,202,bandpass_n20003_cLA_V6_independent_rms_s5,phase2/results/predictions/full/electrode/tcn/seed_202/bandpass_n20003_cLA_V6_independent_rms_s5.npz,76465,b9a38fcd06f1ee2798d8ed2e27370788ed6a3622a40e799ac4f7eafa5c31afe5
tcn,electrode,202,bandpass_n20003_cLA_V6_independent_rms_s0,phase2/results/predictions/full/electrode/tcn/seed_202/bandpass_n20003_cLA_V6_independent_rms_s0.npz,76272,c03929ade32c65fe2825b2ca76ab59a352d13296f39abb8d414561bab5fc9564
tcn,electrode,202,bandpass_n20003_cLA_V6_electrode_s20,phase2/results/predictions/full/electrode/tcn/seed_202/bandpass_n20003_cLA_V6_electrode_s20.npz,76534,a89dd86fc66cc86648b51f8141b7f72794af3d13530397c7cfb38ecff154e98c
tcn,electrode,202,bandpass_n20003_cLA_V6_electrode_s15,phase2/results/predictions/full/electrode/tcn/seed_202/bandpass_n20003_cLA_V6_electrode_s15.npz,76532,0489e36934d08142f9ac7cbdb6fee37ec39c5dbd4d6871bcfd79159c393cbfd4
tcn,electrode,202,bandpass_n20003_cLA_V6_electrode_s10,phase2/results/predictions/full/electrode/tcn/seed_202/bandpass_n20003_cLA_V6_electrode_s10.npz,76512,19805d58d3ddda63f0d1cd1846d4e2218b8c558be99b88d313f98a1822f6a540
tcn,electrode,202,bandpass_n20003_cLA_V6_electrode_s5,phase2/results/predictions/full/electrode/tcn/seed_202/bandpass_n20003_cLA_V6_electrode_s5.npz,76384,5dcf1b5f026eedfd2eb64188b41050ea3ba7c65e78a2d244231bbd065757d837
tcn,electrode,202,bandpass_n20003_cLA_V6_electrode_s0,phase2/results/predictions/full/electrode/tcn/seed_202/bandpass_n20003_cLA_V6_electrode_s0.npz,75992,126548b7e53a9b10d72cc616737f434708707e3ecbae78eac2f2ee201211d98b
tcn,electrode,202,bandpass_n20003_cLA_V6_covariance_s20,phase2/results/predictions/full/electrode/tcn/seed_202/bandpass_n20003_cLA_V6_covariance_s20.npz,76509,dcf16ebbe130ef2966ac3e88a8a96c9eea1e6db531578b9063b1809cfc3ab017
tcn,electrode,202,bandpass_n20003_cLA_V6_covariance_s15,phase2/results/predictions/full/electrode/tcn/seed_202/bandpass_n20003_cLA_V6_covariance_s15.npz,76486,e7f5d40ccf33f0ceb60e87d3dc30f66266dec50647f0c2114b531e420d60d865
tcn,electrode,202,bandpass_n20003_cLA_V6_covariance_s10,phase2/results/predictions/full/electrode/tcn/seed_202/bandpass_n20003_cLA_V6_covariance_s10.npz,76533,87e19f7b25af7e36635506d3294948205ac52be6edd34f67341968dbc108ab22
tcn,electrode,202,bandpass_n20003_cLA_V6_covariance_s5,phase2/results/predictions/full/electrode/tcn/seed_202/bandpass_n20003_cLA_V6_covariance_s5.npz,76360,c927f9f1d42e288714cd41d8caa4cc18513cf1d0c61896e21fcde038a0d55860
tcn,electrode,202,bandpass_n20003_cLA_V6_covariance_s0,phase2/results/predictions/full/electrode/tcn/seed_202/bandpass_n20003_cLA_V6_covariance_s0.npz,76022,ea72c7d82aed0bd64fdf4ed47907d5dd4232f9b334714a94d3051f92f65a71ed
tcn,electrode,202,bandpass_n20003_cLL_V4_independent_rms_s20,phase2/results/predictions/full/electrode/tcn/seed_202/bandpass_n20003_cLL_V4_independent_rms_s20.npz,76514,30ebe17b46c01cadadcd955b74c96b1995c93ed81c9c57b47aad1c5d90f9b2b8
tcn,electrode,202,bandpass_n20003_cLL_V4_independent_rms_s15,phase2/results/predictions/full/electrode/tcn/seed_202/bandpass_n20003_cLL_V4_independent_rms_s15.npz,76532,c7684d9f719446e4165740c66088fbc3300f7d8ec459e0456ee8412bd2dcd895
tcn,electrode,202,bandpass_n20003_cLL_V4_independent_rms_s10,phase2/results/predictions/full/electrode/tcn/seed_202/bandpass_n20003_cLL_V4_independent_rms_s10.npz,76523,c255241055648c4b4940a29484698c0534d561ed139b1d5c39f21b8a5205c78e
tcn,electrode,202,bandpass_n20003_cLL_V4_independent_rms_s5,phase2/results/predictions/full/electrode/tcn/seed_202/bandpass_n20003_cLL_V4_independent_rms_s5.npz,76447,24a77e0e88ca0c68a37e5ddf469906d0d77eef5f0607a6512b15593208fb6869
tcn,electrode,202,bandpass_n20003_cLL_V4_independent_rms_s0,phase2/results/predictions/full/electrode/tcn/seed_202/bandpass_n20003_cLL_V4_independent_rms_s0.npz,76189,cebae99cc1368025a37aaa2110e49fc55a3dcb788548ed2b7db76b01dca71dbc
tcn,electrode,202,bandpass_n20003_cLL_V4_electrode_s20,phase2/results/predictions/full/electrode/tcn/seed_202/bandpass_n20003_cLL_V4_electrode_s20.npz,76501,b369332844f079ec05e8f0275ae8b0d7bcae9ee06ef2d2e52d5c01074b429898
tcn,electrode,202,bandpass_n20003_cLL_V4_electrode_s15,phase2/results/predictions/full/electrode/tcn/seed_202/bandpass_n20003_cLL_V4_electrode_s15.npz,76541,7f1a36fd2317445ab8488e2e156a4ab1d0491a18951875dedb452f1f6f113d3d
tcn,electrode,202,bandpass_n20003_cLL_V4_electrode_s10,phase2/results/predictions/full/electrode/tcn/seed_202/bandpass_n20003_cLL_V4_electrode_s10.npz,76503,63e9aadd1e119451abc96523192a2ff75ac4945d7a20e3eb2fe6ec2fe99dc799
tcn,electrode,202,bandpass_n20003_cLL_V4_electrode_s5,phase2/results/predictions/full/electrode/tcn/seed_202/bandpass_n20003_cLL_V4_electrode_s5.npz,76318,e688e20f9a158b4ac64c63b95360a9234392790b8efc2f43f54a089f098d381a
tcn,electrode,202,bandpass_n20003_cLL_V4_electrode_s0,phase2/results/predictions/full/electrode/tcn/seed_202/bandpass_n20003_cLL_V4_electrode_s0.npz,76014,397029e04867d6e5fc2eebc73dd6fab932ef0e269f3f4b12ec0869c91f9e8d3f
tcn,electrode,202,bandpass_n20003_cLL_V4_covariance_s20,phase2/results/predictions/full/electrode/tcn/seed_202/bandpass_n20003_cLL_V4_covariance_s20.npz,76495,56be5962a2c4d66086319bf8af7117425628ba9b76b122ee1264e2b2512e2f66
tcn,electrode,202,bandpass_n20003_cLL_V4_covariance_s15,phase2/results/predictions/full/electrode/tcn/seed_202/bandpass_n20003_cLL_V4_covariance_s15.npz,76507,43fd707cf292b252834bbcd02d22991c795f545bb4e8212a876b07339c5608ae
tcn,electrode,202,bandpass_n20003_cLL_V4_covariance_s10,phase2/results/predictions/full/electrode/tcn/seed_202/bandpass_n20003_cLL_V4_covariance_s10.npz,76514,60c0672da64ba1a78c6cfbfc250818ef56e0de470257a0a6dfe9d283f5cde26a
tcn,electrode,202,bandpass_n20003_cLL_V4_covariance_s5,phase2/results/predictions/full/electrode/tcn/seed_202/bandpass_n20003_cLL_V4_covariance_s5.npz,76368,b67891ecdcca0a77fbe4f11f1fc2f69202b22a471529fdd2a4f56e6f8b99eba1
tcn,electrode,202,bandpass_n20003_cLL_V4_covariance_s0,phase2/results/predictions/full/electrode/tcn/seed_202/bandpass_n20003_cLL_V4_covariance_s0.npz,75986,424eadd50ae1fb8f7ff4c9e16aff3764b718d693c90b7b02239bd2ecccf99332
tcn,electrode,202,bandpass_n20003_cRA_LA_V1_V6_independent_rms_s20,phase2/results/predictions/full/electrode/tcn/seed_202/bandpass_n20003_cRA_LA_V1_V6_independent_rms_s20.npz,76516,9899df6c6c780472e48e6fd86c4c5586228e60adb61c31099deb49e3d200cfac
tcn,electrode,202,bandpass_n20003_cRA_LA_V1_V6_independent_rms_s15,phase2/results/predictions/full/electrode/tcn/seed_202/bandpass_n20003_cRA_LA_V1_V6_independent_rms_s15.npz,76555,3ffc969cdc90228003665c9092cb159a8dc2234c8bda4ab5deea8a37e6e4fa53
tcn,electrode,202,bandpass_n20003_cRA_LA_V1_V6_independent_rms_s10,phase2/results/predictions/full/electrode/tcn/seed_202/bandpass_n20003_cRA_LA_V1_V6_independent_rms_s10.npz,76543,8c94a56255b5f98389688872ee5079894386b404da7a1a5f0d627f0dffe82275
tcn,electrode,202,bandpass_n20003_cRA_LA_V1_V6_independent_rms_s5,phase2/results/predictions/full/electrode/tcn/seed_202/bandpass_n20003_cRA_LA_V1_V6_independent_rms_s5.npz,76485,7ae891cfe5f4a887fae3f23af815b69d33a487dd187dbc7b01608e75b7cd6286
tcn,electrode,202,bandpass_n20003_cRA_LA_V1_V6_independent_rms_s0,phase2/results/predictions/full/electrode/tcn/seed_202/bandpass_n20003_cRA_LA_V1_V6_independent_rms_s0.npz,76256,76cbc3cc789422a7d61c03ae3e418fb4b6cd3a4797e6b22a80c3c60823132494
tcn,electrode,202,bandpass_n20003_cRA_LA_V1_V6_electrode_s20,phase2/results/predictions/full/electrode/tcn/seed_202/bandpass_n20003_cRA_LA_V1_V6_electrode_s20.npz,76511,7097fa82fc05e1441e0658c7e3e4ad1436f74e4b83e90af9964e1a8f5b79fa45
tcn,electrode,202,bandpass_n20003_cRA_LA_V1_V6_electrode_s15,phase2/results/predictions/full/electrode/tcn/seed_202/bandpass_n20003_cRA_LA_V1_V6_electrode_s15.npz,76519,a402d2a7830e8affc9747efcc45686e78db6650c0cee9b4f25df403fa7a5db75
tcn,electrode,202,bandpass_n20003_cRA_LA_V1_V6_electrode_s10,phase2/results/predictions/full/electrode/tcn/seed_202/bandpass_n20003_cRA_LA_V1_V6_electrode_s10.npz,76531,5676852ff7b4d78f408cd57dbd2dbc697fbc2d131cd26cc64658e15978a9c3e1
tcn,electrode,202,bandpass_n20003_cRA_LA_V1_V6_electrode_s5,phase2/results/predictions/full/electrode/tcn/seed_202/bandpass_n20003_cRA_LA_V1_V6_electrode_s5.npz,76401,e738134b0ba852f0361dc937b6e56b99905e025568ac9d72c25985b29061c25e
tcn,electrode,202,bandpass_n20003_cRA_LA_V1_V6_electrode_s0,phase2/results/predictions/full/electrode/tcn/seed_202/bandpass_n20003_cRA_LA_V1_V6_electrode_s0.npz,76054,52958245ae43dac3a70da55e5ebc5dc6c18c6811c76c4dc6ff48f0bc947568ff
tcn,electrode,202,bandpass_n20003_cRA_LA_V1_V6_covariance_s20,phase2/results/predictions/full/electrode/tcn/seed_202/bandpass_n20003_cRA_LA_V1_V6_covariance_s20.npz,76499,edb788217ee253751eeff516a51d0128963570936c32ea75d149c32549683c9a
tcn,electrode,202,bandpass_n20003_cRA_LA_V1_V6_covariance_s15,phase2/results/predictions/full/electrode/tcn/seed_202/bandpass_n20003_cRA_LA_V1_V6_covariance_s15.npz,76515,32ceadb39f36483cca4bd2fcf2a66cfddaddf382ef1c44e9934716965ac966a7
tcn,electrode,202,bandpass_n20003_cRA_LA_V1_V6_covariance_s10,phase2/results/predictions/full/electrode/tcn/seed_202/bandpass_n20003_cRA_LA_V1_V6_covariance_s10.npz,76507,2e2333908ea2d634ec755622716adea89610acd71c42b966e1b3f71e955aad32
tcn,electrode,202,bandpass_n20003_cRA_LA_V1_V6_covariance_s5,phase2/results/predictions/full/electrode/tcn/seed_202/bandpass_n20003_cRA_LA_V1_V6_covariance_s5.npz,76334,4db50001b02e68726ff7048932ff357cdc716288a53c004f80ccfa6591541a8d
tcn,electrode,202,bandpass_n20003_cRA_LA_V1_V6_covariance_s0,phase2/results/predictions/full/electrode/tcn/seed_202/bandpass_n20003_cRA_LA_V1_V6_covariance_s0.npz,76057,82264ede5c0cbcead6d9f90c2145bea87009779a16650ffbfa941118b31d630b
tcn,electrode,202,bandpass_n20003_cRA_V2_V5_independent_rms_s20,phase2/results/predictions/full/electrode/tcn/seed_202/bandpass_n20003_cRA_V2_V5_independent_rms_s20.npz,76543,ae12a26239e288bce3b8db51e395c481084b9219940629c4af51f141c78e4b70
tcn,electrode,202,bandpass_n20003_cRA_V2_V5_independent_rms_s15,phase2/results/predictions/full/electrode/tcn/seed_202/bandpass_n20003_cRA_V2_V5_independent_rms_s15.npz,76562,f80a83c5e20e122810c5819270c06c5bcd355db6250b65864661538e6f997bbc
tcn,electrode,202,bandpass_n20003_cRA_V2_V5_independent_rms_s10,phase2/results/predictions/full/electrode/tcn/seed_202/bandpass_n20003_cRA_V2_V5_independent_rms_s10.npz,76523,29e6f952099c32d1a04d38ae7694917b0b479231431ffdb7942ece112d3ab7dc
tcn,electrode,202,bandpass_n20003_cRA_V2_V5_independent_rms_s5,phase2/results/predictions/full/electrode/tcn/seed_202/bandpass_n20003_cRA_V2_V5_independent_rms_s5.npz,76470,5b3d85d57e26a06ca74b1d4d5c190d29a48161a3102f29b4879459893128cec5
tcn,electrode,202,bandpass_n20003_cRA_V2_V5_independent_rms_s0,phase2/results/predictions/full/electrode/tcn/seed_202/bandpass_n20003_cRA_V2_V5_independent_rms_s0.npz,76223,b1bc2800425940f78661b6a8580d8746c6ad4d3f20e98ea0b72e5128d4eee635
tcn,electrode,202,bandpass_n20003_cRA_V2_V5_electrode_s20,phase2/results/predictions/full/electrode/tcn/seed_202/bandpass_n20003_cRA_V2_V5_electrode_s20.npz,76511,043d66e0a679802818ae14a7a242da96d78a29ee59aec001d3a5a01b6f0cabca
tcn,electrode,202,bandpass_n20003_cRA_V2_V5_electrode_s15,phase2/results/predictions/full/electrode/tcn/seed_202/bandpass_n20003_cRA_V2_V5_electrode_s15.npz,76488,0a8c70385bb4909df99dadfc1848057cf826a3829970fe4229b684f9caa057a8
tcn,electrode,202,bandpass_n20003_cRA_V2_V5_electrode_s10,phase2/results/predictions/full/electrode/tcn/seed_202/bandpass_n20003_cRA_V2_V5_electrode_s10.npz,76516,961531d2b539fde34fefdf57c2a8d6d5b58e46fa0e952be12bf8d99a6fd013f5
tcn,electrode,202,bandpass_n20003_cRA_V2_V5_electrode_s5,phase2/results/predictions/full/electrode/tcn/seed_202/bandpass_n20003_cRA_V2_V5_electrode_s5.npz,76422,cef069d7e1c47ed711840ed92e8491335964b7b7850755e4b26c543d274c7327
tcn,electrode,202,bandpass_n20003_cRA_V2_V5_electrode_s0,phase2/results/predictions/full/electrode/tcn/seed_202/bandpass_n20003_cRA_V2_V5_electrode_s0.npz,76110,d5a7b3fd7e4ccd1cd8da0a105dad9b72432ffa9d1b21912fce3e1868b7ce7b5d
tcn,electrode,202,bandpass_n20003_cRA_V2_V5_covariance_s20,phase2/results/predictions/full/electrode/tcn/seed_202/bandpass_n20003_cRA_V2_V5_covariance_s20.npz,76488,01a38ccdbdef3c91fb8682a763354d32c43518d4df3ae595dcc1ee6ac08942d2
tcn,electrode,202,bandpass_n20003_cRA_V2_V5_covariance_s15,phase2/results/predictions/full/electrode/tcn/seed_202/bandpass_n20003_cRA_V2_V5_covariance_s15.npz,76504,9206f0e30c707d2ee98cf9f56983cecf51d5e25de3be1d008054338911277883
tcn,electrode,202,bandpass_n20003_cRA_V2_V5_covariance_s10,phase2/results/predictions/full/electrode/tcn/seed_202/bandpass_n20003_cRA_V2_V5_covariance_s10.npz,76522,8fafca1d09bd6026fa2730792729d8d957c637901ccfc5d403e3f126dc172e57
tcn,electrode,202,bandpass_n20003_cRA_V2_V5_covariance_s5,phase2/results/predictions/full/electrode/tcn/seed_202/bandpass_n20003_cRA_V2_V5_covariance_s5.npz,76403,9f256f40cc2e2d09cd8317cb5337f7fcafd3a1b45e48d5ec7fed8584ee5a613b
tcn,electrode,202,bandpass_n20003_cRA_V2_V5_covariance_s0,phase2/results/predictions/full/electrode/tcn/seed_202/bandpass_n20003_cRA_V2_V5_covariance_s0.npz,76146,52e087c9ac853e72dbb01b1a21deb6905b6a651e40193f5097aa47aec0b7dbc2
tcn,electrode,202,bandpass_n20003_cLA_V3_V6_independent_rms_s20,phase2/results/predictions/full/electrode/tcn/seed_202/bandpass_n20003_cLA_V3_V6_independent_rms_s20.npz,76525,fe16de3ea30b37de4c3ff8ac10787a424f58b277deedae17d3bb2e8798fe210f
tcn,electrode,202,bandpass_n20003_cLA_V3_V6_independent_rms_s15,phase2/results/predictions/full/electrode/tcn/seed_202/bandpass_n20003_cLA_V3_V6_independent_rms_s15.npz,76519,dfc4748a73ecd9d8a9d9f62e3aa58074dce1db605df4a0fdc5f8fe60af2fa7b0
tcn,electrode,202,bandpass_n20003_cLA_V3_V6_independent_rms_s10,phase2/results/predictions/full/electrode/tcn/seed_202/bandpass_n20003_cLA_V3_V6_independent_rms_s10.npz,76549,c4572b91d3c58174c29e9a3da903cb94ce442e8c54900171270b6991d90da1a8
tcn,electrode,202,bandpass_n20003_cLA_V3_V6_independent_rms_s5,phase2/results/predictions/full/electrode/tcn/seed_202/bandpass_n20003_cLA_V3_V6_independent_rms_s5.npz,76510,912b94b86001f87c74a1c7ebb77b317a626c7b07ea33335ee24a1035e3b3ae45
tcn,electrode,202,bandpass_n20003_cLA_V3_V6_independent_rms_s0,phase2/results/predictions/full/electrode/tcn/seed_202/bandpass_n20003_cLA_V3_V6_independent_rms_s0.npz,76288,09d507010423778e2dd61fa90cde9167f4317753717444ace41e5838f57003b0
tcn,electrode,202,bandpass_n20003_cLA_V3_V6_electrode_s20,phase2/results/predictions/full/electrode/tcn/seed_202/bandpass_n20003_cLA_V3_V6_electrode_s20.npz,76494,c01d0015e84556b9200b4202a1416d50a955e5e93d9c17036a4c544e9c5e1d71
tcn,electrode,202,bandpass_n20003_cLA_V3_V6_electrode_s15,phase2/results/predictions/full/electrode/tcn/seed_202/bandpass_n20003_cLA_V3_V6_electrode_s15.npz,76546,19e9f03f5e0952e9dd7c08a628b4eaf95b4f1605a40a37b86cd5b86dee733e68
tcn,electrode,202,bandpass_n20003_cLA_V3_V6_electrode_s10,phase2/results/predictions/full/electrode/tcn/seed_202/bandpass_n20003_cLA_V3_V6_electrode_s10.npz,76451,1ab39f18bf7bd24691639c90130580aacf227be7600534d41e2c5ab27d25259d
tcn,electrode,202,bandpass_n20003_cLA_V3_V6_electrode_s5,phase2/results/predictions/full/electrode/tcn/seed_202/bandpass_n20003_cLA_V3_V6_electrode_s5.npz,76377,d8be380cbc8b0add6c0f0d6fe3be6380c4d64174c49eebb9d5cd098c6597c8a7
tcn,electrode,202,bandpass_n20003_cLA_V3_V6_electrode_s0,phase2/results/predictions/full/electrode/tcn/seed_202/bandpass_n20003_cLA_V3_V6_electrode_s0.npz,76069,cf373d734a94d7af8706d37b906acd9f5ba824214d773359c446bb371f48dd75
tcn,electrode,202,bandpass_n20003_cLA_V3_V6_covariance_s20,phase2/results/predictions/full/electrode/tcn/seed_202/bandpass_n20003_cLA_V3_V6_covariance_s20.npz,76506,fce44ef7d2da2db0f454ab951c81d1e92a4d61e8e98f60b9e955420852fff55c
tcn,electrode,202,bandpass_n20003_cLA_V3_V6_covariance_s15,phase2/results/predictions/full/electrode/tcn/seed_202/bandpass_n20003_cLA_V3_V6_covariance_s15.npz,76524,2d38f2e62f646f8d21f39c0583f6e12048a091403f7d4abc4191425eadcea1c5
tcn,electrode,202,bandpass_n20003_cLA_V3_V6_covariance_s10,phase2/results/predictions/full/electrode/tcn/seed_202/bandpass_n20003_cLA_V3_V6_covariance_s10.npz,76540,d2b5a04d7e89d2222eca1caf5ad1767f93f5793f7af36e01ae32b946ccda14eb
tcn,electrode,202,bandpass_n20003_cLA_V3_V6_covariance_s5,phase2/results/predictions/full/electrode/tcn/seed_202/bandpass_n20003_cLA_V3_V6_covariance_s5.npz,76433,781a5830cd159e4c76856fa55c0423ec8eb31c74166c324e5682a07da6570dd4
tcn,electrode,202,bandpass_n20003_cLA_V3_V6_covariance_s0,phase2/results/predictions/full/electrode/tcn/seed_202/bandpass_n20003_cLA_V3_V6_covariance_s0.npz,76105,e44d46a136b6a021814185c32aa66d9f93973045bc65e6d32d18c30def98867e
tcn,electrode,202,bandpass_n20003_cLL_V1_V4_independent_rms_s20,phase2/results/predictions/full/electrode/tcn/seed_202/bandpass_n20003_cLL_V1_V4_independent_rms_s20.npz,76488,598a2286830b14296ae8f6e1c3e30800561fb33d261c9ec53d944c27ea6b00c5
tcn,electrode,202,bandpass_n20003_cLL_V1_V4_independent_rms_s15,phase2/results/predictions/full/electrode/tcn/seed_202/bandpass_n20003_cLL_V1_V4_independent_rms_s15.npz,76513,5a5ba2d7562cf7917fe71c1a760a90ffde00d78a558f43917a78f52830e94e06
tcn,electrode,202,bandpass_n20003_cLL_V1_V4_independent_rms_s10,phase2/results/predictions/full/electrode/tcn/seed_202/bandpass_n20003_cLL_V1_V4_independent_rms_s10.npz,76504,a5addf3e31b889f2cae579e52ac8640eb8e2b2667a964c86c918918f8d627fcd
tcn,electrode,202,bandpass_n20003_cLL_V1_V4_independent_rms_s5,phase2/results/predictions/full/electrode/tcn/seed_202/bandpass_n20003_cLL_V1_V4_independent_rms_s5.npz,76441,bf6a2cd883316ecc8fc7caab9db0f240ef3ac107f26a969b545ecb6142fa244a
tcn,electrode,202,bandpass_n20003_cLL_V1_V4_independent_rms_s0,phase2/results/predictions/full/electrode/tcn/seed_202/bandpass_n20003_cLL_V1_V4_independent_rms_s0.npz,76210,cca1203a04a4c57b9211e5d52cb09e246433dbd71fd68dc338949abe60855788
tcn,electrode,202,bandpass_n20003_cLL_V1_V4_electrode_s20,phase2/results/predictions/full/electrode/tcn/seed_202/bandpass_n20003_cLL_V1_V4_electrode_s20.npz,76518,7cecc55e326a80d7cb34c34969829a4b244fee2afa0066eb5a64079a54d29992
tcn,electrode,202,bandpass_n20003_cLL_V1_V4_electrode_s15,phase2/results/predictions/full/electrode/tcn/seed_202/bandpass_n20003_cLL_V1_V4_electrode_s15.npz,76500,8457658b1f6e3f5c458878f47da55aebd7b36ef0ef1df207cd6ac7d67ff73483
tcn,electrode,202,bandpass_n20003_cLL_V1_V4_electrode_s10,phase2/results/predictions/full/electrode/tcn/seed_202/bandpass_n20003_cLL_V1_V4_electrode_s10.npz,76515,e0d8e4089185085de271e88a519eae303580ec14adcd7dc061273435303a27b5
tcn,electrode,202,bandpass_n20003_cLL_V1_V4_electrode_s5,phase2/results/predictions/full/electrode/tcn/seed_202/bandpass_n20003_cLL_V1_V4_electrode_s5.npz,76371,70a7f7e4d8e54b983bcfaf5a458e419886f168e34200ce99f21b5d53ea28043d
tcn,electrode,202,bandpass_n20003_cLL_V1_V4_electrode_s0,phase2/results/predictions/full/electrode/tcn/seed_202/bandpass_n20003_cLL_V1_V4_electrode_s0.npz,76021,2ebcb2270a0f150c0c1db0061d01ab2019651f0f388e46f9c6d422bd339c350b
tcn,electrode,202,bandpass_n20003_cLL_V1_V4_covariance_s20,phase2/results/predictions/full/electrode/tcn/seed_202/bandpass_n20003_cLL_V1_V4_covariance_s20.npz,76509,5c09053a7011a6ce7daefec6b85775cfb8d5345c0e79add9d5a8f0a903e8be6d
tcn,electrode,202,bandpass_n20003_cLL_V1_V4_covariance_s15,phase2/results/predictions/full/electrode/tcn/seed_202/bandpass_n20003_cLL_V1_V4_covariance_s15.npz,76504,9e0c8122d960e5322ce46e7ec47567ccfe12964d87341356436bc68a8b72eceb
tcn,electrode,202,bandpass_n20003_cLL_V1_V4_covariance_s10,phase2/results/predictions/full/electrode/tcn/seed_202/bandpass_n20003_cLL_V1_V4_covariance_s10.npz,76526,9ab237b591f2b8db0133df7332db7f843d940e4c5c8dc9e203eb5bf783dde562
tcn,electrode,202,bandpass_n20003_cLL_V1_V4_covariance_s5,phase2/results/predictions/full/electrode/tcn/seed_202/bandpass_n20003_cLL_V1_V4_covariance_s5.npz,76329,a40290a1549cafcd41b673d9a5fca52c7456e386cefc69b99351742169f24534
tcn,electrode,202,bandpass_n20003_cLL_V1_V4_covariance_s0,phase2/results/predictions/full/electrode/tcn/seed_202/bandpass_n20003_cLL_V1_V4_covariance_s0.npz,75978,b61c8b59ffd4dc9ee45cbd5825eea1e9541eae868d2ba54675ada8eb978cf61d
tcn,electrode,202,bandpass_n20003_call_independent_rms_s20,phase2/results/predictions/full/electrode/tcn/seed_202/bandpass_n20003_call_independent_rms_s20.npz,76504,a1b47d6583e1689dbc2f63c0d9d780750d8b93f6b84c98f7a98c3f92fe347a5b
tcn,electrode,202,bandpass_n20003_call_independent_rms_s15,phase2/results/predictions/full/electrode/tcn/seed_202/bandpass_n20003_call_independent_rms_s15.npz,76508,0d58b5ebce4098e517d0b3867e8137400fa01e9cc3d9fff52136bc4c1b1ca497
tcn,electrode,202,bandpass_n20003_call_independent_rms_s10,phase2/results/predictions/full/electrode/tcn/seed_202/bandpass_n20003_call_independent_rms_s10.npz,76500,71a42b7d04b8f525ee4a41badb1bf5864b709ed7bd6c19edb14efd615b1909c2
tcn,electrode,202,bandpass_n20003_call_independent_rms_s5,phase2/results/predictions/full/electrode/tcn/seed_202/bandpass_n20003_call_independent_rms_s5.npz,76446,c13da782fba49c0c03598940133a1086bb4bff1399dfb185ffe12ca3ab3f8477
tcn,electrode,202,bandpass_n20003_call_independent_rms_s0,phase2/results/predictions/full/electrode/tcn/seed_202/bandpass_n20003_call_independent_rms_s0.npz,76207,2feaef90dbd3733cfabb099ef0e46b14041ffa23d8ace0910fe9dd95d8a709c3
tcn,electrode,202,bandpass_n20003_call_electrode_s20,phase2/results/predictions/full/electrode/tcn/seed_202/bandpass_n20003_call_electrode_s20.npz,76475,cf8e74c16ad31f401d8b0885fe5267c1cee199d6abd79d86cd28813209a5e3f8
tcn,electrode,202,bandpass_n20003_call_electrode_s15,phase2/results/predictions/full/electrode/tcn/seed_202/bandpass_n20003_call_electrode_s15.npz,76489,ac1a92a8e9dd23bb0c9933fd00a960ef0ebddf714b208afce693c0c0f3f59f9c
tcn,electrode,202,bandpass_n20003_call_electrode_s10,phase2/results/predictions/full/electrode/tcn/seed_202/bandpass_n20003_call_electrode_s10.npz,76476,549285bc4e91ccfd64f58bed1e02c5c1ea9fe1e0df3f3a0366b451b7357c515a
tcn,electrode,202,bandpass_n20003_call_electrode_s5,phase2/results/predictions/full/electrode/tcn/seed_202/bandpass_n20003_call_electrode_s5.npz,76364,74337b782a49e9cf8c514c20f30d8bbd71413605d039243abb3ec0dd65fa5d2c
tcn,electrode,202,bandpass_n20003_call_electrode_s0,phase2/results/predictions/full/electrode/tcn/seed_202/bandpass_n20003_call_electrode_s0.npz,76012,f99ffd4de078429aa767860b4507d91b281d59a5241f3300bb7de8ababc3ba34
tcn,electrode,202,bandpass_n20003_call_covariance_s20,phase2/results/predictions/full/electrode/tcn/seed_202/bandpass_n20003_call_covariance_s20.npz,76471,9a9c2264f1b82fb2d0a87c16b70354919c827e3f72e356029efd2851dc744742
tcn,electrode,202,bandpass_n20003_call_covariance_s15,phase2/results/predictions/full/electrode/tcn/seed_202/bandpass_n20003_call_covariance_s15.npz,76461,210e1dc441a2bc69e9ae3378c03658bcb1afe4b29ef9e4cc63b860d3e5674f46
tcn,electrode,202,bandpass_n20003_call_covariance_s10,phase2/results/predictions/full/electrode/tcn/seed_202/bandpass_n20003_call_covariance_s10.npz,76501,bb2cb328092100a143e647508513e1d5eb56e0732780274e5a5c2b0e98435997
tcn,electrode,202,bandpass_n20003_call_covariance_s5,phase2/results/predictions/full/electrode/tcn/seed_202/bandpass_n20003_call_covariance_s5.npz,76377,67e91a11e54f53df56457110caa71c615a3e031f451454ee1970af3a68dc815d
tcn,electrode,202,bandpass_n20003_call_covariance_s0,phase2/results/predictions/full/electrode/tcn/seed_202/bandpass_n20003_call_covariance_s0.npz,76045,2ddb558b0c540afdb5e8d7737c8f5e079af49df9c50d7ed4476efb64171f8488
tcn,electrode,202,bandpass_n20004_cRA_LA_LL_independent_rms_s20,phase2/results/predictions/full/electrode/tcn/seed_202/bandpass_n20004_cRA_LA_LL_independent_rms_s20.npz,76522,a0ac7c04706f66da3d26822ead9e21211b3b55ccaea108c3ab5a6a3c91fcf344
tcn,electrode,202,bandpass_n20004_cRA_LA_LL_independent_rms_s15,phase2/results/predictions/full/electrode/tcn/seed_202/bandpass_n20004_cRA_LA_LL_independent_rms_s15.npz,76514,7bb1c6cd844e5b6bd6f8e3ccd56bf4896e25aa566f25dabdcfbd46c0cfd5edcb
tcn,electrode,202,bandpass_n20004_cRA_LA_LL_independent_rms_s10,phase2/results/predictions/full/electrode/tcn/seed_202/bandpass_n20004_cRA_LA_LL_independent_rms_s10.npz,76508,70937ce77c24f2cb14c9bf5c73839563db34967df09b4a6f5f657459408d1a19
tcn,electrode,202,bandpass_n20004_cRA_LA_LL_independent_rms_s5,phase2/results/predictions/full/electrode/tcn/seed_202/bandpass_n20004_cRA_LA_LL_independent_rms_s5.npz,76435,4f59e1cc5a03ee064d3e0d1c409cea0562f660704fc9a05ad3da2720972ebfb5
tcn,electrode,202,bandpass_n20004_cRA_LA_LL_independent_rms_s0,phase2/results/predictions/full/electrode/tcn/seed_202/bandpass_n20004_cRA_LA_LL_independent_rms_s0.npz,76248,0a42ff2553d7c4af464d6a2163b82e2df4cca304a5c1c5f2b50ac63746036010
tcn,electrode,202,bandpass_n20004_cRA_LA_LL_electrode_s20,phase2/results/predictions/full/electrode/tcn/seed_202/bandpass_n20004_cRA_LA_LL_electrode_s20.npz,76480,8f0709c3c3372e057ee708f207a99ada21b92a74d2ba42f46f92aad08048da8a
tcn,electrode,202,bandpass_n20004_cRA_LA_LL_electrode_s15,phase2/results/predictions/full/electrode/tcn/seed_202/bandpass_n20004_cRA_LA_LL_electrode_s15.npz,76460,61f65b015b117adc57e290372b3a027faf14a9fc7ca0c10879d755ebf826c7b0
tcn,electrode,202,bandpass_n20004_cRA_LA_LL_electrode_s10,phase2/results/predictions/full/electrode/tcn/seed_202/bandpass_n20004_cRA_LA_LL_electrode_s10.npz,76492,1cb68d83e2f55540d8a9b043d12073c8ce98495a10f66966496fe1a9de1bfe17
tcn,electrode,202,bandpass_n20004_cRA_LA_LL_electrode_s5,phase2/results/predictions/full/electrode/tcn/seed_202/bandpass_n20004_cRA_LA_LL_electrode_s5.npz,76335,75ff283717686f468fefc8f505475234e62c5c6d387c2143679262531e3b1f5e
tcn,electrode,202,bandpass_n20004_cRA_LA_LL_electrode_s0,phase2/results/predictions/full/electrode/tcn/seed_202/bandpass_n20004_cRA_LA_LL_electrode_s0.npz,75961,82cb617ad9610fb25e156abe9f141f582d5b38c0b58c35fc7986e0079e0f3a9f
tcn,electrode,202,bandpass_n20004_cRA_LA_LL_covariance_s20,phase2/results/predictions/full/electrode/tcn/seed_202/bandpass_n20004_cRA_LA_LL_covariance_s20.npz,76504,329be56704ac4f75e1a85bae66501df99575f33566b5bc463ce863d1d3e1a7e4
tcn,electrode,202,bandpass_n20004_cRA_LA_LL_covariance_s15,phase2/results/predictions/full/electrode/tcn/seed_202/bandpass_n20004_cRA_LA_LL_covariance_s15.npz,76504,e36ed0332272e4c1dd87124919938b8a51867c57b19c16a625edb9aa82f1a79a
tcn,electrode,202,bandpass_n20004_cRA_LA_LL_covariance_s10,phase2/results/predictions/full/electrode/tcn/seed_202/bandpass_n20004_cRA_LA_LL_covariance_s10.npz,76502,502781cbb122d3c403caaf19f9f97325382fc81d4db34001b15ae6ae0d90abec
tcn,electrode,202,bandpass_n20004_cRA_LA_LL_covariance_s5,phase2/results/predictions/full/electrode/tcn/seed_202/bandpass_n20004_cRA_LA_LL_covariance_s5.npz,76360,f8b7c223acada784899bced082bb6825b9a5cf1d3b55c0f6028023a330783836
tcn,electrode,202,bandpass_n20004_cRA_LA_LL_covariance_s0,phase2/results/predictions/full/electrode/tcn/seed_202/bandpass_n20004_cRA_LA_LL_covariance_s0.npz,75972,8bf534fef454b423bdbff20068ee7467e93cc2d3c702e793024c931510d777d1
tcn,electrode,202,bandpass_n20004_cV1_independent_rms_s20,phase2/results/predictions/full/electrode/tcn/seed_202/bandpass_n20004_cV1_independent_rms_s20.npz,76497,36ec5b36450f7b85c496bd4eb0886088a3aba3aa7cbbd13124b95fb88d6c2760
tcn,electrode,202,bandpass_n20004_cV1_independent_rms_s15,phase2/results/predictions/full/electrode/tcn/seed_202/bandpass_n20004_cV1_independent_rms_s15.npz,76521,bab425eb64b9d20e26b7c34997c192d81cf5b77dc1521a8d42fd8774a4fc03a1
tcn,electrode,202,bandpass_n20004_cV1_independent_rms_s10,phase2/results/predictions/full/electrode/tcn/seed_202/bandpass_n20004_cV1_independent_rms_s10.npz,76493,98d1b85ff000311f7455099b010d6633442c949313c67097e57dd437df46e340
tcn,electrode,202,bandpass_n20004_cV1_independent_rms_s5,phase2/results/predictions/full/electrode/tcn/seed_202/bandpass_n20004_cV1_independent_rms_s5.npz,76388,7c48911a6e031842e96f90aa066c04eb8688f1323d1d27648d3b2a55293e1ee3
tcn,electrode,202,bandpass_n20004_cV1_independent_rms_s0,phase2/results/predictions/full/electrode/tcn/seed_202/bandpass_n20004_cV1_independent_rms_s0.npz,76015,7b1a36212ae13c4da02fc6255dff8cf322cd60f28160eec7590d3843c36d87f6
tcn,electrode,202,bandpass_n20004_cV1_electrode_s20,phase2/results/predictions/full/electrode/tcn/seed_202/bandpass_n20004_cV1_electrode_s20.npz,76503,2141b40cec460236b1ce27b833b4b5041fe28a9f64ffda8633f05621fcf20cdc
tcn,electrode,202,bandpass_n20004_cV1_electrode_s15,phase2/results/predictions/full/electrode/tcn/seed_202/bandpass_n20004_cV1_electrode_s15.npz,76467,1be109ea5314909be2f14cc37b60bca28c72b0f4b1e208cdde78008bfbc3f538
tcn,electrode,202,bandpass_n20004_cV1_electrode_s10,phase2/results/predictions/full/electrode/tcn/seed_202/bandpass_n20004_cV1_electrode_s10.npz,76476,d005a9aae87b0cbcd656275c7f322b197632cfb3ef92c1b7df0b103bde9391bb
tcn,electrode,202,bandpass_n20004_cV1_electrode_s5,phase2/results/predictions/full/electrode/tcn/seed_202/bandpass_n20004_cV1_electrode_s5.npz,76332,ad4b5085e5b6436c2ede2de20585021b7a68d7657e684718f095c72c47153e27
tcn,electrode,202,bandpass_n20004_cV1_electrode_s0,phase2/results/predictions/full/electrode/tcn/seed_202/bandpass_n20004_cV1_electrode_s0.npz,76002,cd1b61cfb3ba4b72b4d1d9f88e60f895302d0792319e152a9bf789877445330c
tcn,electrode,202,bandpass_n20004_cV1_covariance_s20,phase2/results/predictions/full/electrode/tcn/seed_202/bandpass_n20004_cV1_covariance_s20.npz,76496,cba92d32e8dd6803ea9a27e2c4051f4527615f0fc80011a346130e90e3c2e008
tcn,electrode,202,bandpass_n20004_cV1_covariance_s15,phase2/results/predictions/full/electrode/tcn/seed_202/bandpass_n20004_cV1_covariance_s15.npz,76520,796f65bed7f278cbb5c75a398cca70072336db7c520c897e369e5b51dec2553d
tcn,electrode,202,bandpass_n20004_cV1_covariance_s10,phase2/results/predictions/full/electrode/tcn/seed_202/bandpass_n20004_cV1_covariance_s10.npz,76463,58190a638362bd1afd7292c9996e564768e5cfe32ecafeeb069bb31bb5623da4
tcn,electrode,202,bandpass_n20004_cV1_covariance_s5,phase2/results/predictions/full/electrode/tcn/seed_202/bandpass_n20004_cV1_covariance_s5.npz,76349,ddfbad888c3afd94825b6fe1e80dfb54822f97f9ca35cdc9ed5f876ccf0b07c7
tcn,electrode,202,bandpass_n20004_cV1_covariance_s0,phase2/results/predictions/full/electrode/tcn/seed_202/bandpass_n20004_cV1_covariance_s0.npz,75987,735d359a0c64da82a15e16b402177a6b86a04cbf4bf8df3b7c03f54345e32334
tcn,electrode,202,bandpass_n20004_cV2_independent_rms_s20,phase2/results/predictions/full/electrode/tcn/seed_202/bandpass_n20004_cV2_independent_rms_s20.npz,76485,0513586808bcbea1ecdb167bbf59037cfa2956e2b9027dba5e35e4a97df3134a
tcn,electrode,202,bandpass_n20004_cV2_independent_rms_s15,phase2/results/predictions/full/electrode/tcn/seed_202/bandpass_n20004_cV2_independent_rms_s15.npz,76508,2d7d0121dd22dee51fdb34d3fbef1547ff4407024fe650ae3e17a8591a6215ca
tcn,electrode,202,bandpass_n20004_cV2_independent_rms_s10,phase2/results/predictions/full/electrode/tcn/seed_202/bandpass_n20004_cV2_independent_rms_s10.npz,76469,14f5b91b5b996c136226dbc35a88af83b1448bbc579ee9e8dc3061713371a983
tcn,electrode,202,bandpass_n20004_cV2_independent_rms_s5,phase2/results/predictions/full/electrode/tcn/seed_202/bandpass_n20004_cV2_independent_rms_s5.npz,76434,6fcd20484cf8170f9fcf947e77857afa0025980a39b122a1f1ba0d39c79b06bd
tcn,electrode,202,bandpass_n20004_cV2_independent_rms_s0,phase2/results/predictions/full/electrode/tcn/seed_202/bandpass_n20004_cV2_independent_rms_s0.npz,76222,f7f35e8068f10aa3afa0691436189125f62e4d5ad993de021fcbc2330f78237e
tcn,electrode,202,bandpass_n20004_cV2_electrode_s20,phase2/results/predictions/full/electrode/tcn/seed_202/bandpass_n20004_cV2_electrode_s20.npz,76490,f0c5ad0e9a87cbbdc08de1063c5af08911a913e489e7d7760e9c84b4fd193ed1
tcn,electrode,202,bandpass_n20004_cV2_electrode_s15,phase2/results/predictions/full/electrode/tcn/seed_202/bandpass_n20004_cV2_electrode_s15.npz,76514,fa7cbd879176a196be4e1ff64e9e24d3888c8e8859ce667eac6fef58e701a42f
tcn,electrode,202,bandpass_n20004_cV2_electrode_s10,phase2/results/predictions/full/electrode/tcn/seed_202/bandpass_n20004_cV2_electrode_s10.npz,76483,d29d09757b2c489b1fff3c773b37788d68ef0b06221ba31f16bdfe685e30f4b5
tcn,electrode,202,bandpass_n20004_cV2_electrode_s5,phase2/results/predictions/full/electrode/tcn/seed_202/bandpass_n20004_cV2_electrode_s5.npz,76419,bdea2e9faac01a85cd9a1d9a62d7699f7ee8fede393251b0e70e33d01d088869
tcn,electrode,202,bandpass_n20004_cV2_electrode_s0,phase2/results/predictions/full/electrode/tcn/seed_202/bandpass_n20004_cV2_electrode_s0.npz,76248,dd187903e8c1af1aef8ddfd03c3aef1d7f3806bebbe52f1a0c91609cada743d0
tcn,electrode,202,bandpass_n20004_cV2_covariance_s20,phase2/results/predictions/full/electrode/tcn/seed_202/bandpass_n20004_cV2_covariance_s20.npz,76486,f612030d4a175e7be118cdb4f253699b85b98b39308bda33b0edf5bd5cdddb98
tcn,electrode,202,bandpass_n20004_cV2_covariance_s15,phase2/results/predictions/full/electrode/tcn/seed_202/bandpass_n20004_cV2_covariance_s15.npz,76506,dc6db27bf7483a934721bfafa7023e388769e404f63061836893bbc0e55b0374
tcn,electrode,202,bandpass_n20004_cV2_covariance_s10,phase2/results/predictions/full/electrode/tcn/seed_202/bandpass_n20004_cV2_covariance_s10.npz,76509,551ab5261328f6e7618bf98fc36e03f3eba09b4676aabcdcf2d17b935694433b
tcn,electrode,202,bandpass_n20004_cV2_covariance_s5,phase2/results/predictions/full/electrode/tcn/seed_202/bandpass_n20004_cV2_covariance_s5.npz,76402,00e680fae0f99cf976f62bb0009b57f2703fac318311fc52c95b12be1ddacece
tcn,electrode,202,bandpass_n20004_cV2_covariance_s0,phase2/results/predictions/full/electrode/tcn/seed_202/bandpass_n20004_cV2_covariance_s0.npz,76218,8391c2afb2e6d296cb2487bab947ddce40b2ea92f772121ad5ea6c0d5d24fc27
tcn,electrode,202,bandpass_n20004_cV3_independent_rms_s20,phase2/results/predictions/full/electrode/tcn/seed_202/bandpass_n20004_cV3_independent_rms_s20.npz,76520,18c9834a65759f2cf1e70db371715adbfcc7a9e6de991a936d61356bc8fdafab
tcn,electrode,202,bandpass_n20004_cV3_independent_rms_s15,phase2/results/predictions/full/electrode/tcn/seed_202/bandpass_n20004_cV3_independent_rms_s15.npz,76546,6e59c46b6407b2d5aea53feb5ae6cde5e623289322247086f0ac7f8a4885dead
tcn,electrode,202,bandpass_n20004_cV3_independent_rms_s10,phase2/results/predictions/full/electrode/tcn/seed_202/bandpass_n20004_cV3_independent_rms_s10.npz,76505,0ae870d2792eea9266716c07403f468c0165122f834c66965545ac8c45b9cc66
tcn,electrode,202,bandpass_n20004_cV3_independent_rms_s5,phase2/results/predictions/full/electrode/tcn/seed_202/bandpass_n20004_cV3_independent_rms_s5.npz,76502,e68c8d7c5b6e9c440aababe8e9da009d367bfb1541159fa2e4b95d28144f5e5c
tcn,electrode,202,bandpass_n20004_cV3_independent_rms_s0,phase2/results/predictions/full/electrode/tcn/seed_202/bandpass_n20004_cV3_independent_rms_s0.npz,76361,dafee67a536e02573fd1ef7483f5316df4a3e807f32e6369dc2ae24b84499159
tcn,electrode,202,bandpass_n20004_cV3_electrode_s20,phase2/results/predictions/full/electrode/tcn/seed_202/bandpass_n20004_cV3_electrode_s20.npz,76496,9ffc732e1d310d06537abaec93ad28fa6da1a7e7d57894577faecb6377041870
tcn,electrode,202,bandpass_n20004_cV3_electrode_s15,phase2/results/predictions/full/electrode/tcn/seed_202/bandpass_n20004_cV3_electrode_s15.npz,76516,cadc4fb60ddb5fd3c380533b990a24ea51ef73d07a36627faea3366093d887e8
tcn,electrode,202,bandpass_n20004_cV3_electrode_s10,phase2/results/predictions/full/electrode/tcn/seed_202/bandpass_n20004_cV3_electrode_s10.npz,76477,21e8dba2411833d95713c27c54ea430346af4d60e2f7b1382741fe2f080d7165
tcn,electrode,202,bandpass_n20004_cV3_electrode_s5,phase2/results/predictions/full/electrode/tcn/seed_202/bandpass_n20004_cV3_electrode_s5.npz,76502,6c09e8c64d9e744c36a3fe351706fd642ddae63215ced6a5bd31e91de0aa3575
tcn,electrode,202,bandpass_n20004_cV3_electrode_s0,phase2/results/predictions/full/electrode/tcn/seed_202/bandpass_n20004_cV3_electrode_s0.npz,76357,01fc6545550d61cb2941e8429fcdfd2a372a65e852692f69868e184a726a951e
tcn,electrode,202,bandpass_n20004_cV3_covariance_s20,phase2/results/predictions/full/electrode/tcn/seed_202/bandpass_n20004_cV3_covariance_s20.npz,76490,cec4f3130492d715c564f0d2a58d564c6174ea050e05e779f6b654a1cbd9c496
tcn,electrode,202,bandpass_n20004_cV3_covariance_s15,phase2/results/predictions/full/electrode/tcn/seed_202/bandpass_n20004_cV3_covariance_s15.npz,76480,b8a364e4a3fc4b761f7cf1c7baa835be6bf51712a66a46c4582a558fa734a404
tcn,electrode,202,bandpass_n20004_cV3_covariance_s10,phase2/results/predictions/full/electrode/tcn/seed_202/bandpass_n20004_cV3_covariance_s10.npz,76494,e875975b63a81aa471e5cb12780bc4d86e2320d26ceb9b4171f7c6cdb5a24ae9
tcn,electrode,202,bandpass_n20004_cV3_covariance_s5,phase2/results/predictions/full/electrode/tcn/seed_202/bandpass_n20004_cV3_covariance_s5.npz,76513,af0e02f91cd0b269f38cf3b5617d66855346de445dd80f0bc55458b0089e4c5b
tcn,electrode,202,bandpass_n20004_cV3_covariance_s0,phase2/results/predictions/full/electrode/tcn/seed_202/bandpass_n20004_cV3_covariance_s0.npz,76308,092faf7776726db63463208015302a7065eaeb0c91a1bc595bb989fd9e3052c6
tcn,electrode,202,bandpass_n20004_cV4_independent_rms_s20,phase2/results/predictions/full/electrode/tcn/seed_202/bandpass_n20004_cV4_independent_rms_s20.npz,76487,498b8aac8ba3356ab507a6ab355ecde1445e0a3de8231f62983fd83e65b101fe
tcn,electrode,202,bandpass_n20004_cV4_independent_rms_s15,phase2/results/predictions/full/electrode/tcn/seed_202/bandpass_n20004_cV4_independent_rms_s15.npz,76500,75ad6a6e3788dd2baf2215cdc53a408a26ee0fdcce8d947cf11e58180bcd9a31
tcn,electrode,202,bandpass_n20004_cV4_independent_rms_s10,phase2/results/predictions/full/electrode/tcn/seed_202/bandpass_n20004_cV4_independent_rms_s10.npz,76501,7a353c3392faa65835e4bbbd61d580bcb355ec224a0d4d2f0c7da363073a6d62
tcn,electrode,202,bandpass_n20004_cV4_independent_rms_s5,phase2/results/predictions/full/electrode/tcn/seed_202/bandpass_n20004_cV4_independent_rms_s5.npz,76482,423df29829a71f60c2ff83e6f9fbd2252e231d036f3a0a9ebbe85d98866151ce
tcn,electrode,202,bandpass_n20004_cV4_independent_rms_s0,phase2/results/predictions/full/electrode/tcn/seed_202/bandpass_n20004_cV4_independent_rms_s0.npz,76287,81b1b4057487ac8d80a260ba9db864443f92b9dfaf5d5b67d3e462b64857fb09
tcn,electrode,202,bandpass_n20004_cV4_electrode_s20,phase2/results/predictions/full/electrode/tcn/seed_202/bandpass_n20004_cV4_electrode_s20.npz,76447,4383df19a7463f975e1ccc3d8e882eddeff2749cb79d00366c32a26c4b059fed
tcn,electrode,202,bandpass_n20004_cV4_electrode_s15,phase2/results/predictions/full/electrode/tcn/seed_202/bandpass_n20004_cV4_electrode_s15.npz,76494,91cb8a67c73966d043a3346fbb8736a242bed2bddbb91b6c913ca5f4a426de10
tcn,electrode,202,bandpass_n20004_cV4_electrode_s10,phase2/results/predictions/full/electrode/tcn/seed_202/bandpass_n20004_cV4_electrode_s10.npz,76465,caee61de7af211b214bc9df7209bded60f786a29143678b31fe15cea518ecd3c
tcn,electrode,202,bandpass_n20004_cV4_electrode_s5,phase2/results/predictions/full/electrode/tcn/seed_202/bandpass_n20004_cV4_electrode_s5.npz,76483,294837e61a12aca55a5d472e7b911cbb5e78236c90357d92d3840ba42210f198
tcn,electrode,202,bandpass_n20004_cV4_electrode_s0,phase2/results/predictions/full/electrode/tcn/seed_202/bandpass_n20004_cV4_electrode_s0.npz,76269,a89e5322c751a86f6854f60f9cad9b81c3b4ff243bf42e955e8782349305dfc2
tcn,electrode,202,bandpass_n20004_cV4_covariance_s20,phase2/results/predictions/full/electrode/tcn/seed_202/bandpass_n20004_cV4_covariance_s20.npz,76479,ca5e1f41d8af5d29832749a089872f45c2b5d61568035f387cb9d438772150c4
tcn,electrode,202,bandpass_n20004_cV4_covariance_s15,phase2/results/predictions/full/electrode/tcn/seed_202/bandpass_n20004_cV4_covariance_s15.npz,76467,d545c167d6759421e09a8c4788a39c625efabcbf28b51bb68d7b0f30ec1465f5
tcn,electrode,202,bandpass_n20004_cV4_covariance_s10,phase2/results/predictions/full/electrode/tcn/seed_202/bandpass_n20004_cV4_covariance_s10.npz,76503,6c480f1618ab3e8553b49d81a8c375d548c0c21165281b41e4e02afa722bf799
tcn,electrode,202,bandpass_n20004_cV4_covariance_s5,phase2/results/predictions/full/electrode/tcn/seed_202/bandpass_n20004_cV4_covariance_s5.npz,76454,d86fd30840aa4718105955f21ac0262ede41db0048fc959fd5055fd5956532f5
tcn,electrode,202,bandpass_n20004_cV4_covariance_s0,phase2/results/predictions/full/electrode/tcn/seed_202/bandpass_n20004_cV4_covariance_s0.npz,76264,6edd5b05edf86c24f145a2b2221bd4e1adef48aca356f4feaa34f00c0604c753
tcn,electrode,202,bandpass_n20004_cV5_independent_rms_s20,phase2/results/predictions/full/electrode/tcn/seed_202/bandpass_n20004_cV5_independent_rms_s20.npz,76507,116c8d8aadac0892682d268f15615c8bc3c63f07edd4c3dcea3cbc867ce3a0db
tcn,electrode,202,bandpass_n20004_cV5_independent_rms_s15,phase2/results/predictions/full/electrode/tcn/seed_202/bandpass_n20004_cV5_independent_rms_s15.npz,76495,8a06cb02d72d563b507a6ea5281da9390d44b7eedf672cd4c255a6b4c7caeb5e
tcn,electrode,202,bandpass_n20004_cV5_independent_rms_s10,phase2/results/predictions/full/electrode/tcn/seed_202/bandpass_n20004_cV5_independent_rms_s10.npz,76489,f555431031bc94403378ad48359368d2b1ad1aaad9f9233b803dc99b82bf8c8e
tcn,electrode,202,bandpass_n20004_cV5_independent_rms_s5,phase2/results/predictions/full/electrode/tcn/seed_202/bandpass_n20004_cV5_independent_rms_s5.npz,76445,aac502406f2083551230fe0c80e9fe994f2b8afdc68356c15562de7542617804
tcn,electrode,202,bandpass_n20004_cV5_independent_rms_s0,phase2/results/predictions/full/electrode/tcn/seed_202/bandpass_n20004_cV5_independent_rms_s0.npz,76208,896f97b6ec87e30bc32cd477fb18db224fc5a5cac62d3d6789c228c10ff0421d
tcn,electrode,202,bandpass_n20004_cV5_electrode_s20,phase2/results/predictions/full/electrode/tcn/seed_202/bandpass_n20004_cV5_electrode_s20.npz,76507,04f79588ec15d0e387b4955b646ae699e363efab485b07d68dad075c5c7971a4
tcn,electrode,202,bandpass_n20004_cV5_electrode_s15,phase2/results/predictions/full/electrode/tcn/seed_202/bandpass_n20004_cV5_electrode_s15.npz,76520,40b3cfd8c86f84ed40753c6dc824ed37a1b2b53800120d192089fc75524bf6e2
tcn,electrode,202,bandpass_n20004_cV5_electrode_s10,phase2/results/predictions/full/electrode/tcn/seed_202/bandpass_n20004_cV5_electrode_s10.npz,76465,09653aa793d2286a4bb500b4857d881f7a4c5a04c6330e92b97d414545b0fa55
tcn,electrode,202,bandpass_n20004_cV5_electrode_s5,phase2/results/predictions/full/electrode/tcn/seed_202/bandpass_n20004_cV5_electrode_s5.npz,76461,444cf48240fe8681cd5b1cf928c81107df704258b965820d65c7790087586a20
tcn,electrode,202,bandpass_n20004_cV5_electrode_s0,phase2/results/predictions/full/electrode/tcn/seed_202/bandpass_n20004_cV5_electrode_s0.npz,76222,84ca0255e1a5139255923a11f2815bc3d38dd3851c97d9e35c59f1c9b1d3b11b
tcn,electrode,202,bandpass_n20004_cV5_covariance_s20,phase2/results/predictions/full/electrode/tcn/seed_202/bandpass_n20004_cV5_covariance_s20.npz,76507,9bc3fc4f8d3a2422a9fa4d45c7440b883f84397ec79c16bfaf508337190e2fe8
tcn,electrode,202,bandpass_n20004_cV5_covariance_s15,phase2/results/predictions/full/electrode/tcn/seed_202/bandpass_n20004_cV5_covariance_s15.npz,76497,ed951f547ebd85eeb61db13409bf0950762fda3b06b9ba0a2af435568628a2ec
tcn,electrode,202,bandpass_n20004_cV5_covariance_s10,phase2/results/predictions/full/electrode/tcn/seed_202/bandpass_n20004_cV5_covariance_s10.npz,76498,5749af980ac70857fe3d36270bc54969ef3c9440cb6a517ded900db116305e98
tcn,electrode,202,bandpass_n20004_cV5_covariance_s5,phase2/results/predictions/full/electrode/tcn/seed_202/bandpass_n20004_cV5_covariance_s5.npz,76446,2efa7e5a9ed2122021500c81a8d8b595d6eed20490e3b3ffc371fa770a37962b
tcn,electrode,202,bandpass_n20004_cV5_covariance_s0,phase2/results/predictions/full/electrode/tcn/seed_202/bandpass_n20004_cV5_covariance_s0.npz,76203,35fa1466fe78dfa52e9a1689fff6f6e8513830deef8683fec0d441864944a50d
tcn,electrode,202,bandpass_n20004_cV6_independent_rms_s20,phase2/results/predictions/full/electrode/tcn/seed_202/bandpass_n20004_cV6_independent_rms_s20.npz,76508,dd6fb2bf0cfe9da2d16c21cf6d0252fb0ca7aa3ca8c045ce9a07f581a553e563
tcn,electrode,202,bandpass_n20004_cV6_independent_rms_s15,phase2/results/predictions/full/electrode/tcn/seed_202/bandpass_n20004_cV6_independent_rms_s15.npz,76532,9b908e9bdae8e1bf45c36b5c101317cc8d3070964fb88a9358619f3652536b0f
tcn,electrode,202,bandpass_n20004_cV6_independent_rms_s10,phase2/results/predictions/full/electrode/tcn/seed_202/bandpass_n20004_cV6_independent_rms_s10.npz,76485,c5f8be6ce36deced0ed9d850e24e91d0a39d4ba1090df489597848bff8e6d333
tcn,electrode,202,bandpass_n20004_cV6_independent_rms_s5,phase2/results/predictions/full/electrode/tcn/seed_202/bandpass_n20004_cV6_independent_rms_s5.npz,76514,2304a66f1cfbd064cd36ecd5f7d02430b93bb38e44995dea293588def5988f06
tcn,electrode,202,bandpass_n20004_cV6_independent_rms_s0,phase2/results/predictions/full/electrode/tcn/seed_202/bandpass_n20004_cV6_independent_rms_s0.npz,76269,319474694251c2f3b66adab86abed6eeed2bee169abaefb0035c6497d953d655
tcn,electrode,202,bandpass_n20004_cV6_electrode_s20,phase2/results/predictions/full/electrode/tcn/seed_202/bandpass_n20004_cV6_electrode_s20.npz,76498,9c22646aeb00c4a1941b1078d033b70bb995b3a33cbe7040544a47fda60eaed9
tcn,electrode,202,bandpass_n20004_cV6_electrode_s15,phase2/results/predictions/full/electrode/tcn/seed_202/bandpass_n20004_cV6_electrode_s15.npz,76544,6e84da060794e9fa7b66582aaf68c506a072c862e0e5524ac23fc191fada99cc
tcn,electrode,202,bandpass_n20004_cV6_electrode_s10,phase2/results/predictions/full/electrode/tcn/seed_202/bandpass_n20004_cV6_electrode_s10.npz,76498,08ca2d79ca58568f8258824595bd35b23dfcec62dad84108100dbc83c858e3e9
tcn,electrode,202,bandpass_n20004_cV6_electrode_s5,phase2/results/predictions/full/electrode/tcn/seed_202/bandpass_n20004_cV6_electrode_s5.npz,76443,ab7119e0be3b0e7726a69cf6306b0798760f4f9a76f0ef1c61218e9c9384d69d
tcn,electrode,202,bandpass_n20004_cV6_electrode_s0,phase2/results/predictions/full/electrode/tcn/seed_202/bandpass_n20004_cV6_electrode_s0.npz,76277,31380331c7bd31a0450efc9b1b718551cd24bfa82ffa2d8c8ee23903eadc76ed
tcn,electrode,202,bandpass_n20004_cV6_covariance_s20,phase2/results/predictions/full/electrode/tcn/seed_202/bandpass_n20004_cV6_covariance_s20.npz,76496,8fdbd84b09f6ce8f225b326d4c08783003f6a037bde2cfa7f59b8e668643d870
tcn,electrode,202,bandpass_n20004_cV6_covariance_s15,phase2/results/predictions/full/electrode/tcn/seed_202/bandpass_n20004_cV6_covariance_s15.npz,76513,b81d1d928db5c879a49ccd46b2df131b64b1245a23b98ade824714110ed95cb3
tcn,electrode,202,bandpass_n20004_cV6_covariance_s10,phase2/results/predictions/full/electrode/tcn/seed_202/bandpass_n20004_cV6_covariance_s10.npz,76500,9eb4efc646094ee0760735f1547453b386f771dcb1ec3e2bf69f5d203ba8d0ed
tcn,electrode,202,bandpass_n20004_cV6_covariance_s5,phase2/results/predictions/full/electrode/tcn/seed_202/bandpass_n20004_cV6_covariance_s5.npz,76497,7cf34f7fbe1591cd6fffbaa185a3d07ef7b8a7542ca02281b893c3aefa02bfb3
tcn,electrode,202,bandpass_n20004_cV6_covariance_s0,phase2/results/predictions/full/electrode/tcn/seed_202/bandpass_n20004_cV6_covariance_s0.npz,76241,710a3c3258693dcc9075a224d08b0dced443578008e259eacec6af46a007f7c9
tcn,electrode,202,bandpass_n20004_cRA_LA_independent_rms_s20,phase2/results/predictions/full/electrode/tcn/seed_202/bandpass_n20004_cRA_LA_independent_rms_s20.npz,76513,999894f2654c5c28f5fdb127a7b0d0d1dc2442f8722e9e401df562041e58897a
tcn,electrode,202,bandpass_n20004_cRA_LA_independent_rms_s15,phase2/results/predictions/full/electrode/tcn/seed_202/bandpass_n20004_cRA_LA_independent_rms_s15.npz,76545,a863f0c25ecba0e9da1a325319f73954869354a1cce8fdcda2adb91e72ca0de6
tcn,electrode,202,bandpass_n20004_cRA_LA_independent_rms_s10,phase2/results/predictions/full/electrode/tcn/seed_202/bandpass_n20004_cRA_LA_independent_rms_s10.npz,76489,a6e8f1d12926528834bcbcde6d6aad01ae1b2d5e88d8eab4e1143438bd28f879
tcn,electrode,202,bandpass_n20004_cRA_LA_independent_rms_s5,phase2/results/predictions/full/electrode/tcn/seed_202/bandpass_n20004_cRA_LA_independent_rms_s5.npz,76461,73b876adcee4450eb0946d6e6e1c939396162781e0f304b8950a8c874e8c9875
tcn,electrode,202,bandpass_n20004_cRA_LA_independent_rms_s0,phase2/results/predictions/full/electrode/tcn/seed_202/bandpass_n20004_cRA_LA_independent_rms_s0.npz,76240,d443f5a68c3008dbfdb6de7746644d6a5da4bb761d0b0af26928d5d6124acad4
tcn,electrode,202,bandpass_n20004_cRA_LA_electrode_s20,phase2/results/predictions/full/electrode/tcn/seed_202/bandpass_n20004_cRA_LA_electrode_s20.npz,76497,5e77c20ae193b7df5a97defe8e25ab04a30e443933b4e6b13e7701590f5e9e85
tcn,electrode,202,bandpass_n20004_cRA_LA_electrode_s15,phase2/results/predictions/full/electrode/tcn/seed_202/bandpass_n20004_cRA_LA_electrode_s15.npz,76494,0c91d6552c2c8b0f4a3f47a2aa01362828d676124a73e38f9035e44d40d427bf
tcn,electrode,202,bandpass_n20004_cRA_LA_electrode_s10,phase2/results/predictions/full/electrode/tcn/seed_202/bandpass_n20004_cRA_LA_electrode_s10.npz,76493,75cfad9cc1952666740fb3cbbccbaaff5d4d51a7a827bbaf0a7cec95b6c67714
tcn,electrode,202,bandpass_n20004_cRA_LA_electrode_s5,phase2/results/predictions/full/electrode/tcn/seed_202/bandpass_n20004_cRA_LA_electrode_s5.npz,76343,e317ac220e05de565673cbb611a4c81caf6edd8b7d51f1a1616d915273b4954e
tcn,electrode,202,bandpass_n20004_cRA_LA_electrode_s0,phase2/results/predictions/full/electrode/tcn/seed_202/bandpass_n20004_cRA_LA_electrode_s0.npz,76009,d78f3e5da3630d6c46ff27582d0bd401830195a75328706729713a491cae1986
tcn,electrode,202,bandpass_n20004_cRA_LA_covariance_s20,phase2/results/predictions/full/electrode/tcn/seed_202/bandpass_n20004_cRA_LA_covariance_s20.npz,76454,a02d4d6fed58382a0e2517e1cbbdd038607dbcaf11c4117204935c659f12d873
tcn,electrode,202,bandpass_n20004_cRA_LA_covariance_s15,phase2/results/predictions/full/electrode/tcn/seed_202/bandpass_n20004_cRA_LA_covariance_s15.npz,76519,7b7b08ecb8cc9be31b4ba431befd426cc3dc8977b097ad809ad1ae7a844aec9b
tcn,electrode,202,bandpass_n20004_cRA_LA_covariance_s10,phase2/results/predictions/full/electrode/tcn/seed_202/bandpass_n20004_cRA_LA_covariance_s10.npz,76493,22850a38868958951876ffcce177e249d7f6648721702d8ac52dd23c6adab5f8
tcn,electrode,202,bandpass_n20004_cRA_LA_covariance_s5,phase2/results/predictions/full/electrode/tcn/seed_202/bandpass_n20004_cRA_LA_covariance_s5.npz,76355,44e7bc6537f4d1e3375ba007b902362aa94512aba18671471695f804d381cacb
tcn,electrode,202,bandpass_n20004_cRA_LA_covariance_s0,phase2/results/predictions/full/electrode/tcn/seed_202/bandpass_n20004_cRA_LA_covariance_s0.npz,76027,f00190400e0c3c58661e3d1610df560feed32389e1c9193660eaaca5456bf610
tcn,electrode,202,bandpass_n20004_cLA_LL_independent_rms_s20,phase2/results/predictions/full/electrode/tcn/seed_202/bandpass_n20004_cLA_LL_independent_rms_s20.npz,76526,f2f3d12cb4c99c50c761e41e18cc4215f05d4921c846f1716fa21f5cd4bdbc23
tcn,electrode,202,bandpass_n20004_cLA_LL_independent_rms_s15,phase2/results/predictions/full/electrode/tcn/seed_202/bandpass_n20004_cLA_LL_independent_rms_s15.npz,76529,79d8ba11f89d41be9ecb0103859e5164d60d02b5be0516552afebe621201a84a
tcn,electrode,202,bandpass_n20004_cLA_LL_independent_rms_s10,phase2/results/predictions/full/electrode/tcn/seed_202/bandpass_n20004_cLA_LL_independent_rms_s10.npz,76493,d56d5d489f83e3100d471402a6f5bf9b13e8c5d4c35778382c02f1adcd753912
tcn,electrode,202,bandpass_n20004_cLA_LL_independent_rms_s5,phase2/results/predictions/full/electrode/tcn/seed_202/bandpass_n20004_cLA_LL_independent_rms_s5.npz,76434,3b7f6aa9af6f756091a3f6cc21e22e3408f34bf4831a1fb0e39252c04ec15e54
tcn,electrode,202,bandpass_n20004_cLA_LL_independent_rms_s0,phase2/results/predictions/full/electrode/tcn/seed_202/bandpass_n20004_cLA_LL_independent_rms_s0.npz,76241,96d837a0fabc3c7424747dc19abf94d5f21baed410c72092e36f1bea9d0437a4
tcn,electrode,202,bandpass_n20004_cLA_LL_electrode_s20,phase2/results/predictions/full/electrode/tcn/seed_202/bandpass_n20004_cLA_LL_electrode_s20.npz,76488,fe6c4e99e8876a2a7e3da4f372c06d969de1d92d543a1aa1b76d3e43440db907
tcn,electrode,202,bandpass_n20004_cLA_LL_electrode_s15,phase2/results/predictions/full/electrode/tcn/seed_202/bandpass_n20004_cLA_LL_electrode_s15.npz,76483,31e85529865b59e9d4a1e09735ac0591638029642dbfaa75e6466d8f4bb5e75a
tcn,electrode,202,bandpass_n20004_cLA_LL_electrode_s10,phase2/results/predictions/full/electrode/tcn/seed_202/bandpass_n20004_cLA_LL_electrode_s10.npz,76506,a85c92591c0c93dec6a540864f9a3ad62a8a1a9b7d1f80b4d75d2c78f3c167c0
tcn,electrode,202,bandpass_n20004_cLA_LL_electrode_s5,phase2/results/predictions/full/electrode/tcn/seed_202/bandpass_n20004_cLA_LL_electrode_s5.npz,76299,3ab70570a5d74d56a7ac38deab72adb5d69ed4adac1ee0e66e76b222c1078480
tcn,electrode,202,bandpass_n20004_cLA_LL_electrode_s0,phase2/results/predictions/full/electrode/tcn/seed_202/bandpass_n20004_cLA_LL_electrode_s0.npz,75957,cd4b5405e7f94f9fa47eb94141ba94266f7b9a853bc319d5b230bac32f0d2e39
tcn,electrode,202,bandpass_n20004_cLA_LL_covariance_s20,phase2/results/predictions/full/electrode/tcn/seed_202/bandpass_n20004_cLA_LL_covariance_s20.npz,76494,8512837891888cdb377fde5824a49c28a3fef1ac7eee6369922ee88c06268afd
tcn,electrode,202,bandpass_n20004_cLA_LL_covariance_s15,phase2/results/predictions/full/electrode/tcn/seed_202/bandpass_n20004_cLA_LL_covariance_s15.npz,76533,ad9248cde2351aadc6f41360b955a7027796f594b592a335bfaeceff5c2e46de
tcn,electrode,202,bandpass_n20004_cLA_LL_covariance_s10,phase2/results/predictions/full/electrode/tcn/seed_202/bandpass_n20004_cLA_LL_covariance_s10.npz,76483,0a6b9ebedb2c2dff5f6cc86cc3b42888578186553272148cc1f872e6f750e433
tcn,electrode,202,bandpass_n20004_cLA_LL_covariance_s5,phase2/results/predictions/full/electrode/tcn/seed_202/bandpass_n20004_cLA_LL_covariance_s5.npz,76344,36afe8c401f6f54e89951adfa2c8ec4b5ff40d7d7775f98ed41e94320aa03b78
tcn,electrode,202,bandpass_n20004_cLA_LL_covariance_s0,phase2/results/predictions/full/electrode/tcn/seed_202/bandpass_n20004_cLA_LL_covariance_s0.npz,75951,310f8ec1cd54583d7ce33ec5b8a016071c2e7d155e03ca00fe4c9eec8f8319f9
tcn,electrode,202,bandpass_n20004_cRA_LL_independent_rms_s20,phase2/results/predictions/full/electrode/tcn/seed_202/bandpass_n20004_cRA_LL_independent_rms_s20.npz,76523,d611652c02851cb2afe7fa372267bbb89974304c09cea379b4aa61d758419ce7
tcn,electrode,202,bandpass_n20004_cRA_LL_independent_rms_s15,phase2/results/predictions/full/electrode/tcn/seed_202/bandpass_n20004_cRA_LL_independent_rms_s15.npz,76531,34fcd105ce1fb386b68c5a1547eacd8361a95b4d63cc781ac02894c6bae5a999
tcn,electrode,202,bandpass_n20004_cRA_LL_independent_rms_s10,phase2/results/predictions/full/electrode/tcn/seed_202/bandpass_n20004_cRA_LL_independent_rms_s10.npz,76507,79022434728d3e03d355de0d9ce5c07a6397865f2c759b5250c0bc2860d7a889
tcn,electrode,202,bandpass_n20004_cRA_LL_independent_rms_s5,phase2/results/predictions/full/electrode/tcn/seed_202/bandpass_n20004_cRA_LL_independent_rms_s5.npz,76443,a95804fbdff9eb581d713257b619fcc4f80ec8d1d07fd55ed49ca88c5f2dc398
tcn,electrode,202,bandpass_n20004_cRA_LL_independent_rms_s0,phase2/results/predictions/full/electrode/tcn/seed_202/bandpass_n20004_cRA_LL_independent_rms_s0.npz,76242,c43cb75016ce0ee2f08439922c0e1c5e71e284a4da1eb2cb0569b1b12ad7fcef
tcn,electrode,202,bandpass_n20004_cRA_LL_electrode_s20,phase2/results/predictions/full/electrode/tcn/seed_202/bandpass_n20004_cRA_LL_electrode_s20.npz,76507,3da449ee6298da844addafd7ead153bc70b3a50919502cd838c92956b98ba8a3
tcn,electrode,202,bandpass_n20004_cRA_LL_electrode_s15,phase2/results/predictions/full/electrode/tcn/seed_202/bandpass_n20004_cRA_LL_electrode_s15.npz,76467,1f64d99d0f0e3994bd23e69d7d02c8a236376b019298812b041cf357b18a26e5
tcn,electrode,202,bandpass_n20004_cRA_LL_electrode_s10,phase2/results/predictions/full/electrode/tcn/seed_202/bandpass_n20004_cRA_LL_electrode_s10.npz,76486,5ce26c65c8196d2b840679e8965066c9b15b94ff397b1022dff87f52c8e08144
tcn,electrode,202,bandpass_n20004_cRA_LL_electrode_s5,phase2/results/predictions/full/electrode/tcn/seed_202/bandpass_n20004_cRA_LL_electrode_s5.npz,76334,98c1a1927771cd1ca18867c957ddb06fd32caa97b289f4ecf19ad89542bd098c
tcn,electrode,202,bandpass_n20004_cRA_LL_electrode_s0,phase2/results/predictions/full/electrode/tcn/seed_202/bandpass_n20004_cRA_LL_electrode_s0.npz,75985,766d6f3ad3c242ce7edc7d4ae2702bd780d7ce2fe550c4e633bab579b6c1be00
tcn,electrode,202,bandpass_n20004_cRA_LL_covariance_s20,phase2/results/predictions/full/electrode/tcn/seed_202/bandpass_n20004_cRA_LL_covariance_s20.npz,76474,4ef5c73ae66d5e1e810d4d038d0ca2720a60bfa9c3fd4a79a73be7707bbbb73b
tcn,electrode,202,bandpass_n20004_cRA_LL_covariance_s15,phase2/results/predictions/full/electrode/tcn/seed_202/bandpass_n20004_cRA_LL_covariance_s15.npz,76521,b88409110252cff4db4e16b5566da42d6907976428333f325770b1da1d118e63
tcn,electrode,202,bandpass_n20004_cRA_LL_covariance_s10,phase2/results/predictions/full/electrode/tcn/seed_202/bandpass_n20004_cRA_LL_covariance_s10.npz,76478,cd15b1aa86995c642610e698c58e9e9e45af9141c60cdea90fbd837696773db4
tcn,electrode,202,bandpass_n20004_cRA_LL_covariance_s5,phase2/results/predictions/full/electrode/tcn/seed_202/bandpass_n20004_cRA_LL_covariance_s5.npz,76308,4a418104c40d003b59f27abba7af50359e989a666fba046e249a196226a7dfe3
tcn,electrode,202,bandpass_n20004_cRA_LL_covariance_s0,phase2/results/predictions/full/electrode/tcn/seed_202/bandpass_n20004_cRA_LL_covariance_s0.npz,75992,4667c7ea035fa0bb4b821a4b5a776bbae4d0422f7fdae0fff9d93c6bb4cc8f3f
tcn,electrode,202,bandpass_n20004_cRA_independent_rms_s20,phase2/results/predictions/full/electrode/tcn/seed_202/bandpass_n20004_cRA_independent_rms_s20.npz,76490,4ee0bd41ed4bd00170d4e9400a20e22236f40609d65f74183d518d7ddfb7dcd8
tcn,electrode,202,bandpass_n20004_cRA_independent_rms_s15,phase2/results/predictions/full/electrode/tcn/seed_202/bandpass_n20004_cRA_independent_rms_s15.npz,76496,6759949349a82da6847f28b2112ccd4826c0e43b414f3664803898d056bcde55
tcn,electrode,202,bandpass_n20004_cRA_independent_rms_s10,phase2/results/predictions/full/electrode/tcn/seed_202/bandpass_n20004_cRA_independent_rms_s10.npz,76496,1f75fa664d6e7631bbc23e461373cb4de90e83a414a9195a2988e05cfce6de69
tcn,electrode,202,bandpass_n20004_cRA_independent_rms_s5,phase2/results/predictions/full/electrode/tcn/seed_202/bandpass_n20004_cRA_independent_rms_s5.npz,76473,57dc111f5f86b797aee557c6230ef266630dae9050d889c9fe11e56cb6c487de
tcn,electrode,202,bandpass_n20004_cRA_independent_rms_s0,phase2/results/predictions/full/electrode/tcn/seed_202/bandpass_n20004_cRA_independent_rms_s0.npz,76237,e6aa176aa3f604bb1109870c76d71487bf6f4245ce62a430d7c75b0b11581499
tcn,electrode,202,bandpass_n20004_cRA_electrode_s20,phase2/results/predictions/full/electrode/tcn/seed_202/bandpass_n20004_cRA_electrode_s20.npz,76486,a58cc85bf3e43e7f8176b5179101247540a0b0b35fc21189f41465119447368a
tcn,electrode,202,bandpass_n20004_cRA_electrode_s15,phase2/results/predictions/full/electrode/tcn/seed_202/bandpass_n20004_cRA_electrode_s15.npz,76532,fcd47d6300e11dc215c0d1657f9cfe1461fb8ff136be2cc6132df296a57d61d5
tcn,electrode,202,bandpass_n20004_cRA_electrode_s10,phase2/results/predictions/full/electrode/tcn/seed_202/bandpass_n20004_cRA_electrode_s10.npz,76484,6d104ac60bf2dbe5016f48dcc961f391ec2bd2d3b74e08f721e79b0349d1c83a
tcn,electrode,202,bandpass_n20004_cRA_electrode_s5,phase2/results/predictions/full/electrode/tcn/seed_202/bandpass_n20004_cRA_electrode_s5.npz,76333,451f149aeb8d343b9e97b6fca76b353111fe624941a4c03aa361cfd77422f268
tcn,electrode,202,bandpass_n20004_cRA_electrode_s0,phase2/results/predictions/full/electrode/tcn/seed_202/bandpass_n20004_cRA_electrode_s0.npz,76093,156e96054b8f1b1adf08b38ff041cb95d294935bd640e6ccdeb78a15ad54f5d7
tcn,electrode,202,bandpass_n20004_cRA_covariance_s20,phase2/results/predictions/full/electrode/tcn/seed_202/bandpass_n20004_cRA_covariance_s20.npz,76495,c8c832bf5c52761f3a81f60e4f14d04f140fee014678ed6f747c53bed2565dc1
tcn,electrode,202,bandpass_n20004_cRA_covariance_s15,phase2/results/predictions/full/electrode/tcn/seed_202/bandpass_n20004_cRA_covariance_s15.npz,76516,4d5a4bafaea2ad2220dd3c9d6dc78a76dea78631191a73dcb2606fdbbc2118b4
tcn,electrode,202,bandpass_n20004_cRA_covariance_s10,phase2/results/predictions/full/electrode/tcn/seed_202/bandpass_n20004_cRA_covariance_s10.npz,76488,6c35e76cc840e37b44b9bf25429fd60e380a6b44ba77a7b8876150168764e999
tcn,electrode,202,bandpass_n20004_cRA_covariance_s5,phase2/results/predictions/full/electrode/tcn/seed_202/bandpass_n20004_cRA_covariance_s5.npz,76373,70399fbed251de5006c1d8f7bc5f3f2bcce22fe4c3f99e0d9cce13b10c5df2d2
tcn,electrode,202,bandpass_n20004_cRA_covariance_s0,phase2/results/predictions/full/electrode/tcn/seed_202/bandpass_n20004_cRA_covariance_s0.npz,76095,f294556777a9420ca0350d673a7e8ad5d5a904c0cf11682240355b4662e4c0dd
tcn,electrode,202,bandpass_n20004_cLA_independent_rms_s20,phase2/results/predictions/full/electrode/tcn/seed_202/bandpass_n20004_cLA_independent_rms_s20.npz,76505,6d8998befbef765e26813a8d288baa906fb64c58d0132b3356183a5e541ca110
tcn,electrode,202,bandpass_n20004_cLA_independent_rms_s15,phase2/results/predictions/full/electrode/tcn/seed_202/bandpass_n20004_cLA_independent_rms_s15.npz,76523,e0e2ec0b1848f28a50e270d62fe16a1f4f5538fb1d1b4aa9c3a817b3dc6d3101
tcn,electrode,202,bandpass_n20004_cLA_independent_rms_s10,phase2/results/predictions/full/electrode/tcn/seed_202/bandpass_n20004_cLA_independent_rms_s10.npz,76531,ec5f8220fc5523f082860b9e3016dfe83805856d8021c5f6b23e6d32f6d7e2b2
tcn,electrode,202,bandpass_n20004_cLA_independent_rms_s5,phase2/results/predictions/full/electrode/tcn/seed_202/bandpass_n20004_cLA_independent_rms_s5.npz,76451,44986c79ebad1527e82cf0727f9dc5bba006aab2213e2bfbe001b259d129462c
tcn,electrode,202,bandpass_n20004_cLA_independent_rms_s0,phase2/results/predictions/full/electrode/tcn/seed_202/bandpass_n20004_cLA_independent_rms_s0.npz,76264,8a7d8338a66b7c32403c9628706ff65f6914abf9359b0abf25798c6b9bd5c2b4
tcn,electrode,202,bandpass_n20004_cLA_electrode_s20,phase2/results/predictions/full/electrode/tcn/seed_202/bandpass_n20004_cLA_electrode_s20.npz,76470,8cda387fe4f3947f331eebd54ffaf9d683c7f65db282011e36b44a90abb98ca4
tcn,electrode,202,bandpass_n20004_cLA_electrode_s15,phase2/results/predictions/full/electrode/tcn/seed_202/bandpass_n20004_cLA_electrode_s15.npz,76500,e2e67113815ddc2134b74b43b6b78f7024bcb06da7580344087a87bf97682db9
tcn,electrode,202,bandpass_n20004_cLA_electrode_s10,phase2/results/predictions/full/electrode/tcn/seed_202/bandpass_n20004_cLA_electrode_s10.npz,76481,f1e292ff9bd87b4e5970b10f4581465ce3c2b8e1d6598f90cbb6cbbcc96fe17f
tcn,electrode,202,bandpass_n20004_cLA_electrode_s5,phase2/results/predictions/full/electrode/tcn/seed_202/bandpass_n20004_cLA_electrode_s5.npz,76359,9ecc19eab00be236d3d856b6f966b2f2ec0d1a2d47cf316fbc0748cdc9f1f95d
tcn,electrode,202,bandpass_n20004_cLA_electrode_s0,phase2/results/predictions/full/electrode/tcn/seed_202/bandpass_n20004_cLA_electrode_s0.npz,75969,53d76c6084d1cb523f60da1aca7e416a180127c1bac5c632608eca2202f14e89
tcn,electrode,202,bandpass_n20004_cLA_covariance_s20,phase2/results/predictions/full/electrode/tcn/seed_202/bandpass_n20004_cLA_covariance_s20.npz,76494,a835dfeec0442b64c8c687a27725ec1ce2127c4e8738282c2ad030ccdca6b18c
tcn,electrode,202,bandpass_n20004_cLA_covariance_s15,phase2/results/predictions/full/electrode/tcn/seed_202/bandpass_n20004_cLA_covariance_s15.npz,76483,49bac8729054c703fce624755337fada0a8308ed8f215e5b46410f973329c46e
tcn,electrode,202,bandpass_n20004_cLA_covariance_s10,phase2/results/predictions/full/electrode/tcn/seed_202/bandpass_n20004_cLA_covariance_s10.npz,76492,503c81794b2620dd341deed14be1e8d56e541af0eaf342b38c606ffc9ebecc22
tcn,electrode,202,bandpass_n20004_cLA_covariance_s5,phase2/results/predictions/full/electrode/tcn/seed_202/bandpass_n20004_cLA_covariance_s5.npz,76317,c3b766f5dcbcd37ea96e2fa4ddf57540db6dd984501e6857e67197e0421621cc
tcn,electrode,202,bandpass_n20004_cLA_covariance_s0,phase2/results/predictions/full/electrode/tcn/seed_202/bandpass_n20004_cLA_covariance_s0.npz,75985,da546df668b1bc764dfec58c9d8b912a01593486ac44c8460d8d9517ac37a9ab
tcn,electrode,202,bandpass_n20004_cLL_independent_rms_s20,phase2/results/predictions/full/electrode/tcn/seed_202/bandpass_n20004_cLL_independent_rms_s20.npz,76505,6461c8196b9ae3dd8bde268ced9bc7906ff0b12f780ecf0fe2849f5457809246
tcn,electrode,202,bandpass_n20004_cLL_independent_rms_s15,phase2/results/predictions/full/electrode/tcn/seed_202/bandpass_n20004_cLL_independent_rms_s15.npz,76538,cc95c5524bf92ed44f5f307175d359b9a5a3b1943a5abf768e14770854a15a74
tcn,electrode,202,bandpass_n20004_cLL_independent_rms_s10,phase2/results/predictions/full/electrode/tcn/seed_202/bandpass_n20004_cLL_independent_rms_s10.npz,76492,dafeac6f22d5086a7925bebbae278960ab1a5ff9b029802e827def168da25bc8
tcn,electrode,202,bandpass_n20004_cLL_independent_rms_s5,phase2/results/predictions/full/electrode/tcn/seed_202/bandpass_n20004_cLL_independent_rms_s5.npz,76405,48d54468098007a3d01d1c1ff439a9269590953c20a614368ad479747ca2c398
tcn,electrode,202,bandpass_n20004_cLL_independent_rms_s0,phase2/results/predictions/full/electrode/tcn/seed_202/bandpass_n20004_cLL_independent_rms_s0.npz,76185,974725d2d115a6cd7ef547c5cff5214bff3494a1336c9c44fbdadd3f41b4cff0
tcn,electrode,202,bandpass_n20004_cLL_electrode_s20,phase2/results/predictions/full/electrode/tcn/seed_202/bandpass_n20004_cLL_electrode_s20.npz,76504,24324103b7ce3229ac83c1996d515c5881797b04dc33e647a19a9e374a0fbf01
tcn,electrode,202,bandpass_n20004_cLL_electrode_s15,phase2/results/predictions/full/electrode/tcn/seed_202/bandpass_n20004_cLL_electrode_s15.npz,76491,5f918a258d931dd6ec161c5e5c7cce645cd2e1addb82d0d96201892975ee4830
tcn,electrode,202,bandpass_n20004_cLL_electrode_s10,phase2/results/predictions/full/electrode/tcn/seed_202/bandpass_n20004_cLL_electrode_s10.npz,76489,7bce47c8c1590e68bbdc8a17aaae2a795b950277b2b6f7971a08c8177af256ab
tcn,electrode,202,bandpass_n20004_cLL_electrode_s5,phase2/results/predictions/full/electrode/tcn/seed_202/bandpass_n20004_cLL_electrode_s5.npz,76329,59fce8d5d60acdeb30ba73b4234f667b520a23518b666554318979c6a7c923cd
tcn,electrode,202,bandpass_n20004_cLL_electrode_s0,phase2/results/predictions/full/electrode/tcn/seed_202/bandpass_n20004_cLL_electrode_s0.npz,75946,1c8c3cd6b86f8ff3b456eaff7ebe75c1b59edfe10cdad7893abc496f706503c2
tcn,electrode,202,bandpass_n20004_cLL_covariance_s20,phase2/results/predictions/full/electrode/tcn/seed_202/bandpass_n20004_cLL_covariance_s20.npz,76495,e8d35752d68d97a985bd688b97be7304ea2a4410725efde33dac9a6f63ea11e9
tcn,electrode,202,bandpass_n20004_cLL_covariance_s15,phase2/results/predictions/full/electrode/tcn/seed_202/bandpass_n20004_cLL_covariance_s15.npz,76511,428b5b0001555d4b81eca8eb021cebf24541518970c6f725b399fddccfff03e0
tcn,electrode,202,bandpass_n20004_cLL_covariance_s10,phase2/results/predictions/full/electrode/tcn/seed_202/bandpass_n20004_cLL_covariance_s10.npz,76475,814e4ba0d360578261abf1ddddb36a5a8f4da2b484bfc29e00dd7a09f850ef9d
tcn,electrode,202,bandpass_n20004_cLL_covariance_s5,phase2/results/predictions/full/electrode/tcn/seed_202/bandpass_n20004_cLL_covariance_s5.npz,76331,ffef83eb71e640f20ee7eb72563600df9644295f0d6a3c6b2d12f22e1e5bc5cb
tcn,electrode,202,bandpass_n20004_cLL_covariance_s0,phase2/results/predictions/full/electrode/tcn/seed_202/bandpass_n20004_cLL_covariance_s0.npz,75958,0aa8ce6f5d780ce4b49961da4980800c7b10851498d6149d681944a2ba97de23
tcn,electrode,202,bandpass_n20004_cRA_V1_independent_rms_s20,phase2/results/predictions/full/electrode/tcn/seed_202/bandpass_n20004_cRA_V1_independent_rms_s20.npz,76502,b40933247103eeb81095596d4371c05df015fef4299c28be8ddd5ff4a0598a9e
tcn,electrode,202,bandpass_n20004_cRA_V1_independent_rms_s15,phase2/results/predictions/full/electrode/tcn/seed_202/bandpass_n20004_cRA_V1_independent_rms_s15.npz,76533,b15eeec4c3614ed53659d6419b65ba56d17ed8e60d8aa05d91c73567116bca1a
tcn,electrode,202,bandpass_n20004_cRA_V1_independent_rms_s10,phase2/results/predictions/full/electrode/tcn/seed_202/bandpass_n20004_cRA_V1_independent_rms_s10.npz,76510,13da7c5d7ae0bca187b1ddd4bb24254cd3d4c44b2c30cd9e7df9dbfeebc240c8
tcn,electrode,202,bandpass_n20004_cRA_V1_independent_rms_s5,phase2/results/predictions/full/electrode/tcn/seed_202/bandpass_n20004_cRA_V1_independent_rms_s5.npz,76449,c363ce10a3ff8219b55c307e7deffa72a266490176fae4e40c51f53e9f7002f6
tcn,electrode,202,bandpass_n20004_cRA_V1_independent_rms_s0,phase2/results/predictions/full/electrode/tcn/seed_202/bandpass_n20004_cRA_V1_independent_rms_s0.npz,76189,c6440b33ea721d65c7f10e47bfd176e210c452de4957a5d9e60573a18ea1c29a
tcn,electrode,202,bandpass_n20004_cRA_V1_electrode_s20,phase2/results/predictions/full/electrode/tcn/seed_202/bandpass_n20004_cRA_V1_electrode_s20.npz,76497,3e45f064136ab7e49eb1c5ad6076ef1d46605c094e7d394c9f1a8d297513fbed
tcn,electrode,202,bandpass_n20004_cRA_V1_electrode_s15,phase2/results/predictions/full/electrode/tcn/seed_202/bandpass_n20004_cRA_V1_electrode_s15.npz,76516,5cb28627f6a727bbc335f3017d0798fb5568d952817977ad1464fda1532ea05d
tcn,electrode,202,bandpass_n20004_cRA_V1_electrode_s10,phase2/results/predictions/full/electrode/tcn/seed_202/bandpass_n20004_cRA_V1_electrode_s10.npz,76500,6f2c9df387dcb5de78f92c1210ad31e5ace6eb559cc241e15fe8a7716400e12a
tcn,electrode,202,bandpass_n20004_cRA_V1_electrode_s5,phase2/results/predictions/full/electrode/tcn/seed_202/bandpass_n20004_cRA_V1_electrode_s5.npz,76346,227f93b0df987ca091a51a97c69f867bd569a5e8900e8d3ba5df50448e0aaf38
tcn,electrode,202,bandpass_n20004_cRA_V1_electrode_s0,phase2/results/predictions/full/electrode/tcn/seed_202/bandpass_n20004_cRA_V1_electrode_s0.npz,76083,c67f70624b0f4327262aecbc57be8ec08c849c9e58787963b9769f2278ef5086
tcn,electrode,202,bandpass_n20004_cRA_V1_covariance_s20,phase2/results/predictions/full/electrode/tcn/seed_202/bandpass_n20004_cRA_V1_covariance_s20.npz,76509,8730301f52bf442344425e1cd5f00640cdeeb4767f750b32da7f726d6ad295be
tcn,electrode,202,bandpass_n20004_cRA_V1_covariance_s15,phase2/results/predictions/full/electrode/tcn/seed_202/bandpass_n20004_cRA_V1_covariance_s15.npz,76493,b487fcf0fcfbfa1b3d252b919c02f3fcdf8bf9ce00e2919996433f7aa92056e1
tcn,electrode,202,bandpass_n20004_cRA_V1_covariance_s10,phase2/results/predictions/full/electrode/tcn/seed_202/bandpass_n20004_cRA_V1_covariance_s10.npz,76489,0329af19b0826615332e8a6f17f5ee7b8c3ab307ae621649494fadb02f4cc48d
tcn,electrode,202,bandpass_n20004_cRA_V1_covariance_s5,phase2/results/predictions/full/electrode/tcn/seed_202/bandpass_n20004_cRA_V1_covariance_s5.npz,76382,f182739e895857d1e87156a5182921a46f471f976cd2acd1ea6ede2c4978b0b4
tcn,electrode,202,bandpass_n20004_cRA_V1_covariance_s0,phase2/results/predictions/full/electrode/tcn/seed_202/bandpass_n20004_cRA_V1_covariance_s0.npz,76099,21f27e1b0ff3467a75c4cb61324f5eb8c39d9c30c0d3f8b8acb6b7ae62d0b5b7
tcn,electrode,202,bandpass_n20004_cLA_V6_independent_rms_s20,phase2/results/predictions/full/electrode/tcn/seed_202/bandpass_n20004_cLA_V6_independent_rms_s20.npz,76522,96e678bba5ffb8b8578bc48a101374254a9c3d8ea781622b3645e46fe59220df
tcn,electrode,202,bandpass_n20004_cLA_V6_independent_rms_s15,phase2/results/predictions/full/electrode/tcn/seed_202/bandpass_n20004_cLA_V6_independent_rms_s15.npz,76572,ae28cea3e0de69582c2f603946302a453ed2e12e56da82566b8cd8db49ec5c89
tcn,electrode,202,bandpass_n20004_cLA_V6_independent_rms_s10,phase2/results/predictions/full/electrode/tcn/seed_202/bandpass_n20004_cLA_V6_independent_rms_s10.npz,76555,566d794287b31a940d858bcf23b9d53eb636522775a62691888379491c32d870
tcn,electrode,202,bandpass_n20004_cLA_V6_independent_rms_s5,phase2/results/predictions/full/electrode/tcn/seed_202/bandpass_n20004_cLA_V6_independent_rms_s5.npz,76466,8dc0e9a4b983692a0685ec9e871828811b7030f24b191d2c64c8b98714499b73
tcn,electrode,202,bandpass_n20004_cLA_V6_independent_rms_s0,phase2/results/predictions/full/electrode/tcn/seed_202/bandpass_n20004_cLA_V6_independent_rms_s0.npz,76289,f01735f82149a2b5eabebc1fc813411235cab091bb6f1b8bed9c9e470f48ff77
tcn,electrode,202,bandpass_n20004_cLA_V6_electrode_s20,phase2/results/predictions/full/electrode/tcn/seed_202/bandpass_n20004_cLA_V6_electrode_s20.npz,76509,258942493dd5dfa3445b887d34aac2c27ad92bdd41a152e4023a3a0d0dabef34
tcn,electrode,202,bandpass_n20004_cLA_V6_electrode_s15,phase2/results/predictions/full/electrode/tcn/seed_202/bandpass_n20004_cLA_V6_electrode_s15.npz,76531,4c623d31a9895f295728e008394bf9cd8ac1aa2923bc6f7de13782c2aaaf3b93
tcn,electrode,202,bandpass_n20004_cLA_V6_electrode_s10,phase2/results/predictions/full/electrode/tcn/seed_202/bandpass_n20004_cLA_V6_electrode_s10.npz,76507,b8cc2ccd8fe09c86d15614beca779a8106994e54071ec7476b48b193daf9e96b
tcn,electrode,202,bandpass_n20004_cLA_V6_electrode_s5,phase2/results/predictions/full/electrode/tcn/seed_202/bandpass_n20004_cLA_V6_electrode_s5.npz,76382,d05beb072c84bb861ef17bed49ed484855565341b128a0f90dd586d36079c119
tcn,electrode,202,bandpass_n20004_cLA_V6_electrode_s0,phase2/results/predictions/full/electrode/tcn/seed_202/bandpass_n20004_cLA_V6_electrode_s0.npz,76034,d3a2186dd2c6f638961ec57135424c29749af4321c9c2848208e3a83345988b0
tcn,electrode,202,bandpass_n20004_cLA_V6_covariance_s20,phase2/results/predictions/full/electrode/tcn/seed_202/bandpass_n20004_cLA_V6_covariance_s20.npz,76541,24729647d749277863baa93f71e069ebb0ce8d185d8397b62d6383320b421549
tcn,electrode,202,bandpass_n20004_cLA_V6_covariance_s15,phase2/results/predictions/full/electrode/tcn/seed_202/bandpass_n20004_cLA_V6_covariance_s15.npz,76516,4e16251c00a572b015d853024bce5f193410fca1a61d4062bde655de829e03e9
tcn,electrode,202,bandpass_n20004_cLA_V6_covariance_s10,phase2/results/predictions/full/electrode/tcn/seed_202/bandpass_n20004_cLA_V6_covariance_s10.npz,76491,315400cf1ccd23f952e5debf029872e5a740252bb895474f56d2e6ed4e85ce24
tcn,electrode,202,bandpass_n20004_cLA_V6_covariance_s5,phase2/results/predictions/full/electrode/tcn/seed_202/bandpass_n20004_cLA_V6_covariance_s5.npz,76382,5693c0878a364b49c5d3cb15bec0031135018e390c1f4501c125accc2b147d96
tcn,electrode,202,bandpass_n20004_cLA_V6_covariance_s0,phase2/results/predictions/full/electrode/tcn/seed_202/bandpass_n20004_cLA_V6_covariance_s0.npz,76005,6a436b4595439db115adde3f183131deb51324cfa6ee4edf7ea283925541807e
tcn,electrode,202,bandpass_n20004_cLL_V4_independent_rms_s20,phase2/results/predictions/full/electrode/tcn/seed_202/bandpass_n20004_cLL_V4_independent_rms_s20.npz,76485,7c78707fd2ae4e3c6bb022a319684d3e3747c295364ccebf25d2a6127f9dd67a
tcn,electrode,202,bandpass_n20004_cLL_V4_independent_rms_s15,phase2/results/predictions/full/electrode/tcn/seed_202/bandpass_n20004_cLL_V4_independent_rms_s15.npz,76518,78d4ed9ecfc6d680f04fed88f77f74224292321e0360ea413c2f0e60671cdb11
tcn,electrode,202,bandpass_n20004_cLL_V4_independent_rms_s10,phase2/results/predictions/full/electrode/tcn/seed_202/bandpass_n20004_cLL_V4_independent_rms_s10.npz,76479,d59655dc44f583846ce4ba3725946de73998b74e18a758e3b2719cf75a406ec5
tcn,electrode,202,bandpass_n20004_cLL_V4_independent_rms_s5,phase2/results/predictions/full/electrode/tcn/seed_202/bandpass_n20004_cLL_V4_independent_rms_s5.npz,76456,a127b9f933cdfe607d8006fed9fd325adbb888c8c632c7ad4dfabb77dbda71cb
tcn,electrode,202,bandpass_n20004_cLL_V4_independent_rms_s0,phase2/results/predictions/full/electrode/tcn/seed_202/bandpass_n20004_cLL_V4_independent_rms_s0.npz,76220,9583db7af448785de4413eaee6de576248672e3222daaad933490f928c7a435d
tcn,electrode,202,bandpass_n20004_cLL_V4_electrode_s20,phase2/results/predictions/full/electrode/tcn/seed_202/bandpass_n20004_cLL_V4_electrode_s20.npz,76490,6f3c3e7461acb7a7431b28169144ec7ba9dea192387e83f6dd60f3fddd5db87f
tcn,electrode,202,bandpass_n20004_cLL_V4_electrode_s15,phase2/results/predictions/full/electrode/tcn/seed_202/bandpass_n20004_cLL_V4_electrode_s15.npz,76501,d62dd1bf48a5f4f2df7474a1f06396911ef8dd75ec65482b012333e9d3965fcd
tcn,electrode,202,bandpass_n20004_cLL_V4_electrode_s10,phase2/results/predictions/full/electrode/tcn/seed_202/bandpass_n20004_cLL_V4_electrode_s10.npz,76498,65fe2cc2af868054afdc758ffb6ae26ee0b239047d4c2dba67ecda4fbefa49d9
tcn,electrode,202,bandpass_n20004_cLL_V4_electrode_s5,phase2/results/predictions/full/electrode/tcn/seed_202/bandpass_n20004_cLL_V4_electrode_s5.npz,76351,a5e2b156a24df64e287c655b5b5c71e11fba2379ee15f270c2ba313070a04c3a
tcn,electrode,202,bandpass_n20004_cLL_V4_electrode_s0,phase2/results/predictions/full/electrode/tcn/seed_202/bandpass_n20004_cLL_V4_electrode_s0.npz,75981,85930cc8cf8f6877b039d613b4b7b888ee3ab8f317921c7dd1ebb849d95569d3
tcn,electrode,202,bandpass_n20004_cLL_V4_covariance_s20,phase2/results/predictions/full/electrode/tcn/seed_202/bandpass_n20004_cLL_V4_covariance_s20.npz,76505,48213105d036991624c403b253359fc668d0eed021de8d693ba9b61b75547e91
tcn,electrode,202,bandpass_n20004_cLL_V4_covariance_s15,phase2/results/predictions/full/electrode/tcn/seed_202/bandpass_n20004_cLL_V4_covariance_s15.npz,76497,5d8111ab2b7a1d558b759e737e485b2974b050c34d4035160056043ed5e26556
tcn,electrode,202,bandpass_n20004_cLL_V4_covariance_s10,phase2/results/predictions/full/electrode/tcn/seed_202/bandpass_n20004_cLL_V4_covariance_s10.npz,76488,7156224a70df9e7e7d80e590cb02227941f5de77c9a72ada6d48272164c04c90
tcn,electrode,202,bandpass_n20004_cLL_V4_covariance_s5,phase2/results/predictions/full/electrode/tcn/seed_202/bandpass_n20004_cLL_V4_covariance_s5.npz,76348,62a072971c5e3a553f545e857bb67ddd1bbde5fafd71066e4688898ae7325425
tcn,electrode,202,bandpass_n20004_cLL_V4_covariance_s0,phase2/results/predictions/full/electrode/tcn/seed_202/bandpass_n20004_cLL_V4_covariance_s0.npz,75971,2795263231cf71717328473977440b2ad533de8d8febf65e8cd712a48ed3153e
tcn,electrode,202,bandpass_n20004_cRA_LA_V1_V6_independent_rms_s20,phase2/results/predictions/full/electrode/tcn/seed_202/bandpass_n20004_cRA_LA_V1_V6_independent_rms_s20.npz,76546,b44becdd2230df8019b752d174da72aca88a6dc42f9eb08e16616ee4a3e151ed
tcn,electrode,202,bandpass_n20004_cRA_LA_V1_V6_independent_rms_s15,phase2/results/predictions/full/electrode/tcn/seed_202/bandpass_n20004_cRA_LA_V1_V6_independent_rms_s15.npz,76556,2b1c5ea7fa9dce94a0e46a0589b8b9dcc5d8870509058dadf562cc3b46750753
tcn,electrode,202,bandpass_n20004_cRA_LA_V1_V6_independent_rms_s10,phase2/results/predictions/full/electrode/tcn/seed_202/bandpass_n20004_cRA_LA_V1_V6_independent_rms_s10.npz,76540,c62ee715597cb4fcd6bdbee19daad73acb83975455369b247d0283832b89356d
tcn,electrode,202,bandpass_n20004_cRA_LA_V1_V6_independent_rms_s5,phase2/results/predictions/full/electrode/tcn/seed_202/bandpass_n20004_cRA_LA_V1_V6_independent_rms_s5.npz,76472,5a1cb944ef64245e36ed995c915dd7e34991826985fd7b4484a45033a734f893
tcn,electrode,202,bandpass_n20004_cRA_LA_V1_V6_independent_rms_s0,phase2/results/predictions/full/electrode/tcn/seed_202/bandpass_n20004_cRA_LA_V1_V6_independent_rms_s0.npz,76228,85a68fbcccbd6d2d6b23662e9f05ef891026d4a5c70c6f983197f4f902357790
tcn,electrode,202,bandpass_n20004_cRA_LA_V1_V6_electrode_s20,phase2/results/predictions/full/electrode/tcn/seed_202/bandpass_n20004_cRA_LA_V1_V6_electrode_s20.npz,76501,e5fe0874650e51c5b4edfc20f910fd91ecb0ba9c826113c46e5459226d7bf50a
tcn,electrode,202,bandpass_n20004_cRA_LA_V1_V6_electrode_s15,phase2/results/predictions/full/electrode/tcn/seed_202/bandpass_n20004_cRA_LA_V1_V6_electrode_s15.npz,76535,d0a404b297bdd4606fbda69782de7c7572b8e821e772e8be113e38c470debfd0
tcn,electrode,202,bandpass_n20004_cRA_LA_V1_V6_electrode_s10,phase2/results/predictions/full/electrode/tcn/seed_202/bandpass_n20004_cRA_LA_V1_V6_electrode_s10.npz,76550,88952bae91dcf9bd4acba3a1f38a6b2e212cd46e178a5f305f667acc7d8813f2
tcn,electrode,202,bandpass_n20004_cRA_LA_V1_V6_electrode_s5,phase2/results/predictions/full/electrode/tcn/seed_202/bandpass_n20004_cRA_LA_V1_V6_electrode_s5.npz,76371,c2a9d02dded9cbbc028a32871aa2121616ec3bd7742812ddbe8fb0879d9f713a
tcn,electrode,202,bandpass_n20004_cRA_LA_V1_V6_electrode_s0,phase2/results/predictions/full/electrode/tcn/seed_202/bandpass_n20004_cRA_LA_V1_V6_electrode_s0.npz,76049,aa5b362d03ccd68d092a99eedd25eea80d0ccfa5afa4dd85175da1efa49d1884
tcn,electrode,202,bandpass_n20004_cRA_LA_V1_V6_covariance_s20,phase2/results/predictions/full/electrode/tcn/seed_202/bandpass_n20004_cRA_LA_V1_V6_covariance_s20.npz,76561,d1ff5d80e990c9046c20b7e069db813a05014e66d1821408fb64543fea9aa9e1
tcn,electrode,202,bandpass_n20004_cRA_LA_V1_V6_covariance_s15,phase2/results/predictions/full/electrode/tcn/seed_202/bandpass_n20004_cRA_LA_V1_V6_covariance_s15.npz,76543,eebf39f9b7b46db81aa5c6a96aeb57590d6b8d79c750695a58c29eb6fe9d6bc3
tcn,electrode,202,bandpass_n20004_cRA_LA_V1_V6_covariance_s10,phase2/results/predictions/full/electrode/tcn/seed_202/bandpass_n20004_cRA_LA_V1_V6_covariance_s10.npz,76478,4afd6495f0af294d16b0ad0fc40136a6917cf0055aeea5bcdf01bb1770a196ec
tcn,electrode,202,bandpass_n20004_cRA_LA_V1_V6_covariance_s5,phase2/results/predictions/full/electrode/tcn/seed_202/bandpass_n20004_cRA_LA_V1_V6_covariance_s5.npz,76420,778bd444949cc3a0d669bec4716369ee5b9c07913f8d47106e3aa4b73aae0ab4
tcn,electrode,202,bandpass_n20004_cRA_LA_V1_V6_covariance_s0,phase2/results/predictions/full/electrode/tcn/seed_202/bandpass_n20004_cRA_LA_V1_V6_covariance_s0.npz,76055,516b6c20c2df77aaeb5b7d4035d0efdd30412e30167fc7377c7f98753cd770f5
tcn,electrode,202,bandpass_n20004_cRA_V2_V5_independent_rms_s20,phase2/results/predictions/full/electrode/tcn/seed_202/bandpass_n20004_cRA_V2_V5_independent_rms_s20.npz,76506,0eb28695992af14aca97f336dbf9490a3b9a5a2b9f8ef7dd0f8bc902a357e9e5
tcn,electrode,202,bandpass_n20004_cRA_V2_V5_independent_rms_s15,phase2/results/predictions/full/electrode/tcn/seed_202/bandpass_n20004_cRA_V2_V5_independent_rms_s15.npz,76548,e2ab17691efa5226ed3f10abd14a549324c1387991937742feadeac3b31b6a0f
tcn,electrode,202,bandpass_n20004_cRA_V2_V5_independent_rms_s10,phase2/results/predictions/full/electrode/tcn/seed_202/bandpass_n20004_cRA_V2_V5_independent_rms_s10.npz,76520,909cd82f19907b3e16bac24a7f5d1b34e61dd645b28249e01a809e7ed33c114d
tcn,electrode,202,bandpass_n20004_cRA_V2_V5_independent_rms_s5,phase2/results/predictions/full/electrode/tcn/seed_202/bandpass_n20004_cRA_V2_V5_independent_rms_s5.npz,76465,76647306febe370b977e4a32bc45657055a6ebc990154cbc3fd14cca3bc19b73
tcn,electrode,202,bandpass_n20004_cRA_V2_V5_independent_rms_s0,phase2/results/predictions/full/electrode/tcn/seed_202/bandpass_n20004_cRA_V2_V5_independent_rms_s0.npz,76229,75fa9ebc081e4abdddc9b97eab324c123d95fbe401a431713a7483e6d4ed4ef7
tcn,electrode,202,bandpass_n20004_cRA_V2_V5_electrode_s20,phase2/results/predictions/full/electrode/tcn/seed_202/bandpass_n20004_cRA_V2_V5_electrode_s20.npz,76510,d520dcbdc1ab4ba59826b36e465d97e7f62f68f1e3df6beb405518113411248c
tcn,electrode,202,bandpass_n20004_cRA_V2_V5_electrode_s15,phase2/results/predictions/full/electrode/tcn/seed_202/bandpass_n20004_cRA_V2_V5_electrode_s15.npz,76522,26a2084d8e959dd4de893f6f5f9501315906d6388e4b2c7539ffa44eb5b1d378
tcn,electrode,202,bandpass_n20004_cRA_V2_V5_electrode_s10,phase2/results/predictions/full/electrode/tcn/seed_202/bandpass_n20004_cRA_V2_V5_electrode_s10.npz,76516,c5fd5bd2b163971da1347bf9e3e7d7e8d3240fe042360356a217b45f0aaf7eb1
tcn,electrode,202,bandpass_n20004_cRA_V2_V5_electrode_s5,phase2/results/predictions/full/electrode/tcn/seed_202/bandpass_n20004_cRA_V2_V5_electrode_s5.npz,76394,ee230f6b68bfbd90eb91c2a077b2de84cf4a68fe013c33c01b362b367903d2ff
tcn,electrode,202,bandpass_n20004_cRA_V2_V5_electrode_s0,phase2/results/predictions/full/electrode/tcn/seed_202/bandpass_n20004_cRA_V2_V5_electrode_s0.npz,76125,8a315e40890ff302c4f7d945443b9502f028e7bbc816769112790d2a84ed96fc
tcn,electrode,202,bandpass_n20004_cRA_V2_V5_covariance_s20,phase2/results/predictions/full/electrode/tcn/seed_202/bandpass_n20004_cRA_V2_V5_covariance_s20.npz,76521,1c57227fa0482a5f4fe001e8a2f277017ab619d0511efc15bef0c093e80d2ff1
tcn,electrode,202,bandpass_n20004_cRA_V2_V5_covariance_s15,phase2/results/predictions/full/electrode/tcn/seed_202/bandpass_n20004_cRA_V2_V5_covariance_s15.npz,76505,810299dde58dc524aca712ff91cf57b98c70079b9f884b67015acb9216226039
tcn,electrode,202,bandpass_n20004_cRA_V2_V5_covariance_s10,phase2/results/predictions/full/electrode/tcn/seed_202/bandpass_n20004_cRA_V2_V5_covariance_s10.npz,76504,4acd8c3777ac9355cd89b8e56604a555f0098c2bd52ad1f67a65fa709ff57d83
tcn,electrode,202,bandpass_n20004_cRA_V2_V5_covariance_s5,phase2/results/predictions/full/electrode/tcn/seed_202/bandpass_n20004_cRA_V2_V5_covariance_s5.npz,76412,31a10f94aa02773f7d4c051de1224be700c9798d4fba7c639f00abfc13b642c9
tcn,electrode,202,bandpass_n20004_cRA_V2_V5_covariance_s0,phase2/results/predictions/full/electrode/tcn/seed_202/bandpass_n20004_cRA_V2_V5_covariance_s0.npz,76145,22702539a70312d16c6098a4e4b6ac015000815cfc2279ba801f2e413641e703
tcn,electrode,202,bandpass_n20004_cLA_V3_V6_independent_rms_s20,phase2/results/predictions/full/electrode/tcn/seed_202/bandpass_n20004_cLA_V3_V6_independent_rms_s20.npz,76539,76dd7659483f7104b0844e4c37b130fa4a5853d91e04cefa0fa2bb02cc4818c7
tcn,electrode,202,bandpass_n20004_cLA_V3_V6_independent_rms_s15,phase2/results/predictions/full/electrode/tcn/seed_202/bandpass_n20004_cLA_V3_V6_independent_rms_s15.npz,76554,b5e0b5c531b91176f8fbb2178d7fa041e5ddb4471d17d89ac00f137fb4e6eb25
tcn,electrode,202,bandpass_n20004_cLA_V3_V6_independent_rms_s10,phase2/results/predictions/full/electrode/tcn/seed_202/bandpass_n20004_cLA_V3_V6_independent_rms_s10.npz,76520,70bfdf4c824de4e6cb092974d747196a198b2f371234a0d61815ace4a82b0b70
tcn,electrode,202,bandpass_n20004_cLA_V3_V6_independent_rms_s5,phase2/results/predictions/full/electrode/tcn/seed_202/bandpass_n20004_cLA_V3_V6_independent_rms_s5.npz,76514,766b5b25d1e75a71a549fe8255c11a39e9ba9767ec771a63dc4925fd577ffa8d
tcn,electrode,202,bandpass_n20004_cLA_V3_V6_independent_rms_s0,phase2/results/predictions/full/electrode/tcn/seed_202/bandpass_n20004_cLA_V3_V6_independent_rms_s0.npz,76280,f78ab6474234addf157f39e744ac6e2dc32917984535de865c1b975d178fa10c
tcn,electrode,202,bandpass_n20004_cLA_V3_V6_electrode_s20,phase2/results/predictions/full/electrode/tcn/seed_202/bandpass_n20004_cLA_V3_V6_electrode_s20.npz,76525,5af7072305e29bbdccfc3b90b12724edc2d9a8d4bd2469eaa828e449e83f6baf
tcn,electrode,202,bandpass_n20004_cLA_V3_V6_electrode_s15,phase2/results/predictions/full/electrode/tcn/seed_202/bandpass_n20004_cLA_V3_V6_electrode_s15.npz,76526,f6eae10e2d443a6be6d6bd6a2ff8870776d055d8ecd14c18920b244352592764
tcn,electrode,202,bandpass_n20004_cLA_V3_V6_electrode_s10,phase2/results/predictions/full/electrode/tcn/seed_202/bandpass_n20004_cLA_V3_V6_electrode_s10.npz,76517,8efbc62b9cf38522c947171758c4ab75e49f8726bf5a5c84406beda1f58e0dd6
tcn,electrode,202,bandpass_n20004_cLA_V3_V6_electrode_s5,phase2/results/predictions/full/electrode/tcn/seed_202/bandpass_n20004_cLA_V3_V6_electrode_s5.npz,76398,04e63c898a4cbeec310772eec23582a56853047e9250b497fbb84add80a98d6c
tcn,electrode,202,bandpass_n20004_cLA_V3_V6_electrode_s0,phase2/results/predictions/full/electrode/tcn/seed_202/bandpass_n20004_cLA_V3_V6_electrode_s0.npz,76077,bc2997f6837fc2b67cebf63a2ef0331f471b26da6902676e11ee843eac1acc6e
tcn,electrode,202,bandpass_n20004_cLA_V3_V6_covariance_s20,phase2/results/predictions/full/electrode/tcn/seed_202/bandpass_n20004_cLA_V3_V6_covariance_s20.npz,76523,825a4c5faa4b7e16581b9a38c00a1d2212de97f24b6b00a7e435b9aace10c144
tcn,electrode,202,bandpass_n20004_cLA_V3_V6_covariance_s15,phase2/results/predictions/full/electrode/tcn/seed_202/bandpass_n20004_cLA_V3_V6_covariance_s15.npz,76541,e566834002c7a5d2f1325b48352fccf5d6f2f43b8d4d3e99f10935e13b0e6a29
tcn,electrode,202,bandpass_n20004_cLA_V3_V6_covariance_s10,phase2/results/predictions/full/electrode/tcn/seed_202/bandpass_n20004_cLA_V3_V6_covariance_s10.npz,76516,7008730c95b3b4dc54bdc631a8dee8190a90dc47cf4470003e04f16d2f69aea2
tcn,electrode,202,bandpass_n20004_cLA_V3_V6_covariance_s5,phase2/results/predictions/full/electrode/tcn/seed_202/bandpass_n20004_cLA_V3_V6_covariance_s5.npz,76421,a0f96d31aad52176e1e41e161d0c06561583744c54d7044335891c7c609d00f4
tcn,electrode,202,bandpass_n20004_cLA_V3_V6_covariance_s0,phase2/results/predictions/full/electrode/tcn/seed_202/bandpass_n20004_cLA_V3_V6_covariance_s0.npz,76080,e23d3d715ac2cc5e031872178a5fd86c20338588acbe1e8a457b700d19f24541
tcn,electrode,202,bandpass_n20004_cLL_V1_V4_independent_rms_s20,phase2/results/predictions/full/electrode/tcn/seed_202/bandpass_n20004_cLL_V1_V4_independent_rms_s20.npz,76504,503cf28f5609a185c4b7a57bba118fab605df32d0115713d864640f9c90a6f90
tcn,electrode,202,bandpass_n20004_cLL_V1_V4_independent_rms_s15,phase2/results/predictions/full/electrode/tcn/seed_202/bandpass_n20004_cLL_V1_V4_independent_rms_s15.npz,76526,47d880f227c4ed6aa5ba9088898d42f478627d28a09389bf57197ecd72e12b4f
tcn,electrode,202,bandpass_n20004_cLL_V1_V4_independent_rms_s10,phase2/results/predictions/full/electrode/tcn/seed_202/bandpass_n20004_cLL_V1_V4_independent_rms_s10.npz,76538,1b8a1486f9877580a9bebc25ad893fe46e8180dc61752e7105ee32ee0004e5d6
tcn,electrode,202,bandpass_n20004_cLL_V1_V4_independent_rms_s5,phase2/results/predictions/full/electrode/tcn/seed_202/bandpass_n20004_cLL_V1_V4_independent_rms_s5.npz,76420,50fe8884f27ae3b416883963601d524998e6503a569745951b3d1dd5bfdfa220
tcn,electrode,202,bandpass_n20004_cLL_V1_V4_independent_rms_s0,phase2/results/predictions/full/electrode/tcn/seed_202/bandpass_n20004_cLL_V1_V4_independent_rms_s0.npz,76169,7ef0e5c327132a348b4191fc5053dcc3ac683f9b4e33d317f757998fc1aa10e8
tcn,electrode,202,bandpass_n20004_cLL_V1_V4_electrode_s20,phase2/results/predictions/full/electrode/tcn/seed_202/bandpass_n20004_cLL_V1_V4_electrode_s20.npz,76521,1bcef776eaa705c67569a9d06bff051c77904a9629e8baf276cce09cf165a651
tcn,electrode,202,bandpass_n20004_cLL_V1_V4_electrode_s15,phase2/results/predictions/full/electrode/tcn/seed_202/bandpass_n20004_cLL_V1_V4_electrode_s15.npz,76528,0d3a3eacc0225240951614fb875d637b37217ea9579f5853679766ce3c7b5dc3
tcn,electrode,202,bandpass_n20004_cLL_V1_V4_electrode_s10,phase2/results/predictions/full/electrode/tcn/seed_202/bandpass_n20004_cLL_V1_V4_electrode_s10.npz,76507,77a06b7d9c96441b1be5b35f6cedd75b34efc2e8e109d74c59ffa131a06e0969
tcn,electrode,202,bandpass_n20004_cLL_V1_V4_electrode_s5,phase2/results/predictions/full/electrode/tcn/seed_202/bandpass_n20004_cLL_V1_V4_electrode_s5.npz,76367,a2672b86dcf0cdd75254bc6b250b0779a4fdb99938b70b475a1b8e0434a2a288
tcn,electrode,202,bandpass_n20004_cLL_V1_V4_electrode_s0,phase2/results/predictions/full/electrode/tcn/seed_202/bandpass_n20004_cLL_V1_V4_electrode_s0.npz,76018,135eeffb2ee551e08a68724229099da7fdbc5e099506bd2ff38df8072d0cb099
tcn,electrode,202,bandpass_n20004_cLL_V1_V4_covariance_s20,phase2/results/predictions/full/electrode/tcn/seed_202/bandpass_n20004_cLL_V1_V4_covariance_s20.npz,76500,9c862a11a6807a57d265c4f1cb5470bcd8aef05715aee0a089392137e1065493
tcn,electrode,202,bandpass_n20004_cLL_V1_V4_covariance_s15,phase2/results/predictions/full/electrode/tcn/seed_202/bandpass_n20004_cLL_V1_V4_covariance_s15.npz,76526,82908b92306355c199b74ca8628b9a537d1e5a6c130d625d39ed2bf1e2ee7ff4
tcn,electrode,202,bandpass_n20004_cLL_V1_V4_covariance_s10,phase2/results/predictions/full/electrode/tcn/seed_202/bandpass_n20004_cLL_V1_V4_covariance_s10.npz,76495,7b60078881fed430554a45e80e4d57927c7ee1022b27b571b196351e03c46987
tcn,electrode,202,bandpass_n20004_cLL_V1_V4_covariance_s5,phase2/results/predictions/full/electrode/tcn/seed_202/bandpass_n20004_cLL_V1_V4_covariance_s5.npz,76381,a1f71f169d085151267b3da04980c9b29cd2d64df503045841c4b74104677cda
tcn,electrode,202,bandpass_n20004_cLL_V1_V4_covariance_s0,phase2/results/predictions/full/electrode/tcn/seed_202/bandpass_n20004_cLL_V1_V4_covariance_s0.npz,75958,6dd8711988ec2ec693289d1a43c09d23b97d5212b26f163fc0feb51b5fdc8b52
tcn,electrode,202,bandpass_n20004_call_independent_rms_s20,phase2/results/predictions/full/electrode/tcn/seed_202/bandpass_n20004_call_independent_rms_s20.npz,76498,ea243f7ba34f10e3dfcc0465648322aefac919fa8ae451cd58905a2cf739aba1
tcn,electrode,202,bandpass_n20004_call_independent_rms_s15,phase2/results/predictions/full/electrode/tcn/seed_202/bandpass_n20004_call_independent_rms_s15.npz,76517,83132e9a02ab4bc6d9a892be70bfc93141240e5284ab07646eb78dba7c689989
tcn,electrode,202,bandpass_n20004_call_independent_rms_s10,phase2/results/predictions/full/electrode/tcn/seed_202/bandpass_n20004_call_independent_rms_s10.npz,76499,a6722fce20d4ef26e918831b433ae615c0ba586012223e671dc8eb3c7938255a
tcn,electrode,202,bandpass_n20004_call_independent_rms_s5,phase2/results/predictions/full/electrode/tcn/seed_202/bandpass_n20004_call_independent_rms_s5.npz,76430,1f5faeef489a4bc81b383766c1d1d93471c6e54e33092cf741b3b74a1a368b93
tcn,electrode,202,bandpass_n20004_call_independent_rms_s0,phase2/results/predictions/full/electrode/tcn/seed_202/bandpass_n20004_call_independent_rms_s0.npz,76207,6d12aaf61b70eee7b83d78101f09aa8a979edd8c49c0e79151fb4e67d41cad3f
tcn,electrode,202,bandpass_n20004_call_electrode_s20,phase2/results/predictions/full/electrode/tcn/seed_202/bandpass_n20004_call_electrode_s20.npz,76482,fa5f9ec3f596e7586e36cc7a2c683957c225d7310c648558312c65467a6b4d77
tcn,electrode,202,bandpass_n20004_call_electrode_s15,phase2/results/predictions/full/electrode/tcn/seed_202/bandpass_n20004_call_electrode_s15.npz,76486,865be3e782893493d4b16f37e3a4503d4c16f2561d5f24e11fcf40f19bf6d807
tcn,electrode,202,bandpass_n20004_call_electrode_s10,phase2/results/predictions/full/electrode/tcn/seed_202/bandpass_n20004_call_electrode_s10.npz,76444,197778b04b3235240467e659c6b4436c6fd82a8bfdd7759ee9ea5782ad4b6f2f
tcn,electrode,202,bandpass_n20004_call_electrode_s5,phase2/results/predictions/full/electrode/tcn/seed_202/bandpass_n20004_call_electrode_s5.npz,76339,5d53811e733ecab936ffa6b752b25a6d1dce4ad8f6b84ef1e05be2dd5ef6d4d4
tcn,electrode,202,bandpass_n20004_call_electrode_s0,phase2/results/predictions/full/electrode/tcn/seed_202/bandpass_n20004_call_electrode_s0.npz,76036,ef5b139dd8d2bf726f652b2e0060f0a7a9bcb418c7449a2c474b7727171462a9
tcn,electrode,202,bandpass_n20004_call_covariance_s20,phase2/results/predictions/full/electrode/tcn/seed_202/bandpass_n20004_call_covariance_s20.npz,76475,8af4d0abfb8c1f70cd653f37999c0980fa52885d4e1cdbac98c36680df7b4796
tcn,electrode,202,bandpass_n20004_call_covariance_s15,phase2/results/predictions/full/electrode/tcn/seed_202/bandpass_n20004_call_covariance_s15.npz,76464,115618660d008fcbe9fb946a7ba45f9d99ecc9ade695383b510e140565d55e67
tcn,electrode,202,bandpass_n20004_call_covariance_s10,phase2/results/predictions/full/electrode/tcn/seed_202/bandpass_n20004_call_covariance_s10.npz,76481,05e45e489fe69ab36d30525990f2b1c196df2cc428593efcf87ee43a81382699
tcn,electrode,202,bandpass_n20004_call_covariance_s5,phase2/results/predictions/full/electrode/tcn/seed_202/bandpass_n20004_call_covariance_s5.npz,76352,d8514dcef5f78f9b1b8266c9bf5b88c815885bd5c0b0653cc14e2f7450a9c771
tcn,electrode,202,bandpass_n20004_call_covariance_s0,phase2/results/predictions/full/electrode/tcn/seed_202/bandpass_n20004_call_covariance_s0.npz,76039,b2d97b14fa12c9078d2cb1b6a98e5caeff26c788ec102e085312a5a473b0bb90
tcn,electrode,202,bandpass_n20005_cRA_LA_LL_independent_rms_s20,phase2/results/predictions/full/electrode/tcn/seed_202/bandpass_n20005_cRA_LA_LL_independent_rms_s20.npz,76528,13d4c13af450133fe777e94faab5ba6e6f75e98d7584e964f6bc25536dc6ab8b
tcn,electrode,202,bandpass_n20005_cRA_LA_LL_independent_rms_s15,phase2/results/predictions/full/electrode/tcn/seed_202/bandpass_n20005_cRA_LA_LL_independent_rms_s15.npz,76512,e745ae10554f5fca531df8fdad66c12e718843ef5e9ae68bf20391ad830fd5d3
tcn,electrode,202,bandpass_n20005_cRA_LA_LL_independent_rms_s10,phase2/results/predictions/full/electrode/tcn/seed_202/bandpass_n20005_cRA_LA_LL_independent_rms_s10.npz,76527,276734d3b8e83014ef33c2aebb3edd90518aa9035c09d1e2e5c5d947b80b7f20
tcn,electrode,202,bandpass_n20005_cRA_LA_LL_independent_rms_s5,phase2/results/predictions/full/electrode/tcn/seed_202/bandpass_n20005_cRA_LA_LL_independent_rms_s5.npz,76441,527bde0cd4071a774163726c7adf66f3846e5a748fc07a3e25c8bbf3f110b09a
tcn,electrode,202,bandpass_n20005_cRA_LA_LL_independent_rms_s0,phase2/results/predictions/full/electrode/tcn/seed_202/bandpass_n20005_cRA_LA_LL_independent_rms_s0.npz,76234,580a96195bf1c13057571bbaa7609fd7ba5b58ecab81d125d7911a8f1b3c1c8d
tcn,electrode,202,bandpass_n20005_cRA_LA_LL_electrode_s20,phase2/results/predictions/full/electrode/tcn/seed_202/bandpass_n20005_cRA_LA_LL_electrode_s20.npz,76504,d7984c5e1d92888e76393f81acf8e2b3427ce230cbc3a805676f128669d9f963
tcn,electrode,202,bandpass_n20005_cRA_LA_LL_electrode_s15,phase2/results/predictions/full/electrode/tcn/seed_202/bandpass_n20005_cRA_LA_LL_electrode_s15.npz,76518,b11d837acc5d16bab93c21475b7ae633ea9042df0d7414d97019f6c4fb173581
tcn,electrode,202,bandpass_n20005_cRA_LA_LL_electrode_s10,phase2/results/predictions/full/electrode/tcn/seed_202/bandpass_n20005_cRA_LA_LL_electrode_s10.npz,76491,82d19f6a8f4b7927940c0cc665ff7a7e531f775d413bcbcaf03287018cfa856f
tcn,electrode,202,bandpass_n20005_cRA_LA_LL_electrode_s5,phase2/results/predictions/full/electrode/tcn/seed_202/bandpass_n20005_cRA_LA_LL_electrode_s5.npz,76347,0d1d770ec8094c12fd75eb0650a797ed47f0af3d69860f0e3a8485173b0494fb
tcn,electrode,202,bandpass_n20005_cRA_LA_LL_electrode_s0,phase2/results/predictions/full/electrode/tcn/seed_202/bandpass_n20005_cRA_LA_LL_electrode_s0.npz,75980,87d67054086f61ad6a31c0fa6f5e1dcee798c34e27fd96342786d7d13f9ac222
tcn,electrode,202,bandpass_n20005_cRA_LA_LL_covariance_s20,phase2/results/predictions/full/electrode/tcn/seed_202/bandpass_n20005_cRA_LA_LL_covariance_s20.npz,76541,2737f8a5be98e4972479cbb173bbbab8a40466feaeed6daa2044eff310c379b3
tcn,electrode,202,bandpass_n20005_cRA_LA_LL_covariance_s15,phase2/results/predictions/full/electrode/tcn/seed_202/bandpass_n20005_cRA_LA_LL_covariance_s15.npz,76474,c309aa5a7911beb8c9959c98670d208b03c0d29baac14c36ab7522ce476cb62d
tcn,electrode,202,bandpass_n20005_cRA_LA_LL_covariance_s10,phase2/results/predictions/full/electrode/tcn/seed_202/bandpass_n20005_cRA_LA_LL_covariance_s10.npz,76507,98638757fce8a0fc3b4e8b51c9b79b579a1e0bf64cc93b941d878fb1e7902a9c
tcn,electrode,202,bandpass_n20005_cRA_LA_LL_covariance_s5,phase2/results/predictions/full/electrode/tcn/seed_202/bandpass_n20005_cRA_LA_LL_covariance_s5.npz,76300,9d77b4226a6c86ebdeb40e924d6fbfa57fffceb9bb95b916b2fa4adf67c281a8
tcn,electrode,202,bandpass_n20005_cRA_LA_LL_covariance_s0,phase2/results/predictions/full/electrode/tcn/seed_202/bandpass_n20005_cRA_LA_LL_covariance_s0.npz,75986,5c5ffec6be39957f561bc03110ac8f18b49f7b2879a63105520f5950f4fda3a1
tcn,electrode,202,bandpass_n20005_cV1_independent_rms_s20,phase2/results/predictions/full/electrode/tcn/seed_202/bandpass_n20005_cV1_independent_rms_s20.npz,76490,0c5d9ce5f98bf7be923384435c02c36731fb798678745a947b9b813f0c722d9e
tcn,electrode,202,bandpass_n20005_cV1_independent_rms_s15,phase2/results/predictions/full/electrode/tcn/seed_202/bandpass_n20005_cV1_independent_rms_s15.npz,76488,1f7c24bed7adec612de5b5bdc387753ca1374d4f5443f267a1df278777868c48
tcn,electrode,202,bandpass_n20005_cV1_independent_rms_s10,phase2/results/predictions/full/electrode/tcn/seed_202/bandpass_n20005_cV1_independent_rms_s10.npz,76462,07e2bc628b1596eeeffcae82aae131482d34a492931698a2d99735b2267b37bf
tcn,electrode,202,bandpass_n20005_cV1_independent_rms_s5,phase2/results/predictions/full/electrode/tcn/seed_202/bandpass_n20005_cV1_independent_rms_s5.npz,76359,8d8701da5fc986a323a9e3e6988e16eb8f377ba1c5bf0a6dbe82b83ddca07fce
tcn,electrode,202,bandpass_n20005_cV1_independent_rms_s0,phase2/results/predictions/full/electrode/tcn/seed_202/bandpass_n20005_cV1_independent_rms_s0.npz,76029,c0deacab0023482a78b63e383655dda0d88104d4920c4cca03915b301437501d
tcn,electrode,202,bandpass_n20005_cV1_electrode_s20,phase2/results/predictions/full/electrode/tcn/seed_202/bandpass_n20005_cV1_electrode_s20.npz,76488,d593cff0f0194d5f3e9987571be189f91e5f206cbd785b8a606f177e059542b9
tcn,electrode,202,bandpass_n20005_cV1_electrode_s15,phase2/results/predictions/full/electrode/tcn/seed_202/bandpass_n20005_cV1_electrode_s15.npz,76470,2202ea6064575cd022dec1df980bbed80a230ec42af66d24e0eecb0e0b5a8767
tcn,electrode,202,bandpass_n20005_cV1_electrode_s10,phase2/results/predictions/full/electrode/tcn/seed_202/bandpass_n20005_cV1_electrode_s10.npz,76475,73fa07d0e16d5bc50dd6cb939df9fa7839954ee024999e232080ca2beaa58f29
tcn,electrode,202,bandpass_n20005_cV1_electrode_s5,phase2/results/predictions/full/electrode/tcn/seed_202/bandpass_n20005_cV1_electrode_s5.npz,76371,c03db7a8a072a03c29a3568ce3c575e9b3a5c029336c7da329a20f3c6d00510e
tcn,electrode,202,bandpass_n20005_cV1_electrode_s0,phase2/results/predictions/full/electrode/tcn/seed_202/bandpass_n20005_cV1_electrode_s0.npz,76013,22226dc9cda6ca1ed4538af987b3c7386ff9ca4843af4da947f7c7122e75259a
tcn,electrode,202,bandpass_n20005_cV1_covariance_s20,phase2/results/predictions/full/electrode/tcn/seed_202/bandpass_n20005_cV1_covariance_s20.npz,76489,0490df85af0284dd129414ba60427bf45855d3d75ba50b11bad6a56805007f4e
tcn,electrode,202,bandpass_n20005_cV1_covariance_s15,phase2/results/predictions/full/electrode/tcn/seed_202/bandpass_n20005_cV1_covariance_s15.npz,76507,d042447a4c981285145da25a98adf6e03315e0685288101994cbf361e79d0c28
tcn,electrode,202,bandpass_n20005_cV1_covariance_s10,phase2/results/predictions/full/electrode/tcn/seed_202/bandpass_n20005_cV1_covariance_s10.npz,76475,c90a170dd51557f37d67e8bee50f9b026affd1dbf1949642dde0e7089df95150
tcn,electrode,202,bandpass_n20005_cV1_covariance_s5,phase2/results/predictions/full/electrode/tcn/seed_202/bandpass_n20005_cV1_covariance_s5.npz,76343,9e1e0ddc97ae3311e55f136ed4e4462c6ff46be1ec5f85054239d6b87cc1b0e6
tcn,electrode,202,bandpass_n20005_cV1_covariance_s0,phase2/results/predictions/full/electrode/tcn/seed_202/bandpass_n20005_cV1_covariance_s0.npz,76010,50c8f2aced0b956a9bf3b542d80014f5659250047ea4a8130b988c8892c99be2
tcn,electrode,202,bandpass_n20005_cV2_independent_rms_s20,phase2/results/predictions/full/electrode/tcn/seed_202/bandpass_n20005_cV2_independent_rms_s20.npz,76478,ed72d1b05f9159120231a4eb58ac9d97fe9725a45e940ffd01f45430cf1a44d7
tcn,electrode,202,bandpass_n20005_cV2_independent_rms_s15,phase2/results/predictions/full/electrode/tcn/seed_202/bandpass_n20005_cV2_independent_rms_s15.npz,76503,88c49f92035ea2e37e38b8f405b3c07f073627e1320d27f38ca48d4ce5a126e4
tcn,electrode,202,bandpass_n20005_cV2_independent_rms_s10,phase2/results/predictions/full/electrode/tcn/seed_202/bandpass_n20005_cV2_independent_rms_s10.npz,76515,ee29320c7b1b96b5d8262e5269c0bf29581628f3255f032ac456c0ea5c103d39
tcn,electrode,202,bandpass_n20005_cV2_independent_rms_s5,phase2/results/predictions/full/electrode/tcn/seed_202/bandpass_n20005_cV2_independent_rms_s5.npz,76406,d929559e384883895600d9fc17d879c2e10a4ece775482bd0555f9fdc989e4e1
tcn,electrode,202,bandpass_n20005_cV2_independent_rms_s0,phase2/results/predictions/full/electrode/tcn/seed_202/bandpass_n20005_cV2_independent_rms_s0.npz,76257,83cc083bc73b2fc95f71bf0941e17d6a3091fe651125f4d19e913c9d8a9304f7
tcn,electrode,202,bandpass_n20005_cV2_electrode_s20,phase2/results/predictions/full/electrode/tcn/seed_202/bandpass_n20005_cV2_electrode_s20.npz,76478,4609f1a3acb1bf50bbf2a7520c5fbb2d9b3f459d4205a7fb831fb8632a66d19f
tcn,electrode,202,bandpass_n20005_cV2_electrode_s15,phase2/results/predictions/full/electrode/tcn/seed_202/bandpass_n20005_cV2_electrode_s15.npz,76508,8d08c169b75d42ae86824ac7a7f81c6343b78bf023b3a4d8bad316668bae3817
tcn,electrode,202,bandpass_n20005_cV2_electrode_s10,phase2/results/predictions/full/electrode/tcn/seed_202/bandpass_n20005_cV2_electrode_s10.npz,76475,720a46ef1421c8b0e7c1a65ac13ebf8138e6fd08ee5fe651f9496bb708a803c9
tcn,electrode,202,bandpass_n20005_cV2_electrode_s5,phase2/results/predictions/full/electrode/tcn/seed_202/bandpass_n20005_cV2_electrode_s5.npz,76397,1ca217c27f1a1cf6303007155af5ec893bbfeae3f7463bdaf844ef3af3aeecba
tcn,electrode,202,bandpass_n20005_cV2_electrode_s0,phase2/results/predictions/full/electrode/tcn/seed_202/bandpass_n20005_cV2_electrode_s0.npz,76226,9b46a31873c74021a66ceaec3d7d217d280d94e89c9d5b879ea8b0852727b32d
tcn,electrode,202,bandpass_n20005_cV2_covariance_s20,phase2/results/predictions/full/electrode/tcn/seed_202/bandpass_n20005_cV2_covariance_s20.npz,76489,aaf644647b01cbb8241102c59d27448982ec21fe3ba5d42a14d06a9da6552e28
tcn,electrode,202,bandpass_n20005_cV2_covariance_s15,phase2/results/predictions/full/electrode/tcn/seed_202/bandpass_n20005_cV2_covariance_s15.npz,76487,231f891ea1b2afee1299169c1e14dc6c229ddce245584bcaff3bae43818d32cc
tcn,electrode,202,bandpass_n20005_cV2_covariance_s10,phase2/results/predictions/full/electrode/tcn/seed_202/bandpass_n20005_cV2_covariance_s10.npz,76485,dc3d8d2d611fe7faef5f3e55ca79d364f01178a7799fba5be87f5dff6b4a34bb
tcn,electrode,202,bandpass_n20005_cV2_covariance_s5,phase2/results/predictions/full/electrode/tcn/seed_202/bandpass_n20005_cV2_covariance_s5.npz,76389,1048e806afa4cf6402f30d0162b7f954a647fd768a69c617fa64b6c2cafd6541
tcn,electrode,202,bandpass_n20005_cV2_covariance_s0,phase2/results/predictions/full/electrode/tcn/seed_202/bandpass_n20005_cV2_covariance_s0.npz,76229,76ee7e09c92731a586579e0e850073f343e77b2e6550b952b21d24503f29efe2
tcn,electrode,202,bandpass_n20005_cV3_independent_rms_s20,phase2/results/predictions/full/electrode/tcn/seed_202/bandpass_n20005_cV3_independent_rms_s20.npz,76499,b99d5d42f17d2965327b59c2e4edec7574ae57bee9459da3f3b4958d3139311d
tcn,electrode,202,bandpass_n20005_cV3_independent_rms_s15,phase2/results/predictions/full/electrode/tcn/seed_202/bandpass_n20005_cV3_independent_rms_s15.npz,76520,552743e63bc5f15fdf51b8ce4eaf8e3f08744518785942fbfe8416e0bb5abdf4
tcn,electrode,202,bandpass_n20005_cV3_independent_rms_s10,phase2/results/predictions/full/electrode/tcn/seed_202/bandpass_n20005_cV3_independent_rms_s10.npz,76505,d8e9fca65844a132a763bd27428dc9f3831ef527aaf2d82985212d9c413a8ff6
tcn,electrode,202,bandpass_n20005_cV3_independent_rms_s5,phase2/results/predictions/full/electrode/tcn/seed_202/bandpass_n20005_cV3_independent_rms_s5.npz,76485,00a193331aaed07eb81cdbf6dc24a53fdf728d620ce28a23788b336a29134b8f
tcn,electrode,202,bandpass_n20005_cV3_independent_rms_s0,phase2/results/predictions/full/electrode/tcn/seed_202/bandpass_n20005_cV3_independent_rms_s0.npz,76369,ff9d53062d835c8f4b4abe72f4388d68d4fd591b4b9b06cd382b7ad407d3db91
tcn,electrode,202,bandpass_n20005_cV3_electrode_s20,phase2/results/predictions/full/electrode/tcn/seed_202/bandpass_n20005_cV3_electrode_s20.npz,76466,137898b1043d7b10bdb4f6d75cf7d753c37d5558bf9bd94a51a80e0ce2d87aab
tcn,electrode,202,bandpass_n20005_cV3_electrode_s15,phase2/results/predictions/full/electrode/tcn/seed_202/bandpass_n20005_cV3_electrode_s15.npz,76480,3ba073c1ae7fd3a7f1f3609f7ccfb6cb99c3229d8cedb07acbc84863af37e255
tcn,electrode,202,bandpass_n20005_cV3_electrode_s10,phase2/results/predictions/full/electrode/tcn/seed_202/bandpass_n20005_cV3_electrode_s10.npz,76496,369a3fa3ab7b88ed56bc54b7ef4763543fb27701665c2352428fdb027b1bdaf7
tcn,electrode,202,bandpass_n20005_cV3_electrode_s5,phase2/results/predictions/full/electrode/tcn/seed_202/bandpass_n20005_cV3_electrode_s5.npz,76443,2a9825e0e69104613278d37e07adc01fac2869074ee1c60b2916e98efb81a121
tcn,electrode,202,bandpass_n20005_cV3_electrode_s0,phase2/results/predictions/full/electrode/tcn/seed_202/bandpass_n20005_cV3_electrode_s0.npz,76375,4d03667e4a858e4281d41755cc3503f4bb2a73f5a03d231651f7b1e7aaa1a8d3
tcn,electrode,202,bandpass_n20005_cV3_covariance_s20,phase2/results/predictions/full/electrode/tcn/seed_202/bandpass_n20005_cV3_covariance_s20.npz,76512,48e745c425eec42a26e036f4519de376866c2075120d0f08a024109bbb070fb1
tcn,electrode,202,bandpass_n20005_cV3_covariance_s15,phase2/results/predictions/full/electrode/tcn/seed_202/bandpass_n20005_cV3_covariance_s15.npz,76535,b1f2068b373e912559c00e541ab8b730072cca204169ce003a33971e4d702898
tcn,electrode,202,bandpass_n20005_cV3_covariance_s10,phase2/results/predictions/full/electrode/tcn/seed_202/bandpass_n20005_cV3_covariance_s10.npz,76510,29ab009240be2153fa324c9b4d39a57d6805fb50601edec641bd266e93ac52e9
tcn,electrode,202,bandpass_n20005_cV3_covariance_s5,phase2/results/predictions/full/electrode/tcn/seed_202/bandpass_n20005_cV3_covariance_s5.npz,76480,3a3535bb957953c00eac3521d55cb980cb82c7df135d4f4194212c0ef735b47d
tcn,electrode,202,bandpass_n20005_cV3_covariance_s0,phase2/results/predictions/full/electrode/tcn/seed_202/bandpass_n20005_cV3_covariance_s0.npz,76361,2a9dce7091302b22445f8996d242f791d01658bc5f09a14ab3ecf54a03c31e23
tcn,electrode,202,bandpass_n20005_cV4_independent_rms_s20,phase2/results/predictions/full/electrode/tcn/seed_202/bandpass_n20005_cV4_independent_rms_s20.npz,76517,10360ffa25f230836b8d6dd0322d5dc63c2d89adb49fa6fa13be6dc7d050b69a
tcn,electrode,202,bandpass_n20005_cV4_independent_rms_s15,phase2/results/predictions/full/electrode/tcn/seed_202/bandpass_n20005_cV4_independent_rms_s15.npz,76509,ff7b00c4a99260c24dec34b269246c952a4fedb6b6ec6cfbe21c0053a3b89490
tcn,electrode,202,bandpass_n20005_cV4_independent_rms_s10,phase2/results/predictions/full/electrode/tcn/seed_202/bandpass_n20005_cV4_independent_rms_s10.npz,76499,bc6d5edf71809e4ecdf4aa827cb0c32b65e866134a4043eda68b162d61a11e87
tcn,electrode,202,bandpass_n20005_cV4_independent_rms_s5,phase2/results/predictions/full/electrode/tcn/seed_202/bandpass_n20005_cV4_independent_rms_s5.npz,76498,fa56c4e893bff7b95897e63a327da3c69a1aa9b576a87a749ad6ae7a10cb25be
tcn,electrode,202,bandpass_n20005_cV4_independent_rms_s0,phase2/results/predictions/full/electrode/tcn/seed_202/bandpass_n20005_cV4_independent_rms_s0.npz,76259,8e9823efd7fcdb109e6c0399eb85cf1b14f2160eefa6b7ed474020a7d7a50bbc
tcn,electrode,202,bandpass_n20005_cV4_electrode_s20,phase2/results/predictions/full/electrode/tcn/seed_202/bandpass_n20005_cV4_electrode_s20.npz,76488,8505dccac028b72e247d8f4536a337378158da621f8856f12d262cfa3aa7df2a
tcn,electrode,202,bandpass_n20005_cV4_electrode_s15,phase2/results/predictions/full/electrode/tcn/seed_202/bandpass_n20005_cV4_electrode_s15.npz,76485,43e217d723fe87edc2c2452554c38a478d6a6d34dcf68ddcf2821ac33584502a
tcn,electrode,202,bandpass_n20005_cV4_electrode_s10,phase2/results/predictions/full/electrode/tcn/seed_202/bandpass_n20005_cV4_electrode_s10.npz,76508,0a014e20d2212d495c2795ad7c64c23c5217eb90f0563ac0f50d671bdd7e9ccb
tcn,electrode,202,bandpass_n20005_cV4_electrode_s5,phase2/results/predictions/full/electrode/tcn/seed_202/bandpass_n20005_cV4_electrode_s5.npz,76482,816ebe0882bac594d458a3f0c413af1884525cfeecd04a34f5c2d77aa08f7c64
tcn,electrode,202,bandpass_n20005_cV4_electrode_s0,phase2/results/predictions/full/electrode/tcn/seed_202/bandpass_n20005_cV4_electrode_s0.npz,76283,df59837dbfb747efe08e91979f157b719b81b8cb9a98a2499c3a7ac038b1fa59
tcn,electrode,202,bandpass_n20005_cV4_covariance_s20,phase2/results/predictions/full/electrode/tcn/seed_202/bandpass_n20005_cV4_covariance_s20.npz,76486,fbc23deb302f781d67ac8d44db1dddd967f21de14042fcc7c6cef7c6e62d3fb7
tcn,electrode,202,bandpass_n20005_cV4_covariance_s15,phase2/results/predictions/full/electrode/tcn/seed_202/bandpass_n20005_cV4_covariance_s15.npz,76517,81d25a122b8880474993626d801c7e5b96b15e5666c568ef87fb93c27a31b5c0
tcn,electrode,202,bandpass_n20005_cV4_covariance_s10,phase2/results/predictions/full/electrode/tcn/seed_202/bandpass_n20005_cV4_covariance_s10.npz,76470,ce6977cf3213f1074f2f4964671d5e9fa10d8244281644b062e03384c42a6ca7
tcn,electrode,202,bandpass_n20005_cV4_covariance_s5,phase2/results/predictions/full/electrode/tcn/seed_202/bandpass_n20005_cV4_covariance_s5.npz,76447,acdc26c51caf37b237b554c83275ec14cb197fe57b10af072ecaa425ba917ffe
tcn,electrode,202,bandpass_n20005_cV4_covariance_s0,phase2/results/predictions/full/electrode/tcn/seed_202/bandpass_n20005_cV4_covariance_s0.npz,76282,958f81c00de31d47003beef01582a61263d32f60212ce2b5952bafc6d33686ba
tcn,electrode,202,bandpass_n20005_cV5_independent_rms_s20,phase2/results/predictions/full/electrode/tcn/seed_202/bandpass_n20005_cV5_independent_rms_s20.npz,76483,4e4d5cb02968c6c8e8ff5898acf3e2d7f948f5087d1ce55ae24ca6209502891d
tcn,electrode,202,bandpass_n20005_cV5_independent_rms_s15,phase2/results/predictions/full/electrode/tcn/seed_202/bandpass_n20005_cV5_independent_rms_s15.npz,76489,2adb981c420b34a51f7a12f9102d1667e05a4a82700eba3e312b9721a2bca4cc
tcn,electrode,202,bandpass_n20005_cV5_independent_rms_s10,phase2/results/predictions/full/electrode/tcn/seed_202/bandpass_n20005_cV5_independent_rms_s10.npz,76505,91c2dd57219a3423fa7db2bebb6059026f6dc196885c22856f985bb6c303095b
tcn,electrode,202,bandpass_n20005_cV5_independent_rms_s5,phase2/results/predictions/full/electrode/tcn/seed_202/bandpass_n20005_cV5_independent_rms_s5.npz,76424,65c5d21fea4aa2314b5cc9dc8e19b1907d877504b4b2d6a2e8178063f0db32c1
tcn,electrode,202,bandpass_n20005_cV5_independent_rms_s0,phase2/results/predictions/full/electrode/tcn/seed_202/bandpass_n20005_cV5_independent_rms_s0.npz,76239,e5ced6d9fb16b04f2db95e3720d6d43e7f48a3379a5ef103ad77d5601875c98e
tcn,electrode,202,bandpass_n20005_cV5_electrode_s20,phase2/results/predictions/full/electrode/tcn/seed_202/bandpass_n20005_cV5_electrode_s20.npz,76469,5d3d1a9af5858e6c64b84b07c2289ed507855fedd52a0b1ef05e5f8ebcd1445e
tcn,electrode,202,bandpass_n20005_cV5_electrode_s15,phase2/results/predictions/full/electrode/tcn/seed_202/bandpass_n20005_cV5_electrode_s15.npz,76495,3c0675cc8185ecc1947fcf671792ee9c1f6b181725efa3b49f6df49ff2ee555b
tcn,electrode,202,bandpass_n20005_cV5_electrode_s10,phase2/results/predictions/full/electrode/tcn/seed_202/bandpass_n20005_cV5_electrode_s10.npz,76478,a8c3b4cefe84b33fa2bec2811bd6994d78b2e4641a029e1bbcf74302d9d2fdb5
tcn,electrode,202,bandpass_n20005_cV5_electrode_s5,phase2/results/predictions/full/electrode/tcn/seed_202/bandpass_n20005_cV5_electrode_s5.npz,76456,95dd703dc5bf46a7d248eb5411baf74e829829f7edcc5dca1a0b13c60f67730c
tcn,electrode,202,bandpass_n20005_cV5_electrode_s0,phase2/results/predictions/full/electrode/tcn/seed_202/bandpass_n20005_cV5_electrode_s0.npz,76205,d75216ff1bdb7348620d8542a297d5ca252bee805ae1eaca471efbbdbbc1d1f1
tcn,electrode,202,bandpass_n20005_cV5_covariance_s20,phase2/results/predictions/full/electrode/tcn/seed_202/bandpass_n20005_cV5_covariance_s20.npz,76470,e3c175c519acfc03be0cfe713701799ea434424a83a54ee095f8baeafcd9c84f
tcn,electrode,202,bandpass_n20005_cV5_covariance_s15,phase2/results/predictions/full/electrode/tcn/seed_202/bandpass_n20005_cV5_covariance_s15.npz,76451,60ebd20f4b4256a0b3415a760405a012b664f80249a51b6aabcd28147c30cd48
tcn,electrode,202,bandpass_n20005_cV5_covariance_s10,phase2/results/predictions/full/electrode/tcn/seed_202/bandpass_n20005_cV5_covariance_s10.npz,76476,b218ef6cc453b7c444f8b82486c71451efbe6c7f057f910ca7d1894293170683
tcn,electrode,202,bandpass_n20005_cV5_covariance_s5,phase2/results/predictions/full/electrode/tcn/seed_202/bandpass_n20005_cV5_covariance_s5.npz,76441,5551e81016db8579878496caa6a641b49c74a188e59fd4c319852535dff96cd9
tcn,electrode,202,bandpass_n20005_cV5_covariance_s0,phase2/results/predictions/full/electrode/tcn/seed_202/bandpass_n20005_cV5_covariance_s0.npz,76207,9fa7e4e3c29578ec415d6f6c804351b6d025cb861d746cce2752f62b02ac4563
tcn,electrode,202,bandpass_n20005_cV6_independent_rms_s20,phase2/results/predictions/full/electrode/tcn/seed_202/bandpass_n20005_cV6_independent_rms_s20.npz,76514,38b03bae7cab39b3bbc04429c2d10eb8cc465cb22ae38624076924390049a191
tcn,electrode,202,bandpass_n20005_cV6_independent_rms_s15,phase2/results/predictions/full/electrode/tcn/seed_202/bandpass_n20005_cV6_independent_rms_s15.npz,76496,bf7dfbf15177b1f22904b39a82661a20c0504f13d7a7bcf1b32acc152c45fc81
tcn,electrode,202,bandpass_n20005_cV6_independent_rms_s10,phase2/results/predictions/full/electrode/tcn/seed_202/bandpass_n20005_cV6_independent_rms_s10.npz,76500,fa02dd0d680f053b4ab01a635ec2e39d244354f5899fa0127f71ef626ce6777c
tcn,electrode,202,bandpass_n20005_cV6_independent_rms_s5,phase2/results/predictions/full/electrode/tcn/seed_202/bandpass_n20005_cV6_independent_rms_s5.npz,76469,cf9169dd6fc2ed88a270214ac5cdb3588f59f53406853e7dffc4086b9a8d9266
tcn,electrode,202,bandpass_n20005_cV6_independent_rms_s0,phase2/results/predictions/full/electrode/tcn/seed_202/bandpass_n20005_cV6_independent_rms_s0.npz,76265,2386d9f601ddd9c5e1deb6088d476a71a8fca12380affa66d7d4e35e0976ae5c
tcn,electrode,202,bandpass_n20005_cV6_electrode_s20,phase2/results/predictions/full/electrode/tcn/seed_202/bandpass_n20005_cV6_electrode_s20.npz,76495,fa34405744307c2e116c4913864114e80532ed77c183aaa7ad2e068a70cc8154
tcn,electrode,202,bandpass_n20005_cV6_electrode_s15,phase2/results/predictions/full/electrode/tcn/seed_202/bandpass_n20005_cV6_electrode_s15.npz,76517,1fe641024b60e3fa2587dc82120af20c99f04fdf47e8ce66ead7ab86df989cc5
tcn,electrode,202,bandpass_n20005_cV6_electrode_s10,phase2/results/predictions/full/electrode/tcn/seed_202/bandpass_n20005_cV6_electrode_s10.npz,76494,b31f0a330f2f826255caf791e1b79015e295dd6800414c1c132b6cf5501b9642
tcn,electrode,202,bandpass_n20005_cV6_electrode_s5,phase2/results/predictions/full/electrode/tcn/seed_202/bandpass_n20005_cV6_electrode_s5.npz,76456,c242ee02d18d0b8da559f04d9c2be36216881fb3414dc09680f8fcdc8ab3f41c
tcn,electrode,202,bandpass_n20005_cV6_electrode_s0,phase2/results/predictions/full/electrode/tcn/seed_202/bandpass_n20005_cV6_electrode_s0.npz,76277,0b4731135d5b64fbf68e11cd21e2b7737a1d6a610b55f44c1c714c70bbd24539
tcn,electrode,202,bandpass_n20005_cV6_covariance_s20,phase2/results/predictions/full/electrode/tcn/seed_202/bandpass_n20005_cV6_covariance_s20.npz,76515,4756644751124636c36240aadf87f4ec89b4c5735f0a0bffb6f924cd4acda127
tcn,electrode,202,bandpass_n20005_cV6_covariance_s15,phase2/results/predictions/full/electrode/tcn/seed_202/bandpass_n20005_cV6_covariance_s15.npz,76479,7c6951dbde560822605ce0aef41fec6c6098bd172dc03750eedc58883cadced3
tcn,electrode,202,bandpass_n20005_cV6_covariance_s10,phase2/results/predictions/full/electrode/tcn/seed_202/bandpass_n20005_cV6_covariance_s10.npz,76489,63efe7bfd29d9232948e42dd75984c1a0acd6e5f88d101bb294699ddc1da9a6c
tcn,electrode,202,bandpass_n20005_cV6_covariance_s5,phase2/results/predictions/full/electrode/tcn/seed_202/bandpass_n20005_cV6_covariance_s5.npz,76457,7d82a9c9475d47258c3e74c6a01c98ebb334dcc0d4d32e92fb6606e34331e86a
tcn,electrode,202,bandpass_n20005_cV6_covariance_s0,phase2/results/predictions/full/electrode/tcn/seed_202/bandpass_n20005_cV6_covariance_s0.npz,76278,4ea9cb2a211b5e846cb7f87691a5eaa1c8e4b23401a63a74134a4921c13dfeec
tcn,electrode,202,bandpass_n20005_cRA_LA_independent_rms_s20,phase2/results/predictions/full/electrode/tcn/seed_202/bandpass_n20005_cRA_LA_independent_rms_s20.npz,76523,b701484165e51e57324df7ba75416ee445681ac35e64bbecaa2088662e4d97bc
tcn,electrode,202,bandpass_n20005_cRA_LA_independent_rms_s15,phase2/results/predictions/full/electrode/tcn/seed_202/bandpass_n20005_cRA_LA_independent_rms_s15.npz,76523,d458ea9b54563b522ad284f9f8bc08a3f7a75e087f64469e2f35a78bd23249dc
tcn,electrode,202,bandpass_n20005_cRA_LA_independent_rms_s10,phase2/results/predictions/full/electrode/tcn/seed_202/bandpass_n20005_cRA_LA_independent_rms_s10.npz,76497,65563db422faf32f00c0c5b748845eca5ea27b8e9b55c36ba5103a5e025befd6
tcn,electrode,202,bandpass_n20005_cRA_LA_independent_rms_s5,phase2/results/predictions/full/electrode/tcn/seed_202/bandpass_n20005_cRA_LA_independent_rms_s5.npz,76464,bc675a8d4e6b87edbe783b4883050be40aced0959f32b9e7c008638dd2745402
tcn,electrode,202,bandpass_n20005_cRA_LA_independent_rms_s0,phase2/results/predictions/full/electrode/tcn/seed_202/bandpass_n20005_cRA_LA_independent_rms_s0.npz,76289,9f0cdb42aca6d79ad4493144af1e73465d5648644a275cc9400b74cafb2d7733
tcn,electrode,202,bandpass_n20005_cRA_LA_electrode_s20,phase2/results/predictions/full/electrode/tcn/seed_202/bandpass_n20005_cRA_LA_electrode_s20.npz,76494,458e7eca1daa09843465ec16ace99b69cc08a76fb440be7c15e56fd3e16b0188
tcn,electrode,202,bandpass_n20005_cRA_LA_electrode_s15,phase2/results/predictions/full/electrode/tcn/seed_202/bandpass_n20005_cRA_LA_electrode_s15.npz,76534,4a85bf5ae2e7c1803836f0f6d7f0f2e54fcb5599f8d647fc0856986d7a686fbf
tcn,electrode,202,bandpass_n20005_cRA_LA_electrode_s10,phase2/results/predictions/full/electrode/tcn/seed_202/bandpass_n20005_cRA_LA_electrode_s10.npz,76491,35cb6244c539165702831f78ebeea9a8e1b1d06081b45d89aba4e3a997d334c8
tcn,electrode,202,bandpass_n20005_cRA_LA_electrode_s5,phase2/results/predictions/full/electrode/tcn/seed_202/bandpass_n20005_cRA_LA_electrode_s5.npz,76360,ee464d67cbbc32b0c1f757cccf9ea9b2ee363727f18bb9858570629f561382ee
tcn,electrode,202,bandpass_n20005_cRA_LA_electrode_s0,phase2/results/predictions/full/electrode/tcn/seed_202/bandpass_n20005_cRA_LA_electrode_s0.npz,76034,fa9812a4b31886e37219de2f89d59f43f9082c40c7312fd748a4d575ab082420
tcn,electrode,202,bandpass_n20005_cRA_LA_covariance_s20,phase2/results/predictions/full/electrode/tcn/seed_202/bandpass_n20005_cRA_LA_covariance_s20.npz,76507,b80ced936bad130fcfc0a8cdbd13373b64e0c9523d65b3a27f25bf4af0665163
tcn,electrode,202,bandpass_n20005_cRA_LA_covariance_s15,phase2/results/predictions/full/electrode/tcn/seed_202/bandpass_n20005_cRA_LA_covariance_s15.npz,76535,a8ab5ea64336ef48422fe4ad5617aaf8b32571a40204c087be1c2ac1f70259e3
tcn,electrode,202,bandpass_n20005_cRA_LA_covariance_s10,phase2/results/predictions/full/electrode/tcn/seed_202/bandpass_n20005_cRA_LA_covariance_s10.npz,76482,098f88432411121d1ff7f0ef09b2d12b99f3a543a441aa20a9147963664f6867
tcn,electrode,202,bandpass_n20005_cRA_LA_covariance_s5,phase2/results/predictions/full/electrode/tcn/seed_202/bandpass_n20005_cRA_LA_covariance_s5.npz,76372,eb64a1464c2dfc5a4158d643eaf2f52b65bae501a1f5fc0de828685a6c4f8460
tcn,electrode,202,bandpass_n20005_cRA_LA_covariance_s0,phase2/results/predictions/full/electrode/tcn/seed_202/bandpass_n20005_cRA_LA_covariance_s0.npz,75988,1442250ed01163142104082f03a378deffd1dcdb11b898f556eb9c8229683a05
tcn,electrode,202,bandpass_n20005_cLA_LL_independent_rms_s20,phase2/results/predictions/full/electrode/tcn/seed_202/bandpass_n20005_cLA_LL_independent_rms_s20.npz,76516,4772c2ddbf6e8428b829f56cf88ca2f9b8668dcad8da7313911463eb4dde084f
tcn,electrode,202,bandpass_n20005_cLA_LL_independent_rms_s15,phase2/results/predictions/full/electrode/tcn/seed_202/bandpass_n20005_cLA_LL_independent_rms_s15.npz,76500,96aa3ae5b63a1ab2105d90cc72dc871b6e12420d59792071773ac8f6ebd53fd8
tcn,electrode,202,bandpass_n20005_cLA_LL_independent_rms_s10,phase2/results/predictions/full/electrode/tcn/seed_202/bandpass_n20005_cLA_LL_independent_rms_s10.npz,76503,32a38a10e4fc7dd79b9b95205b68af0e8227ff210acca4beaabe8965930aff6d
tcn,electrode,202,bandpass_n20005_cLA_LL_independent_rms_s5,phase2/results/predictions/full/electrode/tcn/seed_202/bandpass_n20005_cLA_LL_independent_rms_s5.npz,76441,28559fbda25f8fd739c3b340ca1bce893067c4f7076a3037f9d56655ba7e7253
tcn,electrode,202,bandpass_n20005_cLA_LL_independent_rms_s0,phase2/results/predictions/full/electrode/tcn/seed_202/bandpass_n20005_cLA_LL_independent_rms_s0.npz,76227,c532fe69f3ae25d15119ff8c2fe995c79a0f740929bc55e312fce53fa6f54d53
tcn,electrode,202,bandpass_n20005_cLA_LL_electrode_s20,phase2/results/predictions/full/electrode/tcn/seed_202/bandpass_n20005_cLA_LL_electrode_s20.npz,76480,6421ec53703a0cb007d82efbccf2e85d88502b15284b4e25d6c1701dd25d6629
tcn,electrode,202,bandpass_n20005_cLA_LL_electrode_s15,phase2/results/predictions/full/electrode/tcn/seed_202/bandpass_n20005_cLA_LL_electrode_s15.npz,76477,c439fc3d35a8490aa5166af20681fef9506771f76c9fa23ea9d979d7942154a6
tcn,electrode,202,bandpass_n20005_cLA_LL_electrode_s10,phase2/results/predictions/full/electrode/tcn/seed_202/bandpass_n20005_cLA_LL_electrode_s10.npz,76487,27836faf1c899693d8d612b0e36182fdb647acae55829b3aeee79655c7ed6ef1
tcn,electrode,202,bandpass_n20005_cLA_LL_electrode_s5,phase2/results/predictions/full/electrode/tcn/seed_202/bandpass_n20005_cLA_LL_electrode_s5.npz,76328,bfb9def887c38581c76a03b46eb35ef237b4bd5af0b041093b6452b5cd58a9ed
tcn,electrode,202,bandpass_n20005_cLA_LL_electrode_s0,phase2/results/predictions/full/electrode/tcn/seed_202/bandpass_n20005_cLA_LL_electrode_s0.npz,75964,33c21be63736a59bb637efa1b7ba6d398c41b5bf266c9267c7b992b2b160eba4
tcn,electrode,202,bandpass_n20005_cLA_LL_covariance_s20,phase2/results/predictions/full/electrode/tcn/seed_202/bandpass_n20005_cLA_LL_covariance_s20.npz,76522,6b00e265a3c51ed86ad3c42db441be4f2c39c824a98a5f55a75c9fa491b841dd
tcn,electrode,202,bandpass_n20005_cLA_LL_covariance_s15,phase2/results/predictions/full/electrode/tcn/seed_202/bandpass_n20005_cLA_LL_covariance_s15.npz,76496,099c1524a116909c314aa57bf7ccf03962b9472115e10be57a42f8aa9dba23f4
tcn,electrode,202,bandpass_n20005_cLA_LL_covariance_s10,phase2/results/predictions/full/electrode/tcn/seed_202/bandpass_n20005_cLA_LL_covariance_s10.npz,76463,1ddf3b3fe8b67b973617ce54f65a8a44353ae452392af90f6db988823bf45b31
tcn,electrode,202,bandpass_n20005_cLA_LL_covariance_s5,phase2/results/predictions/full/electrode/tcn/seed_202/bandpass_n20005_cLA_LL_covariance_s5.npz,76324,eabf188d8d6f0d07ba843573953cf69d411d8a35836528c02e85e36a70936401
tcn,electrode,202,bandpass_n20005_cLA_LL_covariance_s0,phase2/results/predictions/full/electrode/tcn/seed_202/bandpass_n20005_cLA_LL_covariance_s0.npz,75952,f257933e515542c75ec365fad28d904975ce20b666de06c7cd07f3f6f05179f0
tcn,electrode,202,bandpass_n20005_cRA_LL_independent_rms_s20,phase2/results/predictions/full/electrode/tcn/seed_202/bandpass_n20005_cRA_LL_independent_rms_s20.npz,76525,96e5165ea84084016e34b7130d4f0c8d5d5f40c5deac661b5963bf13fbc4ac13
tcn,electrode,202,bandpass_n20005_cRA_LL_independent_rms_s15,phase2/results/predictions/full/electrode/tcn/seed_202/bandpass_n20005_cRA_LL_independent_rms_s15.npz,76500,3e13c496a6c32b6eb2d7400f888730d0cceec2a8c155dd7f88501d579b91e6a5
tcn,electrode,202,bandpass_n20005_cRA_LL_independent_rms_s10,phase2/results/predictions/full/electrode/tcn/seed_202/bandpass_n20005_cRA_LL_independent_rms_s10.npz,76493,66b21b7d066fdfbf7e32fa2f45823f8411b55bed3c42ffd5fb4c54a53277c249
tcn,electrode,202,bandpass_n20005_cRA_LL_independent_rms_s5,phase2/results/predictions/full/electrode/tcn/seed_202/bandpass_n20005_cRA_LL_independent_rms_s5.npz,76407,e895293d33e32998a0495e506e6dd531e748f355c04914bfe578a079da34b440
tcn,electrode,202,bandpass_n20005_cRA_LL_independent_rms_s0,phase2/results/predictions/full/electrode/tcn/seed_202/bandpass_n20005_cRA_LL_independent_rms_s0.npz,76224,e45b243a5555c6a4670b00f20b0b8fa3e8ac1d198d3a3ab6e6153dfc7304f013
tcn,electrode,202,bandpass_n20005_cRA_LL_electrode_s20,phase2/results/predictions/full/electrode/tcn/seed_202/bandpass_n20005_cRA_LL_electrode_s20.npz,76490,73ff5fa791a1269598dde953c75ffbbdc0cc31e570de453fb4b38c15c316d003
tcn,electrode,202,bandpass_n20005_cRA_LL_electrode_s15,phase2/results/predictions/full/electrode/tcn/seed_202/bandpass_n20005_cRA_LL_electrode_s15.npz,76492,75b50bea0f69ce2c89e541520f66bd0ba1b6fdb0c97d2a239ca234c569fc3e7a
tcn,electrode,202,bandpass_n20005_cRA_LL_electrode_s10,phase2/results/predictions/full/electrode/tcn/seed_202/bandpass_n20005_cRA_LL_electrode_s10.npz,76508,1c414dd08a379f20d67cf708c185f76b64d92c6c6e3b35077e097f15edd5cfd7
tcn,electrode,202,bandpass_n20005_cRA_LL_electrode_s5,phase2/results/predictions/full/electrode/tcn/seed_202/bandpass_n20005_cRA_LL_electrode_s5.npz,76357,bdbf85f08a0889509ee940210814d4e0c2672d8432b5fe5d805dfca31729a158
tcn,electrode,202,bandpass_n20005_cRA_LL_electrode_s0,phase2/results/predictions/full/electrode/tcn/seed_202/bandpass_n20005_cRA_LL_electrode_s0.npz,75998,4a709c741b34b8bd595f60126b4f2a52c2aa0ed370b3677c83d102bbe0b56b25
tcn,electrode,202,bandpass_n20005_cRA_LL_covariance_s20,phase2/results/predictions/full/electrode/tcn/seed_202/bandpass_n20005_cRA_LL_covariance_s20.npz,76498,181ca2c8f51379414164b73034aac1a9245f006d8e555cbdbb05dd8ff2e50392
tcn,electrode,202,bandpass_n20005_cRA_LL_covariance_s15,phase2/results/predictions/full/electrode/tcn/seed_202/bandpass_n20005_cRA_LL_covariance_s15.npz,76518,455d1052b3ebf2b39a301de090e8c311870fcb8ddebc8fd70aef666e5d611fa0
tcn,electrode,202,bandpass_n20005_cRA_LL_covariance_s10,phase2/results/predictions/full/electrode/tcn/seed_202/bandpass_n20005_cRA_LL_covariance_s10.npz,76522,ad14d8da1c59382e1c6abe46709a7dffc6867fd3fee7460de2f4c14f1d5b6d24
tcn,electrode,202,bandpass_n20005_cRA_LL_covariance_s5,phase2/results/predictions/full/electrode/tcn/seed_202/bandpass_n20005_cRA_LL_covariance_s5.npz,76327,3d3bbe266e74c8d2320abe9878666be0a2b0f550e2a4f074d88b90861a75c78a
tcn,electrode,202,bandpass_n20005_cRA_LL_covariance_s0,phase2/results/predictions/full/electrode/tcn/seed_202/bandpass_n20005_cRA_LL_covariance_s0.npz,76008,0413e43904b41bd306a625ef44f09de44dc694996debdd5a216f72ff4179b5e0
tcn,electrode,202,bandpass_n20005_cRA_independent_rms_s20,phase2/results/predictions/full/electrode/tcn/seed_202/bandpass_n20005_cRA_independent_rms_s20.npz,76531,756e43ad26f2dfad8b2360da3db95c06de053d967ccba7f6afe0a5be78803ee4
tcn,electrode,202,bandpass_n20005_cRA_independent_rms_s15,phase2/results/predictions/full/electrode/tcn/seed_202/bandpass_n20005_cRA_independent_rms_s15.npz,76525,132429e87bc0bea9a6100859a1ecee1ed2c5d7605be0bfc1f4bc51255451b7e8
tcn,electrode,202,bandpass_n20005_cRA_independent_rms_s10,phase2/results/predictions/full/electrode/tcn/seed_202/bandpass_n20005_cRA_independent_rms_s10.npz,76495,4231ad7d4eb748b01de8f0ddc44cd0f6d05ff493bb949ce2b560911a2321ff87
tcn,electrode,202,bandpass_n20005_cRA_independent_rms_s5,phase2/results/predictions/full/electrode/tcn/seed_202/bandpass_n20005_cRA_independent_rms_s5.npz,76474,db42b5f61ee85f0b8410c27f7dd8a9b2524f5732541ea6811910c0b020e9d1eb
tcn,electrode,202,bandpass_n20005_cRA_independent_rms_s0,phase2/results/predictions/full/electrode/tcn/seed_202/bandpass_n20005_cRA_independent_rms_s0.npz,76235,94b3061803a0c21d4d25966d82df8243d4e07ca49db755c3aa04aa7862752807
tcn,electrode,202,bandpass_n20005_cRA_electrode_s20,phase2/results/predictions/full/electrode/tcn/seed_202/bandpass_n20005_cRA_electrode_s20.npz,76503,c03c59def48eb05e4b92fd6026e4e8925e198b54abd3967677d2aaeac386440a
tcn,electrode,202,bandpass_n20005_cRA_electrode_s15,phase2/results/predictions/full/electrode/tcn/seed_202/bandpass_n20005_cRA_electrode_s15.npz,76527,5edf50a8d5fbebae0a97bfe3935ba083566fe69045ee8eea3d06609b541ef019
tcn,electrode,202,bandpass_n20005_cRA_electrode_s10,phase2/results/predictions/full/electrode/tcn/seed_202/bandpass_n20005_cRA_electrode_s10.npz,76506,0b530554db953645ede10a88e59a8dfd642487c40a481008a62ea6f04d8232fa
tcn,electrode,202,bandpass_n20005_cRA_electrode_s5,phase2/results/predictions/full/electrode/tcn/seed_202/bandpass_n20005_cRA_electrode_s5.npz,76357,51f983bf670406861ba13c105304ed22d5b8b9616ac6a667805dd25e4fb34d05
tcn,electrode,202,bandpass_n20005_cRA_electrode_s0,phase2/results/predictions/full/electrode/tcn/seed_202/bandpass_n20005_cRA_electrode_s0.npz,76094,2286562798076339bc0503dd3bf15a7137b246617d46d4a9661c432f25e7574d
tcn,electrode,202,bandpass_n20005_cRA_covariance_s20,phase2/results/predictions/full/electrode/tcn/seed_202/bandpass_n20005_cRA_covariance_s20.npz,76530,e655af8215f4e91dd991ee0583987969d5933f36f2eb4283973235ffdf35f585
tcn,electrode,202,bandpass_n20005_cRA_covariance_s15,phase2/results/predictions/full/electrode/tcn/seed_202/bandpass_n20005_cRA_covariance_s15.npz,76487,243cc9d1e5d22573806945e54b2dd5ed73f91ad339640f81c1d18bac3735349d
tcn,electrode,202,bandpass_n20005_cRA_covariance_s10,phase2/results/predictions/full/electrode/tcn/seed_202/bandpass_n20005_cRA_covariance_s10.npz,76476,fc10a05a00b800066d0964000ccf51d5b17bdecf1c40a2bffb25e960c867f5e7
tcn,electrode,202,bandpass_n20005_cRA_covariance_s5,phase2/results/predictions/full/electrode/tcn/seed_202/bandpass_n20005_cRA_covariance_s5.npz,76378,abb7e67abd2b71e22eecf2bb59855a4d2295158dd24b9493aca1c779a06ee3df
tcn,electrode,202,bandpass_n20005_cRA_covariance_s0,phase2/results/predictions/full/electrode/tcn/seed_202/bandpass_n20005_cRA_covariance_s0.npz,76053,83694a04fc18751bb9fdc194ec2ecb0c958f86b314c145e55263573f2b0cb2ac
tcn,electrode,202,bandpass_n20005_cLA_independent_rms_s20,phase2/results/predictions/full/electrode/tcn/seed_202/bandpass_n20005_cLA_independent_rms_s20.npz,76480,6627e26d2366a27b9b25258b6a7ce222ff521229257510b050ad9501d653d955
tcn,electrode,202,bandpass_n20005_cLA_independent_rms_s15,phase2/results/predictions/full/electrode/tcn/seed_202/bandpass_n20005_cLA_independent_rms_s15.npz,76530,7d53e9f3abbb90b793707381a127d4d3de895600971267eeea4468861055a7fa
tcn,electrode,202,bandpass_n20005_cLA_independent_rms_s10,phase2/results/predictions/full/electrode/tcn/seed_202/bandpass_n20005_cLA_independent_rms_s10.npz,76504,6e3ee99278ced9325e85e9c9461a364684d633c41e0c71763bebd620ba66a033
tcn,electrode,202,bandpass_n20005_cLA_independent_rms_s5,phase2/results/predictions/full/electrode/tcn/seed_202/bandpass_n20005_cLA_independent_rms_s5.npz,76448,3c3b3a16b13d4fe951bd43fb472fbadbd34be6eccd2c05ee2c60ef2b83851e50
tcn,electrode,202,bandpass_n20005_cLA_independent_rms_s0,phase2/results/predictions/full/electrode/tcn/seed_202/bandpass_n20005_cLA_independent_rms_s0.npz,76268,e07cd578166d437c5366bbbc193e1492697d0b158d035272a81ba4e676e66157
tcn,electrode,202,bandpass_n20005_cLA_electrode_s20,phase2/results/predictions/full/electrode/tcn/seed_202/bandpass_n20005_cLA_electrode_s20.npz,76501,d7e3803a24b48e89fa045516959eace6d8f4bf277f3b3c31cea2d316275fd484
tcn,electrode,202,bandpass_n20005_cLA_electrode_s15,phase2/results/predictions/full/electrode/tcn/seed_202/bandpass_n20005_cLA_electrode_s15.npz,76512,26136cdb4fc14e6ec16302a4bc24a3f0c2a5ae416bab1e8fe984279777f8db5e
tcn,electrode,202,bandpass_n20005_cLA_electrode_s10,phase2/results/predictions/full/electrode/tcn/seed_202/bandpass_n20005_cLA_electrode_s10.npz,76502,75e9e054017192ae5a18e994170a3536d701767d2d8e8f360a9051efa3a1cad9
tcn,electrode,202,bandpass_n20005_cLA_electrode_s5,phase2/results/predictions/full/electrode/tcn/seed_202/bandpass_n20005_cLA_electrode_s5.npz,76331,9641fc1dea54f721f108cb47b428fc6d576bfba10e88b2fd8693787d0b1df4e3
tcn,electrode,202,bandpass_n20005_cLA_electrode_s0,phase2/results/predictions/full/electrode/tcn/seed_202/bandpass_n20005_cLA_electrode_s0.npz,75997,e432f7c66824e91749e1797eb1d7e8406c07a80a2e8588a2c7b691bd87a48fa3
tcn,electrode,202,bandpass_n20005_cLA_covariance_s20,phase2/results/predictions/full/electrode/tcn/seed_202/bandpass_n20005_cLA_covariance_s20.npz,76512,477afe28420348783d3d372f05d808b6f9b6a9314e1f33159202805061c9fb14
tcn,electrode,202,bandpass_n20005_cLA_covariance_s15,phase2/results/predictions/full/electrode/tcn/seed_202/bandpass_n20005_cLA_covariance_s15.npz,76497,42981dccc186c0c2f4b2d0515760868b1320ba393896c1edeb7dba679cbd7de3
tcn,electrode,202,bandpass_n20005_cLA_covariance_s10,phase2/results/predictions/full/electrode/tcn/seed_202/bandpass_n20005_cLA_covariance_s10.npz,76485,6259a60ed19ec270cc0f5cf1b5a913dc34d1a2de8d1985d951e70be7e1a7c478
tcn,electrode,202,bandpass_n20005_cLA_covariance_s5,phase2/results/predictions/full/electrode/tcn/seed_202/bandpass_n20005_cLA_covariance_s5.npz,76365,6810825901ee1664982bf6ffeb318cd2310ce179e8af757c4ac24e99ed38f260
tcn,electrode,202,bandpass_n20005_cLA_covariance_s0,phase2/results/predictions/full/electrode/tcn/seed_202/bandpass_n20005_cLA_covariance_s0.npz,75956,ee06070278934c8210bfc47425ec59787e617e60ef1566c33008c5a4e27d2c7a
tcn,electrode,202,bandpass_n20005_cLL_independent_rms_s20,phase2/results/predictions/full/electrode/tcn/seed_202/bandpass_n20005_cLL_independent_rms_s20.npz,76499,5e7604c172ae4cd84f500b89f174ea7116a783ddde63d46c1b0cbc016235534a
tcn,electrode,202,bandpass_n20005_cLL_independent_rms_s15,phase2/results/predictions/full/electrode/tcn/seed_202/bandpass_n20005_cLL_independent_rms_s15.npz,76509,f37418fcb2a964b642cf1ac6fe7391808111794a8ad6cf3a57c92cf1b132ff71
tcn,electrode,202,bandpass_n20005_cLL_independent_rms_s10,phase2/results/predictions/full/electrode/tcn/seed_202/bandpass_n20005_cLL_independent_rms_s10.npz,76496,3c97e90692681ae40e334bc017bfb0fbe9a6678afa39f7eb77177941bb917cab
tcn,electrode,202,bandpass_n20005_cLL_independent_rms_s5,phase2/results/predictions/full/electrode/tcn/seed_202/bandpass_n20005_cLL_independent_rms_s5.npz,76404,5133b3759e893a7570e6fe634b1af24242131edb6bb8bb4064b15f20d8140064
tcn,electrode,202,bandpass_n20005_cLL_independent_rms_s0,phase2/results/predictions/full/electrode/tcn/seed_202/bandpass_n20005_cLL_independent_rms_s0.npz,76214,839505e578528b0f4e4827533a892a09b13fcaefcb842378e9b756ad5973fc7f
tcn,electrode,202,bandpass_n20005_cLL_electrode_s20,phase2/results/predictions/full/electrode/tcn/seed_202/bandpass_n20005_cLL_electrode_s20.npz,76511,65dcc6ba2128b46c0c149130fd242c2da942112547657d0d63e473da4abcfc79
tcn,electrode,202,bandpass_n20005_cLL_electrode_s15,phase2/results/predictions/full/electrode/tcn/seed_202/bandpass_n20005_cLL_electrode_s15.npz,76509,e590ca8f3eda97fb3e4135872f701a73bc9aa5a0e0731df319dc1b353a92cdb8
tcn,electrode,202,bandpass_n20005_cLL_electrode_s10,phase2/results/predictions/full/electrode/tcn/seed_202/bandpass_n20005_cLL_electrode_s10.npz,76508,e738777dbbb1691f5b459e0aa4d2e5c7ff8eb4d33c624d74fbf67ee0335d8dae
tcn,electrode,202,bandpass_n20005_cLL_electrode_s5,phase2/results/predictions/full/electrode/tcn/seed_202/bandpass_n20005_cLL_electrode_s5.npz,76323,7fe321141797c2f21d01939cfb1792f9233588af1293e3191a98eaf0f9e3729d
tcn,electrode,202,bandpass_n20005_cLL_electrode_s0,phase2/results/predictions/full/electrode/tcn/seed_202/bandpass_n20005_cLL_electrode_s0.npz,75917,a998bd2a5559016fbdde9b8fcd2104ff550a039a788282491f87b6212bcb780c
tcn,electrode,202,bandpass_n20005_cLL_covariance_s20,phase2/results/predictions/full/electrode/tcn/seed_202/bandpass_n20005_cLL_covariance_s20.npz,76483,ad9683d45389a55eeff65468c187c9122201e1de096a89bf440702bd4dabbd91
tcn,electrode,202,bandpass_n20005_cLL_covariance_s15,phase2/results/predictions/full/electrode/tcn/seed_202/bandpass_n20005_cLL_covariance_s15.npz,76491,b44644ba305353b96983b2898e2bc8569d923920eb3cd1a4b56d4f05228bbf26
tcn,electrode,202,bandpass_n20005_cLL_covariance_s10,phase2/results/predictions/full/electrode/tcn/seed_202/bandpass_n20005_cLL_covariance_s10.npz,76452,67edac7f0a4bf64efa2db0cea3d5f5cd7d2204378ae8cd1497faf0cbb9b13e69
tcn,electrode,202,bandpass_n20005_cLL_covariance_s5,phase2/results/predictions/full/electrode/tcn/seed_202/bandpass_n20005_cLL_covariance_s5.npz,76300,b24c0517829876716801dff0a796ffd7319f70ce0769ac367eb8a0ec95b24ffb
tcn,electrode,202,bandpass_n20005_cLL_covariance_s0,phase2/results/predictions/full/electrode/tcn/seed_202/bandpass_n20005_cLL_covariance_s0.npz,75976,7fb43a2150bbecb2aa9285947919840bc3c73c52df48d0d6fa2f62cd27e3752c
tcn,electrode,202,bandpass_n20005_cRA_V1_independent_rms_s20,phase2/results/predictions/full/electrode/tcn/seed_202/bandpass_n20005_cRA_V1_independent_rms_s20.npz,76492,8bb70d1444013233208b258efeb3d936fb47457446f3b75210fac2ca9fc0f516
tcn,electrode,202,bandpass_n20005_cRA_V1_independent_rms_s15,phase2/results/predictions/full/electrode/tcn/seed_202/bandpass_n20005_cRA_V1_independent_rms_s15.npz,76492,278a6fc1465cd51216ea1bbd621843398102d250a62f5ce250bad3af17ed7d6f
tcn,electrode,202,bandpass_n20005_cRA_V1_independent_rms_s10,phase2/results/predictions/full/electrode/tcn/seed_202/bandpass_n20005_cRA_V1_independent_rms_s10.npz,76537,3af78c894de20a2bf0714177a6ea033cd2f2ba18d29c1aaa5b45469e24f869e1
tcn,electrode,202,bandpass_n20005_cRA_V1_independent_rms_s5,phase2/results/predictions/full/electrode/tcn/seed_202/bandpass_n20005_cRA_V1_independent_rms_s5.npz,76415,81a561eb7ad1aee845d72deec00f26adfe71c59e374865a38f907c295657dddf
tcn,electrode,202,bandpass_n20005_cRA_V1_independent_rms_s0,phase2/results/predictions/full/electrode/tcn/seed_202/bandpass_n20005_cRA_V1_independent_rms_s0.npz,76175,eb03fea5cdaf1bb90562c5459c75ede744407965cf8f61a88aa37d09438f4033
tcn,electrode,202,bandpass_n20005_cRA_V1_electrode_s20,phase2/results/predictions/full/electrode/tcn/seed_202/bandpass_n20005_cRA_V1_electrode_s20.npz,76493,2c2dd39ffe774e3ed0601171ffe883991d989881254c949889b6bffb21b526cb
tcn,electrode,202,bandpass_n20005_cRA_V1_electrode_s15,phase2/results/predictions/full/electrode/tcn/seed_202/bandpass_n20005_cRA_V1_electrode_s15.npz,76473,040fe0b90393002d66cd94f792240d749df2bc9eba98dab528cbd4383cdb977b
tcn,electrode,202,bandpass_n20005_cRA_V1_electrode_s10,phase2/results/predictions/full/electrode/tcn/seed_202/bandpass_n20005_cRA_V1_electrode_s10.npz,76512,78ad839736e8c0bab255120272ef240acaf996f591f33a303717841fb624c2e8
tcn,electrode,202,bandpass_n20005_cRA_V1_electrode_s5,phase2/results/predictions/full/electrode/tcn/seed_202/bandpass_n20005_cRA_V1_electrode_s5.npz,76378,d134cbcbbb67d0f2093d5d182b879cfae7c4bff96ab3342a0fffe61d957dd63b
tcn,electrode,202,bandpass_n20005_cRA_V1_electrode_s0,phase2/results/predictions/full/electrode/tcn/seed_202/bandpass_n20005_cRA_V1_electrode_s0.npz,76056,eccef4b458c8f4a442eb70a0f7e826a8300ab97e06d2d3d58ac8f3398aed15c8
tcn,electrode,202,bandpass_n20005_cRA_V1_covariance_s20,phase2/results/predictions/full/electrode/tcn/seed_202/bandpass_n20005_cRA_V1_covariance_s20.npz,76491,b91c57d49a9b47d96e00dc944ac9785d060ccba579fbc07c2a56c8548f9fee96
tcn,electrode,202,bandpass_n20005_cRA_V1_covariance_s15,phase2/results/predictions/full/electrode/tcn/seed_202/bandpass_n20005_cRA_V1_covariance_s15.npz,76485,7c22e9332ba3f5bcbbb2c8ce729f84e6a665b762a9ae511a99a65e1e0446cf95
tcn,electrode,202,bandpass_n20005_cRA_V1_covariance_s10,phase2/results/predictions/full/electrode/tcn/seed_202/bandpass_n20005_cRA_V1_covariance_s10.npz,76493,b9d240143206758100ac6eb049eb42b3da881b16c08ef904553bdb57396a49ce
tcn,electrode,202,bandpass_n20005_cRA_V1_covariance_s5,phase2/results/predictions/full/electrode/tcn/seed_202/bandpass_n20005_cRA_V1_covariance_s5.npz,76369,676e8ac9361dbc0e3a927f5a7d53bb41417247f167eac5871d83fecd40b510d3
tcn,electrode,202,bandpass_n20005_cRA_V1_covariance_s0,phase2/results/predictions/full/electrode/tcn/seed_202/bandpass_n20005_cRA_V1_covariance_s0.npz,76094,92dd63c78d68f1629742663daff86e93ea8e728d0839c0baf061bc69d773c2f3
tcn,electrode,202,bandpass_n20005_cLA_V6_independent_rms_s20,phase2/results/predictions/full/electrode/tcn/seed_202/bandpass_n20005_cLA_V6_independent_rms_s20.npz,76517,05cae6c66f934960c6086fe549ae020dbea48d1c9f7c364fb4c7f57ec4fedeb9
tcn,electrode,202,bandpass_n20005_cLA_V6_independent_rms_s15,phase2/results/predictions/full/electrode/tcn/seed_202/bandpass_n20005_cLA_V6_independent_rms_s15.npz,76500,e3469e4c73cc1710bc1c14ca4d7088ddf7c7790d7802c30f3955a2510fb39609
tcn,electrode,202,bandpass_n20005_cLA_V6_independent_rms_s10,phase2/results/predictions/full/electrode/tcn/seed_202/bandpass_n20005_cLA_V6_independent_rms_s10.npz,76546,c9d68349c4ff118aa45f3f71d3128bc200fac37d48a0791963b674aa6e893fd6
tcn,electrode,202,bandpass_n20005_cLA_V6_independent_rms_s5,phase2/results/predictions/full/electrode/tcn/seed_202/bandpass_n20005_cLA_V6_independent_rms_s5.npz,76461,433931580d8cd64b852e970b8bb534b050e06f9db56c1d2af44d7d2c5b1c52b7
tcn,electrode,202,bandpass_n20005_cLA_V6_independent_rms_s0,phase2/results/predictions/full/electrode/tcn/seed_202/bandpass_n20005_cLA_V6_independent_rms_s0.npz,76263,7b56d993666b70c05c738549e1b88d564b36323dbf9347cfaee63c732efbc165
tcn,electrode,202,bandpass_n20005_cLA_V6_electrode_s20,phase2/results/predictions/full/electrode/tcn/seed_202/bandpass_n20005_cLA_V6_electrode_s20.npz,76518,ef03aed4200f7f7f3b86f07f835af3ed2ea541feb3105fe220cdaf3774ede679
tcn,electrode,202,bandpass_n20005_cLA_V6_electrode_s15,phase2/results/predictions/full/electrode/tcn/seed_202/bandpass_n20005_cLA_V6_electrode_s15.npz,76523,71333b9e6d2367675b1bc3edef48310a52a19c16b1f823e684e54b27e53c3097
tcn,electrode,202,bandpass_n20005_cLA_V6_electrode_s10,phase2/results/predictions/full/electrode/tcn/seed_202/bandpass_n20005_cLA_V6_electrode_s10.npz,76497,4b3adab04e0a893e277b8b3942a15148a4f897a3d61a87d5ac176c909fbe5f97
tcn,electrode,202,bandpass_n20005_cLA_V6_electrode_s5,phase2/results/predictions/full/electrode/tcn/seed_202/bandpass_n20005_cLA_V6_electrode_s5.npz,76352,a63d051ecf8f6432372d384ae3b10ca503f0d3dc43a90bc4c9bf77ba311e7940
tcn,electrode,202,bandpass_n20005_cLA_V6_electrode_s0,phase2/results/predictions/full/electrode/tcn/seed_202/bandpass_n20005_cLA_V6_electrode_s0.npz,76015,9dcfbe57784b47398d84a92ae4e48b082e28d01fb8b685178899a5a213fc249e
tcn,electrode,202,bandpass_n20005_cLA_V6_covariance_s20,phase2/results/predictions/full/electrode/tcn/seed_202/bandpass_n20005_cLA_V6_covariance_s20.npz,76539,6a9d554e14f8867ce4f40e0f1fce8b36e50a9c8d5691a6ccf0c2f5d572008a29
tcn,electrode,202,bandpass_n20005_cLA_V6_covariance_s15,phase2/results/predictions/full/electrode/tcn/seed_202/bandpass_n20005_cLA_V6_covariance_s15.npz,76514,b25fb5c156214ec7743c92c8146bce5ec98aa8ab16953b83016b5925a5ae1aec
tcn,electrode,202,bandpass_n20005_cLA_V6_covariance_s10,phase2/results/predictions/full/electrode/tcn/seed_202/bandpass_n20005_cLA_V6_covariance_s10.npz,76515,bf12ca4cc23c20470aa0b73546dd9b92adfc95081ca2987e383872a4dd75852d
tcn,electrode,202,bandpass_n20005_cLA_V6_covariance_s5,phase2/results/predictions/full/electrode/tcn/seed_202/bandpass_n20005_cLA_V6_covariance_s5.npz,76402,c58e900caa6956c4fc412d34e79f0a48ea3e94ba589dc752172cc76a9b588c9d
tcn,electrode,202,bandpass_n20005_cLA_V6_covariance_s0,phase2/results/predictions/full/electrode/tcn/seed_202/bandpass_n20005_cLA_V6_covariance_s0.npz,76031,24015e523db5b04463366786525d9c1722c8d23d474a953f15ae790fb10f57ba
tcn,electrode,202,bandpass_n20005_cLL_V4_independent_rms_s20,phase2/results/predictions/full/electrode/tcn/seed_202/bandpass_n20005_cLL_V4_independent_rms_s20.npz,76540,7b4a5065b6e779bc1c0c119e69d1dc2c860f001b03e4fd2046a5eebfea9cde0e
tcn,electrode,202,bandpass_n20005_cLL_V4_independent_rms_s15,phase2/results/predictions/full/electrode/tcn/seed_202/bandpass_n20005_cLL_V4_independent_rms_s15.npz,76532,433dfb9690e73c3c198d49b8a92e7854b5ed4eba54df490f657c05f2aed8d959
tcn,electrode,202,bandpass_n20005_cLL_V4_independent_rms_s10,phase2/results/predictions/full/electrode/tcn/seed_202/bandpass_n20005_cLL_V4_independent_rms_s10.npz,76494,f8523be1fb9c37733ad66bfd9671e630d68a829c4699d32ed187478e523ab9e2
tcn,electrode,202,bandpass_n20005_cLL_V4_independent_rms_s5,phase2/results/predictions/full/electrode/tcn/seed_202/bandpass_n20005_cLL_V4_independent_rms_s5.npz,76458,d9c0a3335df6fa54dc866f08534fc41efd6aae5e167abad10090092830c8b576
tcn,electrode,202,bandpass_n20005_cLL_V4_independent_rms_s0,phase2/results/predictions/full/electrode/tcn/seed_202/bandpass_n20005_cLL_V4_independent_rms_s0.npz,76196,a767fe752a34081cbbb53a7e6390018f0caa63aba551e9e6f7b345891b695b30
tcn,electrode,202,bandpass_n20005_cLL_V4_electrode_s20,phase2/results/predictions/full/electrode/tcn/seed_202/bandpass_n20005_cLL_V4_electrode_s20.npz,76487,ea58a8ec933dab045f7aee91d0358b2d6076d718097f0e73757022c5f0a32120
tcn,electrode,202,bandpass_n20005_cLL_V4_electrode_s15,phase2/results/predictions/full/electrode/tcn/seed_202/bandpass_n20005_cLL_V4_electrode_s15.npz,76532,5484158a9d176f14324ba2bc4220bc973c857a34edcbae659297bb23e421f9e9
tcn,electrode,202,bandpass_n20005_cLL_V4_electrode_s10,phase2/results/predictions/full/electrode/tcn/seed_202/bandpass_n20005_cLL_V4_electrode_s10.npz,76499,f24c42a2aec73f0673ecedabdd432cc4d69229f6c881472dc361b59513bc5845
tcn,electrode,202,bandpass_n20005_cLL_V4_electrode_s5,phase2/results/predictions/full/electrode/tcn/seed_202/bandpass_n20005_cLL_V4_electrode_s5.npz,76346,272fcdac5fa09124513940aeef654596fee2173126dd66d03fcab055cd009a62
tcn,electrode,202,bandpass_n20005_cLL_V4_electrode_s0,phase2/results/predictions/full/electrode/tcn/seed_202/bandpass_n20005_cLL_V4_electrode_s0.npz,76001,7ef88c4c8debc89d35c50531716cc376c4e469c403c512311418e42871c0b18d
tcn,electrode,202,bandpass_n20005_cLL_V4_covariance_s20,phase2/results/predictions/full/electrode/tcn/seed_202/bandpass_n20005_cLL_V4_covariance_s20.npz,76484,9984ca45013ae77c26341369ffc4095daf0fe425d88c7da0cc0751fc07eac44b
tcn,electrode,202,bandpass_n20005_cLL_V4_covariance_s15,phase2/results/predictions/full/electrode/tcn/seed_202/bandpass_n20005_cLL_V4_covariance_s15.npz,76486,d491446575e796575bc264bcf85a8f3d308e7b6aecefeef97db9eb19fb2046db
tcn,electrode,202,bandpass_n20005_cLL_V4_covariance_s10,phase2/results/predictions/full/electrode/tcn/seed_202/bandpass_n20005_cLL_V4_covariance_s10.npz,76507,974b0301a7389fb2e7bd13a7d1a49e725e49053732300fc12d17ab3ffa18b2f2
tcn,electrode,202,bandpass_n20005_cLL_V4_covariance_s5,phase2/results/predictions/full/electrode/tcn/seed_202/bandpass_n20005_cLL_V4_covariance_s5.npz,76321,7c59847bd4145cbc82496085abdf89a404df91a9f1660f196dc075fd32e61264
tcn,electrode,202,bandpass_n20005_cLL_V4_covariance_s0,phase2/results/predictions/full/electrode/tcn/seed_202/bandpass_n20005_cLL_V4_covariance_s0.npz,75978,c0ab073c8f1878a0b42db327b0244bbc60f52222460dc5d25b20557c134b0b2b
tcn,electrode,202,bandpass_n20005_cRA_LA_V1_V6_independent_rms_s20,phase2/results/predictions/full/electrode/tcn/seed_202/bandpass_n20005_cRA_LA_V1_V6_independent_rms_s20.npz,76556,ce89d5603189bc81b95ba3dc02ad62318fe41c9dbef1b1df73f128483e4516d6
tcn,electrode,202,bandpass_n20005_cRA_LA_V1_V6_independent_rms_s15,phase2/results/predictions/full/electrode/tcn/seed_202/bandpass_n20005_cRA_LA_V1_V6_independent_rms_s15.npz,76553,20c2378cc9f65540c8781f8c33d1075227bd1adb1edc7722b318decf969e7170
tcn,electrode,202,bandpass_n20005_cRA_LA_V1_V6_independent_rms_s10,phase2/results/predictions/full/electrode/tcn/seed_202/bandpass_n20005_cRA_LA_V1_V6_independent_rms_s10.npz,76539,5052d264427d2c35403b0ada478704ee100316d2b7ff6bda3338d9b455a498ad
tcn,electrode,202,bandpass_n20005_cRA_LA_V1_V6_independent_rms_s5,phase2/results/predictions/full/electrode/tcn/seed_202/bandpass_n20005_cRA_LA_V1_V6_independent_rms_s5.npz,76487,99e3bc3359bcd8426fb152f5126526be59a57c451336bc50f14885755170e7cf
tcn,electrode,202,bandpass_n20005_cRA_LA_V1_V6_independent_rms_s0,phase2/results/predictions/full/electrode/tcn/seed_202/bandpass_n20005_cRA_LA_V1_V6_independent_rms_s0.npz,76219,f3c343cae451f32783fb638ba295034b5e0ea38e3097401f74501e164804016e
tcn,electrode,202,bandpass_n20005_cRA_LA_V1_V6_electrode_s20,phase2/results/predictions/full/electrode/tcn/seed_202/bandpass_n20005_cRA_LA_V1_V6_electrode_s20.npz,76521,eebe7cf8afad95bae1ece6172a9b01e3216e30694e39b1406c39fbe1bb2b7edf
tcn,electrode,202,bandpass_n20005_cRA_LA_V1_V6_electrode_s15,phase2/results/predictions/full/electrode/tcn/seed_202/bandpass_n20005_cRA_LA_V1_V6_electrode_s15.npz,76531,f772e86e7ea3968ec00bb71b867f75c0c8fe86edc57ae4f8180e2ab7f5e8fdcb
tcn,electrode,202,bandpass_n20005_cRA_LA_V1_V6_electrode_s10,phase2/results/predictions/full/electrode/tcn/seed_202/bandpass_n20005_cRA_LA_V1_V6_electrode_s10.npz,76511,e98bdab9bf5adef11ce828915611d3030ccb32929a2d82e6cf936bdbb7e98459
tcn,electrode,202,bandpass_n20005_cRA_LA_V1_V6_electrode_s5,phase2/results/predictions/full/electrode/tcn/seed_202/bandpass_n20005_cRA_LA_V1_V6_electrode_s5.npz,76380,ae10ba1459c63a6222d01cec054248a5bf7531adbd1949bd031f24a83d23ea24
tcn,electrode,202,bandpass_n20005_cRA_LA_V1_V6_electrode_s0,phase2/results/predictions/full/electrode/tcn/seed_202/bandpass_n20005_cRA_LA_V1_V6_electrode_s0.npz,76083,e2930aebda9f2b700977749ecacbb77c4a599d6a29a1813859d5f84978e9b2f5
tcn,electrode,202,bandpass_n20005_cRA_LA_V1_V6_covariance_s20,phase2/results/predictions/full/electrode/tcn/seed_202/bandpass_n20005_cRA_LA_V1_V6_covariance_s20.npz,76505,ab8dfbcd22a5182aa8c9ed3cd9486e6ddfa1d4b426d66a8c2ef43380c0985b28
tcn,electrode,202,bandpass_n20005_cRA_LA_V1_V6_covariance_s15,phase2/results/predictions/full/electrode/tcn/seed_202/bandpass_n20005_cRA_LA_V1_V6_covariance_s15.npz,76515,36de136f6652fd4bd683922a14bc7763ec3782bde9443b257a329a406443aabc
tcn,electrode,202,bandpass_n20005_cRA_LA_V1_V6_covariance_s10,phase2/results/predictions/full/electrode/tcn/seed_202/bandpass_n20005_cRA_LA_V1_V6_covariance_s10.npz,76530,17fd4002393a689be53d14fe3d9df832fbe13ed6ee72196b156fe7341b94c3e3
tcn,electrode,202,bandpass_n20005_cRA_LA_V1_V6_covariance_s5,phase2/results/predictions/full/electrode/tcn/seed_202/bandpass_n20005_cRA_LA_V1_V6_covariance_s5.npz,76389,ad4479c25aa928354a97ef135723df075079705de9f0c2805ce46ab1a02271ce
tcn,electrode,202,bandpass_n20005_cRA_LA_V1_V6_covariance_s0,phase2/results/predictions/full/electrode/tcn/seed_202/bandpass_n20005_cRA_LA_V1_V6_covariance_s0.npz,76055,f28e9814df8d7548bb46068faab4b2d258c15116ff0e631ad6105b91a722458d
tcn,electrode,202,bandpass_n20005_cRA_V2_V5_independent_rms_s20,phase2/results/predictions/full/electrode/tcn/seed_202/bandpass_n20005_cRA_V2_V5_independent_rms_s20.npz,76510,86a8af290caac615801901e28312d0feacef8d6b1bc7e90f3e2cf202bf9b4c03
tcn,electrode,202,bandpass_n20005_cRA_V2_V5_independent_rms_s15,phase2/results/predictions/full/electrode/tcn/seed_202/bandpass_n20005_cRA_V2_V5_independent_rms_s15.npz,76547,aa46b64cc032cd101508c5ddf84995a6a6cda0aa1b53ffb948d98a20a3ab8f5a
tcn,electrode,202,bandpass_n20005_cRA_V2_V5_independent_rms_s10,phase2/results/predictions/full/electrode/tcn/seed_202/bandpass_n20005_cRA_V2_V5_independent_rms_s10.npz,76511,7b406e39fe3939da1b5244bff7cdc428e80bbcc791719f55a9b5bcebc3ad8923
tcn,electrode,202,bandpass_n20005_cRA_V2_V5_independent_rms_s5,phase2/results/predictions/full/electrode/tcn/seed_202/bandpass_n20005_cRA_V2_V5_independent_rms_s5.npz,76440,023937c9c40adf84ed64a12bfa45fb0053e5e21ed920bf0535626f5a7cefa39c
tcn,electrode,202,bandpass_n20005_cRA_V2_V5_independent_rms_s0,phase2/results/predictions/full/electrode/tcn/seed_202/bandpass_n20005_cRA_V2_V5_independent_rms_s0.npz,76247,36b97ffb06628cb14c09b3d99c3da3e38bd129807fd2a9bad671d39846529787
tcn,electrode,202,bandpass_n20005_cRA_V2_V5_electrode_s20,phase2/results/predictions/full/electrode/tcn/seed_202/bandpass_n20005_cRA_V2_V5_electrode_s20.npz,76520,ca209b492be638a062d717ef2385b3fcf7a4d275b74304a465f6102822773c69
tcn,electrode,202,bandpass_n20005_cRA_V2_V5_electrode_s15,phase2/results/predictions/full/electrode/tcn/seed_202/bandpass_n20005_cRA_V2_V5_electrode_s15.npz,76507,8f0315dda70781ea9cc53aa3844337e2654f37b9f77f876af65c91ef5a37350b
tcn,electrode,202,bandpass_n20005_cRA_V2_V5_electrode_s10,phase2/results/predictions/full/electrode/tcn/seed_202/bandpass_n20005_cRA_V2_V5_electrode_s10.npz,76515,6f2f49bedf5a926419ea332401fc37ac5a4504dbed706207b755d4b8dbc98ab1
tcn,electrode,202,bandpass_n20005_cRA_V2_V5_electrode_s5,phase2/results/predictions/full/electrode/tcn/seed_202/bandpass_n20005_cRA_V2_V5_electrode_s5.npz,76404,65a1349ac6e495ecf422b3775e74c707025bd9b54a8d1029ecbbfa6cf3b023c9
tcn,electrode,202,bandpass_n20005_cRA_V2_V5_electrode_s0,phase2/results/predictions/full/electrode/tcn/seed_202/bandpass_n20005_cRA_V2_V5_electrode_s0.npz,76142,fd4310d60f5b3c69f82e7d67fcb103a4eead71757b227433d05971a3fb74776d
tcn,electrode,202,bandpass_n20005_cRA_V2_V5_covariance_s20,phase2/results/predictions/full/electrode/tcn/seed_202/bandpass_n20005_cRA_V2_V5_covariance_s20.npz,76529,84c3dcf99a424f275788557d7451b22c010f27f97426c755c1dab1fc00ce3245
tcn,electrode,202,bandpass_n20005_cRA_V2_V5_covariance_s15,phase2/results/predictions/full/electrode/tcn/seed_202/bandpass_n20005_cRA_V2_V5_covariance_s15.npz,76501,bf214bc8e469c5d724f29ea2d60444e96e11a0f0463402a3ded559cc24f80a98
tcn,electrode,202,bandpass_n20005_cRA_V2_V5_covariance_s10,phase2/results/predictions/full/electrode/tcn/seed_202/bandpass_n20005_cRA_V2_V5_covariance_s10.npz,76489,e45735018a69384da3841c027c0a8cb67144f8470e06aefda461d3e0f32a5c83
tcn,electrode,202,bandpass_n20005_cRA_V2_V5_covariance_s5,phase2/results/predictions/full/electrode/tcn/seed_202/bandpass_n20005_cRA_V2_V5_covariance_s5.npz,76404,741ed32cd6311769744be65adfe4caa9c788f845e58c3e110190c540af1ef46f
tcn,electrode,202,bandpass_n20005_cRA_V2_V5_covariance_s0,phase2/results/predictions/full/electrode/tcn/seed_202/bandpass_n20005_cRA_V2_V5_covariance_s0.npz,76127,1a2e0046a16c60bb991a30f9573be1a015e592392468e62955d59032fcf1aff3
tcn,electrode,202,bandpass_n20005_cLA_V3_V6_independent_rms_s20,phase2/results/predictions/full/electrode/tcn/seed_202/bandpass_n20005_cLA_V3_V6_independent_rms_s20.npz,76545,7360566f1d12d37e508ee24a2e1103d4a60cfba593ef80697b99adcb37ed6b49
tcn,electrode,202,bandpass_n20005_cLA_V3_V6_independent_rms_s15,phase2/results/predictions/full/electrode/tcn/seed_202/bandpass_n20005_cLA_V3_V6_independent_rms_s15.npz,76539,d3698913ebaff582ce8acdf88b662dc16c30310f684d94ba8ff93759ef0c4658
tcn,electrode,202,bandpass_n20005_cLA_V3_V6_independent_rms_s10,phase2/results/predictions/full/electrode/tcn/seed_202/bandpass_n20005_cLA_V3_V6_independent_rms_s10.npz,76511,5806eb4c820c774a4bc5fbe5f988dca15690311401db94e8ad81bee0ac99791d
tcn,electrode,202,bandpass_n20005_cLA_V3_V6_independent_rms_s5,phase2/results/predictions/full/electrode/tcn/seed_202/bandpass_n20005_cLA_V3_V6_independent_rms_s5.npz,76487,c1ef7bbc6b374720d5037c9adb26a9309d86630e7f8f03f3d934b00b38581ee3
tcn,electrode,202,bandpass_n20005_cLA_V3_V6_independent_rms_s0,phase2/results/predictions/full/electrode/tcn/seed_202/bandpass_n20005_cLA_V3_V6_independent_rms_s0.npz,76301,4649be076b51a9a167b823a1142c1534f6ed99e728c1590cc4b2ad6c026dea01
tcn,electrode,202,bandpass_n20005_cLA_V3_V6_electrode_s20,phase2/results/predictions/full/electrode/tcn/seed_202/bandpass_n20005_cLA_V3_V6_electrode_s20.npz,76531,a53beb2533f4098f7698776ad8e2b6930fd70330656e6d87c59ec967f69fdc8a
tcn,electrode,202,bandpass_n20005_cLA_V3_V6_electrode_s15,phase2/results/predictions/full/electrode/tcn/seed_202/bandpass_n20005_cLA_V3_V6_electrode_s15.npz,76525,c6ae0b1f9f2cfa232dcb186e38c09f72e02c59f9e800f08eaa0a26584c2460ee
tcn,electrode,202,bandpass_n20005_cLA_V3_V6_electrode_s10,phase2/results/predictions/full/electrode/tcn/seed_202/bandpass_n20005_cLA_V3_V6_electrode_s10.npz,76516,50e38f0010165f38750ab7b46052e0025847f39e1fb085d261bf4404e0217d25
tcn,electrode,202,bandpass_n20005_cLA_V3_V6_electrode_s5,phase2/results/predictions/full/electrode/tcn/seed_202/bandpass_n20005_cLA_V3_V6_electrode_s5.npz,76416,c88f99d8555729df92ab26deb4717fbb9182309760934f72b69206e4b1312578
tcn,electrode,202,bandpass_n20005_cLA_V3_V6_electrode_s0,phase2/results/predictions/full/electrode/tcn/seed_202/bandpass_n20005_cLA_V3_V6_electrode_s0.npz,76058,e53d9273d360efcdcd337bc8ff31b792dbc9d93fe047bd924731e792a8271db7
tcn,electrode,202,bandpass_n20005_cLA_V3_V6_covariance_s20,phase2/results/predictions/full/electrode/tcn/seed_202/bandpass_n20005_cLA_V3_V6_covariance_s20.npz,76502,81bcd06fc00a9840a7c015c766da5e4397d4a7911c412c37c36f68b790a84730
tcn,electrode,202,bandpass_n20005_cLA_V3_V6_covariance_s15,phase2/results/predictions/full/electrode/tcn/seed_202/bandpass_n20005_cLA_V3_V6_covariance_s15.npz,76511,2f2066acccccc87a3e1f5dcb8802551d3fbe0b42cee9c507d1b518da8b4e1eff
tcn,electrode,202,bandpass_n20005_cLA_V3_V6_covariance_s10,phase2/results/predictions/full/electrode/tcn/seed_202/bandpass_n20005_cLA_V3_V6_covariance_s10.npz,76519,d7c39685c4b55d19e4c1ad82f463883c7207930a8fee2e380cd82da2a39588da
tcn,electrode,202,bandpass_n20005_cLA_V3_V6_covariance_s5,phase2/results/predictions/full/electrode/tcn/seed_202/bandpass_n20005_cLA_V3_V6_covariance_s5.npz,76412,c6974013500bb26e9e2baedb60907ccc14c121b875f1b604e74190d7bbb1e428
tcn,electrode,202,bandpass_n20005_cLA_V3_V6_covariance_s0,phase2/results/predictions/full/electrode/tcn/seed_202/bandpass_n20005_cLA_V3_V6_covariance_s0.npz,76082,3f15983d22630f2f5e5115e7a18e987c76b17bd5c027430a6f5bb63d5be85e11
tcn,electrode,202,bandpass_n20005_cLL_V1_V4_independent_rms_s20,phase2/results/predictions/full/electrode/tcn/seed_202/bandpass_n20005_cLL_V1_V4_independent_rms_s20.npz,76534,9415fab9eb8fb67a0995dd15501d4a2825387065c39333ed426c3664cdc0f1eb
tcn,electrode,202,bandpass_n20005_cLL_V1_V4_independent_rms_s15,phase2/results/predictions/full/electrode/tcn/seed_202/bandpass_n20005_cLL_V1_V4_independent_rms_s15.npz,76528,994b4e90fe86005a158eb6476da686c083c43505618e79735609bd1c0803de36
tcn,electrode,202,bandpass_n20005_cLL_V1_V4_independent_rms_s10,phase2/results/predictions/full/electrode/tcn/seed_202/bandpass_n20005_cLL_V1_V4_independent_rms_s10.npz,76524,d853fc4ac776b506993df1beb97702016207458d6d4253a23028c1837748c056
tcn,electrode,202,bandpass_n20005_cLL_V1_V4_independent_rms_s5,phase2/results/predictions/full/electrode/tcn/seed_202/bandpass_n20005_cLL_V1_V4_independent_rms_s5.npz,76417,76a2a3610ec5027dfeb0c1a84452d527a2b8c031f506a535f3d241176c372c0e
tcn,electrode,202,bandpass_n20005_cLL_V1_V4_independent_rms_s0,phase2/results/predictions/full/electrode/tcn/seed_202/bandpass_n20005_cLL_V1_V4_independent_rms_s0.npz,76177,65e46728901d1b51f2af1c86e5302aca10e13e4724a9b4b3316981f0a2305b05
tcn,electrode,202,bandpass_n20005_cLL_V1_V4_electrode_s20,phase2/results/predictions/full/electrode/tcn/seed_202/bandpass_n20005_cLL_V1_V4_electrode_s20.npz,76516,66fa2250397c74302c5bed23a5bb772fc5f1b110ef5381e0088593cc17c1dd72
tcn,electrode,202,bandpass_n20005_cLL_V1_V4_electrode_s15,phase2/results/predictions/full/electrode/tcn/seed_202/bandpass_n20005_cLL_V1_V4_electrode_s15.npz,76496,c9d46b3dd6aebd0524e0734e8e468610c375d4d1b84f1c6e48e5fd79e8a71ffe
tcn,electrode,202,bandpass_n20005_cLL_V1_V4_electrode_s10,phase2/results/predictions/full/electrode/tcn/seed_202/bandpass_n20005_cLL_V1_V4_electrode_s10.npz,76522,e64f9b51abd2812881b5a05488593e1133ee49809313cb685e4d186b19e84120
tcn,electrode,202,bandpass_n20005_cLL_V1_V4_electrode_s5,phase2/results/predictions/full/electrode/tcn/seed_202/bandpass_n20005_cLL_V1_V4_electrode_s5.npz,76352,5216759b75dfbfda70aacd1de97dea1de6ac6f55fde56b07093132f23f9aaa63
tcn,electrode,202,bandpass_n20005_cLL_V1_V4_electrode_s0,phase2/results/predictions/full/electrode/tcn/seed_202/bandpass_n20005_cLL_V1_V4_electrode_s0.npz,75982,d2ccc173d849edcbfb3d96ec9405b4eef88547778548639869d0edc4c49a2059
tcn,electrode,202,bandpass_n20005_cLL_V1_V4_covariance_s20,phase2/results/predictions/full/electrode/tcn/seed_202/bandpass_n20005_cLL_V1_V4_covariance_s20.npz,76541,39286de6400d268d94c2e1ecb263e99178f2cbc05769e0925fa37633fa980850
tcn,electrode,202,bandpass_n20005_cLL_V1_V4_covariance_s15,phase2/results/predictions/full/electrode/tcn/seed_202/bandpass_n20005_cLL_V1_V4_covariance_s15.npz,76515,32d73ae2c885bb27fbf36e0cb2f2494763af31b95276bfbcbeb45421526e30b3
tcn,electrode,202,bandpass_n20005_cLL_V1_V4_covariance_s10,phase2/results/predictions/full/electrode/tcn/seed_202/bandpass_n20005_cLL_V1_V4_covariance_s10.npz,76524,77c8a286de87faacac86a875d3ee9e5c7b13dea8d13856e0cb22f18fa47ba15e
tcn,electrode,202,bandpass_n20005_cLL_V1_V4_covariance_s5,phase2/results/predictions/full/electrode/tcn/seed_202/bandpass_n20005_cLL_V1_V4_covariance_s5.npz,76353,1e426c3edec1a5db32f4b3de70925f181d64da2a1244b3cf4544aac256e6879d
tcn,electrode,202,bandpass_n20005_cLL_V1_V4_covariance_s0,phase2/results/predictions/full/electrode/tcn/seed_202/bandpass_n20005_cLL_V1_V4_covariance_s0.npz,75997,887e87aba8a1a3b9fe85887c9666acbc0547e2fb66328b7a7a8a7162e88ae70b
tcn,electrode,202,bandpass_n20005_call_independent_rms_s20,phase2/results/predictions/full/electrode/tcn/seed_202/bandpass_n20005_call_independent_rms_s20.npz,76483,0e234a57796ba106a1598c1cfa52a29d815c9420983161bcff0c756fe685ecaa
tcn,electrode,202,bandpass_n20005_call_independent_rms_s15,phase2/results/predictions/full/electrode/tcn/seed_202/bandpass_n20005_call_independent_rms_s15.npz,76518,f06f37b5fb195522d503dc4aac5cff131ff1ba65f19539dcc6c1f1ed95a68c44
tcn,electrode,202,bandpass_n20005_call_independent_rms_s10,phase2/results/predictions/full/electrode/tcn/seed_202/bandpass_n20005_call_independent_rms_s10.npz,76483,dd3a487ab75da37e49a91151c241c2dd345f96aae235eb14f59e512cccb2f7b7
tcn,electrode,202,bandpass_n20005_call_independent_rms_s5,phase2/results/predictions/full/electrode/tcn/seed_202/bandpass_n20005_call_independent_rms_s5.npz,76433,5cce63c0d0660d88a9bd5d7eb06ad55fd224be45a6a84680dd2f7abf3a0237d5
tcn,electrode,202,bandpass_n20005_call_independent_rms_s0,phase2/results/predictions/full/electrode/tcn/seed_202/bandpass_n20005_call_independent_rms_s0.npz,76196,f037d3aa1388abd7d3dff368cd1b12824c29400909ff8d3d9986937799ce0223
tcn,electrode,202,bandpass_n20005_call_electrode_s20,phase2/results/predictions/full/electrode/tcn/seed_202/bandpass_n20005_call_electrode_s20.npz,76460,0911caed8ad06b321f2b61d7daea2f3beaaded2314d6bb0fe172aa533933e8ba
tcn,electrode,202,bandpass_n20005_call_electrode_s15,phase2/results/predictions/full/electrode/tcn/seed_202/bandpass_n20005_call_electrode_s15.npz,76504,0348e2576d73f59d66096ef0048656faa27ae1da0fc95491e77b2c75f24f8e86
tcn,electrode,202,bandpass_n20005_call_electrode_s10,phase2/results/predictions/full/electrode/tcn/seed_202/bandpass_n20005_call_electrode_s10.npz,76492,21c55b6be462fa36c7c2b08d4b6aa5eb37f9cdb95cf5fae444b9870ab7ef4c26
tcn,electrode,202,bandpass_n20005_call_electrode_s5,phase2/results/predictions/full/electrode/tcn/seed_202/bandpass_n20005_call_electrode_s5.npz,76354,df34a68d58c0dea109d4dda9dce6e152d6bed296817a5bfb4bfe13d532212216
tcn,electrode,202,bandpass_n20005_call_electrode_s0,phase2/results/predictions/full/electrode/tcn/seed_202/bandpass_n20005_call_electrode_s0.npz,76026,d1970b58b15ab74956a5fe068af3ef0abfbb039ed3af3f14b07067fc7c202e2f
tcn,electrode,202,bandpass_n20005_call_covariance_s20,phase2/results/predictions/full/electrode/tcn/seed_202/bandpass_n20005_call_covariance_s20.npz,76482,eda23b8f82cb4752ffbd71eec240e741d2f89bb4b8fcbf11262447710d159172
tcn,electrode,202,bandpass_n20005_call_covariance_s15,phase2/results/predictions/full/electrode/tcn/seed_202/bandpass_n20005_call_covariance_s15.npz,76516,0740698bcff75b7a772824d94fddacebc6d6343331715c03ab82eb6ced86a4fe
tcn,electrode,202,bandpass_n20005_call_covariance_s10,phase2/results/predictions/full/electrode/tcn/seed_202/bandpass_n20005_call_covariance_s10.npz,76482,7e5bb903d879fcdf7c1b77c86bb851da51fb0af93269cdc3a530f6c5775af7fa
tcn,electrode,202,bandpass_n20005_call_covariance_s5,phase2/results/predictions/full/electrode/tcn/seed_202/bandpass_n20005_call_covariance_s5.npz,76354,37786d3211fd3f7c3f6c58d4556f1bf71d9bf609d68943130149f4fd36c6cf82
tcn,electrode,202,bandpass_n20005_call_covariance_s0,phase2/results/predictions/full/electrode/tcn/seed_202/bandpass_n20005_call_covariance_s0.npz,76055,dd10d8f4b74e2c834f4af7d01718cfa30dce687da6a13c6779c2c65ac1cc53f2
tcn,electrode,202,bw_n20001_call_independent_rms_s20,phase2/results/predictions/full/electrode/tcn/seed_202/bw_n20001_call_independent_rms_s20.npz,76494,212a1dd876df384b56a85d2a2ab66a3e8f800fd0a3e58a28843cdfab77b866d2
tcn,electrode,202,bw_n20001_call_independent_rms_s10,phase2/results/predictions/full/electrode/tcn/seed_202/bw_n20001_call_independent_rms_s10.npz,76478,c8f467273806ea6131d073c70a79e631a7b4d2005f89a1fe7a65127d2a0e6c75
tcn,electrode,202,bw_n20001_call_independent_rms_s0,phase2/results/predictions/full/electrode/tcn/seed_202/bw_n20001_call_independent_rms_s0.npz,76341,15c1e4439392ede5e4d8ea5cf34ef13cf36f2e8d7da8dd93132c57c61350c957
tcn,electrode,202,bw_n20001_call_electrode_s20,phase2/results/predictions/full/electrode/tcn/seed_202/bw_n20001_call_electrode_s20.npz,76449,d7826c01ea941312dd30b664dc108506eea0e647ee87fbdf9c7542045d981bcc
tcn,electrode,202,bw_n20001_call_electrode_s10,phase2/results/predictions/full/electrode/tcn/seed_202/bw_n20001_call_electrode_s10.npz,76471,b42b51cd046dd3664ef7383f6c3e59b6661cc8528d8a0128923b191371f7fa74
tcn,electrode,202,bw_n20001_call_electrode_s0,phase2/results/predictions/full/electrode/tcn/seed_202/bw_n20001_call_electrode_s0.npz,76306,3a6b4e654e26b492919562209096b135fbbc4524726f1d9b66e417c671f3bdcc
tcn,electrode,202,bw_n20001_call_covariance_s20,phase2/results/predictions/full/electrode/tcn/seed_202/bw_n20001_call_covariance_s20.npz,76461,abfebdb359d4b41c56c63a2ffa98644b0de82a13942c1b55b43222f63b3e93f2
tcn,electrode,202,bw_n20001_call_covariance_s10,phase2/results/predictions/full/electrode/tcn/seed_202/bw_n20001_call_covariance_s10.npz,76463,7f90ec497e7706e9b927ff459dacae2d5b326df1cee9cba95edbbf920bd51f28
tcn,electrode,202,bw_n20001_call_covariance_s0,phase2/results/predictions/full/electrode/tcn/seed_202/bw_n20001_call_covariance_s0.npz,76297,1f79fdbfec3896b3cefeb97926a73153b480a7aa76682962d791af47c204c9fc
tcn,electrode,202,bw_n20002_call_independent_rms_s20,phase2/results/predictions/full/electrode/tcn/seed_202/bw_n20002_call_independent_rms_s20.npz,76484,ca97ca3f42bcb26076fbd12af7512b8bcd7476f67702dcb86e4ea267126bbc79
tcn,electrode,202,bw_n20002_call_independent_rms_s10,phase2/results/predictions/full/electrode/tcn/seed_202/bw_n20002_call_independent_rms_s10.npz,76468,2c0ddd03606ddd35ffc426ff1982b89004566b0186f662b05a109411927c9ebe
tcn,electrode,202,bw_n20002_call_independent_rms_s0,phase2/results/predictions/full/electrode/tcn/seed_202/bw_n20002_call_independent_rms_s0.npz,76341,d2a26711a296783eea6a488ca742c094b026508d0f7df743027a81cb0438ee16
tcn,electrode,202,bw_n20002_call_electrode_s20,phase2/results/predictions/full/electrode/tcn/seed_202/bw_n20002_call_electrode_s20.npz,76456,54bf76db3e074f892a0fdc9210e839cd6f4f5771c56bd9735a4493529c116b9a
tcn,electrode,202,bw_n20002_call_electrode_s10,phase2/results/predictions/full/electrode/tcn/seed_202/bw_n20002_call_electrode_s10.npz,76469,4c2837df3d78a7c4d122a387a88fa7c85bffa93d9005ec2e932c2296e12227de
tcn,electrode,202,bw_n20002_call_electrode_s0,phase2/results/predictions/full/electrode/tcn/seed_202/bw_n20002_call_electrode_s0.npz,76289,26e1d2403568a92eda68155d1d516ca5e4c9ed8c123efa693c3eaa2e295cf004
tcn,electrode,202,bw_n20002_call_covariance_s20,phase2/results/predictions/full/electrode/tcn/seed_202/bw_n20002_call_covariance_s20.npz,76459,9be73dfea81ff390f6f086c32e2b383d7e61ccaf20bfa8dae4e9c61f1c45b94a
tcn,electrode,202,bw_n20002_call_covariance_s10,phase2/results/predictions/full/electrode/tcn/seed_202/bw_n20002_call_covariance_s10.npz,76451,26bb2ecdf76b3e028af2e388c9433ee200f201ee88200c95b51497f0ab564e03
tcn,electrode,202,bw_n20002_call_covariance_s0,phase2/results/predictions/full/electrode/tcn/seed_202/bw_n20002_call_covariance_s0.npz,76295,c7c2c4fe17d3b09fdf8da5f566e87ef43af6779562515f1a2cbec803339342ed
tcn,electrode,202,bw_n20003_call_independent_rms_s20,phase2/results/predictions/full/electrode/tcn/seed_202/bw_n20003_call_independent_rms_s20.npz,76483,5c33c3a6be58b1960af3f1a60a4fbb407b6f799e5c6cfeeab6dce49484f70920
tcn,electrode,202,bw_n20003_call_independent_rms_s10,phase2/results/predictions/full/electrode/tcn/seed_202/bw_n20003_call_independent_rms_s10.npz,76490,12612af1189983f5e7072318849354aa9eaab55c21711061aa9c9bf27b7824a0
tcn,electrode,202,bw_n20003_call_independent_rms_s0,phase2/results/predictions/full/electrode/tcn/seed_202/bw_n20003_call_independent_rms_s0.npz,76347,a5e27c51c502cb44bec8e8c20b79c4a5c6c564f573d080d992f9ed06de4860d0
tcn,electrode,202,bw_n20003_call_electrode_s20,phase2/results/predictions/full/electrode/tcn/seed_202/bw_n20003_call_electrode_s20.npz,76464,13831607118cb79828146b07d65ff575b92c5b9f40684f88adb19ccf80fae960
tcn,electrode,202,bw_n20003_call_electrode_s10,phase2/results/predictions/full/electrode/tcn/seed_202/bw_n20003_call_electrode_s10.npz,76456,200a0a5bccbaea486fbdfc99eae36675b905301a12854e5aa552288d58b03ed0
tcn,electrode,202,bw_n20003_call_electrode_s0,phase2/results/predictions/full/electrode/tcn/seed_202/bw_n20003_call_electrode_s0.npz,76283,1de55cff1bc4372a1769348e3c7b560f4c727ce1f992d12a5ae3b12490254147
tcn,electrode,202,bw_n20003_call_covariance_s20,phase2/results/predictions/full/electrode/tcn/seed_202/bw_n20003_call_covariance_s20.npz,76454,a72d717dea168443e4b2195c1796b6de7b60f8d33ca474477b8d004ddaf84975
tcn,electrode,202,bw_n20003_call_covariance_s10,phase2/results/predictions/full/electrode/tcn/seed_202/bw_n20003_call_covariance_s10.npz,76464,e252f8c75596d02aea722b23c06881577e5d33388fe8a053db62ad32f6171d2c
tcn,electrode,202,bw_n20003_call_covariance_s0,phase2/results/predictions/full/electrode/tcn/seed_202/bw_n20003_call_covariance_s0.npz,76321,64733314bfe6ecec8732b679e9284ed31502daaca07cfb63d0b8a99995ca4513
tcn,electrode,202,bw_n20004_call_independent_rms_s20,phase2/results/predictions/full/electrode/tcn/seed_202/bw_n20004_call_independent_rms_s20.npz,76482,618e3558aec9506bc5cd3cd515ad197a28cda28a8a3681a3e86db9f0f1dad4c5
tcn,electrode,202,bw_n20004_call_independent_rms_s10,phase2/results/predictions/full/electrode/tcn/seed_202/bw_n20004_call_independent_rms_s10.npz,76514,4b6d50e726570e06376a28628835c8aa084fc6bf98bf518a3a19d5fd1a87787d
tcn,electrode,202,bw_n20004_call_independent_rms_s0,phase2/results/predictions/full/electrode/tcn/seed_202/bw_n20004_call_independent_rms_s0.npz,76313,37b0420c09ac4e37bbbe2d846cd3c1c152aa0636cd4fc1afc16a807483f9c89d
tcn,electrode,202,bw_n20004_call_electrode_s20,phase2/results/predictions/full/electrode/tcn/seed_202/bw_n20004_call_electrode_s20.npz,76454,2ac6fdad92c3294755a68a4370aeadc5fda923ef6ee305cf78ce67086990e95e
tcn,electrode,202,bw_n20004_call_electrode_s10,phase2/results/predictions/full/electrode/tcn/seed_202/bw_n20004_call_electrode_s10.npz,76480,d495711a8be5e12483748ec618fbf0b8628c4d2d0ca74b870528d6897d68dad6
tcn,electrode,202,bw_n20004_call_electrode_s0,phase2/results/predictions/full/electrode/tcn/seed_202/bw_n20004_call_electrode_s0.npz,76345,a86379251fc4bb90e11761f382fb08891f4e80d38fd18b0d4616dd799d68896d
tcn,electrode,202,bw_n20004_call_covariance_s20,phase2/results/predictions/full/electrode/tcn/seed_202/bw_n20004_call_covariance_s20.npz,76480,78892a567d27b89a88807a2abd01bfc4eac17e7170cede383082dfbb6934a666
tcn,electrode,202,bw_n20004_call_covariance_s10,phase2/results/predictions/full/electrode/tcn/seed_202/bw_n20004_call_covariance_s10.npz,76478,3b25d2821607af9d3656218f01039a97363ed8a337766c13cd95af928fa0ef37
tcn,electrode,202,bw_n20004_call_covariance_s0,phase2/results/predictions/full/electrode/tcn/seed_202/bw_n20004_call_covariance_s0.npz,76338,364c59e60ef0ec8ed62573bf1e9b988859604b02005f93bb141ed09782ff8be4
tcn,electrode,202,bw_n20005_call_independent_rms_s20,phase2/results/predictions/full/electrode/tcn/seed_202/bw_n20005_call_independent_rms_s20.npz,76481,8f7dafc2e1cb4071dc751c4aa0dbfb018dac2baf9214052e1226bb7120493015
tcn,electrode,202,bw_n20005_call_independent_rms_s10,phase2/results/predictions/full/electrode/tcn/seed_202/bw_n20005_call_independent_rms_s10.npz,76454,6a3eff78280908fd6202aaa898fe3841a74099c33e76707f57f08f5078e67cf2
tcn,electrode,202,bw_n20005_call_independent_rms_s0,phase2/results/predictions/full/electrode/tcn/seed_202/bw_n20005_call_independent_rms_s0.npz,76304,55a43d452ff9fdf0a5f5b3abe968472d4da4264d63f572732da7492d73ea3764
tcn,electrode,202,bw_n20005_call_electrode_s20,phase2/results/predictions/full/electrode/tcn/seed_202/bw_n20005_call_electrode_s20.npz,76468,e514be83f46b55eeb9aef7ce29c990da09307e31efe857b5b6494a79127e4e7c
tcn,electrode,202,bw_n20005_call_electrode_s10,phase2/results/predictions/full/electrode/tcn/seed_202/bw_n20005_call_electrode_s10.npz,76474,087961d0aac097c1fb60626cfa6ceb4319ccf0626782c2b0d0aef4a9a2eba6ba
tcn,electrode,202,bw_n20005_call_electrode_s0,phase2/results/predictions/full/electrode/tcn/seed_202/bw_n20005_call_electrode_s0.npz,76272,a0effb0cbf57d322308d5952528b748469b2db4d61b6bf395f94f2f241e7d91d
tcn,electrode,202,bw_n20005_call_covariance_s20,phase2/results/predictions/full/electrode/tcn/seed_202/bw_n20005_call_covariance_s20.npz,76467,8dfb7dbd5139c4d720cfaab0f0d447ede61dea1ac507c0a4caa18ce4a0e4e76b
tcn,electrode,202,bw_n20005_call_covariance_s10,phase2/results/predictions/full/electrode/tcn/seed_202/bw_n20005_call_covariance_s10.npz,76455,83a7e0c3293af276bd5cbdb67a257cdd6114a1d1fc2235c7fab1bf15b98877db
tcn,electrode,202,bw_n20005_call_covariance_s0,phase2/results/predictions/full/electrode/tcn/seed_202/bw_n20005_call_covariance_s0.npz,76290,fb59fdf0ff48d29db4bda8be711b69d25f10f14c7ae74bc6c5b3135fda5576c0
tcn,electrode,202,ma_n20001_call_independent_rms_s20,phase2/results/predictions/full/electrode/tcn/seed_202/ma_n20001_call_independent_rms_s20.npz,76463,edbc9f875dbfe2f1ccf2a89d0fcd33456a36f6742f74b14d64ba3ae981ece5f0
tcn,electrode,202,ma_n20001_call_independent_rms_s10,phase2/results/predictions/full/electrode/tcn/seed_202/ma_n20001_call_independent_rms_s10.npz,76501,68b5dbd5e947f07e24cb841612ab39b6787266aad0fe190022a571e8bb30404b
tcn,electrode,202,ma_n20001_call_independent_rms_s0,phase2/results/predictions/full/electrode/tcn/seed_202/ma_n20001_call_independent_rms_s0.npz,76304,b90d3a298aa88986cb47a9ab9359454a3cc16556d725a095a1a5e72abc380765
tcn,electrode,202,ma_n20001_call_electrode_s20,phase2/results/predictions/full/electrode/tcn/seed_202/ma_n20001_call_electrode_s20.npz,76482,89b7f3e5a9a7c9a65023be625cd27dcb887fb3dc81d6590ceb0faedc48af7508
tcn,electrode,202,ma_n20001_call_electrode_s10,phase2/results/predictions/full/electrode/tcn/seed_202/ma_n20001_call_electrode_s10.npz,76456,27fd1d04b3af0ab1324063528b366198c5a7e8dd587a6ed7e9093a034767e288
tcn,electrode,202,ma_n20001_call_electrode_s0,phase2/results/predictions/full/electrode/tcn/seed_202/ma_n20001_call_electrode_s0.npz,76267,951b7ea4821bef515ce4f397b9ea616059da83276f908b4f0763a96a53fd6ecf
tcn,electrode,202,ma_n20001_call_covariance_s20,phase2/results/predictions/full/electrode/tcn/seed_202/ma_n20001_call_covariance_s20.npz,76441,817507bec91925ff94817273ab1485cda2c07b4195c8243fdd993650cde1d7ba
tcn,electrode,202,ma_n20001_call_covariance_s10,phase2/results/predictions/full/electrode/tcn/seed_202/ma_n20001_call_covariance_s10.npz,76487,1e8a611abc2ab7984893ccfd836586ff4ae4fd451afe5e7da01db485c2ec2a2d
tcn,electrode,202,ma_n20001_call_covariance_s0,phase2/results/predictions/full/electrode/tcn/seed_202/ma_n20001_call_covariance_s0.npz,76271,5aac9f9554c3878f1aad91204fb4bdbbe7966c7a7e23b2a1683aa37fa6bacf5b
tcn,electrode,202,ma_n20002_call_independent_rms_s20,phase2/results/predictions/full/electrode/tcn/seed_202/ma_n20002_call_independent_rms_s20.npz,76445,67d8e4edc9c9950067d16c42c87410f8d889983a93f8c6cdf6b037e8494e4192
tcn,electrode,202,ma_n20002_call_independent_rms_s10,phase2/results/predictions/full/electrode/tcn/seed_202/ma_n20002_call_independent_rms_s10.npz,76518,36c574da8f4e06058f485751fbd1897ddbe6c61016c34d7c92d6f4287361e5b4
tcn,electrode,202,ma_n20002_call_independent_rms_s0,phase2/results/predictions/full/electrode/tcn/seed_202/ma_n20002_call_independent_rms_s0.npz,76327,f2e071e5f11238493b3db83456575d030914daf72304b58c4155b7a880860358
tcn,electrode,202,ma_n20002_call_electrode_s20,phase2/results/predictions/full/electrode/tcn/seed_202/ma_n20002_call_electrode_s20.npz,76420,b645250b9682d2b31c5f12e53059b2df44da852bdad927479fe1f989f86e6cbf
tcn,electrode,202,ma_n20002_call_electrode_s10,phase2/results/predictions/full/electrode/tcn/seed_202/ma_n20002_call_electrode_s10.npz,76452,0c25fb27e6ca671bbe2a59af328e5c7c8dbb5b894f2f587c946ba0691565c38a
tcn,electrode,202,ma_n20002_call_electrode_s0,phase2/results/predictions/full/electrode/tcn/seed_202/ma_n20002_call_electrode_s0.npz,76247,1ac35e1fa7de2a43bbd61d9988bd137f6e8b8afe4a1d4542f5e6f56825df41ce
tcn,electrode,202,ma_n20002_call_covariance_s20,phase2/results/predictions/full/electrode/tcn/seed_202/ma_n20002_call_covariance_s20.npz,76480,458b972d68b926ba1e2b36135d1a01503489174b61b6d2f973b079dfab5a79b6
tcn,electrode,202,ma_n20002_call_covariance_s10,phase2/results/predictions/full/electrode/tcn/seed_202/ma_n20002_call_covariance_s10.npz,76466,c6a062b9b06d310c57f63db4ad5478f97c93523462d054367649464abcc78ef3
tcn,electrode,202,ma_n20002_call_covariance_s0,phase2/results/predictions/full/electrode/tcn/seed_202/ma_n20002_call_covariance_s0.npz,76300,4f67bdf1bcddc4c7c314f3d88f76154f08e72ec5ead8fdff556ec799f9479c67
tcn,electrode,202,ma_n20003_call_independent_rms_s20,phase2/results/predictions/full/electrode/tcn/seed_202/ma_n20003_call_independent_rms_s20.npz,76496,309c1a47aacd68c244c94947d6f73adcda04a9ef8e078f89b047227212f34949
tcn,electrode,202,ma_n20003_call_independent_rms_s10,phase2/results/predictions/full/electrode/tcn/seed_202/ma_n20003_call_independent_rms_s10.npz,76514,f110afdb59f18e82fa860548124ea520de0092982992dd8b04688171ffc6bbdd
tcn,electrode,202,ma_n20003_call_independent_rms_s0,phase2/results/predictions/full/electrode/tcn/seed_202/ma_n20003_call_independent_rms_s0.npz,76319,adad0571d7a43cf7bb121f9ea71f4b97de27347e8e4efb08cd7e7c5748226d98
tcn,electrode,202,ma_n20003_call_electrode_s20,phase2/results/predictions/full/electrode/tcn/seed_202/ma_n20003_call_electrode_s20.npz,76459,79fcb22adf80c98bda237e61bd76eadb729039f267abe825ca5124fe2d9dcaeb
tcn,electrode,202,ma_n20003_call_electrode_s10,phase2/results/predictions/full/electrode/tcn/seed_202/ma_n20003_call_electrode_s10.npz,76429,a25d5d3c52d99372a67a59672074c401f4ed5a75a76381b8220e0606f03cd840
tcn,electrode,202,ma_n20003_call_electrode_s0,phase2/results/predictions/full/electrode/tcn/seed_202/ma_n20003_call_electrode_s0.npz,76281,62a47a74425041ad81efd229a31de2b08efd1e12ab829cff70c937a9124496f0
tcn,electrode,202,ma_n20003_call_covariance_s20,phase2/results/predictions/full/electrode/tcn/seed_202/ma_n20003_call_covariance_s20.npz,76456,2162989496fb73398adc76f7e8aa772c48095da1b2cd0d890485d144a6c28f65
tcn,electrode,202,ma_n20003_call_covariance_s10,phase2/results/predictions/full/electrode/tcn/seed_202/ma_n20003_call_covariance_s10.npz,76429,9878c4366a909fec0ac0fa79b39ab47fed58e6c9a8530c4644084884391150cf
tcn,electrode,202,ma_n20003_call_covariance_s0,phase2/results/predictions/full/electrode/tcn/seed_202/ma_n20003_call_covariance_s0.npz,76281,334d16b67f8e2d94123e61512a81e73ddb18f4b34f96bcc8ac02a589d4f3764f
tcn,electrode,202,ma_n20004_call_independent_rms_s20,phase2/results/predictions/full/electrode/tcn/seed_202/ma_n20004_call_independent_rms_s20.npz,76479,45af21df0ae916fa574109e647e2afd8377766779a1ca27010f1a1c820705c22
tcn,electrode,202,ma_n20004_call_independent_rms_s10,phase2/results/predictions/full/electrode/tcn/seed_202/ma_n20004_call_independent_rms_s10.npz,76471,d3fa04e64cc9cce0757bc1834aa8a8c6d5a535dfe3062edc754c918c4e6b3993
tcn,electrode,202,ma_n20004_call_independent_rms_s0,phase2/results/predictions/full/electrode/tcn/seed_202/ma_n20004_call_independent_rms_s0.npz,76312,cf6cf42468f845357b6a915912dd641dd830be5deff538c3ad93e1181dd3f210
tcn,electrode,202,ma_n20004_call_electrode_s20,phase2/results/predictions/full/electrode/tcn/seed_202/ma_n20004_call_electrode_s20.npz,76453,0e37096fa9d1bed25eee5a6d0ce2c6b8da886fd8addbfb9cb966cf9f92428d81
tcn,electrode,202,ma_n20004_call_electrode_s10,phase2/results/predictions/full/electrode/tcn/seed_202/ma_n20004_call_electrode_s10.npz,76467,1d84d1734c409872bc7c169879e2ff270b40100d46367960662ad8a56daf83f7
tcn,electrode,202,ma_n20004_call_electrode_s0,phase2/results/predictions/full/electrode/tcn/seed_202/ma_n20004_call_electrode_s0.npz,76235,18cdf34940f970b49fbad3c57b723ec572dd912446e467f20a19074af2afa55e
tcn,electrode,202,ma_n20004_call_covariance_s20,phase2/results/predictions/full/electrode/tcn/seed_202/ma_n20004_call_covariance_s20.npz,76479,3efbe74134609ebb6692733da5c941a4176c3596b27e10de863dd5a37b32ebf5
tcn,electrode,202,ma_n20004_call_covariance_s10,phase2/results/predictions/full/electrode/tcn/seed_202/ma_n20004_call_covariance_s10.npz,76465,8b8a98a32e7d2141c0b262ce2ee0fff0fe5419984cc93dc380cd0d7c2af2e3e5
tcn,electrode,202,ma_n20004_call_covariance_s0,phase2/results/predictions/full/electrode/tcn/seed_202/ma_n20004_call_covariance_s0.npz,76256,e897aa11eec17cba7e817d81216b8f0c86af5641b699fd63709dee93f34b058e
tcn,electrode,202,ma_n20005_call_independent_rms_s20,phase2/results/predictions/full/electrode/tcn/seed_202/ma_n20005_call_independent_rms_s20.npz,76504,93dbdaf1e4a175018be9fca3139de2afc23088eca3aee840d224c19e2507e23d
tcn,electrode,202,ma_n20005_call_independent_rms_s10,phase2/results/predictions/full/electrode/tcn/seed_202/ma_n20005_call_independent_rms_s10.npz,76481,7bc6ee9300748cdc2922d52c2c45dd56b32a6982ad0f5463de4a1b7cdbde4ab8
tcn,electrode,202,ma_n20005_call_independent_rms_s0,phase2/results/predictions/full/electrode/tcn/seed_202/ma_n20005_call_independent_rms_s0.npz,76310,a77266b83cb0f9daa207e59cd46b9265160eff3170f6e3bc5fae2e5602c238bf
tcn,electrode,202,ma_n20005_call_electrode_s20,phase2/results/predictions/full/electrode/tcn/seed_202/ma_n20005_call_electrode_s20.npz,76428,4859767db4e5a1e43ab1680ac4e907849026a2afcfd5aff8612f812dca5fcfd5
tcn,electrode,202,ma_n20005_call_electrode_s10,phase2/results/predictions/full/electrode/tcn/seed_202/ma_n20005_call_electrode_s10.npz,76466,dd454fb80d18aab99414bf2af56c4887aa02b36e897366c5d3826b0030b3bba0
tcn,electrode,202,ma_n20005_call_electrode_s0,phase2/results/predictions/full/electrode/tcn/seed_202/ma_n20005_call_electrode_s0.npz,76262,bc9247a3f70da96043e8545643edb8675c4587a9b6dafef389db806bd5924cbd
tcn,electrode,202,ma_n20005_call_covariance_s20,phase2/results/predictions/full/electrode/tcn/seed_202/ma_n20005_call_covariance_s20.npz,76432,89c70d45a6f1dcab51b97fd6fb6429543f177cbbc234c87df7879bea0f5241db
tcn,electrode,202,ma_n20005_call_covariance_s10,phase2/results/predictions/full/electrode/tcn/seed_202/ma_n20005_call_covariance_s10.npz,76478,05399b5c1e9469a1150ecb14224862ab92d9f86eb2c4091a50bc1ec66624120a
tcn,electrode,202,ma_n20005_call_covariance_s0,phase2/results/predictions/full/electrode/tcn/seed_202/ma_n20005_call_covariance_s0.npz,76265,1a77c957ddfd6b98d412b1903e3f598cc78a08e5e51b7d7e47ade1ea7189e424
tcn,electrode,202,em_n20001_call_independent_rms_s20,phase2/results/predictions/full/electrode/tcn/seed_202/em_n20001_call_independent_rms_s20.npz,76480,3873d52e15db299628197f2b773be0b4999429b232328178bd77a8bb56f03a25
tcn,electrode,202,em_n20001_call_independent_rms_s10,phase2/results/predictions/full/electrode/tcn/seed_202/em_n20001_call_independent_rms_s10.npz,76479,dd6bea42ec0ba959ed564631cb0aa9fe0cde5e8dbbf655667429e17142e16de8
tcn,electrode,202,em_n20001_call_independent_rms_s0,phase2/results/predictions/full/electrode/tcn/seed_202/em_n20001_call_independent_rms_s0.npz,76218,311f63ba97057419941d726405a2a9d0553d1009cfde4064a06f88a2d6773cea
tcn,electrode,202,em_n20001_call_electrode_s20,phase2/results/predictions/full/electrode/tcn/seed_202/em_n20001_call_electrode_s20.npz,76455,9a678bfea74888ffd3c6e0a7740cd38f7ae733bc31cb34db4202aafc413955c3
tcn,electrode,202,em_n20001_call_electrode_s10,phase2/results/predictions/full/electrode/tcn/seed_202/em_n20001_call_electrode_s10.npz,76448,ec278c896b8dd713fb7803d64ff3eed44ceb6280bed6dfc04337e5695014e100
tcn,electrode,202,em_n20001_call_electrode_s0,phase2/results/predictions/full/electrode/tcn/seed_202/em_n20001_call_electrode_s0.npz,76079,599d632d655105d892249d28c399838c4960fc3667cc68c09d557bcf1ca981df
tcn,electrode,202,em_n20001_call_covariance_s20,phase2/results/predictions/full/electrode/tcn/seed_202/em_n20001_call_covariance_s20.npz,76462,b69901bb49bb9bc21c878108135d2ce8887983f39ab11bac45e2ec498d4bf82c
tcn,electrode,202,em_n20001_call_covariance_s10,phase2/results/predictions/full/electrode/tcn/seed_202/em_n20001_call_covariance_s10.npz,76419,44c89a39fcfb540256e6208a10e5fd5d78b6292abfd21ce0c58af1c5494281f9
tcn,electrode,202,em_n20001_call_covariance_s0,phase2/results/predictions/full/electrode/tcn/seed_202/em_n20001_call_covariance_s0.npz,76089,13ad0f38f0df1bd5ae4082346b4280bf18823a11f52126a6b1859a2730b9f680
tcn,electrode,202,em_n20002_call_independent_rms_s20,phase2/results/predictions/full/electrode/tcn/seed_202/em_n20002_call_independent_rms_s20.npz,76467,16928b8f40f02225237aa06de4be1b3b53a5ef322da1a5de1872c34f89404f54
tcn,electrode,202,em_n20002_call_independent_rms_s10,phase2/results/predictions/full/electrode/tcn/seed_202/em_n20002_call_independent_rms_s10.npz,76439,65d34048e47a25da0ac8f0c709b89936a06f2171e60352b980e647ee2bdac3dc
tcn,electrode,202,em_n20002_call_independent_rms_s0,phase2/results/predictions/full/electrode/tcn/seed_202/em_n20002_call_independent_rms_s0.npz,76224,b23637a4f9544d179c728cddc2e6853d75d8339790c997f08f94fffe2ab7bd75
tcn,electrode,202,em_n20002_call_electrode_s20,phase2/results/predictions/full/electrode/tcn/seed_202/em_n20002_call_electrode_s20.npz,76445,5d79a4fae5b3d933f4143e8e7d8502349f35e1953392fe4abdb58b09368471a7
tcn,electrode,202,em_n20002_call_electrode_s10,phase2/results/predictions/full/electrode/tcn/seed_202/em_n20002_call_electrode_s10.npz,76488,a6c9829e4088a3cd8fa5026bf3891134f47756ab6111bf13c6eedb8eff5b75a1
tcn,electrode,202,em_n20002_call_electrode_s0,phase2/results/predictions/full/electrode/tcn/seed_202/em_n20002_call_electrode_s0.npz,76050,cd623c534c2d3ca61f1f11babb3467c0b35e6d432027a79922d605fa11e813be
tcn,electrode,202,em_n20002_call_covariance_s20,phase2/results/predictions/full/electrode/tcn/seed_202/em_n20002_call_covariance_s20.npz,76453,2d5d19ae5516b1047c268b35b8a080c279cce75a1daadd44fb0f36a9ca3fdb13
tcn,electrode,202,em_n20002_call_covariance_s10,phase2/results/predictions/full/electrode/tcn/seed_202/em_n20002_call_covariance_s10.npz,76461,c607cb799ae1e24270da7b31502a2f9f8fe9d8e4d6443add4360b18c6dd9e12e
tcn,electrode,202,em_n20002_call_covariance_s0,phase2/results/predictions/full/electrode/tcn/seed_202/em_n20002_call_covariance_s0.npz,76068,d6ee92c70408cca7d0ffdabbba600efbb278bcdb4cd861c1f95bfb6455b42649
tcn,electrode,202,em_n20003_call_independent_rms_s20,phase2/results/predictions/full/electrode/tcn/seed_202/em_n20003_call_independent_rms_s20.npz,76434,48f1f542e5b2025eaeea021422ce32860288816510d58a8647650a5cebb146b3
tcn,electrode,202,em_n20003_call_independent_rms_s10,phase2/results/predictions/full/electrode/tcn/seed_202/em_n20003_call_independent_rms_s10.npz,76465,b1c9b2f769f6f5b8ededc7fdab91c612fddf693a993de3027aa2d927902c0e03
tcn,electrode,202,em_n20003_call_independent_rms_s0,phase2/results/predictions/full/electrode/tcn/seed_202/em_n20003_call_independent_rms_s0.npz,76199,a015bf80a3f07513b50f46dc0a772ea38268f661159919b24a3bc12fce446645
tcn,electrode,202,em_n20003_call_electrode_s20,phase2/results/predictions/full/electrode/tcn/seed_202/em_n20003_call_electrode_s20.npz,76489,9a4c48c19395308f2823a12b4745acb9092877d40248db2474900b2834f449fd
tcn,electrode,202,em_n20003_call_electrode_s10,phase2/results/predictions/full/electrode/tcn/seed_202/em_n20003_call_electrode_s10.npz,76464,7debf33df2c35bba299c3f7cab436331446eebe1880617b4b1566bd48ab1cb28
tcn,electrode,202,em_n20003_call_electrode_s0,phase2/results/predictions/full/electrode/tcn/seed_202/em_n20003_call_electrode_s0.npz,76062,bc600d451ff791a951a67b3350ad7d8a76df2f0b798e449085b7d95856273f4c
tcn,electrode,202,em_n20003_call_covariance_s20,phase2/results/predictions/full/electrode/tcn/seed_202/em_n20003_call_covariance_s20.npz,76444,70548141f3767ab4eb76387833133f5c141551833d1c64da2542464815e20e6f
tcn,electrode,202,em_n20003_call_covariance_s10,phase2/results/predictions/full/electrode/tcn/seed_202/em_n20003_call_covariance_s10.npz,76473,fc110bab59493d64f65520180692e6994cb9a561b58b85d5b9b7a835d5c63ff5
tcn,electrode,202,em_n20003_call_covariance_s0,phase2/results/predictions/full/electrode/tcn/seed_202/em_n20003_call_covariance_s0.npz,76079,78c66efec9e506681b8ab5c832a0ebe79feeb3b2c3d545b0fba13ae20dceee6f
tcn,electrode,202,em_n20004_call_independent_rms_s20,phase2/results/predictions/full/electrode/tcn/seed_202/em_n20004_call_independent_rms_s20.npz,76488,d56bdb461b42cf1ecfc39dbcf7c2fc13964d16787b8c2659bbe9be8723c2ac68
tcn,electrode,202,em_n20004_call_independent_rms_s10,phase2/results/predictions/full/electrode/tcn/seed_202/em_n20004_call_independent_rms_s10.npz,76501,884255551f5b9ba8136f098906ea2b183610dc3e66a39f57db323861cf7a6afa
tcn,electrode,202,em_n20004_call_independent_rms_s0,phase2/results/predictions/full/electrode/tcn/seed_202/em_n20004_call_independent_rms_s0.npz,76208,252d7688c83f9aba422c41cf59029025409ff8e9c3c786be3f0ba7d97b92ec09
tcn,electrode,202,em_n20004_call_electrode_s20,phase2/results/predictions/full/electrode/tcn/seed_202/em_n20004_call_electrode_s20.npz,76471,cb5321bc69f3f43444a061567b7c73e8c1e20b703603dcb46617542de904a9bd
tcn,electrode,202,em_n20004_call_electrode_s10,phase2/results/predictions/full/electrode/tcn/seed_202/em_n20004_call_electrode_s10.npz,76460,34a7f9dfbf2c384e02f0e07030bd026649e259211a6200165c2735c265f3919d
tcn,electrode,202,em_n20004_call_electrode_s0,phase2/results/predictions/full/electrode/tcn/seed_202/em_n20004_call_electrode_s0.npz,76071,1e12b18244ddbb8d1b5a3836d92ce864dc9ceaad9ecf62a09d157c4ee9c10956
tcn,electrode,202,em_n20004_call_covariance_s20,phase2/results/predictions/full/electrode/tcn/seed_202/em_n20004_call_covariance_s20.npz,76419,559958aa2724fbd9be1247f11ba021b20f005162ee2d8f1a6982b8dcfa66a598
tcn,electrode,202,em_n20004_call_covariance_s10,phase2/results/predictions/full/electrode/tcn/seed_202/em_n20004_call_covariance_s10.npz,76418,865122e557b68f1f0f8b6a5ef46460ebf044a494db6382c400179e1d1581060a
tcn,electrode,202,em_n20004_call_covariance_s0,phase2/results/predictions/full/electrode/tcn/seed_202/em_n20004_call_covariance_s0.npz,76050,8f547964d8613686c15f4a7dc7650d3b79eff23f130a1a2b2823089e64cdebeb
tcn,electrode,202,em_n20005_call_independent_rms_s20,phase2/results/predictions/full/electrode/tcn/seed_202/em_n20005_call_independent_rms_s20.npz,76478,83d11911d80051554f7796812cb4486fb46129994eb3de040404463f42d99fc9
tcn,electrode,202,em_n20005_call_independent_rms_s10,phase2/results/predictions/full/electrode/tcn/seed_202/em_n20005_call_independent_rms_s10.npz,76484,6bd3281452dfa0f705bf903a1cb595e699a5ebfaa27c57bb12b1dada3324f16d
tcn,electrode,202,em_n20005_call_independent_rms_s0,phase2/results/predictions/full/electrode/tcn/seed_202/em_n20005_call_independent_rms_s0.npz,76197,5057fdd1b508bc6f770f2d14ca256de1315a3d8b1830a981678b44542d9a93d1
tcn,electrode,202,em_n20005_call_electrode_s20,phase2/results/predictions/full/electrode/tcn/seed_202/em_n20005_call_electrode_s20.npz,76486,29e770b96f9dcf44c2e7d57fe9e92f406176e6c8ebc26b9300ac0ce89f1f555a
tcn,electrode,202,em_n20005_call_electrode_s10,phase2/results/predictions/full/electrode/tcn/seed_202/em_n20005_call_electrode_s10.npz,76454,8265317a76407b349d2c47d281f27da34412015e8b3cdb31a01041d3cbd86da0
tcn,electrode,202,em_n20005_call_electrode_s0,phase2/results/predictions/full/electrode/tcn/seed_202/em_n20005_call_electrode_s0.npz,76060,08a03cf5153ce3d5eb78f45e3e786da9f6d91260cac901c821eec1d4b7e816ab
tcn,electrode,202,em_n20005_call_covariance_s20,phase2/results/predictions/full/electrode/tcn/seed_202/em_n20005_call_covariance_s20.npz,76478,d7eff2459d021777ad6f84f9f4dc2a234bc6803d9e12a22cc7ebbbcd53f53877
tcn,electrode,202,em_n20005_call_covariance_s10,phase2/results/predictions/full/electrode/tcn/seed_202/em_n20005_call_covariance_s10.npz,76475,6081c4dfda387a52e448f9fb45da16bb8f46e8fa9940b84dd6486da7e9d9ea22
tcn,electrode,202,em_n20005_call_covariance_s0,phase2/results/predictions/full/electrode/tcn/seed_202/em_n20005_call_covariance_s0.npz,76063,b62229f440b03e7d1d32e8895921b8dcb369972397569b7fba90ae9313d1ac1a
tcn,mixed,202,clean,phase2/results/predictions/full/mixed/tcn/seed_202/clean.npz,76416,7de56dd6c9457c8bed5f415b30938fb4a2bcc3252e44b34f7a7c1724fe210729
tcn,mixed,202,bandpass_n20001_cRA_LA_LL_independent_rms_s20,phase2/results/predictions/full/mixed/tcn/seed_202/bandpass_n20001_cRA_LA_LL_independent_rms_s20.npz,76522,8e1902045562863c53d407347f57e57dba759d076a93107620e4f13ad409c7c4
tcn,mixed,202,bandpass_n20001_cRA_LA_LL_independent_rms_s15,phase2/results/predictions/full/mixed/tcn/seed_202/bandpass_n20001_cRA_LA_LL_independent_rms_s15.npz,76516,0442f9fb08637124c1adeea7e83e818a884e2d36acae688060e9c0583c5f005f
tcn,mixed,202,bandpass_n20001_cRA_LA_LL_independent_rms_s10,phase2/results/predictions/full/mixed/tcn/seed_202/bandpass_n20001_cRA_LA_LL_independent_rms_s10.npz,76543,c73990e2a4d0a56b30317b12a45d687c813e36af3f7444f2ef625bae61244c26
tcn,mixed,202,bandpass_n20001_cRA_LA_LL_independent_rms_s5,phase2/results/predictions/full/mixed/tcn/seed_202/bandpass_n20001_cRA_LA_LL_independent_rms_s5.npz,76452,a52f263f104e5453c1d49df2bb8b0a28d4b097ca38a0991334b87e4c69ba0ab2
tcn,mixed,202,bandpass_n20001_cRA_LA_LL_independent_rms_s0,phase2/results/predictions/full/mixed/tcn/seed_202/bandpass_n20001_cRA_LA_LL_independent_rms_s0.npz,76190,ffbc2c784f4105d44a3104afb5b54af69d2f68170ed16c52f6c91c96311ddfb4
tcn,mixed,202,bandpass_n20001_cRA_LA_LL_electrode_s20,phase2/results/predictions/full/mixed/tcn/seed_202/bandpass_n20001_cRA_LA_LL_electrode_s20.npz,76493,52b5c6262d238989a712bc03ffc27643b31a55e0cd1eb45da7e1fbd490618e4d
tcn,mixed,202,bandpass_n20001_cRA_LA_LL_electrode_s15,phase2/results/predictions/full/mixed/tcn/seed_202/bandpass_n20001_cRA_LA_LL_electrode_s15.npz,76482,22d9c03b7b898517b8cde82f6ed20c13802db63e3ba6e1e8bfe3e238a88883fd
tcn,mixed,202,bandpass_n20001_cRA_LA_LL_electrode_s10,phase2/results/predictions/full/mixed/tcn/seed_202/bandpass_n20001_cRA_LA_LL_electrode_s10.npz,76458,830e48170a19da501a3c8244540c17b832856c25fbb6ef7a88b4d0065e0738d2
tcn,mixed,202,bandpass_n20001_cRA_LA_LL_electrode_s5,phase2/results/predictions/full/mixed/tcn/seed_202/bandpass_n20001_cRA_LA_LL_electrode_s5.npz,76326,ff02756d4c80f65288c8b0abed11014d98d307f54f414885fdecacfb18b48c21
tcn,mixed,202,bandpass_n20001_cRA_LA_LL_electrode_s0,phase2/results/predictions/full/mixed/tcn/seed_202/bandpass_n20001_cRA_LA_LL_electrode_s0.npz,75937,f250f8ac488c9de8b143e37edcf1008a9ab6cc8bfd4d291b07342e410f758e33
tcn,mixed,202,bandpass_n20001_cRA_LA_LL_covariance_s20,phase2/results/predictions/full/mixed/tcn/seed_202/bandpass_n20001_cRA_LA_LL_covariance_s20.npz,76479,152d46fcb7392908c4a76b421332cd7919a0b2cf0604c366d71a7270078c3209
tcn,mixed,202,bandpass_n20001_cRA_LA_LL_covariance_s15,phase2/results/predictions/full/mixed/tcn/seed_202/bandpass_n20001_cRA_LA_LL_covariance_s15.npz,76490,554a3ad9d081876d44725e7d8e1541f9456415f123a76a5982aec0e2a170de2c
tcn,mixed,202,bandpass_n20001_cRA_LA_LL_covariance_s10,phase2/results/predictions/full/mixed/tcn/seed_202/bandpass_n20001_cRA_LA_LL_covariance_s10.npz,76445,ea74795e8e881b19b4dd15f41e639597a4b6df16b0ad1df58a79a5dee03e2d65
tcn,mixed,202,bandpass_n20001_cRA_LA_LL_covariance_s5,phase2/results/predictions/full/mixed/tcn/seed_202/bandpass_n20001_cRA_LA_LL_covariance_s5.npz,76316,1180e74f9dc3ab20d337703a604f79040b621dbd8b2eea061fd4404b4a77ef3b
tcn,mixed,202,bandpass_n20001_cRA_LA_LL_covariance_s0,phase2/results/predictions/full/mixed/tcn/seed_202/bandpass_n20001_cRA_LA_LL_covariance_s0.npz,75921,66c77f6e6840056c956a355ac53b0f544f9de63c5d9ffba9db7affd0bc597eb6
tcn,mixed,202,bandpass_n20001_cV1_independent_rms_s20,phase2/results/predictions/full/mixed/tcn/seed_202/bandpass_n20001_cV1_independent_rms_s20.npz,76499,8aeaf6aa6f458957d618aefdef9e19a89059d2cf60e626dd91acf93f95e71c71
tcn,mixed,202,bandpass_n20001_cV1_independent_rms_s15,phase2/results/predictions/full/mixed/tcn/seed_202/bandpass_n20001_cV1_independent_rms_s15.npz,76464,4f2d7aa97bbff3b1109a2e843fccc570048ad8b84d4596f94fc4dda578ce4680
tcn,mixed,202,bandpass_n20001_cV1_independent_rms_s10,phase2/results/predictions/full/mixed/tcn/seed_202/bandpass_n20001_cV1_independent_rms_s10.npz,76478,e2d6bdce978c52699c1edfde81885715bc16cb47c2b381db3e80b81674fb227e
tcn,mixed,202,bandpass_n20001_cV1_independent_rms_s5,phase2/results/predictions/full/mixed/tcn/seed_202/bandpass_n20001_cV1_independent_rms_s5.npz,76306,b11f6215c2f6ca8ee69826fc208b75c9ca3660ef8a25ae4c774ed61e43a960e2
tcn,mixed,202,bandpass_n20001_cV1_independent_rms_s0,phase2/results/predictions/full/mixed/tcn/seed_202/bandpass_n20001_cV1_independent_rms_s0.npz,76011,65c203310b6a5488f3f2fbb07ffe85dda6eb9287536d7236f14243469477b5a8
tcn,mixed,202,bandpass_n20001_cV1_electrode_s20,phase2/results/predictions/full/mixed/tcn/seed_202/bandpass_n20001_cV1_electrode_s20.npz,76519,023b8fc89900ac41120c112abf8466a0153441ce6de313f54add25377444450a
tcn,mixed,202,bandpass_n20001_cV1_electrode_s15,phase2/results/predictions/full/mixed/tcn/seed_202/bandpass_n20001_cV1_electrode_s15.npz,76469,fd73893b5b31271932fc5e1db532990d60d77cf4349d9cf85bc30410d5516f21
tcn,mixed,202,bandpass_n20001_cV1_electrode_s10,phase2/results/predictions/full/mixed/tcn/seed_202/bandpass_n20001_cV1_electrode_s10.npz,76498,111a9999402b30d216b781319c64590ae113a4b92ad8e6d36f11693c8fc91278
tcn,mixed,202,bandpass_n20001_cV1_electrode_s5,phase2/results/predictions/full/mixed/tcn/seed_202/bandpass_n20001_cV1_electrode_s5.npz,76338,1a08981a28c9b52004384a35129757c8ee123b0896eaaa73de95a85ca2b7f110
tcn,mixed,202,bandpass_n20001_cV1_electrode_s0,phase2/results/predictions/full/mixed/tcn/seed_202/bandpass_n20001_cV1_electrode_s0.npz,75993,d2b8892172d6ef4ada6665a6efe02677bf36cf89d16bc78b93f9a5f4fd385c00
tcn,mixed,202,bandpass_n20001_cV1_covariance_s20,phase2/results/predictions/full/mixed/tcn/seed_202/bandpass_n20001_cV1_covariance_s20.npz,76464,da8bed060708036ee2a7e335b2e3fcf15b5b0f9ebcd0a1a4e828e3d8eeea0dd6
tcn,mixed,202,bandpass_n20001_cV1_covariance_s15,phase2/results/predictions/full/mixed/tcn/seed_202/bandpass_n20001_cV1_covariance_s15.npz,76474,6517b3dc010212f81b25d2a93c12af303f9ef5c325ab770cc80b4ecacfbee0cd
tcn,mixed,202,bandpass_n20001_cV1_covariance_s10,phase2/results/predictions/full/mixed/tcn/seed_202/bandpass_n20001_cV1_covariance_s10.npz,76460,298607d9b89160e3cdf2043767ea31e1478ca0b9eb4788612ab3081d751c9cc6
tcn,mixed,202,bandpass_n20001_cV1_covariance_s5,phase2/results/predictions/full/mixed/tcn/seed_202/bandpass_n20001_cV1_covariance_s5.npz,76351,fecf72f5c54a4a8ec320d011e0480cb41dde61881b4d6611235ea9eabb694724
tcn,mixed,202,bandpass_n20001_cV1_covariance_s0,phase2/results/predictions/full/mixed/tcn/seed_202/bandpass_n20001_cV1_covariance_s0.npz,76021,8899ae3c22989e46b8adc96b4acdf6e0849111241319c6cf992f3141907d35f9
tcn,mixed,202,bandpass_n20001_cV2_independent_rms_s20,phase2/results/predictions/full/mixed/tcn/seed_202/bandpass_n20001_cV2_independent_rms_s20.npz,76508,883d549a184e1b24b3a27d54d6c1136aa0cb421464f630a0b9e93880ad0a2fd6
tcn,mixed,202,bandpass_n20001_cV2_independent_rms_s15,phase2/results/predictions/full/mixed/tcn/seed_202/bandpass_n20001_cV2_independent_rms_s15.npz,76487,39e049cac84fdbf097e5c049af1aa86e80b54bbeba487814117ecd8715f5498a
tcn,mixed,202,bandpass_n20001_cV2_independent_rms_s10,phase2/results/predictions/full/mixed/tcn/seed_202/bandpass_n20001_cV2_independent_rms_s10.npz,76483,af1d98dd2109454e0e9bd9cd2804edc46ce92c6273ac94b246c2d157ea424a18
tcn,mixed,202,bandpass_n20001_cV2_independent_rms_s5,phase2/results/predictions/full/mixed/tcn/seed_202/bandpass_n20001_cV2_independent_rms_s5.npz,76417,b7b3bfaf07c8c5dc83f336079cc5f7b91dd1a5e022a10bbf177cecad26177220
tcn,mixed,202,bandpass_n20001_cV2_independent_rms_s0,phase2/results/predictions/full/mixed/tcn/seed_202/bandpass_n20001_cV2_independent_rms_s0.npz,76210,256e48cf7cc17f5380581b7951fdaa9d3bc63bc852b908f2dfa339dfe5b304ad
tcn,mixed,202,bandpass_n20001_cV2_electrode_s20,phase2/results/predictions/full/mixed/tcn/seed_202/bandpass_n20001_cV2_electrode_s20.npz,76479,06335113674a8ee9b8194af7f13e8908f13e0a42d8a85353f3e83f4ba8c5dc83
tcn,mixed,202,bandpass_n20001_cV2_electrode_s15,phase2/results/predictions/full/mixed/tcn/seed_202/bandpass_n20001_cV2_electrode_s15.npz,76466,9f3683404f7b9a059964a7759f2102930eae77d8339d06e8015ca97f94584fbb
tcn,mixed,202,bandpass_n20001_cV2_electrode_s10,phase2/results/predictions/full/mixed/tcn/seed_202/bandpass_n20001_cV2_electrode_s10.npz,76464,504dae49be3038e9987517516fc95ce0174f65d4cdb3b1188cf1abdc14626cd5
tcn,mixed,202,bandpass_n20001_cV2_electrode_s5,phase2/results/predictions/full/mixed/tcn/seed_202/bandpass_n20001_cV2_electrode_s5.npz,76390,146be7856f3a8b04e0b4a408691a733c6d389704464fc45c67b60ddfd5606bc1
tcn,mixed,202,bandpass_n20001_cV2_electrode_s0,phase2/results/predictions/full/mixed/tcn/seed_202/bandpass_n20001_cV2_electrode_s0.npz,76232,9c037ca2cd2e5cfeb9854674ae99ca16e3744981d5ac0c172ab6bf4d03c73fa7
tcn,mixed,202,bandpass_n20001_cV2_covariance_s20,phase2/results/predictions/full/mixed/tcn/seed_202/bandpass_n20001_cV2_covariance_s20.npz,76496,9b187da3a9746243d473db32bc88305e12d0867167246787bf3fef12b0d00c7e
tcn,mixed,202,bandpass_n20001_cV2_covariance_s15,phase2/results/predictions/full/mixed/tcn/seed_202/bandpass_n20001_cV2_covariance_s15.npz,76486,ee91b3454554cbd336e12416056c05a6c833871fde8fbca2134e4426560b78f2
tcn,mixed,202,bandpass_n20001_cV2_covariance_s10,phase2/results/predictions/full/mixed/tcn/seed_202/bandpass_n20001_cV2_covariance_s10.npz,76483,3a9a1d82a7356802de4dd2fae97a85e52b49bbf7c986f2d570aa237e54c819c6
tcn,mixed,202,bandpass_n20001_cV2_covariance_s5,phase2/results/predictions/full/mixed/tcn/seed_202/bandpass_n20001_cV2_covariance_s5.npz,76387,91414147e9b76ce3192d3dc9311ada765ecf76c2622495dc0d0defae3ff4f9e3
tcn,mixed,202,bandpass_n20001_cV2_covariance_s0,phase2/results/predictions/full/mixed/tcn/seed_202/bandpass_n20001_cV2_covariance_s0.npz,76211,1e055e39ceb32876d6702951907ba60eec5d3004e2e75938f0ea3076fcace776
tcn,mixed,202,bandpass_n20001_cV3_independent_rms_s20,phase2/results/predictions/full/mixed/tcn/seed_202/bandpass_n20001_cV3_independent_rms_s20.npz,76480,fd2cc7c33415a53e22696b4f7836d654bdf2e19ebc4e1b6f42c627c607f6745a
tcn,mixed,202,bandpass_n20001_cV3_independent_rms_s15,phase2/results/predictions/full/mixed/tcn/seed_202/bandpass_n20001_cV3_independent_rms_s15.npz,76501,66d039ca8d34daaa6091d10f0536165df9fe2a327815941a1d411f1a809dc538
tcn,mixed,202,bandpass_n20001_cV3_independent_rms_s10,phase2/results/predictions/full/mixed/tcn/seed_202/bandpass_n20001_cV3_independent_rms_s10.npz,76481,94ddfec9cc27546856cc60b81ddcf51fd2081816ba5700a7fef1fa486314653f
tcn,mixed,202,bandpass_n20001_cV3_independent_rms_s5,phase2/results/predictions/full/mixed/tcn/seed_202/bandpass_n20001_cV3_independent_rms_s5.npz,76458,6c83934761cc62c0ab1a45412eacaf88c6fc54be3e77640b1748a6b3fe67912e
tcn,mixed,202,bandpass_n20001_cV3_independent_rms_s0,phase2/results/predictions/full/mixed/tcn/seed_202/bandpass_n20001_cV3_independent_rms_s0.npz,76360,15bbad0d66226fb20eb7f22d7afad4d06bbf99a9493ea06545cbf28bba04be9e
tcn,mixed,202,bandpass_n20001_cV3_electrode_s20,phase2/results/predictions/full/mixed/tcn/seed_202/bandpass_n20001_cV3_electrode_s20.npz,76498,658d2c2246364626379d3e25a62f2481d624cd65f84a66cb605208d29fcf5300
tcn,mixed,202,bandpass_n20001_cV3_electrode_s15,phase2/results/predictions/full/mixed/tcn/seed_202/bandpass_n20001_cV3_electrode_s15.npz,76463,d60a8b250a0959355cb59a190b0122e914e4a546d692b4c5de55c161ac750ae8
tcn,mixed,202,bandpass_n20001_cV3_electrode_s10,phase2/results/predictions/full/mixed/tcn/seed_202/bandpass_n20001_cV3_electrode_s10.npz,76468,eef8a4d94559cbe25a49fbb1c37563ba8fed345f739b40e8830f268f7b43f9b8
tcn,mixed,202,bandpass_n20001_cV3_electrode_s5,phase2/results/predictions/full/mixed/tcn/seed_202/bandpass_n20001_cV3_electrode_s5.npz,76470,38e73b43a8898619462c32af172245ee3fdcfb2e0b747d933142ef6d9e64821c
tcn,mixed,202,bandpass_n20001_cV3_electrode_s0,phase2/results/predictions/full/mixed/tcn/seed_202/bandpass_n20001_cV3_electrode_s0.npz,76274,e913a8d7bdd4fa4103a8e3bde93264e5d789f7c7a611a61852e87ec2d566e3ef
tcn,mixed,202,bandpass_n20001_cV3_covariance_s20,phase2/results/predictions/full/mixed/tcn/seed_202/bandpass_n20001_cV3_covariance_s20.npz,76503,59dee1e7d75d44d9542d85dfd0f963f8d71c0c0cbe88a3981a972357edfd4669
tcn,mixed,202,bandpass_n20001_cV3_covariance_s15,phase2/results/predictions/full/mixed/tcn/seed_202/bandpass_n20001_cV3_covariance_s15.npz,76488,7249df40d6d990b827aec4f19cfb953128187a4d7b2b22fe24acf7bbda9d4274
tcn,mixed,202,bandpass_n20001_cV3_covariance_s10,phase2/results/predictions/full/mixed/tcn/seed_202/bandpass_n20001_cV3_covariance_s10.npz,76474,2a64ed77f20030a146f3c19ba36d302aa1b7000724d7fe6781405add0312c0bb
tcn,mixed,202,bandpass_n20001_cV3_covariance_s5,phase2/results/predictions/full/mixed/tcn/seed_202/bandpass_n20001_cV3_covariance_s5.npz,76465,5a8ad9eb6fb900ba04c4a0a2bdf0bc9cffff453a6217b20c35f2e91d7b7429f9
tcn,mixed,202,bandpass_n20001_cV3_covariance_s0,phase2/results/predictions/full/mixed/tcn/seed_202/bandpass_n20001_cV3_covariance_s0.npz,76304,7bcfb540d84dedbfb8ce67cb39e303fd89b8f15b45113eb169e22c42f20acc5b
tcn,mixed,202,bandpass_n20001_cV4_independent_rms_s20,phase2/results/predictions/full/mixed/tcn/seed_202/bandpass_n20001_cV4_independent_rms_s20.npz,76508,f0fcc1fa3327e13766418409da4cc2a7470c9f477f22d2f5043a5161ec149a4e
tcn,mixed,202,bandpass_n20001_cV4_independent_rms_s15,phase2/results/predictions/full/mixed/tcn/seed_202/bandpass_n20001_cV4_independent_rms_s15.npz,76520,0d3c9c438aed6b9eb0f81023a1830b76dc4287110c0ec1adb329e05fe7383900
tcn,mixed,202,bandpass_n20001_cV4_independent_rms_s10,phase2/results/predictions/full/mixed/tcn/seed_202/bandpass_n20001_cV4_independent_rms_s10.npz,76486,70a90d12992283ac223b40c6f92571eeac0a5cc2e9b11f0f002d4fabe55e3630
tcn,mixed,202,bandpass_n20001_cV4_independent_rms_s5,phase2/results/predictions/full/mixed/tcn/seed_202/bandpass_n20001_cV4_independent_rms_s5.npz,76462,d07f4ac8ae55728a819ffa0bd03cecf5194664b7df64b182e064d5cf2d8ae479
tcn,mixed,202,bandpass_n20001_cV4_independent_rms_s0,phase2/results/predictions/full/mixed/tcn/seed_202/bandpass_n20001_cV4_independent_rms_s0.npz,76259,1fedf902e53298cd7f08bf398c4a4b62d164ff5fab0b21af2f1ff4ab642272bb
tcn,mixed,202,bandpass_n20001_cV4_electrode_s20,phase2/results/predictions/full/mixed/tcn/seed_202/bandpass_n20001_cV4_electrode_s20.npz,76498,498debae50429e4986547a32e7103bf08b0b69aaecb9e2cbf718c7c20a0f2d05
tcn,mixed,202,bandpass_n20001_cV4_electrode_s15,phase2/results/predictions/full/mixed/tcn/seed_202/bandpass_n20001_cV4_electrode_s15.npz,76496,e2a94f047d8ddf84fa7cd976cd9f15989ee80d30fcf5c732173cf931518bc58e
tcn,mixed,202,bandpass_n20001_cV4_electrode_s10,phase2/results/predictions/full/mixed/tcn/seed_202/bandpass_n20001_cV4_electrode_s10.npz,76479,d2dea19d7d64293e2d5eaa04225d6f3a2b6cb419059bf2d533cd74aa146672e1
tcn,mixed,202,bandpass_n20001_cV4_electrode_s5,phase2/results/predictions/full/mixed/tcn/seed_202/bandpass_n20001_cV4_electrode_s5.npz,76421,595227690da07ef9f785de4331ec7bc8ca934c260000da8d7d5e09c770e73904
tcn,mixed,202,bandpass_n20001_cV4_electrode_s0,phase2/results/predictions/full/mixed/tcn/seed_202/bandpass_n20001_cV4_electrode_s0.npz,76205,89065d812b97e52c84b831910803af308632d31028ddbf91f8bb469a7fe7aecf
tcn,mixed,202,bandpass_n20001_cV4_covariance_s20,phase2/results/predictions/full/mixed/tcn/seed_202/bandpass_n20001_cV4_covariance_s20.npz,76493,d5a40efd1b1c5f0d8bf7be13c98c498ecbab1d0c15aa81eed3764acde07b117a
tcn,mixed,202,bandpass_n20001_cV4_covariance_s15,phase2/results/predictions/full/mixed/tcn/seed_202/bandpass_n20001_cV4_covariance_s15.npz,76497,e78257efeaae382982d257bc338886619087ff176cf3c37e6369575834dec8cb
tcn,mixed,202,bandpass_n20001_cV4_covariance_s10,phase2/results/predictions/full/mixed/tcn/seed_202/bandpass_n20001_cV4_covariance_s10.npz,76473,52b2da38a20ecabc4965622fcc476f95d82883ba8a8f47d0637f06dbaf8387a8
tcn,mixed,202,bandpass_n20001_cV4_covariance_s5,phase2/results/predictions/full/mixed/tcn/seed_202/bandpass_n20001_cV4_covariance_s5.npz,76432,7ff31379a5a0a126955bfdb4113b33761f9b9e8c079fdd040bb54be6daeb58b0
tcn,mixed,202,bandpass_n20001_cV4_covariance_s0,phase2/results/predictions/full/mixed/tcn/seed_202/bandpass_n20001_cV4_covariance_s0.npz,76236,116fea897777bea835ddcfbe465206177369b0ff8d5f45b5b3d53a9f56facd9a
tcn,mixed,202,bandpass_n20001_cV5_independent_rms_s20,phase2/results/predictions/full/mixed/tcn/seed_202/bandpass_n20001_cV5_independent_rms_s20.npz,76494,78c67d1f6de9ba969a469ec94299f219536996f6466ae4cfcab37fd27669932a
tcn,mixed,202,bandpass_n20001_cV5_independent_rms_s15,phase2/results/predictions/full/mixed/tcn/seed_202/bandpass_n20001_cV5_independent_rms_s15.npz,76506,8d75878f7e8f6b36b42ae8adfbd0c9adb637000276b9bf1ae8846930122a9f2f
tcn,mixed,202,bandpass_n20001_cV5_independent_rms_s10,phase2/results/predictions/full/mixed/tcn/seed_202/bandpass_n20001_cV5_independent_rms_s10.npz,76473,095689190ce0faefb28e3d478dc823b9bcbeee8fe3bc4624d973b56fe50c5ce2
tcn,mixed,202,bandpass_n20001_cV5_independent_rms_s5,phase2/results/predictions/full/mixed/tcn/seed_202/bandpass_n20001_cV5_independent_rms_s5.npz,76408,790856fa6e967a6f4a86dc082973a27736fc22e400b43831c36d2d026fcc07ec
tcn,mixed,202,bandpass_n20001_cV5_independent_rms_s0,phase2/results/predictions/full/mixed/tcn/seed_202/bandpass_n20001_cV5_independent_rms_s0.npz,76196,5c88d11fdfa401fff700bf1833262818906d08842093e2d3477be4f56a85c339
tcn,mixed,202,bandpass_n20001_cV5_electrode_s20,phase2/results/predictions/full/mixed/tcn/seed_202/bandpass_n20001_cV5_electrode_s20.npz,76460,ef570b678703f7d5977cfc37e3ee916ae4f6055e89649a88f16167d9167c067d
tcn,mixed,202,bandpass_n20001_cV5_electrode_s15,phase2/results/predictions/full/mixed/tcn/seed_202/bandpass_n20001_cV5_electrode_s15.npz,76499,3c7afcb8e0bda19ce9ded7516a14b2df7930ab5fea3f1accae2dce099a0f4fdf
tcn,mixed,202,bandpass_n20001_cV5_electrode_s10,phase2/results/predictions/full/mixed/tcn/seed_202/bandpass_n20001_cV5_electrode_s10.npz,76452,e473ff9f2918a787613d0df82ca9e91e6830e6326adf81e3265e68430d83993f
tcn,mixed,202,bandpass_n20001_cV5_electrode_s5,phase2/results/predictions/full/mixed/tcn/seed_202/bandpass_n20001_cV5_electrode_s5.npz,76407,65b80e63c9a44c62240a409ac562da312c839b72e01e48784b353cd804eb9143
tcn,mixed,202,bandpass_n20001_cV5_electrode_s0,phase2/results/predictions/full/mixed/tcn/seed_202/bandpass_n20001_cV5_electrode_s0.npz,76192,4e15aa9684bdcf10596df1e2ffe886daf559c1fdc97dc4ff08459be04372c517
tcn,mixed,202,bandpass_n20001_cV5_covariance_s20,phase2/results/predictions/full/mixed/tcn/seed_202/bandpass_n20001_cV5_covariance_s20.npz,76480,50ab5c2a8d56d421c2ea16f093e4faccfb9c500dd8fd858a9e20a717c83c28af
tcn,mixed,202,bandpass_n20001_cV5_covariance_s15,phase2/results/predictions/full/mixed/tcn/seed_202/bandpass_n20001_cV5_covariance_s15.npz,76514,79db8000943d75da1ddb9168792aa6af24eac06c0f333154967d9d93c3cdcdb2
tcn,mixed,202,bandpass_n20001_cV5_covariance_s10,phase2/results/predictions/full/mixed/tcn/seed_202/bandpass_n20001_cV5_covariance_s10.npz,76478,a136335064c2bfce06e196b00a47750b6ae56a713f758d4e9030107a1660c618
tcn,mixed,202,bandpass_n20001_cV5_covariance_s5,phase2/results/predictions/full/mixed/tcn/seed_202/bandpass_n20001_cV5_covariance_s5.npz,76427,179c361688c23d8767864c47984b20a0b7ee5c856f5e0bc48f9462fdeebf2b0c
tcn,mixed,202,bandpass_n20001_cV5_covariance_s0,phase2/results/predictions/full/mixed/tcn/seed_202/bandpass_n20001_cV5_covariance_s0.npz,76154,62d1fc5bb9adfb8a00f69adf13af777f35e5a2de5874b33d250bffa0f442bd22
tcn,mixed,202,bandpass_n20001_cV6_independent_rms_s20,phase2/results/predictions/full/mixed/tcn/seed_202/bandpass_n20001_cV6_independent_rms_s20.npz,76476,52c026d2ab329137cd0717f74962cc13d83ed0ec646b481487d7448b72cee2d8
tcn,mixed,202,bandpass_n20001_cV6_independent_rms_s15,phase2/results/predictions/full/mixed/tcn/seed_202/bandpass_n20001_cV6_independent_rms_s15.npz,76491,44b0bc30851fee16484a23eb4e3e58044e577572764005270f340eb592603144
tcn,mixed,202,bandpass_n20001_cV6_independent_rms_s10,phase2/results/predictions/full/mixed/tcn/seed_202/bandpass_n20001_cV6_independent_rms_s10.npz,76513,51905f3d40122f307f2c56760ea350b8018cc01bcda61125660c7fd8f3ab35f0
tcn,mixed,202,bandpass_n20001_cV6_independent_rms_s5,phase2/results/predictions/full/mixed/tcn/seed_202/bandpass_n20001_cV6_independent_rms_s5.npz,76477,48b30a8176b6f23a9591e3df9d7e5d6bbef2c3fe1cb934b82f056b3870ced4f9
tcn,mixed,202,bandpass_n20001_cV6_independent_rms_s0,phase2/results/predictions/full/mixed/tcn/seed_202/bandpass_n20001_cV6_independent_rms_s0.npz,76250,0fe7f49c5bdae5107620c2c86a74bcd3710a8c70b108f1b1521a58c945d63c0a
tcn,mixed,202,bandpass_n20001_cV6_electrode_s20,phase2/results/predictions/full/mixed/tcn/seed_202/bandpass_n20001_cV6_electrode_s20.npz,76472,3e3fe9868afe0ad572b77c0f425bacd2b06c249a51fca49422c11a3ee710a8b4
tcn,mixed,202,bandpass_n20001_cV6_electrode_s15,phase2/results/predictions/full/mixed/tcn/seed_202/bandpass_n20001_cV6_electrode_s15.npz,76498,9cec21ae58221b6ee2905fbe01cf74dfb2f092c5b6a335d03c3d7fa9decb586c
tcn,mixed,202,bandpass_n20001_cV6_electrode_s10,phase2/results/predictions/full/mixed/tcn/seed_202/bandpass_n20001_cV6_electrode_s10.npz,76470,ef99a8359267d9688c9da1f4ca6030e9e9f92dd2ba07448d2a13d8c260dce085
tcn,mixed,202,bandpass_n20001_cV6_electrode_s5,phase2/results/predictions/full/mixed/tcn/seed_202/bandpass_n20001_cV6_electrode_s5.npz,76450,f8b5857e6d9b2d4c8db7fc11fcbb57012f67ac6b324a5e1a29d0602e4fd330ea
tcn,mixed,202,bandpass_n20001_cV6_electrode_s0,phase2/results/predictions/full/mixed/tcn/seed_202/bandpass_n20001_cV6_electrode_s0.npz,76242,cde100b1d205e950b75505482b2a41c2087c3d588d0e83d62d2b985431727ba3
tcn,mixed,202,bandpass_n20001_cV6_covariance_s20,phase2/results/predictions/full/mixed/tcn/seed_202/bandpass_n20001_cV6_covariance_s20.npz,76465,65b241d8ef123a4782940adef751d3bc4b11917e66905cde310d2c7c9b76f611
tcn,mixed,202,bandpass_n20001_cV6_covariance_s15,phase2/results/predictions/full/mixed/tcn/seed_202/bandpass_n20001_cV6_covariance_s15.npz,76506,27d89340e866a5a804a05c45957d9915cb69fd41aa7b3ec07c4cc31ac5b7956c
tcn,mixed,202,bandpass_n20001_cV6_covariance_s10,phase2/results/predictions/full/mixed/tcn/seed_202/bandpass_n20001_cV6_covariance_s10.npz,76473,9d371114c4e4420adefdeec5d880145ed5ebb3eb80193f87571bf5b7f1ef56ec
tcn,mixed,202,bandpass_n20001_cV6_covariance_s5,phase2/results/predictions/full/mixed/tcn/seed_202/bandpass_n20001_cV6_covariance_s5.npz,76447,87414b20c2ff783f4ca4cb35912b66fcb61e3cc6f1174ba3dbefd32c0d5e3bb4
tcn,mixed,202,bandpass_n20001_cV6_covariance_s0,phase2/results/predictions/full/mixed/tcn/seed_202/bandpass_n20001_cV6_covariance_s0.npz,76260,e204d46a60edd298957671736bf9508d9f82faf85d1d66e352d6b28f6839bae5
tcn,mixed,202,bandpass_n20001_cRA_LA_independent_rms_s20,phase2/results/predictions/full/mixed/tcn/seed_202/bandpass_n20001_cRA_LA_independent_rms_s20.npz,76478,43b9f6dc276b789a10c6fb63bd3d8dcd0b3c0b48f70d9a1d7cf201de86eea991
tcn,mixed,202,bandpass_n20001_cRA_LA_independent_rms_s15,phase2/results/predictions/full/mixed/tcn/seed_202/bandpass_n20001_cRA_LA_independent_rms_s15.npz,76509,df7e305c0a9627e4b08e2646cadc97d1c1ddd418c9d9a59ec20eaa19a5c58e5f
tcn,mixed,202,bandpass_n20001_cRA_LA_independent_rms_s10,phase2/results/predictions/full/mixed/tcn/seed_202/bandpass_n20001_cRA_LA_independent_rms_s10.npz,76489,74c5b435d794772065ba2e14862866e6b739b5b5bcae373e5b191314f0b71453
tcn,mixed,202,bandpass_n20001_cRA_LA_independent_rms_s5,phase2/results/predictions/full/mixed/tcn/seed_202/bandpass_n20001_cRA_LA_independent_rms_s5.npz,76420,a9b76566f77b2d9d6bc4bd2639bc9f272f96a5c1486ca49616cd14456427154f
tcn,mixed,202,bandpass_n20001_cRA_LA_independent_rms_s0,phase2/results/predictions/full/mixed/tcn/seed_202/bandpass_n20001_cRA_LA_independent_rms_s0.npz,76223,421da04ebf5d80e68891d3c24f2f228b7c3a8481e2a559f8744729e5e4f84ec2
tcn,mixed,202,bandpass_n20001_cRA_LA_electrode_s20,phase2/results/predictions/full/mixed/tcn/seed_202/bandpass_n20001_cRA_LA_electrode_s20.npz,76473,2aefe5503f6972d6b464818de5f1d6c892525382571ec58fc7015668c2ca8ace
tcn,mixed,202,bandpass_n20001_cRA_LA_electrode_s15,phase2/results/predictions/full/mixed/tcn/seed_202/bandpass_n20001_cRA_LA_electrode_s15.npz,76459,01827a028a7eafc3b7bc3c087b22fea9c22d7d78901bf9ab8e0853a4888f3ebb
tcn,mixed,202,bandpass_n20001_cRA_LA_electrode_s10,phase2/results/predictions/full/mixed/tcn/seed_202/bandpass_n20001_cRA_LA_electrode_s10.npz,76437,33de316a50b53396e0ab8ce0f3807db42ab69a8b2f66db7301a8f3dabd19d8d9
tcn,mixed,202,bandpass_n20001_cRA_LA_electrode_s5,phase2/results/predictions/full/mixed/tcn/seed_202/bandpass_n20001_cRA_LA_electrode_s5.npz,76307,4f29e12c3bc7453a0d47dcbec4bfb6f1b17e1f850c588474893e02110f8d3038
tcn,mixed,202,bandpass_n20001_cRA_LA_electrode_s0,phase2/results/predictions/full/mixed/tcn/seed_202/bandpass_n20001_cRA_LA_electrode_s0.npz,75934,28e7f73110eb0e67539528a6291caa02047c69126725587a5ad9c8e030ec1a81
tcn,mixed,202,bandpass_n20001_cRA_LA_covariance_s20,phase2/results/predictions/full/mixed/tcn/seed_202/bandpass_n20001_cRA_LA_covariance_s20.npz,76514,052a2db0535437e51f4cc2778b843588a92bda564dbc44fd2c3ded94b6bf1999
tcn,mixed,202,bandpass_n20001_cRA_LA_covariance_s15,phase2/results/predictions/full/mixed/tcn/seed_202/bandpass_n20001_cRA_LA_covariance_s15.npz,76483,97359bc6e802fb82d3b09760303e778ecc16415ee7fb1b97f06c1b7ae84f4dea
tcn,mixed,202,bandpass_n20001_cRA_LA_covariance_s10,phase2/results/predictions/full/mixed/tcn/seed_202/bandpass_n20001_cRA_LA_covariance_s10.npz,76440,8208226bfbeb4ca79b522bf3bba54b761e72c66753f9add7e834afc31c095ddd
tcn,mixed,202,bandpass_n20001_cRA_LA_covariance_s5,phase2/results/predictions/full/mixed/tcn/seed_202/bandpass_n20001_cRA_LA_covariance_s5.npz,76323,8e539c4d7093e96fcc0cd0e5761788ed07c8ccaa92d9d079147a8e4d3da6d2eb
tcn,mixed,202,bandpass_n20001_cRA_LA_covariance_s0,phase2/results/predictions/full/mixed/tcn/seed_202/bandpass_n20001_cRA_LA_covariance_s0.npz,75991,4417298806ad8981640939a84dc5bab4f7c3e439be79a2d911cda0ad9c9975b9
tcn,mixed,202,bandpass_n20001_cLA_LL_independent_rms_s20,phase2/results/predictions/full/mixed/tcn/seed_202/bandpass_n20001_cLA_LL_independent_rms_s20.npz,76507,5af5c5dae02f3699ccaade8a6a792052f2553c4ee913e56680fb1c98b440510a
tcn,mixed,202,bandpass_n20001_cLA_LL_independent_rms_s15,phase2/results/predictions/full/mixed/tcn/seed_202/bandpass_n20001_cLA_LL_independent_rms_s15.npz,76512,4b8a5553a548242d019e8e177ce264c7c0fe796845f9efca1f8a15bc2b3841a4
tcn,mixed,202,bandpass_n20001_cLA_LL_independent_rms_s10,phase2/results/predictions/full/mixed/tcn/seed_202/bandpass_n20001_cLA_LL_independent_rms_s10.npz,76468,6acd2b374ada89d53f067bb59ce63e184ccdd2bb53f365800fac5fdadbafd1b7
tcn,mixed,202,bandpass_n20001_cLA_LL_independent_rms_s5,phase2/results/predictions/full/mixed/tcn/seed_202/bandpass_n20001_cLA_LL_independent_rms_s5.npz,76409,764025d7628a909c4d7cfc1f7da7627aee8a78db047d811ad9a53c4f8e25dcb9
tcn,mixed,202,bandpass_n20001_cLA_LL_independent_rms_s0,phase2/results/predictions/full/mixed/tcn/seed_202/bandpass_n20001_cLA_LL_independent_rms_s0.npz,76198,d2bb2aefeb9c983223c198249e6138e9574c6457a86343a1b0686171ab2c39b3
tcn,mixed,202,bandpass_n20001_cLA_LL_electrode_s20,phase2/results/predictions/full/mixed/tcn/seed_202/bandpass_n20001_cLA_LL_electrode_s20.npz,76480,f475ffc3801e4d693f458094853bfc51d5143c61c2ff739baae99ff7828c176e
tcn,mixed,202,bandpass_n20001_cLA_LL_electrode_s15,phase2/results/predictions/full/mixed/tcn/seed_202/bandpass_n20001_cLA_LL_electrode_s15.npz,76484,5c95a76c7c3de08995b4073059e6af647204f783bf19bb33ab27d593f6feacbb
tcn,mixed,202,bandpass_n20001_cLA_LL_electrode_s10,phase2/results/predictions/full/mixed/tcn/seed_202/bandpass_n20001_cLA_LL_electrode_s10.npz,76488,672cf77e6101b95b705e44d9fb545cf644f37f8d712ceb1057639820d7bd618c
tcn,mixed,202,bandpass_n20001_cLA_LL_electrode_s5,phase2/results/predictions/full/mixed/tcn/seed_202/bandpass_n20001_cLA_LL_electrode_s5.npz,76277,6e29eb55dba1ca990f12e200711ec8afed6cacb7051b5dd403b1cada6d1c5bbd
tcn,mixed,202,bandpass_n20001_cLA_LL_electrode_s0,phase2/results/predictions/full/mixed/tcn/seed_202/bandpass_n20001_cLA_LL_electrode_s0.npz,75881,c7a4bbe342434bd2818170261a2c3f8650229da4be59836f893508c6b95f44f8
tcn,mixed,202,bandpass_n20001_cLA_LL_covariance_s20,phase2/results/predictions/full/mixed/tcn/seed_202/bandpass_n20001_cLA_LL_covariance_s20.npz,76466,ba07b6e0c89c786c5fc10f4a60c3d58bddcd9e15079f0afa49b45bd5cadcd91d
tcn,mixed,202,bandpass_n20001_cLA_LL_covariance_s15,phase2/results/predictions/full/mixed/tcn/seed_202/bandpass_n20001_cLA_LL_covariance_s15.npz,76501,2d612c49a11f4ec9188259c9aa8266450565c071cb542863ed6776f62334f127
tcn,mixed,202,bandpass_n20001_cLA_LL_covariance_s10,phase2/results/predictions/full/mixed/tcn/seed_202/bandpass_n20001_cLA_LL_covariance_s10.npz,76467,e0d6ad2619bfb2c24f89fb508b076b57e6d62c359629c31f8844b8f9e184fd4a
tcn,mixed,202,bandpass_n20001_cLA_LL_covariance_s5,phase2/results/predictions/full/mixed/tcn/seed_202/bandpass_n20001_cLA_LL_covariance_s5.npz,76255,09dc53fb6e480f0981349ed35d3616c6533a2bf6f2ed5dc4f936e109f5613f32
tcn,mixed,202,bandpass_n20001_cLA_LL_covariance_s0,phase2/results/predictions/full/mixed/tcn/seed_202/bandpass_n20001_cLA_LL_covariance_s0.npz,75890,1be6eff7903f32bc6d202f3285c9344184c041adf033025f173cc6ac4284b303
tcn,mixed,202,bandpass_n20001_cRA_LL_independent_rms_s20,phase2/results/predictions/full/mixed/tcn/seed_202/bandpass_n20001_cRA_LL_independent_rms_s20.npz,76475,765df47fe36ed75c6f6b285a08d4e80a3c71d9cd5cd15c5b0bcfb37db8bb8b9a
tcn,mixed,202,bandpass_n20001_cRA_LL_independent_rms_s15,phase2/results/predictions/full/mixed/tcn/seed_202/bandpass_n20001_cRA_LL_independent_rms_s15.npz,76479,f1a372763e33f878e46fb91288e375a8b68aa2a6d74f9e0484b05a22c082ab71
tcn,mixed,202,bandpass_n20001_cRA_LL_independent_rms_s10,phase2/results/predictions/full/mixed/tcn/seed_202/bandpass_n20001_cRA_LL_independent_rms_s10.npz,76491,9a5cf7d8fdf504ece65d356fdf93224937800a82220eeb4d594fffe508244791
tcn,mixed,202,bandpass_n20001_cRA_LL_independent_rms_s5,phase2/results/predictions/full/mixed/tcn/seed_202/bandpass_n20001_cRA_LL_independent_rms_s5.npz,76442,a7a88eb202aedd7542be27c40cb8aa1fc75880648f53e1de45d27ccd2e44a9fe
tcn,mixed,202,bandpass_n20001_cRA_LL_independent_rms_s0,phase2/results/predictions/full/mixed/tcn/seed_202/bandpass_n20001_cRA_LL_independent_rms_s0.npz,76192,857cfad55d4472fa0057dee0ae34a9928100e2a87cbc84cba9ebe9aef1dca31c
tcn,mixed,202,bandpass_n20001_cRA_LL_electrode_s20,phase2/results/predictions/full/mixed/tcn/seed_202/bandpass_n20001_cRA_LL_electrode_s20.npz,76504,3d8134dc7e80eee1bc748e354b8f05a99689ea5b630dc10f8e34e15dce5c66fb
tcn,mixed,202,bandpass_n20001_cRA_LL_electrode_s15,phase2/results/predictions/full/mixed/tcn/seed_202/bandpass_n20001_cRA_LL_electrode_s15.npz,76478,37181987ce3ff8f972e91ed42f4c35f6282d139a431e98aa896b76ed1e6439ce
tcn,mixed,202,bandpass_n20001_cRA_LL_electrode_s10,phase2/results/predictions/full/mixed/tcn/seed_202/bandpass_n20001_cRA_LL_electrode_s10.npz,76456,23df4e51686119ad31ceb6cb79bd2fa99ed09a52d460631dbca7f52d2e5585ba
tcn,mixed,202,bandpass_n20001_cRA_LL_electrode_s5,phase2/results/predictions/full/mixed/tcn/seed_202/bandpass_n20001_cRA_LL_electrode_s5.npz,76311,0005033ff0d2b8b8f06223d258d75e6a82a74672dd4fd146e7b4e04fd85c9afb
tcn,mixed,202,bandpass_n20001_cRA_LL_electrode_s0,phase2/results/predictions/full/mixed/tcn/seed_202/bandpass_n20001_cRA_LL_electrode_s0.npz,75946,39378e2ddc4dde77d380289736198a369856ccff0cb394c4a6afb0a73d343ed5
tcn,mixed,202,bandpass_n20001_cRA_LL_covariance_s20,phase2/results/predictions/full/mixed/tcn/seed_202/bandpass_n20001_cRA_LL_covariance_s20.npz,76472,f02069d6942a4b62a08fcee9d19d62ea1bd2023c2cabebf1ca3af7853b335305
tcn,mixed,202,bandpass_n20001_cRA_LL_covariance_s15,phase2/results/predictions/full/mixed/tcn/seed_202/bandpass_n20001_cRA_LL_covariance_s15.npz,76478,bee9d051002e6eba4fae2d1dd812cd5cda3e995d28c13712b3528a3b4b9586fb
tcn,mixed,202,bandpass_n20001_cRA_LL_covariance_s10,phase2/results/predictions/full/mixed/tcn/seed_202/bandpass_n20001_cRA_LL_covariance_s10.npz,76480,96109f5e98f318bc045d9cdb06dff487b0180c17ec87a49355371577f07db61b
tcn,mixed,202,bandpass_n20001_cRA_LL_covariance_s5,phase2/results/predictions/full/mixed/tcn/seed_202/bandpass_n20001_cRA_LL_covariance_s5.npz,76332,14d9364c185c64e93641019cd1f020900ad8d5b3c98d528d6c38a9578296fb34
tcn,mixed,202,bandpass_n20001_cRA_LL_covariance_s0,phase2/results/predictions/full/mixed/tcn/seed_202/bandpass_n20001_cRA_LL_covariance_s0.npz,75948,ff222be3ec415b69e8d1e4eb90c73e9538c9bce242a44b96fbe7d3bb13b55f16
tcn,mixed,202,bandpass_n20001_cRA_independent_rms_s20,phase2/results/predictions/full/mixed/tcn/seed_202/bandpass_n20001_cRA_independent_rms_s20.npz,76510,f726e01ce37b2c4d1c2824ed969e07902b2fb6131c474e6f20616d4a7931d2b5
tcn,mixed,202,bandpass_n20001_cRA_independent_rms_s15,phase2/results/predictions/full/mixed/tcn/seed_202/bandpass_n20001_cRA_independent_rms_s15.npz,76489,dc5fc70f3f1a463ecceb2a266ea89c6dc9ae010ac57e0aa1d9e9621caa197340
tcn,mixed,202,bandpass_n20001_cRA_independent_rms_s10,phase2/results/predictions/full/mixed/tcn/seed_202/bandpass_n20001_cRA_independent_rms_s10.npz,76495,da2608c2f67f16d3839e39adf43de1e54f69c736ceb09c76cc0649557c7367ec
tcn,mixed,202,bandpass_n20001_cRA_independent_rms_s5,phase2/results/predictions/full/mixed/tcn/seed_202/bandpass_n20001_cRA_independent_rms_s5.npz,76404,3151f5bcecdd5f54e189d7ba60998a6beabfa8d236b699dbeb49233798eff353
tcn,mixed,202,bandpass_n20001_cRA_independent_rms_s0,phase2/results/predictions/full/mixed/tcn/seed_202/bandpass_n20001_cRA_independent_rms_s0.npz,76194,4b1c59d08fd52e7ad73f29be517d2943b854970279e4f1336a589f9d327a090e
tcn,mixed,202,bandpass_n20001_cRA_electrode_s20,phase2/results/predictions/full/mixed/tcn/seed_202/bandpass_n20001_cRA_electrode_s20.npz,76496,b95af4e427493082da152bc2a53e09b39ab20dadd553916a8039509119dbdda4
tcn,mixed,202,bandpass_n20001_cRA_electrode_s15,phase2/results/predictions/full/mixed/tcn/seed_202/bandpass_n20001_cRA_electrode_s15.npz,76453,f4e4a6fb2c822305ec05aa43909631004a380edddbad328d10d9fe53655ce2e2
tcn,mixed,202,bandpass_n20001_cRA_electrode_s10,phase2/results/predictions/full/mixed/tcn/seed_202/bandpass_n20001_cRA_electrode_s10.npz,76451,5de091862cdf5bd246db6ccabd90141c1d162d57f4908cb59ef5c6499800d1d4
tcn,mixed,202,bandpass_n20001_cRA_electrode_s5,phase2/results/predictions/full/mixed/tcn/seed_202/bandpass_n20001_cRA_electrode_s5.npz,76354,9bcd32cc02f36aa11fb006139d13494249a00f4ee1088ed1c7d738ed91ec5a58
tcn,mixed,202,bandpass_n20001_cRA_electrode_s0,phase2/results/predictions/full/mixed/tcn/seed_202/bandpass_n20001_cRA_electrode_s0.npz,76090,457d6f5196b2af53f275f06268f4928a212537b495e3929e424a742950b1868e
tcn,mixed,202,bandpass_n20001_cRA_covariance_s20,phase2/results/predictions/full/mixed/tcn/seed_202/bandpass_n20001_cRA_covariance_s20.npz,76480,26d8c310c37adad9ad791ddbae03918635a1edd9516d47c40c2b2a89216ce3f4
tcn,mixed,202,bandpass_n20001_cRA_covariance_s15,phase2/results/predictions/full/mixed/tcn/seed_202/bandpass_n20001_cRA_covariance_s15.npz,76492,c46631dff4cfb46e8a6e19b1614f0fa5222916f9d69148ef371a7bef92471d48
tcn,mixed,202,bandpass_n20001_cRA_covariance_s10,phase2/results/predictions/full/mixed/tcn/seed_202/bandpass_n20001_cRA_covariance_s10.npz,76466,41383593a6961e44c4ea13f68461df0338076503dbb8ee7570a3cc3f79c9717e
tcn,mixed,202,bandpass_n20001_cRA_covariance_s5,phase2/results/predictions/full/mixed/tcn/seed_202/bandpass_n20001_cRA_covariance_s5.npz,76364,f06379741eb6608d99806680eca34364a9d1983f5529164d6957b08d5f46d947
tcn,mixed,202,bandpass_n20001_cRA_covariance_s0,phase2/results/predictions/full/mixed/tcn/seed_202/bandpass_n20001_cRA_covariance_s0.npz,76060,9424a080efa336b97baed9a4b8d18ac3d675f73dcd3a2aa749661ea259788abe
tcn,mixed,202,bandpass_n20001_cLA_independent_rms_s20,phase2/results/predictions/full/mixed/tcn/seed_202/bandpass_n20001_cLA_independent_rms_s20.npz,76548,91e9827d9b6fe65e82c2f80e6af46682337f77773fad957880a442d9c2531449
tcn,mixed,202,bandpass_n20001_cLA_independent_rms_s15,phase2/results/predictions/full/mixed/tcn/seed_202/bandpass_n20001_cLA_independent_rms_s15.npz,76520,fb01ce4f6df39bd9d1249c889cabae75f49bf14ccf8cef636ac58ab785cd7da6
tcn,mixed,202,bandpass_n20001_cLA_independent_rms_s10,phase2/results/predictions/full/mixed/tcn/seed_202/bandpass_n20001_cLA_independent_rms_s10.npz,76497,003bc111b618d746e666be293d6b87464b75cfa72c35baa9ddc5f8f425b0996c
tcn,mixed,202,bandpass_n20001_cLA_independent_rms_s5,phase2/results/predictions/full/mixed/tcn/seed_202/bandpass_n20001_cLA_independent_rms_s5.npz,76436,7bf24af8a1000b09e95fc42bf9842d6842d98ef6a113918eb39e0a328a8c177d
tcn,mixed,202,bandpass_n20001_cLA_independent_rms_s0,phase2/results/predictions/full/mixed/tcn/seed_202/bandpass_n20001_cLA_independent_rms_s0.npz,76209,bee7a3748422e710aed6521cc1d29c41a558a11260b43d3a7c05cc28724053a1
tcn,mixed,202,bandpass_n20001_cLA_electrode_s20,phase2/results/predictions/full/mixed/tcn/seed_202/bandpass_n20001_cLA_electrode_s20.npz,76474,a59772ab62a9eb7956d7e005483d496ec6714d14f951b733ca7f495c2aea066e
tcn,mixed,202,bandpass_n20001_cLA_electrode_s15,phase2/results/predictions/full/mixed/tcn/seed_202/bandpass_n20001_cLA_electrode_s15.npz,76463,d85399ab9bd2a22561c796da4586899c559b727625b3e401996d3a7753f9311e
tcn,mixed,202,bandpass_n20001_cLA_electrode_s10,phase2/results/predictions/full/mixed/tcn/seed_202/bandpass_n20001_cLA_electrode_s10.npz,76461,5850b58a018f161919e128318467589244464add0a5ad485be89032a2f14aac8
tcn,mixed,202,bandpass_n20001_cLA_electrode_s5,phase2/results/predictions/full/mixed/tcn/seed_202/bandpass_n20001_cLA_electrode_s5.npz,76236,e9bc5038deca8ea8a4c34861915fc0caa7f5ae324a15e6fdd13f8e64247472de
tcn,mixed,202,bandpass_n20001_cLA_electrode_s0,phase2/results/predictions/full/mixed/tcn/seed_202/bandpass_n20001_cLA_electrode_s0.npz,75889,a611100b68d958e553a91750230cf1646ef2d6c2e0146e8831d85075a87bc320
tcn,mixed,202,bandpass_n20001_cLA_covariance_s20,phase2/results/predictions/full/mixed/tcn/seed_202/bandpass_n20001_cLA_covariance_s20.npz,76497,e0606311c5ac46e4e7941fa8648bb95d9cf97b1a30ff4fba4ffe2f37cf9594e0
tcn,mixed,202,bandpass_n20001_cLA_covariance_s15,phase2/results/predictions/full/mixed/tcn/seed_202/bandpass_n20001_cLA_covariance_s15.npz,76477,1a3f7f910a9e28638c48bc225e425ac138e9f293d6a15b33b6eee5c37ea0e92d
tcn,mixed,202,bandpass_n20001_cLA_covariance_s10,phase2/results/predictions/full/mixed/tcn/seed_202/bandpass_n20001_cLA_covariance_s10.npz,76459,3dc9b895c008df6052bb5009514a0c9100dbc90821c93eb35bf3df769b093bd7
tcn,mixed,202,bandpass_n20001_cLA_covariance_s5,phase2/results/predictions/full/mixed/tcn/seed_202/bandpass_n20001_cLA_covariance_s5.npz,76249,902688fe54035611ea7135081329ab314ee25f16e998a6ecf741421399e86e14
tcn,mixed,202,bandpass_n20001_cLA_covariance_s0,phase2/results/predictions/full/mixed/tcn/seed_202/bandpass_n20001_cLA_covariance_s0.npz,75887,c5a5f1b3399742c549c2351e7558c24cc806c682cdd7b3c7dfd5160f3553964d
tcn,mixed,202,bandpass_n20001_cLL_independent_rms_s20,phase2/results/predictions/full/mixed/tcn/seed_202/bandpass_n20001_cLL_independent_rms_s20.npz,76494,4ebd02badf542f59151a327bef0fe3d12254386eb2ca7dc91a791874038bbca9
tcn,mixed,202,bandpass_n20001_cLL_independent_rms_s15,phase2/results/predictions/full/mixed/tcn/seed_202/bandpass_n20001_cLL_independent_rms_s15.npz,76542,377a3eef23330d5dbb8114fd78b27e7f3fd427e56089a09a71e46c35441fe1c3
tcn,mixed,202,bandpass_n20001_cLL_independent_rms_s10,phase2/results/predictions/full/mixed/tcn/seed_202/bandpass_n20001_cLL_independent_rms_s10.npz,76501,e53c3609f07007a1bae18a34621764c2497c7d6a4970b98af365a44b56cd1c36
tcn,mixed,202,bandpass_n20001_cLL_independent_rms_s5,phase2/results/predictions/full/mixed/tcn/seed_202/bandpass_n20001_cLL_independent_rms_s5.npz,76390,d9727f056e7b6dcee21c8ecd94014dcd1604c42695d4d6189e45a8f0bf0d37a0
tcn,mixed,202,bandpass_n20001_cLL_independent_rms_s0,phase2/results/predictions/full/mixed/tcn/seed_202/bandpass_n20001_cLL_independent_rms_s0.npz,76131,c7764ddb2a259ed843023a9e7143fe4a892829e0803bc4a67220dbb3f718a068
tcn,mixed,202,bandpass_n20001_cLL_electrode_s20,phase2/results/predictions/full/mixed/tcn/seed_202/bandpass_n20001_cLL_electrode_s20.npz,76501,4abe500719d8638a26cc463a54b6d379c115e7763243e84f01789d6ebaa24efd
tcn,mixed,202,bandpass_n20001_cLL_electrode_s15,phase2/results/predictions/full/mixed/tcn/seed_202/bandpass_n20001_cLL_electrode_s15.npz,76463,abc64840ecc12492af5a87d4b9814035b445e898897090c420758a81bc37cb04
tcn,mixed,202,bandpass_n20001_cLL_electrode_s10,phase2/results/predictions/full/mixed/tcn/seed_202/bandpass_n20001_cLL_electrode_s10.npz,76446,62eb24abc2e0e7a11c4246959176e6de343c0cc6b1ad0e7eb30126bf76da2df6
tcn,mixed,202,bandpass_n20001_cLL_electrode_s5,phase2/results/predictions/full/mixed/tcn/seed_202/bandpass_n20001_cLL_electrode_s5.npz,76241,1d0886fa6c1b99615db4539eefe6930c7239fc0a928d98035f1944ffc72594f3
tcn,mixed,202,bandpass_n20001_cLL_electrode_s0,phase2/results/predictions/full/mixed/tcn/seed_202/bandpass_n20001_cLL_electrode_s0.npz,75925,45f7dc26d1f134c5e21aa8dd4fb0dbe892b124c3c8298be853cda2ba9146314e
tcn,mixed,202,bandpass_n20001_cLL_covariance_s20,phase2/results/predictions/full/mixed/tcn/seed_202/bandpass_n20001_cLL_covariance_s20.npz,76486,417e056f30b2b6343be82de757a4d756a52fd4ad970db4fa331bbabdec750524
tcn,mixed,202,bandpass_n20001_cLL_covariance_s15,phase2/results/predictions/full/mixed/tcn/seed_202/bandpass_n20001_cLL_covariance_s15.npz,76525,5e13c7bb34712be1cca2b51ff6f6f2b746dc8333ca77ad024f4406a464798d37
tcn,mixed,202,bandpass_n20001_cLL_covariance_s10,phase2/results/predictions/full/mixed/tcn/seed_202/bandpass_n20001_cLL_covariance_s10.npz,76477,ec09f98256a527f5de27e8a1e334dbd831cf0dcc6d62c9e8140f8ba444329ff5
tcn,mixed,202,bandpass_n20001_cLL_covariance_s5,phase2/results/predictions/full/mixed/tcn/seed_202/bandpass_n20001_cLL_covariance_s5.npz,76249,f75c6cc50e4c0a36807b047eba7ecd36a9f1fba945fb8ca3db29142195300702
tcn,mixed,202,bandpass_n20001_cLL_covariance_s0,phase2/results/predictions/full/mixed/tcn/seed_202/bandpass_n20001_cLL_covariance_s0.npz,75915,d7e3afe706b4751d5760ace621aa0a614bb9e59d66c3c6c7fbc6eb49893368a5
tcn,mixed,202,bandpass_n20001_cRA_V1_independent_rms_s20,phase2/results/predictions/full/mixed/tcn/seed_202/bandpass_n20001_cRA_V1_independent_rms_s20.npz,76535,251cb2dd8d382fb00e6e140fcd6eb8b86c752a50bd8528efaab73828a87e5b57
tcn,mixed,202,bandpass_n20001_cRA_V1_independent_rms_s15,phase2/results/predictions/full/mixed/tcn/seed_202/bandpass_n20001_cRA_V1_independent_rms_s15.npz,76534,3246293882b3cd5a26d76bf85079402ae74c2de283ef9acccf8e4d4be5ff26bd
tcn,mixed,202,bandpass_n20001_cRA_V1_independent_rms_s10,phase2/results/predictions/full/mixed/tcn/seed_202/bandpass_n20001_cRA_V1_independent_rms_s10.npz,76500,1d93fd4cae8dfca2e5bfa8aca952fabd7668cf0a3b0949303982533145b230a9
tcn,mixed,202,bandpass_n20001_cRA_V1_independent_rms_s5,phase2/results/predictions/full/mixed/tcn/seed_202/bandpass_n20001_cRA_V1_independent_rms_s5.npz,76423,4390c8e752a9ae8bad386f7971e0814b253b05cd76f3468ee7388dc9fd9f8b24
tcn,mixed,202,bandpass_n20001_cRA_V1_independent_rms_s0,phase2/results/predictions/full/mixed/tcn/seed_202/bandpass_n20001_cRA_V1_independent_rms_s0.npz,76171,4ced04d70599e37649016738ca2cee194742a0538e4a3c391db7c5011c541909
tcn,mixed,202,bandpass_n20001_cRA_V1_electrode_s20,phase2/results/predictions/full/mixed/tcn/seed_202/bandpass_n20001_cRA_V1_electrode_s20.npz,76478,663148775d4bcbd7cd0223abefb92a7008dfecc4b2ed2b49d0c6be007a2c1b35
tcn,mixed,202,bandpass_n20001_cRA_V1_electrode_s15,phase2/results/predictions/full/mixed/tcn/seed_202/bandpass_n20001_cRA_V1_electrode_s15.npz,76491,49b5fb1ae902603b3e2b54620b9531d259147b7180868f9a4f76503026cafebd
tcn,mixed,202,bandpass_n20001_cRA_V1_electrode_s10,phase2/results/predictions/full/mixed/tcn/seed_202/bandpass_n20001_cRA_V1_electrode_s10.npz,76466,5691926bea6b696d1b619a7b7b49960ba1abc0ed045f19a1902fbc895d126ea8
tcn,mixed,202,bandpass_n20001_cRA_V1_electrode_s5,phase2/results/predictions/full/mixed/tcn/seed_202/bandpass_n20001_cRA_V1_electrode_s5.npz,76360,2b44fc2323331c35c5e3310525e628abf31445ebfa63b0f3362f565e52da83a1
tcn,mixed,202,bandpass_n20001_cRA_V1_electrode_s0,phase2/results/predictions/full/mixed/tcn/seed_202/bandpass_n20001_cRA_V1_electrode_s0.npz,76126,bbefc5e039ee3bf9e5e9c48bcc7b9b3c50d78c7c9dd91d3380e46258f7cebd43
tcn,mixed,202,bandpass_n20001_cRA_V1_covariance_s20,phase2/results/predictions/full/mixed/tcn/seed_202/bandpass_n20001_cRA_V1_covariance_s20.npz,76514,5d1e51bc618dc4fa4ed1923396f31e569652548860b4e809548e71213ca2fc2a
tcn,mixed,202,bandpass_n20001_cRA_V1_covariance_s15,phase2/results/predictions/full/mixed/tcn/seed_202/bandpass_n20001_cRA_V1_covariance_s15.npz,76500,a734d596ae2d17052ee9b3e94326d64c36fbba7a62fd99e041c7f6f1cc4c7210
tcn,mixed,202,bandpass_n20001_cRA_V1_covariance_s10,phase2/results/predictions/full/mixed/tcn/seed_202/bandpass_n20001_cRA_V1_covariance_s10.npz,76473,2a8c71f0958345f44b1a373f4e6765bb9489e7afc610adf051ec60a74e2b0e38
tcn,mixed,202,bandpass_n20001_cRA_V1_covariance_s5,phase2/results/predictions/full/mixed/tcn/seed_202/bandpass_n20001_cRA_V1_covariance_s5.npz,76358,3aa09cef320861d7c58d12af44b493c37f385f2e04559b6cf40717821ce92ab8
tcn,mixed,202,bandpass_n20001_cRA_V1_covariance_s0,phase2/results/predictions/full/mixed/tcn/seed_202/bandpass_n20001_cRA_V1_covariance_s0.npz,76102,2717ee74805d86705e8cd34f039730400f80d9c9e0252727430b9e7d9f69ae2f
tcn,mixed,202,bandpass_n20001_cLA_V6_independent_rms_s20,phase2/results/predictions/full/mixed/tcn/seed_202/bandpass_n20001_cLA_V6_independent_rms_s20.npz,76501,0c95313353f695cbdd852989fa5382b0ce58f1bfb9d9e8e007327bb704a360e3
tcn,mixed,202,bandpass_n20001_cLA_V6_independent_rms_s15,phase2/results/predictions/full/mixed/tcn/seed_202/bandpass_n20001_cLA_V6_independent_rms_s15.npz,76526,744a2b602850bd528ad41af889a715c2dc925a3b6258d74dfe1d79a01b2dc1be
tcn,mixed,202,bandpass_n20001_cLA_V6_independent_rms_s10,phase2/results/predictions/full/mixed/tcn/seed_202/bandpass_n20001_cLA_V6_independent_rms_s10.npz,76504,680cb5abcdfa2fad5093e5f0452152ac93e17a8aac6c21a6c597056f82dceb73
tcn,mixed,202,bandpass_n20001_cLA_V6_independent_rms_s5,phase2/results/predictions/full/mixed/tcn/seed_202/bandpass_n20001_cLA_V6_independent_rms_s5.npz,76454,8ebb7fb33784e34ff89aa50978965f16932328346bd8fa916058780ffed9583c
tcn,mixed,202,bandpass_n20001_cLA_V6_independent_rms_s0,phase2/results/predictions/full/mixed/tcn/seed_202/bandpass_n20001_cLA_V6_independent_rms_s0.npz,76257,00413d08e8568fde6ff3188772884772c3a7460d94fc89501839a05d469e600d
tcn,mixed,202,bandpass_n20001_cLA_V6_electrode_s20,phase2/results/predictions/full/mixed/tcn/seed_202/bandpass_n20001_cLA_V6_electrode_s20.npz,76514,2ff294d39364bb63072acdf8e940dea37d0b9d895eddf7d35f6efbe88846607d
tcn,mixed,202,bandpass_n20001_cLA_V6_electrode_s15,phase2/results/predictions/full/mixed/tcn/seed_202/bandpass_n20001_cLA_V6_electrode_s15.npz,76489,048e9cf2df7ecb73117ad7d891b704a66954064bed65a10158559927a5068395
tcn,mixed,202,bandpass_n20001_cLA_V6_electrode_s10,phase2/results/predictions/full/mixed/tcn/seed_202/bandpass_n20001_cLA_V6_electrode_s10.npz,76454,2c7c09afe2b93479272771426f4f5e4e6f8fdc815b988a2eb2088d3351e27b09
tcn,mixed,202,bandpass_n20001_cLA_V6_electrode_s5,phase2/results/predictions/full/mixed/tcn/seed_202/bandpass_n20001_cLA_V6_electrode_s5.npz,76294,2417483002f0edcf55286bbd9eb72abb7f5f1ed2a75c69f32243a9a68c4cfa06
tcn,mixed,202,bandpass_n20001_cLA_V6_electrode_s0,phase2/results/predictions/full/mixed/tcn/seed_202/bandpass_n20001_cLA_V6_electrode_s0.npz,75946,ab801f4d3a4f3fb487de6308f0b2c70d318d2072e970e1891f4f8c984ff4ea16
tcn,mixed,202,bandpass_n20001_cLA_V6_covariance_s20,phase2/results/predictions/full/mixed/tcn/seed_202/bandpass_n20001_cLA_V6_covariance_s20.npz,76500,91b48c232267e3ed7888205e3629c174a2b3b773c0294a9fc346758365d82405
tcn,mixed,202,bandpass_n20001_cLA_V6_covariance_s15,phase2/results/predictions/full/mixed/tcn/seed_202/bandpass_n20001_cLA_V6_covariance_s15.npz,76515,8f22195b9b4d0817d49020260b73dc1e68f517a38bd0ddd2d5419bb0fe74016f
tcn,mixed,202,bandpass_n20001_cLA_V6_covariance_s10,phase2/results/predictions/full/mixed/tcn/seed_202/bandpass_n20001_cLA_V6_covariance_s10.npz,76496,c878094d60545d3e20bc86b0cfd8077ac49cf06d37102cf0c3beb7e6726eb715
tcn,mixed,202,bandpass_n20001_cLA_V6_covariance_s5,phase2/results/predictions/full/mixed/tcn/seed_202/bandpass_n20001_cLA_V6_covariance_s5.npz,76306,423601a64dfd3317c23732dfed3363c6228be37f765583d5d247bfb40500363a
tcn,mixed,202,bandpass_n20001_cLA_V6_covariance_s0,phase2/results/predictions/full/mixed/tcn/seed_202/bandpass_n20001_cLA_V6_covariance_s0.npz,75933,8eb73fee0a026458fe35f6af4ee476f55913c41ec537bf7800e09c8137ecf10c
tcn,mixed,202,bandpass_n20001_cLL_V4_independent_rms_s20,phase2/results/predictions/full/mixed/tcn/seed_202/bandpass_n20001_cLL_V4_independent_rms_s20.npz,76508,d4b51102674f94f43934588e49973c851f3e8322edde022d9c2db12e2807b3cd
tcn,mixed,202,bandpass_n20001_cLL_V4_independent_rms_s15,phase2/results/predictions/full/mixed/tcn/seed_202/bandpass_n20001_cLL_V4_independent_rms_s15.npz,76499,7208ff6e4401998ed390a95ec95eb94fa66d10be8d6b83549ab6565bb1345e54
tcn,mixed,202,bandpass_n20001_cLL_V4_independent_rms_s10,phase2/results/predictions/full/mixed/tcn/seed_202/bandpass_n20001_cLL_V4_independent_rms_s10.npz,76483,e57e405b88141a99390d222cdd880ffff4a4010294eb4dc33d5b1d8d88a42bd6
tcn,mixed,202,bandpass_n20001_cLL_V4_independent_rms_s5,phase2/results/predictions/full/mixed/tcn/seed_202/bandpass_n20001_cLL_V4_independent_rms_s5.npz,76411,88240923903c62118b48171c0242af14402c6a3320bfce121602fdeb28176723
tcn,mixed,202,bandpass_n20001_cLL_V4_independent_rms_s0,phase2/results/predictions/full/mixed/tcn/seed_202/bandpass_n20001_cLL_V4_independent_rms_s0.npz,76158,b7be7b6186e76730d2de8518a8b80661645bbb2ab017ae8d810e665d51dcf0b9
tcn,mixed,202,bandpass_n20001_cLL_V4_electrode_s20,phase2/results/predictions/full/mixed/tcn/seed_202/bandpass_n20001_cLL_V4_electrode_s20.npz,76513,2d048b9a5cf1617b33b13b38edcf9dac30ee391ae7ee8c3cbde054d284a8a57f
tcn,mixed,202,bandpass_n20001_cLL_V4_electrode_s15,phase2/results/predictions/full/mixed/tcn/seed_202/bandpass_n20001_cLL_V4_electrode_s15.npz,76499,15fcb32539056b967fc912775fe225e8d52ce69a466373a1530697a3bd1c3d31
tcn,mixed,202,bandpass_n20001_cLL_V4_electrode_s10,phase2/results/predictions/full/mixed/tcn/seed_202/bandpass_n20001_cLL_V4_electrode_s10.npz,76477,51cbc2aaf9a88d51d960cf0f4f49c3bd1e83545f3c83bce2264a62f66e058720
tcn,mixed,202,bandpass_n20001_cLL_V4_electrode_s5,phase2/results/predictions/full/mixed/tcn/seed_202/bandpass_n20001_cLL_V4_electrode_s5.npz,76277,4cfc15f819a23d71775afee038a1e7172762f12e228641693d5ddc496e57b4cf
tcn,mixed,202,bandpass_n20001_cLL_V4_electrode_s0,phase2/results/predictions/full/mixed/tcn/seed_202/bandpass_n20001_cLL_V4_electrode_s0.npz,75942,8030b1adb344a39e9114833ff0d05b6e4ef5f8df92d82e95889d078ace5a19ce
tcn,mixed,202,bandpass_n20001_cLL_V4_covariance_s20,phase2/results/predictions/full/mixed/tcn/seed_202/bandpass_n20001_cLL_V4_covariance_s20.npz,76472,dc19560a9c3ce2a2e9944ff696b336453f8b2c5771b711eb7a2782cd2e8730c4
tcn,mixed,202,bandpass_n20001_cLL_V4_covariance_s15,phase2/results/predictions/full/mixed/tcn/seed_202/bandpass_n20001_cLL_V4_covariance_s15.npz,76529,e712bbfe52e25928da5a2d17a8d3d950c6fe06151738107c7f5ad0868efebfd9
tcn,mixed,202,bandpass_n20001_cLL_V4_covariance_s10,phase2/results/predictions/full/mixed/tcn/seed_202/bandpass_n20001_cLL_V4_covariance_s10.npz,76479,b1c8bbfcd257495f4f83c557e58768e177c211fb709e709d584434017284cbee
tcn,mixed,202,bandpass_n20001_cLL_V4_covariance_s5,phase2/results/predictions/full/mixed/tcn/seed_202/bandpass_n20001_cLL_V4_covariance_s5.npz,76293,436c2692297473c0459a44e3d95cac8921fa40f80adca00a1431a8e21ee46014
tcn,mixed,202,bandpass_n20001_cLL_V4_covariance_s0,phase2/results/predictions/full/mixed/tcn/seed_202/bandpass_n20001_cLL_V4_covariance_s0.npz,75952,bda5b0b21f3f58951c241d852ca54f4d20d65367e99063277e8bc0c8f2897909
tcn,mixed,202,bandpass_n20001_cRA_LA_V1_V6_independent_rms_s20,phase2/results/predictions/full/mixed/tcn/seed_202/bandpass_n20001_cRA_LA_V1_V6_independent_rms_s20.npz,76550,ee8abbf87074dd4d96d32923ecad8f287ac3efe7e0d4a7ba577fca596f7b4d18
tcn,mixed,202,bandpass_n20001_cRA_LA_V1_V6_independent_rms_s15,phase2/results/predictions/full/mixed/tcn/seed_202/bandpass_n20001_cRA_LA_V1_V6_independent_rms_s15.npz,76536,368117ec11ef64b3e3f8fe82eff289c27a032978fbef8d0f0468b804bdea4b89
tcn,mixed,202,bandpass_n20001_cRA_LA_V1_V6_independent_rms_s10,phase2/results/predictions/full/mixed/tcn/seed_202/bandpass_n20001_cRA_LA_V1_V6_independent_rms_s10.npz,76498,ca29ab3dea6cb2727c28ed307dbf1033e448fa4524eb73f6bca9097e2bc8680e
tcn,mixed,202,bandpass_n20001_cRA_LA_V1_V6_independent_rms_s5,phase2/results/predictions/full/mixed/tcn/seed_202/bandpass_n20001_cRA_LA_V1_V6_independent_rms_s5.npz,76457,b2abdfacb02586ddc7151f97e7742cc8368340a8f26827dbad5ce76a46a1ef5c
tcn,mixed,202,bandpass_n20001_cRA_LA_V1_V6_independent_rms_s0,phase2/results/predictions/full/mixed/tcn/seed_202/bandpass_n20001_cRA_LA_V1_V6_independent_rms_s0.npz,76229,1086528445f6a45f4ffa3c56f950496b83bf39b8b84ed8c47c20c8e688209e35
tcn,mixed,202,bandpass_n20001_cRA_LA_V1_V6_electrode_s20,phase2/results/predictions/full/mixed/tcn/seed_202/bandpass_n20001_cRA_LA_V1_V6_electrode_s20.npz,76490,e766aff1805e1f94571a00f83e909eda4b4f9aea5bd617daeb384930bcbcb2a7
tcn,mixed,202,bandpass_n20001_cRA_LA_V1_V6_electrode_s15,phase2/results/predictions/full/mixed/tcn/seed_202/bandpass_n20001_cRA_LA_V1_V6_electrode_s15.npz,76485,b12ed527b2c1ba46120143fa0df7f1c0608f3fdc60c334af5553c181f39cc625
tcn,mixed,202,bandpass_n20001_cRA_LA_V1_V6_electrode_s10,phase2/results/predictions/full/mixed/tcn/seed_202/bandpass_n20001_cRA_LA_V1_V6_electrode_s10.npz,76501,57e36cbf65bd90378a24e4d5bfc4b28eb77baf4756c390a54c1ba11601563d66
tcn,mixed,202,bandpass_n20001_cRA_LA_V1_V6_electrode_s5,phase2/results/predictions/full/mixed/tcn/seed_202/bandpass_n20001_cRA_LA_V1_V6_electrode_s5.npz,76355,a7ebc0a03cca5f58f6ff711b395157b0716a300e19c730d672e86c24fed2a11f
tcn,mixed,202,bandpass_n20001_cRA_LA_V1_V6_electrode_s0,phase2/results/predictions/full/mixed/tcn/seed_202/bandpass_n20001_cRA_LA_V1_V6_electrode_s0.npz,76028,79a7286fc883f2f83275924c2f7e04d45e4ac2bea97700f994f292e063ba66f7
tcn,mixed,202,bandpass_n20001_cRA_LA_V1_V6_covariance_s20,phase2/results/predictions/full/mixed/tcn/seed_202/bandpass_n20001_cRA_LA_V1_V6_covariance_s20.npz,76526,75e63510764f30f131bcff0997cbf20f0457bc20e573df46ace26cbfaff87f5a
tcn,mixed,202,bandpass_n20001_cRA_LA_V1_V6_covariance_s15,phase2/results/predictions/full/mixed/tcn/seed_202/bandpass_n20001_cRA_LA_V1_V6_covariance_s15.npz,76476,3d69e23722bd0533603cc4afb04df4197c4a0b641e553bb0ff0cec0023ed875e
tcn,mixed,202,bandpass_n20001_cRA_LA_V1_V6_covariance_s10,phase2/results/predictions/full/mixed/tcn/seed_202/bandpass_n20001_cRA_LA_V1_V6_covariance_s10.npz,76481,5de5d8fadf95ed6c038e2d495266922d598467af4e4037d67f24f51601277f26
tcn,mixed,202,bandpass_n20001_cRA_LA_V1_V6_covariance_s5,phase2/results/predictions/full/mixed/tcn/seed_202/bandpass_n20001_cRA_LA_V1_V6_covariance_s5.npz,76348,6f53a8c8b0d4ea0066e07234a48bb0422440bd51e15588fac07a66351afe8477
tcn,mixed,202,bandpass_n20001_cRA_LA_V1_V6_covariance_s0,phase2/results/predictions/full/mixed/tcn/seed_202/bandpass_n20001_cRA_LA_V1_V6_covariance_s0.npz,76060,d36b523aad06bd867454a4ef7555c78cce5985c0dfb398c703ec65911b245369
tcn,mixed,202,bandpass_n20001_cRA_V2_V5_independent_rms_s20,phase2/results/predictions/full/mixed/tcn/seed_202/bandpass_n20001_cRA_V2_V5_independent_rms_s20.npz,76479,c2ea9eca7ad141702eae03cfc856c940b528c6b324f2fb82b2c289a63b166d4e
tcn,mixed,202,bandpass_n20001_cRA_V2_V5_independent_rms_s15,phase2/results/predictions/full/mixed/tcn/seed_202/bandpass_n20001_cRA_V2_V5_independent_rms_s15.npz,76505,60213d660c0341781d25f7430cd5c1abddf961019c9ac1c08e3bea038952e105
tcn,mixed,202,bandpass_n20001_cRA_V2_V5_independent_rms_s10,phase2/results/predictions/full/mixed/tcn/seed_202/bandpass_n20001_cRA_V2_V5_independent_rms_s10.npz,76494,bbb57ebf5790bc9d42d6481ef51860220128bbab09f94b4733fe498f34e763bf
tcn,mixed,202,bandpass_n20001_cRA_V2_V5_independent_rms_s5,phase2/results/predictions/full/mixed/tcn/seed_202/bandpass_n20001_cRA_V2_V5_independent_rms_s5.npz,76454,5bc5e22a7e76889cdbb354b03438778f7acc839000eca27bc1a7f38917118933
tcn,mixed,202,bandpass_n20001_cRA_V2_V5_independent_rms_s0,phase2/results/predictions/full/mixed/tcn/seed_202/bandpass_n20001_cRA_V2_V5_independent_rms_s0.npz,76237,9fcc7adcbd7ac5a752b27768c53bb9e50cfe877249f77e3c5ba756995d113734
tcn,mixed,202,bandpass_n20001_cRA_V2_V5_electrode_s20,phase2/results/predictions/full/mixed/tcn/seed_202/bandpass_n20001_cRA_V2_V5_electrode_s20.npz,76492,9f788367a47bc69653f2e2aee92bdcbd12933ce708fa1aa9c287b9cadbcebad9
tcn,mixed,202,bandpass_n20001_cRA_V2_V5_electrode_s15,phase2/results/predictions/full/mixed/tcn/seed_202/bandpass_n20001_cRA_V2_V5_electrode_s15.npz,76502,123add3153fbff0178872c257804ba94acbbd572e66d57159dd6a656a37f451e
tcn,mixed,202,bandpass_n20001_cRA_V2_V5_electrode_s10,phase2/results/predictions/full/mixed/tcn/seed_202/bandpass_n20001_cRA_V2_V5_electrode_s10.npz,76452,325eafd36205327ddb26e290ca58228bba193ad2f734928c87cf727d1b8cca00
tcn,mixed,202,bandpass_n20001_cRA_V2_V5_electrode_s5,phase2/results/predictions/full/mixed/tcn/seed_202/bandpass_n20001_cRA_V2_V5_electrode_s5.npz,76348,3057f75c1d65d94ff270b1849a374f98c3b888d4eb3beda740204ced306c3c7f
tcn,mixed,202,bandpass_n20001_cRA_V2_V5_electrode_s0,phase2/results/predictions/full/mixed/tcn/seed_202/bandpass_n20001_cRA_V2_V5_electrode_s0.npz,76139,bda25b4c3e4b1c81ce02c25ae6ebdf7ce905a397581d03c0460ce88fac58455c
tcn,mixed,202,bandpass_n20001_cRA_V2_V5_covariance_s20,phase2/results/predictions/full/mixed/tcn/seed_202/bandpass_n20001_cRA_V2_V5_covariance_s20.npz,76501,e28b0eaf5e7a3551af86e2469d72b1a40bdd1ac62e28e53af944eaf2f0668d13
tcn,mixed,202,bandpass_n20001_cRA_V2_V5_covariance_s15,phase2/results/predictions/full/mixed/tcn/seed_202/bandpass_n20001_cRA_V2_V5_covariance_s15.npz,76484,bbcc9a2013a0c4e56e20f896a9ba7cf172395f3f49da7c1c0074851e0b785252
tcn,mixed,202,bandpass_n20001_cRA_V2_V5_covariance_s10,phase2/results/predictions/full/mixed/tcn/seed_202/bandpass_n20001_cRA_V2_V5_covariance_s10.npz,76465,f472038d154dbe9bb82bc7f438b82f441ae79dd7254356c65a39c4ec0372d8b8
tcn,mixed,202,bandpass_n20001_cRA_V2_V5_covariance_s5,phase2/results/predictions/full/mixed/tcn/seed_202/bandpass_n20001_cRA_V2_V5_covariance_s5.npz,76373,1da1b601336d4f4eac4a6342844de83c1422e795cd9a023a1592a80a43e50d8d
tcn,mixed,202,bandpass_n20001_cRA_V2_V5_covariance_s0,phase2/results/predictions/full/mixed/tcn/seed_202/bandpass_n20001_cRA_V2_V5_covariance_s0.npz,76105,adcf201e425bae4542bd0f5686f19765d884f2fc9daacd43fd5d1fa516e9f6e6
tcn,mixed,202,bandpass_n20001_cLA_V3_V6_independent_rms_s20,phase2/results/predictions/full/mixed/tcn/seed_202/bandpass_n20001_cLA_V3_V6_independent_rms_s20.npz,76522,818918584e9bd050689c6f62e55be0ad30a178bea21cfc50ffc068eac63701a9
tcn,mixed,202,bandpass_n20001_cLA_V3_V6_independent_rms_s15,phase2/results/predictions/full/mixed/tcn/seed_202/bandpass_n20001_cLA_V3_V6_independent_rms_s15.npz,76544,e1a64970d5ee7c68e22f56ff869c7e272ee23e0e1202c564cec37d50b837e763
tcn,mixed,202,bandpass_n20001_cLA_V3_V6_independent_rms_s10,phase2/results/predictions/full/mixed/tcn/seed_202/bandpass_n20001_cLA_V3_V6_independent_rms_s10.npz,76506,923b1a6ec4edefae03af0d52c98ca09df2c1f3d215949eb6726c0d0192569d53
tcn,mixed,202,bandpass_n20001_cLA_V3_V6_independent_rms_s5,phase2/results/predictions/full/mixed/tcn/seed_202/bandpass_n20001_cLA_V3_V6_independent_rms_s5.npz,76506,64693a91909ae9f03559c60cdf8443d179affa2688dd04d1efe9bb374d6bf2fe
tcn,mixed,202,bandpass_n20001_cLA_V3_V6_independent_rms_s0,phase2/results/predictions/full/mixed/tcn/seed_202/bandpass_n20001_cLA_V3_V6_independent_rms_s0.npz,76279,c246099a493f782af48b498664bf42566c6c0624a68e9e59201b001274917ee3
tcn,mixed,202,bandpass_n20001_cLA_V3_V6_electrode_s20,phase2/results/predictions/full/mixed/tcn/seed_202/bandpass_n20001_cLA_V3_V6_electrode_s20.npz,76516,96d3db703fc03777fe50bd0cc9c07d24edb246c02b00143cc23e35c75913f4f3
tcn,mixed,202,bandpass_n20001_cLA_V3_V6_electrode_s15,phase2/results/predictions/full/mixed/tcn/seed_202/bandpass_n20001_cLA_V3_V6_electrode_s15.npz,76505,a6b2166bbf0640deb5293faff2a384a8f2c367b955db1e2522ebec3bfeb1334a
tcn,mixed,202,bandpass_n20001_cLA_V3_V6_electrode_s10,phase2/results/predictions/full/mixed/tcn/seed_202/bandpass_n20001_cLA_V3_V6_electrode_s10.npz,76508,11b35b0e3de34716ec5678b7af0bbafa574d98f5a0312c87b919ea01ffeff6bf
tcn,mixed,202,bandpass_n20001_cLA_V3_V6_electrode_s5,phase2/results/predictions/full/mixed/tcn/seed_202/bandpass_n20001_cLA_V3_V6_electrode_s5.npz,76337,e6fabe5ddc5426c923ef94806af720ae7af77cdf4c6e2b96abcaab03b87ba4c7
tcn,mixed,202,bandpass_n20001_cLA_V3_V6_electrode_s0,phase2/results/predictions/full/mixed/tcn/seed_202/bandpass_n20001_cLA_V3_V6_electrode_s0.npz,75993,518380015b51aaa62f2f174718406b1a013b3f296f746b87766e25fe1c47625d
tcn,mixed,202,bandpass_n20001_cLA_V3_V6_covariance_s20,phase2/results/predictions/full/mixed/tcn/seed_202/bandpass_n20001_cLA_V3_V6_covariance_s20.npz,76503,656a570a1f175edc6259245300ac748344ec381cf5843233467300c081412ae2
tcn,mixed,202,bandpass_n20001_cLA_V3_V6_covariance_s15,phase2/results/predictions/full/mixed/tcn/seed_202/bandpass_n20001_cLA_V3_V6_covariance_s15.npz,76527,f240dd660874086bebd64c159eaaada791f8c6040d5e60ca32b204ff9958ad9f
tcn,mixed,202,bandpass_n20001_cLA_V3_V6_covariance_s10,phase2/results/predictions/full/mixed/tcn/seed_202/bandpass_n20001_cLA_V3_V6_covariance_s10.npz,76471,f8ff4d9cc46843ff5e0e1e659bc8a7078a215f90b7784a6a39eb982837131255
tcn,mixed,202,bandpass_n20001_cLA_V3_V6_covariance_s5,phase2/results/predictions/full/mixed/tcn/seed_202/bandpass_n20001_cLA_V3_V6_covariance_s5.npz,76394,f10b36628cd3624ee9e729389fbd49105171ccf0641daa45c575188b020fa067
tcn,mixed,202,bandpass_n20001_cLA_V3_V6_covariance_s0,phase2/results/predictions/full/mixed/tcn/seed_202/bandpass_n20001_cLA_V3_V6_covariance_s0.npz,75984,e7b9db7e38d92d103db5c511f0994012ea9c5cf7ee35431d562130a94bfe9c42
tcn,mixed,202,bandpass_n20001_cLL_V1_V4_independent_rms_s20,phase2/results/predictions/full/mixed/tcn/seed_202/bandpass_n20001_cLL_V1_V4_independent_rms_s20.npz,76536,b5ad4559882b4e8b5324ccd2906748a13840156c2cb6ab5dcaf2377bfa893afb
tcn,mixed,202,bandpass_n20001_cLL_V1_V4_independent_rms_s15,phase2/results/predictions/full/mixed/tcn/seed_202/bandpass_n20001_cLL_V1_V4_independent_rms_s15.npz,76524,d4275cc0312c861ddd60ecbfc00fe48ba0acf83e37a009c00e724746d7b954cb
tcn,mixed,202,bandpass_n20001_cLL_V1_V4_independent_rms_s10,phase2/results/predictions/full/mixed/tcn/seed_202/bandpass_n20001_cLL_V1_V4_independent_rms_s10.npz,76501,2ef52f9d5d3cae525749180bd701629a9b117db74327cded4d20a36de7f1739d
tcn,mixed,202,bandpass_n20001_cLL_V1_V4_independent_rms_s5,phase2/results/predictions/full/mixed/tcn/seed_202/bandpass_n20001_cLL_V1_V4_independent_rms_s5.npz,76442,7681674f3cfe1479435e730d633c4b1c17c095ab8791b9969d86e65dc711582a
tcn,mixed,202,bandpass_n20001_cLL_V1_V4_independent_rms_s0,phase2/results/predictions/full/mixed/tcn/seed_202/bandpass_n20001_cLL_V1_V4_independent_rms_s0.npz,76136,f02bd4701c7ff04fff8c84bd97ea4e0f48402c0bc5f0c2548c2770d8d1d770d2
tcn,mixed,202,bandpass_n20001_cLL_V1_V4_electrode_s20,phase2/results/predictions/full/mixed/tcn/seed_202/bandpass_n20001_cLL_V1_V4_electrode_s20.npz,76515,9870e864040de87b1cfcd185541d6348370cce1f227986ed78f668a3122c7cff
tcn,mixed,202,bandpass_n20001_cLL_V1_V4_electrode_s15,phase2/results/predictions/full/mixed/tcn/seed_202/bandpass_n20001_cLL_V1_V4_electrode_s15.npz,76505,229a9ee90da7fbd647f4307c1dd3d9168d13a94046d67c0631023b926b8f044f
tcn,mixed,202,bandpass_n20001_cLL_V1_V4_electrode_s10,phase2/results/predictions/full/mixed/tcn/seed_202/bandpass_n20001_cLL_V1_V4_electrode_s10.npz,76504,871dfd86de8d19856e3130b425e362802085d355ebe9157cfc7980c94ba97430
tcn,mixed,202,bandpass_n20001_cLL_V1_V4_electrode_s5,phase2/results/predictions/full/mixed/tcn/seed_202/bandpass_n20001_cLL_V1_V4_electrode_s5.npz,76308,db3ded4fa368b3cf314427378bc647e3c955de0ebb00e5d6ef596811b26f1b9a
tcn,mixed,202,bandpass_n20001_cLL_V1_V4_electrode_s0,phase2/results/predictions/full/mixed/tcn/seed_202/bandpass_n20001_cLL_V1_V4_electrode_s0.npz,75962,556746067a2de24bacec6357749922d08198598e8bdd53912fab625cfc08a011
tcn,mixed,202,bandpass_n20001_cLL_V1_V4_covariance_s20,phase2/results/predictions/full/mixed/tcn/seed_202/bandpass_n20001_cLL_V1_V4_covariance_s20.npz,76509,772aee54b97a381b94829e70bed2fe1328f99585877c38ca2f2fd140c2ba96d7
tcn,mixed,202,bandpass_n20001_cLL_V1_V4_covariance_s15,phase2/results/predictions/full/mixed/tcn/seed_202/bandpass_n20001_cLL_V1_V4_covariance_s15.npz,76505,009944222e1a3e23e99360d185f259a1f89374e8fc1b140dacdf8f7b8ab4dc8d
tcn,mixed,202,bandpass_n20001_cLL_V1_V4_covariance_s10,phase2/results/predictions/full/mixed/tcn/seed_202/bandpass_n20001_cLL_V1_V4_covariance_s10.npz,76469,fc00c632cd75b117c8e57b71909e4d431e05f879f92b05af48c5854eae014168
tcn,mixed,202,bandpass_n20001_cLL_V1_V4_covariance_s5,phase2/results/predictions/full/mixed/tcn/seed_202/bandpass_n20001_cLL_V1_V4_covariance_s5.npz,76324,d3fcd9a81d015d76bfe0276c09919468b055a033c80dbb2ebaa2cd4892c2226f
tcn,mixed,202,bandpass_n20001_cLL_V1_V4_covariance_s0,phase2/results/predictions/full/mixed/tcn/seed_202/bandpass_n20001_cLL_V1_V4_covariance_s0.npz,75962,0a7e53a0818136fc841563b69d5bc602154b9b4d80aa6f39d2a76ce0bd4fe4ec
tcn,mixed,202,bandpass_n20001_call_independent_rms_s20,phase2/results/predictions/full/mixed/tcn/seed_202/bandpass_n20001_call_independent_rms_s20.npz,76473,bdbb7c29d5480bcefb9476cdf3e6ae2c031221a0ac350cb6df0fbdcf182d180d
tcn,mixed,202,bandpass_n20001_call_independent_rms_s15,phase2/results/predictions/full/mixed/tcn/seed_202/bandpass_n20001_call_independent_rms_s15.npz,76464,175deb06f22b795a72c347910d68493aa2439293f8b7f0d94f71a79d41ac4b4f
tcn,mixed,202,bandpass_n20001_call_independent_rms_s10,phase2/results/predictions/full/mixed/tcn/seed_202/bandpass_n20001_call_independent_rms_s10.npz,76481,3381611cc85a9b9d6566ab63ec4aa9371c0b359cca747af99edb34a5981ba45a
tcn,mixed,202,bandpass_n20001_call_independent_rms_s5,phase2/results/predictions/full/mixed/tcn/seed_202/bandpass_n20001_call_independent_rms_s5.npz,76407,f4c2ce607eae7d9044f8ca3dfe5be632484673017713527d31742cdbe144488e
tcn,mixed,202,bandpass_n20001_call_independent_rms_s0,phase2/results/predictions/full/mixed/tcn/seed_202/bandpass_n20001_call_independent_rms_s0.npz,76168,c6d70e2c334e8e0a15e762e92deb2fa799b07eb6423878004dc81faa1aadc1e3
tcn,mixed,202,bandpass_n20001_call_electrode_s20,phase2/results/predictions/full/mixed/tcn/seed_202/bandpass_n20001_call_electrode_s20.npz,76470,577f36f1f051c0a0c9354ff6c446ac76a5d067fa3694d9049eca404961825abb
tcn,mixed,202,bandpass_n20001_call_electrode_s15,phase2/results/predictions/full/mixed/tcn/seed_202/bandpass_n20001_call_electrode_s15.npz,76456,578eaae2dd64635cbeaa7f45cc8972517104c1ef47b0a14b1e98701901d8c785
tcn,mixed,202,bandpass_n20001_call_electrode_s10,phase2/results/predictions/full/mixed/tcn/seed_202/bandpass_n20001_call_electrode_s10.npz,76457,dde2a6686b2fdec92b73ef00ebe2fbcd81e307c6557eca0d57715dd508802941
tcn,mixed,202,bandpass_n20001_call_electrode_s5,phase2/results/predictions/full/mixed/tcn/seed_202/bandpass_n20001_call_electrode_s5.npz,76298,14d8cee9881f686ca7f0d24e885b528180f94d24f1bb9f014cd56fb3fc82e0c8
tcn,mixed,202,bandpass_n20001_call_electrode_s0,phase2/results/predictions/full/mixed/tcn/seed_202/bandpass_n20001_call_electrode_s0.npz,75968,ffba2615ff075364b3c32f713b16bf56895354f68bbdba9af68df27f6b0828fc
tcn,mixed,202,bandpass_n20001_call_covariance_s20,phase2/results/predictions/full/mixed/tcn/seed_202/bandpass_n20001_call_covariance_s20.npz,76478,9861e08c38648056bf69da07a7a314bbf34032b8d532440bd9ec32f60c64f58e
tcn,mixed,202,bandpass_n20001_call_covariance_s15,phase2/results/predictions/full/mixed/tcn/seed_202/bandpass_n20001_call_covariance_s15.npz,76474,5ff1a03017778dcf32a71d8d41eda6b0127921f9e0324314f59af35ed840148e
tcn,mixed,202,bandpass_n20001_call_covariance_s10,phase2/results/predictions/full/mixed/tcn/seed_202/bandpass_n20001_call_covariance_s10.npz,76450,4f8a53d68cc633909751e1aaa9853f373c320d4e3c11d90e50f3f5befe2800d7
tcn,mixed,202,bandpass_n20001_call_covariance_s5,phase2/results/predictions/full/mixed/tcn/seed_202/bandpass_n20001_call_covariance_s5.npz,76302,e7460aae1236108ffc9136d984a2cd4c6b8372429525a2e7d71d11385242b192
tcn,mixed,202,bandpass_n20001_call_covariance_s0,phase2/results/predictions/full/mixed/tcn/seed_202/bandpass_n20001_call_covariance_s0.npz,75935,79d09c9138a8d4f10ffb0918569d359f10eada6c9e9a653dd77dfb4f58f9aedd
tcn,mixed,202,bandpass_n20002_cRA_LA_LL_independent_rms_s20,phase2/results/predictions/full/mixed/tcn/seed_202/bandpass_n20002_cRA_LA_LL_independent_rms_s20.npz,76467,81dae1be8e8e892a831a7af7cf9ac94604e44b48fe1fa95681c2275d3a6ff8a9
tcn,mixed,202,bandpass_n20002_cRA_LA_LL_independent_rms_s15,phase2/results/predictions/full/mixed/tcn/seed_202/bandpass_n20002_cRA_LA_LL_independent_rms_s15.npz,76486,39c78f7064a1070cb799a1a63935299982c7e36c94214f5e089fa9acf5ec4131
tcn,mixed,202,bandpass_n20002_cRA_LA_LL_independent_rms_s10,phase2/results/predictions/full/mixed/tcn/seed_202/bandpass_n20002_cRA_LA_LL_independent_rms_s10.npz,76479,d3bf855a71bd3348d2e338b4c98dd7b7626217cd9fc1c9226ddb4ec186a7938c
tcn,mixed,202,bandpass_n20002_cRA_LA_LL_independent_rms_s5,phase2/results/predictions/full/mixed/tcn/seed_202/bandpass_n20002_cRA_LA_LL_independent_rms_s5.npz,76463,9fedc2a9854e944b68cd53bb677b3e4d6811a6f989641fcb2720207d1ea5a426
tcn,mixed,202,bandpass_n20002_cRA_LA_LL_independent_rms_s0,phase2/results/predictions/full/mixed/tcn/seed_202/bandpass_n20002_cRA_LA_LL_independent_rms_s0.npz,76209,21f88491244e2049556790b2db8f481f70fc954632498cd8717c8ea72807cfdb
tcn,mixed,202,bandpass_n20002_cRA_LA_LL_electrode_s20,phase2/results/predictions/full/mixed/tcn/seed_202/bandpass_n20002_cRA_LA_LL_electrode_s20.npz,76482,3f7ae89f94587819dcb49ac9e2bb5bd61acf35e82bda0ee0b3a5dbba8ff74cfe
tcn,mixed,202,bandpass_n20002_cRA_LA_LL_electrode_s15,phase2/results/predictions/full/mixed/tcn/seed_202/bandpass_n20002_cRA_LA_LL_electrode_s15.npz,76488,ccbf13b830fbc2b4b06e98c7f68ed4fe3e6c090323793dc70323f10c7cdef382
tcn,mixed,202,bandpass_n20002_cRA_LA_LL_electrode_s10,phase2/results/predictions/full/mixed/tcn/seed_202/bandpass_n20002_cRA_LA_LL_electrode_s10.npz,76440,45430baaf0fec1d1090fd5ffbdd3fcd082cb6687c5dab7d4af9b22b39c0419e8
tcn,mixed,202,bandpass_n20002_cRA_LA_LL_electrode_s5,phase2/results/predictions/full/mixed/tcn/seed_202/bandpass_n20002_cRA_LA_LL_electrode_s5.npz,76288,ee849d95c8c4c81da502a2d0b03f1886ce6421a9057028735ee3a0c1f6b7dde2
tcn,mixed,202,bandpass_n20002_cRA_LA_LL_electrode_s0,phase2/results/predictions/full/mixed/tcn/seed_202/bandpass_n20002_cRA_LA_LL_electrode_s0.npz,75911,100e386154b37f1ef797d38c37762f07c910027b87573f59f169a304cd6d0646
tcn,mixed,202,bandpass_n20002_cRA_LA_LL_covariance_s20,phase2/results/predictions/full/mixed/tcn/seed_202/bandpass_n20002_cRA_LA_LL_covariance_s20.npz,76506,4d6878aa695f13cde3758d5140f813bb71af2a3d88590a43c989e95ea0178e5f
tcn,mixed,202,bandpass_n20002_cRA_LA_LL_covariance_s15,phase2/results/predictions/full/mixed/tcn/seed_202/bandpass_n20002_cRA_LA_LL_covariance_s15.npz,76474,714489d2c53f139091ff5a9d7ea73c815b4298aaf0fb62a6bec85f519a578534
tcn,mixed,202,bandpass_n20002_cRA_LA_LL_covariance_s10,phase2/results/predictions/full/mixed/tcn/seed_202/bandpass_n20002_cRA_LA_LL_covariance_s10.npz,76443,6c1c340c2d1343870350e0560c2845fcdbe17e26d7e1f3e747a050ea2f88c788
tcn,mixed,202,bandpass_n20002_cRA_LA_LL_covariance_s5,phase2/results/predictions/full/mixed/tcn/seed_202/bandpass_n20002_cRA_LA_LL_covariance_s5.npz,76310,2171ca3d9adbd2bf4055da89b36e3dfdb13c10f75abb5b84d16dba9c12963d95
tcn,mixed,202,bandpass_n20002_cRA_LA_LL_covariance_s0,phase2/results/predictions/full/mixed/tcn/seed_202/bandpass_n20002_cRA_LA_LL_covariance_s0.npz,75904,bc65a3f0f3a881b9ac3f753b5eb7a78f88e72484df8ae9d6a8ceb49c0342b1f0
tcn,mixed,202,bandpass_n20002_cV1_independent_rms_s20,phase2/results/predictions/full/mixed/tcn/seed_202/bandpass_n20002_cV1_independent_rms_s20.npz,76484,1a4407efa0e141d901deadfe21f1b73f5707673e6bb2ef750d4073f065ea9ce7
tcn,mixed,202,bandpass_n20002_cV1_independent_rms_s15,phase2/results/predictions/full/mixed/tcn/seed_202/bandpass_n20002_cV1_independent_rms_s15.npz,76491,3bea7d856cbdb48cac294badb878c6117855542324df5f3523e22b72d85d4ad3
tcn,mixed,202,bandpass_n20002_cV1_independent_rms_s10,phase2/results/predictions/full/mixed/tcn/seed_202/bandpass_n20002_cV1_independent_rms_s10.npz,76487,cde2b542d51ea09afcd903c4a5dc9c9af4bd8e47288df29d92fc202ad2e023ff
tcn,mixed,202,bandpass_n20002_cV1_independent_rms_s5,phase2/results/predictions/full/mixed/tcn/seed_202/bandpass_n20002_cV1_independent_rms_s5.npz,76331,2723ffe1091d695c84eaa0a05347a646220fe008ae3b84a8088c549c5299bfe4
tcn,mixed,202,bandpass_n20002_cV1_independent_rms_s0,phase2/results/predictions/full/mixed/tcn/seed_202/bandpass_n20002_cV1_independent_rms_s0.npz,76033,45fe4758fc2fc4e56a9e7d72e9f2579a9cb57977b8748c50df5b1fbc4e623461
tcn,mixed,202,bandpass_n20002_cV1_electrode_s20,phase2/results/predictions/full/mixed/tcn/seed_202/bandpass_n20002_cV1_electrode_s20.npz,76511,3f0eb5366e6d8fa5d74807e9275811541292844080b1534566db72cc4b59e149
tcn,mixed,202,bandpass_n20002_cV1_electrode_s15,phase2/results/predictions/full/mixed/tcn/seed_202/bandpass_n20002_cV1_electrode_s15.npz,76468,4073e8730690e6ecb119b4e15954eb22178d0c382c73dc2496188db322b7e4e8
tcn,mixed,202,bandpass_n20002_cV1_electrode_s10,phase2/results/predictions/full/mixed/tcn/seed_202/bandpass_n20002_cV1_electrode_s10.npz,76476,89495dfb3393b6c314b2a0f76815c55b03b9cf3c2736fdd757821cb12038bda5
tcn,mixed,202,bandpass_n20002_cV1_electrode_s5,phase2/results/predictions/full/mixed/tcn/seed_202/bandpass_n20002_cV1_electrode_s5.npz,76334,0d984a417b442420638d353f1742d4b83f0ffab3ae78f2c44efa04f98c80d1ce
tcn,mixed,202,bandpass_n20002_cV1_electrode_s0,phase2/results/predictions/full/mixed/tcn/seed_202/bandpass_n20002_cV1_electrode_s0.npz,76025,f230bbcd374b555994c485ee2e5ff1f77fa9f76f59ae1645582e31d6d17b4c35
tcn,mixed,202,bandpass_n20002_cV1_covariance_s20,phase2/results/predictions/full/mixed/tcn/seed_202/bandpass_n20002_cV1_covariance_s20.npz,76455,9679e01021b2b3375bf5bf06e16917eec8d12e2fc7d22f48c0ac86fb9a2b74a1
tcn,mixed,202,bandpass_n20002_cV1_covariance_s15,phase2/results/predictions/full/mixed/tcn/seed_202/bandpass_n20002_cV1_covariance_s15.npz,76496,32ee3845bf2c1bb84c3c31f92e7ab8bcf4a8ab4b5e441682e2adec3164e967c5
tcn,mixed,202,bandpass_n20002_cV1_covariance_s10,phase2/results/predictions/full/mixed/tcn/seed_202/bandpass_n20002_cV1_covariance_s10.npz,76458,b2d4c0bef6e48d0296e286e52897660425c0b8e0749b9e8745fde529fab3ead8
tcn,mixed,202,bandpass_n20002_cV1_covariance_s5,phase2/results/predictions/full/mixed/tcn/seed_202/bandpass_n20002_cV1_covariance_s5.npz,76328,a30a0687af1b04433c224dcac20136f41e03053fa43d07035e110d6c12a2ecec
tcn,mixed,202,bandpass_n20002_cV1_covariance_s0,phase2/results/predictions/full/mixed/tcn/seed_202/bandpass_n20002_cV1_covariance_s0.npz,76017,0415e0bf8c012a3fa55fc4da0d5c5ed46477cf772aed0bf6a04408d2eb4495c2
tcn,mixed,202,bandpass_n20002_cV2_independent_rms_s20,phase2/results/predictions/full/mixed/tcn/seed_202/bandpass_n20002_cV2_independent_rms_s20.npz,76491,44937c2c41797f3615a11c4ea4afcf615517df06cf48c32855979bc992c5e3e6
tcn,mixed,202,bandpass_n20002_cV2_independent_rms_s15,phase2/results/predictions/full/mixed/tcn/seed_202/bandpass_n20002_cV2_independent_rms_s15.npz,76475,b7a715642b01e022ed542a3c085e1a85b13ee4bc91b3924e0b7e9ea7b4d693ca
tcn,mixed,202,bandpass_n20002_cV2_independent_rms_s10,phase2/results/predictions/full/mixed/tcn/seed_202/bandpass_n20002_cV2_independent_rms_s10.npz,76474,e32c017a09e85a3031cd873e8bad14038e8685f5241ba83252d2d3e3f7abce30
tcn,mixed,202,bandpass_n20002_cV2_independent_rms_s5,phase2/results/predictions/full/mixed/tcn/seed_202/bandpass_n20002_cV2_independent_rms_s5.npz,76410,9e4f0ff274da97577a8c5a7921c17b99c085a8710e5f7183fc446c949ed405b4
tcn,mixed,202,bandpass_n20002_cV2_independent_rms_s0,phase2/results/predictions/full/mixed/tcn/seed_202/bandpass_n20002_cV2_independent_rms_s0.npz,76194,3cf2a97a440cbbfa083d4349ea866689429011dff4047a201187138bb3d0d75a
tcn,mixed,202,bandpass_n20002_cV2_electrode_s20,phase2/results/predictions/full/mixed/tcn/seed_202/bandpass_n20002_cV2_electrode_s20.npz,76490,200946bf409d42c25a71d1d93b4132ea7709df4e241e9ad1e039364ecbf91b6e
tcn,mixed,202,bandpass_n20002_cV2_electrode_s15,phase2/results/predictions/full/mixed/tcn/seed_202/bandpass_n20002_cV2_electrode_s15.npz,76466,e293f96a4524539b8a16c13611c9d3f9e1a8d33695c2aba5d79a794696f881d4
tcn,mixed,202,bandpass_n20002_cV2_electrode_s10,phase2/results/predictions/full/mixed/tcn/seed_202/bandpass_n20002_cV2_electrode_s10.npz,76471,f436626c99317a13b201bcb94908fa2e4ddf3e33b320fb39cbb627f24532e2f9
tcn,mixed,202,bandpass_n20002_cV2_electrode_s5,phase2/results/predictions/full/mixed/tcn/seed_202/bandpass_n20002_cV2_electrode_s5.npz,76377,6a707e81d0c386a11d8731b196d35e4f86ac5b3ec0c0e364f4a8872e07f4b11b
tcn,mixed,202,bandpass_n20002_cV2_electrode_s0,phase2/results/predictions/full/mixed/tcn/seed_202/bandpass_n20002_cV2_electrode_s0.npz,76224,a3be9d1983bacbb5f1475455066f5d0e3bef6c9681fdc86d2849a688f9b0e68a
tcn,mixed,202,bandpass_n20002_cV2_covariance_s20,phase2/results/predictions/full/mixed/tcn/seed_202/bandpass_n20002_cV2_covariance_s20.npz,76484,54b0193f512940ed7a79786bac37d1462c372d4fe8c5f1e0153665ff26eeb980
tcn,mixed,202,bandpass_n20002_cV2_covariance_s15,phase2/results/predictions/full/mixed/tcn/seed_202/bandpass_n20002_cV2_covariance_s15.npz,76463,778341ad1849ac55f8eb113e846b82ebca5c58d89a5f5390a272f3b311dc292d
tcn,mixed,202,bandpass_n20002_cV2_covariance_s10,phase2/results/predictions/full/mixed/tcn/seed_202/bandpass_n20002_cV2_covariance_s10.npz,76480,20353b76cb9c82daffdcfd5e15ac4fcb1d1e9a89c666eb522fd9f0b852767fd1
tcn,mixed,202,bandpass_n20002_cV2_covariance_s5,phase2/results/predictions/full/mixed/tcn/seed_202/bandpass_n20002_cV2_covariance_s5.npz,76400,14de7fe47355d1a31b0237d17e803d94f0a5c56b36c59c8d44978de389b24dec
tcn,mixed,202,bandpass_n20002_cV2_covariance_s0,phase2/results/predictions/full/mixed/tcn/seed_202/bandpass_n20002_cV2_covariance_s0.npz,76185,70e3f14a9477ab76d5d8144dc7b2504a84c986873293bf87b0810e0d3c112168
tcn,mixed,202,bandpass_n20002_cV3_independent_rms_s20,phase2/results/predictions/full/mixed/tcn/seed_202/bandpass_n20002_cV3_independent_rms_s20.npz,76491,ec82dbb417eaeb1c472936c6ed51e3e463a745e793d196fc02b32edc7694f8c6
tcn,mixed,202,bandpass_n20002_cV3_independent_rms_s15,phase2/results/predictions/full/mixed/tcn/seed_202/bandpass_n20002_cV3_independent_rms_s15.npz,76510,5f6159065d6f2a729c9466164aedfc49d5f7d87c8847827d0896d1e46c01879d
tcn,mixed,202,bandpass_n20002_cV3_independent_rms_s10,phase2/results/predictions/full/mixed/tcn/seed_202/bandpass_n20002_cV3_independent_rms_s10.npz,76505,c78646eb49daad1dc0de9e482bb1c09602d1a7baf5f4d8e0e18913cdcf4f18cb
tcn,mixed,202,bandpass_n20002_cV3_independent_rms_s5,phase2/results/predictions/full/mixed/tcn/seed_202/bandpass_n20002_cV3_independent_rms_s5.npz,76472,9bdef5594465fd484fbe5a3eb73a6cfa57a6e35cd9c2a55353617d9a6ba16ce9
tcn,mixed,202,bandpass_n20002_cV3_independent_rms_s0,phase2/results/predictions/full/mixed/tcn/seed_202/bandpass_n20002_cV3_independent_rms_s0.npz,76320,eef9674fe701b2583246c7ad23c05914ae081705a9070d4d539d4da71b522bd7
tcn,mixed,202,bandpass_n20002_cV3_electrode_s20,phase2/results/predictions/full/mixed/tcn/seed_202/bandpass_n20002_cV3_electrode_s20.npz,76473,d4149aee61bbcc76c0f19cd2fa062a26fc86e635070bc53aa5e9858dae606065
tcn,mixed,202,bandpass_n20002_cV3_electrode_s15,phase2/results/predictions/full/mixed/tcn/seed_202/bandpass_n20002_cV3_electrode_s15.npz,76497,de96d785c29c739131f9db87de40f391bbd3c6a81f9e0c519eb744f762a9673a
tcn,mixed,202,bandpass_n20002_cV3_electrode_s10,phase2/results/predictions/full/mixed/tcn/seed_202/bandpass_n20002_cV3_electrode_s10.npz,76460,1194470407252a92bb25f2cbfffa3a47021bfe26ddf37e186e72632ef023b382
tcn,mixed,202,bandpass_n20002_cV3_electrode_s5,phase2/results/predictions/full/mixed/tcn/seed_202/bandpass_n20002_cV3_electrode_s5.npz,76472,46ddc4f636963c19a8ae09585219a217aaa6e4d93402d56513dc6466318bf1bd
tcn,mixed,202,bandpass_n20002_cV3_electrode_s0,phase2/results/predictions/full/mixed/tcn/seed_202/bandpass_n20002_cV3_electrode_s0.npz,76345,d25eb6f89be5833b75ce9229aa8b45698a5131d8783619bbe7ab4418ba26d6df
tcn,mixed,202,bandpass_n20002_cV3_covariance_s20,phase2/results/predictions/full/mixed/tcn/seed_202/bandpass_n20002_cV3_covariance_s20.npz,76490,615f7cd891c68d1a62fbd4d031bf3c9e8fb7bbb4bce43aea0bb59dc0c8cb11fd
tcn,mixed,202,bandpass_n20002_cV3_covariance_s15,phase2/results/predictions/full/mixed/tcn/seed_202/bandpass_n20002_cV3_covariance_s15.npz,76475,4c10adbc1c13422c7372b09fdb133c23ab8365212aa71806e771ebf48483aea4
tcn,mixed,202,bandpass_n20002_cV3_covariance_s10,phase2/results/predictions/full/mixed/tcn/seed_202/bandpass_n20002_cV3_covariance_s10.npz,76449,cd0eb9d2c6f6af338d477bf96f0ee4f636b36f0fcedf2da768a45c6b7606f4ba
tcn,mixed,202,bandpass_n20002_cV3_covariance_s5,phase2/results/predictions/full/mixed/tcn/seed_202/bandpass_n20002_cV3_covariance_s5.npz,76467,13e8b3f351cdaf25b2929af9ea23f50032edaa566ac3b0fa32555f08a9bc88c4
tcn,mixed,202,bandpass_n20002_cV3_covariance_s0,phase2/results/predictions/full/mixed/tcn/seed_202/bandpass_n20002_cV3_covariance_s0.npz,76347,5ffff9bd399b1fbcf9179e8d2d8831a14d87151c2754e397f5a95d0a6a57640b
tcn,mixed,202,bandpass_n20002_cV4_independent_rms_s20,phase2/results/predictions/full/mixed/tcn/seed_202/bandpass_n20002_cV4_independent_rms_s20.npz,76498,46f205d62e336601632033edf887778f74a9022fc079735e1407b0d881c53e71
tcn,mixed,202,bandpass_n20002_cV4_independent_rms_s15,phase2/results/predictions/full/mixed/tcn/seed_202/bandpass_n20002_cV4_independent_rms_s15.npz,76482,a7026d3b0c7511de02f3fec45de7592c9b4df59ffe640063f118a7b2690954ea
tcn,mixed,202,bandpass_n20002_cV4_independent_rms_s10,phase2/results/predictions/full/mixed/tcn/seed_202/bandpass_n20002_cV4_independent_rms_s10.npz,76502,c66dafd97e441c3372d5744ebdf814119d9846fd42440d7713ceceef4e0d21c5
tcn,mixed,202,bandpass_n20002_cV4_independent_rms_s5,phase2/results/predictions/full/mixed/tcn/seed_202/bandpass_n20002_cV4_independent_rms_s5.npz,76473,e5761159df05785dc2e852bf2c170ab89adb2a2f5bf03bf2b0a7a5c0a2318413
tcn,mixed,202,bandpass_n20002_cV4_independent_rms_s0,phase2/results/predictions/full/mixed/tcn/seed_202/bandpass_n20002_cV4_independent_rms_s0.npz,76250,32a01c1cc1b7023c3d3702162d2a4a3fc6103c94b311f1e91e6e40cc84e010bd
tcn,mixed,202,bandpass_n20002_cV4_electrode_s20,phase2/results/predictions/full/mixed/tcn/seed_202/bandpass_n20002_cV4_electrode_s20.npz,76486,aa7b99233ed8c199f075f8c9a7a2f871ec87d0b6dd5f74b77d419aaec658d475
tcn,mixed,202,bandpass_n20002_cV4_electrode_s15,phase2/results/predictions/full/mixed/tcn/seed_202/bandpass_n20002_cV4_electrode_s15.npz,76482,8f7e792e54224695b02c1d2c739919fca8a184364e1db8cafcdac0db7bdd4b37
tcn,mixed,202,bandpass_n20002_cV4_electrode_s10,phase2/results/predictions/full/mixed/tcn/seed_202/bandpass_n20002_cV4_electrode_s10.npz,76495,6e9507d4516fecc43c775751303d25488e381021250f67e2eaa937cf9570353a
tcn,mixed,202,bandpass_n20002_cV4_electrode_s5,phase2/results/predictions/full/mixed/tcn/seed_202/bandpass_n20002_cV4_electrode_s5.npz,76407,4ccc394b2bf45dc95527eac717b3aa26fae6cab042b85a8536b5bf4948c1884a
tcn,mixed,202,bandpass_n20002_cV4_electrode_s0,phase2/results/predictions/full/mixed/tcn/seed_202/bandpass_n20002_cV4_electrode_s0.npz,76233,8a2fa4f93fbd918219b7516d8499461cf8d79670ac53e9825af2a6b9d5c6e1c7
tcn,mixed,202,bandpass_n20002_cV4_covariance_s20,phase2/results/predictions/full/mixed/tcn/seed_202/bandpass_n20002_cV4_covariance_s20.npz,76489,8daaf9abed5c976e03b866236027ee2c1bc7858f0b3d03f6daeec557cd1fc9ec
tcn,mixed,202,bandpass_n20002_cV4_covariance_s15,phase2/results/predictions/full/mixed/tcn/seed_202/bandpass_n20002_cV4_covariance_s15.npz,76495,acce15e2699d4e9301584a7869921e4d9a0b9544aa7f548d4fc744f3b5edbec5
tcn,mixed,202,bandpass_n20002_cV4_covariance_s10,phase2/results/predictions/full/mixed/tcn/seed_202/bandpass_n20002_cV4_covariance_s10.npz,76514,c10418a916aec6e3ded11b10ccf15c4a4cf468c92f5e2e0182e1a8a4f3d4dadc
tcn,mixed,202,bandpass_n20002_cV4_covariance_s5,phase2/results/predictions/full/mixed/tcn/seed_202/bandpass_n20002_cV4_covariance_s5.npz,76452,b7315dc5a9bcd691a7520c0ebf0c50a0dd376fe40156e7c823821b68cd2b0939
tcn,mixed,202,bandpass_n20002_cV4_covariance_s0,phase2/results/predictions/full/mixed/tcn/seed_202/bandpass_n20002_cV4_covariance_s0.npz,76256,d2a48a7fce37045831ab593ae6c1a5ed6f7d797e1f4ec1115307b1932ab93639
tcn,mixed,202,bandpass_n20002_cV5_independent_rms_s20,phase2/results/predictions/full/mixed/tcn/seed_202/bandpass_n20002_cV5_independent_rms_s20.npz,76507,e1dab2fc60d1cc4f31e2c840289ea5c94224f141612cfb16eb0235ca15f16e4d
tcn,mixed,202,bandpass_n20002_cV5_independent_rms_s15,phase2/results/predictions/full/mixed/tcn/seed_202/bandpass_n20002_cV5_independent_rms_s15.npz,76499,a5b168a6020fb72c0da61726de7832c89588b644c4d617d599754f3226ce242a
tcn,mixed,202,bandpass_n20002_cV5_independent_rms_s10,phase2/results/predictions/full/mixed/tcn/seed_202/bandpass_n20002_cV5_independent_rms_s10.npz,76494,8dfad5226f65e8495968a5cf5f2882885cdb52ded7816d7b9493797801626fca
tcn,mixed,202,bandpass_n20002_cV5_independent_rms_s5,phase2/results/predictions/full/mixed/tcn/seed_202/bandpass_n20002_cV5_independent_rms_s5.npz,76426,892abe55f708420a5bf3dccf1d50e3bf716d14927cbcdfceca6bacc92b263283
tcn,mixed,202,bandpass_n20002_cV5_independent_rms_s0,phase2/results/predictions/full/mixed/tcn/seed_202/bandpass_n20002_cV5_independent_rms_s0.npz,76190,0d28deec4159c81a79ab2d4deac5f0d63cacd673a028a0c81cce6919cf892d7f
tcn,mixed,202,bandpass_n20002_cV5_electrode_s20,phase2/results/predictions/full/mixed/tcn/seed_202/bandpass_n20002_cV5_electrode_s20.npz,76503,05a908ddf4d427ad620dd084776711c453d34c8902fcb2d3187f8b070262915a
tcn,mixed,202,bandpass_n20002_cV5_electrode_s15,phase2/results/predictions/full/mixed/tcn/seed_202/bandpass_n20002_cV5_electrode_s15.npz,76478,d9f0ee022b20fdda889d564eed32f4b77c7a0d9429a20fe5094ab78f18e6d979
tcn,mixed,202,bandpass_n20002_cV5_electrode_s10,phase2/results/predictions/full/mixed/tcn/seed_202/bandpass_n20002_cV5_electrode_s10.npz,76460,d632df7931156a2d0864f7bc24a47c27fd82b3ede4db29311ccf085c0f310962
tcn,mixed,202,bandpass_n20002_cV5_electrode_s5,phase2/results/predictions/full/mixed/tcn/seed_202/bandpass_n20002_cV5_electrode_s5.npz,76427,f97c203d43b8b13c80ad61f0febaeca461d91c96b3f5a2c1cbd66d52fd9dbabe
tcn,mixed,202,bandpass_n20002_cV5_electrode_s0,phase2/results/predictions/full/mixed/tcn/seed_202/bandpass_n20002_cV5_electrode_s0.npz,76198,2b062a243e8cc658f267a4bf00190cd753adb4f1a57ac1c7ed2cce6aa0c7528c
tcn,mixed,202,bandpass_n20002_cV5_covariance_s20,phase2/results/predictions/full/mixed/tcn/seed_202/bandpass_n20002_cV5_covariance_s20.npz,76504,6f6a689b2f3e8439125649522a4c76e00d0f659bf4550db95e7f8260f1c57a62
tcn,mixed,202,bandpass_n20002_cV5_covariance_s15,phase2/results/predictions/full/mixed/tcn/seed_202/bandpass_n20002_cV5_covariance_s15.npz,76466,6298fdd8a2900d4ac9d93a203ba139ad4f9fc112e8970dc0ff74695553056d9b
tcn,mixed,202,bandpass_n20002_cV5_covariance_s10,phase2/results/predictions/full/mixed/tcn/seed_202/bandpass_n20002_cV5_covariance_s10.npz,76489,28c70c06c72c6ce1f92e370815305c02e22b313cfc140e16bb24b690c3347a40
tcn,mixed,202,bandpass_n20002_cV5_covariance_s5,phase2/results/predictions/full/mixed/tcn/seed_202/bandpass_n20002_cV5_covariance_s5.npz,76405,c4a72e93f98b011f0850f1017de5d5c3502981b1add2dfdc1d6848b9be786ca6
tcn,mixed,202,bandpass_n20002_cV5_covariance_s0,phase2/results/predictions/full/mixed/tcn/seed_202/bandpass_n20002_cV5_covariance_s0.npz,76195,0c3432281e5a0e331c81d00a8b86701a3b737ca7cfb5dbf32ba2ce054f06307b
tcn,mixed,202,bandpass_n20002_cV6_independent_rms_s20,phase2/results/predictions/full/mixed/tcn/seed_202/bandpass_n20002_cV6_independent_rms_s20.npz,76518,da380453ec8ba325af9419a7d421c0be2a4c14908e5e750c8e5f25364d501546
tcn,mixed,202,bandpass_n20002_cV6_independent_rms_s15,phase2/results/predictions/full/mixed/tcn/seed_202/bandpass_n20002_cV6_independent_rms_s15.npz,76494,ebbe059819107de242c26af07a940d1c539dff56cc3d935914134f8a157e0f0f
tcn,mixed,202,bandpass_n20002_cV6_independent_rms_s10,phase2/results/predictions/full/mixed/tcn/seed_202/bandpass_n20002_cV6_independent_rms_s10.npz,76485,5cdd9afe7a2d36dd922f48a94c5e5b1d8b2061f53b55f1e9e364ba8e269493d9
tcn,mixed,202,bandpass_n20002_cV6_independent_rms_s5,phase2/results/predictions/full/mixed/tcn/seed_202/bandpass_n20002_cV6_independent_rms_s5.npz,76433,b0bde1af2591790d63db0d876a4e9f6d3f2b3e8592201807852cf120c3065038
tcn,mixed,202,bandpass_n20002_cV6_independent_rms_s0,phase2/results/predictions/full/mixed/tcn/seed_202/bandpass_n20002_cV6_independent_rms_s0.npz,76296,a2774b1a6fbaf11140d987de685338cf11072663e85006f2cc1ca3b460bab3e6
tcn,mixed,202,bandpass_n20002_cV6_electrode_s20,phase2/results/predictions/full/mixed/tcn/seed_202/bandpass_n20002_cV6_electrode_s20.npz,76451,2c0c3f8a49780b5c515ef0998835903d1b1dde2e5d28bd919192cddda3aebe4a
tcn,mixed,202,bandpass_n20002_cV6_electrode_s15,phase2/results/predictions/full/mixed/tcn/seed_202/bandpass_n20002_cV6_electrode_s15.npz,76470,eb3d7f516bf4dbb014d788e8086e977f699c17aed09c67d21a2c016b9aa6cc65
tcn,mixed,202,bandpass_n20002_cV6_electrode_s10,phase2/results/predictions/full/mixed/tcn/seed_202/bandpass_n20002_cV6_electrode_s10.npz,76495,41cf1da2cb7790a487c5527b268e9ec2ef31563b43f980c88e20952020989ad9
tcn,mixed,202,bandpass_n20002_cV6_electrode_s5,phase2/results/predictions/full/mixed/tcn/seed_202/bandpass_n20002_cV6_electrode_s5.npz,76448,7b70b0ae906a9d162ec48094f99cb3f46e6c911186ff836ae9e61e9ed083047c
tcn,mixed,202,bandpass_n20002_cV6_electrode_s0,phase2/results/predictions/full/mixed/tcn/seed_202/bandpass_n20002_cV6_electrode_s0.npz,76265,e9ae02ef48789494261b8cc8538e8cc45a52bc7ae605cb97a7d460f0cc2e2783
tcn,mixed,202,bandpass_n20002_cV6_covariance_s20,phase2/results/predictions/full/mixed/tcn/seed_202/bandpass_n20002_cV6_covariance_s20.npz,76466,51a91d77cc3868b2a0127d80817a14aa51f20977ead39304de90b3c62dc843c9
tcn,mixed,202,bandpass_n20002_cV6_covariance_s15,phase2/results/predictions/full/mixed/tcn/seed_202/bandpass_n20002_cV6_covariance_s15.npz,76498,6fc1aba82b449429ce39b89bc88900a9b16a41a854ca0026f90a21113e2391e2
tcn,mixed,202,bandpass_n20002_cV6_covariance_s10,phase2/results/predictions/full/mixed/tcn/seed_202/bandpass_n20002_cV6_covariance_s10.npz,76482,bc771f1732d9fa84dce30a5e5cef998999581a77f013143763a24b58e02f286f
tcn,mixed,202,bandpass_n20002_cV6_covariance_s5,phase2/results/predictions/full/mixed/tcn/seed_202/bandpass_n20002_cV6_covariance_s5.npz,76488,2e253d0568a2dffa22ff2aa31c652c34b39f2e0217efb022c74e2691a0c34755
tcn,mixed,202,bandpass_n20002_cV6_covariance_s0,phase2/results/predictions/full/mixed/tcn/seed_202/bandpass_n20002_cV6_covariance_s0.npz,76254,985d3d9979b2fdd997e8370b9f4a59bf9a7d4962a162493ccf3c0902251e7d8e
tcn,mixed,202,bandpass_n20002_cRA_LA_independent_rms_s20,phase2/results/predictions/full/mixed/tcn/seed_202/bandpass_n20002_cRA_LA_independent_rms_s20.npz,76492,cd123694a2d2315a984d76e7750a8cee249e4ad808229a36aa92d01df75c7bb9
tcn,mixed,202,bandpass_n20002_cRA_LA_independent_rms_s15,phase2/results/predictions/full/mixed/tcn/seed_202/bandpass_n20002_cRA_LA_independent_rms_s15.npz,76496,26a3b770f9d48534228558420c4847938153f7f957858050c5974c26e0421c7a
tcn,mixed,202,bandpass_n20002_cRA_LA_independent_rms_s10,phase2/results/predictions/full/mixed/tcn/seed_202/bandpass_n20002_cRA_LA_independent_rms_s10.npz,76479,762b12aae2cf3231a9c9e16284d31d60f1735f1b9e9a42eb0ae092befa338eb5
tcn,mixed,202,bandpass_n20002_cRA_LA_independent_rms_s5,phase2/results/predictions/full/mixed/tcn/seed_202/bandpass_n20002_cRA_LA_independent_rms_s5.npz,76431,dd49ca0638b880305543bef328563080e7dee9b5f698c7668201b61302511ba8
tcn,mixed,202,bandpass_n20002_cRA_LA_independent_rms_s0,phase2/results/predictions/full/mixed/tcn/seed_202/bandpass_n20002_cRA_LA_independent_rms_s0.npz,76210,2fd3a70ebb3fe98319dbca39815856bf4e2f8b563796658e1081dc721039c020
tcn,mixed,202,bandpass_n20002_cRA_LA_electrode_s20,phase2/results/predictions/full/mixed/tcn/seed_202/bandpass_n20002_cRA_LA_electrode_s20.npz,76486,6a62afe960ca299155abe61745bed0cdbe09d886f88ac1ad01ee9ad19ab14863
tcn,mixed,202,bandpass_n20002_cRA_LA_electrode_s15,phase2/results/predictions/full/mixed/tcn/seed_202/bandpass_n20002_cRA_LA_electrode_s15.npz,76486,e119754b369ab6828dc1865ebbef0aba1d6aa9342596ac62e018f97946268fe0
tcn,mixed,202,bandpass_n20002_cRA_LA_electrode_s10,phase2/results/predictions/full/mixed/tcn/seed_202/bandpass_n20002_cRA_LA_electrode_s10.npz,76476,1d57327712383ab66fdb9638ce29520f6975ebf8d33ceba70d3a41d0db96d2ea
tcn,mixed,202,bandpass_n20002_cRA_LA_electrode_s5,phase2/results/predictions/full/mixed/tcn/seed_202/bandpass_n20002_cRA_LA_electrode_s5.npz,76297,2b36a3da849717faf89518b7b9d8902f7fa7c68a613caadf3d45bb251ff2762a
tcn,mixed,202,bandpass_n20002_cRA_LA_electrode_s0,phase2/results/predictions/full/mixed/tcn/seed_202/bandpass_n20002_cRA_LA_electrode_s0.npz,75970,d77e92cec6b33904b5d8ac359b049570c76705393601898f0c5f1bcf42e49b66
tcn,mixed,202,bandpass_n20002_cRA_LA_covariance_s20,phase2/results/predictions/full/mixed/tcn/seed_202/bandpass_n20002_cRA_LA_covariance_s20.npz,76484,110f3131144e0685ee101e6a1f7223f0117723d2dbbac1a85d5187faa569da10
tcn,mixed,202,bandpass_n20002_cRA_LA_covariance_s15,phase2/results/predictions/full/mixed/tcn/seed_202/bandpass_n20002_cRA_LA_covariance_s15.npz,76503,74f6180bc1d36d7d8cdb134d5152e45298ca3c7a54c102c98b26a043cd016561
tcn,mixed,202,bandpass_n20002_cRA_LA_covariance_s10,phase2/results/predictions/full/mixed/tcn/seed_202/bandpass_n20002_cRA_LA_covariance_s10.npz,76491,0f7e8fe45b5d959fa3cee400daac1cef8a84445899a91cd9bd826594dbd5358c
tcn,mixed,202,bandpass_n20002_cRA_LA_covariance_s5,phase2/results/predictions/full/mixed/tcn/seed_202/bandpass_n20002_cRA_LA_covariance_s5.npz,76321,72e0b5fb853ca96797e4689d609bb9136620fa1326c2b14a28a8d2b0d6bd17c3
tcn,mixed,202,bandpass_n20002_cRA_LA_covariance_s0,phase2/results/predictions/full/mixed/tcn/seed_202/bandpass_n20002_cRA_LA_covariance_s0.npz,75996,aa102a03eac30d1c97d02089b7a73bdea921eccd28eb1a4a1dbb8ae9ab135a8e
tcn,mixed,202,bandpass_n20002_cLA_LL_independent_rms_s20,phase2/results/predictions/full/mixed/tcn/seed_202/bandpass_n20002_cLA_LL_independent_rms_s20.npz,76505,5a95eaa86d6402127d1f21b67df22c203595df1e7458437bee17425e4b0bd280
tcn,mixed,202,bandpass_n20002_cLA_LL_independent_rms_s15,phase2/results/predictions/full/mixed/tcn/seed_202/bandpass_n20002_cLA_LL_independent_rms_s15.npz,76489,9b623978d61ff0d60a5db879ed5b6bb65431160f13e264395b632b674f96398a
tcn,mixed,202,bandpass_n20002_cLA_LL_independent_rms_s10,phase2/results/predictions/full/mixed/tcn/seed_202/bandpass_n20002_cLA_LL_independent_rms_s10.npz,76454,a0d716fc0455deed8b29a5aa477a1c44c65ff4a7a7e4b738c8ef9098799e07bf
tcn,mixed,202,bandpass_n20002_cLA_LL_independent_rms_s5,phase2/results/predictions/full/mixed/tcn/seed_202/bandpass_n20002_cLA_LL_independent_rms_s5.npz,76428,83a76d288f0931e647877d6f9da44fca6b6e707091f9d7eb4240d8da22d52dcd
tcn,mixed,202,bandpass_n20002_cLA_LL_independent_rms_s0,phase2/results/predictions/full/mixed/tcn/seed_202/bandpass_n20002_cLA_LL_independent_rms_s0.npz,76181,0aa8dbc93f5c92ab9f27f3ceb8559c696fd6f703522709a960da924c8994b48f
tcn,mixed,202,bandpass_n20002_cLA_LL_electrode_s20,phase2/results/predictions/full/mixed/tcn/seed_202/bandpass_n20002_cLA_LL_electrode_s20.npz,76476,22c4dd71f8f7cd74704fafe76d69b91ec18a454831f2177e98f2f8e633cb372b
tcn,mixed,202,bandpass_n20002_cLA_LL_electrode_s15,phase2/results/predictions/full/mixed/tcn/seed_202/bandpass_n20002_cLA_LL_electrode_s15.npz,76489,b91280ed73d13e93a7985c703d2ce228599de7865871c714ff988cf5bc1cbfbc
tcn,mixed,202,bandpass_n20002_cLA_LL_electrode_s10,phase2/results/predictions/full/mixed/tcn/seed_202/bandpass_n20002_cLA_LL_electrode_s10.npz,76438,e6628f474c1f3060b4be7a0597900b716222654a3ca93a923d4be296fc82b3b7
tcn,mixed,202,bandpass_n20002_cLA_LL_electrode_s5,phase2/results/predictions/full/mixed/tcn/seed_202/bandpass_n20002_cLA_LL_electrode_s5.npz,76292,a7a3c6d89feb27228907636d4099a547fb5465cf16b465d64ab74571976ab185
tcn,mixed,202,bandpass_n20002_cLA_LL_electrode_s0,phase2/results/predictions/full/mixed/tcn/seed_202/bandpass_n20002_cLA_LL_electrode_s0.npz,75897,dfb0e40895c3196fdbff7b9b093ea05cb102846e1687215860d9cdfd77dd7f10
tcn,mixed,202,bandpass_n20002_cLA_LL_covariance_s20,phase2/results/predictions/full/mixed/tcn/seed_202/bandpass_n20002_cLA_LL_covariance_s20.npz,76500,77dafd64ea5a575eed75b4f6f3259ce5d8c15ba14a51f599c7348f1098ca9d5b
tcn,mixed,202,bandpass_n20002_cLA_LL_covariance_s15,phase2/results/predictions/full/mixed/tcn/seed_202/bandpass_n20002_cLA_LL_covariance_s15.npz,76509,96f2498232af2440742675d559b38ccee2c228820b70c19c478a8889e80e5760
tcn,mixed,202,bandpass_n20002_cLA_LL_covariance_s10,phase2/results/predictions/full/mixed/tcn/seed_202/bandpass_n20002_cLA_LL_covariance_s10.npz,76472,bfe38c8ba20cb2676b159b383419b267bba67a29ece2bbc182cc209b37650ed6
tcn,mixed,202,bandpass_n20002_cLA_LL_covariance_s5,phase2/results/predictions/full/mixed/tcn/seed_202/bandpass_n20002_cLA_LL_covariance_s5.npz,76231,290d4760856843b5dd7591904c986e6ade8f69d71c2cc84ae62136c845b63759
tcn,mixed,202,bandpass_n20002_cLA_LL_covariance_s0,phase2/results/predictions/full/mixed/tcn/seed_202/bandpass_n20002_cLA_LL_covariance_s0.npz,75877,4254ada6bc67e5660e9d1c6f6f8857c885df5978ecdbe881a30c7fe73155d179
tcn,mixed,202,bandpass_n20002_cRA_LL_independent_rms_s20,phase2/results/predictions/full/mixed/tcn/seed_202/bandpass_n20002_cRA_LL_independent_rms_s20.npz,76464,823fb2c9b38d07b20e4fe7af07fdae8b42be886b6364eaccdd47731f228d0740
tcn,mixed,202,bandpass_n20002_cRA_LL_independent_rms_s15,phase2/results/predictions/full/mixed/tcn/seed_202/bandpass_n20002_cRA_LL_independent_rms_s15.npz,76508,12edda778914e5256f11421a3091155eabaeaf200a3b07a6a5ffe03aed7bfe0d
tcn,mixed,202,bandpass_n20002_cRA_LL_independent_rms_s10,phase2/results/predictions/full/mixed/tcn/seed_202/bandpass_n20002_cRA_LL_independent_rms_s10.npz,76485,e1570ed7237885239c043afa8d00cc3a8368e73d8cb2490f27d2b1ae5da97da6
tcn,mixed,202,bandpass_n20002_cRA_LL_independent_rms_s5,phase2/results/predictions/full/mixed/tcn/seed_202/bandpass_n20002_cRA_LL_independent_rms_s5.npz,76428,f4e6bb1fb5aaef517a55a1a7bdc3c6e2ee5cfe5227abd21e6e1b6d69c96f223b
tcn,mixed,202,bandpass_n20002_cRA_LL_independent_rms_s0,phase2/results/predictions/full/mixed/tcn/seed_202/bandpass_n20002_cRA_LL_independent_rms_s0.npz,76204,836cee1bba99831b5333b9d6c59f7b4f83fc39ab331ff59c08e2e96c37834df3
tcn,mixed,202,bandpass_n20002_cRA_LL_electrode_s20,phase2/results/predictions/full/mixed/tcn/seed_202/bandpass_n20002_cRA_LL_electrode_s20.npz,76509,fd39e537eb486a98d975d362aa2ceac7da572c0a02320369df2d99fbdc65b2ed
tcn,mixed,202,bandpass_n20002_cRA_LL_electrode_s15,phase2/results/predictions/full/mixed/tcn/seed_202/bandpass_n20002_cRA_LL_electrode_s15.npz,76512,35d1f0001ee171ec3970cc65f58e97620d7cb2583456f4c6d62c4a078c54068f
tcn,mixed,202,bandpass_n20002_cRA_LL_electrode_s10,phase2/results/predictions/full/mixed/tcn/seed_202/bandpass_n20002_cRA_LL_electrode_s10.npz,76478,f1141cfd3a1e1358bcf7bd85853c89f62c48fd37808737d75ebe1b005e1eeee1
tcn,mixed,202,bandpass_n20002_cRA_LL_electrode_s5,phase2/results/predictions/full/mixed/tcn/seed_202/bandpass_n20002_cRA_LL_electrode_s5.npz,76324,01346e38339526b0112c8d126d9bdb780057101074516d2904e0a608c0f12d7d
tcn,mixed,202,bandpass_n20002_cRA_LL_electrode_s0,phase2/results/predictions/full/mixed/tcn/seed_202/bandpass_n20002_cRA_LL_electrode_s0.npz,75958,b85e432093e5131de27e61b181ca5d473277316a943ddf33caa84ce6aad36c40
tcn,mixed,202,bandpass_n20002_cRA_LL_covariance_s20,phase2/results/predictions/full/mixed/tcn/seed_202/bandpass_n20002_cRA_LL_covariance_s20.npz,76478,972482380008b078ab4d6e813cb11a262527416440be767ed7f20d06c977f86b
tcn,mixed,202,bandpass_n20002_cRA_LL_covariance_s15,phase2/results/predictions/full/mixed/tcn/seed_202/bandpass_n20002_cRA_LL_covariance_s15.npz,76471,89c93ed15f4fa0c4cbadfb7267ef78978367c959bcecd7ad6968f311da302e6f
tcn,mixed,202,bandpass_n20002_cRA_LL_covariance_s10,phase2/results/predictions/full/mixed/tcn/seed_202/bandpass_n20002_cRA_LL_covariance_s10.npz,76467,5082f6c7770e0c1ad9c52d15911363420782fbe5a44ac7e76fea3fd3aeeac7e3
tcn,mixed,202,bandpass_n20002_cRA_LL_covariance_s5,phase2/results/predictions/full/mixed/tcn/seed_202/bandpass_n20002_cRA_LL_covariance_s5.npz,76313,d45d30aa356073d595f7a60e1905e08d60b187f358a203640eb13b626e63b9bd
tcn,mixed,202,bandpass_n20002_cRA_LL_covariance_s0,phase2/results/predictions/full/mixed/tcn/seed_202/bandpass_n20002_cRA_LL_covariance_s0.npz,75974,6f95fb34500ba7bee8df17cfcf750e4b4bfc7a539f73e12c256ea9bf70da9e1b
tcn,mixed,202,bandpass_n20002_cRA_independent_rms_s20,phase2/results/predictions/full/mixed/tcn/seed_202/bandpass_n20002_cRA_independent_rms_s20.npz,76484,a1d963a9af09495a70d70401f83307054ac9ae494a1d91f1251623df7eee882e
tcn,mixed,202,bandpass_n20002_cRA_independent_rms_s15,phase2/results/predictions/full/mixed/tcn/seed_202/bandpass_n20002_cRA_independent_rms_s15.npz,76484,f575e980a6e1cf0c0f492f7ae3e33d8c6570f89c5fca93c59e1343fa596ef845
tcn,mixed,202,bandpass_n20002_cRA_independent_rms_s10,phase2/results/predictions/full/mixed/tcn/seed_202/bandpass_n20002_cRA_independent_rms_s10.npz,76476,eb70f0928a07253082c8ba0114b8c9232bb278feaacc9be2dd249886319bc120
tcn,mixed,202,bandpass_n20002_cRA_independent_rms_s5,phase2/results/predictions/full/mixed/tcn/seed_202/bandpass_n20002_cRA_independent_rms_s5.npz,76442,e5a67d17c08f7bb483bbd4babe5768c9925e66989f39c23db10f29c5c4802ecb
tcn,mixed,202,bandpass_n20002_cRA_independent_rms_s0,phase2/results/predictions/full/mixed/tcn/seed_202/bandpass_n20002_cRA_independent_rms_s0.npz,76229,67a9e835171a962951746fdf18f42a4cb1f2fa0da1c6d8429788e53a0aa034e5
tcn,mixed,202,bandpass_n20002_cRA_electrode_s20,phase2/results/predictions/full/mixed/tcn/seed_202/bandpass_n20002_cRA_electrode_s20.npz,76490,390b83b45341f6cdaaf4dc1a918823e3fe6a2c94ab55c02b0f8d7fe2d4b3971d
tcn,mixed,202,bandpass_n20002_cRA_electrode_s15,phase2/results/predictions/full/mixed/tcn/seed_202/bandpass_n20002_cRA_electrode_s15.npz,76512,34aeee733a507f8e4580a7653534aa2e0d2573c01d337537314479aa62071eb2
tcn,mixed,202,bandpass_n20002_cRA_electrode_s10,phase2/results/predictions/full/mixed/tcn/seed_202/bandpass_n20002_cRA_electrode_s10.npz,76479,d22f8eb9dfe87eb100c0155c0928509d288bef863f0d2add1e14f5ed4c860e71
tcn,mixed,202,bandpass_n20002_cRA_electrode_s5,phase2/results/predictions/full/mixed/tcn/seed_202/bandpass_n20002_cRA_electrode_s5.npz,76336,5e4cec242f8716e1e59d39d8e2659dad860afb5983d4c5e614a7dbb171868939
tcn,mixed,202,bandpass_n20002_cRA_electrode_s0,phase2/results/predictions/full/mixed/tcn/seed_202/bandpass_n20002_cRA_electrode_s0.npz,76065,dfbf95a4dfce024f4b5d2b55481c5a68f417b9e848d9db843d2d11742453cfcb
tcn,mixed,202,bandpass_n20002_cRA_covariance_s20,phase2/results/predictions/full/mixed/tcn/seed_202/bandpass_n20002_cRA_covariance_s20.npz,76490,706961ad7739e3e12107115f107cd756c5408277754783c2c8d6d0169c1c7269
tcn,mixed,202,bandpass_n20002_cRA_covariance_s15,phase2/results/predictions/full/mixed/tcn/seed_202/bandpass_n20002_cRA_covariance_s15.npz,76513,a0cc0d85280b60cee8e0bd459a5c85772f2d5331061c301cbf26bc83240923ad
tcn,mixed,202,bandpass_n20002_cRA_covariance_s10,phase2/results/predictions/full/mixed/tcn/seed_202/bandpass_n20002_cRA_covariance_s10.npz,76469,6005b3933c677db4f5c74892d4c7c1dce29359554f7944d11cf4fcccd61ae812
tcn,mixed,202,bandpass_n20002_cRA_covariance_s5,phase2/results/predictions/full/mixed/tcn/seed_202/bandpass_n20002_cRA_covariance_s5.npz,76356,426bcc8a737f10fd6a5d988d8693e3aecc46cd1bdbb6ce3b9d7ad961d990bd92
tcn,mixed,202,bandpass_n20002_cRA_covariance_s0,phase2/results/predictions/full/mixed/tcn/seed_202/bandpass_n20002_cRA_covariance_s0.npz,76056,60c92274830381c6308a4887dd72900c12f9da1af794dd3483b981c57c9690a1
tcn,mixed,202,bandpass_n20002_cLA_independent_rms_s20,phase2/results/predictions/full/mixed/tcn/seed_202/bandpass_n20002_cLA_independent_rms_s20.npz,76493,2def8a732b71f708d8bbe025bd297f72835d9e163958fa3d32754c15276d6281
tcn,mixed,202,bandpass_n20002_cLA_independent_rms_s15,phase2/results/predictions/full/mixed/tcn/seed_202/bandpass_n20002_cLA_independent_rms_s15.npz,76497,2b16307279ffa660fa9de9ba9ebde0ca604ac15c5e9962a223f42cd947254272
tcn,mixed,202,bandpass_n20002_cLA_independent_rms_s10,phase2/results/predictions/full/mixed/tcn/seed_202/bandpass_n20002_cLA_independent_rms_s10.npz,76506,815a7d3baeda630c9bcf1a5b1f583f6dd2218f2be385f06f996972d3add6f3c8
tcn,mixed,202,bandpass_n20002_cLA_independent_rms_s5,phase2/results/predictions/full/mixed/tcn/seed_202/bandpass_n20002_cLA_independent_rms_s5.npz,76456,5a41cd73ba555836fc8bc9746753bb7245581b43c388d6e535f66fe15a18da6f
tcn,mixed,202,bandpass_n20002_cLA_independent_rms_s0,phase2/results/predictions/full/mixed/tcn/seed_202/bandpass_n20002_cLA_independent_rms_s0.npz,76216,d70b1662a55c718beae183169e536741d48fc7790c1139bdd3596a1f0481135c
tcn,mixed,202,bandpass_n20002_cLA_electrode_s20,phase2/results/predictions/full/mixed/tcn/seed_202/bandpass_n20002_cLA_electrode_s20.npz,76485,d5e40ffc5cf0bbe2f6b3975f08009347a0d4cac4a349b1d103a33e27278f9a2f
tcn,mixed,202,bandpass_n20002_cLA_electrode_s15,phase2/results/predictions/full/mixed/tcn/seed_202/bandpass_n20002_cLA_electrode_s15.npz,76445,6216a3690e10ee0238bd9da959928d74416534984ed811edc65cc58666d3e433
tcn,mixed,202,bandpass_n20002_cLA_electrode_s10,phase2/results/predictions/full/mixed/tcn/seed_202/bandpass_n20002_cLA_electrode_s10.npz,76459,a8233b1708c911a7940f6f8b5fc6da455b56d66821fdf2fd1c1f5d8e647750a2
tcn,mixed,202,bandpass_n20002_cLA_electrode_s5,phase2/results/predictions/full/mixed/tcn/seed_202/bandpass_n20002_cLA_electrode_s5.npz,76251,cfa9096162fdf96b9b94b77a90f730fbeb276b96b240fd638e6654c6e8b4e056
tcn,mixed,202,bandpass_n20002_cLA_electrode_s0,phase2/results/predictions/full/mixed/tcn/seed_202/bandpass_n20002_cLA_electrode_s0.npz,75891,892b4cee288b0f7d02ed1c9aa1d5b99bd3b3aab29d9ef248b1ecf653e2e04307
tcn,mixed,202,bandpass_n20002_cLA_covariance_s20,phase2/results/predictions/full/mixed/tcn/seed_202/bandpass_n20002_cLA_covariance_s20.npz,76476,82830c264a57f8f86985fe33936959fd3bddd4985a884a175ea0bd6482d6ceba
tcn,mixed,202,bandpass_n20002_cLA_covariance_s15,phase2/results/predictions/full/mixed/tcn/seed_202/bandpass_n20002_cLA_covariance_s15.npz,76503,a9f75d6fc4b73d1ea18913b754d1739e6fd0a9fcb016c0b80143bb9797848b56
tcn,mixed,202,bandpass_n20002_cLA_covariance_s10,phase2/results/predictions/full/mixed/tcn/seed_202/bandpass_n20002_cLA_covariance_s10.npz,76454,75b6d9c756ac52d1e416485c6517f61ca1048add858dec11e4c5f71c7b5bc61f
tcn,mixed,202,bandpass_n20002_cLA_covariance_s5,phase2/results/predictions/full/mixed/tcn/seed_202/bandpass_n20002_cLA_covariance_s5.npz,76285,5e0e9abf5a7657378fe653d20e0fc839d009ec8603fc7c932d0a60ffcd658eff
tcn,mixed,202,bandpass_n20002_cLA_covariance_s0,phase2/results/predictions/full/mixed/tcn/seed_202/bandpass_n20002_cLA_covariance_s0.npz,75882,283c4e1aa2dbe7d7a9c73ffd866d046f33fba45631f24118cca4f645433258ac
tcn,mixed,202,bandpass_n20002_cLL_independent_rms_s20,phase2/results/predictions/full/mixed/tcn/seed_202/bandpass_n20002_cLL_independent_rms_s20.npz,76502,af4ad746792e6c421ee006cfde5fda20388f5abf6ee36528c73e7e26ae818bcf
tcn,mixed,202,bandpass_n20002_cLL_independent_rms_s15,phase2/results/predictions/full/mixed/tcn/seed_202/bandpass_n20002_cLL_independent_rms_s15.npz,76521,fd114549738cbfa4e452924ed3a41a9d7e5b50af49c4b06eb5f9d1877d8b315d
tcn,mixed,202,bandpass_n20002_cLL_independent_rms_s10,phase2/results/predictions/full/mixed/tcn/seed_202/bandpass_n20002_cLL_independent_rms_s10.npz,76486,1d8230d8bcf7bd58b39efa71421b08dd2c7e6566bb0c1675e03430f4d356bbf8
tcn,mixed,202,bandpass_n20002_cLL_independent_rms_s5,phase2/results/predictions/full/mixed/tcn/seed_202/bandpass_n20002_cLL_independent_rms_s5.npz,76416,7d3aaa1a82d43e1da69a38d803c4409ca0df73b859fd0f5ea2b8681c6ee03f71
tcn,mixed,202,bandpass_n20002_cLL_independent_rms_s0,phase2/results/predictions/full/mixed/tcn/seed_202/bandpass_n20002_cLL_independent_rms_s0.npz,76147,6fee4d6d31cc51f7dfe76e002149f736b87c5fc30d178b60d19133d6b084f91a
tcn,mixed,202,bandpass_n20002_cLL_electrode_s20,phase2/results/predictions/full/mixed/tcn/seed_202/bandpass_n20002_cLL_electrode_s20.npz,76469,f5414acca3e7e59e4da6cad1e424cd7fe5d9fb34e145e002476f38f27618e484
tcn,mixed,202,bandpass_n20002_cLL_electrode_s15,phase2/results/predictions/full/mixed/tcn/seed_202/bandpass_n20002_cLL_electrode_s15.npz,76499,5bffe5b0a3548357c433b57e55ecba3a6f81368106e2401dfae279520b41aa57
tcn,mixed,202,bandpass_n20002_cLL_electrode_s10,phase2/results/predictions/full/mixed/tcn/seed_202/bandpass_n20002_cLL_electrode_s10.npz,76495,2748b28ed519469d1837cd1247c7d9644d61175367b7ad4f30b82e1782167767
tcn,mixed,202,bandpass_n20002_cLL_electrode_s5,phase2/results/predictions/full/mixed/tcn/seed_202/bandpass_n20002_cLL_electrode_s5.npz,76262,45c217eed066391fa00368be1735963af9bcaa5c877147c006dda0eb76f20aaa
tcn,mixed,202,bandpass_n20002_cLL_electrode_s0,phase2/results/predictions/full/mixed/tcn/seed_202/bandpass_n20002_cLL_electrode_s0.npz,75913,a91c1841b6f203a6efe9103fbddd80660842829df2bc68c809b6dea87543ae20
tcn,mixed,202,bandpass_n20002_cLL_covariance_s20,phase2/results/predictions/full/mixed/tcn/seed_202/bandpass_n20002_cLL_covariance_s20.npz,76436,991dabb879af2ca49ca89c96e6aa81545d57ab1f7de55a76ff25526237d481be
tcn,mixed,202,bandpass_n20002_cLL_covariance_s15,phase2/results/predictions/full/mixed/tcn/seed_202/bandpass_n20002_cLL_covariance_s15.npz,76464,20059130e59d75735e80d6fd8f3458fc71cf164e3ac5f12fae947d072da57650
tcn,mixed,202,bandpass_n20002_cLL_covariance_s10,phase2/results/predictions/full/mixed/tcn/seed_202/bandpass_n20002_cLL_covariance_s10.npz,76438,cf84bd5c7492445a163fe5d0275baf2203813dd8bf2fd04066b53d4b15ecb649
tcn,mixed,202,bandpass_n20002_cLL_covariance_s5,phase2/results/predictions/full/mixed/tcn/seed_202/bandpass_n20002_cLL_covariance_s5.npz,76272,30148af8854e63a433212a068412f0e2521da48fb90f3e0f482e7963a2a2eb3d
tcn,mixed,202,bandpass_n20002_cLL_covariance_s0,phase2/results/predictions/full/mixed/tcn/seed_202/bandpass_n20002_cLL_covariance_s0.npz,75920,f05ecb78a47f8892ae9f334e1cc888e71b5f09d0873109801be8a19263495a85
tcn,mixed,202,bandpass_n20002_cRA_V1_independent_rms_s20,phase2/results/predictions/full/mixed/tcn/seed_202/bandpass_n20002_cRA_V1_independent_rms_s20.npz,76508,74feb7d56ff9fa18ad751018b38dcd3ae1c923a461897b2e559ba524ee1d7ceb
tcn,mixed,202,bandpass_n20002_cRA_V1_independent_rms_s15,phase2/results/predictions/full/mixed/tcn/seed_202/bandpass_n20002_cRA_V1_independent_rms_s15.npz,76487,39f86dd26b59380ecabf6284530a0fb0d59a9492a6a1c6329886e5df855fbe3a
tcn,mixed,202,bandpass_n20002_cRA_V1_independent_rms_s10,phase2/results/predictions/full/mixed/tcn/seed_202/bandpass_n20002_cRA_V1_independent_rms_s10.npz,76476,709560374e8d3cf4185ffea332a5a7f32bc777e8e0753c0abad11a908ef680e4
tcn,mixed,202,bandpass_n20002_cRA_V1_independent_rms_s5,phase2/results/predictions/full/mixed/tcn/seed_202/bandpass_n20002_cRA_V1_independent_rms_s5.npz,76415,46967387941dd22d3e7c0cc28c587a4f730bd7a53f518d1fab593694fb2b13ed
tcn,mixed,202,bandpass_n20002_cRA_V1_independent_rms_s0,phase2/results/predictions/full/mixed/tcn/seed_202/bandpass_n20002_cRA_V1_independent_rms_s0.npz,76175,bc4053090fc8d791194c2e50445ceb394bc125fcde2bff0be28d9783cc2e1ba0
tcn,mixed,202,bandpass_n20002_cRA_V1_electrode_s20,phase2/results/predictions/full/mixed/tcn/seed_202/bandpass_n20002_cRA_V1_electrode_s20.npz,76512,07de9f614aa2ff459e3814bc6ff19325cd2bf363fc33e8c74c5aeb14f9ddc424
tcn,mixed,202,bandpass_n20002_cRA_V1_electrode_s15,phase2/results/predictions/full/mixed/tcn/seed_202/bandpass_n20002_cRA_V1_electrode_s15.npz,76509,3a1cf16957e2ad74509975c15f4fe6e14b6ce3e4a3991b8f809930a3dcf874ae
tcn,mixed,202,bandpass_n20002_cRA_V1_electrode_s10,phase2/results/predictions/full/mixed/tcn/seed_202/bandpass_n20002_cRA_V1_electrode_s10.npz,76504,0ed2d5e848a9477dbb10a752a124695869de1532a9005875e5232570d1b5e2a5
tcn,mixed,202,bandpass_n20002_cRA_V1_electrode_s5,phase2/results/predictions/full/mixed/tcn/seed_202/bandpass_n20002_cRA_V1_electrode_s5.npz,76342,eae43e660721a810146e120737119cfd6d83490ce997c6586d3241363e06ea54
tcn,mixed,202,bandpass_n20002_cRA_V1_electrode_s0,phase2/results/predictions/full/mixed/tcn/seed_202/bandpass_n20002_cRA_V1_electrode_s0.npz,76083,d1270fd7d2bba6baf0f0f226671335b6670bc1edf711577c53027cf1f768ea6d
tcn,mixed,202,bandpass_n20002_cRA_V1_covariance_s20,phase2/results/predictions/full/mixed/tcn/seed_202/bandpass_n20002_cRA_V1_covariance_s20.npz,76475,6da2375f44418cfd4534ae9e885ea73b19df39c1715c22c84f9f96f574fa4b41
tcn,mixed,202,bandpass_n20002_cRA_V1_covariance_s15,phase2/results/predictions/full/mixed/tcn/seed_202/bandpass_n20002_cRA_V1_covariance_s15.npz,76507,73dfa9fef5c431b5a448e20bcf478223383eab5a5b121203c6e226d6aa5071a3
tcn,mixed,202,bandpass_n20002_cRA_V1_covariance_s10,phase2/results/predictions/full/mixed/tcn/seed_202/bandpass_n20002_cRA_V1_covariance_s10.npz,76452,bdcc7e74061d8d648abc3fa880bd6d7e885984873945435323d8db313b321044
tcn,mixed,202,bandpass_n20002_cRA_V1_covariance_s5,phase2/results/predictions/full/mixed/tcn/seed_202/bandpass_n20002_cRA_V1_covariance_s5.npz,76358,f4b8500f8afb0f7527b81a5dab8810c2468ed285ab081ba5776520dd4dc1de42
tcn,mixed,202,bandpass_n20002_cRA_V1_covariance_s0,phase2/results/predictions/full/mixed/tcn/seed_202/bandpass_n20002_cRA_V1_covariance_s0.npz,76074,d929502bc5b7099c4c781027022158e782f701b74b789dda7f2d4d8d3f144d09
tcn,mixed,202,bandpass_n20002_cLA_V6_independent_rms_s20,phase2/results/predictions/full/mixed/tcn/seed_202/bandpass_n20002_cLA_V6_independent_rms_s20.npz,76515,2a84e4446d2588cdbbd76297243a79025c8cd46110baada69a1dda781deed740
tcn,mixed,202,bandpass_n20002_cLA_V6_independent_rms_s15,phase2/results/predictions/full/mixed/tcn/seed_202/bandpass_n20002_cLA_V6_independent_rms_s15.npz,76524,98f028bdd2ef5102f5c7fb9ef82e34ff0890842f12652b9c910d596a2275525e
tcn,mixed,202,bandpass_n20002_cLA_V6_independent_rms_s10,phase2/results/predictions/full/mixed/tcn/seed_202/bandpass_n20002_cLA_V6_independent_rms_s10.npz,76509,e1320ca3297b1e76bdf08e26c234852710575034373359ac46319cf2472b0605
tcn,mixed,202,bandpass_n20002_cLA_V6_independent_rms_s5,phase2/results/predictions/full/mixed/tcn/seed_202/bandpass_n20002_cLA_V6_independent_rms_s5.npz,76440,033728d3a1b0bf53539d81acaa29c0b7d1297f0f0ac96db3000965f17b301835
tcn,mixed,202,bandpass_n20002_cLA_V6_independent_rms_s0,phase2/results/predictions/full/mixed/tcn/seed_202/bandpass_n20002_cLA_V6_independent_rms_s0.npz,76254,e7f65b88dcdfe0363a6ac1bf0ab29d84c961fd7001c537cece3126045afabd0c
tcn,mixed,202,bandpass_n20002_cLA_V6_electrode_s20,phase2/results/predictions/full/mixed/tcn/seed_202/bandpass_n20002_cLA_V6_electrode_s20.npz,76527,ef30e5d96d4904167e0c34baacdac77bb63b59b69526937141c4b22db589762c
tcn,mixed,202,bandpass_n20002_cLA_V6_electrode_s15,phase2/results/predictions/full/mixed/tcn/seed_202/bandpass_n20002_cLA_V6_electrode_s15.npz,76496,737127af75df10fa85fc3008290b98450d3ff8b1f7976892a4efbd6309e1deb1
tcn,mixed,202,bandpass_n20002_cLA_V6_electrode_s10,phase2/results/predictions/full/mixed/tcn/seed_202/bandpass_n20002_cLA_V6_electrode_s10.npz,76468,75785a6f71044c7d4c3b1b86b721a020f79555e44886c181040c8dae2aa15592
tcn,mixed,202,bandpass_n20002_cLA_V6_electrode_s5,phase2/results/predictions/full/mixed/tcn/seed_202/bandpass_n20002_cLA_V6_electrode_s5.npz,76333,9d5e90a74fe559d8ec11ac23314b1f437249187a33c6beacbcc61e30adc11521
tcn,mixed,202,bandpass_n20002_cLA_V6_electrode_s0,phase2/results/predictions/full/mixed/tcn/seed_202/bandpass_n20002_cLA_V6_electrode_s0.npz,75945,bef4a13361b8da6735bc819410df5c15967001bdad926ced16133379d1df9124
tcn,mixed,202,bandpass_n20002_cLA_V6_covariance_s20,phase2/results/predictions/full/mixed/tcn/seed_202/bandpass_n20002_cLA_V6_covariance_s20.npz,76496,37102643eb07c04c1a5f1df94fc54e18e16a8ef623e966e0c0217d305f8acad2
tcn,mixed,202,bandpass_n20002_cLA_V6_covariance_s15,phase2/results/predictions/full/mixed/tcn/seed_202/bandpass_n20002_cLA_V6_covariance_s15.npz,76527,8e0120206dc43cf88575b98c68c9c39b7c9ea552df1476130cb72f2a49e605d4
tcn,mixed,202,bandpass_n20002_cLA_V6_covariance_s10,phase2/results/predictions/full/mixed/tcn/seed_202/bandpass_n20002_cLA_V6_covariance_s10.npz,76460,65a0ef3512e2a4064ef6279d4ba7a2617d99ef9ab36f7919e8770975a1ed0bb3
tcn,mixed,202,bandpass_n20002_cLA_V6_covariance_s5,phase2/results/predictions/full/mixed/tcn/seed_202/bandpass_n20002_cLA_V6_covariance_s5.npz,76350,c86193e2308e4817fb785e4091606ff76ddc523e7f8aa04ae7dea70a79c09f5a
tcn,mixed,202,bandpass_n20002_cLA_V6_covariance_s0,phase2/results/predictions/full/mixed/tcn/seed_202/bandpass_n20002_cLA_V6_covariance_s0.npz,75921,e55e727389d700d6dc54e80c627608d621d5ff70eda81732cf63cbbe86b41af0
tcn,mixed,202,bandpass_n20002_cLL_V4_independent_rms_s20,phase2/results/predictions/full/mixed/tcn/seed_202/bandpass_n20002_cLL_V4_independent_rms_s20.npz,76483,8b477eaaca455b5234bf0388e5d551a02a433c2392c01e8bd375ddd28f633515
tcn,mixed,202,bandpass_n20002_cLL_V4_independent_rms_s15,phase2/results/predictions/full/mixed/tcn/seed_202/bandpass_n20002_cLL_V4_independent_rms_s15.npz,76541,db655c913e9d9d4953d5eb2aa905017573f8b46466e98bad680ddc7f4a8ab21c
tcn,mixed,202,bandpass_n20002_cLL_V4_independent_rms_s10,phase2/results/predictions/full/mixed/tcn/seed_202/bandpass_n20002_cLL_V4_independent_rms_s10.npz,76473,6af1ef87c6d5843753e87aff70ecc941029b3ae124229c3e4bb96418aed3da8b
tcn,mixed,202,bandpass_n20002_cLL_V4_independent_rms_s5,phase2/results/predictions/full/mixed/tcn/seed_202/bandpass_n20002_cLL_V4_independent_rms_s5.npz,76433,24d53ad1c6ff8ac1d670f9ab9f745f36a6455bed239f93d3d753d594acdddb6b
tcn,mixed,202,bandpass_n20002_cLL_V4_independent_rms_s0,phase2/results/predictions/full/mixed/tcn/seed_202/bandpass_n20002_cLL_V4_independent_rms_s0.npz,76179,92e0997cdb4bf8f198c5fea8d77840159081ffe2c4d1230cc5b4ea889c6d4945
tcn,mixed,202,bandpass_n20002_cLL_V4_electrode_s20,phase2/results/predictions/full/mixed/tcn/seed_202/bandpass_n20002_cLL_V4_electrode_s20.npz,76478,a160c30467a8cb753735cf0c84e6f556da7d10bf82f2472871bb7cee21b1e8c2
tcn,mixed,202,bandpass_n20002_cLL_V4_electrode_s15,phase2/results/predictions/full/mixed/tcn/seed_202/bandpass_n20002_cLL_V4_electrode_s15.npz,76507,49b0601515140d1349a0108d5a6ac332e5b10843012568374e33cc43c6fdd6b9
tcn,mixed,202,bandpass_n20002_cLL_V4_electrode_s10,phase2/results/predictions/full/mixed/tcn/seed_202/bandpass_n20002_cLL_V4_electrode_s10.npz,76490,9475c167c9feb4169ffba38bae88b39b25ed529a513fe7b7cf21d49a80c97689
tcn,mixed,202,bandpass_n20002_cLL_V4_electrode_s5,phase2/results/predictions/full/mixed/tcn/seed_202/bandpass_n20002_cLL_V4_electrode_s5.npz,76288,412886252c8bcfb80472fdaef83ca34ab6c6ad506fdcbc8c5c3c50d0d25da925
tcn,mixed,202,bandpass_n20002_cLL_V4_electrode_s0,phase2/results/predictions/full/mixed/tcn/seed_202/bandpass_n20002_cLL_V4_electrode_s0.npz,75935,958db354dbdd81315acea3a06e08df57ef6210ce0527dce3cb25d6cfff5f9ba6
tcn,mixed,202,bandpass_n20002_cLL_V4_covariance_s20,phase2/results/predictions/full/mixed/tcn/seed_202/bandpass_n20002_cLL_V4_covariance_s20.npz,76480,86327d94d0d2448e36e539370b431df80b96108466ce6ef684e42efb3b988427
tcn,mixed,202,bandpass_n20002_cLL_V4_covariance_s15,phase2/results/predictions/full/mixed/tcn/seed_202/bandpass_n20002_cLL_V4_covariance_s15.npz,76475,905bfb248a07a87af4968d06cb7bdd67774f11caeade10062050c98b8889c1f4
tcn,mixed,202,bandpass_n20002_cLL_V4_covariance_s10,phase2/results/predictions/full/mixed/tcn/seed_202/bandpass_n20002_cLL_V4_covariance_s10.npz,76500,05f11c269da01dba80473ec15fccd9adc91d7d53f7a1f36a545dd6b057638e81
tcn,mixed,202,bandpass_n20002_cLL_V4_covariance_s5,phase2/results/predictions/full/mixed/tcn/seed_202/bandpass_n20002_cLL_V4_covariance_s5.npz,76308,a6f37978d73bab8c30ce1370f4124525d961367d8a741d6dd352d5c232bf7182
tcn,mixed,202,bandpass_n20002_cLL_V4_covariance_s0,phase2/results/predictions/full/mixed/tcn/seed_202/bandpass_n20002_cLL_V4_covariance_s0.npz,75974,2c836db59369dd4850711ecfafbe951cb7a977410539b171a23d4525977efb8c
tcn,mixed,202,bandpass_n20002_cRA_LA_V1_V6_independent_rms_s20,phase2/results/predictions/full/mixed/tcn/seed_202/bandpass_n20002_cRA_LA_V1_V6_independent_rms_s20.npz,76514,9311290434f9f33025ef2363ffee1a90a2ba86314e1241920ababf356b5e36eb
tcn,mixed,202,bandpass_n20002_cRA_LA_V1_V6_independent_rms_s15,phase2/results/predictions/full/mixed/tcn/seed_202/bandpass_n20002_cRA_LA_V1_V6_independent_rms_s15.npz,76496,5a2bc8597d364b410ee7efafb40afa5125b17b2ea53c4e2ecbd9a56ae289b05c
tcn,mixed,202,bandpass_n20002_cRA_LA_V1_V6_independent_rms_s10,phase2/results/predictions/full/mixed/tcn/seed_202/bandpass_n20002_cRA_LA_V1_V6_independent_rms_s10.npz,76510,dec383bfc91f14c11e0e661c69598de44b4b37acbe2f68dab187737bd1437c63
tcn,mixed,202,bandpass_n20002_cRA_LA_V1_V6_independent_rms_s5,phase2/results/predictions/full/mixed/tcn/seed_202/bandpass_n20002_cRA_LA_V1_V6_independent_rms_s5.npz,76468,3a4da0d334327e814d653c5c045a27e779f4fd5f280fe4462eba132a3a2a3ddb
tcn,mixed,202,bandpass_n20002_cRA_LA_V1_V6_independent_rms_s0,phase2/results/predictions/full/mixed/tcn/seed_202/bandpass_n20002_cRA_LA_V1_V6_independent_rms_s0.npz,76244,a8fed196b690564a98bb54a5f2bd9fb9040e83fc8cff85e71b357f98ed2a3f0d
tcn,mixed,202,bandpass_n20002_cRA_LA_V1_V6_electrode_s20,phase2/results/predictions/full/mixed/tcn/seed_202/bandpass_n20002_cRA_LA_V1_V6_electrode_s20.npz,76522,c96213ffaeeade0449ed2471978d9d217a7aef3f47b0fcf80a2364fd1ab2ce41
tcn,mixed,202,bandpass_n20002_cRA_LA_V1_V6_electrode_s15,phase2/results/predictions/full/mixed/tcn/seed_202/bandpass_n20002_cRA_LA_V1_V6_electrode_s15.npz,76513,31edfabf7242728b72772f48495459cad100bd6ee539ed00691a0fb56dfdacd2
tcn,mixed,202,bandpass_n20002_cRA_LA_V1_V6_electrode_s10,phase2/results/predictions/full/mixed/tcn/seed_202/bandpass_n20002_cRA_LA_V1_V6_electrode_s10.npz,76491,c2a52fd31746ad36584e7ce4d518c7afcc93687252d6196ae227b777a2ea6d1f
tcn,mixed,202,bandpass_n20002_cRA_LA_V1_V6_electrode_s5,phase2/results/predictions/full/mixed/tcn/seed_202/bandpass_n20002_cRA_LA_V1_V6_electrode_s5.npz,76344,6c70f6c6473a6ea3409f9390d590b49ee150b7b9583fed6b468c3455b500864e
tcn,mixed,202,bandpass_n20002_cRA_LA_V1_V6_electrode_s0,phase2/results/predictions/full/mixed/tcn/seed_202/bandpass_n20002_cRA_LA_V1_V6_electrode_s0.npz,76004,207b5097889acaf07f59993020007b711297f55a8c67fa05a716d1b86b9347d3
tcn,mixed,202,bandpass_n20002_cRA_LA_V1_V6_covariance_s20,phase2/results/predictions/full/mixed/tcn/seed_202/bandpass_n20002_cRA_LA_V1_V6_covariance_s20.npz,76515,821cf399cbe9ee9d0029248b0cdd8cd946e1d346a7b184e30d1ab6ee65de69dc
tcn,mixed,202,bandpass_n20002_cRA_LA_V1_V6_covariance_s15,phase2/results/predictions/full/mixed/tcn/seed_202/bandpass_n20002_cRA_LA_V1_V6_covariance_s15.npz,76505,a70d7af104093a62197dd83129ed6c13af04f0b239149f84640fa3028c45bb13
tcn,mixed,202,bandpass_n20002_cRA_LA_V1_V6_covariance_s10,phase2/results/predictions/full/mixed/tcn/seed_202/bandpass_n20002_cRA_LA_V1_V6_covariance_s10.npz,76486,7329f14f34ee142c3b815079b4ae2869012231239952665118df00bd29ed851d
tcn,mixed,202,bandpass_n20002_cRA_LA_V1_V6_covariance_s5,phase2/results/predictions/full/mixed/tcn/seed_202/bandpass_n20002_cRA_LA_V1_V6_covariance_s5.npz,76319,dad8336244194cb3449e766da2a21dbd2252035dfdc67d1a3f368582378e0e36
tcn,mixed,202,bandpass_n20002_cRA_LA_V1_V6_covariance_s0,phase2/results/predictions/full/mixed/tcn/seed_202/bandpass_n20002_cRA_LA_V1_V6_covariance_s0.npz,76029,c9a2db5cdd377622f4cab25c9f9cdcafe2b0bfe387afae6d0c653ca12a2b7a9c
tcn,mixed,202,bandpass_n20002_cRA_V2_V5_independent_rms_s20,phase2/results/predictions/full/mixed/tcn/seed_202/bandpass_n20002_cRA_V2_V5_independent_rms_s20.npz,76495,815652dd4957f27e9367a3aef74da506a86116b6dd753e8cc65a96da94c680d2
tcn,mixed,202,bandpass_n20002_cRA_V2_V5_independent_rms_s15,phase2/results/predictions/full/mixed/tcn/seed_202/bandpass_n20002_cRA_V2_V5_independent_rms_s15.npz,76505,b7e9960cdb654ae4d6435e1a36261ef88361b723cc82455a7ce360c7261c3426
tcn,mixed,202,bandpass_n20002_cRA_V2_V5_independent_rms_s10,phase2/results/predictions/full/mixed/tcn/seed_202/bandpass_n20002_cRA_V2_V5_independent_rms_s10.npz,76509,6f100d3b0334e80868627a229957d0f68df3aeada11db00f3bb862b3b6947425
tcn,mixed,202,bandpass_n20002_cRA_V2_V5_independent_rms_s5,phase2/results/predictions/full/mixed/tcn/seed_202/bandpass_n20002_cRA_V2_V5_independent_rms_s5.npz,76450,589506de3e9d3838e83c4569d1c2ade1055f569c550096c471cc8f1d65996631
tcn,mixed,202,bandpass_n20002_cRA_V2_V5_independent_rms_s0,phase2/results/predictions/full/mixed/tcn/seed_202/bandpass_n20002_cRA_V2_V5_independent_rms_s0.npz,76221,4eaeeec4723abdde1d51ea7cc0d618a4e87a2231b048e60727ab7133a612aa8c
tcn,mixed,202,bandpass_n20002_cRA_V2_V5_electrode_s20,phase2/results/predictions/full/mixed/tcn/seed_202/bandpass_n20002_cRA_V2_V5_electrode_s20.npz,76523,0cc1874ba381b55a1ce2fe219ddead3a60e4149cbd023dd25dce190397cd13d6
tcn,mixed,202,bandpass_n20002_cRA_V2_V5_electrode_s15,phase2/results/predictions/full/mixed/tcn/seed_202/bandpass_n20002_cRA_V2_V5_electrode_s15.npz,76500,1b841b9e1dc1f71b6f5699fe2f120e25566b9454e335d019c772ff8136bb18b4
tcn,mixed,202,bandpass_n20002_cRA_V2_V5_electrode_s10,phase2/results/predictions/full/mixed/tcn/seed_202/bandpass_n20002_cRA_V2_V5_electrode_s10.npz,76507,f85916fd86f029602a5b99e425cb7f2cf1d89fb2d0d7e4b436fc704753ad6b65
tcn,mixed,202,bandpass_n20002_cRA_V2_V5_electrode_s5,phase2/results/predictions/full/mixed/tcn/seed_202/bandpass_n20002_cRA_V2_V5_electrode_s5.npz,76352,63b39585928c366412e1e751c523d358b8b34772987ba44d5968225a3dce9385
tcn,mixed,202,bandpass_n20002_cRA_V2_V5_electrode_s0,phase2/results/predictions/full/mixed/tcn/seed_202/bandpass_n20002_cRA_V2_V5_electrode_s0.npz,76160,1a98642bb28d5b17616146672c750de89b3d6a9e5092a94f3a01f1905ec047de
tcn,mixed,202,bandpass_n20002_cRA_V2_V5_covariance_s20,phase2/results/predictions/full/mixed/tcn/seed_202/bandpass_n20002_cRA_V2_V5_covariance_s20.npz,76507,8704125947e097326e55a61bf93e80272d136367e67d6ca506db950f7367750e
tcn,mixed,202,bandpass_n20002_cRA_V2_V5_covariance_s15,phase2/results/predictions/full/mixed/tcn/seed_202/bandpass_n20002_cRA_V2_V5_covariance_s15.npz,76531,ec31e0522e3fdcaf9a9f26aeaf309300fa9ef6d0bfea04ac9347f76c2b877e68
tcn,mixed,202,bandpass_n20002_cRA_V2_V5_covariance_s10,phase2/results/predictions/full/mixed/tcn/seed_202/bandpass_n20002_cRA_V2_V5_covariance_s10.npz,76532,8d071b556b5f91918b310dfd2f3e53f725aeeeefafae9e7473a0a15c52d9de2b
tcn,mixed,202,bandpass_n20002_cRA_V2_V5_covariance_s5,phase2/results/predictions/full/mixed/tcn/seed_202/bandpass_n20002_cRA_V2_V5_covariance_s5.npz,76381,76be223c686141bf64b591bafd29d8939f99480fcc378532c90f29c9e18a01ea
tcn,mixed,202,bandpass_n20002_cRA_V2_V5_covariance_s0,phase2/results/predictions/full/mixed/tcn/seed_202/bandpass_n20002_cRA_V2_V5_covariance_s0.npz,76147,5cec4a3f923e0cb6df453e660961b12bf15ae7a68ba7427a772cc5fa5ed5557c
tcn,mixed,202,bandpass_n20002_cLA_V3_V6_independent_rms_s20,phase2/results/predictions/full/mixed/tcn/seed_202/bandpass_n20002_cLA_V3_V6_independent_rms_s20.npz,76537,3678f8e26dc846a67975ec495efade2884135a25775e3f1a11a2f1fd69debd76
tcn,mixed,202,bandpass_n20002_cLA_V3_V6_independent_rms_s15,phase2/results/predictions/full/mixed/tcn/seed_202/bandpass_n20002_cLA_V3_V6_independent_rms_s15.npz,76537,dbef9f642c3deb6d4f66e95023e63f63182d15076b3a11c73e60ae14b9130874
tcn,mixed,202,bandpass_n20002_cLA_V3_V6_independent_rms_s10,phase2/results/predictions/full/mixed/tcn/seed_202/bandpass_n20002_cLA_V3_V6_independent_rms_s10.npz,76517,052a638797e4322c5913ece7156eea3179ceef88c8d2b74e5402cf571e557c56
tcn,mixed,202,bandpass_n20002_cLA_V3_V6_independent_rms_s5,phase2/results/predictions/full/mixed/tcn/seed_202/bandpass_n20002_cLA_V3_V6_independent_rms_s5.npz,76492,3b8587d311cc6b04e3f2128a26f31d38ec33a99ca5d04ed2b9cd4b2b496edb07
tcn,mixed,202,bandpass_n20002_cLA_V3_V6_independent_rms_s0,phase2/results/predictions/full/mixed/tcn/seed_202/bandpass_n20002_cLA_V3_V6_independent_rms_s0.npz,76227,625193111020d9de9f9b0b171d374f7177be9e6be8634d7fdf6d6fb906203d00
tcn,mixed,202,bandpass_n20002_cLA_V3_V6_electrode_s20,phase2/results/predictions/full/mixed/tcn/seed_202/bandpass_n20002_cLA_V3_V6_electrode_s20.npz,76530,7567d2480705abe7d14e0e9fcc98ccfd5283d3fbb5db9737706872b90dfd4f48
tcn,mixed,202,bandpass_n20002_cLA_V3_V6_electrode_s15,phase2/results/predictions/full/mixed/tcn/seed_202/bandpass_n20002_cLA_V3_V6_electrode_s15.npz,76514,d30bdf5de919d01bc88630afe979a8219ac3b58ace6c6cd5a10e18e7277368de
tcn,mixed,202,bandpass_n20002_cLA_V3_V6_electrode_s10,phase2/results/predictions/full/mixed/tcn/seed_202/bandpass_n20002_cLA_V3_V6_electrode_s10.npz,76478,e826f3f130b465c0cea5a466c42ca10de53e4e17cdadebace768716f1bbc64dc
tcn,mixed,202,bandpass_n20002_cLA_V3_V6_electrode_s5,phase2/results/predictions/full/mixed/tcn/seed_202/bandpass_n20002_cLA_V3_V6_electrode_s5.npz,76316,6ac57832b8bac5e9d2f7c0e32beae5077b911d69dc0c286ae82e388f9b0c8d40
tcn,mixed,202,bandpass_n20002_cLA_V3_V6_electrode_s0,phase2/results/predictions/full/mixed/tcn/seed_202/bandpass_n20002_cLA_V3_V6_electrode_s0.npz,75982,e662b10a967d0072e369a09b6cfb25dc263f85def778be537ff8af595095fbc3
tcn,mixed,202,bandpass_n20002_cLA_V3_V6_covariance_s20,phase2/results/predictions/full/mixed/tcn/seed_202/bandpass_n20002_cLA_V3_V6_covariance_s20.npz,76515,6ed760d58339cf2086992f7699dbe4905aeed925a74a87a72fd21ae9e56018f9
tcn,mixed,202,bandpass_n20002_cLA_V3_V6_covariance_s15,phase2/results/predictions/full/mixed/tcn/seed_202/bandpass_n20002_cLA_V3_V6_covariance_s15.npz,76514,d3c543475ba4dc749a8910cead6f4c893b472909f0b45495a7f33eca4fa70e7d
tcn,mixed,202,bandpass_n20002_cLA_V3_V6_covariance_s10,phase2/results/predictions/full/mixed/tcn/seed_202/bandpass_n20002_cLA_V3_V6_covariance_s10.npz,76470,a9658774c65d409167ff0be5310f2c77a414d80e52534be0e8ab4c6cf4e40dbd
tcn,mixed,202,bandpass_n20002_cLA_V3_V6_covariance_s5,phase2/results/predictions/full/mixed/tcn/seed_202/bandpass_n20002_cLA_V3_V6_covariance_s5.npz,76332,61879a6fbad9d6099ab5388d605ad76cd4ec18224538ab8c3d93d7407db64b56
tcn,mixed,202,bandpass_n20002_cLA_V3_V6_covariance_s0,phase2/results/predictions/full/mixed/tcn/seed_202/bandpass_n20002_cLA_V3_V6_covariance_s0.npz,76001,74fb80bd34d77293ae689a005c52a288d832fc1d5956c90fd8b3788e5319210e
tcn,mixed,202,bandpass_n20002_cLL_V1_V4_independent_rms_s20,phase2/results/predictions/full/mixed/tcn/seed_202/bandpass_n20002_cLL_V1_V4_independent_rms_s20.npz,76521,e77c24568bef97d1af82a4659aafb67a54347e2c8445e4a4a914b39253f0ac35
tcn,mixed,202,bandpass_n20002_cLL_V1_V4_independent_rms_s15,phase2/results/predictions/full/mixed/tcn/seed_202/bandpass_n20002_cLL_V1_V4_independent_rms_s15.npz,76488,6bd38b1f90cc64a04328948fff7eb17f2e386634860b6d71ea1ad882a74afb46
tcn,mixed,202,bandpass_n20002_cLL_V1_V4_independent_rms_s10,phase2/results/predictions/full/mixed/tcn/seed_202/bandpass_n20002_cLL_V1_V4_independent_rms_s10.npz,76486,04628442fc3b86346698d23ffe662ca3a6940a4887dbf27d553ae060e4b3e67b
tcn,mixed,202,bandpass_n20002_cLL_V1_V4_independent_rms_s5,phase2/results/predictions/full/mixed/tcn/seed_202/bandpass_n20002_cLL_V1_V4_independent_rms_s5.npz,76428,690404fb80da4ba390133b0e591118d69a47bb1f0b27626e2f4649d52f0deeab
tcn,mixed,202,bandpass_n20002_cLL_V1_V4_independent_rms_s0,phase2/results/predictions/full/mixed/tcn/seed_202/bandpass_n20002_cLL_V1_V4_independent_rms_s0.npz,76150,d524f3dc067895551d99718bdc9890e409ef0e2366687896cd6c500d93f0e8d5
tcn,mixed,202,bandpass_n20002_cLL_V1_V4_electrode_s20,phase2/results/predictions/full/mixed/tcn/seed_202/bandpass_n20002_cLL_V1_V4_electrode_s20.npz,76502,f6ebee778b22bb41f5dab6c4dcb6878ff9d5ad38ef2c6e2ac8c217429c2600dc
tcn,mixed,202,bandpass_n20002_cLL_V1_V4_electrode_s15,phase2/results/predictions/full/mixed/tcn/seed_202/bandpass_n20002_cLL_V1_V4_electrode_s15.npz,76520,1d660a7cca9d7b6e5ca8901098c4eb0289ae0628e265b6532c28d25161fd25b9
tcn,mixed,202,bandpass_n20002_cLL_V1_V4_electrode_s10,phase2/results/predictions/full/mixed/tcn/seed_202/bandpass_n20002_cLL_V1_V4_electrode_s10.npz,76482,c41c4ca4dfc9488a9bf2a4ef97fc5945a75d57e2af79f2f8082fe8cac9e5ad4e
tcn,mixed,202,bandpass_n20002_cLL_V1_V4_electrode_s5,phase2/results/predictions/full/mixed/tcn/seed_202/bandpass_n20002_cLL_V1_V4_electrode_s5.npz,76324,07c8a2d566d16dd683e3eddd147567555ee841b5168eb6596d9c7d9b8609cb42
tcn,mixed,202,bandpass_n20002_cLL_V1_V4_electrode_s0,phase2/results/predictions/full/mixed/tcn/seed_202/bandpass_n20002_cLL_V1_V4_electrode_s0.npz,75936,33e21cc3f27d70e0b94f89b38598d35ce9d4b8ec7454de818808e726b5000dc3
tcn,mixed,202,bandpass_n20002_cLL_V1_V4_covariance_s20,phase2/results/predictions/full/mixed/tcn/seed_202/bandpass_n20002_cLL_V1_V4_covariance_s20.npz,76510,9063bf588f2dd697a17972b29d1bc17de7991629ae63d3352682470d9dfd7e65
tcn,mixed,202,bandpass_n20002_cLL_V1_V4_covariance_s15,phase2/results/predictions/full/mixed/tcn/seed_202/bandpass_n20002_cLL_V1_V4_covariance_s15.npz,76511,9851940d0833a53b6a63f5bc4de71972b1c855f561dffffd0ae9824e028f7262
tcn,mixed,202,bandpass_n20002_cLL_V1_V4_covariance_s10,phase2/results/predictions/full/mixed/tcn/seed_202/bandpass_n20002_cLL_V1_V4_covariance_s10.npz,76472,3bcf0adaf8f2042878398141fcd0bf713964438c82683850e46d15766d675265
tcn,mixed,202,bandpass_n20002_cLL_V1_V4_covariance_s5,phase2/results/predictions/full/mixed/tcn/seed_202/bandpass_n20002_cLL_V1_V4_covariance_s5.npz,76326,0911ce416997b0313fdd2fbee8c8c994e7be40634ee2e9c1041698018635fac0
tcn,mixed,202,bandpass_n20002_cLL_V1_V4_covariance_s0,phase2/results/predictions/full/mixed/tcn/seed_202/bandpass_n20002_cLL_V1_V4_covariance_s0.npz,75957,854d8561caeccc4e8cb824a48e102257eb8a0b460772ba7f9994b0ee62b92173
tcn,mixed,202,bandpass_n20002_call_independent_rms_s20,phase2/results/predictions/full/mixed/tcn/seed_202/bandpass_n20002_call_independent_rms_s20.npz,76467,4fe4828dd7b081644a64e148d831eed13e34b9079acb569413f5bcbfe9548547
tcn,mixed,202,bandpass_n20002_call_independent_rms_s15,phase2/results/predictions/full/mixed/tcn/seed_202/bandpass_n20002_call_independent_rms_s15.npz,76485,1ddd49ac18e21045814053be57e682fab16a26512f30f46a66bbcdb5d504b41a
tcn,mixed,202,bandpass_n20002_call_independent_rms_s10,phase2/results/predictions/full/mixed/tcn/seed_202/bandpass_n20002_call_independent_rms_s10.npz,76467,03af7ff2972ddb630acaf8e11faae54f97c0b12f42433bcfa0d2fd595fe549f4
tcn,mixed,202,bandpass_n20002_call_independent_rms_s5,phase2/results/predictions/full/mixed/tcn/seed_202/bandpass_n20002_call_independent_rms_s5.npz,76415,b8fbc9b9bfbf3243c3fba2f203e9ea21951283c32fe734624dccce0a1f36717e
tcn,mixed,202,bandpass_n20002_call_independent_rms_s0,phase2/results/predictions/full/mixed/tcn/seed_202/bandpass_n20002_call_independent_rms_s0.npz,76163,9142b66727bd959e4a13b4bf713e3aee9eb6c339bb7673e3349598205e18b8b0
tcn,mixed,202,bandpass_n20002_call_electrode_s20,phase2/results/predictions/full/mixed/tcn/seed_202/bandpass_n20002_call_electrode_s20.npz,76475,df93763b8ee8039b1d2e61473a9f0f31c28e1c8f14842b0f14b23c250899a316
tcn,mixed,202,bandpass_n20002_call_electrode_s15,phase2/results/predictions/full/mixed/tcn/seed_202/bandpass_n20002_call_electrode_s15.npz,76439,aa067f5a1f073128c4fdb563c996507fe67b7a78a60a3242dc98dadb1e8a0e1d
tcn,mixed,202,bandpass_n20002_call_electrode_s10,phase2/results/predictions/full/mixed/tcn/seed_202/bandpass_n20002_call_electrode_s10.npz,76458,448d2156268815405f575b510d4c153a9e81d80bf1acaa685f5a7071bf491dd2
tcn,mixed,202,bandpass_n20002_call_electrode_s5,phase2/results/predictions/full/mixed/tcn/seed_202/bandpass_n20002_call_electrode_s5.npz,76292,e09660ff34f35a379e737ce426910a6e16b1cdf1013d9df19df7bfa0cf0b9405
tcn,mixed,202,bandpass_n20002_call_electrode_s0,phase2/results/predictions/full/mixed/tcn/seed_202/bandpass_n20002_call_electrode_s0.npz,75969,f5f4568cf5a79cb6b2243f0f149e8aa04182fe8bcb33308e85a690b3fc49fe7a
tcn,mixed,202,bandpass_n20002_call_covariance_s20,phase2/results/predictions/full/mixed/tcn/seed_202/bandpass_n20002_call_covariance_s20.npz,76500,01aa0a1009e75e840c04107991153d20a7219e2744a7cf4c605c06be1af21135
tcn,mixed,202,bandpass_n20002_call_covariance_s15,phase2/results/predictions/full/mixed/tcn/seed_202/bandpass_n20002_call_covariance_s15.npz,76485,6acf90d732becc8fc2940f6a0571f729c33233528c8852e71084ec866f35c1fd
tcn,mixed,202,bandpass_n20002_call_covariance_s10,phase2/results/predictions/full/mixed/tcn/seed_202/bandpass_n20002_call_covariance_s10.npz,76466,ced9763a134ac91a39ee856598b7ac49fb66dbe973acaaea1c6e202606cab4ad
tcn,mixed,202,bandpass_n20002_call_covariance_s5,phase2/results/predictions/full/mixed/tcn/seed_202/bandpass_n20002_call_covariance_s5.npz,76322,856cb77278f4d782610124ecd909513d4c6059f29990e73cd960dfe8d81f8ff7
tcn,mixed,202,bandpass_n20002_call_covariance_s0,phase2/results/predictions/full/mixed/tcn/seed_202/bandpass_n20002_call_covariance_s0.npz,75962,82dd0f1ee658a8630b13910aefef8f9599e2b4772a826c842e5fce78f49fb23e
tcn,mixed,202,bandpass_n20003_cRA_LA_LL_independent_rms_s20,phase2/results/predictions/full/mixed/tcn/seed_202/bandpass_n20003_cRA_LA_LL_independent_rms_s20.npz,76541,f5be5127530a14ef2449b7fd45f98cb2b5e5e522954ccac682e5ce810d595760
tcn,mixed,202,bandpass_n20003_cRA_LA_LL_independent_rms_s15,phase2/results/predictions/full/mixed/tcn/seed_202/bandpass_n20003_cRA_LA_LL_independent_rms_s15.npz,76496,6c5b44abd13d255f514d801d45d06bedbed7e50646f813c1bb461398d97c5001
tcn,mixed,202,bandpass_n20003_cRA_LA_LL_independent_rms_s10,phase2/results/predictions/full/mixed/tcn/seed_202/bandpass_n20003_cRA_LA_LL_independent_rms_s10.npz,76500,df5702be2dc2f1336dc06beb8d90b6e2674cf29bc418a8b82c60c0bd3deb6051
tcn,mixed,202,bandpass_n20003_cRA_LA_LL_independent_rms_s5,phase2/results/predictions/full/mixed/tcn/seed_202/bandpass_n20003_cRA_LA_LL_independent_rms_s5.npz,76421,79567badce6ccd806d91a39b58a5a1e4d5aa1a3ec4d83fc87458e379af225bd2
tcn,mixed,202,bandpass_n20003_cRA_LA_LL_independent_rms_s0,phase2/results/predictions/full/mixed/tcn/seed_202/bandpass_n20003_cRA_LA_LL_independent_rms_s0.npz,76174,4a32c7b780b20f0b149af269bf377bf1ac7c7067a4114aae3cd488d046c962bc
tcn,mixed,202,bandpass_n20003_cRA_LA_LL_electrode_s20,phase2/results/predictions/full/mixed/tcn/seed_202/bandpass_n20003_cRA_LA_LL_electrode_s20.npz,76508,73840c683a94eb040e824f2be66b5210f90dba00b7eb5b1f092ac0d1fb418665
tcn,mixed,202,bandpass_n20003_cRA_LA_LL_electrode_s15,phase2/results/predictions/full/mixed/tcn/seed_202/bandpass_n20003_cRA_LA_LL_electrode_s15.npz,76507,039f02fcfb3860e55d9a5715cb78acbb91f901404ab9c31a7f6764c3b76a1a79
tcn,mixed,202,bandpass_n20003_cRA_LA_LL_electrode_s10,phase2/results/predictions/full/mixed/tcn/seed_202/bandpass_n20003_cRA_LA_LL_electrode_s10.npz,76464,1c0bac00dd67b5dae7a5452e49633a1f68e895e83744bdb8c51fb4df9d3162ae
tcn,mixed,202,bandpass_n20003_cRA_LA_LL_electrode_s5,phase2/results/predictions/full/mixed/tcn/seed_202/bandpass_n20003_cRA_LA_LL_electrode_s5.npz,76285,0bd456471fb4dcea73972323141a857fd9b034eeeac8bb7b7ead5c7a5bbe6838
tcn,mixed,202,bandpass_n20003_cRA_LA_LL_electrode_s0,phase2/results/predictions/full/mixed/tcn/seed_202/bandpass_n20003_cRA_LA_LL_electrode_s0.npz,75924,7c607f6b2556a279d85305d02b947acfa69158491876690b971b8fc2cd7897c5
tcn,mixed,202,bandpass_n20003_cRA_LA_LL_covariance_s20,phase2/results/predictions/full/mixed/tcn/seed_202/bandpass_n20003_cRA_LA_LL_covariance_s20.npz,76510,af0a093293fece1ea7aad33853430c4a31de1d8bfafeb4ff321f20d03341e486
tcn,mixed,202,bandpass_n20003_cRA_LA_LL_covariance_s15,phase2/results/predictions/full/mixed/tcn/seed_202/bandpass_n20003_cRA_LA_LL_covariance_s15.npz,76476,ab5389c97c49ebba94cbda9bad84f9a6abf6a012d65f373acdfb40512e939d48
tcn,mixed,202,bandpass_n20003_cRA_LA_LL_covariance_s10,phase2/results/predictions/full/mixed/tcn/seed_202/bandpass_n20003_cRA_LA_LL_covariance_s10.npz,76459,e4785e893c8f12f874a8dc1f4f4d89d75fe986ea89e42d61b37ebf9e791cc514
tcn,mixed,202,bandpass_n20003_cRA_LA_LL_covariance_s5,phase2/results/predictions/full/mixed/tcn/seed_202/bandpass_n20003_cRA_LA_LL_covariance_s5.npz,76318,7eb63f286951efcfc4ae4981d32faaf1e1dccf83d645b1fb91f37399bcde07d5
tcn,mixed,202,bandpass_n20003_cRA_LA_LL_covariance_s0,phase2/results/predictions/full/mixed/tcn/seed_202/bandpass_n20003_cRA_LA_LL_covariance_s0.npz,75944,d9acd23ccfdfaf5044115ba2045d2283b2718452dbbf608e64fed9858d5ea7ce
tcn,mixed,202,bandpass_n20003_cV1_independent_rms_s20,phase2/results/predictions/full/mixed/tcn/seed_202/bandpass_n20003_cV1_independent_rms_s20.npz,76475,56ce111b933f0d43908b26009a256e9ff1fe8f6eb49f5ffcc4b522ecc5ea3065
tcn,mixed,202,bandpass_n20003_cV1_independent_rms_s15,phase2/results/predictions/full/mixed/tcn/seed_202/bandpass_n20003_cV1_independent_rms_s15.npz,76477,a590aa6fda0dec659b3b90c3b0269c77b83a590176e573e1fa20821447bba964
tcn,mixed,202,bandpass_n20003_cV1_independent_rms_s10,phase2/results/predictions/full/mixed/tcn/seed_202/bandpass_n20003_cV1_independent_rms_s10.npz,76491,0d4424e171230a829fc32b6a38ef4e1f6ce1a14865d6a1d47cdad033a4d1bb25
tcn,mixed,202,bandpass_n20003_cV1_independent_rms_s5,phase2/results/predictions/full/mixed/tcn/seed_202/bandpass_n20003_cV1_independent_rms_s5.npz,76348,32b522641cb8f77ff02a5cacea3b7b15b22d9a059ee4fc75e401385b9c68764d
tcn,mixed,202,bandpass_n20003_cV1_independent_rms_s0,phase2/results/predictions/full/mixed/tcn/seed_202/bandpass_n20003_cV1_independent_rms_s0.npz,76018,219e418653ef56569c253461f623ac6f57c78d0fb5cf90ff1e2af5ec2613308f
tcn,mixed,202,bandpass_n20003_cV1_electrode_s20,phase2/results/predictions/full/mixed/tcn/seed_202/bandpass_n20003_cV1_electrode_s20.npz,76491,c985ecdc3cddf481764e843d22965d574ad9aea4240d5f5d10abd8f7f5fd1ba3
tcn,mixed,202,bandpass_n20003_cV1_electrode_s15,phase2/results/predictions/full/mixed/tcn/seed_202/bandpass_n20003_cV1_electrode_s15.npz,76485,8ba031c4e8da9786f415db1587ebcb5cb19b093f44f35c8971f6c6a61899b741
tcn,mixed,202,bandpass_n20003_cV1_electrode_s10,phase2/results/predictions/full/mixed/tcn/seed_202/bandpass_n20003_cV1_electrode_s10.npz,76476,05ddec52976dbb47ae16f560898514e6118e06196913743ef9a74e3592fbea6b
tcn,mixed,202,bandpass_n20003_cV1_electrode_s5,phase2/results/predictions/full/mixed/tcn/seed_202/bandpass_n20003_cV1_electrode_s5.npz,76326,259625d205119c2807b63e14d430447445776fc243fbc19592d446f81213aa76
tcn,mixed,202,bandpass_n20003_cV1_electrode_s0,phase2/results/predictions/full/mixed/tcn/seed_202/bandpass_n20003_cV1_electrode_s0.npz,76042,38ad0393898549e91607eb59073d9065f8ad8378610b0fa81b81335f89c59f87
tcn,mixed,202,bandpass_n20003_cV1_covariance_s20,phase2/results/predictions/full/mixed/tcn/seed_202/bandpass_n20003_cV1_covariance_s20.npz,76470,acaf6b37f861d6733b457d54dfde7be73b569ea895f55b57843bb9f3705fa68e
tcn,mixed,202,bandpass_n20003_cV1_covariance_s15,phase2/results/predictions/full/mixed/tcn/seed_202/bandpass_n20003_cV1_covariance_s15.npz,76462,cd54f00dc9cc85b0d238a271b873cdd66cecd9c4f694690231b032f57cae8709
tcn,mixed,202,bandpass_n20003_cV1_covariance_s10,phase2/results/predictions/full/mixed/tcn/seed_202/bandpass_n20003_cV1_covariance_s10.npz,76481,ab88d8a38bb5949b4328f5db3bee616879d3e4b2a5a71669cbcfc193046677db
tcn,mixed,202,bandpass_n20003_cV1_covariance_s5,phase2/results/predictions/full/mixed/tcn/seed_202/bandpass_n20003_cV1_covariance_s5.npz,76300,8c41edddfdb30dae825eac99b4224bf4ff470734a73575511459c60334c12d0c
tcn,mixed,202,bandpass_n20003_cV1_covariance_s0,phase2/results/predictions/full/mixed/tcn/seed_202/bandpass_n20003_cV1_covariance_s0.npz,76007,11ccd3e5410d05de01afaa50ff9e189314cf4d081d9fcdce985f92b22165f015
tcn,mixed,202,bandpass_n20003_cV2_independent_rms_s20,phase2/results/predictions/full/mixed/tcn/seed_202/bandpass_n20003_cV2_independent_rms_s20.npz,76495,76659a090ebe7c20b993cbab5c224a5ada3514c7fb2b574417ae956cdaf9fb83
tcn,mixed,202,bandpass_n20003_cV2_independent_rms_s15,phase2/results/predictions/full/mixed/tcn/seed_202/bandpass_n20003_cV2_independent_rms_s15.npz,76488,b832c359807ae06bf5ed866be35da261ac1cfea6d451d3975eafa4d318647fb4
tcn,mixed,202,bandpass_n20003_cV2_independent_rms_s10,phase2/results/predictions/full/mixed/tcn/seed_202/bandpass_n20003_cV2_independent_rms_s10.npz,76503,b014af23e0ae3ad62f138eb4e5d551f73299441b28127107fff015d8106c9699
tcn,mixed,202,bandpass_n20003_cV2_independent_rms_s5,phase2/results/predictions/full/mixed/tcn/seed_202/bandpass_n20003_cV2_independent_rms_s5.npz,76414,2e204dcd65cfcaf417e61d22d20d5db9a0e938c02c5cf63c4b2f105c88ab7218
tcn,mixed,202,bandpass_n20003_cV2_independent_rms_s0,phase2/results/predictions/full/mixed/tcn/seed_202/bandpass_n20003_cV2_independent_rms_s0.npz,76255,f7ebf18b80fde258e7b2a285a82d5768b286bfbce6c19c8daca4a78f5ed50b74
tcn,mixed,202,bandpass_n20003_cV2_electrode_s20,phase2/results/predictions/full/mixed/tcn/seed_202/bandpass_n20003_cV2_electrode_s20.npz,76480,a23166e7b80243aa29e0f935a1fed777076e991a3ea113c8fa13be11bd35be6f
tcn,mixed,202,bandpass_n20003_cV2_electrode_s15,phase2/results/predictions/full/mixed/tcn/seed_202/bandpass_n20003_cV2_electrode_s15.npz,76489,c758bdf722654d9ae9d06f928190c2b60dbdc9f70113fdef66865294f0d7e15e
tcn,mixed,202,bandpass_n20003_cV2_electrode_s10,phase2/results/predictions/full/mixed/tcn/seed_202/bandpass_n20003_cV2_electrode_s10.npz,76491,e936666cdbcf426eaca3c792036fe723d28ad6bb08e914b786a583951915d6c1
tcn,mixed,202,bandpass_n20003_cV2_electrode_s5,phase2/results/predictions/full/mixed/tcn/seed_202/bandpass_n20003_cV2_electrode_s5.npz,76403,e9687d79de68a0a3d618b13d15cd9194038215dea0bafc7cde1211e5f182f034
tcn,mixed,202,bandpass_n20003_cV2_electrode_s0,phase2/results/predictions/full/mixed/tcn/seed_202/bandpass_n20003_cV2_electrode_s0.npz,76242,e14a281f7f02c743109fdb0904a403fcb9894f87dd25f3026bd7290dc32cd5e8
tcn,mixed,202,bandpass_n20003_cV2_covariance_s20,phase2/results/predictions/full/mixed/tcn/seed_202/bandpass_n20003_cV2_covariance_s20.npz,76520,c23e3a56dd673cb2dee65c721f230cac9391b0326293c083096a5f15380a0244
tcn,mixed,202,bandpass_n20003_cV2_covariance_s15,phase2/results/predictions/full/mixed/tcn/seed_202/bandpass_n20003_cV2_covariance_s15.npz,76501,770806bd4b714789212df3c4870033f8ab908f9e5852d7aeaeadca4f5fc293be
tcn,mixed,202,bandpass_n20003_cV2_covariance_s10,phase2/results/predictions/full/mixed/tcn/seed_202/bandpass_n20003_cV2_covariance_s10.npz,76491,3629aaa034661bbe19004edc3575b3c29b0491fc386aa4c8318b501a1a4b6635
tcn,mixed,202,bandpass_n20003_cV2_covariance_s5,phase2/results/predictions/full/mixed/tcn/seed_202/bandpass_n20003_cV2_covariance_s5.npz,76417,5150ba482067bfdfb95124eb4081a96051fc87c776259f9e2f37c9c23929d5f9
tcn,mixed,202,bandpass_n20003_cV2_covariance_s0,phase2/results/predictions/full/mixed/tcn/seed_202/bandpass_n20003_cV2_covariance_s0.npz,76236,b1762e87a4aa1a059c4a6a1f22ba421e875a7d6cd8f4f98449feec40e9c8f01a
tcn,mixed,202,bandpass_n20003_cV3_independent_rms_s20,phase2/results/predictions/full/mixed/tcn/seed_202/bandpass_n20003_cV3_independent_rms_s20.npz,76522,a034c837da8b6a500c0cacd66dee6332e16cbbec6faa0e11ee0b45a32964f626
tcn,mixed,202,bandpass_n20003_cV3_independent_rms_s15,phase2/results/predictions/full/mixed/tcn/seed_202/bandpass_n20003_cV3_independent_rms_s15.npz,76507,5b665871cc9991315735fae91d52fa721e91b007604bd20fdc5f16fd7cd6064b
tcn,mixed,202,bandpass_n20003_cV3_independent_rms_s10,phase2/results/predictions/full/mixed/tcn/seed_202/bandpass_n20003_cV3_independent_rms_s10.npz,76484,5e7e780e6ecefb38b62f4d2091a6bd78a49a9c5be7a88feaea85caca439d2044
tcn,mixed,202,bandpass_n20003_cV3_independent_rms_s5,phase2/results/predictions/full/mixed/tcn/seed_202/bandpass_n20003_cV3_independent_rms_s5.npz,76461,5e2854fe0db7e87425fef807947feb3cf60a1bf7fcc031f3a539cbb2917abf0d
tcn,mixed,202,bandpass_n20003_cV3_independent_rms_s0,phase2/results/predictions/full/mixed/tcn/seed_202/bandpass_n20003_cV3_independent_rms_s0.npz,76327,b73e29498125c6ddef196221d2c90c0a6665c7c9b53eb33da22e56d12a7cab18
tcn,mixed,202,bandpass_n20003_cV3_electrode_s20,phase2/results/predictions/full/mixed/tcn/seed_202/bandpass_n20003_cV3_electrode_s20.npz,76485,9c3a808307f59da4d51aa2b310b0e322c8868fea267c525e01a2f4d664584ede
tcn,mixed,202,bandpass_n20003_cV3_electrode_s15,phase2/results/predictions/full/mixed/tcn/seed_202/bandpass_n20003_cV3_electrode_s15.npz,76456,8641d319ce242c6a2450e72835df0727feaef91712da91331046bef460c1a8c1
tcn,mixed,202,bandpass_n20003_cV3_electrode_s10,phase2/results/predictions/full/mixed/tcn/seed_202/bandpass_n20003_cV3_electrode_s10.npz,76473,c3587d6325c5f3e512b674d328997d495f6011b0faea7d54431a83ada8b929ac
tcn,mixed,202,bandpass_n20003_cV3_electrode_s5,phase2/results/predictions/full/mixed/tcn/seed_202/bandpass_n20003_cV3_electrode_s5.npz,76458,5f1ac59c38a1182ed5dbc5be8eeddf36bea4ead74340aa7f06d20581dfd53abb
tcn,mixed,202,bandpass_n20003_cV3_electrode_s0,phase2/results/predictions/full/mixed/tcn/seed_202/bandpass_n20003_cV3_electrode_s0.npz,76316,ce3128e5b9846512cadf24c7b39130406d0635805c2544440ae8b2ce4540357a
tcn,mixed,202,bandpass_n20003_cV3_covariance_s20,phase2/results/predictions/full/mixed/tcn/seed_202/bandpass_n20003_cV3_covariance_s20.npz,76472,aefe402d37ac30335fe4eac5c6dbca57002ef1d414b75b456c88bc55de51c5ad
tcn,mixed,202,bandpass_n20003_cV3_covariance_s15,phase2/results/predictions/full/mixed/tcn/seed_202/bandpass_n20003_cV3_covariance_s15.npz,76496,9d10440d0dde0fd21d6c1f98a285478b7c0c66a6d213cd9bb223854cf4e21f3f
tcn,mixed,202,bandpass_n20003_cV3_covariance_s10,phase2/results/predictions/full/mixed/tcn/seed_202/bandpass_n20003_cV3_covariance_s10.npz,76463,2c939c34d797b402e460edbd2d48254a751e9de1b104eb9d55269c272d4338ea
tcn,mixed,202,bandpass_n20003_cV3_covariance_s5,phase2/results/predictions/full/mixed/tcn/seed_202/bandpass_n20003_cV3_covariance_s5.npz,76438,dbfbe2bd2c93e2bd9ecf2d5f5e27acbc5ff5b288779b0cfb301ad7f858a0bce3
tcn,mixed,202,bandpass_n20003_cV3_covariance_s0,phase2/results/predictions/full/mixed/tcn/seed_202/bandpass_n20003_cV3_covariance_s0.npz,76321,eb51ede11b5d990f32de3e5d74e0231a0f7a9b7a8d3335e8be7d613f723da174
tcn,mixed,202,bandpass_n20003_cV4_independent_rms_s20,phase2/results/predictions/full/mixed/tcn/seed_202/bandpass_n20003_cV4_independent_rms_s20.npz,76494,9e442ba27d44e592a47d1b14ad599c537047844f16c9526f4e500212b0ae800f
tcn,mixed,202,bandpass_n20003_cV4_independent_rms_s15,phase2/results/predictions/full/mixed/tcn/seed_202/bandpass_n20003_cV4_independent_rms_s15.npz,76494,8e86f168481798b6b491c845d13763563da05bbebb8cf0cf360ddbac84038506
tcn,mixed,202,bandpass_n20003_cV4_independent_rms_s10,phase2/results/predictions/full/mixed/tcn/seed_202/bandpass_n20003_cV4_independent_rms_s10.npz,76483,24bcb3e32b4c5bd5125bd6b4257cdfb1d2531854b182a23acb52a2db68442ab4
tcn,mixed,202,bandpass_n20003_cV4_independent_rms_s5,phase2/results/predictions/full/mixed/tcn/seed_202/bandpass_n20003_cV4_independent_rms_s5.npz,76470,81a62219e7cae379d49a1cb4025a9b180b17c24497535db921771f1bbefbab3a
tcn,mixed,202,bandpass_n20003_cV4_independent_rms_s0,phase2/results/predictions/full/mixed/tcn/seed_202/bandpass_n20003_cV4_independent_rms_s0.npz,76253,169c86081ff1f7eedbbbef74293f802056f16d820f1d379cc6ea10c671e02e22
tcn,mixed,202,bandpass_n20003_cV4_electrode_s20,phase2/results/predictions/full/mixed/tcn/seed_202/bandpass_n20003_cV4_electrode_s20.npz,76491,def2aa502e12050626b1cc84791feb84d12aaec60c8ad375cb5e224d00cbb660
tcn,mixed,202,bandpass_n20003_cV4_electrode_s15,phase2/results/predictions/full/mixed/tcn/seed_202/bandpass_n20003_cV4_electrode_s15.npz,76475,5e6d7e71ebdcf5311a8203b3a5c7eaced7af31648094066ccc1a0af41a10ba20
tcn,mixed,202,bandpass_n20003_cV4_electrode_s10,phase2/results/predictions/full/mixed/tcn/seed_202/bandpass_n20003_cV4_electrode_s10.npz,76484,44de071c260fe1733a19fa3140fbba74e4730e746d6ec90804fe2a185f050de7
tcn,mixed,202,bandpass_n20003_cV4_electrode_s5,phase2/results/predictions/full/mixed/tcn/seed_202/bandpass_n20003_cV4_electrode_s5.npz,76466,280c3dbda4ab17cec64a536365113658e70f22c482ff629fe15bdff03c027265
tcn,mixed,202,bandpass_n20003_cV4_electrode_s0,phase2/results/predictions/full/mixed/tcn/seed_202/bandpass_n20003_cV4_electrode_s0.npz,76238,5ad74c6eb8afcee84736f25bda424d75b5f86678544cd5426ab88a1aeafba292
tcn,mixed,202,bandpass_n20003_cV4_covariance_s20,phase2/results/predictions/full/mixed/tcn/seed_202/bandpass_n20003_cV4_covariance_s20.npz,76470,2893800f1976280e8952fe0d87de35d69b88dd50671b362114310602531deb14
tcn,mixed,202,bandpass_n20003_cV4_covariance_s15,phase2/results/predictions/full/mixed/tcn/seed_202/bandpass_n20003_cV4_covariance_s15.npz,76497,f2037ee8b9c9c4f0d865fc867cac059eb91f9e26255487dccdde6011d4c26188
tcn,mixed,202,bandpass_n20003_cV4_covariance_s10,phase2/results/predictions/full/mixed/tcn/seed_202/bandpass_n20003_cV4_covariance_s10.npz,76466,dffc6be9699fcf2f39c0c85ea122b8f12d053baa0585a83cec37de90df3a0d69
tcn,mixed,202,bandpass_n20003_cV4_covariance_s5,phase2/results/predictions/full/mixed/tcn/seed_202/bandpass_n20003_cV4_covariance_s5.npz,76437,c6b02e5c838913a62c46a3621d3fb038bba08a6b0882759c36e3d74136ea4b9a
tcn,mixed,202,bandpass_n20003_cV4_covariance_s0,phase2/results/predictions/full/mixed/tcn/seed_202/bandpass_n20003_cV4_covariance_s0.npz,76219,d426a409182b21c1fcb1e924ebdec7056e125225386c8544a4d253e8a2b91564
tcn,mixed,202,bandpass_n20003_cV5_independent_rms_s20,phase2/results/predictions/full/mixed/tcn/seed_202/bandpass_n20003_cV5_independent_rms_s20.npz,76500,d3432733954fccf32ab775b0c15b728de39f0716ee6816680debc6700d9626f6
tcn,mixed,202,bandpass_n20003_cV5_independent_rms_s15,phase2/results/predictions/full/mixed/tcn/seed_202/bandpass_n20003_cV5_independent_rms_s15.npz,76487,9920fa60ee9119c387c4726b4038a7dd7d1a6b0996a69a81a0a6c7ed5ced1c8d
tcn,mixed,202,bandpass_n20003_cV5_independent_rms_s10,phase2/results/predictions/full/mixed/tcn/seed_202/bandpass_n20003_cV5_independent_rms_s10.npz,76494,7e4e7d457124ce42b2ab8e91422b7460a0302ea9436ea1e09b231421070f8dff
tcn,mixed,202,bandpass_n20003_cV5_independent_rms_s5,phase2/results/predictions/full/mixed/tcn/seed_202/bandpass_n20003_cV5_independent_rms_s5.npz,76411,62a1a5813fdbfa8793ca9f60d02caefba71d31654086ab0ad5c5a3932575073b
tcn,mixed,202,bandpass_n20003_cV5_independent_rms_s0,phase2/results/predictions/full/mixed/tcn/seed_202/bandpass_n20003_cV5_independent_rms_s0.npz,76209,3d17973dd119e237032cd7866e1a77c558dacdd1d3dff2d2bf66df5bc1d0af1e
tcn,mixed,202,bandpass_n20003_cV5_electrode_s20,phase2/results/predictions/full/mixed/tcn/seed_202/bandpass_n20003_cV5_electrode_s20.npz,76485,15487c3b3bf3b8db83fade522067376eb01cb55aae22224f4aae5bec55682ffb
tcn,mixed,202,bandpass_n20003_cV5_electrode_s15,phase2/results/predictions/full/mixed/tcn/seed_202/bandpass_n20003_cV5_electrode_s15.npz,76489,586e8efc561593f1a8e87f07cb2e09119e2d1e05705a70338f98601df7f66202
tcn,mixed,202,bandpass_n20003_cV5_electrode_s10,phase2/results/predictions/full/mixed/tcn/seed_202/bandpass_n20003_cV5_electrode_s10.npz,76455,cfc1086e16aa7199868ddcfbe12dc0ab72c65e43b2c48455f423ea41eabd2e51
tcn,mixed,202,bandpass_n20003_cV5_electrode_s5,phase2/results/predictions/full/mixed/tcn/seed_202/bandpass_n20003_cV5_electrode_s5.npz,76433,1a5f1d3e62e9abd250137b4a86f301dd43e8a0debd79d492e0d0555d924dc74c
tcn,mixed,202,bandpass_n20003_cV5_electrode_s0,phase2/results/predictions/full/mixed/tcn/seed_202/bandpass_n20003_cV5_electrode_s0.npz,76196,6e3bb3435e40df9af3fb1b4c051d2afb35264503465acc511df4fdd44f335d82
tcn,mixed,202,bandpass_n20003_cV5_covariance_s20,phase2/results/predictions/full/mixed/tcn/seed_202/bandpass_n20003_cV5_covariance_s20.npz,76520,72bc9ec16217c61a26ac98a1ce8df34c61e5d7e2c9b9d7167a74d482211ce070
tcn,mixed,202,bandpass_n20003_cV5_covariance_s15,phase2/results/predictions/full/mixed/tcn/seed_202/bandpass_n20003_cV5_covariance_s15.npz,76484,280da2dd94224afab1a8c7e8ab0d538c64e81b8924be58097a8a18589fd39966
tcn,mixed,202,bandpass_n20003_cV5_covariance_s10,phase2/results/predictions/full/mixed/tcn/seed_202/bandpass_n20003_cV5_covariance_s10.npz,76471,c108eefe4f91a802ba0066edcf58884829a29eb81cf2fe9722beaf994bf06f22
tcn,mixed,202,bandpass_n20003_cV5_covariance_s5,phase2/results/predictions/full/mixed/tcn/seed_202/bandpass_n20003_cV5_covariance_s5.npz,76445,fd6c5a680df32c84865574c1ae48f74f0f7d53cc9ee47df46c56b752ae7ee0a6
tcn,mixed,202,bandpass_n20003_cV5_covariance_s0,phase2/results/predictions/full/mixed/tcn/seed_202/bandpass_n20003_cV5_covariance_s0.npz,76203,fc3fbc53e6f97bbe526422b33831d400cd5c089b18d9975c5c4ac54fe56c7c02
tcn,mixed,202,bandpass_n20003_cV6_independent_rms_s20,phase2/results/predictions/full/mixed/tcn/seed_202/bandpass_n20003_cV6_independent_rms_s20.npz,76513,24c42b4d6277fbdd44483cf052b47f9268b241ab74f189853326c31444e9a845
tcn,mixed,202,bandpass_n20003_cV6_independent_rms_s15,phase2/results/predictions/full/mixed/tcn/seed_202/bandpass_n20003_cV6_independent_rms_s15.npz,76464,58ff5b99a61c30048d9535c4030e98681e93c9a0e9ad4f344970e35f83483ac9
tcn,mixed,202,bandpass_n20003_cV6_independent_rms_s10,phase2/results/predictions/full/mixed/tcn/seed_202/bandpass_n20003_cV6_independent_rms_s10.npz,76458,cea5550269e7dc09c10f961c8b6619c4cf4d2d1df2498fd6c28538eb32f5587d
tcn,mixed,202,bandpass_n20003_cV6_independent_rms_s5,phase2/results/predictions/full/mixed/tcn/seed_202/bandpass_n20003_cV6_independent_rms_s5.npz,76475,735b090f699f7dd0de58d6ee199ae820e05603f3a5c641f6909e493b9f3aa5e5
tcn,mixed,202,bandpass_n20003_cV6_independent_rms_s0,phase2/results/predictions/full/mixed/tcn/seed_202/bandpass_n20003_cV6_independent_rms_s0.npz,76293,c31fdd640e390993f2d5b2eca516b901a3cb1f17c8810948506762d7d0fe00c7
tcn,mixed,202,bandpass_n20003_cV6_electrode_s20,phase2/results/predictions/full/mixed/tcn/seed_202/bandpass_n20003_cV6_electrode_s20.npz,76494,bdf9e5c742c0b24006987a55a0e61f6ab4a1859ecc674bae10003fd1f699b165
tcn,mixed,202,bandpass_n20003_cV6_electrode_s15,phase2/results/predictions/full/mixed/tcn/seed_202/bandpass_n20003_cV6_electrode_s15.npz,76477,7dd8d7aaf73401d28b56c0ac31495facbc0df956300d7e75aa60cba7d9c51590
tcn,mixed,202,bandpass_n20003_cV6_electrode_s10,phase2/results/predictions/full/mixed/tcn/seed_202/bandpass_n20003_cV6_electrode_s10.npz,76479,554df2a1a1d729425a4f9beac2d3eadbe7527fa9a3c5306c212c96e898e1ba72
tcn,mixed,202,bandpass_n20003_cV6_electrode_s5,phase2/results/predictions/full/mixed/tcn/seed_202/bandpass_n20003_cV6_electrode_s5.npz,76402,f66466894959b10e9974057237f56f088f4c89a42dbc098e115d642114d1c27f
tcn,mixed,202,bandpass_n20003_cV6_electrode_s0,phase2/results/predictions/full/mixed/tcn/seed_202/bandpass_n20003_cV6_electrode_s0.npz,76247,2d7226d7a5708fb734742068e53cec2185b3b3b428350f8fd73a88dd7857d8a6
tcn,mixed,202,bandpass_n20003_cV6_covariance_s20,phase2/results/predictions/full/mixed/tcn/seed_202/bandpass_n20003_cV6_covariance_s20.npz,76451,dab94f2a3f4862ddae48a4618bd293d6c5fe017273c79dd2f932277255696bc3
tcn,mixed,202,bandpass_n20003_cV6_covariance_s15,phase2/results/predictions/full/mixed/tcn/seed_202/bandpass_n20003_cV6_covariance_s15.npz,76522,115df353ccc20f3727342edd4d47c78a42a5ebefe3f65d34a18c9f0a6055a177
tcn,mixed,202,bandpass_n20003_cV6_covariance_s10,phase2/results/predictions/full/mixed/tcn/seed_202/bandpass_n20003_cV6_covariance_s10.npz,76485,8cdb8476cd534c02fcf5ac749a28df7fa132cd46f112f5a6b5be8d2adbc4df53
tcn,mixed,202,bandpass_n20003_cV6_covariance_s5,phase2/results/predictions/full/mixed/tcn/seed_202/bandpass_n20003_cV6_covariance_s5.npz,76453,26b2981962e90399d28f424488ab74e3c3b4d3c837f10cd549169ed58620995c
tcn,mixed,202,bandpass_n20003_cV6_covariance_s0,phase2/results/predictions/full/mixed/tcn/seed_202/bandpass_n20003_cV6_covariance_s0.npz,76241,2155265a4eb8e3e827a788e1e75f0913ee11dbf9b2fa540c31915f95782de1b1
tcn,mixed,202,bandpass_n20003_cRA_LA_independent_rms_s20,phase2/results/predictions/full/mixed/tcn/seed_202/bandpass_n20003_cRA_LA_independent_rms_s20.npz,76493,04b9b81f7c73bb8ada62d7451125b9907fdd8875cb79a41934b6fec4fead726f
tcn,mixed,202,bandpass_n20003_cRA_LA_independent_rms_s15,phase2/results/predictions/full/mixed/tcn/seed_202/bandpass_n20003_cRA_LA_independent_rms_s15.npz,76502,f13ae2c80ac306be45f2a6c4c10f9f313ff9acf3a4dd90e22feb12fbc42513d9
tcn,mixed,202,bandpass_n20003_cRA_LA_independent_rms_s10,phase2/results/predictions/full/mixed/tcn/seed_202/bandpass_n20003_cRA_LA_independent_rms_s10.npz,76497,3250c56534f51cd5b1b634b6daba5d972ebda1d0ac5d16b8d1fe21a6e880c590
tcn,mixed,202,bandpass_n20003_cRA_LA_independent_rms_s5,phase2/results/predictions/full/mixed/tcn/seed_202/bandpass_n20003_cRA_LA_independent_rms_s5.npz,76411,fb05908cf26578e570478c4430cb056f9f9214e35ab93d2688ed1985c833570f
tcn,mixed,202,bandpass_n20003_cRA_LA_independent_rms_s0,phase2/results/predictions/full/mixed/tcn/seed_202/bandpass_n20003_cRA_LA_independent_rms_s0.npz,76238,ea10fadd4d776a65a7b8bb795e62ddaa3f1ff04a7cc60cf44fd487d9c16f0f38
tcn,mixed,202,bandpass_n20003_cRA_LA_electrode_s20,phase2/results/predictions/full/mixed/tcn/seed_202/bandpass_n20003_cRA_LA_electrode_s20.npz,76491,a2b3fe5072b6c8e249221b925e12b8441b899395106818f43c0bb883e0d29aa0
tcn,mixed,202,bandpass_n20003_cRA_LA_electrode_s15,phase2/results/predictions/full/mixed/tcn/seed_202/bandpass_n20003_cRA_LA_electrode_s15.npz,76491,d2194233d6f97ada6b69404910ae5ecc18edc32b360d70e62c89c2dad58d87d3
tcn,mixed,202,bandpass_n20003_cRA_LA_electrode_s10,phase2/results/predictions/full/mixed/tcn/seed_202/bandpass_n20003_cRA_LA_electrode_s10.npz,76468,3ec261145ebeda135ae7e04191b9fa23705dc22229331167676a8471fd885342
tcn,mixed,202,bandpass_n20003_cRA_LA_electrode_s5,phase2/results/predictions/full/mixed/tcn/seed_202/bandpass_n20003_cRA_LA_electrode_s5.npz,76325,0eedbf291c4d747d8d597224693a16b7c11f24bc252e80689024c15bfece4ce2
tcn,mixed,202,bandpass_n20003_cRA_LA_electrode_s0,phase2/results/predictions/full/mixed/tcn/seed_202/bandpass_n20003_cRA_LA_electrode_s0.npz,75969,52125bbf585765c0b577a3f13e4776300359b026f740f3d8fb48dc2e368afa93
tcn,mixed,202,bandpass_n20003_cRA_LA_covariance_s20,phase2/results/predictions/full/mixed/tcn/seed_202/bandpass_n20003_cRA_LA_covariance_s20.npz,76519,f710a6c66506e9cdeabc1a3aef7f6a3881d31e4bed5418b1061e433aa8efedab
tcn,mixed,202,bandpass_n20003_cRA_LA_covariance_s15,phase2/results/predictions/full/mixed/tcn/seed_202/bandpass_n20003_cRA_LA_covariance_s15.npz,76456,14ded330273a87fbbcf5be612ac20f1248efe20af188b1ed497556d6b297de30
tcn,mixed,202,bandpass_n20003_cRA_LA_covariance_s10,phase2/results/predictions/full/mixed/tcn/seed_202/bandpass_n20003_cRA_LA_covariance_s10.npz,76490,f1107e1808a528b46a59f07e8db34a5e645d607e153229500b3f8a39862436e4
tcn,mixed,202,bandpass_n20003_cRA_LA_covariance_s5,phase2/results/predictions/full/mixed/tcn/seed_202/bandpass_n20003_cRA_LA_covariance_s5.npz,76295,dc947b27c78da55128b5ef9568695838490fd71fb9a00d0404f5b938078067f7
tcn,mixed,202,bandpass_n20003_cRA_LA_covariance_s0,phase2/results/predictions/full/mixed/tcn/seed_202/bandpass_n20003_cRA_LA_covariance_s0.npz,75965,e372db13b7ee35f280d94a068baa4c57c9b3d6d195a822c523954caa732e5169
tcn,mixed,202,bandpass_n20003_cLA_LL_independent_rms_s20,phase2/results/predictions/full/mixed/tcn/seed_202/bandpass_n20003_cLA_LL_independent_rms_s20.npz,76523,a163f646f556768848c34d677a30e6681afee36f61c5524653f59d14d2db0f00
tcn,mixed,202,bandpass_n20003_cLA_LL_independent_rms_s15,phase2/results/predictions/full/mixed/tcn/seed_202/bandpass_n20003_cLA_LL_independent_rms_s15.npz,76499,a2bb2eee6985d577e00ee3d0b48f133d2f90cf37672b9dd307e75e6bf6a6a44e
tcn,mixed,202,bandpass_n20003_cLA_LL_independent_rms_s10,phase2/results/predictions/full/mixed/tcn/seed_202/bandpass_n20003_cLA_LL_independent_rms_s10.npz,76464,a9a57431d3a0031879df13f5553f43b2016a53a347f0f36b7d62b7ef249d7357
tcn,mixed,202,bandpass_n20003_cLA_LL_independent_rms_s5,phase2/results/predictions/full/mixed/tcn/seed_202/bandpass_n20003_cLA_LL_independent_rms_s5.npz,76434,43f82a387923202456ddff0aabb8363add37e900dc79be0004e1a77f4d018fe1
tcn,mixed,202,bandpass_n20003_cLA_LL_independent_rms_s0,phase2/results/predictions/full/mixed/tcn/seed_202/bandpass_n20003_cLA_LL_independent_rms_s0.npz,76188,67902d839ff7dd89ab858cb3443ff951572773df34846ebfc823d4db4042a6f9
tcn,mixed,202,bandpass_n20003_cLA_LL_electrode_s20,phase2/results/predictions/full/mixed/tcn/seed_202/bandpass_n20003_cLA_LL_electrode_s20.npz,76473,0213a9c355339a493905826f47a8bc647bff4517c6b39e046cec2a6a3eec005c
tcn,mixed,202,bandpass_n20003_cLA_LL_electrode_s15,phase2/results/predictions/full/mixed/tcn/seed_202/bandpass_n20003_cLA_LL_electrode_s15.npz,76539,2dde0090d6f64aa34bd530bbb8aa91295b37e99f92f07535d0ab253e6bc871ee
tcn,mixed,202,bandpass_n20003_cLA_LL_electrode_s10,phase2/results/predictions/full/mixed/tcn/seed_202/bandpass_n20003_cLA_LL_electrode_s10.npz,76467,8cee28c670a8ac9a2e83b79e7ff466e64381a476e31772fc5aefd5029b8a6690
tcn,mixed,202,bandpass_n20003_cLA_LL_electrode_s5,phase2/results/predictions/full/mixed/tcn/seed_202/bandpass_n20003_cLA_LL_electrode_s5.npz,76287,5697806320317f1ec712e1e218e788236502fcb871825e2e3878e4b7ad454628
tcn,mixed,202,bandpass_n20003_cLA_LL_electrode_s0,phase2/results/predictions/full/mixed/tcn/seed_202/bandpass_n20003_cLA_LL_electrode_s0.npz,75908,69ced94b06b09a530ba12219c691552782e50dee44b10d57fb8d196d52ae131e
tcn,mixed,202,bandpass_n20003_cLA_LL_covariance_s20,phase2/results/predictions/full/mixed/tcn/seed_202/bandpass_n20003_cLA_LL_covariance_s20.npz,76491,2113e842d1aa6d5d1da1b2f2f3ed8af741df5ffa162d8f2faca1f6d8926aa6a6
tcn,mixed,202,bandpass_n20003_cLA_LL_covariance_s15,phase2/results/predictions/full/mixed/tcn/seed_202/bandpass_n20003_cLA_LL_covariance_s15.npz,76498,7b044367c6659034837e6872233ca6e5d3038a88819025aa3b4c97095028566d
tcn,mixed,202,bandpass_n20003_cLA_LL_covariance_s10,phase2/results/predictions/full/mixed/tcn/seed_202/bandpass_n20003_cLA_LL_covariance_s10.npz,76460,22609539904c8d33106384e012a756a924950cadbf399d06580b9d4bbc8211a6
tcn,mixed,202,bandpass_n20003_cLA_LL_covariance_s5,phase2/results/predictions/full/mixed/tcn/seed_202/bandpass_n20003_cLA_LL_covariance_s5.npz,76275,050c866805ab84fbb1c773185698e6f30943521b789590f59e20508128f1576d
tcn,mixed,202,bandpass_n20003_cLA_LL_covariance_s0,phase2/results/predictions/full/mixed/tcn/seed_202/bandpass_n20003_cLA_LL_covariance_s0.npz,75875,889036edb5cb19d6384f4fb33bcbfa5d299563e3f3dcbf142d056318aa515a95
tcn,mixed,202,bandpass_n20003_cRA_LL_independent_rms_s20,phase2/results/predictions/full/mixed/tcn/seed_202/bandpass_n20003_cRA_LL_independent_rms_s20.npz,76498,291dabe862c126de4ec2f475579b753c47a155bad77da34be79663bec5c7d4c1
tcn,mixed,202,bandpass_n20003_cRA_LL_independent_rms_s15,phase2/results/predictions/full/mixed/tcn/seed_202/bandpass_n20003_cRA_LL_independent_rms_s15.npz,76519,e8101d4c494bec08ee529546670612f615643eb80d76715976727eb4c9aad003
tcn,mixed,202,bandpass_n20003_cRA_LL_independent_rms_s10,phase2/results/predictions/full/mixed/tcn/seed_202/bandpass_n20003_cRA_LL_independent_rms_s10.npz,76495,c5cbed58629a8e9ba0969c9cede89c54152a8d2a420673c7c549a3d179878ef2
tcn,mixed,202,bandpass_n20003_cRA_LL_independent_rms_s5,phase2/results/predictions/full/mixed/tcn/seed_202/bandpass_n20003_cRA_LL_independent_rms_s5.npz,76397,05fcbb328feb8a033aa2ee9004c56cf1aae41e71f43b6e8f8c61e506752d30c8
tcn,mixed,202,bandpass_n20003_cRA_LL_independent_rms_s0,phase2/results/predictions/full/mixed/tcn/seed_202/bandpass_n20003_cRA_LL_independent_rms_s0.npz,76209,15d229adc9ebe2364050558fc8659ed962d4efa3f3a87b6c60a3fd76fd15b376
tcn,mixed,202,bandpass_n20003_cRA_LL_electrode_s20,phase2/results/predictions/full/mixed/tcn/seed_202/bandpass_n20003_cRA_LL_electrode_s20.npz,76485,25db4ec51a5362b9b1baadf39424e01e7858059aa8a6b6da1e5cac3a1d0e39e5
tcn,mixed,202,bandpass_n20003_cRA_LL_electrode_s15,phase2/results/predictions/full/mixed/tcn/seed_202/bandpass_n20003_cRA_LL_electrode_s15.npz,76491,0156c8043d323968ea434b2e008d74b6e777449b51e731125cc6b0a081bf3402
tcn,mixed,202,bandpass_n20003_cRA_LL_electrode_s10,phase2/results/predictions/full/mixed/tcn/seed_202/bandpass_n20003_cRA_LL_electrode_s10.npz,76486,cf7cd8e8665ddb11fecc4ddf883cb4bf7a7407a366d92b1dfecc1c322dd3e308
tcn,mixed,202,bandpass_n20003_cRA_LL_electrode_s5,phase2/results/predictions/full/mixed/tcn/seed_202/bandpass_n20003_cRA_LL_electrode_s5.npz,76312,73dfa5dcced8260042a5745c3ab58c392ef7198cdb492ba8afb433c563f2e6bb
tcn,mixed,202,bandpass_n20003_cRA_LL_electrode_s0,phase2/results/predictions/full/mixed/tcn/seed_202/bandpass_n20003_cRA_LL_electrode_s0.npz,75930,208df57a73c4e0ae6d5c4a2ff82c8106bcb0c9c3501d87b3707cf21cd42a90fb
tcn,mixed,202,bandpass_n20003_cRA_LL_covariance_s20,phase2/results/predictions/full/mixed/tcn/seed_202/bandpass_n20003_cRA_LL_covariance_s20.npz,76490,88fc2c800ac354339bd4871f7d406c9e1f214d18918d701c6e163f966f223169
tcn,mixed,202,bandpass_n20003_cRA_LL_covariance_s15,phase2/results/predictions/full/mixed/tcn/seed_202/bandpass_n20003_cRA_LL_covariance_s15.npz,76508,fafdb72a6a3508fa91e5e4524df0eb819d1a2294034c3e41ce24c324f82dcf29
tcn,mixed,202,bandpass_n20003_cRA_LL_covariance_s10,phase2/results/predictions/full/mixed/tcn/seed_202/bandpass_n20003_cRA_LL_covariance_s10.npz,76520,d34581cd8a920ed700f3f114c0c939bde72b5fcc5271a6db741640d86b9c9de7
tcn,mixed,202,bandpass_n20003_cRA_LL_covariance_s5,phase2/results/predictions/full/mixed/tcn/seed_202/bandpass_n20003_cRA_LL_covariance_s5.npz,76281,c73463e127a26167d0b8ce7ebdf259e75a6a7b1dec82aa2ff6fd1902908592fa
tcn,mixed,202,bandpass_n20003_cRA_LL_covariance_s0,phase2/results/predictions/full/mixed/tcn/seed_202/bandpass_n20003_cRA_LL_covariance_s0.npz,75948,8809f8860b5c568b196686f77c3c75d0237166cf7659f24093eb422d76bcfb7f
tcn,mixed,202,bandpass_n20003_cRA_independent_rms_s20,phase2/results/predictions/full/mixed/tcn/seed_202/bandpass_n20003_cRA_independent_rms_s20.npz,76503,5704e1a6ca817e2e1c46b34247be64b64c9fbbe5a9c09013af1626e7e8acf0c5
tcn,mixed,202,bandpass_n20003_cRA_independent_rms_s15,phase2/results/predictions/full/mixed/tcn/seed_202/bandpass_n20003_cRA_independent_rms_s15.npz,76502,5209f635ead2c9c6dc838af41c6f1753ba2fbef31019483244a14ade777fd675
tcn,mixed,202,bandpass_n20003_cRA_independent_rms_s10,phase2/results/predictions/full/mixed/tcn/seed_202/bandpass_n20003_cRA_independent_rms_s10.npz,76479,72782cffd3b995a1a86a642dec8a7e35e0f9fc2b96a8c7bb5c12dc6a4a3b848a
tcn,mixed,202,bandpass_n20003_cRA_independent_rms_s5,phase2/results/predictions/full/mixed/tcn/seed_202/bandpass_n20003_cRA_independent_rms_s5.npz,76407,bf255fc1be1f66bc67b63c23acacbe17d06cb2b4c712eb06e5bb2ecf8e5ae8da
tcn,mixed,202,bandpass_n20003_cRA_independent_rms_s0,phase2/results/predictions/full/mixed/tcn/seed_202/bandpass_n20003_cRA_independent_rms_s0.npz,76202,981815ee1f42af2c6b856bef489a5fc95f992323cee6485bac184f38af59664d
tcn,mixed,202,bandpass_n20003_cRA_electrode_s20,phase2/results/predictions/full/mixed/tcn/seed_202/bandpass_n20003_cRA_electrode_s20.npz,76513,550d58192c33a617546824703af2818a4f81217257b021855aae7278f3234290
tcn,mixed,202,bandpass_n20003_cRA_electrode_s15,phase2/results/predictions/full/mixed/tcn/seed_202/bandpass_n20003_cRA_electrode_s15.npz,76492,6dc762f4d6dc9f601836f492e21d0b022c05a41b292deaae65d5d662580503d8
tcn,mixed,202,bandpass_n20003_cRA_electrode_s10,phase2/results/predictions/full/mixed/tcn/seed_202/bandpass_n20003_cRA_electrode_s10.npz,76472,bcf91acc90194a47c63b03d6f95ebfd25a4f14db326857eaeabe7bde60d55236
tcn,mixed,202,bandpass_n20003_cRA_electrode_s5,phase2/results/predictions/full/mixed/tcn/seed_202/bandpass_n20003_cRA_electrode_s5.npz,76344,e440e009e7ba569f1322db59dd1694a4c67ac1796c7b2a45009f1c687b8a7f2b
tcn,mixed,202,bandpass_n20003_cRA_electrode_s0,phase2/results/predictions/full/mixed/tcn/seed_202/bandpass_n20003_cRA_electrode_s0.npz,76072,8108fa8411a509aeb89be4cf46f56a99ffb9dfb95057a1a65850295e2286df38
tcn,mixed,202,bandpass_n20003_cRA_covariance_s20,phase2/results/predictions/full/mixed/tcn/seed_202/bandpass_n20003_cRA_covariance_s20.npz,76506,d9811271e199d7e3e48c64f7cdabf27d043887b7a364aa31b025c4f6a3416bb9
tcn,mixed,202,bandpass_n20003_cRA_covariance_s15,phase2/results/predictions/full/mixed/tcn/seed_202/bandpass_n20003_cRA_covariance_s15.npz,76492,8eceffaaa615832b63579ec72857f2fc3eaa2768f9774b345fc96126dbe6ce66
tcn,mixed,202,bandpass_n20003_cRA_covariance_s10,phase2/results/predictions/full/mixed/tcn/seed_202/bandpass_n20003_cRA_covariance_s10.npz,76461,86ad6d60229c8e5337b194b3dadce2be087cbdf9e0a898f80625d970b4cce0e2
tcn,mixed,202,bandpass_n20003_cRA_covariance_s5,phase2/results/predictions/full/mixed/tcn/seed_202/bandpass_n20003_cRA_covariance_s5.npz,76362,fb358bce002cf8325b6775688ff3e3294c9940f39171ed220e190e316edb83cc
tcn,mixed,202,bandpass_n20003_cRA_covariance_s0,phase2/results/predictions/full/mixed/tcn/seed_202/bandpass_n20003_cRA_covariance_s0.npz,76104,960dcaf25196b4aa45b7891355cd878bacccb178b362dfafbb791549972688f4
tcn,mixed,202,bandpass_n20003_cLA_independent_rms_s20,phase2/results/predictions/full/mixed/tcn/seed_202/bandpass_n20003_cLA_independent_rms_s20.npz,76496,cb34dfc490c40c3d229c6bfae91665fbd827aaf047a332c375a54193706a0143
tcn,mixed,202,bandpass_n20003_cLA_independent_rms_s15,phase2/results/predictions/full/mixed/tcn/seed_202/bandpass_n20003_cLA_independent_rms_s15.npz,76516,86d79a1c1cf9acf04fba1b7900b7c555effe4b591e0d42aa4c077daeaf223cc7
tcn,mixed,202,bandpass_n20003_cLA_independent_rms_s10,phase2/results/predictions/full/mixed/tcn/seed_202/bandpass_n20003_cLA_independent_rms_s10.npz,76491,f3da59c757447d2a8c1051d8af9ecf229cb267706a52c8af135801b2d4e201fe
tcn,mixed,202,bandpass_n20003_cLA_independent_rms_s5,phase2/results/predictions/full/mixed/tcn/seed_202/bandpass_n20003_cLA_independent_rms_s5.npz,76462,debdb537dd91fe90d5b1b8d39f43d0f4cad4b648ff3cbca8cc6b715cf9a788fa
tcn,mixed,202,bandpass_n20003_cLA_independent_rms_s0,phase2/results/predictions/full/mixed/tcn/seed_202/bandpass_n20003_cLA_independent_rms_s0.npz,76224,70b94ebd59a9fd1c9564bb3b091b7c1f2b5103dd7a66c90692e74b430da498f9
tcn,mixed,202,bandpass_n20003_cLA_electrode_s20,phase2/results/predictions/full/mixed/tcn/seed_202/bandpass_n20003_cLA_electrode_s20.npz,76499,692edb04ff2fe6ae7c1737ee895c2f7b417b6137ec1d4eb8143e25cd5e594e0b
tcn,mixed,202,bandpass_n20003_cLA_electrode_s15,phase2/results/predictions/full/mixed/tcn/seed_202/bandpass_n20003_cLA_electrode_s15.npz,76498,6b461e49c0909c9452ad01940ec63286630a423013bf440567cce0bffc84cafa
tcn,mixed,202,bandpass_n20003_cLA_electrode_s10,phase2/results/predictions/full/mixed/tcn/seed_202/bandpass_n20003_cLA_electrode_s10.npz,76444,486c1070da13d44a38f5b6155adccdbdc5f1b785975b54c1d7893e225db05473
tcn,mixed,202,bandpass_n20003_cLA_electrode_s5,phase2/results/predictions/full/mixed/tcn/seed_202/bandpass_n20003_cLA_electrode_s5.npz,76267,680c9fbd1b1c445536dd8aa0c9a15992da76cff534ad9adf680e28a4f4859f4e
tcn,mixed,202,bandpass_n20003_cLA_electrode_s0,phase2/results/predictions/full/mixed/tcn/seed_202/bandpass_n20003_cLA_electrode_s0.npz,75875,f686b5aef4e21030261ae20c992f43b20029726cd0298294ae72e2d2c5ca3f07
tcn,mixed,202,bandpass_n20003_cLA_covariance_s20,phase2/results/predictions/full/mixed/tcn/seed_202/bandpass_n20003_cLA_covariance_s20.npz,76492,1362c237fabf6a0f68e62f6899086ee440abc8c4541db3aa348c96b8d2317490
tcn,mixed,202,bandpass_n20003_cLA_covariance_s15,phase2/results/predictions/full/mixed/tcn/seed_202/bandpass_n20003_cLA_covariance_s15.npz,76483,1379fe0bbaa87d7d9f95d5b8b4d635abe5c0e554ecb32f6433830df402cb8e9c
tcn,mixed,202,bandpass_n20003_cLA_covariance_s10,phase2/results/predictions/full/mixed/tcn/seed_202/bandpass_n20003_cLA_covariance_s10.npz,76437,b0023f23e004fd287e94f3abea9b007122d5ebea93d688c15d0ac4c646bb1a97
tcn,mixed,202,bandpass_n20003_cLA_covariance_s5,phase2/results/predictions/full/mixed/tcn/seed_202/bandpass_n20003_cLA_covariance_s5.npz,76318,cec0d902d08b69fbb902ce58f1a474651e62b920be397a8c73b796bc5247f828
tcn,mixed,202,bandpass_n20003_cLA_covariance_s0,phase2/results/predictions/full/mixed/tcn/seed_202/bandpass_n20003_cLA_covariance_s0.npz,75877,e6b573509be55e5d9518f8f54fdd705ba6190f477d5f03bee53471bab65d506a
tcn,mixed,202,bandpass_n20003_cLL_independent_rms_s20,phase2/results/predictions/full/mixed/tcn/seed_202/bandpass_n20003_cLL_independent_rms_s20.npz,76491,1e0834236dc6c810e86dc1c8dc09ff1b07a4e60ecdc0c3c3fb7d0aab873689ac
tcn,mixed,202,bandpass_n20003_cLL_independent_rms_s15,phase2/results/predictions/full/mixed/tcn/seed_202/bandpass_n20003_cLL_independent_rms_s15.npz,76446,9340124e78a3ce33b2dbe81f70da993df9e662522d4885f85333044d0038b78d
tcn,mixed,202,bandpass_n20003_cLL_independent_rms_s10,phase2/results/predictions/full/mixed/tcn/seed_202/bandpass_n20003_cLL_independent_rms_s10.npz,76469,78c312bf2b0218b33eb50d96db59cacb7db14d6b972d53c300b24b5ed4530577
tcn,mixed,202,bandpass_n20003_cLL_independent_rms_s5,phase2/results/predictions/full/mixed/tcn/seed_202/bandpass_n20003_cLL_independent_rms_s5.npz,76394,966508d9be6bb87dd4e477f93577ffb5590352eda63158ef6c225c569bd3aa5e
tcn,mixed,202,bandpass_n20003_cLL_independent_rms_s0,phase2/results/predictions/full/mixed/tcn/seed_202/bandpass_n20003_cLL_independent_rms_s0.npz,76137,027af4d85e7f75130b77c1a4ee1cece63854693de8b4f56a2fa9797cec7e078d
tcn,mixed,202,bandpass_n20003_cLL_electrode_s20,phase2/results/predictions/full/mixed/tcn/seed_202/bandpass_n20003_cLL_electrode_s20.npz,76504,5417fe6232ba5fb1f5b56eacb4e8ee7b2cb1ee929e349fe0d5e573ad1c5c95f2
tcn,mixed,202,bandpass_n20003_cLL_electrode_s15,phase2/results/predictions/full/mixed/tcn/seed_202/bandpass_n20003_cLL_electrode_s15.npz,76503,5e174ca683730af8fd849da13cb628a24695e1f4d7f8caee9ef7fb0f48fbb58b
tcn,mixed,202,bandpass_n20003_cLL_electrode_s10,phase2/results/predictions/full/mixed/tcn/seed_202/bandpass_n20003_cLL_electrode_s10.npz,76449,477cc4cb8e275154a29fe51b60e82d03fcc480dce7e035eeeab460e5c32d9ce1
tcn,mixed,202,bandpass_n20003_cLL_electrode_s5,phase2/results/predictions/full/mixed/tcn/seed_202/bandpass_n20003_cLL_electrode_s5.npz,76240,366506460746c258e02571e4e9e06044f4236854809650e26b9b3bcb4319f956
tcn,mixed,202,bandpass_n20003_cLL_electrode_s0,phase2/results/predictions/full/mixed/tcn/seed_202/bandpass_n20003_cLL_electrode_s0.npz,75906,4a913233ac548e3b12bf88707180b1c54dc907b9d17d49a41d912e6be2f6ff90
tcn,mixed,202,bandpass_n20003_cLL_covariance_s20,phase2/results/predictions/full/mixed/tcn/seed_202/bandpass_n20003_cLL_covariance_s20.npz,76514,6d483877b6d10fc5c4bfa7eae7f3085e10d49d2b5ce49e0414e29ebbb6f08ac0
tcn,mixed,202,bandpass_n20003_cLL_covariance_s15,phase2/results/predictions/full/mixed/tcn/seed_202/bandpass_n20003_cLL_covariance_s15.npz,76490,eec5af1a55f56d4e16f4fd495c2c0f18bf28095159a49d4e96bf7724023d0c51
tcn,mixed,202,bandpass_n20003_cLL_covariance_s10,phase2/results/predictions/full/mixed/tcn/seed_202/bandpass_n20003_cLL_covariance_s10.npz,76416,def2ba1a1c3cebba204f83e2323f9dbd619a8d1516a9dd51e38d8a44719b05b9
tcn,mixed,202,bandpass_n20003_cLL_covariance_s5,phase2/results/predictions/full/mixed/tcn/seed_202/bandpass_n20003_cLL_covariance_s5.npz,76272,c284929db1b353bba38f31be5c343e3e78520eab2786e34eee706a626f29490c
tcn,mixed,202,bandpass_n20003_cLL_covariance_s0,phase2/results/predictions/full/mixed/tcn/seed_202/bandpass_n20003_cLL_covariance_s0.npz,75901,1897161ee11a266d2cd16117918db1abba75c7465b999bda710963e1e49e397c
tcn,mixed,202,bandpass_n20003_cRA_V1_independent_rms_s20,phase2/results/predictions/full/mixed/tcn/seed_202/bandpass_n20003_cRA_V1_independent_rms_s20.npz,76522,92e0177ccc9ae4c6cb63fe254c312d3744e1decceb6abf31f7ba4c5d9baacd1b
tcn,mixed,202,bandpass_n20003_cRA_V1_independent_rms_s15,phase2/results/predictions/full/mixed/tcn/seed_202/bandpass_n20003_cRA_V1_independent_rms_s15.npz,76478,18e4e2cf9c9d77d9522872fca4c428c564ed8335cebc661e0fa1193eba589657
tcn,mixed,202,bandpass_n20003_cRA_V1_independent_rms_s10,phase2/results/predictions/full/mixed/tcn/seed_202/bandpass_n20003_cRA_V1_independent_rms_s10.npz,76489,ee2a15a426b2b534351e9605a0e68e65a636088eb4105c4dd5e1756fd468803a
tcn,mixed,202,bandpass_n20003_cRA_V1_independent_rms_s5,phase2/results/predictions/full/mixed/tcn/seed_202/bandpass_n20003_cRA_V1_independent_rms_s5.npz,76394,24ca01bf6ca0f4587eb80f342c3e1396ef624a28f470400fd681366683abdb3c
tcn,mixed,202,bandpass_n20003_cRA_V1_independent_rms_s0,phase2/results/predictions/full/mixed/tcn/seed_202/bandpass_n20003_cRA_V1_independent_rms_s0.npz,76159,c66e7c29594487007602ee8226814bce4fac8f4da1660e3a1d44bae336655af2
tcn,mixed,202,bandpass_n20003_cRA_V1_electrode_s20,phase2/results/predictions/full/mixed/tcn/seed_202/bandpass_n20003_cRA_V1_electrode_s20.npz,76523,92d94de8961b4632b33f5d3c99e73534da7e459311b7d1057fea2da7de1152de
tcn,mixed,202,bandpass_n20003_cRA_V1_electrode_s15,phase2/results/predictions/full/mixed/tcn/seed_202/bandpass_n20003_cRA_V1_electrode_s15.npz,76485,6b42356a3250426872b485c0c4fdaf725ee403c362625e0353a7de6159a11649
tcn,mixed,202,bandpass_n20003_cRA_V1_electrode_s10,phase2/results/predictions/full/mixed/tcn/seed_202/bandpass_n20003_cRA_V1_electrode_s10.npz,76462,d5d46efcbf31e66f83a99a4f18b33a70164fdc55d12faa43351dc69177cd61cd
tcn,mixed,202,bandpass_n20003_cRA_V1_electrode_s5,phase2/results/predictions/full/mixed/tcn/seed_202/bandpass_n20003_cRA_V1_electrode_s5.npz,76350,22793a93326af67b36751d7d1c03d1ab1dc4a4c0a5de654f9499a9c3ae66cc00
tcn,mixed,202,bandpass_n20003_cRA_V1_electrode_s0,phase2/results/predictions/full/mixed/tcn/seed_202/bandpass_n20003_cRA_V1_electrode_s0.npz,76081,c8403834116283be93572d3bf8cc6734c1180d0500a79f82a85c9e5c60c6014c
tcn,mixed,202,bandpass_n20003_cRA_V1_covariance_s20,phase2/results/predictions/full/mixed/tcn/seed_202/bandpass_n20003_cRA_V1_covariance_s20.npz,76490,289b1e66ff0fa183f54673085262708e49cdafae918b46c74572250b52057731
tcn,mixed,202,bandpass_n20003_cRA_V1_covariance_s15,phase2/results/predictions/full/mixed/tcn/seed_202/bandpass_n20003_cRA_V1_covariance_s15.npz,76513,6deaaa2074e773b11cbcfc70a9d842acf517aac637f00789a7d194fc1844c32a
tcn,mixed,202,bandpass_n20003_cRA_V1_covariance_s10,phase2/results/predictions/full/mixed/tcn/seed_202/bandpass_n20003_cRA_V1_covariance_s10.npz,76494,438006ab687f1a127b00afb4f754999ec48e4cf09ec886ce02869abaf842f2e5
tcn,mixed,202,bandpass_n20003_cRA_V1_covariance_s5,phase2/results/predictions/full/mixed/tcn/seed_202/bandpass_n20003_cRA_V1_covariance_s5.npz,76352,9a731120aed1fac252c6f5a10c11887c328e0c31feb55f73331eda53a9881902
tcn,mixed,202,bandpass_n20003_cRA_V1_covariance_s0,phase2/results/predictions/full/mixed/tcn/seed_202/bandpass_n20003_cRA_V1_covariance_s0.npz,76085,3b37e0e32be15a03754dea89ff5d8f326cbdd99782a73d9665657622bf1f3d0f
tcn,mixed,202,bandpass_n20003_cLA_V6_independent_rms_s20,phase2/results/predictions/full/mixed/tcn/seed_202/bandpass_n20003_cLA_V6_independent_rms_s20.npz,76521,7bd7f9aaf88c08ef648db8323fb74f5dc2bddedcb67ca937d86411a3e05a73c3
tcn,mixed,202,bandpass_n20003_cLA_V6_independent_rms_s15,phase2/results/predictions/full/mixed/tcn/seed_202/bandpass_n20003_cLA_V6_independent_rms_s15.npz,76504,bded94f7be89bb322155f7a8d23dfd695c14735a04995733110e1f1a6bd05c10
tcn,mixed,202,bandpass_n20003_cLA_V6_independent_rms_s10,phase2/results/predictions/full/mixed/tcn/seed_202/bandpass_n20003_cLA_V6_independent_rms_s10.npz,76474,2b21a04c1639ebb7ba24dcb646524e1a6abce248ec6a20850ffb434fd47a2ae3
tcn,mixed,202,bandpass_n20003_cLA_V6_independent_rms_s5,phase2/results/predictions/full/mixed/tcn/seed_202/bandpass_n20003_cLA_V6_independent_rms_s5.npz,76451,171efc46f671bd37eeb2b636f2eb202f0a2cd8d1559d4c3af973882d684c73ce
tcn,mixed,202,bandpass_n20003_cLA_V6_independent_rms_s0,phase2/results/predictions/full/mixed/tcn/seed_202/bandpass_n20003_cLA_V6_independent_rms_s0.npz,76268,f99c22a314c920e3fc7b8f020261836a2139681dc4c92c6eb6f8008a493f55e3
tcn,mixed,202,bandpass_n20003_cLA_V6_electrode_s20,phase2/results/predictions/full/mixed/tcn/seed_202/bandpass_n20003_cLA_V6_electrode_s20.npz,76500,206ecee7ca30fea9af7e42e49e6cf4f1039c97f2f76d1f3a606ff28b785b549a
tcn,mixed,202,bandpass_n20003_cLA_V6_electrode_s15,phase2/results/predictions/full/mixed/tcn/seed_202/bandpass_n20003_cLA_V6_electrode_s15.npz,76499,51cb54631e00792d48f8add70b576ca7d9a3f97726ef1a5de77ae451a79b09ed
tcn,mixed,202,bandpass_n20003_cLA_V6_electrode_s10,phase2/results/predictions/full/mixed/tcn/seed_202/bandpass_n20003_cLA_V6_electrode_s10.npz,76467,e266a05386adf0f03395bb32cdb306b4d0f710f876fc955b3a91d1601a545182
tcn,mixed,202,bandpass_n20003_cLA_V6_electrode_s5,phase2/results/predictions/full/mixed/tcn/seed_202/bandpass_n20003_cLA_V6_electrode_s5.npz,76306,451e164dfefadc3fdece1eacaf4c541b6217052a2c47c144ac69acb03c372952
tcn,mixed,202,bandpass_n20003_cLA_V6_electrode_s0,phase2/results/predictions/full/mixed/tcn/seed_202/bandpass_n20003_cLA_V6_electrode_s0.npz,75932,510036ca7dbf2abde0be2b6c0430de1ed3280220003bd70c10cde39f24474a0e
tcn,mixed,202,bandpass_n20003_cLA_V6_covariance_s20,phase2/results/predictions/full/mixed/tcn/seed_202/bandpass_n20003_cLA_V6_covariance_s20.npz,76492,5bfcdd07b65021daf57d19fcf075bac600e56046dd063479c2bbcd6e1d78bfca
tcn,mixed,202,bandpass_n20003_cLA_V6_covariance_s15,phase2/results/predictions/full/mixed/tcn/seed_202/bandpass_n20003_cLA_V6_covariance_s15.npz,76501,b3d09cfd9826fa3f1bfbf2ef11ed4faf28a759f92195f8b408f8af12fbcc2964
tcn,mixed,202,bandpass_n20003_cLA_V6_covariance_s10,phase2/results/predictions/full/mixed/tcn/seed_202/bandpass_n20003_cLA_V6_covariance_s10.npz,76484,84f5fbcb518646e0c90d3afa40a21c57971c3f3cfbd13812b568a60526dbf486
tcn,mixed,202,bandpass_n20003_cLA_V6_covariance_s5,phase2/results/predictions/full/mixed/tcn/seed_202/bandpass_n20003_cLA_V6_covariance_s5.npz,76334,3b57424546e331d60e2d6f6d44343f91a5a7ab3be6d4fa0932e41392e0ba2035
tcn,mixed,202,bandpass_n20003_cLA_V6_covariance_s0,phase2/results/predictions/full/mixed/tcn/seed_202/bandpass_n20003_cLA_V6_covariance_s0.npz,75929,1ff4782abee6b2987ddef1a4333fd17587a75c13d35ecbaedfaeb01f8bf7d142
tcn,mixed,202,bandpass_n20003_cLL_V4_independent_rms_s20,phase2/results/predictions/full/mixed/tcn/seed_202/bandpass_n20003_cLL_V4_independent_rms_s20.npz,76550,5af29ec629ed82af9da7c9642eaebb1fb7b8e1080e24ecea59aad576781a890f
tcn,mixed,202,bandpass_n20003_cLL_V4_independent_rms_s15,phase2/results/predictions/full/mixed/tcn/seed_202/bandpass_n20003_cLL_V4_independent_rms_s15.npz,76488,659d2241303daa94ac03916c6354a93dedf032e486a9a17cabc96011f925f471
tcn,mixed,202,bandpass_n20003_cLL_V4_independent_rms_s10,phase2/results/predictions/full/mixed/tcn/seed_202/bandpass_n20003_cLL_V4_independent_rms_s10.npz,76499,28875a55de63644098379adeaf75e743833b63e5ed90c48c532c72218b7eefe8
tcn,mixed,202,bandpass_n20003_cLL_V4_independent_rms_s5,phase2/results/predictions/full/mixed/tcn/seed_202/bandpass_n20003_cLL_V4_independent_rms_s5.npz,76396,73837e763a7594d6dc06e74bec746efcffee04f257ce350f04053a712c33f83f
tcn,mixed,202,bandpass_n20003_cLL_V4_independent_rms_s0,phase2/results/predictions/full/mixed/tcn/seed_202/bandpass_n20003_cLL_V4_independent_rms_s0.npz,76172,e21715b61ea5bda3699de4727e4ee8b06ffb91f496ffe012d7994b1f414bbe51
tcn,mixed,202,bandpass_n20003_cLL_V4_electrode_s20,phase2/results/predictions/full/mixed/tcn/seed_202/bandpass_n20003_cLL_V4_electrode_s20.npz,76470,a4a56c9bb09313698ab6f43ae7d3d74f1817c4ed6984e73fe2dec506bbfd1444
tcn,mixed,202,bandpass_n20003_cLL_V4_electrode_s15,phase2/results/predictions/full/mixed/tcn/seed_202/bandpass_n20003_cLL_V4_electrode_s15.npz,76456,755dd047bb2acd08078fb10f894b296f164df4f2942dbce7e5021f804688d17f
tcn,mixed,202,bandpass_n20003_cLL_V4_electrode_s10,phase2/results/predictions/full/mixed/tcn/seed_202/bandpass_n20003_cLL_V4_electrode_s10.npz,76457,9fa09eaf2aec679963d3daa9cd789a7702a0b5fef8fdab652f55fe166846e76a
tcn,mixed,202,bandpass_n20003_cLL_V4_electrode_s5,phase2/results/predictions/full/mixed/tcn/seed_202/bandpass_n20003_cLL_V4_electrode_s5.npz,76315,64e8c4a3a73a90af48cf99e5c0f1760ca43824acd80e99ed40a9ccd3f397b4ea
tcn,mixed,202,bandpass_n20003_cLL_V4_electrode_s0,phase2/results/predictions/full/mixed/tcn/seed_202/bandpass_n20003_cLL_V4_electrode_s0.npz,75959,1bf5f8935bb5c3c676b58ff28b491dc72bb60e1a1dbeeaca1bf6009b9d358290
tcn,mixed,202,bandpass_n20003_cLL_V4_covariance_s20,phase2/results/predictions/full/mixed/tcn/seed_202/bandpass_n20003_cLL_V4_covariance_s20.npz,76527,6a4b6c37cc62dfd5c40c61bc78991dee955a62794344144f6e22c05a4a6d9319
tcn,mixed,202,bandpass_n20003_cLL_V4_covariance_s15,phase2/results/predictions/full/mixed/tcn/seed_202/bandpass_n20003_cLL_V4_covariance_s15.npz,76488,f0f4270586eca57fa9d43de8dec13f8be0020402fea6cfebd5aa0cd6e02ec8bb
tcn,mixed,202,bandpass_n20003_cLL_V4_covariance_s10,phase2/results/predictions/full/mixed/tcn/seed_202/bandpass_n20003_cLL_V4_covariance_s10.npz,76494,aae246b84a37c2df189bbac681d7f4cdd9f955590015ee86414b121bea43f161
tcn,mixed,202,bandpass_n20003_cLL_V4_covariance_s5,phase2/results/predictions/full/mixed/tcn/seed_202/bandpass_n20003_cLL_V4_covariance_s5.npz,76267,132b5d3b36b8ba4c44954684890d18127dcdaab766f78270f08d48df01991263
tcn,mixed,202,bandpass_n20003_cLL_V4_covariance_s0,phase2/results/predictions/full/mixed/tcn/seed_202/bandpass_n20003_cLL_V4_covariance_s0.npz,75958,4fa63475b96885640ada44057948a3fddce4d0b93aa42d0b66ddcbed46bf8a7b
tcn,mixed,202,bandpass_n20003_cRA_LA_V1_V6_independent_rms_s20,phase2/results/predictions/full/mixed/tcn/seed_202/bandpass_n20003_cRA_LA_V1_V6_independent_rms_s20.npz,76533,9bae2977db3903461abcbb7dc1e7c9db472282fc74150d85f450bb3bc19bc350
tcn,mixed,202,bandpass_n20003_cRA_LA_V1_V6_independent_rms_s15,phase2/results/predictions/full/mixed/tcn/seed_202/bandpass_n20003_cRA_LA_V1_V6_independent_rms_s15.npz,76502,ba7db80b338655ed92896f3bc72c95a74202bebe9cc1a51418121ff71daf28f8
tcn,mixed,202,bandpass_n20003_cRA_LA_V1_V6_independent_rms_s10,phase2/results/predictions/full/mixed/tcn/seed_202/bandpass_n20003_cRA_LA_V1_V6_independent_rms_s10.npz,76501,812204bc8313f93cb416ab62f0135d35405f39a2d4cfde1ca3f3d977f624a28f
tcn,mixed,202,bandpass_n20003_cRA_LA_V1_V6_independent_rms_s5,phase2/results/predictions/full/mixed/tcn/seed_202/bandpass_n20003_cRA_LA_V1_V6_independent_rms_s5.npz,76433,d595a1d17f5b7a7e1e7be0468f80d8ca5c45ec8f3ef0ed423d5a35b65703ec06
tcn,mixed,202,bandpass_n20003_cRA_LA_V1_V6_independent_rms_s0,phase2/results/predictions/full/mixed/tcn/seed_202/bandpass_n20003_cRA_LA_V1_V6_independent_rms_s0.npz,76212,6c1c4f9eb417169e6fff0a6d01aabdfcebe707a442bdbcbc5c6a79acf03e6c12
tcn,mixed,202,bandpass_n20003_cRA_LA_V1_V6_electrode_s20,phase2/results/predictions/full/mixed/tcn/seed_202/bandpass_n20003_cRA_LA_V1_V6_electrode_s20.npz,76516,e6f8ad0978558a4e4919dedd116d4e190ca6e5806d0694570359b85b2e2231ca
tcn,mixed,202,bandpass_n20003_cRA_LA_V1_V6_electrode_s15,phase2/results/predictions/full/mixed/tcn/seed_202/bandpass_n20003_cRA_LA_V1_V6_electrode_s15.npz,76517,9f9a901ea1290f851c9252061434d2e6c120081b15d606580d92e0d27db01d6d
tcn,mixed,202,bandpass_n20003_cRA_LA_V1_V6_electrode_s10,phase2/results/predictions/full/mixed/tcn/seed_202/bandpass_n20003_cRA_LA_V1_V6_electrode_s10.npz,76455,e12853f4a9c77a16966df0c819faabeb8de1261c72f0ff21c02de7a434b7c850
tcn,mixed,202,bandpass_n20003_cRA_LA_V1_V6_electrode_s5,phase2/results/predictions/full/mixed/tcn/seed_202/bandpass_n20003_cRA_LA_V1_V6_electrode_s5.npz,76345,f16f3a72232c72608d20604d9cde8f9778fc57025798d1519050166d65d0fc7e
tcn,mixed,202,bandpass_n20003_cRA_LA_V1_V6_electrode_s0,phase2/results/predictions/full/mixed/tcn/seed_202/bandpass_n20003_cRA_LA_V1_V6_electrode_s0.npz,76001,22aad2877a51f08bd18f329e9485781119423dba7b37ca4c534ddf69f67251ec
tcn,mixed,202,bandpass_n20003_cRA_LA_V1_V6_covariance_s20,phase2/results/predictions/full/mixed/tcn/seed_202/bandpass_n20003_cRA_LA_V1_V6_covariance_s20.npz,76508,a1d9cf8e9323a8f6c448aa0852a3f5fb8b74eb8a8be7b1c3fb2d98436a6f162e
tcn,mixed,202,bandpass_n20003_cRA_LA_V1_V6_covariance_s15,phase2/results/predictions/full/mixed/tcn/seed_202/bandpass_n20003_cRA_LA_V1_V6_covariance_s15.npz,76525,606d59552f67f7bb9d54aad82f4fca8564873e1bf0192fc05a7972244f5bff4d
tcn,mixed,202,bandpass_n20003_cRA_LA_V1_V6_covariance_s10,phase2/results/predictions/full/mixed/tcn/seed_202/bandpass_n20003_cRA_LA_V1_V6_covariance_s10.npz,76472,9955e654741cfe2e22d286486f4903a563da3a1a28477d45d3e66f7f8af22450
tcn,mixed,202,bandpass_n20003_cRA_LA_V1_V6_covariance_s5,phase2/results/predictions/full/mixed/tcn/seed_202/bandpass_n20003_cRA_LA_V1_V6_covariance_s5.npz,76348,c1e54c366453c5de36bd91ec97a83ab5bfddcf05cb2c3e218b01d952e0a3a48c
tcn,mixed,202,bandpass_n20003_cRA_LA_V1_V6_covariance_s0,phase2/results/predictions/full/mixed/tcn/seed_202/bandpass_n20003_cRA_LA_V1_V6_covariance_s0.npz,76013,16b1b16c4b7bae0eb64ffb552aaac52a78ed8a6aab53a9c70f84ee14301ee67b
tcn,mixed,202,bandpass_n20003_cRA_V2_V5_independent_rms_s20,phase2/results/predictions/full/mixed/tcn/seed_202/bandpass_n20003_cRA_V2_V5_independent_rms_s20.npz,76537,511ce05f2fa5ec83e5102b2144e1aafa58cbd86aaabdf876f40bec7d201ae6a1
tcn,mixed,202,bandpass_n20003_cRA_V2_V5_independent_rms_s15,phase2/results/predictions/full/mixed/tcn/seed_202/bandpass_n20003_cRA_V2_V5_independent_rms_s15.npz,76521,87a6595da18655ba66cc0836d019c77edb3249558ea91e0bb60d1f9bc22dce1f
tcn,mixed,202,bandpass_n20003_cRA_V2_V5_independent_rms_s10,phase2/results/predictions/full/mixed/tcn/seed_202/bandpass_n20003_cRA_V2_V5_independent_rms_s10.npz,76494,bcce808778570281265c97c2976329b0b27890b979dc900e3b5efb7a331ba869
tcn,mixed,202,bandpass_n20003_cRA_V2_V5_independent_rms_s5,phase2/results/predictions/full/mixed/tcn/seed_202/bandpass_n20003_cRA_V2_V5_independent_rms_s5.npz,76448,6372d3649347400f3285942ad035cc16094b49a422e1b96d773e778539c5ee10
tcn,mixed,202,bandpass_n20003_cRA_V2_V5_independent_rms_s0,phase2/results/predictions/full/mixed/tcn/seed_202/bandpass_n20003_cRA_V2_V5_independent_rms_s0.npz,76209,3a1eacd292e3290a8f764509f1f1c1a13c106e1329ad5357fd87c6c5ed221704
tcn,mixed,202,bandpass_n20003_cRA_V2_V5_electrode_s20,phase2/results/predictions/full/mixed/tcn/seed_202/bandpass_n20003_cRA_V2_V5_electrode_s20.npz,76512,ab35d99ffc64d5c2a3c8c57b796da986e4b3eb1105aacb4a695dbbfaf2bca14a
tcn,mixed,202,bandpass_n20003_cRA_V2_V5_electrode_s15,phase2/results/predictions/full/mixed/tcn/seed_202/bandpass_n20003_cRA_V2_V5_electrode_s15.npz,76498,e4e99fb01a6b849a10300e810a4c734fadaf2c954842cb462b9fb343ae92277e
tcn,mixed,202,bandpass_n20003_cRA_V2_V5_electrode_s10,phase2/results/predictions/full/mixed/tcn/seed_202/bandpass_n20003_cRA_V2_V5_electrode_s10.npz,76496,08c0deb41633574f26cd80389dd8adccdf8c08beaa9818a50792f14bae86c12c
tcn,mixed,202,bandpass_n20003_cRA_V2_V5_electrode_s5,phase2/results/predictions/full/mixed/tcn/seed_202/bandpass_n20003_cRA_V2_V5_electrode_s5.npz,76384,1da5ae318ddd895a73e8001bc35cc7a119d282ee58a5c3a4da01712e02fc7826
tcn,mixed,202,bandpass_n20003_cRA_V2_V5_electrode_s0,phase2/results/predictions/full/mixed/tcn/seed_202/bandpass_n20003_cRA_V2_V5_electrode_s0.npz,76104,bcbd504f2e8591eea792b081c357a3e9c442d406710fa3c006c419a794b9387f
tcn,mixed,202,bandpass_n20003_cRA_V2_V5_covariance_s20,phase2/results/predictions/full/mixed/tcn/seed_202/bandpass_n20003_cRA_V2_V5_covariance_s20.npz,76518,5d1eab457170ab05b4dc7f5dd98432787d4a743319a319dd3e8ce38231556e78
tcn,mixed,202,bandpass_n20003_cRA_V2_V5_covariance_s15,phase2/results/predictions/full/mixed/tcn/seed_202/bandpass_n20003_cRA_V2_V5_covariance_s15.npz,76479,b12625e24d954f76039d72863fd6c09aee04c6e552f108480f03efc638cda658
tcn,mixed,202,bandpass_n20003_cRA_V2_V5_covariance_s10,phase2/results/predictions/full/mixed/tcn/seed_202/bandpass_n20003_cRA_V2_V5_covariance_s10.npz,76508,066fee59a28b31abdb98c46b35be366b48e240e31a5d708c48e4f604510b4e3d
tcn,mixed,202,bandpass_n20003_cRA_V2_V5_covariance_s5,phase2/results/predictions/full/mixed/tcn/seed_202/bandpass_n20003_cRA_V2_V5_covariance_s5.npz,76384,4fe6a7f677f53d38ea6f59196636b78f5d39c4a2bb7be662169577b48a8a6981
tcn,mixed,202,bandpass_n20003_cRA_V2_V5_covariance_s0,phase2/results/predictions/full/mixed/tcn/seed_202/bandpass_n20003_cRA_V2_V5_covariance_s0.npz,76152,6355442b176d7277caff5f79b5bb002e3890a35097b7d52d4be33c4a0be2068e
tcn,mixed,202,bandpass_n20003_cLA_V3_V6_independent_rms_s20,phase2/results/predictions/full/mixed/tcn/seed_202/bandpass_n20003_cLA_V3_V6_independent_rms_s20.npz,76520,6abbbc0ca410d306e6aa195cefbcf39c564dea5b0a1dbc96ccaa4b21a76af877
tcn,mixed,202,bandpass_n20003_cLA_V3_V6_independent_rms_s15,phase2/results/predictions/full/mixed/tcn/seed_202/bandpass_n20003_cLA_V3_V6_independent_rms_s15.npz,76524,6edfab6a7d5bebed058f0b54b44ebd7aff8690f25151a4251196adadf744c152
tcn,mixed,202,bandpass_n20003_cLA_V3_V6_independent_rms_s10,phase2/results/predictions/full/mixed/tcn/seed_202/bandpass_n20003_cLA_V3_V6_independent_rms_s10.npz,76518,34b43593b531559e78ba970166f45d25512f029ab3930fa7d3b5a4fa449706fa
tcn,mixed,202,bandpass_n20003_cLA_V3_V6_independent_rms_s5,phase2/results/predictions/full/mixed/tcn/seed_202/bandpass_n20003_cLA_V3_V6_independent_rms_s5.npz,76451,c299fa70904de86285708f799cc04db8ac7895d4f03da62c5bccebb267e7e6fb
tcn,mixed,202,bandpass_n20003_cLA_V3_V6_independent_rms_s0,phase2/results/predictions/full/mixed/tcn/seed_202/bandpass_n20003_cLA_V3_V6_independent_rms_s0.npz,76267,6ed5c104c699ff32b8791d51b519ae3eb9ad393c138bff5456d215115cf1f0ce
tcn,mixed,202,bandpass_n20003_cLA_V3_V6_electrode_s20,phase2/results/predictions/full/mixed/tcn/seed_202/bandpass_n20003_cLA_V3_V6_electrode_s20.npz,76502,96ca918d1c0169d3959932f0a2cbb67bf0fa861a776f1aee51afeafa32eae58b
tcn,mixed,202,bandpass_n20003_cLA_V3_V6_electrode_s15,phase2/results/predictions/full/mixed/tcn/seed_202/bandpass_n20003_cLA_V3_V6_electrode_s15.npz,76517,1ac255e91b72fe4c2b08194468e7bc7200f6181f82592751907a28e13f28c2bc
tcn,mixed,202,bandpass_n20003_cLA_V3_V6_electrode_s10,phase2/results/predictions/full/mixed/tcn/seed_202/bandpass_n20003_cLA_V3_V6_electrode_s10.npz,76485,b23970d482daa7911a5cdc7e849fea418d19514867b65c3e31abbca0490649ca
tcn,mixed,202,bandpass_n20003_cLA_V3_V6_electrode_s5,phase2/results/predictions/full/mixed/tcn/seed_202/bandpass_n20003_cLA_V3_V6_electrode_s5.npz,76346,37db43a9a71bd5c54acb5b593a1dfdd2e59745fc3cf91c5a87055e14775b9f7a
tcn,mixed,202,bandpass_n20003_cLA_V3_V6_electrode_s0,phase2/results/predictions/full/mixed/tcn/seed_202/bandpass_n20003_cLA_V3_V6_electrode_s0.npz,76033,0baca1eb0deaf2c2cb681530ac0cdc71c5b74b53e944fcf23f610ce7ccc9e630
tcn,mixed,202,bandpass_n20003_cLA_V3_V6_covariance_s20,phase2/results/predictions/full/mixed/tcn/seed_202/bandpass_n20003_cLA_V3_V6_covariance_s20.npz,76520,2150bc134bdb0f37c4ac7ca86e5c4f4e013ed246392ab86cb987eea6834e1156
tcn,mixed,202,bandpass_n20003_cLA_V3_V6_covariance_s15,phase2/results/predictions/full/mixed/tcn/seed_202/bandpass_n20003_cLA_V3_V6_covariance_s15.npz,76503,29be51454b90131947a1a4e29218fda0802e79c79044c0a2b186356acc79ce3f
tcn,mixed,202,bandpass_n20003_cLA_V3_V6_covariance_s10,phase2/results/predictions/full/mixed/tcn/seed_202/bandpass_n20003_cLA_V3_V6_covariance_s10.npz,76480,18c85d5d46c4dd847fa84393258135c0b90ee19a85229702664f84b6cd804dd4
tcn,mixed,202,bandpass_n20003_cLA_V3_V6_covariance_s5,phase2/results/predictions/full/mixed/tcn/seed_202/bandpass_n20003_cLA_V3_V6_covariance_s5.npz,76349,796844774cf3009820dead926af3cd65223680f49714797753e80b49776c5abb
tcn,mixed,202,bandpass_n20003_cLA_V3_V6_covariance_s0,phase2/results/predictions/full/mixed/tcn/seed_202/bandpass_n20003_cLA_V3_V6_covariance_s0.npz,75957,5eec22fa42dfe33ffd9f1b446a6d6074b7eedab5e02ed824e7f4c8b9933c36d2
tcn,mixed,202,bandpass_n20003_cLL_V1_V4_independent_rms_s20,phase2/results/predictions/full/mixed/tcn/seed_202/bandpass_n20003_cLL_V1_V4_independent_rms_s20.npz,76501,95803f99fa36b76c272a2ad7a2a327fb316281c3287efd6f1ce16310e4e40c44
tcn,mixed,202,bandpass_n20003_cLL_V1_V4_independent_rms_s15,phase2/results/predictions/full/mixed/tcn/seed_202/bandpass_n20003_cLL_V1_V4_independent_rms_s15.npz,76524,766be9bfe198c776bc50c5f5ac70719ab94c72e240db18209e482d4f13f84d3a
tcn,mixed,202,bandpass_n20003_cLL_V1_V4_independent_rms_s10,phase2/results/predictions/full/mixed/tcn/seed_202/bandpass_n20003_cLL_V1_V4_independent_rms_s10.npz,76443,7c45437f39e9617533d08a3d62a35dea6e522403924ad51cbc0f47fefd74e8d3
tcn,mixed,202,bandpass_n20003_cLL_V1_V4_independent_rms_s5,phase2/results/predictions/full/mixed/tcn/seed_202/bandpass_n20003_cLL_V1_V4_independent_rms_s5.npz,76412,1b6375f8824b00e28a597faf1f5efe490f8c727719b02871a53bc7da8587f353
tcn,mixed,202,bandpass_n20003_cLL_V1_V4_independent_rms_s0,phase2/results/predictions/full/mixed/tcn/seed_202/bandpass_n20003_cLL_V1_V4_independent_rms_s0.npz,76137,7584945896534cb2fafc975eb428af11e80f3f5588f18fbe23d11fda9fc92736
tcn,mixed,202,bandpass_n20003_cLL_V1_V4_electrode_s20,phase2/results/predictions/full/mixed/tcn/seed_202/bandpass_n20003_cLL_V1_V4_electrode_s20.npz,76487,2a045712e83dfa531f066c15062518be18e19f9e33e43729e27ade73ed482d28
tcn,mixed,202,bandpass_n20003_cLL_V1_V4_electrode_s15,phase2/results/predictions/full/mixed/tcn/seed_202/bandpass_n20003_cLL_V1_V4_electrode_s15.npz,76518,c623138bd7048880ef70a5c9edab19ebc98f4dab01762c3055d2b79018033c06
tcn,mixed,202,bandpass_n20003_cLL_V1_V4_electrode_s10,phase2/results/predictions/full/mixed/tcn/seed_202/bandpass_n20003_cLL_V1_V4_electrode_s10.npz,76476,923b1c5c215c67cc0af5b0a80c93dc33414a1f06af7acebaf83f5e962085a519
tcn,mixed,202,bandpass_n20003_cLL_V1_V4_electrode_s5,phase2/results/predictions/full/mixed/tcn/seed_202/bandpass_n20003_cLL_V1_V4_electrode_s5.npz,76330,a276a84a9fdf0c33067418120eb3c9ba5bd9fdd28cdf02a36bb66296e058af7d
tcn,mixed,202,bandpass_n20003_cLL_V1_V4_electrode_s0,phase2/results/predictions/full/mixed/tcn/seed_202/bandpass_n20003_cLL_V1_V4_electrode_s0.npz,75954,fc5039b39958e985b76a9953295cc265dfdbdd22943bbf17235237f70563d3f3
tcn,mixed,202,bandpass_n20003_cLL_V1_V4_covariance_s20,phase2/results/predictions/full/mixed/tcn/seed_202/bandpass_n20003_cLL_V1_V4_covariance_s20.npz,76499,d24ab80ff49ca6137b31d650ff7fc803389481f0ead4356357e2c0a1cf2c7b1b
tcn,mixed,202,bandpass_n20003_cLL_V1_V4_covariance_s15,phase2/results/predictions/full/mixed/tcn/seed_202/bandpass_n20003_cLL_V1_V4_covariance_s15.npz,76524,f0039094ec0806618f37fdd01e7205cb67ef6851ee62f0c233062199333a8c47
tcn,mixed,202,bandpass_n20003_cLL_V1_V4_covariance_s10,phase2/results/predictions/full/mixed/tcn/seed_202/bandpass_n20003_cLL_V1_V4_covariance_s10.npz,76479,8cca5a79e68e7e6eb76f14a2b6ed26c429a4430fe0f21de4e95ee3da34ce7a42
tcn,mixed,202,bandpass_n20003_cLL_V1_V4_covariance_s5,phase2/results/predictions/full/mixed/tcn/seed_202/bandpass_n20003_cLL_V1_V4_covariance_s5.npz,76319,46786945506c89ffab3207a66d961320da6d19e3b2bcb50e3a9021e37c4beae5
tcn,mixed,202,bandpass_n20003_cLL_V1_V4_covariance_s0,phase2/results/predictions/full/mixed/tcn/seed_202/bandpass_n20003_cLL_V1_V4_covariance_s0.npz,75938,f66d78512fff075611c2431c34e736b669ba4ed08415bc14baac2f260b9c1a66
tcn,mixed,202,bandpass_n20003_call_independent_rms_s20,phase2/results/predictions/full/mixed/tcn/seed_202/bandpass_n20003_call_independent_rms_s20.npz,76512,842ca9446c4310d0073a54a61fa898a397807dbd81d7f5b827b9d569ec32d899
tcn,mixed,202,bandpass_n20003_call_independent_rms_s15,phase2/results/predictions/full/mixed/tcn/seed_202/bandpass_n20003_call_independent_rms_s15.npz,76483,cb9b8224e0dd0a37b74df444925ea062443199d8c8549e898858d1a3406fbe50
tcn,mixed,202,bandpass_n20003_call_independent_rms_s10,phase2/results/predictions/full/mixed/tcn/seed_202/bandpass_n20003_call_independent_rms_s10.npz,76455,ed49b54f790da5c2d63145a5be318ad0a6778f433fb28a5a328c480c6f035606
tcn,mixed,202,bandpass_n20003_call_independent_rms_s5,phase2/results/predictions/full/mixed/tcn/seed_202/bandpass_n20003_call_independent_rms_s5.npz,76427,59de70b81a4034e8aff8c65c89dfa60c85f1f139dffae32132b1cbb592f8e905
tcn,mixed,202,bandpass_n20003_call_independent_rms_s0,phase2/results/predictions/full/mixed/tcn/seed_202/bandpass_n20003_call_independent_rms_s0.npz,76208,168cd10c4e21ea301f1cc5fd03f335576b490ea02475b81b2b2d83ac09c9c3cc
tcn,mixed,202,bandpass_n20003_call_electrode_s20,phase2/results/predictions/full/mixed/tcn/seed_202/bandpass_n20003_call_electrode_s20.npz,76467,382e1bb038469c4126c3a4a76c36cb3b00abdcf4b17ece4185cf11d4e75a7d0e
tcn,mixed,202,bandpass_n20003_call_electrode_s15,phase2/results/predictions/full/mixed/tcn/seed_202/bandpass_n20003_call_electrode_s15.npz,76478,500f177f21505c0e9e829d834893c9a933be4b516224d391ad6e9ec5f73e1503
tcn,mixed,202,bandpass_n20003_call_electrode_s10,phase2/results/predictions/full/mixed/tcn/seed_202/bandpass_n20003_call_electrode_s10.npz,76482,8c391fd83f5dcb56be36202a49d5f0e866526fb99b5913c04fb3bdbe6b9f1fa6
tcn,mixed,202,bandpass_n20003_call_electrode_s5,phase2/results/predictions/full/mixed/tcn/seed_202/bandpass_n20003_call_electrode_s5.npz,76300,8a8728c7c8dcf895832d715feb944249bd3780cd3e0feb40b132dc2ba92d3085
tcn,mixed,202,bandpass_n20003_call_electrode_s0,phase2/results/predictions/full/mixed/tcn/seed_202/bandpass_n20003_call_electrode_s0.npz,75948,9a93466c7f97133b40d4ce7716cc00604cbf488a19c8e63f9d548103145ea928
tcn,mixed,202,bandpass_n20003_call_covariance_s20,phase2/results/predictions/full/mixed/tcn/seed_202/bandpass_n20003_call_covariance_s20.npz,76470,323ffb41eb99155061e56243bc7a72a6d739fade307790ecb6b9575376aa3d61
tcn,mixed,202,bandpass_n20003_call_covariance_s15,phase2/results/predictions/full/mixed/tcn/seed_202/bandpass_n20003_call_covariance_s15.npz,76482,af8cde9bf73a175dc4ba16295f02ec0e61aa1958553fa6a1c96fd3247de52f63
tcn,mixed,202,bandpass_n20003_call_covariance_s10,phase2/results/predictions/full/mixed/tcn/seed_202/bandpass_n20003_call_covariance_s10.npz,76450,f349716fcba32e7457a120d414c532264fbbc71f87c72e3c67e3e318075536a6
tcn,mixed,202,bandpass_n20003_call_covariance_s5,phase2/results/predictions/full/mixed/tcn/seed_202/bandpass_n20003_call_covariance_s5.npz,76333,bbb1f91d30f92952ae2193ec818ac67efa0edc6e5882bb2816e9e591c229e57e
tcn,mixed,202,bandpass_n20003_call_covariance_s0,phase2/results/predictions/full/mixed/tcn/seed_202/bandpass_n20003_call_covariance_s0.npz,75989,6aa81169e1229326b2805682066575b7f2c574f1599a256f85666ef8d8a0a8dc
tcn,mixed,202,bandpass_n20004_cRA_LA_LL_independent_rms_s20,phase2/results/predictions/full/mixed/tcn/seed_202/bandpass_n20004_cRA_LA_LL_independent_rms_s20.npz,76502,56f128bed60ef454e4fc439f7052d211b844d403265686f1e037838936119267
tcn,mixed,202,bandpass_n20004_cRA_LA_LL_independent_rms_s15,phase2/results/predictions/full/mixed/tcn/seed_202/bandpass_n20004_cRA_LA_LL_independent_rms_s15.npz,76520,9108e19d358058d96efdad770052b0ac7bb88ed82bcf3fdf7872f3cba46c546a
tcn,mixed,202,bandpass_n20004_cRA_LA_LL_independent_rms_s10,phase2/results/predictions/full/mixed/tcn/seed_202/bandpass_n20004_cRA_LA_LL_independent_rms_s10.npz,76524,b40b1f1373b0ae0f9baa6ba44bf541c18145c0430858e5d451e92ca8ce95b0e5
tcn,mixed,202,bandpass_n20004_cRA_LA_LL_independent_rms_s5,phase2/results/predictions/full/mixed/tcn/seed_202/bandpass_n20004_cRA_LA_LL_independent_rms_s5.npz,76404,eb0fc258588c470605ebe794cb5ec3137378ad7027cd0a69e9ca657c99590445
tcn,mixed,202,bandpass_n20004_cRA_LA_LL_independent_rms_s0,phase2/results/predictions/full/mixed/tcn/seed_202/bandpass_n20004_cRA_LA_LL_independent_rms_s0.npz,76191,848ce19df4abbf847e0fa8b372a36d9dfd055998a46058066d2b8a5290c48505
tcn,mixed,202,bandpass_n20004_cRA_LA_LL_electrode_s20,phase2/results/predictions/full/mixed/tcn/seed_202/bandpass_n20004_cRA_LA_LL_electrode_s20.npz,76507,5bf3b6c067bc4034bfe6fd26fef7770f6bfec222de20da72ee4118fe953528e7
tcn,mixed,202,bandpass_n20004_cRA_LA_LL_electrode_s15,phase2/results/predictions/full/mixed/tcn/seed_202/bandpass_n20004_cRA_LA_LL_electrode_s15.npz,76475,83769b6e70bf35ab9a3fe83df4a848e8c9227dc472e2d618f8ba12ebc01b9d5b
tcn,mixed,202,bandpass_n20004_cRA_LA_LL_electrode_s10,phase2/results/predictions/full/mixed/tcn/seed_202/bandpass_n20004_cRA_LA_LL_electrode_s10.npz,76461,1160eab07792e9610eb5414134c6c4d55c2eb92142cd80d5b648543729a34e78
tcn,mixed,202,bandpass_n20004_cRA_LA_LL_electrode_s5,phase2/results/predictions/full/mixed/tcn/seed_202/bandpass_n20004_cRA_LA_LL_electrode_s5.npz,76282,f818f2752fd7f9cf1fd1a4f3fa1c45c76c80221e1286337c38c48840575e696f
tcn,mixed,202,bandpass_n20004_cRA_LA_LL_electrode_s0,phase2/results/predictions/full/mixed/tcn/seed_202/bandpass_n20004_cRA_LA_LL_electrode_s0.npz,75903,1c0a266ce70b1d45a9aea41e83e64db71f2e1712a4c4bb33b05a0851a5e52eb0
tcn,mixed,202,bandpass_n20004_cRA_LA_LL_covariance_s20,phase2/results/predictions/full/mixed/tcn/seed_202/bandpass_n20004_cRA_LA_LL_covariance_s20.npz,76511,a8b817d724072da40746f2471cfb07542ca7ebe03cb2c0665ced4500be23db29
tcn,mixed,202,bandpass_n20004_cRA_LA_LL_covariance_s15,phase2/results/predictions/full/mixed/tcn/seed_202/bandpass_n20004_cRA_LA_LL_covariance_s15.npz,76507,51bffa49d27d13baed4329ae117fb56c8395c34f16e12cc4c15b959c7cf26b76
tcn,mixed,202,bandpass_n20004_cRA_LA_LL_covariance_s10,phase2/results/predictions/full/mixed/tcn/seed_202/bandpass_n20004_cRA_LA_LL_covariance_s10.npz,76456,108fe266fd95aaa40db17c930b9a50a0b2e67f8e9456db0d624704429f1d8098
tcn,mixed,202,bandpass_n20004_cRA_LA_LL_covariance_s5,phase2/results/predictions/full/mixed/tcn/seed_202/bandpass_n20004_cRA_LA_LL_covariance_s5.npz,76268,9ec3d1d897585b5d9ca3ae875b93069ff5e06eb351ad6099391e93fbddfca9da
tcn,mixed,202,bandpass_n20004_cRA_LA_LL_covariance_s0,phase2/results/predictions/full/mixed/tcn/seed_202/bandpass_n20004_cRA_LA_LL_covariance_s0.npz,75940,4405cb8223724f99532d8e71b1351767f5fcd4d0ab5e3d5b0b84cdebd5698110
tcn,mixed,202,bandpass_n20004_cV1_independent_rms_s20,phase2/results/predictions/full/mixed/tcn/seed_202/bandpass_n20004_cV1_independent_rms_s20.npz,76505,9162c2d2be7e5e30e0f320fd4fb520b5305750cf98476a0e9cc6d70059eba43b
tcn,mixed,202,bandpass_n20004_cV1_independent_rms_s15,phase2/results/predictions/full/mixed/tcn/seed_202/bandpass_n20004_cV1_independent_rms_s15.npz,76474,66ad74a2693dc29ea98bd89e40e2fe5e5ebaf4312dfc982d3210d57660c40e3c
tcn,mixed,202,bandpass_n20004_cV1_independent_rms_s10,phase2/results/predictions/full/mixed/tcn/seed_202/bandpass_n20004_cV1_independent_rms_s10.npz,76481,a88190c10308d672438b63c782727be7b8dcd0e29f2398e12feae557cb7490a0
tcn,mixed,202,bandpass_n20004_cV1_independent_rms_s5,phase2/results/predictions/full/mixed/tcn/seed_202/bandpass_n20004_cV1_independent_rms_s5.npz,76366,f0f34b5f549c638e426798e5ae473c66f8a3d42f79280b739e5445853a5a3b5d
tcn,mixed,202,bandpass_n20004_cV1_independent_rms_s0,phase2/results/predictions/full/mixed/tcn/seed_202/bandpass_n20004_cV1_independent_rms_s0.npz,76035,3dcb5cbecd72389d3c64f0229406a3aa8b62145375369584bbc12a8c0cd75368
tcn,mixed,202,bandpass_n20004_cV1_electrode_s20,phase2/results/predictions/full/mixed/tcn/seed_202/bandpass_n20004_cV1_electrode_s20.npz,76495,983fbb6432aaa0bbc099ff1d8244c9b57b66bb6dd6f8ad2e18b9046502ee61c5
tcn,mixed,202,bandpass_n20004_cV1_electrode_s15,phase2/results/predictions/full/mixed/tcn/seed_202/bandpass_n20004_cV1_electrode_s15.npz,76484,0b51e1db348b70bc836cc0b452219a139451376b091f0200f46feda92eada4a3
tcn,mixed,202,bandpass_n20004_cV1_electrode_s10,phase2/results/predictions/full/mixed/tcn/seed_202/bandpass_n20004_cV1_electrode_s10.npz,76466,6188c1c71fdc037418282384998baf344e9a34bb99657a6c302a180abbe945bb
tcn,mixed,202,bandpass_n20004_cV1_electrode_s5,phase2/results/predictions/full/mixed/tcn/seed_202/bandpass_n20004_cV1_electrode_s5.npz,76333,0425be70d56fc55fd224656efa7d4955ca2fad9e8657d4cf2c04aab05c715320
tcn,mixed,202,bandpass_n20004_cV1_electrode_s0,phase2/results/predictions/full/mixed/tcn/seed_202/bandpass_n20004_cV1_electrode_s0.npz,76024,e74d7a50cbe06dc1d5451a97e3b68fe09e09aba9d85ea4da969238d6d67919eb
tcn,mixed,202,bandpass_n20004_cV1_covariance_s20,phase2/results/predictions/full/mixed/tcn/seed_202/bandpass_n20004_cV1_covariance_s20.npz,76453,b9a7bec0cc19ec393fe1e57ded10397aa1e4e9a1b841035bb2c1837089375766
tcn,mixed,202,bandpass_n20004_cV1_covariance_s15,phase2/results/predictions/full/mixed/tcn/seed_202/bandpass_n20004_cV1_covariance_s15.npz,76481,061d6bd194bd5c6e1d4770870dbeaf79d6ce52ffb1cbfa547bcab8fa11af0882
tcn,mixed,202,bandpass_n20004_cV1_covariance_s10,phase2/results/predictions/full/mixed/tcn/seed_202/bandpass_n20004_cV1_covariance_s10.npz,76473,195524db1eef9072af7531795517a2858e5c5d841df53fe4d33a1893953d2990
tcn,mixed,202,bandpass_n20004_cV1_covariance_s5,phase2/results/predictions/full/mixed/tcn/seed_202/bandpass_n20004_cV1_covariance_s5.npz,76324,f7826eb066465ebcab0f864038107402855f7e3333b80ed6387f3f2e215167c0
tcn,mixed,202,bandpass_n20004_cV1_covariance_s0,phase2/results/predictions/full/mixed/tcn/seed_202/bandpass_n20004_cV1_covariance_s0.npz,76030,33f3495c4ccfb4f1f4ce0c728f285f3b883161c9d94a24fcc7c0bddfba41686d
tcn,mixed,202,bandpass_n20004_cV2_independent_rms_s20,phase2/results/predictions/full/mixed/tcn/seed_202/bandpass_n20004_cV2_independent_rms_s20.npz,76484,659b1f38ba78b775c26a00df8bf0cd74da94c3491cbc5a5a21926192229270b3
tcn,mixed,202,bandpass_n20004_cV2_independent_rms_s15,phase2/results/predictions/full/mixed/tcn/seed_202/bandpass_n20004_cV2_independent_rms_s15.npz,76482,f4732779bc939607560dc02f66bee9a17d517aea42cc8e13a794909c8ea0b936
tcn,mixed,202,bandpass_n20004_cV2_independent_rms_s10,phase2/results/predictions/full/mixed/tcn/seed_202/bandpass_n20004_cV2_independent_rms_s10.npz,76451,8fa7519bd188c8107b374131c124f8abe0e60ed34e41de184ddc08ebe1c3b27d
tcn,mixed,202,bandpass_n20004_cV2_independent_rms_s5,phase2/results/predictions/full/mixed/tcn/seed_202/bandpass_n20004_cV2_independent_rms_s5.npz,76429,8d25d564e32ed09919db9fdcadd94bb837524c1942a394634d4d125a9f63f114
tcn,mixed,202,bandpass_n20004_cV2_independent_rms_s0,phase2/results/predictions/full/mixed/tcn/seed_202/bandpass_n20004_cV2_independent_rms_s0.npz,76208,8672d243644457d1caae982aab4663f9bc116822c049441ac56c6ba4f40180c4
tcn,mixed,202,bandpass_n20004_cV2_electrode_s20,phase2/results/predictions/full/mixed/tcn/seed_202/bandpass_n20004_cV2_electrode_s20.npz,76498,3baf5e593d115e51945ce5c2015540c6f66d7cd0a6c537b9a0803c983f7b069c
tcn,mixed,202,bandpass_n20004_cV2_electrode_s15,phase2/results/predictions/full/mixed/tcn/seed_202/bandpass_n20004_cV2_electrode_s15.npz,76483,5b1ee57af06f1f2eb392815f4a7feb2c6c25830fd84801fa25c4cafce1001087
tcn,mixed,202,bandpass_n20004_cV2_electrode_s10,phase2/results/predictions/full/mixed/tcn/seed_202/bandpass_n20004_cV2_electrode_s10.npz,76495,c565e7b6d519e04a9d2e0fd1ce837eb3fd042f437d3f04c849b666e92839f415
tcn,mixed,202,bandpass_n20004_cV2_electrode_s5,phase2/results/predictions/full/mixed/tcn/seed_202/bandpass_n20004_cV2_electrode_s5.npz,76396,67e29633e3b5d20e924bd88b348feae3a9d6c7f009cb312243c084b85f24ddbc
tcn,mixed,202,bandpass_n20004_cV2_electrode_s0,phase2/results/predictions/full/mixed/tcn/seed_202/bandpass_n20004_cV2_electrode_s0.npz,76198,1758820ce027dc4bb616e7b7e305c2cdea813a3812d29a30cfc762af3ce69225
tcn,mixed,202,bandpass_n20004_cV2_covariance_s20,phase2/results/predictions/full/mixed/tcn/seed_202/bandpass_n20004_cV2_covariance_s20.npz,76461,68b81ba7485cc56c3becf2e0ddc61e0940a0b930c39ed197eacbf97f6a26d07e
tcn,mixed,202,bandpass_n20004_cV2_covariance_s15,phase2/results/predictions/full/mixed/tcn/seed_202/bandpass_n20004_cV2_covariance_s15.npz,76451,30c2a1746cc9a5d9861727c13015b751dcb22e76fb131e6c2846f1db02b8c8b4
tcn,mixed,202,bandpass_n20004_cV2_covariance_s10,phase2/results/predictions/full/mixed/tcn/seed_202/bandpass_n20004_cV2_covariance_s10.npz,76476,0f0515b421eba241b7ec59b6dc6124966264a7c01ac5b18e4115948e02c8d5c6
tcn,mixed,202,bandpass_n20004_cV2_covariance_s5,phase2/results/predictions/full/mixed/tcn/seed_202/bandpass_n20004_cV2_covariance_s5.npz,76385,91d9d11774171698d69d256c734d02fbba907a4e135566ea785a78aa988c22a1
tcn,mixed,202,bandpass_n20004_cV2_covariance_s0,phase2/results/predictions/full/mixed/tcn/seed_202/bandpass_n20004_cV2_covariance_s0.npz,76204,2a37f5e15cffffc4a6655b58c2e0c233073438f08fb1d4a7c0546e74186a83c4
tcn,mixed,202,bandpass_n20004_cV3_independent_rms_s20,phase2/results/predictions/full/mixed/tcn/seed_202/bandpass_n20004_cV3_independent_rms_s20.npz,76491,5dac91a16c67d81bd3414f3abf86dc696256b99f33b7fdb9f0a64d4a7bbc1143
tcn,mixed,202,bandpass_n20004_cV3_independent_rms_s15,phase2/results/predictions/full/mixed/tcn/seed_202/bandpass_n20004_cV3_independent_rms_s15.npz,76508,e7579431cc6c9b64f7b9324bb006e04cbd9ec3bbf43ad5cd92dd7d1d7a5d756b
tcn,mixed,202,bandpass_n20004_cV3_independent_rms_s10,phase2/results/predictions/full/mixed/tcn/seed_202/bandpass_n20004_cV3_independent_rms_s10.npz,76490,1174b39d842650e068292aac62cac6377fcd8eca8e9649f72dc5729da21628a5
tcn,mixed,202,bandpass_n20004_cV3_independent_rms_s5,phase2/results/predictions/full/mixed/tcn/seed_202/bandpass_n20004_cV3_independent_rms_s5.npz,76461,8ea2fbd79d03e0c4f24b98563f826b792aed82823c3c5687aa1ca05a79fc1e3f
tcn,mixed,202,bandpass_n20004_cV3_independent_rms_s0,phase2/results/predictions/full/mixed/tcn/seed_202/bandpass_n20004_cV3_independent_rms_s0.npz,76347,2c3d85149a34edf0f7bc5bf3ccc7f736da295bf38e2b25f4c99e400e4e2f5b6f
tcn,mixed,202,bandpass_n20004_cV3_electrode_s20,phase2/results/predictions/full/mixed/tcn/seed_202/bandpass_n20004_cV3_electrode_s20.npz,76485,a9c0ae63447d2f1f8d7b84f9c31629a2b14486e412a3862188934452f2108a7d
tcn,mixed,202,bandpass_n20004_cV3_electrode_s15,phase2/results/predictions/full/mixed/tcn/seed_202/bandpass_n20004_cV3_electrode_s15.npz,76489,e0855918648e55bf382d638395c64185069a3902bfd9ab41670a3e7f943038ee
tcn,mixed,202,bandpass_n20004_cV3_electrode_s10,phase2/results/predictions/full/mixed/tcn/seed_202/bandpass_n20004_cV3_electrode_s10.npz,76495,0463660c91696e57586db46eb6de0a2f101e76ddf16dccef3fd27ec710c239f4
tcn,mixed,202,bandpass_n20004_cV3_electrode_s5,phase2/results/predictions/full/mixed/tcn/seed_202/bandpass_n20004_cV3_electrode_s5.npz,76463,cd86a52171e381047abc15bee01e377aba73307348123850189c82f34cb91764
tcn,mixed,202,bandpass_n20004_cV3_electrode_s0,phase2/results/predictions/full/mixed/tcn/seed_202/bandpass_n20004_cV3_electrode_s0.npz,76310,72e5174055ab54995b9fc51eb3cca3574285f2e000e0551369ce98225b23c46d
tcn,mixed,202,bandpass_n20004_cV3_covariance_s20,phase2/results/predictions/full/mixed/tcn/seed_202/bandpass_n20004_cV3_covariance_s20.npz,76486,3df969c05ce435770dea44293befac53e3720dbe880a1f146bcc05a94cd0a9aa
tcn,mixed,202,bandpass_n20004_cV3_covariance_s15,phase2/results/predictions/full/mixed/tcn/seed_202/bandpass_n20004_cV3_covariance_s15.npz,76505,fa81ac66ede1295287dcf8960f63fdea9dcffe4e61b9e87b1b744583544ab1ea
tcn,mixed,202,bandpass_n20004_cV3_covariance_s10,phase2/results/predictions/full/mixed/tcn/seed_202/bandpass_n20004_cV3_covariance_s10.npz,76500,302fe810dbd71b780d83f0bd33dbe244af57d8dda2ab56c81ee8dca960c453f2
tcn,mixed,202,bandpass_n20004_cV3_covariance_s5,phase2/results/predictions/full/mixed/tcn/seed_202/bandpass_n20004_cV3_covariance_s5.npz,76476,6659a98c7d75853b50bb887718a9198b4b3ca449af9b0c7387638a6d1efd6dd9
tcn,mixed,202,bandpass_n20004_cV3_covariance_s0,phase2/results/predictions/full/mixed/tcn/seed_202/bandpass_n20004_cV3_covariance_s0.npz,76319,b13516c7efbbdb659e41df7147b949f505e94977564420b0b5c21d07413270f9
tcn,mixed,202,bandpass_n20004_cV4_independent_rms_s20,phase2/results/predictions/full/mixed/tcn/seed_202/bandpass_n20004_cV4_independent_rms_s20.npz,76501,75734475d3839f028d914d1996da5646c453aafc9ec7e1a8815f68b972705161
tcn,mixed,202,bandpass_n20004_cV4_independent_rms_s15,phase2/results/predictions/full/mixed/tcn/seed_202/bandpass_n20004_cV4_independent_rms_s15.npz,76511,9dd68f522897c194ef5a2884a571c1a216d5082a6809c7156c249a7b04385472
tcn,mixed,202,bandpass_n20004_cV4_independent_rms_s10,phase2/results/predictions/full/mixed/tcn/seed_202/bandpass_n20004_cV4_independent_rms_s10.npz,76514,e5357c21c1189a45485336e8dc64b2c17811663eed5b4a15c54153429f5fd909
tcn,mixed,202,bandpass_n20004_cV4_independent_rms_s5,phase2/results/predictions/full/mixed/tcn/seed_202/bandpass_n20004_cV4_independent_rms_s5.npz,76478,1b6c1d50f7345137e6cf14c31c08010abd1bb4315c80738ac4ae4c0bea185a75
tcn,mixed,202,bandpass_n20004_cV4_independent_rms_s0,phase2/results/predictions/full/mixed/tcn/seed_202/bandpass_n20004_cV4_independent_rms_s0.npz,76236,370605ec5278cec5778a2a685683b071c2debfdd5e4d2371866159a5c48f9334
tcn,mixed,202,bandpass_n20004_cV4_electrode_s20,phase2/results/predictions/full/mixed/tcn/seed_202/bandpass_n20004_cV4_electrode_s20.npz,76467,b59f307b150340f6629ae7b176101f9500dc52883b6e527bf732a22074db723a
tcn,mixed,202,bandpass_n20004_cV4_electrode_s15,phase2/results/predictions/full/mixed/tcn/seed_202/bandpass_n20004_cV4_electrode_s15.npz,76456,108d93237c5d1ecba547c89bf4fe266df755c34710fd7216342d7760a0f824f7
tcn,mixed,202,bandpass_n20004_cV4_electrode_s10,phase2/results/predictions/full/mixed/tcn/seed_202/bandpass_n20004_cV4_electrode_s10.npz,76494,9ac305f5687feb112b0f0041d328c4215dcafc94e0a8e00b495fdf7560b56766
tcn,mixed,202,bandpass_n20004_cV4_electrode_s5,phase2/results/predictions/full/mixed/tcn/seed_202/bandpass_n20004_cV4_electrode_s5.npz,76440,cfa638bdae1bd4149306fea407074dada1bd9e68173ae0f33dca0381ab44d968
tcn,mixed,202,bandpass_n20004_cV4_electrode_s0,phase2/results/predictions/full/mixed/tcn/seed_202/bandpass_n20004_cV4_electrode_s0.npz,76247,22c0c3e4379d2af14f98db5f8afa896d9f6b3869135577dc80bf343793aab382
tcn,mixed,202,bandpass_n20004_cV4_covariance_s20,phase2/results/predictions/full/mixed/tcn/seed_202/bandpass_n20004_cV4_covariance_s20.npz,76447,4f16f155ee4877a1fb7192f16fd5dbd8746b540dceb79169874e37233fd79643
tcn,mixed,202,bandpass_n20004_cV4_covariance_s15,phase2/results/predictions/full/mixed/tcn/seed_202/bandpass_n20004_cV4_covariance_s15.npz,76514,e7df05026da9b4ea865a2701509199545b4f62e120c1006ef8dba4779482a03f
tcn,mixed,202,bandpass_n20004_cV4_covariance_s10,phase2/results/predictions/full/mixed/tcn/seed_202/bandpass_n20004_cV4_covariance_s10.npz,76500,f5bed8c72ad59f596382644cf7c28635609ea5f3caff7f3efd470ec9df6c60c5
tcn,mixed,202,bandpass_n20004_cV4_covariance_s5,phase2/results/predictions/full/mixed/tcn/seed_202/bandpass_n20004_cV4_covariance_s5.npz,76457,e3f5f86a15841be67cb20b126a4d5cd3515e11aeb647f6e0e9a60eabac48e6d7
tcn,mixed,202,bandpass_n20004_cV4_covariance_s0,phase2/results/predictions/full/mixed/tcn/seed_202/bandpass_n20004_cV4_covariance_s0.npz,76219,fd4733533e0b6b5daa9a96d218276fafa42c8867dca823ff94c2f9f29951e72e
tcn,mixed,202,bandpass_n20004_cV5_independent_rms_s20,phase2/results/predictions/full/mixed/tcn/seed_202/bandpass_n20004_cV5_independent_rms_s20.npz,76523,d81a0fe5413548b315aed54690febf5c9a6518304eaa712b7002ddcdc1402c28
tcn,mixed,202,bandpass_n20004_cV5_independent_rms_s15,phase2/results/predictions/full/mixed/tcn/seed_202/bandpass_n20004_cV5_independent_rms_s15.npz,76510,311649c05676defa02ff3eb3625bd26b922c451404f2e633623250a201fd4d4b
tcn,mixed,202,bandpass_n20004_cV5_independent_rms_s10,phase2/results/predictions/full/mixed/tcn/seed_202/bandpass_n20004_cV5_independent_rms_s10.npz,76465,035c4121f06e80d7bc9992eb7459c709550d236c9d494fd27c011cefa3a6d21a
tcn,mixed,202,bandpass_n20004_cV5_independent_rms_s5,phase2/results/predictions/full/mixed/tcn/seed_202/bandpass_n20004_cV5_independent_rms_s5.npz,76431,f556d4d9620b57b6e81a5edde4593b00783da498699d5c67ebe4cf385fc5f639
tcn,mixed,202,bandpass_n20004_cV5_independent_rms_s0,phase2/results/predictions/full/mixed/tcn/seed_202/bandpass_n20004_cV5_independent_rms_s0.npz,76200,f4ff2292398fc3c8ce9cbe2c1ee4cf28b52b1829e84f6cab4cc9211763650d78
tcn,mixed,202,bandpass_n20004_cV5_electrode_s20,phase2/results/predictions/full/mixed/tcn/seed_202/bandpass_n20004_cV5_electrode_s20.npz,76455,a424fc6f727b6dbb76570fe69555feefcf4d7dcfee80b0507b088ad9348d71e9
tcn,mixed,202,bandpass_n20004_cV5_electrode_s15,phase2/results/predictions/full/mixed/tcn/seed_202/bandpass_n20004_cV5_electrode_s15.npz,76478,19f094b656af82d366f957ba247ed773f43c270a865a7795b818d89a937f5659
tcn,mixed,202,bandpass_n20004_cV5_electrode_s10,phase2/results/predictions/full/mixed/tcn/seed_202/bandpass_n20004_cV5_electrode_s10.npz,76482,79d62c11b3ee66f563b9cd2a5f8d6cf8a0e31c9d84c3b578b4e24c57deea3e04
tcn,mixed,202,bandpass_n20004_cV5_electrode_s5,phase2/results/predictions/full/mixed/tcn/seed_202/bandpass_n20004_cV5_electrode_s5.npz,76422,06a65c2861a097a32473a63032939b4426a8f451be9796cb8912955354e1ab6c
tcn,mixed,202,bandpass_n20004_cV5_electrode_s0,phase2/results/predictions/full/mixed/tcn/seed_202/bandpass_n20004_cV5_electrode_s0.npz,76220,d6eb22065312a8a23c0cddfed76297724fedfc04399faa5d28182801f9bd783a
tcn,mixed,202,bandpass_n20004_cV5_covariance_s20,phase2/results/predictions/full/mixed/tcn/seed_202/bandpass_n20004_cV5_covariance_s20.npz,76460,8a23efad827905b404ab818ef7dd0e40a28589300a18da3845aa172e6ac40d65
tcn,mixed,202,bandpass_n20004_cV5_covariance_s15,phase2/results/predictions/full/mixed/tcn/seed_202/bandpass_n20004_cV5_covariance_s15.npz,76513,4269302f0efa8c249a21bb925242cba5ad611dcd9787f4619693ba0f0fe94c37
tcn,mixed,202,bandpass_n20004_cV5_covariance_s10,phase2/results/predictions/full/mixed/tcn/seed_202/bandpass_n20004_cV5_covariance_s10.npz,76485,92734f54b07499dec57c1d75125088af1c10b25315fcd1403cf2d4244b71c9f1
tcn,mixed,202,bandpass_n20004_cV5_covariance_s5,phase2/results/predictions/full/mixed/tcn/seed_202/bandpass_n20004_cV5_covariance_s5.npz,76441,b5cff261d875d741014c085c13718f350059f6ed7e256f44565dcce411904581
tcn,mixed,202,bandpass_n20004_cV5_covariance_s0,phase2/results/predictions/full/mixed/tcn/seed_202/bandpass_n20004_cV5_covariance_s0.npz,76202,c831b0ea7bd34f101fd750539154b67dbaeef199856305290f0017f0ad3f79b5
tcn,mixed,202,bandpass_n20004_cV6_independent_rms_s20,phase2/results/predictions/full/mixed/tcn/seed_202/bandpass_n20004_cV6_independent_rms_s20.npz,76499,18b674219a53dd73cc2e084fac4e4e8b0328d5247b7110bbd1bf2af607b15159
tcn,mixed,202,bandpass_n20004_cV6_independent_rms_s15,phase2/results/predictions/full/mixed/tcn/seed_202/bandpass_n20004_cV6_independent_rms_s15.npz,76500,2b1105e7e153cc5ea48c29a804859fa8811038ec4d15d0440b1d77d4c40971fc
tcn,mixed,202,bandpass_n20004_cV6_independent_rms_s10,phase2/results/predictions/full/mixed/tcn/seed_202/bandpass_n20004_cV6_independent_rms_s10.npz,76474,bddf4ec8beb16bd626cc24cdb176963e96ae2d00471285231af4179de5a98c42
tcn,mixed,202,bandpass_n20004_cV6_independent_rms_s5,phase2/results/predictions/full/mixed/tcn/seed_202/bandpass_n20004_cV6_independent_rms_s5.npz,76490,ef2187adc73e992abc9711169c37fc3057a51fc494b5c4ea8f89464f024051c9
tcn,mixed,202,bandpass_n20004_cV6_independent_rms_s0,phase2/results/predictions/full/mixed/tcn/seed_202/bandpass_n20004_cV6_independent_rms_s0.npz,76240,15020a7254de0800dfe7a7c82e657fb432900f6beb5898103ec823e43be6cd1c
tcn,mixed,202,bandpass_n20004_cV6_electrode_s20,phase2/results/predictions/full/mixed/tcn/seed_202/bandpass_n20004_cV6_electrode_s20.npz,76486,0dced617e42df76f09baca147e13b4171bd489d21b76bfa551f836103ddf5d47
tcn,mixed,202,bandpass_n20004_cV6_electrode_s15,phase2/results/predictions/full/mixed/tcn/seed_202/bandpass_n20004_cV6_electrode_s15.npz,76478,045e306215eecd545993adcf21fce968b0c062d14e73a6fe0ed77e52f26e730c
tcn,mixed,202,bandpass_n20004_cV6_electrode_s10,phase2/results/predictions/full/mixed/tcn/seed_202/bandpass_n20004_cV6_electrode_s10.npz,76481,27fb3e4d827c7653cb5ce01bdf277d386e10a77ac6df3f90811b2ccfcc91d2fb
tcn,mixed,202,bandpass_n20004_cV6_electrode_s5,phase2/results/predictions/full/mixed/tcn/seed_202/bandpass_n20004_cV6_electrode_s5.npz,76451,a599865bf1795d2653e7734d94be783db545b2fb8e83d5638d810cf8b32d0b6d
tcn,mixed,202,bandpass_n20004_cV6_electrode_s0,phase2/results/predictions/full/mixed/tcn/seed_202/bandpass_n20004_cV6_electrode_s0.npz,76263,35e66ae271186f83ae4fc82fb0e1763362f47abe1f4f349cd347165ae4384428
tcn,mixed,202,bandpass_n20004_cV6_covariance_s20,phase2/results/predictions/full/mixed/tcn/seed_202/bandpass_n20004_cV6_covariance_s20.npz,76484,3c37189038720a095d1d6f49d085eb636b2d332263b86ad957d41f2bda8ce9d6
tcn,mixed,202,bandpass_n20004_cV6_covariance_s15,phase2/results/predictions/full/mixed/tcn/seed_202/bandpass_n20004_cV6_covariance_s15.npz,76479,965b8073fc289721e88194d7eb9232cfbe6c157207e3b0feec1afcc509e5c0b4
tcn,mixed,202,bandpass_n20004_cV6_covariance_s10,phase2/results/predictions/full/mixed/tcn/seed_202/bandpass_n20004_cV6_covariance_s10.npz,76485,980adcf092fffaeee03185eeee48ac361d34c4735d6eb4c284886e4d6c5c90f9
tcn,mixed,202,bandpass_n20004_cV6_covariance_s5,phase2/results/predictions/full/mixed/tcn/seed_202/bandpass_n20004_cV6_covariance_s5.npz,76478,e0f105f34dc6faf59190923cd75012dce9d34681f9ad9a50c80dfe8d43f040ab
tcn,mixed,202,bandpass_n20004_cV6_covariance_s0,phase2/results/predictions/full/mixed/tcn/seed_202/bandpass_n20004_cV6_covariance_s0.npz,76251,2ff4385e2b2b6efe82c51ad458ff6ec93d3f75fb9055f7fd9a6ca9c0b571e05e
tcn,mixed,202,bandpass_n20004_cRA_LA_independent_rms_s20,phase2/results/predictions/full/mixed/tcn/seed_202/bandpass_n20004_cRA_LA_independent_rms_s20.npz,76496,d01069262e65bef62e720b78712a820b73212142770c1ac6c7b38b1735b030d0
tcn,mixed,202,bandpass_n20004_cRA_LA_independent_rms_s15,phase2/results/predictions/full/mixed/tcn/seed_202/bandpass_n20004_cRA_LA_independent_rms_s15.npz,76506,c02299b05661a217682c90e33978c9d78bba88ce18b5bed3f6bab7b66e1ccc72
tcn,mixed,202,bandpass_n20004_cRA_LA_independent_rms_s10,phase2/results/predictions/full/mixed/tcn/seed_202/bandpass_n20004_cRA_LA_independent_rms_s10.npz,76464,1ea4c226ed70c831e5f7034aa2e00bec72e6e7ff4c7278f155b8fe655f58c126
tcn,mixed,202,bandpass_n20004_cRA_LA_independent_rms_s5,phase2/results/predictions/full/mixed/tcn/seed_202/bandpass_n20004_cRA_LA_independent_rms_s5.npz,76418,4fd192674f1b855b54209f359e7c388a4a68ee329b9cfb7a51a6183caea4cb4e
tcn,mixed,202,bandpass_n20004_cRA_LA_independent_rms_s0,phase2/results/predictions/full/mixed/tcn/seed_202/bandpass_n20004_cRA_LA_independent_rms_s0.npz,76179,1cb46fef01f95faeccc2eaef0ffa0c17f0d42c2294e10fa39cc3e10dda5ee1f4
tcn,mixed,202,bandpass_n20004_cRA_LA_electrode_s20,phase2/results/predictions/full/mixed/tcn/seed_202/bandpass_n20004_cRA_LA_electrode_s20.npz,76473,81f91f7ef6201c34f59ceebfa23afc8c90dcf336419c2e74326622daf2f62eda
tcn,mixed,202,bandpass_n20004_cRA_LA_electrode_s15,phase2/results/predictions/full/mixed/tcn/seed_202/bandpass_n20004_cRA_LA_electrode_s15.npz,76477,61ff33ba344f977d4c41360dd6ce0b787cda2301a52eeca85e7ef9660add62a0
tcn,mixed,202,bandpass_n20004_cRA_LA_electrode_s10,phase2/results/predictions/full/mixed/tcn/seed_202/bandpass_n20004_cRA_LA_electrode_s10.npz,76426,7b9e51b0382fda28a74714decd4f7cc52762a95d7338fa3a9d060d53b57c9cf5
tcn,mixed,202,bandpass_n20004_cRA_LA_electrode_s5,phase2/results/predictions/full/mixed/tcn/seed_202/bandpass_n20004_cRA_LA_electrode_s5.npz,76296,bfe8a942c303df532bc515aa7c30aad9f8f6da01ef6839bc3396b104fa9fc40b
tcn,mixed,202,bandpass_n20004_cRA_LA_electrode_s0,phase2/results/predictions/full/mixed/tcn/seed_202/bandpass_n20004_cRA_LA_electrode_s0.npz,75947,19c73682e2aad1029ea851887faeb01bcd22aa991d76380fa6b3b1e98559c2f9
tcn,mixed,202,bandpass_n20004_cRA_LA_covariance_s20,phase2/results/predictions/full/mixed/tcn/seed_202/bandpass_n20004_cRA_LA_covariance_s20.npz,76504,9209731652534dc2fc32e7cd5b0b17f65a4cdb29818d8726643dfaff8961ff99
tcn,mixed,202,bandpass_n20004_cRA_LA_covariance_s15,phase2/results/predictions/full/mixed/tcn/seed_202/bandpass_n20004_cRA_LA_covariance_s15.npz,76476,c477af6b3af5b393bd561fc062e9f676c27db4b3b1b8ac12003bfa04cddd8e62
tcn,mixed,202,bandpass_n20004_cRA_LA_covariance_s10,phase2/results/predictions/full/mixed/tcn/seed_202/bandpass_n20004_cRA_LA_covariance_s10.npz,76450,d4c9d00a12dab19de7a7659ecf0d048c3c1babc34b2b88caaaab5c8f1374ac67
tcn,mixed,202,bandpass_n20004_cRA_LA_covariance_s5,phase2/results/predictions/full/mixed/tcn/seed_202/bandpass_n20004_cRA_LA_covariance_s5.npz,76311,366e649de2a5bf5a1bc173ee16a2c7e9e2ed294c65953d39b63557e79e3ea036
tcn,mixed,202,bandpass_n20004_cRA_LA_covariance_s0,phase2/results/predictions/full/mixed/tcn/seed_202/bandpass_n20004_cRA_LA_covariance_s0.npz,75985,e93dc32913201a6dd531ed8c57b52022578c393e550c64177091a4c391d970f3
tcn,mixed,202,bandpass_n20004_cLA_LL_independent_rms_s20,phase2/results/predictions/full/mixed/tcn/seed_202/bandpass_n20004_cLA_LL_independent_rms_s20.npz,76527,e7971e9b9ec4e5174ca4797641a664dee282fede125b95bf89acef5ade741e61
tcn,mixed,202,bandpass_n20004_cLA_LL_independent_rms_s15,phase2/results/predictions/full/mixed/tcn/seed_202/bandpass_n20004_cLA_LL_independent_rms_s15.npz,76524,e4bcaecf58af2823b9f886c7d7db1b74c43ed80c4117d84d559fc9dea6039ca2
tcn,mixed,202,bandpass_n20004_cLA_LL_independent_rms_s10,phase2/results/predictions/full/mixed/tcn/seed_202/bandpass_n20004_cLA_LL_independent_rms_s10.npz,76501,00fbdf45bba6f74a8e022c2907a166fb8d42dffe92f5218beb964a7e27c8d52d
tcn,mixed,202,bandpass_n20004_cLA_LL_independent_rms_s5,phase2/results/predictions/full/mixed/tcn/seed_202/bandpass_n20004_cLA_LL_independent_rms_s5.npz,76433,88e323132191e5cce8c2b7cade7e05f15db42190d9c44fdfdf8d630d6d0f36ae
tcn,mixed,202,bandpass_n20004_cLA_LL_independent_rms_s0,phase2/results/predictions/full/mixed/tcn/seed_202/bandpass_n20004_cLA_LL_independent_rms_s0.npz,76197,a4b2f6e4baafd8ef9933084f4f4ffc48e7097c52876e5cff846ba322594f7047
tcn,mixed,202,bandpass_n20004_cLA_LL_electrode_s20,phase2/results/predictions/full/mixed/tcn/seed_202/bandpass_n20004_cLA_LL_electrode_s20.npz,76498,6a3329f77b5a4d794ffbeb8377ebec09464559cb92a3b986815ec2713afac78e
tcn,mixed,202,bandpass_n20004_cLA_LL_electrode_s15,phase2/results/predictions/full/mixed/tcn/seed_202/bandpass_n20004_cLA_LL_electrode_s15.npz,76480,fd525e02fc2f0635a8e9a5677c269480367a34279f885b3d5ebd1fda304be176
tcn,mixed,202,bandpass_n20004_cLA_LL_electrode_s10,phase2/results/predictions/full/mixed/tcn/seed_202/bandpass_n20004_cLA_LL_electrode_s10.npz,76486,dd4bb83a0d9610e3708cdbb3dd199aedfe25d4e6aa656647db5a6f4375979644
tcn,mixed,202,bandpass_n20004_cLA_LL_electrode_s5,phase2/results/predictions/full/mixed/tcn/seed_202/bandpass_n20004_cLA_LL_electrode_s5.npz,76274,3f51f8739465672948b77ca5e4b6bd64f0697cfb4e34e0854a8c264ca59e35a9
tcn,mixed,202,bandpass_n20004_cLA_LL_electrode_s0,phase2/results/predictions/full/mixed/tcn/seed_202/bandpass_n20004_cLA_LL_electrode_s0.npz,75862,0a017f69c206c9f9ebc470abe8306d8683ec1d9b8cf3b6bff978033fb69d0607
tcn,mixed,202,bandpass_n20004_cLA_LL_covariance_s20,phase2/results/predictions/full/mixed/tcn/seed_202/bandpass_n20004_cLA_LL_covariance_s20.npz,76502,4e66e6583c0c7126af69e3320b935755d773434f430181bb3b0203b50f928cb6
tcn,mixed,202,bandpass_n20004_cLA_LL_covariance_s15,phase2/results/predictions/full/mixed/tcn/seed_202/bandpass_n20004_cLA_LL_covariance_s15.npz,76510,109ceab9cc72e18a7c794a9357af28bdb2c5c6c131c64861d86d84dcabd8e967
tcn,mixed,202,bandpass_n20004_cLA_LL_covariance_s10,phase2/results/predictions/full/mixed/tcn/seed_202/bandpass_n20004_cLA_LL_covariance_s10.npz,76485,641902439c1ab4bab68ceadd32b29dbedbf731f084ad7bb0d1f33c50a15d94d2
tcn,mixed,202,bandpass_n20004_cLA_LL_covariance_s5,phase2/results/predictions/full/mixed/tcn/seed_202/bandpass_n20004_cLA_LL_covariance_s5.npz,76223,0164ee0aa78f6a0848e450723d45cd38a90f0ed13c10c80106c03fde8cece49b
tcn,mixed,202,bandpass_n20004_cLA_LL_covariance_s0,phase2/results/predictions/full/mixed/tcn/seed_202/bandpass_n20004_cLA_LL_covariance_s0.npz,75908,0944e7d7bade0c1595755967ada2412c1c86e476c7042ad7ec2ae85f9513b5d2
tcn,mixed,202,bandpass_n20004_cRA_LL_independent_rms_s20,phase2/results/predictions/full/mixed/tcn/seed_202/bandpass_n20004_cRA_LL_independent_rms_s20.npz,76497,701d466ba7aa728c5aa20d8dbf412b4906437ea59d117dcc9accce184d3a5034
tcn,mixed,202,bandpass_n20004_cRA_LL_independent_rms_s15,phase2/results/predictions/full/mixed/tcn/seed_202/bandpass_n20004_cRA_LL_independent_rms_s15.npz,76515,11a9a48e2b9134e1f80717b0b3256be711b335815951b560499e195f62405e66
tcn,mixed,202,bandpass_n20004_cRA_LL_independent_rms_s10,phase2/results/predictions/full/mixed/tcn/seed_202/bandpass_n20004_cRA_LL_independent_rms_s10.npz,76512,d67054b19723369c6ec95e8555601d8d2a3d3da6d9339f2066145945ae148df4
tcn,mixed,202,bandpass_n20004_cRA_LL_independent_rms_s5,phase2/results/predictions/full/mixed/tcn/seed_202/bandpass_n20004_cRA_LL_independent_rms_s5.npz,76412,8f106d92afd5bd0b0da4e3a2aa3c001dd18e9b07e0ce35bf135c7d21c7f18732
tcn,mixed,202,bandpass_n20004_cRA_LL_independent_rms_s0,phase2/results/predictions/full/mixed/tcn/seed_202/bandpass_n20004_cRA_LL_independent_rms_s0.npz,76205,38b163892f2eac70471433136335a95d272e71e44c23efb57df2533844e1d86b
tcn,mixed,202,bandpass_n20004_cRA_LL_electrode_s20,phase2/results/predictions/full/mixed/tcn/seed_202/bandpass_n20004_cRA_LL_electrode_s20.npz,76479,26def3389ab29cd2b9cf2f5fa4dcc24ad6a227408cf824b5d55b553ffd840cc6
tcn,mixed,202,bandpass_n20004_cRA_LL_electrode_s15,phase2/results/predictions/full/mixed/tcn/seed_202/bandpass_n20004_cRA_LL_electrode_s15.npz,76489,89cc70aca1688bb4c3c6e48584cefeed3415829c6ef3e751b0902bcf903ee6fb
tcn,mixed,202,bandpass_n20004_cRA_LL_electrode_s10,phase2/results/predictions/full/mixed/tcn/seed_202/bandpass_n20004_cRA_LL_electrode_s10.npz,76472,50755fc6c9c0157f99cf532db5102034473f4512cd0bf9c62b089ad7e45a5f26
tcn,mixed,202,bandpass_n20004_cRA_LL_electrode_s5,phase2/results/predictions/full/mixed/tcn/seed_202/bandpass_n20004_cRA_LL_electrode_s5.npz,76347,9b14409f04f96eb8eaba687d20a9396f9a7d756dae1b096a7a017e4468e5ee65
tcn,mixed,202,bandpass_n20004_cRA_LL_electrode_s0,phase2/results/predictions/full/mixed/tcn/seed_202/bandpass_n20004_cRA_LL_electrode_s0.npz,75948,238c23b681d579bbda3b32550ba31308cac3d098318efb5ccf91270c3bcc5124
tcn,mixed,202,bandpass_n20004_cRA_LL_covariance_s20,phase2/results/predictions/full/mixed/tcn/seed_202/bandpass_n20004_cRA_LL_covariance_s20.npz,76485,e71662e5f0e141d91aa2988abb1fe4b0d9688c6cfd2b3d66d397e4679dde25eb
tcn,mixed,202,bandpass_n20004_cRA_LL_covariance_s15,phase2/results/predictions/full/mixed/tcn/seed_202/bandpass_n20004_cRA_LL_covariance_s15.npz,76493,7c6fb20b1895d9510d47d3feb73053a0bc3bd19f056de2cf4b97dcb3b6dfa01e
tcn,mixed,202,bandpass_n20004_cRA_LL_covariance_s10,phase2/results/predictions/full/mixed/tcn/seed_202/bandpass_n20004_cRA_LL_covariance_s10.npz,76459,38bb7c4a30a0435febc48d79cfb6437f2a05f02112c7c5e18b97e3ff330cedae
tcn,mixed,202,bandpass_n20004_cRA_LL_covariance_s5,phase2/results/predictions/full/mixed/tcn/seed_202/bandpass_n20004_cRA_LL_covariance_s5.npz,76303,f9cdddc0f235aa1fe0212aeeb82d08a859cf3fd18df7da36b0272f3f53abacd9
tcn,mixed,202,bandpass_n20004_cRA_LL_covariance_s0,phase2/results/predictions/full/mixed/tcn/seed_202/bandpass_n20004_cRA_LL_covariance_s0.npz,75932,d7aaab02422113cb95f9c57c993d0f895219861c0d3e6c656786f26bf5e0ee88
tcn,mixed,202,bandpass_n20004_cRA_independent_rms_s20,phase2/results/predictions/full/mixed/tcn/seed_202/bandpass_n20004_cRA_independent_rms_s20.npz,76502,546dc3dd3e0429ae2ab5e7cab2a1b7d9ebb3be4b43080c4fbc096844e551bc77
tcn,mixed,202,bandpass_n20004_cRA_independent_rms_s15,phase2/results/predictions/full/mixed/tcn/seed_202/bandpass_n20004_cRA_independent_rms_s15.npz,76491,82c4c3b1ca94f4e75d2cea917c1049b6b223142be48257f4805ed76ed9fee11d
tcn,mixed,202,bandpass_n20004_cRA_independent_rms_s10,phase2/results/predictions/full/mixed/tcn/seed_202/bandpass_n20004_cRA_independent_rms_s10.npz,76486,980d061e31bb796420ca8d8f556bbd6223e9ab54e9969efa11a67f5815af8557
tcn,mixed,202,bandpass_n20004_cRA_independent_rms_s5,phase2/results/predictions/full/mixed/tcn/seed_202/bandpass_n20004_cRA_independent_rms_s5.npz,76450,545b708eeeb1eb6fe9906a683ab07be1db60b3811376ac34fb1652ef5f7f4a09
tcn,mixed,202,bandpass_n20004_cRA_independent_rms_s0,phase2/results/predictions/full/mixed/tcn/seed_202/bandpass_n20004_cRA_independent_rms_s0.npz,76202,5e8a40d388b3d5a8ce29f2bd2f1e9d9d25640246ef2ed5deb296271f5f366767
tcn,mixed,202,bandpass_n20004_cRA_electrode_s20,phase2/results/predictions/full/mixed/tcn/seed_202/bandpass_n20004_cRA_electrode_s20.npz,76500,46367ab68cdb2c95dd007c35febe1623bcbf5f530539a3d5e9838093ac745741
tcn,mixed,202,bandpass_n20004_cRA_electrode_s15,phase2/results/predictions/full/mixed/tcn/seed_202/bandpass_n20004_cRA_electrode_s15.npz,76461,8a503b105a01d50930ad4997440d6d54e90534522e29c32b20863ea526881822
tcn,mixed,202,bandpass_n20004_cRA_electrode_s10,phase2/results/predictions/full/mixed/tcn/seed_202/bandpass_n20004_cRA_electrode_s10.npz,76481,b9d55e9b41dd9312f07ea89a08ac388600ca72c27648d717c8a3aab2bb835d6c
tcn,mixed,202,bandpass_n20004_cRA_electrode_s5,phase2/results/predictions/full/mixed/tcn/seed_202/bandpass_n20004_cRA_electrode_s5.npz,76332,39b4ab5dd2f1ae3893ab944c14c112670bbba759997772ed0c9c8b04285e2598
tcn,mixed,202,bandpass_n20004_cRA_electrode_s0,phase2/results/predictions/full/mixed/tcn/seed_202/bandpass_n20004_cRA_electrode_s0.npz,76102,ed9fee945a7fadbee4a3af3c562e911391a432b92f95cd0888d2366caa7c227d
tcn,mixed,202,bandpass_n20004_cRA_covariance_s20,phase2/results/predictions/full/mixed/tcn/seed_202/bandpass_n20004_cRA_covariance_s20.npz,76510,4afda9da6b0e86e035ec83b18baeaaa0c45d7eaa2d1e5c19f4af987f33cd5897
tcn,mixed,202,bandpass_n20004_cRA_covariance_s15,phase2/results/predictions/full/mixed/tcn/seed_202/bandpass_n20004_cRA_covariance_s15.npz,76500,bbad45b4ac2e5be563bbb47753118337166a54812cc667db5c17e63c77b477b2
tcn,mixed,202,bandpass_n20004_cRA_covariance_s10,phase2/results/predictions/full/mixed/tcn/seed_202/bandpass_n20004_cRA_covariance_s10.npz,76481,151deaaf5d17ff47a70fef51ae69fb84d888486933e0be5294c4b76997bfa39f
tcn,mixed,202,bandpass_n20004_cRA_covariance_s5,phase2/results/predictions/full/mixed/tcn/seed_202/bandpass_n20004_cRA_covariance_s5.npz,76349,87cb4ef495e71a9214d7964f269e5acd742eed93255a67f9d74c2cd0e3fee464
tcn,mixed,202,bandpass_n20004_cRA_covariance_s0,phase2/results/predictions/full/mixed/tcn/seed_202/bandpass_n20004_cRA_covariance_s0.npz,76083,108d5dcb2ab4ac53bb997301bb3921574afc414ce89d9d8bd9690226daf64ae7
tcn,mixed,202,bandpass_n20004_cLA_independent_rms_s20,phase2/results/predictions/full/mixed/tcn/seed_202/bandpass_n20004_cLA_independent_rms_s20.npz,76513,ff904a90ed2c81e3fb6d6a9f7a097fb4631f16f2e45da398df0a763cceaf4837
tcn,mixed,202,bandpass_n20004_cLA_independent_rms_s15,phase2/results/predictions/full/mixed/tcn/seed_202/bandpass_n20004_cLA_independent_rms_s15.npz,76507,da55a4a214c3b774b06db9f315b054a76a72b8302d4043d04213eb53a0061cf7
tcn,mixed,202,bandpass_n20004_cLA_independent_rms_s10,phase2/results/predictions/full/mixed/tcn/seed_202/bandpass_n20004_cLA_independent_rms_s10.npz,76471,a4522846aec542b615b3ad67dd0380e5229d55d6ae90c6e77970f835c626c621
tcn,mixed,202,bandpass_n20004_cLA_independent_rms_s5,phase2/results/predictions/full/mixed/tcn/seed_202/bandpass_n20004_cLA_independent_rms_s5.npz,76442,c2e794ded3742eac646448ed70d309645db28ba274ac49381fdd48dfe6657c8c
tcn,mixed,202,bandpass_n20004_cLA_independent_rms_s0,phase2/results/predictions/full/mixed/tcn/seed_202/bandpass_n20004_cLA_independent_rms_s0.npz,76254,00759fd28d95e280306a41d96183b67cf6d3d0a024fe7083674074fa88b78d77
tcn,mixed,202,bandpass_n20004_cLA_electrode_s20,phase2/results/predictions/full/mixed/tcn/seed_202/bandpass_n20004_cLA_electrode_s20.npz,76475,e0894d25768f87224b952fa36d8414a92b763c622e85bc8791d1725fc3182c96
tcn,mixed,202,bandpass_n20004_cLA_electrode_s15,phase2/results/predictions/full/mixed/tcn/seed_202/bandpass_n20004_cLA_electrode_s15.npz,76485,0f7554c1a6dc4e22c324609f2d250009d48234b3ecdfbb819f8ffda73247d84d
tcn,mixed,202,bandpass_n20004_cLA_electrode_s10,phase2/results/predictions/full/mixed/tcn/seed_202/bandpass_n20004_cLA_electrode_s10.npz,76451,431c08afb7a242316771ab2ba69503fe9ec0c2c23f9d03365ff0a9b431619808
tcn,mixed,202,bandpass_n20004_cLA_electrode_s5,phase2/results/predictions/full/mixed/tcn/seed_202/bandpass_n20004_cLA_electrode_s5.npz,76300,cd4cdc130ba18d798922e7af9071892809967bf41b28b4c811fca9dae8a5489f
tcn,mixed,202,bandpass_n20004_cLA_electrode_s0,phase2/results/predictions/full/mixed/tcn/seed_202/bandpass_n20004_cLA_electrode_s0.npz,75880,d6f45da4a948aedb2c36d87b73b060e1549fe1c7c8798a5bbf387b0b004a97ee
tcn,mixed,202,bandpass_n20004_cLA_covariance_s20,phase2/results/predictions/full/mixed/tcn/seed_202/bandpass_n20004_cLA_covariance_s20.npz,76490,300dc453bfedc901a8e700f470b04c1dd72860dc338851a94fbe2872feda3ec8
tcn,mixed,202,bandpass_n20004_cLA_covariance_s15,phase2/results/predictions/full/mixed/tcn/seed_202/bandpass_n20004_cLA_covariance_s15.npz,76493,8dd89f70e7d3978e8b117c1cb3e37017252c27f664bb6bc85b00d1eb5fac5a94
tcn,mixed,202,bandpass_n20004_cLA_covariance_s10,phase2/results/predictions/full/mixed/tcn/seed_202/bandpass_n20004_cLA_covariance_s10.npz,76446,26cf15c0c196562abb46dc81df4b0afa87b1d6649757198174bcd3ae23fb18a9
tcn,mixed,202,bandpass_n20004_cLA_covariance_s5,phase2/results/predictions/full/mixed/tcn/seed_202/bandpass_n20004_cLA_covariance_s5.npz,76275,595505250b0b7a4f1b3dedb64c48539fe2d8229e9e52f9f2b6163ef1ef375770
tcn,mixed,202,bandpass_n20004_cLA_covariance_s0,phase2/results/predictions/full/mixed/tcn/seed_202/bandpass_n20004_cLA_covariance_s0.npz,75873,341a5236a078b45a4b17c69bd168eb0e7e5a489ddd685342b41d262c0d7e6bdd
tcn,mixed,202,bandpass_n20004_cLL_independent_rms_s20,phase2/results/predictions/full/mixed/tcn/seed_202/bandpass_n20004_cLL_independent_rms_s20.npz,76486,25e1ae227e0eff107e3cec7af5622a03aeb60a0f8192aba4a44ca08a9d875569
tcn,mixed,202,bandpass_n20004_cLL_independent_rms_s15,phase2/results/predictions/full/mixed/tcn/seed_202/bandpass_n20004_cLL_independent_rms_s15.npz,76491,49365312b44cba4bfb793ffe24400be1eff9d73d2870f2ac8337edc2630de4d2
tcn,mixed,202,bandpass_n20004_cLL_independent_rms_s10,phase2/results/predictions/full/mixed/tcn/seed_202/bandpass_n20004_cLL_independent_rms_s10.npz,76483,e489f827873d8a52a15f44c03b6b1963030e6ab37e57332ed91311dcaee3e160
tcn,mixed,202,bandpass_n20004_cLL_independent_rms_s5,phase2/results/predictions/full/mixed/tcn/seed_202/bandpass_n20004_cLL_independent_rms_s5.npz,76362,ba307ea9d3e214bf8a89241e1e1a604a20ee5b803fdadb42fec64cc8dd0d004d
tcn,mixed,202,bandpass_n20004_cLL_independent_rms_s0,phase2/results/predictions/full/mixed/tcn/seed_202/bandpass_n20004_cLL_independent_rms_s0.npz,76152,12ae4afc660b24418fa77e456e5f186388aa1be5558be015f7d94fcc6a6d5f5b
tcn,mixed,202,bandpass_n20004_cLL_electrode_s20,phase2/results/predictions/full/mixed/tcn/seed_202/bandpass_n20004_cLL_electrode_s20.npz,76492,b470df4775238a781ff2b83e68a83cb6ce9da6aae77ad0836b7b0f3c03596209
tcn,mixed,202,bandpass_n20004_cLL_electrode_s15,phase2/results/predictions/full/mixed/tcn/seed_202/bandpass_n20004_cLL_electrode_s15.npz,76518,86381020e87f9582acbcb970c61005e2b2b2e9b61b6fa684c479ebf74211b42f
tcn,mixed,202,bandpass_n20004_cLL_electrode_s10,phase2/results/predictions/full/mixed/tcn/seed_202/bandpass_n20004_cLL_electrode_s10.npz,76462,419015ddb0bf8a648f3e165966d238c4a6e68d04bdc953872a1da66295678ef8
tcn,mixed,202,bandpass_n20004_cLL_electrode_s5,phase2/results/predictions/full/mixed/tcn/seed_202/bandpass_n20004_cLL_electrode_s5.npz,76268,c5df00333161b262b1e9cc05071e386b9a3dc7bb5f5a266bb095e95b6ca963c8
tcn,mixed,202,bandpass_n20004_cLL_electrode_s0,phase2/results/predictions/full/mixed/tcn/seed_202/bandpass_n20004_cLL_electrode_s0.npz,75910,1bd418980f31cfb5075a5da3f80dd84610b847f7ae3a31eaa082a49fa081a69c
tcn,mixed,202,bandpass_n20004_cLL_covariance_s20,phase2/results/predictions/full/mixed/tcn/seed_202/bandpass_n20004_cLL_covariance_s20.npz,76455,1481d0cc58ef511198842464fefeb1d970129cdd0ebba224a5a061add0769e29
tcn,mixed,202,bandpass_n20004_cLL_covariance_s15,phase2/results/predictions/full/mixed/tcn/seed_202/bandpass_n20004_cLL_covariance_s15.npz,76482,b597d5333dda111003efc548c361b8f36b91e8764967d3da2b8d4cec129b56cf
tcn,mixed,202,bandpass_n20004_cLL_covariance_s10,phase2/results/predictions/full/mixed/tcn/seed_202/bandpass_n20004_cLL_covariance_s10.npz,76459,c8d6f56279170444bdb8d61d31426936b02cd3b220bf2977977ea7a810bf737e
tcn,mixed,202,bandpass_n20004_cLL_covariance_s5,phase2/results/predictions/full/mixed/tcn/seed_202/bandpass_n20004_cLL_covariance_s5.npz,76279,c565986c6d7e94e5f4e75d58551c34db918fdd70054294e38fec4512c0c77437
tcn,mixed,202,bandpass_n20004_cLL_covariance_s0,phase2/results/predictions/full/mixed/tcn/seed_202/bandpass_n20004_cLL_covariance_s0.npz,75906,46a82aac2f310ac59d76e00eb9031f0a5879c15aeab43d8c1f18a6dfdb62c0cc
tcn,mixed,202,bandpass_n20004_cRA_V1_independent_rms_s20,phase2/results/predictions/full/mixed/tcn/seed_202/bandpass_n20004_cRA_V1_independent_rms_s20.npz,76514,9c59eedeac9a3cf08f3dd4c98c46a8716865d86570da5300c6c6634027400ac3
tcn,mixed,202,bandpass_n20004_cRA_V1_independent_rms_s15,phase2/results/predictions/full/mixed/tcn/seed_202/bandpass_n20004_cRA_V1_independent_rms_s15.npz,76521,a36c64ccab72716dfec33322d411561bc4c42a1fe31435f72b2e7cb3a29283ad
tcn,mixed,202,bandpass_n20004_cRA_V1_independent_rms_s10,phase2/results/predictions/full/mixed/tcn/seed_202/bandpass_n20004_cRA_V1_independent_rms_s10.npz,76487,cf104fbb11007c25d34d5da76027a42b5e1e127927d12fffcd4196d6c4d65d94
tcn,mixed,202,bandpass_n20004_cRA_V1_independent_rms_s5,phase2/results/predictions/full/mixed/tcn/seed_202/bandpass_n20004_cRA_V1_independent_rms_s5.npz,76397,15a4e584359f5db02655d70b477feb7eb1bd08976092aa24b7192a777b5acfd6
tcn,mixed,202,bandpass_n20004_cRA_V1_independent_rms_s0,phase2/results/predictions/full/mixed/tcn/seed_202/bandpass_n20004_cRA_V1_independent_rms_s0.npz,76177,a3d67f314b524f120d045d2e82435c7770b8c63b5570418151500e221035e566
tcn,mixed,202,bandpass_n20004_cRA_V1_electrode_s20,phase2/results/predictions/full/mixed/tcn/seed_202/bandpass_n20004_cRA_V1_electrode_s20.npz,76477,cc3b4053075028d4435dfaa7ea676859bdbd8e745d8c261d419ce7c6f3dd48e4
tcn,mixed,202,bandpass_n20004_cRA_V1_electrode_s15,phase2/results/predictions/full/mixed/tcn/seed_202/bandpass_n20004_cRA_V1_electrode_s15.npz,76504,3554e9cf4fe0fa9506c6817ac5f8aa65918204342c6e1d25f593da7fc1475235
tcn,mixed,202,bandpass_n20004_cRA_V1_electrode_s10,phase2/results/predictions/full/mixed/tcn/seed_202/bandpass_n20004_cRA_V1_electrode_s10.npz,76476,57c25ebd65759901866d7b2ed5296d25fad6ffcaaf31e30f22479ac97e555a64
tcn,mixed,202,bandpass_n20004_cRA_V1_electrode_s5,phase2/results/predictions/full/mixed/tcn/seed_202/bandpass_n20004_cRA_V1_electrode_s5.npz,76361,0aa233006d8067d40e3264af9ee7bb7f26852d7e884a0e00b035d1a465794a01
tcn,mixed,202,bandpass_n20004_cRA_V1_electrode_s0,phase2/results/predictions/full/mixed/tcn/seed_202/bandpass_n20004_cRA_V1_electrode_s0.npz,76069,5ba93f627a8bc1e2e629eba11a69b9378669f7c1c1e857d027d6a0a51e7077da
tcn,mixed,202,bandpass_n20004_cRA_V1_covariance_s20,phase2/results/predictions/full/mixed/tcn/seed_202/bandpass_n20004_cRA_V1_covariance_s20.npz,76511,d0dfeca663e37446addfa1cc329d9d46e9086d40b056d7dd602471abdc12bfc6
tcn,mixed,202,bandpass_n20004_cRA_V1_covariance_s15,phase2/results/predictions/full/mixed/tcn/seed_202/bandpass_n20004_cRA_V1_covariance_s15.npz,76483,d50c0784bcad41a13607906f3e7db1a836dfb7a219c624377467c524b9e3918c
tcn,mixed,202,bandpass_n20004_cRA_V1_covariance_s10,phase2/results/predictions/full/mixed/tcn/seed_202/bandpass_n20004_cRA_V1_covariance_s10.npz,76463,f3b208739d5f455ad899b82aedf5bf70afa52f5b3971918ccfc21959b075c5f2
tcn,mixed,202,bandpass_n20004_cRA_V1_covariance_s5,phase2/results/predictions/full/mixed/tcn/seed_202/bandpass_n20004_cRA_V1_covariance_s5.npz,76364,ae7571f4d97d680ac88f21137d0f5fce5b7bfca7a6c9954f0189f378bfe80b4a
tcn,mixed,202,bandpass_n20004_cRA_V1_covariance_s0,phase2/results/predictions/full/mixed/tcn/seed_202/bandpass_n20004_cRA_V1_covariance_s0.npz,76087,7617057ef5afeafb64cdc4dcb2e1b6ffc5b6fce6d33fc9310a543f4dff215aa8
tcn,mixed,202,bandpass_n20004_cLA_V6_independent_rms_s20,phase2/results/predictions/full/mixed/tcn/seed_202/bandpass_n20004_cLA_V6_independent_rms_s20.npz,76492,aa875b831f839a8dfc209c847da74d11707fbf4c87103f4d10f50818dbbb67e1
tcn,mixed,202,bandpass_n20004_cLA_V6_independent_rms_s15,phase2/results/predictions/full/mixed/tcn/seed_202/bandpass_n20004_cLA_V6_independent_rms_s15.npz,76527,986df155759d6ce9c25963131f9f4686818ef6b99268fac994ebbdd4473502b3
tcn,mixed,202,bandpass_n20004_cLA_V6_independent_rms_s10,phase2/results/predictions/full/mixed/tcn/seed_202/bandpass_n20004_cLA_V6_independent_rms_s10.npz,76505,40a81f596b026713c16e8a8758b79461c981943c82fe7c2ea8fd90f944388e3d
tcn,mixed,202,bandpass_n20004_cLA_V6_independent_rms_s5,phase2/results/predictions/full/mixed/tcn/seed_202/bandpass_n20004_cLA_V6_independent_rms_s5.npz,76454,1433edc1471ff1ab8af1a3d0d9c800fc6c922fc1a34472b1a84647818896c582
tcn,mixed,202,bandpass_n20004_cLA_V6_independent_rms_s0,phase2/results/predictions/full/mixed/tcn/seed_202/bandpass_n20004_cLA_V6_independent_rms_s0.npz,76222,dc30d46f2e0be497ccff33905fd36cb0292ef8143f8dd76c58b6cefc7a4ea34e
tcn,mixed,202,bandpass_n20004_cLA_V6_electrode_s20,phase2/results/predictions/full/mixed/tcn/seed_202/bandpass_n20004_cLA_V6_electrode_s20.npz,76523,ad9a3e6451a91ce5a81b0232e566e5fe42b8fd4828964566ad87bd7013f8dcf7
tcn,mixed,202,bandpass_n20004_cLA_V6_electrode_s15,phase2/results/predictions/full/mixed/tcn/seed_202/bandpass_n20004_cLA_V6_electrode_s15.npz,76463,8e13c1b7b1e8681537955b1c81372e0dfc19a8a36c6b76286462df4526d73726
tcn,mixed,202,bandpass_n20004_cLA_V6_electrode_s10,phase2/results/predictions/full/mixed/tcn/seed_202/bandpass_n20004_cLA_V6_electrode_s10.npz,76477,262450b5e29383a6e7b67d6bde9eaccda745484bbd009912feb1c756fc10aaac
tcn,mixed,202,bandpass_n20004_cLA_V6_electrode_s5,phase2/results/predictions/full/mixed/tcn/seed_202/bandpass_n20004_cLA_V6_electrode_s5.npz,76288,2c555d14184d8d15d543f0a49e22089dd7fe8b4ae14f63802423e5acc3d87401
tcn,mixed,202,bandpass_n20004_cLA_V6_electrode_s0,phase2/results/predictions/full/mixed/tcn/seed_202/bandpass_n20004_cLA_V6_electrode_s0.npz,75926,20f665abe1b0ec6e2973c45f83984807aeda6cd9d08edfd46fbc963c943ef448
tcn,mixed,202,bandpass_n20004_cLA_V6_covariance_s20,phase2/results/predictions/full/mixed/tcn/seed_202/bandpass_n20004_cLA_V6_covariance_s20.npz,76504,241d13c9ebdf44e28cd0fa359f7482370bcad6642cdff8e59b63ebe275eb559a
tcn,mixed,202,bandpass_n20004_cLA_V6_covariance_s15,phase2/results/predictions/full/mixed/tcn/seed_202/bandpass_n20004_cLA_V6_covariance_s15.npz,76493,dc74b720661bddc30716839d6c553ed95ca6b3ddb25cebfd38fa77c089d14af2
tcn,mixed,202,bandpass_n20004_cLA_V6_covariance_s10,phase2/results/predictions/full/mixed/tcn/seed_202/bandpass_n20004_cLA_V6_covariance_s10.npz,76489,152d87218e58007c9a5c0ca611d8be2bcad9e8e8c2e445ebac758ee89bf3dfc9
tcn,mixed,202,bandpass_n20004_cLA_V6_covariance_s5,phase2/results/predictions/full/mixed/tcn/seed_202/bandpass_n20004_cLA_V6_covariance_s5.npz,76291,b69d755841ad4af79e3a86cac512063b4d9dacd8c559b855684ca9207a17dc0b
tcn,mixed,202,bandpass_n20004_cLA_V6_covariance_s0,phase2/results/predictions/full/mixed/tcn/seed_202/bandpass_n20004_cLA_V6_covariance_s0.npz,75930,8fe9e550ed1685042a4521aa4f41a17bd0c4e6c92c9fd8a547f0b2ab61236af1
tcn,mixed,202,bandpass_n20004_cLL_V4_independent_rms_s20,phase2/results/predictions/full/mixed/tcn/seed_202/bandpass_n20004_cLL_V4_independent_rms_s20.npz,76504,41766c07717263e4fc588fdbf2ee5c2261e550bc72d51e5def89188146df5042
tcn,mixed,202,bandpass_n20004_cLL_V4_independent_rms_s15,phase2/results/predictions/full/mixed/tcn/seed_202/bandpass_n20004_cLL_V4_independent_rms_s15.npz,76499,4e21a92ed7d1d8fd24297690a75974baa4f8e4c57d73c4a86923920f1ee509ff
tcn,mixed,202,bandpass_n20004_cLL_V4_independent_rms_s10,phase2/results/predictions/full/mixed/tcn/seed_202/bandpass_n20004_cLL_V4_independent_rms_s10.npz,76459,b1bab79dc83db16d9b39ddc4cefa5a65c7acb56929b5fc09033d4401f21b7492
tcn,mixed,202,bandpass_n20004_cLL_V4_independent_rms_s5,phase2/results/predictions/full/mixed/tcn/seed_202/bandpass_n20004_cLL_V4_independent_rms_s5.npz,76416,fd72ad33e3417f50256b13f9d4065e2518553d8080677d1075287cba2caa96ea
tcn,mixed,202,bandpass_n20004_cLL_V4_independent_rms_s0,phase2/results/predictions/full/mixed/tcn/seed_202/bandpass_n20004_cLL_V4_independent_rms_s0.npz,76166,87d063d55d415fb803e57b94d8059fc83f0b3227072194d7d1f1c574711e1c32
tcn,mixed,202,bandpass_n20004_cLL_V4_electrode_s20,phase2/results/predictions/full/mixed/tcn/seed_202/bandpass_n20004_cLL_V4_electrode_s20.npz,76480,70e8742e1f354d507a6efd0876e4e8541f7d4aea7af53cea2b435d0307bf464f
tcn,mixed,202,bandpass_n20004_cLL_V4_electrode_s15,phase2/results/predictions/full/mixed/tcn/seed_202/bandpass_n20004_cLL_V4_electrode_s15.npz,76482,042c71410ece88db7cce13017f708ab3adaebc9022902ffdb9fe257433f74f28
tcn,mixed,202,bandpass_n20004_cLL_V4_electrode_s10,phase2/results/predictions/full/mixed/tcn/seed_202/bandpass_n20004_cLL_V4_electrode_s10.npz,76472,6dc5c4698af3aeb00b91cd68b1035cea3d76b7f0d919906c7a88d245a4dcf3d5
tcn,mixed,202,bandpass_n20004_cLL_V4_electrode_s5,phase2/results/predictions/full/mixed/tcn/seed_202/bandpass_n20004_cLL_V4_electrode_s5.npz,76303,43632fabe18c7e6d1c4fc4bbba30e2948b87c3abce64a0d5f017e18835927a70
tcn,mixed,202,bandpass_n20004_cLL_V4_electrode_s0,phase2/results/predictions/full/mixed/tcn/seed_202/bandpass_n20004_cLL_V4_electrode_s0.npz,75948,a305535ea711dbe34ccf2f9862442fbbd3821d0f6fa62f9a211332ccf0bd20a0
tcn,mixed,202,bandpass_n20004_cLL_V4_covariance_s20,phase2/results/predictions/full/mixed/tcn/seed_202/bandpass_n20004_cLL_V4_covariance_s20.npz,76496,43ce3961108f254a77a91b1a2e72912cc83217e9889533b0d3b7106369dd8563
tcn,mixed,202,bandpass_n20004_cLL_V4_covariance_s15,phase2/results/predictions/full/mixed/tcn/seed_202/bandpass_n20004_cLL_V4_covariance_s15.npz,76484,cd895cd044cbf0ce3add05d2109df89bbe0e8cad6abf6a11b9579903f7894072
tcn,mixed,202,bandpass_n20004_cLL_V4_covariance_s10,phase2/results/predictions/full/mixed/tcn/seed_202/bandpass_n20004_cLL_V4_covariance_s10.npz,76454,ea03a236aa0abfc3e943affd061b4e964060bf344b59bfb24f2092b5c847401c
tcn,mixed,202,bandpass_n20004_cLL_V4_covariance_s5,phase2/results/predictions/full/mixed/tcn/seed_202/bandpass_n20004_cLL_V4_covariance_s5.npz,76301,4e6bc53c5569d0a9ee0c95424a28d75991ab9a37c1c78df4e6c782ec266499d8
tcn,mixed,202,bandpass_n20004_cLL_V4_covariance_s0,phase2/results/predictions/full/mixed/tcn/seed_202/bandpass_n20004_cLL_V4_covariance_s0.npz,75946,97814121e780a7530c91275a78c69163a09af683826d356c00dcbc93df5136f7
tcn,mixed,202,bandpass_n20004_cRA_LA_V1_V6_independent_rms_s20,phase2/results/predictions/full/mixed/tcn/seed_202/bandpass_n20004_cRA_LA_V1_V6_independent_rms_s20.npz,76499,1cf23020aeabda087825a9ab9b46c10c3d4615a4aafbfeec5b547a83a62ec972
tcn,mixed,202,bandpass_n20004_cRA_LA_V1_V6_independent_rms_s15,phase2/results/predictions/full/mixed/tcn/seed_202/bandpass_n20004_cRA_LA_V1_V6_independent_rms_s15.npz,76523,ea12e5f592853396aad8693596448685b1f062e65c4d5147c1423ca0729dcb4f
tcn,mixed,202,bandpass_n20004_cRA_LA_V1_V6_independent_rms_s10,phase2/results/predictions/full/mixed/tcn/seed_202/bandpass_n20004_cRA_LA_V1_V6_independent_rms_s10.npz,76526,63d0ef4ff3453f3ef9472f9f3a02e0f3995808d5b0e69fe2b4230b1505b62d2f
tcn,mixed,202,bandpass_n20004_cRA_LA_V1_V6_independent_rms_s5,phase2/results/predictions/full/mixed/tcn/seed_202/bandpass_n20004_cRA_LA_V1_V6_independent_rms_s5.npz,76418,87aba1fc15a85947cfb4cd2762d962c150673e3f3bfe9e77d6440aa023cd48b0
tcn,mixed,202,bandpass_n20004_cRA_LA_V1_V6_independent_rms_s0,phase2/results/predictions/full/mixed/tcn/seed_202/bandpass_n20004_cRA_LA_V1_V6_independent_rms_s0.npz,76221,1ca63b513fff3bc2edca8993d7ba5403941bf26f8c97078f7673bd1f194a01e3
tcn,mixed,202,bandpass_n20004_cRA_LA_V1_V6_electrode_s20,phase2/results/predictions/full/mixed/tcn/seed_202/bandpass_n20004_cRA_LA_V1_V6_electrode_s20.npz,76510,5f1b87a54f22c98f0233c02159e177ce0a51c7ba92ffc53ac67fdad265231cfc
tcn,mixed,202,bandpass_n20004_cRA_LA_V1_V6_electrode_s15,phase2/results/predictions/full/mixed/tcn/seed_202/bandpass_n20004_cRA_LA_V1_V6_electrode_s15.npz,76551,ee32c077522804caf9fc14ca22e65f6c641e66f4e04cd81e19384676ba123cdd
tcn,mixed,202,bandpass_n20004_cRA_LA_V1_V6_electrode_s10,phase2/results/predictions/full/mixed/tcn/seed_202/bandpass_n20004_cRA_LA_V1_V6_electrode_s10.npz,76490,9f3f41a6a5df3a2ab4fa456b17773552dc9e76d7372f997d608fe0a35ced7ff7
tcn,mixed,202,bandpass_n20004_cRA_LA_V1_V6_electrode_s5,phase2/results/predictions/full/mixed/tcn/seed_202/bandpass_n20004_cRA_LA_V1_V6_electrode_s5.npz,76346,1ca730870be61d651b1aaa10bc9475dfcf278745a687ad082525ef5318387c7a
tcn,mixed,202,bandpass_n20004_cRA_LA_V1_V6_electrode_s0,phase2/results/predictions/full/mixed/tcn/seed_202/bandpass_n20004_cRA_LA_V1_V6_electrode_s0.npz,75996,d6b1e99bdb3b9d971ec7f05f506fd4314f4d082fb846541b580322c3e81bb0a2
tcn,mixed,202,bandpass_n20004_cRA_LA_V1_V6_covariance_s20,phase2/results/predictions/full/mixed/tcn/seed_202/bandpass_n20004_cRA_LA_V1_V6_covariance_s20.npz,76547,4872ca25412c0ecd8958b20689af7f60aa645216d55e16dfd11e523b3a90c3c8
tcn,mixed,202,bandpass_n20004_cRA_LA_V1_V6_covariance_s15,phase2/results/predictions/full/mixed/tcn/seed_202/bandpass_n20004_cRA_LA_V1_V6_covariance_s15.npz,76495,1d366322be2d292a3c856835d4498c70adf1542899b073d61e2e8d8dab46b251
tcn,mixed,202,bandpass_n20004_cRA_LA_V1_V6_covariance_s10,phase2/results/predictions/full/mixed/tcn/seed_202/bandpass_n20004_cRA_LA_V1_V6_covariance_s10.npz,76501,37a43a28627f4321c291410c52738ee4719bae921cf2476010ed6b6dcea02801
tcn,mixed,202,bandpass_n20004_cRA_LA_V1_V6_covariance_s5,phase2/results/predictions/full/mixed/tcn/seed_202/bandpass_n20004_cRA_LA_V1_V6_covariance_s5.npz,76353,32edff36371c8719e4ca4d31c62e205c3eb36364a06485f85e5e55da75a498f9
tcn,mixed,202,bandpass_n20004_cRA_LA_V1_V6_covariance_s0,phase2/results/predictions/full/mixed/tcn/seed_202/bandpass_n20004_cRA_LA_V1_V6_covariance_s0.npz,76002,a932dabb3aef0543309c2df2553dab90279a9f9c5c1c9e2fab7e5a37416062c6
tcn,mixed,202,bandpass_n20004_cRA_V2_V5_independent_rms_s20,phase2/results/predictions/full/mixed/tcn/seed_202/bandpass_n20004_cRA_V2_V5_independent_rms_s20.npz,76512,31bfeb21926a99be0cb3defa77049e154e634ab4ccc48c2d77e10354fdb73312
tcn,mixed,202,bandpass_n20004_cRA_V2_V5_independent_rms_s15,phase2/results/predictions/full/mixed/tcn/seed_202/bandpass_n20004_cRA_V2_V5_independent_rms_s15.npz,76483,c013089ee3604cb044a8adfb88df415a8dfa8edb48537b194f0da21112b6016e
tcn,mixed,202,bandpass_n20004_cRA_V2_V5_independent_rms_s10,phase2/results/predictions/full/mixed/tcn/seed_202/bandpass_n20004_cRA_V2_V5_independent_rms_s10.npz,76504,321ce1418ec9fa2d2c2d7dfd06aff84526eaa4dcc57aaaaa9f9260c894d499e5
tcn,mixed,202,bandpass_n20004_cRA_V2_V5_independent_rms_s5,phase2/results/predictions/full/mixed/tcn/seed_202/bandpass_n20004_cRA_V2_V5_independent_rms_s5.npz,76453,75aa63c901688e6f77606cdd80d128a3c566625e3a388fcc35e37874086de150
tcn,mixed,202,bandpass_n20004_cRA_V2_V5_independent_rms_s0,phase2/results/predictions/full/mixed/tcn/seed_202/bandpass_n20004_cRA_V2_V5_independent_rms_s0.npz,76265,35219f24bcb8f477952bd97840b5ceddd19c2e5851c08fa5a35cf4b255ede9ed
tcn,mixed,202,bandpass_n20004_cRA_V2_V5_electrode_s20,phase2/results/predictions/full/mixed/tcn/seed_202/bandpass_n20004_cRA_V2_V5_electrode_s20.npz,76522,45d18794bfd244662245ceb706ffee02b2185abbf96e68c5ac8aae8ecd3d5bc4
tcn,mixed,202,bandpass_n20004_cRA_V2_V5_electrode_s15,phase2/results/predictions/full/mixed/tcn/seed_202/bandpass_n20004_cRA_V2_V5_electrode_s15.npz,76497,38803f012c9ba555b5c1c5f26a63762b774fe64121fcfe02abdd74df126ef3f9
tcn,mixed,202,bandpass_n20004_cRA_V2_V5_electrode_s10,phase2/results/predictions/full/mixed/tcn/seed_202/bandpass_n20004_cRA_V2_V5_electrode_s10.npz,76484,4a9e9797d5bea7ce63cea7bc814ae4eba872c49a171826ba8c983128ef915814
tcn,mixed,202,bandpass_n20004_cRA_V2_V5_electrode_s5,phase2/results/predictions/full/mixed/tcn/seed_202/bandpass_n20004_cRA_V2_V5_electrode_s5.npz,76394,971961cb5cd13fcfd06f169f7aceb7a74b6c5bba7a4a67b2091e720f83c11ce9
tcn,mixed,202,bandpass_n20004_cRA_V2_V5_electrode_s0,phase2/results/predictions/full/mixed/tcn/seed_202/bandpass_n20004_cRA_V2_V5_electrode_s0.npz,76154,4d238b63ae71bc5687208b4a69e496760857cab6bf98c92e4a2cdde254dd2176
tcn,mixed,202,bandpass_n20004_cRA_V2_V5_covariance_s20,phase2/results/predictions/full/mixed/tcn/seed_202/bandpass_n20004_cRA_V2_V5_covariance_s20.npz,76530,ff09b89c6a0282ab22b236ed702f0ae08097a20eac17ddee5213a2e323ae2a1c
tcn,mixed,202,bandpass_n20004_cRA_V2_V5_covariance_s15,phase2/results/predictions/full/mixed/tcn/seed_202/bandpass_n20004_cRA_V2_V5_covariance_s15.npz,76517,16b2d7bc6353bc3b6753f2d6a07bd3b1ede2927bd0339f7845e9557597264d75
tcn,mixed,202,bandpass_n20004_cRA_V2_V5_covariance_s10,phase2/results/predictions/full/mixed/tcn/seed_202/bandpass_n20004_cRA_V2_V5_covariance_s10.npz,76480,f5504d1f9309c202512b91950c3ce7708707c5cc3929a4f2ec10bf2bf6434fa3
tcn,mixed,202,bandpass_n20004_cRA_V2_V5_covariance_s5,phase2/results/predictions/full/mixed/tcn/seed_202/bandpass_n20004_cRA_V2_V5_covariance_s5.npz,76364,798cf819b13730cf8d171f31e40b78201116a9f41617ea1d91e298baed479280
tcn,mixed,202,bandpass_n20004_cRA_V2_V5_covariance_s0,phase2/results/predictions/full/mixed/tcn/seed_202/bandpass_n20004_cRA_V2_V5_covariance_s0.npz,76130,e811620868d6d8165c984384a725447448362f3ee80995c75792391c63726a57
tcn,mixed,202,bandpass_n20004_cLA_V3_V6_independent_rms_s20,phase2/results/predictions/full/mixed/tcn/seed_202/bandpass_n20004_cLA_V3_V6_independent_rms_s20.npz,76519,b195293627b926a3f69d774848e9bea03412f3fd67648ec14d0cf59d977adbb1
tcn,mixed,202,bandpass_n20004_cLA_V3_V6_independent_rms_s15,phase2/results/predictions/full/mixed/tcn/seed_202/bandpass_n20004_cLA_V3_V6_independent_rms_s15.npz,76522,7b9590cc4af46fa4d478bc332ae35cd76629a7145d8f47feee73d755f0236163
tcn,mixed,202,bandpass_n20004_cLA_V3_V6_independent_rms_s10,phase2/results/predictions/full/mixed/tcn/seed_202/bandpass_n20004_cLA_V3_V6_independent_rms_s10.npz,76508,19177819acd24bb05db0cec7f5918e210ed79d7148bcf51223585ec9b5599946
tcn,mixed,202,bandpass_n20004_cLA_V3_V6_independent_rms_s5,phase2/results/predictions/full/mixed/tcn/seed_202/bandpass_n20004_cLA_V3_V6_independent_rms_s5.npz,76482,1c16412719775d36cb599c56dc548d1b7df4025d7805b744b298f788602dcd23
tcn,mixed,202,bandpass_n20004_cLA_V3_V6_independent_rms_s0,phase2/results/predictions/full/mixed/tcn/seed_202/bandpass_n20004_cLA_V3_V6_independent_rms_s0.npz,76273,e81d5891ab54785c33c4bd851774beb132dfe177320e3e297869cd4e3d2b1fbc
tcn,mixed,202,bandpass_n20004_cLA_V3_V6_electrode_s20,phase2/results/predictions/full/mixed/tcn/seed_202/bandpass_n20004_cLA_V3_V6_electrode_s20.npz,76499,d1cd015774f56f61ff47bc2e7620d055d38727f18b52eb5f386190822beb328c
tcn,mixed,202,bandpass_n20004_cLA_V3_V6_electrode_s15,phase2/results/predictions/full/mixed/tcn/seed_202/bandpass_n20004_cLA_V3_V6_electrode_s15.npz,76507,1a9c3bde3d18895469e2c068fd0dfe5fe976ee0e17ec96a127f49e7263f3c7c0
tcn,mixed,202,bandpass_n20004_cLA_V3_V6_electrode_s10,phase2/results/predictions/full/mixed/tcn/seed_202/bandpass_n20004_cLA_V3_V6_electrode_s10.npz,76477,a018b47c86a158921a8fe34360e637ccc44f0a13715e077a9b8e41d2a38528b9
tcn,mixed,202,bandpass_n20004_cLA_V3_V6_electrode_s5,phase2/results/predictions/full/mixed/tcn/seed_202/bandpass_n20004_cLA_V3_V6_electrode_s5.npz,76358,2b550ec3d7dcc5691f5fd254551c2869143e9b104023aa638fac823998794b06
tcn,mixed,202,bandpass_n20004_cLA_V3_V6_electrode_s0,phase2/results/predictions/full/mixed/tcn/seed_202/bandpass_n20004_cLA_V3_V6_electrode_s0.npz,75979,be92ec4c6d5b852170ebb796b3f0a0e20d59d2911dc4e994cf8fe2608f1ab976
tcn,mixed,202,bandpass_n20004_cLA_V3_V6_covariance_s20,phase2/results/predictions/full/mixed/tcn/seed_202/bandpass_n20004_cLA_V3_V6_covariance_s20.npz,76538,72f7f3d6b2a8b8c1c9ff9cb6ec7ee8a3904bfea19ae816f0d4e3458172dc969b
tcn,mixed,202,bandpass_n20004_cLA_V3_V6_covariance_s15,phase2/results/predictions/full/mixed/tcn/seed_202/bandpass_n20004_cLA_V3_V6_covariance_s15.npz,76486,936fd37773414d30a3019aa7ab78b992e3e22c4726c13574f259e77ecbdff297
tcn,mixed,202,bandpass_n20004_cLA_V3_V6_covariance_s10,phase2/results/predictions/full/mixed/tcn/seed_202/bandpass_n20004_cLA_V3_V6_covariance_s10.npz,76518,0c8fb04e897ae44e72e91fd78a5711126813f1e9f140889bc2d3b0aacea893bd
tcn,mixed,202,bandpass_n20004_cLA_V3_V6_covariance_s5,phase2/results/predictions/full/mixed/tcn/seed_202/bandpass_n20004_cLA_V3_V6_covariance_s5.npz,76349,d3a96762e8eb06eb1dabcc86160deb37d387cd222d13ea75cf5a9cfe949cff75
tcn,mixed,202,bandpass_n20004_cLA_V3_V6_covariance_s0,phase2/results/predictions/full/mixed/tcn/seed_202/bandpass_n20004_cLA_V3_V6_covariance_s0.npz,75999,d8ea124659688497e72225b25f2f598bee610b4f379c04eeb0e02f53c4bac942
tcn,mixed,202,bandpass_n20004_cLL_V1_V4_independent_rms_s20,phase2/results/predictions/full/mixed/tcn/seed_202/bandpass_n20004_cLL_V1_V4_independent_rms_s20.npz,76541,d1214b3b6d95158ebfa742bc4628dfcf3ddfe4324a619466c6453b8e5052fb29
tcn,mixed,202,bandpass_n20004_cLL_V1_V4_independent_rms_s15,phase2/results/predictions/full/mixed/tcn/seed_202/bandpass_n20004_cLL_V1_V4_independent_rms_s15.npz,76527,b048dcb1c3fbe40eff8b9bfc41eb066baeecf0a2452eaf348c4f90739b168bb9
tcn,mixed,202,bandpass_n20004_cLL_V1_V4_independent_rms_s10,phase2/results/predictions/full/mixed/tcn/seed_202/bandpass_n20004_cLL_V1_V4_independent_rms_s10.npz,76489,8d42db09782c81802aa91f3dc87f56b77f2a8c86f45582e87d1cd0cfc02f5bce
tcn,mixed,202,bandpass_n20004_cLL_V1_V4_independent_rms_s5,phase2/results/predictions/full/mixed/tcn/seed_202/bandpass_n20004_cLL_V1_V4_independent_rms_s5.npz,76416,88c3b084a4e7c4f6aa7e27271a1da68c581e1da6db0bf2b90c84182a3214507a
tcn,mixed,202,bandpass_n20004_cLL_V1_V4_independent_rms_s0,phase2/results/predictions/full/mixed/tcn/seed_202/bandpass_n20004_cLL_V1_V4_independent_rms_s0.npz,76119,77a0c15470fab95e999a690115cfe4058f5aadeb3f277a168bdde3fc60a5f0f9
tcn,mixed,202,bandpass_n20004_cLL_V1_V4_electrode_s20,phase2/results/predictions/full/mixed/tcn/seed_202/bandpass_n20004_cLL_V1_V4_electrode_s20.npz,76509,3ec5fdda6e149ed84a268ce562fdc4c3818c226c7d7f9ed89c5ad0e0f9542c61
tcn,mixed,202,bandpass_n20004_cLL_V1_V4_electrode_s15,phase2/results/predictions/full/mixed/tcn/seed_202/bandpass_n20004_cLL_V1_V4_electrode_s15.npz,76492,54a9cf2257520fd5820fe00d04ae6c8c4bea4904d302f782db48b69bfda67bfb
tcn,mixed,202,bandpass_n20004_cLL_V1_V4_electrode_s10,phase2/results/predictions/full/mixed/tcn/seed_202/bandpass_n20004_cLL_V1_V4_electrode_s10.npz,76487,0e86066bded065b90fee562e05ce279eaa610ed491164bc95a557e8f8cf7fa98
tcn,mixed,202,bandpass_n20004_cLL_V1_V4_electrode_s5,phase2/results/predictions/full/mixed/tcn/seed_202/bandpass_n20004_cLL_V1_V4_electrode_s5.npz,76303,39fab61cca356429751079e16c52c9ed202f6b5c4791b33341552a01317cc45a
tcn,mixed,202,bandpass_n20004_cLL_V1_V4_electrode_s0,phase2/results/predictions/full/mixed/tcn/seed_202/bandpass_n20004_cLL_V1_V4_electrode_s0.npz,75977,2256230a9436f94f512814def4933d7d5ec328a19a31fed8074cfe9fcc5d7a01
tcn,mixed,202,bandpass_n20004_cLL_V1_V4_covariance_s20,phase2/results/predictions/full/mixed/tcn/seed_202/bandpass_n20004_cLL_V1_V4_covariance_s20.npz,76514,e9f907087e0fdf8b5f86a3b538e48c9400f28bfd261ac95a466d1ac667237fad
tcn,mixed,202,bandpass_n20004_cLL_V1_V4_covariance_s15,phase2/results/predictions/full/mixed/tcn/seed_202/bandpass_n20004_cLL_V1_V4_covariance_s15.npz,76512,c4836fb498620185835817007834a6142c2f227043604af7b6a879dd95695049
tcn,mixed,202,bandpass_n20004_cLL_V1_V4_covariance_s10,phase2/results/predictions/full/mixed/tcn/seed_202/bandpass_n20004_cLL_V1_V4_covariance_s10.npz,76456,314f7f6351711ee664e0e043fd4db3bbf40b567d70d224f9e4ac91219b393cc3
tcn,mixed,202,bandpass_n20004_cLL_V1_V4_covariance_s5,phase2/results/predictions/full/mixed/tcn/seed_202/bandpass_n20004_cLL_V1_V4_covariance_s5.npz,76313,70fa333b8afdd861ad99c45d2cb81f5af22fd7e7ce22b03b2a0ae79745b4cb05
tcn,mixed,202,bandpass_n20004_cLL_V1_V4_covariance_s0,phase2/results/predictions/full/mixed/tcn/seed_202/bandpass_n20004_cLL_V1_V4_covariance_s0.npz,75944,22cfeb18a07d6e75cd5116fae259b84703e58afaa07edf629025fae46ec5f98f
tcn,mixed,202,bandpass_n20004_call_independent_rms_s20,phase2/results/predictions/full/mixed/tcn/seed_202/bandpass_n20004_call_independent_rms_s20.npz,76499,9a772610edf26ede0dc4b31edd3c6f5cb63023de5164b93cc08f614419a682bb
tcn,mixed,202,bandpass_n20004_call_independent_rms_s15,phase2/results/predictions/full/mixed/tcn/seed_202/bandpass_n20004_call_independent_rms_s15.npz,76489,5a0a3e16871afd16e016fd76634757a8212e2dcfc47527d919e8afa279cfd2a3
tcn,mixed,202,bandpass_n20004_call_independent_rms_s10,phase2/results/predictions/full/mixed/tcn/seed_202/bandpass_n20004_call_independent_rms_s10.npz,76482,818fbd917045d730fe0bf8e6f166397f846c4714dbc863502229db63f4a60471
tcn,mixed,202,bandpass_n20004_call_independent_rms_s5,phase2/results/predictions/full/mixed/tcn/seed_202/bandpass_n20004_call_independent_rms_s5.npz,76432,3285841ebbdcfb8ff6967395ccfb4e602acc7abcfe3012b38d2c073eaee56c14
tcn,mixed,202,bandpass_n20004_call_independent_rms_s0,phase2/results/predictions/full/mixed/tcn/seed_202/bandpass_n20004_call_independent_rms_s0.npz,76160,c4ca5a12faebf043ac54943060cb945fcb40237f059092ad81c503c44014d82c
tcn,mixed,202,bandpass_n20004_call_electrode_s20,phase2/results/predictions/full/mixed/tcn/seed_202/bandpass_n20004_call_electrode_s20.npz,76496,d511f4a0b6e485ded7dd58defdc6de0df0613d71979b7ee683fd0fba37f31bdd
tcn,mixed,202,bandpass_n20004_call_electrode_s15,phase2/results/predictions/full/mixed/tcn/seed_202/bandpass_n20004_call_electrode_s15.npz,76464,ab9dd95ef1802e74e6a6628364edff02769bae093f9baf8ee8ea8fa007c99168
tcn,mixed,202,bandpass_n20004_call_electrode_s10,phase2/results/predictions/full/mixed/tcn/seed_202/bandpass_n20004_call_electrode_s10.npz,76465,4faa27f59fa4866247b7db1ef291be168bdf993b2f823004f292cb4040f2b76b
tcn,mixed,202,bandpass_n20004_call_electrode_s5,phase2/results/predictions/full/mixed/tcn/seed_202/bandpass_n20004_call_electrode_s5.npz,76318,e41b723544cf6c03c316328d30e3938947e6ebc10cd42e789f9c4a3889cd948c
tcn,mixed,202,bandpass_n20004_call_electrode_s0,phase2/results/predictions/full/mixed/tcn/seed_202/bandpass_n20004_call_electrode_s0.npz,75978,16f6cc4edb750508067a58e82fc7b88670718ba19d3e22d627bfb1dabce9f868
tcn,mixed,202,bandpass_n20004_call_covariance_s20,phase2/results/predictions/full/mixed/tcn/seed_202/bandpass_n20004_call_covariance_s20.npz,76496,1cb06763652c525b4fb54eb83695a2415c147c91433a41c3c6b048c88728bd9f
tcn,mixed,202,bandpass_n20004_call_covariance_s15,phase2/results/predictions/full/mixed/tcn/seed_202/bandpass_n20004_call_covariance_s15.npz,76474,423b86d7af2bcf5924f872cec5b03d311d271960357eda152b8da063850f2a53
tcn,mixed,202,bandpass_n20004_call_covariance_s10,phase2/results/predictions/full/mixed/tcn/seed_202/bandpass_n20004_call_covariance_s10.npz,76459,2d926b0957b9737133e17bd4dd1e6e14570f6a8bf37a0c0f8e0cd6c69c1e1059
tcn,mixed,202,bandpass_n20004_call_covariance_s5,phase2/results/predictions/full/mixed/tcn/seed_202/bandpass_n20004_call_covariance_s5.npz,76327,74bcef4c86184d3c0b1c4bd8a71160ec739308f479d11cd8c4fd2d2635059d4e
tcn,mixed,202,bandpass_n20004_call_covariance_s0,phase2/results/predictions/full/mixed/tcn/seed_202/bandpass_n20004_call_covariance_s0.npz,75975,5ae391e91c77def6b8cc7409a3a76d561f8b429794b68bfdc5e967c450c91598
tcn,mixed,202,bandpass_n20005_cRA_LA_LL_independent_rms_s20,phase2/results/predictions/full/mixed/tcn/seed_202/bandpass_n20005_cRA_LA_LL_independent_rms_s20.npz,76503,fc3326450e80f763fdbd08fb8bfe4dcd9b595ac05e7ade14920e6c4712043043
tcn,mixed,202,bandpass_n20005_cRA_LA_LL_independent_rms_s15,phase2/results/predictions/full/mixed/tcn/seed_202/bandpass_n20005_cRA_LA_LL_independent_rms_s15.npz,76503,233ebcb9a87b0f2c07f5fc79034f735c402a76c0893677bdeee2c845cf39642b
tcn,mixed,202,bandpass_n20005_cRA_LA_LL_independent_rms_s10,phase2/results/predictions/full/mixed/tcn/seed_202/bandpass_n20005_cRA_LA_LL_independent_rms_s10.npz,76480,0dfcc222a3a6a1941a3e72217eafa1d1e08cbcf119f8fce30b1363ad28790e56
tcn,mixed,202,bandpass_n20005_cRA_LA_LL_independent_rms_s5,phase2/results/predictions/full/mixed/tcn/seed_202/bandpass_n20005_cRA_LA_LL_independent_rms_s5.npz,76433,b459e990aa6cc456d67d1d5cd43b3bd994d9b2c6485a3ea266a5fb3f1ce0d2de
tcn,mixed,202,bandpass_n20005_cRA_LA_LL_independent_rms_s0,phase2/results/predictions/full/mixed/tcn/seed_202/bandpass_n20005_cRA_LA_LL_independent_rms_s0.npz,76208,4e736b0ae13a3a59cbfefc92546f9ddb67f502783e7b86137ff503334012054a
tcn,mixed,202,bandpass_n20005_cRA_LA_LL_electrode_s20,phase2/results/predictions/full/mixed/tcn/seed_202/bandpass_n20005_cRA_LA_LL_electrode_s20.npz,76510,5805c469ebfcd483a6a6ca7cda8488219a2d908d06e94123087a13ef73971ad1
tcn,mixed,202,bandpass_n20005_cRA_LA_LL_electrode_s15,phase2/results/predictions/full/mixed/tcn/seed_202/bandpass_n20005_cRA_LA_LL_electrode_s15.npz,76502,cadcaf8558af1b8cf937fca6830a38e05929f89c5aba12a7a8a72dae686fcd7b
tcn,mixed,202,bandpass_n20005_cRA_LA_LL_electrode_s10,phase2/results/predictions/full/mixed/tcn/seed_202/bandpass_n20005_cRA_LA_LL_electrode_s10.npz,76468,cceb1ad5d0b3504c756bda55d13ea88a56b0b77285deeb2d20c9b00333285596
tcn,mixed,202,bandpass_n20005_cRA_LA_LL_electrode_s5,phase2/results/predictions/full/mixed/tcn/seed_202/bandpass_n20005_cRA_LA_LL_electrode_s5.npz,76286,3f2115d243713503c75ae0aeed38c3c9ea161a5e39d21a30ab1d99929cc9f430
tcn,mixed,202,bandpass_n20005_cRA_LA_LL_electrode_s0,phase2/results/predictions/full/mixed/tcn/seed_202/bandpass_n20005_cRA_LA_LL_electrode_s0.npz,75935,c56ac845d552c8e95e61dec0c3b9e05013814fba7d6642b7d3f1341318ccac5f
tcn,mixed,202,bandpass_n20005_cRA_LA_LL_covariance_s20,phase2/results/predictions/full/mixed/tcn/seed_202/bandpass_n20005_cRA_LA_LL_covariance_s20.npz,76527,1c15de401cf8bfd9595790c8cedc03b43275c9f5f542ed7418e21d210b2c3091
tcn,mixed,202,bandpass_n20005_cRA_LA_LL_covariance_s15,phase2/results/predictions/full/mixed/tcn/seed_202/bandpass_n20005_cRA_LA_LL_covariance_s15.npz,76493,8f8e41561d02d4667385af13ab35a983d8ebbb9bce1017afdfc625bd6939e063
tcn,mixed,202,bandpass_n20005_cRA_LA_LL_covariance_s10,phase2/results/predictions/full/mixed/tcn/seed_202/bandpass_n20005_cRA_LA_LL_covariance_s10.npz,76471,305a109b68455adffdbeac936f8591ffbfeaf67489f5c6ebe5e00d9589f9f1bf
tcn,mixed,202,bandpass_n20005_cRA_LA_LL_covariance_s5,phase2/results/predictions/full/mixed/tcn/seed_202/bandpass_n20005_cRA_LA_LL_covariance_s5.npz,76294,49c4c3f9fb8907d38c36d80666d207f4f54e2cea839f92f08cc5d0a6f68057b5
tcn,mixed,202,bandpass_n20005_cRA_LA_LL_covariance_s0,phase2/results/predictions/full/mixed/tcn/seed_202/bandpass_n20005_cRA_LA_LL_covariance_s0.npz,75929,f20cdc704c7e77546ce59ad02c38a83b8b642b92d23fd5f5c936ebd110d5b588
tcn,mixed,202,bandpass_n20005_cV1_independent_rms_s20,phase2/results/predictions/full/mixed/tcn/seed_202/bandpass_n20005_cV1_independent_rms_s20.npz,76485,615f22d811ce268c6421b5f4ad9d96a694ce39b01ae3ebba2fed44ecc4240356
tcn,mixed,202,bandpass_n20005_cV1_independent_rms_s15,phase2/results/predictions/full/mixed/tcn/seed_202/bandpass_n20005_cV1_independent_rms_s15.npz,76436,4f2d6dace7857b9e539a3b7f8b99c0923365de1752debfb29d879f81b52537a4
tcn,mixed,202,bandpass_n20005_cV1_independent_rms_s10,phase2/results/predictions/full/mixed/tcn/seed_202/bandpass_n20005_cV1_independent_rms_s10.npz,76492,6e9f25d938f8e4758c0158d5510c4893279b043f2039019a198b174ae72aa9fb
tcn,mixed,202,bandpass_n20005_cV1_independent_rms_s5,phase2/results/predictions/full/mixed/tcn/seed_202/bandpass_n20005_cV1_independent_rms_s5.npz,76369,5490cc64407589c5b31aee03a06eb0f6c1f0b0b7bdf293d223487352e0e8d0f4
tcn,mixed,202,bandpass_n20005_cV1_independent_rms_s0,phase2/results/predictions/full/mixed/tcn/seed_202/bandpass_n20005_cV1_independent_rms_s0.npz,76003,dc55ebad57b1cde6abe04eee0a29a7f9736ac128d6b740846c434c6f27b535cd
tcn,mixed,202,bandpass_n20005_cV1_electrode_s20,phase2/results/predictions/full/mixed/tcn/seed_202/bandpass_n20005_cV1_electrode_s20.npz,76508,1f978039b23b5d4a2223c01ad7d5a2375d86d729e8a595f881f0e543593b5e70
tcn,mixed,202,bandpass_n20005_cV1_electrode_s15,phase2/results/predictions/full/mixed/tcn/seed_202/bandpass_n20005_cV1_electrode_s15.npz,76507,53f781b8a212eb06231cb234b88d2c30edc478bb1438ef1b9abfcfb678f2779f
tcn,mixed,202,bandpass_n20005_cV1_electrode_s10,phase2/results/predictions/full/mixed/tcn/seed_202/bandpass_n20005_cV1_electrode_s10.npz,76472,debf5209ae4607d3336d2fed3a983d22a33056a9f4b8603d6243b2541dd615d5
tcn,mixed,202,bandpass_n20005_cV1_electrode_s5,phase2/results/predictions/full/mixed/tcn/seed_202/bandpass_n20005_cV1_electrode_s5.npz,76321,4ee39da3afae16118c05e42de4272ea8b0879deacf74729f618288efc015f21a
tcn,mixed,202,bandpass_n20005_cV1_electrode_s0,phase2/results/predictions/full/mixed/tcn/seed_202/bandpass_n20005_cV1_electrode_s0.npz,75994,5aa735d59d379336743cbc8aa3163b0027d9e4d8c6b5642daf86450acd5220b7
tcn,mixed,202,bandpass_n20005_cV1_covariance_s20,phase2/results/predictions/full/mixed/tcn/seed_202/bandpass_n20005_cV1_covariance_s20.npz,76458,62e59e01cc911766328c8478f3917ec4d21a4efe0ce5441a05e49002dc0633a9
tcn,mixed,202,bandpass_n20005_cV1_covariance_s15,phase2/results/predictions/full/mixed/tcn/seed_202/bandpass_n20005_cV1_covariance_s15.npz,76487,293858bea4d519f422916c0dac20d16cd7d1cb7e801f8ee28b08cbb27ee6a4cc
tcn,mixed,202,bandpass_n20005_cV1_covariance_s10,phase2/results/predictions/full/mixed/tcn/seed_202/bandpass_n20005_cV1_covariance_s10.npz,76471,9cf3d83365df1a0c3bb93f57bc94fc084f20aa5a31fc97212d70cafcfaf5c4a6
tcn,mixed,202,bandpass_n20005_cV1_covariance_s5,phase2/results/predictions/full/mixed/tcn/seed_202/bandpass_n20005_cV1_covariance_s5.npz,76340,1c4571400975742f2128921bf3abe3cbdd525f717c7da3f5e99d6d690dc0f346
tcn,mixed,202,bandpass_n20005_cV1_covariance_s0,phase2/results/predictions/full/mixed/tcn/seed_202/bandpass_n20005_cV1_covariance_s0.npz,76023,dbfdf26969efe583f984913b6ec403baf7bd004d2e170160b1b13dde2d4f441d
tcn,mixed,202,bandpass_n20005_cV2_independent_rms_s20,phase2/results/predictions/full/mixed/tcn/seed_202/bandpass_n20005_cV2_independent_rms_s20.npz,76508,cef4e2e68e49b03f188e1dba2567dc48871a43bebc1ca12d4359668752ff28e2
tcn,mixed,202,bandpass_n20005_cV2_independent_rms_s15,phase2/results/predictions/full/mixed/tcn/seed_202/bandpass_n20005_cV2_independent_rms_s15.npz,76458,ac3afdfee6befecdea9de17d789c4ae65574b19a054403192bd39a73db7b7755
tcn,mixed,202,bandpass_n20005_cV2_independent_rms_s10,phase2/results/predictions/full/mixed/tcn/seed_202/bandpass_n20005_cV2_independent_rms_s10.npz,76468,371f0f8f58970ce063a37ea8735392df20c6e4fbd78a190afbb7b7e258de33cb
tcn,mixed,202,bandpass_n20005_cV2_independent_rms_s5,phase2/results/predictions/full/mixed/tcn/seed_202/bandpass_n20005_cV2_independent_rms_s5.npz,76390,97956953aac79d76723bcd3096b7570fa57354792f7b5a094b35574766534625
tcn,mixed,202,bandpass_n20005_cV2_independent_rms_s0,phase2/results/predictions/full/mixed/tcn/seed_202/bandpass_n20005_cV2_independent_rms_s0.npz,76220,91cd492954779f06466e7d37c79a70411abf34ee169afa9e0f8a28a7fabe2871
tcn,mixed,202,bandpass_n20005_cV2_electrode_s20,phase2/results/predictions/full/mixed/tcn/seed_202/bandpass_n20005_cV2_electrode_s20.npz,76460,4f025b43b2484142b678b2416fca5ce555abb94fc7d13ba369ed77dd1203b4da
tcn,mixed,202,bandpass_n20005_cV2_electrode_s15,phase2/results/predictions/full/mixed/tcn/seed_202/bandpass_n20005_cV2_electrode_s15.npz,76505,f2f7bc555ed90573ffe09f8cd95f7209ad0e2eece4523169f866c80dc48ecf47
tcn,mixed,202,bandpass_n20005_cV2_electrode_s10,phase2/results/predictions/full/mixed/tcn/seed_202/bandpass_n20005_cV2_electrode_s10.npz,76453,0715cad557f7eee07f6019c156344a6c4ccf25c405928faaa4047a296340af17
tcn,mixed,202,bandpass_n20005_cV2_electrode_s5,phase2/results/predictions/full/mixed/tcn/seed_202/bandpass_n20005_cV2_electrode_s5.npz,76385,42728692d797a119ba3bbcde2d850e31c1c37bfa6ab97dbadd930f9f31f092f6
tcn,mixed,202,bandpass_n20005_cV2_electrode_s0,phase2/results/predictions/full/mixed/tcn/seed_202/bandpass_n20005_cV2_electrode_s0.npz,76223,14f095d5fbc84c80ee5248c796493d5a39d014db6fc4e38206e0a3fa01085e36
tcn,mixed,202,bandpass_n20005_cV2_covariance_s20,phase2/results/predictions/full/mixed/tcn/seed_202/bandpass_n20005_cV2_covariance_s20.npz,76492,d1a854d31f25bca84453ff09ac615410195397d3aaad07e7f886c60130ba1cd5
tcn,mixed,202,bandpass_n20005_cV2_covariance_s15,phase2/results/predictions/full/mixed/tcn/seed_202/bandpass_n20005_cV2_covariance_s15.npz,76445,a55bf8cf19cc42ee4b2e30a6d30453665224863a825a1dd4e6bb2cfcfc8c4e12
tcn,mixed,202,bandpass_n20005_cV2_covariance_s10,phase2/results/predictions/full/mixed/tcn/seed_202/bandpass_n20005_cV2_covariance_s10.npz,76477,29f40b652b9405a3eeef49b54095f8059c1eb5d8bc94150b73d700052f460712
tcn,mixed,202,bandpass_n20005_cV2_covariance_s5,phase2/results/predictions/full/mixed/tcn/seed_202/bandpass_n20005_cV2_covariance_s5.npz,76400,fa230278e1c325667d937778d554b937d26d5408e6baecb080a621776e40ab22
tcn,mixed,202,bandpass_n20005_cV2_covariance_s0,phase2/results/predictions/full/mixed/tcn/seed_202/bandpass_n20005_cV2_covariance_s0.npz,76217,47405bff7610b85eb46337ab4a91b8e3b2d28ef50cd6aaeb183631aa5f5d32c2
tcn,mixed,202,bandpass_n20005_cV3_independent_rms_s20,phase2/results/predictions/full/mixed/tcn/seed_202/bandpass_n20005_cV3_independent_rms_s20.npz,76521,d2052158bbafbdbfbee68ad4387da06dc2ac616516fb7b0e96ca66469e009474
tcn,mixed,202,bandpass_n20005_cV3_independent_rms_s15,phase2/results/predictions/full/mixed/tcn/seed_202/bandpass_n20005_cV3_independent_rms_s15.npz,76508,90f9390d1f7c09d9f1c19abd09e7ac326a77ddf262f7235bf7bccd1e30b82c89
tcn,mixed,202,bandpass_n20005_cV3_independent_rms_s10,phase2/results/predictions/full/mixed/tcn/seed_202/bandpass_n20005_cV3_independent_rms_s10.npz,76454,8685b25205773fc02a5692cd79e5e825208ffcc8719dcc46738ae358da6e4c66
tcn,mixed,202,bandpass_n20005_cV3_independent_rms_s5,phase2/results/predictions/full/mixed/tcn/seed_202/bandpass_n20005_cV3_independent_rms_s5.npz,76509,0a061b7d551dca1759a606cd6a5b971c6159f0fb9c28a4b8c72814be6c754241
tcn,mixed,202,bandpass_n20005_cV3_independent_rms_s0,phase2/results/predictions/full/mixed/tcn/seed_202/bandpass_n20005_cV3_independent_rms_s0.npz,76328,6f2da84fdddd201c2378379e91d08dd268cd7f227a4756f68e34c74ad969c731
tcn,mixed,202,bandpass_n20005_cV3_electrode_s20,phase2/results/predictions/full/mixed/tcn/seed_202/bandpass_n20005_cV3_electrode_s20.npz,76491,76e6ebce92bbba0ec547b51fc87aec901c6ed5bdf58463cef36d8d776f492a44
tcn,mixed,202,bandpass_n20005_cV3_electrode_s15,phase2/results/predictions/full/mixed/tcn/seed_202/bandpass_n20005_cV3_electrode_s15.npz,76506,4d8a36d235cbb58b46e04fb7f7a232eb7b4dac5288c8280331de522e155c34d8
tcn,mixed,202,bandpass_n20005_cV3_electrode_s10,phase2/results/predictions/full/mixed/tcn/seed_202/bandpass_n20005_cV3_electrode_s10.npz,76504,7db3581fd7558567569047b71015662cad9b12e0cfced037ccc9765668003f9b
tcn,mixed,202,bandpass_n20005_cV3_electrode_s5,phase2/results/predictions/full/mixed/tcn/seed_202/bandpass_n20005_cV3_electrode_s5.npz,76461,292883a8dc44de9b04d19bcd248bf92582beeb9b30f48f252b6c231b7495f979
tcn,mixed,202,bandpass_n20005_cV3_electrode_s0,phase2/results/predictions/full/mixed/tcn/seed_202/bandpass_n20005_cV3_electrode_s0.npz,76331,0c1e55c713951724a2f517e2c7b1a40f96d57880fc9c645a606ecd47daa23705
tcn,mixed,202,bandpass_n20005_cV3_covariance_s20,phase2/results/predictions/full/mixed/tcn/seed_202/bandpass_n20005_cV3_covariance_s20.npz,76489,bcdd1dbc46139c54afee4e1685b856623b438842d541dd8f241d3e0d26912398
tcn,mixed,202,bandpass_n20005_cV3_covariance_s15,phase2/results/predictions/full/mixed/tcn/seed_202/bandpass_n20005_cV3_covariance_s15.npz,76493,782870fe9a8a7688bb4780ab8c22fb12fe16bf3bfc75f6fc06c7a4dbc1f0e442
tcn,mixed,202,bandpass_n20005_cV3_covariance_s10,phase2/results/predictions/full/mixed/tcn/seed_202/bandpass_n20005_cV3_covariance_s10.npz,76476,ca7f7ce94d509b72b5e05ccc98f76fc4f7456e8b6f1c970de16111f956ac47c4
tcn,mixed,202,bandpass_n20005_cV3_covariance_s5,phase2/results/predictions/full/mixed/tcn/seed_202/bandpass_n20005_cV3_covariance_s5.npz,76479,e12f56125604341e99a09f91945c972508f5a24189395581833de819b395129c
tcn,mixed,202,bandpass_n20005_cV3_covariance_s0,phase2/results/predictions/full/mixed/tcn/seed_202/bandpass_n20005_cV3_covariance_s0.npz,76310,bb29b382aafb02b48e9b70cf82a0fc17eef5e4687f442bf1767447c4bd34fdf7
tcn,mixed,202,bandpass_n20005_cV4_independent_rms_s20,phase2/results/predictions/full/mixed/tcn/seed_202/bandpass_n20005_cV4_independent_rms_s20.npz,76497,a186a0147a230a846783fafb9166ee127a6293cebe7a0349bcaab5a9937f5e9f
tcn,mixed,202,bandpass_n20005_cV4_independent_rms_s15,phase2/results/predictions/full/mixed/tcn/seed_202/bandpass_n20005_cV4_independent_rms_s15.npz,76499,321959f2512c18d47921f3010abdf8e3471e47e65a7f0abae0954e36a03ff4d3
tcn,mixed,202,bandpass_n20005_cV4_independent_rms_s10,phase2/results/predictions/full/mixed/tcn/seed_202/bandpass_n20005_cV4_independent_rms_s10.npz,76471,9c5f0bf13ccd5e599343508ee6addaea7aaf09e422afabbecfb8510b962a1f91
tcn,mixed,202,bandpass_n20005_cV4_independent_rms_s5,phase2/results/predictions/full/mixed/tcn/seed_202/bandpass_n20005_cV4_independent_rms_s5.npz,76469,e2819ade4aa52809602f3393efb89fb531525e5cde1a6cfccf4ac31fdad48ffc
tcn,mixed,202,bandpass_n20005_cV4_independent_rms_s0,phase2/results/predictions/full/mixed/tcn/seed_202/bandpass_n20005_cV4_independent_rms_s0.npz,76278,6692ac6fe4c3794c8f1a0aeb79d10a8670f2cc0e2a884121281b313292dd6ba0
tcn,mixed,202,bandpass_n20005_cV4_electrode_s20,phase2/results/predictions/full/mixed/tcn/seed_202/bandpass_n20005_cV4_electrode_s20.npz,76515,b1b9f9f3de733a5c4762074515998ec20e81ceba24f19d95abead14ac7979f6c
tcn,mixed,202,bandpass_n20005_cV4_electrode_s15,phase2/results/predictions/full/mixed/tcn/seed_202/bandpass_n20005_cV4_electrode_s15.npz,76470,52df35107e7f7c37a52782a9a81321c0c05b42447d9b07a99bf378684c8d4ef3
tcn,mixed,202,bandpass_n20005_cV4_electrode_s10,phase2/results/predictions/full/mixed/tcn/seed_202/bandpass_n20005_cV4_electrode_s10.npz,76480,9ee51ddb41fe43e528f60cd2e7929611c287962c24076a4d347db6e5241194a0
tcn,mixed,202,bandpass_n20005_cV4_electrode_s5,phase2/results/predictions/full/mixed/tcn/seed_202/bandpass_n20005_cV4_electrode_s5.npz,76443,6ddda3fc27c0d61a82124c66d8cdf5ec1cb1a4d91984ff0b8b9c8bfd465b84a0
tcn,mixed,202,bandpass_n20005_cV4_electrode_s0,phase2/results/predictions/full/mixed/tcn/seed_202/bandpass_n20005_cV4_electrode_s0.npz,76211,ea02ff1d9b068c5b89e99554e74a6d84ea517c3b41f0cc89dce1189689cd701d
tcn,mixed,202,bandpass_n20005_cV4_covariance_s20,phase2/results/predictions/full/mixed/tcn/seed_202/bandpass_n20005_cV4_covariance_s20.npz,76480,8924056a7fbe6d2d142323f578fdfa30aa4ea18a9f5f617f295ddecb4df3e3a1
tcn,mixed,202,bandpass_n20005_cV4_covariance_s15,phase2/results/predictions/full/mixed/tcn/seed_202/bandpass_n20005_cV4_covariance_s15.npz,76491,46e3068b5b4278a9abcfab5609f50af5d777f96abab69e3fc30d8875057f5346
tcn,mixed,202,bandpass_n20005_cV4_covariance_s10,phase2/results/predictions/full/mixed/tcn/seed_202/bandpass_n20005_cV4_covariance_s10.npz,76477,e5831b834b1285c2c6efecb000d4f188b2428d5ca5efaf12b26f1eb27c6b314d
tcn,mixed,202,bandpass_n20005_cV4_covariance_s5,phase2/results/predictions/full/mixed/tcn/seed_202/bandpass_n20005_cV4_covariance_s5.npz,76466,59dbfd84e4b1a3fa4c9a39be342c54f68e6849fbc2a7faea182fd6c2588eb0d3
tcn,mixed,202,bandpass_n20005_cV4_covariance_s0,phase2/results/predictions/full/mixed/tcn/seed_202/bandpass_n20005_cV4_covariance_s0.npz,76239,e59f7f5f315b6ffc00b4fd3b422982c2a2f21bafc47fada20e31944331e52cd2
tcn,mixed,202,bandpass_n20005_cV5_independent_rms_s20,phase2/results/predictions/full/mixed/tcn/seed_202/bandpass_n20005_cV5_independent_rms_s20.npz,76488,51248cb64bd45876824974cda3b3740eded8b148febbd5161dfc0965db7add14
tcn,mixed,202,bandpass_n20005_cV5_independent_rms_s15,phase2/results/predictions/full/mixed/tcn/seed_202/bandpass_n20005_cV5_independent_rms_s15.npz,76481,4dff922cf771ab353f82719da88da30ecb72e2fd7c596a861a12b1eb6f82e9e7
tcn,mixed,202,bandpass_n20005_cV5_independent_rms_s10,phase2/results/predictions/full/mixed/tcn/seed_202/bandpass_n20005_cV5_independent_rms_s10.npz,76458,6f6c850324cbadfc345d0f8ec5eed8a25c5718aee6dd66ce22205d05b1963e16
tcn,mixed,202,bandpass_n20005_cV5_independent_rms_s5,phase2/results/predictions/full/mixed/tcn/seed_202/bandpass_n20005_cV5_independent_rms_s5.npz,76409,f668912a48bc4f1ae53f7e18d79965268ce6102728ecc8290cee54ba7633b9d2
tcn,mixed,202,bandpass_n20005_cV5_independent_rms_s0,phase2/results/predictions/full/mixed/tcn/seed_202/bandpass_n20005_cV5_independent_rms_s0.npz,76214,0b064cc08aaac07e6d4d5878edc5841c98c82164ef452c479f3675180e97262c
tcn,mixed,202,bandpass_n20005_cV5_electrode_s20,phase2/results/predictions/full/mixed/tcn/seed_202/bandpass_n20005_cV5_electrode_s20.npz,76494,f4ab48a79333e36e62cd39643489ceb0c8a2da763c3e75b6614afd26ba3537a7
tcn,mixed,202,bandpass_n20005_cV5_electrode_s15,phase2/results/predictions/full/mixed/tcn/seed_202/bandpass_n20005_cV5_electrode_s15.npz,76462,9475f1a3fe28034210fa467c622499a0a228fe0a421982716d496fee8eeaa779
tcn,mixed,202,bandpass_n20005_cV5_electrode_s10,phase2/results/predictions/full/mixed/tcn/seed_202/bandpass_n20005_cV5_electrode_s10.npz,76488,d8c2960a972c901cc6451b31a4e126fb91a2b62f8239984de34146572d7708ea
tcn,mixed,202,bandpass_n20005_cV5_electrode_s5,phase2/results/predictions/full/mixed/tcn/seed_202/bandpass_n20005_cV5_electrode_s5.npz,76412,7574a62ee36cd1bd320bb469ed42865e4dd13de492db9a26b49c0ce9dd0a4a67
tcn,mixed,202,bandpass_n20005_cV5_electrode_s0,phase2/results/predictions/full/mixed/tcn/seed_202/bandpass_n20005_cV5_electrode_s0.npz,76179,69f6faf1307259b5276584fbc727ff8fb06c4c6d519226a1ae9bf93c0277732a
tcn,mixed,202,bandpass_n20005_cV5_covariance_s20,phase2/results/predictions/full/mixed/tcn/seed_202/bandpass_n20005_cV5_covariance_s20.npz,76468,6eea2275f9e8f4565cc7c90812ba5cd7410a870f4f940dca65149557a6021ad2
tcn,mixed,202,bandpass_n20005_cV5_covariance_s15,phase2/results/predictions/full/mixed/tcn/seed_202/bandpass_n20005_cV5_covariance_s15.npz,76451,dff02a8cc0fcefd0d7e14d57a4539ef0ade1d75c73ff6df96e96c7615a146c10
tcn,mixed,202,bandpass_n20005_cV5_covariance_s10,phase2/results/predictions/full/mixed/tcn/seed_202/bandpass_n20005_cV5_covariance_s10.npz,76495,b8ddad5bc0b6d560add58b618e9e4fdec4bf7dfebd1a10c2cd182b126bf056a0
tcn,mixed,202,bandpass_n20005_cV5_covariance_s5,phase2/results/predictions/full/mixed/tcn/seed_202/bandpass_n20005_cV5_covariance_s5.npz,76397,81dcfb766acca19a6867440ff15f96b79d27adeb529cdb990aeab89d29cccc0b
tcn,mixed,202,bandpass_n20005_cV5_covariance_s0,phase2/results/predictions/full/mixed/tcn/seed_202/bandpass_n20005_cV5_covariance_s0.npz,76170,ddfd700d904a01b31ca361239a4fb2bf9d5ef09f1cb651934f447ffb41fb1a8b
tcn,mixed,202,bandpass_n20005_cV6_independent_rms_s20,phase2/results/predictions/full/mixed/tcn/seed_202/bandpass_n20005_cV6_independent_rms_s20.npz,76527,08ac0a4c6370adb6f2fa2879d8a59aec110fa281b70524685aff5848f11b5f60
tcn,mixed,202,bandpass_n20005_cV6_independent_rms_s15,phase2/results/predictions/full/mixed/tcn/seed_202/bandpass_n20005_cV6_independent_rms_s15.npz,76483,e6b8ab757eaae3ff069a6f853e58359ce92b48c51278376c43722a6ce4459557
tcn,mixed,202,bandpass_n20005_cV6_independent_rms_s10,phase2/results/predictions/full/mixed/tcn/seed_202/bandpass_n20005_cV6_independent_rms_s10.npz,76498,7b42994889373a3e813adbd5556ac079a901b9103048e320a7194399d5ecb661
tcn,mixed,202,bandpass_n20005_cV6_independent_rms_s5,phase2/results/predictions/full/mixed/tcn/seed_202/bandpass_n20005_cV6_independent_rms_s5.npz,76455,d1f2c9daffafcf7326f14e41659815aa15a922f7bb1649ebedc365188809c3ec
tcn,mixed,202,bandpass_n20005_cV6_independent_rms_s0,phase2/results/predictions/full/mixed/tcn/seed_202/bandpass_n20005_cV6_independent_rms_s0.npz,76240,5fae672f9bedc7bc745634035302ce21856eb226de043afa284817583863ac9b
tcn,mixed,202,bandpass_n20005_cV6_electrode_s20,phase2/results/predictions/full/mixed/tcn/seed_202/bandpass_n20005_cV6_electrode_s20.npz,76473,2418421532035b643890bae37f5f4fc8d5e34ce517c199d9648dd1ef0187c236
tcn,mixed,202,bandpass_n20005_cV6_electrode_s15,phase2/results/predictions/full/mixed/tcn/seed_202/bandpass_n20005_cV6_electrode_s15.npz,76483,a5c3deb3a5ca591125432e38689693e7232bde42a8f70ef4f4a3f6e215882fd1
tcn,mixed,202,bandpass_n20005_cV6_electrode_s10,phase2/results/predictions/full/mixed/tcn/seed_202/bandpass_n20005_cV6_electrode_s10.npz,76481,eeec8f40b9aa6c23f97451efa1e2d3d76381b16d41271d8aeeeb2dec6a2b8525
tcn,mixed,202,bandpass_n20005_cV6_electrode_s5,phase2/results/predictions/full/mixed/tcn/seed_202/bandpass_n20005_cV6_electrode_s5.npz,76463,a79b4269ae027ee0e956b43a1cc176d040ad023619b2ccbd5e58e97339c306e2
tcn,mixed,202,bandpass_n20005_cV6_electrode_s0,phase2/results/predictions/full/mixed/tcn/seed_202/bandpass_n20005_cV6_electrode_s0.npz,76269,b593ada91dd95e75f34adef46078b05436b5fade6bb248f22aee69496af0e704
tcn,mixed,202,bandpass_n20005_cV6_covariance_s20,phase2/results/predictions/full/mixed/tcn/seed_202/bandpass_n20005_cV6_covariance_s20.npz,76483,d061b6373074d4088461d6e037daa26f668587b777b33e19c6c0c3058e888c3b
tcn,mixed,202,bandpass_n20005_cV6_covariance_s15,phase2/results/predictions/full/mixed/tcn/seed_202/bandpass_n20005_cV6_covariance_s15.npz,76498,2158db789570cc3fa29ff01519a481abd328c2e7a0d425e876cbb414fd28583b
tcn,mixed,202,bandpass_n20005_cV6_covariance_s10,phase2/results/predictions/full/mixed/tcn/seed_202/bandpass_n20005_cV6_covariance_s10.npz,76479,9a8d411e8f398fbf7a6c2bdca23f96bcf7f028674af03ea685e5a7e6c90b7cf6
tcn,mixed,202,bandpass_n20005_cV6_covariance_s5,phase2/results/predictions/full/mixed/tcn/seed_202/bandpass_n20005_cV6_covariance_s5.npz,76448,91b41e6ccde4c6f23a21ec2c2064433bda304fefe12ced3a5653688a7ecbff94
tcn,mixed,202,bandpass_n20005_cV6_covariance_s0,phase2/results/predictions/full/mixed/tcn/seed_202/bandpass_n20005_cV6_covariance_s0.npz,76294,b89997b6c2e8ee2483cde2417a1eca217106a7a196114e2b466cbc6c0edf7308
tcn,mixed,202,bandpass_n20005_cRA_LA_independent_rms_s20,phase2/results/predictions/full/mixed/tcn/seed_202/bandpass_n20005_cRA_LA_independent_rms_s20.npz,76497,60e47bf3a0b8b1209c6f323008a66dbe35137b9a86d1d890d70a9092f1778594
tcn,mixed,202,bandpass_n20005_cRA_LA_independent_rms_s15,phase2/results/predictions/full/mixed/tcn/seed_202/bandpass_n20005_cRA_LA_independent_rms_s15.npz,76526,769747aab8561bd5f5dda5cb0c9e903a2a6570f8f98f180f90bc2590ca91260b
tcn,mixed,202,bandpass_n20005_cRA_LA_independent_rms_s10,phase2/results/predictions/full/mixed/tcn/seed_202/bandpass_n20005_cRA_LA_independent_rms_s10.npz,76537,e59ea3540610765f4fc6130e861c4b96c99a5cd6468df8e402744cb7ad0f325a
tcn,mixed,202,bandpass_n20005_cRA_LA_independent_rms_s5,phase2/results/predictions/full/mixed/tcn/seed_202/bandpass_n20005_cRA_LA_independent_rms_s5.npz,76434,734443b366396386d560a223f2dfb59181f005564215a8a695cb909db932db12
tcn,mixed,202,bandpass_n20005_cRA_LA_independent_rms_s0,phase2/results/predictions/full/mixed/tcn/seed_202/bandpass_n20005_cRA_LA_independent_rms_s0.npz,76214,fe621d3692429a96934c7c10f0f7bf2d5e4a0341c0e8a99d9f40939b95e86272
tcn,mixed,202,bandpass_n20005_cRA_LA_electrode_s20,phase2/results/predictions/full/mixed/tcn/seed_202/bandpass_n20005_cRA_LA_electrode_s20.npz,76459,76ff68abb03e1c082f304e4c202ff5a8c98aa206acead405901bc459e1c4a448
tcn,mixed,202,bandpass_n20005_cRA_LA_electrode_s15,phase2/results/predictions/full/mixed/tcn/seed_202/bandpass_n20005_cRA_LA_electrode_s15.npz,76471,7aa1dc8cac8e7aee2f07208eb70c409a1b7d1387215e7d1f7860652173cb39c2
tcn,mixed,202,bandpass_n20005_cRA_LA_electrode_s10,phase2/results/predictions/full/mixed/tcn/seed_202/bandpass_n20005_cRA_LA_electrode_s10.npz,76470,b271e9b60bca3b2d38848dfc95a6e805d5c8b84204e8852789a40883e6caa397
tcn,mixed,202,bandpass_n20005_cRA_LA_electrode_s5,phase2/results/predictions/full/mixed/tcn/seed_202/bandpass_n20005_cRA_LA_electrode_s5.npz,76292,a592fa4dc1c37171841c710648b4810762d2734f3c22d1f7a4a7534f0d4d5923
tcn,mixed,202,bandpass_n20005_cRA_LA_electrode_s0,phase2/results/predictions/full/mixed/tcn/seed_202/bandpass_n20005_cRA_LA_electrode_s0.npz,75977,f5121db7ee728cf11415dbffb7224471f870f50d6de675ec1c20d4e02be04583
tcn,mixed,202,bandpass_n20005_cRA_LA_covariance_s20,phase2/results/predictions/full/mixed/tcn/seed_202/bandpass_n20005_cRA_LA_covariance_s20.npz,76514,db1ca93e827eec1044c00c803ef0ef3b977d78ce562def2d7c6e36058a0dcd94
tcn,mixed,202,bandpass_n20005_cRA_LA_covariance_s15,phase2/results/predictions/full/mixed/tcn/seed_202/bandpass_n20005_cRA_LA_covariance_s15.npz,76514,88a472ee30fd5b3e9e9a6b22561ac25fd25c7a80cb8fceabef37d225044438b0
tcn,mixed,202,bandpass_n20005_cRA_LA_covariance_s10,phase2/results/predictions/full/mixed/tcn/seed_202/bandpass_n20005_cRA_LA_covariance_s10.npz,76479,19cccda279dba67e7f53081f9ea789f094562f32e81e0746ff10899084700517
tcn,mixed,202,bandpass_n20005_cRA_LA_covariance_s5,phase2/results/predictions/full/mixed/tcn/seed_202/bandpass_n20005_cRA_LA_covariance_s5.npz,76310,4b496116ffbb05c27ea75937281d11f0c475c86de0d768a2afb5b6dd38ea04bd
tcn,mixed,202,bandpass_n20005_cRA_LA_covariance_s0,phase2/results/predictions/full/mixed/tcn/seed_202/bandpass_n20005_cRA_LA_covariance_s0.npz,75919,d76bbd9682814ffb0130d401a9eefe82ff91df1e9de9e01b893214196ecedf4c
tcn,mixed,202,bandpass_n20005_cLA_LL_independent_rms_s20,phase2/results/predictions/full/mixed/tcn/seed_202/bandpass_n20005_cLA_LL_independent_rms_s20.npz,76504,0fbdcfa2c24722517282b8718a2daa970b00f03d6d6bc9c912c1f400a95511c9
tcn,mixed,202,bandpass_n20005_cLA_LL_independent_rms_s15,phase2/results/predictions/full/mixed/tcn/seed_202/bandpass_n20005_cLA_LL_independent_rms_s15.npz,76548,eafa223c00d7dd9f1498dac586b83ee52f33016106d81702e9c4819e3ccdf598
tcn,mixed,202,bandpass_n20005_cLA_LL_independent_rms_s10,phase2/results/predictions/full/mixed/tcn/seed_202/bandpass_n20005_cLA_LL_independent_rms_s10.npz,76532,ec922eaa5f13107ba6f7ad3ed3001510fa30db7e4e94f2e2ca9958fb4bc14f0a
tcn,mixed,202,bandpass_n20005_cLA_LL_independent_rms_s5,phase2/results/predictions/full/mixed/tcn/seed_202/bandpass_n20005_cLA_LL_independent_rms_s5.npz,76392,413a8a50baeefe7d60e4f51860dd41346ad2068f25c0ca621a34a16d98272ac6
tcn,mixed,202,bandpass_n20005_cLA_LL_independent_rms_s0,phase2/results/predictions/full/mixed/tcn/seed_202/bandpass_n20005_cLA_LL_independent_rms_s0.npz,76171,7077943006c9665b2c4fd28389452c9110097c7ba521befa3e2305aa0e0d4ad4
tcn,mixed,202,bandpass_n20005_cLA_LL_electrode_s20,phase2/results/predictions/full/mixed/tcn/seed_202/bandpass_n20005_cLA_LL_electrode_s20.npz,76476,31901038c4c26a96dca57e7405d01c569ff069e0648451fc310334bf4ea980a6
tcn,mixed,202,bandpass_n20005_cLA_LL_electrode_s15,phase2/results/predictions/full/mixed/tcn/seed_202/bandpass_n20005_cLA_LL_electrode_s15.npz,76476,d03c135c053ea31b84134a5e159aea057bbdf4116621be3397af23c3d759336f
tcn,mixed,202,bandpass_n20005_cLA_LL_electrode_s10,phase2/results/predictions/full/mixed/tcn/seed_202/bandpass_n20005_cLA_LL_electrode_s10.npz,76467,5b1e01d9c9ed5addb9c7751edecb56b384dac80556e1d75242f249973b77b5b6
tcn,mixed,202,bandpass_n20005_cLA_LL_electrode_s5,phase2/results/predictions/full/mixed/tcn/seed_202/bandpass_n20005_cLA_LL_electrode_s5.npz,76283,21997a53194c587a51d7511a61bbb86db01abe434972cda7271e6b44ff6adaaa
tcn,mixed,202,bandpass_n20005_cLA_LL_electrode_s0,phase2/results/predictions/full/mixed/tcn/seed_202/bandpass_n20005_cLA_LL_electrode_s0.npz,75911,0e2cf6eb3af397735b1cf0df7f7c16b0d3105ae778c2499694828c31c44820c2
tcn,mixed,202,bandpass_n20005_cLA_LL_covariance_s20,phase2/results/predictions/full/mixed/tcn/seed_202/bandpass_n20005_cLA_LL_covariance_s20.npz,76501,5c2be1660acd9a0bbe36cdc2d4b9c30dec0cbb1af7a4e6ed18c1a775a3556857
tcn,mixed,202,bandpass_n20005_cLA_LL_covariance_s15,phase2/results/predictions/full/mixed/tcn/seed_202/bandpass_n20005_cLA_LL_covariance_s15.npz,76493,b5a7b0a999d5ed67b0ee1095898ac2540a31a6e3317a0314b2ba98e7e01ede33
tcn,mixed,202,bandpass_n20005_cLA_LL_covariance_s10,phase2/results/predictions/full/mixed/tcn/seed_202/bandpass_n20005_cLA_LL_covariance_s10.npz,76492,38889b920e597078a439efb8fd55534c46bb1f0df144cb1547b7ff0baeca509e
tcn,mixed,202,bandpass_n20005_cLA_LL_covariance_s5,phase2/results/predictions/full/mixed/tcn/seed_202/bandpass_n20005_cLA_LL_covariance_s5.npz,76290,e5393e9801178e6438d64764b4749f20ed4a5e3c019f3c689652b390672083b5
tcn,mixed,202,bandpass_n20005_cLA_LL_covariance_s0,phase2/results/predictions/full/mixed/tcn/seed_202/bandpass_n20005_cLA_LL_covariance_s0.npz,75900,814ab1cee9b176149ef1702948352f946f7b06a0f358d5d2d8b03d3ddbabb6de
tcn,mixed,202,bandpass_n20005_cRA_LL_independent_rms_s20,phase2/results/predictions/full/mixed/tcn/seed_202/bandpass_n20005_cRA_LL_independent_rms_s20.npz,76513,9ee76a296443ef4a8c26fb23afc8935dca05278f4e908b81a12d22ab929972b3
tcn,mixed,202,bandpass_n20005_cRA_LL_independent_rms_s15,phase2/results/predictions/full/mixed/tcn/seed_202/bandpass_n20005_cRA_LL_independent_rms_s15.npz,76515,94825cd0fe612fb1f1a0fd069508e40fc8a410b61f12ef3d1b5174aeb8ac36ef
tcn,mixed,202,bandpass_n20005_cRA_LL_independent_rms_s10,phase2/results/predictions/full/mixed/tcn/seed_202/bandpass_n20005_cRA_LL_independent_rms_s10.npz,76493,680996c4ff61249c8c5ec37fa47aa157fe2309a8d5ba41be6f9ec4aaaae2e575
tcn,mixed,202,bandpass_n20005_cRA_LL_independent_rms_s5,phase2/results/predictions/full/mixed/tcn/seed_202/bandpass_n20005_cRA_LL_independent_rms_s5.npz,76391,72d65f5ca716c5743e7f286b045788f485aef30c63cfe2c490854414823f5b57
tcn,mixed,202,bandpass_n20005_cRA_LL_independent_rms_s0,phase2/results/predictions/full/mixed/tcn/seed_202/bandpass_n20005_cRA_LL_independent_rms_s0.npz,76168,ba0a6f84880020aa813a225a0f9e011de4bb01e921dd95f7798226c7986b7fcd
tcn,mixed,202,bandpass_n20005_cRA_LL_electrode_s20,phase2/results/predictions/full/mixed/tcn/seed_202/bandpass_n20005_cRA_LL_electrode_s20.npz,76475,6e59585952f6d692bec0b586243890eb95aad9c175a390c5f163bf939f01bd96
tcn,mixed,202,bandpass_n20005_cRA_LL_electrode_s15,phase2/results/predictions/full/mixed/tcn/seed_202/bandpass_n20005_cRA_LL_electrode_s15.npz,76472,aba5dda9c735f823dcd587446f6b2741e8e404c6e786b99e40c1da83eefc30b9
tcn,mixed,202,bandpass_n20005_cRA_LL_electrode_s10,phase2/results/predictions/full/mixed/tcn/seed_202/bandpass_n20005_cRA_LL_electrode_s10.npz,76483,c128078a1285d072cffa170c3418ff93f09fbedb8974e826f86115d6261630cd
tcn,mixed,202,bandpass_n20005_cRA_LL_electrode_s5,phase2/results/predictions/full/mixed/tcn/seed_202/bandpass_n20005_cRA_LL_electrode_s5.npz,76283,a8f170cf4c04af084b8819a1bd5b9e11f162472c1128f7e2c0bc2d7c52c50208
tcn,mixed,202,bandpass_n20005_cRA_LL_electrode_s0,phase2/results/predictions/full/mixed/tcn/seed_202/bandpass_n20005_cRA_LL_electrode_s0.npz,75940,85afb87c3884bc261788fe3a087361895f1871f94dc017370852d7eca1845447
tcn,mixed,202,bandpass_n20005_cRA_LL_covariance_s20,phase2/results/predictions/full/mixed/tcn/seed_202/bandpass_n20005_cRA_LL_covariance_s20.npz,76474,615d8c61e7a71739a720a749a7aa58f8e7cc21e4fce4e768d1e33962a2236f10
tcn,mixed,202,bandpass_n20005_cRA_LL_covariance_s15,phase2/results/predictions/full/mixed/tcn/seed_202/bandpass_n20005_cRA_LL_covariance_s15.npz,76483,ad4a2ccce893b124579e191d0600a7810f2d37d6346dc3f62478a6be78564420
tcn,mixed,202,bandpass_n20005_cRA_LL_covariance_s10,phase2/results/predictions/full/mixed/tcn/seed_202/bandpass_n20005_cRA_LL_covariance_s10.npz,76466,cf1abbd1c0e5769b4a27e6db411c60d4d049f82bb55b084c25b430986f0920d1
tcn,mixed,202,bandpass_n20005_cRA_LL_covariance_s5,phase2/results/predictions/full/mixed/tcn/seed_202/bandpass_n20005_cRA_LL_covariance_s5.npz,76283,3e70d179376b9ee7046db10a610963a3bc5feb986535ce24b20a11975346d1fd
tcn,mixed,202,bandpass_n20005_cRA_LL_covariance_s0,phase2/results/predictions/full/mixed/tcn/seed_202/bandpass_n20005_cRA_LL_covariance_s0.npz,75943,c2c947740e34c8701e60a3ab8410bd6d38b60ce5d1385cbf44662da696d3400e
tcn,mixed,202,bandpass_n20005_cRA_independent_rms_s20,phase2/results/predictions/full/mixed/tcn/seed_202/bandpass_n20005_cRA_independent_rms_s20.npz,76512,c71607cd512fd8763380a9e2a27d64c166b730ede7c1f002eeb4061c3a1537fd
tcn,mixed,202,bandpass_n20005_cRA_independent_rms_s15,phase2/results/predictions/full/mixed/tcn/seed_202/bandpass_n20005_cRA_independent_rms_s15.npz,76488,bf7237603305bf210131003c34da658c629b7772106da1888ea749c856a55a8c
tcn,mixed,202,bandpass_n20005_cRA_independent_rms_s10,phase2/results/predictions/full/mixed/tcn/seed_202/bandpass_n20005_cRA_independent_rms_s10.npz,76516,d83ac67ef880179de2ee9474b57758ea665b5f485b5e114aa62320add76d2632
tcn,mixed,202,bandpass_n20005_cRA_independent_rms_s5,phase2/results/predictions/full/mixed/tcn/seed_202/bandpass_n20005_cRA_independent_rms_s5.npz,76422,bf9bcf0b5d5787af36dbbfc47603bb2970c5b917252d872ce19271efaa9bf852
tcn,mixed,202,bandpass_n20005_cRA_independent_rms_s0,phase2/results/predictions/full/mixed/tcn/seed_202/bandpass_n20005_cRA_independent_rms_s0.npz,76204,f5b10bb41adada019dcae7ea16004fb2753a3af1762519ba9d43efa3984afd67
tcn,mixed,202,bandpass_n20005_cRA_electrode_s20,phase2/results/predictions/full/mixed/tcn/seed_202/bandpass_n20005_cRA_electrode_s20.npz,76478,d41afd22ba14ebe5f6c5181a4f6330e28b2733dc08202852f42148cfb9e805d9
tcn,mixed,202,bandpass_n20005_cRA_electrode_s15,phase2/results/predictions/full/mixed/tcn/seed_202/bandpass_n20005_cRA_electrode_s15.npz,76457,921fe1e404f393493e81e7660a5efa18bb2edb150030b5a15048325e84714170
tcn,mixed,202,bandpass_n20005_cRA_electrode_s10,phase2/results/predictions/full/mixed/tcn/seed_202/bandpass_n20005_cRA_electrode_s10.npz,76482,7f55756f2ae74c22ee1b6140a3b7f550fd82b3f0a9363ae45c8b8d659341ab01
tcn,mixed,202,bandpass_n20005_cRA_electrode_s5,phase2/results/predictions/full/mixed/tcn/seed_202/bandpass_n20005_cRA_electrode_s5.npz,76301,dc8ee44d02cffa646610fdaf97a48e40ece0febd6bfc9f0460dc56458685af44
tcn,mixed,202,bandpass_n20005_cRA_electrode_s0,phase2/results/predictions/full/mixed/tcn/seed_202/bandpass_n20005_cRA_electrode_s0.npz,76072,7b2992cbee11080f9271adc776f40bbae2519ed585a056d4ac923ab6bafa711b
tcn,mixed,202,bandpass_n20005_cRA_covariance_s20,phase2/results/predictions/full/mixed/tcn/seed_202/bandpass_n20005_cRA_covariance_s20.npz,76447,fd1f555e30467d88cfec5bc35bb6da3c90e7d77d4a450130d6e75f4fdc2da69e
tcn,mixed,202,bandpass_n20005_cRA_covariance_s15,phase2/results/predictions/full/mixed/tcn/seed_202/bandpass_n20005_cRA_covariance_s15.npz,76478,850e29db351770fa1d2d1d619b269a23795d52cf3129e8c5af7b6094ada2e29c
tcn,mixed,202,bandpass_n20005_cRA_covariance_s10,phase2/results/predictions/full/mixed/tcn/seed_202/bandpass_n20005_cRA_covariance_s10.npz,76457,e11cdedf5875f56a98cb89a53f436fcd81dcaa562f04b6dfc4ac88dd4c5a34cd
tcn,mixed,202,bandpass_n20005_cRA_covariance_s5,phase2/results/predictions/full/mixed/tcn/seed_202/bandpass_n20005_cRA_covariance_s5.npz,76325,16b52cf650f142207b7f833e5dcb29cfc62ea13542e421fd5ddc6708ed104815
tcn,mixed,202,bandpass_n20005_cRA_covariance_s0,phase2/results/predictions/full/mixed/tcn/seed_202/bandpass_n20005_cRA_covariance_s0.npz,76053,ba5993a2f0f8af9091d870a276d29b30f70ce478e03cd3d888d9e6a1898badb4
tcn,mixed,202,bandpass_n20005_cLA_independent_rms_s20,phase2/results/predictions/full/mixed/tcn/seed_202/bandpass_n20005_cLA_independent_rms_s20.npz,76512,ea216cbc1e0d5fa226d613df08252655f50f424332373a4015d8a9f8ff222424
tcn,mixed,202,bandpass_n20005_cLA_independent_rms_s15,phase2/results/predictions/full/mixed/tcn/seed_202/bandpass_n20005_cLA_independent_rms_s15.npz,76484,62fb7b6836dac92929ea6361c6477955adf1ea9650764b0292ab30473bcb9b62
tcn,mixed,202,bandpass_n20005_cLA_independent_rms_s10,phase2/results/predictions/full/mixed/tcn/seed_202/bandpass_n20005_cLA_independent_rms_s10.npz,76473,3fe5f01cf50610bc8f30f7eff0b330f863f34d38df43376a9864e68342fb7f2a
tcn,mixed,202,bandpass_n20005_cLA_independent_rms_s5,phase2/results/predictions/full/mixed/tcn/seed_202/bandpass_n20005_cLA_independent_rms_s5.npz,76441,f9df5219e5673e655948e0f5a886eedf594206c3e2c8d33abbeb0ac37e48afbc
tcn,mixed,202,bandpass_n20005_cLA_independent_rms_s0,phase2/results/predictions/full/mixed/tcn/seed_202/bandpass_n20005_cLA_independent_rms_s0.npz,76231,833e029e6600c4a426d8d815e2be88376f5971a0d372a66371cf0ba2f20af867
tcn,mixed,202,bandpass_n20005_cLA_electrode_s20,phase2/results/predictions/full/mixed/tcn/seed_202/bandpass_n20005_cLA_electrode_s20.npz,76474,ab2f47e21da4494bd17ee3069984f88520bd3efd8c71ab2a058a89d00bcce0c3
tcn,mixed,202,bandpass_n20005_cLA_electrode_s15,phase2/results/predictions/full/mixed/tcn/seed_202/bandpass_n20005_cLA_electrode_s15.npz,76504,9cde2380c4eb55a6428d88d1ef81037842fc4f253d72ab93e8d1eb0b1284f60d
tcn,mixed,202,bandpass_n20005_cLA_electrode_s10,phase2/results/predictions/full/mixed/tcn/seed_202/bandpass_n20005_cLA_electrode_s10.npz,76438,630fb16e29caa88ccdf8800f2cb34c9e23bea0bca5589672ca6d9ff083f939bd
tcn,mixed,202,bandpass_n20005_cLA_electrode_s5,phase2/results/predictions/full/mixed/tcn/seed_202/bandpass_n20005_cLA_electrode_s5.npz,76271,20ae0dc7837faf934ecc510fd793ddc9dfd692d743e660fecdf85e90ad3833b2
tcn,mixed,202,bandpass_n20005_cLA_electrode_s0,phase2/results/predictions/full/mixed/tcn/seed_202/bandpass_n20005_cLA_electrode_s0.npz,75919,c3e183bbbffae6f8fba8e93c57e403ad47ae1475e70f0646bf7c330bc2888a4a
tcn,mixed,202,bandpass_n20005_cLA_covariance_s20,phase2/results/predictions/full/mixed/tcn/seed_202/bandpass_n20005_cLA_covariance_s20.npz,76494,a16bc859faaa0a784ffe43095557417f87a032f2484c777b6b6b5819244fb48a
tcn,mixed,202,bandpass_n20005_cLA_covariance_s15,phase2/results/predictions/full/mixed/tcn/seed_202/bandpass_n20005_cLA_covariance_s15.npz,76483,4b6918d78b9828b01b9b07c0e0a4b599e3b12115ca844bb77f93b6c26cb2c09d
tcn,mixed,202,bandpass_n20005_cLA_covariance_s10,phase2/results/predictions/full/mixed/tcn/seed_202/bandpass_n20005_cLA_covariance_s10.npz,76445,52866fbc388bbba5ddafb246f5a420d0a1977a742951602cc81ce52afbe644f5
tcn,mixed,202,bandpass_n20005_cLA_covariance_s5,phase2/results/predictions/full/mixed/tcn/seed_202/bandpass_n20005_cLA_covariance_s5.npz,76265,c793657bad39f2eceecf8c9ad5391acb6e7aee425c4839b27aef6d0bb45d8b77
tcn,mixed,202,bandpass_n20005_cLA_covariance_s0,phase2/results/predictions/full/mixed/tcn/seed_202/bandpass_n20005_cLA_covariance_s0.npz,75882,d58accb6fe65a45361de9ef48d6627fa343142560d82aecc3e98ec10410fc052
tcn,mixed,202,bandpass_n20005_cLL_independent_rms_s20,phase2/results/predictions/full/mixed/tcn/seed_202/bandpass_n20005_cLL_independent_rms_s20.npz,76522,b0a0e2c835c5b7e9f7881e44385e18e2d8c7c81dc3471d558437ead3a3273930
tcn,mixed,202,bandpass_n20005_cLL_independent_rms_s15,phase2/results/predictions/full/mixed/tcn/seed_202/bandpass_n20005_cLL_independent_rms_s15.npz,76521,5287aef6c0012d568dc1472ce9d937e098f5bb9d9ce03dd5417d3ccefcc8df80
tcn,mixed,202,bandpass_n20005_cLL_independent_rms_s10,phase2/results/predictions/full/mixed/tcn/seed_202/bandpass_n20005_cLL_independent_rms_s10.npz,76477,ee782b2df5696668bcd6273f95fc22b04ad57ebf1aeafe311b0c897a467148a5
tcn,mixed,202,bandpass_n20005_cLL_independent_rms_s5,phase2/results/predictions/full/mixed/tcn/seed_202/bandpass_n20005_cLL_independent_rms_s5.npz,76367,8fc6af9719b909460e556148bb050d15666b49e3af96b9c725479f24a67eb369
tcn,mixed,202,bandpass_n20005_cLL_independent_rms_s0,phase2/results/predictions/full/mixed/tcn/seed_202/bandpass_n20005_cLL_independent_rms_s0.npz,76148,50b1be817acebc94bf644b5de8c8d4ad4eb574b048eacf357a86afa893d0fdc0
tcn,mixed,202,bandpass_n20005_cLL_electrode_s20,phase2/results/predictions/full/mixed/tcn/seed_202/bandpass_n20005_cLL_electrode_s20.npz,76511,46bb9e1a7a63d11d53dffb8789287c710b39a4c8e636d562537704cafbec74ee
tcn,mixed,202,bandpass_n20005_cLL_electrode_s15,phase2/results/predictions/full/mixed/tcn/seed_202/bandpass_n20005_cLL_electrode_s15.npz,76476,ba2264f88df1611a85b611ae7de35359907ebe8b0a3317c54e53150977a7a3e8
tcn,mixed,202,bandpass_n20005_cLL_electrode_s10,phase2/results/predictions/full/mixed/tcn/seed_202/bandpass_n20005_cLL_electrode_s10.npz,76464,4fdfa798663c306be4b135271c510ad3df134cd4a053c2a92abe9062f1ceb1f0
tcn,mixed,202,bandpass_n20005_cLL_electrode_s5,phase2/results/predictions/full/mixed/tcn/seed_202/bandpass_n20005_cLL_electrode_s5.npz,76217,ee564827f076e9488226ae0468c580a4db176e28db83188c3cc3db9680d3352a
tcn,mixed,202,bandpass_n20005_cLL_electrode_s0,phase2/results/predictions/full/mixed/tcn/seed_202/bandpass_n20005_cLL_electrode_s0.npz,75932,42da317e3aa5eb7317631dd6e5e6a48e4a31c608a62c6f76bbe1bc27eecc98ad
tcn,mixed,202,bandpass_n20005_cLL_covariance_s20,phase2/results/predictions/full/mixed/tcn/seed_202/bandpass_n20005_cLL_covariance_s20.npz,76497,d09207266895c2aae464612c7200ac80cf495650f02582a5c6e0adf084acf964
tcn,mixed,202,bandpass_n20005_cLL_covariance_s15,phase2/results/predictions/full/mixed/tcn/seed_202/bandpass_n20005_cLL_covariance_s15.npz,76466,b4e9e783a35e1896dafed5c8f2fd85eb1b74274427c47ca44124ecaaf322a611
tcn,mixed,202,bandpass_n20005_cLL_covariance_s10,phase2/results/predictions/full/mixed/tcn/seed_202/bandpass_n20005_cLL_covariance_s10.npz,76477,4c48493512e5ce3c19288a4c3e0752fa57ce4ec351000c4717252a397dd43648
tcn,mixed,202,bandpass_n20005_cLL_covariance_s5,phase2/results/predictions/full/mixed/tcn/seed_202/bandpass_n20005_cLL_covariance_s5.npz,76289,f660cadcb84d612b6eded445c115d1443568f86a9c6257eb720af1954b48fb3f
tcn,mixed,202,bandpass_n20005_cLL_covariance_s0,phase2/results/predictions/full/mixed/tcn/seed_202/bandpass_n20005_cLL_covariance_s0.npz,75920,089f831ff9c65a3d6f5583fb97c623b93cb5c2861339f3ec38f57bdbaee26f76
tcn,mixed,202,bandpass_n20005_cRA_V1_independent_rms_s20,phase2/results/predictions/full/mixed/tcn/seed_202/bandpass_n20005_cRA_V1_independent_rms_s20.npz,76504,f5610011ebc8f754990ea32f9b0485af994c6d544568b6fa9e8c45d1b6aa755c
tcn,mixed,202,bandpass_n20005_cRA_V1_independent_rms_s15,phase2/results/predictions/full/mixed/tcn/seed_202/bandpass_n20005_cRA_V1_independent_rms_s15.npz,76498,99b67a5bfe1aab335b50e5dce9de0bc89ba40e2292670e3a068d71333dadf370
tcn,mixed,202,bandpass_n20005_cRA_V1_independent_rms_s10,phase2/results/predictions/full/mixed/tcn/seed_202/bandpass_n20005_cRA_V1_independent_rms_s10.npz,76515,822758f177a26afb474b1d5ef77c9a129afaa8c64ba40770e7101e3de95cf06d
tcn,mixed,202,bandpass_n20005_cRA_V1_independent_rms_s5,phase2/results/predictions/full/mixed/tcn/seed_202/bandpass_n20005_cRA_V1_independent_rms_s5.npz,76389,de2d03b657317a83a0ae06119bb91978d93904b19a9759a3549f77994c733502
tcn,mixed,202,bandpass_n20005_cRA_V1_independent_rms_s0,phase2/results/predictions/full/mixed/tcn/seed_202/bandpass_n20005_cRA_V1_independent_rms_s0.npz,76184,b8dd1d876118f32aa7a8960f98a5ff3c8896f77ea2127c2e18dc9b2e978212e2
tcn,mixed,202,bandpass_n20005_cRA_V1_electrode_s20,phase2/results/predictions/full/mixed/tcn/seed_202/bandpass_n20005_cRA_V1_electrode_s20.npz,76534,22a1a01452331e6ffc6aeb81620785667ea6aefa0f740ff93128664b90889819
tcn,mixed,202,bandpass_n20005_cRA_V1_electrode_s15,phase2/results/predictions/full/mixed/tcn/seed_202/bandpass_n20005_cRA_V1_electrode_s15.npz,76485,9feeb8b0450267553deb4732704486e865ad490087fafb1199734c6652df2a56
tcn,mixed,202,bandpass_n20005_cRA_V1_electrode_s10,phase2/results/predictions/full/mixed/tcn/seed_202/bandpass_n20005_cRA_V1_electrode_s10.npz,76471,540740029e24d87276df63e469b644636836434067c3bbb150646446b47a2da0
tcn,mixed,202,bandpass_n20005_cRA_V1_electrode_s5,phase2/results/predictions/full/mixed/tcn/seed_202/bandpass_n20005_cRA_V1_electrode_s5.npz,76353,0b336d9e621013af753d9962f0af1b7c499d6423e588f7159e4fcd4488dd38bb
tcn,mixed,202,bandpass_n20005_cRA_V1_electrode_s0,phase2/results/predictions/full/mixed/tcn/seed_202/bandpass_n20005_cRA_V1_electrode_s0.npz,76104,58b35ee9f24d1c40d0ebedcc2a11f24fa5a9bd149f27d09114fb87c751bb6e58
tcn,mixed,202,bandpass_n20005_cRA_V1_covariance_s20,phase2/results/predictions/full/mixed/tcn/seed_202/bandpass_n20005_cRA_V1_covariance_s20.npz,76529,df7189cd6b806e1780f79b2daa9fcdae905c436928682fd7ea3a1a9319039317
tcn,mixed,202,bandpass_n20005_cRA_V1_covariance_s15,phase2/results/predictions/full/mixed/tcn/seed_202/bandpass_n20005_cRA_V1_covariance_s15.npz,76500,2aa3b4e6a8ece16e4996db6e02d1e8bb031f8babf64f97358cae02882bb9fa23
tcn,mixed,202,bandpass_n20005_cRA_V1_covariance_s10,phase2/results/predictions/full/mixed/tcn/seed_202/bandpass_n20005_cRA_V1_covariance_s10.npz,76491,ec6c15b56cf0595fcef5b74b0c81de02d62bacc6262156c2488ac51ec50bb49a
tcn,mixed,202,bandpass_n20005_cRA_V1_covariance_s5,phase2/results/predictions/full/mixed/tcn/seed_202/bandpass_n20005_cRA_V1_covariance_s5.npz,76351,9295cf89dcabc8f03bf786b359a21760c16f622dc776f4e02212fc5dd7e8ea10
tcn,mixed,202,bandpass_n20005_cRA_V1_covariance_s0,phase2/results/predictions/full/mixed/tcn/seed_202/bandpass_n20005_cRA_V1_covariance_s0.npz,76092,fffc7a512f06b074d7103a1ffcbaed4e54039cb495ed5cc416ec463f6cb98f4e
tcn,mixed,202,bandpass_n20005_cLA_V6_independent_rms_s20,phase2/results/predictions/full/mixed/tcn/seed_202/bandpass_n20005_cLA_V6_independent_rms_s20.npz,76533,fb704f4eeb0d694004b585aaa7bd73fe844eb7f2ed6525ac2d34e3a790ddf4c3
tcn,mixed,202,bandpass_n20005_cLA_V6_independent_rms_s15,phase2/results/predictions/full/mixed/tcn/seed_202/bandpass_n20005_cLA_V6_independent_rms_s15.npz,76514,b745bb7390824d8fad380d98a24af797451c2990bebe3c75cedd5087d1e35162
tcn,mixed,202,bandpass_n20005_cLA_V6_independent_rms_s10,phase2/results/predictions/full/mixed/tcn/seed_202/bandpass_n20005_cLA_V6_independent_rms_s10.npz,76512,f7d51a590eb12eec133d1493bf83af8c39c3ddcc89601085c8516ea075938273
tcn,mixed,202,bandpass_n20005_cLA_V6_independent_rms_s5,phase2/results/predictions/full/mixed/tcn/seed_202/bandpass_n20005_cLA_V6_independent_rms_s5.npz,76429,e5bf8717820c9228a95bdb1b1ac0ccbd2c62fef9c3efcfdd42ddbe46ea51be11
tcn,mixed,202,bandpass_n20005_cLA_V6_independent_rms_s0,phase2/results/predictions/full/mixed/tcn/seed_202/bandpass_n20005_cLA_V6_independent_rms_s0.npz,76250,fb326b3927f3d0932adb1c7cb6dffea1d30c39e547fb1f38d1a9adc48a9c2e68
tcn,mixed,202,bandpass_n20005_cLA_V6_electrode_s20,phase2/results/predictions/full/mixed/tcn/seed_202/bandpass_n20005_cLA_V6_electrode_s20.npz,76491,43d208bd6ab1533ff0e206b757ba2dbc5bb7cb86741b40314cb2394191c3878b
tcn,mixed,202,bandpass_n20005_cLA_V6_electrode_s15,phase2/results/predictions/full/mixed/tcn/seed_202/bandpass_n20005_cLA_V6_electrode_s15.npz,76506,0c718f9ee918b797848d88a7a6d0c32e5fdb037972c1b6d30d0198b4bdde53d6
tcn,mixed,202,bandpass_n20005_cLA_V6_electrode_s10,phase2/results/predictions/full/mixed/tcn/seed_202/bandpass_n20005_cLA_V6_electrode_s10.npz,76454,1f5933cb09aeb625abac5f6b20a8c98b301e76d4ccd7249350da073854086544
tcn,mixed,202,bandpass_n20005_cLA_V6_electrode_s5,phase2/results/predictions/full/mixed/tcn/seed_202/bandpass_n20005_cLA_V6_electrode_s5.npz,76342,75a9356ee4ae8ea6162b02718db04c90874279dd36fce14a8a7092350e542917
tcn,mixed,202,bandpass_n20005_cLA_V6_electrode_s0,phase2/results/predictions/full/mixed/tcn/seed_202/bandpass_n20005_cLA_V6_electrode_s0.npz,75960,5715f5164d66861d7d9396d3ba7a4f86beb1cf3577bf0b5a140a9306d47b0afa
tcn,mixed,202,bandpass_n20005_cLA_V6_covariance_s20,phase2/results/predictions/full/mixed/tcn/seed_202/bandpass_n20005_cLA_V6_covariance_s20.npz,76510,b5d08ab97faf210e3a40bf2cfbb6c5f0423992da297acbffbc69e2ffbe87c6e7
tcn,mixed,202,bandpass_n20005_cLA_V6_covariance_s15,phase2/results/predictions/full/mixed/tcn/seed_202/bandpass_n20005_cLA_V6_covariance_s15.npz,76476,22bde46dc6c1cff3e19cc4fe8bbac80263c74957332073447e41ae375576c10b
tcn,mixed,202,bandpass_n20005_cLA_V6_covariance_s10,phase2/results/predictions/full/mixed/tcn/seed_202/bandpass_n20005_cLA_V6_covariance_s10.npz,76462,c6493fa1122bd45f17323791f536c38e1d6c388b43786010a972bb9e11eaa5fc
tcn,mixed,202,bandpass_n20005_cLA_V6_covariance_s5,phase2/results/predictions/full/mixed/tcn/seed_202/bandpass_n20005_cLA_V6_covariance_s5.npz,76318,db3ee1750bd7e798a05a840ad17f1626218f58753ffa9240174c7ec7953f0907
tcn,mixed,202,bandpass_n20005_cLA_V6_covariance_s0,phase2/results/predictions/full/mixed/tcn/seed_202/bandpass_n20005_cLA_V6_covariance_s0.npz,75941,a6c1750678fefe7ee65a7fc142dff185e97234cbd5f06b07b0b8723a8fd23b18
tcn,mixed,202,bandpass_n20005_cLL_V4_independent_rms_s20,phase2/results/predictions/full/mixed/tcn/seed_202/bandpass_n20005_cLL_V4_independent_rms_s20.npz,76511,7fa37b41bfc66f52c22c3d176006c90f0553c43178afb17f1ba7da063bc473a8
tcn,mixed,202,bandpass_n20005_cLL_V4_independent_rms_s15,phase2/results/predictions/full/mixed/tcn/seed_202/bandpass_n20005_cLL_V4_independent_rms_s15.npz,76483,4eb0367e821185776fb598d2449229a447779cab67615b9705dc639cdc133aa8
tcn,mixed,202,bandpass_n20005_cLL_V4_independent_rms_s10,phase2/results/predictions/full/mixed/tcn/seed_202/bandpass_n20005_cLL_V4_independent_rms_s10.npz,76498,6100aa7aafa494593167a0e48b8d52cec7cec39fa9191e1174d2967da80ae9f2
tcn,mixed,202,bandpass_n20005_cLL_V4_independent_rms_s5,phase2/results/predictions/full/mixed/tcn/seed_202/bandpass_n20005_cLL_V4_independent_rms_s5.npz,76400,3f21f89f8db1d08a0c70b3065d66d350f7806870347e6b4f5f3296d53f419d0a
tcn,mixed,202,bandpass_n20005_cLL_V4_independent_rms_s0,phase2/results/predictions/full/mixed/tcn/seed_202/bandpass_n20005_cLL_V4_independent_rms_s0.npz,76145,1ec24ca844217de3f11ecfb7de92685f9914ca28415eb807f64b5a446058d59a
tcn,mixed,202,bandpass_n20005_cLL_V4_electrode_s20,phase2/results/predictions/full/mixed/tcn/seed_202/bandpass_n20005_cLL_V4_electrode_s20.npz,76493,16a9a436896d6c4ce7c114be21d22b9ffcede0821516a93bab993ea84ba1177e
tcn,mixed,202,bandpass_n20005_cLL_V4_electrode_s15,phase2/results/predictions/full/mixed/tcn/seed_202/bandpass_n20005_cLL_V4_electrode_s15.npz,76495,a7434e1a2526fc1bcc1a9eb12ca75886d879f63112f9944cb9a5084bda434ddc
tcn,mixed,202,bandpass_n20005_cLL_V4_electrode_s10,phase2/results/predictions/full/mixed/tcn/seed_202/bandpass_n20005_cLL_V4_electrode_s10.npz,76492,342b239c40f5741ede1c52a0c0c1d96114556c50ee5886b85342fd1138de110c
tcn,mixed,202,bandpass_n20005_cLL_V4_electrode_s5,phase2/results/predictions/full/mixed/tcn/seed_202/bandpass_n20005_cLL_V4_electrode_s5.npz,76302,3366794fd191e05f4ae6c68047926aef8d86e84b5852b8543123f45c10391822
tcn,mixed,202,bandpass_n20005_cLL_V4_electrode_s0,phase2/results/predictions/full/mixed/tcn/seed_202/bandpass_n20005_cLL_V4_electrode_s0.npz,75952,5e77470c255ed208163c0c879fe5a59674a6533d57c5a1b0872fef4cafbb8240
tcn,mixed,202,bandpass_n20005_cLL_V4_covariance_s20,phase2/results/predictions/full/mixed/tcn/seed_202/bandpass_n20005_cLL_V4_covariance_s20.npz,76500,0aeccaad69aa66dc98d58bd2e0737bf974776b6e6d0382ee180bcf9874e4d618
tcn,mixed,202,bandpass_n20005_cLL_V4_covariance_s15,phase2/results/predictions/full/mixed/tcn/seed_202/bandpass_n20005_cLL_V4_covariance_s15.npz,76505,e1dae91ac0f23943f9d1090197e028e6971ac72026dd2f7ae6c739112ab9119e
tcn,mixed,202,bandpass_n20005_cLL_V4_covariance_s10,phase2/results/predictions/full/mixed/tcn/seed_202/bandpass_n20005_cLL_V4_covariance_s10.npz,76486,71cbae52d4768614367f82cffb5ece541b13e61dc3cbd0e35f56e1520e3691d7
tcn,mixed,202,bandpass_n20005_cLL_V4_covariance_s5,phase2/results/predictions/full/mixed/tcn/seed_202/bandpass_n20005_cLL_V4_covariance_s5.npz,76291,5a5d240fb1396f8efea82875d46a8c5af8827597f6f7f8ebf56d0d1803fe2686
tcn,mixed,202,bandpass_n20005_cLL_V4_covariance_s0,phase2/results/predictions/full/mixed/tcn/seed_202/bandpass_n20005_cLL_V4_covariance_s0.npz,75930,3b7dcb3cd98f19000503cf424ceba23476ee3309e85622936fb7c3269442409b
tcn,mixed,202,bandpass_n20005_cRA_LA_V1_V6_independent_rms_s20,phase2/results/predictions/full/mixed/tcn/seed_202/bandpass_n20005_cRA_LA_V1_V6_independent_rms_s20.npz,76510,ccf768de6b48e76f9f0934208c390d77f466f41486607256181d6bbcbad585e2
tcn,mixed,202,bandpass_n20005_cRA_LA_V1_V6_independent_rms_s15,phase2/results/predictions/full/mixed/tcn/seed_202/bandpass_n20005_cRA_LA_V1_V6_independent_rms_s15.npz,76505,637a84d03979306e1b115217220ba8ea297c732b31ad49e43050cf4b94e90613
tcn,mixed,202,bandpass_n20005_cRA_LA_V1_V6_independent_rms_s10,phase2/results/predictions/full/mixed/tcn/seed_202/bandpass_n20005_cRA_LA_V1_V6_independent_rms_s10.npz,76516,126ed7e49cc28a51835b62f6a1e3ad39dd061ae108188774441264516d3a7636
tcn,mixed,202,bandpass_n20005_cRA_LA_V1_V6_independent_rms_s5,phase2/results/predictions/full/mixed/tcn/seed_202/bandpass_n20005_cRA_LA_V1_V6_independent_rms_s5.npz,76433,baf450bae03a5a00473b64c4e8969f9fb0fc0be9402be96e9d7f3701a55d2c93
tcn,mixed,202,bandpass_n20005_cRA_LA_V1_V6_independent_rms_s0,phase2/results/predictions/full/mixed/tcn/seed_202/bandpass_n20005_cRA_LA_V1_V6_independent_rms_s0.npz,76213,5f53d197bbe7d9a5ea0957261d3c4a49de116666fc46ceed1e80314d848a989b
tcn,mixed,202,bandpass_n20005_cRA_LA_V1_V6_electrode_s20,phase2/results/predictions/full/mixed/tcn/seed_202/bandpass_n20005_cRA_LA_V1_V6_electrode_s20.npz,76513,38c36a938ea488a6d421fa61ff58167389f6717f7519bf2997a8438c1ed5d3f3
tcn,mixed,202,bandpass_n20005_cRA_LA_V1_V6_electrode_s15,phase2/results/predictions/full/mixed/tcn/seed_202/bandpass_n20005_cRA_LA_V1_V6_electrode_s15.npz,76522,6961c4e733662e2b3659c5f3ae5de412810c2c1e62fba8d7975e8e086abf6465
tcn,mixed,202,bandpass_n20005_cRA_LA_V1_V6_electrode_s10,phase2/results/predictions/full/mixed/tcn/seed_202/bandpass_n20005_cRA_LA_V1_V6_electrode_s10.npz,76484,05410cb3de5609c51c0f54b8877c4256c9f52b2fa8b52b25974ae8da319be6ce
tcn,mixed,202,bandpass_n20005_cRA_LA_V1_V6_electrode_s5,phase2/results/predictions/full/mixed/tcn/seed_202/bandpass_n20005_cRA_LA_V1_V6_electrode_s5.npz,76337,7778e8d55d944f6c389c1ff6333b73cdf4fea30507c88a76284946178b9d9087
tcn,mixed,202,bandpass_n20005_cRA_LA_V1_V6_electrode_s0,phase2/results/predictions/full/mixed/tcn/seed_202/bandpass_n20005_cRA_LA_V1_V6_electrode_s0.npz,76034,ea5b780073f08ad9446ebbc8964a652550191b77e98b18a6e5744c6a4b1fb39d
tcn,mixed,202,bandpass_n20005_cRA_LA_V1_V6_covariance_s20,phase2/results/predictions/full/mixed/tcn/seed_202/bandpass_n20005_cRA_LA_V1_V6_covariance_s20.npz,76515,173959c8a2fec636556de6b820a7781d731a6f0bf245963110bd9316d5ca2685
tcn,mixed,202,bandpass_n20005_cRA_LA_V1_V6_covariance_s15,phase2/results/predictions/full/mixed/tcn/seed_202/bandpass_n20005_cRA_LA_V1_V6_covariance_s15.npz,76518,5bfe66476d70cdf585f1b7b96a4b215ab43cf99a6197b75195818ad4967c2433
tcn,mixed,202,bandpass_n20005_cRA_LA_V1_V6_covariance_s10,phase2/results/predictions/full/mixed/tcn/seed_202/bandpass_n20005_cRA_LA_V1_V6_covariance_s10.npz,76467,73ab0ea51c6f20ac905031702ec6a18fb4f25f7c22af8d44aff97ece678bcf5c
tcn,mixed,202,bandpass_n20005_cRA_LA_V1_V6_covariance_s5,phase2/results/predictions/full/mixed/tcn/seed_202/bandpass_n20005_cRA_LA_V1_V6_covariance_s5.npz,76340,73b3a8a849260bf88ef1aa3dbc79c0484814daa2d3695541cc49e4c0436546bb
tcn,mixed,202,bandpass_n20005_cRA_LA_V1_V6_covariance_s0,phase2/results/predictions/full/mixed/tcn/seed_202/bandpass_n20005_cRA_LA_V1_V6_covariance_s0.npz,76026,1b344d39048136b40c95c802c6d4c1adf113ced09ffc3e718ba411b7ebc29860
tcn,mixed,202,bandpass_n20005_cRA_V2_V5_independent_rms_s20,phase2/results/predictions/full/mixed/tcn/seed_202/bandpass_n20005_cRA_V2_V5_independent_rms_s20.npz,76511,85641fd9bc1d961900886fdcf030168349a8006c843cd0716e6ddd30581cf58f
tcn,mixed,202,bandpass_n20005_cRA_V2_V5_independent_rms_s15,phase2/results/predictions/full/mixed/tcn/seed_202/bandpass_n20005_cRA_V2_V5_independent_rms_s15.npz,76510,0dbb0263545108850832ecdda49142b5b6320178a69ebe489ca67ae043a74122
tcn,mixed,202,bandpass_n20005_cRA_V2_V5_independent_rms_s10,phase2/results/predictions/full/mixed/tcn/seed_202/bandpass_n20005_cRA_V2_V5_independent_rms_s10.npz,76536,def7a4f00774ebf14dc7b96afc57dd281650bbc7c21d2af7cff39129d9311120
tcn,mixed,202,bandpass_n20005_cRA_V2_V5_independent_rms_s5,phase2/results/predictions/full/mixed/tcn/seed_202/bandpass_n20005_cRA_V2_V5_independent_rms_s5.npz,76434,3f5cd4fd57ea35caba47a799ff4e6ac410498a442f7e28708b17733c19f84888
tcn,mixed,202,bandpass_n20005_cRA_V2_V5_independent_rms_s0,phase2/results/predictions/full/mixed/tcn/seed_202/bandpass_n20005_cRA_V2_V5_independent_rms_s0.npz,76216,70bcdc764c00f4c610f93651fffbf3dac522508dbf9b486ad53b1f080732b2c9
tcn,mixed,202,bandpass_n20005_cRA_V2_V5_electrode_s20,phase2/results/predictions/full/mixed/tcn/seed_202/bandpass_n20005_cRA_V2_V5_electrode_s20.npz,76499,89ea635147e6dcf3bf49ddce31a6ab66fb0f728d880da6592ac2b5aa4e8bb05e
tcn,mixed,202,bandpass_n20005_cRA_V2_V5_electrode_s15,phase2/results/predictions/full/mixed/tcn/seed_202/bandpass_n20005_cRA_V2_V5_electrode_s15.npz,76496,a58223d2f7ad268d4f44fb6826a7660e7b6fd2ebd1da302dad75e63b96705409
tcn,mixed,202,bandpass_n20005_cRA_V2_V5_electrode_s10,phase2/results/predictions/full/mixed/tcn/seed_202/bandpass_n20005_cRA_V2_V5_electrode_s10.npz,76511,0e0d61c9ba7c6850b5cd3747525d9bdfdbaa2c383f9b635c5c660d390a71bfd3
tcn,mixed,202,bandpass_n20005_cRA_V2_V5_electrode_s5,phase2/results/predictions/full/mixed/tcn/seed_202/bandpass_n20005_cRA_V2_V5_electrode_s5.npz,76379,69eb580ce17f6cb1b2823d5d7081816194b1b8e89375236a7ba5bb5259503b14
tcn,mixed,202,bandpass_n20005_cRA_V2_V5_electrode_s0,phase2/results/predictions/full/mixed/tcn/seed_202/bandpass_n20005_cRA_V2_V5_electrode_s0.npz,76128,9ce114acf6bb1309bfa3c4894526fd84fb985d0e4f71b04d3bad3bd75abfe944
tcn,mixed,202,bandpass_n20005_cRA_V2_V5_covariance_s20,phase2/results/predictions/full/mixed/tcn/seed_202/bandpass_n20005_cRA_V2_V5_covariance_s20.npz,76515,5d53efe7cf57b27ff3d52aa34fe11bc294fe7a4061b604047dd0777ebf9bf386
tcn,mixed,202,bandpass_n20005_cRA_V2_V5_covariance_s15,phase2/results/predictions/full/mixed/tcn/seed_202/bandpass_n20005_cRA_V2_V5_covariance_s15.npz,76498,f9b95ea6b05824a0f5b3d26ba106278a67b5246f53399cdb8663877898097897
tcn,mixed,202,bandpass_n20005_cRA_V2_V5_covariance_s10,phase2/results/predictions/full/mixed/tcn/seed_202/bandpass_n20005_cRA_V2_V5_covariance_s10.npz,76484,deee6586985788c12bab902c937925db267dc949dcaffc3d8fc8ae868ce7f4bb
tcn,mixed,202,bandpass_n20005_cRA_V2_V5_covariance_s5,phase2/results/predictions/full/mixed/tcn/seed_202/bandpass_n20005_cRA_V2_V5_covariance_s5.npz,76369,1fc4beeb2bd14b14fd3beb3045ea03c68a3b1686ff882be10ea65391bc91ef4e
tcn,mixed,202,bandpass_n20005_cRA_V2_V5_covariance_s0,phase2/results/predictions/full/mixed/tcn/seed_202/bandpass_n20005_cRA_V2_V5_covariance_s0.npz,76114,3e649d41531d02bbcdf8d225000911d0e714c38f89e180349546a04869369be6
tcn,mixed,202,bandpass_n20005_cLA_V3_V6_independent_rms_s20,phase2/results/predictions/full/mixed/tcn/seed_202/bandpass_n20005_cLA_V3_V6_independent_rms_s20.npz,76510,2975fc6428dd14a86d27902c214ec1289fb6a660dda2925e89a50a9099cb5323
tcn,mixed,202,bandpass_n20005_cLA_V3_V6_independent_rms_s15,phase2/results/predictions/full/mixed/tcn/seed_202/bandpass_n20005_cLA_V3_V6_independent_rms_s15.npz,76488,1a48ecf8fa0abef23d76117861afbc285c6ba742374365884a10b43d858aa3bc
tcn,mixed,202,bandpass_n20005_cLA_V3_V6_independent_rms_s10,phase2/results/predictions/full/mixed/tcn/seed_202/bandpass_n20005_cLA_V3_V6_independent_rms_s10.npz,76515,40b894a5b478ccb4da799b78f83234e5102bd083ff1edec4c5063ad7779728ab
tcn,mixed,202,bandpass_n20005_cLA_V3_V6_independent_rms_s5,phase2/results/predictions/full/mixed/tcn/seed_202/bandpass_n20005_cLA_V3_V6_independent_rms_s5.npz,76446,e948496d0f1c7631fda4d9433084cdaa851cbd3ad30ea1b9f48bfe5e9f419ad7
tcn,mixed,202,bandpass_n20005_cLA_V3_V6_independent_rms_s0,phase2/results/predictions/full/mixed/tcn/seed_202/bandpass_n20005_cLA_V3_V6_independent_rms_s0.npz,76266,c4bb9b7849ee9d5b0dd5934e430ea07302fdc84861a88341a3e6f254fa124f58
tcn,mixed,202,bandpass_n20005_cLA_V3_V6_electrode_s20,phase2/results/predictions/full/mixed/tcn/seed_202/bandpass_n20005_cLA_V3_V6_electrode_s20.npz,76520,747f3a3b1d02b64adf18411cdbe36c8a3193aba7f1bdf289e625a0ecab8e312a
tcn,mixed,202,bandpass_n20005_cLA_V3_V6_electrode_s15,phase2/results/predictions/full/mixed/tcn/seed_202/bandpass_n20005_cLA_V3_V6_electrode_s15.npz,76477,857822bb62831e899d2ccb6aa0da12dfc6dc88e5d8b41b4a0742583f3eba3e4d
tcn,mixed,202,bandpass_n20005_cLA_V3_V6_electrode_s10,phase2/results/predictions/full/mixed/tcn/seed_202/bandpass_n20005_cLA_V3_V6_electrode_s10.npz,76467,5f952cdb1e14794a8e9fbe39848c6b59fccf872aefe8f8474b172d1698347445
tcn,mixed,202,bandpass_n20005_cLA_V3_V6_electrode_s5,phase2/results/predictions/full/mixed/tcn/seed_202/bandpass_n20005_cLA_V3_V6_electrode_s5.npz,76316,2e81ab48f8db9d8404eafbc2c4f7f29dbf0a6fc624ea7606fd69a0b59dede99c
tcn,mixed,202,bandpass_n20005_cLA_V3_V6_electrode_s0,phase2/results/predictions/full/mixed/tcn/seed_202/bandpass_n20005_cLA_V3_V6_electrode_s0.npz,75992,d408c37726de8ee7aa5c324c29bb31b4cbc0f2f97c93447a87b14e1b482b37e3
tcn,mixed,202,bandpass_n20005_cLA_V3_V6_covariance_s20,phase2/results/predictions/full/mixed/tcn/seed_202/bandpass_n20005_cLA_V3_V6_covariance_s20.npz,76515,556de56e9ed0e9feed5e0b684a66b3e8633acb5132aa11349d51f2b38a795034
tcn,mixed,202,bandpass_n20005_cLA_V3_V6_covariance_s15,phase2/results/predictions/full/mixed/tcn/seed_202/bandpass_n20005_cLA_V3_V6_covariance_s15.npz,76489,7749c749da4400c31c2cb541bb7a63a6d89c58fc17afe72ea56522c72173ea3f
tcn,mixed,202,bandpass_n20005_cLA_V3_V6_covariance_s10,phase2/results/predictions/full/mixed/tcn/seed_202/bandpass_n20005_cLA_V3_V6_covariance_s10.npz,76446,17e44188dd6a4ec1cb72e4ae23bfc1a604644eab027847c0b791bc1e82ad4209
tcn,mixed,202,bandpass_n20005_cLA_V3_V6_covariance_s5,phase2/results/predictions/full/mixed/tcn/seed_202/bandpass_n20005_cLA_V3_V6_covariance_s5.npz,76361,7e1005e8166bed8066c46429fb67d617aa3674dfe2c5f5e5ba2013435782b951
tcn,mixed,202,bandpass_n20005_cLA_V3_V6_covariance_s0,phase2/results/predictions/full/mixed/tcn/seed_202/bandpass_n20005_cLA_V3_V6_covariance_s0.npz,76006,08feae731ebef7ec1dc61a5a8dccb4057d8777ef53fbbe93f8d8dbfb835eede7
tcn,mixed,202,bandpass_n20005_cLL_V1_V4_independent_rms_s20,phase2/results/predictions/full/mixed/tcn/seed_202/bandpass_n20005_cLL_V1_V4_independent_rms_s20.npz,76527,11637ced5cd1ff62d3092d454cc932215021f14c61c14ed97bc540ebcf3cb28d
tcn,mixed,202,bandpass_n20005_cLL_V1_V4_independent_rms_s15,phase2/results/predictions/full/mixed/tcn/seed_202/bandpass_n20005_cLL_V1_V4_independent_rms_s15.npz,76500,260d7f814914657d213a4c17027992ff6050166bbc324bdc992123ce5beb6c27
tcn,mixed,202,bandpass_n20005_cLL_V1_V4_independent_rms_s10,phase2/results/predictions/full/mixed/tcn/seed_202/bandpass_n20005_cLL_V1_V4_independent_rms_s10.npz,76496,3e045307800eed390fe5697402b6b91509455a3331d6b3be4b77a8b6b7ba9afe
tcn,mixed,202,bandpass_n20005_cLL_V1_V4_independent_rms_s5,phase2/results/predictions/full/mixed/tcn/seed_202/bandpass_n20005_cLL_V1_V4_independent_rms_s5.npz,76400,289cbe4ac59911a17dce14555a49da6c8678120a43350d5b3f639be18075ca5f
tcn,mixed,202,bandpass_n20005_cLL_V1_V4_independent_rms_s0,phase2/results/predictions/full/mixed/tcn/seed_202/bandpass_n20005_cLL_V1_V4_independent_rms_s0.npz,76153,964c7c14a3e41129c628dc00360272a06f032ef0e2607552c8456d8bf239329c
tcn,mixed,202,bandpass_n20005_cLL_V1_V4_electrode_s20,phase2/results/predictions/full/mixed/tcn/seed_202/bandpass_n20005_cLL_V1_V4_electrode_s20.npz,76484,6d9fc1312332be4c3ccf562a08d8ce8aa15987c6111d78cb7d01f66991b68132
tcn,mixed,202,bandpass_n20005_cLL_V1_V4_electrode_s15,phase2/results/predictions/full/mixed/tcn/seed_202/bandpass_n20005_cLL_V1_V4_electrode_s15.npz,76494,0b53d2d7aa6a65483fb71091906f207a5265bf04f35f2c37ab7a5e9aa751342a
tcn,mixed,202,bandpass_n20005_cLL_V1_V4_electrode_s10,phase2/results/predictions/full/mixed/tcn/seed_202/bandpass_n20005_cLL_V1_V4_electrode_s10.npz,76478,c31655f120bcd347a7dc24e96b4a556e2f3e080d8ef52bee9bd510f53e74bfdb
tcn,mixed,202,bandpass_n20005_cLL_V1_V4_electrode_s5,phase2/results/predictions/full/mixed/tcn/seed_202/bandpass_n20005_cLL_V1_V4_electrode_s5.npz,76323,ac33d4ecc75854885e159de96b45cd5bd70473df9c274cdda20e3741c3610842
tcn,mixed,202,bandpass_n20005_cLL_V1_V4_electrode_s0,phase2/results/predictions/full/mixed/tcn/seed_202/bandpass_n20005_cLL_V1_V4_electrode_s0.npz,75975,8b223732095dcf6907c456c021af42ef2f6e2d842c0d1e119cb57e1e3b35409e
tcn,mixed,202,bandpass_n20005_cLL_V1_V4_covariance_s20,phase2/results/predictions/full/mixed/tcn/seed_202/bandpass_n20005_cLL_V1_V4_covariance_s20.npz,76502,5f83fb33ff50aeac0dc8a0ca58eecc5b518326dcf0fcdb28c9795dd992f95316
tcn,mixed,202,bandpass_n20005_cLL_V1_V4_covariance_s15,phase2/results/predictions/full/mixed/tcn/seed_202/bandpass_n20005_cLL_V1_V4_covariance_s15.npz,76523,60ad8b2b9fb7b5e0fdc4c5fa589d1271ec995431001a4bf79fbc796179cd5020
tcn,mixed,202,bandpass_n20005_cLL_V1_V4_covariance_s10,phase2/results/predictions/full/mixed/tcn/seed_202/bandpass_n20005_cLL_V1_V4_covariance_s10.npz,76521,2c3953432960dc1cfbc7397ffd1dc164e72be2263c291a3c850d24432ad8bed4
tcn,mixed,202,bandpass_n20005_cLL_V1_V4_covariance_s5,phase2/results/predictions/full/mixed/tcn/seed_202/bandpass_n20005_cLL_V1_V4_covariance_s5.npz,76312,5c6a0a982c5a1479a15e3f422d57567f5b7ac15f09d1f5a6bfa622e5ff717d65
tcn,mixed,202,bandpass_n20005_cLL_V1_V4_covariance_s0,phase2/results/predictions/full/mixed/tcn/seed_202/bandpass_n20005_cLL_V1_V4_covariance_s0.npz,75972,82672d07a8c44dda19b755edafa4a2d9b307c170c6bfd8870d0ed2c6d7f82eda
tcn,mixed,202,bandpass_n20005_call_independent_rms_s20,phase2/results/predictions/full/mixed/tcn/seed_202/bandpass_n20005_call_independent_rms_s20.npz,76456,9bb0996aa8c9d3af45da92fd18917afad50a805701bf66f14a6fb3d300cf13c9
tcn,mixed,202,bandpass_n20005_call_independent_rms_s15,phase2/results/predictions/full/mixed/tcn/seed_202/bandpass_n20005_call_independent_rms_s15.npz,76487,fb2d46ea5b08d9f8915cad6dffdbaeb9f25292f78f9bbfbea16e65930eb8f21c
tcn,mixed,202,bandpass_n20005_call_independent_rms_s10,phase2/results/predictions/full/mixed/tcn/seed_202/bandpass_n20005_call_independent_rms_s10.npz,76487,a4c2a05d783989bf42d905f2d8ca20591ff1478251c7652bcf10e940b54df254
tcn,mixed,202,bandpass_n20005_call_independent_rms_s5,phase2/results/predictions/full/mixed/tcn/seed_202/bandpass_n20005_call_independent_rms_s5.npz,76390,fb8bfba10b9f5d27afde7ccc642a66b0fe6e900b3966e4622d1ff5f519c90249
tcn,mixed,202,bandpass_n20005_call_independent_rms_s0,phase2/results/predictions/full/mixed/tcn/seed_202/bandpass_n20005_call_independent_rms_s0.npz,76189,7ed4021c40cf6f570843e07d9449fa4d742950fdbb22b439711375c9780a7523
tcn,mixed,202,bandpass_n20005_call_electrode_s20,phase2/results/predictions/full/mixed/tcn/seed_202/bandpass_n20005_call_electrode_s20.npz,76480,de57992105c950e0c5355e8471d0aa25726c71436bd079ef8bfba0d64b516229
tcn,mixed,202,bandpass_n20005_call_electrode_s15,phase2/results/predictions/full/mixed/tcn/seed_202/bandpass_n20005_call_electrode_s15.npz,76470,5a1812468b8dff390ebff92a051a0d1befadfad06409c14b487af0c5a3dae885
tcn,mixed,202,bandpass_n20005_call_electrode_s10,phase2/results/predictions/full/mixed/tcn/seed_202/bandpass_n20005_call_electrode_s10.npz,76452,7e67e7f47b8dd9d8bb5b2ea619000d1284947f55c3810f8409b37b9d662904c9
tcn,mixed,202,bandpass_n20005_call_electrode_s5,phase2/results/predictions/full/mixed/tcn/seed_202/bandpass_n20005_call_electrode_s5.npz,76315,f0f3f9b61e558845a2d5e47dfb7df8693eb90ccfb87ae5027fd097ac747ab455
tcn,mixed,202,bandpass_n20005_call_electrode_s0,phase2/results/predictions/full/mixed/tcn/seed_202/bandpass_n20005_call_electrode_s0.npz,75978,4dc87c12cd90f81dfb790bb064715e15f6be34f2bd5f051b8448ee30fa199863
tcn,mixed,202,bandpass_n20005_call_covariance_s20,phase2/results/predictions/full/mixed/tcn/seed_202/bandpass_n20005_call_covariance_s20.npz,76475,0352278b9adb26c042a989e8b77d7736e5945bbceeb166311b676310eaca1f63
tcn,mixed,202,bandpass_n20005_call_covariance_s15,phase2/results/predictions/full/mixed/tcn/seed_202/bandpass_n20005_call_covariance_s15.npz,76467,980783464b0a217b3be9b68c996743f6af0bdf9f5569af7a0bbcc0025d488476
tcn,mixed,202,bandpass_n20005_call_covariance_s10,phase2/results/predictions/full/mixed/tcn/seed_202/bandpass_n20005_call_covariance_s10.npz,76436,ecc810acfaeb2fe608c7d6138fae0b48e9494ede09f8c0cb460b9db3ff9850ec
tcn,mixed,202,bandpass_n20005_call_covariance_s5,phase2/results/predictions/full/mixed/tcn/seed_202/bandpass_n20005_call_covariance_s5.npz,76316,40b4d98436a9534b13065e1b1f1f67d475686253b4f07f4b8fcf937e70b8bb4b
tcn,mixed,202,bandpass_n20005_call_covariance_s0,phase2/results/predictions/full/mixed/tcn/seed_202/bandpass_n20005_call_covariance_s0.npz,75964,4702f69c320aaff4003d16311d8413e74f7afd2cc4c53511da577650564504d1
tcn,mixed,202,bw_n20001_call_independent_rms_s20,phase2/results/predictions/full/mixed/tcn/seed_202/bw_n20001_call_independent_rms_s20.npz,76452,629ac2c5159bff8e8c0e2ca9fb39926c5a780a420902a32d4441a7b049b8d07e
tcn,mixed,202,bw_n20001_call_independent_rms_s10,phase2/results/predictions/full/mixed/tcn/seed_202/bw_n20001_call_independent_rms_s10.npz,76498,1ea6be193b93e07987b3c0ec5b132b43a3193c5096ddd6b1a1e81c566cf67c9f
tcn,mixed,202,bw_n20001_call_independent_rms_s0,phase2/results/predictions/full/mixed/tcn/seed_202/bw_n20001_call_independent_rms_s0.npz,76339,a9fd505811c633cfbadb0c7b5a0f0fef8bfab0783701a22057d29ec3105f99b3
tcn,mixed,202,bw_n20001_call_electrode_s20,phase2/results/predictions/full/mixed/tcn/seed_202/bw_n20001_call_electrode_s20.npz,76480,da8ef3a1879a39988ac3db29638a5a83c2c1f1e8a7493bae71f0d0e1060ae2df
tcn,mixed,202,bw_n20001_call_electrode_s10,phase2/results/predictions/full/mixed/tcn/seed_202/bw_n20001_call_electrode_s10.npz,76440,f997bb62e9479f0ee89230b2d3548a1972cf8926f0b007bbb14a357b36ad71ad
tcn,mixed,202,bw_n20001_call_electrode_s0,phase2/results/predictions/full/mixed/tcn/seed_202/bw_n20001_call_electrode_s0.npz,76269,2aa4b5303de9aac29a46c96c22d8eb8c2a60b2b5c33faa1282c0d42e1eeacb6b
tcn,mixed,202,bw_n20001_call_covariance_s20,phase2/results/predictions/full/mixed/tcn/seed_202/bw_n20001_call_covariance_s20.npz,76462,591c2ac50b5366d12d3ee5795047686208c5702c7e9374e23a9183a329953447
tcn,mixed,202,bw_n20001_call_covariance_s10,phase2/results/predictions/full/mixed/tcn/seed_202/bw_n20001_call_covariance_s10.npz,76445,1051fdbe26e2260e9988d736ecf0148aa54dce9b748185b73ebe5c4cbfcb5979
tcn,mixed,202,bw_n20001_call_covariance_s0,phase2/results/predictions/full/mixed/tcn/seed_202/bw_n20001_call_covariance_s0.npz,76295,ae5d88b3b8aa00ce741400316c00bb8cf43b5b95faae749dd96a543915b4adce
tcn,mixed,202,bw_n20002_call_independent_rms_s20,phase2/results/predictions/full/mixed/tcn/seed_202/bw_n20002_call_independent_rms_s20.npz,76483,ed3b9302af14c15ee3f210f7960fb6402781ae3110333fe83bf88d0e653495ec
tcn,mixed,202,bw_n20002_call_independent_rms_s10,phase2/results/predictions/full/mixed/tcn/seed_202/bw_n20002_call_independent_rms_s10.npz,76460,fcf1a263444603bf382320581edc92115e85fed034cf19e1965474d42056da61
tcn,mixed,202,bw_n20002_call_independent_rms_s0,phase2/results/predictions/full/mixed/tcn/seed_202/bw_n20002_call_independent_rms_s0.npz,76310,083c3e338b47fc5d449a7ad818ea56926f460157eb56e8dc9e81e2197888fc55
tcn,mixed,202,bw_n20002_call_electrode_s20,phase2/results/predictions/full/mixed/tcn/seed_202/bw_n20002_call_electrode_s20.npz,76471,ea10aeaf1be34ed57dc12b490eb0bf11657a5cb70e83b498ed5f1685baef6b18
tcn,mixed,202,bw_n20002_call_electrode_s10,phase2/results/predictions/full/mixed/tcn/seed_202/bw_n20002_call_electrode_s10.npz,76445,035eaba0e0e0344ec83e15bcf10f6b79ab8792a10b87a0c658b195f15f423d5b
tcn,mixed,202,bw_n20002_call_electrode_s0,phase2/results/predictions/full/mixed/tcn/seed_202/bw_n20002_call_electrode_s0.npz,76273,f5d09aac1bc66d9bd8fc1628ad15c3320c39545e1d6bd7ea70cb4400ddae4a5c
tcn,mixed,202,bw_n20002_call_covariance_s20,phase2/results/predictions/full/mixed/tcn/seed_202/bw_n20002_call_covariance_s20.npz,76470,794f4decfcfeb084aa042ac95ca0e60a29008d5ed2b656e73173ba49927f0fa2
tcn,mixed,202,bw_n20002_call_covariance_s10,phase2/results/predictions/full/mixed/tcn/seed_202/bw_n20002_call_covariance_s10.npz,76441,a3379f1bac2a33dd926450bd2732cee36a5ed89a28495e63b67ed431d5ccc942
tcn,mixed,202,bw_n20002_call_covariance_s0,phase2/results/predictions/full/mixed/tcn/seed_202/bw_n20002_call_covariance_s0.npz,76252,49dac51964c1833eaa97b6413d4dc23a57fc2c7c1d43a02a57f00ddab8bdc8e0
tcn,mixed,202,bw_n20003_call_independent_rms_s20,phase2/results/predictions/full/mixed/tcn/seed_202/bw_n20003_call_independent_rms_s20.npz,76464,2dd8c8ab879be5096c5384eb73efae0841a11210f35a9f1bc5730ac08a4fa4ba
tcn,mixed,202,bw_n20003_call_independent_rms_s10,phase2/results/predictions/full/mixed/tcn/seed_202/bw_n20003_call_independent_rms_s10.npz,76460,2f77bdd7da284952b227929f287b0b71b7dce5e8861b1b3eab4606dce8f1fbd5
tcn,mixed,202,bw_n20003_call_independent_rms_s0,phase2/results/predictions/full/mixed/tcn/seed_202/bw_n20003_call_independent_rms_s0.npz,76330,8ac31043347534e2ce626f9dbeba830f01bb947c0c33fd17a053f83a1092da29
tcn,mixed,202,bw_n20003_call_electrode_s20,phase2/results/predictions/full/mixed/tcn/seed_202/bw_n20003_call_electrode_s20.npz,76448,f0a01eed9db2448fbc4082f5767a2bbbcbd14a5915a3e52efc30adbf1319bcc7
tcn,mixed,202,bw_n20003_call_electrode_s10,phase2/results/predictions/full/mixed/tcn/seed_202/bw_n20003_call_electrode_s10.npz,76462,2e3a29512a5bc58978a7797510734963c5a35bffd913af4111d3c2812f1b3b15
tcn,mixed,202,bw_n20003_call_electrode_s0,phase2/results/predictions/full/mixed/tcn/seed_202/bw_n20003_call_electrode_s0.npz,76256,791d422e5ffd4103146795adc00bb2d2254480974a1a594830a0fa2d4d69911c
tcn,mixed,202,bw_n20003_call_covariance_s20,phase2/results/predictions/full/mixed/tcn/seed_202/bw_n20003_call_covariance_s20.npz,76457,5859df422fffdc1b96530761450073eef9a66c59245ca13aa99c9efb9427b57e
tcn,mixed,202,bw_n20003_call_covariance_s10,phase2/results/predictions/full/mixed/tcn/seed_202/bw_n20003_call_covariance_s10.npz,76475,ca2ef189493660a8b87780cf583dd89fdcc4c6d5e10f34e0084c1f9251e7485f
tcn,mixed,202,bw_n20003_call_covariance_s0,phase2/results/predictions/full/mixed/tcn/seed_202/bw_n20003_call_covariance_s0.npz,76262,be31e552764fd0df23b2446a03848f9a5e0ad2c57c007576e26d84e683b9eae3
tcn,mixed,202,bw_n20004_call_independent_rms_s20,phase2/results/predictions/full/mixed/tcn/seed_202/bw_n20004_call_independent_rms_s20.npz,76524,3271a0afed975b7238be638c02a49a2c9343d5a0010b61cfd772ce6aae0b64c9
tcn,mixed,202,bw_n20004_call_independent_rms_s10,phase2/results/predictions/full/mixed/tcn/seed_202/bw_n20004_call_independent_rms_s10.npz,76431,2f18131e4e066bc9cb544fae44f57f9babc0806dda5bdccaec33148e18189543
tcn,mixed,202,bw_n20004_call_independent_rms_s0,phase2/results/predictions/full/mixed/tcn/seed_202/bw_n20004_call_independent_rms_s0.npz,76324,9688788604562345b180f0c60e69a6dc3d34584d967955749322e549bba6ebf8
tcn,mixed,202,bw_n20004_call_electrode_s20,phase2/results/predictions/full/mixed/tcn/seed_202/bw_n20004_call_electrode_s20.npz,76447,675ba96bfa7f81220d0213b0a3fad780b40edd1db8427ec7ee30418a7f0d2b3f
tcn,mixed,202,bw_n20004_call_electrode_s10,phase2/results/predictions/full/mixed/tcn/seed_202/bw_n20004_call_electrode_s10.npz,76421,083954bc75695b75a1d7864e759cf0dd556eb55a6e2dfd44296c243455dfbf84
tcn,mixed,202,bw_n20004_call_electrode_s0,phase2/results/predictions/full/mixed/tcn/seed_202/bw_n20004_call_electrode_s0.npz,76304,9016296ff7b242e23ec3c0a5d3a9520eea4c2c873afdf3ebb8f2419ccd5d979b
tcn,mixed,202,bw_n20004_call_covariance_s20,phase2/results/predictions/full/mixed/tcn/seed_202/bw_n20004_call_covariance_s20.npz,76459,f4b63860c2d4336f94ce5e4bc45c1b975ae4d94a179537c45fcd6c2d179d7a61
tcn,mixed,202,bw_n20004_call_covariance_s10,phase2/results/predictions/full/mixed/tcn/seed_202/bw_n20004_call_covariance_s10.npz,76446,06b5addc657583af654f3d1149ccb5ad83ba0d1ef118dc25defbc8463a3702d5
tcn,mixed,202,bw_n20004_call_covariance_s0,phase2/results/predictions/full/mixed/tcn/seed_202/bw_n20004_call_covariance_s0.npz,76305,b290d7f58deb26c6da543f3bbf883637e9468a9141107290e82a5ae07ee4ad9b
tcn,mixed,202,bw_n20005_call_independent_rms_s20,phase2/results/predictions/full/mixed/tcn/seed_202/bw_n20005_call_independent_rms_s20.npz,76480,dc480e4e79ed08d69f670b6fc305208f6f1420daa566c47f17221942c62a4609
tcn,mixed,202,bw_n20005_call_independent_rms_s10,phase2/results/predictions/full/mixed/tcn/seed_202/bw_n20005_call_independent_rms_s10.npz,76476,5cc9f900811db3567a88f0500ebe4bbf3822e93f954fab8c7be42d12f1b018aa
tcn,mixed,202,bw_n20005_call_independent_rms_s0,phase2/results/predictions/full/mixed/tcn/seed_202/bw_n20005_call_independent_rms_s0.npz,76279,96297d3c50f404d1adafb5d01fd948e5844ab71ea3a21729957ea192d618b429
tcn,mixed,202,bw_n20005_call_electrode_s20,phase2/results/predictions/full/mixed/tcn/seed_202/bw_n20005_call_electrode_s20.npz,76448,9b2cdc7856ed05081accf0b738b52ab5df92bf18d65729a01b2489865758682a
tcn,mixed,202,bw_n20005_call_electrode_s10,phase2/results/predictions/full/mixed/tcn/seed_202/bw_n20005_call_electrode_s10.npz,76427,3bdf55ba40c38c50ba4d020bc88083339a9d9cadfea6359d60d4262d3ebd5b69
tcn,mixed,202,bw_n20005_call_electrode_s0,phase2/results/predictions/full/mixed/tcn/seed_202/bw_n20005_call_electrode_s0.npz,76311,8d095a05e4352ad0043cf1ca63ad64e40acf20b4f2c076f3e6872c10f608bddb
tcn,mixed,202,bw_n20005_call_covariance_s20,phase2/results/predictions/full/mixed/tcn/seed_202/bw_n20005_call_covariance_s20.npz,76464,ed7ec9a17b272f5dc69d6910e745ace276f54e6bd7ec9bfbadb3e9874096c31f
tcn,mixed,202,bw_n20005_call_covariance_s10,phase2/results/predictions/full/mixed/tcn/seed_202/bw_n20005_call_covariance_s10.npz,76428,2c96f0800b9f5e33f24fd119a88291c24756db30a1f2e098142075561c1babf8
tcn,mixed,202,bw_n20005_call_covariance_s0,phase2/results/predictions/full/mixed/tcn/seed_202/bw_n20005_call_covariance_s0.npz,76302,c14a24551c9a0dbb730e77c3f960a07013d0141bc294b6585872bd343ddae105
tcn,mixed,202,ma_n20001_call_independent_rms_s20,phase2/results/predictions/full/mixed/tcn/seed_202/ma_n20001_call_independent_rms_s20.npz,76457,bcf71f31e3a157630bef6d3a24240071e9a151f45e972f37f1c82bfcfb486656
tcn,mixed,202,ma_n20001_call_independent_rms_s10,phase2/results/predictions/full/mixed/tcn/seed_202/ma_n20001_call_independent_rms_s10.npz,76457,05f8b05a87870be9e8a6f92d9e49630a14fad6c25c3d6cd617b8a160a537f62a
tcn,mixed,202,ma_n20001_call_independent_rms_s0,phase2/results/predictions/full/mixed/tcn/seed_202/ma_n20001_call_independent_rms_s0.npz,76266,4f113f016d75cd603ecc224f23554755347d3deb60932e750b5da88823ac4256
tcn,mixed,202,ma_n20001_call_electrode_s20,phase2/results/predictions/full/mixed/tcn/seed_202/ma_n20001_call_electrode_s20.npz,76454,b2f58bcd55706e8a6c2e916aa34fc71856516e4774e3266aafe8fbdbb6468610
tcn,mixed,202,ma_n20001_call_electrode_s10,phase2/results/predictions/full/mixed/tcn/seed_202/ma_n20001_call_electrode_s10.npz,76442,7a7aa06cd85c7e83930792ddefa90625638507704c7c17e664baebe61d6d29df
tcn,mixed,202,ma_n20001_call_electrode_s0,phase2/results/predictions/full/mixed/tcn/seed_202/ma_n20001_call_electrode_s0.npz,76248,eccfd8752639c3eed7534665ed69ceb532f90c8f59ec5dd04bea7b94d0ea1c10
tcn,mixed,202,ma_n20001_call_covariance_s20,phase2/results/predictions/full/mixed/tcn/seed_202/ma_n20001_call_covariance_s20.npz,76460,56f4a32cc46e7bbec23e27edc9660dc19b62f1d24e93829b1b53db424dbf678f
tcn,mixed,202,ma_n20001_call_covariance_s10,phase2/results/predictions/full/mixed/tcn/seed_202/ma_n20001_call_covariance_s10.npz,76433,df574f4511a837662a9aa174ffaeb434290ac9c7f37f6bc7c84e54cccc343cc6
tcn,mixed,202,ma_n20001_call_covariance_s0,phase2/results/predictions/full/mixed/tcn/seed_202/ma_n20001_call_covariance_s0.npz,76220,0b9cd452238fe3de357082cafa59e53020ea65840c7d2aacb293e762c7b0e4f0
tcn,mixed,202,ma_n20002_call_independent_rms_s20,phase2/results/predictions/full/mixed/tcn/seed_202/ma_n20002_call_independent_rms_s20.npz,76486,0760056b4568013317f27d44d951a7c142f62f8f16201c6f8e061942914d7bc9
tcn,mixed,202,ma_n20002_call_independent_rms_s10,phase2/results/predictions/full/mixed/tcn/seed_202/ma_n20002_call_independent_rms_s10.npz,76455,773f846185326ef69f437e2af9257f2e27481225063be8cb3c3ea597760f40b6
tcn,mixed,202,ma_n20002_call_independent_rms_s0,phase2/results/predictions/full/mixed/tcn/seed_202/ma_n20002_call_independent_rms_s0.npz,76296,a347d4f18d1643064e732fe2a0c7f69b96b99152ea98eebaae5c7ccbfd0ffdc0
tcn,mixed,202,ma_n20002_call_electrode_s20,phase2/results/predictions/full/mixed/tcn/seed_202/ma_n20002_call_electrode_s20.npz,76443,fd38a4a222e6e21385994e79512cfa547142f06b3057f93fae62e63af4ee7ea7
tcn,mixed,202,ma_n20002_call_electrode_s10,phase2/results/predictions/full/mixed/tcn/seed_202/ma_n20002_call_electrode_s10.npz,76418,c7798a4281112c2dd06c1012cbacdc12ceaa8ff00dbddba589c808fd7c719b54
tcn,mixed,202,ma_n20002_call_electrode_s0,phase2/results/predictions/full/mixed/tcn/seed_202/ma_n20002_call_electrode_s0.npz,76254,b93fe590c12a95c9777793e5a62a246c69626fb0d5bec797eef54ef1770b0604
tcn,mixed,202,ma_n20002_call_covariance_s20,phase2/results/predictions/full/mixed/tcn/seed_202/ma_n20002_call_covariance_s20.npz,76470,035ace2849a62931d3a052a7df839aa01acb09129e2597dc8d757a6cff9fcdd7
tcn,mixed,202,ma_n20002_call_covariance_s10,phase2/results/predictions/full/mixed/tcn/seed_202/ma_n20002_call_covariance_s10.npz,76457,fdc875b495e7c3cae676bce7cd0e2543b0b1a31b50715c73eb1dc8d88099378f
tcn,mixed,202,ma_n20002_call_covariance_s0,phase2/results/predictions/full/mixed/tcn/seed_202/ma_n20002_call_covariance_s0.npz,76227,e93e6bae41465f3fcacbe3733d45ad36e07e138c9eeadc6d7bd8451bf6ecd496
tcn,mixed,202,ma_n20003_call_independent_rms_s20,phase2/results/predictions/full/mixed/tcn/seed_202/ma_n20003_call_independent_rms_s20.npz,76458,f74b705709c347a4b53c5d477f688fbd0cf00120ac8854bdf997706a5267d8ae
tcn,mixed,202,ma_n20003_call_independent_rms_s10,phase2/results/predictions/full/mixed/tcn/seed_202/ma_n20003_call_independent_rms_s10.npz,76452,c09c278518e6d90abe42075ce04af950a08e553156c91d155f109b3bf4fe98c7
tcn,mixed,202,ma_n20003_call_independent_rms_s0,phase2/results/predictions/full/mixed/tcn/seed_202/ma_n20003_call_independent_rms_s0.npz,76286,e371c72cfdf87b78af336d94f63c93b47e0b407c1c7422bde06e7bae8423b7ec
tcn,mixed,202,ma_n20003_call_electrode_s20,phase2/results/predictions/full/mixed/tcn/seed_202/ma_n20003_call_electrode_s20.npz,76453,948a1a798a1ec5e72420c63916401b5d302754fb6375458bf4da5d3440d2f9fb
tcn,mixed,202,ma_n20003_call_electrode_s10,phase2/results/predictions/full/mixed/tcn/seed_202/ma_n20003_call_electrode_s10.npz,76434,606c36e31eae355ab79b31193844d3e403a1ce3e14cb3108fb9c4a6ace22dd62
tcn,mixed,202,ma_n20003_call_electrode_s0,phase2/results/predictions/full/mixed/tcn/seed_202/ma_n20003_call_electrode_s0.npz,76222,8caa2590cf910fba7b8512600be82be77d491673b3ba4f1b0577d5d6705c6949
tcn,mixed,202,ma_n20003_call_covariance_s20,phase2/results/predictions/full/mixed/tcn/seed_202/ma_n20003_call_covariance_s20.npz,76451,a7e67641a3be08397bfcba3f3d0070267c3b2e826afdaf89b603f1dc32eab3b7
tcn,mixed,202,ma_n20003_call_covariance_s10,phase2/results/predictions/full/mixed/tcn/seed_202/ma_n20003_call_covariance_s10.npz,76465,1cbd89b6e1bbb376234e2f96f7569ff4957dfc6ab995981e71c0754b9c9c2fb9
tcn,mixed,202,ma_n20003_call_covariance_s0,phase2/results/predictions/full/mixed/tcn/seed_202/ma_n20003_call_covariance_s0.npz,76271,b3001062817ba818a88868f38445271bc436f5aba2fe61ebc5fd38e890bf2a5e
tcn,mixed,202,ma_n20004_call_independent_rms_s20,phase2/results/predictions/full/mixed/tcn/seed_202/ma_n20004_call_independent_rms_s20.npz,76477,4cc399d33e471745f3e593f31c10effcea0fe59a1c724fa1f04292f6f5f518a9
tcn,mixed,202,ma_n20004_call_independent_rms_s10,phase2/results/predictions/full/mixed/tcn/seed_202/ma_n20004_call_independent_rms_s10.npz,76471,631556f0f305856b274fc1f366eda0a1d327b3ea51253e7a2d5a09f8f0923dae
tcn,mixed,202,ma_n20004_call_independent_rms_s0,phase2/results/predictions/full/mixed/tcn/seed_202/ma_n20004_call_independent_rms_s0.npz,76274,00c58c71c767ef01fec11d41de7c7ef31351b93405322af946619077eb0a59ce
tcn,mixed,202,ma_n20004_call_electrode_s20,phase2/results/predictions/full/mixed/tcn/seed_202/ma_n20004_call_electrode_s20.npz,76481,44184ff4be9b4fd9bc45defccd1524fa29c16bf85d4edf90420f2fb42d42bbfe
tcn,mixed,202,ma_n20004_call_electrode_s10,phase2/results/predictions/full/mixed/tcn/seed_202/ma_n20004_call_electrode_s10.npz,76451,7fb7b78e35a1f2bde9f5b07a7bae564429bbc22ed085a49a25a96271b697a0e3
tcn,mixed,202,ma_n20004_call_electrode_s0,phase2/results/predictions/full/mixed/tcn/seed_202/ma_n20004_call_electrode_s0.npz,76228,acd62171f473628b910762b19713dd3831fec5e99914143a4ab6d4e6dc628fc7
tcn,mixed,202,ma_n20004_call_covariance_s20,phase2/results/predictions/full/mixed/tcn/seed_202/ma_n20004_call_covariance_s20.npz,76460,b5af1e3251cbaa1261d1419b6a1f9220a07df4f3622ea7ff5f5a0d9d9e63538e
tcn,mixed,202,ma_n20004_call_covariance_s10,phase2/results/predictions/full/mixed/tcn/seed_202/ma_n20004_call_covariance_s10.npz,76426,b56a0249784ec62d4ee1893e1b63b5055e6d5fe341ed83bb5de7f85b1b3be1c5
tcn,mixed,202,ma_n20004_call_covariance_s0,phase2/results/predictions/full/mixed/tcn/seed_202/ma_n20004_call_covariance_s0.npz,76253,757e9ddaf0abbbec71720e7774674064399a97b2836c19f4a141a2cf9acda202
tcn,mixed,202,ma_n20005_call_independent_rms_s20,phase2/results/predictions/full/mixed/tcn/seed_202/ma_n20005_call_independent_rms_s20.npz,76496,411bff14e133cf8134f51796fa0fb2f9a521161ebda857c48b67a85e7aa129c1
tcn,mixed,202,ma_n20005_call_independent_rms_s10,phase2/results/predictions/full/mixed/tcn/seed_202/ma_n20005_call_independent_rms_s10.npz,76440,27cd60d655f62e29737a8e7403f53b658263e710c58eb6c322b089bb59173bc5
tcn,mixed,202,ma_n20005_call_independent_rms_s0,phase2/results/predictions/full/mixed/tcn/seed_202/ma_n20005_call_independent_rms_s0.npz,76267,3b4176d920a33cfd6b9eccaeaec973087de92e1495da2a0693e45b2782528add
tcn,mixed,202,ma_n20005_call_electrode_s20,phase2/results/predictions/full/mixed/tcn/seed_202/ma_n20005_call_electrode_s20.npz,76467,715965cc461f1609624bcfa22f5cfb21513b25885888aadca32a0d01988391c8
tcn,mixed,202,ma_n20005_call_electrode_s10,phase2/results/predictions/full/mixed/tcn/seed_202/ma_n20005_call_electrode_s10.npz,76437,d95542390fb97254e56f77840be698322dbed717336e68e618ed1d77fd80b07a
tcn,mixed,202,ma_n20005_call_electrode_s0,phase2/results/predictions/full/mixed/tcn/seed_202/ma_n20005_call_electrode_s0.npz,76270,6d8eac332ff475f77ae1813f5ac9f8d8f971fa122132957d6e4e73e524b826fc
tcn,mixed,202,ma_n20005_call_covariance_s20,phase2/results/predictions/full/mixed/tcn/seed_202/ma_n20005_call_covariance_s20.npz,76446,6cd69b45b0cbe0f335b07a5e12b546cf0b0b069e4b8a76acd912df02c7903f34
tcn,mixed,202,ma_n20005_call_covariance_s10,phase2/results/predictions/full/mixed/tcn/seed_202/ma_n20005_call_covariance_s10.npz,76457,7466669bd3b31743a11971b37460cd51008cd27f7e50989e7a24bc3edc98adc6
tcn,mixed,202,ma_n20005_call_covariance_s0,phase2/results/predictions/full/mixed/tcn/seed_202/ma_n20005_call_covariance_s0.npz,76228,662c281b6fea7bdd112941be2331655243a8c6ef364104de4a260b97f769dc2c
tcn,mixed,202,em_n20001_call_independent_rms_s20,phase2/results/predictions/full/mixed/tcn/seed_202/em_n20001_call_independent_rms_s20.npz,76445,3d14f8087eadfb57c314f0b62e3a57fb2f368faa07fa2410d04318462fc70103
tcn,mixed,202,em_n20001_call_independent_rms_s10,phase2/results/predictions/full/mixed/tcn/seed_202/em_n20001_call_independent_rms_s10.npz,76452,7dcd23085a18c11f7b14f45ff8be96c1d0048e7c4995b1d3d510ac93eb900683
tcn,mixed,202,em_n20001_call_independent_rms_s0,phase2/results/predictions/full/mixed/tcn/seed_202/em_n20001_call_independent_rms_s0.npz,76207,db50314ec28a3c1d24e2cc7895c9fc2a0be1d8552c634964221add4be90d003c
tcn,mixed,202,em_n20001_call_electrode_s20,phase2/results/predictions/full/mixed/tcn/seed_202/em_n20001_call_electrode_s20.npz,76428,6a4d34e022d86043abe0e2cac50eda00191af50a693589a9404e43d78de12762
tcn,mixed,202,em_n20001_call_electrode_s10,phase2/results/predictions/full/mixed/tcn/seed_202/em_n20001_call_electrode_s10.npz,76470,749d98263b0843281ebe7586da11f92820783151e032a1442254e87593237d65
tcn,mixed,202,em_n20001_call_electrode_s0,phase2/results/predictions/full/mixed/tcn/seed_202/em_n20001_call_electrode_s0.npz,76037,fb62290eccf8a954fde9161351ec3aaf1d72d8d70eb7e6f62d8d0b41734d1fec
tcn,mixed,202,em_n20001_call_covariance_s20,phase2/results/predictions/full/mixed/tcn/seed_202/em_n20001_call_covariance_s20.npz,76474,4fb324ae686d93e44f36b8720057304f4d508822a10bbaa6fdb631ed14ec9c92
tcn,mixed,202,em_n20001_call_covariance_s10,phase2/results/predictions/full/mixed/tcn/seed_202/em_n20001_call_covariance_s10.npz,76409,cbf5c4df621f1b39bf6394c870432285cbe98aec8d1f542483f5534fc421cc68
tcn,mixed,202,em_n20001_call_covariance_s0,phase2/results/predictions/full/mixed/tcn/seed_202/em_n20001_call_covariance_s0.npz,76081,fe500ab9eef2f5ab4d804d485d6f0bb52a6bccfd3fb4631834c72c4322a4d397
tcn,mixed,202,em_n20002_call_independent_rms_s20,phase2/results/predictions/full/mixed/tcn/seed_202/em_n20002_call_independent_rms_s20.npz,76453,305589b8db55fb8fcea446b68bf911e839c256bbc11815d42c10b3307bca4df6
tcn,mixed,202,em_n20002_call_independent_rms_s10,phase2/results/predictions/full/mixed/tcn/seed_202/em_n20002_call_independent_rms_s10.npz,76422,b989bd306702ea7892f3c8ede80186ba46fd6d7faa1cca131d95f17ce7fb8f21
tcn,mixed,202,em_n20002_call_independent_rms_s0,phase2/results/predictions/full/mixed/tcn/seed_202/em_n20002_call_independent_rms_s0.npz,76257,430ad675de33296b63bd56b0d6975ed1756558b40fc961c6af5a71a695433462
tcn,mixed,202,em_n20002_call_electrode_s20,phase2/results/predictions/full/mixed/tcn/seed_202/em_n20002_call_electrode_s20.npz,76455,1f15d30044a2dbd9117c1e585fb432244878a55c1219c4414cea1fec6a468915
tcn,mixed,202,em_n20002_call_electrode_s10,phase2/results/predictions/full/mixed/tcn/seed_202/em_n20002_call_electrode_s10.npz,76451,4b042323543333674594333573976fa20fa473e695cee83668be8f2b78773852
tcn,mixed,202,em_n20002_call_electrode_s0,phase2/results/predictions/full/mixed/tcn/seed_202/em_n20002_call_electrode_s0.npz,76032,3bd5a36ade7873b5184db02ef26b46a1fc2da4ee2b3930764a603ae6cea4279d
tcn,mixed,202,em_n20002_call_covariance_s20,phase2/results/predictions/full/mixed/tcn/seed_202/em_n20002_call_covariance_s20.npz,76486,edb3a49ade4690dda0e7e8940ad2d9b30786dc80397f7535868d07dd40aa8e47
tcn,mixed,202,em_n20002_call_covariance_s10,phase2/results/predictions/full/mixed/tcn/seed_202/em_n20002_call_covariance_s10.npz,76447,61401ebcf6ee940e70dc2913dd977cb80699fe91b2362232f92d56c16fcdcbe5
tcn,mixed,202,em_n20002_call_covariance_s0,phase2/results/predictions/full/mixed/tcn/seed_202/em_n20002_call_covariance_s0.npz,76061,12edcfe1a846b74bd923a2547d52b072db06b65a1b577f0240160abe333c02df
tcn,mixed,202,em_n20003_call_independent_rms_s20,phase2/results/predictions/full/mixed/tcn/seed_202/em_n20003_call_independent_rms_s20.npz,76492,fdc3464dc5101c25be196df8196bc83ad1d072b4f5c54611c0a706219d405c37
tcn,mixed,202,em_n20003_call_independent_rms_s10,phase2/results/predictions/full/mixed/tcn/seed_202/em_n20003_call_independent_rms_s10.npz,76445,8afb3a7f61bdca919a794362a5616c339fa5f3cd0685cecd99cfa429566d33d3
tcn,mixed,202,em_n20003_call_independent_rms_s0,phase2/results/predictions/full/mixed/tcn/seed_202/em_n20003_call_independent_rms_s0.npz,76189,bf4598b0d0767f20602c76c4aee0aa5a945065fb19e24bb1af0f3c57f558f1ae
tcn,mixed,202,em_n20003_call_electrode_s20,phase2/results/predictions/full/mixed/tcn/seed_202/em_n20003_call_electrode_s20.npz,76459,8aa6631d0413c0e463c4b06b7ea6e135ff0b8994c1b94735d948bba5a83166dd
tcn,mixed,202,em_n20003_call_electrode_s10,phase2/results/predictions/full/mixed/tcn/seed_202/em_n20003_call_electrode_s10.npz,76444,e5531c83b2f7a95a75d37cdfab7ca60175be421af00bcb860ae6d07a7594fbe6
tcn,mixed,202,em_n20003_call_electrode_s0,phase2/results/predictions/full/mixed/tcn/seed_202/em_n20003_call_electrode_s0.npz,76045,bf4309bfc1579965f6db35865207258c70f520cb4a2236ceec78b4b1a9c9739f
tcn,mixed,202,em_n20003_call_covariance_s20,phase2/results/predictions/full/mixed/tcn/seed_202/em_n20003_call_covariance_s20.npz,76460,2c26e42649e792be5d2e67672632fbb400e7da22173ae64c58d4e5d53dc53f23
tcn,mixed,202,em_n20003_call_covariance_s10,phase2/results/predictions/full/mixed/tcn/seed_202/em_n20003_call_covariance_s10.npz,76454,722401cbf102859ca954b12950ad3735f5823d049556ad430d545087a289aff5
tcn,mixed,202,em_n20003_call_covariance_s0,phase2/results/predictions/full/mixed/tcn/seed_202/em_n20003_call_covariance_s0.npz,76079,054b83aaff22403b73eb96fec10016bf9df006314599650f3dca0adace854f0d
tcn,mixed,202,em_n20004_call_independent_rms_s20,phase2/results/predictions/full/mixed/tcn/seed_202/em_n20004_call_independent_rms_s20.npz,76538,5000029474486b33cab77c1a6b6672074091989a2f3bffea776b9f711161aaef
tcn,mixed,202,em_n20004_call_independent_rms_s10,phase2/results/predictions/full/mixed/tcn/seed_202/em_n20004_call_independent_rms_s10.npz,76445,b0e37c50925a654350ad29e29f0acbe1b36e17e88e675d114e7fd265d2202066
tcn,mixed,202,em_n20004_call_independent_rms_s0,phase2/results/predictions/full/mixed/tcn/seed_202/em_n20004_call_independent_rms_s0.npz,76195,6ca51ead7d8f2f490074543ae1ffb0f710599e9e07350751a1c727fe8c0d06d0
tcn,mixed,202,em_n20004_call_electrode_s20,phase2/results/predictions/full/mixed/tcn/seed_202/em_n20004_call_electrode_s20.npz,76469,b5e599c5ab9500ff725c8ff2259bd1b172e343932d4a96772505c4f607061e9e
tcn,mixed,202,em_n20004_call_electrode_s10,phase2/results/predictions/full/mixed/tcn/seed_202/em_n20004_call_electrode_s10.npz,76466,e2820e659f65da1a2016cbb78a7b02defa1e5dcb15794a612df4265569dc848e
tcn,mixed,202,em_n20004_call_electrode_s0,phase2/results/predictions/full/mixed/tcn/seed_202/em_n20004_call_electrode_s0.npz,76066,5c1f1d4111438c6847bf8d718d9c08e186597c315202117099894ae16e7dda08
tcn,mixed,202,em_n20004_call_covariance_s20,phase2/results/predictions/full/mixed/tcn/seed_202/em_n20004_call_covariance_s20.npz,76422,045340e1ce8cad109207f1bfd61b40ab1c143f346dcb3fa4d7434355e5ef3050
tcn,mixed,202,em_n20004_call_covariance_s10,phase2/results/predictions/full/mixed/tcn/seed_202/em_n20004_call_covariance_s10.npz,76450,66d4f9bd1dcfaf64b352c39a79a92e8f7a81cfe42087f01ac9e0f3c12e85e92b
tcn,mixed,202,em_n20004_call_covariance_s0,phase2/results/predictions/full/mixed/tcn/seed_202/em_n20004_call_covariance_s0.npz,76051,8aa397f5c9c6038e75f9cd1b881c74ed7c60e87cd4d62b903ecf01bdcc7d4ad5
tcn,mixed,202,em_n20005_call_independent_rms_s20,phase2/results/predictions/full/mixed/tcn/seed_202/em_n20005_call_independent_rms_s20.npz,76459,728c37f28b0a15391380d4353f826f5abf9241eaa39791f8c716789581a88213
tcn,mixed,202,em_n20005_call_independent_rms_s10,phase2/results/predictions/full/mixed/tcn/seed_202/em_n20005_call_independent_rms_s10.npz,76464,020a9ce9a8a8e93318d87ecd8f5ca88b77e36cb18523cd62bc3057992be64a0e
tcn,mixed,202,em_n20005_call_independent_rms_s0,phase2/results/predictions/full/mixed/tcn/seed_202/em_n20005_call_independent_rms_s0.npz,76179,b53e3312c15158cffd971415b113f300bf6598bcf4ea453a91d7a785cdee1f13
tcn,mixed,202,em_n20005_call_electrode_s20,phase2/results/predictions/full/mixed/tcn/seed_202/em_n20005_call_electrode_s20.npz,76475,95789e68d58bc6078182c5f5426d752b7f2fadb01f580739d408ff66bfdafc00
tcn,mixed,202,em_n20005_call_electrode_s10,phase2/results/predictions/full/mixed/tcn/seed_202/em_n20005_call_electrode_s10.npz,76405,b965b1d63d0979ba06e7b9afb7a6fe3658ad7decc0222b77d8bc115742f7928f
tcn,mixed,202,em_n20005_call_electrode_s0,phase2/results/predictions/full/mixed/tcn/seed_202/em_n20005_call_electrode_s0.npz,76037,ef8ceb5213b66c29e6d8df0ceb84f82be8fa658c53552abc26a6e4650fb657ba
tcn,mixed,202,em_n20005_call_covariance_s20,phase2/results/predictions/full/mixed/tcn/seed_202/em_n20005_call_covariance_s20.npz,76469,c7acabd72cdd60ec661ced3c3593f9387a0227afe314c10cd345405dc8a8d64b
tcn,mixed,202,em_n20005_call_covariance_s10,phase2/results/predictions/full/mixed/tcn/seed_202/em_n20005_call_covariance_s10.npz,76427,ec89a3b6f2ca47c16c345ca1bb53921a89fbc5112e8597fbcee1c59cde7aba3f
tcn,mixed,202,em_n20005_call_covariance_s0,phase2/results/predictions/full/mixed/tcn/seed_202/em_n20005_call_covariance_s0.npz,76068,5a781430e80e219bfaa3ecf35bd84e4462acae23b7a31598864ca9aa2c15f846
